mechanism_tag,alpha,family,seed,update,update_u,update_counter,energy_E_pre,energy_E_post,energy_E_raw,funding_z,funding_g,funding_g_raw,funding_cut_active,funding_income,funding_alpha_eff,support_s,debt_charge,debt_level_pre,debt_level_post,episode_return_end_mean,terminal_min_dists_end_mean,terminal_dbar_end,terminal_occupied_end_mean,terminal_CSR_train,vartd_VarTD,depr_F,depr_F_post
hardzero_only__c0p58__z1p00__lam0p000__nu0p50__psi0p00,0.15,borrow,38,0,1.0,1,1.0,0.42000002,0.42000002,1.0820855,0.0,0.082777925,0.0,0.0,0.15,0.0,0.0,0.0,0.0,-27.605452,2.3806355,0.7935452,0.11,0.0,0.15982054,0.0,0.0
hardzero_only__c0p58__z1p00__lam0p000__nu0p50__psi0p00,0.15,borrow,38,1,1.0,2,0.42000002,-0.15999997,-0.15999997,1.0275104,0.0,0.09386196,0.0,0.0,0.15,0.0,0.0,0.0,0.15999997,-27.512161,2.260568,0.75352263,0.17600001,0.0,0.16420598,0.0,0.0
hardzero_only__c0p58__z1p00__lam0p000__nu0p50__psi0p00,0.15,borrow,38,2,0.0,2,-0.15999997,-0.1447385,-0.1447385,0.99249506,0.1017431,0.1017431,1.0,0.015261466,0.15,0.0,0.0,0.15999997,0.1447385,-26.5857,2.1835327,0.72784424,0.18400002,0.0,0.1445596,0.0,0.0
hardzero_only__c0p58__z1p00__lam0p000__nu0p50__psi0p00,0.15,borrow,38,3,0.0,2,-0.1447385,-0.1447385,-0.1447385,1.0007175,0.0,0.09983491,0.0,0.0,0.15,0.0,0.0,0.1447385,0.1447385,-26.678282,2.2016225,0.7338742,0.18400002,0.0,0.16082716,0.0,0.0
hardzero_only__c0p58__z1p00__lam0p000__nu0p50__psi0p00,0.15,borrow,38,4,0.0,2,-0.1447385,-0.1447385,-0.1447385,1.063551,0.0,0.08638712,0.0,0.0,0.15,0.0,0.0,0.1447385,0.1447385,-27.095211,2.3398588,0.77995294,0.120000005,0.0,0.1572162,0.0,0.0
hardzero_only__c0p58__z1p00__lam0p000__nu0p50__psi0p00,0.15,borrow,38,5,0.0,2,-0.1447385,-0.1447385,-0.1447385,1.0934236,0.0,0.08064481,0.0,0.0,0.15,0.0,0.0,0.1447385,0.1447385,-28.37654,2.40558,0.80186003,0.104,0.0,0.17999929,0.0,0.0
hardzero_only__c0p58__z1p00__lam0p000__nu0p50__psi0p00,0.15,borrow,38,6,0.0,2,-0.1447385,-0.1447385,-0.1447385,1.0455524,0.0,0.09004252,0.0,0.0,0.15,0.0,0.0,0.1447385,0.1447385,-27.314959,2.300261,0.7667537,0.120000005,0.0,0.15058407,0.0,0.0
hardzero_only__c0p58__z1p00__lam0p000__nu0p50__psi0p00,0.15,borrow,38,7,0.0,2,-0.1447385,-0.1447385,-0.1447385,1.0758283,0.0,0.0839792,0.0,0.0,0.15,0.0,0.0,0.1447385,0.1447385,-27.36005,2.3668694,0.7889565,0.112,0.0,0.13637327,0.0,0.0
hardzero_only__c0p58__z1p00__lam0p000__nu0p50__psi0p00,0.15,borrow,38,8,0.0,2,-0.1447385,-0.12942505,-0.12942505,0.9910183,0.10208964,0.10208964,1.0,0.015313447,0.15,0.0,0.0,0.1447385,0.12942505,-26.876574,2.1802838,0.7267613,0.216,0.0,0.14876264,0.0,0.0
hardzero_only__c0p58__z1p00__lam0p000__nu0p50__psi0p00,0.15,borrow,38,9,0.0,2,-0.12942505,-0.12942505,-0.12942505,1.0052804,0.0,0.098791495,0.0,0.0,0.15,0.0,0.0,0.12942505,0.12942505,-26.771809,2.2116609,0.7372203,0.16000001,0.0,0.14985868,0.0,0.0
hardzero_only__c0p58__z1p00__lam0p000__nu0p50__psi0p00,0.15,borrow,38,10,0.0,2,-0.12942505,-0.12942505,-0.12942505,1.0417712,0.0,0.0908299,0.0,0.0,0.15,0.0,0.0,0.12942505,0.12942505,-27.419718,2.2919424,0.7639808,0.216,0.0,0.16959982,0.0,0.0
hardzero_only__c0p58__z1p00__lam0p000__nu0p50__psi0p00,0.15,borrow,38,11,0.0,2,-0.12942505,-0.12942505,-0.12942505,1.0183287,0.0,0.09586747,0.0,0.0,0.15,0.0,0.0,0.12942505,0.12942505,-27.587343,2.240368,0.74678934,0.112,0.0,0.1486707,0.0,0.0
hardzero_only__c0p58__z1p00__lam0p000__nu0p50__psi0p00,0.15,borrow,38,12,0.0,2,-0.12942505,-0.11418631,-0.11418631,0.99314225,0.10159158,0.10159158,1.0,0.015238738,0.15,0.0,0.0,0.12942505,0.11418631,-27.454447,2.1849566,0.72831887,0.128,0.0,0.16797188,0.0,0.0
hardzero_only__c0p58__z1p00__lam0p000__nu0p50__psi0p00,0.15,borrow,38,13,0.0,2,-0.11418631,-0.11418631,-0.11418631,1.0840682,0.0,0.082400866,0.0,0.0,0.15,0.0,0.0,0.11418631,0.11418631,-28.42724,2.3849976,0.79499924,0.17999999,0.0,0.22518876,0.0,0.0
hardzero_only__c0p58__z1p00__lam0p000__nu0p50__psi0p00,0.15,borrow,38,14,0.0,2,-0.11418631,-0.09900458,-0.09900458,0.99477005,0.10121153,0.10121153,1.0,0.0151817305,0.15,0.0,0.0,0.11418631,0.09900458,-26.112644,2.1885378,0.72951263,0.16800001,0.0,0.15973862,0.0,0.0
hardzero_only__c0p58__z1p00__lam0p000__nu0p50__psi0p00,0.15,borrow,38,15,0.0,2,-0.09900458,-0.09900458,-0.09900458,1.0235814,0.0,0.09471496,0.0,0.0,0.15,0.0,0.0,0.09900458,0.09900458,-27.301126,2.251924,0.75064135,0.16800001,0.0,0.15935005,0.0,0.0
hardzero_only__c0p58__z1p00__lam0p000__nu0p50__psi0p00,0.15,borrow,38,16,0.0,2,-0.09900458,-0.09900458,-0.09900458,1.0744288,0.0,0.08425026,0.0,0.0,0.15,0.0,0.0,0.09900458,0.09900458,-27.76294,2.3637905,0.7879302,0.136,0.0,0.17451818,0.0,0.0
hardzero_only__c0p58__z1p00__lam0p000__nu0p50__psi0p00,0.15,borrow,38,17,0.0,2,-0.09900458,-0.09900458,-0.09900458,1.0563678,0.0,0.08782785,0.0,0.0,0.15,0.0,0.0,0.09900458,0.09900458,-27.980438,2.3240554,0.77468514,0.120000005,0.0,0.1700219,0.0,0.0
hardzero_only__c0p58__z1p00__lam0p000__nu0p50__psi0p00,0.15,borrow,38,18,0.0,2,-0.09900458,-0.09900458,-0.09900458,1.0668796,0.0,0.08572754,0.0,0.0,0.15,0.0,0.0,0.09900458,0.09900458,-27.689707,2.347182,0.78239405,0.096,0.0,0.18221807,0.0,0.0
hardzero_only__c0p58__z1p00__lam0p000__nu0p50__psi0p00,0.15,borrow,38,19,0.0,2,-0.09900458,-0.08364094,-0.08364094,0.989597,0.10242429,0.10242429,1.0,0.015363644,0.15,0.0,0.0,0.09900458,0.08364094,-27.490795,2.177157,0.725719,0.2,0.0,0.18012752,0.0,0.0
hardzero_only__c0p58__z1p00__lam0p000__nu0p50__psi0p00,0.15,borrow,38,20,0.0,2,-0.08364094,-0.08364094,-0.08364094,1.0282854,0.0,0.093694605,0.0,0.0,0.15,0.0,0.0,0.08364094,0.08364094,-27.129457,2.262273,0.754091,0.16000001,0.0,0.1712163,0.0,0.0
hardzero_only__c0p58__z1p00__lam0p000__nu0p50__psi0p00,0.15,borrow,38,21,0.0,2,-0.08364094,-0.08364094,-0.08364094,1.0293908,0.0,0.093456425,0.0,0.0,0.15,0.0,0.0,0.08364094,0.08364094,-27.451431,2.264705,0.75490165,0.16800001,0.0,0.19279735,0.0,0.0
hardzero_only__c0p58__z1p00__lam0p000__nu0p50__psi0p00,0.15,borrow,38,22,0.0,2,-0.08364094,-0.08364094,-0.08364094,1.0055417,0.0,0.09873209,0.0,0.0,0.15,0.0,0.0,0.08364094,0.08364094,-26.872528,2.212236,0.737412,0.192,0.0,0.1679211,0.0,0.0
hardzero_only__c0p58__z1p00__lam0p000__nu0p50__psi0p00,0.15,borrow,38,23,0.0,2,-0.08364094,-0.08364094,-0.08364094,1.0198295,0.0,0.09553675,0.0,0.0,0.15,0.0,0.0,0.08364094,0.08364094,-27.400229,2.2436697,0.74788994,0.18400002,0.0,0.13801718,0.0,0.0
hardzero_only__c0p58__z1p00__lam0p000__nu0p50__psi0p00,0.15,borrow,38,24,0.0,2,-0.08364094,-0.08364094,-0.08364094,1.0939326,0.0,0.080550335,0.0,0.0,0.15,0.0,0.0,0.08364094,0.08364094,-28.857046,2.4067,0.80223334,0.136,0.0,0.17280078,0.0,0.0
hardzero_only__c0p58__z1p00__lam0p000__nu0p50__psi0p00,0.15,borrow,38,25,0.0,2,-0.08364094,-0.08364094,-0.08364094,1.0520561,0.0,0.08870415,0.0,0.0,0.15,0.0,0.0,0.08364094,0.08364094,-28.383974,2.3145695,0.7715232,0.2,0.0,0.20479035,0.0,0.0
hardzero_only__c0p58__z1p00__lam0p000__nu0p50__psi0p00,0.15,borrow,38,26,0.0,2,-0.08364094,-0.08364094,-0.08364094,1.042307,0.0,0.0907179,0.0,0.0,0.15,0.0,0.0,0.08364094,0.08364094,-27.599958,2.293121,0.7643737,0.12,0.0,0.2012924,0.0,0.0
hardzero_only__c0p58__z1p00__lam0p000__nu0p50__psi0p00,0.15,borrow,38,27,0.0,2,-0.08364094,-0.08364094,-0.08364094,1.0710589,0.0,0.08490654,0.0,0.0,0.15,0.0,0.0,0.08364094,0.08364094,-28.17832,2.3563766,0.7854589,0.15200001,0.0,0.15984634,0.0,0.0
hardzero_only__c0p58__z1p00__lam0p000__nu0p50__psi0p00,0.15,borrow,38,28,0.0,2,-0.08364094,-0.08364094,-0.08364094,1.0045645,0.0,0.098954484,0.0,0.0,0.15,0.0,0.0,0.08364094,0.08364094,-27.019753,2.210086,0.7366954,0.120000005,0.0,0.17138258,0.0,0.0
hardzero_only__c0p58__z1p00__lam0p000__nu0p50__psi0p00,0.15,borrow,38,29,0.0,2,-0.08364094,-0.08364094,-0.08364094,1.0531782,0.0,0.08847525,0.0,0.0,0.15,0.0,0.0,0.08364094,0.08364094,-28.024742,2.3170383,0.77234614,0.16000001,0.0,0.1640783,0.0,0.0
hardzero_only__c0p58__z1p00__lam0p000__nu0p50__psi0p00,0.15,borrow,38,30,0.0,2,-0.08364094,-0.08364094,-0.08364094,1.0024816,0.0,0.099430226,0.0,0.0,0.15,0.0,0.0,0.08364094,0.08364094,-26.719645,2.2055035,0.73516786,0.128,0.0,0.16509303,0.0,0.0
hardzero_only__c0p58__z1p00__lam0p000__nu0p50__psi0p00,0.15,borrow,38,31,0.0,2,-0.08364094,-0.08364094,-0.08364094,1.0490527,0.0,0.08931971,0.0,0.0,0.15,0.0,0.0,0.08364094,0.08364094,-28.212275,2.307962,0.76932067,0.112,0.0,0.17874426,0.0,0.0
hardzero_only__c0p58__z1p00__lam0p000__nu0p50__psi0p00,0.15,borrow,38,32,0.0,2,-0.08364094,-0.08364094,-0.08364094,1.0442139,0.0,0.09032046,0.0,0.0,0.15,0.0,0.0,0.08364094,0.08364094,-27.184052,2.2973166,0.7657722,0.120000005,0.0,0.15671575,0.0,0.0
hardzero_only__c0p58__z1p00__lam0p000__nu0p50__psi0p00,0.15,borrow,38,33,0.0,2,-0.08364094,-0.08364094,-0.08364094,1.0494145,0.0,0.08924532,0.0,0.0,0.15,0.0,0.0,0.08364094,0.08364094,-28.567804,2.308758,0.769586,0.128,0.0,0.15263873,0.0,0.0
hardzero_only__c0p58__z1p00__lam0p000__nu0p50__psi0p00,0.15,borrow,38,34,0.0,2,-0.08364094,-0.08364094,-0.08364094,1.040282,0.0,0.09114189,0.0,0.0,0.15,0.0,0.0,0.08364094,0.08364094,-27.73137,2.288666,0.76288867,0.15200001,0.0,0.17447644,0.0,0.0
hardzero_only__c0p58__z1p00__lam0p000__nu0p50__psi0p00,0.15,borrow,38,35,0.0,2,-0.08364094,-0.08364094,-0.08364094,1.0073152,0.0,0.09832973,0.0,0.0,0.15,0.0,0.0,0.08364094,0.08364094,-27.771774,2.2161376,0.73871255,0.18400002,0.0,0.15301117,0.0,0.0
hardzero_only__c0p58__z1p00__lam0p000__nu0p50__psi0p00,0.15,borrow,38,36,0.0,2,-0.08364094,-0.08364094,-0.08364094,1.0791792,0.0,0.08333373,0.0,0.0,0.15,0.0,0.0,0.08364094,0.08364094,-28.644827,2.3742416,0.7914139,0.16000001,0.0,0.20014536,0.0,0.0
hardzero_only__c0p58__z1p00__lam0p000__nu0p50__psi0p00,0.15,borrow,38,37,0.0,2,-0.08364094,-0.068353266,-0.068353266,0.99174976,0.101917855,0.101917855,1.0,0.015287679,0.15,0.0,0.0,0.08364094,0.068353266,-26.760302,2.181893,0.7272977,0.208,0.0,0.13662891,0.0,0.0
hardzero_only__c0p58__z1p00__lam0p000__nu0p50__psi0p00,0.15,borrow,38,38,0.0,2,-0.068353266,-0.068353266,-0.068353266,1.0501837,0.0,0.08908741,0.0,0.0,0.15,0.0,0.0,0.068353266,0.068353266,-27.66136,2.31045,0.77015007,0.104,0.0,0.19158342,0.0,0.0
hardzero_only__c0p58__z1p00__lam0p000__nu0p50__psi0p00,0.15,borrow,38,39,0.0,2,-0.068353266,-0.068353266,-0.068353266,1.0778867,0.0,0.08358209,0.0,0.0,0.15,0.0,0.0,0.068353266,0.068353266,-27.699911,2.371398,0.790466,0.14,0.0,0.1807781,0.0,0.0
hardzero_only__c0p58__z1p00__lam0p000__nu0p50__psi0p00,0.15,borrow,38,40,0.0,2,-0.068353266,-0.068353266,-0.068353266,1.0166482,0.0,0.09623915,0.0,0.0,0.15,0.0,0.0,0.068353266,0.068353266,-27.429296,2.2366707,0.74555695,0.16800001,0.0,0.15003759,0.0,0.0
hardzero_only__c0p58__z1p00__lam0p000__nu0p50__psi0p00,0.15,borrow,38,41,0.0,2,-0.068353266,-0.068353266,-0.068353266,1.011062,0.0,0.09748504,0.0,0.0,0.15,0.0,0.0,0.068353266,0.068353266,-26.099243,2.224381,0.7414603,0.15200001,0.0,0.16878009,0.0,0.0
hardzero_only__c0p58__z1p00__lam0p000__nu0p50__psi0p00,0.15,borrow,38,42,0.0,2,-0.068353266,-0.068353266,-0.068353266,1.014615,0.0,0.09669076,0.0,0.0,0.15,0.0,0.0,0.068353266,0.068353266,-26.722763,2.2321978,0.74406594,0.17600001,0.0,0.15627554,0.0,0.0
hardzero_only__c0p58__z1p00__lam0p000__nu0p50__psi0p00,0.15,borrow,38,43,0.0,2,-0.068353266,-0.068353266,-0.068353266,1.0422428,0.0,0.09073131,0.0,0.0,0.15,0.0,0.0,0.068353266,0.068353266,-27.475334,2.29298,0.7643267,0.120000005,0.0,0.14310454,0.0,0.0
hardzero_only__c0p58__z1p00__lam0p000__nu0p50__psi0p00,0.15,borrow,38,44,0.0,2,-0.068353266,-0.068353266,-0.068353266,1.0798877,0.0,0.08319788,0.0,0.0,0.15,0.0,0.0,0.068353266,0.068353266,-28.58016,2.3758006,0.79193354,0.120000005,0.0,0.17781322,0.0,0.0
hardzero_only__c0p58__z1p00__lam0p000__nu0p50__psi0p00,0.15,borrow,38,45,0.0,2,-0.068353266,-0.052396715,-0.052396715,0.9731522,0.10637701,0.10637701,1.0,0.015956553,0.15,0.0,0.0,0.068353266,0.052396715,-26.748055,2.1409776,0.7136592,0.136,0.0,0.17624237,0.0,0.0
hardzero_only__c0p58__z1p00__lam0p000__nu0p50__psi0p00,0.15,borrow,38,46,0.0,2,-0.052396715,-0.052396715,-0.052396715,1.0203272,0.0,0.09542733,0.0,0.0,0.15,0.0,0.0,0.052396715,0.052396715,-27.106293,2.2447648,0.74825495,0.2,0.0,0.16665393,0.0,0.0
hardzero_only__c0p58__z1p00__lam0p000__nu0p50__psi0p00,0.15,borrow,38,47,0.0,2,-0.052396715,-0.052396715,-0.052396715,1.0044577,0.0,0.09897883,0.0,0.0,0.15,0.0,0.0,0.052396715,0.052396715,-27.239689,2.209851,0.736617,0.18400002,0.0,0.14524044,0.0,0.0
hardzero_only__c0p58__z1p00__lam0p000__nu0p50__psi0p00,0.15,borrow,38,48,0.0,2,-0.052396715,-0.052396715,-0.052396715,1.0117257,0.0,0.097336195,0.0,0.0,0.15,0.0,0.0,0.052396715,0.052396715,-27.211056,2.2258408,0.74194694,0.16800001,0.0,0.15500465,0.0,0.0
hardzero_only__c0p58__z1p00__lam0p000__nu0p50__psi0p00,0.15,borrow,38,49,0.0,2,-0.052396715,-0.03646186,-0.03646186,0.97374326,0.106232345,0.106232345,1.0,0.015934853,0.15,0.0,0.0,0.052396715,0.03646186,-26.317732,2.142278,0.7140927,0.2,0.0,0.15874524,0.0,0.0
hardzero_only__c0p58__z1p00__lam0p000__nu0p50__psi0p00,0.15,borrow,38,50,0.0,2,-0.03646186,-0.03646186,-0.03646186,1.0841225,0.0,0.08239056,0.0,0.0,0.15,0.0,0.0,0.03646186,0.03646186,-28.42915,2.3851173,0.7950391,0.128,0.0,0.16535851,0.0,0.0
hardzero_only__c0p58__z1p00__lam0p000__nu0p50__psi0p00,0.15,borrow,38,51,0.0,2,-0.03646186,-0.03646186,-0.03646186,1.0301869,0.0,0.09328528,0.0,0.0,0.15,0.0,0.0,0.03646186,0.03646186,-26.958824,2.2664564,0.7554855,0.080000006,0.0,0.13846087,0.0,0.0
hardzero_only__c0p58__z1p00__lam0p000__nu0p50__psi0p00,0.15,borrow,38,52,0.0,2,-0.03646186,-0.021390151,-0.021390151,0.99792886,0.100478046,0.100478046,1.0,0.015071708,0.15,0.0,0.0,0.03646186,0.021390151,-26.622337,2.1954873,0.7318291,0.13,0.0,0.15717985,0.0,0.0
hardzero_only__c0p58__z1p00__lam0p000__nu0p50__psi0p00,0.15,borrow,38,53,0.0,2,-0.021390151,-0.021390151,-0.021390151,1.0538185,0.0,0.0883449,0.0,0.0,0.15,0.0,0.0,0.021390151,0.021390151,-27.987093,2.3184469,0.77281564,0.14400001,0.0,0.16392186,0.0,0.0
hardzero_only__c0p58__z1p00__lam0p000__nu0p50__psi0p00,0.15,borrow,38,54,0.0,2,-0.021390151,-0.021390151,-0.021390151,1.0362545,0.0,0.09199103,0.0,0.0,0.15,0.0,0.0,0.021390151,0.021390151,-28.259779,2.2798054,0.75993514,0.14400001,0.0,0.18000115,0.0,0.0
hardzero_only__c0p58__z1p00__lam0p000__nu0p50__psi0p00,0.15,borrow,38,55,0.0,2,-0.021390151,-0.021390151,-0.021390151,1.0243827,0.0,0.09454036,0.0,0.0,0.15,0.0,0.0,0.021390151,0.021390151,-27.535849,2.253687,0.751229,0.112,0.0,0.14156619,0.0,0.0
hardzero_only__c0p58__z1p00__lam0p000__nu0p50__psi0p00,0.15,borrow,38,56,0.0,2,-0.021390151,-0.021390151,-0.021390151,1.0754901,0.0,0.08404462,0.0,0.0,0.15,0.0,0.0,0.021390151,0.021390151,-27.566008,2.3661256,0.78870857,0.14400001,0.0,0.1762679,0.0,0.0
hardzero_only__c0p58__z1p00__lam0p000__nu0p50__psi0p00,0.15,borrow,38,57,0.0,2,-0.021390151,-0.021390151,-0.021390151,1.0412941,0.0,0.090929724,0.0,0.0,0.15,0.0,0.0,0.021390151,0.021390151,-26.885975,2.2908928,0.763631,0.112,0.0,0.14123522,0.0,0.0
hardzero_only__c0p58__z1p00__lam0p000__nu0p50__psi0p00,0.15,borrow,38,58,0.0,2,-0.021390151,-0.021390151,-0.021390151,1.0392132,0.0,0.091366455,0.0,0.0,0.15,0.0,0.0,0.021390151,0.021390151,-27.879833,2.2863147,0.7621049,0.15200001,0.0,0.16524868,0.0,0.0
hardzero_only__c0p58__z1p00__lam0p000__nu0p50__psi0p00,0.15,borrow,38,59,0.0,2,-0.021390151,-0.021390151,-0.021390151,1.023606,0.0,0.094709605,0.0,0.0,0.15,0.0,0.0,0.021390151,0.021390151,-27.520718,2.2519782,0.7506594,0.16800001,0.0,0.1506823,0.0,0.0
hardzero_only__c0p58__z1p00__lam0p000__nu0p50__psi0p00,0.15,borrow,38,60,0.0,2,-0.021390151,-0.021390151,-0.021390151,1.0510975,0.0,0.088900134,0.0,0.0,0.15,0.0,0.0,0.021390151,0.021390151,-27.7989,2.3124607,0.77082026,0.15200001,0.0,0.15924446,0.0,0.0
hardzero_only__c0p58__z1p00__lam0p000__nu0p50__psi0p00,0.15,borrow,38,61,0.0,2,-0.021390151,-0.021390151,-0.021390151,1.0322992,0.0,0.09283267,0.0,0.0,0.15,0.0,0.0,0.021390151,0.021390151,-28.332972,2.2711036,0.75703454,0.16000001,0.0,0.18575844,0.0,0.0
hardzero_only__c0p58__z1p00__lam0p000__nu0p50__psi0p00,0.15,borrow,38,62,0.0,2,-0.021390151,-0.021390151,-0.021390151,1.02953,0.0,0.09342646,0.0,0.0,0.15,0.0,0.0,0.021390151,0.021390151,-26.672674,2.2650113,0.7550038,0.16000001,0.008,0.1573638,0.0,0.0
hardzero_only__c0p58__z1p00__lam0p000__nu0p50__psi0p00,0.15,borrow,38,63,0.0,2,-0.021390151,-0.021390151,-0.021390151,1.0389662,0.0,0.091418445,0.0,0.0,0.15,0.0,0.0,0.021390151,0.021390151,-27.307568,2.2857711,0.76192373,0.104,0.0,0.14539379,0.0,0.0
hardzero_only__c0p58__z1p00__lam0p000__nu0p50__psi0p00,0.15,borrow,38,64,0.0,2,-0.021390151,-0.021390151,-0.021390151,1.0530707,0.0,0.08849715,0.0,0.0,0.15,0.0,0.0,0.021390151,0.021390151,-27.503832,2.3168018,0.7722673,0.112,0.0,0.1724858,0.0,0.0
hardzero_only__c0p58__z1p00__lam0p000__nu0p50__psi0p00,0.15,borrow,38,65,0.0,2,-0.021390151,-0.021390151,-0.021390151,1.0162857,0.0,0.09631952,0.0,0.0,0.15,0.0,0.0,0.021390151,0.021390151,-27.623142,2.235873,0.745291,0.26,0.0,0.15795027,0.0,0.0
hardzero_only__c0p58__z1p00__lam0p000__nu0p50__psi0p00,0.15,borrow,38,66,0.0,2,-0.021390151,-0.021390151,-0.021390151,1.022959,0.0,0.09485079,0.0,0.0,0.15,0.0,0.0,0.021390151,0.021390151,-27.71299,2.2505548,0.75018495,0.17600001,0.0,0.19435085,0.0,0.0
hardzero_only__c0p58__z1p00__lam0p000__nu0p50__psi0p00,0.15,borrow,38,67,0.0,2,-0.021390151,-0.021390151,-0.021390151,1.0367371,0.0,0.091888875,0.0,0.0,0.15,0.0,0.0,0.021390151,0.021390151,-27.511528,2.280867,0.7602891,0.16000001,0.0,0.16641563,0.0,0.0
hardzero_only__c0p58__z1p00__lam0p000__nu0p50__psi0p00,0.15,borrow,38,68,0.0,2,-0.021390151,-0.021390151,-0.021390151,1.0324073,0.0,0.09280956,0.0,0.0,0.15,0.0,0.0,0.021390151,0.021390151,-26.63902,2.2713413,0.7571138,0.192,0.008,0.16163018,0.0,0.0
hardzero_only__c0p58__z1p00__lam0p000__nu0p50__psi0p00,0.15,borrow,38,69,0.0,2,-0.021390151,-0.006161765,-0.006161765,0.99343735,0.10152257,0.10152257,1.0,0.015228386,0.15,0.0,0.0,0.021390151,0.006161765,-26.79151,2.1856058,0.7285353,0.15200001,0.0,0.13972692,0.0,0.0
hardzero_only__c0p58__z1p00__lam0p000__nu0p50__psi0p00,0.15,borrow,38,70,1.0,3,-0.006161765,-0.58616173,-0.58616173,1.0107151,0.0,0.09756293,0.0,0.0,0.15,0.0,0.0,0.006161765,0.58616173,-26.98921,2.2236176,0.7412059,0.136,0.0,0.15892972,0.0,0.0
hardzero_only__c0p58__z1p00__lam0p000__nu0p50__psi0p00,0.15,borrow,38,71,0.0,3,-0.58616173,-0.58616173,-0.58616173,1.0656186,0.0,0.08597681,0.0,0.0,0.15,0.0,0.0,0.58616173,0.58616173,-28.028872,2.3444078,0.7814693,0.15200001,0.0,0.18548004,0.0,0.0
hardzero_only__c0p58__z1p00__lam0p000__nu0p50__psi0p00,0.15,borrow,38,72,0.0,3,-0.58616173,-0.58616173,-0.58616173,1.0341395,0.0,0.092440106,0.0,0.0,0.15,0.0,0.0,0.58616173,0.58616173,-27.620878,2.2751524,0.75838417,0.128,0.0,0.1481972,0.0,0.0
hardzero_only__c0p58__z1p00__lam0p000__nu0p50__psi0p00,0.15,borrow,38,73,0.0,3,-0.58616173,-0.58616173,-0.58616173,1.0087119,0.0,0.098013975,0.0,0.0,0.15,0.0,0.0,0.58616173,0.58616173,-27.709705,2.2192106,0.7397369,0.17600001,0.0,0.17221399,0.0,0.0
hardzero_only__c0p58__z1p00__lam0p000__nu0p50__psi0p00,0.15,borrow,38,74,0.0,3,-0.58616173,-0.5684773,-0.5684773,0.92849946,0.11789641,0.11789641,1.0,0.017684462,0.15,0.0,0.0,0.58616173,0.5684773,-25.741497,2.0427396,0.6809132,0.224,0.0,0.122704804,0.0,0.0
hardzero_only__c0p58__z1p00__lam0p000__nu0p50__psi0p00,0.15,borrow,38,75,0.0,3,-0.5684773,-0.5525056,-0.5525056,0.9727408,0.10647782,0.10647782,1.0,0.015971674,0.15,0.0,0.0,0.5684773,0.5525056,-26.790222,2.1400726,0.71335757,0.256,0.0,0.1744252,0.0,0.0
hardzero_only__c0p58__z1p00__lam0p000__nu0p50__psi0p00,0.15,borrow,38,76,0.0,3,-0.5525056,-0.5525056,-0.5525056,1.0063049,0.0,0.09855873,0.0,0.0,0.15,0.0,0.0,0.5525056,0.5525056,-27.075863,2.2139149,0.73797166,0.096,0.0,0.14898619,0.0,0.0
hardzero_only__c0p58__z1p00__lam0p000__nu0p50__psi0p00,0.15,borrow,38,77,0.0,3,-0.5525056,-0.5525056,-0.5525056,1.0462675,0.0,0.08989436,0.0,0.0,0.15,0.0,0.0,0.5525056,0.5525056,-27.645351,2.3018346,0.7672782,0.136,0.0,0.1862541,0.0,0.0
hardzero_only__c0p58__z1p00__lam0p000__nu0p50__psi0p00,0.15,borrow,38,78,0.0,3,-0.5525056,-0.53705305,-0.53705305,0.98709023,0.103017196,0.103017196,1.0,0.01545258,0.15,0.0,0.0,0.5525056,0.53705305,-27.102541,2.1716418,0.72388065,0.14999999,0.0,0.13855597,0.0,0.0
hardzero_only__c0p58__z1p00__lam0p000__nu0p50__psi0p00,0.15,borrow,38,79,0.0,3,-0.53705305,-0.53705305,-0.53705305,1.0216429,0.0,0.09513866,0.0,0.0,0.15,0.0,0.0,0.53705305,0.53705305,-27.865557,2.2476592,0.7492198,0.16800001,0.0,0.17107412,0.0,0.0
hardzero_only__c0p58__z1p00__lam0p000__nu0p50__psi0p00,0.15,borrow,38,80,0.0,3,-0.53705305,-0.53705305,-0.53705305,1.0257691,0.0,0.094239056,0.0,0.0,0.15,0.0,0.0,0.53705305,0.53705305,-27.335865,2.256737,0.75224566,0.16000001,0.0,0.15463285,0.0,0.0
hardzero_only__c0p58__z1p00__lam0p000__nu0p50__psi0p00,0.15,borrow,38,81,0.0,3,-0.53705305,-0.53705305,-0.53705305,1.023813,0.0,0.09466446,0.0,0.0,0.15,0.0,0.0,0.53705305,0.53705305,-27.602291,2.2524335,0.7508112,0.18400002,0.0,0.14702454,0.0,0.0
hardzero_only__c0p58__z1p00__lam0p000__nu0p50__psi0p00,0.15,borrow,38,82,0.0,3,-0.53705305,-0.53705305,-0.53705305,1.0597188,0.0,0.087152764,0.0,0.0,0.15,0.0,0.0,0.53705305,0.53705305,-28.491228,2.331428,0.7771427,0.136,0.0,0.15359294,0.0,0.0
hardzero_only__c0p58__z1p00__lam0p000__nu0p50__psi0p00,0.15,borrow,38,83,0.0,3,-0.53705305,-0.53705305,-0.53705305,1.0147673,0.0,0.09665685,0.0,0.0,0.15,0.0,0.0,0.53705305,0.53705305,-26.652523,2.2325325,0.7441775,0.112,0.0,0.14444175,0.0,0.0
hardzero_only__c0p58__z1p00__lam0p000__nu0p50__psi0p00,0.15,borrow,38,84,0.0,3,-0.53705305,-0.52164173,-0.52164173,0.98825216,0.102741964,0.102741964,1.0,0.015411295,0.15,0.0,0.0,0.53705305,0.52164173,-26.711304,2.1741982,0.72473276,0.17600001,0.0,0.15619993,0.0,0.0
hardzero_only__c0p58__z1p00__lam0p000__nu0p50__psi0p00,0.15,borrow,38,85,0.0,3,-0.52164173,-0.52164173,-0.52164173,1.0301871,0.0,0.09328521,0.0,0.0,0.15,0.0,0.0,0.52164173,0.52164173,-26.99026,2.2664568,0.75548565,0.120000005,0.0,0.14392823,0.0,0.0
hardzero_only__c0p58__z1p00__lam0p000__nu0p50__psi0p00,0.15,borrow,38,86,0.0,3,-0.52164173,-0.50629497,-0.50629497,0.99007374,0.10231192,0.10231192,1.0,0.015346788,0.15,0.0,0.0,0.52164173,0.50629497,-26.233671,2.1782057,0.7260686,0.15200001,0.0,0.16876535,0.0,0.0
hardzero_only__c0p58__z1p00__lam0p000__nu0p50__psi0p00,0.15,borrow,38,87,0.0,3,-0.50629497,-0.50629497,-0.50629497,1.015403,0.0,0.09651546,0.0,0.0,0.15,0.0,0.0,0.50629497,0.50629497,-27.027018,2.2339313,0.7446438,0.112,0.0,0.17708357,0.0,0.0
hardzero_only__c0p58__z1p00__lam0p000__nu0p50__psi0p00,0.15,borrow,38,88,0.0,3,-0.50629497,-0.4911846,-0.4911846,0.9968163,0.10073578,0.10073578,1.0,0.015110368,0.15,0.0,0.0,0.50629497,0.4911846,-26.568495,2.1930397,0.73101324,0.16800001,0.0,0.15376285,0.0,0.0
hardzero_only__c0p58__z1p00__lam0p000__nu0p50__psi0p00,0.15,borrow,38,89,0.0,3,-0.4911846,-0.4911846,-0.4911846,1.0307763,0.0,0.09315877,0.0,0.0,0.15,0.0,0.0,0.4911846,0.4911846,-27.179054,2.2677531,0.7559177,0.14400001,0.0,0.19136375,0.0,0.0
hardzero_only__c0p58__z1p00__lam0p000__nu0p50__psi0p00,0.15,borrow,38,90,0.0,3,-0.4911846,-0.47445053,-0.47445053,0.9524901,0.111560345,0.111560345,1.0,0.016734052,0.15,0.0,0.0,0.4911846,0.47445053,-26.64856,2.09552,0.6985067,0.17600001,0.0,0.16767275,0.0,0.0
hardzero_only__c0p58__z1p00__lam0p000__nu0p50__psi0p00,0.15,borrow,38,91,0.0,3,-0.47445053,-0.47445053,-0.47445053,1.0204743,0.0,0.095395006,0.0,0.0,0.15,0.0,0.0,0.47445053,0.47445053,-26.954227,2.2450883,0.7483628,0.19,0.0,0.18331917,0.0,0.0
hardzero_only__c0p58__z1p00__lam0p000__nu0p50__psi0p00,0.15,borrow,38,92,0.0,3,-0.47445053,-0.47445053,-0.47445053,1.045309,0.0,0.090093,0.0,0.0,0.15,0.0,0.0,0.47445053,0.47445053,-27.656178,2.2997255,0.7665752,0.15200001,0.0,0.16734974,0.0,0.0
hardzero_only__c0p58__z1p00__lam0p000__nu0p50__psi0p00,0.15,borrow,38,93,0.0,3,-0.47445053,-0.4594442,-0.4594442,0.9998167,0.10004221,0.10004221,1.0,0.015006332,0.15,0.0,0.0,0.47445053,0.4594442,-26.849833,2.1996408,0.7332136,0.16800001,0.0,0.15944903,0.0,0.0
hardzero_only__c0p58__z1p00__lam0p000__nu0p50__psi0p00,0.15,borrow,38,94,0.0,3,-0.4594442,-0.4594442,-0.4594442,1.053438,0.0,0.08842234,0.0,0.0,0.15,0.0,0.0,0.4594442,0.4594442,-27.50719,2.3176098,0.77253664,0.14400001,0.0,0.1732508,0.0,0.0
hardzero_only__c0p58__z1p00__lam0p000__nu0p50__psi0p00,0.15,borrow,38,95,0.0,3,-0.4594442,-0.4442071,-0.4442071,0.9931895,0.10158053,0.10158053,1.0,0.01523708,0.15,0.0,0.0,0.4594442,0.4442071,-26.403294,2.1850605,0.7283535,0.2,0.0,0.15277563,0.0,0.0
hardzero_only__c0p58__z1p00__lam0p000__nu0p50__psi0p00,0.15,borrow,38,96,0.0,3,-0.4442071,-0.42820734,-0.42820734,0.9719779,0.10666503,0.10666503,1.0,0.015999755,0.15,0.0,0.0,0.4442071,0.42820734,-26.137474,2.138394,0.71279806,0.208,0.0,0.14520621,0.0,0.0
hardzero_only__c0p58__z1p00__lam0p000__nu0p50__psi0p00,0.15,borrow,38,97,0.0,3,-0.42820734,-0.42820734,-0.42820734,1.0213319,0.0,0.09520683,0.0,0.0,0.15,0.0,0.0,0.42820734,0.42820734,-26.41344,2.2469752,0.7489917,0.16000001,0.0,0.14993072,0.0,0.0
hardzero_only__c0p58__z1p00__lam0p000__nu0p50__psi0p00,0.15,borrow,38,98,0.0,3,-0.42820734,-0.41140255,-0.41140255,0.95065844,0.11203186,0.11203186,1.0,0.01680478,0.15,0.0,0.0,0.42820734,0.41140255,-26.280619,2.0914903,0.69716346,0.2,0.0,0.14488931,0.0,0.0
hardzero_only__c0p58__z1p00__lam0p000__nu0p50__psi0p00,0.15,borrow,38,99,0.0,3,-0.41140255,-0.3936611,-0.3936611,0.92710257,0.11827622,0.11827622,1.0,0.017741434,0.15,0.0,0.0,0.41140255,0.3936611,-25.75628,2.0396664,0.67988884,0.216,0.0,0.14994001,0.0,0.0
hardzero_only__c0p58__z1p00__lam0p000__nu0p50__psi0p00,0.15,borrow,38,100,0.0,3,-0.3936611,-0.3936611,-0.3936611,1.0445628,0.0,0.090247914,0.0,0.0,0.15,0.0,0.0,0.3936611,0.3936611,-28.498287,2.298084,0.76602805,0.15200001,0.0,0.18179756,0.0,0.0
hardzero_only__c0p58__z1p00__lam0p000__nu0p50__psi0p00,0.15,borrow,38,101,0.0,3,-0.3936611,-0.3936611,-0.3936611,1.0396371,0.0,0.091277316,0.0,0.0,0.15,0.0,0.0,0.3936611,0.3936611,-27.782995,2.2872472,0.76241577,0.18400002,0.0,0.182709,0.0,0.0
hardzero_only__c0p58__z1p00__lam0p000__nu0p50__psi0p00,0.15,borrow,38,102,0.0,3,-0.3936611,-0.37852684,-0.37852684,0.99612975,0.100895144,0.100895144,1.0,0.015134272,0.15,0.0,0.0,0.3936611,0.37852684,-26.95069,2.1915293,0.73050976,0.17600001,0.008,0.16174427,0.0,0.0
hardzero_only__c0p58__z1p00__lam0p000__nu0p50__psi0p00,0.15,borrow,38,103,0.0,3,-0.37852684,-0.37852684,-0.37852684,1.0005337,0.0,0.099877186,0.0,0.0,0.15,0.0,0.0,0.37852684,0.37852684,-26.20733,2.2012181,0.7337394,0.18400002,0.0,0.15026683,0.0,0.0
hardzero_only__c0p58__z1p00__lam0p000__nu0p50__psi0p00,0.15,borrow,38,104,0.0,3,-0.37852684,-0.37852684,-0.37852684,1.0906597,0.0,0.081159666,0.0,0.0,0.15,0.0,0.0,0.37852684,0.37852684,-28.231611,2.3994994,0.7998332,0.12,0.0,0.21309665,0.0,0.0
hardzero_only__c0p58__z1p00__lam0p000__nu0p50__psi0p00,0.15,borrow,38,105,0.0,3,-0.37852684,-0.36344185,-0.36344185,0.99754685,0.100566454,0.100566454,1.0,0.015084969,0.15,0.0,0.0,0.37852684,0.36344185,-26.556913,2.1946468,0.73154896,0.15200001,0.0,0.14436285,0.0,0.0
hardzero_only__c0p58__z1p00__lam0p000__nu0p50__psi0p00,0.15,borrow,38,106,0.0,3,-0.36344185,-0.36344185,-0.36344185,1.0353094,0.0,0.09219144,0.0,0.0,0.15,0.0,0.0,0.36344185,0.36344185,-27.537231,2.2777262,0.75924206,0.16800001,0.0,0.16304526,0.0,0.0
hardzero_only__c0p58__z1p00__lam0p000__nu0p50__psi0p00,0.15,borrow,38,107,0.0,3,-0.36344185,-0.3479697,-0.3479697,0.98654056,0.10314768,0.10314768,1.0,0.015472152,0.15,0.0,0.0,0.36344185,0.3479697,-26.382456,2.1704326,0.72347754,0.16000001,0.0,0.14854053,0.0,0.0
hardzero_only__c0p58__z1p00__lam0p000__nu0p50__psi0p00,0.15,borrow,38,108,0.0,3,-0.3479697,-0.3479697,-0.3479697,1.0353242,0.0,0.0921883,0.0,0.0,0.15,0.0,0.0,0.3479697,0.3479697,-27.169708,2.2777588,0.75925297,0.18400002,0.0,0.15288702,0.0,0.0
hardzero_only__c0p58__z1p00__lam0p000__nu0p50__psi0p00,0.15,borrow,38,109,0.0,3,-0.3479697,-0.33135512,-0.33135512,0.95560193,0.110763855,0.110763855,1.0,0.016614579,0.15,0.0,0.0,0.3479697,0.33135512,-25.105804,2.1023662,0.70078874,0.2,0.0,0.14381914,0.0,0.0
hardzero_only__c0p58__z1p00__lam0p000__nu0p50__psi0p00,0.15,borrow,38,110,0.0,3,-0.33135512,-0.31617433,-0.31617433,0.9947968,0.101205274,0.101205274,1.0,0.015180792,0.15,0.0,0.0,0.33135512,0.31617433,-26.190409,2.1885967,0.72953224,0.112,0.0,0.17647296,0.0,0.0
hardzero_only__c0p58__z1p00__lam0p000__nu0p50__psi0p00,0.15,borrow,38,111,0.0,3,-0.31617433,-0.3003368,-0.3003368,0.97640395,0.105583504,0.105583504,1.0,0.015837526,0.15,0.0,0.0,0.31617433,0.3003368,-26.249075,2.1481316,0.7160439,0.17600001,0.0,0.13464963,0.0,0.0
hardzero_only__c0p58__z1p00__lam0p000__nu0p50__psi0p00,0.15,borrow,38,112,0.0,3,-0.3003368,-0.28440624,-0.28440624,0.9738603,0.1062037,0.1062037,1.0,0.015930556,0.15,0.0,0.0,0.3003368,0.28440624,-25.60224,2.1425354,0.7141785,0.24000001,0.0,0.15204671,0.0,0.0
hardzero_only__c0p58__z1p00__lam0p000__nu0p50__psi0p00,0.15,borrow,38,113,0.0,3,-0.28440624,-0.28440624,-0.28440624,1.0569487,0.0,0.087710455,0.0,0.0,0.15,0.0,0.0,0.28440624,0.28440624,-27.590874,2.3253336,0.7751112,0.128,0.0,0.18180226,0.0,0.0
hardzero_only__c0p58__z1p00__lam0p000__nu0p50__psi0p00,0.15,borrow,38,114,0.0,3,-0.28440624,-0.28440624,-0.28440624,1.033808,0.0,0.0925107,0.0,0.0,0.15,0.0,0.0,0.28440624,0.28440624,-27.851028,2.274423,0.758141,0.16000001,0.0,0.15451957,0.0,0.0
hardzero_only__c0p58__z1p00__lam0p000__nu0p50__psi0p00,0.15,borrow,38,115,0.0,3,-0.28440624,-0.28440624,-0.28440624,1.0099294,0.0,0.09773959,0.0,0.0,0.15,0.0,0.0,0.28440624,0.28440624,-27.28915,2.221889,0.7406297,0.15200001,0.0,0.15704946,0.0,0.0
hardzero_only__c0p58__z1p00__lam0p000__nu0p50__psi0p00,0.15,borrow,38,116,0.0,3,-0.28440624,-0.26888287,-0.26888287,0.9851054,0.103489086,0.103489086,1.0,0.015523364,0.15,0.0,0.0,0.28440624,0.26888287,-26.77719,2.1672752,0.7224251,0.16800001,0.0,0.16873653,0.0,0.0
hardzero_only__c0p58__z1p00__lam0p000__nu0p50__psi0p00,0.15,borrow,38,117,0.0,3,-0.26888287,-0.26888287,-0.26888287,1.0327026,0.0,0.092746474,0.0,0.0,0.15,0.0,0.0,0.26888287,0.26888287,-28.227663,2.271991,0.75733036,0.13,0.0,0.1624827,0.0,0.0
hardzero_only__c0p58__z1p00__lam0p000__nu0p50__psi0p00,0.15,borrow,38,118,0.0,3,-0.26888287,-0.25264886,-0.25264886,0.9656653,0.108226776,0.108226776,1.0,0.016234018,0.15,0.0,0.0,0.26888287,0.25264886,-26.029552,2.124506,0.7081687,0.224,0.0,0.13376819,0.0,0.0
hardzero_only__c0p58__z1p00__lam0p000__nu0p50__psi0p00,0.15,borrow,38,119,0.0,3,-0.25264886,-0.25264886,-0.25264886,1.013398,0.0,0.09696209,0.0,0.0,0.15,0.0,0.0,0.25264886,0.25264886,-26.997463,2.2295203,0.7431735,0.18400002,0.0,0.16010329,0.0,0.0
hardzero_only__c0p58__z1p00__lam0p000__nu0p50__psi0p00,0.15,borrow,38,120,0.0,3,-0.25264886,-0.25264886,-0.25264886,1.0021864,0.0,0.09949782,0.0,0.0,0.15,0.0,0.0,0.25264886,0.25264886,-26.629118,2.2048542,0.73495144,0.16800001,0.0,0.14052552,0.0,0.0
hardzero_only__c0p58__z1p00__lam0p000__nu0p50__psi0p00,0.15,borrow,38,121,0.0,3,-0.25264886,-0.23717628,-0.23717628,0.9865289,0.10315046,0.10315046,1.0,0.0154725695,0.15,0.0,0.0,0.25264886,0.23717628,-26.703623,2.1704068,0.72346896,0.16800001,0.0,0.14187083,0.0,0.0
hardzero_only__c0p58__z1p00__lam0p000__nu0p50__psi0p00,0.15,borrow,38,122,0.0,3,-0.23717628,-0.22217096,-0.22217096,0.99984586,0.1000355,0.1000355,1.0,0.015005326,0.15,0.0,0.0,0.23717628,0.22217096,-26.699629,2.199705,0.733235,0.24800001,0.0,0.18054484,0.0,0.0
hardzero_only__c0p58__z1p00__lam0p000__nu0p50__psi0p00,0.15,borrow,38,123,0.0,3,-0.22217096,-0.22217096,-0.22217096,1.0590539,0.0,0.08728631,0.0,0.0,0.15,0.0,0.0,0.22217096,0.22217096,-28.348314,2.329965,0.7766551,0.104,0.008,0.16121367,0.0,0.0
hardzero_only__c0p58__z1p00__lam0p000__nu0p50__psi0p00,0.15,borrow,38,124,0.0,3,-0.22217096,-0.22217096,-0.22217096,1.031165,0.0,0.0930754,0.0,0.0,0.15,0.0,0.0,0.22217096,0.22217096,-27.428131,2.2686083,0.7562028,0.17600001,0.0,0.15085559,0.0,0.0
hardzero_only__c0p58__z1p00__lam0p000__nu0p50__psi0p00,0.15,borrow,38,125,0.0,3,-0.22217096,-0.20608304,-0.20608304,0.9695914,0.1072528,0.1072528,1.0,0.016087921,0.15,0.0,0.0,0.22217096,0.20608304,-25.96113,2.1331437,0.7110479,0.208,0.008,0.15886903,0.0,0.0
hardzero_only__c0p58__z1p00__lam0p000__nu0p50__psi0p00,0.15,borrow,38,126,0.0,3,-0.20608304,-0.19055581,-0.19055581,0.98499703,0.103514925,0.103514925,1.0,0.015527239,0.15,0.0,0.0,0.20608304,0.19055581,-26.630556,2.1670368,0.7223456,0.224,0.0,0.1617141,0.0,0.0
hardzero_only__c0p58__z1p00__lam0p000__nu0p50__psi0p00,0.15,borrow,38,127,0.0,3,-0.19055581,-0.174822,-0.174822,0.97925735,0.10489206,0.10489206,1.0,0.01573381,0.15,0.0,0.0,0.19055581,0.174822,-26.550743,2.1544092,0.7181364,0.15200001,0.0,0.16167215,0.0,0.0
hardzero_only__c0p58__z1p00__lam0p000__nu0p50__psi0p00,0.15,borrow,38,128,0.0,3,-0.174822,-0.15966035,-0.15966035,0.9953449,0.101077646,0.101077646,1.0,0.015161647,0.15,0.0,0.0,0.174822,0.15966035,-27.179611,2.1898024,0.72993416,0.2,0.0,0.15903974,0.0,0.0
hardzero_only__c0p58__z1p00__lam0p000__nu0p50__psi0p00,0.15,borrow,38,129,0.0,3,-0.15966035,-0.14452097,-0.14452097,0.99598294,0.10092925,0.10092925,1.0,0.015139389,0.15,0.0,0.0,0.15966035,0.14452097,-26.654633,2.1912062,0.7304021,0.15200001,0.0,0.1358698,0.0,0.0
hardzero_only__c0p58__z1p00__lam0p000__nu0p50__psi0p00,0.15,borrow,38,130,0.0,3,-0.14452097,-0.14452097,-0.14452097,1.0019449,0.0,0.09955317,0.0,0.0,0.15,0.0,0.0,0.14452097,0.14452097,-27.18379,2.2043228,0.7347743,0.08,0.0,0.18102184,0.0,0.0
hardzero_only__c0p58__z1p00__lam0p000__nu0p50__psi0p00,0.15,borrow,38,131,0.0,3,-0.14452097,-0.14452097,-0.14452097,1.0574012,0.0,0.087619096,0.0,0.0,0.15,0.0,0.0,0.14452097,0.14452097,-28.259682,2.326329,0.775443,0.16000001,0.0,0.16175616,0.0,0.0
hardzero_only__c0p58__z1p00__lam0p000__nu0p50__psi0p00,0.15,borrow,38,132,0.0,3,-0.14452097,-0.12721309,-0.12721309,0.93784744,0.11538584,0.11538584,1.0,0.017307876,0.15,0.0,0.0,0.14452097,0.12721309,-25.91771,2.0633056,0.6877686,0.224,0.0,0.17597376,0.0,0.0
hardzero_only__c0p58__z1p00__lam0p000__nu0p50__psi0p00,0.15,borrow,38,133,0.0,3,-0.12721309,-0.12721309,-0.12721309,1.0263152,0.0,0.09412061,0.0,0.0,0.15,0.0,0.0,0.12721309,0.12721309,-26.9548,2.2579386,0.7526462,0.15200001,0.0,0.14006007,0.0,0.0
hardzero_only__c0p58__z1p00__lam0p000__nu0p50__psi0p00,0.15,borrow,38,134,0.0,3,-0.12721309,-0.12721309,-0.12721309,1.0763677,0.0,0.08387494,0.0,0.0,0.15,0.0,0.0,0.12721309,0.12721309,-28.058353,2.3680563,0.7893521,0.096,0.0,0.15664485,0.0,0.0
hardzero_only__c0p58__z1p00__lam0p000__nu0p50__psi0p00,0.15,borrow,38,135,0.0,3,-0.12721309,-0.11194922,-0.11194922,0.99242646,0.10175916,0.10175916,1.0,0.015263874,0.15,0.0,0.0,0.12721309,0.11194922,-27.16298,2.1833818,0.72779393,0.16800001,0.0,0.19313884,0.0,0.0
hardzero_only__c0p58__z1p00__lam0p000__nu0p50__psi0p00,0.15,borrow,38,136,0.0,3,-0.11194922,-0.11194922,-0.11194922,1.0311719,0.0,0.09307394,0.0,0.0,0.15,0.0,0.0,0.11194922,0.11194922,-27.640013,2.2686236,0.7562079,0.14400001,0.0,0.15702492,0.0,0.0
hardzero_only__c0p58__z1p00__lam0p000__nu0p50__psi0p00,0.15,borrow,38,137,0.0,3,-0.11194922,-0.09694109,-0.09694109,0.9997646,0.100054204,0.100054204,1.0,0.015008131,0.15,0.0,0.0,0.11194922,0.09694109,-26.755795,2.199526,0.7331754,0.18400002,0.0,0.16506481,0.0,0.0
hardzero_only__c0p58__z1p00__lam0p000__nu0p50__psi0p00,0.15,borrow,38,138,0.0,3,-0.09694109,-0.08111232,-0.08111232,0.9766439,0.105525166,0.105525166,1.0,0.015828775,0.15,0.0,0.0,0.09694109,0.08111232,-27.222569,2.1486595,0.71621984,0.216,0.0,0.17050046,0.0,0.0
hardzero_only__c0p58__z1p00__lam0p000__nu0p50__psi0p00,0.15,borrow,38,139,0.0,3,-0.08111232,-0.06534678,-0.06534678,0.97838235,0.10510362,0.10510362,1.0,0.015765544,0.15,0.0,0.0,0.08111232,0.06534678,-26.055271,2.1524842,0.7174947,0.2,0.0,0.15109414,0.0,0.0
hardzero_only__c0p58__z1p00__lam0p000__nu0p50__psi0p00,0.15,borrow,38,140,0.0,3,-0.06534678,-0.049614258,-0.049614258,0.979293,0.10488346,0.10488346,1.0,0.01573252,0.15,0.0,0.0,0.06534678,0.049614258,-27.023293,2.1544876,0.71816254,0.208,0.0,0.15582508,0.0,0.0
hardzero_only__c0p58__z1p00__lam0p000__nu0p50__psi0p00,0.15,borrow,38,141,0.0,3,-0.049614258,-0.049614258,-0.049614258,1.0562925,0.0,0.08784305,0.0,0.0,0.15,0.0,0.0,0.049614258,0.049614258,-29.30064,2.32389,0.77463,0.15200001,0.0,0.17561764,0.0,0.0
hardzero_only__c0p58__z1p00__lam0p000__nu0p50__psi0p00,0.15,borrow,38,142,0.0,3,-0.049614258,-0.032750137,-0.032750137,0.94912755,0.112427466,0.112427466,1.0,0.016864121,0.15,0.0,0.0,0.049614258,0.032750137,-26.543785,2.0881224,0.6960408,0.2,0.0,0.14574309,0.0,0.0
hardzero_only__c0p58__z1p00__lam0p000__nu0p50__psi0p00,0.15,borrow,38,143,0.0,3,-0.032750137,-0.032750137,-0.032750137,1.0525877,0.0,0.088595614,0.0,0.0,0.15,0.0,0.0,0.032750137,0.032750137,-27.498354,2.3157392,0.77191305,0.14999999,0.0,0.16390443,0.0,0.0
hardzero_only__c0p58__z1p00__lam0p000__nu0p50__psi0p00,0.15,borrow,38,144,0.0,3,-0.032750137,-0.032750137,-0.032750137,1.0193859,0.0,0.095634386,0.0,0.0,0.15,0.0,0.0,0.032750137,0.032750137,-26.83377,2.242694,0.7475647,0.136,0.0,0.15623966,0.0,0.0
hardzero_only__c0p58__z1p00__lam0p000__nu0p50__psi0p00,0.15,borrow,38,145,0.0,3,-0.032750137,-0.032750137,-0.032750137,1.0041844,0.0,0.09904113,0.0,0.0,0.15,0.0,0.0,0.032750137,0.032750137,-27.262646,2.2092497,0.7364166,0.17600001,0.0,0.19920483,0.0,0.0
hardzero_only__c0p58__z1p00__lam0p000__nu0p50__psi0p00,0.15,borrow,38,146,0.0,3,-0.032750137,-0.032750137,-0.032750137,1.0560856,0.0,0.08788493,0.0,0.0,0.15,0.0,0.0,0.032750137,0.032750137,-27.312334,2.3234346,0.7744782,0.112,0.0,0.14626546,0.0,0.0
hardzero_only__c0p58__z1p00__lam0p000__nu0p50__psi0p00,0.15,borrow,38,147,0.0,3,-0.032750137,-0.032750137,-0.032750137,1.037102,0.0,0.09181171,0.0,0.0,0.15,0.0,0.0,0.032750137,0.032750137,-27.683098,2.2816699,0.76055664,0.15200001,0.0,0.1659603,0.0,0.0
hardzero_only__c0p58__z1p00__lam0p000__nu0p50__psi0p00,0.15,borrow,38,148,0.0,3,-0.032750137,-0.017411113,-0.017411113,0.9902935,0.102260165,0.102260165,1.0,0.015339025,0.15,0.0,0.0,0.032750137,0.017411113,-26.429745,2.1786892,0.7262298,0.18400002,0.0,0.13323268,0.0,0.0
hardzero_only__c0p58__z1p00__lam0p000__nu0p50__psi0p00,0.15,borrow,38,149,1.0,4,-0.017411113,-0.5974111,-0.5974111,1.0194315,0.0,0.09562436,0.0,0.0,0.15,0.0,0.0,0.017411113,0.5974111,-27.023254,2.242794,0.74759805,0.120000005,0.0,0.18175384,0.0,0.0
hardzero_only__c0p58__z1p00__lam0p000__nu0p50__psi0p00,0.15,borrow,38,150,0.0,4,-0.5974111,-0.58154124,-0.58154124,0.97551817,0.10579906,0.10579906,1.0,0.01586986,0.15,0.0,0.0,0.5974111,0.58154124,-27.193151,2.1461828,0.71539426,0.2,0.0,0.164368,0.0,0.0
hardzero_only__c0p58__z1p00__lam0p000__nu0p50__psi0p00,0.15,borrow,38,151,0.0,4,-0.58154124,-0.5663719,-0.5663719,0.995125,0.10112885,0.10112885,1.0,0.015169327,0.15,0.0,0.0,0.58154124,0.5663719,-26.961313,2.1893187,0.7297729,0.15200001,0.0,0.15580541,0.0,0.0
hardzero_only__c0p58__z1p00__lam0p000__nu0p50__psi0p00,0.15,borrow,38,152,0.0,4,-0.5663719,-0.5663719,-0.5663719,1.0031843,0.0,0.09926947,0.0,0.0,0.15,0.0,0.0,0.5663719,0.5663719,-28.076672,2.2070496,0.7356832,0.17600001,0.008,0.1833795,0.0,0.0
hardzero_only__c0p58__z1p00__lam0p000__nu0p50__psi0p00,0.15,borrow,38,153,0.0,4,-0.5663719,-0.551284,-0.551284,0.9974628,0.10058592,0.10058592,1.0,0.015087889,0.15,0.0,0.0,0.5663719,0.551284,-27.622044,2.194462,0.7314874,0.120000005,0.0,0.14802328,0.0,0.0
hardzero_only__c0p58__z1p00__lam0p000__nu0p50__psi0p00,0.15,borrow,38,154,0.0,4,-0.551284,-0.551284,-0.551284,1.0529722,0.0,0.08851722,0.0,0.0,0.15,0.0,0.0,0.551284,0.551284,-28.02152,2.316585,0.77219504,0.15200001,0.0,0.1675207,0.0,0.0
hardzero_only__c0p58__z1p00__lam0p000__nu0p50__psi0p00,0.15,borrow,38,155,0.0,4,-0.551284,-0.53498894,-0.53498894,0.9640343,0.108633965,0.108633965,1.0,0.016295096,0.15,0.0,0.0,0.551284,0.53498894,-25.550411,2.1209178,0.7069726,0.224,0.0,0.15229197,0.0,0.0
hardzero_only__c0p58__z1p00__lam0p000__nu0p50__psi0p00,0.15,borrow,38,156,0.0,4,-0.53498894,-0.51879257,-0.51879257,0.96667427,0.10797561,0.10797561,1.0,0.016196342,0.15,0.0,0.0,0.53498894,0.51879257,-26.194426,2.126726,0.7089087,0.21,0.0,0.13554904,0.0,0.0
hardzero_only__c0p58__z1p00__lam0p000__nu0p50__psi0p00,0.15,borrow,38,157,0.0,4,-0.51879257,-0.5025512,-0.5025512,0.9654686,0.10827579,0.10827579,1.0,0.01624137,0.15,0.0,0.0,0.51879257,0.5025512,-27.036818,2.1240733,0.70802444,0.15200001,0.0,0.16630387,0.0,0.0
hardzero_only__c0p58__z1p00__lam0p000__nu0p50__psi0p00,0.15,borrow,38,158,0.0,4,-0.5025512,-0.48521695,-0.48521695,0.93718606,0.11556171,0.11556171,1.0,0.017334256,0.15,0.0,0.0,0.5025512,0.48521695,-25.523046,2.0618505,0.6872835,0.224,0.0,0.16294083,0.0,0.0
hardzero_only__c0p58__z1p00__lam0p000__nu0p50__psi0p00,0.15,borrow,38,159,0.0,4,-0.48521695,-0.4695426,-0.4695426,0.9809013,0.10449576,0.10449576,1.0,0.015674364,0.15,0.0,0.0,0.48521695,0.4695426,-27.097202,2.158026,0.719342,0.128,0.0,0.15092573,0.0,0.0
hardzero_only__c0p58__z1p00__lam0p000__nu0p50__psi0p00,0.15,borrow,38,160,0.0,4,-0.4695426,-0.45370933,-0.45370933,0.9765208,0.10555509,0.10555509,1.0,0.015833264,0.15,0.0,0.0,0.4695426,0.45370933,-26.709236,2.1483886,0.71612954,0.112,0.0,0.17376892,0.0,0.0
hardzero_only__c0p58__z1p00__lam0p000__nu0p50__psi0p00,0.15,borrow,38,161,0.0,4,-0.45370933,-0.43859547,-0.43859547,0.99671596,0.10075904,0.10075904,1.0,0.015113856,0.15,0.0,0.0,0.45370933,0.43859547,-27.112894,2.1928189,0.7309396,0.136,0.0,0.1604254,0.0,0.0
hardzero_only__c0p58__z1p00__lam0p000__nu0p50__psi0p00,0.15,borrow,38,162,0.0,4,-0.43859547,-0.42336175,-0.42336175,0.99328494,0.10155821,0.10155821,1.0,0.015233732,0.15,0.0,0.0,0.43859547,0.42336175,-26.374634,2.1852705,0.72842354,0.192,0.0,0.16833884,0.0,0.0
hardzero_only__c0p58__z1p00__lam0p000__nu0p50__psi0p00,0.15,borrow,38,163,0.0,4,-0.42336175,-0.42336175,-0.42336175,1.0407742,0.0,0.091038644,0.0,0.0,0.15,0.0,0.0,0.42336175,0.42336175,-27.947788,2.289749,0.76324964,0.120000005,0.0,0.17573436,0.0,0.0
hardzero_only__c0p58__z1p00__lam0p000__nu0p50__psi0p00,0.15,borrow,38,164,0.0,4,-0.42336175,-0.40616837,-0.40616837,0.94073033,0.11462244,0.11462244,1.0,0.017193366,0.15,0.0,0.0,0.42336175,0.40616837,-26.156267,2.069648,0.6898827,0.16000001,0.0,0.15346655,0.0,0.0
hardzero_only__c0p58__z1p00__lam0p000__nu0p50__psi0p00,0.15,borrow,38,165,0.0,4,-0.40616837,-0.3911256,-0.3911256,0.99876326,0.10028517,0.10028517,1.0,0.015042776,0.15,0.0,0.0,0.40616837,0.3911256,-27.822233,2.197323,0.73244107,0.256,0.0,0.19530892,0.0,0.0
hardzero_only__c0p58__z1p00__lam0p000__nu0p50__psi0p00,0.15,borrow,38,166,0.0,4,-0.3911256,-0.37569514,-0.37569514,0.9877124,0.10286974,0.10286974,1.0,0.015430462,0.15,0.0,0.0,0.3911256,0.37569514,-26.959368,2.1730106,0.72433686,0.128,0.0,0.15337108,0.0,0.0
hardzero_only__c0p58__z1p00__lam0p000__nu0p50__psi0p00,0.15,borrow,38,167,0.0,4,-0.37569514,-0.37569514,-0.37569514,1.0056696,0.0,0.09870302,0.0,0.0,0.15,0.0,0.0,0.37569514,0.37569514,-27.035692,2.2125173,0.7375058,0.128,0.0,0.15532863,0.0,0.0
hardzero_only__c0p58__z1p00__lam0p000__nu0p50__psi0p00,0.15,borrow,38,168,0.0,4,-0.37569514,-0.3574305,-0.3574305,0.91447985,0.12176436,0.12176436,1.0,0.018264655,0.15,0.0,0.0,0.37569514,0.3574305,-25.732433,2.011896,0.670632,0.23200001,0.008,0.13506255,0.0,0.0
hardzero_only__c0p58__z1p00__lam0p000__nu0p50__psi0p00,0.15,borrow,38,169,0.0,4,-0.3574305,-0.34221217,-0.34221217,0.9937247,0.10145543,0.10145543,1.0,0.015218315,0.15,0.0,0.0,0.3574305,0.34221217,-25.39329,2.186238,0.72874606,0.14999999,0.0,0.12978336,0.0,0.0
hardzero_only__c0p58__z1p00__lam0p000__nu0p50__psi0p00,0.15,borrow,38,170,0.0,4,-0.34221217,-0.32713416,-0.32713416,0.997747,0.10052012,0.10052012,1.0,0.015078018,0.15,0.0,0.0,0.34221217,0.32713416,-26.96311,2.1950872,0.7316958,0.216,0.0,0.1672093,0.0,0.0
hardzero_only__c0p58__z1p00__lam0p000__nu0p50__psi0p00,0.15,borrow,38,171,0.0,4,-0.32713416,-0.3117964,-0.3117964,0.9903291,0.102251776,0.102251776,1.0,0.015337767,0.15,0.0,0.0,0.32713416,0.3117964,-26.751373,2.1787674,0.72625583,0.17600001,0.0,0.16022009,0.0,0.0
hardzero_only__c0p58__z1p00__lam0p000__nu0p50__psi0p00,0.15,borrow,38,172,0.0,4,-0.3117964,-0.2954489,-0.2954489,0.9626399,0.10898333,0.10898333,1.0,0.0163475,0.15,0.0,0.0,0.3117964,0.2954489,-25.237614,2.11785,0.70595,0.216,0.0,0.14394577,0.0,0.0
hardzero_only__c0p58__z1p00__lam0p000__nu0p50__psi0p00,0.15,borrow,38,173,0.0,4,-0.2954489,-0.2954489,-0.2954489,1.0044968,0.0,0.098969914,0.0,0.0,0.15,0.0,0.0,0.2954489,0.2954489,-26.739763,2.209937,0.7366457,0.18400002,0.0,0.19366397,0.0,0.0
hardzero_only__c0p58__z1p00__lam0p000__nu0p50__psi0p00,0.15,borrow,38,174,0.0,4,-0.2954489,-0.2954489,-0.2954489,1.0272434,0.0,0.093919694,0.0,0.0,0.15,0.0,0.0,0.2954489,0.2954489,-27.845154,2.2599807,0.7533269,0.16800001,0.0,0.1584316,0.0,0.0
hardzero_only__c0p58__z1p00__lam0p000__nu0p50__psi0p00,0.15,borrow,38,175,0.0,4,-0.2954489,-0.27951708,-0.27951708,0.97382617,0.10621206,0.10621206,1.0,0.01593181,0.15,0.0,0.0,0.2954489,0.27951708,-26.594156,2.1424603,0.71415347,0.16000001,0.0,0.16191626,0.0,0.0
hardzero_only__c0p58__z1p00__lam0p000__nu0p50__psi0p00,0.15,borrow,38,176,0.0,4,-0.27951708,-0.27951708,-0.27951708,1.0119116,0.0,0.097294524,0.0,0.0,0.15,0.0,0.0,0.27951708,0.27951708,-27.62557,2.22625,0.7420833,0.15200001,0.0,0.17282043,0.0,0.0
hardzero_only__c0p58__z1p00__lam0p000__nu0p50__psi0p00,0.15,borrow,38,177,0.0,4,-0.27951708,-0.26296577,-0.26296577,0.9572586,0.110342145,0.110342145,1.0,0.016551323,0.15,0.0,0.0,0.27951708,0.26296577,-27.095415,2.106011,0.70200366,0.17600001,0.0,0.15358067,0.0,0.0
hardzero_only__c0p58__z1p00__lam0p000__nu0p50__psi0p00,0.15,borrow,38,178,0.0,4,-0.26296577,-0.26296577,-0.26296577,1.0117561,0.0,0.09732937,0.0,0.0,0.15,0.0,0.0,0.26296577,0.26296577,-27.116539,2.2259078,0.7419693,0.2,0.0,0.16797037,0.0,0.0
hardzero_only__c0p58__z1p00__lam0p000__nu0p50__psi0p00,0.15,borrow,38,179,0.0,4,-0.26296577,-0.24664865,-0.24664865,0.963448,0.10878074,0.10878074,1.0,0.016317112,0.15,0.0,0.0,0.26296577,0.24664865,-26.648424,2.119628,0.7065427,0.192,0.0,0.1734579,0.0,0.0
hardzero_only__c0p58__z1p00__lam0p000__nu0p50__psi0p00,0.15,borrow,38,180,0.0,4,-0.24664865,-0.24664865,-0.24664865,1.0311991,0.0,0.09306811,0.0,0.0,0.15,0.0,0.0,0.24664865,0.24664865,-27.428188,2.2686834,0.75622785,0.128,0.0,0.18003151,0.0,0.0
hardzero_only__c0p58__z1p00__lam0p000__nu0p50__psi0p00,0.15,borrow,38,181,0.0,4,-0.24664865,-0.24664865,-0.24664865,1.0268825,0.0,0.09399774,0.0,0.0,0.15,0.0,0.0,0.24664865,0.24664865,-26.565563,2.2591867,0.75306225,0.18400002,0.0,0.1528469,0.0,0.0
hardzero_only__c0p58__z1p00__lam0p000__nu0p50__psi0p00,0.15,borrow,38,182,0.0,4,-0.24664865,-0.24664865,-0.24664865,1.0149809,0.0,0.096609324,0.0,0.0,0.15,0.0,0.0,0.24664865,0.24664865,-27.610918,2.2330027,0.7443342,0.19,0.0,0.16390242,0.0,0.0
hardzero_only__c0p58__z1p00__lam0p000__nu0p50__psi0p00,0.15,borrow,38,183,0.0,4,-0.24664865,-0.22939193,-0.22939193,0.93913305,0.11504478,0.11504478,1.0,0.017256718,0.15,0.0,0.0,0.24664865,0.22939193,-26.695898,2.066134,0.68871135,0.208,0.0,0.17382276,0.0,0.0
hardzero_only__c0p58__z1p00__lam0p000__nu0p50__psi0p00,0.15,borrow,38,184,0.0,4,-0.22939193,-0.21380547,-0.21380547,0.9833438,0.103909716,0.103909716,1.0,0.015586458,0.15,0.0,0.0,0.22939193,0.21380547,-27.062838,2.1633995,0.7211332,0.17600001,0.0,0.15741026,0.0,0.0
hardzero_only__c0p58__z1p00__lam0p000__nu0p50__psi0p00,0.15,borrow,38,185,0.0,4,-0.21380547,-0.19744287,-0.19744287,0.96223927,0.109083906,0.109083906,1.0,0.016362587,0.15,0.0,0.0,0.21380547,0.19744287,-25.723465,2.1169686,0.70565623,0.08800001,0.0,0.13082741,0.0,0.0
hardzero_only__c0p58__z1p00__lam0p000__nu0p50__psi0p00,0.15,borrow,38,186,0.0,4,-0.19744287,-0.18210301,-0.18210301,0.99026966,0.10226577,0.10226577,1.0,0.015339865,0.15,0.0,0.0,0.19744287,0.18210301,-26.92224,2.1786368,0.72621226,0.16800001,0.0,0.16921891,0.0,0.0
hardzero_only__c0p58__z1p00__lam0p000__nu0p50__psi0p00,0.15,borrow,38,187,0.0,4,-0.18210301,-0.16410072,-0.16410072,0.9207635,0.12001528,0.12001528,1.0,0.018002292,0.15,0.0,0.0,0.18210301,0.16410072,-26.41724,2.0257201,0.67524004,0.208,0.0,0.12838583,0.0,0.0
hardzero_only__c0p58__z1p00__lam0p000__nu0p50__psi0p00,0.15,borrow,38,188,0.0,4,-0.16410072,-0.1486494,-0.1486494,0.98712546,0.103008844,0.103008844,1.0,0.015451327,0.15,0.0,0.0,0.16410072,0.1486494,-27.11252,2.1717193,0.72390646,0.16000001,0.0,0.15219778,0.0,0.0
hardzero_only__c0p58__z1p00__lam0p000__nu0p50__psi0p00,0.15,borrow,38,189,0.0,4,-0.1486494,-0.1328507,-0.1328507,0.9774702,0.10532459,0.10532459,1.0,0.01579869,0.15,0.0,0.0,0.1486494,0.1328507,-26.64222,2.1504774,0.71682584,0.136,0.0,0.14756237,0.0,0.0
hardzero_only__c0p58__z1p00__lam0p000__nu0p50__psi0p00,0.15,borrow,38,190,0.0,4,-0.1328507,-0.1328507,-0.1328507,1.0031434,0.0,0.09927882,0.0,0.0,0.15,0.0,0.0,0.1328507,0.1328507,-27.880865,2.2069595,0.73565316,0.104,0.0,0.18422942,0.0,0.0
hardzero_only__c0p58__z1p00__lam0p000__nu0p50__psi0p00,0.15,borrow,38,191,0.0,4,-0.1328507,-0.117117316,-0.117117316,0.97926885,0.10488929,0.10488929,1.0,0.015733395,0.15,0.0,0.0,0.1328507,0.117117316,-26.520102,2.1544344,0.71814483,0.216,0.0,0.17034099,0.0,0.0
hardzero_only__c0p58__z1p00__lam0p000__nu0p50__psi0p00,0.15,borrow,38,192,0.0,4,-0.117117316,-0.10124609,-0.10124609,0.97548085,0.10580816,0.10580816,1.0,0.015871225,0.15,0.0,0.0,0.117117316,0.10124609,-27.079561,2.1461008,0.71536696,0.15200001,0.0,0.1443157,0.0,0.0
hardzero_only__c0p58__z1p00__lam0p000__nu0p50__psi0p00,0.15,borrow,38,193,0.0,4,-0.10124609,-0.08614919,-0.08614919,0.9972037,0.100645944,0.100645944,1.0,0.015096893,0.15,0.0,0.0,0.10124609,0.08614919,-27.17663,2.193892,0.7312974,0.16000001,0.0,0.15020528,0.0,0.0
hardzero_only__c0p58__z1p00__lam0p000__nu0p50__psi0p00,0.15,borrow,38,194,0.0,4,-0.08614919,-0.08614919,-0.08614919,1.0423357,0.0,0.09071189,0.0,0.0,0.15,0.0,0.0,0.08614919,0.08614919,-28.31988,2.2931845,0.7643949,0.112,0.0,0.153506,0.0,0.0
hardzero_only__c0p58__z1p00__lam0p000__nu0p50__psi0p00,0.15,borrow,38,195,0.0,4,-0.08614919,-0.08614919,-0.08614919,1.0631974,0.0,0.08645748,0.0,0.0,0.15,0.0,0.0,0.08614919,0.08614919,-28.835218,2.339081,0.7796937,0.13,0.0,0.1643498,0.0,0.0
hardzero_only__c0p58__z1p00__lam0p000__nu0p50__psi0p00,0.15,borrow,38,196,0.0,4,-0.08614919,-0.06927535,-0.06927535,0.94887716,0.1124923,0.1124923,1.0,0.016873846,0.15,0.0,0.0,0.08614919,0.06927535,-25.868998,2.0875714,0.69585717,0.2,0.0,0.15505977,0.0,0.0
hardzero_only__c0p58__z1p00__lam0p000__nu0p50__psi0p00,0.15,borrow,38,197,0.0,4,-0.06927535,-0.052622773,-0.052622773,0.95460993,0.11101716,0.11101716,1.0,0.016652575,0.15,0.0,0.0,0.06927535,0.052622773,-26.582079,2.1001837,0.70006126,0.208,0.0,0.1545571,0.0,0.0
hardzero_only__c0p58__z1p00__lam0p000__nu0p50__psi0p00,0.15,borrow,38,198,0.0,4,-0.052622773,-0.036197837,-0.036197837,0.96058756,0.109499566,0.109499566,1.0,0.016424935,0.15,0.0,0.0,0.052622773,0.036197837,-27.140333,2.113335,0.704445,0.24000001,0.0,0.15657018,0.0,0.0
hardzero_only__c0p58__z1p00__lam0p000__nu0p50__psi0p00,0.15,borrow,38,199,0.0,4,-0.036197837,-0.021065038,-0.021065038,0.99617195,0.10088533,0.10088533,1.0,0.015132801,0.15,0.0,0.0,0.036197837,0.021065038,-27.29248,2.191622,0.7305407,0.16800001,0.0,0.17510378,0.0,0.0
hardzero_only__c0p58__z1p00__lam0p000__nu0p50__psi0p00,0.15,borrow,38,200,0.0,4,-0.021065038,-0.021065038,-0.021065038,1.0126233,0.0,0.0971352,0.0,0.0,0.15,0.0,0.0,0.021065038,0.021065038,-27.0048,2.2278159,0.7426053,0.096,0.0,0.17385687,0.0,0.0
hardzero_only__c0p58__z1p00__lam0p000__nu0p50__psi0p00,0.15,borrow,38,201,0.0,4,-0.021065038,-0.021065038,-0.021065038,1.0502155,0.0,0.089080885,0.0,0.0,0.15,0.0,0.0,0.021065038,0.021065038,-28.516603,2.3105202,0.77017343,0.16000001,0.0,0.17496212,0.0,0.0
hardzero_only__c0p58__z1p00__lam0p000__nu0p50__psi0p00,0.15,borrow,38,202,0.0,4,-0.021065038,-0.00427345,-0.00427345,0.95099956,0.11194391,0.11194391,1.0,0.016791588,0.15,0.0,0.0,0.021065038,0.00427345,-26.259283,2.0922408,0.6974136,0.208,0.0,0.15966749,0.0,0.0
hardzero_only__c0p58__z1p00__lam0p000__nu0p50__psi0p00,0.15,borrow,38,203,1.0,5,-0.00427345,-0.58427346,-0.58427346,1.02448,0.0,0.0945192,0.0,0.0,0.15,0.0,0.0,0.00427345,0.58427346,-27.306108,2.253901,0.75130033,0.128,0.0,0.1671261,0.0,0.0
hardzero_only__c0p58__z1p00__lam0p000__nu0p50__psi0p00,0.15,borrow,38,204,0.0,5,-0.58427346,-0.56805366,-0.56805366,0.96604544,0.108132064,0.108132064,1.0,0.01621981,0.15,0.0,0.0,0.58427346,0.56805366,-26.816067,2.1253424,0.70844746,0.15200001,0.0,0.15940349,0.0,0.0
hardzero_only__c0p58__z1p00__lam0p000__nu0p50__psi0p00,0.15,borrow,38,205,0.0,5,-0.56805366,-0.55228126,-0.55228126,0.9781929,0.10514946,0.10514946,1.0,0.01577242,0.15,0.0,0.0,0.56805366,0.55228126,-26.419615,2.1520674,0.71735585,0.17600001,0.0,0.16400068,0.0,0.0
hardzero_only__c0p58__z1p00__lam0p000__nu0p50__psi0p00,0.15,borrow,38,206,0.0,5,-0.55228126,-0.5345094,-0.5345094,0.92635864,0.11847898,0.11847898,1.0,0.017771848,0.15,0.0,0.0,0.55228126,0.5345094,-26.06591,2.0380297,0.6793432,0.224,0.0,0.1576575,0.0,0.0
hardzero_only__c0p58__z1p00__lam0p000__nu0p50__psi0p00,0.15,borrow,38,207,0.0,5,-0.5345094,-0.51718646,-0.51718646,0.93746966,0.11548626,0.11548626,1.0,0.017322939,0.15,0.0,0.0,0.5345094,0.51718646,-27.073887,2.0624745,0.68749154,0.23200001,0.0,0.14894913,0.0,0.0
hardzero_only__c0p58__z1p00__lam0p000__nu0p50__psi0p00,0.15,borrow,38,208,0.0,5,-0.51718646,-0.49975768,-0.49975768,0.93482375,0.11619199,0.11619199,1.0,0.017428799,0.15,0.0,0.0,0.51718646,0.49975768,-26.468567,2.0566533,0.6855511,0.19,0.0,0.17683853,0.0,0.0
hardzero_only__c0p58__z1p00__lam0p000__nu0p50__psi0p00,0.15,borrow,38,209,0.0,5,-0.49975768,-0.48373443,-0.48373443,0.9713409,0.1068216,0.1068216,1.0,0.016023241,0.15,0.0,0.0,0.49975768,0.48373443,-26.682898,2.1369927,0.71233094,0.16800001,0.0,0.18536973,0.0,0.0
hardzero_only__c0p58__z1p00__lam0p000__nu0p50__psi0p00,0.15,borrow,38,210,0.0,5,-0.48373443,-0.46823004,-0.46823004,0.9856368,0.10336254,0.10336254,1.0,0.015504382,0.15,0.0,0.0,0.48373443,0.46823004,-27.630735,2.1684442,0.72281474,0.224,0.008,0.15657675,0.0,0.0
hardzero_only__c0p58__z1p00__lam0p000__nu0p50__psi0p00,0.15,borrow,38,211,0.0,5,-0.46823004,-0.45266572,-0.45266572,0.98396116,0.10376212,0.10376212,1.0,0.015564319,0.15,0.0,0.0,0.46823004,0.45266572,-26.876835,2.1647577,0.7215859,0.192,0.0,0.15536575,0.0,0.0
hardzero_only__c0p58__z1p00__lam0p000__nu0p50__psi0p00,0.15,borrow,38,212,0.0,5,-0.45266572,-0.4351102,-0.4351102,0.9316779,0.1170367,0.1170367,1.0,0.017555505,0.15,0.0,0.0,0.45266572,0.4351102,-25.871006,2.0497322,0.6832441,0.16800001,0.0,0.16145936,0.0,0.0
hardzero_only__c0p58__z1p00__lam0p000__nu0p50__psi0p00,0.15,borrow,38,213,0.0,5,-0.4351102,-0.4351102,-0.4351102,1.0093406,0.0,0.09787219,0.0,0.0,0.15,0.0,0.0,0.4351102,0.4351102,-27.828596,2.2205937,0.7401979,0.16000001,0.0,0.16371356,0.0,0.0
hardzero_only__c0p58__z1p00__lam0p000__nu0p50__psi0p00,0.15,borrow,38,214,0.0,5,-0.4351102,-0.41895458,-0.41895458,0.96776766,0.107704125,0.107704125,1.0,0.01615562,0.15,0.0,0.0,0.4351102,0.41895458,-26.860857,2.1291313,0.7097105,0.16800001,0.0,0.14020531,0.0,0.0
hardzero_only__c0p58__z1p00__lam0p000__nu0p50__psi0p00,0.15,borrow,38,215,0.0,5,-0.41895458,-0.40369597,-0.40369597,0.99257654,0.10172401,0.10172401,1.0,0.015258603,0.15,0.0,0.0,0.41895458,0.40369597,-27.311314,2.183712,0.727904,0.15200001,0.0,0.16521338,0.0,0.0
hardzero_only__c0p58__z1p00__lam0p000__nu0p50__psi0p00,0.15,borrow,38,216,0.0,5,-0.40369597,-0.38631272,-0.38631272,0.93596,0.11588841,0.11588841,1.0,0.017383263,0.15,0.0,0.0,0.40369597,0.38631272,-26.087063,2.059153,0.6863844,0.18400002,0.0,0.16636457,0.0,0.0
hardzero_only__c0p58__z1p00__lam0p000__nu0p50__psi0p00,0.15,borrow,38,217,0.0,5,-0.38631272,-0.3704911,-0.3704911,0.9768397,0.1054776,0.1054776,1.0,0.015821641,0.15,0.0,0.0,0.38631272,0.3704911,-26.778923,2.1490903,0.71636343,0.192,0.0,0.1463339,0.0,0.0
hardzero_only__c0p58__z1p00__lam0p000__nu0p50__psi0p00,0.15,borrow,38,218,0.0,5,-0.3704911,-0.35305783,-0.35305783,0.9347125,0.11622178,0.11622178,1.0,0.017433267,0.15,0.0,0.0,0.3704911,0.35305783,-26.874012,2.0564086,0.68546957,0.16000001,0.0,0.13828796,0.0,0.0
hardzero_only__c0p58__z1p00__lam0p000__nu0p50__psi0p00,0.15,borrow,38,219,0.0,5,-0.35305783,-0.3370795,-0.3370795,0.97255933,0.10652233,0.10652233,1.0,0.01597835,0.15,0.0,0.0,0.35305783,0.3370795,-26.929058,2.1396732,0.7132244,0.192,0.0,0.14420542,0.0,0.0
hardzero_only__c0p58__z1p00__lam0p000__nu0p50__psi0p00,0.15,borrow,38,220,0.0,5,-0.3370795,-0.32034782,-0.32034782,0.9525521,0.111544445,0.111544445,1.0,0.016731668,0.15,0.0,0.0,0.3370795,0.32034782,-26.219961,2.0956564,0.69855213,0.128,0.0,0.15721229,0.0,0.0
hardzero_only__c0p58__z1p00__lam0p000__nu0p50__psi0p00,0.15,borrow,38,221,0.0,5,-0.32034782,-0.32034782,-0.32034782,1.0031008,0.0,0.099288575,0.0,0.0,0.15,0.0,0.0,0.32034782,0.32034782,-27.333935,2.2068658,0.7356219,0.17,0.0,0.15661703,0.0,0.0
hardzero_only__c0p58__z1p00__lam0p000__nu0p50__psi0p00,0.15,borrow,38,222,0.0,5,-0.32034782,-0.3031686,-0.3031686,0.941088,0.11452809,0.11452809,1.0,0.017179213,0.15,0.0,0.0,0.32034782,0.3031686,-26.186531,2.070435,0.690145,0.264,0.0,0.1626739,0.0,0.0
hardzero_only__c0p58__z1p00__lam0p000__nu0p50__psi0p00,0.15,borrow,38,223,0.0,5,-0.3031686,-0.28783903,-0.28783903,0.99056154,0.10219706,0.10219706,1.0,0.015329559,0.15,0.0,0.0,0.3031686,0.28783903,-27.129147,2.1792789,0.7264263,0.18400002,0.0,0.16454484,0.0,0.0
hardzero_only__c0p58__z1p00__lam0p000__nu0p50__psi0p00,0.15,borrow,38,224,0.0,5,-0.28783903,-0.27025154,-0.27025154,0.9308873,0.11724997,0.11724997,1.0,0.017587496,0.15,0.0,0.0,0.28783903,0.27025154,-26.147793,2.047993,0.68266433,0.208,0.0,0.13914889,0.0,0.0
hardzero_only__c0p58__z1p00__lam0p000__nu0p50__psi0p00,0.15,borrow,38,225,0.0,5,-0.27025154,-0.2529406,-0.2529406,0.9377702,0.11540636,0.11540636,1.0,0.017310955,0.15,0.0,0.0,0.27025154,0.2529406,-26.446745,2.0631356,0.6877119,0.18400002,0.0,0.17699613,0.0,0.0
hardzero_only__c0p58__z1p00__lam0p000__nu0p50__psi0p00,0.15,borrow,38,226,0.0,5,-0.2529406,-0.23443061,-0.23443061,0.90868527,0.12339987,0.12339987,1.0,0.01850998,0.15,0.0,0.0,0.2529406,0.23443061,-26.105541,1.9991475,0.66638255,0.28800002,0.0,0.15153092,0.0,0.0
hardzero_only__c0p58__z1p00__lam0p000__nu0p50__psi0p00,0.15,borrow,38,227,0.0,5,-0.23443061,-0.23443061,-0.23443061,1.0038689,0.0,0.0991131,0.0,0.0,0.15,0.0,0.0,0.23443061,0.23443061,-26.681679,2.2085557,0.73618525,0.136,0.0,0.14120533,0.0,0.0
hardzero_only__c0p58__z1p00__lam0p000__nu0p50__psi0p00,0.15,borrow,38,228,0.0,5,-0.23443061,-0.23443061,-0.23443061,1.0203066,0.0,0.09543185,0.0,0.0,0.15,0.0,0.0,0.23443061,0.23443061,-27.35147,2.2447193,0.74823976,0.2,0.0,0.18606366,0.0,0.0
hardzero_only__c0p58__z1p00__lam0p000__nu0p50__psi0p00,0.15,borrow,38,229,0.0,5,-0.23443061,-0.21813801,-0.21813801,0.9641006,0.108617395,0.108617395,1.0,0.01629261,0.15,0.0,0.0,0.23443061,0.21813801,-26.643776,2.1210637,0.70702124,0.17600001,0.0,0.13190801,0.0,0.0
hardzero_only__c0p58__z1p00__lam0p000__nu0p50__psi0p00,0.15,borrow,38,230,0.0,5,-0.21813801,-0.201832,-0.201832,0.96374357,0.10870672,0.10870672,1.0,0.01630601,0.15,0.0,0.0,0.21813801,0.201832,-28.055044,2.1202781,0.7067594,0.14400001,0.0,0.16148998,0.0,0.0
hardzero_only__c0p58__z1p00__lam0p000__nu0p50__psi0p00,0.15,borrow,38,231,0.0,5,-0.201832,-0.1854669,-0.1854669,0.9621725,0.10910068,0.10910068,1.0,0.016365102,0.15,0.0,0.0,0.201832,0.1854669,-26.81151,2.1168218,0.7056073,0.264,0.0,0.14219776,0.0,0.0
hardzero_only__c0p58__z1p00__lam0p000__nu0p50__psi0p00,0.15,borrow,38,232,0.0,5,-0.1854669,-0.16772442,-0.16772442,0.9270769,0.11828322,0.11828322,1.0,0.017742483,0.15,0.0,0.0,0.1854669,0.16772442,-25.519896,2.03961,0.67987,0.136,0.0,0.13166496,0.0,0.0
hardzero_only__c0p58__z1p00__lam0p000__nu0p50__psi0p00,0.15,borrow,38,233,0.0,5,-0.16772442,-0.16772442,-0.16772442,1.0033536,0.0,0.09923078,0.0,0.0,0.15,0.0,0.0,0.16772442,0.16772442,-26.421515,2.207422,0.73580736,0.14400001,0.0,0.16585043,0.0,0.0
hardzero_only__c0p58__z1p00__lam0p000__nu0p50__psi0p00,0.15,borrow,38,234,0.0,5,-0.16772442,-0.14944091,-0.14944091,0.9140321,0.12188995,0.12188995,1.0,0.018283494,0.15,0.0,0.0,0.16772442,0.14944091,-25.127697,2.0109107,0.6703036,0.16,0.0,0.12947673,0.0,0.0
hardzero_only__c0p58__z1p00__lam0p000__nu0p50__psi0p00,0.15,borrow,38,235,0.0,5,-0.14944091,-0.13343702,-0.13343702,0.97186565,0.106692605,0.106692605,1.0,0.016003892,0.15,0.0,0.0,0.14944091,0.13343702,-26.10983,2.138147,0.71271574,0.16800001,0.0,0.1786323,0.0,0.0
hardzero_only__c0p58__z1p00__lam0p000__nu0p50__psi0p00,0.15,borrow,38,236,0.0,5,-0.13343702,-0.11748615,-0.11748615,0.97330683,0.10633915,0.10633915,1.0,0.015950873,0.15,0.0,0.0,0.13343702,0.11748615,-27.096346,2.1413178,0.71377265,0.208,0.0,0.15493523,0.0,0.0
hardzero_only__c0p58__z1p00__lam0p000__nu0p50__psi0p00,0.15,borrow,38,237,0.0,5,-0.11748615,-0.11748615,-0.11748615,1.000186,0.0,0.09995718,0.0,0.0,0.15,0.0,0.0,0.11748615,0.11748615,-27.094315,2.200453,0.7334844,0.208,0.0,0.17683503,0.0,0.0
hardzero_only__c0p58__z1p00__lam0p000__nu0p50__psi0p00,0.15,borrow,38,238,0.0,5,-0.11748615,-0.100859664,-0.100859664,0.9552908,0.110843234,0.110843234,1.0,0.016626487,0.15,0.0,0.0,0.11748615,0.100859664,-27.005608,2.1016817,0.70056057,0.16000001,0.0,0.14994495,0.0,0.0
hardzero_only__c0p58__z1p00__lam0p000__nu0p50__psi0p00,0.15,borrow,38,239,0.0,5,-0.100859664,-0.100859664,-0.100859664,1.0539932,0.0,0.088309355,0.0,0.0,0.15,0.0,0.0,0.100859664,0.100859664,-28.040323,2.3188314,0.77294385,0.120000005,0.0,0.17173532,0.0,0.0
hardzero_only__c0p58__z1p00__lam0p000__nu0p50__psi0p00,0.15,borrow,38,240,0.0,5,-0.100859664,-0.100859664,-0.100859664,1.0025451,0.0,0.09941568,0.0,0.0,0.15,0.0,0.0,0.100859664,0.100859664,-27.197445,2.2056432,0.7352144,0.16000001,0.0,0.1605285,0.0,0.0
hardzero_only__c0p58__z1p00__lam0p000__nu0p50__psi0p00,0.15,borrow,38,241,0.0,5,-0.100859664,-0.100859664,-0.100859664,1.0128033,0.0,0.09709496,0.0,0.0,0.15,0.0,0.0,0.100859664,0.100859664,-27.696693,2.2282119,0.7427373,0.24000001,0.0,0.20348443,0.0,0.0
hardzero_only__c0p58__z1p00__lam0p000__nu0p50__psi0p00,0.15,borrow,38,242,0.0,5,-0.100859664,-0.08316649,-0.08316649,0.92828554,0.11795449,0.11795449,1.0,0.017693175,0.15,0.0,0.0,0.100859664,0.08316649,-25.872124,2.042269,0.68075633,0.14400001,0.0,0.14225465,0.0,0.0
hardzero_only__c0p58__z1p00__lam0p000__nu0p50__psi0p00,0.15,borrow,38,243,0.0,5,-0.08316649,-0.06809937,-0.06809937,0.99806106,0.10044745,0.10044745,1.0,0.015067118,0.15,0.0,0.0,0.08316649,0.06809937,-26.604622,2.1957781,0.7319261,0.136,0.0,0.14946876,0.0,0.0
hardzero_only__c0p58__z1p00__lam0p000__nu0p50__psi0p00,0.15,borrow,38,244,0.0,5,-0.06809937,-0.051753808,-0.051753808,0.96269137,0.10897042,0.10897042,1.0,0.016345564,0.15,0.0,0.0,0.06809937,0.051753808,-26.568289,2.1179633,0.7059878,0.16800001,0.0,0.1450792,0.0,0.0
hardzero_only__c0p58__z1p00__lam0p000__nu0p50__psi0p00,0.15,borrow,38,245,0.0,5,-0.051753808,-0.051753808,-0.051753808,1.009846,0.0,0.097758375,0.0,0.0,0.15,0.0,0.0,0.051753808,0.051753808,-27.096277,2.2217054,0.7405685,0.15200001,0.0,0.16807337,0.0,0.0
hardzero_only__c0p58__z1p00__lam0p000__nu0p50__psi0p00,0.15,borrow,38,246,0.0,5,-0.051753808,-0.03581406,-0.03581406,0.97360986,0.106264964,0.106264964,1.0,0.015939746,0.15,0.0,0.0,0.051753808,0.03581406,-26.583572,2.1419845,0.71399486,0.2,0.0,0.15520161,0.0,0.0
hardzero_only__c0p58__z1p00__lam0p000__nu0p50__psi0p00,0.15,borrow,38,247,0.0,5,-0.03581406,-0.01960392,-0.01960392,0.9663044,0.10806761,0.10806761,1.0,0.016210143,0.15,0.0,0.0,0.03581406,0.01960392,-26.814907,2.1259122,0.7086374,0.19999999,0.0,0.14783737,0.0,0.0
hardzero_only__c0p58__z1p00__lam0p000__nu0p50__psi0p00,0.15,borrow,38,248,1.0,6,-0.01960392,-0.58388776,-0.58388776,0.97974557,0.104774214,0.104774214,1.0,0.015716134,0.15,0.0,0.0,0.01960392,0.58388776,-26.972904,2.1554832,0.7184944,0.208,0.0,0.17110248,0.0,0.0
hardzero_only__c0p58__z1p00__lam0p000__nu0p50__psi0p00,0.15,borrow,38,249,0.0,6,-0.58388776,-0.5671528,-0.5671528,0.9524673,0.1115662,0.1115662,1.0,0.016734932,0.15,0.0,0.0,0.58388776,0.5671528,-25.988672,2.09547,0.69849,0.18400002,0.0,0.14083461,0.0,0.0
hardzero_only__c0p58__z1p00__lam0p000__nu0p50__psi0p00,0.15,borrow,38,250,0.0,6,-0.5671528,-0.5671528,-0.5671528,1.0086353,0.0,0.0980313,0.0,0.0,0.15,0.0,0.0,0.5671528,0.5671528,-27.751717,2.2190418,0.73968065,0.136,0.0,0.1597288,0.0,0.0
hardzero_only__c0p58__z1p00__lam0p000__nu0p50__psi0p00,0.15,borrow,38,251,0.0,6,-0.5671528,-0.55007774,-0.55007774,0.94372857,0.113833845,0.113833845,1.0,0.017075077,0.15,0.0,0.0,0.5671528,0.55007774,-25.829752,2.0762444,0.69208145,0.24800001,0.0,0.16048186,0.0,0.0
hardzero_only__c0p58__z1p00__lam0p000__nu0p50__psi0p00,0.15,borrow,38,252,0.0,6,-0.55007774,-0.53261906,-0.53261906,0.93408,0.11639115,0.11639115,1.0,0.017458674,0.15,0.0,0.0,0.55007774,0.53261906,-25.911541,2.055017,0.68500566,0.216,0.0,0.14516056,0.0,0.0
hardzero_only__c0p58__z1p00__lam0p000__nu0p50__psi0p00,0.15,borrow,38,253,0.0,6,-0.53261906,-0.5171448,-0.5171448,0.9864815,0.10316169,0.10316169,1.0,0.015474254,0.15,0.0,0.0,0.53261906,0.5171448,-27.023472,2.1703026,0.7234342,0.18400002,0.0,0.16986842,0.0,0.0
hardzero_only__c0p58__z1p00__lam0p000__nu0p50__psi0p00,0.15,borrow,38,254,0.0,6,-0.5171448,-0.5006207,-0.5006207,0.9579739,0.11016054,0.11016054,1.0,0.016524082,0.15,0.0,0.0,0.5171448,0.5006207,-26.661835,2.1075847,0.70252824,0.23200001,0.0,0.14826122,0.0,0.0
hardzero_only__c0p58__z1p00__lam0p000__nu0p50__psi0p00,0.15,borrow,38,255,0.0,6,-0.5006207,-0.48345798,-0.48345798,0.94150496,0.11441818,0.11441818,1.0,0.017162727,0.15,0.0,0.0,0.5006207,0.48345798,-25.834146,2.0713522,0.6904508,0.24800001,0.008,0.16646607,0.0,0.0
hardzero_only__c0p58__z1p00__lam0p000__nu0p50__psi0p00,0.15,borrow,38,256,0.0,6,-0.48345798,-0.46677977,-0.46677977,0.9539418,0.11118806,0.11118806,1.0,0.01667821,0.15,0.0,0.0,0.48345798,0.46677977,-26.096684,2.0987139,0.6995713,0.23200001,0.0,0.1552547,0.0,0.0
hardzero_only__c0p58__z1p00__lam0p000__nu0p50__psi0p00,0.15,borrow,38,257,0.0,6,-0.46677977,-0.45080027,-0.45080027,0.972528,0.106530026,0.106530026,1.0,0.015979504,0.15,0.0,0.0,0.46677977,0.45080027,-27.046995,2.1396043,0.71320146,0.192,0.0,0.18571791,0.0,0.0
hardzero_only__c0p58__z1p00__lam0p000__nu0p50__psi0p00,0.15,borrow,38,258,0.0,6,-0.45080027,-0.4345228,-0.4345228,0.96450484,0.10851634,0.10851634,1.0,0.016277453,0.15,0.0,0.0,0.45080027,0.4345228,-26.355688,2.121953,0.7073177,0.17600001,0.0,0.15667376,0.0,0.0
hardzero_only__c0p58__z1p00__lam0p000__nu0p50__psi0p00,0.15,borrow,38,259,0.0,6,-0.4345228,-0.4345228,-0.4345228,1.0060245,0.0,0.09862238,0.0,0.0,0.15,0.0,0.0,0.4345228,0.4345228,-27.487034,2.213298,0.737766,0.192,0.0,0.18504006,0.0,0.0
hardzero_only__c0p58__z1p00__lam0p000__nu0p50__psi0p00,0.15,borrow,38,260,0.0,6,-0.4345228,-0.4160787,-0.4160787,0.9102334,0.122960776,0.122960776,1.0,0.018444117,0.15,0.0,0.0,0.4345228,0.4160787,-25.512558,2.0025535,0.66751784,0.22,0.0,0.14486636,0.0,0.0
hardzero_only__c0p58__z1p00__lam0p000__nu0p50__psi0p00,0.15,borrow,38,261,0.0,6,-0.4160787,-0.39865863,-0.39865863,0.9350418,0.11613369,0.11613369,1.0,0.017420053,0.15,0.0,0.0,0.4160787,0.39865863,-25.713623,2.057133,0.685711,0.17600001,0.0,0.17395177,0.0,0.0
hardzero_only__c0p58__z1p00__lam0p000__nu0p50__psi0p00,0.15,borrow,38,262,0.0,6,-0.39865863,-0.3826155,-0.3826155,0.9708024,0.10695414,0.10695414,1.0,0.016043123,0.15,0.0,0.0,0.39865863,0.3826155,-26.654175,2.135808,0.711936,0.18400002,0.0,0.15562317,0.0,0.0
hardzero_only__c0p58__z1p00__lam0p000__nu0p50__psi0p00,0.15,borrow,38,263,0.0,6,-0.3826155,-0.36616075,-0.36616075,0.9597995,0.10969845,0.10969845,1.0,0.01645477,0.15,0.0,0.0,0.3826155,0.36616075,-26.152182,2.111601,0.7038671,0.16000001,0.0,0.16309609,0.0,0.0
hardzero_only__c0p58__z1p00__lam0p000__nu0p50__psi0p00,0.15,borrow,38,264,0.0,6,-0.36616075,-0.34787673,-0.34787673,0.91401976,0.121893406,0.121893406,1.0,0.018284012,0.15,0.0,0.0,0.36616075,0.34787673,-25.986456,2.0108836,0.6702945,0.2,0.0,0.15596381,0.0,0.0
hardzero_only__c0p58__z1p00__lam0p000__nu0p50__psi0p00,0.15,borrow,38,265,0.0,6,-0.34787673,-0.33118308,-0.33118308,0.95353967,0.11129107,0.11129107,1.0,0.016693661,0.15,0.0,0.0,0.34787673,0.33118308,-25.989525,2.097829,0.6992764,0.216,0.0,0.14311388,0.0,0.0
hardzero_only__c0p58__z1p00__lam0p000__nu0p50__psi0p00,0.15,borrow,38,266,0.0,6,-0.33118308,-0.3126343,-0.3126343,0.90777564,0.123658605,0.123658605,1.0,0.018548792,0.15,0.0,0.0,0.33118308,0.3126343,-25.71456,1.9971462,0.66571546,0.28800002,0.0,0.15723254,0.0,0.0
hardzero_only__c0p58__z1p00__lam0p000__nu0p50__psi0p00,0.15,borrow,38,267,0.0,6,-0.3126343,-0.29481128,-0.29481128,0.9251102,0.11882005,0.11882005,1.0,0.017823009,0.15,0.0,0.0,0.3126343,0.29481128,-25.19969,2.035283,0.6784277,0.192,0.0,0.1321269,0.0,0.0
hardzero_only__c0p58__z1p00__lam0p000__nu0p50__psi0p00,0.15,borrow,38,268,0.0,6,-0.29481128,-0.2775307,-0.2775307,0.9385327,0.11520392,0.11520392,1.0,0.017280588,0.15,0.0,0.0,0.29481128,0.2775307,-26.038788,2.0648131,0.68827105,0.224,0.0,0.15191042,0.0,0.0
hardzero_only__c0p58__z1p00__lam0p000__nu0p50__psi0p00,0.15,borrow,38,269,0.0,6,-0.2775307,-0.26107034,-0.26107034,0.9596521,0.109735675,0.109735675,1.0,0.016460352,0.15,0.0,0.0,0.2775307,0.26107034,-26.476109,2.1112769,0.70375896,0.208,0.0,0.17050156,0.0,0.0
hardzero_only__c0p58__z1p00__lam0p000__nu0p50__psi0p00,0.15,borrow,38,270,0.0,6,-0.26107034,-0.24516499,-0.24516499,0.9745481,0.10603565,0.10603565,1.0,0.015905349,0.15,0.0,0.0,0.26107034,0.24516499,-25.824333,2.1440487,0.71468294,0.104,0.0,0.1393229,0.0,0.0
hardzero_only__c0p58__z1p00__lam0p000__nu0p50__psi0p00,0.15,borrow,38,271,0.0,6,-0.24516499,-0.22874415,-0.22874415,0.960696,0.10947224,0.10947224,1.0,0.016420836,0.15,0.0,0.0,0.24516499,0.22874415,-25.687086,2.1135733,0.70452446,0.136,0.0,0.13557671,0.0,0.0
hardzero_only__c0p58__z1p00__lam0p000__nu0p50__psi0p00,0.15,borrow,38,272,0.0,6,-0.22874415,-0.21177131,-0.21177131,0.94633675,0.113152266,0.113152266,1.0,0.01697284,0.15,0.0,0.0,0.22874415,0.21177131,-26.088638,2.0819824,0.69399416,0.24000001,0.008,0.15485273,0.0,0.0
hardzero_only__c0p58__z1p00__lam0p000__nu0p50__psi0p00,0.15,borrow,38,273,0.0,6,-0.21177131,-0.19286972,-0.19286972,0.89959294,0.12601061,0.12601061,1.0,0.018901592,0.15,0.0,0.0,0.21177131,0.19286972,-25.270414,1.979144,0.6597147,0.17,0.0,0.15736732,0.0,0.0
hardzero_only__c0p58__z1p00__lam0p000__nu0p50__psi0p00,0.15,borrow,38,274,0.0,6,-0.19286972,-0.17690822,-0.17690822,0.9730178,0.10640994,0.10640994,1.0,0.01596149,0.15,0.0,0.0,0.19286972,0.17690822,-26.633251,2.140682,0.7135607,0.208,0.0,0.14341037,0.0,0.0
hardzero_only__c0p58__z1p00__lam0p000__nu0p50__psi0p00,0.15,borrow,38,275,0.0,6,-0.17690822,-0.16094296,-0.16094296,0.97291523,0.106435075,0.106435075,1.0,0.015965262,0.15,0.0,0.0,0.17690822,0.16094296,-27.130743,2.1404562,0.7134854,0.208,0.0,0.15959673,0.0,0.0
hardzero_only__c0p58__z1p00__lam0p000__nu0p50__psi0p00,0.15,borrow,38,276,0.0,6,-0.16094296,-0.14332284,-0.14332284,0.93008256,0.11746743,0.11746743,1.0,0.017620116,0.15,0.0,0.0,0.16094296,0.14332284,-26.490108,2.0462224,0.6820742,0.192,0.0,0.16730538,0.0,0.0
hardzero_only__c0p58__z1p00__lam0p000__nu0p50__psi0p00,0.15,borrow,38,277,0.0,6,-0.14332284,-0.12684993,-0.12684993,0.95932096,0.1098194,0.1098194,1.0,0.01647291,0.15,0.0,0.0,0.14332284,0.12684993,-25.82269,2.1105483,0.7035161,0.16800001,0.0,0.14341004,0.0,0.0
hardzero_only__c0p58__z1p00__lam0p000__nu0p50__psi0p00,0.15,borrow,38,278,0.0,6,-0.12684993,-0.11101285,-0.11101285,0.9764161,0.10558053,0.10558053,1.0,0.01583708,0.15,0.0,0.0,0.12684993,0.11101285,-26.537668,2.1481583,0.7160528,0.16800001,0.0,0.17807898,0.0,0.0
hardzero_only__c0p58__z1p00__lam0p000__nu0p50__psi0p00,0.15,borrow,38,279,0.0,6,-0.11101285,-0.09574038,-0.09574038,0.99218196,0.101816475,0.101816475,1.0,0.015272472,0.15,0.0,0.0,0.11101285,0.09574038,-27.188704,2.182844,0.72761464,0.18400002,0.008,0.17363434,0.0,0.0
hardzero_only__c0p58__z1p00__lam0p000__nu0p50__psi0p00,0.15,borrow,38,280,0.0,6,-0.09574038,-0.07842949,-0.07842949,0.9377719,0.11540592,0.11540592,1.0,0.017310888,0.15,0.0,0.0,0.09574038,0.07842949,-26.53589,2.0631394,0.68771315,0.17600001,0.0,0.15224478,0.0,0.0
hardzero_only__c0p58__z1p00__lam0p000__nu0p50__psi0p00,0.15,borrow,38,281,0.0,6,-0.07842949,-0.061307326,-0.061307326,0.9425326,0.11414775,0.11414775,1.0,0.017122164,0.15,0.0,0.0,0.07842949,0.061307326,-25.345509,2.0736132,0.6912044,0.14400001,0.0,0.15161765,0.0,0.0
hardzero_only__c0p58__z1p00__lam0p000__nu0p50__psi0p00,0.15,borrow,38,282,0.0,6,-0.061307326,-0.043890033,-0.043890033,0.93511057,0.11611528,0.11611528,1.0,0.017417293,0.15,0.0,0.0,0.061307326,0.043890033,-26.517204,2.0572844,0.68576145,0.216,0.0,0.16016047,0.0,0.0
hardzero_only__c0p58__z1p00__lam0p000__nu0p50__psi0p00,0.15,borrow,38,283,0.0,6,-0.043890033,-0.028021766,-0.028021766,0.97556174,0.10578844,0.10578844,1.0,0.015868267,0.15,0.0,0.0,0.043890033,0.028021766,-26.59395,2.1462786,0.7154262,0.192,0.0,0.17922331,0.0,0.0
hardzero_only__c0p58__z1p00__lam0p000__nu0p50__psi0p00,0.15,borrow,38,284,0.0,6,-0.028021766,-0.011323199,-0.011323199,0.9534121,0.111323774,0.111323774,1.0,0.016698567,0.15,0.0,0.0,0.028021766,0.011323199,-26.347115,2.0975485,0.69918287,0.14400001,0.0,0.15280662,0.0,0.0
hardzero_only__c0p58__z1p00__lam0p000__nu0p50__psi0p00,0.15,borrow,38,285,1.0,7,-0.011323199,-0.572574,-0.572574,0.90310913,0.12499449,0.12499449,1.0,0.018749174,0.15,0.0,0.0,0.011323199,0.572574,-26.240173,1.9868798,0.6622933,0.224,0.0,0.14704213,0.0,0.0
hardzero_only__c0p58__z1p00__lam0p000__nu0p50__psi0p00,0.15,borrow,38,286,0.0,7,-0.572574,-0.55331624,-0.55331624,0.89148474,0.12838528,0.12838528,1.0,0.019257791,0.15,0.0,0.0,0.572574,0.55331624,-24.851131,1.9613056,0.65376854,0.26,0.0,0.13989615,0.0,0.0
hardzero_only__c0p58__z1p00__lam0p000__nu0p50__psi0p00,0.15,borrow,38,287,0.0,7,-0.55331624,-0.53697383,-0.53697383,0.96277535,0.10894935,0.10894935,1.0,0.016342403,0.15,0.0,0.0,0.55331624,0.53697383,-26.983618,2.118148,0.7060494,0.17600001,0.0,0.14754805,0.0,0.0
hardzero_only__c0p58__z1p00__lam0p000__nu0p50__psi0p00,0.15,borrow,38,288,0.0,7,-0.53697383,-0.52113175,-0.52113175,0.97627836,0.10561402,0.10561402,1.0,0.015842104,0.15,0.0,0.0,0.53697383,0.52113175,-27.43895,2.1478553,0.7159518,0.17600001,0.0,0.18615271,0.0,0.0
hardzero_only__c0p58__z1p00__lam0p000__nu0p50__psi0p00,0.15,borrow,38,289,0.0,7,-0.52113175,-0.52113175,-0.52113175,1.0041834,0.0,0.099041365,0.0,0.0,0.15,0.0,0.0,0.52113175,0.52113175,-27.314692,2.2092476,0.73641586,0.136,0.0,0.17147623,0.0,0.0
hardzero_only__c0p58__z1p00__lam0p000__nu0p50__psi0p00,0.15,borrow,38,290,0.0,7,-0.52113175,-0.503931,-0.503931,0.94054395,0.11467163,0.11467163,1.0,0.017200746,0.15,0.0,0.0,0.52113175,0.503931,-26.893509,2.069238,0.689746,0.16000001,0.0,0.16359095,0.0,0.0
hardzero_only__c0p58__z1p00__lam0p000__nu0p50__psi0p00,0.15,borrow,38,291,0.0,7,-0.503931,-0.48472854,-0.48472854,0.89273477,0.1280163,0.1280163,1.0,0.019202445,0.15,0.0,0.0,0.503931,0.48472854,-25.178345,1.9640557,0.65468526,0.18400002,0.0,0.17866123,0.0,0.0
hardzero_only__c0p58__z1p00__lam0p000__nu0p50__psi0p00,0.15,borrow,38,292,0.0,7,-0.48472854,-0.46608418,-0.46608418,0.9055439,0.124295674,0.124295674,1.0,0.018644352,0.15,0.0,0.0,0.48472854,0.46608418,-26.133284,1.9922364,0.66407883,0.18400002,0.0,0.17625082,0.0,0.0
hardzero_only__c0p58__z1p00__lam0p000__nu0p50__psi0p00,0.15,borrow,38,293,0.0,7,-0.46608418,-0.44820765,-0.44820765,0.9238076,0.11917696,0.11917696,1.0,0.017876545,0.15,0.0,0.0,0.46608418,0.44820765,-25.42688,2.0324173,0.6774725,0.192,0.0,0.15225773,0.0,0.0
hardzero_only__c0p58__z1p00__lam0p000__nu0p50__psi0p00,0.15,borrow,38,294,0.0,7,-0.44820765,-0.4298599,-0.4298599,0.91250885,0.122318216,0.122318216,1.0,0.018347733,0.15,0.0,0.0,0.44820765,0.4298599,-25.997704,2.0075595,0.66918653,0.18400002,0.0,0.15942411,0.0,0.0
hardzero_only__c0p58__z1p00__lam0p000__nu0p50__psi0p00,0.15,borrow,38,295,0.0,7,-0.4298599,-0.41222072,-0.41222072,0.92961276,0.11759457,0.11759457,1.0,0.017639186,0.15,0.0,0.0,0.4298599,0.41222072,-26.181732,2.045189,0.6817297,0.15200001,0.0,0.14063703,0.0,0.0
hardzero_only__c0p58__z1p00__lam0p000__nu0p50__psi0p00,0.15,borrow,38,296,0.0,7,-0.41222072,-0.39468575,-0.39468575,0.93218654,0.11689972,0.11689972,1.0,0.017534958,0.15,0.0,0.0,0.41222072,0.39468575,-25.608948,2.0508513,0.6836171,0.16000001,0.0,0.14424163,0.0,0.0
hardzero_only__c0p58__z1p00__lam0p000__nu0p50__psi0p00,0.15,borrow,38,297,0.0,7,-0.39468575,-0.3764952,-0.3764952,0.9162461,0.12127013,0.12127013,1.0,0.01819052,0.15,0.0,0.0,0.39468575,0.3764952,-27.000952,2.0157816,0.6719272,0.256,0.0,0.20097953,0.0,0.0
hardzero_only__c0p58__z1p00__lam0p000__nu0p50__psi0p00,0.15,borrow,38,298,0.0,7,-0.3764952,-0.35843977,-0.35843977,0.9194831,0.12036961,0.12036961,1.0,0.018055443,0.15,0.0,0.0,0.3764952,0.35843977,-25.29933,2.0229032,0.6743011,0.16800001,0.0,0.1397098,0.0,0.0
hardzero_only__c0p58__z1p00__lam0p000__nu0p50__psi0p00,0.15,borrow,38,299,0.0,7,-0.35843977,-0.3411621,-0.3411621,0.9386054,0.11518464,0.11518464,1.0,0.017277697,0.15,0.0,0.0,0.35843977,0.3411621,-27.097734,2.064973,0.6883244,0.21,0.0,0.1526396,0.0,0.0
hardzero_only__c0p58__z1p00__lam0p000__nu0p50__psi0p00,0.15,borrow,38,300,0.0,7,-0.3411621,-0.32393628,-0.32393628,0.93991166,0.11483872,0.11483872,1.0,0.01722581,0.15,0.0,0.0,0.3411621,0.32393628,-26.499475,2.067847,0.68928236,0.18400002,0.0,0.15282625,0.0,0.0
hardzero_only__c0p58__z1p00__lam0p000__nu0p50__psi0p00,0.15,borrow,38,301,0.0,7,-0.32393628,-0.30477428,-0.30477428,0.8936502,0.12774673,0.12774673,1.0,0.01916201,0.15,0.0,0.0,0.32393628,0.30477428,-25.504953,1.9660697,0.6553566,0.192,0.0,0.15259276,0.0,0.0
hardzero_only__c0p58__z1p00__lam0p000__nu0p50__psi0p00,0.15,borrow,38,302,0.0,7,-0.30477428,-0.28584307,-0.28584307,0.89891326,0.12620796,0.12620796,1.0,0.018931195,0.15,0.0,0.0,0.30477428,0.28584307,-24.91174,1.9776487,0.6592163,0.216,0.0,0.17230465,0.0,0.0
hardzero_only__c0p58__z1p00__lam0p000__nu0p50__psi0p00,0.15,borrow,38,303,0.0,7,-0.28584307,-0.26776728,-0.26776728,0.9189941,0.12050522,0.12050522,1.0,0.018075785,0.15,0.0,0.0,0.28584307,0.26776728,-26.271423,2.0218275,0.6739425,0.14400001,0.0,0.15567829,0.0,0.0
hardzero_only__c0p58__z1p00__lam0p000__nu0p50__psi0p00,0.15,borrow,38,304,0.0,7,-0.26776728,-0.24992096,-0.24992096,0.92454255,0.11897548,0.11897548,1.0,0.017846324,0.15,0.0,0.0,0.26776728,0.24992096,-25.969215,2.0340343,0.6780114,0.16000001,0.0,0.1502066,0.0,0.0
hardzero_only__c0p58__z1p00__lam0p000__nu0p50__psi0p00,0.15,borrow,38,305,0.0,7,-0.24992096,-0.23218228,-0.23218228,0.92717,0.11825787,0.11825787,1.0,0.017738681,0.15,0.0,0.0,0.24992096,0.23218228,-26.049477,2.0398147,0.67993826,0.23200001,0.0,0.1516687,0.0,0.0
hardzero_only__c0p58__z1p00__lam0p000__nu0p50__psi0p00,0.15,borrow,38,306,0.0,7,-0.23218228,-0.21449062,-0.21449062,0.92832273,0.1179444,0.1179444,1.0,0.01769166,0.15,0.0,0.0,0.23218228,0.21449062,-26.062006,2.0423508,0.6807836,0.16800001,0.0,0.15294409,0.0,0.0
hardzero_only__c0p58__z1p00__lam0p000__nu0p50__psi0p00,0.15,borrow,38,307,0.0,7,-0.21449062,-0.1954515,-0.1954515,0.89644444,0.12692745,0.12692745,1.0,0.019039119,0.15,0.0,0.0,0.21449062,0.1954515,-25.864798,1.9722171,0.65740573,0.16000001,0.0,0.1450566,0.0,0.0
hardzero_only__c0p58__z1p00__lam0p000__nu0p50__psi0p00,0.15,borrow,38,308,0.0,7,-0.1954515,-0.17636776,-0.17636776,0.89542794,0.12722488,0.12722488,1.0,0.019083733,0.15,0.0,0.0,0.1954515,0.17636776,-24.673347,1.9699808,0.6566603,0.192,0.0,0.15451007,0.0,0.0
hardzero_only__c0p58__z1p00__lam0p000__nu0p50__psi0p00,0.15,borrow,38,309,0.0,7,-0.17636776,-0.15915245,-0.15915245,0.94017625,0.11476876,0.11476876,1.0,0.017215315,0.15,0.0,0.0,0.17636776,0.15915245,-25.734262,2.068429,0.6894764,0.2,0.0,0.14611042,0.0,0.0
hardzero_only__c0p58__z1p00__lam0p000__nu0p50__psi0p00,0.15,borrow,38,310,0.0,7,-0.15915245,-0.14198615,-0.14198615,0.9414146,0.114442,0.114442,1.0,0.0171663,0.15,0.0,0.0,0.15915245,0.14198615,-25.636591,2.0711534,0.6903845,0.15200001,0.0,0.16013011,0.0,0.0
hardzero_only__c0p58__z1p00__lam0p000__nu0p50__psi0p00,0.15,borrow,38,311,0.0,7,-0.14198615,-0.12253215,-0.12253215,0.8870825,0.12969328,0.12969328,1.0,0.019453993,0.15,0.0,0.0,0.14198615,0.12253215,-25.526205,1.9516205,0.6505402,0.16800001,0.0,0.14812164,0.0,0.0
hardzero_only__c0p58__z1p00__lam0p000__nu0p50__psi0p00,0.15,borrow,38,312,0.0,7,-0.12253215,-0.1059068,-0.1059068,0.9553205,0.11083565,0.11083565,1.0,0.016625348,0.15,0.0,0.0,0.12253215,0.1059068,-26.832655,2.101747,0.7005824,0.24,0.01,0.15332635,0.0,0.0
hardzero_only__c0p58__z1p00__lam0p000__nu0p50__psi0p00,0.15,borrow,38,313,0.0,7,-0.1059068,-0.087268926,-0.087268926,0.9056949,0.124252476,0.124252476,1.0,0.018637871,0.15,0.0,0.0,0.1059068,0.087268926,-25.663778,1.9925686,0.6641896,0.23200001,0.0,0.14630298,0.0,0.0
hardzero_only__c0p58__z1p00__lam0p000__nu0p50__psi0p00,0.15,borrow,38,314,0.0,7,-0.087268926,-0.07074244,-0.07074244,0.9579107,0.11017656,0.11017656,1.0,0.016526485,0.15,0.0,0.0,0.087268926,0.07074244,-27.234123,2.1074457,0.7024819,0.18400002,0.0,0.15419266,0.0,0.0
hardzero_only__c0p58__z1p00__lam0p000__nu0p50__psi0p00,0.15,borrow,38,315,0.0,7,-0.07074244,-0.053270593,-0.053270593,0.9337523,0.11647901,0.11647901,1.0,0.017471852,0.15,0.0,0.0,0.07074244,0.053270593,-26.570934,2.054296,0.68476534,0.2,0.0,0.17599477,0.0,0.0
hardzero_only__c0p58__z1p00__lam0p000__nu0p50__psi0p00,0.15,borrow,38,316,0.0,7,-0.053270593,-0.035255425,-0.035255425,0.9204529,0.12010112,0.12010112,1.0,0.018015169,0.15,0.0,0.0,0.053270593,0.035255425,-25.878517,2.0250368,0.6750123,0.15200001,0.0,0.16595256,0.0,0.0
hardzero_only__c0p58__z1p00__lam0p000__nu0p50__psi0p00,0.15,borrow,38,317,0.0,7,-0.035255425,-0.016319811,-0.016319811,0.8988118,0.12623742,0.12623742,1.0,0.018935613,0.15,0.0,0.0,0.035255425,0.016319811,-24.89774,1.9774255,0.65914184,0.23200001,0.0,0.13876574,0.0,0.0
hardzero_only__c0p58__z1p00__lam0p000__nu0p50__psi0p00,0.15,borrow,38,318,1.0,8,-0.016319811,-0.57946384,-0.57946384,0.9493377,0.11237307,0.11237307,1.0,0.01685596,0.15,0.0,0.0,0.016319811,0.57946384,-26.968351,2.0885847,0.6961949,0.2,0.0,0.1962457,0.0,0.0
hardzero_only__c0p58__z1p00__lam0p000__nu0p50__psi0p00,0.15,borrow,38,319,0.0,8,-0.57946384,-0.55967885,-0.55967885,0.8797561,0.13189974,0.13189974,1.0,0.019784963,0.15,0.0,0.0,0.57946384,0.55967885,-25.070587,1.935502,0.64516735,0.23200001,0.008,0.15975545,0.0,0.0
hardzero_only__c0p58__z1p00__lam0p000__nu0p50__psi0p00,0.15,borrow,38,320,0.0,8,-0.55967885,-0.54111415,-0.54111415,0.90740305,0.12376473,0.12376473,1.0,0.01856471,0.15,0.0,0.0,0.55967885,0.54111415,-25.675142,1.9963266,0.6654422,0.208,0.0,0.15903653,0.0,0.0
hardzero_only__c0p58__z1p00__lam0p000__nu0p50__psi0p00,0.15,borrow,38,321,0.0,8,-0.54111415,-0.5201461,-0.5201461,0.8545325,0.13978723,0.13978723,1.0,0.020968085,0.15,0.0,0.0,0.54111415,0.5201461,-23.859299,1.8800089,0.62666965,0.24800001,0.0,0.15977941,0.0,0.0
hardzero_only__c0p58__z1p00__lam0p000__nu0p50__psi0p00,0.15,borrow,38,322,0.0,8,-0.5201461,-0.5014525,-0.5014525,0.9043991,0.12462378,0.12462378,1.0,0.018693568,0.15,0.0,0.0,0.5201461,0.5014525,-26.326626,1.9897177,0.66323924,0.2,0.0,0.1659247,0.0,0.0
hardzero_only__c0p58__z1p00__lam0p000__nu0p50__psi0p00,0.15,borrow,38,323,0.0,8,-0.5014525,-0.4819731,-0.4819731,0.88651556,0.1298627,0.1298627,1.0,0.019479405,0.15,0.0,0.0,0.5014525,0.4819731,-26.123844,1.9503732,0.65012443,0.16800001,0.0,0.16803564,0.0,0.0
hardzero_only__c0p58__z1p00__lam0p000__nu0p50__psi0p00,0.15,borrow,38,324,0.0,8,-0.4819731,-0.4656874,-0.4656874,0.96428466,0.10857138,0.10857138,1.0,0.016285708,0.15,0.0,0.0,0.4819731,0.4656874,-26.637259,2.1214685,0.7071562,0.17600001,0.0,0.15258555,0.0,0.0
hardzero_only__c0p58__z1p00__lam0p000__nu0p50__psi0p00,0.15,borrow,38,325,0.0,8,-0.4656874,-0.4460141,-0.4460141,0.88221395,0.13115534,0.13115534,1.0,0.019673303,0.15,0.0,0.0,0.4656874,0.4460141,-24.841772,1.9409095,0.64696985,0.17,0.0,0.15863395,0.0,0.0
hardzero_only__c0p58__z1p00__lam0p000__nu0p50__psi0p00,0.15,borrow,38,326,0.0,8,-0.4460141,-0.42680416,-0.42680416,0.892565,0.12806633,0.12806633,1.0,0.019209951,0.15,0.0,0.0,0.4460141,0.42680416,-25.78381,1.9636822,0.65456074,0.256,0.0,0.14915879,0.0,0.0
hardzero_only__c0p58__z1p00__lam0p000__nu0p50__psi0p00,0.15,borrow,38,327,0.0,8,-0.42680416,-0.40870202,-0.40870202,0.9183611,0.12068099,0.12068099,1.0,0.018102149,0.15,0.0,0.0,0.42680416,0.40870202,-25.662357,2.0204349,0.6734783,0.17600001,0.0,0.14540835,0.0,0.0
hardzero_only__c0p58__z1p00__lam0p000__nu0p50__psi0p00,0.15,borrow,38,328,0.0,8,-0.40870202,-0.39029735,-0.39029735,0.91116375,0.12269766,0.12269766,1.0,0.01840465,0.15,0.0,0.0,0.40870202,0.39029735,-25.892485,2.0046003,0.66820014,0.16800001,0.0,0.16068284,0.0,0.0
hardzero_only__c0p58__z1p00__lam0p000__nu0p50__psi0p00,0.15,borrow,38,329,0.0,8,-0.39029735,-0.370473,-0.370473,0.8788923,0.13216233,0.13216233,1.0,0.01982435,0.15,0.0,0.0,0.39029735,0.370473,-25.165266,1.9336016,0.6445339,0.192,0.0,0.14587519,0.0,0.0
hardzero_only__c0p58__z1p00__lam0p000__nu0p50__psi0p00,0.15,borrow,38,330,0.0,8,-0.370473,-0.35108846,-0.35108846,0.8886356,0.12923032,0.12923032,1.0,0.019384548,0.15,0.0,0.0,0.370473,0.35108846,-26.061287,1.9550374,0.65167916,0.224,0.0,0.16262029,0.0,0.0
hardzero_only__c0p58__z1p00__lam0p000__nu0p50__psi0p00,0.15,borrow,38,331,0.0,8,-0.35108846,-0.33184913,-0.33184913,0.89190096,0.12826231,0.12826231,1.0,0.019239347,0.15,0.0,0.0,0.35108846,0.33184913,-24.562868,1.9622213,0.6540738,0.192,0.0,0.13956718,0.0,0.0
hardzero_only__c0p58__z1p00__lam0p000__nu0p50__psi0p00,0.15,borrow,38,332,0.0,8,-0.33184913,-0.3128596,-0.3128596,0.8975771,0.12659684,0.12659684,1.0,0.018989526,0.15,0.0,0.0,0.33184913,0.3128596,-25.832512,1.974709,0.6582364,0.24000001,0.0,0.18964417,0.0,0.0
hardzero_only__c0p58__z1p00__lam0p000__nu0p50__psi0p00,0.15,borrow,38,333,0.0,8,-0.3128596,-0.29358798,-0.29358798,0.8911733,0.12847738,0.12847738,1.0,0.019271608,0.15,0.0,0.0,0.3128596,0.29358798,-25.723507,1.9606204,0.65354013,0.224,0.0,0.15900496,0.0,0.0
hardzero_only__c0p58__z1p00__lam0p000__nu0p50__psi0p00,0.15,borrow,38,334,0.0,8,-0.29358798,-0.2734061,-0.2734061,0.87112945,0.1345459,0.1345459,1.0,0.020181887,0.15,0.0,0.0,0.29358798,0.2734061,-25.155657,1.9165231,0.63884103,0.18400002,0.0,0.15999553,0.0,0.0
hardzero_only__c0p58__z1p00__lam0p000__nu0p50__psi0p00,0.15,borrow,38,335,0.0,8,-0.2734061,-0.2552904,-0.2552904,0.9180358,0.12077142,0.12077142,1.0,0.018115714,0.15,0.0,0.0,0.2734061,0.2552904,-26.763527,2.0197191,0.6732397,0.30400002,0.0,0.19323947,0.0,0.0
hardzero_only__c0p58__z1p00__lam0p000__nu0p50__psi0p00,0.15,borrow,38,336,0.0,8,-0.2552904,-0.23603983,-0.23603983,0.8916479,0.12833707,0.12833707,1.0,0.01925056,0.15,0.0,0.0,0.2552904,0.23603983,-25.636143,1.9616644,0.65388817,0.256,0.0,0.18476951,0.0,0.0
hardzero_only__c0p58__z1p00__lam0p000__nu0p50__psi0p00,0.15,borrow,38,337,0.0,8,-0.23603983,-0.21821477,-0.21821477,0.92506015,0.118833765,0.118833765,1.0,0.017825065,0.15,0.0,0.0,0.23603983,0.21821477,-25.958931,2.035173,0.678391,0.2,0.0,0.16582254,0.0,0.0
hardzero_only__c0p58__z1p00__lam0p000__nu0p50__psi0p00,0.15,borrow,38,338,0.0,8,-0.21821477,-0.20136961,-0.20136961,0.9496162,0.112301044,0.112301044,1.0,0.016845157,0.15,0.0,0.0,0.21821477,0.20136961,-26.553385,2.0891974,0.69639915,0.17999999,0.0,0.16995145,0.0,0.0
hardzero_only__c0p58__z1p00__lam0p000__nu0p50__psi0p00,0.15,borrow,38,339,0.0,8,-0.20136961,-0.18331265,-0.18331265,0.91944647,0.12037977,0.12037977,1.0,0.018056966,0.15,0.0,0.0,0.20136961,0.18331265,-26.62333,2.0228226,0.6742742,0.16000001,0.0,0.14937125,0.0,0.0
hardzero_only__c0p58__z1p00__lam0p000__nu0p50__psi0p00,0.15,borrow,38,340,0.0,8,-0.18331265,-0.16374958,-0.16374958,0.88465416,0.13042048,0.13042048,1.0,0.019563071,0.15,0.0,0.0,0.18331265,0.16374958,-25.325895,1.946278,0.64875937,0.2,0.0,0.1615901,0.0,0.0
hardzero_only__c0p58__z1p00__lam0p000__nu0p50__psi0p00,0.15,borrow,38,341,0.0,8,-0.16374958,-0.14474341,-0.14474341,0.897197,0.1267077,0.1267077,1.0,0.019006155,0.15,0.0,0.0,0.16374958,0.14474341,-25.939507,1.9738728,0.6579576,0.256,0.0,0.15584992,0.0,0.0
hardzero_only__c0p58__z1p00__lam0p000__nu0p50__psi0p00,0.15,borrow,38,342,0.0,8,-0.14474341,-0.12623858,-0.12623858,0.908806,0.123365566,0.123365566,1.0,0.018504836,0.15,0.0,0.0,0.14474341,0.12623858,-25.083727,1.9994131,0.66647106,0.17600001,0.0,0.15765423,0.0,0.0
hardzero_only__c0p58__z1p00__lam0p000__nu0p50__psi0p00,0.15,borrow,38,343,0.0,8,-0.12623858,-0.10715598,-0.10715598,0.89545363,0.12721735,0.12721735,1.0,0.019082604,0.15,0.0,0.0,0.12623858,0.10715598,-25.178507,1.9700373,0.65667915,0.192,0.0,0.1453319,0.0,0.0
hardzero_only__c0p58__z1p00__lam0p000__nu0p50__psi0p00,0.15,borrow,38,344,0.0,8,-0.10715598,-0.08686848,-0.08686848,0.8688628,0.13524996,0.13524996,1.0,0.020287495,0.15,0.0,0.0,0.10715598,0.08686848,-25.201517,1.9115363,0.6371788,0.208,0.0,0.14377263,0.0,0.0
hardzero_only__c0p58__z1p00__lam0p000__nu0p50__psi0p00,0.15,borrow,38,345,0.0,8,-0.08686848,-0.068291515,-0.068291515,0.90711653,0.12384643,0.12384643,1.0,0.018576965,0.15,0.0,0.0,0.08686848,0.068291515,-25.68338,1.9956962,0.66523206,0.264,0.0,0.16783114,0.0,0.0
hardzero_only__c0p58__z1p00__lam0p000__nu0p50__psi0p00,0.15,borrow,38,346,0.0,8,-0.068291515,-0.050668504,-0.050668504,0.9300112,0.11748673,0.11748673,1.0,0.017623011,0.15,0.0,0.0,0.068291515,0.050668504,-25.460194,2.0460656,0.68202186,0.136,0.0,0.14966395,0.0,0.0
hardzero_only__c0p58__z1p00__lam0p000__nu0p50__psi0p00,0.15,borrow,38,347,0.0,8,-0.050668504,-0.029824624,-0.029824624,0.85711265,0.1389592,0.1389592,1.0,0.02084388,0.15,0.0,0.0,0.050668504,0.029824624,-24.816734,1.8856854,0.62856185,0.23200001,0.0,0.15519565,0.0,0.0
hardzero_only__c0p58__z1p00__lam0p000__nu0p50__psi0p00,0.15,borrow,38,348,0.0,8,-0.029824624,-0.010825904,-0.010825904,0.89736694,0.12665813,0.12665813,1.0,0.01899872,0.15,0.0,0.0,0.029824624,0.010825904,-25.91596,1.9742467,0.65808225,0.15200001,0.0,0.1602822,0.0,0.0
hardzero_only__c0p58__z1p00__lam0p000__nu0p50__psi0p00,0.15,borrow,38,349,1.0,9,-0.010825904,-0.5702725,-0.5702725,0.86320704,0.13702282,0.13702282,1.0,0.020553425,0.15,0.0,0.0,0.010825904,0.5702725,-25.39276,1.8990934,0.63303113,0.23200001,0.0,0.16299894,0.0,0.0
hardzero_only__c0p58__z1p00__lam0p000__nu0p50__psi0p00,0.15,borrow,38,350,0.0,9,-0.5702725,-0.55166394,-0.55166394,0.9063781,0.12405717,0.12405717,1.0,0.018608576,0.15,0.0,0.0,0.5702725,0.55166394,-26.238396,1.9940716,0.66469055,0.256,0.0,0.15397619,0.0,0.0
hardzero_only__c0p58__z1p00__lam0p000__nu0p50__psi0p00,0.15,borrow,38,351,0.0,9,-0.55166394,-0.53195775,-0.53195775,0.88148874,0.13137455,0.13137455,1.0,0.019706184,0.15,0.0,0.0,0.55166394,0.53195775,-25.814838,1.9393139,0.646438,0.17,0.0,0.1379631,0.0,0.0
hardzero_only__c0p58__z1p00__lam0p000__nu0p50__psi0p00,0.15,borrow,38,352,0.0,9,-0.53195775,-0.5135693,-0.5135693,0.91154563,0.12258979,0.12258979,1.0,0.018388469,0.15,0.0,0.0,0.53195775,0.5135693,-25.944365,2.0054405,0.66848016,0.272,0.0,0.15920298,0.0,0.0
hardzero_only__c0p58__z1p00__lam0p000__nu0p50__psi0p00,0.15,borrow,38,353,0.0,9,-0.5135693,-0.49359798,-0.49359798,0.87568456,0.1331421,0.1331421,1.0,0.019971315,0.15,0.0,0.0,0.5135693,0.49359798,-25.199053,1.9265445,0.6421815,0.18400002,0.0,0.14514093,0.0,0.0
hardzero_only__c0p58__z1p00__lam0p000__nu0p50__psi0p00,0.15,borrow,38,354,0.0,9,-0.49359798,-0.4731233,-0.4731233,0.8648741,0.13649787,0.13649787,1.0,0.020474682,0.15,0.0,0.0,0.49359798,0.4731233,-24.838146,1.9027611,0.63425374,0.216,0.0,0.17071708,0.0,0.0
hardzero_only__c0p58__z1p00__lam0p000__nu0p50__psi0p00,0.15,borrow,38,355,0.0,9,-0.4731233,-0.4517388,-0.4517388,0.84599197,0.14256339,0.14256339,1.0,0.02138451,0.15,0.0,0.0,0.4731233,0.4517388,-25.286283,1.8612195,0.6204065,0.16800001,0.0,0.1557449,0.0,0.0
hardzero_only__c0p58__z1p00__lam0p000__nu0p50__psi0p00,0.15,borrow,38,356,0.0,9,-0.4517388,-0.4323015,-0.4323015,0.8874549,0.12958209,0.12958209,1.0,0.019437315,0.15,0.0,0.0,0.4517388,0.4323015,-25.678219,1.9524398,0.6508133,0.208,0.0,0.16019166,0.0,0.0
hardzero_only__c0p58__z1p00__lam0p000__nu0p50__psi0p00,0.15,borrow,38,357,0.0,9,-0.4323015,-0.41488203,-0.41488203,0.9350569,0.11612962,0.11612962,1.0,0.017419444,0.15,0.0,0.0,0.4323015,0.41488203,-25.63306,2.0571663,0.6857221,0.15200001,0.0,0.14320552,0.0,0.0
hardzero_only__c0p58__z1p00__lam0p000__nu0p50__psi0p00,0.15,borrow,38,358,0.0,9,-0.41488203,-0.3969533,-0.3969533,0.9225419,0.11952481,0.11952481,1.0,0.017928721,0.15,0.0,0.0,0.41488203,0.3969533,-26.439917,2.0296328,0.6765443,0.17600001,0.0,0.1629684,0.0,0.0
hardzero_only__c0p58__z1p00__lam0p000__nu0p50__psi0p00,0.15,borrow,38,359,0.0,9,-0.3969533,-0.3785765,-0.3785765,0.9118207,0.122512184,0.122512184,1.0,0.01837683,0.15,0.0,0.0,0.3969533,0.3785765,-25.99204,2.0060456,0.66868186,0.14400001,0.0,0.15795855,0.0,0.0
hardzero_only__c0p58__z1p00__lam0p000__nu0p50__psi0p00,0.15,borrow,38,360,0.0,9,-0.3785765,-0.35879007,-0.35879007,0.87972414,0.13190942,0.13190942,1.0,0.019786414,0.15,0.0,0.0,0.3785765,0.35879007,-25.21688,1.9354317,0.6451439,0.30400002,0.008,0.15551236,0.0,0.0
hardzero_only__c0p58__z1p00__lam0p000__nu0p50__psi0p00,0.15,borrow,38,361,0.0,9,-0.35879007,-0.3385054,-0.3385054,0.868923,0.13523124,0.13523124,1.0,0.020284686,0.15,0.0,0.0,0.35879007,0.3385054,-24.578022,1.9116688,0.63722295,0.224,0.0,0.14543475,0.0,0.0
hardzero_only__c0p58__z1p00__lam0p000__nu0p50__psi0p00,0.15,borrow,38,362,0.0,9,-0.3385054,-0.31782725,-0.31782725,0.86057967,0.1378543,0.1378543,1.0,0.020678144,0.15,0.0,0.0,0.3385054,0.31782725,-25.619902,1.893313,0.63110435,0.16800001,0.0,0.14380899,0.0,0.0
hardzero_only__c0p58__z1p00__lam0p000__nu0p50__psi0p00,0.15,borrow,38,363,0.0,9,-0.31782725,-0.29921326,-0.29921326,0.9062518,0.12409326,0.12409326,1.0,0.018613989,0.15,0.0,0.0,0.31782725,0.29921326,-26.028324,1.9937937,0.6645979,0.192,0.0,0.15522592,0.0,0.0
hardzero_only__c0p58__z1p00__lam0p000__nu0p50__psi0p00,0.15,borrow,38,364,0.0,9,-0.29921326,-0.279228,-0.279228,0.8753813,0.13323511,0.13323511,1.0,0.019985268,0.15,0.0,0.0,0.29921326,0.279228,-25.392103,1.9258773,0.64195913,0.26999998,0.0,0.13809367,0.0,0.0
hardzero_only__c0p58__z1p00__lam0p000__nu0p50__psi0p00,0.15,borrow,38,365,0.0,9,-0.279228,-0.25705588,-0.25705588,0.830284,0.14781415,0.14781415,1.0,0.022172123,0.15,0.0,0.0,0.279228,0.25705588,-23.720404,1.8266612,0.6088871,0.216,0.0,0.15294276,0.0,0.0
hardzero_only__c0p58__z1p00__lam0p000__nu0p50__psi0p00,0.15,borrow,38,366,0.0,9,-0.25705588,-0.23975822,-0.23975822,0.938104,0.11531772,0.11531772,1.0,0.01729766,0.15,0.0,0.0,0.25705588,0.23975822,-26.370579,2.06387,0.6879567,0.128,0.0,0.16832657,0.0,0.0
hardzero_only__c0p58__z1p00__lam0p000__nu0p50__psi0p00,0.15,borrow,38,367,0.0,9,-0.23975822,-0.22089921,-0.22089921,0.9005723,0.12572676,0.12572676,1.0,0.018859014,0.15,0.0,0.0,0.23975822,0.22089921,-25.354883,1.9812987,0.66043293,0.16000001,0.0,0.15257262,0.0,0.0
hardzero_only__c0p58__z1p00__lam0p000__nu0p50__psi0p00,0.15,borrow,38,368,0.0,9,-0.22089921,-0.20105834,-0.20105834,0.8785305,0.13227247,0.13227247,1.0,0.01984087,0.15,0.0,0.0,0.22089921,0.20105834,-25.642447,1.9328057,0.6442686,0.15200001,0.0,0.13895908,0.0,0.0
hardzero_only__c0p58__z1p00__lam0p000__nu0p50__psi0p00,0.15,borrow,38,369,0.0,9,-0.20105834,-0.1805308,-0.1805308,0.8637544,0.13685025,0.13685025,1.0,0.020527538,0.15,0.0,0.0,0.20105834,0.1805308,-25.677858,1.9002976,0.63343257,0.208,0.0,0.17565556,0.0,0.0
hardzero_only__c0p58__z1p00__lam0p000__nu0p50__psi0p00,0.15,borrow,38,370,0.0,9,-0.1805308,-0.16239655,-0.16239655,0.9175917,0.12089498,0.12089498,1.0,0.018134248,0.15,0.0,0.0,0.1805308,0.16239655,-26.725662,2.018742,0.672914,0.2,0.0,0.17490703,0.0,0.0
hardzero_only__c0p58__z1p00__lam0p000__nu0p50__psi0p00,0.15,borrow,38,371,0.0,9,-0.16239655,-0.14150733,-0.14150733,0.85616887,0.13926151,0.13926151,1.0,0.020889228,0.15,0.0,0.0,0.16239655,0.14150733,-24.436285,1.8836092,0.6278697,0.216,0.008,0.14911269,0.0,0.0
hardzero_only__c0p58__z1p00__lam0p000__nu0p50__psi0p00,0.15,borrow,38,372,0.0,9,-0.14150733,-0.12200287,-0.12200287,0.8859574,0.13002971,0.13002971,1.0,0.019504458,0.15,0.0,0.0,0.14150733,0.12200287,-24.969622,1.9491452,0.64971507,0.264,0.0,0.14601593,0.0,0.0
hardzero_only__c0p58__z1p00__lam0p000__nu0p50__psi0p00,0.15,borrow,38,373,0.0,9,-0.12200287,-0.10193336,-0.10193336,0.8735544,0.13379675,0.13379675,1.0,0.020069513,0.15,0.0,0.0,0.12200287,0.10193336,-24.52505,1.9218581,0.6406194,0.2,0.0,0.15872872,0.0,0.0
hardzero_only__c0p58__z1p00__lam0p000__nu0p50__psi0p00,0.15,borrow,38,374,0.0,9,-0.10193336,-0.082030386,-0.082030386,0.87717324,0.13268651,0.13268651,1.0,0.019902978,0.15,0.0,0.0,0.10193336,0.082030386,-25.900593,1.9298197,0.64327323,0.208,0.0,0.16570497,0.0,0.0
hardzero_only__c0p58__z1p00__lam0p000__nu0p50__psi0p00,0.15,borrow,38,375,0.0,9,-0.082030386,-0.063415855,-0.063415855,0.90623903,0.12409689,0.12409689,1.0,0.018614534,0.15,0.0,0.0,0.082030386,0.063415855,-25.50428,1.9937657,0.6645886,0.112,0.0,0.14355841,0.0,0.0
hardzero_only__c0p58__z1p00__lam0p000__nu0p50__psi0p00,0.15,borrow,38,376,0.0,9,-0.063415855,-0.043277577,-0.043277577,0.8720688,0.1342552,0.1342552,1.0,0.02013828,0.15,0.0,0.0,0.063415855,0.043277577,-25.647972,1.9185897,0.63952994,0.24000001,0.0,0.16797669,0.0,0.0
hardzero_only__c0p58__z1p00__lam0p000__nu0p50__psi0p00,0.15,borrow,38,377,0.0,9,-0.043277577,-0.024350408,-0.024350408,0.89900565,0.12618111,0.12618111,1.0,0.018927168,0.15,0.0,0.0,0.043277577,0.024350408,-25.218151,1.9778519,0.659284,0.17999999,0.0,0.16639237,0.0,0.0
hardzero_only__c0p58__z1p00__lam0p000__nu0p50__psi0p00,0.15,borrow,38,378,0.0,9,-0.024350408,-0.0077361204,-0.0077361204,0.9556095,0.11076192,0.11076192,1.0,0.016614288,0.15,0.0,0.0,0.024350408,0.0077361204,-26.44623,2.102383,0.70079434,0.208,0.0,0.16142444,0.0,0.0
hardzero_only__c0p58__z1p00__lam0p000__nu0p50__psi0p00,0.15,borrow,38,379,1.0,10,-0.0077361204,-0.5676639,-0.5676639,0.8734958,0.13381481,0.13381481,1.0,0.020072222,0.15,0.0,0.0,0.0077361204,0.5676639,-25.136772,1.9217292,0.6405764,0.224,0.0,0.15630236,0.0,0.0
hardzero_only__c0p58__z1p00__lam0p000__nu0p50__psi0p00,0.15,borrow,38,380,0.0,10,-0.5676639,-0.5493261,-0.5493261,0.91274476,0.1222518,0.1222518,1.0,0.018337771,0.15,0.0,0.0,0.5676639,0.5493261,-25.835985,2.0080786,0.66935956,0.216,0.0,0.15846382,0.0,0.0
hardzero_only__c0p58__z1p00__lam0p000__nu0p50__psi0p00,0.15,borrow,38,381,0.0,10,-0.5493261,-0.53036773,-0.53036773,0.89828986,0.12638924,0.12638924,1.0,0.018958386,0.15,0.0,0.0,0.5493261,0.53036773,-25.40362,1.9762771,0.65875906,0.208,0.0,0.17278479,0.0,0.0
hardzero_only__c0p58__z1p00__lam0p000__nu0p50__psi0p00,0.15,borrow,38,382,0.0,10,-0.53036773,-0.5116026,-0.5116026,0.9027387,0.12510116,0.12510116,1.0,0.018765176,0.15,0.0,0.0,0.53036773,0.5116026,-25.605333,1.9860648,0.66202164,0.14400001,0.0,0.14448954,0.0,0.0
hardzero_only__c0p58__z1p00__lam0p000__nu0p50__psi0p00,0.15,borrow,38,383,0.0,10,-0.5116026,-0.49122554,-0.49122554,0.8669503,0.1358469,0.1358469,1.0,0.020377036,0.15,0.0,0.0,0.5116026,0.49122554,-25.3244,1.9073287,0.6357763,0.24800001,0.0,0.13930476,0.0,0.0
hardzero_only__c0p58__z1p00__lam0p000__nu0p50__psi0p00,0.15,borrow,38,384,0.0,10,-0.49122554,-0.46951044,-0.46951044,0.8393292,0.14476742,0.14476742,1.0,0.021715114,0.15,0.0,0.0,0.49122554,0.46951044,-24.86389,1.8465611,0.61552036,0.296,0.0,0.15686779,0.0,0.0
hardzero_only__c0p58__z1p00__lam0p000__nu0p50__psi0p00,0.15,borrow,38,385,0.0,10,-0.46951044,-0.45029068,-0.45029068,0.8923432,0.12813173,0.12813173,1.0,0.01921976,0.15,0.0,0.0,0.46951044,0.45029068,-25.656778,1.9631943,0.6543981,0.2,0.0,0.16633627,0.0,0.0
hardzero_only__c0p58__z1p00__lam0p000__nu0p50__psi0p00,0.15,borrow,38,386,0.0,10,-0.45029068,-0.42880744,-0.42880744,0.84399164,0.14322154,0.14322154,1.0,0.021483231,0.15,0.0,0.0,0.45029068,0.42880744,-23.878614,1.8568187,0.6189396,0.17600001,0.0,0.15542692,0.0,0.0
hardzero_only__c0p58__z1p00__lam0p000__nu0p50__psi0p00,0.15,borrow,38,387,0.0,10,-0.42880744,-0.40827847,-0.40827847,0.8637241,0.13685979,0.13685979,1.0,0.020528968,0.15,0.0,0.0,0.42880744,0.40827847,-25.833038,1.900231,0.63341033,0.24800001,0.0,0.16556962,0.0,0.0
hardzero_only__c0p58__z1p00__lam0p000__nu0p50__psi0p00,0.15,borrow,38,388,0.0,10,-0.40827847,-0.3874952,-0.3874952,0.8583775,0.1385551,0.1385551,1.0,0.020783264,0.15,0.0,0.0,0.40827847,0.3874952,-25.007172,1.8884683,0.6294894,0.216,0.0,0.15370008,0.0,0.0
hardzero_only__c0p58__z1p00__lam0p000__nu0p50__psi0p00,0.15,borrow,38,389,0.0,10,-0.3874952,-0.3672993,-0.3672993,0.8708281,0.13463932,0.13463932,1.0,0.0201959,0.15,0.0,0.0,0.3874952,0.3672993,-24.790724,1.91586,0.63862,0.28,0.0,0.14931041,0.0,0.0
hardzero_only__c0p58__z1p00__lam0p000__nu0p50__psi0p00,0.15,borrow,38,390,0.0,10,-0.3672993,-0.34897,-0.34897,0.91294557,0.122195266,0.122195266,1.0,0.01832929,0.15,0.0,0.0,0.3672993,0.34897,-27.04394,2.0085204,0.6695068,0.22999999,0.0,0.16883494,0.0,0.0
hardzero_only__c0p58__z1p00__lam0p000__nu0p50__psi0p00,0.15,borrow,38,391,0.0,10,-0.34897,-0.32917717,-0.32917717,0.8795833,0.13195221,0.13195221,1.0,0.019792832,0.15,0.0,0.0,0.34897,0.32917717,-25.642979,1.9351219,0.64504063,0.17600001,0.0,0.18305586,0.0,0.0
hardzero_only__c0p58__z1p00__lam0p000__nu0p50__psi0p00,0.15,borrow,38,392,0.0,10,-0.32917717,-0.3094978,-0.3094978,0.8820799,0.13119584,0.13119584,1.0,0.019679377,0.15,0.0,0.0,0.32917717,0.3094978,-25.455452,1.9406146,0.64687157,0.216,0.0,0.16475424,0.0,0.0
hardzero_only__c0p58__z1p00__lam0p000__nu0p50__psi0p00,0.15,borrow,38,393,0.0,10,-0.3094978,-0.28893307,-0.28893307,0.86296785,0.13709831,0.13709831,1.0,0.020564748,0.15,0.0,0.0,0.3094978,0.28893307,-25.343033,1.8985672,0.6328558,0.2,0.0,0.15091744,0.0,0.0
hardzero_only__c0p58__z1p00__lam0p000__nu0p50__psi0p00,0.15,borrow,38,394,0.0,10,-0.28893307,-0.27027836,-0.27027836,0.90530306,0.12436465,0.12436465,1.0,0.018654699,0.15,0.0,0.0,0.28893307,0.27027836,-25.429087,1.9917065,0.66390216,0.24000001,0.0,0.15202971,0.0,0.0
hardzero_only__c0p58__z1p00__lam0p000__nu0p50__psi0p00,0.15,borrow,38,395,0.0,10,-0.27027836,-0.24980578,-0.24980578,0.8649184,0.13648394,0.13648394,1.0,0.020472592,0.15,0.0,0.0,0.27027836,0.24980578,-25.31484,1.9028585,0.63428617,0.264,0.0,0.17731647,0.0,0.0
hardzero_only__c0p58__z1p00__lam0p000__nu0p50__psi0p00,0.15,borrow,38,396,0.0,10,-0.24980578,-0.23023611,-0.23023611,0.8845077,0.13046448,0.13046448,1.0,0.019569673,0.15,0.0,0.0,0.24980578,0.23023611,-25.560598,1.9459559,0.64865196,0.18400002,0.0,0.17445509,0.0,0.0
hardzero_only__c0p58__z1p00__lam0p000__nu0p50__psi0p00,0.15,borrow,38,397,0.0,10,-0.23023611,-0.21221468,-0.21221468,0.92030203,0.12014285,0.12014285,1.0,0.018021427,0.15,0.0,0.0,0.23023611,0.21221468,-26.389498,2.024705,0.67490166,0.208,0.0,0.18880285,0.0,0.0
hardzero_only__c0p58__z1p00__lam0p000__nu0p50__psi0p00,0.15,borrow,38,398,0.0,10,-0.21221468,-0.19112787,-0.19112787,0.8520804,0.14057873,0.14057873,1.0,0.02108681,0.15,0.0,0.0,0.21221468,0.19112787,-25.064417,1.8746144,0.6248715,0.24000001,0.0,0.1529922,0.0,0.0
hardzero_only__c0p58__z1p00__lam0p000__nu0p50__psi0p00,0.15,borrow,38,399,0.0,10,-0.19112787,-0.1700057,-0.1700057,0.8513527,0.14081447,0.14081447,1.0,0.02112217,0.15,0.0,0.0,0.19112787,0.1700057,-24.89494,1.8730134,0.6243378,0.208,0.0,0.16324683,0.0,0.0
hardzero_only__c0p58__z1p00__lam0p000__nu0p50__psi0p00,0.15,borrow,38,400,0.0,10,-0.1700057,-0.15141334,-0.15141334,0.90675676,0.12394905,0.12394905,1.0,0.018592358,0.15,0.0,0.0,0.1700057,0.15141334,-25.710001,1.9949046,0.66496825,0.15200001,0.008,0.17507266,0.0,0.0
hardzero_only__c0p58__z1p00__lam0p000__nu0p50__psi0p00,0.15,borrow,38,401,0.0,10,-0.15141334,-0.13471207,-0.13471207,0.9533418,0.11134179,0.11134179,1.0,0.01670127,0.15,0.0,0.0,0.15141334,0.13471207,-26.799257,2.0973938,0.69913125,0.15200001,0.0,0.19559416,0.0,0.0
hardzero_only__c0p58__z1p00__lam0p000__nu0p50__psi0p00,0.15,borrow,38,402,0.0,10,-0.13471207,-0.1130343,-0.1130343,0.8400767,0.14451845,0.14451845,1.0,0.021677768,0.15,0.0,0.0,0.13471207,0.1130343,-24.318914,1.8482056,0.61606854,0.224,0.0,0.17960782,0.0,0.0
hardzero_only__c0p58__z1p00__lam0p000__nu0p50__psi0p00,0.15,borrow,38,403,0.0,10,-0.1130343,-0.09222677,-0.09222677,0.8578708,0.13871685,0.13871685,1.0,0.020807527,0.15,0.0,0.0,0.1130343,0.09222677,-25.221138,1.8873534,0.62911785,0.34,0.01,0.18276808,0.0,0.0
hardzero_only__c0p58__z1p00__lam0p000__nu0p50__psi0p00,0.15,borrow,38,404,0.0,10,-0.09222677,-0.07207435,-0.07207435,0.871764,0.13434948,0.13434948,1.0,0.020152424,0.15,0.0,0.0,0.09222677,0.07207435,-25.350618,1.9179192,0.6393064,0.16800001,0.0,0.16786902,0.0,0.0
hardzero_only__c0p58__z1p00__lam0p000__nu0p50__psi0p00,0.15,borrow,38,405,0.0,10,-0.07207435,-0.054270446,-0.054270446,0.925576,0.1186927,0.1186927,1.0,0.017803906,0.15,0.0,0.0,0.07207435,0.054270446,-25.77223,2.0363078,0.6787693,0.128,0.0,0.1799611,0.0,0.0
hardzero_only__c0p58__z1p00__lam0p000__nu0p50__psi0p00,0.15,borrow,38,406,0.0,10,-0.054270446,-0.03499953,-0.03499953,0.891189,0.12847276,0.12847276,1.0,0.019270916,0.15,0.0,0.0,0.054270446,0.03499953,-25.817106,1.9606549,0.65355164,0.136,0.0,0.17560817,0.0,0.0
hardzero_only__c0p58__z1p00__lam0p000__nu0p50__psi0p00,0.15,borrow,38,407,0.0,10,-0.03499953,-0.016983263,-0.016983263,0.9204264,0.12010845,0.12010845,1.0,0.018016268,0.15,0.0,0.0,0.03499953,0.016983263,-26.960064,2.0249786,0.6749929,0.216,0.0,0.185803,0.0,0.0
hardzero_only__c0p58__z1p00__lam0p000__nu0p50__psi0p00,0.15,borrow,38,408,1.0,11,-0.016983263,-0.5760449,-0.5760449,0.85514915,0.13958888,0.13958888,1.0,0.020938333,0.15,0.0,0.0,0.016983263,0.5760449,-24.860514,1.8813657,0.6271219,0.23200001,0.008,0.1542207,0.0,0.0
hardzero_only__c0p58__z1p00__lam0p000__nu0p50__psi0p00,0.15,borrow,38,409,0.0,11,-0.5760449,-0.5567296,-0.5567296,0.89018947,0.12876877,0.12876877,1.0,0.019315317,0.15,0.0,0.0,0.5760449,0.5567296,-24.707254,1.9584559,0.6528187,0.272,0.0,0.18950577,0.0,0.0
hardzero_only__c0p58__z1p00__lam0p000__nu0p50__psi0p00,0.15,borrow,38,410,0.0,11,-0.5567296,-0.5368074,-0.5368074,0.8767537,0.13281475,0.13281475,1.0,0.019922214,0.15,0.0,0.0,0.5567296,0.5368074,-25.589966,1.9288967,0.64296556,0.2,0.0,0.19669488,0.0,0.0
hardzero_only__c0p58__z1p00__lam0p000__nu0p50__psi0p00,0.15,borrow,38,411,0.0,11,-0.5368074,-0.5184226,-0.5184226,0.91163135,0.12256562,0.12256562,1.0,0.018384844,0.15,0.0,0.0,0.5368074,0.5184226,-25.959578,2.005629,0.66854304,0.16000001,0.0,0.19155678,0.0,0.0
hardzero_only__c0p58__z1p00__lam0p000__nu0p50__psi0p00,0.15,borrow,38,412,0.0,11,-0.5184226,-0.49891973,-0.49891973,0.8859928,0.13001911,0.13001911,1.0,0.019502867,0.15,0.0,0.0,0.5184226,0.49891973,-26.259315,1.9492232,0.64974105,0.18400002,0.0,0.17217809,0.0,0.0
hardzero_only__c0p58__z1p00__lam0p000__nu0p50__psi0p00,0.15,borrow,38,413,0.0,11,-0.49891973,-0.47982383,-0.47982383,0.89515126,0.12730595,0.12730595,1.0,0.019095894,0.15,0.0,0.0,0.49891973,0.47982383,-25.351858,1.969372,0.65645736,0.18400002,0.0,0.19046347,0.0,0.0
hardzero_only__c0p58__z1p00__lam0p000__nu0p50__psi0p00,0.15,borrow,38,414,0.0,11,-0.47982383,-0.45894352,-0.45894352,0.8563545,0.13920201,0.13920201,1.0,0.020880302,0.15,0.0,0.0,0.47982383,0.45894352,-25.718374,1.8840175,0.62800586,0.272,0.0,0.17404771,0.0,0.0
hardzero_only__c0p58__z1p00__lam0p000__nu0p50__psi0p00,0.15,borrow,38,415,0.0,11,-0.45894352,-0.4375414,-0.4375414,0.84563464,0.14268075,0.14268075,1.0,0.021402113,0.15,0.0,0.0,0.45894352,0.4375414,-24.81257,1.8604333,0.6201445,0.24000001,0.0,0.16790336,0.0,0.0
hardzero_only__c0p58__z1p00__lam0p000__nu0p50__psi0p00,0.15,borrow,38,416,0.0,11,-0.4375414,-0.41726953,-0.41726953,0.8691976,0.13514575,0.13514575,1.0,0.020271864,0.15,0.0,0.0,0.4375414,0.41726953,-24.986305,1.9122729,0.63742435,0.25,0.0,0.16594592,0.0,0.0
hardzero_only__c0p58__z1p00__lam0p000__nu0p50__psi0p00,0.15,borrow,38,417,0.0,11,-0.41726953,-0.3966615,-0.3966615,0.86205477,0.13738686,0.13738686,1.0,0.02060803,0.15,0.0,0.0,0.41726953,0.3966615,-25.451756,1.8965584,0.6321862,0.256,0.0,0.18510486,0.0,0.0
hardzero_only__c0p58__z1p00__lam0p000__nu0p50__psi0p00,0.15,borrow,38,418,0.0,11,-0.3966615,-0.3786214,-0.3786214,0.91985255,0.12026726,0.12026726,1.0,0.018040089,0.15,0.0,0.0,0.3966615,0.3786214,-25.716286,2.023716,0.674572,0.216,0.0,0.20500009,0.0,0.0
hardzero_only__c0p58__z1p00__lam0p000__nu0p50__psi0p00,0.15,borrow,38,419,0.0,11,-0.3786214,-0.35839432,-0.35839432,0.8701581,0.13484721,0.13484721,1.0,0.020227082,0.15,0.0,0.0,0.3786214,0.35839432,-25.398806,1.914386,0.6381287,0.15200001,0.0,0.17728539,0.0,0.0
hardzero_only__c0p58__z1p00__lam0p000__nu0p50__psi0p00,0.15,borrow,38,420,0.0,11,-0.35839432,-0.33929166,-0.33929166,0.89499706,0.12735116,0.12735116,1.0,0.019102676,0.15,0.0,0.0,0.35839432,0.33929166,-25.624727,1.9690329,0.6563443,0.23200001,0.0,0.19082354,0.0,0.0
hardzero_only__c0p58__z1p00__lam0p000__nu0p50__psi0p00,0.15,borrow,38,421,0.0,11,-0.33929166,-0.32086036,-0.32086036,0.910535,0.12287541,0.12287541,1.0,0.018431311,0.15,0.0,0.0,0.33929166,0.32086036,-25.615992,2.003217,0.66773903,0.224,0.0,0.1811865,0.0,0.0
hardzero_only__c0p58__z1p00__lam0p000__nu0p50__psi0p00,0.15,borrow,38,422,0.0,11,-0.32086036,-0.3002957,-0.3002957,0.86296976,0.1370977,0.1370977,1.0,0.020564657,0.15,0.0,0.0,0.32086036,0.3002957,-25.536695,1.8985714,0.63285714,0.2,0.0,0.17407298,0.0,0.0
hardzero_only__c0p58__z1p00__lam0p000__nu0p50__psi0p00,0.15,borrow,38,423,0.0,11,-0.3002957,-0.27907827,-0.27907827,0.8493983,0.14144957,0.14144957,1.0,0.021217436,0.15,0.0,0.0,0.3002957,0.27907827,-25.467535,1.8687136,0.62290454,0.23200001,0.0,0.17824148,0.0,0.0
hardzero_only__c0p58__z1p00__lam0p000__nu0p50__psi0p00,0.15,borrow,38,424,0.0,11,-0.27907827,-0.25863916,-0.25863916,0.86562926,0.13626073,0.13626073,1.0,0.02043911,0.15,0.0,0.0,0.27907827,0.25863916,-24.949333,1.9044224,0.63480747,0.16800001,0.0,0.19636866,0.0,0.0
hardzero_only__c0p58__z1p00__lam0p000__nu0p50__psi0p00,0.15,borrow,38,425,0.0,11,-0.25863916,-0.23893422,-0.23893422,0.8815163,0.13136621,0.13136621,1.0,0.019704932,0.15,0.0,0.0,0.25863916,0.23893422,-25.586395,1.9393746,0.6464582,0.2,0.0,0.17516655,0.0,0.0
hardzero_only__c0p58__z1p00__lam0p000__nu0p50__psi0p00,0.15,borrow,38,426,0.0,11,-0.23893422,-0.21712059,-0.21712059,0.83736336,0.14542417,0.14542417,1.0,0.021813627,0.15,0.0,0.0,0.23893422,0.21712059,-24.863422,1.8422362,0.61407876,0.32000002,0.0,0.17584191,0.0,0.0
hardzero_only__c0p58__z1p00__lam0p000__nu0p50__psi0p00,0.15,borrow,38,427,0.0,11,-0.21712059,-0.19814105,-0.19814105,0.8978057,0.12653022,0.12653022,1.0,0.018979533,0.15,0.0,0.0,0.21712059,0.19814105,-25.804852,1.975212,0.658404,0.18400002,0.0,0.17079473,0.0,0.0
hardzero_only__c0p58__z1p00__lam0p000__nu0p50__psi0p00,0.15,borrow,38,428,0.0,11,-0.19814105,-0.17809103,-0.17809103,0.8739766,0.13366677,0.13366677,1.0,0.020050015,0.15,0.0,0.0,0.19814105,0.17809103,-26.268785,1.922787,0.640929,0.208,0.0,0.19541542,0.0,0.0
hardzero_only__c0p58__z1p00__lam0p000__nu0p50__psi0p00,0.15,borrow,38,429,0.0,11,-0.17809103,-0.15925995,-0.15925995,0.901216,0.12554055,0.12554055,1.0,0.018831084,0.15,0.0,0.0,0.17809103,0.15925995,-24.759008,1.9827148,0.66090494,0.21,0.0,0.14679557,0.0,0.0
hardzero_only__c0p58__z1p00__lam0p000__nu0p50__psi0p00,0.15,borrow,38,430,0.0,11,-0.15925995,-0.13708085,-0.13708085,0.83014745,0.14786062,0.14786062,1.0,0.022179093,0.15,0.0,0.0,0.15925995,0.13708085,-25.306341,1.8263608,0.60878694,0.24800001,0.0,0.19761027,0.0,0.0
hardzero_only__c0p58__z1p00__lam0p000__nu0p50__psi0p00,0.15,borrow,38,431,0.0,11,-0.13708085,-0.11626677,-0.11626677,0.8577341,0.13876052,0.13876052,1.0,0.02081408,0.15,0.0,0.0,0.13708085,0.11626677,-24.624697,1.8870527,0.6290176,0.18400002,0.0,0.1573364,0.0,0.0
hardzero_only__c0p58__z1p00__lam0p000__nu0p50__psi0p00,0.15,borrow,38,432,0.0,11,-0.11626677,-0.09651219,-0.09651219,0.88042337,0.13169721,0.13169721,1.0,0.019754581,0.15,0.0,0.0,0.11626677,0.09651219,-25.460209,1.9369701,0.6456567,0.256,0.0,0.17967185,0.0,0.0
hardzero_only__c0p58__z1p00__lam0p000__nu0p50__psi0p00,0.15,borrow,38,433,0.0,11,-0.09651219,-0.07455589,-0.07455589,0.83453214,0.14637533,0.14637533,1.0,0.0219563,0.15,0.0,0.0,0.09651219,0.07455589,-25.52251,1.8360074,0.6120025,0.24800001,0.0,0.17370054,0.0,0.0
hardzero_only__c0p58__z1p00__lam0p000__nu0p50__psi0p00,0.15,borrow,38,434,0.0,11,-0.07455589,-0.053869303,-0.053869303,0.86040246,0.13791056,0.13791056,1.0,0.020686585,0.15,0.0,0.0,0.07455589,0.053869303,-25.014376,1.8929232,0.6309744,0.192,0.0,0.1717498,0.0,0.0
hardzero_only__c0p58__z1p00__lam0p000__nu0p50__psi0p00,0.15,borrow,38,435,0.0,11,-0.053869303,-0.033711318,-0.033711318,0.87164414,0.13438657,0.13438657,1.0,0.020157985,0.15,0.0,0.0,0.053869303,0.033711318,-26.234547,1.9176553,0.63921845,0.32000002,0.0,0.20754634,0.0,0.0
hardzero_only__c0p58__z1p00__lam0p000__nu0p50__psi0p00,0.15,borrow,38,436,0.0,11,-0.033711318,-0.014362473,-0.014362473,0.8894363,0.12899229,0.12899229,1.0,0.019348845,0.15,0.0,0.0,0.033711318,0.014362473,-25.240326,1.9567989,0.6522663,0.208,0.0,0.18198708,0.0,0.0
hardzero_only__c0p58__z1p00__lam0p000__nu0p50__psi0p00,0.15,borrow,38,437,1.0,12,-0.014362473,-0.5743634,-0.5743634,0.8750824,0.13332684,0.13332684,1.0,0.019999027,0.15,0.0,0.0,0.014362473,0.5743634,-25.760117,1.9252197,0.6417399,0.2,0.0,0.19629607,0.0,0.0
hardzero_only__c0p58__z1p00__lam0p000__nu0p50__psi0p00,0.15,borrow,38,438,0.0,12,-0.5743634,-0.55334234,-0.55334234,0.8534366,0.14014041,0.14014041,1.0,0.021021063,0.15,0.0,0.0,0.5743634,0.55334234,-24.304764,1.877598,0.62586606,0.24800001,0.0,0.1930074,0.0,0.0
hardzero_only__c0p58__z1p00__lam0p000__nu0p50__psi0p00,0.15,borrow,38,439,0.0,12,-0.55334234,-0.53117514,-0.53117514,0.8303805,0.14778131,0.14778131,1.0,0.022167198,0.15,0.0,0.0,0.55334234,0.53117514,-25.05779,1.8268735,0.6089579,0.2,0.0,0.2042141,0.0,0.0
hardzero_only__c0p58__z1p00__lam0p000__nu0p50__psi0p00,0.15,borrow,38,440,0.0,12,-0.53117514,-0.51092035,-0.51092035,0.8695631,0.13503206,0.13503206,1.0,0.02025481,0.15,0.0,0.0,0.53117514,0.51092035,-25.546726,1.913077,0.63769233,0.17600001,0.0,0.2006553,0.0,0.0
hardzero_only__c0p58__z1p00__lam0p000__nu0p50__psi0p00,0.15,borrow,38,441,0.0,12,-0.51092035,-0.49253485,-0.49253485,0.91161585,0.12256998,0.12256998,1.0,0.018385498,0.15,0.0,0.0,0.51092035,0.49253485,-26.153067,2.005595,0.66853166,0.2,0.0,0.20107093,0.0,0.0
hardzero_only__c0p58__z1p00__lam0p000__nu0p50__psi0p00,0.15,borrow,38,442,0.0,12,-0.49253485,-0.47266334,-0.47266334,0.8778608,0.13247661,0.13247661,1.0,0.019871492,0.15,0.0,0.0,0.49253485,0.47266334,-25.532112,1.9313323,0.6437775,0.22999999,0.0,0.19241537,0.0,0.0
hardzero_only__c0p58__z1p00__lam0p000__nu0p50__psi0p00,0.15,borrow,38,443,0.0,12,-0.47266334,-0.45231318,-0.45231318,0.8675235,0.13566771,0.13566771,1.0,0.020350158,0.15,0.0,0.0,0.47266334,0.45231318,-25.022093,1.9085898,0.6361966,0.216,0.0,0.18180326,0.0,0.0
hardzero_only__c0p58__z1p00__lam0p000__nu0p50__psi0p00,0.15,borrow,38,444,0.0,12,-0.45231318,-0.43123552,-0.43123552,0.8522686,0.14051783,0.14051783,1.0,0.021077676,0.15,0.0,0.0,0.45231318,0.43123552,-24.67479,1.8750284,0.6250095,0.28,0.0,0.19637193,0.0,0.0
hardzero_only__c0p58__z1p00__lam0p000__nu0p50__psi0p00,0.15,borrow,38,445,0.0,12,-0.43123552,-0.40948403,-0.40948403,0.8386025,0.14500986,0.14500986,1.0,0.02175148,0.15,0.0,0.0,0.43123552,0.40948403,-24.625603,1.8449622,0.61498743,0.24800001,0.0,0.18778303,0.0,0.0
hardzero_only__c0p58__z1p00__lam0p000__nu0p50__psi0p00,0.15,borrow,38,446,0.0,12,-0.40948403,-0.38938016,-0.38938016,0.87281156,0.1340258,0.1340258,1.0,0.02010387,0.15,0.0,0.0,0.40948403,0.38938016,-25.054787,1.9202237,0.6400746,0.15200001,0.0,0.20738664,0.0,0.0
hardzero_only__c0p58__z1p00__lam0p000__nu0p50__psi0p00,0.15,borrow,38,447,0.0,12,-0.38938016,-0.3685793,-0.3685793,0.8580101,0.13867234,0.13867234,1.0,0.020800851,0.15,0.0,0.0,0.38938016,0.3685793,-25.278248,1.8876599,0.62922,0.344,0.0,0.18978031,0.0,0.0
hardzero_only__c0p58__z1p00__lam0p000__nu0p50__psi0p00,0.15,borrow,38,448,0.0,12,-0.3685793,-0.34674835,-0.34674835,0.83701867,0.14553966,0.14553966,1.0,0.02183095,0.15,0.0,0.0,0.3685793,0.34674835,-24.289564,1.8414779,0.613826,0.224,0.0,0.18858196,0.0,0.0
hardzero_only__c0p58__z1p00__lam0p000__nu0p50__psi0p00,0.15,borrow,38,449,0.0,12,-0.34674835,-0.32731476,-0.32731476,0.8875384,0.1295572,0.1295572,1.0,0.019433582,0.15,0.0,0.0,0.34674835,0.32731476,-25.247963,1.9526234,0.6508745,0.18400002,0.0,0.20938542,0.0,0.0
hardzero_only__c0p58__z1p00__lam0p000__nu0p50__psi0p00,0.15,borrow,38,450,0.0,12,-0.32731476,-0.30672508,-0.30672508,0.8624418,0.13726449,0.13726449,1.0,0.020589674,0.15,0.0,0.0,0.32731476,0.30672508,-25.201431,1.8974098,0.63246995,0.272,0.0,0.21381766,0.0,0.0
hardzero_only__c0p58__z1p00__lam0p000__nu0p50__psi0p00,0.15,borrow,38,451,0.0,12,-0.30672508,-0.28854302,-0.28854302,0.91644764,0.121213876,0.121213876,1.0,0.018182082,0.15,0.0,0.0,0.30672508,0.28854302,-27.272326,2.016225,0.67207503,0.2,0.0,0.2136402,0.0,0.0
hardzero_only__c0p58__z1p00__lam0p000__nu0p50__psi0p00,0.15,borrow,38,452,0.0,12,-0.28854302,-0.27042636,-0.27042636,0.9180133,0.120777704,0.120777704,1.0,0.018116657,0.15,0.0,0.0,0.28854302,0.27042636,-26.045856,2.0196695,0.6732232,0.192,0.0,0.1909451,0.0,0.0
hardzero_only__c0p58__z1p00__lam0p000__nu0p50__psi0p00,0.15,borrow,38,453,0.0,12,-0.27042636,-0.24944742,-0.24944742,0.8543077,0.13985959,0.13985959,1.0,0.020978939,0.15,0.0,0.0,0.27042636,0.24944742,-25.010387,1.8795145,0.62650484,0.24000001,0.0,0.1888137,0.0,0.0
hardzero_only__c0p58__z1p00__lam0p000__nu0p50__psi0p00,0.15,borrow,38,454,0.0,12,-0.24944742,-0.22822034,-0.22822034,0.849201,0.14151385,0.14151385,1.0,0.021227079,0.15,0.0,0.0,0.24944742,0.22822034,-24.866636,1.8682796,0.6227599,0.256,0.008,0.19474335,0.0,0.0
hardzero_only__c0p58__z1p00__lam0p000__nu0p50__psi0p00,0.15,borrow,38,455,0.0,12,-0.22822034,-0.2058878,-0.2058878,0.827153,0.14888364,0.14888364,1.0,0.022332547,0.15,0.0,0.0,0.22822034,0.2058878,-24.150557,1.819773,0.606591,0.24,0.0,0.18525966,0.0,0.0
hardzero_only__c0p58__z1p00__lam0p000__nu0p50__psi0p00,0.15,borrow,38,456,0.0,12,-0.2058878,-0.18592,-0.18592,0.8757613,0.13311861,0.13311861,1.0,0.019967793,0.15,0.0,0.0,0.2058878,0.18592,-25.5678,1.9267132,0.6422378,0.23200001,0.0,0.19821227,0.0,0.0
hardzero_only__c0p58__z1p00__lam0p000__nu0p50__psi0p00,0.15,borrow,38,457,0.0,12,-0.18592,-0.16308165,-0.16308165,0.81742644,0.1522557,0.1522557,1.0,0.022838356,0.15,0.0,0.0,0.18592,0.16308165,-24.24649,1.798374,0.59945804,0.384,0.008,0.18987125,0.0,0.0
hardzero_only__c0p58__z1p00__lam0p000__nu0p50__psi0p00,0.15,borrow,38,458,0.0,12,-0.16308165,-0.14368717,-0.14368717,0.88841337,0.12929645,0.12929645,1.0,0.019394469,0.15,0.0,0.0,0.16308165,0.14368717,-25.49136,1.9545485,0.6515162,0.216,0.0,0.19622238,0.0,0.0
hardzero_only__c0p58__z1p00__lam0p000__nu0p50__psi0p00,0.15,borrow,38,459,0.0,12,-0.14368717,-0.12327559,-0.12327559,0.8662147,0.13607718,0.13607718,1.0,0.020411577,0.15,0.0,0.0,0.14368717,0.12327559,-25.266573,1.9057103,0.6352368,0.192,0.0,0.19165891,0.0,0.0
hardzero_only__c0p58__z1p00__lam0p000__nu0p50__psi0p00,0.15,borrow,38,460,0.0,12,-0.12327559,-0.10470113,-0.10470113,0.90717506,0.123829715,0.123829715,1.0,0.018574458,0.15,0.0,0.0,0.12327559,0.10470113,-25.773306,1.995825,0.66527504,0.128,0.0,0.20871,0.0,0.0
hardzero_only__c0p58__z1p00__lam0p000__nu0p50__psi0p00,0.15,borrow,38,461,0.0,12,-0.10470113,-0.08512677,-0.08512677,0.88440377,0.13049571,0.13049571,1.0,0.019574357,0.15,0.0,0.0,0.10470113,0.08512677,-25.478157,1.9457271,0.6485757,0.17600001,0.0,0.20998947,0.0,0.0
hardzero_only__c0p58__z1p00__lam0p000__nu0p50__psi0p00,0.15,borrow,38,462,0.0,12,-0.08512677,-0.06476165,-0.06476165,0.86720425,0.13576747,0.13576747,1.0,0.020365123,0.15,0.0,0.0,0.08512677,0.06476165,-25.68147,1.9078875,0.6359625,0.2,0.0,0.19920151,0.0,0.0
hardzero_only__c0p58__z1p00__lam0p000__nu0p50__psi0p00,0.15,borrow,38,463,0.0,12,-0.06476165,-0.04438463,-0.04438463,0.8669505,0.13584682,0.13584682,1.0,0.020377025,0.15,0.0,0.0,0.06476165,0.04438463,-25.713219,1.9073292,0.6357764,0.216,0.0,0.21064422,0.0,0.0
hardzero_only__c0p58__z1p00__lam0p000__nu0p50__psi0p00,0.15,borrow,38,464,0.0,12,-0.04438463,-0.023315823,-0.023315823,0.8524513,0.1404587,0.1404587,1.0,0.021068806,0.15,0.0,0.0,0.04438463,0.023315823,-25.361546,1.8754303,0.62514347,0.208,0.0,0.19593239,0.0,0.0
hardzero_only__c0p58__z1p00__lam0p000__nu0p50__psi0p00,0.15,borrow,38,465,0.0,12,-0.023315823,-0.0018214546,-0.0018214546,0.84376657,0.14329578,0.14329578,1.0,0.021494368,0.15,0.0,0.0,0.023315823,0.0018214546,-24.70083,1.8563235,0.61877453,0.272,0.0,0.19020112,0.0,0.0
hardzero_only__c0p58__z1p00__lam0p000__nu0p50__psi0p00,0.15,borrow,38,466,1.0,13,-0.0018214546,-0.55955195,-0.55955195,0.8283816,0.14846306,0.14846306,1.0,0.02226946,0.15,0.0,0.0,0.0018214546,0.55955195,-24.149942,1.8224759,0.60749197,0.224,0.0,0.19676076,0.0,0.0
hardzero_only__c0p58__z1p00__lam0p000__nu0p50__psi0p00,0.15,borrow,38,467,0.0,13,-0.55955195,-0.5403304,-0.5403304,0.8923024,0.1281438,0.1281438,1.0,0.01922157,0.15,0.0,0.0,0.55955195,0.5403304,-25.330872,1.9631045,0.65436816,0.224,0.0,0.22016612,0.0,0.0
hardzero_only__c0p58__z1p00__lam0p000__nu0p50__psi0p00,0.15,borrow,38,468,0.0,13,-0.5403304,-0.5175235,-0.5175235,0.81802505,0.15204598,0.15204598,1.0,0.022806898,0.15,0.0,0.0,0.5403304,0.5175235,-23.746918,1.7996911,0.599897,0.21,0.0,0.19359569,0.0,0.0
hardzero_only__c0p58__z1p00__lam0p000__nu0p50__psi0p00,0.15,borrow,38,469,0.0,13,-0.5175235,-0.49705622,-0.49705622,0.8650302,0.1364488,0.1364488,1.0,0.02046732,0.15,0.0,0.0,0.5175235,0.49705622,-25.211086,1.9031045,0.6343682,0.224,0.0,0.24213105,0.0,0.0
hardzero_only__c0p58__z1p00__lam0p000__nu0p50__psi0p00,0.15,borrow,38,470,0.0,13,-0.49705622,-0.4774635,-0.4774635,0.8839972,0.13061793,0.13061793,1.0,0.019592691,0.15,0.0,0.0,0.49705622,0.4774635,-25.407875,1.9448327,0.6482776,0.17600001,0.0,0.22193182,0.0,0.0
hardzero_only__c0p58__z1p00__lam0p000__nu0p50__psi0p00,0.15,borrow,38,471,0.0,13,-0.4774635,-0.45842543,-0.45842543,0.89646834,0.12692046,0.12692046,1.0,0.01903807,0.15,0.0,0.0,0.4774635,0.45842543,-25.790648,1.9722698,0.65742326,0.18400002,0.0,0.21416894,0.0,0.0
hardzero_only__c0p58__z1p00__lam0p000__nu0p50__psi0p00,0.15,borrow,38,472,0.0,13,-0.45842543,-0.43619686,-0.43619686,0.8291798,0.14819042,0.14819042,1.0,0.022228565,0.15,0.0,0.0,0.45842543,0.43619686,-24.045572,1.824232,0.60807735,0.224,0.0,0.20576432,0.0,0.0
hardzero_only__c0p58__z1p00__lam0p000__nu0p50__psi0p00,0.15,borrow,38,473,0.0,13,-0.43619686,-0.41395524,-0.41395524,0.82892483,0.14827748,0.14827748,1.0,0.022241622,0.15,0.0,0.0,0.43619686,0.41395524,-24.546263,1.8236711,0.60789037,0.264,0.0,0.22880553,0.0,0.0
hardzero_only__c0p58__z1p00__lam0p000__nu0p50__psi0p00,0.15,borrow,38,474,0.0,13,-0.41395524,-0.39193806,-0.39193806,0.8333297,0.14678116,0.14678116,1.0,0.022017175,0.15,0.0,0.0,0.41395524,0.39193806,-25.121527,1.8333619,0.61112064,0.216,0.0,0.23224376,0.0,0.0
hardzero_only__c0p58__z1p00__lam0p000__nu0p50__psi0p00,0.15,borrow,38,475,0.0,13,-0.39193806,-0.37115112,-0.37115112,0.8583009,0.13857952,0.13857952,1.0,0.020786928,0.15,0.0,0.0,0.39193806,0.37115112,-25.031258,1.8882997,0.6294333,0.224,0.008,0.22836098,0.0,0.0
hardzero_only__c0p58__z1p00__lam0p000__nu0p50__psi0p00,0.15,borrow,38,476,0.0,13,-0.37115112,-0.34944025,-0.34944025,0.8394139,0.1447392,0.1447392,1.0,0.02171088,0.15,0.0,0.0,0.37115112,0.34944025,-24.915653,1.8467474,0.61558247,0.28,0.0,0.22478369,0.0,0.0
hardzero_only__c0p58__z1p00__lam0p000__nu0p50__psi0p00,0.15,borrow,38,477,0.0,13,-0.34944025,-0.3279789,-0.3279789,0.84443456,0.14307556,0.14307556,1.0,0.021461334,0.15,0.0,0.0,0.34944025,0.3279789,-25.16251,1.8577931,0.61926436,0.224,0.0,0.23917583,0.0,0.0
hardzero_only__c0p58__z1p00__lam0p000__nu0p50__psi0p00,0.15,borrow,38,478,0.0,13,-0.3279789,-0.30921912,-0.30921912,0.902863,0.12506534,0.12506534,1.0,0.018759802,0.15,0.0,0.0,0.3279789,0.30921912,-26.049196,1.9863383,0.6621128,0.16000001,0.0,0.20844015,0.0,0.0
hardzero_only__c0p58__z1p00__lam0p000__nu0p50__psi0p00,0.15,borrow,38,479,0.0,13,-0.30921912,-0.29070154,-0.29070154,0.9085067,0.12345063,0.12345063,1.0,0.018517595,0.15,0.0,0.0,0.30921912,0.29070154,-26.187773,1.9987546,0.66625154,0.192,0.0,0.21607387,0.0,0.0
hardzero_only__c0p58__z1p00__lam0p000__nu0p50__psi0p00,0.15,borrow,38,480,0.0,13,-0.29070154,-0.2700068,-0.2700068,0.86023164,0.13796483,0.13796483,1.0,0.020694725,0.15,0.0,0.0,0.29070154,0.2700068,-24.576483,1.8925474,0.6308491,0.2,0.0,0.21653911,0.0,0.0
hardzero_only__c0p58__z1p00__lam0p000__nu0p50__psi0p00,0.15,borrow,38,481,0.0,13,-0.2700068,-0.24994831,-0.24994831,0.8737927,0.13372335,0.13372335,1.0,0.020058503,0.15,0.0,0.0,0.2700068,0.24994831,-24.712795,1.9223824,0.64079416,0.28,0.0,0.20098233,0.0,0.0
hardzero_only__c0p58__z1p00__lam0p000__nu0p50__psi0p00,0.15,borrow,38,482,0.0,13,-0.24994831,-0.22996263,-0.22996263,0.87537235,0.13323787,0.13323787,1.0,0.019985681,0.15,0.0,0.0,0.24994831,0.22996263,-25.644632,1.9258577,0.6419526,0.24000001,0.0,0.23175257,0.0,0.0
hardzero_only__c0p58__z1p00__lam0p000__nu0p50__psi0p00,0.15,borrow,38,483,0.0,13,-0.22996263,-0.2086272,-0.2086272,0.8469897,0.14223625,0.14223625,1.0,0.021335438,0.15,0.0,0.0,0.22996263,0.2086272,-25.612785,1.8634145,0.6211382,0.216,0.0,0.22181971,0.0,0.0
hardzero_only__c0p58__z1p00__lam0p000__nu0p50__psi0p00,0.15,borrow,38,484,0.0,13,-0.2086272,-0.18720324,-0.18720324,0.8451918,0.1428263,0.1428263,1.0,0.021423947,0.15,0.0,0.0,0.2086272,0.18720324,-25.182377,1.859459,0.6198197,0.272,0.0,0.22352877,0.0,0.0
hardzero_only__c0p58__z1p00__lam0p000__nu0p50__psi0p00,0.15,borrow,38,485,0.0,13,-0.18720324,-0.16387413,-0.16387413,0.808193,0.15552741,0.15552741,1.0,0.023329113,0.15,0.0,0.0,0.18720324,0.16387413,-23.764942,1.7780602,0.5926868,0.15200001,0.0,0.20835494,0.0,0.0
hardzero_only__c0p58__z1p00__lam0p000__nu0p50__psi0p00,0.15,borrow,38,486,0.0,13,-0.16387413,-0.14458007,-0.14458007,0.8906673,0.12862717,0.12862717,1.0,0.019294076,0.15,0.0,0.0,0.16387413,0.14458007,-25.99931,1.9595072,0.6531691,0.344,0.0,0.22795251,0.0,0.0
hardzero_only__c0p58__z1p00__lam0p000__nu0p50__psi0p00,0.15,borrow,38,487,0.0,13,-0.14458007,-0.123917826,-0.123917826,0.8609138,0.13774827,0.13774827,1.0,0.02066224,0.15,0.0,0.0,0.14458007,0.123917826,-24.855764,1.8940482,0.63134944,0.24800001,0.0,0.2155038,0.0,0.0
hardzero_only__c0p58__z1p00__lam0p000__nu0p50__psi0p00,0.15,borrow,38,488,0.0,13,-0.123917826,-0.10315564,-0.10315564,0.8588181,0.13841458,0.13841458,1.0,0.020762186,0.15,0.0,0.0,0.123917826,0.10315564,-25.263653,1.8894376,0.62981254,0.224,0.0,0.22178455,0.0,0.0
hardzero_only__c0p58__z1p00__lam0p000__nu0p50__psi0p00,0.15,borrow,38,489,0.0,13,-0.10315564,-0.08068325,-0.08068325,0.82444197,0.14981593,0.14981593,1.0,0.02247239,0.15,0.0,0.0,0.10315564,0.08068325,-24.415861,1.8138086,0.6046029,0.256,0.0,0.22212487,0.0,0.0
hardzero_only__c0p58__z1p00__lam0p000__nu0p50__psi0p00,0.15,borrow,38,490,0.0,13,-0.08068325,-0.061283298,-0.061283298,0.88829046,0.12933305,0.12933305,1.0,0.019399958,0.15,0.0,0.0,0.08068325,0.061283298,-25.602089,1.954278,0.651426,0.208,0.0,0.22868831,0.0,0.0
hardzero_only__c0p58__z1p00__lam0p000__nu0p50__psi0p00,0.15,borrow,38,491,0.0,13,-0.061283298,-0.040511947,-0.040511947,0.8586265,0.13847567,0.13847567,1.0,0.02077135,0.15,0.0,0.0,0.061283298,0.040511947,-24.445179,1.889016,0.62967205,0.216,0.0,0.23671041,0.0,0.0
hardzero_only__c0p58__z1p00__lam0p000__nu0p50__psi0p00,0.15,borrow,38,492,0.0,13,-0.040511947,-0.019788789,-0.019788789,0.8596353,0.13815439,0.13815439,1.0,0.020723158,0.15,0.0,0.0,0.040511947,0.019788789,-24.618706,1.8912355,0.63041186,0.264,0.0,0.23074023,0.0,0.0
hardzero_only__c0p58__z1p00__lam0p000__nu0p50__psi0p00,0.15,borrow,38,493,1.0,14,-0.019788789,-0.5807195,-0.5807195,0.89575666,0.1271286,0.1271286,1.0,0.019069292,0.15,0.0,0.0,0.019788789,0.5807195,-25.986668,1.970704,0.65690136,0.16800001,0.0,0.2574804,0.0,0.0
hardzero_only__c0p58__z1p00__lam0p000__nu0p50__psi0p00,0.15,borrow,38,494,0.0,14,-0.5807195,-0.56001943,-0.56001943,0.86011976,0.13800037,0.13800037,1.0,0.020700056,0.15,0.0,0.0,0.5807195,0.56001943,-25.170479,1.8923013,0.6307671,0.22,0.0,0.2355899,0.0,0.0
hardzero_only__c0p58__z1p00__lam0p000__nu0p50__psi0p00,0.15,borrow,38,495,0.0,14,-0.56001943,-0.53781253,-0.53781253,0.82960284,0.14804618,0.14804618,1.0,0.022206929,0.15,0.0,0.0,0.56001943,0.53781253,-24.66408,1.8251626,0.6083876,0.28800002,0.0,0.26723537,0.0,0.0
hardzero_only__c0p58__z1p00__lam0p000__nu0p50__psi0p00,0.15,borrow,38,496,0.0,14,-0.53781253,-0.5172805,-0.5172805,0.86366034,0.13687989,0.13687989,1.0,0.020531984,0.15,0.0,0.0,0.53781253,0.5172805,-25.22433,1.9000907,0.6333636,0.256,0.008,0.25215262,0.0,0.0
hardzero_only__c0p58__z1p00__lam0p000__nu0p50__psi0p00,0.15,borrow,38,497,0.0,14,-0.5172805,-0.49763045,-0.49763045,0.88272685,0.13100056,0.13100056,1.0,0.019650085,0.15,0.0,0.0,0.5172805,0.49763045,-25.651922,1.9420378,0.64734596,0.24000001,0.0,0.2787916,0.0,0.0
hardzero_only__c0p58__z1p00__lam0p000__nu0p50__psi0p00,0.15,borrow,38,498,0.0,14,-0.49763045,-0.47622588,-0.47622588,0.8455851,0.142697,0.142697,1.0,0.021404551,0.15,0.0,0.0,0.49763045,0.47622588,-24.357828,1.8603244,0.6201081,0.272,0.0,0.2568186,0.0,0.0
hardzero_only__c0p58__z1p00__lam0p000__nu0p50__psi0p00,0.15,borrow,38,499,0.0,14,-0.47622588,-0.45436937,-0.45436937,0.8365102,0.14571016,0.14571016,1.0,0.021856524,0.15,0.0,0.0,0.47622588,0.45436937,-25.220177,1.8403592,0.6134531,0.24000001,0.0,0.26482707,0.0,0.0
hardzero_only__c0p58__z1p00__lam0p000__nu0p50__psi0p00,0.15,borrow,38,500,0.0,14,-0.45436937,-0.4318823,-0.4318823,0.8241584,0.14991379,0.14991379,1.0,0.022487069,0.15,0.0,0.0,0.45436937,0.4318823,-23.447458,1.8131846,0.6043949,0.28,0.0,0.2467158,0.0,0.0
hardzero_only__c0p58__z1p00__lam0p000__nu0p50__psi0p00,0.15,borrow,38,501,0.0,14,-0.4318823,-0.41061613,-0.41061613,0.8484019,0.14177449,0.14177449,1.0,0.021266174,0.15,0.0,0.0,0.4318823,0.41061613,-25.478773,1.8665215,0.62217385,0.23200001,0.0,0.2613333,0.0,0.0
hardzero_only__c0p58__z1p00__lam0p000__nu0p50__psi0p00,0.15,borrow,38,502,0.0,14,-0.41061613,-0.39009637,-0.39009637,0.863919,0.13679838,0.13679838,1.0,0.020519758,0.15,0.0,0.0,0.41061613,0.39009637,-25.5299,1.9006598,0.63355327,0.216,0.0,0.24835852,0.0,0.0
hardzero_only__c0p58__z1p00__lam0p000__nu0p50__psi0p00,0.15,borrow,38,503,0.0,14,-0.39009637,-0.36540136,-0.36540136,0.78348213,0.16463335,0.16463335,1.0,0.024695003,0.15,0.0,0.0,0.39009637,0.36540136,-23.79259,1.7236952,0.57456505,0.264,0.0,0.25765717,0.0,0.0
hardzero_only__c0p58__z1p00__lam0p000__nu0p50__psi0p00,0.15,borrow,38,504,0.0,14,-0.36540136,-0.34317765,-0.34317765,0.8292745,0.14815813,0.14815813,1.0,0.02222372,0.15,0.0,0.0,0.36540136,0.34317765,-24.752123,1.8244402,0.6081468,0.256,0.0,0.24243976,0.0,0.0
hardzero_only__c0p58__z1p00__lam0p000__nu0p50__psi0p00,0.15,borrow,38,505,0.0,14,-0.34317765,-0.32167497,-0.32167497,0.8435989,0.14335112,0.14335112,1.0,0.02150267,0.15,0.0,0.0,0.34317765,0.32167497,-25.060919,1.8559546,0.61865157,0.15200001,0.0,0.27028397,0.0,0.0
hardzero_only__c0p58__z1p00__lam0p000__nu0p50__psi0p00,0.15,borrow,38,506,0.0,14,-0.32167497,-0.30212772,-0.30212772,0.8850055,0.13031502,0.13031502,1.0,0.019547254,0.15,0.0,0.0,0.32167497,0.30212772,-26.189705,1.9470509,0.649017,0.2,0.0,0.2769569,0.0,0.0
hardzero_only__c0p58__z1p00__lam0p000__nu0p50__psi0p00,0.15,borrow,38,507,0.0,14,-0.30212772,-0.28149676,-0.28149676,0.8615718,0.13753974,0.13753974,1.0,0.020630963,0.15,0.0,0.0,0.30212772,0.28149676,-26.249674,1.8954958,0.63183194,0.25,0.0,0.2711261,0.0,0.0
hardzero_only__c0p58__z1p00__lam0p000__nu0p50__psi0p00,0.15,borrow,38,508,0.0,14,-0.28149676,-0.26091132,-0.26091132,0.8625308,0.13723636,0.13723636,1.0,0.020585455,0.15,0.0,0.0,0.28149676,0.26091132,-24.813599,1.8976057,0.6325352,0.23200001,0.0,0.2669311,0.0,0.0
hardzero_only__c0p58__z1p00__lam0p000__nu0p50__psi0p00,0.15,borrow,38,509,0.0,14,-0.26091132,-0.23883055,-0.23883055,0.83207726,0.14720505,0.14720505,1.0,0.022080759,0.15,0.0,0.0,0.26091132,0.23883055,-24.752134,1.8306066,0.6102022,0.24800001,0.0,0.2540087,0.0,0.0
hardzero_only__c0p58__z1p00__lam0p000__nu0p50__psi0p00,0.15,borrow,38,510,0.0,14,-0.23883055,-0.21918975,-0.21918975,0.882932,0.13093866,0.13093866,1.0,0.0196408,0.15,0.0,0.0,0.23883055,0.21918975,-25.610468,1.9424893,0.64749646,0.208,0.0,0.28074408,0.0,0.0
hardzero_only__c0p58__z1p00__lam0p000__nu0p50__psi0p00,0.15,borrow,38,511,0.0,14,-0.21918975,-0.20027533,-0.20027533,0.89929825,0.12609614,0.12609614,1.0,0.018914422,0.15,0.0,0.0,0.21918975,0.20027533,-25.515339,1.9784956,0.6594986,0.264,0.0,0.2652262,0.0,0.0
hardzero_only__c0p58__z1p00__lam0p000__nu0p50__psi0p00,0.15,borrow,38,512,0.0,14,-0.20027533,-0.18003705,-0.18003705,0.86991775,0.13492185,0.13492185,1.0,0.020238278,0.15,0.0,0.0,0.20027533,0.18003705,-25.18785,1.9138572,0.63795245,0.24000001,0.0,0.25926065,0.0,0.0
hardzero_only__c0p58__z1p00__lam0p000__nu0p50__psi0p00,0.15,borrow,38,513,0.0,14,-0.18003705,-0.15681785,-0.15681785,0.8102442,0.1547946,0.1547946,1.0,0.02321919,0.15,0.0,0.0,0.18003705,0.15681785,-24.658915,1.7825729,0.59419096,0.30400002,0.016,0.27549312,0.0,0.0
hardzero_only__c0p58__z1p00__lam0p000__nu0p50__psi0p00,0.15,borrow,38,514,0.0,14,-0.15681785,-0.1383134,-0.1383134,0.90881485,0.12336307,0.12336307,1.0,0.018504461,0.15,0.0,0.0,0.15681785,0.1383134,-25.88141,1.9994326,0.66647756,0.216,0.0,0.27008,0.0,0.0
hardzero_only__c0p58__z1p00__lam0p000__nu0p50__psi0p00,0.15,borrow,38,515,0.0,14,-0.1383134,-0.11721403,-0.11721403,0.85182184,0.14066245,0.14066245,1.0,0.021099368,0.15,0.0,0.0,0.1383134,0.11721403,-25.295498,1.8740455,0.62468183,0.256,0.0,0.2820546,0.0,0.0
hardzero_only__c0p58__z1p00__lam0p000__nu0p50__psi0p00,0.15,borrow,38,516,0.0,14,-0.11721403,-0.09669548,-0.09669548,0.8639445,0.13679035,0.13679035,1.0,0.020518553,0.15,0.0,0.0,0.11721403,0.09669548,-25.490261,1.9007158,0.633572,0.256,0.0,0.26229075,0.0,0.0
hardzero_only__c0p58__z1p00__lam0p000__nu0p50__psi0p00,0.15,borrow,38,517,0.0,14,-0.09669548,-0.07498926,-0.07498926,0.8395069,0.14470817,0.14470817,1.0,0.021706227,0.15,0.0,0.0,0.09669548,0.07498926,-25.176174,1.8469521,0.6156507,0.24000001,0.0,0.2504576,0.0,0.0
hardzero_only__c0p58__z1p00__lam0p000__nu0p50__psi0p00,0.15,borrow,38,518,0.0,14,-0.07498926,-0.056288905,-0.056288905,0.9042414,0.12466904,0.12466904,1.0,0.018700356,0.15,0.0,0.0,0.07498926,0.056288905,-26.148762,1.9893708,0.6631236,0.23200001,0.0,0.28106275,0.0,0.0
hardzero_only__c0p58__z1p00__lam0p000__nu0p50__psi0p00,0.15,borrow,38,519,0.0,14,-0.056288905,-0.037374582,-0.037374582,0.8993005,0.12609549,0.12609549,1.0,0.018914323,0.15,0.0,0.0,0.056288905,0.037374582,-25.445412,1.9785006,0.65950024,0.17600001,0.0,0.26077473,0.0,0.0
hardzero_only__c0p58__z1p00__lam0p000__nu0p50__psi0p00,0.15,borrow,38,520,0.0,14,-0.037374582,-0.015970808,-0.015970808,0.8456009,0.14269182,0.14269182,1.0,0.021403775,0.15,0.0,0.0,0.037374582,0.015970808,-25.024538,1.8603592,0.62011975,0.29,0.0,0.25157616,0.0,0.0
hardzero_only__c0p58__z1p00__lam0p000__nu0p50__psi0p00,0.15,borrow,38,521,1.0,15,-0.015970808,-0.5753014,-0.5753014,0.860763,0.13779612,0.13779612,1.0,0.02066942,0.15,0.0,0.0,0.015970808,0.5753014,-25.834618,1.8937165,0.6312388,0.18400002,0.0,0.26269472,0.0,0.0
hardzero_only__c0p58__z1p00__lam0p000__nu0p50__psi0p00,0.15,borrow,38,522,0.0,15,-0.5753014,-0.5530869,-0.5530869,0.82945377,0.148097,0.148097,1.0,0.02221455,0.15,0.0,0.0,0.5753014,0.5530869,-25.146004,1.8248347,0.6082783,0.272,0.0,0.3227613,0.0,0.0
hardzero_only__c0p58__z1p00__lam0p000__nu0p50__psi0p00,0.15,borrow,38,523,0.0,15,-0.5530869,-0.53105783,-0.53105783,0.8330955,0.14686032,0.14686032,1.0,0.022029048,0.15,0.0,0.0,0.5530869,0.53105783,-23.952383,1.8328466,0.6109489,0.224,0.0,0.3104569,0.0,0.0
hardzero_only__c0p58__z1p00__lam0p000__nu0p50__psi0p00,0.15,borrow,38,524,0.0,15,-0.53105783,-0.50947213,-0.50947213,0.8419253,0.1439046,0.1439046,1.0,0.02158569,0.15,0.0,0.0,0.53105783,0.50947213,-24.898771,1.8522727,0.61742425,0.216,0.0,0.29759008,0.0,0.0
hardzero_only__c0p58__z1p00__lam0p000__nu0p50__psi0p00,0.15,borrow,38,525,0.0,15,-0.50947213,-0.48791316,-0.48791316,0.8424635,0.1437264,0.1437264,1.0,0.021558959,0.15,0.0,0.0,0.50947213,0.48791316,-24.4665,1.8534567,0.61781895,0.24800001,0.0,0.31479615,0.0,0.0
hardzero_only__c0p58__z1p00__lam0p000__nu0p50__psi0p00,0.15,borrow,38,526,0.0,15,-0.48791316,-0.46502924,-0.46502924,0.8165611,0.15255937,0.15255937,1.0,0.022883907,0.15,0.0,0.0,0.48791316,0.46502924,-24.658947,1.7964703,0.5988234,0.28800002,0.0,0.2997547,0.0,0.0
hardzero_only__c0p58__z1p00__lam0p000__nu0p50__psi0p00,0.15,borrow,38,527,0.0,15,-0.46502924,-0.4425542,-0.4425542,0.8243911,0.14983347,0.14983347,1.0,0.022475021,0.15,0.0,0.0,0.46502924,0.4425542,-24.818216,1.8136967,0.6045656,0.14400001,0.0,0.29379234,0.0,0.0
hardzero_only__c0p58__z1p00__lam0p000__nu0p50__psi0p00,0.15,borrow,38,528,0.0,15,-0.4425542,-0.41848484,-0.41848484,0.7946267,0.1604624,0.1604624,1.0,0.02406936,0.15,0.0,0.0,0.4425542,0.41848484,-24.13331,1.7482136,0.5827379,0.272,0.008,0.30869064,0.0,0.0
hardzero_only__c0p58__z1p00__lam0p000__nu0p50__psi0p00,0.15,borrow,38,529,0.0,15,-0.41848484,-0.3961448,-0.3961448,0.82700723,0.14893362,0.14893362,1.0,0.022340044,0.15,0.0,0.0,0.41848484,0.3961448,-24.95663,1.8194523,0.6064841,0.224,0.0,0.3134544,0.0,0.0
hardzero_only__c0p58__z1p00__lam0p000__nu0p50__psi0p00,0.15,borrow,38,530,0.0,15,-0.3961448,-0.37349224,-0.37349224,0.8209741,0.15101703,0.15101703,1.0,0.022652555,0.15,0.0,0.0,0.3961448,0.37349224,-24.204632,1.8061792,0.6020597,0.296,0.0,0.2916686,0.0,0.0
hardzero_only__c0p58__z1p00__lam0p000__nu0p50__psi0p00,0.15,borrow,38,531,0.0,15,-0.37349224,-0.3518738,-0.3518738,0.84126633,0.14412312,0.14412312,1.0,0.021618469,0.15,0.0,0.0,0.37349224,0.3518738,-24.762608,1.8508229,0.616941,0.256,0.0,0.31450865,0.0,0.0
hardzero_only__c0p58__z1p00__lam0p000__nu0p50__psi0p00,0.15,borrow,38,532,0.0,15,-0.3518738,-0.3307332,-0.3307332,0.8509747,0.14093709,0.14093709,1.0,0.021140564,0.15,0.0,0.0,0.3518738,0.3307332,-24.723959,1.8721817,0.6240606,0.18400002,0.0,0.32394493,0.0,0.0
hardzero_only__c0p58__z1p00__lam0p000__nu0p50__psi0p00,0.15,borrow,38,533,0.0,15,-0.3307332,-0.30857763,-0.30857763,0.83060825,0.14770383,0.14770383,1.0,0.022155575,0.15,0.0,0.0,0.3307332,0.30857763,-25.426466,1.8273747,0.6091249,0.22,0.0,0.27307904,0.0,0.0
hardzero_only__c0p58__z1p00__lam0p000__nu0p50__psi0p00,0.15,borrow,38,534,0.0,15,-0.30857763,-0.28553766,-0.28553766,0.81360954,0.15359972,0.15359972,1.0,0.02303996,0.15,0.0,0.0,0.30857763,0.28553766,-25.1523,1.7899767,0.59665895,0.30400002,0.0,0.3131092,0.0,0.0
hardzero_only__c0p58__z1p00__lam0p000__nu0p50__psi0p00,0.15,borrow,38,535,0.0,15,-0.28553766,-0.26552498,-0.26552498,0.8747864,0.13341776,0.13341776,1.0,0.020012664,0.15,0.0,0.0,0.28553766,0.26552498,-25.679926,1.9245684,0.6415228,0.30400002,0.016,0.29649106,0.0,0.0
hardzero_only__c0p58__z1p00__lam0p000__nu0p50__psi0p00,0.15,borrow,38,536,0.0,15,-0.26552498,-0.24416873,-0.24416873,0.8465662,0.14237502,0.14237502,1.0,0.021356255,0.15,0.0,0.0,0.26552498,0.24416873,-23.988941,1.8624828,0.6208276,0.16800001,0.0,0.30961406,0.0,0.0
hardzero_only__c0p58__z1p00__lam0p000__nu0p50__psi0p00,0.15,borrow,38,537,0.0,15,-0.24416873,-0.2207813,-0.2207813,0.8071086,0.15591626,0.15591626,1.0,0.02338744,0.15,0.0,0.0,0.24416873,0.2207813,-23.97625,1.7756743,0.59189147,0.224,0.0,0.30032614,0.0,0.0
hardzero_only__c0p58__z1p00__lam0p000__nu0p50__psi0p00,0.15,borrow,38,538,0.0,15,-0.2207813,-0.198772,-0.198772,0.8334851,0.14672862,0.14672862,1.0,0.022009294,0.15,0.0,0.0,0.2207813,0.198772,-24.684532,1.8337039,0.61123466,0.28800002,0.0,0.32042655,0.0,0.0
hardzero_only__c0p58__z1p00__lam0p000__nu0p50__psi0p00,0.15,borrow,38,539,0.0,15,-0.198772,-0.17576575,-0.17576575,0.81424534,0.15337501,0.15337501,1.0,0.023006253,0.15,0.0,0.0,0.198772,0.17576575,-24.144184,1.7913755,0.5971252,0.28,0.0,0.2963947,0.0,0.0
hardzero_only__c0p58__z1p00__lam0p000__nu0p50__psi0p00,0.15,borrow,38,540,0.0,15,-0.17576575,-0.15466179,-0.15466179,0.8517272,0.1406931,0.1406931,1.0,0.021103965,0.15,0.0,0.0,0.17576575,0.15466179,-25.056822,1.8738372,0.62461245,0.272,0.0,0.31859103,0.0,0.0
hardzero_only__c0p58__z1p00__lam0p000__nu0p50__psi0p00,0.15,borrow,38,541,0.0,15,-0.15466179,-0.1314401,-0.1314401,0.8101974,0.15481128,0.15481128,1.0,0.023221692,0.15,0.0,0.0,0.15466179,0.1314401,-24.217857,1.7824699,0.5941566,0.24000001,0.0,0.31330538,0.0,0.0
hardzero_only__c0p58__z1p00__lam0p000__nu0p50__psi0p00,0.15,borrow,38,542,0.0,15,-0.1314401,-0.11016175,-0.11016175,0.8481532,0.1418557,0.1418557,1.0,0.021278355,0.15,0.0,0.0,0.1314401,0.11016175,-24.803411,1.8659742,0.6219914,0.18400002,0.0,0.31846282,0.0,0.0
hardzero_only__c0p58__z1p00__lam0p000__nu0p50__psi0p00,0.15,borrow,38,543,0.0,15,-0.11016175,-0.08970119,-0.08970119,0.8651737,0.13640374,0.13640374,1.0,0.02046056,0.15,0.0,0.0,0.11016175,0.08970119,-25.662067,1.9034201,0.6344734,0.24800001,0.0,0.31865907,0.0,0.0
hardzero_only__c0p58__z1p00__lam0p000__nu0p50__psi0p00,0.15,borrow,38,544,0.0,15,-0.08970119,-0.06946781,-0.06946781,0.87002295,0.13488916,0.13488916,1.0,0.020233374,0.15,0.0,0.0,0.08970119,0.06946781,-25.19797,1.9140887,0.6380296,0.208,0.0,0.3002976,0.0,0.0
hardzero_only__c0p58__z1p00__lam0p000__nu0p50__psi0p00,0.15,borrow,38,545,0.0,15,-0.06946781,-0.049295638,-0.049295638,0.87133855,0.13448116,0.13448116,1.0,0.020172175,0.15,0.0,0.0,0.06946781,0.049295638,-25.582626,1.9169831,0.6389944,0.208,0.0,0.305503,0.0,0.0
hardzero_only__c0p58__z1p00__lam0p000__nu0p50__psi0p00,0.15,borrow,38,546,0.0,15,-0.049295638,-0.024875563,-0.024875563,0.78834426,0.16280049,0.16280049,1.0,0.024420075,0.15,0.0,0.0,0.049295638,0.024875563,-24.105482,1.734392,0.5781307,0.29999998,0.0,0.2759861,0.0,0.0
hardzero_only__c0p58__z1p00__lam0p000__nu0p50__psi0p00,0.15,borrow,38,547,0.0,15,-0.024875563,-0.0053653605,-0.0053653605,0.8858295,0.130068,0.130068,1.0,0.019510202,0.15,0.0,0.0,0.024875563,0.0053653605,-25.903091,1.9488639,0.6496213,0.18400002,0.0,0.32350156,0.0,0.0
hardzero_only__c0p58__z1p00__lam0p000__nu0p50__psi0p00,0.15,borrow,38,548,1.0,16,-0.0053653605,-0.5652189,-0.5652189,0.87189263,0.1343097,0.1343097,1.0,0.020146456,0.15,0.0,0.0,0.0053653605,0.5652189,-25.562843,1.918202,0.6394007,0.18400002,0.0,0.29828334,0.0,0.0
hardzero_only__c0p58__z1p00__lam0p000__nu0p50__psi0p00,0.15,borrow,38,549,0.0,16,-0.5652189,-0.5428511,-0.5428511,0.82646704,0.14911899,0.14911899,1.0,0.02236785,0.15,0.0,0.0,0.5652189,0.5428511,-24.319248,1.8182638,0.6060879,0.216,0.0,0.3407591,0.0,0.0
hardzero_only__c0p58__z1p00__lam0p000__nu0p50__psi0p00,0.15,borrow,38,550,0.0,16,-0.5428511,-0.5201306,-0.5201306,0.8196732,0.15147007,0.15147007,1.0,0.02272051,0.15,0.0,0.0,0.5428511,0.5201306,-24.115211,1.803317,0.6011057,0.216,0.0,0.38471574,0.0,0.0
hardzero_only__c0p58__z1p00__lam0p000__nu0p50__psi0p00,0.15,borrow,38,551,0.0,16,-0.5201306,-0.49512962,-0.49512962,0.7781344,0.16667312,0.16667312,1.0,0.025000969,0.15,0.0,0.0,0.5201306,0.49512962,-24.29215,1.7119299,0.5706433,0.296,0.0,0.3696939,0.0,0.0
hardzero_only__c0p58__z1p00__lam0p000__nu0p50__psi0p00,0.15,borrow,38,552,0.0,16,-0.49512962,-0.47513914,-0.47513914,0.8752682,0.1332698,0.1332698,1.0,0.01999047,0.15,0.0,0.0,0.49512962,0.47513914,-25.887262,1.9256285,0.6418762,0.192,0.0,0.37520447,0.0,0.0
hardzero_only__c0p58__z1p00__lam0p000__nu0p50__psi0p00,0.15,borrow,38,553,0.0,16,-0.47513914,-0.45404547,-0.45404547,0.8519391,0.14062446,0.14062446,1.0,0.02109367,0.15,0.0,0.0,0.47513914,0.45404547,-25.287573,1.8743033,0.6247678,0.2,0.0,0.34850663,0.0,0.0
hardzero_only__c0p58__z1p00__lam0p000__nu0p50__psi0p00,0.15,borrow,38,554,0.0,16,-0.45404547,-0.43323025,-0.43323025,0.8577099,0.13876824,0.13876824,1.0,0.020815236,0.15,0.0,0.0,0.45404547,0.43323025,-25.878885,1.8869994,0.6289998,0.272,0.0,0.3811056,0.0,0.0
hardzero_only__c0p58__z1p00__lam0p000__nu0p50__psi0p00,0.15,borrow,38,555,0.0,16,-0.43323025,-0.410768,-0.410768,0.8246383,0.14974824,0.14974824,1.0,0.022462236,0.15,0.0,0.0,0.43323025,0.410768,-23.955767,1.8142405,0.6047468,0.264,0.0,0.33708832,0.0,0.0
hardzero_only__c0p58__z1p00__lam0p000__nu0p50__psi0p00,0.15,borrow,38,556,0.0,16,-0.410768,-0.38781506,-0.38781506,0.81525296,0.1530196,0.1530196,1.0,0.022952942,0.15,0.0,0.0,0.410768,0.38781506,-24.214102,1.7935923,0.59786415,0.24000001,0.0,0.35886902,0.0,0.0
hardzero_only__c0p58__z1p00__lam0p000__nu0p50__psi0p00,0.15,borrow,38,557,0.0,16,-0.38781506,-0.36618075,-0.36618075,0.8409484,0.14422867,0.14422867,1.0,0.021634301,0.15,0.0,0.0,0.38781506,0.36618075,-25.02448,1.8501234,0.6167078,0.24800001,0.0,0.38128957,0.0,0.0
hardzero_only__c0p58__z1p00__lam0p000__nu0p50__psi0p00,0.15,borrow,38,558,0.0,16,-0.36618075,-0.344839,-0.344839,0.84686136,0.14227828,0.14227828,1.0,0.021341743,0.15,0.0,0.0,0.36618075,0.344839,-25.197876,1.8631322,0.6210441,0.192,0.0,0.3527006,0.0,0.0
hardzero_only__c0p58__z1p00__lam0p000__nu0p50__psi0p00,0.15,borrow,38,559,0.0,16,-0.344839,-0.32585722,-0.32585722,0.8977541,0.12654527,0.12654527,1.0,0.01898179,0.15,0.0,0.0,0.344839,0.32585722,-25.416908,1.9750984,0.65836614,0.17999999,0.0,0.32960165,0.0,0.0
hardzero_only__c0p58__z1p00__lam0p000__nu0p50__psi0p00,0.15,borrow,38,560,0.0,16,-0.32585722,-0.30483308,-0.30483308,0.8533732,0.14016086,0.14016086,1.0,0.02102413,0.15,0.0,0.0,0.32585722,0.30483308,-25.547567,1.8774586,0.62581956,0.216,0.0,0.38646835,0.0,0.0
hardzero_only__c0p58__z1p00__lam0p000__nu0p50__psi0p00,0.15,borrow,38,561,0.0,16,-0.30483308,-0.28283167,-0.28283167,0.8336409,0.14667602,0.14667602,1.0,0.022001404,0.15,0.0,0.0,0.30483308,0.28283167,-24.924244,1.8340466,0.61134887,0.256,0.008,0.3490659,0.0,0.0
hardzero_only__c0p58__z1p00__lam0p000__nu0p50__psi0p00,0.15,borrow,38,562,0.0,16,-0.28283167,-0.2615924,-0.2615924,0.84895164,0.14159513,0.14159513,1.0,0.02123927,0.15,0.0,0.0,0.28283167,0.2615924,-25.2276,1.8677309,0.62257695,0.272,0.0,0.38090834,0.0,0.0
hardzero_only__c0p58__z1p00__lam0p000__nu0p50__psi0p00,0.15,borrow,38,563,0.0,16,-0.2615924,-0.23983163,-0.23983163,0.8384172,0.14507174,0.14507174,1.0,0.021760762,0.15,0.0,0.0,0.2615924,0.23983163,-25.933529,1.8445547,0.6148516,0.30400002,0.0,0.3963671,0.0,0.0
hardzero_only__c0p58__z1p00__lam0p000__nu0p50__psi0p00,0.15,borrow,38,564,0.0,16,-0.23983163,-0.21834102,-0.21834102,0.8438426,0.1432707,0.1432707,1.0,0.021490606,0.15,0.0,0.0,0.23983163,0.21834102,-25.077694,1.8564909,0.6188303,0.24000001,0.0,0.36429703,0.0,0.0
hardzero_only__c0p58__z1p00__lam0p000__nu0p50__psi0p00,0.15,borrow,38,565,0.0,16,-0.21834102,-0.19883831,-0.19883831,0.88599634,0.13001806,0.13001806,1.0,0.019502709,0.15,0.0,0.0,0.21834102,0.19883831,-25.452156,1.9492309,0.6497437,0.16000001,0.0,0.37850693,0.0,0.0
hardzero_only__c0p58__z1p00__lam0p000__nu0p50__psi0p00,0.15,borrow,38,566,0.0,16,-0.19883831,-0.1754646,-0.1754646,0.80736375,0.15582468,0.15582468,1.0,0.023373703,0.15,0.0,0.0,0.19883831,0.1754646,-24.090246,1.7762357,0.59207857,0.272,0.0,0.34557053,0.0,0.0
hardzero_only__c0p58__z1p00__lam0p000__nu0p50__psi0p00,0.15,borrow,38,567,0.0,16,-0.1754646,-0.15186068,-0.15186068,0.8031073,0.15735939,0.15735939,1.0,0.02360391,0.15,0.0,0.0,0.1754646,0.15186068,-24.713568,1.7668715,0.5889572,0.264,0.0,0.3611405,0.0,0.0
hardzero_only__c0p58__z1p00__lam0p000__nu0p50__psi0p00,0.15,borrow,38,568,0.0,16,-0.15186068,-0.13146849,-0.13146849,0.8666272,0.13594799,0.13594799,1.0,0.020392198,0.15,0.0,0.0,0.15186068,0.13146849,-25.234274,1.906618,0.63553935,0.18400002,0.0,0.36703628,0.0,0.0
hardzero_only__c0p58__z1p00__lam0p000__nu0p50__psi0p00,0.15,borrow,38,569,0.0,16,-0.13146849,-0.109084174,-0.109084174,0.8261475,0.14922875,0.14922875,1.0,0.022384314,0.15,0.0,0.0,0.13146849,0.109084174,-25.038998,1.8175608,0.6058536,0.272,0.0,0.36255175,0.0,0.0
hardzero_only__c0p58__z1p00__lam0p000__nu0p50__psi0p00,0.15,borrow,38,570,0.0,16,-0.109084174,-0.08565658,-0.08565658,0.8063637,0.15618391,0.15618391,1.0,0.023427587,0.15,0.0,0.0,0.109084174,0.08565658,-23.51095,1.7740356,0.5913452,0.272,0.0,0.35721678,0.0,0.0
hardzero_only__c0p58__z1p00__lam0p000__nu0p50__psi0p00,0.15,borrow,38,571,0.0,16,-0.08565658,-0.061918773,-0.061918773,0.80065066,0.15825205,0.15825205,1.0,0.023737809,0.15,0.0,0.0,0.08565658,0.061918773,-23.35145,1.7614666,0.5871556,0.30400002,0.0,0.3494975,0.0,0.0
hardzero_only__c0p58__z1p00__lam0p000__nu0p50__psi0p00,0.15,borrow,38,572,0.0,16,-0.061918773,-0.039602607,-0.039602607,0.8274717,0.14877445,0.14877445,1.0,0.022316167,0.15,0.0,0.0,0.061918773,0.039602607,-24.962276,1.820474,0.6068247,0.26999998,0.0,0.3484461,0.0,0.0
hardzero_only__c0p58__z1p00__lam0p000__nu0p50__psi0p00,0.15,borrow,38,573,0.0,16,-0.039602607,-0.017267106,-0.017267106,0.82709557,0.14890334,0.14890334,1.0,0.022335501,0.15,0.0,0.0,0.039602607,0.017267106,-24.656275,1.8196466,0.6065489,0.256,0.0,0.3494343,0.0,0.0
hardzero_only__c0p58__z1p00__lam0p000__nu0p50__psi0p00,0.15,borrow,38,574,1.0,17,-0.017267106,-0.575144,-0.575144,0.8312449,0.14748748,0.14748748,1.0,0.022123123,0.15,0.0,0.0,0.017267106,0.575144,-25.17361,1.8287753,0.6095918,0.208,0.0,0.38952047,0.0,0.0
hardzero_only__c0p58__z1p00__lam0p000__nu0p50__psi0p00,0.15,borrow,38,575,0.0,17,-0.575144,-0.5525761,-0.5525761,0.82260025,0.15045261,0.15045261,1.0,0.022567892,0.15,0.0,0.0,0.575144,0.5525761,-24.925035,1.8097566,0.60325223,0.23200001,0.0,0.42176047,0.0,0.0
hardzero_only__c0p58__z1p00__lam0p000__nu0p50__psi0p00,0.15,borrow,38,576,0.0,17,-0.5525761,-0.5295336,-0.5295336,0.8135612,0.15361685,0.15361685,1.0,0.023042528,0.15,0.0,0.0,0.5525761,0.5295336,-24.022224,1.7898704,0.5966235,0.24800001,0.0,0.425755,0.0,0.0
hardzero_only__c0p58__z1p00__lam0p000__nu0p50__psi0p00,0.15,borrow,38,577,0.0,17,-0.5295336,-0.5085285,-0.5085285,0.8537653,0.14003438,0.14003438,1.0,0.021005157,0.15,0.0,0.0,0.5295336,0.5085285,-25.791737,1.8783212,0.6261071,0.16800001,0.0,0.42851472,0.0,0.0
hardzero_only__c0p58__z1p00__lam0p000__nu0p50__psi0p00,0.15,borrow,38,578,0.0,17,-0.5085285,-0.4867532,-0.4867532,0.83812743,0.14516856,0.14516856,1.0,0.021775285,0.15,0.0,0.0,0.5085285,0.4867532,-25.216028,1.8439171,0.61463904,0.216,0.0,0.4217022,0.0,0.0
hardzero_only__c0p58__z1p00__lam0p000__nu0p50__psi0p00,0.15,borrow,38,579,0.0,17,-0.4867532,-0.46431258,-0.46431258,0.8250566,0.14960407,0.14960407,1.0,0.02244061,0.15,0.0,0.0,0.4867532,0.46431258,-23.868923,1.8151608,0.6050536,0.192,0.0,0.40841255,0.0,0.0
hardzero_only__c0p58__z1p00__lam0p000__nu0p50__psi0p00,0.15,borrow,38,580,0.0,17,-0.46431258,-0.4413035,-0.4413035,0.81419206,0.15339383,0.15339383,1.0,0.023009077,0.15,0.0,0.0,0.46431258,0.4413035,-24.640173,1.7912583,0.59708613,0.344,0.0,0.4214701,0.0,0.0
hardzero_only__c0p58__z1p00__lam0p000__nu0p50__psi0p00,0.15,borrow,38,581,0.0,17,-0.4413035,-0.4196361,-0.4196361,0.84028476,0.14444923,0.14444923,1.0,0.021667385,0.15,0.0,0.0,0.4413035,0.4196361,-24.994583,1.8486634,0.6162212,0.24000001,0.0,0.43063664,0.0,0.0
hardzero_only__c0p58__z1p00__lam0p000__nu0p50__psi0p00,0.15,borrow,38,582,0.0,17,-0.4196361,-0.39593568,-0.39593568,0.8013353,0.15800278,0.15800278,1.0,0.023700418,0.15,0.0,0.0,0.4196361,0.39593568,-23.676628,1.7629728,0.58765763,0.224,0.0,0.42274222,0.0,0.0
hardzero_only__c0p58__z1p00__lam0p000__nu0p50__psi0p00,0.15,borrow,38,583,0.0,17,-0.39593568,-0.37275833,-0.37275833,0.81102717,0.15451579,0.15451579,1.0,0.023177369,0.15,0.0,0.0,0.39593568,0.37275833,-23.907907,1.7842954,0.5947652,0.24800001,0.0,0.3941034,0.0,0.0
hardzero_only__c0p58__z1p00__lam0p000__nu0p50__psi0p00,0.15,borrow,38,584,0.0,17,-0.37275833,-0.35140154,-0.35140154,0.8465551,0.14237866,0.14237866,1.0,0.021356799,0.15,0.0,0.0,0.37275833,0.35140154,-24.947916,1.8624585,0.6208195,0.216,0.0,0.43437713,0.0,0.0
hardzero_only__c0p58__z1p00__lam0p000__nu0p50__psi0p00,0.15,borrow,38,585,0.0,17,-0.35140154,-0.32881764,-0.32881764,0.8222922,0.15055937,0.15055937,1.0,0.022583906,0.15,0.0,0.0,0.35140154,0.32881764,-24.9551,1.8090789,0.60302633,0.17999999,0.0,0.3621234,0.0,0.0
hardzero_only__c0p58__z1p00__lam0p000__nu0p50__psi0p00,0.15,borrow,38,586,0.0,17,-0.32881764,-0.30637082,-0.30637082,0.8249368,0.14964533,0.14964533,1.0,0.0224468,0.15,0.0,0.0,0.32881764,0.30637082,-24.74457,1.8148972,0.60496575,0.256,0.0,0.44279176,0.0,0.0
hardzero_only__c0p58__z1p00__lam0p000__nu0p50__psi0p00,0.15,borrow,38,587,0.0,17,-0.30637082,-0.28204718,-0.28204718,0.7900627,0.16215758,0.16215758,1.0,0.024323639,0.15,0.0,0.0,0.30637082,0.28204718,-24.219797,1.7381727,0.5793909,0.24000001,0.0,0.42557734,0.0,0.0
hardzero_only__c0p58__z1p00__lam0p000__nu0p50__psi0p00,0.15,borrow,38,588,0.0,17,-0.28204718,-0.25898835,-0.25898835,0.8132538,0.1537256,0.1537256,1.0,0.02305884,0.15,0.0,0.0,0.28204718,0.25898835,-24.458303,1.7891941,0.59639806,0.23200001,0.0,0.4342385,0.0,0.0
hardzero_only__c0p58__z1p00__lam0p000__nu0p50__psi0p00,0.15,borrow,38,589,0.0,17,-0.25898835,-0.23715705,-0.23715705,0.8370116,0.14554203,0.14554203,1.0,0.021831304,0.15,0.0,0.0,0.25898835,0.23715705,-24.232912,1.8414623,0.6138208,0.23200001,0.0,0.42358434,0.0,0.0
hardzero_only__c0p58__z1p00__lam0p000__nu0p50__psi0p00,0.15,borrow,38,590,0.0,17,-0.23715705,-0.21346208,-0.21346208,0.80143535,0.15796638,0.15796638,1.0,0.023694957,0.15,0.0,0.0,0.23715705,0.21346208,-25.466557,1.763193,0.587731,0.28800002,0.0,0.4280204,0.0,0.0
hardzero_only__c0p58__z1p00__lam0p000__nu0p50__psi0p00,0.15,borrow,38,591,0.0,17,-0.21346208,-0.19387375,-0.19387375,0.88409364,0.13058893,0.13058893,1.0,0.01958834,0.15,0.0,0.0,0.21346208,0.19387375,-25.492264,1.9450449,0.64834833,0.16800001,0.0,0.42141235,0.0,0.0
hardzero_only__c0p58__z1p00__lam0p000__nu0p50__psi0p00,0.15,borrow,38,592,0.0,17,-0.19387375,-0.1724878,-0.1724878,0.84596264,0.14257301,0.14257301,1.0,0.021385953,0.15,0.0,0.0,0.19387375,0.1724878,-24.981133,1.861155,0.62038505,0.208,0.0,0.41822395,0.0,0.0
hardzero_only__c0p58__z1p00__lam0p000__nu0p50__psi0p00,0.15,borrow,38,593,0.0,17,-0.1724878,-0.15290287,-0.15290287,0.88416946,0.13056612,0.13056612,1.0,0.019584918,0.15,0.0,0.0,0.1724878,0.15290287,-25.43982,1.9452116,0.6484039,0.208,0.0,0.40468442,0.0,0.0
hardzero_only__c0p58__z1p00__lam0p000__nu0p50__psi0p00,0.15,borrow,38,594,0.0,17,-0.15290287,-0.13187647,-0.13187647,0.8533263,0.140176,0.140176,1.0,0.0210264,0.15,0.0,0.0,0.15290287,0.13187647,-25.066961,1.8773553,0.6257851,0.2,0.0,0.45151627,0.0,0.0
hardzero_only__c0p58__z1p00__lam0p000__nu0p50__psi0p00,0.15,borrow,38,595,0.0,17,-0.13187647,-0.108380355,-0.108380355,0.8050952,0.15664077,0.15664077,1.0,0.023496116,0.15,0.0,0.0,0.13187647,0.108380355,-24.42834,1.7712448,0.59041494,0.256,0.0,0.4337379,0.0,0.0
hardzero_only__c0p58__z1p00__lam0p000__nu0p50__psi0p00,0.15,borrow,38,596,0.0,17,-0.108380355,-0.08844315,-0.08844315,0.876427,0.13291469,0.13291469,1.0,0.019937204,0.15,0.0,0.0,0.108380355,0.08844315,-25.767883,1.928178,0.642726,0.208,0.0,0.4183364,0.0,0.0
hardzero_only__c0p58__z1p00__lam0p000__nu0p50__psi0p00,0.15,borrow,38,597,0.0,17,-0.08844315,-0.067950875,-0.067950875,0.86450094,0.1366152,0.1366152,1.0,0.020492282,0.15,0.0,0.0,0.08844315,0.067950875,-25.50802,1.90194,0.63398004,0.18400002,0.0,0.44717643,0.0,0.0
hardzero_only__c0p58__z1p00__lam0p000__nu0p50__psi0p00,0.15,borrow,38,598,0.0,17,-0.067950875,-0.0440986,-0.0440986,0.7985615,0.15901515,0.15901515,1.0,0.023852274,0.15,0.0,0.0,0.067950875,0.0440986,-24.13116,1.7568704,0.5856235,0.29999998,0.0,0.3599166,0.0,0.0
hardzero_only__c0p58__z1p00__lam0p000__nu0p50__psi0p00,0.15,borrow,38,599,0.0,17,-0.0440986,-0.021448322,-0.021448322,0.8210177,0.15100186,0.15100186,1.0,0.02265028,0.15,0.0,0.0,0.0440986,0.021448322,-24.898283,1.806275,0.60209167,0.272,0.0,0.42018357,0.0,0.0
hardzero_only__c0p58__z1p00__lam0p000__nu0p50__psi0p00,0.15,borrow,38,600,0.0,17,-0.021448322,0.0016404055,0.0016404055,0.8126913,0.15392484,0.15392484,1.0,0.023088727,0.15,0.0,0.0,0.021448322,0.0,-24.561768,1.7879565,0.59598553,0.296,0.0,0.42737335,0.0,0.0
hardzero_only__c0p58__z1p00__lam0p000__nu0p50__psi0p00,0.15,borrow,38,601,1.0,18,0.0016404055,-0.5552766,-0.5552766,0.81279814,0.15388696,0.15388696,1.0,0.023083044,0.15,0.0,0.0,0.0,0.5552766,-25.172647,1.7881917,0.5960639,0.28,0.0,0.43958455,0.0,0.0
hardzero_only__c0p58__z1p00__lam0p000__nu0p50__psi0p00,0.15,borrow,38,602,0.0,18,-0.5552766,-0.5313941,-0.5313941,0.7980126,0.15921624,0.15921624,1.0,0.023882437,0.15,0.0,0.0,0.5552766,0.5313941,-24.131765,1.7556628,0.58522093,0.33600003,0.008,0.4770543,0.0,0.0
hardzero_only__c0p58__z1p00__lam0p000__nu0p50__psi0p00,0.15,borrow,38,603,0.0,18,-0.5313941,-0.5102827,-0.5102827,0.85157365,0.14074285,0.14074285,1.0,0.021111429,0.15,0.0,0.0,0.5313941,0.5102827,-24.584291,1.8734994,0.6244998,0.16800001,0.0,0.493313,0.0,0.0
hardzero_only__c0p58__z1p00__lam0p000__nu0p50__psi0p00,0.15,borrow,38,604,0.0,18,-0.5102827,-0.4861344,-0.4861344,0.793205,0.16098854,0.16098854,1.0,0.024148282,0.15,0.0,0.0,0.5102827,0.4861344,-24.64813,1.7450858,0.5816953,0.24800001,0.0,0.5149238,0.0,0.0
hardzero_only__c0p58__z1p00__lam0p000__nu0p50__psi0p00,0.15,borrow,38,605,0.0,18,-0.4861344,-0.46506768,-0.46506768,0.85249406,0.14044489,0.14044489,1.0,0.021066735,0.15,0.0,0.0,0.4861344,0.46506768,-25.578575,1.8755244,0.6251748,0.224,0.0,0.48278356,0.0,0.0
hardzero_only__c0p58__z1p00__lam0p000__nu0p50__psi0p00,0.15,borrow,38,606,0.0,18,-0.46506768,-0.4444753,-0.4444753,0.8623844,0.13728264,0.13728264,1.0,0.020592397,0.15,0.0,0.0,0.46506768,0.4444753,-24.768204,1.8972836,0.6324279,0.192,0.0,0.4647406,0.0,0.0
hardzero_only__c0p58__z1p00__lam0p000__nu0p50__psi0p00,0.15,borrow,38,607,0.0,18,-0.4444753,-0.42190015,-0.42190015,0.8224607,0.15050097,0.15050097,1.0,0.022575146,0.15,0.0,0.0,0.4444753,0.42190015,-24.827036,1.8094497,0.6031499,0.208,0.0,0.5136395,0.0,0.0
hardzero_only__c0p58__z1p00__lam0p000__nu0p50__psi0p00,0.15,borrow,38,608,0.0,18,-0.42190015,-0.39790893,-0.39790893,0.79603875,0.15994154,0.15994154,1.0,0.023991233,0.15,0.0,0.0,0.42190015,0.39790893,-23.69356,1.7513202,0.58377343,0.24000001,0.0,0.5035441,0.0,0.0
hardzero_only__c0p58__z1p00__lam0p000__nu0p50__psi0p00,0.15,borrow,38,609,0.0,18,-0.39790893,-0.37511462,-0.37511462,0.8182646,0.15196213,0.15196213,1.0,0.022794321,0.15,0.0,0.0,0.39790893,0.37511462,-24.385935,1.8002181,0.60007274,0.264,0.0,0.48327708,0.0,0.0
hardzero_only__c0p58__z1p00__lam0p000__nu0p50__psi0p00,0.15,borrow,38,610,0.0,18,-0.37511462,-0.35245135,-0.35245135,0.8207686,0.15108849,0.15108849,1.0,0.022663275,0.15,0.0,0.0,0.37511462,0.35245135,-24.708952,1.805727,0.60190904,0.24800001,0.0,0.50437915,0.0,0.0
hardzero_only__c0p58__z1p00__lam0p000__nu0p50__psi0p00,0.15,borrow,38,611,0.0,18,-0.35245135,-0.32866842,-0.32866842,0.79982585,0.1585529,0.1585529,1.0,0.023782937,0.15,0.0,0.0,0.35245135,0.32866842,-24.2221,1.759652,0.5865507,0.21,0.0,0.43054104,0.0,0.0
hardzero_only__c0p58__z1p00__lam0p000__nu0p50__psi0p00,0.15,borrow,38,612,0.0,18,-0.32866842,-0.30623785,-0.30623785,0.825251,0.14953713,0.14953713,1.0,0.02243057,0.15,0.0,0.0,0.32866842,0.30623785,-24.213455,1.8155885,0.6051962,0.28800002,0.0,0.49691823,0.0,0.0
hardzero_only__c0p58__z1p00__lam0p000__nu0p50__psi0p00,0.15,borrow,38,613,0.0,18,-0.30623785,-0.28453135,-0.28453135,0.83950174,0.14470991,0.14470991,1.0,0.021706488,0.15,0.0,0.0,0.30623785,0.28453135,-24.169046,1.8469408,0.61564696,0.272,0.0,0.48393738,0.0,0.0
hardzero_only__c0p58__z1p00__lam0p000__nu0p50__psi0p00,0.15,borrow,38,614,0.0,18,-0.28453135,-0.26190796,-0.26190796,0.8215334,0.15082265,0.15082265,1.0,0.0226234,0.15,0.0,0.0,0.28453135,0.26190796,-25.061274,1.8074095,0.60246986,0.264,0.0,0.51359296,0.0,0.0
hardzero_only__c0p58__z1p00__lam0p000__nu0p50__psi0p00,0.15,borrow,38,615,0.0,18,-0.26190796,-0.24182202,-0.24182202,0.8731989,0.13390632,0.13390632,1.0,0.02008595,0.15,0.0,0.0,0.26190796,0.24182202,-25.541458,1.9210759,0.6403587,0.224,0.0,0.49328676,0.0,0.0
hardzero_only__c0p58__z1p00__lam0p000__nu0p50__psi0p00,0.15,borrow,38,616,0.0,18,-0.24182202,-0.21947514,-0.21947514,0.82687426,0.14897923,0.14897923,1.0,0.022346886,0.15,0.0,0.0,0.24182202,0.21947514,-25.345947,1.8191596,0.60638654,0.296,0.0,0.51059014,0.0,0.0
hardzero_only__c0p58__z1p00__lam0p000__nu0p50__psi0p00,0.15,borrow,38,617,0.0,18,-0.21947514,-0.1961495,-0.1961495,0.8082579,0.1555042,0.1555042,1.0,0.02332563,0.15,0.0,0.0,0.21947514,0.1961495,-24.199072,1.7782028,0.5927343,0.28800002,0.0,0.48483297,0.0,0.0
hardzero_only__c0p58__z1p00__lam0p000__nu0p50__psi0p00,0.15,borrow,38,618,0.0,18,-0.1961495,-0.17163995,-0.17163995,0.7867559,0.163397,0.163397,1.0,0.024509551,0.15,0.0,0.0,0.1961495,0.17163995,-24.191048,1.7308975,0.57696587,0.264,0.0,0.49609005,0.0,0.0
hardzero_only__c0p58__z1p00__lam0p000__nu0p50__psi0p00,0.15,borrow,38,619,0.0,18,-0.17163995,-0.14796214,-0.14796214,0.80174977,0.15785204,0.15785204,1.0,0.023677807,0.15,0.0,0.0,0.17163995,0.14796214,-24.597654,1.7638847,0.58796155,0.256,0.0,0.51513106,0.0,0.0
hardzero_only__c0p58__z1p00__lam0p000__nu0p50__psi0p00,0.15,borrow,38,620,0.0,18,-0.14796214,-0.12113147,-0.12113147,0.7474598,0.17887111,0.17887111,1.0,0.026830668,0.15,0.0,0.0,0.14796214,0.12113147,-23.559692,1.6444445,0.54814816,0.32000002,0.0,0.48576477,0.0,0.0
hardzero_only__c0p58__z1p00__lam0p000__nu0p50__psi0p00,0.15,borrow,38,621,0.0,18,-0.12113147,-0.09928469,-0.09928469,0.83670384,0.14564519,0.14564519,1.0,0.021846779,0.15,0.0,0.0,0.12113147,0.09928469,-25.135708,1.8407851,0.61359507,0.208,0.0,0.5062221,0.0,0.0
hardzero_only__c0p58__z1p00__lam0p000__nu0p50__psi0p00,0.15,borrow,38,622,0.0,18,-0.09928469,-0.075396344,-0.075396344,0.797905,0.15925568,0.15925568,1.0,0.023888353,0.15,0.0,0.0,0.09928469,0.075396344,-24.775566,1.755426,0.585142,0.256,0.0,0.5161171,0.0,0.0
hardzero_only__c0p58__z1p00__lam0p000__nu0p50__psi0p00,0.15,borrow,38,623,0.0,18,-0.075396344,-0.051547498,-0.051547498,0.79862386,0.15899232,0.15899232,1.0,0.023848848,0.15,0.0,0.0,0.075396344,0.051547498,-24.668688,1.7570076,0.5856692,0.28,0.008,0.5177609,0.0,0.0
hardzero_only__c0p58__z1p00__lam0p000__nu0p50__psi0p00,0.15,borrow,38,624,0.0,18,-0.051547498,-0.03037541,-0.03037541,0.8503276,0.14114724,0.14114724,1.0,0.021172088,0.15,0.0,0.0,0.051547498,0.03037541,-25.037642,1.870758,0.62358606,0.22999999,0.0,0.41999573,0.0,0.0
hardzero_only__c0p58__z1p00__lam0p000__nu0p50__psi0p00,0.15,borrow,38,625,0.0,18,-0.03037541,-0.0048168506,-0.0048168506,0.7685549,0.17039038,0.17039038,1.0,0.02555856,0.15,0.0,0.0,0.03037541,0.0048168506,-23.803911,1.6908545,0.5636182,0.312,0.008,0.49159622,0.0,0.0
hardzero_only__c0p58__z1p00__lam0p000__nu0p50__psi0p00,0.15,borrow,38,626,1.0,19,-0.0048168506,-0.5625694,-0.5625694,0.82881117,0.14831628,0.14831628,1.0,0.022247443,0.15,0.0,0.0,0.0048168506,0.5625694,-24.404158,1.823421,0.60780704,0.28800002,0.0,0.50490385,0.0,0.0
hardzero_only__c0p58__z1p00__lam0p000__nu0p50__psi0p00,0.15,borrow,38,627,0.0,19,-0.5625694,-0.5396002,-0.5396002,0.81494516,0.15312807,0.15312807,1.0,0.022969212,0.15,0.0,0.0,0.5625694,0.5396002,-24.46963,1.7929151,0.59763837,0.256,0.0,0.575921,0.0,0.0
hardzero_only__c0p58__z1p00__lam0p000__nu0p50__psi0p00,0.15,borrow,38,628,0.0,19,-0.5396002,-0.5178861,-0.5178861,0.83934915,0.14476076,0.14476076,1.0,0.021714114,0.15,0.0,0.0,0.5396002,0.5178861,-24.691662,1.846605,0.615535,0.256,0.0,0.5774817,0.0,0.0
hardzero_only__c0p58__z1p00__lam0p000__nu0p50__psi0p00,0.15,borrow,38,629,0.0,19,-0.5178861,-0.4944888,-0.4944888,0.80692565,0.15598194,0.15598194,1.0,0.023397293,0.15,0.0,0.0,0.5178861,0.4944888,-24.590294,1.7752719,0.5917573,0.264,0.0,0.6036528,0.0,0.0
hardzero_only__c0p58__z1p00__lam0p000__nu0p50__psi0p00,0.15,borrow,38,630,0.0,19,-0.4944888,-0.4699829,-0.4699829,0.7868205,0.16337271,0.16337271,1.0,0.024505908,0.15,0.0,0.0,0.4944888,0.4699829,-23.990799,1.7310396,0.57701325,0.24800001,0.0,0.6051115,0.0,0.0
hardzero_only__c0p58__z1p00__lam0p000__nu0p50__psi0p00,0.15,borrow,38,631,0.0,19,-0.4699829,-0.44898462,-0.44898462,0.8539075,0.13998853,0.13998853,1.0,0.02099828,0.15,0.0,0.0,0.4699829,0.44898462,-25.02765,1.8786341,0.6262114,0.24800001,0.0,0.56137025,0.0,0.0
hardzero_only__c0p58__z1p00__lam0p000__nu0p50__psi0p00,0.15,borrow,38,632,0.0,19,-0.44898462,-0.42663908,-0.42663908,0.82690066,0.14897019,0.14897019,1.0,0.022345528,0.15,0.0,0.0,0.44898462,0.42663908,-24.426727,1.8192178,0.606406,0.192,0.0,0.5679619,0.0,0.0
hardzero_only__c0p58__z1p00__lam0p000__nu0p50__psi0p00,0.15,borrow,38,633,0.0,19,-0.42663908,-0.40417802,-0.40417802,0.8246609,0.14974044,0.14974044,1.0,0.022461068,0.15,0.0,0.0,0.42663908,0.40417802,-23.965603,1.8142902,0.6047634,0.216,0.0,0.538932,0.0,0.0
hardzero_only__c0p58__z1p00__lam0p000__nu0p50__psi0p00,0.15,borrow,38,634,0.0,19,-0.40417802,-0.3806718,-0.3806718,0.8049084,0.15670817,0.15670817,1.0,0.023506226,0.15,0.0,0.0,0.40417802,0.3806718,-24.110582,1.7708338,0.59027797,0.28,0.0,0.59421366,0.0,0.0
hardzero_only__c0p58__z1p00__lam0p000__nu0p50__psi0p00,0.15,borrow,38,635,0.0,19,-0.3806718,-0.3580105,-0.3580105,0.8208066,0.15107527,0.15107527,1.0,0.022661291,0.15,0.0,0.0,0.3806718,0.3580105,-24.71252,1.8058107,0.60193694,0.17600001,0.0,0.5644196,0.0,0.0
hardzero_only__c0p58__z1p00__lam0p000__nu0p50__psi0p00,0.15,borrow,38,636,0.0,19,-0.3580105,-0.33568168,-0.33568168,0.8272254,0.14885883,0.14885883,1.0,0.022328826,0.15,0.0,0.0,0.3580105,0.33568168,-24.709774,1.8199322,0.6066441,0.264,0.008,0.5797173,0.0,0.0
hardzero_only__c0p58__z1p00__lam0p000__nu0p50__psi0p00,0.15,borrow,38,637,0.0,19,-0.33568168,-0.31401,-0.31401,0.8401986,0.1444779,0.1444779,1.0,0.021671686,0.15,0.0,0.0,0.33568168,0.31401,-24.17029,1.8484738,0.61615795,0.19999999,0.0,0.47653326,0.0,0.0
hardzero_only__c0p58__z1p00__lam0p000__nu0p50__psi0p00,0.15,borrow,38,638,0.0,19,-0.31401,-0.29315305,-0.29315305,0.85684055,0.1390463,0.1390463,1.0,0.020856945,0.15,0.0,0.0,0.31401,0.29315305,-25.456572,1.8850869,0.6283623,0.23200001,0.0,0.5754089,0.0,0.0
hardzero_only__c0p58__z1p00__lam0p000__nu0p50__psi0p00,0.15,borrow,38,639,0.0,19,-0.29315305,-0.27091774,-0.27091774,0.8290481,0.1482354,0.1482354,1.0,0.02223531,0.15,0.0,0.0,0.29315305,0.27091774,-24.73194,1.8239422,0.6079807,0.23200001,0.0,0.5883616,0.0,0.0
hardzero_only__c0p58__z1p00__lam0p000__nu0p50__psi0p00,0.15,borrow,38,640,0.0,19,-0.27091774,-0.24715157,-0.24715157,0.8001319,0.1584412,0.1584412,1.0,0.02376618,0.15,0.0,0.0,0.27091774,0.24715157,-23.442368,1.7603254,0.5867752,0.24800001,0.0,0.56792635,0.0,0.0
hardzero_only__c0p58__z1p00__lam0p000__nu0p50__psi0p00,0.15,borrow,38,641,0.0,19,-0.24715157,-0.2237311,-0.2237311,0.8064956,0.15613647,0.15613647,1.0,0.023420472,0.15,0.0,0.0,0.24715157,0.2237311,-24.053455,1.7743257,0.5914419,0.28,0.0,0.5551393,0.0,0.0
hardzero_only__c0p58__z1p00__lam0p000__nu0p50__psi0p00,0.15,borrow,38,642,0.0,19,-0.2237311,-0.20104176,-0.20104176,0.82026917,0.15126233,0.15126233,1.0,0.02268935,0.15,0.0,0.0,0.2237311,0.20104176,-24.394066,1.8046283,0.6015428,0.24800001,0.0,0.56064934,0.0,0.0
hardzero_only__c0p58__z1p00__lam0p000__nu0p50__psi0p00,0.15,borrow,38,643,0.0,19,-0.20104176,-0.17751431,-0.17751431,0.8045166,0.15684958,0.15684958,1.0,0.023527438,0.15,0.0,0.0,0.20104176,0.17751431,-24.13692,1.7699718,0.5899906,0.23200001,0.0,0.59174144,0.0,0.0
hardzero_only__c0p58__z1p00__lam0p000__nu0p50__psi0p00,0.15,borrow,38,644,0.0,19,-0.17751431,-0.15539205,-0.15539205,0.83126175,0.14748174,0.14748174,1.0,0.022122262,0.15,0.0,0.0,0.17751431,0.15539205,-24.678572,1.8288124,0.6096041,0.216,0.0,0.57538635,0.0,0.0
hardzero_only__c0p58__z1p00__lam0p000__nu0p50__psi0p00,0.15,borrow,38,645,0.0,19,-0.15539205,-0.1311285,-0.1311285,0.7911369,0.16175699,0.16175699,1.0,0.02426355,0.15,0.0,0.0,0.15539205,0.1311285,-24.157888,1.740536,0.5801787,0.28800002,0.0,0.58334863,0.0,0.0
hardzero_only__c0p58__z1p00__lam0p000__nu0p50__psi0p00,0.15,borrow,38,646,0.0,19,-0.1311285,-0.108329326,-0.108329326,0.8181721,0.1519945,0.1519945,1.0,0.022799175,0.15,0.0,0.0,0.1311285,0.108329326,-24.867458,1.8000145,0.60000485,0.272,0.0,0.59849256,0.0,0.0
hardzero_only__c0p58__z1p00__lam0p000__nu0p50__psi0p00,0.15,borrow,38,647,0.0,19,-0.108329326,-0.08497288,-0.08497288,0.8076845,0.15570962,0.15570962,1.0,0.023356445,0.15,0.0,0.0,0.108329326,0.08497288,-24.698006,1.7769413,0.59231377,0.35200003,0.0,0.60130477,0.0,0.0
hardzero_only__c0p58__z1p00__lam0p000__nu0p50__psi0p00,0.15,borrow,38,648,0.0,19,-0.08497288,-0.062309332,-0.062309332,0.82076335,0.15109032,0.15109032,1.0,0.022663549,0.15,0.0,0.0,0.08497288,0.062309332,-24.286762,1.8057154,0.60190517,0.2,0.0,0.5672879,0.0,0.0
hardzero_only__c0p58__z1p00__lam0p000__nu0p50__psi0p00,0.15,borrow,38,649,0.0,19,-0.062309332,-0.03963299,-0.03963299,0.82051826,0.15117562,0.15117562,1.0,0.022676343,0.15,0.0,0.0,0.062309332,0.03963299,-23.947294,1.8051763,0.60172546,0.24800001,0.0,0.572436,0.0,0.0
hardzero_only__c0p58__z1p00__lam0p000__nu0p50__psi0p00,0.15,borrow,38,650,0.0,19,-0.03963299,-0.016598606,-0.016598606,0.8137146,0.15356256,0.15356256,1.0,0.023034384,0.15,0.0,0.0,0.03963299,0.016598606,-24.388079,1.790208,0.596736,0.24,0.0,0.50216746,0.0,0.0
hardzero_only__c0p58__z1p00__lam0p000__nu0p50__psi0p00,0.15,borrow,38,651,1.0,20,-0.016598606,-0.5735527,-0.5735527,0.8134992,0.15363877,0.15363877,1.0,0.023045816,0.15,0.0,0.0,0.016598606,0.5735527,-24.250734,1.789734,0.596578,0.37600002,0.0,0.564007,0.0,0.0
hardzero_only__c0p58__z1p00__lam0p000__nu0p50__psi0p00,0.15,borrow,38,652,0.0,20,-0.5735527,-0.5497911,-0.5497911,0.80021536,0.15841074,0.15841074,1.0,0.023761613,0.15,0.0,0.0,0.5735527,0.5497911,-24.04784,1.7605089,0.58683634,0.272,0.0,0.6598522,0.0,0.0
hardzero_only__c0p58__z1p00__lam0p000__nu0p50__psi0p00,0.15,borrow,38,653,0.0,20,-0.5497911,-0.52814615,-0.52814615,0.8407343,0.14429979,0.14429979,1.0,0.021644969,0.15,0.0,0.0,0.5497911,0.52814615,-25.354864,1.8496524,0.6165508,0.208,0.0,0.67925483,0.0,0.0
hardzero_only__c0p58__z1p00__lam0p000__nu0p50__psi0p00,0.15,borrow,38,654,0.0,20,-0.52814615,-0.50646985,-0.50646985,0.84010637,0.14450859,0.14450859,1.0,0.021676289,0.15,0.0,0.0,0.52814615,0.50646985,-24.901203,1.8482709,0.6160903,0.224,0.0,0.64770985,0.0,0.0
hardzero_only__c0p58__z1p00__lam0p000__nu0p50__psi0p00,0.15,borrow,38,655,0.0,20,-0.50646985,-0.48380327,-0.48380327,0.8207056,0.15111041,0.15111041,1.0,0.022666562,0.15,0.0,0.0,0.50646985,0.48380327,-24.494629,1.8055884,0.6018628,0.224,0.0,0.6383864,0.0,0.0
hardzero_only__c0p58__z1p00__lam0p000__nu0p50__psi0p00,0.15,borrow,38,656,0.0,20,-0.48380327,-0.45935285,-0.45935285,0.7878047,0.16300286,0.16300286,1.0,0.02445043,0.15,0.0,0.0,0.48380327,0.45935285,-24.513113,1.733205,0.577735,0.23200001,0.0,0.6573292,0.0,0.0
hardzero_only__c0p58__z1p00__lam0p000__nu0p50__psi0p00,0.15,borrow,38,657,0.0,20,-0.45935285,-0.43704265,-0.43704265,0.827588,0.14873458,0.14873458,1.0,0.022310188,0.15,0.0,0.0,0.45935285,0.43704265,-24.268505,1.82073,0.60691,0.272,0.008,0.6370826,0.0,0.0
hardzero_only__c0p58__z1p00__lam0p000__nu0p50__psi0p00,0.15,borrow,38,658,0.0,20,-0.43704265,-0.415289,-0.415289,0.83855957,0.14502418,0.14502418,1.0,0.021753628,0.15,0.0,0.0,0.43704265,0.415289,-24.612381,1.844868,0.614956,0.28,0.0,0.63944334,0.0,0.0
hardzero_only__c0p58__z1p00__lam0p000__nu0p50__psi0p00,0.15,borrow,38,659,0.0,20,-0.415289,-0.39420015,-0.39420015,0.85203826,0.14059237,0.14059237,1.0,0.021088855,0.15,0.0,0.0,0.415289,0.39420015,-24.935934,1.8745216,0.62484056,0.28,0.0,0.6506988,0.0,0.0
hardzero_only__c0p58__z1p00__lam0p000__nu0p50__psi0p00,0.15,borrow,38,660,0.0,20,-0.39420015,-0.37314987,-0.37314987,0.8528335,0.14033516,0.14033516,1.0,0.021050274,0.15,0.0,0.0,0.39420015,0.37314987,-25.144825,1.8762712,0.6254238,0.2,0.0,0.6541851,0.0,0.0
hardzero_only__c0p58__z1p00__lam0p000__nu0p50__psi0p00,0.15,borrow,38,661,0.0,20,-0.37314987,-0.35225472,-0.35225472,0.8560455,0.13930109,0.13930109,1.0,0.020895164,0.15,0.0,0.0,0.37314987,0.35225472,-24.890554,1.8833377,0.62777925,0.2,0.0,0.6263572,0.0,0.0
hardzero_only__c0p58__z1p00__lam0p000__nu0p50__psi0p00,0.15,borrow,38,662,0.0,20,-0.35225472,-0.3308267,-0.3308267,0.84510934,0.14285342,0.14285342,1.0,0.021428015,0.15,0.0,0.0,0.35225472,0.3308267,-25.193481,1.8592777,0.61975926,0.32000002,0.008,0.64285874,0.0,0.0
hardzero_only__c0p58__z1p00__lam0p000__nu0p50__psi0p00,0.15,borrow,38,663,0.0,20,-0.3308267,-0.309465,-0.309465,0.8464553,0.14241138,0.14241138,1.0,0.021361709,0.15,0.0,0.0,0.3308267,0.309465,-24.836626,1.8622388,0.62074625,0.21,0.0,0.53665733,0.0,0.0
hardzero_only__c0p58__z1p00__lam0p000__nu0p50__psi0p00,0.15,borrow,38,664,0.0,20,-0.309465,-0.28656617,-0.28656617,0.816278,0.15265886,0.15265886,1.0,0.02289883,0.15,0.0,0.0,0.309465,0.28656617,-24.11947,1.7958474,0.5986158,0.208,0.0,0.64340407,0.0,0.0
hardzero_only__c0p58__z1p00__lam0p000__nu0p50__psi0p00,0.15,borrow,38,665,0.0,20,-0.28656617,-0.26514286,-0.26514286,0.8452049,0.14282198,0.14282198,1.0,0.021423299,0.15,0.0,0.0,0.28656617,0.26514286,-25.284338,1.8594879,0.6198293,0.24800001,0.0,0.6626595,0.0,0.0
hardzero_only__c0p58__z1p00__lam0p000__nu0p50__psi0p00,0.15,borrow,38,666,0.0,20,-0.26514286,-0.24032015,-0.24032015,0.781242,0.16548474,0.16548474,1.0,0.024822712,0.15,0.0,0.0,0.26514286,0.24032015,-23.75874,1.7187668,0.5729223,0.18400002,0.008,0.64527154,0.0,0.0
hardzero_only__c0p58__z1p00__lam0p000__nu0p50__psi0p00,0.15,borrow,38,667,0.0,20,-0.24032015,-0.21678203,-0.21678203,0.8043197,0.15692072,0.15692072,1.0,0.023538109,0.15,0.0,0.0,0.24032015,0.21678203,-23.635262,1.7695386,0.58984625,0.2,0.0,0.6468706,0.0,0.0
hardzero_only__c0p58__z1p00__lam0p000__nu0p50__psi0p00,0.15,borrow,38,668,0.0,20,-0.21678203,-0.19395417,-0.19395417,0.817626,0.15218575,0.15218575,1.0,0.022827864,0.15,0.0,0.0,0.21678203,0.19395417,-24.56274,1.7988131,0.59960437,0.224,0.0,0.66087866,0.0,0.0
hardzero_only__c0p58__z1p00__lam0p000__nu0p50__psi0p00,0.15,borrow,38,669,0.0,20,-0.19395417,-0.171692,-0.171692,0.82852376,0.14841448,0.14841448,1.0,0.022262173,0.15,0.0,0.0,0.19395417,0.171692,-25.294588,1.8227887,0.6075963,0.28,0.0,0.6544421,0.0,0.0
hardzero_only__c0p58__z1p00__lam0p000__nu0p50__psi0p00,0.15,borrow,38,670,0.0,20,-0.171692,-0.15010144,-0.15010144,0.8418274,0.14393705,0.14393705,1.0,0.021590559,0.15,0.0,0.0,0.171692,0.15010144,-25.292595,1.8520572,0.6173524,0.216,0.0,0.65697825,0.0,0.0
hardzero_only__c0p58__z1p00__lam0p000__nu0p50__psi0p00,0.15,borrow,38,671,0.0,20,-0.15010144,-0.12860957,-0.12860957,0.843817,0.14327915,0.14327915,1.0,0.021491874,0.15,0.0,0.0,0.15010144,0.12860957,-24.567135,1.8564345,0.6188115,0.28,0.0,0.64039683,0.0,0.0
hardzero_only__c0p58__z1p00__lam0p000__nu0p50__psi0p00,0.15,borrow,38,672,0.0,20,-0.12860957,-0.10604786,-0.10604786,0.82271934,0.15041138,0.15041138,1.0,0.022561708,0.15,0.0,0.0,0.12860957,0.10604786,-24.307413,1.8100187,0.60333955,0.24000001,0.0,0.6720325,0.0,0.0
hardzero_only__c0p58__z1p00__lam0p000__nu0p50__psi0p00,0.15,borrow,38,673,0.0,20,-0.10604786,-0.083944336,-0.083944336,0.8316298,0.14735681,0.14735681,1.0,0.022103522,0.15,0.0,0.0,0.10604786,0.083944336,-25.202576,1.8296221,0.60987407,0.296,0.0,0.6772958,0.0,0.0
hardzero_only__c0p58__z1p00__lam0p000__nu0p50__psi0p00,0.15,borrow,38,674,0.0,20,-0.083944336,-0.0631056,-0.0631056,0.85721993,0.13892488,0.13892488,1.0,0.020838734,0.15,0.0,0.0,0.083944336,0.0631056,-25.577124,1.8859215,0.62864053,0.17600001,0.0,0.67151713,0.0,0.0
hardzero_only__c0p58__z1p00__lam0p000__nu0p50__psi0p00,0.15,borrow,38,675,0.0,20,-0.0631056,-0.039830945,-0.039830945,0.80920804,0.15516436,0.15516436,1.0,0.023274655,0.15,0.0,0.0,0.0631056,0.039830945,-23.770584,1.7802932,0.5934311,0.256,0.0,0.6484776,0.0,0.0
hardzero_only__c0p58__z1p00__lam0p000__nu0p50__psi0p00,0.15,borrow,38,676,0.0,20,-0.039830945,-0.01879587,-0.01879587,0.8531472,0.14023383,0.14023383,1.0,0.021035075,0.15,0.0,0.0,0.039830945,0.01879587,-24.801323,1.8769614,0.6256538,0.26,0.0,0.58313274,0.0,0.0
hardzero_only__c0p58__z1p00__lam0p000__nu0p50__psi0p00,0.15,borrow,38,677,1.0,21,-0.01879587,-0.5761291,-0.5761291,0.820702,0.15111165,0.15111165,1.0,0.022666749,0.15,0.0,0.0,0.01879587,0.5761291,-24.559216,1.8055805,0.60186017,0.23200001,0.0,0.6511849,0.0,0.0
hardzero_only__c0p58__z1p00__lam0p000__nu0p50__psi0p00,0.15,borrow,38,678,0.0,21,-0.5761291,-0.55306494,-0.55306494,0.81315446,0.15376076,0.15376076,1.0,0.023064114,0.15,0.0,0.0,0.5761291,0.55306494,-24.026844,1.7889755,0.59632516,0.296,0.0,0.7475759,0.0,0.0
hardzero_only__c0p58__z1p00__lam0p000__nu0p50__psi0p00,0.15,borrow,38,679,0.0,21,-0.55306494,-0.5288896,-0.5288896,0.79271877,0.16116889,0.16116889,1.0,0.024175335,0.15,0.0,0.0,0.55306494,0.5288896,-24.351015,1.7440162,0.58133876,0.36,0.0,0.78375286,0.0,0.0
hardzero_only__c0p58__z1p00__lam0p000__nu0p50__psi0p00,0.15,borrow,38,680,0.0,21,-0.5288896,-0.5053962,-0.5053962,0.8051448,0.15662289,0.15662289,1.0,0.023493433,0.15,0.0,0.0,0.5288896,0.5053962,-23.767727,1.771354,0.59045136,0.2,0.0,0.7127118,0.0,0.0
hardzero_only__c0p58__z1p00__lam0p000__nu0p50__psi0p00,0.15,borrow,38,681,0.0,21,-0.5053962,-0.48200402,-0.48200402,0.8070207,0.1559478,0.1559478,1.0,0.02339217,0.15,0.0,0.0,0.5053962,0.48200402,-24.116634,1.7754811,0.59182703,0.24000001,0.0,0.73317355,0.0,0.0
hardzero_only__c0p58__z1p00__lam0p000__nu0p50__psi0p00,0.15,borrow,38,682,0.0,21,-0.48200402,-0.45814896,-0.45814896,0.7985105,0.15903382,0.15903382,1.0,0.023855073,0.15,0.0,0.0,0.48200402,0.45814896,-24.213898,1.7567582,0.5855861,0.312,0.0,0.76516104,0.0,0.0
hardzero_only__c0p58__z1p00__lam0p000__nu0p50__psi0p00,0.15,borrow,38,683,0.0,21,-0.45814896,-0.43408826,-0.43408826,0.7947832,0.1604046,0.1604046,1.0,0.02406069,0.15,0.0,0.0,0.45814896,0.43408826,-24.68971,1.7485579,0.58285266,0.17600001,0.0,0.78484267,0.0,0.0
hardzero_only__c0p58__z1p00__lam0p000__nu0p50__psi0p00,0.15,borrow,38,684,0.0,21,-0.43408826,-0.4124658,-0.4124658,0.8411865,0.14414962,0.14414962,1.0,0.021622444,0.15,0.0,0.0,0.43408826,0.4124658,-24.544743,1.8506473,0.61688244,0.272,0.0,0.7507983,0.0,0.0
hardzero_only__c0p58__z1p00__lam0p000__nu0p50__psi0p00,0.15,borrow,38,685,0.0,21,-0.4124658,-0.39077,-0.39077,0.8397151,0.14463882,0.14463882,1.0,0.021695824,0.15,0.0,0.0,0.4124658,0.39077,-24.482227,1.8474102,0.6158034,0.23200001,0.0,0.7742099,0.0,0.0
hardzero_only__c0p58__z1p00__lam0p000__nu0p50__psi0p00,0.15,borrow,38,686,0.0,21,-0.39077,-0.36859804,-0.36859804,0.8302873,0.14781302,0.14781302,1.0,0.022171954,0.15,0.0,0.0,0.39077,0.36859804,-24.925657,1.8266685,0.6088895,0.256,0.0,0.7648537,0.0,0.0
hardzero_only__c0p58__z1p00__lam0p000__nu0p50__psi0p00,0.15,borrow,38,687,0.0,21,-0.36859804,-0.34788725,-0.34788725,0.85989463,0.13807191,0.13807191,1.0,0.020710787,0.15,0.0,0.0,0.36859804,0.34788725,-25.362629,1.891806,0.630602,0.2,0.0,0.7385001,0.0,0.0
hardzero_only__c0p58__z1p00__lam0p000__nu0p50__psi0p00,0.15,borrow,38,688,0.0,21,-0.34788725,-0.32463497,-0.32463497,0.80962586,0.15501516,0.15501516,1.0,0.023252275,0.15,0.0,0.0,0.34788725,0.32463497,-24.535095,1.7812124,0.5937375,0.216,0.0,0.7588761,0.0,0.0
hardzero_only__c0p58__z1p00__lam0p000__nu0p50__psi0p00,0.15,borrow,38,689,0.0,21,-0.32463497,-0.30406636,-0.30406636,0.862886,0.13712415,0.13712415,1.0,0.020568624,0.15,0.0,0.0,0.32463497,0.30406636,-25.415571,1.8983871,0.6327957,0.22,0.0,0.6390333,0.0,0.0
hardzero_only__c0p58__z1p00__lam0p000__nu0p50__psi0p00,0.15,borrow,38,690,0.0,21,-0.30406636,-0.28091383,-0.28091383,0.81149274,0.15435022,0.15435022,1.0,0.023152534,0.15,0.0,0.0,0.30406636,0.28091383,-24.257612,1.7853197,0.5951066,0.312,0.0,0.74121714,0.0,0.0
hardzero_only__c0p58__z1p00__lam0p000__nu0p50__psi0p00,0.15,borrow,38,691,0.0,21,-0.28091383,-0.25791258,-0.25791258,0.8143399,0.15334164,0.15334164,1.0,0.023001246,0.15,0.0,0.0,0.28091383,0.25791258,-24.249006,1.7915835,0.59719455,0.224,0.0,0.7749556,0.0,0.0
hardzero_only__c0p58__z1p00__lam0p000__nu0p50__psi0p00,0.15,borrow,38,692,0.0,21,-0.25791258,-0.23846549,-0.23846549,0.8872366,0.12964728,0.12964728,1.0,0.019447094,0.15,0.0,0.0,0.25791258,0.23846549,-25.8336,1.9519595,0.6506532,0.18400002,0.0,0.72729695,0.0,0.0
hardzero_only__c0p58__z1p00__lam0p000__nu0p50__psi0p00,0.15,borrow,38,693,0.0,21,-0.23846549,-0.21565285,-0.21565285,0.8179157,0.15208428,0.15208428,1.0,0.022812642,0.15,0.0,0.0,0.23846549,0.21565285,-24.425793,1.7994504,0.5998168,0.2,0.0,0.77066064,0.0,0.0
hardzero_only__c0p58__z1p00__lam0p000__nu0p50__psi0p00,0.15,borrow,38,694,0.0,21,-0.21565285,-0.1920216,-0.1920216,0.8026044,0.15754174,0.15754174,1.0,0.023631262,0.15,0.0,0.0,0.21565285,0.1920216,-24.659567,1.765765,0.58858836,0.24000001,0.0,0.76190275,0.0,0.0
hardzero_only__c0p58__z1p00__lam0p000__nu0p50__psi0p00,0.15,borrow,38,695,0.0,21,-0.1920216,-0.17164229,-0.17164229,0.866902,0.135862,0.135862,1.0,0.0203793,0.15,0.0,0.0,0.1920216,0.17164229,-25.069641,1.9072225,0.6357409,0.28800002,0.008,0.7339321,0.0,0.0
hardzero_only__c0p58__z1p00__lam0p000__nu0p50__psi0p00,0.15,borrow,38,696,0.0,21,-0.17164229,-0.14890614,-0.14890614,0.8193743,0.15157433,0.15157433,1.0,0.02273615,0.15,0.0,0.0,0.17164229,0.14890614,-24.29729,1.8026595,0.6008865,0.2,0.0,0.7286709,0.0,0.0
hardzero_only__c0p58__z1p00__lam0p000__nu0p50__psi0p00,0.15,borrow,38,697,0.0,21,-0.14890614,-0.12492523,-0.12492523,0.7962257,0.1598727,0.1598727,1.0,0.023980906,0.15,0.0,0.0,0.14890614,0.12492523,-24.116169,1.7517315,0.5839105,0.312,0.008,0.74237907,0.0,0.0
hardzero_only__c0p58__z1p00__lam0p000__nu0p50__psi0p00,0.15,borrow,38,698,0.0,21,-0.12492523,-0.10260253,-0.10260253,0.8273444,0.14881803,0.14881803,1.0,0.022322705,0.15,0.0,0.0,0.12492523,0.10260253,-24.345491,1.8201941,0.6067314,0.23200001,0.0,0.75608575,0.0,0.0
hardzero_only__c0p58__z1p00__lam0p000__nu0p50__psi0p00,0.15,borrow,38,699,0.0,21,-0.10260253,-0.07657397,-0.07657397,0.76064116,0.17352371,0.17352371,1.0,0.026028557,0.15,0.0,0.0,0.10260253,0.07657397,-24.191305,1.6734439,0.55781466,0.28800002,0.008,0.77322316,0.0,0.0
hardzero_only__c0p58__z1p00__lam0p000__nu0p50__psi0p00,0.15,borrow,38,700,0.0,21,-0.07657397,-0.05350846,-0.05350846,0.81312823,0.15377006,0.15377006,1.0,0.02306551,0.15,0.0,0.0,0.07657397,0.05350846,-23.512743,1.7889178,0.59630597,0.272,0.0,0.74760795,0.0,0.0
hardzero_only__c0p58__z1p00__lam0p000__nu0p50__psi0p00,0.15,borrow,38,701,0.0,21,-0.05350846,-0.03313179,-0.03313179,0.866958,0.13584447,0.13584447,1.0,0.020376671,0.15,0.0,0.0,0.05350846,0.03313179,-25.109991,1.9073458,0.63578194,0.24000001,0.0,0.7553573,0.0,0.0
hardzero_only__c0p58__z1p00__lam0p000__nu0p50__psi0p00,0.15,borrow,38,702,0.0,21,-0.03313179,-0.010102615,-0.010102615,0.8138129,0.15352783,0.15352783,1.0,0.023029175,0.15,0.0,0.0,0.03313179,0.010102615,-24.623835,1.7904241,0.5968081,0.29999998,0.0,0.64442056,0.0,0.0
hardzero_only__c0p58__z1p00__lam0p000__nu0p50__psi0p00,0.15,borrow,38,703,1.0,22,-0.010102615,-0.56604475,-0.56604475,0.79483396,0.16038583,0.16038583,1.0,0.024057876,0.15,0.0,0.0,0.010102615,0.56604475,-23.71977,1.7486696,0.5828899,0.272,0.0,0.73370075,0.0,0.0
hardzero_only__c0p58__z1p00__lam0p000__nu0p50__psi0p00,0.15,borrow,38,704,0.0,22,-0.56604475,-0.54253846,-0.54253846,0.80490714,0.15670861,0.15670861,1.0,0.023506293,0.15,0.0,0.0,0.56604475,0.54253846,-23.47424,1.7708311,0.5902771,0.28,0.0,0.85049003,0.0,0.0
hardzero_only__c0p58__z1p00__lam0p000__nu0p50__psi0p00,0.15,borrow,38,705,0.0,22,-0.54253846,-0.51798654,-0.51798654,0.7860061,0.16367936,0.16367936,1.0,0.024551906,0.15,0.0,0.0,0.54253846,0.51798654,-24.659958,1.7292479,0.576416,0.32000002,0.0,0.87508076,0.0,0.0
hardzero_only__c0p58__z1p00__lam0p000__nu0p50__psi0p00,0.15,borrow,38,706,0.0,22,-0.51798654,-0.49809703,-0.49809703,0.8774671,0.13259675,0.13259675,1.0,0.019889513,0.15,0.0,0.0,0.51798654,0.49809703,-25.639482,1.9304662,0.64348876,0.192,0.0,0.8468816,0.0,0.0
hardzero_only__c0p58__z1p00__lam0p000__nu0p50__psi0p00,0.15,borrow,38,707,0.0,22,-0.49809703,-0.47635886,-0.47635886,0.838868,0.14492121,0.14492121,1.0,0.021738183,0.15,0.0,0.0,0.49809703,0.47635886,-24.375536,1.8455465,0.61518216,0.32000002,0.0,0.8588422,0.0,0.0
hardzero_only__c0p58__z1p00__lam0p000__nu0p50__psi0p00,0.15,borrow,38,708,0.0,22,-0.47635886,-0.45435917,-0.45435917,0.8336746,0.14666462,0.14666462,1.0,0.021999694,0.15,0.0,0.0,0.47635886,0.45435917,-25.68806,1.8341208,0.6113736,0.264,0.0,0.87218714,0.0,0.0
hardzero_only__c0p58__z1p00__lam0p000__nu0p50__psi0p00,0.15,borrow,38,709,0.0,22,-0.45435917,-0.4325465,-0.4325465,0.837382,0.14541793,0.14541793,1.0,0.02181269,0.15,0.0,0.0,0.45435917,0.4325465,-24.412394,1.8422773,0.61409247,0.24000001,0.0,0.8329617,0.0,0.0
hardzero_only__c0p58__z1p00__lam0p000__nu0p50__psi0p00,0.15,borrow,38,710,0.0,22,-0.4325465,-0.40943027,-0.40943027,0.8121745,0.1541081,0.1541081,1.0,0.023116216,0.15,0.0,0.0,0.4325465,0.40943027,-24.687727,1.7868196,0.59560657,0.264,0.0,0.858886,0.0,0.0
hardzero_only__c0p58__z1p00__lam0p000__nu0p50__psi0p00,0.15,borrow,38,711,0.0,22,-0.40943027,-0.38495603,-0.38495603,0.7873823,0.1631615,0.1631615,1.0,0.024474226,0.15,0.0,0.0,0.40943027,0.38495603,-23.473906,1.7322757,0.57742524,0.28800002,0.0,0.8162848,0.0,0.0
hardzero_only__c0p58__z1p00__lam0p000__nu0p50__psi0p00,0.15,borrow,38,712,0.0,22,-0.38495603,-0.36133805,-0.36133805,0.80284846,0.1574532,0.1574532,1.0,0.023617981,0.15,0.0,0.0,0.38495603,0.36133805,-24.093338,1.7663019,0.5887673,0.256,0.0,0.8397554,0.0,0.0
hardzero_only__c0p58__z1p00__lam0p000__nu0p50__psi0p00,0.15,borrow,38,713,0.0,22,-0.36133805,-0.33822665,-0.33822665,0.8122649,0.15407602,0.15407602,1.0,0.023111405,0.15,0.0,0.0,0.36133805,0.33822665,-24.486597,1.7870185,0.59567285,0.296,0.008,0.8562386,0.0,0.0
hardzero_only__c0p58__z1p00__lam0p000__nu0p50__psi0p00,0.15,borrow,38,714,0.0,22,-0.33822665,-0.31542882,-0.31542882,0.8181981,0.1519854,0.1519854,1.0,0.022797812,0.15,0.0,0.0,0.33822665,0.31542882,-24.481428,1.8000717,0.6000239,0.208,0.0,0.824883,0.0,0.0
hardzero_only__c0p58__z1p00__lam0p000__nu0p50__psi0p00,0.15,borrow,38,715,0.0,22,-0.31542882,-0.29234537,-0.29234537,0.81279075,0.15388958,0.15388958,1.0,0.023083437,0.15,0.0,0.0,0.31542882,0.29234537,-24.535986,1.7881753,0.5960585,0.29,0.0,0.7281837,0.0,0.0
hardzero_only__c0p58__z1p00__lam0p000__nu0p50__psi0p00,0.15,borrow,38,716,0.0,22,-0.29234537,-0.27004406,-0.27004406,0.8277606,0.14867552,0.14867552,1.0,0.022301327,0.15,0.0,0.0,0.29234537,0.27004406,-24.143106,1.8211097,0.6070366,0.24000001,0.0,0.8539267,0.0,0.0
hardzero_only__c0p58__z1p00__lam0p000__nu0p50__psi0p00,0.15,borrow,38,717,0.0,22,-0.27004406,-0.24858458,-0.24858458,0.84447217,0.14306314,0.14306314,1.0,0.021459471,0.15,0.0,0.0,0.27004406,0.24858458,-24.643538,1.8578758,0.61929196,0.272,0.0,0.87294364,0.0,0.0
hardzero_only__c0p58__z1p00__lam0p000__nu0p50__psi0p00,0.15,borrow,38,718,0.0,22,-0.24858458,-0.22777812,-0.22777812,0.85789305,0.13870974,0.13870974,1.0,0.020806462,0.15,0.0,0.0,0.24858458,0.22777812,-25.70238,1.8874024,0.6291342,0.28800002,0.0,0.842198,0.0,0.0
hardzero_only__c0p58__z1p00__lam0p000__nu0p50__psi0p00,0.15,borrow,38,719,0.0,22,-0.22777812,-0.20499122,-0.20499122,0.818406,0.15191266,0.15191266,1.0,0.0227869,0.15,0.0,0.0,0.22777812,0.20499122,-24.917564,1.8005291,0.6001764,0.224,0.0,0.8489801,0.0,0.0
hardzero_only__c0p58__z1p00__lam0p000__nu0p50__psi0p00,0.15,borrow,38,720,0.0,22,-0.20499122,-0.18103822,-0.18103822,0.7967313,0.15968668,0.15968668,1.0,0.023953004,0.15,0.0,0.0,0.20499122,0.18103822,-23.26453,1.7528439,0.5842813,0.224,0.0,0.8605303,0.0,0.0
hardzero_only__c0p58__z1p00__lam0p000__nu0p50__psi0p00,0.15,borrow,38,721,0.0,22,-0.18103822,-0.15752567,-0.15752567,0.8047917,0.15675028,0.15675028,1.0,0.023512542,0.15,0.0,0.0,0.18103822,0.15752567,-23.448174,1.7705771,0.5901924,0.208,0.0,0.8454035,0.0,0.0
hardzero_only__c0p58__z1p00__lam0p000__nu0p50__psi0p00,0.15,borrow,38,722,0.0,22,-0.15752567,-0.13559495,-0.13559495,0.83503824,0.14620483,0.14620483,1.0,0.021930724,0.15,0.0,0.0,0.15752567,0.13559495,-24.80083,1.8371208,0.6123736,0.28800002,0.0,0.8514657,0.0,0.0
hardzero_only__c0p58__z1p00__lam0p000__nu0p50__psi0p00,0.15,borrow,38,723,0.0,22,-0.13559495,-0.11354104,-0.11354104,0.8326057,0.14702605,0.14702605,1.0,0.022053909,0.15,0.0,0.0,0.13559495,0.11354104,-24.871952,1.8317691,0.61058974,0.272,0.0,0.80614763,0.0,0.0
hardzero_only__c0p58__z1p00__lam0p000__nu0p50__psi0p00,0.15,borrow,38,724,0.0,22,-0.11354104,-0.091136396,-0.091136396,0.82575333,0.14936425,0.14936425,1.0,0.022404637,0.15,0.0,0.0,0.11354104,0.091136396,-24.89284,1.8166937,0.6055646,0.24000001,0.0,0.85498416,0.0,0.0
hardzero_only__c0p58__z1p00__lam0p000__nu0p50__psi0p00,0.15,borrow,38,725,0.0,22,-0.091136396,-0.067277916,-0.067277916,0.7984485,0.15905653,0.15905653,1.0,0.02385848,0.15,0.0,0.0,0.091136396,0.067277916,-23.975351,1.7566217,0.5855406,0.28800002,0.0,0.84926915,0.0,0.0
hardzero_only__c0p58__z1p00__lam0p000__nu0p50__psi0p00,0.15,borrow,38,726,0.0,22,-0.067277916,-0.04757368,-0.04757368,0.8815316,0.13136157,0.13136157,1.0,0.019704238,0.15,0.0,0.0,0.067277916,0.04757368,-25.930925,1.9394083,0.6464695,0.224,0.0,0.84551597,0.0,0.0
hardzero_only__c0p58__z1p00__lam0p000__nu0p50__psi0p00,0.15,borrow,38,727,0.0,22,-0.04757368,-0.027101379,-0.027101379,0.86492467,0.13648199,0.13648199,1.0,0.0204723,0.15,0.0,0.0,0.04757368,0.027101379,-25.33123,1.9028723,0.6342908,0.15200001,0.0,0.84663624,0.0,0.0
hardzero_only__c0p58__z1p00__lam0p000__nu0p50__psi0p00,0.15,borrow,38,728,0.0,22,-0.027101379,-0.004100919,-0.004100919,0.8143547,0.15333639,0.15333639,1.0,0.02300046,0.15,0.0,0.0,0.027101379,0.004100919,-25.032124,1.7916162,0.5972054,0.25,0.0,0.74755037,0.0,0.0
hardzero_only__c0p58__z1p00__lam0p000__nu0p50__psi0p00,0.15,borrow,38,729,1.0,23,-0.004100919,-0.5607493,-0.5607493,0.807774,0.15567754,0.15567754,1.0,0.023351632,0.15,0.0,0.0,0.004100919,0.5607493,-24.652,1.7771384,0.59237945,0.33600003,0.0,0.83249384,0.0,0.0
hardzero_only__c0p58__z1p00__lam0p000__nu0p50__psi0p00,0.15,borrow,38,730,0.0,23,-0.5607493,-0.53756326,-0.53756326,0.810865,0.15457349,0.15457349,1.0,0.023186024,0.15,0.0,0.0,0.5607493,0.53756326,-24.046535,1.7839385,0.5946462,0.272,0.0,0.972572,0.0,0.0
hardzero_only__c0p58__z1p00__lam0p000__nu0p50__psi0p00,0.15,borrow,38,731,0.0,23,-0.53756326,-0.5132204,-0.5132204,0.78972036,0.16228546,0.16228546,1.0,0.02434282,0.15,0.0,0.0,0.53756326,0.5132204,-24.13971,1.7374195,0.5791398,0.224,0.0,0.9769619,0.0,0.0
hardzero_only__c0p58__z1p00__lam0p000__nu0p50__psi0p00,0.15,borrow,38,732,0.0,23,-0.5132204,-0.49196184,-0.49196184,0.848557,0.14172387,0.14172387,1.0,0.021258581,0.15,0.0,0.0,0.5132204,0.49196184,-25.626734,1.8668627,0.6222876,0.216,0.008,0.99096763,0.0,0.0
hardzero_only__c0p58__z1p00__lam0p000__nu0p50__psi0p00,0.15,borrow,38,733,0.0,23,-0.49196184,-0.46759194,-0.46759194,0.78923744,0.16246603,0.16246603,1.0,0.024369907,0.15,0.0,0.0,0.49196184,0.46759194,-23.869535,1.736357,0.57878566,0.35200003,0.008,0.9910547,0.0,0.0
hardzero_only__c0p58__z1p00__lam0p000__nu0p50__psi0p00,0.15,borrow,38,734,0.0,23,-0.46759194,-0.44391578,-0.44391578,0.8017802,0.15784098,0.15784098,1.0,0.023676148,0.15,0.0,0.0,0.46759194,0.44391578,-24.412981,1.7639518,0.58798397,0.296,0.008,0.9778271,0.0,0.0
hardzero_only__c0p58__z1p00__lam0p000__nu0p50__psi0p00,0.15,borrow,38,735,0.0,23,-0.44391578,-0.42252883,-0.42252883,0.8459425,0.14257963,0.14257963,1.0,0.021386946,0.15,0.0,0.0,0.44391578,0.42252883,-25.372766,1.8611107,0.62037027,0.224,0.0,0.9777878,0.0,0.0
hardzero_only__c0p58__z1p00__lam0p000__nu0p50__psi0p00,0.15,borrow,38,736,0.0,23,-0.42252883,-0.39876002,-0.39876002,0.8000839,0.15845871,0.15845871,1.0,0.023768807,0.15,0.0,0.0,0.42252883,0.39876002,-24.257908,1.7602197,0.5867399,0.224,0.0,0.9659526,0.0,0.0
hardzero_only__c0p58__z1p00__lam0p000__nu0p50__psi0p00,0.15,borrow,38,737,0.0,23,-0.39876002,-0.37505457,-0.37505457,0.8012429,0.1580364,0.1580364,1.0,0.02370546,0.15,0.0,0.0,0.39876002,0.37505457,-24.249414,1.7627696,0.58758986,0.272,0.0,0.98406315,0.0,0.0
hardzero_only__c0p58__z1p00__lam0p000__nu0p50__psi0p00,0.15,borrow,38,738,0.0,23,-0.37505457,-0.3500065,-0.3500065,0.77731705,0.1669871,0.1669871,1.0,0.025048068,0.15,0.0,0.0,0.37505457,0.3500065,-24.168842,1.7101316,0.5700439,0.33600003,0.0,0.979436,0.0,0.0
hardzero_only__c0p58__z1p00__lam0p000__nu0p50__psi0p00,0.15,borrow,38,739,0.0,23,-0.3500065,-0.3269019,-0.3269019,0.8123934,0.15403044,0.15403044,1.0,0.023104567,0.15,0.0,0.0,0.3500065,0.3269019,-24.003895,1.7873012,0.5957671,0.24000001,0.0,0.9573104,0.0,0.0
hardzero_only__c0p58__z1p00__lam0p000__nu0p50__psi0p00,0.15,borrow,38,740,0.0,23,-0.3269019,-0.3038998,-0.3038998,0.8143236,0.15334739,0.15334739,1.0,0.023002109,0.15,0.0,0.0,0.3269019,0.3038998,-24.214163,1.7915477,0.5971826,0.28800002,0.0,0.95552474,0.0,0.0
hardzero_only__c0p58__z1p00__lam0p000__nu0p50__psi0p00,0.15,borrow,38,741,0.0,23,-0.3038998,-0.28199187,-0.28199187,0.83549017,0.14605278,0.14605278,1.0,0.021907918,0.15,0.0,0.0,0.3038998,0.28199187,-24.757303,1.8381151,0.61270505,0.22,0.0,0.83830154,0.0,0.0
hardzero_only__c0p58__z1p00__lam0p000__nu0p50__psi0p00,0.15,borrow,38,742,0.0,23,-0.28199187,-0.25980413,-0.25980413,0.82997847,0.14791816,0.14791816,1.0,0.022187725,0.15,0.0,0.0,0.28199187,0.25980413,-25.360834,1.8259891,0.6086631,0.216,0.0,0.99539614,0.0,0.0
hardzero_only__c0p58__z1p00__lam0p000__nu0p50__psi0p00,0.15,borrow,38,743,0.0,23,-0.25980413,-0.23731768,-0.23731768,0.82417053,0.1499096,0.1499096,1.0,0.02248644,0.15,0.0,0.0,0.25980413,0.23731768,-25.08813,1.8132113,0.6044038,0.136,0.0,0.9950606,0.0,0.0
hardzero_only__c0p58__z1p00__lam0p000__nu0p50__psi0p00,0.15,borrow,38,744,0.0,23,-0.23731768,-0.21376163,-0.21376163,0.8039888,0.15704033,0.15704033,1.0,0.02355605,0.15,0.0,0.0,0.23731768,0.21376163,-25.18476,1.7688107,0.5896036,0.328,0.0,0.98227763,0.0,0.0
hardzero_only__c0p58__z1p00__lam0p000__nu0p50__psi0p00,0.15,borrow,38,745,0.0,23,-0.21376163,-0.19325931,-0.19325931,0.86428833,0.13668211,0.13668211,1.0,0.020502318,0.15,0.0,0.0,0.21376163,0.19325931,-25.41543,1.9014723,0.6338241,0.16000001,0.0,0.9525889,0.0,0.0
hardzero_only__c0p58__z1p00__lam0p000__nu0p50__psi0p00,0.15,borrow,38,746,0.0,23,-0.19325931,-0.17010826,-0.17010826,0.81152034,0.15434042,0.15434042,1.0,0.023151062,0.15,0.0,0.0,0.19325931,0.17010826,-23.532715,1.7853804,0.5951268,0.2,0.0,0.95575535,0.0,0.0
hardzero_only__c0p58__z1p00__lam0p000__nu0p50__psi0p00,0.15,borrow,38,747,0.0,23,-0.17010826,-0.14644492,-0.14644492,0.80201507,0.15775566,0.15775566,1.0,0.02366335,0.15,0.0,0.0,0.17010826,0.14644492,-23.784525,1.7644684,0.58815616,0.32000002,0.0,0.9625761,0.0,0.0
hardzero_only__c0p58__z1p00__lam0p000__nu0p50__psi0p00,0.15,borrow,38,748,0.0,23,-0.14644492,-0.12281809,-0.12281809,0.80268586,0.15751217,0.15751217,1.0,0.023626827,0.15,0.0,0.0,0.14644492,0.12281809,-23.571548,1.7659441,0.5886481,0.23200001,0.0,0.96960735,0.0,0.0
hardzero_only__c0p58__z1p00__lam0p000__nu0p50__psi0p00,0.15,borrow,38,749,0.0,23,-0.12281809,-0.09662442,-0.09662442,0.7578949,0.17462447,0.17462447,1.0,0.026193673,0.15,0.0,0.0,0.12281809,0.09662442,-23.473452,1.667402,0.5558007,0.24800001,0.0,1.0068575,0.0,0.0
hardzero_only__c0p58__z1p00__lam0p000__nu0p50__psi0p00,0.15,borrow,38,750,0.0,23,-0.09662442,-0.0705633,-0.0705633,0.7600983,0.17374076,0.17374076,1.0,0.026061116,0.15,0.0,0.0,0.09662442,0.0705633,-23.61307,1.6722496,0.55741656,0.264,0.0,0.98797446,0.0,0.0
hardzero_only__c0p58__z1p00__lam0p000__nu0p50__psi0p00,0.15,borrow,38,751,0.0,23,-0.0705633,-0.04509542,-0.04509542,0.7700985,0.16978584,0.16978584,1.0,0.025467878,0.15,0.0,0.0,0.0705633,0.04509542,-23.698992,1.6942506,0.5647502,0.23200001,0.0,0.982952,0.0,0.0
hardzero_only__c0p58__z1p00__lam0p000__nu0p50__psi0p00,0.15,borrow,38,752,0.0,23,-0.04509542,-0.022016322,-0.022016322,0.8128724,0.15386066,0.15386066,1.0,0.0230791,0.15,0.0,0.0,0.04509542,0.022016322,-24.615486,1.788355,0.59611833,0.256,0.0,0.9968938,0.0,0.0
hardzero_only__c0p58__z1p00__lam0p000__nu0p50__psi0p00,0.15,borrow,38,753,0.0,23,-0.022016322,-0.00033624656,-0.00033624656,0.8400305,0.14453383,0.14453383,1.0,0.021680076,0.15,0.0,0.0,0.022016322,0.00033624656,-24.726028,1.848104,0.6160347,0.216,0.0,0.95834535,0.0,0.0
hardzero_only__c0p58__z1p00__lam0p000__nu0p50__psi0p00,0.15,borrow,38,754,1.0,24,-0.00033624656,-0.5565631,-0.5565631,0.80000436,0.15848774,0.15848774,1.0,0.023773162,0.15,0.0,0.0,0.00033624656,0.5565631,-24.641603,1.7600447,0.5866816,0.22,0.0,0.80367655,0.0,0.0
hardzero_only__c0p58__z1p00__lam0p000__nu0p50__psi0p00,0.15,borrow,38,755,0.0,24,-0.5565631,-0.530323,-0.530323,0.75712645,0.17493373,0.17493373,1.0,0.02624006,0.15,0.0,0.0,0.5565631,0.530323,-23.258553,1.6657114,0.5552372,0.24000001,0.0,1.1326118,0.0,0.0
hardzero_only__c0p58__z1p00__lam0p000__nu0p50__psi0p00,0.15,borrow,38,756,0.0,24,-0.530323,-0.50619566,-0.50619566,0.7935816,0.160849,0.160849,1.0,0.024127351,0.15,0.0,0.0,0.530323,0.50619566,-23.974392,1.7459143,0.58197147,0.33600003,0.0,1.0697286,0.0,0.0
hardzero_only__c0p58__z1p00__lam0p000__nu0p50__psi0p00,0.15,borrow,38,757,0.0,24,-0.50619566,-0.48118544,-0.48118544,0.77797353,0.16673489,0.16673489,1.0,0.025010234,0.15,0.0,0.0,0.50619566,0.48118544,-23.545458,1.711576,0.57052535,0.24000001,0.0,1.0745445,0.0,0.0
hardzero_only__c0p58__z1p00__lam0p000__nu0p50__psi0p00,0.15,borrow,38,758,0.0,24,-0.48118544,-0.4556864,-0.4556864,0.76956743,0.16999361,0.16999361,1.0,0.025499042,0.15,0.0,0.0,0.48118544,0.4556864,-22.722742,1.6930821,0.56436074,0.36800003,0.0,1.0954282,0.0,0.0
hardzero_only__c0p58__z1p00__lam0p000__nu0p50__psi0p00,0.15,borrow,38,759,0.0,24,-0.4556864,-0.4316731,-0.4316731,0.7956398,0.16008852,0.16008852,1.0,0.024013279,0.15,0.0,0.0,0.4556864,0.4316731,-23.469713,1.7504425,0.58348083,0.208,0.0,1.0930239,0.0,0.0
hardzero_only__c0p58__z1p00__lam0p000__nu0p50__psi0p00,0.15,borrow,38,760,0.0,24,-0.4316731,-0.40745586,-0.40745586,0.79196644,0.16144833,0.16144833,1.0,0.02421725,0.15,0.0,0.0,0.4316731,0.40745586,-24.537064,1.742361,0.580787,0.35200003,0.0,1.1122965,0.0,0.0
hardzero_only__c0p58__z1p00__lam0p000__nu0p50__psi0p00,0.15,borrow,38,761,0.0,24,-0.40745586,-0.38524136,-0.38524136,0.8294549,0.14809659,0.14809659,1.0,0.022214489,0.15,0.0,0.0,0.40745586,0.38524136,-24.55672,1.8248372,0.6082791,0.2,0.0,1.0963346,0.0,0.0
hardzero_only__c0p58__z1p00__lam0p000__nu0p50__psi0p00,0.15,borrow,38,762,0.0,24,-0.38524136,-0.36194143,-0.36194143,0.80873656,0.1553329,0.1553329,1.0,0.023299934,0.15,0.0,0.0,0.38524136,0.36194143,-23.948797,1.779256,0.59308535,0.272,0.0,1.0917624,0.0,0.0
hardzero_only__c0p58__z1p00__lam0p000__nu0p50__psi0p00,0.15,borrow,38,763,0.0,24,-0.36194143,-0.33906025,-0.33906025,0.816613,0.15254113,0.15254113,1.0,0.02288117,0.15,0.0,0.0,0.36194143,0.33906025,-24.476624,1.7965845,0.5988615,0.256,0.0,1.0983526,0.0,0.0
hardzero_only__c0p58__z1p00__lam0p000__nu0p50__psi0p00,0.15,borrow,38,764,0.0,24,-0.33906025,-0.31566453,-0.31566453,0.80695504,0.1559714,0.1559714,1.0,0.02339571,0.15,0.0,0.0,0.33906025,0.31566453,-24.631464,1.7753365,0.5917789,0.264,0.0,1.0975628,0.0,0.0
hardzero_only__c0p58__z1p00__lam0p000__nu0p50__psi0p00,0.15,borrow,38,765,0.0,24,-0.31566453,-0.29354998,-0.29354998,0.8314131,0.14743035,0.14743035,1.0,0.022114553,0.15,0.0,0.0,0.31566453,0.29354998,-24.276594,1.8291453,0.6097151,0.296,0.0,1.0836017,0.0,0.0
hardzero_only__c0p58__z1p00__lam0p000__nu0p50__psi0p00,0.15,borrow,38,766,0.0,24,-0.29354998,-0.2683686,-0.2683686,0.77501154,0.16787595,0.16787595,1.0,0.025181392,0.15,0.0,0.0,0.29354998,0.2683686,-23.58188,1.7050594,0.5683532,0.264,0.008,1.0948808,0.0,0.0
hardzero_only__c0p58__z1p00__lam0p000__nu0p50__psi0p00,0.15,borrow,38,767,0.0,24,-0.2683686,-0.2441571,-0.2441571,0.7920695,0.16141002,0.16141002,1.0,0.024211504,0.15,0.0,0.0,0.2683686,0.2441571,-24.578194,1.7425877,0.5808626,0.29,0.0,0.9194085,0.0,0.0
hardzero_only__c0p58__z1p00__lam0p000__nu0p50__psi0p00,0.15,borrow,38,768,0.0,24,-0.2441571,-0.21894136,-0.21894136,0.7744194,0.16810499,0.16810499,1.0,0.02521575,0.15,0.0,0.0,0.2441571,0.21894136,-23.59373,1.7037568,0.56791896,0.28,0.0,1.1007284,0.0,0.0
hardzero_only__c0p58__z1p00__lam0p000__nu0p50__psi0p00,0.15,borrow,38,769,0.0,24,-0.21894136,-0.19639477,-0.19639477,0.82301044,0.15031058,0.15031058,1.0,0.022546588,0.15,0.0,0.0,0.21894136,0.19639477,-24.938086,1.8106592,0.60355306,0.24000001,0.008,1.1340601,0.0,0.0
hardzero_only__c0p58__z1p00__lam0p000__nu0p50__psi0p00,0.15,borrow,38,770,0.0,24,-0.19639477,-0.17274448,-0.17274448,0.80225474,0.1576686,0.1576686,1.0,0.023650292,0.15,0.0,0.0,0.19639477,0.17274448,-23.645767,1.7649957,0.58833194,0.28,0.0,1.1165061,0.0,0.0
hardzero_only__c0p58__z1p00__lam0p000__nu0p50__psi0p00,0.15,borrow,38,771,0.0,24,-0.17274448,-0.14979117,-0.14979117,0.81524587,0.1530221,0.1530221,1.0,0.022953315,0.15,0.0,0.0,0.17274448,0.14979117,-24.560907,1.7935767,0.5978589,0.312,0.008,1.0824088,0.0,0.0
hardzero_only__c0p58__z1p00__lam0p000__nu0p50__psi0p00,0.15,borrow,38,772,0.0,24,-0.14979117,-0.12252518,-0.12252518,0.74047005,0.18177325,0.18177325,1.0,0.027265988,0.15,0.0,0.0,0.14979117,0.12252518,-23.907845,1.6290667,0.5430223,0.37600002,0.0,1.1237848,0.0,0.0
hardzero_only__c0p58__z1p00__lam0p000__nu0p50__psi0p00,0.15,borrow,38,773,0.0,24,-0.12252518,-0.09934914,-0.09934914,0.81105214,0.15450689,0.15450689,1.0,0.023176035,0.15,0.0,0.0,0.12252518,0.09934914,-24.215816,1.7843504,0.5947835,0.28800002,0.016,1.0766547,0.0,0.0
hardzero_only__c0p58__z1p00__lam0p000__nu0p50__psi0p00,0.15,borrow,38,774,0.0,24,-0.09934914,-0.07464932,-0.07464932,0.7833975,0.16466545,0.16466545,1.0,0.024699818,0.15,0.0,0.0,0.09934914,0.07464932,-24.06907,1.723509,0.574503,0.23200001,0.0,1.086205,0.0,0.0
hardzero_only__c0p58__z1p00__lam0p000__nu0p50__psi0p00,0.15,borrow,38,775,0.0,24,-0.07464932,-0.050771825,-0.050771825,0.79810256,0.15918328,0.15918328,1.0,0.023877492,0.15,0.0,0.0,0.07464932,0.050771825,-24.042042,1.7558607,0.5852869,0.264,0.0,1.1074588,0.0,0.0
hardzero_only__c0p58__z1p00__lam0p000__nu0p50__psi0p00,0.15,borrow,38,776,0.0,24,-0.050771825,-0.028098095,-0.028098095,0.82056826,0.1511582,0.1511582,1.0,0.02267373,0.15,0.0,0.0,0.050771825,0.028098095,-24.566713,1.8052863,0.6017621,0.216,0.0,1.0998659,0.0,0.0
hardzero_only__c0p58__z1p00__lam0p000__nu0p50__psi0p00,0.15,borrow,38,777,0.0,24,-0.028098095,-0.0045728665,-0.0045728665,0.80455744,0.15683486,0.15683486,1.0,0.023525229,0.15,0.0,0.0,0.028098095,0.0045728665,-24.165993,1.7700617,0.5900206,0.256,0.0,1.0875717,0.0,0.0
hardzero_only__c0p58__z1p00__lam0p000__nu0p50__psi0p00,0.15,borrow,38,778,1.0,25,-0.0045728665,-0.5601253,-0.5601253,0.7878563,0.16298354,0.16298354,1.0,0.024447532,0.15,0.0,0.0,0.0045728665,0.5601253,-24.412882,1.7333184,0.57777286,0.23200001,0.0,1.1197737,0.0,0.0
hardzero_only__c0p58__z1p00__lam0p000__nu0p50__psi0p00,0.15,borrow,38,779,0.0,25,-0.5601253,-0.53701544,-0.53701544,0.81229347,0.15406588,0.15406588,1.0,0.023109883,0.15,0.0,0.0,0.5601253,0.53701544,-24.114119,1.7870814,0.5956938,0.28,0.0,1.2013503,0.0,0.0
hardzero_only__c0p58__z1p00__lam0p000__nu0p50__psi0p00,0.15,borrow,38,780,0.0,25,-0.53701544,-0.51140624,-0.51140624,0.7676957,0.17072782,0.17072782,1.0,0.025609175,0.15,0.0,0.0,0.53701544,0.51140624,-24.574175,1.6889644,0.56298816,0.28,0.0,1.0016352,0.0,0.0
hardzero_only__c0p58__z1p00__lam0p000__nu0p50__psi0p00,0.15,borrow,38,781,0.0,25,-0.51140624,-0.4859165,-0.4859165,0.76972574,0.16993165,0.16993165,1.0,0.02548975,0.15,0.0,0.0,0.51140624,0.4859165,-23.474554,1.6934304,0.56447685,0.264,0.0,1.2238592,0.0,0.0
hardzero_only__c0p58__z1p00__lam0p000__nu0p50__psi0p00,0.15,borrow,38,782,0.0,25,-0.4859165,-0.46396175,-0.46396175,0.8345626,0.14636505,0.14636505,1.0,0.021954758,0.15,0.0,0.0,0.4859165,0.46396175,-24.941774,1.8360744,0.6120248,0.2,0.0,1.2201248,0.0,0.0
hardzero_only__c0p58__z1p00__lam0p000__nu0p50__psi0p00,0.15,borrow,38,783,0.0,25,-0.46396175,-0.43857452,-0.43857452,0.771476,0.16924818,0.16924818,1.0,0.025387228,0.15,0.0,0.0,0.46396175,0.43857452,-23.51786,1.697281,0.5657604,0.2,0.0,1.2183751,0.0,0.0
hardzero_only__c0p58__z1p00__lam0p000__nu0p50__psi0p00,0.15,borrow,38,784,0.0,25,-0.43857452,-0.41523656,-0.41523656,0.8080285,0.15558635,0.15558635,1.0,0.023337953,0.15,0.0,0.0,0.43857452,0.41523656,-24.460325,1.7776983,0.59256613,0.23200001,0.0,1.2179712,0.0,0.0
hardzero_only__c0p58__z1p00__lam0p000__nu0p50__psi0p00,0.15,borrow,38,785,0.0,25,-0.41523656,-0.39224455,-0.39224455,0.81451434,0.15328005,0.15328005,1.0,0.022992007,0.15,0.0,0.0,0.41523656,0.39224455,-24.69811,1.7919674,0.59732246,0.224,0.0,1.2296395,0.0,0.0
hardzero_only__c0p58__z1p00__lam0p000__nu0p50__psi0p00,0.15,borrow,38,786,0.0,25,-0.39224455,-0.36920956,-0.36920956,0.8137035,0.15356652,0.15356652,1.0,0.023034979,0.15,0.0,0.0,0.39224455,0.36920956,-24.323074,1.7901834,0.59672785,0.224,0.0,1.2148901,0.0,0.0
hardzero_only__c0p58__z1p00__lam0p000__nu0p50__psi0p00,0.15,borrow,38,787,0.0,25,-0.36920956,-0.34441134,-0.34441134,0.7816708,0.16532144,0.16532144,1.0,0.024798216,0.15,0.0,0.0,0.36920956,0.34441134,-24.415445,1.7197101,0.5732367,0.296,0.008,1.2358009,0.0,0.0
hardzero_only__c0p58__z1p00__lam0p000__nu0p50__psi0p00,0.15,borrow,38,788,0.0,25,-0.34441134,-0.3207859,-0.3207859,0.80271155,0.15750286,0.15750286,1.0,0.02362543,0.15,0.0,0.0,0.34441134,0.3207859,-24.025064,1.7660006,0.5886669,0.24000001,0.0,1.2157336,0.0,0.0
hardzero_only__c0p58__z1p00__lam0p000__nu0p50__psi0p00,0.15,borrow,38,789,0.0,25,-0.3207859,-0.29447743,-0.29447743,0.7559957,0.17538977,0.17538977,1.0,0.026308466,0.15,0.0,0.0,0.3207859,0.29447743,-23.342945,1.6632237,0.55440795,0.35200003,0.008,1.2362221,0.0,0.0
hardzero_only__c0p58__z1p00__lam0p000__nu0p50__psi0p00,0.15,borrow,38,790,0.0,25,-0.29447743,-0.27036926,-0.27036926,0.79392695,0.16072115,0.16072115,1.0,0.024108173,0.15,0.0,0.0,0.29447743,0.27036926,-24.063534,1.7466742,0.5822247,0.312,0.0,1.2274655,0.0,0.0
hardzero_only__c0p58__z1p00__lam0p000__nu0p50__psi0p00,0.15,borrow,38,791,0.0,25,-0.27036926,-0.24737018,-0.24737018,0.8143809,0.15332717,0.15332717,1.0,0.022999076,0.15,0.0,0.0,0.27036926,0.24737018,-24.053864,1.7916738,0.5972246,0.264,0.0,1.2369261,0.0,0.0
hardzero_only__c0p58__z1p00__lam0p000__nu0p50__psi0p00,0.15,borrow,38,792,0.0,25,-0.24737018,-0.22240554,-0.22240554,0.7787659,0.16643094,0.16643094,1.0,0.024964642,0.15,0.0,0.0,0.24737018,0.22240554,-24.262077,1.7133192,0.57110643,0.296,0.0,1.2125243,0.0,0.0
hardzero_only__c0p58__z1p00__lam0p000__nu0p50__psi0p00,0.15,borrow,38,793,0.0,25,-0.22240554,-0.19778049,-0.19778049,0.7847141,0.164167,0.164167,1.0,0.024625052,0.15,0.0,0.0,0.22240554,0.19778049,-23.021372,1.7264055,0.57546854,0.22999999,0.0,0.9804477,0.0,0.0
hardzero_only__c0p58__z1p00__lam0p000__nu0p50__psi0p00,0.15,borrow,38,794,0.0,25,-0.19778049,-0.17479604,-0.17479604,0.8146573,0.15322962,0.15322962,1.0,0.022984445,0.15,0.0,0.0,0.19778049,0.17479604,-24.547243,1.7922817,0.59742725,0.224,0.0,1.2193673,0.0,0.0
hardzero_only__c0p58__z1p00__lam0p000__nu0p50__psi0p00,0.15,borrow,38,795,0.0,25,-0.17479604,-0.14921317,-0.14921317,0.7681419,0.17055249,0.17055249,1.0,0.025582874,0.15,0.0,0.0,0.17479604,0.14921317,-23.323368,1.6899459,0.56331533,0.28800002,0.0,1.2265658,0.0,0.0
hardzero_only__c0p58__z1p00__lam0p000__nu0p50__psi0p00,0.15,borrow,38,796,0.0,25,-0.14921317,-0.12789474,-0.12789474,0.84733623,0.1421228,0.1421228,1.0,0.02131842,0.15,0.0,0.0,0.14921317,0.12789474,-23.951105,1.8641769,0.6213923,0.18400002,0.0,1.1812124,0.0,0.0
hardzero_only__c0p58__z1p00__lam0p000__nu0p50__psi0p00,0.15,borrow,38,797,0.0,25,-0.12789474,-0.10477559,-0.10477559,0.8121193,0.1541277,0.1541277,1.0,0.023119155,0.15,0.0,0.0,0.12789474,0.10477559,-24.862228,1.7866981,0.59556603,0.28800002,0.0,1.2138696,0.0,0.0
hardzero_only__c0p58__z1p00__lam0p000__nu0p50__psi0p00,0.15,borrow,38,798,0.0,25,-0.10477559,-0.08089384,-0.08089384,0.798025,0.15921171,0.15921171,1.0,0.023881758,0.15,0.0,0.0,0.10477559,0.08089384,-23.92262,1.7556901,0.58523005,0.28,0.0,1.2226533,0.0,0.0
hardzero_only__c0p58__z1p00__lam0p000__nu0p50__psi0p00,0.15,borrow,38,799,0.0,25,-0.08089384,-0.05657444,-0.05657444,0.7901385,0.1621293,0.1621293,1.0,0.024319395,0.15,0.0,0.0,0.08089384,0.05657444,-23.807762,1.7383394,0.5794465,0.24800001,0.0,1.2306305,0.0,0.0
hardzero_only__c0p58__z1p00__lam0p000__nu0p50__psi0p00,0.15,borrow,38,800,0.0,25,-0.05657444,-0.031672884,-0.031672884,0.7798647,0.16601038,0.16601038,1.0,0.024901558,0.15,0.0,0.0,0.05657444,0.031672884,-23.488558,1.7157366,0.5719122,0.28800002,0.0,1.2154564,0.0,0.0
hardzero_only__c0p58__z1p00__lam0p000__nu0p50__psi0p00,0.15,borrow,38,801,0.0,25,-0.031672884,-0.007890057,-0.007890057,0.7998278,0.15855217,0.15855217,1.0,0.023782827,0.15,0.0,0.0,0.031672884,0.007890057,-24.93698,1.7596563,0.58655214,0.216,0.0,1.253916,0.0,0.0
hardzero_only__c0p58__z1p00__lam0p000__nu0p50__psi0p00,0.15,borrow,38,802,1.0,26,-0.007890057,-0.5645939,-0.5645939,0.8088077,0.15530746,0.15530746,1.0,0.02329612,0.15,0.0,0.0,0.007890057,0.5645939,-24.56661,1.7794124,0.5931375,0.24800001,0.0,1.2466431,0.0,0.0
hardzero_only__c0p58__z1p00__lam0p000__nu0p50__psi0p00,0.15,borrow,38,803,0.0,26,-0.5645939,-0.5412691,-0.5412691,0.8082733,0.15549868,0.15549868,1.0,0.023324803,0.15,0.0,0.0,0.5645939,0.5412691,-24.325037,1.7782369,0.59274566,0.28,0.0,1.3192879,0.0,0.0
hardzero_only__c0p58__z1p00__lam0p000__nu0p50__psi0p00,0.15,borrow,38,804,0.0,26,-0.5412691,-0.51652056,-0.51652056,0.782541,0.16499053,0.16499053,1.0,0.02474858,0.15,0.0,0.0,0.5412691,0.51652056,-24.502928,1.7216245,0.57387483,0.28800002,0.008,1.3689137,0.0,0.0
hardzero_only__c0p58__z1p00__lam0p000__nu0p50__psi0p00,0.15,borrow,38,805,0.0,26,-0.51652056,-0.49263698,-0.49263698,0.7979918,0.15922387,0.15922387,1.0,0.023883581,0.15,0.0,0.0,0.51652056,0.49263698,-24.870985,1.755617,0.5852057,0.24000001,0.0,1.3766438,0.0,0.0
hardzero_only__c0p58__z1p00__lam0p000__nu0p50__psi0p00,0.15,borrow,38,806,0.0,26,-0.49263698,-0.46905476,-0.46905476,0.8035066,0.15721479,0.15721479,1.0,0.02358222,0.15,0.0,0.0,0.49263698,0.46905476,-24.094624,1.7677498,0.58924997,0.19,0.0,1.1368754,0.0,0.0
hardzero_only__c0p58__z1p00__lam0p000__nu0p50__psi0p00,0.15,borrow,38,807,0.0,26,-0.46905476,-0.44494092,-0.44494092,0.7938251,0.16075885,0.16075885,1.0,0.024113828,0.15,0.0,0.0,0.46905476,0.44494092,-23.88422,1.7464501,0.58215004,0.224,0.0,1.3508738,0.0,0.0
hardzero_only__c0p58__z1p00__lam0p000__nu0p50__psi0p00,0.15,borrow,38,808,0.0,26,-0.44494092,-0.4215222,-0.4215222,0.80652833,0.15612473,0.15612473,1.0,0.02341871,0.15,0.0,0.0,0.44494092,0.4215222,-24.859312,1.7743977,0.59146595,0.24000001,0.0,1.3370684,0.0,0.0
hardzero_only__c0p58__z1p00__lam0p000__nu0p50__psi0p00,0.15,borrow,38,809,0.0,26,-0.4215222,-0.39914605,-0.39914605,0.8263058,0.14917435,0.14917435,1.0,0.022376154,0.15,0.0,0.0,0.4215222,0.39914605,-24.95847,1.8179091,0.6059697,0.23200001,0.0,1.3568096,0.0,0.0
hardzero_only__c0p58__z1p00__lam0p000__nu0p50__psi0p00,0.15,borrow,38,810,0.0,26,-0.39914605,-0.3748131,-0.3748131,0.7898964,0.16221969,0.16221969,1.0,0.024332954,0.15,0.0,0.0,0.39914605,0.3748131,-24.247444,1.7378068,0.57926893,0.36,0.008,1.359823,0.0,0.0
hardzero_only__c0p58__z1p00__lam0p000__nu0p50__psi0p00,0.15,borrow,38,811,0.0,26,-0.3748131,-0.3527749,-0.3527749,0.83291465,0.14692149,0.14692149,1.0,0.022038223,0.15,0.0,0.0,0.3748131,0.3527749,-24.689432,1.8324488,0.6108163,0.272,0.0,1.3209729,0.0,0.0
hardzero_only__c0p58__z1p00__lam0p000__nu0p50__psi0p00,0.15,borrow,38,812,0.0,26,-0.3527749,-0.32666826,-0.32666826,0.75934047,0.17404418,0.17404418,1.0,0.026106628,0.15,0.0,0.0,0.3527749,0.32666826,-23.621107,1.6705824,0.5568608,0.256,0.0,1.3894192,0.0,0.0
hardzero_only__c0p58__z1p00__lam0p000__nu0p50__psi0p00,0.15,borrow,38,813,0.0,26,-0.32666826,-0.30187735,-0.30187735,0.7817989,0.1652727,0.1652727,1.0,0.024790905,0.15,0.0,0.0,0.32666826,0.30187735,-23.219234,1.7199919,0.57333064,0.296,0.0,1.3432947,0.0,0.0
hardzero_only__c0p58__z1p00__lam0p000__nu0p50__psi0p00,0.15,borrow,38,814,0.0,26,-0.30187735,-0.27670002,-0.27670002,0.7750814,0.16784894,0.16784894,1.0,0.025177343,0.15,0.0,0.0,0.30187735,0.27670002,-23.4364,1.7052131,0.5684044,0.264,0.0,1.3490434,0.0,0.0
hardzero_only__c0p58__z1p00__lam0p000__nu0p50__psi0p00,0.15,borrow,38,815,0.0,26,-0.27670002,-0.25099307,-0.25099307,0.76604056,0.17137972,0.17137972,1.0,0.025706958,0.15,0.0,0.0,0.27670002,0.25099307,-23.965115,1.6853229,0.5617743,0.296,0.008,1.3695408,0.0,0.0
hardzero_only__c0p58__z1p00__lam0p000__nu0p50__psi0p00,0.15,borrow,38,816,0.0,26,-0.25099307,-0.22546247,-0.22546247,0.7690301,0.17020406,0.17020406,1.0,0.02553061,0.15,0.0,0.0,0.25099307,0.22546247,-23.427742,1.6919,0.5639667,0.30400002,0.0,1.3502182,0.0,0.0
hardzero_only__c0p58__z1p00__lam0p000__nu0p50__psi0p00,0.15,borrow,38,817,0.0,26,-0.22546247,-0.20074525,-0.20074525,0.7830917,0.16478144,0.16478144,1.0,0.024717217,0.15,0.0,0.0,0.22546247,0.20074525,-24.257942,1.7228361,0.5742787,0.296,0.0,1.3592167,0.0,0.0
hardzero_only__c0p58__z1p00__lam0p000__nu0p50__psi0p00,0.15,borrow,38,818,0.0,26,-0.20074525,-0.17697053,-0.17697053,0.79997575,0.15849817,0.15849817,1.0,0.023774726,0.15,0.0,0.0,0.20074525,0.17697053,-24.168049,1.7599818,0.5866606,0.28,0.0,1.351687,0.0,0.0
hardzero_only__c0p58__z1p00__lam0p000__nu0p50__psi0p00,0.15,borrow,38,819,0.0,26,-0.17697053,-0.15157548,-0.15157548,0.7713422,0.16930033,0.16930033,1.0,0.02539505,0.15,0.0,0.0,0.17697053,0.15157548,-23.992039,1.6969868,0.56566226,0.31,0.0,1.1090759,0.0,0.0
hardzero_only__c0p58__z1p00__lam0p000__nu0p50__psi0p00,0.15,borrow,38,820,0.0,26,-0.15157548,-0.127631,-0.127631,0.7968858,0.1596299,0.1596299,1.0,0.023944486,0.15,0.0,0.0,0.15157548,0.127631,-24.444332,1.7531837,0.5843946,0.23200001,0.0,1.3251472,0.0,0.0
hardzero_only__c0p58__z1p00__lam0p000__nu0p50__psi0p00,0.15,borrow,38,821,0.0,26,-0.127631,-0.104527555,-0.104527555,0.81241465,0.15402292,0.15402292,1.0,0.023103438,0.15,0.0,0.0,0.127631,0.104527555,-24.39326,1.7873479,0.59578264,0.272,0.0,1.345163,0.0,0.0
hardzero_only__c0p58__z1p00__lam0p000__nu0p50__psi0p00,0.15,borrow,38,822,0.0,26,-0.104527555,-0.08186023,-0.08186023,0.82069105,0.15111548,0.15111548,1.0,0.022667322,0.15,0.0,0.0,0.104527555,0.08186023,-24.17497,1.8055564,0.6018522,0.216,0.0,1.3304596,0.0,0.0
hardzero_only__c0p58__z1p00__lam0p000__nu0p50__psi0p00,0.15,borrow,38,823,0.0,26,-0.08186023,-0.05781564,-0.05781564,0.795074,0.16029723,0.16029723,1.0,0.024044586,0.15,0.0,0.0,0.08186023,0.05781564,-23.986633,1.7491977,0.5830659,0.216,0.0,1.341369,0.0,0.0
hardzero_only__c0p58__z1p00__lam0p000__nu0p50__psi0p00,0.15,borrow,38,824,0.0,26,-0.05781564,-0.033035487,-0.033035487,0.7819873,0.16520102,0.16520102,1.0,0.024780154,0.15,0.0,0.0,0.05781564,0.033035487,-24.259195,1.7204064,0.5734688,0.296,0.0,1.3780091,0.0,0.0
hardzero_only__c0p58__z1p00__lam0p000__nu0p50__psi0p00,0.15,borrow,38,825,0.0,26,-0.033035487,-0.009829272,-0.009829272,0.8104869,0.1547081,0.1547081,1.0,0.023206215,0.15,0.0,0.0,0.033035487,0.009829272,-24.929802,1.7831068,0.59436893,0.328,0.008,1.3368876,0.0,0.0
hardzero_only__c0p58__z1p00__lam0p000__nu0p50__psi0p00,0.15,borrow,38,826,1.0,27,-0.009829272,-0.5655373,-0.5655373,0.7906282,0.1619466,0.1619466,1.0,0.02429199,0.15,0.0,0.0,0.009829272,0.5655373,-24.007057,1.7394167,0.5798056,0.256,0.0,1.347554,0.0,0.0
hardzero_only__c0p58__z1p00__lam0p000__nu0p50__psi0p00,0.15,borrow,38,827,0.0,27,-0.5655373,-0.538929,-0.538929,0.75107455,0.17738847,0.17738847,1.0,0.026608272,0.15,0.0,0.0,0.5655373,0.538929,-23.422306,1.652397,0.550799,0.24000001,0.0,1.5113505,0.0,0.0
hardzero_only__c0p58__z1p00__lam0p000__nu0p50__psi0p00,0.15,borrow,38,828,0.0,27,-0.538929,-0.51493335,-0.51493335,0.7959586,0.15997106,0.15997106,1.0,0.02399566,0.15,0.0,0.0,0.538929,0.51493335,-24.05968,1.7511438,0.5837146,0.28,0.0,1.456649,0.0,0.0
hardzero_only__c0p58__z1p00__lam0p000__nu0p50__psi0p00,0.15,borrow,38,829,0.0,27,-0.51493335,-0.4895265,-0.4895265,0.77114046,0.169379,0.169379,1.0,0.02540685,0.15,0.0,0.0,0.51493335,0.4895265,-24.027575,1.6965429,0.5655143,0.256,0.0,1.4952677,0.0,0.0
hardzero_only__c0p58__z1p00__lam0p000__nu0p50__psi0p00,0.15,borrow,38,830,0.0,27,-0.4895265,-0.46407595,-0.46407595,0.77039415,0.1696703,0.1696703,1.0,0.025450546,0.15,0.0,0.0,0.4895265,0.46407595,-24.317955,1.694901,0.56496704,0.33600003,0.0,1.4693972,0.0,0.0
hardzero_only__c0p58__z1p00__lam0p000__nu0p50__psi0p00,0.15,borrow,38,831,0.0,27,-0.46407595,-0.4398066,-0.4398066,0.79103327,0.16179562,0.16179562,1.0,0.024269344,0.15,0.0,0.0,0.46407595,0.4398066,-24.10984,1.7403079,0.5801027,0.24000001,0.0,1.4891019,0.0,0.0
hardzero_only__c0p58__z1p00__lam0p000__nu0p50__psi0p00,0.15,borrow,38,832,0.0,27,-0.4398066,-0.41324452,-0.41324452,0.75182897,0.17708063,0.17708063,1.0,0.026562097,0.15,0.0,0.0,0.4398066,0.41324452,-23.563984,1.6540568,0.55135226,0.35,0.0,1.2094433,0.0,0.0
hardzero_only__c0p58__z1p00__lam0p000__nu0p50__psi0p00,0.15,borrow,38,833,0.0,27,-0.41324452,-0.38838136,-0.38838136,0.7805353,0.16575426,0.16575426,1.0,0.02486314,0.15,0.0,0.0,0.41324452,0.38838136,-24.711912,1.7172118,0.57240397,0.296,0.0,1.522143,0.0,0.0
hardzero_only__c0p58__z1p00__lam0p000__nu0p50__psi0p00,0.15,borrow,38,834,0.0,27,-0.38838136,-0.3645959,-0.3645959,0.79977965,0.15856975,0.15856975,1.0,0.023785464,0.15,0.0,0.0,0.38838136,0.3645959,-24.159592,1.7595503,0.5865168,0.23200001,0.0,1.494222,0.0,0.0
hardzero_only__c0p58__z1p00__lam0p000__nu0p50__psi0p00,0.15,borrow,38,835,0.0,27,-0.3645959,-0.33883375,-0.33883375,0.7651093,0.17174761,0.17174761,1.0,0.025762143,0.15,0.0,0.0,0.3645959,0.33883375,-23.585495,1.683274,0.56109136,0.296,0.0,1.505172,0.0,0.0
hardzero_only__c0p58__z1p00__lam0p000__nu0p50__psi0p00,0.15,borrow,38,836,0.0,27,-0.33883375,-0.31452352,-0.31452352,0.7903024,0.16206813,0.16206813,1.0,0.02431022,0.15,0.0,0.0,0.33883375,0.31452352,-23.822182,1.7387,0.5795667,0.15200001,0.0,1.4571213,0.0,0.0
hardzero_only__c0p58__z1p00__lam0p000__nu0p50__psi0p00,0.15,borrow,38,837,0.0,27,-0.31452352,-0.2891158,-0.2891158,0.77112526,0.1693849,0.1693849,1.0,0.025407735,0.15,0.0,0.0,0.31452352,0.2891158,-23.457773,1.6965095,0.5655032,0.296,0.008,1.4957272,0.0,0.0
hardzero_only__c0p58__z1p00__lam0p000__nu0p50__psi0p00,0.15,borrow,38,838,0.0,27,-0.2891158,-0.26561534,-0.26561534,0.8050154,0.15666954,0.15666954,1.0,0.023500433,0.15,0.0,0.0,0.2891158,0.26561534,-25.154585,1.7710692,0.5903564,0.24800001,0.0,1.5245992,0.0,0.0
hardzero_only__c0p58__z1p00__lam0p000__nu0p50__psi0p00,0.15,borrow,38,839,0.0,27,-0.26561534,-0.23920159,-0.23920159,0.7542612,0.17609167,0.17609167,1.0,0.026413752,0.15,0.0,0.0,0.26561534,0.23920159,-23.458443,1.6594077,0.55313593,0.35200003,0.0,1.5165696,0.0,0.0
hardzero_only__c0p58__z1p00__lam0p000__nu0p50__psi0p00,0.15,borrow,38,840,0.0,27,-0.23920159,-0.214242,-0.214242,0.77885365,0.16639732,0.16639732,1.0,0.0249596,0.15,0.0,0.0,0.23920159,0.214242,-24.236908,1.7135123,0.5711708,0.344,0.0,1.5021507,0.0,0.0
hardzero_only__c0p58__z1p00__lam0p000__nu0p50__psi0p00,0.15,borrow,38,841,0.0,27,-0.214242,-0.19176765,-0.19176765,0.8244041,0.14982899,0.14982899,1.0,0.022474349,0.15,0.0,0.0,0.214242,0.19176765,-24.21002,1.8137252,0.6045751,0.28,0.0,1.4630158,0.0,0.0
hardzero_only__c0p58__z1p00__lam0p000__nu0p50__psi0p00,0.15,borrow,38,842,0.0,27,-0.19176765,-0.16918334,-0.16918334,0.8222845,0.15056205,0.15056205,1.0,0.022584308,0.15,0.0,0.0,0.19176765,0.16918334,-24.572742,1.809062,0.60302067,0.208,0.0,1.4578748,0.0,0.0
hardzero_only__c0p58__z1p00__lam0p000__nu0p50__psi0p00,0.15,borrow,38,843,0.0,27,-0.16918334,-0.14399713,-0.14399713,0.77492833,0.1679081,0.1679081,1.0,0.025186216,0.15,0.0,0.0,0.16918334,0.14399713,-23.174158,1.7048764,0.56829214,0.312,0.0,1.4631301,0.0,0.0
hardzero_only__c0p58__z1p00__lam0p000__nu0p50__psi0p00,0.15,borrow,38,844,0.0,27,-0.14399713,-0.120890126,-0.120890126,0.8123476,0.1540467,0.1540467,1.0,0.023107005,0.15,0.0,0.0,0.14399713,0.120890126,-23.794,1.7872003,0.59573346,0.24000001,0.0,1.4777478,0.0,0.0
hardzero_only__c0p58__z1p00__lam0p000__nu0p50__psi0p00,0.15,borrow,38,845,0.0,27,-0.120890126,-0.09671139,-0.09671139,0.7926577,0.16119157,0.16119157,1.0,0.024178736,0.15,0.0,0.0,0.120890126,0.09671139,-23.860281,1.7438817,0.58129394,0.24,0.0,1.2221743,0.0,0.0
hardzero_only__c0p58__z1p00__lam0p000__nu0p50__psi0p00,0.15,borrow,38,846,0.0,27,-0.09671139,-0.072976395,-0.072976395,0.8007021,0.1582333,0.1582333,1.0,0.023734996,0.15,0.0,0.0,0.09671139,0.072976395,-24.762657,1.7615798,0.58719325,0.28,0.0,1.5156658,0.0,0.0
hardzero_only__c0p58__z1p00__lam0p000__nu0p50__psi0p00,0.15,borrow,38,847,0.0,27,-0.072976395,-0.04929751,-0.04929751,0.8017301,0.1578592,0.1578592,1.0,0.023678882,0.15,0.0,0.0,0.072976395,0.04929751,-24.495373,1.7638414,0.58794713,0.224,0.0,1.497572,0.0,0.0
hardzero_only__c0p58__z1p00__lam0p000__nu0p50__psi0p00,0.15,borrow,38,848,0.0,27,-0.04929751,-0.025303256,-0.025303256,0.79598397,0.1599617,0.1599617,1.0,0.023994256,0.15,0.0,0.0,0.04929751,0.025303256,-24.399551,1.7511997,0.58373326,0.296,0.008,1.5013256,0.0,0.0
hardzero_only__c0p58__z1p00__lam0p000__nu0p50__psi0p00,0.15,borrow,38,849,0.0,27,-0.025303256,-0.00061170943,-0.00061170943,0.783543,0.1646103,0.1646103,1.0,0.024691546,0.15,0.0,0.0,0.025303256,0.00061170943,-24.303446,1.723829,0.5746097,0.272,0.0,1.4759958,0.0,0.0
hardzero_only__c0p58__z1p00__lam0p000__nu0p50__psi0p00,0.15,borrow,38,850,1.0,28,-0.00061170943,-0.5569308,-0.5569308,0.8016924,0.1578729,0.1578729,1.0,0.023680937,0.15,0.0,0.0,0.00061170943,0.5569308,-24.48749,1.7637585,0.58791953,0.264,0.0,1.4909524,0.0,0.0
hardzero_only__c0p58__z1p00__lam0p000__nu0p50__psi0p00,0.15,borrow,38,851,0.0,28,-0.5569308,-0.5333297,-0.5333297,0.80316037,0.15734018,0.15734018,1.0,0.023601029,0.15,0.0,0.0,0.5569308,0.5333297,-24.362654,1.7669882,0.58899605,0.24000001,0.0,1.6231613,0.0,0.0
hardzero_only__c0p58__z1p00__lam0p000__nu0p50__psi0p00,0.15,borrow,38,852,0.0,28,-0.5333297,-0.5088526,-0.5088526,0.7873313,0.16318066,0.16318066,1.0,0.0244771,0.15,0.0,0.0,0.5333297,0.5088526,-23.31224,1.7321634,0.5773878,0.28800002,0.0,1.5892048,0.0,0.0
hardzero_only__c0p58__z1p00__lam0p000__nu0p50__psi0p00,0.15,borrow,38,853,0.0,28,-0.5088526,-0.4833878,-0.4833878,0.7701508,0.16976541,0.16976541,1.0,0.025464812,0.15,0.0,0.0,0.5088526,0.4833878,-23.6839,1.6943655,0.5647885,0.28800002,0.0,1.6338471,0.0,0.0
hardzero_only__c0p58__z1p00__lam0p000__nu0p50__psi0p00,0.15,borrow,38,854,0.0,28,-0.4833878,-0.45968184,-0.45968184,0.8012337,0.15803973,0.15803973,1.0,0.023705961,0.15,0.0,0.0,0.4833878,0.45968184,-23.99616,1.7627493,0.5875831,0.264,0.0,1.631265,0.0,0.0
hardzero_only__c0p58__z1p00__lam0p000__nu0p50__psi0p00,0.15,borrow,38,855,0.0,28,-0.45968184,-0.43242776,-0.43242776,0.7406598,0.18169385,0.18169385,1.0,0.027254079,0.15,0.0,0.0,0.45968184,0.43242776,-23.135096,1.629484,0.5431614,0.296,0.0,1.6647148,0.0,0.0
hardzero_only__c0p58__z1p00__lam0p000__nu0p50__psi0p00,0.15,borrow,38,856,0.0,28,-0.43242776,-0.40681705,-0.40681705,0.7676695,0.17073812,0.17073812,1.0,0.025610719,0.15,0.0,0.0,0.43242776,0.40681705,-23.80019,1.6889067,0.5629689,0.208,0.0,1.6716893,0.0,0.0
hardzero_only__c0p58__z1p00__lam0p000__nu0p50__psi0p00,0.15,borrow,38,857,0.0,28,-0.40681705,-0.37991086,-0.37991086,0.74623907,0.17937459,0.17937459,1.0,0.02690619,0.15,0.0,0.0,0.40681705,0.37991086,-23.035513,1.6417587,0.5472529,0.36,0.0,1.6501492,0.0,0.0
hardzero_only__c0p58__z1p00__lam0p000__nu0p50__psi0p00,0.15,borrow,38,858,0.0,28,-0.37991086,-0.35514963,-0.35514963,0.7823189,0.16507491,0.16507491,1.0,0.024761239,0.15,0.0,0.0,0.37991086,0.35514963,-24.200863,1.721136,0.573712,0.24,0.0,1.316583,0.0,0.0
hardzero_only__c0p58__z1p00__lam0p000__nu0p50__psi0p00,0.15,borrow,38,859,0.0,28,-0.35514963,-0.32952398,-0.32952398,0.7674165,0.17083763,0.17083763,1.0,0.025625644,0.15,0.0,0.0,0.35514963,0.32952398,-23.555044,1.68835,0.56278336,0.296,0.0,1.6491535,0.0,0.0
hardzero_only__c0p58__z1p00__lam0p000__nu0p50__psi0p00,0.15,borrow,38,860,0.0,28,-0.32952398,-0.3044693,-0.3044693,0.77720195,0.16703138,0.16703138,1.0,0.025054708,0.15,0.0,0.0,0.32952398,0.3044693,-23.06991,1.7098784,0.5699595,0.24000001,0.0,1.6093687,0.0,0.0
hardzero_only__c0p58__z1p00__lam0p000__nu0p50__psi0p00,0.15,borrow,38,861,0.0,28,-0.3044693,-0.27925244,-0.27925244,0.7744003,0.16811238,0.16811238,1.0,0.025216859,0.15,0.0,0.0,0.3044693,0.27925244,-23.892853,1.7037146,0.5679049,0.24000001,0.0,1.6586088,0.0,0.0
hardzero_only__c0p58__z1p00__lam0p000__nu0p50__psi0p00,0.15,borrow,38,862,0.0,28,-0.27925244,-0.2532851,-0.2532851,0.7616637,0.17311563,0.17311563,1.0,0.025967345,0.15,0.0,0.0,0.27925244,0.2532851,-23.861639,1.6756935,0.55856454,0.35200003,0.0,1.677369,0.0,0.0
hardzero_only__c0p58__z1p00__lam0p000__nu0p50__psi0p00,0.15,borrow,38,863,0.0,28,-0.2532851,-0.22752222,-0.22752222,0.76509684,0.17175253,0.17175253,1.0,0.02576288,0.15,0.0,0.0,0.2532851,0.22752222,-24.729412,1.6832466,0.56108224,0.28800002,0.0,1.6536583,0.0,0.0
hardzero_only__c0p58__z1p00__lam0p000__nu0p50__psi0p00,0.15,borrow,38,864,0.0,28,-0.22752222,-0.20204756,-0.20204756,0.7699827,0.16983114,0.16983114,1.0,0.025474673,0.15,0.0,0.0,0.22752222,0.20204756,-24.703169,1.6939957,0.56466526,0.24800001,0.008,1.6264523,0.0,0.0
hardzero_only__c0p58__z1p00__lam0p000__nu0p50__psi0p00,0.15,borrow,38,865,0.0,28,-0.20204756,-0.17732412,-0.17732412,0.78298247,0.16482289,0.16482289,1.0,0.024723435,0.15,0.0,0.0,0.20204756,0.17732412,-23.276165,1.7225958,0.5741986,0.30400002,0.0,1.6178539,0.0,0.0
hardzero_only__c0p58__z1p00__lam0p000__nu0p50__psi0p00,0.15,borrow,38,866,0.0,28,-0.17732412,-0.15153137,-0.15153137,0.7645937,0.17195162,0.17195162,1.0,0.025792744,0.15,0.0,0.0,0.17732412,0.15153137,-23.024923,1.6821398,0.5607133,0.33600003,0.008,1.6540124,0.0,0.0
hardzero_only__c0p58__z1p00__lam0p000__nu0p50__psi0p00,0.15,borrow,38,867,0.0,28,-0.15153137,-0.12736773,-0.12736773,0.7929291,0.16109085,0.16109085,1.0,0.024163628,0.15,0.0,0.0,0.15153137,0.12736773,-23.497906,1.7444788,0.58149296,0.28,0.0,1.6301479,0.0,0.0
hardzero_only__c0p58__z1p00__lam0p000__nu0p50__psi0p00,0.15,borrow,38,868,0.0,28,-0.12736773,-0.10078828,-0.10078828,0.7515452,0.17719635,0.17719635,1.0,0.026579455,0.15,0.0,0.0,0.12736773,0.10078828,-23.529732,1.6534324,0.5511441,0.28800002,0.0,1.6390401,0.0,0.0
hardzero_only__c0p58__z1p00__lam0p000__nu0p50__psi0p00,0.15,borrow,38,869,0.0,28,-0.10078828,-0.07482508,-0.07482508,0.761733,0.17308803,0.17308803,1.0,0.025963206,0.15,0.0,0.0,0.10078828,0.07482508,-23.361204,1.6758461,0.5586154,0.23200001,0.0,1.6535518,0.0,0.0
hardzero_only__c0p58__z1p00__lam0p000__nu0p50__psi0p00,0.15,borrow,38,870,0.0,28,-0.07482508,-0.049354292,-0.049354292,0.7700489,0.16980523,0.16980523,1.0,0.025470786,0.15,0.0,0.0,0.07482508,0.049354292,-24.412645,1.6941415,0.56471384,0.28800002,0.0,1.6425395,0.0,0.0
hardzero_only__c0p58__z1p00__lam0p000__nu0p50__psi0p00,0.15,borrow,38,871,0.0,28,-0.049354292,-0.020587878,-0.020587878,0.7172056,0.19177608,0.19177608,1.0,0.028766414,0.15,0.0,0.0,0.049354292,0.020587878,-23.180729,1.5778838,0.5259613,0.29,0.0,1.3791744,0.0,0.0
hardzero_only__c0p58__z1p00__lam0p000__nu0p50__psi0p00,0.15,borrow,38,872,0.0,28,-0.020587878,0.0040750727,0.0040750727,0.78404623,0.16441967,0.16441967,1.0,0.024662951,0.15,0.0,0.0,0.020587878,0.0,-25.004286,1.7249361,0.5749787,0.208,0.0,1.6396289,0.0,0.0
hardzero_only__c0p58__z1p00__lam0p000__nu0p50__psi0p00,0.15,borrow,38,873,1.0,29,0.0040750727,-0.5514018,-0.5514018,0.7865154,0.16348751,0.16348751,1.0,0.024523128,0.15,0.0,0.0,0.0,0.5514018,-23.428667,1.7303685,0.5767895,0.17600001,0.0,1.6488917,0.0,0.0
hardzero_only__c0p58__z1p00__lam0p000__nu0p50__psi0p00,0.15,borrow,38,874,0.0,29,-0.5514018,-0.5262395,-0.5262395,0.7753412,0.16774854,0.16774854,1.0,0.025162281,0.15,0.0,0.0,0.5514018,0.5262395,-24.32216,1.7057847,0.56859493,0.208,0.0,1.7812229,0.0,0.0
hardzero_only__c0p58__z1p00__lam0p000__nu0p50__psi0p00,0.15,borrow,38,875,0.0,29,-0.5262395,-0.5013872,-0.5013872,0.7807244,0.16568208,0.16568208,1.0,0.024852313,0.15,0.0,0.0,0.5262395,0.5013872,-23.848524,1.717628,0.57254267,0.30400002,0.0,1.7958643,0.0,0.0
hardzero_only__c0p58__z1p00__lam0p000__nu0p50__psi0p00,0.15,borrow,38,876,0.0,29,-0.5013872,-0.47580886,-0.47580886,0.76821935,0.17052208,0.17052208,1.0,0.025578313,0.15,0.0,0.0,0.5013872,0.47580886,-24.44209,1.6901163,0.56337214,0.28,0.0,1.8186271,0.0,0.0
hardzero_only__c0p58__z1p00__lam0p000__nu0p50__psi0p00,0.15,borrow,38,877,0.0,29,-0.47580886,-0.44923058,-0.44923058,0.7515644,0.17718853,0.17718853,1.0,0.026578281,0.15,0.0,0.0,0.47580886,0.44923058,-23.37225,1.6534747,0.55115825,0.28,0.0,1.8368372,0.0,0.0
hardzero_only__c0p58__z1p00__lam0p000__nu0p50__psi0p00,0.15,borrow,38,878,0.0,29,-0.44923058,-0.42519453,-0.42519453,0.79522806,0.16024037,0.16024037,1.0,0.024036055,0.15,0.0,0.0,0.44923058,0.42519453,-24.151873,1.7495366,0.5831789,0.208,0.0,1.786825,0.0,0.0
hardzero_only__c0p58__z1p00__lam0p000__nu0p50__psi0p00,0.15,borrow,38,879,0.0,29,-0.42519453,-0.39949006,-0.39949006,0.7660823,0.17136325,0.17136325,1.0,0.025704488,0.15,0.0,0.0,0.42519453,0.39949006,-23.983278,1.6854147,0.5618049,0.28,0.0,1.8077391,0.0,0.0
hardzero_only__c0p58__z1p00__lam0p000__nu0p50__psi0p00,0.15,borrow,38,880,0.0,29,-0.39949006,-0.37429845,-0.37429845,0.7748354,0.16794404,0.16794404,1.0,0.025191607,0.15,0.0,0.0,0.39949006,0.37429845,-23.548235,1.704672,0.568224,0.256,0.0,1.7669611,0.0,0.0
hardzero_only__c0p58__z1p00__lam0p000__nu0p50__psi0p00,0.15,borrow,38,881,0.0,29,-0.37429845,-0.34591788,-0.34591788,0.7230699,0.1892039,0.1892039,1.0,0.028380586,0.15,0.0,0.0,0.37429845,0.34591788,-21.563236,1.5907855,0.5302619,0.40800002,0.0,1.7980928,0.0,0.0
hardzero_only__c0p58__z1p00__lam0p000__nu0p50__psi0p00,0.15,borrow,38,882,0.0,29,-0.34591788,-0.32213777,-0.32213777,0.7998773,0.15853411,0.15853411,1.0,0.023780117,0.15,0.0,0.0,0.34591788,0.32213777,-24.624687,1.7597651,0.5865884,0.24800001,0.008,1.8197594,0.0,0.0
hardzero_only__c0p58__z1p00__lam0p000__nu0p50__psi0p00,0.15,borrow,38,883,0.0,29,-0.32213777,-0.29809627,-0.29809627,0.79512954,0.16027673,0.16027673,1.0,0.02404151,0.15,0.0,0.0,0.32213777,0.29809627,-24.269112,1.7493199,0.58310664,0.30400002,0.0,1.7660064,0.0,0.0
hardzero_only__c0p58__z1p00__lam0p000__nu0p50__psi0p00,0.15,borrow,38,884,0.0,29,-0.29809627,-0.2752485,-0.2752485,0.8172476,0.15231839,0.15231839,1.0,0.022847759,0.15,0.0,0.0,0.29809627,0.2752485,-25.038767,1.7979807,0.5993269,0.26,0.0,1.5077503,0.0,0.0
hardzero_only__c0p58__z1p00__lam0p000__nu0p50__psi0p00,0.15,borrow,38,885,0.0,29,-0.2752485,-0.2501996,-0.2501996,0.77730227,0.1669928,0.1669928,1.0,0.02504892,0.15,0.0,0.0,0.2752485,0.2501996,-23.89633,1.7100991,0.5700331,0.30400002,0.0,1.8217928,0.0,0.0
hardzero_only__c0p58__z1p00__lam0p000__nu0p50__psi0p00,0.15,borrow,38,886,0.0,29,-0.2501996,-0.22641727,-0.22641727,0.7998373,0.15854871,0.15854871,1.0,0.023782307,0.15,0.0,0.0,0.2501996,0.22641727,-24.018618,1.7596772,0.58655906,0.312,0.0,1.7768795,0.0,0.0
hardzero_only__c0p58__z1p00__lam0p000__nu0p50__psi0p00,0.15,borrow,38,887,0.0,29,-0.22641727,-0.2016943,-0.2016943,0.78299046,0.16481985,0.16481985,1.0,0.024722978,0.15,0.0,0.0,0.22641727,0.2016943,-23.828318,1.7226135,0.5742045,0.30400002,0.0,1.8177043,0.0,0.0
hardzero_only__c0p58__z1p00__lam0p000__nu0p50__psi0p00,0.15,borrow,38,888,0.0,29,-0.2016943,-0.17779683,-0.17779683,0.79773945,0.15931642,0.15931642,1.0,0.023897463,0.15,0.0,0.0,0.2016943,0.17779683,-24.559988,1.7550619,0.58502066,0.272,0.0,1.7934552,0.0,0.0
hardzero_only__c0p58__z1p00__lam0p000__nu0p50__psi0p00,0.15,borrow,38,889,0.0,29,-0.17779683,-0.1513325,-0.1513325,0.75343025,0.1764289,0.1764289,1.0,0.026464336,0.15,0.0,0.0,0.17779683,0.1513325,-23.728632,1.6575797,0.5525266,0.344,0.008,1.797249,0.0,0.0
hardzero_only__c0p58__z1p00__lam0p000__nu0p50__psi0p00,0.15,borrow,38,890,0.0,29,-0.1513325,-0.12642607,-0.12642607,0.7797799,0.16604282,0.16604282,1.0,0.024906425,0.15,0.0,0.0,0.1513325,0.12642607,-23.678389,1.7155501,0.57185006,0.28800002,0.0,1.8079029,0.0,0.0
hardzero_only__c0p58__z1p00__lam0p000__nu0p50__psi0p00,0.15,borrow,38,891,0.0,29,-0.12642607,-0.101496585,-0.101496585,0.779378,0.16619655,0.16619655,1.0,0.024929484,0.15,0.0,0.0,0.12642607,0.101496585,-24.171692,1.7146658,0.57155526,0.24800001,0.008,1.8383573,0.0,0.0
hardzero_only__c0p58__z1p00__lam0p000__nu0p50__psi0p00,0.15,borrow,38,892,0.0,29,-0.101496585,-0.07492389,-0.07492389,0.7516556,0.17715132,0.17715132,1.0,0.026572699,0.15,0.0,0.0,0.101496585,0.07492389,-24.207079,1.6536753,0.5512251,0.28,0.0,1.8351555,0.0,0.0
hardzero_only__c0p58__z1p00__lam0p000__nu0p50__psi0p00,0.15,borrow,38,893,0.0,29,-0.07492389,-0.048539907,-0.048539907,0.7547509,0.17589322,0.17589322,1.0,0.026383983,0.15,0.0,0.0,0.07492389,0.048539907,-23.798811,1.6604851,0.55349505,0.28,0.0,1.8267119,0.0,0.0
hardzero_only__c0p58__z1p00__lam0p000__nu0p50__psi0p00,0.15,borrow,38,894,0.0,29,-0.048539907,-0.022956656,-0.022956656,0.76813555,0.170555,0.170555,1.0,0.02558325,0.15,0.0,0.0,0.048539907,0.022956656,-23.61899,1.689932,0.5633107,0.224,0.0,1.7833838,0.0,0.0
hardzero_only__c0p58__z1p00__lam0p000__nu0p50__psi0p00,0.15,borrow,38,895,0.0,29,-0.022956656,0.0023468174,0.0023468174,0.77291113,0.16868982,0.16868982,1.0,0.025303474,0.15,0.0,0.0,0.022956656,0.0,-23.444027,1.7004385,0.5668129,0.296,0.0,1.7837628,0.0,0.0
hardzero_only__c0p58__z1p00__lam0p000__nu0p50__psi0p00,0.15,borrow,38,896,1.0,30,0.0023468174,-0.55003434,-0.55003434,0.73488635,0.18412536,0.18412536,1.0,0.027618805,0.15,0.0,0.0,0.0,0.55003434,-23.364439,1.6167823,0.53892744,0.36800003,0.0,1.8512899,0.0,0.0
hardzero_only__c0p58__z1p00__lam0p000__nu0p50__psi0p00,0.15,borrow,38,897,0.0,30,-0.55003434,-0.524732,-0.524732,0.7729301,0.16868246,0.16868246,1.0,0.02530237,0.15,0.0,0.0,0.55003434,0.524732,-23.399399,1.7004801,0.5668267,0.29999998,0.0,1.5791299,0.0,0.0
hardzero_only__c0p58__z1p00__lam0p000__nu0p50__psi0p00,0.15,borrow,38,898,0.0,30,-0.524732,-0.5000825,-0.5000825,0.7842827,0.16433017,0.16433017,1.0,0.024649527,0.15,0.0,0.0,0.524732,0.5000825,-23.7243,1.7254564,0.57515216,0.224,0.0,1.9695439,0.0,0.0
hardzero_only__c0p58__z1p00__lam0p000__nu0p50__psi0p00,0.15,borrow,38,899,0.0,30,-0.5000825,-0.47375658,-0.47375658,0.755708,0.17550603,0.17550603,1.0,0.026325906,0.15,0.0,0.0,0.5000825,0.47375658,-23.04482,1.6625907,0.55419695,0.328,0.008,1.943735,0.0,0.0
hardzero_only__c0p58__z1p00__lam0p000__nu0p50__psi0p00,0.15,borrow,38,900,0.0,30,-0.47375658,-0.4517548,-0.4517548,0.83363336,0.14667855,0.14667855,1.0,0.022001784,0.15,0.0,0.0,0.47375658,0.4517548,-24.146595,1.83403,0.6113434,0.208,0.0,1.8991541,0.0,0.0
hardzero_only__c0p58__z1p00__lam0p000__nu0p50__psi0p00,0.15,borrow,38,901,0.0,30,-0.4517548,-0.4252961,-0.4252961,0.7535224,0.17639147,0.17639147,1.0,0.026458722,0.15,0.0,0.0,0.4517548,0.4252961,-24.015959,1.6577824,0.5525942,0.30400002,0.0,1.9562342,0.0,0.0
hardzero_only__c0p58__z1p00__lam0p000__nu0p50__psi0p00,0.15,borrow,38,902,0.0,30,-0.4252961,-0.40086034,-0.40086034,0.7880654,0.16290508,0.16290508,1.0,0.024435764,0.15,0.0,0.0,0.4252961,0.40086034,-24.335981,1.7337785,0.57792616,0.30400002,0.0,1.9577991,0.0,0.0
hardzero_only__c0p58__z1p00__lam0p000__nu0p50__psi0p00,0.15,borrow,38,903,0.0,30,-0.40086034,-0.3741359,-0.3741359,0.74918294,0.17816281,0.17816281,1.0,0.026724422,0.15,0.0,0.0,0.40086034,0.3741359,-23.06982,1.6482354,0.54941183,0.28800002,0.0,1.9698592,0.0,0.0
hardzero_only__c0p58__z1p00__lam0p000__nu0p50__psi0p00,0.15,borrow,38,904,0.0,30,-0.3741359,-0.34805688,-0.34805688,0.7598001,0.1738601,0.1738601,1.0,0.026079016,0.15,0.0,0.0,0.3741359,0.34805688,-23.53952,1.6715935,0.55719787,0.24800001,0.0,1.9662489,0.0,0.0
hardzero_only__c0p58__z1p00__lam0p000__nu0p50__psi0p00,0.15,borrow,38,905,0.0,30,-0.34805688,-0.32334772,-0.32334772,0.78323346,0.16472767,0.16472767,1.0,0.024709152,0.15,0.0,0.0,0.34805688,0.32334772,-24.252827,1.723148,0.57438266,0.256,0.0,1.9554615,0.0,0.0
hardzero_only__c0p58__z1p00__lam0p000__nu0p50__psi0p00,0.15,borrow,38,906,0.0,30,-0.32334772,-0.29828936,-0.29828936,0.7771385,0.16705577,0.16705577,1.0,0.025058366,0.15,0.0,0.0,0.32334772,0.29828936,-23.700584,1.7097387,0.5699129,0.272,0.0,1.9401377,0.0,0.0
hardzero_only__c0p58__z1p00__lam0p000__nu0p50__psi0p00,0.15,borrow,38,907,0.0,30,-0.29828936,-0.2732725,-0.2732725,0.77785885,0.16677892,0.16677892,1.0,0.025016839,0.15,0.0,0.0,0.29828936,0.2732725,-23.126085,1.7113236,0.57044125,0.312,0.0,1.9302576,0.0,0.0
hardzero_only__c0p58__z1p00__lam0p000__nu0p50__psi0p00,0.15,borrow,38,908,0.0,30,-0.2732725,-0.24912639,-0.24912639,0.7932439,0.16097413,0.16097413,1.0,0.024146121,0.15,0.0,0.0,0.2732725,0.24912639,-24.450254,1.7451714,0.5817238,0.32000002,0.0,1.9534475,0.0,0.0
hardzero_only__c0p58__z1p00__lam0p000__nu0p50__psi0p00,0.15,borrow,38,909,0.0,30,-0.24912639,-0.22260486,-0.22260486,0.75249267,0.17681019,0.17681019,1.0,0.02652153,0.15,0.0,0.0,0.24912639,0.22260486,-23.263615,1.655517,0.551839,0.296,0.008,1.9503919,0.0,0.0
hardzero_only__c0p58__z1p00__lam0p000__nu0p50__psi0p00,0.15,borrow,38,910,0.0,30,-0.22260486,-0.197312,-0.197312,0.7730934,0.16861904,0.16861904,1.0,0.025292857,0.15,0.0,0.0,0.22260486,0.197312,-23.560522,1.7008394,0.5669465,0.26,0.0,1.6086348,0.0,0.0
hardzero_only__c0p58__z1p00__lam0p000__nu0p50__psi0p00,0.15,borrow,38,911,0.0,30,-0.197312,-0.17284241,-0.17284241,0.7874647,0.16313057,0.16313057,1.0,0.024469586,0.15,0.0,0.0,0.197312,0.17284241,-24.391764,1.7324569,0.5774857,0.30400002,0.0,1.9450582,0.0,0.0
hardzero_only__c0p58__z1p00__lam0p000__nu0p50__psi0p00,0.15,borrow,38,912,0.0,30,-0.17284241,-0.14817241,-0.14817241,0.7839219,0.16446674,0.16446674,1.0,0.024670012,0.15,0.0,0.0,0.17284241,0.14817241,-23.747078,1.7246627,0.5748876,0.24800001,0.0,1.9483219,0.0,0.0
hardzero_only__c0p58__z1p00__lam0p000__nu0p50__psi0p00,0.15,borrow,38,913,0.0,30,-0.14817241,-0.123122,-0.123122,0.77727646,0.16700272,0.16700272,1.0,0.02505041,0.15,0.0,0.0,0.14817241,0.123122,-23.736975,1.7100424,0.5700141,0.296,0.008,1.9479539,0.0,0.0
hardzero_only__c0p58__z1p00__lam0p000__nu0p50__psi0p00,0.15,borrow,38,914,0.0,30,-0.123122,-0.09628522,-0.09628522,0.7473608,0.17891188,0.17891188,1.0,0.026836783,0.15,0.0,0.0,0.123122,0.09628522,-23.737583,1.6442267,0.54807556,0.296,0.0,1.9627051,0.0,0.0
hardzero_only__c0p58__z1p00__lam0p000__nu0p50__psi0p00,0.15,borrow,38,915,0.0,30,-0.09628522,-0.07186587,-0.07186587,0.78835726,0.16279562,0.16279562,1.0,0.024419343,0.15,0.0,0.0,0.09628522,0.07186587,-23.695784,1.7344205,0.5781402,0.23200001,0.008,1.948961,0.0,0.0
hardzero_only__c0p58__z1p00__lam0p000__nu0p50__psi0p00,0.15,borrow,38,916,0.0,30,-0.07186587,-0.043142863,-0.043142863,0.71786135,0.1914867,0.1914867,1.0,0.028723007,0.15,0.0,0.0,0.07186587,0.043142863,-22.646898,1.5793265,0.52644217,0.344,0.008,1.9592088,0.0,0.0
hardzero_only__c0p58__z1p00__lam0p000__nu0p50__psi0p00,0.15,borrow,38,917,0.0,30,-0.043142863,-0.017503927,-0.017503927,0.7671913,0.17092623,0.17092623,1.0,0.025638936,0.15,0.0,0.0,0.043142863,0.017503927,-24.460766,1.6878545,0.5626182,0.24000001,0.0,1.9645504,0.0,0.0
hardzero_only__c0p58__z1p00__lam0p000__nu0p50__psi0p00,0.15,borrow,38,918,1.0,31,-0.017503927,-0.57298386,-0.57298386,0.78656965,0.16346708,0.16346708,1.0,0.024520064,0.15,0.0,0.0,0.017503927,0.57298386,-24.447424,1.7304878,0.5768293,0.24000001,0.0,1.9582858,0.0,0.0
hardzero_only__c0p58__z1p00__lam0p000__nu0p50__psi0p00,0.15,borrow,38,919,0.0,31,-0.57298386,-0.5466481,-0.5466481,0.75554496,0.1755719,0.1755719,1.0,0.026335787,0.15,0.0,0.0,0.57298386,0.5466481,-23.430256,1.6622322,0.5540774,0.28,0.008,2.12914,0.0,0.0
hardzero_only__c0p58__z1p00__lam0p000__nu0p50__psi0p00,0.15,borrow,38,920,0.0,31,-0.5466481,-0.52245605,-0.52245605,0.7924192,0.16128011,0.16128011,1.0,0.024192018,0.15,0.0,0.0,0.5466481,0.52245605,-24.249996,1.7433571,0.58111906,0.28,0.008,2.1199954,0.0,0.0
hardzero_only__c0p58__z1p00__lam0p000__nu0p50__psi0p00,0.15,borrow,38,921,0.0,31,-0.52245605,-0.49477112,-0.49477112,0.7338481,0.18456608,0.18456608,1.0,0.027684914,0.15,0.0,0.0,0.52245605,0.49477112,-22.843193,1.614498,0.53816605,0.42400002,0.0,2.13514,0.0,0.0
hardzero_only__c0p58__z1p00__lam0p000__nu0p50__psi0p00,0.15,borrow,38,922,0.0,31,-0.49477112,-0.46935838,-0.46935838,0.7710398,0.16941825,0.16941825,1.0,0.025412738,0.15,0.0,0.0,0.49477112,0.46935838,-24.035166,1.6963214,0.5654405,0.264,0.008,2.1524656,0.0,0.0
hardzero_only__c0p58__z1p00__lam0p000__nu0p50__psi0p00,0.15,borrow,38,923,0.0,31,-0.46935838,-0.443044,-0.443044,0.75589824,0.17542915,0.17542915,1.0,0.026314374,0.15,0.0,0.0,0.46935838,0.443044,-23.31855,1.6630093,0.5543364,0.22999999,0.0,1.7267027,0.0,0.0
hardzero_only__c0p58__z1p00__lam0p000__nu0p50__psi0p00,0.15,borrow,38,924,0.0,31,-0.443044,-0.41653132,-0.41653132,0.75263745,0.17675126,0.17675126,1.0,0.02651269,0.15,0.0,0.0,0.443044,0.41653132,-22.920948,1.6558354,0.55194515,0.36800003,0.008,2.110057,0.0,0.0
hardzero_only__c0p58__z1p00__lam0p000__nu0p50__psi0p00,0.15,borrow,38,925,0.0,31,-0.41653132,-0.38910064,-0.38910064,0.73785454,0.18287125,0.18287125,1.0,0.027430689,0.15,0.0,0.0,0.41653132,0.38910064,-23.496365,1.6233124,0.54110414,0.272,0.0,2.1513786,0.0,0.0
hardzero_only__c0p58__z1p00__lam0p000__nu0p50__psi0p00,0.15,borrow,38,926,0.0,31,-0.38910064,-0.36386636,-0.36386636,0.7741005,0.16822849,0.16822849,1.0,0.025234275,0.15,0.0,0.0,0.38910064,0.36386636,-23.344244,1.703055,0.567685,0.23200001,0.0,2.081739,0.0,0.0
hardzero_only__c0p58__z1p00__lam0p000__nu0p50__psi0p00,0.15,borrow,38,927,0.0,31,-0.36386636,-0.3364338,-0.3364338,0.7378248,0.18288377,0.18288377,1.0,0.027432567,0.15,0.0,0.0,0.36386636,0.3364338,-22.634865,1.6232469,0.5410823,0.296,0.0,2.0985522,0.0,0.0
hardzero_only__c0p58__z1p00__lam0p000__nu0p50__psi0p00,0.15,borrow,38,928,0.0,31,-0.3364338,-0.31037018,-0.31037018,0.76005673,0.17375737,0.17375737,1.0,0.026063608,0.15,0.0,0.0,0.3364338,0.31037018,-23.596731,1.6721582,0.5573861,0.344,0.0,2.1354656,0.0,0.0
hardzero_only__c0p58__z1p00__lam0p000__nu0p50__psi0p00,0.15,borrow,38,929,0.0,31,-0.31037018,-0.28545657,-0.28545657,0.7796548,0.16609065,0.16609065,1.0,0.0249136,0.15,0.0,0.0,0.31037018,0.28545657,-23.001854,1.7152748,0.5717583,0.28800002,0.0,2.0875301,0.0,0.0
hardzero_only__c0p58__z1p00__lam0p000__nu0p50__psi0p00,0.15,borrow,38,930,0.0,31,-0.28545657,-0.25952187,-0.25952187,0.7622101,0.17289798,0.17289798,1.0,0.025934698,0.15,0.0,0.0,0.28545657,0.25952187,-24.097092,1.6768956,0.5589652,0.30400002,0.0,2.1563773,0.0,0.0
hardzero_only__c0p58__z1p00__lam0p000__nu0p50__psi0p00,0.15,borrow,38,931,0.0,31,-0.25952187,-0.23359765,-0.23359765,0.7623855,0.17282815,0.17282815,1.0,0.025924224,0.15,0.0,0.0,0.25952187,0.23359765,-23.475712,1.6772816,0.5590939,0.328,0.0,2.11774,0.0,0.0
hardzero_only__c0p58__z1p00__lam0p000__nu0p50__psi0p00,0.15,borrow,38,932,0.0,31,-0.23359765,-0.20888157,-0.20888157,0.78311175,0.16477385,0.16477385,1.0,0.02471608,0.15,0.0,0.0,0.23359765,0.20888157,-23.889645,1.7228802,0.57429343,0.2,0.0,2.1033142,0.0,0.0
hardzero_only__c0p58__z1p00__lam0p000__nu0p50__psi0p00,0.15,borrow,38,933,0.0,31,-0.20888157,-0.18355095,-0.18355095,0.77244544,0.16887079,0.16887079,1.0,0.02533062,0.15,0.0,0.0,0.20888157,0.18355095,-23.856903,1.6994139,0.56647134,0.296,0.0,2.1342723,0.0,0.0
hardzero_only__c0p58__z1p00__lam0p000__nu0p50__psi0p00,0.15,borrow,38,934,0.0,31,-0.18355095,-0.15955772,-0.15955772,0.79600245,0.15995489,0.15995489,1.0,0.023993235,0.15,0.0,0.0,0.18355095,0.15955772,-24.376474,1.7512404,0.5837468,0.344,0.008,2.1279488,0.0,0.0
hardzero_only__c0p58__z1p00__lam0p000__nu0p50__psi0p00,0.15,borrow,38,935,0.0,31,-0.15955772,-0.13152964,-0.13152964,0.7284981,0.18685378,0.18685378,1.0,0.028028069,0.15,0.0,0.0,0.15955772,0.13152964,-22.77972,1.6027279,0.53424263,0.344,0.0,2.1568327,0.0,0.0
hardzero_only__c0p58__z1p00__lam0p000__nu0p50__psi0p00,0.15,borrow,38,936,0.0,31,-0.13152964,-0.10542485,-0.10542485,0.759371,0.17403196,0.17403196,1.0,0.026104795,0.15,0.0,0.0,0.13152964,0.10542485,-23.652418,1.6706495,0.5568832,0.32999998,0.0,1.7345105,0.0,0.0
hardzero_only__c0p58__z1p00__lam0p000__nu0p50__psi0p00,0.15,borrow,38,937,0.0,31,-0.10542485,-0.08028181,-0.08028181,0.7756735,0.16762026,0.16762026,1.0,0.02514304,0.15,0.0,0.0,0.10542485,0.08028181,-23.255089,1.7065158,0.5688386,0.312,0.0,2.0873678,0.0,0.0
hardzero_only__c0p58__z1p00__lam0p000__nu0p50__psi0p00,0.15,borrow,38,938,0.0,31,-0.08028181,-0.055049174,-0.055049174,0.7741287,0.16821757,0.16821757,1.0,0.025232637,0.15,0.0,0.0,0.08028181,0.055049174,-24.059246,1.7031171,0.56770575,0.28800002,0.0,2.1267893,0.0,0.0
hardzero_only__c0p58__z1p00__lam0p000__nu0p50__psi0p00,0.15,borrow,38,939,0.0,31,-0.055049174,-0.028211595,-0.028211595,0.74734795,0.17891718,0.17891718,1.0,0.026837578,0.15,0.0,0.0,0.055049174,0.028211595,-23.80256,1.6441983,0.54806614,0.296,0.0,2.1433299,0.0,0.0
hardzero_only__c0p58__z1p00__lam0p000__nu0p50__psi0p00,0.15,borrow,38,940,0.0,31,-0.028211595,-0.0019387249,-0.0019387249,0.75658375,0.17515247,0.17515247,1.0,0.02627287,0.15,0.0,0.0,0.028211595,0.0019387249,-24.279081,1.6645175,0.5548392,0.264,0.0,2.1615157,0.0,0.0
hardzero_only__c0p58__z1p00__lam0p000__nu0p50__psi0p00,0.15,borrow,38,941,1.0,32,-0.0019387249,-0.5559761,-0.5559761,0.76174366,0.17308375,0.17308375,1.0,0.025962563,0.15,0.0,0.0,0.0019387249,0.5559761,-23.562447,1.6758695,0.5586232,0.312,0.008,2.1424031,0.0,0.0
hardzero_only__c0p58__z1p00__lam0p000__nu0p50__psi0p00,0.15,borrow,38,942,0.0,32,-0.5559761,-0.5297208,-0.5297208,0.7568745,0.17503524,0.17503524,1.0,0.026255287,0.15,0.0,0.0,0.5559761,0.5297208,-23.739134,1.6651572,0.5550524,0.312,0.0,2.2926998,0.0,0.0
hardzero_only__c0p58__z1p00__lam0p000__nu0p50__psi0p00,0.15,borrow,38,943,0.0,32,-0.5297208,-0.5018404,-0.5018404,0.7307929,0.18586905,0.18586905,1.0,0.02788036,0.15,0.0,0.0,0.5297208,0.5018404,-22.918402,1.6077764,0.5359255,0.36,0.0,2.277224,0.0,0.0
hardzero_only__c0p58__z1p00__lam0p000__nu0p50__psi0p00,0.15,borrow,38,944,0.0,32,-0.5018404,-0.47743523,-0.47743523,0.7886091,0.16270126,0.16270126,1.0,0.02440519,0.15,0.0,0.0,0.5018404,0.47743523,-24.379223,1.7349746,0.5783249,0.28800002,0.0,2.2659578,0.0,0.0
hardzero_only__c0p58__z1p00__lam0p000__nu0p50__psi0p00,0.15,borrow,38,945,0.0,32,-0.47743523,-0.44993612,-0.44993612,0.7367724,0.18332748,0.18332748,1.0,0.027499123,0.15,0.0,0.0,0.47743523,0.44993612,-23.559467,1.6209317,0.5403106,0.32000002,0.008,2.3449874,0.0,0.0
hardzero_only__c0p58__z1p00__lam0p000__nu0p50__psi0p00,0.15,borrow,38,946,0.0,32,-0.44993612,-0.42405227,-0.42405227,0.7630625,0.17255896,0.17255896,1.0,0.025883846,0.15,0.0,0.0,0.44993612,0.42405227,-24.136211,1.678771,0.55959034,0.28800002,0.0,2.30548,0.0,0.0
hardzero_only__c0p58__z1p00__lam0p000__nu0p50__psi0p00,0.15,borrow,38,947,0.0,32,-0.42405227,-0.3981446,-0.3981446,0.762663,0.17271775,0.17271775,1.0,0.025907664,0.15,0.0,0.0,0.42405227,0.3981446,-23.75875,1.6778921,0.5592974,0.256,0.0,2.2975073,0.0,0.0
hardzero_only__c0p58__z1p00__lam0p000__nu0p50__psi0p00,0.15,borrow,38,948,0.0,32,-0.3981446,-0.37245634,-0.37245634,0.76635647,0.1712551,0.1712551,1.0,0.025688266,0.15,0.0,0.0,0.3981446,0.37245634,-23.679512,1.6860179,0.562006,0.24000001,0.0,2.2591643,0.0,0.0
hardzero_only__c0p58__z1p00__lam0p000__nu0p50__psi0p00,0.15,borrow,38,949,0.0,32,-0.37245634,-0.34707674,-0.34707674,0.77160656,0.1691973,0.1691973,1.0,0.025379596,0.15,0.0,0.0,0.37245634,0.34707674,-23.531979,1.6975683,0.5658561,0.32,0.0,1.875973,0.0,0.0
hardzero_only__c0p58__z1p00__lam0p000__nu0p50__psi0p00,0.15,borrow,38,950,0.0,32,-0.34707674,-0.3220285,-0.3220285,0.77731395,0.1669883,0.1669883,1.0,0.025048247,0.15,0.0,0.0,0.34707674,0.3220285,-23.828264,1.7101249,0.57004166,0.24000001,0.0,2.3083646,0.0,0.0
hardzero_only__c0p58__z1p00__lam0p000__nu0p50__psi0p00,0.15,borrow,38,951,0.0,32,-0.3220285,-0.29823664,-0.29823664,0.799663,0.15861234,0.15861234,1.0,0.023791851,0.15,0.0,0.0,0.3220285,0.29823664,-23.956284,1.7592938,0.58643126,0.264,0.0,2.268725,0.0,0.0
hardzero_only__c0p58__z1p00__lam0p000__nu0p50__psi0p00,0.15,borrow,38,952,0.0,32,-0.29823664,-0.27098626,-0.27098626,0.74071854,0.18166925,0.18166925,1.0,0.027250389,0.15,0.0,0.0,0.29823664,0.27098626,-23.320593,1.6296133,0.5432044,0.4,0.008,2.2966623,0.0,0.0
hardzero_only__c0p58__z1p00__lam0p000__nu0p50__psi0p00,0.15,borrow,38,953,0.0,32,-0.27098626,-0.24468915,-0.24468915,0.7561832,0.17531407,0.17531407,1.0,0.026297111,0.15,0.0,0.0,0.27098626,0.24468915,-23.462439,1.6636363,0.55454546,0.344,0.0,2.3073225,0.0,0.0
hardzero_only__c0p58__z1p00__lam0p000__nu0p50__psi0p00,0.15,borrow,38,954,0.0,32,-0.24468915,-0.21666475,-0.21666475,0.7285549,0.18682933,0.18682933,1.0,0.0280244,0.15,0.0,0.0,0.24468915,0.21666475,-23.180088,1.6028528,0.5342843,0.328,0.0,2.306302,0.0,0.0
hardzero_only__c0p58__z1p00__lam0p000__nu0p50__psi0p00,0.15,borrow,38,955,0.0,32,-0.21666475,-0.19081132,-0.19081132,0.76357317,0.17235617,0.17235617,1.0,0.025853427,0.15,0.0,0.0,0.21666475,0.19081132,-24.02786,1.6798946,0.5599649,0.344,0.0,2.349658,0.0,0.0
hardzero_only__c0p58__z1p00__lam0p000__nu0p50__psi0p00,0.15,borrow,38,956,0.0,32,-0.19081132,-0.16604817,-0.16604817,0.78228545,0.16508764,0.16508764,1.0,0.024763146,0.15,0.0,0.0,0.19081132,0.16604817,-24.232552,1.7210623,0.57368743,0.272,0.0,2.2661166,0.0,0.0
hardzero_only__c0p58__z1p00__lam0p000__nu0p50__psi0p00,0.15,borrow,38,957,0.0,32,-0.16604817,-0.14104463,-0.14104463,0.77808976,0.16669026,0.16669026,1.0,0.02500354,0.15,0.0,0.0,0.16604817,0.14104463,-24.28477,1.7118317,0.5706106,0.312,0.0,2.2955773,0.0,0.0
hardzero_only__c0p58__z1p00__lam0p000__nu0p50__psi0p00,0.15,borrow,38,958,0.0,32,-0.14104463,-0.11498428,-0.11498428,0.760111,0.17373568,0.17373568,1.0,0.026060352,0.15,0.0,0.0,0.14104463,0.11498428,-23.69347,1.6722776,0.55742586,0.296,0.0,2.2404876,0.0,0.0
hardzero_only__c0p58__z1p00__lam0p000__nu0p50__psi0p00,0.15,borrow,38,959,0.0,32,-0.11498428,-0.08608224,-0.08608224,0.71516275,0.19268025,0.19268025,1.0,0.028902039,0.15,0.0,0.0,0.11498428,0.08608224,-23.154964,1.5733895,0.5244632,0.328,0.008,2.3376312,0.0,0.0
hardzero_only__c0p58__z1p00__lam0p000__nu0p50__psi0p00,0.15,borrow,38,960,0.0,32,-0.08608224,-0.058746584,-0.058746584,0.73936176,0.1822377,0.1822377,1.0,0.027335657,0.15,0.0,0.0,0.08608224,0.058746584,-22.948837,1.6266284,0.5422095,0.296,0.0,2.2835317,0.0,0.0
hardzero_only__c0p58__z1p00__lam0p000__nu0p50__psi0p00,0.15,borrow,38,961,0.0,32,-0.058746584,-0.03344417,-0.03344417,0.7729293,0.16868275,0.16868275,1.0,0.025302414,0.15,0.0,0.0,0.058746584,0.03344417,-24.84803,1.7004784,0.56682616,0.23200001,0.0,2.2871547,0.0,0.0
hardzero_only__c0p58__z1p00__lam0p000__nu0p50__psi0p00,0.15,borrow,38,962,0.0,32,-0.03344417,-0.0066659767,-0.0066659767,0.74831,0.17852128,0.17852128,1.0,0.026778193,0.15,0.0,0.0,0.03344417,0.0066659767,-23.284431,1.646315,0.5487717,0.35,0.0,1.8697051,0.0,0.0
hardzero_only__c0p58__z1p00__lam0p000__nu0p50__psi0p00,0.15,borrow,38,963,1.0,33,-0.0066659767,-0.5636928,-0.5636928,0.81486976,0.15315467,0.15315467,1.0,0.022973202,0.15,0.0,0.0,0.0066659767,0.5636928,-24.595158,1.7927493,0.5975831,0.24000001,0.0,2.2243676,0.0,0.0
hardzero_only__c0p58__z1p00__lam0p000__nu0p50__psi0p00,0.15,borrow,38,964,0.0,33,-0.5636928,-0.53661263,-0.53661263,0.74343944,0.18053463,0.18053463,1.0,0.027080195,0.15,0.0,0.0,0.5636928,0.53661263,-23.406528,1.6355994,0.5451998,0.296,0.0,2.4583762,0.0,0.0
hardzero_only__c0p58__z1p00__lam0p000__nu0p50__psi0p00,0.15,borrow,38,965,0.0,33,-0.53661263,-0.5115014,-0.5115014,0.7762228,0.16740836,0.16740836,1.0,0.025111256,0.15,0.0,0.0,0.53661263,0.5115014,-23.437529,1.7077243,0.56924146,0.256,0.0,2.434234,0.0,0.0
hardzero_only__c0p58__z1p00__lam0p000__nu0p50__psi0p00,0.15,borrow,38,966,0.0,33,-0.5115014,-0.48573807,-0.48573807,0.76508963,0.17175537,0.17175537,1.0,0.025763307,0.15,0.0,0.0,0.5115014,0.48573807,-23.240076,1.6832308,0.56107694,0.24000001,0.0,2.4720187,0.0,0.0
hardzero_only__c0p58__z1p00__lam0p000__nu0p50__psi0p00,0.15,borrow,38,967,0.0,33,-0.48573807,-0.45963627,-0.45963627,0.75942063,0.17401205,0.17401205,1.0,0.026101809,0.15,0.0,0.0,0.48573807,0.45963627,-23.90503,1.6707587,0.5569196,0.23200001,0.0,2.4773707,0.0,0.0
hardzero_only__c0p58__z1p00__lam0p000__nu0p50__psi0p00,0.15,borrow,38,968,0.0,33,-0.45963627,-0.43523887,-0.43523887,0.7887477,0.16264932,0.16264932,1.0,0.0243974,0.15,0.0,0.0,0.45963627,0.43523887,-23.753044,1.7352797,0.5784266,0.23200001,0.0,2.4510617,0.0,0.0
hardzero_only__c0p58__z1p00__lam0p000__nu0p50__psi0p00,0.15,borrow,38,969,0.0,33,-0.43523887,-0.40860116,-0.40860116,0.7505944,0.17758472,0.17758472,1.0,0.026637709,0.15,0.0,0.0,0.43523887,0.40860116,-23.904692,1.6513406,0.55044687,0.264,0.0,2.4893508,0.0,0.0
hardzero_only__c0p58__z1p00__lam0p000__nu0p50__psi0p00,0.15,borrow,38,970,0.0,33,-0.40860116,-0.3830094,-0.3830094,0.767991,0.17061177,0.17061177,1.0,0.025591766,0.15,0.0,0.0,0.40860116,0.3830094,-23.898695,1.6896139,0.56320465,0.256,0.0,2.4498734,0.0,0.0
hardzero_only__c0p58__z1p00__lam0p000__nu0p50__psi0p00,0.15,borrow,38,971,0.0,33,-0.3830094,-0.35510153,-0.35510153,0.7303643,0.18605258,0.18605258,1.0,0.027907887,0.15,0.0,0.0,0.3830094,0.35510153,-22.856377,1.6068336,0.5356112,0.32000002,0.0,2.485739,0.0,0.0
hardzero_only__c0p58__z1p00__lam0p000__nu0p50__psi0p00,0.15,borrow,38,972,0.0,33,-0.35510153,-0.32695088,-0.32695088,0.72660285,0.18767099,0.18767099,1.0,0.02815065,0.15,0.0,0.0,0.35510153,0.32695088,-23.271519,1.5985582,0.53285277,0.33600003,0.016,2.4646466,0.0,0.0
hardzero_only__c0p58__z1p00__lam0p000__nu0p50__psi0p00,0.15,borrow,38,973,0.0,33,-0.32695088,-0.30235136,-0.30235136,0.7851645,0.16399685,0.16399685,1.0,0.024599528,0.15,0.0,0.0,0.32695088,0.30235136,-24.133661,1.7273964,0.5757988,0.24000001,0.0,2.5091224,0.0,0.0
hardzero_only__c0p58__z1p00__lam0p000__nu0p50__psi0p00,0.15,borrow,38,974,0.0,33,-0.30235136,-0.2773784,-0.2773784,0.7786213,0.16648637,0.16648637,1.0,0.024972957,0.15,0.0,0.0,0.30235136,0.2773784,-24.935255,1.7130011,0.5710004,0.30400002,0.0,2.4793797,0.0,0.0
hardzero_only__c0p58__z1p00__lam0p000__nu0p50__psi0p00,0.15,borrow,38,975,0.0,33,-0.2773784,-0.25209498,-0.25209498,0.7732555,0.1685561,0.1685561,1.0,0.025283415,0.15,0.0,0.0,0.2773784,0.25209498,-23.089664,1.7011962,0.5670654,0.25,0.0,2.000558,0.0,0.0
hardzero_only__c0p58__z1p00__lam0p000__nu0p50__psi0p00,0.15,borrow,38,976,0.0,33,-0.25209498,-0.22371836,-0.22371836,0.7231306,0.18917747,0.18917747,1.0,0.028376622,0.15,0.0,0.0,0.25209498,0.22371836,-23.683197,1.590919,0.53030634,0.344,0.0,2.507573,0.0,0.0
hardzero_only__c0p58__z1p00__lam0p000__nu0p50__psi0p00,0.15,borrow,38,977,0.0,33,-0.22371836,-0.20027915,-0.20027915,0.80614835,0.15626137,0.15626137,1.0,0.023439206,0.15,0.0,0.0,0.22371836,0.20027915,-24.25106,1.7735618,0.5911873,0.2,0.0,2.434181,0.0,0.0
hardzero_only__c0p58__z1p00__lam0p000__nu0p50__psi0p00,0.15,borrow,38,978,0.0,33,-0.20027915,-0.17824095,-0.17824095,0.8329152,0.1469213,0.1469213,1.0,0.022038197,0.15,0.0,0.0,0.20027915,0.17824095,-24.27919,1.83245,0.6108167,0.2,0.0,2.3678896,0.0,0.0
hardzero_only__c0p58__z1p00__lam0p000__nu0p50__psi0p00,0.15,borrow,38,979,0.0,33,-0.17824095,-0.15230966,-0.15230966,0.7622669,0.17287536,0.17287536,1.0,0.025931304,0.15,0.0,0.0,0.17824095,0.15230966,-23.741405,1.6770205,0.55900687,0.28800002,0.0,2.4891348,0.0,0.0
hardzero_only__c0p58__z1p00__lam0p000__nu0p50__psi0p00,0.15,borrow,38,980,0.0,33,-0.15230966,-0.12948681,-0.12948681,0.8177216,0.15215224,0.15215224,1.0,0.022822836,0.15,0.0,0.0,0.15230966,0.12948681,-24.767588,1.7990234,0.59967446,0.216,0.0,2.4384208,0.0,0.0
hardzero_only__c0p58__z1p00__lam0p000__nu0p50__psi0p00,0.15,borrow,38,981,0.0,33,-0.12948681,-0.10495191,-0.10495191,0.7863069,0.16356601,0.16356601,1.0,0.024534902,0.15,0.0,0.0,0.12948681,0.10495191,-24.425396,1.7299098,0.5766366,0.23200001,0.0,2.500409,0.0,0.0
hardzero_only__c0p58__z1p00__lam0p000__nu0p50__psi0p00,0.15,borrow,38,982,0.0,33,-0.10495191,-0.07994269,-0.07994269,0.7779911,0.16672814,0.16672814,1.0,0.025009222,0.15,0.0,0.0,0.10495191,0.07994269,-24.342787,1.7116146,0.5705382,0.36800003,0.0,2.430398,0.0,0.0
hardzero_only__c0p58__z1p00__lam0p000__nu0p50__psi0p00,0.15,borrow,38,983,0.0,33,-0.07994269,-0.05526536,-0.05526536,0.78379315,0.16451551,0.16451551,1.0,0.024677327,0.15,0.0,0.0,0.07994269,0.05526536,-24.193762,1.7243794,0.57479316,0.208,0.0,2.4525087,0.0,0.0
hardzero_only__c0p58__z1p00__lam0p000__nu0p50__psi0p00,0.15,borrow,38,984,0.0,33,-0.05526536,-0.032128617,-0.032128617,0.811789,0.15424496,0.15424496,1.0,0.023136744,0.15,0.0,0.0,0.05526536,0.032128617,-24.56363,1.7859714,0.5953238,0.24800001,0.0,2.403381,0.0,0.0
hardzero_only__c0p58__z1p00__lam0p000__nu0p50__psi0p00,0.15,borrow,38,985,0.0,33,-0.032128617,-0.004809754,-0.004809754,0.7396286,0.18212575,0.18212575,1.0,0.027318863,0.15,0.0,0.0,0.032128617,0.004809754,-23.055656,1.6272154,0.5424051,0.296,0.0,2.4692018,0.0,0.0
hardzero_only__c0p58__z1p00__lam0p000__nu0p50__psi0p00,0.15,borrow,38,986,1.0,34,-0.004809754,-0.5587957,-0.5587957,0.7608836,0.17342684,0.17342684,1.0,0.026014026,0.15,0.0,0.0,0.004809754,0.5587957,-22.930794,1.6739774,0.55799246,0.296,0.008,2.4250948,0.0,0.0
hardzero_only__c0p58__z1p00__lam0p000__nu0p50__psi0p00,0.15,borrow,38,987,0.0,34,-0.5587957,-0.53253525,-0.53253525,0.7567898,0.17506938,0.17506938,1.0,0.026260408,0.15,0.0,0.0,0.5587957,0.53253525,-23.193699,1.6649708,0.5549903,0.24800001,0.0,2.691725,0.0,0.0
hardzero_only__c0p58__z1p00__lam0p000__nu0p50__psi0p00,0.15,borrow,38,988,0.0,34,-0.53253525,-0.50893134,-0.50893134,0.8031076,0.15735929,0.15735929,1.0,0.023603894,0.15,0.0,0.0,0.53253525,0.50893134,-22.942461,1.766872,0.58895737,0.25,0.0,2.0797915,0.0,0.0
hardzero_only__c0p58__z1p00__lam0p000__nu0p50__psi0p00,0.15,borrow,38,989,0.0,34,-0.50893134,-0.4829225,-0.4829225,0.76097,0.17339237,0.17339237,1.0,0.026008857,0.15,0.0,0.0,0.50893134,0.4829225,-23.817266,1.6741674,0.5580558,0.256,0.0,2.5986714,0.0,0.0
hardzero_only__c0p58__z1p00__lam0p000__nu0p50__psi0p00,0.15,borrow,38,990,0.0,34,-0.4829225,-0.45563674,-0.45563674,0.7401554,0.18190499,0.18190499,1.0,0.02728575,0.15,0.0,0.0,0.4829225,0.45563674,-22.982388,1.6283745,0.5427915,0.33600003,0.008,2.6657727,0.0,0.0
hardzero_only__c0p58__z1p00__lam0p000__nu0p50__psi0p00,0.15,borrow,38,991,0.0,34,-0.45563674,-0.43156296,-0.43156296,0.79454684,0.16049191,0.16049191,1.0,0.024073789,0.15,0.0,0.0,0.45563674,0.43156296,-24.623447,1.7480379,0.58267933,0.296,0.0,2.6280625,0.0,0.0
hardzero_only__c0p58__z1p00__lam0p000__nu0p50__psi0p00,0.15,borrow,38,992,0.0,34,-0.43156296,-0.40640655,-0.40640655,0.77544254,0.16770943,0.16770943,1.0,0.025156414,0.15,0.0,0.0,0.43156296,0.40640655,-24.588285,1.7060076,0.5686692,0.264,0.008,2.640135,0.0,0.0
hardzero_only__c0p58__z1p00__lam0p000__nu0p50__psi0p00,0.15,borrow,38,993,0.0,34,-0.40640655,-0.37904173,-0.37904173,0.7388989,0.18243204,0.18243204,1.0,0.027364807,0.15,0.0,0.0,0.40640655,0.37904173,-22.655603,1.62561,0.54187,0.28,0.0,2.6423233,0.0,0.0
hardzero_only__c0p58__z1p00__lam0p000__nu0p50__psi0p00,0.15,borrow,38,994,0.0,34,-0.37904173,-0.3538457,-0.3538457,0.7747588,0.16797365,0.16797365,1.0,0.02519605,0.15,0.0,0.0,0.37904173,0.3538457,-23.550356,1.7045034,0.5681678,0.256,0.0,2.6516578,0.0,0.0
hardzero_only__c0p58__z1p00__lam0p000__nu0p50__psi0p00,0.15,borrow,38,995,0.0,34,-0.3538457,-0.32612854,-0.32612854,0.73334295,0.18478088,0.18478088,1.0,0.027717134,0.15,0.0,0.0,0.3538457,0.32612854,-23.28453,1.6133866,0.53779554,0.36800003,0.008,2.677558,0.0,0.0
hardzero_only__c0p58__z1p00__lam0p000__nu0p50__psi0p00,0.15,borrow,38,996,0.0,34,-0.32612854,-0.2995311,-0.2995311,0.7512515,0.17731622,0.17731622,1.0,0.026597435,0.15,0.0,0.0,0.32612854,0.2995311,-23.958479,1.6527864,0.55092883,0.296,0.0,2.6484766,0.0,0.0
hardzero_only__c0p58__z1p00__lam0p000__nu0p50__psi0p00,0.15,borrow,38,997,0.0,34,-0.2995311,-0.27371013,-0.27371013,0.7641189,0.1721397,0.1721397,1.0,0.025820957,0.15,0.0,0.0,0.2995311,0.27371013,-22.980803,1.6810951,0.5603651,0.24800001,0.0,2.5774467,0.0,0.0
hardzero_only__c0p58__z1p00__lam0p000__nu0p50__psi0p00,0.15,borrow,38,998,0.0,34,-0.27371013,-0.24739031,-0.24739031,0.75580835,0.17546546,0.17546546,1.0,0.02631982,0.15,0.0,0.0,0.27371013,0.24739031,-23.911848,1.6628116,0.55427057,0.28800002,0.0,2.6936946,0.0,0.0
hardzero_only__c0p58__z1p00__lam0p000__nu0p50__psi0p00,0.15,borrow,38,999,0.0,34,-0.24739031,-0.22106215,-0.22106215,0.7556707,0.17552106,0.17552106,1.0,0.02632816,0.15,0.0,0.0,0.24739031,0.22106215,-23.11424,1.6625088,0.55416965,0.296,0.0,2.6718845,0.0,0.0
hardzero_only__c0p58__z1p00__lam0p000__nu0p50__psi0p00,0.15,borrow,38,1000,0.0,34,-0.22106215,-0.19831683,-0.19831683,0.81919914,0.15163548,0.15163548,1.0,0.022745322,0.15,0.0,0.0,0.22106215,0.19831683,-23.965973,1.8022741,0.6007581,0.216,0.0,2.5914674,0.0,0.0
hardzero_only__c0p58__z1p00__lam0p000__nu0p50__psi0p00,0.15,borrow,38,1001,0.0,34,-0.19831683,-0.17017162,-0.17017162,0.72668684,0.1876347,0.1876347,1.0,0.028145207,0.15,0.0,0.0,0.19831683,0.17017162,-23.53398,1.598743,0.53291434,0.26,0.0,2.1671665,0.0,0.0
hardzero_only__c0p58__z1p00__lam0p000__nu0p50__psi0p00,0.15,borrow,38,1002,0.0,34,-0.17017162,-0.14401974,-0.14401974,0.7585883,0.17434588,0.17434588,1.0,0.026151882,0.15,0.0,0.0,0.17017162,0.14401974,-22.928514,1.6689277,0.5563092,0.24800001,0.0,2.6381016,0.0,0.0
hardzero_only__c0p58__z1p00__lam0p000__nu0p50__psi0p00,0.15,borrow,38,1003,0.0,34,-0.14401974,-0.11744166,-0.11744166,0.7515677,0.17718717,0.17718717,1.0,0.026578078,0.15,0.0,0.0,0.14401974,0.11744166,-23.619413,1.653482,0.5511607,0.344,0.0,2.6436162,0.0,0.0
hardzero_only__c0p58__z1p00__lam0p000__nu0p50__psi0p00,0.15,borrow,38,1004,0.0,34,-0.11744166,-0.0906013,-0.0906013,0.747303,0.1789357,0.1789357,1.0,0.026840357,0.15,0.0,0.0,0.11744166,0.0906013,-23.949001,1.6440995,0.5480332,0.33600003,0.008,2.673459,0.0,0.0
hardzero_only__c0p58__z1p00__lam0p000__nu0p50__psi0p00,0.15,borrow,38,1005,0.0,34,-0.0906013,-0.06536617,-0.06536617,0.77408576,0.16823418,0.16823418,1.0,0.02523513,0.15,0.0,0.0,0.0906013,0.06536617,-24.229101,1.7030227,0.5676743,0.208,0.008,2.6256032,0.0,0.0
hardzero_only__c0p58__z1p00__lam0p000__nu0p50__psi0p00,0.15,borrow,38,1006,0.0,34,-0.06536617,-0.04040365,-0.04040365,0.7788028,0.16641681,0.16641681,1.0,0.024962522,0.15,0.0,0.0,0.06536617,0.04040365,-23.752209,1.7134004,0.5711335,0.256,0.0,2.641947,0.0,0.0
hardzero_only__c0p58__z1p00__lam0p000__nu0p50__psi0p00,0.15,borrow,38,1007,0.0,34,-0.04040365,-0.01467636,-0.01467636,0.76569724,0.17151526,0.17151526,1.0,0.025727289,0.15,0.0,0.0,0.04040365,0.01467636,-23.670723,1.6845676,0.56152254,0.256,0.0,2.656043,0.0,0.0
hardzero_only__c0p58__z1p00__lam0p000__nu0p50__psi0p00,0.15,borrow,38,1008,1.0,35,-0.01467636,-0.56905246,-0.56905246,0.7674466,0.1708258,0.1708258,1.0,0.025623871,0.15,0.0,0.0,0.01467636,0.56905246,-24.437712,1.6884162,0.5628054,0.36,0.0,2.630409,0.0,0.0
hardzero_only__c0p58__z1p00__lam0p000__nu0p50__psi0p00,0.15,borrow,38,1009,0.0,35,-0.56905246,-0.54421943,-0.54421943,0.7810615,0.16555357,0.16555357,1.0,0.024833037,0.15,0.0,0.0,0.56905246,0.54421943,-23.48948,1.7183695,0.57278985,0.216,0.0,2.7858033,0.0,0.0
hardzero_only__c0p58__z1p00__lam0p000__nu0p50__psi0p00,0.15,borrow,38,1010,0.0,35,-0.54421943,-0.5162769,-0.5162769,0.72982574,0.18628344,0.18628344,1.0,0.027942518,0.15,0.0,0.0,0.54421943,0.5162769,-23.035467,1.6056486,0.5352162,0.33600003,0.0,2.8227935,0.0,0.0
hardzero_only__c0p58__z1p00__lam0p000__nu0p50__psi0p00,0.15,borrow,38,1011,0.0,35,-0.5162769,-0.48999062,-0.48999062,0.7563622,0.17524184,0.17524184,1.0,0.026286278,0.15,0.0,0.0,0.5162769,0.48999062,-23.369614,1.6640301,0.5546767,0.32000002,0.0,2.8301127,0.0,0.0
hardzero_only__c0p58__z1p00__lam0p000__nu0p50__psi0p00,0.15,borrow,38,1012,0.0,35,-0.48999062,-0.4658426,-0.4658426,0.7932097,0.16098683,0.16098683,1.0,0.024148025,0.15,0.0,0.0,0.48999062,0.4658426,-23.951363,1.7450961,0.5816987,0.272,0.0,2.784374,0.0,0.0
hardzero_only__c0p58__z1p00__lam0p000__nu0p50__psi0p00,0.15,borrow,38,1013,0.0,35,-0.4658426,-0.43995577,-0.43995577,0.7630121,0.17257898,0.17257898,1.0,0.025886847,0.15,0.0,0.0,0.4658426,0.43995577,-24.217184,1.6786602,0.5595534,0.2,0.0,2.8213558,0.0,0.0
hardzero_only__c0p58__z1p00__lam0p000__nu0p50__psi0p00,0.15,borrow,38,1014,0.0,35,-0.43995577,-0.4139678,-0.4139678,0.7613185,0.1732533,0.1732533,1.0,0.025987996,0.15,0.0,0.0,0.43995577,0.4139678,-23.460575,1.6749341,0.5583114,0.25,0.0,2.2642155,0.0,0.0
hardzero_only__c0p58__z1p00__lam0p000__nu0p50__psi0p00,0.15,borrow,38,1015,0.0,35,-0.4139678,-0.38648194,-0.38648194,0.7369821,0.18323898,0.18323898,1.0,0.02748585,0.15,0.0,0.0,0.4139678,0.38648194,-23.601748,1.621393,0.54046434,0.328,0.0,2.8363144,0.0,0.0
hardzero_only__c0p58__z1p00__lam0p000__nu0p50__psi0p00,0.15,borrow,38,1016,0.0,35,-0.38648194,-0.36244187,-0.36244187,0.79515576,0.16026706,0.16026706,1.0,0.02404006,0.15,0.0,0.0,0.38648194,0.36244187,-23.85549,1.7493776,0.5831259,0.33600003,0.0,2.754642,0.0,0.0
hardzero_only__c0p58__z1p00__lam0p000__nu0p50__psi0p00,0.15,borrow,38,1017,0.0,35,-0.36244187,-0.33759826,-0.33759826,0.7808767,0.16562401,0.16562401,1.0,0.024843602,0.15,0.0,0.0,0.36244187,0.33759826,-23.904747,1.717963,0.57265437,0.2,0.0,2.7948787,0.0,0.0
hardzero_only__c0p58__z1p00__lam0p000__nu0p50__psi0p00,0.15,borrow,38,1018,0.0,35,-0.33759826,-0.31237116,-0.31237116,0.7742241,0.16818061,0.16818061,1.0,0.025227094,0.15,0.0,0.0,0.33759826,0.31237116,-24.598204,1.7033271,0.5677757,0.24000001,0.0,2.8437088,0.0,0.0
hardzero_only__c0p58__z1p00__lam0p000__nu0p50__psi0p00,0.15,borrow,38,1019,0.0,35,-0.31237116,-0.28766292,-0.28766292,0.7832497,0.1647215,0.1647215,1.0,0.024708226,0.15,0.0,0.0,0.31237116,0.28766292,-24.038155,1.7231836,0.5743946,0.272,0.0,2.7586133,0.0,0.0
hardzero_only__c0p58__z1p00__lam0p000__nu0p50__psi0p00,0.15,borrow,38,1020,0.0,35,-0.28766292,-0.25984925,-0.25984925,0.7318327,0.18542458,0.18542458,1.0,0.027813688,0.15,0.0,0.0,0.28766292,0.25984925,-22.59059,1.610064,0.536688,0.312,0.0,2.8089745,0.0,0.0
hardzero_only__c0p58__z1p00__lam0p000__nu0p50__psi0p00,0.15,borrow,38,1021,0.0,35,-0.25984925,-0.2332705,-0.2332705,0.7515566,0.17719172,0.17719172,1.0,0.02657876,0.15,0.0,0.0,0.25984925,0.2332705,-23.80063,1.6534575,0.5511525,0.33600003,0.0,2.8551536,0.0,0.0
hardzero_only__c0p58__z1p00__lam0p000__nu0p50__psi0p00,0.15,borrow,38,1022,0.0,35,-0.2332705,-0.20526573,-0.20526573,0.7288592,0.18669848,0.18669848,1.0,0.028004773,0.15,0.0,0.0,0.2332705,0.20526573,-22.982552,1.6035222,0.5345074,0.28,0.0,2.8433838,0.0,0.0
hardzero_only__c0p58__z1p00__lam0p000__nu0p50__psi0p00,0.15,borrow,38,1023,0.0,35,-0.20526573,-0.1809842,-0.1809842,0.7908153,0.16187684,0.16187684,1.0,0.024281528,0.15,0.0,0.0,0.20526573,0.1809842,-24.545033,1.7398283,0.5799428,0.264,0.0,2.809084,0.0,0.0
hardzero_only__c0p58__z1p00__lam0p000__nu0p50__psi0p00,0.15,borrow,38,1024,0.0,35,-0.1809842,-0.1551592,-0.1551592,0.76405096,0.17216665,0.17216665,1.0,0.025824998,0.15,0.0,0.0,0.1809842,0.1551592,-23.773048,1.6809456,0.56031525,0.28800002,0.0,2.788323,0.0,0.0
hardzero_only__c0p58__z1p00__lam0p000__nu0p50__psi0p00,0.15,borrow,38,1025,0.0,35,-0.1551592,-0.13058025,-0.13058025,0.7855278,0.1638597,0.1638597,1.0,0.024578955,0.15,0.0,0.0,0.1551592,0.13058025,-24.930573,1.7281957,0.57606524,0.28,0.0,2.8201811,0.0,0.0
hardzero_only__c0p58__z1p00__lam0p000__nu0p50__psi0p00,0.15,borrow,38,1026,0.0,35,-0.13058025,-0.10557355,-0.10557355,0.7780349,0.16671132,0.16671132,1.0,0.025006698,0.15,0.0,0.0,0.13058025,0.10557355,-23.513277,1.711711,0.57057035,0.24000001,0.0,2.7468555,0.0,0.0
hardzero_only__c0p58__z1p00__lam0p000__nu0p50__psi0p00,0.15,borrow,38,1027,0.0,35,-0.10557355,-0.07849287,-0.07849287,0.74343175,0.18053783,0.18053783,1.0,0.027080676,0.15,0.0,0.0,0.10557355,0.07849287,-24.177162,1.6355826,0.5451942,0.31,0.01,2.315914,0.0,0.0
hardzero_only__c0p58__z1p00__lam0p000__nu0p50__psi0p00,0.15,borrow,38,1028,0.0,35,-0.07849287,-0.052816033,-0.052816033,0.7665497,0.1711789,0.1711789,1.0,0.025676837,0.15,0.0,0.0,0.07849287,0.052816033,-23.864168,1.6864431,0.56214774,0.23200001,0.0,2.8176703,0.0,0.0
hardzero_only__c0p58__z1p00__lam0p000__nu0p50__psi0p00,0.15,borrow,38,1029,0.0,35,-0.052816033,-0.025698988,-0.025698988,0.7428489,0.18078029,0.18078029,1.0,0.027117046,0.15,0.0,0.0,0.052816033,0.025698988,-23.216436,1.6343001,0.5447667,0.36,0.0,2.8531742,0.0,0.0
hardzero_only__c0p58__z1p00__lam0p000__nu0p50__psi0p00,0.15,borrow,38,1030,0.0,35,-0.025698988,0.00016769208,0.00016769208,0.7633506,0.17244452,0.17244452,1.0,0.02586668,0.15,0.0,0.0,0.025698988,0.0,-23.04712,1.6794049,0.55980164,0.28800002,0.0,2.8218539,0.0,0.0
hardzero_only__c0p58__z1p00__lam0p000__nu0p50__psi0p00,0.15,borrow,38,1031,1.0,36,0.00016769208,-0.5539419,-0.5539419,0.76295274,0.17260255,0.17260255,1.0,0.025890384,0.15,0.0,0.0,0.0,0.5539419,-23.461607,1.6785296,0.5595099,0.28800002,0.0,2.807479,0.0,0.0
hardzero_only__c0p58__z1p00__lam0p000__nu0p50__psi0p00,0.15,borrow,38,1032,0.0,36,-0.5539419,-0.5281818,-0.5281818,0.765143,0.17173427,0.17173427,1.0,0.025760142,0.15,0.0,0.0,0.5539419,0.5281818,-23.734463,1.6833482,0.5611161,0.24800001,0.0,2.9615767,0.0,0.0
hardzero_only__c0p58__z1p00__lam0p000__nu0p50__psi0p00,0.15,borrow,38,1033,0.0,36,-0.5281818,-0.5025938,-0.5025938,0.76805556,0.1705864,0.1705864,1.0,0.025587963,0.15,0.0,0.0,0.5281818,0.5025938,-24.776968,1.6897559,0.563252,0.32000002,0.008,3.004296,0.0,0.0
hardzero_only__c0p58__z1p00__lam0p000__nu0p50__psi0p00,0.15,borrow,38,1034,0.0,36,-0.5025938,-0.47743624,-0.47743624,0.7754223,0.16771723,0.16771723,1.0,0.025157586,0.15,0.0,0.0,0.5025938,0.47743624,-23.446878,1.705963,0.56865436,0.24800001,0.0,2.942564,0.0,0.0
hardzero_only__c0p58__z1p00__lam0p000__nu0p50__psi0p00,0.15,borrow,38,1035,0.0,36,-0.47743624,-0.45202157,-0.45202157,0.7710069,0.16943109,0.16943109,1.0,0.025414664,0.15,0.0,0.0,0.47743624,0.45202157,-24.151997,1.696249,0.56541634,0.23200001,0.0,3.0004745,0.0,0.0
hardzero_only__c0p58__z1p00__lam0p000__nu0p50__psi0p00,0.15,borrow,38,1036,0.0,36,-0.45202157,-0.42739242,-0.42739242,0.78464216,0.1641942,0.1641942,1.0,0.024629131,0.15,0.0,0.0,0.45202157,0.42739242,-24.730825,1.7262472,0.57541573,0.23200001,0.0,3.0128784,0.0,0.0
hardzero_only__c0p58__z1p00__lam0p000__nu0p50__psi0p00,0.15,borrow,38,1037,0.0,36,-0.42739242,-0.40127116,-0.40127116,0.7590974,0.17414162,0.17414162,1.0,0.026121244,0.15,0.0,0.0,0.42739242,0.40127116,-23.65427,1.6700476,0.5566826,0.23200001,0.0,2.9900594,0.0,0.0
hardzero_only__c0p58__z1p00__lam0p000__nu0p50__psi0p00,0.15,borrow,38,1038,0.0,36,-0.40127116,-0.37689137,-0.37689137,0.7890612,0.16253197,0.16253197,1.0,0.024379797,0.15,0.0,0.0,0.40127116,0.37689137,-23.982893,1.7359693,0.57865644,0.328,0.0,2.9407113,0.0,0.0
hardzero_only__c0p58__z1p00__lam0p000__nu0p50__psi0p00,0.15,borrow,38,1039,0.0,36,-0.37689137,-0.35197395,-0.35197395,0.7795882,0.16611612,0.16611612,1.0,0.024917418,0.15,0.0,0.0,0.37689137,0.35197395,-24.40916,1.7151283,0.57170945,0.264,0.0,2.9694483,0.0,0.0
hardzero_only__c0p58__z1p00__lam0p000__nu0p50__psi0p00,0.15,borrow,38,1040,0.0,36,-0.35197395,-0.32412398,-0.32412398,0.73126644,0.1856665,0.1856665,1.0,0.027849976,0.15,0.0,0.0,0.35197395,0.32412398,-22.881351,1.6088183,0.53627276,0.38,0.01,2.444312,0.0,0.0
hardzero_only__c0p58__z1p00__lam0p000__nu0p50__psi0p00,0.15,borrow,38,1041,0.0,36,-0.32412398,-0.30135944,-0.30135944,0.81883246,0.15176357,0.15176357,1.0,0.022764537,0.15,0.0,0.0,0.32412398,0.30135944,-24.95003,1.8014674,0.60048914,0.264,0.0,2.935626,0.0,0.0
hardzero_only__c0p58__z1p00__lam0p000__nu0p50__psi0p00,0.15,borrow,38,1042,0.0,36,-0.30135944,-0.27420315,-0.27420315,0.7422206,0.18104202,0.18104202,1.0,0.027156303,0.15,0.0,0.0,0.30135944,0.27420315,-23.39673,1.6329179,0.544306,0.328,0.0,2.9943705,0.0,0.0
hardzero_only__c0p58__z1p00__lam0p000__nu0p50__psi0p00,0.15,borrow,38,1043,0.0,36,-0.27420315,-0.24853003,-0.24853003,0.76661247,0.17115419,0.17115419,1.0,0.025673129,0.15,0.0,0.0,0.27420315,0.24853003,-23.86681,1.6865811,0.56219375,0.296,0.0,2.9931226,0.0,0.0
hardzero_only__c0p58__z1p00__lam0p000__nu0p50__psi0p00,0.15,borrow,38,1044,0.0,36,-0.24853003,-0.22318038,-0.22318038,0.7721194,0.16899763,0.16899763,1.0,0.025349645,0.15,0.0,0.0,0.24853003,0.22318038,-23.482851,1.6986966,0.5662322,0.24800001,0.0,2.9253843,0.0,0.0
hardzero_only__c0p58__z1p00__lam0p000__nu0p50__psi0p00,0.15,borrow,38,1045,0.0,36,-0.22318038,-0.19904278,-0.19904278,0.7933971,0.16091734,0.16091734,1.0,0.024137603,0.15,0.0,0.0,0.22318038,0.19904278,-24.310822,1.7455086,0.5818362,0.272,0.0,2.9564157,0.0,0.0
hardzero_only__c0p58__z1p00__lam0p000__nu0p50__psi0p00,0.15,borrow,38,1046,0.0,36,-0.19904278,-0.17537571,-0.17537571,0.8019468,0.15778044,0.15778044,1.0,0.023667067,0.15,0.0,0.0,0.19904278,0.17537571,-23.96424,1.7643182,0.5881061,0.28800002,0.0,2.9262233,0.0,0.0
hardzero_only__c0p58__z1p00__lam0p000__nu0p50__psi0p00,0.15,borrow,38,1047,0.0,36,-0.17537571,-0.14721556,-0.14721556,0.7264562,0.18773434,0.18773434,1.0,0.028160151,0.15,0.0,0.0,0.17537571,0.14721556,-23.183796,1.5982356,0.53274524,0.35200003,0.0,3.0312014,0.0,0.0
hardzero_only__c0p58__z1p00__lam0p000__nu0p50__psi0p00,0.15,borrow,38,1048,0.0,36,-0.14721556,-0.12274344,-0.12274344,0.78741974,0.16314745,0.16314745,1.0,0.02447212,0.15,0.0,0.0,0.14721556,0.12274344,-23.914394,1.732358,0.57745266,0.28800002,0.0,2.966487,0.0,0.0
hardzero_only__c0p58__z1p00__lam0p000__nu0p50__psi0p00,0.15,borrow,38,1049,0.0,36,-0.12274344,-0.09855104,-0.09855104,0.79241234,0.16128266,0.16128266,1.0,0.0241924,0.15,0.0,0.0,0.12274344,0.09855104,-23.549974,1.7433419,0.581114,0.23200001,0.0,2.93041,0.0,0.0
hardzero_only__c0p58__z1p00__lam0p000__nu0p50__psi0p00,0.15,borrow,38,1050,0.0,36,-0.09855104,-0.07251545,-0.07251545,0.7605238,0.1735706,0.1735706,1.0,0.026035592,0.15,0.0,0.0,0.09855104,0.07251545,-23.824839,1.6731857,0.5577286,0.192,0.0,2.9566948,0.0,0.0
hardzero_only__c0p58__z1p00__lam0p000__nu0p50__psi0p00,0.15,borrow,38,1051,0.0,36,-0.07251545,-0.04553678,-0.04553678,0.74507076,0.17985779,0.17985779,1.0,0.02697867,0.15,0.0,0.0,0.07251545,0.04553678,-23.174574,1.6391884,0.54639614,0.272,0.0,2.9822848,0.0,0.0
hardzero_only__c0p58__z1p00__lam0p000__nu0p50__psi0p00,0.15,borrow,38,1052,0.0,36,-0.04553678,-0.017974194,-0.017974194,0.7357713,0.18375055,0.18375055,1.0,0.027562585,0.15,0.0,0.0,0.04553678,0.017974194,-23.80041,1.6187291,0.5395764,0.256,0.0,3.0013106,0.0,0.0
hardzero_only__c0p58__z1p00__lam0p000__nu0p50__psi0p00,0.15,borrow,38,1053,1.0,37,-0.017974194,-0.57253546,-0.57253546,0.7705962,0.16959137,0.16959137,1.0,0.025438705,0.15,0.0,0.0,0.017974194,0.57253546,-23.592037,1.6953455,0.5651152,0.29,0.0,2.4450595,0.0,0.0
hardzero_only__c0p58__z1p00__lam0p000__nu0p50__psi0p00,0.15,borrow,38,1054,0.0,37,-0.57253546,-0.5481969,-0.5481969,0.7897964,0.16225705,0.16225705,1.0,0.024338558,0.15,0.0,0.0,0.57253546,0.5481969,-24.252457,1.7375869,0.5791956,0.24000001,0.0,3.1310687,0.0,0.0
hardzero_only__c0p58__z1p00__lam0p000__nu0p50__psi0p00,0.15,borrow,38,1055,0.0,37,-0.5481969,-0.52304554,-0.52304554,0.7755292,0.16767596,0.16767596,1.0,0.025151394,0.15,0.0,0.0,0.5481969,0.52304554,-24.254269,1.7061983,0.5687328,0.23200001,0.0,3.1564093,0.0,0.0
hardzero_only__c0p58__z1p00__lam0p000__nu0p50__psi0p00,0.15,borrow,38,1056,0.0,37,-0.52304554,-0.4973413,-0.4973413,0.7660866,0.17136157,0.17136157,1.0,0.025704237,0.15,0.0,0.0,0.52304554,0.4973413,-23.452398,1.6854241,0.56180805,0.272,0.0,3.1275566,0.0,0.0
hardzero_only__c0p58__z1p00__lam0p000__nu0p50__psi0p00,0.15,borrow,38,1057,0.0,37,-0.4973413,-0.47205287,-0.47205287,0.77316934,0.16858956,0.16858956,1.0,0.025288435,0.15,0.0,0.0,0.4973413,0.47205287,-23.591908,1.7010065,0.5670022,0.24000001,0.0,3.128735,0.0,0.0
hardzero_only__c0p58__z1p00__lam0p000__nu0p50__psi0p00,0.15,borrow,38,1058,0.0,37,-0.47205287,-0.4466818,-0.4466818,0.77175266,0.1691404,0.1691404,1.0,0.025371062,0.15,0.0,0.0,0.47205287,0.4466818,-23.83555,1.6978897,0.56596327,0.264,0.0,3.1471043,0.0,0.0
hardzero_only__c0p58__z1p00__lam0p000__nu0p50__psi0p00,0.15,borrow,38,1059,0.0,37,-0.4466818,-0.42160797,-0.42160797,0.7768708,0.16715878,0.16715878,1.0,0.025073819,0.15,0.0,0.0,0.4466818,0.42160797,-23.799068,1.7091498,0.56971663,0.28800002,0.0,3.122791,0.0,0.0
hardzero_only__c0p58__z1p00__lam0p000__nu0p50__psi0p00,0.15,borrow,38,1060,0.0,37,-0.42160797,-0.39575505,-0.39575505,0.76358163,0.1723528,0.1723528,1.0,0.025852922,0.15,0.0,0.0,0.42160797,0.39575505,-24.066877,1.6799132,0.5599711,0.33600003,0.008,3.183208,0.0,0.0
hardzero_only__c0p58__z1p00__lam0p000__nu0p50__psi0p00,0.15,borrow,38,1061,0.0,37,-0.39575505,-0.36950025,-0.36950025,0.75688267,0.17503195,0.17503195,1.0,0.026254794,0.15,0.0,0.0,0.39575505,0.36950025,-22.705975,1.6651751,0.55505836,0.328,0.008,3.186709,0.0,0.0
hardzero_only__c0p58__z1p00__lam0p000__nu0p50__psi0p00,0.15,borrow,38,1062,0.0,37,-0.36950025,-0.34497634,-0.34497634,0.7865017,0.16349268,0.16349268,1.0,0.024523903,0.15,0.0,0.0,0.36950025,0.34497634,-24.15908,1.7303383,0.5767795,0.208,0.0,3.1390955,0.0,0.0
hardzero_only__c0p58__z1p00__lam0p000__nu0p50__psi0p00,0.15,borrow,38,1063,0.0,37,-0.34497634,-0.31894562,-0.31894562,0.7606053,0.17353806,0.17353806,1.0,0.02603071,0.15,0.0,0.0,0.34497634,0.31894562,-23.787191,1.673365,0.5577884,0.33600003,0.008,3.2086391,0.0,0.0
hardzero_only__c0p58__z1p00__lam0p000__nu0p50__psi0p00,0.15,borrow,38,1064,0.0,37,-0.31894562,-0.29405582,-0.29405582,0.7800697,0.16593204,0.16593204,1.0,0.024889808,0.15,0.0,0.0,0.31894562,0.29405582,-23.500708,1.7161876,0.57206255,0.296,0.008,3.1662598,0.0,0.0
hardzero_only__c0p58__z1p00__lam0p000__nu0p50__psi0p00,0.15,borrow,38,1065,0.0,37,-0.29405582,-0.26909178,-0.26909178,0.7787763,0.16642697,0.16642697,1.0,0.024964048,0.15,0.0,0.0,0.29405582,0.26909178,-24.46097,1.7133421,0.57111406,0.256,0.0,3.1465154,0.0,0.0
hardzero_only__c0p58__z1p00__lam0p000__nu0p50__psi0p00,0.15,borrow,38,1066,0.0,37,-0.26909178,-0.24373199,-0.24373199,0.7719456,0.16906527,0.16906527,1.0,0.02535979,0.15,0.0,0.0,0.26909178,0.24373199,-22.947245,1.6983142,0.56610477,0.31,0.0,2.5659704,0.0,0.0
hardzero_only__c0p58__z1p00__lam0p000__nu0p50__psi0p00,0.15,borrow,38,1067,0.0,37,-0.24373199,-0.21857537,-0.21857537,0.77543914,0.16771074,0.16771074,1.0,0.025156612,0.15,0.0,0.0,0.24373199,0.21857537,-24.557415,1.7060002,0.56866676,0.24800001,0.0,3.1638227,0.0,0.0
hardzero_only__c0p58__z1p00__lam0p000__nu0p50__psi0p00,0.15,borrow,38,1068,0.0,37,-0.21857537,-0.19362193,-0.19362193,0.7789608,0.16635628,0.16635628,1.0,0.024953444,0.15,0.0,0.0,0.21857537,0.19362193,-23.705965,1.713748,0.57124937,0.264,0.0,3.1185918,0.0,0.0
hardzero_only__c0p58__z1p00__lam0p000__nu0p50__psi0p00,0.15,borrow,38,1069,0.0,37,-0.19362193,-0.16950598,-0.16950598,0.79378676,0.16077304,0.16077304,1.0,0.024115957,0.15,0.0,0.0,0.19362193,0.16950598,-24.156359,1.7463658,0.58212197,0.344,0.0,3.1169503,0.0,0.0
hardzero_only__c0p58__z1p00__lam0p000__nu0p50__psi0p00,0.15,borrow,38,1070,0.0,37,-0.16950598,-0.14252754,-0.14252754,0.7450743,0.17985633,0.17985633,1.0,0.02697845,0.15,0.0,0.0,0.16950598,0.14252754,-23.268627,1.6391962,0.54639876,0.23200001,0.0,3.163351,0.0,0.0
hardzero_only__c0p58__z1p00__lam0p000__nu0p50__psi0p00,0.15,borrow,38,1071,0.0,37,-0.14252754,-0.11642018,-0.11642018,0.7593284,0.174049,0.174049,1.0,0.026107352,0.15,0.0,0.0,0.14252754,0.11642018,-24.898567,1.670556,0.556852,0.28800002,0.0,3.1752658,0.0,0.0
hardzero_only__c0p58__z1p00__lam0p000__nu0p50__psi0p00,0.15,borrow,38,1072,0.0,37,-0.11642018,-0.090631336,-0.090631336,0.76465946,0.17192559,0.17192559,1.0,0.02578884,0.15,0.0,0.0,0.11642018,0.090631336,-24.097885,1.6822845,0.5607615,0.328,0.0,3.1384022,0.0,0.0
hardzero_only__c0p58__z1p00__lam0p000__nu0p50__psi0p00,0.15,borrow,38,1073,0.0,37,-0.090631336,-0.062510386,-0.062510386,0.7270612,0.18747301,0.18747301,1.0,0.028120954,0.15,0.0,0.0,0.090631336,0.062510386,-23.505238,1.5995666,0.5331889,0.36800003,0.0,3.243659,0.0,0.0
hardzero_only__c0p58__z1p00__lam0p000__nu0p50__psi0p00,0.15,borrow,38,1074,0.0,37,-0.062510386,-0.03700523,-0.03700523,0.7694633,0.17003436,0.17003436,1.0,0.025505155,0.15,0.0,0.0,0.062510386,0.03700523,-24.217865,1.6928531,0.5642844,0.28,0.0,3.1991334,0.0,0.0
hardzero_only__c0p58__z1p00__lam0p000__nu0p50__psi0p00,0.15,borrow,38,1075,0.0,37,-0.03700523,-0.010860195,-0.010860195,0.75870204,0.17430022,0.17430022,1.0,0.026145035,0.15,0.0,0.0,0.03700523,0.010860195,-24.247158,1.6691778,0.5563926,0.39200002,0.0,3.2127109,0.0,0.0
hardzero_only__c0p58__z1p00__lam0p000__nu0p50__psi0p00,0.15,borrow,38,1076,1.0,38,-0.010860195,-0.566457,-0.566457,0.7886439,0.16268821,0.16268821,1.0,0.024403233,0.15,0.0,0.0,0.010860195,0.566457,-24.974607,1.7350512,0.5783504,0.18400002,0.0,3.171425,0.0,0.0
hardzero_only__c0p58__z1p00__lam0p000__nu0p50__psi0p00,0.15,borrow,38,1077,0.0,38,-0.566457,-0.54091305,-0.54091305,0.7688034,0.17029291,0.17029291,1.0,0.025543937,0.15,0.0,0.0,0.566457,0.54091305,-23.862503,1.6914012,0.56380045,0.24800001,0.0,3.3454947,0.0,0.0
hardzero_only__c0p58__z1p00__lam0p000__nu0p50__psi0p00,0.15,borrow,38,1078,0.0,38,-0.54091305,-0.51414454,-0.51414454,0.7484671,0.17845672,0.17845672,1.0,0.02676851,0.15,0.0,0.0,0.54091305,0.51414454,-23.466118,1.6466604,0.54888684,0.296,0.0,3.3730924,0.0,0.0
hardzero_only__c0p58__z1p00__lam0p000__nu0p50__psi0p00,0.15,borrow,38,1079,0.0,38,-0.51414454,-0.48790538,-0.48790538,0.7571415,0.17492767,0.17492767,1.0,0.026239151,0.15,0.0,0.0,0.51414454,0.48790538,-23.773964,1.6657445,0.5552482,0.26999998,0.0,2.7034743,0.0,0.0
hardzero_only__c0p58__z1p00__lam0p000__nu0p50__psi0p00,0.15,borrow,38,1080,0.0,38,-0.48790538,-0.46222016,-0.46222016,0.766408,0.17123477,0.17123477,1.0,0.025685217,0.15,0.0,0.0,0.48790538,0.46222016,-23.503191,1.6861314,0.5620438,0.256,0.0,3.3312995,0.0,0.0
hardzero_only__c0p58__z1p00__lam0p000__nu0p50__psi0p00,0.15,borrow,38,1081,0.0,38,-0.46222016,-0.4366039,-0.4366039,0.7675755,0.17077509,0.17077509,1.0,0.025616264,0.15,0.0,0.0,0.46222016,0.4366039,-23.366165,1.6886998,0.56289995,0.28800002,0.0,3.3637974,0.0,0.0
hardzero_only__c0p58__z1p00__lam0p000__nu0p50__psi0p00,0.15,borrow,38,1082,0.0,38,-0.4366039,-0.41384503,-0.41384503,0.8189404,0.15172586,0.15172586,1.0,0.022758879,0.15,0.0,0.0,0.4366039,0.41384503,-24.947481,1.8017049,0.6005683,0.208,0.0,3.346821,0.0,0.0
hardzero_only__c0p58__z1p00__lam0p000__nu0p50__psi0p00,0.15,borrow,38,1083,0.0,38,-0.41384503,-0.38911828,-0.38911828,0.78292406,0.16484506,0.16484506,1.0,0.024726762,0.15,0.0,0.0,0.41384503,0.38911828,-24.464962,1.7224673,0.5741558,0.32000002,0.0,3.3530197,0.0,0.0
hardzero_only__c0p58__z1p00__lam0p000__nu0p50__psi0p00,0.15,borrow,38,1084,0.0,38,-0.38911828,-0.36598963,-0.36598963,0.81194085,0.15419105,0.15419105,1.0,0.023128659,0.15,0.0,0.0,0.38911828,0.36598963,-24.502254,1.7863055,0.5954352,0.272,0.0,3.2492046,0.0,0.0
hardzero_only__c0p58__z1p00__lam0p000__nu0p50__psi0p00,0.15,borrow,38,1085,0.0,38,-0.36598963,-0.33954322,-0.33954322,0.75372446,0.17630942,0.17630942,1.0,0.026446415,0.15,0.0,0.0,0.36598963,0.33954322,-23.498953,1.658227,0.55274236,0.33600003,0.0,3.3510687,0.0,0.0
hardzero_only__c0p58__z1p00__lam0p000__nu0p50__psi0p00,0.15,borrow,38,1086,0.0,38,-0.33954322,-0.3126384,-0.3126384,0.7462612,0.17936546,0.17936546,1.0,0.02690482,0.15,0.0,0.0,0.33954322,0.3126384,-23.124147,1.6418074,0.54726917,0.28,0.0,3.3197963,0.0,0.0
hardzero_only__c0p58__z1p00__lam0p000__nu0p50__psi0p00,0.15,borrow,38,1087,0.0,38,-0.3126384,-0.2892934,-0.2892934,0.8078976,0.15563324,0.15563324,1.0,0.023344986,0.15,0.0,0.0,0.3126384,0.2892934,-24.253353,1.7774103,0.5924701,0.24800001,0.0,3.293741,0.0,0.0
hardzero_only__c0p58__z1p00__lam0p000__nu0p50__psi0p00,0.15,borrow,38,1088,0.0,38,-0.2892934,-0.2638206,-0.2638206,0.770014,0.1698189,0.1698189,1.0,0.025472835,0.15,0.0,0.0,0.2892934,0.2638206,-23.119864,1.6940646,0.5646882,0.24800001,0.0,3.2806401,0.0,0.0
hardzero_only__c0p58__z1p00__lam0p000__nu0p50__psi0p00,0.15,borrow,38,1089,0.0,38,-0.2638206,-0.23953342,-0.23953342,0.79071444,0.16191444,0.16191444,1.0,0.024287166,0.15,0.0,0.0,0.2638206,0.23953342,-23.794859,1.7396065,0.57986885,0.272,0.0,3.2889006,0.0,0.0
hardzero_only__c0p58__z1p00__lam0p000__nu0p50__psi0p00,0.15,borrow,38,1090,0.0,38,-0.23953342,-0.21306704,-0.21306704,0.75339663,0.17644256,0.17644256,1.0,0.026466386,0.15,0.0,0.0,0.23953342,0.21306704,-23.399956,1.6575056,0.5525019,0.312,0.008,3.3735447,0.0,0.0
hardzero_only__c0p58__z1p00__lam0p000__nu0p50__psi0p00,0.15,borrow,38,1091,0.0,38,-0.21306704,-0.18794161,-0.18794161,0.7759779,0.1675028,0.1675028,1.0,0.025125422,0.15,0.0,0.0,0.21306704,0.18794161,-23.801256,1.7071855,0.5690619,0.30400002,0.0,3.3656995,0.0,0.0
hardzero_only__c0p58__z1p00__lam0p000__nu0p50__psi0p00,0.15,borrow,38,1092,0.0,38,-0.18794161,-0.15912619,-0.15912619,0.7164664,0.19210275,0.19210275,1.0,0.028815413,0.15,0.0,0.0,0.18794161,0.15912619,-23.43221,1.5762576,0.52541924,0.29999998,0.0,2.7501812,0.0,0.0
hardzero_only__c0p58__z1p00__lam0p000__nu0p50__psi0p00,0.15,borrow,38,1093,0.0,38,-0.15912619,-0.13435692,-0.13435692,0.78217787,0.16512853,0.16512853,1.0,0.02476928,0.15,0.0,0.0,0.15912619,0.13435692,-23.461847,1.7208257,0.5736086,0.36,0.008,3.3550386,0.0,0.0
hardzero_only__c0p58__z1p00__lam0p000__nu0p50__psi0p00,0.15,borrow,38,1094,0.0,38,-0.13435692,-0.107134074,-0.107134074,0.74115777,0.18148562,0.18148562,1.0,0.027222844,0.15,0.0,0.0,0.13435692,0.107134074,-22.89409,1.6305796,0.54352653,0.24800001,0.0,3.3501902,0.0,0.0
hardzero_only__c0p58__z1p00__lam0p000__nu0p50__psi0p00,0.15,borrow,38,1095,0.0,38,-0.107134074,-0.08198855,-0.08198855,0.77563065,0.16763681,0.16763681,1.0,0.025145523,0.15,0.0,0.0,0.107134074,0.08198855,-23.862656,1.7064215,0.5688072,0.28,0.0,3.3354,0.0,0.0
hardzero_only__c0p58__z1p00__lam0p000__nu0p50__psi0p00,0.15,borrow,38,1096,0.0,38,-0.08198855,-0.0594507,-0.0594507,0.82317877,0.15025234,0.15025234,1.0,0.022537852,0.15,0.0,0.0,0.08198855,0.0594507,-23.56076,1.8110294,0.6036765,0.28,0.0,3.2518392,0.0,0.0
hardzero_only__c0p58__z1p00__lam0p000__nu0p50__psi0p00,0.15,borrow,38,1097,0.0,38,-0.0594507,-0.034571037,-0.034571037,0.7802468,0.16586441,0.16586441,1.0,0.024879662,0.15,0.0,0.0,0.0594507,0.034571037,-23.698421,1.7165772,0.57219243,0.208,0.0,3.3565154,0.0,0.0
hardzero_only__c0p58__z1p00__lam0p000__nu0p50__psi0p00,0.15,borrow,38,1098,0.0,38,-0.034571037,-0.010076707,-0.010076707,0.78702575,0.16329552,0.16329552,1.0,0.02449433,0.15,0.0,0.0,0.034571037,0.010076707,-23.345474,1.7314912,0.57716376,0.224,0.0,3.300337,0.0,0.0
hardzero_only__c0p58__z1p00__lam0p000__nu0p50__psi0p00,0.15,borrow,38,1099,1.0,39,-0.010076707,-0.5656673,-0.5656673,0.78853345,0.1627296,0.1627296,1.0,0.024409441,0.15,0.0,0.0,0.010076707,0.5656673,-24.16981,1.7348082,0.5782694,0.28800002,0.016,3.347365,0.0,0.0
hardzero_only__c0p58__z1p00__lam0p000__nu0p50__psi0p00,0.15,borrow,38,1100,0.0,39,-0.5656673,-0.54311633,-0.54311633,0.8229261,0.15033977,0.15033977,1.0,0.022550967,0.15,0.0,0.0,0.5656673,0.54311633,-24.434847,1.8104736,0.6034912,0.23200001,0.0,3.5025823,0.0,0.0
hardzero_only__c0p58__z1p00__lam0p000__nu0p50__psi0p00,0.15,borrow,38,1101,0.0,39,-0.54311633,-0.51691395,-0.51691395,0.7577501,0.17468269,0.17468269,1.0,0.026202405,0.15,0.0,0.0,0.54311633,0.51691395,-23.74477,1.6670835,0.5556945,0.216,0.016,3.5373466,0.0,0.0
hardzero_only__c0p58__z1p00__lam0p000__nu0p50__psi0p00,0.15,borrow,38,1102,0.0,39,-0.51691395,-0.49125844,-0.49125844,0.76691085,0.17103665,0.17103665,1.0,0.025655499,0.15,0.0,0.0,0.51691395,0.49125844,-23.306437,1.6872376,0.56241256,0.264,0.0,3.5002923,0.0,0.0
hardzero_only__c0p58__z1p00__lam0p000__nu0p50__psi0p00,0.15,borrow,38,1103,0.0,39,-0.49125844,-0.46587712,-0.46587712,0.77157694,0.16920884,0.16920884,1.0,0.025381327,0.15,0.0,0.0,0.49125844,0.46587712,-23.155386,1.6975032,0.5658344,0.28,0.0,3.490765,0.0,0.0
hardzero_only__c0p58__z1p00__lam0p000__nu0p50__psi0p00,0.15,borrow,38,1104,0.0,39,-0.46587712,-0.44209385,-0.44209385,0.79982,0.158555,0.158555,1.0,0.023783252,0.15,0.0,0.0,0.46587712,0.44209385,-24.015635,1.7596391,0.5865464,0.224,0.0,3.4548714,0.0,0.0
hardzero_only__c0p58__z1p00__lam0p000__nu0p50__psi0p00,0.15,borrow,38,1105,0.0,39,-0.44209385,-0.41819507,-0.41819507,0.7977155,0.15932521,0.15932521,1.0,0.023898782,0.15,0.0,0.0,0.44209385,0.41819507,-24.51834,1.7550092,0.5850031,0.29,0.0,2.8865,0.0,0.0
hardzero_only__c0p58__z1p00__lam0p000__nu0p50__psi0p00,0.15,borrow,38,1106,0.0,39,-0.41819507,-0.3928769,-0.3928769,0.77265877,0.16878788,0.16878788,1.0,0.025318183,0.15,0.0,0.0,0.41819507,0.3928769,-23.522137,1.6998832,0.56662774,0.224,0.0,3.4975655,0.0,0.0
hardzero_only__c0p58__z1p00__lam0p000__nu0p50__psi0p00,0.15,borrow,38,1107,0.0,39,-0.3928769,-0.3691618,-0.3691618,0.80106694,0.15810043,0.15810043,1.0,0.023715066,0.15,0.0,0.0,0.3928769,0.3691618,-23.796684,1.7623824,0.5874608,0.208,0.0,3.5208497,0.0,0.0
hardzero_only__c0p58__z1p00__lam0p000__nu0p50__psi0p00,0.15,borrow,38,1108,0.0,39,-0.3691618,-0.34225994,-0.34225994,0.746309,0.17934573,0.17934573,1.0,0.02690186,0.15,0.0,0.0,0.3691618,0.34225994,-22.544455,1.6419126,0.5473042,0.328,0.0,3.530882,0.0,0.0
hardzero_only__c0p58__z1p00__lam0p000__nu0p50__psi0p00,0.15,borrow,38,1109,0.0,39,-0.34225994,-0.3169125,-0.3169125,0.7721571,0.16898297,0.16898297,1.0,0.025347447,0.15,0.0,0.0,0.34225994,0.3169125,-23.700243,1.6987795,0.56625986,0.312,0.0,3.5152545,0.0,0.0
hardzero_only__c0p58__z1p00__lam0p000__nu0p50__psi0p00,0.15,borrow,38,1110,0.0,39,-0.3169125,-0.2905214,-0.2905214,0.7546341,0.17594053,0.17594053,1.0,0.02639108,0.15,0.0,0.0,0.3169125,0.2905214,-23.57506,1.6602281,0.5534094,0.24000001,0.0,3.5560694,0.0,0.0
hardzero_only__c0p58__z1p00__lam0p000__nu0p50__psi0p00,0.15,borrow,38,1111,0.0,39,-0.2905214,-0.2662918,-0.2662918,0.791745,0.16153067,0.16153067,1.0,0.024229603,0.15,0.0,0.0,0.2905214,0.2662918,-24.406788,1.7418739,0.58062464,0.264,0.0,3.5071685,0.0,0.0
hardzero_only__c0p58__z1p00__lam0p000__nu0p50__psi0p00,0.15,borrow,38,1112,0.0,39,-0.2662918,-0.23927423,-0.23927423,0.7444452,0.18011704,0.18011704,1.0,0.027017558,0.15,0.0,0.0,0.2662918,0.23927423,-22.865158,1.6378121,0.5459374,0.264,0.0,3.4879386,0.0,0.0
hardzero_only__c0p58__z1p00__lam0p000__nu0p50__psi0p00,0.15,borrow,38,1113,0.0,39,-0.23927423,-0.2153662,-0.2153662,0.7975475,0.15938684,0.15938684,1.0,0.023908028,0.15,0.0,0.0,0.23927423,0.2153662,-24.073565,1.7546396,0.5848799,0.24000001,0.0,3.501781,0.0,0.0
hardzero_only__c0p58__z1p00__lam0p000__nu0p50__psi0p00,0.15,borrow,38,1114,0.0,39,-0.2153662,-0.18661398,-0.18661398,0.7174198,0.19168149,0.19168149,1.0,0.028752225,0.15,0.0,0.0,0.2153662,0.18661398,-22.85995,1.5783551,0.5261184,0.35200003,0.016,3.600644,0.0,0.0
hardzero_only__c0p58__z1p00__lam0p000__nu0p50__psi0p00,0.15,borrow,38,1115,0.0,39,-0.18661398,-0.16051327,-0.16051327,0.7594389,0.17400476,0.17400476,1.0,0.026100716,0.15,0.0,0.0,0.18661398,0.16051327,-23.65394,1.6707989,0.556933,0.264,0.0,3.528532,0.0,0.0
hardzero_only__c0p58__z1p00__lam0p000__nu0p50__psi0p00,0.15,borrow,38,1116,0.0,39,-0.16051327,-0.13698992,-0.13698992,0.80459225,0.15682228,0.15682228,1.0,0.023523344,0.15,0.0,0.0,0.16051327,0.13698992,-24.132792,1.7701383,0.5900461,0.24000001,0.0,3.5144248,0.0,0.0
hardzero_only__c0p58__z1p00__lam0p000__nu0p50__psi0p00,0.15,borrow,38,1117,0.0,39,-0.13698992,-0.11107643,-0.11107643,0.7625654,0.1727566,0.1727566,1.0,0.02591349,0.15,0.0,0.0,0.13698992,0.11107643,-23.212572,1.6776773,0.5592258,0.28800002,0.0,3.4707155,0.0,0.0
hardzero_only__c0p58__z1p00__lam0p000__nu0p50__psi0p00,0.15,borrow,38,1118,0.0,39,-0.11107643,-0.08856091,-0.08856091,0.8236094,0.15010343,0.15010343,1.0,0.022515517,0.15,0.0,0.0,0.11107643,0.08856091,-24.27601,1.8119769,0.60399234,0.28,0.0,2.7962713,0.0,0.0
hardzero_only__c0p58__z1p00__lam0p000__nu0p50__psi0p00,0.15,borrow,38,1119,0.0,39,-0.08856091,-0.06296421,-0.06296421,0.76790726,0.17064467,0.17064467,1.0,0.025596702,0.15,0.0,0.0,0.08856091,0.06296421,-23.427454,1.6894298,0.56314325,0.23200001,0.0,3.5238428,0.0,0.0
hardzero_only__c0p58__z1p00__lam0p000__nu0p50__psi0p00,0.15,borrow,38,1120,0.0,39,-0.06296421,-0.038425297,-0.038425297,0.7862359,0.16359276,0.16359276,1.0,0.024538914,0.15,0.0,0.0,0.06296421,0.038425297,-23.888725,1.7297536,0.5765846,0.208,0.0,3.5311825,0.0,0.0
hardzero_only__c0p58__z1p00__lam0p000__nu0p50__psi0p00,0.15,borrow,38,1121,0.0,39,-0.038425297,-0.0103255175,-0.0103255175,0.7273883,0.18733186,0.18733186,1.0,0.028099779,0.15,0.0,0.0,0.038425297,0.0103255175,-23.295837,1.6002862,0.5334288,0.36,0.016,3.573876,0.0,0.0
hardzero_only__c0p58__z1p00__lam0p000__nu0p50__psi0p00,0.15,borrow,38,1122,1.0,40,-0.0103255175,-0.56590295,-0.56590295,0.78830105,0.1628167,0.1628167,1.0,0.024422506,0.15,0.0,0.0,0.0103255175,0.56590295,-24.637032,1.7342969,0.578099,0.264,0.0,3.5038877,0.0,0.0
hardzero_only__c0p58__z1p00__lam0p000__nu0p50__psi0p00,0.15,borrow,38,1123,0.0,40,-0.56590295,-0.54367983,-0.54367983,0.8292867,0.14815398,0.14815398,1.0,0.022223096,0.15,0.0,0.0,0.56590295,0.54367983,-23.97779,1.8244672,0.6081557,0.272,0.0,3.6188226,0.0,0.0
hardzero_only__c0p58__z1p00__lam0p000__nu0p50__psi0p00,0.15,borrow,38,1124,0.0,40,-0.54367983,-0.5194081,-0.5194081,0.7909909,0.1618114,0.1618114,1.0,0.02427171,0.15,0.0,0.0,0.54367983,0.5194081,-24.252869,1.7402147,0.58007157,0.23200001,0.008,3.6430519,0.0,0.0
hardzero_only__c0p58__z1p00__lam0p000__nu0p50__psi0p00,0.15,borrow,38,1125,0.0,40,-0.5194081,-0.49422947,-0.49422947,0.77505904,0.16785757,0.16785757,1.0,0.025178637,0.15,0.0,0.0,0.5194081,0.49422947,-23.784388,1.705164,0.568388,0.264,0.008,3.7002175,0.0,0.0
hardzero_only__c0p58__z1p00__lam0p000__nu0p50__psi0p00,0.15,borrow,38,1126,0.0,40,-0.49422947,-0.4712672,-0.4712672,0.81507653,0.15308176,0.15308176,1.0,0.022962265,0.15,0.0,0.0,0.49422947,0.4712672,-23.700377,1.7932042,0.59773475,0.23200001,0.0,3.6736455,0.0,0.0
hardzero_only__c0p58__z1p00__lam0p000__nu0p50__psi0p00,0.15,borrow,38,1127,0.0,40,-0.4712672,-0.44512603,-0.44512603,0.7587665,0.17427436,0.17427436,1.0,0.026141154,0.15,0.0,0.0,0.4712672,0.44512603,-23.64347,1.6693196,0.5564399,0.30400002,0.0,3.7096124,0.0,0.0
hardzero_only__c0p58__z1p00__lam0p000__nu0p50__psi0p00,0.15,borrow,38,1128,0.0,40,-0.44512603,-0.419312,-0.419312,0.76423544,0.17209354,0.17209354,1.0,0.025814032,0.15,0.0,0.0,0.44512603,0.419312,-23.83513,1.6813515,0.56045055,0.344,0.0,3.72956,0.0,0.0
hardzero_only__c0p58__z1p00__lam0p000__nu0p50__psi0p00,0.15,borrow,38,1129,0.0,40,-0.419312,-0.39166442,-0.39166442,0.73443395,0.18431728,0.18431728,1.0,0.027647592,0.15,0.0,0.0,0.419312,0.39166442,-23.104076,1.6157869,0.5385957,0.264,0.0,3.7525315,0.0,0.0
hardzero_only__c0p58__z1p00__lam0p000__nu0p50__psi0p00,0.15,borrow,38,1130,0.0,40,-0.39166442,-0.36662763,-0.36662763,0.77751267,0.16691189,0.16691189,1.0,0.025036784,0.15,0.0,0.0,0.39166442,0.36662763,-23.20952,1.710562,0.57018733,0.23200001,0.0,3.6864364,0.0,0.0
hardzero_only__c0p58__z1p00__lam0p000__nu0p50__psi0p00,0.15,borrow,38,1131,0.0,40,-0.36662763,-0.34169334,-0.34169334,0.77929425,0.16622858,0.16622858,1.0,0.024934288,0.15,0.0,0.0,0.36662763,0.34169334,-23.741508,1.7144816,0.57149386,0.32999998,0.0,3.0039976,0.0,0.0
hardzero_only__c0p58__z1p00__lam0p000__nu0p50__psi0p00,0.15,borrow,38,1132,0.0,40,-0.34169334,-0.317075,-0.317075,0.78483266,0.1641222,0.1641222,1.0,0.02461833,0.15,0.0,0.0,0.34169334,0.317075,-23.266022,1.7266663,0.57555544,0.272,0.0,3.619349,0.0,0.0
hardzero_only__c0p58__z1p00__lam0p000__nu0p50__psi0p00,0.15,borrow,38,1133,0.0,40,-0.317075,-0.2940625,-0.2940625,0.81412727,0.15341674,0.15341674,1.0,0.023012511,0.15,0.0,0.0,0.317075,0.2940625,-23.922955,1.7911158,0.5970386,0.2,0.0,3.6302214,0.0,0.0
hardzero_only__c0p58__z1p00__lam0p000__nu0p50__psi0p00,0.15,borrow,38,1134,0.0,40,-0.2940625,-0.2669117,-0.2669117,0.7423084,0.18100543,0.18100543,1.0,0.027150815,0.15,0.0,0.0,0.2940625,0.2669117,-23.360435,1.633111,0.54437035,0.30400002,0.0,3.7457619,0.0,0.0
hardzero_only__c0p58__z1p00__lam0p000__nu0p50__psi0p00,0.15,borrow,38,1135,0.0,40,-0.2669117,-0.23930885,-0.23930885,0.73513764,0.18401888,0.18401888,1.0,0.027602833,0.15,0.0,0.0,0.2669117,0.23930885,-23.995626,1.6173351,0.53911173,0.28800002,0.0,3.7477474,0.0,0.0
hardzero_only__c0p58__z1p00__lam0p000__nu0p50__psi0p00,0.15,borrow,38,1136,0.0,40,-0.23930885,-0.21425478,-0.21425478,0.77721316,0.16702707,0.16702707,1.0,0.025054062,0.15,0.0,0.0,0.23930885,0.21425478,-23.979343,1.7099031,0.56996775,0.30400002,0.0,3.72063,0.0,0.0
hardzero_only__c0p58__z1p00__lam0p000__nu0p50__psi0p00,0.15,borrow,38,1137,0.0,40,-0.21425478,-0.18972445,-0.18972445,0.7863879,0.16353552,0.16353552,1.0,0.024530329,0.15,0.0,0.0,0.21425478,0.18972445,-24.016285,1.730088,0.57669604,0.344,0.0,3.7030628,0.0,0.0
hardzero_only__c0p58__z1p00__lam0p000__nu0p50__psi0p00,0.15,borrow,38,1138,0.0,40,-0.18972445,-0.16460556,-0.16460556,0.776091,0.16745919,0.16745919,1.0,0.02511888,0.15,0.0,0.0,0.18972445,0.16460556,-23.735449,1.7074343,0.5691448,0.33600003,0.0,3.7062762,0.0,0.0
hardzero_only__c0p58__z1p00__lam0p000__nu0p50__psi0p00,0.15,borrow,38,1139,0.0,40,-0.16460556,-0.13999213,-0.13999213,0.7849191,0.16408953,0.16408953,1.0,0.02461343,0.15,0.0,0.0,0.16460556,0.13999213,-23.60717,1.7268565,0.57561886,0.216,0.0,3.6749732,0.0,0.0
hardzero_only__c0p58__z1p00__lam0p000__nu0p50__psi0p00,0.15,borrow,38,1140,0.0,40,-0.13999213,-0.115463555,-0.115463555,0.7864188,0.16352387,0.16352387,1.0,0.024528582,0.15,0.0,0.0,0.13999213,0.115463555,-24.047886,1.730156,0.5767187,0.23200001,0.0,3.7505038,0.0,0.0
hardzero_only__c0p58__z1p00__lam0p000__nu0p50__psi0p00,0.15,borrow,38,1141,0.0,40,-0.115463555,-0.08908603,-0.08908603,0.75485724,0.17585015,0.17585015,1.0,0.026377523,0.15,0.0,0.0,0.115463555,0.08908603,-22.918053,1.660719,0.553573,0.28,0.0,3.6748137,0.0,0.0
hardzero_only__c0p58__z1p00__lam0p000__nu0p50__psi0p00,0.15,borrow,38,1142,0.0,40,-0.08908603,-0.06366836,-0.06366836,0.7709555,0.16945113,0.16945113,1.0,0.02541767,0.15,0.0,0.0,0.08908603,0.06366836,-23.042881,1.696136,0.56537867,0.2,0.0,3.671626,0.0,0.0
hardzero_only__c0p58__z1p00__lam0p000__nu0p50__psi0p00,0.15,borrow,38,1143,0.0,40,-0.06366836,-0.040712744,-0.040712744,0.81520224,0.15303746,0.15303746,1.0,0.022955619,0.15,0.0,0.0,0.06366836,0.040712744,-24.768631,1.7934808,0.59782696,0.24800001,0.0,3.6730592,0.0,0.0
hardzero_only__c0p58__z1p00__lam0p000__nu0p50__psi0p00,0.15,borrow,38,1144,0.0,40,-0.040712744,-0.01556615,-0.01556615,0.7756121,0.16764395,0.16764395,1.0,0.025146594,0.15,0.0,0.0,0.040712744,0.01556615,-23.326122,1.7063807,0.5687936,0.26,0.0,2.9985063,0.0,0.0
hardzero_only__c0p58__z1p00__lam0p000__nu0p50__psi0p00,0.15,borrow,38,1145,1.0,41,-0.01556615,-0.56984586,-0.56984586,0.76581556,0.17146853,0.17146853,1.0,0.02572028,0.15,0.0,0.0,0.01556615,0.56984586,-23.34268,1.6848278,0.56160927,0.2,0.0,3.7077913,0.0,0.0
hardzero_only__c0p58__z1p00__lam0p000__nu0p50__psi0p00,0.15,borrow,38,1146,0.0,41,-0.56984586,-0.5467424,-0.5467424,0.8124139,0.15402319,0.15402319,1.0,0.02310348,0.15,0.0,0.0,0.56984586,0.5467424,-24.213848,1.7873462,0.5957821,0.18400002,0.0,3.7685137,0.0,0.0
hardzero_only__c0p58__z1p00__lam0p000__nu0p50__psi0p00,0.15,borrow,38,1147,0.0,41,-0.5467424,-0.5226763,-0.5226763,0.7946854,0.1604407,0.1604407,1.0,0.024066105,0.15,0.0,0.0,0.5467424,0.5226763,-23.907013,1.7483429,0.58278096,0.28800002,0.0,3.8455977,0.0,0.0
hardzero_only__c0p58__z1p00__lam0p000__nu0p50__psi0p00,0.15,borrow,38,1148,0.0,41,-0.5226763,-0.49831077,-0.49831077,0.7893156,0.1624368,0.1624368,1.0,0.02436552,0.15,0.0,0.0,0.5226763,0.49831077,-23.559853,1.736529,0.578843,0.264,0.0,3.8904371,0.0,0.0
hardzero_only__c0p58__z1p00__lam0p000__nu0p50__psi0p00,0.15,borrow,38,1149,0.0,41,-0.49831077,-0.47230992,-0.47230992,0.7611034,0.17333913,0.17333913,1.0,0.02600087,0.15,0.0,0.0,0.49831077,0.47230992,-23.368525,1.6744609,0.5581536,0.28,0.0,3.8594613,0.0,0.0
hardzero_only__c0p58__z1p00__lam0p000__nu0p50__psi0p00,0.15,borrow,38,1150,0.0,41,-0.47230992,-0.4465563,-0.4465563,0.76525295,0.1716908,0.1716908,1.0,0.025753623,0.15,0.0,0.0,0.47230992,0.4465563,-23.10487,1.68359,0.5611967,0.264,0.0,3.8261476,0.0,0.0
hardzero_only__c0p58__z1p00__lam0p000__nu0p50__psi0p00,0.15,borrow,38,1151,0.0,41,-0.4465563,-0.42205644,-0.42205644,0.78692764,0.16333242,0.16333242,1.0,0.024499863,0.15,0.0,0.0,0.4465563,0.42205644,-23.610138,1.7312754,0.5770918,0.296,0.0,3.8833404,0.0,0.0
hardzero_only__c0p58__z1p00__lam0p000__nu0p50__psi0p00,0.15,borrow,38,1152,0.0,41,-0.42205644,-0.39480302,-0.39480302,0.74067,0.18168955,0.18168955,1.0,0.027253432,0.15,0.0,0.0,0.42205644,0.39480302,-22.839361,1.6295066,0.5431689,0.36,0.0,3.8925335,0.0,0.0
hardzero_only__c0p58__z1p00__lam0p000__nu0p50__psi0p00,0.15,borrow,38,1153,0.0,41,-0.39480302,-0.368956,-0.368956,0.763681,0.17231339,0.17231339,1.0,0.02584701,0.15,0.0,0.0,0.39480302,0.368956,-23.565285,1.6801318,0.56004393,0.28,0.0,3.9295976,0.0,0.0
hardzero_only__c0p58__z1p00__lam0p000__nu0p50__psi0p00,0.15,borrow,38,1154,0.0,41,-0.368956,-0.3451392,-0.3451392,0.79920775,0.1587787,0.1587787,1.0,0.023816805,0.15,0.0,0.0,0.368956,0.3451392,-24.213682,1.7582922,0.5860974,0.192,0.0,3.8628442,0.0,0.0
hardzero_only__c0p58__z1p00__lam0p000__nu0p50__psi0p00,0.15,borrow,38,1155,0.0,41,-0.3451392,-0.31968924,-0.31968924,0.7704039,0.16966647,0.16966647,1.0,0.02544997,0.15,0.0,0.0,0.3451392,0.31968924,-23.899837,1.6949224,0.5649742,0.272,0.0,3.928108,0.0,0.0
hardzero_only__c0p58__z1p00__lam0p000__nu0p50__psi0p00,0.15,borrow,38,1156,0.0,41,-0.31968924,-0.29643613,-0.29643613,0.8096101,0.15502077,0.15502077,1.0,0.023253117,0.15,0.0,0.0,0.31968924,0.29643613,-24.432714,1.7811779,0.593726,0.24000001,0.0,3.869562,0.0,0.0
hardzero_only__c0p58__z1p00__lam0p000__nu0p50__psi0p00,0.15,borrow,38,1157,0.0,41,-0.29643613,-0.27252123,-0.27252123,0.79742265,0.15943268,0.15943268,1.0,0.023914903,0.15,0.0,0.0,0.29643613,0.27252123,-23.720612,1.7543648,0.5847883,0.26999998,0.01,3.1280441,0.0,0.0
hardzero_only__c0p58__z1p00__lam0p000__nu0p50__psi0p00,0.15,borrow,38,1158,0.0,41,-0.27252123,-0.24609996,-0.24609996,0.7541377,0.17614174,0.17614174,1.0,0.026421262,0.15,0.0,0.0,0.27252123,0.24609996,-23.347794,1.659136,0.5530454,0.272,0.0,3.9198096,0.0,0.0
hardzero_only__c0p58__z1p00__lam0p000__nu0p50__psi0p00,0.15,borrow,38,1159,0.0,41,-0.24609996,-0.21967839,-0.21967839,0.7541326,0.1761438,0.1761438,1.0,0.026421571,0.15,0.0,0.0,0.24609996,0.21967839,-23.449587,1.6591249,0.55304164,0.328,0.0,3.8794122,0.0,0.0
hardzero_only__c0p58__z1p00__lam0p000__nu0p50__psi0p00,0.15,borrow,38,1160,0.0,41,-0.21967839,-0.19479641,-0.19479641,0.7802063,0.16587986,0.16587986,1.0,0.02488198,0.15,0.0,0.0,0.21967839,0.19479641,-23.994202,1.7164881,0.57216275,0.30400002,0.0,3.8810258,0.0,0.0
hardzero_only__c0p58__z1p00__lam0p000__nu0p50__psi0p00,0.15,borrow,38,1161,0.0,41,-0.19479641,-0.16958459,-0.16958459,0.774487,0.16807881,0.16807881,1.0,0.025211822,0.15,0.0,0.0,0.19479641,0.16958459,-23.447838,1.7039055,0.5679685,0.272,0.008,3.8779879,0.0,0.0
hardzero_only__c0p58__z1p00__lam0p000__nu0p50__psi0p00,0.15,borrow,38,1162,0.0,41,-0.16958459,-0.14501901,-0.14501901,0.7857643,0.16377051,0.16377051,1.0,0.024565578,0.15,0.0,0.0,0.16958459,0.14501901,-22.768911,1.7287159,0.57623863,0.256,0.0,3.8294728,0.0,0.0
hardzero_only__c0p58__z1p00__lam0p000__nu0p50__psi0p00,0.15,borrow,38,1163,0.0,41,-0.14501901,-0.12026942,-0.12026942,0.7825232,0.16499728,0.16499728,1.0,0.024749594,0.15,0.0,0.0,0.14501901,0.12026942,-23.439983,1.7215855,0.57386184,0.28,0.0,3.854642,0.0,0.0
hardzero_only__c0p58__z1p00__lam0p000__nu0p50__psi0p00,0.15,borrow,38,1164,0.0,41,-0.12026942,-0.09397308,-0.09397308,0.75619596,0.17530893,0.17530893,1.0,0.02629634,0.15,0.0,0.0,0.12026942,0.09397308,-23.670853,1.6636643,0.5545548,0.36,0.0,3.9584908,0.0,0.0
hardzero_only__c0p58__z1p00__lam0p000__nu0p50__psi0p00,0.15,borrow,38,1165,0.0,41,-0.09397308,-0.0686067,-0.0686067,0.77183276,0.16910921,0.16910921,1.0,0.025366383,0.15,0.0,0.0,0.09397308,0.0686067,-23.344837,1.698066,0.56602204,0.28,0.008,3.866756,0.0,0.0
hardzero_only__c0p58__z1p00__lam0p000__nu0p50__psi0p00,0.15,borrow,38,1166,0.0,41,-0.0686067,-0.041253865,-0.041253865,0.73908895,0.18235222,0.18235222,1.0,0.027352834,0.15,0.0,0.0,0.0686067,0.041253865,-23.575077,1.6260282,0.5420094,0.272,0.008,3.92319,0.0,0.0
hardzero_only__c0p58__z1p00__lam0p000__nu0p50__psi0p00,0.15,borrow,38,1167,0.0,41,-0.041253865,-0.016805097,-0.016805097,0.7878343,0.16299178,0.16299178,1.0,0.024448767,0.15,0.0,0.0,0.041253865,0.016805097,-24.097183,1.73327,0.5777567,0.312,0.0,3.9148738,0.0,0.0
hardzero_only__c0p58__z1p00__lam0p000__nu0p50__psi0p00,0.15,borrow,38,1168,1.0,42,-0.016805097,-0.5717318,-0.5717318,0.7768804,0.16715509,0.16715509,1.0,0.025073264,0.15,0.0,0.0,0.016805097,0.5717318,-23.456896,1.7091709,0.56972367,0.28,0.0,3.894868,0.0,0.0
hardzero_only__c0p58__z1p00__lam0p000__nu0p50__psi0p00,0.15,borrow,38,1169,0.0,42,-0.5717318,-0.54620844,-0.54620844,0.7691533,0.17015578,0.17015578,1.0,0.025523368,0.15,0.0,0.0,0.5717318,0.54620844,-24.043034,1.692171,0.564057,0.272,0.0,4.058587,0.0,0.0
hardzero_only__c0p58__z1p00__lam0p000__nu0p50__psi0p00,0.15,borrow,38,1170,0.0,42,-0.54620844,-0.5195112,-0.5195112,0.7496249,0.17798159,0.17798159,1.0,0.026697239,0.15,0.0,0.0,0.54620844,0.5195112,-23.024654,1.6492077,0.5497359,0.29999998,0.0,3.2763162,0.0,0.0
hardzero_only__c0p58__z1p00__lam0p000__nu0p50__psi0p00,0.15,borrow,38,1171,0.0,42,-0.5195112,-0.49361145,-0.49361145,0.76279545,0.1726651,0.1726651,1.0,0.025899766,0.15,0.0,0.0,0.5195112,0.49361145,-23.699778,1.6781834,0.5593945,0.328,0.0,4.1059937,0.0,0.0
hardzero_only__c0p58__z1p00__lam0p000__nu0p50__psi0p00,0.15,borrow,38,1172,0.0,42,-0.49361145,-0.4680534,-0.4680534,0.76856333,0.17038707,0.17038707,1.0,0.025558062,0.15,0.0,0.0,0.49361145,0.4680534,-23.627481,1.690873,0.5636244,0.2,0.008,4.009282,0.0,0.0
hardzero_only__c0p58__z1p00__lam0p000__nu0p50__psi0p00,0.15,borrow,38,1173,0.0,42,-0.4680534,-0.44517317,-0.44517317,0.8166308,0.1525349,0.1525349,1.0,0.022880236,0.15,0.0,0.0,0.4680534,0.44517317,-25.165527,1.7966236,0.59887457,0.272,0.0,4.041672,0.0,0.0
hardzero_only__c0p58__z1p00__lam0p000__nu0p50__psi0p00,0.15,borrow,38,1174,0.0,42,-0.44517317,-0.4220303,-0.4220303,0.8116742,0.15428574,0.15428574,1.0,0.023142863,0.15,0.0,0.0,0.44517317,0.4220303,-24.234964,1.7857188,0.59523964,0.17600001,0.0,4.0073047,0.0,0.0
hardzero_only__c0p58__z1p00__lam0p000__nu0p50__psi0p00,0.15,borrow,38,1175,0.0,42,-0.4220303,-0.39687088,-0.39687088,0.77539074,0.16772942,0.16772942,1.0,0.025159415,0.15,0.0,0.0,0.4220303,0.39687088,-23.230055,1.7058936,0.56863123,0.256,0.0,4.0666203,0.0,0.0
hardzero_only__c0p58__z1p00__lam0p000__nu0p50__psi0p00,0.15,borrow,38,1176,0.0,42,-0.39687088,-0.37094805,-0.37094805,0.7624089,0.17281884,0.17281884,1.0,0.025922827,0.15,0.0,0.0,0.39687088,0.37094805,-23.71198,1.6773331,0.55911106,0.256,0.0,4.0343037,0.0,0.0
hardzero_only__c0p58__z1p00__lam0p000__nu0p50__psi0p00,0.15,borrow,38,1177,0.0,42,-0.37094805,-0.34659326,-0.34659326,0.78950673,0.1623653,0.1623653,1.0,0.024354797,0.15,0.0,0.0,0.37094805,0.34659326,-23.346628,1.7369494,0.5789832,0.28,0.0,3.9928374,0.0,0.0
hardzero_only__c0p58__z1p00__lam0p000__nu0p50__psi0p00,0.15,borrow,38,1178,0.0,42,-0.34659326,-0.3233308,-0.3233308,0.8094353,0.15508316,0.15508316,1.0,0.023262475,0.15,0.0,0.0,0.34659326,0.3233308,-24.520716,1.7807932,0.59359777,0.272,0.0,4.0369754,0.0,0.0
hardzero_only__c0p58__z1p00__lam0p000__nu0p50__psi0p00,0.15,borrow,38,1179,0.0,42,-0.3233308,-0.29739472,-0.29739472,0.7621873,0.17290704,0.17290704,1.0,0.025936058,0.15,0.0,0.0,0.3233308,0.29739472,-24.252228,1.6768456,0.5589485,0.36800003,0.0,4.023344,0.0,0.0
hardzero_only__c0p58__z1p00__lam0p000__nu0p50__psi0p00,0.15,borrow,38,1180,0.0,42,-0.29739472,-0.274247,-0.274247,0.8115826,0.15431827,0.15431827,1.0,0.023147741,0.15,0.0,0.0,0.29739472,0.274247,-24.889698,1.7855175,0.5951725,0.216,0.0,4.0930343,0.0,0.0
hardzero_only__c0p58__z1p00__lam0p000__nu0p50__psi0p00,0.15,borrow,38,1181,0.0,42,-0.274247,-0.24895799,-0.24895799,0.77315974,0.16859327,0.16859327,1.0,0.025288992,0.15,0.0,0.0,0.274247,0.24895799,-23.924318,1.7009854,0.56699514,0.192,0.0,4.0685906,0.0,0.0
hardzero_only__c0p58__z1p00__lam0p000__nu0p50__psi0p00,0.15,borrow,38,1182,0.0,42,-0.24895799,-0.22279383,-0.22279383,0.75838435,0.17442776,0.17442776,1.0,0.026164165,0.15,0.0,0.0,0.24895799,0.22279383,-23.159903,1.6684788,0.5561596,0.256,0.008,4.0230136,0.0,0.0
hardzero_only__c0p58__z1p00__lam0p000__nu0p50__psi0p00,0.15,borrow,38,1183,0.0,42,-0.22279383,-0.19401015,-0.19401015,0.71694493,0.19189121,0.19189121,1.0,0.028783683,0.15,0.0,0.0,0.22279383,0.19401015,-22.940422,1.5773103,0.5257701,0.31,0.0,3.3452902,0.0,0.0
hardzero_only__c0p58__z1p00__lam0p000__nu0p50__psi0p00,0.15,borrow,38,1184,0.0,42,-0.19401015,-0.17166518,-0.17166518,0.82691145,0.14896648,0.14896648,1.0,0.022344973,0.15,0.0,0.0,0.19401015,0.17166518,-24.923162,1.8192415,0.60641384,0.264,0.008,3.9496083,0.0,0.0
hardzero_only__c0p58__z1p00__lam0p000__nu0p50__psi0p00,0.15,borrow,38,1185,0.0,42,-0.17166518,-0.14648566,-0.14648566,0.7750439,0.16786343,0.16786343,1.0,0.025179515,0.15,0.0,0.0,0.17166518,0.14648566,-23.696829,1.7051307,0.5683769,0.272,0.0,4.0203657,0.0,0.0
hardzero_only__c0p58__z1p00__lam0p000__nu0p50__psi0p00,0.15,borrow,38,1186,0.0,42,-0.14648566,-0.12060648,-0.12060648,0.76314086,0.17252782,0.17252782,1.0,0.025879174,0.15,0.0,0.0,0.14648566,0.12060648,-23.397303,1.6789434,0.5596478,0.312,0.0,4.113136,0.0,0.0
hardzero_only__c0p58__z1p00__lam0p000__nu0p50__psi0p00,0.15,borrow,38,1187,0.0,42,-0.12060648,-0.09544021,-0.09544021,0.7752724,0.16777512,0.16777512,1.0,0.02516627,0.15,0.0,0.0,0.12060648,0.09544021,-24.387505,1.7056334,0.5685445,0.28800002,0.0,4.035256,0.0,0.0
hardzero_only__c0p58__z1p00__lam0p000__nu0p50__psi0p00,0.15,borrow,38,1188,0.0,42,-0.09544021,-0.06960028,-0.06960028,0.7637999,0.1722662,0.1722662,1.0,0.02583993,0.15,0.0,0.0,0.09544021,0.06960028,-23.93157,1.6803933,0.56013113,0.296,0.008,4.037195,0.0,0.0
hardzero_only__c0p58__z1p00__lam0p000__nu0p50__psi0p00,0.15,borrow,38,1189,0.0,42,-0.06960028,-0.04323218,-0.04323218,0.7550125,0.1757873,0.1757873,1.0,0.026368096,0.15,0.0,0.0,0.06960028,0.04323218,-22.384487,1.6610607,0.5536869,0.32000002,0.0,4.034155,0.0,0.0
hardzero_only__c0p58__z1p00__lam0p000__nu0p50__psi0p00,0.15,borrow,38,1190,0.0,42,-0.04323218,-0.017173918,-0.017173918,0.7601458,0.17372175,0.17372175,1.0,0.026058262,0.15,0.0,0.0,0.04323218,0.017173918,-24.078838,1.6723541,0.55745137,0.264,0.0,4.121387,0.0,0.0
hardzero_only__c0p58__z1p00__lam0p000__nu0p50__psi0p00,0.15,borrow,38,1191,1.0,43,-0.017173918,-0.5711381,-0.5711381,0.7605198,0.17357221,0.17357221,1.0,0.026035832,0.15,0.0,0.0,0.017173918,0.5711381,-23.331675,1.673177,0.55772567,0.296,0.0,4.061563,0.0,0.0
hardzero_only__c0p58__z1p00__lam0p000__nu0p50__psi0p00,0.15,borrow,38,1192,0.0,43,-0.5711381,-0.54349095,-0.54349095,0.7344413,0.18431416,0.18431416,1.0,0.027647125,0.15,0.0,0.0,0.5711381,0.54349095,-22.44925,1.6158031,0.53860104,0.272,0.0,4.2104955,0.0,0.0
hardzero_only__c0p58__z1p00__lam0p000__nu0p50__psi0p00,0.15,borrow,38,1193,0.0,43,-0.54349095,-0.51891536,-0.51891536,0.78558725,0.16383728,0.16383728,1.0,0.024575593,0.15,0.0,0.0,0.54349095,0.51891536,-23.372473,1.7283264,0.5761088,0.2,0.0,4.1935086,0.0,0.0
hardzero_only__c0p58__z1p00__lam0p000__nu0p50__psi0p00,0.15,borrow,38,1194,0.0,43,-0.51891536,-0.49331245,-0.49331245,0.767802,0.17068604,0.17068604,1.0,0.025602907,0.15,0.0,0.0,0.51891536,0.49331245,-23.12223,1.6891981,0.56306607,0.32000002,0.008,4.219177,0.0,0.0
hardzero_only__c0p58__z1p00__lam0p000__nu0p50__psi0p00,0.15,borrow,38,1195,0.0,43,-0.49331245,-0.46780363,-0.46780363,0.7694007,0.17005886,0.17005886,1.0,0.02550883,0.15,0.0,0.0,0.49331245,0.46780363,-23.815882,1.6927154,0.5642385,0.23200001,0.0,4.1389623,0.0,0.0
hardzero_only__c0p58__z1p00__lam0p000__nu0p50__psi0p00,0.15,borrow,38,1196,0.0,43,-0.46780363,-0.4422116,-0.4422116,0.76798666,0.17061347,0.17061347,1.0,0.025592022,0.15,0.0,0.0,0.46780363,0.4422116,-24.524889,1.6896044,0.5632015,0.29999998,0.0,3.405005,0.0,0.0
hardzero_only__c0p58__z1p00__lam0p000__nu0p50__psi0p00,0.15,borrow,38,1197,0.0,43,-0.4422116,-0.41867635,-0.41867635,0.8043726,0.15690161,0.15690161,1.0,0.023535242,0.15,0.0,0.0,0.4422116,0.41867635,-24.666534,1.7696551,0.58988506,0.272,0.0,4.206032,0.0,0.0
hardzero_only__c0p58__z1p00__lam0p000__nu0p50__psi0p00,0.15,borrow,38,1198,0.0,43,-0.41867635,-0.39441913,-0.39441913,0.79125035,0.16171476,0.16171476,1.0,0.024257215,0.15,0.0,0.0,0.41867635,0.39441913,-24.049934,1.7407855,0.5802618,0.24800001,0.0,4.140993,0.0,0.0
hardzero_only__c0p58__z1p00__lam0p000__nu0p50__psi0p00,0.15,borrow,38,1199,0.0,43,-0.39441913,-0.36894852,-0.36894852,0.7700516,0.16980419,0.16980419,1.0,0.02547063,0.15,0.0,0.0,0.39441913,0.36894852,-23.467505,1.6941473,0.5647158,0.224,0.0,4.2335033,0.0,0.0
hardzero_only__c0p58__z1p00__lam0p000__nu0p50__psi0p00,0.15,borrow,38,1200,0.0,43,-0.36894852,-0.3446827,-0.3446827,0.79109603,0.16177222,0.16177222,1.0,0.024265835,0.15,0.0,0.0,0.36894852,0.3446827,-24.170391,1.740446,0.5801487,0.30400002,0.0,4.1483946,0.0,0.0
hardzero_only__c0p58__z1p00__lam0p000__nu0p50__psi0p00,0.15,borrow,38,1201,0.0,43,-0.3446827,-0.3219953,-0.3219953,0.82030666,0.15124929,0.15124929,1.0,0.022687394,0.15,0.0,0.0,0.3446827,0.3219953,-24.281391,1.8047106,0.60157025,0.18400002,0.0,4.1298556,0.0,0.0
hardzero_only__c0p58__z1p00__lam0p000__nu0p50__psi0p00,0.15,borrow,38,1202,0.0,43,-0.3219953,-0.29581162,-0.29581162,0.75806075,0.1745578,0.1745578,1.0,0.026183672,0.15,0.0,0.0,0.3219953,0.29581162,-22.52359,1.6677669,0.5559223,0.272,0.0,4.1335106,0.0,0.0
hardzero_only__c0p58__z1p00__lam0p000__nu0p50__psi0p00,0.15,borrow,38,1203,0.0,43,-0.29581162,-0.27008566,-0.27008566,0.7657196,0.17150642,0.17150642,1.0,0.025725964,0.15,0.0,0.0,0.29581162,0.27008566,-24.301126,1.6846168,0.56153893,0.24800001,0.0,4.2101674,0.0,0.0
hardzero_only__c0p58__z1p00__lam0p000__nu0p50__psi0p00,0.15,borrow,38,1204,0.0,43,-0.27008566,-0.24410555,-0.24410555,0.7614503,0.17320073,0.17320073,1.0,0.02598011,0.15,0.0,0.0,0.27008566,0.24410555,-23.878054,1.6752241,0.558408,0.24800001,0.0,4.195908,0.0,0.0
hardzero_only__c0p58__z1p00__lam0p000__nu0p50__psi0p00,0.15,borrow,38,1205,0.0,43,-0.24410555,-0.21973632,-0.21973632,0.7892494,0.16246153,0.16246153,1.0,0.02436923,0.15,0.0,0.0,0.24410555,0.21973632,-23.75373,1.7363834,0.5787945,0.30400002,0.0,4.179243,0.0,0.0
hardzero_only__c0p58__z1p00__lam0p000__nu0p50__psi0p00,0.15,borrow,38,1206,0.0,43,-0.21973632,-0.19293642,-0.19293642,0.74795806,0.17866601,0.17866601,1.0,0.026799902,0.15,0.0,0.0,0.21973632,0.19293642,-23.310629,1.6455406,0.54851353,0.37600002,0.0,4.2395883,0.0,0.0
hardzero_only__c0p58__z1p00__lam0p000__nu0p50__psi0p00,0.15,borrow,38,1207,0.0,43,-0.19293642,-0.16964965,-0.16964965,0.808982,0.15524514,0.15524514,1.0,0.023286771,0.15,0.0,0.0,0.19293642,0.16964965,-24.728834,1.779796,0.59326535,0.24000001,0.0,4.1928306,0.0,0.0
hardzero_only__c0p58__z1p00__lam0p000__nu0p50__psi0p00,0.15,borrow,38,1208,0.0,43,-0.16964965,-0.14705032,-0.14705032,0.8219959,0.15066211,0.15066211,1.0,0.022599317,0.15,0.0,0.0,0.16964965,0.14705032,-24.969713,1.8084271,0.6028091,0.28,0.0,4.110771,0.0,0.0
hardzero_only__c0p58__z1p00__lam0p000__nu0p50__psi0p00,0.15,borrow,38,1209,0.0,43,-0.14705032,-0.124021485,-0.124021485,0.8138193,0.15352558,0.15352558,1.0,0.023028838,0.15,0.0,0.0,0.14705032,0.124021485,-24.212978,1.7904382,0.5968127,0.21,0.0,3.3787327,0.0,0.0
hardzero_only__c0p58__z1p00__lam0p000__nu0p50__psi0p00,0.15,borrow,38,1210,0.0,43,-0.124021485,-0.09886466,-0.09886466,0.7754355,0.16771214,0.16771214,1.0,0.025156822,0.15,0.0,0.0,0.124021485,0.09886466,-22.741117,1.7059922,0.5686641,0.312,0.008,4.1492124,0.0,0.0
hardzero_only__c0p58__z1p00__lam0p000__nu0p50__psi0p00,0.15,borrow,38,1211,0.0,43,-0.09886466,-0.07380296,-0.07380296,0.7770808,0.16707799,0.16707799,1.0,0.025061699,0.15,0.0,0.0,0.09886466,0.07380296,-24.271275,1.7096119,0.56987065,0.344,0.0,4.1891665,0.0,0.0
hardzero_only__c0p58__z1p00__lam0p000__nu0p50__psi0p00,0.15,borrow,38,1212,0.0,43,-0.07380296,-0.048508365,-0.048508365,0.77306354,0.16863064,0.16863064,1.0,0.025294598,0.15,0.0,0.0,0.07380296,0.048508365,-23.206854,1.7007737,0.5669246,0.296,0.0,4.2035823,0.0,0.0
hardzero_only__c0p58__z1p00__lam0p000__nu0p50__psi0p00,0.15,borrow,38,1213,0.0,43,-0.048508365,-0.022257823,-0.022257823,0.756953,0.1750036,0.1750036,1.0,0.026250541,0.15,0.0,0.0,0.048508365,0.022257823,-23.017036,1.6653298,0.55511,0.256,0.0,4.161919,0.0,0.0
hardzero_only__c0p58__z1p00__lam0p000__nu0p50__psi0p00,0.15,borrow,38,1214,0.0,43,-0.022257823,0.0015569907,0.0015569907,0.79924405,0.15876542,0.15876542,1.0,0.023814814,0.15,0.0,0.0,0.022257823,0.0,-23.71754,1.758372,0.586124,0.216,0.0,4.159251,0.0,0.0
hardzero_only__c0p58__z1p00__lam0p000__nu0p50__psi0p00,0.15,borrow,38,1215,1.0,44,0.0015569907,-0.5538976,-0.5538976,0.78612196,0.1636357,0.1636357,1.0,0.024545357,0.15,0.0,0.0,0.0,0.5538976,-23.930681,1.7295029,0.576501,0.24000001,0.0,4.20157,0.0,0.0
hardzero_only__c0p58__z1p00__lam0p000__nu0p50__psi0p00,0.15,borrow,38,1216,0.0,44,-0.5538976,-0.5288176,-0.5288176,0.7767633,0.16720015,0.16720015,1.0,0.025080023,0.15,0.0,0.0,0.5538976,0.5288176,-23.878067,1.7089134,0.56963784,0.17600001,0.0,4.4129305,0.0,0.0
hardzero_only__c0p58__z1p00__lam0p000__nu0p50__psi0p00,0.15,borrow,38,1217,0.0,44,-0.5288176,-0.50377613,-0.50377613,0.7774317,0.16694303,0.16694303,1.0,0.025041455,0.15,0.0,0.0,0.5288176,0.50377613,-23.868587,1.710384,0.570128,0.28800002,0.0,4.3418393,0.0,0.0
hardzero_only__c0p58__z1p00__lam0p000__nu0p50__psi0p00,0.15,borrow,38,1218,0.0,44,-0.50377613,-0.47944814,-0.47944814,0.7899849,0.16218667,0.16218667,1.0,0.024328,0.15,0.0,0.0,0.50377613,0.47944814,-24.442518,1.7380015,0.57933384,0.24800001,0.0,4.313573,0.0,0.0
hardzero_only__c0p58__z1p00__lam0p000__nu0p50__psi0p00,0.15,borrow,38,1219,0.0,44,-0.47944814,-0.45490158,-0.45490158,0.78610045,0.16364379,0.16364379,1.0,0.02454657,0.15,0.0,0.0,0.47944814,0.45490158,-24.040749,1.7294555,0.57648516,0.256,0.0,4.271665,0.0,0.0
hardzero_only__c0p58__z1p00__lam0p000__nu0p50__psi0p00,0.15,borrow,38,1220,0.0,44,-0.45490158,-0.42905504,-0.42905504,0.76368874,0.1723103,0.1723103,1.0,0.025846545,0.15,0.0,0.0,0.45490158,0.42905504,-22.979061,1.6801488,0.56004965,0.328,0.0,4.334445,0.0,0.0
hardzero_only__c0p58__z1p00__lam0p000__nu0p50__psi0p00,0.15,borrow,38,1221,0.0,44,-0.42905504,-0.40485597,-0.40485597,0.79229265,0.16132711,0.16132711,1.0,0.024199067,0.15,0.0,0.0,0.42905504,0.40485597,-23.385517,1.7430787,0.58102626,0.24000001,0.0,4.2906413,0.0,0.0
hardzero_only__c0p58__z1p00__lam0p000__nu0p50__psi0p00,0.15,borrow,38,1222,0.0,44,-0.40485597,-0.37638402,-0.37638402,0.72167414,0.18981296,0.18981296,1.0,0.028471945,0.15,0.0,0.0,0.40485597,0.37638402,-22.79009,1.5877148,0.5292383,0.34,0.0,3.5889974,0.0,0.0
hardzero_only__c0p58__z1p00__lam0p000__nu0p50__psi0p00,0.15,borrow,38,1223,0.0,44,-0.37638402,-0.35054743,-0.35054743,0.7638564,0.1722438,0.1722438,1.0,0.025836572,0.15,0.0,0.0,0.37638402,0.35054743,-23.424654,1.6805177,0.56017256,0.264,0.0,4.3480597,0.0,0.0
hardzero_only__c0p58__z1p00__lam0p000__nu0p50__psi0p00,0.15,borrow,38,1224,0.0,44,-0.35054743,-0.32579195,-0.32579195,0.78242016,0.16503644,0.16503644,1.0,0.024755467,0.15,0.0,0.0,0.35054743,0.32579195,-24.369524,1.7213588,0.57378626,0.272,0.0,4.3213153,0.0,0.0
hardzero_only__c0p58__z1p00__lam0p000__nu0p50__psi0p00,0.15,borrow,38,1225,0.0,44,-0.32579195,-0.2999592,-0.2999592,0.7639207,0.17221828,0.17221828,1.0,0.025832742,0.15,0.0,0.0,0.32579195,0.2999592,-23.531164,1.6806592,0.56021976,0.33600003,0.0,4.356199,0.0,0.0
hardzero_only__c0p58__z1p00__lam0p000__nu0p50__psi0p00,0.15,borrow,38,1226,0.0,44,-0.2999592,-0.2730359,-0.2730359,0.74596304,0.17948863,0.17948863,1.0,0.026923295,0.15,0.0,0.0,0.2999592,0.2730359,-22.91262,1.6411514,0.5470505,0.216,0.0,4.323096,0.0,0.0
hardzero_only__c0p58__z1p00__lam0p000__nu0p50__psi0p00,0.15,borrow,38,1227,0.0,44,-0.2730359,-0.24932235,-0.24932235,0.80109453,0.15809038,0.15809038,1.0,0.023713559,0.15,0.0,0.0,0.2730359,0.24932235,-23.670464,1.7624432,0.5874811,0.24800001,0.0,4.2530565,0.0,0.0
hardzero_only__c0p58__z1p00__lam0p000__nu0p50__psi0p00,0.15,borrow,38,1228,0.0,44,-0.24932235,-0.2237452,-0.2237452,0.768239,0.17051435,0.17051435,1.0,0.025577152,0.15,0.0,0.0,0.24932235,0.2237452,-24.029799,1.6901596,0.56338656,0.296,0.0,4.348431,0.0,0.0
hardzero_only__c0p58__z1p00__lam0p000__nu0p50__psi0p00,0.15,borrow,38,1229,0.0,44,-0.2237452,-0.19467258,-0.19467258,0.7126072,0.1938174,0.1938174,1.0,0.029072613,0.15,0.0,0.0,0.2237452,0.19467258,-22.994919,1.5677671,0.5225891,0.28800002,0.0,4.3497186,0.0,0.0
hardzero_only__c0p58__z1p00__lam0p000__nu0p50__psi0p00,0.15,borrow,38,1230,0.0,44,-0.19467258,-0.17026955,-0.17026955,0.7886475,0.16268687,0.16268687,1.0,0.024403032,0.15,0.0,0.0,0.19467258,0.17026955,-24.05168,1.7350591,0.57835305,0.24800001,0.0,4.2952414,0.0,0.0
hardzero_only__c0p58__z1p00__lam0p000__nu0p50__psi0p00,0.15,borrow,38,1231,0.0,44,-0.17026955,-0.1431299,-0.1431299,0.742487,0.18093099,0.18093099,1.0,0.027139649,0.15,0.0,0.0,0.17026955,0.1431299,-22.799454,1.633504,0.54450136,0.224,0.0,4.381891,0.0,0.0
hardzero_only__c0p58__z1p00__lam0p000__nu0p50__psi0p00,0.15,borrow,38,1232,0.0,44,-0.1431299,-0.11955342,-0.11955342,0.80361223,0.15717655,0.15717655,1.0,0.023576485,0.15,0.0,0.0,0.1431299,0.11955342,-24.590973,1.7679822,0.58932745,0.28800002,0.0,4.328027,0.0,0.0
hardzero_only__c0p58__z1p00__lam0p000__nu0p50__psi0p00,0.15,borrow,38,1233,0.0,44,-0.11955342,-0.09640192,-0.09640192,0.81151223,0.15434329,0.15434329,1.0,0.023151495,0.15,0.0,0.0,0.11955342,0.09640192,-23.478045,1.7853626,0.5951209,0.23200001,0.0,4.2603364,0.0,0.0
hardzero_only__c0p58__z1p00__lam0p000__nu0p50__psi0p00,0.15,borrow,38,1234,0.0,44,-0.09640192,-0.07097534,-0.07097534,0.77080333,0.16951053,0.16951053,1.0,0.02542658,0.15,0.0,0.0,0.09640192,0.07097534,-24.261189,1.6958011,0.5652671,0.24800001,0.0,4.357059,0.0,0.0
hardzero_only__c0p58__z1p00__lam0p000__nu0p50__psi0p00,0.15,borrow,38,1235,0.0,44,-0.07097534,-0.04275652,-0.04275652,0.7255524,0.18812548,0.18812548,1.0,0.028218823,0.15,0.0,0.0,0.07097534,0.04275652,-22.907417,1.5962471,0.5320824,0.42999998,0.0,3.5530493,0.0,0.0
hardzero_only__c0p58__z1p00__lam0p000__nu0p50__psi0p00,0.15,borrow,38,1236,0.0,44,-0.04275652,-0.01789161,-0.01789161,0.7805044,0.16576606,0.16576606,1.0,0.02486491,0.15,0.0,0.0,0.04275652,0.01789161,-23.117842,1.717144,0.5723814,0.224,0.0,4.319498,0.0,0.0
hardzero_only__c0p58__z1p00__lam0p000__nu0p50__psi0p00,0.15,borrow,38,1237,1.0,45,-0.01789161,-0.5721061,-0.5721061,0.76471657,0.17190297,0.17190297,1.0,0.025785446,0.15,0.0,0.0,0.01789161,0.5721061,-23.1747,1.68241,0.56080335,0.328,0.0,4.330974,0.0,0.0
hardzero_only__c0p58__z1p00__lam0p000__nu0p50__psi0p00,0.15,borrow,38,1238,0.0,45,-0.5721061,-0.54928875,-0.54928875,0.81782573,0.15211578,0.15211578,1.0,0.022817368,0.15,0.0,0.0,0.5721061,0.54928875,-24.410137,1.7992525,0.5997509,0.35200003,0.0,4.4440036,0.0,0.0
hardzero_only__c0p58__z1p00__lam0p000__nu0p50__psi0p00,0.15,borrow,38,1239,0.0,45,-0.54928875,-0.52621406,-0.52621406,0.812956,0.15383106,0.15383106,1.0,0.02307466,0.15,0.0,0.0,0.54928875,0.52621406,-23.759094,1.7885388,0.5961796,0.16800001,0.0,4.500099,0.0,0.0
hardzero_only__c0p58__z1p00__lam0p000__nu0p50__psi0p00,0.15,borrow,38,1240,0.0,45,-0.52621406,-0.5015988,-0.5015988,0.784886,0.16410203,0.16410203,1.0,0.024615306,0.15,0.0,0.0,0.52621406,0.5015988,-24.855946,1.7267836,0.57559454,0.312,0.0,4.500924,0.0,0.0
hardzero_only__c0p58__z1p00__lam0p000__nu0p50__psi0p00,0.15,borrow,38,1241,0.0,45,-0.5015988,-0.47800657,-0.47800657,0.8033226,0.1572814,0.1572814,1.0,0.023592211,0.15,0.0,0.0,0.5015988,0.47800657,-24.161812,1.7673451,0.589115,0.24000001,0.0,4.4969735,0.0,0.0
hardzero_only__c0p58__z1p00__lam0p000__nu0p50__psi0p00,0.15,borrow,38,1242,0.0,45,-0.47800657,-0.45141095,-0.45141095,0.75128096,0.17730421,0.17730421,1.0,0.026595632,0.15,0.0,0.0,0.47800657,0.45141095,-23.848955,1.6528511,0.5509504,0.24000001,0.0,4.596268,0.0,0.0
hardzero_only__c0p58__z1p00__lam0p000__nu0p50__psi0p00,0.15,borrow,38,1243,0.0,45,-0.45141095,-0.42944023,-0.42944023,0.8342469,0.1464715,0.1464715,1.0,0.021970727,0.15,0.0,0.0,0.45141095,0.42944023,-25.06774,1.8353797,0.6117933,0.17600001,0.0,4.42881,0.0,0.0
hardzero_only__c0p58__z1p00__lam0p000__nu0p50__psi0p00,0.15,borrow,38,1244,0.0,45,-0.42944023,-0.4071437,-0.4071437,0.8278545,0.14864334,0.14864334,1.0,0.022296503,0.15,0.0,0.0,0.42944023,0.4071437,-24.325283,1.8213162,0.60710543,0.216,0.0,4.4622464,0.0,0.0
hardzero_only__c0p58__z1p00__lam0p000__nu0p50__psi0p00,0.15,borrow,38,1245,0.0,45,-0.4071437,-0.3825752,-0.3825752,0.78571266,0.16378999,0.16378999,1.0,0.0245685,0.15,0.0,0.0,0.4071437,0.3825752,-23.855345,1.7286024,0.57620084,0.28800002,0.0,4.5118313,0.0,0.0
hardzero_only__c0p58__z1p00__lam0p000__nu0p50__psi0p00,0.15,borrow,38,1246,0.0,45,-0.3825752,-0.3569479,-0.3569479,0.7673879,0.17084886,0.17084886,1.0,0.02562733,0.15,0.0,0.0,0.3825752,0.3569479,-23.273468,1.6882871,0.5627624,0.344,0.008,4.4389553,0.0,0.0
hardzero_only__c0p58__z1p00__lam0p000__nu0p50__psi0p00,0.15,borrow,38,1247,0.0,45,-0.3569479,-0.33248565,-0.33248565,0.7875948,0.16308169,0.16308169,1.0,0.024462255,0.15,0.0,0.0,0.3569479,0.33248565,-23.028275,1.7327431,0.57758105,0.24000001,0.0,4.4686694,0.0,0.0
hardzero_only__c0p58__z1p00__lam0p000__nu0p50__psi0p00,0.15,borrow,38,1248,0.0,45,-0.33248565,-0.30427256,-0.30427256,0.72564065,0.18808725,0.18808725,1.0,0.02821309,0.15,0.0,0.0,0.33248565,0.30427256,-22.893888,1.5964413,0.5321471,0.34,0.0,3.6960309,0.0,0.0
hardzero_only__c0p58__z1p00__lam0p000__nu0p50__psi0p00,0.15,borrow,38,1249,0.0,45,-0.30427256,-0.2776115,-0.2776115,0.75021386,0.17774038,0.17774038,1.0,0.026661059,0.15,0.0,0.0,0.30427256,0.2776115,-23.554663,1.6505035,0.55016786,0.28800002,0.0,4.618363,0.0,0.0
