mechanism_tag,alpha,family,seed,update,update_u,update_counter,energy_E_pre,energy_E_post,energy_E_raw,funding_z,funding_g,funding_g_raw,funding_cut_active,funding_income,funding_alpha_eff,support_s,debt_charge,debt_level_pre,debt_level_post,episode_return_end_mean,terminal_min_dists_end_mean,terminal_dbar_end,terminal_occupied_end_mean,terminal_CSR_train,vartd_VarTD,depr_F,depr_F_post
hardzero_only__c0p58__z1p00__lam0p000__nu0p50__psi0p00,0.018,borrow,30,0,1.0,1,1.0,0.42000002,0.42000002,1.0860325,0.0,0.08202901,0.0,0.0,0.018,0.0,0.0,0.0,0.0,-27.772104,2.3893192,0.79643977,0.07,0.0,0.21411662,0.0,0.0
hardzero_only__c0p58__z1p00__lam0p000__nu0p50__psi0p00,0.018,borrow,30,1,1.0,2,0.42000002,-0.15999997,-0.15999997,1.0261097,0.0,0.09416516,0.0,0.0,0.018,0.0,0.0,0.0,0.15999997,-26.503872,2.2574863,0.75249547,0.128,0.0,0.15564354,0.0,0.0
hardzero_only__c0p58__z1p00__lam0p000__nu0p50__psi0p00,0.018,borrow,30,2,0.0,2,-0.15999997,-0.16319996,-0.16319996,1.003309,0.0,0.09924095,0.0,0.0,0.018,0.0,0.0031999992,0.15999997,0.16319996,-26.655481,2.207324,0.7357747,0.2,0.0,0.17955168,0.0,0.0
hardzero_only__c0p58__z1p00__lam0p000__nu0p50__psi0p00,0.018,borrow,30,3,0.0,2,-0.16319996,-0.16646396,-0.16646396,1.0928495,0.0,0.08075149,0.0,0.0,0.018,0.0,0.0032639992,0.16319996,0.16646396,-28.620882,2.404317,0.801439,0.16000001,0.0,0.16020668,0.0,0.0
hardzero_only__c0p58__z1p00__lam0p000__nu0p50__psi0p00,0.018,borrow,30,4,0.0,2,-0.16646396,-0.16979323,-0.16979323,1.0073352,0.0,0.0983252,0.0,0.0,0.018,0.0,0.0033292791,0.16646396,0.16979323,-26.924683,2.2161818,0.7387273,0.16800001,0.0,0.14326128,0.0,0.0
hardzero_only__c0p58__z1p00__lam0p000__nu0p50__psi0p00,0.018,borrow,30,5,0.0,2,-0.16979323,-0.1731891,-0.1731891,1.0246774,0.0,0.09447623,0.0,0.0,0.018,0.0,0.0033958645,0.16979323,0.1731891,-27.577017,2.2543352,0.75144506,0.18400002,0.0,0.15515685,0.0,0.0
hardzero_only__c0p58__z1p00__lam0p000__nu0p50__psi0p00,0.018,borrow,30,6,0.0,2,-0.1731891,-0.1747968,-0.1747968,0.9866771,0.103115246,0.103115246,1.0,0.0018560743,0.018,0.0,0.003463782,0.1731891,0.1747968,-26.566933,2.170733,0.7235777,0.16800001,0.0,0.1327878,0.0,0.0
hardzero_only__c0p58__z1p00__lam0p000__nu0p50__psi0p00,0.018,borrow,30,7,0.0,2,-0.1747968,-0.17635405,-0.17635405,0.9677653,0.10770472,0.10770472,1.0,0.0019386848,0.018,0.0,0.003495936,0.1747968,0.17635405,-26.516603,2.129126,0.7097087,0.17600001,0.0,0.1407461,0.0,0.0
hardzero_only__c0p58__z1p00__lam0p000__nu0p50__psi0p00,0.018,borrow,30,8,0.0,2,-0.17635405,-0.17988113,-0.17988113,1.0210866,0.0,0.09526062,0.0,0.0,0.018,0.0,0.0035270809,0.17635405,0.17988113,-27.153412,2.2464354,0.74881184,0.224,0.0,0.17031525,0.0,0.0
hardzero_only__c0p58__z1p00__lam0p000__nu0p50__psi0p00,0.018,borrow,30,9,0.0,2,-0.17988113,-0.18347874,-0.18347874,1.0525619,0.0,0.0886009,0.0,0.0,0.018,0.0,0.0035976225,0.17988113,0.18347874,-27.636871,2.3156824,0.77189416,0.192,0.0,0.1818724,0.0,0.0
hardzero_only__c0p58__z1p00__lam0p000__nu0p50__psi0p00,0.018,borrow,30,10,0.0,2,-0.18347874,-0.18714832,-0.18714832,1.0119152,0.0,0.09729371,0.0,0.0,0.018,0.0,0.0036695749,0.18347874,0.18714832,-26.417648,2.2262578,0.74208593,0.120000005,0.0,0.17409904,0.0,0.0
hardzero_only__c0p58__z1p00__lam0p000__nu0p50__psi0p00,0.018,borrow,30,11,0.0,2,-0.18714832,-0.19089128,-0.19089128,1.0010315,0.0,0.09976276,0.0,0.0,0.018,0.0,0.0037429663,0.18714832,0.19089128,-27.72978,2.2023132,0.7341044,0.128,0.0,0.1528101,0.0,0.0
hardzero_only__c0p58__z1p00__lam0p000__nu0p50__psi0p00,0.018,borrow,30,12,0.0,2,-0.19089128,-0.19281703,-0.19281703,0.9783341,0.10511527,0.10511527,1.0,0.0018920748,0.018,0.0,0.0038178256,0.19089128,0.19281703,-27.457052,2.152378,0.7174594,0.16800001,0.0,0.15801041,0.0,0.0
hardzero_only__c0p58__z1p00__lam0p000__nu0p50__psi0p00,0.018,borrow,30,13,0.0,2,-0.19281703,-0.19667338,-0.19667338,1.0366141,0.0,0.09191491,0.0,0.0,0.018,0.0,0.0038563407,0.19281703,0.19667338,-27.155104,2.2805965,0.76019883,0.17,0.0,0.17232527,0.0,0.0
hardzero_only__c0p58__z1p00__lam0p000__nu0p50__psi0p00,0.018,borrow,30,14,0.0,2,-0.19667338,-0.20060685,-0.20060685,1.0767795,0.0,0.08379547,0.0,0.0,0.018,0.0,0.0039334674,0.19667338,0.20060685,-27.468443,2.3689623,0.78965414,0.128,0.0,0.16366541,0.0,0.0
hardzero_only__c0p58__z1p00__lam0p000__nu0p50__psi0p00,0.018,borrow,30,15,0.0,2,-0.20060685,-0.20461899,-0.20461899,1.017009,0.0,0.09615923,0.0,0.0,0.018,0.0,0.004012137,0.20060685,0.20461899,-26.53338,2.2374644,0.7458215,0.2,0.0,0.18235497,0.0,0.0
hardzero_only__c0p58__z1p00__lam0p000__nu0p50__psi0p00,0.018,borrow,30,16,0.0,2,-0.20461899,-0.20670821,-0.20670821,0.9535547,0.11128723,0.11128723,1.0,0.00200317,0.018,0.0,0.00409238,0.20461899,0.20670821,-25.335896,2.0978622,0.6992874,0.24000001,0.0,0.150112,0.0,0.0
hardzero_only__c0p58__z1p00__lam0p000__nu0p50__psi0p00,0.018,borrow,30,17,0.0,2,-0.20670821,-0.20900556,-0.20900556,0.9912101,0.102044575,0.102044575,1.0,0.0018368022,0.018,0.0,0.004134164,0.20670821,0.20900556,-26.046587,2.1807058,0.72690195,0.15200001,0.0,0.13684231,0.0,0.0
hardzero_only__c0p58__z1p00__lam0p000__nu0p50__psi0p00,0.018,borrow,30,18,0.0,2,-0.20900556,-0.21318567,-0.21318567,1.0465598,0.0,0.08983388,0.0,0.0,0.018,0.0,0.004180111,0.20900556,0.21318567,-27.208927,2.3024776,0.76749253,0.14400001,0.0,0.15400134,0.0,0.0
hardzero_only__c0p58__z1p00__lam0p000__nu0p50__psi0p00,0.018,borrow,30,19,0.0,2,-0.21318567,-0.21744938,-0.21744938,1.020963,0.0,0.09528774,0.0,0.0,0.018,0.0,0.0042637135,0.21318567,0.21744938,-27.458199,2.2461634,0.7487211,0.14400001,0.0,0.16614766,0.0,0.0
hardzero_only__c0p58__z1p00__lam0p000__nu0p50__psi0p00,0.018,borrow,30,20,0.0,2,-0.21744938,-0.21987963,-0.21987963,0.97225374,0.106597304,0.106597304,1.0,0.0019187514,0.018,0.0,0.0043489877,0.21744938,0.21987963,-27.29593,2.139001,0.7130003,0.16000001,0.0,0.1486924,0.0,0.0
hardzero_only__c0p58__z1p00__lam0p000__nu0p50__psi0p00,0.018,borrow,30,21,0.0,2,-0.21987963,-0.22219902,-0.22219902,0.9375858,0.115455404,0.115455404,1.0,0.0020781972,0.018,0.0,0.0043975925,0.21987963,0.22219902,-26.131344,2.0627298,0.68757665,0.216,0.008,0.13676274,0.0,0.0
hardzero_only__c0p58__z1p00__lam0p000__nu0p50__psi0p00,0.018,borrow,30,22,0.0,2,-0.22219902,-0.22475326,-0.22475326,0.97887295,0.10498496,0.10498496,1.0,0.0018897292,0.018,0.0,0.0044439803,0.22219902,0.22475326,-26.39787,2.1535635,0.7178545,0.15200001,0.0,0.13249749,0.0,0.0
hardzero_only__c0p58__z1p00__lam0p000__nu0p50__psi0p00,0.018,borrow,30,23,0.0,2,-0.22475326,-0.22924833,-0.22924833,1.0538124,0.0,0.088346146,0.0,0.0,0.018,0.0,0.004495065,0.22475326,0.22924833,-28.530603,2.3184335,0.7728112,0.14400001,0.0,0.2071025,0.0,0.0
hardzero_only__c0p58__z1p00__lam0p000__nu0p50__psi0p00,0.018,borrow,30,24,0.0,2,-0.22924833,-0.23194058,-0.23194058,0.9781875,0.10515077,0.10515077,1.0,0.0018927137,0.018,0.0,0.0045849667,0.22924833,0.23194058,-26.63991,2.1520555,0.71735185,0.208,0.0,0.13906589,0.0,0.0
hardzero_only__c0p58__z1p00__lam0p000__nu0p50__psi0p00,0.018,borrow,30,25,0.0,2,-0.23194058,-0.23657939,-0.23657939,1.0225632,0.0,0.094937265,0.0,0.0,0.018,0.0,0.0046388116,0.23194058,0.23657939,-27.26427,2.249684,0.74989474,0.2,0.0,0.18661195,0.0,0.0
hardzero_only__c0p58__z1p00__lam0p000__nu0p50__psi0p00,0.018,borrow,30,26,0.0,2,-0.23657939,-0.24131097,-0.24131097,1.0223608,0.0,0.09498153,0.0,0.0,0.018,0.0,0.0047315876,0.23657939,0.24131097,-27.902205,2.2492387,0.74974626,0.19,0.0,0.1709663,0.0,0.0
hardzero_only__c0p58__z1p00__lam0p000__nu0p50__psi0p00,0.018,borrow,30,27,0.0,2,-0.24131097,-0.24613719,-0.24613719,1.0344452,0.0,0.09237506,0.0,0.0,0.018,0.0,0.0048262193,0.24131097,0.24613719,-27.061172,2.2758248,0.7586083,0.15200001,0.0,0.16087472,0.0,0.0
hardzero_only__c0p58__z1p00__lam0p000__nu0p50__psi0p00,0.018,borrow,30,28,0.0,2,-0.24613719,-0.25105992,-0.25105992,1.0373873,0.0,0.09175142,0.0,0.0,0.018,0.0,0.0049227434,0.24613719,0.25105992,-27.784935,2.2822976,0.7607659,0.16800001,0.0,0.18590674,0.0,0.0
hardzero_only__c0p58__z1p00__lam0p000__nu0p50__psi0p00,0.018,borrow,30,29,0.0,2,-0.25105992,-0.2560811,-0.2560811,1.0373725,0.0,0.091754526,0.0,0.0,0.018,0.0,0.005021198,0.25105992,0.2560811,-27.806429,2.282265,0.760755,0.2,0.0,0.16965646,0.0,0.0
hardzero_only__c0p58__z1p00__lam0p000__nu0p50__psi0p00,0.018,borrow,30,30,0.0,2,-0.2560811,-0.26120272,-0.26120272,1.030949,0.0,0.09312173,0.0,0.0,0.018,0.0,0.005121622,0.2560811,0.26120272,-27.242981,2.2681332,0.7560444,0.18400002,0.0,0.16960241,0.0,0.0
hardzero_only__c0p58__z1p00__lam0p000__nu0p50__psi0p00,0.018,borrow,30,31,0.0,2,-0.26120272,-0.26642677,-0.26642677,1.0934861,0.0,0.080633216,0.0,0.0,0.018,0.0,0.005224054,0.26120272,0.26642677,-28.001877,2.4057174,0.8019058,0.080000006,0.0,0.19581842,0.0,0.0
hardzero_only__c0p58__z1p00__lam0p000__nu0p50__psi0p00,0.018,borrow,30,32,0.0,2,-0.26642677,-0.2699463,-0.2699463,0.997833,0.1005002,0.1005002,1.0,0.0018090035,0.018,0.0,0.005328535,0.26642677,0.2699463,-27.534658,2.1952765,0.73175883,0.216,0.0,0.16820407,0.0,0.0
hardzero_only__c0p58__z1p00__lam0p000__nu0p50__psi0p00,0.018,borrow,30,33,0.0,2,-0.2699463,-0.27534524,-0.27534524,1.0152785,0.0,0.09654317,0.0,0.0,0.018,0.0,0.005398926,0.2699463,0.27534524,-27.318214,2.2336571,0.7445524,0.15200001,0.0,0.18564446,0.0,0.0
hardzero_only__c0p58__z1p00__lam0p000__nu0p50__psi0p00,0.018,borrow,30,34,0.0,2,-0.27534524,-0.28085214,-0.28085214,1.0523161,0.0,0.08865106,0.0,0.0,0.018,0.0,0.005506905,0.27534524,0.28085214,-27.513884,2.3151417,0.7717139,0.120000005,0.0,0.1484132,0.0,0.0
hardzero_only__c0p58__z1p00__lam0p000__nu0p50__psi0p00,0.018,borrow,30,35,0.0,2,-0.28085214,-0.2864692,-0.2864692,1.0475361,0.0,0.08963215,0.0,0.0,0.018,0.0,0.0056170425,0.28085214,0.2864692,-27.774794,2.3046255,0.7682085,0.104,0.0,0.16075964,0.0,0.0
hardzero_only__c0p58__z1p00__lam0p000__nu0p50__psi0p00,0.018,borrow,30,36,0.0,2,-0.2864692,-0.29036996,-0.29036996,0.9931478,0.10159029,0.10159029,1.0,0.0018286251,0.018,0.0,0.005729384,0.2864692,0.29036996,-26.446575,2.1849687,0.7283229,0.136,0.0,0.15457116,0.0,0.0
hardzero_only__c0p58__z1p00__lam0p000__nu0p50__psi0p00,0.018,borrow,30,37,0.0,2,-0.29036996,-0.29617736,-0.29617736,1.0448285,0.0,0.09019272,0.0,0.0,0.018,0.0,0.005807399,0.29036996,0.29617736,-27.610197,2.2986686,0.7662229,0.128,0.0,0.1928843,0.0,0.0
hardzero_only__c0p58__z1p00__lam0p000__nu0p50__psi0p00,0.018,borrow,30,38,0.0,2,-0.29617736,-0.30023238,-0.30023238,0.9837742,0.10380681,0.10380681,1.0,0.0018685225,0.018,0.0,0.005923547,0.29617736,0.30023238,-26.942171,2.1643465,0.72144884,0.14400001,0.0,0.15192091,0.0,0.0
hardzero_only__c0p58__z1p00__lam0p000__nu0p50__psi0p00,0.018,borrow,30,39,0.0,2,-0.30023238,-0.3042296,-0.3042296,0.95262784,0.11152498,0.11152498,1.0,0.0020074495,0.018,0.0,0.0060046474,0.30023238,0.3042296,-26.15353,2.095823,0.6986077,0.14999999,0.0,0.15338477,0.0,0.0
hardzero_only__c0p58__z1p00__lam0p000__nu0p50__psi0p00,0.018,borrow,30,40,0.0,2,-0.3042296,-0.31031418,-0.31031418,1.0066453,0.0,0.0984815,0.0,0.0,0.018,0.0,0.0060845916,0.3042296,0.31031418,-26.615965,2.214664,0.73822135,0.15200001,0.0,0.14731608,0.0,0.0
hardzero_only__c0p58__z1p00__lam0p000__nu0p50__psi0p00,0.018,borrow,30,41,0.0,2,-0.31031418,-0.31652045,-0.31652045,1.0105648,0.0,0.09759671,0.0,0.0,0.018,0.0,0.0062062833,0.31031418,0.31652045,-26.599419,2.2232869,0.74109566,0.18400002,0.0,0.16903937,0.0,0.0
hardzero_only__c0p58__z1p00__lam0p000__nu0p50__psi0p00,0.018,borrow,30,42,0.0,2,-0.31652045,-0.32085642,-0.32085642,0.9554552,0.11080127,0.11080127,1.0,0.0019944229,0.018,0.0,0.006330409,0.31652045,0.32085642,-26.42121,2.1020434,0.70068115,0.264,0.0,0.14676368,0.0,0.0
hardzero_only__c0p58__z1p00__lam0p000__nu0p50__psi0p00,0.018,borrow,30,43,0.0,2,-0.32085642,-0.32727355,-0.32727355,1.0459884,0.0,0.08995216,0.0,0.0,0.018,0.0,0.0064171283,0.32085642,0.32727355,-26.744106,2.3012204,0.7670735,0.136,0.0,0.16997156,0.0,0.0
hardzero_only__c0p58__z1p00__lam0p000__nu0p50__psi0p00,0.018,borrow,30,44,0.0,2,-0.32727355,-0.33195186,-0.33195186,0.98408806,0.10373179,0.10373179,1.0,0.0018671721,0.018,0.0,0.006545471,0.32727355,0.33195186,-27.132557,2.165037,0.721679,0.224,0.0,0.15398875,0.0,0.0
hardzero_only__c0p58__z1p00__lam0p000__nu0p50__psi0p00,0.018,borrow,30,45,0.0,2,-0.33195186,-0.3385909,-0.3385909,1.0456038,0.0,0.09003187,0.0,0.0,0.018,0.0,0.006639037,0.33195186,0.3385909,-28.012943,2.3003743,0.76679146,0.104,0.0,0.17016208,0.0,0.0
hardzero_only__c0p58__z1p00__lam0p000__nu0p50__psi0p00,0.018,borrow,30,46,0.0,2,-0.3385909,-0.34536272,-0.34536272,1.0039014,0.0,0.09910571,0.0,0.0,0.018,0.0,0.006771818,0.3385909,0.34536272,-26.830557,2.2086272,0.7362091,0.16800001,0.0,0.15559062,0.0,0.0
hardzero_only__c0p58__z1p00__lam0p000__nu0p50__psi0p00,0.018,borrow,30,47,0.0,2,-0.34536272,-0.35030615,-0.35030615,0.96217304,0.10910055,0.10910055,1.0,0.0019638098,0.018,0.0,0.0069072545,0.34536272,0.35030615,-26.15709,2.116823,0.70560765,0.18400002,0.0,0.1464637,0.0,0.0
hardzero_only__c0p58__z1p00__lam0p000__nu0p50__psi0p00,0.018,borrow,30,48,0.0,2,-0.35030615,-0.35550806,-0.35550806,0.9989876,0.10023337,0.10023337,1.0,0.0018042006,0.018,0.0,0.0070061227,0.35030615,0.35550806,-26.809547,2.1978166,0.7326056,0.128,0.0,0.14219034,0.0,0.0
hardzero_only__c0p58__z1p00__lam0p000__nu0p50__psi0p00,0.018,borrow,30,49,0.0,2,-0.35550806,-0.3626182,-0.3626182,1.0269939,0.0,0.093973644,0.0,0.0,0.018,0.0,0.0071101612,0.35550806,0.3626182,-27.665636,2.2594316,0.7531439,0.18400002,0.0,0.1611778,0.0,0.0
hardzero_only__c0p58__z1p00__lam0p000__nu0p50__psi0p00,0.018,borrow,30,50,0.0,2,-0.3626182,-0.36987057,-0.36987057,1.0180662,0.0,0.09592546,0.0,0.0,0.018,0.0,0.007252364,0.3626182,0.36987057,-27.2899,2.2397902,0.74659675,0.16800001,0.0,0.14967537,0.0,0.0
hardzero_only__c0p58__z1p00__lam0p000__nu0p50__psi0p00,0.018,borrow,30,51,0.0,2,-0.36987057,-0.377268,-0.377268,1.0559886,0.0,0.087904565,0.0,0.0,0.018,0.0,0.0073974114,0.36987057,0.377268,-28.166767,2.3232212,0.7744071,0.18400002,0.0,0.18678254,0.0,0.0
hardzero_only__c0p58__z1p00__lam0p000__nu0p50__psi0p00,0.018,borrow,30,52,0.0,2,-0.377268,-0.38481334,-0.38481334,1.0259312,0.0,0.094203874,0.0,0.0,0.018,0.0,0.0075453594,0.377268,0.38481334,-26.959179,2.257094,0.75236464,0.16,0.0,0.12860781,0.0,0.0
hardzero_only__c0p58__z1p00__lam0p000__nu0p50__psi0p00,0.018,borrow,30,53,0.0,2,-0.38481334,-0.39070454,-0.39070454,0.9987761,0.10028221,0.10028221,1.0,0.0018050796,0.018,0.0,0.0076962668,0.38481334,0.39070454,-27.266848,2.1973512,0.7324504,0.272,0.0,0.167115,0.0,0.0
hardzero_only__c0p58__z1p00__lam0p000__nu0p50__psi0p00,0.018,borrow,30,54,0.0,2,-0.39070454,-0.39851862,-0.39851862,1.0344089,0.0,0.092382774,0.0,0.0,0.018,0.0,0.007814091,0.39070454,0.39851862,-26.499485,2.2757452,0.75858176,0.120000005,0.0,0.14406276,0.0,0.0
hardzero_only__c0p58__z1p00__lam0p000__nu0p50__psi0p00,0.018,borrow,30,55,0.0,2,-0.39851862,-0.40454796,-0.40454796,0.9672401,0.10783505,0.10783505,1.0,0.0019410307,0.018,0.0,0.007970372,0.39851862,0.40454796,-26.446806,2.1279707,0.7093236,0.224,0.0,0.16422822,0.0,0.0
hardzero_only__c0p58__z1p00__lam0p000__nu0p50__psi0p00,0.018,borrow,30,56,0.0,2,-0.40454796,-0.41263893,-0.41263893,1.0532069,0.0,0.088469386,0.0,0.0,0.018,0.0,0.008090959,0.40454796,0.41263893,-28.363392,2.3171015,0.7723672,0.136,0.0,0.18009526,0.0,0.0
hardzero_only__c0p58__z1p00__lam0p000__nu0p50__psi0p00,0.018,borrow,30,57,0.0,2,-0.41263893,-0.41908908,-0.41908908,0.999367,0.10014585,0.10014585,1.0,0.0018026251,0.018,0.0,0.008252778,0.41263893,0.41908908,-26.032644,2.1986513,0.7328838,0.136,0.0,0.13694905,0.0,0.0
hardzero_only__c0p58__z1p00__lam0p000__nu0p50__psi0p00,0.018,borrow,30,58,0.0,2,-0.41908908,-0.42747086,-0.42747086,1.015449,0.0,0.09650525,0.0,0.0,0.018,0.0,0.008381781,0.41908908,0.42747086,-27.536303,2.2340324,0.7446775,0.18400002,0.0,0.16442549,0.0,0.0
hardzero_only__c0p58__z1p00__lam0p000__nu0p50__psi0p00,0.018,borrow,30,59,0.0,2,-0.42747086,-0.43602028,-0.43602028,1.0569819,0.0,0.08770372,0.0,0.0,0.018,0.0,0.008549417,0.42747086,0.43602028,-28.22742,2.3254068,0.77513564,0.17600001,0.0,0.17119843,0.0,0.0
hardzero_only__c0p58__z1p00__lam0p000__nu0p50__psi0p00,0.018,borrow,30,60,0.0,2,-0.43602028,-0.44474068,-0.44474068,1.0092988,0.0,0.09788163,0.0,0.0,0.018,0.0,0.008720405,0.43602028,0.44474068,-27.536684,2.2205017,0.74016726,0.16000001,0.0,0.16455805,0.0,0.0
hardzero_only__c0p58__z1p00__lam0p000__nu0p50__psi0p00,0.018,borrow,30,61,0.0,2,-0.44474068,-0.4517561,-0.4517561,0.9812571,0.10441019,0.10441019,1.0,0.0018793832,0.018,0.0,0.008894813,0.44474068,0.4517561,-26.677172,2.1588087,0.71960294,0.120000005,0.0,0.16765961,0.0,0.0
hardzero_only__c0p58__z1p00__lam0p000__nu0p50__psi0p00,0.018,borrow,30,62,0.0,2,-0.4517561,-0.4607912,-0.4607912,1.0151794,0.0,0.09656518,0.0,0.0,0.018,0.0,0.009035122,0.4517561,0.4607912,-27.006931,2.2334392,0.7444798,0.16000001,0.0,0.14176868,0.0,0.0
hardzero_only__c0p58__z1p00__lam0p000__nu0p50__psi0p00,0.018,borrow,30,63,0.0,2,-0.4607912,-0.47000703,-0.47000703,1.0037018,0.0,0.099151246,0.0,0.0,0.018,0.0,0.009215823,0.4607912,0.47000703,-26.764063,2.208188,0.7360627,0.136,0.0,0.18924782,0.0,0.0
hardzero_only__c0p58__z1p00__lam0p000__nu0p50__psi0p00,0.018,borrow,30,64,0.0,2,-0.47000703,-0.47940716,-0.47940716,1.0450572,0.0,0.09014523,0.0,0.0,0.018,0.0,0.0094001405,0.47000703,0.47940716,-26.580835,2.2991717,0.76639056,0.14400001,0.0,0.12976927,0.0,0.0
hardzero_only__c0p58__z1p00__lam0p000__nu0p50__psi0p00,0.018,borrow,30,65,0.0,2,-0.47940716,-0.4889953,-0.4889953,1.0629517,0.0,0.08650642,0.0,0.0,0.018,0.0,0.009588143,0.47940716,0.4889953,-27.448627,2.3385403,0.7795135,0.14,0.0,0.12696037,0.0,0.0
hardzero_only__c0p58__z1p00__lam0p000__nu0p50__psi0p00,0.018,borrow,30,66,0.0,2,-0.4889953,-0.49692166,-0.49692166,0.9872651,0.102975726,0.102975726,1.0,0.001853563,0.018,0.0,0.009779906,0.4889953,0.49692166,-26.54885,2.1720266,0.7240089,0.16000001,0.0,0.16880307,0.0,0.0
hardzero_only__c0p58__z1p00__lam0p000__nu0p50__psi0p00,0.018,borrow,30,67,0.0,2,-0.49692166,-0.5068601,-0.5068601,1.013597,0.0,0.09691768,0.0,0.0,0.018,0.0,0.009938433,0.49692166,0.5068601,-27.382114,2.229958,0.7433194,0.192,0.0,0.13618815,0.0,0.0
hardzero_only__c0p58__z1p00__lam0p000__nu0p50__psi0p00,0.018,borrow,30,68,0.0,2,-0.5068601,-0.5169973,-0.5169973,1.0416116,0.0,0.09086327,0.0,0.0,0.018,0.0,0.010137201,0.5068601,0.5169973,-27.79168,2.2915912,0.76386374,0.15200001,0.0,0.16250378,0.0,0.0
hardzero_only__c0p58__z1p00__lam0p000__nu0p50__psi0p00,0.018,borrow,30,69,0.0,2,-0.5169973,-0.5273372,-0.5273372,1.0492184,0.0,0.08928563,0.0,0.0,0.018,0.0,0.010339946,0.5169973,0.5273372,-28.12622,2.3083267,0.76944226,0.16000001,0.0,0.18676272,0.0,0.0
hardzero_only__c0p58__z1p00__lam0p000__nu0p50__psi0p00,0.018,borrow,30,70,0.0,2,-0.5273372,-0.53788394,-0.53788394,1.0162973,0.0,0.096316926,0.0,0.0,0.018,0.0,0.010546744,0.5273372,0.53788394,-26.664644,2.2358987,0.7452996,0.15200001,0.0,0.16461185,0.0,0.0
hardzero_only__c0p58__z1p00__lam0p000__nu0p50__psi0p00,0.018,borrow,30,71,0.0,2,-0.53788394,-0.5486416,-0.5486416,1.0110643,0.0,0.09748453,0.0,0.0,0.018,0.0,0.010757678,0.53788394,0.5486416,-26.986616,2.2243857,0.74146193,0.16800001,0.0,0.13444784,0.0,0.0
hardzero_only__c0p58__z1p00__lam0p000__nu0p50__psi0p00,0.018,borrow,30,72,0.0,2,-0.5486416,-0.5596145,-0.5596145,1.0294608,0.0,0.09344136,0.0,0.0,0.018,0.0,0.010972832,0.5486416,0.5596145,-27.513441,2.264859,0.754953,0.136,0.0,0.1494643,0.0,0.0
hardzero_only__c0p58__z1p00__lam0p000__nu0p50__psi0p00,0.018,borrow,30,73,0.0,2,-0.5596145,-0.57080674,-0.57080674,1.0395318,0.0,0.09129945,0.0,0.0,0.018,0.0,0.011192289,0.5596145,0.57080674,-28.555353,2.2870157,0.7623386,0.16000001,0.0,0.1785208,0.0,0.0
hardzero_only__c0p58__z1p00__lam0p000__nu0p50__psi0p00,0.018,borrow,30,74,0.0,2,-0.57080674,-0.5822229,-0.5822229,1.0026883,0.0,0.0993829,0.0,0.0,0.018,0.0,0.011416134,0.57080674,0.5822229,-27.292475,2.2059584,0.7353195,0.2,0.008,0.15298092,0.0,0.0
hardzero_only__c0p58__z1p00__lam0p000__nu0p50__psi0p00,0.018,borrow,30,75,0.0,2,-0.5822229,-0.59386736,-0.59386736,1.0629722,0.0,0.086502336,0.0,0.0,0.018,0.0,0.0116444575,0.5822229,0.59386736,-27.367046,2.3385856,0.77952856,0.14400001,0.0,0.17428625,0.0,0.0
hardzero_only__c0p58__z1p00__lam0p000__nu0p50__psi0p00,0.018,borrow,30,76,0.0,2,-0.59386736,-0.6,-0.6057447,1.0305997,0.0,0.09319665,0.0,0.0,0.018,0.0,0.011877347,0.59386736,0.6,-27.531183,2.2673647,0.75578827,0.112,0.0,0.14515509,0.0,0.0
hardzero_only__c0p58__z1p00__lam0p000__nu0p50__psi0p00,0.018,borrow,30,77,0.0,2,-0.6,-0.6,-0.61014754,0.9875162,0.1029162,0.1029162,1.0,0.0018524916,0.018,0.0,0.012,0.6,0.6,-25.895126,2.172579,0.72419304,0.216,0.0,0.15793446,0.0,0.0
hardzero_only__c0p58__z1p00__lam0p000__nu0p50__psi0p00,0.018,borrow,30,78,0.0,2,-0.6,-0.6,-0.6098496,0.92273366,0.11947205,0.11947205,1.0,0.0021504967,0.018,0.0,0.012,0.6,0.6,-25.48313,2.0300546,0.67668486,0.16,0.0,0.12243681,0.0,0.0
hardzero_only__c0p58__z1p00__lam0p000__nu0p50__psi0p00,0.018,borrow,30,79,0.0,2,-0.6,-0.6,-0.6100803,0.9720346,0.10665111,0.10665111,1.0,0.00191972,0.018,0.0,0.012,0.6,0.6,-26.274382,2.1385188,0.7128396,0.18400002,0.0,0.14174885,0.0,0.0
hardzero_only__c0p58__z1p00__lam0p000__nu0p50__psi0p00,0.018,borrow,30,80,0.0,2,-0.6,-0.6,-0.61200005,1.0336441,0.0,0.09254562,0.0,0.0,0.018,0.0,0.012,0.6,0.6,-28.399096,2.2740624,0.7580208,0.17600001,0.0,0.13966854,0.0,0.0
hardzero_only__c0p58__z1p00__lam0p000__nu0p50__psi0p00,0.018,borrow,30,81,0.0,2,-0.6,-0.6,-0.6101902,0.9976282,0.10054761,0.10054761,1.0,0.001809857,0.018,0.0,0.012,0.6,0.6,-26.29799,2.194826,0.7316086,0.128,0.0,0.14342998,0.0,0.0
hardzero_only__c0p58__z1p00__lam0p000__nu0p50__psi0p00,0.018,borrow,30,82,0.0,2,-0.6,-0.6,-0.61200005,1.0131153,0.0,0.09702524,0.0,0.0,0.018,0.0,0.012,0.6,0.6,-27.462297,2.228898,0.74296606,0.136,0.0,0.1735192,0.0,0.0
hardzero_only__c0p58__z1p00__lam0p000__nu0p50__psi0p00,0.018,borrow,30,83,0.0,2,-0.6,-0.6,-0.61006343,0.96822613,0.10759049,0.10759049,1.0,0.0019366287,0.018,0.0,0.012,0.6,0.6,-26.267998,2.13014,0.7100467,0.216,0.0,0.14300396,0.0,0.0
hardzero_only__c0p58__z1p00__lam0p000__nu0p50__psi0p00,0.018,borrow,30,84,0.0,2,-0.6,-0.6,-0.61200005,1.0447772,0.0,0.09020339,0.0,0.0,0.018,0.0,0.012,0.6,0.6,-27.242682,2.2985556,0.7661852,0.208,0.0,0.16734251,0.0,0.0
hardzero_only__c0p58__z1p00__lam0p000__nu0p50__psi0p00,0.018,borrow,30,85,0.0,2,-0.6,-0.6,-0.61008096,0.972176,0.10661639,0.10661639,1.0,0.0019190949,0.018,0.0,0.012,0.6,0.6,-26.239069,2.13883,0.7129433,0.16000001,0.0,0.1415,0.0,0.0
hardzero_only__c0p58__z1p00__lam0p000__nu0p50__psi0p00,0.018,borrow,30,86,0.0,2,-0.6,-0.6,-0.6101764,0.9943215,0.101316094,0.101316094,1.0,0.0018236897,0.018,0.0,0.012,0.6,0.6,-26.802868,2.187551,0.7291837,0.2,0.0,0.14391854,0.0,0.0
hardzero_only__c0p58__z1p00__lam0p000__nu0p50__psi0p00,0.018,borrow,30,87,0.0,2,-0.6,-0.6,-0.61200005,1.0135347,0.0,0.0969316,0.0,0.0,0.018,0.0,0.012,0.6,0.6,-26.679768,2.2298207,0.7432736,0.15200001,0.0,0.1921951,0.0,0.0
hardzero_only__c0p58__z1p00__lam0p000__nu0p50__psi0p00,0.018,borrow,30,88,0.0,2,-0.6,-0.6,-0.61007607,0.9710659,0.106889255,0.106889255,1.0,0.0019240065,0.018,0.0,0.012,0.6,0.6,-26.71513,2.1363876,0.71212924,0.16000001,0.0,0.15260819,0.0,0.0
hardzero_only__c0p58__z1p00__lam0p000__nu0p50__psi0p00,0.018,borrow,30,89,0.0,2,-0.6,-0.6,-0.61013263,0.98403156,0.103745304,0.103745304,1.0,0.0018674154,0.018,0.0,0.012,0.6,0.6,-26.42867,2.1649127,0.7216376,0.18400002,0.0,0.16202189,0.0,0.0
hardzero_only__c0p58__z1p00__lam0p000__nu0p50__psi0p00,0.018,borrow,30,90,0.0,2,-0.6,-0.6,-0.61200005,1.0489727,0.0,0.08933616,0.0,0.0,0.018,0.0,0.012,0.6,0.6,-27.58033,2.307786,0.769262,0.136,0.0,0.1398394,0.0,0.0
hardzero_only__c0p58__z1p00__lam0p000__nu0p50__psi0p00,0.018,borrow,30,91,0.0,2,-0.6,-0.6,-0.61200005,1.0240456,0.0,0.09461378,0.0,0.0,0.018,0.0,0.012,0.6,0.6,-26.765259,2.2529452,0.75098175,0.07,0.0,0.1564382,0.0,0.0
hardzero_only__c0p58__z1p00__lam0p000__nu0p50__psi0p00,0.018,borrow,30,92,0.0,2,-0.6,-0.6,-0.61200005,1.0196006,0.0,0.09558711,0.0,0.0,0.018,0.0,0.012,0.6,0.6,-26.55434,2.2431662,0.7477221,0.16000001,0.0,0.15756674,0.0,0.0
hardzero_only__c0p58__z1p00__lam0p000__nu0p50__psi0p00,0.018,borrow,30,93,0.0,2,-0.6,-0.6,-0.61200005,1.0723116,0.0,0.08466197,0.0,0.0,0.018,0.0,0.012,0.6,0.6,-28.206541,2.3591328,0.7863776,0.104,0.0,0.1488001,0.0,0.0
hardzero_only__c0p58__z1p00__lam0p000__nu0p50__psi0p00,0.018,borrow,30,94,0.0,2,-0.6,-0.6,-0.61200005,1.002649,0.0,0.09939191,0.0,0.0,0.018,0.0,0.012,0.6,0.6,-25.766926,2.2058718,0.73529065,0.17600001,0.0,0.13743167,0.0,0.0
hardzero_only__c0p58__z1p00__lam0p000__nu0p50__psi0p00,0.018,borrow,30,95,0.0,2,-0.6,-0.6,-0.61200005,1.074079,0.0,0.08431814,0.0,0.0,0.018,0.0,0.012,0.6,0.6,-28.163754,2.3630211,0.7876737,0.16000001,0.0,0.16290446,0.0,0.0
hardzero_only__c0p58__z1p00__lam0p000__nu0p50__psi0p00,0.018,borrow,30,96,0.0,2,-0.6,-0.6,-0.6101184,0.980732,0.104536496,0.104536496,1.0,0.0018816568,0.018,0.0,0.012,0.6,0.6,-27.261442,2.1576536,0.7192179,0.16800001,0.0,0.16815504,0.0,0.0
hardzero_only__c0p58__z1p00__lam0p000__nu0p50__psi0p00,0.018,borrow,30,97,0.0,2,-0.6,-0.6,-0.61200005,1.0139338,0.0,0.09684255,0.0,0.0,0.018,0.0,0.012,0.6,0.6,-27.128717,2.2306988,0.7435663,0.112,0.0,0.16440514,0.0,0.0
hardzero_only__c0p58__z1p00__lam0p000__nu0p50__psi0p00,0.018,borrow,30,98,0.0,2,-0.6,-0.6,-0.61200005,1.0093654,0.0,0.09786661,0.0,0.0,0.018,0.0,0.012,0.6,0.6,-26.79815,2.2206483,0.74021614,0.18400002,0.0,0.15185295,0.0,0.0
hardzero_only__c0p58__z1p00__lam0p000__nu0p50__psi0p00,0.018,borrow,30,99,0.0,2,-0.6,-0.6,-0.61200005,1.0053803,0.0,0.09876879,0.0,0.0,0.018,0.0,0.012,0.6,0.6,-26.603111,2.2118807,0.7372936,0.18400002,0.0,0.14194636,0.0,0.0
hardzero_only__c0p58__z1p00__lam0p000__nu0p50__psi0p00,0.018,borrow,30,100,0.0,2,-0.6,-0.6,-0.61019135,0.9979093,0.10048255,0.10048255,1.0,0.0018086858,0.018,0.0,0.012,0.6,0.6,-26.420921,2.1954443,0.7318148,0.17600001,0.0,0.14599185,0.0,0.0
hardzero_only__c0p58__z1p00__lam0p000__nu0p50__psi0p00,0.018,borrow,30,101,0.0,2,-0.6,-0.6,-0.61200005,1.013517,0.0,0.09693552,0.0,0.0,0.018,0.0,0.012,0.6,0.6,-27.280216,2.2297819,0.7432606,0.15200001,0.0,0.1689512,0.0,0.0
hardzero_only__c0p58__z1p00__lam0p000__nu0p50__psi0p00,0.018,borrow,30,102,0.0,2,-0.6,-0.6,-0.61200005,1.0091181,0.0,0.09792236,0.0,0.0,0.018,0.0,0.012,0.6,0.6,-26.964146,2.2201042,0.74003476,0.17600001,0.0,0.15767789,0.0,0.0
hardzero_only__c0p58__z1p00__lam0p000__nu0p50__psi0p00,0.018,borrow,30,103,0.0,2,-0.6,-0.6,-0.61200005,1.0419216,0.0,0.090798445,0.0,0.0,0.018,0.0,0.012,0.6,0.6,-27.147724,2.2922733,0.76409113,0.15200001,0.0,0.15665121,0.0,0.0
hardzero_only__c0p58__z1p00__lam0p000__nu0p50__psi0p00,0.018,borrow,30,104,0.0,2,-0.6,-0.6,-0.6100671,0.9690556,0.10738519,0.10738519,1.0,0.0019329333,0.018,0.0,0.012,0.6,0.6,-26.477995,2.131965,0.710655,0.19999999,0.0,0.17407592,0.0,0.0
hardzero_only__c0p58__z1p00__lam0p000__nu0p50__psi0p00,0.018,borrow,30,105,0.0,2,-0.6,-0.6,-0.61200005,1.0225953,0.0,0.094930276,0.0,0.0,0.018,0.0,0.012,0.6,0.6,-27.338953,2.2497547,0.7499182,0.24000001,0.0,0.18011351,0.0,0.0
hardzero_only__c0p58__z1p00__lam0p000__nu0p50__psi0p00,0.018,borrow,30,106,0.0,2,-0.6,-0.6,-0.6100528,0.96585155,0.108180374,0.108180374,1.0,0.0019472466,0.018,0.0,0.012,0.6,0.6,-26.242004,2.1249158,0.7083053,0.18400002,0.0,0.14555492,0.0,0.0
hardzero_only__c0p58__z1p00__lam0p000__nu0p50__psi0p00,0.018,borrow,30,107,0.0,2,-0.6,-0.6,-0.61200005,1.0639045,0.0,0.08631684,0.0,0.0,0.018,0.0,0.012,0.6,0.6,-27.817411,2.3406367,0.7802123,0.15200001,0.0,0.14010333,0.0,0.0
hardzero_only__c0p58__z1p00__lam0p000__nu0p50__psi0p00,0.018,borrow,30,108,0.0,2,-0.6,-0.6,-0.61200005,1.0414047,0.0,0.09090657,0.0,0.0,0.018,0.0,0.012,0.6,0.6,-27.147926,2.2911363,0.7637121,0.14400001,0.0,0.1686574,0.0,0.0
hardzero_only__c0p58__z1p00__lam0p000__nu0p50__psi0p00,0.018,borrow,30,109,0.0,2,-0.6,-0.6,-0.61200005,1.0549023,0.0,0.08812471,0.0,0.0,0.018,0.0,0.012,0.6,0.6,-27.82764,2.3208315,0.77361053,0.192,0.0,0.17403916,0.0,0.0
hardzero_only__c0p58__z1p00__lam0p000__nu0p50__psi0p00,0.018,borrow,30,110,0.0,2,-0.6,-0.6,-0.61018234,0.9957466,0.100984186,0.100984186,1.0,0.0018177152,0.018,0.0,0.012,0.6,0.6,-27.115196,2.1906862,0.7302288,0.208,0.0,0.14568873,0.0,0.0
hardzero_only__c0p58__z1p00__lam0p000__nu0p50__psi0p00,0.018,borrow,30,111,0.0,2,-0.6,-0.6,-0.61200005,1.0480349,0.0,0.08952927,0.0,0.0,0.018,0.0,0.012,0.6,0.6,-27.57932,2.305723,0.76857436,0.096,0.0,0.14974424,0.0,0.0
hardzero_only__c0p58__z1p00__lam0p000__nu0p50__psi0p00,0.018,borrow,30,112,0.0,2,-0.6,-0.6,-0.61200005,1.0094789,0.0,0.09784104,0.0,0.0,0.018,0.0,0.012,0.6,0.6,-26.973185,2.220898,0.74029934,0.16800001,0.0,0.15721424,0.0,0.0
hardzero_only__c0p58__z1p00__lam0p000__nu0p50__psi0p00,0.018,borrow,30,113,0.0,2,-0.6,-0.6,-0.6100363,0.96219593,0.1090948,0.1090948,1.0,0.0019637062,0.018,0.0,0.012,0.6,0.6,-25.75625,2.1168733,0.70562446,0.18400002,0.0,0.14404112,0.0,0.0
hardzero_only__c0p58__z1p00__lam0p000__nu0p50__psi0p00,0.018,borrow,30,114,0.0,2,-0.6,-0.6,-0.610186,0.9966129,0.10078296,0.10078296,1.0,0.0018140932,0.018,0.0,0.012,0.6,0.6,-26.758204,2.1925921,0.73086405,0.128,0.0,0.148791,0.0,0.0
hardzero_only__c0p58__z1p00__lam0p000__nu0p50__psi0p00,0.018,borrow,30,115,0.0,2,-0.6,-0.6,-0.61200005,1.0313134,0.0,0.09304362,0.0,0.0,0.018,0.0,0.012,0.6,0.6,-28.115126,2.2689347,0.7563116,0.15200001,0.0,0.18272427,0.0,0.0
hardzero_only__c0p58__z1p00__lam0p000__nu0p50__psi0p00,0.018,borrow,30,116,0.0,2,-0.6,-0.6,-0.61200005,1.006874,0.0,0.098429665,0.0,0.0,0.018,0.0,0.012,0.6,0.6,-26.85962,2.215167,0.738389,0.192,0.0,0.15112531,0.0,0.0
hardzero_only__c0p58__z1p00__lam0p000__nu0p50__psi0p00,0.018,borrow,30,117,0.0,2,-0.6,-0.6,-0.61200005,1.0380744,0.0,0.09160636,0.0,0.0,0.018,0.0,0.012,0.6,0.6,-26.63413,2.2838092,0.76126975,0.11,0.0,0.17173828,0.0,0.0
hardzero_only__c0p58__z1p00__lam0p000__nu0p50__psi0p00,0.018,borrow,30,118,0.0,2,-0.6,-0.6,-0.6101209,0.9813089,0.104397744,0.104397744,1.0,0.0018791594,0.018,0.0,0.012,0.6,0.6,-26.331364,2.1589227,0.7196409,0.192,0.0,0.15922883,0.0,0.0
hardzero_only__c0p58__z1p00__lam0p000__nu0p50__psi0p00,0.018,borrow,30,119,0.0,2,-0.6,-0.6,-0.61200005,1.0040994,0.0,0.09906051,0.0,0.0,0.018,0.0,0.012,0.6,0.6,-27.113613,2.2090628,0.7363543,0.15200001,0.0,0.16394119,0.0,0.0
hardzero_only__c0p58__z1p00__lam0p000__nu0p50__psi0p00,0.018,borrow,30,120,0.0,2,-0.6,-0.6,-0.61200005,1.0351734,0.0,0.0922203,0.0,0.0,0.018,0.0,0.012,0.6,0.6,-27.347954,2.277427,0.75914234,0.15200001,0.0,0.17419189,0.0,0.0
hardzero_only__c0p58__z1p00__lam0p000__nu0p50__psi0p00,0.018,borrow,30,121,0.0,2,-0.6,-0.6,-0.61200005,1.0342871,0.0,0.0924087,0.0,0.0,0.018,0.0,0.012,0.6,0.6,-27.4996,2.2754772,0.7584924,0.15200001,0.0,0.184468,0.0,0.0
hardzero_only__c0p58__z1p00__lam0p000__nu0p50__psi0p00,0.018,borrow,30,122,0.0,2,-0.6,-0.6,-0.61200005,1.073121,0.0,0.08450435,0.0,0.0,0.018,0.0,0.012,0.6,0.6,-29.03275,2.3609133,0.7869711,0.136,0.0,0.16496202,0.0,0.0
hardzero_only__c0p58__z1p00__lam0p000__nu0p50__psi0p00,0.018,borrow,30,123,0.0,2,-0.6,-0.6,-0.61200005,1.0076932,0.0,0.09824417,0.0,0.0,0.018,0.0,0.012,0.6,0.6,-26.765705,2.2169693,0.7389898,0.128,0.0,0.14709245,0.0,0.0
hardzero_only__c0p58__z1p00__lam0p000__nu0p50__psi0p00,0.018,borrow,30,124,0.0,2,-0.6,-0.6,-0.6100396,0.9629201,0.10891304,0.10891304,1.0,0.0019604347,0.018,0.0,0.012,0.6,0.6,-26.064104,2.1184666,0.70615554,0.18400002,0.0,0.15566541,0.0,0.0
hardzero_only__c0p58__z1p00__lam0p000__nu0p50__psi0p00,0.018,borrow,30,125,0.0,2,-0.6,-0.6,-0.6098261,0.9180243,0.12077462,0.12077462,1.0,0.002173943,0.018,0.0,0.012,0.6,0.6,-25.607666,2.0196939,0.6732313,0.18400002,0.008,0.14612532,0.0,0.0
hardzero_only__c0p58__z1p00__lam0p000__nu0p50__psi0p00,0.018,borrow,30,126,0.0,2,-0.6,-0.6,-0.61200005,1.0060854,0.0,0.09860855,0.0,0.0,0.018,0.0,0.012,0.6,0.6,-26.651552,2.213432,0.73781073,0.216,0.0,0.16119479,0.0,0.0
hardzero_only__c0p58__z1p00__lam0p000__nu0p50__psi0p00,0.018,borrow,30,127,0.0,2,-0.6,-0.6,-0.61200005,1.0081391,0.0,0.09814334,0.0,0.0,0.018,0.0,0.012,0.6,0.6,-26.89896,2.2179503,0.7393168,0.16000001,0.0,0.15445538,0.0,0.0
hardzero_only__c0p58__z1p00__lam0p000__nu0p50__psi0p00,0.018,borrow,30,128,0.0,2,-0.6,-0.6,-0.61200005,1.0177165,0.0,0.0960027,0.0,0.0,0.018,0.0,0.012,0.6,0.6,-27.206472,2.239021,0.7463404,0.17600001,0.0,0.14184737,0.0,0.0
hardzero_only__c0p58__z1p00__lam0p000__nu0p50__psi0p00,0.018,borrow,30,129,0.0,2,-0.6,-0.6,-0.61200005,1.0069716,0.0,0.09840754,0.0,0.0,0.018,0.0,0.012,0.6,0.6,-27.111715,2.2153819,0.73846066,0.16800001,0.0,0.18263632,0.0,0.0
hardzero_only__c0p58__z1p00__lam0p000__nu0p50__psi0p00,0.018,borrow,30,130,0.0,2,-0.6,-0.6,-0.61200005,1.0333198,0.0,0.092614755,0.0,0.0,0.018,0.0,0.012,0.6,0.6,-26.900108,2.273349,0.75778306,0.17999999,0.0,0.16239963,0.0,0.0
hardzero_only__c0p58__z1p00__lam0p000__nu0p50__psi0p00,0.018,borrow,30,131,0.0,2,-0.6,-0.6,-0.6101144,0.97980905,0.1047589,0.1047589,1.0,0.0018856602,0.018,0.0,0.012,0.6,0.6,-26.361826,2.155623,0.718541,0.136,0.0,0.17317368,0.0,0.0
hardzero_only__c0p58__z1p00__lam0p000__nu0p50__psi0p00,0.018,borrow,30,132,0.0,2,-0.6,-0.6,-0.61200005,1.0167063,0.0,0.09622626,0.0,0.0,0.018,0.0,0.012,0.6,0.6,-27.285528,2.2367985,0.7455995,0.18400002,0.0,0.15799871,0.0,0.0
hardzero_only__c0p58__z1p00__lam0p000__nu0p50__psi0p00,0.018,borrow,30,133,0.0,2,-0.6,-0.6,-0.61200005,1.0460916,0.0,0.0899308,0.0,0.0,0.018,0.0,0.012,0.6,0.6,-27.58196,2.3014474,0.76714915,0.16000001,0.0,0.16886303,0.0,0.0
hardzero_only__c0p58__z1p00__lam0p000__nu0p50__psi0p00,0.018,borrow,30,134,0.0,2,-0.6,-0.6,-0.61200005,1.0199887,0.0,0.09550176,0.0,0.0,0.018,0.0,0.012,0.6,0.6,-27.834469,2.2440197,0.7480066,0.120000005,0.0,0.15608926,0.0,0.0
hardzero_only__c0p58__z1p00__lam0p000__nu0p50__psi0p00,0.018,borrow,30,135,0.0,2,-0.6,-0.6,-0.61019677,0.9992064,0.10018289,0.10018289,1.0,0.001803292,0.018,0.0,0.012,0.6,0.6,-27.10364,2.198298,0.73276603,0.14400001,0.0,0.15314907,0.0,0.0
hardzero_only__c0p58__z1p00__lam0p000__nu0p50__psi0p00,0.018,borrow,30,136,0.0,2,-0.6,-0.6,-0.6101338,0.98431194,0.10367834,0.10367834,1.0,0.00186621,0.018,0.0,0.012,0.6,0.6,-26.611673,2.1655295,0.7218432,0.23200001,0.0,0.14242159,0.0,0.0
hardzero_only__c0p58__z1p00__lam0p000__nu0p50__psi0p00,0.018,borrow,30,137,0.0,2,-0.6,-0.6,-0.6101576,0.9898816,0.1023572,0.1023572,1.0,0.0018424295,0.018,0.0,0.012,0.6,0.6,-25.651775,2.177783,0.7259277,0.15200001,0.0,0.14329845,0.0,0.0
hardzero_only__c0p58__z1p00__lam0p000__nu0p50__psi0p00,0.018,borrow,30,138,0.0,2,-0.6,-0.6,-0.61200005,1.0793065,0.0,0.08330929,0.0,0.0,0.018,0.0,0.012,0.6,0.6,-27.674868,2.3745217,0.79150724,0.15200001,0.0,0.17983627,0.0,0.0
hardzero_only__c0p58__z1p00__lam0p000__nu0p50__psi0p00,0.018,borrow,30,139,0.0,2,-0.6,-0.6,-0.6101828,0.9958684,0.10095587,0.10095587,1.0,0.0018172056,0.018,0.0,0.012,0.6,0.6,-26.534286,2.1909542,0.73031807,0.15200001,0.0,0.16091873,0.0,0.0
hardzero_only__c0p58__z1p00__lam0p000__nu0p50__psi0p00,0.018,borrow,30,140,0.0,2,-0.6,-0.6,-0.61200005,1.0226445,0.0,0.0949195,0.0,0.0,0.018,0.0,0.012,0.6,0.6,-27.252943,2.249863,0.74995434,0.15200001,0.0,0.17565657,0.0,0.0
hardzero_only__c0p58__z1p00__lam0p000__nu0p50__psi0p00,0.018,borrow,30,141,0.0,2,-0.6,-0.6,-0.61200005,1.0083224,0.0,0.098101944,0.0,0.0,0.018,0.0,0.012,0.6,0.6,-26.867605,2.2183535,0.73945117,0.224,0.0,0.15685666,0.0,0.0
hardzero_only__c0p58__z1p00__lam0p000__nu0p50__psi0p00,0.018,borrow,30,142,0.0,2,-0.6,-0.6,-0.61200005,1.0728027,0.0,0.08456631,0.0,0.0,0.018,0.0,0.012,0.6,0.6,-28.499342,2.360213,0.7867377,0.128,0.0,0.19889222,0.0,0.0
hardzero_only__c0p58__z1p00__lam0p000__nu0p50__psi0p00,0.018,borrow,30,143,0.0,2,-0.6,-0.6,-0.6101163,0.9802496,0.10465268,0.10465268,1.0,0.0018837482,0.018,0.0,0.012,0.6,0.6,-26.255083,2.1565921,0.7188641,0.19999999,0.0,0.15301888,0.0,0.0
hardzero_only__c0p58__z1p00__lam0p000__nu0p50__psi0p00,0.018,borrow,30,144,0.0,2,-0.6,-0.6,-0.61200005,1.0227551,0.0,0.09489534,0.0,0.0,0.018,0.0,0.012,0.6,0.6,-27.063532,2.2501063,0.75003546,0.15200001,0.0,0.15853672,0.0,0.0
hardzero_only__c0p58__z1p00__lam0p000__nu0p50__psi0p00,0.018,borrow,30,145,0.0,2,-0.6,-0.6,-0.61019635,0.9991159,0.10020379,0.10020379,1.0,0.0018036681,0.018,0.0,0.012,0.6,0.6,-26.937656,2.198099,0.73269963,0.14400001,0.0,0.141415,0.0,0.0
hardzero_only__c0p58__z1p00__lam0p000__nu0p50__psi0p00,0.018,borrow,30,146,0.0,2,-0.6,-0.6,-0.61200005,1.0030816,0.0,0.09929296,0.0,0.0,0.018,0.0,0.012,0.6,0.6,-27.63286,2.2068236,0.73560786,0.16000001,0.0,0.15410379,0.0,0.0
hardzero_only__c0p58__z1p00__lam0p000__nu0p50__psi0p00,0.018,borrow,30,147,0.0,2,-0.6,-0.6,-0.61200005,1.0617158,0.0,0.08675292,0.0,0.0,0.018,0.0,0.012,0.6,0.6,-28.163305,2.3358214,0.77860713,0.128,0.0,0.16262478,0.0,0.0
hardzero_only__c0p58__z1p00__lam0p000__nu0p50__psi0p00,0.018,borrow,30,148,0.0,2,-0.6,-0.6,-0.61200005,1.0093634,0.0,0.09786708,0.0,0.0,0.018,0.0,0.012,0.6,0.6,-27.588715,2.2206438,0.7402146,0.192,0.0,0.15206283,0.0,0.0
hardzero_only__c0p58__z1p00__lam0p000__nu0p50__psi0p00,0.018,borrow,30,149,0.0,2,-0.6,-0.6,-0.61200005,1.0293067,0.0,0.09347454,0.0,0.0,0.018,0.0,0.012,0.6,0.6,-26.81541,2.26452,0.75484,0.192,0.0,0.15203077,0.0,0.0
hardzero_only__c0p58__z1p00__lam0p000__nu0p50__psi0p00,0.018,borrow,30,150,0.0,2,-0.6,-0.6,-0.6101791,0.9949767,0.10116337,0.10116337,1.0,0.0018209406,0.018,0.0,0.012,0.6,0.6,-26.66223,2.1889925,0.7296642,0.136,0.0,0.17974854,0.0,0.0
hardzero_only__c0p58__z1p00__lam0p000__nu0p50__psi0p00,0.018,borrow,30,151,0.0,2,-0.6,-0.6,-0.61200005,1.0383505,0.0,0.09154814,0.0,0.0,0.018,0.0,0.012,0.6,0.6,-27.455544,2.2844167,0.7614722,0.15200001,0.0,0.1743261,0.0,0.0
hardzero_only__c0p58__z1p00__lam0p000__nu0p50__psi0p00,0.018,borrow,30,152,0.0,2,-0.6,-0.6,-0.61200005,1.0926268,0.0,0.0807929,0.0,0.0,0.018,0.0,0.012,0.6,0.6,-29.16083,2.403827,0.8012757,0.096,0.0,0.17497419,0.0,0.0
hardzero_only__c0p58__z1p00__lam0p000__nu0p50__psi0p00,0.018,borrow,30,153,0.0,2,-0.6,-0.6,-0.61010146,0.976845,0.10547632,0.10547632,1.0,0.0018985737,0.018,0.0,0.012,0.6,0.6,-26.83703,2.149102,0.71636736,0.24000001,0.0,0.14530043,0.0,0.0
hardzero_only__c0p58__z1p00__lam0p000__nu0p50__psi0p00,0.018,borrow,30,154,0.0,2,-0.6,-0.6,-0.61200005,1.020593,0.0,0.095368944,0.0,0.0,0.018,0.0,0.012,0.6,0.6,-26.56545,2.2453496,0.7484499,0.192,0.0,0.16603442,0.0,0.0
hardzero_only__c0p58__z1p00__lam0p000__nu0p50__psi0p00,0.018,borrow,30,155,0.0,2,-0.6,-0.6,-0.61200005,1.0150365,0.0,0.09659698,0.0,0.0,0.018,0.0,0.012,0.6,0.6,-26.52975,2.2331247,0.74437493,0.120000005,0.0,0.16211268,0.0,0.0
hardzero_only__c0p58__z1p00__lam0p000__nu0p50__psi0p00,0.018,borrow,30,156,0.0,2,-0.6,-0.6,-0.61200005,1.03005,0.0,0.09331466,0.0,0.0,0.018,0.0,0.012,0.6,0.6,-27.997955,2.2661552,0.7553851,0.13,0.0,0.15838656,0.0,0.0
hardzero_only__c0p58__z1p00__lam0p000__nu0p50__psi0p00,0.018,borrow,30,157,0.0,2,-0.6,-0.6,-0.61200005,1.0021605,0.0,0.09950375,0.0,0.0,0.018,0.0,0.012,0.6,0.6,-27.311516,2.2047973,0.7349324,0.216,0.008,0.17624047,0.0,0.0
hardzero_only__c0p58__z1p00__lam0p000__nu0p50__psi0p00,0.018,borrow,30,158,0.0,2,-0.6,-0.6,-0.6099877,0.95156544,0.11179812,0.11179812,1.0,0.0020123662,0.018,0.0,0.012,0.6,0.6,-26.411623,2.0934858,0.69782865,0.192,0.0,0.1344548,0.0,0.0
hardzero_only__c0p58__z1p00__lam0p000__nu0p50__psi0p00,0.018,borrow,30,159,0.0,2,-0.6,-0.6,-0.61200005,1.0380384,0.0,0.09161394,0.0,0.0,0.018,0.0,0.012,0.6,0.6,-27.177769,2.28373,0.76124334,0.15200001,0.0,0.18587881,0.0,0.0
hardzero_only__c0p58__z1p00__lam0p000__nu0p50__psi0p00,0.018,borrow,30,160,0.0,2,-0.6,-0.6,-0.6101936,0.99845606,0.10035614,0.10035614,1.0,0.0018064104,0.018,0.0,0.012,0.6,0.6,-26.955126,2.1966472,0.73221576,0.16800001,0.0,0.17903844,0.0,0.0
hardzero_only__c0p58__z1p00__lam0p000__nu0p50__psi0p00,0.018,borrow,30,161,0.0,2,-0.6,-0.6,-0.61200005,1.052273,0.0,0.08865985,0.0,0.0,0.018,0.0,0.012,0.6,0.6,-27.947771,2.315047,0.7716824,0.096,0.0,0.17577413,0.0,0.0
hardzero_only__c0p58__z1p00__lam0p000__nu0p50__psi0p00,0.018,borrow,30,162,0.0,2,-0.6,-0.6,-0.6100053,0.9553827,0.11081977,0.11081977,1.0,0.0019947558,0.018,0.0,0.012,0.6,0.6,-25.7386,2.101884,0.700628,0.2,0.0,0.13031006,0.0,0.0
hardzero_only__c0p58__z1p00__lam0p000__nu0p50__psi0p00,0.018,borrow,30,163,0.0,2,-0.6,-0.6,-0.61200005,1.0196692,0.0,0.095572025,0.0,0.0,0.018,0.0,0.012,0.6,0.6,-27.073591,2.243317,0.74777234,0.23200001,0.0,0.18470575,0.0,0.0
hardzero_only__c0p58__z1p00__lam0p000__nu0p50__psi0p00,0.018,borrow,30,164,0.0,2,-0.6,-0.6,-0.61200005,1.0164897,0.0,0.096274264,0.0,0.0,0.018,0.0,0.012,0.6,0.6,-26.536217,2.2363222,0.7454407,0.18400002,0.0,0.13831492,0.0,0.0
hardzero_only__c0p58__z1p00__lam0p000__nu0p50__psi0p00,0.018,borrow,30,165,0.0,2,-0.6,-0.6,-0.61200005,1.0064191,0.0,0.09853282,0.0,0.0,0.018,0.0,0.012,0.6,0.6,-26.996664,2.2141662,0.7380554,0.128,0.0,0.15954939,0.0,0.0
hardzero_only__c0p58__z1p00__lam0p000__nu0p50__psi0p00,0.018,borrow,30,166,0.0,2,-0.6,-0.6,-0.61200005,1.0779142,0.0,0.0835768,0.0,0.0,0.018,0.0,0.012,0.6,0.6,-29.452469,2.3714588,0.7904863,0.112,0.0,0.2059289,0.0,0.0
hardzero_only__c0p58__z1p00__lam0p000__nu0p50__psi0p00,0.018,borrow,30,167,0.0,2,-0.6,-0.6,-0.61200005,1.0525097,0.0,0.08861154,0.0,0.0,0.018,0.0,0.012,0.6,0.6,-27.888372,2.3155675,0.77185583,0.128,0.008,0.1412105,0.0,0.0
hardzero_only__c0p58__z1p00__lam0p000__nu0p50__psi0p00,0.018,borrow,30,168,0.0,2,-0.6,-0.6,-0.61200005,1.0478438,0.0,0.08956869,0.0,0.0,0.018,0.0,0.012,0.6,0.6,-28.25672,2.3053024,0.76843417,0.14400001,0.0,0.18087338,0.0,0.0
hardzero_only__c0p58__z1p00__lam0p000__nu0p50__psi0p00,0.018,borrow,30,169,0.0,2,-0.6,-0.6,-0.61200005,1.0021818,0.0,0.09949889,0.0,0.0,0.018,0.0,0.012,0.6,0.6,-27.173185,2.204844,0.73494804,0.24,0.0,0.17081486,0.0,0.0
hardzero_only__c0p58__z1p00__lam0p000__nu0p50__psi0p00,0.018,borrow,30,170,0.0,2,-0.6,-0.6,-0.6101567,0.9896691,0.10240729,0.10240729,1.0,0.0018433311,0.018,0.0,0.012,0.6,0.6,-26.514856,2.1773155,0.72577184,0.17600001,0.0,0.1444532,0.0,0.0
hardzero_only__c0p58__z1p00__lam0p000__nu0p50__psi0p00,0.018,borrow,30,171,0.0,2,-0.6,-0.6,-0.61200005,1.041958,0.0,0.090790845,0.0,0.0,0.018,0.0,0.012,0.6,0.6,-27.85014,2.2923534,0.76411784,0.096,0.0,0.14228153,0.0,0.0
hardzero_only__c0p58__z1p00__lam0p000__nu0p50__psi0p00,0.018,borrow,30,172,0.0,2,-0.6,-0.6,-0.61200005,1.0012126,0.0,0.09972118,0.0,0.0,0.018,0.0,0.012,0.6,0.6,-27.381376,2.2027118,0.7342373,0.128,0.0,0.15272242,0.0,0.0
hardzero_only__c0p58__z1p00__lam0p000__nu0p50__psi0p00,0.018,borrow,30,173,0.0,2,-0.6,-0.6,-0.60996526,0.9467564,0.11304298,0.11304298,1.0,0.0020347736,0.018,0.0,0.012,0.6,0.6,-26.877798,2.0829058,0.69430196,0.16000001,0.0,0.14719221,0.0,0.0
hardzero_only__c0p58__z1p00__lam0p000__nu0p50__psi0p00,0.018,borrow,30,174,0.0,2,-0.6,-0.6,-0.61016047,0.99055165,0.1021994,0.1021994,1.0,0.0018395891,0.018,0.0,0.012,0.6,0.6,-26.241484,2.1792572,0.7264191,0.2,0.0,0.17985903,0.0,0.0
hardzero_only__c0p58__z1p00__lam0p000__nu0p50__psi0p00,0.018,borrow,30,175,0.0,2,-0.6,-0.6,-0.6101638,0.9913446,0.10201298,0.10201298,1.0,0.0018362335,0.018,0.0,0.012,0.6,0.6,-26.100784,2.1810017,0.7270006,0.16000001,0.0,0.14054704,0.0,0.0
hardzero_only__c0p58__z1p00__lam0p000__nu0p50__psi0p00,0.018,borrow,30,176,0.0,2,-0.6,-0.6,-0.61200005,1.0108352,0.0,0.097535975,0.0,0.0,0.018,0.0,0.012,0.6,0.6,-27.121891,2.2238817,0.7412939,0.18400002,0.0,0.17319791,0.0,0.0
hardzero_only__c0p58__z1p00__lam0p000__nu0p50__psi0p00,0.018,borrow,30,177,0.0,2,-0.6,-0.6,-0.6101027,0.97712755,0.10540772,0.10540772,1.0,0.0018973389,0.018,0.0,0.012,0.6,0.6,-27.08135,2.1497235,0.71657455,0.272,0.0,0.17997384,0.0,0.0
hardzero_only__c0p58__z1p00__lam0p000__nu0p50__psi0p00,0.018,borrow,30,178,0.0,2,-0.6,-0.6,-0.61200005,1.0068617,0.0,0.09843247,0.0,0.0,0.018,0.0,0.012,0.6,0.6,-27.205584,2.2151399,0.73837996,0.23200001,0.0,0.16137682,0.0,0.0
hardzero_only__c0p58__z1p00__lam0p000__nu0p50__psi0p00,0.018,borrow,30,179,0.0,2,-0.6,-0.6,-0.61200005,1.0600691,0.0,0.08708249,0.0,0.0,0.018,0.0,0.012,0.6,0.6,-28.292707,2.3321986,0.77739954,0.15200001,0.0,0.17799391,0.0,0.0
hardzero_only__c0p58__z1p00__lam0p000__nu0p50__psi0p00,0.018,borrow,30,180,0.0,2,-0.6,-0.6,-0.61015207,0.9885759,0.1026654,0.1026654,1.0,0.0018479772,0.018,0.0,0.012,0.6,0.6,-25.905537,2.1749103,0.7249701,0.16000001,0.0,0.1474389,0.0,0.0
hardzero_only__c0p58__z1p00__lam0p000__nu0p50__psi0p00,0.018,borrow,30,181,0.0,2,-0.6,-0.6,-0.61200005,1.0053161,0.0,0.098783374,0.0,0.0,0.018,0.0,0.012,0.6,0.6,-27.028934,2.2117398,0.73724663,0.216,0.0,0.18412636,0.0,0.0
hardzero_only__c0p58__z1p00__lam0p000__nu0p50__psi0p00,0.018,borrow,30,182,0.0,2,-0.6,-0.6,-0.6101596,0.99034446,0.10224817,0.10224817,1.0,0.001840467,0.018,0.0,0.012,0.6,0.6,-26.831738,2.1788013,0.7262671,0.19,0.0,0.15635991,0.0,0.0
hardzero_only__c0p58__z1p00__lam0p000__nu0p50__psi0p00,0.018,borrow,30,183,0.0,2,-0.6,-0.6,-0.61200005,1.0068477,0.0,0.0984356,0.0,0.0,0.018,0.0,0.012,0.6,0.6,-26.992773,2.2151093,0.7383698,0.16000001,0.0,0.14611398,0.0,0.0
hardzero_only__c0p58__z1p00__lam0p000__nu0p50__psi0p00,0.018,borrow,30,184,0.0,2,-0.6,-0.6,-0.6101832,0.99594253,0.10093865,0.10093865,1.0,0.0018168956,0.018,0.0,0.012,0.6,0.6,-25.733246,2.1911173,0.7303724,0.16000001,0.0,0.17154895,0.0,0.0
hardzero_only__c0p58__z1p00__lam0p000__nu0p50__psi0p00,0.018,borrow,30,185,0.0,2,-0.6,-0.6,-0.6101406,0.98589534,0.103301026,0.103301026,1.0,0.0018594183,0.018,0.0,0.012,0.6,0.6,-26.096897,2.169013,0.72300434,0.16000001,0.0,0.15569103,0.0,0.0
hardzero_only__c0p58__z1p00__lam0p000__nu0p50__psi0p00,0.018,borrow,30,186,0.0,2,-0.6,-0.6,-0.61017346,0.99363595,0.101476155,0.101476155,1.0,0.0018265707,0.018,0.0,0.012,0.6,0.6,-26.315346,2.1860428,0.72868097,0.192,0.0,0.13144812,0.0,0.0
hardzero_only__c0p58__z1p00__lam0p000__nu0p50__psi0p00,0.018,borrow,30,187,0.0,2,-0.6,-0.6,-0.6098894,0.93085825,0.117257796,0.117257796,1.0,0.0021106403,0.018,0.0,0.012,0.6,0.6,-25.594847,2.047929,0.68264306,0.192,0.0,0.16068812,0.0,0.0
hardzero_only__c0p58__z1p00__lam0p000__nu0p50__psi0p00,0.018,borrow,30,188,0.0,2,-0.6,-0.6,-0.61200005,1.0107079,0.0,0.09756456,0.0,0.0,0.018,0.0,0.012,0.6,0.6,-27.40705,2.2236016,0.74120057,0.112,0.0,0.16331266,0.0,0.0
hardzero_only__c0p58__z1p00__lam0p000__nu0p50__psi0p00,0.018,borrow,30,189,0.0,2,-0.6,-0.6,-0.61200005,1.0126752,0.0,0.09712362,0.0,0.0,0.018,0.0,0.012,0.6,0.6,-27.667913,2.2279298,0.7426433,0.136,0.0,0.17669778,0.0,0.0
hardzero_only__c0p58__z1p00__lam0p000__nu0p50__psi0p00,0.018,borrow,30,190,0.0,2,-0.6,-0.6,-0.61008346,0.9727419,0.10647756,0.10647756,1.0,0.001916596,0.018,0.0,0.012,0.6,0.6,-26.489826,2.140075,0.71335834,0.272,0.0,0.13647914,0.0,0.0
hardzero_only__c0p58__z1p00__lam0p000__nu0p50__psi0p00,0.018,borrow,30,191,0.0,2,-0.6,-0.6,-0.61200005,1.0265669,0.0,0.0940661,0.0,0.0,0.018,0.0,0.012,0.6,0.6,-26.580141,2.2584922,0.75283074,0.15200001,0.0,0.16410276,0.0,0.0
hardzero_only__c0p58__z1p00__lam0p000__nu0p50__psi0p00,0.018,borrow,30,192,0.0,2,-0.6,-0.6,-0.61004674,0.9645087,0.10851538,0.10851538,1.0,0.0019532768,0.018,0.0,0.012,0.6,0.6,-26.194544,2.1219616,0.7073206,0.2,0.0,0.1434975,0.0,0.0
hardzero_only__c0p58__z1p00__lam0p000__nu0p50__psi0p00,0.018,borrow,30,193,0.0,2,-0.6,-0.6,-0.61200005,1.0404891,0.0,0.091098435,0.0,0.0,0.018,0.0,0.012,0.6,0.6,-27.810715,2.2891216,0.76304054,0.120000005,0.0,0.16081864,0.0,0.0
hardzero_only__c0p58__z1p00__lam0p000__nu0p50__psi0p00,0.018,borrow,30,194,0.0,2,-0.6,-0.6,-0.61200005,1.0373608,0.0,0.09175699,0.0,0.0,0.018,0.0,0.012,0.6,0.6,-27.345375,2.2822392,0.7607464,0.128,0.0,0.15276663,0.0,0.0
hardzero_only__c0p58__z1p00__lam0p000__nu0p50__psi0p00,0.018,borrow,30,195,0.0,2,-0.6,-0.6,-0.61200005,1.0517107,0.0,0.08877471,0.0,0.0,0.018,0.0,0.012,0.6,0.6,-28.120321,2.3138099,0.77127,0.089999996,0.0,0.15541041,0.0,0.0
hardzero_only__c0p58__z1p00__lam0p000__nu0p50__psi0p00,0.018,borrow,30,196,0.0,2,-0.6,-0.6,-0.61200005,1.0506457,0.0,0.088992685,0.0,0.0,0.018,0.0,0.012,0.6,0.6,-28.279764,2.3114667,0.7704889,0.16800001,0.008,0.16348428,0.0,0.0
hardzero_only__c0p58__z1p00__lam0p000__nu0p50__psi0p00,0.018,borrow,30,197,0.0,2,-0.6,-0.6,-0.61200005,1.0497228,0.0,0.089182,0.0,0.0,0.018,0.0,0.012,0.6,0.6,-27.548227,2.3094363,0.7698121,0.15200001,0.0,0.16346602,0.0,0.0
hardzero_only__c0p58__z1p00__lam0p000__nu0p50__psi0p00,0.018,borrow,30,198,0.0,2,-0.6,-0.6,-0.61200005,1.0504885,0.0,0.0890249,0.0,0.0,0.018,0.0,0.012,0.6,0.6,-27.672518,2.3111207,0.7703736,0.16000001,0.008,0.17435147,0.0,0.0
hardzero_only__c0p58__z1p00__lam0p000__nu0p50__psi0p00,0.018,borrow,30,199,0.0,2,-0.6,-0.6,-0.61008686,0.97350854,0.106289774,0.106289774,1.0,0.0019132158,0.018,0.0,0.012,0.6,0.6,-26.99066,2.1417615,0.71392053,0.16000001,0.0,0.16137353,0.0,0.0
hardzero_only__c0p58__z1p00__lam0p000__nu0p50__psi0p00,0.018,borrow,30,200,0.0,2,-0.6,-0.6,-0.61006904,0.9694827,0.10727963,0.10727963,1.0,0.0019310332,0.018,0.0,0.012,0.6,0.6,-26.522776,2.1329045,0.7109682,0.208,0.0,0.1671249,0.0,0.0
hardzero_only__c0p58__z1p00__lam0p000__nu0p50__psi0p00,0.018,borrow,30,201,0.0,2,-0.6,-0.6,-0.61200005,1.0088729,0.0,0.09797767,0.0,0.0,0.018,0.0,0.012,0.6,0.6,-26.321833,2.2195647,0.73985493,0.136,0.0,0.14968674,0.0,0.0
hardzero_only__c0p58__z1p00__lam0p000__nu0p50__psi0p00,0.018,borrow,30,202,0.0,2,-0.6,-0.6,-0.6101508,0.98828596,0.10273396,0.10273396,1.0,0.0018492113,0.018,0.0,0.012,0.6,0.6,-26.637909,2.1742725,0.72475755,0.14400001,0.0,0.1575158,0.0,0.0
hardzero_only__c0p58__z1p00__lam0p000__nu0p50__psi0p00,0.018,borrow,30,203,0.0,2,-0.6,-0.6,-0.61018646,0.99673307,0.10075507,0.10075507,1.0,0.0018135912,0.018,0.0,0.012,0.6,0.6,-25.928648,2.1928566,0.7309522,0.064,0.0,0.1498974,0.0,0.0
hardzero_only__c0p58__z1p00__lam0p000__nu0p50__psi0p00,0.018,borrow,30,204,0.0,2,-0.6,-0.6,-0.61200005,1.0223397,0.0,0.094986156,0.0,0.0,0.018,0.0,0.012,0.6,0.6,-25.99434,2.2491922,0.74973077,0.16000001,0.0,0.13713674,0.0,0.0
hardzero_only__c0p58__z1p00__lam0p000__nu0p50__psi0p00,0.018,borrow,30,205,0.0,2,-0.6,-0.6,-0.61200005,1.0286552,0.0,0.09361487,0.0,0.0,0.018,0.0,0.012,0.6,0.6,-27.245699,2.2630866,0.7543622,0.112,0.0,0.12774466,0.0,0.0
hardzero_only__c0p58__z1p00__lam0p000__nu0p50__psi0p00,0.018,borrow,30,206,0.0,2,-0.6,-0.6,-0.60997754,0.94938487,0.11236088,0.11236088,1.0,0.0020224957,0.018,0.0,0.012,0.6,0.6,-26.131731,2.0886884,0.69622946,0.224,0.008,0.16255403,0.0,0.0
hardzero_only__c0p58__z1p00__lam0p000__nu0p50__psi0p00,0.018,borrow,30,207,0.0,2,-0.6,-0.6,-0.61010176,0.97690743,0.10546116,0.10546116,1.0,0.0018983007,0.018,0.0,0.012,0.6,0.6,-26.58481,2.1492393,0.71641314,0.16800001,0.0,0.15166907,0.0,0.0
hardzero_only__c0p58__z1p00__lam0p000__nu0p50__psi0p00,0.018,borrow,30,208,0.0,2,-0.6,-0.6,-0.61200005,1.0522286,0.0,0.08866892,0.0,0.0,0.018,0.0,0.012,0.6,0.6,-27.6734,2.314949,0.7716497,0.22999999,0.0,0.17231983,0.0,0.0
hardzero_only__c0p58__z1p00__lam0p000__nu0p50__psi0p00,0.018,borrow,30,209,0.0,2,-0.6,-0.6,-0.61200005,1.024955,0.0,0.094415866,0.0,0.0,0.018,0.0,0.012,0.6,0.6,-28.301502,2.254946,0.75164866,0.192,0.0,0.18633932,0.0,0.0
hardzero_only__c0p58__z1p00__lam0p000__nu0p50__psi0p00,0.018,borrow,30,210,0.0,2,-0.6,-0.6,-0.61200005,1.0712355,0.0,0.08487201,0.0,0.0,0.018,0.0,0.012,0.6,0.6,-28.129566,2.3567653,0.78558844,0.15200001,0.0,0.16762853,0.0,0.0
hardzero_only__c0p58__z1p00__lam0p000__nu0p50__psi0p00,0.018,borrow,30,211,0.0,2,-0.6,-0.6,-0.61200005,1.0322591,0.0,0.09284123,0.0,0.0,0.018,0.0,0.012,0.6,0.6,-27.667843,2.2710154,0.75700516,0.16000001,0.0,0.16530192,0.0,0.0
hardzero_only__c0p58__z1p00__lam0p000__nu0p50__psi0p00,0.018,borrow,30,212,0.0,2,-0.6,-0.6,-0.61200005,1.0477434,0.0,0.08958939,0.0,0.0,0.018,0.0,0.012,0.6,0.6,-27.399103,2.3050816,0.76836056,0.128,0.0,0.16640829,0.0,0.0
hardzero_only__c0p58__z1p00__lam0p000__nu0p50__psi0p00,0.018,borrow,30,213,0.0,2,-0.6,-0.6,-0.61002505,0.95970327,0.10972274,0.10972274,1.0,0.0019750092,0.018,0.0,0.012,0.6,0.6,-26.101736,2.1113894,0.7037965,0.15200001,0.0,0.14053151,0.0,0.0
hardzero_only__c0p58__z1p00__lam0p000__nu0p50__psi0p00,0.018,borrow,30,214,0.0,2,-0.6,-0.6,-0.61200005,1.0255318,0.0,0.09429056,0.0,0.0,0.018,0.0,0.012,0.6,0.6,-27.87897,2.2562149,0.7520716,0.136,0.0,0.15203877,0.0,0.0
hardzero_only__c0p58__z1p00__lam0p000__nu0p50__psi0p00,0.018,borrow,30,215,0.0,2,-0.6,-0.6,-0.61015433,0.98910505,0.10254039,0.10254039,1.0,0.0018457269,0.018,0.0,0.012,0.6,0.6,-26.444958,2.1760745,0.7253582,0.192,0.0,0.12876312,0.0,0.0
hardzero_only__c0p58__z1p00__lam0p000__nu0p50__psi0p00,0.018,borrow,30,216,0.0,2,-0.6,-0.6,-0.6100907,0.9743846,0.10607558,0.10607558,1.0,0.0019093603,0.018,0.0,0.012,0.6,0.6,-26.293911,2.143689,0.714563,0.18400002,0.0,0.15075907,0.0,0.0
hardzero_only__c0p58__z1p00__lam0p000__nu0p50__psi0p00,0.018,borrow,30,217,0.0,2,-0.6,-0.6,-0.61200005,1.0341055,0.0,0.092447355,0.0,0.0,0.018,0.0,0.012,0.6,0.6,-27.62779,2.2750776,0.7583592,0.224,0.0,0.16701119,0.0,0.0
hardzero_only__c0p58__z1p00__lam0p000__nu0p50__psi0p00,0.018,borrow,30,218,0.0,2,-0.6,-0.6,-0.61200005,1.0452156,0.0,0.09011236,0.0,0.0,0.018,0.0,0.012,0.6,0.6,-27.603788,2.2995203,0.7665068,0.120000005,0.0,0.16651945,0.0,0.0
hardzero_only__c0p58__z1p00__lam0p000__nu0p50__psi0p00,0.018,borrow,30,219,0.0,2,-0.6,-0.6,-0.61200005,1.0015551,0.0,0.09964256,0.0,0.0,0.018,0.0,0.012,0.6,0.6,-25.959192,2.2034652,0.7344884,0.18400002,0.0,0.14673035,0.0,0.0
hardzero_only__c0p58__z1p00__lam0p000__nu0p50__psi0p00,0.018,borrow,30,220,0.0,2,-0.6,-0.6,-0.6101491,0.9878694,0.10283254,0.10283254,1.0,0.0018509857,0.018,0.0,0.012,0.6,0.6,-26.45456,2.173356,0.724452,0.128,0.0,0.18081461,0.0,0.0
hardzero_only__c0p58__z1p00__lam0p000__nu0p50__psi0p00,0.018,borrow,30,221,0.0,2,-0.6,-0.6,-0.6099793,0.9497526,0.112265766,0.112265766,1.0,0.0020207837,0.018,0.0,0.012,0.6,0.6,-26.191826,2.0894976,0.6964992,0.17,0.0,0.1806484,0.0,0.0
hardzero_only__c0p58__z1p00__lam0p000__nu0p50__psi0p00,0.018,borrow,30,222,0.0,2,-0.6,-0.6,-0.61200005,1.0669394,0.0,0.08571575,0.0,0.0,0.018,0.0,0.012,0.6,0.6,-27.61646,2.3473134,0.7824378,0.15200001,0.0,0.14928406,0.0,0.0
hardzero_only__c0p58__z1p00__lam0p000__nu0p50__psi0p00,0.018,borrow,30,223,0.0,2,-0.6,-0.6,-0.6101831,0.9959366,0.10094004,0.10094004,1.0,0.0018169207,0.018,0.0,0.012,0.6,0.6,-27.08166,2.1911042,0.7303681,0.17600001,0.0,0.17232361,0.0,0.0
hardzero_only__c0p58__z1p00__lam0p000__nu0p50__psi0p00,0.018,borrow,30,224,0.0,2,-0.6,-0.6,-0.61200005,1.0466249,0.0,0.08982043,0.0,0.0,0.018,0.0,0.012,0.6,0.6,-28.3189,2.3026206,0.7675402,0.16800001,0.0,0.1813652,0.0,0.0
hardzero_only__c0p58__z1p00__lam0p000__nu0p50__psi0p00,0.018,borrow,30,225,0.0,2,-0.6,-0.6,-0.61018205,0.99567205,0.101001516,0.101001516,1.0,0.0018180272,0.018,0.0,0.012,0.6,0.6,-26.756716,2.1905222,0.73017406,0.15200001,0.0,0.14766099,0.0,0.0
hardzero_only__c0p58__z1p00__lam0p000__nu0p50__psi0p00,0.018,borrow,30,226,0.0,2,-0.6,-0.6,-0.61200005,1.0307887,0.0,0.09315611,0.0,0.0,0.018,0.0,0.012,0.6,0.6,-27.416426,2.2677803,0.7559268,0.15200001,0.0,0.16980055,0.0,0.0
hardzero_only__c0p58__z1p00__lam0p000__nu0p50__psi0p00,0.018,borrow,30,227,0.0,2,-0.6,-0.6,-0.61016595,0.9918499,0.10189435,0.10189435,1.0,0.0018340982,0.018,0.0,0.012,0.6,0.6,-26.44534,2.1821134,0.72737116,0.2,0.0,0.1523809,0.0,0.0
hardzero_only__c0p58__z1p00__lam0p000__nu0p50__psi0p00,0.018,borrow,30,228,0.0,2,-0.6,-0.6,-0.61006254,0.96802276,0.10764088,0.10764088,1.0,0.0019375357,0.018,0.0,0.012,0.6,0.6,-26.29028,2.1296926,0.7098975,0.17600001,0.0,0.13949135,0.0,0.0
hardzero_only__c0p58__z1p00__lam0p000__nu0p50__psi0p00,0.018,borrow,30,229,0.0,2,-0.6,-0.6,-0.61200005,1.029546,0.0,0.093423024,0.0,0.0,0.018,0.0,0.012,0.6,0.6,-27.403591,2.2650464,0.7550155,0.104,0.0,0.1642727,0.0,0.0
hardzero_only__c0p58__z1p00__lam0p000__nu0p50__psi0p00,0.018,borrow,30,230,0.0,2,-0.6,-0.6,-0.61200005,1.0524744,0.0,0.08861875,0.0,0.0,0.018,0.0,0.012,0.6,0.6,-27.456354,2.3154898,0.77182996,0.16000001,0.0,0.15597375,0.0,0.0
hardzero_only__c0p58__z1p00__lam0p000__nu0p50__psi0p00,0.018,borrow,30,231,0.0,2,-0.6,-0.6,-0.6101862,0.99667424,0.10076871,0.10076871,1.0,0.0018138366,0.018,0.0,0.012,0.6,0.6,-26.813639,2.192727,0.73090905,0.15200001,0.0,0.15379444,0.0,0.0
hardzero_only__c0p58__z1p00__lam0p000__nu0p50__psi0p00,0.018,borrow,30,232,0.0,2,-0.6,-0.6,-0.61007184,0.97012424,0.10712127,0.10712127,1.0,0.0019281827,0.018,0.0,0.012,0.6,0.6,-26.393982,2.134316,0.71143866,0.2,0.0,0.14355996,0.0,0.0
hardzero_only__c0p58__z1p00__lam0p000__nu0p50__psi0p00,0.018,borrow,30,233,0.0,2,-0.6,-0.6,-0.61200005,1.0768644,0.0,0.0837791,0.0,0.0,0.018,0.0,0.012,0.6,0.6,-28.613829,2.369149,0.78971636,0.096,0.0,0.18363087,0.0,0.0
hardzero_only__c0p58__z1p00__lam0p000__nu0p50__psi0p00,0.018,borrow,30,234,0.0,2,-0.6,-0.6,-0.61200005,1.0279543,0.0,0.093766056,0.0,0.0,0.018,0.0,0.012,0.6,0.6,-26.786512,2.2615447,0.75384825,0.089999996,0.0,0.16660595,0.0,0.0
hardzero_only__c0p58__z1p00__lam0p000__nu0p50__psi0p00,0.018,borrow,30,235,0.0,2,-0.6,-0.6,-0.61200005,1.0424559,0.0,0.090686806,0.0,0.0,0.018,0.0,0.012,0.6,0.6,-27.329388,2.2934487,0.7644829,0.120000005,0.0,0.13310993,0.0,0.0
hardzero_only__c0p58__z1p00__lam0p000__nu0p50__psi0p00,0.018,borrow,30,236,0.0,2,-0.6,-0.6,-0.6101304,0.9835221,0.10386707,0.10386707,1.0,0.0018696071,0.018,0.0,0.012,0.6,0.6,-27.308079,2.163792,0.721264,0.16800001,0.0,0.16156298,0.0,0.0
hardzero_only__c0p58__z1p00__lam0p000__nu0p50__psi0p00,0.018,borrow,30,237,0.0,2,-0.6,-0.6,-0.61200005,1.0106244,0.0,0.097583316,0.0,0.0,0.018,0.0,0.012,0.6,0.6,-27.284798,2.223418,0.74113935,0.192,0.0,0.15482552,0.0,0.0
hardzero_only__c0p58__z1p00__lam0p000__nu0p50__psi0p00,0.018,borrow,30,238,0.0,2,-0.6,-0.6,-0.61200005,1.0003692,0.0,0.09991501,0.0,0.0,0.018,0.0,0.012,0.6,0.6,-27.185009,2.2008562,0.73361874,0.208,0.0,0.16481078,0.0,0.0
hardzero_only__c0p58__z1p00__lam0p000__nu0p50__psi0p00,0.018,borrow,30,239,0.0,2,-0.6,-0.6,-0.61200005,1.0024401,0.0,0.09943972,0.0,0.0,0.018,0.0,0.012,0.6,0.6,-26.964357,2.2054121,0.7351374,0.18400002,0.008,0.16020079,0.0,0.0
hardzero_only__c0p58__z1p00__lam0p000__nu0p50__psi0p00,0.018,borrow,30,240,0.0,2,-0.6,-0.6,-0.6101309,0.983624,0.103842705,0.103842705,1.0,0.0018691686,0.018,0.0,0.012,0.6,0.6,-26.95078,2.164016,0.7213387,0.17600001,0.0,0.15733829,0.0,0.0
hardzero_only__c0p58__z1p00__lam0p000__nu0p50__psi0p00,0.018,borrow,30,241,0.0,2,-0.6,-0.6,-0.6098466,0.92213786,0.11963605,0.11963605,1.0,0.0021534488,0.018,0.0,0.012,0.6,0.6,-25.545506,2.0287437,0.67624795,0.17600001,0.0,0.14813887,0.0,0.0
hardzero_only__c0p58__z1p00__lam0p000__nu0p50__psi0p00,0.018,borrow,30,242,0.0,2,-0.6,-0.6,-0.61200005,1.0411447,0.0,0.09096102,0.0,0.0,0.018,0.0,0.012,0.6,0.6,-27.437681,2.290564,0.7635214,0.128,0.0,0.1664173,0.0,0.0
hardzero_only__c0p58__z1p00__lam0p000__nu0p50__psi0p00,0.018,borrow,30,243,0.0,2,-0.6,-0.6,-0.61200005,1.0841569,0.0,0.08238405,0.0,0.0,0.018,0.0,0.012,0.6,0.6,-27.664663,2.3851929,0.79506433,0.112,0.0,0.17418681,0.0,0.0
hardzero_only__c0p58__z1p00__lam0p000__nu0p50__psi0p00,0.018,borrow,30,244,0.0,2,-0.6,-0.6,-0.61200005,1.0411257,0.0,0.090965,0.0,0.0,0.018,0.0,0.012,0.6,0.6,-26.776693,2.290522,0.76350737,0.112,0.0,0.1657947,0.0,0.0
hardzero_only__c0p58__z1p00__lam0p000__nu0p50__psi0p00,0.018,borrow,30,245,0.0,2,-0.6,-0.6,-0.61200005,1.059173,0.0,0.08726237,0.0,0.0,0.018,0.0,0.012,0.6,0.6,-26.988466,2.3302271,0.7767424,0.096,0.0,0.1583337,0.0,0.0
hardzero_only__c0p58__z1p00__lam0p000__nu0p50__psi0p00,0.018,borrow,30,246,0.0,2,-0.6,-0.6,-0.61200005,1.0215502,0.0,0.09515899,0.0,0.0,0.018,0.0,0.012,0.6,0.6,-27.30901,2.2474554,0.7491518,0.120000005,0.0,0.16242632,0.0,0.0
hardzero_only__c0p58__z1p00__lam0p000__nu0p50__psi0p00,0.018,borrow,30,247,0.0,2,-0.6,-0.6,-0.61200005,1.0486963,0.0,0.08939304,0.0,0.0,0.018,0.0,0.012,0.6,0.6,-27.165888,2.3071778,0.7690593,0.17,0.0,0.15210819,0.0,0.0
hardzero_only__c0p58__z1p00__lam0p000__nu0p50__psi0p00,0.018,borrow,30,248,0.0,2,-0.6,-0.6,-0.61200005,1.0612476,0.0,0.08684652,0.0,0.0,0.018,0.0,0.012,0.6,0.6,-28.20112,2.3347912,0.77826375,0.112,0.0,0.18768528,0.0,0.0
hardzero_only__c0p58__z1p00__lam0p000__nu0p50__psi0p00,0.018,borrow,30,249,0.0,2,-0.6,-0.6,-0.610125,0.9822681,0.10416741,0.10416741,1.0,0.0018750132,0.018,0.0,0.012,0.6,0.6,-26.413532,2.161033,0.7203443,0.136,0.0,0.1353217,0.0,0.0
hardzero_only__c0p58__z1p00__lam0p000__nu0p50__psi0p00,0.018,borrow,30,250,0.0,2,-0.6,-0.6,-0.61200005,1.0145514,0.0,0.096704915,0.0,0.0,0.018,0.0,0.012,0.6,0.6,-26.2565,2.2320576,0.7440192,0.16000001,0.0,0.15828402,0.0,0.0
hardzero_only__c0p58__z1p00__lam0p000__nu0p50__psi0p00,0.018,borrow,30,251,0.0,2,-0.6,-0.6,-0.61200005,1.0114998,0.0,0.09738682,0.0,0.0,0.018,0.0,0.012,0.6,0.6,-26.920977,2.225344,0.74178135,0.16000001,0.0,0.17308418,0.0,0.0
hardzero_only__c0p58__z1p00__lam0p000__nu0p50__psi0p00,0.018,borrow,30,252,0.0,2,-0.6,-0.6,-0.61200005,1.0642567,0.0,0.08624687,0.0,0.0,0.018,0.0,0.012,0.6,0.6,-28.671988,2.3414114,0.7804705,0.136,0.0,0.18340304,0.0,0.0
hardzero_only__c0p58__z1p00__lam0p000__nu0p50__psi0p00,0.018,borrow,30,253,0.0,2,-0.6,-0.6,-0.61200005,1.0032935,0.0,0.099244505,0.0,0.0,0.018,0.0,0.012,0.6,0.6,-26.036484,2.2072897,0.73576325,0.216,0.0,0.15642586,0.0,0.0
hardzero_only__c0p58__z1p00__lam0p000__nu0p50__psi0p00,0.018,borrow,30,254,0.0,2,-0.6,-0.6,-0.61200005,1.0098319,0.0,0.09776154,0.0,0.0,0.018,0.0,0.012,0.6,0.6,-26.263086,2.2216744,0.74055815,0.23200001,0.0,0.16057003,0.0,0.0
hardzero_only__c0p58__z1p00__lam0p000__nu0p50__psi0p00,0.018,borrow,30,255,0.0,2,-0.6,-0.6,-0.61011225,0.9793167,0.10487773,0.10487773,1.0,0.0018877991,0.018,0.0,0.012,0.6,0.6,-26.680521,2.1545398,0.71817994,0.15200001,0.0,0.17618594,0.0,0.0
hardzero_only__c0p58__z1p00__lam0p000__nu0p50__psi0p00,0.018,borrow,30,256,0.0,2,-0.6,-0.6,-0.61200005,1.0189133,0.0,0.09573853,0.0,0.0,0.018,0.0,0.012,0.6,0.6,-27.332619,2.241654,0.747218,0.15200001,0.0,0.15686032,0.0,0.0
hardzero_only__c0p58__z1p00__lam0p000__nu0p50__psi0p00,0.018,borrow,30,257,0.0,2,-0.6,-0.6,-0.61200005,1.0056605,0.0,0.09870507,0.0,0.0,0.018,0.0,0.012,0.6,0.6,-26.900444,2.2124972,0.7374991,0.18400002,0.0,0.15604813,0.0,0.0
hardzero_only__c0p58__z1p00__lam0p000__nu0p50__psi0p00,0.018,borrow,30,258,0.0,2,-0.6,-0.6,-0.61200005,1.0549914,0.0,0.08810665,0.0,0.0,0.018,0.0,0.012,0.6,0.6,-27.751719,2.3210273,0.7736758,0.16000001,0.0,0.14991932,0.0,0.0
hardzero_only__c0p58__z1p00__lam0p000__nu0p50__psi0p00,0.018,borrow,30,259,0.0,2,-0.6,-0.6,-0.61016494,0.99160916,0.101950854,0.101950854,1.0,0.0018351153,0.018,0.0,0.012,0.6,0.6,-26.612896,2.1815836,0.72719455,0.16000001,0.0,0.17106728,0.0,0.0
hardzero_only__c0p58__z1p00__lam0p000__nu0p50__psi0p00,0.018,borrow,30,260,0.0,2,-0.6,-0.6,-0.61200005,1.0322963,0.0,0.09283329,0.0,0.0,0.018,0.0,0.012,0.6,0.6,-26.982574,2.2710972,0.7570324,0.12,0.0,0.15699163,0.0,0.0
hardzero_only__c0p58__z1p00__lam0p000__nu0p50__psi0p00,0.018,borrow,30,261,0.0,2,-0.6,-0.6,-0.61200005,1.0118084,0.0,0.09731766,0.0,0.0,0.018,0.0,0.012,0.6,0.6,-26.940296,2.226023,0.7420077,0.17600001,0.0,0.16268088,0.0,0.0
hardzero_only__c0p58__z1p00__lam0p000__nu0p50__psi0p00,0.018,borrow,30,262,0.0,2,-0.6,-0.6,-0.61017215,0.9933261,0.10154859,0.10154859,1.0,0.0018278746,0.018,0.0,0.012,0.6,0.6,-26.71571,2.1853611,0.72845376,0.120000005,0.0,0.14348048,0.0,0.0
hardzero_only__c0p58__z1p00__lam0p000__nu0p50__psi0p00,0.018,borrow,30,263,0.0,2,-0.6,-0.6,-0.6100688,0.96943516,0.10729137,0.10729137,1.0,0.0019312446,0.018,0.0,0.012,0.6,0.6,-25.881075,2.1327999,0.7109333,0.136,0.0,0.13771875,0.0,0.0
hardzero_only__c0p58__z1p00__lam0p000__nu0p50__psi0p00,0.018,borrow,30,264,0.0,2,-0.6,-0.6,-0.61004084,0.9631866,0.108846225,0.108846225,1.0,0.001959232,0.018,0.0,0.012,0.6,0.6,-26.56415,2.119053,0.706351,0.2,0.0,0.13288867,0.0,0.0
hardzero_only__c0p58__z1p00__lam0p000__nu0p50__psi0p00,0.018,borrow,30,265,0.0,2,-0.6,-0.6,-0.61200005,1.0653784,0.0,0.08602438,0.0,0.0,0.018,0.0,0.012,0.6,0.6,-27.827524,2.3438795,0.78129315,0.128,0.0,0.17337078,0.0,0.0
hardzero_only__c0p58__z1p00__lam0p000__nu0p50__psi0p00,0.018,borrow,30,266,0.0,2,-0.6,-0.6,-0.61200005,1.0047466,0.0,0.09891301,0.0,0.0,0.018,0.0,0.012,0.6,0.6,-26.456799,2.2104867,0.7368289,0.16000001,0.0,0.16360234,0.0,0.0
hardzero_only__c0p58__z1p00__lam0p000__nu0p50__psi0p00,0.018,borrow,30,267,0.0,2,-0.6,-0.6,-0.6101273,0.98278964,0.10404239,0.10404239,1.0,0.0018727629,0.018,0.0,0.012,0.6,0.6,-27.250912,2.1621804,0.72072685,0.14400001,0.0,0.15133579,0.0,0.0
hardzero_only__c0p58__z1p00__lam0p000__nu0p50__psi0p00,0.018,borrow,30,268,0.0,2,-0.6,-0.6,-0.6101596,0.99034816,0.10224729,0.10224729,1.0,0.0018404512,0.018,0.0,0.012,0.6,0.6,-26.573996,2.1788094,0.72626984,0.136,0.0,0.15050268,0.0,0.0
hardzero_only__c0p58__z1p00__lam0p000__nu0p50__psi0p00,0.018,borrow,30,269,0.0,2,-0.6,-0.6,-0.61009604,0.97560704,0.10577742,0.10577742,1.0,0.0019039934,0.018,0.0,0.012,0.6,0.6,-26.276749,2.1463783,0.71545947,0.112,0.0,0.13196714,0.0,0.0
hardzero_only__c0p58__z1p00__lam0p000__nu0p50__psi0p00,0.018,borrow,30,270,0.0,2,-0.6,-0.6,-0.61200005,1.0691184,0.0,0.08528677,0.0,0.0,0.018,0.0,0.012,0.6,0.6,-28.097744,2.3521073,0.7840358,0.080000006,0.0,0.16369641,0.0,0.0
hardzero_only__c0p58__z1p00__lam0p000__nu0p50__psi0p00,0.018,borrow,30,271,0.0,2,-0.6,-0.6,-0.61200005,1.0086315,0.0,0.09803216,0.0,0.0,0.018,0.0,0.012,0.6,0.6,-26.707283,2.2190335,0.73967785,0.136,0.0,0.14868148,0.0,0.0
hardzero_only__c0p58__z1p00__lam0p000__nu0p50__psi0p00,0.018,borrow,30,272,0.0,2,-0.6,-0.6,-0.61200005,1.0383888,0.0,0.09154004,0.0,0.0,0.018,0.0,0.012,0.6,0.6,-27.344927,2.284501,0.76150036,0.15200001,0.0,0.16006206,0.0,0.0
hardzero_only__c0p58__z1p00__lam0p000__nu0p50__psi0p00,0.018,borrow,30,273,0.0,2,-0.6,-0.6,-0.61008656,0.973441,0.10630629,0.10630629,1.0,0.0019135132,0.018,0.0,0.012,0.6,0.6,-25.874718,2.141613,0.713871,0.19,0.0,0.15368313,0.0,0.0
hardzero_only__c0p58__z1p00__lam0p000__nu0p50__psi0p00,0.018,borrow,30,274,0.0,2,-0.6,-0.6,-0.6101946,0.9986934,0.10030131,0.10030131,1.0,0.0018054235,0.018,0.0,0.012,0.6,0.6,-26.401764,2.1971693,0.7323898,0.17600001,0.0,0.16770822,0.0,0.0
hardzero_only__c0p58__z1p00__lam0p000__nu0p50__psi0p00,0.018,borrow,30,275,0.0,2,-0.6,-0.6,-0.61200005,1.0136915,0.0,0.09689658,0.0,0.0,0.018,0.0,0.012,0.6,0.6,-27.748177,2.230166,0.74338865,0.17600001,0.0,0.16966823,0.0,0.0
hardzero_only__c0p58__z1p00__lam0p000__nu0p50__psi0p00,0.018,borrow,30,276,0.0,2,-0.6,-0.6,-0.61200005,1.0522776,0.0,0.08865892,0.0,0.0,0.018,0.0,0.012,0.6,0.6,-28.26676,2.3150568,0.7716856,0.128,0.0,0.17447042,0.0,0.0
hardzero_only__c0p58__z1p00__lam0p000__nu0p50__psi0p00,0.018,borrow,30,277,0.0,2,-0.6,-0.6,-0.61200005,1.076461,0.0,0.08385695,0.0,0.0,0.018,0.0,0.012,0.6,0.6,-27.91756,2.3682613,0.7894205,0.15200001,0.0,0.17489676,0.0,0.0
hardzero_only__c0p58__z1p00__lam0p000__nu0p50__psi0p00,0.018,borrow,30,278,0.0,2,-0.6,-0.6,-0.61200005,1.0390675,0.0,0.09139711,0.0,0.0,0.018,0.0,0.012,0.6,0.6,-27.92687,2.285994,0.76199806,0.128,0.0,0.1592743,0.0,0.0
hardzero_only__c0p58__z1p00__lam0p000__nu0p50__psi0p00,0.018,borrow,30,279,0.0,2,-0.6,-0.6,-0.61200005,1.0824466,0.0,0.08270911,0.0,0.0,0.018,0.0,0.012,0.6,0.6,-27.938068,2.38143,0.79381,0.112,0.0,0.16199535,0.0,0.0
hardzero_only__c0p58__z1p00__lam0p000__nu0p50__psi0p00,0.018,borrow,30,280,0.0,2,-0.6,-0.6,-0.61016047,0.9905496,0.10219986,0.10219986,1.0,0.0018395974,0.018,0.0,0.012,0.6,0.6,-25.85622,2.1792526,0.72641754,0.18400002,0.0,0.15325657,0.0,0.0
hardzero_only__c0p58__z1p00__lam0p000__nu0p50__psi0p00,0.018,borrow,30,281,0.0,2,-0.6,-0.6,-0.61200005,1.010131,0.0,0.09769423,0.0,0.0,0.018,0.0,0.012,0.6,0.6,-26.63951,2.2223325,0.7407775,0.16800001,0.0,0.14438963,0.0,0.0
hardzero_only__c0p58__z1p00__lam0p000__nu0p50__psi0p00,0.018,borrow,30,282,0.0,2,-0.6,-0.6,-0.61200005,1.0124555,0.0,0.097172745,0.0,0.0,0.018,0.0,0.012,0.6,0.6,-26.840841,2.2274466,0.7424822,0.15200001,0.0,0.18463458,0.0,0.0
hardzero_only__c0p58__z1p00__lam0p000__nu0p50__psi0p00,0.018,borrow,30,283,0.0,2,-0.6,-0.6,-0.61011076,0.9789746,0.104960375,0.104960375,1.0,0.0018892867,0.018,0.0,0.012,0.6,0.6,-26.138947,2.1537871,0.71792907,0.17600001,0.0,0.1418208,0.0,0.0
hardzero_only__c0p58__z1p00__lam0p000__nu0p50__psi0p00,0.018,borrow,30,284,0.0,2,-0.6,-0.6,-0.61200005,1.0184284,0.0,0.09584547,0.0,0.0,0.018,0.0,0.012,0.6,0.6,-26.48825,2.2405872,0.7468624,0.16000001,0.0,0.14608167,0.0,0.0
hardzero_only__c0p58__z1p00__lam0p000__nu0p50__psi0p00,0.018,borrow,30,285,0.0,2,-0.6,-0.6,-0.61200005,1.0074518,0.0,0.09829881,0.0,0.0,0.018,0.0,0.012,0.6,0.6,-26.445492,2.216438,0.7388127,0.18400002,0.0,0.1550595,0.0,0.0
hardzero_only__c0p58__z1p00__lam0p000__nu0p50__psi0p00,0.018,borrow,30,286,0.0,2,-0.6,-0.6,-0.61200005,1.0092696,0.0,0.09788822,0.0,0.0,0.018,0.0,0.012,0.6,0.6,-26.69659,2.2204375,0.74014586,0.16,0.0,0.14228997,0.0,0.0
hardzero_only__c0p58__z1p00__lam0p000__nu0p50__psi0p00,0.018,borrow,30,287,0.0,2,-0.6,-0.6,-0.6100366,0.962254,0.10908022,0.10908022,1.0,0.0019634438,0.018,0.0,0.012,0.6,0.6,-26.41164,2.117001,0.705667,0.24000001,0.0,0.14449859,0.0,0.0
hardzero_only__c0p58__z1p00__lam0p000__nu0p50__psi0p00,0.018,borrow,30,288,0.0,2,-0.6,-0.6,-0.61200005,1.0843086,0.0,0.08235526,0.0,0.0,0.018,0.0,0.012,0.6,0.6,-27.812826,2.3855267,0.79517555,0.08800001,0.0,0.1882325,0.0,0.0
hardzero_only__c0p58__z1p00__lam0p000__nu0p50__psi0p00,0.018,borrow,30,289,0.0,2,-0.6,-0.6,-0.6100307,0.9609571,0.109406434,0.109406434,1.0,0.0019693158,0.018,0.0,0.012,0.6,0.6,-26.759129,2.114148,0.70471597,0.16000001,0.0,0.15725014,0.0,0.0
hardzero_only__c0p58__z1p00__lam0p000__nu0p50__psi0p00,0.018,borrow,30,290,0.0,2,-0.6,-0.6,-0.61200005,1.0456681,0.0,0.09001852,0.0,0.0,0.018,0.0,0.012,0.6,0.6,-27.826141,2.300516,0.76683867,0.136,0.0,0.14312652,0.0,0.0
hardzero_only__c0p58__z1p00__lam0p000__nu0p50__psi0p00,0.018,borrow,30,291,0.0,2,-0.6,-0.6,-0.61200005,1.091103,0.0,0.081076875,0.0,0.0,0.018,0.0,0.012,0.6,0.6,-28.26666,2.4004745,0.8001582,0.112,0.0,0.17859669,0.0,0.0
hardzero_only__c0p58__z1p00__lam0p000__nu0p50__psi0p00,0.018,borrow,30,292,0.0,2,-0.6,-0.6,-0.6101173,0.9804806,0.104597025,0.104597025,1.0,0.0018827464,0.018,0.0,0.012,0.6,0.6,-27.188988,2.1571004,0.7190335,0.208,0.0,0.15734018,0.0,0.0
hardzero_only__c0p58__z1p00__lam0p000__nu0p50__psi0p00,0.018,borrow,30,293,0.0,2,-0.6,-0.6,-0.61200005,1.0387937,0.0,0.09145477,0.0,0.0,0.018,0.0,0.012,0.6,0.6,-28.042976,2.2853918,0.7617973,0.23200001,0.0,0.18206862,0.0,0.0
hardzero_only__c0p58__z1p00__lam0p000__nu0p50__psi0p00,0.018,borrow,30,294,0.0,2,-0.6,-0.6,-0.61200005,1.0103197,0.0,0.0976518,0.0,0.0,0.018,0.0,0.012,0.6,0.6,-27.001345,2.2227478,0.74091595,0.2,0.0,0.19229525,0.0,0.0
hardzero_only__c0p58__z1p00__lam0p000__nu0p50__psi0p00,0.018,borrow,30,295,0.0,2,-0.6,-0.6,-0.61200005,1.0477862,0.0,0.08958056,0.0,0.0,0.018,0.0,0.012,0.6,0.6,-27.164238,2.3051758,0.76839197,0.16000001,0.0,0.19150068,0.0,0.0
hardzero_only__c0p58__z1p00__lam0p000__nu0p50__psi0p00,0.018,borrow,30,296,0.0,2,-0.6,-0.6,-0.61010003,0.9765183,0.10555569,0.10555569,1.0,0.0019000024,0.018,0.0,0.012,0.6,0.6,-26.463516,2.1483831,0.71612775,0.24000001,0.0,0.15355125,0.0,0.0
hardzero_only__c0p58__z1p00__lam0p000__nu0p50__psi0p00,0.018,borrow,30,297,0.0,2,-0.6,-0.6,-0.61200005,1.0158757,0.0,0.0964105,0.0,0.0,0.018,0.0,0.012,0.6,0.6,-26.617918,2.2349713,0.74499047,0.14400001,0.0,0.16119348,0.0,0.0
hardzero_only__c0p58__z1p00__lam0p000__nu0p50__psi0p00,0.018,borrow,30,298,0.0,2,-0.6,-0.6,-0.61200005,1.0425159,0.0,0.09067428,0.0,0.0,0.018,0.0,0.012,0.6,0.6,-28.03649,2.2935808,0.76452696,0.15200001,0.0,0.15487371,0.0,0.0
hardzero_only__c0p58__z1p00__lam0p000__nu0p50__psi0p00,0.018,borrow,30,299,0.0,2,-0.6,-0.6,-0.61016387,0.9913636,0.1020085,0.1020085,1.0,0.0018361529,0.018,0.0,0.012,0.6,0.6,-27.854715,2.1810434,0.7270145,0.17,0.0,0.155687,0.0,0.0
hardzero_only__c0p58__z1p00__lam0p000__nu0p50__psi0p00,0.018,borrow,30,300,0.0,2,-0.6,-0.6,-0.61012,0.98110074,0.10444779,0.10444779,1.0,0.0018800602,0.018,0.0,0.012,0.6,0.6,-26.737093,2.1584647,0.71948826,0.192,0.0,0.18900658,0.0,0.0
hardzero_only__c0p58__z1p00__lam0p000__nu0p50__psi0p00,0.018,borrow,30,301,0.0,2,-0.6,-0.6,-0.61200005,1.0221591,0.0,0.09502565,0.0,0.0,0.018,0.0,0.012,0.6,0.6,-28.09957,2.248795,0.7495984,0.14400001,0.0,0.16537507,0.0,0.0
hardzero_only__c0p58__z1p00__lam0p000__nu0p50__psi0p00,0.018,borrow,30,302,0.0,2,-0.6,-0.6,-0.61017984,0.9951462,0.1011239,0.1011239,1.0,0.0018202302,0.018,0.0,0.012,0.6,0.6,-26.633808,2.1893654,0.7297885,0.17600001,0.0,0.18067576,0.0,0.0
hardzero_only__c0p58__z1p00__lam0p000__nu0p50__psi0p00,0.018,borrow,30,303,0.0,2,-0.6,-0.6,-0.6101001,0.9765348,0.1055517,0.1055517,1.0,0.0018999304,0.018,0.0,0.012,0.6,0.6,-26.708055,2.1484194,0.7161398,0.192,0.0,0.14028315,0.0,0.0
hardzero_only__c0p58__z1p00__lam0p000__nu0p50__psi0p00,0.018,borrow,30,304,0.0,2,-0.6,-0.6,-0.6101139,0.97969854,0.10478556,0.10478556,1.0,0.00188614,0.018,0.0,0.012,0.6,0.6,-25.864,2.1553798,0.71845996,0.104,0.0,0.14155255,0.0,0.0
hardzero_only__c0p58__z1p00__lam0p000__nu0p50__psi0p00,0.018,borrow,30,305,0.0,2,-0.6,-0.6,-0.6100855,0.9732065,0.10636372,0.10636372,1.0,0.0019145469,0.018,0.0,0.012,0.6,0.6,-26.177013,2.141097,0.71369904,0.18400002,0.0,0.17353116,0.0,0.0
hardzero_only__c0p58__z1p00__lam0p000__nu0p50__psi0p00,0.018,borrow,30,306,0.0,2,-0.6,-0.6,-0.61200005,1.0529706,0.0,0.08851753,0.0,0.0,0.018,0.0,0.012,0.6,0.6,-28.465773,2.3165817,0.7721939,0.120000005,0.0,0.18343702,0.0,0.0
hardzero_only__c0p58__z1p00__lam0p000__nu0p50__psi0p00,0.018,borrow,30,307,0.0,2,-0.6,-0.6,-0.61200005,1.0077536,0.0,0.09823051,0.0,0.0,0.018,0.0,0.012,0.6,0.6,-26.948019,2.2171023,0.7390341,0.18400002,0.008,0.15541613,0.0,0.0
hardzero_only__c0p58__z1p00__lam0p000__nu0p50__psi0p00,0.018,borrow,30,308,0.0,2,-0.6,-0.6,-0.61200005,1.0576541,0.0,0.087568074,0.0,0.0,0.018,0.0,0.012,0.6,0.6,-27.974531,2.3268855,0.7756285,0.16000001,0.0,0.15407649,0.0,0.0
hardzero_only__c0p58__z1p00__lam0p000__nu0p50__psi0p00,0.018,borrow,30,309,0.0,2,-0.6,-0.6,-0.61200005,1.0120947,0.0,0.0972535,0.0,0.0,0.018,0.0,0.012,0.6,0.6,-26.417969,2.2266529,0.74221766,0.208,0.0,0.14076222,0.0,0.0
hardzero_only__c0p58__z1p00__lam0p000__nu0p50__psi0p00,0.018,borrow,30,310,0.0,2,-0.6,-0.6,-0.61200005,1.0451379,0.0,0.0901285,0.0,0.0,0.018,0.0,0.012,0.6,0.6,-27.548197,2.2993493,0.7664498,0.216,0.0,0.15771048,0.0,0.0
hardzero_only__c0p58__z1p00__lam0p000__nu0p50__psi0p00,0.018,borrow,30,311,0.0,2,-0.6,-0.6,-0.61001426,0.957335,0.110322736,0.110322736,1.0,0.001985809,0.018,0.0,0.012,0.6,0.6,-27.42187,2.106179,0.7020597,0.16800001,0.0,0.14754595,0.0,0.0
hardzero_only__c0p58__z1p00__lam0p000__nu0p50__psi0p00,0.018,borrow,30,312,0.0,2,-0.6,-0.6,-0.61200005,1.0086348,0.0,0.09803139,0.0,0.0,0.018,0.0,0.012,0.6,0.6,-27.207197,2.2190409,0.7396803,0.16,0.0,0.17112976,0.0,0.0
hardzero_only__c0p58__z1p00__lam0p000__nu0p50__psi0p00,0.018,borrow,30,313,0.0,2,-0.6,-0.6,-0.61200005,1.0100211,0.0,0.09771898,0.0,0.0,0.018,0.0,0.012,0.6,0.6,-27.056526,2.2220907,0.7406969,0.18400002,0.0,0.151306,0.0,0.0
hardzero_only__c0p58__z1p00__lam0p000__nu0p50__psi0p00,0.018,borrow,30,314,0.0,2,-0.6,-0.6,-0.61200005,1.0369413,0.0,0.091845684,0.0,0.0,0.018,0.0,0.012,0.6,0.6,-26.49207,2.2813165,0.76043886,0.16000001,0.0,0.15385044,0.0,0.0
hardzero_only__c0p58__z1p00__lam0p000__nu0p50__psi0p00,0.018,borrow,30,315,0.0,2,-0.6,-0.6,-0.61200005,1.0227509,0.0,0.094896264,0.0,0.0,0.018,0.0,0.012,0.6,0.6,-27.980831,2.2500968,0.7500323,0.112,0.0,0.16895813,0.0,0.0
hardzero_only__c0p58__z1p00__lam0p000__nu0p50__psi0p00,0.018,borrow,30,316,0.0,2,-0.6,-0.6,-0.6101167,0.9803402,0.10463085,0.10463085,1.0,0.0018833552,0.018,0.0,0.012,0.6,0.6,-27.09918,2.1567914,0.7189305,0.17600001,0.0,0.15748993,0.0,0.0
hardzero_only__c0p58__z1p00__lam0p000__nu0p50__psi0p00,0.018,borrow,30,317,0.0,2,-0.6,-0.6,-0.61200005,1.0334411,0.0,0.0925889,0.0,0.0,0.018,0.0,0.012,0.6,0.6,-27.896849,2.2736158,0.757872,0.112,0.0,0.16609065,0.0,0.0
hardzero_only__c0p58__z1p00__lam0p000__nu0p50__psi0p00,0.018,borrow,30,318,0.0,2,-0.6,-0.6,-0.6101936,0.99845076,0.10035736,0.10035736,1.0,0.0018064324,0.018,0.0,0.012,0.6,0.6,-26.961208,2.1966355,0.7322118,0.18400002,0.0,0.16528435,0.0,0.0
hardzero_only__c0p58__z1p00__lam0p000__nu0p50__psi0p00,0.018,borrow,30,319,0.0,2,-0.6,-0.6,-0.6099998,0.9541825,0.11112647,0.11112647,1.0,0.0020002762,0.018,0.0,0.012,0.6,0.6,-25.573456,2.0992434,0.6997478,0.17600001,0.0,0.15403801,0.0,0.0
hardzero_only__c0p58__z1p00__lam0p000__nu0p50__psi0p00,0.018,borrow,30,320,0.0,2,-0.6,-0.6,-0.61014575,0.98708546,0.10301833,0.10301833,1.0,0.0018543298,0.018,0.0,0.012,0.6,0.6,-26.764107,2.1716313,0.72387713,0.14400001,0.0,0.17040117,0.0,0.0
hardzero_only__c0p58__z1p00__lam0p000__nu0p50__psi0p00,0.018,borrow,30,321,0.0,2,-0.6,-0.6,-0.61200005,1.0092254,0.0,0.097898185,0.0,0.0,0.018,0.0,0.012,0.6,0.6,-26.543392,2.2203403,0.74011344,0.112,0.0,0.14632855,0.0,0.0
hardzero_only__c0p58__z1p00__lam0p000__nu0p50__psi0p00,0.018,borrow,30,322,0.0,2,-0.6,-0.6,-0.61200005,1.0046332,0.0,0.09893884,0.0,0.0,0.018,0.0,0.012,0.6,0.6,-26.713669,2.210237,0.7367457,0.14400001,0.0,0.15968485,0.0,0.0
hardzero_only__c0p58__z1p00__lam0p000__nu0p50__psi0p00,0.018,borrow,30,323,0.0,2,-0.6,-0.6,-0.61200005,1.0141075,0.0,0.09680383,0.0,0.0,0.018,0.0,0.012,0.6,0.6,-27.446737,2.231081,0.7436937,0.16800001,0.0,0.15439896,0.0,0.0
hardzero_only__c0p58__z1p00__lam0p000__nu0p50__psi0p00,0.018,borrow,30,324,0.0,2,-0.6,-0.6,-0.61200005,1.021984,0.0,0.09506397,0.0,0.0,0.018,0.0,0.012,0.6,0.6,-27.515806,2.2484097,0.74946994,0.15200001,0.0,0.16343851,0.0,0.0
hardzero_only__c0p58__z1p00__lam0p000__nu0p50__psi0p00,0.018,borrow,30,325,0.0,2,-0.6,-0.6,-0.610052,0.9656736,0.10822469,0.10822469,1.0,0.0019480443,0.018,0.0,0.012,0.6,0.6,-27.123274,2.1245244,0.7081748,0.17999999,0.0,0.15590474,0.0,0.0
hardzero_only__c0p58__z1p00__lam0p000__nu0p50__psi0p00,0.018,borrow,30,326,0.0,2,-0.6,-0.6,-0.61200005,1.0166816,0.0,0.096231766,0.0,0.0,0.018,0.0,0.012,0.6,0.6,-27.796854,2.2367442,0.7455814,0.136,0.0,0.14786838,0.0,0.0
hardzero_only__c0p58__z1p00__lam0p000__nu0p50__psi0p00,0.018,borrow,30,327,0.0,2,-0.6,-0.6,-0.61200005,1.0329862,0.0,0.09268593,0.0,0.0,0.018,0.0,0.012,0.6,0.6,-26.64027,2.272615,0.7575383,0.136,0.0,0.14662364,0.0,0.0
hardzero_only__c0p58__z1p00__lam0p000__nu0p50__psi0p00,0.018,borrow,30,328,0.0,2,-0.6,-0.6,-0.6100509,0.96542823,0.10828586,0.10828586,1.0,0.0019491453,0.018,0.0,0.012,0.6,0.6,-25.995804,2.1239846,0.7079949,0.16800001,0.0,0.13366659,0.0,0.0
hardzero_only__c0p58__z1p00__lam0p000__nu0p50__psi0p00,0.018,borrow,30,329,0.0,2,-0.6,-0.6,-0.61200005,1.0514138,0.0,0.088835426,0.0,0.0,0.018,0.0,0.012,0.6,0.6,-27.723686,2.3131566,0.77105224,0.16000001,0.0,0.14907621,0.0,0.0
hardzero_only__c0p58__z1p00__lam0p000__nu0p50__psi0p00,0.018,borrow,30,330,0.0,2,-0.6,-0.6,-0.61019325,0.9983623,0.10037779,0.10037779,1.0,0.0018068001,0.018,0.0,0.012,0.6,0.6,-27.183702,2.196441,0.732147,0.18400002,0.0,0.16185048,0.0,0.0
hardzero_only__c0p58__z1p00__lam0p000__nu0p50__psi0p00,0.018,borrow,30,331,0.0,2,-0.6,-0.6,-0.6101406,0.9858992,0.10330012,0.10330012,1.0,0.001859402,0.018,0.0,0.012,0.6,0.6,-27.29135,2.1690216,0.7230072,0.136,0.0,0.16154833,0.0,0.0
hardzero_only__c0p58__z1p00__lam0p000__nu0p50__psi0p00,0.018,borrow,30,332,0.0,2,-0.6,-0.6,-0.6100521,0.96569234,0.10822004,0.10822004,1.0,0.0019479607,0.018,0.0,0.012,0.6,0.6,-26.36698,2.1245656,0.70818853,0.224,0.0,0.15185934,0.0,0.0
hardzero_only__c0p58__z1p00__lam0p000__nu0p50__psi0p00,0.018,borrow,30,333,0.0,2,-0.6,-0.6,-0.61200005,1.058902,0.0,0.08731682,0.0,0.0,0.018,0.0,0.012,0.6,0.6,-27.32652,2.3296309,0.7765436,0.096,0.0,0.16180883,0.0,0.0
hardzero_only__c0p58__z1p00__lam0p000__nu0p50__psi0p00,0.018,borrow,30,334,0.0,2,-0.6,-0.6,-0.61200005,1.0165856,0.0,0.09625304,0.0,0.0,0.018,0.0,0.012,0.6,0.6,-27.124,2.236533,0.745511,0.136,0.0,0.14897054,0.0,0.0
hardzero_only__c0p58__z1p00__lam0p000__nu0p50__psi0p00,0.018,borrow,30,335,0.0,2,-0.6,-0.6,-0.61200005,1.0091507,0.0,0.09791499,0.0,0.0,0.018,0.0,0.012,0.6,0.6,-26.948238,2.220176,0.74005866,0.16000001,0.0,0.14066972,0.0,0.0
hardzero_only__c0p58__z1p00__lam0p000__nu0p50__psi0p00,0.018,borrow,30,336,0.0,2,-0.6,-0.6,-0.61200005,1.0273416,0.0,0.09389844,0.0,0.0,0.018,0.0,0.012,0.6,0.6,-27.424799,2.2601967,0.7533989,0.17600001,0.0,0.17935969,0.0,0.0
hardzero_only__c0p58__z1p00__lam0p000__nu0p50__psi0p00,0.018,borrow,30,337,0.0,2,-0.6,-0.6,-0.6101562,0.98954415,0.10243676,0.10243676,1.0,0.0018438615,0.018,0.0,0.012,0.6,0.6,-27.044342,2.1770406,0.72568023,0.16000001,0.0,0.12822346,0.0,0.0
hardzero_only__c0p58__z1p00__lam0p000__nu0p50__psi0p00,0.018,borrow,30,338,0.0,2,-0.6,-0.6,-0.6101062,0.9779394,0.10521085,0.10521085,1.0,0.0018937952,0.018,0.0,0.012,0.6,0.6,-26.197649,2.1515098,0.71716994,0.16,0.0,0.13847026,0.0,0.0
hardzero_only__c0p58__z1p00__lam0p000__nu0p50__psi0p00,0.018,borrow,30,339,0.0,2,-0.6,-0.6,-0.61200005,1.0127548,0.0,0.0971058,0.0,0.0,0.018,0.0,0.012,0.6,0.6,-26.98308,2.228105,0.7427017,0.18400002,0.0,0.18852788,0.0,0.0
hardzero_only__c0p58__z1p00__lam0p000__nu0p50__psi0p00,0.018,borrow,30,340,0.0,2,-0.6,-0.6,-0.61200005,1.074614,0.0,0.08421433,0.0,0.0,0.018,0.0,0.012,0.6,0.6,-27.449654,2.3641982,0.7880661,0.120000005,0.0,0.17122473,0.0,0.0
hardzero_only__c0p58__z1p00__lam0p000__nu0p50__psi0p00,0.018,borrow,30,341,0.0,2,-0.6,-0.6,-0.60996467,0.94662887,0.113076195,0.113076195,1.0,0.0020353715,0.018,0.0,0.012,0.6,0.6,-26.475351,2.0826252,0.6942084,0.24000001,0.0,0.18882507,0.0,0.0
hardzero_only__c0p58__z1p00__lam0p000__nu0p50__psi0p00,0.018,borrow,30,342,0.0,2,-0.6,-0.6,-0.61200005,1.0118768,0.0,0.097302325,0.0,0.0,0.018,0.0,0.012,0.6,0.6,-27.024473,2.2261734,0.7420578,0.16800001,0.0,0.13339694,0.0,0.0
hardzero_only__c0p58__z1p00__lam0p000__nu0p50__psi0p00,0.018,borrow,30,343,0.0,2,-0.6,-0.6,-0.61200005,1.006739,0.0,0.09846025,0.0,0.0,0.018,0.0,0.012,0.6,0.6,-27.24575,2.21487,0.73829,0.15200001,0.0,0.18594776,0.0,0.0
hardzero_only__c0p58__z1p00__lam0p000__nu0p50__psi0p00,0.018,borrow,30,344,0.0,2,-0.6,-0.6,-0.61018705,0.99687105,0.10072307,0.10072307,1.0,0.0018130152,0.018,0.0,0.012,0.6,0.6,-26.320877,2.19316,0.73105335,0.192,0.0,0.13513638,0.0,0.0
hardzero_only__c0p58__z1p00__lam0p000__nu0p50__psi0p00,0.018,borrow,30,345,0.0,2,-0.6,-0.6,-0.61200005,1.0233519,0.0,0.094765015,0.0,0.0,0.018,0.0,0.012,0.6,0.6,-26.867693,2.251419,0.750473,0.14400001,0.0,0.16789894,0.0,0.0
hardzero_only__c0p58__z1p00__lam0p000__nu0p50__psi0p00,0.018,borrow,30,346,0.0,2,-0.6,-0.6,-0.61200005,1.0679561,0.0,0.08551532,0.0,0.0,0.018,0.0,0.012,0.6,0.6,-27.819283,2.3495502,0.78318346,0.120000005,0.0,0.18993777,0.0,0.0
hardzero_only__c0p58__z1p00__lam0p000__nu0p50__psi0p00,0.018,borrow,30,347,0.0,2,-0.6,-0.6,-0.61200005,1.0418893,0.0,0.090805195,0.0,0.0,0.018,0.0,0.012,0.6,0.6,-27.549767,2.2922022,0.7640674,0.136,0.0,0.16277066,0.0,0.0
hardzero_only__c0p58__z1p00__lam0p000__nu0p50__psi0p00,0.018,borrow,30,348,0.0,2,-0.6,-0.6,-0.61200005,1.0357376,0.0,0.092100576,0.0,0.0,0.018,0.0,0.012,0.6,0.6,-27.593735,2.2786682,0.75955606,0.104,0.0,0.15467738,0.0,0.0
hardzero_only__c0p58__z1p00__lam0p000__nu0p50__psi0p00,0.018,borrow,30,349,0.0,2,-0.6,-0.6,-0.61200005,1.0201886,0.0,0.0954578,0.0,0.0,0.018,0.0,0.012,0.6,0.6,-27.069717,2.2444596,0.7481532,0.136,0.0,0.13808636,0.0,0.0
hardzero_only__c0p58__z1p00__lam0p000__nu0p50__psi0p00,0.018,borrow,30,350,0.0,2,-0.6,-0.6,-0.61009985,0.97646886,0.10556772,0.10556772,1.0,0.0019002189,0.018,0.0,0.012,0.6,0.6,-26.707348,2.1482744,0.7160915,0.18400002,0.0,0.15134396,0.0,0.0
hardzero_only__c0p58__z1p00__lam0p000__nu0p50__psi0p00,0.018,borrow,30,351,0.0,2,-0.6,-0.6,-0.61200005,1.0402726,0.0,0.09114386,0.0,0.0,0.018,0.0,0.012,0.6,0.6,-27.526613,2.2886455,0.7628819,0.16,0.0,0.15191917,0.0,0.0
hardzero_only__c0p58__z1p00__lam0p000__nu0p50__psi0p00,0.018,borrow,30,352,0.0,2,-0.6,-0.6,-0.61200005,1.0138204,0.0,0.09686783,0.0,0.0,0.018,0.0,0.012,0.6,0.6,-27.762928,2.2304494,0.7434832,0.16000001,0.0,0.16805108,0.0,0.0
hardzero_only__c0p58__z1p00__lam0p000__nu0p50__psi0p00,0.018,borrow,30,353,0.0,2,-0.6,-0.6,-0.6100473,0.96462363,0.10848667,0.10848667,1.0,0.0019527599,0.018,0.0,0.012,0.6,0.6,-26.560081,2.1222143,0.7074048,0.16800001,0.0,0.14359452,0.0,0.0
hardzero_only__c0p58__z1p00__lam0p000__nu0p50__psi0p00,0.018,borrow,30,354,0.0,2,-0.6,-0.6,-0.61200005,1.0225323,0.0,0.094944015,0.0,0.0,0.018,0.0,0.012,0.6,0.6,-27.347706,2.2496161,0.7498721,0.14400001,0.0,0.1752314,0.0,0.0
hardzero_only__c0p58__z1p00__lam0p000__nu0p50__psi0p00,0.018,borrow,30,355,0.0,2,-0.6,-0.6,-0.61200005,1.045557,0.0,0.090041555,0.0,0.0,0.018,0.0,0.012,0.6,0.6,-27.595924,2.3002713,0.76675713,0.136,0.0,0.1426517,0.0,0.0
hardzero_only__c0p58__z1p00__lam0p000__nu0p50__psi0p00,0.018,borrow,30,356,0.0,2,-0.6,-0.6,-0.61013573,0.9847603,0.103571355,0.103571355,1.0,0.0018642843,0.018,0.0,0.012,0.6,0.6,-26.83349,2.1665158,0.72217196,0.15200001,0.0,0.1662409,0.0,0.0
hardzero_only__c0p58__z1p00__lam0p000__nu0p50__psi0p00,0.018,borrow,30,357,0.0,2,-0.6,-0.6,-0.6101548,0.9892261,0.102511816,0.102511816,1.0,0.0018452127,0.018,0.0,0.012,0.6,0.6,-26.989252,2.1763408,0.72544694,0.16800001,0.0,0.15414603,0.0,0.0
hardzero_only__c0p58__z1p00__lam0p000__nu0p50__psi0p00,0.018,borrow,30,358,0.0,2,-0.6,-0.6,-0.61200005,1.0046558,0.0,0.098933674,0.0,0.0,0.018,0.0,0.012,0.6,0.6,-27.656492,2.2102869,0.7367623,0.192,0.0,0.17675199,0.0,0.0
hardzero_only__c0p58__z1p00__lam0p000__nu0p50__psi0p00,0.018,borrow,30,359,0.0,2,-0.6,-0.6,-0.61200005,1.0523226,0.0,0.08864973,0.0,0.0,0.018,0.0,0.012,0.6,0.6,-27.283735,2.315156,0.7717187,0.128,0.0,0.1685243,0.0,0.0
hardzero_only__c0p58__z1p00__lam0p000__nu0p50__psi0p00,0.018,borrow,30,360,0.0,2,-0.6,-0.6,-0.61014414,0.9867155,0.10310612,0.10310612,1.0,0.00185591,0.018,0.0,0.012,0.6,0.6,-26.733673,2.1708174,0.7236058,0.224,0.0,0.15940036,0.0,0.0
hardzero_only__c0p58__z1p00__lam0p000__nu0p50__psi0p00,0.018,borrow,30,361,0.0,2,-0.6,-0.6,-0.61200005,1.0123861,0.0,0.09718828,0.0,0.0,0.018,0.0,0.012,0.6,0.6,-26.761307,2.227294,0.74243134,0.16000001,0.0,0.13965164,0.0,0.0
hardzero_only__c0p58__z1p00__lam0p000__nu0p50__psi0p00,0.018,borrow,30,362,0.0,2,-0.6,-0.6,-0.61200005,1.0241629,0.0,0.09458823,0.0,0.0,0.018,0.0,0.012,0.6,0.6,-27.844376,2.2532034,0.7510678,0.15200001,0.0,0.16219167,0.0,0.0
hardzero_only__c0p58__z1p00__lam0p000__nu0p50__psi0p00,0.018,borrow,30,363,0.0,2,-0.6,-0.6,-0.61200005,1.0051522,0.0,0.098820664,0.0,0.0,0.018,0.0,0.012,0.6,0.6,-27.748182,2.211379,0.73712635,0.14400001,0.0,0.17428567,0.0,0.0
hardzero_only__c0p58__z1p00__lam0p000__nu0p50__psi0p00,0.018,borrow,30,364,0.0,2,-0.6,-0.6,-0.61200005,1.0839729,0.0,0.08241895,0.0,0.0,0.018,0.0,0.012,0.6,0.6,-28.707716,2.384788,0.7949294,0.17,0.0,0.19609167,0.0,0.0
hardzero_only__c0p58__z1p00__lam0p000__nu0p50__psi0p00,0.018,borrow,30,365,0.0,2,-0.6,-0.6,-0.61200005,1.0278189,0.0,0.0937953,0.0,0.0,0.018,0.0,0.012,0.6,0.6,-27.36912,2.2612467,0.7537489,0.16800001,0.0,0.1529763,0.0,0.0
hardzero_only__c0p58__z1p00__lam0p000__nu0p50__psi0p00,0.018,borrow,30,366,0.0,2,-0.6,-0.6,-0.61200005,1.0259377,0.0,0.09420248,0.0,0.0,0.018,0.0,0.012,0.6,0.6,-26.883314,2.257108,0.75236934,0.16800001,0.0,0.1452742,0.0,0.0
hardzero_only__c0p58__z1p00__lam0p000__nu0p50__psi0p00,0.018,borrow,30,367,0.0,2,-0.6,-0.6,-0.61005,0.96522886,0.10833559,0.10833559,1.0,0.0019500406,0.018,0.0,0.012,0.6,0.6,-27.034733,2.123546,0.70784867,0.18400002,0.0,0.1526,0.0,0.0
hardzero_only__c0p58__z1p00__lam0p000__nu0p50__psi0p00,0.018,borrow,30,368,0.0,2,-0.6,-0.6,-0.61200005,1.035632,0.0,0.09212298,0.0,0.0,0.018,0.0,0.012,0.6,0.6,-27.523884,2.278436,0.7594787,0.120000005,0.0,0.18966863,0.0,0.0
hardzero_only__c0p58__z1p00__lam0p000__nu0p50__psi0p00,0.018,borrow,30,369,0.0,2,-0.6,-0.6,-0.61200005,1.0372505,0.0,0.0917803,0.0,0.0,0.018,0.0,0.012,0.6,0.6,-27.039106,2.2819967,0.7606656,0.120000005,0.0,0.17458957,0.0,0.0
hardzero_only__c0p58__z1p00__lam0p000__nu0p50__psi0p00,0.018,borrow,30,370,0.0,2,-0.6,-0.6,-0.61200005,1.0033503,0.0,0.09923154,0.0,0.0,0.018,0.0,0.012,0.6,0.6,-27.572783,2.2074146,0.7358049,0.2,0.0,0.16661675,0.0,0.0
hardzero_only__c0p58__z1p00__lam0p000__nu0p50__psi0p00,0.018,borrow,30,371,0.0,2,-0.6,-0.6,-0.61200005,1.0293016,0.0,0.09347561,0.0,0.0,0.018,0.0,0.012,0.6,0.6,-27.761549,2.264509,0.7548363,0.120000005,0.0,0.18936601,0.0,0.0
hardzero_only__c0p58__z1p00__lam0p000__nu0p50__psi0p00,0.018,borrow,30,372,0.0,2,-0.6,-0.6,-0.61200005,1.023722,0.0,0.0946843,0.0,0.0,0.018,0.0,0.012,0.6,0.6,-27.221727,2.2522335,0.7507445,0.192,0.0,0.14588775,0.0,0.0
hardzero_only__c0p58__z1p00__lam0p000__nu0p50__psi0p00,0.018,borrow,30,373,0.0,2,-0.6,-0.6,-0.61200005,1.0486267,0.0,0.08940736,0.0,0.0,0.018,0.0,0.012,0.6,0.6,-28.37322,2.3070247,0.7690083,0.208,0.0,0.16596578,0.0,0.0
hardzero_only__c0p58__z1p00__lam0p000__nu0p50__psi0p00,0.018,borrow,30,374,0.0,2,-0.6,-0.6,-0.6101509,0.98829097,0.10273278,0.10273278,1.0,0.0018491899,0.018,0.0,0.012,0.6,0.6,-27.009384,2.1742835,0.7247612,0.120000005,0.0,0.15209179,0.0,0.0
hardzero_only__c0p58__z1p00__lam0p000__nu0p50__psi0p00,0.018,borrow,30,375,0.0,2,-0.6,-0.6,-0.61200005,1.0266308,0.0,0.09405226,0.0,0.0,0.018,0.0,0.012,0.6,0.6,-27.060854,2.258633,0.75287765,0.17600001,0.0,0.15354571,0.0,0.0
hardzero_only__c0p58__z1p00__lam0p000__nu0p50__psi0p00,0.018,borrow,30,376,0.0,2,-0.6,-0.6,-0.61200005,1.0777628,0.0,0.08360595,0.0,0.0,0.018,0.0,0.012,0.6,0.6,-28.461529,2.3711257,0.79037523,0.14400001,0.0,0.17672469,0.0,0.0
hardzero_only__c0p58__z1p00__lam0p000__nu0p50__psi0p00,0.018,borrow,30,377,0.0,2,-0.6,-0.6,-0.61200005,1.0832642,0.0,0.08255356,0.0,0.0,0.018,0.0,0.012,0.6,0.6,-28.56355,2.3832288,0.79440963,0.14999999,0.0,0.20065805,0.0,0.0
hardzero_only__c0p58__z1p00__lam0p000__nu0p50__psi0p00,0.018,borrow,30,378,0.0,2,-0.6,-0.6,-0.6101708,0.99299777,0.1016254,0.1016254,1.0,0.0018292571,0.018,0.0,0.012,0.6,0.6,-26.865211,2.1846387,0.72821295,0.128,0.0,0.14383765,0.0,0.0
hardzero_only__c0p58__z1p00__lam0p000__nu0p50__psi0p00,0.018,borrow,30,379,0.0,2,-0.6,-0.6,-0.6101685,0.99245983,0.10175135,0.10175135,1.0,0.0018315242,0.018,0.0,0.012,0.6,0.6,-26.21159,2.1834552,0.7278184,0.216,0.0,0.136149,0.0,0.0
hardzero_only__c0p58__z1p00__lam0p000__nu0p50__psi0p00,0.018,borrow,30,380,0.0,2,-0.6,-0.6,-0.61200005,1.0090619,0.0,0.09793502,0.0,0.0,0.018,0.0,0.012,0.6,0.6,-27.67631,2.2199805,0.7399935,0.192,0.0,0.16078365,0.0,0.0
hardzero_only__c0p58__z1p00__lam0p000__nu0p50__psi0p00,0.018,borrow,30,381,0.0,2,-0.6,-0.6,-0.61200005,1.0287707,0.0,0.09358996,0.0,0.0,0.018,0.0,0.012,0.6,0.6,-27.346716,2.2633407,0.7544469,0.224,0.008,0.17856921,0.0,0.0
hardzero_only__c0p58__z1p00__lam0p000__nu0p50__psi0p00,0.018,borrow,30,382,0.0,2,-0.6,-0.6,-0.61200005,1.084362,0.0,0.082345136,0.0,0.0,0.018,0.0,0.012,0.6,0.6,-28.830217,2.3856442,0.7952148,0.14400001,0.0,0.17776558,0.0,0.0
hardzero_only__c0p58__z1p00__lam0p000__nu0p50__psi0p00,0.018,borrow,30,383,0.0,2,-0.6,-0.6,-0.61200005,1.010475,0.0,0.09761689,0.0,0.0,0.018,0.0,0.012,0.6,0.6,-27.373007,2.2230895,0.74102986,0.14400001,0.0,0.16624138,0.0,0.0
hardzero_only__c0p58__z1p00__lam0p000__nu0p50__psi0p00,0.018,borrow,30,384,0.0,2,-0.6,-0.6,-0.61200005,1.0108042,0.0,0.097542934,0.0,0.0,0.018,0.0,0.012,0.6,0.6,-27.064182,2.2238135,0.7412712,0.14400001,0.0,0.16378601,0.0,0.0
hardzero_only__c0p58__z1p00__lam0p000__nu0p50__psi0p00,0.018,borrow,30,385,0.0,2,-0.6,-0.6,-0.61200005,1.0905981,0.0,0.081171185,0.0,0.0,0.018,0.0,0.012,0.6,0.6,-29.158493,2.3993638,0.79978794,0.17600001,0.0,0.18885532,0.0,0.0
hardzero_only__c0p58__z1p00__lam0p000__nu0p50__psi0p00,0.018,borrow,30,386,0.0,2,-0.6,-0.6,-0.61200005,1.042825,0.0,0.09060976,0.0,0.0,0.018,0.0,0.012,0.6,0.6,-27.173645,2.2942607,0.7647536,0.104,0.0,0.16910407,0.0,0.0
hardzero_only__c0p58__z1p00__lam0p000__nu0p50__psi0p00,0.018,borrow,30,387,0.0,2,-0.6,-0.6,-0.61200005,1.0271086,0.0,0.09394885,0.0,0.0,0.018,0.0,0.012,0.6,0.6,-27.386726,2.2596838,0.75322795,0.15200001,0.0,0.15493998,0.0,0.0
hardzero_only__c0p58__z1p00__lam0p000__nu0p50__psi0p00,0.018,borrow,30,388,0.0,2,-0.6,-0.6,-0.6099653,0.9467625,0.113041386,0.113041386,1.0,0.002034745,0.018,0.0,0.012,0.6,0.6,-25.141869,2.0829191,0.6943064,0.2,0.0,0.13008308,0.0,0.0
hardzero_only__c0p58__z1p00__lam0p000__nu0p50__psi0p00,0.018,borrow,30,389,0.0,2,-0.6,-0.6,-0.61200005,1.0360413,0.0,0.09203622,0.0,0.0,0.018,0.0,0.012,0.6,0.6,-28.004557,2.2793362,0.75977874,0.104,0.0,0.17058994,0.0,0.0
hardzero_only__c0p58__z1p00__lam0p000__nu0p50__psi0p00,0.018,borrow,30,390,0.0,2,-0.6,-0.6,-0.61200005,1.0027082,0.0,0.099378355,0.0,0.0,0.018,0.0,0.012,0.6,0.6,-27.048897,2.206002,0.73533404,0.14999999,0.0,0.14514616,0.0,0.0
hardzero_only__c0p58__z1p00__lam0p000__nu0p50__psi0p00,0.018,borrow,30,391,0.0,2,-0.6,-0.6,-0.6101652,0.9916646,0.10193782,0.10193782,1.0,0.0018348807,0.018,0.0,0.012,0.6,0.6,-25.904755,2.1817057,0.72723526,0.120000005,0.0,0.123887844,0.0,0.0
hardzero_only__c0p58__z1p00__lam0p000__nu0p50__psi0p00,0.018,borrow,30,392,0.0,2,-0.6,-0.6,-0.6101856,0.99653476,0.10080108,0.10080108,1.0,0.0018144194,0.018,0.0,0.012,0.6,0.6,-26.94529,2.1924202,0.73080677,0.192,0.008,0.15771207,0.0,0.0
hardzero_only__c0p58__z1p00__lam0p000__nu0p50__psi0p00,0.018,borrow,30,393,0.0,2,-0.6,-0.6,-0.61200005,1.0420083,0.0,0.09078032,0.0,0.0,0.018,0.0,0.012,0.6,0.6,-27.244516,2.292464,0.7641547,0.104,0.0,0.19547972,0.0,0.0
hardzero_only__c0p58__z1p00__lam0p000__nu0p50__psi0p00,0.018,borrow,30,394,0.0,2,-0.6,-0.6,-0.61200005,1.060897,0.0,0.08691666,0.0,0.0,0.018,0.0,0.012,0.6,0.6,-28.03321,2.33402,0.7780067,0.18400002,0.0,0.19434763,0.0,0.0
hardzero_only__c0p58__z1p00__lam0p000__nu0p50__psi0p00,0.018,borrow,30,395,0.0,2,-0.6,-0.6,-0.61200005,1.0208871,0.0,0.09530437,0.0,0.0,0.018,0.0,0.012,0.6,0.6,-27.705603,2.2459965,0.7486655,0.16000001,0.0,0.15456617,0.0,0.0
hardzero_only__c0p58__z1p00__lam0p000__nu0p50__psi0p00,0.018,borrow,30,396,0.0,2,-0.6,-0.6,-0.61200005,1.0112705,0.0,0.097438246,0.0,0.0,0.018,0.0,0.012,0.6,0.6,-26.684393,2.2248397,0.74161327,0.15200001,0.0,0.16165914,0.0,0.0
hardzero_only__c0p58__z1p00__lam0p000__nu0p50__psi0p00,0.018,borrow,30,397,0.0,2,-0.6,-0.6,-0.61200005,1.0270516,0.0,0.09396117,0.0,0.0,0.018,0.0,0.012,0.6,0.6,-27.549593,2.2595587,0.7531862,0.14400001,0.0,0.15158114,0.0,0.0
hardzero_only__c0p58__z1p00__lam0p000__nu0p50__psi0p00,0.018,borrow,30,398,0.0,2,-0.6,-0.6,-0.61200005,1.0394692,0.0,0.0913126,0.0,0.0,0.018,0.0,0.012,0.6,0.6,-26.916603,2.2868779,0.7622926,0.16000001,0.0,0.14784828,0.0,0.0
hardzero_only__c0p58__z1p00__lam0p000__nu0p50__psi0p00,0.018,borrow,30,399,0.0,2,-0.6,-0.6,-0.61200005,1.0495143,0.0,0.08922483,0.0,0.0,0.018,0.0,0.012,0.6,0.6,-27.952896,2.3089776,0.7696592,0.136,0.0,0.15478939,0.0,0.0
hardzero_only__c0p58__z1p00__lam0p000__nu0p50__psi0p00,0.018,borrow,30,400,0.0,2,-0.6,-0.6,-0.61200005,1.0784358,0.0,0.083476484,0.0,0.0,0.018,0.0,0.012,0.6,0.6,-28.289408,2.372606,0.7908687,0.120000005,0.0,0.16950144,0.0,0.0
hardzero_only__c0p58__z1p00__lam0p000__nu0p50__psi0p00,0.018,borrow,30,401,0.0,2,-0.6,-0.6,-0.61015326,0.9888498,0.10260068,0.10260068,1.0,0.0018468121,0.018,0.0,0.012,0.6,0.6,-26.546371,2.175513,0.725171,0.16000001,0.0,0.17131467,0.0,0.0
hardzero_only__c0p58__z1p00__lam0p000__nu0p50__psi0p00,0.018,borrow,30,402,0.0,2,-0.6,-0.6,-0.61200005,1.0245247,0.0,0.09450946,0.0,0.0,0.018,0.0,0.012,0.6,0.6,-27.18669,2.2539992,0.7513331,0.120000005,0.0,0.18448178,0.0,0.0
hardzero_only__c0p58__z1p00__lam0p000__nu0p50__psi0p00,0.018,borrow,30,403,0.0,2,-0.6,-0.6,-0.61200005,1.0045778,0.0,0.09895147,0.0,0.0,0.018,0.0,0.012,0.6,0.6,-26.83954,2.2101152,0.73670506,0.17999999,0.0,0.15099676,0.0,0.0
hardzero_only__c0p58__z1p00__lam0p000__nu0p50__psi0p00,0.018,borrow,30,404,0.0,2,-0.6,-0.6,-0.61200005,1.0716075,0.0,0.08479936,0.0,0.0,0.018,0.0,0.012,0.6,0.6,-27.808363,2.3575835,0.7858612,0.192,0.0,0.19111927,0.0,0.0
hardzero_only__c0p58__z1p00__lam0p000__nu0p50__psi0p00,0.018,borrow,30,405,0.0,2,-0.6,-0.6,-0.61200005,1.0244809,0.0,0.094518974,0.0,0.0,0.018,0.0,0.012,0.6,0.6,-27.297598,2.2539032,0.75130105,0.14400001,0.0,0.18111266,0.0,0.0
hardzero_only__c0p58__z1p00__lam0p000__nu0p50__psi0p00,0.018,borrow,30,406,0.0,2,-0.6,-0.6,-0.61200005,1.0050274,0.0,0.09884907,0.0,0.0,0.018,0.0,0.012,0.6,0.6,-27.357338,2.2111044,0.7370348,0.120000005,0.0,0.15230459,0.0,0.0
hardzero_only__c0p58__z1p00__lam0p000__nu0p50__psi0p00,0.018,borrow,30,407,0.0,2,-0.6,-0.6,-0.61200005,1.0097599,0.0,0.097777754,0.0,0.0,0.018,0.0,0.012,0.6,0.6,-27.432322,2.2215161,0.7405054,0.16800001,0.0,0.15185565,0.0,0.0
hardzero_only__c0p58__z1p00__lam0p000__nu0p50__psi0p00,0.018,borrow,30,408,0.0,2,-0.6,-0.6,-0.61008334,0.9727179,0.10648346,0.10648346,1.0,0.0019167021,0.018,0.0,0.012,0.6,0.6,-26.259636,2.140022,0.7133407,0.15200001,0.0,0.18486814,0.0,0.0
hardzero_only__c0p58__z1p00__lam0p000__nu0p50__psi0p00,0.018,borrow,30,409,0.0,2,-0.6,-0.6,-0.61200005,1.03633,0.0,0.09197503,0.0,0.0,0.018,0.0,0.012,0.6,0.6,-28.082762,2.2799716,0.7599906,0.16000001,0.0,0.18262212,0.0,0.0
hardzero_only__c0p58__z1p00__lam0p000__nu0p50__psi0p00,0.018,borrow,30,410,0.0,2,-0.6,-0.6,-0.61200005,1.0080587,0.0,0.09816152,0.0,0.0,0.018,0.0,0.012,0.6,0.6,-26.94293,2.2177734,0.7392578,0.15200001,0.0,0.15816331,0.0,0.0
hardzero_only__c0p58__z1p00__lam0p000__nu0p50__psi0p00,0.018,borrow,30,411,0.0,2,-0.6,-0.6,-0.61200005,1.0127758,0.0,0.09710112,0.0,0.0,0.018,0.0,0.012,0.6,0.6,-26.797598,2.2281513,0.74271715,0.072000004,0.0,0.17230386,0.0,0.0
hardzero_only__c0p58__z1p00__lam0p000__nu0p50__psi0p00,0.018,borrow,30,412,0.0,2,-0.6,-0.6,-0.61200005,1.0388364,0.0,0.09144577,0.0,0.0,0.018,0.0,0.012,0.6,0.6,-28.16662,2.2854857,0.7618286,0.208,0.0,0.15522541,0.0,0.0
hardzero_only__c0p58__z1p00__lam0p000__nu0p50__psi0p00,0.018,borrow,30,413,0.0,2,-0.6,-0.6,-0.61200005,1.0498353,0.0,0.089158885,0.0,0.0,0.018,0.0,0.012,0.6,0.6,-27.75815,2.3096838,0.7698946,0.18400002,0.0,0.17202905,0.0,0.0
hardzero_only__c0p58__z1p00__lam0p000__nu0p50__psi0p00,0.018,borrow,30,414,0.0,2,-0.6,-0.6,-0.61006445,0.96845657,0.1075334,0.1075334,1.0,0.0019356011,0.018,0.0,0.012,0.6,0.6,-26.330141,2.130647,0.7102157,0.14400001,0.0,0.1597665,0.0,0.0
hardzero_only__c0p58__z1p00__lam0p000__nu0p50__psi0p00,0.018,borrow,30,415,0.0,2,-0.6,-0.6,-0.61200005,1.0227771,0.0,0.09489054,0.0,0.0,0.018,0.0,0.012,0.6,0.6,-27.23806,2.2501545,0.7500515,0.15200001,0.0,0.15036805,0.0,0.0
hardzero_only__c0p58__z1p00__lam0p000__nu0p50__psi0p00,0.018,borrow,30,416,0.0,2,-0.6,-0.6,-0.6101508,0.9882801,0.10273535,0.10273535,1.0,0.0018492362,0.018,0.0,0.012,0.6,0.6,-27.194283,2.1742597,0.72475326,0.08,0.0,0.124566145,0.0,0.0
hardzero_only__c0p58__z1p00__lam0p000__nu0p50__psi0p00,0.018,borrow,30,417,0.0,2,-0.6,-0.6,-0.60998964,0.95198315,0.11169065,0.11169065,1.0,0.0020104316,0.018,0.0,0.012,0.6,0.6,-25.621662,2.0944047,0.6981349,0.18400002,0.0,0.12897484,0.0,0.0
hardzero_only__c0p58__z1p00__lam0p000__nu0p50__psi0p00,0.018,borrow,30,418,0.0,2,-0.6,-0.6,-0.61200005,1.0813185,0.0,0.08292424,0.0,0.0,0.018,0.0,0.012,0.6,0.6,-27.86876,2.3789482,0.79298276,0.15200001,0.0,0.17302704,0.0,0.0
hardzero_only__c0p58__z1p00__lam0p000__nu0p50__psi0p00,0.018,borrow,30,419,0.0,2,-0.6,-0.6,-0.61200005,1.0226634,0.0,0.09491538,0.0,0.0,0.018,0.0,0.012,0.6,0.6,-26.651915,2.2499044,0.7499682,0.120000005,0.0,0.13950494,0.0,0.0
hardzero_only__c0p58__z1p00__lam0p000__nu0p50__psi0p00,0.018,borrow,30,420,0.0,2,-0.6,-0.6,-0.61200005,1.0338045,0.0,0.09251145,0.0,0.0,0.018,0.0,0.012,0.6,0.6,-27.405067,2.2744155,0.75813854,0.15200001,0.008,0.16953543,0.0,0.0
hardzero_only__c0p58__z1p00__lam0p000__nu0p50__psi0p00,0.018,borrow,30,421,0.0,2,-0.6,-0.6,-0.61200005,1.0325876,0.0,0.09277102,0.0,0.0,0.018,0.0,0.012,0.6,0.6,-27.204456,2.2717383,0.75724614,0.16000001,0.0,0.15353808,0.0,0.0
hardzero_only__c0p58__z1p00__lam0p000__nu0p50__psi0p00,0.018,borrow,30,422,0.0,2,-0.6,-0.6,-0.61200005,1.0058331,0.0,0.09866585,0.0,0.0,0.018,0.0,0.012,0.6,0.6,-26.985544,2.212877,0.7376257,0.17600001,0.0,0.14194639,0.0,0.0
hardzero_only__c0p58__z1p00__lam0p000__nu0p50__psi0p00,0.018,borrow,30,423,0.0,2,-0.6,-0.6,-0.61200005,1.0045004,0.0,0.09896909,0.0,0.0,0.018,0.0,0.012,0.6,0.6,-26.672464,2.209945,0.7366483,0.16000001,0.0,0.17075668,0.0,0.0
hardzero_only__c0p58__z1p00__lam0p000__nu0p50__psi0p00,0.018,borrow,30,424,0.0,2,-0.6,-0.6,-0.61200005,1.0448972,0.0,0.090178445,0.0,0.0,0.018,0.0,0.012,0.6,0.6,-27.462132,2.2988198,0.76627326,0.128,0.0,0.17390327,0.0,0.0
hardzero_only__c0p58__z1p00__lam0p000__nu0p50__psi0p00,0.018,borrow,30,425,0.0,2,-0.6,-0.6,-0.61200005,1.0268719,0.0,0.09400004,0.0,0.0,0.018,0.0,0.012,0.6,0.6,-27.413494,2.2591634,0.7530545,0.08800001,0.0,0.15645735,0.0,0.0
hardzero_only__c0p58__z1p00__lam0p000__nu0p50__psi0p00,0.018,borrow,30,426,0.0,2,-0.6,-0.6,-0.61007696,0.9712744,0.10683797,0.10683797,1.0,0.0019230834,0.018,0.0,0.012,0.6,0.6,-26.724812,2.1368463,0.7122821,0.14400001,0.0,0.15234512,0.0,0.0
hardzero_only__c0p58__z1p00__lam0p000__nu0p50__psi0p00,0.018,borrow,30,427,0.0,2,-0.6,-0.6,-0.6101935,0.99842584,0.10036312,0.10036312,1.0,0.0018065361,0.018,0.0,0.012,0.6,0.6,-26.133162,2.1965806,0.7321936,0.128,0.0,0.12411803,0.0,0.0
hardzero_only__c0p58__z1p00__lam0p000__nu0p50__psi0p00,0.018,borrow,30,428,0.0,2,-0.6,-0.6,-0.61200005,1.0170759,0.0,0.096144415,0.0,0.0,0.018,0.0,0.012,0.6,0.6,-26.92511,2.2376115,0.74587053,0.2,0.0,0.1577183,0.0,0.0
hardzero_only__c0p58__z1p00__lam0p000__nu0p50__psi0p00,0.018,borrow,30,429,0.0,2,-0.6,-0.6,-0.61200005,1.0499561,0.0,0.089134105,0.0,0.0,0.018,0.0,0.012,0.6,0.6,-27.264416,2.3099496,0.76998323,0.14,0.0,0.18926074,0.0,0.0
hardzero_only__c0p58__z1p00__lam0p000__nu0p50__psi0p00,0.018,borrow,30,430,0.0,2,-0.6,-0.6,-0.6101787,0.9948754,0.10118697,0.10118697,1.0,0.0018213653,0.018,0.0,0.012,0.6,0.6,-27.78639,2.1887696,0.7295899,0.17600001,0.0,0.18643065,0.0,0.0
hardzero_only__c0p58__z1p00__lam0p000__nu0p50__psi0p00,0.018,borrow,30,431,0.0,2,-0.6,-0.6,-0.61200005,1.0422823,0.0,0.09072305,0.0,0.0,0.018,0.0,0.012,0.6,0.6,-28.538794,2.293067,0.76435566,0.18400002,0.0,0.19526307,0.0,0.0
hardzero_only__c0p58__z1p00__lam0p000__nu0p50__psi0p00,0.018,borrow,30,432,0.0,2,-0.6,-0.6,-0.61018944,0.9974543,0.1005879,0.1005879,1.0,0.0018105821,0.018,0.0,0.012,0.6,0.6,-26.821308,2.1944432,0.7314811,0.16800001,0.0,0.14992149,0.0,0.0
hardzero_only__c0p58__z1p00__lam0p000__nu0p50__psi0p00,0.018,borrow,30,433,0.0,2,-0.6,-0.6,-0.61200005,1.0249385,0.0,0.094419464,0.0,0.0,0.018,0.0,0.012,0.6,0.6,-27.654463,2.2549095,0.7516365,0.18400002,0.0,0.15437093,0.0,0.0
hardzero_only__c0p58__z1p00__lam0p000__nu0p50__psi0p00,0.018,borrow,30,434,0.0,2,-0.6,-0.6,-0.61200005,1.0566308,0.0,0.087774664,0.0,0.0,0.018,0.0,0.012,0.6,0.6,-27.533588,2.3246343,0.77487814,0.08800001,0.0,0.16120234,0.0,0.0
hardzero_only__c0p58__z1p00__lam0p000__nu0p50__psi0p00,0.018,borrow,30,435,0.0,2,-0.6,-0.6,-0.61200005,1.0114185,0.0,0.097405046,0.0,0.0,0.018,0.0,0.012,0.6,0.6,-27.420876,2.2251651,0.74172175,0.17600001,0.0,0.14243439,0.0,0.0
hardzero_only__c0p58__z1p00__lam0p000__nu0p50__psi0p00,0.018,borrow,30,436,0.0,2,-0.6,-0.6,-0.61200005,1.0513685,0.0,0.08884471,0.0,0.0,0.018,0.0,0.012,0.6,0.6,-27.341597,2.3130567,0.7710189,0.128,0.0,0.17612694,0.0,0.0
hardzero_only__c0p58__z1p00__lam0p000__nu0p50__psi0p00,0.018,borrow,30,437,0.0,2,-0.6,-0.6,-0.6097534,0.9037299,0.124815956,0.124815956,1.0,0.0022466872,0.018,0.0,0.012,0.6,0.6,-24.594275,1.9882455,0.6627485,0.264,0.0,0.1224143,0.0,0.0
hardzero_only__c0p58__z1p00__lam0p000__nu0p50__psi0p00,0.018,borrow,30,438,0.0,2,-0.6,-0.6,-0.61200005,1.0050198,0.0,0.0988508,0.0,0.0,0.018,0.0,0.012,0.6,0.6,-27.055584,2.2110877,0.73702925,0.112,0.0,0.14243907,0.0,0.0
hardzero_only__c0p58__z1p00__lam0p000__nu0p50__psi0p00,0.018,borrow,30,439,0.0,2,-0.6,-0.6,-0.61200005,1.0158764,0.0,0.09641034,0.0,0.0,0.018,0.0,0.012,0.6,0.6,-27.029839,2.2349727,0.74499094,0.2,0.0,0.16922198,0.0,0.0
hardzero_only__c0p58__z1p00__lam0p000__nu0p50__psi0p00,0.018,borrow,30,440,0.0,2,-0.6,-0.6,-0.61200005,1.0281827,0.0,0.09371674,0.0,0.0,0.018,0.0,0.012,0.6,0.6,-27.137234,2.2620473,0.7540158,0.18400002,0.0,0.16833398,0.0,0.0
hardzero_only__c0p58__z1p00__lam0p000__nu0p50__psi0p00,0.018,borrow,30,441,0.0,2,-0.6,-0.6,-0.6101196,0.9810017,0.10447162,0.10447162,1.0,0.001880489,0.018,0.0,0.012,0.6,0.6,-26.189789,2.1582468,0.7194156,0.128,0.008,0.15838304,0.0,0.0
hardzero_only__c0p58__z1p00__lam0p000__nu0p50__psi0p00,0.018,borrow,30,442,0.0,2,-0.6,-0.6,-0.61200005,1.1000156,0.0,0.07942996,0.0,0.0,0.018,0.0,0.012,0.6,0.6,-28.71461,2.4200828,0.80669427,0.13,0.0,0.18028256,0.0,0.0
hardzero_only__c0p58__z1p00__lam0p000__nu0p50__psi0p00,0.018,borrow,30,443,0.0,2,-0.6,-0.6,-0.6101839,0.9961263,0.100895934,0.100895934,1.0,0.0018161268,0.018,0.0,0.012,0.6,0.6,-26.870129,2.1915216,0.73050725,0.2,0.0,0.13936357,0.0,0.0
hardzero_only__c0p58__z1p00__lam0p000__nu0p50__psi0p00,0.018,borrow,30,444,0.0,2,-0.6,-0.6,-0.61200005,1.0062208,0.0,0.09857781,0.0,0.0,0.018,0.0,0.012,0.6,0.6,-26.989834,2.21373,0.73791003,0.224,0.0,0.16539854,0.0,0.0
hardzero_only__c0p58__z1p00__lam0p000__nu0p50__psi0p00,0.018,borrow,30,445,0.0,2,-0.6,-0.6,-0.61012554,0.9823812,0.1041403,0.1041403,1.0,0.0018745252,0.018,0.0,0.012,0.6,0.6,-26.02439,2.1612818,0.7204273,0.14400001,0.0,0.12500454,0.0,0.0
hardzero_only__c0p58__z1p00__lam0p000__nu0p50__psi0p00,0.018,borrow,30,446,0.0,2,-0.6,-0.6,-0.6101185,0.980765,0.104528576,0.104528576,1.0,0.0018815143,0.018,0.0,0.012,0.6,0.6,-26.027235,2.157726,0.71924204,0.15200001,0.0,0.12426158,0.0,0.0
hardzero_only__c0p58__z1p00__lam0p000__nu0p50__psi0p00,0.018,borrow,30,447,0.0,2,-0.6,-0.6,-0.61200005,1.0052836,0.0,0.098790765,0.0,0.0,0.018,0.0,0.012,0.6,0.6,-26.36427,2.211668,0.7372227,0.24800001,0.0,0.1500061,0.0,0.0
hardzero_only__c0p58__z1p00__lam0p000__nu0p50__psi0p00,0.018,borrow,30,448,0.0,2,-0.6,-0.6,-0.61200005,1.0018569,0.0,0.09957333,0.0,0.0,0.018,0.0,0.012,0.6,0.6,-26.64442,2.2041292,0.73470974,0.112,0.0,0.13336492,0.0,0.0
hardzero_only__c0p58__z1p00__lam0p000__nu0p50__psi0p00,0.018,borrow,30,449,0.0,2,-0.6,-0.6,-0.61200005,1.0205863,0.0,0.09537042,0.0,0.0,0.018,0.0,0.012,0.6,0.6,-27.56986,2.2453346,0.7484449,0.136,0.0,0.17585137,0.0,0.0
hardzero_only__c0p58__z1p00__lam0p000__nu0p50__psi0p00,0.018,borrow,30,450,0.0,2,-0.6,-0.6,-0.6101854,0.9964757,0.100814804,0.100814804,1.0,0.0018146664,0.018,0.0,0.012,0.6,0.6,-27.403828,2.1922903,0.73076344,0.18400002,0.0,0.15634842,0.0,0.0
hardzero_only__c0p58__z1p00__lam0p000__nu0p50__psi0p00,0.018,borrow,30,451,0.0,2,-0.6,-0.6,-0.61200005,1.0102868,0.0,0.09765921,0.0,0.0,0.018,0.0,0.012,0.6,0.6,-27.917868,2.2226753,0.7408918,0.17600001,0.0,0.17733279,0.0,0.0
hardzero_only__c0p58__z1p00__lam0p000__nu0p50__psi0p00,0.018,borrow,30,452,0.0,2,-0.6,-0.6,-0.61200005,1.0281144,0.0,0.09373149,0.0,0.0,0.018,0.0,0.012,0.6,0.6,-27.514185,2.2618968,0.7539656,0.128,0.0,0.16140327,0.0,0.0
hardzero_only__c0p58__z1p00__lam0p000__nu0p50__psi0p00,0.018,borrow,30,453,0.0,2,-0.6,-0.6,-0.61200005,1.0057368,0.0,0.09868773,0.0,0.0,0.018,0.0,0.012,0.6,0.6,-27.258356,2.2126653,0.73755515,0.15200001,0.0,0.16994761,0.0,0.0
hardzero_only__c0p58__z1p00__lam0p000__nu0p50__psi0p00,0.018,borrow,30,454,0.0,2,-0.6,-0.6,-0.61200005,1.0261283,0.0,0.09416114,0.0,0.0,0.018,0.0,0.012,0.6,0.6,-27.013504,2.2575274,0.7525091,0.17600001,0.0,0.17116189,0.0,0.0
hardzero_only__c0p58__z1p00__lam0p000__nu0p50__psi0p00,0.018,borrow,30,455,0.0,2,-0.6,-0.6,-0.61200005,1.0587981,0.0,0.087337725,0.0,0.0,0.018,0.0,0.012,0.6,0.6,-28.040718,2.3294022,0.77646744,0.19999999,0.0,0.173503,0.0,0.0
hardzero_only__c0p58__z1p00__lam0p000__nu0p50__psi0p00,0.018,borrow,30,456,0.0,2,-0.6,-0.6,-0.61200005,1.0467741,0.0,0.089789554,0.0,0.0,0.018,0.0,0.012,0.6,0.6,-27.76913,2.3029492,0.76764977,0.16000001,0.0,0.15570292,0.0,0.0
hardzero_only__c0p58__z1p00__lam0p000__nu0p50__psi0p00,0.018,borrow,30,457,0.0,2,-0.6,-0.6,-0.61200005,1.0018276,0.0,0.09958008,0.0,0.0,0.018,0.0,0.012,0.6,0.6,-27.146015,2.2040646,0.7346882,0.208,0.0,0.16624688,0.0,0.0
hardzero_only__c0p58__z1p00__lam0p000__nu0p50__psi0p00,0.018,borrow,30,458,0.0,2,-0.6,-0.6,-0.6101578,0.9899169,0.10234888,0.10234888,1.0,0.0018422797,0.018,0.0,0.012,0.6,0.6,-26.188393,2.1778607,0.7259536,0.16000001,0.0,0.16393706,0.0,0.0
hardzero_only__c0p58__z1p00__lam0p000__nu0p50__psi0p00,0.018,borrow,30,459,0.0,2,-0.6,-0.6,-0.61016136,0.9907612,0.10215009,0.10215009,1.0,0.0018387015,0.018,0.0,0.012,0.6,0.6,-26.617498,2.1797183,0.72657275,0.216,0.0,0.13698211,0.0,0.0
hardzero_only__c0p58__z1p00__lam0p000__nu0p50__psi0p00,0.018,borrow,30,460,0.0,2,-0.6,-0.6,-0.61200005,1.0169852,0.0,0.09616452,0.0,0.0,0.018,0.0,0.012,0.6,0.6,-27.27776,2.237412,0.745804,0.16800001,0.008,0.16309251,0.0,0.0
hardzero_only__c0p58__z1p00__lam0p000__nu0p50__psi0p00,0.018,borrow,30,461,0.0,2,-0.6,-0.6,-0.6100084,0.9560575,0.110647716,0.110647716,1.0,0.0019916587,0.018,0.0,0.012,0.6,0.6,-25.632734,2.1033685,0.7011229,0.18400002,0.0,0.1498782,0.0,0.0
hardzero_only__c0p58__z1p00__lam0p000__nu0p50__psi0p00,0.018,borrow,30,462,0.0,2,-0.6,-0.6,-0.61200005,1.0062548,0.0,0.09857011,0.0,0.0,0.018,0.0,0.012,0.6,0.6,-27.338985,2.2138047,0.73793495,0.192,0.0,0.1629579,0.0,0.0
hardzero_only__c0p58__z1p00__lam0p000__nu0p50__psi0p00,0.018,borrow,30,463,0.0,2,-0.6,-0.6,-0.6100321,0.961256,0.10933115,0.10933115,1.0,0.0019679607,0.018,0.0,0.012,0.6,0.6,-26.366587,2.1148055,0.7049352,0.208,0.0,0.14316027,0.0,0.0
hardzero_only__c0p58__z1p00__lam0p000__nu0p50__psi0p00,0.018,borrow,30,464,0.0,2,-0.6,-0.6,-0.61200005,1.0015583,0.0,0.09964182,0.0,0.0,0.018,0.0,0.012,0.6,0.6,-27.441284,2.2034721,0.73449075,0.18400002,0.0,0.16626205,0.0,0.0
hardzero_only__c0p58__z1p00__lam0p000__nu0p50__psi0p00,0.018,borrow,30,465,0.0,2,-0.6,-0.6,-0.6100353,0.96196705,0.1091523,0.1091523,1.0,0.0019647414,0.018,0.0,0.012,0.6,0.6,-26.646105,2.1163697,0.7054566,0.208,0.0,0.1441273,0.0,0.0
hardzero_only__c0p58__z1p00__lam0p000__nu0p50__psi0p00,0.018,borrow,30,466,0.0,2,-0.6,-0.6,-0.61200005,1.0114294,0.0,0.09740262,0.0,0.0,0.018,0.0,0.012,0.6,0.6,-27.373951,2.2251892,0.74172974,0.16000001,0.008,0.16291088,0.0,0.0
hardzero_only__c0p58__z1p00__lam0p000__nu0p50__psi0p00,0.018,borrow,30,467,0.0,2,-0.6,-0.6,-0.61200005,1.0489535,0.0,0.0893401,0.0,0.0,0.018,0.0,0.012,0.6,0.6,-28.474642,2.3077438,0.76924795,0.16000001,0.0,0.19719192,0.0,0.0
hardzero_only__c0p58__z1p00__lam0p000__nu0p50__psi0p00,0.018,borrow,30,468,0.0,2,-0.6,-0.6,-0.6101482,0.9876593,0.10288232,0.10288232,1.0,0.0018518816,0.018,0.0,0.012,0.6,0.6,-25.632986,2.1728938,0.72429794,0.17,0.0,0.13677543,0.0,0.0
hardzero_only__c0p58__z1p00__lam0p000__nu0p50__psi0p00,0.018,borrow,30,469,0.0,2,-0.6,-0.6,-0.61200005,1.009996,0.0,0.09772461,0.0,0.0,0.018,0.0,0.012,0.6,0.6,-26.93383,2.2220356,0.74067855,0.128,0.0,0.15781464,0.0,0.0
hardzero_only__c0p58__z1p00__lam0p000__nu0p50__psi0p00,0.018,borrow,30,470,0.0,2,-0.6,-0.6,-0.61200005,1.0446212,0.0,0.090235785,0.0,0.0,0.018,0.0,0.012,0.6,0.6,-27.591583,2.2982125,0.76607084,0.15200001,0.0,0.15778771,0.0,0.0
hardzero_only__c0p58__z1p00__lam0p000__nu0p50__psi0p00,0.018,borrow,30,471,0.0,2,-0.6,-0.6,-0.6101712,0.99308795,0.1016043,0.1016043,1.0,0.0018288773,0.018,0.0,0.012,0.6,0.6,-27.24444,2.184837,0.72827905,0.15200001,0.0,0.15438205,0.0,0.0
hardzero_only__c0p58__z1p00__lam0p000__nu0p50__psi0p00,0.018,borrow,30,472,0.0,2,-0.6,-0.6,-0.61018103,0.99543893,0.10105576,0.10105576,1.0,0.0018190037,0.018,0.0,0.012,0.6,0.6,-26.753126,2.1900094,0.7300031,0.16000001,0.0,0.15090904,0.0,0.0
hardzero_only__c0p58__z1p00__lam0p000__nu0p50__psi0p00,0.018,borrow,30,473,0.0,2,-0.6,-0.6,-0.61200005,1.0238205,0.0,0.09466284,0.0,0.0,0.018,0.0,0.012,0.6,0.6,-26.518463,2.2524502,0.75081676,0.096,0.0,0.15622798,0.0,0.0
hardzero_only__c0p58__z1p00__lam0p000__nu0p50__psi0p00,0.018,borrow,30,474,0.0,2,-0.6,-0.6,-0.61200005,1.0069236,0.0,0.09841843,0.0,0.0,0.018,0.0,0.012,0.6,0.6,-27.617924,2.215276,0.7384254,0.17600001,0.0,0.14205605,0.0,0.0
hardzero_only__c0p58__z1p00__lam0p000__nu0p50__psi0p00,0.018,borrow,30,475,0.0,2,-0.6,-0.6,-0.61200005,1.0604815,0.0,0.08699984,0.0,0.0,0.018,0.0,0.012,0.6,0.6,-27.490843,2.333106,0.77770203,0.17600001,0.0,0.1749542,0.0,0.0
hardzero_only__c0p58__z1p00__lam0p000__nu0p50__psi0p00,0.018,borrow,30,476,0.0,2,-0.6,-0.6,-0.61200005,1.0233138,0.0,0.09477335,0.0,0.0,0.018,0.0,0.012,0.6,0.6,-27.265224,2.2513351,0.75044507,0.08800001,0.0,0.16053009,0.0,0.0
hardzero_only__c0p58__z1p00__lam0p000__nu0p50__psi0p00,0.018,borrow,30,477,0.0,2,-0.6,-0.6,-0.61200005,1.0176946,0.0,0.09600755,0.0,0.0,0.018,0.0,0.012,0.6,0.6,-27.44035,2.238973,0.7463243,0.208,0.0,0.18725957,0.0,0.0
hardzero_only__c0p58__z1p00__lam0p000__nu0p50__psi0p00,0.018,borrow,30,478,0.0,2,-0.6,-0.6,-0.61200005,1.0307792,0.0,0.093158126,0.0,0.0,0.018,0.0,0.012,0.6,0.6,-27.184587,2.2677596,0.7559199,0.136,0.0,0.16678223,0.0,0.0
hardzero_only__c0p58__z1p00__lam0p000__nu0p50__psi0p00,0.018,borrow,30,479,0.0,2,-0.6,-0.6,-0.61200005,1.0313615,0.0,0.09303332,0.0,0.0,0.018,0.0,0.012,0.6,0.6,-28.18872,2.2690406,0.7563469,0.208,0.0,0.20792562,0.0,0.0
hardzero_only__c0p58__z1p00__lam0p000__nu0p50__psi0p00,0.018,borrow,30,480,0.0,2,-0.6,-0.6,-0.61200005,1.0691135,0.0,0.08528772,0.0,0.0,0.018,0.0,0.012,0.6,0.6,-28.4496,2.3520966,0.7840322,0.096,0.0,0.15064152,0.0,0.0
hardzero_only__c0p58__z1p00__lam0p000__nu0p50__psi0p00,0.018,borrow,30,481,0.0,2,-0.6,-0.6,-0.61200005,1.0505818,0.0,0.089005776,0.0,0.0,0.018,0.0,0.012,0.6,0.6,-27.449686,2.311326,0.770442,0.17,0.0,0.15500501,0.0,0.0
hardzero_only__c0p58__z1p00__lam0p000__nu0p50__psi0p00,0.018,borrow,30,482,0.0,2,-0.6,-0.6,-0.6101107,0.9789669,0.10496224,0.10496224,1.0,0.0018893202,0.018,0.0,0.012,0.6,0.6,-26.517675,2.1537702,0.7179234,0.208,0.0,0.1696895,0.0,0.0
hardzero_only__c0p58__z1p00__lam0p000__nu0p50__psi0p00,0.018,borrow,30,483,0.0,2,-0.6,-0.6,-0.61200005,1.0546402,0.0,0.088177904,0.0,0.0,0.018,0.0,0.012,0.6,0.6,-28.567276,2.3202548,0.7734183,0.136,0.0,0.17610852,0.0,0.0
hardzero_only__c0p58__z1p00__lam0p000__nu0p50__psi0p00,0.018,borrow,30,484,0.0,2,-0.6,-0.6,-0.6101538,0.98898345,0.1025691,0.1025691,1.0,0.0018462437,0.018,0.0,0.012,0.6,0.6,-25.368288,2.175807,0.725269,0.16000001,0.0,0.14223623,0.0,0.0
hardzero_only__c0p58__z1p00__lam0p000__nu0p50__psi0p00,0.018,borrow,30,485,0.0,2,-0.6,-0.6,-0.61200005,1.027419,0.0,0.093881726,0.0,0.0,0.018,0.0,0.012,0.6,0.6,-27.241566,2.260367,0.75345564,0.136,0.0,0.16266648,0.0,0.0
hardzero_only__c0p58__z1p00__lam0p000__nu0p50__psi0p00,0.018,borrow,30,486,0.0,2,-0.6,-0.6,-0.61014843,0.9877275,0.102866136,0.102866136,1.0,0.0018515904,0.018,0.0,0.012,0.6,0.6,-27.086584,2.173044,0.724348,0.17600001,0.0,0.15737373,0.0,0.0
hardzero_only__c0p58__z1p00__lam0p000__nu0p50__psi0p00,0.018,borrow,30,487,0.0,2,-0.6,-0.6,-0.6100941,0.97516054,0.10588622,0.10588622,1.0,0.0019059519,0.018,0.0,0.012,0.6,0.6,-26.543072,2.145396,0.715132,0.16000001,0.0,0.12745881,0.0,0.0
hardzero_only__c0p58__z1p00__lam0p000__nu0p50__psi0p00,0.018,borrow,30,488,0.0,2,-0.6,-0.6,-0.61200005,1.0214579,0.0,0.09517921,0.0,0.0,0.018,0.0,0.012,0.6,0.6,-27.413664,2.2472522,0.7490841,0.18400002,0.0,0.14469685,0.0,0.0
hardzero_only__c0p58__z1p00__lam0p000__nu0p50__psi0p00,0.018,borrow,30,489,0.0,2,-0.6,-0.6,-0.61016166,0.99083513,0.10213271,0.10213271,1.0,0.0018383886,0.018,0.0,0.012,0.6,0.6,-26.619658,2.1798809,0.726627,0.128,0.0,0.14358684,0.0,0.0
hardzero_only__c0p58__z1p00__lam0p000__nu0p50__psi0p00,0.018,borrow,30,490,0.0,2,-0.6,-0.6,-0.6101612,0.99071723,0.102160454,0.102160454,1.0,0.001838888,0.018,0.0,0.012,0.6,0.6,-27.342901,2.1796215,0.7265405,0.16800001,0.0,0.17063683,0.0,0.0
hardzero_only__c0p58__z1p00__lam0p000__nu0p50__psi0p00,0.018,borrow,30,491,0.0,2,-0.6,-0.6,-0.6101237,0.98195803,0.10424182,0.10424182,1.0,0.0018763527,0.018,0.0,0.012,0.6,0.6,-26.012074,2.1603508,0.720117,0.2,0.0,0.13602999,0.0,0.0
hardzero_only__c0p58__z1p00__lam0p000__nu0p50__psi0p00,0.018,borrow,30,492,0.0,2,-0.6,-0.6,-0.6100885,0.9738953,0.10619514,0.10619514,1.0,0.0019115123,0.018,0.0,0.012,0.6,0.6,-26.37339,2.1426125,0.7142042,0.23200001,0.008,0.13669398,0.0,0.0
hardzero_only__c0p58__z1p00__lam0p000__nu0p50__psi0p00,0.018,borrow,30,493,0.0,2,-0.6,-0.6,-0.61200005,1.0330864,0.0,0.09266454,0.0,0.0,0.018,0.0,0.012,0.6,0.6,-27.138102,2.2728355,0.7576119,0.14400001,0.0,0.15955469,0.0,0.0
hardzero_only__c0p58__z1p00__lam0p000__nu0p50__psi0p00,0.018,borrow,30,494,0.0,2,-0.6,-0.6,-0.61200005,1.0266893,0.0,0.09403959,0.0,0.0,0.018,0.0,0.012,0.6,0.6,-28.77021,2.2587616,0.75292057,0.14999999,0.0,0.1765169,0.0,0.0
hardzero_only__c0p58__z1p00__lam0p000__nu0p50__psi0p00,0.018,borrow,30,495,0.0,2,-0.6,-0.6,-0.61006945,0.96958077,0.10725541,0.10725541,1.0,0.0019305972,0.018,0.0,0.012,0.6,0.6,-25.917522,2.1331203,0.71104014,0.17600001,0.0,0.14949338,0.0,0.0
hardzero_only__c0p58__z1p00__lam0p000__nu0p50__psi0p00,0.018,borrow,30,496,0.0,2,-0.6,-0.6,-0.61200005,1.0116336,0.0,0.09735681,0.0,0.0,0.018,0.0,0.012,0.6,0.6,-27.667074,2.2256384,0.74187946,0.2,0.0,0.17872973,0.0,0.0
hardzero_only__c0p58__z1p00__lam0p000__nu0p50__psi0p00,0.018,borrow,30,497,0.0,2,-0.6,-0.6,-0.61200005,1.0504551,0.0,0.089031756,0.0,0.0,0.018,0.0,0.012,0.6,0.6,-27.415339,2.3110473,0.77034914,0.112,0.0,0.16261406,0.0,0.0
hardzero_only__c0p58__z1p00__lam0p000__nu0p50__psi0p00,0.018,borrow,30,498,0.0,2,-0.6,-0.6,-0.61200005,1.0610133,0.0,0.08689337,0.0,0.0,0.018,0.0,0.012,0.6,0.6,-28.51825,2.334276,0.778092,0.128,0.0,0.17551018,0.0,0.0
hardzero_only__c0p58__z1p00__lam0p000__nu0p50__psi0p00,0.018,borrow,30,499,0.0,2,-0.6,-0.6,-0.61200005,1.0012331,0.0,0.09971647,0.0,0.0,0.018,0.0,0.012,0.6,0.6,-26.322464,2.202757,0.73425233,0.18400002,0.0,0.14768293,0.0,0.0
hardzero_only__c0p58__z1p00__lam0p000__nu0p50__psi0p00,0.018,borrow,30,500,0.0,2,-0.6,-0.6,-0.61200005,1.0079267,0.0,0.09819136,0.0,0.0,0.018,0.0,0.012,0.6,0.6,-27.646982,2.217483,0.739161,0.192,0.0,0.14505081,0.0,0.0
hardzero_only__c0p58__z1p00__lam0p000__nu0p50__psi0p00,0.018,borrow,30,501,0.0,2,-0.6,-0.6,-0.61200005,1.0112879,0.0,0.09743434,0.0,0.0,0.018,0.0,0.012,0.6,0.6,-27.472383,2.2248778,0.74162596,0.18400002,0.0,0.16085918,0.0,0.0
hardzero_only__c0p58__z1p00__lam0p000__nu0p50__psi0p00,0.018,borrow,30,502,0.0,2,-0.6,-0.6,-0.61200005,1.0396813,0.0,0.091268025,0.0,0.0,0.018,0.0,0.012,0.6,0.6,-27.540531,2.2873447,0.76244825,0.136,0.0,0.16013473,0.0,0.0
hardzero_only__c0p58__z1p00__lam0p000__nu0p50__psi0p00,0.018,borrow,30,503,0.0,2,-0.6,-0.6,-0.61200005,1.000418,0.0,0.099903814,0.0,0.0,0.018,0.0,0.012,0.6,0.6,-26.625044,2.2009635,0.7336545,0.120000005,0.0,0.14453557,0.0,0.0
hardzero_only__c0p58__z1p00__lam0p000__nu0p50__psi0p00,0.018,borrow,30,504,0.0,2,-0.6,-0.6,-0.6101318,0.98383456,0.103792384,0.103792384,1.0,0.0018682629,0.018,0.0,0.012,0.6,0.6,-26.269316,2.1644793,0.7214931,0.208,0.0,0.13700518,0.0,0.0
hardzero_only__c0p58__z1p00__lam0p000__nu0p50__psi0p00,0.018,borrow,30,505,0.0,2,-0.6,-0.6,-0.61200005,1.0318869,0.0,0.09292082,0.0,0.0,0.018,0.0,0.012,0.6,0.6,-27.654943,2.2701967,0.7567322,0.16800001,0.0,0.17024787,0.0,0.0
hardzero_only__c0p58__z1p00__lam0p000__nu0p50__psi0p00,0.018,borrow,30,506,0.0,2,-0.6,-0.6,-0.61200005,1.0222151,0.0,0.0950134,0.0,0.0,0.018,0.0,0.012,0.6,0.6,-27.483566,2.2489183,0.74963945,0.2,0.0,0.15933408,0.0,0.0
hardzero_only__c0p58__z1p00__lam0p000__nu0p50__psi0p00,0.018,borrow,30,507,0.0,2,-0.6,-0.6,-0.61200005,1.0710467,0.0,0.0849089,0.0,0.0,0.018,0.0,0.012,0.6,0.6,-27.613499,2.3563497,0.7854499,0.11,0.0,0.17492849,0.0,0.0
hardzero_only__c0p58__z1p00__lam0p000__nu0p50__psi0p00,0.018,borrow,30,508,0.0,2,-0.6,-0.6,-0.61200005,1.0952735,0.0,0.080302015,0.0,0.0,0.018,0.0,0.012,0.6,0.6,-29.255093,2.4096498,0.80321664,0.080000006,0.0,0.21521696,0.0,0.0
hardzero_only__c0p58__z1p00__lam0p000__nu0p50__psi0p00,0.018,borrow,30,509,0.0,2,-0.6,-0.6,-0.61019886,0.99970794,0.10006727,0.10006727,1.0,0.0018012108,0.018,0.0,0.012,0.6,0.6,-26.685682,2.1994014,0.7331338,0.16800001,0.0,0.13933218,0.0,0.0
hardzero_only__c0p58__z1p00__lam0p000__nu0p50__psi0p00,0.018,borrow,30,510,0.0,2,-0.6,-0.6,-0.6101987,0.9996707,0.10007584,0.10007584,1.0,0.001801365,0.018,0.0,0.012,0.6,0.6,-26.200008,2.1993194,0.7331065,0.15200001,0.0,0.1542845,0.0,0.0
hardzero_only__c0p58__z1p00__lam0p000__nu0p50__psi0p00,0.018,borrow,30,511,0.0,2,-0.6,-0.6,-0.61200005,1.0272835,0.0,0.09391101,0.0,0.0,0.018,0.0,0.012,0.6,0.6,-27.080837,2.260069,0.75335634,0.16800001,0.0,0.15031855,0.0,0.0
hardzero_only__c0p58__z1p00__lam0p000__nu0p50__psi0p00,0.018,borrow,30,512,0.0,2,-0.6,-0.6,-0.61200005,1.0450523,0.0,0.090146266,0.0,0.0,0.018,0.0,0.012,0.6,0.6,-27.694662,2.299161,0.766387,0.112,0.0,0.16612452,0.0,0.0
hardzero_only__c0p58__z1p00__lam0p000__nu0p50__psi0p00,0.018,borrow,30,513,0.0,2,-0.6,-0.6,-0.61200005,1.0402519,0.0,0.091148205,0.0,0.0,0.018,0.0,0.012,0.6,0.6,-27.771357,2.2885997,0.7628666,0.136,0.0,0.17723434,0.0,0.0
hardzero_only__c0p58__z1p00__lam0p000__nu0p50__psi0p00,0.018,borrow,30,514,0.0,2,-0.6,-0.6,-0.6101845,0.9962651,0.10086371,0.10086371,1.0,0.0018155467,0.018,0.0,0.012,0.6,0.6,-26.459877,2.191827,0.73060906,0.16800001,0.0,0.1691598,0.0,0.0
hardzero_only__c0p58__z1p00__lam0p000__nu0p50__psi0p00,0.018,borrow,30,515,0.0,2,-0.6,-0.6,-0.6100553,0.9664117,0.10804092,0.10804092,1.0,0.0019447365,0.018,0.0,0.012,0.6,0.6,-26.7386,2.1261482,0.7087161,0.14400001,0.0,0.1555026,0.0,0.0
hardzero_only__c0p58__z1p00__lam0p000__nu0p50__psi0p00,0.018,borrow,30,516,0.0,2,-0.6,-0.6,-0.61200005,1.0014799,0.0,0.09965983,0.0,0.0,0.018,0.0,0.012,0.6,0.6,-27.029835,2.2032998,0.7344333,0.16000001,0.0,0.16153453,0.0,0.0
hardzero_only__c0p58__z1p00__lam0p000__nu0p50__psi0p00,0.018,borrow,30,517,0.0,2,-0.6,-0.6,-0.61200005,1.0387722,0.0,0.09145928,0.0,0.0,0.018,0.0,0.012,0.6,0.6,-27.24656,2.2853446,0.7617816,0.15200001,0.0,0.15136413,0.0,0.0
hardzero_only__c0p58__z1p00__lam0p000__nu0p50__psi0p00,0.018,borrow,30,518,0.0,2,-0.6,-0.6,-0.610043,0.96366584,0.10872618,0.10872618,1.0,0.0019570712,0.018,0.0,0.012,0.6,0.6,-26.153273,2.1201072,0.7067024,0.16000001,0.0,0.15027243,0.0,0.0
hardzero_only__c0p58__z1p00__lam0p000__nu0p50__psi0p00,0.018,borrow,30,519,0.0,2,-0.6,-0.6,-0.61200005,1.0262482,0.0,0.09413513,0.0,0.0,0.018,0.0,0.012,0.6,0.6,-28.19745,2.257791,0.75259703,0.136,0.0,0.19175655,0.0,0.0
hardzero_only__c0p58__z1p00__lam0p000__nu0p50__psi0p00,0.018,borrow,30,520,0.0,2,-0.6,-0.6,-0.61200005,1.0249696,0.0,0.09441269,0.0,0.0,0.018,0.0,0.012,0.6,0.6,-26.863579,2.2549782,0.7516594,0.11,0.0,0.16015984,0.0,0.0
hardzero_only__c0p58__z1p00__lam0p000__nu0p50__psi0p00,0.018,borrow,30,521,0.0,2,-0.6,-0.6,-0.61200005,1.040928,0.0,0.09100641,0.0,0.0,0.018,0.0,0.012,0.6,0.6,-28.214483,2.2900872,0.7633624,0.192,0.0,0.15637422,0.0,0.0
hardzero_only__c0p58__z1p00__lam0p000__nu0p50__psi0p00,0.018,borrow,30,522,0.0,2,-0.6,-0.6,-0.6100136,0.957201,0.11035678,0.11035678,1.0,0.0019864219,0.018,0.0,0.012,0.6,0.6,-25.8743,2.1058843,0.70196146,0.16000001,0.0,0.13954043,0.0,0.0
hardzero_only__c0p58__z1p00__lam0p000__nu0p50__psi0p00,0.018,borrow,30,523,0.0,2,-0.6,-0.6,-0.61200005,1.0276551,0.0,0.093830675,0.0,0.0,0.018,0.0,0.012,0.6,0.6,-26.453598,2.2608864,0.75362885,0.096,0.0,0.16197316,0.0,0.0
hardzero_only__c0p58__z1p00__lam0p000__nu0p50__psi0p00,0.018,borrow,30,524,0.0,2,-0.6,-0.6,-0.61200005,1.0370169,0.0,0.0918297,0.0,0.0,0.018,0.0,0.012,0.6,0.6,-27.85986,2.2814827,0.76049423,0.18400002,0.0,0.1823882,0.0,0.0
hardzero_only__c0p58__z1p00__lam0p000__nu0p50__psi0p00,0.018,borrow,30,525,0.0,2,-0.6,-0.6,-0.61200005,1.0129093,0.0,0.09707126,0.0,0.0,0.018,0.0,0.012,0.6,0.6,-26.380281,2.2284448,0.74281496,0.14400001,0.0,0.14821386,0.0,0.0
hardzero_only__c0p58__z1p00__lam0p000__nu0p50__psi0p00,0.018,borrow,30,526,0.0,2,-0.6,-0.6,-0.61200005,1.0464021,0.0,0.08986653,0.0,0.0,0.018,0.0,0.012,0.6,0.6,-28.011526,2.3021305,0.76737684,0.08800001,0.0,0.1714428,0.0,0.0
hardzero_only__c0p58__z1p00__lam0p000__nu0p50__psi0p00,0.018,borrow,30,527,0.0,2,-0.6,-0.6,-0.61200005,1.040268,0.0,0.09114484,0.0,0.0,0.018,0.0,0.012,0.6,0.6,-28.008993,2.2886353,0.7628784,0.16000001,0.0,0.16147728,0.0,0.0
hardzero_only__c0p58__z1p00__lam0p000__nu0p50__psi0p00,0.018,borrow,30,528,0.0,2,-0.6,-0.6,-0.61010367,0.9773404,0.10535608,0.10535608,1.0,0.0018964094,0.018,0.0,0.012,0.6,0.6,-26.738869,2.1501918,0.7167306,0.16800001,0.0,0.14989623,0.0,0.0
hardzero_only__c0p58__z1p00__lam0p000__nu0p50__psi0p00,0.018,borrow,30,529,0.0,2,-0.6,-0.6,-0.61200005,1.0043545,0.0,0.09900236,0.0,0.0,0.018,0.0,0.012,0.6,0.6,-26.836914,2.209624,0.7365414,0.16000001,0.0,0.1601519,0.0,0.0
hardzero_only__c0p58__z1p00__lam0p000__nu0p50__psi0p00,0.018,borrow,30,530,0.0,2,-0.6,-0.6,-0.6101061,0.9779003,0.10522033,0.10522033,1.0,0.0018939659,0.018,0.0,0.012,0.6,0.6,-25.950233,2.1514237,0.7171413,0.17600001,0.0,0.13860434,0.0,0.0
hardzero_only__c0p58__z1p00__lam0p000__nu0p50__psi0p00,0.018,borrow,30,531,0.0,2,-0.6,-0.6,-0.61019105,0.9978288,0.10050119,0.10050119,1.0,0.0018090213,0.018,0.0,0.012,0.6,0.6,-26.410961,2.1952672,0.73175573,0.16000001,0.0,0.14655326,0.0,0.0
hardzero_only__c0p58__z1p00__lam0p000__nu0p50__psi0p00,0.018,borrow,30,532,0.0,2,-0.6,-0.6,-0.61019444,0.9986521,0.100310855,0.100310855,1.0,0.0018055954,0.018,0.0,0.012,0.6,0.6,-27.276804,2.1970785,0.7323595,0.17600001,0.0,0.15028033,0.0,0.0
hardzero_only__c0p58__z1p00__lam0p000__nu0p50__psi0p00,0.018,borrow,30,533,0.0,2,-0.6,-0.6,-0.61200005,1.0196301,0.0,0.095580645,0.0,0.0,0.018,0.0,0.012,0.6,0.6,-27.309841,2.243231,0.7477437,0.14,0.0,0.16878335,0.0,0.0
hardzero_only__c0p58__z1p00__lam0p000__nu0p50__psi0p00,0.018,borrow,30,534,0.0,2,-0.6,-0.6,-0.61200005,1.0025865,0.0,0.0994062,0.0,0.0,0.018,0.0,0.012,0.6,0.6,-27.358494,2.2057343,0.73524475,0.18400002,0.0,0.1756574,0.0,0.0
hardzero_only__c0p58__z1p00__lam0p000__nu0p50__psi0p00,0.018,borrow,30,535,0.0,2,-0.6,-0.6,-0.610136,0.9848059,0.1035605,0.1035605,1.0,0.0018640889,0.018,0.0,0.012,0.6,0.6,-26.847742,2.1666162,0.7222054,0.136,0.0,0.14409856,0.0,0.0
hardzero_only__c0p58__z1p00__lam0p000__nu0p50__psi0p00,0.018,borrow,30,536,0.0,2,-0.6,-0.6,-0.61200005,1.0086648,0.0,0.098024614,0.0,0.0,0.018,0.0,0.012,0.6,0.6,-26.906824,2.219107,0.73970234,0.16800001,0.0,0.16848145,0.0,0.0
hardzero_only__c0p58__z1p00__lam0p000__nu0p50__psi0p00,0.018,borrow,30,537,0.0,2,-0.6,-0.6,-0.6100372,0.96238416,0.10904753,0.10904753,1.0,0.0019628555,0.018,0.0,0.012,0.6,0.6,-26.409595,2.1172874,0.7057625,0.264,0.0,0.14245881,0.0,0.0
hardzero_only__c0p58__z1p00__lam0p000__nu0p50__psi0p00,0.018,borrow,30,538,0.0,2,-0.6,-0.6,-0.60993403,0.94013983,0.11477839,0.11477839,1.0,0.002066011,0.018,0.0,0.012,0.6,0.6,-25.93006,2.068349,0.68944967,0.136,0.0,0.13061006,0.0,0.0
hardzero_only__c0p58__z1p00__lam0p000__nu0p50__psi0p00,0.018,borrow,30,539,0.0,2,-0.6,-0.6,-0.6101044,0.9775118,0.10531449,0.10531449,1.0,0.0018956608,0.018,0.0,0.012,0.6,0.6,-26.790117,2.150569,0.71685636,0.16800001,0.0,0.150496,0.0,0.0
hardzero_only__c0p58__z1p00__lam0p000__nu0p50__psi0p00,0.018,borrow,30,540,0.0,2,-0.6,-0.6,-0.61200005,1.0458485,0.0,0.08998114,0.0,0.0,0.018,0.0,0.012,0.6,0.6,-27.165844,2.3009126,0.7669709,0.128,0.008,0.15207323,0.0,0.0
hardzero_only__c0p58__z1p00__lam0p000__nu0p50__psi0p00,0.018,borrow,30,541,0.0,2,-0.6,-0.6,-0.61200005,1.0388842,0.0,0.09143571,0.0,0.0,0.018,0.0,0.012,0.6,0.6,-27.984287,2.285591,0.76186365,0.192,0.0,0.176782,0.0,0.0
hardzero_only__c0p58__z1p00__lam0p000__nu0p50__psi0p00,0.018,borrow,30,542,0.0,2,-0.6,-0.6,-0.61200005,1.1093415,0.0,0.077742495,0.0,0.0,0.018,0.0,0.012,0.6,0.6,-28.838999,2.4406,0.8135333,0.112,0.0,0.1653023,0.0,0.0
hardzero_only__c0p58__z1p00__lam0p000__nu0p50__psi0p00,0.018,borrow,30,543,0.0,2,-0.6,-0.6,-0.61009145,0.97455215,0.10603467,0.10603467,1.0,0.001908624,0.018,0.0,0.012,0.6,0.6,-25.567907,2.1440575,0.71468586,0.16800001,0.0,0.14203693,0.0,0.0
hardzero_only__c0p58__z1p00__lam0p000__nu0p50__psi0p00,0.018,borrow,30,544,0.0,2,-0.6,-0.6,-0.6101012,0.97678185,0.10549166,0.10549166,1.0,0.0018988498,0.018,0.0,0.012,0.6,0.6,-26.398716,2.148963,0.716321,0.136,0.0,0.1275972,0.0,0.0
hardzero_only__c0p58__z1p00__lam0p000__nu0p50__psi0p00,0.018,borrow,30,545,0.0,2,-0.6,-0.6,-0.61009663,0.97573876,0.10574534,0.10574534,1.0,0.001903416,0.018,0.0,0.012,0.6,0.6,-26.596834,2.1466682,0.7155561,0.136,0.0,0.14757852,0.0,0.0
hardzero_only__c0p58__z1p00__lam0p000__nu0p50__psi0p00,0.018,borrow,30,546,0.0,2,-0.6,-0.6,-0.61200005,1.0340436,0.0,0.09246054,0.0,0.0,0.018,0.0,0.012,0.6,0.6,-26.627302,2.2749412,0.7583138,0.13,0.0,0.14922112,0.0,0.0
hardzero_only__c0p58__z1p00__lam0p000__nu0p50__psi0p00,0.018,borrow,30,547,0.0,2,-0.6,-0.6,-0.61200005,1.0120384,0.0,0.097266145,0.0,0.0,0.018,0.0,0.012,0.6,0.6,-26.802065,2.226529,0.7421763,0.18400002,0.0,0.15787974,0.0,0.0
hardzero_only__c0p58__z1p00__lam0p000__nu0p50__psi0p00,0.018,borrow,30,548,0.0,2,-0.6,-0.6,-0.61005247,0.96577257,0.10820005,0.10820005,1.0,0.0019476009,0.018,0.0,0.012,0.6,0.6,-26.224747,2.124742,0.70824736,0.17600001,0.0,0.13594796,0.0,0.0
hardzero_only__c0p58__z1p00__lam0p000__nu0p50__psi0p00,0.018,borrow,30,549,0.0,2,-0.6,-0.6,-0.61200005,1.0318965,0.0,0.09291878,0.0,0.0,0.018,0.0,0.012,0.6,0.6,-27.681189,2.2702177,0.75673926,0.120000005,0.0,0.17515,0.0,0.0
hardzero_only__c0p58__z1p00__lam0p000__nu0p50__psi0p00,0.018,borrow,30,550,0.0,2,-0.6,-0.6,-0.61200005,1.0372676,0.0,0.091776684,0.0,0.0,0.018,0.0,0.012,0.6,0.6,-28.040283,2.2820342,0.76067805,0.17600001,0.0,0.16616222,0.0,0.0
hardzero_only__c0p58__z1p00__lam0p000__nu0p50__psi0p00,0.018,borrow,30,551,0.0,2,-0.6,-0.6,-0.6101224,0.981656,0.10431431,0.10431431,1.0,0.0018776575,0.018,0.0,0.012,0.6,0.6,-26.400806,2.1596863,0.7198955,0.23200001,0.0,0.15361375,0.0,0.0
hardzero_only__c0p58__z1p00__lam0p000__nu0p50__psi0p00,0.018,borrow,30,552,0.0,2,-0.6,-0.6,-0.6100606,0.96758896,0.10774844,0.10774844,1.0,0.0019394718,0.018,0.0,0.012,0.6,0.6,-27.495544,2.1287382,0.7095794,0.17600001,0.0,0.1583993,0.0,0.0
hardzero_only__c0p58__z1p00__lam0p000__nu0p50__psi0p00,0.018,borrow,30,553,0.0,2,-0.6,-0.6,-0.61012995,0.98340434,0.10389525,0.10389525,1.0,0.0018701144,0.018,0.0,0.012,0.6,0.6,-26.786533,2.1635327,0.7211776,0.16800001,0.0,0.13518555,0.0,0.0
hardzero_only__c0p58__z1p00__lam0p000__nu0p50__psi0p00,0.018,borrow,30,554,0.0,2,-0.6,-0.6,-0.61200005,1.0668267,0.0,0.08573798,0.0,0.0,0.018,0.0,0.012,0.6,0.6,-27.779127,2.3470657,0.78235525,0.128,0.0,0.16887373,0.0,0.0
hardzero_only__c0p58__z1p00__lam0p000__nu0p50__psi0p00,0.018,borrow,30,555,0.0,2,-0.6,-0.6,-0.61200005,1.0100155,0.0,0.097720236,0.0,0.0,0.018,0.0,0.012,0.6,0.6,-27.253222,2.2220783,0.7406928,0.16000001,0.0,0.16168258,0.0,0.0
hardzero_only__c0p58__z1p00__lam0p000__nu0p50__psi0p00,0.018,borrow,30,556,0.0,2,-0.6,-0.6,-0.61002356,0.95937353,0.1098061,0.1098061,1.0,0.0019765096,0.018,0.0,0.012,0.6,0.6,-26.558683,2.110664,0.70355463,0.2,0.0,0.1595577,0.0,0.0
hardzero_only__c0p58__z1p00__lam0p000__nu0p50__psi0p00,0.018,borrow,30,557,0.0,2,-0.6,-0.6,-0.61200005,1.0338084,0.0,0.09251063,0.0,0.0,0.018,0.0,0.012,0.6,0.6,-27.070234,2.2744238,0.7581413,0.15200001,0.0,0.19170178,0.0,0.0
hardzero_only__c0p58__z1p00__lam0p000__nu0p50__psi0p00,0.018,borrow,30,558,0.0,2,-0.6,-0.6,-0.61200005,1.008055,0.0,0.09816235,0.0,0.0,0.018,0.0,0.012,0.6,0.6,-27.19397,2.217765,0.7392551,0.16800001,0.0,0.15362465,0.0,0.0
hardzero_only__c0p58__z1p00__lam0p000__nu0p50__psi0p00,0.018,borrow,30,559,0.0,2,-0.6,-0.6,-0.61200005,1.0275071,0.0,0.093862675,0.0,0.0,0.018,0.0,0.012,0.6,0.6,-27.467232,2.2605608,0.75352025,0.17,0.0,0.17160612,0.0,0.0
hardzero_only__c0p58__z1p00__lam0p000__nu0p50__psi0p00,0.018,borrow,30,560,0.0,2,-0.6,-0.6,-0.61200005,1.0258992,0.0,0.09421082,0.0,0.0,0.018,0.0,0.012,0.6,0.6,-27.28881,2.2570233,0.75234115,0.17600001,0.0,0.14177714,0.0,0.0
hardzero_only__c0p58__z1p00__lam0p000__nu0p50__psi0p00,0.018,borrow,30,561,0.0,2,-0.6,-0.6,-0.61200005,1.0298148,0.0,0.09336522,0.0,0.0,0.018,0.0,0.012,0.6,0.6,-26.777895,2.2656379,0.75521266,0.16800001,0.0,0.15873219,0.0,0.0
hardzero_only__c0p58__z1p00__lam0p000__nu0p50__psi0p00,0.018,borrow,30,562,0.0,2,-0.6,-0.6,-0.61200005,1.0649236,0.0,0.08611451,0.0,0.0,0.018,0.0,0.012,0.6,0.6,-27.698677,2.3428788,0.7809596,0.112,0.0,0.15278423,0.0,0.0
hardzero_only__c0p58__z1p00__lam0p000__nu0p50__psi0p00,0.018,borrow,30,563,0.0,2,-0.6,-0.6,-0.61200005,1.0171682,0.0,0.09612399,0.0,0.0,0.018,0.0,0.012,0.6,0.6,-27.2846,2.2378147,0.74593824,0.208,0.0,0.17521024,0.0,0.0
hardzero_only__c0p58__z1p00__lam0p000__nu0p50__psi0p00,0.018,borrow,30,564,0.0,2,-0.6,-0.6,-0.6099847,0.9509254,0.11196302,0.11196302,1.0,0.0020153343,0.018,0.0,0.012,0.6,0.6,-26.134552,2.0920777,0.69735926,0.16800001,0.0,0.1612777,0.0,0.0
hardzero_only__c0p58__z1p00__lam0p000__nu0p50__psi0p00,0.018,borrow,30,565,0.0,2,-0.6,-0.6,-0.61200005,1.031563,0.0,0.092990145,0.0,0.0,0.018,0.0,0.012,0.6,0.6,-27.81289,2.269484,0.7564947,0.15200001,0.0,0.15792102,0.0,0.0
hardzero_only__c0p58__z1p00__lam0p000__nu0p50__psi0p00,0.018,borrow,30,566,0.0,2,-0.6,-0.6,-0.61200005,1.0290347,0.0,0.09353308,0.0,0.0,0.018,0.0,0.012,0.6,0.6,-28.473398,2.2639217,0.7546406,0.16000001,0.0,0.17243569,0.0,0.0
hardzero_only__c0p58__z1p00__lam0p000__nu0p50__psi0p00,0.018,borrow,30,567,0.0,2,-0.6,-0.6,-0.610116,0.98018414,0.10466845,0.10466845,1.0,0.001884032,0.018,0.0,0.012,0.6,0.6,-27.270704,2.1564481,0.71881604,0.16800001,0.0,0.1680423,0.0,0.0
hardzero_only__c0p58__z1p00__lam0p000__nu0p50__psi0p00,0.018,borrow,30,568,0.0,2,-0.6,-0.6,-0.60992086,0.937374,0.115511715,0.115511715,1.0,0.0020792107,0.018,0.0,0.012,0.6,0.6,-26.398031,2.062264,0.6874213,0.208,0.0,0.14084825,0.0,0.0
hardzero_only__c0p58__z1p00__lam0p000__nu0p50__psi0p00,0.018,borrow,30,569,0.0,2,-0.6,-0.6,-0.61200005,1.0193406,0.0,0.095644355,0.0,0.0,0.018,0.0,0.012,0.6,0.6,-27.065283,2.2425942,0.7475314,0.192,0.0,0.15339418,0.0,0.0
hardzero_only__c0p58__z1p00__lam0p000__nu0p50__psi0p00,0.018,borrow,30,570,0.0,2,-0.6,-0.6,-0.61200005,1.0239896,0.0,0.09462599,0.0,0.0,0.018,0.0,0.012,0.6,0.6,-27.519386,2.252822,0.7509407,0.16000001,0.0,0.16373987,0.0,0.0
hardzero_only__c0p58__z1p00__lam0p000__nu0p50__psi0p00,0.018,borrow,30,571,0.0,2,-0.6,-0.6,-0.61200005,1.0366205,0.0,0.09191355,0.0,0.0,0.018,0.0,0.012,0.6,0.6,-27.969198,2.2806106,0.76020354,0.120000005,0.0,0.16249657,0.0,0.0
hardzero_only__c0p58__z1p00__lam0p000__nu0p50__psi0p00,0.018,borrow,30,572,0.0,2,-0.6,-0.6,-0.61200005,1.0355027,0.0,0.09215041,0.0,0.0,0.018,0.0,0.012,0.6,0.6,-27.92146,2.2781513,0.7593838,0.19999999,0.0,0.158934,0.0,0.0
hardzero_only__c0p58__z1p00__lam0p000__nu0p50__psi0p00,0.018,borrow,30,573,0.0,2,-0.6,-0.6,-0.61200005,1.0324038,0.0,0.092810296,0.0,0.0,0.018,0.0,0.012,0.6,0.6,-27.618792,2.2713337,0.75711125,0.16800001,0.0,0.15360926,0.0,0.0
hardzero_only__c0p58__z1p00__lam0p000__nu0p50__psi0p00,0.018,borrow,30,574,0.0,2,-0.6,-0.6,-0.61200005,1.0540502,0.0,0.08829778,0.0,0.0,0.018,0.0,0.012,0.6,0.6,-27.696007,2.3189569,0.77298564,0.224,0.0,0.17786866,0.0,0.0
hardzero_only__c0p58__z1p00__lam0p000__nu0p50__psi0p00,0.018,borrow,30,575,0.0,2,-0.6,-0.6,-0.6101067,0.97803956,0.1051866,0.1051866,1.0,0.0018933587,0.018,0.0,0.012,0.6,0.6,-26.230297,2.15173,0.7172434,0.136,0.0,0.13519129,0.0,0.0
hardzero_only__c0p58__z1p00__lam0p000__nu0p50__psi0p00,0.018,borrow,30,576,0.0,2,-0.6,-0.6,-0.610124,0.98203343,0.104223706,0.104223706,1.0,0.0018760266,0.018,0.0,0.012,0.6,0.6,-26.863747,2.1605167,0.7201723,0.120000005,0.0,0.15443496,0.0,0.0
hardzero_only__c0p58__z1p00__lam0p000__nu0p50__psi0p00,0.018,borrow,30,577,0.0,2,-0.6,-0.6,-0.6100756,0.97096497,0.10691412,0.10691412,1.0,0.001924454,0.018,0.0,0.012,0.6,0.6,-26.521067,2.1361656,0.7120552,0.136,0.0,0.14245294,0.0,0.0
hardzero_only__c0p58__z1p00__lam0p000__nu0p50__psi0p00,0.018,borrow,30,578,0.0,2,-0.6,-0.6,-0.6100561,0.9665836,0.10799817,0.10799817,1.0,0.001943967,0.018,0.0,0.012,0.6,0.6,-26.051622,2.1265264,0.70884216,0.2,0.0,0.12955275,0.0,0.0
hardzero_only__c0p58__z1p00__lam0p000__nu0p50__psi0p00,0.018,borrow,30,579,0.0,2,-0.6,-0.6,-0.61200005,1.0238966,0.0,0.094646245,0.0,0.0,0.018,0.0,0.012,0.6,0.6,-26.83855,2.2526174,0.7508725,0.128,0.0,0.14852521,0.0,0.0
hardzero_only__c0p58__z1p00__lam0p000__nu0p50__psi0p00,0.018,borrow,30,580,0.0,2,-0.6,-0.6,-0.61200005,1.078304,0.0,0.08350182,0.0,0.0,0.018,0.0,0.012,0.6,0.6,-28.507584,2.3723164,0.79077214,0.14400001,0.0,0.16256933,0.0,0.0
hardzero_only__c0p58__z1p00__lam0p000__nu0p50__psi0p00,0.018,borrow,30,581,0.0,2,-0.6,-0.6,-0.609972,0.94819194,0.112669945,0.112669945,1.0,0.002028059,0.018,0.0,0.012,0.6,0.6,-25.165962,2.0860639,0.69535464,0.2,0.008,0.13254154,0.0,0.0
hardzero_only__c0p58__z1p00__lam0p000__nu0p50__psi0p00,0.018,borrow,30,582,0.0,2,-0.6,-0.6,-0.61200005,1.0449542,0.0,0.09016662,0.0,0.0,0.018,0.0,0.012,0.6,0.6,-27.242428,2.2989452,0.7663151,0.136,0.0,0.1870536,0.0,0.0
hardzero_only__c0p58__z1p00__lam0p000__nu0p50__psi0p00,0.018,borrow,30,583,0.0,2,-0.6,-0.6,-0.61200005,1.0161606,0.0,0.09634726,0.0,0.0,0.018,0.0,0.012,0.6,0.6,-26.947285,2.235598,0.7451994,0.18400002,0.0,0.16835392,0.0,0.0
hardzero_only__c0p58__z1p00__lam0p000__nu0p50__psi0p00,0.018,borrow,30,584,0.0,2,-0.6,-0.6,-0.61016077,0.9906187,0.10218362,0.10218362,1.0,0.001839305,0.018,0.0,0.012,0.6,0.6,-26.82663,2.1794047,0.72646827,0.208,0.0,0.17461914,0.0,0.0
hardzero_only__c0p58__z1p00__lam0p000__nu0p50__psi0p00,0.018,borrow,30,585,0.0,2,-0.6,-0.6,-0.61200005,1.0467949,0.0,0.08978528,0.0,0.0,0.018,0.0,0.012,0.6,0.6,-27.538618,2.3029947,0.7676649,0.12,0.0,0.20525402,0.0,0.0
hardzero_only__c0p58__z1p00__lam0p000__nu0p50__psi0p00,0.018,borrow,30,586,0.0,2,-0.6,-0.6,-0.61200005,1.0591714,0.0,0.08726269,0.0,0.0,0.018,0.0,0.012,0.6,0.6,-27.907978,2.3302238,0.77674127,0.096,0.0,0.16783121,0.0,0.0
hardzero_only__c0p58__z1p00__lam0p000__nu0p50__psi0p00,0.018,borrow,30,587,0.0,2,-0.6,-0.6,-0.61200005,1.0469213,0.0,0.089759156,0.0,0.0,0.018,0.0,0.012,0.6,0.6,-27.798466,2.3032727,0.7677576,0.192,0.008,0.18206817,0.0,0.0
hardzero_only__c0p58__z1p00__lam0p000__nu0p50__psi0p00,0.018,borrow,30,588,0.0,2,-0.6,-0.6,-0.61200005,1.0483313,0.0,0.0894682,0.0,0.0,0.018,0.0,0.012,0.6,0.6,-28.721893,2.3063748,0.7687916,0.136,0.0,0.1533255,0.0,0.0
hardzero_only__c0p58__z1p00__lam0p000__nu0p50__psi0p00,0.018,borrow,30,589,0.0,2,-0.6,-0.6,-0.6101857,0.99654275,0.10079923,0.10079923,1.0,0.0018143861,0.018,0.0,0.012,0.6,0.6,-27.264904,2.192438,0.73081267,0.128,0.0,0.13724835,0.0,0.0
hardzero_only__c0p58__z1p00__lam0p000__nu0p50__psi0p00,0.018,borrow,30,590,0.0,2,-0.6,-0.6,-0.61200005,1.0378277,0.0,0.091658406,0.0,0.0,0.018,0.0,0.012,0.6,0.6,-27.415812,2.2832665,0.76108885,0.208,0.0,0.16377136,0.0,0.0
hardzero_only__c0p58__z1p00__lam0p000__nu0p50__psi0p00,0.018,borrow,30,591,0.0,2,-0.6,-0.6,-0.6101847,0.99632335,0.100850165,0.100850165,1.0,0.0018153029,0.018,0.0,0.012,0.6,0.6,-26.613667,2.191955,0.73065174,0.104,0.0,0.13897471,0.0,0.0
hardzero_only__c0p58__z1p00__lam0p000__nu0p50__psi0p00,0.018,borrow,30,592,0.0,2,-0.6,-0.6,-0.61200005,1.0358415,0.0,0.09207856,0.0,0.0,0.018,0.0,0.012,0.6,0.6,-27.003256,2.2788968,0.7596323,0.15200001,0.0,0.16780409,0.0,0.0
hardzero_only__c0p58__z1p00__lam0p000__nu0p50__psi0p00,0.018,borrow,30,593,0.0,2,-0.6,-0.6,-0.61200005,1.0022154,0.0,0.09949118,0.0,0.0,0.018,0.0,0.012,0.6,0.6,-27.402843,2.204918,0.73497266,0.18400002,0.0,0.15025163,0.0,0.0
hardzero_only__c0p58__z1p00__lam0p000__nu0p50__psi0p00,0.018,borrow,30,594,0.0,2,-0.6,-0.6,-0.61200005,1.027582,0.0,0.09384647,0.0,0.0,0.018,0.0,0.012,0.6,0.6,-27.82824,2.2607257,0.75357527,0.072000004,0.0,0.17362422,0.0,0.0
hardzero_only__c0p58__z1p00__lam0p000__nu0p50__psi0p00,0.018,borrow,30,595,0.0,2,-0.6,-0.6,-0.61200005,1.0252159,0.0,0.094359174,0.0,0.0,0.018,0.0,0.012,0.6,0.6,-27.370647,2.2555199,0.75184,0.2,0.0,0.16688351,0.0,0.0
hardzero_only__c0p58__z1p00__lam0p000__nu0p50__psi0p00,0.018,borrow,30,596,0.0,2,-0.6,-0.6,-0.61200005,1.016184,0.0,0.096342064,0.0,0.0,0.018,0.0,0.012,0.6,0.6,-27.027111,2.2356493,0.7452165,0.128,0.0,0.17301528,0.0,0.0
hardzero_only__c0p58__z1p00__lam0p000__nu0p50__psi0p00,0.018,borrow,30,597,0.0,2,-0.6,-0.6,-0.61200005,1.0430392,0.0,0.09056507,0.0,0.0,0.018,0.0,0.012,0.6,0.6,-27.546427,2.294732,0.7649107,0.192,0.0,0.19427231,0.0,0.0
hardzero_only__c0p58__z1p00__lam0p000__nu0p50__psi0p00,0.018,borrow,30,598,0.0,2,-0.6,-0.6,-0.61200005,1.0132453,0.0,0.09699619,0.0,0.0,0.018,0.0,0.012,0.6,0.6,-26.953194,2.2291842,0.7430614,0.16,0.0,0.15492044,0.0,0.0
hardzero_only__c0p58__z1p00__lam0p000__nu0p50__psi0p00,0.018,borrow,30,599,0.0,2,-0.6,-0.6,-0.61013883,0.9854716,0.10340186,0.10340186,1.0,0.0018612334,0.018,0.0,0.012,0.6,0.6,-26.653997,2.1680808,0.7226936,0.16000001,0.0,0.1710934,0.0,0.0
hardzero_only__c0p58__z1p00__lam0p000__nu0p50__psi0p00,0.018,borrow,30,600,0.0,2,-0.6,-0.6,-0.61200005,1.030398,0.0,0.09323994,0.0,0.0,0.018,0.0,0.012,0.6,0.6,-27.176594,2.2669208,0.75564027,0.17600001,0.0,0.16294214,0.0,0.0
hardzero_only__c0p58__z1p00__lam0p000__nu0p50__psi0p00,0.018,borrow,30,601,0.0,2,-0.6,-0.6,-0.61200005,1.0259416,0.0,0.09420163,0.0,0.0,0.018,0.0,0.012,0.6,0.6,-27.344702,2.2571166,0.7523722,0.15200001,0.0,0.17033519,0.0,0.0
hardzero_only__c0p58__z1p00__lam0p000__nu0p50__psi0p00,0.018,borrow,30,602,0.0,2,-0.6,-0.6,-0.61200005,1.013906,0.0,0.09684873,0.0,0.0,0.018,0.0,0.012,0.6,0.6,-26.943842,2.2306378,0.74354595,0.15200001,0.0,0.15934339,0.0,0.0
hardzero_only__c0p58__z1p00__lam0p000__nu0p50__psi0p00,0.018,borrow,30,603,0.0,2,-0.6,-0.6,-0.61017346,0.993635,0.10147639,0.10147639,1.0,0.001826575,0.018,0.0,0.012,0.6,0.6,-27.175936,2.1860406,0.72868025,0.24000001,0.0,0.1539347,0.0,0.0
hardzero_only__c0p58__z1p00__lam0p000__nu0p50__psi0p00,0.018,borrow,30,604,0.0,2,-0.6,-0.6,-0.61017495,0.9939887,0.10139379,0.10139379,1.0,0.0018250882,0.018,0.0,0.012,0.6,0.6,-26.556112,2.1868188,0.72893965,0.136,0.0,0.1602818,0.0,0.0
hardzero_only__c0p58__z1p00__lam0p000__nu0p50__psi0p00,0.018,borrow,30,605,0.0,2,-0.6,-0.6,-0.61200005,1.0309546,0.0,0.093120515,0.0,0.0,0.018,0.0,0.012,0.6,0.6,-26.330137,2.2681453,0.75604844,0.16800001,0.0,0.16824226,0.0,0.0
hardzero_only__c0p58__z1p00__lam0p000__nu0p50__psi0p00,0.018,borrow,30,606,0.0,2,-0.6,-0.6,-0.61200005,1.0333822,0.0,0.09260146,0.0,0.0,0.018,0.0,0.012,0.6,0.6,-27.854548,2.2734861,0.7578287,0.14400001,0.0,0.17894399,0.0,0.0
hardzero_only__c0p58__z1p00__lam0p000__nu0p50__psi0p00,0.018,borrow,30,607,0.0,2,-0.6,-0.6,-0.61200005,1.0501533,0.0,0.089093655,0.0,0.0,0.018,0.0,0.012,0.6,0.6,-28.182343,2.3103833,0.7701278,0.192,0.0,0.15575685,0.0,0.0
hardzero_only__c0p58__z1p00__lam0p000__nu0p50__psi0p00,0.018,borrow,30,608,0.0,2,-0.6,-0.6,-0.61200005,1.0176809,0.0,0.096010596,0.0,0.0,0.018,0.0,0.012,0.6,0.6,-27.889286,2.2389426,0.7463142,0.2,0.0,0.16415673,0.0,0.0
hardzero_only__c0p58__z1p00__lam0p000__nu0p50__psi0p00,0.018,borrow,30,609,0.0,2,-0.6,-0.6,-0.61200005,1.0923156,0.0,0.08085082,0.0,0.0,0.018,0.0,0.012,0.6,0.6,-28.504965,2.4031422,0.80104744,0.16000001,0.0,0.19996794,0.0,0.0
hardzero_only__c0p58__z1p00__lam0p000__nu0p50__psi0p00,0.018,borrow,30,610,0.0,2,-0.6,-0.6,-0.61200005,1.0451071,0.0,0.09013488,0.0,0.0,0.018,0.0,0.012,0.6,0.6,-27.73464,2.2992816,0.7664272,0.16800001,0.0,0.15344158,0.0,0.0
hardzero_only__c0p58__z1p00__lam0p000__nu0p50__psi0p00,0.018,borrow,30,611,0.0,2,-0.6,-0.6,-0.61200005,1.0356591,0.0,0.09211724,0.0,0.0,0.018,0.0,0.012,0.6,0.6,-26.50417,2.2784956,0.75949854,0.17,0.0,0.14350754,0.0,0.0
hardzero_only__c0p58__z1p00__lam0p000__nu0p50__psi0p00,0.018,borrow,30,612,0.0,2,-0.6,-0.6,-0.61200005,1.0276774,0.0,0.09382587,0.0,0.0,0.018,0.0,0.012,0.6,0.6,-27.814106,2.2609355,0.7536452,0.16800001,0.0,0.14224371,0.0,0.0
hardzero_only__c0p58__z1p00__lam0p000__nu0p50__psi0p00,0.018,borrow,30,613,0.0,2,-0.6,-0.6,-0.61200005,1.0071266,0.0,0.09837242,0.0,0.0,0.018,0.0,0.012,0.6,0.6,-27.87044,2.2157228,0.73857427,0.104,0.0,0.15736677,0.0,0.0
hardzero_only__c0p58__z1p00__lam0p000__nu0p50__psi0p00,0.018,borrow,30,614,0.0,2,-0.6,-0.6,-0.61200005,1.0156857,0.0,0.09645269,0.0,0.0,0.018,0.0,0.012,0.6,0.6,-26.78501,2.234553,0.74485105,0.136,0.0,0.15023828,0.0,0.0
hardzero_only__c0p58__z1p00__lam0p000__nu0p50__psi0p00,0.018,borrow,30,615,0.0,2,-0.6,-0.6,-0.61200005,1.0473026,0.0,0.08968038,0.0,0.0,0.018,0.0,0.012,0.6,0.6,-26.914906,2.3041117,0.76803726,0.136,0.0,0.13808253,0.0,0.0
hardzero_only__c0p58__z1p00__lam0p000__nu0p50__psi0p00,0.018,borrow,30,616,0.0,2,-0.6,-0.6,-0.61200005,1.03673,0.0,0.091890365,0.0,0.0,0.018,0.0,0.012,0.6,0.6,-27.510748,2.2808516,0.7602839,0.120000005,0.0,0.1723644,0.0,0.0
hardzero_only__c0p58__z1p00__lam0p000__nu0p50__psi0p00,0.018,borrow,30,617,0.0,2,-0.6,-0.6,-0.61200005,1.0100007,0.0,0.09772356,0.0,0.0,0.018,0.0,0.012,0.6,0.6,-27.419798,2.222046,0.740682,0.208,0.0,0.19084477,0.0,0.0
hardzero_only__c0p58__z1p00__lam0p000__nu0p50__psi0p00,0.018,borrow,30,618,0.0,2,-0.6,-0.6,-0.61200005,1.0643046,0.0,0.086237356,0.0,0.0,0.018,0.0,0.012,0.6,0.6,-28.202978,2.3415167,0.7805056,0.15200001,0.0,0.19464959,0.0,0.0
hardzero_only__c0p58__z1p00__lam0p000__nu0p50__psi0p00,0.018,borrow,30,619,0.0,2,-0.6,-0.6,-0.61016524,0.99168086,0.10193401,0.10193401,1.0,0.0018348121,0.018,0.0,0.012,0.6,0.6,-26.07802,2.1817415,0.7272472,0.192,0.0,0.162415,0.0,0.0
hardzero_only__c0p58__z1p00__lam0p000__nu0p50__psi0p00,0.018,borrow,30,620,0.0,2,-0.6,-0.6,-0.6101333,0.98418623,0.10370835,0.10370835,1.0,0.0018667502,0.018,0.0,0.012,0.6,0.6,-26.981222,2.165253,0.721751,0.208,0.0,0.14052166,0.0,0.0
hardzero_only__c0p58__z1p00__lam0p000__nu0p50__psi0p00,0.018,borrow,30,621,0.0,2,-0.6,-0.6,-0.61019254,0.99819225,0.10041712,0.10041712,1.0,0.0018075082,0.018,0.0,0.012,0.6,0.6,-27.375294,2.1960669,0.7320223,0.16000001,0.0,0.15291005,0.0,0.0
hardzero_only__c0p58__z1p00__lam0p000__nu0p50__psi0p00,0.018,borrow,30,622,0.0,2,-0.6,-0.6,-0.61200005,1.0122793,0.0,0.09721219,0.0,0.0,0.018,0.0,0.012,0.6,0.6,-27.406015,2.227059,0.74235296,0.192,0.0,0.18548739,0.0,0.0
hardzero_only__c0p58__z1p00__lam0p000__nu0p50__psi0p00,0.018,borrow,30,623,0.0,2,-0.6,-0.6,-0.610161,0.9906767,0.102169976,0.102169976,1.0,0.0018390595,0.018,0.0,0.012,0.6,0.6,-26.677637,2.1795323,0.72651076,0.136,0.0,0.14246881,0.0,0.0
hardzero_only__c0p58__z1p00__lam0p000__nu0p50__psi0p00,0.018,borrow,30,624,0.0,2,-0.6,-0.6,-0.61200005,1.0144781,0.0,0.09672124,0.0,0.0,0.018,0.0,0.012,0.6,0.6,-28.425915,2.2318964,0.7439655,0.16,0.0,0.18187518,0.0,0.0
hardzero_only__c0p58__z1p00__lam0p000__nu0p50__psi0p00,0.018,borrow,30,625,0.0,2,-0.6,-0.6,-0.61200005,1.0061826,0.0,0.09858651,0.0,0.0,0.018,0.0,0.012,0.6,0.6,-26.707619,2.2136457,0.7378819,0.16800001,0.0,0.15011626,0.0,0.0
hardzero_only__c0p58__z1p00__lam0p000__nu0p50__psi0p00,0.018,borrow,30,626,0.0,2,-0.6,-0.6,-0.61200005,1.0147207,0.0,0.09666723,0.0,0.0,0.018,0.0,0.012,0.6,0.6,-26.692362,2.23243,0.74414337,0.16800001,0.0,0.14738452,0.0,0.0
hardzero_only__c0p58__z1p00__lam0p000__nu0p50__psi0p00,0.018,borrow,30,627,0.0,2,-0.6,-0.6,-0.61200005,1.0633484,0.0,0.08642741,0.0,0.0,0.018,0.0,0.012,0.6,0.6,-28.500847,2.3394132,0.7798044,0.128,0.0,0.19300662,0.0,0.0
hardzero_only__c0p58__z1p00__lam0p000__nu0p50__psi0p00,0.018,borrow,30,628,0.0,2,-0.6,-0.6,-0.61200005,1.0364673,0.0,0.09194596,0.0,0.0,0.018,0.0,0.012,0.6,0.6,-27.581799,2.2802737,0.76009125,0.14400001,0.0,0.19080748,0.0,0.0
hardzero_only__c0p58__z1p00__lam0p000__nu0p50__psi0p00,0.018,borrow,30,629,0.0,2,-0.6,-0.6,-0.61200005,1.0473589,0.0,0.08966875,0.0,0.0,0.018,0.0,0.012,0.6,0.6,-28.168098,2.3042355,0.7680785,0.14400001,0.0,0.16113618,0.0,0.0
hardzero_only__c0p58__z1p00__lam0p000__nu0p50__psi0p00,0.018,borrow,30,630,0.0,2,-0.6,-0.6,-0.61200005,1.0018097,0.0,0.099584155,0.0,0.0,0.018,0.0,0.012,0.6,0.6,-26.86895,2.2040253,0.7346751,0.23200001,0.0,0.16153093,0.0,0.0
hardzero_only__c0p58__z1p00__lam0p000__nu0p50__psi0p00,0.018,borrow,30,631,0.0,2,-0.6,-0.6,-0.61200005,1.0611097,0.0,0.086874105,0.0,0.0,0.018,0.0,0.012,0.6,0.6,-27.465355,2.334488,0.77816266,0.128,0.0,0.15820283,0.0,0.0
hardzero_only__c0p58__z1p00__lam0p000__nu0p50__psi0p00,0.018,borrow,30,632,0.0,2,-0.6,-0.6,-0.61011404,0.9797307,0.10477778,0.10477778,1.0,0.001886,0.018,0.0,0.012,0.6,0.6,-26.266562,2.1554506,0.71848357,0.2,0.0,0.13955754,0.0,0.0
hardzero_only__c0p58__z1p00__lam0p000__nu0p50__psi0p00,0.018,borrow,30,633,0.0,2,-0.6,-0.6,-0.61003596,0.9621156,0.10911499,0.10911499,1.0,0.0019640697,0.018,0.0,0.012,0.6,0.6,-25.921068,2.1166966,0.7055656,0.17600001,0.0,0.14565626,0.0,0.0
hardzero_only__c0p58__z1p00__lam0p000__nu0p50__psi0p00,0.018,borrow,30,634,0.0,2,-0.6,-0.6,-0.61015093,0.9883018,0.10273021,0.10273021,1.0,0.0018491436,0.018,0.0,0.012,0.6,0.6,-26.983034,2.1743073,0.7247691,0.208,0.0,0.16064651,0.0,0.0
hardzero_only__c0p58__z1p00__lam0p000__nu0p50__psi0p00,0.018,borrow,30,635,0.0,2,-0.6,-0.6,-0.61200005,1.0018697,0.0,0.09957041,0.0,0.0,0.018,0.0,0.012,0.6,0.6,-27.224606,2.2041574,0.73471916,0.128,0.0,0.17308554,0.0,0.0
hardzero_only__c0p58__z1p00__lam0p000__nu0p50__psi0p00,0.018,borrow,30,636,0.0,2,-0.6,-0.6,-0.61200005,1.028583,0.0,0.0936304,0.0,0.0,0.018,0.0,0.012,0.6,0.6,-27.496334,2.2629278,0.7543093,0.2,0.0,0.17512958,0.0,0.0
hardzero_only__c0p58__z1p00__lam0p000__nu0p50__psi0p00,0.018,borrow,30,637,0.0,2,-0.6,-0.6,-0.6100254,0.9597785,0.10970376,0.10970376,1.0,0.0019746674,0.018,0.0,0.012,0.6,0.6,-26.406479,2.1115549,0.70385164,0.17999999,0.0,0.1524424,0.0,0.0
hardzero_only__c0p58__z1p00__lam0p000__nu0p50__psi0p00,0.018,borrow,30,638,0.0,2,-0.6,-0.6,-0.61200005,1.0106237,0.0,0.09758347,0.0,0.0,0.018,0.0,0.012,0.6,0.6,-27.229548,2.2234166,0.7411389,0.104,0.0,0.14167596,0.0,0.0
hardzero_only__c0p58__z1p00__lam0p000__nu0p50__psi0p00,0.018,borrow,30,639,0.0,2,-0.6,-0.6,-0.610032,0.9612432,0.10933439,0.10933439,1.0,0.001968019,0.018,0.0,0.012,0.6,0.6,-26.038866,2.1147773,0.7049258,0.104,0.0,0.14153893,0.0,0.0
hardzero_only__c0p58__z1p00__lam0p000__nu0p50__psi0p00,0.018,borrow,30,640,0.0,2,-0.6,-0.6,-0.6101792,0.995001,0.1011577,0.1011577,1.0,0.0018208385,0.018,0.0,0.012,0.6,0.6,-26.604973,2.189046,0.72968197,0.16000001,0.0,0.15277676,0.0,0.0
hardzero_only__c0p58__z1p00__lam0p000__nu0p50__psi0p00,0.018,borrow,30,641,0.0,2,-0.6,-0.6,-0.61200005,1.0762401,0.0,0.08389961,0.0,0.0,0.018,0.0,0.012,0.6,0.6,-28.34503,2.3677754,0.7892585,0.15200001,0.0,0.17633606,0.0,0.0
hardzero_only__c0p58__z1p00__lam0p000__nu0p50__psi0p00,0.018,borrow,30,642,0.0,2,-0.6,-0.6,-0.61200005,1.0107428,0.0,0.097556725,0.0,0.0,0.018,0.0,0.012,0.6,0.6,-26.684671,2.2236786,0.7412262,0.216,0.0,0.15685858,0.0,0.0
hardzero_only__c0p58__z1p00__lam0p000__nu0p50__psi0p00,0.018,borrow,30,643,0.0,2,-0.6,-0.6,-0.61200005,1.0559202,0.0,0.0879184,0.0,0.0,0.018,0.0,0.012,0.6,0.6,-27.133846,2.323071,0.774357,0.14400001,0.0,0.14915395,0.0,0.0
hardzero_only__c0p58__z1p00__lam0p000__nu0p50__psi0p00,0.018,borrow,30,644,0.0,2,-0.6,-0.6,-0.61200005,1.0068115,0.0,0.09844382,0.0,0.0,0.018,0.0,0.012,0.6,0.6,-26.188822,2.2150295,0.7383432,0.15200001,0.0,0.15577553,0.0,0.0
hardzero_only__c0p58__z1p00__lam0p000__nu0p50__psi0p00,0.018,borrow,30,645,0.0,2,-0.6,-0.6,-0.61010575,0.977821,0.10523955,0.10523955,1.0,0.0018943117,0.018,0.0,0.012,0.6,0.6,-26.25266,2.1512492,0.7170831,0.16000001,0.0,0.1279154,0.0,0.0
hardzero_only__c0p58__z1p00__lam0p000__nu0p50__psi0p00,0.018,borrow,30,646,0.0,2,-0.6,-0.6,-0.6100479,0.9647572,0.1084533,0.1084533,1.0,0.0019521593,0.018,0.0,0.012,0.6,0.6,-25.941189,2.1225083,0.7075028,0.216,0.0,0.17253065,0.0,0.0
hardzero_only__c0p58__z1p00__lam0p000__nu0p50__psi0p00,0.018,borrow,30,647,0.0,2,-0.6,-0.6,-0.61200005,1.0128974,0.0,0.09707394,0.0,0.0,0.018,0.0,0.012,0.6,0.6,-28.493502,2.2284186,0.7428062,0.18400002,0.0,0.15879363,0.0,0.0
hardzero_only__c0p58__z1p00__lam0p000__nu0p50__psi0p00,0.018,borrow,30,648,0.0,2,-0.6,-0.6,-0.61200005,1.06735,0.0,0.08563473,0.0,0.0,0.018,0.0,0.012,0.6,0.6,-28.073462,2.348217,0.78273904,0.08800001,0.0,0.15552466,0.0,0.0
hardzero_only__c0p58__z1p00__lam0p000__nu0p50__psi0p00,0.018,borrow,30,649,0.0,2,-0.6,-0.6,-0.6101337,0.9842865,0.10368442,0.10368442,1.0,0.0018663194,0.018,0.0,0.012,0.6,0.6,-27.340508,2.1654735,0.7218245,0.216,0.008,0.1885792,0.0,0.0
hardzero_only__c0p58__z1p00__lam0p000__nu0p50__psi0p00,0.018,borrow,30,650,0.0,2,-0.6,-0.6,-0.61200005,1.046389,0.0,0.08986922,0.0,0.0,0.018,0.0,0.012,0.6,0.6,-27.365797,2.3021016,0.76736724,0.14999999,0.0,0.13327111,0.0,0.0
hardzero_only__c0p58__z1p00__lam0p000__nu0p50__psi0p00,0.018,borrow,30,651,0.0,2,-0.6,-0.6,-0.61200005,1.0268432,0.0,0.094006255,0.0,0.0,0.018,0.0,0.012,0.6,0.6,-26.210205,2.2591002,0.7530334,0.104,0.0,0.14823492,0.0,0.0
hardzero_only__c0p58__z1p00__lam0p000__nu0p50__psi0p00,0.018,borrow,30,652,0.0,2,-0.6,-0.6,-0.61200005,1.0409864,0.0,0.09099417,0.0,0.0,0.018,0.0,0.012,0.6,0.6,-27.604502,2.290216,0.7634053,0.120000005,0.0,0.16944556,0.0,0.0
hardzero_only__c0p58__z1p00__lam0p000__nu0p50__psi0p00,0.018,borrow,30,653,0.0,2,-0.6,-0.6,-0.61200005,1.0283388,0.0,0.09368308,0.0,0.0,0.018,0.0,0.012,0.6,0.6,-27.002872,2.2623906,0.75413024,0.17600001,0.0,0.14354137,0.0,0.0
hardzero_only__c0p58__z1p00__lam0p000__nu0p50__psi0p00,0.018,borrow,30,654,0.0,2,-0.6,-0.6,-0.61200005,1.0283409,0.0,0.09368263,0.0,0.0,0.018,0.0,0.012,0.6,0.6,-27.351557,2.2623951,0.75413173,0.16800001,0.0,0.12826158,0.0,0.0
hardzero_only__c0p58__z1p00__lam0p000__nu0p50__psi0p00,0.018,borrow,30,655,0.0,2,-0.6,-0.6,-0.610197,0.99927336,0.10016746,0.10016746,1.0,0.0018030142,0.018,0.0,0.012,0.6,0.6,-27.262684,2.1984453,0.73281515,0.18400002,0.0,0.15130837,0.0,0.0
hardzero_only__c0p58__z1p00__lam0p000__nu0p50__psi0p00,0.018,borrow,30,656,0.0,2,-0.6,-0.6,-0.61200005,1.0152383,0.0,0.0965521,0.0,0.0,0.018,0.0,0.012,0.6,0.6,-27.058681,2.233569,0.744523,0.192,0.0,0.1693335,0.0,0.0
hardzero_only__c0p58__z1p00__lam0p000__nu0p50__psi0p00,0.018,borrow,30,657,0.0,2,-0.6,-0.6,-0.61200005,1.0325333,0.0,0.09278264,0.0,0.0,0.018,0.0,0.012,0.6,0.6,-26.579308,2.2716186,0.7572062,0.128,0.0,0.1656395,0.0,0.0
hardzero_only__c0p58__z1p00__lam0p000__nu0p50__psi0p00,0.018,borrow,30,658,0.0,2,-0.6,-0.6,-0.61200005,1.0095204,0.0,0.09783169,0.0,0.0,0.018,0.0,0.012,0.6,0.6,-26.254002,2.2209892,0.74032974,0.096,0.0,0.17699856,0.0,0.0
hardzero_only__c0p58__z1p00__lam0p000__nu0p50__psi0p00,0.018,borrow,30,659,0.0,2,-0.6,-0.6,-0.61018693,0.9968421,0.10072977,0.10072977,1.0,0.0018131358,0.018,0.0,0.012,0.6,0.6,-25.970259,2.1930964,0.73103213,0.128,0.0,0.1383023,0.0,0.0
hardzero_only__c0p58__z1p00__lam0p000__nu0p50__psi0p00,0.018,borrow,30,660,0.0,2,-0.6,-0.6,-0.61200005,1.0016063,0.0,0.0996308,0.0,0.0,0.018,0.0,0.012,0.6,0.6,-27.02345,2.203578,0.73452604,0.16000001,0.0,0.15060253,0.0,0.0
hardzero_only__c0p58__z1p00__lam0p000__nu0p50__psi0p00,0.018,borrow,30,661,0.0,2,-0.6,-0.6,-0.61200005,1.0373459,0.0,0.09176015,0.0,0.0,0.018,0.0,0.012,0.6,0.6,-27.013338,2.2822065,0.7607355,0.15200001,0.0,0.14993402,0.0,0.0
hardzero_only__c0p58__z1p00__lam0p000__nu0p50__psi0p00,0.018,borrow,30,662,0.0,2,-0.6,-0.6,-0.61200005,1.0089202,0.0,0.09796699,0.0,0.0,0.018,0.0,0.012,0.6,0.6,-28.113075,2.2196686,0.73988956,0.17600001,0.0,0.17075449,0.0,0.0
hardzero_only__c0p58__z1p00__lam0p000__nu0p50__psi0p00,0.018,borrow,30,663,0.0,2,-0.6,-0.6,-0.61007583,0.97102165,0.10690014,0.10690014,1.0,0.0019242024,0.018,0.0,0.012,0.6,0.6,-26.771593,2.1362903,0.7120968,0.17,0.0,0.14895299,0.0,0.0
hardzero_only__c0p58__z1p00__lam0p000__nu0p50__psi0p00,0.018,borrow,30,664,0.0,2,-0.6,-0.6,-0.61200005,1.0008409,0.0,0.09980656,0.0,0.0,0.018,0.0,0.012,0.6,0.6,-27.283518,2.201894,0.7339647,0.192,0.0,0.21477173,0.0,0.0
hardzero_only__c0p58__z1p00__lam0p000__nu0p50__psi0p00,0.018,borrow,30,665,0.0,2,-0.6,-0.6,-0.61009914,0.97630525,0.1056075,0.1056075,1.0,0.001900935,0.018,0.0,0.012,0.6,0.6,-25.893541,2.1479144,0.71597147,0.192,0.0,0.13737415,0.0,0.0
hardzero_only__c0p58__z1p00__lam0p000__nu0p50__psi0p00,0.018,borrow,30,666,0.0,2,-0.6,-0.6,-0.61200005,1.0477192,0.0,0.08959438,0.0,0.0,0.018,0.0,0.012,0.6,0.6,-28.501595,2.3050284,0.76834285,0.112,0.0,0.15479021,0.0,0.0
hardzero_only__c0p58__z1p00__lam0p000__nu0p50__psi0p00,0.018,borrow,30,667,0.0,2,-0.6,-0.6,-0.6100289,0.96055245,0.10950842,0.10950842,1.0,0.0019711514,0.018,0.0,0.012,0.6,0.6,-26.665718,2.1132576,0.70441926,0.224,0.0,0.14127079,0.0,0.0
hardzero_only__c0p58__z1p00__lam0p000__nu0p50__psi0p00,0.018,borrow,30,668,0.0,2,-0.6,-0.6,-0.61200005,1.054476,0.0,0.08821126,0.0,0.0,0.018,0.0,0.012,0.6,0.6,-27.89099,2.3198936,0.7732979,0.17600001,0.0,0.18157375,0.0,0.0
hardzero_only__c0p58__z1p00__lam0p000__nu0p50__psi0p00,0.018,borrow,30,669,0.0,2,-0.6,-0.6,-0.61200005,1.0280926,0.0,0.09373622,0.0,0.0,0.018,0.0,0.012,0.6,0.6,-26.78073,2.261849,0.75394964,0.128,0.0,0.16001259,0.0,0.0
hardzero_only__c0p58__z1p00__lam0p000__nu0p50__psi0p00,0.018,borrow,30,670,0.0,2,-0.6,-0.6,-0.61019444,0.99864745,0.10031193,0.10031193,1.0,0.0018056146,0.018,0.0,0.012,0.6,0.6,-26.786133,2.1970682,0.7323561,0.128,0.0,0.16395892,0.0,0.0
hardzero_only__c0p58__z1p00__lam0p000__nu0p50__psi0p00,0.018,borrow,30,671,0.0,2,-0.6,-0.6,-0.61200005,1.0366352,0.0,0.09191044,0.0,0.0,0.018,0.0,0.012,0.6,0.6,-27.555061,2.280643,0.7602143,0.17600001,0.0,0.17862946,0.0,0.0
hardzero_only__c0p58__z1p00__lam0p000__nu0p50__psi0p00,0.018,borrow,30,672,0.0,2,-0.6,-0.6,-0.61009365,0.9750615,0.10591038,0.10591038,1.0,0.0019063868,0.018,0.0,0.012,0.6,0.6,-26.199303,2.145178,0.7150594,0.136,0.0,0.1676356,0.0,0.0
hardzero_only__c0p58__z1p00__lam0p000__nu0p50__psi0p00,0.018,borrow,30,673,0.0,2,-0.6,-0.6,-0.61200005,1.0591342,0.0,0.08727016,0.0,0.0,0.018,0.0,0.012,0.6,0.6,-28.02159,2.3301418,0.77671397,0.096,0.0,0.18476745,0.0,0.0
hardzero_only__c0p58__z1p00__lam0p000__nu0p50__psi0p00,0.018,borrow,30,674,0.0,2,-0.6,-0.6,-0.61200005,1.1010383,0.0,0.07924314,0.0,0.0,0.018,0.0,0.012,0.6,0.6,-28.716532,2.4223328,0.8074443,0.15200001,0.0,0.17819975,0.0,0.0
hardzero_only__c0p58__z1p00__lam0p000__nu0p50__psi0p00,0.018,borrow,30,675,0.0,2,-0.6,-0.6,-0.61200005,1.0687665,0.0,0.085355885,0.0,0.0,0.018,0.0,0.012,0.6,0.6,-27.76994,2.3513331,0.7837777,0.14400001,0.0,0.13941696,0.0,0.0
hardzero_only__c0p58__z1p00__lam0p000__nu0p50__psi0p00,0.018,borrow,30,676,0.0,2,-0.6,-0.6,-0.61200005,1.045143,0.0,0.090127416,0.0,0.0,0.018,0.0,0.012,0.6,0.6,-28.095634,2.2993605,0.7664535,0.14,0.0,0.19020462,0.0,0.0
hardzero_only__c0p58__z1p00__lam0p000__nu0p50__psi0p00,0.018,borrow,30,677,0.0,2,-0.6,-0.6,-0.61200005,1.0272685,0.0,0.09391425,0.0,0.0,0.018,0.0,0.012,0.6,0.6,-27.69426,2.260036,0.7533454,0.17600001,0.0,0.20126966,0.0,0.0
hardzero_only__c0p58__z1p00__lam0p000__nu0p50__psi0p00,0.018,borrow,30,678,0.0,2,-0.6,-0.6,-0.61200005,1.1012689,0.0,0.07920107,0.0,0.0,0.018,0.0,0.012,0.6,0.6,-28.197208,2.4228399,0.8076133,0.072000004,0.0,0.18723243,0.0,0.0
hardzero_only__c0p58__z1p00__lam0p000__nu0p50__psi0p00,0.018,borrow,30,679,0.0,2,-0.6,-0.6,-0.61200005,1.004351,0.0,0.09900314,0.0,0.0,0.018,0.0,0.012,0.6,0.6,-26.3323,2.2096164,0.7365388,0.18400002,0.0,0.1230961,0.0,0.0
hardzero_only__c0p58__z1p00__lam0p000__nu0p50__psi0p00,0.018,borrow,30,680,0.0,2,-0.6,-0.6,-0.61200005,1.0246109,0.0,0.0944907,0.0,0.0,0.018,0.0,0.012,0.6,0.6,-27.738394,2.254189,0.75139636,0.16800001,0.0,0.1653614,0.0,0.0
hardzero_only__c0p58__z1p00__lam0p000__nu0p50__psi0p00,0.018,borrow,30,681,0.0,2,-0.6,-0.6,-0.6100759,0.9710285,0.106898464,0.106898464,1.0,0.0019241723,0.018,0.0,0.012,0.6,0.6,-26.143414,2.1363053,0.7121018,0.224,0.0,0.12694007,0.0,0.0
hardzero_only__c0p58__z1p00__lam0p000__nu0p50__psi0p00,0.018,borrow,30,682,0.0,2,-0.6,-0.6,-0.61200005,1.0538831,0.0,0.08833176,0.0,0.0,0.018,0.0,0.012,0.6,0.6,-27.633268,2.318589,0.77286303,0.14400001,0.0,0.16323705,0.0,0.0
hardzero_only__c0p58__z1p00__lam0p000__nu0p50__psi0p00,0.018,borrow,30,683,0.0,2,-0.6,-0.6,-0.61015296,0.98879117,0.10261452,0.10261452,1.0,0.0018470613,0.018,0.0,0.012,0.6,0.6,-27.324965,2.175384,0.72512805,0.15200001,0.008,0.16872859,0.0,0.0
hardzero_only__c0p58__z1p00__lam0p000__nu0p50__psi0p00,0.018,borrow,30,684,0.0,2,-0.6,-0.6,-0.61014915,0.98789424,0.102826655,0.102826655,1.0,0.0018508798,0.018,0.0,0.012,0.6,0.6,-26.719805,2.1734107,0.72447026,0.17600001,0.0,0.13063033,0.0,0.0
hardzero_only__c0p58__z1p00__lam0p000__nu0p50__psi0p00,0.018,borrow,30,685,0.0,2,-0.6,-0.6,-0.61200005,1.0402918,0.0,0.09113982,0.0,0.0,0.018,0.0,0.012,0.6,0.6,-27.951363,2.2886877,0.76289594,0.192,0.0,0.18197756,0.0,0.0
hardzero_only__c0p58__z1p00__lam0p000__nu0p50__psi0p00,0.018,borrow,30,686,0.0,2,-0.6,-0.6,-0.61200005,1.0036656,0.0,0.099159524,0.0,0.0,0.018,0.0,0.012,0.6,0.6,-27.437588,2.2081084,0.7360362,0.192,0.0,0.15941958,0.0,0.0
hardzero_only__c0p58__z1p00__lam0p000__nu0p50__psi0p00,0.018,borrow,30,687,0.0,2,-0.6,-0.6,-0.61002904,0.96058065,0.10950132,0.10950132,1.0,0.0019710236,0.018,0.0,0.012,0.6,0.6,-26.761963,2.1133196,0.7044399,0.080000006,0.0,0.13941288,0.0,0.0
hardzero_only__c0p58__z1p00__lam0p000__nu0p50__psi0p00,0.018,borrow,30,688,0.0,2,-0.6,-0.6,-0.6101634,0.99124783,0.102035694,0.102035694,1.0,0.0018366424,0.018,0.0,0.012,0.6,0.6,-26.67775,2.1807888,0.7269296,0.18400002,0.0,0.16481857,0.0,0.0
hardzero_only__c0p58__z1p00__lam0p000__nu0p50__psi0p00,0.018,borrow,30,689,0.0,2,-0.6,-0.6,-0.61200005,1.0214779,0.0,0.09517483,0.0,0.0,0.018,0.0,0.012,0.6,0.6,-26.922812,2.2472963,0.7490988,0.12,0.0,0.13964036,0.0,0.0
hardzero_only__c0p58__z1p00__lam0p000__nu0p50__psi0p00,0.018,borrow,30,690,0.0,2,-0.6,-0.6,-0.6101246,0.98216623,0.104191855,0.104191855,1.0,0.0018754533,0.018,0.0,0.012,0.6,0.6,-25.603075,2.1608088,0.7202696,0.17600001,0.0,0.15155475,0.0,0.0
hardzero_only__c0p58__z1p00__lam0p000__nu0p50__psi0p00,0.018,borrow,30,691,0.0,2,-0.6,-0.6,-0.61200005,1.0505868,0.0,0.08900476,0.0,0.0,0.018,0.0,0.012,0.6,0.6,-27.903656,2.3113372,0.77044576,0.16000001,0.0,0.1665463,0.0,0.0
hardzero_only__c0p58__z1p00__lam0p000__nu0p50__psi0p00,0.018,borrow,30,692,0.0,2,-0.6,-0.6,-0.61200005,1.0436031,0.0,0.09044758,0.0,0.0,0.018,0.0,0.012,0.6,0.6,-27.630095,2.2959726,0.76532423,0.14400001,0.0,0.18939741,0.0,0.0
hardzero_only__c0p58__z1p00__lam0p000__nu0p50__psi0p00,0.018,borrow,30,693,0.0,2,-0.6,-0.6,-0.61200005,1.0716134,0.0,0.08479819,0.0,0.0,0.018,0.0,0.012,0.6,0.6,-26.75118,2.3575966,0.78586555,0.128,0.0,0.17441289,0.0,0.0
hardzero_only__c0p58__z1p00__lam0p000__nu0p50__psi0p00,0.018,borrow,30,694,0.0,2,-0.6,-0.6,-0.61200005,1.0170246,0.0,0.09615576,0.0,0.0,0.018,0.0,0.012,0.6,0.6,-27.34872,2.237499,0.74583304,0.23200001,0.0,0.16230486,0.0,0.0
hardzero_only__c0p58__z1p00__lam0p000__nu0p50__psi0p00,0.018,borrow,30,695,0.0,2,-0.6,-0.6,-0.61200005,1.0450068,0.0,0.0901557,0.0,0.0,0.018,0.0,0.012,0.6,0.6,-27.562923,2.2990608,0.7663536,0.16800001,0.0,0.15510996,0.0,0.0
hardzero_only__c0p58__z1p00__lam0p000__nu0p50__psi0p00,0.018,borrow,30,696,0.0,2,-0.6,-0.6,-0.61200005,1.0431924,0.0,0.09053314,0.0,0.0,0.018,0.0,0.012,0.6,0.6,-28.268919,2.295069,0.765023,0.14400001,0.0,0.17535438,0.0,0.0
hardzero_only__c0p58__z1p00__lam0p000__nu0p50__psi0p00,0.018,borrow,30,697,0.0,2,-0.6,-0.6,-0.61200005,1.0374792,0.0,0.091731995,0.0,0.0,0.018,0.0,0.012,0.6,0.6,-27.8579,2.2824998,0.76083326,0.112,0.0,0.18166591,0.0,0.0
hardzero_only__c0p58__z1p00__lam0p000__nu0p50__psi0p00,0.018,borrow,30,698,0.0,2,-0.6,-0.6,-0.6099182,0.9368211,0.11565884,0.11565884,1.0,0.0020818592,0.018,0.0,0.012,0.6,0.6,-26.252522,2.0610476,0.6870159,0.23200001,0.0,0.15621243,0.0,0.0
hardzero_only__c0p58__z1p00__lam0p000__nu0p50__psi0p00,0.018,borrow,30,699,0.0,2,-0.6,-0.6,-0.61200005,1.0045688,0.0,0.098953515,0.0,0.0,0.018,0.0,0.012,0.6,0.6,-26.717943,2.2100954,0.7366985,0.16000001,0.0,0.14518207,0.0,0.0
hardzero_only__c0p58__z1p00__lam0p000__nu0p50__psi0p00,0.018,borrow,30,700,0.0,2,-0.6,-0.6,-0.61200005,1.0362977,0.0,0.09198188,0.0,0.0,0.018,0.0,0.012,0.6,0.6,-27.081457,2.2799003,0.7599668,0.216,0.0,0.16544245,0.0,0.0
hardzero_only__c0p58__z1p00__lam0p000__nu0p50__psi0p00,0.018,borrow,30,701,0.0,2,-0.6,-0.6,-0.6101141,0.9797457,0.10477419,0.10477419,1.0,0.0018859354,0.018,0.0,0.012,0.6,0.6,-27.017769,2.1554835,0.71849453,0.17600001,0.0,0.16349529,0.0,0.0
hardzero_only__c0p58__z1p00__lam0p000__nu0p50__psi0p00,0.018,borrow,30,702,0.0,2,-0.6,-0.6,-0.61200005,1.0511357,0.0,0.08889233,0.0,0.0,0.018,0.0,0.012,0.6,0.6,-27.882982,2.3125446,0.7708482,0.17999999,0.0,0.16824286,0.0,0.0
hardzero_only__c0p58__z1p00__lam0p000__nu0p50__psi0p00,0.018,borrow,30,703,0.0,2,-0.6,-0.6,-0.61200005,1.0319669,0.0,0.09290372,0.0,0.0,0.018,0.0,0.012,0.6,0.6,-27.386635,2.2703726,0.7567909,0.216,0.0,0.18034475,0.0,0.0
hardzero_only__c0p58__z1p00__lam0p000__nu0p50__psi0p00,0.018,borrow,30,704,0.0,2,-0.6,-0.6,-0.6101052,0.97770333,0.10526805,0.10526805,1.0,0.0018948249,0.018,0.0,0.012,0.6,0.6,-25.866594,2.1509902,0.7169968,0.14400001,0.0,0.13390504,0.0,0.0
hardzero_only__c0p58__z1p00__lam0p000__nu0p50__psi0p00,0.018,borrow,30,705,0.0,2,-0.6,-0.6,-0.61200005,1.0335861,0.0,0.09255798,0.0,0.0,0.018,0.0,0.012,0.6,0.6,-27.741137,2.2739348,0.7579783,0.208,0.0,0.2089025,0.0,0.0
hardzero_only__c0p58__z1p00__lam0p000__nu0p50__psi0p00,0.018,borrow,30,706,0.0,2,-0.6,-0.6,-0.61004883,0.96496576,0.10840125,0.10840125,1.0,0.0019512223,0.018,0.0,0.012,0.6,0.6,-25.843922,2.122967,0.70765567,0.15200001,0.0,0.16026461,0.0,0.0
hardzero_only__c0p58__z1p00__lam0p000__nu0p50__psi0p00,0.018,borrow,30,707,0.0,2,-0.6,-0.6,-0.61200005,1.0141594,0.0,0.09679224,0.0,0.0,0.018,0.0,0.012,0.6,0.6,-26.417604,2.2311954,0.74373186,0.072000004,0.0,0.15080746,0.0,0.0
hardzero_only__c0p58__z1p00__lam0p000__nu0p50__psi0p00,0.018,borrow,30,708,0.0,2,-0.6,-0.6,-0.61200005,1.0345724,0.0,0.092348024,0.0,0.0,0.018,0.0,0.012,0.6,0.6,-27.536783,2.2761047,0.75870156,0.18400002,0.0,0.17764613,0.0,0.0
hardzero_only__c0p58__z1p00__lam0p000__nu0p50__psi0p00,0.018,borrow,30,709,0.0,2,-0.6,-0.6,-0.61200005,1.0035751,0.0,0.09918019,0.0,0.0,0.018,0.0,0.012,0.6,0.6,-27.82779,2.2079093,0.7359698,0.18400002,0.0,0.14924674,0.0,0.0
hardzero_only__c0p58__z1p00__lam0p000__nu0p50__psi0p00,0.018,borrow,30,710,0.0,2,-0.6,-0.6,-0.6101661,0.99188524,0.10188605,0.10188605,1.0,0.0018339488,0.018,0.0,0.012,0.6,0.6,-26.949715,2.1821911,0.7273971,0.18400002,0.0,0.12620878,0.0,0.0
hardzero_only__c0p58__z1p00__lam0p000__nu0p50__psi0p00,0.018,borrow,30,711,0.0,2,-0.6,-0.6,-0.61200005,1.0269771,0.0,0.09397728,0.0,0.0,0.018,0.0,0.012,0.6,0.6,-26.79709,2.2593946,0.75313157,0.112,0.0,0.15813671,0.0,0.0
hardzero_only__c0p58__z1p00__lam0p000__nu0p50__psi0p00,0.018,borrow,30,712,0.0,2,-0.6,-0.6,-0.6101647,0.99155873,0.101962686,0.101962686,1.0,0.0018353283,0.018,0.0,0.012,0.6,0.6,-26.608967,2.1814728,0.7271576,0.16000001,0.0,0.16442809,0.0,0.0
hardzero_only__c0p58__z1p00__lam0p000__nu0p50__psi0p00,0.018,borrow,30,713,0.0,2,-0.6,-0.6,-0.6100259,0.95989454,0.10967444,0.10967444,1.0,0.0019741398,0.018,0.0,0.012,0.6,0.6,-25.570522,2.1118102,0.70393676,0.16000001,0.0,0.11483372,0.0,0.0
hardzero_only__c0p58__z1p00__lam0p000__nu0p50__psi0p00,0.018,borrow,30,714,0.0,2,-0.6,-0.6,-0.61200005,1.0338662,0.0,0.0924983,0.0,0.0,0.018,0.0,0.012,0.6,0.6,-27.293537,2.274551,0.75818366,0.14400001,0.0,0.21435964,0.0,0.0
hardzero_only__c0p58__z1p00__lam0p000__nu0p50__psi0p00,0.018,borrow,30,715,0.0,2,-0.6,-0.6,-0.61200005,1.0173571,0.0,0.0960822,0.0,0.0,0.018,0.0,0.012,0.6,0.6,-27.493149,2.2382305,0.7460768,0.19,0.02,0.1598423,0.0,0.0
hardzero_only__c0p58__z1p00__lam0p000__nu0p50__psi0p00,0.018,borrow,30,716,0.0,2,-0.6,-0.6,-0.61200005,1.0298666,0.0,0.09335409,0.0,0.0,0.018,0.0,0.012,0.6,0.6,-28.090683,2.2657518,0.75525063,0.16800001,0.0,0.15507485,0.0,0.0
hardzero_only__c0p58__z1p00__lam0p000__nu0p50__psi0p00,0.018,borrow,30,717,0.0,2,-0.6,-0.6,-0.61200005,1.033191,0.0,0.09264223,0.0,0.0,0.018,0.0,0.012,0.6,0.6,-26.973284,2.2730656,0.7576885,0.16800001,0.0,0.14936167,0.0,0.0
hardzero_only__c0p58__z1p00__lam0p000__nu0p50__psi0p00,0.018,borrow,30,718,0.0,2,-0.6,-0.6,-0.61013967,0.98567426,0.10335362,0.10335362,1.0,0.001860365,0.018,0.0,0.012,0.6,0.6,-26.162712,2.1685266,0.7228422,0.17600001,0.0,0.14046,0.0,0.0
hardzero_only__c0p58__z1p00__lam0p000__nu0p50__psi0p00,0.018,borrow,30,719,0.0,2,-0.6,-0.6,-0.61200005,1.0098968,0.0,0.09774695,0.0,0.0,0.018,0.0,0.012,0.6,0.6,-26.861328,2.2218173,0.7406058,0.16000001,0.0,0.16671237,0.0,0.0
hardzero_only__c0p58__z1p00__lam0p000__nu0p50__psi0p00,0.018,borrow,30,720,0.0,2,-0.6,-0.6,-0.610125,0.982262,0.10416888,0.10416888,1.0,0.0018750397,0.018,0.0,0.012,0.6,0.6,-26.894125,2.1610196,0.7203399,0.16000001,0.0,0.1534161,0.0,0.0
hardzero_only__c0p58__z1p00__lam0p000__nu0p50__psi0p00,0.018,borrow,30,721,0.0,2,-0.6,-0.6,-0.61200005,1.0638831,0.0,0.08632109,0.0,0.0,0.018,0.0,0.012,0.6,0.6,-28.549099,2.3405895,0.78019655,0.17600001,0.0,0.17497033,0.0,0.0
hardzero_only__c0p58__z1p00__lam0p000__nu0p50__psi0p00,0.018,borrow,30,722,0.0,2,-0.6,-0.6,-0.61200005,1.0557425,0.0,0.08795437,0.0,0.0,0.018,0.0,0.012,0.6,0.6,-27.32462,2.32268,0.77422667,0.14400001,0.008,0.17044787,0.0,0.0
hardzero_only__c0p58__z1p00__lam0p000__nu0p50__psi0p00,0.018,borrow,30,723,0.0,2,-0.6,-0.6,-0.61004555,0.9642361,0.108583525,0.108583525,1.0,0.0019545034,0.018,0.0,0.012,0.6,0.6,-25.57038,2.1213617,0.7071206,0.264,0.0,0.15156722,0.0,0.0
hardzero_only__c0p58__z1p00__lam0p000__nu0p50__psi0p00,0.018,borrow,30,724,0.0,2,-0.6,-0.6,-0.61200005,1.0679452,0.0,0.08551744,0.0,0.0,0.018,0.0,0.012,0.6,0.6,-27.722916,2.3495264,0.78317547,0.120000005,0.0,0.19457419,0.0,0.0
hardzero_only__c0p58__z1p00__lam0p000__nu0p50__psi0p00,0.018,borrow,30,725,0.0,2,-0.6,-0.6,-0.6101529,0.98877025,0.10261946,0.10261946,1.0,0.0018471503,0.018,0.0,0.012,0.6,0.6,-26.936342,2.175338,0.7251127,0.17600001,0.0,0.1534509,0.0,0.0
hardzero_only__c0p58__z1p00__lam0p000__nu0p50__psi0p00,0.018,borrow,30,726,0.0,2,-0.6,-0.6,-0.61200005,1.0033376,0.0,0.099234425,0.0,0.0,0.018,0.0,0.012,0.6,0.6,-26.596693,2.2073867,0.7357956,0.2,0.0,0.16011511,0.0,0.0
hardzero_only__c0p58__z1p00__lam0p000__nu0p50__psi0p00,0.018,borrow,30,727,0.0,2,-0.6,-0.6,-0.6101648,0.99157846,0.101958044,0.101958044,1.0,0.0018352447,0.018,0.0,0.012,0.6,0.6,-27.568293,2.1815162,0.7271721,0.192,0.0,0.18755181,0.0,0.0
hardzero_only__c0p58__z1p00__lam0p000__nu0p50__psi0p00,0.018,borrow,30,728,0.0,2,-0.6,-0.6,-0.61200005,1.0078312,0.0,0.09821295,0.0,0.0,0.018,0.0,0.012,0.6,0.6,-26.110775,2.217273,0.73909104,0.11,0.0,0.14411993,0.0,0.0
hardzero_only__c0p58__z1p00__lam0p000__nu0p50__psi0p00,0.018,borrow,30,729,0.0,2,-0.6,-0.6,-0.6099732,0.9484556,0.11260156,0.11260156,1.0,0.002026828,0.018,0.0,0.012,0.6,0.6,-25.3406,2.086644,0.695548,0.136,0.0,0.1459724,0.0,0.0
hardzero_only__c0p58__z1p00__lam0p000__nu0p50__psi0p00,0.018,borrow,30,730,0.0,2,-0.6,-0.6,-0.61200005,1.017588,0.0,0.0960311,0.0,0.0,0.018,0.0,0.012,0.6,0.6,-27.395325,2.2387383,0.7462461,0.17600001,0.0,0.1534969,0.0,0.0
hardzero_only__c0p58__z1p00__lam0p000__nu0p50__psi0p00,0.018,borrow,30,731,0.0,2,-0.6,-0.6,-0.6101469,0.9873643,0.102952205,0.102952205,1.0,0.0018531396,0.018,0.0,0.012,0.6,0.6,-26.340195,2.1722448,0.72408164,0.17600001,0.0,0.16609651,0.0,0.0
hardzero_only__c0p58__z1p00__lam0p000__nu0p50__psi0p00,0.018,borrow,30,732,0.0,2,-0.6,-0.6,-0.61200005,1.0674728,0.0,0.085610524,0.0,0.0,0.018,0.0,0.012,0.6,0.6,-27.8695,2.3484871,0.78282905,0.120000005,0.0,0.15746394,0.0,0.0
hardzero_only__c0p58__z1p00__lam0p000__nu0p50__psi0p00,0.018,borrow,30,733,0.0,2,-0.6,-0.6,-0.61200005,1.0593115,0.0,0.08723454,0.0,0.0,0.018,0.0,0.012,0.6,0.6,-27.412745,2.3305318,0.77684397,0.080000006,0.0,0.16477369,0.0,0.0
hardzero_only__c0p58__z1p00__lam0p000__nu0p50__psi0p00,0.018,borrow,30,734,0.0,2,-0.6,-0.6,-0.61200005,1.0315151,0.0,0.09300041,0.0,0.0,0.018,0.0,0.012,0.6,0.6,-27.898136,2.2693787,0.7564596,0.128,0.0,0.16920349,0.0,0.0
hardzero_only__c0p58__z1p00__lam0p000__nu0p50__psi0p00,0.018,borrow,30,735,0.0,2,-0.6,-0.6,-0.61200005,1.0638442,0.0,0.08632881,0.0,0.0,0.018,0.0,0.012,0.6,0.6,-27.172735,2.340504,0.780168,0.120000005,0.0,0.1623329,0.0,0.0
hardzero_only__c0p58__z1p00__lam0p000__nu0p50__psi0p00,0.018,borrow,30,736,0.0,2,-0.6,-0.6,-0.6101821,0.99569184,0.10099692,0.10099692,1.0,0.0018179445,0.018,0.0,0.012,0.6,0.6,-27.062773,2.1905658,0.7301886,0.192,0.0,0.15600203,0.0,0.0
hardzero_only__c0p58__z1p00__lam0p000__nu0p50__psi0p00,0.018,borrow,30,737,0.0,2,-0.6,-0.6,-0.61200005,1.0276438,0.0,0.09383312,0.0,0.0,0.018,0.0,0.012,0.6,0.6,-27.31454,2.2608614,0.7536205,0.16800001,0.0,0.15303938,0.0,0.0
hardzero_only__c0p58__z1p00__lam0p000__nu0p50__psi0p00,0.018,borrow,30,738,0.0,2,-0.6,-0.6,-0.61200005,1.0353497,0.0,0.09218287,0.0,0.0,0.018,0.0,0.012,0.6,0.6,-27.972809,2.2778149,0.7592716,0.16000001,0.0,0.17425421,0.0,0.0
hardzero_only__c0p58__z1p00__lam0p000__nu0p50__psi0p00,0.018,borrow,30,739,0.0,2,-0.6,-0.6,-0.61200005,1.0135359,0.0,0.096931316,0.0,0.0,0.018,0.0,0.012,0.6,0.6,-27.151505,2.2298234,0.74327445,0.120000005,0.0,0.15884025,0.0,0.0
hardzero_only__c0p58__z1p00__lam0p000__nu0p50__psi0p00,0.018,borrow,30,740,0.0,2,-0.6,-0.6,-0.61018413,0.9961757,0.10088446,0.10088446,1.0,0.0018159202,0.018,0.0,0.012,0.6,0.6,-27.313993,2.1916304,0.7305435,0.104,0.0,0.14869843,0.0,0.0
hardzero_only__c0p58__z1p00__lam0p000__nu0p50__psi0p00,0.018,borrow,30,741,0.0,2,-0.6,-0.6,-0.6101778,0.9946744,0.1012338,0.1012338,1.0,0.0018222084,0.018,0.0,0.012,0.6,0.6,-26.927841,2.1883273,0.7294425,0.14,0.0,0.15482979,0.0,0.0
hardzero_only__c0p58__z1p00__lam0p000__nu0p50__psi0p00,0.018,borrow,30,742,0.0,2,-0.6,-0.6,-0.61016047,0.9905498,0.10219984,0.10219984,1.0,0.001839597,0.018,0.0,0.012,0.6,0.6,-27.001484,2.179253,0.7264177,0.14400001,0.0,0.15564914,0.0,0.0
hardzero_only__c0p58__z1p00__lam0p000__nu0p50__psi0p00,0.018,borrow,30,743,0.0,2,-0.6,-0.6,-0.61200005,1.04814,0.0,0.08950762,0.0,0.0,0.018,0.0,0.012,0.6,0.6,-27.230898,2.3059542,0.7686514,0.136,0.0,0.1639458,0.0,0.0
hardzero_only__c0p58__z1p00__lam0p000__nu0p50__psi0p00,0.018,borrow,30,744,0.0,2,-0.6,-0.6,-0.61200005,1.0597425,0.0,0.087148026,0.0,0.0,0.018,0.0,0.012,0.6,0.6,-28.12245,2.33148,0.77716005,0.128,0.0,0.16462278,0.0,0.0
hardzero_only__c0p58__z1p00__lam0p000__nu0p50__psi0p00,0.018,borrow,30,745,0.0,2,-0.6,-0.6,-0.61015886,0.99017,0.10228926,0.10228926,1.0,0.0018412066,0.018,0.0,0.012,0.6,0.6,-26.442253,2.1784174,0.7261392,0.23200001,0.0,0.1399326,0.0,0.0
hardzero_only__c0p58__z1p00__lam0p000__nu0p50__psi0p00,0.018,borrow,30,746,0.0,2,-0.6,-0.6,-0.61200005,1.0065901,0.0,0.098494016,0.0,0.0,0.018,0.0,0.012,0.6,0.6,-26.82139,2.2145426,0.7381809,0.208,0.0,0.157967,0.0,0.0
hardzero_only__c0p58__z1p00__lam0p000__nu0p50__psi0p00,0.018,borrow,30,747,0.0,2,-0.6,-0.6,-0.6100754,0.97092295,0.10692446,0.10692446,1.0,0.0019246401,0.018,0.0,0.012,0.6,0.6,-26.884956,2.136073,0.7120244,0.17600001,0.0,0.14216866,0.0,0.0
hardzero_only__c0p58__z1p00__lam0p000__nu0p50__psi0p00,0.018,borrow,30,748,0.0,2,-0.6,-0.6,-0.61200005,1.0269532,0.0,0.09398245,0.0,0.0,0.018,0.0,0.012,0.6,0.6,-27.129465,2.2593422,0.7531141,0.14400001,0.0,0.15404491,0.0,0.0
hardzero_only__c0p58__z1p00__lam0p000__nu0p50__psi0p00,0.018,borrow,30,749,0.0,2,-0.6,-0.6,-0.61200005,1.0041841,0.0,0.0990412,0.0,0.0,0.018,0.0,0.012,0.6,0.6,-26.399,2.2092493,0.73641646,0.14400001,0.0,0.17511994,0.0,0.0
hardzero_only__c0p58__z1p00__lam0p000__nu0p50__psi0p00,0.018,borrow,30,750,0.0,2,-0.6,-0.6,-0.61000377,0.9550476,0.11090533,0.11090533,1.0,0.0019962958,0.018,0.0,0.012,0.6,0.6,-26.16581,2.1011467,0.70038223,0.16800001,0.0,0.1393882,0.0,0.0
hardzero_only__c0p58__z1p00__lam0p000__nu0p50__psi0p00,0.018,borrow,30,751,0.0,2,-0.6,-0.6,-0.61200005,1.0127926,0.0,0.097097345,0.0,0.0,0.018,0.0,0.012,0.6,0.6,-27.060808,2.2281883,0.7427294,0.120000005,0.0,0.17426132,0.0,0.0
hardzero_only__c0p58__z1p00__lam0p000__nu0p50__psi0p00,0.018,borrow,30,752,0.0,2,-0.6,-0.6,-0.61200005,1.0302027,0.0,0.09328187,0.0,0.0,0.018,0.0,0.012,0.6,0.6,-27.860294,2.2664914,0.75549716,0.120000005,0.0,0.18732004,0.0,0.0
hardzero_only__c0p58__z1p00__lam0p000__nu0p50__psi0p00,0.018,borrow,30,753,0.0,2,-0.6,-0.6,-0.61012447,0.9821431,0.10419739,0.10419739,1.0,0.0018755529,0.018,0.0,0.012,0.6,0.6,-26.003416,2.160758,0.7202527,0.2,0.0,0.1401856,0.0,0.0
hardzero_only__c0p58__z1p00__lam0p000__nu0p50__psi0p00,0.018,borrow,30,754,0.0,2,-0.6,-0.6,-0.61200005,1.0345927,0.0,0.09234369,0.0,0.0,0.018,0.0,0.012,0.6,0.6,-27.5014,2.2761495,0.7587165,0.12,0.0,0.1679582,0.0,0.0
hardzero_only__c0p58__z1p00__lam0p000__nu0p50__psi0p00,0.018,borrow,30,755,0.0,2,-0.6,-0.6,-0.61200005,1.0005399,0.0,0.09987576,0.0,0.0,0.018,0.0,0.012,0.6,0.6,-27.278988,2.2012317,0.7337439,0.208,0.0,0.17821738,0.0,0.0
hardzero_only__c0p58__z1p00__lam0p000__nu0p50__psi0p00,0.018,borrow,30,756,0.0,2,-0.6,-0.6,-0.61200005,1.0050949,0.0,0.09883371,0.0,0.0,0.018,0.0,0.012,0.6,0.6,-27.204002,2.211253,0.7370843,0.18400002,0.0,0.16628449,0.0,0.0
hardzero_only__c0p58__z1p00__lam0p000__nu0p50__psi0p00,0.018,borrow,30,757,0.0,2,-0.6,-0.6,-0.61200005,1.0455054,0.0,0.09005226,0.0,0.0,0.018,0.0,0.012,0.6,0.6,-27.992352,2.3001578,0.7667193,0.2,0.0,0.17943265,0.0,0.0
hardzero_only__c0p58__z1p00__lam0p000__nu0p50__psi0p00,0.018,borrow,30,758,0.0,2,-0.6,-0.6,-0.61200005,1.0109621,0.0,0.09750747,0.0,0.0,0.018,0.0,0.012,0.6,0.6,-26.742462,2.2241611,0.74138707,0.16800001,0.0,0.13827763,0.0,0.0
hardzero_only__c0p58__z1p00__lam0p000__nu0p50__psi0p00,0.018,borrow,30,759,0.0,2,-0.6,-0.6,-0.61200005,1.0538538,0.0,0.08833772,0.0,0.0,0.018,0.0,0.012,0.6,0.6,-27.702074,2.3185246,0.7728416,0.080000006,0.0,0.16048478,0.0,0.0
hardzero_only__c0p58__z1p00__lam0p000__nu0p50__psi0p00,0.018,borrow,30,760,0.0,2,-0.6,-0.6,-0.6099907,0.95221525,0.11163099,0.11163099,1.0,0.0020093578,0.018,0.0,0.012,0.6,0.6,-25.426477,2.0949154,0.69830513,0.18400002,0.0,0.15507832,0.0,0.0
hardzero_only__c0p58__z1p00__lam0p000__nu0p50__psi0p00,0.018,borrow,30,761,0.0,2,-0.6,-0.6,-0.61200005,1.0055225,0.0,0.09873644,0.0,0.0,0.018,0.0,0.012,0.6,0.6,-26.909567,2.2121937,0.7373979,0.16800001,0.0,0.15906703,0.0,0.0
hardzero_only__c0p58__z1p00__lam0p000__nu0p50__psi0p00,0.018,borrow,30,762,0.0,2,-0.6,-0.6,-0.61200005,1.0014012,0.0,0.09967789,0.0,0.0,0.018,0.0,0.012,0.6,0.6,-26.408646,2.2031267,0.7343756,0.15200001,0.0,0.15682626,0.0,0.0
hardzero_only__c0p58__z1p00__lam0p000__nu0p50__psi0p00,0.018,borrow,30,763,0.0,2,-0.6,-0.6,-0.61200005,1.0435152,0.0,0.090465866,0.0,0.0,0.018,0.0,0.012,0.6,0.6,-28.16282,2.2957792,0.76525974,0.136,0.0,0.17613918,0.0,0.0
hardzero_only__c0p58__z1p00__lam0p000__nu0p50__psi0p00,0.018,borrow,30,764,0.0,2,-0.6,-0.6,-0.6100987,0.9762157,0.10562926,0.10562926,1.0,0.0019013266,0.018,0.0,0.012,0.6,0.6,-26.346767,2.1477175,0.71590585,0.136,0.0,0.14786202,0.0,0.0
hardzero_only__c0p58__z1p00__lam0p000__nu0p50__psi0p00,0.018,borrow,30,765,0.0,2,-0.6,-0.6,-0.61200005,1.0315685,0.0,0.09298897,0.0,0.0,0.018,0.0,0.012,0.6,0.6,-27.06963,2.2694962,0.75649875,0.120000005,0.0,0.1404858,0.0,0.0
hardzero_only__c0p58__z1p00__lam0p000__nu0p50__psi0p00,0.018,borrow,30,766,0.0,2,-0.6,-0.6,-0.61200005,1.0275658,0.0,0.09384997,0.0,0.0,0.018,0.0,0.012,0.6,0.6,-28.457909,2.26069,0.75356334,0.208,0.0,0.16027014,0.0,0.0
hardzero_only__c0p58__z1p00__lam0p000__nu0p50__psi0p00,0.018,borrow,30,767,0.0,2,-0.6,-0.6,-0.61200005,1.0118593,0.0,0.09730624,0.0,0.0,0.018,0.0,0.012,0.6,0.6,-26.921099,2.226135,0.74204504,0.16,0.0,0.16763288,0.0,0.0
hardzero_only__c0p58__z1p00__lam0p000__nu0p50__psi0p00,0.018,borrow,30,768,0.0,2,-0.6,-0.6,-0.6101069,0.9780798,0.105176866,0.105176866,1.0,0.0018931834,0.018,0.0,0.012,0.6,0.6,-26.08777,2.1518185,0.7172729,0.16800001,0.0,0.12700875,0.0,0.0
hardzero_only__c0p58__z1p00__lam0p000__nu0p50__psi0p00,0.018,borrow,30,769,0.0,2,-0.6,-0.6,-0.6101728,0.99347794,0.10151309,0.10151309,1.0,0.0018272355,0.018,0.0,0.012,0.6,0.6,-27.392843,2.1856952,0.7285651,0.16000001,0.0,0.17275566,0.0,0.0
hardzero_only__c0p58__z1p00__lam0p000__nu0p50__psi0p00,0.018,borrow,30,770,0.0,2,-0.6,-0.6,-0.61200005,1.0731146,0.0,0.08450558,0.0,0.0,0.018,0.0,0.012,0.6,0.6,-28.549917,2.3608994,0.7869665,0.104,0.0,0.14721704,0.0,0.0
hardzero_only__c0p58__z1p00__lam0p000__nu0p50__psi0p00,0.018,borrow,30,771,0.0,2,-0.6,-0.6,-0.61009586,0.97556895,0.1057867,0.1057867,1.0,0.0019041606,0.018,0.0,0.012,0.6,0.6,-26.335382,2.1462946,0.7154316,0.14400001,0.008,0.15268826,0.0,0.0
hardzero_only__c0p58__z1p00__lam0p000__nu0p50__psi0p00,0.018,borrow,30,772,0.0,2,-0.6,-0.6,-0.61200005,1.0300049,0.0,0.093324386,0.0,0.0,0.018,0.0,0.012,0.6,0.6,-26.622272,2.2660558,0.75535196,0.128,0.0,0.16069603,0.0,0.0
hardzero_only__c0p58__z1p00__lam0p000__nu0p50__psi0p00,0.018,borrow,30,773,0.0,2,-0.6,-0.6,-0.61200005,1.0007764,0.0,0.09982139,0.0,0.0,0.018,0.0,0.012,0.6,0.6,-27.339209,2.2017522,0.7339174,0.14400001,0.008,0.16880293,0.0,0.0
hardzero_only__c0p58__z1p00__lam0p000__nu0p50__psi0p00,0.018,borrow,30,774,0.0,2,-0.6,-0.6,-0.61200005,1.0052933,0.0,0.09878858,0.0,0.0,0.018,0.0,0.012,0.6,0.6,-27.217169,2.2116892,0.73722976,0.17600001,0.0,0.1381775,0.0,0.0
hardzero_only__c0p58__z1p00__lam0p000__nu0p50__psi0p00,0.018,borrow,30,775,0.0,2,-0.6,-0.6,-0.61200005,1.0117978,0.0,0.09732002,0.0,0.0,0.018,0.0,0.012,0.6,0.6,-26.771812,2.2259996,0.74199986,0.128,0.0,0.16242173,0.0,0.0
hardzero_only__c0p58__z1p00__lam0p000__nu0p50__psi0p00,0.018,borrow,30,776,0.0,2,-0.6,-0.6,-0.6100265,0.96001595,0.109643795,0.109643795,1.0,0.0019735883,0.018,0.0,0.012,0.6,0.6,-26.51588,2.1120772,0.70402575,0.256,0.0,0.12139611,0.0,0.0
hardzero_only__c0p58__z1p00__lam0p000__nu0p50__psi0p00,0.018,borrow,30,777,0.0,2,-0.6,-0.6,-0.61008644,0.973423,0.1063107,0.1063107,1.0,0.0019135926,0.018,0.0,0.012,0.6,0.6,-26.119877,2.1415734,0.7138578,0.18400002,0.0,0.14470914,0.0,0.0
hardzero_only__c0p58__z1p00__lam0p000__nu0p50__psi0p00,0.018,borrow,30,778,0.0,2,-0.6,-0.6,-0.61016446,0.9915024,0.10197592,0.10197592,1.0,0.0018355665,0.018,0.0,0.012,0.6,0.6,-26.187212,2.1813488,0.7271163,0.16800001,0.0,0.16118574,0.0,0.0
hardzero_only__c0p58__z1p00__lam0p000__nu0p50__psi0p00,0.018,borrow,30,779,0.0,2,-0.6,-0.6,-0.6101709,0.99302477,0.10161907,0.10161907,1.0,0.0018291433,0.018,0.0,0.012,0.6,0.6,-27.018906,2.184698,0.72823274,0.18400002,0.008,0.14437592,0.0,0.0
hardzero_only__c0p58__z1p00__lam0p000__nu0p50__psi0p00,0.018,borrow,30,780,0.0,2,-0.6,-0.6,-0.61200005,1.0121993,0.0,0.097230084,0.0,0.0,0.018,0.0,0.012,0.6,0.6,-27.439657,2.226883,0.7422943,0.21,0.0,0.16137287,0.0,0.0
hardzero_only__c0p58__z1p00__lam0p000__nu0p50__psi0p00,0.018,borrow,30,781,0.0,2,-0.6,-0.6,-0.6101992,0.9997963,0.100046925,0.100046925,1.0,0.0018008446,0.018,0.0,0.012,0.6,0.6,-26.402727,2.1995957,0.7331986,0.136,0.0,0.15845244,0.0,0.0
hardzero_only__c0p58__z1p00__lam0p000__nu0p50__psi0p00,0.018,borrow,30,782,0.0,2,-0.6,-0.6,-0.61200005,1.0056742,0.0,0.09870196,0.0,0.0,0.018,0.0,0.012,0.6,0.6,-27.224173,2.2125275,0.7375092,0.15200001,0.0,0.19707564,0.0,0.0
hardzero_only__c0p58__z1p00__lam0p000__nu0p50__psi0p00,0.018,borrow,30,783,0.0,2,-0.6,-0.6,-0.61200005,1.0419958,0.0,0.09078294,0.0,0.0,0.018,0.0,0.012,0.6,0.6,-27.691236,2.2924364,0.7641455,0.17600001,0.0,0.1688206,0.0,0.0
hardzero_only__c0p58__z1p00__lam0p000__nu0p50__psi0p00,0.018,borrow,30,784,0.0,2,-0.6,-0.6,-0.61200005,1.0571877,0.0,0.08766218,0.0,0.0,0.018,0.0,0.012,0.6,0.6,-27.829536,2.3258593,0.77528644,0.216,0.0,0.17741148,0.0,0.0
hardzero_only__c0p58__z1p00__lam0p000__nu0p50__psi0p00,0.018,borrow,30,785,0.0,2,-0.6,-0.6,-0.61200005,1.0044795,0.0,0.098973855,0.0,0.0,0.018,0.0,0.012,0.6,0.6,-26.981907,2.2098992,0.73663306,0.18400002,0.0,0.1582661,0.0,0.0
hardzero_only__c0p58__z1p00__lam0p000__nu0p50__psi0p00,0.018,borrow,30,786,0.0,2,-0.6,-0.6,-0.61200005,1.0274673,0.0,0.093871266,0.0,0.0,0.018,0.0,0.012,0.6,0.6,-27.598244,2.260473,0.75349104,0.112,0.0,0.15755206,0.0,0.0
hardzero_only__c0p58__z1p00__lam0p000__nu0p50__psi0p00,0.018,borrow,30,787,0.0,2,-0.6,-0.6,-0.61200005,1.043191,0.0,0.09053345,0.0,0.0,0.018,0.0,0.012,0.6,0.6,-27.502392,2.2950659,0.765022,0.104,0.0,0.17750998,0.0,0.0
hardzero_only__c0p58__z1p00__lam0p000__nu0p50__psi0p00,0.018,borrow,30,788,0.0,2,-0.6,-0.6,-0.61200005,1.0273914,0.0,0.09388767,0.0,0.0,0.018,0.0,0.012,0.6,0.6,-27.545979,2.2603064,0.7534355,0.16800001,0.0,0.15198106,0.0,0.0
hardzero_only__c0p58__z1p00__lam0p000__nu0p50__psi0p00,0.018,borrow,30,789,0.0,2,-0.6,-0.6,-0.61012214,0.98160017,0.104327746,0.104327746,1.0,0.0018778994,0.018,0.0,0.012,0.6,0.6,-27.639675,2.1595635,0.71985453,0.17600001,0.0,0.17445366,0.0,0.0
hardzero_only__c0p58__z1p00__lam0p000__nu0p50__psi0p00,0.018,borrow,30,790,0.0,2,-0.6,-0.6,-0.61200005,1.01431,0.0,0.0967587,0.0,0.0,0.018,0.0,0.012,0.6,0.6,-27.452105,2.2315266,0.74384224,0.192,0.0,0.16226383,0.0,0.0
hardzero_only__c0p58__z1p00__lam0p000__nu0p50__psi0p00,0.018,borrow,30,791,0.0,2,-0.6,-0.6,-0.61200005,1.1000395,0.0,0.07942559,0.0,0.0,0.018,0.0,0.012,0.6,0.6,-28.743904,2.4201353,0.8067118,0.128,0.0,0.16225474,0.0,0.0
hardzero_only__c0p58__z1p00__lam0p000__nu0p50__psi0p00,0.018,borrow,30,792,0.0,2,-0.6,-0.6,-0.61200005,1.0517474,0.0,0.08876721,0.0,0.0,0.018,0.0,0.012,0.6,0.6,-27.10452,2.3138905,0.77129686,0.14400001,0.0,0.17172596,0.0,0.0
hardzero_only__c0p58__z1p00__lam0p000__nu0p50__psi0p00,0.018,borrow,30,793,0.0,2,-0.6,-0.6,-0.60993236,0.9397914,0.11487051,0.11487051,1.0,0.002067669,0.018,0.0,0.012,0.6,0.6,-26.12054,2.0675824,0.68919414,0.19999999,0.0,0.14451987,0.0,0.0
hardzero_only__c0p58__z1p00__lam0p000__nu0p50__psi0p00,0.018,borrow,30,794,0.0,2,-0.6,-0.6,-0.61200005,1.0049943,0.0,0.09885662,0.0,0.0,0.018,0.0,0.012,0.6,0.6,-26.495455,2.2110317,0.7370106,0.2,0.0,0.17910323,0.0,0.0
hardzero_only__c0p58__z1p00__lam0p000__nu0p50__psi0p00,0.018,borrow,30,795,0.0,2,-0.6,-0.6,-0.61200005,1.0360032,0.0,0.09204427,0.0,0.0,0.018,0.0,0.012,0.6,0.6,-27.48856,2.2792525,0.75975084,0.14400001,0.0,0.18700664,0.0,0.0
hardzero_only__c0p58__z1p00__lam0p000__nu0p50__psi0p00,0.018,borrow,30,796,0.0,2,-0.6,-0.6,-0.61200005,1.005031,0.0,0.09884825,0.0,0.0,0.018,0.0,0.012,0.6,0.6,-27.151169,2.2111123,0.7370374,0.208,0.0,0.171236,0.0,0.0
hardzero_only__c0p58__z1p00__lam0p000__nu0p50__psi0p00,0.018,borrow,30,797,0.0,2,-0.6,-0.6,-0.61200005,1.0029088,0.0,0.099332444,0.0,0.0,0.018,0.0,0.012,0.6,0.6,-27.036295,2.2064435,0.7354812,0.16000001,0.0,0.15518959,0.0,0.0
hardzero_only__c0p58__z1p00__lam0p000__nu0p50__psi0p00,0.018,borrow,30,798,0.0,2,-0.6,-0.6,-0.61200005,1.0165203,0.0,0.096267514,0.0,0.0,0.018,0.0,0.012,0.6,0.6,-27.022205,2.2363892,0.7454631,0.16800001,0.0,0.1627249,0.0,0.0
hardzero_only__c0p58__z1p00__lam0p000__nu0p50__psi0p00,0.018,borrow,30,799,0.0,2,-0.6,-0.6,-0.61200005,1.0266494,0.0,0.09404822,0.0,0.0,0.018,0.0,0.012,0.6,0.6,-27.621693,2.2586737,0.75289124,0.112,0.0,0.16514716,0.0,0.0
hardzero_only__c0p58__z1p00__lam0p000__nu0p50__psi0p00,0.018,borrow,30,800,0.0,2,-0.6,-0.6,-0.61200005,1.0218244,0.0,0.09509893,0.0,0.0,0.018,0.0,0.012,0.6,0.6,-27.426283,2.2480586,0.7493529,0.16800001,0.0,0.18225147,0.0,0.0
hardzero_only__c0p58__z1p00__lam0p000__nu0p50__psi0p00,0.018,borrow,30,801,0.0,2,-0.6,-0.6,-0.61200005,1.0155952,0.0,0.09647279,0.0,0.0,0.018,0.0,0.012,0.6,0.6,-26.77178,2.234354,0.7447847,0.16800001,0.008,0.17256819,0.0,0.0
hardzero_only__c0p58__z1p00__lam0p000__nu0p50__psi0p00,0.018,borrow,30,802,0.0,2,-0.6,-0.6,-0.61200005,1.0335876,0.0,0.092557676,0.0,0.0,0.018,0.0,0.012,0.6,0.6,-27.223759,2.2739382,0.7579794,0.128,0.0,0.13674803,0.0,0.0
hardzero_only__c0p58__z1p00__lam0p000__nu0p50__psi0p00,0.018,borrow,30,803,0.0,2,-0.6,-0.6,-0.61200005,1.0364838,0.0,0.09194248,0.0,0.0,0.018,0.0,0.012,0.6,0.6,-27.185007,2.28031,0.76010334,0.128,0.0,0.1596329,0.0,0.0
hardzero_only__c0p58__z1p00__lam0p000__nu0p50__psi0p00,0.018,borrow,30,804,0.0,2,-0.6,-0.6,-0.61200005,1.0215867,0.0,0.095151,0.0,0.0,0.018,0.0,0.012,0.6,0.6,-27.462894,2.2475355,0.7491785,0.128,0.0,0.15444389,0.0,0.0
hardzero_only__c0p58__z1p00__lam0p000__nu0p50__psi0p00,0.018,borrow,30,805,0.0,2,-0.6,-0.6,-0.61200005,1.0215074,0.0,0.09516836,0.0,0.0,0.018,0.0,0.012,0.6,0.6,-27.77009,2.2473612,0.7491204,0.17600001,0.0,0.17967826,0.0,0.0
hardzero_only__c0p58__z1p00__lam0p000__nu0p50__psi0p00,0.018,borrow,30,806,0.0,2,-0.6,-0.6,-0.61009115,0.97449625,0.106048316,0.106048316,1.0,0.0019088696,0.018,0.0,0.012,0.6,0.6,-26.675829,2.1439345,0.71464485,0.17999999,0.0,0.15137576,0.0,0.0
hardzero_only__c0p58__z1p00__lam0p000__nu0p50__psi0p00,0.018,borrow,30,807,0.0,2,-0.6,-0.6,-0.61018187,0.9956286,0.101011634,0.101011634,1.0,0.0018182093,0.018,0.0,0.012,0.6,0.6,-27.02408,2.1904266,0.73014224,0.15200001,0.0,0.14836793,0.0,0.0
hardzero_only__c0p58__z1p00__lam0p000__nu0p50__psi0p00,0.018,borrow,30,808,0.0,2,-0.6,-0.6,-0.61200005,1.0308154,0.0,0.09315037,0.0,0.0,0.018,0.0,0.012,0.6,0.6,-28.215088,2.2678392,0.7559464,0.16800001,0.0,0.14515494,0.0,0.0
hardzero_only__c0p58__z1p00__lam0p000__nu0p50__psi0p00,0.018,borrow,30,809,0.0,2,-0.6,-0.6,-0.61200005,1.0482445,0.0,0.08948608,0.0,0.0,0.018,0.0,0.012,0.6,0.6,-28.003698,2.3061838,0.76872796,0.128,0.008,0.17109945,0.0,0.0
hardzero_only__c0p58__z1p00__lam0p000__nu0p50__psi0p00,0.018,borrow,30,810,0.0,2,-0.6,-0.6,-0.61200005,1.0215572,0.0,0.095157444,0.0,0.0,0.018,0.0,0.012,0.6,0.6,-27.376188,2.2474706,0.7491569,0.136,0.0,0.15622701,0.0,0.0
hardzero_only__c0p58__z1p00__lam0p000__nu0p50__psi0p00,0.018,borrow,30,811,0.0,2,-0.6,-0.6,-0.6101631,0.99117196,0.10205353,0.10205353,1.0,0.0018369635,0.018,0.0,0.012,0.6,0.6,-26.11112,2.1806219,0.726874,0.14400001,0.0,0.17586203,0.0,0.0
hardzero_only__c0p58__z1p00__lam0p000__nu0p50__psi0p00,0.018,borrow,30,812,0.0,2,-0.6,-0.6,-0.61200005,1.0323584,0.0,0.09282,0.0,0.0,0.018,0.0,0.012,0.6,0.6,-27.095577,2.2712338,0.75707793,0.120000005,0.0,0.15166198,0.0,0.0
hardzero_only__c0p58__z1p00__lam0p000__nu0p50__psi0p00,0.018,borrow,30,813,0.0,2,-0.6,-0.6,-0.61200005,1.029428,0.0,0.09344843,0.0,0.0,0.018,0.0,0.012,0.6,0.6,-27.7295,2.2647867,0.75492895,0.128,0.0,0.1752239,0.0,0.0
hardzero_only__c0p58__z1p00__lam0p000__nu0p50__psi0p00,0.018,borrow,30,814,0.0,2,-0.6,-0.6,-0.6101608,0.9906425,0.10217801,0.10217801,1.0,0.0018392041,0.018,0.0,0.012,0.6,0.6,-26.691183,2.179457,0.72648567,0.192,0.0,0.16713555,0.0,0.0
hardzero_only__c0p58__z1p00__lam0p000__nu0p50__psi0p00,0.018,borrow,30,815,0.0,2,-0.6,-0.6,-0.61200005,1.0259502,0.0,0.09419976,0.0,0.0,0.018,0.0,0.012,0.6,0.6,-27.012407,2.2571354,0.75237846,0.120000005,0.0,0.15959655,0.0,0.0
hardzero_only__c0p58__z1p00__lam0p000__nu0p50__psi0p00,0.018,borrow,30,816,0.0,2,-0.6,-0.6,-0.61200005,1.008827,0.0,0.09798802,0.0,0.0,0.018,0.0,0.012,0.6,0.6,-27.531973,2.2194636,0.7398212,0.128,0.0,0.15880257,0.0,0.0
hardzero_only__c0p58__z1p00__lam0p000__nu0p50__psi0p00,0.018,borrow,30,817,0.0,2,-0.6,-0.6,-0.61200005,1.0054653,0.0,0.09874946,0.0,0.0,0.018,0.0,0.012,0.6,0.6,-27.001322,2.2120678,0.73735595,0.2,0.0,0.14471464,0.0,0.0
hardzero_only__c0p58__z1p00__lam0p000__nu0p50__psi0p00,0.018,borrow,30,818,0.0,2,-0.6,-0.6,-0.61200005,1.0455023,0.0,0.09005289,0.0,0.0,0.018,0.0,0.012,0.6,0.6,-27.383839,2.3001509,0.76671696,0.18400002,0.0,0.1619729,0.0,0.0
hardzero_only__c0p58__z1p00__lam0p000__nu0p50__psi0p00,0.018,borrow,30,819,0.0,2,-0.6,-0.6,-0.61200005,1.0428067,0.0,0.09061358,0.0,0.0,0.018,0.0,0.012,0.6,0.6,-27.138847,2.2942207,0.7647402,0.14999999,0.0,0.17231974,0.0,0.0
hardzero_only__c0p58__z1p00__lam0p000__nu0p50__psi0p00,0.018,borrow,30,820,0.0,2,-0.6,-0.6,-0.61200005,1.0546048,0.0,0.088185094,0.0,0.0,0.018,0.0,0.012,0.6,0.6,-27.452082,2.3201768,0.7733923,0.18400002,0.0,0.15633997,0.0,0.0
hardzero_only__c0p58__z1p00__lam0p000__nu0p50__psi0p00,0.018,borrow,30,821,0.0,2,-0.6,-0.6,-0.61014664,0.98730695,0.1029658,0.1029658,1.0,0.0018533843,0.018,0.0,0.012,0.6,0.6,-26.768942,2.1721187,0.72403955,0.17600001,0.0,0.16215925,0.0,0.0
hardzero_only__c0p58__z1p00__lam0p000__nu0p50__psi0p00,0.018,borrow,30,822,0.0,2,-0.6,-0.6,-0.61010313,0.9772211,0.10538502,0.10538502,1.0,0.0018969303,0.018,0.0,0.012,0.6,0.6,-25.910246,2.1499293,0.7166431,0.14400001,0.0,0.13804728,0.0,0.0
hardzero_only__c0p58__z1p00__lam0p000__nu0p50__psi0p00,0.018,borrow,30,823,0.0,2,-0.6,-0.6,-0.61200005,1.0387728,0.0,0.09145915,0.0,0.0,0.018,0.0,0.012,0.6,0.6,-27.802237,2.2853458,0.76178193,0.14400001,0.0,0.19789799,0.0,0.0
hardzero_only__c0p58__z1p00__lam0p000__nu0p50__psi0p00,0.018,borrow,30,824,0.0,2,-0.6,-0.6,-0.61200005,1.0572435,0.0,0.08765092,0.0,0.0,0.018,0.0,0.012,0.6,0.6,-27.857447,2.325982,0.7753274,0.15200001,0.0,0.1514032,0.0,0.0
hardzero_only__c0p58__z1p00__lam0p000__nu0p50__psi0p00,0.018,borrow,30,825,0.0,2,-0.6,-0.6,-0.61200005,1.0389997,0.0,0.09141138,0.0,0.0,0.018,0.0,0.012,0.6,0.6,-27.423874,2.285845,0.76194835,0.17600001,0.0,0.17906278,0.0,0.0
hardzero_only__c0p58__z1p00__lam0p000__nu0p50__psi0p00,0.018,borrow,30,826,0.0,2,-0.6,-0.6,-0.61200005,1.0047616,0.0,0.098909594,0.0,0.0,0.018,0.0,0.012,0.6,0.6,-26.861696,2.2105196,0.7368399,0.14400001,0.0,0.14263192,0.0,0.0
hardzero_only__c0p58__z1p00__lam0p000__nu0p50__psi0p00,0.018,borrow,30,827,0.0,2,-0.6,-0.6,-0.61200005,1.0226995,0.0,0.094907485,0.0,0.0,0.018,0.0,0.012,0.6,0.6,-26.840292,2.2499838,0.74999464,0.16800001,0.0,0.16008258,0.0,0.0
hardzero_only__c0p58__z1p00__lam0p000__nu0p50__psi0p00,0.018,borrow,30,828,0.0,2,-0.6,-0.6,-0.61200005,1.0347517,0.0,0.0923099,0.0,0.0,0.018,0.0,0.012,0.6,0.6,-27.239601,2.276499,0.75883305,0.18400002,0.0,0.18282694,0.0,0.0
hardzero_only__c0p58__z1p00__lam0p000__nu0p50__psi0p00,0.018,borrow,30,829,0.0,2,-0.6,-0.6,-0.61200005,1.0321946,0.0,0.09285502,0.0,0.0,0.018,0.0,0.012,0.6,0.6,-27.66443,2.2708735,0.7569579,0.208,0.0,0.16911674,0.0,0.0
hardzero_only__c0p58__z1p00__lam0p000__nu0p50__psi0p00,0.018,borrow,30,830,0.0,2,-0.6,-0.6,-0.61009616,0.975624,0.105773285,0.105773285,1.0,0.001903919,0.018,0.0,0.012,0.6,0.6,-26.626049,2.1464157,0.7154719,0.2,0.0,0.17313597,0.0,0.0
hardzero_only__c0p58__z1p00__lam0p000__nu0p50__psi0p00,0.018,borrow,30,831,0.0,2,-0.6,-0.6,-0.61200005,1.007244,0.0,0.09834583,0.0,0.0,0.018,0.0,0.012,0.6,0.6,-26.688778,2.215981,0.73866034,0.15200001,0.0,0.14598212,0.0,0.0
hardzero_only__c0p58__z1p00__lam0p000__nu0p50__psi0p00,0.018,borrow,30,832,0.0,2,-0.6,-0.6,-0.61200005,1.0658094,0.0,0.08593906,0.0,0.0,0.018,0.0,0.012,0.6,0.6,-28.226013,2.3448274,0.7816092,0.08,0.0,0.1535367,0.0,0.0
hardzero_only__c0p58__z1p00__lam0p000__nu0p50__psi0p00,0.018,borrow,30,833,0.0,2,-0.6,-0.6,-0.6101027,0.9771295,0.10540724,0.10540724,1.0,0.0018973302,0.018,0.0,0.012,0.6,0.6,-26.693483,2.1497278,0.716576,0.2,0.0,0.14958064,0.0,0.0
hardzero_only__c0p58__z1p00__lam0p000__nu0p50__psi0p00,0.018,borrow,30,834,0.0,2,-0.6,-0.6,-0.61200005,1.0512381,0.0,0.08887138,0.0,0.0,0.018,0.0,0.012,0.6,0.6,-28.068985,2.31277,0.7709233,0.112,0.0,0.14764293,0.0,0.0
hardzero_only__c0p58__z1p00__lam0p000__nu0p50__psi0p00,0.018,borrow,30,835,0.0,2,-0.6,-0.6,-0.61019397,0.99853116,0.100338794,0.100338794,1.0,0.0018060983,0.018,0.0,0.012,0.6,0.6,-26.704927,2.1968124,0.73227084,0.2,0.016,0.14960359,0.0,0.0
hardzero_only__c0p58__z1p00__lam0p000__nu0p50__psi0p00,0.018,borrow,30,836,0.0,2,-0.6,-0.6,-0.61200005,1.0658182,0.0,0.08593732,0.0,0.0,0.018,0.0,0.012,0.6,0.6,-28.657873,2.3448467,0.7816156,0.112,0.0,0.15673424,0.0,0.0
hardzero_only__c0p58__z1p00__lam0p000__nu0p50__psi0p00,0.018,borrow,30,837,0.0,2,-0.6,-0.6,-0.61009955,0.9763997,0.10558451,0.10558451,1.0,0.0019005211,0.018,0.0,0.012,0.6,0.6,-25.49854,2.1481223,0.7160408,0.2,0.0,0.16595379,0.0,0.0
hardzero_only__c0p58__z1p00__lam0p000__nu0p50__psi0p00,0.018,borrow,30,838,0.0,2,-0.6,-0.6,-0.61200005,1.0378323,0.0,0.091657445,0.0,0.0,0.018,0.0,0.012,0.6,0.6,-27.276693,2.2832766,0.7610922,0.120000005,0.0,0.17198256,0.0,0.0
hardzero_only__c0p58__z1p00__lam0p000__nu0p50__psi0p00,0.018,borrow,30,839,0.0,2,-0.6,-0.6,-0.61200005,1.0086235,0.0,0.09803396,0.0,0.0,0.018,0.0,0.012,0.6,0.6,-26.726444,2.219016,0.73967206,0.16000001,0.0,0.16743317,0.0,0.0
hardzero_only__c0p58__z1p00__lam0p000__nu0p50__psi0p00,0.018,borrow,30,840,0.0,2,-0.6,-0.6,-0.61200005,1.0061927,0.0,0.098584205,0.0,0.0,0.018,0.0,0.012,0.6,0.6,-27.427204,2.213668,0.7378894,0.128,0.0,0.15990733,0.0,0.0
hardzero_only__c0p58__z1p00__lam0p000__nu0p50__psi0p00,0.018,borrow,30,841,0.0,2,-0.6,-0.6,-0.6101785,0.9948223,0.10119935,0.10119935,1.0,0.0018215883,0.018,0.0,0.012,0.6,0.6,-26.826855,2.1886528,0.72955096,0.15200001,0.0,0.15215048,0.0,0.0
hardzero_only__c0p58__z1p00__lam0p000__nu0p50__psi0p00,0.018,borrow,30,842,0.0,2,-0.6,-0.6,-0.610152,0.98855734,0.102669775,0.102669775,1.0,0.0018480559,0.018,0.0,0.012,0.6,0.6,-26.657427,2.1748695,0.7249565,0.136,0.0,0.13783805,0.0,0.0
hardzero_only__c0p58__z1p00__lam0p000__nu0p50__psi0p00,0.018,borrow,30,843,0.0,2,-0.6,-0.6,-0.61200005,1.0448636,0.0,0.09018543,0.0,0.0,0.018,0.0,0.012,0.6,0.6,-28.709658,2.2987459,0.76624864,0.224,0.0,0.18557926,0.0,0.0
hardzero_only__c0p58__z1p00__lam0p000__nu0p50__psi0p00,0.018,borrow,30,844,0.0,2,-0.6,-0.6,-0.61200005,1.0313779,0.0,0.09302979,0.0,0.0,0.018,0.0,0.012,0.6,0.6,-27.493103,2.2690766,0.75635886,0.112,0.0,0.1643206,0.0,0.0
hardzero_only__c0p58__z1p00__lam0p000__nu0p50__psi0p00,0.018,borrow,30,845,0.0,2,-0.6,-0.6,-0.610164,0.99138784,0.10200281,0.10200281,1.0,0.0018360504,0.018,0.0,0.012,0.6,0.6,-27.232832,2.1810968,0.7270323,0.17,0.0,0.14760895,0.0,0.0
hardzero_only__c0p58__z1p00__lam0p000__nu0p50__psi0p00,0.018,borrow,30,846,0.0,2,-0.6,-0.6,-0.61200005,1.0012064,0.0,0.0997226,0.0,0.0,0.018,0.0,0.012,0.6,0.6,-27.252268,2.202698,0.73423266,0.192,0.0,0.15684201,0.0,0.0
hardzero_only__c0p58__z1p00__lam0p000__nu0p50__psi0p00,0.018,borrow,30,847,0.0,2,-0.6,-0.6,-0.61200005,1.0282998,0.0,0.0936915,0.0,0.0,0.018,0.0,0.012,0.6,0.6,-26.904877,2.2623048,0.75410163,0.18400002,0.0,0.15635674,0.0,0.0
hardzero_only__c0p58__z1p00__lam0p000__nu0p50__psi0p00,0.018,borrow,30,848,0.0,2,-0.6,-0.6,-0.61200005,1.0291795,0.0,0.09350191,0.0,0.0,0.018,0.0,0.012,0.6,0.6,-27.5543,2.26424,0.7547467,0.16000001,0.0,0.14604446,0.0,0.0
hardzero_only__c0p58__z1p00__lam0p000__nu0p50__psi0p00,0.018,borrow,30,849,0.0,2,-0.6,-0.6,-0.61200005,1.0334005,0.0,0.09259754,0.0,0.0,0.018,0.0,0.012,0.6,0.6,-26.88476,2.2735267,0.75784224,0.14400001,0.0,0.17453006,0.0,0.0
hardzero_only__c0p58__z1p00__lam0p000__nu0p50__psi0p00,0.018,borrow,30,850,0.0,2,-0.6,-0.6,-0.6101123,0.9793293,0.104874685,0.104874685,1.0,0.0018877443,0.018,0.0,0.012,0.6,0.6,-26.308317,2.1545675,0.7181892,0.16800001,0.0,0.14959359,0.0,0.0
hardzero_only__c0p58__z1p00__lam0p000__nu0p50__psi0p00,0.018,borrow,30,851,0.0,2,-0.6,-0.6,-0.61200005,1.0173472,0.0,0.09608438,0.0,0.0,0.018,0.0,0.012,0.6,0.6,-27.66472,2.2382085,0.74606955,0.208,0.0,0.17543314,0.0,0.0
hardzero_only__c0p58__z1p00__lam0p000__nu0p50__psi0p00,0.018,borrow,30,852,0.0,2,-0.6,-0.6,-0.61200005,1.0138199,0.0,0.09686795,0.0,0.0,0.018,0.0,0.012,0.6,0.6,-26.759176,2.2304485,0.7434828,0.16000001,0.0,0.17762627,0.0,0.0
hardzero_only__c0p58__z1p00__lam0p000__nu0p50__psi0p00,0.018,borrow,30,853,0.0,2,-0.6,-0.6,-0.61200005,1.002588,0.0,0.09940584,0.0,0.0,0.018,0.0,0.012,0.6,0.6,-27.057356,2.2057378,0.73524594,0.15200001,0.0,0.16968165,0.0,0.0
hardzero_only__c0p58__z1p00__lam0p000__nu0p50__psi0p00,0.018,borrow,30,854,0.0,2,-0.6,-0.6,-0.6100716,0.970064,0.10713613,0.10713613,1.0,0.0019284503,0.018,0.0,0.012,0.6,0.6,-26.21583,2.1341834,0.7113945,0.18400002,0.0,0.15130782,0.0,0.0
hardzero_only__c0p58__z1p00__lam0p000__nu0p50__psi0p00,0.018,borrow,30,855,0.0,2,-0.6,-0.6,-0.61200005,1.0487922,0.0,0.08937328,0.0,0.0,0.018,0.0,0.012,0.6,0.6,-28.17027,2.307389,0.7691297,0.096,0.0,0.18759492,0.0,0.0
hardzero_only__c0p58__z1p00__lam0p000__nu0p50__psi0p00,0.018,borrow,30,856,0.0,2,-0.6,-0.6,-0.6101707,0.99297535,0.10163063,0.10163063,1.0,0.0018293512,0.018,0.0,0.012,0.6,0.6,-27.263603,2.1845894,0.7281965,0.128,0.0,0.16773252,0.0,0.0
hardzero_only__c0p58__z1p00__lam0p000__nu0p50__psi0p00,0.018,borrow,30,857,0.0,2,-0.6,-0.6,-0.61200005,1.0395825,0.0,0.091288805,0.0,0.0,0.018,0.0,0.012,0.6,0.6,-27.66068,2.2871273,0.7623758,0.17600001,0.0,0.17056769,0.0,0.0
hardzero_only__c0p58__z1p00__lam0p000__nu0p50__psi0p00,0.018,borrow,30,858,0.0,2,-0.6,-0.6,-0.61000234,0.95474386,0.11098292,0.11098292,1.0,0.0019976925,0.018,0.0,0.012,0.6,0.6,-26.489464,2.1004784,0.7001595,0.12,0.0,0.13719562,0.0,0.0
hardzero_only__c0p58__z1p00__lam0p000__nu0p50__psi0p00,0.018,borrow,30,859,0.0,2,-0.6,-0.6,-0.61200005,1.051086,0.0,0.08890251,0.0,0.0,0.018,0.0,0.012,0.6,0.6,-27.36259,2.3124354,0.7708118,0.16000001,0.0,0.16669948,0.0,0.0
hardzero_only__c0p58__z1p00__lam0p000__nu0p50__psi0p00,0.018,borrow,30,860,0.0,2,-0.6,-0.6,-0.61200005,1.0040797,0.0,0.099065,0.0,0.0,0.018,0.0,0.012,0.6,0.6,-26.837118,2.2090194,0.7363398,0.120000005,0.0,0.15777077,0.0,0.0
hardzero_only__c0p58__z1p00__lam0p000__nu0p50__psi0p00,0.018,borrow,30,861,0.0,2,-0.6,-0.6,-0.61200005,1.0245334,0.0,0.094507575,0.0,0.0,0.018,0.0,0.012,0.6,0.6,-27.542429,2.2540185,0.75133955,0.14400001,0.0,0.15389387,0.0,0.0
hardzero_only__c0p58__z1p00__lam0p000__nu0p50__psi0p00,0.018,borrow,30,862,0.0,2,-0.6,-0.6,-0.61011314,0.9795171,0.10482936,0.10482936,1.0,0.0018869285,0.018,0.0,0.012,0.6,0.6,-26.490297,2.1549807,0.7183269,0.17600001,0.0,0.1503564,0.0,0.0
hardzero_only__c0p58__z1p00__lam0p000__nu0p50__psi0p00,0.018,borrow,30,863,0.0,2,-0.6,-0.6,-0.61200005,1.0372177,0.0,0.091787234,0.0,0.0,0.018,0.0,0.012,0.6,0.6,-27.696545,2.2819245,0.7606415,0.136,0.0,0.16832584,0.0,0.0
hardzero_only__c0p58__z1p00__lam0p000__nu0p50__psi0p00,0.018,borrow,30,864,0.0,2,-0.6,-0.6,-0.6101405,0.9858714,0.10330674,0.10330674,1.0,0.0018595213,0.018,0.0,0.012,0.6,0.6,-27.058878,2.1689603,0.7229868,0.17600001,0.0,0.17409486,0.0,0.0
hardzero_only__c0p58__z1p00__lam0p000__nu0p50__psi0p00,0.018,borrow,30,865,0.0,2,-0.6,-0.6,-0.61200005,1.0255324,0.0,0.094290435,0.0,0.0,0.018,0.0,0.012,0.6,0.6,-27.647255,2.2562163,0.7520721,0.208,0.0,0.17326987,0.0,0.0
hardzero_only__c0p58__z1p00__lam0p000__nu0p50__psi0p00,0.018,borrow,30,866,0.0,2,-0.6,-0.6,-0.61200005,1.0013851,0.0,0.09968157,0.0,0.0,0.018,0.0,0.012,0.6,0.6,-26.248695,2.2030911,0.73436373,0.192,0.0,0.16387182,0.0,0.0
hardzero_only__c0p58__z1p00__lam0p000__nu0p50__psi0p00,0.018,borrow,30,867,0.0,2,-0.6,-0.6,-0.61200005,1.0464796,0.0,0.089850485,0.0,0.0,0.018,0.0,0.012,0.6,0.6,-26.999243,2.302301,0.76743364,0.2,0.0,0.15805112,0.0,0.0
hardzero_only__c0p58__z1p00__lam0p000__nu0p50__psi0p00,0.018,borrow,30,868,0.0,2,-0.6,-0.6,-0.61200005,1.0159934,0.0,0.09638436,0.0,0.0,0.018,0.0,0.012,0.6,0.6,-26.958359,2.23523,0.74507666,0.112,0.0,0.1528472,0.0,0.0
hardzero_only__c0p58__z1p00__lam0p000__nu0p50__psi0p00,0.018,borrow,30,869,0.0,2,-0.6,-0.6,-0.61200005,1.1045974,0.0,0.07859638,0.0,0.0,0.018,0.0,0.012,0.6,0.6,-28.523869,2.430163,0.8100543,0.120000005,0.008,0.200448,0.0,0.0
hardzero_only__c0p58__z1p00__lam0p000__nu0p50__psi0p00,0.018,borrow,30,870,0.0,2,-0.6,-0.6,-0.61200005,1.0311121,0.0,0.09308677,0.0,0.0,0.018,0.0,0.012,0.6,0.6,-27.129173,2.268492,0.756164,0.120000005,0.0,0.16291377,0.0,0.0
hardzero_only__c0p58__z1p00__lam0p000__nu0p50__psi0p00,0.018,borrow,30,871,0.0,2,-0.6,-0.6,-0.60992426,0.93808806,0.11532195,0.11532195,1.0,0.002075795,0.018,0.0,0.012,0.6,0.6,-26.195217,2.063835,0.687945,0.19,0.0,0.1269455,0.0,0.0
hardzero_only__c0p58__z1p00__lam0p000__nu0p50__psi0p00,0.018,borrow,30,872,0.0,2,-0.6,-0.6,-0.61200005,1.0330995,0.0,0.09266174,0.0,0.0,0.018,0.0,0.012,0.6,0.6,-26.714205,2.2728643,0.75762147,0.208,0.0,0.1630733,0.0,0.0
hardzero_only__c0p58__z1p00__lam0p000__nu0p50__psi0p00,0.018,borrow,30,873,0.0,2,-0.6,-0.6,-0.61200005,1.0509154,0.0,0.08893745,0.0,0.0,0.018,0.0,0.012,0.6,0.6,-27.547686,2.3120599,0.7706866,0.17600001,0.0,0.17486441,0.0,0.0
hardzero_only__c0p58__z1p00__lam0p000__nu0p50__psi0p00,0.018,borrow,30,874,0.0,2,-0.6,-0.6,-0.6101448,0.98687106,0.10306921,0.10306921,1.0,0.0018552457,0.018,0.0,0.012,0.6,0.6,-26.342417,2.1711597,0.72371995,0.18400002,0.0,0.15140294,0.0,0.0
hardzero_only__c0p58__z1p00__lam0p000__nu0p50__psi0p00,0.018,borrow,30,875,0.0,2,-0.6,-0.6,-0.61200005,1.0304282,0.0,0.09323347,0.0,0.0,0.018,0.0,0.012,0.6,0.6,-27.669874,2.2669873,0.75566244,0.096,0.0,0.17924118,0.0,0.0
hardzero_only__c0p58__z1p00__lam0p000__nu0p50__psi0p00,0.018,borrow,30,876,0.0,2,-0.6,-0.6,-0.61200005,1.0340283,0.0,0.0924638,0.0,0.0,0.018,0.0,0.012,0.6,0.6,-28.194408,2.2749076,0.75830257,0.096,0.0,0.18159404,0.0,0.0
hardzero_only__c0p58__z1p00__lam0p000__nu0p50__psi0p00,0.018,borrow,30,877,0.0,2,-0.6,-0.6,-0.61200005,1.0224102,0.0,0.094970755,0.0,0.0,0.018,0.0,0.012,0.6,0.6,-26.938118,2.2493472,0.74978244,0.15200001,0.0,0.155073,0.0,0.0
hardzero_only__c0p58__z1p00__lam0p000__nu0p50__psi0p00,0.018,borrow,30,878,0.0,2,-0.6,-0.6,-0.61011785,0.9806097,0.10456593,0.10456593,1.0,0.0018821867,0.018,0.0,0.012,0.6,0.6,-25.612259,2.1573844,0.71912813,0.192,0.0,0.17463072,0.0,0.0
hardzero_only__c0p58__z1p00__lam0p000__nu0p50__psi0p00,0.018,borrow,30,879,0.0,2,-0.6,-0.6,-0.61200005,1.0090681,0.0,0.09793362,0.0,0.0,0.018,0.0,0.012,0.6,0.6,-27.393349,2.2199943,0.7399981,0.208,0.0,0.19505674,0.0,0.0
hardzero_only__c0p58__z1p00__lam0p000__nu0p50__psi0p00,0.018,borrow,30,880,0.0,2,-0.6,-0.6,-0.6101361,0.9848336,0.10355388,0.10355388,1.0,0.0018639697,0.018,0.0,0.012,0.6,0.6,-26.57997,2.1666772,0.7222258,0.18400002,0.0,0.16504604,0.0,0.0
hardzero_only__c0p58__z1p00__lam0p000__nu0p50__psi0p00,0.018,borrow,30,881,0.0,2,-0.6,-0.6,-0.6099719,0.9481705,0.1126755,0.1126755,1.0,0.0020281589,0.018,0.0,0.012,0.6,0.6,-26.108894,2.0860167,0.6953389,0.136,0.0,0.15577999,0.0,0.0
hardzero_only__c0p58__z1p00__lam0p000__nu0p50__psi0p00,0.018,borrow,30,882,0.0,2,-0.6,-0.6,-0.6100971,0.975854,0.10571729,0.10571729,1.0,0.0019029111,0.018,0.0,0.012,0.6,0.6,-25.966095,2.1469216,0.71564054,0.136,0.0,0.14761667,0.0,0.0
hardzero_only__c0p58__z1p00__lam0p000__nu0p50__psi0p00,0.018,borrow,30,883,0.0,2,-0.6,-0.6,-0.6099774,0.94935817,0.112367794,0.112367794,1.0,0.0020226203,0.018,0.0,0.012,0.6,0.6,-25.782879,2.0886297,0.6962099,0.17600001,0.0,0.12702924,0.0,0.0
hardzero_only__c0p58__z1p00__lam0p000__nu0p50__psi0p00,0.018,borrow,30,884,0.0,2,-0.6,-0.6,-0.6101428,0.98640716,0.10317936,0.10317936,1.0,0.0018572283,0.018,0.0,0.012,0.6,0.6,-26.502821,2.170139,0.72337973,0.17999999,0.0,0.13892831,0.0,0.0
hardzero_only__c0p58__z1p00__lam0p000__nu0p50__psi0p00,0.018,borrow,30,885,0.0,2,-0.6,-0.6,-0.6099913,0.95235354,0.11159544,0.11159544,1.0,0.0020087177,0.018,0.0,0.012,0.6,0.6,-25.299274,2.0952196,0.6984066,0.18400002,0.0,0.14371407,0.0,0.0
hardzero_only__c0p58__z1p00__lam0p000__nu0p50__psi0p00,0.018,borrow,30,886,0.0,2,-0.6,-0.6,-0.61200005,1.0176733,0.0,0.096012264,0.0,0.0,0.018,0.0,0.012,0.6,0.6,-26.80624,2.238926,0.7463087,0.128,0.0,0.18105589,0.0,0.0
hardzero_only__c0p58__z1p00__lam0p000__nu0p50__psi0p00,0.018,borrow,30,887,0.0,2,-0.6,-0.6,-0.6101507,0.98824686,0.10274321,0.10274321,1.0,0.0018493776,0.018,0.0,0.012,0.6,0.6,-27.481213,2.1741865,0.7247288,0.192,0.0,0.15076686,0.0,0.0
hardzero_only__c0p58__z1p00__lam0p000__nu0p50__psi0p00,0.018,borrow,30,888,0.0,2,-0.6,-0.6,-0.61200005,1.0094768,0.0,0.09784152,0.0,0.0,0.018,0.0,0.012,0.6,0.6,-27.055414,2.2208931,0.74029773,0.128,0.0,0.14721154,0.0,0.0
hardzero_only__c0p58__z1p00__lam0p000__nu0p50__psi0p00,0.018,borrow,30,889,0.0,2,-0.6,-0.6,-0.61200005,1.0587686,0.0,0.087343656,0.0,0.0,0.018,0.0,0.012,0.6,0.6,-28.397984,2.3293376,0.77644587,0.120000005,0.0,0.16193494,0.0,0.0
hardzero_only__c0p58__z1p00__lam0p000__nu0p50__psi0p00,0.018,borrow,30,890,0.0,2,-0.6,-0.6,-0.61200005,1.0472888,0.0,0.08968322,0.0,0.0,0.018,0.0,0.012,0.6,0.6,-27.621498,2.3040812,0.76802707,0.15200001,0.0,0.16987719,0.0,0.0
hardzero_only__c0p58__z1p00__lam0p000__nu0p50__psi0p00,0.018,borrow,30,891,0.0,2,-0.6,-0.6,-0.6101388,0.98545873,0.10340493,0.10340493,1.0,0.0018612887,0.018,0.0,0.012,0.6,0.6,-27.09143,2.1680524,0.72268414,0.15200001,0.0,0.16447167,0.0,0.0
hardzero_only__c0p58__z1p00__lam0p000__nu0p50__psi0p00,0.018,borrow,30,892,0.0,2,-0.6,-0.6,-0.6101911,0.9978477,0.10049683,0.10049683,1.0,0.0018089429,0.018,0.0,0.012,0.6,0.6,-27.217686,2.1953087,0.73176956,0.18400002,0.0,0.16977237,0.0,0.0
hardzero_only__c0p58__z1p00__lam0p000__nu0p50__psi0p00,0.018,borrow,30,893,0.0,2,-0.6,-0.6,-0.6101594,0.99030054,0.10225851,0.10225851,1.0,0.0018406531,0.018,0.0,0.012,0.6,0.6,-26.454298,2.1787047,0.7262349,0.17600001,0.0,0.17217608,0.0,0.0
hardzero_only__c0p58__z1p00__lam0p000__nu0p50__psi0p00,0.018,borrow,30,894,0.0,2,-0.6,-0.6,-0.61200005,1.037875,0.0,0.0916484,0.0,0.0,0.018,0.0,0.012,0.6,0.6,-27.517569,2.2833707,0.7611236,0.120000005,0.0,0.15539801,0.0,0.0
hardzero_only__c0p58__z1p00__lam0p000__nu0p50__psi0p00,0.018,borrow,30,895,0.0,2,-0.6,-0.6,-0.61200005,1.042874,0.0,0.090599544,0.0,0.0,0.018,0.0,0.012,0.6,0.6,-28.673298,2.2943685,0.7647895,0.17600001,0.0,0.19423498,0.0,0.0
hardzero_only__c0p58__z1p00__lam0p000__nu0p50__psi0p00,0.018,borrow,30,896,0.0,2,-0.6,-0.6,-0.61200005,1.0192585,0.0,0.09566244,0.0,0.0,0.018,0.0,0.012,0.6,0.6,-27.081615,2.2424135,0.7474712,0.136,0.0,0.14246663,0.0,0.0
hardzero_only__c0p58__z1p00__lam0p000__nu0p50__psi0p00,0.018,borrow,30,897,0.0,2,-0.6,-0.6,-0.61200005,1.034187,0.0,0.09243001,0.0,0.0,0.018,0.0,0.012,0.6,0.6,-27.028273,2.2752569,0.758419,0.19999999,0.0,0.16630761,0.0,0.0
hardzero_only__c0p58__z1p00__lam0p000__nu0p50__psi0p00,0.018,borrow,30,898,0.0,2,-0.6,-0.6,-0.61200005,1.0514197,0.0,0.088834204,0.0,0.0,0.018,0.0,0.012,0.6,0.6,-27.509363,2.3131697,0.7710566,0.16000001,0.0,0.155022,0.0,0.0
hardzero_only__c0p58__z1p00__lam0p000__nu0p50__psi0p00,0.018,borrow,30,899,0.0,2,-0.6,-0.6,-0.61200005,1.042747,0.0,0.09062602,0.0,0.0,0.018,0.0,0.012,0.6,0.6,-27.524998,2.2940893,0.7646965,0.16800001,0.0,0.15697302,0.0,0.0
hardzero_only__c0p58__z1p00__lam0p000__nu0p50__psi0p00,0.018,borrow,30,900,0.0,2,-0.6,-0.6,-0.610012,0.95684993,0.110446006,0.110446006,1.0,0.001988028,0.018,0.0,0.012,0.6,0.6,-26.092527,2.1051118,0.70170397,0.16800001,0.0,0.15669203,0.0,0.0
hardzero_only__c0p58__z1p00__lam0p000__nu0p50__psi0p00,0.018,borrow,30,901,0.0,2,-0.6,-0.6,-0.61200005,1.0526991,0.0,0.08857291,0.0,0.0,0.018,0.0,0.012,0.6,0.6,-28.408382,2.3159842,0.77199477,0.14400001,0.0,0.17969537,0.0,0.0
hardzero_only__c0p58__z1p00__lam0p000__nu0p50__psi0p00,0.018,borrow,30,902,0.0,2,-0.6,-0.6,-0.61200005,1.0019122,0.0,0.09956065,0.0,0.0,0.018,0.0,0.012,0.6,0.6,-26.729382,2.2042508,0.7347503,0.192,0.0,0.16612172,0.0,0.0
hardzero_only__c0p58__z1p00__lam0p000__nu0p50__psi0p00,0.018,borrow,30,903,0.0,2,-0.6,-0.6,-0.61200005,1.0048743,0.0,0.09888392,0.0,0.0,0.018,0.0,0.012,0.6,0.6,-26.961424,2.2107677,0.7369226,0.120000005,0.0,0.17023021,0.0,0.0
hardzero_only__c0p58__z1p00__lam0p000__nu0p50__psi0p00,0.018,borrow,30,904,0.0,2,-0.6,-0.6,-0.61200005,1.0929512,0.0,0.08073257,0.0,0.0,0.018,0.0,0.012,0.6,0.6,-28.204098,2.4045405,0.80151355,0.104,0.0,0.16508621,0.0,0.0
hardzero_only__c0p58__z1p00__lam0p000__nu0p50__psi0p00,0.018,borrow,30,905,0.0,2,-0.6,-0.6,-0.61200005,1.0157398,0.0,0.096440665,0.0,0.0,0.018,0.0,0.012,0.6,0.6,-27.323105,2.234672,0.7448907,0.120000005,0.0,0.13861237,0.0,0.0
hardzero_only__c0p58__z1p00__lam0p000__nu0p50__psi0p00,0.018,borrow,30,906,0.0,2,-0.6,-0.6,-0.6101376,0.9851867,0.10346972,0.10346972,1.0,0.0018624549,0.018,0.0,0.012,0.6,0.6,-26.297958,2.167454,0.7224847,0.15200001,0.0,0.13822933,0.0,0.0
hardzero_only__c0p58__z1p00__lam0p000__nu0p50__psi0p00,0.018,borrow,30,907,0.0,2,-0.6,-0.6,-0.61200005,1.0024431,0.0,0.099439025,0.0,0.0,0.018,0.0,0.012,0.6,0.6,-26.147322,2.2054188,0.7351396,0.128,0.0,0.13599928,0.0,0.0
hardzero_only__c0p58__z1p00__lam0p000__nu0p50__psi0p00,0.018,borrow,30,908,0.0,2,-0.6,-0.6,-0.61200005,1.019856,0.0,0.09553093,0.0,0.0,0.018,0.0,0.012,0.6,0.6,-27.165245,2.243728,0.7479093,0.16800001,0.0,0.19218507,0.0,0.0
hardzero_only__c0p58__z1p00__lam0p000__nu0p50__psi0p00,0.018,borrow,30,909,0.0,2,-0.6,-0.6,-0.6100956,0.9755057,0.10580211,0.10580211,1.0,0.0019044379,0.018,0.0,0.012,0.6,0.6,-26.4625,2.1461554,0.71538514,0.192,0.0,0.16842788,0.0,0.0
hardzero_only__c0p58__z1p00__lam0p000__nu0p50__psi0p00,0.018,borrow,30,910,0.0,2,-0.6,-0.6,-0.61200005,1.088484,0.0,0.08156727,0.0,0.0,0.018,0.0,0.012,0.6,0.6,-28.454077,2.3947127,0.79823756,0.16,0.0,0.1797215,0.0,0.0
hardzero_only__c0p58__z1p00__lam0p000__nu0p50__psi0p00,0.018,borrow,30,911,0.0,2,-0.6,-0.6,-0.61200005,1.0137104,0.0,0.09689238,0.0,0.0,0.018,0.0,0.012,0.6,0.6,-26.946884,2.2302074,0.7434025,0.192,0.0,0.14273451,0.0,0.0
hardzero_only__c0p58__z1p00__lam0p000__nu0p50__psi0p00,0.018,borrow,30,912,0.0,2,-0.6,-0.6,-0.6100745,0.97071874,0.10697474,0.10697474,1.0,0.0019255453,0.018,0.0,0.012,0.6,0.6,-26.547028,2.135624,0.71187466,0.17600001,0.0,0.1578462,0.0,0.0
hardzero_only__c0p58__z1p00__lam0p000__nu0p50__psi0p00,0.018,borrow,30,913,0.0,2,-0.6,-0.6,-0.61200005,1.0501359,0.0,0.089097224,0.0,0.0,0.018,0.0,0.012,0.6,0.6,-28.344154,2.310345,0.770115,0.136,0.0,0.18592577,0.0,0.0
hardzero_only__c0p58__z1p00__lam0p000__nu0p50__psi0p00,0.018,borrow,30,914,0.0,2,-0.6,-0.6,-0.61200005,1.0183715,0.0,0.09585804,0.0,0.0,0.018,0.0,0.012,0.6,0.6,-26.78993,2.240462,0.7468207,0.16000001,0.0,0.16105446,0.0,0.0
hardzero_only__c0p58__z1p00__lam0p000__nu0p50__psi0p00,0.018,borrow,30,915,0.0,2,-0.6,-0.6,-0.61016876,0.9925197,0.10173733,0.10173733,1.0,0.0018312718,0.018,0.0,0.012,0.6,0.6,-26.52419,2.1835868,0.7278623,0.14400001,0.0,0.1481151,0.0,0.0
hardzero_only__c0p58__z1p00__lam0p000__nu0p50__psi0p00,0.018,borrow,30,916,0.0,2,-0.6,-0.6,-0.61200005,1.0264512,0.0,0.09409115,0.0,0.0,0.018,0.0,0.012,0.6,0.6,-27.366095,2.2582378,0.752746,0.128,0.0,0.16088678,0.0,0.0
hardzero_only__c0p58__z1p00__lam0p000__nu0p50__psi0p00,0.018,borrow,30,917,0.0,2,-0.6,-0.6,-0.61200005,1.0270445,0.0,0.0939627,0.0,0.0,0.018,0.0,0.012,0.6,0.6,-27.200401,2.2595432,0.7531811,0.16000001,0.0,0.16672356,0.0,0.0
hardzero_only__c0p58__z1p00__lam0p000__nu0p50__psi0p00,0.018,borrow,30,918,0.0,2,-0.6,-0.6,-0.61200005,1.0547379,0.0,0.088158056,0.0,0.0,0.018,0.0,0.012,0.6,0.6,-27.704794,2.3204699,0.77348995,0.120000005,0.0,0.1498013,0.0,0.0
hardzero_only__c0p58__z1p00__lam0p000__nu0p50__psi0p00,0.018,borrow,30,919,0.0,2,-0.6,-0.6,-0.6099454,0.94253445,0.11414726,0.11414726,1.0,0.0020546506,0.018,0.0,0.012,0.6,0.6,-25.083586,2.0736172,0.69120574,0.17600001,0.0,0.15213758,0.0,0.0
hardzero_only__c0p58__z1p00__lam0p000__nu0p50__psi0p00,0.018,borrow,30,920,0.0,2,-0.6,-0.6,-0.610056,0.96656626,0.10800247,0.10800247,1.0,0.0019440444,0.018,0.0,0.012,0.6,0.6,-26.94694,2.1264882,0.7088294,0.15200001,0.0,0.14363274,0.0,0.0
hardzero_only__c0p58__z1p00__lam0p000__nu0p50__psi0p00,0.018,borrow,30,921,0.0,2,-0.6,-0.6,-0.6101001,0.9765224,0.105554715,0.105554715,1.0,0.0018999848,0.018,0.0,0.012,0.6,0.6,-27.040775,2.1483922,0.71613073,0.2,0.0,0.16928676,0.0,0.0
hardzero_only__c0p58__z1p00__lam0p000__nu0p50__psi0p00,0.018,borrow,30,922,0.0,2,-0.6,-0.6,-0.61200005,1.0234947,0.0,0.094733864,0.0,0.0,0.018,0.0,0.012,0.6,0.6,-27.37672,2.2517333,0.7505778,0.16800001,0.0,0.1616394,0.0,0.0
hardzero_only__c0p58__z1p00__lam0p000__nu0p50__psi0p00,0.018,borrow,30,923,0.0,2,-0.6,-0.6,-0.61200005,1.0678697,0.0,0.08553233,0.0,0.0,0.018,0.0,0.012,0.6,0.6,-28.254135,2.3493602,0.7831201,0.14999999,0.0,0.19101708,0.0,0.0
hardzero_only__c0p58__z1p00__lam0p000__nu0p50__psi0p00,0.018,borrow,30,924,0.0,2,-0.6,-0.6,-0.61200005,1.005694,0.0,0.09869747,0.0,0.0,0.018,0.0,0.012,0.6,0.6,-27.462543,2.2125711,0.73752373,0.136,0.0,0.17381811,0.0,0.0
hardzero_only__c0p58__z1p00__lam0p000__nu0p50__psi0p00,0.018,borrow,30,925,0.0,2,-0.6,-0.6,-0.61014473,0.98685646,0.103072666,0.103072666,1.0,0.001855308,0.018,0.0,0.012,0.6,0.6,-26.942566,2.1711276,0.7237092,0.18400002,0.0,0.15030307,0.0,0.0
hardzero_only__c0p58__z1p00__lam0p000__nu0p50__psi0p00,0.018,borrow,30,926,0.0,2,-0.6,-0.6,-0.61200005,1.0633094,0.0,0.086435184,0.0,0.0,0.018,0.0,0.012,0.6,0.6,-27.777014,2.3393276,0.77977586,0.120000005,0.0,0.17714813,0.0,0.0
hardzero_only__c0p58__z1p00__lam0p000__nu0p50__psi0p00,0.018,borrow,30,927,0.0,2,-0.6,-0.6,-0.61200005,1.0242987,0.0,0.09455866,0.0,0.0,0.018,0.0,0.012,0.6,0.6,-27.793154,2.2535021,0.7511674,0.16800001,0.0,0.16804317,0.0,0.0
hardzero_only__c0p58__z1p00__lam0p000__nu0p50__psi0p00,0.018,borrow,30,928,0.0,2,-0.6,-0.6,-0.61200005,1.0023775,0.0,0.09945406,0.0,0.0,0.018,0.0,0.012,0.6,0.6,-27.388044,2.2052746,0.73509157,0.2,0.0,0.17220114,0.0,0.0
hardzero_only__c0p58__z1p00__lam0p000__nu0p50__psi0p00,0.018,borrow,30,929,0.0,2,-0.6,-0.6,-0.6101805,0.99530846,0.10108613,0.10108613,1.0,0.0018195503,0.018,0.0,0.012,0.6,0.6,-27.252851,2.1897223,0.72990745,0.18400002,0.0,0.15817173,0.0,0.0
hardzero_only__c0p58__z1p00__lam0p000__nu0p50__psi0p00,0.018,borrow,30,930,0.0,2,-0.6,-0.6,-0.61016536,0.991706,0.1019281,0.1019281,1.0,0.0018347057,0.018,0.0,0.012,0.6,0.6,-26.272106,2.1817968,0.7272656,0.16800001,0.0,0.13434848,0.0,0.0
hardzero_only__c0p58__z1p00__lam0p000__nu0p50__psi0p00,0.018,borrow,30,931,0.0,2,-0.6,-0.6,-0.61017936,0.9950436,0.10114779,0.10114779,1.0,0.0018206602,0.018,0.0,0.012,0.6,0.6,-27.112427,2.1891396,0.7297132,0.17600001,0.0,0.14572006,0.0,0.0
hardzero_only__c0p58__z1p00__lam0p000__nu0p50__psi0p00,0.018,borrow,30,932,0.0,2,-0.6,-0.6,-0.61200005,1.0111537,0.0,0.09746445,0.0,0.0,0.018,0.0,0.012,0.6,0.6,-25.96298,2.2245827,0.74152756,0.17600001,0.0,0.14484535,0.0,0.0
hardzero_only__c0p58__z1p00__lam0p000__nu0p50__psi0p00,0.018,borrow,30,933,0.0,2,-0.6,-0.6,-0.61200005,1.0105828,0.0,0.09759266,0.0,0.0,0.018,0.0,0.012,0.6,0.6,-27.49949,2.2233264,0.74110883,0.14400001,0.0,0.15109587,0.0,0.0
hardzero_only__c0p58__z1p00__lam0p000__nu0p50__psi0p00,0.018,borrow,30,934,0.0,2,-0.6,-0.6,-0.61200005,1.0299131,0.0,0.09334411,0.0,0.0,0.018,0.0,0.012,0.6,0.6,-27.51588,2.2658541,0.7552847,0.14400001,0.0,0.15542193,0.0,0.0
hardzero_only__c0p58__z1p00__lam0p000__nu0p50__psi0p00,0.018,borrow,30,935,0.0,2,-0.6,-0.6,-0.61200005,1.045294,0.0,0.09009609,0.0,0.0,0.018,0.0,0.012,0.6,0.6,-27.355099,2.2996929,0.7665643,0.072000004,0.0,0.16461986,0.0,0.0
hardzero_only__c0p58__z1p00__lam0p000__nu0p50__psi0p00,0.018,borrow,30,936,0.0,2,-0.6,-0.6,-0.6101749,0.9939797,0.10139589,0.10139589,1.0,0.0018251259,0.018,0.0,0.012,0.6,0.6,-26.35906,2.186799,0.72893304,0.14999999,0.0,0.13893893,0.0,0.0
hardzero_only__c0p58__z1p00__lam0p000__nu0p50__psi0p00,0.018,borrow,30,937,0.0,2,-0.6,-0.6,-0.61200005,1.0059605,0.0,0.09863692,0.0,0.0,0.018,0.0,0.012,0.6,0.6,-27.094555,2.2131572,0.73771906,0.120000005,0.0,0.13884594,0.0,0.0
hardzero_only__c0p58__z1p00__lam0p000__nu0p50__psi0p00,0.018,borrow,30,938,0.0,2,-0.6,-0.6,-0.61200005,1.0401825,0.0,0.09116277,0.0,0.0,0.018,0.0,0.012,0.6,0.6,-27.111515,2.2884471,0.7628157,0.16800001,0.0,0.16326205,0.0,0.0
hardzero_only__c0p58__z1p00__lam0p000__nu0p50__psi0p00,0.018,borrow,30,939,0.0,2,-0.6,-0.6,-0.6101744,0.99385995,0.10142384,0.10142384,1.0,0.001825629,0.018,0.0,0.012,0.6,0.6,-26.240154,2.1865356,0.72884524,0.24000001,0.0,0.14397162,0.0,0.0
hardzero_only__c0p58__z1p00__lam0p000__nu0p50__psi0p00,0.018,borrow,30,940,0.0,2,-0.6,-0.6,-0.61005414,0.96615,0.10810606,0.10810606,1.0,0.001945909,0.018,0.0,0.012,0.6,0.6,-25.867981,2.1255724,0.70852417,0.192,0.0,0.14153746,0.0,0.0
hardzero_only__c0p58__z1p00__lam0p000__nu0p50__psi0p00,0.018,borrow,30,941,0.0,2,-0.6,-0.6,-0.61200005,1.0418829,0.0,0.09080654,0.0,0.0,0.018,0.0,0.012,0.6,0.6,-26.734388,2.2921882,0.76406276,0.056,0.0,0.17407356,0.0,0.0
hardzero_only__c0p58__z1p00__lam0p000__nu0p50__psi0p00,0.018,borrow,30,942,0.0,2,-0.6,-0.6,-0.61200005,1.023308,0.0,0.0947746,0.0,0.0,0.018,0.0,0.012,0.6,0.6,-27.725885,2.2513227,0.75044096,0.2,0.0,0.16401325,0.0,0.0
hardzero_only__c0p58__z1p00__lam0p000__nu0p50__psi0p00,0.018,borrow,30,943,0.0,2,-0.6,-0.6,-0.61200005,1.0309596,0.0,0.09311944,0.0,0.0,0.018,0.0,0.012,0.6,0.6,-28.552156,2.2681565,0.7560522,0.112,0.0,0.1583502,0.0,0.0
hardzero_only__c0p58__z1p00__lam0p000__nu0p50__psi0p00,0.018,borrow,30,944,0.0,2,-0.6,-0.6,-0.61200005,1.0508437,0.0,0.088952124,0.0,0.0,0.018,0.0,0.012,0.6,0.6,-27.983171,2.3119023,0.7706341,0.096,0.0,0.17092942,0.0,0.0
hardzero_only__c0p58__z1p00__lam0p000__nu0p50__psi0p00,0.018,borrow,30,945,0.0,2,-0.6,-0.6,-0.6099472,0.94292027,0.1140459,0.1140459,1.0,0.002052826,0.018,0.0,0.012,0.6,0.6,-25.891512,2.074466,0.6914887,0.17600001,0.0,0.16152807,0.0,0.0
hardzero_only__c0p58__z1p00__lam0p000__nu0p50__psi0p00,0.018,borrow,30,946,0.0,2,-0.6,-0.6,-0.61200005,1.0067443,0.0,0.09845908,0.0,0.0,0.018,0.0,0.012,0.6,0.6,-26.20786,2.2148817,0.7382939,0.128,0.0,0.16408962,0.0,0.0
hardzero_only__c0p58__z1p00__lam0p000__nu0p50__psi0p00,0.018,borrow,30,947,0.0,2,-0.6,-0.6,-0.61018777,0.9970442,0.10068291,0.10068291,1.0,0.0018122923,0.018,0.0,0.012,0.6,0.6,-27.247107,2.193541,0.73118037,0.112,0.0,0.17153405,0.0,0.0
hardzero_only__c0p58__z1p00__lam0p000__nu0p50__psi0p00,0.018,borrow,30,948,0.0,2,-0.6,-0.6,-0.61200005,1.0532881,0.0,0.08845285,0.0,0.0,0.018,0.0,0.012,0.6,0.6,-28.044386,2.31728,0.7724267,0.15200001,0.0,0.14742196,0.0,0.0
hardzero_only__c0p58__z1p00__lam0p000__nu0p50__psi0p00,0.018,borrow,30,949,0.0,2,-0.6,-0.6,-0.6100286,0.96049774,0.10952224,0.10952224,1.0,0.0019714,0.018,0.0,0.012,0.6,0.6,-25.987856,2.1131372,0.7043791,0.17999999,0.0,0.13801415,0.0,0.0
hardzero_only__c0p58__z1p00__lam0p000__nu0p50__psi0p00,0.018,borrow,30,950,0.0,2,-0.6,-0.6,-0.6100509,0.9654328,0.10828472,0.10828472,1.0,0.0019491249,0.018,0.0,0.012,0.6,0.6,-26.161703,2.1239946,0.7079982,0.216,0.008,0.16817185,0.0,0.0
hardzero_only__c0p58__z1p00__lam0p000__nu0p50__psi0p00,0.018,borrow,30,951,0.0,2,-0.6,-0.6,-0.6100588,0.9671939,0.107846506,0.107846506,1.0,0.001941237,0.018,0.0,0.012,0.6,0.6,-26.919933,2.1278691,0.7092897,0.24000001,0.0,0.1658521,0.0,0.0
hardzero_only__c0p58__z1p00__lam0p000__nu0p50__psi0p00,0.018,borrow,30,952,0.0,2,-0.6,-0.6,-0.61200005,1.0344242,0.0,0.09237954,0.0,0.0,0.018,0.0,0.012,0.6,0.6,-27.274544,2.2757785,0.75859284,0.136,0.0,0.15494275,0.0,0.0
hardzero_only__c0p58__z1p00__lam0p000__nu0p50__psi0p00,0.018,borrow,30,953,0.0,2,-0.6,-0.6,-0.6100893,0.97406816,0.10615289,0.10615289,1.0,0.0019107519,0.018,0.0,0.012,0.6,0.6,-25.989803,2.1429927,0.7143309,0.120000005,0.0,0.145271,0.0,0.0
hardzero_only__c0p58__z1p00__lam0p000__nu0p50__psi0p00,0.018,borrow,30,954,0.0,2,-0.6,-0.6,-0.61200005,1.0285242,0.0,0.09364311,0.0,0.0,0.018,0.0,0.012,0.6,0.6,-27.512072,2.2627983,0.75426614,0.192,0.0,0.18584873,0.0,0.0
hardzero_only__c0p58__z1p00__lam0p000__nu0p50__psi0p00,0.018,borrow,30,955,0.0,2,-0.6,-0.6,-0.61200005,1.059084,0.0,0.08728023,0.0,0.0,0.018,0.0,0.012,0.6,0.6,-27.611864,2.3300314,0.77667713,0.136,0.0,0.16456151,0.0,0.0
hardzero_only__c0p58__z1p00__lam0p000__nu0p50__psi0p00,0.018,borrow,30,956,0.0,2,-0.6,-0.6,-0.61200005,1.00117,0.0,0.099730946,0.0,0.0,0.018,0.0,0.012,0.6,0.6,-27.497725,2.2026181,0.7342061,0.16000001,0.0,0.15895277,0.0,0.0
hardzero_only__c0p58__z1p00__lam0p000__nu0p50__psi0p00,0.018,borrow,30,957,0.0,2,-0.6,-0.6,-0.6101206,0.9812429,0.1044136,0.1044136,1.0,0.0018794447,0.018,0.0,0.012,0.6,0.6,-26.522,2.1587775,0.7195925,0.208,0.0,0.14554136,0.0,0.0
hardzero_only__c0p58__z1p00__lam0p000__nu0p50__psi0p00,0.018,borrow,30,958,0.0,2,-0.6,-0.6,-0.61200005,1.0158218,0.0,0.09642245,0.0,0.0,0.018,0.0,0.012,0.6,0.6,-26.922377,2.2348526,0.7449509,0.18400002,0.0,0.14747988,0.0,0.0
hardzero_only__c0p58__z1p00__lam0p000__nu0p50__psi0p00,0.018,borrow,30,959,0.0,2,-0.6,-0.6,-0.61200005,1.0096682,0.0,0.0977984,0.0,0.0,0.018,0.0,0.012,0.6,0.6,-26.797176,2.2213144,0.74043816,0.216,0.0,0.1439255,0.0,0.0
hardzero_only__c0p58__z1p00__lam0p000__nu0p50__psi0p00,0.018,borrow,30,960,0.0,2,-0.6,-0.6,-0.61200005,1.0300578,0.0,0.09331302,0.0,0.0,0.018,0.0,0.012,0.6,0.6,-26.891542,2.2661724,0.7553908,0.18400002,0.0,0.15943673,0.0,0.0
hardzero_only__c0p58__z1p00__lam0p000__nu0p50__psi0p00,0.018,borrow,30,961,0.0,2,-0.6,-0.6,-0.61011374,0.97965395,0.10479632,0.10479632,1.0,0.0018863337,0.018,0.0,0.012,0.6,0.6,-26.750288,2.1552818,0.7184273,0.23200001,0.008,0.14317034,0.0,0.0
hardzero_only__c0p58__z1p00__lam0p000__nu0p50__psi0p00,0.018,borrow,30,962,0.0,2,-0.6,-0.6,-0.61200005,1.0174441,0.0,0.096062936,0.0,0.0,0.018,0.0,0.012,0.6,0.6,-27.467905,2.238422,0.74614066,0.17,0.0,0.1974596,0.0,0.0
hardzero_only__c0p58__z1p00__lam0p000__nu0p50__psi0p00,0.018,borrow,30,963,0.0,2,-0.6,-0.6,-0.61200005,1.0134562,0.0,0.09694909,0.0,0.0,0.018,0.0,0.012,0.6,0.6,-26.962286,2.229648,0.74321604,0.128,0.0,0.15176629,0.0,0.0
hardzero_only__c0p58__z1p00__lam0p000__nu0p50__psi0p00,0.018,borrow,30,964,0.0,2,-0.6,-0.6,-0.61200005,1.0190829,0.0,0.09570113,0.0,0.0,0.018,0.0,0.012,0.6,0.6,-26.935751,2.2420273,0.74734247,0.120000005,0.0,0.19292845,0.0,0.0
hardzero_only__c0p58__z1p00__lam0p000__nu0p50__psi0p00,0.018,borrow,30,965,0.0,2,-0.6,-0.6,-0.6101527,0.98872304,0.102630615,0.102630615,1.0,0.001847351,0.018,0.0,0.012,0.6,0.6,-27.21873,2.175234,0.72507805,0.23200001,0.0,0.15294519,0.0,0.0
hardzero_only__c0p58__z1p00__lam0p000__nu0p50__psi0p00,0.018,borrow,30,966,0.0,2,-0.6,-0.6,-0.61200005,1.0321071,0.0,0.09287373,0.0,0.0,0.018,0.0,0.012,0.6,0.6,-27.177826,2.270681,0.75689363,0.17600001,0.0,0.16331035,0.0,0.0
hardzero_only__c0p58__z1p00__lam0p000__nu0p50__psi0p00,0.018,borrow,30,967,0.0,2,-0.6,-0.6,-0.60991824,0.93683267,0.11565577,0.11565577,1.0,0.0020818037,0.018,0.0,0.012,0.6,0.6,-25.746206,2.061073,0.68702435,0.17600001,0.0,0.14157684,0.0,0.0
hardzero_only__c0p58__z1p00__lam0p000__nu0p50__psi0p00,0.018,borrow,30,968,0.0,2,-0.6,-0.6,-0.61008555,0.9732101,0.106362835,0.106362835,1.0,0.001914531,0.018,0.0,0.012,0.6,0.6,-25.262201,2.141105,0.71370167,0.208,0.0,0.13306685,0.0,0.0
hardzero_only__c0p58__z1p00__lam0p000__nu0p50__psi0p00,0.018,borrow,30,969,0.0,2,-0.6,-0.6,-0.61200005,1.0016543,0.0,0.09961983,0.0,0.0,0.018,0.0,0.012,0.6,0.6,-26.293388,2.2036834,0.73456115,0.23200001,0.0,0.17957588,0.0,0.0
hardzero_only__c0p58__z1p00__lam0p000__nu0p50__psi0p00,0.018,borrow,30,970,0.0,2,-0.6,-0.6,-0.61200005,1.0595261,0.0,0.08719143,0.0,0.0,0.018,0.0,0.012,0.6,0.6,-27.88902,2.331004,0.7770013,0.15200001,0.0,0.1881252,0.0,0.0
hardzero_only__c0p58__z1p00__lam0p000__nu0p50__psi0p00,0.018,borrow,30,971,0.0,2,-0.6,-0.6,-0.61017627,0.9942957,0.10132214,0.10132214,1.0,0.0018237984,0.018,0.0,0.012,0.6,0.6,-25.943634,2.1874943,0.7291648,0.16000001,0.0,0.16255671,0.0,0.0
hardzero_only__c0p58__z1p00__lam0p000__nu0p50__psi0p00,0.018,borrow,30,972,0.0,2,-0.6,-0.6,-0.61016,0.9904376,0.10222623,0.10222623,1.0,0.001840072,0.018,0.0,0.012,0.6,0.6,-26.595198,2.1790063,0.72633547,0.128,0.0,0.14669126,0.0,0.0
hardzero_only__c0p58__z1p00__lam0p000__nu0p50__psi0p00,0.018,borrow,30,973,0.0,2,-0.6,-0.6,-0.61200005,1.004843,0.0,0.09889106,0.0,0.0,0.018,0.0,0.012,0.6,0.6,-27.031916,2.2106986,0.73689955,0.128,0.0,0.1817548,0.0,0.0
hardzero_only__c0p58__z1p00__lam0p000__nu0p50__psi0p00,0.018,borrow,30,974,0.0,2,-0.6,-0.6,-0.6100766,0.97119236,0.10685815,0.10685815,1.0,0.0019234467,0.018,0.0,0.012,0.6,0.6,-25.808525,2.1366658,0.712222,0.18400002,0.0,0.1376024,0.0,0.0
hardzero_only__c0p58__z1p00__lam0p000__nu0p50__psi0p00,0.018,borrow,30,975,0.0,2,-0.6,-0.6,-0.61200005,1.0234329,0.0,0.09474737,0.0,0.0,0.018,0.0,0.012,0.6,0.6,-26.638144,2.2515972,0.7505324,0.19999999,0.0,0.15604334,0.0,0.0
hardzero_only__c0p58__z1p00__lam0p000__nu0p50__psi0p00,0.018,borrow,30,976,0.0,2,-0.6,-0.6,-0.61200005,1.0066469,0.0,0.09848115,0.0,0.0,0.018,0.0,0.012,0.6,0.6,-27.374115,2.2146673,0.7382225,0.14400001,0.0,0.15924866,0.0,0.0
hardzero_only__c0p58__z1p00__lam0p000__nu0p50__psi0p00,0.018,borrow,30,977,0.0,2,-0.6,-0.6,-0.61200005,1.0289962,0.0,0.09354138,0.0,0.0,0.018,0.0,0.012,0.6,0.6,-27.850187,2.2638369,0.7546123,0.120000005,0.0,0.16795829,0.0,0.0
hardzero_only__c0p58__z1p00__lam0p000__nu0p50__psi0p00,0.018,borrow,30,978,0.0,2,-0.6,-0.6,-0.61200005,1.0166864,0.0,0.096230686,0.0,0.0,0.018,0.0,0.012,0.6,0.6,-27.270473,2.236755,0.74558496,0.16000001,0.0,0.13982406,0.0,0.0
hardzero_only__c0p58__z1p00__lam0p000__nu0p50__psi0p00,0.018,borrow,30,979,0.0,2,-0.6,-0.6,-0.6100997,0.9764331,0.1055764,0.1055764,1.0,0.0019003751,0.018,0.0,0.012,0.6,0.6,-26.346493,2.1481957,0.7160653,0.2,0.0,0.13501537,0.0,0.0
hardzero_only__c0p58__z1p00__lam0p000__nu0p50__psi0p00,0.018,borrow,30,980,0.0,2,-0.6,-0.6,-0.6101019,0.9769367,0.10545405,0.10545405,1.0,0.0018981728,0.018,0.0,0.012,0.6,0.6,-26.365816,2.1493037,0.7164346,0.16000001,0.0,0.14185293,0.0,0.0
hardzero_only__c0p58__z1p00__lam0p000__nu0p50__psi0p00,0.018,borrow,30,981,0.0,2,-0.6,-0.6,-0.6101713,0.993118,0.10159727,0.10159727,1.0,0.0018287508,0.018,0.0,0.012,0.6,0.6,-27.451689,2.1849031,0.72830105,0.224,0.0,0.14787339,0.0,0.0
hardzero_only__c0p58__z1p00__lam0p000__nu0p50__psi0p00,0.018,borrow,30,982,0.0,2,-0.6,-0.6,-0.61200005,1.0301279,0.0,0.09329795,0.0,0.0,0.018,0.0,0.012,0.6,0.6,-26.21912,2.2663267,0.75544226,0.112,0.0,0.17436597,0.0,0.0
hardzero_only__c0p58__z1p00__lam0p000__nu0p50__psi0p00,0.018,borrow,30,983,0.0,2,-0.6,-0.6,-0.61200005,1.0030504,0.0,0.09930008,0.0,0.0,0.018,0.0,0.012,0.6,0.6,-27.210737,2.2067552,0.7355851,0.17600001,0.008,0.18926786,0.0,0.0
hardzero_only__c0p58__z1p00__lam0p000__nu0p50__psi0p00,0.018,borrow,30,984,0.0,2,-0.6,-0.6,-0.61200005,1.0267051,0.0,0.09403616,0.0,0.0,0.018,0.0,0.012,0.6,0.6,-26.470325,2.2587965,0.7529322,0.064,0.0,0.16497767,0.0,0.0
hardzero_only__c0p58__z1p00__lam0p000__nu0p50__psi0p00,0.018,borrow,30,985,0.0,2,-0.6,-0.6,-0.61200005,1.0996321,0.0,0.079500124,0.0,0.0,0.018,0.0,0.012,0.6,0.6,-28.402529,2.419239,0.80641305,0.112,0.0,0.17679448,0.0,0.0
hardzero_only__c0p58__z1p00__lam0p000__nu0p50__psi0p00,0.018,borrow,30,986,0.0,2,-0.6,-0.6,-0.61200005,1.0050576,0.0,0.098842196,0.0,0.0,0.018,0.0,0.012,0.6,0.6,-26.877216,2.211171,0.737057,0.216,0.0,0.16287158,0.0,0.0
hardzero_only__c0p58__z1p00__lam0p000__nu0p50__psi0p00,0.018,borrow,30,987,0.0,2,-0.6,-0.6,-0.61200005,1.020063,0.0,0.09548539,0.0,0.0,0.018,0.0,0.012,0.6,0.6,-27.953451,2.2441835,0.7480612,0.18400002,0.0,0.18094926,0.0,0.0
hardzero_only__c0p58__z1p00__lam0p000__nu0p50__psi0p00,0.018,borrow,30,988,0.0,2,-0.6,-0.6,-0.6100451,0.96413434,0.10860895,0.10860895,1.0,0.001954961,0.018,0.0,0.012,0.6,0.6,-25.555027,2.1211379,0.707046,0.17,0.0,0.14383046,0.0,0.0
hardzero_only__c0p58__z1p00__lam0p000__nu0p50__psi0p00,0.018,borrow,30,989,0.0,2,-0.6,-0.6,-0.61200005,1.0513029,0.0,0.08885811,0.0,0.0,0.018,0.0,0.012,0.6,0.6,-28.332024,2.3129127,0.77097094,0.104,0.0,0.15568748,0.0,0.0
hardzero_only__c0p58__z1p00__lam0p000__nu0p50__psi0p00,0.018,borrow,30,990,0.0,2,-0.6,-0.6,-0.6101726,0.99343735,0.10152257,0.10152257,1.0,0.0018274062,0.018,0.0,0.012,0.6,0.6,-26.882477,2.1856058,0.7285353,0.15200001,0.0,0.15289986,0.0,0.0
hardzero_only__c0p58__z1p00__lam0p000__nu0p50__psi0p00,0.018,borrow,30,991,0.0,2,-0.6,-0.6,-0.61200005,1.0094497,0.0,0.09784761,0.0,0.0,0.018,0.0,0.012,0.6,0.6,-27.372604,2.2208338,0.74027795,0.192,0.0,0.14932878,0.0,0.0
hardzero_only__c0p58__z1p00__lam0p000__nu0p50__psi0p00,0.018,borrow,30,992,0.0,2,-0.6,-0.6,-0.61200005,1.0027357,0.0,0.09937205,0.0,0.0,0.018,0.0,0.012,0.6,0.6,-27.323406,2.2060626,0.7353542,0.24000001,0.0,0.15776342,0.0,0.0
hardzero_only__c0p58__z1p00__lam0p000__nu0p50__psi0p00,0.018,borrow,30,993,0.0,2,-0.6,-0.6,-0.61013466,0.98450893,0.10363133,0.10363133,1.0,0.0018653639,0.018,0.0,0.012,0.6,0.6,-27.103275,2.165963,0.72198766,0.16000001,0.0,0.1670678,0.0,0.0
hardzero_only__c0p58__z1p00__lam0p000__nu0p50__psi0p00,0.018,borrow,30,994,0.0,2,-0.6,-0.6,-0.6101672,0.99215096,0.10182374,0.10182374,1.0,0.0018328272,0.018,0.0,0.012,0.6,0.6,-26.020943,2.1827757,0.72759193,0.120000005,0.0,0.15711468,0.0,0.0
hardzero_only__c0p58__z1p00__lam0p000__nu0p50__psi0p00,0.018,borrow,30,995,0.0,2,-0.6,-0.6,-0.61200005,1.03504,0.0,0.09224865,0.0,0.0,0.018,0.0,0.012,0.6,0.6,-28.267681,2.2771335,0.7590445,0.192,0.0,0.17083423,0.0,0.0
hardzero_only__c0p58__z1p00__lam0p000__nu0p50__psi0p00,0.018,borrow,30,996,0.0,2,-0.6,-0.6,-0.6098773,0.92837137,0.11793118,0.11793118,1.0,0.0021227612,0.018,0.0,0.012,0.6,0.6,-25.06342,2.0424578,0.6808193,0.18400002,0.0,0.13619846,0.0,0.0
hardzero_only__c0p58__z1p00__lam0p000__nu0p50__psi0p00,0.018,borrow,30,997,0.0,2,-0.6,-0.6,-0.61200005,1.0691684,0.0,0.085276924,0.0,0.0,0.018,0.0,0.012,0.6,0.6,-28.10186,2.3522177,0.7840726,0.104,0.0,0.17764929,0.0,0.0
hardzero_only__c0p58__z1p00__lam0p000__nu0p50__psi0p00,0.018,borrow,30,998,0.0,2,-0.6,-0.6,-0.610115,0.9799457,0.104725935,0.104725935,1.0,0.0018850667,0.018,0.0,0.012,0.6,0.6,-27.021763,2.1559236,0.7186412,0.16800001,0.0,0.1820213,0.0,0.0
hardzero_only__c0p58__z1p00__lam0p000__nu0p50__psi0p00,0.018,borrow,30,999,0.0,2,-0.6,-0.6,-0.60994303,0.94203746,0.11427796,0.11427796,1.0,0.002057003,0.018,0.0,0.012,0.6,0.6,-25.774683,2.0725238,0.6908413,0.24800001,0.0,0.14862452,0.0,0.0
hardzero_only__c0p58__z1p00__lam0p000__nu0p50__psi0p00,0.018,borrow,30,1000,0.0,2,-0.6,-0.6,-0.61200005,1.0539544,0.0,0.088317275,0.0,0.0,0.018,0.0,0.012,0.6,0.6,-27.854967,2.3187459,0.7729153,0.104,0.0,0.17861822,0.0,0.0
hardzero_only__c0p58__z1p00__lam0p000__nu0p50__psi0p00,0.018,borrow,30,1001,0.0,2,-0.6,-0.6,-0.61200005,1.051916,0.0,0.088732764,0.0,0.0,0.018,0.0,0.012,0.6,0.6,-27.840405,2.3142614,0.7714205,0.17999999,0.0,0.17021176,0.0,0.0
hardzero_only__c0p58__z1p00__lam0p000__nu0p50__psi0p00,0.018,borrow,30,1002,0.0,2,-0.6,-0.6,-0.61012733,0.982794,0.104041345,0.104041345,1.0,0.0018727442,0.018,0.0,0.012,0.6,0.6,-27.574072,2.16219,0.72073,0.120000005,0.0,0.15237868,0.0,0.0
hardzero_only__c0p58__z1p00__lam0p000__nu0p50__psi0p00,0.018,borrow,30,1003,0.0,2,-0.6,-0.6,-0.61200005,1.0560313,0.0,0.08789591,0.0,0.0,0.018,0.0,0.012,0.6,0.6,-27.203173,2.3233154,0.7744385,0.128,0.0,0.15785527,0.0,0.0
hardzero_only__c0p58__z1p00__lam0p000__nu0p50__psi0p00,0.018,borrow,30,1004,0.0,2,-0.6,-0.6,-0.61200005,1.0142418,0.0,0.096773885,0.0,0.0,0.018,0.0,0.012,0.6,0.6,-27.634401,2.2313766,0.74379224,0.18400002,0.0,0.15386471,0.0,0.0
hardzero_only__c0p58__z1p00__lam0p000__nu0p50__psi0p00,0.018,borrow,30,1005,0.0,2,-0.6,-0.6,-0.61200005,1.0461559,0.0,0.089917466,0.0,0.0,0.018,0.0,0.012,0.6,0.6,-27.664175,2.301589,0.76719636,0.16800001,0.0,0.15119293,0.0,0.0
hardzero_only__c0p58__z1p00__lam0p000__nu0p50__psi0p00,0.018,borrow,30,1006,0.0,2,-0.6,-0.6,-0.61200005,1.0466478,0.0,0.0898157,0.0,0.0,0.018,0.0,0.012,0.6,0.6,-26.866394,2.3026712,0.7675571,0.080000006,0.0,0.14152269,0.0,0.0
hardzero_only__c0p58__z1p00__lam0p000__nu0p50__psi0p00,0.018,borrow,30,1007,0.0,2,-0.6,-0.6,-0.6101899,0.99756265,0.10056279,0.10056279,1.0,0.0018101301,0.018,0.0,0.012,0.6,0.6,-27.11389,2.1946816,0.7315606,0.128,0.0,0.14663422,0.0,0.0
hardzero_only__c0p58__z1p00__lam0p000__nu0p50__psi0p00,0.018,borrow,30,1008,0.0,2,-0.6,-0.6,-0.61200005,1.0353823,0.0,0.09217597,0.0,0.0,0.018,0.0,0.012,0.6,0.6,-27.917412,2.2778864,0.75929546,0.18400002,0.0,0.17470528,0.0,0.0
hardzero_only__c0p58__z1p00__lam0p000__nu0p50__psi0p00,0.018,borrow,30,1009,0.0,2,-0.6,-0.6,-0.61200005,1.0309647,0.0,0.093118355,0.0,0.0,0.018,0.0,0.012,0.6,0.6,-26.855806,2.2681677,0.75605595,0.136,0.0,0.17007338,0.0,0.0
hardzero_only__c0p58__z1p00__lam0p000__nu0p50__psi0p00,0.018,borrow,30,1010,0.0,2,-0.6,-0.6,-0.61200005,1.0064454,0.0,0.09852685,0.0,0.0,0.018,0.0,0.012,0.6,0.6,-26.937384,2.214224,0.7380747,0.096,0.0,0.13608214,0.0,0.0
hardzero_only__c0p58__z1p00__lam0p000__nu0p50__psi0p00,0.018,borrow,30,1011,0.0,2,-0.6,-0.6,-0.61200005,1.0563169,0.0,0.08783813,0.0,0.0,0.018,0.0,0.012,0.6,0.6,-28.697067,2.3239434,0.77464783,0.136,0.0,0.15935467,0.0,0.0
hardzero_only__c0p58__z1p00__lam0p000__nu0p50__psi0p00,0.018,borrow,30,1012,0.0,2,-0.6,-0.6,-0.61200005,1.0428865,0.0,0.09059693,0.0,0.0,0.018,0.0,0.012,0.6,0.6,-27.73651,2.2943962,0.76479876,0.17600001,0.0,0.18890204,0.0,0.0
hardzero_only__c0p58__z1p00__lam0p000__nu0p50__psi0p00,0.018,borrow,30,1013,0.0,2,-0.6,-0.6,-0.61200005,1.0384904,0.0,0.091518655,0.0,0.0,0.018,0.0,0.012,0.6,0.6,-27.275665,2.2847245,0.76157486,0.128,0.0,0.13648896,0.0,0.0
hardzero_only__c0p58__z1p00__lam0p000__nu0p50__psi0p00,0.018,borrow,30,1014,0.0,2,-0.6,-0.6,-0.61200005,1.0234787,0.0,0.09473734,0.0,0.0,0.018,0.0,0.012,0.6,0.6,-27.888401,2.2516983,0.7505661,0.12,0.0,0.1720026,0.0,0.0
hardzero_only__c0p58__z1p00__lam0p000__nu0p50__psi0p00,0.018,borrow,30,1015,0.0,2,-0.6,-0.6,-0.61200005,1.0297952,0.0,0.093369454,0.0,0.0,0.018,0.0,0.012,0.6,0.6,-27.0425,2.2655945,0.7551982,0.128,0.0,0.13665591,0.0,0.0
hardzero_only__c0p58__z1p00__lam0p000__nu0p50__psi0p00,0.018,borrow,30,1016,0.0,2,-0.6,-0.6,-0.61005807,0.9670215,0.10788934,0.10788934,1.0,0.001942008,0.018,0.0,0.012,0.6,0.6,-26.043848,2.1274898,0.7091633,0.216,0.0,0.14875412,0.0,0.0
hardzero_only__c0p58__z1p00__lam0p000__nu0p50__psi0p00,0.018,borrow,30,1017,0.0,2,-0.6,-0.6,-0.61200005,1.0340172,0.0,0.09246615,0.0,0.0,0.018,0.0,0.012,0.6,0.6,-27.50463,2.2748833,0.75829446,0.080000006,0.0,0.16886416,0.0,0.0
hardzero_only__c0p58__z1p00__lam0p000__nu0p50__psi0p00,0.018,borrow,30,1018,0.0,2,-0.6,-0.6,-0.61200005,1.0420773,0.0,0.090765886,0.0,0.0,0.018,0.0,0.012,0.6,0.6,-27.927671,2.292616,0.76420534,0.136,0.0,0.1746873,0.0,0.0
hardzero_only__c0p58__z1p00__lam0p000__nu0p50__psi0p00,0.018,borrow,30,1019,0.0,2,-0.6,-0.6,-0.61200005,1.03297,0.0,0.092689395,0.0,0.0,0.018,0.0,0.012,0.6,0.6,-27.99326,2.2725792,0.7575264,0.17600001,0.0,0.16000761,0.0,0.0
hardzero_only__c0p58__z1p00__lam0p000__nu0p50__psi0p00,0.018,borrow,30,1020,0.0,2,-0.6,-0.6,-0.61012113,0.9813673,0.10438371,0.10438371,1.0,0.0018789066,0.018,0.0,0.012,0.6,0.6,-25.75968,2.1590512,0.71968377,0.16000001,0.0,0.13669237,0.0,0.0
hardzero_only__c0p58__z1p00__lam0p000__nu0p50__psi0p00,0.018,borrow,30,1021,0.0,2,-0.6,-0.6,-0.61200005,1.0166641,0.0,0.09623562,0.0,0.0,0.018,0.0,0.012,0.6,0.6,-26.530443,2.2367058,0.74556863,0.104,0.0,0.16059443,0.0,0.0
hardzero_only__c0p58__z1p00__lam0p000__nu0p50__psi0p00,0.018,borrow,30,1022,0.0,2,-0.6,-0.6,-0.61200005,1.0070477,0.0,0.09839032,0.0,0.0,0.018,0.0,0.012,0.6,0.6,-26.827631,2.215549,0.73851633,0.2,0.0,0.16521521,0.0,0.0
hardzero_only__c0p58__z1p00__lam0p000__nu0p50__psi0p00,0.018,borrow,30,1023,0.0,2,-0.6,-0.6,-0.61200005,1.0095284,0.0,0.097829886,0.0,0.0,0.018,0.0,0.012,0.6,0.6,-26.134974,2.2210069,0.74033564,0.08800001,0.0,0.14502978,0.0,0.0
hardzero_only__c0p58__z1p00__lam0p000__nu0p50__psi0p00,0.018,borrow,30,1024,0.0,2,-0.6,-0.6,-0.61200005,1.0584129,0.0,0.08741522,0.0,0.0,0.018,0.0,0.012,0.6,0.6,-28.113447,2.3285549,0.776185,0.128,0.0,0.18087208,0.0,0.0
hardzero_only__c0p58__z1p00__lam0p000__nu0p50__psi0p00,0.018,borrow,30,1025,0.0,2,-0.6,-0.6,-0.61200005,1.0053337,0.0,0.09877939,0.0,0.0,0.018,0.0,0.012,0.6,0.6,-26.781797,2.2117782,0.7372594,0.15200001,0.0,0.14944799,0.0,0.0
hardzero_only__c0p58__z1p00__lam0p000__nu0p50__psi0p00,0.018,borrow,30,1026,0.0,2,-0.6,-0.6,-0.6101856,0.9965316,0.100801826,0.100801826,1.0,0.0018144328,0.018,0.0,0.012,0.6,0.6,-26.453218,2.1924133,0.73080444,0.104,0.0,0.1435901,0.0,0.0
hardzero_only__c0p58__z1p00__lam0p000__nu0p50__psi0p00,0.018,borrow,30,1027,0.0,2,-0.6,-0.6,-0.61200005,1.0062952,0.0,0.098560944,0.0,0.0,0.018,0.0,0.012,0.6,0.6,-26.45528,2.2138937,0.7379646,0.14999999,0.0,0.13282627,0.0,0.0
hardzero_only__c0p58__z1p00__lam0p000__nu0p50__psi0p00,0.018,borrow,30,1028,0.0,2,-0.6,-0.6,-0.61200005,1.0196162,0.0,0.09558367,0.0,0.0,0.018,0.0,0.012,0.6,0.6,-27.362839,2.2432005,0.74773353,0.16800001,0.0,0.16560388,0.0,0.0
hardzero_only__c0p58__z1p00__lam0p000__nu0p50__psi0p00,0.018,borrow,30,1029,0.0,2,-0.6,-0.6,-0.61200005,1.0750942,0.0,0.08412125,0.0,0.0,0.018,0.0,0.012,0.6,0.6,-28.332117,2.3652546,0.78841823,0.120000005,0.0,0.1873158,0.0,0.0
hardzero_only__c0p58__z1p00__lam0p000__nu0p50__psi0p00,0.018,borrow,30,1030,0.0,2,-0.6,-0.6,-0.61200005,1.0127548,0.0,0.0971058,0.0,0.0,0.018,0.0,0.012,0.6,0.6,-27.710579,2.228105,0.7427017,0.16000001,0.0,0.1726523,0.0,0.0
hardzero_only__c0p58__z1p00__lam0p000__nu0p50__psi0p00,0.018,borrow,30,1031,0.0,2,-0.6,-0.6,-0.6101621,0.99093205,0.102109924,0.102109924,1.0,0.0018379786,0.018,0.0,0.012,0.6,0.6,-26.204264,2.180094,0.72669804,0.15200001,0.0,0.16292006,0.0,0.0
hardzero_only__c0p58__z1p00__lam0p000__nu0p50__psi0p00,0.018,borrow,30,1032,0.0,2,-0.6,-0.6,-0.61017376,0.99370134,0.1014609,0.1014609,1.0,0.0018262961,0.018,0.0,0.012,0.6,0.6,-26.231356,2.1861866,0.7287289,0.18400002,0.0,0.1656375,0.0,0.0
hardzero_only__c0p58__z1p00__lam0p000__nu0p50__psi0p00,0.018,borrow,30,1033,0.0,2,-0.6,-0.6,-0.6100347,0.96183676,0.10918508,0.10918508,1.0,0.0019653314,0.018,0.0,0.012,0.6,0.6,-26.397785,2.1160831,0.70536107,0.136,0.0,0.16610381,0.0,0.0
hardzero_only__c0p58__z1p00__lam0p000__nu0p50__psi0p00,0.018,borrow,30,1034,0.0,2,-0.6,-0.6,-0.6101507,0.9882526,0.10274187,0.10274187,1.0,0.0018493535,0.018,0.0,0.012,0.6,0.6,-26.467237,2.174199,0.72473305,0.264,0.008,0.14799984,0.0,0.0
hardzero_only__c0p58__z1p00__lam0p000__nu0p50__psi0p00,0.018,borrow,30,1035,0.0,2,-0.6,-0.6,-0.61200005,1.0228673,0.0,0.09487081,0.0,0.0,0.018,0.0,0.012,0.6,0.6,-27.225065,2.250353,0.7501177,0.18400002,0.0,0.15465625,0.0,0.0
hardzero_only__c0p58__z1p00__lam0p000__nu0p50__psi0p00,0.018,borrow,30,1036,0.0,2,-0.6,-0.6,-0.61200005,1.0175445,0.0,0.09604074,0.0,0.0,0.018,0.0,0.012,0.6,0.6,-27.118912,2.2386427,0.7462143,0.192,0.0,0.15183878,0.0,0.0
hardzero_only__c0p58__z1p00__lam0p000__nu0p50__psi0p00,0.018,borrow,30,1037,0.0,2,-0.6,-0.6,-0.61200005,1.0408411,0.0,0.09102462,0.0,0.0,0.018,0.0,0.012,0.6,0.6,-27.618206,2.2898962,0.76329875,0.18400002,0.0,0.17884555,0.0,0.0
hardzero_only__c0p58__z1p00__lam0p000__nu0p50__psi0p00,0.018,borrow,30,1038,0.0,2,-0.6,-0.6,-0.61200005,1.001661,0.0,0.09961828,0.0,0.0,0.018,0.0,0.012,0.6,0.6,-25.63331,2.2036982,0.7345661,0.15200001,0.0,0.1447506,0.0,0.0
hardzero_only__c0p58__z1p00__lam0p000__nu0p50__psi0p00,0.018,borrow,30,1039,0.0,2,-0.6,-0.6,-0.61200005,1.0040904,0.0,0.09906257,0.0,0.0,0.018,0.0,0.012,0.6,0.6,-27.270967,2.209043,0.7363477,0.192,0.0,0.15112987,0.0,0.0
hardzero_only__c0p58__z1p00__lam0p000__nu0p50__psi0p00,0.018,borrow,30,1040,0.0,2,-0.6,-0.6,-0.61200005,1.0168334,0.0,0.09619811,0.0,0.0,0.018,0.0,0.012,0.6,0.6,-26.215761,2.2370782,0.74569273,0.19999999,0.0,0.14243574,0.0,0.0
hardzero_only__c0p58__z1p00__lam0p000__nu0p50__psi0p00,0.018,borrow,30,1041,0.0,2,-0.6,-0.6,-0.61200005,1.0329614,0.0,0.092691235,0.0,0.0,0.018,0.0,0.012,0.6,0.6,-27.238607,2.2725604,0.75752014,0.192,0.0,0.15697259,0.0,0.0
hardzero_only__c0p58__z1p00__lam0p000__nu0p50__psi0p00,0.018,borrow,30,1042,0.0,2,-0.6,-0.6,-0.61200005,1.0384542,0.0,0.09152627,0.0,0.0,0.018,0.0,0.012,0.6,0.6,-27.221596,2.2846448,0.7615483,0.112,0.0,0.14158164,0.0,0.0
hardzero_only__c0p58__z1p00__lam0p000__nu0p50__psi0p00,0.018,borrow,30,1043,0.0,2,-0.6,-0.6,-0.61200005,1.0158473,0.0,0.0964168,0.0,0.0,0.018,0.0,0.012,0.6,0.6,-27.008081,2.2349088,0.7449696,0.192,0.0,0.18843791,0.0,0.0
hardzero_only__c0p58__z1p00__lam0p000__nu0p50__psi0p00,0.018,borrow,30,1044,0.0,2,-0.6,-0.6,-0.61200005,1.04578,0.0,0.08999534,0.0,0.0,0.018,0.0,0.012,0.6,0.6,-27.475353,2.3007617,0.76692057,0.15200001,0.0,0.16827686,0.0,0.0
hardzero_only__c0p58__z1p00__lam0p000__nu0p50__psi0p00,0.018,borrow,30,1045,0.0,2,-0.6,-0.6,-0.61200005,1.0343015,0.0,0.09240564,0.0,0.0,0.018,0.0,0.012,0.6,0.6,-28.321255,2.2755089,0.75850296,0.16800001,0.0,0.1875645,0.0,0.0
hardzero_only__c0p58__z1p00__lam0p000__nu0p50__psi0p00,0.018,borrow,30,1046,0.0,2,-0.6,-0.6,-0.61200005,1.0002341,0.0,0.099946104,0.0,0.0,0.018,0.0,0.012,0.6,0.6,-26.960867,2.200559,0.7335197,0.192,0.0,0.13266446,0.0,0.0
hardzero_only__c0p58__z1p00__lam0p000__nu0p50__psi0p00,0.018,borrow,30,1047,0.0,2,-0.6,-0.6,-0.61200005,1.0373871,0.0,0.091751434,0.0,0.0,0.018,0.0,0.012,0.6,0.6,-27.633835,2.2822971,0.76076573,0.14400001,0.0,0.16644733,0.0,0.0
hardzero_only__c0p58__z1p00__lam0p000__nu0p50__psi0p00,0.018,borrow,30,1048,0.0,2,-0.6,-0.6,-0.61200005,1.0084059,0.0,0.09808308,0.0,0.0,0.018,0.0,0.012,0.6,0.6,-26.627567,2.2185373,0.73951244,0.16000001,0.0,0.16196956,0.0,0.0
hardzero_only__c0p58__z1p00__lam0p000__nu0p50__psi0p00,0.018,borrow,30,1049,0.0,2,-0.6,-0.6,-0.61017746,0.9945785,0.101256184,0.101256184,1.0,0.0018226112,0.018,0.0,0.012,0.6,0.6,-26.807299,2.1881163,0.72937214,0.14400001,0.0,0.15735517,0.0,0.0
hardzero_only__c0p58__z1p00__lam0p000__nu0p50__psi0p00,0.018,borrow,30,1050,0.0,2,-0.6,-0.6,-0.61200005,1.0082318,0.0,0.09812242,0.0,0.0,0.018,0.0,0.012,0.6,0.6,-27.036293,2.2181542,0.7393848,0.18400002,0.0,0.16407189,0.0,0.0
hardzero_only__c0p58__z1p00__lam0p000__nu0p50__psi0p00,0.018,borrow,30,1051,0.0,2,-0.6,-0.6,-0.61200005,1.039861,0.0,0.09123028,0.0,0.0,0.018,0.0,0.012,0.6,0.6,-27.27319,2.2877398,0.7625799,0.15200001,0.0,0.17004782,0.0,0.0
hardzero_only__c0p58__z1p00__lam0p000__nu0p50__psi0p00,0.018,borrow,30,1052,0.0,2,-0.6,-0.6,-0.61013895,0.9855062,0.10339365,0.10339365,1.0,0.0018610856,0.018,0.0,0.012,0.6,0.6,-26.519157,2.1681569,0.72271895,0.17600001,0.0,0.13385229,0.0,0.0
hardzero_only__c0p58__z1p00__lam0p000__nu0p50__psi0p00,0.018,borrow,30,1053,0.0,2,-0.6,-0.6,-0.61200005,1.0341995,0.0,0.09242734,0.0,0.0,0.018,0.0,0.012,0.6,0.6,-27.40873,2.2752843,0.7584281,0.19,0.0,0.1895845,0.0,0.0
hardzero_only__c0p58__z1p00__lam0p000__nu0p50__psi0p00,0.018,borrow,30,1054,0.0,2,-0.6,-0.6,-0.61019945,0.99984956,0.10003465,0.10003465,1.0,0.0018006236,0.018,0.0,0.012,0.6,0.6,-27.467485,2.199713,0.7332377,0.15200001,0.0,0.15004681,0.0,0.0
hardzero_only__c0p58__z1p00__lam0p000__nu0p50__psi0p00,0.018,borrow,30,1055,0.0,2,-0.6,-0.6,-0.61200005,1.0259567,0.0,0.09419833,0.0,0.0,0.018,0.0,0.012,0.6,0.6,-26.70285,2.25715,0.75238335,0.120000005,0.0,0.14521025,0.0,0.0
hardzero_only__c0p58__z1p00__lam0p000__nu0p50__psi0p00,0.018,borrow,30,1056,0.0,2,-0.6,-0.6,-0.61200005,1.043194,0.0,0.090532795,0.0,0.0,0.018,0.0,0.012,0.6,0.6,-28.475126,2.2950728,0.7650243,0.14400001,0.0,0.16572785,0.0,0.0
hardzero_only__c0p58__z1p00__lam0p000__nu0p50__psi0p00,0.018,borrow,30,1057,0.0,2,-0.6,-0.6,-0.61200005,1.0185622,0.0,0.09581595,0.0,0.0,0.018,0.0,0.012,0.6,0.6,-27.120453,2.2408817,0.7469606,0.14400001,0.0,0.14682691,0.0,0.0
hardzero_only__c0p58__z1p00__lam0p000__nu0p50__psi0p00,0.018,borrow,30,1058,0.0,2,-0.6,-0.6,-0.61200005,1.0404401,0.0,0.09110871,0.0,0.0,0.018,0.0,0.012,0.6,0.6,-27.769619,2.2890139,0.76300466,0.15200001,0.0,0.1634713,0.0,0.0
hardzero_only__c0p58__z1p00__lam0p000__nu0p50__psi0p00,0.018,borrow,30,1059,0.0,2,-0.6,-0.6,-0.6101987,0.9996748,0.10007492,0.10007492,1.0,0.0018013484,0.018,0.0,0.012,0.6,0.6,-27.345005,2.1993284,0.7331095,0.224,0.0,0.15806618,0.0,0.0
hardzero_only__c0p58__z1p00__lam0p000__nu0p50__psi0p00,0.018,borrow,30,1060,0.0,2,-0.6,-0.6,-0.6100703,0.96976274,0.107210495,0.107210495,1.0,0.0019297889,0.018,0.0,0.012,0.6,0.6,-26.71595,2.1335206,0.71117353,0.17600001,0.0,0.13900234,0.0,0.0
hardzero_only__c0p58__z1p00__lam0p000__nu0p50__psi0p00,0.018,borrow,30,1061,0.0,2,-0.6,-0.6,-0.61200005,1.0179205,0.0,0.095957614,0.0,0.0,0.018,0.0,0.012,0.6,0.6,-26.967031,2.2394698,0.74648994,0.14400001,0.0,0.14937791,0.0,0.0
hardzero_only__c0p58__z1p00__lam0p000__nu0p50__psi0p00,0.018,borrow,30,1062,0.0,2,-0.6,-0.6,-0.61200005,1.0205405,0.0,0.09538047,0.0,0.0,0.018,0.0,0.012,0.6,0.6,-26.497786,2.2452338,0.7484113,0.120000005,0.0,0.1300576,0.0,0.0
hardzero_only__c0p58__z1p00__lam0p000__nu0p50__psi0p00,0.018,borrow,30,1063,0.0,2,-0.6,-0.6,-0.61200005,1.0125749,0.0,0.097146034,0.0,0.0,0.018,0.0,0.012,0.6,0.6,-27.869295,2.2277093,0.7425698,0.17600001,0.0,0.17356052,0.0,0.0
hardzero_only__c0p58__z1p00__lam0p000__nu0p50__psi0p00,0.018,borrow,30,1064,0.0,2,-0.6,-0.6,-0.61200005,1.030453,0.0,0.09322813,0.0,0.0,0.018,0.0,0.012,0.6,0.6,-27.277088,2.267042,0.7556807,0.16000001,0.0,0.17195457,0.0,0.0
hardzero_only__c0p58__z1p00__lam0p000__nu0p50__psi0p00,0.018,borrow,30,1065,0.0,2,-0.6,-0.6,-0.61200005,1.0223962,0.0,0.09497378,0.0,0.0,0.018,0.0,0.012,0.6,0.6,-27.183619,2.2493167,0.74977225,0.16800001,0.0,0.17119093,0.0,0.0
hardzero_only__c0p58__z1p00__lam0p000__nu0p50__psi0p00,0.018,borrow,30,1066,0.0,2,-0.6,-0.6,-0.6101952,0.99883,0.10026976,0.10026976,1.0,0.0018048555,0.018,0.0,0.012,0.6,0.6,-26.91493,2.19747,0.73249,0.13,0.0,0.14116256,0.0,0.0
hardzero_only__c0p58__z1p00__lam0p000__nu0p50__psi0p00,0.018,borrow,30,1067,0.0,2,-0.6,-0.6,-0.6101192,0.9809229,0.10449058,0.10449058,1.0,0.0018808303,0.018,0.0,0.012,0.6,0.6,-26.58778,2.1580734,0.71935785,0.192,0.0,0.16161421,0.0,0.0
hardzero_only__c0p58__z1p00__lam0p000__nu0p50__psi0p00,0.018,borrow,30,1068,0.0,2,-0.6,-0.6,-0.61200005,1.0035254,0.0,0.09919154,0.0,0.0,0.018,0.0,0.012,0.6,0.6,-26.60085,2.2078,0.7359333,0.14400001,0.0,0.15202099,0.0,0.0
hardzero_only__c0p58__z1p00__lam0p000__nu0p50__psi0p00,0.018,borrow,30,1069,0.0,2,-0.6,-0.6,-0.61200005,1.0686388,0.0,0.08538099,0.0,0.0,0.018,0.0,0.012,0.6,0.6,-28.870321,2.3510523,0.78368413,0.15200001,0.0,0.19366218,0.0,0.0
hardzero_only__c0p58__z1p00__lam0p000__nu0p50__psi0p00,0.018,borrow,30,1070,0.0,2,-0.6,-0.6,-0.6100313,0.9610841,0.109374434,0.109374434,1.0,0.0019687398,0.018,0.0,0.012,0.6,0.6,-26.631033,2.1144273,0.7048091,0.18400002,0.0,0.14287488,0.0,0.0
hardzero_only__c0p58__z1p00__lam0p000__nu0p50__psi0p00,0.018,borrow,30,1071,0.0,2,-0.6,-0.6,-0.61200005,1.0581814,0.0,0.08746184,0.0,0.0,0.018,0.0,0.012,0.6,0.6,-27.5644,2.3280456,0.7760152,0.120000005,0.0,0.16094676,0.0,0.0
hardzero_only__c0p58__z1p00__lam0p000__nu0p50__psi0p00,0.018,borrow,30,1072,0.0,2,-0.6,-0.6,-0.61200005,1.0487512,0.0,0.089381725,0.0,0.0,0.018,0.0,0.012,0.6,0.6,-27.333233,2.3072987,0.7690996,0.08800001,0.0,0.16527733,0.0,0.0
hardzero_only__c0p58__z1p00__lam0p000__nu0p50__psi0p00,0.018,borrow,30,1073,0.0,2,-0.6,-0.6,-0.6101471,0.9874113,0.102941066,0.102941066,1.0,0.0018529391,0.018,0.0,0.012,0.6,0.6,-26.486471,2.1723483,0.7241161,0.18400002,0.0,0.14695577,0.0,0.0
hardzero_only__c0p58__z1p00__lam0p000__nu0p50__psi0p00,0.018,borrow,30,1074,0.0,2,-0.6,-0.6,-0.61200005,1.0180033,0.0,0.095939316,0.0,0.0,0.018,0.0,0.012,0.6,0.6,-26.95019,2.2396522,0.74655074,0.2,0.0,0.17212011,0.0,0.0
hardzero_only__c0p58__z1p00__lam0p000__nu0p50__psi0p00,0.018,borrow,30,1075,0.0,2,-0.6,-0.6,-0.6101324,0.9839787,0.10375794,0.10375794,1.0,0.0018676429,0.018,0.0,0.012,0.6,0.6,-26.120459,2.1647964,0.7215988,0.16000001,0.0,0.15447137,0.0,0.0
hardzero_only__c0p58__z1p00__lam0p000__nu0p50__psi0p00,0.018,borrow,30,1076,0.0,2,-0.6,-0.6,-0.61200005,1.0219287,0.0,0.0950761,0.0,0.0,0.018,0.0,0.012,0.6,0.6,-27.81804,2.248288,0.74942935,0.17600001,0.0,0.17217444,0.0,0.0
hardzero_only__c0p58__z1p00__lam0p000__nu0p50__psi0p00,0.018,borrow,30,1077,0.0,2,-0.6,-0.6,-0.61018765,0.9970152,0.10068966,0.10068966,1.0,0.0018124138,0.018,0.0,0.012,0.6,0.6,-27.037916,2.1934772,0.7311591,0.136,0.0,0.16277887,0.0,0.0
hardzero_only__c0p58__z1p00__lam0p000__nu0p50__psi0p00,0.018,borrow,30,1078,0.0,2,-0.6,-0.6,-0.6100735,0.9704918,0.10703064,0.10703064,1.0,0.0019265513,0.018,0.0,0.012,0.6,0.6,-26.380327,2.1351247,0.71170825,0.17600001,0.0,0.13554041,0.0,0.0
hardzero_only__c0p58__z1p00__lam0p000__nu0p50__psi0p00,0.018,borrow,30,1079,0.0,2,-0.6,-0.6,-0.61200005,1.0070481,0.0,0.09839021,0.0,0.0,0.018,0.0,0.012,0.6,0.6,-27.456343,2.2155502,0.73851675,0.13,0.0,0.17821333,0.0,0.0
hardzero_only__c0p58__z1p00__lam0p000__nu0p50__psi0p00,0.018,borrow,30,1080,0.0,2,-0.6,-0.6,-0.61200005,1.0152619,0.0,0.09654686,0.0,0.0,0.018,0.0,0.012,0.6,0.6,-27.562822,2.2336206,0.7445402,0.104,0.0,0.14255598,0.0,0.0
hardzero_only__c0p58__z1p00__lam0p000__nu0p50__psi0p00,0.018,borrow,30,1081,0.0,2,-0.6,-0.6,-0.61200005,1.0002735,0.0,0.09993705,0.0,0.0,0.018,0.0,0.012,0.6,0.6,-27.603407,2.2006457,0.7335486,0.15200001,0.0,0.14915314,0.0,0.0
hardzero_only__c0p58__z1p00__lam0p000__nu0p50__psi0p00,0.018,borrow,30,1082,0.0,2,-0.6,-0.6,-0.61200005,1.0147568,0.0,0.096659206,0.0,0.0,0.018,0.0,0.012,0.6,0.6,-28.099266,2.2325096,0.7441699,0.136,0.0,0.17264333,0.0,0.0
hardzero_only__c0p58__z1p00__lam0p000__nu0p50__psi0p00,0.018,borrow,30,1083,0.0,2,-0.6,-0.6,-0.61200005,1.0887846,0.0,0.08151084,0.0,0.0,0.018,0.0,0.012,0.6,0.6,-28.192976,2.3953738,0.798458,0.120000005,0.008,0.14866884,0.0,0.0
hardzero_only__c0p58__z1p00__lam0p000__nu0p50__psi0p00,0.018,borrow,30,1084,0.0,2,-0.6,-0.6,-0.61200005,1.0689279,0.0,0.08532417,0.0,0.0,0.018,0.0,0.012,0.6,0.6,-28.211966,2.3516884,0.78389615,0.120000005,0.0,0.1751912,0.0,0.0
hardzero_only__c0p58__z1p00__lam0p000__nu0p50__psi0p00,0.018,borrow,30,1085,0.0,2,-0.6,-0.6,-0.61200005,1.0031667,0.0,0.099273495,0.0,0.0,0.018,0.0,0.012,0.6,0.6,-27.352488,2.2070107,0.73567027,0.136,0.0,0.16822182,0.0,0.0
hardzero_only__c0p58__z1p00__lam0p000__nu0p50__psi0p00,0.018,borrow,30,1086,0.0,2,-0.6,-0.6,-0.61200005,1.0336455,0.0,0.092545316,0.0,0.0,0.018,0.0,0.012,0.6,0.6,-27.325352,2.2740655,0.75802183,0.128,0.0,0.15861993,0.0,0.0
hardzero_only__c0p58__z1p00__lam0p000__nu0p50__psi0p00,0.018,borrow,30,1087,0.0,2,-0.6,-0.6,-0.61200005,1.0410758,0.0,0.09097543,0.0,0.0,0.018,0.0,0.012,0.6,0.6,-27.246637,2.2904124,0.7634708,0.14400001,0.0,0.17449698,0.0,0.0
hardzero_only__c0p58__z1p00__lam0p000__nu0p50__psi0p00,0.018,borrow,30,1088,0.0,2,-0.6,-0.6,-0.61200005,1.0006635,0.0,0.09984733,0.0,0.0,0.018,0.0,0.012,0.6,0.6,-26.658802,2.2015038,0.7338346,0.15200001,0.0,0.15056628,0.0,0.0
hardzero_only__c0p58__z1p00__lam0p000__nu0p50__psi0p00,0.018,borrow,30,1089,0.0,2,-0.6,-0.6,-0.61200005,1.045473,0.0,0.09005898,0.0,0.0,0.018,0.0,0.012,0.6,0.6,-26.668964,2.3000865,0.7666955,0.064,0.0,0.15592499,0.0,0.0
hardzero_only__c0p58__z1p00__lam0p000__nu0p50__psi0p00,0.018,borrow,30,1090,0.0,2,-0.6,-0.6,-0.61200005,1.0206335,0.0,0.09536005,0.0,0.0,0.018,0.0,0.012,0.6,0.6,-27.428146,2.2454383,0.7484795,0.15200001,0.0,0.14935596,0.0,0.0
hardzero_only__c0p58__z1p00__lam0p000__nu0p50__psi0p00,0.018,borrow,30,1091,0.0,2,-0.6,-0.6,-0.61200005,1.0073137,0.0,0.09833005,0.0,0.0,0.018,0.0,0.012,0.6,0.6,-26.535158,2.2161345,0.73871154,0.136,0.0,0.15510795,0.0,0.0
hardzero_only__c0p58__z1p00__lam0p000__nu0p50__psi0p00,0.018,borrow,30,1092,0.0,2,-0.6,-0.6,-0.6101237,0.98195726,0.104242,0.104242,1.0,0.0018763558,0.018,0.0,0.012,0.6,0.6,-26.784714,2.1603491,0.7201164,0.14999999,0.0,0.16524418,0.0,0.0
hardzero_only__c0p58__z1p00__lam0p000__nu0p50__psi0p00,0.018,borrow,30,1093,0.0,2,-0.6,-0.6,-0.61200005,1.0092018,0.0,0.097903505,0.0,0.0,0.018,0.0,0.012,0.6,0.6,-27.403734,2.2202883,0.7400961,0.24000001,0.0,0.17563118,0.0,0.0
hardzero_only__c0p58__z1p00__lam0p000__nu0p50__psi0p00,0.018,borrow,30,1094,0.0,2,-0.6,-0.6,-0.61019933,0.99982053,0.10004132,0.10004132,1.0,0.0018007437,0.018,0.0,0.012,0.6,0.6,-26.048582,2.199649,0.7332164,0.192,0.0,0.1619425,0.0,0.0
hardzero_only__c0p58__z1p00__lam0p000__nu0p50__psi0p00,0.018,borrow,30,1095,0.0,2,-0.6,-0.6,-0.61200005,1.0426931,0.0,0.09063729,0.0,0.0,0.018,0.0,0.012,0.6,0.6,-27.733421,2.2939708,0.76465696,0.18400002,0.0,0.1606218,0.0,0.0
hardzero_only__c0p58__z1p00__lam0p000__nu0p50__psi0p00,0.018,borrow,30,1096,0.0,2,-0.6,-0.6,-0.61200005,1.0434731,0.0,0.09047464,0.0,0.0,0.018,0.0,0.012,0.6,0.6,-28.099371,2.2956867,0.7652289,0.23200001,0.0,0.17243764,0.0,0.0
hardzero_only__c0p58__z1p00__lam0p000__nu0p50__psi0p00,0.018,borrow,30,1097,0.0,2,-0.6,-0.6,-0.61200005,1.0125802,0.0,0.09714486,0.0,0.0,0.018,0.0,0.012,0.6,0.6,-27.41092,2.2277207,0.7425736,0.18400002,0.0,0.16278987,0.0,0.0
hardzero_only__c0p58__z1p00__lam0p000__nu0p50__psi0p00,0.018,borrow,30,1098,0.0,2,-0.6,-0.6,-0.61017656,0.9943659,0.10130575,0.10130575,1.0,0.0018235035,0.018,0.0,0.012,0.6,0.6,-27.089897,2.1876485,0.7292162,0.224,0.0,0.15071726,0.0,0.0
hardzero_only__c0p58__z1p00__lam0p000__nu0p50__psi0p00,0.018,borrow,30,1099,0.0,2,-0.6,-0.6,-0.61200005,1.0298604,0.0,0.09335543,0.0,0.0,0.018,0.0,0.012,0.6,0.6,-27.41748,2.265738,0.75524604,0.120000005,0.0,0.18581675,0.0,0.0
hardzero_only__c0p58__z1p00__lam0p000__nu0p50__psi0p00,0.018,borrow,30,1100,0.0,2,-0.6,-0.6,-0.6101428,0.9864074,0.103179306,0.103179306,1.0,0.0018572274,0.018,0.0,0.012,0.6,0.6,-26.825418,2.1701396,0.72337985,0.192,0.008,0.15941568,0.0,0.0
hardzero_only__c0p58__z1p00__lam0p000__nu0p50__psi0p00,0.018,borrow,30,1101,0.0,2,-0.6,-0.6,-0.61200005,1.0419447,0.0,0.09079361,0.0,0.0,0.018,0.0,0.012,0.6,0.6,-28.027544,2.2923243,0.7641081,0.136,0.0,0.17200999,0.0,0.0
hardzero_only__c0p58__z1p00__lam0p000__nu0p50__psi0p00,0.018,borrow,30,1102,0.0,2,-0.6,-0.6,-0.61200005,1.0037905,0.0,0.09913099,0.0,0.0,0.018,0.0,0.012,0.6,0.6,-27.080122,2.208383,0.73612773,0.16800001,0.0,0.15247524,0.0,0.0
hardzero_only__c0p58__z1p00__lam0p000__nu0p50__psi0p00,0.018,borrow,30,1103,0.0,2,-0.6,-0.6,-0.6100895,0.9741067,0.106143475,0.106143475,1.0,0.0019105824,0.018,0.0,0.012,0.6,0.6,-26.196127,2.1430776,0.7143592,0.17600001,0.0,0.14993796,0.0,0.0
hardzero_only__c0p58__z1p00__lam0p000__nu0p50__psi0p00,0.018,borrow,30,1104,0.0,2,-0.6,-0.6,-0.61200005,1.0231812,0.0,0.094802275,0.0,0.0,0.018,0.0,0.012,0.6,0.6,-26.831299,2.2510436,0.75034785,0.15200001,0.0,0.16070117,0.0,0.0
hardzero_only__c0p58__z1p00__lam0p000__nu0p50__psi0p00,0.018,borrow,30,1105,0.0,2,-0.6,-0.6,-0.60995364,0.9442851,0.11368806,0.11368806,1.0,0.002046385,0.018,0.0,0.012,0.6,0.6,-26.807348,2.0774686,0.69248956,0.22999999,0.0,0.1573789,0.0,0.0
hardzero_only__c0p58__z1p00__lam0p000__nu0p50__psi0p00,0.018,borrow,30,1106,0.0,2,-0.6,-0.6,-0.61200005,1.0452588,0.0,0.09010342,0.0,0.0,0.018,0.0,0.012,0.6,0.6,-26.92465,2.2996151,0.7665384,0.14400001,0.0,0.1550082,0.0,0.0
hardzero_only__c0p58__z1p00__lam0p000__nu0p50__psi0p00,0.018,borrow,30,1107,0.0,2,-0.6,-0.6,-0.61200005,1.0280577,0.0,0.09374374,0.0,0.0,0.018,0.0,0.012,0.6,0.6,-26.981924,2.2617722,0.7539241,0.16000001,0.0,0.17369786,0.0,0.0
hardzero_only__c0p58__z1p00__lam0p000__nu0p50__psi0p00,0.018,borrow,30,1108,0.0,2,-0.6,-0.6,-0.61200005,1.0408957,0.0,0.091013186,0.0,0.0,0.018,0.0,0.012,0.6,0.6,-27.674648,2.2900162,0.76333874,0.14400001,0.0,0.1451939,0.0,0.0
hardzero_only__c0p58__z1p00__lam0p000__nu0p50__psi0p00,0.018,borrow,30,1109,0.0,2,-0.6,-0.6,-0.61200005,1.0594752,0.0,0.08720167,0.0,0.0,0.018,0.0,0.012,0.6,0.6,-28.056053,2.3308918,0.77696395,0.136,0.0,0.18242484,0.0,0.0
hardzero_only__c0p58__z1p00__lam0p000__nu0p50__psi0p00,0.018,borrow,30,1110,0.0,2,-0.6,-0.6,-0.61200005,1.0286081,0.0,0.093625024,0.0,0.0,0.018,0.0,0.012,0.6,0.6,-27.662771,2.2629828,0.75432765,0.18400002,0.0,0.16380642,0.0,0.0
hardzero_only__c0p58__z1p00__lam0p000__nu0p50__psi0p00,0.018,borrow,30,1111,0.0,2,-0.6,-0.6,-0.61200005,1.0179901,0.0,0.09594224,0.0,0.0,0.018,0.0,0.012,0.6,0.6,-27.360687,2.239623,0.746541,0.16800001,0.0,0.16080298,0.0,0.0
hardzero_only__c0p58__z1p00__lam0p000__nu0p50__psi0p00,0.018,borrow,30,1112,0.0,2,-0.6,-0.6,-0.61200005,1.0005438,0.0,0.09987486,0.0,0.0,0.018,0.0,0.012,0.6,0.6,-27.297333,2.2012403,0.73374677,0.18400002,0.0,0.18271348,0.0,0.0
hardzero_only__c0p58__z1p00__lam0p000__nu0p50__psi0p00,0.018,borrow,30,1113,0.0,2,-0.6,-0.6,-0.61200005,1.0118963,0.0,0.09729796,0.0,0.0,0.018,0.0,0.012,0.6,0.6,-26.874626,2.2262163,0.7420721,0.208,0.0,0.15868711,0.0,0.0
hardzero_only__c0p58__z1p00__lam0p000__nu0p50__psi0p00,0.018,borrow,30,1114,0.0,2,-0.6,-0.6,-0.61200005,1.0462221,0.0,0.08990377,0.0,0.0,0.018,0.0,0.012,0.6,0.6,-27.644289,2.3017344,0.7672448,0.136,0.0,0.16019188,0.0,0.0
hardzero_only__c0p58__z1p00__lam0p000__nu0p50__psi0p00,0.018,borrow,30,1115,0.0,2,-0.6,-0.6,-0.61200005,1.0944513,0.0,0.0804542,0.0,0.0,0.018,0.0,0.012,0.6,0.6,-29.02116,2.407841,0.8026137,0.17600001,0.0,0.26755166,0.0,0.0
hardzero_only__c0p58__z1p00__lam0p000__nu0p50__psi0p00,0.018,borrow,30,1116,0.0,2,-0.6,-0.6,-0.61019814,0.9995381,0.10010641,0.10010641,1.0,0.0018019154,0.018,0.0,0.012,0.6,0.6,-26.635029,2.1990278,0.7330093,0.15200001,0.0,0.13604587,0.0,0.0
hardzero_only__c0p58__z1p00__lam0p000__nu0p50__psi0p00,0.018,borrow,30,1117,0.0,2,-0.6,-0.6,-0.610174,0.9937543,0.1014485,0.1014485,1.0,0.0018260729,0.018,0.0,0.012,0.6,0.6,-27.035517,2.1863031,0.72876775,0.18400002,0.0,0.13272335,0.0,0.0
hardzero_only__c0p58__z1p00__lam0p000__nu0p50__psi0p00,0.018,borrow,30,1118,0.0,2,-0.6,-0.6,-0.6101512,0.9883703,0.10271402,0.10271402,1.0,0.0018488523,0.018,0.0,0.012,0.6,0.6,-26.579767,2.174458,0.72481936,0.14,0.0,0.17336887,0.0,0.0
hardzero_only__c0p58__z1p00__lam0p000__nu0p50__psi0p00,0.018,borrow,30,1119,0.0,2,-0.6,-0.6,-0.61200005,1.0196899,0.0,0.09556747,0.0,0.0,0.018,0.0,0.012,0.6,0.6,-27.874584,2.2433627,0.7477876,0.17600001,0.0,0.14998172,0.0,0.0
hardzero_only__c0p58__z1p00__lam0p000__nu0p50__psi0p00,0.018,borrow,30,1120,0.0,2,-0.6,-0.6,-0.6100851,0.9731275,0.10638307,0.10638307,1.0,0.0019148951,0.018,0.0,0.012,0.6,0.6,-26.408306,2.1409233,0.7136411,0.17600001,0.0,0.16200131,0.0,0.0
hardzero_only__c0p58__z1p00__lam0p000__nu0p50__psi0p00,0.018,borrow,30,1121,0.0,2,-0.6,-0.6,-0.61200005,1.0295111,0.0,0.093430534,0.0,0.0,0.018,0.0,0.012,0.6,0.6,-27.233004,2.2649696,0.75498986,0.15200001,0.0,0.15301262,0.0,0.0
hardzero_only__c0p58__z1p00__lam0p000__nu0p50__psi0p00,0.018,borrow,30,1122,0.0,2,-0.6,-0.6,-0.6100309,0.9609971,0.10939636,0.10939636,1.0,0.0019691344,0.018,0.0,0.012,0.6,0.6,-26.462742,2.1142359,0.7047453,0.16000001,0.0,0.15856299,0.0,0.0
hardzero_only__c0p58__z1p00__lam0p000__nu0p50__psi0p00,0.018,borrow,30,1123,0.0,2,-0.6,-0.6,-0.61200005,1.0044159,0.0,0.09898836,0.0,0.0,0.018,0.0,0.012,0.6,0.6,-26.64071,2.209759,0.73658633,0.14400001,0.0,0.13430065,0.0,0.0
hardzero_only__c0p58__z1p00__lam0p000__nu0p50__psi0p00,0.018,borrow,30,1124,0.0,2,-0.6,-0.6,-0.6101813,0.9954879,0.10104434,0.10104434,1.0,0.0018187981,0.018,0.0,0.012,0.6,0.6,-26.060612,2.1901171,0.73003906,0.18400002,0.0,0.13745004,0.0,0.0
hardzero_only__c0p58__z1p00__lam0p000__nu0p50__psi0p00,0.018,borrow,30,1125,0.0,2,-0.6,-0.6,-0.61011285,0.9794592,0.10484331,0.10484331,1.0,0.0018871796,0.018,0.0,0.012,0.6,0.6,-25.80564,2.1548533,0.7182845,0.24000001,0.0,0.14278753,0.0,0.0
hardzero_only__c0p58__z1p00__lam0p000__nu0p50__psi0p00,0.018,borrow,30,1126,0.0,2,-0.6,-0.6,-0.61200005,1.0080099,0.0,0.098172545,0.0,0.0,0.018,0.0,0.012,0.6,0.6,-27.198927,2.2176661,0.73922205,0.120000005,0.0,0.16086425,0.0,0.0
hardzero_only__c0p58__z1p00__lam0p000__nu0p50__psi0p00,0.018,borrow,30,1127,0.0,2,-0.6,-0.6,-0.61200005,1.0673604,0.0,0.0856327,0.0,0.0,0.018,0.0,0.012,0.6,0.6,-27.73011,2.3482397,0.78274655,0.128,0.0,0.15788412,0.0,0.0
hardzero_only__c0p58__z1p00__lam0p000__nu0p50__psi0p00,0.018,borrow,30,1128,0.0,2,-0.6,-0.6,-0.61200005,1.0957406,0.0,0.0802157,0.0,0.0,0.018,0.0,0.012,0.6,0.6,-28.30176,2.4106774,0.8035592,0.128,0.0,0.16784957,0.0,0.0
hardzero_only__c0p58__z1p00__lam0p000__nu0p50__psi0p00,0.018,borrow,30,1129,0.0,2,-0.6,-0.6,-0.61200005,1.0110881,0.0,0.09747919,0.0,0.0,0.018,0.0,0.012,0.6,0.6,-28.30898,2.2244382,0.7414794,0.16800001,0.0,0.16219085,0.0,0.0
hardzero_only__c0p58__z1p00__lam0p000__nu0p50__psi0p00,0.018,borrow,30,1130,0.0,2,-0.6,-0.6,-0.61014116,0.9860212,0.10327108,0.10327108,1.0,0.0018588793,0.018,0.0,0.012,0.6,0.6,-27.158846,2.16929,0.7230967,0.15200001,0.0,0.15982285,0.0,0.0
hardzero_only__c0p58__z1p00__lam0p000__nu0p50__psi0p00,0.018,borrow,30,1131,0.0,2,-0.6,-0.6,-0.61200005,1.0176547,0.0,0.096016385,0.0,0.0,0.018,0.0,0.012,0.6,0.6,-26.99564,2.238885,0.746295,0.12,0.01,0.14644907,0.0,0.0
hardzero_only__c0p58__z1p00__lam0p000__nu0p50__psi0p00,0.018,borrow,30,1132,0.0,2,-0.6,-0.6,-0.61200005,1.0504844,0.0,0.08902574,0.0,0.0,0.018,0.0,0.012,0.6,0.6,-27.887194,2.311112,0.77037066,0.136,0.0,0.18048778,0.0,0.0
hardzero_only__c0p58__z1p00__lam0p000__nu0p50__psi0p00,0.018,borrow,30,1133,0.0,2,-0.6,-0.6,-0.610128,0.98295134,0.104003675,0.104003675,1.0,0.0018720661,0.018,0.0,0.012,0.6,0.6,-25.799076,2.1625361,0.7208454,0.14400001,0.0,0.13972288,0.0,0.0
hardzero_only__c0p58__z1p00__lam0p000__nu0p50__psi0p00,0.018,borrow,30,1134,0.0,2,-0.6,-0.6,-0.61200005,1.011209,0.0,0.097452044,0.0,0.0,0.018,0.0,0.012,0.6,0.6,-27.091105,2.2247043,0.7415681,0.15200001,0.0,0.16176161,0.0,0.0
hardzero_only__c0p58__z1p00__lam0p000__nu0p50__psi0p00,0.018,borrow,30,1135,0.0,2,-0.6,-0.6,-0.61200005,1.0261791,0.0,0.094150126,0.0,0.0,0.018,0.0,0.012,0.6,0.6,-27.317736,2.2576392,0.7525464,0.128,0.0,0.16196744,0.0,0.0
hardzero_only__c0p58__z1p00__lam0p000__nu0p50__psi0p00,0.018,borrow,30,1136,0.0,2,-0.6,-0.6,-0.61200005,1.0793374,0.0,0.08330338,0.0,0.0,0.018,0.0,0.012,0.6,0.6,-27.979473,2.3745897,0.7915299,0.128,0.0,0.19104035,0.0,0.0
hardzero_only__c0p58__z1p00__lam0p000__nu0p50__psi0p00,0.018,borrow,30,1137,0.0,2,-0.6,-0.6,-0.61200005,1.0440049,0.0,0.09036392,0.0,0.0,0.018,0.0,0.012,0.6,0.6,-27.984812,2.2968566,0.7656189,0.16000001,0.0,0.17213185,0.0,0.0
hardzero_only__c0p58__z1p00__lam0p000__nu0p50__psi0p00,0.018,borrow,30,1138,0.0,2,-0.6,-0.6,-0.61006653,0.9689247,0.10741755,0.10741755,1.0,0.0019335159,0.018,0.0,0.012,0.6,0.6,-26.897892,2.131677,0.710559,0.17600001,0.0,0.1506654,0.0,0.0
hardzero_only__c0p58__z1p00__lam0p000__nu0p50__psi0p00,0.018,borrow,30,1139,0.0,2,-0.6,-0.6,-0.61200005,1.0808076,0.0,0.08302184,0.0,0.0,0.018,0.0,0.012,0.6,0.6,-27.873066,2.377824,0.792608,0.14400001,0.0,0.16386311,0.0,0.0
hardzero_only__c0p58__z1p00__lam0p000__nu0p50__psi0p00,0.018,borrow,30,1140,0.0,2,-0.6,-0.6,-0.61200005,1.0475663,0.0,0.08962594,0.0,0.0,0.018,0.0,0.012,0.6,0.6,-27.348135,2.3046918,0.7682306,0.136,0.0,0.13105386,0.0,0.0
hardzero_only__c0p58__z1p00__lam0p000__nu0p50__psi0p00,0.018,borrow,30,1141,0.0,2,-0.6,-0.6,-0.6100839,0.9728439,0.10645256,0.10645256,1.0,0.001916146,0.018,0.0,0.012,0.6,0.6,-26.764744,2.1402993,0.71343315,0.192,0.0,0.15357313,0.0,0.0
hardzero_only__c0p58__z1p00__lam0p000__nu0p50__psi0p00,0.018,borrow,30,1142,0.0,2,-0.6,-0.6,-0.61200005,1.0391366,0.0,0.091382556,0.0,0.0,0.018,0.0,0.012,0.6,0.6,-27.61678,2.2861464,0.76204884,0.120000005,0.0,0.15676887,0.0,0.0
hardzero_only__c0p58__z1p00__lam0p000__nu0p50__psi0p00,0.018,borrow,30,1143,0.0,2,-0.6,-0.6,-0.61200005,1.0058134,0.0,0.09867033,0.0,0.0,0.018,0.0,0.012,0.6,0.6,-26.8326,2.2128336,0.73761123,0.192,0.0,0.15013234,0.0,0.0
hardzero_only__c0p58__z1p00__lam0p000__nu0p50__psi0p00,0.018,borrow,30,1144,0.0,2,-0.6,-0.6,-0.61200005,1.0732434,0.0,0.084480524,0.0,0.0,0.018,0.0,0.012,0.6,0.6,-28.291113,2.3611827,0.7870609,0.099999994,0.0,0.1618778,0.0,0.0
hardzero_only__c0p58__z1p00__lam0p000__nu0p50__psi0p00,0.018,borrow,30,1145,0.0,2,-0.6,-0.6,-0.6101193,0.98094183,0.10448602,0.10448602,1.0,0.0018807482,0.018,0.0,0.012,0.6,0.6,-26.245712,2.1581151,0.71937174,0.15200001,0.0,0.14011796,0.0,0.0
hardzero_only__c0p58__z1p00__lam0p000__nu0p50__psi0p00,0.018,borrow,30,1146,0.0,2,-0.6,-0.6,-0.61012155,0.9814669,0.10435977,0.10435977,1.0,0.0018784758,0.018,0.0,0.012,0.6,0.6,-26.418503,2.1592703,0.7197568,0.15200001,0.0,0.14301062,0.0,0.0
hardzero_only__c0p58__z1p00__lam0p000__nu0p50__psi0p00,0.018,borrow,30,1147,0.0,2,-0.6,-0.6,-0.61200005,1.0241761,0.0,0.094585344,0.0,0.0,0.018,0.0,0.012,0.6,0.6,-27.094954,2.2532325,0.75107753,0.14400001,0.0,0.14261788,0.0,0.0
hardzero_only__c0p58__z1p00__lam0p000__nu0p50__psi0p00,0.018,borrow,30,1148,0.0,2,-0.6,-0.6,-0.61200005,1.017797,0.0,0.09598491,0.0,0.0,0.018,0.0,0.012,0.6,0.6,-26.532156,2.239198,0.74639934,0.112,0.0,0.15259062,0.0,0.0
hardzero_only__c0p58__z1p00__lam0p000__nu0p50__psi0p00,0.018,borrow,30,1149,0.0,2,-0.6,-0.6,-0.61200005,1.0510017,0.0,0.088919766,0.0,0.0,0.018,0.0,0.012,0.6,0.6,-27.14478,2.31225,0.77075,0.18400002,0.0,0.20408735,0.0,0.0
hardzero_only__c0p58__z1p00__lam0p000__nu0p50__psi0p00,0.018,borrow,30,1150,0.0,2,-0.6,-0.6,-0.61200005,1.0205841,0.0,0.0953709,0.0,0.0,0.018,0.0,0.012,0.6,0.6,-27.664194,2.2453299,0.7484433,0.120000005,0.0,0.16245711,0.0,0.0
hardzero_only__c0p58__z1p00__lam0p000__nu0p50__psi0p00,0.018,borrow,30,1151,0.0,2,-0.6,-0.6,-0.61200005,1.0543919,0.0,0.08822833,0.0,0.0,0.018,0.0,0.012,0.6,0.6,-27.277498,2.3197083,0.77323616,0.128,0.0,0.1427537,0.0,0.0
hardzero_only__c0p58__z1p00__lam0p000__nu0p50__psi0p00,0.018,borrow,30,1152,0.0,2,-0.6,-0.6,-0.61200005,1.0488739,0.0,0.08935648,0.0,0.0,0.018,0.0,0.012,0.6,0.6,-28.15392,2.3075688,0.7691896,0.24000001,0.0,0.16984852,0.0,0.0
hardzero_only__c0p58__z1p00__lam0p000__nu0p50__psi0p00,0.018,borrow,30,1153,0.0,2,-0.6,-0.6,-0.61200005,1.0233393,0.0,0.09476777,0.0,0.0,0.018,0.0,0.012,0.6,0.6,-27.717466,2.2513914,0.75046384,0.15200001,0.0,0.18137208,0.0,0.0
hardzero_only__c0p58__z1p00__lam0p000__nu0p50__psi0p00,0.018,borrow,30,1154,0.0,2,-0.6,-0.6,-0.609873,0.9274925,0.118170075,0.118170075,1.0,0.0021270614,0.018,0.0,0.012,0.6,0.6,-25.597767,2.0405242,0.68017477,0.18400002,0.0,0.13983977,0.0,0.0
hardzero_only__c0p58__z1p00__lam0p000__nu0p50__psi0p00,0.018,borrow,30,1155,0.0,2,-0.6,-0.6,-0.61200005,1.037525,0.0,0.09172231,0.0,0.0,0.018,0.0,0.012,0.6,0.6,-26.40123,2.2826006,0.7608669,0.112,0.0,0.16133398,0.0,0.0
hardzero_only__c0p58__z1p00__lam0p000__nu0p50__psi0p00,0.018,borrow,30,1156,0.0,2,-0.6,-0.6,-0.61200005,1.0497757,0.0,0.089171134,0.0,0.0,0.018,0.0,0.012,0.6,0.6,-27.107306,2.3095527,0.7698509,0.120000005,0.0,0.1771501,0.0,0.0
hardzero_only__c0p58__z1p00__lam0p000__nu0p50__psi0p00,0.018,borrow,30,1157,0.0,2,-0.6,-0.6,-0.61200005,1.0219213,0.0,0.09507771,0.0,0.0,0.018,0.0,0.012,0.6,0.6,-27.286674,2.2482717,0.7494239,0.17,0.0,0.1542934,0.0,0.0
hardzero_only__c0p58__z1p00__lam0p000__nu0p50__psi0p00,0.018,borrow,30,1158,0.0,2,-0.6,-0.6,-0.61200005,1.0295141,0.0,0.093429916,0.0,0.0,0.018,0.0,0.012,0.6,0.6,-27.27248,2.2649763,0.7549921,0.15200001,0.0,0.18108417,0.0,0.0
hardzero_only__c0p58__z1p00__lam0p000__nu0p50__psi0p00,0.018,borrow,30,1159,0.0,2,-0.6,-0.6,-0.61200005,1.0466411,0.0,0.08981706,0.0,0.0,0.018,0.0,0.012,0.6,0.6,-28.049734,2.3026564,0.76755214,0.15200001,0.0,0.15361656,0.0,0.0
hardzero_only__c0p58__z1p00__lam0p000__nu0p50__psi0p00,0.018,borrow,30,1160,0.0,2,-0.6,-0.6,-0.61200005,1.0176009,0.0,0.09602827,0.0,0.0,0.018,0.0,0.012,0.6,0.6,-26.692114,2.2387667,0.7462556,0.208,0.008,0.19204415,0.0,0.0
hardzero_only__c0p58__z1p00__lam0p000__nu0p50__psi0p00,0.018,borrow,30,1161,0.0,2,-0.6,-0.6,-0.6101321,0.98390096,0.10377649,0.10377649,1.0,0.0018679767,0.018,0.0,0.012,0.6,0.6,-27.239073,2.1646254,0.7215418,0.112,0.0,0.17309818,0.0,0.0
hardzero_only__c0p58__z1p00__lam0p000__nu0p50__psi0p00,0.018,borrow,30,1162,0.0,2,-0.6,-0.6,-0.61200005,1.0229907,0.0,0.09484387,0.0,0.0,0.018,0.0,0.012,0.6,0.6,-27.002542,2.2506244,0.75020814,0.112,0.0,0.13482141,0.0,0.0
hardzero_only__c0p58__z1p00__lam0p000__nu0p50__psi0p00,0.018,borrow,30,1163,0.0,2,-0.6,-0.6,-0.61012405,0.98203605,0.10422308,0.10422308,1.0,0.0018760153,0.018,0.0,0.012,0.6,0.6,-26.363312,2.1605225,0.7201742,0.17600001,0.0,0.13663875,0.0,0.0
hardzero_only__c0p58__z1p00__lam0p000__nu0p50__psi0p00,0.018,borrow,30,1164,0.0,2,-0.6,-0.6,-0.6101894,0.99742943,0.10059365,0.10059365,1.0,0.0018106856,0.018,0.0,0.012,0.6,0.6,-26.74224,2.1943886,0.7314629,0.16800001,0.0,0.14953902,0.0,0.0
hardzero_only__c0p58__z1p00__lam0p000__nu0p50__psi0p00,0.018,borrow,30,1165,0.0,2,-0.6,-0.6,-0.61200005,1.0235323,0.0,0.09472567,0.0,0.0,0.018,0.0,0.012,0.6,0.6,-27.402916,2.251816,0.75060534,0.136,0.0,0.15466827,0.0,0.0
hardzero_only__c0p58__z1p00__lam0p000__nu0p50__psi0p00,0.018,borrow,30,1166,0.0,2,-0.6,-0.6,-0.610141,0.98598015,0.10328085,0.10328085,1.0,0.0018590552,0.018,0.0,0.012,0.6,0.6,-26.496124,2.1691997,0.72306657,0.17600001,0.008,0.15163004,0.0,0.0
hardzero_only__c0p58__z1p00__lam0p000__nu0p50__psi0p00,0.018,borrow,30,1167,0.0,2,-0.6,-0.6,-0.61200005,1.0683585,0.0,0.08543611,0.0,0.0,0.018,0.0,0.012,0.6,0.6,-27.844997,2.3504357,0.7834786,0.136,0.0,0.16923562,0.0,0.0
hardzero_only__c0p58__z1p00__lam0p000__nu0p50__psi0p00,0.018,borrow,30,1168,0.0,2,-0.6,-0.6,-0.61200005,1.041799,0.0,0.0908241,0.0,0.0,0.018,0.0,0.012,0.6,0.6,-27.047606,2.2920034,0.76400113,0.224,0.0,0.16784666,0.0,0.0
hardzero_only__c0p58__z1p00__lam0p000__nu0p50__psi0p00,0.018,borrow,30,1169,0.0,2,-0.6,-0.6,-0.61200005,1.0208148,0.0,0.095320255,0.0,0.0,0.018,0.0,0.012,0.6,0.6,-26.819584,2.2458375,0.7486125,0.14400001,0.0,0.14945222,0.0,0.0
hardzero_only__c0p58__z1p00__lam0p000__nu0p50__psi0p00,0.018,borrow,30,1170,0.0,2,-0.6,-0.6,-0.61200005,1.0342735,0.0,0.09241159,0.0,0.0,0.018,0.0,0.012,0.6,0.6,-27.035131,2.2754471,0.7584824,0.099999994,0.0,0.15983872,0.0,0.0
hardzero_only__c0p58__z1p00__lam0p000__nu0p50__psi0p00,0.018,borrow,30,1171,0.0,2,-0.6,-0.6,-0.61001843,0.9582515,0.110090144,0.110090144,1.0,0.0019816225,0.018,0.0,0.012,0.6,0.6,-26.342464,2.1081953,0.7027318,0.136,0.0,0.14535244,0.0,0.0
hardzero_only__c0p58__z1p00__lam0p000__nu0p50__psi0p00,0.018,borrow,30,1172,0.0,2,-0.6,-0.6,-0.61200005,1.0719786,0.0,0.08472693,0.0,0.0,0.018,0.0,0.012,0.6,0.6,-28.747408,2.3583999,0.7861333,0.136,0.0,0.16584894,0.0,0.0
hardzero_only__c0p58__z1p00__lam0p000__nu0p50__psi0p00,0.018,borrow,30,1173,0.0,2,-0.6,-0.6,-0.61200005,1.0155385,0.0,0.09648539,0.0,0.0,0.018,0.0,0.012,0.6,0.6,-27.32945,2.2342293,0.7447431,0.2,0.0,0.16603486,0.0,0.0
hardzero_only__c0p58__z1p00__lam0p000__nu0p50__psi0p00,0.018,borrow,30,1174,0.0,2,-0.6,-0.6,-0.61200005,1.0142813,0.0,0.096765086,0.0,0.0,0.018,0.0,0.012,0.6,0.6,-26.907759,2.2314634,0.74382114,0.16000001,0.0,0.1586659,0.0,0.0
hardzero_only__c0p58__z1p00__lam0p000__nu0p50__psi0p00,0.018,borrow,30,1175,0.0,2,-0.6,-0.6,-0.61200005,1.0430248,0.0,0.090568095,0.0,0.0,0.018,0.0,0.012,0.6,0.6,-28.483799,2.2947004,0.76490015,0.15200001,0.0,0.18893082,0.0,0.0
hardzero_only__c0p58__z1p00__lam0p000__nu0p50__psi0p00,0.018,borrow,30,1176,0.0,2,-0.6,-0.6,-0.61200005,1.0262065,0.0,0.09414417,0.0,0.0,0.018,0.0,0.012,0.6,0.6,-27.348337,2.2576993,0.75256646,0.112,0.0,0.16129202,0.0,0.0
hardzero_only__c0p58__z1p00__lam0p000__nu0p50__psi0p00,0.018,borrow,30,1177,0.0,2,-0.6,-0.6,-0.61200005,1.0682415,0.0,0.08545913,0.0,0.0,0.018,0.0,0.012,0.6,0.6,-27.897799,2.3501782,0.7833928,0.112,0.0,0.20100144,0.0,0.0
hardzero_only__c0p58__z1p00__lam0p000__nu0p50__psi0p00,0.018,borrow,30,1178,0.0,2,-0.6,-0.6,-0.61200005,1.0536908,0.0,0.088370875,0.0,0.0,0.018,0.0,0.012,0.6,0.6,-27.773739,2.318166,0.772722,0.112,0.0,0.17542773,0.0,0.0
hardzero_only__c0p58__z1p00__lam0p000__nu0p50__psi0p00,0.018,borrow,30,1179,0.0,2,-0.6,-0.6,-0.61200005,1.0369552,0.0,0.091842726,0.0,0.0,0.018,0.0,0.012,0.6,0.6,-26.929653,2.281347,0.76044905,0.18400002,0.0,0.16751668,0.0,0.0
hardzero_only__c0p58__z1p00__lam0p000__nu0p50__psi0p00,0.018,borrow,30,1180,0.0,2,-0.6,-0.6,-0.61200005,1.0210636,0.0,0.09526568,0.0,0.0,0.018,0.0,0.012,0.6,0.6,-26.962965,2.2463846,0.7487949,0.16000001,0.0,0.1649333,0.0,0.0
hardzero_only__c0p58__z1p00__lam0p000__nu0p50__psi0p00,0.018,borrow,30,1181,0.0,2,-0.6,-0.6,-0.61200005,1.0450985,0.0,0.09013666,0.0,0.0,0.018,0.0,0.012,0.6,0.6,-28.22349,2.2992628,0.76642096,0.16000001,0.0,0.15478027,0.0,0.0
hardzero_only__c0p58__z1p00__lam0p000__nu0p50__psi0p00,0.018,borrow,30,1182,0.0,2,-0.6,-0.6,-0.61200005,1.0158974,0.0,0.09640567,0.0,0.0,0.018,0.0,0.012,0.6,0.6,-27.21249,2.235019,0.7450063,0.16000001,0.0,0.14357263,0.0,0.0
hardzero_only__c0p58__z1p00__lam0p000__nu0p50__psi0p00,0.018,borrow,30,1183,0.0,2,-0.6,-0.6,-0.61200005,1.0597583,0.0,0.087144844,0.0,0.0,0.018,0.0,0.012,0.6,0.6,-27.872421,2.3315148,0.7771716,0.14,0.0,0.1663412,0.0,0.0
hardzero_only__c0p58__z1p00__lam0p000__nu0p50__psi0p00,0.018,borrow,30,1184,0.0,2,-0.6,-0.6,-0.61200005,1.0039718,0.0,0.099089615,0.0,0.0,0.018,0.0,0.012,0.6,0.6,-27.263172,2.2087822,0.7362608,0.16000001,0.0,0.1550217,0.0,0.0
hardzero_only__c0p58__z1p00__lam0p000__nu0p50__psi0p00,0.018,borrow,30,1185,0.0,2,-0.6,-0.6,-0.61200005,1.0671204,0.0,0.08568001,0.0,0.0,0.018,0.0,0.012,0.6,0.6,-28.11513,2.3477118,0.7825706,0.136,0.0,0.16654767,0.0,0.0
hardzero_only__c0p58__z1p00__lam0p000__nu0p50__psi0p00,0.018,borrow,30,1186,0.0,2,-0.6,-0.6,-0.610194,0.9985512,0.10033415,0.10033415,1.0,0.0018060147,0.018,0.0,0.012,0.6,0.6,-27.785503,2.1968565,0.7322855,0.192,0.008,0.16930354,0.0,0.0
hardzero_only__c0p58__z1p00__lam0p000__nu0p50__psi0p00,0.018,borrow,30,1187,0.0,2,-0.6,-0.6,-0.61200005,1.0215229,0.0,0.09516498,0.0,0.0,0.018,0.0,0.012,0.6,0.6,-26.806044,2.2473953,0.7491318,0.15200001,0.0,0.16504881,0.0,0.0
hardzero_only__c0p58__z1p00__lam0p000__nu0p50__psi0p00,0.018,borrow,30,1188,0.0,2,-0.6,-0.6,-0.61015993,0.99042207,0.102229886,0.102229886,1.0,0.0018401379,0.018,0.0,0.012,0.6,0.6,-26.799221,2.178972,0.726324,0.224,0.0,0.16484828,0.0,0.0
hardzero_only__c0p58__z1p00__lam0p000__nu0p50__psi0p00,0.018,borrow,30,1189,0.0,2,-0.6,-0.6,-0.61200005,1.0736325,0.0,0.08440488,0.0,0.0,0.018,0.0,0.012,0.6,0.6,-28.596806,2.3620386,0.78734624,0.128,0.0,0.16946687,0.0,0.0
hardzero_only__c0p58__z1p00__lam0p000__nu0p50__psi0p00,0.018,borrow,30,1190,0.0,2,-0.6,-0.6,-0.6100887,0.97393787,0.106184736,0.106184736,1.0,0.0019113251,0.018,0.0,0.012,0.6,0.6,-26.19529,2.1427062,0.7142354,0.23200001,0.0,0.13703267,0.0,0.0
hardzero_only__c0p58__z1p00__lam0p000__nu0p50__psi0p00,0.018,borrow,30,1191,0.0,2,-0.6,-0.6,-0.61200005,1.0166665,0.0,0.09623509,0.0,0.0,0.018,0.0,0.012,0.6,0.6,-26.21577,2.236711,0.74557036,0.2,0.0,0.14485642,0.0,0.0
hardzero_only__c0p58__z1p00__lam0p000__nu0p50__psi0p00,0.018,borrow,30,1192,0.0,2,-0.6,-0.6,-0.61200005,1.0644372,0.0,0.08621103,0.0,0.0,0.018,0.0,0.012,0.6,0.6,-29.26742,2.3418086,0.7806029,0.128,0.0,0.14432539,0.0,0.0
hardzero_only__c0p58__z1p00__lam0p000__nu0p50__psi0p00,0.018,borrow,30,1193,0.0,2,-0.6,-0.6,-0.6101275,0.98284245,0.10402974,0.10402974,1.0,0.0018725352,0.018,0.0,0.012,0.6,0.6,-26.050825,2.1622965,0.72076553,0.17600001,0.0,0.16244505,0.0,0.0
hardzero_only__c0p58__z1p00__lam0p000__nu0p50__psi0p00,0.018,borrow,30,1194,0.0,2,-0.6,-0.6,-0.61200005,1.0541694,0.0,0.08827355,0.0,0.0,0.018,0.0,0.012,0.6,0.6,-27.256922,2.319219,0.7730731,0.128,0.0,0.13464643,0.0,0.0
hardzero_only__c0p58__z1p00__lam0p000__nu0p50__psi0p00,0.018,borrow,30,1195,0.0,2,-0.6,-0.6,-0.6099804,0.9500006,0.11220168,0.11220168,1.0,0.0020196303,0.018,0.0,0.012,0.6,0.6,-25.744568,2.090043,0.696681,0.16800001,0.0,0.1305837,0.0,0.0
hardzero_only__c0p58__z1p00__lam0p000__nu0p50__psi0p00,0.018,borrow,30,1196,0.0,2,-0.6,-0.6,-0.61200005,1.0860516,0.0,0.08202541,0.0,0.0,0.018,0.0,0.012,0.6,0.6,-27.927378,2.3893611,0.7964537,0.11,0.0,0.15816921,0.0,0.0
hardzero_only__c0p58__z1p00__lam0p000__nu0p50__psi0p00,0.018,borrow,30,1197,0.0,2,-0.6,-0.6,-0.61200005,1.024292,0.0,0.09456011,0.0,0.0,0.018,0.0,0.012,0.6,0.6,-26.644312,2.2534873,0.75116247,0.16000001,0.0,0.16411798,0.0,0.0
hardzero_only__c0p58__z1p00__lam0p000__nu0p50__psi0p00,0.018,borrow,30,1198,0.0,2,-0.6,-0.6,-0.61200005,1.0478113,0.0,0.089575395,0.0,0.0,0.018,0.0,0.012,0.6,0.6,-27.642223,2.3052309,0.7684103,0.120000005,0.0,0.15605964,0.0,0.0
hardzero_only__c0p58__z1p00__lam0p000__nu0p50__psi0p00,0.018,borrow,30,1199,0.0,2,-0.6,-0.6,-0.61005586,0.96653646,0.10800989,0.10800989,1.0,0.0019441779,0.018,0.0,0.012,0.6,0.6,-26.115507,2.1264226,0.7088076,0.15200001,0.0,0.15630728,0.0,0.0
hardzero_only__c0p58__z1p00__lam0p000__nu0p50__psi0p00,0.018,borrow,30,1200,0.0,2,-0.6,-0.6,-0.61200005,1.0008956,0.0,0.09979398,0.0,0.0,0.018,0.0,0.012,0.6,0.6,-27.071404,2.2020142,0.73400474,0.224,0.0,0.15999591,0.0,0.0
hardzero_only__c0p58__z1p00__lam0p000__nu0p50__psi0p00,0.018,borrow,30,1201,0.0,2,-0.6,-0.6,-0.61016864,0.99248844,0.101744644,0.101744644,1.0,0.0018314035,0.018,0.0,0.012,0.6,0.6,-27.028513,2.1835182,0.7278394,0.192,0.0,0.15725924,0.0,0.0
hardzero_only__c0p58__z1p00__lam0p000__nu0p50__psi0p00,0.018,borrow,30,1202,0.0,2,-0.6,-0.6,-0.61200005,1.0714315,0.0,0.08483371,0.0,0.0,0.018,0.0,0.012,0.6,0.6,-27.981735,2.3571963,0.78573215,0.096,0.0,0.16969255,0.0,0.0
hardzero_only__c0p58__z1p00__lam0p000__nu0p50__psi0p00,0.018,borrow,30,1203,0.0,2,-0.6,-0.6,-0.6101685,0.99245894,0.101751566,0.101751566,1.0,0.0018315281,0.018,0.0,0.012,0.6,0.6,-27.010092,2.1834533,0.7278178,0.15200001,0.0,0.14941193,0.0,0.0
hardzero_only__c0p58__z1p00__lam0p000__nu0p50__psi0p00,0.018,borrow,30,1204,0.0,2,-0.6,-0.6,-0.61200005,1.0207145,0.0,0.095342256,0.0,0.0,0.018,0.0,0.012,0.6,0.6,-26.296774,2.245617,0.748539,0.136,0.0,0.14863913,0.0,0.0
hardzero_only__c0p58__z1p00__lam0p000__nu0p50__psi0p00,0.018,borrow,30,1205,0.0,2,-0.6,-0.6,-0.61200005,1.0471244,0.0,0.08971718,0.0,0.0,0.018,0.0,0.012,0.6,0.6,-27.44963,2.3037198,0.7679066,0.112,0.0,0.15601932,0.0,0.0
hardzero_only__c0p58__z1p00__lam0p000__nu0p50__psi0p00,0.018,borrow,30,1206,0.0,2,-0.6,-0.6,-0.6101831,0.9959342,0.100940585,0.100940585,1.0,0.0018169305,0.018,0.0,0.012,0.6,0.6,-27.432676,2.191099,0.73036635,0.14400001,0.0,0.15716822,0.0,0.0
hardzero_only__c0p58__z1p00__lam0p000__nu0p50__psi0p00,0.018,borrow,30,1207,0.0,2,-0.6,-0.6,-0.61200005,1.0149626,0.0,0.09661342,0.0,0.0,0.018,0.0,0.012,0.6,0.6,-27.058481,2.2329621,0.74432075,0.16800001,0.0,0.14668307,0.0,0.0
hardzero_only__c0p58__z1p00__lam0p000__nu0p50__psi0p00,0.018,borrow,30,1208,0.0,2,-0.6,-0.6,-0.61200005,1.0133216,0.0,0.09697914,0.0,0.0,0.018,0.0,0.012,0.6,0.6,-27.207964,2.229352,0.74311733,0.17600001,0.0,0.15846589,0.0,0.0
hardzero_only__c0p58__z1p00__lam0p000__nu0p50__psi0p00,0.018,borrow,30,1209,0.0,2,-0.6,-0.6,-0.61200005,1.0280277,0.0,0.09375022,0.0,0.0,0.018,0.0,0.012,0.6,0.6,-26.9694,2.261706,0.7539021,0.12,0.0,0.1217142,0.0,0.0
hardzero_only__c0p58__z1p00__lam0p000__nu0p50__psi0p00,0.018,borrow,30,1210,0.0,2,-0.6,-0.6,-0.60989964,0.9329707,0.11668884,0.11668884,1.0,0.002100399,0.018,0.0,0.012,0.6,0.6,-26.008717,2.0525765,0.6841922,0.256,0.0,0.15930982,0.0,0.0
hardzero_only__c0p58__z1p00__lam0p000__nu0p50__psi0p00,0.018,borrow,30,1211,0.0,2,-0.6,-0.6,-0.61200005,1.0124171,0.0,0.09718135,0.0,0.0,0.018,0.0,0.012,0.6,0.6,-26.05633,2.227362,0.742454,0.08800001,0.0,0.15251912,0.0,0.0
hardzero_only__c0p58__z1p00__lam0p000__nu0p50__psi0p00,0.018,borrow,30,1212,0.0,2,-0.6,-0.6,-0.61200005,1.027178,0.0,0.0939338,0.0,0.0,0.018,0.0,0.012,0.6,0.6,-27.803745,2.259837,0.753279,0.14400001,0.0,0.16463116,0.0,0.0
hardzero_only__c0p58__z1p00__lam0p000__nu0p50__psi0p00,0.018,borrow,30,1213,0.0,2,-0.6,-0.6,-0.61200005,1.002198,0.0,0.099495165,0.0,0.0,0.018,0.0,0.012,0.6,0.6,-26.50338,2.2048795,0.73495984,0.136,0.0,0.1695584,0.0,0.0
hardzero_only__c0p58__z1p00__lam0p000__nu0p50__psi0p00,0.018,borrow,30,1214,0.0,2,-0.6,-0.6,-0.61200005,1.0648165,0.0,0.08613576,0.0,0.0,0.018,0.0,0.012,0.6,0.6,-27.033705,2.342643,0.78088105,0.104,0.0,0.1637664,0.0,0.0
hardzero_only__c0p58__z1p00__lam0p000__nu0p50__psi0p00,0.018,borrow,30,1215,0.0,2,-0.6,-0.6,-0.61200005,1.0202684,0.0,0.09544025,0.0,0.0,0.018,0.0,0.012,0.6,0.6,-28.005407,2.2446353,0.7482118,0.112,0.0,0.16946796,0.0,0.0
hardzero_only__c0p58__z1p00__lam0p000__nu0p50__psi0p00,0.018,borrow,30,1216,0.0,2,-0.6,-0.6,-0.61200005,1.0492396,0.0,0.08928127,0.0,0.0,0.018,0.0,0.012,0.6,0.6,-28.126257,2.3083732,0.76945776,0.18400002,0.0,0.1797484,0.0,0.0
hardzero_only__c0p58__z1p00__lam0p000__nu0p50__psi0p00,0.018,borrow,30,1217,0.0,2,-0.6,-0.6,-0.61200005,1.0403464,0.0,0.09112837,0.0,0.0,0.018,0.0,0.012,0.6,0.6,-27.330938,2.2888076,0.7629359,0.2,0.0,0.16798624,0.0,0.0
hardzero_only__c0p58__z1p00__lam0p000__nu0p50__psi0p00,0.018,borrow,30,1218,0.0,2,-0.6,-0.6,-0.6100987,0.9762116,0.10563026,0.10563026,1.0,0.0019013446,0.018,0.0,0.012,0.6,0.6,-26.343904,2.1477084,0.7159028,0.104,0.0,0.14219165,0.0,0.0
hardzero_only__c0p58__z1p00__lam0p000__nu0p50__psi0p00,0.018,borrow,30,1219,0.0,2,-0.6,-0.6,-0.61200005,1.0637075,0.0,0.08635601,0.0,0.0,0.018,0.0,0.012,0.6,0.6,-28.49595,2.3402033,0.7800678,0.16800001,0.0,0.172558,0.0,0.0
hardzero_only__c0p58__z1p00__lam0p000__nu0p50__psi0p00,0.018,borrow,30,1220,0.0,2,-0.6,-0.6,-0.61200005,1.006881,0.0,0.09842807,0.0,0.0,0.018,0.0,0.012,0.6,0.6,-26.999846,2.2151823,0.73839414,0.072000004,0.0,0.1696198,0.0,0.0
hardzero_only__c0p58__z1p00__lam0p000__nu0p50__psi0p00,0.018,borrow,30,1221,0.0,2,-0.6,-0.6,-0.6100436,0.96379834,0.10869301,0.10869301,1.0,0.001956474,0.018,0.0,0.012,0.6,0.6,-25.68438,2.1203988,0.7067996,0.2,0.0,0.12384163,0.0,0.0
hardzero_only__c0p58__z1p00__lam0p000__nu0p50__psi0p00,0.018,borrow,30,1222,0.0,2,-0.6,-0.6,-0.61019146,0.99792874,0.10047807,0.10047807,1.0,0.0018086052,0.018,0.0,0.012,0.6,0.6,-27.035906,2.195487,0.73182905,0.12,0.0,0.18788771,0.0,0.0
hardzero_only__c0p58__z1p00__lam0p000__nu0p50__psi0p00,0.018,borrow,30,1223,0.0,2,-0.6,-0.6,-0.61200005,1.0843526,0.0,0.082346916,0.0,0.0,0.018,0.0,0.012,0.6,0.6,-28.628088,2.3856235,0.79520786,0.136,0.0,0.16258241,0.0,0.0
hardzero_only__c0p58__z1p00__lam0p000__nu0p50__psi0p00,0.018,borrow,30,1224,0.0,2,-0.6,-0.6,-0.61012477,0.9822068,0.10418212,0.10418212,1.0,0.0018752781,0.018,0.0,0.012,0.6,0.6,-26.872156,2.1608982,0.7202994,0.2,0.0,0.14246652,0.0,0.0
hardzero_only__c0p58__z1p00__lam0p000__nu0p50__psi0p00,0.018,borrow,30,1225,0.0,2,-0.6,-0.6,-0.61200005,1.0169253,0.0,0.09617775,0.0,0.0,0.018,0.0,0.012,0.6,0.6,-27.298775,2.2372804,0.74576014,0.136,0.0,0.15838636,0.0,0.0
hardzero_only__c0p58__z1p00__lam0p000__nu0p50__psi0p00,0.018,borrow,30,1226,0.0,2,-0.6,-0.6,-0.6101706,0.9929579,0.101634726,0.101634726,1.0,0.001829425,0.018,0.0,0.012,0.6,0.6,-26.619606,2.184551,0.7281837,0.14400001,0.0,0.15410733,0.0,0.0
hardzero_only__c0p58__z1p00__lam0p000__nu0p50__psi0p00,0.018,borrow,30,1227,0.0,2,-0.6,-0.6,-0.61200005,1.0258178,0.0,0.0942285,0.0,0.0,0.018,0.0,0.012,0.6,0.6,-27.839735,2.256844,0.75228137,0.17600001,0.0,0.16812597,0.0,0.0
hardzero_only__c0p58__z1p00__lam0p000__nu0p50__psi0p00,0.018,borrow,30,1228,0.0,2,-0.6,-0.6,-0.6101419,0.9861911,0.10323071,0.10323071,1.0,0.0018581527,0.018,0.0,0.012,0.6,0.6,-27.427801,2.1696637,0.72322124,0.23200001,0.008,0.15653567,0.0,0.0
hardzero_only__c0p58__z1p00__lam0p000__nu0p50__psi0p00,0.018,borrow,30,1229,0.0,2,-0.6,-0.6,-0.61200005,1.0130594,0.0,0.09703773,0.0,0.0,0.018,0.0,0.012,0.6,0.6,-26.919954,2.228775,0.74292505,0.136,0.0,0.1473173,0.0,0.0
hardzero_only__c0p58__z1p00__lam0p000__nu0p50__psi0p00,0.018,borrow,30,1230,0.0,2,-0.6,-0.6,-0.61200005,1.0191592,0.0,0.09568431,0.0,0.0,0.018,0.0,0.012,0.6,0.6,-27.566029,2.242195,0.7473983,0.128,0.0,0.15111904,0.0,0.0
hardzero_only__c0p58__z1p00__lam0p000__nu0p50__psi0p00,0.018,borrow,30,1231,0.0,2,-0.6,-0.6,-0.61200005,1.0217438,0.0,0.09511657,0.0,0.0,0.018,0.0,0.012,0.6,0.6,-26.755886,2.2478812,0.74929374,0.14400001,0.0,0.15151727,0.0,0.0
hardzero_only__c0p58__z1p00__lam0p000__nu0p50__psi0p00,0.018,borrow,30,1232,0.0,2,-0.6,-0.6,-0.61015797,0.9899585,0.10233907,0.10233907,1.0,0.0018421031,0.018,0.0,0.012,0.6,0.6,-27.059961,2.1779523,0.7259841,0.120000005,0.0,0.15712631,0.0,0.0
hardzero_only__c0p58__z1p00__lam0p000__nu0p50__psi0p00,0.018,borrow,30,1233,0.0,2,-0.6,-0.6,-0.61200005,1.0145977,0.0,0.09669463,0.0,0.0,0.018,0.0,0.012,0.6,0.6,-26.696507,2.2321594,0.7440531,0.128,0.0,0.14585784,0.0,0.0
hardzero_only__c0p58__z1p00__lam0p000__nu0p50__psi0p00,0.018,borrow,30,1234,0.0,2,-0.6,-0.6,-0.61200005,1.0330427,0.0,0.09267387,0.0,0.0,0.018,0.0,0.012,0.6,0.6,-27.384485,2.2727392,0.75757974,0.17600001,0.0,0.17042412,0.0,0.0
hardzero_only__c0p58__z1p00__lam0p000__nu0p50__psi0p00,0.018,borrow,30,1235,0.0,2,-0.6,-0.6,-0.61200005,1.008004,0.0,0.0981739,0.0,0.0,0.018,0.0,0.012,0.6,0.6,-27.007057,2.217653,0.7392177,0.17,0.0,0.16589822,0.0,0.0
hardzero_only__c0p58__z1p00__lam0p000__nu0p50__psi0p00,0.018,borrow,30,1236,0.0,2,-0.6,-0.6,-0.61200005,1.0233865,0.0,0.094757475,0.0,0.0,0.018,0.0,0.012,0.6,0.6,-27.220707,2.2514951,0.7504984,0.14400001,0.0,0.17846401,0.0,0.0
hardzero_only__c0p58__z1p00__lam0p000__nu0p50__psi0p00,0.018,borrow,30,1237,0.0,2,-0.6,-0.6,-0.61200005,1.0091807,0.0,0.097908266,0.0,0.0,0.018,0.0,0.012,0.6,0.6,-27.713612,2.2202418,0.7400806,0.16000001,0.0,0.17039005,0.0,0.0
hardzero_only__c0p58__z1p00__lam0p000__nu0p50__psi0p00,0.018,borrow,30,1238,0.0,2,-0.6,-0.6,-0.61200005,1.0698267,0.0,0.085147776,0.0,0.0,0.018,0.0,0.012,0.6,0.6,-27.625977,2.3536658,0.7845553,0.104,0.0,0.20084311,0.0,0.0
hardzero_only__c0p58__z1p00__lam0p000__nu0p50__psi0p00,0.018,borrow,30,1239,0.0,2,-0.6,-0.6,-0.61200005,1.0292374,0.0,0.09348945,0.0,0.0,0.018,0.0,0.012,0.6,0.6,-27.392736,2.2643676,0.75478923,0.18400002,0.0,0.17720307,0.0,0.0
hardzero_only__c0p58__z1p00__lam0p000__nu0p50__psi0p00,0.018,borrow,30,1240,0.0,2,-0.6,-0.6,-0.61018354,0.99603593,0.10091694,0.10091694,1.0,0.0018165048,0.018,0.0,0.012,0.6,0.6,-27.110039,2.1913228,0.730441,0.15200001,0.0,0.1654356,0.0,0.0
hardzero_only__c0p58__z1p00__lam0p000__nu0p50__psi0p00,0.018,borrow,30,1241,0.0,2,-0.6,-0.6,-0.61200005,1.0234855,0.0,0.094735876,0.0,0.0,0.018,0.0,0.012,0.6,0.6,-27.482037,2.251713,0.750571,0.18400002,0.0,0.16350238,0.0,0.0
hardzero_only__c0p58__z1p00__lam0p000__nu0p50__psi0p00,0.018,borrow,30,1242,0.0,2,-0.6,-0.6,-0.61200005,1.0678405,0.0,0.085538074,0.0,0.0,0.018,0.0,0.012,0.6,0.6,-28.509125,2.3492959,0.78309864,0.192,0.0,0.1830929,0.0,0.0
hardzero_only__c0p58__z1p00__lam0p000__nu0p50__psi0p00,0.018,borrow,30,1243,0.0,2,-0.6,-0.6,-0.61200005,1.0385947,0.0,0.09149666,0.0,0.0,0.018,0.0,0.012,0.6,0.6,-27.70756,2.284954,0.7616514,0.16000001,0.0,0.19052063,0.0,0.0
hardzero_only__c0p58__z1p00__lam0p000__nu0p50__psi0p00,0.018,borrow,30,1244,0.0,2,-0.6,-0.6,-0.61200005,1.0048895,0.0,0.09888048,0.0,0.0,0.018,0.0,0.012,0.6,0.6,-27.604494,2.2108011,0.7369337,0.104,0.0,0.16091225,0.0,0.0
hardzero_only__c0p58__z1p00__lam0p000__nu0p50__psi0p00,0.018,borrow,30,1245,0.0,2,-0.6,-0.6,-0.61200005,1.0350429,0.0,0.09224804,0.0,0.0,0.018,0.0,0.012,0.6,0.6,-28.14413,2.27714,0.7590467,0.216,0.0,0.16553155,0.0,0.0
hardzero_only__c0p58__z1p00__lam0p000__nu0p50__psi0p00,0.018,borrow,30,1246,0.0,2,-0.6,-0.6,-0.61200005,1.1257064,0.0,0.07486755,0.0,0.0,0.018,0.0,0.012,0.6,0.6,-28.836306,2.4766035,0.8255345,0.136,0.0,0.1832799,0.0,0.0
hardzero_only__c0p58__z1p00__lam0p000__nu0p50__psi0p00,0.018,borrow,30,1247,0.0,2,-0.6,-0.6,-0.61010444,0.9775183,0.10531291,0.10531291,1.0,0.0018956324,0.018,0.0,0.012,0.6,0.6,-26.667665,2.1505833,0.7168611,0.15200001,0.0,0.13877526,0.0,0.0
hardzero_only__c0p58__z1p00__lam0p000__nu0p50__psi0p00,0.018,borrow,30,1248,0.0,2,-0.6,-0.6,-0.61200005,1.0442001,0.0,0.09032332,0.0,0.0,0.018,0.0,0.012,0.6,0.6,-28.671333,2.297286,0.76576203,0.12,0.0,0.15935102,0.0,0.0
hardzero_only__c0p58__z1p00__lam0p000__nu0p50__psi0p00,0.018,borrow,30,1249,0.0,2,-0.6,-0.6,-0.61200005,1.0381916,0.0,0.09158165,0.0,0.0,0.018,0.0,0.012,0.6,0.6,-27.305449,2.284067,0.76135564,0.16000001,0.0,0.1877668,0.0,0.0
