mechanism_tag,mechanism,alpha,seed,update,update_u,update_counter,energy_E_pre,energy_E_post,funding_z,funding_g,funding_g_raw,funding_cut_active,funding_income,funding_alpha_eff,episode_return_end_mean,terminal_min_dists_end_mean,terminal_dbar_end,terminal_occupied_end_mean,terminal_CSR_train,vartd_VarTD,depr_F,depr_F_post,env_steps
hardzero_plus_depr__c0p54__z1p05__lam0p010__nu0p50__psi1p00,hardzero_plus_depr,0.03,39,0,1.0,1,1.0,0.46279177,1.0312365,0.09306009,0.09306009,1.0,0.0027918026,0.03,-27.434998,2.2687657,0.75625527,0.14999999,0.0,0.14993557,0.0,0.0,3200
hardzero_plus_depr__c0p54__z1p05__lam0p010__nu0p50__psi1p00,hardzero_plus_depr,0.03,39,1,0.0,1,0.46279177,0.46585923,0.99034107,0.102248944,0.102248944,1.0,0.0030674683,0.03,-25.956192,2.178794,0.72626466,0.18400002,0.0,0.14349915,0.0,0.01,6400
hardzero_plus_depr__c0p54__z1p05__lam0p010__nu0p50__psi1p00,hardzero_plus_depr,0.03,39,2,0.0,1,0.46585923,0.46585923,1.059887,0.0,0.087119,0.0,0.0,0.029701494,-27.824345,2.331798,0.777266,0.15200001,0.0,0.16884239,0.01,0.02,9600
hardzero_plus_depr__c0p54__z1p05__lam0p010__nu0p50__psi1p00,hardzero_plus_depr,0.03,39,3,0.0,1,0.46585923,0.4686729,1.0191605,0.095684044,0.095684044,1.0,0.002813681,0.029405959,-28.626385,2.242198,0.74739933,0.208,0.0,0.12685628,0.02,0.03,12800
hardzero_plus_depr__c0p54__z1p05__lam0p010__nu0p50__psi1p00,hardzero_plus_depr,0.03,39,4,0.0,1,0.4686729,0.4717378,0.9776742,0.10527514,0.10527514,1.0,0.0030649137,0.029113367,-25.679977,2.150926,0.7169754,0.14400001,0.0,0.13222295,0.03,0.04,16000
hardzero_plus_depr__c0p54__z1p05__lam0p010__nu0p50__psi1p00,hardzero_plus_depr,0.03,39,5,0.0,1,0.4717378,0.47448462,1.0209205,0.09529705,0.09529705,1.0,0.0027468123,0.028823685,-26.15458,2.24607,0.74869,0.120000005,0.0,0.13187034,0.04,0.049999997,19200
hardzero_plus_depr__c0p54__z1p05__lam0p010__nu0p50__psi1p00,hardzero_plus_depr,0.03,39,6,0.0,1,0.47448462,0.47448462,1.0735103,0.0,0.08442863,0.0,0.0,0.028536882,-27.573233,2.3617697,0.7872566,0.16000001,0.0,0.14411533,0.049999997,0.059999995,22400
hardzero_plus_depr__c0p54__z1p05__lam0p010__nu0p50__psi1p00,hardzero_plus_depr,0.03,39,7,0.0,1,0.47448462,0.4771353,1.0277045,0.093820006,0.093820006,1.0,0.0026506907,0.028252937,-27.901098,2.260995,0.753665,0.14400001,0.0,0.15414624,0.059999995,0.06999999,25600
hardzero_plus_depr__c0p54__z1p05__lam0p010__nu0p50__psi1p00,hardzero_plus_depr,0.03,39,8,0.0,1,0.4771353,0.4771353,1.0551465,0.0,0.08807518,0.0,0.0,0.027971815,-27.718729,2.3213685,0.7737895,0.096,0.0,0.13141693,0.06999999,0.07999999,28800
hardzero_plus_depr__c0p54__z1p05__lam0p010__nu0p50__psi1p00,hardzero_plus_depr,0.03,39,9,0.0,1,0.4771353,0.4771353,1.0630507,0.0,0.08648668,0.0,0.0,0.027693491,-29.02969,2.3387585,0.7795862,0.14400001,0.0,0.17441674,0.07999999,0.08999999,32000
hardzero_plus_depr__c0p54__z1p05__lam0p010__nu0p50__psi1p00,hardzero_plus_depr,0.03,39,10,0.0,1,0.4771353,0.47987458,1.000397,0.09990863,0.09990863,1.0,0.0027392884,0.027417937,-26.929127,2.2009172,0.7336391,0.192,0.0,0.13204363,0.08999999,0.09999999,35200
hardzero_plus_depr__c0p54__z1p05__lam0p010__nu0p50__psi1p00,hardzero_plus_depr,0.03,39,11,0.0,1,0.47987458,0.48249042,1.0160794,0.09636527,0.09636527,1.0,0.0026158474,0.027145125,-27.055298,2.2354193,0.7451398,0.112,0.0,0.13026172,0.09999999,0.109999985,38400
hardzero_plus_depr__c0p54__z1p05__lam0p010__nu0p50__psi1p00,hardzero_plus_depr,0.03,39,12,0.0,1,0.48249042,0.48532322,0.9771323,0.10540656,0.10540656,1.0,0.002832804,0.026875027,-26.661505,2.149734,0.716578,0.192,0.0,0.14456762,0.109999985,0.11999998,41600
hardzero_plus_depr__c0p54__z1p05__lam0p010__nu0p50__psi1p00,hardzero_plus_depr,0.03,39,13,0.0,1,0.48532322,0.48824406,0.95949817,0.10977458,0.10977458,1.0,0.0029208395,0.026607612,-26.651064,2.110938,0.70364606,0.19,0.0,0.15377568,0.11999998,0.12999998,44800
hardzero_plus_depr__c0p54__z1p05__lam0p010__nu0p50__psi1p00,hardzero_plus_depr,0.03,39,14,0.0,1,0.48824406,0.4907011,1.0302498,0.093271755,0.093271755,1.0,0.002457045,0.026342863,-27.049194,2.266595,0.75553167,0.08800001,0.0,0.13830633,0.12999998,0.13999999,48000
hardzero_plus_depr__c0p54__z1p05__lam0p010__nu0p50__psi1p00,hardzero_plus_depr,0.03,39,15,0.0,1,0.4907011,0.49362376,0.950543,0.11206164,0.11206164,1.0,0.0029226514,0.026080748,-26.249496,2.0912364,0.6970788,0.128,0.0,0.11830699,0.13999999,0.14999999,51200
hardzero_plus_depr__c0p54__z1p05__lam0p010__nu0p50__psi1p00,hardzero_plus_depr,0.03,39,16,0.0,1,0.49362376,0.49619412,1.0019838,0.09954425,0.09954425,1.0,0.0025703555,0.025821237,-27.059229,2.2044084,0.73480284,0.192,0.0,0.12837346,0.14999999,0.16,54400
hardzero_plus_depr__c0p54__z1p05__lam0p010__nu0p50__psi1p00,hardzero_plus_depr,0.03,39,17,0.0,1,0.49619412,0.49864095,1.0190295,0.0957129,0.0957129,1.0,0.0024468345,0.025564313,-27.356934,2.2419097,0.74730325,0.17600001,0.0,0.13814645,0.16,0.17,57600
hardzero_plus_depr__c0p54__z1p05__lam0p010__nu0p50__psi1p00,hardzero_plus_depr,0.03,39,18,0.0,1,0.49864095,0.501042,1.0228881,0.09486629,0.09486629,1.0,0.0024010607,0.025309945,-26.496225,2.2503986,0.7501329,0.16800001,0.0,0.16072741,0.17,0.18,60800
hardzero_plus_depr__c0p54__z1p05__lam0p010__nu0p50__psi1p00,hardzero_plus_depr,0.03,39,19,0.0,1,0.501042,0.5033522,1.0352914,0.09219524,0.09219524,1.0,0.002310238,0.025058106,-27.475166,2.2776866,0.7592289,0.14400001,0.0,0.15676107,0.18,0.19000001,64000
hardzero_plus_depr__c0p54__z1p05__lam0p010__nu0p50__psi1p00,hardzero_plus_depr,0.03,39,20,0.0,1,0.5033522,0.50600666,0.97063816,0.10699459,0.10699459,1.0,0.0026544046,0.024808774,-26.020771,2.1354465,0.71181554,0.192,0.0,0.15394849,0.19000001,0.20000002,67200
hardzero_plus_depr__c0p54__z1p05__lam0p010__nu0p50__psi1p00,hardzero_plus_depr,0.03,39,21,0.0,1,0.50600666,0.5083829,1.0143734,0.09674455,0.09674455,1.0,0.0023762323,0.024561923,-27.633436,2.231666,0.74388874,0.14400001,0.0,0.13604303,0.20000002,0.21000002,70400
hardzero_plus_depr__c0p54__z1p05__lam0p010__nu0p50__psi1p00,hardzero_plus_depr,0.03,39,22,0.0,1,0.5083829,0.5107553,1.0107306,0.097559445,0.097559445,1.0,0.0023724046,0.024317527,-26.84007,2.223652,0.7412173,0.16000001,0.0,0.13298157,0.21000002,0.22000003,73600
hardzero_plus_depr__c0p54__z1p05__lam0p010__nu0p50__psi1p00,hardzero_plus_depr,0.03,39,23,0.0,1,0.5107553,0.5107553,1.0734215,0.0,0.08444589,0.0,0.0,0.024075562,-27.351767,2.3615744,0.7871915,0.17600001,0.0,0.18248726,0.22000003,0.23000003,76800
hardzero_plus_depr__c0p54__z1p05__lam0p010__nu0p50__psi1p00,hardzero_plus_depr,0.03,39,24,0.0,1,0.5107553,0.51320857,0.98748946,0.10292256,0.10292256,1.0,0.002453263,0.023836007,-26.873869,2.1725202,0.7241734,0.136,0.0,0.1320003,0.23000003,0.24000004,80000
hardzero_plus_depr__c0p54__z1p05__lam0p010__nu0p50__psi1p00,hardzero_plus_depr,0.03,39,25,0.0,1,0.51320857,0.51320857,1.1025975,0.0,0.07895916,0.0,0.0,0.023598837,-29.033474,2.425763,0.8085877,0.136,0.0,0.15852407,0.24000004,0.25000003,83200
hardzero_plus_depr__c0p54__z1p05__lam0p010__nu0p50__psi1p00,hardzero_plus_depr,0.03,39,26,0.0,1,0.51320857,0.5154507,1.0178776,0.095967114,0.095967114,1.0,0.0022421777,0.023364022,-27.459557,2.2393754,0.7464585,0.19,0.0,0.1422328,0.25000003,0.26000002,86400
hardzero_plus_depr__c0p54__z1p05__lam0p010__nu0p50__psi1p00,hardzero_plus_depr,0.03,39,27,0.0,1,0.5154507,0.5154507,1.0615327,0.0,0.08678951,0.0,0.0,0.023131547,-27.940575,2.3354187,0.7784729,0.112,0.0,0.16975962,0.26000002,0.27,89600
hardzero_plus_depr__c0p54__z1p05__lam0p010__nu0p50__psi1p00,hardzero_plus_depr,0.03,39,28,0.0,1,0.5154507,0.5175594,1.0358422,0.092078395,0.092078395,1.0,0.0021087227,0.022901384,-27.76284,2.2788982,0.75963277,0.17600001,0.0,0.1991105,0.27,0.28,92800
hardzero_plus_depr__c0p54__z1p05__lam0p010__nu0p50__psi1p00,hardzero_plus_depr,0.03,39,29,0.0,1,0.5175594,0.5197198,1.0209869,0.09528249,0.09528249,1.0,0.0021603885,0.022673512,-27.163488,2.246216,0.7487387,0.15200001,0.0,0.16010742,0.28,0.29,96000
hardzero_plus_depr__c0p54__z1p05__lam0p010__nu0p50__psi1p00,hardzero_plus_depr,0.03,39,30,0.0,1,0.5197198,0.5197198,1.0771,0.0,0.08373364,0.0,0.0,0.022447908,-28.106506,2.3696675,0.7898892,0.136,0.008,0.1743615,0.29,0.29999998,99200
hardzero_plus_depr__c0p54__z1p05__lam0p010__nu0p50__psi1p00,hardzero_plus_depr,0.03,39,31,0.0,1,0.5197198,0.5217258,1.0445008,0.09026078,0.09026078,1.0,0.0020060048,0.022224545,-27.902412,2.2979476,0.76598257,0.16800001,0.0,0.14809155,0.29999998,0.30999997,102400
hardzero_plus_depr__c0p54__z1p05__lam0p010__nu0p50__psi1p00,hardzero_plus_depr,0.03,39,32,0.0,1,0.5217258,0.52401423,0.9829468,0.10400474,0.10400474,1.0,0.002288459,0.02200341,-27.309244,2.1625261,0.72084206,0.15200001,0.0,0.14135303,0.30999997,0.31999996,105600
hardzero_plus_depr__c0p54__z1p05__lam0p010__nu0p50__psi1p00,hardzero_plus_depr,0.03,39,33,0.0,1,0.52401423,0.52600163,1.0398676,0.09122889,0.09122889,1.0,0.001987373,0.021784471,-27.07834,2.2877545,0.76258487,0.112,0.0,0.13918748,0.31999996,0.32999995,108800
hardzero_plus_depr__c0p54__z1p05__lam0p010__nu0p50__psi1p00,hardzero_plus_depr,0.03,39,34,0.0,1,0.52600163,0.52600163,1.0659387,0.0,0.08591347,0.0,0.0,0.021567713,-27.784008,2.345112,0.78170407,0.128,0.0,0.15048684,0.32999995,0.33999994,112000
hardzero_plus_depr__c0p54__z1p05__lam0p010__nu0p50__psi1p00,hardzero_plus_depr,0.03,39,35,0.0,1,0.52600163,0.52804464,1.0191934,0.09567679,0.09567679,1.0,0.002042997,0.02135311,-27.066942,2.2422702,0.7474234,0.16000001,0.0,0.16468681,0.33999994,0.34999993,115200
hardzero_plus_depr__c0p54__z1p05__lam0p010__nu0p50__psi1p00,hardzero_plus_depr,0.03,39,36,0.0,1,0.52804464,0.52804464,1.0705218,0.0,0.08501158,0.0,0.0,0.021140644,-28.116978,2.355195,0.78506505,0.17600001,0.0,0.1793773,0.34999993,0.35999992,118400
hardzero_plus_depr__c0p54__z1p05__lam0p010__nu0p50__psi1p00,hardzero_plus_depr,0.03,39,37,0.0,1,0.52804464,0.52804464,1.066452,0.0,0.08581198,0.0,0.0,0.02093029,-28.562569,2.3462412,0.7820804,0.15200001,0.0,0.14364329,0.35999992,0.36999992,121600
hardzero_plus_depr__c0p54__z1p05__lam0p010__nu0p50__psi1p00,hardzero_plus_depr,0.03,39,38,0.0,1,0.52804464,0.52804464,1.1410509,0.0,0.07226849,0.0,0.0,0.020722033,-29.664997,2.5103621,0.8367874,0.120000005,0.0,0.19619411,0.36999992,0.3799999,124800
hardzero_plus_depr__c0p54__z1p05__lam0p010__nu0p50__psi1p00,hardzero_plus_depr,0.03,39,39,0.0,1,0.52804464,0.5301419,0.9904433,0.102224894,0.102224894,1.0,0.00209723,0.020515844,-26.157692,2.1790187,0.7263396,0.16,0.0,0.119717255,0.3799999,0.3899999,128000
hardzero_plus_depr__c0p54__z1p05__lam0p010__nu0p50__psi1p00,hardzero_plus_depr,0.03,39,40,0.0,1,0.5301419,0.5319802,1.0433242,0.09050567,0.09050567,1.0,0.0018383248,0.02031171,-27.530798,2.2953591,0.76511973,0.096,0.0,0.14333221,0.3899999,0.3999999,131200
hardzero_plus_depr__c0p54__z1p05__lam0p010__nu0p50__psi1p00,hardzero_plus_depr,0.03,39,41,0.0,1,0.5319802,0.53391516,1.0167313,0.096220754,0.096220754,1.0,0.0019349614,0.020109605,-26.300938,2.2368534,0.7456178,0.104,0.0,0.13860944,0.3999999,0.40999988,134400
hardzero_plus_depr__c0p54__z1p05__lam0p010__nu0p50__psi1p00,hardzero_plus_depr,0.03,39,42,0.0,1,0.53391516,0.53572327,1.0418401,0.09081548,0.09081548,1.0,0.0018080916,0.01990951,-27.053295,2.292094,0.76403135,0.24000001,0.0,0.15827537,0.40999988,0.41999987,137600
hardzero_plus_depr__c0p54__z1p05__lam0p010__nu0p50__psi1p00,hardzero_plus_depr,0.03,39,43,0.0,1,0.53572327,0.53572327,1.0624148,0.0,0.086613424,0.0,0.0,0.019711407,-28.456459,2.3373592,0.77911973,0.112,0.0,0.16076341,0.41999987,0.42999986,140800
hardzero_plus_depr__c0p54__z1p05__lam0p010__nu0p50__psi1p00,hardzero_plus_depr,0.03,39,44,0.0,1,0.53572327,0.53572327,1.0708541,0.0,0.08494659,0.0,0.0,0.019515274,-27.657902,2.355926,0.7853087,0.08800001,0.0,0.12953292,0.42999986,0.43999985,144000
hardzero_plus_depr__c0p54__z1p05__lam0p010__nu0p50__psi1p00,hardzero_plus_depr,0.03,39,45,0.0,1,0.53572327,0.5374902,1.0388217,0.09144885,0.09144885,1.0,0.0017668919,0.019321095,-27.251322,2.2854533,0.7618178,0.17600001,0.0,0.14696333,0.43999985,0.44999984,147200
hardzero_plus_depr__c0p54__z1p05__lam0p010__nu0p50__psi1p00,hardzero_plus_depr,0.03,39,46,0.0,1,0.5374902,0.5374902,1.055539,0.0,0.08799561,0.0,0.0,0.019128848,-27.95855,2.3222322,0.7740774,0.104,0.0,0.14538765,0.44999984,0.45999983,150400
hardzero_plus_depr__c0p54__z1p05__lam0p010__nu0p50__psi1p00,hardzero_plus_depr,0.03,39,47,0.0,1,0.5374902,0.5374902,1.0627433,0.0,0.08654792,0.0,0.0,0.018938512,-28.233398,2.338082,0.7793607,0.16800001,0.0,0.18412182,0.45999983,0.46999982,153600
hardzero_plus_depr__c0p54__z1p05__lam0p010__nu0p50__psi1p00,hardzero_plus_depr,0.03,39,48,0.0,1,0.5374902,0.53921276,1.036826,0.091870055,0.091870055,1.0,0.00172257,0.018750072,-27.691263,2.2810628,0.7603543,0.136,0.0,0.13985986,0.46999982,0.4799998,156800
hardzero_plus_depr__c0p54__z1p05__lam0p010__nu0p50__psi1p00,hardzero_plus_depr,0.03,39,49,0.0,1,0.53921276,0.5409511,1.0285366,0.09364043,0.09364043,1.0,0.0017382945,0.018563503,-27.660643,2.2628255,0.7542752,0.16000001,0.0,0.18943526,0.4799998,0.4899998,160000
hardzero_plus_depr__c0p54__z1p05__lam0p010__nu0p50__psi1p00,hardzero_plus_depr,0.03,39,50,1.0,2,0.5409511,0.0009510517,1.0724972,0.0,0.08462579,0.0,0.0,0.018378796,-27.179153,2.359541,0.7865137,0.104,0.0,0.13747747,0.4899998,0.2449999,163200
hardzero_plus_depr__c0p54__z1p05__lam0p010__nu0p50__psi1p00,hardzero_plus_depr,0.03,39,51,0.0,2,0.0009510517,0.003128603,1.0327507,0.0927362,0.0927362,1.0,0.0021775514,0.023481138,-27.419125,2.2720969,0.75736564,0.14400001,0.0,0.13547087,0.2449999,0.2549999,166400
hardzero_plus_depr__c0p54__z1p05__lam0p010__nu0p50__psi1p00,hardzero_plus_depr,0.03,39,52,0.0,2,0.003128603,0.003128603,1.075012,0.0,0.0841372,0.0,0.0,0.023247497,-28.159199,2.3650737,0.7883579,0.17,0.01,0.16151036,0.2549999,0.2649999,169600
hardzero_plus_depr__c0p54__z1p05__lam0p010__nu0p50__psi1p00,hardzero_plus_depr,0.03,39,53,0.0,2,0.003128603,0.005289267,1.027446,0.093875855,0.093875855,1.0,0.0021606635,0.023016179,-27.131895,2.2604265,0.75347555,0.18400002,0.0,0.13613768,0.2649999,0.2749999,172800
hardzero_plus_depr__c0p54__z1p05__lam0p010__nu0p50__psi1p00,hardzero_plus_depr,0.03,39,54,0.0,2,0.005289267,0.0074209543,1.0289667,0.09354773,0.09354773,1.0,0.0021316875,0.022787165,-27.396105,2.2637718,0.75459063,0.14400001,0.0,0.14347526,0.2749999,0.28499988,176000
hardzero_plus_depr__c0p54__z1p05__lam0p010__nu0p50__psi1p00,hardzero_plus_depr,0.03,39,55,0.0,2,0.0074209543,0.0074209543,1.0564038,0.0,0.08782056,0.0,0.0,0.022560429,-27.245037,2.3241346,0.77471155,0.16000001,0.0,0.1353772,0.28499988,0.29499987,179200
hardzero_plus_depr__c0p54__z1p05__lam0p010__nu0p50__psi1p00,hardzero_plus_depr,0.03,39,56,0.0,2,0.0074209543,0.009603235,1.0100938,0.097702615,0.097702615,1.0,0.0021822806,0.02233595,-27.680088,2.2222507,0.74075025,0.136,0.0,0.13686723,0.29499987,0.30499986,182400
hardzero_plus_depr__c0p54__z1p05__lam0p010__nu0p50__psi1p00,hardzero_plus_depr,0.03,39,57,0.0,2,0.009603235,0.01191799,0.9801565,0.10467514,0.10467514,1.0,0.002314755,0.022113705,-25.8567,2.1563873,0.7187958,0.264,0.0,0.15329239,0.30499986,0.31499985,185600
hardzero_plus_depr__c0p54__z1p05__lam0p010__nu0p50__psi1p00,hardzero_plus_depr,0.03,39,58,0.0,2,0.01191799,0.014011161,1.0195137,0.09560624,0.09560624,1.0,0.0020931715,0.02189367,-27.601494,2.242975,0.7476584,0.15200001,0.0,0.1295086,0.31499985,0.32499984,188800
hardzero_plus_depr__c0p54__z1p05__lam0p010__nu0p50__psi1p00,hardzero_plus_depr,0.03,39,59,0.0,2,0.014011161,0.014011161,1.0880758,0.0,0.08164399,0.0,0.0,0.021675825,-27.765862,2.3938146,0.7979382,0.128,0.0,0.14596888,0.32499984,0.33499983,192000
hardzero_plus_depr__c0p54__z1p05__lam0p010__nu0p50__psi1p00,hardzero_plus_depr,0.03,39,60,0.0,2,0.014011161,0.016202286,0.99096555,0.102102034,0.102102034,1.0,0.0021911245,0.021460146,-27.130001,2.1801677,0.7267226,0.136,0.0,0.13953646,0.33499983,0.34499982,195200
hardzero_plus_depr__c0p54__z1p05__lam0p010__nu0p50__psi1p00,hardzero_plus_depr,0.03,39,61,0.0,2,0.016202286,0.016202286,1.0510378,0.0,0.08891237,0.0,0.0,0.021246614,-27.668676,2.3123293,0.77077645,0.104,0.0,0.15331106,0.34499982,0.3549998,198400
hardzero_plus_depr__c0p54__z1p05__lam0p010__nu0p50__psi1p00,hardzero_plus_depr,0.03,39,62,0.0,2,0.016202286,0.018250983,1.0114689,0.09739374,0.09739374,1.0,0.0020486976,0.021035207,-28.165058,2.225276,0.7417587,0.136,0.0,0.13117552,0.3549998,0.3649998,201600
hardzero_plus_depr__c0p54__z1p05__lam0p010__nu0p50__psi1p00,hardzero_plus_depr,0.03,39,63,0.0,2,0.018250983,0.020401722,0.9860163,0.10327226,0.10327226,1.0,0.002150738,0.020825902,-25.616053,2.169279,0.72309303,0.224,0.0,0.11630679,0.3649998,0.3749998,204800
hardzero_plus_depr__c0p54__z1p05__lam0p010__nu0p50__psi1p00,hardzero_plus_depr,0.03,39,64,0.0,2,0.020401722,0.022577737,0.9765989,0.10553612,0.10553612,1.0,0.0021760156,0.020618683,-26.480713,2.1485605,0.7161869,0.208,0.0,0.12368439,0.3749998,0.38499978,208000
hardzero_plus_depr__c0p54__z1p05__lam0p010__nu0p50__psi1p00,hardzero_plus_depr,0.03,39,65,0.0,2,0.022577737,0.024586719,1.0069417,0.09841432,0.09841432,1.0,0.002008983,0.020413524,-27.000048,2.2153158,0.7384386,0.14,0.0,0.15418759,0.38499978,0.39499977,211200
hardzero_plus_depr__c0p54__z1p05__lam0p010__nu0p50__psi1p00,hardzero_plus_depr,0.03,39,66,0.0,2,0.024586719,0.026410183,1.0446777,0.090224035,0.090224035,1.0,0.0018234644,0.020210406,-28.274181,2.298337,0.7661123,0.112,0.0,0.15284395,0.39499977,0.40499976,214400
hardzero_plus_depr__c0p54__z1p05__lam0p010__nu0p50__psi1p00,hardzero_plus_depr,0.03,39,67,0.0,2,0.026410183,0.026410183,1.0785321,0.0,0.08345798,0.0,0.0,0.020009307,-28.251091,2.372818,0.79093933,0.120000005,0.0,0.17304419,0.40499976,0.41499975,217600
hardzero_plus_depr__c0p54__z1p05__lam0p010__nu0p50__psi1p00,hardzero_plus_depr,0.03,39,68,0.0,2,0.026410183,0.028325222,1.0147114,0.096669294,0.096669294,1.0,0.0019150393,0.019810213,-27.06813,2.2324097,0.7441366,0.14400001,0.0,0.1210722,0.41499975,0.42499974,220800
hardzero_plus_depr__c0p54__z1p05__lam0p010__nu0p50__psi1p00,hardzero_plus_depr,0.03,39,69,0.0,2,0.028325222,0.030221073,1.0147421,0.096662454,0.096662454,1.0,0.0018958501,0.019613096,-27.16256,2.2324772,0.7441591,0.128,0.0,0.14523402,0.42499974,0.43499973,224000
hardzero_plus_depr__c0p54__z1p05__lam0p010__nu0p50__psi1p00,hardzero_plus_depr,0.03,39,70,0.0,2,0.030221073,0.03209137,1.0162923,0.096318044,0.096318044,1.0,0.0018702986,0.019417947,-27.439604,2.2358878,0.74529594,0.14400001,0.0,0.14565751,0.43499973,0.44499972,227200
hardzero_plus_depr__c0p54__z1p05__lam0p010__nu0p50__psi1p00,hardzero_plus_depr,0.03,39,71,0.0,2,0.03209137,0.033944726,1.015902,0.096404634,0.096404634,1.0,0.0018533536,0.019224735,-27.281197,2.2350292,0.7450098,0.112,0.0,0.14141779,0.44499972,0.45499972,230400
hardzero_plus_depr__c0p54__z1p05__lam0p010__nu0p50__psi1p00,hardzero_plus_depr,0.03,39,72,0.0,2,0.033944726,0.036031686,0.9600037,0.10964689,0.10964689,1.0,0.002086958,0.019033445,-26.031334,2.1120503,0.7040168,0.256,0.0,0.12855223,0.45499972,0.4649997,233600
hardzero_plus_depr__c0p54__z1p05__lam0p010__nu0p50__psi1p00,hardzero_plus_depr,0.03,39,73,0.0,2,0.036031686,0.03804005,0.9723319,0.106578134,0.106578134,1.0,0.0020083645,0.018844059,-25.66706,2.1391728,0.71305764,0.18400002,0.0,0.13819736,0.4649997,0.4749997,236800
hardzero_plus_depr__c0p54__z1p05__lam0p010__nu0p50__psi1p00,hardzero_plus_depr,0.03,39,74,0.0,2,0.03804005,0.039919574,0.9967835,0.10074337,0.10074337,1.0,0.0018795244,0.018656557,-26.680038,2.1929674,0.73098916,0.208,0.0,0.16936097,0.4749997,0.4849997,240000
hardzero_plus_depr__c0p54__z1p05__lam0p010__nu0p50__psi1p00,hardzero_plus_depr,0.03,39,75,0.0,2,0.039919574,0.041843746,0.9822443,0.10417312,0.10417312,1.0,0.0019241733,0.01847092,-26.624802,2.1609807,0.7203269,0.18400002,0.0,0.15301692,0.4849997,0.49499968,243200
hardzero_plus_depr__c0p54__z1p05__lam0p010__nu0p50__psi1p00,hardzero_plus_depr,0.03,39,76,0.0,2,0.041843746,0.043523166,1.0369861,0.09183621,0.09183621,1.0,0.0016794209,0.018287133,-26.939678,2.281415,0.7604717,0.08800001,0.0,0.13313213,0.49499968,0.5049997,246400
hardzero_plus_depr__c0p54__z1p05__lam0p010__nu0p50__psi1p00,hardzero_plus_depr,0.03,39,77,0.0,2,0.043523166,0.045550425,0.95089334,0.111971274,0.111971274,1.0,0.0020272594,0.018105173,-25.82964,2.0920072,0.6973357,0.208,0.0,0.116545565,0.5049997,0.5149997,249600
hardzero_plus_depr__c0p54__z1p05__lam0p010__nu0p50__psi1p00,hardzero_plus_depr,0.03,39,78,0.0,2,0.045550425,0.0473321,1.0026312,0.09939598,0.09939598,1.0,0.0017816754,0.017925024,-27.309587,2.2058327,0.7352776,0.19,0.0,0.15576881,0.5149997,0.5249997,252800
hardzero_plus_depr__c0p54__z1p05__lam0p010__nu0p50__psi1p00,hardzero_plus_depr,0.03,39,79,0.0,2,0.0473321,0.04913582,0.99294806,0.10163703,0.10163703,1.0,0.0018037186,0.017746668,-27.201344,2.1845293,0.7281765,0.14400001,0.0,0.14401707,0.5249997,0.53499967,256000
hardzero_plus_depr__c0p54__z1p05__lam0p010__nu0p50__psi1p00,hardzero_plus_depr,0.03,39,80,0.0,2,0.04913582,0.050824285,1.0172813,0.09609897,0.09609897,1.0,0.0016884669,0.017570084,-26.253101,2.2380636,0.7460212,0.16000001,0.0,0.13358243,0.53499967,0.54499966,259200
hardzero_plus_depr__c0p54__z1p05__lam0p010__nu0p50__psi1p00,hardzero_plus_depr,0.03,39,81,0.0,2,0.050824285,0.052458014,1.0272506,0.09391811,0.09391811,1.0,0.0016337297,0.017395258,-27.403202,2.2599967,0.75333226,0.136,0.0,0.14276358,0.54499966,0.55499965,262400
hardzero_plus_depr__c0p54__z1p05__lam0p010__nu0p50__psi1p00,hardzero_plus_depr,0.03,39,82,0.0,2,0.052458014,0.054323766,0.96523416,0.10833427,0.10833427,1.0,0.0018657517,0.017222174,-25.901459,2.1235576,0.70785254,0.18400002,0.0,0.14943393,0.55499965,0.56499964,265600
hardzero_plus_depr__c0p54__z1p05__lam0p010__nu0p50__psi1p00,hardzero_plus_depr,0.03,39,83,0.0,2,0.054323766,0.05604363,0.9962513,0.1008669,0.1008669,1.0,0.0017198623,0.01705081,-25.85507,2.1917965,0.73059887,0.192,0.0,0.12852456,0.56499964,0.57499963,268800
hardzero_plus_depr__c0p54__z1p05__lam0p010__nu0p50__psi1p00,hardzero_plus_depr,0.03,39,84,0.0,2,0.05604363,0.057687853,1.011441,0.09740001,0.09740001,1.0,0.0016442245,0.016881153,-27.10514,2.2252147,0.74173826,0.128,0.0,0.14670414,0.57499963,0.5849996,272000
hardzero_plus_depr__c0p54__z1p05__lam0p010__nu0p50__psi1p00,hardzero_plus_depr,0.03,39,85,0.0,2,0.057687853,0.05924776,1.0299605,0.09333391,0.09333391,1.0,0.0015599065,0.016713182,-27.332495,2.2659583,0.7553195,0.14400001,0.0,0.1463089,0.5849996,0.5949996,275200
hardzero_plus_depr__c0p54__z1p05__lam0p010__nu0p50__psi1p00,hardzero_plus_depr,0.03,39,86,0.0,2,0.05924776,0.060825646,1.0206401,0.0953586,0.0953586,1.0,0.0015778876,0.016546883,-27.391918,2.2454531,0.7484844,0.096,0.0,0.14352974,0.5949996,0.6049996,278400
hardzero_plus_depr__c0p54__z1p05__lam0p010__nu0p50__psi1p00,hardzero_plus_depr,0.03,39,87,0.0,2,0.060825646,0.06245829,1.0014814,0.09965947,0.09965947,1.0,0.0016326451,0.016382238,-26.609716,2.203303,0.73443437,0.14400001,0.0,0.14153744,0.6049996,0.6149996,281600
hardzero_plus_depr__c0p54__z1p05__lam0p010__nu0p50__psi1p00,hardzero_plus_depr,0.03,39,88,0.0,2,0.06245829,0.06413469,0.98565376,0.1033585,0.1033585,1.0,0.0016763957,0.016219234,-26.654501,2.1684816,0.7228272,0.16000001,0.0,0.15117358,0.6149996,0.6249996,284800
hardzero_plus_depr__c0p54__z1p05__lam0p010__nu0p50__psi1p00,hardzero_plus_depr,0.03,39,89,0.0,2,0.06413469,0.06568205,1.0160935,0.096362144,0.096362144,1.0,0.001547369,0.01605785,-28.09914,2.2354503,0.7451501,0.192,0.0,0.16955264,0.6249996,0.6349996,288000
hardzero_plus_depr__c0p54__z1p05__lam0p010__nu0p50__psi1p00,hardzero_plus_depr,0.03,39,90,0.0,2,0.06568205,0.067233056,1.0107312,0.097559325,0.097559325,1.0,0.001551005,0.015898071,-27.171148,2.223653,0.74121773,0.17600001,0.0,0.13513118,0.6349996,0.64499956,291200
hardzero_plus_depr__c0p54__z1p05__lam0p010__nu0p50__psi1p00,hardzero_plus_depr,0.03,39,91,0.0,2,0.067233056,0.068946406,0.9631554,0.108854055,0.108854055,1.0,0.0017133502,0.015739884,-26.356222,2.1189842,0.7063281,0.11,0.0,0.16272119,0.64499956,0.65499955,294400
hardzero_plus_depr__c0p54__z1p05__lam0p010__nu0p50__psi1p00,hardzero_plus_depr,0.03,39,92,0.0,2,0.068946406,0.07057748,0.980185,0.10466825,0.10466825,1.0,0.0016310735,0.015583269,-26.273304,2.15645,0.7188167,0.128,0.0,0.13107882,0.65499955,0.66499954,297600
hardzero_plus_depr__c0p54__z1p05__lam0p010__nu0p50__psi1p00,hardzero_plus_depr,0.03,39,93,0.0,2,0.07057748,0.07203847,1.0236678,0.094696105,0.094696105,1.0,0.0014609916,0.0154282125,-27.4113,2.252114,0.7507047,0.14400001,0.0,0.15095623,0.66499954,0.67499954,300800
hardzero_plus_depr__c0p54__z1p05__lam0p010__nu0p50__psi1p00,hardzero_plus_depr,0.03,39,94,0.0,2,0.07203847,0.073537566,1.0081432,0.09814242,0.09814242,1.0,0.0014990959,0.015274699,-27.518528,2.2179594,0.7393198,0.23200001,0.0,0.14883932,0.67499954,0.6849995,304000
hardzero_plus_depr__c0p54__z1p05__lam0p010__nu0p50__psi1p00,hardzero_plus_depr,0.03,39,95,0.0,2,0.073537566,0.07493274,1.0350014,0.09225685,0.09225685,1.0,0.0013951741,0.015122714,-28.261076,2.2770486,0.7590162,0.16800001,0.0,0.1699191,0.6849995,0.6949995,307200
hardzero_plus_depr__c0p54__z1p05__lam0p010__nu0p50__psi1p00,hardzero_plus_depr,0.03,39,96,0.0,2,0.07493274,0.07630116,1.0390671,0.091397196,0.091397196,1.0,0.0013684209,0.014972242,-27.844692,2.2859933,0.7619978,0.15200001,0.0,0.15671702,0.6949995,0.7049995,310400
hardzero_plus_depr__c0p54__z1p05__lam0p010__nu0p50__psi1p00,hardzero_plus_depr,0.03,39,97,0.0,2,0.07630116,0.077636056,1.0454963,0.09005413,0.09005413,1.0,0.0013348962,0.014823264,-28.116838,2.3001378,0.7667126,0.192,0.0,0.16683707,0.7049995,0.7149995,313600
hardzero_plus_depr__c0p54__z1p05__lam0p010__nu0p50__psi1p00,hardzero_plus_depr,0.03,39,98,0.0,2,0.077636056,0.079084285,1.0057647,0.09868139,0.09868139,1.0,0.0014482255,0.014675771,-26.396204,2.2127266,0.73757553,0.17600001,0.0,0.13304587,0.7149995,0.7249995,316800
hardzero_plus_depr__c0p54__z1p05__lam0p010__nu0p50__psi1p00,hardzero_plus_depr,0.03,39,99,0.0,2,0.079084285,0.079084285,1.0827055,0.0,0.08265983,0.0,0.0,0.014529745,-27.878622,2.3819997,0.7939999,0.15200001,0.0,0.16367804,0.7249995,0.7349995,320000
hardzero_plus_depr__c0p54__z1p05__lam0p010__nu0p50__psi1p00,hardzero_plus_depr,0.03,39,100,0.0,2,0.079084285,0.08051387,1.002704,0.0993793,0.0993793,1.0,0.0014295883,0.014385171,-26.227291,2.205993,0.735331,0.15200001,0.0,0.15195817,0.7349995,0.74499947,323200
hardzero_plus_depr__c0p54__z1p05__lam0p010__nu0p50__psi1p00,hardzero_plus_depr,0.03,39,101,0.0,2,0.08051387,0.08182093,1.0372787,0.091774344,0.091774344,1.0,0.0013070535,0.014242036,-27.0495,2.2820585,0.76068616,0.15200001,0.0,0.14052692,0.74499947,0.75499946,326400
hardzero_plus_depr__c0p54__z1p05__lam0p010__nu0p50__psi1p00,hardzero_plus_depr,0.03,39,102,0.0,2,0.08182093,0.08310319,1.0412533,0.09093826,0.09093826,1.0,0.0012822591,0.014100326,-28.36056,2.290803,0.763601,0.16000001,0.0,0.15966056,0.75499946,0.76499945,329600
hardzero_plus_depr__c0p54__z1p05__lam0p010__nu0p50__psi1p00,hardzero_plus_depr,0.03,39,103,0.0,2,0.08310319,0.08446169,1.0118262,0.097313665,0.097313665,1.0,0.0013585013,0.013960025,-28.172136,2.226062,0.7420207,0.14400001,0.008,0.17723694,0.76499945,0.77499944,332800
hardzero_plus_depr__c0p54__z1p05__lam0p010__nu0p50__psi1p00,hardzero_plus_depr,0.03,39,104,0.0,2,0.08446169,0.08574898,1.030866,0.093139514,0.093139514,1.0,0.0012872925,0.01382112,-27.459797,2.2679505,0.75598353,0.14999999,0.0,0.16710392,0.77499944,0.78499943,336000
hardzero_plus_depr__c0p54__z1p05__lam0p010__nu0p50__psi1p00,hardzero_plus_depr,0.03,39,105,0.0,2,0.08574898,0.08704294,1.024277,0.09456338,0.09456338,1.0,0.0012939674,0.0136835985,-26.860376,2.2534544,0.7511515,0.15200001,0.0,0.14212137,0.78499943,0.7949994,339200
hardzero_plus_depr__c0p54__z1p05__lam0p010__nu0p50__psi1p00,hardzero_plus_depr,0.03,39,106,0.0,2,0.08704294,0.08844447,0.9852561,0.1034532,0.1034532,1.0,0.0014015265,0.013547445,-26.847536,2.1676066,0.72253555,0.192,0.0,0.1533265,0.7949994,0.8049994,342400
hardzero_plus_depr__c0p54__z1p05__lam0p010__nu0p50__psi1p00,hardzero_plus_depr,0.03,39,107,0.0,2,0.08844447,0.08974582,1.0131204,0.097024076,0.097024076,1.0,0.0013013495,0.013412645,-27.726238,2.2289095,0.7429699,0.192,0.0,0.13355279,0.8049994,0.8149994,345600
hardzero_plus_depr__c0p54__z1p05__lam0p010__nu0p50__psi1p00,hardzero_plus_depr,0.03,39,108,0.0,2,0.08974582,0.08974582,1.0700138,0.0,0.085111104,0.0,0.0,0.013279188,-28.061138,2.3540773,0.78469247,0.136,0.0,0.1328174,0.8149994,0.8249994,348800
hardzero_plus_depr__c0p54__z1p05__lam0p010__nu0p50__psi1p00,hardzero_plus_depr,0.03,39,109,0.0,2,0.08974582,0.09103996,1.0068464,0.098435916,0.098435916,1.0,0.0012941427,0.013147058,-27.057064,2.2151062,0.73836875,0.24000001,0.0,0.14387648,0.8249994,0.8349994,352000
hardzero_plus_depr__c0p54__z1p05__lam0p010__nu0p50__psi1p00,hardzero_plus_depr,0.03,39,110,0.0,2,0.09103996,0.09103996,1.0591472,0.0,0.08726753,0.0,0.0,0.013016243,-27.667025,2.3301704,0.7767235,0.112,0.0,0.14149852,0.8349994,0.8449994,355200
hardzero_plus_depr__c0p54__z1p05__lam0p010__nu0p50__psi1p00,hardzero_plus_depr,0.03,39,111,0.0,2,0.09103996,0.09227797,1.0174217,0.09606788,0.09606788,1.0,0.0012380008,0.012886729,-26.612677,2.2383726,0.7461242,0.192,0.0,0.17704964,0.8449994,0.85499936,358400
hardzero_plus_depr__c0p54__z1p05__lam0p010__nu0p50__psi1p00,hardzero_plus_depr,0.03,39,112,0.0,2,0.09227797,0.09343353,1.0430069,0.090571806,0.090571806,1.0,0.0011555607,0.012758504,-28.043343,2.294661,0.76488703,0.18400002,0.0,0.15483005,0.85499936,0.86499935,361600
hardzero_plus_depr__c0p54__z1p05__lam0p010__nu0p50__psi1p00,hardzero_plus_depr,0.03,39,113,0.0,2,0.09343353,0.09472209,0.99134994,0.10201171,0.10201171,1.0,0.0012885664,0.012631554,-27.036343,2.1810133,0.72700447,0.216,0.0,0.16410072,0.86499935,0.87499934,364800
hardzero_plus_depr__c0p54__z1p05__lam0p010__nu0p50__psi1p00,hardzero_plus_depr,0.03,39,114,0.0,2,0.09472209,0.0959526,1.0070298,0.09839436,0.09839436,1.0,0.0012305069,0.012505868,-26.023375,2.2155097,0.7385032,0.16000001,0.0,0.14160462,0.87499934,0.88499933,368000
hardzero_plus_depr__c0p54__z1p05__lam0p010__nu0p50__psi1p00,hardzero_plus_depr,0.03,39,115,0.0,2,0.0959526,0.09710473,1.0312698,0.093052946,0.093052946,1.0,0.0011521289,0.0123814335,-27.979408,2.268839,0.75627965,0.15200001,0.0,0.15170842,0.88499933,0.8949993,371200
hardzero_plus_depr__c0p54__z1p05__lam0p010__nu0p50__psi1p00,hardzero_plus_depr,0.03,39,116,0.0,2,0.09710473,0.09825679,1.0269512,0.09398288,0.09398288,1.0,0.0011520644,0.012258236,-27.22916,2.2593377,0.75311255,0.16000001,0.0,0.13006693,0.8949993,0.9049993,374400
hardzero_plus_depr__c0p54__z1p05__lam0p010__nu0p50__psi1p00,hardzero_plus_depr,0.03,39,117,0.0,2,0.09825679,0.099371746,1.0368273,0.09186978,0.09186978,1.0,0.001114956,0.012136265,-27.868174,2.2810657,0.76035523,0.17999999,0.0,0.1512612,0.9049993,0.9149993,377600
hardzero_plus_depr__c0p54__z1p05__lam0p010__nu0p50__psi1p00,hardzero_plus_depr,0.03,39,118,0.0,2,0.099371746,0.10054435,1.0105926,0.097590476,0.097590476,1.0,0.001172599,0.012015507,-27.840395,2.2233481,0.74111605,0.15200001,0.0,0.1485877,0.9149993,0.9249993,380800
hardzero_plus_depr__c0p54__z1p05__lam0p010__nu0p50__psi1p00,hardzero_plus_depr,0.03,39,119,0.0,2,0.10054435,0.10167116,1.0235472,0.09472241,0.09472241,1.0,0.0011268131,0.011895951,-27.99484,2.2518487,0.75061625,0.136,0.0,0.1470791,0.9249993,0.9349993,384000
hardzero_plus_depr__c0p54__z1p05__lam0p010__nu0p50__psi1p00,hardzero_plus_depr,0.03,39,120,0.0,2,0.10167116,0.10290256,0.9806564,0.10455472,0.10455472,1.0,0.001231402,0.011777584,-26.277294,2.1574872,0.7191624,0.15200001,0.0,0.14020506,0.9349993,0.9449993,387200
hardzero_plus_depr__c0p54__z1p05__lam0p010__nu0p50__psi1p00,hardzero_plus_depr,0.03,39,121,0.0,2,0.10290256,0.10401052,1.0221888,0.095019154,0.095019154,1.0,0.0011079609,0.011660396,-26.92108,2.2488601,0.7496201,0.104,0.0,0.12610072,0.9449993,0.95499927,390400
hardzero_plus_depr__c0p54__z1p05__lam0p010__nu0p50__psi1p00,hardzero_plus_depr,0.03,39,122,0.0,2,0.10401052,0.105225064,0.9779581,0.10520633,0.10520633,1.0,0.0012145411,0.011544373,-26.863638,2.1515508,0.7171836,0.14400001,0.0,0.1071547,0.95499927,0.96499926,393600
hardzero_plus_depr__c0p54__z1p05__lam0p010__nu0p50__psi1p00,hardzero_plus_depr,0.03,39,123,0.0,2,0.105225064,0.106358446,1.0036496,0.09916316,0.09916316,1.0,0.0011333858,0.0114295045,-27.530928,2.2080731,0.7360244,0.17600001,0.0,0.1511142,0.96499926,0.97499925,396800
hardzero_plus_depr__c0p54__z1p05__lam0p010__nu0p50__psi1p00,hardzero_plus_depr,0.03,39,124,0.0,2,0.106358446,0.10742926,1.0239722,0.09462978,0.09462978,1.0,0.0010708097,0.011315779,-27.336153,2.2527838,0.7509279,0.128,0.0,0.13795322,0.97499925,0.98499924,400000
hardzero_plus_depr__c0p54__z1p05__lam0p010__nu0p50__psi1p00,hardzero_plus_depr,0.03,39,125,0.0,2,0.10742926,0.108555034,0.99788874,0.10048732,0.10048732,1.0,0.0011257781,0.011203186,-26.43719,2.195399,0.7317997,0.23200001,0.0,0.13624519,0.98499924,0.99499923,403200
hardzero_plus_depr__c0p54__z1p05__lam0p010__nu0p50__psi1p00,hardzero_plus_depr,0.03,39,126,0.0,2,0.108555034,0.109567374,1.0396706,0.09127029,0.09127029,1.0,0.0010123438,0.011091712,-26.886354,2.2873209,0.7624403,0.104,0.0,0.1712776,0.99499923,1.0049993,406400
hardzero_plus_depr__c0p54__z1p05__lam0p010__nu0p50__psi1p00,hardzero_plus_depr,0.03,39,127,0.0,2,0.109567374,0.11055664,1.0453424,0.09008604,0.09008604,1.0,0.0009892661,0.0109813465,-27.552986,2.2997992,0.7665998,0.16800001,0.0,0.17360881,1.0049993,1.0149993,409600
hardzero_plus_depr__c0p54__z1p05__lam0p010__nu0p50__psi1p00,hardzero_plus_depr,0.03,39,128,0.0,2,0.11055664,0.111703716,0.9767204,0.10550658,0.10550658,1.0,0.001147076,0.010872081,-26.873943,2.1488278,0.71627593,0.15200001,0.0,0.15607826,1.0149993,1.0249993,412800
hardzero_plus_depr__c0p54__z1p05__lam0p010__nu0p50__psi1p00,hardzero_plus_depr,0.03,39,129,0.0,2,0.111703716,0.11280059,0.99181175,0.10190329,0.10190329,1.0,0.0010968772,0.010763903,-27.118208,2.1820295,0.7273432,0.192,0.0,0.1637223,1.0249993,1.0349993,416000
hardzero_plus_depr__c0p54__z1p05__lam0p010__nu0p50__psi1p00,hardzero_plus_depr,0.03,39,130,0.0,2,0.11280059,0.113801666,1.0271608,0.09393754,0.09393754,1.0,0.0010010736,0.0106568,-27.039948,2.2597988,0.7532663,0.16,0.0,0.18580909,1.0349993,1.0449992,419200
hardzero_plus_depr__c0p54__z1p05__lam0p010__nu0p50__psi1p00,hardzero_plus_depr,0.03,39,131,0.0,2,0.113801666,0.11476643,1.0388651,0.09143972,0.09143972,1.0,0.00096475874,0.0105507625,-27.685602,2.285549,0.76184964,0.136,0.0,0.1399014,1.0449992,1.0549992,422400
hardzero_plus_depr__c0p54__z1p05__lam0p010__nu0p50__psi1p00,hardzero_plus_depr,0.03,39,132,0.0,2,0.11476643,0.11578197,1.0122415,0.097220644,0.097220644,1.0,0.0010155455,0.01044578,-26.819698,2.2269757,0.74232525,0.18400002,0.0,0.1569294,1.0549992,1.0649992,425600
hardzero_plus_depr__c0p54__z1p05__lam0p010__nu0p50__psi1p00,hardzero_plus_depr,0.03,39,133,0.0,2,0.11578197,0.11692309,0.9572681,0.1103397,0.1103397,1.0,0.0011411159,0.010341844,-26.583982,2.106032,0.70201063,0.208,0.0,0.14705576,1.0649992,1.0749992,428800
hardzero_plus_depr__c0p54__z1p05__lam0p010__nu0p50__psi1p00,hardzero_plus_depr,0.03,39,134,0.0,2,0.11692309,0.117992654,0.9810454,0.10446108,0.10446108,1.0,0.0010695708,0.010238941,-25.879654,2.158343,0.71944773,0.17600001,0.0,0.114737935,1.0749992,1.0849992,432000
hardzero_plus_depr__c0p54__z1p05__lam0p010__nu0p50__psi1p00,hardzero_plus_depr,0.03,39,135,0.0,2,0.117992654,0.11892202,1.0377271,0.09167963,0.09167963,1.0,0.0009293621,0.010137062,-26.762243,2.2830453,0.7610151,0.120000005,0.0,0.16278869,1.0849992,1.0949992,435200
hardzero_plus_depr__c0p54__z1p05__lam0p010__nu0p50__psi1p00,hardzero_plus_depr,0.03,39,136,0.0,2,0.11892202,0.11981685,1.0498282,0.08916035,0.08916035,1.0,0.00089483085,0.010036197,-27.55899,2.309668,0.76988935,0.16000001,0.0,0.15865542,1.0949992,1.1049992,438400
hardzero_plus_depr__c0p54__z1p05__lam0p010__nu0p50__psi1p00,hardzero_plus_depr,0.03,39,137,0.0,2,0.11981685,0.12076283,1.0213422,0.095204584,0.095204584,1.0,0.0009459846,0.009936335,-27.01757,2.2469976,0.74899924,0.14400001,0.0,0.16566597,1.1049992,1.1149992,441600
hardzero_plus_depr__c0p54__z1p05__lam0p010__nu0p50__psi1p00,hardzero_plus_depr,0.03,39,138,0.0,2,0.12076283,0.12076283,1.0723422,0.0,0.084656015,0.0,0.0,0.009837466,-28.173542,2.3591998,0.78639996,0.192,0.0,0.16444239,1.1149992,1.1249992,444800
hardzero_plus_depr__c0p54__z1p05__lam0p010__nu0p50__psi1p00,hardzero_plus_depr,0.03,39,139,0.0,2,0.12076283,0.12167044,1.0306431,0.09318734,0.09318734,1.0,0.0009076057,0.0097395815,-28.126162,2.26746,0.75582004,0.2,0.0,0.19271173,1.1249992,1.1349992,448000
hardzero_plus_depr__c0p54__z1p05__lam0p010__nu0p50__psi1p00,hardzero_plus_depr,0.03,39,140,0.0,2,0.12167044,0.12258281,1.0240262,0.09461802,0.09461802,1.0,0.0009123705,0.009642672,-26.593336,2.2529025,0.7509675,0.15200001,0.0,0.17395195,1.1349992,1.1449991,451200
hardzero_plus_depr__c0p54__z1p05__lam0p010__nu0p50__psi1p00,hardzero_plus_depr,0.03,39,141,0.0,2,0.12258281,0.12360235,0.9714479,0.10679529,0.10679529,1.0,0.0010195452,0.009546725,-26.107267,2.137228,0.7124094,0.208,0.008,0.124699965,1.1449991,1.1549991,454400
hardzero_plus_depr__c0p54__z1p05__lam0p010__nu0p50__psi1p00,hardzero_plus_depr,0.03,39,142,0.0,2,0.12360235,0.12447614,1.0341061,0.09244722,0.09244722,1.0,0.00087378646,0.009451733,-27.27331,2.275079,0.7583597,0.17600001,0.0,0.13807143,1.1549991,1.1649991,457600
hardzero_plus_depr__c0p54__z1p05__lam0p010__nu0p50__psi1p00,hardzero_plus_depr,0.03,39,143,0.0,2,0.12447614,0.12447614,1.0702995,0.0,0.08505513,0.0,0.0,0.009357687,-28.057192,2.3547058,0.784902,0.16,0.0,0.1566342,1.1649991,1.1749991,460800
hardzero_plus_depr__c0p54__z1p05__lam0p010__nu0p50__psi1p00,hardzero_plus_depr,0.03,39,144,0.0,2,0.12447614,0.12534964,1.025562,0.09428398,0.09428398,1.0,0.00087350135,0.009264578,-27.042854,2.2562816,0.7520939,0.128,0.0,0.15017787,1.1749991,1.1849991,464000
hardzero_plus_depr__c0p54__z1p05__lam0p010__nu0p50__psi1p00,hardzero_plus_depr,0.03,39,145,0.0,2,0.12534964,0.12618244,1.041941,0.09079437,0.09079437,1.0,0.00083280174,0.009172394,-27.252405,2.292316,0.7641053,0.136,0.0,0.12197937,1.1849991,1.1949991,467200
hardzero_plus_depr__c0p54__z1p05__lam0p010__nu0p50__psi1p00,hardzero_plus_depr,0.03,39,146,0.0,2,0.12618244,0.12719217,0.9539315,0.11119072,0.11119072,1.0,0.001009737,0.009081127,-25.524948,2.0986912,0.69956374,0.15200001,0.0,0.12045418,1.1949991,1.2049991,470400
hardzero_plus_depr__c0p54__z1p05__lam0p010__nu0p50__psi1p00,hardzero_plus_depr,0.03,39,147,0.0,2,0.12719217,0.12809768,0.9968992,0.10071654,0.10071654,1.0,0.00090551906,0.008990768,-27.377514,2.193222,0.73107404,0.17600001,0.0,0.14320575,1.2049991,1.2149991,473600
hardzero_plus_depr__c0p54__z1p05__lam0p010__nu0p50__psi1p00,hardzero_plus_depr,0.03,39,148,0.0,2,0.12809768,0.12892105,1.0338637,0.09249883,0.09249883,1.0,0.00082336063,0.008901308,-27.171547,2.2745454,0.7581818,0.136,0.0,0.15863156,1.2149991,1.2249991,476800
hardzero_plus_depr__c0p54__z1p05__lam0p010__nu0p50__psi1p00,hardzero_plus_depr,0.03,39,149,0.0,2,0.12892105,0.12981011,0.9961755,0.100884505,0.100884505,1.0,0.0008890689,0.0088127395,-26.351706,2.19163,0.7305433,0.136,0.0,0.13827993,1.2249991,1.2349991,480000
hardzero_plus_depr__c0p54__z1p05__lam0p010__nu0p50__psi1p00,hardzero_plus_depr,0.03,39,150,0.0,2,0.12981011,0.13066566,1.0085229,0.09805665,0.09805665,1.0,0.0008555493,0.008725051,-27.491772,2.2187946,0.7395982,0.192,0.0,0.132766,1.2349991,1.244999,483200
hardzero_plus_depr__c0p54__z1p05__lam0p010__nu0p50__psi1p00,hardzero_plus_depr,0.03,39,151,0.0,2,0.13066566,0.13148835,1.0211877,0.095238455,0.095238455,1.0,0.00082269224,0.008638236,-27.821707,2.2466576,0.74888587,0.16800001,0.008,0.16456437,1.244999,1.254999,486400
hardzero_plus_depr__c0p54__z1p05__lam0p010__nu0p50__psi1p00,hardzero_plus_depr,0.03,39,152,0.0,2,0.13148835,0.13231279,1.0159285,0.09639877,0.09639877,1.0,0.00082442956,0.008552283,-28.022598,2.2350874,0.74502915,0.16000001,0.0,0.13391675,1.254999,1.264999,489600
hardzero_plus_depr__c0p54__z1p05__lam0p010__nu0p50__psi1p00,hardzero_plus_depr,0.03,39,153,0.0,2,0.13231279,0.13308398,1.0405767,0.09108006,0.09108006,1.0,0.00077119184,0.008467186,-26.940718,2.2893145,0.76310486,0.192,0.0,0.1330915,1.264999,1.274999,492800
hardzero_plus_depr__c0p54__z1p05__lam0p010__nu0p50__psi1p00,hardzero_plus_depr,0.03,39,154,0.0,2,0.13308398,0.1338757,1.0248271,0.09444367,0.09444367,1.0,0.00079171534,0.008382937,-27.530552,2.2546647,0.7515549,0.216,0.0,0.1531319,1.274999,1.284999,496000
hardzero_plus_depr__c0p54__z1p05__lam0p010__nu0p50__psi1p00,hardzero_plus_depr,0.03,39,155,0.0,2,0.1338757,0.1346698,1.0191827,0.09567916,0.09567916,1.0,0.00079409155,0.008299525,-27.832932,2.2422466,0.74741554,0.17600001,0.0,0.15478261,1.284999,1.294999,499200
hardzero_plus_depr__c0p54__z1p05__lam0p010__nu0p50__psi1p00,hardzero_plus_depr,0.03,39,156,0.0,2,0.1346698,0.13547035,1.0113205,0.09742705,0.09742705,1.0,0.00080055255,0.008216944,-26.603645,2.2249494,0.7416498,0.13,0.0,0.14204974,1.294999,1.304999,502400
hardzero_plus_depr__c0p54__z1p05__lam0p010__nu0p50__psi1p00,hardzero_plus_depr,0.03,39,157,0.0,2,0.13547035,0.1362963,0.9934094,0.10152911,0.10152911,1.0,0.00082595804,0.008135185,-26.828712,2.1855443,0.7285148,0.16800001,0.0,0.14947239,1.304999,1.314999,505600
hardzero_plus_depr__c0p54__z1p05__lam0p010__nu0p50__psi1p00,hardzero_plus_depr,0.03,39,158,0.0,2,0.1362963,0.13710433,0.998594,0.100324266,0.100324266,1.0,0.0008080355,0.008054238,-26.264254,2.1969507,0.7323169,0.18400002,0.0,0.15096012,1.314999,1.324999,508800
hardzero_plus_depr__c0p54__z1p05__lam0p010__nu0p50__psi1p00,hardzero_plus_depr,0.03,39,159,0.0,2,0.13710433,0.13710433,1.1005566,0.0,0.07933108,0.0,0.0,0.0079740975,-29.33207,2.421273,0.807091,0.192,0.0,0.18895216,1.324999,1.334999,512000
hardzero_plus_depr__c0p54__z1p05__lam0p010__nu0p50__psi1p00,hardzero_plus_depr,0.03,39,160,0.0,2,0.13710433,0.13786583,1.0156714,0.096455865,0.096455865,1.0,0.00076149526,0.0078947535,-27.722075,2.2345216,0.74484056,0.16800001,0.0,0.15428421,1.334999,1.344999,515200
hardzero_plus_depr__c0p54__z1p05__lam0p010__nu0p50__psi1p00,hardzero_plus_depr,0.03,39,161,0.0,2,0.13786583,0.13786583,1.0696323,0.0,0.08518589,0.0,0.0,0.007816199,-29.067354,2.353238,0.78441274,0.128,0.0,0.1549303,1.344999,1.354999,518400
hardzero_plus_depr__c0p54__z1p05__lam0p010__nu0p50__psi1p00,hardzero_plus_depr,0.03,39,162,0.0,2,0.13786583,0.13861158,1.0160569,0.09637028,0.09637028,1.0,0.00074575434,0.007738427,-26.940344,2.23537,0.7451233,0.16000001,0.0,0.14523776,1.354999,1.3649989,521600
hardzero_plus_depr__c0p54__z1p05__lam0p010__nu0p50__psi1p00,hardzero_plus_depr,0.03,39,163,0.0,2,0.13861158,0.13933259,1.0263659,0.09410963,0.09410963,1.0,0.0007210142,0.007661429,-27.271013,2.25805,0.75268334,0.136,0.0,0.14183864,1.3649989,1.3749989,524800
hardzero_plus_depr__c0p54__z1p05__lam0p010__nu0p50__psi1p00,hardzero_plus_depr,0.03,39,164,0.0,2,0.13933259,0.13933259,1.0552132,0.0,0.088061646,0.0,0.0,0.007585196,-28.065306,2.3215153,0.77383846,0.14400001,0.0,0.14567526,1.3749989,1.3849989,528000
hardzero_plus_depr__c0p54__z1p05__lam0p010__nu0p50__psi1p00,hardzero_plus_depr,0.03,39,165,0.0,2,0.13933259,0.13933259,1.0754787,0.0,0.08404682,0.0,0.0,0.007509722,-27.611023,2.3661003,0.7887001,0.064,0.0,0.13284852,1.3849989,1.3949989,531200
hardzero_plus_depr__c0p54__z1p05__lam0p010__nu0p50__psi1p00,hardzero_plus_depr,0.03,39,166,0.0,2,0.13933259,0.14010222,0.9849986,0.10351456,0.10351456,1.0,0.00076963066,0.007434999,-26.76707,2.16704,0.7223467,0.15200001,0.0,0.14220965,1.3949989,1.4049989,534400
hardzero_plus_depr__c0p54__z1p05__lam0p010__nu0p50__psi1p00,hardzero_plus_depr,0.03,39,167,0.0,2,0.14010222,0.14077008,1.0422589,0.09072796,0.09072796,1.0,0.00066785037,0.00736102,-27.794605,2.2930152,0.76433843,0.136,0.0,0.15060468,1.4049989,1.4149989,537600
hardzero_plus_depr__c0p54__z1p05__lam0p010__nu0p50__psi1p00,hardzero_plus_depr,0.03,39,168,0.0,2,0.14077008,0.14146669,1.0196047,0.095586225,0.095586225,1.0,0.000696611,0.007287776,-27.413837,2.243175,0.747725,0.128,0.0,0.1465179,1.4149989,1.4249989,540800
hardzero_plus_depr__c0p54__z1p05__lam0p010__nu0p50__psi1p00,hardzero_plus_depr,0.03,39,169,0.0,2,0.14146669,0.14218402,1.0025324,0.099418595,0.099418595,1.0,0.0007173312,0.007215262,-26.98972,2.2056153,0.7352051,0.16,0.0,0.16968736,1.4249989,1.4349989,544000
hardzero_plus_depr__c0p54__z1p05__lam0p010__nu0p50__psi1p00,hardzero_plus_depr,0.03,39,170,0.0,2,0.14218402,0.14291906,0.98759216,0.10289822,0.10289822,1.0,0.00073505024,0.007143469,-26.703245,2.1727462,0.72424877,0.14400001,0.0,0.13507399,1.4349989,1.4449989,547200
hardzero_plus_depr__c0p54__z1p05__lam0p010__nu0p50__psi1p00,hardzero_plus_depr,0.03,39,171,0.0,2,0.14291906,0.14291906,1.0802735,0.0,0.083124004,0.0,0.0,0.0070723905,-28.155727,2.3766491,0.7922164,0.136,0.0,0.16475461,1.4449989,1.4549989,550400
hardzero_plus_depr__c0p54__z1p05__lam0p010__nu0p50__psi1p00,hardzero_plus_depr,0.03,39,172,0.0,2,0.14291906,0.14354376,1.0495492,0.08921764,0.08921764,1.0,0.0006247036,0.007002019,-27.983418,2.3090544,0.7696848,0.14400001,0.0,0.14251138,1.4549989,1.4649988,553600
hardzero_plus_depr__c0p54__z1p05__lam0p010__nu0p50__psi1p00,hardzero_plus_depr,0.03,39,173,0.0,2,0.14354376,0.14417033,1.0439188,0.09038183,0.09038183,1.0,0.00062655826,0.0069323475,-27.818401,2.2966673,0.7655558,0.15200001,0.0,0.17127691,1.4649988,1.4749988,556800
hardzero_plus_depr__c0p54__z1p05__lam0p010__nu0p50__psi1p00,hardzero_plus_depr,0.03,39,174,0.0,2,0.14417033,0.14479716,1.0393877,0.09132976,0.09132976,1.0,0.0006268299,0.0068633696,-27.410221,2.2866986,0.7622329,0.16000001,0.0,0.14049587,1.4749988,1.4849988,560000
hardzero_plus_depr__c0p54__z1p05__lam0p010__nu0p50__psi1p00,hardzero_plus_depr,0.03,39,175,0.0,2,0.14479716,0.14546712,1.0061492,0.09859408,0.09859408,1.0,0.0006699545,0.0067950785,-26.787373,2.2135725,0.7378575,0.128,0.0,0.14228445,1.4849988,1.4949988,563200
hardzero_plus_depr__c0p54__z1p05__lam0p010__nu0p50__psi1p00,hardzero_plus_depr,0.03,39,176,0.0,2,0.14546712,0.14610387,1.023879,0.09465006,0.09465006,1.0,0.0006367551,0.0067274664,-27.224539,2.252579,0.7508597,0.15200001,0.0,0.1578199,1.4949988,1.5049988,566400
hardzero_plus_depr__c0p54__z1p05__lam0p010__nu0p50__psi1p00,hardzero_plus_depr,0.03,39,177,0.0,2,0.14610387,0.14675844,1.0075611,0.09827406,0.09827406,1.0,0.000654557,0.006660527,-27.455385,2.2166786,0.7388929,0.224,0.0,0.17075355,1.5049988,1.5149988,569600
hardzero_plus_depr__c0p54__z1p05__lam0p010__nu0p50__psi1p00,hardzero_plus_depr,0.03,39,178,0.0,2,0.14675844,0.14741202,1.0038635,0.09911436,0.09911436,1.0,0.00065358524,0.0065942537,-27.619925,2.2085438,0.73618126,0.128,0.0,0.14161965,1.5149988,1.5249988,572800
hardzero_plus_depr__c0p54__z1p05__lam0p010__nu0p50__psi1p00,hardzero_plus_depr,0.03,39,179,0.0,2,0.14741202,0.14741202,1.0671847,0.0,0.08566735,0.0,0.0,0.0065286397,-28.323774,2.3478532,0.78261775,0.128,0.0,0.16847742,1.5249988,1.5349988,576000
hardzero_plus_depr__c0p54__z1p05__lam0p010__nu0p50__psi1p00,hardzero_plus_depr,0.03,39,180,0.0,2,0.14741202,0.14815201,0.9412491,0.11448561,0.11448561,1.0,0.0007399982,0.0064636786,-25.821033,2.0707893,0.69026315,0.208,0.0,0.12201483,1.5349988,1.5449988,579200
hardzero_plus_depr__c0p54__z1p05__lam0p010__nu0p50__psi1p00,hardzero_plus_depr,0.03,39,181,0.0,2,0.14815201,0.14875992,1.0222981,0.09499526,0.09499526,1.0,0.0006079092,0.0063993637,-27.575935,2.2491007,0.74970025,0.16000001,0.0,0.1712175,1.5449988,1.5549988,582400
hardzero_plus_depr__c0p54__z1p05__lam0p010__nu0p50__psi1p00,hardzero_plus_depr,0.03,39,182,0.0,2,0.14875992,0.14936006,1.0235382,0.09472437,0.09472437,1.0,0.0006001442,0.006335689,-28.223032,2.2518291,0.75060976,0.19999999,0.0,0.14780788,1.5549988,1.5649987,585600
hardzero_plus_depr__c0p54__z1p05__lam0p010__nu0p50__psi1p00,hardzero_plus_depr,0.03,39,183,0.0,2,0.14936006,0.14992774,1.0433487,0.09050058,0.09050058,1.0,0.0005676783,0.0062726485,-27.39788,2.295413,0.7651377,0.120000005,0.0,0.14039972,1.5649987,1.5749987,588800
hardzero_plus_depr__c0p54__z1p05__lam0p010__nu0p50__psi1p00,hardzero_plus_depr,0.03,39,184,0.0,2,0.14992774,0.15052238,1.018851,0.09575225,0.09575225,1.0,0.0005946439,0.006210234,-27.351912,2.241517,0.74717236,0.112,0.0,0.14615878,1.5749987,1.5849987,592000
hardzero_plus_depr__c0p54__z1p05__lam0p010__nu0p50__psi1p00,hardzero_plus_depr,0.03,39,185,0.0,2,0.15052238,0.15117583,0.97356004,0.10627715,0.10627715,1.0,0.00065343885,0.006148441,-26.967281,2.1418748,0.71395826,0.216,0.0,0.14869693,1.5849987,1.5949987,595200
hardzero_plus_depr__c0p54__z1p05__lam0p010__nu0p50__psi1p00,hardzero_plus_depr,0.03,39,186,0.0,2,0.15117583,0.15176642,1.0131294,0.09702209,0.09702209,1.0,0.000590599,0.0060872636,-26.792656,2.228929,0.74297637,0.136,0.0,0.14349163,1.5949987,1.6049987,598400
hardzero_plus_depr__c0p54__z1p05__lam0p010__nu0p50__psi1p00,hardzero_plus_depr,0.03,39,187,0.0,2,0.15176642,0.15233368,1.0262973,0.09412449,0.09412449,1.0,0.0005672595,0.006026694,-27.8667,2.2578993,0.7526331,0.14400001,0.0,0.1460224,1.6049987,1.6149987,601600
hardzero_plus_depr__c0p54__z1p05__lam0p010__nu0p50__psi1p00,hardzero_plus_depr,0.03,39,188,0.0,2,0.15233368,0.1528683,1.0476843,0.08960158,0.08960158,1.0,0.0005346282,0.0059667276,-27.857182,2.3049514,0.76831716,0.216,0.0,0.18420734,1.6149987,1.6249987,604800
hardzero_plus_depr__c0p54__z1p05__lam0p010__nu0p50__psi1p00,hardzero_plus_depr,0.03,39,189,0.0,2,0.1528683,0.15340558,1.041197,0.09095008,0.09095008,1.0,0.00053727464,0.0059073577,-27.664892,2.290679,0.7635597,0.14400001,0.008,0.16955115,1.6249987,1.6349987,608000
hardzero_plus_depr__c0p54__z1p05__lam0p010__nu0p50__psi1p00,hardzero_plus_depr,0.03,39,190,0.0,2,0.15340558,0.15395805,1.0247345,0.094463825,0.094463825,1.0,0.0005524791,0.0058485786,-27.37655,2.2544608,0.75148696,0.16000001,0.0,0.13726427,1.6349987,1.6449987,611200
hardzero_plus_depr__c0p54__z1p05__lam0p010__nu0p50__psi1p00,hardzero_plus_depr,0.03,39,191,0.0,2,0.15395805,0.15447547,1.0488678,0.089357734,0.089357734,1.0,0.0005174156,0.005790384,-27.129593,2.3075552,0.76918507,0.192,0.0,0.17635477,1.6449987,1.6549987,614400
hardzero_plus_depr__c0p54__z1p05__lam0p010__nu0p50__psi1p00,hardzero_plus_depr,0.03,39,192,0.0,2,0.15447547,0.15501577,1.0257336,0.09424676,0.09424676,1.0,0.0005402949,0.005732769,-26.584633,2.256659,0.7522197,0.15200001,0.0,0.16570982,1.6549987,1.6649987,617600
hardzero_plus_depr__c0p54__z1p05__lam0p010__nu0p50__psi1p00,hardzero_plus_depr,0.03,39,193,0.0,2,0.15501577,0.15557808,1.0040432,0.09907334,0.09907334,1.0,0.00056231325,0.005675727,-26.628654,2.2089393,0.7363131,0.120000005,0.0,0.12535065,1.6649987,1.6749986,620800
hardzero_plus_depr__c0p54__z1p05__lam0p010__nu0p50__psi1p00,hardzero_plus_depr,0.03,39,194,0.0,2,0.15557808,0.15609287,1.0380503,0.09161144,0.09161144,1.0,0.0005147878,0.0056192526,-28.080639,2.2837563,0.7612521,0.17600001,0.0,0.1566002,1.6749986,1.6849986,624000
hardzero_plus_depr__c0p54__z1p05__lam0p010__nu0p50__psi1p00,hardzero_plus_depr,0.03,39,195,0.0,2,0.15609287,0.15609287,1.1296893,0.0,0.07418407,0.0,0.0,0.00556334,-29.284513,2.485366,0.8284554,0.12,0.0,0.23020466,1.6849986,1.6949986,627200
hardzero_plus_depr__c0p54__z1p05__lam0p010__nu0p50__psi1p00,hardzero_plus_depr,0.03,39,196,0.0,2,0.15609287,0.15662925,1.0115159,0.09738322,0.09738322,1.0,0.0005363853,0.0055079847,-27.48656,2.2253792,0.7417931,0.104,0.0,0.14141962,1.6949986,1.7049986,630400
hardzero_plus_depr__c0p54__z1p05__lam0p010__nu0p50__psi1p00,hardzero_plus_depr,0.03,39,197,0.0,2,0.15662925,0.15716547,1.0073099,0.09833092,0.09833092,1.0,0.00053621613,0.005453179,-26.750065,2.216126,0.7387087,0.15200001,0.0,0.1378906,1.7049986,1.7149986,633600
hardzero_plus_depr__c0p54__z1p05__lam0p010__nu0p50__psi1p00,hardzero_plus_depr,0.03,39,198,0.0,2,0.15716547,0.15766183,1.0365067,0.09193764,0.09193764,1.0,0.0004963639,0.0053989193,-27.334326,2.2803602,0.7601201,0.120000005,0.0,0.14491825,1.7149986,1.7249986,636800
hardzero_plus_depr__c0p54__z1p05__lam0p010__nu0p50__psi1p00,hardzero_plus_depr,0.03,39,199,0.0,2,0.15766183,0.15823808,0.9673489,0.10780802,0.10780802,1.0,0.0005762553,0.005345199,-26.73037,2.12821,0.7094034,0.24800001,0.0,0.13787137,1.7249986,1.7349986,640000
hardzero_plus_depr__c0p54__z1p05__lam0p010__nu0p50__psi1p00,hardzero_plus_depr,0.03,39,200,0.0,2,0.15823808,0.15872498,1.0361792,0.09200699,0.09200699,1.0,0.0004869022,0.0052920133,-28.151358,2.2796397,0.75987995,0.112,0.0,0.14534691,1.7349986,1.7449986,643200
hardzero_plus_depr__c0p54__z1p05__lam0p010__nu0p50__psi1p00,hardzero_plus_depr,0.03,39,201,0.0,2,0.15872498,0.15926231,0.9890312,0.10255783,0.10255783,1.0,0.00053733704,0.005239357,-26.716085,2.1759121,0.72530407,0.192,0.0,0.15205897,1.7449986,1.7549986,646400
hardzero_plus_depr__c0p54__z1p05__lam0p010__nu0p50__psi1p00,hardzero_plus_depr,0.03,39,202,0.0,2,0.15926231,0.15981977,0.9687266,0.107466586,0.107466586,1.0,0.0005574533,0.0051872246,-27.240314,2.131241,0.7104137,0.14400001,0.0,0.14211906,1.7549986,1.7649986,649600
hardzero_plus_depr__c0p54__z1p05__lam0p010__nu0p50__psi1p00,hardzero_plus_depr,0.03,39,203,0.0,2,0.15981977,0.15981977,1.0574826,0.0,0.087602675,0.0,0.0,0.005135611,-27.54078,2.3265083,0.7755028,0.112,0.0,0.17009637,1.7649986,1.7749985,652800
hardzero_plus_depr__c0p54__z1p05__lam0p010__nu0p50__psi1p00,hardzero_plus_depr,0.03,39,204,0.0,2,0.15981977,0.16028176,1.0416147,0.09086263,0.09086263,1.0,0.000461992,0.0050845104,-28.206184,2.291598,0.76386607,0.14400001,0.0,0.1507615,1.7749985,1.7849985,656000
hardzero_plus_depr__c0p54__z1p05__lam0p010__nu0p50__psi1p00,hardzero_plus_depr,0.03,39,205,0.0,2,0.16028176,0.1608098,0.9792436,0.10489539,0.10489539,1.0,0.0005280349,0.005033919,-26.809671,2.154379,0.7181263,0.23200001,0.0,0.13977969,1.7849985,1.7949985,659200
hardzero_plus_depr__c0p54__z1p05__lam0p010__nu0p50__psi1p00,hardzero_plus_depr,0.03,39,206,0.0,2,0.1608098,0.1608098,1.0582534,0.0,0.087447345,0.0,0.0,0.0049838307,-27.839518,2.328204,0.776068,0.128,0.0,0.19432613,1.7949985,1.8049985,662400
hardzero_plus_depr__c0p54__z1p05__lam0p010__nu0p50__psi1p00,hardzero_plus_depr,0.03,39,207,0.0,2,0.1608098,0.16131474,0.98998326,0.10233323,0.10233323,1.0,0.00050493685,0.004934241,-26.95757,2.1780066,0.7260022,0.23200001,0.0,0.14625992,1.8049985,1.8149985,665600
hardzero_plus_depr__c0p54__z1p05__lam0p010__nu0p50__psi1p00,hardzero_plus_depr,0.03,39,208,0.0,2,0.16131474,0.16177647,1.0244889,0.09451724,0.09451724,1.0,0.00046173032,0.004885144,-27.303312,2.2539206,0.7513069,0.17999999,0.0,0.13660857,1.8149985,1.8249985,668800
hardzero_plus_depr__c0p54__z1p05__lam0p010__nu0p50__psi1p00,hardzero_plus_depr,0.03,39,209,0.0,2,0.16177647,0.16228804,0.9756309,0.105771616,0.105771616,1.0,0.0005115683,0.0048365365,-26.84187,2.1464307,0.71547693,0.15200001,0.0,0.1454722,1.8249985,1.8349985,672000
hardzero_plus_depr__c0p54__z1p05__lam0p010__nu0p50__psi1p00,hardzero_plus_depr,0.03,39,210,0.0,2,0.16228804,0.16228804,1.052062,0.0,0.088702925,0.0,0.0,0.0047884122,-27.68227,2.3145826,0.7715275,0.136,0.0,0.15927961,1.8349985,1.8449985,675200
hardzero_plus_depr__c0p54__z1p05__lam0p010__nu0p50__psi1p00,hardzero_plus_depr,0.03,39,211,0.0,2,0.16228804,0.16274425,1.0166742,0.0962334,0.0962334,1.0,0.0004562201,0.0047407667,-27.101637,2.2367277,0.7455759,0.216,0.0,0.15312004,1.8449985,1.8549985,678400
hardzero_plus_depr__c0p54__z1p05__lam0p010__nu0p50__psi1p00,hardzero_plus_depr,0.03,39,212,0.0,2,0.16274425,0.16323635,0.9794604,0.104843035,0.104843035,1.0,0.00049209077,0.004693595,-26.892233,2.154856,0.7182853,0.128,0.0,0.13599038,1.8549985,1.8649985,681600
hardzero_plus_depr__c0p54__z1p05__lam0p010__nu0p50__psi1p00,hardzero_plus_depr,0.03,39,213,0.0,2,0.16323635,0.16323635,1.0868676,0.0,0.08187143,0.0,0.0,0.0046468936,-27.910967,2.3911564,0.79705215,0.16000001,0.0,0.16594627,1.8649985,1.8749985,684800
hardzero_plus_depr__c0p54__z1p05__lam0p010__nu0p50__psi1p00,hardzero_plus_depr,0.03,39,214,0.0,2,0.16323635,0.16372994,0.9694512,0.10728743,0.10728743,1.0,0.0004935926,0.004600656,-27.08074,2.1328351,0.71094507,0.120000005,0.0,0.13442038,1.8749985,1.8849984,688000
hardzero_plus_depr__c0p54__z1p05__lam0p010__nu0p50__psi1p00,hardzero_plus_depr,0.03,39,215,0.0,2,0.16372994,0.16414085,1.0447316,0.09021285,0.09021285,1.0,0.00041090863,0.004554879,-27.79596,2.2984555,0.76615185,0.112,0.0,0.14393114,1.8849984,1.8949984,691200
hardzero_plus_depr__c0p54__z1p05__lam0p010__nu0p50__psi1p00,hardzero_plus_depr,0.03,39,216,0.0,2,0.16414085,0.16460237,0.98994654,0.1023419,0.1023419,1.0,0.00046151664,0.004509557,-26.518526,2.1779258,0.7259753,0.136,0.0,0.13878785,1.8949984,1.9049984,694400
hardzero_plus_depr__c0p54__z1p05__lam0p010__nu0p50__psi1p00,hardzero_plus_depr,0.03,39,217,0.0,2,0.16460237,0.1650478,1.0010101,0.09976769,0.09976769,1.0,0.00044543145,0.0044646864,-26.788626,2.202266,0.73408866,0.128,0.0,0.14835662,1.9049984,1.9149984,697600
hardzero_plus_depr__c0p54__z1p05__lam0p010__nu0p50__psi1p00,hardzero_plus_depr,0.03,39,218,0.0,2,0.1650478,0.1655238,0.9678356,0.107687265,0.107687265,1.0,0.0004760059,0.004420262,-25.971266,2.1292808,0.7097603,0.16000001,0.0,0.15830906,1.9149984,1.9249984,700800
hardzero_plus_depr__c0p54__z1p05__lam0p010__nu0p50__psi1p00,hardzero_plus_depr,0.03,39,219,0.0,2,0.1655238,0.16592692,1.0356622,0.09211659,0.09211659,1.0,0.00040312795,0.0043762797,-27.978289,2.2785022,0.75950074,0.120000005,0.0,0.17569585,1.9249984,1.9349984,704000
hardzero_plus_depr__c0p54__z1p05__lam0p010__nu0p50__psi1p00,hardzero_plus_depr,0.03,39,220,0.0,2,0.16592692,0.1663376,1.0232661,0.094783746,0.094783746,1.0,0.00041067283,0.0043327347,-26.871891,2.2512302,0.7504101,0.136,0.0,0.1186837,1.9349984,1.9449984,707200
hardzero_plus_depr__c0p54__z1p05__lam0p010__nu0p50__psi1p00,hardzero_plus_depr,0.03,39,221,0.0,2,0.1663376,0.16677637,0.990176,0.10228782,0.10228782,1.0,0.00043877627,0.004289624,-26.213291,2.1784308,0.7261436,0.12,0.0,0.11975983,1.9449984,1.9549984,710400
hardzero_plus_depr__c0p54__z1p05__lam0p010__nu0p50__psi1p00,hardzero_plus_depr,0.03,39,222,0.0,2,0.16677637,0.16719215,1.0092139,0.09790075,0.09790075,1.0,0.0004157787,0.004246941,-27.376331,2.220315,0.74010503,0.192,0.0,0.15143052,1.9549984,1.9649984,713600
hardzero_plus_depr__c0p54__z1p05__lam0p010__nu0p50__psi1p00,hardzero_plus_depr,0.03,39,223,0.0,2,0.16719215,0.16760358,1.0094234,0.09785354,0.09785354,1.0,0.00041144318,0.0042046835,-26.657555,2.2207758,0.74025863,0.16000001,0.0,0.15971571,1.9649984,1.9749984,716800
hardzero_plus_depr__c0p54__z1p05__lam0p010__nu0p50__psi1p00,hardzero_plus_depr,0.03,39,224,0.0,2,0.16760358,0.16800013,1.0210865,0.09526064,0.09526064,1.0,0.0003965554,0.004162846,-26.683353,2.2464352,0.7488117,0.16000001,0.0,0.15291604,1.9749984,1.9849983,720000
hardzero_plus_depr__c0p54__z1p05__lam0p010__nu0p50__psi1p00,hardzero_plus_depr,0.03,39,225,0.0,2,0.16800013,0.16800013,1.0868895,0.0,0.08186731,0.0,0.0,0.004121425,-29.262533,2.3912046,0.79706824,0.104,0.0,0.17487976,1.9849983,1.9949983,723200
hardzero_plus_depr__c0p54__z1p05__lam0p010__nu0p50__psi1p00,hardzero_plus_depr,0.03,39,226,0.0,2,0.16800013,0.16841216,0.9957697,0.100978814,0.100978814,1.0,0.0004120356,0.004080416,-27.635204,2.190737,0.7302457,0.24000001,0.0,0.14415011,1.9949983,2.0049984,726400
hardzero_plus_depr__c0p54__z1p05__lam0p010__nu0p50__psi1p00,hardzero_plus_depr,0.03,39,227,0.0,2,0.16841216,0.16841216,1.1062983,0.0,0.07828916,0.0,0.0,0.0040398147,-29.1227,2.433905,0.81130165,0.104,0.0,0.19996496,2.0049984,2.0149984,729600
hardzero_plus_depr__c0p54__z1p05__lam0p010__nu0p50__psi1p00,hardzero_plus_depr,0.03,39,228,0.0,2,0.16841216,0.16841216,1.0675687,0.0,0.08559163,0.0,0.0,0.0039996183,-28.114134,2.348698,0.7828993,0.192,0.0,0.19664629,2.0149984,2.0249984,732800
hardzero_plus_depr__c0p54__z1p05__lam0p010__nu0p50__psi1p00,hardzero_plus_depr,0.03,39,229,0.0,2,0.16841216,0.16841216,1.0526853,0.0,0.08857572,0.0,0.0,0.0039598215,-27.379208,2.3159537,0.7719846,0.16000001,0.0,0.1619162,2.0249984,2.0349984,736000
hardzero_plus_depr__c0p54__z1p05__lam0p010__nu0p50__psi1p00,hardzero_plus_depr,0.03,39,230,0.0,2,0.16841216,0.16878533,1.0214231,0.09518683,0.09518683,1.0,0.0003731724,0.0039204205,-26.59028,2.2471757,0.7490586,0.16000001,0.0,0.1367547,2.0349984,2.0449984,739200
hardzero_plus_depr__c0p54__z1p05__lam0p010__nu0p50__psi1p00,hardzero_plus_depr,0.03,39,231,0.0,2,0.16878533,0.16916816,1.005992,0.09862974,0.09862974,1.0,0.00038282262,0.0038814116,-26.72461,2.2132268,0.7377423,0.15200001,0.0,0.1420907,2.0449984,2.0549984,742400
hardzero_plus_depr__c0p54__z1p05__lam0p010__nu0p50__psi1p00,hardzero_plus_depr,0.03,39,232,0.0,2,0.16916816,0.16954455,1.0090066,0.09794749,0.09794749,1.0,0.00037639172,0.0038427908,-26.20025,2.219859,0.739953,0.15200001,0.0,0.12514856,2.0549984,2.0649984,745600
hardzero_plus_depr__c0p54__z1p05__lam0p010__nu0p50__psi1p00,hardzero_plus_depr,0.03,39,233,0.0,2,0.16954455,0.16990623,1.0219716,0.09506669,0.09506669,1.0,0.00036168637,0.0038045542,-27.715214,2.2483823,0.7494608,0.16000001,0.0,0.1394367,2.0649984,2.0749984,748800
hardzero_plus_depr__c0p54__z1p05__lam0p010__nu0p50__psi1p00,hardzero_plus_depr,0.03,39,234,0.0,2,0.16990623,0.17031777,0.9615464,0.109258085,0.109258085,1.0,0.0004115423,0.003766699,-26.624979,2.1154444,0.70514816,0.16,0.0,0.14256653,2.0749984,2.0849984,752000
hardzero_plus_depr__c0p54__z1p05__lam0p010__nu0p50__psi1p00,hardzero_plus_depr,0.03,39,235,0.0,2,0.17031777,0.17069535,0.9946091,0.10124904,0.10124904,1.0,0.00037757988,0.0037292195,-27.150229,2.1881838,0.7293946,0.24000001,0.0,0.1436375,2.0849984,2.0949984,755200
hardzero_plus_depr__c0p54__z1p05__lam0p010__nu0p50__psi1p00,hardzero_plus_depr,0.03,39,236,0.0,2,0.17069535,0.17103577,1.0352634,0.0922012,0.0922012,1.0,0.0003404173,0.0036921133,-27.684917,2.277625,0.7592084,0.16000001,0.0,0.15737481,2.0949984,2.1049984,758400
hardzero_plus_depr__c0p54__z1p05__lam0p010__nu0p50__psi1p00,hardzero_plus_depr,0.03,39,237,0.0,2,0.17103577,0.17142151,0.9766368,0.10552689,0.10552689,1.0,0.00038574045,0.0036553761,-26.05518,2.148644,0.71621466,0.15200001,0.0,0.15669933,2.1049984,2.1149983,761600
hardzero_plus_depr__c0p54__z1p05__lam0p010__nu0p50__psi1p00,hardzero_plus_depr,0.03,39,238,0.0,2,0.17142151,0.17142151,1.0593613,0.0,0.08722454,0.0,0.0,0.0036190047,-28.338034,2.3306415,0.7768805,0.15200001,0.0,0.15866707,2.1149983,2.1249983,764800
hardzero_plus_depr__c0p54__z1p05__lam0p010__nu0p50__psi1p00,hardzero_plus_depr,0.03,39,239,0.0,2,0.17142151,0.17181945,0.95442957,0.11106325,0.11106325,1.0,0.00039793906,0.003582995,-26.445993,2.099787,0.699929,0.16000001,0.0,0.1477969,2.1249983,2.1349983,768000
hardzero_plus_depr__c0p54__z1p05__lam0p010__nu0p50__psi1p00,hardzero_plus_depr,0.03,39,240,0.0,2,0.17181945,0.17217353,1.000793,0.09981758,0.09981758,1.0,0.00035408727,0.0035473437,-27.209143,2.2017884,0.7339295,0.192,0.0,0.14182869,2.1349983,2.1449983,771200
hardzero_plus_depr__c0p54__z1p05__lam0p010__nu0p50__psi1p00,hardzero_plus_depr,0.03,39,241,0.0,2,0.17217353,0.17217353,1.0606478,0.0,0.08696653,0.0,0.0,0.0035120468,-27.960745,2.3334718,0.7778239,0.2,0.0,0.16061594,2.1449983,2.1549983,774400
hardzero_plus_depr__c0p54__z1p05__lam0p010__nu0p50__psi1p00,hardzero_plus_depr,0.03,39,242,0.0,2,0.17217353,0.172508,1.0168514,0.09619412,0.09619412,1.0,0.0003344767,0.0034771014,-27.166327,2.2371178,0.74570596,0.136,0.0,0.12545082,2.1549983,2.1649983,777600
hardzero_plus_depr__c0p54__z1p05__lam0p010__nu0p50__psi1p00,hardzero_plus_depr,0.03,39,243,0.0,2,0.172508,0.1728419,1.0132555,0.09699392,0.09699392,1.0,0.00033390193,0.0034425037,-26.68733,2.2292066,0.7430689,0.18400002,0.0,0.14566056,2.1649983,2.1749983,780800
hardzero_plus_depr__c0p54__z1p05__lam0p010__nu0p50__psi1p00,hardzero_plus_depr,0.03,39,244,0.0,2,0.1728419,0.1728419,1.054213,0.0,0.088264674,0.0,0.0,0.0034082504,-28.753067,2.319315,0.773105,0.16000001,0.0,0.18054248,2.1749983,2.1849983,784000
hardzero_plus_depr__c0p54__z1p05__lam0p010__nu0p50__psi1p00,hardzero_plus_depr,0.03,39,245,0.0,2,0.1728419,0.17314741,1.0431783,0.09053608,0.09053608,1.0,0.0003054993,0.0033743377,-26.900919,2.2950382,0.76501274,0.192,0.0,0.1588132,2.1849983,2.1949983,787200
hardzero_plus_depr__c0p54__z1p05__lam0p010__nu0p50__psi1p00,hardzero_plus_depr,0.03,39,246,0.0,2,0.17314741,0.17346568,1.0210416,0.09527047,0.09527047,1.0,0.00031827606,0.0033407628,-27.186163,2.2463365,0.7487788,0.18400002,0.0,0.13875984,2.1949983,2.2049983,790400
hardzero_plus_depr__c0p54__z1p05__lam0p010__nu0p50__psi1p00,hardzero_plus_depr,0.03,39,247,0.0,2,0.17346568,0.17377333,1.0314565,0.09301298,0.09301298,1.0,0.00030764245,0.0033075216,-28.26941,2.2692494,0.7564165,0.14999999,0.0,0.14108478,2.2049983,2.2149982,793600
hardzero_plus_depr__c0p54__z1p05__lam0p010__nu0p50__psi1p00,hardzero_plus_depr,0.03,39,248,0.0,2,0.17377333,0.17408602,1.0200565,0.09548685,0.09548685,1.0,0.0003126823,0.0032746112,-27.581432,2.244169,0.74805635,0.15200001,0.0,0.16329592,2.2149982,2.2249982,796800
hardzero_plus_depr__c0p54__z1p05__lam0p010__nu0p50__psi1p00,hardzero_plus_depr,0.03,39,249,0.0,2,0.17408602,0.17408602,1.0903265,0.0,0.08122197,0.0,0.0,0.0032420282,-28.905214,2.3987663,0.7995888,0.128,0.0,0.15209527,2.2249982,2.2349982,800000
hardzero_plus_depr__c0p54__z1p05__lam0p010__nu0p50__psi1p00,hardzero_plus_depr,0.03,39,250,0.0,2,0.17408602,0.17408602,1.0542039,0.0,0.08826654,0.0,0.0,0.0032097695,-27.85906,2.3192947,0.77309823,0.128,0.0,0.1701938,2.2349982,2.2449982,803200
hardzero_plus_depr__c0p54__z1p05__lam0p010__nu0p50__psi1p00,hardzero_plus_depr,0.03,39,251,0.0,2,0.17408602,0.1744046,0.998893,0.10025521,0.10025521,1.0,0.00031859422,0.0031778319,-27.423458,2.1976085,0.7325362,0.16800001,0.0,0.16448827,2.2449982,2.2549982,806400
hardzero_plus_depr__c0p54__z1p05__lam0p010__nu0p50__psi1p00,hardzero_plus_depr,0.03,39,252,0.0,2,0.1744046,0.17473146,0.98342526,0.10389024,0.10389024,1.0,0.0003268607,0.0031462118,-27.252472,2.1635787,0.72119296,0.16000001,0.0,0.13077812,2.2549982,2.2649982,809600
hardzero_plus_depr__c0p54__z1p05__lam0p010__nu0p50__psi1p00,hardzero_plus_depr,0.03,39,253,0.0,2,0.17473146,0.17502268,1.029239,0.093489096,0.093489096,1.0,0.00029120978,0.0031149064,-27.416248,2.2643712,0.7547904,0.104,0.0,0.15234521,2.2649982,2.2749982,812800
hardzero_plus_depr__c0p54__z1p05__lam0p010__nu0p50__psi1p00,hardzero_plus_depr,0.03,39,254,0.0,2,0.17502268,0.17532657,1.0063702,0.098543905,0.098543905,1.0,0.0003039008,0.0030839127,-27.485981,2.2140586,0.7380196,0.18400002,0.0,0.13692145,2.2749982,2.2849982,816000
hardzero_plus_depr__c0p54__z1p05__lam0p010__nu0p50__psi1p00,hardzero_plus_depr,0.03,39,255,0.0,2,0.17532657,0.17564766,0.9781304,0.10516461,0.10516461,1.0,0.00032109144,0.0030532272,-26.448652,2.1519299,0.71730995,0.16800001,0.0,0.15638855,2.2849982,2.2949982,819200
hardzero_plus_depr__c0p54__z1p05__lam0p010__nu0p50__psi1p00,hardzero_plus_depr,0.03,39,256,0.0,2,0.17564766,0.17599209,0.9433207,0.113940805,0.113940805,1.0,0.00034442564,0.0030228472,-26.601059,2.075347,0.69178236,0.2,0.0,0.123419724,2.2949982,2.3049982,822400
hardzero_plus_depr__c0p54__z1p05__lam0p010__nu0p50__psi1p00,hardzero_plus_depr,0.03,39,257,0.0,2,0.17599209,0.17629936,0.98854345,0.10267306,0.10267306,1.0,0.00030727682,0.0029927697,-26.852058,2.174839,0.7249464,0.16800001,0.0,0.12325296,2.3049982,2.3149981,825600
hardzero_plus_depr__c0p54__z1p05__lam0p010__nu0p50__psi1p00,hardzero_plus_depr,0.03,39,258,0.0,2,0.17629936,0.17657848,1.0259514,0.0941995,0.0941995,1.0,0.00027911228,0.0029629911,-27.62758,2.257138,0.75237936,0.128,0.0,0.15718126,2.3149981,2.3249981,828800
hardzero_plus_depr__c0p54__z1p05__lam0p010__nu0p50__psi1p00,hardzero_plus_depr,0.03,39,259,0.0,2,0.17657848,0.17684387,1.043514,0.09046613,0.09046613,1.0,0.00026538316,0.0029335087,-27.383852,2.2957766,0.7652589,0.17600001,0.0,0.13506249,2.3249981,2.3349981,832000
hardzero_plus_depr__c0p54__z1p05__lam0p010__nu0p50__psi1p00,hardzero_plus_depr,0.03,39,260,0.0,2,0.17684387,0.17713347,1.001245,0.099713735,0.099713735,1.0,0.00028960058,0.0029043197,-26.291044,2.202783,0.73426104,0.17999999,0.0,0.14390768,2.3349981,2.3449981,835200
hardzero_plus_depr__c0p54__z1p05__lam0p010__nu0p50__psi1p00,hardzero_plus_depr,0.03,39,261,0.0,2,0.17713347,0.17741227,1.0134017,0.09696125,0.09696125,1.0,0.00027880445,0.0028754214,-26.838926,2.2295284,0.74317616,0.15200001,0.0,0.14065258,2.3449981,2.354998,838400
hardzero_plus_depr__c0p54__z1p05__lam0p010__nu0p50__psi1p00,hardzero_plus_depr,0.03,39,262,0.0,2,0.17741227,0.17741227,1.094907,0.0,0.08036981,0.0,0.0,0.0028468105,-28.298712,2.4088435,0.8029479,0.15200001,0.0,0.16913025,2.354998,2.364998,841600
hardzero_plus_depr__c0p54__z1p05__lam0p010__nu0p50__psi1p00,hardzero_plus_depr,0.03,39,263,0.0,2,0.17741227,0.17770119,0.9892497,0.10250624,0.10250624,1.0,0.0002889122,0.002818484,-27.12926,2.1763928,0.7254643,0.128,0.0,0.13942103,2.364998,2.374998,844800
hardzero_plus_depr__c0p54__z1p05__lam0p010__nu0p50__psi1p00,hardzero_plus_depr,0.03,39,264,0.0,2,0.17770119,0.17799181,0.98236054,0.10414524,0.10414524,1.0,0.00029061103,0.0027904399,-26.975733,2.1612363,0.72041214,0.16000001,0.0,0.14898278,2.374998,2.384998,848000
hardzero_plus_depr__c0p54__z1p05__lam0p010__nu0p50__psi1p00,hardzero_plus_depr,0.03,39,265,0.0,2,0.17799181,0.17826377,1.0068113,0.098443896,0.098443896,1.0,0.00027196846,0.0027626746,-27.258713,2.215029,0.738343,0.17600001,0.0,0.17395504,2.384998,2.394998,851200
hardzero_plus_depr__c0p54__z1p05__lam0p010__nu0p50__psi1p00,hardzero_plus_depr,0.03,39,266,0.0,2,0.17826377,0.1785139,1.03883,0.09144709,0.09144709,1.0,0.00025012475,0.0027351854,-27.828213,2.2854717,0.7618239,0.192,0.0,0.14812519,2.394998,2.404998,854400
hardzero_plus_depr__c0p54__z1p05__lam0p010__nu0p50__psi1p00,hardzero_plus_depr,0.03,39,267,0.0,2,0.1785139,0.1788274,0.93639,0.115773715,0.115773715,1.0,0.00031351176,0.00270797,-26.520176,2.0600991,0.68669975,0.16800001,0.0,0.13249202,2.404998,2.414998,857600
hardzero_plus_depr__c0p54__z1p05__lam0p010__nu0p50__psi1p00,hardzero_plus_depr,0.03,39,268,0.0,2,0.1788274,0.179102,0.98960376,0.10242269,0.10242269,1.0,0.00027459784,0.0026810255,-27.333834,2.1771717,0.7257239,0.192,0.0,0.15594402,2.414998,2.424998,860800
hardzero_plus_depr__c0p54__z1p05__lam0p010__nu0p50__psi1p00,hardzero_plus_depr,0.03,39,269,0.0,2,0.179102,0.17936362,1.0062779,0.09856484,0.09856484,1.0,0.00026162548,0.002654349,-26.748554,2.2138555,0.7379519,0.224,0.0,0.14052819,2.424998,2.434998,864000
hardzero_plus_depr__c0p54__z1p05__lam0p010__nu0p50__psi1p00,hardzero_plus_depr,0.03,39,270,0.0,2,0.17936362,0.17964096,0.9766063,0.10553431,0.10553431,1.0,0.00027733756,0.0026279376,-26.620499,2.1485767,0.71619225,0.16800001,0.0,0.15884338,2.434998,2.444998,867200
hardzero_plus_depr__c0p54__z1p05__lam0p010__nu0p50__psi1p00,hardzero_plus_depr,0.03,39,271,0.0,2,0.17964096,0.17991404,0.9789824,0.104958504,0.104958504,1.0,0.0002730799,0.002601789,-26.804989,2.1538043,0.7179348,0.128,0.0,0.11655825,2.444998,2.454998,870400
hardzero_plus_depr__c0p54__z1p05__lam0p010__nu0p50__psi1p00,hardzero_plus_depr,0.03,39,272,0.0,2,0.17991404,0.18019319,0.9650963,0.108368665,0.108368665,1.0,0.00027914695,0.0025759009,-26.978447,2.1232543,0.70775145,0.216,0.0,0.15033887,2.454998,2.464998,873600
hardzero_plus_depr__c0p54__z1p05__lam0p010__nu0p50__psi1p00,hardzero_plus_depr,0.03,39,273,0.0,2,0.18019319,0.18042062,1.0497278,0.089180976,0.089180976,1.0,0.00022743558,0.0025502702,-27.666752,2.3094473,0.7698158,0.14999999,0.0,0.22498444,2.464998,2.474998,876800
hardzero_plus_depr__c0p54__z1p05__lam0p010__nu0p50__psi1p00,hardzero_plus_depr,0.03,39,274,0.0,2,0.18042062,0.18066394,1.0160698,0.09636741,0.09636741,1.0,0.00024331757,0.0025248947,-26.825495,2.235398,0.7451327,0.104,0.0,0.12902007,2.474998,2.484998,880000
hardzero_plus_depr__c0p54__z1p05__lam0p010__nu0p50__psi1p00,hardzero_plus_depr,0.03,39,275,0.0,2,0.18066394,0.1809333,0.9675862,0.107749134,0.107749134,1.0,0.0002693482,0.0024997715,-27.26047,2.1287322,0.70957744,0.208,0.0,0.1601793,2.484998,2.494998,883200
hardzero_plus_depr__c0p54__z1p05__lam0p010__nu0p50__psi1p00,hardzero_plus_depr,0.03,39,276,0.0,2,0.1809333,0.18116888,1.0213972,0.09519251,0.09519251,1.0,0.0002355918,0.0024748985,-27.341038,2.2471187,0.7490396,0.120000005,0.0,0.16384634,2.494998,2.504998,886400
hardzero_plus_depr__c0p54__z1p05__lam0p010__nu0p50__psi1p00,hardzero_plus_depr,0.03,39,277,0.0,2,0.18116888,0.18116888,1.0532205,0.0,0.08846663,0.0,0.0,0.0024502727,-28.052689,2.3171313,0.77237713,0.16000001,0.0,0.19618446,2.504998,2.514998,889600
hardzero_plus_depr__c0p54__z1p05__lam0p010__nu0p50__psi1p00,hardzero_plus_depr,0.03,39,278,0.0,2,0.18116888,0.18139784,1.0251136,0.094381385,0.094381385,1.0,0.00022895905,0.002425892,-26.139042,2.255295,0.751765,0.14400001,0.0,0.14086205,2.514998,2.524998,892800
hardzero_plus_depr__c0p54__z1p05__lam0p010__nu0p50__psi1p00,hardzero_plus_depr,0.03,39,279,0.0,2,0.18139784,0.1816309,1.0130655,0.09703636,0.09703636,1.0,0.0002330575,0.0024017543,-26.56752,2.2287886,0.7429296,0.136,0.0,0.17696437,2.524998,2.534998,896000
hardzero_plus_depr__c0p54__z1p05__lam0p010__nu0p50__psi1p00,hardzero_plus_depr,0.03,39,280,0.0,2,0.1816309,0.18188661,0.96841234,0.10754435,0.10754435,1.0,0.00025572503,0.0023778565,-25.471058,2.1305497,0.71018326,0.23200001,0.0,0.12756258,2.534998,2.544998,899200
hardzero_plus_depr__c0p54__z1p05__lam0p010__nu0p50__psi1p00,hardzero_plus_depr,0.03,39,281,0.0,2,0.18188661,0.18213214,0.9817563,0.10429024,0.10429024,1.0,0.0002455197,0.0023541965,-27.461048,2.159907,0.71996903,0.16800001,0.0,0.14452091,2.544998,2.554998,902400
hardzero_plus_depr__c0p54__z1p05__lam0p010__nu0p50__psi1p00,hardzero_plus_depr,0.03,39,282,0.0,2,0.18213214,0.18235901,1.0117335,0.09733443,0.09733443,1.0,0.00022686436,0.0023307719,-27.56525,2.2258582,0.7419528,0.120000005,0.0,0.1409825,2.554998,2.564998,905600
hardzero_plus_depr__c0p54__z1p05__lam0p010__nu0p50__psi1p00,hardzero_plus_depr,0.03,39,283,0.0,2,0.18235901,0.18261117,0.961497,0.10927052,0.10927052,1.0,0.00025215046,0.00230758,-26.612013,2.1153357,0.7051119,0.2,0.0,0.123503596,2.564998,2.574998,908800
hardzero_plus_depr__c0p54__z1p05__lam0p010__nu0p50__psi1p00,hardzero_plus_depr,0.03,39,284,0.0,2,0.18261117,0.18283306,1.0126797,0.0971226,0.0971226,1.0,0.00022188819,0.0022846195,-27.450928,2.2279398,0.74264663,0.15200001,0.0,0.14580902,2.574998,2.584998,912000
hardzero_plus_depr__c0p54__z1p05__lam0p010__nu0p50__psi1p00,hardzero_plus_depr,0.03,39,285,0.0,2,0.18283306,0.18306214,0.99447995,0.10127915,0.10127915,1.0,0.000229082,0.002261887,-26.94126,2.1878996,0.7292999,0.15200001,0.0,0.13853332,2.584998,2.594998,915200
hardzero_plus_depr__c0p54__z1p05__lam0p010__nu0p50__psi1p00,hardzero_plus_depr,0.03,39,286,0.0,2,0.18306214,0.18329643,0.980379,0.10462152,0.10462152,1.0,0.00023428745,0.002239381,-25.34096,2.1568768,0.718959,0.25,0.0,0.14116259,2.594998,2.6049979,918400
hardzero_plus_depr__c0p54__z1p05__lam0p010__nu0p50__psi1p00,hardzero_plus_depr,0.03,39,287,0.0,2,0.18329643,0.18355773,0.92863935,0.11785843,0.11785843,1.0,0.0002613038,0.0022170988,-25.359676,2.0430474,0.68101585,0.192,0.0,0.12504199,2.6049979,2.6149979,921600
hardzero_plus_depr__c0p54__z1p05__lam0p010__nu0p50__psi1p00,hardzero_plus_depr,0.03,39,288,0.0,2,0.18355773,0.18376826,1.0181501,0.09590691,0.09590691,1.0,0.00021051933,0.0021950381,-27.073511,2.239975,0.7466583,0.2,0.0,0.15097176,2.6149979,2.6249979,924800
hardzero_plus_depr__c0p54__z1p05__lam0p010__nu0p50__psi1p00,hardzero_plus_depr,0.03,39,289,0.0,2,0.18376826,0.18398723,0.99670964,0.1007605,0.1007605,1.0,0.00021897246,0.0021731975,-26.442184,2.192805,0.73093504,0.15200001,0.0,0.15527534,2.6249979,2.6349978,928000
hardzero_plus_depr__c0p54__z1p05__lam0p010__nu0p50__psi1p00,hardzero_plus_depr,0.03,39,290,0.0,2,0.18398723,0.1841847,1.0372671,0.0917768,0.0917768,1.0,0.00019746456,0.0021515738,-28.126493,2.2820332,0.76067775,0.15200001,0.0,0.15621628,2.6349978,2.6449978,931200
hardzero_plus_depr__c0p54__z1p05__lam0p010__nu0p50__psi1p00,hardzero_plus_depr,0.03,39,291,0.0,2,0.1841847,0.1844122,0.9714438,0.1067963,0.1067963,1.0,0.00022749374,0.002130165,-26.248224,2.137219,0.71240634,0.23200001,0.0,0.13598266,2.6449978,2.6549978,934400
hardzero_plus_depr__c0p54__z1p05__lam0p010__nu0p50__psi1p00,hardzero_plus_depr,0.03,39,292,0.0,2,0.1844122,0.1844122,1.0682136,0.0,0.08546463,0.0,0.0,0.0021089697,-27.81364,2.3501167,0.7833723,0.15200001,0.0,0.15069294,2.6549978,2.6649978,937600
hardzero_plus_depr__c0p54__z1p05__lam0p010__nu0p50__psi1p00,hardzero_plus_depr,0.03,39,293,0.0,2,0.1844122,0.1846007,1.0444316,0.09027518,0.09027518,1.0,0.00018849324,0.0020879852,-27.709036,2.2977953,0.7659318,0.17600001,0.0,0.1555244,2.6649978,2.6749978,940800
hardzero_plus_depr__c0p54__z1p05__lam0p010__nu0p50__psi1p00,hardzero_plus_depr,0.03,39,294,0.0,2,0.1846007,0.18478791,1.0430509,0.09056265,0.09056265,1.0,0.00018721196,0.0020672095,-27.267267,2.2947578,0.7649193,0.224,0.008,0.14024055,2.6749978,2.6849978,944000
hardzero_plus_depr__c0p54__z1p05__lam0p010__nu0p50__psi1p00,hardzero_plus_depr,0.03,39,295,0.0,2,0.18478791,0.18497322,1.0431433,0.090543374,0.090543374,1.0,0.00018530972,0.0020466403,-28.289824,2.294961,0.764987,0.17600001,0.0,0.16428381,2.6849978,2.6949978,947200
hardzero_plus_depr__c0p54__z1p05__lam0p010__nu0p50__psi1p00,hardzero_plus_depr,0.03,39,296,0.0,2,0.18497322,0.18517637,0.99888283,0.10025756,0.10025756,1.0,0.00020314948,0.002026276,-26.606886,2.197586,0.7325287,0.16000001,0.0,0.13665073,2.6949978,2.7049978,950400
hardzero_plus_depr__c0p54__z1p05__lam0p010__nu0p50__psi1p00,hardzero_plus_depr,0.03,39,297,0.0,2,0.18517637,0.18536037,1.0375328,0.09172067,0.09172067,1.0,0.00018400214,0.0020061142,-26.877169,2.2826178,0.7608726,0.2,0.0,0.14138985,2.7049978,2.7149978,953600
hardzero_plus_depr__c0p54__z1p05__lam0p010__nu0p50__psi1p00,hardzero_plus_depr,0.03,39,298,0.0,2,0.18536037,0.18555684,1.0047095,0.098921455,0.098921455,1.0,0.00019647313,0.001986153,-27.036606,2.2104049,0.7368016,0.16000001,0.0,0.15538557,2.7149978,2.7249978,956800
hardzero_plus_depr__c0p54__z1p05__lam0p010__nu0p50__psi1p00,hardzero_plus_depr,0.03,39,299,0.0,2,0.18555684,0.18573451,1.0440707,0.09035022,0.09035022,1.0,0.00017766381,0.0019663905,-27.718685,2.2970014,0.76566714,0.16,0.0,0.1508722,2.7249978,2.7349977,960000
hardzero_plus_depr__c0p54__z1p05__lam0p010__nu0p50__psi1p00,hardzero_plus_depr,0.03,39,300,0.0,2,0.18573451,0.18594953,0.95683867,0.11044888,0.11044888,1.0,0.0002150246,0.0019468246,-25.674038,2.105087,0.7016957,0.14400001,0.0,0.11795675,2.7349977,2.7449977,963200
hardzero_plus_depr__c0p54__z1p05__lam0p010__nu0p50__psi1p00,hardzero_plus_depr,0.03,39,301,0.0,2,0.18594953,0.18615113,0.9805125,0.10458934,0.10458934,1.0,0.00020159107,0.0019274532,-26.953085,2.1571705,0.71905684,0.112,0.0,0.1494588,2.7449977,2.7549977,966400
hardzero_plus_depr__c0p54__z1p05__lam0p010__nu0p50__psi1p00,hardzero_plus_depr,0.03,39,302,0.0,2,0.18615113,0.18615113,1.0760937,0.0,0.0839279,0.0,0.0,0.0019082747,-27.915821,2.3674533,0.78915113,0.096,0.0,0.16619185,2.7549977,2.7649977,969600
hardzero_plus_depr__c0p54__z1p05__lam0p010__nu0p50__psi1p00,hardzero_plus_depr,0.03,39,303,0.0,2,0.18615113,0.1863286,1.0271649,0.093936644,0.093936644,1.0,0.0001774733,0.0018892871,-28.286829,2.259808,0.7532694,0.17600001,0.0,0.1817639,2.7649977,2.7749977,972800
hardzero_plus_depr__c0p54__z1p05__lam0p010__nu0p50__psi1p00,hardzero_plus_depr,0.03,39,304,0.0,2,0.1863286,0.18651445,1.0027986,0.09935767,0.09935767,1.0,0.0001858474,0.0018704886,-26.851496,2.2062008,0.7354003,0.128,0.0,0.14488769,2.7749977,2.7849977,976000
hardzero_plus_depr__c0p54__z1p05__lam0p010__nu0p50__psi1p00,hardzero_plus_depr,0.03,39,305,0.0,2,0.18651445,0.18669295,1.0159827,0.09638673,0.09638673,1.0,0.00017849637,0.001851877,-26.952282,2.2352066,0.7450689,0.192,0.0,0.14851415,2.7849977,2.7949977,979200
hardzero_plus_depr__c0p54__z1p05__lam0p010__nu0p50__psi1p00,hardzero_plus_depr,0.03,39,306,0.0,2,0.18669295,0.18688576,0.9781473,0.1051605,0.1051605,1.0,0.00019280656,0.0018334504,-26.731451,2.151967,0.71732235,0.208,0.0,0.14165992,2.7949977,2.8049977,982400
hardzero_plus_depr__c0p54__z1p05__lam0p010__nu0p50__psi1p00,hardzero_plus_depr,0.03,39,307,0.0,2,0.18688576,0.18708138,0.9675214,0.10776521,0.10776521,1.0,0.00019561622,0.0018152074,-25.97589,2.1285896,0.7095299,0.18400002,0.0,0.14517175,2.8049977,2.8149977,985600
hardzero_plus_depr__c0p54__z1p05__lam0p010__nu0p50__psi1p00,hardzero_plus_depr,0.03,39,308,0.0,2,0.18708138,0.18724672,1.0362134,0.09199973,0.09199973,1.0,0.00016533693,0.0017971457,-27.615244,2.279715,0.75990504,0.17600001,0.0,0.15209402,2.8149977,2.8249977,988800
hardzero_plus_depr__c0p54__z1p05__lam0p010__nu0p50__psi1p00,hardzero_plus_depr,0.03,39,309,0.0,2,0.18724672,0.18741588,1.0219651,0.0950681,0.0950681,1.0,0.00016915122,0.0017792637,-26.628662,2.2483683,0.7494561,0.08800001,0.0,0.13028932,2.8249977,2.8349977,992000
hardzero_plus_depr__c0p54__z1p05__lam0p010__nu0p50__psi1p00,hardzero_plus_depr,0.03,39,310,0.0,2,0.18741588,0.18760465,0.96998066,0.107156694,0.107156694,1.0,0.00018876293,0.0017615599,-26.660149,2.134,0.7113334,0.18400002,0.0,0.1279536,2.8349977,2.8449976,995200
hardzero_plus_depr__c0p54__z1p05__lam0p010__nu0p50__psi1p00,hardzero_plus_depr,0.03,39,311,0.0,2,0.18760465,0.18778971,0.9742634,0.10610517,0.10610517,1.0,0.00018505081,0.001744032,-25.997322,2.1434224,0.71447414,0.16000001,0.0,0.1300942,2.8449976,2.8549976,998400
hardzero_plus_depr__c0p54__z1p05__lam0p010__nu0p50__psi1p00,hardzero_plus_depr,0.03,39,312,0.0,2,0.18778971,0.18795586,1.0167055,0.09622645,0.09622645,1.0,0.00016615214,0.0017266786,-26.09113,2.2367969,0.745599,0.11,0.0,0.13705997,2.8549976,2.8649976,1001600
hardzero_plus_depr__c0p54__z1p05__lam0p010__nu0p50__psi1p00,hardzero_plus_depr,0.03,39,313,0.0,2,0.18795586,0.18795586,1.0508031,0.0,0.08896044,0.0,0.0,0.001709498,-27.950197,2.3118129,0.7706043,0.120000005,0.0,0.15629593,2.8649976,2.8749976,1004800
hardzero_plus_depr__c0p54__z1p05__lam0p010__nu0p50__psi1p00,hardzero_plus_depr,0.03,39,314,0.0,2,0.18795586,0.18795586,1.0844784,0.0,0.08232308,0.0,0.0,0.0016924882,-29.040602,2.3859,0.7953,0.112,0.0,0.15976186,2.8749976,2.8849976,1008000
hardzero_plus_depr__c0p54__z1p05__lam0p010__nu0p50__psi1p00,hardzero_plus_depr,0.03,39,315,0.0,2,0.18795586,0.18795586,1.0881048,0.0,0.081638515,0.0,0.0,0.0016756478,-28.318989,2.3938785,0.7979595,0.14400001,0.0,0.1716347,2.8849976,2.8949976,1011200
hardzero_plus_depr__c0p54__z1p05__lam0p010__nu0p50__psi1p00,hardzero_plus_depr,0.03,39,316,0.0,2,0.18795586,0.18812972,0.97963536,0.1048008,0.1048008,1.0,0.00017386187,0.0016589747,-26.993801,2.1552408,0.7184136,0.16800001,0.0,0.14775863,2.8949976,2.9049976,1014400
hardzero_plus_depr__c0p54__z1p05__lam0p010__nu0p50__psi1p00,hardzero_plus_depr,0.03,39,317,0.0,2,0.18812972,0.18830611,0.9690459,0.107387595,0.107387595,1.0,0.00017638066,0.0016424678,-26.935425,2.1319435,0.7106478,0.18400002,0.0,0.11657011,2.9049976,2.9149976,1017600
hardzero_plus_depr__c0p54__z1p05__lam0p010__nu0p50__psi1p00,hardzero_plus_depr,0.03,39,318,0.0,2,0.18830611,0.18849453,0.93600875,0.11587539,0.11587539,1.0,0.00018842786,0.0016261248,-25.827843,2.0592604,0.68642014,0.2,0.0,0.15077072,2.9149976,2.9249976,1020800
hardzero_plus_depr__c0p54__z1p05__lam0p010__nu0p50__psi1p00,hardzero_plus_depr,0.03,39,319,0.0,2,0.18849453,0.1886544,1.0030537,0.09929932,0.09929932,1.0,0.00015986641,0.0016099446,-27.272512,2.206762,0.73558736,0.24800001,0.0,0.17642532,2.9249976,2.9349976,1024000
hardzero_plus_depr__c0p54__z1p05__lam0p010__nu0p50__psi1p00,hardzero_plus_depr,0.03,39,320,0.0,2,0.1886544,0.1886544,1.0618232,0.0,0.08673147,0.0,0.0,0.0015939255,-28.73323,2.336058,0.778686,0.15200001,0.0,0.16220869,2.9349976,2.9449975,1027200
hardzero_plus_depr__c0p54__z1p05__lam0p010__nu0p50__psi1p00,hardzero_plus_depr,0.03,39,321,0.0,2,0.1886544,0.18880607,1.0172088,0.09611501,0.09611501,1.0,0.00015167579,0.0015780657,-27.707806,2.237904,0.74596804,0.24000001,0.0,0.14809652,2.9449975,2.9549975,1030400
hardzero_plus_depr__c0p54__z1p05__lam0p010__nu0p50__psi1p00,hardzero_plus_depr,0.03,39,322,0.0,2,0.18880607,0.18895893,1.0095006,0.097836144,0.097836144,1.0,0.00015285563,0.0015623636,-27.158037,2.2209456,0.7403152,0.192,0.0,0.144291,2.9549975,2.9649975,1033600
hardzero_plus_depr__c0p54__z1p05__lam0p010__nu0p50__psi1p00,hardzero_plus_depr,0.03,39,323,0.0,2,0.18895893,0.18895893,1.0789598,0.0,0.08337582,0.0,0.0,0.0015468178,-28.652079,2.373759,0.79125303,0.128,0.0,0.17579493,2.9649975,2.9749975,1036800
hardzero_plus_depr__c0p54__z1p05__lam0p010__nu0p50__psi1p00,hardzero_plus_depr,0.03,39,324,0.0,2,0.18895893,0.18909828,1.0409936,0.090992674,0.090992674,1.0,0.00013934862,0.0015314268,-27.655943,2.2902315,0.7634105,0.16800001,0.0,0.16918962,2.9749975,2.9849975,1040000
hardzero_plus_depr__c0p54__z1p05__lam0p010__nu0p50__psi1p00,hardzero_plus_depr,0.03,39,325,0.0,2,0.18909828,0.18924516,1.0137806,0.096876726,0.096876726,1.0,0.00014688341,0.0015161888,-27.061148,2.230362,0.743454,0.19999999,0.0,0.14474498,2.9849975,2.9949975,1043200
hardzero_plus_depr__c0p54__z1p05__lam0p010__nu0p50__psi1p00,hardzero_plus_depr,0.03,39,326,0.0,2,0.18924516,0.18939379,1.0043027,0.09901414,0.09901414,1.0,0.00014863038,0.0015011026,-26.822592,2.20951,0.73650336,0.128,0.0,0.1531756,2.9949975,3.0049975,1046400
hardzero_plus_depr__c0p54__z1p05__lam0p010__nu0p50__psi1p00,hardzero_plus_depr,0.03,39,327,0.0,2,0.18939379,0.18953282,1.0289614,0.09354887,0.09354887,1.0,0.00013902919,0.0014861664,-27.319693,2.2637603,0.7545868,0.16000001,0.0,0.13516589,3.0049975,3.0149975,1049600
hardzero_plus_depr__c0p54__z1p05__lam0p010__nu0p50__psi1p00,hardzero_plus_depr,0.03,39,328,0.0,2,0.18953282,0.18967098,1.0273341,0.093900055,0.093900055,1.0,0.00013816255,0.0014713788,-27.474583,2.2601802,0.7533934,0.136,0.0,0.16622292,3.0149975,3.0249975,1052800
hardzero_plus_depr__c0p54__z1p05__lam0p010__nu0p50__psi1p00,hardzero_plus_depr,0.03,39,329,0.0,2,0.18967098,0.18981385,1.0084348,0.09807655,0.09807655,1.0,0.00014287187,0.0014567383,-26.81571,2.2186007,0.7395336,0.136,0.0,0.16193439,3.0249975,3.0349975,1056000
hardzero_plus_depr__c0p54__z1p05__lam0p010__nu0p50__psi1p00,hardzero_plus_depr,0.03,39,330,0.0,2,0.18981385,0.18994327,1.0470395,0.089734726,0.089734726,1.0,0.00012941934,0.0014422436,-27.772017,2.3035328,0.7678443,0.14400001,0.0,0.15743312,3.0349975,3.0449975,1059200
hardzero_plus_depr__c0p54__z1p05__lam0p010__nu0p50__psi1p00,hardzero_plus_depr,0.03,39,331,0.0,2,0.18994327,0.19009675,0.9686231,0.10749218,0.10749218,1.0,0.00015348733,0.0014278931,-26.666605,2.1310134,0.7103378,0.16800001,0.0,0.14185427,3.0449975,3.0549974,1062400
hardzero_plus_depr__c0p54__z1p05__lam0p010__nu0p50__psi1p00,hardzero_plus_depr,0.03,39,332,0.0,2,0.19009675,0.19023213,1.0187874,0.09576627,0.09576627,1.0,0.00013538335,0.0014136852,-26.786669,2.241377,0.74712574,0.216,0.0,0.14675212,3.0549974,3.0649974,1065600
hardzero_plus_depr__c0p54__z1p05__lam0p010__nu0p50__psi1p00,hardzero_plus_depr,0.03,39,333,0.0,2,0.19023213,0.19036214,1.0320168,0.09289304,0.09289304,1.0,0.00013001486,0.0013996189,-27.308868,2.2704823,0.7568275,0.216,0.0,0.15290001,3.0649974,3.0749974,1068800
hardzero_plus_depr__c0p54__z1p05__lam0p010__nu0p50__psi1p00,hardzero_plus_depr,0.03,39,334,0.0,2,0.19036214,0.19050705,0.9805394,0.10458289,0.10458289,1.0,0.00014491972,0.0013856924,-25.989927,2.1572297,0.7190766,0.192,0.0,0.12922849,3.0749974,3.0849974,1072000
hardzero_plus_depr__c0p54__z1p05__lam0p010__nu0p50__psi1p00,hardzero_plus_depr,0.03,39,335,0.0,2,0.19050705,0.19066417,0.9411125,0.114521615,0.114521615,1.0,0.00015711272,0.0013719045,-26.319357,2.070489,0.690163,0.24800001,0.008,0.14504431,3.0849974,3.0949974,1075200
hardzero_plus_depr__c0p54__z1p05__lam0p010__nu0p50__psi1p00,hardzero_plus_depr,0.03,39,336,0.0,2,0.19066417,0.19079739,1.0084265,0.09807842,0.09807842,1.0,0.00013321539,0.0013582539,-27.35061,2.2185826,0.7395276,0.136,0.0,0.1283549,3.0949974,3.1049974,1078400
hardzero_plus_depr__c0p54__z1p05__lam0p010__nu0p50__psi1p00,hardzero_plus_depr,0.03,39,337,0.0,2,0.19079739,0.1909485,0.9493437,0.112371534,0.112371534,1.0,0.00015111038,0.001344739,-26.075888,2.0885978,0.6961993,0.208,0.0,0.15047778,3.1049974,3.1149974,1081600
hardzero_plus_depr__c0p54__z1p05__lam0p010__nu0p50__psi1p00,hardzero_plus_depr,0.03,39,338,0.0,2,0.1909485,0.19107579,1.0195056,0.09560803,0.09560803,1.0,0.0001272886,0.0013313588,-26.127743,2.242957,0.7476524,0.17999999,0.0,0.118792444,3.1149974,3.1249974,1084800
hardzero_plus_depr__c0p54__z1p05__lam0p010__nu0p50__psi1p00,hardzero_plus_depr,0.03,39,339,0.0,2,0.19107579,0.1911952,1.0428734,0.09059967,0.09059967,1.0,0.00011942045,0.0013181113,-27.704714,2.2943673,0.7647891,0.15200001,0.0,0.14670418,3.1249974,3.1349974,1088000
hardzero_plus_depr__c0p54__z1p05__lam0p010__nu0p50__psi1p00,hardzero_plus_depr,0.03,39,340,0.0,2,0.1911952,0.19132605,0.9988333,0.100269005,0.100269005,1.0,0.00013085065,0.001304996,-26.773119,2.197477,0.7324924,0.128,0.0,0.12406876,3.1349974,3.1449974,1091200
hardzero_plus_depr__c0p54__z1p05__lam0p010__nu0p50__psi1p00,hardzero_plus_depr,0.03,39,341,0.0,2,0.19132605,0.19132605,1.0609221,0.0,0.086911626,0.0,0.0,0.0012920111,-28.524963,2.3340752,0.7780251,0.14400001,0.0,0.18258065,3.1449974,3.1549973,1094400
hardzero_plus_depr__c0p54__z1p05__lam0p010__nu0p50__psi1p00,hardzero_plus_depr,0.03,39,342,0.0,2,0.19132605,0.19145618,0.99253863,0.10173289,0.10173289,1.0,0.00013013218,0.0012791554,-27.11133,2.1836286,0.7278762,0.16000001,0.0,0.14759572,3.1549973,3.1649973,1097600
hardzero_plus_depr__c0p54__z1p05__lam0p010__nu0p50__psi1p00,hardzero_plus_depr,0.03,39,343,0.0,2,0.19145618,0.19159122,0.9721278,0.10662824,0.10662824,1.0,0.00013503696,0.0012664277,-26.439129,2.1387239,0.71290797,0.192,0.0,0.15324427,3.1649973,3.1749973,1100800
hardzero_plus_depr__c0p54__z1p05__lam0p010__nu0p50__psi1p00,hardzero_plus_depr,0.03,39,344,0.0,2,0.19159122,0.19170798,1.0309331,0.09312513,0.09312513,1.0,0.00011676275,0.0012538264,-27.379442,2.268098,0.7560327,0.216,0.0,0.13665709,3.1749973,3.1849973,1104000
hardzero_plus_depr__c0p54__z1p05__lam0p010__nu0p50__psi1p00,hardzero_plus_depr,0.03,39,345,0.0,2,0.19170798,0.19182123,1.0398524,0.091232084,0.091232084,1.0,0.00011325101,0.0012413507,-27.06338,2.287721,0.76257366,0.16800001,0.0,0.15324247,3.1849973,3.1949973,1107200
hardzero_plus_depr__c0p54__z1p05__lam0p010__nu0p50__psi1p00,hardzero_plus_depr,0.03,39,346,0.0,2,0.19182123,0.19193898,1.0186074,0.09580599,0.09580599,1.0,0.00011774546,0.001228999,-27.75594,2.2409809,0.74699366,0.16000001,0.0,0.13346621,3.1949973,3.2049973,1110400
hardzero_plus_depr__c0p54__z1p05__lam0p010__nu0p50__psi1p00,hardzero_plus_depr,0.03,39,347,0.0,2,0.19193898,0.19205455,1.022378,0.09497777,0.09497777,1.0,0.00011556612,0.0012167703,-28.104115,2.2492764,0.74975884,0.17600001,0.0,0.13818079,3.2049973,3.2149973,1113600
hardzero_plus_depr__c0p54__z1p05__lam0p010__nu0p50__psi1p00,hardzero_plus_depr,0.03,39,348,0.0,2,0.19205455,0.19217703,0.9928169,0.10166771,0.10166771,1.0,0.00012247535,0.0012046632,-26.221317,2.1842408,0.7280803,0.224,0.0,0.14829043,3.2149973,3.2249973,1116800
hardzero_plus_depr__c0p54__z1p05__lam0p010__nu0p50__psi1p00,hardzero_plus_depr,0.03,39,349,0.0,2,0.19217703,0.19228855,1.029161,0.093505904,0.093505904,1.0,0.000111522306,0.0011926766,-27.16594,2.2641993,0.7547331,0.16000001,0.0,0.14887114,3.2249973,3.2349973,1120000
hardzero_plus_depr__c0p54__z1p05__lam0p010__nu0p50__psi1p00,hardzero_plus_depr,0.03,39,350,0.0,2,0.19228855,0.19240203,1.0172563,0.09610449,0.09610449,1.0,0.000113481074,0.0011808093,-27.455261,2.2380085,0.74600285,0.16800001,0.0,0.1585196,3.2349973,3.2449973,1123200
hardzero_plus_depr__c0p54__z1p05__lam0p010__nu0p50__psi1p00,hardzero_plus_depr,0.03,39,351,0.0,2,0.19240203,0.19240203,1.071236,0.0,0.08487191,0.0,0.0,0.0011690601,-27.486698,2.3567662,0.78558874,0.16,0.0,0.1471504,3.2449973,3.2549973,1126400
hardzero_plus_depr__c0p54__z1p05__lam0p010__nu0p50__psi1p00,hardzero_plus_depr,0.03,39,352,0.0,2,0.19240203,0.19251567,1.0079519,0.09818567,0.09818567,1.0,0.000113642825,0.0011574278,-25.96803,2.2175384,0.7391795,0.15200001,0.0,0.14825305,3.2549973,3.2649972,1129600
hardzero_plus_depr__c0p54__z1p05__lam0p010__nu0p50__psi1p00,hardzero_plus_depr,0.03,39,353,0.0,2,0.19251567,0.19251567,1.0684822,0.0,0.085411794,0.0,0.0,0.0011459112,-26.90681,2.3507078,0.7835693,0.104,0.0,0.1436049,3.2649972,3.2749972,1132800
hardzero_plus_depr__c0p54__z1p05__lam0p010__nu0p50__psi1p00,hardzero_plus_depr,0.03,39,354,0.0,2,0.19251567,0.192629,1.0004885,0.09988757,0.09988757,1.0,0.000113323375,0.0011345092,-27.122416,2.2011187,0.73370624,0.18400002,0.008,0.14311628,3.2749972,3.2849972,1136000
hardzero_plus_depr__c0p54__z1p05__lam0p010__nu0p50__psi1p00,hardzero_plus_depr,0.03,39,355,0.0,2,0.192629,0.19274037,1.0037144,0.09914836,0.09914836,1.0,0.00011136549,0.0011232207,-27.011011,2.208216,0.736072,0.104,0.0,0.13965108,3.2849972,3.2949972,1139200
hardzero_plus_depr__c0p54__z1p05__lam0p010__nu0p50__psi1p00,hardzero_plus_depr,0.03,39,356,0.0,2,0.19274037,0.19286607,0.94675666,0.1130429,0.1130429,1.0,0.00012570874,0.0011120446,-26.964449,2.0829062,0.6943021,0.224,0.0,0.1362808,3.2949972,3.3049972,1142400
hardzero_plus_depr__c0p54__z1p05__lam0p010__nu0p50__psi1p00,hardzero_plus_depr,0.03,39,357,0.0,2,0.19286607,0.19297965,0.9864711,0.10316415,0.10316415,1.0,0.000113581606,0.0011009794,-26.353575,2.1702797,0.7234266,0.18400002,0.0,0.13226631,3.3049972,3.3149972,1145600
hardzero_plus_depr__c0p54__z1p05__lam0p010__nu0p50__psi1p00,hardzero_plus_depr,0.03,39,358,0.0,2,0.19297965,0.19310346,0.9446457,0.11359372,0.11359372,1.0,0.00012381993,0.0010900245,-27.714655,2.078262,0.69275403,0.28800002,0.0,0.1724787,3.3149972,3.3249972,1148800
hardzero_plus_depr__c0p54__z1p05__lam0p010__nu0p50__psi1p00,hardzero_plus_depr,0.03,39,359,0.0,2,0.19310346,0.19321355,0.9913171,0.10201942,0.10201942,1.0,0.00011009718,0.0010791786,-26.920328,2.180941,0.7269804,0.17600001,0.0,0.17170621,3.3249972,3.3349972,1152000
hardzero_plus_depr__c0p54__z1p05__lam0p010__nu0p50__psi1p00,hardzero_plus_depr,0.03,39,360,0.0,2,0.19321355,0.19332238,0.99202496,0.10185328,0.10185328,1.0,0.000108824184,0.0010684406,-26.778908,2.1824985,0.7274995,0.16000001,0.0,0.14751954,3.3349972,3.3449972,1155200
hardzero_plus_depr__c0p54__z1p05__lam0p010__nu0p50__psi1p00,hardzero_plus_depr,0.03,39,361,0.0,2,0.19332238,0.19343418,0.9759658,0.10569007,0.10569007,1.0,0.00011179994,0.0010578093,-26.432943,2.1471677,0.71572256,0.16800001,0.0,0.13150403,3.3449972,3.3549972,1158400
hardzero_plus_depr__c0p54__z1p05__lam0p010__nu0p50__psi1p00,hardzero_plus_depr,0.03,39,362,0.0,2,0.19343418,0.19354163,0.9888693,0.102596045,0.102596045,1.0,0.000107447195,0.001047284,-26.64053,2.175556,0.72518533,0.128,0.0,0.13310398,3.3549972,3.3649971,1161600
hardzero_plus_depr__c0p54__z1p05__lam0p010__nu0p50__psi1p00,hardzero_plus_depr,0.03,39,363,0.0,2,0.19354163,0.1936363,1.0395542,0.09129473,0.09129473,1.0,9.4660165e-05,0.0010368634,-28.02827,2.287065,0.762355,0.2,0.0,0.13398896,3.3649971,3.3749971,1164800
hardzero_plus_depr__c0p54__z1p05__lam0p010__nu0p50__psi1p00,hardzero_plus_depr,0.03,39,364,0.0,2,0.1936363,0.19373395,1.0216932,0.095127635,0.095127635,1.0,9.765293e-05,0.0010265465,-27.000786,2.24777,0.74925673,0.11,0.0,0.12986298,3.3749971,3.3849971,1168000
hardzero_plus_depr__c0p54__z1p05__lam0p010__nu0p50__psi1p00,hardzero_plus_depr,0.03,39,365,0.0,2,0.19373395,0.19384357,0.96710247,0.107869215,0.107869215,1.0,0.00010963096,0.0010163322,-26.426252,2.127668,0.7092227,0.208,0.0,0.13248259,3.3849971,3.3949971,1171200
hardzero_plus_depr__c0p54__z1p05__lam0p010__nu0p50__psi1p00,hardzero_plus_depr,0.03,39,366,0.0,2,0.19384357,0.19394334,1.0037516,0.09913988,0.09913988,1.0,9.975648e-05,0.0010062195,-27.582289,2.2082977,0.73609924,0.16000001,0.0,0.1522975,3.3949971,3.404997,1174400
hardzero_plus_depr__c0p54__z1p05__lam0p010__nu0p50__psi1p00,hardzero_plus_depr,0.03,39,367,0.0,2,0.19394334,0.19403717,1.0259637,0.09419685,0.09419685,1.0,9.3839604e-05,0.0009962075,-27.135519,2.2571652,0.7523884,0.128,0.0,0.14089912,3.404997,3.414997,1177600
hardzero_plus_depr__c0p54__z1p05__lam0p010__nu0p50__psi1p00,hardzero_plus_depr,0.03,39,368,0.0,2,0.19403717,0.19413269,1.0138972,0.096850716,0.096850716,1.0,9.5523385e-05,0.000986295,-27.51169,2.2306182,0.74353945,0.18400002,0.0,0.14835523,3.414997,3.424997,1180800
hardzero_plus_depr__c0p54__z1p05__lam0p010__nu0p50__psi1p00,hardzero_plus_depr,0.03,39,369,0.0,2,0.19413269,0.19423626,0.9743939,0.1060733,0.1060733,1.0,0.00010357859,0.0009764813,-26.35802,2.1437094,0.7145698,0.16800001,0.0,0.14085965,3.424997,3.434997,1184000
hardzero_plus_depr__c0p54__z1p05__lam0p010__nu0p50__psi1p00,hardzero_plus_depr,0.03,39,370,0.0,2,0.19423626,0.1943333,0.9983782,0.10037413,0.10037413,1.0,9.703821e-05,0.0009667651,-27.052593,2.196476,0.73215866,0.2,0.0,0.12729263,3.434997,3.444997,1187200
hardzero_plus_depr__c0p54__z1p05__lam0p010__nu0p50__psi1p00,hardzero_plus_depr,0.03,39,371,0.0,2,0.1943333,0.19443385,0.9785682,0.10505864,0.10505864,1.0,0.000100556426,0.0009571457,-27.12475,2.152893,0.71763104,0.18400002,0.0,0.15440354,3.444997,3.454997,1190400
hardzero_plus_depr__c0p54__z1p05__lam0p010__nu0p50__psi1p00,hardzero_plus_depr,0.03,39,372,0.0,2,0.19443385,0.19452192,1.0318117,0.092936926,0.092936926,1.0,8.806906e-05,0.0009476218,-27.504744,2.270031,0.75667703,0.18400002,0.0,0.1446107,3.454997,3.464997,1193600
hardzero_plus_depr__c0p54__z1p05__lam0p010__nu0p50__psi1p00,hardzero_plus_depr,0.03,39,373,0.0,2,0.19452192,0.19461387,1.0087061,0.09801531,0.09801531,1.0,9.195726e-05,0.0009381929,-27.019642,2.2191978,0.7397326,0.136,0.0,0.14737092,3.464997,3.474997,1196800
hardzero_plus_depr__c0p54__z1p05__lam0p010__nu0p50__psi1p00,hardzero_plus_depr,0.03,39,374,0.0,2,0.19461387,0.19469863,1.0397803,0.091247246,0.091247246,1.0,8.475572e-05,0.0009288578,-27.326015,2.2875621,0.76252073,0.14400001,0.0,0.14699623,3.474997,3.484997,1200000
hardzero_plus_depr__c0p54__z1p05__lam0p010__nu0p50__psi1p00,hardzero_plus_depr,0.03,39,375,0.0,2,0.19469863,0.19479631,0.97380924,0.10621621,0.10621621,1.0,9.7678065e-05,0.00091961544,-26.23109,2.1424232,0.7141411,0.16000001,0.0,0.1394102,3.484997,3.494997,1203200
hardzero_plus_depr__c0p54__z1p05__lam0p010__nu0p50__psi1p00,hardzero_plus_depr,0.03,39,376,0.0,2,0.19479631,0.19488339,1.0193107,0.09565094,0.09565094,1.0,8.7086846e-05,0.00091046514,-27.260317,2.2425284,0.7475095,0.17600001,0.0,0.1542241,3.494997,3.504997,1206400
hardzero_plus_depr__c0p54__z1p05__lam0p010__nu0p50__psi1p00,hardzero_plus_depr,0.03,39,377,0.0,2,0.19488339,0.19488339,1.0626855,0.0,0.08655945,0.0,0.0,0.0009014059,-27.279837,2.3379548,0.7793183,0.17,0.0,0.1338322,3.504997,3.514997,1209600
hardzero_plus_depr__c0p54__z1p05__lam0p010__nu0p50__psi1p00,hardzero_plus_depr,0.03,39,378,0.0,2,0.19488339,0.19497354,0.9955903,0.10102052,0.10102052,1.0,9.0154426e-05,0.0008924368,-27.02517,2.1903424,0.73011416,0.16800001,0.0,0.14978017,3.514997,3.524997,1212800
hardzero_plus_depr__c0p54__z1p05__lam0p010__nu0p50__psi1p00,hardzero_plus_depr,0.03,39,379,0.0,2,0.19497354,0.19497354,1.0916481,0.0,0.08097517,0.0,0.0,0.0008835569,-28.649332,2.4016738,0.800558,0.16800001,0.0,0.16958068,3.524997,3.534997,1216000
hardzero_plus_depr__c0p54__z1p05__lam0p010__nu0p50__psi1p00,hardzero_plus_depr,0.03,39,380,0.0,2,0.19497354,0.19506587,0.97656226,0.10554502,0.10554502,1.0,9.232713e-05,0.00087476533,-26.911367,2.14848,0.71616,0.17600001,0.0,0.14280851,3.534997,3.544997,1219200
hardzero_plus_depr__c0p54__z1p05__lam0p010__nu0p50__psi1p00,hardzero_plus_depr,0.03,39,381,0.0,2,0.19506587,0.19514953,1.015026,0.0965993,0.0965993,1.0,8.366091e-05,0.00086606125,-27.83222,2.2331016,0.74436724,0.16800001,0.0,0.14532219,3.544997,3.554997,1222400
hardzero_plus_depr__c0p54__z1p05__lam0p010__nu0p50__psi1p00,hardzero_plus_depr,0.03,39,382,0.0,2,0.19514953,0.1952393,0.980028,0.104706116,0.104706116,1.0,8.9779605e-05,0.0008574438,-26.738235,2.1561046,0.71870154,0.17600001,0.0,0.1696164,3.554997,3.564997,1225600
hardzero_plus_depr__c0p54__z1p05__lam0p010__nu0p50__psi1p00,hardzero_plus_depr,0.03,39,383,0.0,2,0.1952393,0.19531947,1.0248876,0.09443052,0.09443052,1.0,8.016321e-05,0.0008489121,-28.038544,2.2547977,0.75159925,0.16800001,0.0,0.15372959,3.564997,3.574997,1228800
hardzero_plus_depr__c0p54__z1p05__lam0p010__nu0p50__psi1p00,hardzero_plus_depr,0.03,39,384,0.0,2,0.19531947,0.19531947,1.0749037,0.0,0.08415816,0.0,0.0,0.0008404653,-28.40116,2.3648355,0.7882785,0.104,0.0,0.14443491,3.574997,3.584997,1232000
hardzero_plus_depr__c0p54__z1p05__lam0p010__nu0p50__psi1p00,hardzero_plus_depr,0.03,39,385,0.0,2,0.19531947,0.19540232,1.0018709,0.09957014,0.09957014,1.0,8.2852566e-05,0.00083210255,-26.854673,2.20416,0.73472,0.192,0.0,0.15088028,3.584997,3.594997,1235200
hardzero_plus_depr__c0p54__z1p05__lam0p010__nu0p50__psi1p00,hardzero_plus_depr,0.03,39,386,0.0,2,0.19540232,0.19548334,1.0072528,0.09834384,0.09834384,1.0,8.101792e-05,0.00082382304,-27.150135,2.2160003,0.7386668,0.136,0.0,0.13452072,3.594997,3.604997,1238400
hardzero_plus_depr__c0p54__z1p05__lam0p010__nu0p50__psi1p00,hardzero_plus_depr,0.03,39,387,0.0,2,0.19548334,0.1955651,0.9989476,0.10024262,0.10024262,1.0,8.1760474e-05,0.0008156259,-26.676464,2.1977286,0.73257625,0.15200001,0.0,0.13023227,3.604997,3.614997,1241600
hardzero_plus_depr__c0p54__z1p05__lam0p010__nu0p50__psi1p00,hardzero_plus_depr,0.03,39,388,0.0,2,0.1955651,0.19564307,1.0152348,0.09655286,0.09655286,1.0,7.796742e-05,0.0008075102,-26.797794,2.2335613,0.7445204,0.112,0.0,0.13422626,3.614997,3.624997,1244800
hardzero_plus_depr__c0p54__z1p05__lam0p010__nu0p50__psi1p00,hardzero_plus_depr,0.03,39,389,0.0,2,0.19564307,0.19571719,1.0328523,0.0927145,0.0927145,1.0,7.412297e-05,0.0007994754,-27.696007,2.2723205,0.7574402,0.128,0.0,0.13905773,3.624997,3.634997,1248000
hardzero_plus_depr__c0p54__z1p05__lam0p010__nu0p50__psi1p00,hardzero_plus_depr,0.03,39,390,0.0,2,0.19571719,0.19579257,1.0211484,0.09524705,0.09524705,1.0,7.538999e-05,0.00079152046,-26.118881,2.2465715,0.7488572,0.049999997,0.0,0.15003766,3.634997,3.644997,1251200
hardzero_plus_depr__c0p54__z1p05__lam0p010__nu0p50__psi1p00,hardzero_plus_depr,0.03,39,391,0.0,2,0.19579257,0.19587441,0.98119974,0.10442398,0.10442398,1.0,8.18313e-05,0.00078364473,-26.304665,2.1586826,0.71956086,0.136,0.0,0.16356519,3.644997,3.6549969,1254400
hardzero_plus_depr__c0p54__z1p05__lam0p010__nu0p50__psi1p00,hardzero_plus_depr,0.03,39,392,0.0,2,0.19587441,0.19595572,0.9795963,0.10481024,0.10481024,1.0,8.131674e-05,0.00077584735,-27.23696,2.155155,0.718385,0.15200001,0.0,0.13240469,3.6549969,3.6649969,1257600
hardzero_plus_depr__c0p54__z1p05__lam0p010__nu0p50__psi1p00,hardzero_plus_depr,0.03,39,393,0.0,2,0.19595572,0.19595572,1.0620662,0.0,0.086682975,0.0,0.0,0.00076812756,-27.73869,2.3365922,0.7788641,0.15200001,0.0,0.14182192,3.6649969,3.6749969,1260800
hardzero_plus_depr__c0p54__z1p05__lam0p010__nu0p50__psi1p00,hardzero_plus_depr,0.03,39,394,0.0,2,0.19595572,0.19602852,1.0190237,0.095714174,0.095714174,1.0,7.278915e-05,0.00076048455,-27.365742,2.2418969,0.74729896,0.16000001,0.0,0.16533478,3.6749969,3.6849968,1264000
hardzero_plus_depr__c0p54__z1p05__lam0p010__nu0p50__psi1p00,hardzero_plus_depr,0.03,39,395,0.0,2,0.19602852,0.19610438,0.99673265,0.10075516,0.10075516,1.0,7.5860335e-05,0.0007529176,-26.782013,2.1928556,0.7309519,0.192,0.0,0.16534844,3.6849968,3.6949968,1267200
hardzero_plus_depr__c0p54__z1p05__lam0p010__nu0p50__psi1p00,hardzero_plus_depr,0.03,39,396,0.0,2,0.19610438,0.19617382,1.0308203,0.093149334,0.093149334,1.0,6.9435926e-05,0.00074542593,-27.498411,2.26785,0.75595,0.208,0.0,0.1345397,3.6949968,3.7049968,1270400
hardzero_plus_depr__c0p54__z1p05__lam0p010__nu0p50__psi1p00,hardzero_plus_depr,0.03,39,397,0.0,2,0.19617382,0.19624917,0.99094266,0.102107406,0.102107406,1.0,7.535617e-05,0.0007380089,-27.136396,2.1801174,0.7267058,0.14400001,0.0,0.1493614,3.7049968,3.7149968,1273600
hardzero_plus_depr__c0p54__z1p05__lam0p010__nu0p50__psi1p00,hardzero_plus_depr,0.03,39,398,0.0,2,0.19624917,0.19624917,1.0502543,0.0,0.08907292,0.0,0.0,0.0007306656,-27.272148,2.3106058,0.7702019,0.18400002,0.0,0.159385,3.7149968,3.7249968,1276800
hardzero_plus_depr__c0p54__z1p05__lam0p010__nu0p50__psi1p00,hardzero_plus_depr,0.03,39,399,0.0,2,0.19624917,0.19631423,1.0460597,0.08993739,0.08993739,1.0,6.506029e-05,0.0007233953,-27.6093,2.3013773,0.7671258,0.15200001,0.0,0.15060759,3.7249968,3.7349968,1280000
hardzero_plus_depr__c0p54__z1p05__lam0p010__nu0p50__psi1p00,hardzero_plus_depr,0.03,39,400,0.0,2,0.19631423,0.19639368,0.9549015,0.11094264,0.11094264,1.0,7.945684e-05,0.0007161975,-26.70892,2.1008253,0.7002751,0.2,0.0,0.13203876,3.7349968,3.7449968,1283200
hardzero_plus_depr__c0p54__z1p05__lam0p010__nu0p50__psi1p00,hardzero_plus_depr,0.03,39,401,0.0,2,0.19639368,0.19645952,1.0322225,0.092849046,0.092849046,1.0,6.583658e-05,0.0007090712,-27.298206,2.2709348,0.7569783,0.15200001,0.0,0.15220943,3.7449968,3.7549968,1286400
hardzero_plus_depr__c0p54__z1p05__lam0p010__nu0p50__psi1p00,hardzero_plus_depr,0.03,39,402,0.0,2,0.19645952,0.19652982,0.99938226,0.100142345,0.100142345,1.0,7.03015e-05,0.00070201576,-26.529295,2.198685,0.732895,0.14400001,0.0,0.13482863,3.7549968,3.7649968,1289600
hardzero_plus_depr__c0p54__z1p05__lam0p010__nu0p50__psi1p00,hardzero_plus_depr,0.03,39,403,0.0,2,0.19652982,0.19660941,0.94113606,0.11451542,0.11451542,1.0,7.9591715e-05,0.00069503055,-25.773062,2.0705407,0.69018024,0.22999999,0.0,0.109252885,3.7649968,3.7749968,1292800
hardzero_plus_depr__c0p54__z1p05__lam0p010__nu0p50__psi1p00,hardzero_plus_depr,0.03,39,404,0.0,2,0.19660941,0.19668172,0.97838694,0.10510249,0.10510249,1.0,7.23226e-05,0.00068811496,-26.037058,2.1524942,0.71749806,0.17600001,0.0,0.1316969,3.7749968,3.7849967,1296000
hardzero_plus_depr__c0p54__z1p05__lam0p010__nu0p50__psi1p00,hardzero_plus_depr,0.03,39,405,0.0,2,0.19668172,0.19674589,1.0260569,0.09417661,0.09417661,1.0,6.4159525e-05,0.0006812681,-27.389036,2.2573702,0.7524568,0.136,0.0,0.15008716,3.7849967,3.7949967,1299200
hardzero_plus_depr__c0p54__z1p05__lam0p010__nu0p50__psi1p00,hardzero_plus_depr,0.03,39,406,0.0,2,0.19674589,0.19682193,0.9479415,0.112734936,0.112734936,1.0,7.6038516e-05,0.00067448936,-25.768517,2.0855129,0.695171,0.208,0.0,0.1302035,3.7949967,3.8049967,1302400
hardzero_plus_depr__c0p54__z1p05__lam0p010__nu0p50__psi1p00,hardzero_plus_depr,0.03,39,407,0.0,2,0.19682193,0.196886,1.0179026,0.09596158,0.09596158,1.0,6.408105e-05,0.00066777813,-26.820509,2.2394304,0.7464768,0.136,0.0,0.14821169,3.8049967,3.8149967,1305600
hardzero_plus_depr__c0p54__z1p05__lam0p010__nu0p50__psi1p00,hardzero_plus_depr,0.03,39,408,0.0,2,0.196886,0.19694877,1.0225356,0.094943315,0.094943315,1.0,6.277022e-05,0.0006611336,-28.57083,2.249623,0.74987435,0.15200001,0.0,0.16355912,3.8149967,3.8249967,1308800
hardzero_plus_depr__c0p54__z1p05__lam0p010__nu0p50__psi1p00,hardzero_plus_depr,0.03,39,409,0.0,2,0.19694877,0.19700776,1.0451559,0.090124756,0.090124756,1.0,5.8991624e-05,0.00065455516,-27.233849,2.299389,0.766463,0.17600001,0.0,0.14933038,3.8249967,3.8349967,1312000
hardzero_plus_depr__c0p54__z1p05__lam0p010__nu0p50__psi1p00,hardzero_plus_depr,0.03,39,410,0.0,2,0.19700776,0.19708018,0.9517058,0.11176201,0.11176201,1.0,7.242651e-05,0.0006480423,-25.654224,2.0937946,0.6979315,0.17600001,0.0,0.1280145,3.8349967,3.8449967,1315200
hardzero_plus_depr__c0p54__z1p05__lam0p010__nu0p50__psi1p00,hardzero_plus_depr,0.03,39,411,0.0,2,0.19708018,0.19714557,0.9917809,0.10191053,0.10191053,1.0,6.5385204e-05,0.0006415942,-26.730318,2.1819615,0.72732055,0.136,0.0,0.11934982,3.8449967,3.8549967,1318400
hardzero_plus_depr__c0p54__z1p05__lam0p010__nu0p50__psi1p00,hardzero_plus_depr,0.03,39,412,0.0,2,0.19714557,0.19720562,1.0243806,0.094540834,0.094540834,1.0,6.0053306e-05,0.00063521025,-26.924017,2.2536821,0.7512274,0.104,0.0,0.13242239,3.8549967,3.8649967,1321600
hardzero_plus_depr__c0p54__z1p05__lam0p010__nu0p50__psi1p00,hardzero_plus_depr,0.03,39,413,0.0,2,0.19720562,0.19727185,0.97745556,0.105328135,0.105328135,1.0,6.623979e-05,0.0006288898,-26.980177,2.1504452,0.7168151,0.17600001,0.0,0.13154365,3.8649967,3.8749967,1324800
hardzero_plus_depr__c0p54__z1p05__lam0p010__nu0p50__psi1p00,hardzero_plus_depr,0.03,39,414,0.0,2,0.19727185,0.19733143,1.0191594,0.09568427,0.09568427,1.0,5.957611e-05,0.0006226322,-27.96486,2.2421956,0.74739856,0.16000001,0.0,0.15670802,3.8749967,3.8849967,1328000
hardzero_plus_depr__c0p54__z1p05__lam0p010__nu0p50__psi1p00,hardzero_plus_depr,0.03,39,415,0.0,2,0.19733143,0.19738786,1.0383525,0.09154772,0.09154772,1.0,5.6433397e-05,0.00061643694,-27.826767,2.284421,0.76147366,0.120000005,0.0,0.13217883,3.8849967,3.8949966,1331200
hardzero_plus_depr__c0p54__z1p05__lam0p010__nu0p50__psi1p00,hardzero_plus_depr,0.03,39,416,0.0,2,0.19738786,0.19744478,1.0302657,0.09326836,0.09326836,1.0,5.692199e-05,0.0006103033,-27.161076,2.2666297,0.75554323,0.17,0.0,0.13981315,3.8949966,3.9049966,1334400
hardzero_plus_depr__c0p54__z1p05__lam0p010__nu0p50__psi1p00,hardzero_plus_depr,0.03,39,417,0.0,2,0.19744478,0.19744478,1.064761,0.0,0.08614677,0.0,0.0,0.0006042307,-28.378544,2.3425212,0.7808404,0.16800001,0.0,0.15955259,3.9049966,3.9149966,1337600
hardzero_plus_depr__c0p54__z1p05__lam0p010__nu0p50__psi1p00,hardzero_plus_depr,0.03,39,418,0.0,2,0.19744478,0.19749874,1.0448263,0.090193175,0.090193175,1.0,5.3955224e-05,0.00059821847,-27.360401,2.2986636,0.7662212,0.15200001,0.008,0.17860986,3.9149966,3.9249966,1340800
hardzero_plus_depr__c0p54__z1p05__lam0p010__nu0p50__psi1p00,hardzero_plus_depr,0.03,39,419,0.0,2,0.19749874,0.19755663,1.0099583,0.09773312,0.09773312,1.0,5.788401e-05,0.0005922661,-26.705902,2.2219524,0.74065083,0.15200001,0.0,0.15212782,3.9249966,3.9349966,1344000
hardzero_plus_depr__c0p54__z1p05__lam0p010__nu0p50__psi1p00,hardzero_plus_depr,0.03,39,420,0.0,2,0.19755663,0.19762266,0.94845015,0.112602964,0.112602964,1.0,6.6027336e-05,0.000586373,-25.770887,2.086632,0.695544,0.216,0.0,0.11500038,3.9349966,3.9449966,1347200
hardzero_plus_depr__c0p54__z1p05__lam0p010__nu0p50__psi1p00,hardzero_plus_depr,0.03,39,421,0.0,2,0.19762266,0.19767605,1.0364009,0.09196002,0.09196002,1.0,5.3386324e-05,0.0005805384,-27.840416,2.2801275,0.76004255,0.14400001,0.0,0.1481617,3.9449966,3.9549966,1350400
hardzero_plus_depr__c0p54__z1p05__lam0p010__nu0p50__psi1p00,hardzero_plus_depr,0.03,39,422,0.0,2,0.19767605,0.19767605,1.0678586,0.0,0.085534506,0.0,0.0,0.000574762,-26.797667,2.3493357,0.78311193,0.16000001,0.0,0.16697398,3.9549966,3.9649966,1353600
hardzero_plus_depr__c0p54__z1p05__lam0p010__nu0p50__psi1p00,hardzero_plus_depr,0.03,39,423,0.0,2,0.19767605,0.19773205,1.0069919,0.09840295,0.09840295,1.0,5.599551e-05,0.00056904304,-26.959688,2.2154264,0.7384755,0.16800001,0.0,0.15406406,3.9649966,3.9749966,1356800
hardzero_plus_depr__c0p54__z1p05__lam0p010__nu0p50__psi1p00,hardzero_plus_depr,0.03,39,424,0.0,2,0.19773205,0.19778597,1.0189452,0.09573148,0.09573148,1.0,5.3933294e-05,0.00056338095,-27.202265,2.2417243,0.74724144,0.112,0.0,0.15224032,3.9749966,3.9849966,1360000
hardzero_plus_depr__c0p54__z1p05__lam0p010__nu0p50__psi1p00,hardzero_plus_depr,0.03,39,425,0.0,2,0.19778597,0.19783744,1.0348707,0.09228459,0.09228459,1.0,5.147406e-05,0.00055777526,-27.047195,2.276761,0.7589204,0.17600001,0.0,0.15910406,3.9849966,3.9949965,1363200
hardzero_plus_depr__c0p54__z1p05__lam0p010__nu0p50__psi1p00,hardzero_plus_depr,0.03,39,426,0.0,2,0.19783744,0.19788833,1.0355635,0.092137516,0.092137516,1.0,5.088067e-05,0.00055222533,-27.618427,2.278285,0.7594284,0.112,0.0,0.16088006,3.9949965,4.004997,1366400
hardzero_plus_depr__c0p54__z1p05__lam0p010__nu0p50__psi1p00,hardzero_plus_depr,0.03,39,427,0.0,2,0.19788833,0.19788833,1.0945387,0.0,0.08043801,0.0,0.0,0.0005467304,-29.304802,2.4080331,0.80267775,0.14400001,0.0,0.15458441,4.004997,4.014997,1369600
hardzero_plus_depr__c0p54__z1p05__lam0p010__nu0p50__psi1p00,hardzero_plus_depr,0.03,39,428,0.0,2,0.19788833,0.19793975,1.0223079,0.09499311,0.09499311,1.0,5.1418843e-05,0.00054129027,-27.725998,2.2491221,0.7497074,0.136,0.0,0.13886088,4.014997,4.024997,1372800
hardzero_plus_depr__c0p54__z1p05__lam0p010__nu0p50__psi1p00,hardzero_plus_depr,0.03,39,429,0.0,2,0.19793975,0.19799535,0.9839891,0.103755444,0.103755444,1.0,5.5602977e-05,0.0005359042,-26.592104,2.1648192,0.72160643,0.14,0.0,0.15272164,4.024997,4.0349975,1376000
hardzero_plus_depr__c0p54__z1p05__lam0p010__nu0p50__psi1p00,hardzero_plus_depr,0.03,39,430,0.0,2,0.19799535,0.19805254,0.96746266,0.107779786,0.107779786,1.0,5.718491e-05,0.00053057173,-26.943985,2.1284604,0.70948684,0.18400002,0.0,0.13988672,4.0349975,4.0449977,1379200
hardzero_plus_depr__c0p54__z1p05__lam0p010__nu0p50__psi1p00,hardzero_plus_depr,0.03,39,431,0.0,2,0.19805254,0.19810036,1.0407995,0.09103335,0.09103335,1.0,4.781912e-05,0.00052529236,-27.355587,2.2898047,0.76326823,0.16800001,0.0,0.16267526,4.0449977,4.054998,1382400
hardzero_plus_depr__c0p54__z1p05__lam0p010__nu0p50__psi1p00,hardzero_plus_depr,0.03,39,432,0.0,2,0.19810036,0.19815546,0.9749139,0.10594638,0.10594638,1.0,5.5099048e-05,0.0005200654,-27.551601,2.1448534,0.71495116,0.2,0.0,0.1345706,4.054998,4.064998,1385600
hardzero_plus_depr__c0p54__z1p05__lam0p010__nu0p50__psi1p00,hardzero_plus_depr,0.03,39,433,0.0,2,0.19815546,0.1982065,1.0038396,0.0991198,0.0991198,1.0,5.103586e-05,0.00051489065,-27.161224,2.2084913,0.7361638,0.192,0.0,0.15994503,4.064998,4.0749984,1388800
hardzero_plus_depr__c0p54__z1p05__lam0p010__nu0p50__psi1p00,hardzero_plus_depr,0.03,39,434,0.0,2,0.1982065,0.1982531,1.0390003,0.091411255,0.091411255,1.0,4.6598467e-05,0.00050976727,-28.235329,2.2858462,0.76194876,0.104,0.0,0.14302677,4.0749984,4.0849986,1392000
hardzero_plus_depr__c0p54__z1p05__lam0p010__nu0p50__psi1p00,hardzero_plus_depr,0.03,39,435,0.0,2,0.1982531,0.1983058,0.9811344,0.10443969,0.10443969,1.0,5.271017e-05,0.0005046948,-27.207342,2.1585388,0.71951294,0.18400002,0.0,0.14482732,4.0849986,4.094999,1395200
hardzero_plus_depr__c0p54__z1p05__lam0p010__nu0p50__psi1p00,hardzero_plus_depr,0.03,39,436,0.0,2,0.1983058,0.1983058,1.056873,0.0,0.08772574,0.0,0.0,0.000499673,-27.76286,2.325167,0.77505565,0.136,0.0,0.16382699,4.094999,4.104999,1398400
hardzero_plus_depr__c0p54__z1p05__lam0p010__nu0p50__psi1p00,hardzero_plus_depr,0.03,39,437,0.0,2,0.1983058,0.1983058,1.0628208,0.0,0.08653249,0.0,0.0,0.00049470103,-27.97919,2.3382525,0.7794175,0.23200001,0.0,0.16982655,4.104999,4.1149993,1401600
hardzero_plus_depr__c0p54__z1p05__lam0p010__nu0p50__psi1p00,hardzero_plus_depr,0.03,39,438,0.0,2,0.1983058,0.19835426,1.0046884,0.09892627,0.09892627,1.0,4.8451966e-05,0.0004897786,-26.812897,2.2103586,0.73678625,0.14400001,0.0,0.17227432,4.1149993,4.1249995,1404800
hardzero_plus_depr__c0p54__z1p05__lam0p010__nu0p50__psi1p00,hardzero_plus_depr,0.03,39,439,0.0,2,0.19835426,0.19840351,0.99327195,0.10156126,0.10156126,1.0,4.924757e-05,0.00048490506,-26.373209,2.185242,0.728414,0.18400002,0.0,0.13489057,4.1249995,4.1349998,1408000
hardzero_plus_depr__c0p54__z1p05__lam0p010__nu0p50__psi1p00,hardzero_plus_depr,0.03,39,440,0.0,2,0.19840351,0.19840351,1.0628253,0.0,0.08653158,0.0,0.0,0.00048008002,-28.482536,2.3382623,0.7794208,0.096,0.0,0.1642384,4.1349998,4.145,1411200
hardzero_plus_depr__c0p54__z1p05__lam0p010__nu0p50__psi1p00,hardzero_plus_depr,0.03,39,441,0.0,2,0.19840351,0.19840351,1.0657449,0.0,0.08595183,0.0,0.0,0.00047530307,-26.939936,2.3446856,0.78156185,0.2,0.008,0.14598066,4.145,4.155,1414400
hardzero_plus_depr__c0p54__z1p05__lam0p010__nu0p50__psi1p00,hardzero_plus_depr,0.03,39,442,0.0,2,0.19840351,0.19845097,0.9962854,0.100858994,0.100858994,1.0,4.746158e-05,0.0004705736,-26.30909,2.1918716,0.7306239,0.17999999,0.0,0.15450463,4.155,4.1650004,1417600
hardzero_plus_depr__c0p54__z1p05__lam0p010__nu0p50__psi1p00,hardzero_plus_depr,0.03,39,443,0.0,2,0.19845097,0.19845097,1.0732902,0.0,0.08447142,0.0,0.0,0.00046589124,-27.980843,2.3612857,0.78709525,0.072000004,0.0,0.14226978,4.1650004,4.1750007,1420800
hardzero_plus_depr__c0p54__z1p05__lam0p010__nu0p50__psi1p00,hardzero_plus_depr,0.03,39,444,0.0,2,0.19845097,0.19849929,0.9797202,0.10478033,0.10478033,1.0,4.83305e-05,0.00046125546,-26.70041,2.1554275,0.7184758,0.120000005,0.0,0.11573019,4.1750007,4.185001,1424000
hardzero_plus_depr__c0p54__z1p05__lam0p010__nu0p50__psi1p00,hardzero_plus_depr,0.03,39,445,0.0,2,0.19849929,0.19855116,0.94462353,0.11359952,0.11359952,1.0,5.187701e-05,0.00045666576,-25.559937,2.0782132,0.69273776,0.17600001,0.008,0.13085544,4.185001,4.195001,1427200
hardzero_plus_depr__c0p54__z1p05__lam0p010__nu0p50__psi1p00,hardzero_plus_depr,0.03,39,446,0.0,2,0.19855116,0.1985944,1.0193557,0.09564105,0.09564105,1.0,4.32414e-05,0.00045212178,-27.087246,2.2426271,0.7475424,0.104,0.0,0.12860714,4.195001,4.2050014,1430400
hardzero_plus_depr__c0p54__z1p05__lam0p010__nu0p50__psi1p00,hardzero_plus_depr,0.03,39,447,0.0,2,0.1985944,0.19863929,0.998841,0.10026722,0.10026722,1.0,4.488191e-05,0.00044762297,-26.794197,2.197494,0.73249805,0.064,0.0,0.13236657,4.2050014,4.2150016,1433600
hardzero_plus_depr__c0p54__z1p05__lam0p010__nu0p50__psi1p00,hardzero_plus_depr,0.03,39,448,0.0,2,0.19863929,0.19863929,1.0669823,0.0,0.085707285,0.0,0.0,0.00044316892,-27.739473,2.3474078,0.7824693,0.136,0.0,0.14355467,4.2150016,4.225002,1436800
hardzero_plus_depr__c0p54__z1p05__lam0p010__nu0p50__psi1p00,hardzero_plus_depr,0.03,39,449,0.0,2,0.19863929,0.19868475,0.98462325,0.103604056,0.103604056,1.0,4.5457236e-05,0.00043875925,-26.005156,2.1662145,0.7220715,0.23200001,0.0,0.11208257,4.225002,4.235002,1440000
hardzero_plus_depr__c0p54__z1p05__lam0p010__nu0p50__psi1p00,hardzero_plus_depr,0.03,39,450,0.0,2,0.19868475,0.19872433,1.0403851,0.09112024,0.09112024,1.0,3.9582035e-05,0.00043439344,-27.472637,2.288893,0.76296437,0.15200001,0.0,0.13619742,4.235002,4.2450023,1443200
hardzero_plus_depr__c0p54__z1p05__lam0p010__nu0p50__psi1p00,hardzero_plus_depr,0.03,39,451,0.0,2,0.19872433,0.19876908,0.98271435,0.10406043,0.10406043,1.0,4.4753375e-05,0.00043007103,-26.733011,2.1620147,0.7206716,0.15200001,0.0,0.12045615,4.2450023,4.2550025,1446400
hardzero_plus_depr__c0p54__z1p05__lam0p010__nu0p50__psi1p00,hardzero_plus_depr,0.03,39,452,0.0,2,0.19876908,0.19880877,1.0305009,0.09321784,0.09321784,1.0,3.969138e-05,0.00042579166,-28.07421,2.2671473,0.7557158,0.14400001,0.0,0.17708392,4.2550025,4.2650027,1449600
hardzero_plus_depr__c0p54__z1p05__lam0p010__nu0p50__psi1p00,hardzero_plus_depr,0.03,39,453,0.0,2,0.19880877,0.19884853,1.025432,0.09431222,0.09431222,1.0,3.975777e-05,0.00042155484,-26.97668,2.2559955,0.75199854,0.128,0.0,0.1639564,4.2650027,4.275003,1452800
hardzero_plus_depr__c0p54__z1p05__lam0p010__nu0p50__psi1p00,hardzero_plus_depr,0.03,39,454,0.0,2,0.19884853,0.19889012,1.0014871,0.09965817,0.09965817,1.0,4.1593354e-05,0.00041736022,-26.508749,2.2033157,0.7344386,0.16000001,0.0,0.14403406,4.275003,4.285003,1456000
hardzero_plus_depr__c0p54__z1p05__lam0p010__nu0p50__psi1p00,hardzero_plus_depr,0.03,39,455,0.0,2,0.19889012,0.19893186,0.9955575,0.10102818,0.10102818,1.0,4.1745585e-05,0.00041320734,-26.42682,2.1902702,0.7300901,0.14999999,0.0,0.12534602,4.285003,4.2950034,1459200
hardzero_plus_depr__c0p54__z1p05__lam0p010__nu0p50__psi1p00,hardzero_plus_depr,0.03,39,456,0.0,2,0.19893186,0.19896998,1.0306535,0.09318511,0.09318511,1.0,3.8121634e-05,0.00040909575,-27.767033,2.267483,0.75582767,0.14400001,0.0,0.15393992,4.2950034,4.3050036,1462400
hardzero_plus_depr__c0p54__z1p05__lam0p010__nu0p50__psi1p00,hardzero_plus_depr,0.03,39,457,0.0,2,0.19896998,0.19901459,0.95805377,0.11014029,0.11014029,1.0,4.460958e-05,0.0004050251,-25.572678,2.1077604,0.7025868,0.18400002,0.0,0.13979991,4.3050036,4.315004,1465600
hardzero_plus_depr__c0p54__z1p05__lam0p010__nu0p50__psi1p00,hardzero_plus_depr,0.03,39,458,0.0,2,0.19901459,0.19905482,0.99849135,0.10034798,0.10034798,1.0,4.023903e-05,0.0004009949,-26.444168,2.196725,0.73224163,0.064,0.0,0.123516366,4.315004,4.325004,1468800
hardzero_plus_depr__c0p54__z1p05__lam0p010__nu0p50__psi1p00,hardzero_plus_depr,0.03,39,459,0.0,2,0.19905482,0.19909397,1.0061526,0.09859328,0.09859328,1.0,3.9142014e-05,0.0003970049,-26.909817,2.21358,0.73785996,0.16800001,0.0,0.13049474,4.325004,4.3350043,1472000
hardzero_plus_depr__c0p54__z1p05__lam0p010__nu0p50__psi1p00,hardzero_plus_depr,0.03,39,460,0.0,2,0.19909397,0.19913006,1.0371237,0.09180711,0.09180711,1.0,3.6085203e-05,0.00039305454,-28.126736,2.2817178,0.7605726,0.15200001,0.0,0.17329687,4.3350043,4.3450046,1475200
hardzero_plus_depr__c0p54__z1p05__lam0p010__nu0p50__psi1p00,hardzero_plus_depr,0.03,39,461,0.0,2,0.19913006,0.19916496,1.047215,0.08969847,0.08969847,1.0,3.4905574e-05,0.00038914348,-28.191935,2.303919,0.76797307,0.17600001,0.0,0.1836922,4.3450046,4.355005,1478400
hardzero_plus_depr__c0p54__z1p05__lam0p010__nu0p50__psi1p00,hardzero_plus_depr,0.03,39,462,0.0,2,0.19916496,0.19920528,0.98020786,0.10466273,0.10466273,1.0,4.0323554e-05,0.00038527136,-26.318684,2.1565003,0.71883345,0.096,0.0,0.14263311,4.355005,4.365005,1481600
hardzero_plus_depr__c0p54__z1p05__lam0p010__nu0p50__psi1p00,hardzero_plus_depr,0.03,39,463,0.0,2,0.19920528,0.19924657,0.96556395,0.10825201,0.10825201,1.0,4.1291398e-05,0.0003814377,-26.026707,2.124283,0.70809436,0.15200001,0.0,0.14492865,4.365005,4.3750052,1484800
hardzero_plus_depr__c0p54__z1p05__lam0p010__nu0p50__psi1p00,hardzero_plus_depr,0.03,39,464,0.0,2,0.19924657,0.19928549,0.9868904,0.10306461,0.10306461,1.0,3.8921557e-05,0.0003776423,-26.13636,2.1712022,0.7237341,0.17600001,0.0,0.1276586,4.3750052,4.3850055,1488000
hardzero_plus_depr__c0p54__z1p05__lam0p010__nu0p50__psi1p00,hardzero_plus_depr,0.03,39,465,0.0,2,0.19928549,0.19928549,1.0641986,0.0,0.08625838,0.0,0.0,0.0003738846,-27.945005,2.3412838,0.78042793,0.112,0.0,0.15858302,4.3850055,4.3950057,1491200
hardzero_plus_depr__c0p54__z1p05__lam0p010__nu0p50__psi1p00,hardzero_plus_depr,0.03,39,466,0.0,2,0.19928549,0.19932279,0.9967593,0.10074899,0.10074899,1.0,3.729368e-05,0.0003701643,-27.429787,2.1929142,0.73097146,0.16000001,0.0,0.1611843,4.3950057,4.405006,1494400
hardzero_plus_depr__c0p54__z1p05__lam0p010__nu0p50__psi1p00,hardzero_plus_depr,0.03,39,467,0.0,2,0.19932279,0.19936478,0.94091976,0.11457246,0.11457246,1.0,4.1988627e-05,0.000366481,-25.820595,2.0700648,0.69002163,0.272,0.008,0.13602684,4.405006,4.415006,1497600
hardzero_plus_depr__c0p54__z1p05__lam0p010__nu0p50__psi1p00,hardzero_plus_depr,0.03,39,468,0.0,2,0.19936478,0.19940016,1.0109364,0.097513236,0.097513236,1.0,3.5381152e-05,0.00036283437,-27.320698,2.2241044,0.7413682,0.089999996,0.0,0.15915303,4.415006,4.4250064,1500800
hardzero_plus_depr__c0p54__z1p05__lam0p010__nu0p50__psi1p00,hardzero_plus_depr,0.03,39,469,0.0,2,0.19940016,0.19940016,1.0840915,0.0,0.08239645,0.0,0.0,0.00035922407,-27.890965,2.385049,0.7950164,0.15200001,0.0,0.14650871,4.4250064,4.4350066,1504000
hardzero_plus_depr__c0p54__z1p05__lam0p010__nu0p50__psi1p00,hardzero_plus_depr,0.03,39,470,0.0,2,0.19940016,0.19943449,1.0153644,0.09652407,0.09652407,1.0,3.4328747e-05,0.00035564962,-27.314032,2.2338464,0.7446155,0.192,0.0,0.16711709,4.4350066,4.445007,1507200
hardzero_plus_depr__c0p54__z1p05__lam0p010__nu0p50__psi1p00,hardzero_plus_depr,0.03,39,471,0.0,2,0.19943449,0.19946791,1.0226747,0.094912924,0.094912924,1.0,3.3419863e-05,0.00035211077,-27.620316,2.2499292,0.7499764,0.16800001,0.0,0.13584274,4.445007,4.455007,1510400
hardzero_plus_depr__c0p54__z1p05__lam0p010__nu0p50__psi1p00,hardzero_plus_depr,0.03,39,472,0.0,2,0.19946791,0.19950238,1.0048676,0.09888545,0.09888545,1.0,3.447217e-05,0.0003486071,-26.683805,2.2107527,0.7369176,0.192,0.008,0.15204343,4.455007,4.4650073,1513600
hardzero_plus_depr__c0p54__z1p05__lam0p010__nu0p50__psi1p00,hardzero_plus_depr,0.03,39,473,0.0,2,0.19950238,0.19950238,1.0638202,0.0,0.08633359,0.0,0.0,0.00034513834,-28.360159,2.3404512,0.7801504,0.14400001,0.0,0.15966104,4.4650073,4.4750075,1516800
hardzero_plus_depr__c0p54__z1p05__lam0p010__nu0p50__psi1p00,hardzero_plus_depr,0.03,39,474,0.0,2,0.19950238,0.19953328,1.043684,0.090430714,0.090430714,1.0,3.0900545e-05,0.0003417041,-27.197628,2.2961507,0.7653836,0.08800001,0.0,0.15858701,4.4750075,4.485008,1520000
hardzero_plus_depr__c0p54__z1p05__lam0p010__nu0p50__psi1p00,hardzero_plus_depr,0.03,39,475,0.0,2,0.19953328,0.19956477,1.0312871,0.093049265,0.093049265,1.0,3.147894e-05,0.000338304,-27.557314,2.2688768,0.7562923,0.17600001,0.0,0.13697742,4.485008,4.495008,1523200
hardzero_plus_depr__c0p54__z1p05__lam0p010__nu0p50__psi1p00,hardzero_plus_depr,0.03,39,476,0.0,2,0.19956477,0.19959761,1.0086042,0.0980383,0.0980383,1.0,3.2836728e-05,0.00033493774,-26.654442,2.2189734,0.7396578,0.15200001,0.0,0.12110685,4.495008,4.505008,1526400
hardzero_plus_depr__c0p54__z1p05__lam0p010__nu0p50__psi1p00,hardzero_plus_depr,0.03,39,477,0.0,2,0.19959761,0.19963096,0.9975503,0.10056564,0.10056564,1.0,3.3348068e-05,0.00033160497,-26.727627,2.1946545,0.7315515,0.208,0.0,0.12530705,4.505008,4.5150084,1529600
hardzero_plus_depr__c0p54__z1p05__lam0p010__nu0p50__psi1p00,hardzero_plus_depr,0.03,39,478,0.0,2,0.19963096,0.19966123,1.0353996,0.092172295,0.092172295,1.0,3.0260659e-05,0.00032830535,-27.531166,2.2779245,0.7593082,0.16800001,0.0,0.1462567,4.5150084,4.5250087,1532800
hardzero_plus_depr__c0p54__z1p05__lam0p010__nu0p50__psi1p00,hardzero_plus_depr,0.03,39,479,0.0,2,0.19966123,0.1996923,1.0196328,0.09558003,0.09558003,1.0,3.1067197e-05,0.0003250386,-27.723137,2.243237,0.7477457,0.16000001,0.0,0.12302485,4.5250087,4.535009,1536000
hardzero_plus_depr__c0p54__z1p05__lam0p010__nu0p50__psi1p00,hardzero_plus_depr,0.03,39,480,0.0,2,0.1996923,0.19972451,0.99959916,0.10009233,0.10009233,1.0,3.2210148e-05,0.00032180434,-27.288847,2.199162,0.73305404,0.16000001,0.0,0.15673895,4.535009,4.545009,1539200
hardzero_plus_depr__c0p54__z1p05__lam0p010__nu0p50__psi1p00,hardzero_plus_depr,0.03,39,481,0.0,2,0.19972451,0.19975886,0.9673825,0.10779967,0.10779967,1.0,3.4345223e-05,0.00031860228,-25.981062,2.128284,0.709428,0.12,0.0,0.1168997,4.545009,4.5550094,1542400
hardzero_plus_depr__c0p54__z1p05__lam0p010__nu0p50__psi1p00,hardzero_plus_depr,0.03,39,482,0.0,2,0.19975886,0.19979139,0.98654413,0.103146814,0.103146814,1.0,3.2535812e-05,0.00031543206,-25.882164,2.1704404,0.72348017,0.16800001,0.0,0.12881371,4.5550094,4.5650096,1545600
hardzero_plus_depr__c0p54__z1p05__lam0p010__nu0p50__psi1p00,hardzero_plus_depr,0.03,39,483,0.0,2,0.19979139,0.19982393,0.9819987,0.10423205,0.10423205,1.0,3.2550975e-05,0.00031229336,-27.566076,2.1604402,0.7201468,0.2,0.0,0.15891244,4.5650096,4.57501,1548800
hardzero_plus_depr__c0p54__z1p05__lam0p010__nu0p50__psi1p00,hardzero_plus_depr,0.03,39,484,0.0,2,0.19982393,0.1998547,1.0021664,0.09950242,0.09950242,1.0,3.076475e-05,0.00030918594,-26.008652,2.2048101,0.7349367,0.16000001,0.0,0.13981794,4.57501,4.58501,1552000
hardzero_plus_depr__c0p54__z1p05__lam0p010__nu0p50__psi1p00,hardzero_plus_depr,0.03,39,485,0.0,2,0.1998547,0.19988391,1.0203,0.09543331,0.09543331,1.0,2.921303e-05,0.00030610937,-27.120712,2.244705,0.748235,0.14400001,0.0,0.16502847,4.58501,4.5950103,1555200
hardzero_plus_depr__c0p54__z1p05__lam0p010__nu0p50__psi1p00,hardzero_plus_depr,0.03,39,486,0.0,2,0.19988391,0.19991617,0.9728584,0.10644898,0.10644898,1.0,3.2260803e-05,0.0003030635,-25.853975,2.1403313,0.71344376,0.120000005,0.0,0.1277992,4.5950103,4.6050105,1558400
hardzero_plus_depr__c0p54__z1p05__lam0p010__nu0p50__psi1p00,hardzero_plus_depr,0.03,39,487,0.0,2,0.19991617,0.19994646,0.99593127,0.10094126,0.10094126,1.0,3.0287212e-05,0.0003000479,-26.787155,2.1910925,0.7303642,0.136,0.0,0.13315427,4.6050105,4.6150107,1561600
hardzero_plus_depr__c0p54__z1p05__lam0p010__nu0p50__psi1p00,hardzero_plus_depr,0.03,39,488,0.0,2,0.19994646,0.19997661,0.99362546,0.10147863,0.10147863,1.0,3.0145478e-05,0.00029706233,-26.195597,2.1860197,0.7286732,0.15200001,0.0,0.13404617,4.6150107,4.625011,1564800
hardzero_plus_depr__c0p54__z1p05__lam0p010__nu0p50__psi1p00,hardzero_plus_depr,0.03,39,489,0.0,2,0.19997661,0.20000501,1.0151852,0.09656389,0.09656389,1.0,2.8400062e-05,0.00029410643,-27.026817,2.233452,0.74448407,0.2,0.0,0.15241401,4.625011,4.635011,1568000
hardzero_plus_depr__c0p54__z1p05__lam0p010__nu0p50__psi1p00,hardzero_plus_depr,0.03,39,490,0.0,2,0.20000501,0.20003098,1.0496534,0.08919625,0.08919625,1.0,2.5972156e-05,0.00029117992,-27.634657,2.3092837,0.76976126,0.16000001,0.0,0.13026664,4.635011,4.6450114,1571200
hardzero_plus_depr__c0p54__z1p05__lam0p010__nu0p50__psi1p00,hardzero_plus_depr,0.03,39,491,0.0,2,0.20003098,0.20005703,1.0441561,0.09033248,0.09033248,1.0,2.604128e-05,0.00028828258,-26.57148,2.2971892,0.7657298,0.16800001,0.0,0.14098991,4.6450114,4.6550117,1574400
hardzero_plus_depr__c0p54__z1p05__lam0p010__nu0p50__psi1p00,hardzero_plus_depr,0.03,39,492,0.0,2,0.20005703,0.20008568,0.9983076,0.10039045,0.10039045,1.0,2.8652847e-05,0.00028541408,-26.630568,2.1963205,0.73210686,0.18400002,0.0,0.13747543,4.6550117,4.665012,1577600
hardzero_plus_depr__c0p54__z1p05__lam0p010__nu0p50__psi1p00,hardzero_plus_depr,0.03,39,493,0.0,2,0.20008568,0.2001124,1.0243293,0.094551995,0.094551995,1.0,2.6717942e-05,0.00028257407,-26.502693,2.2535694,0.7511898,0.18400002,0.0,0.15059052,4.665012,4.675012,1580800
hardzero_plus_depr__c0p54__z1p05__lam0p010__nu0p50__psi1p00,hardzero_plus_depr,0.03,39,494,0.0,2,0.2001124,0.20013906,1.0210581,0.095266856,0.095266856,1.0,2.6652078e-05,0.00027976235,-27.11201,2.2463727,0.7487909,0.26,0.0,0.13548066,4.675012,4.6850123,1584000
hardzero_plus_depr__c0p54__z1p05__lam0p010__nu0p50__psi1p00,hardzero_plus_depr,0.03,39,495,0.0,2,0.20013906,0.20013906,1.0539354,0.0,0.08832113,0.0,0.0,0.00027697862,-27.474583,2.3187041,0.7729014,0.120000005,0.0,0.13826063,4.6850123,4.6950126,1587200
hardzero_plus_depr__c0p54__z1p05__lam0p010__nu0p50__psi1p00,hardzero_plus_depr,0.03,39,496,0.0,2,0.20013906,0.20016918,0.9592766,0.1098306,0.1098306,1.0,3.0118028e-05,0.00027422255,-26.397036,2.1104507,0.7034836,0.208,0.0,0.12494985,4.6950126,4.705013,1590400
hardzero_plus_depr__c0p54__z1p05__lam0p010__nu0p50__psi1p00,hardzero_plus_depr,0.03,39,497,0.0,2,0.20016918,0.20019843,0.9676403,0.10773572,0.10773572,1.0,2.9249597e-05,0.00027149395,-26.906792,2.1288512,0.7096171,0.216,0.0,0.15389507,4.705013,4.715013,1593600
hardzero_plus_depr__c0p54__z1p05__lam0p010__nu0p50__psi1p00,hardzero_plus_depr,0.03,39,498,0.0,2,0.20019843,0.20019843,1.0755364,0.0,0.08403566,0.0,0.0,0.00026879247,-27.997192,2.3662274,0.7887425,0.136,0.0,0.16099486,4.715013,4.7250133,1596800
hardzero_plus_depr__c0p54__z1p05__lam0p010__nu0p50__psi1p00,hardzero_plus_depr,0.03,39,499,0.0,2,0.20019843,0.20022571,0.9892432,0.102507755,0.102507755,1.0,2.7279148e-05,0.0002661179,-26.962101,2.1763785,0.7254595,0.208,0.0,0.12761657,4.7250133,4.7350135,1600000
hardzero_plus_depr__c0p54__z1p05__lam0p010__nu0p50__psi1p00,hardzero_plus_depr,0.03,39,500,0.0,2,0.20022571,0.20025253,0.9923075,0.10178703,0.10178703,1.0,2.681782e-05,0.0002634699,-26.675274,2.18312,0.7277067,0.120000005,0.0,0.1329925,4.7350135,4.7450137,1603200
hardzero_plus_depr__c0p54__z1p05__lam0p010__nu0p50__psi1p00,hardzero_plus_depr,0.03,39,501,0.0,2,0.20025253,0.20025253,1.1142282,0.0,0.07687263,0.0,0.0,0.0002608483,-29.21253,2.4513512,0.8171171,0.15200001,0.0,0.17008503,4.7450137,4.755014,1606400
hardzero_plus_depr__c0p54__z1p05__lam0p010__nu0p50__psi1p00,hardzero_plus_depr,0.03,39,502,0.0,2,0.20025253,0.20027651,1.0323682,0.0928179,0.0928179,1.0,2.3970479e-05,0.00025825275,-27.763603,2.2712553,0.7570851,0.15200001,0.0,0.14678591,4.755014,4.765014,1609600
hardzero_plus_depr__c0p54__z1p05__lam0p010__nu0p50__psi1p00,hardzero_plus_depr,0.03,39,503,0.0,2,0.20027651,0.20030643,0.93180853,0.11700151,0.11700151,1.0,2.9915302e-05,0.00025568303,-24.669079,2.0500197,0.68333995,0.224,0.0,0.12321479,4.765014,4.7750144,1612800
hardzero_plus_depr__c0p54__z1p05__lam0p010__nu0p50__psi1p00,hardzero_plus_depr,0.03,39,504,0.0,2,0.20030643,0.20033252,0.9868606,0.10307169,0.10307169,1.0,2.609145e-05,0.00025313886,-26.343292,2.1711366,0.7237122,0.208,0.0,0.14969905,4.7750144,4.7850146,1616000
hardzero_plus_depr__c0p54__z1p05__lam0p010__nu0p50__psi1p00,hardzero_plus_depr,0.03,39,505,0.0,2,0.20033252,0.20035584,1.0312217,0.09306324,0.09306324,1.0,2.3323511e-05,0.00025062,-27.35047,2.268733,0.75624436,0.136,0.0,0.14951497,4.7850146,4.795015,1619200
hardzero_plus_depr__c0p54__z1p05__lam0p010__nu0p50__psi1p00,hardzero_plus_depr,0.03,39,506,0.0,2,0.20035584,0.20038082,0.9972328,0.10063921,0.10063921,1.0,2.4971232e-05,0.00024812628,-26.299034,2.193956,0.73131865,0.192,0.0,0.15008327,4.795015,4.805015,1622400
hardzero_plus_depr__c0p54__z1p05__lam0p010__nu0p50__psi1p00,hardzero_plus_depr,0.03,39,507,0.0,2,0.20038082,0.2004064,0.98246163,0.10412101,0.10412101,1.0,2.5578087e-05,0.0002456573,-26.97456,2.1614587,0.7204863,0.16,0.0,0.1469779,4.805015,4.8150153,1625600
hardzero_plus_depr__c0p54__z1p05__lam0p010__nu0p50__psi1p00,hardzero_plus_depr,0.03,39,508,0.0,2,0.2004064,0.20043026,1.0082496,0.09811837,0.09811837,1.0,2.3863657e-05,0.00024321293,-27.523787,2.2181935,0.7393979,0.16000001,0.0,0.1664698,4.8150153,4.8250155,1628800
hardzero_plus_depr__c0p54__z1p05__lam0p010__nu0p50__psi1p00,hardzero_plus_depr,0.03,39,509,0.0,2,0.20043026,0.20045349,1.015462,0.09650237,0.09650237,1.0,2.3237084e-05,0.00024079288,-27.12896,2.234061,0.744687,0.16800001,0.0,0.12425874,4.8250155,4.835016,1632000
hardzero_plus_depr__c0p54__z1p05__lam0p010__nu0p50__psi1p00,hardzero_plus_depr,0.03,39,510,0.0,2,0.20045349,0.20047703,1.0054185,0.098760076,0.098760076,1.0,2.3544095e-05,0.00023839688,-26.945738,2.2119648,0.7373216,0.2,0.0,0.154736,4.835016,4.845016,1635200
hardzero_plus_depr__c0p54__z1p05__lam0p010__nu0p50__psi1p00,hardzero_plus_depr,0.03,39,511,0.0,2,0.20047703,0.2004986,1.0392443,0.09135992,0.09135992,1.0,2.1563203e-05,0.00023602475,-27.761765,2.2863832,0.76212776,0.224,0.008,0.16399476,4.845016,4.855016,1638400
hardzero_plus_depr__c0p54__z1p05__lam0p010__nu0p50__psi1p00,hardzero_plus_depr,0.03,39,512,0.0,2,0.2004986,0.2004986,1.0636356,0.0,0.0863703,0.0,0.0,0.00023367621,-27.901665,2.340045,0.780015,0.112,0.0,0.13542598,4.855016,4.8650165,1641600
hardzero_plus_depr__c0p54__z1p05__lam0p010__nu0p50__psi1p00,hardzero_plus_depr,0.03,39,513,0.0,2,0.2004986,0.20052023,1.0291543,0.09350733,0.09350733,1.0,2.1633017e-05,0.00023135103,-27.506521,2.2641847,0.75472826,0.16800001,0.0,0.14302981,4.8650165,4.8750167,1644800
hardzero_plus_depr__c0p54__z1p05__lam0p010__nu0p50__psi1p00,hardzero_plus_depr,0.03,39,514,0.0,2,0.20052023,0.20054156,1.0310259,0.093105234,0.093105234,1.0,2.132566e-05,0.000229049,-27.17735,2.2683022,0.7561008,0.17600001,0.0,0.14822264,4.8750167,4.885017,1648000
hardzero_plus_depr__c0p54__z1p05__lam0p010__nu0p50__psi1p00,hardzero_plus_depr,0.03,39,515,0.0,2,0.20054156,0.20056218,1.0412655,0.09093572,0.09093572,1.0,2.062148e-05,0.00022676986,-27.13527,2.29083,0.76361,0.16800001,0.0,0.15621397,4.885017,4.895017,1651200
hardzero_plus_depr__c0p54__z1p05__lam0p010__nu0p50__psi1p00,hardzero_plus_depr,0.03,39,516,0.0,2,0.20056218,0.20056218,1.1079764,0.0,0.07798723,0.0,0.0,0.00022451344,-29.97047,2.4375968,0.8125323,0.15200001,0.0,0.15686205,4.895017,4.9050174,1654400
hardzero_plus_depr__c0p54__z1p05__lam0p010__nu0p50__psi1p00,hardzero_plus_depr,0.03,39,517,0.0,2,0.20056218,0.20056218,1.0631144,0.0,0.086473994,0.0,0.0,0.00022227941,-27.481298,2.3388984,0.7796328,0.15200001,0.0,0.15025257,4.9050174,4.9150176,1657600
hardzero_plus_depr__c0p54__z1p05__lam0p010__nu0p50__psi1p00,hardzero_plus_depr,0.03,39,518,0.0,2,0.20056218,0.20058322,1.019426,0.095625564,0.095625564,1.0,2.1044094e-05,0.00022006765,-27.889957,2.2427819,0.747594,0.17600001,0.0,0.14391772,4.9150176,4.925018,1660800
hardzero_plus_depr__c0p54__z1p05__lam0p010__nu0p50__psi1p00,hardzero_plus_depr,0.03,39,519,0.0,2,0.20058322,0.20060478,1.0046093,0.09894427,0.09894427,1.0,2.1557767e-05,0.00021787788,-27.295599,2.2101846,0.7367282,0.216,0.0,0.1342677,4.925018,4.935018,1664000
hardzero_plus_depr__c0p54__z1p05__lam0p010__nu0p50__psi1p00,hardzero_plus_depr,0.03,39,520,0.0,2,0.20060478,0.20062575,1.0122442,0.09722002,0.09722002,1.0,2.0971323e-05,0.00021570992,-26.968117,2.2269819,0.74232733,0.12,0.0,0.13259383,4.935018,4.9450183,1667200
hardzero_plus_depr__c0p54__z1p05__lam0p010__nu0p50__psi1p00,hardzero_plus_depr,0.03,39,521,0.0,2,0.20062575,0.20064732,0.9954424,0.101054944,0.101054944,1.0,2.1581653e-05,0.00021356354,-26.194498,2.190017,0.7300057,0.17600001,0.0,0.10756701,4.9450183,4.9550185,1670400
hardzero_plus_depr__c0p54__z1p05__lam0p010__nu0p50__psi1p00,hardzero_plus_depr,0.03,39,522,0.0,2,0.20064732,0.20066772,1.0154891,0.09649634,0.09649634,1.0,2.040304e-05,0.00021143848,-26.832407,2.2341206,0.74470687,0.16000001,0.0,0.15188444,4.9550185,4.9650187,1673600
hardzero_plus_depr__c0p54__z1p05__lam0p010__nu0p50__psi1p00,hardzero_plus_depr,0.03,39,523,0.0,2,0.20066772,0.20068702,1.0354589,0.0921597,0.0921597,1.0,1.9292214e-05,0.0002093346,-27.476511,2.2780552,0.75935173,0.08800001,0.0,0.123028964,4.9650187,4.975019,1676800
hardzero_plus_depr__c0p54__z1p05__lam0p010__nu0p50__psi1p00,hardzero_plus_depr,0.03,39,524,0.0,2,0.20068702,0.20070554,1.0488672,0.08935786,0.08935786,1.0,1.8519562e-05,0.00020725162,-27.116455,2.307554,0.7691847,0.120000005,0.0,0.14538975,4.975019,4.985019,1680000
hardzero_plus_depr__c0p54__z1p05__lam0p010__nu0p50__psi1p00,hardzero_plus_depr,0.03,39,525,0.0,2,0.20070554,0.2007252,1.0187322,0.09577844,0.09577844,1.0,1.9652722e-05,0.0002051894,-26.788088,2.2412555,0.7470852,0.16000001,0.0,0.13680875,4.985019,4.9950194,1683200
hardzero_plus_depr__c0p54__z1p05__lam0p010__nu0p50__psi1p00,hardzero_plus_depr,0.03,39,526,0.0,2,0.2007252,0.2007252,1.0577501,0.0,0.08754873,0.0,0.0,0.00020314769,-28.333416,2.3270967,0.7756989,0.120000005,0.0,0.1330083,4.9950194,5.0050197,1686400
hardzero_plus_depr__c0p54__z1p05__lam0p010__nu0p50__psi1p00,hardzero_plus_depr,0.03,39,527,0.0,2,0.2007252,0.20074415,1.0258772,0.09421558,0.09421558,1.0,1.894923e-05,0.00020112628,-26.633064,2.256975,0.752325,0.14400001,0.0,0.121747136,5.0050197,5.01502,1689600
hardzero_plus_depr__c0p54__z1p05__lam0p010__nu0p50__psi1p00,hardzero_plus_depr,0.03,39,528,0.0,2,0.20074415,0.20076609,0.9579169,0.11017501,0.11017501,1.0,2.19386e-05,0.000199125,-26.509378,2.1074593,0.70248646,0.216,0.0,0.14704466,5.01502,5.02502,1692800
hardzero_plus_depr__c0p54__z1p05__lam0p010__nu0p50__psi1p00,hardzero_plus_depr,0.03,39,529,0.0,2,0.20076609,0.2007853,1.011185,0.09745743,0.09745743,1.0,1.921311e-05,0.00019714361,-27.15479,2.2246516,0.74155056,0.14400001,0.0,0.12288536,5.02502,5.0350204,1696000
hardzero_plus_depr__c0p54__z1p05__lam0p010__nu0p50__psi1p00,hardzero_plus_depr,0.03,39,530,0.0,2,0.2007853,0.20080501,0.9956428,0.10100834,0.10100834,1.0,1.9715006e-05,0.00019518196,-26.207958,2.1904578,0.7301526,0.104,0.008,0.12466886,5.0350204,5.0450206,1699200
hardzero_plus_depr__c0p54__z1p05__lam0p010__nu0p50__psi1p00,hardzero_plus_depr,0.03,39,531,0.0,2,0.20080501,0.20082355,1.0180117,0.09593748,0.09593748,1.0,1.8538944e-05,0.00019323983,-27.302849,2.2396705,0.7465569,0.15200001,0.0,0.1382145,5.0450206,5.055021,1702400
hardzero_plus_depr__c0p54__z1p05__lam0p010__nu0p50__psi1p00,hardzero_plus_depr,0.03,39,532,0.0,2,0.20082355,0.20084156,1.026108,0.09416552,0.09416552,1.0,1.8015466e-05,0.00019131701,-27.956886,2.2574828,0.7524943,0.128,0.0,0.14334549,5.055021,5.065021,1705600
hardzero_plus_depr__c0p54__z1p05__lam0p010__nu0p50__psi1p00,hardzero_plus_depr,0.03,39,533,0.0,2,0.20084156,0.2008636,0.9343004,0.11633211,0.11633211,1.0,2.2034852e-05,0.00018941333,-26.889833,2.055502,0.6851673,0.24,0.0,0.14771973,5.065021,5.0750213,1708800
hardzero_plus_depr__c0p54__z1p05__lam0p010__nu0p50__psi1p00,hardzero_plus_depr,0.03,39,534,0.0,2,0.2008636,0.20088182,1.012502,0.09716235,0.09716235,1.0,1.8220719e-05,0.0001875286,-26.278326,2.2275488,0.7425163,0.15200001,0.0,0.13389927,5.0750213,5.0850215,1712000
hardzero_plus_depr__c0p54__z1p05__lam0p010__nu0p50__psi1p00,hardzero_plus_depr,0.03,39,535,0.0,2,0.20088182,0.20089857,1.044549,0.09025078,0.09025078,1.0,1.6756198e-05,0.00018566262,-27.97442,2.2980537,0.7660179,0.120000005,0.0,0.15431072,5.0850215,5.0950217,1715200
hardzero_plus_depr__c0p54__z1p05__lam0p010__nu0p50__psi1p00,hardzero_plus_depr,0.03,39,536,0.0,2,0.20089857,0.20091902,0.9536976,0.111250594,0.111250594,1.0,2.0449552e-05,0.00018381521,-26.037365,2.0981767,0.69939226,0.15200001,0.0,0.1347513,5.0950217,5.105022,1718400
hardzero_plus_depr__c0p54__z1p05__lam0p010__nu0p50__psi1p00,hardzero_plus_depr,0.03,39,537,0.0,2,0.20091902,0.20093623,1.0240959,0.09460282,0.09460282,1.0,1.7216405e-05,0.00018198618,-27.368433,2.253056,0.7510187,0.128,0.0,0.16039838,5.105022,5.115022,1721600
hardzero_plus_depr__c0p54__z1p05__lam0p010__nu0p50__psi1p00,hardzero_plus_depr,0.03,39,538,0.0,2,0.20093623,0.20093623,1.0599102,0.0,0.087114364,0.0,0.0,0.00018017534,-28.156006,2.3318489,0.77728295,0.16000001,0.0,0.15996349,5.115022,5.1250224,1724800
hardzero_plus_depr__c0p54__z1p05__lam0p010__nu0p50__psi1p00,hardzero_plus_depr,0.03,39,539,0.0,2,0.20093623,0.20093623,1.0778232,0.0,0.08359433,0.0,0.0,0.00017838251,-28.623892,2.3712583,0.79041946,0.128,0.0,0.18159476,5.1250224,5.1350226,1728000
hardzero_plus_depr__c0p54__z1p05__lam0p010__nu0p50__psi1p00,hardzero_plus_depr,0.03,39,540,0.0,2,0.20093623,0.2009533,1.0147713,0.09665596,0.09665596,1.0,1.707017e-05,0.00017660753,-27.254251,2.2325416,0.74418056,0.16000001,0.0,0.1639179,5.1350226,5.145023,1731200
hardzero_plus_depr__c0p54__z1p05__lam0p010__nu0p50__psi1p00,hardzero_plus_depr,0.03,39,541,0.0,2,0.2009533,0.2009689,1.0493492,0.089258745,0.089258745,1.0,1.560691e-05,0.00017485023,-28.404737,2.3086143,0.7695381,0.16000001,0.0,0.15329194,5.145023,5.155023,1734400
hardzero_plus_depr__c0p54__z1p05__lam0p010__nu0p50__psi1p00,hardzero_plus_depr,0.03,39,542,0.0,2,0.2009689,0.20098451,1.0451409,0.09012787,0.09012787,1.0,1.5602072e-05,0.0001731104,-27.22888,2.2993557,0.76645195,0.096,0.0,0.17055927,5.155023,5.1650233,1737600
hardzero_plus_depr__c0p54__z1p05__lam0p010__nu0p50__psi1p00,hardzero_plus_depr,0.03,39,543,0.0,2,0.20098451,0.201,1.0435915,0.09045,0.09045,1.0,1.5502033e-05,0.00017138789,-27.564907,2.295947,0.7653157,0.16800001,0.0,0.13705958,5.1650233,5.1750236,1740800
hardzero_plus_depr__c0p54__z1p05__lam0p010__nu0p50__psi1p00,hardzero_plus_depr,0.03,39,544,0.0,2,0.201,0.20101677,1.0054189,0.09876001,0.09876001,1.0,1.6757846e-05,0.0001696825,-27.172764,2.2119658,0.737322,0.15200001,0.0,0.13059488,5.1750236,5.185024,1744000
hardzero_plus_depr__c0p54__z1p05__lam0p010__nu0p50__psi1p00,hardzero_plus_depr,0.03,39,545,0.0,2,0.20101677,0.20103279,1.0206734,0.09535129,0.09535129,1.0,1.6018454e-05,0.00016799409,-27.566479,2.2455263,0.7485088,0.224,0.0,0.13650297,5.185024,5.195024,1747200
hardzero_plus_depr__c0p54__z1p05__lam0p010__nu0p50__psi1p00,hardzero_plus_depr,0.03,39,546,0.0,2,0.20103279,0.20104866,1.0205367,0.09538131,0.09538131,1.0,1.5864058e-05,0.0001663225,-27.062914,2.2452254,0.7484085,0.17999999,0.0,0.116131656,5.195024,5.2050242,1750400
hardzero_plus_depr__c0p54__z1p05__lam0p010__nu0p50__psi1p00,hardzero_plus_depr,0.03,39,547,0.0,2,0.20104866,0.20106831,0.92321295,0.119340286,0.119340286,1.0,1.9651468e-05,0.00016466752,-25.511047,2.031109,0.6770364,0.208,0.0,0.14143854,5.2050242,5.2150245,1753600
hardzero_plus_depr__c0p54__z1p05__lam0p010__nu0p50__psi1p00,hardzero_plus_depr,0.03,39,548,0.0,2,0.20106831,0.20108318,1.0398487,0.091232866,0.091232866,1.0,1.48736035e-05,0.000163029,-27.520947,2.2877128,0.762571,0.128,0.0,0.14628597,5.2150245,5.2250247,1756800
hardzero_plus_depr__c0p54__z1p05__lam0p010__nu0p50__psi1p00,hardzero_plus_depr,0.03,39,549,0.0,2,0.20108318,0.20110036,0.97274,0.10647802,0.10647802,1.0,1.7186278e-05,0.0001614068,-26.655193,2.1400707,0.7133569,0.16000001,0.0,0.14968446,5.2250247,5.235025,1760000
hardzero_plus_depr__c0p54__z1p05__lam0p010__nu0p50__psi1p00,hardzero_plus_depr,0.03,39,550,0.0,2,0.20110036,0.20111549,1.0237904,0.09466941,0.09466941,1.0,1.5128241e-05,0.00015980074,-27.51033,2.2523837,0.7507946,0.120000005,0.0,0.14848968,5.235025,5.245025,1763200
hardzero_plus_depr__c0p54__z1p05__lam0p010__nu0p50__psi1p00,hardzero_plus_depr,0.03,39,551,0.0,2,0.20111549,0.20113018,1.0320574,0.09288436,0.09288436,1.0,1.4695298e-05,0.00015821068,-28.025194,2.2705717,0.7568573,0.14400001,0.0,0.19243884,5.245025,5.2550254,1766400
hardzero_plus_depr__c0p54__z1p05__lam0p010__nu0p50__psi1p00,hardzero_plus_depr,0.03,39,552,0.0,2,0.20113018,0.2011443,1.0452226,0.09011089,0.09011089,1.0,1.4114647e-05,0.00015663641,-28.581926,2.2995358,0.7665119,0.192,0.0,0.17369702,5.2550254,5.2650256,1769600
hardzero_plus_depr__c0p54__z1p05__lam0p010__nu0p50__psi1p00,hardzero_plus_depr,0.03,39,553,0.0,2,0.2011443,0.2011586,1.0349503,0.09226769,0.09226769,1.0,1.4308673e-05,0.00015507783,-27.220562,2.276936,0.7589787,0.2,0.0,0.16958739,5.2650256,5.275026,1772800
hardzero_plus_depr__c0p54__z1p05__lam0p010__nu0p50__psi1p00,hardzero_plus_depr,0.03,39,554,0.0,2,0.2011586,0.2011586,1.099257,0.0,0.07956884,0.0,0.0,0.00015353473,-28.681173,2.4184136,0.8061379,0.112,0.0,0.16514637,5.275026,5.285026,1776000
hardzero_plus_depr__c0p54__z1p05__lam0p010__nu0p50__psi1p00,hardzero_plus_depr,0.03,39,555,0.0,2,0.2011586,0.20117368,1.0033497,0.099231675,0.099231675,1.0,1.5083909e-05,0.00015200699,-27.3636,2.2074134,0.7358045,0.136,0.0,0.16195638,5.285026,5.2950263,1779200
hardzero_plus_depr__c0p54__z1p05__lam0p010__nu0p50__psi1p00,hardzero_plus_depr,0.03,39,556,0.0,2,0.20117368,0.20118755,1.0353041,0.09219256,0.09219256,1.0,1.387447e-05,0.00015049447,-27.681746,2.2777145,0.7592382,0.18400002,0.0,0.15304653,5.2950263,5.3050265,1782400
hardzero_plus_depr__c0p54__z1p05__lam0p010__nu0p50__psi1p00,hardzero_plus_depr,0.03,39,557,0.0,2,0.20118755,0.20120168,1.0231392,0.09481144,0.09481144,1.0,1.4126619e-05,0.00014899699,-27.951168,2.2509513,0.7503171,0.16000001,0.0,0.18387344,5.3050265,5.3150268,1785600
hardzero_plus_depr__c0p54__z1p05__lam0p010__nu0p50__psi1p00,hardzero_plus_depr,0.03,39,558,0.0,2,0.20120168,0.20121625,1.0053765,0.098769665,0.098769665,1.0,1.4569949e-05,0.00014751441,-26.646713,2.2118723,0.7372908,0.17600001,0.0,0.14292867,5.3150268,5.325027,1788800
hardzero_plus_depr__c0p54__z1p05__lam0p010__nu0p50__psi1p00,hardzero_plus_depr,0.03,39,559,0.0,2,0.20121625,0.20123155,0.979798,0.10476158,0.10476158,1.0,1.5300071e-05,0.00014604659,-26.063025,2.1555986,0.7185329,0.17,0.0,0.14600062,5.325027,5.335027,1792000
hardzero_plus_depr__c0p54__z1p05__lam0p010__nu0p50__psi1p00,hardzero_plus_depr,0.03,39,560,0.0,2,0.20123155,0.20124614,0.9963589,0.10084192,0.10084192,1.0,1.4581072e-05,0.00014459336,-26.44933,2.1920333,0.7306778,0.16800001,0.0,0.1301456,5.335027,5.3450274,1795200
hardzero_plus_depr__c0p54__z1p05__lam0p010__nu0p50__psi1p00,hardzero_plus_depr,0.03,39,561,0.0,2,0.20124614,0.20125932,1.036142,0.092014864,0.092014864,1.0,1.3172352e-05,0.00014315461,-27.654657,2.279558,0.75985265,0.17600001,0.0,0.15824717,5.3450274,5.3550277,1798400
hardzero_plus_depr__c0p54__z1p05__lam0p010__nu0p50__psi1p00,hardzero_plus_depr,0.03,39,562,0.0,2,0.20125932,0.2012736,0.99625254,0.100866616,0.100866616,1.0,1.4295841e-05,0.00014173015,-26.805872,2.1917994,0.7305998,0.18400002,0.0,0.14804707,5.3550277,5.365028,1801600
hardzero_plus_depr__c0p54__z1p05__lam0p010__nu0p50__psi1p00,hardzero_plus_depr,0.03,39,563,0.0,2,0.2012736,0.20128658,1.033923,0.092486195,0.092486195,1.0,1.2977652e-05,0.00014031988,-27.716991,2.274676,0.7582254,0.17600001,0.0,0.16261531,5.365028,5.375028,1804800
hardzero_plus_depr__c0p54__z1p05__lam0p010__nu0p50__psi1p00,hardzero_plus_depr,0.03,39,564,0.0,2,0.20128658,0.20128658,1.068041,0.0,0.0854986,0.0,0.0,0.00013892364,-27.812796,2.349737,0.7832457,0.120000005,0.0,0.17925885,5.375028,5.3850284,1808000
hardzero_plus_depr__c0p54__z1p05__lam0p010__nu0p50__psi1p00,hardzero_plus_depr,0.03,39,565,0.0,2,0.20128658,0.20129892,1.047008,0.08974123,0.08974123,1.0,1.23431255e-05,0.0001375413,-27.647604,2.3034637,0.76782125,0.112,0.0,0.1415249,5.3850284,5.3950286,1811200
hardzero_plus_depr__c0p54__z1p05__lam0p010__nu0p50__psi1p00,hardzero_plus_depr,0.03,39,566,0.0,2,0.20129892,0.2013117,1.0279484,0.093767345,0.093767345,1.0,1.2768553e-05,0.0001361727,-27.894657,2.2615316,0.7538439,0.136,0.0,0.15676357,5.3950286,5.405029,1814400
hardzero_plus_depr__c0p54__z1p05__lam0p010__nu0p50__psi1p00,hardzero_plus_depr,0.03,39,567,0.0,2,0.2013117,0.2013247,1.0153863,0.09651919,0.09651919,1.0,1.3012501e-05,0.00013481776,-26.998878,2.2338946,0.7446315,0.16000001,0.0,0.14288667,5.405029,5.415029,1817600
hardzero_plus_depr__c0p54__z1p05__lam0p010__nu0p50__psi1p00,hardzero_plus_depr,0.03,39,568,0.0,2,0.2013247,0.20133741,1.0212485,0.095225126,0.095225126,1.0,1.2710294e-05,0.00013347626,-27.925247,2.2467914,0.74893045,0.128,0.0,0.1627066,5.415029,5.4250293,1820800
hardzero_plus_depr__c0p54__z1p05__lam0p010__nu0p50__psi1p00,hardzero_plus_depr,0.03,39,569,0.0,2,0.20133741,0.2013501,1.0177865,0.095987245,0.095987245,1.0,1.2684534e-05,0.00013214812,-26.973215,2.239175,0.7463917,0.16000001,0.0,0.13247816,5.4250293,5.4350295,1824000
hardzero_plus_depr__c0p54__z1p05__lam0p010__nu0p50__psi1p00,hardzero_plus_depr,0.03,39,570,0.0,2,0.2013501,0.20136292,1.0083998,0.09808443,0.09808443,1.0,1.2832698e-05,0.00013083318,-25.997313,2.218524,0.73950803,0.128,0.0,0.11430423,5.4350295,5.4450297,1827200
hardzero_plus_depr__c0p54__z1p05__lam0p010__nu0p50__psi1p00,hardzero_plus_depr,0.03,39,571,0.0,2,0.20136292,0.20136292,1.0739081,0.0,0.08435132,0.0,0.0,0.00012953134,-27.789295,2.362645,0.7875483,0.16000001,0.0,0.16570662,5.4450297,5.45503,1830400
hardzero_plus_depr__c0p54__z1p05__lam0p010__nu0p50__psi1p00,hardzero_plus_depr,0.03,39,572,0.0,2,0.20136292,0.20137566,1.0030677,0.09929612,0.09929612,1.0,1.2733979e-05,0.00012824246,-26.919882,2.206793,0.7355977,0.12,0.0,0.14916928,5.45503,5.46503,1833600
hardzero_plus_depr__c0p54__z1p05__lam0p010__nu0p50__psi1p00,hardzero_plus_depr,0.03,39,573,0.0,2,0.20137566,0.20137566,1.0654941,0.0,0.08600147,0.0,0.0,0.00012696639,-27.391697,2.3441336,0.7813779,0.192,0.0,0.1715952,5.46503,5.4750304,1836800
hardzero_plus_depr__c0p54__z1p05__lam0p010__nu0p50__psi1p00,hardzero_plus_depr,0.03,39,574,0.0,2,0.20137566,0.20138706,1.0424681,0.09068425,0.09068425,1.0,1.13992855e-05,0.00012570304,-28.685463,2.2934756,0.7644919,0.16000001,0.0,0.1690717,5.4750304,5.4850307,1840000
hardzero_plus_depr__c0p54__z1p05__lam0p010__nu0p50__psi1p00,hardzero_plus_depr,0.03,39,575,0.0,2,0.20138706,0.20139936,1.0051514,0.09882085,0.09882085,1.0,1.2298475e-05,0.00012445223,-27.21199,2.2113771,0.73712575,0.16000001,0.0,0.14011396,5.4850307,5.495031,1843200
hardzero_plus_depr__c0p54__z1p05__lam0p010__nu0p50__psi1p00,hardzero_plus_depr,0.03,39,576,0.0,2,0.20139936,0.20141202,0.98824143,0.10274448,0.10274448,1.0,1.2659546e-05,0.00012321387,-25.92834,2.1741745,0.7247249,0.112,0.0,0.13756222,5.495031,5.505031,1846400
hardzero_plus_depr__c0p54__z1p05__lam0p010__nu0p50__psi1p00,hardzero_plus_depr,0.03,39,577,0.0,2,0.20141202,0.20142329,1.0344443,0.09237526,0.09237526,1.0,1.1268661e-05,0.00012198787,-27.392942,2.2758229,0.7586076,0.104,0.0,0.17308484,5.505031,5.5150313,1849600
hardzero_plus_depr__c0p54__z1p05__lam0p010__nu0p50__psi1p00,hardzero_plus_depr,0.03,39,578,0.0,2,0.20142329,0.20143582,0.98371387,0.10382121,0.10382121,1.0,1.2538906e-05,0.00012077403,-27.003124,2.1642137,0.72140455,0.17600001,0.0,0.14333282,5.5150313,5.5250316,1852800
hardzero_plus_depr__c0p54__z1p05__lam0p010__nu0p50__psi1p00,hardzero_plus_depr,0.03,39,579,0.0,2,0.20143582,0.20144865,0.9692474,0.10733778,0.10733778,1.0,1.2834624e-05,0.00011957229,-26.695997,2.132387,0.71079564,0.16000001,0.0,0.15267533,5.5250316,5.535032,1856000
hardzero_plus_depr__c0p54__z1p05__lam0p010__nu0p50__psi1p00,hardzero_plus_depr,0.03,39,580,0.0,2,0.20144865,0.20145935,1.0441518,0.09033336,0.09033336,1.0,1.0693888e-05,0.00011838249,-27.834826,2.2971797,0.76572657,0.120000005,0.0,0.15866926,5.535032,5.545032,1859200
hardzero_plus_depr__c0p54__z1p05__lam0p010__nu0p50__psi1p00,hardzero_plus_depr,0.03,39,581,0.0,2,0.20145935,0.20145935,1.0567989,0.0,0.087740704,0.0,0.0,0.00011720454,-28.309332,2.325004,0.7750014,0.15200001,0.0,0.18934008,5.545032,5.5550323,1862400
hardzero_plus_depr__c0p54__z1p05__lam0p010__nu0p50__psi1p00,hardzero_plus_depr,0.03,39,582,0.0,2,0.20145935,0.2014708,1.005303,0.09878636,0.09878636,1.0,1.1463003e-05,0.00011603831,-26.495304,2.2117107,0.7372369,0.096,0.0,0.14740828,5.5550323,5.5650325,1865600
hardzero_plus_depr__c0p54__z1p05__lam0p010__nu0p50__psi1p00,hardzero_plus_depr,0.03,39,583,0.0,2,0.2014708,0.20148131,1.0389161,0.09142897,0.09142897,1.0,1.0503697e-05,0.00011488368,-27.061087,2.285661,0.761887,0.136,0.0,0.12946236,5.5650325,5.5750327,1868800
hardzero_plus_depr__c0p54__z1p05__lam0p010__nu0p50__psi1p00,hardzero_plus_depr,0.03,39,584,0.0,2,0.20148131,0.20149325,0.9790691,0.10493754,0.10493754,1.0,1.1935652e-05,0.000113740534,-26.082779,2.153995,0.7179984,0.17600001,0.0,0.13676997,5.5750327,5.585033,1872000
hardzero_plus_depr__c0p54__z1p05__lam0p010__nu0p50__psi1p00,hardzero_plus_depr,0.03,39,585,0.0,2,0.20149325,0.20150469,0.99327046,0.1015616,0.1015616,1.0,1.1436728e-05,0.00011260878,-27.038359,2.1852386,0.72841287,0.13,0.0,0.16942057,5.585033,5.595033,1875200
hardzero_plus_depr__c0p54__z1p05__lam0p010__nu0p50__psi1p00,hardzero_plus_depr,0.03,39,586,0.0,2,0.20150469,0.20151483,1.04159,0.0908678,0.0908678,1.0,1.0130695e-05,0.000111488276,-27.818218,2.2915437,0.76384795,0.120000005,0.0,0.16175644,5.595033,5.6050334,1878400
hardzero_plus_depr__c0p54__z1p05__lam0p010__nu0p50__psi1p00,hardzero_plus_depr,0.03,39,587,0.0,2,0.20151483,0.20152648,0.9762749,0.10561488,0.10561488,1.0,1.16576575e-05,0.00011037893,-26.257929,2.1478477,0.71594924,0.14400001,0.0,0.14256987,5.6050334,5.6150336,1881600
hardzero_plus_depr__c0p54__z1p05__lam0p010__nu0p50__psi1p00,hardzero_plus_depr,0.03,39,588,0.0,2,0.20152648,0.20153794,0.9796349,0.10480092,0.10480092,1.0,1.1452708e-05,0.00010928061,-26.496197,2.1552398,0.7184133,0.16000001,0.0,0.1316068,5.6150336,5.625034,1884800
hardzero_plus_depr__c0p54__z1p05__lam0p010__nu0p50__psi1p00,hardzero_plus_depr,0.03,39,589,0.0,2,0.20153794,0.20154835,1.0162777,0.096321285,0.096321285,1.0,1.042131e-05,0.00010819323,-27.717821,2.2358556,0.7452852,0.216,0.0,0.16487093,5.625034,5.635034,1888000
hardzero_plus_depr__c0p54__z1p05__lam0p010__nu0p50__psi1p00,hardzero_plus_depr,0.03,39,590,0.0,2,0.20154835,0.20155826,1.0337796,0.09251674,0.09251674,1.0,9.910084e-06,0.00010711666,-28.028255,2.2743607,0.75812024,0.120000005,0.0,0.13916339,5.635034,5.6450343,1891200
hardzero_plus_depr__c0p54__z1p05__lam0p010__nu0p50__psi1p00,hardzero_plus_depr,0.03,39,591,0.0,2,0.20155826,0.20155826,1.0804286,0.0,0.08309432,0.0,0.0,0.000106050815,-27.93134,2.3769903,0.79233015,0.136,0.0,0.1728318,5.6450343,5.6550345,1894400
hardzero_plus_depr__c0p54__z1p05__lam0p010__nu0p50__psi1p00,hardzero_plus_depr,0.03,39,592,0.0,2,0.20155826,0.20155826,1.0650297,0.0,0.086093485,0.0,0.0,0.00010499557,-27.63134,2.3431122,0.78103745,0.128,0.008,0.16372523,5.6550345,5.665035,1897600
hardzero_plus_depr__c0p54__z1p05__lam0p010__nu0p50__psi1p00,hardzero_plus_depr,0.03,39,593,0.0,2,0.20155826,0.20156859,1.0030328,0.0993041,0.0993041,1.0,1.0322743e-05,0.00010395082,-27.10975,2.2067163,0.7355721,0.16000001,0.0,0.12819225,5.665035,5.675035,1900800
hardzero_plus_depr__c0p54__z1p05__lam0p010__nu0p50__psi1p00,hardzero_plus_depr,0.03,39,594,0.0,2,0.20156859,0.20157944,0.97713673,0.10540551,0.10540551,1.0,1.0847963e-05,0.00010291646,-26.090279,2.1497438,0.7165813,0.24800001,0.0,0.14745,5.675035,5.685035,1904000
hardzero_plus_depr__c0p54__z1p05__lam0p010__nu0p50__psi1p00,hardzero_plus_depr,0.03,39,595,0.0,2,0.20157944,0.20158868,1.0424774,0.09068233,0.09068233,1.0,9.23984e-06,0.0001018924,-27.22738,2.293496,0.76449865,0.14400001,0.0,0.15524885,5.685035,5.6950355,1907200
hardzero_plus_depr__c0p54__z1p05__lam0p010__nu0p50__psi1p00,hardzero_plus_depr,0.03,39,596,0.0,2,0.20158868,0.20158868,1.0503283,0.0,0.089057766,0.0,0.0,0.00010087854,-26.931292,2.3107684,0.77025616,0.136,0.0,0.11259583,5.6950355,5.7050357,1910400
hardzero_plus_depr__c0p54__z1p05__lam0p010__nu0p50__psi1p00,hardzero_plus_depr,0.03,39,597,0.0,2,0.20158868,0.20159966,0.95849115,0.11002943,0.11002943,1.0,1.0989163e-05,9.987476e-05,-26.578234,2.1087227,0.70290756,0.16000001,0.0,0.14470245,5.7050357,5.715036,1913600
hardzero_plus_depr__c0p54__z1p05__lam0p010__nu0p50__psi1p00,hardzero_plus_depr,0.03,39,598,0.0,2,0.20159966,0.20160972,0.99273723,0.10168638,0.10168638,1.0,1.0054847e-05,9.888096e-05,-26.74084,2.1840656,0.72802186,0.16,0.0,0.1304587,5.715036,5.725036,1916800
hardzero_plus_depr__c0p54__z1p05__lam0p010__nu0p50__psi1p00,hardzero_plus_depr,0.03,39,599,0.0,2,0.20160972,0.20161963,0.99478024,0.10120914,0.10120914,1.0,9.908077e-06,9.789706e-05,-27.31243,2.1885602,0.7295201,0.2,0.0,0.13189463,5.725036,5.7350364,1920000
hardzero_plus_depr__c0p54__z1p05__lam0p010__nu0p50__psi1p00,hardzero_plus_depr,0.03,39,600,0.0,2,0.20161963,0.20162879,1.0246834,0.09447495,0.09447495,1.0,9.15679e-06,9.6922944e-05,-26.98079,2.2543485,0.7514495,0.128,0.0,0.13748711,5.7350364,5.7450366,1923200
hardzero_plus_depr__c0p54__z1p05__lam0p010__nu0p50__psi1p00,hardzero_plus_depr,0.03,39,601,0.0,2,0.20162879,0.20163901,0.9722379,0.10660119,0.10660119,1.0,1.0229293e-05,9.595852e-05,-25.915241,2.138966,0.71298873,0.14400001,0.0,0.119998835,5.7450366,5.755037,1926400
hardzero_plus_depr__c0p54__z1p05__lam0p010__nu0p50__psi1p00,hardzero_plus_depr,0.03,39,602,0.0,2,0.20163901,0.20164856,0.9978322,0.1005004,0.1005004,1.0,9.54791e-06,9.50037e-05,-26.667324,2.1952746,0.73175824,0.128,0.0,0.13308176,5.755037,5.765037,1929600
hardzero_plus_depr__c0p54__z1p05__lam0p010__nu0p50__psi1p00,hardzero_plus_depr,0.03,39,603,0.0,2,0.20164856,0.20165783,1.0061982,0.09858296,0.09858296,1.0,9.272553e-06,9.405838e-05,-26.616114,2.2136803,0.73789346,0.16000001,0.0,0.14426446,5.765037,5.7750373,1932800
hardzero_plus_depr__c0p54__z1p05__lam0p010__nu0p50__psi1p00,hardzero_plus_depr,0.03,39,604,0.0,2,0.20165783,0.20166764,0.97781354,0.10524136,0.10524136,1.0,9.800334e-06,9.312246e-05,-26.663763,2.1512327,0.7170776,0.17600001,0.0,0.13918786,5.7750373,5.7850375,1936000
hardzero_plus_depr__c0p54__z1p05__lam0p010__nu0p50__psi1p00,hardzero_plus_depr,0.03,39,605,0.0,2,0.20166764,0.20166764,1.0560812,0.0,0.087885804,0.0,0.0,9.219585e-05,-28.291222,2.323425,0.77447504,0.18400002,0.0,0.15822859,5.7850375,5.7950377,1939200
hardzero_plus_depr__c0p54__z1p05__lam0p010__nu0p50__psi1p00,hardzero_plus_depr,0.03,39,606,0.0,2,0.20166764,0.20167696,0.99036556,0.1022432,0.1022432,1.0,9.3326025e-06,9.127847e-05,-27.45187,2.1788478,0.7262826,0.128,0.0,0.17406107,5.7950377,5.805038,1942400
hardzero_plus_depr__c0p54__z1p05__lam0p010__nu0p50__psi1p00,hardzero_plus_depr,0.03,39,607,0.0,2,0.20167696,0.20168589,1.0050817,0.09883673,0.09883673,1.0,8.931896e-06,9.037022e-05,-26.80657,2.2112238,0.7370746,0.112,0.0,0.12610252,5.805038,5.815038,1945600
hardzero_plus_depr__c0p54__z1p05__lam0p010__nu0p50__psi1p00,hardzero_plus_depr,0.03,39,608,0.0,2,0.20168589,0.20168589,1.0635309,0.0,0.08639111,0.0,0.0,8.947099e-05,-28.174374,2.3398147,0.7799382,0.14400001,0.0,0.14899436,5.815038,5.8250384,1948800
hardzero_plus_depr__c0p54__z1p05__lam0p010__nu0p50__psi1p00,hardzero_plus_depr,0.03,39,609,0.0,2,0.20168589,0.20168589,1.0600442,0.0,0.0870875,0.0,0.0,8.858072e-05,-28.239197,2.3321438,0.7773813,0.14400001,0.0,0.15637138,5.8250384,5.8350387,1952000
hardzero_plus_depr__c0p54__z1p05__lam0p010__nu0p50__psi1p00,hardzero_plus_depr,0.03,39,610,0.0,2,0.20168589,0.20169444,1.0108032,0.097543135,0.097543135,1.0,8.554464e-06,8.76993e-05,-27.571884,2.2238114,0.7412705,0.120000005,0.0,0.13171232,5.8350387,5.845039,1955200
hardzero_plus_depr__c0p54__z1p05__lam0p010__nu0p50__psi1p00,hardzero_plus_depr,0.03,39,611,0.0,2,0.20169444,0.20170222,1.0474015,0.08965994,0.08965994,1.0,7.784874e-06,8.6826665e-05,-27.048506,2.3043294,0.7681098,0.21,0.0,0.13968001,5.845039,5.855039,1958400
hardzero_plus_depr__c0p54__z1p05__lam0p010__nu0p50__psi1p00,hardzero_plus_depr,0.03,39,612,0.0,2,0.20170222,0.2017103,1.0268153,0.09401231,0.09401231,1.0,8.0815535e-06,8.596271e-05,-27.24953,2.2590387,0.7530129,0.216,0.0,0.15880607,5.855039,5.8650393,1961600
hardzero_plus_depr__c0p54__z1p05__lam0p010__nu0p50__psi1p00,hardzero_plus_depr,0.03,39,613,0.0,2,0.2017103,0.20171936,0.97255695,0.10652292,0.10652292,1.0,9.065882e-06,8.510734e-05,-26.666693,2.139668,0.7132227,0.15200001,0.0,0.15117204,5.8650393,5.8750396,1964800
hardzero_plus_depr__c0p54__z1p05__lam0p010__nu0p50__psi1p00,hardzero_plus_depr,0.03,39,614,0.0,2,0.20171936,0.20171936,1.0575688,0.0,0.087585285,0.0,0.0,8.426049e-05,-27.956818,2.3266978,0.775566,0.2,0.0,0.17148338,5.8750396,5.88504,1968000
hardzero_plus_depr__c0p54__z1p05__lam0p010__nu0p50__psi1p00,hardzero_plus_depr,0.03,39,615,0.0,2,0.20171936,0.20172729,1.0220942,0.09503984,0.09503984,1.0,7.928419e-06,8.342206e-05,-27.008282,2.2486522,0.74955076,0.136,0.0,0.15236904,5.88504,5.89504,1971200
hardzero_plus_depr__c0p54__z1p05__lam0p010__nu0p50__psi1p00,hardzero_plus_depr,0.03,39,616,0.0,2,0.20172729,0.20173478,1.0421962,0.090741046,0.090741046,1.0,7.4944833e-06,8.2591985e-05,-27.336403,2.2928774,0.7642925,0.2,0.0,0.14226165,5.89504,5.9050403,1974400
hardzero_plus_depr__c0p54__z1p05__lam0p010__nu0p50__psi1p00,hardzero_plus_depr,0.03,39,617,0.0,2,0.20173478,0.20174325,0.9850456,0.103503354,0.103503354,1.0,8.463486e-06,8.177016e-05,-26.713215,2.1671436,0.72238123,0.208,0.0,0.13276841,5.9050403,5.9150405,1977600
hardzero_plus_depr__c0p54__z1p05__lam0p010__nu0p50__psi1p00,hardzero_plus_depr,0.03,39,618,0.0,2,0.20174325,0.20175207,0.96271735,0.10896389,0.10896389,1.0,8.821337e-06,8.095652e-05,-25.267118,2.1180205,0.7060069,0.224,0.0,0.13598989,5.9150405,5.9250407,1980800
hardzero_plus_depr__c0p54__z1p05__lam0p010__nu0p50__psi1p00,hardzero_plus_depr,0.03,39,619,0.0,2,0.20175207,0.20176038,0.9841161,0.10372511,0.10372511,1.0,8.313667e-06,8.015096e-05,-26.47763,2.1650987,0.7216996,0.16000001,0.0,0.1576015,5.9250407,5.935041,1984000
hardzero_plus_depr__c0p54__z1p05__lam0p010__nu0p50__psi1p00,hardzero_plus_depr,0.03,39,620,0.0,2,0.20176038,0.20176856,0.9870113,0.10303592,0.10303592,1.0,8.176254e-06,7.9353435e-05,-27.320675,2.1714683,0.7238228,0.14400001,0.0,0.14860457,5.935041,5.945041,1987200
hardzero_plus_depr__c0p54__z1p05__lam0p010__nu0p50__psi1p00,hardzero_plus_depr,0.03,39,621,0.0,2,0.20176856,0.20177676,0.9815111,0.104349144,0.104349144,1.0,8.198068e-06,7.8563826e-05,-26.172804,2.1593676,0.7197892,0.224,0.0,0.13120139,5.945041,5.9550414,1990400
hardzero_plus_depr__c0p54__z1p05__lam0p010__nu0p50__psi1p00,hardzero_plus_depr,0.03,39,622,0.0,2,0.20177676,0.20178442,1.0069302,0.098416924,0.098416924,1.0,7.655074e-06,7.778209e-05,-26.8933,2.2152908,0.73843026,0.15200001,0.0,0.14211088,5.9550414,5.9650416,1993600
hardzero_plus_depr__c0p54__z1p05__lam0p010__nu0p50__psi1p00,hardzero_plus_depr,0.03,39,623,0.0,2,0.20178442,0.20179145,1.0391667,0.09137624,0.09137624,1.0,7.036713e-06,7.700813e-05,-27.923979,2.2862124,0.76207083,0.16800001,0.0,0.14603408,5.9650416,5.975042,1996800
hardzero_plus_depr__c0p54__z1p05__lam0p010__nu0p50__psi1p00,hardzero_plus_depr,0.03,39,624,0.0,2,0.20179145,0.20179899,1.0051883,0.09881244,0.09881244,1.0,7.5336443e-06,7.6241864e-05,-27.341703,2.2114584,0.7371528,0.17,0.0,0.1434103,5.975042,5.985042,2000000
hardzero_plus_depr__c0p54__z1p05__lam0p010__nu0p50__psi1p00,hardzero_plus_depr,0.03,39,625,0.0,2,0.20179899,0.20180695,0.9771322,0.10540659,0.10540659,1.0,7.956431e-06,7.5483236e-05,-27.167202,2.1497338,0.71657795,0.192,0.0,0.13920027,5.985042,5.9950423,2003200
hardzero_plus_depr__c0p54__z1p05__lam0p010__nu0p50__psi1p00,hardzero_plus_depr,0.03,39,626,0.0,2,0.20180695,0.20180695,1.0753446,0.0,0.08407279,0.0,0.0,7.473214e-05,-28.452774,2.3658051,0.78860176,0.15200001,0.0,0.18591268,5.9950423,6.0050426,2006400
hardzero_plus_depr__c0p54__z1p05__lam0p010__nu0p50__psi1p00,hardzero_plus_depr,0.03,39,627,0.0,2,0.20180695,0.20181398,1.0220419,0.0950513,0.0950513,1.0,7.032706e-06,7.398853e-05,-26.986755,2.248537,0.7495124,0.18400002,0.0,0.18219887,6.0050426,6.015043,2009600
hardzero_plus_depr__c0p54__z1p05__lam0p010__nu0p50__psi1p00,hardzero_plus_depr,0.03,39,628,0.0,2,0.20181398,0.20182106,1.0152553,0.096548304,0.096548304,1.0,7.0723863e-06,7.325231e-05,-27.830883,2.2336063,0.74453545,0.2,0.0,0.14989577,6.015043,6.025043,2012800
hardzero_plus_depr__c0p54__z1p05__lam0p010__nu0p50__psi1p00,hardzero_plus_depr,0.03,39,629,0.0,2,0.20182106,0.20182844,0.9927368,0.10168647,0.10168647,1.0,7.3746505e-06,7.252342e-05,-26.262722,2.1840646,0.72802156,0.16800001,0.0,0.14037725,6.025043,6.0350432,2016000
hardzero_plus_depr__c0p54__z1p05__lam0p010__nu0p50__psi1p00,hardzero_plus_depr,0.03,39,630,0.0,2,0.20182844,0.20182844,1.0612642,0.0,0.08684321,0.0,0.0,7.180179e-05,-27.433983,2.3348277,0.7782759,0.15200001,0.0,0.15080199,6.0350432,6.0450435,2019200
hardzero_plus_depr__c0p54__z1p05__lam0p010__nu0p50__psi1p00,hardzero_plus_depr,0.03,39,631,0.0,2,0.20182844,0.20183554,0.99962157,0.10008718,0.10008718,1.0,7.11493e-06,7.108733e-05,-27.007757,2.1992114,0.7330705,0.16800001,0.0,0.15096463,6.0450435,6.0550437,2022400
hardzero_plus_depr__c0p54__z1p05__lam0p010__nu0p50__psi1p00,hardzero_plus_depr,0.03,39,632,0.0,2,0.20183554,0.20184247,1.0066485,0.098480776,0.098480776,1.0,6.931076e-06,7.037999e-05,-25.962713,2.2146711,0.73822373,0.128,0.0,0.14318688,6.0550437,6.065044,2025600
hardzero_plus_depr__c0p54__z1p05__lam0p010__nu0p50__psi1p00,hardzero_plus_depr,0.03,39,633,0.0,2,0.20184247,0.20184922,1.0135947,0.096918166,0.096918166,1.0,6.7532274e-06,6.9679685e-05,-27.18559,2.229953,0.7433177,0.136,0.0,0.14388177,6.065044,6.075044,2028800
hardzero_plus_depr__c0p54__z1p05__lam0p010__nu0p50__psi1p00,hardzero_plus_depr,0.03,39,634,0.0,2,0.20184922,0.20185623,0.99370533,0.10145994,0.10145994,1.0,6.99935e-06,6.898634e-05,-27.099663,2.1861954,0.7287318,0.16000001,0.0,0.13003996,6.075044,6.0850444,2032000
hardzero_plus_depr__c0p54__z1p05__lam0p010__nu0p50__psi1p00,hardzero_plus_depr,0.03,39,635,0.0,2,0.20185623,0.20186347,0.9744271,0.106065184,0.106065184,1.0,7.244241e-06,6.8299894e-05,-25.998774,2.1437824,0.7145941,0.208,0.0,0.14980778,6.0850444,6.0950446,2035200
hardzero_plus_depr__c0p54__z1p05__lam0p010__nu0p50__psi1p00,hardzero_plus_depr,0.03,39,636,0.0,2,0.20186347,0.2018704,0.9890139,0.102561906,0.102561906,1.0,6.935265e-06,6.762028e-05,-26.997986,2.175874,0.7252914,0.2,0.0,0.1654604,6.0950446,6.105045,2038400
hardzero_plus_depr__c0p54__z1p05__lam0p010__nu0p50__psi1p00,hardzero_plus_depr,0.03,39,637,0.0,2,0.2018704,0.20187686,1.0147483,0.09666107,0.09666107,1.0,6.4712112e-06,6.694744e-05,-26.94426,2.232491,0.7441637,0.14999999,0.0,0.14923307,6.105045,6.115045,2041600
hardzero_plus_depr__c0p54__z1p05__lam0p010__nu0p50__psi1p00,hardzero_plus_depr,0.03,39,638,0.0,2,0.20187686,0.20188363,0.9913612,0.102009065,0.102009065,1.0,6.7612914e-06,6.628128e-05,-26.927158,2.1810381,0.72701275,0.224,0.0,0.1690374,6.115045,6.1250453,2044800
hardzero_plus_depr__c0p54__z1p05__lam0p010__nu0p50__psi1p00,hardzero_plus_depr,0.03,39,639,0.0,2,0.20188363,0.20189054,0.97743946,0.10533205,0.10533205,1.0,6.9120742e-06,6.562176e-05,-26.536285,2.1504097,0.71680325,0.17600001,0.0,0.14456685,6.1250453,6.1350455,2048000
hardzero_plus_depr__c0p54__z1p05__lam0p010__nu0p50__psi1p00,hardzero_plus_depr,0.03,39,640,0.0,2,0.20189054,0.20189801,0.9395403,0.11493694,0.11493694,1.0,7.4673144e-06,6.496879e-05,-25.382061,2.06703,0.68901,0.16000001,0.0,0.12059017,6.1350455,6.1450458,2051200
hardzero_plus_depr__c0p54__z1p05__lam0p010__nu0p50__psi1p00,hardzero_plus_depr,0.03,39,641,0.0,2,0.20189801,0.20190436,1.0060085,0.098626,0.098626,1.0,6.343854e-06,6.4322325e-05,-27.74809,2.213263,0.73775434,0.15200001,0.0,0.14483328,6.1450458,6.155046,2054400
hardzero_plus_depr__c0p54__z1p05__lam0p010__nu0p50__psi1p00,hardzero_plus_depr,0.03,39,642,0.0,2,0.20190436,0.20191033,1.0279037,0.093776986,0.093776986,1.0,5.9719346e-06,6.36823e-05,-27.155834,2.2614331,0.75381106,0.136,0.0,0.12983908,6.155046,6.165046,2057600
hardzero_plus_depr__c0p54__z1p05__lam0p010__nu0p50__psi1p00,hardzero_plus_depr,0.03,39,643,0.0,2,0.20191033,0.20191596,1.0484295,0.08944796,0.08944796,1.0,5.639572e-06,6.304864e-05,-28.103138,2.306591,0.7688637,0.208,0.0,0.14375073,6.165046,6.1750464,2060800
hardzero_plus_depr__c0p54__z1p05__lam0p010__nu0p50__psi1p00,hardzero_plus_depr,0.03,39,644,0.0,2,0.20191596,0.201924,0.8908334,0.12857798,0.12857798,1.0,8.026002e-06,6.2421284e-05,-24.730246,1.9598726,0.65329087,0.224,0.0,0.124256216,6.1750464,6.1850467,2064000
hardzero_plus_depr__c0p54__z1p05__lam0p010__nu0p50__psi1p00,hardzero_plus_depr,0.03,39,645,0.0,2,0.201924,0.20193021,0.9977248,0.100525275,0.100525275,1.0,6.2124786e-06,6.1800165e-05,-27.592329,2.1950383,0.73167944,0.23200001,0.0,0.18567394,6.1850467,6.195047,2067200
hardzero_plus_depr__c0p54__z1p05__lam0p010__nu0p50__psi1p00,hardzero_plus_depr,0.03,39,646,0.0,2,0.20193021,0.20193021,1.0655092,0.0,0.08599848,0.0,0.0,6.118522e-05,-27.68104,2.344167,0.781389,0.16800001,0.0,0.16889256,6.195047,6.205047,2070400
hardzero_plus_depr__c0p54__z1p05__lam0p010__nu0p50__psi1p00,hardzero_plus_depr,0.03,39,647,0.0,2,0.20193021,0.20193604,1.0169704,0.09616777,0.09616777,1.0,5.8254986e-06,6.057641e-05,-26.797924,2.2373796,0.7457932,0.128,0.0,0.12819274,6.205047,6.2150474,2073600
hardzero_plus_depr__c0p54__z1p05__lam0p010__nu0p50__psi1p00,hardzero_plus_depr,0.03,39,648,0.0,2,0.20193604,0.20194274,0.95111454,0.11191426,0.11191426,1.0,6.7119067e-06,5.997365e-05,-25.539837,2.0924938,0.69749796,0.16000001,0.0,0.11565116,6.2150474,6.2250476,2076800
hardzero_plus_depr__c0p54__z1p05__lam0p010__nu0p50__psi1p00,hardzero_plus_depr,0.03,39,649,0.0,2,0.20194274,0.20194274,1.0582697,0.0,0.08744405,0.0,0.0,5.9376885e-05,-27.622585,2.32824,0.77608,0.16800001,0.0,0.14821415,6.2250476,6.235048,2080000
hardzero_plus_depr__c0p54__z1p05__lam0p010__nu0p50__psi1p00,hardzero_plus_depr,0.03,39,650,0.0,2,0.20194274,0.20194852,1.0072672,0.098340586,0.098340586,1.0,5.7810557e-06,5.8786063e-05,-27.38403,2.2160323,0.73867744,0.14999999,0.0,0.12754406,6.235048,6.245048,2083200
hardzero_plus_depr__c0p54__z1p05__lam0p010__nu0p50__psi1p00,hardzero_plus_depr,0.03,39,651,0.0,2,0.20194852,0.20195411,1.0177659,0.0959918,0.0959918,1.0,5.5868304e-06,5.8201123e-05,-26.885717,2.2391295,0.7463765,0.192,0.0,0.17089908,6.245048,6.2550483,2086400
hardzero_plus_depr__c0p54__z1p05__lam0p010__nu0p50__psi1p00,hardzero_plus_depr,0.03,39,652,0.0,2,0.20195411,0.20195976,1.0085369,0.09805348,0.09805348,1.0,5.650037e-06,5.7621997e-05,-28.02441,2.2188256,0.7396085,0.15200001,0.0,0.11799725,6.2550483,6.2650485,2089600
hardzero_plus_depr__c0p54__z1p05__lam0p010__nu0p50__psi1p00,hardzero_plus_depr,0.03,39,653,0.0,2,0.20195976,0.20196572,0.98144,0.104366235,0.104366235,1.0,5.953951e-06,5.7048634e-05,-26.26953,2.1592112,0.71973705,0.18400002,0.0,0.17009082,6.2650485,6.2750487,2092800
hardzero_plus_depr__c0p54__z1p05__lam0p010__nu0p50__psi1p00,hardzero_plus_depr,0.03,39,654,0.0,2,0.20196572,0.20196572,1.0806315,0.0,0.08305552,0.0,0.0,5.6480978e-05,-28.245785,2.3774366,0.7924789,0.120000005,0.0,0.14323719,6.2750487,6.285049,2096000
hardzero_plus_depr__c0p54__z1p05__lam0p010__nu0p50__psi1p00,hardzero_plus_depr,0.03,39,655,0.0,2,0.20196572,0.20196572,1.0505546,0.0,0.089011334,0.0,0.0,5.591897e-05,-29.221195,2.3112664,0.77042216,0.16800001,0.0,0.20002995,6.285049,6.295049,2099200
hardzero_plus_depr__c0p54__z1p05__lam0p010__nu0p50__psi1p00,hardzero_plus_depr,0.03,39,656,0.0,2,0.20196572,0.20197119,1.0058758,0.09865615,0.09865615,1.0,5.4618567e-06,5.5362558e-05,-27.441298,2.212971,0.737657,0.17600001,0.0,0.13266642,6.295049,6.3050494,2102400
hardzero_plus_depr__c0p54__z1p05__lam0p010__nu0p50__psi1p00,hardzero_plus_depr,0.03,39,657,0.0,2,0.20197119,0.20197621,1.0386423,0.09148665,0.09148665,1.0,5.014537e-06,5.4811677e-05,-27.826761,2.2850587,0.76168627,0.104,0.0,0.1501763,6.3050494,6.3150496,2105600
hardzero_plus_depr__c0p54__z1p05__lam0p010__nu0p50__psi1p00,hardzero_plus_depr,0.03,39,658,0.0,2,0.20197621,0.20198128,1.0295864,0.093414344,0.093414344,1.0,5.069249e-06,5.426628e-05,-27.961782,2.2651353,0.7550451,0.120000005,0.0,0.16771634,6.3150496,6.32505,2108800
hardzero_plus_depr__c0p54__z1p05__lam0p010__nu0p50__psi1p00,hardzero_plus_depr,0.03,39,659,0.0,2,0.20198128,0.20198615,1.0430382,0.090565294,0.090565294,1.0,4.8657384e-06,5.3726304e-05,-27.85853,2.29473,0.76491,0.216,0.0,0.14934464,6.32505,6.33505,2112000
hardzero_plus_depr__c0p54__z1p05__lam0p010__nu0p50__psi1p00,hardzero_plus_depr,0.03,39,660,0.0,2,0.20198615,0.2019919,0.9659896,0.10814599,0.10814599,1.0,5.75247e-06,5.3191707e-05,-25.372469,2.1252196,0.70840657,0.17600001,0.0,0.14307618,6.33505,6.3450503,2115200
hardzero_plus_depr__c0p54__z1p05__lam0p010__nu0p50__psi1p00,hardzero_plus_depr,0.03,39,661,0.0,2,0.2019919,0.2019919,1.0709728,0.0,0.08492336,0.0,0.0,5.266243e-05,-28.750069,2.356187,0.78539574,0.136,0.0,0.18759961,6.3450503,6.3550506,2118400
hardzero_plus_depr__c0p54__z1p05__lam0p010__nu0p50__psi1p00,hardzero_plus_depr,0.03,39,662,0.0,2,0.2019919,0.20199694,1.0152469,0.0965502,0.0965502,1.0,5.033975e-06,5.213842e-05,-26.707605,2.2335877,0.74452925,0.120000005,0.0,0.15384105,6.3550506,6.365051,2121600
hardzero_plus_depr__c0p54__z1p05__lam0p010__nu0p50__psi1p00,hardzero_plus_depr,0.03,39,663,0.0,2,0.20199694,0.20200254,0.96488833,0.10842056,0.10842056,1.0,5.596628e-06,5.161962e-05,-26.075651,2.1227968,0.7075989,0.25,0.0,0.14454778,6.365051,6.375051,2124800
hardzero_plus_depr__c0p54__z1p05__lam0p010__nu0p50__psi1p00,hardzero_plus_depr,0.03,39,664,0.0,2,0.20200254,0.20200825,0.9526173,0.11152769,0.11152769,1.0,5.6997324e-06,5.1105984e-05,-26.534306,2.0958,0.6986,0.272,0.0,0.13490237,6.375051,6.3850513,2128000
hardzero_plus_depr__c0p54__z1p05__lam0p010__nu0p50__psi1p00,hardzero_plus_depr,0.03,39,665,0.0,2,0.20200825,0.20201276,1.0496069,0.089205794,0.089205794,1.0,4.5135866e-06,5.059746e-05,-27.640882,2.3091812,0.7697271,0.16000001,0.0,0.1483976,6.3850513,6.3950515,2131200
hardzero_plus_depr__c0p54__z1p05__lam0p010__nu0p50__psi1p00,hardzero_plus_depr,0.03,39,666,0.0,2,0.20201276,0.20201746,1.0286126,0.09362404,0.09362404,1.0,4.6900022e-06,5.0093997e-05,-27.877438,2.2629929,0.754331,0.192,0.0,0.1573924,6.3950515,6.4050517,2134400
hardzero_plus_depr__c0p54__z1p05__lam0p010__nu0p50__psi1p00,hardzero_plus_depr,0.03,39,667,0.0,2,0.20201746,0.20202222,1.0174081,0.09607091,0.09607091,1.0,4.764689e-06,4.9595543e-05,-27.573502,2.2383425,0.7461142,0.096,0.0,0.15520959,6.4050517,6.415052,2137600
hardzero_plus_depr__c0p54__z1p05__lam0p010__nu0p50__psi1p00,hardzero_plus_depr,0.03,39,668,0.0,2,0.20202222,0.20202689,1.0222695,0.095001504,0.095001504,1.0,4.6647683e-06,4.9102047e-05,-27.390717,2.2490377,0.74967927,0.14400001,0.0,0.15692362,6.415052,6.425052,2140800
hardzero_plus_depr__c0p54__z1p05__lam0p010__nu0p50__psi1p00,hardzero_plus_depr,0.03,39,669,0.0,2,0.20202689,0.20203139,1.0341084,0.09244674,0.09244674,1.0,4.494156e-06,4.8613463e-05,-28.156906,2.275084,0.75836134,0.192,0.0,0.15955286,6.425052,6.4350524,2144000
hardzero_plus_depr__c0p54__z1p05__lam0p010__nu0p50__psi1p00,hardzero_plus_depr,0.03,39,670,0.0,2,0.20203139,0.20203578,1.0389992,0.09141149,0.09141149,1.0,4.3996115e-06,4.812974e-05,-27.45438,2.2858438,0.761948,0.120000005,0.0,0.15848453,6.4350524,6.4450526,2147200
hardzero_plus_depr__c0p54__z1p05__lam0p010__nu0p50__psi1p00,hardzero_plus_depr,0.03,39,671,0.0,2,0.20203578,0.20204034,1.0184567,0.095839225,0.095839225,1.0,4.566819e-06,4.7650832e-05,-27.891127,2.2406495,0.74688315,0.16800001,0.0,0.17494601,6.4450526,6.455053,2150400
hardzero_plus_depr__c0p54__z1p05__lam0p010__nu0p50__psi1p00,hardzero_plus_depr,0.03,39,672,0.0,2,0.20204034,0.20204462,1.0420209,0.09077768,0.09077768,1.0,4.28259e-06,4.7176687e-05,-26.925505,2.292492,0.764164,0.080000006,0.0,0.16838875,6.455053,6.465053,2153600
hardzero_plus_depr__c0p54__z1p05__lam0p010__nu0p50__psi1p00,hardzero_plus_depr,0.03,39,673,0.0,2,0.20204462,0.20204929,1.0000093,0.099997856,0.099997856,1.0,4.6706255e-06,4.6707257e-05,-27.034342,2.2000644,0.7333548,0.192,0.0,0.13754435,6.465053,6.4750533,2156800
hardzero_plus_depr__c0p54__z1p05__lam0p010__nu0p50__psi1p00,hardzero_plus_depr,0.03,39,674,0.0,2,0.20204929,0.20205393,0.9970127,0.10069023,0.10069023,1.0,4.656168e-06,4.62425e-05,-26.73593,2.1934717,0.73115724,0.15200001,0.0,0.11930377,6.4750533,6.4850535,2160000
hardzero_plus_depr__c0p54__z1p05__lam0p010__nu0p50__psi1p00,hardzero_plus_depr,0.03,39,675,0.0,2,0.20205393,0.20205848,1.0037811,0.09913314,0.09913314,1.0,4.53855e-06,4.578237e-05,-26.306688,2.2083626,0.7361209,0.2,0.0,0.13101092,6.4850535,6.495054,2163200
hardzero_plus_depr__c0p54__z1p05__lam0p010__nu0p50__psi1p00,hardzero_plus_depr,0.03,39,676,0.0,2,0.20205848,0.20206313,0.98836833,0.10271449,0.10271449,1.0,4.6557207e-06,4.532682e-05,-26.091127,2.1744537,0.72481793,0.19999999,0.0,0.12432532,6.495054,6.505054,2166400
hardzero_plus_depr__c0p54__z1p05__lam0p010__nu0p50__psi1p00,hardzero_plus_depr,0.03,39,677,0.0,2,0.20206313,0.20206714,1.0493913,0.08925011,0.08925011,1.0,4.00517e-06,4.48758e-05,-27.331196,2.308707,0.76956904,0.128,0.0,0.13657185,6.505054,6.515054,2169600
hardzero_plus_depr__c0p54__z1p05__lam0p010__nu0p50__psi1p00,hardzero_plus_depr,0.03,39,678,0.0,2,0.20206714,0.20207192,0.96752155,0.10776519,0.10776519,1.0,4.787928e-06,4.4429264e-05,-26.37125,2.1285899,0.70953,0.17600001,0.0,0.13036928,6.515054,6.5250545,2172800
hardzero_plus_depr__c0p54__z1p05__lam0p010__nu0p50__psi1p00,hardzero_plus_depr,0.03,39,679,0.0,2,0.20207192,0.20207648,0.9845452,0.10362268,0.10362268,1.0,4.5580696e-06,4.398718e-05,-25.70226,2.1660426,0.7220142,0.192,0.0,0.11793422,6.5250545,6.5350547,2176000
hardzero_plus_depr__c0p54__z1p05__lam0p010__nu0p50__psi1p00,hardzero_plus_depr,0.03,39,680,0.0,2,0.20207648,0.20208111,0.97255313,0.10652385,0.10652385,1.0,4.639059e-06,4.3549488e-05,-26.438416,2.1396596,0.7132199,0.23200001,0.0,0.13013048,6.5350547,6.545055,2179200
hardzero_plus_depr__c0p54__z1p05__lam0p010__nu0p50__psi1p00,hardzero_plus_depr,0.03,39,681,0.0,2,0.20208111,0.20208547,0.99605817,0.10091177,0.10091177,1.0,4.3509276e-06,4.3116157e-05,-26.280579,2.1913717,0.73045725,0.18400002,0.0,0.15002546,6.545055,6.555055,2182400
hardzero_plus_depr__c0p54__z1p05__lam0p010__nu0p50__psi1p00,hardzero_plus_depr,0.03,39,682,0.0,2,0.20208547,0.20208985,0.9894273,0.10246432,0.10246432,1.0,4.373908e-06,4.268713e-05,-27.78361,2.1767836,0.7255945,0.192,0.0,0.15599708,6.555055,6.5650554,2185600
hardzero_plus_depr__c0p54__z1p05__lam0p010__nu0p50__psi1p00,hardzero_plus_depr,0.03,39,683,0.0,2,0.20208985,0.20209393,1.0151252,0.09657724,0.09657724,1.0,4.081584e-06,4.2262378e-05,-28.000137,2.23332,0.74444,0.14400001,0.0,0.16237742,6.5650554,6.5750556,2188800
hardzero_plus_depr__c0p54__z1p05__lam0p010__nu0p50__psi1p00,hardzero_plus_depr,0.03,39,684,0.0,2,0.20209393,0.20209822,0.98938113,0.10247521,0.10247521,1.0,4.2877527e-06,4.1841853e-05,-27.059664,2.176682,0.72556067,0.2,0.0,0.15493917,6.5750556,6.585056,2192000
hardzero_plus_depr__c0p54__z1p05__lam0p010__nu0p50__psi1p00,hardzero_plus_depr,0.03,39,685,0.0,2,0.20209822,0.20209822,1.0748533,0.0,0.08416794,0.0,0.0,4.1425505e-05,-28.541395,2.3647244,0.7882415,0.136,0.0,0.15895523,6.585056,6.595056,2195200
hardzero_plus_depr__c0p54__z1p05__lam0p010__nu0p50__psi1p00,hardzero_plus_depr,0.03,39,686,0.0,2,0.20209822,0.2021021,1.0252467,0.09435248,0.09435248,1.0,3.8697067e-06,4.1013303e-05,-26.992044,2.2555878,0.75186265,0.112,0.0,0.13829044,6.595056,6.6050563,2198400
hardzero_plus_depr__c0p54__z1p05__lam0p010__nu0p50__psi1p00,hardzero_plus_depr,0.03,39,687,0.0,2,0.2021021,0.20210592,1.0250634,0.0943923,0.0943923,1.0,3.832819e-06,4.060521e-05,-26.913338,2.2551844,0.7517282,0.16800001,0.0,0.1445084,6.6050563,6.6150565,2201600
hardzero_plus_depr__c0p54__z1p05__lam0p010__nu0p50__psi1p00,hardzero_plus_depr,0.03,39,688,0.0,2,0.20210592,0.20210965,1.0327451,0.092737384,0.092737384,1.0,3.7281516e-06,4.0201172e-05,-27.600105,2.2720847,0.7573616,0.192,0.0,0.1457261,6.6150565,6.6250567,2204800
hardzero_plus_depr__c0p54__z1p05__lam0p010__nu0p50__psi1p00,hardzero_plus_depr,0.03,39,689,0.0,2,0.20210965,0.20211406,0.95507437,0.11089848,0.11089848,1.0,4.413887e-06,3.980115e-05,-26.1087,2.1012056,0.7004019,0.19,0.0,0.123836726,6.6250567,6.635057,2208000
hardzero_plus_depr__c0p54__z1p05__lam0p010__nu0p50__psi1p00,hardzero_plus_depr,0.03,39,690,0.0,2,0.20211406,0.2021178,1.0223849,0.094976276,0.094976276,1.0,3.7425511e-06,3.9405117e-05,-26.869572,2.2492917,0.7497639,0.136,0.0,0.16423424,6.635057,6.645057,2211200
hardzero_plus_depr__c0p54__z1p05__lam0p010__nu0p50__psi1p00,hardzero_plus_depr,0.03,39,691,0.0,2,0.2021178,0.20212135,1.0417782,0.090828426,0.090828426,1.0,3.5434912e-06,3.901302e-05,-27.509186,2.2919579,0.763986,0.136,0.0,0.13681473,6.645057,6.6550574,2214400
hardzero_plus_depr__c0p54__z1p05__lam0p010__nu0p50__psi1p00,hardzero_plus_depr,0.03,39,692,0.0,2,0.20212135,0.20212135,1.0862346,0.0,0.08199085,0.0,0.0,3.862483e-05,-28.265057,2.3897638,0.79658794,0.16800001,0.0,0.17531784,6.6550574,6.6650577,2217600
hardzero_plus_depr__c0p54__z1p05__lam0p010__nu0p50__psi1p00,hardzero_plus_depr,0.03,39,693,0.0,2,0.20212135,0.20212539,0.9763369,0.1055998,0.1055998,1.0,4.0381883e-06,3.8240494e-05,-26.427143,2.147984,0.7159947,0.16000001,0.0,0.13048683,6.6650577,6.675058,2220800
hardzero_plus_depr__c0p54__z1p05__lam0p010__nu0p50__psi1p00,hardzero_plus_depr,0.03,39,694,0.0,2,0.20212539,0.20212922,0.99462074,0.10124633,0.10124633,1.0,3.8331846e-06,3.7859987e-05,-27.136158,2.1882093,0.72940314,0.14400001,0.0,0.114257626,6.675058,6.685058,2224000
hardzero_plus_depr__c0p54__z1p05__lam0p010__nu0p50__psi1p00,hardzero_plus_depr,0.03,39,695,0.0,2,0.20212922,0.20213275,1.0256487,0.09426517,0.09426517,1.0,3.5333662e-06,3.7483263e-05,-26.626373,2.256472,0.7521574,0.120000005,0.0,0.13744,6.685058,6.6950583,2227200
hardzero_plus_depr__c0p54__z1p05__lam0p010__nu0p50__psi1p00,hardzero_plus_depr,0.03,39,696,0.0,2,0.20213275,0.20213614,1.0380368,0.091614276,0.091614276,1.0,3.3998322e-06,3.7110287e-05,-27.805723,2.2837267,0.7612423,0.112,0.0,0.18834494,6.6950583,6.7050586,2230400
hardzero_plus_depr__c0p54__z1p05__lam0p010__nu0p50__psi1p00,hardzero_plus_depr,0.03,39,697,0.0,2,0.20213614,0.20213959,1.0280496,0.093745485,0.093745485,1.0,3.4443058e-06,3.6741032e-05,-27.319067,2.2617543,0.7539181,0.14400001,0.0,0.17694809,6.7050586,6.715059,2233600
hardzero_plus_depr__c0p54__z1p05__lam0p010__nu0p50__psi1p00,hardzero_plus_depr,0.03,39,698,0.0,2,0.20213959,0.20214306,1.0201298,0.09547073,0.09547073,1.0,3.47279e-06,3.6375444e-05,-26.561497,2.2443304,0.7481102,0.096,0.0,0.14623095,6.715059,6.725059,2236800
hardzero_plus_depr__c0p54__z1p05__lam0p010__nu0p50__psi1p00,hardzero_plus_depr,0.03,39,699,0.0,2,0.20214306,0.20214306,1.0619172,0.0,0.08671272,0.0,0.0,3.601349e-05,-27.59337,2.3362644,0.77875483,0.136,0.0,0.14836292,6.725059,6.7350593,2240000
hardzero_plus_depr__c0p54__z1p05__lam0p010__nu0p50__psi1p00,hardzero_plus_depr,0.03,39,700,0.0,2,0.20214306,0.20214306,1.0736698,0.0,0.08439762,0.0,0.0,3.5655143e-05,-27.949896,2.3621206,0.78737354,0.14400001,0.0,0.15910164,6.7350593,6.7450595,2243200
hardzero_plus_depr__c0p54__z1p05__lam0p010__nu0p50__psi1p00,hardzero_plus_depr,0.03,39,701,0.0,2,0.20214306,0.20214672,0.9828927,0.10401771,0.10401771,1.0,3.6718623e-06,3.5300356e-05,-26.354393,2.1624072,0.7208024,0.136,0.0,0.121618934,6.7450595,6.7550597,2246400
hardzero_plus_depr__c0p54__z1p05__lam0p010__nu0p50__psi1p00,hardzero_plus_depr,0.03,39,702,0.0,2,0.20214672,0.20215026,0.99485743,0.10119116,0.10119116,1.0,3.536541e-06,3.494911e-05,-27.759457,2.18873,0.7295767,0.19,0.0,0.15574153,6.7550597,6.76506,2249600
hardzero_plus_depr__c0p54__z1p05__lam0p010__nu0p50__psi1p00,hardzero_plus_depr,0.03,39,703,0.0,2,0.20215026,0.20215364,1.010609,0.09758677,0.09758677,1.0,3.3766341e-06,3.460135e-05,-27.145454,2.2233844,0.74112815,0.16000001,0.0,0.15045023,6.76506,6.77506,2252800
hardzero_plus_depr__c0p54__z1p05__lam0p010__nu0p50__psi1p00,hardzero_plus_depr,0.03,39,704,0.0,2,0.20215364,0.20215687,1.0251821,0.09436651,0.09436651,1.0,3.2327182e-06,3.425705e-05,-26.933022,2.2554457,0.75181526,0.136,0.0,0.14757778,6.77506,6.7850604,2256000
hardzero_plus_depr__c0p54__z1p05__lam0p010__nu0p50__psi1p00,hardzero_plus_depr,0.03,39,705,0.0,2,0.20215687,0.2021601,1.0201458,0.095467195,0.095467195,1.0,3.2378828e-06,3.391618e-05,-26.710667,2.2443655,0.74812186,0.16000001,0.0,0.14380872,6.7850604,6.7950606,2259200
hardzero_plus_depr__c0p54__z1p05__lam0p010__nu0p50__psi1p00,hardzero_plus_depr,0.03,39,706,0.0,2,0.2021601,0.2021601,1.0530597,0.0,0.08849939,0.0,0.0,3.3578704e-05,-28.103977,2.3167775,0.7722592,0.16000001,0.0,0.16471024,6.7950606,6.805061,2262400
hardzero_plus_depr__c0p54__z1p05__lam0p010__nu0p50__psi1p00,hardzero_plus_depr,0.03,39,707,0.0,2,0.2021601,0.20216364,0.97380364,0.10621758,0.10621758,1.0,3.5311587e-06,3.3244578e-05,-26.015028,2.1424108,0.71413696,0.14400001,0.0,0.12807977,6.805061,6.815061,2265600
hardzero_plus_depr__c0p54__z1p05__lam0p010__nu0p50__psi1p00,hardzero_plus_depr,0.03,39,708,0.0,2,0.20216364,0.20216666,1.0360487,0.09203464,0.09203464,1.0,3.029208e-06,3.2913784e-05,-27.19498,2.2793524,0.75978416,0.192,0.0,0.16908173,6.815061,6.8250613,2268800
hardzero_plus_depr__c0p54__z1p05__lam0p010__nu0p50__psi1p00,hardzero_plus_depr,0.03,39,709,0.0,2,0.20216666,0.20216994,0.99677783,0.10074469,0.10074469,1.0,3.2828943e-06,3.258628e-05,-26.886827,2.192955,0.73098505,0.17600001,0.0,0.14975756,6.8250613,6.8350616,2272000
hardzero_plus_depr__c0p54__z1p05__lam0p010__nu0p50__psi1p00,hardzero_plus_depr,0.03,39,710,0.0,2,0.20216994,0.20217311,1.0071607,0.09836471,0.09836471,1.0,3.1734455e-06,3.2262033e-05,-26.901321,2.2157977,0.73859924,0.14400001,0.0,0.14678548,6.8350616,6.845062,2275200
hardzero_plus_depr__c0p54__z1p05__lam0p010__nu0p50__psi1p00,hardzero_plus_depr,0.03,39,711,0.0,2,0.20217311,0.20217605,1.0364563,0.091948286,0.091948286,1.0,2.9369214e-06,3.1941014e-05,-27.899576,2.2802496,0.7600832,0.064,0.0,0.14749396,6.845062,6.855062,2278400
hardzero_plus_depr__c0p54__z1p05__lam0p010__nu0p50__psi1p00,hardzero_plus_depr,0.03,39,712,0.0,2,0.20217605,0.20217903,1.0263902,0.09410436,0.09410436,1.0,2.9758799e-06,3.162319e-05,-26.61906,2.2581036,0.7527012,0.24000001,0.0,0.13664642,6.855062,6.865062,2281600
hardzero_plus_depr__c0p54__z1p05__lam0p010__nu0p50__psi1p00,hardzero_plus_depr,0.03,39,713,0.0,2,0.20217903,0.20218185,1.0463806,0.08987096,0.08987096,1.0,2.8137272e-06,3.1308526e-05,-27.981262,2.3020833,0.7673611,0.136,0.0,0.13794453,6.865062,6.8750625,2284800
hardzero_plus_depr__c0p54__z1p05__lam0p010__nu0p50__psi1p00,hardzero_plus_depr,0.03,39,714,0.0,2,0.20218185,0.20218468,1.0385642,0.09150309,0.09150309,1.0,2.8363208e-06,3.0996995e-05,-27.599567,2.2848868,0.761629,0.128,0.0,0.15800805,6.8750625,6.8850627,2288000
hardzero_plus_depr__c0p54__z1p05__lam0p010__nu0p50__psi1p00,hardzero_plus_depr,0.03,39,715,0.0,2,0.20218468,0.2021879,0.97899324,0.104955874,0.104955874,1.0,3.2209446e-06,3.068856e-05,-25.941442,2.1538281,0.7179427,0.17999999,0.0,0.12077578,6.8850627,6.895063,2291200
hardzero_plus_depr__c0p54__z1p05__lam0p010__nu0p50__psi1p00,hardzero_plus_depr,0.03,39,716,0.0,2,0.2021879,0.20219122,0.9613917,0.109297015,0.109297015,1.0,3.3207928e-06,3.0383197e-05,-26.198975,2.115104,0.7050347,0.192,0.0,0.14509176,6.895063,6.905063,2294400
hardzero_plus_depr__c0p54__z1p05__lam0p010__nu0p50__psi1p00,hardzero_plus_depr,0.03,39,717,0.0,2,0.20219122,0.20219393,1.0445349,0.0902537,0.0902537,1.0,2.7149101e-06,3.0080872e-05,-27.682487,2.2980227,0.7660076,0.17600001,0.0,0.13469124,6.905063,6.9150634,2297600
hardzero_plus_depr__c0p54__z1p05__lam0p010__nu0p50__psi1p00,hardzero_plus_depr,0.03,39,718,0.0,2,0.20219393,0.20219703,0.9826205,0.104082935,0.104082935,1.0,3.0997517e-06,2.9781555e-05,-26.708473,2.1618083,0.72060275,0.14400001,0.0,0.12417676,6.9150634,6.9250636,2300800
hardzero_plus_depr__c0p54__z1p05__lam0p010__nu0p50__psi1p00,hardzero_plus_depr,0.03,39,719,0.0,2,0.20219703,0.20219989,1.0119674,0.09728202,0.09728202,1.0,2.868382e-06,2.948522e-05,-26.882895,2.2263727,0.74212426,0.104,0.0,0.11670352,6.9250636,6.935064,2304000
hardzero_plus_depr__c0p54__z1p05__lam0p010__nu0p50__psi1p00,hardzero_plus_depr,0.03,39,720,0.0,2,0.20219989,0.20220289,0.98927015,0.10250141,0.10250141,1.0,2.9922035e-06,2.9191828e-05,-26.62013,2.1764379,0.7254793,0.15200001,0.0,0.13149886,6.935064,6.945064,2307200
hardzero_plus_depr__c0p54__z1p05__lam0p010__nu0p50__psi1p00,hardzero_plus_depr,0.03,39,721,0.0,2,0.20220289,0.20220587,0.9857124,0.10334455,0.10334455,1.0,2.9867979e-06,2.8901359e-05,-26.187044,2.1686106,0.72287023,0.24800001,0.0,0.14976378,6.945064,6.9550643,2310400
hardzero_plus_depr__c0p54__z1p05__lam0p010__nu0p50__psi1p00,hardzero_plus_depr,0.03,39,722,0.0,2,0.20220587,0.20220895,0.9676122,0.10774268,0.10774268,1.0,3.0829253e-06,2.8613778e-05,-27.304714,2.1287894,0.7095965,0.192,0.0,0.14352572,6.9550643,6.9650645,2313600
hardzero_plus_depr__c0p54__z1p05__lam0p010__nu0p50__psi1p00,hardzero_plus_depr,0.03,39,723,0.0,2,0.20220895,0.2022117,1.0145006,0.09671624,0.09671624,1.0,2.73988e-06,2.832906e-05,-27.301132,2.231946,0.743982,0.16800001,0.0,0.18272388,6.9650645,6.9750648,2316800
hardzero_plus_depr__c0p54__z1p05__lam0p010__nu0p50__psi1p00,hardzero_plus_depr,0.03,39,724,0.0,2,0.2022117,0.2022147,0.96879447,0.10744978,0.10744978,1.0,3.0136625e-06,2.8047174e-05,-26.627975,2.1313903,0.71046346,0.208,0.0,0.15317534,6.9750648,6.985065,2320000
hardzero_plus_depr__c0p54__z1p05__lam0p010__nu0p50__psi1p00,hardzero_plus_depr,0.03,39,725,0.0,2,0.2022147,0.20221777,0.9571207,0.11037717,0.11037717,1.0,3.0649637e-06,2.7768094e-05,-26.538845,2.1057076,0.70190257,0.23200001,0.0,0.13931638,6.985065,6.995065,2323200
hardzero_plus_depr__c0p54__z1p05__lam0p010__nu0p50__psi1p00,hardzero_plus_depr,0.03,39,726,0.0,2,0.20221777,0.2022204,1.0216334,0.09514075,0.09514075,1.0,2.6155897e-06,2.7491791e-05,-26.881615,2.2476382,0.74921274,0.128,0.0,0.12538823,6.995065,7.0050654,2326400
hardzero_plus_depr__c0p54__z1p05__lam0p010__nu0p50__psi1p00,hardzero_plus_depr,0.03,39,727,0.0,2,0.2022204,0.20222287,1.04136,0.09091593,0.09091593,1.0,2.4745714e-06,2.7218237e-05,-27.477581,2.2910378,0.76367927,0.16000001,0.0,0.18207301,7.0050654,7.0150657,2329600
hardzero_plus_depr__c0p54__z1p05__lam0p010__nu0p50__psi1p00,hardzero_plus_depr,0.03,39,728,0.0,2,0.20222287,0.20222564,0.9872093,0.10298896,0.10298896,1.0,2.775285e-06,2.6947404e-05,-26.946207,2.1719038,0.72396797,0.11,0.0,0.14957133,7.0150657,7.025066,2332800
hardzero_plus_depr__c0p54__z1p05__lam0p010__nu0p50__psi1p00,hardzero_plus_depr,0.03,39,729,0.0,2,0.20222564,0.20222817,1.0218661,0.09508979,0.09508979,1.0,2.5369259e-06,2.6679267e-05,-27.714792,2.2481503,0.74938345,0.128,0.0,0.1374553,7.025066,7.035066,2336000
hardzero_plus_depr__c0p54__z1p05__lam0p010__nu0p50__psi1p00,hardzero_plus_depr,0.03,39,730,0.0,2,0.20222817,0.20223066,1.0263888,0.09410468,0.09410468,1.0,2.4856618e-06,2.6413796e-05,-27.65026,2.2581003,0.7527001,0.2,0.008,0.15036833,7.035066,7.0450664,2339200
hardzero_plus_depr__c0p54__z1p05__lam0p010__nu0p50__psi1p00,hardzero_plus_depr,0.03,39,731,0.0,2,0.20223066,0.20223066,1.0634667,0.0,0.086403884,0.0,0.0,2.6150972e-05,-28.296816,2.3396733,0.77989113,0.112,0.0,0.1500283,7.0450664,7.0550666,2342400
hardzero_plus_depr__c0p54__z1p05__lam0p010__nu0p50__psi1p00,hardzero_plus_depr,0.03,39,732,0.0,2,0.20223066,0.20223309,1.0265931,0.09406042,0.09406042,1.0,2.4352958e-06,2.5890758e-05,-27.699572,2.25855,0.75285,0.14400001,0.0,0.18457246,7.0550666,7.065067,2345600
hardzero_plus_depr__c0p54__z1p05__lam0p010__nu0p50__psi1p00,hardzero_plus_depr,0.03,39,733,0.0,2,0.20223309,0.20223552,1.0228233,0.094880424,0.094880424,1.0,2.4320827e-06,2.5633135e-05,-27.488016,2.2502563,0.7500855,0.136,0.0,0.135773,7.065067,7.075067,2348800
hardzero_plus_depr__c0p54__z1p05__lam0p010__nu0p50__psi1p00,hardzero_plus_depr,0.03,39,734,0.0,2,0.20223552,0.20223552,1.0576541,0.0,0.087568074,0.0,0.0,2.5378074e-05,-26.839622,2.3268855,0.7756285,0.16800001,0.0,0.124023005,7.075067,7.0850673,2352000
hardzero_plus_depr__c0p54__z1p05__lam0p010__nu0p50__psi1p00,hardzero_plus_depr,0.03,39,735,0.0,2,0.20223552,0.20223552,1.0573767,0.0,0.08762403,0.0,0.0,2.5125551e-05,-27.34018,2.3262753,0.77542514,0.17600001,0.0,0.14309135,7.0850673,7.0950675,2355200
hardzero_plus_depr__c0p54__z1p05__lam0p010__nu0p50__psi1p00,hardzero_plus_depr,0.03,39,736,0.0,2,0.20223552,0.20223808,0.98584783,0.10331233,0.10331233,1.0,2.5699505e-06,2.4875546e-05,-26.197216,2.1689086,0.72296953,0.16800001,0.0,0.13627899,7.0950675,7.1050677,2358400
hardzero_plus_depr__c0p54__z1p05__lam0p010__nu0p50__psi1p00,hardzero_plus_depr,0.03,39,737,0.0,2,0.20223808,0.20224057,0.99629873,0.10085589,0.10085589,1.0,2.4838812e-06,2.4628023e-05,-26.531519,2.191901,0.7306337,0.128,0.0,0.15092184,7.1050677,7.115068,2361600
hardzero_plus_depr__c0p54__z1p05__lam0p010__nu0p50__psi1p00,hardzero_plus_depr,0.03,39,738,0.0,2,0.20224057,0.2022432,0.96845603,0.10753355,0.10753355,1.0,2.6219868e-06,2.4382965e-05,-27.04224,2.1306458,0.7102153,0.15200001,0.0,0.1512938,7.115068,7.125068,2364800
hardzero_plus_depr__c0p54__z1p05__lam0p010__nu0p50__psi1p00,hardzero_plus_depr,0.03,39,739,0.0,2,0.2022432,0.20224535,1.0495044,0.08922685,0.08922685,1.0,2.1539668e-06,2.4140343e-05,-27.971987,2.3089557,0.7696519,0.16000001,0.0,0.15298973,7.125068,7.1350684,2368000
hardzero_plus_depr__c0p54__z1p05__lam0p010__nu0p50__psi1p00,hardzero_plus_depr,0.03,39,740,0.0,2,0.20224535,0.20224535,1.0668119,0.0,0.08574091,0.0,0.0,2.3900137e-05,-27.829659,2.347033,0.78234434,0.17600001,0.0,0.16788644,7.1350684,7.1450686,2371200
hardzero_plus_depr__c0p54__z1p05__lam0p010__nu0p50__psi1p00,hardzero_plus_depr,0.03,39,741,0.0,2,0.20224535,0.20224777,0.9921127,0.10183271,0.10183271,1.0,2.4095984e-06,2.3662324e-05,-26.92585,2.1826916,0.72756386,0.14999999,0.0,0.13631219,7.1450686,7.155069,2374400
hardzero_plus_depr__c0p54__z1p05__lam0p010__nu0p50__psi1p00,hardzero_plus_depr,0.03,39,742,0.0,2,0.20224777,0.20225047,0.9384485,0.115226276,0.115226276,1.0,2.6993914e-06,2.3426874e-05,-26.299126,2.064628,0.6882093,0.192,0.0,0.12192648,7.155069,7.165069,2377600
hardzero_plus_depr__c0p54__z1p05__lam0p010__nu0p50__psi1p00,hardzero_plus_depr,0.03,39,743,0.0,2,0.20225047,0.20225291,0.9765183,0.10555569,0.10555569,1.0,2.448234e-06,2.3193767e-05,-26.428164,2.1483831,0.71612775,0.224,0.008,0.14471255,7.165069,7.1750693,2380800
hardzero_plus_depr__c0p54__z1p05__lam0p010__nu0p50__psi1p00,hardzero_plus_depr,0.03,39,744,0.0,2,0.20225291,0.20225544,0.9561777,0.110617094,0.110617094,1.0,2.540098e-06,2.2962979e-05,-25.899885,2.103633,0.701211,0.28,0.008,0.11955669,7.1750693,7.1850696,2384000
hardzero_plus_depr__c0p54__z1p05__lam0p010__nu0p50__psi1p00,hardzero_plus_depr,0.03,39,745,0.0,2,0.20225544,0.20225772,0.998524,0.10034044,0.10034044,1.0,2.2811885e-06,2.2734488e-05,-26.590328,2.1967967,0.7322656,0.2,0.0,0.13527901,7.1850696,7.19507,2387200
hardzero_plus_depr__c0p54__z1p05__lam0p010__nu0p50__psi1p00,hardzero_plus_depr,0.03,39,746,0.0,2,0.20225772,0.20225976,1.0432271,0.09052592,0.09052592,1.0,2.0375821e-06,2.2508273e-05,-28.15816,2.2951455,0.7650485,0.128,0.0,0.15042217,7.19507,7.20507,2390400
hardzero_plus_depr__c0p54__z1p05__lam0p010__nu0p50__psi1p00,hardzero_plus_depr,0.03,39,747,0.0,2,0.20225976,0.20226212,0.9758711,0.10571313,0.10571313,1.0,2.3557436e-06,2.2284305e-05,-25.73904,2.1469593,0.7156531,0.192,0.0,0.14994258,7.20507,7.2150702,2393600
hardzero_plus_depr__c0p54__z1p05__lam0p010__nu0p50__psi1p00,hardzero_plus_depr,0.03,39,748,0.0,2,0.20226212,0.2022642,1.0257432,0.094244644,0.094244644,1.0,2.0792788e-06,2.2062568e-05,-27.813324,2.2566803,0.75222677,0.120000005,0.0,0.14304832,7.2150702,7.2250705,2396800
hardzero_plus_depr__c0p54__z1p05__lam0p010__nu0p50__psi1p00,hardzero_plus_depr,0.03,39,749,0.0,2,0.2022642,0.20226637,1.0061849,0.09858595,0.09858595,1.0,2.1534165e-06,2.1843036e-05,-27.243145,2.2136512,0.73788375,0.16800001,0.0,0.17915742,7.2250705,7.2350707,2400000
hardzero_plus_depr__c0p54__z1p05__lam0p010__nu0p50__psi1p00,hardzero_plus_depr,0.03,39,750,0.0,2,0.20226637,0.20226842,1.0214595,0.095178865,0.095178865,1.0,2.0583084e-06,2.1625689e-05,-27.51213,2.2472558,0.7490853,0.112,0.0,0.14932589,7.2350707,7.245071,2403200
hardzero_plus_depr__c0p54__z1p05__lam0p010__nu0p50__psi1p00,hardzero_plus_depr,0.03,39,751,0.0,2,0.20226842,0.20227067,0.9786319,0.10504322,0.10504322,1.0,2.2490285e-06,2.1410506e-05,-26.890076,2.1530333,0.7176778,0.216,0.0,0.14169833,7.245071,7.255071,2406400
hardzero_plus_depr__c0p54__z1p05__lam0p010__nu0p50__psi1p00,hardzero_plus_depr,0.03,39,752,0.0,2,0.20227067,0.20227323,0.9165997,0.12117145,0.12117145,1.0,2.5685274e-06,2.1197464e-05,-26.308083,2.0165596,0.67218655,0.2,0.0,0.14507027,7.255071,7.2650714,2409600
hardzero_plus_depr__c0p54__z1p05__lam0p010__nu0p50__psi1p00,hardzero_plus_depr,0.03,39,753,0.0,2,0.20227323,0.2022754,0.98862183,0.102654524,0.102654524,1.0,2.1543633e-06,2.0986541e-05,-26.358082,2.1750114,0.72500384,0.224,0.0,0.1263868,7.2650714,7.2750716,2412800
hardzero_plus_depr__c0p54__z1p05__lam0p010__nu0p50__psi1p00,hardzero_plus_depr,0.03,39,754,0.0,2,0.2022754,0.2022754,1.0628865,0.0,0.08651941,0.0,0.0,2.0777716e-05,-28.210855,2.338397,0.7794657,0.14,0.0,0.15710871,7.2750716,7.285072,2416000
hardzero_plus_depr__c0p54__z1p05__lam0p010__nu0p50__psi1p00,hardzero_plus_depr,0.03,39,755,0.0,2,0.2022754,0.20227729,1.0355582,0.09213863,0.09213863,1.0,1.895381e-06,2.057097e-05,-27.58579,2.2782736,0.75942457,0.15200001,0.0,0.1620778,7.285072,7.295072,2419200
hardzero_plus_depr__c0p54__z1p05__lam0p010__nu0p50__psi1p00,hardzero_plus_depr,0.03,39,756,0.0,2,0.20227729,0.20227961,0.9435879,0.11387074,0.11387074,1.0,2.3191233e-06,2.0366278e-05,-26.330498,2.075935,0.69197834,0.136,0.0,0.15518977,7.295072,7.3050723,2422400
hardzero_plus_depr__c0p54__z1p05__lam0p010__nu0p50__psi1p00,hardzero_plus_depr,0.03,39,757,0.0,2,0.20227961,0.20228173,0.97963643,0.104800545,0.104800545,1.0,2.113159e-06,2.0163627e-05,-26.274405,2.1552432,0.7184144,0.16000001,0.0,0.14488345,7.3050723,7.3150725,2425600
hardzero_plus_depr__c0p54__z1p05__lam0p010__nu0p50__psi1p00,hardzero_plus_depr,0.03,39,758,0.0,2,0.20228173,0.2022836,1.0270509,0.09396132,0.09396132,1.0,1.8757491e-06,1.9962992e-05,-28.174246,2.259557,0.7531857,0.16000001,0.0,0.13851061,7.3150725,7.325073,2428800
hardzero_plus_depr__c0p54__z1p05__lam0p010__nu0p50__psi1p00,hardzero_plus_depr,0.03,39,759,0.0,2,0.2022836,0.2022858,0.95547557,0.11079607,0.11079607,1.0,2.1898127e-06,1.9764353e-05,-26.983809,2.1020882,0.7006961,0.2,0.0,0.13888413,7.325073,7.335073,2432000
hardzero_plus_depr__c0p54__z1p05__lam0p010__nu0p50__psi1p00,hardzero_plus_depr,0.03,39,760,0.0,2,0.2022858,0.20228761,1.0332371,0.0926324,0.0926324,1.0,1.812602e-06,1.956769e-05,-27.461218,2.2731671,0.7577224,0.2,0.0,0.13307951,7.335073,7.345073,2435200
hardzero_plus_depr__c0p54__z1p05__lam0p010__nu0p50__psi1p00,hardzero_plus_depr,0.03,39,761,0.0,2,0.20228761,0.2022896,0.990922,0.10211228,0.10211228,1.0,1.9782194e-06,1.9372983e-05,-26.856287,2.1800718,0.72669065,0.128,0.0,0.13919534,7.345073,7.3550735,2438400
hardzero_plus_depr__c0p54__z1p05__lam0p010__nu0p50__psi1p00,hardzero_plus_depr,0.03,39,762,0.0,2,0.2022896,0.2022896,1.0570421,0.0,0.087691575,0.0,0.0,1.9180212e-05,-27.574059,2.325539,0.77517974,0.112,0.0,0.16483942,7.3550735,7.3650737,2441600
hardzero_plus_depr__c0p54__z1p05__lam0p010__nu0p50__psi1p00,hardzero_plus_depr,0.03,39,763,0.0,2,0.2022896,0.20229161,0.97373545,0.10623424,0.10623424,1.0,2.0173206e-06,1.8989364e-05,-26.193932,2.1422608,0.71408695,0.136,0.0,0.14725137,7.3650737,7.375074,2444800
hardzero_plus_depr__c0p54__z1p05__lam0p010__nu0p50__psi1p00,hardzero_plus_depr,0.03,39,764,0.0,2,0.20229161,0.20229352,0.9936382,0.101475626,0.101475626,1.0,1.9077834e-06,1.880041e-05,-26.831825,2.1860478,0.72868264,0.2,0.0,0.13521615,7.375074,7.385074,2448000
hardzero_plus_depr__c0p54__z1p05__lam0p010__nu0p50__psi1p00,hardzero_plus_depr,0.03,39,765,0.0,2,0.20229352,0.20229529,1.0208749,0.09530707,0.09530707,1.0,1.7739827e-06,1.8613338e-05,-27.649683,2.2459695,0.7486565,0.216,0.0,0.14797649,7.385074,7.3950744,2451200
hardzero_plus_depr__c0p54__z1p05__lam0p010__nu0p50__psi1p00,hardzero_plus_depr,0.03,39,766,0.0,2,0.20229529,0.20229715,0.9944466,0.10128695,0.10128695,1.0,1.8665289e-06,1.8428129e-05,-27.484333,2.1878262,0.7292754,0.208,0.0,0.15233864,7.3950744,7.4050746,2454400
hardzero_plus_depr__c0p54__z1p05__lam0p010__nu0p50__psi1p00,hardzero_plus_depr,0.03,39,767,0.0,2,0.20229715,0.20229888,1.0238683,0.09465241,0.09465241,1.0,1.7269105e-06,1.824476e-05,-27.633427,2.2525554,0.7508518,0.21,0.0,0.17137736,7.4050746,7.415075,2457600
hardzero_plus_depr__c0p54__z1p05__lam0p010__nu0p50__psi1p00,hardzero_plus_depr,0.03,39,768,0.0,2,0.20229888,0.20230073,0.9915416,0.1019667,0.1019667,1.0,1.841847e-06,1.8063221e-05,-26.367064,2.181435,0.7271451,0.16000001,0.0,0.13054787,7.415075,7.425075,2460800
hardzero_plus_depr__c0p54__z1p05__lam0p010__nu0p50__psi1p00,hardzero_plus_depr,0.03,39,769,0.0,2,0.20230073,0.20230247,1.0096604,0.09780017,0.09780017,1.0,1.7490078e-06,1.7883483e-05,-27.001162,2.221297,0.7404324,0.096,0.0,0.14923528,7.425075,7.4350753,2464000
hardzero_plus_depr__c0p54__z1p05__lam0p010__nu0p50__psi1p00,hardzero_plus_depr,0.03,39,770,0.0,2,0.20230247,0.20230429,0.9877601,0.10285844,0.10285844,1.0,1.8211638e-06,1.7705535e-05,-26.520338,2.1731157,0.7243719,0.136,0.0,0.13019189,7.4350753,7.4450755,2467200
hardzero_plus_depr__c0p54__z1p05__lam0p010__nu0p50__psi1p00,hardzero_plus_depr,0.03,39,771,0.0,2,0.20230429,0.20230429,1.0929729,0.0,0.080728546,0.0,0.0,1.7529359e-05,-28.663353,2.4045885,0.8015295,0.112,0.0,0.17629944,7.4450755,7.4550757,2470400
hardzero_plus_depr__c0p54__z1p05__lam0p010__nu0p50__psi1p00,hardzero_plus_depr,0.03,39,772,0.0,2,0.20230429,0.20230584,1.0491871,0.08929207,0.08929207,1.0,1.549658e-06,1.7354934e-05,-28.582867,2.3082576,0.7694192,0.136,0.0,0.15908188,7.4550757,7.465076,2473600
hardzero_plus_depr__c0p54__z1p05__lam0p010__nu0p50__psi1p00,hardzero_plus_depr,0.03,39,773,0.0,2,0.20230584,0.20230767,0.97213364,0.10662679,0.10662679,1.0,1.8320877e-06,1.7182247e-05,-26.439991,2.1387367,0.71291226,0.2,0.0,0.1401416,7.465076,7.475076,2476800
hardzero_plus_depr__c0p54__z1p05__lam0p010__nu0p50__psi1p00,hardzero_plus_depr,0.03,39,774,0.0,2,0.20230767,0.2023095,0.9666031,0.10799333,0.10799333,1.0,1.8371043e-06,1.7011276e-05,-26.240635,2.1265693,0.70885646,0.15200001,0.0,0.123646386,7.475076,7.4850764,2480000
hardzero_plus_depr__c0p54__z1p05__lam0p010__nu0p50__psi1p00,hardzero_plus_depr,0.03,39,775,0.0,2,0.2023095,0.20231129,0.97523963,0.10586693,0.10586693,1.0,1.7830115e-06,1.6842007e-05,-26.46944,2.14557,0.71519005,0.16800001,0.0,0.11334854,7.4850764,7.4950767,2483200
hardzero_plus_depr__c0p54__z1p05__lam0p010__nu0p50__psi1p00,hardzero_plus_depr,0.03,39,776,0.0,2,0.20231129,0.20231292,1.0133026,0.096983396,0.096983396,1.0,1.6171422e-06,1.6674423e-05,-27.032305,2.22931,0.7431034,0.17600001,0.0,0.1579262,7.4950767,7.505077,2486400
hardzero_plus_depr__c0p54__z1p05__lam0p010__nu0p50__psi1p00,hardzero_plus_depr,0.03,39,777,0.0,2,0.20231292,0.20231476,0.94968265,0.11228386,0.11228386,1.0,1.8536388e-06,1.6508506e-05,-25.97624,2.0893435,0.69644785,0.16800001,0.0,0.14289266,7.505077,7.515077,2489600
hardzero_plus_depr__c0p54__z1p05__lam0p010__nu0p50__psi1p00,hardzero_plus_depr,0.03,39,778,0.0,2,0.20231476,0.20231628,1.0313556,0.09303458,0.09303458,1.0,1.5205795e-06,1.634424e-05,-27.224024,2.2690277,0.7563426,0.17600001,0.0,0.15244041,7.515077,7.5250773,2492800
hardzero_plus_depr__c0p54__z1p05__lam0p010__nu0p50__psi1p00,hardzero_plus_depr,0.03,39,779,0.0,2,0.20231628,0.20231795,0.98764485,0.10288573,0.10288573,1.0,1.6648565e-06,1.6181608e-05,-25.622766,2.172862,0.7242874,0.14400001,0.0,0.13257986,7.5250773,7.5350776,2496000
hardzero_plus_depr__c0p54__z1p05__lam0p010__nu0p50__psi1p00,hardzero_plus_depr,0.03,39,780,0.0,2,0.20231795,0.20231947,1.0237875,0.094670005,0.094670005,1.0,1.5166697e-06,1.6020595e-05,-27.033241,2.2523775,0.7507925,0.11,0.0,0.16676585,7.5350776,7.545078,2499200
hardzero_plus_depr__c0p54__z1p05__lam0p010__nu0p50__psi1p00,hardzero_plus_depr,0.03,39,781,0.0,2,0.20231947,0.20231947,1.1021883,0.0,0.07903357,0.0,0.0,1.5861184e-05,-28.50619,2.4248629,0.8082876,0.096,0.0,0.14662397,7.545078,7.555078,2502400
hardzero_plus_depr__c0p54__z1p05__lam0p010__nu0p50__psi1p00,hardzero_plus_depr,0.03,39,782,0.0,2,0.20231947,0.2023211,0.9866391,0.10312427,0.10312427,1.0,1.6193973e-06,1.5703357e-05,-26.013662,2.1706493,0.7235498,0.17600001,0.0,0.1612899,7.555078,7.5650783,2505600
hardzero_plus_depr__c0p54__z1p05__lam0p010__nu0p50__psi1p00,hardzero_plus_depr,0.03,39,783,0.0,2,0.2023211,0.20232297,0.918758,0.12057078,0.12057078,1.0,1.8745262e-06,1.5547103e-05,-25.44038,2.021308,0.67376935,0.256,0.0,0.14041102,7.5650783,7.5750785,2508800
hardzero_plus_depr__c0p54__z1p05__lam0p010__nu0p50__psi1p00,hardzero_plus_depr,0.03,39,784,0.0,2,0.20232297,0.20232446,1.0160964,0.096361525,0.096361525,1.0,1.4832356e-06,1.5392405e-05,-27.357813,2.2354567,0.74515224,0.16000001,0.0,0.15755753,7.5750785,7.5850787,2512000
hardzero_plus_depr__c0p54__z1p05__lam0p010__nu0p50__psi1p00,hardzero_plus_depr,0.03,39,785,0.0,2,0.20232446,0.20232625,0.9295631,0.117607996,0.117607996,1.0,1.792257e-06,1.5239244e-05,-24.841925,2.0450797,0.68169326,0.104,0.0,0.11369314,7.5850787,7.595079,2515200
hardzero_plus_depr__c0p54__z1p05__lam0p010__nu0p50__psi1p00,hardzero_plus_depr,0.03,39,786,0.0,2,0.20232625,0.20232774,1.0066649,0.098477066,0.098477066,1.0,1.4857833e-06,1.5087607e-05,-27.3913,2.214707,0.73823565,0.192,0.0,0.13930169,7.595079,7.605079,2518400
hardzero_plus_depr__c0p54__z1p05__lam0p010__nu0p50__psi1p00,hardzero_plus_depr,0.03,39,787,0.0,2,0.20232774,0.20232916,1.02475,0.09446045,0.09446045,1.0,1.4110011e-06,1.493748e-05,-27.236195,2.254495,0.75149834,0.104,0.0,0.14628027,7.605079,7.6150794,2521600
hardzero_plus_depr__c0p54__z1p05__lam0p010__nu0p50__psi1p00,hardzero_plus_depr,0.03,39,788,0.0,2,0.20232916,0.2023307,0.9824582,0.10412182,0.10412182,1.0,1.5398415e-06,1.4788846e-05,-26.616247,2.161451,0.7204837,0.208,0.0,0.15221944,7.6150794,7.6250796,2524800
hardzero_plus_depr__c0p54__z1p05__lam0p010__nu0p50__psi1p00,hardzero_plus_depr,0.03,39,789,0.0,2,0.2023307,0.2023322,0.9895194,0.1024426,0.1024426,1.0,1.499933e-06,1.4641691e-05,-26.333143,2.1769862,0.7256621,0.14400001,0.0,0.14484906,7.6250796,7.63508,2528000
hardzero_plus_depr__c0p54__z1p05__lam0p010__nu0p50__psi1p00,hardzero_plus_depr,0.03,39,790,0.0,2,0.2023322,0.2023337,0.98361015,0.10384601,0.10384601,1.0,1.5053519e-06,1.4496e-05,-27.253344,2.1639855,0.7213285,0.18400002,0.0,0.14500399,7.63508,7.64508,2531200
hardzero_plus_depr__c0p54__z1p05__lam0p010__nu0p50__psi1p00,hardzero_plus_depr,0.03,39,791,0.0,2,0.2023337,0.20233516,0.99187213,0.10188913,0.10188913,1.0,1.4622885e-06,1.4351761e-05,-25.97969,2.1821623,0.7273874,0.2,0.0,0.14239515,7.64508,7.6550803,2534400
hardzero_plus_depr__c0p54__z1p05__lam0p010__nu0p50__psi1p00,hardzero_plus_depr,0.03,39,792,0.0,2,0.20233516,0.20233656,1.0052544,0.09879741,0.09879741,1.0,1.4038078e-06,1.4208954e-05,-26.730928,2.2116039,0.73720133,0.16000001,0.0,0.15946239,7.6550803,7.6650805,2537600
hardzero_plus_depr__c0p54__z1p05__lam0p010__nu0p50__psi1p00,hardzero_plus_depr,0.03,39,793,0.0,2,0.20233656,0.20233783,1.0472333,0.089694686,0.089694686,1.0,1.2617862e-06,1.4067569e-05,-28.262753,2.3039594,0.7679865,0.17999999,0.0,0.17263119,7.6650805,7.675081,2540800
hardzero_plus_depr__c0p54__z1p05__lam0p010__nu0p50__psi1p00,hardzero_plus_depr,0.03,39,794,0.0,2,0.20233783,0.20233908,1.0480858,0.0895188,0.0895188,1.0,1.2467813e-06,1.3927591e-05,-27.73162,2.3058348,0.7686116,0.15200001,0.0,0.13132267,7.675081,7.685081,2544000
hardzero_plus_depr__c0p54__z1p05__lam0p010__nu0p50__psi1p00,hardzero_plus_depr,0.03,39,795,0.0,2,0.20233908,0.20234051,0.98374385,0.10381406,0.10381406,1.0,1.4314927e-06,1.37890065e-05,-26.877615,2.1642797,0.7214266,0.192,0.0,0.1431626,7.685081,7.695081,2547200
hardzero_plus_depr__c0p54__z1p05__lam0p010__nu0p50__psi1p00,hardzero_plus_depr,0.03,39,796,0.0,2,0.20234051,0.20234184,1.014395,0.09673976,0.09673976,1.0,1.320672e-06,1.3651801e-05,-26.595924,2.2317135,0.74390453,0.208,0.0,0.15875442,7.695081,7.7050815,2550400
hardzero_plus_depr__c0p54__z1p05__lam0p010__nu0p50__psi1p00,hardzero_plus_depr,0.03,39,797,0.0,2,0.20234184,0.20234324,0.98383003,0.10379345,0.10379345,1.0,1.4028681e-06,1.351596e-05,-27.649668,2.1644692,0.7214898,0.136,0.0,0.16001841,7.7050815,7.7150817,2553600
hardzero_plus_depr__c0p54__z1p05__lam0p010__nu0p50__psi1p00,hardzero_plus_depr,0.03,39,798,0.0,2,0.20234324,0.20234455,1.0100193,0.09771937,0.09771937,1.0,1.307629e-06,1.3381471e-05,-27.384115,2.222087,0.74069566,0.16800001,0.0,0.1758138,7.7150817,7.725082,2556800
hardzero_plus_depr__c0p54__z1p05__lam0p010__nu0p50__psi1p00,hardzero_plus_depr,0.03,39,799,0.0,2,0.20234455,0.20234577,1.0344663,0.09237059,0.09237059,1.0,1.2237551e-06,1.324832e-05,-27.156527,2.2758713,0.7586238,0.2,0.0,0.12316872,7.725082,7.735082,2560000
hardzero_plus_depr__c0p54__z1p05__lam0p010__nu0p50__psi1p00,hardzero_plus_depr,0.03,39,800,0.0,2,0.20234577,0.20234704,1.0153527,0.096526645,0.096526645,1.0,1.2660911e-06,1.3116493e-05,-26.836433,2.2338207,0.7446069,0.192,0.0,0.18137783,7.735082,7.7450824,2563200
hardzero_plus_depr__c0p54__z1p05__lam0p010__nu0p50__psi1p00,hardzero_plus_depr,0.03,39,801,0.0,2,0.20234704,0.2023483,1.0085349,0.09805395,0.09805395,1.0,1.2733265e-06,1.2985979e-05,-26.621746,2.218821,0.73960704,0.14400001,0.0,0.123706944,7.7450824,7.7550826,2566400
hardzero_plus_depr__c0p54__z1p05__lam0p010__nu0p50__psi1p00,hardzero_plus_depr,0.03,39,802,0.0,2,0.2023483,0.20234956,1.0131037,0.09702783,0.09702783,1.0,1.2474638e-06,1.28567635e-05,-26.186377,2.2288728,0.7429576,0.2,0.0,0.12462772,7.7550826,7.765083,2569600
hardzero_plus_depr__c0p54__z1p05__lam0p010__nu0p50__psi1p00,hardzero_plus_depr,0.03,39,803,0.0,2,0.20234956,0.202351,0.94313437,0.11398972,0.11398972,1.0,1.4509561e-06,1.2728833e-05,-26.067808,2.074937,0.69164574,0.192,0.0,0.12811857,7.765083,7.775083,2572800
hardzero_plus_depr__c0p54__z1p05__lam0p010__nu0p50__psi1p00,hardzero_plus_depr,0.03,39,804,0.0,2,0.202351,0.20235218,1.0311509,0.09307843,0.09307843,1.0,1.1729908e-06,1.2602177e-05,-27.690971,2.2685773,0.75619245,0.17600001,0.0,0.1405217,7.775083,7.7850833,2576000
hardzero_plus_depr__c0p54__z1p05__lam0p010__nu0p50__psi1p00,hardzero_plus_depr,0.03,39,805,0.0,2,0.20235218,0.2023533,1.0484229,0.08944933,0.08944933,1.0,1.1160397e-06,1.247678e-05,-27.238916,2.3065765,0.76885885,0.16000001,0.0,0.13319844,7.7850833,7.7950835,2579200
hardzero_plus_depr__c0p54__z1p05__lam0p010__nu0p50__psi1p00,hardzero_plus_depr,0.03,39,806,0.0,2,0.2023533,0.20235445,1.0333863,0.092600554,0.092600554,1.0,1.1438606e-06,1.23526315e-05,-28.223415,2.2734954,0.7578318,0.14999999,0.0,0.15030777,7.7950835,7.8050838,2582400
hardzero_plus_depr__c0p54__z1p05__lam0p010__nu0p50__psi1p00,hardzero_plus_depr,0.03,39,807,0.0,2,0.20235445,0.20235558,1.0345137,0.09236049,0.09236049,1.0,1.1295427e-06,1.2229718e-05,-26.67613,2.2759757,0.7586586,0.128,0.0,0.13221186,7.8050838,7.815084,2585600
hardzero_plus_depr__c0p54__z1p05__lam0p010__nu0p50__psi1p00,hardzero_plus_depr,0.03,39,808,0.0,2,0.20235558,0.2023567,1.0350082,0.0922554,0.0922554,1.0,1.1170309e-06,1.21080275e-05,-27.689095,2.2770636,0.7590212,0.15200001,0.0,0.17485775,7.815084,7.825084,2588800
hardzero_plus_depr__c0p54__z1p05__lam0p010__nu0p50__psi1p00,hardzero_plus_depr,0.03,39,809,0.0,2,0.2023567,0.20235795,0.9815085,0.10434976,0.10434976,1.0,1.2508978e-06,1.1987548e-05,-26.372368,2.1593618,0.7197873,0.17600001,0.0,0.15865733,7.825084,7.8350844,2592000
hardzero_plus_depr__c0p54__z1p05__lam0p010__nu0p50__psi1p00,hardzero_plus_depr,0.03,39,810,0.0,2,0.20235795,0.20235913,1.0041728,0.09904377,0.09904377,1.0,1.175478e-06,1.1868267e-05,-27.567522,2.2092242,0.7364081,0.16000001,0.0,0.14895502,7.8350844,7.8450847,2595200
hardzero_plus_depr__c0p54__z1p05__lam0p010__nu0p50__psi1p00,hardzero_plus_depr,0.03,39,811,0.0,2,0.20235913,0.20236032,0.99611384,0.10089885,0.10089885,1.0,1.1855789e-06,1.1750173e-05,-27.103008,2.1914942,0.7304981,0.15200001,0.0,0.13398816,7.8450847,7.855085,2598400
hardzero_plus_depr__c0p54__z1p05__lam0p010__nu0p50__psi1p00,hardzero_plus_depr,0.03,39,812,0.0,2,0.20236032,0.20236155,0.9746256,0.10601674,0.10601674,1.0,1.2333196e-06,1.1633254e-05,-27.087406,2.1442192,0.71473974,0.208,0.0,0.13954785,7.855085,7.865085,2601600
hardzero_plus_depr__c0p54__z1p05__lam0p010__nu0p50__psi1p00,hardzero_plus_depr,0.03,39,813,0.0,2,0.20236155,0.20236264,1.0271896,0.09393131,0.09393131,1.0,1.0818537e-06,1.1517499e-05,-27.7477,2.2598622,0.75328743,0.16800001,0.0,0.12587458,7.865085,7.8750854,2604800
hardzero_plus_depr__c0p54__z1p05__lam0p010__nu0p50__psi1p00,hardzero_plus_depr,0.03,39,814,0.0,2,0.20236264,0.20236376,1.0075645,0.09827329,0.09827329,1.0,1.1206e-06,1.1402895e-05,-26.936926,2.2166862,0.7388954,0.2,0.0,0.16102588,7.8750854,7.8850856,2608000
hardzero_plus_depr__c0p54__z1p05__lam0p010__nu0p50__psi1p00,hardzero_plus_depr,0.03,39,815,0.0,2,0.20236376,0.20236482,1.0305674,0.09320358,0.09320358,1.0,1.0522155e-06,1.1289431e-05,-27.112682,2.2672937,0.7557646,0.15200001,0.0,0.13644254,7.8850856,7.895086,2611200
hardzero_plus_depr__c0p54__z1p05__lam0p010__nu0p50__psi1p00,hardzero_plus_depr,0.03,39,816,0.0,2,0.20236482,0.20236588,1.0268261,0.09400996,0.09400996,1.0,1.0507584e-06,1.1177098e-05,-28.03739,2.2590625,0.7530209,0.136,0.0,0.13796097,7.895086,7.905086,2614400
hardzero_plus_depr__c0p54__z1p05__lam0p010__nu0p50__psi1p00,hardzero_plus_depr,0.03,39,817,0.0,2,0.20236588,0.20236695,1.0138817,0.09685416,0.09685416,1.0,1.0717766e-06,1.1065881e-05,-27.750847,2.2305841,0.74352807,0.15200001,0.0,0.15731649,7.905086,7.9150863,2617600
hardzero_plus_depr__c0p54__z1p05__lam0p010__nu0p50__psi1p00,hardzero_plus_depr,0.03,39,818,0.0,2,0.20236695,0.20236808,0.9854275,0.10341236,0.10341236,1.0,1.1329621e-06,1.095577e-05,-26.279432,2.1679838,0.72266126,0.16000001,0.0,0.14866367,7.9150863,7.9250865,2620800
hardzero_plus_depr__c0p54__z1p05__lam0p010__nu0p50__psi1p00,hardzero_plus_depr,0.03,39,819,0.0,2,0.20236808,0.20236808,1.0533532,0.0,0.08843961,0.0,0.0,1.0846757e-05,-26.763235,2.3174233,0.77247447,0.089999996,0.0,0.15701282,7.9250865,7.9350867,2624000
hardzero_plus_depr__c0p54__z1p05__lam0p010__nu0p50__psi1p00,hardzero_plus_depr,0.03,39,820,0.0,2,0.20236808,0.20236808,1.0633752,0.0,0.08642208,0.0,0.0,1.0738828e-05,-28.158278,2.3394723,0.77982414,0.14400001,0.0,0.14603296,7.9350867,7.945087,2627200
hardzero_plus_depr__c0p54__z1p05__lam0p010__nu0p50__psi1p00,hardzero_plus_depr,0.03,39,821,0.0,2,0.20236808,0.20236921,0.97088206,0.10693453,0.10693453,1.0,1.1369249e-06,1.0631971e-05,-26.833157,2.1359832,0.7119944,0.16000001,0.0,0.16696738,7.945087,7.955087,2630400
hardzero_plus_depr__c0p54__z1p05__lam0p010__nu0p50__psi1p00,hardzero_plus_depr,0.03,39,822,0.0,2,0.20236921,0.20237018,1.0343337,0.09239879,0.09239879,1.0,9.726062e-07,1.052618e-05,-27.917025,2.2755797,0.75852656,0.15200001,0.0,0.17280716,7.955087,7.9650874,2633600
hardzero_plus_depr__c0p54__z1p05__lam0p010__nu0p50__psi1p00,hardzero_plus_depr,0.03,39,823,0.0,2,0.20237018,0.20237131,0.9620088,0.10914181,0.10914181,1.0,1.1374148e-06,1.042144e-05,-26.898624,2.1164615,0.7054872,0.216,0.0,0.15477705,7.9650874,7.9750876,2636800
hardzero_plus_depr__c0p54__z1p05__lam0p010__nu0p50__psi1p00,hardzero_plus_depr,0.03,39,824,0.0,2,0.20237131,0.2023723,1.0206237,0.09536221,0.09536221,1.0,9.839227e-07,1.0317743e-05,-26.82676,2.2454169,0.74847233,0.15200001,0.0,0.15156819,7.9750876,7.985088,2640000
hardzero_plus_depr__c0p54__z1p05__lam0p010__nu0p50__psi1p00,hardzero_plus_depr,0.03,39,825,0.0,2,0.2023723,0.20237334,0.98806036,0.10278734,0.10278734,1.0,1.0499806e-06,1.0215077e-05,-26.57216,2.1737761,0.7245921,0.17600001,0.0,0.11884855,7.985088,7.995088,2643200
hardzero_plus_depr__c0p54__z1p05__lam0p010__nu0p50__psi1p00,hardzero_plus_depr,0.03,39,826,0.0,2,0.20237334,0.2023744,0.9789418,0.10496832,0.10496832,1.0,1.0615901e-06,1.0113433e-05,-26.089928,2.153715,0.717905,0.16800001,0.0,0.14430863,7.995088,8.005088,2646400
hardzero_plus_depr__c0p54__z1p05__lam0p010__nu0p50__psi1p00,hardzero_plus_depr,0.03,39,827,0.0,2,0.2023744,0.2023755,0.9600711,0.10962986,0.10962986,1.0,1.0977024e-06,1.00128045e-05,-26.216635,2.1121986,0.7040662,0.192,0.008,0.1342562,8.005088,8.015088,2649600
hardzero_plus_depr__c0p54__z1p05__lam0p010__nu0p50__psi1p00,hardzero_plus_depr,0.03,39,828,0.0,2,0.2023755,0.2023755,1.0660075,0.0,0.08589987,0.0,0.0,9.913174e-06,-27.57707,2.3452632,0.78175443,0.192,0.0,0.14605907,8.015088,8.025088,2652800
hardzero_plus_depr__c0p54__z1p05__lam0p010__nu0p50__psi1p00,hardzero_plus_depr,0.03,39,829,0.0,2,0.2023755,0.20237646,1.0125014,0.097162485,0.097162485,1.0,9.5360457e-07,9.814535e-06,-27.72037,2.2275474,0.7425158,0.16800001,0.0,0.12913735,8.025088,8.035089,2656000
hardzero_plus_depr__c0p54__z1p05__lam0p010__nu0p50__psi1p00,hardzero_plus_depr,0.03,39,830,0.0,2,0.20237646,0.20237741,1.0092843,0.0978849,0.0978849,1.0,9.511354e-07,9.716876e-06,-27.355541,2.2204697,0.7401566,0.120000005,0.0,0.14560425,8.035089,8.045089,2659200
hardzero_plus_depr__c0p54__z1p05__lam0p010__nu0p50__psi1p00,hardzero_plus_depr,0.03,39,831,0.0,2,0.20237741,0.20237839,0.99238485,0.10176891,0.10176891,1.0,9.790361e-07,9.620188e-06,-27.181725,2.1832902,0.7277634,0.216,0.0,0.17071177,8.045089,8.055089,2662400
hardzero_plus_depr__c0p54__z1p05__lam0p010__nu0p50__psi1p00,hardzero_plus_depr,0.03,39,832,0.0,2,0.20237839,0.2023793,1.0183465,0.09586354,0.09586354,1.0,9.130489e-07,9.524464e-06,-28.337883,2.2404072,0.74680245,0.16,0.0,0.1660072,8.055089,8.065089,2665600
hardzero_plus_depr__c0p54__z1p05__lam0p010__nu0p50__psi1p00,hardzero_plus_depr,0.03,39,833,0.0,2,0.2023793,0.20238028,0.9847222,0.103580445,0.103580445,1.0,9.767316e-07,9.429691e-06,-26.964624,2.1664321,0.72214407,0.224,0.0,0.152279,8.065089,8.075089,2668800
hardzero_plus_depr__c0p54__z1p05__lam0p010__nu0p50__psi1p00,hardzero_plus_depr,0.03,39,834,0.0,2,0.20238028,0.20238122,1.0007325,0.09983146,0.09983146,1.0,9.320129e-07,9.335863e-06,-27.081268,2.2016556,0.7338852,0.120000005,0.0,0.17866923,8.075089,8.08509,2672000
hardzero_plus_depr__c0p54__z1p05__lam0p010__nu0p50__psi1p00,hardzero_plus_depr,0.03,39,835,0.0,2,0.20238122,0.20238207,1.0389581,0.091420144,0.091420144,1.0,8.449934e-07,9.242967e-06,-27.92273,2.2857535,0.7619178,0.18400002,0.0,0.15250613,8.08509,8.09509,2675200
hardzero_plus_depr__c0p54__z1p05__lam0p010__nu0p50__psi1p00,hardzero_plus_depr,0.03,39,836,0.0,2,0.20238207,0.202383,0.99617964,0.10088354,0.10088354,1.0,9.2318487e-07,9.1509955e-06,-26.294884,2.191639,0.73054636,0.16800001,0.0,0.1495251,8.09509,8.10509,2678400
hardzero_plus_depr__c0p54__z1p05__lam0p010__nu0p50__psi1p00,hardzero_plus_depr,0.03,39,837,0.0,2,0.202383,0.20238388,1.0161046,0.096359685,0.096359685,1.0,8.73013e-07,9.059941e-06,-26.262306,2.2354746,0.7451582,0.15200001,0.0,0.11844483,8.10509,8.11509,2681600
hardzero_plus_depr__c0p54__z1p05__lam0p010__nu0p50__psi1p00,hardzero_plus_depr,0.03,39,838,0.0,2,0.20238388,0.20238481,0.97685546,0.10547379,0.10547379,1.0,9.460777e-07,8.96979e-06,-26.57658,2.1491249,0.716375,0.192,0.0,0.15944627,8.11509,8.125091,2684800
hardzero_plus_depr__c0p54__z1p05__lam0p010__nu0p50__psi1p00,hardzero_plus_depr,0.03,39,839,0.0,2,0.20238481,0.20238572,0.99263054,0.101711355,0.101711355,1.0,9.032515e-07,8.880537e-06,-27.119766,2.1838307,0.7279436,0.104,0.0,0.14725548,8.125091,8.135091,2688000
hardzero_plus_depr__c0p54__z1p05__lam0p010__nu0p50__psi1p00,hardzero_plus_depr,0.03,39,840,0.0,2,0.20238572,0.20238651,1.0437452,0.090417996,0.090417996,1.0,7.949706e-07,8.792173e-06,-26.966393,2.2962852,0.7654284,0.128,0.0,0.13742891,8.135091,8.145091,2691200
hardzero_plus_depr__c0p54__z1p05__lam0p010__nu0p50__psi1p00,hardzero_plus_depr,0.03,39,841,0.0,2,0.20238651,0.20238738,1.00252,0.09942144,0.09942144,1.0,8.6543247e-07,8.7046865e-06,-27.078367,2.2055879,0.735196,0.192,0.0,0.18711424,8.145091,8.155091,2694400
hardzero_plus_depr__c0p54__z1p05__lam0p010__nu0p50__psi1p00,hardzero_plus_depr,0.03,39,842,0.0,2,0.20238738,0.20238818,1.0285592,0.09363556,0.09363556,1.0,8.06958e-07,8.618072e-06,-26.662212,2.2628753,0.7542918,0.128,0.0,0.14239368,8.155091,8.1650915,2697600
hardzero_plus_depr__c0p54__z1p05__lam0p010__nu0p50__psi1p00,hardzero_plus_depr,0.03,39,843,0.0,2,0.20238818,0.20238902,1.0103892,0.097636186,0.097636186,1.0,8.330631e-07,8.532319e-06,-27.463451,2.2229006,0.7409669,0.224,0.0,0.15367417,8.1650915,8.175092,2700800
hardzero_plus_depr__c0p54__z1p05__lam0p010__nu0p50__psi1p00,hardzero_plus_depr,0.03,39,844,0.0,2,0.20238902,0.20238985,1.0083647,0.098092385,0.098092385,1.0,8.286273e-07,8.447418e-06,-27.157953,2.2184465,0.73948216,0.16800001,0.0,0.13680208,8.175092,8.185092,2704000
hardzero_plus_depr__c0p54__z1p05__lam0p010__nu0p50__psi1p00,hardzero_plus_depr,0.03,39,845,0.0,2,0.20238985,0.20238985,1.099598,0.0,0.079506375,0.0,0.0,8.363363e-06,-28.902683,2.419164,0.806388,0.12,0.0,0.17283371,8.185092,8.195092,2707200
hardzero_plus_depr__c0p54__z1p05__lam0p010__nu0p50__psi1p00,hardzero_plus_depr,0.03,39,846,0.0,2,0.20238985,0.2023907,0.9872679,0.10297506,0.10297506,1.0,8.526485e-07,8.280145e-06,-26.334805,2.1720328,0.72401094,0.17600001,0.0,0.15616733,8.195092,8.205092,2710400
hardzero_plus_depr__c0p54__z1p05__lam0p010__nu0p50__psi1p00,hardzero_plus_depr,0.03,39,847,0.0,2,0.2023907,0.20239148,1.0224172,0.09496921,0.09496921,1.0,7.785342e-07,8.197753e-06,-27.17325,2.2493627,0.74978757,0.224,0.0,0.166253,8.205092,8.215093,2713600
hardzero_plus_depr__c0p54__z1p05__lam0p010__nu0p50__psi1p00,hardzero_plus_depr,0.03,39,848,0.0,2,0.20239148,0.20239225,1.0212611,0.095222354,0.095222354,1.0,7.72842e-07,8.1161825e-06,-27.046982,2.2468193,0.74893975,0.136,0.0,0.16339567,8.215093,8.225093,2716800
hardzero_plus_depr__c0p54__z1p05__lam0p010__nu0p50__psi1p00,hardzero_plus_depr,0.03,39,849,0.0,2,0.20239225,0.20239307,0.9936257,0.101478554,0.101478554,1.0,8.154231e-07,8.035423e-06,-26.816603,2.1860201,0.7286734,0.16000001,0.0,0.15749764,8.225093,8.235093,2720000
hardzero_plus_depr__c0p54__z1p05__lam0p010__nu0p50__psi1p00,hardzero_plus_depr,0.03,39,850,0.0,2,0.20239307,0.20239379,1.04376,0.09041491,0.09041491,1.0,7.19293e-07,7.955468e-06,-27.946575,2.2963178,0.7654393,0.128,0.0,0.14941992,8.235093,8.245093,2723200
hardzero_plus_depr__c0p54__z1p05__lam0p010__nu0p50__psi1p00,hardzero_plus_depr,0.03,39,851,0.0,2,0.20239379,0.20239456,1.0053238,0.09878162,0.09878162,1.0,7.780346e-07,7.876309e-06,-27.023254,2.2117565,0.7372522,0.17600001,0.0,0.17338099,8.245093,8.255094,2726400
hardzero_plus_depr__c0p54__z1p05__lam0p010__nu0p50__psi1p00,hardzero_plus_depr,0.03,39,852,0.0,2,0.20239456,0.20239529,1.032459,0.0927985,0.0927985,1.0,7.2363673e-07,7.797936e-06,-27.124208,2.2714553,0.7571518,0.16000001,0.0,0.14361371,8.255094,8.265094,2729600
hardzero_plus_depr__c0p54__z1p05__lam0p010__nu0p50__psi1p00,hardzero_plus_depr,0.03,39,853,0.0,2,0.20239529,0.20239606,0.9956611,0.10100407,0.10100407,1.0,7.797861e-07,7.720343e-06,-26.773592,2.190498,0.7301661,0.16000001,0.0,0.14736867,8.265094,8.275094,2732800
hardzero_plus_depr__c0p54__z1p05__lam0p010__nu0p50__psi1p00,hardzero_plus_depr,0.03,39,854,0.0,2,0.20239606,0.20239606,1.0815507,0.0,0.0828799,0.0,0.0,7.643523e-06,-27.988335,2.3794591,0.79315305,0.112,0.0,0.15453926,8.275094,8.285094,2736000
hardzero_plus_depr__c0p54__z1p05__lam0p010__nu0p50__psi1p00,hardzero_plus_depr,0.03,39,855,0.0,2,0.20239606,0.20239606,1.0596694,0.0,0.087162696,0.0,0.0,7.5674666e-06,-28.41769,2.331319,0.7771064,0.16000001,0.0,0.1790364,8.285094,8.2950945,2739200
hardzero_plus_depr__c0p54__z1p05__lam0p010__nu0p50__psi1p00,hardzero_plus_depr,0.03,39,856,0.0,2,0.20239606,0.2023968,1.0148968,0.09662805,0.09662805,1.0,7.239535e-07,7.4921677e-06,-26.80276,2.2328174,0.7442725,0.14400001,0.0,0.15299228,8.2950945,8.305095,2742400
hardzero_plus_depr__c0p54__z1p05__lam0p010__nu0p50__psi1p00,hardzero_plus_depr,0.03,39,857,0.0,2,0.2023968,0.20239753,1.002484,0.09942969,0.09942969,1.0,7.3753137e-07,7.4176173e-06,-27.27775,2.2055087,0.7351696,0.120000005,0.0,0.1336311,8.305095,8.315095,2745600
hardzero_plus_depr__c0p54__z1p05__lam0p010__nu0p50__psi1p00,hardzero_plus_depr,0.03,39,858,0.0,2,0.20239753,0.2023983,0.9756505,0.105766825,0.105766825,1.0,7.7673144e-07,7.3438096e-06,-26.836937,2.146474,0.7154913,0.16,0.0,0.13587292,8.315095,8.325095,2748800
hardzero_plus_depr__c0p54__z1p05__lam0p010__nu0p50__psi1p00,hardzero_plus_depr,0.03,39,859,0.0,2,0.2023983,0.20239909,0.9609902,0.10939812,0.10939812,1.0,7.9540473e-07,7.270735e-06,-26.098871,2.1142206,0.7047402,0.14400001,0.0,0.13695854,8.325095,8.335095,2752000
hardzero_plus_depr__c0p54__z1p05__lam0p010__nu0p50__psi1p00,hardzero_plus_depr,0.03,39,860,0.0,2,0.20239909,0.20239982,0.9976487,0.100542866,0.100542866,1.0,7.237466e-07,7.1983886e-06,-27.430717,2.194871,0.73162365,0.17600001,0.0,0.12959625,8.335095,8.345096,2755200
hardzero_plus_depr__c0p54__z1p05__lam0p010__nu0p50__psi1p00,hardzero_plus_depr,0.03,39,861,0.0,2,0.20239982,0.20240054,0.995713,0.100992,0.100992,1.0,7.1974597e-07,7.126762e-06,-26.901033,2.1906123,0.7302041,0.224,0.0,0.13776855,8.345096,8.355096,2758400
hardzero_plus_depr__c0p54__z1p05__lam0p010__nu0p50__psi1p00,hardzero_plus_depr,0.03,39,862,0.0,2,0.20240054,0.2024013,0.9696687,0.1072337,0.1072337,1.0,7.5662473e-07,7.055848e-06,-26.495459,2.1333137,0.7111046,0.2,0.0,0.13422899,8.355096,8.365096,2761600
hardzero_plus_depr__c0p54__z1p05__lam0p010__nu0p50__psi1p00,hardzero_plus_depr,0.03,39,863,0.0,2,0.2024013,0.2024013,1.0601394,0.0,0.087068394,0.0,0.0,6.9856396e-06,-27.79497,2.3323534,0.77745116,0.16000001,0.0,0.18148464,8.365096,8.375096,2764800
hardzero_plus_depr__c0p54__z1p05__lam0p010__nu0p50__psi1p00,hardzero_plus_depr,0.03,39,864,0.0,2,0.2024013,0.20240192,1.0411563,0.09095858,0.09095858,1.0,6.2908134e-07,6.9161297e-06,-27.604212,2.2905896,0.7635299,0.104,0.0,0.13160604,8.375096,8.385097,2768000
hardzero_plus_depr__c0p54__z1p05__lam0p010__nu0p50__psi1p00,hardzero_plus_depr,0.03,39,865,0.0,2,0.20240192,0.2024026,0.99494106,0.10117167,0.10117167,1.0,6.9275393e-07,6.8473114e-06,-26.499846,2.188914,0.72963804,0.224,0.0,0.15896934,8.385097,8.395097,2771200
hardzero_plus_depr__c0p54__z1p05__lam0p010__nu0p50__psi1p00,hardzero_plus_depr,0.03,39,866,0.0,2,0.2024026,0.20240325,1.0208777,0.09530644,0.09530644,1.0,6.4609935e-07,6.779178e-06,-27.711994,2.2459757,0.7486586,0.15200001,0.0,0.15082853,8.395097,8.405097,2774400
hardzero_plus_depr__c0p54__z1p05__lam0p010__nu0p50__psi1p00,hardzero_plus_depr,0.03,39,867,0.0,2,0.20240325,0.20240387,1.030523,0.09321311,0.09321311,1.0,6.2562054e-07,6.7117226e-06,-27.480268,2.2671957,0.75573194,0.136,0.0,0.13870382,8.405097,8.415097,2777600
hardzero_plus_depr__c0p54__z1p05__lam0p010__nu0p50__psi1p00,hardzero_plus_depr,0.03,39,868,0.0,2,0.20240387,0.20240447,1.0452226,0.09011089,0.09011089,1.0,5.987813e-07,6.6449384e-06,-27.238699,2.2995358,0.7665119,0.15200001,0.0,0.17016198,8.415097,8.425097,2780800
hardzero_plus_depr__c0p54__z1p05__lam0p010__nu0p50__psi1p00,hardzero_plus_depr,0.03,39,869,0.0,2,0.20240447,0.2024051,1.0256876,0.094256744,0.094256744,1.0,6.20098e-07,6.578818e-06,-26.83098,2.2565577,0.75218594,0.192,0.0,0.14706889,8.425097,8.435098,2784000
hardzero_plus_depr__c0p54__z1p05__lam0p010__nu0p50__psi1p00,hardzero_plus_depr,0.03,39,870,0.0,2,0.2024051,0.20240577,0.9839139,0.1037734,0.1037734,1.0,6.7591316e-07,6.5133568e-06,-26.428299,2.1646538,0.7215513,0.208,0.0,0.13932735,8.435098,8.445098,2787200
hardzero_plus_depr__c0p54__z1p05__lam0p010__nu0p50__psi1p00,hardzero_plus_depr,0.03,39,871,0.0,2,0.20240577,0.20240577,1.0939037,0.0,0.080555715,0.0,0.0,6.448546e-06,-28.886005,2.4066362,0.8022121,0.14999999,0.0,0.18766132,8.445098,8.455098,2790400
hardzero_plus_depr__c0p54__z1p05__lam0p010__nu0p50__psi1p00,hardzero_plus_depr,0.03,39,872,0.0,2,0.20240577,0.20240642,0.9898817,0.10235717,0.10235717,1.0,6.534872e-07,6.384381e-06,-26.427177,2.1777833,0.72592777,0.18400002,0.0,0.12943704,8.455098,8.465098,2793600
hardzero_plus_depr__c0p54__z1p05__lam0p010__nu0p50__psi1p00,hardzero_plus_depr,0.03,39,873,0.0,2,0.20240642,0.20240708,0.9863252,0.103198834,0.103198834,1.0,6.5230466e-07,6.320853e-06,-26.295815,2.1699588,0.72331965,0.136,0.0,0.14208966,8.465098,8.475099,2796800
hardzero_plus_depr__c0p54__z1p05__lam0p010__nu0p50__psi1p00,hardzero_plus_depr,0.03,39,874,0.0,2,0.20240708,0.2024077,1.0038238,0.0991234,0.0991234,1.0,6.203101e-07,6.2579584e-06,-27.150843,2.2084563,0.7361521,0.136,0.008,0.13930328,8.475099,8.485099,2800000
hardzero_plus_depr__c0p54__z1p05__lam0p010__nu0p50__psi1p00,hardzero_plus_depr,0.03,39,875,0.0,2,0.2024077,0.20240831,1.0083711,0.09809093,0.09809093,1.0,6.07741e-07,6.19569e-06,-26.863762,2.2184608,0.73948693,0.15200001,0.0,0.16480738,8.485099,8.495099,2803200
hardzero_plus_depr__c0p54__z1p05__lam0p010__nu0p50__psi1p00,hardzero_plus_depr,0.03,39,876,0.0,2,0.20240831,0.20240891,1.0107541,0.097554184,0.097554184,1.0,5.9840124e-07,6.1340397e-06,-27.38516,2.2237034,0.7412345,0.14400001,0.0,0.14520165,8.495099,8.505099,2806400
hardzero_plus_depr__c0p54__z1p05__lam0p010__nu0p50__psi1p00,hardzero_plus_depr,0.03,39,877,0.0,2,0.20240891,0.20240952,1.0006728,0.09984519,0.09984519,1.0,6.0636023e-07,6.073004e-06,-27.268368,2.2015243,0.7338414,0.17600001,0.0,0.15044917,8.505099,8.5151,2809600
hardzero_plus_depr__c0p54__z1p05__lam0p010__nu0p50__psi1p00,hardzero_plus_depr,0.03,39,878,0.0,2,0.20240952,0.20241012,1.0072618,0.098341815,0.098341815,1.0,5.912875e-07,6.012575e-06,-27.248545,2.21602,0.7386734,0.15200001,0.0,0.13523561,8.5151,8.5251,2812800
hardzero_plus_depr__c0p54__z1p05__lam0p010__nu0p50__psi1p00,hardzero_plus_depr,0.03,39,879,0.0,2,0.20241012,0.2024107,1.0066024,0.098491244,0.098491244,1.0,5.862935e-07,5.9527474e-06,-26.31483,2.2145696,0.7381899,0.104,0.0,0.13198414,8.5251,8.5351,2816000
hardzero_plus_depr__c0p54__z1p05__lam0p010__nu0p50__psi1p00,hardzero_plus_depr,0.03,39,880,0.0,2,0.2024107,0.20241122,1.0483574,0.089462824,0.089462824,1.0,5.2725056e-07,5.8935157e-06,-27.515392,2.3064322,0.76881075,0.16000001,0.0,0.16412959,8.5351,8.5451,2819200
hardzero_plus_depr__c0p54__z1p05__lam0p010__nu0p50__psi1p00,hardzero_plus_depr,0.03,39,881,0.0,2,0.20241122,0.20241174,1.0465578,0.0898343,0.0898343,1.0,5.2417175e-07,5.834873e-06,-26.855192,2.302473,0.76749104,0.15200001,0.0,0.14817986,8.5451,8.5551,2822400
hardzero_plus_depr__c0p54__z1p05__lam0p010__nu0p50__psi1p00,hardzero_plus_depr,0.03,39,882,0.0,2,0.20241174,0.20241228,1.03021,0.09328029,0.09328029,1.0,5.388628e-07,5.7768134e-06,-27.296188,2.2665074,0.75550246,0.096,0.0,0.14350247,8.5551,8.565101,2825600
hardzero_plus_depr__c0p54__z1p05__lam0p010__nu0p50__psi1p00,hardzero_plus_depr,0.03,39,883,0.0,2,0.20241228,0.20241286,0.9907143,0.10216113,0.10216113,1.0,5.8429333e-07,5.719331e-06,-26.332653,2.179615,0.72653836,0.16800001,0.0,0.13958466,8.565101,8.575101,2828800
hardzero_plus_depr__c0p54__z1p05__lam0p010__nu0p50__psi1p00,hardzero_plus_depr,0.03,39,884,0.0,2,0.20241286,0.2024134,1.0219599,0.09506925,0.09506925,1.0,5.3832224e-07,5.662422e-06,-27.136957,2.2483566,0.74945223,0.17999999,0.0,0.14330734,8.575101,8.585101,2832000
hardzero_plus_depr__c0p54__z1p05__lam0p010__nu0p50__psi1p00,hardzero_plus_depr,0.03,39,885,0.0,2,0.2024134,0.20241399,0.977018,0.10543431,0.10543431,1.0,5.910731e-07,5.606079e-06,-26.775747,2.1494825,0.7164942,0.16800001,0.0,0.15415698,8.585101,8.595101,2835200
hardzero_plus_depr__c0p54__z1p05__lam0p010__nu0p50__psi1p00,hardzero_plus_depr,0.03,39,886,0.0,2,0.20241399,0.20241399,1.0672723,0.0,0.08565005,0.0,0.0,5.550296e-06,-27.839485,2.348046,0.78268206,0.18400002,0.0,0.18439673,8.595101,8.605102,2838400
hardzero_plus_depr__c0p54__z1p05__lam0p010__nu0p50__psi1p00,hardzero_plus_depr,0.03,39,887,0.0,2,0.20241399,0.20241399,1.0583788,0.0,0.08742208,0.0,0.0,5.4950688e-06,-27.262297,2.3284798,0.77615994,0.16000001,0.0,0.15190957,8.605102,8.615102,2841600
hardzero_plus_depr__c0p54__z1p05__lam0p010__nu0p50__psi1p00,hardzero_plus_depr,0.03,39,888,0.0,2,0.20241399,0.20241454,0.9981047,0.10043736,0.10043736,1.0,5.4641845e-07,5.4403904e-06,-27.258087,2.1958742,0.7319581,0.18400002,0.0,0.15629548,8.615102,8.625102,2844800
hardzero_plus_depr__c0p54__z1p05__lam0p010__nu0p50__psi1p00,hardzero_plus_depr,0.03,39,889,0.0,2,0.20241454,0.20241454,1.0697409,0.0,0.085164584,0.0,0.0,5.3862564e-06,-27.61691,2.353477,0.7844924,0.16000001,0.0,0.16001856,8.625102,8.635102,2848000
hardzero_plus_depr__c0p54__z1p05__lam0p010__nu0p50__psi1p00,hardzero_plus_depr,0.03,39,890,0.0,2,0.20241454,0.20241508,0.9920573,0.10184568,0.10184568,1.0,5.431085e-07,5.332661e-06,-27.002518,2.1825697,0.72752327,0.128,0.0,0.13050164,8.635102,8.6451025,2851200
hardzero_plus_depr__c0p54__z1p05__lam0p010__nu0p50__psi1p00,hardzero_plus_depr,0.03,39,891,0.0,2,0.20241508,0.20241566,0.96213675,0.109109685,0.109109685,1.0,5.7605536e-07,5.279599e-06,-26.453226,2.116743,0.70558107,0.18400002,0.0,0.13874675,8.6451025,8.655103,2854400
hardzero_plus_depr__c0p54__z1p05__lam0p010__nu0p50__psi1p00,hardzero_plus_depr,0.03,39,892,0.0,2,0.20241566,0.20241614,1.0391991,0.09136942,0.09136942,1.0,4.775939e-07,5.2270652e-06,-27.375843,2.2862837,0.7620946,0.15200001,0.0,0.15621789,8.655103,8.665103,2857600
hardzero_plus_depr__c0p54__z1p05__lam0p010__nu0p50__psi1p00,hardzero_plus_depr,0.03,39,893,0.0,2,0.20241614,0.20241614,1.0505803,0.0,0.089006096,0.0,0.0,5.175053e-06,-27.161016,2.3113227,0.77044094,0.2,0.0,0.1515067,8.665103,8.675103,2860800
hardzero_plus_depr__c0p54__z1p05__lam0p010__nu0p50__psi1p00,hardzero_plus_depr,0.03,39,894,0.0,2,0.20241614,0.20241614,1.056594,0.0,0.08778211,0.0,0.0,5.1235597e-06,-27.741415,2.3245533,0.7748511,0.16800001,0.0,0.1428064,8.675103,8.685103,2864000
hardzero_plus_depr__c0p54__z1p05__lam0p010__nu0p50__psi1p00,hardzero_plus_depr,0.03,39,895,0.0,2,0.20241614,0.20241664,0.9970295,0.10068632,0.10068632,1.0,5.1073926e-07,5.0725785e-06,-27.358215,2.1935086,0.7311696,0.2,0.0,0.1375692,8.685103,8.695104,2867200
hardzero_plus_depr__c0p54__z1p05__lam0p010__nu0p50__psi1p00,hardzero_plus_depr,0.03,39,896,0.0,2,0.20241664,0.20241718,0.96965444,0.107237235,0.107237235,1.0,5.3855655e-07,5.0221042e-06,-26.502228,2.1332824,0.71109414,0.15200001,0.0,0.14818065,8.695104,8.705104,2870400
hardzero_plus_depr__c0p54__z1p05__lam0p010__nu0p50__psi1p00,hardzero_plus_depr,0.03,39,897,0.0,2,0.20241718,0.2024177,0.98534924,0.103431,0.103431,1.0,5.142726e-07,4.972132e-06,-26.32702,2.1678116,0.7226039,0.14,0.0,0.1403464,8.705104,8.715104,2873600
hardzero_plus_depr__c0p54__z1p05__lam0p010__nu0p50__psi1p00,hardzero_plus_depr,0.03,39,898,0.0,2,0.2024177,0.2024177,1.0781106,0.0,0.083539024,0.0,0.0,4.9226574e-06,-28.542524,2.3718905,0.7906302,0.17600001,0.0,0.15492715,8.715104,8.725104,2876800
hardzero_plus_depr__c0p54__z1p05__lam0p010__nu0p50__psi1p00,hardzero_plus_depr,0.03,39,899,0.0,2,0.2024177,0.20241821,0.97979355,0.10476265,0.10476265,1.0,5.105791e-07,4.873675e-06,-26.894466,2.1555889,0.71852964,0.128,0.0,0.15144847,8.725104,8.735105,2880000
hardzero_plus_depr__c0p54__z1p05__lam0p010__nu0p50__psi1p00,hardzero_plus_depr,0.03,39,900,0.0,2,0.20241821,0.20241864,1.0418062,0.09082256,0.09082256,1.0,4.3823525e-07,4.8251804e-06,-27.47709,2.2920194,0.7640065,0.15200001,0.0,0.1390653,8.735105,8.745105,2883200
hardzero_plus_depr__c0p54__z1p05__lam0p010__nu0p50__psi1p00,hardzero_plus_depr,0.03,39,901,0.0,2,0.20241864,0.20241913,0.9881233,0.102772444,0.102772444,1.0,4.909612e-07,4.7771678e-06,-27.326271,2.1739147,0.7246382,0.17600001,0.0,0.14719696,8.745105,8.755105,2886400
hardzero_plus_depr__c0p54__z1p05__lam0p010__nu0p50__psi1p00,hardzero_plus_depr,0.03,39,902,0.0,2,0.20241913,0.2024196,1.0167948,0.096206665,0.096206665,1.0,4.5502227e-07,4.7296335e-06,-27.37508,2.2369933,0.7456645,0.136,0.0,0.14596291,8.755105,8.765105,2889600
hardzero_plus_depr__c0p54__z1p05__lam0p010__nu0p50__psi1p00,hardzero_plus_depr,0.03,39,903,0.0,2,0.2024196,0.20242003,1.028013,0.0937534,0.0937534,1.0,4.39007e-07,4.6825717e-06,-27.568392,2.2616737,0.7538912,0.16800001,0.0,0.13997824,8.765105,8.775105,2892800
hardzero_plus_depr__c0p54__z1p05__lam0p010__nu0p50__psi1p00,hardzero_plus_depr,0.03,39,904,0.0,2,0.20242003,0.20242049,0.99834347,0.10038215,0.10038215,1.0,4.6536942e-07,4.635978e-06,-26.187677,2.1963995,0.73213315,0.17600001,0.0,0.15362623,8.775105,8.785106,2896000
hardzero_plus_depr__c0p54__z1p05__lam0p010__nu0p50__psi1p00,hardzero_plus_depr,0.03,39,905,0.0,2,0.20242049,0.20242092,1.0244384,0.094528235,0.094528235,1.0,4.3387024e-07,4.5898482e-06,-27.66292,2.2538095,0.7512698,0.128,0.0,0.1381692,8.785106,8.795106,2899200
hardzero_plus_depr__c0p54__z1p05__lam0p010__nu0p50__psi1p00,hardzero_plus_depr,0.03,39,906,0.0,2,0.20242092,0.20242092,1.0577834,0.0,0.08754203,0.0,0.0,4.5441775e-06,-27.708323,2.32717,0.77572334,0.14400001,0.0,0.14768125,8.795106,8.805106,2902400
hardzero_plus_depr__c0p54__z1p05__lam0p010__nu0p50__psi1p00,hardzero_plus_depr,0.03,39,907,0.0,2,0.20242092,0.20242137,0.9966517,0.10077395,0.10077395,1.0,4.5337808e-07,4.498961e-06,-26.175188,2.1926775,0.73089254,0.16800001,0.0,0.15248756,8.805106,8.815106,2905600
hardzero_plus_depr__c0p54__z1p05__lam0p010__nu0p50__psi1p00,hardzero_plus_depr,0.03,39,908,0.0,2,0.20242137,0.20242137,1.087432,0.0,0.0817651,0.0,0.0,4.4541944e-06,-29.366512,2.392398,0.79746604,0.120000005,0.0,0.187147,8.815106,8.825107,2908800
hardzero_plus_depr__c0p54__z1p05__lam0p010__nu0p50__psi1p00,hardzero_plus_depr,0.03,39,909,0.0,2,0.20242137,0.20242181,0.9907515,0.10215239,0.10215239,1.0,4.5047912e-07,4.4098733e-06,-27.311232,2.1796968,0.7265656,0.136,0.0,0.14705203,8.825107,8.835107,2912000
hardzero_plus_depr__c0p54__z1p05__lam0p010__nu0p50__psi1p00,hardzero_plus_depr,0.03,39,910,0.0,2,0.20242181,0.20242222,1.0280488,0.093745664,0.093745664,1.0,4.0929294e-07,4.3659934e-06,-27.413696,2.2617524,0.75391746,0.14,0.0,0.14319311,8.835107,8.845107,2915200
hardzero_plus_depr__c0p54__z1p05__lam0p010__nu0p50__psi1p00,hardzero_plus_depr,0.03,39,911,0.0,2,0.20242222,0.20242265,0.9962746,0.10086149,0.10086149,1.0,4.3597888e-07,4.3225505e-06,-26.387173,2.1918478,0.730616,0.16800001,0.0,0.1213486,8.845107,8.855107,2918400
hardzero_plus_depr__c0p54__z1p05__lam0p010__nu0p50__psi1p00,hardzero_plus_depr,0.03,39,912,0.0,2,0.20242265,0.20242307,1.0059874,0.0986308,0.0986308,1.0,4.2209436e-07,4.279539e-06,-26.764921,2.2132165,0.73773885,0.216,0.0,0.16365875,8.855107,8.865108,2921600
hardzero_plus_depr__c0p54__z1p05__lam0p010__nu0p50__psi1p00,hardzero_plus_depr,0.03,39,913,0.0,2,0.20242307,0.20242307,1.1094713,0.0,0.07771925,0.0,0.0,4.236956e-06,-28.76054,2.4408855,0.81362855,0.096,0.0,0.16193795,8.865108,8.875108,2924800
hardzero_plus_depr__c0p54__z1p05__lam0p010__nu0p50__psi1p00,hardzero_plus_depr,0.03,39,914,0.0,2,0.20242307,0.2024235,0.99111766,0.10206628,0.10206628,1.0,4.2814727e-07,4.1947965e-06,-26.620718,2.1805024,0.7268342,0.224,0.0,0.12994874,8.875108,8.885108,2928000
hardzero_plus_depr__c0p54__z1p05__lam0p010__nu0p50__psi1p00,hardzero_plus_depr,0.03,39,915,0.0,2,0.2024235,0.20242387,1.038642,0.0914867,0.0914867,1.0,3.7994948e-07,4.153057e-06,-27.962767,2.2850583,0.7616861,0.112,0.0,0.16101721,8.885108,8.895108,2931200
hardzero_plus_depr__c0p54__z1p05__lam0p010__nu0p50__psi1p00,hardzero_plus_depr,0.03,39,916,0.0,2,0.20242387,0.20242427,1.0079522,0.09818561,0.09818561,1.0,4.0371293e-07,4.1117323e-06,-27.383224,2.217539,0.73917973,0.16000001,0.0,0.15713562,8.895108,8.905108,2934400
hardzero_plus_depr__c0p54__z1p05__lam0p010__nu0p50__psi1p00,hardzero_plus_depr,0.03,39,917,0.0,2,0.20242427,0.20242469,0.9909859,0.10209726,0.10209726,1.0,4.1561947e-07,4.070819e-06,-25.843988,2.1802125,0.7267375,0.18400002,0.0,0.13181032,8.905108,8.915109,2937600
hardzero_plus_depr__c0p54__z1p05__lam0p010__nu0p50__psi1p00,hardzero_plus_depr,0.03,39,918,0.0,2,0.20242469,0.20242506,1.0264091,0.09410025,0.09410025,1.0,3.7925344e-07,4.0303125e-06,-26.926138,2.2581453,0.7527151,0.17600001,0.0,0.1474005,8.915109,8.925109,2940800
hardzero_plus_depr__c0p54__z1p05__lam0p010__nu0p50__psi1p00,hardzero_plus_depr,0.03,39,919,0.0,2,0.20242506,0.20242546,0.98934084,0.10248471,0.10248471,1.0,4.0893545e-07,3.9902093e-06,-25.962729,2.1765933,0.7255311,0.2,0.0,0.12269127,8.925109,8.935109,2944000
hardzero_plus_depr__c0p54__z1p05__lam0p010__nu0p50__psi1p00,hardzero_plus_depr,0.03,39,920,0.0,2,0.20242546,0.20242585,1.0102038,0.09767786,0.09767786,1.0,3.858769e-07,3.9505053e-06,-27.129194,2.222493,0.740831,0.136,0.0,0.14552826,8.935109,8.945109,2947200
hardzero_plus_depr__c0p54__z1p05__lam0p010__nu0p50__psi1p00,hardzero_plus_depr,0.03,39,921,0.0,2,0.20242585,0.20242621,1.0443324,0.09029581,0.09029581,1.0,3.5316464e-07,3.9111965e-06,-26.78123,2.2975771,0.76585907,0.18400002,0.0,0.13901663,8.945109,8.95511,2950400
hardzero_plus_depr__c0p54__z1p05__lam0p010__nu0p50__psi1p00,hardzero_plus_depr,0.03,39,922,0.0,2,0.20242621,0.20242621,1.1097395,0.0,0.077671275,0.0,0.0,3.8722787e-06,-28.001886,2.4414756,0.81382525,0.08800001,0.0,0.1631805,8.95511,8.96511,2953600
hardzero_plus_depr__c0p54__z1p05__lam0p010__nu0p50__psi1p00,hardzero_plus_depr,0.03,39,923,0.0,2,0.20242621,0.20242658,1.0159674,0.096390136,0.096390136,1.0,3.6953546e-07,3.8337475e-06,-26.636925,2.2351727,0.7450576,0.19999999,0.0,0.15605232,8.96511,8.97511,2956800
hardzero_plus_depr__c0p54__z1p05__lam0p010__nu0p50__psi1p00,hardzero_plus_depr,0.03,39,924,0.0,2,0.20242658,0.20242696,1.010142,0.09769177,0.09769177,1.0,3.7079892e-07,3.7956004e-06,-26.869654,2.2223568,0.7407856,0.2,0.0,0.13143766,8.97511,8.98511,2960000
hardzero_plus_depr__c0p54__z1p05__lam0p010__nu0p50__psi1p00,hardzero_plus_depr,0.03,39,925,0.0,2,0.20242696,0.20242731,1.0192777,0.09565822,0.09565822,1.0,3.5946758e-07,3.7578325e-06,-26.636919,2.2424557,0.7474853,0.18400002,0.008,0.17622478,8.98511,8.9951105,2963200
hardzero_plus_depr__c0p54__z1p05__lam0p010__nu0p50__psi1p00,hardzero_plus_depr,0.03,39,926,0.0,2,0.20242731,0.20242766,1.0426736,0.09064135,0.09064135,1.0,3.3722577e-07,3.7204409e-06,-26.991325,2.2939277,0.7646426,0.112,0.0,0.15100205,8.9951105,9.005111,2966400
hardzero_plus_depr__c0p54__z1p05__lam0p010__nu0p50__psi1p00,hardzero_plus_depr,0.03,39,927,0.0,2,0.20242766,0.202428,1.0394543,0.09131574,0.09131574,1.0,3.3635433e-07,3.6834213e-06,-27.06663,2.2868452,0.7622818,0.15200001,0.0,0.1204208,9.005111,9.015111,2969600
hardzero_plus_depr__c0p54__z1p05__lam0p010__nu0p50__psi1p00,hardzero_plus_depr,0.03,39,928,0.0,2,0.202428,0.20242834,1.0221658,0.095024206,0.095024206,1.0,3.4653135e-07,3.6467693e-06,-26.947584,2.2488096,0.7496032,0.16000001,0.0,0.15080823,9.015111,9.025111,2972800
hardzero_plus_depr__c0p54__z1p05__lam0p010__nu0p50__psi1p00,hardzero_plus_depr,0.03,39,929,0.0,2,0.20242834,0.2024287,1.0086539,0.09802708,0.09802708,1.0,3.5392506e-07,3.6104825e-06,-26.358818,2.2190828,0.7396943,0.096,0.0,0.11917053,9.025111,9.035111,2976000
hardzero_plus_depr__c0p54__z1p05__lam0p010__nu0p50__psi1p00,hardzero_plus_depr,0.03,39,930,0.0,2,0.2024287,0.20242906,1.0049379,0.09886944,0.09886944,1.0,3.5341446e-07,3.574557e-06,-25.867422,2.2109075,0.7369692,0.128,0.0,0.14962974,9.035111,9.045112,2979200
hardzero_plus_depr__c0p54__z1p05__lam0p010__nu0p50__psi1p00,hardzero_plus_depr,0.03,39,931,0.0,2,0.20242906,0.20242906,1.062616,0.0,0.0865733,0.0,0.0,3.5389887e-06,-27.605265,2.337802,0.7792673,0.15200001,0.0,0.15645243,9.045112,9.055112,2982400
hardzero_plus_depr__c0p54__z1p05__lam0p010__nu0p50__psi1p00,hardzero_plus_depr,0.03,39,932,0.0,2,0.20242906,0.20242941,0.9987052,0.10029858,0.10029858,1.0,3.5142358e-07,3.5037742e-06,-27.08746,2.1971953,0.73239845,0.128,0.0,0.1269585,9.055112,9.065112,2985600
hardzero_plus_depr__c0p54__z1p05__lam0p010__nu0p50__psi1p00,hardzero_plus_depr,0.03,39,933,0.0,2,0.20242941,0.20242974,1.0158296,0.09642073,0.09642073,1.0,3.3447483e-07,3.46891e-06,-27.128508,2.2348697,0.7449566,0.17600001,0.0,0.13456178,9.065112,9.075112,2988800
hardzero_plus_depr__c0p54__z1p05__lam0p010__nu0p50__psi1p00,hardzero_plus_depr,0.03,39,934,0.0,2,0.20242974,0.20243005,1.04204,0.0907737,0.0907737,1.0,3.117526e-07,3.4343932e-06,-27.797894,2.2925336,0.7641779,0.128,0.0,0.13309072,9.075112,9.085113,2992000
hardzero_plus_depr__c0p54__z1p05__lam0p010__nu0p50__psi1p00,hardzero_plus_depr,0.03,39,935,0.0,2,0.20243005,0.20243038,1.0231373,0.094811864,0.094811864,1.0,3.2238117e-07,3.4002198e-06,-26.449427,2.250947,0.75031567,0.08800001,0.0,0.15125923,9.085113,9.095113,2995200
hardzero_plus_depr__c0p54__z1p05__lam0p010__nu0p50__psi1p00,hardzero_plus_depr,0.03,39,936,0.0,2,0.20243038,0.20243074,0.9680706,0.10762902,0.10762902,1.0,3.6232086e-07,3.3663862e-06,-25.899,2.129798,0.7099327,0.19,0.0,0.12413582,9.095113,9.105113,2998400
hardzero_plus_depr__c0p54__z1p05__lam0p010__nu0p50__psi1p00,hardzero_plus_depr,0.03,39,937,0.0,2,0.20243074,0.20243105,1.0291501,0.09350824,0.09350824,1.0,3.1165263e-07,3.3328893e-06,-27.243761,2.2641754,0.75472516,0.16800001,0.0,0.15427923,9.105113,9.115113,3001600
hardzero_plus_depr__c0p54__z1p05__lam0p010__nu0p50__psi1p00,hardzero_plus_depr,0.03,39,938,0.0,2,0.20243105,0.2024314,0.99205256,0.1018468,0.1018468,1.0,3.3606653e-07,3.299726e-06,-26.880337,2.1825593,0.72751975,0.16000001,0.0,0.13293713,9.115113,9.1251135,3004800
hardzero_plus_depr__c0p54__z1p05__lam0p010__nu0p50__psi1p00,hardzero_plus_depr,0.03,39,939,0.0,2,0.2024314,0.20243174,0.983429,0.10388933,0.10388933,1.0,3.3939526e-07,3.2668922e-06,-26.35087,2.163587,0.7211957,0.216,0.0,0.16163765,9.1251135,9.135114,3008000
hardzero_plus_depr__c0p54__z1p05__lam0p010__nu0p50__psi1p00,hardzero_plus_depr,0.03,39,940,0.0,2,0.20243174,0.20243205,1.0132078,0.097004585,0.097004585,1.0,3.137502e-07,3.2343853e-06,-26.41689,2.2291017,0.7430339,0.17600001,0.0,0.14388926,9.135114,9.145114,3011200
hardzero_plus_depr__c0p54__z1p05__lam0p010__nu0p50__psi1p00,hardzero_plus_depr,0.03,39,941,0.0,2,0.20243205,0.20243205,1.0545825,0.0,0.08818963,0.0,0.0,3.2022022e-06,-27.484205,2.3201277,0.7733759,0.136,0.0,0.13843624,9.145114,9.155114,3014400
hardzero_plus_depr__c0p54__z1p05__lam0p010__nu0p50__psi1p00,hardzero_plus_depr,0.03,39,942,0.0,2,0.20243205,0.2024324,0.95739794,0.11030675,0.11030675,1.0,3.4970978e-07,3.170339e-06,-26.752306,2.1063175,0.7021059,0.17600001,0.0,0.12222758,9.155114,9.165114,3017600
hardzero_plus_depr__c0p54__z1p05__lam0p010__nu0p50__psi1p00,hardzero_plus_depr,0.03,39,943,0.0,2,0.2024324,0.20243269,1.019099,0.0956976,0.0956976,1.0,3.0037492e-07,3.1387926e-06,-27.500315,2.2420626,0.7473542,0.15200001,0.0,0.1270275,9.165114,9.175115,3020800
hardzero_plus_depr__c0p54__z1p05__lam0p010__nu0p50__psi1p00,hardzero_plus_depr,0.03,39,944,0.0,2,0.20243269,0.20243269,1.0630078,0.0,0.086495236,0.0,0.0,3.1075604e-06,-27.849524,2.338664,0.7795547,0.096,0.0,0.16195947,9.175115,9.185115,3024000
hardzero_plus_depr__c0p54__z1p05__lam0p010__nu0p50__psi1p00,hardzero_plus_depr,0.03,39,945,0.0,2,0.20243269,0.202433,1.0024636,0.09943434,0.09943434,1.0,3.0592358e-07,3.0766391e-06,-27.428736,2.205464,0.7351546,0.17600001,0.008,0.14703351,9.185115,9.195115,3027200
hardzero_plus_depr__c0p54__z1p05__lam0p010__nu0p50__psi1p00,hardzero_plus_depr,0.03,39,946,0.0,2,0.202433,0.2024333,1.001969,0.09954765,0.09954765,1.0,3.0322465e-07,3.0460253e-06,-27.20012,2.2043757,0.73479193,0.16000001,0.0,0.14125207,9.195115,9.205115,3030400
hardzero_plus_depr__c0p54__z1p05__lam0p010__nu0p50__psi1p00,hardzero_plus_depr,0.03,39,947,0.0,2,0.2024333,0.20243363,0.956571,0.110516965,0.110516965,1.0,3.332878e-07,3.0157162e-06,-26.229803,2.1044981,0.7014994,0.28,0.0,0.15886131,9.205115,9.215116,3033600
hardzero_plus_depr__c0p54__z1p05__lam0p010__nu0p50__psi1p00,hardzero_plus_depr,0.03,39,948,0.0,2,0.20243363,0.20243363,1.0602787,0.0,0.08704048,0.0,0.0,2.9857085e-06,-28.092718,2.3326597,0.77755326,0.14400001,0.0,0.1661072,9.215116,9.225116,3036800
hardzero_plus_depr__c0p54__z1p05__lam0p010__nu0p50__psi1p00,hardzero_plus_depr,0.03,39,949,0.0,2,0.20243363,0.20243396,0.95789623,0.11018024,0.11018024,1.0,3.2569272e-07,2.9559994e-06,-26.745018,2.1074138,0.70247126,0.17999999,0.0,0.13878174,9.225116,9.235116,3040000
hardzero_plus_depr__c0p54__z1p05__lam0p010__nu0p50__psi1p00,hardzero_plus_depr,0.03,39,950,0.0,2,0.20243396,0.20243423,1.0335493,0.09256582,0.09256582,1.0,2.7090186e-07,2.9265864e-06,-27.158386,2.2738538,0.75795126,0.208,0.008,0.17870283,9.235116,9.245116,3043200
hardzero_plus_depr__c0p54__z1p05__lam0p010__nu0p50__psi1p00,hardzero_plus_depr,0.03,39,951,0.0,2,0.20243423,0.2024345,1.021734,0.095118724,0.095118724,1.0,2.7560324e-07,2.8974657e-06,-26.914629,2.2478597,0.7492866,0.2,0.0,0.1571111,9.245116,9.255116,3046400
hardzero_plus_depr__c0p54__z1p05__lam0p010__nu0p50__psi1p00,hardzero_plus_depr,0.03,39,952,0.0,2,0.2024345,0.20243476,1.0181524,0.09590641,0.09590641,1.0,2.7512044e-07,2.8686345e-06,-27.141766,2.23998,0.74666,0.16000001,0.0,0.14132617,9.255116,9.265117,3049600
hardzero_plus_depr__c0p54__z1p05__lam0p010__nu0p50__psi1p00,hardzero_plus_depr,0.03,39,953,0.0,2,0.20243476,0.20243503,1.021376,0.095197156,0.095197156,1.0,2.7036856e-07,2.8400907e-06,-26.94685,2.247072,0.74902403,0.120000005,0.0,0.14247513,9.265117,9.275117,3052800
hardzero_plus_depr__c0p54__z1p05__lam0p010__nu0p50__psi1p00,hardzero_plus_depr,0.03,39,954,0.0,2,0.20243503,0.20243531,0.99081486,0.10213748,0.10213748,1.0,2.8719327e-07,2.8118304e-06,-26.016556,2.1798363,0.7266121,0.136,0.0,0.1194338,9.275117,9.285117,3056000
hardzero_plus_depr__c0p54__z1p05__lam0p010__nu0p50__psi1p00,hardzero_plus_depr,0.03,39,955,0.0,2,0.20243531,0.20243561,0.9640432,0.10863174,0.10863174,1.0,3.0241463e-07,2.7838516e-06,-25.832138,2.1209373,0.70697916,0.224,0.0,0.1249469,9.285117,9.295117,3059200
hardzero_plus_depr__c0p54__z1p05__lam0p010__nu0p50__psi1p00,hardzero_plus_depr,0.03,39,956,0.0,2,0.20243561,0.20243591,0.9708161,0.106950775,0.106950775,1.0,2.9477252e-07,2.7561514e-06,-27.19618,2.135838,0.711946,0.264,0.0,0.1339189,9.295117,9.305118,3062400
hardzero_plus_depr__c0p54__z1p05__lam0p010__nu0p50__psi1p00,hardzero_plus_depr,0.03,39,957,0.0,2,0.20243591,0.20243616,1.029012,0.09353799,0.09353799,1.0,2.5523957e-07,2.7287265e-06,-26.449018,2.2638714,0.75462383,0.16000001,0.0,0.1267626,9.305118,9.315118,3065600
hardzero_plus_depr__c0p54__z1p05__lam0p010__nu0p50__psi1p00,hardzero_plus_depr,0.03,39,958,0.0,2,0.20243616,0.20243642,1.0306826,0.09317887,0.09317887,1.0,2.5172966e-07,2.7015747e-06,-27.730253,2.267547,0.755849,0.17600001,0.0,0.14504817,9.315118,9.325118,3068800
hardzero_plus_depr__c0p54__z1p05__lam0p010__nu0p50__psi1p00,hardzero_plus_depr,0.03,39,959,0.0,2,0.20243642,0.20243666,1.0375417,0.09171877,0.09171877,1.0,2.4531954e-07,2.6746927e-06,-27.583405,2.2826374,0.76087916,0.16000001,0.0,0.13702078,9.325118,9.335118,3072000
hardzero_plus_depr__c0p54__z1p05__lam0p010__nu0p50__psi1p00,hardzero_plus_depr,0.03,39,960,0.0,2,0.20243666,0.20243694,0.9783258,0.105117306,0.105117306,1.0,2.7835893e-07,2.6480789e-06,-25.9664,2.1523597,0.71745324,0.17600001,0.0,0.1431634,9.335118,9.3451185,3075200
hardzero_plus_depr__c0p54__z1p05__lam0p010__nu0p50__psi1p00,hardzero_plus_depr,0.03,39,961,0.0,2,0.20243694,0.2024372,0.9817734,0.10428614,0.10428614,1.0,2.7341005e-07,2.6217294e-06,-26.079235,2.1599445,0.71998155,0.120000005,0.0,0.15632367,9.3451185,9.355119,3078400
hardzero_plus_depr__c0p54__z1p05__lam0p010__nu0p50__psi1p00,hardzero_plus_depr,0.03,39,962,0.0,2,0.2024372,0.20243746,1.0065298,0.0985077,0.0985077,1.0,2.5569074e-07,2.595642e-06,-26.672909,2.2144098,0.73813665,0.17,0.0,0.13609417,9.355119,9.365119,3081600
hardzero_plus_depr__c0p54__z1p05__lam0p010__nu0p50__psi1p00,hardzero_plus_depr,0.03,39,963,0.0,2,0.20243746,0.20243771,1.014478,0.096721284,0.096721284,1.0,2.4855575e-07,2.5698143e-06,-27.230572,2.2318962,0.7439654,0.17600001,0.0,0.14406885,9.365119,9.375119,3084800
hardzero_plus_depr__c0p54__z1p05__lam0p010__nu0p50__psi1p00,hardzero_plus_depr,0.03,39,964,0.0,2,0.20243771,0.20243795,1.0235343,0.09472524,0.09472524,1.0,2.4100407e-07,2.5442434e-06,-27.658693,2.2518203,0.7506068,0.18400002,0.0,0.17487244,9.375119,9.385119,3088000
hardzero_plus_depr__c0p54__z1p05__lam0p010__nu0p50__psi1p00,hardzero_plus_depr,0.03,39,965,0.0,2,0.20243795,0.20243818,1.0486078,0.089411244,0.089411244,1.0,2.2522043e-07,2.5189274e-06,-27.719126,2.3069832,0.76899445,0.16000001,0.0,0.15220645,9.385119,9.39512,3091200
hardzero_plus_depr__c0p54__z1p05__lam0p010__nu0p50__psi1p00,hardzero_plus_depr,0.03,39,966,0.0,2,0.20243818,0.20243841,1.0321532,0.09286386,0.09286386,1.0,2.3158975e-07,2.4938631e-06,-27.341248,2.2707825,0.7569275,0.16000001,0.0,0.16149314,9.39512,9.40512,3094400
hardzero_plus_depr__c0p54__z1p05__lam0p010__nu0p50__psi1p00,hardzero_plus_depr,0.03,39,967,0.0,2,0.20243841,0.20243867,0.98823935,0.102744974,0.102744974,1.0,2.5368232e-07,2.4690485e-06,-26.522558,2.17417,0.72472334,0.112,0.0,0.13425282,9.40512,9.41512,3097600
hardzero_plus_depr__c0p54__z1p05__lam0p010__nu0p50__psi1p00,hardzero_plus_depr,0.03,39,968,0.0,2,0.20243867,0.20243867,1.0577452,0.0,0.08754973,0.0,0.0,2.4444803e-06,-27.216053,2.327086,0.7756953,0.18400002,0.0,0.1491353,9.41512,9.42512,3100800
hardzero_plus_depr__c0p54__z1p05__lam0p010__nu0p50__psi1p00,hardzero_plus_depr,0.03,39,969,0.0,2,0.20243867,0.20243867,1.0849069,0.0,0.08224189,0.0,0.0,2.4201565e-06,-28.194847,2.386843,0.79561436,0.15200001,0.0,0.15384793,9.42512,9.435121,3104000
hardzero_plus_depr__c0p54__z1p05__lam0p010__nu0p50__psi1p00,hardzero_plus_depr,0.03,39,970,0.0,2,0.20243867,0.2024389,0.9905592,0.102197625,0.102197625,1.0,2.4487318e-07,2.3960752e-06,-26.447853,2.1792738,0.72642463,0.17600001,0.0,0.15251236,9.435121,9.445121,3107200
hardzero_plus_depr__c0p54__z1p05__lam0p010__nu0p50__psi1p00,hardzero_plus_depr,0.03,39,971,0.0,2,0.2024389,0.2024389,1.0702037,0.0,0.08507389,0.0,0.0,2.3722332e-06,-27.849205,2.354495,0.7848317,0.136,0.0,0.15876842,9.445121,9.455121,3110400
hardzero_plus_depr__c0p54__z1p05__lam0p010__nu0p50__psi1p00,hardzero_plus_depr,0.03,39,972,0.0,2,0.2024389,0.20243913,1.0237774,0.09467222,0.09467222,1.0,2.2234988e-07,2.3486286e-06,-27.659285,2.252355,0.75078505,0.18400002,0.0,0.16417935,9.455121,9.465121,3113600
hardzero_plus_depr__c0p54__z1p05__lam0p010__nu0p50__psi1p00,hardzero_plus_depr,0.03,39,973,0.0,2,0.20243913,0.20243934,1.0445727,0.09024585,0.09024585,1.0,2.0984497e-07,2.325259e-06,-27.457804,2.298106,0.7660353,0.120000005,0.0,0.15360473,9.465121,9.4751215,3116800
hardzero_plus_depr__c0p54__z1p05__lam0p010__nu0p50__psi1p00,hardzero_plus_depr,0.03,39,974,0.0,2,0.20243934,0.20243955,1.0466672,0.08981167,0.08981167,1.0,2.0675738e-07,2.3021216e-06,-27.641937,2.3027139,0.76757133,0.16800001,0.0,0.15699393,9.4751215,9.485122,3120000
hardzero_plus_depr__c0p54__z1p05__lam0p010__nu0p50__psi1p00,hardzero_plus_depr,0.03,39,975,0.0,2,0.20243955,0.20243979,0.98893577,0.102580346,0.102580346,1.0,2.3380262e-07,2.2792146e-06,-26.336042,2.175702,0.72523403,0.14999999,0.0,0.11538979,9.485122,9.495122,3123200
hardzero_plus_depr__c0p54__z1p05__lam0p010__nu0p50__psi1p00,hardzero_plus_depr,0.03,39,976,0.0,2,0.20243979,0.20244004,0.94851625,0.11258584,0.11258584,1.0,2.5405396e-07,2.2565355e-06,-25.390461,2.0867774,0.6955925,0.224,0.0,0.14358832,9.495122,9.505122,3126400
hardzero_plus_depr__c0p54__z1p05__lam0p010__nu0p50__psi1p00,hardzero_plus_depr,0.03,39,977,0.0,2,0.20244004,0.20244025,1.0186977,0.09578605,0.09578605,1.0,2.139939e-07,2.234082e-06,-26.394955,2.2411797,0.74705994,0.120000005,0.0,0.14545609,9.505122,9.515122,3129600
hardzero_plus_depr__c0p54__z1p05__lam0p010__nu0p50__psi1p00,hardzero_plus_depr,0.03,39,978,0.0,2,0.20244025,0.20244046,1.0256947,0.09425519,0.09425519,1.0,2.0847854e-07,2.2118522e-06,-27.108501,2.2565734,0.7521912,0.136,0.0,0.13459906,9.515122,9.525123,3132800
hardzero_plus_depr__c0p54__z1p05__lam0p010__nu0p50__psi1p00,hardzero_plus_depr,0.03,39,979,0.0,2,0.20244046,0.20244065,1.0417218,0.090840206,0.090840206,1.0,1.9892582e-07,2.1898434e-06,-27.35476,2.2918336,0.76394457,0.18400002,0.0,0.15068303,9.525123,9.535123,3136000
hardzero_plus_depr__c0p54__z1p05__lam0p010__nu0p50__psi1p00,hardzero_plus_depr,0.03,39,980,0.0,2,0.20244065,0.20244086,1.0071203,0.09837385,0.09837385,1.0,2.1327978e-07,2.1680535e-06,-27.02367,2.2157087,0.7385696,0.18400002,0.0,0.15232612,9.535123,9.545123,3139200
hardzero_plus_depr__c0p54__z1p05__lam0p010__nu0p50__psi1p00,hardzero_plus_depr,0.03,39,981,0.0,2,0.20244086,0.20244108,0.97619385,0.10563459,0.10563459,1.0,2.2674259e-07,2.1464805e-06,-26.735298,2.1476693,0.7158898,0.14400001,0.0,0.13957968,9.545123,9.555123,3142400
hardzero_plus_depr__c0p54__z1p05__lam0p010__nu0p50__psi1p00,hardzero_plus_depr,0.03,39,982,0.0,2,0.20244108,0.20244129,0.9971763,0.10065231,0.10065231,1.0,2.1389847e-07,2.1251224e-06,-26.839157,2.1938317,0.7312772,0.17600001,0.008,0.14069578,9.555123,9.565124,3145600
hardzero_plus_depr__c0p54__z1p05__lam0p010__nu0p50__psi1p00,hardzero_plus_depr,0.03,39,983,0.0,2,0.20244129,0.2024415,1.01083,0.097537115,0.097537115,1.0,2.0521578e-07,2.1039764e-06,-26.025427,2.2238705,0.7412902,0.15200001,0.0,0.14860918,9.565124,9.575124,3148800
hardzero_plus_depr__c0p54__z1p05__lam0p010__nu0p50__psi1p00,hardzero_plus_depr,0.03,39,984,0.0,2,0.2024415,0.20244169,1.0188351,0.09575577,0.09575577,1.0,1.9946319e-07,2.083041e-06,-27.372732,2.2414818,0.7471606,0.18400002,0.008,0.15218103,9.575124,9.585124,3152000
hardzero_plus_depr__c0p54__z1p05__lam0p010__nu0p50__psi1p00,hardzero_plus_depr,0.03,39,985,0.0,2,0.20244169,0.20244169,1.0794927,0.0,0.08327359,0.0,0.0,2.062314e-06,-27.831486,2.3749313,0.7916438,0.120000005,0.0,0.18888542,9.585124,9.595124,3155200
hardzero_plus_depr__c0p54__z1p05__lam0p010__nu0p50__psi1p00,hardzero_plus_depr,0.03,39,986,0.0,2,0.20244169,0.20244169,1.0874482,0.0,0.08176204,0.0,0.0,2.041793e-06,-28.109493,2.392434,0.79747796,0.128,0.0,0.1557582,9.595124,9.605124,3158400
hardzero_plus_depr__c0p54__z1p05__lam0p010__nu0p50__psi1p00,hardzero_plus_depr,0.03,39,987,0.0,2,0.20244169,0.20244193,0.93968606,0.114898376,0.114898376,1.0,2.3226436e-07,2.0214763e-06,-26.12436,2.0673506,0.6891169,0.2,0.0,0.13337544,9.605124,9.615125,3161600
hardzero_plus_depr__c0p54__z1p05__lam0p010__nu0p50__psi1p00,hardzero_plus_depr,0.03,39,988,0.0,2,0.20244193,0.20244214,0.99403226,0.10138361,0.10138361,1.0,2.029053e-07,2.001362e-06,-26.402275,2.1869147,0.7289716,0.19,0.0,0.15819782,9.615125,9.625125,3164800
hardzero_plus_depr__c0p54__z1p05__lam0p010__nu0p50__psi1p00,hardzero_plus_depr,0.03,39,989,0.0,2,0.20244214,0.20244214,1.0619955,0.0,0.08669707,0.0,0.0,1.9814477e-06,-26.966934,2.3364367,0.7788123,0.104,0.0,0.14429745,9.625125,9.635125,3168000
hardzero_plus_depr__c0p54__z1p05__lam0p010__nu0p50__psi1p00,hardzero_plus_depr,0.03,39,990,0.0,2,0.20244214,0.20244236,0.9561092,0.11063455,0.11063455,1.0,2.1703528e-07,1.9617314e-06,-26.225645,2.1034822,0.7011608,0.17600001,0.0,0.116518,9.635125,9.645125,3171200
hardzero_plus_depr__c0p54__z1p05__lam0p010__nu0p50__psi1p00,hardzero_plus_depr,0.03,39,991,0.0,2,0.20244236,0.20244256,0.9960226,0.10092004,0.10092004,1.0,1.9600806e-07,1.9422116e-06,-26.470892,2.1912935,0.7304312,0.16000001,0.0,0.14061645,9.645125,9.655126,3174400
hardzero_plus_depr__c0p54__z1p05__lam0p010__nu0p50__psi1p00,hardzero_plus_depr,0.03,39,992,0.0,2,0.20244256,0.20244277,0.9733043,0.10633976,0.10633976,1.0,2.044792e-07,1.9228858e-06,-26.978481,2.1413121,0.71377075,0.128,0.0,0.13930473,9.655126,9.665126,3177600
hardzero_plus_depr__c0p54__z1p05__lam0p010__nu0p50__psi1p00,hardzero_plus_depr,0.03,39,993,0.0,2,0.20244277,0.20244296,0.99721193,0.10064403,0.10064403,1.0,1.9160129e-07,1.9037521e-06,-26.22594,2.1939101,0.7313034,0.2,0.0,0.115447,9.665126,9.675126,3180800
hardzero_plus_depr__c0p54__z1p05__lam0p010__nu0p50__psi1p00,hardzero_plus_depr,0.03,39,994,0.0,2,0.20244296,0.20244315,0.9721214,0.10662979,0.10662979,1.0,2.009768e-07,1.8848091e-06,-26.437187,2.1387098,0.71290326,0.16000001,0.0,0.11956787,9.675126,9.685126,3184000
hardzero_plus_depr__c0p54__z1p05__lam0p010__nu0p50__psi1p00,hardzero_plus_depr,0.03,39,995,0.0,2,0.20244315,0.20244315,1.0512712,0.0,0.088864595,0.0,0.0,1.8660545e-06,-28.221601,2.3128428,0.77094764,0.14400001,0.0,0.16270022,9.685126,9.695127,3187200
hardzero_plus_depr__c0p54__z1p05__lam0p010__nu0p50__psi1p00,hardzero_plus_depr,0.03,39,996,0.0,2,0.20244315,0.20244333,1.0033352,0.09923497,0.09923497,1.0,1.8333529e-07,1.8474867e-06,-27.184584,2.2073817,0.73579395,0.16000001,0.0,0.15821798,9.695127,9.705127,3190400
hardzero_plus_depr__c0p54__z1p05__lam0p010__nu0p50__psi1p00,hardzero_plus_depr,0.03,39,997,0.0,2,0.20244333,0.20244351,1.0280918,0.09373639,0.09373639,1.0,1.7145354e-07,1.8291033e-06,-27.802685,2.261847,0.75394905,0.120000005,0.0,0.15958343,9.705127,9.715127,3193600
hardzero_plus_depr__c0p54__z1p05__lam0p010__nu0p50__psi1p00,hardzero_plus_depr,0.03,39,998,0.0,2,0.20244351,0.20244369,0.9935261,0.10150183,0.10150183,1.0,1.8380997e-07,1.8109031e-06,-26.629568,2.185801,0.7286004,0.16000001,0.0,0.12992337,9.715127,9.725127,3196800
hardzero_plus_depr__c0p54__z1p05__lam0p010__nu0p50__psi1p00,hardzero_plus_depr,0.03,39,999,0.0,2,0.20244369,0.20244385,1.0465255,0.089840986,0.089840986,1.0,1.6107445e-07,1.7928838e-06,-28.171146,2.302402,0.7674674,0.128,0.0,0.14695549,9.725127,9.735127,3200000
hardzero_plus_depr__c0p54__z1p05__lam0p010__nu0p50__psi1p00,hardzero_plus_depr,0.03,39,1000,0.0,2,0.20244385,0.20244385,1.0506207,0.0,0.08899782,0.0,0.0,1.775044e-06,-28.656593,2.3114116,0.77047056,0.14400001,0.0,0.1847594,9.735127,9.745128,3203200
hardzero_plus_depr__c0p54__z1p05__lam0p010__nu0p50__psi1p00,hardzero_plus_depr,0.03,39,1001,0.0,2,0.20244385,0.20244403,0.99204594,0.10184836,0.10184836,1.0,1.7898643e-07,1.7573816e-06,-26.208174,2.1825447,0.7275149,0.14,0.0,0.13739993,9.745128,9.755128,3206400
hardzero_plus_depr__c0p54__z1p05__lam0p010__nu0p50__psi1p00,hardzero_plus_depr,0.03,39,1002,0.0,2,0.20244403,0.2024442,1.020958,0.09528885,0.09528885,1.0,1.6579258e-07,1.7398949e-06,-26.995676,2.2461524,0.7487175,0.216,0.0,0.1458408,9.755128,9.765128,3209600
hardzero_plus_depr__c0p54__z1p05__lam0p010__nu0p50__psi1p00,hardzero_plus_depr,0.03,39,1003,0.0,2,0.2024442,0.20244436,1.0302674,0.093268,0.093268,1.0,1.6066181e-07,1.7225824e-06,-27.341558,2.2666335,0.75554454,0.18400002,0.0,0.17043693,9.765128,9.775128,3212800
hardzero_plus_depr__c0p54__z1p05__lam0p010__nu0p50__psi1p00,hardzero_plus_depr,0.03,39,1004,0.0,2,0.20244436,0.20244452,1.0078655,0.0982052,0.0982052,1.0,1.6748326e-07,1.705442e-06,-26.485153,2.2173486,0.7391162,0.192,0.0,0.13979915,9.775128,9.785129,3216000
hardzero_plus_depr__c0p54__z1p05__lam0p010__nu0p50__psi1p00,hardzero_plus_depr,0.03,39,1005,0.0,2,0.20244452,0.20244469,0.9942162,0.10134067,0.10134067,1.0,1.711109e-07,1.6884721e-06,-27.428188,2.1873193,0.7291064,0.15200001,0.0,0.1615453,9.785129,9.795129,3219200
hardzero_plus_depr__c0p54__z1p05__lam0p010__nu0p50__psi1p00,hardzero_plus_depr,0.03,39,1006,0.0,2,0.20244469,0.20244484,1.0354003,0.09217214,0.09217214,1.0,1.5408152e-07,1.6716713e-06,-27.165775,2.2779262,0.75930876,0.14400001,0.0,0.14314082,9.795129,9.805129,3222400
hardzero_plus_depr__c0p54__z1p05__lam0p010__nu0p50__psi1p00,hardzero_plus_depr,0.03,39,1007,0.0,2,0.20244484,0.202445,1.0194414,0.09562217,0.09562217,1.0,1.5825826e-07,1.6550374e-06,-26.818329,2.2428157,0.74760526,0.136,0.0,0.15510821,9.805129,9.815129,3225600
hardzero_plus_depr__c0p54__z1p05__lam0p010__nu0p50__psi1p00,hardzero_plus_depr,0.03,39,1008,0.0,2,0.202445,0.20244516,1.0171074,0.09613744,0.09613744,1.0,1.5752785e-07,1.6385692e-06,-27.190212,2.237681,0.74589366,0.16800001,0.0,0.16384724,9.815129,9.8251295,3228800
hardzero_plus_depr__c0p54__z1p05__lam0p010__nu0p50__psi1p00,hardzero_plus_depr,0.03,39,1009,0.0,2,0.20244516,0.20244531,1.0484697,0.089439705,0.089439705,1.0,1.4509486e-07,1.6222646e-06,-27.910946,2.3066792,0.7688931,0.120000005,0.0,0.15546453,9.8251295,9.83513,3232000
hardzero_plus_depr__c0p54__z1p05__lam0p010__nu0p50__psi1p00,hardzero_plus_depr,0.03,39,1010,0.0,2,0.20244531,0.20244548,0.9918677,0.10189015,0.10189015,1.0,1.6364807e-07,1.6061226e-06,-27.057259,2.1821525,0.7273842,0.17600001,0.0,0.12384308,9.83513,9.84513,3235200
hardzero_plus_depr__c0p54__z1p05__lam0p010__nu0p50__psi1p00,hardzero_plus_depr,0.03,39,1011,0.0,2,0.20244548,0.20244566,0.9443268,0.113677144,0.113677144,1.0,1.8076268e-07,1.590141e-06,-25.405487,2.0775604,0.69252014,0.24000001,0.008,0.14306304,9.84513,9.85513,3238400
hardzero_plus_depr__c0p54__z1p05__lam0p010__nu0p50__psi1p00,hardzero_plus_depr,0.03,39,1012,0.0,2,0.20244566,0.2024458,1.0198991,0.09552143,0.09552143,1.0,1.5038115e-07,1.5743185e-06,-26.811548,2.2438228,0.74794096,0.128,0.0,0.15277417,9.85513,9.86513,3241600
hardzero_plus_depr__c0p54__z1p05__lam0p010__nu0p50__psi1p00,hardzero_plus_depr,0.03,39,1013,0.0,2,0.2024458,0.20244595,1.018037,0.0959319,0.0959319,1.0,1.4952457e-07,1.5586533e-06,-27.129484,2.239726,0.74657536,0.14400001,0.0,0.16976756,9.86513,9.875131,3244800
hardzero_plus_depr__c0p54__z1p05__lam0p010__nu0p50__psi1p00,hardzero_plus_depr,0.03,39,1014,0.0,2,0.20244595,0.20244595,1.0646242,0.0,0.0861739,0.0,0.0,1.5431441e-06,-27.90018,2.34222,0.78074,0.11,0.0,0.17585365,9.875131,9.885131,3248000
hardzero_plus_depr__c0p54__z1p05__lam0p010__nu0p50__psi1p00,hardzero_plus_depr,0.03,39,1015,0.0,2,0.20244595,0.2024461,1.0171658,0.096124515,0.096124515,1.0,1.4685801e-07,1.5277893e-06,-27.221165,2.2378094,0.7459365,0.120000005,0.0,0.13935973,9.885131,9.895131,3251200
hardzero_plus_depr__c0p54__z1p05__lam0p010__nu0p50__psi1p00,hardzero_plus_depr,0.03,39,1016,0.0,2,0.2024461,0.20244625,0.99810797,0.100436606,0.100436606,1.0,1.5191912e-07,1.5125872e-06,-27.044128,2.1958814,0.7319605,0.18400002,0.0,0.13533343,9.895131,9.905131,3254400
hardzero_plus_depr__c0p54__z1p05__lam0p010__nu0p50__psi1p00,hardzero_plus_depr,0.03,39,1017,0.0,2,0.20244625,0.2024464,1.0117866,0.09732253,0.09732253,1.0,1.4574402e-07,1.4975363e-06,-26.515419,2.225975,0.7419917,0.14400001,0.0,0.11974935,9.905131,9.915132,3257600
hardzero_plus_depr__c0p54__z1p05__lam0p010__nu0p50__psi1p00,hardzero_plus_depr,0.03,39,1018,0.0,2,0.2024464,0.20244655,1.002802,0.09935689,0.09935689,1.0,1.4731002e-07,1.4826352e-06,-27.14127,2.2062085,0.7354028,0.128,0.0,0.14113459,9.915132,9.925132,3260800
hardzero_plus_depr__c0p54__z1p05__lam0p010__nu0p50__psi1p00,hardzero_plus_depr,0.03,39,1019,0.0,2,0.20244655,0.2024467,0.9949481,0.10117003,0.10117003,1.0,1.485057e-07,1.4678824e-06,-26.479246,2.1889296,0.7296432,0.15200001,0.0,0.12941381,9.925132,9.935132,3264000
hardzero_plus_depr__c0p54__z1p05__lam0p010__nu0p50__psi1p00,hardzero_plus_depr,0.03,39,1020,0.0,2,0.2024467,0.2024467,1.0957876,0.0,0.08020702,0.0,0.0,1.4532765e-06,-28.641838,2.410781,0.80359364,0.08800001,0.0,0.14857547,9.935132,9.945132,3267200
hardzero_plus_depr__c0p54__z1p05__lam0p010__nu0p50__psi1p00,hardzero_plus_depr,0.03,39,1021,0.0,2,0.2024467,0.20244685,1.0005212,0.09988007,0.09988007,1.0,1.4370902e-07,1.4388157e-06,-27.01931,2.2011905,0.7337302,0.15200001,0.0,0.13908818,9.945132,9.9551325,3270400
hardzero_plus_depr__c0p54__z1p05__lam0p010__nu0p50__psi1p00,hardzero_plus_depr,0.03,39,1022,0.0,2,0.20244685,0.202447,0.99220866,0.10181022,0.10181022,1.0,1.4502855e-07,1.424499e-06,-26.38078,2.1829026,0.7276342,0.136,0.0,0.14396706,9.9551325,9.965133,3273600
hardzero_plus_depr__c0p54__z1p05__lam0p010__nu0p50__psi1p00,hardzero_plus_depr,0.03,39,1023,0.0,2,0.202447,0.20244713,1.019842,0.095534004,0.095534004,1.0,1.3473395e-07,1.4103246e-06,-27.026176,2.2436972,0.74789906,0.15200001,0.0,0.13164668,9.965133,9.975133,3276800
hardzero_plus_depr__c0p54__z1p05__lam0p010__nu0p50__psi1p00,hardzero_plus_depr,0.03,39,1024,0.0,2,0.20244713,0.20244727,1.0416234,0.09086081,0.09086081,1.0,1.2686816e-07,1.3962914e-06,-27.34721,2.2916172,0.7638724,0.192,0.0,0.16229568,9.975133,9.985133,3280000
hardzero_plus_depr__c0p54__z1p05__lam0p010__nu0p50__psi1p00,hardzero_plus_depr,0.03,39,1025,0.0,2,0.20244727,0.2024474,1.0262392,0.0941371,0.0941371,1.0,1.3013492e-07,1.3823978e-06,-27.936419,2.2577713,0.7525904,0.18400002,0.0,0.15004788,9.985133,9.995133,3283200
hardzero_plus_depr__c0p54__z1p05__lam0p010__nu0p50__psi1p00,hardzero_plus_depr,0.03,39,1026,0.0,2,0.2024474,0.2024474,1.0952724,0.0,0.08030223,0.0,0.0,1.3686423e-06,-27.930359,2.4096475,0.80321586,0.096,0.0,0.17275724,9.995133,10.005134,3286400
hardzero_plus_depr__c0p54__z1p05__lam0p010__nu0p50__psi1p00,hardzero_plus_depr,0.03,39,1027,0.0,2,0.2024474,0.2024474,1.0512499,0.0,0.08886897,0.0,0.0,1.3550238e-06,-28.249601,2.3127959,0.77093196,0.17,0.0,0.14824474,10.005134,10.015134,3289600
hardzero_plus_depr__c0p54__z1p05__lam0p010__nu0p50__psi1p00,hardzero_plus_depr,0.03,39,1028,0.0,2,0.2024474,0.20244753,0.9913799,0.10200468,0.10200468,1.0,1.3684344e-07,1.3415408e-06,-26.058079,2.1810794,0.72702646,0.16800001,0.0,0.13775972,10.015134,10.025134,3292800
hardzero_plus_depr__c0p54__z1p05__lam0p010__nu0p50__psi1p00,hardzero_plus_depr,0.03,39,1029,0.0,2,0.20244753,0.20244768,0.9529291,0.111447655,0.111447655,1.0,1.4802387e-07,1.3281918e-06,-25.91064,2.0964859,0.69882864,0.2,0.0,0.15023303,10.025134,10.035134,3296000
hardzero_plus_depr__c0p54__z1p05__lam0p010__nu0p50__psi1p00,hardzero_plus_depr,0.03,39,1030,0.0,2,0.20244768,0.2024478,1.0240422,0.0946145,0.0946145,1.0,1.2441579e-07,1.314976e-06,-27.6537,2.252938,0.75097936,0.112,0.0,0.15486655,10.035134,10.045135,3299200
hardzero_plus_depr__c0p54__z1p05__lam0p010__nu0p50__psi1p00,hardzero_plus_depr,0.03,39,1031,0.0,2,0.2024478,0.20244792,1.0291227,0.09351413,0.09351413,1.0,1.2174524e-07,1.3018914e-06,-27.303543,2.264115,0.7547051,0.112,0.0,0.12577215,10.045135,10.055135,3302400
hardzero_plus_depr__c0p54__z1p05__lam0p010__nu0p50__psi1p00,hardzero_plus_depr,0.03,39,1032,0.0,2,0.20244792,0.20244792,1.0749602,0.0,0.08414721,0.0,0.0,1.288937e-06,-28.018986,2.3649597,0.78831995,0.16800001,0.0,0.15730166,10.055135,10.065135,3305600
hardzero_plus_depr__c0p54__z1p05__lam0p010__nu0p50__psi1p00,hardzero_plus_depr,0.03,39,1033,0.0,2,0.20244792,0.20244806,0.9987389,0.10029082,0.10029082,1.0,1.2798228e-07,1.2761116e-06,-26.064693,2.1972694,0.7324232,0.2,0.0,0.14100558,10.065135,10.075135,3308800
hardzero_plus_depr__c0p54__z1p05__lam0p010__nu0p50__psi1p00,hardzero_plus_depr,0.03,39,1034,0.0,2,0.20244806,0.20244817,1.0119461,0.0972868,0.0972868,1.0,1.2291348e-07,1.2634138e-06,-27.415312,2.2263258,0.7421086,0.216,0.0,0.14120291,10.075135,10.085135,3312000
hardzero_plus_depr__c0p54__z1p05__lam0p010__nu0p50__psi1p00,hardzero_plus_depr,0.03,39,1035,0.0,2,0.20244817,0.2024483,1.0350918,0.09223765,0.09223765,1.0,1.1537475e-07,1.2508423e-06,-26.937672,2.2772474,0.7590825,0.120000005,0.0,0.1547049,10.085135,10.095136,3315200
hardzero_plus_depr__c0p54__z1p05__lam0p010__nu0p50__psi1p00,hardzero_plus_depr,0.03,39,1036,0.0,2,0.2024483,0.20244841,1.0334003,0.0925976,0.0925976,1.0,1.1467249e-07,1.238396e-06,-27.44998,2.273526,0.757842,0.17600001,0.0,0.15367974,10.095136,10.105136,3318400
hardzero_plus_depr__c0p54__z1p05__lam0p010__nu0p50__psi1p00,hardzero_plus_depr,0.03,39,1037,0.0,2,0.20244841,0.20244841,1.0500293,0.0,0.089119084,0.0,0.0,1.2260734e-06,-27.112303,2.3101106,0.7700369,0.112,0.0,0.15853368,10.105136,10.115136,3321600
hardzero_plus_depr__c0p54__z1p05__lam0p010__nu0p50__psi1p00,hardzero_plus_depr,0.03,39,1038,0.0,2,0.20244841,0.20244853,1.0275935,0.09384399,0.09384399,1.0,1.1391473e-07,1.2138735e-06,-26.741545,2.2607508,0.7535836,0.104,0.0,0.14169274,10.115136,10.125136,3324800
hardzero_plus_depr__c0p54__z1p05__lam0p010__nu0p50__psi1p00,hardzero_plus_depr,0.03,39,1039,0.0,2,0.20244853,0.20244865,1.004514,0.098965995,0.098965995,1.0,1.1893683e-07,1.2017949e-06,-26.471453,2.2099748,0.7366583,0.17600001,0.0,0.14842613,10.125136,10.135137,3328000
hardzero_plus_depr__c0p54__z1p05__lam0p010__nu0p50__psi1p00,hardzero_plus_depr,0.03,39,1040,0.0,2,0.20244865,0.20244865,1.0770024,0.0,0.08375247,0.0,0.0,1.1898366e-06,-28.399702,2.3694527,0.7898176,0.14999999,0.0,0.14396551,10.135137,10.145137,3331200
hardzero_plus_depr__c0p54__z1p05__lam0p010__nu0p50__psi1p00,hardzero_plus_depr,0.03,39,1041,0.0,2,0.20244865,0.20244876,1.0407009,0.09105401,0.09105401,1.0,1.07261364e-07,1.1779972e-06,-27.244532,2.2895877,0.76319593,0.128,0.0,0.15709567,10.145137,10.155137,3334400
hardzero_plus_depr__c0p54__z1p05__lam0p010__nu0p50__psi1p00,hardzero_plus_depr,0.03,39,1042,0.0,2,0.20244876,0.20244887,0.9663268,0.10806205,0.10806205,1.0,1.2603014e-07,1.1662758e-06,-26.815403,2.1259613,0.7086538,0.15200001,0.0,0.1324426,10.155137,10.165137,3337600
hardzero_plus_depr__c0p54__z1p05__lam0p010__nu0p50__psi1p00,hardzero_plus_depr,0.03,39,1043,0.0,2,0.20244887,0.202449,1.0053781,0.09876927,0.09876927,1.0,1.14045996e-07,1.1546708e-06,-26.49408,2.2118762,0.73729205,0.15200001,0.0,0.13500443,10.165137,10.1751375,3340800
hardzero_plus_depr__c0p54__z1p05__lam0p010__nu0p50__psi1p00,hardzero_plus_depr,0.03,39,1044,0.0,2,0.202449,0.202449,1.0637603,0.0,0.08634551,0.0,0.0,1.1431814e-06,-28.006355,2.3403194,0.7801065,0.120000005,0.0,0.15527458,10.1751375,10.185138,3344000
hardzero_plus_depr__c0p54__z1p05__lam0p010__nu0p50__psi1p00,hardzero_plus_depr,0.03,39,1045,0.0,2,0.202449,0.20244911,0.9700433,0.10714124,0.10714124,1.0,1.2126313e-07,1.1318062e-06,-26.12125,2.1341379,0.7113793,0.16000001,0.0,0.1383756,10.185138,10.195138,3347200
hardzero_plus_depr__c0p54__z1p05__lam0p010__nu0p50__psi1p00,hardzero_plus_depr,0.03,39,1046,0.0,2,0.20244911,0.20244922,1.0348319,0.09229287,0.09229287,1.0,1.0341826e-07,1.1205444e-06,-27.491879,2.2766757,0.75889194,0.18400002,0.0,0.13494599,10.195138,10.205138,3350400
hardzero_plus_depr__c0p54__z1p05__lam0p010__nu0p50__psi1p00,hardzero_plus_depr,0.03,39,1047,0.0,2,0.20244922,0.20244922,1.0526096,0.0,0.08859116,0.0,0.0,1.1093946e-06,-27.72708,2.3157873,0.77192914,0.16000001,0.0,0.16357979,10.205138,10.215138,3353600
hardzero_plus_depr__c0p54__z1p05__lam0p010__nu0p50__psi1p00,hardzero_plus_depr,0.03,39,1048,0.0,2,0.20244922,0.20244932,1.0445561,0.0902493,0.0902493,1.0,9.912582e-08,1.0983556e-06,-28.017042,2.2980695,0.76602316,0.128,0.0,0.16061941,10.215138,10.225139,3356800
hardzero_plus_depr__c0p54__z1p05__lam0p010__nu0p50__psi1p00,hardzero_plus_depr,0.03,39,1049,0.0,2,0.20244932,0.20244943,0.9897108,0.10239745,0.10239745,1.0,1.1134971e-07,1.0874267e-06,-26.669018,2.1774073,0.7258024,0.14400001,0.0,0.16967928,10.225139,10.235139,3360000
hardzero_plus_depr__c0p54__z1p05__lam0p010__nu0p50__psi1p00,hardzero_plus_depr,0.03,39,1050,0.0,2,0.20244943,0.20244953,1.0115151,0.09738339,0.09738339,1.0,1.0484356e-07,1.0766062e-06,-26.90814,2.2253778,0.7417926,0.104,0.0,0.14408262,10.235139,10.245139,3363200
hardzero_plus_depr__c0p54__z1p05__lam0p010__nu0p50__psi1p00,hardzero_plus_depr,0.03,39,1051,0.0,2,0.20244953,0.20244963,1.0074049,0.0983094,0.0983094,1.0,1.0478737e-07,1.0658937e-06,-27.513866,2.216335,0.73877835,0.120000005,0.0,0.16520442,10.245139,10.255139,3366400
hardzero_plus_depr__c0p54__z1p05__lam0p010__nu0p50__psi1p00,hardzero_plus_depr,0.03,39,1052,0.0,2,0.20244963,0.20244972,1.0456308,0.090026245,0.090026245,1.0,9.500358e-08,1.0552876e-06,-27.896282,2.3004336,0.76681125,0.14400001,0.0,0.16501589,10.255139,10.26514,3369600
hardzero_plus_depr__c0p54__z1p05__lam0p010__nu0p50__psi1p00,hardzero_plus_depr,0.03,39,1053,0.0,2,0.20244972,0.20244972,1.0682772,0.0,0.0854521,0.0,0.0,1.044787e-06,-27.577497,2.350257,0.783419,0.13,0.0,0.14449237,10.26514,10.27514,3372800
hardzero_plus_depr__c0p54__z1p05__lam0p010__nu0p50__psi1p00,hardzero_plus_depr,0.03,39,1054,0.0,2,0.20244972,0.20244972,1.0635452,0.0,0.086388275,0.0,0.0,1.034391e-06,-28.042952,2.3398461,0.7799487,0.072000004,0.0,0.13034712,10.27514,10.28514,3376000
hardzero_plus_depr__c0p54__z1p05__lam0p010__nu0p50__psi1p00,hardzero_plus_depr,0.03,39,1055,0.0,2,0.20244972,0.20244972,1.0519276,0.0,0.088730395,0.0,0.0,1.0240984e-06,-27.419563,2.314287,0.771429,0.16000001,0.0,0.15571995,10.28514,10.29514,3379200
hardzero_plus_depr__c0p54__z1p05__lam0p010__nu0p50__psi1p00,hardzero_plus_depr,0.03,39,1056,0.0,2,0.20244972,0.20244983,0.98468494,0.10358934,0.10358934,1.0,1.0503008e-07,1.0139082e-06,-26.60304,2.1663501,0.7221167,0.2,0.0,0.15685286,10.29514,10.3051405,3382400
hardzero_plus_depr__c0p54__z1p05__lam0p010__nu0p50__psi1p00,hardzero_plus_depr,0.03,39,1057,0.0,2,0.20244983,0.20244993,0.9710842,0.10688477,0.10688477,1.0,1.07293005e-07,1.0038194e-06,-26.238354,2.1364279,0.71214265,0.208,0.0,0.1458913,10.3051405,10.315141,3385600
hardzero_plus_depr__c0p54__z1p05__lam0p010__nu0p50__psi1p00,hardzero_plus_depr,0.03,39,1058,0.0,2,0.20244993,0.20245004,0.9900205,0.102324456,0.102324456,1.0,1.0169323e-07,9.938311e-07,-26.906443,2.1780887,0.7260296,0.16800001,0.0,0.11277953,10.315141,10.325141,3388800
hardzero_plus_depr__c0p54__z1p05__lam0p010__nu0p50__psi1p00,hardzero_plus_depr,0.03,39,1059,0.0,2,0.20245004,0.20245013,1.0304933,0.09321949,0.09321949,1.0,9.172257e-08,9.83942e-07,-27.469604,2.2671304,0.7557101,0.104,0.0,0.12009664,10.325141,10.335141,3392000
hardzero_plus_depr__c0p54__z1p05__lam0p010__nu0p50__psi1p00,hardzero_plus_depr,0.03,39,1060,0.0,2,0.20245013,0.20245023,0.9856581,0.103357464,0.103357464,1.0,1.00685824e-07,9.741515e-07,-26.41824,2.1684911,0.7228304,0.17600001,0.0,0.1506113,10.335141,10.345141,3395200
hardzero_plus_depr__c0p54__z1p05__lam0p010__nu0p50__psi1p00,hardzero_plus_depr,0.03,39,1061,0.0,2,0.20245023,0.20245032,1.0231012,0.09481973,0.09481973,1.0,9.144967e-08,9.644582e-07,-27.717644,2.2508676,0.7502892,0.18400002,0.0,0.1402668,10.345141,10.355142,3398400
hardzero_plus_depr__c0p54__z1p05__lam0p010__nu0p50__psi1p00,hardzero_plus_depr,0.03,39,1062,0.0,2,0.20245032,0.20245041,1.0335809,0.09255908,0.09255908,1.0,8.838109e-08,9.548614e-07,-28.119549,2.2739234,0.7579745,0.17600001,0.0,0.16337022,10.355142,10.365142,3401600
hardzero_plus_depr__c0p54__z1p05__lam0p010__nu0p50__psi1p00,hardzero_plus_depr,0.03,39,1063,0.0,2,0.20245041,0.2024505,1.0097269,0.09778518,0.09778518,1.0,9.244222e-08,9.453602e-07,-27.905933,2.2214434,0.74048114,0.17600001,0.0,0.13550192,10.365142,10.375142,3404800
hardzero_plus_depr__c0p54__z1p05__lam0p010__nu0p50__psi1p00,hardzero_plus_depr,0.03,39,1064,0.0,2,0.2024505,0.2024506,0.9800284,0.10470602,0.10470602,1.0,9.7999965e-08,9.359535e-07,-25.57827,2.1561055,0.71870184,0.16800001,0.0,0.1250211,10.375142,10.385142,3408000
hardzero_plus_depr__c0p54__z1p05__lam0p010__nu0p50__psi1p00,hardzero_plus_depr,0.03,39,1065,0.0,2,0.2024506,0.2024507,1.0403314,0.091131516,0.091131516,1.0,8.4446135e-08,9.266403e-07,-27.51373,2.2887747,0.7629249,0.16800001,0.0,0.13079949,10.385142,10.395143,3411200
hardzero_plus_depr__c0p54__z1p05__lam0p010__nu0p50__psi1p00,hardzero_plus_depr,0.03,39,1066,0.0,2,0.2024507,0.20245078,0.99825674,0.100402206,0.100402206,1.0,9.211099e-08,9.174199e-07,-27.05372,2.1962087,0.7320696,0.17999999,0.0,0.15056963,10.395143,10.405143,3414400
hardzero_plus_depr__c0p54__z1p05__lam0p010__nu0p50__psi1p00,hardzero_plus_depr,0.03,39,1067,0.0,2,0.20245078,0.20245089,0.96463996,0.108482584,0.108482584,1.0,9.853378e-08,9.0829127e-07,-25.852346,2.1222503,0.7074168,0.192,0.0,0.12885499,10.405143,10.415143,3417600
hardzero_plus_depr__c0p54__z1p05__lam0p010__nu0p50__psi1p00,hardzero_plus_depr,0.03,39,1068,0.0,2,0.20245089,0.20245098,1.0395684,0.09129175,0.09129175,1.0,8.209442e-08,8.9925345e-07,-27.204628,2.2870963,0.76236546,0.16000001,0.0,0.15548559,10.415143,10.425143,3420800
hardzero_plus_depr__c0p54__z1p05__lam0p010__nu0p50__psi1p00,hardzero_plus_depr,0.03,39,1069,0.0,2,0.20245098,0.20245107,0.99211705,0.1018317,0.1018317,1.0,9.066132e-08,8.903055e-07,-26.707293,2.182701,0.7275671,0.23200001,0.008,0.14589097,10.425143,10.435143,3424000
hardzero_plus_depr__c0p54__z1p05__lam0p010__nu0p50__psi1p00,hardzero_plus_depr,0.03,39,1070,0.0,2,0.20245107,0.20245107,1.0776881,0.0,0.08362032,0.0,0.0,8.814467e-07,-28.469332,2.3709612,0.7903204,0.08800001,0.0,0.17961857,10.435143,10.445144,3427200
hardzero_plus_depr__c0p54__z1p05__lam0p010__nu0p50__psi1p00,hardzero_plus_depr,0.03,39,1071,0.0,2,0.20245107,0.20245115,1.0177449,0.095996425,0.095996425,1.0,8.377376e-08,8.7267586e-07,-26.823334,2.2390835,0.7463612,0.16000001,0.0,0.14485104,10.445144,10.455144,3430400
hardzero_plus_depr__c0p54__z1p05__lam0p010__nu0p50__psi1p00,hardzero_plus_depr,0.03,39,1072,0.0,2,0.20245115,0.20245115,1.0502696,0.0,0.08906978,0.0,0.0,8.6399245e-07,-27.827751,2.3106391,0.77021307,0.16800001,0.0,0.13496989,10.455144,10.465144,3433600
hardzero_plus_depr__c0p54__z1p05__lam0p010__nu0p50__psi1p00,hardzero_plus_depr,0.03,39,1073,0.0,2,0.20245115,0.20245124,1.0061347,0.09859735,0.09859735,1.0,8.433971e-08,8.5539534e-07,-26.486847,2.2135406,0.73784685,0.16000001,0.0,0.13273801,10.465144,10.475144,3436800
hardzero_plus_depr__c0p54__z1p05__lam0p010__nu0p50__psi1p00,hardzero_plus_depr,0.03,39,1074,0.0,2,0.20245124,0.20245132,1.0281038,0.09373377,0.09373377,1.0,7.9381614e-08,8.468838e-07,-27.844189,2.2618735,0.75395787,0.128,0.0,0.1582273,10.475144,10.485145,3440000
hardzero_plus_depr__c0p54__z1p05__lam0p010__nu0p50__psi1p00,hardzero_plus_depr,0.03,39,1075,0.0,2,0.20245132,0.2024514,1.0293242,0.093470775,0.093470775,1.0,7.837123e-08,8.38457e-07,-27.301214,2.2645583,0.7548528,0.14400001,0.0,0.14698198,10.485145,10.495145,3443200
hardzero_plus_depr__c0p54__z1p05__lam0p010__nu0p50__psi1p00,hardzero_plus_depr,0.03,39,1076,0.0,2,0.2024514,0.20245147,1.0235273,0.09472677,0.09472677,1.0,7.8634024e-08,8.3011406e-07,-27.519682,2.2518048,0.75060165,0.16000001,0.0,0.16877042,10.495145,10.505145,3446400
hardzero_plus_depr__c0p54__z1p05__lam0p010__nu0p50__psi1p00,hardzero_plus_depr,0.03,39,1077,0.0,2,0.20245147,0.20245156,0.98417616,0.10371078,0.10371078,1.0,8.523513e-08,8.218541e-07,-26.176243,2.1652308,0.7217436,0.15200001,0.0,0.15964593,10.505145,10.515145,3449600
hardzero_plus_depr__c0p54__z1p05__lam0p010__nu0p50__psi1p00,hardzero_plus_depr,0.03,39,1078,0.0,2,0.20245156,0.20245163,1.0242287,0.09457391,0.09457391,1.0,7.6952546e-08,8.136763e-07,-27.372118,2.253348,0.75111604,0.192,0.0,0.13526838,10.515145,10.525146,3452800
hardzero_plus_depr__c0p54__z1p05__lam0p010__nu0p50__psi1p00,hardzero_plus_depr,0.03,39,1079,0.0,2,0.20245163,0.2024517,0.99445635,0.10128465,0.10128465,1.0,8.159288e-08,8.055799e-07,-27.403994,2.1878476,0.72928256,0.21,0.0,0.14446683,10.525146,10.535146,3456000
hardzero_plus_depr__c0p54__z1p05__lam0p010__nu0p50__psi1p00,hardzero_plus_depr,0.03,39,1080,0.0,2,0.2024517,0.20245178,1.0451484,0.09012632,0.09012632,1.0,7.1881516e-08,7.975641e-07,-28.066307,2.2993724,0.7664575,0.128,0.0,0.13754906,10.535146,10.545146,3459200
hardzero_plus_depr__c0p54__z1p05__lam0p010__nu0p50__psi1p00,hardzero_plus_depr,0.03,39,1081,0.0,2,0.20245178,0.20245178,1.0557355,0.0,0.0879558,0.0,0.0,7.89628e-07,-27.907999,2.3226645,0.77422154,0.136,0.0,0.174494,10.545146,10.555146,3462400
hardzero_plus_depr__c0p54__z1p05__lam0p010__nu0p50__psi1p00,hardzero_plus_depr,0.03,39,1082,0.0,2,0.20245178,0.20245185,1.0043352,0.09900675,0.09900675,1.0,7.740059e-08,7.817709e-07,-26.845747,2.2095814,0.73652714,0.136,0.0,0.14714007,10.555146,10.565146,3465600
hardzero_plus_depr__c0p54__z1p05__lam0p010__nu0p50__psi1p00,hardzero_plus_depr,0.03,39,1083,0.0,2,0.20245185,0.20245194,0.9663559,0.10805481,0.10805481,1.0,8.363356e-08,7.73992e-07,-25.858269,2.1260254,0.70867515,0.192,0.0,0.14585862,10.565146,10.575147,3468800
hardzero_plus_depr__c0p54__z1p05__lam0p010__nu0p50__psi1p00,hardzero_plus_depr,0.03,39,1084,0.0,2,0.20245194,0.20245202,1.0391059,0.09138903,0.09138903,1.0,7.003054e-08,7.6629044e-07,-27.57347,2.2860787,0.76202625,0.14400001,0.0,0.15771909,10.575147,10.585147,3472000
hardzero_plus_depr__c0p54__z1p05__lam0p010__nu0p50__psi1p00,hardzero_plus_depr,0.03,39,1085,0.0,2,0.20245202,0.2024521,0.97386205,0.106203295,0.106203295,1.0,8.057278e-08,7.586656e-07,-27.13674,2.1425393,0.71417975,0.2,0.0,0.15043315,10.585147,10.595147,3475200
hardzero_plus_depr__c0p54__z1p05__lam0p010__nu0p50__psi1p00,hardzero_plus_depr,0.03,39,1086,0.0,2,0.2024521,0.20245217,1.0314941,0.09300491,0.09300491,1.0,6.985753e-08,7.5111654e-07,-27.295853,2.2693324,0.75644416,0.136,0.0,0.15582013,10.595147,10.605147,3478400
hardzero_plus_depr__c0p54__z1p05__lam0p010__nu0p50__psi1p00,hardzero_plus_depr,0.03,39,1087,0.0,2,0.20245217,0.20245217,1.0736533,0.0,0.08440081,0.0,0.0,7.4364266e-07,-28.19448,2.3620846,0.78736156,0.14400001,0.0,0.15662666,10.605147,10.615148,3481600
hardzero_plus_depr__c0p54__z1p05__lam0p010__nu0p50__psi1p00,hardzero_plus_depr,0.03,39,1088,0.0,2,0.20245217,0.20245224,0.97942334,0.10485198,0.10485198,1.0,7.719655e-08,7.362431e-07,-25.702322,2.1547744,0.71825814,0.136,0.0,0.12678881,10.615148,10.625148,3484800
hardzero_plus_depr__c0p54__z1p05__lam0p010__nu0p50__psi1p00,hardzero_plus_depr,0.03,39,1089,0.0,2,0.20245224,0.20245232,1.0173569,0.09608224,0.09608224,1.0,7.0035995e-08,7.2891714e-07,-27.641071,2.2382298,0.7460766,0.14400001,0.0,0.13015053,10.625148,10.635148,3488000
hardzero_plus_depr__c0p54__z1p05__lam0p010__nu0p50__psi1p00,hardzero_plus_depr,0.03,39,1090,0.0,2,0.20245232,0.20245239,1.0026608,0.09938921,0.09938921,1.0,7.172564e-08,7.216642e-07,-26.224228,2.2058976,0.7352992,0.120000005,0.0,0.13419983,10.635148,10.645148,3491200
hardzero_plus_depr__c0p54__z1p05__lam0p010__nu0p50__psi1p00,hardzero_plus_depr,0.03,39,1091,0.0,2,0.20245239,0.20245247,0.9933987,0.1015316,0.1015316,1.0,7.254264e-08,7.1448335e-07,-26.839474,2.185521,0.728507,0.112,0.0,0.15273619,10.645148,10.6551485,3494400
hardzero_plus_depr__c0p54__z1p05__lam0p010__nu0p50__psi1p00,hardzero_plus_depr,0.03,39,1092,0.0,2,0.20245247,0.20245254,0.9953432,0.101078026,0.101078026,1.0,7.149996e-08,7.0737394e-07,-26.236464,2.1897988,0.72993296,0.14999999,0.0,0.13929215,10.6551485,10.665149,3497600
hardzero_plus_depr__c0p54__z1p05__lam0p010__nu0p50__psi1p00,hardzero_plus_depr,0.03,39,1093,0.0,2,0.20245254,0.2024526,1.0282421,0.09370394,0.09370394,1.0,6.562418e-08,7.003353e-07,-27.324003,2.2621777,0.75405926,0.16000001,0.0,0.15119837,10.665149,10.675149,3500800
hardzero_plus_depr__c0p54__z1p05__lam0p010__nu0p50__psi1p00,hardzero_plus_depr,0.03,39,1094,0.0,2,0.2024526,0.2024526,1.069891,0.0,0.08513517,0.0,0.0,6.9336664e-07,-27.614317,2.3538072,0.7846024,0.16000001,0.0,0.16750751,10.675149,10.685149,3504000
hardzero_plus_depr__c0p54__z1p05__lam0p010__nu0p50__psi1p00,hardzero_plus_depr,0.03,39,1095,0.0,2,0.2024526,0.2024526,1.1003188,0.0,0.07937454,0.0,0.0,6.8646744e-07,-28.074995,2.4207497,0.8069166,0.112,0.0,0.22981106,10.685149,10.695149,3507200
hardzero_plus_depr__c0p54__z1p05__lam0p010__nu0p50__psi1p00,hardzero_plus_depr,0.03,39,1096,0.0,2,0.2024526,0.20245266,1.0112524,0.097442314,0.097442314,1.0,6.622538e-08,6.796368e-07,-27.2642,2.2247996,0.7415999,0.216,0.0,0.14481066,10.695149,10.70515,3510400
hardzero_plus_depr__c0p54__z1p05__lam0p010__nu0p50__psi1p00,hardzero_plus_depr,0.03,39,1097,0.0,2,0.20245266,0.20245273,0.98609364,0.10325387,0.10325387,1.0,6.947687e-08,6.728742e-07,-26.21313,2.1694493,0.7231498,0.16000001,0.0,0.120101474,10.70515,10.71515,3513600
hardzero_plus_depr__c0p54__z1p05__lam0p010__nu0p50__psi1p00,hardzero_plus_depr,0.03,39,1098,0.0,2,0.20245273,0.2024528,1.0005889,0.0998645,0.0998645,1.0,6.652761e-08,6.661788e-07,-26.83322,2.2013395,0.73377985,0.224,0.0,0.14212467,10.71515,10.72515,3516800
hardzero_plus_depr__c0p54__z1p05__lam0p010__nu0p50__psi1p00,hardzero_plus_depr,0.03,39,1099,0.0,2,0.2024528,0.20245287,0.97950053,0.10483336,0.10483336,1.0,6.9142835e-08,6.5955e-07,-26.16135,2.1549442,0.71831477,0.136,0.0,0.13190584,10.72515,10.73515,3520000
hardzero_plus_depr__c0p54__z1p05__lam0p010__nu0p50__psi1p00,hardzero_plus_depr,0.03,39,1100,0.0,2,0.20245287,0.20245293,1.0305097,0.09321596,0.09321596,1.0,6.0868835e-08,6.529873e-07,-27.245087,2.2671666,0.7557222,0.14400001,0.0,0.15735899,10.73515,10.745151,3523200
hardzero_plus_depr__c0p54__z1p05__lam0p010__nu0p50__psi1p00,hardzero_plus_depr,0.03,39,1101,0.0,2,0.20245293,0.202453,0.97712874,0.10540744,0.10540744,1.0,6.814483e-08,6.4648975e-07,-26.747583,2.1497262,0.7165754,0.16800001,0.0,0.14706257,10.745151,10.755151,3526400
hardzero_plus_depr__c0p54__z1p05__lam0p010__nu0p50__psi1p00,hardzero_plus_depr,0.03,39,1102,0.0,2,0.202453,0.202453,1.0618023,0.0,0.08673567,0.0,0.0,6.4005695e-07,-27.448416,2.3360116,0.77867055,0.136,0.0,0.15307185,10.755151,10.765151,3529600
hardzero_plus_depr__c0p54__z1p05__lam0p010__nu0p50__psi1p00,hardzero_plus_depr,0.03,39,1103,0.0,2,0.202453,0.20245306,0.99901664,0.10022668,0.10022668,1.0,6.351245e-08,6.336881e-07,-26.362597,2.1978805,0.73262686,0.16800001,0.0,0.13027734,10.765151,10.775151,3532800
hardzero_plus_depr__c0p54__z1p05__lam0p010__nu0p50__psi1p00,hardzero_plus_depr,0.03,39,1104,0.0,2,0.20245306,0.20245312,0.99401766,0.10138702,0.10138702,1.0,6.3608454e-08,6.2738263e-07,-26.822304,2.1868825,0.7289609,0.16800001,0.0,0.13305078,10.775151,10.7851515,3536000
hardzero_plus_depr__c0p54__z1p05__lam0p010__nu0p50__psi1p00,hardzero_plus_depr,0.03,39,1105,0.0,2,0.20245312,0.20245312,1.0985316,0.0,0.07970185,0.0,0.0,6.211399e-07,-28.555433,2.4168177,0.8056059,0.12,0.0,0.1994414,10.7851515,10.795152,3539200
hardzero_plus_depr__c0p54__z1p05__lam0p010__nu0p50__psi1p00,hardzero_plus_depr,0.03,39,1106,0.0,2,0.20245312,0.20245318,1.0124992,0.09716298,0.09716298,1.0,5.975129e-08,6.149594e-07,-25.917055,2.2275429,0.7425143,0.18400002,0.0,0.13605675,10.795152,10.805152,3542400
hardzero_plus_depr__c0p54__z1p05__lam0p010__nu0p50__psi1p00,hardzero_plus_depr,0.03,39,1107,0.0,2,0.20245318,0.20245318,1.0583764,0.0,0.08742256,0.0,0.0,6.088403e-07,-28.412348,2.3284748,0.7761583,0.15200001,0.0,0.17805436,10.805152,10.815152,3545600
hardzero_plus_depr__c0p54__z1p05__lam0p010__nu0p50__psi1p00,hardzero_plus_depr,0.03,39,1108,0.0,2,0.20245318,0.20245324,1.0352652,0.09220083,0.09220083,1.0,5.557701e-08,6.027821e-07,-27.228394,2.277629,0.75920963,0.112,0.0,0.1687674,10.815152,10.825152,3548800
hardzero_plus_depr__c0p54__z1p05__lam0p010__nu0p50__psi1p00,hardzero_plus_depr,0.03,39,1109,0.0,2,0.20245324,0.2024533,1.021347,0.09520351,0.09520351,1.0,5.681595e-08,5.9678416e-07,-27.755526,2.2470083,0.7490028,0.14400001,0.0,0.13318515,10.825152,10.835153,3552000
hardzero_plus_depr__c0p54__z1p05__lam0p010__nu0p50__psi1p00,hardzero_plus_depr,0.03,39,1110,0.0,2,0.2024533,0.20245336,0.9812587,0.104409814,0.104409814,1.0,6.1690116e-08,5.9084596e-07,-25.893564,2.1588123,0.71960413,0.17600001,0.0,0.12758042,10.835153,10.845153,3555200
hardzero_plus_depr__c0p54__z1p05__lam0p010__nu0p50__psi1p00,hardzero_plus_depr,0.03,39,1111,0.0,2,0.20245336,0.20245342,1.0074555,0.09829796,0.09829796,1.0,5.7501044e-08,5.849668e-07,-27.048744,2.2164464,0.7388155,0.14400001,0.0,0.13680427,10.845153,10.855153,3558400
hardzero_plus_depr__c0p54__z1p05__lam0p010__nu0p50__psi1p00,hardzero_plus_depr,0.03,39,1112,0.0,2,0.20245342,0.20245348,0.9880053,0.10280038,0.10280038,1.0,5.9536443e-08,5.7914616e-07,-26.400501,2.173655,0.7245517,0.2,0.0,0.14534035,10.855153,10.865153,3561600
hardzero_plus_depr__c0p54__z1p05__lam0p010__nu0p50__psi1p00,hardzero_plus_depr,0.03,39,1113,0.0,2,0.20245348,0.20245352,1.043581,0.09045217,0.09045217,1.0,5.1863772e-08,5.733834e-07,-27.513952,2.2959242,0.7653081,0.2,0.0,0.16913831,10.865153,10.875154,3564800
hardzero_plus_depr__c0p54__z1p05__lam0p010__nu0p50__psi1p00,hardzero_plus_depr,0.03,39,1114,0.0,2,0.20245352,0.20245358,1.0116888,0.097344436,0.097344436,1.0,5.5260294e-08,5.67678e-07,-26.909014,2.2257597,0.74191993,0.16800001,0.0,0.15962413,10.875154,10.885154,3568000
hardzero_plus_depr__c0p54__z1p05__lam0p010__nu0p50__psi1p00,hardzero_plus_depr,0.03,39,1115,0.0,2,0.20245358,0.20245364,1.0255625,0.094283886,0.094283886,1.0,5.2990316e-08,5.620294e-07,-27.53697,2.2562826,0.7520942,0.15200001,0.0,0.15030244,10.885154,10.895154,3571200
hardzero_plus_depr__c0p54__z1p05__lam0p010__nu0p50__psi1p00,hardzero_plus_depr,0.03,39,1116,0.0,2,0.20245364,0.2024537,0.9897337,0.102392055,0.102392055,1.0,5.697472e-08,5.5643693e-07,-26.165577,2.1774576,0.72581923,0.18400002,0.0,0.14930786,10.895154,10.905154,3574400
hardzero_plus_depr__c0p54__z1p05__lam0p010__nu0p50__psi1p00,hardzero_plus_depr,0.03,39,1117,0.0,2,0.2024537,0.20245376,0.95094895,0.11195693,0.11195693,1.0,6.1677106e-08,5.5090027e-07,-24.825842,2.0921295,0.6973765,0.16000001,0.0,0.11301856,10.905154,10.915154,3577600
hardzero_plus_depr__c0p54__z1p05__lam0p010__nu0p50__psi1p00,hardzero_plus_depr,0.03,39,1118,0.0,2,0.20245376,0.20245382,0.9836115,0.1038457,0.1038457,1.0,5.6639372e-08,5.454186e-07,-26.779577,2.1639886,0.72132957,0.24,0.0,0.12607366,10.915154,10.925155,3580800
hardzero_plus_depr__c0p54__z1p05__lam0p010__nu0p50__psi1p00,hardzero_plus_depr,0.03,39,1119,0.0,2,0.20245382,0.20245387,1.023545,0.09472289,0.09472289,1.0,5.1149545e-08,5.399914e-07,-26.339108,2.251844,0.75061464,0.120000005,0.0,0.11299957,10.925155,10.935155,3584000
hardzero_plus_depr__c0p54__z1p05__lam0p010__nu0p50__psi1p00,hardzero_plus_depr,0.03,39,1120,0.0,2,0.20245387,0.20245391,1.0357527,0.09209739,0.09209739,1.0,4.9236945e-08,5.3461827e-07,-27.430134,2.2787013,0.75956714,0.15200001,0.0,0.14547095,10.935155,10.945155,3587200
hardzero_plus_depr__c0p54__z1p05__lam0p010__nu0p50__psi1p00,hardzero_plus_depr,0.03,39,1121,0.0,2,0.20245391,0.20245396,1.0221547,0.09502663,0.09502663,1.0,5.0297462e-08,5.2929863e-07,-26.778809,2.2487853,0.7495951,0.18400002,0.0,0.18760124,10.945155,10.955155,3590400
hardzero_plus_depr__c0p54__z1p05__lam0p010__nu0p50__psi1p00,hardzero_plus_depr,0.03,39,1122,0.0,2,0.20245396,0.202454,1.0093079,0.09787958,0.09787958,1.0,5.1292023e-08,5.240319e-07,-27.119873,2.2205217,0.74017394,0.23200001,0.0,0.15506484,10.955155,10.965156,3593600
hardzero_plus_depr__c0p54__z1p05__lam0p010__nu0p50__psi1p00,hardzero_plus_depr,0.03,39,1123,0.0,2,0.202454,0.20245406,0.96523786,0.10833334,0.10833334,1.0,5.620524e-08,5.1881756e-07,-25.548204,2.1235657,0.7078552,0.136,0.0,0.11300839,10.965156,10.975156,3596800
hardzero_plus_depr__c0p54__z1p05__lam0p010__nu0p50__psi1p00,hardzero_plus_depr,0.03,39,1124,0.0,2,0.20245406,0.2024541,1.046151,0.08991848,0.08991848,1.0,4.618709e-08,5.1365515e-07,-27.899431,2.3015783,0.7671928,0.128,0.0,0.15306076,10.975156,10.985156,3600000
hardzero_plus_depr__c0p54__z1p05__lam0p010__nu0p50__psi1p00,hardzero_plus_depr,0.03,39,1125,0.0,2,0.2024541,0.20245416,0.9280154,0.11802789,0.11802789,1.0,6.002238e-08,5.085441e-07,-26.451214,2.0416746,0.6805582,0.24000001,0.008,0.15282239,10.985156,10.995156,3603200
hardzero_plus_depr__c0p54__z1p05__lam0p010__nu0p50__psi1p00,hardzero_plus_depr,0.03,39,1126,0.0,2,0.20245416,0.20245416,1.0627997,0.0,0.0865367,0.0,0.0,5.034838e-07,-27.903606,2.338206,0.779402,0.15200001,0.0,0.16591464,10.995156,11.0051565,3606400
hardzero_plus_depr__c0p54__z1p05__lam0p010__nu0p50__psi1p00,hardzero_plus_depr,0.03,39,1127,0.0,2,0.20245416,0.20245421,1.0186825,0.0957894,0.0957894,1.0,4.7748525e-08,4.98474e-07,-27.581257,2.241146,0.74704874,0.14400001,0.0,0.1405097,11.0051565,11.015157,3609600
hardzero_plus_depr__c0p54__z1p05__lam0p010__nu0p50__psi1p00,hardzero_plus_depr,0.03,39,1128,0.0,2,0.20245421,0.20245425,1.0056336,0.098711185,0.098711185,1.0,4.8715346e-08,4.9351394e-07,-27.110817,2.212438,0.7374794,0.208,0.0,0.15119815,11.015157,11.025157,3612800
hardzero_plus_depr__c0p54__z1p05__lam0p010__nu0p50__psi1p00,hardzero_plus_depr,0.03,39,1129,0.0,2,0.20245425,0.2024543,1.0144277,0.09673247,0.09673247,1.0,4.7263804e-08,4.886033e-07,-27.098087,2.2317853,0.74392843,0.16000001,0.0,0.1482614,11.025157,11.035157,3616000
hardzero_plus_depr__c0p54__z1p05__lam0p010__nu0p50__psi1p00,hardzero_plus_depr,0.03,39,1130,0.0,2,0.2024543,0.20245434,1.0190644,0.09570522,0.09570522,1.0,4.6296588e-08,4.8374153e-07,-27.127247,2.2419865,0.7473289,0.128,0.0,0.14478882,11.035157,11.045157,3619200
hardzero_plus_depr__c0p54__z1p05__lam0p010__nu0p50__psi1p00,hardzero_plus_depr,0.03,39,1131,0.0,2,0.20245434,0.2024544,0.9475882,0.11282668,0.11282668,1.0,5.4035866e-08,4.789281e-07,-25.040234,2.0847356,0.6949119,0.22999999,0.0,0.12141209,11.045157,11.055158,3622400
hardzero_plus_depr__c0p54__z1p05__lam0p010__nu0p50__psi1p00,hardzero_plus_depr,0.03,39,1132,0.0,2,0.2024544,0.20245445,1.0070517,0.09838938,0.09838938,1.0,4.665256e-08,4.7416256e-07,-27.332497,2.215558,0.7385194,0.120000005,0.0,0.17419897,11.055158,11.065158,3625600
hardzero_plus_depr__c0p54__z1p05__lam0p010__nu0p50__psi1p00,hardzero_plus_depr,0.03,39,1133,0.0,2,0.20245445,0.20245449,0.99868923,0.10030227,0.10030227,1.0,4.7086345e-08,4.6944447e-07,-26.60955,2.1971602,0.73238677,0.128,0.0,0.12780705,11.065158,11.075158,3628800
hardzero_plus_depr__c0p54__z1p05__lam0p010__nu0p50__psi1p00,hardzero_plus_depr,0.03,39,1134,0.0,2,0.20245449,0.20245454,0.9745026,0.10604674,0.10604674,1.0,4.9287696e-08,4.647733e-07,-25.72973,2.1439486,0.71464956,0.2,0.0,0.14834122,11.075158,11.085158,3632000
hardzero_plus_depr__c0p54__z1p05__lam0p010__nu0p50__psi1p00,hardzero_plus_depr,0.03,39,1135,0.0,2,0.20245454,0.20245458,1.0199779,0.095504105,0.095504105,1.0,4.3946084e-08,4.6014864e-07,-27.229582,2.2439961,0.7479987,0.16000001,0.0,0.1710609,11.085158,11.095159,3635200
hardzero_plus_depr__c0p54__z1p05__lam0p010__nu0p50__psi1p00,hardzero_plus_depr,0.03,39,1136,0.0,2,0.20245458,0.20245463,1.0049111,0.09887555,0.09887555,1.0,4.5044732e-08,4.5556996e-07,-26.972178,2.2108486,0.73694956,0.15200001,0.0,0.13546588,11.095159,11.105159,3638400
hardzero_plus_depr__c0p54__z1p05__lam0p010__nu0p50__psi1p00,hardzero_plus_depr,0.03,39,1137,0.0,2,0.20245463,0.20245467,0.97972494,0.104779184,0.104779184,1.0,4.7259277e-08,4.510369e-07,-25.436655,2.155438,0.71847934,0.16000001,0.0,0.12702785,11.105159,11.115159,3641600
hardzero_plus_depr__c0p54__z1p05__lam0p010__nu0p50__psi1p00,hardzero_plus_depr,0.03,39,1138,0.0,2,0.20245467,0.20245472,0.94699126,0.11298187,0.11298187,1.0,5.0451927e-08,4.4654888e-07,-25.549532,2.0834224,0.69447416,0.192,0.0,0.12999512,11.115159,11.125159,3644800
hardzero_plus_depr__c0p54__z1p05__lam0p010__nu0p50__psi1p00,hardzero_plus_depr,0.03,39,1139,0.0,2,0.20245472,0.20245476,0.98207897,0.10421279,0.10421279,1.0,4.607305e-08,4.4210555e-07,-25.533197,2.1606169,0.72020566,0.2,0.0,0.14239566,11.125159,11.1351595,3648000
hardzero_plus_depr__c0p54__z1p05__lam0p010__nu0p50__psi1p00,hardzero_plus_depr,0.03,39,1140,0.0,2,0.20245476,0.2024548,0.9804634,0.1046012,0.1046012,1.0,4.5784613e-08,4.377064e-07,-26.48869,2.1570625,0.71902084,0.14400001,0.0,0.13831864,11.1351595,11.14516,3651200
hardzero_plus_depr__c0p54__z1p05__lam0p010__nu0p50__psi1p00,hardzero_plus_depr,0.03,39,1141,0.0,2,0.2024548,0.20245485,1.0489192,0.08934717,0.08934717,1.0,3.871869e-08,4.3335103e-07,-27.692558,2.3076684,0.76922286,0.136,0.0,0.16956466,11.14516,11.15516,3654400
hardzero_plus_depr__c0p54__z1p05__lam0p010__nu0p50__psi1p00,hardzero_plus_depr,0.03,39,1142,0.0,2,0.20245485,0.2024549,0.95162225,0.11178352,0.11178352,1.0,4.79595e-08,4.290391e-07,-25.188974,2.0936108,0.69787025,0.192,0.0,0.115615085,11.15516,11.16516,3657600
hardzero_plus_depr__c0p54__z1p05__lam0p010__nu0p50__psi1p00,hardzero_plus_depr,0.03,39,1143,0.0,2,0.2024549,0.20245494,1.0038416,0.09911932,0.09911932,1.0,4.2102908e-08,4.2476995e-07,-26.329937,2.2084956,0.7361652,0.17600001,0.0,0.15085934,11.16516,11.17516,3660800
hardzero_plus_depr__c0p54__z1p05__lam0p010__nu0p50__psi1p00,hardzero_plus_depr,0.03,39,1144,0.0,2,0.20245494,0.20245494,1.0657899,0.0,0.08594292,0.0,0.0,4.2054333e-07,-28.302164,2.3447847,0.78159493,0.089999996,0.0,0.15220933,11.17516,11.185161,3664000
hardzero_plus_depr__c0p54__z1p05__lam0p010__nu0p50__psi1p00,hardzero_plus_depr,0.03,39,1145,0.0,2,0.20245494,0.20245498,1.0143328,0.09675362,0.09675362,1.0,4.0284217e-08,4.1635874e-07,-26.581608,2.2315767,0.74385893,0.136,0.0,0.12856933,11.185161,11.195161,3667200
hardzero_plus_depr__c0p54__z1p05__lam0p010__nu0p50__psi1p00,hardzero_plus_depr,0.03,39,1146,0.0,2,0.20245498,0.20245503,0.97360694,0.10626568,0.10626568,1.0,4.380439e-08,4.122158e-07,-26.544857,2.141978,0.7139927,0.192,0.0,0.1412765,11.195161,11.205161,3670400
hardzero_plus_depr__c0p54__z1p05__lam0p010__nu0p50__psi1p00,hardzero_plus_depr,0.03,39,1147,0.0,2,0.20245503,0.20245507,0.99218696,0.10181529,0.10181529,1.0,4.1552262e-08,4.0811415e-07,-26.297043,2.182855,0.72761834,0.112,0.0,0.11881216,11.205161,11.215161,3673600
hardzero_plus_depr__c0p54__z1p05__lam0p010__nu0p50__psi1p00,hardzero_plus_depr,0.03,39,1148,0.0,2,0.20245507,0.20245512,1.0075258,0.098282054,0.098282054,1.0,3.971118e-08,4.040532e-07,-26.53915,2.2166011,0.73886704,0.14400001,0.0,0.12557144,11.215161,11.225162,3676800
hardzero_plus_depr__c0p54__z1p05__lam0p010__nu0p50__psi1p00,hardzero_plus_depr,0.03,39,1149,0.0,2,0.20245512,0.20245515,1.0402843,0.0911414,0.0911414,1.0,3.6459543e-08,4.0003272e-07,-27.853834,2.288671,0.76289034,0.16800001,0.0,0.14171624,11.225162,11.235162,3680000
hardzero_plus_depr__c0p54__z1p05__lam0p010__nu0p50__psi1p00,hardzero_plus_depr,0.03,39,1150,0.0,2,0.20245515,0.20245518,1.038084,0.091604315,0.091604315,1.0,3.6280095e-08,3.9605226e-07,-27.599863,2.2838304,0.76127684,0.23200001,0.008,0.1560905,11.235162,11.245162,3683200
hardzero_plus_depr__c0p54__z1p05__lam0p010__nu0p50__psi1p00,hardzero_plus_depr,0.03,39,1151,0.0,2,0.20245518,0.20245522,0.9935188,0.10150352,0.10150352,1.0,3.9800685e-08,3.9211136e-07,-26.909779,2.185785,0.728595,0.18400002,0.0,0.15152225,11.245162,11.255162,3686400
hardzero_plus_depr__c0p54__z1p05__lam0p010__nu0p50__psi1p00,hardzero_plus_depr,0.03,39,1152,0.0,2,0.20245522,0.20245527,0.9892987,0.102494664,0.102494664,1.0,3.9789423e-08,3.882097e-07,-26.536098,2.1765006,0.7255002,0.128,0.0,0.13120285,11.255162,11.265162,3689600
hardzero_plus_depr__c0p54__z1p05__lam0p010__nu0p50__psi1p00,hardzero_plus_depr,0.03,39,1153,0.0,2,0.20245527,0.2024553,1.0388186,0.091449514,0.091449514,1.0,3.5148332e-08,3.8434686e-07,-27.16852,2.2854466,0.76181555,0.128,0.008,0.18058471,11.265162,11.275163,3692800
hardzero_plus_depr__c0p54__z1p05__lam0p010__nu0p50__psi1p00,hardzero_plus_depr,0.03,39,1154,0.0,2,0.2024553,0.20245533,1.040299,0.0911383,0.0911383,1.0,3.4680173e-08,3.8052247e-07,-27.562021,2.2887037,0.76290125,0.104,0.0,0.13830872,11.275163,11.285163,3696000
hardzero_plus_depr__c0p54__z1p05__lam0p010__nu0p50__psi1p00,hardzero_plus_depr,0.03,39,1155,0.0,2,0.20245533,0.20245537,0.9974886,0.10057993,0.10057993,1.0,3.7892093e-08,3.7673612e-07,-25.98843,2.1945188,0.7315063,0.16800001,0.0,0.14413567,11.285163,11.295163,3699200
hardzero_plus_depr__c0p54__z1p05__lam0p010__nu0p50__psi1p00,hardzero_plus_depr,0.03,39,1156,0.0,2,0.20245537,0.2024554,1.0176921,0.0960081,0.0960081,1.0,3.5809812e-08,3.7298742e-07,-26.733902,2.2389672,0.7463224,0.112,0.0,0.14510272,11.295163,11.305163,3702400
hardzero_plus_depr__c0p54__z1p05__lam0p010__nu0p50__psi1p00,hardzero_plus_depr,0.03,39,1157,0.0,2,0.2024554,0.20245545,0.9539391,0.111188754,0.111188754,1.0,4.1059348e-08,3.6927608e-07,-25.666878,2.098708,0.69956934,0.14,0.0,0.15614401,11.305163,11.315164,3705600
hardzero_plus_depr__c0p54__z1p05__lam0p010__nu0p50__psi1p00,hardzero_plus_depr,0.03,39,1158,0.0,2,0.20245545,0.20245548,1.0200069,0.09549775,0.09549775,1.0,3.4914134e-08,3.6560164e-07,-27.328344,2.24406,0.74802005,0.14400001,0.0,0.13880117,11.315164,11.325164,3708800
hardzero_plus_depr__c0p54__z1p05__lam0p010__nu0p50__psi1p00,hardzero_plus_depr,0.03,39,1159,0.0,2,0.20245548,0.20245548,1.0855013,0.0,0.0821294,0.0,0.0,3.6196374e-07,-28.164433,2.3881507,0.79605025,0.128,0.0,0.16351742,11.325164,11.335164,3712000
hardzero_plus_depr__c0p54__z1p05__lam0p010__nu0p50__psi1p00,hardzero_plus_depr,0.03,39,1160,0.0,2,0.20245548,0.20245552,0.981813,0.10427662,0.10427662,1.0,3.7368782e-08,3.5836203e-07,-25.574556,2.1600318,0.72001064,0.18400002,0.0,0.12679845,11.335164,11.345164,3715200
hardzero_plus_depr__c0p54__z1p05__lam0p010__nu0p50__psi1p00,hardzero_plus_depr,0.03,39,1161,0.0,2,0.20245552,0.20245555,1.0014501,0.09966668,0.09966668,1.0,3.536136e-08,3.547962e-07,-26.531002,2.2032342,0.7344114,0.14400001,0.0,0.13958286,11.345164,11.355165,3718400
hardzero_plus_depr__c0p54__z1p05__lam0p010__nu0p50__psi1p00,hardzero_plus_depr,0.03,39,1162,0.0,2,0.20245555,0.20245558,1.027149,0.093940094,0.093940094,1.0,3.299795e-08,3.5126587e-07,-27.09932,2.2597728,0.75325763,0.2,0.0,0.15803519,11.355165,11.365165,3721600
hardzero_plus_depr__c0p54__z1p05__lam0p010__nu0p50__psi1p00,hardzero_plus_depr,0.03,39,1163,0.0,2,0.20245558,0.20245561,1.0044008,0.09899179,0.09899179,1.0,3.442644e-08,3.4777065e-07,-26.51227,2.209726,0.73657537,0.15200001,0.0,0.15304047,11.365165,11.375165,3724800
hardzero_plus_depr__c0p54__z1p05__lam0p010__nu0p50__psi1p00,hardzero_plus_depr,0.03,39,1164,0.0,2,0.20245561,0.20245564,0.9920986,0.101835996,0.101835996,1.0,3.506317e-08,3.443102e-07,-26.292782,2.1826606,0.72755355,0.136,0.0,0.13484769,11.375165,11.385165,3728000
hardzero_plus_depr__c0p54__z1p05__lam0p010__nu0p50__psi1p00,hardzero_plus_depr,0.03,39,1165,0.0,2,0.20245564,0.20245567,1.0257069,0.09425256,0.09425256,1.0,3.2129204e-08,3.4088416e-07,-26.958744,2.2566001,0.75220007,0.16800001,0.0,0.13754916,11.385165,11.395165,3731200
hardzero_plus_depr__c0p54__z1p05__lam0p010__nu0p50__psi1p00,hardzero_plus_depr,0.03,39,1166,0.0,2,0.20245567,0.2024557,1.0196469,0.09557692,0.09557692,1.0,3.2256466e-08,3.3749222e-07,-27.49612,2.243268,0.747756,0.16000001,0.0,0.120491385,11.395165,11.405166,3734400
hardzero_plus_depr__c0p54__z1p05__lam0p010__nu0p50__psi1p00,hardzero_plus_depr,0.03,39,1167,0.0,2,0.2024557,0.20245573,0.9577124,0.11022691,0.11022691,1.0,3.6830563e-08,3.3413406e-07,-25.843416,2.1070094,0.7023365,0.17600001,0.0,0.12688732,11.405166,11.415166,3737600
hardzero_plus_depr__c0p54__z1p05__lam0p010__nu0p50__psi1p00,hardzero_plus_depr,0.03,39,1168,0.0,2,0.20245573,0.20245576,1.049891,0.08914748,0.08914748,1.0,2.9490813e-08,3.3080929e-07,-27.715733,2.3098063,0.7699355,0.128,0.008,0.14631762,11.415166,11.425166,3740800
hardzero_plus_depr__c0p54__z1p05__lam0p010__nu0p50__psi1p00,hardzero_plus_depr,0.03,39,1169,0.0,2,0.20245576,0.20245579,1.0180722,0.0959241,0.0959241,1.0,3.1416832e-08,3.275176e-07,-26.51429,2.2398038,0.7466013,0.24800001,0.008,0.15007548,11.425166,11.435166,3744000
hardzero_plus_depr__c0p54__z1p05__lam0p010__nu0p50__psi1p00,hardzero_plus_depr,0.03,39,1170,0.0,2,0.20245579,0.20245582,1.0376024,0.091705956,0.091705956,1.0,2.9736452e-08,3.2425868e-07,-27.15384,2.2827709,0.7609236,0.12,0.0,0.13707185,11.435166,11.445167,3747200
hardzero_plus_depr__c0p54__z1p05__lam0p010__nu0p50__psi1p00,hardzero_plus_depr,0.03,39,1171,0.0,2,0.20245582,0.20245582,1.0718657,0.0,0.084748946,0.0,0.0,3.2103216e-07,-28.105455,2.3581517,0.78605056,0.16000001,0.0,0.15466848,11.445167,11.455167,3750400
hardzero_plus_depr__c0p54__z1p05__lam0p010__nu0p50__psi1p00,hardzero_plus_depr,0.03,39,1172,0.0,2,0.20245582,0.20245582,1.0786114,0.0,0.083442755,0.0,0.0,3.178378e-07,-27.394958,2.3729923,0.79099745,0.15200001,0.0,0.15612806,11.455167,11.465167,3753600
hardzero_plus_depr__c0p54__z1p05__lam0p010__nu0p50__psi1p00,hardzero_plus_depr,0.03,39,1173,0.0,2,0.20245582,0.20245582,1.0641009,0.0,0.086277805,0.0,0.0,3.1467516e-07,-27.771805,2.3410687,0.7803563,0.104,0.0,0.16804332,11.465167,11.475167,3756800
hardzero_plus_depr__c0p54__z1p05__lam0p010__nu0p50__psi1p00,hardzero_plus_depr,0.03,39,1174,0.0,2,0.20245582,0.20245585,1.0009102,0.09979065,0.09979065,1.0,3.108918e-08,3.11544e-07,-26.540945,2.2020464,0.73401546,0.16000001,0.0,0.14604142,11.475167,11.4851675,3760000
hardzero_plus_depr__c0p54__z1p05__lam0p010__nu0p50__psi1p00,hardzero_plus_depr,0.03,39,1175,0.0,2,0.20245585,0.20245588,1.0406629,0.09106197,0.09106197,1.0,2.8087523e-08,3.0844404e-07,-26.915018,2.289504,0.76316804,0.128,0.0,0.13554591,11.4851675,11.495168,3763200
hardzero_plus_depr__c0p54__z1p05__lam0p010__nu0p50__psi1p00,hardzero_plus_depr,0.03,39,1176,0.0,2,0.20245588,0.20245588,1.0757931,0.0,0.083985984,0.0,0.0,3.0537487e-07,-28.514353,2.3667922,0.7889308,0.15200001,0.0,0.16773954,11.495168,11.505168,3766400
hardzero_plus_depr__c0p54__z1p05__lam0p010__nu0p50__psi1p00,hardzero_plus_depr,0.03,39,1177,0.0,2,0.20245588,0.20245591,1.007211,0.09835331,0.09835331,1.0,2.9735777e-08,3.023363e-07,-27.178045,2.2159083,0.73863614,0.14400001,0.0,0.15259387,11.505168,11.515168,3769600
hardzero_plus_depr__c0p54__z1p05__lam0p010__nu0p50__psi1p00,hardzero_plus_depr,0.03,39,1178,0.0,2,0.20245591,0.20245594,0.9725474,0.10652525,0.10652525,1.0,3.1885982e-08,2.9932792e-07,-26.70533,2.139647,0.7132157,0.23200001,0.0,0.14595129,11.515168,11.525168,3772800
hardzero_plus_depr__c0p54__z1p05__lam0p010__nu0p50__psi1p00,hardzero_plus_depr,0.03,39,1179,0.0,2,0.20245594,0.20245597,0.9920023,0.1018586,0.1018586,1.0,3.0185745e-08,2.963495e-07,-26.824224,2.1824486,0.7274829,0.17600001,0.0,0.14357617,11.525168,11.535169,3776000
hardzero_plus_depr__c0p54__z1p05__lam0p010__nu0p50__psi1p00,hardzero_plus_depr,0.03,39,1180,0.0,2,0.20245597,0.202456,1.0023788,0.099453755,0.099453755,1.0,2.9179803e-08,2.9340072e-07,-26.541039,2.2052774,0.7350925,0.136,0.0,0.15042505,11.535169,11.545169,3779200
hardzero_plus_depr__c0p54__z1p05__lam0p010__nu0p50__psi1p00,hardzero_plus_depr,0.03,39,1181,0.0,2,0.202456,0.20245603,1.0032046,0.09926483,0.09926483,1.0,2.883457e-08,2.9048124e-07,-26.98865,2.2070942,0.7356981,0.136,0.0,0.13859078,11.545169,11.555169,3782400
hardzero_plus_depr__c0p54__z1p05__lam0p010__nu0p50__psi1p00,hardzero_plus_depr,0.03,39,1182,0.0,2,0.20245603,0.20245606,1.0338594,0.09249976,0.09249976,1.0,2.6602088e-08,2.8759086e-07,-28.131544,2.2745361,0.7581787,0.16000001,0.008,0.14266324,11.555169,11.565169,3785600
hardzero_plus_depr__c0p54__z1p05__lam0p010__nu0p50__psi1p00,hardzero_plus_depr,0.03,39,1183,0.0,2,0.20245606,0.20245609,0.9835916,0.103850454,0.103850454,1.0,2.9569255e-08,2.847292e-07,-26.366571,2.1639447,0.7213149,0.14999999,0.0,0.15150213,11.565169,11.57517,3788800
hardzero_plus_depr__c0p54__z1p05__lam0p010__nu0p50__psi1p00,hardzero_plus_depr,0.03,39,1184,0.0,2,0.20245609,0.20245612,1.0384527,0.091526575,0.091526575,1.0,2.580098e-08,2.8189604e-07,-28.038395,2.2846417,0.76154727,0.15200001,0.0,0.13713776,11.57517,11.58517,3792000
hardzero_plus_depr__c0p54__z1p05__lam0p010__nu0p50__psi1p00,hardzero_plus_depr,0.03,39,1185,0.0,2,0.20245612,0.20245615,1.0222958,0.09499575,0.09499575,1.0,2.6512465e-08,2.7909107e-07,-27.077497,2.2490957,0.7496986,0.104,0.0,0.11937701,11.58517,11.59517,3795200
hardzero_plus_depr__c0p54__z1p05__lam0p010__nu0p50__psi1p00,hardzero_plus_depr,0.03,39,1186,0.0,2,0.20245615,0.20245618,1.0288529,0.093572244,0.093572244,1.0,2.585532e-08,2.7631398e-07,-26.923561,2.2635217,0.75450724,0.128,0.0,0.17834935,11.59517,11.60517,3798400
hardzero_plus_depr__c0p54__z1p05__lam0p010__nu0p50__psi1p00,hardzero_plus_depr,0.03,39,1187,0.0,2,0.20245618,0.2024562,1.0051904,0.09881199,0.09881199,1.0,2.7031462e-08,2.7356458e-07,-26.892794,2.211463,0.73715436,0.16000001,0.0,0.12540984,11.60517,11.6151705,3801600
hardzero_plus_depr__c0p54__z1p05__lam0p010__nu0p50__psi1p00,hardzero_plus_depr,0.03,39,1188,0.0,2,0.2024562,0.20245624,1.0157875,0.09643008,0.09643008,1.0,2.6117362e-08,2.708425e-07,-26.746689,2.2347772,0.74492574,0.112,0.0,0.12748319,11.6151705,11.625171,3804800
hardzero_plus_depr__c0p54__z1p05__lam0p010__nu0p50__psi1p00,hardzero_plus_depr,0.03,39,1189,0.0,2,0.20245624,0.20245627,1.026139,0.094158806,0.094158806,1.0,2.5248447e-08,2.681475e-07,-27.2518,2.257551,0.752517,0.112,0.0,0.14884067,11.625171,11.635171,3808000
hardzero_plus_depr__c0p54__z1p05__lam0p010__nu0p50__psi1p00,hardzero_plus_depr,0.03,39,1190,0.0,2,0.20245627,0.20245627,1.0751429,0.0,0.08411185,0.0,0.0,2.6547934e-07,-28.00454,2.3653615,0.7884538,0.120000005,0.0,0.15809448,11.635171,11.645171,3811200
hardzero_plus_depr__c0p54__z1p05__lam0p010__nu0p50__psi1p00,hardzero_plus_depr,0.03,39,1191,0.0,2,0.20245627,0.2024563,1.0082946,0.098108225,0.098108225,1.0,2.5786541e-08,2.6283772e-07,-27.089827,2.2182925,0.73943084,0.16000001,0.0,0.14995156,11.645171,11.655171,3814400
hardzero_plus_depr__c0p54__z1p05__lam0p010__nu0p50__psi1p00,hardzero_plus_depr,0.03,39,1192,0.0,2,0.2024563,0.20245633,0.996908,0.1007145,0.1007145,1.0,2.6208163e-08,2.6022235e-07,-26.591408,2.1932414,0.7310805,0.16800001,0.0,0.11682784,11.655171,11.665172,3817600
hardzero_plus_depr__c0p54__z1p05__lam0p010__nu0p50__psi1p00,hardzero_plus_depr,0.03,39,1193,0.0,2,0.20245633,0.20245636,0.9951954,0.101112455,0.101112455,1.0,2.6049912e-08,2.5763308e-07,-26.163895,2.1894736,0.72982454,0.15200001,0.0,0.13192134,11.665172,11.675172,3820800
hardzero_plus_depr__c0p54__z1p05__lam0p010__nu0p50__psi1p00,hardzero_plus_depr,0.03,39,1194,0.0,2,0.20245636,0.20245638,1.0150491,0.09659417,0.09659417,1.0,2.4638226e-08,2.550695e-07,-26.845613,2.2331526,0.7443842,0.16800001,0.0,0.14751248,11.675172,11.685172,3824000
hardzero_plus_depr__c0p54__z1p05__lam0p010__nu0p50__psi1p00,hardzero_plus_depr,0.03,39,1195,0.0,2,0.20245638,0.20245641,1.0397457,0.09125449,0.09125449,1.0,2.304463e-08,2.5253146e-07,-27.51682,2.287486,0.7624954,0.16000001,0.0,0.14945598,11.685172,11.695172,3827200
hardzero_plus_depr__c0p54__z1p05__lam0p010__nu0p50__psi1p00,hardzero_plus_depr,0.03,39,1196,0.0,2,0.20245641,0.20245644,0.9964436,0.100822255,0.100822255,1.0,2.5207447e-08,2.5001867e-07,-26.571987,2.1922197,0.73073995,0.22,0.01,0.14191157,11.695172,11.705173,3830400
hardzero_plus_depr__c0p54__z1p05__lam0p010__nu0p50__psi1p00,hardzero_plus_depr,0.03,39,1197,0.0,2,0.20245644,0.20245647,1.0280634,0.09374251,0.09374251,1.0,2.3204167e-08,2.475309e-07,-27.312122,2.2617848,0.7539283,0.14400001,0.0,0.15226074,11.705173,11.715173,3833600
hardzero_plus_depr__c0p54__z1p05__lam0p010__nu0p50__psi1p00,hardzero_plus_depr,0.03,39,1198,0.0,2,0.20245647,0.2024565,0.9983477,0.100381166,0.100381166,1.0,2.4600197e-08,2.4506787e-07,-26.563618,2.1964087,0.73213625,0.208,0.0,0.12555982,11.715173,11.725173,3836800
hardzero_plus_depr__c0p54__z1p05__lam0p010__nu0p50__psi1p00,hardzero_plus_depr,0.03,39,1199,0.0,2,0.2024565,0.20245653,1.0060786,0.09861009,0.09861009,1.0,2.39257e-08,2.4262934e-07,-26.645235,2.213417,0.7378057,0.128,0.0,0.13303474,11.725173,11.735173,3840000
hardzero_plus_depr__c0p54__z1p05__lam0p010__nu0p50__psi1p00,hardzero_plus_depr,0.03,39,1200,0.0,2,0.20245653,0.20245655,1.0415232,0.09088176,0.09088176,1.0,2.183117e-08,2.402151e-07,-27.69111,2.2913969,0.76379895,0.16800001,0.0,0.13996825,11.735173,11.745173,3843200
hardzero_plus_depr__c0p54__z1p05__lam0p010__nu0p50__psi1p00,hardzero_plus_depr,0.03,39,1201,0.0,2,0.20245655,0.20245658,0.9979183,0.10048047,0.10048047,1.0,2.3896751e-08,2.3782485e-07,-27.118702,2.1954641,0.7318214,0.224,0.0,0.15645911,11.745173,11.755174,3846400
hardzero_plus_depr__c0p54__z1p05__lam0p010__nu0p50__psi1p00,hardzero_plus_depr,0.03,39,1202,0.0,2,0.20245658,0.20245661,0.9637728,0.10869941,0.10869941,1.0,2.5594186e-08,2.3545837e-07,-25.829298,2.1203425,0.70678085,0.15200001,0.0,0.14379986,11.755174,11.765174,3849600
hardzero_plus_depr__c0p54__z1p05__lam0p010__nu0p50__psi1p00,hardzero_plus_depr,0.03,39,1203,0.0,2,0.20245661,0.20245664,0.9614852,0.109273486,0.109273486,1.0,2.5473344e-08,2.3311551e-07,-26.282337,2.1153097,0.7051033,0.208,0.0,0.15900134,11.765174,11.775174,3852800
hardzero_plus_depr__c0p54__z1p05__lam0p010__nu0p50__psi1p00,hardzero_plus_depr,0.03,39,1204,0.0,2,0.20245664,0.20245667,0.9921577,0.10182215,0.10182215,1.0,2.3500137e-08,2.3079592e-07,-26.499237,2.1827905,0.7275969,0.15200001,0.0,0.11085362,11.775174,11.785174,3856000
hardzero_plus_depr__c0p54__z1p05__lam0p010__nu0p50__psi1p00,hardzero_plus_depr,0.03,39,1205,0.0,2,0.20245667,0.20245668,1.0158261,0.09642151,0.09642151,1.0,2.2032257e-08,2.2849939e-07,-27.815775,2.234862,0.74495405,0.15200001,0.0,0.14927264,11.785174,11.795175,3859200
hardzero_plus_depr__c0p54__z1p05__lam0p010__nu0p50__psi1p00,hardzero_plus_depr,0.03,39,1206,0.0,2,0.20245668,0.20245668,1.0635483,0.0,0.08638766,0.0,0.0,2.2622572e-07,-27.910404,2.339853,0.77995104,0.120000005,0.0,0.19405769,11.795175,11.805175,3862400
hardzero_plus_depr__c0p54__z1p05__lam0p010__nu0p50__psi1p00,hardzero_plus_depr,0.03,39,1207,0.0,2,0.20245668,0.20245671,0.9860686,0.103259824,0.103259824,1.0,2.3127589e-08,2.2397471e-07,-25.832928,2.1693943,0.7231314,0.18400002,0.0,0.12744322,11.805175,11.815175,3865600
hardzero_plus_depr__c0p54__z1p05__lam0p010__nu0p50__psi1p00,hardzero_plus_depr,0.03,39,1208,0.0,2,0.20245671,0.20245673,1.0091786,0.097908705,0.097908705,1.0,2.171087e-08,2.2174606e-07,-26.993717,2.2202373,0.7400791,0.136,0.0,0.15904845,11.815175,11.825175,3868800
hardzero_plus_depr__c0p54__z1p05__lam0p010__nu0p50__psi1p00,hardzero_plus_depr,0.03,39,1209,0.0,2,0.20245673,0.20245676,0.96526915,0.10832555,0.10832555,1.0,2.3781748e-08,2.195396e-07,-26.015879,2.1236346,0.70787823,0.22999999,0.0,0.12293241,11.825175,11.8351755,3872000
hardzero_plus_depr__c0p54__z1p05__lam0p010__nu0p50__psi1p00,hardzero_plus_depr,0.03,39,1210,0.0,2,0.20245676,0.20245677,1.0038819,0.09911012,0.09911012,1.0,2.1542089e-08,2.173551e-07,-26.602627,2.2085843,0.7361948,0.128,0.0,0.1407721,11.8351755,11.845176,3875200
hardzero_plus_depr__c0p54__z1p05__lam0p010__nu0p50__psi1p00,hardzero_plus_depr,0.03,39,1211,0.0,2,0.20245677,0.20245679,1.0180976,0.0959185,0.0959185,1.0,2.0640925e-08,2.1519233e-07,-26.61359,2.2398596,0.7466199,0.16800001,0.0,0.14582273,11.845176,11.855176,3878400
hardzero_plus_depr__c0p54__z1p05__lam0p010__nu0p50__psi1p00,hardzero_plus_depr,0.03,39,1212,0.0,2,0.20245679,0.20245682,0.9790739,0.10493638,0.10493638,1.0,2.235681e-08,2.1305108e-07,-27.144209,2.1540055,0.71800184,0.216,0.0,0.13943678,11.855176,11.865176,3881600
hardzero_plus_depr__c0p54__z1p05__lam0p010__nu0p50__psi1p00,hardzero_plus_depr,0.03,39,1213,0.0,2,0.20245682,0.20245685,0.9700787,0.10713251,0.10713251,1.0,2.2597582e-08,2.1093113e-07,-25.714815,2.1342158,0.7114053,0.16000001,0.0,0.13533892,11.865176,11.875176,3884800
hardzero_plus_depr__c0p54__z1p05__lam0p010__nu0p50__psi1p00,hardzero_plus_depr,0.03,39,1214,0.0,2,0.20245685,0.20245686,1.040614,0.091072224,0.091072224,1.0,1.901882e-08,2.0883229e-07,-28.15996,2.2893965,0.7631322,0.16800001,0.0,0.15149018,11.875176,11.885177,3888000
hardzero_plus_depr__c0p54__z1p05__lam0p010__nu0p50__psi1p00,hardzero_plus_depr,0.03,39,1215,0.0,2,0.20245686,0.20245688,0.999327,0.10015509,0.10015509,1.0,2.07075e-08,2.0675434e-07,-26.325697,2.1985633,0.7328545,0.136,0.0,0.112322286,11.885177,11.895177,3891200
hardzero_plus_depr__c0p54__z1p05__lam0p010__nu0p50__psi1p00,hardzero_plus_depr,0.03,39,1216,0.0,2,0.20245688,0.20245688,1.0516561,0.0,0.08878586,0.0,0.0,2.0469705e-07,-27.062696,2.3136897,0.7712299,0.120000005,0.0,0.14431718,11.895177,11.905177,3894400
hardzero_plus_depr__c0p54__z1p05__lam0p010__nu0p50__psi1p00,hardzero_plus_depr,0.03,39,1217,0.0,2,0.20245688,0.20245689,0.9732676,0.10634873,0.10634873,1.0,2.1552658e-08,2.0266023e-07,-26.563719,2.1412315,0.71374387,0.15200001,0.0,0.120570466,11.905177,11.915177,3897600
hardzero_plus_depr__c0p54__z1p05__lam0p010__nu0p50__psi1p00,hardzero_plus_depr,0.03,39,1218,0.0,2,0.20245689,0.2024569,1.007736,0.09823449,0.09823449,1.0,1.971013e-08,2.0064368e-07,-26.482292,2.2170634,0.7390212,0.16000001,0.0,0.15825467,11.915177,11.925178,3900800
hardzero_plus_depr__c0p54__z1p05__lam0p010__nu0p50__psi1p00,hardzero_plus_depr,0.03,39,1219,0.0,2,0.2024569,0.2024569,1.0878338,0.0,0.08168949,0.0,0.0,1.986472e-07,-28.53808,2.393282,0.79776067,0.120000005,0.0,0.18056707,11.925178,11.935178,3904000
hardzero_plus_depr__c0p54__z1p05__lam0p010__nu0p50__psi1p00,hardzero_plus_depr,0.03,39,1220,0.0,2,0.2024569,0.20245692,1.0362673,0.091988325,0.091988325,1.0,1.8091397e-08,1.9667057e-07,-27.052406,2.2798336,0.75994456,0.120000005,0.0,0.14092089,11.935178,11.945178,3907200
hardzero_plus_depr__c0p54__z1p05__lam0p010__nu0p50__psi1p00,hardzero_plus_depr,0.03,39,1221,0.0,2,0.20245692,0.20245694,0.9781353,0.105163425,0.105163425,1.0,2.047675e-08,1.947136e-07,-26.92088,2.1519406,0.7173135,0.18400002,0.0,0.1297201,11.945178,11.955178,3910400
hardzero_plus_depr__c0p54__z1p05__lam0p010__nu0p50__psi1p00,hardzero_plus_depr,0.03,39,1222,0.0,2,0.20245694,0.20245695,0.98675185,0.1030975,0.1030975,1.0,1.987474e-08,1.9277616e-07,-26.905014,2.1708975,0.7236325,0.17,0.0,0.13728867,11.955178,11.9651785,3913600
hardzero_plus_depr__c0p54__z1p05__lam0p010__nu0p50__psi1p00,hardzero_plus_depr,0.03,39,1223,0.0,2,0.20245695,0.20245697,1.0259402,0.09420192,0.09420192,1.0,1.7979186e-08,1.9085795e-07,-27.03838,2.2571135,0.7523712,0.15200001,0.0,0.15934695,11.9651785,11.975179,3916800
hardzero_plus_depr__c0p54__z1p05__lam0p010__nu0p50__psi1p00,hardzero_plus_depr,0.03,39,1224,0.0,2,0.20245697,0.20245698,0.9985952,0.10032399,0.10032399,1.0,1.8957106e-08,1.8895885e-07,-27.496548,2.1969533,0.7323178,0.080000006,0.0,0.15133342,11.975179,11.985179,3920000
hardzero_plus_depr__c0p54__z1p05__lam0p010__nu0p50__psi1p00,hardzero_plus_depr,0.03,39,1225,0.0,2,0.20245698,0.202457,1.01438,0.0967431,0.0967431,1.0,1.8098564e-08,1.8707861e-07,-26.631477,2.2316804,0.7438935,0.136,0.0,0.13993481,11.985179,11.995179,3923200
hardzero_plus_depr__c0p54__z1p05__lam0p010__nu0p50__psi1p00,hardzero_plus_depr,0.03,39,1226,0.0,2,0.202457,0.20245701,1.0240309,0.09461699,0.09461699,1.0,1.7524684e-08,1.852171e-07,-27.431791,2.252913,0.750971,0.15200001,0.0,0.1279687,11.995179,12.005179,3926400
hardzero_plus_depr__c0p54__z1p05__lam0p010__nu0p50__psi1p00,hardzero_plus_depr,0.03,39,1227,0.0,2,0.20245701,0.20245703,0.9677364,0.10771186,0.10771186,1.0,1.975157e-08,1.8337414e-07,-26.062824,2.1290627,0.7096876,0.17600001,0.0,0.12588921,12.005179,12.01518,3929600
hardzero_plus_depr__c0p54__z1p05__lam0p010__nu0p50__psi1p00,hardzero_plus_depr,0.03,39,1228,0.0,2,0.20245703,0.20245704,1.012007,0.09727316,0.09727316,1.0,1.7659893e-08,1.815495e-07,-26.771534,2.22646,0.74215335,0.224,0.0,0.15244217,12.01518,12.02518,3932800
hardzero_plus_depr__c0p54__z1p05__lam0p010__nu0p50__psi1p00,hardzero_plus_depr,0.03,39,1229,0.0,2,0.20245704,0.20245706,1.0228319,0.094878554,0.094878554,1.0,1.7053756e-08,1.79743e-07,-27.557343,2.2502751,0.75009173,0.14400001,0.0,0.12919989,12.02518,12.03518,3936000
hardzero_plus_depr__c0p54__z1p05__lam0p010__nu0p50__psi1p00,hardzero_plus_depr,0.03,39,1230,0.0,2,0.20245706,0.20245707,1.0156755,0.09645493,0.09645493,1.0,1.7164588e-08,1.7795449e-07,-27.462763,2.2345307,0.7448436,0.16000001,0.0,0.13079762,12.03518,12.04518,3939200
hardzero_plus_depr__c0p54__z1p05__lam0p010__nu0p50__psi1p00,hardzero_plus_depr,0.03,39,1231,0.0,2,0.20245707,0.20245709,1.0075991,0.09826546,0.09826546,1.0,1.7312779e-08,1.7618376e-07,-27.309067,2.2167623,0.7389208,0.16800001,0.0,0.184895,12.04518,12.055181,3942400
hardzero_plus_depr__c0p54__z1p05__lam0p010__nu0p50__psi1p00,hardzero_plus_depr,0.03,39,1232,0.0,2,0.20245709,0.2024571,1.0312454,0.093058184,0.093058184,1.0,1.6232203e-08,1.7443068e-07,-27.457039,2.268785,0.7562617,0.128,0.0,0.1471294,12.055181,12.065181,3945600
hardzero_plus_depr__c0p54__z1p05__lam0p010__nu0p50__psi1p00,hardzero_plus_depr,0.03,39,1233,0.0,2,0.2024571,0.20245712,0.9738504,0.10620613,0.10620613,1.0,1.834127e-08,1.7269502e-07,-26.76969,2.1425138,0.7141713,0.2,0.0,0.13843343,12.065181,12.075181,3948800
hardzero_plus_depr__c0p54__z1p05__lam0p010__nu0p50__psi1p00,hardzero_plus_depr,0.03,39,1234,0.0,2,0.20245712,0.20245713,0.97402364,0.10616378,0.10616378,1.0,1.8151525e-08,1.7097663e-07,-26.221449,2.1428947,0.71429825,0.18400002,0.0,0.12067158,12.075181,12.085181,3952000
hardzero_plus_depr__c0p54__z1p05__lam0p010__nu0p50__psi1p00,hardzero_plus_depr,0.03,39,1235,0.0,2,0.20245713,0.20245714,0.9970781,0.100675054,0.100675054,1.0,1.7041804e-08,1.6927534e-07,-27.521967,2.1936157,0.7312052,0.22999999,0.02,0.14984408,12.085181,12.095181,3955200
hardzero_plus_depr__c0p54__z1p05__lam0p010__nu0p50__psi1p00,hardzero_plus_depr,0.03,39,1236,0.0,2,0.20245714,0.20245716,0.9397825,0.11487287,0.11487287,1.0,1.925166e-08,1.67591e-07,-24.85101,2.0675628,0.68918765,0.17600001,0.0,0.15280426,12.095181,12.105182,3958400
hardzero_plus_depr__c0p54__z1p05__lam0p010__nu0p50__psi1p00,hardzero_plus_depr,0.03,39,1237,0.0,2,0.20245716,0.20245717,1.0222116,0.09501419,0.09501419,1.0,1.5765078e-08,1.659234e-07,-27.619507,2.2489102,0.74963677,0.14400001,0.0,0.12533396,12.105182,12.115182,3961600
hardzero_plus_depr__c0p54__z1p05__lam0p010__nu0p50__psi1p00,hardzero_plus_depr,0.03,39,1238,0.0,2,0.20245717,0.20245719,1.0251195,0.0943801,0.0943801,1.0,1.5504046e-08,1.6427241e-07,-27.650974,2.2553082,0.7517694,0.16000001,0.0,0.14972834,12.115182,12.125182,3964800
hardzero_plus_depr__c0p54__z1p05__lam0p010__nu0p50__psi1p00,hardzero_plus_depr,0.03,39,1239,0.0,2,0.20245719,0.20245719,1.0750871,0.0,0.084122635,0.0,0.0,1.6263783e-07,-26.910864,2.3652387,0.7884129,0.064,0.0,0.1642709,12.125182,12.135182,3968000
hardzero_plus_depr__c0p54__z1p05__lam0p010__nu0p50__psi1p00,hardzero_plus_depr,0.03,39,1240,0.0,2,0.20245719,0.2024572,0.9903396,0.10224932,0.10224932,1.0,1.6464135e-08,1.6101951e-07,-27.657139,2.1787906,0.7262635,0.192,0.0,0.1367528,12.135182,12.145183,3971200
hardzero_plus_depr__c0p54__z1p05__lam0p010__nu0p50__psi1p00,hardzero_plus_depr,0.03,39,1241,0.0,2,0.2024572,0.20245722,1.0266749,0.0940427,0.0940427,1.0,1.4992034e-08,1.594173e-07,-27.311995,2.25873,0.75291,0.14400001,0.0,0.13235253,12.145183,12.155183,3974400
hardzero_plus_depr__c0p54__z1p05__lam0p010__nu0p50__psi1p00,hardzero_plus_depr,0.03,39,1242,0.0,2,0.20245722,0.20245723,1.0076139,0.09826211,0.09826211,1.0,1.5508808e-08,1.5783102e-07,-27.088552,2.216795,0.73893166,0.136,0.0,0.12356663,12.155183,12.165183,3977600
hardzero_plus_depr__c0p54__z1p05__lam0p010__nu0p50__psi1p00,hardzero_plus_depr,0.03,39,1243,0.0,2,0.20245723,0.20245725,1.0419433,0.09079389,0.09079389,1.0,1.4187505e-08,1.5626057e-07,-27.097975,2.292321,0.764107,0.208,0.0,0.15929489,12.165183,12.175183,3980800
hardzero_plus_depr__c0p54__z1p05__lam0p010__nu0p50__psi1p00,hardzero_plus_depr,0.03,39,1244,0.0,2,0.20245725,0.20245726,1.00587,0.098657474,0.098657474,1.0,1.5262875e-08,1.5470572e-07,-27.714079,2.212958,0.7376527,0.16800001,0.0,0.12498725,12.175183,12.185184,3984000
hardzero_plus_depr__c0p54__z1p05__lam0p010__nu0p50__psi1p00,hardzero_plus_depr,0.03,39,1245,0.0,2,0.20245726,0.20245728,1.0181375,0.0959097,0.0959097,1.0,1.4690135e-08,1.5316631e-07,-26.943846,2.239947,0.746649,0.16800001,0.0,0.16346261,12.185184,12.195184,3987200
hardzero_plus_depr__c0p54__z1p05__lam0p010__nu0p50__psi1p00,hardzero_plus_depr,0.03,39,1246,0.0,2,0.20245728,0.2024573,1.0319501,0.0929073,0.0929073,1.0,1.40886725e-08,1.5164225e-07,-27.080294,2.2703357,0.7567786,0.16000001,0.0,0.16383551,12.195184,12.205184,3990400
hardzero_plus_depr__c0p54__z1p05__lam0p010__nu0p50__psi1p00,hardzero_plus_depr,0.03,39,1247,0.0,2,0.2024573,0.20245731,1.0052121,0.098807044,0.098807044,1.0,1.48342325e-08,1.5013335e-07,-26.624718,2.2115107,0.7371702,0.128,0.0,0.14588799,12.205184,12.215184,3993600
hardzero_plus_depr__c0p54__z1p05__lam0p010__nu0p50__psi1p00,hardzero_plus_depr,0.03,39,1248,0.0,2,0.20245731,0.20245732,0.9770895,0.105416946,0.105416946,1.0,1.566912e-08,1.4863947e-07,-27.384735,2.1496398,0.71654665,0.17,0.0,0.13299578,12.215184,12.225184,3996800
hardzero_plus_depr__c0p54__z1p05__lam0p010__nu0p50__psi1p00,hardzero_plus_depr,0.03,39,1249,0.0,2,0.20245732,0.20245734,1.0114006,0.09740907,0.09740907,1.0,1.4334763e-08,1.4716045e-07,-26.59694,2.2251258,0.74170864,0.17600001,0.0,0.14550504,12.225184,12.235185,4000000
