mechanism_tag,mechanism,alpha,seed,update,update_u,update_counter,energy_E_pre,energy_E_post,funding_z,funding_g,funding_g_raw,funding_cut_active,funding_income,funding_alpha_eff,episode_return_end_mean,terminal_min_dists_end_mean,terminal_dbar_end,terminal_occupied_end_mean,terminal_CSR_train,vartd_VarTD,depr_F,depr_F_post,env_steps
hardzero_plus_depr__c0p54__z1p10__lam0p020__nu0p50__psi0p75,hardzero_plus_depr,0.1,30,0,1.0,1,1.0,0.4682029,1.0860325,0.08202901,0.08202901,1.0,0.008202901,0.1,-27.772104,2.3893192,0.79643977,0.07,0.0,0.21411662,0.0,0.0,3200
hardzero_plus_depr__c0p54__z1p10__lam0p020__nu0p50__psi0p75,hardzero_plus_depr,0.1,30,1,0.0,1,0.4682029,0.4776194,1.0261097,0.09416516,0.09416516,1.0,0.009416516,0.1,-26.503872,2.2574863,0.75249547,0.128,0.0,0.15564354,0.0,0.02,6400
hardzero_plus_depr__c0p54__z1p10__lam0p020__nu0p50__psi0p75,hardzero_plus_depr,0.1,30,2,0.0,1,0.4776194,0.48720473,1.0118793,0.09730176,0.09730176,1.0,0.009585313,0.0985112,-26.903313,2.226179,0.74205965,0.208,0.0,0.18118379,0.02,0.04,9600
hardzero_plus_depr__c0p54__z1p10__lam0p020__nu0p50__psi0p75,hardzero_plus_depr,0.1,30,3,0.0,1,0.48720473,0.4952945,1.0790346,0.08336149,0.08336149,1.0,0.008089779,0.09704456,-28.520424,2.3739235,0.79130787,0.15200001,0.0,0.16178016,0.04,0.06,12800
hardzero_plus_depr__c0p54__z1p10__lam0p020__nu0p50__psi0p75,hardzero_plus_depr,0.1,30,4,0.0,1,0.4952945,0.50436825,1.0226703,0.09491387,0.09491387,1.0,0.009073743,0.095599756,-27.013454,2.2499194,0.7499732,0.16000001,0.0,0.14080787,0.06,0.08,16000
hardzero_plus_depr__c0p54__z1p10__lam0p020__nu0p50__psi0p75,hardzero_plus_depr,0.1,30,5,0.0,1,0.50436825,0.5128138,1.0473131,0.0896782,0.0896782,1.0,0.008445576,0.094176464,-27.907997,2.3041348,0.76804495,0.16000001,0.0,0.15698737,0.08,0.099999994,19200
hardzero_plus_depr__c0p54__z1p10__lam0p020__nu0p50__psi0p75,hardzero_plus_depr,0.1,30,6,0.0,1,0.5128138,0.521999,1.0043395,0.09900579,0.09900579,1.0,0.009185198,0.092774354,-26.854574,2.209591,0.7365303,0.14400001,0.0,0.13123047,0.099999994,0.11999999,22400
hardzero_plus_depr__c0p54__z1p10__lam0p020__nu0p50__psi0p75,hardzero_plus_depr,0.1,30,7,0.0,1,0.521999,0.5310896,1.0023216,0.09946686,0.09946686,1.0,0.0090905875,0.09139313,-26.82901,2.2051516,0.73505056,0.16000001,0.0,0.13964114,0.11999999,0.13999999,25600
hardzero_plus_depr__c0p54__z1p10__lam0p020__nu0p50__psi0p75,hardzero_plus_depr,0.1,30,8,0.0,1,0.5310896,0.53923124,1.0436885,0.09042976,0.09042976,1.0,0.008141614,0.09003246,-27.258774,2.2961607,0.76538694,0.192,0.0,0.17142312,0.13999999,0.15999998,28800
hardzero_plus_depr__c0p54__z1p10__lam0p020__nu0p50__psi0p75,hardzero_plus_depr,0.1,30,9,0.0,1,0.53923124,0.54693985,1.0609101,0.086914025,0.086914025,1.0,0.0077085826,0.08869205,-27.706799,2.3340487,0.77801627,0.224,0.0,0.18060046,0.15999998,0.17999998,32000
hardzero_plus_depr__c0p54__z1p10__lam0p020__nu0p50__psi0p75,hardzero_plus_depr,0.1,30,10,1.0,2,0.54693985,0.014966687,1.0368247,0.091870345,0.091870345,1.0,0.008026859,0.087371595,-26.629507,2.28106,0.7603533,0.136,0.0,0.17860019,0.17999998,0.08999999,35200
hardzero_plus_depr__c0p54__z1p10__lam0p020__nu0p50__psi0p75,hardzero_plus_depr,0.1,30,11,0.0,2,0.014966687,0.024095416,1.0102748,0.09766191,0.09766191,1.0,0.00912873,0.09347277,-27.882067,2.2226489,0.740883,0.112,0.0,0.15478118,0.08999999,0.109999985,38400
hardzero_plus_depr__c0p54__z1p10__lam0p020__nu0p50__psi0p75,hardzero_plus_depr,0.1,30,12,0.0,2,0.024095416,0.033959482,0.9701147,0.10712361,0.10712361,1.0,0.009864065,0.092081144,-27.322948,2.134295,0.7114317,0.17600001,0.0,0.15628189,0.109999985,0.12999998,41600
hardzero_plus_depr__c0p54__z1p10__lam0p020__nu0p50__psi0p75,hardzero_plus_depr,0.1,30,13,0.0,2,0.033959482,0.04250296,1.0260216,0.094184265,0.094184265,1.0,0.008543477,0.09071024,-27.099096,2.2572925,0.75243086,0.19,0.0,0.17004661,0.12999998,0.14999998,44800
hardzero_plus_depr__c0p54__z1p10__lam0p020__nu0p50__psi0p75,hardzero_plus_depr,0.1,30,14,0.0,2,0.04250296,0.049986657,1.0770255,0.083748,0.083748,1.0,0.0074836994,0.08935974,-27.405846,2.3695035,0.7898345,0.136,0.0,0.16772553,0.14999998,0.16999997,48000
hardzero_plus_depr__c0p54__z1p10__lam0p020__nu0p50__psi0p75,hardzero_plus_depr,0.1,30,15,0.0,2,0.049986657,0.05881103,0.9989434,0.100243576,0.100243576,1.0,0.008824376,0.08802935,-26.405056,2.1977193,0.73257315,0.192,0.0,0.1737239,0.16999997,0.18999997,51200
hardzero_plus_depr__c0p54__z1p10__lam0p020__nu0p50__psi0p75,hardzero_plus_depr,0.1,30,16,0.0,2,0.05881103,0.06811269,0.9695527,0.107262336,0.107262336,1.0,0.009301657,0.08671876,-25.315884,2.1330585,0.7110195,0.256,0.0,0.14987129,0.18999997,0.20999996,54400
hardzero_plus_depr__c0p54__z1p10__lam0p020__nu0p50__psi0p75,hardzero_plus_depr,0.1,30,17,0.0,2,0.06811269,0.07675124,0.9951576,0.101121254,0.101121254,1.0,0.008638555,0.08542769,-26.070356,2.1893904,0.7297968,0.14400001,0.0,0.13901068,0.20999996,0.22999996,57600
hardzero_plus_depr__c0p54__z1p10__lam0p020__nu0p50__psi0p75,hardzero_plus_depr,0.1,30,18,0.0,2,0.07675124,0.08406584,1.0608934,0.08691736,0.08691736,1.0,0.0073146033,0.084155835,-27.361912,2.334012,0.77800405,0.112,0.0,0.1573524,0.22999996,0.24999996,60800
hardzero_plus_depr__c0p54__z1p10__lam0p020__nu0p50__psi0p75,hardzero_plus_depr,0.1,30,19,0.0,2,0.08406584,0.09188127,1.025617,0.09427206,0.09427206,1.0,0.007815429,0.082902916,-27.470617,2.2564025,0.7521342,0.136,0.0,0.16345845,0.24999996,0.26999995,64000
hardzero_plus_depr__c0p54__z1p10__lam0p020__nu0p50__psi0p75,hardzero_plus_depr,0.1,30,20,0.0,2,0.09188127,0.1007261,0.96536607,0.10830137,0.10830137,1.0,0.008844827,0.08166865,-27.183615,2.1238477,0.7079493,0.16000001,0.0,0.1429207,0.26999995,0.28999996,67200
hardzero_plus_depr__c0p54__z1p10__lam0p020__nu0p50__psi0p75,hardzero_plus_depr,0.1,30,21,0.0,2,0.1007261,0.11005711,0.9356122,0.11598125,0.11598125,1.0,0.009331012,0.08045276,-26.15118,2.058388,0.68612933,0.23200001,0.008,0.14157948,0.28999996,0.30999997,70400
hardzero_plus_depr__c0p54__z1p10__lam0p020__nu0p50__psi0p75,hardzero_plus_depr,0.1,30,22,0.0,2,0.11005711,0.11816053,0.99035823,0.10224493,0.10224493,1.0,0.008103419,0.07925498,-26.475115,2.1788316,0.72627723,0.2,0.0,0.13383152,0.30999997,0.32999998,73600
hardzero_plus_depr__c0p54__z1p10__lam0p020__nu0p50__psi0p75,hardzero_plus_depr,0.1,30,23,0.0,2,0.11816053,0.124931395,1.061868,0.086722545,0.086722545,1.0,0.0067708646,0.07807502,-28.667238,2.3361561,0.7787187,0.16000001,0.0,0.21382523,0.32999998,0.35,76800
hardzero_plus_depr__c0p54__z1p10__lam0p020__nu0p50__psi0p75,hardzero_plus_depr,0.1,30,24,0.0,2,0.124931395,0.13361877,0.947109,0.11295125,0.11295125,1.0,0.008687379,0.07691264,-26.353786,2.0836813,0.69456047,0.23200001,0.0,0.13603045,0.35,0.37,80000
hardzero_plus_depr__c0p54__z1p10__lam0p020__nu0p50__psi0p75,hardzero_plus_depr,0.1,30,25,0.0,2,0.13361877,0.14072397,1.0279071,0.09377624,0.09377624,1.0,0.0071051964,0.075767554,-27.322044,2.2614408,0.7538136,0.192,0.0,0.1864095,0.37,0.39000002,83200
hardzero_plus_depr__c0p54__z1p10__lam0p020__nu0p50__psi0p75,hardzero_plus_depr,0.1,30,26,0.0,2,0.14072397,0.1478282,1.0214517,0.09518056,0.09518056,1.0,0.0071042315,0.07463952,-27.964584,2.2472386,0.7490796,0.17999999,0.0,0.17510435,0.39000002,0.41000003,86400
hardzero_plus_depr__c0p54__z1p10__lam0p020__nu0p50__psi0p75,hardzero_plus_depr,0.1,30,27,0.0,2,0.1478282,0.15439203,1.0492969,0.08926951,0.08926951,1.0,0.0065638344,0.07352829,-27.120697,2.308499,0.7694997,0.15200001,0.0,0.16191672,0.41000003,0.43000004,89600
hardzero_plus_depr__c0p54__z1p10__lam0p020__nu0p50__psi0p75,hardzero_plus_depr,0.1,30,28,0.0,2,0.15439203,0.16109629,1.0335895,0.09255725,0.09255725,1.0,0.006704254,0.07243359,-27.844986,2.2739422,0.75798076,0.17600001,0.0,0.18725309,0.43000004,0.45000005,92800
hardzero_plus_depr__c0p54__z1p10__lam0p020__nu0p50__psi0p75,hardzero_plus_depr,0.1,30,29,0.0,2,0.16109629,0.16769516,1.0339555,0.092479296,0.092479296,1.0,0.0065988787,0.0713552,-27.755445,2.2747474,0.75824916,0.2,0.0,0.1686764,0.45000005,0.47000006,96000
hardzero_plus_depr__c0p54__z1p10__lam0p020__nu0p50__psi0p75,hardzero_plus_depr,0.1,30,30,0.0,2,0.16769516,0.17429331,1.027489,0.09386659,0.09386659,1.0,0.0065981504,0.07029285,-27.143824,2.2605207,0.7535069,0.2,0.0,0.16423894,0.47000006,0.49000007,99200
hardzero_plus_depr__c0p54__z1p10__lam0p020__nu0p50__psi0p75,hardzero_plus_depr,0.1,30,31,0.0,2,0.17429331,0.18004102,1.0809023,0.08300373,0.08300373,1.0,0.0057477034,0.06924633,-27.92523,2.3780327,0.7926776,0.096,0.0,0.19615024,0.49000007,0.51000005,102400
hardzero_plus_depr__c0p54__z1p10__lam0p020__nu0p50__psi0p75,hardzero_plus_depr,0.1,30,32,0.0,2,0.18004102,0.18696383,0.99359953,0.10148467,0.10148467,1.0,0.006922816,0.068215385,-27.470964,2.1859627,0.72865427,0.23200001,0.0,0.16448446,0.51000005,0.53000003,105600
hardzero_plus_depr__c0p54__z1p10__lam0p020__nu0p50__psi0p75,hardzero_plus_depr,0.1,30,33,0.0,2,0.18696383,0.19352058,1.010679,0.09757105,0.09757105,1.0,0.006556754,0.06719979,-27.358702,2.2235382,0.7411794,0.16000001,0.0,0.19141304,0.53000003,0.55,108800
hardzero_plus_depr__c0p54__z1p10__lam0p020__nu0p50__psi0p75,hardzero_plus_depr,0.1,30,34,0.0,2,0.19352058,0.19941193,1.0506382,0.08899421,0.08899421,1.0,0.0058913566,0.066199325,-27.533573,2.3114502,0.77048343,0.16000001,0.0,0.14759782,0.55,0.57,112000
hardzero_plus_depr__c0p54__z1p10__lam0p020__nu0p50__psi0p75,hardzero_plus_depr,0.1,30,35,0.0,2,0.19941193,0.20535256,1.040506,0.091094874,0.091094874,1.0,0.0059406376,0.06521374,-27.686115,2.2891588,0.76305294,0.136,0.0,0.15869659,0.57,0.59,115200
hardzero_plus_depr__c0p54__z1p10__lam0p020__nu0p50__psi0p75,hardzero_plus_depr,0.1,30,36,0.0,2,0.20535256,0.21205452,0.98162293,0.10432228,0.10432228,1.0,0.0067019584,0.06424283,-26.340782,2.1596136,0.7198712,0.17600001,0.0,0.15209672,0.59,0.60999995,118400
hardzero_plus_depr__c0p54__z1p10__lam0p020__nu0p50__psi0p75,hardzero_plus_depr,0.1,30,37,0.0,2,0.21205452,0.21784781,1.0383854,0.091540776,0.091540776,1.0,0.005793285,0.06328639,-27.439564,2.2844934,0.76149786,0.120000005,0.0,0.19327334,0.60999995,0.62999994,121600
hardzero_plus_depr__c0p54__z1p10__lam0p020__nu0p50__psi0p75,hardzero_plus_depr,0.1,30,38,0.0,2,0.21784781,0.22428453,0.986131,0.10324498,0.10324498,1.0,0.006436723,0.06234417,-26.891853,2.1695316,0.7231772,0.14400001,0.0,0.15476982,0.62999994,0.6499999,124800
hardzero_plus_depr__c0p54__z1p10__lam0p020__nu0p50__psi0p75,hardzero_plus_depr,0.1,30,39,0.0,2,0.22428453,0.23142496,0.93455744,0.11626326,0.11626326,1.0,0.007140423,0.06141599,-25.940361,2.0560675,0.68535584,0.17,0.0,0.15421496,0.6499999,0.6699999,128000
hardzero_plus_depr__c0p54__z1p10__lam0p020__nu0p50__psi0p75,hardzero_plus_depr,0.1,30,40,0.0,2,0.23142496,0.23727386,1.0146933,0.09667333,0.09667333,1.0,0.0058488934,0.060501624,-26.589903,2.2323697,0.7441232,0.14400001,0.0,0.14600256,0.6699999,0.6899999,131200
hardzero_plus_depr__c0p54__z1p10__lam0p020__nu0p50__psi0p75,hardzero_plus_depr,0.1,30,41,0.0,2,0.23727386,0.24321043,1.0017167,0.09960548,0.09960548,1.0,0.0059365733,0.05960087,-26.442602,2.203821,0.734607,0.2,0.0,0.16838774,0.6899999,0.70999986,134400
hardzero_plus_depr__c0p54__z1p10__lam0p020__nu0p50__psi0p75,hardzero_plus_depr,0.1,30,42,0.0,2,0.24321043,0.24952899,0.9681203,0.10761671,0.10761671,1.0,0.006318557,0.058713533,-26.555595,2.1299071,0.70996904,0.256,0.0,0.14673316,0.70999986,0.72999984,137600
hardzero_plus_depr__c0p54__z1p10__lam0p020__nu0p50__psi0p75,hardzero_plus_depr,0.1,30,43,0.0,2,0.24952899,0.25471163,1.0476729,0.089603946,0.089603946,1.0,0.0051826388,0.057839405,-26.763824,2.3049264,0.7683088,0.14400001,0.0,0.17120542,0.72999984,0.7499998,140800
hardzero_plus_depr__c0p54__z1p10__lam0p020__nu0p50__psi0p75,hardzero_plus_depr,0.1,30,44,0.0,2,0.25471163,0.26074898,0.97486305,0.10595877,0.10595877,1.0,0.00603735,0.056978293,-26.979214,2.1447415,0.71491385,0.24000001,0.0,0.15184833,0.7499998,0.7699998,144000
hardzero_plus_depr__c0p54__z1p10__lam0p020__nu0p50__psi0p75,hardzero_plus_depr,0.1,30,45,0.0,2,0.26074898,0.26601523,1.0276943,0.0938222,0.0938222,1.0,0.0052662394,0.056129992,-27.82181,2.2609727,0.7536576,0.128,0.0,0.16181372,0.7699998,0.7899998,147200
hardzero_plus_depr__c0p54__z1p10__lam0p020__nu0p50__psi0p75,hardzero_plus_depr,0.1,30,46,0.0,2,0.26601523,0.27152765,1.0013392,0.0996921,0.0996921,1.0,0.005512408,0.05529433,-26.742048,2.2029903,0.7343301,0.16800001,0.0,0.15351744,0.7899998,0.80999976,150400
hardzero_plus_depr__c0p54__z1p10__lam0p020__nu0p50__psi0p75,hardzero_plus_depr,0.1,30,47,0.0,2,0.27152765,0.2774295,0.9651779,0.1083483,0.1083483,1.0,0.0059018517,0.054471105,-26.074484,2.1234338,0.7078113,0.2,0.0,0.15021004,0.80999976,0.82999974,153600
hardzero_plus_depr__c0p54__z1p10__lam0p020__nu0p50__psi0p75,hardzero_plus_depr,0.1,30,48,0.0,2,0.2774295,0.28284097,0.99633676,0.100847065,0.100847065,1.0,0.005411467,0.053660136,-26.746126,2.1919847,0.7306616,0.14400001,0.0,0.14099632,0.82999974,0.8499997,156800
hardzero_plus_depr__c0p54__z1p10__lam0p020__nu0p50__psi0p75,hardzero_plus_depr,0.1,30,49,0.0,2,0.28284097,0.28790343,1.0187768,0.09576862,0.09576862,1.0,0.0050624483,0.05286124,-27.619421,2.2413538,0.74711794,0.17600001,0.0,0.15928388,0.8499997,0.8699997,160000
hardzero_plus_depr__c0p54__z1p10__lam0p020__nu0p50__psi0p75,hardzero_plus_depr,0.1,30,50,0.0,2,0.28790343,0.29294014,1.0144752,0.09672189,0.09672189,1.0,0.005036719,0.052074242,-27.170568,2.23189,0.74396336,0.16800001,0.0,0.14774436,0.8699997,0.8899997,163200
hardzero_plus_depr__c0p54__z1p10__lam0p020__nu0p50__psi0p75,hardzero_plus_depr,0.1,30,51,0.0,2,0.29294014,0.29735413,1.0652773,0.0860444,0.0860444,1.0,0.004413988,0.051298957,-28.286463,2.343657,0.781219,0.136,0.0,0.19029646,0.8899997,0.90999967,166400
hardzero_plus_depr__c0p54__z1p10__lam0p020__nu0p50__psi0p75,hardzero_plus_depr,0.1,30,52,0.0,2,0.29735413,0.30224174,1.0144968,0.09671709,0.09671709,1.0,0.0048876195,0.05053522,-26.958626,2.2319374,0.74397916,0.17,0.0,0.13109948,0.90999967,0.92999965,169600
hardzero_plus_depr__c0p54__z1p10__lam0p020__nu0p50__psi0p75,hardzero_plus_depr,0.1,30,53,0.0,2,0.30224174,0.30711097,1.0096207,0.09780911,0.09780911,1.0,0.004869216,0.049782846,-27.475397,2.2212098,0.7404033,0.24000001,0.0,0.16447723,0.92999965,0.94999963,172800
hardzero_plus_depr__c0p54__z1p10__lam0p020__nu0p50__psi0p75,hardzero_plus_depr,0.1,30,54,0.0,2,0.30711097,0.31164676,1.0339111,0.092488736,0.092488736,1.0,0.004535802,0.049041674,-26.46415,2.2746499,0.7582166,0.112,0.0,0.14301267,0.94999963,0.9699996,176000
hardzero_plus_depr__c0p54__z1p10__lam0p020__nu0p50__psi0p75,hardzero_plus_depr,0.1,30,55,0.0,2,0.31164676,0.31701487,0.95422846,0.11111471,0.11111471,1.0,0.0053681233,0.048311543,-26.294685,2.0993445,0.69978154,0.24800001,0.0,0.1600231,0.9699996,0.9899996,179200
hardzero_plus_depr__c0p54__z1p10__lam0p020__nu0p50__psi0p75,hardzero_plus_depr,0.1,30,56,0.0,2,0.31701487,0.32125878,1.0497693,0.08917245,0.08917245,1.0,0.00424392,0.04759228,-28.29369,2.3095386,0.7698462,0.14400001,0.0,0.18358801,0.9899996,1.0099996,182400
hardzero_plus_depr__c0p54__z1p10__lam0p020__nu0p50__psi0p75,hardzero_plus_depr,0.1,30,57,0.0,2,0.32125878,0.3259606,0.9987553,0.10028701,0.10028701,1.0,0.0047018286,0.046883725,-26.01653,2.1973054,0.73243517,0.112,0.0,0.13917415,1.0099996,1.0299996,185600
hardzero_plus_depr__c0p54__z1p10__lam0p020__nu0p50__psi0p75,hardzero_plus_depr,0.1,30,58,0.0,2,0.3259606,0.33043167,1.0140967,0.096806206,0.096806206,1.0,0.0044710636,0.046185713,-27.521854,2.2310574,0.74368584,0.16800001,0.0,0.16254136,1.0299996,1.0499996,188800
hardzero_plus_depr__c0p54__z1p10__lam0p020__nu0p50__psi0p75,hardzero_plus_depr,0.1,30,59,0.0,2,0.33043167,0.3346684,1.030962,0.093118936,0.093118936,1.0,0.0042367345,0.0454981,-27.981827,2.2681618,0.7560539,0.2,0.0,0.1693641,1.0499996,1.0699996,192000
hardzero_plus_depr__c0p54__z1p10__lam0p020__nu0p50__psi0p75,hardzero_plus_depr,0.1,30,60,0.0,2,0.3346684,0.33898076,1.0167636,0.096213594,0.096213594,1.0,0.004312363,0.044820722,-27.670326,2.2369244,0.74564147,0.14400001,0.0,0.16643375,1.0699996,1.0899996,195200
hardzero_plus_depr__c0p54__z1p10__lam0p020__nu0p50__psi0p75,hardzero_plus_depr,0.1,30,61,0.0,2,0.33898076,0.34368363,0.9726028,0.10651166,0.10651166,1.0,0.004702855,0.044153426,-26.492723,2.1397688,0.7132563,0.14400001,0.0,0.16987695,1.0899996,1.1099995,198400
hardzero_plus_depr__c0p54__z1p10__lam0p020__nu0p50__psi0p75,hardzero_plus_depr,0.1,30,62,0.0,2,0.34368363,0.34795234,1.0081546,0.09813985,0.09813985,1.0,0.004268698,0.04349607,-26.99625,2.2179844,0.73932815,0.128,0.0,0.14228308,1.1099995,1.1299995,201600
hardzero_plus_depr__c0p54__z1p10__lam0p020__nu0p50__psi0p75,hardzero_plus_depr,0.1,30,63,0.0,2,0.34795234,0.3523752,0.9862314,0.10322113,0.10322113,1.0,0.0044228705,0.042848498,-26.665907,2.1697524,0.7232508,0.14400001,0.0,0.18871966,1.1299995,1.1499995,204800
hardzero_plus_depr__c0p54__z1p10__lam0p020__nu0p50__psi0p75,hardzero_plus_depr,0.1,30,64,0.0,2,0.3523752,0.35641813,1.0187259,0.095779836,0.095779836,1.0,0.0040429216,0.04221057,-26.299232,2.2412417,0.74708056,0.16800001,0.0,0.13042212,1.1499995,1.1699995,208000
hardzero_plus_depr__c0p54__z1p10__lam0p020__nu0p50__psi0p75,hardzero_plus_depr,0.1,30,65,0.0,2,0.35641813,0.36012667,1.0497036,0.08918593,0.08918593,1.0,0.0037085414,0.041582134,-27.241404,2.3093941,0.76979804,0.14,0.0,0.12702388,1.1699995,1.1899995,211200
hardzero_plus_depr__c0p54__z1p10__lam0p020__nu0p50__psi0p75,hardzero_plus_depr,0.1,30,66,0.0,2,0.36012667,0.36429217,0.9927263,0.10168892,0.10168892,1.0,0.0041654897,0.04096306,-26.596422,2.1840415,0.7280139,0.16800001,0.0,0.16548675,1.1899995,1.2099994,214400
hardzero_plus_depr__c0p54__z1p10__lam0p020__nu0p50__psi0p75,hardzero_plus_depr,0.1,30,67,0.0,2,0.36429217,0.368206,1.0132762,0.0969893,0.0969893,1.0,0.003913828,0.040353198,-27.411348,2.229252,0.7430841,0.18400002,0.0,0.13443835,1.2099994,1.2299994,217600
hardzero_plus_depr__c0p54__z1p10__lam0p020__nu0p50__psi0p75,hardzero_plus_depr,0.1,30,68,0.0,2,0.368206,0.37185472,1.0372214,0.091786444,0.091786444,1.0,0.0036487333,0.03975242,-27.748373,2.2819328,0.7606443,0.16800001,0.0,0.1661103,1.2299994,1.2499994,220800
hardzero_plus_depr__c0p54__z1p10__lam0p020__nu0p50__psi0p75,hardzero_plus_depr,0.1,30,69,0.0,2,0.37185472,0.37541223,1.041704,0.09084394,0.09084394,1.0,0.0035575014,0.03916058,-28.064728,2.2917948,0.76393163,0.17600001,0.0,0.18545103,1.2499994,1.2699994,224000
hardzero_plus_depr__c0p54__z1p10__lam0p020__nu0p50__psi0p75,hardzero_plus_depr,0.1,30,70,0.0,2,0.37541223,0.3791872,1.0094208,0.097854145,0.097854145,1.0,0.0037749738,0.038577557,-26.589956,2.2207701,0.7402567,0.15200001,0.0,0.16468827,1.2699994,1.2899994,227200
hardzero_plus_depr__c0p54__z1p10__lam0p020__nu0p50__psi0p75,hardzero_plus_depr,0.1,30,71,0.0,2,0.3791872,0.38299036,0.99967575,0.1000747,0.1000747,1.0,0.0038031603,0.038003214,-26.97365,2.1993306,0.7331102,0.192,0.0,0.13222909,1.2899994,1.3099993,230400
hardzero_plus_depr__c0p54__z1p10__lam0p020__nu0p50__psi0p75,hardzero_plus_depr,0.1,30,72,0.0,2,0.38299036,0.3865078,1.027079,0.09395524,0.09395524,1.0,0.003517442,0.03743742,-27.35385,2.2596188,0.75320625,0.112,0.0,0.15033865,1.3099993,1.3299993,233600
hardzero_plus_depr__c0p54__z1p10__lam0p020__nu0p50__psi0p75,hardzero_plus_depr,0.1,30,73,0.0,2,0.3865078,0.38995183,1.0297248,0.09338457,0.09338457,1.0,0.003444028,0.036880054,-28.490177,2.2654397,0.7551466,0.17600001,0.0,0.17784317,1.3299993,1.3499993,236800
hardzero_plus_depr__c0p54__z1p10__lam0p020__nu0p50__psi0p75,hardzero_plus_depr,0.1,30,74,0.0,2,0.38995183,0.39355,1.0041934,0.09903907,0.09903907,1.0,0.0035981864,0.03633098,-27.321514,2.2092695,0.7364232,0.208,0.008,0.15206744,1.3499993,1.3699993,240000
hardzero_plus_depr__c0p54__z1p10__lam0p020__nu0p50__psi0p75,hardzero_plus_depr,0.1,30,75,0.0,2,0.39355,0.39670035,1.0554051,0.088022724,0.088022724,1.0,0.0031503404,0.035790082,-27.343525,2.3219376,0.7739792,0.14400001,0.0,0.17662117,1.3699993,1.3899993,243200
hardzero_plus_depr__c0p54__z1p10__lam0p020__nu0p50__psi0p75,hardzero_plus_depr,0.1,30,76,0.0,2,0.39670035,0.40014765,1.0097686,0.09777579,0.09777579,1.0,0.003447304,0.035257235,-27.340797,2.2215352,0.7405118,0.120000005,0.0,0.14588578,1.3899993,1.4099993,246400
hardzero_plus_depr__c0p54__z1p10__lam0p020__nu0p50__psi0p75,hardzero_plus_depr,0.1,30,77,0.0,2,0.40014765,0.40382168,0.97559094,0.105781324,0.105781324,1.0,0.0036740312,0.034732323,-25.792755,2.146343,0.71544766,0.216,0.0,0.1570867,1.4099993,1.4299992,249600
hardzero_plus_depr__c0p54__z1p10__lam0p020__nu0p50__psi0p75,hardzero_plus_depr,0.1,30,78,0.0,2,0.40382168,0.40792683,0.9208906,0.11998015,0.11998015,1.0,0.004105148,0.034215227,-25.445751,2.0259998,0.67533326,0.17,0.0,0.12074351,1.4299992,1.4499992,252800
hardzero_plus_depr__c0p54__z1p10__lam0p020__nu0p50__psi0p75,hardzero_plus_depr,0.1,30,79,0.0,2,0.40792683,0.41163883,0.95809615,0.11012955,0.11012955,1.0,0.003712008,0.03370583,-26.10243,2.1078537,0.7026179,0.2,0.0,0.14233027,1.4499992,1.4699992,256000
hardzero_plus_depr__c0p54__z1p10__lam0p020__nu0p50__psi0p75,hardzero_plus_depr,0.1,30,80,0.0,2,0.41163883,0.41478825,1.02296,0.09485059,0.09485059,1.0,0.0031494205,0.033204015,-28.408873,2.250557,0.75018567,0.208,0.0,0.14460689,1.4699992,1.4899992,259200
hardzero_plus_depr__c0p54__z1p10__lam0p020__nu0p50__psi0p75,hardzero_plus_depr,0.1,30,81,0.0,2,0.41478825,0.418152,0.9878501,0.1028371,0.1028371,1.0,0.0033637676,0.03270967,-26.253216,2.1733136,0.7244379,0.14400001,0.0,0.14450146,1.4899992,1.5099992,262400
hardzero_plus_depr__c0p54__z1p10__lam0p020__nu0p50__psi0p75,hardzero_plus_depr,0.1,30,82,0.0,2,0.418152,0.42139664,0.99699455,0.10069443,0.10069443,1.0,0.0032446454,0.03222269,-27.337463,2.1934319,0.73114395,0.18400002,0.0,0.17025839,1.5099992,1.5299991,265600
hardzero_plus_depr__c0p54__z1p10__lam0p020__nu0p50__psi0p75,hardzero_plus_depr,0.1,30,83,0.0,2,0.42139664,0.42485547,0.9627168,0.108964026,0.108964026,1.0,0.0034588403,0.031742956,-26.210588,2.1180193,0.70600647,0.192,0.0,0.14219013,1.5299991,1.5499991,268800
hardzero_plus_depr__c0p54__z1p10__lam0p020__nu0p50__psi0p75,hardzero_plus_depr,0.1,30,84,0.0,2,0.42485547,0.42767176,1.0454543,0.09006285,0.09006285,1.0,0.0028162983,0.031270366,-27.1625,2.3000453,0.7666818,0.2,0.0,0.16953944,1.5499991,1.5699991,272000
hardzero_plus_depr__c0p54__z1p10__lam0p020__nu0p50__psi0p75,hardzero_plus_depr,0.1,30,85,0.0,2,0.42767176,0.43108812,0.955055,0.11090342,0.11090342,1.0,0.003416359,0.030804811,-26.1194,2.101163,0.70038766,0.136,0.0,0.14367186,1.5699991,1.5899991,275200
hardzero_plus_depr__c0p54__z1p10__lam0p020__nu0p50__psi0p75,hardzero_plus_depr,0.1,30,86,0.0,2,0.43108812,0.43412802,0.999245,0.100174,0.100174,1.0,0.0030398993,0.030346189,-26.744541,2.1983829,0.7327943,0.16800001,0.0,0.14311752,1.5899991,1.6099991,278400
hardzero_plus_depr__c0p54__z1p10__lam0p020__nu0p50__psi0p75,hardzero_plus_depr,0.1,30,87,0.0,2,0.43412802,0.4370269,1.0133629,0.09696995,0.09696995,1.0,0.0028988575,0.029894391,-26.549582,2.2294428,0.7431476,0.14400001,0.0,0.18107298,1.6099991,1.629999,281600
hardzero_plus_depr__c0p54__z1p10__lam0p020__nu0p50__psi0p75,hardzero_plus_depr,0.1,30,88,0.0,2,0.4370269,0.44016543,0.9723453,0.10657483,0.10657483,1.0,0.0031385566,0.029449323,-26.721647,2.1392024,0.7130675,0.18400002,0.0,0.15510266,1.629999,1.649999,284800
hardzero_plus_depr__c0p54__z1p10__lam0p020__nu0p50__psi0p75,hardzero_plus_depr,0.1,30,89,0.0,2,0.44016543,0.44310087,0.9948895,0.10118369,0.10118369,1.0,0.002935428,0.02901088,-26.455673,2.1888006,0.7296002,0.16800001,0.0,0.16733533,1.649999,1.669999,288000
hardzero_plus_depr__c0p54__z1p10__lam0p020__nu0p50__psi0p75,hardzero_plus_depr,0.1,30,90,0.0,2,0.44310087,0.44571313,1.0390308,0.09140485,0.09140485,1.0,0.002612256,0.028578965,-27.52771,2.2859135,0.7619712,0.16000001,0.0,0.14235759,1.669999,1.689999,291200
hardzero_plus_depr__c0p54__z1p10__lam0p020__nu0p50__psi0p75,hardzero_plus_depr,0.1,30,91,0.0,2,0.44571313,0.44843474,1.014706,0.09667049,0.09667049,1.0,0.0027216112,0.028153483,-26.72545,2.2323978,0.74413264,0.099999994,0.0,0.1557519,1.689999,1.709999,294400
hardzero_plus_depr__c0p54__z1p10__lam0p020__nu0p50__psi0p75,hardzero_plus_depr,0.1,30,92,0.0,2,0.44843474,0.4511367,1.0113375,0.09742322,0.09742322,1.0,0.0027019677,0.02773433,-26.483816,2.224987,0.7416624,0.17600001,0.0,0.15633714,1.709999,1.729999,297600
hardzero_plus_depr__c0p54__z1p10__lam0p020__nu0p50__psi0p75,hardzero_plus_depr,0.1,30,93,0.0,2,0.4511367,0.45341855,1.0782187,0.08351823,0.08351823,1.0,0.0022818365,0.027321419,-28.273052,2.3721285,0.7907095,0.104,0.0,0.1540046,1.729999,1.7499989,300800
hardzero_plus_depr__c0p54__z1p10__lam0p020__nu0p50__psi0p75,hardzero_plus_depr,0.1,30,94,0.0,2,0.45341855,0.4561661,0.9910441,0.102083586,0.102083586,1.0,0.0027475446,0.026914656,-25.727125,2.1803405,0.7267802,0.24000001,0.0,0.13776037,1.7499989,1.7699989,304000
hardzero_plus_depr__c0p54__z1p10__lam0p020__nu0p50__psi0p75,hardzero_plus_depr,0.1,30,95,0.0,2,0.4561661,0.45842865,1.0688753,0.08533451,0.08533451,1.0,0.002262555,0.026513953,-28.112043,2.3515728,0.7838576,0.16800001,0.0,0.16352636,1.7699989,1.7899989,307200
hardzero_plus_depr__c0p54__z1p10__lam0p020__nu0p50__psi0p75,hardzero_plus_depr,0.1,30,96,0.0,2,0.45842865,0.46122447,0.97045285,0.10704026,0.10704026,1.0,0.0027958073,0.026119212,-27.098284,2.1350389,0.71167964,0.18400002,0.0,0.16547987,1.7899989,1.8099989,310400
hardzero_plus_depr__c0p54__z1p10__lam0p020__nu0p50__psi0p75,hardzero_plus_depr,0.1,30,97,0.0,2,0.46122447,0.46378794,1.0016165,0.09962847,0.09962847,1.0,0.002563475,0.025730345,-27.017181,2.2036002,0.7345334,0.120000005,0.0,0.16074516,1.8099989,1.8299989,313600
hardzero_plus_depr__c0p54__z1p10__lam0p020__nu0p50__psi0p75,hardzero_plus_depr,0.1,30,98,0.0,2,0.46378794,0.46633753,0.9974599,0.1005866,0.1005866,1.0,0.0025495954,0.025347268,-26.697138,2.1944556,0.73148525,0.216,0.0,0.14715852,1.8299989,1.8499988,316800
hardzero_plus_depr__c0p54__z1p10__lam0p020__nu0p50__psi0p75,hardzero_plus_depr,0.1,30,99,0.0,2,0.46633753,0.46885985,0.995615,0.10101479,0.10101479,1.0,0.0025223296,0.024969902,-26.502937,2.1903968,0.7301323,0.15200001,0.0,0.14303115,1.8499988,1.8699988,320000
hardzero_plus_depr__c0p54__z1p10__lam0p020__nu0p50__psi0p75,hardzero_plus_depr,0.1,30,100,0.0,2,0.46885985,0.47133228,0.9977783,0.10051288,0.10051288,1.0,0.0024724307,0.024598148,-26.322668,2.195156,0.7317187,0.192,0.0,0.14297338,1.8699988,1.8899988,323200
hardzero_plus_depr__c0p54__z1p10__lam0p020__nu0p50__psi0p75,hardzero_plus_depr,0.1,30,101,0.0,2,0.47133228,0.47366798,1.0159705,0.09638944,0.09638944,1.0,0.002335702,0.02423193,-27.348469,2.2351797,0.7450599,0.128,0.0,0.16560838,1.8899988,1.9099988,326400
hardzero_plus_depr__c0p54__z1p10__lam0p020__nu0p50__psi0p75,hardzero_plus_depr,0.1,30,102,0.0,2,0.47366798,0.47608542,0.9945145,0.10127108,0.10127108,1.0,0.0024174585,0.023871163,-26.741232,2.1879756,0.72932523,0.2,0.0,0.1580515,1.9099988,1.9299988,329600
hardzero_plus_depr__c0p54__z1p10__lam0p020__nu0p50__psi0p75,hardzero_plus_depr,0.1,30,103,0.0,2,0.47608542,0.4782414,1.0377111,0.091683015,0.091683015,1.0,0.0021559966,0.02351577,-27.162079,2.28301,0.7610034,0.136,0.0,0.15855454,1.9299988,1.9499987,332800
hardzero_plus_depr__c0p54__z1p10__lam0p020__nu0p50__psi0p75,hardzero_plus_depr,0.1,30,104,0.0,2,0.4782414,0.48074678,0.9659725,0.108150244,0.108150244,1.0,0.0025053723,0.023165664,-26.47974,2.125182,0.708394,0.22,0.0,0.1685591,1.9499987,1.9699987,336000
hardzero_plus_depr__c0p54__z1p10__lam0p020__nu0p50__psi0p75,hardzero_plus_depr,0.1,30,105,0.0,2,0.48074678,0.482952,1.0148783,0.09663215,0.09663215,1.0,0.0022052205,0.022820774,-27.29981,2.2327769,0.744259,0.216,0.0,0.17750826,1.9699987,1.9899987,339200
hardzero_plus_depr__c0p54__z1p10__lam0p020__nu0p50__psi0p75,hardzero_plus_depr,0.1,30,106,0.0,2,0.482952,0.48546907,0.95092195,0.1119639,0.1119639,1.0,0.002517062,0.022481015,-26.011602,2.09207,0.6973567,0.192,0.0,0.13418356,1.9899987,2.0099988,342400
hardzero_plus_depr__c0p54__z1p10__lam0p020__nu0p50__psi0p75,hardzero_plus_depr,0.1,30,107,0.0,2,0.48546907,0.48740533,1.0583363,0.08743064,0.08743064,1.0,0.0019362667,0.022146316,-27.827177,2.3283863,0.77612877,0.16000001,0.0,0.14372234,2.0099988,2.0299988,345600
hardzero_plus_depr__c0p54__z1p10__lam0p020__nu0p50__psi0p75,hardzero_plus_depr,0.1,30,108,0.0,2,0.48740533,0.48940337,1.0381821,0.09158363,0.09158363,1.0,0.0019980436,0.021816602,-27.085962,2.2840464,0.76134884,0.16000001,0.0,0.17217481,2.0299988,2.0499988,348800
hardzero_plus_depr__c0p54__z1p10__lam0p020__nu0p50__psi0p75,hardzero_plus_depr,0.1,30,109,0.0,2,0.48940337,0.49128023,1.0588424,0.087328814,0.087328814,1.0,0.0018768528,0.021491794,-27.836115,2.3294997,0.7764999,0.16800001,0.0,0.17373231,2.0499988,2.0699987,352000
hardzero_plus_depr__c0p54__z1p10__lam0p020__nu0p50__psi0p75,hardzero_plus_depr,0.1,30,110,0.0,2,0.49128023,0.49335924,1.0078988,0.09819766,0.09819766,1.0,0.0020790233,0.021171821,-27.248247,2.2174218,0.7391406,0.2,0.0,0.14612766,2.0699987,2.0899987,355200
hardzero_plus_depr__c0p54__z1p10__lam0p020__nu0p50__psi0p75,hardzero_plus_depr,0.1,30,111,0.0,2,0.49335924,0.49529845,1.03162,0.09297795,0.09297795,1.0,0.0019392053,0.020856615,-27.414728,2.2696095,0.7565365,0.096,0.0,0.14927053,2.0899987,2.1099987,358400
hardzero_plus_depr__c0p54__z1p10__lam0p020__nu0p50__psi0p75,hardzero_plus_depr,0.1,30,112,0.0,2,0.49529845,0.49737382,0.99563247,0.10101072,0.10101072,1.0,0.0020753765,0.020546101,-26.753498,2.1904352,0.7301451,0.18400002,0.0,0.14930631,2.1099987,2.1299987,361600
hardzero_plus_depr__c0p54__z1p10__lam0p020__nu0p50__psi0p75,hardzero_plus_depr,0.1,30,113,0.0,2,0.49737382,0.49959838,0.95896995,0.1099082,0.1099082,1.0,0.0022245648,0.020240208,-25.82215,2.109776,0.7032587,0.208,0.0,0.14625725,2.1299987,2.1499987,364800
hardzero_plus_depr__c0p54__z1p10__lam0p020__nu0p50__psi0p75,hardzero_plus_depr,0.1,30,114,0.0,2,0.49959838,0.50157267,1.0042893,0.09901721,0.09901721,1.0,0.0019742914,0.019938871,-26.764914,2.2094805,0.7364935,0.120000005,0.0,0.15073541,2.1499987,2.1699986,368000
hardzero_plus_depr__c0p54__z1p10__lam0p020__nu0p50__psi0p75,hardzero_plus_depr,0.1,30,115,0.0,2,0.50157267,0.5034194,1.0267833,0.094019204,0.094019204,1.0,0.0018467272,0.019642022,-28.0509,2.2589686,0.75298953,0.16800001,0.0,0.17944427,2.1699986,2.1899986,371200
hardzero_plus_depr__c0p54__z1p10__lam0p020__nu0p50__psi0p75,hardzero_plus_depr,0.1,30,116,0.0,2,0.5034194,0.5054254,0.9843415,0.1036713,0.1036713,1.0,0.0020059969,0.019349588,-26.640337,2.1655946,0.7218649,0.216,0.0,0.15213642,2.1899986,2.2099986,374400
hardzero_plus_depr__c0p54__z1p10__lam0p020__nu0p50__psi0p75,hardzero_plus_depr,0.1,30,117,0.0,2,0.5054254,0.50720286,1.0303508,0.09325007,0.09325007,1.0,0.0017774873,0.019061511,-26.53558,2.266817,0.7556057,0.11,0.0,0.17045565,2.2099986,2.2299986,377600
hardzero_plus_depr__c0p54__z1p10__lam0p020__nu0p50__psi0p75,hardzero_plus_depr,0.1,30,118,0.0,2,0.50720286,0.50922513,0.9678065,0.10769448,0.10769448,1.0,0.0020222573,0.018777724,-26.00406,2.129217,0.70973897,0.208,0.0,0.15233971,2.2299986,2.2499986,380800
hardzero_plus_depr__c0p54__z1p10__lam0p020__nu0p50__psi0p75,hardzero_plus_depr,0.1,30,119,0.0,2,0.50922513,0.5110877,0.99701256,0.10069025,0.10069025,1.0,0.0018625844,0.01849816,-27.03125,2.1934714,0.7311572,0.14400001,0.0,0.16659632,2.2499986,2.2699986,384000
hardzero_plus_depr__c0p54__z1p10__lam0p020__nu0p50__psi0p75,hardzero_plus_depr,0.1,30,120,0.0,2,0.5110877,0.5128223,1.0214332,0.09518461,0.09518461,1.0,0.0017345261,0.018222759,-27.215239,2.2471979,0.749066,0.16000001,0.0,0.17558235,2.2699986,2.2899985,387200
hardzero_plus_depr__c0p54__z1p10__lam0p020__nu0p50__psi0p75,hardzero_plus_depr,0.1,30,121,0.0,2,0.5128223,0.51451916,1.0244527,0.09452513,0.09452513,1.0,0.0016968638,0.017951457,-27.380161,2.253841,0.7512803,0.16000001,0.0,0.18264824,2.2899985,2.3099985,390400
hardzero_plus_depr__c0p54__z1p10__lam0p020__nu0p50__psi0p75,hardzero_plus_depr,0.1,30,122,0.0,2,0.51451916,0.5160297,1.0684434,0.08541941,0.08541941,1.0,0.0015105736,0.017684195,-28.910065,2.3506224,0.78354084,0.14400001,0.0,0.16411468,2.3099985,2.3299985,393600
hardzero_plus_depr__c0p54__z1p10__lam0p020__nu0p50__psi0p75,hardzero_plus_depr,0.1,30,123,0.0,2,0.5160297,0.5177651,1.0016698,0.09961626,0.09961626,1.0,0.0017354059,0.01742091,-26.670383,2.2037175,0.7345725,0.120000005,0.0,0.1457851,2.3299985,2.3499985,396800
hardzero_plus_depr__c0p54__z1p10__lam0p020__nu0p50__psi0p75,hardzero_plus_depr,0.1,30,124,0.0,2,0.5177651,0.51962364,0.9653875,0.10829601,0.10829601,1.0,0.0018585272,0.017161548,-26.024824,2.123895,0.707965,0.15200001,0.0,0.15517676,2.3499985,2.3699985,400000
hardzero_plus_depr__c0p54__z1p10__lam0p020__nu0p50__psi0p75,hardzero_plus_depr,0.1,30,125,0.0,2,0.51962364,0.521633,0.9249746,0.11885717,0.11885717,1.0,0.0020094048,0.016906047,-25.668882,2.0349848,0.6783283,0.18400002,0.0,0.15115109,2.3699985,2.3899984,403200
hardzero_plus_depr__c0p54__z1p10__lam0p020__nu0p50__psi0p75,hardzero_plus_depr,0.1,30,126,0.0,2,0.521633,0.52328104,1.0045719,0.09895281,0.09895281,1.0,0.0016479945,0.016654348,-26.549099,2.2101023,0.7367008,0.18400002,0.0,0.15766627,2.3899984,2.4099984,406400
hardzero_plus_depr__c0p54__z1p10__lam0p020__nu0p50__psi0p75,hardzero_plus_depr,0.1,30,127,0.0,2,0.52328104,0.5248927,1.0077391,0.0982338,0.0982338,1.0,0.0016116628,0.016406398,-26.788013,2.2170703,0.73902345,0.15200001,0.0,0.15150836,2.4099984,2.4299984,409600
hardzero_plus_depr__c0p54__z1p10__lam0p020__nu0p50__psi0p75,hardzero_plus_depr,0.1,30,128,0.0,2,0.5248927,0.5264333,1.0208048,0.09532246,0.09532246,1.0,0.001540615,0.01616214,-27.205671,2.2458153,0.74860513,0.18400002,0.0,0.14109705,2.4299984,2.4499984,412800
hardzero_plus_depr__c0p54__z1p10__lam0p020__nu0p50__psi0p75,hardzero_plus_depr,0.1,30,129,0.0,2,0.5264333,0.5279955,1.0082451,0.0981194,0.0981194,1.0,0.0015622097,0.015921516,-27.034878,2.2181835,0.73939455,0.17600001,0.0,0.1829006,2.4499984,2.4699984,416000
hardzero_plus_depr__c0p54__z1p10__lam0p020__nu0p50__psi0p75,hardzero_plus_depr,0.1,30,130,0.0,2,0.5279955,0.529482,1.0233048,0.0947753,0.0947753,1.0,0.0014865008,0.015684476,-26.650558,2.2513156,0.7504386,0.16,0.0,0.163091,2.4699984,2.4899983,419200
hardzero_plus_depr__c0p54__z1p10__lam0p020__nu0p50__psi0p75,hardzero_plus_depr,0.1,30,131,0.0,2,0.529482,0.5311289,0.9722952,0.106587134,0.106587134,1.0,0.001646874,0.015450965,-26.091284,2.1390922,0.71303076,0.16800001,0.0,0.16662225,2.4899983,2.5099983,422400
hardzero_plus_depr__c0p54__z1p10__lam0p020__nu0p50__psi0p75,hardzero_plus_depr,0.1,30,132,0.0,2,0.5311289,0.5326438,1.0020498,0.09952913,0.09952913,1.0,0.001514926,0.01522093,-27.161215,2.2045536,0.73485124,0.17600001,0.0,0.15401214,2.5099983,2.5299983,425600
hardzero_plus_depr__c0p54__z1p10__lam0p020__nu0p50__psi0p75,hardzero_plus_depr,0.1,30,133,0.0,2,0.5326438,0.5340058,1.0417469,0.09083499,0.09083499,1.0,0.001362009,0.01499432,-27.540546,2.291889,0.763963,0.16800001,0.0,0.16932555,2.5299983,2.5499983,428800
hardzero_plus_depr__c0p54__z1p10__lam0p020__nu0p50__psi0p75,hardzero_plus_depr,0.1,30,134,0.0,2,0.5340058,0.53543216,1.0151904,0.096562736,0.096562736,1.0,0.0014263364,0.014771084,-27.821514,2.2334633,0.74448776,0.136,0.0,0.15739845,2.5499983,2.5699983,432000
hardzero_plus_depr__c0p54__z1p10__lam0p020__nu0p50__psi0p75,hardzero_plus_depr,0.1,30,135,0.0,2,0.53543216,0.5369305,0.9872839,0.10297128,0.10297128,1.0,0.0014983527,0.014551172,-26.890335,2.1720679,0.7240226,0.16000001,0.0,0.14794594,2.5699983,2.5899982,435200
hardzero_plus_depr__c0p54__z1p10__lam0p020__nu0p50__psi0p75,hardzero_plus_depr,0.1,30,136,0.0,2,0.5369305,0.53840005,0.9891929,0.10251964,0.10251964,1.0,0.0014695711,0.014334532,-26.698483,2.1762679,0.7254226,0.256,0.0,0.1434076,2.5899982,2.6099982,438400
hardzero_plus_depr__c0p54__z1p10__lam0p020__nu0p50__psi0p75,hardzero_plus_depr,0.1,30,137,0.0,2,0.53840005,0.5398934,0.97571903,0.105750136,0.105750136,1.0,0.0014933103,0.01412112,-25.547392,2.1466248,0.7155416,0.16000001,0.0,0.14047666,2.6099982,2.6299982,441600
hardzero_plus_depr__c0p54__z1p10__lam0p020__nu0p50__psi0p75,hardzero_plus_depr,0.1,30,138,0.0,2,0.5398934,0.54104114,1.0835098,0.08250689,0.08250689,1.0,0.0011477438,0.013910884,-27.768745,2.3837693,0.79458976,0.14400001,0.0,0.18245235,2.6299982,2.6499982,444800
hardzero_plus_depr__c0p54__z1p10__lam0p020__nu0p50__psi0p75,hardzero_plus_depr,0.1,30,139,1.0,3,0.54104114,0.0024769453,0.979737,0.104776286,0.104776286,1.0,0.001435831,0.013703777,-26.284843,2.1554644,0.71848816,0.192,0.0,0.16007422,2.6499982,1.3249991,448000
hardzero_plus_depr__c0p54__z1p10__lam0p020__nu0p50__psi0p75,hardzero_plus_depr,0.1,30,140,0.0,3,0.0024769453,0.0061605847,1.002143,0.09950776,0.09950776,1.0,0.0036836395,0.037018616,-27.04203,2.2047586,0.73491955,0.14400001,0.0,0.17394795,1.3249991,1.3449991,451200
hardzero_plus_depr__c0p54__z1p10__lam0p020__nu0p50__psi0p75,hardzero_plus_depr,0.1,30,141,0.0,3,0.0061605847,0.00988658,0.9906636,0.10217306,0.10217306,1.0,0.0037259946,0.036467485,-26.56661,2.1795034,0.72650117,0.208,0.0,0.15384817,1.3449991,1.364999,454400
hardzero_plus_depr__c0p54__z1p10__lam0p020__nu0p50__psi0p75,hardzero_plus_depr,0.1,30,142,0.0,3,0.00988658,0.013018506,1.0595798,0.08718065,0.08718065,1.0,0.0031319256,0.03592455,-28.277744,2.3311222,0.7770407,0.112,0.0,0.18330875,1.364999,1.384999,457600
hardzero_plus_depr__c0p54__z1p10__lam0p020__nu0p50__psi0p75,hardzero_plus_depr,0.1,30,143,0.0,3,0.013018506,0.016847135,0.96583366,0.10818483,0.10818483,1.0,0.0038286294,0.035389706,-26.085615,2.1248765,0.7082922,0.22,0.0,0.15058246,1.384999,1.404999,460800
hardzero_plus_depr__c0p54__z1p10__lam0p020__nu0p50__psi0p75,hardzero_plus_depr,0.1,30,144,0.0,3,0.016847135,0.020338185,0.9994066,0.100136735,0.100136735,1.0,0.0034910487,0.034862816,-26.593872,2.1987383,0.7329128,0.128,0.0,0.15455365,1.404999,1.424999,464000
hardzero_plus_depr__c0p54__z1p10__lam0p020__nu0p50__psi0p75,hardzero_plus_depr,0.1,30,145,0.0,3,0.020338185,0.02397626,0.9749763,0.10593114,0.10593114,1.0,0.0036380761,0.034343783,-26.718306,2.1449907,0.71499693,0.136,0.0,0.14010407,1.424999,1.444999,467200
hardzero_plus_depr__c0p54__z1p10__lam0p020__nu0p50__psi0p75,hardzero_plus_depr,0.1,30,146,0.0,3,0.02397626,0.02754578,0.97672385,0.10550575,0.10550575,1.0,0.0035695198,0.033832468,-27.264029,2.1488354,0.7162785,0.18400002,0.0,0.15422331,1.444999,1.464999,470400
hardzero_plus_depr__c0p54__z1p10__lam0p020__nu0p50__psi0p75,hardzero_plus_depr,0.1,30,147,0.0,3,0.02754578,0.03072621,1.0203335,0.09542594,0.09542594,1.0,0.0031804293,0.03332877,-27.620277,2.2447786,0.74825954,0.16800001,0.0,0.15973635,1.464999,1.484999,473600
hardzero_plus_depr__c0p54__z1p10__lam0p020__nu0p50__psi0p75,hardzero_plus_depr,0.1,30,148,0.0,3,0.03072621,0.03399366,1.0020958,0.09951857,0.09951857,1.0,0.0032674503,0.03283257,-27.51927,2.2046547,0.7348849,0.16800001,0.0,0.1530403,1.484999,1.5049989,476800
hardzero_plus_depr__c0p54__z1p10__lam0p020__nu0p50__psi0p75,hardzero_plus_depr,0.1,30,149,0.0,3,0.03399366,0.037174184,1.0072918,0.09833503,0.09833503,1.0,0.003180524,0.032343756,-26.51901,2.2160861,0.7386954,0.16000001,0.0,0.14542118,1.5049989,1.5249989,480000
hardzero_plus_depr__c0p54__z1p10__lam0p020__nu0p50__psi0p75,hardzero_plus_depr,0.1,30,150,0.0,3,0.037174184,0.040598497,0.96870244,0.107472554,0.107472554,1.0,0.0034243143,0.03186222,-26.10678,2.131188,0.710396,0.15200001,0.0,0.16958348,1.5249989,1.5449989,483200
hardzero_plus_depr__c0p54__z1p10__lam0p020__nu0p50__psi0p75,hardzero_plus_depr,0.1,30,151,0.0,3,0.040598497,0.043758973,0.9970092,0.10069102,0.10069102,1.0,0.0031604755,0.031387858,-27.000778,2.193464,0.7311547,0.18400002,0.0,0.16575338,1.5449989,1.5649989,486400
hardzero_plus_depr__c0p54__z1p10__lam0p020__nu0p50__psi0p75,hardzero_plus_depr,0.1,30,152,0.0,3,0.043758973,0.04636372,1.0744816,0.084240004,0.084240004,1.0,0.0026047472,0.030920548,-28.912334,2.3639066,0.7879689,0.16000001,0.0,0.17878318,1.5649989,1.5849988,489600
hardzero_plus_depr__c0p54__z1p10__lam0p020__nu0p50__psi0p75,hardzero_plus_depr,0.1,30,153,0.0,3,0.04636372,0.049680915,0.96296185,0.10890257,0.10890257,1.0,0.003317195,0.030460207,-26.720392,2.1185584,0.7061862,0.23200001,0.0,0.14472175,1.5849988,1.6049988,492800
hardzero_plus_depr__c0p54__z1p10__lam0p020__nu0p50__psi0p75,hardzero_plus_depr,0.1,30,154,0.0,3,0.049680915,0.052683838,0.99967444,0.100074984,0.100074984,1.0,0.0030029211,0.03000671,-26.188404,2.1993277,0.73310924,0.16800001,0.0,0.1650767,1.6049988,1.6249988,496000
hardzero_plus_depr__c0p54__z1p10__lam0p020__nu0p50__psi0p75,hardzero_plus_depr,0.1,30,155,0.0,3,0.052683838,0.055638146,1.0002484,0.09994282,0.09994282,1.0,0.002954307,0.029559974,-26.288752,2.2005904,0.73353016,0.120000005,0.0,0.14083445,1.6249988,1.6449988,499200
hardzero_plus_depr__c0p54__z1p10__lam0p020__nu0p50__psi0p75,hardzero_plus_depr,0.1,30,156,0.0,3,0.055638146,0.0585657,0.99768466,0.10053455,0.10053455,1.0,0.002927554,0.029119879,-27.405918,2.19495,0.73165005,0.14999999,0.0,0.15373813,1.6449988,1.6649988,502400
hardzero_plus_depr__c0p54__z1p10__lam0p020__nu0p50__psi0p75,hardzero_plus_depr,0.1,30,157,0.0,3,0.0585657,0.06165395,0.9679626,0.107655786,0.107655786,1.0,0.003088251,0.028686345,-26.900036,2.1295602,0.7098534,0.216,0.008,0.16436972,1.6649988,1.6849988,505600
hardzero_plus_depr__c0p54__z1p10__lam0p020__nu0p50__psi0p75,hardzero_plus_depr,0.1,30,158,0.0,3,0.06165395,0.0649722,0.9302512,0.11742182,0.11742182,1.0,0.0033182534,0.028259257,-25.861141,2.0465934,0.6821978,0.16000001,0.0,0.1291746,1.6849988,1.7049987,508800
hardzero_plus_depr__c0p54__z1p10__lam0p020__nu0p50__psi0p75,hardzero_plus_depr,0.1,30,159,0.0,3,0.0649722,0.067621075,1.0215846,0.09515143,0.09515143,1.0,0.0026488763,0.027838534,-26.977251,2.247531,0.749177,0.2,0.0,0.18321979,1.7049987,1.7249987,512000
hardzero_plus_depr__c0p54__z1p10__lam0p020__nu0p50__psi0p75,hardzero_plus_depr,0.1,30,160,0.0,3,0.067621075,0.07047234,0.9830943,0.10396943,0.10396943,1.0,0.002851265,0.027424071,-26.577002,2.1628506,0.72095025,0.136,0.0,0.17139767,1.7249987,1.7449987,515200
hardzero_plus_depr__c0p54__z1p10__lam0p020__nu0p50__psi0p75,hardzero_plus_depr,0.1,30,161,0.0,3,0.07047234,0.07295146,1.0373204,0.09176553,0.09176553,1.0,0.0024791178,0.027015785,-27.83264,2.2821505,0.76071686,0.128,0.0,0.18369456,1.7449987,1.7649987,518400
hardzero_plus_depr__c0p54__z1p10__lam0p020__nu0p50__psi0p75,hardzero_plus_depr,0.1,30,162,0.0,3,0.07295146,0.07604151,0.93513757,0.11610808,0.11610808,1.0,0.0030900503,0.026613567,-25.468256,2.0573437,0.68578124,0.208,0.0,0.13327381,1.7649987,1.7849987,521600
hardzero_plus_depr__c0p54__z1p10__lam0p020__nu0p50__psi0p75,hardzero_plus_depr,0.1,30,163,0.0,3,0.07604151,0.078690305,0.9955404,0.10103215,0.10103215,1.0,0.0026487948,0.026217345,-26.834244,2.1902325,0.7300775,0.216,0.0,0.17531992,1.7849987,1.8049986,524800
hardzero_plus_depr__c0p54__z1p10__lam0p020__nu0p50__psi0p75,hardzero_plus_depr,0.1,30,164,0.0,3,0.078690305,0.08133711,0.98935264,0.102481924,0.102481924,1.0,0.0026468025,0.025827019,-26.350756,2.1766193,0.7255398,0.15200001,0.0,0.136653,1.8049986,1.8249986,528000
hardzero_plus_depr__c0p54__z1p10__lam0p020__nu0p50__psi0p75,hardzero_plus_depr,0.1,30,165,0.0,3,0.08133711,0.08393223,0.99140215,0.101999454,0.101999454,1.0,0.0025951217,0.025442505,-26.784372,2.1811283,0.7270428,0.14400001,0.0,0.15812626,1.8249986,1.8449986,531200
hardzero_plus_depr__c0p54__z1p10__lam0p020__nu0p50__psi0p75,hardzero_plus_depr,0.1,30,166,0.0,3,0.08393223,0.08613827,1.0554309,0.088017516,0.088017516,1.0,0.002206046,0.025063714,-29.001486,2.3219943,0.77399814,0.120000005,0.0,0.20000526,1.8449986,1.8649986,534400
hardzero_plus_depr__c0p54__z1p10__lam0p020__nu0p50__psi0p75,hardzero_plus_depr,0.1,30,167,0.0,3,0.08613827,0.088460326,1.0266584,0.09404627,0.09404627,1.0,0.0023220559,0.024690568,-27.628416,2.2586937,0.7528979,0.136,0.008,0.14331213,1.8649986,1.8849986,537600
hardzero_plus_depr__c0p54__z1p10__lam0p020__nu0p50__psi0p75,hardzero_plus_depr,0.1,30,168,0.0,3,0.088460326,0.09085812,1.0062052,0.09858136,0.09858136,1.0,0.0023977917,0.024322972,-27.74837,2.2136955,0.7378985,0.17600001,0.0,0.17555155,1.8849986,1.9049985,540800
hardzero_plus_depr__c0p54__z1p10__lam0p020__nu0p50__psi0p75,hardzero_plus_depr,0.1,30,169,0.0,3,0.09085812,0.093456775,0.9647531,0.10845435,0.10845435,1.0,0.0025986587,0.023960853,-26.827566,2.1224992,0.70749974,0.26999998,0.0,0.16861238,1.9049985,1.9249985,544000
hardzero_plus_depr__c0p54__z1p10__lam0p020__nu0p50__psi0p75,hardzero_plus_depr,0.1,30,170,0.0,3,0.093456775,0.0959858,0.97003454,0.10714342,0.10714342,1.0,0.0025290262,0.023604121,-26.192516,2.1341186,0.71137285,0.16800001,0.0,0.14834939,1.9249985,1.9449985,547200
hardzero_plus_depr__c0p54__z1p10__lam0p020__nu0p50__psi0p75,hardzero_plus_depr,0.1,30,171,0.0,3,0.0959858,0.09813411,1.0343765,0.092389695,0.092389695,1.0,0.00214831,0.023252701,-27.71601,2.2756739,0.758558,0.16000001,0.0,0.1435123,1.9449985,1.9649985,550400
hardzero_plus_depr__c0p54__z1p10__lam0p020__nu0p50__psi0p75,hardzero_plus_depr,0.1,30,172,0.0,3,0.09813411,0.10059743,0.968438,0.10753799,0.10753799,1.0,0.0024633203,0.022906512,-26.931114,2.1306062,0.7102021,0.16800001,0.0,0.14893928,1.9649985,1.9849985,553600
hardzero_plus_depr__c0p54__z1p10__lam0p020__nu0p50__psi0p75,hardzero_plus_depr,0.1,30,173,0.0,3,0.10059743,0.10328639,0.9238592,0.11916281,0.11916281,1.0,0.0026889665,0.022565484,-26.538849,2.0325308,0.67751026,0.208,0.0,0.15181245,1.9849985,2.0049984,556800
hardzero_plus_depr__c0p54__z1p10__lam0p020__nu0p50__psi0p75,hardzero_plus_depr,0.1,30,174,0.0,3,0.10328639,0.105588645,0.9847775,0.10356726,0.10356726,1.0,0.0023022508,0.022229524,-26.271927,2.1665537,0.7221846,0.18400002,0.0,0.17770714,2.0049984,2.0249984,560000
hardzero_plus_depr__c0p54__z1p10__lam0p020__nu0p50__psi0p75,hardzero_plus_depr,0.1,30,175,0.0,3,0.105588645,0.10789326,0.9778181,0.10524025,0.10524025,1.0,0.0023046113,0.021898573,-25.88705,2.1512427,0.71708095,0.16000001,0.0,0.1388476,2.0249984,2.0449984,563200
hardzero_plus_depr__c0p54__z1p10__lam0p020__nu0p50__psi0p75,hardzero_plus_depr,0.1,30,176,0.0,3,0.10789326,0.1101629,0.97794485,0.105209544,0.105209544,1.0,0.0022696375,0.021572543,-26.555035,2.1515217,0.71717393,0.192,0.0,0.17020881,2.0449984,2.0649984,566400
hardzero_plus_depr__c0p54__z1p10__lam0p020__nu0p50__psi0p75,hardzero_plus_depr,0.1,30,177,0.0,3,0.1101629,0.11240753,0.9762425,0.10562275,0.10562275,1.0,0.0022446283,0.021251371,-26.982197,2.1477764,0.71592546,0.264,0.0,0.18629296,2.0649984,2.0849984,569600
hardzero_plus_depr__c0p54__z1p10__lam0p020__nu0p50__psi0p75,hardzero_plus_depr,0.1,30,178,0.0,3,0.11240753,0.11448488,1.003363,0.09922863,0.09922863,1.0,0.002077349,0.020934977,-27.06831,2.2074428,0.7358143,0.24000001,0.0,0.16132164,2.0849984,2.1049984,572800
hardzero_plus_depr__c0p54__z1p10__lam0p020__nu0p50__psi0p75,hardzero_plus_depr,0.1,30,179,0.0,3,0.11448488,0.11637625,1.0375808,0.09171052,0.09171052,1.0,0.0018913737,0.0206233,-28.056429,2.2827234,0.7609078,0.104,0.0,0.16678546,2.1049984,2.1249983,576000
hardzero_plus_depr__c0p54__z1p10__lam0p020__nu0p50__psi0p75,hardzero_plus_depr,0.1,30,180,0.0,3,0.11637625,0.118591174,0.96248496,0.10902223,0.10902223,1.0,0.0022149237,0.020316258,-25.684313,2.1175091,0.7058364,0.16000001,0.0,0.14259855,2.1249983,2.1449983,579200
hardzero_plus_depr__c0p54__z1p10__lam0p020__nu0p50__psi0p75,hardzero_plus_depr,0.1,30,181,0.0,3,0.118591174,0.120637745,0.99030197,0.10225817,0.10225817,1.0,0.0020465737,0.02001379,-26.852932,2.1787078,0.726236,0.2,0.0,0.18076,2.1449983,2.1649983,582400
hardzero_plus_depr__c0p54__z1p10__lam0p020__nu0p50__psi0p75,hardzero_plus_depr,0.1,30,182,0.0,3,0.120637745,0.12277259,0.96544904,0.108280666,0.108280666,1.0,0.0021348423,0.019715821,-26.5132,2.1240304,0.70801014,0.22999999,0.0,0.15572849,2.1649983,2.1849983,585600
hardzero_plus_depr__c0p54__z1p10__lam0p020__nu0p50__psi0p75,hardzero_plus_depr,0.1,30,183,0.0,3,0.12277259,0.12481164,0.9788719,0.1049852,0.1049852,1.0,0.0020390532,0.019422293,-26.694614,2.153561,0.7178537,0.16000001,0.0,0.14713545,2.1849983,2.2049983,588800
hardzero_plus_depr__c0p54__z1p10__lam0p020__nu0p50__psi0p75,hardzero_plus_depr,0.1,30,184,0.0,3,0.12481164,0.12684152,0.97431743,0.10609199,0.10609199,1.0,0.002029872,0.019133132,-25.424847,2.143541,0.7145137,0.17600001,0.0,0.16681512,2.2049983,2.2249982,592000
hardzero_plus_depr__c0p54__z1p10__lam0p020__nu0p50__psi0p75,hardzero_plus_depr,0.1,30,185,0.0,3,0.12684152,0.12889458,0.9628687,0.108925946,0.108925946,1.0,0.0020530666,0.01884828,-25.960403,2.1183534,0.7061178,0.17600001,0.0,0.1565322,2.2249982,2.2449982,595200
hardzero_plus_depr__c0p54__z1p10__lam0p020__nu0p50__psi0p75,hardzero_plus_depr,0.1,30,186,0.0,3,0.12889458,0.1308654,0.9741123,0.10614211,0.10614211,1.0,0.0019708108,0.01856766,-26.077154,2.1430898,0.7143633,0.224,0.0,0.13300946,2.2449982,2.2649982,598400
hardzero_plus_depr__c0p54__z1p10__lam0p020__nu0p50__psi0p75,hardzero_plus_depr,0.1,30,187,0.0,3,0.1308654,0.13305734,0.92141306,0.11983588,0.11983588,1.0,0.0021919454,0.018291228,-25.440113,2.0271492,0.6757164,0.208,0.0,0.16164283,2.2649982,2.2849982,601600
hardzero_plus_depr__c0p54__z1p10__lam0p020__nu0p50__psi0p75,hardzero_plus_depr,0.1,30,188,0.0,3,0.13305734,0.1348751,0.99619275,0.100880496,0.100880496,1.0,0.0018177562,0.018018907,-27.299934,2.1916678,0.73055595,0.14400001,0.0,0.16816835,2.2849982,2.3049982,604800
hardzero_plus_depr__c0p54__z1p10__lam0p020__nu0p50__psi0p75,hardzero_plus_depr,0.1,30,189,0.0,3,0.1348751,0.13681011,0.9625325,0.10901028,0.10901028,1.0,0.0019350024,0.017750641,-26.99297,2.1176138,0.7058713,0.16800001,0.0,0.17084469,2.3049982,2.3249981,608000
hardzero_plus_depr__c0p54__z1p10__lam0p020__nu0p50__psi0p75,hardzero_plus_depr,0.1,30,190,0.0,3,0.13681011,0.13878886,0.9463063,0.1131602,0.1131602,1.0,0.0019787608,0.017486367,-26.302223,2.0819154,0.6939718,0.23200001,0.0,0.13503273,2.3249981,2.3449981,611200
hardzero_plus_depr__c0p54__z1p10__lam0p020__nu0p50__psi0p75,hardzero_plus_depr,0.1,30,191,0.0,3,0.13878886,0.14044629,1.0167525,0.09621605,0.09621605,1.0,0.0016574208,0.017226031,-26.3765,2.2369,0.74563336,0.16800001,0.0,0.16025303,2.3449981,2.364998,614400
hardzero_plus_depr__c0p54__z1p10__lam0p020__nu0p50__psi0p75,hardzero_plus_depr,0.1,30,192,0.0,3,0.14044629,0.14239956,0.93890613,0.115104906,0.115104906,1.0,0.0019532805,0.016969567,-25.80941,2.0656347,0.6885449,0.2,0.0,0.13958986,2.364998,2.384998,617600
hardzero_plus_depr__c0p54__z1p10__lam0p020__nu0p50__psi0p75,hardzero_plus_depr,0.1,30,193,0.0,3,0.14239956,0.1439648,1.0285788,0.09363134,0.09363134,1.0,0.0015652282,0.016716925,-27.696518,2.2629185,0.7543062,0.14400001,0.0,0.1661744,2.384998,2.404998,620800
hardzero_plus_depr__c0p54__z1p10__lam0p020__nu0p50__psi0p75,hardzero_plus_depr,0.1,30,194,0.0,3,0.1439648,0.14556831,1.0115695,0.097371206,0.097371206,1.0,0.0016035131,0.016468043,-26.891312,2.2254972,0.74183244,0.104,0.0,0.1513223,2.404998,2.424998,624000
hardzero_plus_depr__c0p54__z1p10__lam0p020__nu0p50__psi0p75,hardzero_plus_depr,0.1,30,195,0.0,3,0.14556831,0.1470948,1.026433,0.0940951,0.0940951,1.0,0.0015264923,0.016222866,-27.612846,2.2581975,0.7527325,0.099999994,0.0,0.15525448,2.424998,2.444998,627200
hardzero_plus_depr__c0p54__z1p10__lam0p020__nu0p50__psi0p75,hardzero_plus_depr,0.1,30,196,0.0,3,0.1470948,0.1485745,1.0334394,0.09258926,0.09258926,1.0,0.0014797002,0.015981337,-28.174324,2.273612,0.7578707,0.17600001,0.008,0.16790335,2.444998,2.464998,630400
hardzero_plus_depr__c0p54__z1p10__lam0p020__nu0p50__psi0p75,hardzero_plus_depr,0.1,30,197,0.0,3,0.1485745,0.15006287,1.0243882,0.094539165,0.094539165,1.0,0.0014883687,0.015743408,-27.390635,2.253699,0.75123304,0.16800001,0.0,0.16636184,2.464998,2.484998,633600
hardzero_plus_depr__c0p54__z1p10__lam0p020__nu0p50__psi0p75,hardzero_plus_depr,0.1,30,198,0.0,3,0.15006287,0.15156592,1.0136094,0.09691492,0.09691492,1.0,0.0015030552,0.015509019,-27.334833,2.2299852,0.74332845,0.17600001,0.0,0.16971432,2.484998,2.504998,636800
hardzero_plus_depr__c0p54__z1p10__lam0p020__nu0p50__psi0p75,hardzero_plus_depr,0.1,30,199,0.0,3,0.15156592,0.15325722,0.9558502,0.11070056,0.11070056,1.0,0.0016912967,0.015278122,-26.811659,2.1029124,0.7009708,0.15200001,0.0,0.15879682,2.504998,2.524998,640000
hardzero_plus_depr__c0p54__z1p10__lam0p020__nu0p50__psi0p75,hardzero_plus_depr,0.1,30,200,0.0,3,0.15325722,0.15496442,0.9452717,0.1134301,0.1134301,1.0,0.0017071975,0.015050657,-26.292345,2.0796392,0.6932131,0.18400002,0.0,0.16242132,2.524998,2.544998,643200
hardzero_plus_depr__c0p54__z1p10__lam0p020__nu0p50__psi0p75,hardzero_plus_depr,0.1,30,201,0.0,3,0.15496442,0.15644833,0.9996298,0.100085266,0.100085266,1.0,0.0014839227,0.014826586,-26.212482,2.1992295,0.7330765,0.18400002,0.0,0.14547199,2.544998,2.564998,646400
hardzero_plus_depr__c0p54__z1p10__lam0p020__nu0p50__psi0p75,hardzero_plus_depr,0.1,30,202,0.0,3,0.15644833,0.15805966,0.9573452,0.11032013,0.11032013,1.0,0.0016113187,0.014605844,-26.418026,2.1062014,0.70206714,0.16000001,0.0,0.15120342,2.564998,2.584998,649600
hardzero_plus_depr__c0p54__z1p10__lam0p020__nu0p50__psi0p75,hardzero_plus_depr,0.1,30,203,0.0,3,0.15805966,0.1595842,0.9748751,0.10595585,0.10595585,1.0,0.0015245343,0.014388393,-25.754725,2.144768,0.71492267,0.112,0.0,0.14866214,2.584998,2.6049979,652800
hardzero_plus_depr__c0p54__z1p10__lam0p020__nu0p50__psi0p75,hardzero_plus_depr,0.1,30,204,0.0,3,0.1595842,0.1610639,0.98132265,0.10439443,0.10439443,1.0,0.0014797051,0.014174177,-25.598763,2.158953,0.719651,0.15200001,0.0,0.13702118,2.6049979,2.6249979,656000
hardzero_plus_depr__c0p54__z1p10__lam0p020__nu0p50__psi0p75,hardzero_plus_depr,0.1,30,205,0.0,3,0.1610639,0.16247961,0.99400896,0.10138904,0.10138904,1.0,0.0014157105,0.013963151,-26.839022,2.1868634,0.7289545,0.120000005,0.0,0.12504624,2.6249979,2.6449978,659200
hardzero_plus_depr__c0p54__z1p10__lam0p020__nu0p50__psi0p75,hardzero_plus_depr,0.1,30,206,0.0,3,0.16247961,0.16417317,0.9096675,0.1231211,0.1231211,1.0,0.0016935635,0.013755267,-25.724236,2.0013084,0.6671028,0.256,0.0,0.16163236,2.6449978,2.6649978,662400
hardzero_plus_depr__c0p54__z1p10__lam0p020__nu0p50__psi0p75,hardzero_plus_depr,0.1,30,207,0.0,3,0.16417317,0.16577159,0.9282658,0.117959835,0.117959835,1.0,0.0015984124,0.01355048,-26.10089,2.0422256,0.6807419,0.2,0.0,0.14641106,2.6649978,2.6849978,665600
hardzero_plus_depr__c0p54__z1p10__lam0p020__nu0p50__psi0p75,hardzero_plus_depr,0.1,30,208,0.0,3,0.16577159,0.16698441,1.0416422,0.090856865,0.090856865,1.0,0.0012128243,0.013348736,-27.771654,2.2916586,0.7638862,0.22,0.0,0.17052661,2.6849978,2.7049978,668800
hardzero_plus_depr__c0p54__z1p10__lam0p020__nu0p50__psi0p75,hardzero_plus_depr,0.1,30,209,0.0,3,0.16698441,0.16824499,1.0183547,0.09586173,0.09586173,1.0,0.001260582,0.013150002,-28.19886,2.2404249,0.7468083,0.192,0.0,0.18500014,2.7049978,2.7249978,672000
hardzero_plus_depr__c0p54__z1p10__lam0p020__nu0p50__psi0p75,hardzero_plus_depr,0.1,30,210,0.0,3,0.16824499,0.16941315,1.0449084,0.09017613,0.09017613,1.0,0.0011681616,0.012954222,-27.864786,2.2988443,0.7662815,0.16800001,0.0,0.16932642,2.7249978,2.7449977,675200
hardzero_plus_depr__c0p54__z1p10__lam0p020__nu0p50__psi0p75,hardzero_plus_depr,0.1,30,211,0.0,3,0.16941315,0.17065236,1.0127516,0.09710654,0.09710654,1.0,0.0012392116,0.012761362,-27.388132,2.228098,0.7426993,0.14400001,0.0,0.15361679,2.7449977,2.7649977,678400
hardzero_plus_depr__c0p54__z1p10__lam0p020__nu0p50__psi0p75,hardzero_plus_depr,0.1,30,212,0.0,3,0.17065236,0.17186262,1.016505,0.0962709,0.0962709,1.0,0.001210257,0.012571369,-26.982462,2.2363558,0.7454519,0.136,0.0,0.16618952,2.7649977,2.7849977,681600
hardzero_plus_depr__c0p54__z1p10__lam0p020__nu0p50__psi0p75,hardzero_plus_depr,0.1,30,213,0.0,3,0.17186262,0.17322928,0.9572083,0.110354915,0.110354915,1.0,0.001366658,0.012384206,-26.13129,2.1059003,0.70196676,0.128,0.0,0.14378399,2.7849977,2.8049977,684800
hardzero_plus_depr__c0p54__z1p10__lam0p020__nu0p50__psi0p75,hardzero_plus_depr,0.1,30,214,0.0,3,0.17322928,0.17437457,1.0274413,0.09387689,0.09387689,1.0,0.001145282,0.012199828,-27.716156,2.2604158,0.753472,0.120000005,0.0,0.15211825,2.8049977,2.8249977,688000
hardzero_plus_depr__c0p54__z1p10__lam0p020__nu0p50__psi0p75,hardzero_plus_depr,0.1,30,215,0.0,3,0.17437457,0.17565072,0.9739377,0.10618479,0.10618479,1.0,0.0012761499,0.012018199,-26.192595,2.1427057,0.71423525,0.14400001,0.0,0.12972414,2.8249977,2.8449976,691200
hardzero_plus_depr__c0p54__z1p10__lam0p020__nu0p50__psi0p75,hardzero_plus_depr,0.1,30,216,0.0,3,0.17565072,0.17696038,0.9561648,0.11062039,0.11062039,1.0,0.0013096645,0.011839269,-25.894037,2.1036046,0.70120156,0.224,0.0,0.14579909,2.8449976,2.8649976,694400
hardzero_plus_depr__c0p54__z1p10__lam0p020__nu0p50__psi0p75,hardzero_plus_depr,0.1,30,217,0.0,3,0.17696038,0.17808156,1.0171347,0.09613142,0.09613142,1.0,0.0011211815,0.011663008,-27.55781,2.237741,0.7459137,0.192,0.0,0.1708093,2.8649976,2.8849976,697600
hardzero_plus_depr__c0p54__z1p10__lam0p020__nu0p50__psi0p75,hardzero_plus_depr,0.1,30,218,0.0,3,0.17808156,0.17920211,1.0108656,0.097529136,0.097529136,1.0,0.001120548,0.011489366,-27.325104,2.2239487,0.74131626,0.16000001,0.0,0.16383044,2.8849976,2.9049976,700800
hardzero_plus_depr__c0p54__z1p10__lam0p020__nu0p50__psi0p75,hardzero_plus_depr,0.1,30,219,0.0,3,0.17920211,0.1804107,0.9715023,0.10678189,0.10678189,1.0,0.0012085909,0.011318314,-25.595451,2.1373477,0.71244925,0.15200001,0.0,0.14235595,2.9049976,2.9249976,704000
hardzero_plus_depr__c0p54__z1p10__lam0p020__nu0p50__psi0p75,hardzero_plus_depr,0.1,30,220,0.0,3,0.1804107,0.18157612,0.9807822,0.10452441,0.10452441,1.0,0.0011654268,0.011149805,-26.107342,2.157764,0.7192547,0.16000001,0.0,0.17312208,2.9249976,2.9449975,707200
hardzero_plus_depr__c0p54__z1p10__lam0p020__nu0p50__psi0p75,hardzero_plus_depr,0.1,30,221,0.0,3,0.18157612,0.18280038,0.9528761,0.11146126,0.11146126,1.0,0.0012242689,0.010983807,-26.108696,2.0963693,0.6987898,0.13,0.0,0.17813309,2.9449975,2.9649975,710400
hardzero_plus_depr__c0p54__z1p10__lam0p020__nu0p50__psi0p75,hardzero_plus_depr,0.1,30,222,0.0,3,0.18280038,0.18377475,1.0455106,0.09005117,0.09005117,1.0,0.0009743787,0.010820279,-27.338087,2.3001695,0.76672316,0.15200001,0.0,0.14919513,2.9649975,2.9849975,713600
hardzero_plus_depr__c0p54__z1p10__lam0p020__nu0p50__psi0p75,hardzero_plus_depr,0.1,30,223,0.0,3,0.18377475,0.18485524,0.99410415,0.10136684,0.10136684,1.0,0.0010804881,0.010659187,-26.991377,2.1870728,0.7290243,0.16000001,0.0,0.17108446,2.9849975,3.0049975,716800
hardzero_plus_depr__c0p54__z1p10__lam0p020__nu0p50__psi0p75,hardzero_plus_depr,0.1,30,224,0.0,3,0.18485524,0.18582912,1.032704,0.09274617,0.09274617,1.0,0.0009738803,0.010500491,-28.11239,2.271994,0.7573314,0.18400002,0.0,0.18323047,3.0049975,3.0249975,720000
hardzero_plus_depr__c0p54__z1p10__lam0p020__nu0p50__psi0p75,hardzero_plus_depr,0.1,30,225,0.0,3,0.18582912,0.18689156,0.98839325,0.10270858,0.10270858,1.0,0.001062434,0.010344161,-26.547455,2.1745086,0.72483623,0.16800001,0.0,0.14998777,3.0249975,3.0449975,723200
hardzero_plus_depr__c0p54__z1p10__lam0p020__nu0p50__psi0p75,hardzero_plus_depr,0.1,30,226,0.0,3,0.18689156,0.18785004,1.0265932,0.0940604,0.0940604,1.0,0.00095849,0.010190154,-27.342102,2.2585502,0.75285006,0.16800001,0.0,0.17741412,3.0449975,3.0649974,726400
hardzero_plus_depr__c0p54__z1p10__lam0p020__nu0p50__psi0p75,hardzero_plus_depr,0.1,30,227,0.0,3,0.18785004,0.18890156,0.9798488,0.104749314,0.104749314,1.0,0.0010515202,0.010038445,-26.35813,2.1557105,0.7185702,0.2,0.0,0.15384267,3.0649974,3.0849974,729600
hardzero_plus_depr__c0p54__z1p10__lam0p020__nu0p50__psi0p75,hardzero_plus_depr,0.1,30,228,0.0,3,0.18890156,0.18998034,0.9622165,0.10908963,0.10908963,1.0,0.0010787863,0.009888991,-26.080423,2.1169186,0.70563954,0.16800001,0.0,0.143102,3.0849974,3.1049974,732800
hardzero_plus_depr__c0p54__z1p10__lam0p020__nu0p50__psi0p75,hardzero_plus_depr,0.1,30,229,0.0,3,0.18998034,0.19094272,1.0052925,0.09878874,0.09878874,1.0,0.00096237654,0.009741764,-27.102499,2.2116878,0.7372293,0.120000005,0.0,0.16549674,3.1049974,3.1249974,736000
hardzero_plus_depr__c0p54__z1p10__lam0p020__nu0p50__psi0p75,hardzero_plus_depr,0.1,30,230,0.0,3,0.19094272,0.19189437,1.0036453,0.09916415,0.09916415,1.0,0.00095165125,0.009596727,-27.140987,2.2080638,0.7360213,0.192,0.0,0.14874274,3.1249974,3.1449974,739200
hardzero_plus_depr__c0p54__z1p10__lam0p020__nu0p50__psi0p75,hardzero_plus_depr,0.1,30,231,0.0,3,0.19189437,0.19291842,0.965285,0.10832157,0.10832157,1.0,0.0010240561,0.009453852,-26.485243,2.1236694,0.7078898,0.2,0.0,0.15291332,3.1449974,3.1649973,742400
hardzero_plus_depr__c0p54__z1p10__lam0p020__nu0p50__psi0p75,hardzero_plus_depr,0.1,30,232,0.0,3,0.19291842,0.19399579,0.93672997,0.11568314,0.11568314,1.0,0.0010773687,0.009313101,-26.002443,2.060847,0.686949,0.23200001,0.008,0.14441122,3.1649973,3.1849973,745600
hardzero_plus_depr__c0p54__z1p10__lam0p020__nu0p50__psi0p75,hardzero_plus_depr,0.1,30,233,0.0,3,0.19399579,0.19485313,1.0294312,0.09344773,0.09344773,1.0,0.0008573314,0.009174448,-28.232132,2.2647939,0.75493133,0.15200001,0.0,0.17779478,3.1849973,3.2049973,748800
hardzero_plus_depr__c0p54__z1p10__lam0p020__nu0p50__psi0p75,hardzero_plus_depr,0.1,30,234,0.0,3,0.19485313,0.19575602,1.0004305,0.09990094,0.09990094,1.0,0.0009028906,0.009037859,-26.566782,2.200991,0.7336637,0.089999996,0.0,0.16142087,3.2049973,3.2249973,752000
hardzero_plus_depr__c0p54__z1p10__lam0p020__nu0p50__psi0p75,hardzero_plus_depr,0.1,30,235,0.0,3,0.19575602,0.196595,1.0258,0.094232336,0.094232336,1.0,0.00083897903,0.008903303,-27.103159,2.256805,0.7522683,0.112,0.0,0.13435413,3.2249973,3.2449973,755200
hardzero_plus_depr__c0p54__z1p10__lam0p020__nu0p50__psi0p75,hardzero_plus_depr,0.1,30,236,0.0,3,0.196595,0.19756964,0.9541943,0.11112345,0.11112345,1.0,0.0009746359,0.008770749,-26.935684,2.0992694,0.6997565,0.15200001,0.0,0.16427025,3.2449973,3.2649972,758400
hardzero_plus_depr__c0p54__z1p10__lam0p020__nu0p50__psi0p75,hardzero_plus_depr,0.1,30,237,0.0,3,0.19756964,0.19844824,0.9927315,0.10168771,0.10168771,1.0,0.00087859906,0.00864017,-27.055609,2.184053,0.7280177,0.18400002,0.0,0.1522847,3.2649972,3.2849972,761600
hardzero_plus_depr__c0p54__z1p10__lam0p020__nu0p50__psi0p75,hardzero_plus_depr,0.1,30,238,0.0,3,0.19844824,0.19929868,1.0003612,0.09991687,0.09991687,1.0,0.0008504459,0.008511535,-27.175213,2.2008386,0.7336129,0.15200001,0.0,0.16746692,3.2849972,3.3049972,764800
hardzero_plus_depr__c0p54__z1p10__lam0p020__nu0p50__psi0p75,hardzero_plus_depr,0.1,30,239,0.0,3,0.19929868,0.20015906,0.98880345,0.102611616,0.102611616,1.0,0.0008603795,0.008384815,-26.645096,2.175411,0.725137,0.2,0.0,0.15960753,3.3049972,3.3249972,768000
hardzero_plus_depr__c0p54__z1p10__lam0p020__nu0p50__psi0p75,hardzero_plus_depr,0.1,30,240,0.0,3,0.20015906,0.20102766,0.9781548,0.10515872,0.10515872,1.0,0.000868609,0.008259981,-26.796103,2.1519835,0.71732783,0.16800001,0.0,0.15649195,3.3249972,3.3449972,771200
hardzero_plus_depr__c0p54__z1p10__lam0p020__nu0p50__psi0p75,hardzero_plus_depr,0.1,30,241,0.0,3,0.20102766,0.20198657,0.92869073,0.11784449,0.11784449,1.0,0.00095890136,0.008137006,-25.412912,2.0431604,0.6810535,0.18400002,0.0,0.14639944,3.3449972,3.3649971,774400
hardzero_plus_depr__c0p54__z1p10__lam0p020__nu0p50__psi0p75,hardzero_plus_depr,0.1,30,242,0.0,3,0.20198657,0.20272966,1.0329076,0.0927027,0.0927027,1.0,0.00074309204,0.008015862,-27.425278,2.272442,0.75748074,0.136,0.0,0.16679354,3.3649971,3.3849971,777600
hardzero_plus_depr__c0p54__z1p10__lam0p020__nu0p50__psi0p75,hardzero_plus_depr,0.1,30,243,0.0,3,0.20272966,0.20345545,1.036627,0.09191214,0.09191214,1.0,0.00072578626,0.007896522,-27.169538,2.280625,0.76020837,0.136,0.0,0.16879086,3.3849971,3.404997,780800
hardzero_plus_depr__c0p54__z1p10__lam0p020__nu0p50__psi0p75,hardzero_plus_depr,0.1,30,244,0.0,3,0.20345545,0.20419812,1.0201218,0.09547248,0.09547248,1.0,0.0007426763,0.0077789575,-26.513859,2.2443128,0.7481043,0.096,0.0,0.16428371,3.404997,3.424997,784000
hardzero_plus_depr__c0p54__z1p10__lam0p020__nu0p50__psi0p75,hardzero_plus_depr,0.1,30,245,0.0,3,0.20419812,0.20490041,1.0378891,0.09164545,0.09164545,1.0,0.00070229237,0.007663145,-26.8024,2.2834017,0.7611339,0.120000005,0.0,0.15528297,3.424997,3.444997,787200
hardzero_plus_depr__c0p54__z1p10__lam0p020__nu0p50__psi0p75,hardzero_plus_depr,0.1,30,246,0.0,3,0.20490041,0.20567909,0.98653275,0.10314952,0.10314952,1.0,0.0007786813,0.0075490545,-26.932558,2.1704154,0.7234718,0.136,0.0,0.14765579,3.444997,3.464997,790400
hardzero_plus_depr__c0p54__z1p10__lam0p020__nu0p50__psi0p75,hardzero_plus_depr,0.1,30,247,0.0,3,0.20567909,0.20640983,1.0076152,0.09826181,0.09826181,1.0,0.0007307402,0.0074366652,-26.803335,2.2167978,0.7389326,0.17,0.0,0.13912332,3.464997,3.484997,793600
hardzero_plus_depr__c0p54__z1p10__lam0p020__nu0p50__psi0p75,hardzero_plus_depr,0.1,30,248,0.0,3,0.20640983,0.20710051,1.0255874,0.09427848,0.09427848,1.0,0.000690679,0.007325946,-27.677752,2.2563374,0.7521125,0.18400002,0.0,0.17944936,3.484997,3.504997,796800
hardzero_plus_depr__c0p54__z1p10__lam0p020__nu0p50__psi0p75,hardzero_plus_depr,0.1,30,249,0.0,3,0.20710051,0.20786226,0.97653604,0.10555139,0.10555139,1.0,0.00076175155,0.0072168782,-26.281158,2.1484222,0.71614075,0.136,0.0,0.13577467,3.504997,3.524997,800000
hardzero_plus_depr__c0p54__z1p10__lam0p020__nu0p50__psi0p75,hardzero_plus_depr,0.1,30,250,0.0,3,0.20786226,0.20855421,1.01176,0.09732849,0.09732849,1.0,0.0006919504,0.007109433,-26.218832,2.2259164,0.74197215,0.136,0.0,0.1640389,3.524997,3.544997,803200
hardzero_plus_depr__c0p54__z1p10__lam0p020__nu0p50__psi0p75,hardzero_plus_depr,0.1,30,251,0.0,3,0.20855421,0.20925713,0.9984191,0.10036468,0.10036468,1.0,0.0007029128,0.0070035877,-26.777014,2.1965659,0.73218864,0.15200001,0.0,0.16796015,3.544997,3.564997,806400
hardzero_plus_depr__c0p54__z1p10__lam0p020__nu0p50__psi0p75,hardzero_plus_depr,0.1,30,252,0.0,3,0.20925713,0.20990527,1.0271348,0.09394316,0.09394316,1.0,0.00064814364,0.0068993173,-28.21425,2.2597415,0.7532472,0.16800001,0.0,0.18274665,3.564997,3.584997,809600
hardzero_plus_depr__c0p54__z1p10__lam0p020__nu0p50__psi0p75,hardzero_plus_depr,0.1,30,253,0.0,3,0.20990527,0.21064676,0.9621814,0.10909844,0.10909844,1.0,0.00074149854,0.0067966008,-25.557524,2.1168413,0.7056138,0.224,0.0,0.15234105,3.584997,3.604997,812800
hardzero_plus_depr__c0p54__z1p10__lam0p020__nu0p50__psi0p75,hardzero_plus_depr,0.1,30,254,0.0,3,0.21064676,0.21135563,0.9752159,0.10587271,0.10587271,1.0,0.0007088614,0.0066954116,-25.909035,2.1455178,0.71517265,0.216,0.0,0.15469252,3.604997,3.624997,816000
hardzero_plus_depr__c0p54__z1p10__lam0p020__nu0p50__psi0p75,hardzero_plus_depr,0.1,30,255,0.0,3,0.21135563,0.21205091,0.977096,0.10541538,0.10541538,1.0,0.0006952915,0.006595731,-26.41786,2.1496542,0.7165514,0.208,0.008,0.17250831,3.624997,3.644997,819200
hardzero_plus_depr__c0p54__z1p10__lam0p020__nu0p50__psi0p75,hardzero_plus_depr,0.1,30,256,0.0,3,0.21205091,0.2126965,1.0028,0.09935734,0.09935734,1.0,0.0006455775,0.006497532,-27.215326,2.206204,0.73540133,0.18400002,0.0,0.1584408,3.644997,3.6649969,822400
hardzero_plus_depr__c0p54__z1p10__lam0p020__nu0p50__psi0p75,hardzero_plus_depr,0.1,30,257,0.0,3,0.2126965,0.2133241,1.0085433,0.09805205,0.09805205,1.0,0.0006276113,0.0064007975,-26.840824,2.2188394,0.7396132,0.17600001,0.0,0.1554391,3.6649969,3.6849968,825600
hardzero_plus_depr__c0p54__z1p10__lam0p020__nu0p50__psi0p75,hardzero_plus_depr,0.1,30,258,0.0,3,0.2133241,0.21390511,1.0355358,0.09214338,0.09214338,1.0,0.00058101024,0.006305502,-27.578056,2.2782242,0.7594081,0.18400002,0.0,0.15584336,3.6849968,3.7049968,828800
hardzero_plus_depr__c0p54__z1p10__lam0p020__nu0p50__psi0p75,hardzero_plus_depr,0.1,30,259,0.0,3,0.21390511,0.21457337,0.9682655,0.107580744,0.107580744,1.0,0.0006682513,0.0062116254,-26.317099,2.1302266,0.71007556,0.18400002,0.0,0.16687056,3.7049968,3.7249968,832000
hardzero_plus_depr__c0p54__z1p10__lam0p020__nu0p50__psi0p75,hardzero_plus_depr,0.1,30,260,0.0,3,0.21457337,0.21517393,1.0081371,0.0981438,0.0981438,1.0,0.00060055626,0.006119146,-26.664257,2.217946,0.7393154,0.14,0.0,0.15935497,3.7249968,3.7449968,835200
hardzero_plus_depr__c0p54__z1p10__lam0p020__nu0p50__psi0p75,hardzero_plus_depr,0.1,30,261,0.0,3,0.21517393,0.2157977,0.98514205,0.10348036,0.10348036,1.0,0.0006237842,0.0060280445,-26.771587,2.1673558,0.7224519,0.208,0.0,0.16391492,3.7449968,3.7649968,838400
hardzero_plus_depr__c0p54__z1p10__lam0p020__nu0p50__psi0p75,hardzero_plus_depr,0.1,30,262,0.0,3,0.2157977,0.21643296,0.9707134,0.10697607,0.10697607,1.0,0.00063525577,0.005938298,-26.377678,2.135612,0.7118707,0.14400001,0.0,0.14089425,3.7649968,3.7849967,841600
hardzero_plus_depr__c0p54__z1p10__lam0p020__nu0p50__psi0p75,hardzero_plus_depr,0.1,30,263,0.0,3,0.21643296,0.2170762,0.95877737,0.10995694,0.10995694,1.0,0.0006432359,0.005849889,-25.718721,2.1093524,0.7031175,0.14400001,0.0,0.13907248,3.7849967,3.8049967,844800
hardzero_plus_depr__c0p54__z1p10__lam0p020__nu0p50__psi0p75,hardzero_plus_depr,0.1,30,264,0.0,3,0.2170762,0.2177358,0.9413517,0.11445855,0.11445855,1.0,0.0006596011,0.0057627945,-26.384064,2.0710151,0.6903384,0.224,0.0,0.13524176,3.8049967,3.8249967,848000
hardzero_plus_depr__c0p54__z1p10__lam0p020__nu0p50__psi0p75,hardzero_plus_depr,0.1,30,265,0.0,3,0.2177358,0.21828133,1.0172979,0.0960953,0.0960953,1.0,0.00054553297,0.005676999,-27.332254,2.2381,0.7460334,0.192,0.0,0.16388164,3.8249967,3.8449967,851200
hardzero_plus_depr__c0p54__z1p10__lam0p020__nu0p50__psi0p75,hardzero_plus_depr,0.1,30,266,0.0,3,0.21828133,0.21884602,0.99578905,0.100974314,0.100974314,1.0,0.0005646968,0.0055924794,-26.280502,2.1907797,0.7302599,0.136,0.0,0.15817952,3.8449967,3.8649967,854400
hardzero_plus_depr__c0p54__z1p10__lam0p020__nu0p50__psi0p75,hardzero_plus_depr,0.1,30,267,0.0,3,0.21884602,0.2194306,0.97425085,0.10610826,0.10610826,1.0,0.0005845736,0.005509218,-27.057297,2.1433947,0.7144649,0.17600001,0.0,0.14911963,3.8649967,3.8849967,857600
hardzero_plus_depr__c0p54__z1p10__lam0p020__nu0p50__psi0p75,hardzero_plus_depr,0.1,30,268,0.0,3,0.2194306,0.22002771,0.95851773,0.11002269,0.11002269,1.0,0.0005971147,0.005427196,-26.160385,2.108781,0.70292705,0.15200001,0.0,0.14927633,3.8849967,3.9049966,860800
hardzero_plus_depr__c0p54__z1p10__lam0p020__nu0p50__psi0p75,hardzero_plus_depr,0.1,30,269,0.0,3,0.22002771,0.22061688,0.9578259,0.1101981,0.1101981,1.0,0.00058916275,0.0053463965,-26.049978,2.107259,0.7024197,0.16800001,0.0,0.13444962,3.9049966,3.9249966,864000
hardzero_plus_depr__c0p54__z1p10__lam0p020__nu0p50__psi0p75,hardzero_plus_depr,0.1,30,270,0.0,3,0.22061688,0.22111887,1.020857,0.09531101,0.09531101,1.0,0.00050198386,0.005266798,-27.641266,2.2459302,0.7486434,0.14400001,0.0,0.16037454,3.9249966,3.9449966,867200
hardzero_plus_depr__c0p54__z1p10__lam0p020__nu0p50__psi0p75,hardzero_plus_depr,0.1,30,271,0.0,3,0.22111887,0.22164677,0.9924797,0.10174669,0.10174669,1.0,0.0005279012,0.005188387,-26.500565,2.1834989,0.727833,0.14400001,0.0,0.1424246,3.9449966,3.9649966,870400
hardzero_plus_depr__c0p54__z1p10__lam0p020__nu0p50__psi0p75,hardzero_plus_depr,0.1,30,272,0.0,3,0.22164677,0.22213052,1.0239012,0.09464523,0.09464523,1.0,0.0004837451,0.0051111407,-27.112318,2.2526276,0.7508759,0.16800001,0.0,0.16608393,3.9649966,3.9849966,873600
hardzero_plus_depr__c0p54__z1p10__lam0p020__nu0p50__psi0p75,hardzero_plus_depr,0.1,30,273,0.0,3,0.22213052,0.22265889,0.9790661,0.104938254,0.104938254,1.0,0.00052836904,0.005035047,-25.948391,2.1539884,0.7179961,0.16,0.0,0.15359865,3.9849966,4.004997,876800
hardzero_plus_depr__c0p54__z1p10__lam0p020__nu0p50__psi0p75,hardzero_plus_depr,0.1,30,274,0.0,3,0.22265889,0.22319037,0.97000676,0.107150264,0.107150264,1.0,0.00053147436,0.0049600843,-25.872133,2.1340575,0.7113525,0.18400002,0.0,0.15853228,4.004997,4.0249968,880000
hardzero_plus_depr__c0p54__z1p10__lam0p020__nu0p50__psi0p75,hardzero_plus_depr,0.1,30,275,0.0,3,0.22319037,0.22368972,0.99056923,0.10219526,0.10219526,1.0,0.0004993503,0.0048862374,-27.406439,2.1792958,0.72643197,0.208,0.0,0.1716202,4.0249968,4.0449967,883200
hardzero_plus_depr__c0p54__z1p10__lam0p020__nu0p50__psi0p75,hardzero_plus_depr,0.1,30,276,0.0,3,0.22368972,0.22411793,1.050792,0.08896271,0.08896271,1.0,0.00042822116,0.0048134904,-28.39345,2.3117886,0.7705962,0.104,0.0,0.18427455,4.0449967,4.0649967,886400
hardzero_plus_depr__c0p54__z1p10__lam0p020__nu0p50__psi0p75,hardzero_plus_depr,0.1,30,277,0.0,3,0.22411793,0.22454862,1.0417848,0.09082706,0.09082706,1.0,0.0004306863,0.004741828,-27.38887,2.2919722,0.76399076,0.15200001,0.0,0.16556299,4.0649967,4.0849967,889600
hardzero_plus_depr__c0p54__z1p10__lam0p020__nu0p50__psi0p75,hardzero_plus_depr,0.1,30,278,0.0,3,0.22454862,0.2249901,1.0245273,0.0945089,0.0945089,1.0,0.00044147298,0.004671232,-27.639708,2.2540052,0.7513351,0.17600001,0.0,0.16097763,4.0849967,4.1049967,892800
hardzero_plus_depr__c0p54__z1p10__lam0p020__nu0p50__psi0p75,hardzero_plus_depr,0.1,30,279,0.0,3,0.2249901,0.22541822,1.0313493,0.09303594,0.09303594,1.0,0.00042812215,0.004601686,-27.67447,2.2690136,0.7563379,0.16800001,0.0,0.1593435,4.1049967,4.1249967,896000
hardzero_plus_depr__c0p54__z1p10__lam0p020__nu0p50__psi0p75,hardzero_plus_depr,0.1,30,280,0.0,3,0.22541822,0.22591485,0.96036935,0.10955461,0.10955461,1.0,0.0004966302,0.004533175,-25.397083,2.1128547,0.7042849,0.2,0.0,0.15327209,4.1249967,4.1449966,899200
hardzero_plus_depr__c0p54__z1p10__lam0p020__nu0p50__psi0p75,hardzero_plus_depr,0.1,30,281,0.0,3,0.22591485,0.22636147,0.9999586,0.10000954,0.10000954,1.0,0.00044661117,0.0044656857,-26.58249,2.1999528,0.7333176,0.136,0.0,0.14893654,4.1449966,4.1649966,902400
hardzero_plus_depr__c0p54__z1p10__lam0p020__nu0p50__psi0p75,hardzero_plus_depr,0.1,30,282,0.0,3,0.22636147,0.22680828,0.9932544,0.101565346,0.101565346,1.0,0.00044680637,0.004399201,-26.635965,2.1852033,0.7284011,0.18400002,0.0,0.18038185,4.1649966,4.1849966,905600
hardzero_plus_depr__c0p54__z1p10__lam0p020__nu0p50__psi0p75,hardzero_plus_depr,0.1,30,283,0.0,3,0.22680828,0.22726908,0.97334284,0.10633033,0.10633033,1.0,0.00046080418,0.0043337042,-25.987495,2.141397,0.713799,0.17600001,0.0,0.14125921,4.1849966,4.2049966,908800
hardzero_plus_depr__c0p54__z1p10__lam0p020__nu0p50__psi0p75,hardzero_plus_depr,0.1,30,284,0.0,3,0.22726908,0.22770773,0.98823136,0.10274686,0.10274686,1.0,0.00043864525,0.004269184,-26.178904,2.1741524,0.7247175,0.17600001,0.0,0.1437823,4.2049966,4.2249966,912000
hardzero_plus_depr__c0p54__z1p10__lam0p020__nu0p50__psi0p75,hardzero_plus_depr,0.1,30,285,0.0,3,0.22770773,0.22816417,0.9644446,0.10853139,0.10853139,1.0,0.00045644236,0.004205625,-26.029037,2.1218204,0.7072735,0.17600001,0.0,0.14805128,4.2249966,4.2449965,915200
hardzero_plus_depr__c0p54__z1p10__lam0p020__nu0p50__psi0p75,hardzero_plus_depr,0.1,30,286,0.0,3,0.22816417,0.22858539,0.99279815,0.10167212,0.10167212,1.0,0.00042122873,0.0041430113,-26.406761,2.1841996,0.72806656,0.14,0.0,0.13954733,4.2449965,4.2649965,918400
hardzero_plus_depr__c0p54__z1p10__lam0p020__nu0p50__psi0p75,hardzero_plus_depr,0.1,30,287,0.0,3,0.22858539,0.22905797,0.9363319,0.115789205,0.115789205,1.0,0.00047257394,0.00408133,-26.13809,2.0599713,0.68665713,0.28800002,0.0,0.14195287,4.2649965,4.2849965,921600
hardzero_plus_depr__c0p54__z1p10__lam0p020__nu0p50__psi0p75,hardzero_plus_depr,0.1,30,288,0.0,3,0.22905797,0.22940823,1.059897,0.08711703,0.08711703,1.0,0.00035025974,0.0040205657,-27.45697,2.3318198,0.7772733,0.112,0.0,0.18744002,4.2849965,4.3049965,924800
hardzero_plus_depr__c0p54__z1p10__lam0p020__nu0p50__psi0p75,hardzero_plus_depr,0.1,30,289,0.0,3,0.22940823,0.22987136,0.93206626,0.11693211,0.11693211,1.0,0.00046313397,0.003960708,-26.4823,2.0505867,0.6835289,0.15200001,0.0,0.15554467,4.3049965,4.3249965,928000
hardzero_plus_depr__c0p54__z1p10__lam0p020__nu0p50__psi0p75,hardzero_plus_depr,0.1,30,290,0.0,3,0.22987136,0.23023845,1.0264798,0.094084956,0.094084956,1.0,0.00036709514,0.0039017412,-27.606169,2.2583008,0.75276697,0.14400001,0.0,0.14052308,4.3249965,4.3449965,931200
hardzero_plus_depr__c0p54__z1p10__lam0p020__nu0p50__psi0p75,hardzero_plus_depr,0.1,30,291,0.0,3,0.23023845,0.23056427,1.0717721,0.084767215,0.084767215,1.0,0.00032581564,0.0038436514,-27.810808,2.3579457,0.7859819,0.16800001,0.0,0.17251927,4.3449965,4.3649964,934400
hardzero_plus_depr__c0p54__z1p10__lam0p020__nu0p50__psi0p75,hardzero_plus_depr,0.1,30,292,0.0,3,0.23056427,0.23100348,0.9355564,0.11599617,0.11599617,1.0,0.000439211,0.0037864267,-26.667603,2.0582652,0.68608844,0.23200001,0.0,0.15433861,4.3649964,4.3849964,937600
hardzero_plus_depr__c0p54__z1p10__lam0p020__nu0p50__psi0p75,hardzero_plus_depr,0.1,30,293,0.0,3,0.23100348,0.23136477,1.0138532,0.096860506,0.096860506,1.0,0.00036129498,0.0037300547,-27.662813,2.2305214,0.74350715,0.24000001,0.0,0.17692137,4.3849964,4.4049964,940800
hardzero_plus_depr__c0p54__z1p10__lam0p020__nu0p50__psi0p75,hardzero_plus_depr,0.1,30,294,0.0,3,0.23136477,0.2317471,0.98275983,0.10404953,0.10404953,1.0,0.00038233228,0.0036745218,-26.571375,2.1621149,0.720705,0.192,0.0,0.18191276,4.4049964,4.4249964,944000
hardzero_plus_depr__c0p54__z1p10__lam0p020__nu0p50__psi0p75,hardzero_plus_depr,0.1,30,295,0.0,3,0.2317471,0.23208117,1.0348511,0.09228877,0.09228877,1.0,0.00033406826,0.003619815,-26.99867,2.276718,0.758906,0.128,0.0,0.1895746,4.4249964,4.4449964,947200
hardzero_plus_depr__c0p54__z1p10__lam0p020__nu0p50__psi0p75,hardzero_plus_depr,0.1,30,296,0.0,3,0.23208117,0.23245871,0.97522146,0.10587138,0.10587138,1.0,0.00037752913,0.0035659224,-26.462019,2.14553,0.7151767,0.2,0.0,0.15368752,4.4449964,4.4649963,950400
hardzero_plus_depr__c0p54__z1p10__lam0p020__nu0p50__psi0p75,hardzero_plus_depr,0.1,30,297,0.0,3,0.23245871,0.23281877,0.98928684,0.10249747,0.10249747,1.0,0.00036005653,0.0035128333,-26.478943,2.1764746,0.7254915,0.18400002,0.0,0.16549818,4.4649963,4.4849963,953600
hardzero_plus_depr__c0p54__z1p10__lam0p020__nu0p50__psi0p75,hardzero_plus_depr,0.1,30,298,0.0,3,0.23281877,0.23314565,1.0247556,0.09445923,0.09445923,1.0,0.00032687944,0.0034605346,-27.704002,2.2545073,0.75150245,0.15200001,0.0,0.15072238,4.4849963,4.5049963,956800
hardzero_plus_depr__c0p54__z1p10__lam0p020__nu0p50__psi0p75,hardzero_plus_depr,0.1,30,299,0.0,3,0.23314565,0.23349783,0.9858783,0.103305094,0.103305094,1.0,0.00035216848,0.0034090136,-27.790928,2.1689756,0.7229919,0.14999999,0.0,0.15309669,4.5049963,4.5249963,960000
hardzero_plus_depr__c0p54__z1p10__lam0p020__nu0p50__psi0p75,hardzero_plus_depr,0.1,30,300,0.0,3,0.23349783,0.233888,0.93484986,0.11618501,0.11618501,1.0,0.00039017946,0.0033582598,-26.406128,2.0567107,0.68557024,0.24000001,0.0,0.19036295,4.5249963,4.5449963,963200
hardzero_plus_depr__c0p54__z1p10__lam0p020__nu0p50__psi0p75,hardzero_plus_depr,0.1,30,301,0.0,3,0.233888,0.23421629,1.0033453,0.099232666,0.099232666,1.0,0.00032828766,0.003308262,-27.878372,2.2074037,0.7358012,0.16000001,0.0,0.16616623,4.5449963,4.5649962,966400
hardzero_plus_depr__c0p54__z1p10__lam0p020__nu0p50__psi0p75,hardzero_plus_depr,0.1,30,302,0.0,3,0.23421629,0.23455729,0.9803264,0.10463417,0.10463417,1.0,0.00034100373,0.0032590092,-26.36313,2.1567612,0.7189204,0.18400002,0.0,0.17464755,4.5649962,4.584996,969600
hardzero_plus_depr__c0p54__z1p10__lam0p020__nu0p50__psi0p75,hardzero_plus_depr,0.1,30,303,0.0,3,0.23455729,0.23491222,0.95642155,0.110555,0.110555,1.0,0.00035493556,0.0032104885,-26.43202,2.1041694,0.7013898,0.256,0.0,0.14353728,4.584996,4.604996,972800
hardzero_plus_depr__c0p54__z1p10__lam0p020__nu0p50__psi0p75,hardzero_plus_depr,0.1,30,304,0.0,3,0.23491222,0.2352538,0.9665652,0.10800276,0.10800276,1.0,0.00034157923,0.00316269,-25.70075,2.1264858,0.7088286,0.17600001,0.0,0.13595238,4.604996,4.624996,976000
hardzero_plus_depr__c0p54__z1p10__lam0p020__nu0p50__psi0p75,hardzero_plus_depr,0.1,30,305,0.0,3,0.2352538,0.23559317,0.96285623,0.10892906,0.10892906,1.0,0.00033937983,0.0031156042,-26.128483,2.118326,0.7061087,0.14400001,0.0,0.18135059,4.624996,4.644996,979200
hardzero_plus_depr__c0p54__z1p10__lam0p020__nu0p50__psi0p75,hardzero_plus_depr,0.1,30,306,0.0,3,0.23559317,0.23588216,1.026133,0.09416013,0.09416013,1.0,0.0002889981,0.0030692192,-28.07582,2.2575376,0.7525126,0.15200001,0.0,0.1826993,4.644996,4.664996,982400
hardzero_plus_depr__c0p54__z1p10__lam0p020__nu0p50__psi0p75,hardzero_plus_depr,0.1,30,307,0.0,3,0.23588216,0.23617809,1.0093278,0.097875096,0.097875096,1.0,0.00029592772,0.003023524,-26.769215,2.2205656,0.74018854,0.16800001,0.0,0.15814476,4.664996,4.684996,985600
hardzero_plus_depr__c0p54__z1p10__lam0p020__nu0p50__psi0p75,hardzero_plus_depr,0.1,30,308,0.0,3,0.23617809,0.23644094,1.0542701,0.08825307,0.08825307,1.0,0.0002628626,0.0029785093,-27.846752,2.3194406,0.77314687,0.16000001,0.0,0.15220857,4.684996,4.704996,988800
hardzero_plus_depr__c0p54__z1p10__lam0p020__nu0p50__psi0p75,hardzero_plus_depr,0.1,30,309,0.0,3,0.23644094,0.23674782,0.9805214,0.104587205,0.104587205,1.0,0.0003068762,0.0029341658,-26.122215,2.15719,0.7190634,0.2,0.0,0.1421073,4.704996,4.724996,992000
hardzero_plus_depr__c0p54__z1p10__lam0p020__nu0p50__psi0p75,hardzero_plus_depr,0.1,30,310,0.0,3,0.23674782,0.23702386,1.0200019,0.09549884,0.09549884,1.0,0.00027603767,0.0028904818,-27.476038,2.2440488,0.7480163,0.216,0.0,0.16000402,4.724996,4.744996,995200
hardzero_plus_depr__c0p54__z1p10__lam0p020__nu0p50__psi0p75,hardzero_plus_depr,0.1,30,311,0.0,3,0.23702386,0.23734505,0.94768125,0.1128025,0.1128025,1.0,0.00032119924,0.002847448,-27.271622,2.0849404,0.69498014,0.16800001,0.0,0.15224679,4.744996,4.764996,998400
hardzero_plus_depr__c0p54__z1p10__lam0p020__nu0p50__psi0p75,hardzero_plus_depr,0.1,30,312,0.0,3,0.23734505,0.23763503,0.9855687,0.10337876,0.10337876,1.0,0.0002899831,0.002805055,-26.89645,2.1682944,0.72276485,0.14,0.0,0.1604377,4.764996,4.784996,1001600
hardzero_plus_depr__c0p54__z1p10__lam0p020__nu0p50__psi0p75,hardzero_plus_depr,0.1,30,313,0.0,3,0.23763503,0.23790811,1.0051349,0.09882459,0.09882459,1.0,0.00027308133,0.0027632932,-27.00111,2.211341,0.73711365,0.2,0.0,0.15741628,4.784996,4.804996,1004800
hardzero_plus_depr__c0p54__z1p10__lam0p020__nu0p50__psi0p75,hardzero_plus_depr,0.1,30,314,0.0,3,0.23790811,0.23816201,1.030249,0.09327193,0.09327193,1.0,0.00025390054,0.0027221537,-26.38915,2.266593,0.755531,0.15200001,0.0,0.1555289,4.804996,4.824996,1008000
hardzero_plus_depr__c0p54__z1p10__lam0p020__nu0p50__psi0p75,hardzero_plus_depr,0.1,30,315,0.0,3,0.23816201,0.23843405,0.99376285,0.101446524,0.101446524,1.0,0.00027204162,0.0026816258,-27.54098,2.186322,0.728774,0.128,0.0,0.16648583,4.824996,4.844996,1011200
hardzero_plus_depr__c0p54__z1p10__lam0p020__nu0p50__psi0p75,hardzero_plus_depr,0.1,30,316,0.0,3,0.23843405,0.23872559,0.95719385,0.110358596,0.110358596,1.0,0.00029153444,0.0026417011,-26.953392,2.1058686,0.7019562,0.224,0.0,0.15689982,4.844996,4.864996,1014400
hardzero_plus_depr__c0p54__z1p10__lam0p020__nu0p50__psi0p75,hardzero_plus_depr,0.1,30,317,0.0,3,0.23872559,0.23897332,1.0213811,0.09519602,0.09519602,1.0,0.00024773544,0.0026023719,-27.673328,2.2470834,0.74902785,0.120000005,0.0,0.16835563,4.864996,4.884996,1017600
hardzero_plus_depr__c0p54__z1p10__lam0p020__nu0p50__psi0p75,hardzero_plus_depr,0.1,30,318,0.0,3,0.23897332,0.23924124,0.9808515,0.10450777,0.10450777,1.0,0.00026791904,0.002563628,-26.807493,2.1579163,0.71930546,0.17600001,0.0,0.16996573,4.884996,4.904996,1020800
hardzero_plus_depr__c0p54__z1p10__lam0p020__nu0p50__psi0p75,hardzero_plus_depr,0.1,30,319,0.0,3,0.23924124,0.23953818,0.9296856,0.11757483,0.11757483,1.0,0.00029693055,0.0025254602,-25.096746,2.0453491,0.6817831,0.15200001,0.0,0.14221138,4.904996,4.924996,1024000
hardzero_plus_depr__c0p54__z1p10__lam0p020__nu0p50__psi0p75,hardzero_plus_depr,0.1,30,320,0.0,3,0.23953818,0.23979859,0.98017,0.104671866,0.104671866,1.0,0.00026040903,0.0024878606,-26.776611,2.1564171,0.71880573,0.128,0.0,0.17053932,4.924996,4.944996,1027200
hardzero_plus_depr__c0p54__z1p10__lam0p020__nu0p50__psi0p75,hardzero_plus_depr,0.1,30,321,0.0,3,0.23979859,0.24005812,0.975119,0.105896346,0.105896346,1.0,0.00025953303,0.0024508215,-26.09152,2.1453047,0.7151016,0.16000001,0.0,0.1492609,4.944996,4.964996,1030400
hardzero_plus_depr__c0p54__z1p10__lam0p020__nu0p50__psi0p75,hardzero_plus_depr,0.1,30,322,0.0,3,0.24005812,0.24030356,0.99286884,0.101655565,0.101655565,1.0,0.00024543048,0.0024143339,-26.571074,2.184355,0.72811836,0.16800001,0.0,0.16457538,4.964996,4.984996,1033600
hardzero_plus_depr__c0p54__z1p10__lam0p020__nu0p50__psi0p75,hardzero_plus_depr,0.1,30,323,0.0,3,0.24030356,0.2405427,0.9976371,0.10054555,0.10054555,1.0,0.00023913643,0.002378389,-27.332397,2.1948454,0.7316152,0.192,0.0,0.16285594,4.984996,5.004996,1036800
hardzero_plus_depr__c0p54__z1p10__lam0p020__nu0p50__psi0p75,hardzero_plus_depr,0.1,30,324,0.0,3,0.2405427,0.24077791,0.9982962,0.10039309,0.10039309,1.0,0.00023521892,0.0023429792,-27.304543,2.1962955,0.7320985,0.15200001,0.0,0.16257992,5.004996,5.024996,1040000
hardzero_plus_depr__c0p54__z1p10__lam0p020__nu0p50__psi0p75,hardzero_plus_depr,0.1,30,325,0.0,3,0.24077791,0.2410326,0.9572475,0.11034496,0.11034496,1.0,0.00025468686,0.002308097,-26.907516,2.1059866,0.70199555,0.17999999,0.0,0.15119031,5.024996,5.044996,1043200
hardzero_plus_depr__c0p54__z1p10__lam0p020__nu0p50__psi0p75,hardzero_plus_depr,0.1,30,326,0.0,3,0.2410326,0.24126117,0.99772197,0.10052592,0.10052592,1.0,0.00022856923,0.0022737342,-27.756552,2.1950321,0.7316774,0.17600001,0.0,0.15609017,5.044996,5.064996,1046400
hardzero_plus_depr__c0p54__z1p10__lam0p020__nu0p50__psi0p75,hardzero_plus_depr,0.1,30,327,0.0,3,0.24126117,0.24147955,1.0110071,0.09749738,0.09749738,1.0,0.0002183827,0.0022398827,-26.19419,2.22426,0.74142003,0.112,0.0,0.14696102,5.064996,5.0849957,1049600
hardzero_plus_depr__c0p54__z1p10__lam0p020__nu0p50__psi0p75,hardzero_plus_depr,0.1,30,328,0.0,3,0.24147955,0.24172029,0.9621504,0.10910625,0.10910625,1.0,0.00024074674,0.0022065348,-26.018488,2.1167731,0.7055911,0.17600001,0.0,0.14243993,5.0849957,5.1049957,1052800
hardzero_plus_depr__c0p54__z1p10__lam0p020__nu0p50__psi0p75,hardzero_plus_depr,0.1,30,329,0.0,3,0.24172029,0.24193335,1.008704,0.0980158,0.0980158,1.0,0.00021305536,0.0021736838,-27.35354,2.219193,0.739731,0.16000001,0.0,0.14446877,5.1049957,5.1249957,1056000
hardzero_plus_depr__c0p54__z1p10__lam0p020__nu0p50__psi0p75,hardzero_plus_depr,0.1,30,330,0.0,3,0.24193335,0.24216478,0.96626496,0.10807742,0.10807742,1.0,0.00023142861,0.0021413225,-26.743555,2.1258254,0.7086085,0.224,0.0,0.16076864,5.1249957,5.1449957,1059200
hardzero_plus_depr__c0p54__z1p10__lam0p020__nu0p50__psi0p75,hardzero_plus_depr,0.1,30,331,0.0,3,0.24216478,0.24239047,0.9706557,0.10699028,0.10699028,1.0,0.00022568977,0.002109442,-27.09192,2.1354852,0.7118284,0.208,0.0,0.16272344,5.1449957,5.1649957,1062400
hardzero_plus_depr__c0p54__z1p10__lam0p020__nu0p50__psi0p75,hardzero_plus_depr,0.1,30,332,0.0,3,0.24239047,0.24262822,0.94154036,0.11440884,0.11440884,1.0,0.00023774573,0.0020780363,-25.963545,2.0714302,0.6904768,0.224,0.0,0.15268245,5.1649957,5.1849957,1065600
hardzero_plus_depr__c0p54__z1p10__lam0p020__nu0p50__psi0p75,hardzero_plus_depr,0.1,30,333,0.0,3,0.24262822,0.24281615,1.0371294,0.091805905,0.091805905,1.0,0.00018793573,0.0020470985,-26.936825,2.2817302,0.7605767,0.080000006,0.0,0.16410662,5.1849957,5.2049956,1068800
hardzero_plus_depr__c0p54__z1p10__lam0p020__nu0p50__psi0p75,hardzero_plus_depr,0.1,30,334,0.0,3,0.24281615,0.24301605,1.0038096,0.099126644,0.099126644,1.0,0.00019990091,0.0020166214,-26.876118,2.208425,0.7361417,0.16000001,0.0,0.15100028,5.2049956,5.2249956,1072000
hardzero_plus_depr__c0p54__z1p10__lam0p020__nu0p50__psi0p75,hardzero_plus_depr,0.1,30,335,0.0,3,0.24301605,0.24322863,0.9705909,0.107006244,0.107006244,1.0,0.00021257835,0.0019865977,-26.38697,2.1353426,0.7117809,0.17600001,0.0,0.14197105,5.2249956,5.2449956,1075200
hardzero_plus_depr__c0p54__z1p10__lam0p020__nu0p50__psi0p75,hardzero_plus_depr,0.1,30,336,0.0,3,0.24322863,0.24342358,1.0016627,0.099617876,0.099617876,1.0,0.00019495426,0.001957021,-27.210855,2.203702,0.73456734,0.18400002,0.0,0.17864804,5.2449956,5.2649956,1078400
hardzero_plus_depr__c0p54__z1p10__lam0p020__nu0p50__psi0p75,hardzero_plus_depr,0.1,30,337,0.0,3,0.24342358,0.24362767,0.97526735,0.105860196,0.105860196,1.0,0.00020408627,0.0019278849,-26.911177,2.145631,0.7152104,0.15200001,0.0,0.12812638,5.2649956,5.2849956,1081600
hardzero_plus_depr__c0p54__z1p10__lam0p020__nu0p50__psi0p75,hardzero_plus_depr,0.1,30,338,0.0,3,0.24362767,0.24383445,0.9630592,0.10887817,0.10887817,1.0,0.00020677956,0.0018991828,-25.946602,2.1187725,0.7062575,0.13,0.0,0.13283156,5.2849956,5.3049955,1084800
hardzero_plus_depr__c0p54__z1p10__lam0p020__nu0p50__psi0p75,hardzero_plus_depr,0.1,30,339,0.0,3,0.24383445,0.24402796,0.9853683,0.103426464,0.103426464,1.0,0.00019350133,0.0018709073,-26.82586,2.1678536,0.72261786,0.2,0.0,0.19342785,5.3049955,5.3249955,1088000
hardzero_plus_depr__c0p54__z1p10__lam0p020__nu0p50__psi0p75,hardzero_plus_depr,0.1,30,340,0.0,3,0.24402796,0.24419016,1.0554897,0.0880056,0.0880056,1.0,0.00016219898,0.0018430529,-27.342606,2.3221235,0.7740412,0.104,0.0,0.16822727,5.3249955,5.3449955,1091200
hardzero_plus_depr__c0p54__z1p10__lam0p020__nu0p50__psi0p75,hardzero_plus_depr,0.1,30,341,0.0,3,0.24419016,0.24439722,0.9429182,0.11404645,0.11404645,1.0,0.0002070643,0.0018156137,-26.364351,2.0744615,0.6914872,0.23200001,0.0,0.1817184,5.3449955,5.3649955,1094400
hardzero_plus_depr__c0p54__z1p10__lam0p020__nu0p50__psi0p75,hardzero_plus_depr,0.1,30,342,0.0,3,0.24439722,0.24459203,0.96290725,0.10891626,0.10891626,1.0,0.00019480578,0.001788583,-26.639332,2.1184382,0.7061461,0.18400002,0.0,0.135579,5.3649955,5.3849955,1097600
hardzero_plus_depr__c0p54__z1p10__lam0p020__nu0p50__psi0p75,hardzero_plus_depr,0.1,30,343,0.0,3,0.24459203,0.24476671,1.0037245,0.09914607,0.09914607,1.0,0.00017469081,0.0017619539,-27.117413,2.208238,0.73607934,0.136,0.0,0.18120092,5.3849955,5.4049954,1100800
hardzero_plus_depr__c0p54__z1p10__lam0p020__nu0p50__psi0p75,hardzero_plus_depr,0.1,30,344,0.0,3,0.24476671,0.24495588,0.9626127,0.10899017,0.10899017,1.0,0.00018917663,0.001735722,-25.870718,2.1177902,0.7059301,0.16000001,0.0,0.12576951,5.4049954,5.4249954,1104000
hardzero_plus_depr__c0p54__z1p10__lam0p020__nu0p50__psi0p75,hardzero_plus_depr,0.1,30,345,0.0,3,0.24495588,0.24512273,1.010639,0.09758005,0.09758005,1.0,0.00016685025,0.0017098807,-26.689322,2.2234502,0.7411501,0.15200001,0.0,0.1692078,5.4249954,5.4449954,1107200
hardzero_plus_depr__c0p54__z1p10__lam0p020__nu0p50__psi0p75,hardzero_plus_depr,0.1,30,346,0.0,3,0.24512273,0.2452768,1.0387398,0.09146611,0.09146611,1.0,0.00015406773,0.0016844244,-27.468187,2.2852733,0.7617578,0.16000001,0.0,0.19120128,5.4449954,5.4649954,1110400
hardzero_plus_depr__c0p54__z1p10__lam0p020__nu0p50__psi0p75,hardzero_plus_depr,0.1,30,347,0.0,3,0.2452768,0.24543965,1.0081524,0.09814036,0.09814036,1.0,0.00016284887,0.0016593466,-27.081196,2.2179794,0.7393265,0.16800001,0.0,0.15646203,5.4649954,5.4849954,1113600
hardzero_plus_depr__c0p54__z1p10__lam0p020__nu0p50__psi0p75,hardzero_plus_depr,0.1,30,348,0.0,3,0.24543965,0.245593,1.0277328,0.09381388,0.09381388,1.0,0.00015335207,0.0016346416,-27.462376,2.2610574,0.75368583,0.08800001,0.0,0.16190046,5.4849954,5.5049953,1116800
hardzero_plus_depr__c0p54__z1p10__lam0p020__nu0p50__psi0p75,hardzero_plus_depr,0.1,30,349,0.0,3,0.245593,0.24575907,0.9865951,0.103134714,0.103134714,1.0,0.00016607836,0.0016103052,-26.635933,2.1705525,0.72351754,0.192,0.0,0.14139193,5.5049953,5.5249953,1120000
hardzero_plus_depr__c0p54__z1p10__lam0p020__nu0p50__psi0p75,hardzero_plus_depr,0.1,30,350,0.0,3,0.24575907,0.24593376,0.95815176,0.11011545,0.11011545,1.0,0.00017467955,0.0015863309,-26.499525,2.107976,0.70265865,0.18400002,0.0,0.14667898,5.5249953,5.5449953,1123200
hardzero_plus_depr__c0p54__z1p10__lam0p020__nu0p50__psi0p75,hardzero_plus_depr,0.1,30,351,0.0,3,0.24593376,0.24608147,1.0244445,0.09452693,0.09452693,1.0,0.00014771847,0.0015627131,-27.40729,2.2538228,0.7512743,0.14999999,0.0,0.1539349,5.5449953,5.5649953,1126400
hardzero_plus_depr__c0p54__z1p10__lam0p020__nu0p50__psi0p75,hardzero_plus_depr,0.1,30,352,0.0,3,0.24608147,0.24623857,0.9911746,0.10205292,0.10205292,1.0,0.00015710513,0.0015394476,-27.415127,2.1806276,0.7268759,0.18400002,0.0,0.15608755,5.5649953,5.5849953,1129600
hardzero_plus_depr__c0p54__z1p10__lam0p020__nu0p50__psi0p75,hardzero_plus_depr,0.1,30,353,0.0,3,0.24623857,0.24641469,0.9350418,0.11613369,0.11613369,1.0,0.00017612003,0.0015165283,-26.166357,2.057133,0.685711,0.18400002,0.0,0.1414852,5.5849953,5.6049953,1132800
hardzero_plus_depr__c0p54__z1p10__lam0p020__nu0p50__psi0p75,hardzero_plus_depr,0.1,30,354,0.0,3,0.24641469,0.24656433,0.9992941,0.100162655,0.100162655,1.0,0.00014963804,0.0014939505,-27.076227,2.1984909,0.7328303,0.120000005,0.0,0.17665073,5.6049953,5.624995,1136000
hardzero_plus_depr__c0p54__z1p10__lam0p020__nu0p50__psi0p75,hardzero_plus_depr,0.1,30,355,0.0,3,0.24656433,0.24670191,1.0292791,0.09348047,0.09348047,1.0,0.00013757602,0.0014717086,-27.502016,2.2644594,0.7548198,0.15200001,0.0,0.14730139,5.624995,5.644995,1139200
hardzero_plus_depr__c0p54__z1p10__lam0p020__nu0p50__psi0p75,hardzero_plus_depr,0.1,30,356,0.0,3,0.24670191,0.24685661,0.9717888,0.10671147,0.10671147,1.0,0.00015470998,0.0014497972,-26.640137,2.137978,0.71265936,0.136,0.0,0.17093153,5.644995,5.664995,1142400
hardzero_plus_depr__c0p54__z1p10__lam0p020__nu0p50__psi0p75,hardzero_plus_depr,0.1,30,357,0.0,3,0.24685661,0.24701121,0.9655886,0.10824588,0.10824588,1.0,0.00015459815,0.0014282129,-26.665806,2.1243374,0.7081125,0.23200001,0.0,0.15839905,5.664995,5.684995,1145600
hardzero_plus_depr__c0p54__z1p10__lam0p020__nu0p50__psi0p75,hardzero_plus_depr,0.1,30,358,0.0,3,0.24701121,0.24715593,0.98773044,0.10286545,0.10286545,1.0,0.00014472651,0.0014069496,-27.34535,2.1730504,0.72435015,0.256,0.0,0.16929318,5.684995,5.704995,1148800
hardzero_plus_depr__c0p54__z1p10__lam0p020__nu0p50__psi0p75,hardzero_plus_depr,0.1,30,359,0.0,3,0.24715593,0.24728699,1.0242925,0.09456002,0.09456002,1.0,0.00013106041,0.0013860024,-27.070574,2.2534883,0.75116277,0.120000005,0.0,0.15982679,5.704995,5.724995,1152000
hardzero_plus_depr__c0p54__z1p10__lam0p020__nu0p50__psi0p75,hardzero_plus_depr,0.1,30,360,0.0,3,0.24728699,0.24743369,0.9688094,0.10744609,0.10744609,1.0,0.00014670342,0.0013653677,-26.39738,2.1314232,0.71047443,0.18400002,0.0,0.16592637,5.724995,5.744995,1155200
hardzero_plus_depr__c0p54__z1p10__lam0p020__nu0p50__psi0p75,hardzero_plus_depr,0.1,30,361,0.0,3,0.24743369,0.24757636,0.9744012,0.10607153,0.10607153,1.0,0.00014267047,0.0013450402,-26.382505,2.1437254,0.7145752,0.18400002,0.0,0.13790035,5.744995,5.764995,1158400
hardzero_plus_depr__c0p54__z1p10__lam0p020__nu0p50__psi0p75,hardzero_plus_depr,0.1,30,362,0.0,3,0.24757636,0.24770685,1.006621,0.09848701,0.09848701,1.0,0.0001304968,0.0013250153,-27.60681,2.2146103,0.73820347,0.14400001,0.0,0.16239083,5.764995,5.784995,1161600
hardzero_plus_depr__c0p54__z1p10__lam0p020__nu0p50__psi0p75,hardzero_plus_depr,0.1,30,363,0.0,3,0.24770685,0.24784017,0.9907853,0.10214442,0.10214442,1.0,0.00013332795,0.0013052886,-27.420033,2.1797712,0.7265904,0.15200001,0.0,0.17799541,5.784995,5.804995,1164800
hardzero_plus_depr__c0p54__z1p10__lam0p020__nu0p50__psi0p75,hardzero_plus_depr,0.1,30,364,0.0,3,0.24784017,0.24795206,1.0603648,0.08702322,0.08702322,1.0,0.00011189923,0.0012858548,-28.577139,2.3328493,0.77761644,0.14999999,0.0,0.19340584,5.804995,5.824995,1168000
hardzero_plus_depr__c0p54__z1p10__lam0p020__nu0p50__psi0p75,hardzero_plus_depr,0.1,30,365,0.0,3,0.24795206,0.24807727,1.0050098,0.09885309,0.09885309,1.0,0.00012521833,0.0012667113,-27.366327,2.2110655,0.73702186,0.18400002,0.0,0.15148395,5.824995,5.844995,1171200
hardzero_plus_depr__c0p54__z1p10__lam0p020__nu0p50__psi0p75,hardzero_plus_depr,0.1,30,366,0.0,3,0.24807727,0.24819763,1.0156782,0.09645434,0.09645434,1.0,0.00012036078,0.0012478525,-26.83297,2.2345366,0.74484557,0.16000001,0.0,0.14998032,5.844995,5.864995,1174400
hardzero_plus_depr__c0p54__z1p10__lam0p020__nu0p50__psi0p75,hardzero_plus_depr,0.1,30,367,0.0,3,0.24819763,0.24833278,0.958813,0.1099479,0.1099479,1.0,0.0001351561,0.001229274,-26.981668,2.1094308,0.7031436,0.216,0.0,0.15041909,5.864995,5.884995,1177600
hardzero_plus_depr__c0p54__z1p10__lam0p020__nu0p50__psi0p75,hardzero_plus_depr,0.1,30,368,0.0,3,0.24833278,0.24845456,0.997584,0.10055785,0.10055785,1.0,0.000121772806,0.0012109727,-27.093872,2.1947286,0.7315762,0.16800001,0.0,0.17297447,5.884995,5.904995,1180800
hardzero_plus_depr__c0p54__z1p10__lam0p020__nu0p50__psi0p75,hardzero_plus_depr,0.1,30,369,0.0,3,0.24845456,0.24857442,0.99793947,0.10047558,0.10047558,1.0,0.0001198617,0.0011929437,-26.535137,2.1955106,0.7318369,0.128,0.0,0.17100751,5.904995,5.924995,1184000
hardzero_plus_depr__c0p54__z1p10__lam0p020__nu0p50__psi0p75,hardzero_plus_depr,0.1,30,370,0.0,3,0.24857442,0.24869926,0.9737683,0.106226206,0.106226206,1.0,0.00012483525,0.0011751832,-27.300177,2.142333,0.71411103,0.18400002,0.0,0.16765083,5.924995,5.944995,1187200
hardzero_plus_depr__c0p54__z1p10__lam0p020__nu0p50__psi0p75,hardzero_plus_depr,0.1,30,371,0.0,3,0.24869926,0.24881119,1.0146575,0.09668131,0.09668131,1.0,0.000111926725,0.0011576873,-27.501173,2.232291,0.744097,0.16800001,0.0,0.19679615,5.944995,5.964995,1190400
hardzero_plus_depr__c0p54__z1p10__lam0p020__nu0p50__psi0p75,hardzero_plus_depr,0.1,30,372,0.0,3,0.24881119,0.2489294,0.9844248,0.1036514,0.1036514,1.0,0.00011820935,0.0011404511,-26.777798,2.165778,0.721926,0.208,0.0,0.13974968,5.964995,5.984995,1193600
hardzero_plus_depr__c0p54__z1p10__lam0p020__nu0p50__psi0p75,hardzero_plus_depr,0.1,30,373,0.0,3,0.2489294,0.24903698,1.018826,0.09575776,0.09575776,1.0,0.00010758118,0.0011234722,-27.996046,2.241462,0.747154,0.224,0.0,0.16012734,5.984995,6.004995,1196800
hardzero_plus_depr__c0p54__z1p10__lam0p020__nu0p50__psi0p75,hardzero_plus_depr,0.1,30,374,0.0,3,0.24903698,0.2491549,0.97250146,0.10653652,0.10653652,1.0,0.00011790887,0.001106746,-26.974892,2.139546,0.713182,0.112,0.0,0.15247954,6.004995,6.024995,1200000
hardzero_plus_depr__c0p54__z1p10__lam0p020__nu0p50__psi0p75,hardzero_plus_depr,0.1,30,375,0.0,3,0.2491549,0.24926896,0.980369,0.10462392,0.10462392,1.0,0.00011406814,0.0010902683,-26.560644,2.1568549,0.71895164,0.2,0.0,0.14257078,6.024995,6.044995,1203200
hardzero_plus_depr__c0p54__z1p10__lam0p020__nu0p50__psi0p75,hardzero_plus_depr,0.1,30,376,0.0,3,0.24926896,0.24936561,1.0458344,0.08998406,0.08998406,1.0,9.664616e-05,0.0010740365,-28.042744,2.3008816,0.76696056,0.128,0.0,0.17228597,6.044995,6.064995,1206400
hardzero_plus_depr__c0p54__z1p10__lam0p020__nu0p50__psi0p75,hardzero_plus_depr,0.1,30,377,0.0,3,0.24936561,0.24945997,1.0497209,0.0891824,0.0891824,1.0,9.43591e-05,0.0010580462,-28.194294,2.309432,0.7698107,0.12,0.0,0.19207048,6.064995,6.084995,1209600
hardzero_plus_depr__c0p54__z1p10__lam0p020__nu0p50__psi0p75,hardzero_plus_depr,0.1,30,378,0.0,3,0.24945997,0.24957354,0.96267915,0.10897348,0.10897348,1.0,0.00011358243,0.0010422942,-26.532598,2.1179364,0.7059788,0.14400001,0.0,0.13697666,6.084995,6.104995,1212800
hardzero_plus_depr__c0p54__z1p10__lam0p020__nu0p50__psi0p75,hardzero_plus_depr,0.1,30,379,0.0,3,0.24957354,0.24968383,0.96896553,0.107407466,0.107407466,1.0,0.000110283465,0.0010267765,-25.844366,2.1317668,0.71058893,0.24000001,0.0,0.13694793,6.104995,6.1249948,1216000
hardzero_plus_depr__c0p54__z1p10__lam0p020__nu0p50__psi0p75,hardzero_plus_depr,0.1,30,380,0.0,3,0.24968383,0.24978915,0.9824185,0.104131356,0.104131356,1.0,0.000105327774,0.0010114895,-27.55695,2.1613638,0.72045463,0.24000001,0.0,0.16460353,6.1249948,6.1449947,1219200
hardzero_plus_depr__c0p54__z1p10__lam0p020__nu0p50__psi0p75,hardzero_plus_depr,0.1,30,381,0.0,3,0.24978915,0.2498855,1.0145818,0.09669816,0.09669816,1.0,9.6353004e-05,0.0009964306,-27.101717,2.2321246,0.74404156,0.18400002,0.0,0.16637672,6.1449947,6.1649947,1222400
hardzero_plus_depr__c0p54__z1p10__lam0p020__nu0p50__psi0p75,hardzero_plus_depr,0.1,30,382,0.0,3,0.2498855,0.24997085,1.0606993,0.0869562,0.0869562,1.0,8.535584e-05,0.0009815957,-28.452766,2.333585,0.7778617,0.18400002,0.0,0.17072828,6.1649947,6.1849947,1225600
hardzero_plus_depr__c0p54__z1p10__lam0p020__nu0p50__psi0p75,hardzero_plus_depr,0.1,30,383,0.0,3,0.24997085,0.2500638,1.0171188,0.09613492,0.09613492,1.0,9.2960676e-05,0.00096698134,-27.200949,2.2377062,0.74590206,0.128,0.0,0.17003223,6.1849947,6.2049947,1228800
hardzero_plus_depr__c0p54__z1p10__lam0p020__nu0p50__psi0p75,hardzero_plus_depr,0.1,30,384,0.0,3,0.2500638,0.25016135,0.9897713,0.1023832,0.1023832,1.0,9.7528704e-05,0.0009525851,-26.767824,2.1775403,0.72584677,0.15200001,0.0,0.16551441,6.2049947,6.2249947,1232000
hardzero_plus_depr__c0p54__z1p10__lam0p020__nu0p50__psi0p75,hardzero_plus_depr,0.1,30,385,0.0,3,0.25016135,0.25024244,1.0634624,0.08640475,0.08640475,1.0,8.108247e-05,0.00093840295,-28.772848,2.339664,0.77988803,0.14400001,0.0,0.17490102,6.2249947,6.2449946,1235200
hardzero_plus_depr__c0p54__z1p10__lam0p020__nu0p50__psi0p75,hardzero_plus_depr,0.1,30,386,0.0,3,0.25024244,0.2503299,1.023988,0.09462632,0.09462632,1.0,8.7475615e-05,0.0009244321,-27.126568,2.2528186,0.75093955,0.104,0.0,0.1731149,6.2449946,6.2649946,1238400
hardzero_plus_depr__c0p54__z1p10__lam0p020__nu0p50__psi0p75,hardzero_plus_depr,0.1,30,387,0.0,3,0.2503299,0.25042075,1.0010554,0.0997573,0.0997573,1.0,9.0845904e-05,0.0009106692,-27.085758,2.2023656,0.7341219,0.216,0.0,0.15331776,6.2649946,6.2849946,1241600
hardzero_plus_depr__c0p54__z1p10__lam0p020__nu0p50__psi0p75,hardzero_plus_depr,0.1,30,388,0.0,3,0.25042075,0.25052375,0.9400714,0.11479648,0.11479648,1.0,0.00010298517,0.00089711085,-25.153795,2.0681984,0.6893995,0.16000001,0.0,0.13396245,6.2849946,6.3049946,1244800
hardzero_plus_depr__c0p54__z1p10__lam0p020__nu0p50__psi0p75,hardzero_plus_depr,0.1,30,389,0.0,3,0.25052375,0.25060925,1.0143226,0.096755885,0.096755885,1.0,8.550847e-05,0.00088375475,-27.638857,2.2315543,0.7438514,0.112,0.0,0.1685114,6.3049946,6.3249946,1248000
hardzero_plus_depr__c0p54__z1p10__lam0p020__nu0p50__psi0p75,hardzero_plus_depr,0.1,30,390,0.0,3,0.25060925,0.25069776,0.9928593,0.1016578,0.1016578,1.0,8.8503024e-05,0.0008705975,-26.856613,2.184334,0.7281114,0.12,0.0,0.14665931,6.3249946,6.3449945,1251200
hardzero_plus_depr__c0p54__z1p10__lam0p020__nu0p50__psi0p75,hardzero_plus_depr,0.1,30,391,0.0,3,0.25069776,0.25079283,0.9552174,0.11086197,0.11086197,1.0,9.507917e-05,0.0008576356,-25.462324,2.1015203,0.7005068,0.096,0.0,0.1266754,6.3449945,6.3649945,1254400
hardzero_plus_depr__c0p54__z1p10__lam0p020__nu0p50__psi0p75,hardzero_plus_depr,0.1,30,392,0.0,3,0.25079283,0.25088128,0.9800228,0.10470736,0.10470736,1.0,8.846381e-05,0.00084486714,-26.575636,2.1560931,0.7186977,0.2,0.0,0.15346777,6.3649945,6.3849945,1257600
hardzero_plus_depr__c0p54__z1p10__lam0p020__nu0p50__psi0p75,hardzero_plus_depr,0.1,30,393,0.0,3,0.25088128,0.2509625,1.0106235,0.097583525,0.097583525,1.0,8.121769e-05,0.00083228893,-26.918667,2.223416,0.7411387,0.128,0.0,0.18965733,6.3849945,6.4049945,1260800
hardzero_plus_depr__c0p54__z1p10__lam0p020__nu0p50__psi0p75,hardzero_plus_depr,0.1,30,394,0.0,3,0.2509625,0.2510373,1.0399095,0.091220096,0.091220096,1.0,7.479116e-05,0.00081989786,-27.729355,2.2878466,0.76261556,0.15200001,0.0,0.18983814,6.4049945,6.4249945,1264000
hardzero_plus_depr__c0p54__z1p10__lam0p020__nu0p50__psi0p75,hardzero_plus_depr,0.1,30,395,0.0,3,0.2510373,0.25111645,1.0088072,0.0979925,0.0979925,1.0,7.914768e-05,0.0008076912,-27.528416,2.2194202,0.7398068,0.16000001,0.0,0.15576017,6.4249945,6.4449944,1267200
hardzero_plus_depr__c0p54__z1p10__lam0p020__nu0p50__psi0p75,hardzero_plus_depr,0.1,30,396,0.0,3,0.25111645,0.25119412,1.0104643,0.09761928,0.09761928,1.0,7.767235e-05,0.00079566607,-26.638298,2.2230659,0.741022,0.120000005,0.0,0.16459176,6.4449944,6.4649944,1270400
hardzero_plus_depr__c0p54__z1p10__lam0p020__nu0p50__psi0p75,hardzero_plus_depr,0.1,30,397,0.0,3,0.25119412,0.2512724,1.0005147,0.099881545,0.099881545,1.0,7.828917e-05,0.0007838202,-27.359684,2.2011764,0.7337255,0.192,0.0,0.14894842,6.4649944,6.4849944,1273600
hardzero_plus_depr__c0p54__z1p10__lam0p020__nu0p50__psi0p75,hardzero_plus_depr,0.1,30,398,0.0,3,0.2512724,0.25135016,0.9969642,0.10070146,0.10070146,1.0,7.7756704e-05,0.0007721507,-26.402689,2.193365,0.7311217,0.14400001,0.0,0.14490145,6.4849944,6.5049944,1276800
hardzero_plus_depr__c0p54__z1p10__lam0p020__nu0p50__psi0p75,hardzero_plus_depr,0.1,30,399,0.0,3,0.25135016,0.25142384,1.0139354,0.09684217,0.09684217,1.0,7.366345e-05,0.0007606546,-27.687248,2.2307026,0.7435676,0.14400001,0.0,0.15076788,6.5049944,6.5249944,1280000
hardzero_plus_depr__c0p54__z1p10__lam0p020__nu0p50__psi0p75,hardzero_plus_depr,0.1,30,400,0.0,3,0.25142384,0.2514926,1.0373899,0.09175085,0.09175085,1.0,6.875167e-05,0.00074933004,-27.826754,2.2823033,0.7607678,0.16800001,0.0,0.1679478,6.5249944,6.5449944,1283200
hardzero_plus_depr__c0p54__z1p10__lam0p020__nu0p50__psi0p75,hardzero_plus_depr,0.1,30,401,0.0,3,0.2514926,0.2515715,0.97097915,0.106910616,0.106910616,1.0,7.891865e-05,0.00073817413,-26.200418,2.1361969,0.71206564,0.17600001,0.0,0.17201655,6.5449944,6.5649943,1286400
hardzero_plus_depr__c0p54__z1p10__lam0p020__nu0p50__psi0p75,hardzero_plus_depr,0.1,30,402,0.0,3,0.2515715,0.251642,1.0136307,0.09691015,0.09691015,1.0,7.0471535e-05,0.00072718423,-27.2459,2.2300322,0.74334407,0.128,0.0,0.1803934,6.5649943,6.5849943,1289600
hardzero_plus_depr__c0p54__z1p10__lam0p020__nu0p50__psi0p75,hardzero_plus_depr,0.1,30,403,0.0,3,0.251642,0.25171986,0.9636738,0.10872419,0.10872419,1.0,7.788543e-05,0.0007163579,-26.164457,2.1201246,0.7067082,0.22999999,0.0,0.13972941,6.5849943,6.6049943,1292800
hardzero_plus_depr__c0p54__z1p10__lam0p020__nu0p50__psi0p75,hardzero_plus_depr,0.1,30,404,0.0,3,0.25171986,0.25178146,1.0590667,0.087283745,0.087283745,1.0,6.1595485e-05,0.0007056925,-27.67145,2.3299932,0.77666444,0.16800001,0.0,0.19213879,6.6049943,6.6249943,1296000
hardzero_plus_depr__c0p54__z1p10__lam0p020__nu0p50__psi0p75,hardzero_plus_depr,0.1,30,405,0.0,3,0.25178146,0.2518519,0.99432534,0.10131521,0.10131521,1.0,7.043294e-05,0.00069518626,-26.97195,2.1875594,0.7291865,0.16800001,0.0,0.17568444,6.6249943,6.6449943,1299200
hardzero_plus_depr__c0p54__z1p10__lam0p020__nu0p50__psi0p75,hardzero_plus_depr,0.1,30,406,0.0,3,0.2518519,0.25192183,0.99085486,0.10212806,0.10212806,1.0,6.994101e-05,0.00068483636,-27.198526,2.1799242,0.7266414,0.128,0.0,0.15491207,6.6449943,6.6649942,1302400
hardzero_plus_depr__c0p54__z1p10__lam0p020__nu0p50__psi0p75,hardzero_plus_depr,0.1,30,407,0.0,3,0.25192183,0.25199172,0.9845942,0.10361097,0.10361097,1.0,6.990013e-05,0.00067464024,-27.152054,2.1661506,0.7220502,0.216,0.008,0.14982818,6.6649942,6.684994,1305600
hardzero_plus_depr__c0p54__z1p10__lam0p020__nu0p50__psi0p75,hardzero_plus_depr,0.1,30,408,0.0,3,0.25199172,0.25206265,0.9718128,0.1067056,0.1067056,1.0,7.091614e-05,0.0006645962,-26.097872,2.1380308,0.71267694,0.136,0.0,0.17798422,6.684994,6.704994,1308800
hardzero_plus_depr__c0p54__z1p10__lam0p020__nu0p50__psi0p75,hardzero_plus_depr,0.1,30,409,0.0,3,0.25206265,0.25212646,1.0112276,0.09744788,0.09744788,1.0,6.37993e-05,0.0006547018,-27.762392,2.2247453,0.7415818,0.14400001,0.0,0.16526908,6.704994,6.724994,1312000
hardzero_plus_depr__c0p54__z1p10__lam0p020__nu0p50__psi0p75,hardzero_plus_depr,0.1,30,410,0.0,3,0.25212646,0.25219294,0.98672557,0.10310374,0.10310374,1.0,6.649723e-05,0.0006449546,-26.765972,2.1708395,0.7236132,0.15200001,0.0,0.15496407,6.724994,6.744994,1315200
hardzero_plus_depr__c0p54__z1p10__lam0p020__nu0p50__psi0p75,hardzero_plus_depr,0.1,30,411,0.0,3,0.25219294,0.25225836,0.9872912,0.102969535,0.102969535,1.0,6.542196e-05,0.0006353526,-26.54421,2.172084,0.72402805,0.14400001,0.0,0.1716518,6.744994,6.764994,1318400
hardzero_plus_depr__c0p54__z1p10__lam0p020__nu0p50__psi0p75,hardzero_plus_depr,0.1,30,412,0.0,3,0.25225836,0.25232098,0.999771,0.10005275,0.10005275,1.0,6.2622334e-05,0.0006258932,-27.755077,2.1995401,0.73318005,0.224,0.0,0.15418112,6.764994,6.784994,1321600
hardzero_plus_depr__c0p54__z1p10__lam0p020__nu0p50__psi0p75,hardzero_plus_depr,0.1,30,413,0.0,3,0.25232098,0.2523818,1.0059502,0.09863924,0.09863924,1.0,6.0818493e-05,0.000616575,-27.29518,2.2131348,0.7377116,0.208,0.0,0.1705091,6.784994,6.804994,1324800
hardzero_plus_depr__c0p54__z1p10__lam0p020__nu0p50__psi0p75,hardzero_plus_depr,0.1,30,414,0.0,3,0.2523818,0.25244823,0.96103776,0.109386116,0.109386116,1.0,6.6440625e-05,0.0006073954,-26.103582,2.1143253,0.7047751,0.14400001,0.0,0.15817271,6.804994,6.824994,1328000
hardzero_plus_depr__c0p54__z1p10__lam0p020__nu0p50__psi0p75,hardzero_plus_depr,0.1,30,415,0.0,3,0.25244823,0.25250426,1.0286207,0.093622275,0.093622275,1.0,5.6019104e-05,0.0005983523,-27.25206,2.2630107,0.75433695,0.14400001,0.0,0.16206522,6.824994,6.844994,1331200
hardzero_plus_depr__c0p54__z1p10__lam0p020__nu0p50__psi0p75,hardzero_plus_depr,0.1,30,416,0.0,3,0.25250426,0.25256994,0.9529797,0.11143466,0.11143466,1.0,6.568449e-05,0.000589444,-26.835415,2.0965972,0.6988658,0.13,0.0,0.12484195,6.844994,6.864994,1334400
hardzero_plus_depr__c0p54__z1p10__lam0p020__nu0p50__psi0p75,hardzero_plus_depr,0.1,30,417,0.0,3,0.25256994,0.25263643,0.941174,0.114505425,0.114505425,1.0,6.648969e-05,0.00058066845,-25.386074,2.070624,0.6902081,0.18400002,0.0,0.12414607,6.864994,6.884994,1337600
hardzero_plus_depr__c0p54__z1p10__lam0p020__nu0p50__psi0p75,hardzero_plus_depr,0.1,30,418,0.0,3,0.25263643,0.25268692,1.0542607,0.08825499,0.08825499,1.0,5.0483926e-05,0.0005720235,-27.340994,2.3194199,0.77313995,0.17600001,0.0,0.16222608,6.884994,6.904994,1340800
hardzero_plus_depr__c0p54__z1p10__lam0p020__nu0p50__psi0p75,hardzero_plus_depr,0.1,30,419,0.0,3,0.25268692,0.2527448,0.9885057,0.102681994,0.102681994,1.0,5.786205e-05,0.00056350726,-26.416584,2.174756,0.7249187,0.17600001,0.0,0.14441639,6.904994,6.924994,1344000
hardzero_plus_depr__c0p54__z1p10__lam0p020__nu0p50__psi0p75,hardzero_plus_depr,0.1,30,420,0.0,3,0.2527448,0.25279948,1.0063994,0.09853728,0.09853728,1.0,5.4699776e-05,0.00055511756,-27.230524,2.2141228,0.7380409,0.14400001,0.0,0.16663636,6.924994,6.944994,1347200
hardzero_plus_depr__c0p54__z1p10__lam0p020__nu0p50__psi0p75,hardzero_plus_depr,0.1,30,421,0.0,3,0.25279948,0.25285426,0.9992474,0.10017346,0.10017346,1.0,5.4780157e-05,0.000546853,-26.955359,2.198388,0.7327961,0.14400001,0.0,0.15354034,6.944994,6.964994,1350400
hardzero_plus_depr__c0p54__z1p10__lam0p020__nu0p50__psi0p75,hardzero_plus_depr,0.1,30,422,0.0,3,0.25285426,0.25290784,1.0024368,0.09944048,0.09944048,1.0,5.356973e-05,0.0005387115,-26.886345,2.205405,0.735135,0.17600001,0.0,0.13784969,6.964994,6.984994,1353600
hardzero_plus_depr__c0p54__z1p10__lam0p020__nu0p50__psi0p75,hardzero_plus_depr,0.1,30,423,0.0,3,0.25290784,0.25296456,0.97112215,0.10687542,0.10687542,1.0,5.6717818e-05,0.00053069094,-26.181475,2.1365113,0.7121705,0.2,0.0,0.16015546,6.984994,7.004994,1356800
hardzero_plus_depr__c0p54__z1p10__lam0p020__nu0p50__psi0p75,hardzero_plus_depr,0.1,30,424,0.0,3,0.25296456,0.2530142,1.0224652,0.09495871,0.09495871,1.0,4.964347e-05,0.00052279007,-27.16929,2.2494683,0.7498228,0.16000001,0.0,0.17482938,7.004994,7.024994,1360000
hardzero_plus_depr__c0p54__z1p10__lam0p020__nu0p50__psi0p75,hardzero_plus_depr,0.1,30,425,0.0,3,0.2530142,0.2530669,0.98996353,0.10233789,0.10233789,1.0,5.2704705e-05,0.0005150068,-26.89715,2.1779633,0.7259878,0.120000005,0.0,0.15520653,7.024994,7.044994,1363200
hardzero_plus_depr__c0p54__z1p10__lam0p020__nu0p50__psi0p75,hardzero_plus_depr,0.1,30,426,0.0,3,0.2530669,0.25312388,0.94956553,0.11231414,0.11231414,1.0,5.6981386e-05,0.00050733937,-26.405907,2.0890858,0.69636196,0.16800001,0.0,0.15085931,7.044994,7.064994,1366400
hardzero_plus_depr__c0p54__z1p10__lam0p020__nu0p50__psi0p75,hardzero_plus_depr,0.1,30,427,0.0,3,0.25312388,0.25317678,0.97530293,0.10585151,0.10585151,1.0,5.290312e-05,0.00049978617,-25.93359,2.1457093,0.7152364,0.136,0.0,0.12438121,7.064994,7.084994,1369600
hardzero_plus_depr__c0p54__z1p10__lam0p020__nu0p50__psi0p75,hardzero_plus_depr,0.1,30,428,0.0,3,0.25317678,0.25322664,0.99452114,0.10126953,0.10126953,1.0,4.985956e-05,0.00049234513,-26.664465,2.1879902,0.72933006,0.24000001,0.008,0.1581986,7.084994,7.104994,1372800
hardzero_plus_depr__c0p54__z1p10__lam0p020__nu0p50__psi0p75,hardzero_plus_depr,0.1,30,429,0.0,3,0.25322664,0.25327387,1.011543,0.097377114,0.097377114,1.0,4.7229376e-05,0.00048501516,-26.975485,2.225439,0.74181306,0.14,0.0,0.18190774,7.104994,7.124994,1376000
hardzero_plus_depr__c0p54__z1p10__lam0p020__nu0p50__psi0p75,hardzero_plus_depr,0.1,30,430,0.0,3,0.25327387,0.25332358,0.98288363,0.104019865,0.104019865,1.0,4.97001e-05,0.0004777943,-27.610563,2.1623871,0.72079575,0.14400001,0.0,0.17824188,7.124994,7.144994,1379200
hardzero_plus_depr__c0p54__z1p10__lam0p020__nu0p50__psi0p75,hardzero_plus_depr,0.1,30,431,0.0,3,0.25332358,0.2533691,1.0145493,0.0967054,0.0967054,1.0,4.551736e-05,0.00047068065,-28.29356,2.232053,0.7440177,0.208,0.0,0.18914211,7.144994,7.164994,1382400
hardzero_plus_depr__c0p54__z1p10__lam0p020__nu0p50__psi0p75,hardzero_plus_depr,0.1,30,432,0.0,3,0.2533691,0.25341684,0.98738205,0.102948,0.102948,1.0,4.773423e-05,0.0004636732,-26.664427,2.172284,0.7240946,0.216,0.0,0.14850444,7.164994,7.1849937,1385600
hardzero_plus_depr__c0p54__z1p10__lam0p020__nu0p50__psi0p75,hardzero_plus_depr,0.1,30,433,0.0,3,0.25341684,0.25346178,1.0071223,0.098373406,0.098373406,1.0,4.4934026e-05,0.00045677004,-27.347908,2.2157133,0.7385711,0.15200001,0.0,0.15146597,7.1849937,7.2049937,1388800
hardzero_plus_depr__c0p54__z1p10__lam0p020__nu0p50__psi0p75,hardzero_plus_depr,0.1,30,434,0.0,3,0.25346178,0.25350475,1.0200285,0.095493,0.095493,1.0,4.296896e-05,0.00044996975,-27.253222,2.2441075,0.74803585,0.120000005,0.0,0.16033964,7.2049937,7.2249937,1392000
hardzero_plus_depr__c0p54__z1p10__lam0p020__nu0p50__psi0p75,hardzero_plus_depr,0.1,30,435,0.0,3,0.25350475,0.253549,1.000631,0.09985481,0.09985481,1.0,4.42627e-05,0.00044327058,-27.143373,2.201432,0.73381066,0.16800001,0.0,0.14199972,7.2249937,7.2449937,1395200
hardzero_plus_depr__c0p54__z1p10__lam0p020__nu0p50__psi0p75,hardzero_plus_depr,0.1,30,436,0.0,3,0.253549,0.25358805,1.0486974,0.089392826,0.089392826,1.0,3.9035254e-05,0.000436671,-27.244207,2.3071802,0.7690601,0.15200001,0.0,0.17716621,7.2449937,7.2649937,1398400
hardzero_plus_depr__c0p54__z1p10__lam0p020__nu0p50__psi0p75,hardzero_plus_depr,0.1,30,437,0.0,3,0.25358805,0.2536446,0.881234,0.13145162,0.13145162,1.0,5.654653e-05,0.0004301699,-24.329546,1.9387535,0.6462512,0.23200001,0.0,0.123892695,7.2649937,7.2849936,1401600
hardzero_plus_depr__c0p54__z1p10__lam0p020__nu0p50__psi0p75,hardzero_plus_depr,0.1,30,438,0.0,3,0.2536446,0.25368786,0.9907951,0.10214213,0.10214213,1.0,4.328432e-05,0.00042376557,-26.778044,2.1797926,0.72659755,0.128,0.0,0.14195946,7.2849936,7.3049936,1404800
hardzero_plus_depr__c0p54__z1p10__lam0p020__nu0p50__psi0p75,hardzero_plus_depr,0.1,30,439,0.0,3,0.25368786,0.2537313,0.9826944,0.10406522,0.10406522,1.0,4.3442687e-05,0.00041745635,-26.651485,2.1619709,0.720657,0.192,0.0,0.16531527,7.3049936,7.3249936,1408000
hardzero_plus_depr__c0p54__z1p10__lam0p020__nu0p50__psi0p75,hardzero_plus_depr,0.1,30,440,0.0,3,0.2537313,0.25377384,0.98551863,0.103390664,0.103390664,1.0,4.251851e-05,0.0004112413,-26.671638,2.1681843,0.72272813,0.192,0.0,0.16104452,7.3249936,7.3449936,1411200
hardzero_plus_depr__c0p54__z1p10__lam0p020__nu0p50__psi0p75,hardzero_plus_depr,0.1,30,441,0.0,3,0.25377384,0.25381932,0.94968927,0.11228215,0.11228215,1.0,4.5487606e-05,0.00040511877,-25.867231,2.089358,0.69645274,0.128,0.008,0.1538467,7.3449936,7.3649936,1414400
hardzero_plus_depr__c0p54__z1p10__lam0p020__nu0p50__psi0p75,hardzero_plus_depr,0.1,30,442,0.0,3,0.25381932,0.25385314,1.0719347,0.08473547,0.08473547,1.0,3.3816857e-05,0.0003990874,-28.370295,2.3583035,0.7861012,0.14,0.0,0.18424289,7.3649936,7.3849936,1417600
hardzero_plus_depr__c0p54__z1p10__lam0p020__nu0p50__psi0p75,hardzero_plus_depr,0.1,30,443,0.0,3,0.25385314,0.25389436,0.9795702,0.10481653,0.10481653,1.0,4.120818e-05,0.0003931458,-26.644068,2.1550975,0.71836585,0.216,0.0,0.13339575,7.3849936,7.4049935,1420800
hardzero_plus_depr__c0p54__z1p10__lam0p020__nu0p50__psi0p75,hardzero_plus_depr,0.1,30,444,0.0,3,0.25389436,0.25393486,0.98059994,0.1045683,0.1045683,1.0,4.0498515e-05,0.00038729247,-26.48069,2.157363,0.719121,0.192,0.0,0.15755408,7.4049935,7.4249935,1424000
hardzero_plus_depr__c0p54__z1p10__lam0p020__nu0p50__psi0p75,hardzero_plus_depr,0.1,30,445,0.0,3,0.25393486,0.25397673,0.95947266,0.10978105,0.10978105,1.0,4.188438e-05,0.0003815265,-25.663843,2.110882,0.70362735,0.16000001,0.0,0.11878067,7.4249935,7.4449935,1427200
hardzero_plus_depr__c0p54__z1p10__lam0p020__nu0p50__psi0p75,hardzero_plus_depr,0.1,30,446,0.0,3,0.25397673,0.25401852,0.953907,0.11119697,0.11119697,1.0,4.1792977e-05,0.00037584637,-25.756348,2.0986373,0.6995458,0.17600001,0.008,0.12124334,7.4449935,7.4649935,1430400
hardzero_plus_depr__c0p54__z1p10__lam0p020__nu0p50__psi0p75,hardzero_plus_depr,0.1,30,447,0.0,3,0.25401852,0.25405598,0.9949078,0.10117941,0.10117941,1.0,3.746174e-05,0.00037025064,-26.238503,2.1888409,0.72961366,0.23200001,0.0,0.14592758,7.4649935,7.4849935,1433600
hardzero_plus_depr__c0p54__z1p10__lam0p020__nu0p50__psi0p75,hardzero_plus_depr,0.1,30,448,0.0,3,0.25405598,0.25409433,0.9779956,0.10519726,0.10519726,1.0,3.8369475e-05,0.00036473837,-26.299076,2.1516333,0.7172111,0.17600001,0.0,0.13152622,7.4849935,7.5049934,1436800
hardzero_plus_depr__c0p54__z1p10__lam0p020__nu0p50__psi0p75,hardzero_plus_depr,0.1,30,449,0.0,3,0.25409433,0.2541302,1.0007429,0.09982908,0.09982908,1.0,3.58694e-05,0.00035930815,-27.392986,2.2016783,0.7338928,0.18400002,0.0,0.18070483,7.5049934,7.5249934,1440000
hardzero_plus_depr__c0p54__z1p10__lam0p020__nu0p50__psi0p75,hardzero_plus_depr,0.1,30,450,0.0,3,0.2541302,0.25416794,0.97236264,0.1065706,0.1065706,1.0,3.7721602e-05,0.0003539588,-27.159403,2.1392405,0.71308017,0.216,0.0,0.15225154,7.5249934,7.5449934,1443200
hardzero_plus_depr__c0p54__z1p10__lam0p020__nu0p50__psi0p75,hardzero_plus_depr,0.1,30,451,0.0,3,0.25416794,0.25420263,1.0020967,0.09951838,0.09951838,1.0,3.4700974e-05,0.0003486891,-27.7377,2.2046566,0.7348856,0.17600001,0.0,0.17326932,7.5449934,7.5649934,1446400
hardzero_plus_depr__c0p54__z1p10__lam0p020__nu0p50__psi0p75,hardzero_plus_depr,0.1,30,452,0.0,3,0.25420263,0.2542377,0.991075,0.10207633,0.10207633,1.0,3.506298e-05,0.00034349767,-26.968636,2.1804085,0.7268028,0.14400001,0.008,0.16435298,7.5649934,7.5849934,1449600
hardzero_plus_depr__c0p54__z1p10__lam0p020__nu0p50__psi0p75,hardzero_plus_depr,0.1,30,453,0.0,3,0.2542377,0.25427428,0.96626335,0.10807784,0.10807784,1.0,3.6571782e-05,0.00033838372,-26.654215,2.1258218,0.7086073,0.18400002,0.0,0.16380323,7.5849934,7.6049933,1452800
hardzero_plus_depr__c0p54__z1p10__lam0p020__nu0p50__psi0p75,hardzero_plus_depr,0.1,30,454,0.0,3,0.25427428,0.2543077,0.9991182,0.100203246,0.100203246,1.0,3.3402335e-05,0.00033334584,-26.698116,2.198104,0.7327013,0.192,0.0,0.16782483,7.6049933,7.6249933,1456000
hardzero_plus_depr__c0p54__z1p10__lam0p020__nu0p50__psi0p75,hardzero_plus_depr,0.1,30,455,0.0,3,0.2543077,0.25433725,1.0456088,0.09003082,0.09003082,1.0,2.956458e-05,0.00032838288,-27.859509,2.3003852,0.7667951,0.13,0.0,0.1708722,7.6249933,7.6449933,1459200
hardzero_plus_depr__c0p54__z1p10__lam0p020__nu0p50__psi0p75,hardzero_plus_depr,0.1,30,456,0.0,3,0.25433725,0.2543684,1.0165086,0.09627009,0.09627009,1.0,3.114279e-05,0.00032349394,-27.387999,2.2363634,0.7454545,0.136,0.0,0.15653858,7.6449933,7.6649933,1462400
hardzero_plus_depr__c0p54__z1p10__lam0p020__nu0p50__psi0p75,hardzero_plus_depr,0.1,30,457,0.0,3,0.2543684,0.25440195,0.9776939,0.10527034,0.10527034,1.0,3.354732e-05,0.00031867778,-26.71577,2.1509695,0.7169899,0.208,0.0,0.159287,7.6649933,7.6849933,1465600
hardzero_plus_depr__c0p54__z1p10__lam0p020__nu0p50__psi0p75,hardzero_plus_depr,0.1,30,458,0.0,3,0.25440195,0.254435,0.9777713,0.10525159,0.10525159,1.0,3.3041983e-05,0.00031393333,-26.070696,2.1511397,0.7170466,0.16000001,0.0,0.16342439,7.6849933,7.7049932,1468800
hardzero_plus_depr__c0p54__z1p10__lam0p020__nu0p50__psi0p75,hardzero_plus_depr,0.1,30,459,0.0,3,0.254435,0.2544666,0.9909537,0.102104835,0.102104835,1.0,3.1576892e-05,0.0003092595,-26.678297,2.1801417,0.7267139,0.16800001,0.0,0.14550519,7.7049932,7.724993,1472000
hardzero_plus_depr__c0p54__z1p10__lam0p020__nu0p50__psi0p75,hardzero_plus_depr,0.1,30,460,0.0,3,0.2544666,0.25449738,0.9952536,0.10109888,0.10109888,1.0,3.0800293e-05,0.00030465514,-26.854208,2.1896017,0.7298672,0.208,0.0,0.16548526,7.724993,7.744993,1475200
hardzero_plus_depr__c0p54__z1p10__lam0p020__nu0p50__psi0p75,hardzero_plus_depr,0.1,30,461,0.0,3,0.25449738,0.25453246,0.9324305,0.116834074,0.116834074,1.0,3.5064182e-05,0.0003001195,-25.29512,2.051388,0.68379605,0.2,0.0,0.14622165,7.744993,7.764993,1478400
hardzero_plus_depr__c0p54__z1p10__lam0p020__nu0p50__psi0p75,hardzero_plus_depr,0.1,30,462,0.0,3,0.25453246,0.2545628,0.9888832,0.102592774,0.102592774,1.0,3.0331687e-05,0.0002956513,-27.018915,2.1755865,0.7251955,0.192,0.0,0.16368517,7.764993,7.784993,1481600
hardzero_plus_depr__c0p54__z1p10__lam0p020__nu0p50__psi0p75,hardzero_plus_depr,0.1,30,463,0.0,3,0.2545628,0.25459495,0.957062,0.11039209,0.11039209,1.0,3.215164e-05,0.0002912495,-26.294273,2.1055784,0.7018595,0.224,0.0,0.145895,7.784993,7.804993,1484800
hardzero_plus_depr__c0p54__z1p10__lam0p020__nu0p50__psi0p75,hardzero_plus_depr,0.1,30,464,0.0,3,0.25459495,0.25462493,0.98071545,0.10454048,0.10454048,1.0,2.999407e-05,0.00028691345,-27.172747,2.157617,0.71920574,0.14400001,0.0,0.16188979,7.804993,7.824993,1488000
hardzero_plus_depr__c0p54__z1p10__lam0p020__nu0p50__psi0p75,hardzero_plus_depr,0.1,30,465,0.0,3,0.25462493,0.2546574,0.94015044,0.114775605,0.114775605,1.0,3.244039e-05,0.00028264188,-26.437084,2.0683722,0.6894574,0.224,0.0,0.14465849,7.824993,7.844993,1491200
hardzero_plus_depr__c0p54__z1p10__lam0p020__nu0p50__psi0p75,hardzero_plus_depr,0.1,30,466,0.0,3,0.2546574,0.25468576,0.9918966,0.101883374,0.101883374,1.0,2.836779e-05,0.00027843393,-27.231737,2.1822162,0.7274054,0.16000001,0.008,0.16172814,7.844993,7.864993,1494400
hardzero_plus_depr__c0p54__z1p10__lam0p020__nu0p50__psi0p75,hardzero_plus_depr,0.1,30,467,0.0,3,0.25468576,0.25471082,1.0394086,0.09132536,0.09132536,1.0,2.5049505e-05,0.0002742886,-28.328386,2.2867446,0.7622482,0.16800001,0.0,0.19896662,7.864993,7.884993,1497600
hardzero_plus_depr__c0p54__z1p10__lam0p020__nu0p50__psi0p75,hardzero_plus_depr,0.1,30,468,0.0,3,0.25471082,0.25473943,0.9753472,0.10584071,0.10584071,1.0,2.859868e-05,0.0002702049,-25.443335,2.1458068,0.71526897,0.12,0.0,0.12899773,7.884993,7.904993,1500800
hardzero_plus_depr__c0p54__z1p10__lam0p020__nu0p50__psi0p75,hardzero_plus_depr,0.1,30,469,0.0,3,0.25473943,0.25476688,0.98654014,0.103147775,0.103147775,1.0,2.7456093e-05,0.00026618212,-26.57075,2.1704316,0.72347724,0.2,0.0,0.15504815,7.904993,7.924993,1504000
hardzero_plus_depr__c0p54__z1p10__lam0p020__nu0p50__psi0p75,hardzero_plus_depr,0.1,30,470,0.0,3,0.25476688,0.25479284,1.0042021,0.09903709,0.09903709,1.0,2.5969426e-05,0.0002622192,-27.282389,2.2092888,0.73642963,0.224,0.0,0.15494986,7.924993,7.944993,1507200
hardzero_plus_depr__c0p54__z1p10__lam0p020__nu0p50__psi0p75,hardzero_plus_depr,0.1,30,471,0.0,3,0.25479284,0.25482118,0.9595051,0.10977283,0.10977283,1.0,2.8355991e-05,0.0002583152,-26.86041,2.1109533,0.70365113,0.192,0.0,0.15479022,7.944993,7.964993,1510400
hardzero_plus_depr__c0p54__z1p10__lam0p020__nu0p50__psi0p75,hardzero_plus_depr,0.1,30,472,0.0,3,0.25482118,0.25484926,0.95748454,0.11028473,0.11028473,1.0,2.8064092e-05,0.00025446943,-26.431906,2.106508,0.70216936,0.216,0.0,0.14919612,7.964993,7.984993,1513600
hardzero_plus_depr__c0p54__z1p10__lam0p020__nu0p50__psi0p75,hardzero_plus_depr,0.1,30,473,0.0,3,0.25484926,0.2548756,0.9785426,0.10506483,0.10506483,1.0,2.6337746e-05,0.0002506809,-25.984398,2.1528368,0.71761227,0.104,0.0,0.1531602,7.984993,8.004993,1516800
hardzero_plus_depr__c0p54__z1p10__lam0p020__nu0p50__psi0p75,hardzero_plus_depr,0.1,30,474,0.0,3,0.2548756,0.25490114,0.98513573,0.10348187,0.10348187,1.0,2.5554707e-05,0.00024694865,-27.409306,2.167342,0.72244734,0.17600001,0.0,0.14311355,8.004993,8.024994,1520000
hardzero_plus_depr__c0p54__z1p10__lam0p020__nu0p50__psi0p75,hardzero_plus_depr,0.1,30,475,0.0,3,0.25490114,0.25492445,1.0187026,0.09578497,0.09578497,1.0,2.3301798e-05,0.00024327198,-26.84625,2.2411904,0.7470635,0.192,0.0,0.17175065,8.024994,8.044994,1523200
hardzero_plus_depr__c0p54__z1p10__lam0p020__nu0p50__psi0p75,hardzero_plus_depr,0.1,30,476,0.0,3,0.25492445,0.25494784,1.0102433,0.09766899,0.09766899,1.0,2.340638e-05,0.00023965005,-27.152208,2.2225797,0.7408599,0.104,0.0,0.16282003,8.044994,8.064995,1526400
hardzero_plus_depr__c0p54__z1p10__lam0p020__nu0p50__psi0p75,hardzero_plus_depr,0.1,30,477,0.0,3,0.25494784,0.25497216,0.9872129,0.102988124,0.102988124,1.0,2.4313646e-05,0.00023608204,-27.119352,2.1719117,0.7239706,0.23200001,0.0,0.19027339,8.064995,8.084995,1529600
hardzero_plus_depr__c0p54__z1p10__lam0p020__nu0p50__psi0p75,hardzero_plus_depr,0.1,30,478,0.0,3,0.25497216,0.25499636,0.98263466,0.10407953,0.10407953,1.0,2.420548e-05,0.00023256715,-26.532398,2.1618395,0.7206132,0.16000001,0.0,0.15715508,8.084995,8.104996,1532800
hardzero_plus_depr__c0p54__z1p10__lam0p020__nu0p50__psi0p75,hardzero_plus_depr,0.1,30,479,0.0,3,0.25499636,0.2550188,1.0087441,0.098006725,0.098006725,1.0,2.2453793e-05,0.00022910461,-27.892317,2.2192814,0.7397605,0.2,0.0,0.19946188,8.104996,8.124996,1536000
hardzero_plus_depr__c0p54__z1p10__lam0p020__nu0p50__psi0p75,hardzero_plus_depr,0.1,30,480,0.0,3,0.2550188,0.25503838,1.0618795,0.08672024,0.08672024,1.0,1.9572204e-05,0.00022569361,-28.265373,2.3361816,0.77872723,0.080000006,0.0,0.14931226,8.124996,8.144997,1539200
hardzero_plus_depr__c0p54__z1p10__lam0p020__nu0p50__psi0p75,hardzero_plus_depr,0.1,30,481,0.0,3,0.25503838,0.25506106,0.991222,0.10204176,0.10204176,1.0,2.2687289e-05,0.00022233339,-26.851904,2.180732,0.7269107,0.24,0.0,0.15419938,8.144997,8.164997,1542400
hardzero_plus_depr__c0p54__z1p10__lam0p020__nu0p50__psi0p75,hardzero_plus_depr,0.1,30,482,0.0,3,0.25506106,0.25508505,0.96019995,0.109597355,0.109597355,1.0,2.4004363e-05,0.00021902319,-26.102476,2.112482,0.7041607,0.208,0.0,0.16537525,8.164997,8.184998,1545600
hardzero_plus_depr__c0p54__z1p10__lam0p020__nu0p50__psi0p75,hardzero_plus_depr,0.1,30,483,0.0,3,0.25508505,0.25510457,1.0431774,0.090536274,0.090536274,1.0,1.9534315e-05,0.0002157623,-28.338593,2.295036,0.765012,0.16000001,0.0,0.17436036,8.184998,8.204998,1548800
hardzero_plus_depr__c0p54__z1p10__lam0p020__nu0p50__psi0p75,hardzero_plus_depr,0.1,30,484,0.0,3,0.25510457,0.25512686,0.97930056,0.10488164,0.10488164,1.0,2.2292585e-05,0.00021254993,-25.31797,2.1545043,0.71816814,0.17600001,0.0,0.14083189,8.204998,8.224998,1552000
hardzero_plus_depr__c0p54__z1p10__lam0p020__nu0p50__psi0p75,hardzero_plus_depr,0.1,30,485,0.0,3,0.25512686,0.25514743,1.0078909,0.09819944,0.09819944,1.0,2.056153e-05,0.00020938541,-27.06337,2.2174044,0.7391348,0.128,0.0,0.16289242,8.224998,8.244999,1555200
hardzero_plus_depr__c0p54__z1p10__lam0p020__nu0p50__psi0p75,hardzero_plus_depr,0.1,30,486,0.0,3,0.25514743,0.25517023,0.9562879,0.110589035,0.110589035,1.0,2.2810978e-05,0.000206268,-26.614256,2.1038754,0.7012918,0.24000001,0.0,0.15308563,8.244999,8.264999,1558400
hardzero_plus_depr__c0p54__z1p10__lam0p020__nu0p50__psi0p75,hardzero_plus_depr,0.1,30,487,0.0,3,0.25517023,0.25519234,0.9631255,0.10886153,0.10886153,1.0,2.2120335e-05,0.00020319699,-26.327774,2.1189184,0.70630616,0.15200001,0.0,0.124841236,8.264999,8.285,1561600
hardzero_plus_depr__c0p54__z1p10__lam0p020__nu0p50__psi0p75,hardzero_plus_depr,0.1,30,488,0.0,3,0.25519234,0.25521326,0.9807262,0.10453792,0.10453792,1.0,2.0925536e-05,0.00020017172,-26.980122,2.1576407,0.7192136,0.208,0.0,0.14243042,8.285,8.305,1564800
hardzero_plus_depr__c0p54__z1p10__lam0p020__nu0p50__psi0p75,hardzero_plus_depr,0.1,30,489,0.0,3,0.25521326,0.2552348,0.9616525,0.10923139,0.10923139,1.0,2.1539501e-05,0.00019719149,-26.187922,2.1156778,0.70522594,0.128,0.0,0.14924803,8.305,8.325001,1568000
hardzero_plus_depr__c0p54__z1p10__lam0p020__nu0p50__psi0p75,hardzero_plus_depr,0.1,30,490,0.0,3,0.2552348,0.25525522,0.9784799,0.10507999,0.10507999,1.0,2.0412379e-05,0.00019425561,-27.003433,2.1526988,0.71756625,0.16000001,0.0,0.17398408,8.325001,8.345001,1571200
hardzero_plus_depr__c0p54__z1p10__lam0p020__nu0p50__psi0p75,hardzero_plus_depr,0.1,30,491,0.0,3,0.25525522,0.25527614,0.9613048,0.10931888,0.10931888,1.0,2.091964e-05,0.00019136346,-25.770187,2.1149127,0.70497096,0.18400002,0.0,0.13116387,8.345001,8.365002,1574400
hardzero_plus_depr__c0p54__z1p10__lam0p020__nu0p50__psi0p75,hardzero_plus_depr,0.1,30,492,0.0,3,0.25527614,0.25529718,0.95212704,0.11165366,0.11165366,1.0,2.104832e-05,0.00018851436,-26.187529,2.0947213,0.69824046,0.23200001,0.008,0.13408925,8.365002,8.385002,1577600
hardzero_plus_depr__c0p54__z1p10__lam0p020__nu0p50__psi0p75,hardzero_plus_depr,0.1,30,493,0.0,3,0.25529718,0.2553163,0.9875418,0.10291014,0.10291014,1.0,1.9111203e-05,0.00018570769,-26.580853,2.1726353,0.7242118,0.18400002,0.0,0.15560053,8.385002,8.405003,1580800
hardzero_plus_depr__c0p54__z1p10__lam0p020__nu0p50__psi0p75,hardzero_plus_depr,0.1,30,494,0.0,3,0.2553163,0.25533462,0.9991223,0.100202285,0.100202285,1.0,1.8331286e-05,0.0001829428,-28.228773,2.198113,0.73270434,0.19999999,0.0,0.17766768,8.405003,8.425003,1584000
hardzero_plus_depr__c0p54__z1p10__lam0p020__nu0p50__psi0p75,hardzero_plus_depr,0.1,30,495,0.0,3,0.25533462,0.2553546,0.9548823,0.110947534,0.110947534,1.0,1.9994863e-05,0.00018021908,-25.668684,2.100783,0.70026106,0.128,0.0,0.14788376,8.425003,8.4450035,1587200
hardzero_plus_depr__c0p54__z1p10__lam0p020__nu0p50__psi0p75,hardzero_plus_depr,0.1,30,496,0.0,3,0.2553546,0.25537252,0.9963044,0.10085457,0.10085457,1.0,1.7905308e-05,0.00017753591,-27.327042,2.1919134,0.7306378,0.16000001,0.0,0.17598717,8.4450035,8.465004,1590400
hardzero_plus_depr__c0p54__z1p10__lam0p020__nu0p50__psi0p75,hardzero_plus_depr,0.1,30,497,0.0,3,0.25537252,0.25539005,0.99915135,0.100195594,0.100195594,1.0,1.7523475e-05,0.00017489267,-27.115665,2.1981769,0.7327256,0.128,0.0,0.15575117,8.465004,8.485004,1593600
hardzero_plus_depr__c0p54__z1p10__lam0p020__nu0p50__psi0p75,hardzero_plus_depr,0.1,30,498,0.0,3,0.25539005,0.25540587,1.0373167,0.09176631,0.09176631,1.0,1.5810308e-05,0.0001722888,-28.242548,2.2821422,0.76071405,0.14400001,0.0,0.17364778,8.485004,8.505005,1596800
hardzero_plus_depr__c0p54__z1p10__lam0p020__nu0p50__psi0p75,hardzero_plus_depr,0.1,30,499,0.0,3,0.25540587,0.25542367,0.979258,0.10489191,0.10489191,1.0,1.7802644e-05,0.0001697237,-26.059689,2.1544106,0.7181369,0.15200001,0.0,0.14653836,8.505005,8.525005,1600000
hardzero_plus_depr__c0p54__z1p10__lam0p020__nu0p50__psi0p75,hardzero_plus_depr,0.1,30,500,0.0,3,0.25542367,0.25544113,0.9811537,0.104435034,0.104435034,1.0,1.7461203e-05,0.00016719679,-27.42546,2.1585813,0.7195271,0.192,0.0,0.13985017,8.525005,8.545006,1603200
hardzero_plus_depr__c0p54__z1p10__lam0p020__nu0p50__psi0p75,hardzero_plus_depr,0.1,30,501,0.0,3,0.25544113,0.25545803,0.98919976,0.10251802,0.10251802,1.0,1.6885488e-05,0.0001647075,-27.304928,2.176283,0.7254276,0.17600001,0.0,0.15834305,8.545006,8.565006,1606400
hardzero_plus_depr__c0p54__z1p10__lam0p020__nu0p50__psi0p75,hardzero_plus_depr,0.1,30,502,0.0,3,0.25545803,0.25547403,1.0063076,0.09855812,0.09855812,1.0,1.5991573e-05,0.00016225525,-27.136919,2.2139208,0.73797363,0.16000001,0.0,0.16235146,8.565006,8.585007,1609600
hardzero_plus_depr__c0p54__z1p10__lam0p020__nu0p50__psi0p75,hardzero_plus_depr,0.1,30,503,0.0,3,0.25547403,0.25549066,0.98308456,0.103971764,0.103971764,1.0,1.66188e-05,0.00015983955,-26.533787,2.1628292,0.7209431,0.136,0.0,0.14106254,8.585007,8.605007,1612800
hardzero_plus_depr__c0p54__z1p10__lam0p020__nu0p50__psi0p75,hardzero_plus_depr,0.1,30,504,0.0,3,0.25549066,0.25550792,0.9600727,0.109629475,0.109629475,1.0,1.7262233e-05,0.00015745978,-25.884644,2.1122022,0.7040674,0.208,0.0,0.12765509,8.605007,8.625008,1616000
hardzero_plus_depr__c0p54__z1p10__lam0p020__nu0p50__psi0p75,hardzero_plus_depr,0.1,30,505,0.0,3,0.25550792,0.2555224,1.0293683,0.09346128,0.09346128,1.0,1.4497291e-05,0.00015511547,-27.625906,2.2646554,0.75488514,0.16800001,0.0,0.166969,8.625008,8.645008,1619200
hardzero_plus_depr__c0p54__z1p10__lam0p020__nu0p50__psi0p75,hardzero_plus_depr,0.1,30,506,0.0,3,0.2555224,0.2555371,1.0172712,0.09610122,0.09610122,1.0,1.4684846e-05,0.00015280604,-27.23729,2.2380412,0.74601376,0.17600001,0.0,0.15784477,8.645008,8.665009,1622400
hardzero_plus_depr__c0p54__z1p10__lam0p020__nu0p50__psi0p75,hardzero_plus_depr,0.1,30,507,0.0,3,0.2555371,0.25555062,1.0465478,0.08983638,0.08983638,1.0,1.3523159e-05,0.00015053099,-27.54418,2.3024511,0.7674837,0.11,0.0,0.17715782,8.665009,8.685009,1625600
hardzero_plus_depr__c0p54__z1p10__lam0p020__nu0p50__psi0p75,hardzero_plus_depr,0.1,30,508,0.0,3,0.25555062,0.25556394,1.0461482,0.08991908,0.08991908,1.0,1.3334086e-05,0.00014828984,-28.547691,2.3015718,0.76719064,0.14400001,0.0,0.21278659,8.685009,8.705009,1628800
hardzero_plus_depr__c0p54__z1p10__lam0p020__nu0p50__psi0p75,hardzero_plus_depr,0.1,30,509,0.0,3,0.25556394,0.2555788,0.99305964,0.101610914,0.101610914,1.0,1.484353e-05,0.00014608205,-26.61522,2.1847749,0.7282583,0.208,0.0,0.13426389,8.705009,8.72501,1632000
hardzero_plus_depr__c0p54__z1p10__lam0p020__nu0p50__psi0p75,hardzero_plus_depr,0.1,30,510,0.0,3,0.2555788,0.25559425,0.9688905,0.107426025,0.107426025,1.0,1.5459369e-05,0.00014390712,-25.86714,2.1316016,0.71053386,0.192,0.0,0.15590808,8.72501,8.74501,1635200
hardzero_plus_depr__c0p54__z1p10__lam0p020__nu0p50__psi0p75,hardzero_plus_depr,0.1,30,511,0.0,3,0.25559425,0.25560784,1.0178792,0.09596675,0.09596675,1.0,1.3604685e-05,0.00014176457,-26.971695,2.2393792,0.7464597,0.17600001,0.0,0.14840558,8.74501,8.765011,1638400
hardzero_plus_depr__c0p54__z1p10__lam0p020__nu0p50__psi0p75,hardzero_plus_depr,0.1,30,512,0.0,3,0.25560784,0.25562072,1.0348383,0.0922915,0.0922915,1.0,1.2888869e-05,0.00013965392,-27.51729,2.2766898,0.7588966,0.08800001,0.0,0.16371723,8.765011,8.785011,1641600
hardzero_plus_depr__c0p54__z1p10__lam0p020__nu0p50__psi0p75,hardzero_plus_depr,0.1,30,513,0.0,3,0.25562072,0.25563395,1.0170643,0.096146986,0.096146986,1.0,1.3227393e-05,0.0001375747,-27.368036,2.2375863,0.7458621,0.14400001,0.0,0.17096587,8.785011,8.805012,1644800
hardzero_plus_depr__c0p54__z1p10__lam0p020__nu0p50__psi0p75,hardzero_plus_depr,0.1,30,514,0.0,3,0.25563395,0.25564817,0.97885084,0.10499029,0.10499029,1.0,1.4228958e-05,0.00013552642,-26.253242,2.1535149,0.7178383,0.120000005,0.0,0.1658925,8.805012,8.825012,1648000
hardzero_plus_depr__c0p54__z1p10__lam0p020__nu0p50__psi0p75,hardzero_plus_depr,0.1,30,515,0.0,3,0.25564817,0.25566244,0.97071844,0.106974825,0.106974825,1.0,1.4282066e-05,0.00013350867,-26.58296,2.1356232,0.7118744,0.128,0.0,0.1599163,8.825012,8.845013,1651200
hardzero_plus_depr__c0p54__z1p10__lam0p020__nu0p50__psi0p75,hardzero_plus_depr,0.1,30,516,0.0,3,0.25566244,0.25567633,0.97646075,0.10556969,0.10556969,1.0,1.3884624e-05,0.00013152094,-26.577124,2.1482565,0.71608555,0.16000001,0.0,0.16023949,8.845013,8.865013,1654400
hardzero_plus_depr__c0p54__z1p10__lam0p020__nu0p50__psi0p75,hardzero_plus_depr,0.1,30,517,0.0,3,0.25567633,0.25568902,1.0092978,0.097881846,0.097881846,1.0,1.2681845e-05,0.00012956279,-26.971338,2.2204995,0.74016654,0.17600001,0.0,0.15345709,8.865013,8.885014,1657600
hardzero_plus_depr__c0p54__z1p10__lam0p020__nu0p50__psi0p75,hardzero_plus_depr,0.1,30,518,0.0,3,0.25568902,0.2557046,0.9135016,0.12203892,0.12203892,1.0,1.5576292e-05,0.0001276338,-25.538141,2.0097437,0.6699146,0.216,0.0,0.13719453,8.885014,8.905014,1660800
hardzero_plus_depr__c0p54__z1p10__lam0p020__nu0p50__psi0p75,hardzero_plus_depr,0.1,30,519,0.0,3,0.2557046,0.25571686,1.0113043,0.09743067,0.09743067,1.0,1.22503025e-05,0.00012573354,-27.964878,2.2249138,0.74163795,0.104,0.0,0.19010079,8.905014,8.9250145,1664000
hardzero_plus_depr__c0p54__z1p10__lam0p020__nu0p50__psi0p75,hardzero_plus_depr,0.1,30,520,0.0,3,0.25571686,0.25572982,0.9800455,0.10470188,0.10470188,1.0,1.29685395e-05,0.00012386158,-26.32252,2.1561432,0.7187144,0.11,0.0,0.15514421,8.9250145,8.945015,1667200
hardzero_plus_depr__c0p54__z1p10__lam0p020__nu0p50__psi0p75,hardzero_plus_depr,0.1,30,521,0.0,3,0.25572982,0.25574207,0.99883586,0.10026841,0.10026841,1.0,1.2234499e-05,0.00012201748,-27.872488,2.1974828,0.7324943,0.16000001,0.0,0.15089011,8.945015,8.965015,1670400
hardzero_plus_depr__c0p54__z1p10__lam0p020__nu0p50__psi0p75,hardzero_plus_depr,0.1,30,522,0.0,3,0.25574207,0.25575593,0.9386118,0.115182936,0.115182936,1.0,1.3845083e-05,0.00012020082,-25.625668,2.0649872,0.6883291,0.16800001,0.0,0.13699974,8.965015,8.985016,1673600
hardzero_plus_depr__c0p54__z1p10__lam0p020__nu0p50__psi0p75,hardzero_plus_depr,0.1,30,523,0.0,3,0.25575593,0.25576812,0.98783773,0.10284004,0.10284004,1.0,1.2177416e-05,0.000118411226,-26.067568,2.1732864,0.72442883,0.15200001,0.0,0.15907606,8.985016,9.005016,1676800
hardzero_plus_depr__c0p54__z1p10__lam0p020__nu0p50__psi0p75,hardzero_plus_depr,0.1,30,524,0.0,3,0.25576812,0.2557796,1.0070778,0.09838347,0.09838347,1.0,1.1476263e-05,0.00011664828,-27.43483,2.2156155,0.7385385,0.208,0.0,0.18555062,9.005016,9.025017,1680000
hardzero_plus_depr__c0p54__z1p10__lam0p020__nu0p50__psi0p75,hardzero_plus_depr,0.1,30,525,0.0,3,0.2557796,0.25579086,1.0086044,0.09803826,0.09803826,1.0,1.1265732e-05,0.00011491158,-26.426727,2.2189739,0.739658,0.16000001,0.0,0.15806422,9.025017,9.045017,1683200
hardzero_plus_depr__c0p54__z1p10__lam0p020__nu0p50__psi0p75,hardzero_plus_depr,0.1,30,526,0.0,3,0.25579086,0.25580177,1.0156593,0.09645853,0.09645853,1.0,1.0919176e-05,0.000113200724,-27.570131,2.2344952,0.74483174,0.14400001,0.0,0.16246423,9.045017,9.065018,1686400
hardzero_plus_depr__c0p54__z1p10__lam0p020__nu0p50__psi0p75,hardzero_plus_depr,0.1,30,527,0.0,3,0.25580177,0.25581282,1.0041451,0.099050075,0.099050075,1.0,1.1045603e-05,0.00011151534,-27.673254,2.2091634,0.73638785,0.17600001,0.0,0.15614799,9.065018,9.085018,1689600
hardzero_plus_depr__c0p54__z1p10__lam0p020__nu0p50__psi0p75,hardzero_plus_depr,0.1,30,528,0.0,3,0.25581282,0.25582537,0.9420723,0.11426881,0.11426881,1.0,1.2553008e-05,0.000109855064,-26.237635,2.0726004,0.6908668,0.208,0.0,0.15519845,9.085018,9.105019,1692800
hardzero_plus_depr__c0p54__z1p10__lam0p020__nu0p50__psi0p75,hardzero_plus_depr,0.1,30,529,0.0,3,0.25582537,0.25583643,0.99068356,0.10216836,0.10216836,1.0,1.1056609e-05,0.0001082195,-26.523464,2.1795473,0.72651577,0.2,0.0,0.16212733,9.105019,9.125019,1696000
hardzero_plus_depr__c0p54__z1p10__lam0p020__nu0p50__psi0p75,hardzero_plus_depr,0.1,30,530,0.0,3,0.25583643,0.25584817,0.95828766,0.11008099,0.11008099,1.0,1.1735545e-05,0.000106608284,-25.717234,2.108275,0.7027583,0.16800001,0.0,0.14092016,9.125019,9.14502,1699200
hardzero_plus_depr__c0p54__z1p10__lam0p020__nu0p50__psi0p75,hardzero_plus_depr,0.1,30,531,0.0,3,0.25584817,0.2558601,0.9445899,0.1136083,0.1136083,1.0,1.1931263e-05,0.00010502105,-25.969316,2.0781393,0.69271314,0.216,0.0,0.14509107,9.14502,9.16502,1702400
hardzero_plus_depr__c0p54__z1p10__lam0p020__nu0p50__psi0p75,hardzero_plus_depr,0.1,30,532,0.0,3,0.2558601,0.25587088,0.98168105,0.10430832,0.10430832,1.0,1.0791474e-05,0.00010345746,-27.139168,2.1597414,0.71991384,0.2,0.008,0.15175818,9.16502,9.18502,1705600
hardzero_plus_depr__c0p54__z1p10__lam0p020__nu0p50__psi0p75,hardzero_plus_depr,0.1,30,533,0.0,3,0.25587088,0.25588116,0.9964484,0.10082113,0.10082113,1.0,1.0275402e-05,0.00010191715,-27.004517,2.1922302,0.7307434,0.17,0.0,0.15953721,9.18502,9.205021,1708800
hardzero_plus_depr__c0p54__z1p10__lam0p020__nu0p50__psi0p75,hardzero_plus_depr,0.1,30,534,0.0,3,0.25588116,0.25589162,0.9827096,0.10406156,0.10406156,1.0,1.0447757e-05,0.00010039977,-27.17964,2.1620042,0.7206681,0.16000001,0.0,0.17024975,9.205021,9.225021,1712000
hardzero_plus_depr__c0p54__z1p10__lam0p020__nu0p50__psi0p75,hardzero_plus_depr,0.1,30,535,0.0,3,0.25589162,0.2559022,0.97109187,0.10688286,0.10688286,1.0,1.0571245e-05,9.890496e-05,-26.739279,2.1364448,0.7121483,0.16000001,0.0,0.14358577,9.225021,9.245022,1715200
hardzero_plus_depr__c0p54__z1p10__lam0p020__nu0p50__psi0p75,hardzero_plus_depr,0.1,30,536,0.0,3,0.2559022,0.2559118,1.006743,0.098459356,0.098459356,1.0,9.593135e-06,9.7432436e-05,-26.861225,2.2148788,0.73829293,0.216,0.0,0.17666179,9.245022,9.265022,1718400
hardzero_plus_depr__c0p54__z1p10__lam0p020__nu0p50__psi0p75,hardzero_plus_depr,0.1,30,537,0.0,3,0.2559118,0.2559222,0.96557957,0.10824815,0.10824815,1.0,1.0389854e-05,9.598181e-05,-26.304895,2.1243174,0.7081058,0.208,0.0,0.13965803,9.265022,9.285023,1721600
hardzero_plus_depr__c0p54__z1p10__lam0p020__nu0p50__psi0p75,hardzero_plus_depr,0.1,30,538,0.0,3,0.2559222,0.25593317,0.9360624,0.11586109,0.11586109,1.0,1.0954991e-05,9.455281e-05,-25.81704,2.0593784,0.6864595,0.15200001,0.0,0.12995107,9.285023,9.305023,1724800
hardzero_plus_depr__c0p54__z1p10__lam0p020__nu0p50__psi0p75,hardzero_plus_depr,0.1,30,539,0.0,3,0.25593317,0.25594398,0.9354543,0.116023436,0.116023436,1.0,1.080701e-05,9.314506e-05,-26.324883,2.0580406,0.6860136,0.2,0.0,0.14792089,9.305023,9.325024,1728000
hardzero_plus_depr__c0p54__z1p10__lam0p020__nu0p50__psi0p75,hardzero_plus_depr,0.1,30,540,0.0,3,0.25594398,0.25595233,1.040984,0.09099468,0.09099468,1.0,8.349516e-06,9.175829e-05,-27.2228,2.2902105,0.76340353,0.14400001,0.008,0.14930199,9.325024,9.345024,1731200
hardzero_plus_depr__c0p54__z1p10__lam0p020__nu0p50__psi0p75,hardzero_plus_depr,0.1,30,541,0.0,3,0.25595233,0.2559615,0.99326056,0.10156392,0.10156392,1.0,9.180581e-06,9.0392154e-05,-27.527306,2.185217,0.72840565,0.216,0.0,0.17771529,9.345024,9.365025,1734400
hardzero_plus_depr__c0p54__z1p10__lam0p020__nu0p50__psi0p75,hardzero_plus_depr,0.1,30,542,0.0,3,0.2559615,0.25596914,1.0669199,0.085719585,0.085719585,1.0,7.633017e-06,8.9046356e-05,-28.513607,2.3472707,0.7824236,0.16000001,0.0,0.16143715,9.365025,9.385025,1737600
hardzero_plus_depr__c0p54__z1p10__lam0p020__nu0p50__psi0p75,hardzero_plus_depr,0.1,30,543,0.0,3,0.25596914,0.25597876,0.9593468,0.109812856,0.109812856,1.0,9.6328495e-06,8.77206e-05,-25.430832,2.110605,0.703535,0.192,0.0,0.14050616,9.385025,9.4050255,1740800
hardzero_plus_depr__c0p54__z1p10__lam0p020__nu0p50__psi0p75,hardzero_plus_depr,0.1,30,544,0.0,3,0.25597876,0.25598818,0.9627915,0.1089453,0.1089453,1.0,9.4144625e-06,8.641458e-05,-26.138306,2.1181836,0.70606124,0.15200001,0.0,0.1309173,9.4050255,9.425026,1744000
hardzero_plus_depr__c0p54__z1p10__lam0p020__nu0p50__psi0p75,hardzero_plus_depr,0.1,30,545,0.0,3,0.25598818,0.25599784,0.94523233,0.11344038,0.11344038,1.0,9.656953e-06,8.5128006e-05,-26.437618,2.0795527,0.69318426,0.18400002,0.0,0.15344262,9.425026,9.445026,1747200
hardzero_plus_depr__c0p54__z1p10__lam0p020__nu0p50__psi0p75,hardzero_plus_depr,0.1,30,546,0.0,3,0.25599784,0.2560058,1.0222967,0.09499557,0.09499557,1.0,7.966384e-06,8.3860585e-05,-26.490383,2.2490976,0.74969923,0.14,0.0,0.14573754,9.445026,9.465027,1750400
hardzero_plus_depr__c0p54__z1p10__lam0p020__nu0p50__psi0p75,hardzero_plus_depr,0.1,30,547,0.0,3,0.2560058,0.25601444,0.9807879,0.10452306,0.10452306,1.0,8.634863e-06,8.261203e-05,-26.506975,2.1577764,0.7192588,0.216,0.0,0.15109129,9.465027,9.485027,1753600
hardzero_plus_depr__c0p54__z1p10__lam0p020__nu0p50__psi0p75,hardzero_plus_depr,0.1,30,548,0.0,3,0.25601444,0.25602394,0.9324723,0.11682282,0.11682282,1.0,9.507283e-06,8.138207e-05,-25.86866,2.05148,0.6838267,0.216,0.0,0.1378127,9.485027,9.505028,1756800
hardzero_plus_depr__c0p54__z1p10__lam0p020__nu0p50__psi0p75,hardzero_plus_depr,0.1,30,549,0.0,3,0.25602394,0.25603163,1.0175289,0.09604418,0.09604418,1.0,7.699903e-06,8.017042e-05,-27.52224,2.2386084,0.7462028,0.128,0.0,0.17188695,9.505028,9.525028,1760000
hardzero_plus_depr__c0p54__z1p10__lam0p020__nu0p50__psi0p75,hardzero_plus_depr,0.1,30,550,0.0,3,0.25603163,0.256039,1.0300303,0.09331893,0.09331893,1.0,7.370032e-06,7.897682e-05,-27.984676,2.2661119,0.7553706,0.14400001,0.0,0.16973747,9.525028,9.545029,1763200
hardzero_plus_depr__c0p54__z1p10__lam0p020__nu0p50__psi0p75,hardzero_plus_depr,0.1,30,551,0.0,3,0.256039,0.25604755,0.95906746,0.10988351,0.10988351,1.0,8.549045e-06,7.780098e-05,-26.116201,2.1099906,0.7033302,0.2,0.0,0.14875996,9.545029,9.565029,1766400
hardzero_plus_depr__c0p54__z1p10__lam0p020__nu0p50__psi0p75,hardzero_plus_depr,0.1,30,552,0.0,3,0.25604755,0.25605613,0.9508317,0.11198719,0.11198719,1.0,8.582993e-06,7.664264e-05,-27.282055,2.0918715,0.69729054,0.16800001,0.0,0.15935545,9.565029,9.58503,1769600
hardzero_plus_depr__c0p54__z1p10__lam0p020__nu0p50__psi0p75,hardzero_plus_depr,0.1,30,553,0.0,3,0.25605613,0.25606492,0.9343602,0.11631608,0.11631608,1.0,8.782045e-06,7.550156e-05,-26.33605,2.0556335,0.6852112,0.16800001,0.0,0.13285638,9.58503,9.60503,1772800
hardzero_plus_depr__c0p54__z1p10__lam0p020__nu0p50__psi0p75,hardzero_plus_depr,0.1,30,554,0.0,3,0.25606492,0.25607184,1.0322421,0.09284488,0.09284488,1.0,6.9055664e-06,7.437746e-05,-27.528126,2.270978,0.7569927,0.17600001,0.0,0.16200192,9.60503,9.6250305,1776000
hardzero_plus_depr__c0p54__z1p10__lam0p020__nu0p50__psi0p75,hardzero_plus_depr,0.1,30,555,0.0,3,0.25607184,0.2560794,0.9861554,0.10323919,0.10323919,1.0,7.564346e-06,7.32701e-05,-26.89075,2.1695852,0.7231951,0.14400001,0.0,0.15988292,9.6250305,9.645031,1779200
hardzero_plus_depr__c0p54__z1p10__lam0p020__nu0p50__psi0p75,hardzero_plus_depr,0.1,30,556,0.0,3,0.2560794,0.2560877,0.9397088,0.11489237,0.11489237,1.0,8.292843e-06,7.217923e-05,-26.194172,2.0674007,0.6891336,0.208,0.0,0.16404267,9.645031,9.665031,1782400
hardzero_plus_depr__c0p54__z1p10__lam0p020__nu0p50__psi0p75,hardzero_plus_depr,0.1,30,557,0.0,3,0.2560877,0.2560949,0.9940676,0.10137534,0.10137534,1.0,7.2082516e-06,7.110459e-05,-26.65786,2.1869924,0.72899747,0.15200001,0.0,0.18541469,9.665031,9.685032,1785600
hardzero_plus_depr__c0p54__z1p10__lam0p020__nu0p50__psi0p75,hardzero_plus_depr,0.1,30,558,0.0,3,0.2560949,0.25610211,0.9877931,0.10285061,0.10285061,1.0,7.2042694e-06,7.004596e-05,-26.880035,2.1731882,0.7243961,0.14400001,0.0,0.14769158,9.685032,9.705032,1788800
hardzero_plus_depr__c0p54__z1p10__lam0p020__nu0p50__psi0p75,hardzero_plus_depr,0.1,30,559,0.0,3,0.25610211,0.2561091,0.9956131,0.10101525,0.10101525,1.0,6.9703638e-06,6.900309e-05,-27.03481,2.1903925,0.73013085,0.14999999,0.0,0.17107113,9.705032,9.725033,1792000
hardzero_plus_depr__c0p54__z1p10__lam0p020__nu0p50__psi0p75,hardzero_plus_depr,0.1,30,560,0.0,3,0.2561091,0.25611582,1.004453,0.09897991,0.09897991,1.0,6.7282326e-06,6.7975736e-05,-27.027521,2.2098405,0.7366135,0.15200001,0.0,0.14315426,9.725033,9.745033,1795200
hardzero_plus_depr__c0p54__z1p10__lam0p020__nu0p50__psi0p75,hardzero_plus_depr,0.1,30,561,0.0,3,0.25611582,0.25612244,1.0051539,0.09882028,0.09882028,1.0,6.61737e-06,6.696369e-05,-26.517527,2.2113826,0.73712754,0.16000001,0.0,0.15424918,9.745033,9.765034,1798400
hardzero_plus_depr__c0p54__z1p10__lam0p020__nu0p50__psi0p75,hardzero_plus_depr,0.1,30,562,0.0,3,0.25612244,0.2561284,1.0450035,0.09015637,0.09015637,1.0,5.9473186e-06,6.5966706e-05,-27.390268,2.2990537,0.7663512,0.120000005,0.0,0.15343551,9.765034,9.785034,1801600
hardzero_plus_depr__c0p54__z1p10__lam0p020__nu0p50__psi0p75,hardzero_plus_depr,0.1,30,563,0.0,3,0.2561284,0.25613496,0.99664205,0.10077619,0.10077619,1.0,6.548897e-06,6.498457e-05,-27.037033,2.1926563,0.73088545,0.208,0.0,0.17587149,9.785034,9.805035,1804800
hardzero_plus_depr__c0p54__z1p10__lam0p020__nu0p50__psi0p75,hardzero_plus_depr,0.1,30,564,0.0,3,0.25613496,0.25614244,0.9322542,0.11688152,0.11688152,1.0,7.4824106e-06,6.4017055e-05,-26.048395,2.051,0.6836667,0.17600001,0.0,0.16140786,9.805035,9.825035,1808000
hardzero_plus_depr__c0p54__z1p10__lam0p020__nu0p50__psi0p75,hardzero_plus_depr,0.1,30,565,0.0,3,0.25614244,0.25614876,0.99870896,0.100297704,0.100297704,1.0,6.3251687e-06,6.306394e-05,-27.465883,2.1972036,0.73240125,0.208,0.0,0.15949804,9.825035,9.845036,1811200
hardzero_plus_depr__c0p54__z1p10__lam0p020__nu0p50__psi0p75,hardzero_plus_depr,0.1,30,566,0.0,3,0.25614876,0.2561545,1.033446,0.092587866,0.092587866,1.0,5.7520233e-06,6.212502e-05,-28.398321,2.2736266,0.75787556,0.136,0.0,0.17361118,9.845036,9.865036,1814400
hardzero_plus_depr__c0p54__z1p10__lam0p020__nu0p50__psi0p75,hardzero_plus_depr,0.1,30,567,0.0,3,0.2561545,0.25616142,0.94706476,0.112962745,0.112962745,1.0,6.913329e-06,6.120008e-05,-26.937323,2.083584,0.69452804,0.16000001,0.0,0.16501673,9.865036,9.885036,1817600
hardzero_plus_depr__c0p54__z1p10__lam0p020__nu0p50__psi0p75,hardzero_plus_depr,0.1,30,568,0.0,3,0.25616142,0.25616845,0.932345,0.11685708,0.11685708,1.0,7.0451856e-06,6.0288905e-05,-26.130632,2.0512,0.68373334,0.216,0.0,0.13696417,9.885036,9.905037,1820800
hardzero_plus_depr__c0p54__z1p10__lam0p020__nu0p50__psi0p75,hardzero_plus_depr,0.1,30,569,0.0,3,0.25616845,0.25617465,0.9818689,0.104263194,0.104263194,1.0,6.192327e-06,5.9391303e-05,-26.578806,2.1601548,0.72005165,0.16800001,0.0,0.14806323,9.905037,9.925037,1824000
hardzero_plus_depr__c0p54__z1p10__lam0p020__nu0p50__psi0p75,hardzero_plus_depr,0.1,30,570,0.0,3,0.25617465,0.25618044,1.0046741,0.098929524,0.098929524,1.0,5.7880757e-06,5.850706e-05,-27.299568,2.2103271,0.73677576,0.15200001,0.0,0.16204111,9.925037,9.945038,1827200
hardzero_plus_depr__c0p54__z1p10__lam0p020__nu0p50__psi0p75,hardzero_plus_depr,0.1,30,571,0.0,3,0.25618044,0.25618586,1.0271634,0.09393698,0.09393698,1.0,5.41415e-06,5.763598e-05,-27.768959,2.2598045,0.7532682,0.112,0.0,0.1646279,9.945038,9.965038,1830400
hardzero_plus_depr__c0p54__z1p10__lam0p020__nu0p50__psi0p75,hardzero_plus_depr,0.1,30,572,0.0,3,0.25618586,0.25619185,0.975704,0.10575379,0.10575379,1.0,6.0044754e-06,5.6777877e-05,-27.30563,2.1465917,0.7155306,0.25,0.0,0.15529662,9.965038,9.985039,1833600
hardzero_plus_depr__c0p54__z1p10__lam0p020__nu0p50__psi0p75,hardzero_plus_depr,0.1,30,573,0.0,3,0.25619185,0.25619757,0.98994035,0.102343366,0.102343366,1.0,5.724325e-06,5.5932545e-05,-27.117985,2.1779122,0.72597075,0.16800001,0.0,0.14988837,9.985039,10.005039,1836800
hardzero_plus_depr__c0p54__z1p10__lam0p020__nu0p50__psi0p75,hardzero_plus_depr,0.1,30,574,0.0,3,0.25619757,0.25620273,1.0282757,0.09369668,0.09369668,1.0,5.1626685e-06,5.5099797e-05,-27.353727,2.2622519,0.754084,0.256,0.0,0.17626527,10.005039,10.02504,1840000
hardzero_plus_depr__c0p54__z1p10__lam0p020__nu0p50__psi0p75,hardzero_plus_depr,0.1,30,575,0.0,3,0.25620273,0.25620854,0.97146285,0.1067916,0.1067916,1.0,5.796589e-06,5.4279448e-05,-26.063215,2.137261,0.71242034,0.08800001,0.0,0.14033298,10.02504,10.04504,1843200
hardzero_plus_depr__c0p54__z1p10__lam0p020__nu0p50__psi0p75,hardzero_plus_depr,0.1,30,576,0.0,3,0.25620854,0.2562145,0.9531095,0.11140135,0.11140135,1.0,5.9567765e-06,5.3471314e-05,-26.50211,2.0968828,0.69896096,0.15200001,0.0,0.15098943,10.04504,10.065041,1846400
hardzero_plus_depr__c0p54__z1p10__lam0p020__nu0p50__psi0p75,hardzero_plus_depr,0.1,30,577,0.0,3,0.2562145,0.2562206,0.93645394,0.11575666,0.11575666,1.0,6.097507e-06,5.2675216e-05,-26.112022,2.0602398,0.6867466,0.14400001,0.0,0.1355289,10.065041,10.085041,1849600
hardzero_plus_depr__c0p54__z1p10__lam0p020__nu0p50__psi0p75,hardzero_plus_depr,0.1,30,578,0.0,3,0.2562206,0.25622648,0.9454394,0.113386296,0.113386296,1.0,5.8837245e-06,5.1890966e-05,-25.755878,2.0800083,0.6933361,0.2,0.0,0.123635806,10.085041,10.1050415,1852800
hardzero_plus_depr__c0p54__z1p10__lam0p020__nu0p50__psi0p75,hardzero_plus_depr,0.1,30,579,0.0,3,0.25622648,0.25623176,0.98562896,0.103364415,0.103364415,1.0,5.2838227e-06,5.1118393e-05,-26.442688,2.168427,0.722809,0.14400001,0.0,0.13981405,10.1050415,10.125042,1856000
hardzero_plus_depr__c0p54__z1p10__lam0p020__nu0p50__psi0p75,hardzero_plus_depr,0.1,30,580,0.0,3,0.25623176,0.25623637,1.0374234,0.09174379,0.09174379,1.0,4.6199716e-06,5.035732e-05,-28.056942,2.282377,0.7607924,0.14400001,0.0,0.15971068,10.125042,10.145042,1859200
hardzero_plus_depr__c0p54__z1p10__lam0p020__nu0p50__psi0p75,hardzero_plus_depr,0.1,30,581,0.0,3,0.25623637,0.25624207,0.9410379,0.1145413,0.1145413,1.0,5.6821164e-06,4.9607577e-05,-25.016197,2.0703247,0.69010824,0.216,0.008,0.13026232,10.145042,10.165043,1862400
hardzero_plus_depr__c0p54__z1p10__lam0p020__nu0p50__psi0p75,hardzero_plus_depr,0.1,30,582,0.0,3,0.25624207,0.2562468,1.0136943,0.09689596,0.09689596,1.0,4.7352096e-06,4.8869006e-05,-26.881227,2.230172,0.7433907,0.14400001,0.0,0.18511318,10.165043,10.185043,1865600
hardzero_plus_depr__c0p54__z1p10__lam0p020__nu0p50__psi0p75,hardzero_plus_depr,0.1,30,583,0.0,3,0.2562468,0.25625166,0.9962153,0.100875266,0.100875266,1.0,4.856279e-06,4.814142e-05,-26.754412,2.1917174,0.73057246,0.18400002,0.0,0.17203216,10.185043,10.205044,1868800
hardzero_plus_depr__c0p54__z1p10__lam0p020__nu0p50__psi0p75,hardzero_plus_depr,0.1,30,584,0.0,3,0.25625166,0.25625688,0.9585602,0.110011935,0.110011935,1.0,5.21728e-06,4.7424674e-05,-26.476677,2.1088746,0.7029582,0.224,0.0,0.17201394,10.205044,10.225044,1872000
hardzero_plus_depr__c0p54__z1p10__lam0p020__nu0p50__psi0p75,hardzero_plus_depr,0.1,30,585,0.0,3,0.25625688,0.25626144,1.0099757,0.0977292,0.0977292,1.0,4.565771e-06,4.67186e-05,-27.043203,2.2219908,0.74066365,0.13,0.0,0.19582655,10.225044,10.245045,1875200
hardzero_plus_depr__c0p54__z1p10__lam0p020__nu0p50__psi0p75,hardzero_plus_depr,0.1,30,586,0.0,3,0.25626144,0.25626564,1.0387341,0.0914673,0.0914673,1.0,4.2096026e-06,4.6023033e-05,-27.696985,2.2852607,0.76175356,0.136,0.0,0.1673643,10.245045,10.265045,1878400
hardzero_plus_depr__c0p54__z1p10__lam0p020__nu0p50__psi0p75,hardzero_plus_depr,0.1,30,587,0.0,3,0.25626564,0.25627,1.0166857,0.09623085,0.09623085,1.0,4.362897e-06,4.533782e-05,-27.403412,2.2367532,0.7455844,0.14400001,0.0,0.16967662,10.265045,10.285046,1881600
hardzero_plus_depr__c0p54__z1p10__lam0p020__nu0p50__psi0p75,hardzero_plus_depr,0.1,30,588,0.0,3,0.25627,0.25627434,1.0125626,0.097148776,0.097148776,1.0,4.3389377e-06,4.4662815e-05,-28.226133,2.2276824,0.7425608,0.192,0.0,0.14405416,10.285046,10.305046,1884800
hardzero_plus_depr__c0p54__z1p10__lam0p020__nu0p50__psi0p75,hardzero_plus_depr,0.1,30,589,0.0,3,0.25627434,0.25627893,0.98066694,0.10455217,0.10455217,1.0,4.6000714e-06,4.3997858e-05,-26.945616,2.1575103,0.7191701,0.14400001,0.0,0.13517979,10.305046,10.325047,1888000
hardzero_plus_depr__c0p54__z1p10__lam0p020__nu0p50__psi0p75,hardzero_plus_depr,0.1,30,590,0.0,3,0.25627893,0.25628322,1.0029718,0.09931805,0.09931805,1.0,4.304722e-06,4.3342796e-05,-27.026432,2.206582,0.7355274,0.18400002,0.0,0.16188288,10.325047,10.345047,1891200
hardzero_plus_depr__c0p54__z1p10__lam0p020__nu0p50__psi0p75,hardzero_plus_depr,0.1,30,591,0.0,3,0.25628322,0.25628772,0.9775126,0.10531432,0.10531432,1.0,4.4966578e-06,4.2697495e-05,-26.41202,2.1505706,0.7168569,0.104,0.0,0.13815756,10.345047,10.365047,1894400
hardzero_plus_depr__c0p54__z1p10__lam0p020__nu0p50__psi0p75,hardzero_plus_depr,0.1,30,592,0.0,3,0.25628772,0.25629196,0.9984753,0.100351684,0.100351684,1.0,4.220972e-06,4.2061798e-05,-26.58319,2.1966896,0.7322299,0.17600001,0.0,0.16560085,10.365047,10.385048,1897600
hardzero_plus_depr__c0p54__z1p10__lam0p020__nu0p50__psi0p75,hardzero_plus_depr,0.1,30,593,0.0,3,0.25629196,0.25629634,0.976995,0.10543989,0.10543989,1.0,4.368961e-06,4.1435564e-05,-26.992037,2.149432,0.71647733,0.17600001,0.0,0.14344828,10.385048,10.405048,1900800
hardzero_plus_depr__c0p54__z1p10__lam0p020__nu0p50__psi0p75,hardzero_plus_depr,0.1,30,594,0.0,3,0.25629634,0.25630024,1.0176897,0.09600863,0.09600863,1.0,3.918943e-06,4.0818657e-05,-27.66072,2.238962,0.74632066,0.08800001,0.0,0.17537972,10.405048,10.425049,1904000
hardzero_plus_depr__c0p54__z1p10__lam0p020__nu0p50__psi0p75,hardzero_plus_depr,0.1,30,595,0.0,3,0.25630024,0.2563042,1.0049073,0.09887642,0.09887642,1.0,3.9759125e-06,4.021093e-05,-27.346474,2.21084,0.7369467,0.2,0.0,0.16553773,10.425049,10.445049,1907200
hardzero_plus_depr__c0p54__z1p10__lam0p020__nu0p50__psi0p75,hardzero_plus_depr,0.1,30,596,0.0,3,0.2563042,0.2563081,1.0063705,0.09854383,0.09854383,1.0,3.9035435e-06,3.9612256e-05,-26.7897,2.2140594,0.7380198,0.096,0.0,0.16596858,10.445049,10.46505,1910400
hardzero_plus_depr__c0p54__z1p10__lam0p020__nu0p50__psi0p75,hardzero_plus_depr,0.1,30,597,0.0,3,0.2563081,0.25631168,1.0396429,0.091276094,0.091276094,1.0,3.5618207e-06,3.9022492e-05,-27.478016,2.28726,0.76242006,0.17600001,0.0,0.19254461,10.46505,10.48505,1913600
hardzero_plus_depr__c0p54__z1p10__lam0p020__nu0p50__psi0p75,hardzero_plus_depr,0.1,30,598,0.0,3,0.25631168,0.2563158,0.9700526,0.10713895,0.10713895,1.0,4.118583e-06,3.844151e-05,-26.267519,2.1341584,0.71138614,0.17999999,0.0,0.14668214,10.48505,10.505051,1916800
hardzero_plus_depr__c0p54__z1p10__lam0p020__nu0p50__psi0p75,hardzero_plus_depr,0.1,30,599,0.0,3,0.2563158,0.2563199,0.9642804,0.10857242,0.10857242,1.0,4.111548e-06,3.7869177e-05,-26.342247,2.1214592,0.7071531,0.15200001,0.0,0.16395698,10.505051,10.525051,1920000
hardzero_plus_depr__c0p54__z1p10__lam0p020__nu0p50__psi0p75,hardzero_plus_depr,0.1,30,600,0.0,3,0.2563199,0.25632375,0.98602784,0.103269525,0.103269525,1.0,3.8525072e-06,3.7305363e-05,-26.75091,2.1693046,0.72310156,0.2,0.0,0.15777136,10.525051,10.545052,1923200
hardzero_plus_depr__c0p54__z1p10__lam0p020__nu0p50__psi0p75,hardzero_plus_depr,0.1,30,601,0.0,3,0.25632375,0.25632763,0.9769948,0.10543994,0.10543994,1.0,3.874912e-06,3.6749945e-05,-26.94025,2.1494315,0.71647716,0.2,0.0,0.1664601,10.545052,10.565052,1926400
hardzero_plus_depr__c0p54__z1p10__lam0p020__nu0p50__psi0p75,hardzero_plus_depr,0.1,30,602,0.0,3,0.25632763,0.2563313,0.99625,0.10086722,0.10086722,1.0,3.6516758e-06,3.62028e-05,-26.773941,2.1917937,0.7305979,0.16800001,0.0,0.15768026,10.565052,10.5850525,1929600
hardzero_plus_depr__c0p54__z1p10__lam0p020__nu0p50__psi0p75,hardzero_plus_depr,0.1,30,603,0.0,3,0.2563313,0.25633514,0.96670854,0.10796709,0.10796709,1.0,3.8505164e-06,3.5663797e-05,-26.789993,2.1268013,0.7089338,0.192,0.0,0.1500823,10.5850525,10.605053,1932800
hardzero_plus_depr__c0p54__z1p10__lam0p020__nu0p50__psi0p75,hardzero_plus_depr,0.1,30,604,0.0,3,0.25633514,0.2563389,0.97159004,0.10676033,0.10676033,1.0,3.7507918e-06,3.5132824e-05,-26.285883,2.1375408,0.7125136,0.2,0.0,0.15901782,10.605053,10.625053,1936000
hardzero_plus_depr__c0p54__z1p10__lam0p020__nu0p50__psi0p75,hardzero_plus_depr,0.1,30,605,0.0,3,0.2563389,0.25634223,1.0149066,0.096625835,0.096625835,1.0,3.3441956e-06,3.4609748e-05,-26.251421,2.232839,0.74427974,0.16800001,0.0,0.16384283,10.625053,10.645054,1939200
hardzero_plus_depr__c0p54__z1p10__lam0p020__nu0p50__psi0p75,hardzero_plus_depr,0.1,30,606,0.0,3,0.25634223,0.25634548,1.0216936,0.095127575,0.095127575,1.0,3.2433238e-06,3.4094464e-05,-27.784235,2.2477708,0.74925697,0.112,0.0,0.17703211,10.645054,10.665054,1942400
hardzero_plus_depr__c0p54__z1p10__lam0p020__nu0p50__psi0p75,hardzero_plus_depr,0.1,30,607,0.0,3,0.25634548,0.25634882,1.0041916,0.09903947,0.09903947,1.0,3.3264243e-06,3.3586854e-05,-27.62417,2.2092657,0.73642194,0.17600001,0.0,0.148655,10.665054,10.685055,1945600
hardzero_plus_depr__c0p54__z1p10__lam0p020__nu0p50__psi0p75,hardzero_plus_depr,0.1,30,608,0.0,3,0.25634882,0.25635216,0.9967888,0.10074214,0.10074214,1.0,3.3332353e-06,3.3086802e-05,-27.546356,2.192979,0.73099303,0.18400002,0.0,0.16735846,10.685055,10.705055,1948800
hardzero_plus_depr__c0p54__z1p10__lam0p020__nu0p50__psi0p75,hardzero_plus_depr,0.1,30,609,0.0,3,0.25635216,0.25635514,1.0382848,0.09156197,0.09156197,1.0,2.9843884e-06,3.259419e-05,-27.938387,2.2842722,0.76142406,0.16000001,0.0,0.1804823,10.705055,10.725056,1952000
hardzero_plus_depr__c0p54__z1p10__lam0p020__nu0p50__psi0p75,hardzero_plus_depr,0.1,30,610,0.0,3,0.25635514,0.25635827,1.010995,0.09750008,0.09750008,1.0,3.1306215e-06,3.2108914e-05,-27.408125,2.2242334,0.74141115,0.216,0.0,0.15095955,10.725056,10.745056,1955200
hardzero_plus_depr__c0p54__z1p10__lam0p020__nu0p50__psi0p75,hardzero_plus_depr,0.1,30,611,0.0,3,0.25635827,0.25636145,0.9967818,0.100743756,0.100743756,1.0,3.186612e-06,3.1630865e-05,-26.095558,2.1929638,0.73098797,0.17999999,0.0,0.1445763,10.745056,10.765057,1958400
hardzero_plus_depr__c0p54__z1p10__lam0p020__nu0p50__psi0p75,hardzero_plus_depr,0.1,30,612,0.0,3,0.25636145,0.25636464,0.9902373,0.10227341,0.10227341,1.0,3.1868326e-06,3.1159932e-05,-27.512497,2.1785655,0.72618854,0.16000001,0.0,0.13940151,10.765057,10.785057,1961600
hardzero_plus_depr__c0p54__z1p10__lam0p020__nu0p50__psi0p75,hardzero_plus_depr,0.1,30,613,0.0,3,0.25636464,0.2563679,0.9756532,0.10576617,0.10576617,1.0,3.2465994e-06,3.069601e-05,-27.611502,2.1464798,0.7154933,0.15200001,0.008,0.15815008,10.785057,10.805058,1964800
hardzero_plus_depr__c0p54__z1p10__lam0p020__nu0p50__psi0p75,hardzero_plus_depr,0.1,30,614,0.0,3,0.2563679,0.25637108,0.9767315,0.10550389,0.10550389,1.0,3.1903317e-06,3.0238996e-05,-26.480494,2.148852,0.71628404,0.15200001,0.0,0.14936379,10.805058,10.825058,1968000
hardzero_plus_depr__c0p54__z1p10__lam0p020__nu0p50__psi0p75,hardzero_plus_depr,0.1,30,615,0.0,3,0.25637108,0.256374,1.0103889,0.09763625,0.09763625,1.0,2.9084651e-06,2.9788784e-05,-26.424496,2.2229,0.7409667,0.14400001,0.0,0.13298869,10.825058,10.845058,1971200
hardzero_plus_depr__c0p54__z1p10__lam0p020__nu0p50__psi0p75,hardzero_plus_depr,0.1,30,616,0.0,3,0.256374,0.2563768,1.0221614,0.09502515,0.09502515,1.0,2.7885394e-06,2.9345276e-05,-27.251492,2.2487998,0.74959993,0.120000005,0.0,0.1688559,10.845058,10.865059,1974400
hardzero_plus_depr__c0p54__z1p10__lam0p020__nu0p50__psi0p75,hardzero_plus_depr,0.1,30,617,0.0,3,0.2563768,0.25637975,0.98962986,0.10241654,0.10241654,1.0,2.9606956e-06,2.8908375e-05,-27.15677,2.1772292,0.72574306,0.16800001,0.0,0.19022343,10.865059,10.885059,1977600
hardzero_plus_depr__c0p54__z1p10__lam0p020__nu0p50__psi0p75,hardzero_plus_depr,0.1,30,618,0.0,3,0.25637975,0.2563825,1.0155265,0.09648804,0.09648804,1.0,2.7477838e-06,2.8477973e-05,-27.674505,2.234203,0.7447344,0.15200001,0.0,0.18186061,10.885059,10.90506,1980800
hardzero_plus_depr__c0p54__z1p10__lam0p020__nu0p50__psi0p75,hardzero_plus_depr,0.1,30,619,0.0,3,0.2563825,0.2563855,0.9673839,0.107799344,0.107799344,1.0,3.0242009e-06,2.8053983e-05,-25.879416,2.128287,0.709429,0.18400002,0.0,0.15900576,10.90506,10.92506,1984000
hardzero_plus_depr__c0p54__z1p10__lam0p020__nu0p50__psi0p75,hardzero_plus_depr,0.1,30,620,0.0,3,0.2563855,0.2563885,0.96588016,0.10817324,0.10817324,1.0,2.9895084e-06,2.7636303e-05,-26.632734,2.1249788,0.7083263,0.256,0.0,0.14590116,10.92506,10.945061,1987200
hardzero_plus_depr__c0p54__z1p10__lam0p020__nu0p50__psi0p75,hardzero_plus_depr,0.1,30,621,0.0,3,0.2563885,0.2563912,1.0031618,0.099274606,0.099274606,1.0,2.7027356e-06,2.7224844e-05,-27.248226,2.207,0.7356667,0.15200001,0.0,0.1574808,10.945061,10.965061,1990400
hardzero_plus_depr__c0p54__z1p10__lam0p020__nu0p50__psi0p75,hardzero_plus_depr,0.1,30,622,0.0,3,0.2563912,0.2563939,0.9929674,0.10163249,0.10163249,1.0,2.7257336e-06,2.6819509e-05,-26.911278,2.184572,0.72819066,0.16800001,0.0,0.17776583,10.965061,10.985062,1993600
hardzero_plus_depr__c0p54__z1p10__lam0p020__nu0p50__psi0p75,hardzero_plus_depr,0.1,30,623,0.0,3,0.2563939,0.2563967,0.9749151,0.105946094,0.105946094,1.0,2.799118e-06,2.642021e-05,-26.338669,2.144856,0.714952,0.15200001,0.0,0.13918415,10.985062,11.005062,1996800
hardzero_plus_depr__c0p54__z1p10__lam0p020__nu0p50__psi0p75,hardzero_plus_depr,0.1,30,624,0.0,3,0.2563967,0.25639918,1.020779,0.095328115,0.095328115,1.0,2.4810913e-06,2.6026857e-05,-28.245934,2.2457588,0.7485863,0.14999999,0.0,0.18552408,11.005062,11.025063,2000000
hardzero_plus_depr__c0p54__z1p10__lam0p020__nu0p50__psi0p75,hardzero_plus_depr,0.1,30,625,0.0,3,0.25639918,0.25640178,0.99313325,0.10159369,0.10159369,1.0,2.604797e-06,2.5639358e-05,-26.59926,2.1849368,0.72831225,0.15200001,0.0,0.15270154,11.025063,11.045063,2003200
hardzero_plus_depr__c0p54__z1p10__lam0p020__nu0p50__psi0p75,hardzero_plus_depr,0.1,30,626,0.0,3,0.25640178,0.25640425,1.0068716,0.09843021,0.09843021,1.0,2.4861135e-06,2.5257628e-05,-26.587717,2.2151618,0.7383873,0.14400001,0.0,0.14668597,11.045063,11.065063,2006400
hardzero_plus_depr__c0p54__z1p10__lam0p020__nu0p50__psi0p75,hardzero_plus_depr,0.1,30,627,0.0,3,0.25640425,0.2564065,1.0492351,0.0892822,0.0892822,1.0,2.2214824e-06,2.4881583e-05,-28.243942,2.3083634,0.7694545,0.104,0.0,0.18048139,11.065063,11.085064,2009600
hardzero_plus_depr__c0p54__z1p10__lam0p020__nu0p50__psi0p75,hardzero_plus_depr,0.1,30,628,0.0,3,0.2564065,0.25640896,0.9951942,0.101112716,0.101112716,1.0,2.4783874e-06,2.4511135e-05,-27.045265,2.189471,0.7298237,0.16800001,0.0,0.19393006,11.085064,11.105064,2012800
hardzero_plus_depr__c0p54__z1p10__lam0p020__nu0p50__psi0p75,hardzero_plus_depr,0.1,30,629,0.0,3,0.25640896,0.25641125,1.0226365,0.09492124,0.09492124,1.0,2.2919876e-06,2.4146204e-05,-27.738522,2.2498453,0.74994844,0.112,0.0,0.15067428,11.105064,11.125065,2016000
hardzero_plus_depr__c0p54__z1p10__lam0p020__nu0p50__psi0p75,hardzero_plus_depr,0.1,30,630,0.0,3,0.25641125,0.2564137,0.988953,0.102576286,0.102576286,1.0,2.4399517e-06,2.3786704e-05,-26.496073,2.17574,0.72524667,0.208,0.0,0.15220831,11.125065,11.145065,2019200
hardzero_plus_depr__c0p54__z1p10__lam0p020__nu0p50__psi0p75,hardzero_plus_depr,0.1,30,631,0.0,3,0.2564137,0.25641596,1.0174054,0.0960715,0.0960715,1.0,2.251201e-06,2.343256e-05,-26.968906,2.2383366,0.7461122,0.15200001,0.0,0.15723288,11.145065,11.165066,2022400
hardzero_plus_depr__c0p54__z1p10__lam0p020__nu0p50__psi0p75,hardzero_plus_depr,0.1,30,632,0.0,3,0.25641596,0.2564184,0.9758623,0.10571524,0.10571524,1.0,2.4402975e-06,2.3083687e-05,-26.078873,2.14694,0.7156467,0.208,0.0,0.13997154,11.165066,11.185066,2025600
hardzero_plus_depr__c0p54__z1p10__lam0p020__nu0p50__psi0p75,hardzero_plus_depr,0.1,30,633,0.0,3,0.2564184,0.256421,0.9451724,0.11345603,0.11345603,1.0,2.579991e-06,2.2740007e-05,-25.727932,2.0794208,0.69314027,0.16000001,0.0,0.14249948,11.185066,11.205067,2028800
hardzero_plus_depr__c0p54__z1p10__lam0p020__nu0p50__psi0p75,hardzero_plus_depr,0.1,30,634,0.0,3,0.256421,0.25642335,0.9774223,0.10533622,0.10533622,1.0,2.3596835e-06,2.2401446e-05,-26.72225,2.150372,0.7167907,0.16000001,0.0,0.15736665,11.205067,11.225067,2032000
hardzero_plus_depr__c0p54__z1p10__lam0p020__nu0p50__psi0p75,hardzero_plus_depr,0.1,30,635,0.0,3,0.25642335,0.2564256,0.99533695,0.1010795,0.1010795,1.0,2.2306147e-06,2.2067923e-05,-26.939186,2.189785,0.7299284,0.136,0.0,0.16945603,11.225067,11.245068,2035200
hardzero_plus_depr__c0p54__z1p10__lam0p020__nu0p50__psi0p75,hardzero_plus_depr,0.1,30,636,0.0,3,0.2564256,0.25642776,0.99813974,0.10042927,0.10042927,1.0,2.1832686e-06,2.1739366e-05,-27.21237,2.1959512,0.7319838,0.216,0.0,0.17643957,11.245068,11.265068,2038400
hardzero_plus_depr__c0p54__z1p10__lam0p020__nu0p50__psi0p75,hardzero_plus_depr,0.1,30,637,0.0,3,0.25642776,0.2564302,0.9402478,0.11474988,0.11474988,1.0,2.4574492e-06,2.1415703e-05,-26.127808,2.0685863,0.6895288,0.22999999,0.0,0.15346113,11.265068,11.2850685,2041600
hardzero_plus_depr__c0p54__z1p10__lam0p020__nu0p50__psi0p75,hardzero_plus_depr,0.1,30,638,0.0,3,0.2564302,0.2564325,0.9654391,0.10828315,0.10828315,1.0,2.284434e-06,2.1096857e-05,-26.789986,2.1240084,0.7080028,0.120000005,0.0,0.13356231,11.2850685,11.305069,2044800
hardzero_plus_depr__c0p54__z1p10__lam0p020__nu0p50__psi0p75,hardzero_plus_depr,0.1,30,639,0.0,3,0.2564325,0.2564348,0.95417374,0.1111287,0.1111287,1.0,2.309561e-06,2.078276e-05,-25.966549,2.099224,0.69974136,0.104,0.0,0.14351326,11.305069,11.325069,2048000
hardzero_plus_depr__c0p54__z1p10__lam0p020__nu0p50__psi0p75,hardzero_plus_depr,0.1,30,640,0.0,3,0.2564348,0.25643697,0.97248065,0.10654163,0.10654163,1.0,2.1812627e-06,2.0473337e-05,-26.34002,2.1395001,0.7131667,0.16000001,0.0,0.15456875,11.325069,11.34507,2051200
hardzero_plus_depr__c0p54__z1p10__lam0p020__nu0p50__psi0p75,hardzero_plus_depr,0.1,30,641,0.0,3,0.25643697,0.25643876,1.049964,0.08913249,0.08913249,1.0,1.7976705e-06,2.0168522e-05,-27.899595,2.3099668,0.76998895,0.15200001,0.0,0.17250413,11.34507,11.36507,2054400
hardzero_plus_depr__c0p54__z1p10__lam0p020__nu0p50__psi0p75,hardzero_plus_depr,0.1,30,642,0.0,3,0.25643876,0.25644088,0.9722915,0.10658803,0.10658803,1.0,2.117717e-06,1.9868245e-05,-26.39172,2.139084,0.7130281,0.18400002,0.0,0.15989318,11.36507,11.385071,2057600
hardzero_plus_depr__c0p54__z1p10__lam0p020__nu0p50__psi0p75,hardzero_plus_depr,0.1,30,643,0.0,3,0.25644088,0.25644276,1.0178956,0.09596313,0.09596313,1.0,1.8782326e-06,1.957244e-05,-26.736958,2.239415,0.74647164,0.15200001,0.0,0.15022795,11.385071,11.405071,2060800
hardzero_plus_depr__c0p54__z1p10__lam0p020__nu0p50__psi0p75,hardzero_plus_depr,0.1,30,644,0.0,3,0.25644276,0.25644478,0.9770021,0.10543818,0.10543818,1.0,2.0329576e-06,1.9281038e-05,-25.839888,2.1494474,0.7164825,0.17600001,0.0,0.15472853,11.405071,11.425072,2064000
hardzero_plus_depr__c0p54__z1p10__lam0p020__nu0p50__psi0p75,hardzero_plus_depr,0.1,30,645,0.0,3,0.25644478,0.2564469,0.9538187,0.11121959,0.11121959,1.0,2.112502e-06,1.8993973e-05,-26.01178,2.098443,0.699481,0.16800001,0.0,0.1300682,11.425072,11.445072,2067200
hardzero_plus_depr__c0p54__z1p10__lam0p020__nu0p50__psi0p75,hardzero_plus_depr,0.1,30,646,0.0,3,0.2564469,0.256449,0.94928026,0.11238793,0.11238793,1.0,2.1029111e-06,1.8711184e-05,-25.771215,2.0884583,0.6961528,0.256,0.0,0.17402838,11.445072,11.465073,2070400
hardzero_plus_depr__c0p54__z1p10__lam0p020__nu0p50__psi0p75,hardzero_plus_depr,0.1,30,647,0.0,3,0.256449,0.25645092,0.98528314,0.10344676,0.10344676,1.0,1.9067932e-06,1.8432604e-05,-28.004955,2.1676662,0.7225554,0.2,0.0,0.15734452,11.465073,11.485073,2073600
hardzero_plus_depr__c0p54__z1p10__lam0p020__nu0p50__psi0p75,hardzero_plus_depr,0.1,30,648,0.0,3,0.25645092,0.2564526,1.0366911,0.091898605,0.091898605,1.0,1.6687105e-06,1.815817e-05,-27.750595,2.2807658,0.7602553,0.128,0.0,0.1528313,11.485073,11.505074,2076800
hardzero_plus_depr__c0p54__z1p10__lam0p020__nu0p50__psi0p75,hardzero_plus_depr,0.1,30,649,0.0,3,0.2564526,0.2564546,0.950583,0.11205133,0.11205133,1.0,2.0043547e-06,1.7887825e-05,-26.891462,2.0913243,0.69710815,0.23200001,0.0,0.18801728,11.505074,11.525074,2080000
hardzero_plus_depr__c0p54__z1p10__lam0p020__nu0p50__psi0p75,hardzero_plus_depr,0.1,30,650,0.0,3,0.2564546,0.25645626,1.019984,0.09550278,0.09550278,1.0,1.6829025e-06,1.7621504e-05,-26.918295,2.2440097,0.74800324,0.14,0.0,0.12855451,11.525074,11.545074,2083200
hardzero_plus_depr__c0p54__z1p10__lam0p020__nu0p50__psi0p75,hardzero_plus_depr,0.1,30,651,0.0,3,0.25645626,0.2564581,0.97041553,0.10704944,0.10704944,1.0,1.8582872e-06,1.7359149e-05,-25.67664,2.1349568,0.7116523,0.14400001,0.0,0.14557941,11.545074,11.565075,2086400
hardzero_plus_depr__c0p54__z1p10__lam0p020__nu0p50__psi0p75,hardzero_plus_depr,0.1,30,652,0.0,3,0.2564581,0.25645968,1.0373453,0.09176028,0.09176028,1.0,1.5691647e-06,1.7100698e-05,-27.518532,2.282205,0.76073503,0.104,0.0,0.1728304,11.565075,11.585075,2089600
hardzero_plus_depr__c0p54__z1p10__lam0p020__nu0p50__psi0p75,hardzero_plus_depr,0.1,30,653,0.0,3,0.25645968,0.2564613,1.0171689,0.09612383,0.09612383,1.0,1.6193112e-06,1.6846096e-05,-26.868574,2.237816,0.7459387,0.15200001,0.0,0.14746118,11.585075,11.605076,2092800
hardzero_plus_depr__c0p54__z1p10__lam0p020__nu0p50__psi0p75,hardzero_plus_depr,0.1,30,654,0.0,3,0.2564613,0.25646296,0.9994886,0.100117825,0.100117825,1.0,1.6614838e-06,1.6595284e-05,-26.952612,2.1989188,0.732973,0.16800001,0.0,0.12667394,11.605076,11.625076,2096000
hardzero_plus_depr__c0p54__z1p10__lam0p020__nu0p50__psi0p75,hardzero_plus_depr,0.1,30,655,0.0,3,0.25646296,0.25646466,0.98308456,0.103971764,0.103971764,1.0,1.6997519e-06,1.6348207e-05,-27.01788,2.1628292,0.7209431,0.17600001,0.0,0.15201569,11.625076,11.645077,2099200
hardzero_plus_depr__c0p54__z1p10__lam0p020__nu0p50__psi0p75,hardzero_plus_depr,0.1,30,656,0.0,3,0.25646466,0.2564663,0.991437,0.101991266,0.101991266,1.0,1.6425498e-06,1.6104808e-05,-26.669006,2.181205,0.72706836,0.192,0.0,0.16549118,11.645077,11.665077,2102400
hardzero_plus_depr__c0p54__z1p10__lam0p020__nu0p50__psi0p75,hardzero_plus_depr,0.1,30,657,0.0,3,0.2564663,0.2564679,0.9963076,0.10085382,0.10085382,1.0,1.6000494e-06,1.5865035e-05,-26.2967,2.1919205,0.7306402,0.136,0.0,0.15676495,11.665077,11.685078,2105600
hardzero_plus_depr__c0p54__z1p10__lam0p020__nu0p50__psi0p75,hardzero_plus_depr,0.1,30,658,0.0,3,0.2564679,0.25646958,0.97307616,0.10639562,0.10639562,1.0,1.6628389e-06,1.562883e-05,-26.04602,2.1408103,0.71360344,0.096,0.0,0.17211506,11.685078,11.705078,2108800
hardzero_plus_depr__c0p54__z1p10__lam0p020__nu0p50__psi0p75,hardzero_plus_depr,0.1,30,659,0.0,3,0.25646958,0.25647122,0.9727855,0.10646688,0.10646688,1.0,1.6391791e-06,1.5396141e-05,-25.62987,2.1401708,0.7133903,0.136,0.0,0.13593051,11.705078,11.725079,2112000
hardzero_plus_depr__c0p54__z1p10__lam0p020__nu0p50__psi0p75,hardzero_plus_depr,0.1,30,660,0.0,3,0.25647122,0.2564728,0.98028564,0.10464399,0.10464399,1.0,1.5871266e-06,1.5166916e-05,-26.727476,2.1566715,0.71889055,0.16800001,0.0,0.14765282,11.725079,11.745079,2115200
hardzero_plus_depr__c0p54__z1p10__lam0p020__nu0p50__psi0p75,hardzero_plus_depr,0.1,30,661,0.0,3,0.2564728,0.2564743,1.0050211,0.09885051,0.09885051,1.0,1.476936e-06,1.4941106e-05,-26.667723,2.2110906,0.7370302,0.16000001,0.0,0.14923048,11.745079,11.7650795,2118400
hardzero_plus_depr__c0p54__z1p10__lam0p020__nu0p50__psi0p75,hardzero_plus_depr,0.1,30,662,0.0,3,0.2564743,0.25647587,0.97100246,0.10690489,0.10690489,1.0,1.5734964e-06,1.4718657e-05,-27.570768,2.136248,0.71208274,0.208,0.0,0.17042306,11.7650795,11.78508,2121600
hardzero_plus_depr__c0p54__z1p10__lam0p020__nu0p50__psi0p75,hardzero_plus_depr,0.1,30,663,0.0,3,0.25647587,0.2564775,0.9432771,0.11395225,0.11395225,1.0,1.652253e-06,1.449952e-05,-26.462275,2.075251,0.6917504,0.22,0.0,0.14744236,11.78508,11.80508,2124800
hardzero_plus_depr__c0p54__z1p10__lam0p020__nu0p50__psi0p75,hardzero_plus_depr,0.1,30,664,0.0,3,0.2564775,0.25647905,0.9667296,0.10796187,0.10796187,1.0,1.5420889e-06,1.4283643e-05,-27.054892,2.1268475,0.7089492,0.224,0.0,0.20832777,11.80508,11.825081,2128000
hardzero_plus_depr__c0p54__z1p10__lam0p020__nu0p50__psi0p75,hardzero_plus_depr,0.1,30,665,0.0,3,0.25647905,0.25648057,0.9661032,0.10811771,0.10811771,1.0,1.5213226e-06,1.4070984e-05,-25.659645,2.1254694,0.70848984,0.208,0.0,0.14495642,11.825081,11.845081,2131200
hardzero_plus_depr__c0p54__z1p10__lam0p020__nu0p50__psi0p75,hardzero_plus_depr,0.1,30,666,0.0,3,0.25648057,0.2564819,1.0232153,0.09479485,0.09479485,1.0,1.3139978e-06,1.386149e-05,-28.188,2.2511187,0.7503729,0.120000005,0.0,0.15199901,11.845081,11.865082,2134400
hardzero_plus_depr__c0p54__z1p10__lam0p020__nu0p50__psi0p75,hardzero_plus_depr,0.1,30,667,0.0,3,0.2564819,0.25648347,0.9377616,0.115408644,0.115408644,1.0,1.5759182e-06,1.3655114e-05,-26.463848,2.0631168,0.68770564,0.2,0.0,0.13965425,11.865082,11.885082,2137600
hardzero_plus_depr__c0p54__z1p10__lam0p020__nu0p50__psi0p75,hardzero_plus_depr,0.1,30,668,0.0,3,0.25648347,0.25648475,1.0260931,0.09416875,0.09416875,1.0,1.2667404e-06,1.3451812e-05,-27.373493,2.2574499,0.7524833,0.18400002,0.0,0.16698682,11.885082,11.905083,2140800
hardzero_plus_depr__c0p54__z1p10__lam0p020__nu0p50__psi0p75,hardzero_plus_depr,0.1,30,669,0.0,3,0.25648475,0.25648603,1.0170125,0.09615846,0.09615846,1.0,1.2742473e-06,1.3251536e-05,-26.627235,2.237472,0.74582404,0.16000001,0.008,0.16174358,11.905083,11.925083,2144000
hardzero_plus_depr__c0p54__z1p10__lam0p020__nu0p50__psi0p75,hardzero_plus_depr,0.1,30,670,0.0,3,0.25648603,0.2564874,0.9824174,0.1041316,0.1041316,1.0,1.3593591e-06,1.3054241e-05,-26.507687,2.1613615,0.72045386,0.16000001,0.0,0.1578764,11.925083,11.945084,2147200
hardzero_plus_depr__c0p54__z1p10__lam0p020__nu0p50__psi0p75,hardzero_plus_depr,0.1,30,671,0.0,3,0.2564874,0.25648865,1.0123751,0.09719073,0.09719073,1.0,1.2498617e-06,1.2859886e-05,-27.307112,2.2272696,0.74242324,0.16800001,0.0,0.17668536,11.945084,11.965084,2150400
hardzero_plus_depr__c0p54__z1p10__lam0p020__nu0p50__psi0p75,hardzero_plus_depr,0.1,30,672,0.0,3,0.25648865,0.25649008,0.9476105,0.11282087,0.11282087,1.0,1.4292624e-06,1.2668422e-05,-25.822628,2.0847847,0.6949283,0.136,0.0,0.16731578,11.965084,11.985085,2153600
hardzero_plus_depr__c0p54__z1p10__lam0p020__nu0p50__psi0p75,hardzero_plus_depr,0.1,30,673,0.0,3,0.25649008,0.25649124,1.0309869,0.09311358,0.09311358,1.0,1.1620398e-06,1.247981e-05,-27.69413,2.2682164,0.75607216,0.104,0.0,0.17475294,11.985085,12.005085,2156800
hardzero_plus_depr__c0p54__z1p10__lam0p020__nu0p50__psi0p75,hardzero_plus_depr,0.1,30,674,0.0,3,0.25649124,0.2564923,1.0701911,0.08507635,0.08507635,1.0,1.045929e-06,1.22940055e-05,-28.396069,2.3544676,0.7848226,0.16000001,0.0,0.18277156,12.005085,12.025085,2160000
hardzero_plus_depr__c0p54__z1p10__lam0p020__nu0p50__psi0p75,hardzero_plus_depr,0.1,30,675,0.0,3,0.2564923,0.25649342,1.0292227,0.0934926,0.0934926,1.0,1.1322857e-06,1.2110966e-05,-27.332169,2.2643352,0.7547784,0.14400001,0.0,0.1398957,12.025085,12.045086,2163200
hardzero_plus_depr__c0p54__z1p10__lam0p020__nu0p50__psi0p75,hardzero_plus_depr,0.1,30,676,0.0,3,0.25649342,0.25649464,0.99401593,0.101387426,0.101387426,1.0,1.2096182e-06,1.1930653e-05,-27.75997,2.1868787,0.72895956,0.22999999,0.0,0.20160986,12.045086,12.065086,2166400
hardzero_plus_depr__c0p54__z1p10__lam0p020__nu0p50__psi0p75,hardzero_plus_depr,0.1,30,677,0.0,3,0.25649464,0.25649577,1.0130981,0.09702908,0.09702908,1.0,1.1403854e-06,1.1753026e-05,-27.469412,2.2288604,0.7429535,0.2,0.0,0.20022522,12.065086,12.085087,2169600
hardzero_plus_depr__c0p54__z1p10__lam0p020__nu0p50__psi0p75,hardzero_plus_depr,0.1,30,678,0.0,3,0.25649577,0.25649682,1.0494697,0.08923397,0.08923397,1.0,1.0331546e-06,1.1578041e-05,-27.667404,2.3088794,0.7696265,0.120000005,0.0,0.18419676,12.085087,12.105087,2172800
hardzero_plus_depr__c0p54__z1p10__lam0p020__nu0p50__psi0p75,hardzero_plus_depr,0.1,30,679,0.0,3,0.25649682,0.25649807,0.9625417,0.10900799,0.10900799,1.0,1.2433085e-06,1.1405664e-05,-26.0491,2.117634,0.705878,0.208,0.0,0.12083201,12.105087,12.125088,2176000
hardzero_plus_depr__c0p54__z1p10__lam0p020__nu0p50__psi0p75,hardzero_plus_depr,0.1,30,680,0.0,3,0.25649807,0.25649923,0.9822271,0.104177244,0.104177244,1.0,1.17052e-06,1.1235851e-05,-27.316757,2.1609428,0.72031426,0.192,0.0,0.15962489,12.125088,12.145088,2179200
hardzero_plus_depr__c0p54__z1p10__lam0p020__nu0p50__psi0p75,hardzero_plus_depr,0.1,30,681,0.0,3,0.25649923,0.25650045,0.95814806,0.11011637,0.11011637,1.0,1.2188306e-06,1.1068568e-05,-25.986526,2.1079679,0.702656,0.208,0.0,0.12543607,12.145088,12.165089,2182400
hardzero_plus_depr__c0p54__z1p10__lam0p020__nu0p50__psi0p75,hardzero_plus_depr,0.1,30,682,0.0,3,0.25650045,0.25650147,1.0286024,0.09362625,0.09362625,1.0,1.0208796e-06,1.0903775e-05,-27.365705,2.2629704,0.7543235,0.14400001,0.0,0.16292273,12.165089,12.185089,2185600
hardzero_plus_depr__c0p54__z1p10__lam0p020__nu0p50__psi0p75,hardzero_plus_depr,0.1,30,683,0.0,3,0.25650147,0.25650263,0.9603104,0.109569475,0.109569475,1.0,1.1769333e-06,1.0741434e-05,-27.116869,2.112725,0.7042417,0.14400001,0.008,0.1668172,12.185089,12.20509,2188800
hardzero_plus_depr__c0p54__z1p10__lam0p020__nu0p50__psi0p75,hardzero_plus_depr,0.1,30,684,0.0,3,0.25650263,0.2565038,0.9591337,0.109866746,0.109866746,1.0,1.1625564e-06,1.05815125e-05,-26.419138,2.1101363,0.7033788,0.216,0.0,0.13233812,12.20509,12.22509,2192000
hardzero_plus_depr__c0p54__z1p10__lam0p020__nu0p50__psi0p75,hardzero_plus_depr,0.1,30,685,0.0,3,0.2565038,0.25650483,1.0010874,0.09974992,0.09974992,1.0,1.03979e-06,1.0423969e-05,-27.586098,2.2024362,0.7341454,0.208,0.0,0.17395048,12.22509,12.2450905,2195200
hardzero_plus_depr__c0p54__z1p10__lam0p020__nu0p50__psi0p75,hardzero_plus_depr,0.1,30,686,0.0,3,0.25650483,0.2565059,0.9799566,0.10472331,0.10472331,1.0,1.0753799e-06,1.0268774e-05,-27.069084,2.1559477,0.71864927,0.2,0.0,0.16189738,12.2450905,12.265091,2198400
hardzero_plus_depr__c0p54__z1p10__lam0p020__nu0p50__psi0p75,hardzero_plus_depr,0.1,30,687,0.0,3,0.2565059,0.25650713,0.9187323,0.12057792,0.12057792,1.0,1.2197528e-06,1.01158885e-05,-26.312197,2.0212514,0.6737505,0.136,0.0,0.13929068,12.265091,12.285091,2201600
hardzero_plus_depr__c0p54__z1p10__lam0p020__nu0p50__psi0p75,hardzero_plus_depr,0.1,30,688,0.0,3,0.25650713,0.2565082,0.9737021,0.10624242,0.10624242,1.0,1.0587353e-06,9.965279e-06,-26.558788,2.1421874,0.71406245,0.192,0.0,0.1549766,12.285091,12.305092,2204800
hardzero_plus_depr__c0p54__z1p10__lam0p020__nu0p50__psi0p75,hardzero_plus_depr,0.1,30,689,0.0,3,0.2565082,0.25650918,1.0003501,0.099919416,0.099919416,1.0,9.809002e-07,9.816912e-06,-26.626108,2.2008142,0.7336048,0.13,0.0,0.13635278,12.305092,12.325092,2208000
hardzero_plus_depr__c0p54__z1p10__lam0p020__nu0p50__psi0p75,hardzero_plus_depr,0.1,30,690,0.0,3,0.25650918,0.25651026,0.9575707,0.110262886,0.110262886,1.0,1.0663252e-06,9.670754e-06,-25.190443,2.1066976,0.70223254,0.18400002,0.0,0.14935751,12.325092,12.345093,2211200
hardzero_plus_depr__c0p54__z1p10__lam0p020__nu0p50__psi0p75,hardzero_plus_depr,0.1,30,691,0.0,3,0.25651026,0.25651112,1.0362253,0.09199721,0.09199721,1.0,8.7643645e-07,9.5267715e-06,-27.77909,2.2797413,0.7599138,0.120000005,0.0,0.17045718,12.345093,12.365093,2214400
hardzero_plus_depr__c0p54__z1p10__lam0p020__nu0p50__psi0p75,hardzero_plus_depr,0.1,30,692,0.0,3,0.25651112,0.25651205,1.0119438,0.09728731,0.09728731,1.0,9.130349e-07,9.384933e-06,-27.36972,2.226321,0.74210703,0.128,0.0,0.18619849,12.365093,12.385094,2217600
hardzero_plus_depr__c0p54__z1p10__lam0p020__nu0p50__psi0p75,hardzero_plus_depr,0.1,30,693,0.0,3,0.25651205,0.25651285,1.0622928,0.08663775,0.08663775,1.0,8.009839e-07,9.2452065e-06,-26.5337,2.337091,0.7790303,0.128,0.0,0.17204945,12.385094,12.405094,2220800
hardzero_plus_depr__c0p54__z1p10__lam0p020__nu0p50__psi0p75,hardzero_plus_depr,0.1,30,694,0.0,3,0.25651285,0.25651377,0.99135315,0.10201096,0.10201096,1.0,9.29071e-07,9.107561e-06,-27.106504,2.1810205,0.72700685,0.192,0.0,0.15914367,12.405094,12.425095,2224000
hardzero_plus_depr__c0p54__z1p10__lam0p020__nu0p50__psi0p75,hardzero_plus_depr,0.1,30,695,0.0,3,0.25651377,0.25651464,1.016868,0.09619045,0.09619045,1.0,8.630172e-07,8.971963e-06,-27.255674,2.2371542,0.7457181,0.17600001,0.0,0.16018821,12.425095,12.445095,2227200
hardzero_plus_depr__c0p54__z1p10__lam0p020__nu0p50__psi0p75,hardzero_plus_depr,0.1,30,696,0.0,3,0.25651464,0.2565155,1.0130349,0.097043194,0.097043194,1.0,8.577051e-07,8.838385e-06,-28.051704,2.2287214,0.74290717,0.14400001,0.0,0.1726425,12.445095,12.4650955,2230400
hardzero_plus_depr__c0p54__z1p10__lam0p020__nu0p50__psi0p75,hardzero_plus_depr,0.1,30,697,0.0,3,0.2565155,0.25651634,1.0186756,0.09579093,0.09579093,1.0,8.3403205e-07,8.706796e-06,-27.736958,2.241131,0.7470437,0.120000005,0.0,0.17504588,12.4650955,12.485096,2233600
hardzero_plus_depr__c0p54__z1p10__lam0p020__nu0p50__psi0p75,hardzero_plus_depr,0.1,30,698,0.0,3,0.25651634,0.25651738,0.9202105,0.1201682,0.1201682,1.0,1.0307026e-06,8.577166e-06,-26.012852,2.0245035,0.6748345,0.24800001,0.0,0.15816577,12.485096,12.505096,2236800
hardzero_plus_depr__c0p54__z1p10__lam0p020__nu0p50__psi0p75,hardzero_plus_depr,0.1,30,699,0.0,3,0.25651738,0.25651827,0.96928906,0.107327476,0.107327476,1.0,9.068597e-07,8.449465e-06,-26.49171,2.1324785,0.71082616,0.17600001,0.0,0.1429474,12.505096,12.525097,2240000
hardzero_plus_depr__c0p54__z1p10__lam0p020__nu0p50__psi0p75,hardzero_plus_depr,0.1,30,700,0.0,3,0.25651827,0.25651908,1.0089447,0.097961456,0.097961456,1.0,8.153984e-07,8.3236655e-06,-26.660053,2.2197227,0.7399076,0.23200001,0.0,0.16165513,12.525097,12.545097,2243200
hardzero_plus_depr__c0p54__z1p10__lam0p020__nu0p50__psi0p75,hardzero_plus_depr,0.1,30,701,0.0,3,0.25651908,0.25651997,0.95958775,0.10975194,0.10975194,1.0,8.9993745e-07,8.1997405e-06,-26.66279,2.1111352,0.70371175,0.23200001,0.0,0.15643343,12.545097,12.565098,2246400
hardzero_plus_depr__c0p54__z1p10__lam0p020__nu0p50__psi0p75,hardzero_plus_depr,0.1,30,702,0.0,3,0.25651997,0.25652072,1.030392,0.09324121,0.09324121,1.0,7.531707e-07,8.077659e-06,-27.721392,2.2669077,0.7556359,0.17,0.0,0.16712517,12.565098,12.585098,2249600
hardzero_plus_depr__c0p54__z1p10__lam0p020__nu0p50__psi0p75,hardzero_plus_depr,0.1,30,703,0.0,3,0.25652072,0.25652146,1.0202506,0.095444165,0.095444165,1.0,7.594871e-07,7.9573965e-06,-27.364445,2.244596,0.7481987,0.17600001,0.0,0.18031672,12.585098,12.605099,2252800
hardzero_plus_depr__c0p54__z1p10__lam0p020__nu0p50__psi0p75,hardzero_plus_depr,0.1,30,704,0.0,3,0.25652146,0.25652233,0.9521586,0.11164554,0.11164554,1.0,8.7518083e-07,7.838923e-06,-25.393791,2.0947907,0.6982636,0.192,0.0,0.12430644,12.605099,12.625099,2256000
hardzero_plus_depr__c0p54__z1p10__lam0p020__nu0p50__psi0p75,hardzero_plus_depr,0.1,30,705,0.0,3,0.25652233,0.25652304,1.0278809,0.093781896,0.093781896,1.0,7.2420386e-07,7.722214e-06,-27.621374,2.261383,0.7537944,0.192,0.0,0.20265973,12.625099,12.6451,2259200
hardzero_plus_depr__c0p54__z1p10__lam0p020__nu0p50__psi0p75,hardzero_plus_depr,0.1,30,706,0.0,3,0.25652304,0.25652394,0.9359861,0.11588144,0.11588144,1.0,8.8153826e-07,7.6072424e-06,-25.501635,2.0592105,0.6864035,0.2,0.0,0.16022027,12.6451,12.6651,2262400
hardzero_plus_depr__c0p54__z1p10__lam0p020__nu0p50__psi0p75,hardzero_plus_depr,0.1,30,707,0.0,3,0.25652394,0.2565247,0.97789156,0.10522246,0.10522246,1.0,7.885354e-07,7.493983e-06,-26.101011,2.1514044,0.71713483,0.104,0.0,0.14951539,12.6651,12.685101,2265600
hardzero_plus_depr__c0p54__z1p10__lam0p020__nu0p50__psi0p75,hardzero_plus_depr,0.1,30,708,0.0,3,0.2565247,0.25652546,0.9994666,0.100122884,0.100122884,1.0,7.391481e-07,7.3824094e-06,-27.136639,2.1988704,0.7329568,0.18400002,0.0,0.17016272,12.685101,12.705101,2268800
hardzero_plus_depr__c0p54__z1p10__lam0p020__nu0p50__psi0p75,hardzero_plus_depr,0.1,30,709,0.0,3,0.25652546,0.25652623,0.97282094,0.10645817,0.10645817,1.0,7.742168e-07,7.2724974e-06,-27.393776,2.1402488,0.7134163,0.16000001,0.0,0.14717747,12.705101,12.725101,2272000
hardzero_plus_depr__c0p54__z1p10__lam0p020__nu0p50__psi0p75,hardzero_plus_depr,0.1,30,710,0.0,3,0.25652623,0.256527,0.9710647,0.10688957,0.10688957,1.0,7.6578044e-07,7.1642207e-06,-26.685694,2.136385,0.71212834,0.18400002,0.0,0.12251099,12.725101,12.745102,2275200
hardzero_plus_depr__c0p54__z1p10__lam0p020__nu0p50__psi0p75,hardzero_plus_depr,0.1,30,711,0.0,3,0.256527,0.25652772,1.0030057,0.09931029,0.09931029,1.0,7.0088805e-07,7.0575575e-06,-26.564987,2.2066567,0.73555225,0.136,0.0,0.15325521,12.745102,12.765102,2278400
hardzero_plus_depr__c0p54__z1p10__lam0p020__nu0p50__psi0p75,hardzero_plus_depr,0.1,30,712,0.0,3,0.25652772,0.25652847,0.9683902,0.10754984,0.10754984,1.0,7.477383e-07,6.9524817e-06,-26.30838,2.130501,0.71016705,0.16000001,0.0,0.16194807,12.765102,12.785103,2281600
hardzero_plus_depr__c0p54__z1p10__lam0p020__nu0p50__psi0p75,hardzero_plus_depr,0.1,30,713,0.0,3,0.25652847,0.25652924,0.94120175,0.11449807,0.11449807,1.0,7.84194e-07,6.848971e-06,-25.489035,2.0706851,0.6902284,0.15200001,0.0,0.111256994,12.785103,12.805103,2284800
hardzero_plus_depr__c0p54__z1p10__lam0p020__nu0p50__psi0p75,hardzero_plus_depr,0.1,30,714,0.0,3,0.25652924,0.2565299,1.0195897,0.095589526,0.095589526,1.0,6.4494253e-07,6.747e-06,-27.057356,2.2431421,0.74771404,0.15200001,0.0,0.20980728,12.805103,12.825104,2288000
hardzero_plus_depr__c0p54__z1p10__lam0p020__nu0p50__psi0p75,hardzero_plus_depr,0.1,30,715,0.0,3,0.2565299,0.25653058,0.9909911,0.10209602,0.10209602,1.0,6.785861e-07,6.646548e-06,-27.114363,2.180224,0.7267413,0.19999999,0.01,0.15950462,12.825104,12.845104,2291200
hardzero_plus_depr__c0p54__z1p10__lam0p020__nu0p50__psi0p75,hardzero_plus_depr,0.1,30,716,0.0,3,0.25653058,0.25653124,1.0020721,0.099524006,0.099524006,1.0,6.516426e-07,6.547592e-06,-27.750853,2.2046027,0.7348676,0.2,0.0,0.15625744,12.845104,12.865105,2294400
hardzero_plus_depr__c0p54__z1p10__lam0p020__nu0p50__psi0p75,hardzero_plus_depr,0.1,30,717,0.0,3,0.25653124,0.25653186,1.0122752,0.0972131,0.0972131,1.0,6.2703504e-07,6.4501087e-06,-26.72544,2.22705,0.74235004,0.2,0.0,0.14397788,12.865105,12.885105,2297600
hardzero_plus_depr__c0p54__z1p10__lam0p020__nu0p50__psi0p75,hardzero_plus_depr,0.1,30,718,0.0,3,0.25653186,0.25653258,0.9415904,0.11439568,0.11439568,1.0,7.268789e-07,6.3540765e-06,-25.53742,2.0715404,0.6905135,0.17600001,0.0,0.13327225,12.885105,12.905106,2300800
hardzero_plus_depr__c0p54__z1p10__lam0p020__nu0p50__psi0p75,hardzero_plus_depr,0.1,30,719,0.0,3,0.25653258,0.2565332,1.0000684,0.099984236,0.099984236,1.0,6.2584877e-07,6.2594745e-06,-26.71531,2.2001946,0.7333982,0.14400001,0.0,0.16253316,12.905106,12.925106,2304000
hardzero_plus_depr__c0p54__z1p10__lam0p020__nu0p50__psi0p75,hardzero_plus_depr,0.1,30,720,0.0,3,0.2565332,0.25653383,0.9853578,0.10342895,0.10342895,1.0,6.3777196e-07,6.166281e-06,-26.925985,2.1678305,0.7226102,0.2,0.0,0.15785745,12.925106,12.9451065,2307200
hardzero_plus_depr__c0p54__z1p10__lam0p020__nu0p50__psi0p75,hardzero_plus_depr,0.1,30,721,0.0,3,0.25653383,0.2565344,1.0199885,0.09550177,0.09550177,1.0,5.801231e-07,6.074475e-06,-28.132011,2.2440195,0.7480065,0.16000001,0.0,0.16865784,12.9451065,12.965107,2310400
hardzero_plus_depr__c0p54__z1p10__lam0p020__nu0p50__psi0p75,hardzero_plus_depr,0.1,30,722,0.0,3,0.2565344,0.256535,1.0116063,0.09736293,0.09736293,1.0,5.826233e-07,5.9840363e-06,-27.02339,2.2255783,0.74185944,0.192,0.016,0.16725168,12.965107,12.985107,2313600
hardzero_plus_depr__c0p54__z1p10__lam0p020__nu0p50__psi0p75,hardzero_plus_depr,0.1,30,723,0.0,3,0.256535,0.25653568,0.9341861,0.116362736,0.116362736,1.0,6.8595176e-07,5.8949436e-06,-25.22258,2.0552504,0.6850835,0.224,0.0,0.14972833,12.985107,13.005108,2316800
hardzero_plus_depr__c0p54__z1p10__lam0p020__nu0p50__psi0p75,hardzero_plus_depr,0.1,30,724,0.0,3,0.25653568,0.25653622,1.0415541,0.090875305,0.090875305,1.0,5.27729e-07,5.8071773e-06,-27.41932,2.2914648,0.7638216,0.128,0.0,0.18600294,13.005108,13.025108,2320000
hardzero_plus_depr__c0p54__z1p10__lam0p020__nu0p50__psi0p75,hardzero_plus_depr,0.1,30,725,0.0,3,0.25653622,0.2565368,0.97874093,0.10501687,0.10501687,1.0,6.0077184e-07,5.7207176e-06,-26.663248,2.153273,0.7177577,0.17600001,0.0,0.15659793,13.025108,13.045109,2323200
hardzero_plus_depr__c0p54__z1p10__lam0p020__nu0p50__psi0p75,hardzero_plus_depr,0.1,30,726,0.0,3,0.2565368,0.2565374,0.97224873,0.10659854,0.10659854,1.0,6.007409e-07,5.635545e-06,-26.332973,2.13899,0.71299666,0.17600001,0.0,0.15896228,13.045109,13.065109,2326400
hardzero_plus_depr__c0p54__z1p10__lam0p020__nu0p50__psi0p75,hardzero_plus_depr,0.1,30,727,0.0,3,0.2565374,0.256538,0.96620524,0.10809229,0.10809229,1.0,6.0008955e-07,5.5516407e-06,-27.160885,2.125694,0.7085647,0.216,0.0,0.19242005,13.065109,13.08511,2329600
hardzero_plus_depr__c0p54__z1p10__lam0p020__nu0p50__psi0p75,hardzero_plus_depr,0.1,30,728,0.0,3,0.256538,0.25653857,0.97877496,0.10500864,0.10500864,1.0,5.7429077e-07,5.468986e-06,-25.93873,2.153348,0.7177827,0.16,0.0,0.14315285,13.08511,13.10511,2332800
hardzero_plus_depr__c0p54__z1p10__lam0p020__nu0p50__psi0p75,hardzero_plus_depr,0.1,30,729,0.0,3,0.25653857,0.2565392,0.9260426,0.118565224,0.118565224,1.0,6.387774e-07,5.3875615e-06,-25.157732,2.0373344,0.6791115,0.16000001,0.0,0.14934652,13.10511,13.125111,2336000
hardzero_plus_depr__c0p54__z1p10__lam0p020__nu0p50__psi0p75,hardzero_plus_depr,0.1,30,730,0.0,3,0.2565392,0.2565397,1.0088111,0.09799161,0.09799161,1.0,5.200757e-07,5.307349e-06,-27.207802,2.2194288,0.73980963,0.224,0.0,0.1502187,13.125111,13.145111,2339200
hardzero_plus_depr__c0p54__z1p10__lam0p020__nu0p50__psi0p75,hardzero_plus_depr,0.1,30,731,0.0,3,0.2565397,0.25654027,0.9697843,0.10720515,0.10720515,1.0,5.605041e-07,5.2283312e-06,-26.114645,2.133568,0.7111894,0.16800001,0.0,0.16358273,13.145111,13.165112,2342400
hardzero_plus_depr__c0p54__z1p10__lam0p020__nu0p50__psi0p75,hardzero_plus_depr,0.1,30,732,0.0,3,0.25654027,0.25654072,1.0485963,0.089413635,0.089413635,1.0,4.6052403e-07,5.15049e-06,-27.651106,2.3069577,0.7689859,0.104,0.0,0.1536588,13.165112,13.185112,2345600
hardzero_plus_depr__c0p54__z1p10__lam0p020__nu0p50__psi0p75,hardzero_plus_depr,0.1,30,733,0.0,3,0.25654072,0.2565412,1.0237263,0.09468336,0.09468336,1.0,4.8040516e-07,5.0738076e-06,-27.138926,2.2522428,0.7507476,0.14400001,0.0,0.16343723,13.185112,13.205112,2348800
hardzero_plus_depr__c0p54__z1p10__lam0p020__nu0p50__psi0p75,hardzero_plus_depr,0.1,30,734,0.0,3,0.2565412,0.25654167,1.014772,0.09665579,0.09665579,1.0,4.831114e-07,4.998267e-06,-27.653818,2.2325432,0.7441811,0.128,0.0,0.1701315,13.205112,13.225113,2352000
hardzero_plus_depr__c0p54__z1p10__lam0p020__nu0p50__psi0p75,hardzero_plus_depr,0.1,30,735,0.0,3,0.25654167,0.25654218,0.99984056,0.10003672,0.10003672,1.0,4.925658e-07,4.92385e-06,-26.513664,2.1996932,0.73323107,0.15200001,0.0,0.1583646,13.225113,13.245113,2355200
hardzero_plus_depr__c0p54__z1p10__lam0p020__nu0p50__psi0p75,hardzero_plus_depr,0.1,30,736,0.0,3,0.25654218,0.25654268,0.9710264,0.10689897,0.10689897,1.0,5.18518e-07,4.850542e-06,-26.677408,2.1363008,0.71210027,0.192,0.0,0.14967595,13.245113,13.265114,2358400
hardzero_plus_depr__c0p54__z1p10__lam0p020__nu0p50__psi0p75,hardzero_plus_depr,0.1,30,737,0.0,3,0.25654268,0.25654316,0.99699014,0.10069544,0.10069544,1.0,4.8115555e-07,4.778325e-06,-26.951464,2.193422,0.73114073,0.18400002,0.0,0.14566517,13.265114,13.285114,2361600
hardzero_plus_depr__c0p54__z1p10__lam0p020__nu0p50__psi0p75,hardzero_plus_depr,0.1,30,738,0.0,3,0.25654316,0.25654364,1.0062711,0.09856639,0.09856639,1.0,4.6397014e-07,4.707184e-06,-27.808872,2.2138407,0.7379469,0.192,0.0,0.17483038,13.285114,13.305115,2364800
hardzero_plus_depr__c0p54__z1p10__lam0p020__nu0p50__psi0p75,hardzero_plus_depr,0.1,30,739,0.0,3,0.25654364,0.2565441,0.9785275,0.10506849,0.10506849,1.0,4.8721324e-07,4.6371015e-06,-26.783989,2.1528034,0.7176012,0.136,0.0,0.16365734,13.305115,13.325115,2368000
hardzero_plus_depr__c0p54__z1p10__lam0p020__nu0p50__psi0p75,hardzero_plus_depr,0.1,30,740,0.0,3,0.2565441,0.25654462,0.9591036,0.10987437,0.10987437,1.0,5.0191295e-07,4.568062e-06,-27.002602,2.11007,0.7033567,0.192,0.0,0.15211657,13.325115,13.345116,2371200
hardzero_plus_depr__c0p54__z1p10__lam0p020__nu0p50__psi0p75,hardzero_plus_depr,0.1,30,741,0.0,3,0.25654462,0.2565451,0.97317445,0.10637155,0.10637155,1.0,4.786774e-07,4.500051e-06,-26.590982,2.1410265,0.7136755,0.14999999,0.0,0.16367623,13.345116,13.365116,2374400
hardzero_plus_depr__c0p54__z1p10__lam0p020__nu0p50__psi0p75,hardzero_plus_depr,0.1,30,742,0.0,3,0.2565451,0.25654554,0.98884946,0.102600746,0.102600746,1.0,4.5483452e-07,4.4330527e-06,-26.96902,2.1755123,0.7251708,0.16000001,0.0,0.15540835,13.365116,13.385117,2377600
hardzero_plus_depr__c0p54__z1p10__lam0p020__nu0p50__psi0p75,hardzero_plus_depr,0.1,30,743,0.0,3,0.25654554,0.25654596,1.0215333,0.09516268,0.09516268,1.0,4.1558033e-07,4.3670516e-06,-26.924343,2.247418,0.7491393,0.16800001,0.0,0.15392481,13.385117,13.405117,2380800
hardzero_plus_depr__c0p54__z1p10__lam0p020__nu0p50__psi0p75,hardzero_plus_depr,0.1,30,744,0.0,3,0.25654596,0.25654635,1.0364553,0.09194851,0.09194851,1.0,3.9556554e-07,4.302033e-06,-27.592258,2.2802472,0.7600824,0.16000001,0.0,0.15231024,13.405117,13.4251175,2384000
hardzero_plus_depr__c0p54__z1p10__lam0p020__nu0p50__psi0p75,hardzero_plus_depr,0.1,30,745,0.0,3,0.25654635,0.25654683,0.9588281,0.109944105,0.109944105,1.0,4.6594118e-07,4.2379825e-06,-26.15512,2.109464,0.7031547,0.2,0.0,0.13855594,13.4251175,13.445118,2387200
hardzero_plus_depr__c0p54__z1p10__lam0p020__nu0p50__psi0p75,hardzero_plus_depr,0.1,30,746,0.0,3,0.25654683,0.25654727,0.9756173,0.10577492,0.10577492,1.0,4.415982e-07,4.174886e-06,-26.593235,2.146401,0.715467,0.208,0.0,0.15474732,13.445118,13.465118,2390400
hardzero_plus_depr__c0p54__z1p10__lam0p020__nu0p50__psi0p75,hardzero_plus_depr,0.1,30,747,0.0,3,0.25654727,0.25654772,0.95156026,0.11179948,0.11179948,1.0,4.5980096e-07,4.112729e-06,-26.433294,2.0934744,0.69782484,0.14400001,0.0,0.14072374,13.465118,13.485119,2393600
hardzero_plus_depr__c0p54__z1p10__lam0p020__nu0p50__psi0p75,hardzero_plus_depr,0.1,30,748,0.0,3,0.25654772,0.25654814,0.99232244,0.101783544,0.101783544,1.0,4.1237567e-07,4.0514965e-06,-26.620434,2.183153,0.72771764,0.18400002,0.0,0.14369573,13.485119,13.505119,2396800
hardzero_plus_depr__c0p54__z1p10__lam0p020__nu0p50__psi0p75,hardzero_plus_depr,0.1,30,749,0.0,3,0.25654814,0.25654858,0.9543828,0.111075215,0.111075215,1.0,4.4332074e-07,3.991176e-06,-25.890915,2.099684,0.69989467,0.2,0.0,0.16714999,13.505119,13.52512,2400000
hardzero_plus_depr__c0p54__z1p10__lam0p020__nu0p50__psi0p75,hardzero_plus_depr,0.1,30,750,0.0,3,0.25654858,0.25654903,0.9428469,0.11406518,0.11406518,1.0,4.4847624e-07,3.9317542e-06,-26.006363,2.0743046,0.69143486,0.192,0.0,0.1401482,13.52512,13.54512,2403200
hardzero_plus_depr__c0p54__z1p10__lam0p020__nu0p50__psi0p75,hardzero_plus_depr,0.1,30,751,0.0,3,0.25654903,0.25654942,0.9892937,0.10249586,0.10249586,1.0,3.9698864e-07,3.8732164e-06,-26.669664,2.1764896,0.72549653,0.120000005,0.0,0.17271033,13.54512,13.565121,2406400
hardzero_plus_depr__c0p54__z1p10__lam0p020__nu0p50__psi0p75,hardzero_plus_depr,0.1,30,752,0.0,3,0.25654942,0.2565498,0.997293,0.10062526,0.10062526,1.0,3.839408e-07,3.815551e-06,-27.42493,2.1940885,0.7313628,0.15200001,0.0,0.18011688,13.565121,13.585121,2409600
hardzero_plus_depr__c0p54__z1p10__lam0p020__nu0p50__psi0p75,hardzero_plus_depr,0.1,30,753,0.0,3,0.2565498,0.25655022,0.96473384,0.10845913,0.10845913,1.0,4.0767e-07,3.758743e-06,-25.689999,2.1224568,0.7074856,0.17600001,0.0,0.13557659,13.585121,13.605122,2412800
hardzero_plus_depr__c0p54__z1p10__lam0p020__nu0p50__psi0p75,hardzero_plus_depr,0.1,30,754,0.0,3,0.25655022,0.2565506,0.9944933,0.101276025,0.101276025,1.0,3.75003e-07,3.7027814e-06,-27.113605,2.187929,0.7293097,0.14,0.0,0.15978338,13.605122,13.625122,2416000
hardzero_plus_depr__c0p54__z1p10__lam0p020__nu0p50__psi0p75,hardzero_plus_depr,0.1,30,755,0.0,3,0.2565506,0.256551,0.985634,0.1033632,0.1033632,1.0,3.7703307e-07,3.6476529e-06,-27.08689,2.1684382,0.7228128,0.2,0.0,0.17424442,13.625122,13.645123,2419200
hardzero_plus_depr__c0p54__z1p10__lam0p020__nu0p50__psi0p75,hardzero_plus_depr,0.1,30,756,0.0,3,0.256551,0.25655138,0.9687549,0.10745956,0.10745956,1.0,3.8613928e-07,3.5933451e-06,-26.890388,2.1313033,0.71043444,0.18400002,0.0,0.16236569,13.645123,13.665123,2422400
hardzero_plus_depr__c0p54__z1p10__lam0p020__nu0p50__psi0p75,hardzero_plus_depr,0.1,30,757,0.0,3,0.25655138,0.2565517,1.0157989,0.09642753,0.09642753,1.0,3.4133862e-07,3.5398461e-06,-27.6493,2.2348022,0.7449341,0.18400002,0.0,0.17853831,13.665123,13.685123,2425600
hardzero_plus_depr__c0p54__z1p10__lam0p020__nu0p50__psi0p75,hardzero_plus_depr,0.1,30,758,0.0,3,0.2565517,0.25655207,0.97861093,0.10504831,0.10504831,1.0,3.663185e-07,3.4871432e-06,-26.418863,2.152987,0.71766233,0.16800001,0.0,0.1427349,13.685123,13.705124,2428800
hardzero_plus_depr__c0p54__z1p10__lam0p020__nu0p50__psi0p75,hardzero_plus_depr,0.1,30,759,0.0,3,0.25655207,0.2565524,1.0338087,0.09251055,0.09251055,1.0,3.1779462e-07,3.4352256e-06,-27.516394,2.2744246,0.7581415,0.08800001,0.0,0.15475558,13.705124,13.725124,2432000
hardzero_plus_depr__c0p54__z1p10__lam0p020__nu0p50__psi0p75,hardzero_plus_depr,0.1,30,760,0.0,3,0.2565524,0.2565528,0.9424675,0.11416487,0.11416487,1.0,3.863431e-07,3.3840804e-06,-25.416607,2.0734699,0.6911566,0.18400002,0.0,0.15976316,13.725124,13.745125,2435200
hardzero_plus_depr__c0p54__z1p10__lam0p020__nu0p50__psi0p75,hardzero_plus_depr,0.1,30,761,0.0,3,0.2565528,0.2565531,0.99563646,0.10100981,0.10100981,1.0,3.367361e-07,3.333697e-06,-26.785744,2.190444,0.730148,0.16000001,0.0,0.16296719,13.745125,13.765125,2438400
hardzero_plus_depr__c0p54__z1p10__lam0p020__nu0p50__psi0p75,hardzero_plus_depr,0.1,30,762,0.0,3,0.2565531,0.25655344,0.9845253,0.103627406,0.103627406,1.0,3.40319e-07,3.2840635e-06,-26.153486,2.165999,0.72199965,0.16000001,0.0,0.15641114,13.765125,13.785126,2441600
hardzero_plus_depr__c0p54__z1p10__lam0p020__nu0p50__psi0p75,hardzero_plus_depr,0.1,30,763,0.0,3,0.25655344,0.25655374,1.0165449,0.09626203,0.09626203,1.0,3.1142395e-07,3.235169e-06,-27.899376,2.2364435,0.7454812,0.112,0.0,0.17895201,13.785126,13.805126,2444800
hardzero_plus_depr__c0p54__z1p10__lam0p020__nu0p50__psi0p75,hardzero_plus_depr,0.1,30,764,0.0,3,0.25655374,0.2565541,0.9623843,0.1090475,0.1090475,1.0,3.475347e-07,3.1870027e-06,-26.098736,2.1172876,0.70576257,0.192,0.0,0.14872281,13.805126,13.825127,2448000
hardzero_plus_depr__c0p54__z1p10__lam0p020__nu0p50__psi0p75,hardzero_plus_depr,0.1,30,765,0.0,3,0.2565541,0.2565544,1.013316,0.09698039,0.09698039,1.0,3.044751e-07,3.1395532e-06,-26.863573,2.2293398,0.7431133,0.112,0.0,0.13799,13.825127,13.845127,2451200
hardzero_plus_depr__c0p54__z1p10__lam0p020__nu0p50__psi0p75,hardzero_plus_depr,0.1,30,766,0.0,3,0.2565544,0.2565547,1.012269,0.09721448,0.09721448,1.0,3.0066593e-07,3.0928102e-06,-28.276844,2.2270362,0.74234545,0.16800001,0.0,0.15096067,13.845127,13.865128,2454400
hardzero_plus_depr__c0p54__z1p10__lam0p020__nu0p50__psi0p75,hardzero_plus_depr,0.1,30,767,0.0,3,0.2565547,0.25655502,0.9828099,0.10403755,0.10403755,1.0,3.169778e-07,3.0467634e-06,-26.627663,2.162225,0.7207417,0.22,0.0,0.16419454,13.865128,13.885128,2457600
hardzero_plus_depr__c0p54__z1p10__lam0p020__nu0p50__psi0p75,hardzero_plus_depr,0.1,30,768,0.0,3,0.25655502,0.25655535,0.9671814,0.10784963,0.10784963,1.0,3.2370008e-07,3.0014019e-06,-25.94263,2.1278415,0.7092805,0.16000001,0.0,0.12774675,13.885128,13.9051285,2460800
hardzero_plus_depr__c0p54__z1p10__lam0p020__nu0p50__psi0p75,hardzero_plus_depr,0.1,30,769,0.0,3,0.25655535,0.25655565,0.9822896,0.104162246,0.104162246,1.0,3.0797818e-07,2.9567161e-06,-27.148048,2.1610804,0.72036016,0.2,0.0,0.1755823,13.9051285,13.925129,2464000
hardzero_plus_depr__c0p54__z1p10__lam0p020__nu0p50__psi0p75,hardzero_plus_depr,0.1,30,770,0.0,3,0.25655565,0.2565559,1.0237515,0.09467787,0.09467787,1.0,2.7576777e-07,2.912695e-06,-27.994753,2.2522984,0.75076616,0.14400001,0.0,0.14032245,13.925129,13.945129,2467200
hardzero_plus_depr__c0p54__z1p10__lam0p020__nu0p50__psi0p75,hardzero_plus_depr,0.1,30,771,0.0,3,0.2565559,0.2565562,0.96979773,0.10720185,0.10720185,1.0,3.0759747e-07,2.8693298e-06,-26.086557,2.1335976,0.7111992,0.17600001,0.0,0.15549949,13.945129,13.96513,2470400
hardzero_plus_depr__c0p54__z1p10__lam0p020__nu0p50__psi0p75,hardzero_plus_depr,0.1,30,772,0.0,3,0.2565562,0.2565565,0.9942643,0.10132945,0.10132945,1.0,2.8641887e-07,2.8266102e-06,-26.233002,2.1874251,0.7291417,0.16000001,0.0,0.1513226,13.96513,13.98513,2473600
hardzero_plus_depr__c0p54__z1p10__lam0p020__nu0p50__psi0p75,hardzero_plus_depr,0.1,30,773,0.0,3,0.2565565,0.2565568,0.96136636,0.1093034,0.1093034,1.0,3.0435822e-07,2.7845265e-06,-26.823822,2.1150482,0.7050161,0.16800001,0.0,0.16363396,13.98513,14.005131,2476800
hardzero_plus_depr__c0p54__z1p10__lam0p020__nu0p50__psi0p75,hardzero_plus_depr,0.1,30,774,0.0,3,0.2565568,0.2565571,0.97856987,0.105058245,0.105058245,1.0,2.8818204e-07,2.7430692e-06,-26.839785,2.1528966,0.71763223,0.216,0.0,0.13508162,14.005131,14.025131,2480000
hardzero_plus_depr__c0p54__z1p10__lam0p020__nu0p50__psi0p75,hardzero_plus_depr,0.1,30,775,0.0,3,0.2565571,0.25655738,1.0112138,0.09745097,0.09745097,1.0,2.6333487e-07,2.7022293e-06,-26.759794,2.2247148,0.7415716,0.136,0.0,0.16416259,14.025131,14.045132,2483200
hardzero_plus_depr__c0p54__z1p10__lam0p020__nu0p50__psi0p75,hardzero_plus_depr,0.1,30,776,0.0,3,0.25655738,0.25655767,0.94008434,0.11479307,0.11479307,1.0,3.0557885e-07,2.6619973e-06,-26.291548,2.0682268,0.68940896,0.272,0.0,0.121111654,14.045132,14.065132,2486400
hardzero_plus_depr__c0p54__z1p10__lam0p020__nu0p50__psi0p75,hardzero_plus_depr,0.1,30,777,0.0,3,0.25655767,0.25655797,0.95361227,0.11127248,0.11127248,1.0,2.91797e-07,2.6223645e-06,-25.779648,2.0979888,0.6993296,0.17600001,0.0,0.14600995,14.065132,14.085133,2489600
hardzero_plus_depr__c0p54__z1p10__lam0p020__nu0p50__psi0p75,hardzero_plus_depr,0.1,30,778,0.0,3,0.25655797,0.25655824,0.96040446,0.10954576,0.10954576,1.0,2.8299195e-07,2.5833217e-06,-25.75114,2.112932,0.70431066,0.2,0.0,0.14893894,14.085133,14.105133,2492800
hardzero_plus_depr__c0p54__z1p10__lam0p020__nu0p50__psi0p75,hardzero_plus_depr,0.1,30,779,0.0,3,0.25655824,0.2565585,0.9572235,0.11035106,0.11035106,1.0,2.8082803e-07,2.5448603e-06,-26.67051,2.1059337,0.7019779,0.224,0.008,0.1458114,14.105133,14.1251335,2496000
hardzero_plus_depr__c0p54__z1p10__lam0p020__nu0p50__psi0p75,hardzero_plus_depr,0.1,30,780,0.0,3,0.2565585,0.25655878,0.99526507,0.10109623,0.10109623,1.0,2.5344534e-07,2.5069712e-06,-27.160288,2.189627,0.7298757,0.19999999,0.0,0.15993866,14.1251335,14.145134,2499200
hardzero_plus_depr__c0p54__z1p10__lam0p020__nu0p50__psi0p75,hardzero_plus_depr,0.1,30,781,0.0,3,0.25655878,0.25655904,0.9802355,0.10465608,0.10465608,1.0,2.584635e-07,2.4696465e-06,-26.252388,2.1565611,0.7188537,0.16000001,0.0,0.16254413,14.145134,14.165134,2502400
hardzero_plus_depr__c0p54__z1p10__lam0p020__nu0p50__psi0p75,hardzero_plus_depr,0.1,30,782,0.0,3,0.25655904,0.2565593,0.9807401,0.10453455,0.10453455,1.0,2.5431976e-07,2.4328774e-06,-26.95305,2.1576712,0.71922374,0.16800001,0.0,0.19724777,14.165134,14.185135,2505600
hardzero_plus_depr__c0p54__z1p10__lam0p020__nu0p50__psi0p75,hardzero_plus_depr,0.1,30,783,0.0,3,0.2565593,0.25655955,1.0216875,0.09512891,0.09512891,1.0,2.2799124e-07,2.3966556e-06,-27.557241,2.2477574,0.7492525,0.18400002,0.0,0.16710089,14.185135,14.205135,2508800
hardzero_plus_depr__c0p54__z1p10__lam0p020__nu0p50__psi0p75,hardzero_plus_depr,0.1,30,784,0.0,3,0.25655955,0.25655976,1.0424621,0.09068551,0.09068551,1.0,2.1410608e-07,2.3609734e-06,-27.415333,2.2934625,0.7644875,0.136,0.0,0.17392468,14.205135,14.225136,2512000
hardzero_plus_depr__c0p54__z1p10__lam0p020__nu0p50__psi0p75,hardzero_plus_depr,0.1,30,785,0.0,3,0.25655976,0.25656,0.99657595,0.10079154,0.10079154,1.0,2.3442323e-07,2.3258224e-06,-26.934277,2.1925108,0.730837,0.17600001,0.0,0.15714806,14.225136,14.245136,2515200
hardzero_plus_depr__c0p54__z1p10__lam0p020__nu0p50__psi0p75,hardzero_plus_depr,0.1,30,786,0.0,3,0.25656,0.25656024,1.008899,0.09797178,0.09797178,1.0,2.2447242e-07,2.2911945e-06,-27.084387,2.2196221,0.73987406,0.08800001,0.0,0.15348649,14.245136,14.265137,2518400
hardzero_plus_depr__c0p54__z1p10__lam0p020__nu0p50__psi0p75,hardzero_plus_depr,0.1,30,787,0.0,3,0.25656024,0.25656044,1.0066216,0.09848688,0.09848688,1.0,2.22293e-07,2.2570823e-06,-27.246098,2.2146118,0.73820394,0.16800001,0.0,0.18056282,14.265137,14.285137,2521600
hardzero_plus_depr__c0p54__z1p10__lam0p020__nu0p50__psi0p75,hardzero_plus_depr,0.1,30,788,0.0,3,0.25656044,0.25656068,0.99330807,0.101552814,0.101552814,1.0,2.2580046e-07,2.223478e-06,-27.13604,2.1853213,0.72844046,0.17600001,0.0,0.15080218,14.285137,14.305138,2524800
hardzero_plus_depr__c0p54__z1p10__lam0p020__nu0p50__psi0p75,hardzero_plus_depr,0.1,30,789,0.0,3,0.25656068,0.25656092,0.9758852,0.10570968,0.10570968,1.0,2.3154374e-07,2.190374e-06,-27.498932,2.1469903,0.71566343,0.18400002,0.0,0.1811379,14.305138,14.325138,2528000
hardzero_plus_depr__c0p54__z1p10__lam0p020__nu0p50__psi0p75,hardzero_plus_depr,0.1,30,790,0.0,3,0.25656092,0.25656113,0.99805844,0.10044806,0.10044806,1.0,2.1674308e-07,2.1577628e-06,-27.499365,2.1957724,0.7319242,0.208,0.0,0.17036133,14.325138,14.345139,2531200
hardzero_plus_depr__c0p54__z1p10__lam0p020__nu0p50__psi0p75,hardzero_plus_depr,0.1,30,791,0.0,3,0.25656113,0.2565613,1.0795578,0.083261125,0.083261125,1.0,1.7698294e-07,2.1256371e-06,-28.386595,2.3750746,0.79169154,0.15200001,0.0,0.1604602,14.345139,14.365139,2534400
hardzero_plus_depr__c0p54__z1p10__lam0p020__nu0p50__psi0p75,hardzero_plus_depr,0.1,30,792,0.0,3,0.2565613,0.25656152,1.0293459,0.093466096,0.093466096,1.0,1.9571706e-07,2.09399e-06,-26.758575,2.2646062,0.75486875,0.112,0.0,0.16852915,14.365139,14.385139,2537600
hardzero_plus_depr__c0p54__z1p10__lam0p020__nu0p50__psi0p75,hardzero_plus_depr,0.1,30,793,0.0,3,0.25656152,0.25656176,0.9283327,0.11794167,0.11794167,1.0,2.4329168e-07,2.0628136e-06,-25.896215,2.0423727,0.6807909,0.19,0.0,0.14149062,14.385139,14.40514,2540800
hardzero_plus_depr__c0p54__z1p10__lam0p020__nu0p50__psi0p75,hardzero_plus_depr,0.1,30,794,0.0,3,0.25656176,0.25656196,0.9710117,0.106902614,0.106902614,1.0,2.1723696e-07,2.0321015e-06,-26.182323,2.1362684,0.7120895,0.17600001,0.0,0.16752982,14.40514,14.42514,2544000
hardzero_plus_depr__c0p54__z1p10__lam0p020__nu0p50__psi0p75,hardzero_plus_depr,0.1,30,795,0.0,3,0.25656196,0.25656214,1.017835,0.09597652,0.09597652,1.0,1.9213027e-07,2.0018467e-06,-27.198381,2.2392817,0.74642724,0.16000001,0.0,0.18135668,14.42514,14.445141,2547200
hardzero_plus_depr__c0p54__z1p10__lam0p020__nu0p50__psi0p75,hardzero_plus_depr,0.1,30,796,0.0,3,0.25656214,0.25656235,0.9852855,0.10344619,0.10344619,1.0,2.040003e-07,1.9720426e-06,-26.839804,2.1676714,0.7225572,0.24000001,0.0,0.17162347,14.445141,14.465141,2550400
hardzero_plus_depr__c0p54__z1p10__lam0p020__nu0p50__psi0p75,hardzero_plus_depr,0.1,30,797,0.0,3,0.25656235,0.25656256,0.97647786,0.10556554,0.10556554,1.0,2.050803e-07,1.9426823e-06,-26.57985,2.1482942,0.71609807,0.192,0.0,0.15190178,14.465141,14.485142,2553600
hardzero_plus_depr__c0p54__z1p10__lam0p020__nu0p50__psi0p75,hardzero_plus_depr,0.1,30,798,0.0,3,0.25656256,0.25656277,0.991048,0.102082655,0.102082655,1.0,1.9536155e-07,1.9137585e-06,-26.853968,2.180349,0.72678304,0.136,0.0,0.15657067,14.485142,14.505142,2556800
hardzero_plus_depr__c0p54__z1p10__lam0p020__nu0p50__psi0p75,hardzero_plus_depr,0.1,30,799,0.0,3,0.25656277,0.25656295,0.99455476,0.101261705,0.101261705,1.0,1.9090523e-07,1.8852658e-06,-27.205347,2.188064,0.72935474,0.128,0.0,0.16073225,14.505142,14.525143,2560000
hardzero_plus_depr__c0p54__z1p10__lam0p020__nu0p50__psi0p75,hardzero_plus_depr,0.1,30,800,0.0,3,0.25656295,0.25656313,1.0039121,0.09910325,0.09910325,1.0,1.8405427e-07,1.8571972e-06,-27.236923,2.2086506,0.7362169,0.18400002,0.0,0.1771897,14.525143,14.545143,2563200
hardzero_plus_depr__c0p54__z1p10__lam0p020__nu0p50__psi0p75,hardzero_plus_depr,0.1,30,801,0.0,3,0.25656313,0.2565633,0.98294973,0.10400405,0.10400405,1.0,1.9028023e-07,1.8295465e-06,-26.460802,2.1625326,0.7208442,0.18400002,0.008,0.16911113,14.545143,14.565144,2566400
hardzero_plus_depr__c0p54__z1p10__lam0p020__nu0p50__psi0p75,hardzero_plus_depr,0.1,30,802,0.0,3,0.2565633,0.25656348,1.0053474,0.09877626,0.09877626,1.0,1.780252e-07,1.8023077e-06,-26.794922,2.2118084,0.7372695,0.16000001,0.0,0.13303839,14.565144,14.585144,2569600
hardzero_plus_depr__c0p54__z1p10__lam0p020__nu0p50__psi0p75,hardzero_plus_depr,0.1,30,803,0.0,3,0.25656348,0.25656366,1.0072218,0.09835087,0.09835087,1.0,1.746194e-07,1.775474e-06,-26.910156,2.2159321,0.73864406,0.16800001,0.0,0.16127662,14.585144,14.6051445,2572800
hardzero_plus_depr__c0p54__z1p10__lam0p020__nu0p50__psi0p75,hardzero_plus_depr,0.1,30,804,0.0,3,0.25656366,0.25656384,1.0030534,0.099299386,0.099299386,1.0,1.736786e-07,1.74904e-06,-27.14227,2.2067616,0.73558724,0.136,0.0,0.15207942,14.6051445,14.625145,2576000
hardzero_plus_depr__c0p54__z1p10__lam0p020__nu0p50__psi0p75,hardzero_plus_depr,0.1,30,805,0.0,3,0.25656384,0.25656402,1.0060375,0.09861944,0.09861944,1.0,1.6992126e-07,1.7229997e-06,-27.419167,2.2133267,0.73777556,0.192,0.0,0.18026578,14.625145,14.645145,2579200
hardzero_plus_depr__c0p54__z1p10__lam0p020__nu0p50__psi0p75,hardzero_plus_depr,0.1,30,806,0.0,3,0.25656402,0.25656423,0.94189054,0.114316635,0.114316635,1.0,1.9403501e-07,1.6973471e-06,-26.388872,2.0722005,0.69073355,0.17,0.0,0.14650325,14.645145,14.665146,2582400
hardzero_plus_depr__c0p54__z1p10__lam0p020__nu0p50__psi0p75,hardzero_plus_depr,0.1,30,807,0.0,3,0.25656423,0.2565644,0.96269137,0.10897042,0.10897042,1.0,1.8220685e-07,1.6720762e-06,-26.62811,2.1179633,0.7059878,0.120000005,0.0,0.14684272,14.665146,14.685146,2585600
hardzero_plus_depr__c0p54__z1p10__lam0p020__nu0p50__psi0p75,hardzero_plus_depr,0.1,30,808,0.0,3,0.2565644,0.25656456,1.0176007,0.096028306,0.096028306,1.0,1.5817606e-07,1.6471816e-06,-27.990858,2.2387662,0.7462554,0.17600001,0.0,0.14581643,14.685146,14.705147,2588800
hardzero_plus_depr__c0p54__z1p10__lam0p020__nu0p50__psi0p75,hardzero_plus_depr,0.1,30,809,0.0,3,0.25656456,0.2565647,1.0206935,0.09534687,0.09534687,1.0,1.5471532e-07,1.6226577e-06,-27.597862,2.2455707,0.7485236,0.16800001,0.008,0.17134821,14.705147,14.725147,2592000
hardzero_plus_depr__c0p54__z1p10__lam0p020__nu0p50__psi0p75,hardzero_plus_depr,0.1,30,810,0.0,3,0.2565647,0.25656486,0.9994136,0.10013511,0.10013511,1.0,1.6006588e-07,1.598499e-06,-27.113579,2.1987538,0.73291796,0.112,0.0,0.15793844,14.725147,14.745148,2595200
hardzero_plus_depr__c0p54__z1p10__lam0p020__nu0p50__psi0p75,hardzero_plus_depr,0.1,30,811,0.0,3,0.25656486,0.256565,0.9846777,0.10359107,0.10359107,1.0,1.6312485e-07,1.5746999e-06,-26.0531,2.1663342,0.7221114,0.14400001,0.0,0.17298235,14.745148,14.765148,2598400
hardzero_plus_depr__c0p54__z1p10__lam0p020__nu0p50__psi0p75,hardzero_plus_depr,0.1,30,812,0.0,3,0.256565,0.25656515,0.9864933,0.103158884,0.103158884,1.0,1.6002575e-07,1.5512551e-06,-26.675123,2.1703286,0.7234429,0.120000005,0.0,0.14400142,14.765148,14.785149,2601600
hardzero_plus_depr__c0p54__z1p10__lam0p020__nu0p50__psi0p75,hardzero_plus_depr,0.1,30,813,0.0,3,0.25656515,0.2565653,1.015277,0.09654347,0.09654347,1.0,1.4753381e-07,1.5281594e-06,-27.52687,2.233654,0.74455136,0.112,0.0,0.17560652,14.785149,14.805149,2604800
hardzero_plus_depr__c0p54__z1p10__lam0p020__nu0p50__psi0p75,hardzero_plus_depr,0.1,30,814,0.0,3,0.2565653,0.25656548,0.956751,0.11047118,0.11047118,1.0,1.6630415e-07,1.5054076e-06,-26.264975,2.1048942,0.7016314,0.2,0.0,0.16928457,14.805149,14.82515,2608000
hardzero_plus_depr__c0p54__z1p10__lam0p020__nu0p50__psi0p75,hardzero_plus_depr,0.1,30,815,0.0,3,0.25656548,0.25656563,1.006419,0.09853286,0.09853286,1.0,1.4612368e-07,1.4829944e-06,-26.804708,2.214166,0.73805535,0.15200001,0.0,0.16418195,14.82515,14.84515,2611200
hardzero_plus_depr__c0p54__z1p10__lam0p020__nu0p50__psi0p75,hardzero_plus_depr,0.1,30,816,0.0,3,0.25656563,0.25656578,1.0001856,0.09995726,0.09995726,1.0,1.4602907e-07,1.4609151e-06,-27.33379,2.2004523,0.73348415,0.128,0.0,0.1537172,14.84515,14.86515,2614400
hardzero_plus_depr__c0p54__z1p10__lam0p020__nu0p50__psi0p75,hardzero_plus_depr,0.1,30,817,0.0,3,0.25656578,0.25656593,0.99153703,0.10196777,0.10196777,1.0,1.4674836e-07,1.4391643e-06,-26.76797,2.181425,0.72714174,0.17600001,0.0,0.14404127,14.86515,14.885151,2617600
hardzero_plus_depr__c0p54__z1p10__lam0p020__nu0p50__psi0p75,hardzero_plus_depr,0.1,30,818,0.0,3,0.25656593,0.25656608,1.000442,0.09989827,0.09989827,1.0,1.4162953e-07,1.4177375e-06,-26.969736,2.2010164,0.73367214,0.208,0.0,0.1584153,14.885151,14.905151,2620800
hardzero_plus_depr__c0p54__z1p10__lam0p020__nu0p50__psi0p75,hardzero_plus_depr,0.1,30,819,0.0,3,0.25656608,0.25656623,0.9915726,0.101959415,0.101959415,1.0,1.4239954e-07,1.3966296e-06,-26.452448,2.1815033,0.7271678,0.19999999,0.0,0.16312821,14.905151,14.925152,2624000
hardzero_plus_depr__c0p54__z1p10__lam0p020__nu0p50__psi0p75,hardzero_plus_depr,0.1,30,820,0.0,3,0.25656623,0.25656635,1.0291677,0.09350446,0.09350446,1.0,1.2864682e-07,1.3758362e-06,-27.271002,2.264214,0.75473803,0.16800001,0.0,0.16017318,14.925152,14.945152,2627200
hardzero_plus_depr__c0p54__z1p10__lam0p020__nu0p50__psi0p75,hardzero_plus_depr,0.1,30,821,0.0,3,0.25656635,0.2565665,0.9656436,0.10823216,0.10823216,1.0,1.4669268e-07,1.3553521e-06,-26.525677,2.1244583,0.7081528,0.16800001,0.0,0.162631,14.945152,14.965153,2630400
hardzero_plus_depr__c0p54__z1p10__lam0p020__nu0p50__psi0p75,hardzero_plus_depr,0.1,30,822,0.0,3,0.2565665,0.25656664,0.96360177,0.10874223,0.10874223,1.0,1.451897e-07,1.3351731e-06,-25.889595,2.1199663,0.70665544,0.216,0.0,0.13847347,14.965153,14.985153,2633600
hardzero_plus_depr__c0p54__z1p10__lam0p020__nu0p50__psi0p75,hardzero_plus_depr,0.1,30,823,0.0,3,0.25656664,0.25656676,1.0158104,0.096425004,0.096425004,1.0,1.2682727e-07,1.3152944e-06,-27.57106,2.2348275,0.74494255,0.104,0.0,0.19216087,14.985153,15.005154,2636800
hardzero_plus_depr__c0p54__z1p10__lam0p020__nu0p50__psi0p75,hardzero_plus_depr,0.1,30,824,0.0,3,0.25656676,0.25656688,1.031974,0.09290221,0.09290221,1.0,1.203745e-07,1.2957119e-06,-27.766449,2.2703881,0.75679606,0.15200001,0.0,0.14801456,15.005154,15.025154,2640000
hardzero_plus_depr__c0p54__z1p10__lam0p020__nu0p50__psi0p75,hardzero_plus_depr,0.1,30,825,0.0,3,0.25656688,0.256567,1.0240612,0.09461037,0.09461037,1.0,1.2076265e-07,1.2764208e-06,-27.250446,2.2529798,0.75099325,0.15200001,0.0,0.17584702,15.025154,15.045155,2643200
hardzero_plus_depr__c0p54__z1p10__lam0p020__nu0p50__psi0p75,hardzero_plus_depr,0.1,30,826,0.0,3,0.256567,0.25656712,0.9904339,0.10222711,0.10222711,1.0,1.285421e-07,1.2574169e-06,-26.866053,2.178998,0.72633266,0.15200001,0.0,0.14625436,15.045155,15.065155,2646400
hardzero_plus_depr__c0p54__z1p10__lam0p020__nu0p50__psi0p75,hardzero_plus_depr,0.1,30,827,0.0,3,0.25656712,0.25656724,0.99369246,0.101462975,0.101462975,1.0,1.2568178e-07,1.238696e-06,-26.42807,2.186167,0.72872233,0.16800001,0.0,0.15090875,15.065155,15.0851555,2649600
hardzero_plus_depr__c0p54__z1p10__lam0p020__nu0p50__psi0p75,hardzero_plus_depr,0.1,30,828,0.0,3,0.25656724,0.25656736,1.0074646,0.098295875,0.098295875,1.0,1.1994591e-07,1.2202538e-06,-26.879108,2.2164664,0.73882216,0.16000001,0.0,0.17367385,15.0851555,15.105156,2652800
hardzero_plus_depr__c0p54__z1p10__lam0p020__nu0p50__psi0p75,hardzero_plus_depr,0.1,30,829,0.0,3,0.25656736,0.25656748,1.0130305,0.097044185,0.097044185,1.0,1.1665548e-07,1.2020862e-06,-27.281961,2.2287116,0.7429039,0.216,0.0,0.16044092,15.105156,15.125156,2656000
hardzero_plus_depr__c0p54__z1p10__lam0p020__nu0p50__psi0p75,hardzero_plus_depr,0.1,30,830,0.0,3,0.25656748,0.2565676,0.948839,0.1125022,0.1125022,1.0,1.3322388e-07,1.184189e-06,-26.072008,2.0874875,0.69582915,0.15200001,0.0,0.16178606,15.125156,15.145157,2659200
hardzero_plus_depr__c0p54__z1p10__lam0p020__nu0p50__psi0p75,hardzero_plus_depr,0.1,30,831,0.0,3,0.2565676,0.25656772,0.9782625,0.10513262,0.10513262,1.0,1.2264333e-07,1.1665584e-06,-26.51866,2.1522205,0.71740687,0.192,0.0,0.14610909,15.145157,15.165157,2662400
hardzero_plus_depr__c0p54__z1p10__lam0p020__nu0p50__psi0p75,hardzero_plus_depr,0.1,30,832,0.0,3,0.25656772,0.25656784,1.0252587,0.09434987,0.09434987,1.0,1.0842594e-07,1.1491901e-06,-27.629808,2.255614,0.75187135,0.11,0.0,0.1520537,15.165157,15.185158,2665600
hardzero_plus_depr__c0p54__z1p10__lam0p020__nu0p50__psi0p75,hardzero_plus_depr,0.1,30,833,0.0,3,0.25656784,0.25656796,0.94410247,0.113735884,0.113735884,1.0,1.2875819e-07,1.1320806e-06,-26.272568,2.077067,0.69235563,0.2,0.0,0.15044887,15.185158,15.205158,2668800
hardzero_plus_depr__c0p54__z1p10__lam0p020__nu0p50__psi0p75,hardzero_plus_depr,0.1,30,834,0.0,3,0.25656796,0.25656807,1.0245323,0.0945078,0.0945078,1.0,1.05397525e-07,1.1152257e-06,-27.676853,2.2540162,0.7513387,0.15200001,0.0,0.14178056,15.205158,15.225159,2672000
hardzero_plus_depr__c0p54__z1p10__lam0p020__nu0p50__psi0p75,hardzero_plus_depr,0.1,30,835,0.0,3,0.25656807,0.2565682,0.97018623,0.107106,0.107106,1.0,1.1766898e-07,1.0986217e-06,-26.237482,2.1344523,0.71148413,0.216,0.008,0.14532204,15.225159,15.245159,2675200
hardzero_plus_depr__c0p54__z1p10__lam0p020__nu0p50__psi0p75,hardzero_plus_depr,0.1,30,836,0.0,3,0.2565682,0.25656828,1.0329057,0.0927031,0.0927031,1.0,1.0032932e-07,1.082265e-06,-28.261745,2.2724378,0.7574793,0.17600001,0.0,0.16020712,15.245159,15.26516,2678400
hardzero_plus_depr__c0p54__z1p10__lam0p020__nu0p50__psi0p75,hardzero_plus_depr,0.1,30,837,0.0,3,0.25656828,0.2565684,0.9709481,0.10691827,0.10691827,1.0,1.1399111e-07,1.0661519e-06,-25.509388,2.1361284,0.7120428,0.216,0.0,0.17416446,15.26516,15.28516,2681600
hardzero_plus_depr__c0p54__z1p10__lam0p020__nu0p50__psi0p75,hardzero_plus_depr,0.1,30,838,0.0,3,0.2565684,0.2565685,1.0211638,0.09524367,0.09524367,1.0,1.0003239e-07,1.0502786e-06,-27.20978,2.2466054,0.74886847,0.120000005,0.0,0.16572309,15.28516,15.3051605,2684800
hardzero_plus_depr__c0p54__z1p10__lam0p020__nu0p50__psi0p75,hardzero_plus_depr,0.1,30,839,0.0,3,0.2565685,0.2565686,0.9765548,0.10554684,0.10554684,1.0,1.0920314e-07,1.0346415e-06,-26.41985,2.1484635,0.7161545,0.192,0.0,0.17015135,15.3051605,15.325161,2688000
hardzero_plus_depr__c0p54__z1p10__lam0p020__nu0p50__psi0p75,hardzero_plus_depr,0.1,30,840,0.0,3,0.2565686,0.2565687,1.0051699,0.098816656,0.098816656,1.0,1.0071763e-07,1.0192374e-06,-27.48868,2.211418,0.73713934,0.128,0.0,0.16255568,15.325161,15.345161,2691200
hardzero_plus_depr__c0p54__z1p10__lam0p020__nu0p50__psi0p75,hardzero_plus_depr,0.1,30,841,0.0,3,0.2565687,0.25656882,0.9775039,0.10531643,0.10531643,1.0,1.057443e-07,1.0040627e-06,-26.650982,2.1505516,0.7168505,0.16800001,0.0,0.15392685,15.345161,15.365162,2694400
hardzero_plus_depr__c0p54__z1p10__lam0p020__nu0p50__psi0p75,hardzero_plus_depr,0.1,30,842,0.0,3,0.25656882,0.25656894,0.97223246,0.106602535,0.106602535,1.0,1.0544204e-07,9.891138e-07,-26.527094,2.1389542,0.71298474,0.15200001,0.0,0.13801877,15.365162,15.385162,2697600
hardzero_plus_depr__c0p54__z1p10__lam0p020__nu0p50__psi0p75,hardzero_plus_depr,0.1,30,843,0.0,3,0.25656894,0.25656903,1.0165657,0.09625744,0.09625744,1.0,9.3792046e-08,9.743875e-07,-28.414587,2.236489,0.7454964,0.216,0.0,0.17984359,15.385162,15.405163,2700800
hardzero_plus_depr__c0p54__z1p10__lam0p020__nu0p50__psi0p75,hardzero_plus_depr,0.1,30,844,0.0,3,0.25656903,0.25656912,1.005828,0.098667,0.098667,1.0,9.470852e-08,9.598804e-07,-27.124323,2.2128658,0.73762196,0.112,0.0,0.16141273,15.405163,15.425163,2704000
hardzero_plus_depr__c0p54__z1p10__lam0p020__nu0p50__psi0p75,hardzero_plus_depr,0.1,30,845,0.0,3,0.25656912,0.25656924,0.95701855,0.11040315,0.11040315,1.0,1.0439604e-07,9.455893e-07,-26.710384,2.1054828,0.70182765,0.17999999,0.0,0.14305377,15.425163,15.445164,2707200
hardzero_plus_depr__c0p54__z1p10__lam0p020__nu0p50__psi0p75,hardzero_plus_depr,0.1,30,846,0.0,3,0.25656924,0.25656933,0.9809077,0.10449424,0.10449424,1.0,9.7337534e-08,9.31511e-07,-27.075005,2.15804,0.7193467,0.136,0.0,0.15836295,15.445164,15.465164,2710400
hardzero_plus_depr__c0p54__z1p10__lam0p020__nu0p50__psi0p75,hardzero_plus_depr,0.1,30,847,0.0,3,0.25656933,0.25656942,0.99923164,0.10017709,0.10017709,1.0,9.1926736e-08,9.1764235e-07,-26.504202,2.1983535,0.7327845,0.208,0.0,0.15055715,15.465164,15.485165,2713600
hardzero_plus_depr__c0p54__z1p10__lam0p020__nu0p50__psi0p75,hardzero_plus_depr,0.1,30,848,0.0,3,0.25656942,0.2565695,1.0237808,0.09467148,0.09467148,1.0,8.558112e-08,9.0398e-07,-27.453928,2.2523627,0.7507876,0.16800001,0.0,0.13995785,15.485165,15.505165,2716800
hardzero_plus_depr__c0p54__z1p10__lam0p020__nu0p50__psi0p75,hardzero_plus_depr,0.1,30,849,0.0,3,0.2565695,0.2565696,1.0029321,0.09932714,0.09932714,1.0,8.845293e-08,8.905212e-07,-26.631668,2.2064946,0.7354982,0.17600001,0.0,0.17330095,15.505165,15.525166,2720000
hardzero_plus_depr__c0p54__z1p10__lam0p020__nu0p50__psi0p75,hardzero_plus_depr,0.1,30,850,0.0,3,0.2565696,0.25656968,0.95584077,0.11070294,0.11070294,1.0,9.7115574e-08,8.7726283e-07,-26.135431,2.1028917,0.7009639,0.18400002,0.0,0.14589594,15.525166,15.545166,2723200
hardzero_plus_depr__c0p54__z1p10__lam0p020__nu0p50__psi0p75,hardzero_plus_depr,0.1,30,851,0.0,3,0.25656968,0.25656977,0.9815715,0.10433464,0.10433464,1.0,9.016618e-08,8.642018e-07,-27.163029,2.1595004,0.7198335,0.16000001,0.0,0.17201409,15.545166,15.565166,2726400
hardzero_plus_depr__c0p54__z1p10__lam0p020__nu0p50__psi0p75,hardzero_plus_depr,0.1,30,852,0.0,3,0.25656977,0.25656986,0.98868227,0.10264026,0.10264026,1.0,8.738125e-08,8.513351e-07,-26.445646,2.1751444,0.7250482,0.14400001,0.0,0.17028913,15.565166,15.585167,2729600
hardzero_plus_depr__c0p54__z1p10__lam0p020__nu0p50__psi0p75,hardzero_plus_depr,0.1,30,853,0.0,3,0.25656986,0.25656995,0.96806425,0.10763059,0.10763059,1.0,9.026547e-08,8.3866007e-07,-26.737116,2.1297839,0.709928,0.17600001,0.0,0.16814405,15.585167,15.605167,2732800
hardzero_plus_depr__c0p54__z1p10__lam0p020__nu0p50__psi0p75,hardzero_plus_depr,0.1,30,854,0.0,3,0.25656995,0.25657004,0.9290396,0.11774985,0.11774985,1.0,9.728185e-08,8.261739e-07,-25.768248,2.043928,0.68130934,0.15200001,0.0,0.14856285,15.605167,15.625168,2736000
hardzero_plus_depr__c0p54__z1p10__lam0p020__nu0p50__psi0p75,hardzero_plus_depr,0.1,30,855,0.0,3,0.25657004,0.25657013,1.0047579,0.09891044,0.09891044,1.0,8.0500584e-08,8.1387344e-07,-27.704376,2.2105114,0.73683715,0.136,0.0,0.1799042,15.625168,15.645168,2739200
hardzero_plus_depr__c0p54__z1p10__lam0p020__nu0p50__psi0p75,hardzero_plus_depr,0.1,30,856,0.0,3,0.25657013,0.25657022,0.9866654,0.103118025,0.103118025,1.0,8.2675506e-08,8.0175613e-07,-27.114006,2.1707072,0.7235691,0.16800001,0.0,0.16797858,15.645168,15.665169,2742400
hardzero_plus_depr__c0p54__z1p10__lam0p020__nu0p50__psi0p75,hardzero_plus_depr,0.1,30,857,0.0,3,0.25657022,0.2565703,1.0189831,0.09572313,0.09572313,1.0,7.560397e-08,7.8981924e-07,-27.3894,2.2418077,0.7472693,0.17600001,0.0,0.17375208,15.665169,15.685169,2745600
hardzero_plus_depr__c0p54__z1p10__lam0p020__nu0p50__psi0p75,hardzero_plus_depr,0.1,30,858,0.0,3,0.2565703,0.2565704,0.9496559,0.11229077,0.11229077,1.0,8.7368974e-08,7.7806015e-07,-26.379972,2.0892847,0.69642824,0.16,0.0,0.1426501,15.685169,15.70517,2748800
hardzero_plus_depr__c0p54__z1p10__lam0p020__nu0p50__psi0p75,hardzero_plus_depr,0.1,30,859,0.0,3,0.2565704,0.25657046,1.0270277,0.09396633,0.09396633,1.0,7.202295e-08,7.6647615e-07,-27.12408,2.259506,0.7531687,0.128,0.0,0.16011973,15.70517,15.72517,2752000
hardzero_plus_depr__c0p54__z1p10__lam0p020__nu0p50__psi0p75,hardzero_plus_depr,0.1,30,860,0.0,3,0.25657046,0.25657055,0.9731781,0.106370665,0.106370665,1.0,8.031671e-08,7.550645e-07,-26.703033,2.1410346,0.71367824,0.128,0.0,0.15817259,15.72517,15.745171,2755200
hardzero_plus_depr__c0p54__z1p10__lam0p020__nu0p50__psi0p75,hardzero_plus_depr,0.1,30,861,0.0,3,0.25657055,0.25657064,0.985585,0.10337489,0.10337489,1.0,7.68926e-08,7.438228e-07,-27.174866,2.1683302,0.7227768,0.192,0.0,0.15766668,15.745171,15.765171,2758400
hardzero_plus_depr__c0p54__z1p10__lam0p020__nu0p50__psi0p75,hardzero_plus_depr,0.1,30,862,0.0,3,0.25657064,0.25657073,0.94586587,0.113275,0.113275,1.0,8.300208e-08,7.3274845e-07,-26.2349,2.0809464,0.6936488,0.192,0.0,0.14811356,15.765171,15.7851715,2761600
hardzero_plus_depr__c0p54__z1p10__lam0p020__nu0p50__psi0p75,hardzero_plus_depr,0.1,30,863,0.0,3,0.25657073,0.2565708,0.98926175,0.10250339,0.10250339,1.0,7.399095e-08,7.21839e-07,-27.223366,2.1764193,0.7254731,0.16000001,0.0,0.16592921,15.7851715,15.805172,2764800
hardzero_plus_depr__c0p54__z1p10__lam0p020__nu0p50__psi0p75,hardzero_plus_depr,0.1,30,864,0.0,3,0.2565708,0.25657088,0.9732323,0.10635737,0.10635737,1.0,7.562988e-08,7.11092e-07,-26.899223,2.1411538,0.71371794,0.18400002,0.0,0.17354065,15.805172,15.825172,2768000
hardzero_plus_depr__c0p54__z1p10__lam0p020__nu0p50__psi0p75,hardzero_plus_depr,0.1,30,865,0.0,3,0.25657088,0.25657094,0.9974576,0.10058713,0.10058713,1.0,7.046179e-08,7.00505e-07,-27.244322,2.1944506,0.7314836,0.208,0.0,0.17356662,15.825172,15.845173,2771200
hardzero_plus_depr__c0p54__z1p10__lam0p020__nu0p50__psi0p75,hardzero_plus_depr,0.1,30,866,0.0,3,0.25657094,0.256571,0.9789007,0.10497825,0.10497825,1.0,7.244292e-08,6.900756e-07,-25.989355,2.1536245,0.7178749,0.16000001,0.0,0.16819666,15.845173,15.865173,2774400
hardzero_plus_depr__c0p54__z1p10__lam0p020__nu0p50__psi0p75,hardzero_plus_depr,0.1,30,867,0.0,3,0.256571,0.25657105,1.0278202,0.093795,0.093795,1.0,6.376197e-08,6.798014e-07,-26.763994,2.2612495,0.75374985,0.208,0.0,0.15327148,15.865173,15.885174,2777600
hardzero_plus_depr__c0p54__z1p10__lam0p020__nu0p50__psi0p75,hardzero_plus_depr,0.1,30,868,0.0,3,0.25657105,0.2565711,1.0063924,0.098538876,0.098538876,1.0,6.598954e-08,6.696803e-07,-27.041672,2.2141075,0.73803586,0.14400001,0.0,0.14870352,15.885174,15.905174,2780800
hardzero_plus_depr__c0p54__z1p10__lam0p020__nu0p50__psi0p75,hardzero_plus_depr,0.1,30,869,0.0,3,0.2565711,0.25657117,1.0809742,0.082990006,0.082990006,1.0,5.474932e-08,6.597098e-07,-28.235645,2.3781908,0.7927303,0.136,0.008,0.19767791,15.905174,15.925175,2784000
hardzero_plus_depr__c0p54__z1p10__lam0p020__nu0p50__psi0p75,hardzero_plus_depr,0.1,30,870,0.0,3,0.25657117,0.25657123,1.0054742,0.09874741,0.09874741,1.0,6.4174735e-08,6.498878e-07,-26.71904,2.2120874,0.7373625,0.136,0.0,0.16318615,15.925175,15.945175,2787200
hardzero_plus_depr__c0p54__z1p10__lam0p020__nu0p50__psi0p75,hardzero_plus_depr,0.1,30,871,0.0,3,0.25657123,0.25657132,0.90811783,0.1235612,0.1235612,1.0,7.910537e-08,6.40212e-07,-25.869846,1.9978992,0.6659664,0.21,0.0,0.12635972,15.945175,15.965176,2790400
hardzero_plus_depr__c0p54__z1p10__lam0p020__nu0p50__psi0p75,hardzero_plus_depr,0.1,30,872,0.0,3,0.25657132,0.25657138,1.0118657,0.0973048,0.0973048,1.0,6.136821e-08,6.3068023e-07,-26.589005,2.226149,0.7420497,0.2,0.0,0.15854256,15.965176,15.985176,2793600
hardzero_plus_depr__c0p54__z1p10__lam0p020__nu0p50__psi0p75,hardzero_plus_depr,0.1,30,873,0.0,3,0.25657138,0.25657144,1.0202509,0.0954441,0.0954441,1.0,5.9298507e-08,6.2129044e-07,-27.193626,2.244597,0.748199,0.17600001,0.0,0.17837164,15.985176,16.005177,2796800
hardzero_plus_depr__c0p54__z1p10__lam0p020__nu0p50__psi0p75,hardzero_plus_depr,0.1,30,874,0.0,3,0.25657144,0.2565715,0.9763951,0.10558564,0.10558564,1.0,6.462269e-08,6.120405e-07,-26.283142,2.148112,0.7160374,0.16000001,0.0,0.15614063,16.005177,16.025177,2800000
hardzero_plus_depr__c0p54__z1p10__lam0p020__nu0p50__psi0p75,hardzero_plus_depr,0.1,30,875,0.0,3,0.2565715,0.25657156,1.0016778,0.099614434,0.099614434,1.0,6.0060344e-08,6.0292814e-07,-27.481764,2.203735,0.7345784,0.096,0.0,0.17458129,16.025177,16.045177,2803200
hardzero_plus_depr__c0p54__z1p10__lam0p020__nu0p50__psi0p75,hardzero_plus_depr,0.1,30,876,0.0,3,0.25657156,0.25657162,0.9940199,0.10138648,0.10138648,1.0,6.021865e-08,5.9395154e-07,-27.79233,2.1868875,0.72896254,0.16800001,0.0,0.17531905,16.045177,16.065178,2806400
hardzero_plus_depr__c0p54__z1p10__lam0p020__nu0p50__psi0p75,hardzero_plus_depr,0.1,30,877,0.0,3,0.25657162,0.25657168,0.9963968,0.10083312,0.10083312,1.0,5.8998317e-08,5.851085e-07,-26.701563,2.1921167,0.7307056,0.14400001,0.0,0.14924446,16.065178,16.085178,2809600
hardzero_plus_depr__c0p54__z1p10__lam0p020__nu0p50__psi0p75,hardzero_plus_depr,0.1,30,878,0.0,3,0.25657168,0.25657174,0.95236045,0.111593656,0.111593656,1.0,6.432227e-08,5.763972e-07,-25.14604,2.0952349,0.69841164,0.23200001,0.0,0.16714805,16.085178,16.105179,2812800
hardzero_plus_depr__c0p54__z1p10__lam0p020__nu0p50__psi0p75,hardzero_plus_depr,0.1,30,879,0.0,3,0.25657174,0.2565718,1.0047307,0.09891662,0.09891662,1.0,5.6166396e-08,5.6781556e-07,-27.176369,2.2104516,0.73681724,0.16000001,0.0,0.18653348,16.105179,16.12518,2816000
hardzero_plus_depr__c0p54__z1p10__lam0p020__nu0p50__psi0p75,hardzero_plus_depr,0.1,30,880,0.0,3,0.2565718,0.25657186,0.9714635,0.106791444,0.106791444,1.0,5.9735044e-08,5.593617e-07,-26.33681,2.1372623,0.7124208,0.16000001,0.0,0.16250704,16.12518,16.14518,2819200
hardzero_plus_depr__c0p54__z1p10__lam0p020__nu0p50__psi0p75,hardzero_plus_depr,0.1,30,881,0.0,3,0.25657186,0.25657192,0.9368267,0.11565735,0.11565735,1.0,6.373109e-08,5.510337e-07,-25.766727,2.06106,0.68702,0.18400002,0.0,0.15055074,16.14518,16.16518,2822400
hardzero_plus_depr__c0p54__z1p10__lam0p020__nu0p50__psi0p75,hardzero_plus_depr,0.1,30,882,0.0,3,0.25657192,0.25657198,0.96744764,0.107783504,0.107783504,1.0,5.8508085e-08,5.428297e-07,-25.869902,2.1284273,0.70947576,0.120000005,0.0,0.14353877,16.16518,16.18518,2825600
hardzero_plus_depr__c0p54__z1p10__lam0p020__nu0p50__psi0p75,hardzero_plus_depr,0.1,30,883,0.0,3,0.25657198,0.25657204,0.9306955,0.11730175,0.11730175,1.0,6.2726855e-08,5.347478e-07,-25.619596,2.047571,0.68252367,0.208,0.0,0.1307229,16.18518,16.205181,2828800
hardzero_plus_depr__c0p54__z1p10__lam0p020__nu0p50__psi0p75,hardzero_plus_depr,0.1,30,884,0.0,3,0.25657204,0.2565721,0.95944405,0.10978827,0.10978827,1.0,5.783496e-08,5.267863e-07,-26.364311,2.110819,0.70360637,0.24,0.0,0.14708278,16.205181,16.225182,2832000
hardzero_plus_depr__c0p54__z1p10__lam0p020__nu0p50__psi0p75,hardzero_plus_depr,0.1,30,885,0.0,3,0.2565721,0.25657216,0.92843705,0.11791333,0.11791333,1.0,6.1190335e-08,5.189433e-07,-24.857283,2.0426023,0.68086743,0.192,0.0,0.14443657,16.225182,16.245182,2835200
hardzero_plus_depr__c0p54__z1p10__lam0p020__nu0p50__psi0p75,hardzero_plus_depr,0.1,30,886,0.0,3,0.25657216,0.25657222,1.0040835,0.099064134,0.099064134,1.0,5.0643276e-08,5.112171e-07,-26.674177,2.2090278,0.7363426,0.120000005,0.0,0.18174529,16.245182,16.265182,2838400
hardzero_plus_depr__c0p54__z1p10__lam0p020__nu0p50__psi0p75,hardzero_plus_depr,0.1,30,887,0.0,3,0.25657222,0.25657228,0.96914804,0.10736232,0.10736232,1.0,5.4068288e-08,5.036058e-07,-27.256643,2.1321683,0.7107228,0.17600001,0.0,0.15191652,16.265182,16.285183,2841600
hardzero_plus_depr__c0p54__z1p10__lam0p020__nu0p50__psi0p75,hardzero_plus_depr,0.1,30,888,0.0,3,0.25657228,0.25657234,0.96452606,0.10851104,0.10851104,1.0,5.3833187e-08,4.9610793e-07,-26.566412,2.1219997,0.70733327,0.128,0.0,0.14002375,16.285183,16.305183,2844800
hardzero_plus_depr__c0p54__z1p10__lam0p020__nu0p50__psi0p75,hardzero_plus_depr,0.1,30,889,0.0,3,0.25657234,0.25657237,1.0387583,0.091462225,0.091462225,1.0,4.4699572e-08,4.887217e-07,-28.12899,2.2853138,0.7617713,0.136,0.0,0.16025393,16.305183,16.325184,2848000
hardzero_plus_depr__c0p54__z1p10__lam0p020__nu0p50__psi0p75,hardzero_plus_depr,0.1,30,890,0.0,3,0.25657237,0.25657243,1.0129052,0.097072184,0.097072184,1.0,4.673496e-08,4.8144545e-07,-27.138807,2.228436,0.74281204,0.16800001,0.0,0.16223553,16.325184,16.345184,2851200
hardzero_plus_depr__c0p54__z1p10__lam0p020__nu0p50__psi0p75,hardzero_plus_depr,0.1,30,891,0.0,3,0.25657243,0.25657248,0.9764147,0.10558089,0.10558089,1.0,5.0074636e-08,4.7427747e-07,-27.06034,2.1481552,0.71605176,0.120000005,0.0,0.17234808,16.345184,16.365185,2854400
hardzero_plus_depr__c0p54__z1p10__lam0p020__nu0p50__psi0p75,hardzero_plus_depr,0.1,30,892,0.0,3,0.25657248,0.25657254,0.9837258,0.103818364,0.103818364,1.0,4.8505623e-08,4.672162e-07,-26.97325,2.16424,0.7214133,0.208,0.0,0.16779862,16.365185,16.385185,2857600
hardzero_plus_depr__c0p54__z1p10__lam0p020__nu0p50__psi0p75,hardzero_plus_depr,0.1,30,893,0.0,3,0.25657254,0.2565726,0.97092456,0.10692406,0.10692406,1.0,4.921288e-08,4.602601e-07,-26.349483,2.1360767,0.7120256,0.16800001,0.0,0.17009963,16.385185,16.405186,2860800
hardzero_plus_depr__c0p54__z1p10__lam0p020__nu0p50__psi0p75,hardzero_plus_depr,0.1,30,894,0.0,3,0.2565726,0.25657266,1.0021616,0.09950351,0.09950351,1.0,4.511565e-08,4.5340764e-07,-27.2524,2.2047997,0.73493326,0.128,0.0,0.14973056,16.405186,16.425186,2864000
hardzero_plus_depr__c0p54__z1p10__lam0p020__nu0p50__psi0p75,hardzero_plus_depr,0.1,30,895,0.0,3,0.25657266,0.2565727,1.026034,0.094181575,0.094181575,1.0,4.206687e-08,4.4665708e-07,-28.598705,2.25732,0.75244,0.18400002,0.0,0.18879065,16.425186,16.445187,2867200
hardzero_plus_depr__c0p54__z1p10__lam0p020__nu0p50__psi0p75,hardzero_plus_depr,0.1,30,896,0.0,3,0.2565727,0.25657272,0.9965896,0.10078837,0.10078837,1.0,4.434759e-08,4.4000703e-07,-26.823954,2.192541,0.730847,0.18400002,0.0,0.13993075,16.445187,16.465187,2870400
hardzero_plus_depr__c0p54__z1p10__lam0p020__nu0p50__psi0p75,hardzero_plus_depr,0.1,30,897,0.0,3,0.25657272,0.25657275,1.0163498,0.0963053,0.0963053,1.0,4.1744116e-08,4.3345605e-07,-26.823704,2.2360141,0.7453381,0.14999999,0.0,0.16266748,16.465187,16.485188,2873600
hardzero_plus_depr__c0p54__z1p10__lam0p020__nu0p50__psi0p75,hardzero_plus_depr,0.1,30,898,0.0,3,0.25657275,0.25657278,1.0303082,0.093259215,0.093259215,1.0,3.9821927e-08,4.270026e-07,-27.343588,2.2667234,0.75557446,0.128,0.0,0.15789211,16.485188,16.505188,2876800
hardzero_plus_depr__c0p54__z1p10__lam0p020__nu0p50__psi0p75,hardzero_plus_depr,0.1,30,899,0.0,3,0.25657278,0.2565728,1.0399607,0.091209315,0.091209315,1.0,3.8366764e-08,4.2064522e-07,-27.404871,2.2879593,0.7626531,0.192,0.0,0.15669915,16.505188,16.525188,2880000
hardzero_plus_depr__c0p54__z1p10__lam0p020__nu0p50__psi0p75,hardzero_plus_depr,0.1,30,900,0.0,3,0.2565728,0.25657287,0.9335301,0.11653862,0.11653862,1.0,4.8291568e-08,4.1438253e-07,-25.848013,2.0538073,0.68460244,0.15200001,0.0,0.15812653,16.525188,16.545189,2883200
hardzero_plus_depr__c0p54__z1p10__lam0p020__nu0p50__psi0p75,hardzero_plus_depr,0.1,30,901,0.0,3,0.25657287,0.2565729,1.0398934,0.09122348,0.09122348,1.0,3.7238607e-08,4.0821297e-07,-28.247236,2.287811,0.7626037,0.15200001,0.0,0.17056935,16.545189,16.56519,2886400
hardzero_plus_depr__c0p54__z1p10__lam0p020__nu0p50__psi0p75,hardzero_plus_depr,0.1,30,902,0.0,3,0.2565729,0.25657293,1.0074073,0.09830886,0.09830886,1.0,3.9533468e-08,4.0213536e-07,-26.59202,2.2163403,0.73878014,0.15200001,0.0,0.16840765,16.56519,16.58519,2889600
hardzero_plus_depr__c0p54__z1p10__lam0p020__nu0p50__psi0p75,hardzero_plus_depr,0.1,30,903,0.0,3,0.25657293,0.25657296,0.9871758,0.102996916,0.102996916,1.0,4.0802043e-08,3.961482e-07,-26.686035,2.1718302,0.7239434,0.128,0.0,0.16934745,16.58519,16.60519,2892800
hardzero_plus_depr__c0p54__z1p10__lam0p020__nu0p50__psi0p75,hardzero_plus_depr,0.1,30,904,0.0,3,0.25657296,0.256573,1.055156,0.08807325,0.08807325,1.0,3.4370608e-08,3.9025022e-07,-27.737816,2.3213894,0.7737965,0.08800001,0.0,0.15197484,16.60519,16.62519,2896000
hardzero_plus_depr__c0p54__z1p10__lam0p020__nu0p50__psi0p75,hardzero_plus_depr,0.1,30,905,0.0,3,0.256573,0.25657302,0.9623746,0.109049916,0.109049916,1.0,4.192315e-08,3.8444e-07,-26.773863,2.1172664,0.7057555,0.08800001,0.0,0.13204916,16.62519,16.645191,2899200
hardzero_plus_depr__c0p54__z1p10__lam0p020__nu0p50__psi0p75,hardzero_plus_depr,0.1,30,906,0.0,3,0.25657302,0.25657305,0.9716744,0.10673962,0.10673962,1.0,4.0424034e-08,3.787163e-07,-26.102509,2.1377263,0.71257544,0.18400002,0.0,0.13617943,16.645191,16.665192,2902400
hardzero_plus_depr__c0p54__z1p10__lam0p020__nu0p50__psi0p75,hardzero_plus_depr,0.1,30,907,0.0,3,0.25657305,0.25657308,0.97255415,0.1065236,0.1065236,1.0,3.974159e-08,3.730778e-07,-25.910692,2.1396618,0.7132206,0.15200001,0.0,0.13641551,16.665192,16.685192,2905600
hardzero_plus_depr__c0p54__z1p10__lam0p020__nu0p50__psi0p75,hardzero_plus_depr,0.1,30,908,0.0,3,0.25657308,0.2565731,0.98227674,0.104165345,0.104165345,1.0,3.828319e-08,3.6752328e-07,-26.729519,2.161052,0.7203507,0.18400002,0.0,0.17927592,16.685192,16.705193,2908800
hardzero_plus_depr__c0p54__z1p10__lam0p020__nu0p50__psi0p75,hardzero_plus_depr,0.1,30,909,0.0,3,0.2565731,0.25657314,0.9640198,0.108637616,0.108637616,1.0,3.9332406e-08,3.6205145e-07,-26.34953,2.1208858,0.706962,0.23200001,0.0,0.17408611,16.705193,16.725193,2912000
hardzero_plus_depr__c0p54__z1p10__lam0p020__nu0p50__psi0p75,hardzero_plus_depr,0.1,30,910,0.0,3,0.25657314,0.25657317,1.061093,0.08687744,0.08687744,1.0,3.0985802e-08,3.5666108e-07,-27.916473,2.3344512,0.77815044,0.16,0.0,0.17410043,16.725193,16.745193,2915200
hardzero_plus_depr__c0p54__z1p10__lam0p020__nu0p50__psi0p75,hardzero_plus_depr,0.1,30,911,0.0,3,0.25657317,0.2565732,1.0012438,0.09971399,0.09971399,1.0,3.5034606e-08,3.5135096e-07,-26.91699,2.2027805,0.7342602,0.17600001,0.0,0.14540355,16.745193,16.765194,2918400
hardzero_plus_depr__c0p54__z1p10__lam0p020__nu0p50__psi0p75,hardzero_plus_depr,0.1,30,912,0.0,3,0.2565732,0.25657323,0.94842166,0.11261035,0.11261035,1.0,3.8976683e-08,3.4611992e-07,-26.166733,2.0865693,0.69552314,0.16800001,0.0,0.15799029,16.765194,16.785194,2921600
hardzero_plus_depr__c0p54__z1p10__lam0p020__nu0p50__psi0p75,hardzero_plus_depr,0.1,30,913,0.0,3,0.25657323,0.25657326,1.0365641,0.09192547,0.09192547,1.0,3.134353e-08,3.4096675e-07,-27.980587,2.2804866,0.76016223,0.136,0.0,0.17958571,16.785194,16.805195,2924800
hardzero_plus_depr__c0p54__z1p10__lam0p020__nu0p50__psi0p75,hardzero_plus_depr,0.1,30,914,0.0,3,0.25657326,0.2565733,0.9977549,0.1005183,0.1005183,1.0,3.3763122e-08,3.358903e-07,-26.538584,2.1951046,0.73170155,0.16800001,0.0,0.15614247,16.805195,16.825195,2928000
hardzero_plus_depr__c0p54__z1p10__lam0p020__nu0p50__psi0p75,hardzero_plus_depr,0.1,30,915,0.0,3,0.2565733,0.25657332,0.9687794,0.10745352,0.10745352,1.0,3.5555235e-08,3.3088943e-07,-26.292244,2.1313572,0.71045244,0.14400001,0.0,0.14511943,16.825195,16.845196,2931200
hardzero_plus_depr__c0p54__z1p10__lam0p020__nu0p50__psi0p75,hardzero_plus_depr,0.1,30,916,0.0,3,0.25657332,0.25657335,0.9889531,0.10257626,0.10257626,1.0,3.3436066e-08,3.2596301e-07,-26.919254,2.1757402,0.7252468,0.120000005,0.0,0.15247233,16.845196,16.865196,2934400
hardzero_plus_depr__c0p54__z1p10__lam0p020__nu0p50__psi0p75,hardzero_plus_depr,0.1,30,917,0.0,3,0.25657335,0.25657338,0.98853606,0.10267482,0.10267482,1.0,3.2969904e-08,3.2110992e-07,-26.73058,2.1748228,0.72494096,0.16800001,0.0,0.16173768,16.865196,16.885197,2937600
hardzero_plus_depr__c0p54__z1p10__lam0p020__nu0p50__psi0p75,hardzero_plus_depr,0.1,30,918,0.0,3,0.25657338,0.2565734,1.0300057,0.09332421,0.09332421,1.0,2.9521166e-08,3.1632914e-07,-27.458302,2.2660577,0.7553526,0.112,0.0,0.14803684,16.885197,16.905197,2940800
hardzero_plus_depr__c0p54__z1p10__lam0p020__nu0p50__psi0p75,hardzero_plus_depr,0.1,30,919,0.0,3,0.2565734,0.25657344,0.9034679,0.124891266,0.124891266,1.0,3.8918554e-08,3.116195e-07,-24.729712,1.987669,0.66255635,0.18400002,0.0,0.15372266,16.905197,16.925198,2944000
hardzero_plus_depr__c0p54__z1p10__lam0p020__nu0p50__psi0p75,hardzero_plus_depr,0.1,30,920,0.0,3,0.25657344,0.25657347,0.94902515,0.11245398,0.11245398,1.0,3.4521126e-08,3.0698e-07,-26.64065,2.087897,0.6959657,0.136,0.0,0.146753,16.925198,16.945198,2947200
hardzero_plus_depr__c0p54__z1p10__lam0p020__nu0p50__psi0p75,hardzero_plus_depr,0.1,30,921,0.0,3,0.25657347,0.2565735,0.9301882,0.11743887,0.11743887,1.0,3.551464e-08,3.0240957e-07,-26.359085,2.046455,0.6821517,0.192,0.0,0.15600747,16.945198,16.965199,2950400
hardzero_plus_depr__c0p54__z1p10__lam0p020__nu0p50__psi0p75,hardzero_plus_depr,0.1,30,922,0.0,3,0.2565735,0.25657353,0.9966906,0.10076494,0.10076494,1.0,3.0018594e-08,2.9790712e-07,-27.079618,2.192763,0.73092103,0.192,0.0,0.16591147,16.965199,16.985199,2953600
hardzero_plus_depr__c0p54__z1p10__lam0p020__nu0p50__psi0p75,hardzero_plus_depr,0.1,30,923,0.0,3,0.25657353,0.25657356,1.039264,0.091355786,0.091355786,1.0,2.6810348e-08,2.934718e-07,-28.10435,2.2864263,0.7621421,0.16,0.0,0.18591303,16.985199,17.0052,2956800
hardzero_plus_depr__c0p54__z1p10__lam0p020__nu0p50__psi0p75,hardzero_plus_depr,0.1,30,924,0.0,3,0.25657356,0.2565736,0.99546635,0.10104938,0.10104938,1.0,2.9213625e-08,2.8910247e-07,-27.299973,2.1900697,0.73002326,0.120000005,0.0,0.17275394,17.0052,17.0252,2960000
hardzero_plus_depr__c0p54__z1p10__lam0p020__nu0p50__psi0p75,hardzero_plus_depr,0.1,30,925,0.0,3,0.2565736,0.25657362,0.94912595,0.112427875,0.112427875,1.0,3.201926e-08,2.847982e-07,-26.563362,2.0881188,0.6960396,0.208,0.0,0.1483135,17.0252,17.0452,2963200
hardzero_plus_depr__c0p54__z1p10__lam0p020__nu0p50__psi0p75,hardzero_plus_depr,0.1,30,926,0.0,3,0.25657362,0.25657365,1.047421,0.08965592,0.08965592,1.0,2.5153689e-08,2.8055803e-07,-27.480064,2.304372,0.76812404,0.120000005,0.0,0.17811157,17.0452,17.0652,2966400
hardzero_plus_depr__c0p54__z1p10__lam0p020__nu0p50__psi0p75,hardzero_plus_depr,0.1,30,927,0.0,3,0.25657365,0.25657368,0.9967373,0.10075408,0.10075408,1.0,2.7846509e-08,2.7638094e-07,-27.418602,2.1928658,0.7309553,0.192,0.0,0.16246575,17.0652,17.085201,2969600
hardzero_plus_depr__c0p54__z1p10__lam0p020__nu0p50__psi0p75,hardzero_plus_depr,0.1,30,928,0.0,3,0.25657368,0.2565737,0.9894995,0.10244729,0.10244729,1.0,2.7892924e-08,2.7226608e-07,-27.143759,2.1769423,0.72564745,0.18400002,0.0,0.17159025,17.085201,17.105202,2972800
hardzero_plus_depr__c0p54__z1p10__lam0p020__nu0p50__psi0p75,hardzero_plus_depr,0.1,30,929,0.0,3,0.2565737,0.25657374,0.9822827,0.10416391,0.10416391,1.0,2.7938057e-08,2.6821246e-07,-27.114449,2.161065,0.72035503,0.208,0.0,0.16307223,17.105202,17.125202,2976000
hardzero_plus_depr__c0p54__z1p10__lam0p020__nu0p50__psi0p75,hardzero_plus_depr,0.1,30,930,0.0,3,0.25657374,0.25657377,0.96454114,0.10850728,0.10850728,1.0,2.8669708e-08,2.642192e-07,-26.093634,2.1220329,0.7073443,0.16000001,0.0,0.1366359,17.125202,17.145203,2979200
hardzero_plus_depr__c0p54__z1p10__lam0p020__nu0p50__psi0p75,hardzero_plus_depr,0.1,30,931,0.0,3,0.25657377,0.2565738,0.96874785,0.1074613,0.1074613,1.0,2.797061e-08,2.6028542e-07,-26.786758,2.1312878,0.7104293,0.192,0.0,0.14463946,17.145203,17.165203,2982400
hardzero_plus_depr__c0p54__z1p10__lam0p020__nu0p50__psi0p75,hardzero_plus_depr,0.1,30,932,0.0,3,0.2565738,0.25657383,0.96748525,0.10777418,0.10777418,1.0,2.7634398e-08,2.5641017e-07,-25.54114,2.12851,0.70950335,0.18400002,0.0,0.13551134,17.165203,17.185204,2985600
hardzero_plus_depr__c0p54__z1p10__lam0p020__nu0p50__psi0p75,hardzero_plus_depr,0.1,30,933,0.0,3,0.25657383,0.25657386,0.9832331,0.1039362,0.1039362,1.0,2.6253522e-08,2.5259266e-07,-27.160763,2.163156,0.72105205,0.15200001,0.0,0.15323196,17.185204,17.205204,2988800
hardzero_plus_depr__c0p54__z1p10__lam0p020__nu0p50__psi0p75,hardzero_plus_depr,0.1,30,934,0.0,3,0.25657386,0.2565739,1.0177559,0.095993996,0.095993996,1.0,2.3886374e-08,2.4883195e-07,-27.349508,2.2391076,0.74636924,0.112,0.0,0.15100347,17.205204,17.225204,2992000
hardzero_plus_depr__c0p54__z1p10__lam0p020__nu0p50__psi0p75,hardzero_plus_depr,0.1,30,935,0.0,3,0.2565739,0.25657392,1.008953,0.09795959,0.09795959,1.0,2.4012564e-08,2.4512724e-07,-26.98054,2.2197409,0.73991364,0.128,0.0,0.16689862,17.225204,17.245205,2995200
hardzero_plus_depr__c0p54__z1p10__lam0p020__nu0p50__psi0p75,hardzero_plus_depr,0.1,30,936,0.0,3,0.25657392,0.25657395,0.9524424,0.11157261,0.11157261,1.0,2.6942296e-08,2.414777e-07,-25.85815,2.095415,0.6984717,0.16,0.0,0.13352628,17.245205,17.265205,2998400
hardzero_plus_depr__c0p54__z1p10__lam0p020__nu0p50__psi0p75,hardzero_plus_depr,0.1,30,937,0.0,3,0.25657395,0.25657398,0.9909599,0.10210337,0.10210337,1.0,2.42886e-08,2.3788246e-07,-26.954348,2.1801553,0.7267184,0.14400001,0.0,0.13635407,17.265205,17.285206,3001600
hardzero_plus_depr__c0p54__z1p10__lam0p020__nu0p50__psi0p75,hardzero_plus_depr,0.1,30,938,0.0,3,0.25657398,0.256574,1.0221835,0.09502031,0.09502031,1.0,2.2267132e-08,2.3434077e-07,-26.956547,2.2488487,0.74961627,0.16000001,0.008,0.16421123,17.285206,17.305206,3004800
hardzero_plus_depr__c0p54__z1p10__lam0p020__nu0p50__psi0p75,hardzero_plus_depr,0.1,30,939,0.0,3,0.256574,0.25657403,0.9629105,0.108915456,0.108915456,1.0,2.5143331e-08,2.3085181e-07,-25.833588,2.1184454,0.7061485,0.264,0.0,0.13983403,17.305206,17.325207,3008000
hardzero_plus_depr__c0p54__z1p10__lam0p020__nu0p50__psi0p75,hardzero_plus_depr,0.1,30,940,0.0,3,0.25657403,0.25657406,0.95407975,0.11115276,0.11115276,1.0,2.5277785e-08,2.2741482e-07,-25.722958,2.0990174,0.69967246,0.18400002,0.0,0.14433467,17.325207,17.345207,3011200
hardzero_plus_depr__c0p54__z1p10__lam0p020__nu0p50__psi0p75,hardzero_plus_depr,0.1,30,941,0.0,3,0.25657406,0.2565741,1.035359,0.092180915,0.092180915,1.0,2.0651193e-08,2.2402894e-07,-26.691042,2.2778354,0.7592785,0.056,0.0,0.16733475,17.345207,17.365208,3014400
hardzero_plus_depr__c0p54__z1p10__lam0p020__nu0p50__psi0p75,hardzero_plus_depr,0.1,30,942,0.0,3,0.2565741,0.25657412,1.0176152,0.0960251,0.0960251,1.0,2.119212e-08,2.2069354e-07,-27.517078,2.2387981,0.74626607,0.18400002,0.0,0.16028711,17.365208,17.385208,3017600
hardzero_plus_depr__c0p54__z1p10__lam0p020__nu0p50__psi0p75,hardzero_plus_depr,0.1,30,943,0.0,3,0.25657412,0.25657415,1.0137148,0.09689139,0.09689139,1.0,2.106494e-08,2.1740776e-07,-28.393465,2.230217,0.7434057,0.120000005,0.0,0.15481696,17.385208,17.405209,3020800
hardzero_plus_depr__c0p54__z1p10__lam0p020__nu0p50__psi0p75,hardzero_plus_depr,0.1,30,944,0.0,3,0.25657415,0.25657418,1.0217236,0.095120996,0.095120996,1.0,2.037215e-08,2.1417091e-07,-27.800388,2.2478368,0.74927896,0.15200001,0.0,0.1705921,17.405209,17.425209,3024000
hardzero_plus_depr__c0p54__z1p10__lam0p020__nu0p50__psi0p75,hardzero_plus_depr,0.1,30,945,0.0,3,0.25657418,0.2565742,0.9121058,0.1224318,0.1224318,1.0,2.5830936e-08,2.1098224e-07,-25.613863,2.0066729,0.66889095,0.2,0.0,0.16222191,17.425209,17.44521,3027200
hardzero_plus_depr__c0p54__z1p10__lam0p020__nu0p50__psi0p75,hardzero_plus_depr,0.1,30,946,0.0,3,0.2565742,0.25657424,0.9850264,0.10350792,0.10350792,1.0,2.1513195e-08,2.0784105e-07,-26.03836,2.1671014,0.72236717,0.15200001,0.0,0.15783773,17.44521,17.46521,3030400
hardzero_plus_depr__c0p54__z1p10__lam0p020__nu0p50__psi0p75,hardzero_plus_depr,0.1,30,947,0.0,3,0.25657424,0.25657427,0.9638078,0.10869065,0.10869065,1.0,2.2254044e-08,2.0474663e-07,-26.821053,2.1204195,0.70680654,0.136,0.0,0.1570693,17.46521,17.48521,3033600
hardzero_plus_depr__c0p54__z1p10__lam0p020__nu0p50__psi0p75,hardzero_plus_depr,0.1,30,948,0.0,3,0.25657427,0.2565743,1.0310334,0.09310362,0.09310362,1.0,1.877884e-08,2.0169828e-07,-27.85029,2.2683187,0.75610626,0.120000005,0.0,0.14817144,17.48521,17.50521,3036800
hardzero_plus_depr__c0p54__z1p10__lam0p020__nu0p50__psi0p75,hardzero_plus_depr,0.1,30,949,0.0,3,0.2565743,0.25657433,0.96663505,0.10798537,0.10798537,1.0,2.145619e-08,1.9869533e-07,-25.881784,2.1266396,0.7088799,0.14999999,0.0,0.13782662,17.50521,17.525211,3040000
hardzero_plus_depr__c0p54__z1p10__lam0p020__nu0p50__psi0p75,hardzero_plus_depr,0.1,30,950,0.0,3,0.25657433,0.25657436,0.95217353,0.11164172,0.11164172,1.0,2.1852422e-08,1.9573706e-07,-26.052504,2.0948236,0.69827455,0.23200001,0.008,0.16543962,17.525211,17.545212,3043200
hardzero_plus_depr__c0p54__z1p10__lam0p020__nu0p50__psi0p75,hardzero_plus_depr,0.1,30,951,0.0,3,0.25657436,0.2565744,0.96136403,0.10930397,0.10930397,1.0,2.1076302e-08,1.9282284e-07,-26.982725,2.1150432,0.7050144,0.256,0.0,0.16250107,17.545212,17.565212,3046400
hardzero_plus_depr__c0p54__z1p10__lam0p020__nu0p50__psi0p75,hardzero_plus_depr,0.1,30,952,0.0,3,0.2565744,0.25657442,0.99517775,0.101116545,0.101116545,1.0,1.9207294e-08,1.8995203e-07,-26.804926,2.1894348,0.7298116,0.15200001,0.0,0.15076815,17.565212,17.585213,3049600
hardzero_plus_depr__c0p54__z1p10__lam0p020__nu0p50__psi0p75,hardzero_plus_depr,0.1,30,953,0.0,3,0.25657442,0.25657445,0.95161307,0.11178586,0.11178586,1.0,2.0917811e-08,1.8712394e-07,-25.5844,2.0935905,0.6978635,0.136,0.0,0.13974327,17.585213,17.605213,3052800
hardzero_plus_depr__c0p54__z1p10__lam0p020__nu0p50__psi0p75,hardzero_plus_depr,0.1,30,954,0.0,3,0.25657445,0.25657448,1.0116861,0.09734506,0.09734506,1.0,1.7944393e-08,1.8433798e-07,-27.178572,2.2257538,0.74191797,0.17600001,0.0,0.18278636,17.605213,17.625214,3056000
hardzero_plus_depr__c0p54__z1p10__lam0p020__nu0p50__psi0p75,hardzero_plus_depr,0.1,30,955,0.0,3,0.25657448,0.2565745,1.0372783,0.091774434,0.091774434,1.0,1.6665638e-08,1.8159348e-07,-27.312986,2.2820578,0.7606859,0.16000001,0.0,0.16537824,17.625214,17.645214,3059200
hardzero_plus_depr__c0p54__z1p10__lam0p020__nu0p50__psi0p75,hardzero_plus_depr,0.1,30,956,0.0,3,0.2565745,0.25657454,0.9776562,0.105279505,0.105279505,1.0,1.8833434e-08,1.7888985e-07,-27.264666,2.1508865,0.7169622,0.16800001,0.0,0.15786377,17.645214,17.665215,3062400
hardzero_plus_depr__c0p54__z1p10__lam0p020__nu0p50__psi0p75,hardzero_plus_depr,0.1,30,957,0.0,3,0.25657454,0.25657457,0.95529515,0.11084212,0.11084212,1.0,1.9533314e-08,1.7622645e-07,-26.246887,2.1016912,0.7005638,0.16800001,0.0,0.1448317,17.665215,17.685215,3065600
hardzero_plus_depr__c0p54__z1p10__lam0p020__nu0p50__psi0p75,hardzero_plus_depr,0.1,30,958,0.0,3,0.25657457,0.2565746,0.9968605,0.1007255,0.1007255,1.0,1.7486222e-08,1.7360273e-07,-26.55813,2.193137,0.73104566,0.2,0.0,0.14570293,17.685215,17.705215,3068800
hardzero_plus_depr__c0p54__z1p10__lam0p020__nu0p50__psi0p75,hardzero_plus_depr,0.1,30,959,0.0,3,0.2565746,0.25657463,0.98235965,0.10414546,0.10414546,1.0,1.7810756e-08,1.7101807e-07,-26.575542,2.1612344,0.7204115,0.18400002,0.0,0.1364434,17.705215,17.725216,3072000
hardzero_plus_depr__c0p54__z1p10__lam0p020__nu0p50__psi0p75,hardzero_plus_depr,0.1,30,960,0.0,3,0.25657463,0.25657466,1.0148699,0.09663402,0.09663402,1.0,1.6280117e-08,1.6847189e-07,-26.843931,2.2327585,0.74425286,0.2,0.008,0.16896456,17.725216,17.745216,3075200
hardzero_plus_depr__c0p54__z1p10__lam0p020__nu0p50__psi0p75,hardzero_plus_depr,0.1,30,961,0.0,3,0.25657466,0.2565747,0.9654946,0.108269334,0.108269334,1.0,1.796877e-08,1.6596361e-07,-26.676771,2.1241305,0.7080435,0.18400002,0.0,0.1394074,17.745216,17.765217,3078400
hardzero_plus_depr__c0p54__z1p10__lam0p020__nu0p50__psi0p75,hardzero_plus_depr,0.1,30,962,0.0,3,0.2565747,0.25657472,1.0056936,0.098697565,0.098697565,1.0,1.6136328e-08,1.6349267e-07,-27.281233,2.21257,0.7375233,0.22,0.0,0.20030367,17.765217,17.785217,3081600
hardzero_plus_depr__c0p54__z1p10__lam0p020__nu0p50__psi0p75,hardzero_plus_depr,0.1,30,963,0.0,3,0.25657472,0.25657475,1.0125304,0.09715597,0.09715597,1.0,1.5647798e-08,1.6105852e-07,-26.960623,2.2276115,0.7425372,0.096,0.0,0.14867799,17.785217,17.805218,3084800
hardzero_plus_depr__c0p54__z1p10__lam0p020__nu0p50__psi0p75,hardzero_plus_depr,0.1,30,964,0.0,3,0.25657475,0.25657478,1.00864,0.09803022,0.09803022,1.0,1.5553535e-08,1.5866063e-07,-26.940182,2.2190523,0.7396841,0.112,0.0,0.1956351,17.805218,17.825218,3088000
hardzero_plus_depr__c0p54__z1p10__lam0p020__nu0p50__psi0p75,hardzero_plus_depr,0.1,30,965,0.0,3,0.25657478,0.2565748,0.9657192,0.108213335,0.108213335,1.0,1.6913573e-08,1.5629841e-07,-26.952242,2.1246247,0.70820826,0.256,0.0,0.15544511,17.825218,17.845219,3091200
hardzero_plus_depr__c0p54__z1p10__lam0p020__nu0p50__psi0p75,hardzero_plus_depr,0.1,30,966,0.0,3,0.2565748,0.25657484,1.0068517,0.09843472,0.09843472,1.0,1.515613e-08,1.539714e-07,-26.984251,2.215118,0.7383727,0.208,0.0,0.16237669,17.845219,17.86522,3094400
hardzero_plus_depr__c0p54__z1p10__lam0p020__nu0p50__psi0p75,hardzero_plus_depr,0.1,30,967,0.0,3,0.25657484,0.25657487,0.91595685,0.12135094,0.12135094,1.0,1.8406388e-08,1.5167899e-07,-25.519794,2.0151453,0.67171514,0.2,0.0,0.13341434,17.86522,17.88522,3097600
hardzero_plus_depr__c0p54__z1p10__lam0p020__nu0p50__psi0p75,hardzero_plus_depr,0.1,30,968,0.0,3,0.25657487,0.2565749,0.9600921,0.109624565,0.109624565,1.0,1.6380184e-08,1.4942074e-07,-25.17393,2.1122448,0.70408165,0.16000001,0.0,0.13435951,17.88522,17.90522,3100800
hardzero_plus_depr__c0p54__z1p10__lam0p020__nu0p50__psi0p75,hardzero_plus_depr,0.1,30,969,0.0,3,0.2565749,0.2565749,1.0121592,0.097239055,0.097239055,1.0,1.431321e-08,1.471961e-07,-26.35863,2.2267947,0.7422649,0.208,0.0,0.18467553,17.90522,17.92522,3104000
hardzero_plus_depr__c0p54__z1p10__lam0p020__nu0p50__psi0p75,hardzero_plus_depr,0.1,30,970,0.0,3,0.2565749,0.2565749,1.0298995,0.09334704,0.09334704,1.0,1.3535749e-08,1.4500459e-07,-27.389832,2.265824,0.7552747,0.14400001,0.0,0.17991464,17.92522,17.94522,3107200
hardzero_plus_depr__c0p54__z1p10__lam0p020__nu0p50__psi0p75,hardzero_plus_depr,0.1,30,971,0.0,3,0.2565749,0.25657493,0.9772666,0.10537397,0.10537397,1.0,1.5052219e-08,1.428457e-07,-25.695807,2.1500294,0.7166765,0.15200001,0.0,0.16090079,17.94522,17.965221,3110400
hardzero_plus_depr__c0p54__z1p10__lam0p020__nu0p50__psi0p75,hardzero_plus_depr,0.1,30,972,0.0,3,0.25657493,0.25657496,0.9472893,0.11290435,0.11290435,1.0,1.5887782e-08,1.4071895e-07,-26.27985,2.084078,0.69469273,0.17600001,0.0,0.13986184,17.965221,17.985222,3113600
hardzero_plus_depr__c0p54__z1p10__lam0p020__nu0p50__psi0p75,hardzero_plus_depr,0.1,30,973,0.0,3,0.25657496,0.25657496,0.987037,0.10302982,0.10302982,1.0,1.4282392e-08,1.3862388e-07,-26.730719,2.1715248,0.7238416,0.112,0.0,0.17958683,17.985222,18.005222,3116800
hardzero_plus_depr__c0p54__z1p10__lam0p020__nu0p50__psi0p75,hardzero_plus_depr,0.1,30,974,0.0,3,0.25657496,0.256575,0.943409,0.11391764,0.11391764,1.0,1.5556592e-08,1.3655999e-07,-25.439644,2.0755413,0.6918471,0.216,0.0,0.13937162,18.005222,18.025223,3120000
hardzero_plus_depr__c0p54__z1p10__lam0p020__nu0p50__psi0p75,hardzero_plus_depr,0.1,30,975,0.0,3,0.256575,0.256575,1.0089964,0.0979498,0.0979498,1.0,1.31768765e-08,1.3452683e-07,-26.491808,2.2198362,0.7399454,0.17999999,0.0,0.15637285,18.025223,18.045223,3123200
hardzero_plus_depr__c0p54__z1p10__lam0p020__nu0p50__psi0p75,hardzero_plus_depr,0.1,30,976,0.0,3,0.256575,0.256575,0.97378415,0.10622234,0.10622234,1.0,1.4077003e-08,1.3252394e-07,-27.01553,2.1423678,0.71412265,0.15200001,0.0,0.16300525,18.045223,18.065224,3126400
hardzero_plus_depr__c0p54__z1p10__lam0p020__nu0p50__psi0p75,hardzero_plus_depr,0.1,30,977,0.0,3,0.256575,0.256575,1.004554,0.09895686,0.09895686,1.0,1.2918904e-08,1.3055087e-07,-27.600552,2.210063,0.73668766,0.120000005,0.0,0.16105069,18.065224,18.085224,3129600
hardzero_plus_depr__c0p54__z1p10__lam0p020__nu0p50__psi0p75,hardzero_plus_depr,0.1,30,978,0.0,3,0.256575,0.256575,0.9670312,0.10788691,0.10788691,1.0,1.3875034e-08,1.286072e-07,-26.796762,2.127511,0.70917034,0.216,0.0,0.1334908,18.085224,18.105225,3132800
hardzero_plus_depr__c0p54__z1p10__lam0p020__nu0p50__psi0p75,hardzero_plus_depr,0.1,30,979,0.0,3,0.256575,0.256575,0.9603679,0.109554954,0.109554954,1.0,1.3879783e-08,1.2669243e-07,-26.112146,2.1128516,0.7042839,0.192,0.0,0.1277704,18.105225,18.125225,3136000
hardzero_plus_depr__c0p54__z1p10__lam0p020__nu0p50__psi0p75,hardzero_plus_depr,0.1,30,980,0.0,3,0.256575,0.256575,0.95446503,0.11105419,0.11105419,1.0,1.3860249e-08,1.2480618e-07,-26.103334,2.099865,0.699955,0.16800001,0.0,0.13954984,18.125225,18.145226,3139200
hardzero_plus_depr__c0p54__z1p10__lam0p020__nu0p50__psi0p75,hardzero_plus_depr,0.1,30,981,0.0,3,0.256575,0.256575,0.95906097,0.10988516,0.10988516,1.0,1.3510162e-08,1.2294801e-07,-27.06996,2.1099763,0.70332545,0.17600001,0.0,0.15110981,18.145226,18.165226,3142400
hardzero_plus_depr__c0p54__z1p10__lam0p020__nu0p50__psi0p75,hardzero_plus_depr,0.1,30,982,0.0,3,0.256575,0.256575,0.9974139,0.10059725,0.10059725,1.0,1.2184088e-08,1.2111751e-07,-25.838194,2.1943543,0.73145145,0.096,0.0,0.16442327,18.165226,18.185226,3145600
hardzero_plus_depr__c0p54__z1p10__lam0p020__nu0p50__psi0p75,hardzero_plus_depr,0.1,30,983,0.0,3,0.256575,0.256575,1.0040941,0.09906172,0.09906172,1.0,1.1819476e-08,1.1931427e-07,-26.92877,2.2090511,0.7363504,0.14400001,0.0,0.18893199,18.185226,18.205227,3148800
hardzero_plus_depr__c0p54__z1p10__lam0p020__nu0p50__psi0p75,hardzero_plus_depr,0.1,30,984,0.0,3,0.256575,0.256575,0.9937942,0.1014392,0.1014392,1.0,1.1922947e-08,1.17537866e-07,-26.169209,2.1863909,0.72879696,0.080000006,0.0,0.15609197,18.205227,18.225227,3152000
hardzero_plus_depr__c0p54__z1p10__lam0p020__nu0p50__psi0p75,hardzero_plus_depr,0.1,30,985,0.0,3,0.256575,0.256575,1.0630697,0.086482905,0.086482905,1.0,1.0013675e-08,1.1578792e-07,-27.93178,2.3388,0.7796,0.104,0.0,0.17766885,18.225227,18.245228,3155200
hardzero_plus_depr__c0p54__z1p10__lam0p020__nu0p50__psi0p75,hardzero_plus_depr,0.1,30,986,0.0,3,0.256575,0.256575,0.96876216,0.107457764,0.107457764,1.0,1.2257064e-08,1.14064015e-07,-26.464634,2.1313193,0.7104398,0.224,0.0,0.15579282,18.245228,18.265228,3158400
hardzero_plus_depr__c0p54__z1p10__lam0p020__nu0p50__psi0p75,hardzero_plus_depr,0.1,30,987,0.0,3,0.256575,0.256575,1.0119596,0.09728379,0.09728379,1.0,1.09313705e-08,1.123658e-07,-27.825453,2.2263556,0.74211854,0.17600001,0.0,0.17579913,18.265228,18.285229,3161600
hardzero_plus_depr__c0p54__z1p10__lam0p020__nu0p50__psi0p75,hardzero_plus_depr,0.1,30,988,0.0,3,0.256575,0.256575,0.95675987,0.11046892,0.11046892,1.0,1.222812e-08,1.1069285e-07,-25.457232,2.1049137,0.7016379,0.17,0.0,0.14834116,18.285229,18.30523,3164800
hardzero_plus_depr__c0p54__z1p10__lam0p020__nu0p50__psi0p75,hardzero_plus_depr,0.1,30,989,0.0,3,0.256575,0.256575,1.0193475,0.09564283,0.09564283,1.0,1.0429354e-08,1.0904481e-07,-28.143698,2.2426095,0.74753654,0.120000005,0.0,0.14403768,18.30523,18.32523,3168000
hardzero_plus_depr__c0p54__z1p10__lam0p020__nu0p50__psi0p75,hardzero_plus_depr,0.1,30,990,0.0,3,0.256575,0.256575,0.966036,0.10813442,0.10813442,1.0,1.1615939e-08,1.0742129e-07,-26.559273,2.1253216,0.70844054,0.136,0.0,0.15107597,18.32523,18.34523,3171200
hardzero_plus_depr__c0p54__z1p10__lam0p020__nu0p50__psi0p75,hardzero_plus_depr,0.1,30,991,0.0,3,0.256575,0.256575,0.9838795,0.10378164,0.10378164,1.0,1.0982379e-08,1.05821975e-07,-27.03257,2.1645782,0.7215261,0.16800001,0.0,0.14496115,18.34523,18.36523,3174400
hardzero_plus_depr__c0p54__z1p10__lam0p020__nu0p50__psi0p75,hardzero_plus_depr,0.1,30,992,0.0,3,0.256575,0.256575,0.9659008,0.10816809,0.10816809,1.0,1.1276139e-08,1.0424645e-07,-26.824375,2.125024,0.70834136,0.23200001,0.0,0.15351604,18.36523,18.385231,3177600
hardzero_plus_depr__c0p54__z1p10__lam0p020__nu0p50__psi0p75,hardzero_plus_depr,0.1,30,993,0.0,3,0.256575,0.256575,0.9769311,0.10545543,0.10545543,1.0,1.0829681e-08,1.0269439e-07,-26.991636,2.1492913,0.7164304,0.128,0.0,0.16898265,18.385231,18.405231,3180800
hardzero_plus_depr__c0p54__z1p10__lam0p020__nu0p50__psi0p75,hardzero_plus_depr,0.1,30,994,0.0,3,0.256575,0.256575,0.9734472,0.10630477,0.10630477,1.0,1.0754369e-08,1.0116544e-07,-25.575573,2.1416266,0.71387553,0.128,0.0,0.15187782,18.405231,18.425232,3184000
hardzero_plus_depr__c0p54__z1p10__lam0p020__nu0p50__psi0p75,hardzero_plus_depr,0.1,30,995,0.0,3,0.256575,0.256575,1.0193981,0.0956317,0.0956317,1.0,9.5305825e-09,9.9659246e-08,-28.100819,2.2427206,0.74757355,0.18400002,0.0,0.1682175,18.425232,18.445232,3187200
hardzero_plus_depr__c0p54__z1p10__lam0p020__nu0p50__psi0p75,hardzero_plus_depr,0.1,30,996,0.0,3,0.256575,0.256575,0.9298991,0.11751704,0.11751704,1.0,1.1537291e-08,9.817548e-08,-24.940884,2.0458188,0.6819396,0.18400002,0.0,0.13974534,18.445232,18.465233,3190400
hardzero_plus_depr__c0p54__z1p10__lam0p020__nu0p50__psi0p75,hardzero_plus_depr,0.1,30,997,0.0,3,0.256575,0.256575,1.0321606,0.09286228,0.09286228,1.0,8.981064e-09,9.6713805e-08,-27.754564,2.2707987,0.7569329,0.15200001,0.0,0.17895831,18.465233,18.485233,3193600
hardzero_plus_depr__c0p54__z1p10__lam0p020__nu0p50__psi0p75,hardzero_plus_depr,0.1,30,998,0.0,3,0.256575,0.256575,0.97323954,0.10635563,0.10635563,1.0,1.0132915e-08,9.527389e-08,-26.836723,2.1411698,0.7137233,0.16000001,0.0,0.17410854,18.485233,18.505234,3196800
hardzero_plus_depr__c0p54__z1p10__lam0p020__nu0p50__psi0p75,hardzero_plus_depr,0.1,30,999,0.0,3,0.256575,0.256575,0.9340437,0.11640088,0.11640088,1.0,1.0924853e-08,9.385541e-08,-25.621134,2.0549371,0.6849791,0.216,0.0,0.14911619,18.505234,18.525234,3200000
hardzero_plus_depr__c0p54__z1p10__lam0p020__nu0p50__psi0p75,hardzero_plus_depr,0.1,30,1000,0.0,3,0.256575,0.256575,1.0205888,0.095369875,0.095369875,1.0,8.817714e-09,9.245806e-08,-27.483154,2.24534,0.7484467,0.064,0.0,0.1665475,18.525234,18.545235,3203200
hardzero_plus_depr__c0p54__z1p10__lam0p020__nu0p50__psi0p75,hardzero_plus_depr,0.1,30,1001,0.0,3,0.256575,0.256575,1.0124849,0.09716617,0.09716617,1.0,8.850042e-09,9.108151e-08,-27.536434,2.2275112,0.74250376,0.19,0.0,0.16335951,18.545235,18.565235,3206400
hardzero_plus_depr__c0p54__z1p10__lam0p020__nu0p50__psi0p75,hardzero_plus_depr,0.1,30,1002,0.0,3,0.256575,0.256575,0.9626569,0.10897907,0.10897907,1.0,9.778196e-09,8.972545e-08,-27.310934,2.1178875,0.70596254,0.18400002,0.0,0.1500278,18.565235,18.585236,3209600
hardzero_plus_depr__c0p54__z1p10__lam0p020__nu0p50__psi0p75,hardzero_plus_depr,0.1,30,1003,0.0,3,0.256575,0.256575,1.0385832,0.091499105,0.091499105,1.0,8.087567e-09,8.838958e-08,-26.95548,2.2849286,0.7616429,0.104,0.0,0.15609942,18.585236,18.605236,3212800
hardzero_plus_depr__c0p54__z1p10__lam0p020__nu0p50__psi0p75,hardzero_plus_depr,0.1,30,1004,0.0,3,0.256575,0.256575,0.97365546,0.106253825,0.106253825,1.0,9.251903e-09,8.70736e-08,-26.94806,2.1420848,0.7140283,0.192,0.0,0.15804178,18.605236,18.625237,3216000
hardzero_plus_depr__c0p54__z1p10__lam0p020__nu0p50__psi0p75,hardzero_plus_depr,0.1,30,1005,0.0,3,0.256575,0.256575,1.0258346,0.09422483,0.09422483,1.0,8.082343e-09,8.577721e-08,-27.445505,2.256881,0.7522937,0.128,0.0,0.14843185,18.625237,18.645237,3219200
hardzero_plus_depr__c0p54__z1p10__lam0p020__nu0p50__psi0p75,hardzero_plus_depr,0.1,30,1006,0.0,3,0.256575,0.256575,1.0143546,0.096748754,0.096748754,1.0,8.175282e-09,8.450012e-08,-26.57164,2.2316246,0.7438749,0.120000005,0.0,0.13943295,18.645237,18.665237,3222400
hardzero_plus_depr__c0p54__z1p10__lam0p020__nu0p50__psi0p75,hardzero_plus_depr,0.1,30,1007,0.0,3,0.256575,0.256575,0.99767286,0.100537285,0.100537285,1.0,8.36893e-09,8.324206e-08,-27.083807,2.194924,0.7316414,0.128,0.0,0.16222055,18.665237,18.685238,3225600
hardzero_plus_depr__c0p54__z1p10__lam0p020__nu0p50__psi0p75,hardzero_plus_depr,0.1,30,1008,0.0,3,0.256575,0.256575,0.95736986,0.11031387,0.11031387,1.0,9.046037e-09,8.2002714e-08,-27.109587,2.1062558,0.70208526,0.256,0.0,0.17120753,18.685238,18.705238,3228800
hardzero_plus_depr__c0p54__z1p10__lam0p020__nu0p50__psi0p75,hardzero_plus_depr,0.1,30,1009,0.0,3,0.256575,0.256575,1.0146008,0.09669394,0.09669394,1.0,7.811113e-09,8.0781824e-08,-26.63943,2.2321663,0.74405545,0.16800001,0.0,0.16917613,18.705238,18.725239,3232000
hardzero_plus_depr__c0p54__z1p10__lam0p020__nu0p50__psi0p75,hardzero_plus_depr,0.1,30,1010,0.0,3,0.256575,0.256575,0.96689993,0.10791954,0.10791954,1.0,8.588141e-09,7.957911e-08,-26.53748,2.1272223,0.70907414,0.128,0.0,0.13189822,18.725239,18.74524,3235200
hardzero_plus_depr__c0p54__z1p10__lam0p020__nu0p50__psi0p75,hardzero_plus_depr,0.1,30,1011,0.0,3,0.256575,0.256575,1.0064017,0.09853677,0.09853677,1.0,7.724721e-09,7.839431e-08,-28.172625,2.2141278,0.7380426,0.15200001,0.0,0.15476571,18.74524,18.76524,3238400
hardzero_plus_depr__c0p54__z1p10__lam0p020__nu0p50__psi0p75,hardzero_plus_depr,0.1,30,1012,0.0,3,0.256575,0.256575,1.0079143,0.098194174,0.098194174,1.0,7.583256e-09,7.722714e-08,-27.233356,2.2174556,0.7391519,0.208,0.0,0.18291904,18.76524,18.78524,3241600
hardzero_plus_depr__c0p54__z1p10__lam0p020__nu0p50__psi0p75,hardzero_plus_depr,0.1,30,1013,0.0,3,0.256575,0.256575,1.0049084,0.09887616,0.09887616,1.0,7.522236e-09,7.607735e-08,-26.869146,2.2108426,0.73694754,0.17600001,0.0,0.13416617,18.78524,18.80524,3244800
hardzero_plus_depr__c0p54__z1p10__lam0p020__nu0p50__psi0p75,hardzero_plus_depr,0.1,30,1014,0.0,3,0.256575,0.256575,1.0084027,0.0980838,0.0980838,1.0,7.35086e-09,7.494469e-08,-27.677519,2.2185302,0.73951006,0.14999999,0.0,0.16562648,18.80524,18.825241,3248000
hardzero_plus_depr__c0p54__z1p10__lam0p020__nu0p50__psi0p75,hardzero_plus_depr,0.1,30,1015,0.0,3,0.256575,0.256575,0.98828334,0.102734596,0.102734596,1.0,7.58478e-09,7.382888e-08,-26.88408,2.1742668,0.72475564,0.18400002,0.0,0.14289048,18.825241,18.845242,3251200
hardzero_plus_depr__c0p54__z1p10__lam0p020__nu0p50__psi0p75,hardzero_plus_depr,0.1,30,1016,0.0,3,0.256575,0.256575,0.92958426,0.117602274,0.117602274,1.0,8.553176e-09,7.2729684e-08,-25.57374,2.0451262,0.68170875,0.224,0.0,0.14532189,18.845242,18.865242,3254400
hardzero_plus_depr__c0p54__z1p10__lam0p020__nu0p50__psi0p75,hardzero_plus_depr,0.1,30,1017,0.0,3,0.256575,0.256575,0.9997268,0.10006294,0.10006294,1.0,7.169195e-09,7.164686e-08,-27.165686,2.1994429,0.7331476,0.072000004,0.0,0.16536446,18.865242,18.885242,3257600
hardzero_plus_depr__c0p54__z1p10__lam0p020__nu0p50__psi0p75,hardzero_plus_depr,0.1,30,1018,0.0,3,0.256575,0.256575,1.0203043,0.095432356,0.095432356,1.0,6.73563e-09,7.058015e-08,-27.582888,2.2447143,0.7482381,0.16800001,0.0,0.16938666,18.885242,18.905243,3260800
hardzero_plus_depr__c0p54__z1p10__lam0p020__nu0p50__psi0p75,hardzero_plus_depr,0.1,30,1019,0.0,3,0.256575,0.256575,1.0173558,0.09608247,0.09608247,1.0,6.68055e-09,6.952933e-08,-27.60098,2.2382274,0.7460758,0.136,0.0,0.15283872,18.905243,18.925243,3264000
hardzero_plus_depr__c0p54__z1p10__lam0p020__nu0p50__psi0p75,hardzero_plus_depr,0.1,30,1020,0.0,3,0.256575,0.256575,0.9749662,0.105933614,0.105933614,1.0,7.2558324e-09,6.8494145e-08,-25.635027,2.1449685,0.71498954,0.16000001,0.0,0.13994619,18.925243,18.945244,3267200
hardzero_plus_depr__c0p54__z1p10__lam0p020__nu0p50__psi0p75,hardzero_plus_depr,0.1,30,1021,0.0,3,0.256575,0.256575,0.98763674,0.102887645,0.102887645,1.0,6.9422796e-09,6.7474375e-08,-26.239746,2.1728442,0.72428143,0.136,0.008,0.15604223,18.945244,18.965244,3270400
hardzero_plus_depr__c0p54__z1p10__lam0p020__nu0p50__psi0p75,hardzero_plus_depr,0.1,30,1022,0.0,3,0.256575,0.256575,0.9937133,0.10145809,0.10145809,1.0,6.7438974e-09,6.646979e-08,-26.601383,2.186213,0.7287377,0.17600001,0.0,0.15530281,18.965244,18.985245,3273600
hardzero_plus_depr__c0p54__z1p10__lam0p020__nu0p50__psi0p75,hardzero_plus_depr,0.1,30,1023,0.0,3,0.256575,0.256575,0.9549202,0.110937856,0.110937856,1.0,7.2642283e-09,6.548016e-08,-25.645443,2.1008663,0.7002888,0.120000005,0.0,0.14208783,18.985245,19.005245,3276800
hardzero_plus_depr__c0p54__z1p10__lam0p020__nu0p50__psi0p75,hardzero_plus_depr,0.1,30,1024,0.0,3,0.256575,0.256575,1.056162,0.08786947,0.08786947,1.0,5.6680443e-09,6.450527e-08,-28.16101,2.3236027,0.7745342,0.112,0.0,0.18490574,19.005245,19.025246,3280000
hardzero_plus_depr__c0p54__z1p10__lam0p020__nu0p50__psi0p75,hardzero_plus_depr,0.1,30,1025,0.0,3,0.256575,0.256575,0.9756237,0.10577335,0.10577335,1.0,6.721355e-09,6.354488e-08,-26.467873,2.146415,0.7154717,0.16800001,0.0,0.14421621,19.025246,19.045246,3283200
hardzero_plus_depr__c0p54__z1p10__lam0p020__nu0p50__psi0p75,hardzero_plus_depr,0.1,30,1026,0.0,3,0.256575,0.256575,0.96443105,0.10853478,0.10853478,1.0,6.794148e-09,6.259881e-08,-26.096643,2.1217906,0.7072636,0.128,0.0,0.13994507,19.045246,19.065247,3286400
hardzero_plus_depr__c0p54__z1p10__lam0p020__nu0p50__psi0p75,hardzero_plus_depr,0.1,30,1027,0.0,3,0.256575,0.256575,0.98613566,0.10324388,0.10324388,1.0,6.366721e-09,6.166681e-08,-26.197468,2.1695418,0.72318065,0.17,0.0,0.1278417,19.065247,19.085247,3289600
hardzero_plus_depr__c0p54__z1p10__lam0p020__nu0p50__psi0p75,hardzero_plus_depr,0.1,30,1028,0.0,3,0.256575,0.256575,0.9914405,0.101990454,0.101990454,1.0,6.1957866e-09,6.074869e-08,-27.072285,2.1812127,0.7270709,0.128,0.0,0.15380575,19.085247,19.105247,3292800
hardzero_plus_depr__c0p54__z1p10__lam0p020__nu0p50__psi0p75,hardzero_plus_depr,0.1,30,1029,0.0,3,0.256575,0.256575,1.0594826,0.08720019,0.08720019,1.0,5.218429e-09,5.984424e-08,-28.167862,2.3309083,0.77696943,0.136,0.0,0.18264003,19.105247,19.125248,3296000
hardzero_plus_depr__c0p54__z1p10__lam0p020__nu0p50__psi0p75,hardzero_plus_depr,0.1,30,1030,0.0,3,0.256575,0.256575,1.0043936,0.09899344,0.09899344,1.0,5.835985e-09,5.8953248e-08,-27.426739,2.2097101,0.73657006,0.15200001,0.0,0.17569657,19.125248,19.145248,3299200
hardzero_plus_depr__c0p54__z1p10__lam0p020__nu0p50__psi0p75,hardzero_plus_depr,0.1,30,1031,0.0,3,0.256575,0.256575,0.96698695,0.10789789,0.10789789,1.0,6.266227e-09,5.807553e-08,-25.964668,2.1274137,0.7091379,0.16800001,0.0,0.1597657,19.145248,19.165249,3302400
hardzero_plus_depr__c0p54__z1p10__lam0p020__nu0p50__psi0p75,hardzero_plus_depr,0.1,30,1032,0.0,3,0.256575,0.256575,0.9429988,0.1140253,0.1140253,1.0,6.523488e-09,5.721088e-08,-25.673199,2.0746388,0.6915463,0.216,0.0,0.15988363,19.165249,19.18525,3305600
hardzero_plus_depr__c0p54__z1p10__lam0p020__nu0p50__psi0p75,hardzero_plus_depr,0.1,30,1033,0.0,3,0.256575,0.256575,0.9527221,0.111500785,0.111500785,1.0,6.284084e-09,5.6359102e-08,-26.329891,2.0960305,0.6986768,0.17600001,0.0,0.16512997,19.18525,19.20525,3308800
hardzero_plus_depr__c0p54__z1p10__lam0p020__nu0p50__psi0p75,hardzero_plus_depr,0.1,30,1034,0.0,3,0.256575,0.256575,0.957834,0.110196024,0.110196024,1.0,6.1180843e-09,5.5520008e-08,-26.168856,2.107277,0.70242566,0.224,0.008,0.14787155,19.20525,19.22525,3312000
hardzero_plus_depr__c0p54__z1p10__lam0p020__nu0p50__psi0p75,hardzero_plus_depr,0.1,30,1035,0.0,3,0.256575,0.256575,0.98467064,0.103592746,0.103592746,1.0,5.66584e-09,5.4693402e-08,-26.90725,2.1663187,0.7221062,0.16800001,0.0,0.15486832,19.22525,19.24525,3315200
hardzero_plus_depr__c0p54__z1p10__lam0p020__nu0p50__psi0p75,hardzero_plus_depr,0.1,30,1036,0.0,3,0.256575,0.256575,1.0097618,0.09777733,0.09777733,1.0,5.268155e-09,5.3879102e-08,-27.110357,2.2215204,0.7405068,0.2,0.0,0.15864101,19.24525,19.265251,3318400
hardzero_plus_depr__c0p54__z1p10__lam0p020__nu0p50__psi0p75,hardzero_plus_depr,0.1,30,1037,0.0,3,0.256575,0.256575,1.0242455,0.09457023,0.09457023,1.0,5.0194973e-09,5.3076928e-08,-27.546255,2.253385,0.7511284,0.136,0.0,0.17369254,19.265251,19.285252,3321600
hardzero_plus_depr__c0p54__z1p10__lam0p020__nu0p50__psi0p75,hardzero_plus_depr,0.1,30,1038,0.0,3,0.256575,0.256575,0.9736528,0.10625448,0.10625448,1.0,5.555697e-09,5.2286705e-08,-25.430649,2.1420789,0.71402633,0.16800001,0.0,0.13517018,19.285252,19.305252,3324800
hardzero_plus_depr__c0p54__z1p10__lam0p020__nu0p50__psi0p75,hardzero_plus_depr,0.1,30,1039,0.0,3,0.256575,0.256575,0.9776179,0.10528877,0.10528877,1.0,5.4232387e-09,5.1508238e-08,-27.001776,2.1508024,0.71693414,0.17600001,0.0,0.15505014,19.305252,19.325253,3328000
hardzero_plus_depr__c0p54__z1p10__lam0p020__nu0p50__psi0p75,hardzero_plus_depr,0.1,30,1040,0.0,3,0.256575,0.256575,0.9655891,0.10824577,0.10824577,1.0,5.4925375e-09,5.074136e-08,-25.575844,2.1243384,0.70811284,0.21,0.0,0.13528168,19.325253,19.345253,3331200
hardzero_plus_depr__c0p54__z1p10__lam0p020__nu0p50__psi0p75,hardzero_plus_depr,0.1,30,1041,0.0,3,0.256575,0.256575,0.99754745,0.10056631,0.10056631,1.0,5.026898e-09,4.9985903e-08,-26.910212,2.1946483,0.73154944,0.24000001,0.0,0.15789211,19.345253,19.365253,3334400
hardzero_plus_depr__c0p54__z1p10__lam0p020__nu0p50__psi0p75,hardzero_plus_depr,0.1,30,1042,0.0,3,0.256575,0.256575,1.0256065,0.094274335,0.094274335,1.0,4.6422275e-09,4.924169e-08,-26.964743,2.2563794,0.75212646,0.112,0.0,0.13806006,19.365253,19.385254,3337600
hardzero_plus_depr__c0p54__z1p10__lam0p020__nu0p50__psi0p75,hardzero_plus_depr,0.1,30,1043,0.0,3,0.256575,0.256575,0.9746971,0.10599928,0.10599928,1.0,5.141873e-09,4.8508564e-08,-26.638,2.1443765,0.7147922,0.2,0.0,0.18074577,19.385254,19.405254,3340800
hardzero_plus_depr__c0p54__z1p10__lam0p020__nu0p50__psi0p75,hardzero_plus_depr,0.1,30,1044,0.0,3,0.256575,0.256575,1.0428694,0.09060049,0.09060049,1.0,4.3294666e-09,4.7786347e-08,-27.30481,2.2943585,0.7647862,0.17600001,0.0,0.17638399,19.405254,19.425255,3344000
hardzero_plus_depr__c0p54__z1p10__lam0p020__nu0p50__psi0p75,hardzero_plus_depr,0.1,30,1045,0.0,3,0.256575,0.256575,0.99446714,0.101282135,0.101282135,1.0,4.767845e-09,4.7074884e-08,-27.748884,2.1878715,0.7292905,0.136,0.0,0.17516431,19.425255,19.445255,3347200
hardzero_plus_depr__c0p54__z1p10__lam0p020__nu0p50__psi0p75,hardzero_plus_depr,0.1,30,1046,0.0,3,0.256575,0.256575,0.97015035,0.10711484,0.10711484,1.0,4.9673448e-09,4.6374012e-08,-26.774376,2.1343734,0.71145785,0.17600001,0.0,0.1351306,19.445255,19.465256,3350400
hardzero_plus_depr__c0p54__z1p10__lam0p020__nu0p50__psi0p75,hardzero_plus_depr,0.1,30,1047,0.0,3,0.256575,0.256575,1.014803,0.09664891,0.09664891,1.0,4.415268e-09,4.568358e-08,-27.533,2.2326112,0.74420375,0.16800001,0.0,0.1708493,19.465256,19.485256,3353600
hardzero_plus_depr__c0p54__z1p10__lam0p020__nu0p50__psi0p75,hardzero_plus_depr,0.1,30,1048,0.0,3,0.256575,0.256575,1.0026534,0.09939092,0.09939092,1.0,4.472932e-09,4.500343e-08,-26.852516,2.2058814,0.7352938,0.216,0.0,0.16062987,19.485256,19.505257,3356800
hardzero_plus_depr__c0p54__z1p10__lam0p020__nu0p50__psi0p75,hardzero_plus_depr,0.1,30,1049,0.0,3,0.256575,0.256575,0.968446,0.10753601,0.10753601,1.0,4.7674367e-09,4.4333397e-08,-26.384026,2.1306238,0.71020794,0.15200001,0.0,0.15715109,19.505257,19.525257,3360000
hardzero_plus_depr__c0p54__z1p10__lam0p020__nu0p50__psi0p75,hardzero_plus_depr,0.1,30,1050,0.0,3,0.256575,0.256575,1.0076002,0.0982652,0.0982652,1.0,4.2915698e-09,4.3673342e-08,-26.976067,2.2167647,0.7389216,0.16800001,0.0,0.16398211,19.525257,19.545258,3363200
hardzero_plus_depr__c0p54__z1p10__lam0p020__nu0p50__psi0p75,hardzero_plus_depr,0.1,30,1051,0.0,3,0.256575,0.256575,0.99859476,0.10032408,0.10032408,1.0,4.3162545e-09,4.3023118e-08,-27.032957,2.1969523,0.73231745,0.2,0.0,0.1652369,19.545258,19.565258,3366400
hardzero_plus_depr__c0p54__z1p10__lam0p020__nu0p50__psi0p75,hardzero_plus_depr,0.1,30,1052,0.0,3,0.256575,0.256575,0.9487253,0.112531655,0.112531655,1.0,4.7693813e-09,4.2382574e-08,-26.158325,2.0872374,0.6957458,0.216,0.0,0.13531223,19.565258,19.585258,3369600
hardzero_plus_depr__c0p54__z1p10__lam0p020__nu0p50__psi0p75,hardzero_plus_depr,0.1,30,1053,0.0,3,0.256575,0.256575,0.9958282,0.10096522,0.10096522,1.0,4.215456e-09,4.1751566e-08,-27.049007,2.1908658,0.7302886,0.22,0.0,0.19146581,19.585258,19.605259,3372800
hardzero_plus_depr__c0p54__z1p10__lam0p020__nu0p50__psi0p75,hardzero_plus_depr,0.1,30,1054,0.0,3,0.256575,0.256575,0.98058087,0.10457289,0.10457289,1.0,4.3010777e-09,4.112995e-08,-27.281498,2.157321,0.71910703,0.16000001,0.0,0.14819127,19.605259,19.62526,3376000
hardzero_plus_depr__c0p54__z1p10__lam0p020__nu0p50__psi0p75,hardzero_plus_depr,0.1,30,1055,0.0,3,0.256575,0.256575,1.0289645,0.0935482,0.0935482,1.0,3.7903476e-09,4.0517588e-08,-26.624392,2.2637672,0.7545891,0.120000005,0.0,0.14583687,19.62526,19.64526,3379200
hardzero_plus_depr__c0p54__z1p10__lam0p020__nu0p50__psi0p75,hardzero_plus_depr,0.1,30,1056,0.0,3,0.256575,0.256575,1.0180347,0.09593241,0.09593241,1.0,3.8290797e-09,3.9914347e-08,-28.107899,2.239721,0.7465737,0.15200001,0.0,0.17037666,19.64526,19.66526,3382400
hardzero_plus_depr__c0p54__z1p10__lam0p020__nu0p50__psi0p75,hardzero_plus_depr,0.1,30,1057,0.0,3,0.256575,0.256575,0.9872338,0.10298313,0.10298313,1.0,4.049306e-09,3.932009e-08,-26.850128,2.1719577,0.7239859,0.15200001,0.0,0.1466853,19.66526,19.68526,3385600
hardzero_plus_depr__c0p54__z1p10__lam0p020__nu0p50__psi0p75,hardzero_plus_depr,0.1,30,1058,0.0,3,0.256575,0.256575,1.0041181,0.099056266,0.099056266,1.0,3.8369126e-09,3.8734676e-08,-27.37216,2.2091038,0.73636794,0.16800001,0.0,0.15950002,19.68526,19.705261,3388800
hardzero_plus_depr__c0p54__z1p10__lam0p020__nu0p50__psi0p75,hardzero_plus_depr,0.1,30,1059,0.0,3,0.256575,0.256575,0.97708994,0.10541684,0.10541684,1.0,4.0224934e-09,3.8157978e-08,-27.248676,2.1496408,0.71654695,0.224,0.0,0.16054405,19.705261,19.725262,3392000
hardzero_plus_depr__c0p54__z1p10__lam0p020__nu0p50__psi0p75,hardzero_plus_depr,0.1,30,1060,0.0,3,0.256575,0.256575,0.9741449,0.10613414,0.10613414,1.0,3.9895682e-09,3.7589867e-08,-26.594397,2.1431615,0.7143872,0.224,0.0,0.14114153,19.725262,19.745262,3395200
hardzero_plus_depr__c0p54__z1p10__lam0p020__nu0p50__psi0p75,hardzero_plus_depr,0.1,30,1061,0.0,3,0.256575,0.256575,0.9901172,0.102301694,0.102301694,1.0,3.7882537e-09,3.7030215e-08,-26.537676,2.1783013,0.72610044,0.120000005,0.0,0.14983541,19.745262,19.765263,3398400
hardzero_plus_depr__c0p54__z1p10__lam0p020__nu0p50__psi0p75,hardzero_plus_depr,0.1,30,1062,0.0,3,0.256575,0.256575,1.013485,0.09694269,0.09694269,1.0,3.5363619e-09,3.647889e-08,-26.500607,2.2297115,0.7432372,0.104,0.0,0.13961889,19.765263,19.785263,3401600
hardzero_plus_depr__c0p54__z1p10__lam0p020__nu0p50__psi0p75,hardzero_plus_depr,0.1,30,1063,0.0,3,0.256575,0.256575,0.9645172,0.108513266,0.108513266,1.0,3.8995087e-09,3.593578e-08,-27.433416,2.1219802,0.70732677,0.192,0.0,0.16754664,19.785263,19.805264,3404800
hardzero_plus_depr__c0p54__z1p10__lam0p020__nu0p50__psi0p75,hardzero_plus_depr,0.1,30,1064,0.0,3,0.256575,0.256575,0.9918367,0.10189744,0.10189744,1.0,3.6072465e-09,3.5400756e-08,-26.760685,2.1820843,0.72736144,0.18400002,0.0,0.17428488,19.805264,19.825264,3408000
hardzero_plus_depr__c0p54__z1p10__lam0p020__nu0p50__psi0p75,hardzero_plus_depr,0.1,30,1065,0.0,3,0.256575,0.256575,1.0122098,0.09722774,0.09722774,1.0,3.39069e-09,3.487369e-08,-27.014946,2.226906,0.74230206,0.17600001,0.0,0.1691215,19.825264,19.845264,3411200
hardzero_plus_depr__c0p54__z1p10__lam0p020__nu0p50__psi0p75,hardzero_plus_depr,0.1,30,1066,0.0,3,0.256575,0.256575,0.9723816,0.10656592,0.10656592,1.0,3.661017e-09,3.4354482e-08,-26.591238,2.1392822,0.7130941,0.14,0.0,0.14257431,19.845264,19.865265,3414400
hardzero_plus_depr__c0p54__z1p10__lam0p020__nu0p50__psi0p75,hardzero_plus_depr,0.1,30,1067,0.0,3,0.256575,0.256575,0.9773055,0.10536455,0.10536455,1.0,3.5658523e-09,3.3842998e-08,-26.276337,2.150115,0.716705,0.16800001,0.0,0.15658158,19.865265,19.885265,3417600
hardzero_plus_depr__c0p54__z1p10__lam0p020__nu0p50__psi0p75,hardzero_plus_depr,0.1,30,1068,0.0,3,0.256575,0.256575,0.96324915,0.10883055,0.10883055,1.0,3.6283159e-09,3.333913e-08,-26.334446,2.1191905,0.7063968,0.14400001,0.0,0.14957559,19.885265,19.905266,3420800
hardzero_plus_depr__c0p54__z1p10__lam0p020__nu0p50__psi0p75,hardzero_plus_depr,0.1,30,1069,0.0,3,0.256575,0.256575,1.0522991,0.0886545,0.0886545,1.0,2.9116585e-09,3.284276e-08,-28.809566,2.3151042,0.77170146,0.15200001,0.0,0.19135334,19.905266,19.925266,3424000
hardzero_plus_depr__c0p54__z1p10__lam0p020__nu0p50__psi0p75,hardzero_plus_depr,0.1,30,1070,0.0,3,0.256575,0.256575,0.9407885,0.11460707,0.11460707,1.0,3.7079726e-09,3.2353785e-08,-26.39806,2.069776,0.6899254,0.208,0.0,0.14127827,19.925266,19.945267,3427200
hardzero_plus_depr__c0p54__z1p10__lam0p020__nu0p50__psi0p75,hardzero_plus_depr,0.1,30,1071,0.0,3,0.256575,0.256575,1.0240568,0.09461134,0.09461134,1.0,3.0154612e-09,3.187209e-08,-27.338,2.25297,0.75099003,0.17600001,0.0,0.16225304,19.945267,19.965267,3430400
hardzero_plus_depr__c0p54__z1p10__lam0p020__nu0p50__psi0p75,hardzero_plus_depr,0.1,30,1072,0.0,3,0.256575,0.256575,1.0266296,0.09405252,0.09405252,1.0,2.9530205e-09,3.139757e-08,-27.088192,2.25863,0.7528767,0.112,0.0,0.16056621,19.965267,19.985268,3433600
hardzero_plus_depr__c0p54__z1p10__lam0p020__nu0p50__psi0p75,hardzero_plus_depr,0.1,30,1073,0.0,3,0.256575,0.256575,0.95335877,0.11133744,0.11133744,1.0,3.443679e-09,3.0930106e-08,-26.196596,2.0974312,0.69914377,0.17600001,0.0,0.14373603,19.985268,20.005268,3436800
hardzero_plus_depr__c0p54__z1p10__lam0p020__nu0p50__psi0p75,hardzero_plus_depr,0.1,30,1074,0.0,3,0.256575,0.256575,1.0012484,0.09971297,0.09971297,1.0,3.0382146e-09,3.0469604e-08,-26.639002,2.2027905,0.73426354,0.17600001,0.0,0.16628166,20.005268,20.025269,3440000
hardzero_plus_depr__c0p54__z1p10__lam0p020__nu0p50__psi0p75,hardzero_plus_depr,0.1,30,1075,0.0,3,0.256575,0.256575,0.9552121,0.11086332,0.11086332,1.0,3.3276695e-09,3.0015965e-08,-25.885002,2.1015086,0.7005029,0.16800001,0.0,0.15122432,20.025269,20.045269,3443200
hardzero_plus_depr__c0p54__z1p10__lam0p020__nu0p50__psi0p75,hardzero_plus_depr,0.1,30,1076,0.0,3,0.256575,0.256575,0.9865643,0.103142045,0.103142045,1.0,3.0498148e-09,2.9569074e-08,-27.433533,2.1704848,0.72349495,0.18400002,0.0,0.16592166,20.045269,20.06527,3446400
hardzero_plus_depr__c0p54__z1p10__lam0p020__nu0p50__psi0p75,hardzero_plus_depr,0.1,30,1077,0.0,3,0.256575,0.256575,0.9729102,0.1064363,0.1064363,1.0,3.1003657e-09,2.912884e-08,-26.769754,2.1404452,0.7134818,0.17600001,0.0,0.1544477,20.06527,20.08527,3449600
hardzero_plus_depr__c0p54__z1p10__lam0p020__nu0p50__psi0p75,hardzero_plus_depr,0.1,30,1078,0.0,3,0.256575,0.256575,0.94845235,0.1126024,0.1126024,1.0,3.2311431e-09,2.8695155e-08,-26.073631,2.0866368,0.6955456,0.208,0.0,0.1320835,20.08527,20.10527,3452800
hardzero_plus_depr__c0p54__z1p10__lam0p020__nu0p50__psi0p75,hardzero_plus_depr,0.1,30,1079,0.0,3,0.256575,0.256575,1.000756,0.099826075,0.099826075,1.0,2.8218767e-09,2.8267932e-08,-27.42119,2.2017071,0.7339024,0.13,0.0,0.17937681,20.10527,20.12527,3456000
hardzero_plus_depr__c0p54__z1p10__lam0p020__nu0p50__psi0p75,hardzero_plus_depr,0.1,30,1080,0.0,3,0.256575,0.256575,1.0144495,0.096727625,0.096727625,1.0,2.6935805e-09,2.7847065e-08,-27.532726,2.2318335,0.7439445,0.112,0.0,0.14302988,20.12527,20.145271,3459200
hardzero_plus_depr__c0p54__z1p10__lam0p020__nu0p50__psi0p75,hardzero_plus_depr,0.1,30,1081,0.0,3,0.256575,0.256575,0.98817706,0.10275973,0.10275973,1.0,2.818953e-09,2.7432469e-08,-27.345146,2.174033,0.7246777,0.15200001,0.0,0.14630914,20.145271,20.165272,3462400
hardzero_plus_depr__c0p54__z1p10__lam0p020__nu0p50__psi0p75,hardzero_plus_depr,0.1,30,1082,0.0,3,0.256575,0.256575,0.992718,0.10169088,0.10169088,1.0,2.7480989e-09,2.7024043e-08,-27.740273,2.1840231,0.72800773,0.16800001,0.0,0.1656621,20.165272,20.185272,3465600
hardzero_plus_depr__c0p54__z1p10__lam0p020__nu0p50__psi0p75,hardzero_plus_depr,0.1,30,1083,0.0,3,0.256575,0.256575,1.0443422,0.09029378,0.09029378,1.0,2.4037736e-09,2.6621697e-08,-27.74436,2.2975986,0.7658662,0.17600001,0.008,0.1499133,20.185272,20.205273,3468800
hardzero_plus_depr__c0p54__z1p10__lam0p020__nu0p50__psi0p75,hardzero_plus_depr,0.1,30,1084,0.0,3,0.256575,0.256575,1.0332791,0.09262343,0.09262343,1.0,2.4290812e-09,2.6225342e-08,-27.985142,2.2732594,0.75775313,0.16800001,0.0,0.17282142,20.205273,20.225273,3472000
hardzero_plus_depr__c0p54__z1p10__lam0p020__nu0p50__psi0p75,hardzero_plus_depr,0.1,30,1085,0.0,3,0.256575,0.256575,0.9980558,0.10044866,0.10044866,1.0,2.5950802e-09,2.5834892e-08,-27.076927,2.1957667,0.73192227,0.14400001,0.0,0.17337218,20.225273,20.245274,3475200
hardzero_plus_depr__c0p54__z1p10__lam0p020__nu0p50__psi0p75,hardzero_plus_depr,0.1,30,1086,0.0,3,0.256575,0.256575,1.0108994,0.097521536,0.097521536,1.0,2.4819473e-09,2.5450248e-08,-27.207655,2.224023,0.74134105,0.16000001,0.0,0.16010244,20.245274,20.265274,3478400
hardzero_plus_depr__c0p54__z1p10__lam0p020__nu0p50__psi0p75,hardzero_plus_depr,0.1,30,1087,0.0,3,0.256575,0.256575,1.0264729,0.09408644,0.09408644,1.0,2.3588727e-09,2.5071335e-08,-26.885197,2.2582855,0.75276184,0.192,0.0,0.17165822,20.265274,20.285275,3481600
hardzero_plus_depr__c0p54__z1p10__lam0p020__nu0p50__psi0p75,hardzero_plus_depr,0.1,30,1088,0.0,3,0.256575,0.256575,0.99094945,0.10210583,0.10210583,1.0,2.5218165e-09,2.4698066e-08,-26.607285,2.1801324,0.7267108,0.16800001,0.0,0.15193269,20.285275,20.305275,3484800
hardzero_plus_depr__c0p54__z1p10__lam0p020__nu0p50__psi0p75,hardzero_plus_depr,0.1,30,1089,0.0,3,0.256575,0.256575,1.008095,0.09815331,0.09815331,1.0,2.3881044e-09,2.4330351e-08,-26.379192,2.2178533,0.73928446,0.128,0.0,0.15601452,20.305275,20.325275,3488000
hardzero_plus_depr__c0p54__z1p10__lam0p020__nu0p50__psi0p75,hardzero_plus_depr,0.1,30,1090,0.0,3,0.256575,0.256575,0.996346,0.1008449,0.1008449,1.0,2.4170617e-09,2.3968111e-08,-27.00927,2.192005,0.7306683,0.16000001,0.0,0.1479416,20.325275,20.345276,3491200
hardzero_plus_depr__c0p54__z1p10__lam0p020__nu0p50__psi0p75,hardzero_plus_depr,0.1,30,1091,0.0,3,0.256575,0.256575,0.98294497,0.10400519,0.10400519,1.0,2.4556939e-09,2.3611262e-08,-26.284779,2.162522,0.7208407,0.128,0.0,0.1577866,20.345276,20.365276,3494400
hardzero_plus_depr__c0p54__z1p10__lam0p020__nu0p50__psi0p75,hardzero_plus_depr,0.1,30,1092,0.0,3,0.256575,0.256575,0.9492147,0.112404905,0.112404905,1.0,2.6145075e-09,2.3259728e-08,-26.374008,2.088314,0.6961047,0.17,0.0,0.1621611,20.365276,20.385277,3497600
hardzero_plus_depr__c0p54__z1p10__lam0p020__nu0p50__psi0p75,hardzero_plus_depr,0.1,30,1093,0.0,3,0.256575,0.256575,0.9753215,0.105847,0.105847,1.0,2.425318e-09,2.2913431e-08,-26.966576,2.14575,0.71525,0.23200001,0.0,0.1719657,20.385277,20.405277,3500800
hardzero_plus_depr__c0p54__z1p10__lam0p020__nu0p50__psi0p75,hardzero_plus_depr,0.1,30,1094,0.0,3,0.256575,0.256575,0.9478636,0.11275515,0.11275515,1.0,2.5451414e-09,2.2572285e-08,-25.579525,2.0853415,0.69511384,0.16000001,0.0,0.16280365,20.405277,20.425278,3504000
hardzero_plus_depr__c0p54__z1p10__lam0p020__nu0p50__psi0p75,hardzero_plus_depr,0.1,30,1095,0.0,3,0.256575,0.256575,1.0341333,0.092441425,0.092441425,1.0,2.055548e-09,2.223622e-08,-27.645042,2.2751386,0.7583796,0.16800001,0.0,0.16072445,20.425278,20.445278,3507200
hardzero_plus_depr__c0p54__z1p10__lam0p020__nu0p50__psi0p75,hardzero_plus_depr,0.1,30,1096,0.0,3,0.256575,0.256575,1.0126177,0.09713645,0.09713645,1.0,2.1277893e-09,2.1905157e-08,-27.81158,2.2278035,0.74260116,0.216,0.0,0.17275994,20.445278,20.465279,3510400
hardzero_plus_depr__c0p54__z1p10__lam0p020__nu0p50__psi0p75,hardzero_plus_depr,0.1,30,1097,0.0,3,0.256575,0.256575,0.9704555,0.1070396,0.1070396,1.0,2.3098101e-09,2.1579025e-08,-27.023035,2.1350448,0.7116816,0.2,0.0,0.15707643,20.465279,20.48528,3513600
hardzero_plus_depr__c0p54__z1p10__lam0p020__nu0p50__psi0p75,hardzero_plus_depr,0.1,30,1098,0.0,3,0.256575,0.256575,0.98771834,0.10286831,0.10286831,1.0,2.1867488e-09,2.125775e-08,-26.949594,2.1730237,0.7243413,0.16800001,0.0,0.15213051,20.48528,20.50528,3516800
hardzero_plus_depr__c0p54__z1p10__lam0p020__nu0p50__psi0p75,hardzero_plus_depr,0.1,30,1099,0.0,3,0.256575,0.256575,1.0127362,0.09710996,0.09710996,1.0,2.0336044e-09,2.0941256e-08,-27.357424,2.228064,0.74268806,0.14400001,0.0,0.17999786,20.50528,20.52528,3520000
hardzero_plus_depr__c0p54__z1p10__lam0p020__nu0p50__psi0p75,hardzero_plus_depr,0.1,30,1100,0.0,3,0.256575,0.256575,0.9548793,0.11094831,0.11094831,1.0,2.2888051e-09,2.0629473e-08,-26.523727,2.1007764,0.70025885,0.192,0.008,0.16170955,20.52528,20.54528,3523200
hardzero_plus_depr__c0p54__z1p10__lam0p020__nu0p50__psi0p75,hardzero_plus_depr,0.1,30,1101,0.0,3,0.256575,0.256575,0.9937611,0.10144691,0.10144691,1.0,2.0616377e-09,2.0322332e-08,-27.58264,2.1863182,0.72877276,0.128,0.0,0.16280043,20.54528,20.56528,3526400
hardzero_plus_depr__c0p54__z1p10__lam0p020__nu0p50__psi0p75,hardzero_plus_depr,0.1,30,1102,0.0,3,0.256575,0.256575,0.9878965,0.10282612,0.10282612,1.0,2.0585549e-09,2.0019767e-08,-26.917416,2.1734157,0.7244719,0.15200001,0.0,0.15489604,20.56528,20.585281,3529600
hardzero_plus_depr__c0p54__z1p10__lam0p020__nu0p50__psi0p75,hardzero_plus_depr,0.1,30,1103,0.0,3,0.256575,0.256575,0.9420218,0.11428211,0.11428211,1.0,2.2538378e-09,1.9721703e-08,-25.851017,2.0724893,0.69082975,0.216,0.0,0.14535634,20.585281,20.605282,3532800
hardzero_plus_depr__c0p54__z1p10__lam0p020__nu0p50__psi0p75,hardzero_plus_depr,0.1,30,1104,0.0,3,0.256575,0.256575,1.0023437,0.099461816,0.099461816,1.0,1.932352e-09,1.9428079e-08,-26.401657,2.2052002,0.7350668,0.2,0.0,0.1488862,20.605282,20.625282,3536000
hardzero_plus_depr__c0p54__z1p10__lam0p020__nu0p50__psi0p75,hardzero_plus_depr,0.1,30,1105,0.0,3,0.256575,0.256575,0.9321434,0.11691134,0.11691134,1.0,2.2375457e-09,1.9138826e-08,-26.68875,2.0507565,0.6835855,0.24,0.0,0.15798162,20.625282,20.645283,3539200
hardzero_plus_depr__c0p54__z1p10__lam0p020__nu0p50__psi0p75,hardzero_plus_depr,0.1,30,1106,0.0,3,0.256575,0.256575,1.0286479,0.093616426,0.093616426,1.0,1.7650329e-09,1.885388e-08,-26.729908,2.2630706,0.75435686,0.16000001,0.0,0.15725315,20.645283,20.665283,3542400
hardzero_plus_depr__c0p54__z1p10__lam0p020__nu0p50__psi0p75,hardzero_plus_depr,0.1,30,1107,0.0,3,0.256575,0.256575,1.013989,0.09683024,0.09683024,1.0,1.7984451e-09,1.8573175e-08,-26.737967,2.2308202,0.74360675,0.14400001,0.0,0.17116311,20.665283,20.685284,3545600
hardzero_plus_depr__c0p54__z1p10__lam0p020__nu0p50__psi0p75,hardzero_plus_depr,0.1,30,1108,0.0,3,0.256575,0.256575,1.0023576,0.09945861,0.09945861,1.0,1.8197596e-09,1.8296651e-08,-27.291956,2.2052307,0.7350769,0.17600001,0.0,0.14132455,20.685284,20.705284,3548800
hardzero_plus_depr__c0p54__z1p10__lam0p020__nu0p50__psi0p75,hardzero_plus_depr,0.1,30,1109,0.0,3,0.256575,0.256575,1.0196317,0.09558027,0.09558027,1.0,1.722762e-09,1.8024243e-08,-27.713884,2.2432346,0.7477449,0.136,0.0,0.18711162,20.705284,20.725285,3552000
hardzero_plus_depr__c0p54__z1p10__lam0p020__nu0p50__psi0p75,hardzero_plus_depr,0.1,30,1110,0.0,3,0.256575,0.256575,1.0166976,0.09622818,0.09622818,1.0,1.7086171e-09,1.7755891e-08,-27.391172,2.2367795,0.7455932,0.216,0.0,0.16352835,20.725285,20.745285,3555200
hardzero_plus_depr__c0p54__z1p10__lam0p020__nu0p50__psi0p75,hardzero_plus_depr,0.1,30,1111,0.0,3,0.256575,0.256575,0.9829839,0.10399587,0.10399587,1.0,1.8190474e-09,1.7491535e-08,-27.141964,2.1626077,0.72086924,0.18400002,0.0,0.16176182,20.745285,20.765285,3558400
hardzero_plus_depr__c0p54__z1p10__lam0p020__nu0p50__psi0p75,hardzero_plus_depr,0.1,30,1112,0.0,3,0.256575,0.256575,0.962674,0.10897478,0.10897478,1.0,1.8777568e-09,1.7231114e-08,-26.765478,2.1179252,0.70597506,0.216,0.0,0.17278667,20.765285,20.785286,3561600
hardzero_plus_depr__c0p54__z1p10__lam0p020__nu0p50__psi0p75,hardzero_plus_depr,0.1,30,1113,0.0,3,0.256575,0.256575,0.9983609,0.100378126,0.100378126,1.0,1.7038756e-09,1.6974571e-08,-26.738493,2.1964378,0.73214597,0.2,0.0,0.15621641,20.785286,20.805286,3564800
hardzero_plus_depr__c0p54__z1p10__lam0p020__nu0p50__psi0p75,hardzero_plus_depr,0.1,30,1114,0.0,3,0.256575,0.256575,1.0096818,0.09779532,0.09779532,1.0,1.6353182e-09,1.6721845e-08,-27.251911,2.2213442,0.7404481,0.16800001,0.0,0.15886188,20.805286,20.825287,3568000
hardzero_plus_depr__c0p54__z1p10__lam0p020__nu0p50__psi0p75,hardzero_plus_depr,0.1,30,1115,0.0,3,0.256575,0.256575,1.0719001,0.08474222,0.08474222,1.0,1.3959487e-09,1.6472884e-08,-28.594694,2.3582275,0.78607583,0.17600001,0.0,0.25817972,20.825287,20.845287,3571200
hardzero_plus_depr__c0p54__z1p10__lam0p020__nu0p50__psi0p75,hardzero_plus_depr,0.1,30,1116,0.0,3,0.256575,0.256575,0.9578446,0.11019335,0.11019335,1.0,1.7881768e-09,1.6227629e-08,-26.311426,2.1073003,0.70243347,0.16000001,0.0,0.13456884,20.845287,20.865288,3574400
hardzero_plus_depr__c0p54__z1p10__lam0p020__nu0p50__psi0p75,hardzero_plus_depr,0.1,30,1117,0.0,3,0.256575,0.256575,0.9662708,0.10807599,0.10807599,1.0,1.7277055e-09,1.5986025e-08,-26.672039,2.1258383,0.7086128,0.208,0.0,0.12662774,20.865288,20.885288,3577600
hardzero_plus_depr__c0p54__z1p10__lam0p020__nu0p50__psi0p75,hardzero_plus_depr,0.1,30,1118,0.0,3,0.256575,0.256575,0.96625197,0.10808068,0.10808068,1.0,1.7020566e-09,1.574802e-08,-26.052101,2.1257968,0.708599,0.12,0.0,0.16813773,20.885288,20.905289,3580800
hardzero_plus_depr__c0p54__z1p10__lam0p020__nu0p50__psi0p75,hardzero_plus_depr,0.1,30,1119,0.0,3,0.256575,0.256575,0.9882476,0.102743044,0.102743044,1.0,1.5939099e-09,1.5513555e-08,-27.408846,2.1741881,0.7247294,0.2,0.008,0.14304811,20.905289,20.92529,3584000
hardzero_plus_depr__c0p54__z1p10__lam0p020__nu0p50__psi0p75,hardzero_plus_depr,0.1,30,1120,0.0,3,0.256575,0.256575,0.9442518,0.11369679,0.11369679,1.0,1.7375807e-09,1.5282584e-08,-26.17467,2.0773954,0.6924652,0.2,0.0,0.16426499,20.92529,20.94529,3587200
hardzero_plus_depr__c0p54__z1p10__lam0p020__nu0p50__psi0p75,hardzero_plus_depr,0.1,30,1121,0.0,3,0.256575,0.256575,0.98952824,0.10244053,0.10244053,1.0,1.5422473e-09,1.505505e-08,-26.737442,2.1770055,0.72566855,0.192,0.0,0.15197067,20.94529,20.96529,3590400
hardzero_plus_depr__c0p54__z1p10__lam0p020__nu0p50__psi0p75,hardzero_plus_depr,0.1,30,1122,0.0,3,0.256575,0.256575,0.9469916,0.11298176,0.11298176,1.0,1.6756218e-09,1.4830905e-08,-26.280418,2.0834231,0.6944744,0.18400002,0.0,0.15842307,20.96529,20.98529,3593600
hardzero_plus_depr__c0p54__z1p10__lam0p020__nu0p50__psi0p75,hardzero_plus_depr,0.1,30,1123,0.0,3,0.256575,0.256575,0.9926629,0.10170378,0.10170378,1.0,1.4859021e-09,1.4610097e-08,-26.68403,2.183902,0.7279674,0.120000005,0.0,0.13383614,20.98529,21.005291,3596800
hardzero_plus_depr__c0p54__z1p10__lam0p020__nu0p50__psi0p75,hardzero_plus_depr,0.1,30,1124,0.0,3,0.256575,0.256575,0.98914295,0.10253144,0.10253144,1.0,1.4756915e-09,1.4392575e-08,-25.817251,2.176158,0.725386,0.208,0.0,0.13701022,21.005291,21.025291,3600000
hardzero_plus_depr__c0p54__z1p10__lam0p020__nu0p50__psi0p75,hardzero_plus_depr,0.1,30,1125,0.0,3,0.256575,0.256575,0.9670147,0.10789103,0.10789103,1.0,1.5297107e-09,1.4178293e-08,-25.460102,2.1274748,0.7091583,0.224,0.0,0.13776617,21.025291,21.045292,3603200
hardzero_plus_depr__c0p54__z1p10__lam0p020__nu0p50__psi0p75,hardzero_plus_depr,0.1,30,1126,0.0,3,0.256575,0.256575,1.0116388,0.09735567,0.09735567,1.0,1.3597863e-09,1.3967202e-08,-27.06032,2.2256498,0.7418833,0.104,0.0,0.16237521,21.045292,21.065292,3606400
hardzero_plus_depr__c0p54__z1p10__lam0p020__nu0p50__psi0p75,hardzero_plus_depr,0.1,30,1127,0.0,3,0.256575,0.256575,1.0276396,0.093834035,0.093834035,1.0,1.2910861e-09,1.3759252e-08,-27.36716,2.2608523,0.75361747,0.136,0.0,0.1584767,21.065292,21.085293,3609600
hardzero_plus_depr__c0p54__z1p10__lam0p020__nu0p50__psi0p75,hardzero_plus_depr,0.1,30,1128,0.0,3,0.256575,0.256575,1.0668236,0.0857386,0.0857386,1.0,1.1621353e-09,1.35544e-08,-28.042469,2.3470588,0.7823529,0.136,0.0,0.15897547,21.085293,21.105293,3612800
hardzero_plus_depr__c0p54__z1p10__lam0p020__nu0p50__psi0p75,hardzero_plus_depr,0.1,30,1129,0.0,3,0.256575,0.256575,1.0010777,0.099752165,0.099752165,1.0,1.3319502e-09,1.3352595e-08,-28.220291,2.2024148,0.73413825,0.2,0.008,0.16748023,21.105293,21.125294,3616000
hardzero_plus_depr__c0p54__z1p10__lam0p020__nu0p50__psi0p75,hardzero_plus_depr,0.1,30,1130,0.0,3,0.256575,0.256575,0.9809747,0.10447812,0.10447812,1.0,1.374284e-09,1.3153797e-08,-26.916252,2.1581874,0.7193958,0.16800001,0.0,0.15358965,21.125294,21.145294,3619200
hardzero_plus_depr__c0p54__z1p10__lam0p020__nu0p50__psi0p75,hardzero_plus_depr,0.1,30,1131,0.0,3,0.256575,0.256575,0.9894089,0.10246867,0.10246867,1.0,1.3277847e-09,1.2957957e-08,-26.696957,2.176743,0.72558105,0.14999999,0.01,0.14526513,21.145294,21.165295,3622400
hardzero_plus_depr__c0p54__z1p10__lam0p020__nu0p50__psi0p75,hardzero_plus_depr,0.1,30,1132,0.0,3,0.256575,0.256575,1.0183249,0.09586832,0.09586832,1.0,1.2237624e-09,1.2765035e-08,-27.369694,2.2403593,0.7467865,0.192,0.0,0.16220486,21.165295,21.185295,3625600
hardzero_plus_depr__c0p54__z1p10__lam0p020__nu0p50__psi0p75,hardzero_plus_depr,0.1,30,1133,0.0,3,0.256575,0.256575,0.9757774,0.105735935,0.105735935,1.0,1.3296276e-09,1.2574984e-08,-25.77643,2.146753,0.7155844,0.216,0.0,0.14212762,21.185295,21.205296,3628800
hardzero_plus_depr__c0p54__z1p10__lam0p020__nu0p50__psi0p75,hardzero_plus_depr,0.1,30,1134,0.0,3,0.256575,0.256575,0.98762435,0.10289059,0.10289059,1.0,1.2745842e-09,1.2387763e-08,-26.817148,2.172817,0.7242724,0.18400002,0.0,0.15972403,21.205296,21.225296,3632000
hardzero_plus_depr__c0p54__z1p10__lam0p020__nu0p50__psi0p75,hardzero_plus_depr,0.1,30,1135,0.0,3,0.256575,0.256575,1.0053145,0.09878375,0.09878375,1.0,1.2054906e-09,1.2203329e-08,-27.023066,2.211736,0.7372453,0.136,0.0,0.15414298,21.225296,21.245296,3635200
hardzero_plus_depr__c0p54__z1p10__lam0p020__nu0p50__psi0p75,hardzero_plus_depr,0.1,30,1136,0.0,3,0.256575,0.256575,1.033659,0.09254245,0.09254245,1.0,1.1125121e-09,1.20216415e-08,-27.62725,2.274095,0.7580317,0.15200001,0.0,0.19499129,21.245296,21.265297,3638400
hardzero_plus_depr__c0p54__z1p10__lam0p020__nu0p50__psi0p75,hardzero_plus_depr,0.1,30,1137,0.0,3,0.256575,0.256575,1.0182724,0.095879905,0.095879905,1.0,1.1354728e-09,1.18426575e-08,-27.723299,2.240244,0.746748,0.192,0.0,0.17038497,21.265297,21.285297,3641600
hardzero_plus_depr__c0p54__z1p10__lam0p020__nu0p50__psi0p75,hardzero_plus_depr,0.1,30,1138,0.0,3,0.256575,0.256575,0.95138884,0.1118436,0.1118436,1.0,1.3048055e-09,1.166634e-08,-26.59113,2.0930972,0.69769907,0.16000001,0.0,0.15086015,21.285297,21.305298,3644800
hardzero_plus_depr__c0p54__z1p10__lam0p020__nu0p50__psi0p75,hardzero_plus_depr,0.1,30,1139,0.0,3,0.256575,0.256575,1.0579128,0.08751594,0.08751594,1.0,1.0057898e-09,1.1492647e-08,-27.573198,2.3274548,0.7758183,0.14400001,0.0,0.15852791,21.305298,21.325298,3648000
hardzero_plus_depr__c0p54__z1p10__lam0p020__nu0p50__psi0p75,hardzero_plus_depr,0.1,30,1140,0.0,3,0.256575,0.256575,1.0279843,0.09375959,0.09375959,1.0,1.0615028e-09,1.1321538e-08,-27.086372,2.2616105,0.7538702,0.14400001,0.0,0.13660927,21.325298,21.345299,3651200
hardzero_plus_depr__c0p54__z1p10__lam0p020__nu0p50__psi0p75,hardzero_plus_depr,0.1,30,1141,0.0,3,0.256575,0.256575,0.9490001,0.11246047,0.11246047,1.0,1.2542694e-09,1.115298e-08,-26.350048,2.087842,0.69594735,0.18400002,0.0,0.15909018,21.345299,21.3653,3654400
hardzero_plus_depr__c0p54__z1p10__lam0p020__nu0p50__psi0p75,hardzero_plus_depr,0.1,30,1142,0.0,3,0.256575,0.256575,1.0306723,0.09318107,0.09318107,1.0,1.023773e-09,1.0986919e-08,-27.237099,2.2675242,0.75584143,0.128,0.0,0.1576146,21.3653,21.3853,3657600
hardzero_plus_depr__c0p54__z1p10__lam0p020__nu0p50__psi0p75,hardzero_plus_depr,0.1,30,1143,0.0,3,0.256575,0.256575,0.994004,0.101390205,0.101390205,1.0,1.0973819e-09,1.0823352e-08,-26.67829,2.1868525,0.72895086,0.17600001,0.0,0.15249456,21.3853,21.4053,3660800
hardzero_plus_depr__c0p54__z1p10__lam0p020__nu0p50__psi0p75,hardzero_plus_depr,0.1,30,1144,0.0,3,0.256575,0.256575,1.0390553,0.091399685,0.091399685,1.0,9.745235e-10,1.06622196e-08,-27.975737,2.2859674,0.7619891,0.14,0.0,0.15805471,21.4053,21.4253,3664000
hardzero_plus_depr__c0p54__z1p10__lam0p020__nu0p50__psi0p75,hardzero_plus_depr,0.1,30,1145,0.0,3,0.256575,0.256575,0.96970063,0.1072258,0.1072258,1.0,1.1262424e-09,1.0503466e-08,-26.064161,2.133384,0.711128,0.15200001,0.0,0.13817902,21.4253,21.445301,3667200
hardzero_plus_depr__c0p54__z1p10__lam0p020__nu0p50__psi0p75,hardzero_plus_depr,0.1,30,1146,0.0,3,0.256575,0.256575,0.95330125,0.11135217,0.11135217,1.0,1.1521695e-09,1.0347077e-08,-25.969944,2.0973046,0.69910157,0.15200001,0.0,0.13746412,21.445301,21.465302,3670400
hardzero_plus_depr__c0p54__z1p10__lam0p020__nu0p50__psi0p75,hardzero_plus_depr,0.1,30,1147,0.0,3,0.256575,0.256575,0.9798942,0.10473835,0.10473835,1.0,1.0676017e-09,1.0193035e-08,-26.761316,2.1558104,0.7186035,0.16000001,0.008,0.13986501,21.465302,21.485302,3673600
hardzero_plus_depr__c0p54__z1p10__lam0p020__nu0p50__psi0p75,hardzero_plus_depr,0.1,30,1148,0.0,3,0.256575,0.256575,1.0024738,0.099431984,0.099431984,1.0,9.98425e-10,1.0041286e-08,-26.293356,2.2054865,0.7351622,0.112,0.0,0.15202539,21.485302,21.505302,3676800
hardzero_plus_depr__c0p54__z1p10__lam0p020__nu0p50__psi0p75,hardzero_plus_depr,0.1,30,1149,0.0,3,0.256575,0.256575,1.0170306,0.09615445,0.09615445,1.0,9.511386e-10,9.891779e-09,-26.7526,2.237512,0.7458374,0.14400001,0.0,0.19697689,21.505302,21.525303,3680000
hardzero_plus_depr__c0p54__z1p10__lam0p020__nu0p50__psi0p75,hardzero_plus_depr,0.1,30,1150,0.0,3,0.256575,0.256575,1.0059296,0.09864395,0.09864395,1.0,9.612355e-10,9.744496e-09,-27.44197,2.2130892,0.7376964,0.128,0.0,0.16227415,21.525303,21.545303,3683200
hardzero_plus_depr__c0p54__z1p10__lam0p020__nu0p50__psi0p75,hardzero_plus_depr,0.1,30,1151,0.0,3,0.256575,0.256575,1.0514829,0.088821284,0.088821284,1.0,8.526333e-10,9.599425e-09,-27.20661,2.3133087,0.7711029,0.14400001,0.0,0.14846988,21.545303,21.565304,3686400
hardzero_plus_depr__c0p54__z1p10__lam0p020__nu0p50__psi0p75,hardzero_plus_depr,0.1,30,1152,0.0,3,0.256575,0.256575,1.0431669,0.09053845,0.09053845,1.0,8.5617824e-10,9.456516e-09,-27.991377,2.295013,0.76500434,0.18400002,0.0,0.16375221,21.565304,21.585304,3689600
hardzero_plus_depr__c0p54__z1p10__lam0p020__nu0p50__psi0p75,hardzero_plus_depr,0.1,30,1153,0.0,3,0.256575,0.256575,1.0159329,0.09639779,0.09639779,1.0,8.9801416e-10,9.3157135e-09,-27.722574,2.2350972,0.7450324,0.16000001,0.0,0.1755338,21.585304,21.605305,3692800
hardzero_plus_depr__c0p54__z1p10__lam0p020__nu0p50__psi0p75,hardzero_plus_depr,0.1,30,1154,0.0,3,0.256575,0.256575,0.9218319,0.11972036,0.11972036,1.0,1.0986748e-09,9.1770085e-09,-25.44624,2.0280707,0.6760236,0.216,0.0,0.14122076,21.605305,21.625305,3696000
hardzero_plus_depr__c0p54__z1p10__lam0p020__nu0p50__psi0p75,hardzero_plus_depr,0.1,30,1155,0.0,3,0.256575,0.256575,1.0302883,0.093263485,0.093263485,1.0,8.431379e-10,9.040386e-09,-26.326809,2.2666795,0.75555986,0.112,0.0,0.16733915,21.625305,21.645306,3699200
hardzero_plus_depr__c0p54__z1p10__lam0p020__nu0p50__psi0p75,hardzero_plus_depr,0.1,30,1156,0.0,3,0.256575,0.256575,1.0245632,0.094501086,0.094501086,1.0,8.4160756e-10,8.905798e-09,-26.766413,2.254084,0.75136137,0.120000005,0.0,0.17405577,21.645306,21.665306,3702400
hardzero_plus_depr__c0p54__z1p10__lam0p020__nu0p50__psi0p75,hardzero_plus_depr,0.1,30,1157,0.0,3,0.256575,0.256575,1.0186062,0.09580623,0.09580623,1.0,8.405269e-10,8.773196e-09,-27.231514,2.2409782,0.74699277,0.17999999,0.0,0.14997047,21.665306,21.685307,3705600
hardzero_plus_depr__c0p54__z1p10__lam0p020__nu0p50__psi0p75,hardzero_plus_depr,0.1,30,1158,0.0,3,0.256575,0.256575,1.0098978,0.0977467,0.0977467,1.0,8.4478263e-10,8.642569e-09,-27.152143,2.2218196,0.74060655,0.15200001,0.0,0.18104999,21.685307,21.705307,3708800
hardzero_plus_depr__c0p54__z1p10__lam0p020__nu0p50__psi0p75,hardzero_plus_depr,0.1,30,1159,0.0,3,0.256575,0.256575,1.0142457,0.096773,0.096773,1.0,8.2391594e-10,8.513903e-09,-27.599669,2.2313852,0.7437951,0.16800001,0.0,0.14816378,21.705307,21.725307,3712000
hardzero_plus_depr__c0p54__z1p10__lam0p020__nu0p50__psi0p75,hardzero_plus_depr,0.1,30,1160,0.0,3,0.256575,0.256575,0.9792748,0.10488786,0.10488786,1.0,8.797105e-10,8.387153e-09,-26.311718,2.1544476,0.7181492,0.23200001,0.0,0.17974651,21.725307,21.745308,3715200
hardzero_plus_depr__c0p54__z1p10__lam0p020__nu0p50__psi0p75,hardzero_plus_depr,0.1,30,1161,0.0,3,0.256575,0.256575,0.95871216,0.10997343,0.10997343,1.0,9.0863056e-10,8.2622735e-09,-27.04176,2.1092088,0.7030696,0.128,0.0,0.17332943,21.745308,21.765308,3718400
hardzero_plus_depr__c0p54__z1p10__lam0p020__nu0p50__psi0p75,hardzero_plus_depr,0.1,30,1162,0.0,3,0.256575,0.256575,1.0089724,0.09795522,0.09795522,1.0,7.972824e-10,8.139254e-09,-26.75329,2.2197835,0.7399279,0.16000001,0.0,0.13298215,21.765308,21.785309,3721600
hardzero_plus_depr__c0p54__z1p10__lam0p020__nu0p50__psi0p75,hardzero_plus_depr,0.1,30,1163,0.0,3,0.256575,0.256575,0.95366395,0.11125924,0.11125924,1.0,8.920856e-10,8.018081e-09,-26.136393,2.0981026,0.6993675,0.216,0.0,0.13888666,21.785309,21.80531,3724800
hardzero_plus_depr__c0p54__z1p10__lam0p020__nu0p50__psi0p75,hardzero_plus_depr,0.1,30,1164,0.0,3,0.256575,0.256575,0.9670586,0.10788013,0.10788013,1.0,8.5211405e-10,7.898712e-09,-26.43424,2.1275713,0.7091905,0.18400002,0.0,0.14570259,21.80531,21.82531,3728000
hardzero_plus_depr__c0p54__z1p10__lam0p020__nu0p50__psi0p75,hardzero_plus_depr,0.1,30,1165,0.0,3,0.256575,0.256575,0.9997879,0.10004884,0.10004884,1.0,7.784906e-10,7.7811055e-09,-27.126057,2.1995773,0.73319244,0.112,0.0,0.15832512,21.82531,21.84531,3731200
hardzero_plus_depr__c0p54__z1p10__lam0p020__nu0p50__psi0p75,hardzero_plus_depr,0.1,30,1166,0.0,3,0.256575,0.256575,0.96391696,0.10866334,0.10866334,1.0,8.3293167e-10,7.66525e-09,-26.257677,2.1206596,0.70688653,0.16800001,0.008,0.14912906,21.84531,21.86531,3734400
hardzero_plus_depr__c0p54__z1p10__lam0p020__nu0p50__psi0p75,hardzero_plus_depr,0.1,30,1167,0.0,3,0.256575,0.256575,1.0208955,0.09530255,0.09530255,1.0,7.196424e-10,7.551135e-09,-27.382885,2.2460148,0.74867165,0.15200001,0.0,0.15803933,21.86531,21.885311,3737600
hardzero_plus_depr__c0p54__z1p10__lam0p020__nu0p50__psi0p75,hardzero_plus_depr,0.1,30,1168,0.0,3,0.256575,0.256575,1.0066993,0.098469265,0.098469265,1.0,7.3248496e-10,7.4387168e-09,-26.794847,2.2147827,0.7382609,0.192,0.0,0.16135925,21.885311,21.905312,3740800
hardzero_plus_depr__c0p54__z1p10__lam0p020__nu0p50__psi0p75,hardzero_plus_depr,0.1,30,1169,0.0,3,0.256575,0.256575,0.97762346,0.10528743,0.10528743,1.0,7.7154205e-10,7.3279596e-09,-26.430279,2.1508145,0.7169382,0.16000001,0.0,0.14817587,21.905312,21.925312,3744000
hardzero_plus_depr__c0p54__z1p10__lam0p020__nu0p50__psi0p75,hardzero_plus_depr,0.1,30,1170,0.0,3,0.256575,0.256575,1.0217067,0.09512469,0.09512469,1.0,6.86691e-10,7.218851e-09,-26.886223,2.2477996,0.74926656,0.04,0.0,0.15834811,21.925312,21.945312,3747200
hardzero_plus_depr__c0p54__z1p10__lam0p020__nu0p50__psi0p75,hardzero_plus_depr,0.1,30,1171,0.0,3,0.256575,0.256575,0.9579026,0.110178635,0.110178635,1.0,7.835222e-10,7.1113804e-09,-26.444506,2.1074278,0.70247597,0.16800001,0.0,0.15310407,21.945312,21.965313,3750400
hardzero_plus_depr__c0p54__z1p10__lam0p020__nu0p50__psi0p75,hardzero_plus_depr,0.1,30,1172,0.0,3,0.256575,0.256575,1.040507,0.09109468,0.09109468,1.0,6.3816474e-10,7.0055104e-09,-28.41572,2.289161,0.76305366,0.136,0.0,0.16403438,21.965313,21.985313,3753600
hardzero_plus_depr__c0p54__z1p10__lam0p020__nu0p50__psi0p75,hardzero_plus_depr,0.1,30,1173,0.0,3,0.256575,0.256575,0.9839774,0.10375824,0.10375824,1.0,7.1605666e-10,6.9012027e-09,-27.022045,2.1647935,0.72159785,0.15200001,0.0,0.17051257,21.985313,22.005314,3756800
hardzero_plus_depr__c0p54__z1p10__lam0p020__nu0p50__psi0p75,hardzero_plus_depr,0.1,30,1174,0.0,3,0.256575,0.256575,0.9845188,0.10362896,0.10362896,1.0,7.045162e-10,6.798449e-09,-26.686495,2.1659846,0.7219949,0.15200001,0.0,0.15862444,22.005314,22.025314,3760000
hardzero_plus_depr__c0p54__z1p10__lam0p020__nu0p50__psi0p75,hardzero_plus_depr,0.1,30,1175,0.0,3,0.256575,0.256575,1.0070423,0.09839152,0.09839152,1.0,6.5895134e-10,6.697237e-09,-28.115078,2.2155373,0.73851246,0.208,0.0,0.18481568,22.025314,22.045315,3763200
hardzero_plus_depr__c0p54__z1p10__lam0p020__nu0p50__psi0p75,hardzero_plus_depr,0.1,30,1176,0.0,3,0.256575,0.256575,0.9931364,0.10159295,0.10159295,1.0,6.702627e-10,6.5975314e-09,-26.968504,2.1849437,0.7283146,0.120000005,0.0,0.16322981,22.045315,22.065315,3766400
hardzero_plus_depr__c0p54__z1p10__lam0p020__nu0p50__psi0p75,hardzero_plus_depr,0.1,30,1177,0.0,3,0.256575,0.256575,1.0287762,0.09358878,0.09358878,1.0,6.0826144e-10,6.499299e-09,-27.434595,2.2633529,0.754451,0.096,0.0,0.19035134,22.065315,22.085316,3769600
hardzero_plus_depr__c0p54__z1p10__lam0p020__nu0p50__psi0p75,hardzero_plus_depr,0.1,30,1178,0.0,3,0.256575,0.256575,1.0130124,0.09704824,0.09704824,1.0,6.2135413e-10,6.4025287e-09,-27.378098,2.2286718,0.7428906,0.104,0.0,0.1679227,22.085316,22.105316,3772800
hardzero_plus_depr__c0p54__z1p10__lam0p020__nu0p50__psi0p75,hardzero_plus_depr,0.1,30,1179,0.0,3,0.256575,0.256575,1.0123842,0.09718871,0.09718871,1.0,6.1298977e-10,6.3072116e-09,-26.599564,2.2272897,0.7424299,0.17600001,0.0,0.16220002,22.105316,22.125317,3776000
hardzero_plus_depr__c0p54__z1p10__lam0p020__nu0p50__psi0p75,hardzero_plus_depr,0.1,30,1180,0.0,3,0.256575,0.256575,1.0222874,0.094997585,0.094997585,1.0,5.902497e-10,6.2133125e-09,-26.98745,2.249077,0.7496924,0.192,0.0,0.16555639,22.125317,22.145317,3779200
hardzero_plus_depr__c0p54__z1p10__lam0p020__nu0p50__psi0p75,hardzero_plus_depr,0.1,30,1181,0.0,3,0.256575,0.256575,1.009851,0.09775726,0.09775726,1.0,5.983527e-10,6.1208008e-09,-27.763168,2.2217164,0.74057215,0.15200001,0.0,0.14920858,22.145317,22.165318,3782400
hardzero_plus_depr__c0p54__z1p10__lam0p020__nu0p50__psi0p75,hardzero_plus_depr,0.1,30,1182,0.0,3,0.256575,0.256575,0.9796868,0.1047884,0.1047884,1.0,6.31839e-10,6.0296657e-09,-26.97683,2.155354,0.7184514,0.14400001,0.0,0.13729544,22.165318,22.185318,3785600
hardzero_plus_depr__c0p54__z1p10__lam0p020__nu0p50__psi0p75,hardzero_plus_depr,0.1,30,1183,0.0,3,0.256575,0.256575,1.0349987,0.092257425,0.092257425,1.0,5.4799987e-10,5.9399e-09,-27.649214,2.2770424,0.7590141,0.12,0.0,0.16633573,22.185318,22.205318,3788800
hardzero_plus_depr__c0p54__z1p10__lam0p020__nu0p50__psi0p75,hardzero_plus_depr,0.1,30,1184,0.0,3,0.256575,0.256575,0.9775323,0.10530953,0.10530953,1.0,6.162156e-10,5.85147e-09,-27.02555,2.150614,0.7168714,0.18400002,0.0,0.15709257,22.205318,22.225319,3792000
hardzero_plus_depr__c0p54__z1p10__lam0p020__nu0p50__psi0p75,hardzero_plus_depr,0.1,30,1185,0.0,3,0.256575,0.256575,1.0466137,0.08982274,0.08982274,1.0,5.1776927e-10,5.764345e-09,-27.682016,2.302596,0.76753205,0.136,0.0,0.16646871,22.225319,22.24532,3795200
hardzero_plus_depr__c0p54__z1p10__lam0p020__nu0p50__psi0p75,hardzero_plus_depr,0.1,30,1186,0.0,3,0.256575,0.256575,0.97828805,0.105126426,0.105126426,1.0,5.9696237e-10,5.6785185e-09,-27.517658,2.1522768,0.7174256,0.18400002,0.0,0.1659082,22.24532,22.26532,3798400
hardzero_plus_depr__c0p54__z1p10__lam0p020__nu0p50__psi0p75,hardzero_plus_depr,0.1,30,1187,0.0,3,0.256575,0.256575,1.0168506,0.096194305,0.096194305,1.0,5.3810895e-10,5.5939795e-09,-26.678822,2.237116,0.74570537,0.128,0.0,0.16580142,22.26532,22.28532,3801600
hardzero_plus_depr__c0p54__z1p10__lam0p020__nu0p50__psi0p75,hardzero_plus_depr,0.1,30,1188,0.0,3,0.256575,0.256575,0.96544266,0.10828227,0.10828227,1.0,5.96711e-10,5.510699e-09,-26.329275,2.1240163,0.7080054,0.2,0.0,0.15784629,22.28532,22.30532,3804800
hardzero_plus_depr__c0p54__z1p10__lam0p020__nu0p50__psi0p75,hardzero_plus_depr,0.1,30,1189,0.0,3,0.256575,0.256575,1.0463686,0.08987345,0.08987345,1.0,4.878914e-10,5.428649e-09,-28.425966,2.3020568,0.7673523,0.112,0.0,0.16934107,22.30532,22.325321,3808000
hardzero_plus_depr__c0p54__z1p10__lam0p020__nu0p50__psi0p75,hardzero_plus_depr,0.1,30,1190,0.0,3,0.256575,0.256575,0.94206685,0.114270225,0.114270225,1.0,6.1109656e-10,5.3478195e-09,-25.912287,2.0725884,0.69086283,0.216,0.0,0.13251187,22.325321,22.345322,3811200
hardzero_plus_depr__c0p54__z1p10__lam0p020__nu0p50__psi0p75,hardzero_plus_depr,0.1,30,1191,0.0,3,0.256575,0.256575,0.9726135,0.106509045,0.106509045,1.0,5.611114e-10,5.268204e-09,-25.828808,2.1397924,0.71326417,0.16800001,0.0,0.14202553,22.345322,22.365322,3814400
hardzero_plus_depr__c0p54__z1p10__lam0p020__nu0p50__psi0p75,hardzero_plus_depr,0.1,30,1192,0.0,3,0.256575,0.256575,1.014131,0.09679859,0.09679859,1.0,5.023629e-10,5.1897744e-09,-28.84678,2.2311327,0.74371094,0.16000001,0.0,0.14742786,22.365322,22.385323,3817600
hardzero_plus_depr__c0p54__z1p10__lam0p020__nu0p50__psi0p75,hardzero_plus_depr,0.1,30,1193,0.0,3,0.256575,0.256575,0.96863776,0.10748855,0.10748855,1.0,5.495354e-10,5.112502e-09,-25.924545,2.1310456,0.71034855,0.15200001,0.0,0.16306663,22.385323,22.405323,3820800
hardzero_plus_depr__c0p54__z1p10__lam0p020__nu0p50__psi0p75,hardzero_plus_depr,0.1,30,1194,0.0,3,0.256575,0.256575,1.0199578,0.09550854,0.09550854,1.0,4.810173e-10,5.0363798e-09,-26.95284,2.2439518,0.74798393,0.112,0.0,0.13300185,22.405323,22.425323,3824000
hardzero_plus_depr__c0p54__z1p10__lam0p020__nu0p50__psi0p75,hardzero_plus_depr,0.1,30,1195,0.0,3,0.256575,0.256575,0.9347105,0.11622229,0.11622229,1.0,5.766254e-10,4.961401e-09,-25.548897,2.056404,0.6854681,0.136,0.0,0.12634356,22.425323,22.445324,3827200
hardzero_plus_depr__c0p54__z1p10__lam0p020__nu0p50__psi0p75,hardzero_plus_depr,0.1,30,1196,0.0,3,0.256575,0.256575,1.0483924,0.08945562,0.08945562,1.0,4.3721782e-10,4.887539e-09,-27.66435,2.3065095,0.7688365,0.14,0.0,0.15275459,22.445324,22.465324,3830400
hardzero_plus_depr__c0p54__z1p10__lam0p020__nu0p50__psi0p75,hardzero_plus_depr,0.1,30,1197,0.0,3,0.256575,0.256575,0.9986277,0.10031648,0.10031648,1.0,4.830004e-10,4.8147664e-09,-26.507889,2.1970248,0.73234165,0.15200001,0.0,0.16196369,22.465324,22.485325,3833600
hardzero_plus_depr__c0p54__z1p10__lam0p020__nu0p50__psi0p75,hardzero_plus_depr,0.1,30,1198,0.0,3,0.256575,0.256575,1.0157791,0.09643192,0.09643192,1.0,4.5738408e-10,4.7430775e-09,-27.394403,2.2347589,0.74491966,0.15200001,0.0,0.15377752,22.485325,22.505325,3836800
hardzero_plus_depr__c0p54__z1p10__lam0p020__nu0p50__psi0p75,hardzero_plus_depr,0.1,30,1199,0.0,3,0.256575,0.256575,0.945433,0.11338797,0.11338797,1.0,5.298013e-10,4.672465e-09,-25.787004,2.0799942,0.6933314,0.15200001,0.0,0.14933853,22.505325,22.525326,3840000
hardzero_plus_depr__c0p54__z1p10__lam0p020__nu0p50__psi0p75,hardzero_plus_depr,0.1,30,1200,0.0,3,0.256575,0.256575,0.9804962,0.10459326,0.10459326,1.0,4.814328e-10,4.6029043e-09,-26.806126,2.1571348,0.7190449,0.216,0.0,0.15360107,22.525326,22.545326,3843200
hardzero_plus_depr__c0p54__z1p10__lam0p020__nu0p50__psi0p75,hardzero_plus_depr,0.1,30,1201,0.0,3,0.256575,0.256575,0.9891566,0.102528214,0.102528214,1.0,4.6490084e-10,4.5343698e-09,-26.968803,2.176188,0.72539604,0.2,0.0,0.16353482,22.545326,22.565327,3846400
hardzero_plus_depr__c0p54__z1p10__lam0p020__nu0p50__psi0p75,hardzero_plus_depr,0.1,30,1202,0.0,3,0.256575,0.256575,1.0651819,0.08606332,0.08606332,1.0,3.8443243e-10,4.4668558e-09,-27.956442,2.343447,0.781149,0.08800001,0.0,0.17135186,22.565327,22.585327,3849600
hardzero_plus_depr__c0p54__z1p10__lam0p020__nu0p50__psi0p75,hardzero_plus_depr,0.1,30,1203,0.0,3,0.256575,0.256575,0.97742754,0.10533494,0.10533494,1.0,4.6351123e-10,4.400356e-09,-26.793936,2.1503835,0.7167945,0.15200001,0.0,0.14553648,22.585327,22.605328,3852800
hardzero_plus_depr__c0p54__z1p10__lam0p020__nu0p50__psi0p75,hardzero_plus_depr,0.1,30,1204,0.0,3,0.256575,0.256575,1.0130908,0.0970307,0.0970307,1.0,4.2061313e-10,4.334846e-09,-26.115479,2.2288444,0.7429482,0.120000005,0.0,0.15078156,22.605328,22.625328,3856000
hardzero_plus_depr__c0p54__z1p10__lam0p020__nu0p50__psi0p75,hardzero_plus_depr,0.1,30,1205,0.0,3,0.256575,0.256575,1.0233953,0.094755545,0.094755545,1.0,4.0463488e-10,4.270303e-09,-27.198109,2.2515147,0.7505049,0.128,0.0,0.15540239,22.625328,22.645329,3859200
hardzero_plus_depr__c0p54__z1p10__lam0p020__nu0p50__psi0p75,hardzero_plus_depr,0.1,30,1206,0.0,3,0.256575,0.256575,0.99793893,0.1004757,0.1004757,1.0,4.226732e-10,4.2067207e-09,-27.571634,2.1955094,0.7318365,0.128,0.0,0.15917648,22.645329,22.665329,3862400
hardzero_plus_depr__c0p54__z1p10__lam0p020__nu0p50__psi0p75,hardzero_plus_depr,0.1,30,1207,0.0,3,0.256575,0.256575,0.98487234,0.103544645,0.103544645,1.0,4.290987e-10,4.1440935e-09,-26.545515,2.1667624,0.72225416,0.18400002,0.0,0.14019227,22.665329,22.68533,3865600
hardzero_plus_depr__c0p54__z1p10__lam0p020__nu0p50__psi0p75,hardzero_plus_depr,0.1,30,1208,0.0,3,0.256575,0.256575,0.98279345,0.10404147,0.10404147,1.0,4.247387e-10,4.082398e-09,-26.87643,2.1621888,0.7207296,0.192,0.0,0.15752847,22.68533,22.70533,3868800
hardzero_plus_depr__c0p54__z1p10__lam0p020__nu0p50__psi0p75,hardzero_plus_depr,0.1,30,1209,0.0,3,0.256575,0.256575,1.0106624,0.09757478,0.09757478,1.0,3.924081e-10,4.021614e-09,-26.705126,2.2235017,0.74116725,0.12,0.0,0.120981954,22.70533,22.72533,3872000
hardzero_plus_depr__c0p54__z1p10__lam0p020__nu0p50__psi0p75,hardzero_plus_depr,0.1,30,1210,0.0,3,0.256575,0.256575,0.92000794,0.12022426,0.12022426,1.0,4.7629667e-10,3.961735e-09,-25.624437,2.0240579,0.67468596,0.272,0.0,0.15886366,22.72533,22.74533,3875200
hardzero_plus_depr__c0p54__z1p10__lam0p020__nu0p50__psi0p75,hardzero_plus_depr,0.1,30,1211,0.0,3,0.256575,0.256575,1.004458,0.09897876,0.09897876,1.0,3.8628983e-10,3.902755e-09,-25.979132,2.2098517,0.73661727,0.072000004,0.0,0.15667522,22.74533,22.765331,3878400
hardzero_plus_depr__c0p54__z1p10__lam0p020__nu0p50__psi0p75,hardzero_plus_depr,0.1,30,1212,0.0,3,0.256575,0.256575,0.99821234,0.10041248,0.10041248,1.0,3.860511e-10,3.8446526e-09,-27.38009,2.196111,0.732037,0.16000001,0.0,0.15740384,22.765331,22.785332,3881600
hardzero_plus_depr__c0p54__z1p10__lam0p020__nu0p50__psi0p75,hardzero_plus_depr,0.1,30,1213,0.0,3,0.256575,0.256575,0.98697054,0.1030456,0.1030456,1.0,3.9027573e-10,3.787408e-09,-26.422209,2.1713786,0.7237929,0.14400001,0.0,0.16587596,22.785332,22.805332,3884800
hardzero_plus_depr__c0p54__z1p10__lam0p020__nu0p50__psi0p75,hardzero_plus_depr,0.1,30,1214,0.0,3,0.256575,0.256575,1.0497581,0.08917475,0.08917475,1.0,3.327125e-10,3.731017e-09,-26.910822,2.3095138,0.769838,0.120000005,0.0,0.16265887,22.805332,22.825333,3888000
hardzero_plus_depr__c0p54__z1p10__lam0p020__nu0p50__psi0p75,hardzero_plus_depr,0.1,30,1215,0.0,3,0.256575,0.256575,1.005993,0.098629534,0.098629534,1.0,3.6251e-10,3.675471e-09,-27.899,2.213229,0.737743,0.128,0.0,0.17454232,22.825333,22.845333,3891200
hardzero_plus_depr__c0p54__z1p10__lam0p020__nu0p50__psi0p75,hardzero_plus_depr,0.1,30,1216,0.0,3,0.256575,0.256575,1.0293,0.09347597,0.09347597,1.0,3.3845332e-10,3.6207524e-09,-27.835764,2.2645051,0.75483507,0.120000005,0.0,0.17825338,22.845333,22.865334,3894400
hardzero_plus_depr__c0p54__z1p10__lam0p020__nu0p50__psi0p75,hardzero_plus_depr,0.1,30,1217,0.0,3,0.256575,0.256575,1.0017316,0.09960206,0.09960206,1.0,3.5526482e-10,3.5668422e-09,-26.634588,2.2038536,0.7346179,0.2,0.0,0.16290769,22.865334,22.885334,3897600
hardzero_plus_depr__c0p54__z1p10__lam0p020__nu0p50__psi0p75,hardzero_plus_depr,0.1,30,1218,0.0,3,0.256575,0.256575,0.9401849,0.11476649,0.11476649,1.0,4.0325893e-10,3.513734e-09,-25.970137,2.068448,0.6894827,0.14400001,0.0,0.13670944,22.885334,22.905334,3900800
hardzero_plus_depr__c0p54__z1p10__lam0p020__nu0p50__psi0p75,hardzero_plus_depr,0.1,30,1219,0.0,3,0.256575,0.256575,1.025254,0.09435088,0.09435088,1.0,3.2658837e-10,3.4614236e-09,-27.87858,2.2556038,0.75186795,0.136,0.0,0.16916044,22.905334,22.925335,3904000
hardzero_plus_depr__c0p54__z1p10__lam0p020__nu0p50__psi0p75,hardzero_plus_depr,0.1,30,1220,0.0,3,0.256575,0.256575,0.9758802,0.10571091,0.10571091,1.0,3.6046272e-10,3.4098915e-09,-26.63289,2.1469793,0.7156598,0.096,0.0,0.16957693,22.925335,22.945335,3907200
hardzero_plus_depr__c0p54__z1p10__lam0p020__nu0p50__psi0p75,hardzero_plus_depr,0.1,30,1221,0.0,3,0.256575,0.256575,0.9570566,0.110393465,0.110393465,1.0,3.7082498e-10,3.3591208e-09,-25.55072,2.1055665,0.70185554,0.192,0.0,0.12596908,22.945335,22.965336,3910400
hardzero_plus_depr__c0p54__z1p10__lam0p020__nu0p50__psi0p75,hardzero_plus_depr,0.1,30,1222,0.0,3,0.256575,0.256575,0.97264767,0.10650067,0.10650067,1.0,3.5242198e-10,3.3091057e-09,-26.702457,2.1398675,0.7132892,0.11,0.0,0.18883088,22.965336,22.985336,3913600
hardzero_plus_depr__c0p54__z1p10__lam0p020__nu0p50__psi0p75,hardzero_plus_depr,0.1,30,1223,0.0,3,0.256575,0.256575,1.0669811,0.085707515,0.085707515,1.0,2.7939287e-10,3.259841e-09,-28.275198,2.3474052,0.78246844,0.16000001,0.0,0.16109565,22.985336,23.005337,3916800
hardzero_plus_depr__c0p54__z1p10__lam0p020__nu0p50__psi0p75,hardzero_plus_depr,0.1,30,1224,0.0,3,0.256575,0.256575,0.98085266,0.10450747,0.10450747,1.0,3.3560596e-10,3.2113108e-09,-26.708025,2.157919,0.71930635,0.16000001,0.0,0.14650811,23.005337,23.025337,3920000
hardzero_plus_depr__c0p54__z1p10__lam0p020__nu0p50__psi0p75,hardzero_plus_depr,0.1,30,1225,0.0,3,0.256575,0.256575,0.99944484,0.10012792,0.10012792,1.0,3.1675434e-10,3.1634966e-09,-27.12431,2.1988225,0.73294085,0.16000001,0.0,0.16087398,23.025337,23.045338,3923200
hardzero_plus_depr__c0p54__z1p10__lam0p020__nu0p50__psi0p75,hardzero_plus_depr,0.1,30,1226,0.0,3,0.256575,0.256575,0.96630996,0.108066246,0.108066246,1.0,3.36777e-10,3.116394e-09,-26.387808,2.1259243,0.70864147,0.16800001,0.008,0.15276515,23.045338,23.065338,3926400
hardzero_plus_depr__c0p54__z1p10__lam0p020__nu0p50__psi0p75,hardzero_plus_depr,0.1,30,1227,0.0,3,0.256575,0.256575,0.9949624,0.10116671,0.10116671,1.0,3.1058167e-10,3.0699987e-09,-27.43124,2.188961,0.7296537,0.16800001,0.0,0.1620772,23.065338,23.085339,3929600
hardzero_plus_depr__c0p54__z1p10__lam0p020__nu0p50__psi0p75,hardzero_plus_depr,0.1,30,1228,0.0,3,0.256575,0.256575,0.9530349,0.1114205,0.1114205,1.0,3.3696837e-10,3.0242941e-09,-27.092989,2.0967185,0.6989062,0.28,0.008,0.15509494,23.085339,23.10534,3932800
hardzero_plus_depr__c0p54__z1p10__lam0p020__nu0p50__psi0p75,hardzero_plus_depr,0.1,30,1229,0.0,3,0.256575,0.256575,1.0050572,0.098842286,0.098842286,1.0,2.9447733e-10,2.9792646e-09,-26.76346,2.21117,0.7370567,0.16800001,0.0,0.14949067,23.10534,23.12534,3936000
hardzero_plus_depr__c0p54__z1p10__lam0p020__nu0p50__psi0p75,hardzero_plus_depr,0.1,30,1230,0.0,3,0.256575,0.256575,0.9859261,0.10329372,0.10329372,1.0,3.0315728e-10,2.9349052e-09,-27.20962,2.1690807,0.72302693,0.192,0.0,0.15149361,23.12534,23.14534,3939200
hardzero_plus_depr__c0p54__z1p10__lam0p020__nu0p50__psi0p75,hardzero_plus_depr,0.1,30,1231,0.0,3,0.256575,0.256575,1.0062295,0.09857584,0.09857584,1.0,2.8500363e-10,2.891212e-09,-26.822268,2.2137492,0.7379164,0.15200001,0.0,0.15367147,23.14534,23.16534,3942400
hardzero_plus_depr__c0p54__z1p10__lam0p020__nu0p50__psi0p75,hardzero_plus_depr,0.1,30,1232,0.0,3,0.256575,0.256575,0.97856456,0.10505952,0.10505952,1.0,2.9922728e-10,2.8481693e-09,-26.837936,2.152885,0.71762836,0.192,0.0,0.15159322,23.16534,23.18534,3945600
hardzero_plus_depr__c0p54__z1p10__lam0p020__nu0p50__psi0p75,hardzero_plus_depr,0.1,30,1233,0.0,3,0.256575,0.256575,0.97568613,0.105758145,0.105758145,1.0,2.9673214e-10,2.8057616e-09,-26.18858,2.1465523,0.71551746,0.120000005,0.0,0.13993362,23.18534,23.205341,3948800
hardzero_plus_depr__c0p54__z1p10__lam0p020__nu0p50__psi0p75,hardzero_plus_depr,0.1,30,1234,0.0,3,0.256575,0.256575,1.0041887,0.09904016,0.09904016,1.0,2.737456e-10,2.763986e-09,-26.989079,2.2092593,0.7364198,0.192,0.0,0.17369926,23.205341,23.225342,3952000
hardzero_plus_depr__c0p54__z1p10__lam0p020__nu0p50__psi0p75,hardzero_plus_depr,0.1,30,1235,0.0,3,0.256575,0.256575,0.9807247,0.10453826,0.10453826,1.0,2.8464067e-10,2.7228373e-09,-26.707129,2.1576374,0.7192125,0.21,0.0,0.15928942,23.225342,23.245342,3955200
hardzero_plus_depr__c0p54__z1p10__lam0p020__nu0p50__psi0p75,hardzero_plus_depr,0.1,30,1236,0.0,3,0.256575,0.256575,0.99437505,0.10130361,0.10130361,1.0,2.7172678e-10,2.682301e-09,-26.931385,2.1876688,0.72922295,0.17600001,0.0,0.17887463,23.245342,23.265343,3958400
hardzero_plus_depr__c0p54__z1p10__lam0p020__nu0p50__psi0p75,hardzero_plus_depr,0.1,30,1237,0.0,3,0.256575,0.256575,0.97254944,0.106524736,0.106524736,1.0,2.8147704e-10,2.6423632e-09,-27.34453,2.1396515,0.7132172,0.24000001,0.0,0.17563938,23.265343,23.285343,3961600
hardzero_plus_depr__c0p54__z1p10__lam0p020__nu0p50__psi0p75,hardzero_plus_depr,0.1,30,1238,0.0,3,0.256575,0.256575,1.0134777,0.09694431,0.09694431,1.0,2.5234803e-10,2.6030205e-09,-27.109528,2.2296953,0.7432318,0.128,0.0,0.18669231,23.285343,23.305344,3964800
hardzero_plus_depr__c0p54__z1p10__lam0p020__nu0p50__psi0p75,hardzero_plus_depr,0.1,30,1239,0.0,3,0.256575,0.256575,0.99784786,0.10049678,0.10049678,1.0,2.5770067e-10,2.564268e-09,-27.022728,2.1953092,0.73176974,0.216,0.0,0.17320283,23.305344,23.325344,3968000
hardzero_plus_depr__c0p54__z1p10__lam0p020__nu0p50__psi0p75,hardzero_plus_depr,0.1,30,1240,0.0,3,0.256575,0.256575,0.97879165,0.10500461,0.10500461,1.0,2.6525135e-10,2.5260924e-09,-26.822765,2.1533847,0.7177949,0.15200001,0.0,0.16602926,23.325344,23.345345,3971200
hardzero_plus_depr__c0p54__z1p10__lam0p020__nu0p50__psi0p75,hardzero_plus_depr,0.1,30,1241,0.0,3,0.256575,0.256575,0.974187,0.10612384,0.10612384,1.0,2.6408714e-10,2.4884808e-09,-26.954334,2.1432543,0.7144181,0.17600001,0.0,0.16088317,23.345345,23.365345,3974400
hardzero_plus_depr__c0p54__z1p10__lam0p020__nu0p50__psi0p75,hardzero_plus_depr,0.1,30,1242,0.0,3,0.256575,0.256575,1.0308626,0.09314025,0.09314025,1.0,2.283267e-10,2.4514288e-09,-28.126162,2.267943,0.75598097,0.216,0.0,0.17593132,23.365345,23.385345,3977600
hardzero_plus_depr__c0p54__z1p10__lam0p020__nu0p50__psi0p75,hardzero_plus_depr,0.1,30,1243,0.0,3,0.256575,0.256575,1.012364,0.09719321,0.09719321,1.0,2.3471514e-10,2.4149334e-09,-27.455177,2.2272453,0.74241513,0.18400002,0.0,0.1885499,23.385345,23.405346,3980800
hardzero_plus_depr__c0p54__z1p10__lam0p020__nu0p50__psi0p75,hardzero_plus_depr,0.1,30,1244,0.0,3,0.256575,0.256575,0.9865721,0.103140175,0.103140175,1.0,2.4536853e-10,2.3789812e-09,-27.207775,2.170502,0.72350067,0.136,0.0,0.15069197,23.405346,23.425346,3984000
hardzero_plus_depr__c0p54__z1p10__lam0p020__nu0p50__psi0p75,hardzero_plus_depr,0.1,30,1245,0.0,3,0.256575,0.256575,1.002386,0.099452116,0.099452116,1.0,2.3307198e-10,2.3435598e-09,-27.605326,2.2052932,0.73509777,0.208,0.0,0.1601222,23.425346,23.445347,3987200
hardzero_plus_depr__c0p54__z1p10__lam0p020__nu0p50__psi0p75,hardzero_plus_depr,0.1,30,1246,0.0,3,0.256575,0.256575,1.0792519,0.08331978,0.08331978,1.0,1.923575e-10,2.3086655e-09,-28.396923,2.3744016,0.7914672,0.17600001,0.0,0.172581,23.445347,23.465347,3990400
hardzero_plus_depr__c0p54__z1p10__lam0p020__nu0p50__psi0p75,hardzero_plus_depr,0.1,30,1247,0.0,3,0.256575,0.256575,0.97381043,0.1062159,0.1062159,1.0,2.4156632e-10,2.2742952e-09,-26.753654,2.1424258,0.71414196,0.15200001,0.0,0.1452536,23.465347,23.485348,3993600
hardzero_plus_depr__c0p54__z1p10__lam0p020__nu0p50__psi0p75,hardzero_plus_depr,0.1,30,1248,0.0,3,0.256575,0.256575,1.0057259,0.09869022,0.09869022,1.0,2.2110921e-10,2.240437e-09,-28.273071,2.212641,0.73754704,0.19,0.0,0.16897255,23.485348,23.505348,3996800
hardzero_plus_depr__c0p54__z1p10__lam0p020__nu0p50__psi0p75,hardzero_plus_depr,0.1,30,1249,0.0,3,0.256575,0.256575,1.0033997,0.09922023,0.09922023,1.0,2.1898681e-10,2.2070783e-09,-27.120996,2.2075236,0.7358412,0.18400002,0.0,0.18481375,23.505348,23.525349,4000000
