mechanism_tag,mechanism,alpha,seed,update,update_u,update_counter,energy_E_pre,energy_E_post,funding_z,funding_g,funding_g_raw,funding_cut_active,funding_income,funding_alpha_eff,episode_return_end_mean,terminal_min_dists_end_mean,terminal_dbar_end,terminal_occupied_end_mean,terminal_CSR_train,vartd_VarTD,depr_F,depr_F_post,env_steps
hardzero_plus_depr__c0p52__z1p00__lam0p030__nu0p50__psi1p25,hardzero_plus_depr,0.1,30,0,1.0,1,1.0,0.48000002,1.0860325,0.0,0.08202901,0.0,0.0,0.1,-27.772104,2.3893192,0.79643977,0.07,0.0,0.21411662,0.0,0.0,3200
hardzero_plus_depr__c0p52__z1p00__lam0p030__nu0p50__psi1p25,hardzero_plus_depr,0.1,30,1,0.0,1,0.48000002,0.48000002,1.0261097,0.0,0.09416516,0.0,0.0,0.1,-26.503872,2.2574863,0.75249547,0.128,0.0,0.15564354,0.0,0.03,6400
hardzero_plus_depr__c0p52__z1p00__lam0p030__nu0p50__psi1p25,hardzero_plus_depr,0.1,30,2,0.0,1,0.48000002,0.48000002,1.0118793,0.0,0.09730176,0.0,0.0,0.096319444,-26.903313,2.226179,0.74205965,0.208,0.0,0.18118379,0.03,0.06,9600
hardzero_plus_depr__c0p52__z1p00__lam0p030__nu0p50__psi1p25,hardzero_plus_depr,0.1,30,3,0.0,1,0.48000002,0.48000002,1.0790346,0.0,0.08336149,0.0,0.0,0.092774354,-28.520424,2.3739235,0.79130787,0.15200001,0.0,0.16178016,0.06,0.089999996,12800
hardzero_plus_depr__c0p52__z1p00__lam0p030__nu0p50__psi1p25,hardzero_plus_depr,0.1,30,4,0.0,1,0.48000002,0.48000002,1.0226703,0.0,0.09491387,0.0,0.0,0.08935974,-27.013454,2.2499194,0.7499732,0.16000001,0.0,0.14080787,0.089999996,0.12,16000
hardzero_plus_depr__c0p52__z1p00__lam0p030__nu0p50__psi1p25,hardzero_plus_depr,0.1,30,5,0.0,1,0.48000002,0.48000002,1.0473131,0.0,0.0896782,0.0,0.0,0.0860708,-27.907997,2.3041348,0.76804495,0.16000001,0.0,0.15698737,0.12,0.14999999,19200
hardzero_plus_depr__c0p52__z1p00__lam0p030__nu0p50__psi1p25,hardzero_plus_depr,0.1,30,6,0.0,1,0.48000002,0.48000002,1.0043395,0.0,0.09900579,0.0,0.0,0.082902916,-26.854574,2.209591,0.7365303,0.14400001,0.0,0.13123047,0.14999999,0.17999999,22400
hardzero_plus_depr__c0p52__z1p00__lam0p030__nu0p50__psi1p25,hardzero_plus_depr,0.1,30,7,0.0,1,0.48000002,0.48000002,1.0023216,0.0,0.09946686,0.0,0.0,0.07985162,-26.82901,2.2051516,0.73505056,0.16000001,0.0,0.13964114,0.17999999,0.21,25600
hardzero_plus_depr__c0p52__z1p00__lam0p030__nu0p50__psi1p25,hardzero_plus_depr,0.1,30,8,0.0,1,0.48000002,0.48000002,1.0436885,0.0,0.09042976,0.0,0.0,0.07691264,-27.258774,2.2961607,0.76538694,0.192,0.0,0.17142312,0.21,0.24,28800
hardzero_plus_depr__c0p52__z1p00__lam0p030__nu0p50__psi1p25,hardzero_plus_depr,0.1,30,9,0.0,1,0.48000002,0.48000002,1.0609101,0.0,0.086914025,0.0,0.0,0.07408182,-27.706799,2.3340487,0.77801627,0.224,0.0,0.18060046,0.24,0.26999998,32000
hardzero_plus_depr__c0p52__z1p00__lam0p030__nu0p50__psi1p25,hardzero_plus_depr,0.1,30,10,0.0,1,0.48000002,0.48000002,1.0368247,0.0,0.091870345,0.0,0.0,0.07135521,-26.629507,2.28106,0.7603533,0.136,0.0,0.17860019,0.26999998,0.29999998,35200
hardzero_plus_depr__c0p52__z1p00__lam0p030__nu0p50__psi1p25,hardzero_plus_depr,0.1,30,11,0.0,1,0.48000002,0.48000002,1.0356411,0.0,0.092121065,0.0,0.0,0.06872893,-28.173532,2.278456,0.75948536,0.136,0.0,0.15427917,0.29999998,0.32999998,38400
hardzero_plus_depr__c0p52__z1p00__lam0p030__nu0p50__psi1p25,hardzero_plus_depr,0.1,30,12,0.0,1,0.48000002,0.48000002,1.0129904,0.0,0.09705313,0.0,0.0,0.066199325,-27.975718,2.2286234,0.7428745,0.14400001,0.0,0.16307916,0.32999998,0.35999998,41600
hardzero_plus_depr__c0p52__z1p00__lam0p030__nu0p50__psi1p25,hardzero_plus_depr,0.1,30,13,0.0,1,0.48000002,0.48000002,1.0517963,0.0,0.08875723,0.0,0.0,0.063762814,-27.396416,2.313998,0.7713327,0.17,0.0,0.17355146,0.35999998,0.39,44800
hardzero_plus_depr__c0p52__z1p00__lam0p030__nu0p50__psi1p25,hardzero_plus_depr,0.1,30,14,0.0,1,0.48000002,0.48000002,1.0848879,0.0,0.0822455,0.0,0.0,0.06141599,-27.578556,2.386801,0.79560035,0.128,0.0,0.1684076,0.39,0.42,48000
hardzero_plus_depr__c0p52__z1p00__lam0p030__nu0p50__psi1p25,hardzero_plus_depr,0.1,30,15,0.0,1,0.48000002,0.48000002,1.0266877,0.0,0.09403993,0.0,0.0,0.059155535,-26.709309,2.258758,0.7529194,0.16800001,0.0,0.18150944,0.42,0.45,51200
hardzero_plus_depr__c0p52__z1p00__lam0p030__nu0p50__psi1p25,hardzero_plus_depr,0.1,30,16,0.0,1,0.48000002,0.48589194,0.98545307,0.103406295,0.103406295,1.0,0.005891913,0.05697828,-25.615942,2.16804,0.72268003,0.256,0.0,0.15804552,0.45,0.48,54400
hardzero_plus_depr__c0p52__z1p00__lam0p030__nu0p50__psi1p25,hardzero_plus_depr,0.1,30,17,0.0,1,0.48589194,0.48589194,1.0258576,0.0,0.09421985,0.0,0.0,0.054881163,-26.584513,2.2569318,0.75231063,0.14400001,0.0,0.14220299,0.48,0.51,57600
hardzero_plus_depr__c0p52__z1p00__lam0p030__nu0p50__psi1p25,hardzero_plus_depr,0.1,30,18,0.0,1,0.48589194,0.48589194,1.0848048,0.0,0.08226123,0.0,0.0,0.052861232,-27.600737,2.3866181,0.7955394,0.104,0.0,0.15697162,0.51,0.53999996,60800
hardzero_plus_depr__c0p52__z1p00__lam0p030__nu0p50__psi1p25,hardzero_plus_depr,0.1,30,19,0.0,1,0.48589194,0.48589194,1.040757,0.0,0.09104226,0.0,0.0,0.050915647,-27.71724,2.289711,0.763237,0.136,0.0,0.16395324,0.53999996,0.56999993,64000
hardzero_plus_depr__c0p52__z1p00__lam0p030__nu0p50__psi1p25,hardzero_plus_depr,0.1,30,20,0.0,1,0.48589194,0.49082118,0.99778396,0.100511566,0.100511566,1.0,0.0049292548,0.049041666,-27.565777,2.1951685,0.73172283,0.128,0.0,0.14877638,0.56999993,0.5999999,67200
hardzero_plus_depr__c0p52__z1p00__lam0p030__nu0p50__psi1p25,hardzero_plus_depr,0.1,30,21,0.0,1,0.49082118,0.4960662,0.95453125,0.111037254,0.111037254,1.0,0.0052450295,0.047236662,-26.28376,2.1000106,0.70000356,0.216,0.008,0.13767613,0.5999999,0.6299999,70400
hardzero_plus_depr__c0p52__z1p00__lam0p030__nu0p50__psi1p25,hardzero_plus_depr,0.1,30,22,0.0,1,0.4960662,0.4960662,1.0032899,0.0,0.09924533,0.0,0.0,0.04549809,-26.592037,2.207282,0.7357607,0.15200001,0.0,0.13298188,0.6299999,0.65999985,73600
hardzero_plus_depr__c0p52__z1p00__lam0p030__nu0p50__psi1p25,hardzero_plus_depr,0.1,30,23,0.0,1,0.4960662,0.4960662,1.0818297,0.0,0.08282669,0.0,0.0,0.04382351,-28.916494,2.3800728,0.7933576,0.15200001,0.0,0.21635559,0.65999985,0.6899998,76800
hardzero_plus_depr__c0p52__z1p00__lam0p030__nu0p50__psi1p25,hardzero_plus_depr,0.1,30,24,0.0,1,0.4960662,0.50054616,0.97415084,0.1061327,0.1061327,1.0,0.004479921,0.04221056,-26.703876,2.1431746,0.7143916,0.24000001,0.0,0.13605975,0.6899998,0.7199998,80000
hardzero_plus_depr__c0p52__z1p00__lam0p030__nu0p50__psi1p25,hardzero_plus_depr,0.1,30,25,0.0,1,0.50054616,0.50054616,1.046725,0.0,0.089799725,0.0,0.0,0.04065698,-27.554874,2.3028412,0.76761377,0.18400002,0.0,0.1908322,0.7199998,0.74999976,83200
hardzero_plus_depr__c0p52__z1p00__lam0p030__nu0p50__psi1p25,hardzero_plus_depr,0.1,30,26,0.0,1,0.50054616,0.50054616,1.0509895,0.0,0.08892225,0.0,0.0,0.039160576,-28.329462,2.312223,0.770741,0.19999999,0.0,0.18504314,0.74999976,0.77999973,86400
hardzero_plus_depr__c0p52__z1p00__lam0p030__nu0p50__psi1p25,hardzero_plus_depr,0.1,30,27,0.0,1,0.50054616,0.50054616,1.046936,0.0,0.0897561,0.0,0.0,0.03771925,-27.361658,2.3033054,0.7677685,0.14400001,0.0,0.16740797,0.77999973,0.8099997,89600
hardzero_plus_depr__c0p52__z1p00__lam0p030__nu0p50__psi1p25,hardzero_plus_depr,0.1,30,28,0.0,1,0.50054616,0.50054616,1.0562277,0.0,0.08785618,0.0,0.0,0.036330972,-28.061674,2.3237474,0.7745825,0.15200001,0.0,0.19060914,0.8099997,0.8399997,92800
hardzero_plus_depr__c0p52__z1p00__lam0p030__nu0p50__psi1p25,hardzero_plus_depr,0.1,30,29,0.0,1,0.50054616,0.50054616,1.045265,0.0,0.09010213,0.0,0.0,0.03499379,-27.935658,2.2996287,0.7665429,0.224,0.0,0.17055054,0.8399997,0.86999965,96000
hardzero_plus_depr__c0p52__z1p00__lam0p030__nu0p50__psi1p25,hardzero_plus_depr,0.1,30,30,0.0,1,0.50054616,0.50054616,1.0529081,0.0,0.0885303,0.0,0.0,0.033705823,-27.52399,2.316444,0.772148,0.18400002,0.0,0.17422926,0.86999965,0.8999996,99200
hardzero_plus_depr__c0p52__z1p00__lam0p030__nu0p50__psi1p25,hardzero_plus_depr,0.1,30,31,0.0,1,0.50054616,0.50054616,1.0997851,0.0,0.07947213,0.0,0.0,0.03246526,-28.230618,2.4195755,0.8065252,0.08800001,0.0,0.19645105,0.8999996,0.9299996,102400
hardzero_plus_depr__c0p52__z1p00__lam0p030__nu0p50__psi1p25,hardzero_plus_depr,0.1,30,32,0.0,1,0.50054616,0.50054616,1.0099417,0.0,0.09773684,0.0,0.0,0.031270362,-27.69513,2.2219162,0.74063873,0.23200001,0.0,0.17373775,0.9299996,0.95999956,105600
hardzero_plus_depr__c0p52__z1p00__lam0p030__nu0p50__psi1p25,hardzero_plus_depr,0.1,30,33,0.0,1,0.50054616,0.50054616,1.0462368,0.0,0.08990073,0.0,0.0,0.030119438,-27.607359,2.3017669,0.76725566,0.136,0.0,0.19009417,0.95999956,0.98999953,108800
hardzero_plus_depr__c0p52__z1p00__lam0p030__nu0p50__psi1p25,hardzero_plus_depr,0.1,30,34,0.0,1,0.50054616,0.50054616,1.0729966,0.0,0.08452855,0.0,0.0,0.029010875,-27.732197,2.3606396,0.7868799,0.136,0.0,0.15304185,0.98999953,1.0199995,112000
hardzero_plus_depr__c0p52__z1p00__lam0p030__nu0p50__psi1p25,hardzero_plus_depr,0.1,30,35,0.0,1,0.50054616,0.50054616,1.0776091,0.0,0.08363555,0.0,0.0,0.027943114,-28.213266,2.3707874,0.79026246,0.112,0.0,0.16242239,1.0199995,1.0499995,115200
hardzero_plus_depr__c0p52__z1p00__lam0p030__nu0p50__psi1p25,hardzero_plus_depr,0.1,30,36,0.0,1,0.50054616,0.50054616,1.0104331,0.0,0.09762631,0.0,0.0,0.026914656,-26.73414,2.2229972,0.7409991,0.16000001,0.0,0.15746987,1.0499995,1.0799994,118400
hardzero_plus_depr__c0p52__z1p00__lam0p030__nu0p50__psi1p25,hardzero_plus_depr,0.1,30,37,0.0,1,0.50054616,0.50054616,1.0607675,0.0,0.08694256,0.0,0.0,0.025924046,-27.841185,2.3337352,0.7779118,0.120000005,0.0,0.18945733,1.0799994,1.1099994,121600
hardzero_plus_depr__c0p52__z1p00__lam0p030__nu0p50__psi1p25,hardzero_plus_depr,0.1,30,38,0.0,1,0.50054616,0.50054616,1.0026245,0.0,0.0993975,0.0,0.0,0.024969894,-27.237474,2.205818,0.73527265,0.136,0.0,0.15476008,1.1099994,1.1399994,124800
hardzero_plus_depr__c0p52__z1p00__lam0p030__nu0p50__psi1p25,hardzero_plus_depr,0.1,30,39,0.0,1,0.50054616,0.5031448,0.9663795,0.10804893,0.10804893,1.0,0.0025986705,0.024050867,-26.335093,2.1260774,0.7086925,0.14999999,0.0,0.16526902,1.1399994,1.1699994,128000
hardzero_plus_depr__c0p52__z1p00__lam0p030__nu0p50__psi1p25,hardzero_plus_depr,0.1,30,40,0.0,1,0.5031448,0.5031448,1.054002,0.0,0.08830757,0.0,0.0,0.023165662,-27.046259,2.3188508,0.7729503,0.14400001,0.0,0.15231176,1.1699994,1.1999993,131200
hardzero_plus_depr__c0p52__z1p00__lam0p030__nu0p50__psi1p25,hardzero_plus_depr,0.1,30,41,0.0,1,0.5031448,0.5031448,1.0145515,0.0,0.096704885,0.0,0.0,0.022313034,-26.718807,2.2320578,0.74401927,0.16800001,0.0,0.16586238,1.1999993,1.2299993,134400
hardzero_plus_depr__c0p52__z1p00__lam0p030__nu0p50__psi1p25,hardzero_plus_depr,0.1,30,42,0.0,1,0.5031448,0.5053764,0.9836603,0.10383404,0.10383404,1.0,0.0022315795,0.02149179,-26.860832,2.1640959,0.72136533,0.216,0.0,0.15094933,1.2299993,1.2599993,137600
hardzero_plus_depr__c0p52__z1p00__lam0p030__nu0p50__psi1p25,hardzero_plus_depr,0.1,30,43,0.0,1,0.5053764,0.5053764,1.0650572,0.0,0.08608805,0.0,0.0,0.020700773,-27.047146,2.3431726,0.78105754,0.15200001,0.0,0.1780469,1.2599993,1.2899992,140800
hardzero_plus_depr__c0p52__z1p00__lam0p030__nu0p50__psi1p25,hardzero_plus_depr,0.1,30,44,0.0,1,0.5053764,0.5053764,1.0121334,0.0,0.09724485,0.0,0.0,0.019938871,-27.398674,2.2267377,0.7422459,0.216,0.0,0.15668157,1.2899992,1.3199992,144000
hardzero_plus_depr__c0p52__z1p00__lam0p030__nu0p50__psi1p25,hardzero_plus_depr,0.1,30,45,0.0,1,0.5053764,0.5053764,1.0510526,0.0,0.088909335,0.0,0.0,0.01920501,-28.031431,2.312362,0.77078736,0.136,0.0,0.17097822,1.3199992,1.3499992,147200
hardzero_plus_depr__c0p52__z1p00__lam0p030__nu0p50__psi1p25,hardzero_plus_depr,0.1,30,46,0.0,1,0.5053764,0.5053764,1.0339794,0.0,0.09247421,0.0,0.0,0.018498158,-27.132833,2.2748,0.7582667,0.16000001,0.0,0.1588033,1.3499992,1.3799992,150400
hardzero_plus_depr__c0p52__z1p00__lam0p030__nu0p50__psi1p25,hardzero_plus_depr,0.1,30,47,0.0,1,0.5053764,0.50721085,0.9873397,0.102958046,0.102958046,1.0,0.0018344369,0.017817324,-26.369064,2.1721907,0.7240636,0.216,0.0,0.14699148,1.3799992,1.4099991,153600
hardzero_plus_depr__c0p52__z1p00__lam0p030__nu0p50__psi1p25,hardzero_plus_depr,0.1,30,48,0.0,1,0.50721085,0.50721085,1.0167407,0.0,0.09621866,0.0,0.0,0.017161548,-27.00919,2.236874,0.7456247,0.128,0.0,0.14229086,1.4099991,1.4399991,156800
hardzero_plus_depr__c0p52__z1p00__lam0p030__nu0p50__psi1p25,hardzero_plus_depr,0.1,30,49,0.0,1,0.50721085,0.50721085,1.0364921,0.0,0.09194073,0.0,0.0,0.016529908,-27.861126,2.2803283,0.7601094,0.16800001,0.0,0.16381443,1.4399991,1.4699991,160000
hardzero_plus_depr__c0p52__z1p00__lam0p030__nu0p50__psi1p25,hardzero_plus_depr,0.1,30,50,0.0,1,0.50721085,0.50721085,1.0299479,0.0,0.09333663,0.0,0.0,0.015921516,-27.350079,2.2659307,0.75531024,0.136,0.0,0.14814886,1.4699991,1.499999,163200
hardzero_plus_depr__c0p52__z1p00__lam0p030__nu0p50__psi1p25,hardzero_plus_depr,0.1,30,51,0.0,1,0.50721085,0.50721085,1.0795438,0.0,0.08326378,0.0,0.0,0.015335515,-28.526936,2.3750439,0.7916813,0.16000001,0.0,0.1957864,1.499999,1.529999,166400
hardzero_plus_depr__c0p52__z1p00__lam0p030__nu0p50__psi1p25,hardzero_plus_depr,0.1,30,52,0.0,1,0.50721085,0.50721085,1.0564159,0.0,0.087818116,0.0,0.0,0.014771084,-27.280758,2.3241613,0.77472043,0.16,0.0,0.1320251,1.529999,1.559999,169600
hardzero_plus_depr__c0p52__z1p00__lam0p030__nu0p50__psi1p25,hardzero_plus_depr,0.1,30,53,0.0,1,0.50721085,0.50721085,1.0192419,0.0,0.09566609,0.0,0.0,0.014227427,-27.52963,2.242377,0.74745905,0.224,0.0,0.1643958,1.559999,1.589999,172800
hardzero_plus_depr__c0p52__z1p00__lam0p030__nu0p50__psi1p25,hardzero_plus_depr,0.1,30,54,0.0,1,0.50721085,0.50721085,1.0557544,0.0,0.087951966,0.0,0.0,0.013703776,-26.730688,2.322706,0.77423537,0.112,0.0,0.15092164,1.589999,1.6199989,176000
hardzero_plus_depr__c0p52__z1p00__lam0p030__nu0p50__psi1p25,hardzero_plus_depr,0.1,30,55,0.0,1,0.50721085,0.50859964,0.977914,0.10521702,0.10521702,1.0,0.0013888016,0.013199401,-26.632305,2.1514537,0.7171513,0.23200001,0.0,0.16589965,1.6199989,1.6499989,179200
hardzero_plus_depr__c0p52__z1p00__lam0p030__nu0p50__psi1p25,hardzero_plus_depr,0.1,30,56,0.0,1,0.50859964,0.50859964,1.0766118,0.0,0.08382782,0.0,0.0,0.012713592,-28.467451,2.3685932,0.7895311,0.112,0.0,0.18266624,1.6499989,1.6799989,182400
hardzero_plus_depr__c0p52__z1p00__lam0p030__nu0p50__psi1p25,hardzero_plus_depr,0.1,30,57,0.0,1,0.50859964,0.50859964,1.0264933,0.0,0.09408201,0.0,0.0,0.012245662,-26.350544,2.2583303,0.7527768,0.136,0.0,0.1368688,1.6799989,1.7099988,185600
hardzero_plus_depr__c0p52__z1p00__lam0p030__nu0p50__psi1p25,hardzero_plus_depr,0.1,30,58,0.0,1,0.50859964,0.50859964,1.037848,0.0,0.09165413,0.0,0.0,0.011794951,-27.921246,2.2833111,0.76110375,0.17600001,0.0,0.16851683,1.7099988,1.7399988,188800
hardzero_plus_depr__c0p52__z1p00__lam0p030__nu0p50__psi1p25,hardzero_plus_depr,0.1,30,59,0.0,1,0.50859964,0.50859964,1.065041,0.0,0.08609125,0.0,0.0,0.0113608325,-28.386803,2.3431368,0.7810456,0.18400002,0.0,0.17755936,1.7399988,1.7699988,192000
hardzero_plus_depr__c0p52__z1p00__lam0p030__nu0p50__psi1p25,hardzero_plus_depr,0.1,30,60,0.0,1,0.50859964,0.50859964,1.0363096,0.0,0.09197936,0.0,0.0,0.010942692,-27.835632,2.2799265,0.75997555,0.136,0.0,0.16689444,1.7699988,1.7999988,195200
hardzero_plus_depr__c0p52__z1p00__lam0p030__nu0p50__psi1p25,hardzero_plus_depr,0.1,30,61,0.0,1,0.50859964,0.5096661,0.99489987,0.10118127,0.10118127,1.0,0.0010664443,0.010539938,-26.916685,2.1888235,0.7296078,0.136,0.0,0.17311737,1.7999988,1.8299987,198400
hardzero_plus_depr__c0p52__z1p00__lam0p030__nu0p50__psi1p25,hardzero_plus_depr,0.1,30,62,0.0,1,0.5096661,0.5096661,1.039129,0.0,0.09138417,0.0,0.0,0.01015201,-27.319874,2.2861295,0.7620432,0.14400001,0.0,0.14473802,1.8299987,1.8599987,201600
hardzero_plus_depr__c0p52__z1p00__lam0p030__nu0p50__psi1p25,hardzero_plus_depr,0.1,30,63,0.0,1,0.5096661,0.5096661,1.0137928,0.0,0.09687399,0.0,0.0,0.009778361,-26.89674,2.2303886,0.7434629,0.16800001,0.0,0.18862602,1.8599987,1.8899987,204800
hardzero_plus_depr__c0p52__z1p00__lam0p030__nu0p50__psi1p25,hardzero_plus_depr,0.1,30,64,0.0,1,0.5096661,0.5096661,1.0478204,0.0,0.089573495,0.0,0.0,0.009418462,-26.59181,2.3052511,0.76841706,0.16000001,0.0,0.13311964,1.8899987,1.9199986,208000
hardzero_plus_depr__c0p52__z1p00__lam0p030__nu0p50__psi1p25,hardzero_plus_depr,0.1,30,65,0.0,1,0.5096661,0.5096661,1.0843794,0.0,0.082341835,0.0,0.0,0.009071812,-27.711962,2.3856823,0.79522747,0.14,0.0,0.12967768,1.9199986,1.9499986,211200
hardzero_plus_depr__c0p52__z1p00__lam0p030__nu0p50__psi1p25,hardzero_plus_depr,0.1,30,66,0.0,1,0.5096661,0.5096661,1.0180116,0.0,0.095937505,0.0,0.0,0.008737917,-26.786072,2.2396703,0.74655676,0.15200001,0.0,0.16853793,1.9499986,1.9799986,214400
hardzero_plus_depr__c0p52__z1p00__lam0p030__nu0p50__psi1p25,hardzero_plus_depr,0.1,30,67,0.0,1,0.5096661,0.5096661,1.0292664,0.0,0.09348321,0.0,0.0,0.008416314,-27.55955,2.2644312,0.75481045,0.2,0.0,0.13994052,1.9799986,2.0099986,217600
hardzero_plus_depr__c0p52__z1p00__lam0p030__nu0p50__psi1p25,hardzero_plus_depr,0.1,30,68,0.0,1,0.5096661,0.5096661,1.0541991,0.0,0.08826751,0.0,0.0,0.008106547,-28.037724,2.3192842,0.7730948,0.15200001,0.0,0.17245357,2.0099986,2.0399985,220800
hardzero_plus_depr__c0p52__z1p00__lam0p030__nu0p50__psi1p25,hardzero_plus_depr,0.1,30,69,0.0,1,0.5096661,0.5096661,1.0664701,0.0,0.0858084,0.0,0.0,0.0078081796,-28.373384,2.3462813,0.78209376,0.16000001,0.0,0.18525772,2.0399985,2.0699985,224000
hardzero_plus_depr__c0p52__z1p00__lam0p030__nu0p50__psi1p25,hardzero_plus_depr,0.1,30,70,0.0,1,0.5096661,0.5096661,1.0232452,0.0,0.09478831,0.0,0.0,0.0075207963,-26.812819,2.2511845,0.7503948,0.16800001,0.0,0.16311896,2.0699985,2.0999985,227200
hardzero_plus_depr__c0p52__z1p00__lam0p030__nu0p50__psi1p25,hardzero_plus_depr,0.1,30,71,0.0,1,0.5096661,0.5096661,1.0320607,0.0,0.092883654,0.0,0.0,0.0072439895,-27.275833,2.2705789,0.75685966,0.16000001,0.0,0.13390173,2.0999985,2.1299984,230400
hardzero_plus_depr__c0p52__z1p00__lam0p030__nu0p50__psi1p25,hardzero_plus_depr,0.1,30,72,0.0,1,0.5096661,0.5096661,1.044164,0.0,0.09033085,0.0,0.0,0.0069773714,-27.745523,2.2972066,0.76573557,0.128,0.0,0.1506779,2.1299984,2.1599984,233600
hardzero_plus_depr__c0p52__z1p00__lam0p030__nu0p50__psi1p25,hardzero_plus_depr,0.1,30,73,0.0,1,0.5096661,0.5096661,1.049841,0.0,0.089157715,0.0,0.0,0.0067205653,-28.684647,2.3096964,0.76989883,0.16000001,0.0,0.17562215,2.1599984,2.1899984,236800
hardzero_plus_depr__c0p52__z1p00__lam0p030__nu0p50__psi1p25,hardzero_plus_depr,0.1,30,74,0.0,1,0.5096661,0.5096661,1.011297,0.0,0.09743232,0.0,0.0,0.0064732097,-27.428135,2.2248979,0.74163264,0.16000001,0.008,0.15127029,2.1899984,2.2199984,240000
hardzero_plus_depr__c0p52__z1p00__lam0p030__nu0p50__psi1p25,hardzero_plus_depr,0.1,30,75,0.0,1,0.5096661,0.5096661,1.0801528,0.0,0.083147116,0.0,0.0,0.0062349606,-27.642256,2.3763835,0.79212785,0.15200001,0.0,0.17889816,2.2199984,2.2499983,243200
hardzero_plus_depr__c0p52__z1p00__lam0p030__nu0p50__psi1p25,hardzero_plus_depr,0.1,30,76,0.0,1,0.5096661,0.5096661,1.0300075,0.0,0.093323804,0.0,0.0,0.00600548,-27.650728,2.2660618,0.7553539,0.136,0.0,0.1445989,2.2499983,2.2799983,246400
hardzero_plus_depr__c0p52__z1p00__lam0p030__nu0p50__psi1p25,hardzero_plus_depr,0.1,30,77,0.0,1,0.5096661,0.5096661,1.0163825,0.0,0.09629805,0.0,0.0,0.005784444,-26.216856,2.2360861,0.74536204,0.18400002,0.0,0.15847664,2.2799983,2.3099983,249600
hardzero_plus_depr__c0p52__z1p00__lam0p030__nu0p50__psi1p25,hardzero_plus_depr,0.1,30,78,0.0,1,0.5096661,0.5103086,0.93806624,0.11532772,0.11532772,1.0,0.0006425535,0.005571544,-25.6342,2.063787,0.68792903,0.17,0.0,0.12431318,2.3099983,2.3399982,252800
hardzero_plus_depr__c0p52__z1p00__lam0p030__nu0p50__psi1p25,hardzero_plus_depr,0.1,30,79,0.0,1,0.5103086,0.51087296,0.97813064,0.10516456,0.10516456,1.0,0.00056436367,0.0053664814,-26.459236,2.1519303,0.71731013,0.2,0.0,0.14027975,2.3399982,2.3699982,256000
hardzero_plus_depr__c0p52__z1p00__lam0p030__nu0p50__psi1p25,hardzero_plus_depr,0.1,30,80,0.0,1,0.51087296,0.51087296,1.05243,0.0,0.08862779,0.0,0.0,0.005168965,-28.644962,2.3153923,0.7717974,0.18400002,0.0,0.14145564,2.3699982,2.3999982,259200
hardzero_plus_depr__c0p52__z1p00__lam0p030__nu0p50__psi1p25,hardzero_plus_depr,0.1,30,81,0.0,1,0.51087296,0.51087296,1.0159225,0.0,0.09640009,0.0,0.0,0.0049787187,-26.533781,2.2350743,0.7450248,0.120000005,0.0,0.14392486,2.3999982,2.4299982,262400
hardzero_plus_depr__c0p52__z1p00__lam0p030__nu0p50__psi1p25,hardzero_plus_depr,0.1,30,82,0.0,1,0.51087296,0.51087296,1.0338209,0.0,0.092507966,0.0,0.0,0.0047954735,-27.625338,2.2744513,0.75815046,0.136,0.0,0.1738176,2.4299982,2.4599981,265600
hardzero_plus_depr__c0p52__z1p00__lam0p030__nu0p50__psi1p25,hardzero_plus_depr,0.1,30,83,0.0,1,0.51087296,0.51135784,0.97890234,0.104977846,0.104977846,1.0,0.00048488993,0.004618974,-26.447104,2.153628,0.7178761,0.2,0.0,0.1423862,2.4599981,2.489998,268800
hardzero_plus_depr__c0p52__z1p00__lam0p030__nu0p50__psi1p25,hardzero_plus_depr,0.1,30,84,0.0,1,0.51135784,0.51135784,1.0660125,0.0,0.08589887,0.0,0.0,0.0044489703,-27.397673,2.3452742,0.78175807,0.192,0.0,0.16385302,2.489998,2.519998,272000
hardzero_plus_depr__c0p52__z1p00__lam0p030__nu0p50__psi1p25,hardzero_plus_depr,0.1,30,85,0.0,1,0.51135784,0.5118162,0.97074133,0.106969185,0.106969185,1.0,0.00045838676,0.0042852224,-26.263409,2.1356735,0.7118912,0.14400001,0.0,0.14316918,2.519998,2.549998,275200
hardzero_plus_depr__c0p52__z1p00__lam0p030__nu0p50__psi1p25,hardzero_plus_depr,0.1,30,86,0.0,1,0.5118162,0.5118162,1.009798,0.0,0.09776917,0.0,0.0,0.004127503,-27.0102,2.2216,0.74053335,0.16800001,0.0,0.14332065,2.549998,2.579998,278400
hardzero_plus_depr__c0p52__z1p00__lam0p030__nu0p50__psi1p25,hardzero_plus_depr,0.1,30,87,0.0,1,0.5118162,0.5118162,1.0278296,0.0,0.093792975,0.0,0.0,0.003975588,-26.839384,2.2612703,0.75375676,0.136,0.0,0.19752778,2.579998,2.609998,281600
hardzero_plus_depr__c0p52__z1p00__lam0p030__nu0p50__psi1p25,hardzero_plus_depr,0.1,30,88,0.0,1,0.5118162,0.51221454,0.98283184,0.10403229,0.10403229,1.0,0.0003983672,0.0038292648,-26.897352,2.1622732,0.7207577,0.15200001,0.0,0.14567102,2.609998,2.639998,284800
hardzero_plus_depr__c0p52__z1p00__lam0p030__nu0p50__psi1p25,hardzero_plus_depr,0.1,30,89,0.0,1,0.51221454,0.51221454,1.0074964,0.0,0.09828871,0.0,0.0,0.0036883266,-26.70281,2.2165363,0.73884547,0.16000001,0.0,0.16963692,2.639998,2.669998,288000
hardzero_plus_depr__c0p52__z1p00__lam0p030__nu0p50__psi1p25,hardzero_plus_depr,0.1,30,90,0.0,1,0.51221454,0.51221454,1.0616163,0.0,0.08677282,0.0,0.0,0.0035525751,-27.756535,2.3356025,0.7785342,0.15200001,0.0,0.14024803,2.669998,2.699998,291200
hardzero_plus_depr__c0p52__z1p00__lam0p030__nu0p50__psi1p25,hardzero_plus_depr,0.1,30,91,0.0,1,0.51221454,0.51221454,1.05063,0.0,0.08899591,0.0,0.0,0.0034218207,-27.032389,2.3114321,0.7704774,0.11,0.0,0.15897304,2.699998,2.7299979,294400
hardzero_plus_depr__c0p52__z1p00__lam0p030__nu0p50__psi1p25,hardzero_plus_depr,0.1,30,92,0.0,1,0.51221454,0.51221454,1.0346975,0.0,0.09232141,0.0,0.0,0.003295879,-26.772064,2.27638,0.75879335,0.14400001,0.0,0.15951097,2.7299979,2.7599978,297600
hardzero_plus_depr__c0p52__z1p00__lam0p030__nu0p50__psi1p25,hardzero_plus_depr,0.1,30,93,0.0,1,0.51221454,0.51221454,1.0932231,0.0,0.08068204,0.0,0.0,0.0031745718,-28.305878,2.4051387,0.80171293,0.072000004,0.0,0.14823928,2.7599978,2.7899978,300800
hardzero_plus_depr__c0p52__z1p00__lam0p030__nu0p50__psi1p25,hardzero_plus_depr,0.1,30,94,0.0,1,0.51221454,0.51221454,1.0251456,0.0,0.09437443,0.0,0.0,0.0030577302,-26.022644,2.2553654,0.7517885,0.192,0.0,0.13911407,2.7899978,2.8199978,304000
hardzero_plus_depr__c0p52__z1p00__lam0p030__nu0p50__psi1p25,hardzero_plus_depr,0.1,30,95,0.0,1,0.51221454,0.51221454,1.0867863,0.0,0.081886776,0.0,0.0,0.0029451891,-28.249989,2.3909776,0.79699254,0.16800001,0.0,0.16711077,2.8199978,2.8499978,307200
hardzero_plus_depr__c0p52__z1p00__lam0p030__nu0p50__psi1p25,hardzero_plus_depr,0.1,30,96,0.0,1,0.51221454,0.5125013,0.9953555,0.10107519,0.10107519,1.0,0.00028672908,0.00283679,-27.547857,2.1898258,0.72994196,0.136,0.0,0.17390129,2.8499978,2.8799977,310400
hardzero_plus_depr__c0p52__z1p00__lam0p030__nu0p50__psi1p25,hardzero_plus_depr,0.1,30,97,0.0,1,0.5125013,0.5125013,1.0238732,0.0,0.09465135,0.0,0.0,0.0027323803,-27.315237,2.252566,0.7508554,0.14400001,0.0,0.16788262,2.8799977,2.9099977,313600
hardzero_plus_depr__c0p52__z1p00__lam0p030__nu0p50__psi1p25,hardzero_plus_depr,0.1,30,98,0.0,1,0.5125013,0.5125013,1.0184923,0.0,0.095831364,0.0,0.0,0.002631813,-27.051083,2.240728,0.7469093,0.16800001,0.0,0.15661491,2.9099977,2.9399977,316800
hardzero_plus_depr__c0p52__z1p00__lam0p030__nu0p50__psi1p25,hardzero_plus_depr,0.1,30,99,0.0,1,0.5125013,0.5125013,1.0320942,0.0,0.09287648,0.0,0.0,0.002534948,-26.849823,2.2706528,0.7568843,0.128,0.0,0.14308631,2.9399977,2.9699976,320000
hardzero_plus_depr__c0p52__z1p00__lam0p030__nu0p50__psi1p25,hardzero_plus_depr,0.1,30,100,0.0,1,0.5125013,0.5125013,1.023958,0.0,0.094632864,0.0,0.0,0.002441648,-26.753775,2.2527525,0.75091755,0.2,0.0,0.15049326,2.9699976,2.9999976,323200
hardzero_plus_depr__c0p52__z1p00__lam0p030__nu0p50__psi1p25,hardzero_plus_depr,0.1,30,101,0.0,1,0.5125013,0.5125013,1.0342189,0.0,0.09242322,0.0,0.0,0.0023517814,-27.471546,2.275327,0.75844234,0.136,0.0,0.16921096,2.9999976,3.0299976,326400
hardzero_plus_depr__c0p52__z1p00__lam0p030__nu0p50__psi1p25,hardzero_plus_depr,0.1,30,102,0.0,1,0.5125013,0.5125013,1.0131761,0.0,0.09701166,0.0,0.0,0.002265223,-26.968235,2.2290318,0.74301064,0.208,0.0,0.1569085,3.0299976,3.0599976,329600
hardzero_plus_depr__c0p52__z1p00__lam0p030__nu0p50__psi1p25,hardzero_plus_depr,0.1,30,103,0.0,1,0.5125013,0.5125013,1.0540346,0.0,0.08830096,0.0,0.0,0.0021818501,-27.216656,2.3189223,0.77297413,0.14400001,0.0,0.15816012,3.0599976,3.0899975,332800
hardzero_plus_depr__c0p52__z1p00__lam0p030__nu0p50__psi1p25,hardzero_plus_depr,0.1,30,104,0.0,1,0.5125013,0.5127173,0.98804724,0.10279045,0.10279045,1.0,0.00021601887,0.0021015462,-26.688734,2.1737473,0.72458243,0.17999999,0.0,0.17345595,3.0899975,3.1199975,336000
hardzero_plus_depr__c0p52__z1p00__lam0p030__nu0p50__psi1p25,hardzero_plus_depr,0.1,30,105,0.0,1,0.5127173,0.5127173,1.0458728,0.0,0.0899761,0.0,0.0,0.0020241977,-27.624367,2.300966,0.7669887,0.224,0.0,0.1838102,3.1199975,3.1499975,339200
hardzero_plus_depr__c0p52__z1p00__lam0p030__nu0p50__psi1p25,hardzero_plus_depr,0.1,30,106,0.0,1,0.5127173,0.5129223,0.9782431,0.10513731,0.10513731,1.0,0.00020498577,0.0019496958,-26.445621,2.1521778,0.7173926,0.18400002,0.0,0.1440562,3.1499975,3.1799974,342400
hardzero_plus_depr__c0p52__z1p00__lam0p030__nu0p50__psi1p25,hardzero_plus_depr,0.1,30,107,0.0,1,0.5129223,0.5129223,1.0892705,0.0,0.08141971,0.0,0.0,0.0018779362,-28.075937,2.396443,0.7988143,0.15200001,0.0,0.14480156,3.1799974,3.2099974,345600
hardzero_plus_depr__c0p52__z1p00__lam0p030__nu0p50__psi1p25,hardzero_plus_depr,0.1,30,108,0.0,1,0.5129223,0.5129223,1.0690075,0.0,0.08530853,0.0,0.0,0.0018088174,-27.531248,2.3518636,0.78395456,0.120000005,0.0,0.17446177,3.2099974,3.2399974,348800
hardzero_plus_depr__c0p52__z1p00__lam0p030__nu0p50__psi1p25,hardzero_plus_depr,0.1,30,109,0.0,1,0.5129223,0.5129223,1.0699837,0.0,0.08511699,0.0,0.0,0.0017422428,-28.083828,2.354011,0.78467035,0.18400002,0.0,0.1727852,3.2399974,3.2699974,352000
hardzero_plus_depr__c0p52__z1p00__lam0p030__nu0p50__psi1p25,hardzero_plus_depr,0.1,30,110,0.0,1,0.5129223,0.5129223,1.0163836,0.0,0.09629779,0.0,0.0,0.0016781188,-27.341772,2.2360888,0.74536294,0.16800001,0.0,0.14299583,3.2699974,3.2999973,355200
hardzero_plus_depr__c0p52__z1p00__lam0p030__nu0p50__psi1p25,hardzero_plus_depr,0.1,30,111,0.0,1,0.5129223,0.5129223,1.0631486,0.0,0.08646719,0.0,0.0,0.0016163549,-27.828585,2.3389738,0.77965796,0.096,0.0,0.15252404,3.2999973,3.3299973,358400
hardzero_plus_depr__c0p52__z1p00__lam0p030__nu0p50__psi1p25,hardzero_plus_depr,0.1,30,112,0.0,1,0.5129223,0.5129223,1.0504874,0.0,0.08902513,0.0,0.0,0.0015568642,-27.506845,2.3111184,0.7703728,0.16000001,0.0,0.16631122,3.3299973,3.3599973,361600
hardzero_plus_depr__c0p52__z1p00__lam0p030__nu0p50__psi1p25,hardzero_plus_depr,0.1,30,113,0.0,1,0.5129223,0.51307786,0.98406845,0.10373649,0.10373649,1.0,0.0001555594,0.001499563,-26.057646,2.1649938,0.7216646,0.2,0.0,0.15021312,3.3599973,3.3899972,364800
hardzero_plus_depr__c0p52__z1p00__lam0p030__nu0p50__psi1p25,hardzero_plus_depr,0.1,30,114,0.0,1,0.51307786,0.51307786,1.0279303,0.0,0.09377126,0.0,0.0,0.0014443708,-27.134098,2.2614918,0.7538306,0.14400001,0.0,0.15782428,3.3899972,3.4199972,368000
hardzero_plus_depr__c0p52__z1p00__lam0p030__nu0p50__psi1p25,hardzero_plus_depr,0.1,30,115,0.0,1,0.51307786,0.51307786,1.0415752,0.0,0.0908709,0.0,0.0,0.0013912095,-28.256681,2.291511,0.76383704,0.15200001,0.0,0.1780501,3.4199972,3.4499972,371200
hardzero_plus_depr__c0p52__z1p00__lam0p030__nu0p50__psi1p25,hardzero_plus_depr,0.1,30,116,0.0,1,0.51307786,0.51307786,1.0034404,0.0,0.09921096,0.0,0.0,0.0013400053,-26.773403,2.207613,0.735871,0.192,0.0,0.1526765,3.4499972,3.4799972,374400
hardzero_plus_depr__c0p52__z1p00__lam0p030__nu0p50__psi1p25,hardzero_plus_depr,0.1,30,117,0.0,1,0.51307786,0.51307786,1.0516484,0.0,0.08878745,0.0,0.0,0.0012906858,-26.81028,2.3136725,0.7712242,0.099999994,0.0,0.17680177,3.4799972,3.5099971,377600
hardzero_plus_depr__c0p52__z1p00__lam0p030__nu0p50__psi1p25,hardzero_plus_depr,0.1,30,118,0.0,1,0.51307786,0.51307786,1.0087343,0.0,0.09800892,0.0,0.0,0.0012431814,-26.555294,2.21926,0.73975337,0.17600001,0.0,0.16381969,3.5099971,3.539997,380800
hardzero_plus_depr__c0p52__z1p00__lam0p030__nu0p50__psi1p25,hardzero_plus_depr,0.1,30,119,0.0,1,0.51307786,0.51307786,1.035969,0.0,0.09205151,0.0,0.0,0.0011974255,-27.488367,2.2791774,0.7597258,0.16800001,0.0,0.17009066,3.539997,3.569997,384000
hardzero_plus_depr__c0p52__z1p00__lam0p030__nu0p50__psi1p25,hardzero_plus_depr,0.1,30,120,0.0,1,0.51307786,0.51307786,1.0590616,0.0,0.087284744,0.0,0.0,0.0011533536,-27.610405,2.329982,0.7766607,0.136,0.0,0.17679437,3.569997,3.599997,387200
hardzero_plus_depr__c0p52__z1p00__lam0p030__nu0p50__psi1p25,hardzero_plus_depr,0.1,30,121,0.0,1,0.51307786,0.51307786,1.0513828,0.0,0.088841766,0.0,0.0,0.0011109039,-27.657396,2.3130884,0.7710295,0.128,0.0,0.18145093,3.599997,3.629997,390400
hardzero_plus_depr__c0p52__z1p00__lam0p030__nu0p50__psi1p25,hardzero_plus_depr,0.1,30,122,0.0,1,0.51307786,0.51307786,1.0971729,0.0,0.07995161,0.0,0.0,0.0010700165,-29.28574,2.4138286,0.80460954,0.096,0.0,0.16798969,3.629997,3.659997,393600
hardzero_plus_depr__c0p52__z1p00__lam0p030__nu0p50__psi1p25,hardzero_plus_depr,0.1,30,123,0.0,1,0.51307786,0.51307786,1.0257865,0.0,0.09423526,0.0,0.0,0.001030634,-26.93616,2.2567754,0.7522585,0.104,0.0,0.14503232,3.659997,3.689997,396800
hardzero_plus_depr__c0p52__z1p00__lam0p030__nu0p50__psi1p25,hardzero_plus_depr,0.1,30,124,0.0,1,0.51307786,0.5131812,0.9824113,0.10413307,0.10413307,1.0,0.00010337296,0.0009927006,-26.30706,2.161348,0.7204494,0.16000001,0.0,0.15601079,3.689997,3.719997,400000
hardzero_plus_depr__c0p52__z1p00__lam0p030__nu0p50__psi1p25,hardzero_plus_depr,0.1,30,125,0.0,1,0.5131812,0.51329225,0.935036,0.11613525,0.11613525,1.0,0.00011104431,0.00095616374,-25.869213,2.0571203,0.6857068,0.224,0.008,0.1493116,3.719997,3.749997,403200
hardzero_plus_depr__c0p52__z1p00__lam0p030__nu0p50__psi1p25,hardzero_plus_depr,0.1,30,126,0.0,1,0.51329225,0.51329225,1.0074791,0.0,0.09829262,0.0,0.0,0.0009209717,-26.699656,2.2164981,0.7388327,0.216,0.0,0.16186339,3.749997,3.7799969,406400
hardzero_plus_depr__c0p52__z1p00__lam0p030__nu0p50__psi1p25,hardzero_plus_depr,0.1,30,127,0.0,1,0.51329225,0.51329225,1.0250878,0.0,0.094386995,0.0,0.0,0.0008870749,-27.09899,2.2552383,0.7517461,0.17600001,0.0,0.15717395,3.7799969,3.8099968,409600
hardzero_plus_depr__c0p52__z1p00__lam0p030__nu0p50__psi1p25,hardzero_plus_depr,0.1,30,128,0.0,1,0.51329225,0.51329225,1.0480136,0.0,0.08953367,0.0,0.0,0.0008544256,-27.461773,2.305676,0.7685587,0.16000001,0.0,0.14221089,3.8099968,3.8399968,412800
hardzero_plus_depr__c0p52__z1p00__lam0p030__nu0p50__psi1p25,hardzero_plus_depr,0.1,30,129,0.0,1,0.51329225,0.51329225,1.0275484,0.0,0.09385372,0.0,0.0,0.0008229781,-27.293211,2.2606516,0.7535505,0.16000001,0.0,0.1872989,3.8399968,3.8699968,416000
hardzero_plus_depr__c0p52__z1p00__lam0p030__nu0p50__psi1p25,hardzero_plus_depr,0.1,30,130,0.0,1,0.51329225,0.51329225,1.0464438,0.0,0.08985789,0.0,0.0,0.00079268793,-26.984764,2.3022225,0.76740754,0.17,0.0,0.16236569,3.8699968,3.8999968,419200
hardzero_plus_depr__c0p52__z1p00__lam0p030__nu0p50__psi1p25,hardzero_plus_depr,0.1,30,131,0.0,1,0.51329225,0.5133709,0.9872284,0.102984436,0.102984436,1.0,7.8629884e-05,0.00076351233,-26.468092,2.1719458,0.723982,0.16000001,0.0,0.18064922,3.8999968,3.9299967,422400
hardzero_plus_depr__c0p52__z1p00__lam0p030__nu0p50__psi1p25,hardzero_plus_depr,0.1,30,132,0.0,1,0.5133709,0.5133709,1.0432949,0.0,0.09051178,0.0,0.0,0.0007354109,-27.541298,2.2952945,0.7650982,0.16800001,0.0,0.15762733,3.9299967,3.9599967,425600
hardzero_plus_depr__c0p52__z1p00__lam0p030__nu0p50__psi1p25,hardzero_plus_depr,0.1,30,133,0.0,1,0.5133709,0.5133709,1.0662705,0.0,0.08584787,0.0,0.0,0.0007083437,-27.83547,2.345842,0.7819473,0.136,0.0,0.1733088,3.9599967,3.9899967,428800
hardzero_plus_depr__c0p52__z1p00__lam0p030__nu0p50__psi1p25,hardzero_plus_depr,0.1,30,134,0.0,1,0.5133709,0.5133709,1.033562,0.0,0.09256312,0.0,0.0,0.00068227283,-28.03786,2.2738817,0.75796056,0.14400001,0.0,0.16274153,3.9899967,4.0199966,432000
hardzero_plus_depr__c0p52__z1p00__lam0p030__nu0p50__psi1p25,hardzero_plus_depr,0.1,30,135,0.0,1,0.5133709,0.5133709,1.0363201,0.0,0.09197714,0.0,0.0,0.0006571614,-27.379269,2.2799497,0.75998324,0.128,0.0,0.15435438,4.0199966,4.049997,435200
hardzero_plus_depr__c0p52__z1p00__lam0p030__nu0p50__psi1p25,hardzero_plus_depr,0.1,30,136,0.0,1,0.5133709,0.5133709,1.00311,0.0,0.099286444,0.0,0.0,0.00063297397,-26.8979,2.206886,0.7356287,0.224,0.0,0.14313653,4.049997,4.079997,438400
hardzero_plus_depr__c0p52__z1p00__lam0p030__nu0p50__psi1p25,hardzero_plus_depr,0.1,30,137,0.0,1,0.5133709,0.5134332,0.99021876,0.10227777,0.10227777,1.0,6.235638e-05,0.00060967676,-25.665298,2.1785247,0.72617495,0.15200001,0.0,0.14296694,4.079997,4.1099973,441600
hardzero_plus_depr__c0p52__z1p00__lam0p030__nu0p50__psi1p25,hardzero_plus_depr,0.1,30,138,0.0,1,0.5134332,0.5134332,1.0872968,0.0,0.08179056,0.0,0.0,0.0005872373,-27.89532,2.3921008,0.797367,0.14400001,0.0,0.18509407,4.1099973,4.1399975,444800
hardzero_plus_depr__c0p52__z1p00__lam0p030__nu0p50__psi1p25,hardzero_plus_depr,0.1,30,139,0.0,1,0.5134332,0.5134332,1.0041907,0.0,0.09903968,0.0,0.0,0.00056562346,-26.772818,2.2092636,0.7364212,0.16000001,0.0,0.16613646,4.1399975,4.1699977,448000
hardzero_plus_depr__c0p52__z1p00__lam0p030__nu0p50__psi1p25,hardzero_plus_depr,0.1,30,140,0.0,1,0.5134332,0.5134332,1.0364544,0.0,0.09194868,0.0,0.0,0.00054480514,-27.385754,2.2802453,0.76008177,0.16000001,0.0,0.17694789,4.1699977,4.199998,451200
hardzero_plus_depr__c0p52__z1p00__lam0p030__nu0p50__psi1p25,hardzero_plus_depr,0.1,30,141,0.0,1,0.5134332,0.5134332,1.0197073,0.0,0.09556364,0.0,0.0,0.0005247534,-26.939016,2.2434008,0.7478003,0.2,0.0,0.1539319,4.199998,4.229998,454400
hardzero_plus_depr__c0p52__z1p00__lam0p030__nu0p50__psi1p25,hardzero_plus_depr,0.1,30,142,0.0,1,0.5134332,0.5134332,1.0836524,0.0,0.082479805,0.0,0.0,0.00050543936,-28.737234,2.3840828,0.7946943,0.120000005,0.0,0.19898778,4.229998,4.2599983,457600
hardzero_plus_depr__c0p52__z1p00__lam0p030__nu0p50__psi1p25,hardzero_plus_depr,0.1,30,143,0.0,1,0.5134332,0.51348203,0.9986532,0.100310594,0.100310594,1.0,4.883482e-05,0.00048683613,-26.479145,2.1970809,0.7323603,0.16,0.0,0.15535346,4.2599983,4.2899985,460800
hardzero_plus_depr__c0p52__z1p00__lam0p030__nu0p50__psi1p25,hardzero_plus_depr,0.1,30,144,0.0,1,0.51348203,0.51348203,1.046518,0.0,0.08984253,0.0,0.0,0.00046891766,-27.318981,2.3023856,0.7674619,0.15200001,0.0,0.16016175,4.2899985,4.3199987,464000
hardzero_plus_depr__c0p52__z1p00__lam0p030__nu0p50__psi1p25,hardzero_plus_depr,0.1,30,145,0.0,1,0.51348203,0.51348203,1.0211132,0.0,0.0952548,0.0,0.0,0.0004516587,-27.287672,2.2464938,0.7488313,0.14400001,0.0,0.14249636,4.3199987,4.349999,467200
hardzero_plus_depr__c0p52__z1p00__lam0p030__nu0p50__psi1p25,hardzero_plus_depr,0.1,30,146,0.0,1,0.51348203,0.51348203,1.0380207,0.0,0.09161768,0.0,0.0,0.00043503518,-27.995947,2.2836912,0.7612304,0.15200001,0.0,0.15860988,4.349999,4.379999,470400
hardzero_plus_depr__c0p52__z1p00__lam0p030__nu0p50__psi1p25,hardzero_plus_depr,0.1,30,147,0.0,1,0.51348203,0.51348203,1.054482,0.0,0.08821003,0.0,0.0,0.0004190233,-28.12819,2.3199067,0.77330226,0.112,0.0,0.16165484,4.379999,4.4099994,473600
hardzero_plus_depr__c0p52__z1p00__lam0p030__nu0p50__psi1p25,hardzero_plus_depr,0.1,30,148,0.0,1,0.51348203,0.51348203,1.0281162,0.0,0.09373111,0.0,0.0,0.00040360074,-27.656153,2.261901,0.753967,0.16000001,0.0,0.14959559,4.4099994,4.4399996,476800
hardzero_plus_depr__c0p52__z1p00__lam0p030__nu0p50__psi1p25,hardzero_plus_depr,0.1,30,149,0.0,1,0.51348203,0.51348203,1.0408355,0.0,0.091025785,0.0,0.0,0.000388746,-26.893787,2.2898839,0.76329464,0.17600001,0.0,0.15611152,4.4399996,4.47,480000
hardzero_plus_depr__c0p52__z1p00__lam0p030__nu0p50__psi1p25,hardzero_plus_depr,0.1,30,150,0.0,1,0.51348203,0.51348203,1.0017196,0.0,0.09960484,0.0,0.0,0.00037443786,-26.757832,2.2038271,0.73460907,0.15200001,0.0,0.17803061,4.47,4.5,483200
hardzero_plus_depr__c0p52__z1p00__lam0p030__nu0p50__psi1p25,hardzero_plus_depr,0.1,30,151,0.0,1,0.51348203,0.51348203,1.0617797,0.0,0.08674016,0.0,0.0,0.00036065633,-27.711695,2.335962,0.77865404,0.14400001,0.0,0.17660782,4.5,4.53,486400
hardzero_plus_depr__c0p52__z1p00__lam0p030__nu0p50__psi1p25,hardzero_plus_depr,0.1,30,152,0.0,1,0.51348203,0.51348203,1.1060942,0.0,0.07832596,0.0,0.0,0.00034738204,-29.392616,2.433456,0.811152,0.112,0.0,0.17496897,4.53,4.5600004,489600
hardzero_plus_depr__c0p52__z1p00__lam0p030__nu0p50__psi1p25,hardzero_plus_depr,0.1,30,153,0.0,1,0.51348203,0.51351583,0.99547523,0.10104731,0.10104731,1.0,3.3810054e-05,0.0003345963,-26.99142,2.1900892,0.73002976,0.224,0.0,0.1488814,4.5600004,4.5900006,492800
hardzero_plus_depr__c0p52__z1p00__lam0p030__nu0p50__psi1p25,hardzero_plus_depr,0.1,30,154,0.0,1,0.51351583,0.51351583,1.0237069,0.0,0.094687596,0.0,0.0,0.00032228132,-26.732712,2.2522001,0.7507334,0.216,0.0,0.17019005,4.5900006,4.620001,496000
hardzero_plus_depr__c0p52__z1p00__lam0p030__nu0p50__psi1p25,hardzero_plus_depr,0.1,30,155,0.0,1,0.51351583,0.51351583,1.0281636,0.0,0.0937209,0.0,0.0,0.00031041945,-26.77007,2.2620049,0.7540016,0.112,0.0,0.15876341,4.620001,4.650001,499200
hardzero_plus_depr__c0p52__z1p00__lam0p030__nu0p50__psi1p25,hardzero_plus_depr,0.1,30,156,0.0,1,0.51351583,0.51351583,1.0499053,0.0,0.08914452,0.0,0.0,0.0002989942,-28.207558,2.3098378,0.769946,0.16,0.0,0.16252507,4.650001,4.6800013,502400
hardzero_plus_depr__c0p52__z1p00__lam0p030__nu0p50__psi1p25,hardzero_plus_depr,0.1,30,157,0.0,1,0.51351583,0.51351583,1.0089308,0.0,0.09796461,0.0,0.0,0.00028798953,-27.40506,2.219692,0.7398974,0.2,0.008,0.17541614,4.6800013,4.7100015,505600
hardzero_plus_depr__c0p52__z1p00__lam0p030__nu0p50__psi1p25,hardzero_plus_depr,0.1,30,158,0.0,1,0.51351583,0.5135448,0.98149335,0.10435339,0.10435339,1.0,2.894657e-05,0.00027738983,-26.651892,2.1593285,0.71977615,0.16000001,0.0,0.13775988,4.7100015,4.7400017,508800
hardzero_plus_depr__c0p52__z1p00__lam0p030__nu0p50__psi1p25,hardzero_plus_depr,0.1,30,159,0.0,1,0.5135448,0.5135448,1.0392201,0.0,0.091364995,0.0,0.0,0.0002671802,-27.302526,2.2863297,0.76210994,0.16800001,0.0,0.19173025,4.7400017,4.770002,512000
hardzero_plus_depr__c0p52__z1p00__lam0p030__nu0p50__psi1p25,hardzero_plus_depr,0.1,30,160,0.0,1,0.5135448,0.5135448,1.0122907,0.0,0.09720962,0.0,0.0,0.0002573464,-27.087753,2.2270842,0.7423614,0.15200001,0.0,0.17853615,4.770002,4.800002,515200
hardzero_plus_depr__c0p52__z1p00__lam0p030__nu0p50__psi1p25,hardzero_plus_depr,0.1,30,161,0.0,1,0.5135448,0.5135448,1.0739206,0.0,0.084348895,0.0,0.0,0.0002478745,-28.140694,2.3626726,0.78755754,0.104,0.0,0.18272719,4.800002,4.8300023,518400
hardzero_plus_depr__c0p52__z1p00__lam0p030__nu0p50__psi1p25,hardzero_plus_depr,0.1,30,162,0.0,1,0.5135448,0.51357096,0.96064514,0.10948506,0.10948506,1.0,2.613971e-05,0.0002387514,-25.847181,2.1134615,0.7044872,0.208,0.0,0.12923838,4.8300023,4.8600025,521600
hardzero_plus_depr__c0p52__z1p00__lam0p030__nu0p50__psi1p25,hardzero_plus_depr,0.1,30,163,0.0,1,0.51357096,0.51357096,1.0372245,0.0,0.09178579,0.0,0.0,0.0002299639,-27.225986,2.2819395,0.7606465,0.2,0.0,0.18369503,4.8600025,4.8900027,524800
hardzero_plus_depr__c0p52__z1p00__lam0p030__nu0p50__psi1p25,hardzero_plus_depr,0.1,30,164,0.0,1,0.51357096,0.51357096,1.0395739,0.0,0.09129059,0.0,0.0,0.00022149985,-26.72461,2.2871082,0.7623694,0.18400002,0.0,0.13896765,4.8900027,4.920003,528000
hardzero_plus_depr__c0p52__z1p00__lam0p030__nu0p50__psi1p25,hardzero_plus_depr,0.1,30,165,0.0,1,0.51357096,0.51357096,1.0309434,0.0,0.09312293,0.0,0.0,0.00021334745,-27.266165,2.2681208,0.7560403,0.096,0.0,0.16019513,4.920003,4.950003,531200
hardzero_plus_depr__c0p52__z1p00__lam0p030__nu0p50__psi1p25,hardzero_plus_depr,0.1,30,166,0.0,1,0.51357096,0.51357096,1.0969173,0.0,0.079998665,0.0,0.0,0.00020549497,-29.64299,2.4132662,0.8044221,0.104,0.0,0.20533581,4.950003,4.9800034,534400
hardzero_plus_depr__c0p52__z1p00__lam0p030__nu0p50__psi1p25,hardzero_plus_depr,0.1,30,167,0.0,1,0.51357096,0.51357096,1.0750372,0.0,0.08413231,0.0,0.0,0.00019793154,-28.25589,2.3651292,0.78837645,0.136,0.008,0.14489107,4.9800034,5.0100036,537600
hardzero_plus_depr__c0p52__z1p00__lam0p030__nu0p50__psi1p25,hardzero_plus_depr,0.1,30,168,0.0,1,0.51357096,0.51357096,1.0587312,0.0,0.08735118,0.0,0.0,0.00019064649,-28.416946,2.329255,0.7764184,0.14400001,0.0,0.18205075,5.0100036,5.040004,540800
hardzero_plus_depr__c0p52__z1p00__lam0p030__nu0p50__psi1p25,hardzero_plus_depr,0.1,30,169,0.0,1,0.51357096,0.51357096,1.0086938,0.0,0.098018065,0.0,0.0,0.00018362957,-27.284338,2.2191708,0.7397236,0.22999999,0.0,0.17880325,5.040004,5.070004,544000
hardzero_plus_depr__c0p52__z1p00__lam0p030__nu0p50__psi1p25,hardzero_plus_depr,0.1,30,170,0.0,1,0.51357096,0.51357096,1.0266109,0.0,0.09405657,0.0,0.0,0.00017687099,-26.839699,2.258589,0.75286305,0.15200001,0.0,0.14658275,5.070004,5.100004,547200
hardzero_plus_depr__c0p52__z1p00__lam0p030__nu0p50__psi1p25,hardzero_plus_depr,0.1,30,171,0.0,1,0.51357096,0.51357096,1.0761027,0.0,0.083926134,0.0,0.0,0.00017036109,-28.228874,2.3674734,0.7891578,0.096,0.0,0.14661016,5.100004,5.1300044,550400
hardzero_plus_depr__c0p52__z1p00__lam0p030__nu0p50__psi1p25,hardzero_plus_depr,0.1,30,172,0.0,1,0.51357096,0.51357096,1.0260483,0.0,0.094178475,0.0,0.0,0.00016409079,-27.603706,2.2573514,0.75245047,0.120000005,0.0,0.15451394,5.1300044,5.1600046,553600
hardzero_plus_depr__c0p52__z1p00__lam0p030__nu0p50__psi1p25,hardzero_plus_depr,0.1,30,173,0.0,1,0.51357096,0.5135883,0.96024245,0.10958662,0.10958662,1.0,1.7320313e-05,0.00015805135,-27.193073,2.1125755,0.70419186,0.15200001,0.0,0.15317383,5.1600046,5.190005,556800
hardzero_plus_depr__c0p52__z1p00__lam0p030__nu0p50__psi1p25,hardzero_plus_depr,0.1,30,174,0.0,1,0.5135883,0.5135883,1.0226681,0.0,0.09491434,0.0,0.0,0.00015223412,-26.654696,2.249915,0.7499716,0.18400002,0.0,0.17933047,5.190005,5.220005,560000
hardzero_plus_depr__c0p52__z1p00__lam0p030__nu0p50__psi1p25,hardzero_plus_depr,0.1,30,175,0.0,1,0.5135883,0.5135883,1.029121,0.0,0.09351449,0.0,0.0,0.00014663099,-26.517673,2.2641115,0.7547039,0.136,0.0,0.1472097,5.220005,5.2500052,563200
hardzero_plus_depr__c0p52__z1p00__lam0p030__nu0p50__psi1p25,hardzero_plus_depr,0.1,30,176,0.0,1,0.5135883,0.5135883,1.0243539,0.0,0.094546646,0.0,0.0,0.00014123411,-27.26605,2.2536235,0.7512078,0.192,0.0,0.17571734,5.2500052,5.2800055,566400
hardzero_plus_depr__c0p52__z1p00__lam0p030__nu0p50__psi1p25,hardzero_plus_depr,0.1,30,177,0.0,1,0.5135883,0.5135883,1.0010747,0.0,0.09975284,0.0,0.0,0.00013603583,-27.292803,2.2024083,0.7341361,0.256,0.0,0.1779686,5.2800055,5.3100057,569600
hardzero_plus_depr__c0p52__z1p00__lam0p030__nu0p50__psi1p25,hardzero_plus_depr,0.1,30,178,0.0,1,0.5135883,0.5135883,1.0186031,0.0,0.09580692,0.0,0.0,0.00013102898,-27.336273,2.2409716,0.74699056,0.23200001,0.0,0.16364986,5.3100057,5.340006,572800
hardzero_plus_depr__c0p52__z1p00__lam0p030__nu0p50__psi1p25,hardzero_plus_depr,0.1,30,179,0.0,1,0.5135883,0.5135883,1.076154,0.0,0.083916225,0.0,0.0,0.00012620635,-28.531788,2.3675861,0.7891954,0.14400001,0.0,0.17363088,5.340006,5.370006,576000
hardzero_plus_depr__c0p52__z1p00__lam0p030__nu0p50__psi1p25,hardzero_plus_depr,0.1,30,180,0.0,1,0.5135883,0.5136005,0.99688077,0.100720815,0.100720815,1.0,1.2243742e-05,0.00012156119,-26.093336,2.1931815,0.7310605,0.15200001,0.0,0.14908841,5.370006,5.4000063,579200
hardzero_plus_depr__c0p52__z1p00__lam0p030__nu0p50__psi1p25,hardzero_plus_depr,0.1,30,181,0.0,1,0.5136005,0.5136005,1.0352554,0.0,0.092202894,0.0,0.0,0.000117087075,-27.410587,2.2776074,0.7592025,0.14400001,0.0,0.18631452,5.4000063,5.4300065,582400
hardzero_plus_depr__c0p52__z1p00__lam0p030__nu0p50__psi1p25,hardzero_plus_depr,0.1,30,182,0.0,1,0.5136005,0.5136005,1.0198836,0.0,0.09552485,0.0,0.0,0.000112777576,-27.135288,2.2437887,0.7479296,0.17,0.0,0.15828758,5.4300065,5.4600067,585600
hardzero_plus_depr__c0p52__z1p00__lam0p030__nu0p50__psi1p25,hardzero_plus_depr,0.1,30,183,0.0,1,0.5136005,0.5136005,1.0163401,0.0,0.096307434,0.0,0.0,0.000108626686,-27.24924,2.235993,0.745331,0.128,0.0,0.14937815,5.4600067,5.490007,588800
hardzero_plus_depr__c0p52__z1p00__lam0p030__nu0p50__psi1p25,hardzero_plus_depr,0.1,30,184,0.0,1,0.5136005,0.51361114,0.9951604,0.1011206,0.1011206,1.0,1.0580105e-05,0.000104628576,-25.793636,2.1893966,0.7297989,0.18400002,0.0,0.17243147,5.490007,5.520007,592000
hardzero_plus_depr__c0p52__z1p00__lam0p030__nu0p50__psi1p25,hardzero_plus_depr,0.1,30,185,0.0,1,0.51361114,0.51361114,1.0120034,0.0,0.09727395,0.0,0.0,0.00010077762,-26.530708,2.226452,0.7421507,0.14400001,0.0,0.16163427,5.520007,5.5500073,595200
hardzero_plus_depr__c0p52__z1p00__lam0p030__nu0p50__psi1p25,hardzero_plus_depr,0.1,30,186,0.0,1,0.51361114,0.51361114,1.0104101,0.0,0.09763148,0.0,0.0,9.7068456e-05,-26.497553,2.2229466,0.74098223,0.24000001,0.0,0.13226059,5.5500073,5.5800076,598400
hardzero_plus_depr__c0p52__z1p00__lam0p030__nu0p50__psi1p25,hardzero_plus_depr,0.1,30,187,0.0,1,0.51361114,0.51362175,0.9462414,0.11317712,0.11317712,1.0,1.0581581e-05,9.349576e-05,-25.783974,2.0817726,0.6939242,0.16000001,0.0,0.16173069,5.5800076,5.610008,601600
hardzero_plus_depr__c0p52__z1p00__lam0p030__nu0p50__psi1p25,hardzero_plus_depr,0.1,30,188,0.0,1,0.51362175,0.51362175,1.0272266,0.0,0.09392332,0.0,0.0,9.005455e-05,-27.680735,2.2599435,0.7533145,0.128,0.0,0.17167936,5.610008,5.640008,604800
hardzero_plus_depr__c0p52__z1p00__lam0p030__nu0p50__psi1p25,hardzero_plus_depr,0.1,30,189,0.0,1,0.51362175,0.51362175,1.0255089,0.0,0.09429554,0.0,0.0,8.674006e-05,-27.77563,2.2561646,0.75205487,0.136,0.0,0.1756158,5.640008,5.670008,608000
hardzero_plus_depr__c0p52__z1p00__lam0p030__nu0p50__psi1p25,hardzero_plus_depr,0.1,30,190,0.0,1,0.51362175,0.5136301,0.9997576,0.10005582,0.10005582,1.0,8.359414e-06,8.354751e-05,-26.722643,2.1995106,0.7331702,0.24000001,0.008,0.14329965,5.670008,5.7000084,611200
hardzero_plus_depr__c0p52__z1p00__lam0p030__nu0p50__psi1p25,hardzero_plus_depr,0.1,30,191,0.0,1,0.5136301,0.5136301,1.0510033,0.0,0.08891943,0.0,0.0,8.047246e-05,-26.830376,2.3122535,0.7707512,0.14400001,0.0,0.16881374,5.7000084,5.7300086,614400
hardzero_plus_depr__c0p52__z1p00__lam0p030__nu0p50__psi1p25,hardzero_plus_depr,0.1,30,192,0.0,1,0.5136301,0.5136384,0.9703748,0.10705948,0.10705948,1.0,8.298244e-06,7.7510595e-05,-26.33783,2.1348672,0.7116224,0.208,0.0,0.14401358,5.7300086,5.760009,617600
hardzero_plus_depr__c0p52__z1p00__lam0p030__nu0p50__psi1p25,hardzero_plus_depr,0.1,30,193,0.0,1,0.5136384,0.5136384,1.0633745,0.0,0.08642223,0.0,0.0,7.465775e-05,-27.976748,2.3394706,0.77982354,0.112,0.0,0.16455063,5.760009,5.790009,620800
hardzero_plus_depr__c0p52__z1p00__lam0p030__nu0p50__psi1p25,hardzero_plus_depr,0.1,30,194,0.0,1,0.5136384,0.5136384,1.066221,0.0,0.08585765,0.0,0.0,7.190993e-05,-27.61065,2.3457332,0.7819111,0.120000005,0.0,0.15269867,5.790009,5.820009,624000
hardzero_plus_depr__c0p52__z1p00__lam0p030__nu0p50__psi1p25,hardzero_plus_depr,0.1,30,195,0.0,1,0.5136384,0.5136384,1.0605,0.0,0.08699612,0.0,0.0,6.926321e-05,-28.138498,2.3331466,0.77771556,0.089999996,0.0,0.15611595,5.820009,5.8500094,627200
hardzero_plus_depr__c0p52__z1p00__lam0p030__nu0p50__psi1p25,hardzero_plus_depr,0.1,30,196,0.0,1,0.5136384,0.5136384,1.0523534,0.0,0.08864345,0.0,0.0,6.671392e-05,-28.427553,2.3152237,0.7717413,0.208,0.008,0.16566765,5.8500094,5.8800097,630400
hardzero_plus_depr__c0p52__z1p00__lam0p030__nu0p50__psi1p25,hardzero_plus_depr,0.1,30,197,0.0,1,0.5136384,0.5136384,1.0494925,0.0,0.0892293,0.0,0.0,6.425848e-05,-27.694134,2.3089297,0.76964325,0.112,0.0,0.16968907,5.8800097,5.91001,633600
hardzero_plus_depr__c0p52__z1p00__lam0p030__nu0p50__psi1p25,hardzero_plus_depr,0.1,30,198,0.0,1,0.5136384,0.5136384,1.0701696,0.0,0.085080564,0.0,0.0,6.1893385e-05,-28.042751,2.3544202,0.7848067,0.136,0.0,0.17591053,5.91001,5.94001,636800
hardzero_plus_depr__c0p52__z1p00__lam0p030__nu0p50__psi1p25,hardzero_plus_depr,0.1,30,199,0.0,1,0.5136384,0.51364446,0.98956335,0.10243225,0.10243225,1.0,6.106533e-06,5.9615337e-05,-27.207651,2.1770828,0.7256943,0.16000001,0.0,0.16319923,5.94001,5.9700103,640000
hardzero_plus_depr__c0p52__z1p00__lam0p030__nu0p50__psi1p25,hardzero_plus_depr,0.1,30,200,0.0,1,0.51364446,0.5136504,0.98347497,0.103878334,0.103878334,1.0,5.964812e-06,5.7421137e-05,-26.662424,2.1636882,0.72122943,0.18400002,0.0,0.16830368,5.9700103,6.0000105,643200
hardzero_plus_depr__c0p52__z1p00__lam0p030__nu0p50__psi1p25,hardzero_plus_depr,0.1,30,201,0.0,1,0.5136504,0.5136504,1.0341438,0.0,0.092439204,0.0,0.0,5.5307697e-05,-26.585531,2.2751617,0.75838727,0.120000005,0.0,0.14848925,6.0000105,6.0300107,646400
hardzero_plus_depr__c0p52__z1p00__lam0p030__nu0p50__psi1p25,hardzero_plus_depr,0.1,30,202,0.0,1,0.5136504,0.5136504,1.0059474,0.0,0.098639905,0.0,0.0,5.3272077e-05,-26.77293,2.2131283,0.73770946,0.16800001,0.0,0.15797196,6.0300107,6.060011,649600
hardzero_plus_depr__c0p52__z1p00__lam0p030__nu0p50__psi1p25,hardzero_plus_depr,0.1,30,203,0.0,1,0.5136504,0.5136504,1.0185674,0.0,0.09581479,0.0,0.0,5.1311345e-05,-26.162922,2.2408931,0.7469644,0.08800001,0.0,0.14903449,6.060011,6.090011,652800
hardzero_plus_depr__c0p52__z1p00__lam0p030__nu0p50__psi1p25,hardzero_plus_depr,0.1,30,204,0.0,1,0.5136504,0.5136504,1.0466915,0.0,0.08980664,0.0,0.0,4.9422775e-05,-26.310755,2.3027673,0.7675891,0.16800001,0.0,0.13888998,6.090011,6.1200113,656000
hardzero_plus_depr__c0p52__z1p00__lam0p030__nu0p50__psi1p25,hardzero_plus_depr,0.1,30,205,0.0,1,0.5136504,0.5136504,1.0499005,0.0,0.08914552,0.0,0.0,4.760375e-05,-27.466564,2.3098273,0.76994246,0.08800001,0.0,0.12970419,6.1200113,6.1500115,659200
hardzero_plus_depr__c0p52__z1p00__lam0p030__nu0p50__psi1p25,hardzero_plus_depr,0.1,30,206,0.0,1,0.5136504,0.5136553,0.9730318,0.1064065,0.1064065,1.0,4.878914e-06,4.585165e-05,-26.301949,2.1407127,0.71357095,0.208,0.0,0.16804008,6.1500115,6.1800117,662400
hardzero_plus_depr__c0p52__z1p00__lam0p030__nu0p50__psi1p25,hardzero_plus_depr,0.1,30,207,0.0,1,0.5136553,0.51365983,0.9867244,0.10310403,0.10310403,1.0,4.5534907e-06,4.416404e-05,-26.748518,2.170837,0.7236123,0.120000005,0.0,0.14926961,6.1800117,6.210012,665600
hardzero_plus_depr__c0p52__z1p00__lam0p030__nu0p50__psi1p25,hardzero_plus_depr,0.1,30,208,0.0,1,0.51365983,0.51365983,1.064903,0.0,0.086118594,0.0,0.0,4.2538537e-05,-27.88463,2.3428335,0.7809445,0.24,0.0,0.17425363,6.210012,6.240012,668800
hardzero_plus_depr__c0p52__z1p00__lam0p030__nu0p50__psi1p25,hardzero_plus_depr,0.1,30,209,0.0,1,0.51365983,0.51365983,1.0757669,0.0,0.08399107,0.0,0.0,4.0972864e-05,-28.86722,2.3667345,0.7889115,0.17600001,0.0,0.19350901,6.240012,6.2700124,672000
hardzero_plus_depr__c0p52__z1p00__lam0p030__nu0p50__psi1p25,hardzero_plus_depr,0.1,30,210,0.0,1,0.51365983,0.51365983,1.0839738,0.0,0.08241879,0.0,0.0,3.9464838e-05,-28.32631,2.38479,0.79493,0.15200001,0.0,0.16820782,6.2700124,6.3000126,675200
hardzero_plus_depr__c0p52__z1p00__lam0p030__nu0p50__psi1p25,hardzero_plus_depr,0.1,30,211,0.0,1,0.51365983,0.51365983,1.0555316,0.0,0.0879971,0.0,0.0,3.80123e-05,-27.888384,2.322216,0.77407205,0.136,0.0,0.1623112,6.3000126,6.330013,678400
hardzero_plus_depr__c0p52__z1p00__lam0p030__nu0p50__psi1p25,hardzero_plus_depr,0.1,30,212,0.0,1,0.51365983,0.51365983,1.0598125,0.0,0.08713395,0.0,0.0,3.661322e-05,-27.556435,2.3316343,0.7772114,0.136,0.0,0.16887203,6.330013,6.360013,681600
hardzero_plus_depr__c0p52__z1p00__lam0p030__nu0p50__psi1p25,hardzero_plus_depr,0.1,30,213,0.0,1,0.51365983,0.51366353,0.9766507,0.10552351,0.10552351,1.0,3.7213556e-06,3.5265653e-05,-26.282211,2.1486745,0.71622485,0.15200001,0.0,0.14066343,6.360013,6.390013,684800
hardzero_plus_depr__c0p52__z1p00__lam0p030__nu0p50__psi1p25,hardzero_plus_depr,0.1,30,214,0.0,1,0.51366353,0.51366353,1.0307103,0.0,0.09317289,0.0,0.0,3.3967663e-05,-27.970762,2.267608,0.7558693,0.15200001,0.0,0.1532029,6.390013,6.4200134,688000
hardzero_plus_depr__c0p52__z1p00__lam0p030__nu0p50__psi1p25,hardzero_plus_depr,0.1,30,215,0.0,1,0.51366353,0.51366353,1.0097847,0.0,0.09777217,0.0,0.0,3.2717453e-05,-26.669107,2.2215707,0.7405236,0.208,0.0,0.12799747,6.4200134,6.4500136,691200
hardzero_plus_depr__c0p52__z1p00__lam0p030__nu0p50__psi1p25,hardzero_plus_depr,0.1,30,216,0.0,1,0.51366353,0.5136668,0.97892034,0.104973495,0.104973495,1.0,3.308057e-06,3.151326e-05,-26.28034,2.1536677,0.71788925,0.18400002,0.0,0.14858194,6.4500136,6.480014,694400
hardzero_plus_depr__c0p52__z1p00__lam0p030__nu0p50__psi1p25,hardzero_plus_depr,0.1,30,217,0.0,1,0.5136668,0.5136668,1.0439281,0.0,0.090379894,0.0,0.0,3.035338e-05,-27.90235,2.2966878,0.76556265,0.216,0.0,0.16833685,6.480014,6.510014,697600
hardzero_plus_depr__c0p52__z1p00__lam0p030__nu0p50__psi1p25,hardzero_plus_depr,0.1,30,218,0.0,1,0.5136668,0.5136668,1.0561163,0.0,0.087878704,0.0,0.0,2.9236195e-05,-27.717161,2.3235023,0.7745008,0.136,0.0,0.17208865,6.510014,6.5400143,700800
hardzero_plus_depr__c0p52__z1p00__lam0p030__nu0p50__psi1p25,hardzero_plus_depr,0.1,30,219,0.0,1,0.5136668,0.5136668,1.0005801,0.0,0.099866524,0.0,0.0,2.816013e-05,-26.028091,2.2013202,0.7337734,0.192,0.0,0.14497279,6.5400143,6.5700145,704000
hardzero_plus_depr__c0p52__z1p00__lam0p030__nu0p50__psi1p25,hardzero_plus_depr,0.1,30,220,0.0,1,0.5136668,0.5136668,1.0310086,0.0,0.09310894,0.0,0.0,2.7123697e-05,-26.903065,2.2682643,0.75608814,0.136,0.0,0.18763043,6.5700145,6.6000147,707200
hardzero_plus_depr__c0p52__z1p00__lam0p030__nu0p50__psi1p25,hardzero_plus_depr,0.1,30,221,0.0,1,0.5136668,0.5136696,0.97372377,0.1062371,0.1062371,1.0,2.7754847e-06,2.6125383e-05,-26.501835,2.142235,0.71407837,0.14,0.0,0.17832813,6.6000147,6.630015,710400
hardzero_plus_depr__c0p52__z1p00__lam0p030__nu0p50__psi1p25,hardzero_plus_depr,0.1,30,222,0.0,1,0.5136696,0.5136696,1.0698988,0.0,0.08513363,0.0,0.0,2.5163812e-05,-27.680735,2.3538244,0.7846081,0.2,0.0,0.15299518,6.630015,6.660015,713600
hardzero_plus_depr__c0p52__z1p00__lam0p030__nu0p50__psi1p25,hardzero_plus_depr,0.1,30,223,0.0,1,0.5136696,0.5136696,1.0112565,0.0,0.0974414,0.0,0.0,2.4237635e-05,-27.27988,2.2248087,0.7416029,0.17600001,0.0,0.17588082,6.660015,6.6900153,716800
hardzero_plus_depr__c0p52__z1p00__lam0p030__nu0p50__psi1p25,hardzero_plus_depr,0.1,30,224,0.0,1,0.5136696,0.5136696,1.0730841,0.0,0.084511496,0.0,0.0,2.3345547e-05,-28.616516,2.3608322,0.7869441,0.17600001,0.0,0.18573456,6.6900153,6.7200155,720000
hardzero_plus_depr__c0p52__z1p00__lam0p030__nu0p50__psi1p25,hardzero_plus_depr,0.1,30,225,0.0,1,0.5136696,0.5136696,1.0142236,0.0,0.09677794,0.0,0.0,2.2486289e-05,-26.979294,2.2313364,0.7437788,0.14400001,0.0,0.14959176,6.7200155,6.7500157,723200
hardzero_plus_depr__c0p52__z1p00__lam0p030__nu0p50__psi1p25,hardzero_plus_depr,0.1,30,226,0.0,1,0.5136696,0.5136696,1.038424,0.0,0.09153264,0.0,0.0,2.1658661e-05,-27.516235,2.2845783,0.7615261,0.16800001,0.0,0.17568664,6.7500157,6.780016,726400
hardzero_plus_depr__c0p52__z1p00__lam0p030__nu0p50__psi1p25,hardzero_plus_depr,0.1,30,227,0.0,1,0.5136696,0.5136696,1.0249213,0.0,0.094423205,0.0,0.0,2.0861513e-05,-26.811773,2.2548718,0.751624,0.2,0.0,0.15839282,6.780016,6.810016,729600
hardzero_plus_depr__c0p52__z1p00__lam0p030__nu0p50__psi1p25,hardzero_plus_depr,0.1,30,228,0.0,1,0.5136696,0.5136717,0.98491806,0.10353376,0.10353376,1.0,2.080375e-06,2.0093687e-05,-26.522919,2.166863,0.72228765,0.15200001,0.0,0.1448075,6.810016,6.8400164,732800
hardzero_plus_depr__c0p52__z1p00__lam0p030__nu0p50__psi1p25,hardzero_plus_depr,0.1,30,229,0.0,1,0.5136717,0.5136717,1.046869,0.0,0.08976995,0.0,0.0,1.9354118e-05,-27.575745,2.3031578,0.76771927,0.128,0.0,0.1721495,6.8400164,6.8700166,736000
hardzero_plus_depr__c0p52__z1p00__lam0p030__nu0p50__psi1p25,hardzero_plus_depr,0.1,30,230,0.0,1,0.5136717,0.5136717,1.0390738,0.0,0.09139578,0.0,0.0,1.8641773e-05,-27.270828,2.2860081,0.7620027,0.208,0.0,0.15420397,6.8700166,6.900017,739200
hardzero_plus_depr__c0p52__z1p00__lam0p030__nu0p50__psi1p25,hardzero_plus_depr,0.1,30,231,0.0,1,0.5136717,0.5136717,1.0169082,0.0,0.09618156,0.0,0.0,1.7955643e-05,-27.049578,2.2372427,0.74574757,0.14400001,0.0,0.15922676,6.900017,6.930017,742400
hardzero_plus_depr__c0p52__z1p00__lam0p030__nu0p50__psi1p25,hardzero_plus_depr,0.1,30,232,0.0,1,0.5136717,0.5136717,1.0071188,0.0,0.09837418,0.0,0.0,1.729477e-05,-26.868277,2.2157056,0.73856854,0.16000001,0.008,0.15283133,6.930017,6.960017,745600
hardzero_plus_depr__c0p52__z1p00__lam0p030__nu0p50__psi1p25,hardzero_plus_depr,0.1,30,233,0.0,1,0.5136717,0.5136717,1.0892563,0.0,0.081422366,0.0,0.0,1.665822e-05,-28.757559,2.3964117,0.7988039,0.096,0.0,0.18444034,6.960017,6.9900174,748800
hardzero_plus_depr__c0p52__z1p00__lam0p030__nu0p50__psi1p25,hardzero_plus_depr,0.1,30,234,0.0,1,0.5136717,0.5136717,1.0444201,0.0,0.09027757,0.0,0.0,1.6045098e-05,-27.054577,2.29777,0.7659234,0.08,0.0,0.16697595,6.9900174,7.0200176,752000
hardzero_plus_depr__c0p52__z1p00__lam0p030__nu0p50__psi1p25,hardzero_plus_depr,0.1,30,235,0.0,1,0.5136717,0.5136717,1.0520705,0.0,0.0887012,0.0,0.0,1.5454541e-05,-27.428953,2.3146012,0.7715337,0.08800001,0.0,0.13478707,7.0200176,7.050018,755200
hardzero_plus_depr__c0p52__z1p00__lam0p030__nu0p50__psi1p25,hardzero_plus_depr,0.1,30,236,0.0,1,0.5136717,0.5136732,0.99215096,0.10182374,0.10182374,1.0,1.5157215e-06,1.4885738e-05,-27.558937,2.1827757,0.72759193,0.15200001,0.0,0.16403814,7.050018,7.080018,758400
hardzero_plus_depr__c0p52__z1p00__lam0p030__nu0p50__psi1p25,hardzero_plus_depr,0.1,30,237,0.0,1,0.5136732,0.5136732,1.0292363,0.0,0.09348968,0.0,0.0,1.4337854e-05,-27.52756,2.2643652,0.7547884,0.17600001,0.0,0.15773423,7.080018,7.1100183,761600
hardzero_plus_depr__c0p52__z1p00__lam0p030__nu0p50__psi1p25,hardzero_plus_depr,0.1,30,238,0.0,1,0.5136732,0.5136732,1.0044978,0.0,0.0989697,0.0,0.0,1.3810134e-05,-27.378172,2.2099392,0.7366464,0.208,0.0,0.16930388,7.1100183,7.1400185,764800
hardzero_plus_depr__c0p52__z1p00__lam0p030__nu0p50__psi1p25,hardzero_plus_depr,0.1,30,239,0.0,1,0.5136732,0.5136732,1.0196568,0.0,0.09557476,0.0,0.0,1.330184e-05,-27.167465,2.2432897,0.7477633,0.23200001,0.008,0.1617156,7.1400185,7.1700187,768000
hardzero_plus_depr__c0p52__z1p00__lam0p030__nu0p50__psi1p25,hardzero_plus_depr,0.1,30,240,0.0,1,0.5136732,0.5136745,0.9990863,0.1002106,0.1002106,1.0,1.2839238e-06,1.2812255e-05,-27.1966,2.1980338,0.73267794,0.208,0.0,0.15904567,7.1700187,7.200019,771200
hardzero_plus_depr__c0p52__z1p00__lam0p030__nu0p50__psi1p25,hardzero_plus_depr,0.1,30,241,0.0,1,0.5136745,0.51367587,0.9475443,0.11283809,0.11283809,1.0,1.3924995e-06,1.2340686e-05,-25.746822,2.084639,0.6948797,0.15200001,0.0,0.15164495,7.200019,7.230019,774400
hardzero_plus_depr__c0p52__z1p00__lam0p030__nu0p50__psi1p25,hardzero_plus_depr,0.1,30,242,0.0,1,0.51367587,0.51367587,1.0626132,0.0,0.08657385,0.0,0.0,1.18864755e-05,-27.631586,2.3377957,0.7792653,0.104,0.0,0.16461223,7.230019,7.2600193,777600
hardzero_plus_depr__c0p52__z1p00__lam0p030__nu0p50__psi1p25,hardzero_plus_depr,0.1,30,243,0.0,1,0.51367587,0.51367587,1.099502,0.0,0.07952397,0.0,0.0,1.1448994e-05,-27.837044,2.4189527,0.80631757,0.08800001,0.0,0.17590761,7.2600193,7.2900195,780800
hardzero_plus_depr__c0p52__z1p00__lam0p030__nu0p50__psi1p25,hardzero_plus_depr,0.1,30,244,0.0,1,0.51367587,0.51367587,1.0676522,0.0,0.08557516,0.0,0.0,1.1027603e-05,-27.026024,2.3488817,0.7829606,0.104,0.0,0.17053412,7.2900195,7.3200197,784000
hardzero_plus_depr__c0p52__z1p00__lam0p030__nu0p50__psi1p25,hardzero_plus_depr,0.1,30,245,0.0,1,0.51367587,0.51367587,1.0888216,0.0,0.08150388,0.0,0.0,1.0621721e-05,-27.208134,2.3954554,0.79848516,0.08800001,0.0,0.1618694,7.3200197,7.35002,787200
hardzero_plus_depr__c0p52__z1p00__lam0p030__nu0p50__psi1p25,hardzero_plus_depr,0.1,30,246,0.0,1,0.51367587,0.51367587,1.0478799,0.0,0.08956124,0.0,0.0,1.0230779e-05,-27.68963,2.3053818,0.76846063,0.104,0.0,0.16245688,7.35002,7.38002,790400
hardzero_plus_depr__c0p52__z1p00__lam0p030__nu0p50__psi1p25,hardzero_plus_depr,0.1,30,247,0.0,1,0.51367587,0.51367587,1.0598112,0.0,0.08713423,0.0,0.0,9.854225e-06,-27.318138,2.3316312,0.7772104,0.19,0.0,0.15008682,7.38002,7.4100204,793600
hardzero_plus_depr__c0p52__z1p00__lam0p030__nu0p50__psi1p25,hardzero_plus_depr,0.1,30,248,0.0,1,0.51367587,0.51367587,1.0769333,0.0,0.08376579,0.0,0.0,9.491531e-06,-28.37611,2.3693006,0.7897669,0.104,0.0,0.19226463,7.4100204,7.4400206,796800
hardzero_plus_depr__c0p52__z1p00__lam0p030__nu0p50__psi1p25,hardzero_plus_depr,0.1,30,249,0.0,1,0.51367587,0.51367587,1.0043331,0.0,0.09900723,0.0,0.0,9.142185e-06,-26.7629,2.209577,0.7365257,0.136,0.0,0.1373274,7.4400206,7.470021,800000
hardzero_plus_depr__c0p52__z1p00__lam0p030__nu0p50__psi1p25,hardzero_plus_depr,0.1,30,250,0.0,1,0.51367587,0.51367587,1.0484707,0.0,0.08943948,0.0,0.0,8.8056995e-06,-26.624979,2.3066816,0.7688939,0.096,0.0,0.16210225,7.470021,7.500021,803200
hardzero_plus_depr__c0p52__z1p00__lam0p030__nu0p50__psi1p25,hardzero_plus_depr,0.1,30,251,0.0,1,0.51367587,0.51367587,1.017919,0.0,0.095957965,0.0,0.0,8.481597e-06,-26.977411,2.2394664,0.7464888,0.15200001,0.0,0.17314728,7.500021,7.530021,806400
hardzero_plus_depr__c0p52__z1p00__lam0p030__nu0p50__psi1p25,hardzero_plus_depr,0.1,30,252,0.0,1,0.51367587,0.51367587,1.0885291,0.0,0.081558816,0.0,0.0,8.169432e-06,-28.837261,2.3948119,0.79827064,0.136,0.0,0.18684787,7.530021,7.5600214,809600
hardzero_plus_depr__c0p52__z1p00__lam0p030__nu0p50__psi1p25,hardzero_plus_depr,0.1,30,253,0.0,1,0.51367587,0.51367587,1.0240097,0.0,0.094621584,0.0,0.0,7.868748e-06,-26.237993,2.2528663,0.75095546,0.224,0.0,0.15858844,7.5600214,7.5900216,812800
hardzero_plus_depr__c0p52__z1p00__lam0p030__nu0p50__psi1p25,hardzero_plus_depr,0.1,30,254,0.0,1,0.51367587,0.51367587,1.0348125,0.0,0.09229698,0.0,0.0,7.5791318e-06,-26.691303,2.2766328,0.75887764,0.192,0.0,0.16564141,7.5900216,7.620022,816000
hardzero_plus_depr__c0p52__z1p00__lam0p030__nu0p50__psi1p25,hardzero_plus_depr,0.1,30,255,0.0,1,0.51367587,0.5136766,0.9946259,0.1012451,0.1012451,1.0,7.391068e-07,7.3001734e-06,-26.800217,2.1882207,0.72940695,0.15200001,0.0,0.17738228,7.620022,7.650022,819200
hardzero_plus_depr__c0p52__z1p00__lam0p030__nu0p50__psi1p25,hardzero_plus_depr,0.1,30,256,0.0,1,0.5136766,0.5136766,1.0388536,0.0,0.091442145,0.0,0.0,7.031484e-06,-27.503574,2.2855237,0.76184124,0.128,0.0,0.15972924,7.650022,7.6800222,822400
hardzero_plus_depr__c0p52__z1p00__lam0p030__nu0p50__psi1p25,hardzero_plus_depr,0.1,30,257,0.0,1,0.5136766,0.5136766,1.0220424,0.0,0.09505119,0.0,0.0,6.772684e-06,-27.107729,2.2485383,0.7495128,0.16000001,0.0,0.1550103,7.6800222,7.7100224,825600
hardzero_plus_depr__c0p52__z1p00__lam0p030__nu0p50__psi1p25,hardzero_plus_depr,0.1,30,258,0.0,1,0.5136766,0.5136766,1.0803288,0.0,0.08311342,0.0,0.0,6.523409e-06,-28.021702,2.376771,0.792257,0.16800001,0.0,0.15364467,7.7100224,7.7400227,828800
hardzero_plus_depr__c0p52__z1p00__lam0p030__nu0p50__psi1p25,hardzero_plus_depr,0.1,30,259,0.0,1,0.5136766,0.5136766,1.0002295,0.0,0.099947184,0.0,0.0,6.2833146e-06,-26.80936,2.200549,0.73351634,0.16000001,0.0,0.17045349,7.7400227,7.770023,832000
hardzero_plus_depr__c0p52__z1p00__lam0p030__nu0p50__psi1p25,hardzero_plus_depr,0.1,30,260,0.0,1,0.5136766,0.5136766,1.0445637,0.0,0.09024774,0.0,0.0,6.052051e-06,-26.996407,2.298086,0.76602864,0.14,0.0,0.1544238,7.770023,7.800023,835200
hardzero_plus_depr__c0p52__z1p00__lam0p030__nu0p50__psi1p25,hardzero_plus_depr,0.1,30,261,0.0,1,0.5136766,0.5136766,1.0316099,0.0,0.092980124,0.0,0.0,5.8293e-06,-27.314665,2.269587,0.75652903,0.17600001,0.0,0.17027006,7.800023,7.8300233,838400
hardzero_plus_depr__c0p52__z1p00__lam0p030__nu0p50__psi1p25,hardzero_plus_depr,0.1,30,262,0.0,1,0.5136766,0.5136766,1.000274,0.0,0.09993693,0.0,0.0,5.614747e-06,-26.78782,2.2006466,0.7335489,0.112,0.0,0.14334342,7.8300233,7.8600235,841600
hardzero_plus_depr__c0p52__z1p00__lam0p030__nu0p50__psi1p25,hardzero_plus_depr,0.1,30,263,0.0,1,0.5136766,0.5136771,0.9864802,0.10316201,0.10316201,1.0,5.579095e-07,5.4080906e-06,-26.11983,2.1702998,0.72343326,0.15200001,0.0,0.14159009,7.8600235,7.8900237,844800
hardzero_plus_depr__c0p52__z1p00__lam0p030__nu0p50__psi1p25,hardzero_plus_depr,0.1,30,264,0.0,1,0.5136771,0.51367766,0.98254865,0.10410015,0.10410015,1.0,5.4226194e-07,5.209041e-06,-26.767952,2.1616502,0.72055006,0.18400002,0.0,0.13238007,7.8900237,7.920024,848000
hardzero_plus_depr__c0p52__z1p00__lam0p030__nu0p50__psi1p25,hardzero_plus_depr,0.1,30,265,0.0,1,0.51367766,0.51367766,1.0837978,0.0,0.08245218,0.0,0.0,5.0173176e-06,-28.115248,2.3844028,0.79480094,0.128,0.0,0.17324367,7.920024,7.950024,851200
hardzero_plus_depr__c0p52__z1p00__lam0p030__nu0p50__psi1p25,hardzero_plus_depr,0.1,30,266,0.0,1,0.51367766,0.51367766,1.0357019,0.0,0.092108175,0.0,0.0,4.8326506e-06,-26.853767,2.2785897,0.75952995,0.136,0.0,0.15953542,7.950024,7.9800243,854400
hardzero_plus_depr__c0p52__z1p00__lam0p030__nu0p50__psi1p25,hardzero_plus_depr,0.1,30,267,0.0,1,0.51367766,0.51367766,1.0033684,0.0,0.0992274,0.0,0.0,4.65478e-06,-27.48058,2.2074544,0.73581815,0.16000001,0.0,0.15156943,7.9800243,8.010024,857600
hardzero_plus_depr__c0p52__z1p00__lam0p030__nu0p50__psi1p25,hardzero_plus_depr,0.1,30,268,0.0,1,0.51367766,0.51367766,1.0064898,0.0,0.0985168,0.0,0.0,4.483461e-06,-26.772602,2.2143216,0.7381072,0.120000005,0.0,0.14716971,8.010024,8.040024,860800
hardzero_plus_depr__c0p52__z1p00__lam0p030__nu0p50__psi1p25,hardzero_plus_depr,0.1,30,269,0.0,1,0.51367766,0.51367813,0.9829081,0.10401402,0.10401402,1.0,4.4917894e-07,4.3184464e-06,-26.341263,2.162441,0.7208137,0.136,0.0,0.12833184,8.040024,8.070024,864000
hardzero_plus_depr__c0p52__z1p00__lam0p030__nu0p50__psi1p25,hardzero_plus_depr,0.1,30,270,0.0,1,0.51367813,0.51367813,1.0963554,0.0,0.08010222,0.0,0.0,4.1595063e-06,-28.30816,2.4120302,0.8040101,0.128,0.0,0.16525073,8.070024,8.100023,867200
hardzero_plus_depr__c0p52__z1p00__lam0p030__nu0p50__psi1p25,hardzero_plus_depr,0.1,30,271,0.0,1,0.51367813,0.51367813,1.0176538,0.0,0.09601656,0.0,0.0,4.006415e-06,-26.820099,2.238883,0.7462944,0.16800001,0.0,0.14713822,8.100023,8.130023,870400
hardzero_plus_depr__c0p52__z1p00__lam0p030__nu0p50__psi1p25,hardzero_plus_depr,0.1,30,272,0.0,1,0.51367813,0.51367813,1.0524813,0.0,0.08861733,0.0,0.0,3.858955e-06,-27.586815,2.315505,0.771835,0.128,0.0,0.16402479,8.130023,8.160023,873600
hardzero_plus_depr__c0p52__z1p00__lam0p030__nu0p50__psi1p25,hardzero_plus_depr,0.1,30,273,0.0,1,0.51367813,0.5136785,0.9853683,0.103426464,0.103426464,1.0,3.8442855e-07,3.7169264e-06,-26.080849,2.1678536,0.72261786,0.19,0.0,0.15517469,8.160023,8.190022,876800
hardzero_plus_depr__c0p52__z1p00__lam0p030__nu0p50__psi1p25,hardzero_plus_depr,0.1,30,274,0.0,1,0.5136785,0.5136785,1.0173838,0.0,0.09607629,0.0,0.0,3.5801247e-06,-26.529339,2.238289,0.7460964,0.17600001,0.0,0.16621408,8.190022,8.220022,880000
hardzero_plus_depr__c0p52__z1p00__lam0p030__nu0p50__psi1p25,hardzero_plus_depr,0.1,30,275,0.0,1,0.5136785,0.5136785,1.0322254,0.0,0.09284845,0.0,0.0,3.4483546e-06,-27.969059,2.2709413,0.7569804,0.16000001,0.0,0.17319305,8.220022,8.250022,883200
hardzero_plus_depr__c0p52__z1p00__lam0p030__nu0p50__psi1p25,hardzero_plus_depr,0.1,30,276,0.0,1,0.5136785,0.5136785,1.090067,0.0,0.0812705,0.0,0.0,3.321438e-06,-28.714355,2.3981953,0.7993984,0.136,0.0,0.17983563,8.250022,8.280022,886400
hardzero_plus_depr__c0p52__z1p00__lam0p030__nu0p50__psi1p25,hardzero_plus_depr,0.1,30,277,0.0,1,0.5136785,0.5136785,1.1065826,0.0,0.07823792,0.0,0.0,3.1991924e-06,-28.22501,2.4345305,0.8115102,0.136,0.0,0.17530908,8.280022,8.310021,889600
hardzero_plus_depr__c0p52__z1p00__lam0p030__nu0p50__psi1p25,hardzero_plus_depr,0.1,30,278,0.0,1,0.5136785,0.5136785,1.0623031,0.0,0.0866357,0.0,0.0,3.081446e-06,-28.192669,2.3371134,0.77903783,0.120000005,0.0,0.16316076,8.310021,8.340021,892800
hardzero_plus_depr__c0p52__z1p00__lam0p030__nu0p50__psi1p25,hardzero_plus_depr,0.1,30,279,0.0,1,0.5136785,0.5136785,1.1020486,0.0,0.07905901,0.0,0.0,2.9680332e-06,-28.106506,2.4245553,0.8081851,0.112,0.0,0.16058312,8.340021,8.370021,896000
hardzero_plus_depr__c0p52__z1p00__lam0p030__nu0p50__psi1p25,hardzero_plus_depr,0.1,30,280,0.0,1,0.5136785,0.5136785,1.0083839,0.0,0.098088056,0.0,0.0,2.858792e-06,-26.091953,2.2184887,0.73949623,0.16800001,0.0,0.15467428,8.370021,8.400021,899200
hardzero_plus_depr__c0p52__z1p00__lam0p030__nu0p50__psi1p25,hardzero_plus_depr,0.1,30,281,0.0,1,0.5136785,0.5136785,1.0292361,0.0,0.093489714,0.0,0.0,2.753574e-06,-27.001364,2.2643645,0.75478816,0.208,0.0,0.14763314,8.400021,8.43002,902400
hardzero_plus_depr__c0p52__z1p00__lam0p030__nu0p50__psi1p25,hardzero_plus_depr,0.1,30,282,0.0,1,0.5136785,0.5136785,1.0274626,0.0,0.09387227,0.0,0.0,2.6522287e-06,-27.05685,2.2604628,0.7534876,0.136,0.0,0.19418582,8.43002,8.46002,905600
hardzero_plus_depr__c0p52__z1p00__lam0p030__nu0p50__psi1p25,hardzero_plus_depr,0.1,30,283,0.0,1,0.5136785,0.5136787,0.9959236,0.10094305,0.10094305,1.0,2.5787023e-07,2.554611e-06,-26.324463,2.1910756,0.73035854,0.15200001,0.0,0.14468858,8.46002,8.49002,908800
hardzero_plus_depr__c0p52__z1p00__lam0p030__nu0p50__psi1p25,hardzero_plus_depr,0.1,30,284,0.0,1,0.5136787,0.5136787,1.0327008,0.0,0.09274685,0.0,0.0,2.4605886e-06,-26.7602,2.271987,0.757329,0.16800001,0.0,0.1458721,8.49002,8.52002,912000
hardzero_plus_depr__c0p52__z1p00__lam0p030__nu0p50__psi1p25,hardzero_plus_depr,0.1,30,285,0.0,1,0.5136787,0.5136787,1.0027655,0.0,0.09936523,0.0,0.0,2.3700266e-06,-26.418646,2.2061284,0.7353761,0.15200001,0.0,0.15331854,8.52002,8.550019,915200
hardzero_plus_depr__c0p52__z1p00__lam0p030__nu0p50__psi1p25,hardzero_plus_depr,0.1,30,286,0.0,1,0.5136787,0.5136787,1.0123172,0.0,0.09720371,0.0,0.0,2.2827974e-06,-26.806206,2.2271423,0.7423808,0.14999999,0.0,0.14292519,8.550019,8.580019,918400
hardzero_plus_depr__c0p52__z1p00__lam0p030__nu0p50__psi1p25,hardzero_plus_depr,0.1,30,287,0.0,1,0.5136787,0.51367897,0.98355055,0.103860274,0.103860274,1.0,2.283658e-07,2.1987792e-06,-26.6349,2.1638544,0.7212848,0.192,0.0,0.14515322,8.580019,8.610019,921600
hardzero_plus_depr__c0p52__z1p00__lam0p030__nu0p50__psi1p25,hardzero_plus_depr,0.1,30,288,0.0,1,0.51367897,0.51367897,1.095131,0.0,0.080328375,0.0,0.0,2.117851e-06,-27.965242,2.4093363,0.80311215,0.112,0.0,0.19235614,8.610019,8.640018,924800
hardzero_plus_depr__c0p52__z1p00__lam0p030__nu0p50__psi1p25,hardzero_plus_depr,0.1,30,289,0.0,1,0.51367897,0.5136792,0.98246866,0.104119316,0.104119316,1.0,2.1239335e-07,2.0399034e-06,-26.986147,2.1614742,0.7204914,0.17600001,0.0,0.15458217,8.640018,8.670018,928000
hardzero_plus_depr__c0p52__z1p00__lam0p030__nu0p50__psi1p25,hardzero_plus_depr,0.1,30,290,0.0,1,0.5136792,0.5136792,1.062868,0.0,0.08652308,0.0,0.0,1.9648246e-06,-27.99725,2.3383563,0.7794521,0.128,0.0,0.14222948,8.670018,8.700018,931200
hardzero_plus_depr__c0p52__z1p00__lam0p030__nu0p50__psi1p25,hardzero_plus_depr,0.1,30,291,0.0,1,0.5136792,0.5136792,1.1163462,0.0,0.07649864,0.0,0.0,1.8925074e-06,-28.52382,2.4560108,0.8186703,0.120000005,0.0,0.18161021,8.700018,8.730018,934400
hardzero_plus_depr__c0p52__z1p00__lam0p030__nu0p50__psi1p25,hardzero_plus_depr,0.1,30,292,0.0,1,0.5136792,0.5136792,1.0098319,0.0,0.09776154,0.0,0.0,1.8228537e-06,-27.504053,2.2216747,0.74055827,0.16000001,0.0,0.15738802,8.730018,8.760017,937600
hardzero_plus_depr__c0p52__z1p00__lam0p030__nu0p50__psi1p25,hardzero_plus_depr,0.1,30,293,0.0,1,0.5136792,0.5136792,1.0455056,0.0,0.0900522,0.0,0.0,1.7557635e-06,-28.200798,2.3001583,0.76671946,0.208,0.0,0.18549283,8.760017,8.790017,940800
hardzero_plus_depr__c0p52__z1p00__lam0p030__nu0p50__psi1p25,hardzero_plus_depr,0.1,30,294,0.0,1,0.5136792,0.5136792,1.0181497,0.0,0.095907,0.0,0.0,1.6911425e-06,-27.085474,2.239974,0.746658,0.17600001,0.0,0.18822564,8.790017,8.820017,944000
hardzero_plus_depr__c0p52__z1p00__lam0p030__nu0p50__psi1p25,hardzero_plus_depr,0.1,30,295,0.0,1,0.5136792,0.5136792,1.07267,0.0,0.084592134,0.0,0.0,1.6288998e-06,-27.45356,2.359921,0.78664035,0.14400001,0.0,0.19445461,8.820017,8.850017,947200
hardzero_plus_depr__c0p52__z1p00__lam0p030__nu0p50__psi1p25,hardzero_plus_depr,0.1,30,296,0.0,1,0.5136792,0.5136792,1.0150104,0.0,0.09660278,0.0,0.0,1.5689466e-06,-26.876747,2.2330673,0.7443558,0.24000001,0.0,0.15904737,8.850017,8.880016,950400
hardzero_plus_depr__c0p52__z1p00__lam0p030__nu0p50__psi1p25,hardzero_plus_depr,0.1,30,297,0.0,1,0.5136792,0.5136792,1.0285168,0.0,0.09364469,0.0,0.0,1.5112015e-06,-26.778671,2.262782,0.7542607,0.17600001,0.0,0.16763814,8.880016,8.910016,953600
hardzero_plus_depr__c0p52__z1p00__lam0p030__nu0p50__psi1p25,hardzero_plus_depr,0.1,30,298,0.0,1,0.5136792,0.5136792,1.0626086,0.0,0.08657477,0.0,0.0,1.4555817e-06,-28.238787,2.3377857,0.77926195,0.15200001,0.0,0.1575328,8.910016,8.940016,956800
hardzero_plus_depr__c0p52__z1p00__lam0p030__nu0p50__psi1p25,hardzero_plus_depr,0.1,30,299,0.0,1,0.5136792,0.5136792,1.0225439,0.0,0.094941504,0.0,0.0,1.4020077e-06,-28.185238,2.2496414,0.7498805,0.16,0.0,0.15565774,8.940016,8.970016,960000
hardzero_plus_depr__c0p52__z1p00__lam0p030__nu0p50__psi1p25,hardzero_plus_depr,0.1,30,300,0.0,1,0.5136792,0.5136792,1.0065651,0.0,0.09849969,0.0,0.0,1.3504067e-06,-27.189827,2.2144876,0.7381625,0.15200001,0.0,0.19309121,8.970016,9.000015,963200
hardzero_plus_depr__c0p52__z1p00__lam0p030__nu0p50__psi1p25,hardzero_plus_depr,0.1,30,301,0.0,1,0.5136792,0.5136792,1.0535457,0.0,0.0884004,0.0,0.0,1.300705e-06,-28.37476,2.3178468,0.7726156,0.16000001,0.0,0.16969435,9.000015,9.030015,966400
hardzero_plus_depr__c0p52__z1p00__lam0p030__nu0p50__psi1p25,hardzero_plus_depr,0.1,30,302,0.0,1,0.5136792,0.5136793,0.99552846,0.101034924,0.101034924,1.0,1.2657983e-07,1.2528325e-06,-26.639307,2.1902063,0.7300688,0.15200001,0.0,0.17409444,9.030015,9.060015,969600
hardzero_plus_depr__c0p52__z1p00__lam0p030__nu0p50__psi1p25,hardzero_plus_depr,0.1,30,303,0.0,1,0.5136793,0.51367944,0.9954153,0.10106126,0.10106126,1.0,1.2195285e-07,1.206722e-06,-26.984398,2.1899574,0.72998583,0.208,0.0,0.14605078,9.060015,9.090014,972800
hardzero_plus_depr__c0p52__z1p00__lam0p030__nu0p50__psi1p25,hardzero_plus_depr,0.1,30,304,0.0,1,0.51367944,0.51367944,1.0172343,0.0,0.096109346,0.0,0.0,1.1623074e-06,-26.239101,2.23796,0.7459867,0.112,0.0,0.14169642,9.090014,9.120014,976000
hardzero_plus_depr__c0p52__z1p00__lam0p030__nu0p50__psi1p25,hardzero_plus_depr,0.1,30,305,0.0,1,0.51367944,0.51367944,1.0021726,0.0,0.09950099,0.0,0.0,1.1195287e-06,-26.475079,2.2048237,0.73494124,0.16000001,0.0,0.1757319,9.120014,9.150014,979200
hardzero_plus_depr__c0p52__z1p00__lam0p030__nu0p50__psi1p25,hardzero_plus_depr,0.1,30,306,0.0,1,0.51367944,0.51367944,1.0693243,0.0,0.08524633,0.0,0.0,1.0783243e-06,-28.633423,2.3525603,0.7841868,0.112,0.0,0.19523594,9.150014,9.180014,982400
hardzero_plus_depr__c0p52__z1p00__lam0p030__nu0p50__psi1p25,hardzero_plus_depr,0.1,30,307,0.0,1,0.51367944,0.51367944,1.0324136,0.0,0.09280821,0.0,0.0,1.0386356e-06,-27.325312,2.2713554,0.75711846,0.17600001,0.008,0.16245933,9.180014,9.210013,985600
hardzero_plus_depr__c0p52__z1p00__lam0p030__nu0p50__psi1p25,hardzero_plus_depr,0.1,30,308,0.0,1,0.51367944,0.51367944,1.0753006,0.0,0.08408129,0.0,0.0,1.0004086e-06,-28.139599,2.3657086,0.78856957,0.14400001,0.0,0.15546538,9.210013,9.240013,988800
hardzero_plus_depr__c0p52__z1p00__lam0p030__nu0p50__psi1p25,hardzero_plus_depr,0.1,30,309,0.0,1,0.51367944,0.51367944,1.0272287,0.0,0.093922846,0.0,0.0,9.635886e-07,-26.563087,2.2599483,0.7533161,0.192,0.0,0.13989931,9.240013,9.270013,992000
hardzero_plus_depr__c0p52__z1p00__lam0p030__nu0p50__psi1p25,hardzero_plus_depr,0.1,30,310,0.0,1,0.51367944,0.51367944,1.078835,0.0,0.083399795,0.0,0.0,9.281236e-07,-27.95097,2.3734844,0.7911615,0.17600001,0.0,0.16629992,9.270013,9.300013,995200
hardzero_plus_depr__c0p52__z1p00__lam0p030__nu0p50__psi1p25,hardzero_plus_depr,0.1,30,311,0.0,1,0.51367944,0.51367956,0.97051495,0.107024945,0.107024945,1.0,9.567645e-08,8.93964e-07,-27.693983,2.1351755,0.7117252,0.18400002,0.0,0.15309136,9.300013,9.330012,998400
hardzero_plus_depr__c0p52__z1p00__lam0p030__nu0p50__psi1p25,hardzero_plus_depr,0.1,30,312,0.0,1,0.51367956,0.51367956,1.0171641,0.0,0.09612488,0.0,0.0,8.6106076e-07,-27.41494,2.2378056,0.7459352,0.17999999,0.0,0.17110817,9.330012,9.360012,1001600
hardzero_plus_depr__c0p52__z1p00__lam0p030__nu0p50__psi1p25,hardzero_plus_depr,0.1,30,313,0.0,1,0.51367956,0.51367956,1.0196362,0.0,0.09557929,0.0,0.0,8.293694e-07,-27.14996,2.2432444,0.74774814,0.2,0.0,0.15575004,9.360012,9.390012,1004800
hardzero_plus_depr__c0p52__z1p00__lam0p030__nu0p50__psi1p25,hardzero_plus_depr,0.1,30,314,0.0,1,0.51367956,0.51367956,1.0526143,0.0,0.08859018,0.0,0.0,7.988445e-07,-26.721176,2.3157978,0.7719326,0.15200001,0.0,0.15921484,9.390012,9.4200115,1008000
hardzero_plus_depr__c0p52__z1p00__lam0p030__nu0p50__psi1p25,hardzero_plus_depr,0.1,30,315,0.0,1,0.51367956,0.51367956,1.0428131,0.0,0.09061224,0.0,0.0,7.6944224e-07,-28.17337,2.2942345,0.7647449,0.112,0.0,0.17279312,9.4200115,9.450011,1011200
hardzero_plus_depr__c0p52__z1p00__lam0p030__nu0p50__psi1p25,hardzero_plus_depr,0.1,30,316,0.0,1,0.51367956,0.5136796,0.9950722,0.10114114,0.10114114,1.0,7.495802e-08,7.411229e-07,-27.35439,2.1892025,0.7297342,0.192,0.0,0.15843304,9.450011,9.480011,1014400
hardzero_plus_depr__c0p52__z1p00__lam0p030__nu0p50__psi1p25,hardzero_plus_depr,0.1,30,317,0.0,1,0.5136796,0.5136796,1.0595222,0.0,0.08719223,0.0,0.0,7.138458e-07,-28.257145,2.3309953,0.77699846,0.128,0.0,0.17113814,9.480011,9.510011,1017600
hardzero_plus_depr__c0p52__z1p00__lam0p030__nu0p50__psi1p25,hardzero_plus_depr,0.1,30,318,0.0,1,0.5136796,0.5136796,1.0127836,0.0,0.097099364,0.0,0.0,6.875727e-07,-27.137041,2.2281685,0.74272287,0.16800001,0.0,0.16661233,9.510011,9.54001,1020800
hardzero_plus_depr__c0p52__z1p00__lam0p030__nu0p50__psi1p25,hardzero_plus_depr,0.1,30,319,0.0,1,0.5136796,0.5136797,0.9899504,0.102340974,0.102340974,1.0,6.7777016e-08,6.6226664e-07,-25.967058,2.1779344,0.72597814,0.16800001,0.0,0.16185845,9.54001,9.57001,1024000
hardzero_plus_depr__c0p52__z1p00__lam0p030__nu0p50__psi1p25,hardzero_plus_depr,0.1,30,320,0.0,1,0.5136797,0.51367974,0.9955527,0.10102929,0.10102929,1.0,6.44457e-08,6.378912e-07,-26.923489,2.1902597,0.73008657,0.14400001,0.0,0.16872068,9.57001,9.60001,1027200
hardzero_plus_depr__c0p52__z1p00__lam0p030__nu0p50__psi1p25,hardzero_plus_depr,0.1,30,321,0.0,1,0.51367974,0.51367974,1.0218828,0.0,0.09508614,0.0,0.0,6.1441364e-07,-26.672157,2.248187,0.7493957,0.112,0.0,0.14602125,9.60001,9.63001,1030400
hardzero_plus_depr__c0p52__z1p00__lam0p030__nu0p50__psi1p25,hardzero_plus_depr,0.1,30,322,0.0,1,0.51367974,0.51367974,1.0384202,0.0,0.09153345,0.0,0.0,5.9180013e-07,-27.05942,2.28457,0.76152337,0.136,0.0,0.16473587,9.63001,9.660009,1033600
hardzero_plus_depr__c0p52__z1p00__lam0p030__nu0p50__psi1p25,hardzero_plus_depr,0.1,30,323,0.0,1,0.51367974,0.51367974,1.0304996,0.0,0.09321813,0.0,0.0,5.7001836e-07,-27.722914,2.2671444,0.75571483,0.16000001,0.0,0.15991643,9.660009,9.690009,1036800
hardzero_plus_depr__c0p52__z1p00__lam0p030__nu0p50__psi1p25,hardzero_plus_depr,0.1,30,324,0.0,1,0.51367974,0.51367974,1.040137,0.0,0.09117231,0.0,0.0,5.490388e-07,-27.763317,2.2883472,0.76278245,0.16800001,0.0,0.16528189,9.690009,9.720009,1040000
hardzero_plus_depr__c0p52__z1p00__lam0p030__nu0p50__psi1p25,hardzero_plus_depr,0.1,30,325,0.0,1,0.51367974,0.5136798,0.98603314,0.10326825,0.10326825,1.0,5.461149e-08,5.288314e-07,-27.304522,2.1693163,0.72310543,0.17,0.0,0.1554994,9.720009,9.750009,1043200
hardzero_plus_depr__c0p52__z1p00__lam0p030__nu0p50__psi1p25,hardzero_plus_depr,0.1,30,326,0.0,1,0.5136798,0.5136798,1.030049,0.0,0.09331491,0.0,0.0,5.093678e-07,-27.968111,2.266153,0.7553844,0.16000001,0.0,0.15223311,9.750009,9.780008,1046400
hardzero_plus_depr__c0p52__z1p00__lam0p030__nu0p50__psi1p25,hardzero_plus_depr,0.1,30,327,0.0,1,0.5136798,0.5136798,1.0485907,0.0,0.08941478,0.0,0.0,4.906205e-07,-26.771658,2.3069456,0.7689819,0.128,0.0,0.1489529,9.780008,9.810008,1049600
hardzero_plus_depr__c0p52__z1p00__lam0p030__nu0p50__psi1p25,hardzero_plus_depr,0.1,30,328,0.0,1,0.5136798,0.5136798,1.0076857,0.0,0.09824588,0.0,0.0,4.7256273e-07,-26.452862,2.2169528,0.7389843,0.14400001,0.0,0.13742907,9.810008,9.840008,1052800
hardzero_plus_depr__c0p52__z1p00__lam0p030__nu0p50__psi1p25,hardzero_plus_depr,0.1,30,329,0.0,1,0.5136798,0.5136798,1.07172,0.0,0.08477738,0.0,0.0,4.5517e-07,-28.009424,2.357831,0.7859437,0.14400001,0.0,0.14833915,9.840008,9.8700075,1056000
hardzero_plus_depr__c0p52__z1p00__lam0p030__nu0p50__psi1p25,hardzero_plus_depr,0.1,30,330,0.0,1,0.5136798,0.5136798,1.0036224,0.0,0.09916938,0.0,0.0,4.3841746e-07,-27.264011,2.2080133,0.7360045,0.216,0.0,0.16328433,9.8700075,9.900007,1059200
hardzero_plus_depr__c0p52__z1p00__lam0p030__nu0p50__psi1p25,hardzero_plus_depr,0.1,30,331,0.0,1,0.5136798,0.5136798,1.0024441,0.0,0.099438794,0.0,0.0,4.2228112e-07,-27.558968,2.2054212,0.73514044,0.128,0.0,0.16062653,9.900007,9.930007,1062400
hardzero_plus_depr__c0p52__z1p00__lam0p030__nu0p50__psi1p25,hardzero_plus_depr,0.1,30,332,0.0,1,0.5136798,0.51367986,0.96469504,0.10846883,0.10846883,1.0,4.4118508e-08,4.0673905e-07,-26.38349,2.1223714,0.7074572,0.23200001,0.0,0.1490705,9.930007,9.960007,1065600
hardzero_plus_depr__c0p52__z1p00__lam0p030__nu0p50__psi1p25,hardzero_plus_depr,0.1,30,333,0.0,1,0.51367986,0.51367986,1.066313,0.0,0.08583946,0.0,0.0,3.91769e-07,-27.227375,2.3459356,0.78197855,0.08800001,0.0,0.16081136,9.960007,9.990006,1068800
hardzero_plus_depr__c0p52__z1p00__lam0p030__nu0p50__psi1p25,hardzero_plus_depr,0.1,30,334,0.0,1,0.51367986,0.51367986,1.0315726,0.0,0.0929881,0.0,0.0,3.7734992e-07,-27.402905,2.269505,0.7565017,0.16800001,0.0,0.14911067,9.990006,10.020006,1072000
hardzero_plus_depr__c0p52__z1p00__lam0p030__nu0p50__psi1p25,hardzero_plus_depr,0.1,30,335,0.0,1,0.51367986,0.51367986,1.0231113,0.0,0.09481754,0.0,0.0,3.6346154e-07,-27.13664,2.2508898,0.7502966,0.136,0.0,0.13762808,10.020006,10.050006,1075200
hardzero_plus_depr__c0p52__z1p00__lam0p030__nu0p50__psi1p25,hardzero_plus_depr,0.1,30,336,0.0,1,0.51367986,0.51367986,1.0480304,0.0,0.089530215,0.0,0.0,3.50084e-07,-27.664396,2.305713,0.768571,0.16800001,0.0,0.18251261,10.050006,10.080006,1078400
hardzero_plus_depr__c0p52__z1p00__lam0p030__nu0p50__psi1p25,hardzero_plus_depr,0.1,30,337,0.0,1,0.51367986,0.5136799,0.9958044,0.10097075,0.10097075,1.0,3.4047254e-08,3.3719917e-07,-27.27469,2.1908135,0.7302712,0.16800001,0.0,0.13136302,10.080006,10.110005,1081600
hardzero_plus_depr__c0p52__z1p00__lam0p030__nu0p50__psi1p25,hardzero_plus_depr,0.1,30,338,0.0,1,0.5136799,0.51368,0.9982473,0.10040439,0.10040439,1.0,3.2610192e-08,3.2478852e-07,-26.454279,2.196188,0.7320627,0.13,0.0,0.1425567,10.110005,10.140005,1084800
hardzero_plus_depr__c0p52__z1p00__lam0p030__nu0p50__psi1p25,hardzero_plus_depr,0.1,30,339,0.0,1,0.51368,0.51368,1.0316055,0.0,0.092981055,0.0,0.0,3.128344e-07,-27.25506,2.2695773,0.75652575,0.17600001,0.0,0.18949407,10.140005,10.170005,1088000
hardzero_plus_depr__c0p52__z1p00__lam0p030__nu0p50__psi1p25,hardzero_plus_depr,0.1,30,340,0.0,1,0.51368,0.51368,1.1057327,0.0,0.078391194,0.0,0.0,3.013205e-07,-27.83222,2.4326603,0.8108868,0.104,0.0,0.17516772,10.170005,10.200005,1091200
hardzero_plus_depr__c0p52__z1p00__lam0p030__nu0p50__psi1p25,hardzero_plus_depr,0.1,30,341,0.0,1,0.51368,0.51368,0.9897031,0.102399275,0.102399275,1.0,2.971938e-08,2.902304e-07,-26.841074,2.1773903,0.7257968,0.2,0.0,0.18643916,10.200005,10.230004,1094400
hardzero_plus_depr__c0p52__z1p00__lam0p030__nu0p50__psi1p25,hardzero_plus_depr,0.1,30,342,0.0,1,0.51368,0.51368,1.0319786,0.0,0.092901215,0.0,0.0,2.7954846e-07,-27.22694,2.2703981,0.7567994,0.136,0.0,0.13444565,10.230004,10.260004,1097600
hardzero_plus_depr__c0p52__z1p00__lam0p030__nu0p50__psi1p25,hardzero_plus_depr,0.1,30,343,0.0,1,0.51368,0.51368,1.0388027,0.0,0.091452844,0.0,0.0,2.6925966e-07,-27.677525,2.2854116,0.76180387,0.128,0.0,0.18837395,10.260004,10.290004,1100800
hardzero_plus_depr__c0p52__z1p00__lam0p030__nu0p50__psi1p25,hardzero_plus_depr,0.1,30,344,0.0,1,0.51368,0.51368,1.0128062,0.0,0.097094305,0.0,0.0,2.5934932e-07,-26.540724,2.228218,0.7427394,0.192,0.0,0.13492668,10.290004,10.3200035,1104000
hardzero_plus_depr__c0p52__z1p00__lam0p030__nu0p50__psi1p25,hardzero_plus_depr,0.1,30,345,0.0,1,0.51368,0.51368,1.0452377,0.0,0.09010778,0.0,0.0,2.4980395e-07,-27.169064,2.2995687,0.7665229,0.15200001,0.0,0.17394695,10.3200035,10.350003,1107200
hardzero_plus_depr__c0p52__z1p00__lam0p030__nu0p50__psi1p25,hardzero_plus_depr,0.1,30,346,0.0,1,0.51368,0.51368,1.0905344,0.0,0.08118309,0.0,0.0,2.406099e-07,-28.106634,2.3992238,0.79974127,0.104,0.0,0.1867231,10.350003,10.380003,1110400
hardzero_plus_depr__c0p52__z1p00__lam0p030__nu0p50__psi1p25,hardzero_plus_depr,0.1,30,347,0.0,1,0.51368,0.51368,1.0603728,0.0,0.08702162,0.0,0.0,2.3175403e-07,-27.732443,2.332867,0.77762234,0.136,0.0,0.16282736,10.380003,10.410003,1113600
hardzero_plus_depr__c0p52__z1p00__lam0p030__nu0p50__psi1p25,hardzero_plus_depr,0.1,30,348,0.0,1,0.51368,0.51368,1.0684745,0.0,0.0854133,0.0,0.0,2.2322429e-07,-28.1444,2.3506908,0.7835636,0.120000005,0.0,0.16439246,10.410003,10.440002,1116800
hardzero_plus_depr__c0p52__z1p00__lam0p030__nu0p50__psi1p25,hardzero_plus_depr,0.1,30,349,0.0,1,0.51368,0.51368,1.0416865,0.0,0.09084759,0.0,0.0,2.1500853e-07,-27.287306,2.2917562,0.76391876,0.112,0.0,0.13943549,10.440002,10.470002,1120000
hardzero_plus_depr__c0p52__z1p00__lam0p030__nu0p50__psi1p25,hardzero_plus_depr,0.1,30,350,0.0,1,0.51368,0.51368,0.99716127,0.10065578,0.10065578,1.0,2.0845324e-08,2.0709516e-07,-26.94557,2.1937985,0.7312662,0.16800001,0.0,0.1526001,10.470002,10.500002,1123200
hardzero_plus_depr__c0p52__z1p00__lam0p030__nu0p50__psi1p25,hardzero_plus_depr,0.1,30,351,0.0,1,0.51368,0.51368,1.062959,0.0,0.08650497,0.0,0.0,1.9947299e-07,-27.88081,2.3385565,0.77951884,0.16,0.0,0.15514413,10.500002,10.530002,1126400
hardzero_plus_depr__c0p52__z1p00__lam0p030__nu0p50__psi1p25,hardzero_plus_depr,0.1,30,352,0.0,1,0.51368,0.51368,1.024986,0.0,0.094409116,0.0,0.0,1.9213121e-07,-28.084757,2.2550142,0.75167143,0.17600001,0.0,0.16919094,10.530002,10.560001,1129600
hardzero_plus_depr__c0p52__z1p00__lam0p030__nu0p50__psi1p25,hardzero_plus_depr,0.1,30,353,0.0,1,0.51368,0.51368,0.98793876,0.10281611,0.10281611,1.0,1.902713e-08,1.850598e-07,-26.879248,2.1735086,0.7245029,0.16800001,0.0,0.14589229,10.560001,10.590001,1132800
hardzero_plus_depr__c0p52__z1p00__lam0p030__nu0p50__psi1p25,hardzero_plus_depr,0.1,30,354,0.0,1,0.51368,0.51368,1.0408165,0.0,0.091029756,0.0,0.0,1.7824867e-07,-27.585419,2.2898421,0.76328075,0.128,0.0,0.17577659,10.590001,10.620001,1136000
hardzero_plus_depr__c0p52__z1p00__lam0p030__nu0p50__psi1p25,hardzero_plus_depr,0.1,30,355,0.0,1,0.51368,0.51368,1.04962,0.0,0.08920312,0.0,0.0,1.7168806e-07,-27.816624,2.30921,0.7697367,0.128,0.0,0.14119095,10.620001,10.650001,1139200
hardzero_plus_depr__c0p52__z1p00__lam0p030__nu0p50__psi1p25,hardzero_plus_depr,0.1,30,356,0.0,1,0.51368,0.51368,1.0096749,0.0,0.097796895,0.0,0.0,1.6536909e-07,-27.194733,2.2213292,0.7404431,0.14400001,0.0,0.16776454,10.650001,10.68,1142400
hardzero_plus_depr__c0p52__z1p00__lam0p030__nu0p50__psi1p25,hardzero_plus_depr,0.1,30,357,0.0,1,0.51368,0.51368,1.0169753,0.0,0.09616669,0.0,0.0,1.5928266e-07,-27.251743,2.2373903,0.7457968,0.16800001,0.0,0.15855703,10.68,10.71,1145600
hardzero_plus_depr__c0p52__z1p00__lam0p030__nu0p50__psi1p25,hardzero_plus_depr,0.1,30,358,0.0,1,0.51368,0.51368,1.028844,0.0,0.09357417,0.0,0.0,1.5342026e-07,-27.85152,2.2635021,0.75450075,0.2,0.0,0.1778099,10.71,10.74,1148800
hardzero_plus_depr__c0p52__z1p00__lam0p030__nu0p50__psi1p25,hardzero_plus_depr,0.1,30,359,0.0,1,0.51368,0.51368,1.0506483,0.0,0.088992134,0.0,0.0,1.4777363e-07,-27.230644,2.3114724,0.7704908,0.120000005,0.0,0.16328572,10.74,10.7699995,1152000
hardzero_plus_depr__c0p52__z1p00__lam0p030__nu0p50__psi1p25,hardzero_plus_depr,0.1,30,360,0.0,1,0.51368,0.51368,1.0158634,0.0,0.09641321,0.0,0.0,1.4233467e-07,-27.02055,2.234944,0.7449814,0.208,0.0,0.16221583,10.7699995,10.799999,1155200
hardzero_plus_depr__c0p52__z1p00__lam0p030__nu0p50__psi1p25,hardzero_plus_depr,0.1,30,361,0.0,1,0.51368,0.51368,1.0273328,0.0,0.09390035,0.0,0.0,1.3709605e-07,-26.90927,2.2601774,0.75339246,0.18400002,0.0,0.13967302,10.799999,10.829999,1158400
hardzero_plus_depr__c0p52__z1p00__lam0p030__nu0p50__psi1p25,hardzero_plus_depr,0.1,30,362,0.0,1,0.51368,0.51368,1.0391698,0.0,0.09137559,0.0,0.0,1.3205022e-07,-28.121862,2.2862191,0.76207304,0.128,0.0,0.16388372,10.829999,10.859999,1161600
hardzero_plus_depr__c0p52__z1p00__lam0p030__nu0p50__psi1p25,hardzero_plus_depr,0.1,30,363,0.0,1,0.51368,0.51368,1.0392586,0.0,0.09135692,0.0,0.0,1.2718998e-07,-28.054878,2.2864146,0.76213825,0.128,0.0,0.1839988,10.859999,10.889998,1164800
hardzero_plus_depr__c0p52__z1p00__lam0p030__nu0p50__psi1p25,hardzero_plus_depr,0.1,30,364,0.0,1,0.51368,0.51368,1.1047585,0.0,0.07856723,0.0,0.0,1.2250875e-07,-28.935738,2.4305172,0.81017244,0.17,0.0,0.19484706,10.889998,10.919998,1168000
hardzero_plus_depr__c0p52__z1p00__lam0p030__nu0p50__psi1p25,hardzero_plus_depr,0.1,30,365,0.0,1,0.51368,0.51368,1.0450017,0.0,0.09015676,0.0,0.0,1.1799981e-07,-27.623772,2.2990496,0.7663499,0.14400001,0.0,0.1507967,10.919998,10.949998,1171200
hardzero_plus_depr__c0p52__z1p00__lam0p030__nu0p50__psi1p25,hardzero_plus_depr,0.1,30,366,0.0,1,0.51368,0.51368,1.0496968,0.0,0.08918734,0.0,0.0,1.13656824e-07,-27.178234,2.309379,0.76979303,0.15200001,0.0,0.15306862,10.949998,10.979998,1174400
hardzero_plus_depr__c0p52__z1p00__lam0p030__nu0p50__psi1p25,hardzero_plus_depr,0.1,30,367,0.0,1,0.51368,0.51368,0.9762283,0.1056262,0.1056262,1.0,1.1563289e-08,1.0947368e-07,-27.20269,2.1477451,0.7159151,0.208,0.0,0.15277869,10.979998,11.009997,1177600
hardzero_plus_depr__c0p52__z1p00__lam0p030__nu0p50__psi1p25,hardzero_plus_depr,0.1,30,368,0.0,1,0.51368,0.51368,1.0527842,0.0,0.08855555,0.0,0.0,1.0544439e-07,-27.742414,2.3161714,0.7720572,0.14400001,0.0,0.19143507,11.009997,11.039997,1180800
hardzero_plus_depr__c0p52__z1p00__lam0p030__nu0p50__psi1p25,hardzero_plus_depr,0.1,30,369,0.0,1,0.51368,0.51368,1.0350316,0.0,0.09225043,0.0,0.0,1.0156352e-07,-27.057188,2.2771149,0.7590383,0.136,0.0,0.17239222,11.039997,11.069997,1184000
hardzero_plus_depr__c0p52__z1p00__lam0p030__nu0p50__psi1p25,hardzero_plus_depr,0.1,30,370,0.0,1,0.51368,0.51368,1.019608,0.0,0.095585495,0.0,0.0,9.782547e-08,-27.708408,2.2431824,0.7477275,0.208,0.0,0.17053355,11.069997,11.099997,1187200
hardzero_plus_depr__c0p52__z1p00__lam0p030__nu0p50__psi1p25,hardzero_plus_depr,0.1,30,371,0.0,1,0.51368,0.51368,1.0432256,0.0,0.090526216,0.0,0.0,9.422491e-08,-27.949865,2.2951422,0.76504743,0.136,0.0,0.19384898,11.099997,11.129996,1190400
hardzero_plus_depr__c0p52__z1p00__lam0p030__nu0p50__psi1p25,hardzero_plus_depr,0.1,30,372,0.0,1,0.51368,0.51368,1.0302858,0.0,0.09326401,0.0,0.0,9.075696e-08,-27.245447,2.266674,0.755558,0.17600001,0.0,0.14295347,11.129996,11.159996,1193600
hardzero_plus_depr__c0p52__z1p00__lam0p030__nu0p50__psi1p25,hardzero_plus_depr,0.1,30,373,0.0,1,0.51368,0.51368,1.073508,0.0,0.084429055,0.0,0.0,8.7416645e-08,-28.653513,2.361765,0.787255,0.16800001,0.0,0.17536907,11.159996,11.189996,1196800
hardzero_plus_depr__c0p52__z1p00__lam0p030__nu0p50__psi1p25,hardzero_plus_depr,0.1,30,374,0.0,1,0.51368,0.51368,1.0090501,0.0,0.09793768,0.0,0.0,8.419927e-08,-27.431444,2.2199547,0.7399849,0.16800001,0.0,0.16100617,11.189996,11.2199955,1200000
hardzero_plus_depr__c0p52__z1p00__lam0p030__nu0p50__psi1p25,hardzero_plus_depr,0.1,30,375,0.0,1,0.51368,0.51368,1.0188401,0.0,0.095754646,0.0,0.0,8.110032e-08,-27.120842,2.241493,0.74716437,0.16000001,0.0,0.14663886,11.2199955,11.249995,1203200
hardzero_plus_depr__c0p52__z1p00__lam0p030__nu0p50__psi1p25,hardzero_plus_depr,0.1,30,376,0.0,1,0.51368,0.51368,1.0889667,0.0,0.08147666,0.0,0.0,7.811534e-08,-28.606308,2.3957746,0.79859155,0.128,0.0,0.17812257,11.249995,11.279995,1206400
hardzero_plus_depr__c0p52__z1p00__lam0p030__nu0p50__psi1p25,hardzero_plus_depr,0.1,30,377,0.0,1,0.51368,0.51368,1.0970752,0.0,0.07996958,0.0,0.0,7.52403e-08,-28.632917,2.4136138,0.80453795,0.14999999,0.0,0.20254466,11.279995,11.309995,1209600
hardzero_plus_depr__c0p52__z1p00__lam0p030__nu0p50__psi1p25,hardzero_plus_depr,0.1,30,378,0.0,1,0.51368,0.51368,1.0030309,0.0,0.099304534,0.0,0.0,7.247108e-08,-27.029238,2.206712,0.73557067,0.15200001,0.0,0.13813294,11.309995,11.339994,1212800
hardzero_plus_depr__c0p52__z1p00__lam0p030__nu0p50__psi1p25,hardzero_plus_depr,0.1,30,379,0.0,1,0.51368,0.51368,1.0197207,0.0,0.0955607,0.0,0.0,6.980371e-08,-26.517904,2.2434304,0.7478101,0.2,0.0,0.13892564,11.339994,11.369994,1216000
hardzero_plus_depr__c0p52__z1p00__lam0p030__nu0p50__psi1p25,hardzero_plus_depr,0.1,30,380,0.0,1,0.51368,0.51368,1.022356,0.0,0.09498257,0.0,0.0,6.723459e-08,-27.805292,2.2492282,0.74974275,0.208,0.0,0.16756207,11.369994,11.399994,1219200
hardzero_plus_depr__c0p52__z1p00__lam0p030__nu0p50__psi1p25,hardzero_plus_depr,0.1,30,381,0.0,1,0.51368,0.51368,1.0533577,0.0,0.08843868,0.0,0.0,6.4760016e-08,-27.50547,2.3174334,0.7724778,0.18400002,0.008,0.17555813,11.399994,11.429994,1222400
hardzero_plus_depr__c0p52__z1p00__lam0p030__nu0p50__psi1p25,hardzero_plus_depr,0.1,30,382,0.0,1,0.51368,0.51368,1.0926828,0.0,0.08078247,0.0,0.0,6.237652e-08,-28.934786,2.4039502,0.80131674,0.136,0.0,0.17667975,11.429994,11.459993,1225600
hardzero_plus_depr__c0p52__z1p00__lam0p030__nu0p50__psi1p25,hardzero_plus_depr,0.1,30,383,0.0,1,0.51368,0.51368,1.01852,0.0,0.09582527,0.0,0.0,6.008076e-08,-27.565355,2.2407887,0.7469296,0.17600001,0.0,0.16709664,11.459993,11.489993,1228800
hardzero_plus_depr__c0p52__z1p00__lam0p030__nu0p50__psi1p25,hardzero_plus_depr,0.1,30,384,0.0,1,0.51368,0.51368,1.0277834,0.0,0.093802966,0.0,0.0,5.786942e-08,-27.2369,2.2611687,0.7537229,0.14400001,0.0,0.16646835,11.489993,11.519993,1232000
hardzero_plus_depr__c0p52__z1p00__lam0p030__nu0p50__psi1p25,hardzero_plus_depr,0.1,30,385,0.0,1,0.51368,0.51368,1.1017843,0.0,0.079107136,0.0,0.0,5.573953e-08,-29.362297,2.423974,0.8079914,0.17600001,0.0,0.1895799,11.519993,11.549993,1235200
hardzero_plus_depr__c0p52__z1p00__lam0p030__nu0p50__psi1p25,hardzero_plus_depr,0.1,30,386,0.0,1,0.51368,0.51368,1.0688632,0.0,0.08533689,0.0,0.0,5.368804e-08,-27.430592,2.3515458,0.78384864,0.064,0.0,0.17302692,11.549993,11.579992,1238400
hardzero_plus_depr__c0p52__z1p00__lam0p030__nu0p50__psi1p25,hardzero_plus_depr,0.1,30,387,0.0,1,0.51368,0.51368,1.0360719,0.0,0.09202972,0.0,0.0,5.1712004e-08,-27.563139,2.2794037,0.75980127,0.16800001,0.0,0.1594562,11.579992,11.609992,1241600
hardzero_plus_depr__c0p52__z1p00__lam0p030__nu0p50__psi1p25,hardzero_plus_depr,0.1,30,388,0.0,1,0.51368,0.51368,0.96462846,0.10848545,0.10848545,1.0,5.4035243e-09,4.9808744e-08,-25.510674,2.122225,0.70740837,0.18400002,0.0,0.13021345,11.609992,11.639992,1244800
hardzero_plus_depr__c0p52__z1p00__lam0p030__nu0p50__psi1p25,hardzero_plus_depr,0.1,30,389,0.0,1,0.51368,0.51368,1.0557505,0.0,0.08795276,0.0,0.0,4.797553e-08,-28.216242,2.3226974,0.7742325,0.104,0.0,0.1705699,11.639992,11.6699915,1248000
hardzero_plus_depr__c0p52__z1p00__lam0p030__nu0p50__psi1p25,hardzero_plus_depr,0.1,30,390,0.0,1,0.51368,0.51368,1.0360863,0.0,0.09202667,0.0,0.0,4.6209788e-08,-27.517712,2.2794354,0.7598118,0.17999999,0.0,0.14697312,11.6699915,11.699991,1251200
hardzero_plus_depr__c0p52__z1p00__lam0p030__nu0p50__psi1p25,hardzero_plus_depr,0.1,30,391,0.0,1,0.51368,0.51368,0.98836726,0.10271473,0.10271473,1.0,4.571733e-09,4.4509033e-08,-25.994278,2.1744514,0.72481716,0.136,0.0,0.12629613,11.699991,11.729991,1254400
hardzero_plus_depr__c0p52__z1p00__lam0p030__nu0p50__psi1p25,hardzero_plus_depr,0.1,30,392,0.0,1,0.51368,0.51368,1.0112087,0.0,0.097452134,0.0,0.0,4.2870838e-08,-27.11258,2.2247036,0.74156785,0.17600001,0.0,0.15699328,11.729991,11.759991,1257600
hardzero_plus_depr__c0p52__z1p00__lam0p030__nu0p50__psi1p25,hardzero_plus_depr,0.1,30,393,0.0,1,0.51368,0.51368,1.0505929,0.0,0.08900351,0.0,0.0,4.1292974e-08,-27.39035,2.3113506,0.77045023,0.096,0.0,0.20052041,11.759991,11.78999,1260800
hardzero_plus_depr__c0p52__z1p00__lam0p030__nu0p50__psi1p25,hardzero_plus_depr,0.1,30,394,0.0,1,0.51368,0.51368,1.0821661,0.0,0.082762554,0.0,0.0,3.9773184e-08,-28.278028,2.380813,0.7936043,0.16000001,0.0,0.19748122,11.78999,11.81999,1264000
hardzero_plus_depr__c0p52__z1p00__lam0p030__nu0p50__psi1p25,hardzero_plus_depr,0.1,30,395,0.0,1,0.51368,0.51368,1.0449039,0.0,0.090177074,0.0,0.0,3.8309295e-08,-28.02999,2.2988343,0.76627815,0.16000001,0.0,0.16516231,11.81999,11.84999,1267200
hardzero_plus_depr__c0p52__z1p00__lam0p030__nu0p50__psi1p25,hardzero_plus_depr,0.1,30,396,0.0,1,0.51368,0.51368,1.0417504,0.0,0.09083423,0.0,0.0,3.689932e-08,-27.061228,2.2918966,0.76396555,0.192,0.0,0.1681588,11.84999,11.87999,1270400
hardzero_plus_depr__c0p52__z1p00__lam0p030__nu0p50__psi1p25,hardzero_plus_depr,0.1,30,397,0.0,1,0.51368,0.51368,1.0353457,0.0,0.09218375,0.0,0.0,3.5541245e-08,-27.826372,2.277806,0.7592687,0.136,0.0,0.14816837,11.87999,11.909989,1273600
hardzero_plus_depr__c0p52__z1p00__lam0p030__nu0p50__psi1p25,hardzero_plus_depr,0.1,30,398,0.0,1,0.51368,0.51368,1.0418242,0.0,0.09081879,0.0,0.0,3.4233146e-08,-26.975708,2.2920592,0.7640197,0.16000001,0.0,0.14820664,11.909989,11.939989,1276800
hardzero_plus_depr__c0p52__z1p00__lam0p030__nu0p50__psi1p25,hardzero_plus_depr,0.1,30,399,0.0,1,0.51368,0.51368,1.0821954,0.0,0.08275697,0.0,0.0,3.297319e-08,-28.237717,2.3808775,0.79362583,0.128,0.0,0.16179107,11.939989,11.969989,1280000
hardzero_plus_depr__c0p52__z1p00__lam0p030__nu0p50__psi1p25,hardzero_plus_depr,0.1,30,400,0.0,1,0.51368,0.51368,1.097628,0.0,0.07986785,0.0,0.0,3.175958e-08,-28.4769,2.4148297,0.80494326,0.096,0.0,0.16595817,11.969989,11.999989,1283200
hardzero_plus_depr__c0p52__z1p00__lam0p030__nu0p50__psi1p25,hardzero_plus_depr,0.1,30,401,0.0,1,0.51368,0.51368,0.9999754,0.10000567,0.10000567,1.0,3.0592404e-09,3.059067e-08,-26.705511,2.1999898,0.73332995,0.17600001,0.0,0.17372367,11.999989,12.029988,1286400
hardzero_plus_depr__c0p52__z1p00__lam0p030__nu0p50__psi1p25,hardzero_plus_depr,0.1,30,402,0.0,1,0.51368,0.51368,1.0431135,0.0,0.090549596,0.0,0.0,2.946478e-08,-27.390015,2.2948954,0.7649652,0.112,0.0,0.18966576,12.029988,12.059988,1289600
hardzero_plus_depr__c0p52__z1p00__lam0p030__nu0p50__psi1p25,hardzero_plus_depr,0.1,30,403,0.0,1,0.51368,0.51368,1.0164553,0.0,0.09628191,0.0,0.0,2.8380299e-08,-27.19344,2.2362463,0.74541545,0.17999999,0.0,0.15684073,12.059988,12.089988,1292800
hardzero_plus_depr__c0p52__z1p00__lam0p030__nu0p50__psi1p25,hardzero_plus_depr,0.1,30,404,0.0,1,0.51368,0.51368,1.0871377,0.0,0.08182054,0.0,0.0,2.7335764e-08,-27.921154,2.3917506,0.7972502,0.16800001,0.0,0.19030288,12.089988,12.1199875,1296000
hardzero_plus_depr__c0p52__z1p00__lam0p030__nu0p50__psi1p25,hardzero_plus_depr,0.1,30,405,0.0,1,0.51368,0.51368,1.0600199,0.0,0.08709238,0.0,0.0,2.632967e-08,-27.674244,2.3320901,0.7773634,0.104,0.0,0.1925779,12.1199875,12.149987,1299200
hardzero_plus_depr__c0p52__z1p00__lam0p030__nu0p50__psi1p25,hardzero_plus_depr,0.1,30,406,0.0,1,0.51368,0.51368,1.0270435,0.0,0.093962915,0.0,0.0,2.5360606e-08,-27.550388,2.2595408,0.75318027,0.112,0.0,0.15767069,12.149987,12.179987,1302400
hardzero_plus_depr__c0p52__z1p00__lam0p030__nu0p50__psi1p25,hardzero_plus_depr,0.1,30,407,0.0,1,0.51368,0.51368,1.0270784,0.0,0.09395537,0.0,0.0,2.4427209e-08,-27.637564,2.2596176,0.7532059,0.192,0.0,0.15584154,12.179987,12.209987,1305600
hardzero_plus_depr__c0p52__z1p00__lam0p030__nu0p50__psi1p25,hardzero_plus_depr,0.1,30,408,0.0,1,0.51368,0.51368,0.9983562,0.100379206,0.100379206,1.0,2.361736e-09,2.352814e-08,-26.462435,2.1964276,0.73214257,0.14400001,0.0,0.1875827,12.209987,12.239986,1308800
hardzero_plus_depr__c0p52__z1p00__lam0p030__nu0p50__psi1p25,hardzero_plus_depr,0.1,30,409,0.0,1,0.51368,0.51368,1.082159,0.0,0.082763895,0.0,0.0,2.2662187e-08,-28.546686,2.3807974,0.7935991,0.16800001,0.0,0.19054359,12.239986,12.269986,1312000
hardzero_plus_depr__c0p52__z1p00__lam0p030__nu0p50__psi1p25,hardzero_plus_depr,0.1,30,410,0.0,1,0.51368,0.51368,1.0147616,0.0,0.09665815,0.0,0.0,2.1828104e-08,-27.037369,2.23252,0.7441734,0.192,0.0,0.15274501,12.269986,12.299986,1315200
hardzero_plus_depr__c0p52__z1p00__lam0p030__nu0p50__psi1p25,hardzero_plus_depr,0.1,30,411,0.0,1,0.51368,0.51368,1.021159,0.0,0.09524472,0.0,0.0,2.10247e-08,-26.972649,2.246595,0.748865,0.08800001,0.0,0.17705639,12.299986,12.329986,1318400
hardzero_plus_depr__c0p52__z1p00__lam0p030__nu0p50__psi1p25,hardzero_plus_depr,0.1,30,412,0.0,1,0.51368,0.51368,1.0622809,0.0,0.08664013,0.0,0.0,2.0250885e-08,-28.535189,2.3370647,0.7790216,0.17600001,0.0,0.1609736,12.329986,12.359985,1321600
hardzero_plus_depr__c0p52__z1p00__lam0p030__nu0p50__psi1p25,hardzero_plus_depr,0.1,30,413,0.0,1,0.51368,0.51368,1.0620055,0.0,0.08669509,0.0,0.0,1.950555e-08,-27.931833,2.3364587,0.77881956,0.16000001,0.0,0.17409013,12.359985,12.389985,1324800
hardzero_plus_depr__c0p52__z1p00__lam0p030__nu0p50__psi1p25,hardzero_plus_depr,0.1,30,414,0.0,1,0.51368,0.51368,0.98556274,0.10338016,0.10338016,1.0,1.9422701e-09,1.8787649e-08,-26.53229,2.1682813,0.72276044,0.16000001,0.0,0.1631617,12.389985,12.419985,1328000
hardzero_plus_depr__c0p52__z1p00__lam0p030__nu0p50__psi1p25,hardzero_plus_depr,0.1,30,415,0.0,1,0.51368,0.51368,1.0369256,0.0,0.091849014,0.0,0.0,1.8096168e-08,-27.377426,2.2812817,0.76042724,0.128,0.0,0.15274182,12.419985,12.449985,1331200
hardzero_plus_depr__c0p52__z1p00__lam0p030__nu0p50__psi1p25,hardzero_plus_depr,0.1,30,416,0.0,1,0.51368,0.51368,1.0070571,0.0,0.09838819,0.0,0.0,1.7430123e-08,-27.484917,2.2155697,0.73852324,0.12,0.0,0.12614481,12.449985,12.479984,1334400
hardzero_plus_depr__c0p52__z1p00__lam0p030__nu0p50__psi1p25,hardzero_plus_depr,0.1,30,417,0.0,1,0.51368,0.51368,0.9758047,0.10572929,0.10572929,1.0,1.7750474e-09,1.6788606e-08,-25.855106,2.1468132,0.7156044,0.16800001,0.0,0.1350989,12.479984,12.509984,1337600
hardzero_plus_depr__c0p52__z1p00__lam0p030__nu0p50__psi1p25,hardzero_plus_depr,0.1,30,418,0.0,1,0.51368,0.51368,1.1053985,0.0,0.07845153,0.0,0.0,1.61707e-08,-28.10062,2.4319253,0.81064177,0.16000001,0.0,0.17620806,12.509984,12.539984,1340800
hardzero_plus_depr__c0p52__z1p00__lam0p030__nu0p50__psi1p25,hardzero_plus_depr,0.1,30,419,0.0,1,0.51368,0.51368,1.0411531,0.0,0.09095925,0.0,0.0,1.5575521e-08,-26.843864,2.2905824,0.7635275,0.112,0.0,0.13995919,12.539984,12.5699835,1344000
hardzero_plus_depr__c0p52__z1p00__lam0p030__nu0p50__psi1p25,hardzero_plus_depr,0.1,30,420,0.0,1,0.51368,0.51368,1.0442885,0.0,0.090304926,0.0,0.0,1.5002264e-08,-27.63552,2.2974806,0.7658269,0.136,0.008,0.1719641,12.5699835,12.599983,1347200
hardzero_plus_depr__c0p52__z1p00__lam0p030__nu0p50__psi1p25,hardzero_plus_depr,0.1,30,421,0.0,1,0.51368,0.51368,1.0455251,0.0,0.09004819,0.0,0.0,1.4450106e-08,-27.327696,2.3002012,0.76673377,0.16800001,0.0,0.15830739,12.599983,12.629983,1350400
hardzero_plus_depr__c0p52__z1p00__lam0p030__nu0p50__psi1p25,hardzero_plus_depr,0.1,30,422,0.0,1,0.51368,0.51368,1.0221155,0.0,0.09503522,0.0,0.0,1.3918269e-08,-27.22135,2.248699,0.7495663,0.16800001,0.0,0.14087886,12.629983,12.659983,1353600
hardzero_plus_depr__c0p52__z1p00__lam0p030__nu0p50__psi1p25,hardzero_plus_depr,0.1,30,423,0.0,1,0.51368,0.51368,1.0031499,0.0,0.099277325,0.0,0.0,1.3406006e-08,-26.707651,2.2069738,0.73565793,0.15200001,0.0,0.16810067,12.659983,12.689982,1356800
hardzero_plus_depr__c0p52__z1p00__lam0p030__nu0p50__psi1p25,hardzero_plus_depr,0.1,30,424,0.0,1,0.51368,0.51368,1.0684149,0.0,0.085425004,0.0,0.0,1.29125866e-08,-27.718473,2.3505597,0.7835199,0.136,0.0,0.17605174,12.689982,12.719982,1360000
hardzero_plus_depr__c0p52__z1p00__lam0p030__nu0p50__psi1p25,hardzero_plus_depr,0.1,30,425,0.0,1,0.51368,0.51368,1.0514522,0.0,0.08882757,0.0,0.0,1.2437337e-08,-27.717884,2.313241,0.7710804,0.080000006,0.0,0.16030473,12.719982,12.749982,1363200
hardzero_plus_depr__c0p52__z1p00__lam0p030__nu0p50__psi1p25,hardzero_plus_depr,0.1,30,426,0.0,1,0.51368,0.51368,0.9921344,0.101827614,0.101827614,1.0,1.2198522e-09,1.1979582e-08,-26.955067,2.1827393,0.7275798,0.136,0.0,0.1498281,12.749982,12.779982,1366400
hardzero_plus_depr__c0p52__z1p00__lam0p030__nu0p50__psi1p25,hardzero_plus_depr,0.1,30,427,0.0,1,0.51368,0.51368,1.0133264,0.0,0.096978076,0.0,0.0,1.1538662e-08,-26.2433,2.2293627,0.7431209,0.104,0.0,0.12207353,12.779982,12.809981,1369600
hardzero_plus_depr__c0p52__z1p00__lam0p030__nu0p50__psi1p25,hardzero_plus_depr,0.1,30,428,0.0,1,0.51368,0.51368,1.0282375,0.0,0.09370495,0.0,0.0,1.1113992e-08,-27.089777,2.2621677,0.7540559,0.18400002,0.0,0.16307795,12.809981,12.839981,1372800
hardzero_plus_depr__c0p52__z1p00__lam0p030__nu0p50__psi1p25,hardzero_plus_depr,0.1,30,429,0.0,1,0.51368,0.51368,1.058721,0.0,0.08735324,0.0,0.0,1.070493e-08,-27.51418,2.3292327,0.77641094,0.17999999,0.0,0.1888541,12.839981,12.869981,1376000
hardzero_plus_depr__c0p52__z1p00__lam0p030__nu0p50__psi1p25,hardzero_plus_depr,0.1,30,430,0.0,1,0.51368,0.51368,1.0082945,0.0,0.09810825,0.0,0.0,1.03109254e-08,-27.947922,2.218292,0.73943067,0.14400001,0.0,0.18567856,12.869981,12.899981,1379200
hardzero_plus_depr__c0p52__z1p00__lam0p030__nu0p50__psi1p25,hardzero_plus_depr,0.1,30,431,0.0,1,0.51368,0.51368,1.0737563,0.0,0.08438079,0.0,0.0,9.931441e-09,-28.904093,2.3623111,0.7874371,0.192,0.0,0.19597381,12.899981,12.92998,1382400
hardzero_plus_depr__c0p52__z1p00__lam0p030__nu0p50__psi1p25,hardzero_plus_depr,0.1,30,432,0.0,1,0.51368,0.51368,1.022891,0.0,0.094865635,0.0,0.0,9.5659045e-09,-27.060669,2.2504053,0.7501351,0.15200001,0.0,0.15161036,12.92998,12.95998,1385600
hardzero_plus_depr__c0p52__z1p00__lam0p030__nu0p50__psi1p25,hardzero_plus_depr,0.1,30,433,0.0,1,0.51368,0.51368,1.0602956,0.0,0.0870371,0.0,0.0,9.21384e-09,-28.045908,2.332697,0.77756566,0.17600001,0.0,0.16235404,12.95998,12.98998,1388800
hardzero_plus_depr__c0p52__z1p00__lam0p030__nu0p50__psi1p25,hardzero_plus_depr,0.1,30,434,0.0,1,0.51368,0.51368,1.073908,0.0,0.084351346,0.0,0.0,8.874716e-09,-27.690552,2.3626447,0.78754824,0.08800001,0.0,0.16804841,12.98998,13.0199795,1392000
hardzero_plus_depr__c0p52__z1p00__lam0p030__nu0p50__psi1p25,hardzero_plus_depr,0.1,30,435,0.0,1,0.51368,0.51368,1.0380585,0.0,0.09160972,0.0,0.0,8.548073e-09,-27.758389,2.2837744,0.7612581,0.16800001,0.0,0.14753081,13.0199795,13.049979,1395200
hardzero_plus_depr__c0p52__z1p00__lam0p030__nu0p50__psi1p25,hardzero_plus_depr,0.1,30,436,0.0,1,0.51368,0.51368,1.0758147,0.0,0.08398182,0.0,0.0,8.23347e-09,-27.601492,2.3668396,0.78894657,0.104,0.0,0.18109013,13.049979,13.079979,1398400
hardzero_plus_depr__c0p52__z1p00__lam0p030__nu0p50__psi1p25,hardzero_plus_depr,0.1,30,437,0.0,1,0.51368,0.51368,0.9279146,0.11805526,0.11805526,1.0,9.362288e-10,7.930428e-09,-24.866669,2.041453,0.6804843,0.192,0.0,0.12357537,13.079979,13.109979,1401600
hardzero_plus_depr__c0p52__z1p00__lam0p030__nu0p50__psi1p25,hardzero_plus_depr,0.1,30,438,0.0,1,0.51368,0.51368,1.0062033,0.0,0.09858178,0.0,0.0,7.638541e-09,-27.03247,2.2136915,0.73789716,0.096,0.0,0.14098246,13.109979,13.139978,1404800
hardzero_plus_depr__c0p52__z1p00__lam0p030__nu0p50__psi1p25,hardzero_plus_depr,0.1,30,439,0.0,1,0.51368,0.51368,1.0343616,0.0,0.09239287,0.0,0.0,7.3574116e-09,-27.194,2.275641,0.758547,0.18400002,0.0,0.17178811,13.139978,13.169978,1408000
hardzero_plus_depr__c0p52__z1p00__lam0p030__nu0p50__psi1p25,hardzero_plus_depr,0.1,30,440,0.0,1,0.51368,0.51368,1.0482947,0.0,0.08947576,0.0,0.0,7.0866157e-09,-27.373386,2.3062942,0.76876473,0.16000001,0.0,0.16957149,13.169978,13.199978,1411200
hardzero_plus_depr__c0p52__z1p00__lam0p030__nu0p50__psi1p25,hardzero_plus_depr,0.1,30,441,0.0,1,0.51368,0.51368,0.9952824,0.101092175,0.101092175,1.0,6.900336e-10,6.825786e-09,-26.356365,2.189665,0.7298884,0.128,0.008,0.1642983,13.199978,13.229978,1414400
hardzero_plus_depr__c0p52__z1p00__lam0p030__nu0p50__psi1p25,hardzero_plus_depr,0.1,30,442,0.0,1,0.51368,0.51368,1.1147096,0.0,0.07678747,0.0,0.0,6.574569e-09,-28.935444,2.4524102,0.8174701,0.099999994,0.0,0.18258275,13.229978,13.259977,1417600
hardzero_plus_depr__c0p52__z1p00__lam0p030__nu0p50__psi1p25,hardzero_plus_depr,0.1,30,443,0.0,1,0.51368,0.51368,1.0413837,0.0,0.09091095,0.0,0.0,6.3325856e-09,-27.321045,2.29109,0.7636967,0.18400002,0.0,0.14907151,13.259977,13.289977,1420800
hardzero_plus_depr__c0p52__z1p00__lam0p030__nu0p50__psi1p25,hardzero_plus_depr,0.1,30,444,0.0,1,0.51368,0.51368,1.0252537,0.0,0.09435097,0.0,0.0,6.0995204e-09,-27.235384,2.255603,0.7518677,0.23200001,0.0,0.16732329,13.289977,13.319977,1424000
hardzero_plus_depr__c0p52__z1p00__lam0p030__nu0p50__psi1p25,hardzero_plus_depr,0.1,30,445,0.0,1,0.51368,0.51368,0.99784213,0.100498095,0.100498095,1.0,5.904285e-10,5.875022e-09,-26.160872,2.1952965,0.7317655,0.14400001,0.0,0.1256378,13.319977,13.349977,1427200
hardzero_plus_depr__c0p52__z1p00__lam0p030__nu0p50__psi1p25,hardzero_plus_depr,0.1,30,446,0.0,1,0.51368,0.51368,1.0086913,0.0,0.09801865,0.0,0.0,5.658786e-09,-26.29419,2.2191653,0.7397218,0.14400001,0.0,0.12098728,13.349977,13.379976,1430400
hardzero_plus_depr__c0p52__z1p00__lam0p030__nu0p50__psi1p25,hardzero_plus_depr,0.1,30,447,0.0,1,0.51368,0.51368,1.024541,0.0,0.0945059,0.0,0.0,5.4505196e-09,-26.636047,2.2540352,0.7513451,0.216,0.0,0.14813596,13.379976,13.409976,1433600
hardzero_plus_depr__c0p52__z1p00__lam0p030__nu0p50__psi1p25,hardzero_plus_depr,0.1,30,448,0.0,1,0.51368,0.51368,1.0189737,0.0,0.0957252,0.0,0.0,5.249908e-09,-26.786871,2.241787,0.74726236,0.104,0.0,0.13563424,13.409976,13.439976,1436800
hardzero_plus_depr__c0p52__z1p00__lam0p030__nu0p50__psi1p25,hardzero_plus_depr,0.1,30,449,0.0,1,0.51368,0.51368,1.039787,0.0,0.091245815,0.0,0.0,5.0566897e-09,-27.800951,2.2875772,0.76252574,0.16800001,0.0,0.1821225,13.439976,13.469975,1440000
hardzero_plus_depr__c0p52__z1p00__lam0p030__nu0p50__psi1p25,hardzero_plus_depr,0.1,30,450,0.0,1,0.51368,0.51368,1.0189062,0.0,0.095740065,0.0,0.0,4.8705733e-09,-27.700287,2.2416384,0.7472128,0.16800001,0.0,0.15737404,13.469975,13.499975,1443200
hardzero_plus_depr__c0p52__z1p00__lam0p030__nu0p50__psi1p25,hardzero_plus_depr,0.1,30,451,0.0,1,0.51368,0.51368,1.0272303,0.0,0.09392251,0.0,0.0,4.6913073e-09,-28.32974,2.2599516,0.75331724,0.18400002,0.0,0.18133219,13.499975,13.529975,1446400
hardzero_plus_depr__c0p52__z1p00__lam0p030__nu0p50__psi1p25,hardzero_plus_depr,0.1,30,452,0.0,1,0.51368,0.51368,1.0408655,0.0,0.0910195,0.0,0.0,4.518648e-09,-27.623707,2.28995,0.76331663,0.14400001,0.0,0.16078605,13.529975,13.559975,1449600
hardzero_plus_depr__c0p52__z1p00__lam0p030__nu0p50__psi1p25,hardzero_plus_depr,0.1,30,453,0.0,1,0.51368,0.51368,1.0188838,0.0,0.09574502,0.0,0.0,4.352335e-09,-27.548046,2.241589,0.7471964,0.16800001,0.0,0.16593456,13.559975,13.589974,1452800
hardzero_plus_depr__c0p52__z1p00__lam0p030__nu0p50__psi1p25,hardzero_plus_depr,0.1,30,454,0.0,1,0.51368,0.51368,1.0632948,0.0,0.08643809,0.0,0.0,4.192143e-09,-27.457993,2.3392951,0.77976507,0.16000001,0.0,0.18362087,13.589974,13.619974,1456000
hardzero_plus_depr__c0p52__z1p00__lam0p030__nu0p50__psi1p25,hardzero_plus_depr,0.1,30,455,0.0,1,0.51368,0.51368,1.0828264,0.0,0.08263682,0.0,0.0,4.037855e-09,-28.274284,2.3822656,0.79408854,0.17999999,0.0,0.18252681,13.619974,13.649974,1459200
hardzero_plus_depr__c0p52__z1p00__lam0p030__nu0p50__psi1p25,hardzero_plus_depr,0.1,30,456,0.0,1,0.51368,0.51368,1.0611892,0.0,0.0868582,0.0,0.0,3.889238e-09,-27.891466,2.3346627,0.7782209,0.16000001,0.0,0.15644522,13.649974,13.679974,1462400
hardzero_plus_depr__c0p52__z1p00__lam0p030__nu0p50__psi1p25,hardzero_plus_depr,0.1,30,457,0.0,1,0.51368,0.51368,1.0229089,0.0,0.094861746,0.0,0.0,3.7460905e-09,-27.425913,2.2504447,0.75014824,0.208,0.0,0.17136768,13.679974,13.709973,1465600
hardzero_plus_depr__c0p52__z1p00__lam0p030__nu0p50__psi1p25,hardzero_plus_depr,0.1,30,458,0.0,1,0.51368,0.51368,0.9944912,0.10127651,0.10127651,1.0,3.654278e-10,3.6082188e-09,-26.41472,2.1879244,0.7293081,0.16800001,0.0,0.16599554,13.709973,13.739973,1468800
hardzero_plus_depr__c0p52__z1p00__lam0p030__nu0p50__psi1p25,hardzero_plus_depr,0.1,30,459,0.0,1,0.51368,0.51368,1.0007732,0.0,0.09982213,0.0,0.0,3.4754153e-09,-26.72552,2.201745,0.73391503,0.208,0.0,0.13718474,13.739973,13.769973,1472000
hardzero_plus_depr__c0p52__z1p00__lam0p030__nu0p50__psi1p25,hardzero_plus_depr,0.1,30,460,0.0,1,0.51368,0.51368,1.0202696,0.0,0.095439985,0.0,0.0,3.3475058e-09,-27.319897,2.244638,0.7482127,0.16800001,0.008,0.16136183,13.769973,13.799973,1475200
hardzero_plus_depr__c0p52__z1p00__lam0p030__nu0p50__psi1p25,hardzero_plus_depr,0.1,30,461,0.0,1,0.51368,0.51368,0.9819648,0.10424018,0.10424018,1.0,3.361013e-10,3.2242973e-09,-25.929358,2.1603658,0.720122,0.16000001,0.0,0.15279742,13.799973,13.829972,1478400
hardzero_plus_depr__c0p52__z1p00__lam0p030__nu0p50__psi1p25,hardzero_plus_depr,0.1,30,462,0.0,1,0.51368,0.51368,1.0078561,0.0,0.098207325,0.0,0.0,3.1056242e-09,-27.328072,2.2173278,0.7391093,0.192,0.0,0.16073374,13.829972,13.859972,1481600
hardzero_plus_depr__c0p52__z1p00__lam0p030__nu0p50__psi1p25,hardzero_plus_depr,0.1,30,463,0.0,1,0.51368,0.51368,0.9649017,0.10841721,0.10841721,1.0,3.2431108e-10,2.9913245e-09,-26.421635,2.122826,0.7076087,0.208,0.0,0.1414928,13.859972,13.889972,1484800
hardzero_plus_depr__c0p52__z1p00__lam0p030__nu0p50__psi1p25,hardzero_plus_depr,0.1,30,464,0.0,1,0.51368,0.51368,1.0357589,0.0,0.092096075,0.0,0.0,2.881226e-09,-27.888296,2.278715,0.7595717,0.136,0.0,0.1760044,13.889972,13.919971,1488000
hardzero_plus_depr__c0p52__z1p00__lam0p030__nu0p50__psi1p25,hardzero_plus_depr,0.1,30,465,0.0,1,0.51368,0.51368,0.9660141,0.10813989,0.10813989,1.0,3.001082e-10,2.775185e-09,-26.828617,2.1252735,0.7084245,0.17600001,0.0,0.1419396,13.919971,13.949971,1491200
hardzero_plus_depr__c0p52__z1p00__lam0p030__nu0p50__psi1p25,hardzero_plus_depr,0.1,30,466,0.0,1,0.51368,0.51368,1.037362,0.0,0.09175676,0.0,0.0,2.6730418e-09,-27.724775,2.2822418,0.7607473,0.136,0.0,0.16450752,13.949971,13.979971,1494400
hardzero_plus_depr__c0p52__z1p00__lam0p030__nu0p50__psi1p25,hardzero_plus_depr,0.1,30,467,0.0,1,0.51368,0.51368,1.0686445,0.0,0.08537986,0.0,0.0,2.5746576e-09,-28.657318,2.351065,0.7836883,0.128,0.0,0.2002515,13.979971,14.009971,1497600
hardzero_plus_depr__c0p52__z1p00__lam0p030__nu0p50__psi1p25,hardzero_plus_depr,0.1,30,468,0.0,1,0.51368,0.51368,1.0009528,0.0,0.09978084,0.0,0.0,2.4798996e-09,-25.783821,2.20214,0.7340467,0.14999999,0.0,0.13819207,14.009971,14.03997,1500800
hardzero_plus_depr__c0p52__z1p00__lam0p030__nu0p50__psi1p25,hardzero_plus_depr,0.1,30,469,0.0,1,0.51368,0.51368,1.0155386,0.0,0.09648535,0.0,0.0,2.3886249e-09,-27.030317,2.2342296,0.7447432,0.120000005,0.0,0.15813959,14.03997,14.06997,1504000
hardzero_plus_depr__c0p52__z1p00__lam0p030__nu0p50__psi1p25,hardzero_plus_depr,0.1,30,470,0.0,1,0.51368,0.51368,1.0535156,0.0,0.088406555,0.0,0.0,2.3007092e-09,-27.77828,2.3177805,0.7725935,0.16800001,0.0,0.15737714,14.06997,14.09997,1507200
hardzero_plus_depr__c0p52__z1p00__lam0p030__nu0p50__psi1p25,hardzero_plus_depr,0.1,30,471,0.0,1,0.51368,0.51368,0.9984787,0.1003509,0.1003509,1.0,2.2238096e-10,2.2160336e-09,-27.333763,2.196697,0.73223233,0.120000005,0.0,0.1535688,14.09997,14.12997,1510400
hardzero_plus_depr__c0p52__z1p00__lam0p030__nu0p50__psi1p25,hardzero_plus_depr,0.1,30,472,0.0,1,0.51368,0.51368,1.0027847,0.0,0.099360846,0.0,0.0,2.1344702e-09,-26.842947,2.2061706,0.7353902,0.16000001,0.0,0.15007633,14.12997,14.159969,1513600
hardzero_plus_depr__c0p52__z1p00__lam0p030__nu0p50__psi1p25,hardzero_plus_depr,0.1,30,473,0.0,1,0.51368,0.51368,1.0437014,0.0,0.0904271,0.0,0.0,2.055909e-09,-26.77327,2.296189,0.76539636,0.08800001,0.0,0.15677379,14.159969,14.189969,1516800
hardzero_plus_depr__c0p52__z1p00__lam0p030__nu0p50__psi1p25,hardzero_plus_depr,0.1,30,474,0.0,1,0.51368,0.51368,1.0204746,0.0,0.095394954,0.0,0.0,1.9802433e-09,-27.742487,2.2450888,0.74836296,0.16000001,0.0,0.14169823,14.189969,14.219969,1520000
hardzero_plus_depr__c0p52__z1p00__lam0p030__nu0p50__psi1p25,hardzero_plus_depr,0.1,30,475,0.0,1,0.51368,0.51368,1.0830202,0.0,0.082599945,0.0,0.0,1.9073585e-09,-27.623903,2.382692,0.7942307,0.15200001,0.0,0.1802185,14.219969,14.249969,1523200
hardzero_plus_depr__c0p52__z1p00__lam0p030__nu0p50__psi1p25,hardzero_plus_depr,0.1,30,476,0.0,1,0.51368,0.51368,1.0441164,0.0,0.090340726,0.0,0.0,1.8371598e-09,-27.559006,2.297102,0.7657007,0.096,0.0,0.1635925,14.249969,14.279968,1526400
hardzero_plus_depr__c0p52__z1p00__lam0p030__nu0p50__psi1p25,hardzero_plus_depr,0.1,30,477,0.0,1,0.51368,0.51368,1.0268925,0.0,0.093995586,0.0,0.0,1.7695413e-09,-27.681107,2.2592087,0.7530696,0.256,0.0,0.19809078,14.279968,14.309968,1529600
hardzero_plus_depr__c0p52__z1p00__lam0p030__nu0p50__psi1p25,hardzero_plus_depr,0.1,30,478,0.0,1,0.51368,0.51368,1.0185544,0.0,0.095817655,0.0,0.0,1.7044117e-09,-27.055376,2.2408645,0.74695486,0.14400001,0.0,0.16287129,14.309968,14.339968,1532800
hardzero_plus_depr__c0p52__z1p00__lam0p030__nu0p50__psi1p25,hardzero_plus_depr,0.1,30,479,0.0,1,0.51368,0.51368,1.0394958,0.0,0.09130702,0.0,0.0,1.6416823e-09,-28.216663,2.2869365,0.7623122,0.2,0.0,0.20337313,14.339968,14.369967,1536000
hardzero_plus_depr__c0p52__z1p00__lam0p030__nu0p50__psi1p25,hardzero_plus_depr,0.1,30,480,0.0,1,0.51368,0.51368,1.0929754,0.0,0.08072808,0.0,0.0,1.5812589e-09,-28.671423,2.404594,0.8015313,0.096,0.0,0.15565118,14.369967,14.399967,1539200
hardzero_plus_depr__c0p52__z1p00__lam0p030__nu0p50__psi1p25,hardzero_plus_depr,0.1,30,481,0.0,1,0.51368,0.51368,1.0587903,0.0,0.08733928,0.0,0.0,1.5230619e-09,-27.54548,2.3293853,0.7764618,0.14,0.0,0.15509371,14.399967,14.429967,1542400
hardzero_plus_depr__c0p52__z1p00__lam0p030__nu0p50__psi1p25,hardzero_plus_depr,0.1,30,482,0.0,1,0.51368,0.51368,1.0069948,0.0,0.098402284,0.0,0.0,1.4670042e-09,-26.809177,2.215433,0.73847765,0.208,0.0,0.16937277,14.429967,14.459967,1545600
hardzero_plus_depr__c0p52__z1p00__lam0p030__nu0p50__psi1p25,hardzero_plus_depr,0.1,30,483,0.0,1,0.51368,0.51368,1.0722892,0.0,0.08466633,0.0,0.0,1.4130096e-09,-28.67372,2.3590834,0.78636116,0.112,0.0,0.18063408,14.459967,14.489966,1548800
hardzero_plus_depr__c0p52__z1p00__lam0p030__nu0p50__psi1p25,hardzero_plus_depr,0.1,30,484,0.0,1,0.51368,0.51368,1.0217799,0.0,0.09510866,0.0,0.0,1.3610051e-09,-25.703445,2.2479606,0.7493202,0.17600001,0.0,0.14938253,14.489966,14.519966,1552000
hardzero_plus_depr__c0p52__z1p00__lam0p030__nu0p50__psi1p25,hardzero_plus_depr,0.1,30,485,0.0,1,0.51368,0.51368,1.0456893,0.0,0.09001412,0.0,0.0,1.310912e-09,-27.463982,2.3005626,0.7668542,0.14400001,0.0,0.1638181,14.519966,14.549966,1555200
hardzero_plus_depr__c0p52__z1p00__lam0p030__nu0p50__psi1p25,hardzero_plus_depr,0.1,30,486,0.0,1,0.51368,0.51368,0.999531,0.10010806,0.10010806,1.0,1.2640272e-10,1.2626628e-09,-27.206923,2.199012,0.73300403,0.18400002,0.0,0.15938996,14.549966,14.579966,1558400
hardzero_plus_depr__c0p52__z1p00__lam0p030__nu0p50__psi1p25,hardzero_plus_depr,0.1,30,487,0.0,1,0.51368,0.51368,1.0022353,0.0,0.09948662,0.0,0.0,1.2161915e-09,-26.727425,2.2049618,0.73498726,0.14400001,0.0,0.12603359,14.579966,14.609965,1561600
hardzero_plus_depr__c0p52__z1p00__lam0p030__nu0p50__psi1p25,hardzero_plus_depr,0.1,30,488,0.0,1,0.51368,0.51368,1.0311861,0.0,0.0930709,0.0,0.0,1.1714284e-09,-27.480646,2.2686548,0.7562183,0.17600001,0.0,0.14248438,14.609965,14.639965,1564800
hardzero_plus_depr__c0p52__z1p00__lam0p030__nu0p50__psi1p25,hardzero_plus_depr,0.1,30,489,0.0,1,0.51368,0.51368,1.0004272,0.0,0.099901676,0.0,0.0,1.1283129e-09,-26.724398,2.2009838,0.7336613,0.136,0.0,0.15222672,14.639965,14.669965,1568000
hardzero_plus_depr__c0p52__z1p00__lam0p030__nu0p50__psi1p25,hardzero_plus_depr,0.1,30,490,0.0,1,0.51368,0.51368,1.0150274,0.0,0.09659898,0.0,0.0,1.0867863e-09,-27.680515,2.233105,0.7443683,0.136,0.0,0.17570834,14.669965,14.699965,1571200
hardzero_plus_depr__c0p52__z1p00__lam0p030__nu0p50__psi1p25,hardzero_plus_depr,0.1,30,491,0.0,1,0.51368,0.51368,1.0081962,0.0,0.09813044,0.0,0.0,1.0467861e-09,-26.42278,2.218076,0.73935866,0.18400002,0.0,0.14036775,14.699965,14.729964,1574400
hardzero_plus_depr__c0p52__z1p00__lam0p030__nu0p50__psi1p25,hardzero_plus_depr,0.1,30,492,0.0,1,0.51368,0.51368,0.9908681,0.10212497,0.10212497,1.0,1.0296852e-10,1.00826e-09,-26.584522,2.1799533,0.72665113,0.224,0.008,0.13892536,14.729964,14.759964,1577600
hardzero_plus_depr__c0p52__z1p00__lam0p030__nu0p50__psi1p25,hardzero_plus_depr,0.1,30,493,0.0,1,0.51368,0.51368,1.0735633,0.0,0.084418304,0.0,0.0,9.711502e-10,-27.53445,2.3618865,0.7872955,0.14400001,0.0,0.17328835,14.759964,14.789964,1580800
hardzero_plus_depr__c0p52__z1p00__lam0p030__nu0p50__psi1p25,hardzero_plus_depr,0.1,30,494,0.0,1,0.51368,0.51368,1.0427068,0.0,0.09063441,0.0,0.0,9.354061e-10,-28.892626,2.2940009,0.764667,0.17,0.0,0.17782952,14.789964,14.819963,1584000
hardzero_plus_depr__c0p52__z1p00__lam0p030__nu0p50__psi1p25,hardzero_plus_depr,0.1,30,495,0.0,1,0.51368,0.51368,0.9974015,0.10060012,0.10060012,1.0,9.063862e-11,9.0097924e-10,-26.269232,2.194327,0.7314424,0.17600001,0.0,0.1542947,14.819963,14.849963,1587200
hardzero_plus_depr__c0p52__z1p00__lam0p030__nu0p50__psi1p25,hardzero_plus_depr,0.1,30,496,0.0,1,0.51368,0.51368,1.0343134,0.0,0.09240311,0.0,0.0,8.678178e-10,-27.835337,2.275535,0.7585117,0.192,0.0,0.17987707,14.849963,14.879963,1590400
hardzero_plus_depr__c0p52__z1p00__lam0p030__nu0p50__psi1p25,hardzero_plus_depr,0.1,30,497,0.0,1,0.51368,0.51368,1.0540222,0.0,0.088303484,0.0,0.0,8.358786e-10,-27.487658,2.318895,0.7729651,0.15200001,0.0,0.16431148,14.879963,14.909963,1593600
hardzero_plus_depr__c0p52__z1p00__lam0p030__nu0p50__psi1p25,hardzero_plus_depr,0.1,30,498,0.0,1,0.51368,0.51368,1.0776747,0.0,0.083622895,0.0,0.0,8.0511325e-10,-28.702837,2.3709319,0.7903106,0.120000005,0.0,0.17540342,14.909963,14.939962,1596800
hardzero_plus_depr__c0p52__z1p00__lam0p030__nu0p50__psi1p25,hardzero_plus_depr,0.1,30,499,0.0,1,0.51368,0.51368,1.0244823,0.0,0.0945187,0.0,0.0,7.754803e-10,-26.584976,2.253906,0.751302,0.14400001,0.0,0.14881493,14.939962,14.969962,1600000
hardzero_plus_depr__c0p52__z1p00__lam0p030__nu0p50__psi1p25,hardzero_plus_depr,0.1,30,500,0.0,1,0.51368,0.51368,1.014701,0.0,0.0966716,0.0,0.0,7.469395e-10,-27.74887,2.2323868,0.74412894,0.18400002,0.0,0.14366204,14.969962,14.999962,1603200
hardzero_plus_depr__c0p52__z1p00__lam0p030__nu0p50__psi1p25,hardzero_plus_depr,0.1,30,501,0.0,1,0.51368,0.51368,1.0353341,0.0,0.09218619,0.0,0.0,7.1944767e-10,-27.828514,2.2777805,0.7592602,0.17600001,0.0,0.17069738,14.999962,15.029962,1606400
hardzero_plus_depr__c0p52__z1p00__lam0p030__nu0p50__psi1p25,hardzero_plus_depr,0.1,30,502,0.0,1,0.51368,0.51368,1.0523183,0.0,0.08865059,0.0,0.0,6.929676e-10,-27.584408,2.3151467,0.7717156,0.16000001,0.0,0.16182733,15.029962,15.059961,1609600
hardzero_plus_depr__c0p52__z1p00__lam0p030__nu0p50__psi1p25,hardzero_plus_depr,0.1,30,503,0.0,1,0.51368,0.51368,1.012055,0.0,0.097262405,0.0,0.0,6.674636e-10,-26.79874,2.2265656,0.7421886,0.120000005,0.0,0.14573437,15.059961,15.089961,1612800
hardzero_plus_depr__c0p52__z1p00__lam0p030__nu0p50__psi1p25,hardzero_plus_depr,0.1,30,504,0.0,1,0.51368,0.51368,1.0054829,0.0,0.098745435,0.0,0.0,6.42897e-10,-26.57959,2.2121067,0.73736894,0.192,0.0,0.13878164,15.089961,15.119961,1616000
hardzero_plus_depr__c0p52__z1p00__lam0p030__nu0p50__psi1p25,hardzero_plus_depr,0.1,30,505,0.0,1,0.51368,0.51368,1.0465976,0.0,0.08982606,0.0,0.0,6.1923455e-10,-27.804243,2.3025606,0.7675202,0.16000001,0.0,0.17647983,15.119961,15.1499605,1619200
hardzero_plus_depr__c0p52__z1p00__lam0p030__nu0p50__psi1p25,hardzero_plus_depr,0.1,30,506,0.0,1,0.51368,0.51368,1.0482216,0.0,0.08949079,0.0,0.0,5.9644417e-10,-27.827162,2.3061335,0.7687112,0.18400002,0.0,0.16581894,15.1499605,15.17996,1622400
hardzero_plus_depr__c0p52__z1p00__lam0p030__nu0p50__psi1p25,hardzero_plus_depr,0.1,30,507,0.0,1,0.51368,0.51368,1.1117198,0.0,0.07731792,0.0,0.0,5.7449145e-10,-28.04321,2.4458325,0.8152775,0.089999996,0.0,0.17746347,15.17996,15.20996,1625600
hardzero_plus_depr__c0p52__z1p00__lam0p030__nu0p50__psi1p25,hardzero_plus_depr,0.1,30,508,0.0,1,0.51368,0.51368,1.1014203,0.0,0.079173476,0.0,0.0,5.533478e-10,-29.257317,2.423173,0.80772436,0.08800001,0.0,0.21723902,15.20996,15.23996,1628800
hardzero_plus_depr__c0p52__z1p00__lam0p030__nu0p50__psi1p25,hardzero_plus_depr,0.1,30,509,0.0,1,0.51368,0.51368,1.0222219,0.0,0.095011905,0.0,0.0,5.329814e-10,-26.925413,2.248933,0.7496444,0.15200001,0.0,0.15159397,15.23996,15.269959,1632000
hardzero_plus_depr__c0p52__z1p00__lam0p030__nu0p50__psi1p25,hardzero_plus_depr,0.1,30,510,0.0,1,0.51368,0.51368,1.017712,0.0,0.096003704,0.0,0.0,5.1336446e-10,-26.41894,2.239011,0.74633706,0.16000001,0.0,0.16073453,15.269959,15.299959,1635200
hardzero_plus_depr__c0p52__z1p00__lam0p030__nu0p50__psi1p25,hardzero_plus_depr,0.1,30,511,0.0,1,0.51368,0.51368,1.0541891,0.0,0.088269554,0.0,0.0,4.944705e-10,-27.38025,2.3192623,0.77308744,0.16000001,0.0,0.15101723,15.299959,15.329959,1638400
hardzero_plus_depr__c0p52__z1p00__lam0p030__nu0p50__psi1p25,hardzero_plus_depr,0.1,30,512,0.0,1,0.51368,0.51368,1.0628109,0.0,0.08653447,0.0,0.0,4.762711e-10,-27.982056,2.3382306,0.77941024,0.128,0.0,0.17444539,15.329959,15.359959,1641600
hardzero_plus_depr__c0p52__z1p00__lam0p030__nu0p50__psi1p25,hardzero_plus_depr,0.1,30,513,0.0,1,0.51368,0.51368,1.0473949,0.0,0.08966133,0.0,0.0,4.5874235e-10,-27.994402,2.3043149,0.768105,0.136,0.0,0.1842588,15.359959,15.389958,1644800
hardzero_plus_depr__c0p52__z1p00__lam0p030__nu0p50__psi1p25,hardzero_plus_depr,0.1,30,514,0.0,1,0.51368,0.51368,1.023282,0.0,0.09478027,0.0,0.0,4.4185788e-10,-26.705288,2.2512655,0.7504219,0.136,0.0,0.17339024,15.389958,15.419958,1648000
hardzero_plus_depr__c0p52__z1p00__lam0p030__nu0p50__psi1p25,hardzero_plus_depr,0.1,30,515,0.0,1,0.51368,0.51368,0.9924529,0.10175297,0.10175297,1.0,4.330554e-11,4.2559486e-10,-27.013956,2.18344,0.72781336,0.120000005,0.0,0.1608608,15.419958,15.449958,1651200
hardzero_plus_depr__c0p52__z1p00__lam0p030__nu0p50__psi1p25,hardzero_plus_depr,0.1,30,516,0.0,1,0.51368,0.51368,1.0322745,0.0,0.09283793,0.0,0.0,4.099312e-10,-27.282673,2.2710493,0.7570164,0.16000001,0.0,0.16353384,15.449958,15.479958,1654400
hardzero_plus_depr__c0p52__z1p00__lam0p030__nu0p50__psi1p25,hardzero_plus_depr,0.1,30,517,0.0,1,0.51368,0.51368,1.0606861,0.0,0.086958855,0.0,0.0,3.9484332e-10,-27.466896,2.333556,0.777852,0.15200001,0.0,0.15813577,15.479958,15.509957,1657600
hardzero_plus_depr__c0p52__z1p00__lam0p030__nu0p50__psi1p25,hardzero_plus_depr,0.1,30,518,0.0,1,0.51368,0.51368,0.9736815,0.10624743,0.10624743,1.0,4.0407042e-11,3.8031076e-10,-26.308153,2.142142,0.7140474,0.14400001,0.0,0.14442854,15.509957,15.539957,1660800
hardzero_plus_depr__c0p52__z1p00__lam0p030__nu0p50__psi1p25,hardzero_plus_depr,0.1,30,519,0.0,1,0.51368,0.51368,1.0497854,0.0,0.08916916,0.0,0.0,3.6631373e-10,-28.532173,2.309574,0.769858,0.120000005,0.0,0.19739115,15.539957,15.569957,1664000
hardzero_plus_depr__c0p52__z1p00__lam0p030__nu0p50__psi1p25,hardzero_plus_depr,0.1,30,520,0.0,1,0.51368,0.51368,1.0498023,0.0,0.08916567,0.0,0.0,3.528312e-10,-27.147617,2.309611,0.7698704,0.08,0.0,0.15992568,15.569957,15.5999565,1667200
hardzero_plus_depr__c0p52__z1p00__lam0p030__nu0p50__psi1p25,hardzero_plus_depr,0.1,30,521,0.0,1,0.51368,0.51368,1.054693,0.0,0.08816719,0.0,0.0,3.3984496e-10,-28.418396,2.320371,0.773457,0.17600001,0.0,0.15994774,15.5999565,15.629956,1670400
hardzero_plus_depr__c0p52__z1p00__lam0p030__nu0p50__psi1p25,hardzero_plus_depr,0.1,30,522,0.0,1,0.51368,0.51368,0.98100895,0.10446987,0.10446987,1.0,3.419688e-11,3.2733724e-10,-26.175486,2.1582627,0.7194209,0.17600001,0.0,0.1449299,15.629956,15.659956,1673600
hardzero_plus_depr__c0p52__z1p00__lam0p030__nu0p50__psi1p25,hardzero_plus_depr,0.1,30,523,0.0,1,0.51368,0.51368,1.0332611,0.0,0.09262727,0.0,0.0,3.152893e-10,-26.725481,2.2732198,0.75773996,0.104,0.0,0.16216281,15.659956,15.689956,1676800
hardzero_plus_depr__c0p52__z1p00__lam0p030__nu0p50__psi1p25,hardzero_plus_depr,0.1,30,524,0.0,1,0.51368,0.51368,1.0438025,0.0,0.09040605,0.0,0.0,3.0368535e-10,-27.927002,2.2964113,0.76547045,0.17600001,0.0,0.1808239,15.689956,15.719955,1680000
hardzero_plus_depr__c0p52__z1p00__lam0p030__nu0p50__psi1p25,hardzero_plus_depr,0.1,30,525,0.0,1,0.51368,0.51368,1.0372236,0.0,0.09178598,0.0,0.0,2.9250793e-10,-26.757864,2.2819374,0.7606458,0.128,0.0,0.15265602,15.719955,15.749955,1683200
hardzero_plus_depr__c0p52__z1p00__lam0p030__nu0p50__psi1p25,hardzero_plus_depr,0.1,30,526,0.0,1,0.51368,0.51368,1.0539873,0.0,0.08831058,0.0,0.0,2.817419e-10,-28.08203,2.3188183,0.77293944,0.104,0.0,0.16964988,15.749955,15.779955,1686400
hardzero_plus_depr__c0p52__z1p00__lam0p030__nu0p50__psi1p25,hardzero_plus_depr,0.1,30,527,0.0,1,0.51368,0.51368,1.06541,0.0,0.08601812,0.0,0.0,2.7137262e-10,-28.166128,2.3439488,0.7813163,0.16000001,0.0,0.16204248,15.779955,15.809955,1689600
hardzero_plus_depr__c0p52__z1p00__lam0p030__nu0p50__psi1p25,hardzero_plus_depr,0.1,30,528,0.0,1,0.51368,0.51368,0.9960885,0.10090471,0.10090471,1.0,2.6374927e-11,2.613845e-10,-27.061993,2.1914384,0.7304795,0.15200001,0.0,0.15408425,15.809955,15.839954,1692800
hardzero_plus_depr__c0p52__z1p00__lam0p030__nu0p50__psi1p25,hardzero_plus_depr,0.1,30,529,0.0,1,0.51368,0.51368,1.0234686,0.0,0.09473955,0.0,0.0,2.5176447e-10,-27.056238,2.2516758,0.7505586,0.136,0.0,0.16116574,15.839954,15.869954,1696000
hardzero_plus_depr__c0p52__z1p00__lam0p030__nu0p50__psi1p25,hardzero_plus_depr,0.1,30,530,0.0,1,0.51368,0.51368,0.98795575,0.1028121,0.1028121,1.0,2.493173e-11,2.4249802e-10,-26.107702,2.173546,0.7245154,0.16000001,0.0,0.14375085,15.869954,15.899954,1699200
hardzero_plus_depr__c0p52__z1p00__lam0p030__nu0p50__psi1p25,hardzero_plus_depr,0.1,30,531,0.0,1,0.51368,0.51368,1.0305878,0.0,0.0931992,0.0,0.0,2.335727e-10,-26.638348,2.2673385,0.7557795,0.16000001,0.0,0.1535106,15.899954,15.929954,1702400
hardzero_plus_depr__c0p52__z1p00__lam0p030__nu0p50__psi1p25,hardzero_plus_depr,0.1,30,532,0.0,1,0.51368,0.51368,1.0210209,0.0,0.09527504,0.0,0.0,2.2497625e-10,-27.57965,2.2462907,0.74876356,0.128,0.0,0.15118574,15.929954,15.959953,1705600
hardzero_plus_depr__c0p52__z1p00__lam0p030__nu0p50__psi1p25,hardzero_plus_depr,0.1,30,533,0.0,1,0.51368,0.51368,1.0368466,0.0,0.091865696,0.0,0.0,2.1669577e-10,-27.547577,2.2811081,0.7603694,0.14999999,0.0,0.16826986,15.959953,15.989953,1708800
hardzero_plus_depr__c0p52__z1p00__lam0p030__nu0p50__psi1p25,hardzero_plus_depr,0.1,30,534,0.0,1,0.51368,0.51368,1.0259194,0.0,0.09420644,0.0,0.0,2.0872008e-10,-27.660603,2.257068,0.752356,0.18400002,0.0,0.18240704,15.989953,16.019953,1712000
hardzero_plus_depr__c0p52__z1p00__lam0p030__nu0p50__psi1p25,hardzero_plus_depr,0.1,30,535,0.0,1,0.51368,0.51368,1.0057142,0.0,0.09869288,0.0,0.0,2.0103832e-10,-27.138302,2.2126153,0.73753846,0.136,0.0,0.14362292,16.019953,16.049953,1715200
hardzero_plus_depr__c0p52__z1p00__lam0p030__nu0p50__psi1p25,hardzero_plus_depr,0.1,30,536,0.0,1,0.51368,0.51368,1.0402772,0.0,0.09114288,0.0,0.0,1.9363855e-10,-27.251253,2.2886558,0.7628853,0.192,0.0,0.17389242,16.049953,16.079954,1718400
hardzero_plus_depr__c0p52__z1p00__lam0p030__nu0p50__psi1p25,hardzero_plus_depr,0.1,30,537,0.0,1,0.51368,0.51368,0.9755614,0.10578854,0.10578854,1.0,1.973078e-11,1.865115e-10,-26.52742,2.146278,0.71542597,0.256,0.0,0.13980134,16.079954,16.109955,1721600
hardzero_plus_depr__c0p52__z1p00__lam0p030__nu0p50__psi1p25,hardzero_plus_depr,0.1,30,538,0.0,1,0.51368,0.51368,0.96308863,0.10887077,0.10887077,1.0,1.9558282e-11,1.7964677e-10,-26.281195,2.1188374,0.70627916,0.15200001,0.0,0.1331958,16.109955,16.139956,1724800
hardzero_plus_depr__c0p52__z1p00__lam0p030__nu0p50__psi1p25,hardzero_plus_depr,0.1,30,539,0.0,1,0.51368,0.51368,0.9874749,0.10292599,0.10292599,1.0,1.7809768e-11,1.7303468e-10,-26.850845,2.1724882,0.72416276,0.16800001,0.0,0.15138435,16.139956,16.169956,1728000
hardzero_plus_depr__c0p52__z1p00__lam0p030__nu0p50__psi1p25,hardzero_plus_depr,0.1,30,540,0.0,1,0.51368,0.51368,1.0765524,0.0,0.0838393,0.0,0.0,1.6666599e-10,-27.487549,2.3684626,0.78948754,0.120000005,0.008,0.1581602,16.169956,16.199957,1731200
hardzero_plus_depr__c0p52__z1p00__lam0p030__nu0p50__psi1p25,hardzero_plus_depr,0.1,30,541,0.0,1,0.51368,0.51368,1.0525671,0.0,0.088599816,0.0,0.0,1.6053138e-10,-28.154913,2.3156939,0.771898,0.192,0.0,0.18047722,16.199957,16.229958,1734400
hardzero_plus_depr__c0p52__z1p00__lam0p030__nu0p50__psi1p25,hardzero_plus_depr,0.1,30,542,0.0,1,0.51368,0.51368,1.1129661,0.0,0.07709637,0.0,0.0,1.5462287e-10,-28.951277,2.4485743,0.81619143,0.136,0.0,0.17614673,16.229958,16.259958,1737600
hardzero_plus_depr__c0p52__z1p00__lam0p030__nu0p50__psi1p25,hardzero_plus_depr,0.1,30,543,0.0,1,0.51368,0.51368,0.98802316,0.102796145,0.102796145,1.0,1.5309618e-11,1.4893183e-10,-25.832258,2.1736944,0.7245648,0.16800001,0.0,0.14764988,16.259958,16.289959,1740800
hardzero_plus_depr__c0p52__z1p00__lam0p030__nu0p50__psi1p25,hardzero_plus_depr,0.1,30,544,0.0,1,0.51368,0.51368,0.9863547,0.10319183,0.10319183,1.0,1.4802866e-11,1.4344997e-10,-26.406773,2.1700237,0.7233412,0.16000001,0.0,0.12460172,16.289959,16.31996,1744000
hardzero_plus_depr__c0p52__z1p00__lam0p030__nu0p50__psi1p25,hardzero_plus_depr,0.1,30,545,0.0,1,0.51368,0.51368,1.0009104,0.0,0.099790595,0.0,0.0,1.3817017e-10,-26.980036,2.2020469,0.73401564,0.128,0.0,0.15067077,16.31996,16.34996,1747200
hardzero_plus_depr__c0p52__z1p00__lam0p030__nu0p50__psi1p25,hardzero_plus_depr,0.1,30,546,0.0,1,0.51368,0.51368,1.0779805,0.0,0.08356404,0.0,0.0,1.330847e-10,-27.13541,2.3716044,0.79053485,0.08,0.0,0.15512161,16.34996,16.379961,1750400
hardzero_plus_depr__c0p52__z1p00__lam0p030__nu0p50__psi1p25,hardzero_plus_depr,0.1,30,547,0.0,1,0.51368,0.51368,1.0189998,0.0,0.09571945,0.0,0.0,1.2818636e-10,-26.99598,2.2418444,0.7472815,0.2,0.0,0.15871291,16.379961,16.409962,1753600
hardzero_plus_depr__c0p52__z1p00__lam0p030__nu0p50__psi1p25,hardzero_plus_depr,0.1,30,548,0.0,1,0.51368,0.51368,0.98234415,0.104149185,0.104149185,1.0,1.2859128e-11,1.2346835e-10,-26.48931,2.1612003,0.7204001,0.16800001,0.0,0.13572067,16.409962,16.439962,1756800
hardzero_plus_depr__c0p52__z1p00__lam0p030__nu0p50__psi1p25,hardzero_plus_depr,0.1,30,549,0.0,1,0.51368,0.51368,1.0501695,0.0,0.08909032,0.0,0.0,1.1892376e-10,-27.850384,2.310419,0.7701397,0.096,0.0,0.17712666,16.439962,16.469963,1760000
hardzero_plus_depr__c0p52__z1p00__lam0p030__nu0p50__psi1p25,hardzero_plus_depr,0.1,30,550,0.0,1,0.51368,0.51368,1.0620623,0.0,0.086683765,0.0,0.0,1.1454665e-10,-28.3657,2.3365836,0.7788612,0.16000001,0.0,0.16809748,16.469963,16.499964,1763200
hardzero_plus_depr__c0p52__z1p00__lam0p030__nu0p50__psi1p25,hardzero_plus_depr,0.1,30,551,0.0,1,0.51368,0.51368,1.0029861,0.0,0.09931478,0.0,0.0,1.10330654e-10,-26.678474,2.2066135,0.7355379,0.208,0.0,0.15588619,16.499964,16.529964,1766400
hardzero_plus_depr__c0p52__z1p00__lam0p030__nu0p50__psi1p25,hardzero_plus_depr,0.1,30,552,0.0,1,0.51368,0.51368,1.0067823,0.0,0.098450445,0.0,0.0,1.06269625e-10,-27.871153,2.2149653,0.7383218,0.136,0.0,0.1607327,16.529964,16.559965,1769600
hardzero_plus_depr__c0p52__z1p00__lam0p030__nu0p50__psi1p25,hardzero_plus_depr,0.1,30,553,0.0,1,0.51368,0.51368,1.000767,0.0,0.09982356,0.0,0.0,1.0235828e-10,-27.09982,2.2017314,0.7339105,0.16800001,0.0,0.13527003,16.559965,16.589966,1772800
hardzero_plus_depr__c0p52__z1p00__lam0p030__nu0p50__psi1p25,hardzero_plus_depr,0.1,30,554,0.0,1,0.51368,0.51368,1.0827724,0.0,0.0826471,0.0,0.0,9.859088e-11,-28.017044,2.3821468,0.79404896,0.14400001,0.0,0.1698314,16.589966,16.619967,1776000
hardzero_plus_depr__c0p52__z1p00__lam0p030__nu0p50__psi1p25,hardzero_plus_depr,0.1,30,555,0.0,1,0.51368,0.51368,1.0299882,0.0,0.09332797,0.0,0.0,9.496215e-11,-27.550165,2.266019,0.75533974,0.15200001,0.0,0.16636853,16.619967,16.649967,1779200
hardzero_plus_depr__c0p52__z1p00__lam0p030__nu0p50__psi1p25,hardzero_plus_depr,0.1,30,556,0.0,1,0.51368,0.51368,0.9699592,0.107161984,0.107161984,1.0,9.801783e-12,9.146697e-11,-26.689081,2.1339529,0.71131766,0.18400002,0.0,0.1580484,16.649967,16.679968,1782400
hardzero_plus_depr__c0p52__z1p00__lam0p030__nu0p50__psi1p25,hardzero_plus_depr,0.1,30,557,0.0,1,0.51368,0.51368,1.0586382,0.0,0.08736988,0.0,0.0,8.810028e-11,-27.360867,2.3290505,0.7763502,0.15200001,0.0,0.1970457,16.679968,16.709969,1785600
hardzero_plus_depr__c0p52__z1p00__lam0p030__nu0p50__psi1p25,hardzero_plus_depr,0.1,30,558,0.0,1,0.51368,0.51368,1.0147445,0.0,0.096661925,0.0,0.0,8.485767e-11,-27.263786,2.2324824,0.74416083,0.16800001,0.0,0.1493146,16.709969,16.73997,1788800
hardzero_plus_depr__c0p52__z1p00__lam0p030__nu0p50__psi1p25,hardzero_plus_depr,0.1,30,559,0.0,1,0.51368,0.51368,1.04482,0.0,0.090194486,0.0,0.0,8.17344e-11,-27.553114,2.2986498,0.76621664,0.19999999,0.0,0.17778726,16.73997,16.76997,1792000
hardzero_plus_depr__c0p52__z1p00__lam0p030__nu0p50__psi1p25,hardzero_plus_depr,0.1,30,560,0.0,1,0.51368,0.51368,1.0386993,0.0,0.09147463,0.0,0.0,7.8725935e-11,-27.493233,2.285184,0.761728,0.16800001,0.0,0.1451166,16.76997,16.79997,1795200
hardzero_plus_depr__c0p52__z1p00__lam0p030__nu0p50__psi1p25,hardzero_plus_depr,0.1,30,561,0.0,1,0.51368,0.51368,1.0487769,0.0,0.08937646,0.0,0.0,7.582836e-11,-27.090958,2.3073552,0.7691184,0.14400001,0.0,0.16214065,16.79997,16.829971,1798400
hardzero_plus_depr__c0p52__z1p00__lam0p030__nu0p50__psi1p25,hardzero_plus_depr,0.1,30,562,0.0,1,0.51368,0.51368,1.0900316,0.0,0.08127713,0.0,0.0,7.303742e-11,-28.023169,2.3981175,0.79937255,0.120000005,0.0,0.15769304,16.829971,16.859972,1801600
hardzero_plus_depr__c0p52__z1p00__lam0p030__nu0p50__psi1p25,hardzero_plus_depr,0.1,30,563,0.0,1,0.51368,0.51368,1.0345656,0.0,0.09234948,0.0,0.0,7.0349206e-11,-27.468338,2.2760897,0.75869656,0.208,0.0,0.18481566,16.859972,16.889973,1804800
hardzero_plus_depr__c0p52__z1p00__lam0p030__nu0p50__psi1p25,hardzero_plus_depr,0.1,30,564,0.0,1,0.51368,0.51368,0.96231437,0.10906505,0.10906505,1.0,7.39024e-12,6.775994e-11,-26.335423,2.1171339,0.7057113,0.16800001,0.0,0.16215076,16.889973,16.919973,1808000
hardzero_plus_depr__c0p52__z1p00__lam0p030__nu0p50__psi1p25,hardzero_plus_depr,0.1,30,565,0.0,1,0.51368,0.51368,1.0542514,0.0,0.08825688,0.0,0.0,6.526584e-11,-28.020151,2.3193994,0.77313316,0.14400001,0.0,0.15858549,16.919973,16.949974,1811200
hardzero_plus_depr__c0p52__z1p00__lam0p030__nu0p50__psi1p25,hardzero_plus_depr,0.1,30,566,0.0,1,0.51368,0.51368,1.0483057,0.0,0.08947347,0.0,0.0,6.286367e-11,-28.691587,2.3063188,0.76877296,0.14400001,0.0,0.17900473,16.949974,16.979975,1814400
hardzero_plus_depr__c0p52__z1p00__lam0p030__nu0p50__psi1p25,hardzero_plus_depr,0.1,30,567,0.0,1,0.51368,0.51368,0.9965391,0.10080007,0.10080007,1.0,6.103436e-12,6.054992e-11,-27.46544,2.1924298,0.7308099,0.15200001,0.0,0.16619895,16.979975,17.009975,1817600
hardzero_plus_depr__c0p52__z1p00__lam0p030__nu0p50__psi1p25,hardzero_plus_depr,0.1,30,568,0.0,1,0.51368,0.51368,0.94680166,0.1130312,0.1130312,1.0,6.592116e-12,5.832121e-11,-26.589884,2.0830052,0.6943351,0.18400002,0.0,0.13878807,17.009975,17.039976,1820800
hardzero_plus_depr__c0p52__z1p00__lam0p030__nu0p50__psi1p25,hardzero_plus_depr,0.1,30,569,0.0,1,0.51368,0.51368,1.0302782,0.0,0.09326567,0.0,0.0,5.6174638e-11,-27.29306,2.2666574,0.7555525,0.192,0.0,0.15658918,17.039976,17.069977,1824000
hardzero_plus_depr__c0p52__z1p00__lam0p030__nu0p50__psi1p25,hardzero_plus_depr,0.1,30,570,0.0,1,0.51368,0.51368,1.0500412,0.0,0.08911664,0.0,0.0,5.4107076e-11,-27.82513,2.3101368,0.77004564,0.15200001,0.0,0.1606207,17.069977,17.099977,1827200
hardzero_plus_depr__c0p52__z1p00__lam0p030__nu0p50__psi1p25,hardzero_plus_depr,0.1,30,571,0.0,1,0.51368,0.51368,1.0520349,0.0,0.08870848,0.0,0.0,5.2115614e-11,-28.183884,2.314523,0.7715077,0.112,0.0,0.16001849,17.099977,17.129978,1830400
hardzero_plus_depr__c0p52__z1p00__lam0p030__nu0p50__psi1p25,hardzero_plus_depr,0.1,30,572,0.0,1,0.51368,0.51368,1.0399122,0.0,0.09121951,0.0,0.0,5.0197454e-11,-28.013437,2.2878525,0.7626175,0.19999999,0.0,0.16629225,17.129978,17.159979,1833600
hardzero_plus_depr__c0p52__z1p00__lam0p030__nu0p50__psi1p25,hardzero_plus_depr,0.1,30,573,0.0,1,0.51368,0.51368,1.0455109,0.0,0.09005112,0.0,0.0,4.8349796e-11,-27.70467,2.30017,0.76672333,0.136,0.0,0.15624507,17.159979,17.18998,1836800
hardzero_plus_depr__c0p52__z1p00__lam0p030__nu0p50__psi1p25,hardzero_plus_depr,0.1,30,574,0.0,1,0.51368,0.51368,1.0686815,0.0,0.0853726,0.0,0.0,4.657023e-11,-27.912998,2.3511462,0.7837154,0.216,0.0,0.1792354,17.18998,17.21998,1840000
hardzero_plus_depr__c0p52__z1p00__lam0p030__nu0p50__psi1p25,hardzero_plus_depr,0.1,30,575,0.0,1,0.51368,0.51368,0.99981284,0.10004311,0.10004311,1.0,4.487551e-12,4.485617e-11,-26.495996,2.1996322,0.73321074,0.08800001,0.0,0.13979007,17.21998,17.24998,1843200
hardzero_plus_depr__c0p52__z1p00__lam0p030__nu0p50__psi1p25,hardzero_plus_depr,0.1,30,576,0.0,1,0.51368,0.51368,0.9903475,0.10224745,0.10224745,1.0,4.417613e-12,4.3205117e-11,-27.10233,2.178808,0.72626936,0.120000005,0.0,0.16081393,17.24998,17.279982,1846400
hardzero_plus_depr__c0p52__z1p00__lam0p030__nu0p50__psi1p25,hardzero_plus_depr,0.1,30,577,0.0,1,0.51368,0.51368,0.9909649,0.102102205,0.102102205,1.0,4.2489744e-12,4.1614913e-11,-26.734196,2.1801662,0.7267221,0.15200001,0.0,0.1463159,17.279982,17.309982,1849600
hardzero_plus_depr__c0p52__z1p00__lam0p030__nu0p50__psi1p25,hardzero_plus_depr,0.1,30,578,0.0,1,0.51368,0.51368,0.99864733,0.10031195,0.10031195,1.0,4.020828e-12,4.008324e-11,-26.381706,2.197068,0.732356,0.2,0.0,0.1339792,17.309982,17.339983,1852800
hardzero_plus_depr__c0p52__z1p00__lam0p030__nu0p50__psi1p25,hardzero_plus_depr,0.1,30,579,0.0,1,0.51368,0.51368,1.0257353,0.0,0.0942464,0.0,0.0,3.8607933e-11,-26.919325,2.2566626,0.75222087,0.15200001,0.0,0.14669788,17.339983,17.369984,1856000
hardzero_plus_depr__c0p52__z1p00__lam0p030__nu0p50__psi1p25,hardzero_plus_depr,0.1,30,580,0.0,1,0.51368,0.51368,1.0923617,0.0,0.08084224,0.0,0.0,3.718693e-11,-28.73791,2.4032438,0.8010813,0.14400001,0.0,0.16573063,17.369984,17.399984,1859200
hardzero_plus_depr__c0p52__z1p00__lam0p030__nu0p50__psi1p25,hardzero_plus_depr,0.1,30,581,0.0,1,0.51368,0.51368,0.98291993,0.104011185,0.104011185,1.0,3.7254895e-12,3.5818164e-11,-25.482037,2.162467,0.72082233,0.192,0.0,0.1320778,17.399984,17.429985,1862400
hardzero_plus_depr__c0p52__z1p00__lam0p030__nu0p50__psi1p25,hardzero_plus_depr,0.1,30,582,0.0,1,0.51368,0.51368,1.0617816,0.0,0.086739786,0.0,0.0,3.4499844e-11,-27.426506,2.3359663,0.77865547,0.16000001,0.0,0.19106987,17.429985,17.459986,1865600
hardzero_plus_depr__c0p52__z1p00__lam0p030__nu0p50__psi1p25,hardzero_plus_depr,0.1,30,583,0.0,1,0.51368,0.51368,1.0491376,0.0,0.08930226,0.0,0.0,3.323004e-11,-27.321247,2.3081489,0.76938295,0.17600001,0.0,0.17194287,17.459986,17.489986,1868800
hardzero_plus_depr__c0p52__z1p00__lam0p030__nu0p50__psi1p25,hardzero_plus_depr,0.1,30,584,0.0,1,0.51368,0.51368,1.0159571,0.0,0.09639241,0.0,0.0,3.2006918e-11,-27.055086,2.2351503,0.74505013,0.16000001,0.0,0.17229667,17.489986,17.519987,1872000
hardzero_plus_depr__c0p52__z1p00__lam0p030__nu0p50__psi1p25,hardzero_plus_depr,0.1,30,585,0.0,1,0.51368,0.51368,1.0675213,0.0,0.08560095,0.0,0.0,3.0828874e-11,-27.776258,2.3485937,0.7828646,0.14,0.0,0.20803493,17.519987,17.549988,1875200
hardzero_plus_depr__c0p52__z1p00__lam0p030__nu0p50__psi1p25,hardzero_plus_depr,0.1,30,586,0.0,1,0.51368,0.51368,1.0918113,0.0,0.08094475,0.0,0.0,2.9694188e-11,-28.21162,2.4020329,0.80067766,0.120000005,0.0,0.17239927,17.549988,17.579988,1878400
hardzero_plus_depr__c0p52__z1p00__lam0p030__nu0p50__psi1p25,hardzero_plus_depr,0.1,30,587,0.0,1,0.51368,0.51368,1.0537986,0.0,0.08834895,0.0,0.0,2.8601264e-11,-27.90761,2.318403,0.77280104,0.17600001,0.008,0.1797638,17.579988,17.60999,1881600
hardzero_plus_depr__c0p52__z1p00__lam0p030__nu0p50__psi1p25,hardzero_plus_depr,0.1,30,588,0.0,1,0.51368,0.51368,1.062415,0.0,0.08661338,0.0,0.0,2.7548566e-11,-28.815435,2.3373597,0.7791199,0.128,0.0,0.15312763,17.60999,17.63999,1884800
hardzero_plus_depr__c0p52__z1p00__lam0p030__nu0p50__psi1p25,hardzero_plus_depr,0.1,30,589,0.0,1,0.51368,0.51368,1.0129392,0.0,0.09706457,0.0,0.0,2.6534566e-11,-27.487726,2.2285109,0.74283695,0.112,0.0,0.13853623,17.63999,17.66999,1888000
hardzero_plus_depr__c0p52__z1p00__lam0p030__nu0p50__psi1p25,hardzero_plus_depr,0.1,30,590,0.0,1,0.51368,0.51368,1.0601293,0.0,0.08707043,0.0,0.0,2.5557934e-11,-27.857155,2.332331,0.77744365,0.18400002,0.0,0.16894354,17.66999,17.699991,1891200
hardzero_plus_depr__c0p52__z1p00__lam0p030__nu0p50__psi1p25,hardzero_plus_depr,0.1,30,591,0.0,1,0.51368,0.51368,1.0189923,0.0,0.095721096,0.0,0.0,2.4617251e-11,-26.824274,2.2418277,0.74727595,0.112,0.0,0.14192697,17.699991,17.729992,1894400
hardzero_plus_depr__c0p52__z1p00__lam0p030__nu0p50__psi1p25,hardzero_plus_depr,0.1,30,592,0.0,1,0.51368,0.51368,1.0385126,0.0,0.09151396,0.0,0.0,2.3711144e-11,-27.138412,2.2847733,0.76159114,0.15200001,0.0,0.16688868,17.729992,17.759993,1897600
hardzero_plus_depr__c0p52__z1p00__lam0p030__nu0p50__psi1p25,hardzero_plus_depr,0.1,30,593,0.0,1,0.51368,0.51368,1.033887,0.0,0.09249387,0.0,0.0,2.2838434e-11,-27.800127,2.274597,0.758199,0.16800001,0.0,0.15374139,17.759993,17.789993,1900800
hardzero_plus_depr__c0p52__z1p00__lam0p030__nu0p50__psi1p25,hardzero_plus_depr,0.1,30,594,0.0,1,0.51368,0.51368,1.0438753,0.0,0.09039088,0.0,0.0,2.1997845e-11,-28.111439,2.2965715,0.76552385,0.08800001,0.0,0.17380369,17.789993,17.819994,1904000
hardzero_plus_depr__c0p52__z1p00__lam0p030__nu0p50__psi1p25,hardzero_plus_depr,0.1,30,595,0.0,1,0.51368,0.51368,1.0576571,0.0,0.08756748,0.0,0.0,2.1188192e-11,-27.77802,2.3268921,0.7756307,0.16800001,0.0,0.17463537,17.819994,17.849995,1907200
hardzero_plus_depr__c0p52__z1p00__lam0p030__nu0p50__psi1p25,hardzero_plus_depr,0.1,30,596,0.0,1,0.51368,0.51368,1.0273933,0.0,0.093887255,0.0,0.0,2.040834e-11,-27.203571,2.2603104,0.7534368,0.120000005,0.0,0.17360374,17.849995,17.879995,1910400
hardzero_plus_depr__c0p52__z1p00__lam0p030__nu0p50__psi1p25,hardzero_plus_depr,0.1,30,597,0.0,1,0.51368,0.51368,1.0510494,0.0,0.08891002,0.0,0.0,1.9657156e-11,-27.638119,2.3123548,0.770785,0.16800001,0.0,0.1961148,17.879995,17.909996,1913600
hardzero_plus_depr__c0p52__z1p00__lam0p030__nu0p50__psi1p25,hardzero_plus_depr,0.1,30,598,0.0,1,0.51368,0.51368,1.0200697,0.0,0.09548393,0.0,0.0,1.8933657e-11,-27.019115,2.2441983,0.7480661,0.17999999,0.0,0.1605488,17.909996,17.939997,1916800
hardzero_plus_depr__c0p52__z1p00__lam0p030__nu0p50__psi1p25,hardzero_plus_depr,0.1,30,599,0.0,1,0.51368,0.51368,1.0099607,0.0,0.09773258,0.0,0.0,1.8236782e-11,-26.743845,2.221958,0.7406527,0.128,0.0,0.1714509,17.939997,17.969997,1920000
hardzero_plus_depr__c0p52__z1p00__lam0p030__nu0p50__psi1p25,hardzero_plus_depr,0.1,30,600,0.0,1,0.51368,0.51368,1.0511172,0.0,0.08889611,0.0,0.0,1.7565529e-11,-27.437546,2.312504,0.7708347,0.128,0.0,0.16317932,17.969997,17.999998,1923200
hardzero_plus_depr__c0p52__z1p00__lam0p030__nu0p50__psi1p25,hardzero_plus_depr,0.1,30,601,0.0,1,0.51368,0.51368,1.0515183,0.0,0.08881404,0.0,0.0,1.6919013e-11,-27.652962,2.3133864,0.77112883,0.17600001,0.0,0.17143653,17.999998,18.029999,1926400
hardzero_plus_depr__c0p52__z1p00__lam0p030__nu0p50__psi1p25,hardzero_plus_depr,0.1,30,602,0.0,1,0.51368,0.51368,1.0352119,0.0,0.092212126,0.0,0.0,1.629629e-11,-27.145702,2.2775116,0.75917053,0.120000005,0.0,0.16107778,18.029999,18.06,1929600
hardzero_plus_depr__c0p52__z1p00__lam0p030__nu0p50__psi1p25,hardzero_plus_depr,0.1,30,603,0.0,1,0.51368,0.51368,0.99708515,0.10067342,0.10067342,1.0,1.5802195e-12,1.5696491e-11,-27.151794,2.1936312,0.7312104,0.208,0.0,0.15311371,18.06,18.09,1932800
hardzero_plus_depr__c0p52__z1p00__lam0p030__nu0p50__psi1p25,hardzero_plus_depr,0.1,30,604,0.0,1,0.51368,0.51368,1.0116707,0.0,0.097348504,0.0,0.0,1.5118766e-11,-26.8831,2.22572,0.74190664,0.128,0.0,0.16499613,18.09,18.12,1936000
hardzero_plus_depr__c0p52__z1p00__lam0p030__nu0p50__psi1p25,hardzero_plus_depr,0.1,30,605,0.0,1,0.51368,0.51368,1.0411264,0.0,0.09096485,0.0,0.0,1.4562278e-11,-26.442133,2.2905238,0.76350796,0.16000001,0.0,0.16899832,18.12,18.150002,1939200
hardzero_plus_depr__c0p52__z1p00__lam0p030__nu0p50__psi1p25,hardzero_plus_depr,0.1,30,606,0.0,1,0.51368,0.51368,1.0432515,0.0,0.09052082,0.0,0.0,1.40263e-11,-28.036087,2.2951992,0.7650664,0.128,0.0,0.18226334,18.150002,18.180002,1942400
hardzero_plus_depr__c0p52__z1p00__lam0p030__nu0p50__psi1p25,hardzero_plus_depr,0.1,30,607,0.0,1,0.51368,0.51368,1.0658664,0.0,0.08592779,0.0,0.0,1.3510049e-11,-28.419731,2.3449528,0.78165096,0.16000001,0.0,0.15700823,18.180002,18.210003,1945600
hardzero_plus_depr__c0p52__z1p00__lam0p030__nu0p50__psi1p25,hardzero_plus_depr,0.1,30,608,0.0,1,0.51368,0.51368,1.0358471,0.0,0.09207737,0.0,0.0,1.3012774e-11,-28.009392,2.278909,0.75963634,0.208,0.0,0.16744037,18.210003,18.240004,1948800
hardzero_plus_depr__c0p52__z1p00__lam0p030__nu0p50__psi1p25,hardzero_plus_depr,0.1,30,609,0.0,1,0.51368,0.51368,1.0960174,0.0,0.0801646,0.0,0.0,1.25338255e-11,-28.569735,2.4112864,0.80376214,0.17600001,0.0,0.19850159,18.240004,18.270004,1952000
hardzero_plus_depr__c0p52__z1p00__lam0p030__nu0p50__psi1p25,hardzero_plus_depr,0.1,30,610,0.0,1,0.51368,0.51368,1.0661271,0.0,0.08587622,0.0,0.0,1.2072505e-11,-27.957382,2.3455265,0.7818422,0.15200001,0.0,0.1547,18.270004,18.300005,1955200
hardzero_plus_depr__c0p52__z1p00__lam0p030__nu0p50__psi1p25,hardzero_plus_depr,0.1,30,611,0.0,1,0.51368,0.51368,1.0448089,0.0,0.0901968,0.0,0.0,1.1628166e-11,-26.708963,2.2986255,0.7662085,0.13,0.0,0.14561036,18.300005,18.330006,1958400
hardzero_plus_depr__c0p52__z1p00__lam0p030__nu0p50__psi1p25,hardzero_plus_depr,0.1,30,612,0.0,1,0.51368,0.51368,1.0288141,0.0,0.09358061,0.0,0.0,1.1200181e-11,-27.84049,2.263436,0.7544787,0.17600001,0.0,0.1425174,18.330006,18.360006,1961600
hardzero_plus_depr__c0p52__z1p00__lam0p030__nu0p50__psi1p25,hardzero_plus_depr,0.1,30,613,0.0,1,0.51368,0.51368,1.0181172,0.0,0.09591418,0.0,0.0,1.0787928e-11,-28.023481,2.2399025,0.7466342,0.096,0.0,0.15925482,18.360006,18.390007,1964800
hardzero_plus_depr__c0p52__z1p00__lam0p030__nu0p50__psi1p25,hardzero_plus_depr,0.1,30,614,0.0,1,0.51368,0.51368,1.0423915,0.0,0.09070023,0.0,0.0,1.0390868e-11,-26.987339,2.2933073,0.76443577,0.128,0.0,0.15019698,18.390007,18.420008,1968000
hardzero_plus_depr__c0p52__z1p00__lam0p030__nu0p50__psi1p25,hardzero_plus_depr,0.1,30,615,0.0,1,0.51368,0.51368,1.0754906,0.0,0.084044516,0.0,0.0,1.0008421e-11,-27.177237,2.3661265,0.78870887,0.112,0.0,0.13817352,18.420008,18.450008,1971200
hardzero_plus_depr__c0p52__z1p00__lam0p030__nu0p50__psi1p25,hardzero_plus_depr,0.1,30,616,0.0,1,0.51368,0.51368,1.0505694,0.0,0.089008324,0.0,0.0,9.640034e-12,-27.745222,2.3112988,0.77043295,0.136,0.0,0.16954653,18.450008,18.48001,1974400
hardzero_plus_depr__c0p52__z1p00__lam0p030__nu0p50__psi1p25,hardzero_plus_depr,0.1,30,617,0.0,1,0.51368,0.51368,1.0218273,0.0,0.09509827,0.0,0.0,9.285224e-12,-27.577473,2.248065,0.749355,0.17600001,0.0,0.19428036,18.48001,18.51001,1977600
hardzero_plus_depr__c0p52__z1p00__lam0p030__nu0p50__psi1p25,hardzero_plus_depr,0.1,30,618,0.0,1,0.51368,0.51368,1.0829508,0.0,0.08261314,0.0,0.0,8.943473e-12,-28.559855,2.3825393,0.7941798,0.15200001,0.0,0.20422304,18.51001,18.54001,1980800
hardzero_plus_depr__c0p52__z1p00__lam0p030__nu0p50__psi1p25,hardzero_plus_depr,0.1,30,619,0.0,1,0.51368,0.51368,1.0126772,0.0,0.09712316,0.0,0.0,8.6142985e-12,-26.262571,2.2279344,0.7426448,0.208,0.0,0.16308087,18.54001,18.570011,1984000
hardzero_plus_depr__c0p52__z1p00__lam0p030__nu0p50__psi1p25,hardzero_plus_depr,0.1,30,620,0.0,1,0.51368,0.51368,1.016381,0.0,0.09629837,0.0,0.0,8.297241e-12,-27.359058,2.236083,0.74536103,0.15200001,0.0,0.14513364,18.570011,18.600012,1987200
hardzero_plus_depr__c0p52__z1p00__lam0p030__nu0p50__psi1p25,hardzero_plus_depr,0.1,30,621,0.0,1,0.51368,0.51368,1.018648,0.0,0.09579701,0.0,0.0,7.991838e-12,-27.655443,2.2410705,0.7470235,0.14400001,0.0,0.15799737,18.600012,18.630013,1990400
hardzero_plus_depr__c0p52__z1p00__lam0p030__nu0p50__psi1p25,hardzero_plus_depr,0.1,30,622,0.0,1,0.51368,0.51368,1.030897,0.0,0.093132876,0.0,0.0,7.6976914e-12,-27.650599,2.2680187,0.75600624,0.16000001,0.0,0.19115372,18.630013,18.660013,1993600
hardzero_plus_depr__c0p52__z1p00__lam0p030__nu0p50__psi1p25,hardzero_plus_depr,0.1,30,623,0.0,1,0.51368,0.51368,1.0202123,0.0,0.095452584,0.0,0.0,7.41437e-12,-26.99131,2.2445118,0.7481706,0.136,0.0,0.14325638,18.660013,18.690014,1996800
hardzero_plus_depr__c0p52__z1p00__lam0p030__nu0p50__psi1p25,hardzero_plus_depr,0.1,30,624,0.0,1,0.51368,0.51368,1.0313017,0.0,0.09304612,0.0,0.0,7.141464e-12,-28.514723,2.2689092,0.7563031,0.14,0.0,0.18209656,18.690014,18.720015,2000000
hardzero_plus_depr__c0p52__z1p00__lam0p030__nu0p50__psi1p25,hardzero_plus_depr,0.1,30,625,0.0,1,0.51368,0.51368,1.0187315,0.0,0.0957786,0.0,0.0,6.8786153e-12,-26.815186,2.241254,0.74708474,0.16000001,0.0,0.15535954,18.720015,18.750015,2003200
hardzero_plus_depr__c0p52__z1p00__lam0p030__nu0p50__psi1p25,hardzero_plus_depr,0.1,30,626,0.0,1,0.51368,0.51368,1.0435808,0.0,0.09045222,0.0,0.0,6.625441e-12,-27.028893,2.2959235,0.76530784,0.16000001,0.0,0.14890943,18.750015,18.780016,2006400
hardzero_plus_depr__c0p52__z1p00__lam0p030__nu0p50__psi1p25,hardzero_plus_depr,0.1,30,627,0.0,1,0.51368,0.51368,1.1058353,0.0,0.07837268,0.0,0.0,6.381586e-12,-28.873142,2.4328864,0.81096214,0.104,0.0,0.19520509,18.780016,18.810017,2009600
hardzero_plus_depr__c0p52__z1p00__lam0p030__nu0p50__psi1p25,hardzero_plus_depr,0.1,30,628,0.0,1,0.51368,0.51368,1.0348163,0.0,0.09229617,0.0,0.0,6.1467055e-12,-27.575935,2.2766411,0.7588804,0.16000001,0.0,0.20082517,18.810017,18.840017,2012800
hardzero_plus_depr__c0p52__z1p00__lam0p030__nu0p50__psi1p25,hardzero_plus_depr,0.1,30,629,0.0,1,0.51368,0.51368,1.0651869,0.0,0.086062334,0.0,0.0,5.9204586e-12,-28.390766,2.343458,0.78115267,0.128,0.0,0.16078629,18.840017,18.870018,2016000
hardzero_plus_depr__c0p52__z1p00__lam0p030__nu0p50__psi1p25,hardzero_plus_depr,0.1,30,630,0.0,1,0.51368,0.51368,1.0375789,0.0,0.09171092,0.0,0.0,5.7025504e-12,-27.1077,2.2827191,0.7609064,0.208,0.0,0.16203575,18.870018,18.900019,2019200
hardzero_plus_depr__c0p52__z1p00__lam0p030__nu0p50__psi1p25,hardzero_plus_depr,0.1,30,631,0.0,1,0.51368,0.51368,1.0700432,0.0,0.08510534,0.0,0.0,5.4926627e-12,-27.571133,2.3541422,0.7847141,0.136,0.0,0.1612228,18.900019,18.93002,2022400
hardzero_plus_depr__c0p52__z1p00__lam0p030__nu0p50__psi1p25,hardzero_plus_depr,0.1,30,632,0.0,1,0.51368,0.51368,1.0023593,0.0,0.09945823,0.0,0.0,5.29049e-12,-26.555145,2.2052345,0.7350782,0.216,0.0,0.14391774,18.93002,18.96002,2025600
hardzero_plus_depr__c0p52__z1p00__lam0p030__nu0p50__psi1p25,hardzero_plus_depr,0.1,30,633,0.0,1,0.51368,0.51368,0.95895725,0.1099114,0.1099114,1.0,5.60083e-13,5.0957684e-12,-25.94018,2.1097481,0.7032494,0.17600001,0.0,0.14357193,18.96002,18.99002,2028800
hardzero_plus_depr__c0p52__z1p00__lam0p030__nu0p50__psi1p25,hardzero_plus_depr,0.1,30,634,0.0,1,0.51368,0.51368,0.980546,0.10458129,0.10458129,1.0,5.1330733e-13,4.908214e-12,-26.951536,2.1572442,0.7190814,0.2,0.0,0.15961762,18.99002,19.020021,2032000
hardzero_plus_depr__c0p52__z1p00__lam0p030__nu0p50__psi1p25,hardzero_plus_depr,0.1,30,635,0.0,1,0.51368,0.51368,1.0220761,0.0,0.0950438,0.0,0.0,4.7275625e-12,-27.419037,2.2486124,0.74953747,0.128,0.0,0.17678043,19.020021,19.050022,2035200
hardzero_plus_depr__c0p52__z1p00__lam0p030__nu0p50__psi1p25,hardzero_plus_depr,0.1,30,636,0.0,1,0.51368,0.51368,1.0529052,0.0,0.088530876,0.0,0.0,4.5535602e-12,-27.727327,2.3164377,0.7721459,0.17600001,0.0,0.18065071,19.050022,19.080023,2038400
hardzero_plus_depr__c0p52__z1p00__lam0p030__nu0p50__psi1p25,hardzero_plus_depr,0.1,30,637,0.0,1,0.51368,0.51368,0.99143106,0.10199267,0.10199267,1.0,4.473351e-13,4.3859534e-12,-26.685175,2.181192,0.727064,0.19,0.0,0.15748154,19.080023,19.110023,2041600
hardzero_plus_depr__c0p52__z1p00__lam0p030__nu0p50__psi1p25,hardzero_plus_depr,0.1,30,638,0.0,1,0.51368,0.51368,1.030181,0.0,0.09328652,0.0,0.0,4.2245244e-12,-27.34606,2.2664435,0.7554812,0.072000004,0.0,0.1445165,19.110023,19.140024,2044800
hardzero_plus_depr__c0p52__z1p00__lam0p030__nu0p50__psi1p25,hardzero_plus_depr,0.1,30,639,0.0,1,0.51368,0.51368,0.9781796,0.1051527,0.1051527,1.0,4.2787014e-13,4.0690363e-12,-26.269659,2.152038,0.7173461,0.112,0.0,0.13765933,19.140024,19.170025,2048000
hardzero_plus_depr__c0p52__z1p00__lam0p030__nu0p50__psi1p25,hardzero_plus_depr,0.1,30,640,0.0,1,0.51368,0.51368,1.0121906,0.0,0.09723205,0.0,0.0,3.9192647e-12,-26.80853,2.2268636,0.7422879,0.16800001,0.0,0.15212162,19.170025,19.200026,2051200
hardzero_plus_depr__c0p52__z1p00__lam0p030__nu0p50__psi1p25,hardzero_plus_depr,0.1,30,641,0.0,1,0.51368,0.51368,1.1033652,0.0,0.07881971,0.0,0.0,3.775012e-12,-28.677547,2.4274518,0.80915064,0.120000005,0.0,0.17772757,19.200026,19.230026,2054400
hardzero_plus_depr__c0p52__z1p00__lam0p030__nu0p50__psi1p25,hardzero_plus_depr,0.1,30,642,0.0,1,0.51368,0.51368,1.0340834,0.0,0.09245208,0.0,0.0,3.6360693e-12,-26.94311,2.2750287,0.7583429,0.18400002,0.0,0.15875469,19.230026,19.260027,2057600
hardzero_plus_depr__c0p52__z1p00__lam0p030__nu0p50__psi1p25,hardzero_plus_depr,0.1,30,643,0.0,1,0.51368,0.51368,1.0772812,0.0,0.08369871,0.0,0.0,3.5022402e-12,-27.253471,2.3700662,0.7900221,0.120000005,0.0,0.14757203,19.260027,19.290028,2060800
hardzero_plus_depr__c0p52__z1p00__lam0p030__nu0p50__psi1p25,hardzero_plus_depr,0.1,30,644,0.0,1,0.51368,0.51368,1.0230818,0.0,0.09482398,0.0,0.0,3.373337e-12,-26.369326,2.250825,0.750275,0.15200001,0.0,0.16117717,19.290028,19.320028,2064000
hardzero_plus_depr__c0p52__z1p00__lam0p030__nu0p50__psi1p25,hardzero_plus_depr,0.1,30,645,0.0,1,0.51368,0.51368,0.99472517,0.10122198,0.10122198,1.0,3.288876e-13,3.2491718e-12,-26.322838,2.1884391,0.72947973,0.14400001,0.0,0.12717232,19.320028,19.350029,2067200
hardzero_plus_depr__c0p52__z1p00__lam0p030__nu0p50__psi1p25,hardzero_plus_depr,0.1,30,646,0.0,1,0.51368,0.51368,0.97826606,0.10513177,0.10513177,1.0,3.290186e-13,3.1295832e-12,-26.217144,2.1522284,0.7174095,0.208,0.0,0.1773941,19.350029,19.38003,2070400
hardzero_plus_depr__c0p52__z1p00__lam0p030__nu0p50__psi1p25,hardzero_plus_depr,0.1,30,647,0.0,1,0.51368,0.51368,1.0389868,0.0,0.09141411,0.0,0.0,3.0143958e-12,-28.837906,2.2858167,0.7619389,0.16000001,0.0,0.15993413,19.38003,19.41003,2073600
hardzero_plus_depr__c0p52__z1p00__lam0p030__nu0p50__psi1p25,hardzero_plus_depr,0.1,30,648,0.0,1,0.51368,0.51368,1.0787627,0.0,0.0834137,0.0,0.0,2.9034427e-12,-28.364689,2.3733253,0.7911085,0.104,0.0,0.1605807,19.41003,19.440031,2076800
hardzero_plus_depr__c0p52__z1p00__lam0p030__nu0p50__psi1p25,hardzero_plus_depr,0.1,30,649,0.0,1,0.51368,0.51368,0.9807401,0.10453455,0.10453455,1.0,2.923391e-13,2.7965787e-12,-27.315445,2.1576712,0.71922374,0.216,0.008,0.1848307,19.440031,19.470032,2080000
hardzero_plus_depr__c0p52__z1p00__lam0p030__nu0p50__psi1p25,hardzero_plus_depr,0.1,30,650,0.0,1,0.51368,0.51368,1.0630258,0.0,0.086491644,0.0,0.0,2.693648e-12,-27.672602,2.3387036,0.7795679,0.16,0.0,0.13254198,19.470032,19.500032,2083200
hardzero_plus_depr__c0p52__z1p00__lam0p030__nu0p50__psi1p25,hardzero_plus_depr,0.1,30,651,0.0,1,0.51368,0.51368,1.0553689,0.0,0.08803007,0.0,0.0,2.5945058e-12,-26.526388,2.321858,0.77395266,0.08800001,0.0,0.1499696,19.500032,19.530033,2086400
hardzero_plus_depr__c0p52__z1p00__lam0p030__nu0p50__psi1p25,hardzero_plus_depr,0.1,30,652,0.0,1,0.51368,0.51368,1.0723966,0.0,0.08464539,0.0,0.0,2.4990125e-12,-27.911728,2.3593197,0.7864399,0.112,0.0,0.17146584,19.530033,19.560034,2089600
hardzero_plus_depr__c0p52__z1p00__lam0p030__nu0p50__psi1p25,hardzero_plus_depr,0.1,30,653,0.0,1,0.51368,0.51368,1.047166,0.0,0.08970858,0.0,0.0,2.4070292e-12,-27.214373,2.303811,0.76793706,0.15200001,0.0,0.14472356,19.560034,19.590034,2092800
hardzero_plus_depr__c0p52__z1p00__lam0p030__nu0p50__psi1p25,hardzero_plus_depr,0.1,30,654,0.0,1,0.51368,0.51368,1.0422883,0.0,0.09072179,0.0,0.0,2.3184362e-12,-27.4813,2.29308,0.7643601,0.16800001,0.0,0.12945956,19.590034,19.620035,2096000
hardzero_plus_depr__c0p52__z1p00__lam0p030__nu0p50__psi1p25,hardzero_plus_depr,0.1,30,655,0.0,1,0.51368,0.51368,1.0127642,0.0,0.097103715,0.0,0.0,2.2331041e-12,-27.487976,2.2281258,0.7427086,0.16800001,0.0,0.1497532,19.620035,19.650036,2099200
hardzero_plus_depr__c0p52__z1p00__lam0p030__nu0p50__psi1p25,hardzero_plus_depr,0.1,30,656,0.0,1,0.51368,0.51368,1.022046,0.0,0.095050424,0.0,0.0,2.1509086e-12,-27.184464,2.2485461,0.7495154,0.16800001,0.0,0.16993435,19.650036,19.680037,2102400
hardzero_plus_depr__c0p52__z1p00__lam0p030__nu0p50__psi1p25,hardzero_plus_depr,0.1,30,657,0.0,1,0.51368,0.51368,1.0293704,0.0,0.09346081,0.0,0.0,2.071742e-12,-26.723299,2.2646601,0.75488675,0.104,0.0,0.164883,19.680037,19.710037,2105600
hardzero_plus_depr__c0p52__z1p00__lam0p030__nu0p50__psi1p25,hardzero_plus_depr,0.1,30,658,0.0,1,0.51368,0.51368,1.0321406,0.0,0.092866555,0.0,0.0,1.9954897e-12,-26.474062,2.2707546,0.7569182,0.064,0.0,0.17770796,19.710037,19.740038,2108800
hardzero_plus_depr__c0p52__z1p00__lam0p030__nu0p50__psi1p25,hardzero_plus_depr,0.1,30,659,0.0,1,0.51368,0.51368,1.0266912,0.0,0.09403916,0.0,0.0,1.922044e-12,-26.34327,2.2587657,0.75292194,0.120000005,0.0,0.14113472,19.740038,19.770039,2112000
hardzero_plus_depr__c0p52__z1p00__lam0p030__nu0p50__psi1p25,hardzero_plus_depr,0.1,30,660,0.0,1,0.51368,0.51368,1.005198,0.0,0.09881025,0.0,0.0,1.8513012e-12,-27.148819,2.2114797,0.7371599,0.14400001,0.0,0.15787761,19.770039,19.80004,2115200
hardzero_plus_depr__c0p52__z1p00__lam0p030__nu0p50__psi1p25,hardzero_plus_depr,0.1,30,661,0.0,1,0.51368,0.51368,1.0437487,0.0,0.09041724,0.0,0.0,1.7831589e-12,-27.246058,2.296293,0.76543105,0.17600001,0.0,0.15174942,19.80004,19.83004,2118400
hardzero_plus_depr__c0p52__z1p00__lam0p030__nu0p50__psi1p25,hardzero_plus_depr,0.1,30,662,0.0,1,0.51368,0.51368,1.0401068,0.0,0.09117866,0.0,0.0,1.717528e-12,-28.294811,2.2882805,0.76276016,0.14400001,0.0,0.1709969,19.83004,19.86004,2121600
hardzero_plus_depr__c0p52__z1p00__lam0p030__nu0p50__psi1p25,hardzero_plus_depr,0.1,30,663,0.0,1,0.51368,0.51368,1.0074658,0.0,0.098295614,0.0,0.0,1.6543129e-12,-27.093454,2.216469,0.73882306,0.12,0.0,0.15471344,19.86004,19.890041,2124800
hardzero_plus_depr__c0p52__z1p00__lam0p030__nu0p50__psi1p25,hardzero_plus_depr,0.1,30,664,0.0,1,0.51368,0.51368,1.0332431,0.0,0.092631124,0.0,0.0,1.593421e-12,-27.672544,2.27318,0.75772667,0.2,0.0,0.21575797,19.890041,19.920042,2128000
hardzero_plus_depr__c0p52__z1p00__lam0p030__nu0p50__psi1p25,hardzero_plus_depr,0.1,30,665,0.0,1,0.51368,0.51368,1.0084614,0.0,0.09807054,0.0,0.0,1.5347739e-12,-26.203817,2.2186594,0.73955315,0.2,0.0,0.14181928,19.920042,19.950043,2131200
hardzero_plus_depr__c0p52__z1p00__lam0p030__nu0p50__psi1p25,hardzero_plus_depr,0.1,30,666,0.0,1,0.51368,0.51368,1.0714078,0.0,0.084838346,0.0,0.0,1.478285e-12,-28.824547,2.357144,0.78571475,0.120000005,0.0,0.15403345,19.950043,19.980043,2134400
hardzero_plus_depr__c0p52__z1p00__lam0p030__nu0p50__psi1p25,hardzero_plus_depr,0.1,30,667,0.0,1,0.51368,0.51368,0.9780542,0.10518306,0.10518306,1.0,1.4976757e-13,1.4238753e-12,-26.926674,2.1517622,0.7172541,0.18400002,0.0,0.13868447,19.980043,20.010044,2137600
hardzero_plus_depr__c0p52__z1p00__lam0p030__nu0p50__psi1p25,hardzero_plus_depr,0.1,30,668,0.0,1,0.51368,0.51368,1.0513273,0.0,0.08885311,0.0,0.0,1.3714684e-12,-27.771152,2.3129663,0.7709888,0.16000001,0.0,0.17544565,20.010044,20.040045,2140800
hardzero_plus_depr__c0p52__z1p00__lam0p030__nu0p50__psi1p25,hardzero_plus_depr,0.1,30,669,0.0,1,0.51368,0.51368,1.0503497,0.0,0.08905334,0.0,0.0,1.3209875e-12,-27.059132,2.3108156,0.7702719,0.136,0.0,0.16906244,20.040045,20.070045,2144000
hardzero_plus_depr__c0p52__z1p00__lam0p030__nu0p50__psi1p25,hardzero_plus_depr,0.1,30,670,0.0,1,0.51368,0.51368,1.0222212,0.0,0.09501206,0.0,0.0,1.2723674e-12,-27.126509,2.2489316,0.7496439,0.136,0.0,0.16696653,20.070045,20.100046,2147200
hardzero_plus_depr__c0p52__z1p00__lam0p030__nu0p50__psi1p25,hardzero_plus_depr,0.1,30,671,0.0,1,0.51368,0.51368,1.053366,0.0,0.088437,0.0,0.0,1.2255366e-12,-27.703098,2.3174515,0.7724838,0.16800001,0.0,0.17775574,20.100046,20.130047,2150400
hardzero_plus_depr__c0p52__z1p00__lam0p030__nu0p50__psi1p25,hardzero_plus_depr,0.1,30,672,0.0,1,0.51368,0.51368,0.9845578,0.10361967,0.10361967,1.0,1.223155e-13,1.1804274e-12,-26.375034,2.1660705,0.7220235,0.136,0.0,0.1703878,20.130047,20.160048,2153600
hardzero_plus_depr__c0p52__z1p00__lam0p030__nu0p50__psi1p25,hardzero_plus_depr,0.1,30,673,0.0,1,0.51368,0.51368,1.0728878,0.0,0.08454973,0.0,0.0,1.1369806e-12,-28.21546,2.3604002,0.7868001,0.096,0.0,0.1845011,20.160048,20.190048,2156800
hardzero_plus_depr__c0p52__z1p00__lam0p030__nu0p50__psi1p25,hardzero_plus_depr,0.1,30,674,0.0,1,0.51368,0.51368,1.1119623,0.0,0.07727477,0.0,0.0,1.095133e-12,-28.843885,2.4463658,0.8154553,0.15200001,0.0,0.17879286,20.190048,20.220049,2160000
hardzero_plus_depr__c0p52__z1p00__lam0p030__nu0p50__psi1p25,hardzero_plus_depr,0.1,30,675,0.0,1,0.51368,0.51368,1.0671004,0.0,0.08568397,0.0,0.0,1.0548256e-12,-27.848982,2.3476677,0.78255594,0.120000005,0.0,0.13597618,20.220049,20.25005,2163200
hardzero_plus_depr__c0p52__z1p00__lam0p030__nu0p50__psi1p25,hardzero_plus_depr,0.1,30,676,0.0,1,0.51368,0.51368,1.0460732,0.0,0.0899346,0.0,0.0,1.0160017e-12,-28.282507,2.3014069,0.7671356,0.16,0.0,0.18783492,20.25005,20.28005,2166400
hardzero_plus_depr__c0p52__z1p00__lam0p030__nu0p50__psi1p25,hardzero_plus_depr,0.1,30,677,0.0,1,0.51368,0.51368,1.0472972,0.0,0.08968147,0.0,0.0,9.786049e-13,-27.926928,2.3041,0.7680334,0.16000001,0.0,0.20124018,20.28005,20.310051,2169600
hardzero_plus_depr__c0p52__z1p00__lam0p030__nu0p50__psi1p25,hardzero_plus_depr,0.1,30,678,0.0,1,0.51368,0.51368,1.1206125,0.0,0.07575085,0.0,0.0,9.425865e-13,-28.406227,2.4653966,0.8217989,0.056,0.0,0.1858614,20.310051,20.340052,2172800
hardzero_plus_depr__c0p52__z1p00__lam0p030__nu0p50__psi1p25,hardzero_plus_depr,0.1,30,679,0.0,1,0.51368,0.51368,1.0157758,0.0,0.09643266,0.0,0.0,9.0789366e-13,-26.370455,2.2347515,0.74491715,0.16800001,0.0,0.12392151,20.340052,20.370052,2176000
hardzero_plus_depr__c0p52__z1p00__lam0p030__nu0p50__psi1p25,hardzero_plus_depr,0.1,30,680,0.0,1,0.51368,0.51368,1.0467705,0.0,0.08979033,0.0,0.0,8.74476e-13,-27.902678,2.302941,0.767647,0.16800001,0.0,0.16318148,20.370052,20.400053,2179200
hardzero_plus_depr__c0p52__z1p00__lam0p030__nu0p50__psi1p25,hardzero_plus_depr,0.1,30,681,0.0,1,0.51368,0.51368,0.9950257,0.10115197,0.10115197,1.0,8.519931e-14,8.4229016e-13,-26.485132,2.1891003,0.7297001,0.192,0.0,0.12472692,20.400053,20.430054,2182400
hardzero_plus_depr__c0p52__z1p00__lam0p030__nu0p50__psi1p25,hardzero_plus_depr,0.1,30,682,0.0,1,0.51368,0.51368,1.0614967,0.0,0.0867967,0.0,0.0,8.112889e-13,-27.722607,2.3353395,0.77844656,0.136,0.0,0.16342357,20.430054,20.460054,2185600
hardzero_plus_depr__c0p52__z1p00__lam0p030__nu0p50__psi1p25,hardzero_plus_depr,0.1,30,683,0.0,1,0.51368,0.51368,1.0029504,0.0,0.099322945,0.0,0.0,7.814287e-13,-27.439327,2.206535,0.7355117,0.16800001,0.008,0.16666748,20.460054,20.490055,2188800
hardzero_plus_depr__c0p52__z1p00__lam0p030__nu0p50__psi1p25,hardzero_plus_depr,0.1,30,684,0.0,1,0.51368,0.51368,0.98839337,0.10270856,0.10270856,1.0,7.730539e-14,7.526674e-13,-26.862915,2.1745088,0.7248363,0.16800001,0.0,0.12946093,20.490055,20.520056,2192000
hardzero_plus_depr__c0p52__z1p00__lam0p030__nu0p50__psi1p25,hardzero_plus_depr,0.1,30,685,0.0,1,0.51368,0.51368,1.0642264,0.0,0.086252876,0.0,0.0,7.249634e-13,-28.241205,2.3413448,0.7804483,0.16000001,0.0,0.18559858,20.520056,20.550056,2195200
hardzero_plus_depr__c0p52__z1p00__lam0p030__nu0p50__psi1p25,hardzero_plus_depr,0.1,30,686,0.0,1,0.51368,0.51368,1.0268638,0.0,0.0940018,0.0,0.0,6.982804e-13,-27.743698,2.2591455,0.75304854,0.208,0.0,0.16574085,20.550056,20.580057,2198400
hardzero_plus_depr__c0p52__z1p00__lam0p030__nu0p50__psi1p25,hardzero_plus_depr,0.1,30,687,0.0,1,0.51368,0.51368,0.96938366,0.10730411,0.10730411,1.0,7.2170555e-14,6.7257956e-13,-26.897688,2.1326866,0.71089554,0.104,0.0,0.13868381,20.580057,20.610058,2201600
hardzero_plus_depr__c0p52__z1p00__lam0p030__nu0p50__psi1p25,hardzero_plus_depr,0.1,30,688,0.0,1,0.51368,0.51368,1.0318245,0.0,0.09293418,0.0,0.0,6.4782343e-13,-27.02786,2.270059,0.7566864,0.16000001,0.0,0.15929139,20.610058,20.640059,2204800
hardzero_plus_depr__c0p52__z1p00__lam0p030__nu0p50__psi1p25,hardzero_plus_depr,0.1,30,689,0.0,1,0.51368,0.51368,1.0480098,0.0,0.08953446,0.0,0.0,6.239796e-13,-27.154806,2.3056674,0.7685558,0.099999994,0.0,0.14435461,20.640059,20.67006,2208000
hardzero_plus_depr__c0p52__z1p00__lam0p030__nu0p50__psi1p25,hardzero_plus_depr,0.1,30,690,0.0,1,0.51368,0.51368,0.99894047,0.10024427,0.10024427,1.0,6.024816e-14,6.010135e-13,-25.702326,2.197713,0.732571,0.17600001,0.0,0.14879616,20.67006,20.70006,2211200
hardzero_plus_depr__c0p52__z1p00__lam0p030__nu0p50__psi1p25,hardzero_plus_depr,0.1,30,691,0.0,1,0.51368,0.51368,1.072152,0.0,0.08469308,0.0,0.0,5.7889257e-13,-28.137026,2.3587816,0.78626055,0.15200001,0.0,0.17146552,20.70006,20.73006,2214400
hardzero_plus_depr__c0p52__z1p00__lam0p030__nu0p50__psi1p25,hardzero_plus_depr,0.1,30,692,0.0,1,0.51368,0.51368,1.065524,0.0,0.08599555,0.0,0.0,5.5758593e-13,-27.939508,2.3441997,0.7813999,0.136,0.0,0.18993871,20.73006,20.760061,2217600
hardzero_plus_depr__c0p52__z1p00__lam0p030__nu0p50__psi1p25,hardzero_plus_depr,0.1,30,693,0.0,1,0.51368,0.51368,1.0960596,0.0,0.08015682,0.0,0.0,5.3706237e-13,-27.09629,2.411379,0.8037931,0.104,0.0,0.17573053,20.760061,20.790062,2220800
hardzero_plus_depr__c0p52__z1p00__lam0p030__nu0p50__psi1p25,hardzero_plus_depr,0.1,30,694,0.0,1,0.51368,0.51368,1.0355794,0.0,0.09213414,0.0,0.0,5.1729535e-13,-27.54047,2.2783203,0.7594401,0.224,0.0,0.16604231,20.790062,20.820063,2224000
hardzero_plus_depr__c0p52__z1p00__lam0p030__nu0p50__psi1p25,hardzero_plus_depr,0.1,30,695,0.0,1,0.51368,0.51368,1.0681392,0.0,0.08547926,0.0,0.0,4.9825573e-13,-27.870186,2.3499532,0.78331774,0.15200001,0.0,0.1606518,20.820063,20.850063,2227200
hardzero_plus_depr__c0p52__z1p00__lam0p030__nu0p50__psi1p25,hardzero_plus_depr,0.1,30,696,0.0,1,0.51368,0.51368,1.0669765,0.0,0.08570841,0.0,0.0,4.799161e-13,-28.52073,2.3473952,0.7824651,0.136,0.0,0.17487076,20.850063,20.880064,2230400
hardzero_plus_depr__c0p52__z1p00__lam0p030__nu0p50__psi1p25,hardzero_plus_depr,0.1,30,697,0.0,1,0.51368,0.51368,1.0526606,0.0,0.088580765,0.0,0.0,4.622523e-13,-27.950943,2.3158996,0.7719666,0.096,0.0,0.18402085,20.880064,20.910065,2233600
hardzero_plus_depr__c0p52__z1p00__lam0p030__nu0p50__psi1p25,hardzero_plus_depr,0.1,30,698,0.0,1,0.51368,0.51368,0.94959843,0.11230563,0.11230563,1.0,5.000281e-14,4.4523868e-13,-26.476032,2.0891583,0.6963861,0.264,0.0,0.15808962,20.910065,20.940065,2236800
hardzero_plus_depr__c0p52__z1p00__lam0p030__nu0p50__psi1p25,hardzero_plus_depr,0.1,30,699,0.0,1,0.51368,0.51368,1.0095639,0.0,0.09782189,0.0,0.0,4.2885124e-13,-26.842104,2.221085,0.7403617,0.16000001,0.0,0.1433513,20.940065,20.970066,2240000
hardzero_plus_depr__c0p52__z1p00__lam0p030__nu0p50__psi1p25,hardzero_plus_depr,0.1,30,700,0.0,1,0.51368,0.51368,1.0250068,0.0,0.09440461,0.0,0.0,4.1306693e-13,-26.997568,2.25506,0.7516867,0.216,0.0,0.1597743,20.970066,21.000067,2243200
hardzero_plus_depr__c0p52__z1p00__lam0p030__nu0p50__psi1p25,hardzero_plus_depr,0.1,30,701,0.0,1,0.51368,0.51368,1.0013467,0.0,0.099690385,0.0,0.0,3.9786287e-13,-27.31161,2.2030067,0.7343356,0.17600001,0.0,0.15977347,21.000067,21.030067,2246400
hardzero_plus_depr__c0p52__z1p00__lam0p030__nu0p50__psi1p25,hardzero_plus_depr,0.1,30,702,0.0,1,0.51368,0.51368,1.0652411,0.0,0.086051576,0.0,0.0,3.8321915e-13,-28.038187,2.3435771,0.7811924,0.16,0.0,0.17367005,21.030067,21.060068,2249600
hardzero_plus_depr__c0p52__z1p00__lam0p030__nu0p50__psi1p25,hardzero_plus_depr,0.1,30,703,0.0,1,0.51368,0.51368,1.0415257,0.0,0.090881236,0.0,0.0,3.6911438e-13,-27.49374,2.2914023,0.7638008,0.216,0.0,0.18126898,21.060068,21.090069,2252800
hardzero_plus_depr__c0p52__z1p00__lam0p030__nu0p50__psi1p25,hardzero_plus_depr,0.1,30,704,0.0,1,0.51368,0.51368,1.0074286,0.0,0.09830403,0.0,0.0,3.555281e-13,-26.16172,2.2163873,0.73879576,0.120000005,0.0,0.13499494,21.090069,21.12007,2256000
hardzero_plus_depr__c0p52__z1p00__lam0p030__nu0p50__psi1p25,hardzero_plus_depr,0.1,30,705,0.0,1,0.51368,0.51368,1.0553185,0.0,0.08804029,0.0,0.0,3.4244257e-13,-27.938606,2.321747,0.7739157,0.17600001,0.0,0.20960824,21.12007,21.15007,2259200
hardzero_plus_depr__c0p52__z1p00__lam0p030__nu0p50__psi1p25,hardzero_plus_depr,0.1,30,706,0.0,1,0.51368,0.51368,0.9692769,0.107330486,0.107330486,1.0,3.5401742e-14,3.2983864e-13,-25.987806,2.1324518,0.7108173,0.136,0.0,0.16350718,21.15007,21.18007,2262400
hardzero_plus_depr__c0p52__z1p00__lam0p030__nu0p50__psi1p25,hardzero_plus_depr,0.1,30,707,0.0,1,0.51368,0.51368,1.0312414,0.0,0.09305903,0.0,0.0,3.176986e-13,-26.667297,2.2687764,0.75625885,0.072000004,0.0,0.15117374,21.18007,21.210072,2265600
hardzero_plus_depr__c0p52__z1p00__lam0p030__nu0p50__psi1p25,hardzero_plus_depr,0.1,30,708,0.0,1,0.51368,0.51368,1.0730804,0.0,0.08451223,0.0,0.0,3.060054e-13,-27.978369,2.360824,0.7869414,0.104,0.0,0.18295614,21.210072,21.240072,2268800
hardzero_plus_depr__c0p52__z1p00__lam0p030__nu0p50__psi1p25,hardzero_plus_depr,0.1,30,709,0.0,1,0.51368,0.51368,1.0244149,0.0,0.094533354,0.0,0.0,2.9474204e-13,-28.097048,2.2537577,0.7512526,0.16800001,0.0,0.1484982,21.240072,21.270073,2272000
hardzero_plus_depr__c0p52__z1p00__lam0p030__nu0p50__psi1p25,hardzero_plus_depr,0.1,30,710,0.0,1,0.51368,0.51368,1.008127,0.0,0.098146096,0.0,0.0,2.8389379e-13,-27.103354,2.2179236,0.7393079,0.17600001,0.0,0.1269629,21.270073,21.300074,2275200
hardzero_plus_depr__c0p52__z1p00__lam0p030__nu0p50__psi1p25,hardzero_plus_depr,0.1,30,711,0.0,1,0.51368,0.51368,1.0479125,0.0,0.08955453,0.0,0.0,2.734448e-13,-26.890783,2.3054535,0.76848453,0.096,0.0,0.15864909,21.300074,21.330074,2278400
hardzero_plus_depr__c0p52__z1p00__lam0p030__nu0p50__psi1p25,hardzero_plus_depr,0.1,30,712,0.0,1,0.51368,0.51368,1.0112984,0.0,0.097432,0.0,0.0,2.633799e-13,-26.818026,2.224901,0.74163365,0.16800001,0.0,0.16683874,21.330074,21.360075,2281600
hardzero_plus_depr__c0p52__z1p00__lam0p030__nu0p50__psi1p25,hardzero_plus_depr,0.1,30,713,0.0,1,0.51368,0.51368,0.9805713,0.10457519,0.10457519,1.0,2.6529253e-14,2.5368593e-13,-25.840397,2.1573,0.7191,0.16000001,0.0,0.1204598,21.360075,21.390076,2284800
hardzero_plus_depr__c0p52__z1p00__lam0p030__nu0p50__psi1p25,hardzero_plus_depr,0.1,30,714,0.0,1,0.51368,0.51368,1.069089,0.0,0.08529252,0.0,0.0,2.443488e-13,-27.730743,2.352043,0.78401434,0.120000005,0.0,0.21619146,21.390076,21.420076,2288000
hardzero_plus_depr__c0p52__z1p00__lam0p030__nu0p50__psi1p25,hardzero_plus_depr,0.1,30,715,0.0,1,0.51368,0.51368,1.0401106,0.0,0.09117785,0.0,0.0,2.3535533e-13,-27.835278,2.288289,0.762763,0.21,0.02,0.16628858,21.420076,21.450077,2291200
hardzero_plus_depr__c0p52__z1p00__lam0p030__nu0p50__psi1p25,hardzero_plus_depr,0.1,30,716,0.0,1,0.51368,0.51368,1.0573035,0.0,0.087638795,0.0,0.0,2.2669282e-13,-28.351786,2.3261142,0.77537143,0.14400001,0.0,0.15641539,21.450077,21.480078,2294400
hardzero_plus_depr__c0p52__z1p00__lam0p030__nu0p50__psi1p25,hardzero_plus_depr,0.1,30,717,0.0,1,0.51368,0.51368,1.0501412,0.0,0.08909612,0.0,0.0,2.1834878e-13,-27.264511,2.3103569,0.77011895,0.16800001,0.0,0.15335162,21.480078,21.510078,2297600
hardzero_plus_depr__c0p52__z1p00__lam0p030__nu0p50__psi1p25,hardzero_plus_depr,0.1,30,718,0.0,1,0.51368,0.51368,0.9881671,0.10276208,0.10276208,1.0,2.1612125e-14,2.1031226e-13,-26.129932,2.174011,0.72467035,0.15200001,0.0,0.13305883,21.510078,21.54008,2300800
hardzero_plus_depr__c0p52__z1p00__lam0p030__nu0p50__psi1p25,hardzero_plus_depr,0.1,30,719,0.0,1,0.51368,0.51368,1.0337359,0.0,0.09252608,0.0,0.0,2.025715e-13,-27.09846,2.2742643,0.7580881,0.16000001,0.0,0.1696817,21.54008,21.57008,2304000
hardzero_plus_depr__c0p52__z1p00__lam0p030__nu0p50__psi1p25,hardzero_plus_depr,0.1,30,720,0.0,1,0.51368,0.51368,1.013711,0.0,0.096892245,0.0,0.0,1.9511529e-13,-27.187338,2.2302086,0.7434029,0.17600001,0.0,0.15955307,21.57008,21.60008,2307200
hardzero_plus_depr__c0p52__z1p00__lam0p030__nu0p50__psi1p25,hardzero_plus_depr,0.1,30,721,0.0,1,0.51368,0.51368,1.0795273,0.0,0.08326696,0.0,0.0,1.879339e-13,-28.678818,2.3750074,0.79166913,0.15200001,0.0,0.17681216,21.60008,21.630081,2310400
hardzero_plus_depr__c0p52__z1p00__lam0p030__nu0p50__psi1p25,hardzero_plus_depr,0.1,30,722,0.0,1,0.51368,0.51368,1.0692388,0.0,0.085263126,0.0,0.0,1.8101681e-13,-27.47733,2.3523724,0.78412414,0.136,0.0,0.16625641,21.630081,21.660082,2313600
hardzero_plus_depr__c0p52__z1p00__lam0p030__nu0p50__psi1p25,hardzero_plus_depr,0.1,30,723,0.0,1,0.51368,0.51368,0.9636678,0.10872569,0.10872569,1.0,1.895679e-14,1.7435429e-13,-25.753788,2.1201115,0.70670384,0.272,0.0,0.15272895,21.660082,21.690083,2316800
hardzero_plus_depr__c0p52__z1p00__lam0p030__nu0p50__psi1p25,hardzero_plus_depr,0.1,30,724,0.0,1,0.51368,0.51368,1.0901704,0.0,0.081251174,0.0,0.0,1.6793702e-13,-27.931393,2.3984227,0.79947424,0.112,0.0,0.19411646,21.690083,21.720083,2320000
hardzero_plus_depr__c0p52__z1p00__lam0p030__nu0p50__psi1p25,hardzero_plus_depr,0.1,30,725,0.0,1,0.51368,0.51368,1.0037545,0.0,0.09913921,0.0,0.0,1.6175563e-13,-27.1195,2.208304,0.7361013,0.14400001,0.0,0.15520664,21.720083,21.750084,2323200
hardzero_plus_depr__c0p52__z1p00__lam0p030__nu0p50__psi1p25,hardzero_plus_depr,0.1,30,726,0.0,1,0.51368,0.51368,1.0048687,0.0,0.09888519,0.0,0.0,1.5580207e-13,-26.612896,2.2107553,0.73691845,0.208,0.0,0.1590815,21.750084,21.780085,2326400
hardzero_plus_depr__c0p52__z1p00__lam0p030__nu0p50__psi1p25,hardzero_plus_depr,0.1,30,727,0.0,1,0.51368,0.51368,1.0083243,0.0,0.09810151,0.0,0.0,1.5006762e-13,-27.824799,2.2183576,0.73945254,0.216,0.0,0.188069,21.780085,21.810085,2329600
hardzero_plus_depr__c0p52__z1p00__lam0p030__nu0p50__psi1p25,hardzero_plus_depr,0.1,30,728,0.0,1,0.51368,0.51368,1.0227231,0.0,0.09490233,0.0,0.0,1.4454398e-13,-26.357662,2.2500358,0.7500119,0.11,0.0,0.14474851,21.810085,21.840086,2332800
hardzero_plus_depr__c0p52__z1p00__lam0p030__nu0p50__psi1p25,hardzero_plus_depr,0.1,30,729,0.0,1,0.51368,0.51368,0.9708808,0.10693483,0.10693483,1.0,1.4887885e-14,1.392239e-13,-25.678783,2.1359804,0.71199346,0.128,0.0,0.14725192,21.840086,21.870087,2336000
hardzero_plus_depr__c0p52__z1p00__lam0p030__nu0p50__psi1p25,hardzero_plus_depr,0.1,30,730,0.0,1,0.51368,0.51368,1.0472032,0.0,0.08970091,0.0,0.0,1.3409964e-13,-27.607468,2.303893,0.76796436,0.18400002,0.0,0.16513346,21.870087,21.900087,2339200
hardzero_plus_depr__c0p52__z1p00__lam0p030__nu0p50__psi1p25,hardzero_plus_depr,0.1,30,731,0.0,1,0.51368,0.51368,0.999732,0.10006172,0.10006172,1.0,1.2924368e-14,1.2916396e-13,-26.588737,2.1994543,0.73315144,0.17600001,0.0,0.1652162,21.900087,21.930088,2342400
hardzero_plus_depr__c0p52__z1p00__lam0p030__nu0p50__psi1p25,hardzero_plus_depr,0.1,30,732,0.0,1,0.51368,0.51368,1.0711819,0.0,0.08488249,0.0,0.0,1.2440996e-13,-27.899961,2.3566473,0.7855491,0.128,0.0,0.15815347,21.930088,21.960089,2345600
hardzero_plus_depr__c0p52__z1p00__lam0p030__nu0p50__psi1p25,hardzero_plus_depr,0.1,30,733,0.0,1,0.51368,0.51368,1.0682786,0.0,0.085451834,0.0,0.0,1.1983071e-13,-27.478556,2.3502598,0.78341997,0.080000006,0.0,0.16684057,21.960089,21.99009,2348800
hardzero_plus_depr__c0p52__z1p00__lam0p030__nu0p50__psi1p25,hardzero_plus_depr,0.1,30,734,0.0,1,0.51368,0.51368,1.0567701,0.0,0.087746516,0.0,0.0,1.154202e-13,-28.150908,2.3249407,0.77498025,0.14400001,0.0,0.16919681,21.99009,22.02009,2352000
hardzero_plus_depr__c0p52__z1p00__lam0p030__nu0p50__psi1p25,hardzero_plus_depr,0.1,30,735,0.0,1,0.51368,0.51368,1.089395,0.0,0.081396356,0.0,0.0,1.11172065e-13,-27.418888,2.396717,0.79890573,0.120000005,0.0,0.17023787,22.02009,22.05009,2355200
hardzero_plus_depr__c0p52__z1p00__lam0p030__nu0p50__psi1p25,hardzero_plus_depr,0.1,30,736,0.0,1,0.51368,0.51368,1.0193727,0.0,0.095637284,0.0,0.0,1.0708007e-13,-27.240025,2.2426648,0.74755496,0.2,0.0,0.15599851,22.05009,22.080091,2358400
hardzero_plus_depr__c0p52__z1p00__lam0p030__nu0p50__psi1p25,hardzero_plus_depr,0.1,30,737,0.0,1,0.51368,0.51368,1.0379634,0.0,0.09162976,0.0,0.0,1.03138886e-13,-27.410677,2.283565,0.7611884,0.18400002,0.0,0.15353377,22.080091,22.110092,2361600
hardzero_plus_depr__c0p52__z1p00__lam0p030__nu0p50__psi1p25,hardzero_plus_depr,0.1,30,738,0.0,1,0.51368,0.51368,1.0519845,0.0,0.088718764,0.0,0.0,9.9342755e-14,-28.280588,2.314412,0.7714707,0.15200001,0.0,0.17855442,22.110092,22.140093,2364800
hardzero_plus_depr__c0p52__z1p00__lam0p030__nu0p50__psi1p25,hardzero_plus_depr,0.1,30,739,0.0,1,0.51368,0.51368,1.0113122,0.0,0.09742888,0.0,0.0,9.5686364e-14,-27.282232,2.2249312,0.7416438,0.104,0.0,0.16126654,22.140093,22.170094,2368000
hardzero_plus_depr__c0p52__z1p00__lam0p030__nu0p50__psi1p25,hardzero_plus_depr,0.1,30,740,0.0,1,0.51368,0.51368,1.0165888,0.0,0.09625232,0.0,0.0,9.216452e-14,-27.662876,2.23654,0.7455134,0.128,0.0,0.15651658,22.170094,22.200094,2371200
hardzero_plus_depr__c0p52__z1p00__lam0p030__nu0p50__psi1p25,hardzero_plus_depr,0.1,30,741,0.0,1,0.51368,0.51368,1.0262249,0.0,0.0941402,0.0,0.0,8.877216e-14,-27.235928,2.2577398,0.7525799,0.14999999,0.0,0.16217087,22.200094,22.230095,2374400
hardzero_plus_depr__c0p52__z1p00__lam0p030__nu0p50__psi1p25,hardzero_plus_depr,0.1,30,742,0.0,1,0.51368,0.51368,1.0096769,0.0,0.09779645,0.0,0.0,8.550482e-14,-27.158504,2.2213335,0.74044454,0.14400001,0.0,0.15215996,22.230095,22.260096,2377600
hardzero_plus_depr__c0p52__z1p00__lam0p030__nu0p50__psi1p25,hardzero_plus_depr,0.1,30,743,0.0,1,0.51368,0.51368,1.0512542,0.0,0.08886809,0.0,0.0,8.2357725e-14,-27.347654,2.3128054,0.7709352,0.15200001,0.0,0.16259962,22.260096,22.290096,2380800
hardzero_plus_depr__c0p52__z1p00__lam0p030__nu0p50__psi1p25,hardzero_plus_depr,0.1,30,744,0.0,1,0.51368,0.51368,1.0882585,0.0,0.081609644,0.0,0.0,7.932632e-14,-28.263102,2.3942165,0.7980722,0.136,0.0,0.16538998,22.290096,22.320097,2384000
hardzero_plus_depr__c0p52__z1p00__lam0p030__nu0p50__psi1p25,hardzero_plus_depr,0.1,30,745,0.0,1,0.51368,0.51368,1.0053117,0.0,0.09878438,0.0,0.0,7.640665e-14,-26.722116,2.21173,0.73724335,0.216,0.0,0.14328855,22.320097,22.350098,2387200
hardzero_plus_depr__c0p52__z1p00__lam0p030__nu0p50__psi1p25,hardzero_plus_depr,0.1,30,746,0.0,1,0.51368,0.51368,1.0322499,0.0,0.0928432,0.0,0.0,7.3594424e-14,-27.14201,2.2709951,0.7569984,0.18400002,0.0,0.15658937,22.350098,22.380098,2390400
hardzero_plus_depr__c0p52__z1p00__lam0p030__nu0p50__psi1p25,hardzero_plus_depr,0.1,30,747,0.0,1,0.51368,0.51368,0.9842455,0.10369421,0.10369421,1.0,7.3504376e-15,7.088571e-14,-27.181625,2.1653833,0.7217945,0.16000001,0.0,0.14279988,22.380098,22.410099,2393600
hardzero_plus_depr__c0p52__z1p00__lam0p030__nu0p50__psi1p25,hardzero_plus_depr,0.1,30,748,0.0,1,0.51368,0.51368,1.0534399,0.0,0.08842196,0.0,0.0,6.82767e-14,-27.452938,2.317614,0.77253807,0.14400001,0.0,0.15353651,22.410099,22.4401,2396800
hardzero_plus_depr__c0p52__z1p00__lam0p030__nu0p50__psi1p25,hardzero_plus_depr,0.1,30,749,0.0,1,0.51368,0.51368,1.0077959,0.0,0.09822094,0.0,0.0,6.5763584e-14,-26.4505,2.2171953,0.7390651,0.136,0.0,0.17351535,22.4401,22.4701,2400000
hardzero_plus_depr__c0p52__z1p00__lam0p030__nu0p50__psi1p25,hardzero_plus_depr,0.1,30,750,0.0,1,0.51368,0.51368,0.9631535,0.108854525,0.108854525,1.0,6.895182e-15,6.334309e-14,-26.36017,2.11898,0.70632666,0.192,0.0,0.14531021,22.4701,22.500101,2403200
hardzero_plus_depr__c0p52__z1p00__lam0p030__nu0p50__psi1p25,hardzero_plus_depr,0.1,30,751,0.0,1,0.51368,0.51368,1.0346823,0.0,0.09232467,0.0,0.0,6.101168e-14,-27.298374,2.2763464,0.75878215,0.120000005,0.0,0.1760259,22.500101,22.530102,2406400
hardzero_plus_depr__c0p52__z1p00__lam0p030__nu0p50__psi1p25,hardzero_plus_depr,0.1,30,752,0.0,1,0.51368,0.51368,1.0489503,0.0,0.089340754,0.0,0.0,5.876598e-14,-28.05484,2.3077369,0.7692456,0.128,0.0,0.19006902,22.530102,22.560102,2409600
hardzero_plus_depr__c0p52__z1p00__lam0p030__nu0p50__psi1p25,hardzero_plus_depr,0.1,30,753,0.0,1,0.51368,0.51368,0.9943084,0.101319164,0.101319164,1.0,5.7349734e-15,5.6603048e-14,-26.19438,2.1875222,0.7291741,0.2,0.0,0.14494824,22.560102,22.590103,2412800
hardzero_plus_depr__c0p52__z1p00__lam0p030__nu0p50__psi1p25,hardzero_plus_depr,0.1,30,754,0.0,1,0.51368,0.51368,1.0429982,0.0,0.090573646,0.0,0.0,5.4519713e-14,-27.556559,2.2946417,0.7648806,0.13,0.0,0.16702294,22.590103,22.620104,2416000
hardzero_plus_depr__c0p52__z1p00__lam0p030__nu0p50__psi1p25,hardzero_plus_depr,0.1,30,755,0.0,1,0.51368,0.51368,1.0363672,0.0,0.091967165,0.0,0.0,5.2513068e-14,-27.657705,2.2800534,0.7600178,0.208,0.0,0.18219674,22.620104,22.650105,2419200
hardzero_plus_depr__c0p52__z1p00__lam0p030__nu0p50__psi1p25,hardzero_plus_depr,0.1,30,756,0.0,1,0.51368,0.51368,1.0180756,0.0,0.09592337,0.0,0.0,5.058027e-14,-27.426176,2.239811,0.74660367,0.17600001,0.0,0.16571635,22.650105,22.680105,2422400
hardzero_plus_depr__c0p52__z1p00__lam0p030__nu0p50__psi1p25,hardzero_plus_depr,0.1,30,757,0.0,1,0.51368,0.51368,1.0641159,0.0,0.086274825,0.0,0.0,4.8718526e-14,-28.166656,2.3411016,0.78036726,0.2,0.0,0.18153475,22.680105,22.710106,2425600
hardzero_plus_depr__c0p52__z1p00__lam0p030__nu0p50__psi1p25,hardzero_plus_depr,0.1,30,758,0.0,1,0.51368,0.51368,1.0324545,0.0,0.09279948,0.0,0.0,4.692539e-14,-26.992113,2.2714453,0.75714844,0.16800001,0.0,0.1411763,22.710106,22.740107,2428800
hardzero_plus_depr__c0p52__z1p00__lam0p030__nu0p50__psi1p25,hardzero_plus_depr,0.1,30,759,0.0,1,0.51368,0.51368,1.0714676,0.0,0.084826656,0.0,0.0,4.5198257e-14,-27.86986,2.357276,0.7857587,0.104,0.0,0.15943922,22.740107,22.770107,2432000
hardzero_plus_depr__c0p52__z1p00__lam0p030__nu0p50__psi1p25,hardzero_plus_depr,0.1,30,760,0.0,1,0.51368,0.51368,0.96068525,0.10947495,0.10947495,1.0,4.7659495e-15,4.3534614e-14,-25.625341,2.1135497,0.7045166,0.17600001,0.0,0.15683018,22.770107,22.800108,2435200
hardzero_plus_depr__c0p52__z1p00__lam0p030__nu0p50__psi1p25,hardzero_plus_depr,0.1,30,761,0.0,1,0.51368,0.51368,1.034231,0.0,0.092420645,0.0,0.0,4.1932278e-14,-27.306658,2.2753534,0.75845116,0.16000001,0.0,0.16148077,22.800108,22.830109,2438400
hardzero_plus_depr__c0p52__z1p00__lam0p030__nu0p50__psi1p25,hardzero_plus_depr,0.1,30,762,0.0,1,0.51368,0.51368,1.0287656,0.0,0.09359108,0.0,0.0,4.0388926e-14,-26.64796,2.2633295,0.75444317,0.136,0.0,0.1637471,22.830109,22.86011,2441600
hardzero_plus_depr__c0p52__z1p00__lam0p030__nu0p50__psi1p25,hardzero_plus_depr,0.1,30,763,0.0,1,0.51368,0.51368,1.051923,0.0,0.088731326,0.0,0.0,3.8902367e-14,-28.341784,2.314277,0.77142566,0.104,0.0,0.18478426,22.86011,22.89011,2444800
hardzero_plus_depr__c0p52__z1p00__lam0p030__nu0p50__psi1p25,hardzero_plus_depr,0.1,30,764,0.0,1,0.51368,0.51368,0.9979297,0.10047783,0.10047783,1.0,3.7649573e-15,3.747053e-14,-26.580715,2.1954892,0.73182976,0.14400001,0.0,0.1510015,22.89011,22.92011,2448000
hardzero_plus_depr__c0p52__z1p00__lam0p030__nu0p50__psi1p25,hardzero_plus_depr,0.1,30,765,0.0,1,0.51368,0.51368,1.0540142,0.0,0.0883051,0.0,0.0,3.6091325e-14,-27.346928,2.3188775,0.7729592,0.104,0.0,0.13986894,22.92011,22.950111,2451200
hardzero_plus_depr__c0p52__z1p00__lam0p030__nu0p50__psi1p25,hardzero_plus_depr,0.1,30,766,0.0,1,0.51368,0.51368,1.0471535,0.0,0.089711174,0.0,0.0,3.4762947e-14,-28.580004,2.3037837,0.7679279,0.2,0.0,0.15682557,22.950111,22.980112,2454400
hardzero_plus_depr__c0p52__z1p00__lam0p030__nu0p50__psi1p25,hardzero_plus_depr,0.1,30,767,0.0,1,0.51368,0.51368,1.0145378,0.0,0.096707955,0.0,0.0,3.3483467e-14,-26.938532,2.2320278,0.74400926,0.16,0.0,0.16775417,22.980112,23.010113,2457600
hardzero_plus_depr__c0p52__z1p00__lam0p030__nu0p50__psi1p25,hardzero_plus_depr,0.1,30,768,0.0,1,0.51368,0.51368,0.99350536,0.101506695,0.101506695,1.0,3.2736938e-15,3.2251013e-14,-26.34123,2.1857555,0.7285852,0.16000001,0.0,0.12769128,23.010113,23.040113,2460800
hardzero_plus_depr__c0p52__z1p00__lam0p030__nu0p50__psi1p25,hardzero_plus_depr,0.1,30,769,0.0,1,0.51368,0.51368,1.0089843,0.0,0.09795254,0.0,0.0,3.106398e-14,-27.571833,2.2198098,0.7399366,0.14400001,0.0,0.17484829,23.040113,23.070114,2464000
hardzero_plus_depr__c0p52__z1p00__lam0p030__nu0p50__psi1p25,hardzero_plus_depr,0.1,30,770,0.0,1,0.51368,0.51368,1.0847213,0.0,0.08227703,0.0,0.0,2.9920643e-14,-28.699322,2.3864346,0.7954782,0.112,0.0,0.14648488,23.070114,23.100115,2467200
hardzero_plus_depr__c0p52__z1p00__lam0p030__nu0p50__psi1p25,hardzero_plus_depr,0.1,30,771,0.0,1,0.51368,0.51368,0.9988132,0.10027365,0.10027365,1.0,2.889825e-15,2.8819388e-14,-26.462702,2.197433,0.73247766,0.14400001,0.0,0.15742102,23.100115,23.130116,2470400
hardzero_plus_depr__c0p52__z1p00__lam0p030__nu0p50__psi1p25,hardzero_plus_depr,0.1,30,772,0.0,1,0.51368,0.51368,1.0366231,0.0,0.09191298,0.0,0.0,2.775866e-14,-26.759228,2.2806165,0.7602055,0.112,0.0,0.16156368,23.130116,23.160116,2473600
hardzero_plus_depr__c0p52__z1p00__lam0p030__nu0p50__psi1p25,hardzero_plus_depr,0.1,30,773,0.0,1,0.51368,0.51368,1.0248417,0.0,0.09444052,0.0,0.0,2.6736927e-14,-27.56479,2.2546966,0.7515656,0.16800001,0.008,0.16949175,23.160116,23.190117,2476800
hardzero_plus_depr__c0p52__z1p00__lam0p030__nu0p50__psi1p25,hardzero_plus_depr,0.1,30,774,0.0,1,0.51368,0.51368,1.0013808,0.0,0.09968257,0.0,0.0,2.5752846e-14,-27.194517,2.2030818,0.73436064,0.18400002,0.0,0.12810338,23.190117,23.220118,2480000
hardzero_plus_depr__c0p52__z1p00__lam0p030__nu0p50__psi1p25,hardzero_plus_depr,0.1,30,775,0.0,1,0.51368,0.51368,1.0342104,0.0,0.092425,0.0,0.0,2.480499e-14,-26.988766,2.2753084,0.75843614,0.15200001,0.0,0.16604604,23.220118,23.250118,2483200
hardzero_plus_depr__c0p52__z1p00__lam0p030__nu0p50__psi1p25,hardzero_plus_depr,0.1,30,776,0.0,1,0.51368,0.51368,0.98025584,0.10465118,0.10465118,1.0,2.500323e-15,2.3891972e-14,-26.81547,2.156606,0.7188687,0.24000001,0.0,0.12313914,23.250118,23.280119,2486400
hardzero_plus_depr__c0p52__z1p00__lam0p030__nu0p50__psi1p25,hardzero_plus_depr,0.1,30,777,0.0,1,0.51368,0.51368,0.9968202,0.10073487,0.10073487,1.0,2.3181714e-15,2.3012603e-14,-26.388216,2.1930482,0.7310161,0.16800001,0.0,0.14676681,23.280119,23.31012,2489600
hardzero_plus_depr__c0p52__z1p00__lam0p030__nu0p50__psi1p25,hardzero_plus_depr,0.1,30,778,0.0,1,0.51368,0.51368,1.0028363,0.0,0.09934902,0.0,0.0,2.2165605e-14,-26.381096,2.206284,0.73542804,0.16800001,0.0,0.15981826,23.31012,23.34012,2492800
hardzero_plus_depr__c0p52__z1p00__lam0p030__nu0p50__psi1p25,hardzero_plus_depr,0.1,30,779,0.0,1,0.51368,0.51368,1.023284,0.0,0.094779864,0.0,0.0,2.1349779e-14,-27.365746,2.2512696,0.7504232,0.16000001,0.008,0.15510027,23.34012,23.370121,2496000
hardzero_plus_depr__c0p52__z1p00__lam0p030__nu0p50__psi1p25,hardzero_plus_depr,0.1,30,780,0.0,1,0.51368,0.51368,1.0129248,0.0,0.09706781,0.0,0.0,2.056398e-14,-27.40014,2.228479,0.74282634,0.22,0.0,0.16009097,23.370121,23.400122,2499200
hardzero_plus_depr__c0p52__z1p00__lam0p030__nu0p50__psi1p25,hardzero_plus_depr,0.1,30,781,0.0,1,0.51368,0.51368,1.0203838,0.0,0.095414884,0.0,0.0,1.9807066e-14,-26.591017,2.2448893,0.74829644,0.136,0.0,0.15862155,23.400122,23.430122,2502400
hardzero_plus_depr__c0p52__z1p00__lam0p030__nu0p50__psi1p25,hardzero_plus_depr,0.1,30,782,0.0,1,0.51368,0.51368,1.0240172,0.0,0.09461997,0.0,0.0,1.9078048e-14,-27.465315,2.252883,0.750961,0.18400002,0.0,0.19851665,23.430122,23.460123,2505600
hardzero_plus_depr__c0p52__z1p00__lam0p030__nu0p50__psi1p25,hardzero_plus_depr,0.1,30,783,0.0,1,0.51368,0.51368,1.0485975,0.0,0.08941338,0.0,0.0,1.8375863e-14,-27.911774,2.3069606,0.7689869,0.15200001,0.0,0.1691911,23.460123,23.490124,2508800
hardzero_plus_depr__c0p52__z1p00__lam0p030__nu0p50__psi1p25,hardzero_plus_depr,0.1,30,784,0.0,1,0.51368,0.51368,1.0624312,0.0,0.08661014,0.0,0.0,1.7699489e-14,-27.889645,2.3373954,0.7791318,0.208,0.0,0.17784867,23.490124,23.520124,2512000
hardzero_plus_depr__c0p52__z1p00__lam0p030__nu0p50__psi1p25,hardzero_plus_depr,0.1,30,785,0.0,1,0.51368,0.51368,1.0252718,0.0,0.09434703,0.0,0.0,1.704804e-14,-27.33887,2.255643,0.751881,0.18400002,0.0,0.16220593,23.520124,23.550125,2515200
hardzero_plus_depr__c0p52__z1p00__lam0p030__nu0p50__psi1p25,hardzero_plus_depr,0.1,30,786,0.0,1,0.51368,0.51368,1.0494555,0.0,0.08923689,0.0,0.0,1.6420572e-14,-27.89278,2.3088481,0.76961607,0.096,0.0,0.15891281,23.550125,23.580126,2518400
hardzero_plus_depr__c0p52__z1p00__lam0p030__nu0p50__psi1p25,hardzero_plus_depr,0.1,30,787,0.0,1,0.51368,0.51368,1.0678146,0.0,0.08554318,0.0,0.0,1.5816197e-14,-27.650005,2.3492389,0.7830796,0.104,0.0,0.17759477,23.580126,23.610126,2521600
hardzero_plus_depr__c0p52__z1p00__lam0p030__nu0p50__psi1p25,hardzero_plus_depr,0.1,30,788,0.0,1,0.51368,0.51368,1.0394512,0.0,0.09131639,0.0,0.0,1.5234067e-14,-27.636215,2.2868383,0.76227945,0.16000001,0.0,0.14918569,23.610126,23.640127,2524800
hardzero_plus_depr__c0p52__z1p00__lam0p030__nu0p50__psi1p25,hardzero_plus_depr,0.1,30,789,0.0,1,0.51368,0.51368,0.9927899,0.101674035,0.101674035,1.0,1.4918971e-15,1.4673335e-14,-27.780619,2.1841815,0.7280605,0.18400002,0.0,0.1775725,23.640127,23.670128,2528000
hardzero_plus_depr__c0p52__z1p00__lam0p030__nu0p50__psi1p25,hardzero_plus_depr,0.1,30,790,0.0,1,0.51368,0.51368,1.027644,0.0,0.093833074,0.0,0.0,1.4133268e-14,-27.657822,2.260862,0.75362074,0.208,0.0,0.16356722,23.670128,23.700129,2531200
hardzero_plus_depr__c0p52__z1p00__lam0p030__nu0p50__psi1p25,hardzero_plus_depr,0.1,30,791,0.0,1,0.51368,0.51368,1.1175512,0.0,0.076286696,0.0,0.0,1.361308e-14,-28.921747,2.4586618,0.819554,0.112,0.0,0.16749251,23.700129,23.73013,2534400
hardzero_plus_depr__c0p52__z1p00__lam0p030__nu0p50__psi1p25,hardzero_plus_depr,0.1,30,792,0.0,1,0.51368,0.51368,1.0836812,0.0,0.08247432,0.0,0.0,1.3112013e-14,-27.26358,2.3841462,0.7947154,0.14400001,0.0,0.17980956,23.73013,23.76013,2537600
hardzero_plus_depr__c0p52__z1p00__lam0p030__nu0p50__psi1p25,hardzero_plus_depr,0.1,30,793,0.0,1,0.51368,0.51368,0.9632339,0.108834386,0.108834386,1.0,1.3745144e-15,1.2629412e-14,-26.416649,2.1191568,0.7063856,0.19,0.0,0.14609098,23.76013,23.79013,2540800
hardzero_plus_depr__c0p52__z1p00__lam0p030__nu0p50__psi1p25,hardzero_plus_depr,0.1,30,794,0.0,1,0.51368,0.51368,1.0209969,0.0,0.09528029,0.0,0.0,1.2164575e-14,-26.583256,2.246238,0.74874604,0.18400002,0.0,0.18243317,23.79013,23.820131,2544000
hardzero_plus_depr__c0p52__z1p00__lam0p030__nu0p50__psi1p25,hardzero_plus_depr,0.1,30,795,0.0,1,0.51368,0.51368,1.0468277,0.0,0.08977849,0.0,0.0,1.1716847e-14,-27.642584,2.303067,0.767689,0.136,0.0,0.18633029,23.820131,23.850132,2547200
hardzero_plus_depr__c0p52__z1p00__lam0p030__nu0p50__psi1p25,hardzero_plus_depr,0.1,30,796,0.0,1,0.51368,0.51368,1.0282621,0.0,0.093699634,0.0,0.0,1.1285597e-14,-27.42028,2.2622218,0.754074,0.192,0.0,0.17646937,23.850132,23.880133,2550400
hardzero_plus_depr__c0p52__z1p00__lam0p030__nu0p50__psi1p25,hardzero_plus_depr,0.1,30,797,0.0,1,0.51368,0.51368,1.0357213,0.0,0.09210405,0.0,0.0,1.0870198e-14,-27.334244,2.2786324,0.75954413,0.136,0.0,0.1583186,23.880133,23.910133,2553600
hardzero_plus_depr__c0p52__z1p00__lam0p030__nu0p50__psi1p25,hardzero_plus_depr,0.1,30,798,0.0,1,0.51368,0.51368,1.0465336,0.0,0.08983932,0.0,0.0,1.0470111e-14,-27.381805,2.30242,0.76747334,0.136,0.0,0.16994566,23.910133,23.940134,2556800
hardzero_plus_depr__c0p52__z1p00__lam0p030__nu0p50__psi1p25,hardzero_plus_depr,0.1,30,799,0.0,1,0.51368,0.51368,1.0477268,0.0,0.08959282,0.0,0.0,1.0084749e-14,-27.875895,2.305045,0.76834834,0.128,0.0,0.16610304,23.940134,23.970135,2560000
hardzero_plus_depr__c0p52__z1p00__lam0p030__nu0p50__psi1p25,hardzero_plus_depr,0.1,30,800,0.0,1,0.51368,0.51368,1.0428939,0.0,0.090595394,0.0,0.0,9.713551e-15,-27.6789,2.2944124,0.7648041,0.17600001,0.0,0.18437305,23.970135,24.000135,2563200
hardzero_plus_depr__c0p52__z1p00__lam0p030__nu0p50__psi1p25,hardzero_plus_depr,0.1,30,801,0.0,1,0.51368,0.51368,1.040065,0.0,0.091187425,0.0,0.0,9.3560346e-15,-27.059544,2.2881887,0.7627296,0.14400001,0.008,0.17190713,24.000135,24.030136,2566400
hardzero_plus_depr__c0p52__z1p00__lam0p030__nu0p50__psi1p25,hardzero_plus_depr,0.1,30,802,0.0,1,0.51368,0.51368,1.0446995,0.0,0.0902195,0.0,0.0,9.0116775e-15,-27.227633,2.298385,0.7661283,0.128,0.0,0.13849226,24.030136,24.060137,2569600
hardzero_plus_depr__c0p52__z1p00__lam0p030__nu0p50__psi1p25,hardzero_plus_depr,0.1,30,803,0.0,1,0.51368,0.51368,1.0546663,0.0,0.08817261,0.0,0.0,8.679994e-15,-27.472265,2.3203123,0.77343744,0.136,0.0,0.15970017,24.060137,24.090137,2572800
hardzero_plus_depr__c0p52__z1p00__lam0p030__nu0p50__psi1p25,hardzero_plus_depr,0.1,30,804,0.0,1,0.51368,0.51368,1.0493528,0.0,0.08925802,0.0,0.0,8.360519e-15,-27.71031,2.3086221,0.7695407,0.120000005,0.0,0.1545135,24.090137,24.120138,2576000
hardzero_plus_depr__c0p52__z1p00__lam0p030__nu0p50__psi1p25,hardzero_plus_depr,0.1,30,805,0.0,1,0.51368,0.51368,1.0388322,0.0,0.09144665,0.0,0.0,8.0527854e-15,-28.069067,2.2854764,0.7618255,0.192,0.0,0.18880314,24.120138,24.150139,2579200
hardzero_plus_depr__c0p52__z1p00__lam0p030__nu0p50__psi1p25,hardzero_plus_depr,0.1,30,806,0.0,1,0.51368,0.51368,0.9972665,0.10063141,0.10063141,1.0,7.8053694e-16,7.756395e-15,-26.836962,2.19403,0.7313434,0.17999999,0.0,0.1564325,24.150139,24.18014,2582400
hardzero_plus_depr__c0p52__z1p00__lam0p030__nu0p50__psi1p25,hardzero_plus_depr,0.1,30,807,0.0,1,0.51368,0.51368,1.0102423,0.0,0.0976692,0.0,0.0,7.4709145e-15,-27.242775,2.2225776,0.7408592,0.15200001,0.0,0.15152998,24.18014,24.21014,2585600
hardzero_plus_depr__c0p52__z1p00__lam0p030__nu0p50__psi1p25,hardzero_plus_depr,0.1,30,808,0.0,1,0.51368,0.51368,1.0574844,0.0,0.087602325,0.0,0.0,7.195926e-15,-28.566706,2.326512,0.77550405,0.18400002,0.0,0.14835994,24.21014,24.24014,2588800
hardzero_plus_depr__c0p52__z1p00__lam0p030__nu0p50__psi1p25,hardzero_plus_depr,0.1,30,809,0.0,1,0.51368,0.51368,1.0540906,0.0,0.08828957,0.0,0.0,6.9310737e-15,-28.001444,2.3190458,0.77301526,0.096,0.0,0.17375007,24.24014,24.270142,2592000
hardzero_plus_depr__c0p52__z1p00__lam0p030__nu0p50__psi1p25,hardzero_plus_depr,0.1,30,810,0.0,1,0.51368,0.51368,1.0252472,0.0,0.094352365,0.0,0.0,6.675969e-15,-27.704613,2.255589,0.751863,0.120000005,0.0,0.16247243,24.270142,24.300142,2595200
hardzero_plus_depr__c0p52__z1p00__lam0p030__nu0p50__psi1p25,hardzero_plus_depr,0.1,30,811,0.0,1,0.51368,0.51368,1.0294759,0.0,0.09343811,0.0,0.0,6.4302536e-15,-26.505936,2.2648923,0.7549641,0.120000005,0.0,0.17880037,24.300142,24.330143,2598400
hardzero_plus_depr__c0p52__z1p00__lam0p030__nu0p50__psi1p25,hardzero_plus_depr,0.1,30,812,0.0,1,0.51368,0.51368,1.047487,0.0,0.08964231,0.0,0.0,6.1935816e-15,-27.207884,2.3045175,0.7681725,0.104,0.0,0.1488556,24.330143,24.360144,2601600
hardzero_plus_depr__c0p52__z1p00__lam0p030__nu0p50__psi1p25,hardzero_plus_depr,0.1,30,813,0.0,1,0.51368,0.51368,1.0544649,0.0,0.0882135,0.0,0.0,5.96561e-15,-28.037666,2.3198693,0.7732898,0.16800001,0.0,0.182156,24.360144,24.390144,2604800
hardzero_plus_depr__c0p52__z1p00__lam0p030__nu0p50__psi1p25,hardzero_plus_depr,0.1,30,814,0.0,1,0.51368,0.51368,1.0122371,0.0,0.09722164,0.0,0.0,5.74604e-15,-26.92266,2.2269661,0.7423221,0.16800001,0.0,0.16970474,24.390144,24.420145,2608000
hardzero_plus_depr__c0p52__z1p00__lam0p030__nu0p50__psi1p25,hardzero_plus_depr,0.1,30,815,0.0,1,0.51368,0.51368,1.033869,0.0,0.09249771,0.0,0.0,5.5345514e-15,-27.150042,2.2745574,0.7581858,0.14400001,0.0,0.16161653,24.420145,24.450146,2611200
hardzero_plus_depr__c0p52__z1p00__lam0p030__nu0p50__psi1p25,hardzero_plus_depr,0.1,30,816,0.0,1,0.51368,0.51368,1.0219809,0.0,0.095064655,0.0,0.0,5.330837e-15,-27.730652,2.2484028,0.7494676,0.15200001,0.0,0.16560306,24.450146,24.480146,2614400
hardzero_plus_depr__c0p52__z1p00__lam0p030__nu0p50__psi1p25,hardzero_plus_depr,0.1,30,817,0.0,1,0.51368,0.51368,1.0189769,0.0,0.0957245,0.0,0.0,5.1346303e-15,-27.17456,2.241794,0.74726474,0.192,0.0,0.14614953,24.480146,24.510147,2617600
hardzero_plus_depr__c0p52__z1p00__lam0p030__nu0p50__psi1p25,hardzero_plus_depr,0.1,30,818,0.0,1,0.51368,0.51368,1.0623949,0.0,0.08661741,0.0,0.0,4.9456454e-15,-27.548697,2.3373153,0.7791051,0.16000001,0.0,0.16309799,24.510147,24.540148,2620800
hardzero_plus_depr__c0p52__z1p00__lam0p030__nu0p50__psi1p25,hardzero_plus_depr,0.1,30,819,0.0,1,0.51368,0.51368,1.0481523,0.0,0.08950507,0.0,0.0,4.7636163e-15,-27.153177,2.3059812,0.7686604,0.19,0.0,0.17040744,24.540148,24.570148,2624000
hardzero_plus_depr__c0p52__z1p00__lam0p030__nu0p50__psi1p25,hardzero_plus_depr,0.1,30,820,0.0,1,0.51368,0.51368,1.0668616,0.0,0.0857311,0.0,0.0,4.588287e-15,-27.592783,2.3471425,0.7823808,0.16000001,0.0,0.161284,24.570148,24.60015,2627200
hardzero_plus_depr__c0p52__z1p00__lam0p030__nu0p50__psi1p25,hardzero_plus_depr,0.1,30,821,0.0,1,0.51368,0.51368,0.9994025,0.10013766,0.10013766,1.0,4.4254856e-16,4.419402e-15,-26.969875,2.1987295,0.73290986,0.16800001,0.0,0.16316298,24.60015,24.63015,2630400
hardzero_plus_depr__c0p52__z1p00__lam0p030__nu0p50__psi1p25,hardzero_plus_depr,0.1,30,822,0.0,1,0.51368,0.51368,0.9879748,0.10280758,0.10280758,1.0,4.3762532e-16,4.2567416e-15,-26.125381,2.173588,0.7245294,0.136,0.0,0.13643189,24.63015,24.66015,2633600
hardzero_plus_depr__c0p52__z1p00__lam0p030__nu0p50__psi1p25,hardzero_plus_depr,0.1,30,823,0.0,1,0.51368,0.51368,1.0393355,0.0,0.091340736,0.0,0.0,4.1000685e-15,-27.888943,2.2865837,0.7621946,0.128,0.0,0.19603631,24.66015,24.690151,2636800
hardzero_plus_depr__c0p52__z1p00__lam0p030__nu0p50__psi1p25,hardzero_plus_depr,0.1,30,824,0.0,1,0.51368,0.51368,1.0752574,0.0,0.08408965,0.0,0.0,3.9491535e-15,-28.143261,2.3656135,0.78853786,0.14400001,0.0,0.14896485,24.690151,24.720152,2640000
hardzero_plus_depr__c0p52__z1p00__lam0p030__nu0p50__psi1p25,hardzero_plus_depr,0.1,30,825,0.0,1,0.51368,0.51368,1.0473344,0.0,0.089673795,0.0,0.0,3.8038013e-15,-27.472313,2.3041818,0.7680606,0.16800001,0.0,0.18058111,24.720152,24.750153,2643200
hardzero_plus_depr__c0p52__z1p00__lam0p030__nu0p50__psi1p25,hardzero_plus_depr,0.1,30,826,0.0,1,0.51368,0.51368,1.018194,0.0,0.09589721,0.0,0.0,3.663799e-15,-27.066061,2.2400715,0.7466905,0.16000001,0.0,0.14426498,24.750153,24.780153,2646400
hardzero_plus_depr__c0p52__z1p00__lam0p030__nu0p50__psi1p25,hardzero_plus_depr,0.1,30,827,0.0,1,0.51368,0.51368,1.0395033,0.0,0.09130544,0.0,0.0,3.5289497e-15,-27.047846,2.286953,0.76231766,0.17600001,0.0,0.15878633,24.780153,24.810154,2649600
hardzero_plus_depr__c0p52__z1p00__lam0p030__nu0p50__psi1p25,hardzero_plus_depr,0.1,30,828,0.0,1,0.51368,0.51368,1.0401733,0.0,0.0911647,0.0,0.0,3.3990634e-15,-27.209597,2.2884269,0.762809,0.15200001,0.0,0.1822964,24.810154,24.840155,2652800
hardzero_plus_depr__c0p52__z1p00__lam0p030__nu0p50__psi1p25,hardzero_plus_depr,0.1,30,829,0.0,1,0.51368,0.51368,1.0495906,0.0,0.089209154,0.0,0.0,3.2739511e-15,-27.908924,2.3091455,0.7697152,0.192,0.0,0.17398232,24.840155,24.870155,2656000
hardzero_plus_depr__c0p52__z1p00__lam0p030__nu0p50__psi1p25,hardzero_plus_depr,0.1,30,830,0.0,1,0.51368,0.51368,1.0002651,0.0,0.09993898,0.0,0.0,3.15345e-15,-27.042347,2.200627,0.7335424,0.2,0.0,0.17724407,24.870155,24.900156,2659200
hardzero_plus_depr__c0p52__z1p00__lam0p030__nu0p50__psi1p25,hardzero_plus_depr,0.1,30,831,0.0,1,0.51368,0.51368,1.0462149,0.0,0.089905255,0.0,0.0,3.0373846e-15,-27.075098,2.3017187,0.7672396,0.136,0.0,0.15145703,24.900156,24.930157,2662400
hardzero_plus_depr__c0p52__z1p00__lam0p030__nu0p50__psi1p25,hardzero_plus_depr,0.1,30,832,0.0,1,0.51368,0.51368,1.1030374,0.0,0.07887923,0.0,0.0,2.925585e-15,-28.542826,2.4267306,0.80891025,0.07,0.0,0.15437144,24.930157,24.960157,2665600
hardzero_plus_depr__c0p52__z1p00__lam0p030__nu0p50__psi1p25,hardzero_plus_depr,0.1,30,833,0.0,1,0.51368,0.51368,0.9942121,0.10134163,0.10134163,1.0,2.8557118e-16,2.817906e-15,-26.863234,2.1873102,0.72910345,0.18400002,0.0,0.14892977,24.960157,24.990158,2668800
hardzero_plus_depr__c0p52__z1p00__lam0p030__nu0p50__psi1p25,hardzero_plus_depr,0.1,30,834,0.0,1,0.51368,0.51368,1.0742841,0.0,0.084278345,0.0,0.0,2.7141904e-15,-28.261118,2.3634722,0.7878241,0.08800001,0.0,0.15061176,24.990158,25.020159,2672000
hardzero_plus_depr__c0p52__z1p00__lam0p030__nu0p50__psi1p25,hardzero_plus_depr,0.1,30,835,0.0,1,0.51368,0.51368,1.0216569,0.0,0.09513562,0.0,0.0,2.614292e-15,-26.984692,2.24769,0.74923,0.2,0.016,0.14940715,25.020159,25.05016,2675200
hardzero_plus_depr__c0p52__z1p00__lam0p030__nu0p50__psi1p25,hardzero_plus_depr,0.1,30,836,0.0,1,0.51368,0.51368,1.0762604,0.0,0.08389566,0.0,0.0,2.5180706e-15,-28.8098,2.3678203,0.78927344,0.112,0.0,0.15779664,25.05016,25.08016,2678400
hardzero_plus_depr__c0p52__z1p00__lam0p030__nu0p50__psi1p25,hardzero_plus_depr,0.1,30,837,0.0,1,0.51368,0.51368,0.981273,0.10440638,0.10440638,1.0,2.5322577e-16,2.4253859e-15,-25.654661,2.1588438,0.7196146,0.24800001,0.0,0.16867086,25.08016,25.11016,2681600
hardzero_plus_depr__c0p52__z1p00__lam0p030__nu0p50__psi1p25,hardzero_plus_depr,0.1,30,838,0.0,1,0.51368,0.51368,1.0543711,0.0,0.08823256,0.0,0.0,2.3361175e-15,-27.523087,2.3196628,0.77322096,0.120000005,0.0,0.17635173,25.11016,25.140162,2684800
hardzero_plus_depr__c0p52__z1p00__lam0p030__nu0p50__psi1p25,hardzero_plus_depr,0.1,30,839,0.0,1,0.51368,0.51368,1.0315797,0.0,0.09298657,0.0,0.0,2.2501343e-15,-26.917137,2.2695208,0.7565069,0.16000001,0.0,0.17306419,25.140162,25.170162,2688000
hardzero_plus_depr__c0p52__z1p00__lam0p030__nu0p50__psi1p25,hardzero_plus_depr,0.1,30,840,0.0,1,0.51368,0.51368,1.0202663,0.0,0.09544071,0.0,0.0,2.167312e-15,-27.634281,2.2446306,0.7482102,0.136,0.0,0.16468766,25.170162,25.200163,2691200
hardzero_plus_depr__c0p52__z1p00__lam0p030__nu0p50__psi1p25,hardzero_plus_depr,0.1,30,841,0.0,1,0.51368,0.51368,1.0235461,0.0,0.09472266,0.0,0.0,2.087542e-15,-27.1176,2.2518463,0.7506155,0.136,0.0,0.15676858,25.200163,25.230164,2694400
hardzero_plus_depr__c0p52__z1p00__lam0p030__nu0p50__psi1p25,hardzero_plus_depr,0.1,30,842,0.0,1,0.51368,0.51368,0.99726886,0.10063086,0.10063086,1.0,2.0233924e-16,2.0107078e-15,-26.798075,2.1940353,0.7313451,0.128,0.0,0.1385743,25.230164,25.260164,2697600
hardzero_plus_depr__c0p52__z1p00__lam0p030__nu0p50__psi1p25,hardzero_plus_depr,0.1,30,843,0.0,1,0.51368,0.51368,1.0680753,0.0,0.085491836,0.0,0.0,1.9367019e-15,-28.99432,2.3498125,0.78327084,0.192,0.0,0.18508789,25.260164,25.290165,2700800
hardzero_plus_depr__c0p52__z1p00__lam0p030__nu0p50__psi1p25,hardzero_plus_depr,0.1,30,844,0.0,1,0.51368,0.51368,1.0485876,0.0,0.08941542,0.0,0.0,1.8654198e-15,-27.711805,2.3069386,0.76897955,0.104,0.0,0.1667312,25.290165,25.320166,2704000
hardzero_plus_depr__c0p52__z1p00__lam0p030__nu0p50__psi1p25,hardzero_plus_depr,0.1,30,845,0.0,1,0.51368,0.51368,0.98994416,0.10234246,0.10234246,1.0,1.838846e-16,1.7967578e-15,-27.180271,2.1779206,0.72597355,0.19,0.0,0.15022515,25.320166,25.350166,2707200
hardzero_plus_depr__c0p52__z1p00__lam0p030__nu0p50__psi1p25,hardzero_plus_depr,0.1,30,846,0.0,1,0.51368,0.51368,1.0232316,0.0,0.09479127,0.0,0.0,1.7306264e-15,-27.618185,2.2511544,0.7503848,0.18400002,0.0,0.15519525,25.350166,25.380167,2710400
hardzero_plus_depr__c0p52__z1p00__lam0p030__nu0p50__psi1p25,hardzero_plus_depr,0.1,30,847,0.0,1,0.51368,0.51368,1.0405486,0.0,0.09108595,0.0,0.0,1.666929e-15,-27.030682,2.2892525,0.7630842,0.16000001,0.0,0.1575497,25.380167,25.410168,2713600
hardzero_plus_depr__c0p52__z1p00__lam0p030__nu0p50__psi1p25,hardzero_plus_depr,0.1,30,848,0.0,1,0.51368,0.51368,1.0486115,0.0,0.08941048,0.0,0.0,1.605573e-15,-27.718927,2.3069913,0.76899713,0.15200001,0.0,0.1491457,25.410168,25.440168,2716800
hardzero_plus_depr__c0p52__z1p00__lam0p030__nu0p50__psi1p25,hardzero_plus_depr,0.1,30,849,0.0,1,0.51368,0.51368,1.0293758,0.0,0.09345966,0.0,0.0,1.5464783e-15,-26.924416,2.264672,0.7548907,0.136,0.0,0.17095824,25.440168,25.47017,2720000
hardzero_plus_depr__c0p52__z1p00__lam0p030__nu0p50__psi1p25,hardzero_plus_depr,0.1,30,850,0.0,1,0.51368,0.51368,0.9865266,0.10315099,0.10315099,1.0,1.5364947e-16,1.4895588e-15,-26.410173,2.1704018,0.7234673,0.17600001,0.0,0.14526774,25.47017,25.50017,2723200
hardzero_plus_depr__c0p52__z1p00__lam0p030__nu0p50__psi1p25,hardzero_plus_depr,0.1,30,851,0.0,1,0.51368,0.51368,1.0170012,0.0,0.09616096,0.0,0.0,1.4347343e-15,-27.674545,2.2374473,0.74581575,0.192,0.0,0.17571959,25.50017,25.53017,2726400
hardzero_plus_depr__c0p52__z1p00__lam0p030__nu0p50__psi1p25,hardzero_plus_depr,0.1,30,852,0.0,1,0.51368,0.51368,1.0351268,0.0,0.0922302,0.0,0.0,1.3819275e-15,-26.957792,2.2773244,0.7591082,0.15200001,0.0,0.18067639,25.53017,25.560171,2729600
hardzero_plus_depr__c0p52__z1p00__lam0p030__nu0p50__psi1p25,hardzero_plus_depr,0.1,30,853,0.0,1,0.51368,0.51368,1.0225126,0.0,0.09494836,0.0,0.0,1.3310618e-15,-27.268438,2.2495725,0.74985754,0.16000001,0.0,0.1691644,25.560171,25.590172,2732800
hardzero_plus_depr__c0p52__z1p00__lam0p030__nu0p50__psi1p25,hardzero_plus_depr,0.1,30,854,0.0,1,0.51368,0.51368,0.9851941,0.10346797,0.10346797,1.0,1.3265326e-16,1.2820708e-15,-26.400743,2.1674702,0.7224901,0.18400002,0.0,0.14814654,25.590172,25.620173,2736000
hardzero_plus_depr__c0p52__z1p00__lam0p030__nu0p50__psi1p25,hardzero_plus_depr,0.1,30,855,0.0,1,0.51368,0.51368,1.0719926,0.0,0.08472418,0.0,0.0,1.234883e-15,-28.3939,2.3584309,0.78614366,0.096,0.0,0.18529633,25.620173,25.650173,2739200
hardzero_plus_depr__c0p52__z1p00__lam0p030__nu0p50__psi1p25,hardzero_plus_depr,0.1,30,856,0.0,1,0.51368,0.51368,1.0000113,0.0,0.0999974,0.0,0.0,1.1894297e-15,-27.33397,2.200069,0.73335636,0.128,0.0,0.17127044,25.650173,25.680174,2742400
hardzero_plus_depr__c0p52__z1p00__lam0p030__nu0p50__psi1p25,hardzero_plus_depr,0.1,30,857,0.0,1,0.51368,0.51368,1.0316699,0.0,0.09296729,0.0,0.0,1.1456537e-15,-27.525177,2.269719,0.75657296,0.16800001,0.0,0.16939072,25.680174,25.710175,2745600
hardzero_plus_depr__c0p52__z1p00__lam0p030__nu0p50__psi1p25,hardzero_plus_depr,0.1,30,858,0.0,1,0.51368,0.51368,0.9824994,0.10411195,0.10411195,1.0,1.1488595e-16,1.1034848e-15,-26.775951,2.161542,0.720514,0.099999994,0.0,0.13894582,25.710175,25.740175,2748800
hardzero_plus_depr__c0p52__z1p00__lam0p030__nu0p50__psi1p25,hardzero_plus_depr,0.1,30,859,0.0,1,0.51368,0.51368,1.0723485,0.0,0.08465478,0.0,0.0,1.062868e-15,-27.64374,2.3592138,0.7864046,0.16800001,0.0,0.17272237,25.740175,25.770176,2752000
hardzero_plus_depr__c0p52__z1p00__lam0p030__nu0p50__psi1p25,hardzero_plus_depr,0.1,30,860,0.0,1,0.51368,0.51368,1.0161273,0.0,0.09635463,0.0,0.0,1.0237502e-15,-27.01817,2.235525,0.745175,0.136,0.0,0.16039668,25.770176,25.800177,2755200
hardzero_plus_depr__c0p52__z1p00__lam0p030__nu0p50__psi1p25,hardzero_plus_depr,0.1,30,861,0.0,1,0.51368,0.51368,1.0442146,0.0,0.09032031,0.0,0.0,9.86068e-16,-27.75953,2.297318,0.7657727,0.14400001,0.0,0.15352577,25.800177,25.830177,2758400
hardzero_plus_depr__c0p52__z1p00__lam0p030__nu0p50__psi1p25,hardzero_plus_depr,0.1,30,862,0.0,1,0.51368,0.51368,1.0116475,0.0,0.09735372,0.0,0.0,9.497767e-16,-26.868338,2.225669,0.74188966,0.16800001,0.0,0.15002485,25.830177,25.860178,2761600
hardzero_plus_depr__c0p52__z1p00__lam0p030__nu0p50__psi1p25,hardzero_plus_depr,0.1,30,863,0.0,1,0.51368,0.51368,1.0621802,0.0,0.08666022,0.0,0.0,9.148175e-16,-28.128225,2.336843,0.7789477,0.128,0.0,0.17764732,25.860178,25.890179,2764800
hardzero_plus_depr__c0p52__z1p00__lam0p030__nu0p50__psi1p25,hardzero_plus_depr,0.1,30,864,0.0,1,0.51368,0.51368,1.0044484,0.0,0.09898093,0.0,0.0,8.811451e-16,-27.299034,2.2098308,0.7366103,0.16800001,0.0,0.17599015,25.890179,25.92018,2768000
hardzero_plus_depr__c0p52__z1p00__lam0p030__nu0p50__psi1p25,hardzero_plus_depr,0.1,30,865,0.0,1,0.51368,0.51368,1.0400592,0.0,0.09118863,0.0,0.0,8.487153e-16,-27.844479,2.2881758,0.7627253,0.192,0.0,0.17354447,25.92018,25.95018,2771200
hardzero_plus_depr__c0p52__z1p00__lam0p030__nu0p50__psi1p25,hardzero_plus_depr,0.1,30,866,0.0,1,0.51368,0.51368,1.005957,0.0,0.098637715,0.0,0.0,8.17476e-16,-26.412802,2.2131495,0.73771656,0.216,0.0,0.1652479,25.95018,25.98018,2774400
hardzero_plus_depr__c0p52__z1p00__lam0p030__nu0p50__psi1p25,hardzero_plus_depr,0.1,30,867,0.0,1,0.51368,0.51368,1.0641314,0.0,0.086271755,0.0,0.0,7.8738653e-16,-27.157854,2.3411357,0.7803786,0.18400002,0.0,0.1591993,25.98018,26.010181,2777600
hardzero_plus_depr__c0p52__z1p00__lam0p030__nu0p50__psi1p25,hardzero_plus_depr,0.1,30,868,0.0,1,0.51368,0.51368,1.0356798,0.0,0.092112854,0.0,0.0,7.584074e-16,-27.320494,2.278541,0.75951374,0.096,0.0,0.15572722,26.010181,26.040182,2780800
hardzero_plus_depr__c0p52__z1p00__lam0p030__nu0p50__psi1p25,hardzero_plus_depr,0.1,30,869,0.0,1,0.51368,0.51368,1.1281319,0.0,0.074450575,0.0,0.0,7.3049217e-16,-28.776869,2.4819396,0.8273132,0.120000005,0.008,0.1982747,26.040182,26.070183,2784000
hardzero_plus_depr__c0p52__z1p00__lam0p030__nu0p50__psi1p25,hardzero_plus_depr,0.1,30,870,0.0,1,0.51368,0.51368,1.0517896,0.0,0.08875858,0.0,0.0,7.036044e-16,-27.330381,2.3139834,0.77132785,0.136,0.0,0.16456437,26.070183,26.100183,2787200
hardzero_plus_depr__c0p52__z1p00__lam0p030__nu0p50__psi1p25,hardzero_plus_depr,0.1,30,871,0.0,1,0.51368,0.51368,0.9489042,0.112485304,0.112485304,1.0,7.623228e-17,6.777088e-16,-26.287088,2.087631,0.695877,0.16,0.0,0.1266373,26.100183,26.130184,2790400
hardzero_plus_depr__c0p52__z1p00__lam0p030__nu0p50__psi1p25,hardzero_plus_depr,0.1,30,872,0.0,1,0.51368,0.51368,1.045071,0.0,0.09014238,0.0,0.0,6.527638e-16,-26.894371,2.2992022,0.76640075,0.2,0.0,0.15724608,26.130184,26.160185,2793600
hardzero_plus_depr__c0p52__z1p00__lam0p030__nu0p50__psi1p25,hardzero_plus_depr,0.1,30,873,0.0,1,0.51368,0.51368,1.072435,0.0,0.08463791,0.0,0.0,6.2873943e-16,-27.898083,2.359404,0.786468,0.14400001,0.0,0.17851174,26.160185,26.190186,2796800
hardzero_plus_depr__c0p52__z1p00__lam0p030__nu0p50__psi1p25,hardzero_plus_depr,0.1,30,874,0.0,1,0.51368,0.51368,1.0068746,0.0,0.09842953,0.0,0.0,6.0559695e-16,-26.613537,2.2151682,0.73838943,0.16000001,0.0,0.15418842,26.190186,26.220186,2800000
hardzero_plus_depr__c0p52__z1p00__lam0p030__nu0p50__psi1p25,hardzero_plus_depr,0.1,30,875,0.0,1,0.51368,0.51368,1.0360997,0.0,0.09202384,0.0,0.0,5.833062e-16,-27.752333,2.2794647,0.7598216,0.08800001,0.0,0.18233986,26.220186,26.250187,2803200
hardzero_plus_depr__c0p52__z1p00__lam0p030__nu0p50__psi1p25,hardzero_plus_depr,0.1,30,876,0.0,1,0.51368,0.51368,1.0656761,0.0,0.08596544,0.0,0.0,5.6183817e-16,-28.6934,2.3445342,0.7815114,0.112,0.0,0.1774298,26.250187,26.280188,2806400
hardzero_plus_depr__c0p52__z1p00__lam0p030__nu0p50__psi1p25,hardzero_plus_depr,0.1,30,877,0.0,1,0.51368,0.51368,1.022994,0.0,0.094843134,0.0,0.0,5.411582e-16,-27.131895,2.2506318,0.75021064,0.17600001,0.0,0.1577627,26.280188,26.310188,2809600
hardzero_plus_depr__c0p52__z1p00__lam0p030__nu0p50__psi1p25,hardzero_plus_depr,0.1,30,878,0.0,1,0.51368,0.51368,0.99933124,0.10015411,0.10015411,1.0,5.2204464e-17,5.2124136e-16,-25.76166,2.1985726,0.7328576,0.16800001,0.0,0.17753376,26.310188,26.340189,2812800
hardzero_plus_depr__c0p52__z1p00__lam0p030__nu0p50__psi1p25,hardzero_plus_depr,0.1,30,879,0.0,1,0.51368,0.51368,1.0276868,0.0,0.093823835,0.0,0.0,5.0205564e-16,-27.704514,2.2609563,0.7536521,0.192,0.0,0.19068441,26.340189,26.37019,2816000
hardzero_plus_depr__c0p52__z1p00__lam0p030__nu0p50__psi1p25,hardzero_plus_depr,0.1,30,880,0.0,1,0.51368,0.51368,1.0048891,0.0,0.098880544,0.0,0.0,4.8357603e-16,-26.854288,2.2108002,0.7369334,0.17600001,0.0,0.16700324,26.37019,26.40019,2819200
hardzero_plus_depr__c0p52__z1p00__lam0p030__nu0p50__psi1p25,hardzero_plus_depr,0.1,30,881,0.0,1,0.51368,0.51368,0.97401774,0.10616522,0.10616522,1.0,4.9449472e-17,4.6577844e-16,-26.398172,2.1428819,0.71429396,0.136,0.0,0.15702316,26.40019,26.430191,2822400
hardzero_plus_depr__c0p52__z1p00__lam0p030__nu0p50__psi1p25,hardzero_plus_depr,0.1,30,882,0.0,1,0.51368,0.51368,0.9849719,0.10352092,0.10352092,1.0,4.6443025e-17,4.486342e-16,-26.200226,2.1669815,0.7223272,0.120000005,0.008,0.1471631,26.430191,26.460192,2825600
hardzero_plus_depr__c0p52__z1p00__lam0p030__nu0p50__psi1p25,hardzero_plus_depr,0.1,30,883,0.0,1,0.51368,0.51368,0.96209294,0.10912068,0.10912068,1.0,4.715333e-17,4.3212093e-16,-25.989521,2.1166468,0.70554894,0.15200001,0.0,0.125104,26.460192,26.490192,2828800
hardzero_plus_depr__c0p52__z1p00__lam0p030__nu0p50__psi1p25,hardzero_plus_depr,0.1,30,884,0.0,1,0.51368,0.51368,1.0149906,0.0,0.09660718,0.0,0.0,4.162171e-16,-26.936981,2.233024,0.7443413,0.17999999,0.0,0.14844832,26.490192,26.520193,2832000
hardzero_plus_depr__c0p52__z1p00__lam0p030__nu0p50__psi1p25,hardzero_plus_depr,0.1,30,885,0.0,1,0.51368,0.51368,0.9839004,0.10377664,0.10377664,1.0,4.1603754e-17,4.008971e-16,-25.687601,2.1646242,0.7215414,0.17600001,0.0,0.15605266,26.520193,26.550194,2835200
hardzero_plus_depr__c0p52__z1p00__lam0p030__nu0p50__psi1p25,hardzero_plus_depr,0.1,30,886,0.0,1,0.51368,0.51368,1.0332226,0.0,0.09263549,0.0,0.0,3.8614093e-16,-26.881779,2.273135,0.75771165,0.096,0.0,0.18009095,26.550194,26.580194,2838400
hardzero_plus_depr__c0p52__z1p00__lam0p030__nu0p50__psi1p25,hardzero_plus_depr,0.1,30,887,0.0,1,0.51368,0.51368,1.0371728,0.0,0.09179673,0.0,0.0,3.719294e-16,-27.918077,2.2818258,0.7606086,0.128,0.0,0.15494016,26.580194,26.610195,2841600
hardzero_plus_depr__c0p52__z1p00__lam0p030__nu0p50__psi1p25,hardzero_plus_depr,0.1,30,888,0.0,1,0.51368,0.51368,1.0222944,0.0,0.09499605,0.0,0.0,3.582395e-16,-27.175623,2.2490926,0.74969757,0.15200001,0.0,0.14904584,26.610195,26.640196,2844800
hardzero_plus_depr__c0p52__z1p00__lam0p030__nu0p50__psi1p25,hardzero_plus_depr,0.1,30,889,0.0,1,0.51368,0.51368,1.0832696,0.0,0.08255254,0.0,0.0,3.4505478e-16,-28.74141,2.3832407,0.79441357,0.120000005,0.0,0.16343074,26.640196,26.670197,2848000
hardzero_plus_depr__c0p52__z1p00__lam0p030__nu0p50__psi1p25,hardzero_plus_depr,0.1,30,890,0.0,1,0.51368,0.51368,1.0652734,0.0,0.08604518,0.0,0.0,3.323541e-16,-27.838997,2.3436482,0.7812161,0.15200001,0.0,0.17688948,26.670197,26.700197,2851200
hardzero_plus_depr__c0p52__z1p00__lam0p030__nu0p50__psi1p25,hardzero_plus_depr,0.1,30,891,0.0,1,0.51368,0.51368,0.9807135,0.10454096,0.10454096,1.0,3.3465742e-17,3.2012086e-16,-27.05849,2.1576128,0.7192043,0.15200001,0.0,0.16936709,26.700197,26.730198,2854400
hardzero_plus_depr__c0p52__z1p00__lam0p030__nu0p50__psi1p25,hardzero_plus_depr,0.1,30,892,0.0,1,0.51368,0.51368,1.018939,0.0,0.09573285,0.0,0.0,3.083391e-16,-27.304607,2.2417107,0.7472369,0.192,0.0,0.16784815,26.730198,26.760199,2857600
hardzero_plus_depr__c0p52__z1p00__lam0p030__nu0p50__psi1p25,hardzero_plus_depr,0.1,30,893,0.0,1,0.51368,0.51368,1.0140783,0.0,0.09681033,0.0,0.0,2.9698984e-16,-26.811148,2.2310166,0.74367225,0.17600001,0.0,0.17518504,26.760199,26.7902,2860800
hardzero_plus_depr__c0p52__z1p00__lam0p030__nu0p50__psi1p25,hardzero_plus_depr,0.1,30,894,0.0,1,0.51368,0.51368,1.0610968,0.0,0.086876675,0.0,0.0,2.8605938e-16,-27.725853,2.3344595,0.7781532,0.08800001,0.0,0.15491615,26.7902,26.8202,2864000
hardzero_plus_depr__c0p52__z1p00__lam0p030__nu0p50__psi1p25,hardzero_plus_depr,0.1,30,895,0.0,1,0.51368,0.51368,1.071013,0.0,0.084915504,0.0,0.0,2.7553016e-16,-29.02339,2.3562756,0.7854252,0.16800001,0.0,0.19822933,26.8202,26.8502,2867200
hardzero_plus_depr__c0p52__z1p00__lam0p030__nu0p50__psi1p25,hardzero_plus_depr,0.1,30,896,0.0,1,0.51368,0.51368,1.0287976,0.0,0.093584165,0.0,0.0,2.6538852e-16,-27.171276,2.2634,0.7544667,0.16000001,0.0,0.14230041,26.8502,26.880201,2870400
hardzero_plus_depr__c0p52__z1p00__lam0p030__nu0p50__psi1p25,hardzero_plus_depr,0.1,30,897,0.0,1,0.51368,0.51368,1.067357,0.0,0.08563337,0.0,0.0,2.5562115e-16,-27.507591,2.3482323,0.7827441,0.17,0.0,0.17483412,26.880201,26.910202,2873600
hardzero_plus_depr__c0p52__z1p00__lam0p030__nu0p50__psi1p25,hardzero_plus_depr,0.1,30,898,0.0,1,0.51368,0.51368,1.0789254,0.0,0.08338244,0.0,0.0,2.4621228e-16,-27.856865,2.3736832,0.79122776,0.136,0.0,0.15426028,26.910202,26.940203,2876800
hardzero_plus_depr__c0p52__z1p00__lam0p030__nu0p50__psi1p25,hardzero_plus_depr,0.1,30,899,0.0,1,0.51368,0.51368,1.0576875,0.0,0.087561354,0.0,0.0,2.3714974e-16,-27.774921,2.3269591,0.77565306,0.18400002,0.0,0.15939602,26.940203,26.970203,2880000
hardzero_plus_depr__c0p52__z1p00__lam0p030__nu0p50__psi1p25,hardzero_plus_depr,0.1,30,900,0.0,1,0.51368,0.51368,0.95821905,0.110098384,0.110098384,1.0,2.5148858e-17,2.2842168e-16,-26.202896,2.108124,0.702708,0.18400002,0.0,0.15722169,26.970203,27.000204,2883200
hardzero_plus_depr__c0p52__z1p00__lam0p030__nu0p50__psi1p25,hardzero_plus_depr,0.1,30,901,0.0,1,0.51368,0.51368,1.0700848,0.0,0.085097186,0.0,0.0,2.2001398e-16,-28.612812,2.3542335,0.7847445,0.15200001,0.0,0.18091764,27.000204,27.030205,2886400
hardzero_plus_depr__c0p52__z1p00__lam0p030__nu0p50__psi1p25,hardzero_plus_depr,0.1,30,902,0.0,1,0.51368,0.51368,1.016167,0.0,0.096345834,0.0,0.0,2.1191572e-16,-26.909666,2.2356122,0.7452041,0.208,0.0,0.16656137,27.030205,27.060205,2889600
hardzero_plus_depr__c0p52__z1p00__lam0p030__nu0p50__psi1p25,hardzero_plus_depr,0.1,30,903,0.0,1,0.51368,0.51368,1.0210686,0.0,0.09526457,0.0,0.0,2.0411637e-16,-27.169725,2.2463958,0.7487986,0.120000005,0.0,0.16764417,27.060205,27.090206,2892800
hardzero_plus_depr__c0p52__z1p00__lam0p030__nu0p50__psi1p25,hardzero_plus_depr,0.1,30,904,0.0,1,0.51368,0.51368,1.1092803,0.0,0.07775345,0.0,0.0,1.966033e-16,-28.483253,2.4404655,0.8134885,0.112,0.0,0.17135844,27.090206,27.120207,2896000
hardzero_plus_depr__c0p52__z1p00__lam0p030__nu0p50__psi1p25,hardzero_plus_depr,0.1,30,905,0.0,1,0.51368,0.51368,1.0316004,0.0,0.09298216,0.0,0.0,1.8936749e-16,-27.465317,2.269566,0.75652206,0.104,0.0,0.13989535,27.120207,27.150208,2899200
hardzero_plus_depr__c0p52__z1p00__lam0p030__nu0p50__psi1p25,hardzero_plus_depr,0.1,30,906,0.0,1,0.51368,0.51368,0.9952884,0.1010908,0.1010908,1.0,1.8438686e-17,1.8239728e-16,-26.515343,2.1896782,0.72989273,0.16800001,0.0,0.13870443,27.150208,27.180208,2902400
hardzero_plus_depr__c0p52__z1p00__lam0p030__nu0p50__psi1p25,hardzero_plus_depr,0.1,30,907,0.0,1,0.51368,0.51368,1.0224748,0.0,0.09495662,0.0,0.0,1.7568363e-16,-26.372307,2.2494893,0.74982977,0.14400001,0.0,0.13899724,27.180208,27.210209,2905600
hardzero_plus_depr__c0p52__z1p00__lam0p030__nu0p50__psi1p25,hardzero_plus_depr,0.1,30,908,0.0,1,0.51368,0.51368,1.0480155,0.0,0.08953329,0.0,0.0,1.6921775e-16,-27.408012,2.30568,0.76856005,0.14400001,0.0,0.19468653,27.210209,27.24021,2908800
hardzero_plus_depr__c0p52__z1p00__lam0p030__nu0p50__psi1p25,hardzero_plus_depr,0.1,30,909,0.0,1,0.51368,0.51368,0.9978351,0.10049973,0.10049973,1.0,1.6380375e-17,1.6298924e-16,-26.694017,2.195281,0.7317604,0.18400002,0.0,0.17166792,27.24021,27.27021,2912000
hardzero_plus_depr__c0p52__z1p00__lam0p030__nu0p50__psi1p25,hardzero_plus_depr,0.1,30,910,0.0,1,0.51368,0.51368,1.0901304,0.0,0.08125863,0.0,0.0,1.5699056e-16,-28.53863,2.398335,0.79944503,0.13,0.0,0.17806001,27.27021,27.30021,2915200
hardzero_plus_depr__c0p52__z1p00__lam0p030__nu0p50__psi1p25,hardzero_plus_depr,0.1,30,911,0.0,1,0.51368,0.51368,1.036538,0.0,0.09193099,0.0,0.0,1.5121208e-16,-27.363514,2.2804291,0.76014304,0.16800001,0.0,0.14749876,27.30021,27.330212,2918400
hardzero_plus_depr__c0p52__z1p00__lam0p030__nu0p50__psi1p25,hardzero_plus_depr,0.1,30,912,0.0,1,0.51368,0.51368,0.9959415,0.10093888,0.10093888,1.0,1.4701373e-17,1.456463e-16,-26.868305,2.1911151,0.7303717,0.15200001,0.0,0.16286339,27.330212,27.360212,2921600
hardzero_plus_depr__c0p52__z1p00__lam0p030__nu0p50__psi1p25,hardzero_plus_depr,0.1,30,913,0.0,1,0.51368,0.51368,1.0764672,0.0,0.08385575,0.0,0.0,1.4028593e-16,-28.511604,2.368275,0.789425,0.136,0.0,0.18820761,27.360212,27.390213,2924800
hardzero_plus_depr__c0p52__z1p00__lam0p030__nu0p50__psi1p25,hardzero_plus_depr,0.1,30,914,0.0,1,0.51368,0.51368,1.0263221,0.0,0.09411913,0.0,0.0,1.3512231e-16,-26.948345,2.2579536,0.7526512,0.15200001,0.0,0.16244693,27.390213,27.420214,2928000
hardzero_plus_depr__c0p52__z1p00__lam0p030__nu0p50__psi1p25,hardzero_plus_depr,0.1,30,915,0.0,1,0.51368,0.51368,1.0138597,0.0,0.09685906,0.0,0.0,1.3014876e-16,-26.784513,2.230536,0.74351203,0.128,0.0,0.14738812,27.420214,27.450214,2931200
hardzero_plus_depr__c0p52__z1p00__lam0p030__nu0p50__psi1p25,hardzero_plus_depr,0.1,30,916,0.0,1,0.51368,0.51368,1.0473905,0.0,0.08966223,0.0,0.0,1.2535875e-16,-27.68476,2.304305,0.7681017,0.112,0.0,0.181179,27.450214,27.480215,2934400
hardzero_plus_depr__c0p52__z1p00__lam0p030__nu0p50__psi1p25,hardzero_plus_depr,0.1,30,917,0.0,1,0.51368,0.51368,1.0669287,0.0,0.085717835,0.0,0.0,1.2074457e-16,-27.61166,2.34729,0.78243005,0.16000001,0.0,0.1748143,27.480215,27.510216,2937600
hardzero_plus_depr__c0p52__z1p00__lam0p030__nu0p50__psi1p25,hardzero_plus_depr,0.1,30,918,0.0,1,0.51368,0.51368,1.0558785,0.0,0.08792685,0.0,0.0,1.1630022e-16,-27.82882,2.3229792,0.77432644,0.128,0.0,0.14992893,27.510216,27.540216,2940800
hardzero_plus_depr__c0p52__z1p00__lam0p030__nu0p50__psi1p25,hardzero_plus_depr,0.1,30,919,0.0,1,0.51368,0.51368,0.94563526,0.113335185,0.113335185,1.0,1.26957955e-17,1.120199e-16,-25.156792,2.080439,0.6934797,0.16800001,0.0,0.15306707,27.540216,27.570217,2944000
hardzero_plus_depr__c0p52__z1p00__lam0p030__nu0p50__psi1p25,hardzero_plus_depr,0.1,30,920,0.0,1,0.51368,0.51368,0.9654266,0.10828627,0.10828627,1.0,1.1683731e-17,1.078967e-16,-26.937107,2.123981,0.7079937,0.136,0.0,0.13988666,27.570217,27.600218,2947200
hardzero_plus_depr__c0p52__z1p00__lam0p030__nu0p50__psi1p25,hardzero_plus_depr,0.1,30,921,0.0,1,0.51368,0.51368,0.9795609,0.10481876,0.10481876,1.0,1.0893357e-17,1.0392565e-16,-27.181122,2.155077,0.718359,0.208,0.0,0.16915223,27.600218,27.630219,2950400
hardzero_plus_depr__c0p52__z1p00__lam0p030__nu0p50__psi1p25,hardzero_plus_depr,0.1,30,922,0.0,1,0.51368,0.51368,1.0256861,0.0,0.09425706,0.0,0.0,1.00100375e-16,-27.641119,2.2565546,0.75218487,0.216,0.008,0.162204,27.630219,27.66022,2953600
hardzero_plus_depr__c0p52__z1p00__lam0p030__nu0p50__psi1p25,hardzero_plus_depr,0.1,30,923,0.0,1,0.51368,0.51368,1.0798154,0.0,0.08321174,0.0,0.0,9.641591e-17,-28.372868,2.3756413,0.7918805,0.14999999,0.0,0.19140135,27.66022,27.69022,2956800
hardzero_plus_depr__c0p52__z1p00__lam0p030__nu0p50__psi1p25,hardzero_plus_depr,0.1,30,924,0.0,1,0.51368,0.51368,1.0270245,0.0,0.09396701,0.0,0.0,9.28674e-17,-27.833714,2.259499,0.7531664,0.128,0.0,0.18037137,27.69022,27.72022,2960000
hardzero_plus_depr__c0p52__z1p00__lam0p030__nu0p50__psi1p25,hardzero_plus_depr,0.1,30,925,0.0,1,0.51368,0.51368,0.9931597,0.101587504,0.101587504,1.0,9.086917e-18,8.944917e-17,-27.04896,2.184995,0.7283317,0.18400002,0.0,0.15128845,27.72022,27.750221,2963200
hardzero_plus_depr__c0p52__z1p00__lam0p030__nu0p50__psi1p25,hardzero_plus_depr,0.1,30,926,0.0,1,0.51368,0.51368,1.0843469,0.0,0.082348,0.0,0.0,8.615706e-17,-27.99154,2.3856108,0.7952036,0.104,0.0,0.17924239,27.750221,27.780222,2966400
hardzero_plus_depr__c0p52__z1p00__lam0p030__nu0p50__psi1p25,hardzero_plus_depr,0.1,30,927,0.0,1,0.51368,0.51368,1.0394509,0.0,0.09131648,0.0,0.0,8.298581e-17,-28.040829,2.2868376,0.7622792,0.14400001,0.0,0.17197712,27.780222,27.810223,2969600
hardzero_plus_depr__c0p52__z1p00__lam0p030__nu0p50__psi1p25,hardzero_plus_depr,0.1,30,928,0.0,1,0.51368,0.51368,1.0175731,0.0,0.0960344,0.0,0.0,7.993129e-17,-27.491526,2.2387056,0.74623525,0.192,0.0,0.17124793,27.810223,27.840223,2972800
hardzero_plus_depr__c0p52__z1p00__lam0p030__nu0p50__psi1p25,hardzero_plus_depr,0.1,30,929,0.0,1,0.51368,0.51368,1.0231476,0.0,0.09480963,0.0,0.0,7.698949e-17,-27.531103,2.2509696,0.75032324,0.16000001,0.0,0.15950492,27.840223,27.870224,2976000
hardzero_plus_depr__c0p52__z1p00__lam0p030__nu0p50__psi1p25,hardzero_plus_depr,0.1,30,930,0.0,1,0.51368,0.51368,1.0143111,0.0,0.09675844,0.0,0.0,7.4155677e-17,-26.651514,2.231529,0.743843,0.128,0.0,0.13814309,27.870224,27.900225,2979200
hardzero_plus_depr__c0p52__z1p00__lam0p030__nu0p50__psi1p25,hardzero_plus_depr,0.1,30,931,0.0,1,0.51368,0.51368,1.021635,0.0,0.09514039,0.0,0.0,7.142617e-17,-27.31391,2.247642,0.74921405,0.17600001,0.0,0.14800836,27.900225,27.930225,2982400
hardzero_plus_depr__c0p52__z1p00__lam0p030__nu0p50__psi1p25,hardzero_plus_depr,0.1,30,932,0.0,1,0.51368,0.51368,1.0186821,0.0,0.09578949,0.0,0.0,6.879739e-17,-26.154194,2.2411454,0.7470485,0.16000001,0.0,0.14538336,27.930225,27.960226,2985600
hardzero_plus_depr__c0p52__z1p00__lam0p030__nu0p50__psi1p25,hardzero_plus_depr,0.1,30,933,0.0,1,0.51368,0.51368,1.0358409,0.0,0.092078686,0.0,0.0,6.6265115e-17,-27.718578,2.2788954,0.7596318,0.15200001,0.0,0.15311587,27.960226,27.990227,2988800
hardzero_plus_depr__c0p52__z1p00__lam0p030__nu0p50__psi1p25,hardzero_plus_depr,0.1,30,934,0.0,1,0.51368,0.51368,1.0438105,0.0,0.09040439,0.0,0.0,6.3826044e-17,-27.797771,2.296429,0.76547635,0.136,0.0,0.15742005,27.990227,28.020227,2992000
hardzero_plus_depr__c0p52__z1p00__lam0p030__nu0p50__psi1p25,hardzero_plus_depr,0.1,30,935,0.0,1,0.51368,0.51368,1.0595057,0.0,0.08719554,0.0,0.0,6.147698e-17,-27.537476,2.330959,0.77698636,0.072000004,0.0,0.16582376,28.020227,28.050228,2995200
hardzero_plus_depr__c0p52__z1p00__lam0p030__nu0p50__psi1p25,hardzero_plus_depr,0.1,30,936,0.0,1,0.51368,0.51368,1.0013267,0.0,0.099694975,0.0,0.0,5.921415e-17,-26.493795,2.2029626,0.7343209,0.14999999,0.0,0.1380612,28.050228,28.080229,2998400
hardzero_plus_depr__c0p52__z1p00__lam0p030__nu0p50__psi1p25,hardzero_plus_depr,0.1,30,937,0.0,1,0.51368,0.51368,1.0182792,0.0,0.09587839,0.0,0.0,5.7034825e-17,-27.211735,2.240259,0.746753,0.128,0.0,0.13670555,28.080229,28.11023,3001600
hardzero_plus_depr__c0p52__z1p00__lam0p030__nu0p50__psi1p25,hardzero_plus_depr,0.1,30,938,0.0,1,0.51368,0.51368,1.049148,0.0,0.089300126,0.0,0.0,5.4935496e-17,-27.25553,2.3081715,0.7693905,0.136,0.0,0.16517732,28.11023,28.14023,3004800
hardzero_plus_depr__c0p52__z1p00__lam0p030__nu0p50__psi1p25,hardzero_plus_depr,0.1,30,939,0.0,1,0.51368,0.51368,1.0052023,0.0,0.09880928,0.0,0.0,5.2913443e-17,-26.325409,2.2114892,0.73716307,0.224,0.0,0.14641935,28.14023,28.17023,3008000
hardzero_plus_depr__c0p52__z1p00__lam0p030__nu0p50__psi1p25,hardzero_plus_depr,0.1,30,940,0.0,1,0.51368,0.51368,0.98605853,0.103262216,0.103262216,1.0,5.262864e-18,5.0966015e-17,-26.234068,2.169372,0.723124,0.17600001,0.0,0.14459164,28.17023,28.200232,3011200
hardzero_plus_depr__c0p52__z1p00__lam0p030__nu0p50__psi1p25,hardzero_plus_depr,0.1,30,941,0.0,1,0.51368,0.51368,1.0687016,0.0,0.08536863,0.0,0.0,4.9090066e-17,-27.008865,2.3511906,0.7837302,0.064,0.0,0.1719667,28.200232,28.230232,3014400
hardzero_plus_depr__c0p52__z1p00__lam0p030__nu0p50__psi1p25,hardzero_plus_depr,0.1,30,942,0.0,1,0.51368,0.51368,1.0299834,0.0,0.09332899,0.0,0.0,4.7283348e-17,-27.631666,2.2660086,0.7553362,0.208,0.0,0.1584813,28.230232,28.260233,3017600
hardzero_plus_depr__c0p52__z1p00__lam0p030__nu0p50__psi1p25,hardzero_plus_depr,0.1,30,943,0.0,1,0.51368,0.51368,1.0298262,0.0,0.09336279,0.0,0.0,4.5542956e-17,-28.696308,2.265663,0.755221,0.136,0.0,0.16008937,28.260233,28.290234,3020800
hardzero_plus_depr__c0p52__z1p00__lam0p030__nu0p50__psi1p25,hardzero_plus_depr,0.1,30,944,0.0,1,0.51368,0.51368,1.0697803,0.0,0.08515685,0.0,0.0,4.386662e-17,-28.166355,2.3535638,0.7845213,0.096,0.0,0.17307621,28.290234,28.320234,3024000
hardzero_plus_depr__c0p52__z1p00__lam0p030__nu0p50__psi1p25,hardzero_plus_depr,0.1,30,945,0.0,1,0.51368,0.51368,0.9767,0.10551154,0.10551154,1.0,4.458089e-18,4.2252147e-17,-26.342001,2.148783,0.716261,0.16800001,0.0,0.16442809,28.320234,28.350235,3027200
hardzero_plus_depr__c0p52__z1p00__lam0p030__nu0p50__psi1p25,hardzero_plus_depr,0.1,30,946,0.0,1,0.51368,0.51368,1.046072,0.0,0.08993484,0.0,0.0,4.069694e-17,-26.615267,2.3014042,0.7671348,0.08800001,0.0,0.16781846,28.350235,28.380236,3030400
hardzero_plus_depr__c0p52__z1p00__lam0p030__nu0p50__psi1p25,hardzero_plus_depr,0.1,30,947,0.0,1,0.51368,0.51368,1.0065767,0.0,0.09849706,0.0,0.0,3.9198974e-17,-27.386189,2.2145128,0.738171,0.112,0.0,0.16658397,28.380236,28.410236,3033600
hardzero_plus_depr__c0p52__z1p00__lam0p030__nu0p50__psi1p25,hardzero_plus_depr,0.1,30,948,0.0,1,0.51368,0.51368,1.0604041,0.0,0.08701535,0.0,0.0,3.7756292e-17,-28.176805,2.3329356,0.77764523,0.16800001,0.0,0.15050903,28.410236,28.440237,3036800
hardzero_plus_depr__c0p52__z1p00__lam0p030__nu0p50__psi1p25,hardzero_plus_depr,0.1,30,949,0.0,1,0.51368,0.51368,0.99078715,0.10214398,0.10214398,1.0,3.7146258e-18,3.6366565e-17,-26.29691,2.1797752,0.72659177,0.14,0.0,0.14069949,28.440237,28.470238,3040000
hardzero_plus_depr__c0p52__z1p00__lam0p030__nu0p50__psi1p25,hardzero_plus_depr,0.1,30,950,0.0,1,0.51368,0.51368,0.9951902,0.101113655,0.101113655,1.0,3.5418087e-18,3.5027995e-17,-26.486986,2.1894622,0.7298207,0.192,0.008,0.16923736,28.470238,28.500238,3043200
hardzero_plus_depr__c0p52__z1p00__lam0p030__nu0p50__psi1p25,hardzero_plus_depr,0.1,30,951,0.0,1,0.51368,0.51368,0.98233265,0.104151934,0.104151934,1.0,3.5139633e-18,3.3738818e-17,-27.266628,2.161175,0.7203917,0.23200001,0.0,0.16778784,28.500238,28.53024,3046400
hardzero_plus_depr__c0p52__z1p00__lam0p030__nu0p50__psi1p25,hardzero_plus_depr,0.1,30,952,0.0,1,0.51368,0.51368,1.0380993,0.0,0.0916011,0.0,0.0,3.2496968e-17,-27.381626,2.283864,0.76128805,0.112,0.0,0.15394875,28.53024,28.56024,3049600
hardzero_plus_depr__c0p52__z1p00__lam0p030__nu0p50__psi1p25,hardzero_plus_depr,0.1,30,953,0.0,1,0.51368,0.51368,0.9916015,0.10195263,0.10195263,1.0,3.1912138e-18,3.1300948e-17,-26.172153,2.181567,0.727189,0.104,0.0,0.14439103,28.56024,28.59024,3052800
hardzero_plus_depr__c0p52__z1p00__lam0p030__nu0p50__psi1p25,hardzero_plus_depr,0.1,30,954,0.0,1,0.51368,0.51368,1.0556226,0.0,0.08797867,0.0,0.0,3.0148824e-17,-27.88799,2.322416,0.7741387,0.18400002,0.0,0.1973513,28.59024,28.620241,3056000
hardzero_plus_depr__c0p52__z1p00__lam0p030__nu0p50__psi1p25,hardzero_plus_depr,0.1,30,955,0.0,1,0.51368,0.51368,1.0669441,0.0,0.08571481,0.0,0.0,2.9039115e-17,-27.85611,2.347324,0.7824413,0.16000001,0.0,0.16899443,28.620241,28.650242,3059200
hardzero_plus_depr__c0p52__z1p00__lam0p030__nu0p50__psi1p25,hardzero_plus_depr,0.1,30,956,0.0,1,0.51368,0.51368,1.0181537,0.0,0.09590613,0.0,0.0,2.7970358e-17,-27.5874,2.2399828,0.74666095,0.136,0.0,0.15856652,28.650242,28.680243,3062400
hardzero_plus_depr__c0p52__z1p00__lam0p030__nu0p50__psi1p25,hardzero_plus_depr,0.1,30,957,0.0,1,0.51368,0.51368,0.99162775,0.10194648,0.10194648,1.0,2.7465225e-18,2.6940828e-17,-26.587433,2.1816247,0.72720826,0.192,0.0,0.14501505,28.680243,28.710243,3065600
hardzero_plus_depr__c0p52__z1p00__lam0p030__nu0p50__psi1p25,hardzero_plus_depr,0.1,30,958,0.0,1,0.51368,0.51368,1.0254878,0.0,0.09430012,0.0,0.0,2.5949294e-17,-27.037334,2.256118,0.7520394,0.216,0.0,0.15288466,28.710243,28.740244,3068800
hardzero_plus_depr__c0p52__z1p00__lam0p030__nu0p50__psi1p25,hardzero_plus_depr,0.1,30,959,0.0,1,0.51368,0.51368,1.0250311,0.0,0.094399326,0.0,0.0,2.499416e-17,-26.910595,2.2551134,0.75170445,0.17600001,0.0,0.14280264,28.740244,28.770245,3072000
hardzero_plus_depr__c0p52__z1p00__lam0p030__nu0p50__psi1p25,hardzero_plus_depr,0.1,30,960,0.0,1,0.51368,0.51368,1.0427659,0.0,0.09062209,0.0,0.0,2.407418e-17,-27.163046,2.2941306,0.7647102,0.192,0.0,0.16952428,28.770245,28.800245,3075200
hardzero_plus_depr__c0p52__z1p00__lam0p030__nu0p50__psi1p25,hardzero_plus_depr,0.1,30,961,0.0,1,0.51368,0.51368,0.993244,0.1015678,0.1015678,1.0,2.3551695e-18,2.3188152e-17,-27.00789,2.1851804,0.7283935,0.2,0.0,0.14473735,28.800245,28.830246,3078400
hardzero_plus_depr__c0p52__z1p00__lam0p030__nu0p50__psi1p25,hardzero_plus_depr,0.1,30,962,0.0,1,0.51368,0.51368,1.0519947,0.0,0.088716686,0.0,0.0,2.2334647e-17,-27.731632,2.3144345,0.7714782,0.12,0.0,0.19865108,28.830246,28.860247,3081600
hardzero_plus_depr__c0p52__z1p00__lam0p030__nu0p50__psi1p25,hardzero_plus_depr,0.1,30,963,0.0,1,0.51368,0.51368,1.037561,0.0,0.091714695,0.0,0.0,2.1512557e-17,-27.283459,2.2826798,0.7608933,0.120000005,0.0,0.15363204,28.860247,28.890247,3084800
hardzero_plus_depr__c0p52__z1p00__lam0p030__nu0p50__psi1p25,hardzero_plus_depr,0.1,30,964,0.0,1,0.51368,0.51368,1.0335213,0.0,0.092571795,0.0,0.0,2.0720807e-17,-27.244934,2.2737923,0.75793076,0.136,0.0,0.19976468,28.890247,28.920248,3088000
hardzero_plus_depr__c0p52__z1p00__lam0p030__nu0p50__psi1p25,hardzero_plus_depr,0.1,30,965,0.0,1,0.51368,0.51368,1.0194438,0.0,0.09562164,0.0,0.0,1.995812e-17,-27.507242,2.242821,0.747607,0.208,0.0,0.15750025,28.920248,28.950249,3091200
hardzero_plus_depr__c0p52__z1p00__lam0p030__nu0p50__psi1p25,hardzero_plus_depr,0.1,30,966,0.0,1,0.51368,0.51368,1.0467091,0.0,0.089803025,0.0,0.0,1.9223505e-17,-27.331999,2.302806,0.76760197,0.17600001,0.0,0.16250789,28.950249,28.98025,3094400
hardzero_plus_depr__c0p52__z1p00__lam0p030__nu0p50__psi1p25,hardzero_plus_depr,0.1,30,967,0.0,1,0.51368,0.51368,0.9724078,0.10655949,0.10655949,1.0,1.9730557e-18,1.8516001e-17,-26.192791,2.13934,0.7131133,0.15200001,0.0,0.14614233,28.98025,29.01025,3097600
hardzero_plus_depr__c0p52__z1p00__lam0p030__nu0p50__psi1p25,hardzero_plus_depr,0.1,30,968,0.0,1,0.51368,0.51368,0.99098665,0.102097094,0.102097094,1.0,1.8208475e-18,1.7834469e-17,-25.421528,2.1802142,0.7267381,0.18400002,0.0,0.1338616,29.01025,29.04025,3100800
hardzero_plus_depr__c0p52__z1p00__lam0p030__nu0p50__psi1p25,hardzero_plus_depr,0.1,30,969,0.0,1,0.51368,0.51368,1.0214975,0.0,0.09517054,0.0,0.0,1.7178086e-17,-26.375057,2.2473392,0.7491131,0.24000001,0.0,0.18420042,29.04025,29.070251,3104000
hardzero_plus_depr__c0p52__z1p00__lam0p030__nu0p50__psi1p25,hardzero_plus_depr,0.1,30,970,0.0,1,0.51368,0.51368,1.0729669,0.0,0.08453432,0.0,0.0,1.65458e-17,-28.137594,2.3605745,0.7868582,0.17600001,0.0,0.18903573,29.070251,29.100252,3107200
hardzero_plus_depr__c0p52__z1p00__lam0p030__nu0p50__psi1p25,hardzero_plus_depr,0.1,30,971,0.0,1,0.51368,0.51368,1.009596,0.0,0.09781466,0.0,0.0,1.5936786e-17,-26.009386,2.2211556,0.74038523,0.15200001,0.0,0.15865813,29.100252,29.130253,3110400
hardzero_plus_depr__c0p52__z1p00__lam0p030__nu0p50__psi1p25,hardzero_plus_depr,0.1,30,972,0.0,1,0.51368,0.51368,0.99874896,0.10028847,0.10028847,1.0,1.5394528e-18,1.5350247e-17,-26.764196,2.1972916,0.7324306,0.136,0.0,0.14636356,29.130253,29.160254,3113600
hardzero_plus_depr__c0p52__z1p00__lam0p030__nu0p50__psi1p25,hardzero_plus_depr,0.1,30,973,0.0,1,0.51368,0.51368,1.0354003,0.0,0.09217214,0.0,0.0,1.4785236e-17,-27.303095,2.2779262,0.75930876,0.104,0.0,0.18364125,29.160254,29.190254,3116800
hardzero_plus_depr__c0p52__z1p00__lam0p030__nu0p50__psi1p25,hardzero_plus_depr,0.1,30,974,0.0,1,0.51368,0.51368,0.9858005,0.103323594,0.103323594,1.0,1.4714396e-18,1.424108e-17,-25.971525,2.1688044,0.72293484,0.2,0.0,0.13871339,29.190254,29.220255,3120000
hardzero_plus_depr__c0p52__z1p00__lam0p030__nu0p50__psi1p25,hardzero_plus_depr,0.1,30,975,0.0,1,0.51368,0.51368,1.0347553,0.0,0.092309125,0.0,0.0,1.3716897e-17,-26.809174,2.2765071,0.75883573,0.19999999,0.0,0.15543112,29.220255,29.250256,3123200
hardzero_plus_depr__c0p52__z1p00__lam0p030__nu0p50__psi1p25,hardzero_plus_depr,0.1,30,976,0.0,1,0.51368,0.51368,1.017684,0.0,0.09600991,0.0,0.0,1.3212008e-17,-27.380892,2.2389495,0.74631655,0.136,0.0,0.16297354,29.250256,29.280256,3126400
hardzero_plus_depr__c0p52__z1p00__lam0p030__nu0p50__psi1p25,hardzero_plus_depr,0.1,30,977,0.0,1,0.51368,0.51368,1.0399226,0.0,0.09121734,0.0,0.0,1.2725752e-17,-27.924885,2.2878754,0.76262516,0.14400001,0.0,0.16961457,29.280256,29.310257,3129600
hardzero_plus_depr__c0p52__z1p00__lam0p030__nu0p50__psi1p25,hardzero_plus_depr,0.1,30,978,0.0,1,0.51368,0.51368,1.0360937,0.0,0.092025094,0.0,0.0,1.2257345e-17,-27.493793,2.2794516,0.75981724,0.16800001,0.0,0.14049505,29.310257,29.340258,3132800
hardzero_plus_depr__c0p52__z1p00__lam0p030__nu0p50__psi1p25,hardzero_plus_depr,0.1,30,979,0.0,1,0.51368,0.51368,1.0035709,0.0,0.09918113,0.0,0.0,1.1806181e-17,-26.749638,2.2079,0.7359667,0.192,0.0,0.13840795,29.340258,29.370258,3136000
hardzero_plus_depr__c0p52__z1p00__lam0p030__nu0p50__psi1p25,hardzero_plus_depr,0.1,30,980,0.0,1,0.51368,0.51368,1.0045419,0.0,0.09895965,0.0,0.0,1.1371665e-17,-26.751442,2.2100363,0.7366788,0.17600001,0.0,0.14519885,29.370258,29.400259,3139200
hardzero_plus_depr__c0p52__z1p00__lam0p030__nu0p50__psi1p25,hardzero_plus_depr,0.1,30,981,0.0,1,0.51368,0.51368,1.0203434,0.0,0.09542376,0.0,0.0,1.0953098e-17,-27.773989,2.2448003,0.7482668,0.224,0.0,0.155806,29.400259,29.43026,3142400
hardzero_plus_depr__c0p52__z1p00__lam0p030__nu0p50__psi1p25,hardzero_plus_depr,0.1,30,982,0.0,1,0.51368,0.51368,1.0426943,0.0,0.09063703,0.0,0.0,1.05499385e-17,-26.359394,2.2939732,0.76465774,0.120000005,0.0,0.17409506,29.43026,29.46026,3145600
hardzero_plus_depr__c0p52__z1p00__lam0p030__nu0p50__psi1p25,hardzero_plus_depr,0.1,30,983,0.0,1,0.51368,0.51368,1.0486155,0.0,0.08940967,0.0,0.0,1.0161658e-17,-27.595005,2.3070002,0.76900005,0.2,0.008,0.19195157,29.46026,29.490261,3148800
hardzero_plus_depr__c0p52__z1p00__lam0p030__nu0p50__psi1p25,hardzero_plus_depr,0.1,30,984,0.0,1,0.51368,0.51368,1.0363637,0.0,0.09196791,0.0,0.0,9.78763e-18,-26.628565,2.2800457,0.76001525,0.096,0.0,0.1781651,29.490261,29.520262,3152000
hardzero_plus_depr__c0p52__z1p00__lam0p030__nu0p50__psi1p25,hardzero_plus_depr,0.1,30,985,0.0,1,0.51368,0.51368,1.1010679,0.0,0.07923774,0.0,0.0,9.427404e-18,-28.550123,2.4223979,0.807466,0.120000005,0.0,0.17923221,29.520262,29.550262,3155200
hardzero_plus_depr__c0p52__z1p00__lam0p030__nu0p50__psi1p25,hardzero_plus_depr,0.1,30,986,0.0,1,0.51368,0.51368,1.0076818,0.0,0.09824674,0.0,0.0,9.0804025e-18,-26.932425,2.2169442,0.7389814,0.18400002,0.0,0.16214144,29.550262,29.580263,3158400
hardzero_plus_depr__c0p52__z1p00__lam0p030__nu0p50__psi1p25,hardzero_plus_depr,0.1,30,987,0.0,1,0.51368,0.51368,1.0323554,0.0,0.09282065,0.0,0.0,8.7461735e-18,-28.06256,2.2712274,0.7570758,0.192,0.0,0.18004759,29.580263,29.610264,3161600
hardzero_plus_depr__c0p52__z1p00__lam0p030__nu0p50__psi1p25,hardzero_plus_depr,0.1,30,988,0.0,1,0.51368,0.51368,0.96711224,0.10786677,0.10786677,1.0,9.086997e-19,8.424278e-18,-25.62542,2.1276894,0.7092298,0.16,0.0,0.14303873,29.610264,29.640265,3164800
hardzero_plus_depr__c0p52__z1p00__lam0p030__nu0p50__psi1p25,hardzero_plus_depr,0.1,30,989,0.0,1,0.51368,0.51368,1.0759131,0.0,0.0839628,0.0,0.0,8.1141984e-18,-28.737017,2.367056,0.78901863,0.096,0.0,0.15765543,29.640265,29.670265,3168000
hardzero_plus_depr__c0p52__z1p00__lam0p030__nu0p50__psi1p25,hardzero_plus_depr,0.1,30,990,0.0,1,0.51368,0.51368,1.0079923,0.0,0.09817655,0.0,0.0,7.815563e-18,-27.020025,2.2176273,0.7392091,0.14400001,0.0,0.15329602,29.670265,29.700266,3171200
hardzero_plus_depr__c0p52__z1p00__lam0p030__nu0p50__psi1p25,hardzero_plus_depr,0.1,30,991,0.0,1,0.51368,0.51368,1.0178788,0.0,0.09596683,0.0,0.0,7.5278895e-18,-27.471926,2.239378,0.74645936,0.16800001,0.0,0.14932682,29.700266,29.730267,3174400
hardzero_plus_depr__c0p52__z1p00__lam0p030__nu0p50__psi1p25,hardzero_plus_depr,0.1,30,992,0.0,1,0.51368,0.51368,1.0291022,0.0,0.09351854,0.0,0.0,7.250804e-18,-27.633482,2.26407,0.75469005,0.2,0.0,0.15405393,29.730267,29.760267,3177600
hardzero_plus_depr__c0p52__z1p00__lam0p030__nu0p50__psi1p25,hardzero_plus_depr,0.1,30,993,0.0,1,0.51368,0.51368,1.0074604,0.0,0.09829686,0.0,0.0,6.983945e-18,-27.362555,2.2164571,0.73881906,0.16000001,0.0,0.17104898,29.760267,29.790268,3180800
hardzero_plus_depr__c0p52__z1p00__lam0p030__nu0p50__psi1p25,hardzero_plus_depr,0.1,30,994,0.0,1,0.51368,0.51368,0.9995443,0.10010498,0.10010498,1.0,6.7339435e-19,6.7268817e-18,-26.064896,2.1990414,0.7330138,0.112,0.0,0.15409063,29.790268,29.820269,3184000
hardzero_plus_depr__c0p52__z1p00__lam0p030__nu0p50__psi1p25,hardzero_plus_depr,0.1,30,995,0.0,1,0.51368,0.51368,1.076065,0.0,0.083933435,0.0,0.0,6.47928e-18,-28.665192,2.3673902,0.7891301,0.14400001,0.0,0.16501354,29.820269,29.85027,3187200
hardzero_plus_depr__c0p52__z1p00__lam0p030__nu0p50__psi1p25,hardzero_plus_depr,0.1,30,996,0.0,1,0.51368,0.51368,0.949282,0.11238748,0.11238748,1.0,7.0138955e-19,6.240816e-18,-25.388058,2.088462,0.69615406,0.18400002,0.0,0.1429155,29.85027,29.88027,3190400
hardzero_plus_depr__c0p52__z1p00__lam0p030__nu0p50__psi1p25,hardzero_plus_depr,0.1,30,997,0.0,1,0.51368,0.51368,1.089523,0.0,0.08137237,0.0,0.0,6.011105e-18,-28.433178,2.3969984,0.7989995,0.096,0.0,0.1793497,29.88027,29.91027,3193600
hardzero_plus_depr__c0p52__z1p00__lam0p030__nu0p50__psi1p25,hardzero_plus_depr,0.1,30,998,0.0,1,0.51368,0.51368,0.99436367,0.10130627,0.10130627,1.0,5.8654814e-19,5.7898503e-18,-27.195189,2.1876438,0.7292146,0.17600001,0.0,0.17858963,29.91027,29.940271,3196800
hardzero_plus_depr__c0p52__z1p00__lam0p030__nu0p50__psi1p25,hardzero_plus_depr,0.1,30,999,0.0,1,0.51368,0.51368,0.96454865,0.10850539,0.10850539,1.0,6.051085e-19,5.57676e-18,-26.107262,2.1220493,0.7073498,0.23200001,0.0,0.15198499,29.940271,29.970272,3200000
hardzero_plus_depr__c0p52__z1p00__lam0p030__nu0p50__psi1p25,hardzero_plus_depr,0.1,30,1000,0.0,1,0.51368,0.51368,1.0758626,0.0,0.08397255,0.0,0.0,5.3714913e-18,-28.066154,2.366945,0.7889817,0.096,0.0,0.18122071,29.970272,30.000273,3203200
hardzero_plus_depr__c0p52__z1p00__lam0p030__nu0p50__psi1p25,hardzero_plus_depr,0.1,30,1001,0.0,1,0.51368,0.51368,1.0424281,0.0,0.090692595,0.0,0.0,5.173798e-18,-27.944897,2.2933877,0.7644626,0.17,0.0,0.1680849,30.000273,30.030273,3206400
hardzero_plus_depr__c0p52__z1p00__lam0p030__nu0p50__psi1p25,hardzero_plus_depr,0.1,30,1002,0.0,1,0.51368,0.51368,0.9993498,0.10014984,0.10014984,1.0,4.9908294e-19,4.9833624e-18,-27.76813,2.1986134,0.7328712,0.16000001,0.0,0.1562261,30.030273,30.060274,3209600
hardzero_plus_depr__c0p52__z1p00__lam0p030__nu0p50__psi1p25,hardzero_plus_depr,0.1,30,1003,0.0,1,0.51368,0.51368,1.0723203,0.0,0.08466027,0.0,0.0,4.799936e-18,-27.355598,2.3591518,0.786384,0.128,0.0,0.15727302,30.060274,30.090275,3212800
hardzero_plus_depr__c0p52__z1p00__lam0p030__nu0p50__psi1p25,hardzero_plus_depr,0.1,30,1004,0.0,1,0.51368,0.51368,1.038933,0.0,0.09142543,0.0,0.0,4.6232783e-18,-27.907522,2.2856984,0.7618995,0.14400001,0.0,0.16360539,30.090275,30.120275,3216000
hardzero_plus_depr__c0p52__z1p00__lam0p030__nu0p50__psi1p25,hardzero_plus_depr,0.1,30,1005,0.0,1,0.51368,0.51368,1.0676087,0.0,0.08558373,0.0,0.0,4.4531057e-18,-27.94387,2.348786,0.7829287,0.136,0.0,0.15704788,30.120275,30.150276,3219200
hardzero_plus_depr__c0p52__z1p00__lam0p030__nu0p50__psi1p25,hardzero_plus_depr,0.1,30,1006,0.0,1,0.51368,0.51368,1.0625424,0.0,0.08658796,0.0,0.0,4.289213e-18,-27.020441,2.33764,0.77921337,0.096,0.0,0.14397246,30.150276,30.180277,3222400
hardzero_plus_depr__c0p52__z1p00__lam0p030__nu0p50__psi1p25,hardzero_plus_depr,0.1,30,1007,0.0,1,0.51368,0.51368,1.0244657,0.0,0.09452231,0.0,0.0,4.1313366e-18,-27.444538,2.2538695,0.75128984,0.104,0.0,0.15507841,30.180277,30.210278,3225600
hardzero_plus_depr__c0p52__z1p00__lam0p030__nu0p50__psi1p25,hardzero_plus_depr,0.1,30,1008,0.0,1,0.51368,0.51368,1.0395204,0.0,0.09130185,0.0,0.0,3.9792715e-18,-28.111664,2.2869904,0.7623302,0.16000001,0.0,0.17901482,30.210278,30.240278,3228800
hardzero_plus_depr__c0p52__z1p00__lam0p030__nu0p50__psi1p25,hardzero_plus_depr,0.1,30,1009,0.0,1,0.51368,0.51368,1.0398551,0.0,0.09123152,0.0,0.0,3.8328175e-18,-26.964132,2.2877269,0.7625756,0.136,0.0,0.16917898,30.240278,30.270279,3232000
hardzero_plus_depr__c0p52__z1p00__lam0p030__nu0p50__psi1p25,hardzero_plus_depr,0.1,30,1010,0.0,1,0.51368,0.51368,1.0217198,0.0,0.09512184,0.0,0.0,3.69174e-18,-27.12177,2.2478285,0.74927616,0.096,0.0,0.13755456,30.270279,30.30028,3235200
hardzero_plus_depr__c0p52__z1p00__lam0p030__nu0p50__psi1p25,hardzero_plus_depr,0.1,30,1011,0.0,1,0.51368,0.51368,1.0570521,0.0,0.08768955,0.0,0.0,3.5558555e-18,-28.742107,2.325561,0.775187,0.15200001,0.0,0.15908751,30.30028,30.33028,3238400
hardzero_plus_depr__c0p52__z1p00__lam0p030__nu0p50__psi1p25,hardzero_plus_depr,0.1,30,1012,0.0,1,0.51368,0.51368,1.06339,0.0,0.08641915,0.0,0.0,3.424985e-18,-27.879904,2.3395047,0.7798349,0.18400002,0.0,0.19060117,30.33028,30.360281,3241600
hardzero_plus_depr__c0p52__z1p00__lam0p030__nu0p50__psi1p25,hardzero_plus_depr,0.1,30,1013,0.0,1,0.51368,0.51368,1.0674165,0.0,0.08562161,0.0,0.0,3.2989191e-18,-27.720606,2.3483634,0.7827878,0.15200001,0.0,0.13615935,30.360281,30.390282,3244800
hardzero_plus_depr__c0p52__z1p00__lam0p030__nu0p50__psi1p25,hardzero_plus_depr,0.1,30,1014,0.0,1,0.51368,0.51368,1.0590905,0.0,0.08727893,0.0,0.0,3.1774933e-18,-28.315264,2.3300457,0.7766819,0.12,0.0,0.17623752,30.390282,30.420282,3248000
hardzero_plus_depr__c0p52__z1p00__lam0p030__nu0p50__psi1p25,hardzero_plus_depr,0.1,30,1015,0.0,1,0.51368,0.51368,1.0488392,0.0,0.08936362,0.0,0.0,3.0605484e-18,-27.424088,2.3074923,0.7691641,0.112,0.0,0.14601012,30.420282,30.450283,3251200
hardzero_plus_depr__c0p52__z1p00__lam0p030__nu0p50__psi1p25,hardzero_plus_depr,0.1,30,1016,0.0,1,0.51368,0.51368,0.982587,0.10409095,0.10409095,1.0,3.0684934e-19,2.9478963e-18,-26.435411,2.1617346,0.7205782,0.224,0.0,0.15164343,30.450283,30.480284,3254400
hardzero_plus_depr__c0p52__z1p00__lam0p030__nu0p50__psi1p25,hardzero_plus_depr,0.1,30,1017,0.0,1,0.51368,0.51368,1.045656,0.0,0.09002103,0.0,0.0,2.8394017e-18,-27.722448,2.300489,0.76682967,0.08800001,0.0,0.17260067,30.480284,30.510284,3257600
hardzero_plus_depr__c0p52__z1p00__lam0p030__nu0p50__psi1p25,hardzero_plus_depr,0.1,30,1018,0.0,1,0.51368,0.51368,1.074918,0.0,0.084155396,0.0,0.0,2.7348897e-18,-28.248983,2.364867,0.788289,0.136,0.0,0.17545041,30.510284,30.540285,3260800
hardzero_plus_depr__c0p52__z1p00__lam0p030__nu0p50__psi1p25,hardzero_plus_depr,0.1,30,1019,0.0,1,0.51368,0.51368,1.046718,0.0,0.089801185,0.0,0.0,2.6342243e-18,-28.192463,2.3028257,0.7676086,0.120000005,0.0,0.16492227,30.540285,30.570286,3264000
hardzero_plus_depr__c0p52__z1p00__lam0p030__nu0p50__psi1p25,hardzero_plus_depr,0.1,30,1020,0.0,1,0.51368,0.51368,0.9955821,0.10102245,0.10102245,1.0,2.5632166e-19,2.5372742e-18,-25.873257,2.1903243,0.73010814,0.16800001,0.0,0.1417279,30.570286,30.600286,3267200
hardzero_plus_depr__c0p52__z1p00__lam0p030__nu0p50__psi1p25,hardzero_plus_depr,0.1,30,1021,0.0,1,0.51368,0.51368,1.0174137,0.0,0.096069664,0.0,0.0,2.4438826e-18,-26.529207,2.238355,0.7461183,0.16800001,0.008,0.15574919,30.600286,30.630287,3270400
hardzero_plus_depr__c0p52__z1p00__lam0p030__nu0p50__psi1p25,hardzero_plus_depr,0.1,30,1022,0.0,1,0.51368,0.51368,1.027142,0.0,0.09394159,0.0,0.0,2.3539376e-18,-27.094004,2.2597578,0.7532526,0.16800001,0.0,0.16537723,30.630287,30.660288,3273600
hardzero_plus_depr__c0p52__z1p00__lam0p030__nu0p50__psi1p25,hardzero_plus_depr,0.1,30,1023,0.0,1,0.51368,0.51368,0.9966196,0.100781396,0.100781396,1.0,2.285011e-19,2.2672944e-18,-26.151451,2.192607,0.730869,0.096,0.0,0.14836124,30.660288,30.690289,3276800
hardzero_plus_depr__c0p52__z1p00__lam0p030__nu0p50__psi1p25,hardzero_plus_depr,0.1,30,1024,0.0,1,0.51368,0.51368,1.067288,0.0,0.08564695,0.0,0.0,2.1838406e-18,-28.236166,2.3480806,0.78269356,0.120000005,0.0,0.18763486,30.690289,30.72029,3280000
hardzero_plus_depr__c0p52__z1p00__lam0p030__nu0p50__psi1p25,hardzero_plus_depr,0.1,30,1025,0.0,1,0.51368,0.51368,1.0179801,0.0,0.09594446,0.0,0.0,2.1034661e-18,-26.925224,2.239601,0.74653363,0.15200001,0.0,0.15266511,30.72029,30.75029,3283200
hardzero_plus_depr__c0p52__z1p00__lam0p030__nu0p50__psi1p25,hardzero_plus_depr,0.1,30,1026,0.0,1,0.51368,0.51368,1.034028,0.0,0.09246384,0.0,0.0,2.0260422e-18,-26.78232,2.274907,0.7583024,0.112,0.0,0.14654449,30.75029,30.78029,3286400
hardzero_plus_depr__c0p52__z1p00__lam0p030__nu0p50__psi1p25,hardzero_plus_depr,0.1,30,1027,0.0,1,0.51368,0.51368,1.0264764,0.0,0.0940857,0.0,0.0,1.951468e-18,-26.669638,2.2582932,0.7527644,0.14999999,0.0,0.13120475,30.78029,30.810291,3289600
hardzero_plus_depr__c0p52__z1p00__lam0p030__nu0p50__psi1p25,hardzero_plus_depr,0.1,30,1028,0.0,1,0.51368,0.51368,1.0338342,0.0,0.09250512,0.0,0.0,1.879646e-18,-27.600477,2.2744806,0.75816023,0.16800001,0.0,0.1754355,30.810291,30.840292,3292800
hardzero_plus_depr__c0p52__z1p00__lam0p030__nu0p50__psi1p25,hardzero_plus_depr,0.1,30,1029,0.0,1,0.51368,0.51368,1.0852282,0.0,0.082181066,0.0,0.0,1.8104603e-18,-28.430935,2.3875496,0.7958499,0.096,0.0,0.18423104,30.840292,30.870293,3296000
hardzero_plus_depr__c0p52__z1p00__lam0p030__nu0p50__psi1p25,hardzero_plus_depr,0.1,30,1030,0.0,1,0.51368,0.51368,1.0523621,0.0,0.08864165,0.0,0.0,1.7438214e-18,-28.050941,2.3152428,0.7717476,0.16000001,0.0,0.17556891,30.870293,30.900293,3299200
hardzero_plus_depr__c0p52__z1p00__lam0p030__nu0p50__psi1p25,hardzero_plus_depr,0.1,30,1031,0.0,1,0.51368,0.51368,1.0104684,0.0,0.09761838,0.0,0.0,1.6796415e-18,-26.394127,2.2230747,0.7410249,0.16800001,0.0,0.16664281,30.900293,30.930294,3302400
hardzero_plus_depr__c0p52__z1p00__lam0p030__nu0p50__psi1p25,hardzero_plus_depr,0.1,30,1032,0.0,1,0.51368,0.51368,1.0181255,0.0,0.09591232,0.0,0.0,1.6178175e-18,-26.435223,2.2399209,0.7466403,0.15200001,0.0,0.1703534,30.930294,30.960295,3305600
hardzero_plus_depr__c0p52__z1p00__lam0p030__nu0p50__psi1p25,hardzero_plus_depr,0.1,30,1033,0.0,1,0.51368,0.51368,0.99430656,0.1013196,0.1013196,1.0,1.5788383e-19,1.5582753e-18,-26.788597,2.1875181,0.7291727,0.14400001,0.0,0.17193402,30.960295,30.990295,3308800
hardzero_plus_depr__c0p52__z1p00__lam0p030__nu0p50__psi1p25,hardzero_plus_depr,0.1,30,1034,0.0,1,0.51368,0.51368,1.0011338,0.0,0.09973927,0.0,0.0,1.5009187e-18,-26.641611,2.2025383,0.73417944,0.2,0.0,0.14906205,30.990295,31.020296,3312000
hardzero_plus_depr__c0p52__z1p00__lam0p030__nu0p50__psi1p25,hardzero_plus_depr,0.1,30,1035,0.0,1,0.51368,0.51368,1.0383474,0.0,0.091548786,0.0,0.0,1.4456732e-18,-27.423986,2.2844098,0.76146996,0.17600001,0.0,0.1608743,31.020296,31.050297,3315200
hardzero_plus_depr__c0p52__z1p00__lam0p030__nu0p50__psi1p25,hardzero_plus_depr,0.1,30,1036,0.0,1,0.51368,0.51368,1.0377038,0.0,0.09168457,0.0,0.0,1.3924664e-18,-27.387947,2.2829938,0.76099795,0.15200001,0.0,0.15945484,31.050297,31.080297,3318400
hardzero_plus_depr__c0p52__z1p00__lam0p030__nu0p50__psi1p25,hardzero_plus_depr,0.1,30,1037,0.0,1,0.51368,0.51368,1.0561403,0.0,0.08787385,0.0,0.0,1.3412129e-18,-27.97253,2.323555,0.7745184,0.16800001,0.0,0.17976288,31.080297,31.110298,3321600
hardzero_plus_depr__c0p52__z1p00__lam0p030__nu0p50__psi1p25,hardzero_plus_depr,0.1,30,1038,0.0,1,0.51368,0.51368,1.0327243,0.0,0.092741854,0.0,0.0,1.2918507e-18,-25.899649,2.2720387,0.7573463,0.18400002,0.0,0.14467342,31.110298,31.140299,3324800
hardzero_plus_depr__c0p52__z1p00__lam0p030__nu0p50__psi1p25,hardzero_plus_depr,0.1,30,1039,0.0,1,0.51368,0.51368,1.0304452,0.0,0.09322981,0.0,0.0,1.2443004e-18,-27.592909,2.2670248,0.75567496,0.18400002,0.0,0.1547646,31.140299,31.1703,3328000
hardzero_plus_depr__c0p52__z1p00__lam0p030__nu0p50__psi1p25,hardzero_plus_depr,0.1,30,1040,0.0,1,0.51368,0.51368,1.0288006,0.0,0.09358352,0.0,0.0,1.1985005e-18,-26.251074,2.2634065,0.75446886,0.16,0.0,0.13981393,31.1703,31.2003,3331200
hardzero_plus_depr__c0p52__z1p00__lam0p030__nu0p50__psi1p25,hardzero_plus_depr,0.1,30,1041,0.0,1,0.51368,0.51368,1.048355,0.0,0.089463316,0.0,0.0,1.1543908e-18,-27.495228,2.306427,0.768809,0.17600001,0.0,0.15828453,31.2003,31.2303,3334400
hardzero_plus_depr__c0p52__z1p00__lam0p030__nu0p50__psi1p25,hardzero_plus_depr,0.1,30,1042,0.0,1,0.51368,0.51368,1.0684081,0.0,0.08542635,0.0,0.0,1.1119002e-18,-27.667727,2.350545,0.783515,0.128,0.0,0.14809036,31.2303,31.260302,3337600
hardzero_plus_depr__c0p52__z1p00__lam0p030__nu0p50__psi1p25,hardzero_plus_depr,0.1,30,1043,0.0,1,0.51368,0.51368,1.0207797,0.0,0.09532796,0.0,0.0,1.0709736e-18,-27.126444,2.2457602,0.7485868,0.18400002,0.0,0.18694079,31.260302,31.290302,3340800
hardzero_plus_depr__c0p52__z1p00__lam0p030__nu0p50__psi1p25,hardzero_plus_depr,0.1,30,1044,0.0,1,0.51368,0.51368,1.0680252,0.0,0.08550171,0.0,0.0,1.0315574e-18,-27.677488,2.3497024,0.7832341,0.14400001,0.0,0.17242584,31.290302,31.320303,3344000
hardzero_plus_depr__c0p52__z1p00__lam0p030__nu0p50__psi1p25,hardzero_plus_depr,0.1,30,1045,0.0,1,0.51368,0.51368,1.048367,0.0,0.08946085,0.0,0.0,9.935882e-19,-28.453365,2.3064535,0.76881784,0.128,0.0,0.18470857,31.320303,31.350304,3347200
hardzero_plus_depr__c0p52__z1p00__lam0p030__nu0p50__psi1p25,hardzero_plus_depr,0.1,30,1046,0.0,1,0.51368,0.51368,1.0109274,0.0,0.09751526,0.0,0.0,9.570163e-19,-27.139353,2.2240849,0.7413616,0.18400002,0.0,0.13146922,31.350304,31.380304,3350400
hardzero_plus_depr__c0p52__z1p00__lam0p030__nu0p50__psi1p25,hardzero_plus_depr,0.1,30,1047,0.0,1,0.51368,0.51368,1.0532794,0.0,0.08845463,0.0,0.0,9.217943e-19,-27.984821,2.317261,0.77242035,0.14400001,0.0,0.17150886,31.380304,31.410305,3353600
hardzero_plus_depr__c0p52__z1p00__lam0p030__nu0p50__psi1p25,hardzero_plus_depr,0.1,30,1048,0.0,1,0.51368,0.51368,1.0295384,0.0,0.09342468,0.0,0.0,8.87865e-19,-26.913893,2.2650297,0.7550099,0.14400001,0.0,0.16282384,31.410305,31.440306,3356800
hardzero_plus_depr__c0p52__z1p00__lam0p030__nu0p50__psi1p25,hardzero_plus_depr,0.1,30,1049,0.0,1,0.51368,0.51368,1.0134238,0.0,0.09695633,0.0,0.0,8.5518786e-19,-26.919521,2.2295768,0.7431923,0.120000005,0.0,0.15811546,31.440306,31.470306,3360000
hardzero_plus_depr__c0p52__z1p00__lam0p030__nu0p50__psi1p25,hardzero_plus_depr,0.1,30,1050,0.0,1,0.51368,0.51368,1.0492978,0.0,0.0892693,0.0,0.0,8.2371033e-19,-27.521986,2.3085012,0.76950043,0.15200001,0.0,0.17789607,31.470306,31.500307,3363200
hardzero_plus_depr__c0p52__z1p00__lam0p030__nu0p50__psi1p25,hardzero_plus_depr,0.1,30,1051,0.0,1,0.51368,0.51368,1.0549607,0.0,0.08811284,0.0,0.0,7.9339127e-19,-27.602112,2.32096,0.7736534,0.16000001,0.0,0.17352712,31.500307,31.530308,3366400
hardzero_plus_depr__c0p52__z1p00__lam0p030__nu0p50__psi1p25,hardzero_plus_depr,0.1,30,1052,0.0,1,0.51368,0.51368,0.98584014,0.103314154,0.103314154,1.0,7.895177e-20,7.641912e-19,-26.742481,2.1688917,0.7229639,0.17600001,0.0,0.13301168,31.530308,31.560308,3369600
hardzero_plus_depr__c0p52__z1p00__lam0p030__nu0p50__psi1p25,hardzero_plus_depr,0.1,30,1053,0.0,1,0.51368,0.51368,1.046688,0.0,0.08980738,0.0,0.0,7.360631e-19,-27.610703,2.3027594,0.76758647,0.17,0.0,0.18662432,31.560308,31.59031,3372800
hardzero_plus_depr__c0p52__z1p00__lam0p030__nu0p50__psi1p25,hardzero_plus_depr,0.1,30,1054,0.0,1,0.51368,0.51368,1.0176837,0.0,0.09600995,0.0,0.0,7.0897294e-19,-27.72024,2.2389488,0.7463163,0.15200001,0.0,0.15022454,31.59031,31.62031,3376000
hardzero_plus_depr__c0p52__z1p00__lam0p030__nu0p50__psi1p25,hardzero_plus_depr,0.1,30,1055,0.0,1,0.51368,0.51368,1.0515044,0.0,0.088816896,0.0,0.0,6.828772e-19,-26.90888,2.313356,0.77111864,0.120000005,0.0,0.15160501,31.62031,31.65031,3379200
hardzero_plus_depr__c0p52__z1p00__lam0p030__nu0p50__psi1p25,hardzero_plus_depr,0.1,30,1056,0.0,1,0.51368,0.51368,1.0586538,0.0,0.08736673,0.0,0.0,6.5774197e-19,-28.578623,2.3290849,0.77636164,0.136,0.0,0.1657719,31.65031,31.680311,3382400
hardzero_plus_depr__c0p52__z1p00__lam0p030__nu0p50__psi1p25,hardzero_plus_depr,0.1,30,1057,0.0,1,0.51368,0.51368,1.0420837,0.0,0.090764545,0.0,0.0,6.335344e-19,-27.47837,2.29263,0.76421,0.128,0.0,0.14706457,31.680311,31.710312,3385600
hardzero_plus_depr__c0p52__z1p00__lam0p030__nu0p50__psi1p25,hardzero_plus_depr,0.1,30,1058,0.0,1,0.51368,0.51368,1.0626482,0.0,0.08656689,0.0,0.0,6.1021543e-19,-28.013914,2.3378727,0.7792909,0.16000001,0.0,0.16525832,31.710312,31.740313,3388800
hardzero_plus_depr__c0p52__z1p00__lam0p030__nu0p50__psi1p25,hardzero_plus_depr,0.1,30,1059,0.0,1,0.51368,0.51368,1.0152874,0.0,0.096541174,0.0,0.0,5.8775474e-19,-27.52788,2.233677,0.744559,0.23200001,0.0,0.1606612,31.740313,31.770313,3392000
hardzero_plus_depr__c0p52__z1p00__lam0p030__nu0p50__psi1p25,hardzero_plus_depr,0.1,30,1060,0.0,1,0.51368,0.51368,0.99309283,0.10160315,0.10160315,1.0,5.751987e-20,5.6612293e-19,-26.926708,2.1848478,0.72828263,0.18400002,0.0,0.14135697,31.770313,31.800314,3395200
hardzero_plus_depr__c0p52__z1p00__lam0p030__nu0p50__psi1p25,hardzero_plus_depr,0.1,30,1061,0.0,1,0.51368,0.51368,1.0500028,0.0,0.089124516,0.0,0.0,5.452852e-19,-27.329216,2.3100524,0.7700175,0.128,0.0,0.15835077,31.800314,31.830315,3398400
hardzero_plus_depr__c0p52__z1p00__lam0p030__nu0p50__psi1p25,hardzero_plus_depr,0.1,30,1062,0.0,1,0.51368,0.51368,1.042151,0.0,0.0907505,0.0,0.0,5.252145e-19,-26.735706,2.292778,0.76425934,0.120000005,0.0,0.13684106,31.830315,31.860315,3401600
hardzero_plus_depr__c0p52__z1p00__lam0p030__nu0p50__psi1p25,hardzero_plus_depr,0.1,30,1063,0.0,1,0.51368,0.51368,1.0267655,0.0,0.09402309,0.0,0.0,5.058844e-19,-28.057735,2.2589293,0.7529764,0.15200001,0.0,0.16920856,31.860315,31.890316,3404800
hardzero_plus_depr__c0p52__z1p00__lam0p030__nu0p50__psi1p25,hardzero_plus_depr,0.1,30,1064,0.0,1,0.51368,0.51368,1.0344204,0.0,0.09238035,0.0,0.0,4.872639e-19,-27.398357,2.2757702,0.7585901,0.16000001,0.0,0.17198059,31.890316,31.920317,3408000
hardzero_plus_depr__c0p52__z1p00__lam0p030__nu0p50__psi1p25,hardzero_plus_depr,0.1,30,1065,0.0,1,0.51368,0.51368,1.0254864,0.0,0.09430041,0.0,0.0,4.6933065e-19,-27.203426,2.256115,0.75203836,0.18400002,0.0,0.16003218,31.920317,31.950317,3411200
hardzero_plus_depr__c0p52__z1p00__lam0p030__nu0p50__psi1p25,hardzero_plus_depr,0.1,30,1066,0.0,1,0.51368,0.51368,1.0198976,0.0,0.09552178,0.0,0.0,4.520556e-19,-27.157444,2.2438195,0.7479398,0.12,0.0,0.14404652,31.950317,31.980318,3414400
hardzero_plus_depr__c0p52__z1p00__lam0p030__nu0p50__psi1p25,hardzero_plus_depr,0.1,30,1067,0.0,1,0.51368,0.51368,1.0051662,0.0,0.09881748,0.0,0.0,4.3541645e-19,-26.831312,2.2114098,0.7371366,0.15200001,0.0,0.16112743,31.980318,32.01032,3417600
hardzero_plus_depr__c0p52__z1p00__lam0p030__nu0p50__psi1p25,hardzero_plus_depr,0.1,30,1068,0.0,1,0.51368,0.51368,1.0116857,0.0,0.09734513,0.0,0.0,4.193913e-19,-26.89058,2.225753,0.7419177,0.16800001,0.0,0.16086252,32.01032,32.040318,3420800
hardzero_plus_depr__c0p52__z1p00__lam0p030__nu0p50__psi1p25,hardzero_plus_depr,0.1,30,1069,0.0,1,0.51368,0.51368,1.081639,0.0,0.082863055,0.0,0.0,4.0395598e-19,-29.12035,2.3796535,0.79321784,0.16800001,0.0,0.19091077,32.040318,32.070316,3424000
hardzero_plus_depr__c0p52__z1p00__lam0p030__nu0p50__psi1p25,hardzero_plus_depr,0.1,30,1070,0.0,1,0.51368,0.51368,0.976666,0.10551982,0.10551982,1.0,4.1056577e-20,3.8908878e-19,-26.768658,2.148708,0.71623605,0.15200001,0.0,0.1406724,32.070316,32.100315,3427200
hardzero_plus_depr__c0p52__z1p00__lam0p030__nu0p50__psi1p25,hardzero_plus_depr,0.1,30,1071,0.0,1,0.51368,0.51368,1.0825124,0.0,0.082696594,0.0,0.0,3.747687e-19,-27.8541,2.3815749,0.7938583,0.112,0.0,0.16215892,32.100315,32.130314,3430400
hardzero_plus_depr__c0p52__z1p00__lam0p030__nu0p50__psi1p25,hardzero_plus_depr,0.1,30,1072,0.0,1,0.51368,0.51368,1.0785354,0.0,0.083457336,0.0,0.0,3.6097562e-19,-27.647635,2.3728254,0.79094183,0.096,0.0,0.17470457,32.130314,32.160313,3433600
hardzero_plus_depr__c0p52__z1p00__lam0p030__nu0p50__psi1p25,hardzero_plus_depr,0.1,30,1073,0.0,1,0.51368,0.51368,1.0051625,0.0,0.09881833,0.0,0.0,3.4769025e-19,-26.867556,2.2114017,0.7371339,0.17600001,0.0,0.14894512,32.160313,32.19031,3436800
hardzero_plus_depr__c0p52__z1p00__lam0p030__nu0p50__psi1p25,hardzero_plus_depr,0.1,30,1074,0.0,1,0.51368,0.51368,1.0246294,0.0,0.09448668,0.0,0.0,3.3489382e-19,-27.127321,2.2542295,0.7514099,0.192,0.0,0.17213252,32.19031,32.22031,3440000
hardzero_plus_depr__c0p52__z1p00__lam0p030__nu0p50__psi1p25,hardzero_plus_depr,0.1,30,1075,0.0,1,0.51368,0.51368,0.9961301,0.10089504,0.10089504,1.0,3.2545547e-20,3.2256836e-19,-26.272419,2.19153,0.73051,0.15200001,0.0,0.15440965,32.22031,32.25031,3443200
hardzero_plus_depr__c0p52__z1p00__lam0p030__nu0p50__psi1p25,hardzero_plus_depr,0.1,30,1076,0.0,1,0.51368,0.51368,1.0317898,0.0,0.09294163,0.0,0.0,3.1069653e-19,-27.909365,2.2699828,0.75666094,0.17600001,0.0,0.1716156,32.25031,32.280308,3446400
hardzero_plus_depr__c0p52__z1p00__lam0p030__nu0p50__psi1p25,hardzero_plus_depr,0.1,30,1077,0.0,1,0.51368,0.51368,1.0159165,0.0,0.09640144,0.0,0.0,2.9926162e-19,-27.203697,2.235061,0.74502033,0.112,0.0,0.16596884,32.280308,32.310307,3449600
hardzero_plus_depr__c0p52__z1p00__lam0p030__nu0p50__psi1p25,hardzero_plus_depr,0.1,30,1078,0.0,1,0.51368,0.51368,0.9837885,0.103803396,0.103803396,1.0,2.9921074e-20,2.8824755e-19,-26.586552,2.164378,0.7214593,0.17600001,0.0,0.14091402,32.310307,32.340305,3452800
hardzero_plus_depr__c0p52__z1p00__lam0p030__nu0p50__psi1p25,hardzero_plus_depr,0.1,30,1079,0.0,1,0.51368,0.51368,1.0075185,0.0,0.09828369,0.0,0.0,2.7763888e-19,-27.513472,2.216585,0.7388617,0.14999999,0.0,0.17832582,32.340305,32.370304,3456000
hardzero_plus_depr__c0p52__z1p00__lam0p030__nu0p50__psi1p25,hardzero_plus_depr,0.1,30,1080,0.0,1,0.51368,0.51368,1.0455039,0.0,0.09005259,0.0,0.0,2.674206e-19,-27.940332,2.3001544,0.76671815,0.080000006,0.0,0.14300627,32.370304,32.400303,3459200
hardzero_plus_depr__c0p52__z1p00__lam0p030__nu0p50__psi1p25,hardzero_plus_depr,0.1,30,1081,0.0,1,0.51368,0.51368,1.0360171,0.0,0.09204135,0.0,0.0,2.5757843e-19,-27.949299,2.279283,0.75976104,0.14400001,0.0,0.15345587,32.400303,32.4303,3462400
hardzero_plus_depr__c0p52__z1p00__lam0p030__nu0p50__psi1p25,hardzero_plus_depr,0.1,30,1082,0.0,1,0.51368,0.51368,1.0274569,0.0,0.09387353,0.0,0.0,2.4809848e-19,-28.369303,2.2604504,0.7534835,0.136,0.0,0.17853135,32.4303,32.4603,3465600
hardzero_plus_depr__c0p52__z1p00__lam0p030__nu0p50__psi1p25,hardzero_plus_depr,0.1,30,1083,0.0,1,0.51368,0.51368,1.1087072,0.0,0.07785612,0.0,0.0,2.3896744e-19,-28.438778,2.4392045,0.81306815,0.136,0.008,0.15146045,32.4603,32.4903,3468800
hardzero_plus_depr__c0p52__z1p00__lam0p030__nu0p50__psi1p25,hardzero_plus_depr,0.1,30,1084,0.0,1,0.51368,0.51368,1.0897382,0.0,0.08133204,0.0,0.0,2.3017247e-19,-28.563488,2.397472,0.7991573,0.128,0.0,0.18266043,32.4903,32.520298,3472000
hardzero_plus_depr__c0p52__z1p00__lam0p030__nu0p50__psi1p25,hardzero_plus_depr,0.1,30,1085,0.0,1,0.51368,0.51368,1.01806,0.0,0.09592681,0.0,0.0,2.2170118e-19,-27.562805,2.2397766,0.7465922,0.136,0.0,0.17155433,32.520298,32.550297,3475200
hardzero_plus_depr__c0p52__z1p00__lam0p030__nu0p50__psi1p25,hardzero_plus_depr,0.1,30,1086,0.0,1,0.51368,0.51368,1.0399817,0.0,0.09120492,0.0,0.0,2.1354164e-19,-27.489983,2.2880054,0.7626685,0.14400001,0.0,0.16125105,32.550297,32.580296,3478400
hardzero_plus_depr__c0p52__z1p00__lam0p030__nu0p50__psi1p25,hardzero_plus_depr,0.1,30,1087,0.0,1,0.51368,0.51368,1.0505949,0.0,0.08900308,0.0,0.0,2.0568243e-19,-27.286783,2.311355,0.7704517,0.15200001,0.0,0.1749896,32.580296,32.610294,3481600
hardzero_plus_depr__c0p52__z1p00__lam0p030__nu0p50__psi1p25,hardzero_plus_depr,0.1,30,1088,0.0,1,0.51368,0.51368,1.0297788,0.0,0.09337297,0.0,0.0,1.9811247e-19,-26.868942,2.2655587,0.75518626,0.136,0.0,0.15434107,32.610294,32.640293,3484800
hardzero_plus_depr__c0p52__z1p00__lam0p030__nu0p50__psi1p25,hardzero_plus_depr,0.1,30,1089,0.0,1,0.51368,0.51368,1.0505297,0.0,0.08901645,0.0,0.0,1.9082112e-19,-26.82015,2.3112116,0.77040386,0.08800001,0.0,0.15514696,32.640293,32.67029,3488000
hardzero_plus_depr__c0p52__z1p00__lam0p030__nu0p50__psi1p25,hardzero_plus_depr,0.1,30,1090,0.0,1,0.51368,0.51368,1.0455245,0.0,0.0900483,0.0,0.0,1.8379812e-19,-27.583115,2.3001997,0.7667333,0.16800001,0.0,0.14704186,32.67029,32.70029,3491200
hardzero_plus_depr__c0p52__z1p00__lam0p030__nu0p50__psi1p25,hardzero_plus_depr,0.1,30,1091,0.0,1,0.51368,0.51368,1.0228885,0.0,0.09486617,0.0,0.0,1.770336e-19,-26.856508,2.2503998,0.7501333,0.15200001,0.0,0.16244864,32.70029,32.73029,3494400
hardzero_plus_depr__c0p52__z1p00__lam0p030__nu0p50__psi1p25,hardzero_plus_depr,0.1,30,1092,0.0,1,0.51368,0.51368,0.9936117,0.10148185,0.10148185,1.0,1.7304484e-20,1.7051802e-19,-26.913853,2.1859894,0.72866315,0.14999999,0.0,0.16611026,32.73029,32.76029,3497600
hardzero_plus_depr__c0p52__z1p00__lam0p030__nu0p50__psi1p25,hardzero_plus_depr,0.1,30,1093,0.0,1,0.51368,0.51368,1.0195415,0.0,0.09560013,0.0,0.0,1.6424227e-19,-27.567526,2.243036,0.7476787,0.256,0.0,0.17426458,32.76029,32.790287,3500800
hardzero_plus_depr__c0p52__z1p00__lam0p030__nu0p50__psi1p25,hardzero_plus_depr,0.1,30,1094,0.0,1,0.51368,0.51368,1.0202289,0.0,0.09544894,0.0,0.0,1.5819746e-19,-26.147219,2.2445483,0.7481828,0.16000001,0.0,0.16265987,32.790287,32.820286,3504000
hardzero_plus_depr__c0p52__z1p00__lam0p030__nu0p50__psi1p25,hardzero_plus_depr,0.1,30,1095,0.0,1,0.51368,0.51368,1.0560504,0.0,0.087892056,0.0,0.0,1.5237515e-19,-27.999369,2.3233573,0.77445245,0.192,0.0,0.16601408,32.820286,32.850285,3507200
hardzero_plus_depr__c0p52__z1p00__lam0p030__nu0p50__psi1p25,hardzero_plus_depr,0.1,30,1096,0.0,1,0.51368,0.51368,1.0521799,0.0,0.08867885,0.0,0.0,1.4676712e-19,-28.137552,2.314842,0.771614,0.192,0.0,0.17095554,32.850285,32.880283,3510400
hardzero_plus_depr__c0p52__z1p00__lam0p030__nu0p50__psi1p25,hardzero_plus_depr,0.1,30,1097,0.0,1,0.51368,0.51368,1.0312172,0.0,0.09306422,0.0,0.0,1.4136549e-19,-27.694302,2.2687232,0.7562411,0.17600001,0.0,0.16306303,32.880283,32.910282,3513600
hardzero_plus_depr__c0p52__z1p00__lam0p030__nu0p50__psi1p25,hardzero_plus_depr,0.1,30,1098,0.0,1,0.51368,0.51368,1.007864,0.0,0.09820555,0.0,0.0,1.3616265e-19,-27.246529,2.217345,0.739115,0.18400002,0.0,0.14814718,32.910282,32.94028,3516800
hardzero_plus_depr__c0p52__z1p00__lam0p030__nu0p50__psi1p25,hardzero_plus_depr,0.1,30,1099,0.0,1,0.51368,0.51368,1.0410048,0.0,0.09099031,0.0,0.0,1.3115132e-19,-27.604002,2.2902563,0.7634188,0.096,0.0,0.18335877,32.94028,32.97028,3520000
hardzero_plus_depr__c0p52__z1p00__lam0p030__nu0p50__psi1p25,hardzero_plus_depr,0.1,30,1100,0.0,1,0.51368,0.51368,0.9931649,0.1015863,0.1015863,1.0,1.2832829e-20,1.2632441e-19,-26.968937,2.1850064,0.7283355,0.192,0.008,0.15615492,32.97028,33.00028,3523200
hardzero_plus_depr__c0p52__z1p00__lam0p030__nu0p50__psi1p25,hardzero_plus_depr,0.1,30,1101,0.0,1,0.51368,0.51368,1.0580413,0.0,0.08749005,0.0,0.0,1.2167515e-19,-28.2528,2.3277373,0.77591246,0.096,0.0,0.16648702,33.00028,33.030277,3526400
hardzero_plus_depr__c0p52__z1p00__lam0p030__nu0p50__psi1p25,hardzero_plus_depr,0.1,30,1102,0.0,1,0.51368,0.51368,1.0230105,0.0,0.09483956,0.0,0.0,1.17197e-19,-27.378132,2.250668,0.7502227,0.120000005,0.0,0.15304114,33.030277,33.060276,3529600
hardzero_plus_depr__c0p52__z1p00__lam0p030__nu0p50__psi1p25,hardzero_plus_depr,0.1,30,1103,0.0,1,0.51368,0.51368,0.97928864,0.10488451,0.10488451,1.0,1.1839749e-20,1.1288367e-19,-26.299538,2.154478,0.7181594,0.17600001,0.0,0.14676762,33.060276,33.090275,3532800
hardzero_plus_depr__c0p52__z1p00__lam0p030__nu0p50__psi1p25,hardzero_plus_depr,0.1,30,1104,0.0,1,0.51368,0.51368,1.0478704,0.0,0.0895632,0.0,0.0,1.0872909e-19,-27.10053,2.305361,0.7684537,0.16000001,0.0,0.16715531,33.090275,33.120274,3536000
hardzero_plus_depr__c0p52__z1p00__lam0p030__nu0p50__psi1p25,hardzero_plus_depr,0.1,30,1105,0.0,1,0.51368,0.51368,0.95295835,0.11144014,0.11144014,1.0,1.1670835e-20,1.0472739e-19,-26.874228,2.0965502,0.6988501,0.24,0.0,0.1588492,33.120274,33.150272,3539200
hardzero_plus_depr__c0p52__z1p00__lam0p030__nu0p50__psi1p25,hardzero_plus_depr,0.1,30,1106,0.0,1,0.51368,0.51368,1.053998,0.0,0.08830839,0.0,0.0,1.00873e-19,-26.956963,2.318842,0.7729473,0.136,0.0,0.1559396,33.150272,33.18027,3542400
hardzero_plus_depr__c0p52__z1p00__lam0p030__nu0p50__psi1p25,hardzero_plus_depr,0.1,30,1107,0.0,1,0.51368,0.51368,1.0431774,0.0,0.090536274,0.0,0.0,9.716046e-20,-27.204845,2.295036,0.765012,0.15200001,0.0,0.17211935,33.18027,33.21027,3545600
hardzero_plus_depr__c0p52__z1p00__lam0p030__nu0p50__psi1p25,hardzero_plus_depr,0.1,30,1108,0.0,1,0.51368,0.51368,1.0377642,0.0,0.09167181,0.0,0.0,9.358456e-20,-27.753305,2.2831268,0.7610423,0.16000001,0.0,0.14825411,33.21027,33.24027,3548800
hardzero_plus_depr__c0p52__z1p00__lam0p030__nu0p50__psi1p25,hardzero_plus_depr,0.1,30,1109,0.0,1,0.51368,0.51368,1.064697,0.0,0.08615946,0.0,0.0,9.014026e-20,-28.072727,2.3423803,0.7807934,0.15200001,0.0,0.18100968,33.24027,33.270267,3552000
hardzero_plus_depr__c0p52__z1p00__lam0p030__nu0p50__psi1p25,hardzero_plus_depr,0.1,30,1110,0.0,1,0.51368,0.51368,1.0541096,0.0,0.088285714,0.0,0.0,8.682274e-20,-27.910631,2.3190873,0.7730291,0.2,0.0,0.16759504,33.270267,33.300266,3555200
hardzero_plus_depr__c0p52__z1p00__lam0p030__nu0p50__psi1p25,hardzero_plus_depr,0.1,30,1111,0.0,1,0.51368,0.51368,1.021463,0.0,0.09517809,0.0,0.0,8.362731e-20,-27.425135,2.2472637,0.7490879,0.17600001,0.0,0.16088663,33.300266,33.330265,3558400
hardzero_plus_depr__c0p52__z1p00__lam0p030__nu0p50__psi1p25,hardzero_plus_depr,0.1,30,1112,0.0,1,0.51368,0.51368,1.0077587,0.0,0.09822934,0.0,0.0,8.054947e-20,-27.335749,2.2171135,0.7390379,0.18400002,0.0,0.18748614,33.330265,33.360264,3561600
hardzero_plus_depr__c0p52__z1p00__lam0p030__nu0p50__psi1p25,hardzero_plus_depr,0.1,30,1113,0.0,1,0.51368,0.51368,1.0226414,0.0,0.09492018,0.0,0.0,7.758493e-20,-27.08079,2.249856,0.749952,0.216,0.0,0.15919293,33.360264,33.390263,3564800
hardzero_plus_depr__c0p52__z1p00__lam0p030__nu0p50__psi1p25,hardzero_plus_depr,0.1,30,1114,0.0,1,0.51368,0.51368,1.0599403,0.0,0.08710833,0.0,0.0,7.4729474e-20,-27.768988,2.3319154,0.7773051,0.112,0.0,0.16312845,33.390263,33.42026,3568000
hardzero_plus_depr__c0p52__z1p00__lam0p030__nu0p50__psi1p25,hardzero_plus_depr,0.1,30,1115,0.0,1,0.51368,0.51368,1.1183808,0.0,0.07614111,0.0,0.0,7.1979124e-20,-29.302534,2.460487,0.8201623,0.18400002,0.0,0.27281502,33.42026,33.45026,3571200
hardzero_plus_depr__c0p52__z1p00__lam0p030__nu0p50__psi1p25,hardzero_plus_depr,0.1,30,1116,0.0,1,0.51368,0.51368,0.99931425,0.10015803,0.10015803,1.0,6.943956e-21,6.9329994e-20,-26.755606,2.1985352,0.73284507,0.16000001,0.0,0.13983046,33.45026,33.48026,3574400
hardzero_plus_depr__c0p52__z1p00__lam0p030__nu0p50__psi1p25,hardzero_plus_depr,0.1,30,1117,0.0,1,0.51368,0.51368,1.0207151,0.0,0.095342144,0.0,0.0,6.677837e-20,-27.284334,2.245618,0.7485394,0.16800001,0.0,0.13302127,33.48026,33.510258,3577600
hardzero_plus_depr__c0p52__z1p00__lam0p030__nu0p50__psi1p25,hardzero_plus_depr,0.1,30,1118,0.0,1,0.51368,0.51368,1.0063392,0.0,0.09855095,0.0,0.0,6.432065e-20,-26.697832,2.2139904,0.7379968,0.14,0.0,0.17527072,33.510258,33.540257,3580800
hardzero_plus_depr__c0p52__z1p00__lam0p030__nu0p50__psi1p25,hardzero_plus_depr,0.1,30,1119,0.0,1,0.51368,0.51368,1.0359563,0.0,0.09205423,0.0,0.0,6.1953385e-20,-28.07239,2.2791493,0.75971645,0.15200001,0.0,0.15300237,33.540257,33.570255,3584000
hardzero_plus_depr__c0p52__z1p00__lam0p030__nu0p50__psi1p25,hardzero_plus_depr,0.1,30,1120,0.0,1,0.51368,0.51368,0.98643327,0.10317316,0.10317316,1.0,6.156677e-21,5.967324e-20,-26.605303,2.1701965,0.72339886,0.18400002,0.0,0.16194429,33.570255,33.600254,3587200
hardzero_plus_depr__c0p52__z1p00__lam0p030__nu0p50__psi1p25,hardzero_plus_depr,0.1,30,1121,0.0,1,0.51368,0.51368,1.0396749,0.0,0.091269374,0.0,0.0,5.7477026e-20,-27.407099,2.2873304,0.7624435,0.15200001,0.0,0.16111468,33.600254,33.630253,3590400
hardzero_plus_depr__c0p52__z1p00__lam0p030__nu0p50__psi1p25,hardzero_plus_depr,0.1,30,1122,0.0,1,0.51368,0.51368,0.97538465,0.10583161,0.10583161,1.0,5.8590108e-21,5.5361635e-20,-26.657372,2.145889,0.7152964,0.128,0.0,0.15798147,33.630253,33.66025,3593600
hardzero_plus_depr__c0p52__z1p00__lam0p030__nu0p50__psi1p25,hardzero_plus_depr,0.1,30,1123,0.0,1,0.51368,0.51368,1.0200832,0.0,0.09548097,0.0,0.0,5.3324095e-20,-26.921366,2.244228,0.74807596,0.112,0.0,0.13282847,33.66025,33.69025,3596800
hardzero_plus_depr__c0p52__z1p00__lam0p030__nu0p50__psi1p25,hardzero_plus_depr,0.1,30,1124,0.0,1,0.51368,0.51368,1.0291344,0.0,0.09351163,0.0,0.0,5.1361554e-20,-26.391155,2.2641408,0.75471365,0.15200001,0.0,0.14494197,33.69025,33.72025,3600000
hardzero_plus_depr__c0p52__z1p00__lam0p030__nu0p50__psi1p25,hardzero_plus_depr,0.1,30,1125,0.0,1,0.51368,0.51368,1.0074303,0.0,0.09830366,0.0,0.0,4.9471233e-20,-26.108707,2.2163908,0.73879695,0.208,0.0,0.14505164,33.72025,33.750248,3603200
hardzero_plus_depr__c0p52__z1p00__lam0p030__nu0p50__psi1p25,hardzero_plus_depr,0.1,30,1126,0.0,1,0.51368,0.51368,1.0423185,0.0,0.090715505,0.0,0.0,4.765049e-20,-27.478685,2.2931464,0.7643821,0.120000005,0.0,0.16715752,33.750248,33.780247,3606400
hardzero_plus_depr__c0p52__z1p00__lam0p030__nu0p50__psi1p25,hardzero_plus_depr,0.1,30,1127,0.0,1,0.51368,0.51368,1.059912,0.0,0.087114014,0.0,0.0,4.5896753e-20,-27.858646,2.331853,0.7772843,0.14400001,0.0,0.1551104,33.780247,33.810246,3609600
hardzero_plus_depr__c0p52__z1p00__lam0p030__nu0p50__psi1p25,hardzero_plus_depr,0.1,30,1128,0.0,1,0.51368,0.51368,1.1086524,0.0,0.077865966,0.0,0.0,4.4207566e-20,-28.672148,2.4390838,0.813028,0.112,0.0,0.16814645,33.810246,33.840244,3612800
hardzero_plus_depr__c0p52__z1p00__lam0p030__nu0p50__psi1p25,hardzero_plus_depr,0.1,30,1129,0.0,1,0.51368,0.51368,1.0385323,0.0,0.09150982,0.0,0.0,4.2580544e-20,-28.717913,2.2848165,0.7616055,0.192,0.0,0.175373,33.840244,33.870243,3616000
hardzero_plus_depr__c0p52__z1p00__lam0p030__nu0p50__psi1p25,hardzero_plus_depr,0.1,30,1130,0.0,1,0.51368,0.51368,0.9987206,0.10029503,0.10029503,1.0,4.113441e-21,4.1013408e-20,-27.257912,2.1972291,0.7324097,0.16800001,0.0,0.16040428,33.870243,33.90024,3619200
hardzero_plus_depr__c0p52__z1p00__lam0p030__nu0p50__psi1p25,hardzero_plus_depr,0.1,30,1131,0.0,1,0.51368,0.51368,1.0412169,0.0,0.0909459,0.0,0.0,3.9503942e-20,-27.279175,2.2907228,0.7635743,0.12,0.01,0.15113142,33.90024,33.93024,3622400
hardzero_plus_depr__c0p52__z1p00__lam0p030__nu0p50__psi1p25,hardzero_plus_depr,0.1,30,1132,0.0,1,0.51368,0.51368,1.0585297,0.0,0.08739171,0.0,0.0,3.8050034e-20,-27.947826,2.328812,0.7762706,0.15200001,0.0,0.1792538,33.93024,33.96024,3625600
hardzero_plus_depr__c0p52__z1p00__lam0p030__nu0p50__psi1p25,hardzero_plus_depr,0.1,30,1133,0.0,1,0.51368,0.51368,1.0021071,0.0,0.09951599,0.0,0.0,3.664964e-20,-26.086742,2.2046797,0.73489326,0.14400001,0.0,0.14331117,33.96024,33.99024,3628800
hardzero_plus_depr__c0p52__z1p00__lam0p030__nu0p50__psi1p25,hardzero_plus_depr,0.1,30,1134,0.0,1,0.51368,0.51368,1.0276715,0.0,0.09382714,0.0,0.0,3.5300782e-20,-27.26629,2.2609224,0.75364083,0.16800001,0.0,0.16154547,33.99024,34.020237,3632000
hardzero_plus_depr__c0p52__z1p00__lam0p030__nu0p50__psi1p25,hardzero_plus_depr,0.1,30,1135,0.0,1,0.51368,0.51368,1.0532395,0.0,0.08846276,0.0,0.0,3.4001566e-20,-27.68691,2.317173,0.772391,0.120000005,0.0,0.16059947,34.020237,34.050236,3635200
hardzero_plus_depr__c0p52__z1p00__lam0p030__nu0p50__psi1p25,hardzero_plus_depr,0.1,30,1136,0.0,1,0.51368,0.51368,1.0912709,0.0,0.08104553,0.0,0.0,3.275017e-20,-28.125256,2.4008439,0.8002813,0.16800001,0.0,0.19204204,34.050236,34.080235,3638400
hardzero_plus_depr__c0p52__z1p00__lam0p030__nu0p50__psi1p25,hardzero_plus_depr,0.1,30,1137,0.0,1,0.51368,0.51368,1.0769067,0.0,0.083770916,0.0,0.0,3.154483e-20,-28.291103,2.369242,0.78974736,0.120000005,0.0,0.17439927,34.080235,34.110233,3641600
hardzero_plus_depr__c0p52__z1p00__lam0p030__nu0p50__psi1p25,hardzero_plus_depr,0.1,30,1138,0.0,1,0.51368,0.51368,0.9794269,0.104851104,0.104851104,1.0,3.1857801e-21,3.038385e-20,-26.999817,2.1547823,0.71826077,0.192,0.0,0.15327176,34.110233,34.140232,3644800
hardzero_plus_depr__c0p52__z1p00__lam0p030__nu0p50__psi1p25,hardzero_plus_depr,0.1,30,1139,0.0,1,0.51368,0.51368,1.0902346,0.0,0.08123914,0.0,0.0,2.9265598e-20,-28.031057,2.398564,0.7995214,0.120000005,0.0,0.16746433,34.140232,34.17023,3648000
hardzero_plus_depr__c0p52__z1p00__lam0p030__nu0p50__psi1p25,hardzero_plus_depr,0.1,30,1140,0.0,1,0.51368,0.51368,1.0606375,0.0,0.08696861,0.0,0.0,2.8188503e-20,-27.535162,2.3334491,0.7778164,0.128,0.0,0.1323192,34.17023,34.20023,3651200
hardzero_plus_depr__c0p52__z1p00__lam0p030__nu0p50__psi1p25,hardzero_plus_depr,0.1,30,1141,0.0,1,0.51368,0.51368,0.9973599,0.100609764,0.100609764,1.0,2.7316608e-21,2.715105e-20,-26.95722,2.1942356,0.7314119,0.208,0.0,0.16210745,34.20023,34.23023,3654400
hardzero_plus_depr__c0p52__z1p00__lam0p030__nu0p50__psi1p25,hardzero_plus_depr,0.1,30,1142,0.0,1,0.51368,0.51368,1.0594914,0.0,0.0871984,0.0,0.0,2.615178e-20,-27.745283,2.3309276,0.77697587,0.120000005,0.0,0.15700963,34.23023,34.260227,3657600
hardzero_plus_depr__c0p52__z1p00__lam0p030__nu0p50__psi1p25,hardzero_plus_depr,0.1,30,1143,0.0,1,0.51368,0.51368,1.0278629,0.0,0.09378579,0.0,0.0,2.518929e-20,-27.16195,2.2613435,0.7537812,0.18400002,0.0,0.15660319,34.260227,34.290226,3660800
hardzero_plus_depr__c0p52__z1p00__lam0p030__nu0p50__psi1p25,hardzero_plus_depr,0.1,30,1144,0.0,1,0.51368,0.51368,1.1067833,0.0,0.0782018,0.0,0.0,2.4262219e-20,-28.465023,2.4349718,0.8116573,0.12,0.0,0.16504051,34.290226,34.320225,3664000
hardzero_plus_depr__c0p52__z1p00__lam0p030__nu0p50__psi1p25,hardzero_plus_depr,0.1,30,1145,0.0,1,0.51368,0.51368,0.9920786,0.101840705,0.101840705,1.0,2.3799428e-21,2.3369269e-20,-26.378916,2.1826165,0.7275388,0.18400002,0.0,0.14096706,34.320225,34.350224,3667200
hardzero_plus_depr__c0p52__z1p00__lam0p030__nu0p50__psi1p25,hardzero_plus_depr,0.1,30,1146,0.0,1,0.51368,0.51368,0.9865025,0.1031567,0.1031567,1.0,2.321973e-21,2.2509182e-20,-26.638063,2.170349,0.72344965,0.136,0.0,0.1491447,34.350224,34.380222,3670400
hardzero_plus_depr__c0p52__z1p00__lam0p030__nu0p50__psi1p25,hardzero_plus_depr,0.1,30,1147,0.0,1,0.51368,0.51368,1.0432838,0.0,0.09051408,0.0,0.0,2.1680753e-20,-27.387548,2.2952702,0.7650901,0.120000005,0.0,0.1386754,34.380222,34.41022,3673600
hardzero_plus_depr__c0p52__z1p00__lam0p030__nu0p50__psi1p25,hardzero_plus_depr,0.1,30,1148,0.0,1,0.51368,0.51368,1.0375369,0.0,0.09171981,0.0,0.0,2.0882813e-20,-26.76547,2.2826266,0.7608756,0.112,0.0,0.15595107,34.41022,34.44022,3676800
hardzero_plus_depr__c0p52__z1p00__lam0p030__nu0p50__psi1p25,hardzero_plus_depr,0.1,30,1149,0.0,1,0.51368,0.51368,1.0502737,0.0,0.08906895,0.0,0.0,2.0114239e-20,-27.151342,2.3106482,0.7702161,0.2,0.0,0.20384003,34.44022,34.47022,3680000
hardzero_plus_depr__c0p52__z1p00__lam0p030__nu0p50__psi1p25,hardzero_plus_depr,0.1,30,1150,0.0,1,0.51368,0.51368,1.0441974,0.0,0.09032389,0.0,0.0,1.9373953e-20,-27.94101,2.2972803,0.7657601,0.14400001,0.0,0.16504069,34.47022,34.500217,3683200
hardzero_plus_depr__c0p52__z1p00__lam0p030__nu0p50__psi1p25,hardzero_plus_depr,0.1,30,1151,0.0,1,0.51368,0.51368,1.0838721,0.0,0.08243808,0.0,0.0,1.8660912e-20,-27.493435,2.384566,0.79485536,0.112,0.0,0.1421731,34.500217,34.530216,3686400
hardzero_plus_depr__c0p52__z1p00__lam0p030__nu0p50__psi1p25,hardzero_plus_depr,0.1,30,1152,0.0,1,0.51368,0.51368,1.0664707,0.0,0.08580829,0.0,0.0,1.7974113e-20,-28.309513,2.3462825,0.7820942,0.18400002,0.0,0.16659309,34.530216,34.560215,3689600
hardzero_plus_depr__c0p52__z1p00__lam0p030__nu0p50__psi1p25,hardzero_plus_depr,0.1,30,1153,0.0,1,0.51368,0.51368,1.0489538,0.0,0.08934005,0.0,0.0,1.7312591e-20,-27.99869,2.3077443,0.7692481,0.136,0.0,0.18348725,34.560215,34.590214,3692800
hardzero_plus_depr__c0p52__z1p00__lam0p030__nu0p50__psi1p25,hardzero_plus_depr,0.1,30,1154,0.0,1,0.51368,0.51368,0.96033573,0.109563075,0.109563075,1.0,1.82701e-21,1.6675417e-20,-25.975826,2.1127808,0.7042603,0.18400002,0.0,0.13937482,34.590214,34.620213,3696000
hardzero_plus_depr__c0p52__z1p00__lam0p030__nu0p50__psi1p25,hardzero_plus_depr,0.1,30,1155,0.0,1,0.51368,0.51368,1.0514014,0.0,0.08883797,0.0,0.0,1.6061694e-20,-26.639723,2.3131292,0.77104306,0.104,0.0,0.16270551,34.620213,34.65021,3699200
hardzero_plus_depr__c0p52__z1p00__lam0p030__nu0p50__psi1p25,hardzero_plus_depr,0.1,30,1156,0.0,1,0.51368,0.51368,1.0627422,0.0,0.08654815,0.0,0.0,1.5470557e-20,-27.411028,2.3380797,0.77935994,0.120000005,0.0,0.17855097,34.65021,34.68021,3702400
hardzero_plus_depr__c0p52__z1p00__lam0p030__nu0p50__psi1p25,hardzero_plus_depr,0.1,30,1157,0.0,1,0.51368,0.51368,1.0511167,0.0,0.088896215,0.0,0.0,1.4901177e-20,-27.907694,2.3125029,0.7708343,0.19,0.0,0.16696191,34.68021,34.71021,3705600
hardzero_plus_depr__c0p52__z1p00__lam0p030__nu0p50__psi1p25,hardzero_plus_depr,0.1,30,1158,0.0,1,0.51368,0.51368,1.0502008,0.0,0.08908389,0.0,0.0,1.4352752e-20,-27.58761,2.310488,0.7701627,0.136,0.0,0.18405612,34.71021,34.740208,3708800
hardzero_plus_depr__c0p52__z1p00__lam0p030__nu0p50__psi1p25,hardzero_plus_depr,0.1,30,1159,0.0,1,0.51368,0.51368,1.0608208,0.0,0.086931884,0.0,0.0,1.3824513e-20,-28.170828,2.3338523,0.77795076,0.17600001,0.0,0.15817925,34.740208,34.770206,3712000
hardzero_plus_depr__c0p52__z1p00__lam0p030__nu0p50__psi1p25,hardzero_plus_depr,0.1,30,1160,0.0,1,0.51368,0.51368,1.0475646,0.0,0.08962628,0.0,0.0,1.33157136e-20,-27.13164,2.3046882,0.7682294,0.18400002,0.0,0.20565975,34.770206,34.800205,3715200
hardzero_plus_depr__c0p52__z1p00__lam0p030__nu0p50__psi1p25,hardzero_plus_depr,0.1,30,1161,0.0,1,0.51368,0.51368,1.0033628,0.0,0.09922868,0.0,0.0,1.282564e-20,-27.44505,2.2074423,0.7358141,0.096,0.0,0.17441592,34.800205,34.830204,3718400
hardzero_plus_depr__c0p52__z1p00__lam0p030__nu0p50__psi1p25,hardzero_plus_depr,0.1,30,1162,0.0,1,0.51368,0.51368,1.0495182,0.0,0.08922402,0.0,0.0,1.2353604e-20,-27.304928,2.3089862,0.7696621,0.128,0.0,0.13628067,34.830204,34.860203,3721600
hardzero_plus_depr__c0p52__z1p00__lam0p030__nu0p50__psi1p25,hardzero_plus_depr,0.1,30,1163,0.0,1,0.51368,0.51368,0.9943122,0.10131827,0.10131827,1.0,1.2055801e-21,1.1898941e-20,-26.442793,2.1875305,0.7291769,0.18400002,0.0,0.1362144,34.860203,34.8902,3724800
hardzero_plus_depr__c0p52__z1p00__lam0p030__nu0p50__psi1p25,hardzero_plus_depr,0.1,30,1164,0.0,1,0.51368,0.51368,1.0241194,0.0,0.0945977,0.0,0.0,1.146101e-20,-27.121946,2.2531075,0.75103587,0.17600001,0.0,0.14964361,34.8902,34.9202,3728000
hardzero_plus_depr__c0p52__z1p00__lam0p030__nu0p50__psi1p25,hardzero_plus_depr,0.1,30,1165,0.0,1,0.51368,0.51368,1.0300899,0.0,0.09330612,0.0,0.0,1.1039197e-20,-27.64124,2.266243,0.75541437,0.15200001,0.0,0.15819903,34.9202,34.9502,3731200
hardzero_plus_depr__c0p52__z1p00__lam0p030__nu0p50__psi1p25,hardzero_plus_depr,0.1,30,1166,0.0,1,0.51368,0.51368,0.9989047,0.10025252,0.10025252,1.0,1.065976e-21,1.063291e-20,-26.69936,2.1976342,0.7325448,0.16800001,0.008,0.15035084,34.9502,34.980198,3734400
hardzero_plus_depr__c0p52__z1p00__lam0p030__nu0p50__psi1p25,hardzero_plus_depr,0.1,30,1167,0.0,1,0.51368,0.51368,1.0589914,0.0,0.087298855,0.0,0.0,1.0241575e-20,-27.81315,2.3298275,0.7766092,0.128,0.0,0.16286439,34.980198,35.010197,3737600
hardzero_plus_depr__c0p52__z1p00__lam0p030__nu0p50__psi1p25,hardzero_plus_depr,0.1,30,1168,0.0,1,0.51368,0.51368,1.07019,0.0,0.08507659,0.0,0.0,9.864643e-21,-27.27348,2.354465,0.7848217,0.18400002,0.0,0.16903827,35.010197,35.040195,3740800
hardzero_plus_depr__c0p52__z1p00__lam0p030__nu0p50__psi1p25,hardzero_plus_depr,0.1,30,1169,0.0,1,0.51368,0.51368,1.0521646,0.0,0.08868198,0.0,0.0,9.501584e-21,-27.184874,2.3148084,0.7716028,0.136,0.0,0.15551884,35.040195,35.070194,3744000
hardzero_plus_depr__c0p52__z1p00__lam0p030__nu0p50__psi1p25,hardzero_plus_depr,0.1,30,1170,0.0,1,0.51368,0.51368,1.0591761,0.0,0.08726175,0.0,0.0,9.151887e-21,-27.264301,2.330234,0.7767447,0.11,0.0,0.16063032,35.070194,35.100193,3747200
hardzero_plus_depr__c0p52__z1p00__lam0p030__nu0p50__psi1p25,hardzero_plus_depr,0.1,30,1171,0.0,1,0.51368,0.51368,0.99129725,0.10202409,0.10202409,1.0,8.993485e-22,8.8150594e-21,-26.808895,2.1808975,0.72696584,0.128,0.0,0.14743438,35.100193,35.13019,3750400
hardzero_plus_depr__c0p52__z1p00__lam0p030__nu0p50__psi1p25,hardzero_plus_depr,0.1,30,1172,0.0,1,0.51368,0.51368,1.0911977,0.0,0.081059195,0.0,0.0,8.490629e-21,-29.08096,2.400683,0.80022764,0.15200001,0.0,0.16970974,35.13019,35.16019,3753600
hardzero_plus_depr__c0p52__z1p00__lam0p030__nu0p50__psi1p25,hardzero_plus_depr,0.1,30,1173,0.0,1,0.51368,0.51368,1.0479803,0.0,0.08954055,0.0,0.0,8.178139e-21,-27.828072,2.3056028,0.7685343,0.2,0.0,0.17449997,35.16019,35.19019,3756800
hardzero_plus_depr__c0p52__z1p00__lam0p030__nu0p50__psi1p25,hardzero_plus_depr,0.1,30,1174,0.0,1,0.51368,0.51368,1.0419506,0.0,0.09079238,0.0,0.0,7.87715e-21,-27.153353,2.2923372,0.7641124,0.14400001,0.0,0.15985352,35.19019,35.22019,3760000
hardzero_plus_depr__c0p52__z1p00__lam0p030__nu0p50__psi1p25,hardzero_plus_depr,0.1,30,1175,0.0,1,0.51368,0.51368,1.0648181,0.0,0.08613543,0.0,0.0,7.587238e-21,-28.744785,2.3426466,0.78088224,0.128,0.0,0.19794026,35.22019,35.250187,3763200
hardzero_plus_depr__c0p52__z1p00__lam0p030__nu0p50__psi1p25,hardzero_plus_depr,0.1,30,1176,0.0,1,0.51368,0.51368,1.0370553,0.0,0.09182157,0.0,0.0,7.307998e-21,-27.591848,2.281567,0.76052237,0.112,0.0,0.16281937,35.250187,35.280186,3766400
hardzero_plus_depr__c0p52__z1p00__lam0p030__nu0p50__psi1p25,hardzero_plus_depr,0.1,30,1177,0.0,1,0.51368,0.51368,1.0809065,0.0,0.08300295,0.0,0.0,7.039032e-21,-28.066973,2.3780417,0.7926806,0.104,0.0,0.19922914,35.280186,35.310184,3769600
hardzero_plus_depr__c0p52__z1p00__lam0p030__nu0p50__psi1p25,hardzero_plus_depr,0.1,30,1178,0.0,1,0.51368,0.51368,1.0662965,0.0,0.08584273,0.0,0.0,6.7799665e-21,-27.92956,2.345899,0.7819664,0.104,0.0,0.1754729,35.310184,35.340183,3772800
hardzero_plus_depr__c0p52__z1p00__lam0p030__nu0p50__psi1p25,hardzero_plus_depr,0.1,30,1179,0.0,1,0.51368,0.51368,1.0572596,0.0,0.087647684,0.0,0.0,6.530436e-21,-27.125597,2.3260174,0.7753391,0.16800001,0.0,0.16841577,35.340183,35.370182,3776000
hardzero_plus_depr__c0p52__z1p00__lam0p030__nu0p50__psi1p25,hardzero_plus_depr,0.1,30,1180,0.0,1,0.51368,0.51368,1.0582566,0.0,0.0874467,0.0,0.0,6.2900894e-21,-27.302975,2.328211,0.77607036,0.16000001,0.0,0.1666527,35.370182,35.40018,3779200
hardzero_plus_depr__c0p52__z1p00__lam0p030__nu0p50__psi1p25,hardzero_plus_depr,0.1,30,1181,0.0,1,0.51368,0.51368,1.061465,0.0,0.08680305,0.0,0.0,6.0585883e-21,-28.418736,2.3352697,0.77842325,0.128,0.0,0.15606001,35.40018,35.43018,3782400
hardzero_plus_depr__c0p52__z1p00__lam0p030__nu0p50__psi1p25,hardzero_plus_depr,0.1,30,1182,0.0,1,0.51368,0.51368,1.0093641,0.0,0.097866915,0.0,0.0,5.8356074e-21,-27.275713,2.2206454,0.7402152,0.16000001,0.0,0.14150676,35.43018,35.46018,3785600
hardzero_plus_depr__c0p52__z1p00__lam0p030__nu0p50__psi1p25,hardzero_plus_depr,0.1,30,1183,0.0,1,0.51368,0.51368,1.0928835,0.0,0.08074516,0.0,0.0,5.6208332e-21,-28.15602,2.4043915,0.80146384,0.13,0.0,0.16916542,35.46018,35.490177,3788800
hardzero_plus_depr__c0p52__z1p00__lam0p030__nu0p50__psi1p25,hardzero_plus_depr,0.1,30,1184,0.0,1,0.51368,0.51368,1.0300907,0.0,0.09330594,0.0,0.0,5.4139633e-21,-27.558342,2.266245,0.75541496,0.136,0.0,0.1541917,35.490177,35.520176,3792000
hardzero_plus_depr__c0p52__z1p00__lam0p030__nu0p50__psi1p25,hardzero_plus_depr,0.1,30,1185,0.0,1,0.51368,0.51368,1.0725241,0.0,0.08462056,0.0,0.0,5.2147073e-21,-28.193087,2.3596,0.78653336,0.15200001,0.0,0.16921237,35.520176,35.550175,3795200
hardzero_plus_depr__c0p52__z1p00__lam0p030__nu0p50__psi1p25,hardzero_plus_depr,0.1,30,1186,0.0,1,0.51368,0.51368,1.0341614,0.0,0.09243546,0.0,0.0,5.022784e-21,-28.151653,2.2752006,0.7584002,0.16000001,0.008,0.16986525,35.550175,35.580173,3798400
hardzero_plus_depr__c0p52__z1p00__lam0p030__nu0p50__psi1p25,hardzero_plus_depr,0.1,30,1187,0.0,1,0.51368,0.51368,1.0378984,0.0,0.09164348,0.0,0.0,4.8379254e-21,-27.107069,2.2834222,0.76114076,0.104,0.0,0.16248597,35.580173,35.610172,3801600
hardzero_plus_depr__c0p52__z1p00__lam0p030__nu0p50__psi1p25,hardzero_plus_depr,0.1,30,1188,0.0,1,0.51368,0.51368,1.0060639,0.0,0.098613426,0.0,0.0,4.65987e-21,-26.959963,2.2133849,0.737795,0.224,0.0,0.16498068,35.610172,35.64017,3804800
hardzero_plus_depr__c0p52__z1p00__lam0p030__nu0p50__psi1p25,hardzero_plus_depr,0.1,30,1189,0.0,1,0.51368,0.51368,1.1050847,0.0,0.07850825,0.0,0.0,4.4883672e-21,-28.95153,2.4312348,0.81041163,0.16800001,0.0,0.16976061,35.64017,35.67017,3808000
hardzero_plus_depr__c0p52__z1p00__lam0p030__nu0p50__psi1p25,hardzero_plus_depr,0.1,30,1190,0.0,1,0.51368,0.51368,0.9896382,0.102414586,0.102414586,1.0,4.427564e-22,4.323177e-21,-26.394676,2.1772475,0.7257492,0.208,0.0,0.13221121,35.67017,35.70017,3811200
hardzero_plus_depr__c0p52__z1p00__lam0p030__nu0p50__psi1p25,hardzero_plus_depr,0.1,30,1191,0.0,1,0.51368,0.51368,1.0309004,0.0,0.09313214,0.0,0.0,4.1640668e-21,-26.339762,2.268026,0.75600874,0.18400002,0.0,0.14717022,35.70017,35.730167,3814400
hardzero_plus_depr__c0p52__z1p00__lam0p030__nu0p50__psi1p25,hardzero_plus_depr,0.1,30,1192,0.0,1,0.51368,0.51368,1.0980285,0.0,0.07979423,0.0,0.0,4.0108118e-21,-29.644474,2.415711,0.805237,0.112,0.0,0.14990363,35.730167,35.760166,3817600
hardzero_plus_depr__c0p52__z1p00__lam0p030__nu0p50__psi1p25,hardzero_plus_depr,0.1,30,1193,0.0,1,0.51368,0.51368,1.0095338,0.0,0.09782867,0.0,0.0,3.8631972e-21,-26.360617,2.2210186,0.7403395,0.128,0.0,0.15673384,35.760166,35.790165,3820800
hardzero_plus_depr__c0p52__z1p00__lam0p030__nu0p50__psi1p25,hardzero_plus_depr,0.1,30,1194,0.0,1,0.51368,0.51368,1.0732287,0.0,0.08448338,0.0,0.0,3.7210154e-21,-27.52861,2.3611503,0.7870501,0.112,0.0,0.13713583,35.790165,35.820164,3824000
hardzero_plus_depr__c0p52__z1p00__lam0p030__nu0p50__psi1p25,hardzero_plus_depr,0.1,30,1195,0.0,1,0.51368,0.51368,0.9777112,0.105266154,0.105266154,1.0,3.7728094e-22,3.584067e-21,-26.058477,2.1510077,0.7170026,0.136,0.0,0.13044418,35.820164,35.850163,3827200
hardzero_plus_depr__c0p52__z1p00__lam0p030__nu0p50__psi1p25,hardzero_plus_depr,0.1,30,1196,0.0,1,0.51368,0.51368,1.104269,0.0,0.07865585,0.0,0.0,3.4521587e-21,-28.149572,2.4294405,0.8098135,0.11,0.0,0.15652984,35.850163,35.88016,3830400
hardzero_plus_depr__c0p52__z1p00__lam0p030__nu0p50__psi1p25,hardzero_plus_depr,0.1,30,1197,0.0,1,0.51368,0.51368,1.0615922,0.0,0.08677761,0.0,0.0,3.325105e-21,-27.019297,2.3355496,0.77851653,0.15200001,0.0,0.16845734,35.88016,35.91016,3833600
hardzero_plus_depr__c0p52__z1p00__lam0p030__nu0p50__psi1p25,hardzero_plus_depr,0.1,30,1198,0.0,1,0.51368,0.51368,1.0586035,0.0,0.087376855,0.0,0.0,3.2027274e-21,-27.88009,2.3289742,0.77632475,0.136,0.0,0.15483394,35.91016,35.94016,3836800
hardzero_plus_depr__c0p52__z1p00__lam0p030__nu0p50__psi1p25,hardzero_plus_depr,0.1,30,1199,0.0,1,0.51368,0.51368,1.0076578,0.0,0.09825218,0.0,0.0,3.0848538e-21,-26.688086,2.2168913,0.7389638,0.14400001,0.0,0.1702147,35.94016,35.970158,3840000
hardzero_plus_depr__c0p52__z1p00__lam0p030__nu0p50__psi1p25,hardzero_plus_depr,0.1,30,1200,0.0,1,0.51368,0.51368,1.0130045,0.0,0.09704997,0.0,0.0,2.9713184e-21,-27.293148,2.2286544,0.7428848,0.23200001,0.0,0.16074532,35.970158,36.000156,3843200
hardzero_plus_depr__c0p52__z1p00__lam0p030__nu0p50__psi1p25,hardzero_plus_depr,0.1,30,1201,0.0,1,0.51368,0.51368,1.016332,0.0,0.09630923,0.0,0.0,2.861962e-21,-27.383966,2.235975,0.745325,0.16800001,0.0,0.1610076,36.000156,36.030155,3846400
hardzero_plus_depr__c0p52__z1p00__lam0p030__nu0p50__psi1p25,hardzero_plus_depr,0.1,30,1202,0.0,1,0.51368,0.51368,1.1043507,0.0,0.07864105,0.0,0.0,2.7566299e-21,-28.349129,2.42962,0.80987334,0.104,0.0,0.17438047,36.030155,36.060154,3849600
hardzero_plus_depr__c0p52__z1p00__lam0p030__nu0p50__psi1p25,hardzero_plus_depr,0.1,30,1203,0.0,1,0.51368,0.51368,1.0031773,0.0,0.099271074,0.0,0.0,2.6551744e-21,-27.231209,2.207034,0.7356781,0.15200001,0.0,0.14703095,36.060154,36.090153,3852800
hardzero_plus_depr__c0p52__z1p00__lam0p030__nu0p50__psi1p25,hardzero_plus_depr,0.1,30,1204,0.0,1,0.51368,0.51368,1.026725,0.0,0.09403183,0.0,0.0,2.5574532e-21,-26.403381,2.2588403,0.7529468,0.128,0.0,0.14832877,36.090153,36.12015,3856000
hardzero_plus_depr__c0p52__z1p00__lam0p030__nu0p50__psi1p25,hardzero_plus_depr,0.1,30,1205,0.0,1,0.51368,0.51368,1.0630805,0.0,0.086480744,0.0,0.0,2.4633283e-21,-27.631298,2.3388238,0.77960795,0.104,0.0,0.15825322,36.12015,36.15015,3859200
hardzero_plus_depr__c0p52__z1p00__lam0p030__nu0p50__psi1p25,hardzero_plus_depr,0.1,30,1206,0.0,1,0.51368,0.51368,1.0121716,0.0,0.0972363,0.0,0.0,2.3726678e-21,-27.813616,2.2268221,0.74227405,0.120000005,0.0,0.16002461,36.15015,36.18015,3862400
hardzero_plus_depr__c0p52__z1p00__lam0p030__nu0p50__psi1p25,hardzero_plus_depr,0.1,30,1207,0.0,1,0.51368,0.51368,1.0116855,0.0,0.0973452,0.0,0.0,2.285344e-21,-27.113224,2.2257526,0.74191755,0.192,0.0,0.147622,36.18015,36.210148,3865600
hardzero_plus_depr__c0p52__z1p00__lam0p030__nu0p50__psi1p25,hardzero_plus_depr,0.1,30,1208,0.0,1,0.51368,0.51368,1.0327626,0.0,0.09273365,0.0,0.0,2.2012338e-21,-27.479998,2.272123,0.7573744,0.224,0.0,0.16409986,36.210148,36.240147,3868800
hardzero_plus_depr__c0p52__z1p00__lam0p030__nu0p50__psi1p25,hardzero_plus_depr,0.1,30,1209,0.0,1,0.51368,0.51368,1.0411859,0.0,0.0909524,0.0,0.0,2.1202194e-21,-27.139702,2.2906547,0.7635516,0.13,0.0,0.11974068,36.240147,36.270145,3872000
hardzero_plus_depr__c0p52__z1p00__lam0p030__nu0p50__psi1p25,hardzero_plus_depr,0.1,30,1210,0.0,1,0.51368,0.51368,0.9519086,0.111709826,0.111709826,1.0,2.2813231e-22,2.0421866e-21,-26.219059,2.0942407,0.69808024,0.24800001,0.0,0.15821603,36.270145,36.300144,3875200
hardzero_plus_depr__c0p52__z1p00__lam0p030__nu0p50__psi1p25,hardzero_plus_depr,0.1,30,1211,0.0,1,0.51368,0.51368,1.0353065,0.0,0.092192054,0.0,0.0,1.9670256e-21,-26.443571,2.2777197,0.7592399,0.096,0.0,0.15903723,36.300144,36.330143,3878400
hardzero_plus_depr__c0p52__z1p00__lam0p030__nu0p50__psi1p25,hardzero_plus_depr,0.1,30,1212,0.0,1,0.51368,0.51368,1.0428395,0.0,0.090606734,0.0,0.0,1.894631e-21,-27.985804,2.2942927,0.76476425,0.104,0.0,0.15929423,36.330143,36.36014,3881600
hardzero_plus_depr__c0p52__z1p00__lam0p030__nu0p50__psi1p25,hardzero_plus_depr,0.1,30,1213,0.0,1,0.51368,0.51368,1.020208,0.0,0.095453516,0.0,0.0,1.8249008e-21,-26.704681,2.2445025,0.7481675,0.16000001,0.0,0.17433608,36.36014,36.39014,3884800
hardzero_plus_depr__c0p52__z1p00__lam0p030__nu0p50__psi1p25,hardzero_plus_depr,0.1,30,1214,0.0,1,0.51368,0.51368,1.0765485,0.0,0.08384006,0.0,0.0,1.757737e-21,-27.192019,2.368454,0.7894847,0.136,0.0,0.16331065,36.39014,36.42014,3888000
hardzero_plus_depr__c0p52__z1p00__lam0p030__nu0p50__psi1p25,hardzero_plus_depr,0.1,30,1215,0.0,1,0.51368,0.51368,1.051599,0.0,0.08879755,0.0,0.0,1.693045e-21,-28.368633,2.313564,0.771188,0.112,0.0,0.17293417,36.42014,36.450138,3891200
hardzero_plus_depr__c0p52__z1p00__lam0p030__nu0p50__psi1p25,hardzero_plus_depr,0.1,30,1216,0.0,1,0.51368,0.51368,1.0564029,0.0,0.08782073,0.0,0.0,1.6307341e-21,-28.219189,2.324133,0.774711,0.16000001,0.0,0.18572658,36.450138,36.480137,3894400
hardzero_plus_depr__c0p52__z1p00__lam0p030__nu0p50__psi1p25,hardzero_plus_depr,0.1,30,1217,0.0,1,0.51368,0.51368,1.0651891,0.0,0.08606188,0.0,0.0,1.5707163e-21,-27.6176,2.343463,0.78115433,0.16800001,0.0,0.1844042,36.480137,36.510136,3897600
hardzero_plus_depr__c0p52__z1p00__lam0p030__nu0p50__psi1p25,hardzero_plus_depr,0.1,30,1218,0.0,1,0.51368,0.51368,0.99056333,0.10219665,0.10219665,1.0,1.5461406e-22,1.5129074e-21,-26.532774,2.179283,0.7264277,0.136,0.0,0.14173794,36.510136,36.540134,3900800
hardzero_plus_depr__c0p52__z1p00__lam0p030__nu0p50__psi1p25,hardzero_plus_depr,0.1,30,1219,0.0,1,0.51368,0.51368,1.0831355,0.0,0.082578026,0.0,0.0,1.4572262e-21,-28.747839,2.3829455,0.7943152,0.17600001,0.0,0.1750314,36.540134,36.570133,3904000
hardzero_plus_depr__c0p52__z1p00__lam0p030__nu0p50__psi1p25,hardzero_plus_depr,0.1,30,1220,0.0,1,0.51368,0.51368,1.0356688,0.0,0.092115164,0.0,0.0,1.4035943e-21,-27.329563,2.278517,0.7595057,0.072000004,0.0,0.18187635,36.570133,36.600132,3907200
hardzero_plus_depr__c0p52__z1p00__lam0p030__nu0p50__psi1p25,hardzero_plus_depr,0.1,30,1221,0.0,1,0.51368,0.51368,0.98116064,0.104433395,0.104433395,1.0,1.411873e-22,1.3519362e-21,-25.926487,2.1585965,0.7195322,0.17600001,0.0,0.12671952,36.600132,36.63013,3910400
hardzero_plus_depr__c0p52__z1p00__lam0p030__nu0p50__psi1p25,hardzero_plus_depr,0.1,30,1222,0.0,1,0.51368,0.51368,1.0051359,0.0,0.09882438,0.0,0.0,1.3021795e-21,-27.099234,2.211343,0.73711437,0.14,0.0,0.1931114,36.63013,36.66013,3913600
hardzero_plus_depr__c0p52__z1p00__lam0p030__nu0p50__psi1p25,hardzero_plus_depr,0.1,30,1223,0.0,1,0.51368,0.51368,1.1082509,0.0,0.077937976,0.0,0.0,1.254254e-21,-28.97365,2.4382005,0.81273353,0.15200001,0.0,0.16999729,36.66013,36.69013,3916800
hardzero_plus_depr__c0p52__z1p00__lam0p030__nu0p50__psi1p25,hardzero_plus_depr,0.1,30,1224,0.0,1,0.51368,0.51368,1.0071537,0.0,0.09836628,0.0,0.0,1.2080922e-21,-27.270536,2.2157824,0.7385942,0.17600001,0.0,0.14047265,36.69013,36.720127,3920000
hardzero_plus_depr__c0p52__z1p00__lam0p030__nu0p50__psi1p25,hardzero_plus_depr,0.1,30,1225,0.0,1,0.51368,0.51368,1.0338501,0.0,0.092501745,0.0,0.0,1.1636294e-21,-27.635391,2.2745156,0.7581719,0.15200001,0.0,0.158633,36.720127,36.750126,3923200
hardzero_plus_depr__c0p52__z1p00__lam0p030__nu0p50__psi1p25,hardzero_plus_depr,0.1,30,1226,0.0,1,0.51368,0.51368,1.0149419,0.0,0.096618004,0.0,0.0,1.1208031e-21,-26.859509,2.2329168,0.7443056,0.15200001,0.0,0.15684573,36.750126,36.780125,3926400
hardzero_plus_depr__c0p52__z1p00__lam0p030__nu0p50__psi1p25,hardzero_plus_depr,0.1,30,1227,0.0,1,0.51368,0.51368,1.0540067,0.0,0.08830662,0.0,0.0,1.0795529e-21,-28.050858,2.318861,0.7729537,0.16800001,0.0,0.16797766,36.780125,36.810123,3929600
hardzero_plus_depr__c0p52__z1p00__lam0p030__nu0p50__psi1p25,hardzero_plus_depr,0.1,30,1228,0.0,1,0.51368,0.51368,1.0165241,0.0,0.09626667,0.0,0.0,1.039821e-21,-27.78274,2.2363975,0.7454659,0.224,0.008,0.16425705,36.810123,36.840122,3932800
hardzero_plus_depr__c0p52__z1p00__lam0p030__nu0p50__psi1p25,hardzero_plus_depr,0.1,30,1229,0.0,1,0.51368,0.51368,1.0416598,0.0,0.090853184,0.0,0.0,1.0015512e-21,-27.248268,2.2916973,0.7638991,0.136,0.0,0.14669178,36.840122,36.87012,3936000
hardzero_plus_depr__c0p52__z1p00__lam0p030__nu0p50__psi1p25,hardzero_plus_depr,0.1,30,1230,0.0,1,0.51368,0.51368,1.032758,0.0,0.09273465,0.0,0.0,9.646901e-22,-27.749937,2.272113,0.75737107,0.14400001,0.0,0.15135023,36.87012,36.90012,3939200
hardzero_plus_depr__c0p52__z1p00__lam0p030__nu0p50__psi1p25,hardzero_plus_depr,0.1,30,1231,0.0,1,0.51368,0.51368,1.0403231,0.0,0.09113326,0.0,0.0,9.291855e-22,-27.068985,2.2887566,0.7629189,0.16000001,0.0,0.15982603,36.90012,36.93012,3942400
hardzero_plus_depr__c0p52__z1p00__lam0p030__nu0p50__psi1p25,hardzero_plus_depr,0.1,30,1232,0.0,1,0.51368,0.51368,1.0146576,0.0,0.09668129,0.0,0.0,8.949876e-22,-27.316072,2.2322915,0.7440972,0.112,0.0,0.15914728,36.93012,36.960117,3945600
hardzero_plus_depr__c0p52__z1p00__lam0p030__nu0p50__psi1p25,hardzero_plus_depr,0.1,30,1233,0.0,1,0.51368,0.51368,1.0272887,0.0,0.09390989,0.0,0.0,8.620484e-22,-26.983461,2.26008,0.75336003,0.17600001,0.008,0.14983666,36.960117,36.990116,3948800
hardzero_plus_depr__c0p52__z1p00__lam0p030__nu0p50__psi1p25,hardzero_plus_depr,0.1,30,1234,0.0,1,0.51368,0.51368,1.0486429,0.0,0.08940404,0.0,0.0,8.3032147e-22,-27.624825,2.3070605,0.7690202,0.17600001,0.0,0.1716182,36.990116,37.020115,3952000
hardzero_plus_depr__c0p52__z1p00__lam0p030__nu0p50__psi1p25,hardzero_plus_depr,0.1,30,1235,0.0,1,0.51368,0.51368,1.0271049,0.0,0.09394963,0.0,0.0,7.9976223e-22,-27.189344,2.2596757,0.75322527,0.17999999,0.0,0.16932085,37.020115,37.050114,3955200
hardzero_plus_depr__c0p52__z1p00__lam0p030__nu0p50__psi1p25,hardzero_plus_depr,0.1,30,1236,0.0,1,0.51368,0.51368,1.0308684,0.0,0.093139,0.0,0.0,7.7032765e-22,-27.391127,2.2679558,0.75598526,0.15200001,0.0,0.17914101,37.050114,37.080112,3958400
hardzero_plus_depr__c0p52__z1p00__lam0p030__nu0p50__psi1p25,hardzero_plus_depr,0.1,30,1237,0.0,1,0.51368,0.51368,1.015468,0.0,0.09650104,0.0,0.0,7.419764e-22,-27.854439,2.234074,0.7446914,0.17600001,0.0,0.17388621,37.080112,37.11011,3961600
hardzero_plus_depr__c0p52__z1p00__lam0p030__nu0p50__psi1p25,hardzero_plus_depr,0.1,30,1238,0.0,1,0.51368,0.51368,1.0723764,0.0,0.084649354,0.0,0.0,7.146687e-22,-27.689146,2.359275,0.78642505,0.120000005,0.0,0.20102492,37.11011,37.14011,3964800
hardzero_plus_depr__c0p52__z1p00__lam0p030__nu0p50__psi1p25,hardzero_plus_depr,0.1,30,1239,0.0,1,0.51368,0.51368,1.0395418,0.0,0.091297336,0.0,0.0,6.883659e-22,-27.462095,2.2870376,0.7623459,0.15200001,0.0,0.17769425,37.14011,37.17011,3968000
hardzero_plus_depr__c0p52__z1p00__lam0p030__nu0p50__psi1p25,hardzero_plus_depr,0.1,30,1240,0.0,1,0.51368,0.51368,1.0184339,0.0,0.095844254,0.0,0.0,6.6303125e-22,-27.35817,2.2405994,0.74686646,0.112,0.0,0.16888583,37.17011,37.200108,3971200
hardzero_plus_depr__c0p52__z1p00__lam0p030__nu0p50__psi1p25,hardzero_plus_depr,0.1,30,1241,0.0,1,0.51368,0.51368,1.0403082,0.0,0.091136366,0.0,0.0,6.38629e-22,-27.714834,2.2887237,0.7629079,0.192,0.0,0.16553944,37.200108,37.230106,3974400
hardzero_plus_depr__c0p52__z1p00__lam0p030__nu0p50__psi1p25,hardzero_plus_depr,0.1,30,1242,0.0,1,0.51368,0.51368,1.0757964,0.0,0.083985366,0.0,0.0,6.1512486e-22,-28.625216,2.3667994,0.78893316,0.192,0.0,0.18752082,37.230106,37.260105,3977600
hardzero_plus_depr__c0p52__z1p00__lam0p030__nu0p50__psi1p25,hardzero_plus_depr,0.1,30,1243,0.0,1,0.51368,0.51368,1.0617236,0.0,0.08675137,0.0,0.0,5.924857e-22,-28.032026,2.3358386,0.77861285,0.16000001,0.0,0.20049974,37.260105,37.290104,3980800
hardzero_plus_depr__c0p52__z1p00__lam0p030__nu0p50__psi1p25,hardzero_plus_depr,0.1,30,1244,0.0,1,0.51368,0.51368,1.0218757,0.0,0.095087685,0.0,0.0,5.7067975e-22,-27.836866,2.2481716,0.74939054,0.120000005,0.0,0.16541497,37.290104,37.320103,3984000
hardzero_plus_depr__c0p52__z1p00__lam0p030__nu0p50__psi1p25,hardzero_plus_depr,0.1,30,1245,0.0,1,0.51368,0.51368,1.0554739,0.0,0.08800879,0.0,0.0,5.496764e-22,-28.31334,2.322089,0.7740297,0.16000001,0.0,0.16570038,37.320103,37.3501,3987200
hardzero_plus_depr__c0p52__z1p00__lam0p030__nu0p50__psi1p25,hardzero_plus_depr,0.1,30,1246,0.0,1,0.51368,0.51368,1.1396699,0.0,0.07249867,0.0,0.0,5.2944603e-22,-29.060513,2.5073237,0.8357746,0.15200001,0.0,0.18868719,37.3501,37.3801,3990400
hardzero_plus_depr__c0p52__z1p00__lam0p030__nu0p50__psi1p25,hardzero_plus_depr,0.1,30,1247,0.0,1,0.51368,0.51368,0.99254763,0.10173078,0.10173078,1.0,5.1878652e-23,5.0996023e-22,-26.895235,2.1836483,0.7278828,0.136,0.0,0.14277942,37.3801,37.4101,3993600
hardzero_plus_depr__c0p52__z1p00__lam0p030__nu0p50__psi1p25,hardzero_plus_depr,0.1,30,1248,0.0,1,0.51368,0.51368,1.0725362,0.0,0.084618196,0.0,0.0,4.9119165e-22,-29.074553,2.3596268,0.7865423,0.12,0.0,0.16895293,37.4101,37.440098,3996800
hardzero_plus_depr__c0p52__z1p00__lam0p030__nu0p50__psi1p25,hardzero_plus_depr,0.1,30,1249,0.0,1,0.51368,0.51368,1.057141,0.0,0.08767161,0.0,0.0,4.7311374e-22,-27.642984,2.3257565,0.7752522,0.15200001,0.0,0.19475676,37.440098,37.470097,4000000
