mechanism_tag,mechanism,alpha,seed,update,update_u,update_counter,energy_E_pre,energy_E_post,funding_z,funding_g,funding_g_raw,funding_cut_active,funding_income,funding_alpha_eff,episode_return_end_mean,terminal_min_dists_end_mean,terminal_dbar_end,terminal_occupied_end_mean,terminal_CSR_train,vartd_VarTD,depr_F,depr_F_post,env_steps
hardzero_plus_depr__c0p56__z1p00__lam0p010__nu0p50__psi1p00,hardzero_plus_depr,0.04,34,0,1.0,1,1.0,0.44,1.0739973,0.0,0.084334016,0.0,0.0,0.04,-27.958464,2.3628411,0.78761375,0.17999999,0.0,0.15948392,0.0,0.0,3200
hardzero_plus_depr__c0p56__z1p00__lam0p010__nu0p50__psi1p00,hardzero_plus_depr,0.04,34,1,0.0,1,0.44,0.44,1.0724891,0.0,0.08462738,0.0,0.0,0.04,-28.132221,2.3595233,0.7865078,0.136,0.0,0.14916873,0.0,0.01,6400
hardzero_plus_depr__c0p56__z1p00__lam0p010__nu0p50__psi1p00,hardzero_plus_depr,0.04,34,2,0.0,1,0.44,0.44,1.0247953,0.0,0.094450586,0.0,0.0,0.039601993,-26.762012,2.2545946,0.75153154,0.128,0.0,0.13993247,0.01,0.02,9600
hardzero_plus_depr__c0p56__z1p00__lam0p010__nu0p50__psi1p00,hardzero_plus_depr,0.04,34,3,0.0,1,0.44,0.44,1.0218152,0.0,0.09510095,0.0,0.0,0.039207947,-27.811333,2.2480383,0.74934614,0.128,0.0,0.15757243,0.02,0.03,12800
hardzero_plus_depr__c0p56__z1p00__lam0p010__nu0p50__psi1p00,hardzero_plus_depr,0.04,34,4,0.0,1,0.44,0.44,1.0129087,0.0,0.097071394,0.0,0.0,0.038817823,-27.01932,2.2284436,0.74281454,0.216,0.0,0.14274544,0.03,0.04,16000
hardzero_plus_depr__c0p56__z1p00__lam0p010__nu0p50__psi1p00,hardzero_plus_depr,0.04,34,5,0.0,1,0.44,0.44,1.1063346,0.0,0.078282624,0.0,0.0,0.038431577,-28.404078,2.4339848,0.8113283,0.08800001,0.0,0.14422202,0.04,0.049999997,19200
hardzero_plus_depr__c0p56__z1p00__lam0p010__nu0p50__psi1p00,hardzero_plus_depr,0.04,34,6,0.0,1,0.44,0.44,1.0270176,0.0,0.093968526,0.0,0.0,0.038049176,-27.575981,2.2594838,0.7531613,0.120000005,0.0,0.15643002,0.049999997,0.059999995,22400
hardzero_plus_depr__c0p56__z1p00__lam0p010__nu0p50__psi1p00,hardzero_plus_depr,0.04,34,7,0.0,1,0.44,0.44,1.0223575,0.0,0.09498226,0.0,0.0,0.037670583,-27.840498,2.2492313,0.7497438,0.16000001,0.0,0.17608269,0.059999995,0.06999999,25600
hardzero_plus_depr__c0p56__z1p00__lam0p010__nu0p50__psi1p00,hardzero_plus_depr,0.04,34,8,0.0,1,0.44,0.44389734,0.98089254,0.10449787,0.10449787,1.0,0.0038973268,0.03729575,-26.798449,2.1580067,0.71933556,0.2,0.0,0.15097676,0.06999999,0.07999999,28800
hardzero_plus_depr__c0p56__z1p00__lam0p010__nu0p50__psi1p00,hardzero_plus_depr,0.04,34,9,0.0,1,0.44389734,0.44389734,1.0424685,0.0,0.09068417,0.0,0.0,0.036924653,-27.740341,2.2934766,0.7644922,0.16800001,0.0,0.17796504,0.07999999,0.08999999,32000
hardzero_plus_depr__c0p56__z1p00__lam0p010__nu0p50__psi1p00,hardzero_plus_depr,0.04,34,10,0.0,1,0.44389734,0.44389734,1.0235703,0.0,0.094717376,0.0,0.0,0.03655725,-26.642384,2.2518997,0.75063324,0.136,0.0,0.15469615,0.08999999,0.09999999,35200
hardzero_plus_depr__c0p56__z1p00__lam0p010__nu0p50__psi1p00,hardzero_plus_depr,0.04,34,11,0.0,1,0.44389734,0.44778132,0.96935374,0.1073115,0.1073115,1.0,0.0038839786,0.036193497,-26.187553,2.1326208,0.7108736,0.16800001,0.0,0.12549242,0.09999999,0.109999985,38400
hardzero_plus_depr__c0p56__z1p00__lam0p010__nu0p50__psi1p00,hardzero_plus_depr,0.04,34,12,0.0,1,0.44778132,0.44778132,1.0914868,0.0,0.08100525,0.0,0.0,0.035833366,-28.310148,2.401319,0.8004397,0.128,0.0,0.1475675,0.109999985,0.11999998,41600
hardzero_plus_depr__c0p56__z1p00__lam0p010__nu0p50__psi1p00,hardzero_plus_depr,0.04,34,13,0.0,1,0.44778132,0.44778132,1.0612545,0.0,0.08684513,0.0,0.0,0.03547682,-27.350943,2.3348064,0.7782688,0.14999999,0.0,0.12891199,0.11999998,0.12999998,44800
hardzero_plus_depr__c0p56__z1p00__lam0p010__nu0p50__psi1p00,hardzero_plus_depr,0.04,34,14,0.0,1,0.44778132,0.44778132,1.0059901,0.0,0.09863019,0.0,0.0,0.035123818,-25.963255,2.2132225,0.7377409,0.120000005,0.0,0.13114542,0.12999998,0.13999999,48000
hardzero_plus_depr__c0p56__z1p00__lam0p010__nu0p50__psi1p00,hardzero_plus_depr,0.04,34,15,0.0,1,0.44778132,0.44778132,1.0471925,0.0,0.08970311,0.0,0.0,0.03477433,-27.617239,2.3038695,0.7679565,0.17600001,0.0,0.14951156,0.13999999,0.14999999,51200
hardzero_plus_depr__c0p56__z1p00__lam0p010__nu0p50__psi1p00,hardzero_plus_depr,0.04,34,16,0.0,1,0.44778132,0.44778132,1.0489609,0.0,0.089338586,0.0,0.0,0.034428317,-27.37849,2.30776,0.7692534,0.15200001,0.0,0.144051,0.14999999,0.16,54400
hardzero_plus_depr__c0p56__z1p00__lam0p010__nu0p50__psi1p00,hardzero_plus_depr,0.04,34,17,0.0,1,0.44778132,0.44778132,1.0852445,0.0,0.08217797,0.0,0.0,0.03408575,-27.686272,2.3875856,0.7958619,0.15200001,0.0,0.15779619,0.16,0.17,57600
hardzero_plus_depr__c0p56__z1p00__lam0p010__nu0p50__psi1p00,hardzero_plus_depr,0.04,34,18,0.0,1,0.44778132,0.44778132,1.0476716,0.0,0.08960421,0.0,0.0,0.033746593,-27.862703,2.3049235,0.76830786,0.192,0.0,0.1634074,0.17,0.18,60800
hardzero_plus_depr__c0p56__z1p00__lam0p010__nu0p50__psi1p00,hardzero_plus_depr,0.04,34,19,0.0,1,0.44778132,0.44778132,1.0165049,0.0,0.09627091,0.0,0.0,0.03341081,-27.498524,2.2363553,0.7454518,0.112,0.0,0.14142181,0.18,0.19000001,64000
hardzero_plus_depr__c0p56__z1p00__lam0p010__nu0p50__psi1p00,hardzero_plus_depr,0.04,34,20,0.0,1,0.44778132,0.44778132,1.0236943,0.0,0.094690345,0.0,0.0,0.033078365,-26.530403,2.2521725,0.7507242,0.18400002,0.0,0.1292692,0.19000001,0.20000002,67200
hardzero_plus_depr__c0p56__z1p00__lam0p010__nu0p50__psi1p00,hardzero_plus_depr,0.04,34,21,0.0,1,0.44778132,0.44778132,1.0678238,0.0,0.08554138,0.0,0.0,0.032749232,-29.008583,2.3492591,0.7830864,0.17600001,0.0,0.18192236,0.20000002,0.21000002,70400
hardzero_plus_depr__c0p56__z1p00__lam0p010__nu0p50__psi1p00,hardzero_plus_depr,0.04,34,22,0.0,1,0.44778132,0.44778132,1.0657789,0.0,0.0859451,0.0,0.0,0.03242337,-28.070585,2.3447602,0.78158677,0.16000001,0.0,0.17606921,0.21000002,0.22000003,73600
hardzero_plus_depr__c0p56__z1p00__lam0p010__nu0p50__psi1p00,hardzero_plus_depr,0.04,34,23,0.0,1,0.44778132,0.44778132,1.0582811,0.0,0.08744177,0.0,0.0,0.032100752,-28.201874,2.328265,0.77608836,0.16000001,0.0,0.19864674,0.22000003,0.23000003,76800
hardzero_plus_depr__c0p56__z1p00__lam0p010__nu0p50__psi1p00,hardzero_plus_depr,0.04,34,24,0.0,1,0.44778132,0.44778132,1.0701562,0.0,0.08508319,0.0,0.0,0.031781342,-27.805704,2.3543906,0.7847969,0.104,0.0,0.15215553,0.23000003,0.24000004,80000
hardzero_plus_depr__c0p56__z1p00__lam0p010__nu0p50__psi1p00,hardzero_plus_depr,0.04,34,25,0.0,1,0.44778132,0.44778132,1.006638,0.0,0.09848314,0.0,0.0,0.031465113,-27.404003,2.214648,0.73821604,0.14400001,0.0,0.1281038,0.24000004,0.25000003,83200
hardzero_plus_depr__c0p56__z1p00__lam0p010__nu0p50__psi1p00,hardzero_plus_depr,0.04,34,26,0.0,1,0.44778132,0.44778132,1.0577745,0.0,0.0875438,0.0,0.0,0.03115203,-27.682913,2.3271506,0.7757169,0.16,0.0,0.15047352,0.25000003,0.26000002,86400
hardzero_plus_depr__c0p56__z1p00__lam0p010__nu0p50__psi1p00,hardzero_plus_depr,0.04,34,27,0.0,1,0.44778132,0.45092544,0.99164456,0.10194254,0.10194254,1.0,0.0031441182,0.030842062,-28.060312,2.1816616,0.72722054,0.15200001,0.0,0.1508901,0.26000002,0.27,89600
hardzero_plus_depr__c0p56__z1p00__lam0p010__nu0p50__psi1p00,hardzero_plus_depr,0.04,34,28,0.0,1,0.45092544,0.45092544,1.0378326,0.0,0.09165736,0.0,0.0,0.03053518,-27.650118,2.2832773,0.7610924,0.128,0.0,0.13731693,0.27,0.28,92800
hardzero_plus_depr__c0p56__z1p00__lam0p010__nu0p50__psi1p00,hardzero_plus_depr,0.04,34,29,0.0,1,0.45092544,0.45092544,1.0428727,0.0,0.09059982,0.0,0.0,0.03023135,-27.068386,2.2943656,0.76478857,0.096,0.0,0.17879982,0.28,0.29,96000
hardzero_plus_depr__c0p56__z1p00__lam0p010__nu0p50__psi1p00,hardzero_plus_depr,0.04,34,30,0.0,1,0.45092544,0.45092544,1.0309938,0.0,0.09311212,0.0,0.0,0.029930543,-27.19631,2.2682316,0.75607723,0.15200001,0.0,0.16938676,0.29,0.29999998,99200
hardzero_plus_depr__c0p56__z1p00__lam0p010__nu0p50__psi1p00,hardzero_plus_depr,0.04,34,31,0.0,1,0.45092544,0.45092544,1.033921,0.0,0.09248664,0.0,0.0,0.029632727,-27.089926,2.2746716,0.7582239,0.136,0.0,0.15117773,0.29999998,0.30999997,102400
hardzero_plus_depr__c0p56__z1p00__lam0p010__nu0p50__psi1p00,hardzero_plus_depr,0.04,34,32,0.0,1,0.45092544,0.45092544,1.1131915,0.0,0.07705636,0.0,0.0,0.02933788,-28.870161,2.4490702,0.8163568,0.112,0.0,0.16183263,0.30999997,0.31999996,105600
hardzero_plus_depr__c0p56__z1p00__lam0p010__nu0p50__psi1p00,hardzero_plus_depr,0.04,34,33,0.0,1,0.45092544,0.45092544,1.0176055,0.0,0.09602724,0.0,0.0,0.029045962,-26.763002,2.238777,0.746259,0.128,0.0,0.15397178,0.31999996,0.32999995,108800
hardzero_plus_depr__c0p56__z1p00__lam0p010__nu0p50__psi1p00,hardzero_plus_depr,0.04,34,34,0.0,1,0.45092544,0.45092544,1.0108988,0.0,0.09752168,0.0,0.0,0.028756952,-26.810982,2.224022,0.74134064,0.24800001,0.0,0.16592914,0.32999995,0.33999994,112000
hardzero_plus_depr__c0p56__z1p00__lam0p010__nu0p50__psi1p00,hardzero_plus_depr,0.04,34,35,0.0,1,0.45092544,0.45092544,1.0298212,0.0,0.093363866,0.0,0.0,0.028470814,-27.569563,2.2656517,0.75521725,0.112,0.0,0.14904018,0.33999994,0.34999993,115200
hardzero_plus_depr__c0p56__z1p00__lam0p010__nu0p50__psi1p00,hardzero_plus_depr,0.04,34,36,0.0,1,0.45092544,0.45092544,1.0644271,0.0,0.08621301,0.0,0.0,0.028187525,-27.492233,2.3417864,0.7805955,0.136,0.0,0.19541006,0.34999993,0.35999992,118400
hardzero_plus_depr__c0p56__z1p00__lam0p010__nu0p50__psi1p00,hardzero_plus_depr,0.04,34,37,0.0,1,0.45092544,0.45092544,1.0739914,0.0,0.08433515,0.0,0.0,0.027907053,-28.164474,2.3628283,0.78760946,0.128,0.0,0.19273366,0.35999992,0.36999992,121600
hardzero_plus_depr__c0p56__z1p00__lam0p010__nu0p50__psi1p00,hardzero_plus_depr,0.04,34,38,0.0,1,0.45092544,0.45375523,0.98961467,0.10242013,0.10242013,1.0,0.0028298043,0.027629377,-26.82825,2.1771958,0.72573197,0.112,0.0,0.15296903,0.36999992,0.3799999,124800
hardzero_plus_depr__c0p56__z1p00__lam0p010__nu0p50__psi1p00,hardzero_plus_depr,0.04,34,39,0.0,1,0.45375523,0.45375523,1.0378307,0.0,0.09165777,0.0,0.0,0.027354458,-26.69975,2.2832732,0.7610911,0.17,0.0,0.1341214,0.3799999,0.3899999,128000
hardzero_plus_depr__c0p56__z1p00__lam0p010__nu0p50__psi1p00,hardzero_plus_depr,0.04,34,40,0.0,1,0.45375523,0.45375523,1.0188084,0.0,0.09576166,0.0,0.0,0.027082277,-27.501106,2.2414231,0.74714106,0.224,0.0,0.15242472,0.3899999,0.3999999,131200
hardzero_plus_depr__c0p56__z1p00__lam0p010__nu0p50__psi1p00,hardzero_plus_depr,0.04,34,41,0.0,1,0.45375523,0.45650283,0.9893888,0.1024734,0.1024734,1.0,0.0027475993,0.026812805,-25.953022,2.176699,0.7255663,0.17600001,0.0,0.11540932,0.3999999,0.40999988,134400
hardzero_plus_depr__c0p56__z1p00__lam0p010__nu0p50__psi1p00,hardzero_plus_depr,0.04,34,42,0.0,1,0.45650283,0.4595015,0.94706875,0.11296169,0.11296169,1.0,0.0029986824,0.026546013,-25.44798,2.083593,0.69453096,0.17600001,0.0,0.14044811,0.40999988,0.41999987,137600
hardzero_plus_depr__c0p56__z1p00__lam0p010__nu0p50__psi1p00,hardzero_plus_depr,0.04,34,43,0.0,1,0.4595015,0.4595015,1.0252197,0.0,0.09435835,0.0,0.0,0.026281876,-27.911892,2.2555285,0.75184286,0.16000001,0.0,0.18429565,0.41999987,0.42999986,140800
hardzero_plus_depr__c0p56__z1p00__lam0p010__nu0p50__psi1p00,hardzero_plus_depr,0.04,34,44,0.0,1,0.4595015,0.4595015,1.0778009,0.0,0.083598614,0.0,0.0,0.026020367,-28.421219,2.3712091,0.79040307,0.096,0.0,0.18157563,0.42999986,0.43999985,144000
hardzero_plus_depr__c0p56__z1p00__lam0p010__nu0p50__psi1p00,hardzero_plus_depr,0.04,34,45,0.0,1,0.4595015,0.46209186,0.99761206,0.10055136,0.10055136,1.0,0.0025903499,0.02576146,-27.131952,2.1947904,0.7315968,0.16000001,0.0,0.15834044,0.43999985,0.44999984,147200
hardzero_plus_depr__c0p56__z1p00__lam0p010__nu0p50__psi1p00,hardzero_plus_depr,0.04,34,46,0.0,1,0.46209186,0.46209186,1.0074744,0.0,0.09829368,0.0,0.0,0.02550513,-26.54129,2.216488,0.7388293,0.17600001,0.0,0.13592924,0.44999984,0.45999983,150400
hardzero_plus_depr__c0p56__z1p00__lam0p010__nu0p50__psi1p00,hardzero_plus_depr,0.04,34,47,0.0,1,0.46209186,0.46209186,1.0387264,0.0,0.091468915,0.0,0.0,0.02525135,-27.875275,2.2852437,0.76174796,0.17600001,0.0,0.14286624,0.45999983,0.46999982,153600
hardzero_plus_depr__c0p56__z1p00__lam0p010__nu0p50__psi1p00,hardzero_plus_depr,0.04,34,48,0.0,1,0.46209186,0.46209186,1.0219232,0.0,0.095077306,0.0,0.0,0.025000095,-27.28527,2.248276,0.74942535,0.128,0.0,0.16270429,0.46999982,0.4799998,156800
hardzero_plus_depr__c0p56__z1p00__lam0p010__nu0p50__psi1p00,hardzero_plus_depr,0.04,34,49,0.0,1,0.46209186,0.46209186,1.0007682,0.0,0.09982327,0.0,0.0,0.02475134,-26.813105,2.201734,0.7339114,0.120000005,0.0,0.13441499,0.4799998,0.4899998,160000
hardzero_plus_depr__c0p56__z1p00__lam0p010__nu0p50__psi1p00,hardzero_plus_depr,0.04,34,50,0.0,1,0.46209186,0.46209186,1.0371213,0.0,0.09180761,0.0,0.0,0.024505062,-27.544573,2.2817125,0.7605709,0.112,0.0,0.1408427,0.4899998,0.4999998,163200
hardzero_plus_depr__c0p56__z1p00__lam0p010__nu0p50__psi1p00,hardzero_plus_depr,0.04,34,51,0.0,1,0.46209186,0.46454972,0.99435794,0.10130762,0.10130762,1.0,0.0024578476,0.02426123,-26.677908,2.1876311,0.7292104,0.18400002,0.0,0.119321726,0.4999998,0.5099998,166400
hardzero_plus_depr__c0p56__z1p00__lam0p010__nu0p50__psi1p00,hardzero_plus_depr,0.04,34,52,0.0,1,0.46454972,0.46454972,1.0617077,0.0,0.08675455,0.0,0.0,0.024019828,-27.059998,2.3358037,0.7786013,0.13,0.0,0.13277945,0.5099998,0.5199998,169600
hardzero_plus_depr__c0p56__z1p00__lam0p010__nu0p50__psi1p00,hardzero_plus_depr,0.04,34,53,0.0,1,0.46454972,0.46454972,1.013697,0.0,0.09689536,0.0,0.0,0.023780826,-26.70404,2.230178,0.7433927,0.15200001,0.0,0.15752704,0.5199998,0.5299998,172800
hardzero_plus_depr__c0p56__z1p00__lam0p010__nu0p50__psi1p00,hardzero_plus_depr,0.04,34,54,0.0,1,0.46454972,0.46454972,1.0178156,0.0,0.095980816,0.0,0.0,0.023544203,-26.498087,2.239239,0.746413,0.120000005,0.0,0.14447032,0.5299998,0.5399998,176000
hardzero_plus_depr__c0p56__z1p00__lam0p010__nu0p50__psi1p00,hardzero_plus_depr,0.04,34,55,0.0,1,0.46454972,0.46454972,1.0082537,0.0,0.098117456,0.0,0.0,0.023309933,-26.427109,2.2182024,0.7394008,0.14400001,0.0,0.15673816,0.5399998,0.5499998,179200
hardzero_plus_depr__c0p56__z1p00__lam0p010__nu0p50__psi1p00,hardzero_plus_depr,0.04,34,56,0.0,1,0.46454972,0.46454972,1.0026673,0.0,0.09938771,0.0,0.0,0.023077998,-27.09196,2.205912,0.73530406,0.16000001,0.0,0.16631259,0.5499998,0.55999976,182400
hardzero_plus_depr__c0p56__z1p00__lam0p010__nu0p50__psi1p00,hardzero_plus_depr,0.04,34,57,0.0,1,0.46454972,0.46454972,1.1263403,0.0,0.07475834,0.0,0.0,0.022848368,-28.764093,2.477998,0.8259994,0.136,0.0,0.18238737,0.55999976,0.56999975,185600
hardzero_plus_depr__c0p56__z1p00__lam0p010__nu0p50__psi1p00,hardzero_plus_depr,0.04,34,58,0.0,1,0.46454972,0.46454972,1.0374877,0.0,0.09173018,0.0,0.0,0.022621023,-27.424519,2.2825186,0.7608396,0.136,0.0,0.14686717,0.56999975,0.57999974,188800
hardzero_plus_depr__c0p56__z1p00__lam0p010__nu0p50__psi1p00,hardzero_plus_depr,0.04,34,59,0.0,1,0.46454972,0.46454972,1.0174271,0.0,0.09606671,0.0,0.0,0.022395939,-27.22196,2.2383842,0.7461281,0.17600001,0.0,0.1465677,0.57999974,0.58999974,192000
hardzero_plus_depr__c0p56__z1p00__lam0p010__nu0p50__psi1p00,hardzero_plus_depr,0.04,34,60,0.0,1,0.46454972,0.46454972,1.0610131,0.0,0.08689341,0.0,0.0,0.022173097,-28.11826,2.3342755,0.77809185,0.120000005,0.0,0.15027834,0.58999974,0.5999997,195200
hardzero_plus_depr__c0p56__z1p00__lam0p010__nu0p50__psi1p00,hardzero_plus_depr,0.04,34,61,0.0,1,0.46454972,0.46454972,1.058652,0.0,0.08736711,0.0,0.0,0.02195247,-28.926134,2.329081,0.7763604,0.16000001,0.0,0.18216357,0.5999997,0.6099997,198400
hardzero_plus_depr__c0p56__z1p00__lam0p010__nu0p50__psi1p00,hardzero_plus_depr,0.04,34,62,0.0,1,0.46454972,0.46454972,1.0458548,0.0,0.089979835,0.0,0.0,0.021734042,-28.465345,2.3009264,0.7669755,0.16800001,0.0,0.17202091,0.6099997,0.6199997,201600
hardzero_plus_depr__c0p56__z1p00__lam0p010__nu0p50__psi1p00,hardzero_plus_depr,0.04,34,63,0.0,1,0.46454972,0.46454972,1.0162452,0.0,0.0963285,0.0,0.0,0.021517783,-26.87927,2.2357843,0.74526143,0.08800001,0.0,0.15270041,0.6199997,0.6299997,204800
hardzero_plus_depr__c0p56__z1p00__lam0p010__nu0p50__psi1p00,hardzero_plus_depr,0.04,34,64,0.0,1,0.46454972,0.46454972,1.0244453,0.0,0.094526745,0.0,0.0,0.02130368,-28.12174,2.2538247,0.75127494,0.120000005,0.0,0.18841282,0.6299997,0.6399997,208000
hardzero_plus_depr__c0p56__z1p00__lam0p010__nu0p50__psi1p00,hardzero_plus_depr,0.04,34,65,0.0,1,0.46454972,0.46454972,1.0557044,0.0,0.08796211,0.0,0.0,0.021091703,-27.341843,2.322596,0.7741987,0.14,0.0,0.15100606,0.6399997,0.6499997,211200
hardzero_plus_depr__c0p56__z1p00__lam0p010__nu0p50__psi1p00,hardzero_plus_depr,0.04,34,66,0.0,1,0.46454972,0.46666452,0.9945012,0.10127419,0.10127419,1.0,0.002114791,0.020881835,-26.8845,2.1879463,0.72931546,0.16800001,0.0,0.18358712,0.6499997,0.65999967,214400
hardzero_plus_depr__c0p56__z1p00__lam0p010__nu0p50__psi1p00,hardzero_plus_depr,0.04,34,67,0.0,1,0.46666452,0.46666452,1.0625787,0.0,0.08658074,0.0,0.0,0.02067406,-27.642878,2.3377197,0.7792399,0.096,0.0,0.18256915,0.65999967,0.66999966,217600
hardzero_plus_depr__c0p56__z1p00__lam0p010__nu0p50__psi1p00,hardzero_plus_depr,0.04,34,68,0.0,1,0.46666452,0.46666452,1.0491642,0.0,0.08929678,0.0,0.0,0.02046835,-28.283812,2.3082073,0.76940244,0.16800001,0.0,0.15836672,0.66999966,0.67999965,220800
hardzero_plus_depr__c0p56__z1p00__lam0p010__nu0p50__psi1p00,hardzero_plus_depr,0.04,34,69,0.0,1,0.46666452,0.46666452,1.0025387,0.0,0.09941715,0.0,0.0,0.020264687,-27.450941,2.205629,0.7352097,0.14400001,0.0,0.13518527,0.67999965,0.68999964,224000
hardzero_plus_depr__c0p56__z1p00__lam0p010__nu0p50__psi1p00,hardzero_plus_depr,0.04,34,70,0.0,1,0.46666452,0.46666452,1.0487884,0.0,0.08937407,0.0,0.0,0.02006305,-27.880302,2.3073807,0.7691269,0.112,0.0,0.17397541,0.68999964,0.69999963,227200
hardzero_plus_depr__c0p56__z1p00__lam0p010__nu0p50__psi1p00,hardzero_plus_depr,0.04,34,71,0.0,1,0.46666452,0.46666452,1.0397959,0.0,0.09124397,0.0,0.0,0.01986342,-27.424725,2.2875967,0.76253223,0.120000005,0.0,0.13881876,0.69999963,0.7099996,230400
hardzero_plus_depr__c0p56__z1p00__lam0p010__nu0p50__psi1p00,hardzero_plus_depr,0.04,34,72,0.0,1,0.46666452,0.46666452,1.0238917,0.0,0.09464731,0.0,0.0,0.019665774,-26.978756,2.2526066,0.7508689,0.17600001,0.0,0.1604707,0.7099996,0.7199996,233600
hardzero_plus_depr__c0p56__z1p00__lam0p010__nu0p50__psi1p00,hardzero_plus_depr,0.04,34,73,0.0,1,0.46666452,0.46666452,1.042494,0.0,0.090678826,0.0,0.0,0.019470096,-26.991653,2.2935328,0.764511,0.192,0.0,0.14979838,0.7199996,0.7299996,236800
hardzero_plus_depr__c0p56__z1p00__lam0p010__nu0p50__psi1p00,hardzero_plus_depr,0.04,34,74,0.0,1,0.46666452,0.468616,0.9946621,0.10123668,0.10123668,1.0,0.0019514754,0.019276368,-27.032925,2.1883004,0.7294335,0.2,0.0,0.13477023,0.7299996,0.7399996,240000
hardzero_plus_depr__c0p56__z1p00__lam0p010__nu0p50__psi1p00,hardzero_plus_depr,0.04,34,75,0.0,1,0.468616,0.468616,1.037547,0.0,0.09171767,0.0,0.0,0.019084563,-26.726809,2.282649,0.76088303,0.15200001,0.0,0.11950211,0.7399996,0.7499996,243200
hardzero_plus_depr__c0p56__z1p00__lam0p010__nu0p50__psi1p00,hardzero_plus_depr,0.04,34,76,0.0,1,0.468616,0.468616,1.0070121,0.0,0.098398365,0.0,0.0,0.01889467,-26.857927,2.2154708,0.7384903,0.15200001,0.0,0.14112343,0.7499996,0.7599996,246400
hardzero_plus_depr__c0p56__z1p00__lam0p010__nu0p50__psi1p00,hardzero_plus_depr,0.04,34,77,0.0,1,0.468616,0.468616,1.0034813,0.0,0.09920161,0.0,0.0,0.018706666,-27.257076,2.2077029,0.735901,0.18400002,0.0,0.14390953,0.7599996,0.76999956,249600
hardzero_plus_depr__c0p56__z1p00__lam0p010__nu0p50__psi1p00,hardzero_plus_depr,0.04,34,78,0.0,1,0.468616,0.468616,1.02133,0.0,0.09520723,0.0,0.0,0.01852053,-27.2657,2.246971,0.7489903,0.14999999,0.0,0.13867065,0.76999956,0.77999955,252800
hardzero_plus_depr__c0p56__z1p00__lam0p010__nu0p50__psi1p00,hardzero_plus_depr,0.04,34,79,0.0,1,0.468616,0.468616,1.081778,0.0,0.08283654,0.0,0.0,0.018336248,-27.608635,2.379959,0.7933197,0.192,0.0,0.16168022,0.77999955,0.78999954,256000
hardzero_plus_depr__c0p56__z1p00__lam0p010__nu0p50__psi1p00,hardzero_plus_depr,0.04,34,80,0.0,1,0.468616,0.47049686,0.9846154,0.10360594,0.10360594,1.0,0.0018808414,0.0181538,-26.384005,2.166197,0.7220657,0.136,0.0,0.13212585,0.78999954,0.79999954,259200
hardzero_plus_depr__c0p56__z1p00__lam0p010__nu0p50__psi1p00,hardzero_plus_depr,0.04,34,81,0.0,1,0.47049686,0.47049686,1.0480354,0.0,0.089529194,0.0,0.0,0.017973166,-27.354376,2.305724,0.76857466,0.15200001,0.0,0.136629,0.79999954,0.8099995,262400
hardzero_plus_depr__c0p56__z1p00__lam0p010__nu0p50__psi1p00,hardzero_plus_depr,0.04,34,82,0.0,1,0.47049686,0.47049686,1.1019872,0.0,0.07907019,0.0,0.0,0.017794332,-28.348803,2.4244204,0.80814016,0.096,0.0,0.1853126,0.8099995,0.8199995,265600
hardzero_plus_depr__c0p56__z1p00__lam0p010__nu0p50__psi1p00,hardzero_plus_depr,0.04,34,83,0.0,1,0.47049686,0.47049686,1.0533415,0.0,0.088441975,0.0,0.0,0.017617274,-27.214533,2.3173976,0.7724659,0.2,0.0,0.15304969,0.8199995,0.8299995,268800
hardzero_plus_depr__c0p56__z1p00__lam0p010__nu0p50__psi1p00,hardzero_plus_depr,0.04,34,84,0.0,1,0.47049686,0.4725754,0.9238377,0.11916873,0.11916873,1.0,0.0020785388,0.01744198,-24.650259,2.0324836,0.6774945,0.14400001,0.0,0.1321323,0.8299995,0.8399995,272000
hardzero_plus_depr__c0p56__z1p00__lam0p010__nu0p50__psi1p00,hardzero_plus_depr,0.04,34,85,0.0,1,0.4725754,0.4725754,1.0154915,0.0,0.096495815,0.0,0.0,0.01726843,-27.442368,2.2341259,0.74470866,0.128,0.0,0.15147246,0.8399995,0.8499995,275200
hardzero_plus_depr__c0p56__z1p00__lam0p010__nu0p50__psi1p00,hardzero_plus_depr,0.04,34,86,0.0,1,0.4725754,0.4725754,1.031395,0.0,0.093026154,0.0,0.0,0.017096605,-28.526127,2.2691143,0.75637144,0.16800001,0.0,0.18895628,0.8499995,0.8599995,278400
hardzero_plus_depr__c0p56__z1p00__lam0p010__nu0p50__psi1p00,hardzero_plus_depr,0.04,34,87,0.0,1,0.4725754,0.4743998,0.9674478,0.10778348,0.10778348,1.0,0.0018243962,0.016926492,-25.942244,2.1284277,0.70947593,0.2,0.0,0.15322104,0.8599995,0.86999947,281600
hardzero_plus_depr__c0p56__z1p00__lam0p010__nu0p50__psi1p00,hardzero_plus_depr,0.04,34,88,0.0,1,0.4743998,0.4743998,1.078521,0.0,0.08346011,0.0,0.0,0.016758071,-28.767628,2.3727937,0.7909312,0.104,0.0,0.16237712,0.86999947,0.87999946,284800
hardzero_plus_depr__c0p56__z1p00__lam0p010__nu0p50__psi1p00,hardzero_plus_depr,0.04,34,89,0.0,1,0.4743998,0.4743998,1.0265511,0.0,0.0940695,0.0,0.0,0.016591325,-27.261581,2.2584577,0.75281924,0.18400002,0.0,0.15265414,0.87999946,0.88999945,288000
hardzero_plus_depr__c0p56__z1p00__lam0p010__nu0p50__psi1p00,hardzero_plus_depr,0.04,34,90,0.0,1,0.4743998,0.4743998,1.0214547,0.0,0.09517991,0.0,0.0,0.01642624,-27.231274,2.2472453,0.7490818,0.136,0.0,0.13874789,0.88999945,0.89999944,291200
hardzero_plus_depr__c0p56__z1p00__lam0p010__nu0p50__psi1p00,hardzero_plus_depr,0.04,34,91,0.0,1,0.4743998,0.4743998,1.0030656,0.0,0.0992966,0.0,0.0,0.016262796,-26.783922,2.2067883,0.7355961,0.16,0.0,0.12816635,0.89999944,0.90999943,294400
hardzero_plus_depr__c0p56__z1p00__lam0p010__nu0p50__psi1p00,hardzero_plus_depr,0.04,34,92,0.0,1,0.4743998,0.4743998,1.017576,0.0,0.09603378,0.0,0.0,0.016100978,-26.85756,2.2387118,0.7462373,0.104,0.0,0.13858083,0.90999943,0.9199994,297600
hardzero_plus_depr__c0p56__z1p00__lam0p010__nu0p50__psi1p00,hardzero_plus_depr,0.04,34,93,0.0,1,0.4743998,0.4743998,1.0235337,0.0,0.09472537,0.0,0.0,0.01594077,-27.34722,2.2518191,0.7506064,0.128,0.0,0.13281439,0.9199994,0.9299994,300800
hardzero_plus_depr__c0p56__z1p00__lam0p010__nu0p50__psi1p00,hardzero_plus_depr,0.04,34,94,0.0,1,0.4743998,0.4743998,1.0226022,0.0,0.09492876,0.0,0.0,0.015782159,-27.076136,2.2497697,0.7499232,0.17600001,0.0,0.13642892,0.9299994,0.9399994,304000
hardzero_plus_depr__c0p56__z1p00__lam0p010__nu0p50__psi1p00,hardzero_plus_depr,0.04,34,95,0.0,1,0.4743998,0.47598752,0.99304795,0.10161365,0.10161365,1.0,0.0015877257,0.015625123,-26.304644,2.1847491,0.7282497,0.14400001,0.0,0.15043546,0.9399994,0.9499994,307200
hardzero_plus_depr__c0p56__z1p00__lam0p010__nu0p50__psi1p00,hardzero_plus_depr,0.04,34,96,0.0,1,0.47598752,0.47598752,1.0504622,0.0,0.08903029,0.0,0.0,0.01546965,-27.833805,2.311063,0.7703544,0.14400001,0.0,0.15406361,0.9499994,0.9599994,310400
hardzero_plus_depr__c0p56__z1p00__lam0p010__nu0p50__psi1p00,hardzero_plus_depr,0.04,34,97,0.0,1,0.47598752,0.47598752,1.0474808,0.0,0.08964357,0.0,0.0,0.015315725,-27.34432,2.304504,0.768168,0.112,0.0,0.16902581,0.9599994,0.9699994,313600
hardzero_plus_depr__c0p56__z1p00__lam0p010__nu0p50__psi1p00,hardzero_plus_depr,0.04,34,98,0.0,1,0.47598752,0.47598752,1.0015018,0.0,0.099654794,0.0,0.0,0.01516333,-26.111301,2.203348,0.7344493,0.192,0.0,0.14902063,0.9699994,0.97999936,316800
hardzero_plus_depr__c0p56__z1p00__lam0p010__nu0p50__psi1p00,hardzero_plus_depr,0.04,34,99,0.0,1,0.47598752,0.47598752,1.0032568,0.0,0.0992529,0.0,0.0,0.015012453,-26.135616,2.207209,0.73573637,0.192,0.0,0.13422516,0.97999936,0.98999935,320000
hardzero_plus_depr__c0p56__z1p00__lam0p010__nu0p50__psi1p00,hardzero_plus_depr,0.04,34,100,0.0,1,0.47598752,0.47598752,1.0081018,0.0,0.09815178,0.0,0.0,0.0148630785,-26.258795,2.2178683,0.73928946,0.17600001,0.0,0.13142222,0.98999935,0.99999934,323200
hardzero_plus_depr__c0p56__z1p00__lam0p010__nu0p50__psi1p00,hardzero_plus_depr,0.04,34,101,0.0,1,0.47598752,0.47598752,1.0720961,0.0,0.08470398,0.0,0.0,0.014715188,-27.87195,2.3586586,0.78621954,0.128,0.0,0.14555484,0.99999934,1.0099994,326400
hardzero_plus_depr__c0p56__z1p00__lam0p010__nu0p50__psi1p00,hardzero_plus_depr,0.04,34,102,0.0,1,0.47598752,0.47598752,1.0201057,0.0,0.09547601,0.0,0.0,0.014568768,-27.991854,2.2442775,0.74809253,0.15200001,0.0,0.15101942,1.0099994,1.0199994,329600
hardzero_plus_depr__c0p56__z1p00__lam0p010__nu0p50__psi1p00,hardzero_plus_depr,0.04,34,103,0.0,1,0.47598752,0.47747344,0.98708826,0.103017665,0.103017665,1.0,0.0014859069,0.014423806,-26.647844,2.1716375,0.7238792,0.16000001,0.0,0.15829621,1.0199994,1.0299994,332800
hardzero_plus_depr__c0p56__z1p00__lam0p010__nu0p50__psi1p00,hardzero_plus_depr,0.04,34,104,0.0,1,0.47747344,0.47747344,1.0777396,0.0,0.083610415,0.0,0.0,0.014280288,-27.567583,2.3710744,0.7903582,0.13,0.0,0.14559433,1.0299994,1.0399994,336000
hardzero_plus_depr__c0p56__z1p00__lam0p010__nu0p50__psi1p00,hardzero_plus_depr,0.04,34,105,0.0,1,0.47747344,0.47904104,0.9551563,0.110877566,0.110877566,1.0,0.0015676087,0.014138196,-26.024458,2.1013858,0.700462,0.216,0.0,0.12315559,1.0399994,1.0499994,339200
hardzero_plus_depr__c0p56__z1p00__lam0p010__nu0p50__psi1p00,hardzero_plus_depr,0.04,34,106,0.0,1,0.47904104,0.47904104,1.0048038,0.0,0.098899975,0.0,0.0,0.013997518,-26.57298,2.2106125,0.7368709,0.216,0.0,0.16996485,1.0499994,1.0599993,342400
hardzero_plus_depr__c0p56__z1p00__lam0p010__nu0p50__psi1p00,hardzero_plus_depr,0.04,34,107,0.0,1,0.47904104,0.47904104,1.0587729,0.0,0.087342784,0.0,0.0,0.01385824,-28.035118,2.329347,0.77644897,0.2,0.0,0.18199629,1.0599993,1.0699993,345600
hardzero_plus_depr__c0p56__z1p00__lam0p010__nu0p50__psi1p00,hardzero_plus_depr,0.04,34,108,0.0,1,0.47904104,0.47904104,1.0480428,0.0,0.08952765,0.0,0.0,0.0137203485,-28.29206,2.30574,0.7685801,0.14400001,0.0,0.1664924,1.0699993,1.0799993,348800
hardzero_plus_depr__c0p56__z1p00__lam0p010__nu0p50__psi1p00,hardzero_plus_depr,0.04,34,109,0.0,1,0.47904104,0.47904104,1.0618173,0.0,0.08673267,0.0,0.0,0.013583829,-27.633879,2.3360445,0.7786815,0.080000006,0.0,0.14258067,1.0799993,1.0899993,352000
hardzero_plus_depr__c0p56__z1p00__lam0p010__nu0p50__psi1p00,hardzero_plus_depr,0.04,34,110,0.0,1,0.47904104,0.4804814,0.9702118,0.10709969,0.10709969,1.0,0.0014403482,0.013448669,-26.264301,2.1345086,0.7115029,0.17600001,0.0,0.1463366,1.0899993,1.0999993,355200
hardzero_plus_depr__c0p56__z1p00__lam0p010__nu0p50__psi1p00,hardzero_plus_depr,0.04,34,111,0.0,1,0.4804814,0.48185238,0.9872987,0.10296777,0.10296777,1.0,0.0013710005,0.013314852,-25.7996,2.1721005,0.72403353,0.08800001,0.0,0.13651437,1.0999993,1.1099993,358400
hardzero_plus_depr__c0p56__z1p00__lam0p010__nu0p50__psi1p00,hardzero_plus_depr,0.04,34,112,0.0,1,0.48185238,0.48185238,1.0119951,0.0,0.09727584,0.0,0.0,0.013182368,-27.146353,2.2264338,0.7421446,0.120000005,0.0,0.16013479,1.1099993,1.1199993,361600
hardzero_plus_depr__c0p56__z1p00__lam0p010__nu0p50__psi1p00,hardzero_plus_depr,0.04,34,113,0.0,1,0.48185238,0.48185238,1.0738893,0.0,0.084355,0.0,0.0,0.013051201,-27.381474,2.3626037,0.7875346,0.120000005,0.0,0.16583125,1.1199993,1.1299993,364800
hardzero_plus_depr__c0p56__z1p00__lam0p010__nu0p50__psi1p00,hardzero_plus_depr,0.04,34,114,0.0,1,0.48185238,0.48185238,1.0571574,0.0,0.08766831,0.0,0.0,0.01292134,-27.62916,2.3257928,0.77526426,0.15200001,0.0,0.1451433,1.1299993,1.1399993,368000
hardzero_plus_depr__c0p56__z1p00__lam0p010__nu0p50__psi1p00,hardzero_plus_depr,0.04,34,115,0.0,1,0.48185238,0.48185238,1.0645359,0.0,0.08619143,0.0,0.0,0.012792771,-27.499079,2.3420255,0.7806752,0.120000005,0.0,0.15234505,1.1399993,1.1499993,371200
hardzero_plus_depr__c0p56__z1p00__lam0p010__nu0p50__psi1p00,hardzero_plus_depr,0.04,34,116,0.0,1,0.48185238,0.48185238,1.0016601,0.0,0.099618465,0.0,0.0,0.01266548,-26.917856,2.2036963,0.73456544,0.17600001,0.0,0.13821754,1.1499993,1.1599993,374400
hardzero_plus_depr__c0p56__z1p00__lam0p010__nu0p50__psi1p00,hardzero_plus_depr,0.04,34,117,0.0,1,0.48185238,0.48185238,1.0619912,0.0,0.08669794,0.0,0.0,0.012539457,-27.730663,2.3364272,0.7788091,0.12,0.0,0.19135049,1.1599993,1.1699992,377600
hardzero_plus_depr__c0p56__z1p00__lam0p010__nu0p50__psi1p00,hardzero_plus_depr,0.04,34,118,0.0,1,0.48185238,0.48185238,1.0983685,0.0,0.07973178,0.0,0.0,0.012414687,-28.326267,2.416459,0.8054864,0.128,0.0,0.15703931,1.1699992,1.1799992,380800
hardzero_plus_depr__c0p56__z1p00__lam0p010__nu0p50__psi1p00,hardzero_plus_depr,0.04,34,119,0.0,1,0.48185238,0.48185238,1.0288768,0.0,0.093567096,0.0,0.0,0.012291159,-27.114086,2.2635741,0.7545247,0.16000001,0.0,0.1261208,1.1799992,1.1899992,384000
hardzero_plus_depr__c0p56__z1p00__lam0p010__nu0p50__psi1p00,hardzero_plus_depr,0.04,34,120,0.0,1,0.48185238,0.48185238,1.009566,0.0,0.097821444,0.0,0.0,0.012168859,-26.775408,2.2210894,0.7403631,0.120000005,0.0,0.13894106,1.1899992,1.1999992,387200
hardzero_plus_depr__c0p56__z1p00__lam0p010__nu0p50__psi1p00,hardzero_plus_depr,0.04,34,121,0.0,1,0.48185238,0.48185238,1.1117649,0.0,0.077309884,0.0,0.0,0.012047777,-28.40769,2.4459317,0.8153106,0.096,0.0,0.17840594,1.1999992,1.2099992,390400
hardzero_plus_depr__c0p56__z1p00__lam0p010__nu0p50__psi1p00,hardzero_plus_depr,0.04,34,122,0.0,1,0.48185238,0.48313552,0.9682922,0.10757412,0.10757412,1.0,0.0012831333,0.0119279,-26.664177,2.1302853,0.7100951,0.192,0.0,0.19295868,1.2099992,1.2199992,393600
hardzero_plus_depr__c0p56__z1p00__lam0p010__nu0p50__psi1p00,hardzero_plus_depr,0.04,34,123,0.0,1,0.48313552,0.48313552,1.0404456,0.0,0.09110756,0.0,0.0,0.011809215,-27.786165,2.289026,0.7630087,0.120000005,0.0,0.1654599,1.2199992,1.2299992,396800
hardzero_plus_depr__c0p56__z1p00__lam0p010__nu0p50__psi1p00,hardzero_plus_depr,0.04,34,124,0.0,1,0.48313552,0.48313552,1.0208266,0.0,0.09531766,0.0,0.0,0.011691712,-26.991081,2.2458634,0.74862117,0.23200001,0.0,0.1646592,1.2299992,1.2399992,400000
hardzero_plus_depr__c0p56__z1p00__lam0p010__nu0p50__psi1p00,hardzero_plus_depr,0.04,34,125,0.0,1,0.48313552,0.48313552,1.0085963,0.0,0.09804008,0.0,0.0,0.011575379,-26.502033,2.2189562,0.7396521,0.15200001,0.0,0.18680876,1.2399992,1.2499992,403200
hardzero_plus_depr__c0p56__z1p00__lam0p010__nu0p50__psi1p00,hardzero_plus_depr,0.04,34,126,0.0,1,0.48313552,0.48313552,1.059403,0.0,0.087216176,0.0,0.0,0.011460202,-27.799374,2.330733,0.776911,0.16000001,0.0,0.1450176,1.2499992,1.2599992,406400
hardzero_plus_depr__c0p56__z1p00__lam0p010__nu0p50__psi1p00,hardzero_plus_depr,0.04,34,127,0.0,1,0.48313552,0.48427477,0.9982265,0.1004092,0.1004092,1.0,0.0011392599,0.011346171,-25.742447,2.1961422,0.73204744,0.16800001,0.0,0.12547578,1.2599992,1.2699991,409600
hardzero_plus_depr__c0p56__z1p00__lam0p010__nu0p50__psi1p00,hardzero_plus_depr,0.04,34,128,0.0,1,0.48427477,0.48427477,1.0236974,0.0,0.094689675,0.0,0.0,0.011233275,-26.783201,2.2521791,0.7507264,0.15200001,0.0,0.14213249,1.2699991,1.2799991,412800
hardzero_plus_depr__c0p56__z1p00__lam0p010__nu0p50__psi1p00,hardzero_plus_depr,0.04,34,129,0.0,1,0.48427477,0.48539212,0.99797064,0.10046837,0.10046837,1.0,0.001117359,0.011121501,-26.402239,2.1955793,0.7318598,0.136,0.0,0.12935607,1.2799991,1.2899991,416000
hardzero_plus_depr__c0p56__z1p00__lam0p010__nu0p50__psi1p00,hardzero_plus_depr,0.04,34,130,0.0,1,0.48539212,0.48650593,0.9950114,0.101155296,0.101155296,1.0,0.0011138049,0.011010841,-26.809744,2.1890688,0.7296896,0.13,0.0,0.13216887,1.2899991,1.2999991,419200
hardzero_plus_depr__c0p56__z1p00__lam0p010__nu0p50__psi1p00,hardzero_plus_depr,0.04,34,131,0.0,1,0.48650593,0.48650593,1.0583092,0.0,0.0874361,0.0,0.0,0.010901281,-26.732615,2.3283267,0.7761089,0.096,0.0,0.14406715,1.2999991,1.3099991,422400
hardzero_plus_depr__c0p56__z1p00__lam0p010__nu0p50__psi1p00,hardzero_plus_depr,0.04,34,132,0.0,1,0.48650593,0.48650593,1.0287023,0.0,0.09360471,0.0,0.0,0.010792812,-27.257696,2.2631903,0.7543968,0.15200001,0.0,0.13432859,1.3099991,1.3199991,425600
hardzero_plus_depr__c0p56__z1p00__lam0p010__nu0p50__psi1p00,hardzero_plus_depr,0.04,34,133,0.0,1,0.48650593,0.48650593,1.0196157,0.0,0.09558381,0.0,0.0,0.010685421,-27.529938,2.243199,0.74773306,0.14400001,0.0,0.14859875,1.3199991,1.3299991,428800
hardzero_plus_depr__c0p56__z1p00__lam0p010__nu0p50__psi1p00,hardzero_plus_depr,0.04,34,134,0.0,1,0.48650593,0.48650593,1.1229641,0.0,0.07534177,0.0,0.0,0.0105791,-29.575058,2.4705706,0.8235235,0.14400001,0.0,0.16839784,1.3299991,1.3399991,432000
hardzero_plus_depr__c0p56__z1p00__lam0p010__nu0p50__psi1p00,hardzero_plus_depr,0.04,34,135,0.0,1,0.48650593,0.48650593,1.0143209,0.0,0.09675627,0.0,0.0,0.010473835,-27.69004,2.2315505,0.7438502,0.136,0.0,0.13373694,1.3399991,1.3499991,435200
hardzero_plus_depr__c0p56__z1p00__lam0p010__nu0p50__psi1p00,hardzero_plus_depr,0.04,34,136,0.0,1,0.48650593,0.48650593,1.0241308,0.0,0.094595216,0.0,0.0,0.010369619,-27.168184,2.2531328,0.7510443,0.18400002,0.0,0.13071308,1.3499991,1.3599991,438400
hardzero_plus_depr__c0p56__z1p00__lam0p010__nu0p50__psi1p00,hardzero_plus_depr,0.04,34,137,0.0,1,0.48650593,0.48650593,1.0247585,0.0,0.0944586,0.0,0.0,0.010266441,-27.205534,2.2545137,0.7515046,0.192,0.008,0.17936239,1.3599991,1.369999,441600
hardzero_plus_depr__c0p56__z1p00__lam0p010__nu0p50__psi1p00,hardzero_plus_depr,0.04,34,138,0.0,1,0.48650593,0.48650593,1.0408418,0.0,0.091024466,0.0,0.0,0.010164288,-27.767494,2.2898977,0.7632992,0.216,0.0,0.16352762,1.369999,1.379999,444800
hardzero_plus_depr__c0p56__z1p00__lam0p010__nu0p50__psi1p00,hardzero_plus_depr,0.04,34,139,0.0,1,0.48650593,0.48650593,1.0755396,0.0,0.08403503,0.0,0.0,0.010063152,-28.788208,2.3662343,0.7887448,0.16800001,0.0,0.1966592,1.379999,1.389999,448000
hardzero_plus_depr__c0p56__z1p00__lam0p010__nu0p50__psi1p00,hardzero_plus_depr,0.04,34,140,0.0,1,0.48650593,0.48650593,1.0133169,0.0,0.09698021,0.0,0.0,0.009963022,-27.05079,2.2293415,0.7431139,0.14400001,0.0,0.15546355,1.389999,1.399999,451200
hardzero_plus_depr__c0p56__z1p00__lam0p010__nu0p50__psi1p00,hardzero_plus_depr,0.04,34,141,0.0,1,0.48650593,0.48650593,1.0541875,0.0,0.08826987,0.0,0.0,0.009863888,-27.977478,2.319259,0.7730863,0.17600001,0.0,0.14141859,1.399999,1.409999,454400
hardzero_plus_depr__c0p56__z1p00__lam0p010__nu0p50__psi1p00,hardzero_plus_depr,0.04,34,142,0.0,1,0.48650593,0.48650593,1.0104117,0.0,0.097631104,0.0,0.0,0.0097657405,-26.59936,2.2229502,0.7409834,0.216,0.0,0.14850925,1.409999,1.419999,457600
hardzero_plus_depr__c0p56__z1p00__lam0p010__nu0p50__psi1p00,hardzero_plus_depr,0.04,34,143,0.0,1,0.48650593,0.48650593,1.0704733,0.0,0.08502109,0.0,0.0,0.009668571,-28.476215,2.3550882,0.7850294,0.14999999,0.01,0.16091597,1.419999,1.429999,460800
hardzero_plus_depr__c0p56__z1p00__lam0p010__nu0p50__psi1p00,hardzero_plus_depr,0.04,34,144,0.0,1,0.48650593,0.48650593,1.0000888,0.0,0.09997954,0.0,0.0,0.009572367,-26.825323,2.2002394,0.73341316,0.16800001,0.0,0.13573237,1.429999,1.439999,464000
hardzero_plus_depr__c0p56__z1p00__lam0p010__nu0p50__psi1p00,hardzero_plus_depr,0.04,34,145,0.0,1,0.48650593,0.48650593,1.0246118,0.0,0.0944905,0.0,0.0,0.009477121,-27.11228,2.2541912,0.7513971,0.16000001,0.0,0.16993564,1.439999,1.449999,467200
hardzero_plus_depr__c0p56__z1p00__lam0p010__nu0p50__psi1p00,hardzero_plus_depr,0.04,34,146,0.0,1,0.48650593,0.48650593,1.0238004,0.0,0.09466722,0.0,0.0,0.009382821,-26.911808,2.252406,0.750802,0.14400001,0.0,0.13823426,1.449999,1.459999,470400
hardzero_plus_depr__c0p56__z1p00__lam0p010__nu0p50__psi1p00,hardzero_plus_depr,0.04,34,147,0.0,1,0.48650593,0.48650593,1.0627302,0.0,0.08655054,0.0,0.0,0.00928946,-28.471142,2.3380532,0.7793511,0.136,0.0,0.19329298,1.459999,1.469999,473600
hardzero_plus_depr__c0p56__z1p00__lam0p010__nu0p50__psi1p00,hardzero_plus_depr,0.04,34,148,0.0,1,0.48650593,0.48650593,1.0158063,0.0,0.0964259,0.0,0.0,0.009197028,-26.407385,2.2348185,0.7449395,0.224,0.0,0.14837594,1.469999,1.479999,476800
hardzero_plus_depr__c0p56__z1p00__lam0p010__nu0p50__psi1p00,hardzero_plus_depr,0.04,34,149,0.0,1,0.48650593,0.48650593,1.0232948,0.0,0.09477749,0.0,0.0,0.0091055175,-26.579422,2.2512934,0.7504312,0.18400002,0.0,0.15684822,1.479999,1.4899989,480000
hardzero_plus_depr__c0p56__z1p00__lam0p010__nu0p50__psi1p00,hardzero_plus_depr,0.04,34,150,0.0,1,0.48650593,0.48650593,1.047169,0.0,0.08970796,0.0,0.0,0.009014916,-27.756126,2.3038177,0.76793927,0.16000001,0.0,0.14947563,1.4899989,1.4999989,483200
hardzero_plus_depr__c0p56__z1p00__lam0p010__nu0p50__psi1p00,hardzero_plus_depr,0.04,34,151,0.0,1,0.48650593,0.48650593,1.0256791,0.0,0.09425858,0.0,0.0,0.008925216,-26.631199,2.256539,0.75217974,0.216,0.0,0.16067062,1.4999989,1.5099989,486400
hardzero_plus_depr__c0p56__z1p00__lam0p010__nu0p50__psi1p00,hardzero_plus_depr,0.04,34,152,0.0,1,0.48650593,0.48748192,0.9568327,0.11045041,0.11045041,1.0,0.0009759849,0.008836408,-25.912933,2.105074,0.7016913,0.16000001,0.0,0.13255168,1.5099989,1.5199989,489600
hardzero_plus_depr__c0p56__z1p00__lam0p010__nu0p50__psi1p00,hardzero_plus_depr,0.04,34,153,0.0,1,0.48748192,0.48748192,1.0162451,0.0,0.09632852,0.0,0.0,0.008748486,-28.010822,2.2357838,0.7452613,0.2,0.0,0.15035059,1.5199989,1.5299989,492800
hardzero_plus_depr__c0p56__z1p00__lam0p010__nu0p50__psi1p00,hardzero_plus_depr,0.04,34,154,0.0,1,0.48748192,0.4883789,0.9847995,0.103562005,0.103562005,1.0,0.00089699565,0.008661436,-27.158361,2.1666021,0.72220075,0.14400001,0.0,0.16058624,1.5299989,1.5399989,496000
hardzero_plus_depr__c0p56__z1p00__lam0p010__nu0p50__psi1p00,hardzero_plus_depr,0.04,34,155,0.0,1,0.4883789,0.4883789,1.0307943,0.0,0.09315491,0.0,0.0,0.008575254,-26.370783,2.2677927,0.7559309,0.120000005,0.0,0.1347224,1.5399989,1.5499989,499200
hardzero_plus_depr__c0p56__z1p00__lam0p010__nu0p50__psi1p00,hardzero_plus_depr,0.04,34,156,0.0,1,0.4883789,0.4892768,0.9756815,0.105759285,0.105759285,1.0,0.00089788873,0.008489928,-25.301273,2.146542,0.71551406,0.14999999,0.0,0.13341151,1.5499989,1.5599989,502400
hardzero_plus_depr__c0p56__z1p00__lam0p010__nu0p50__psi1p00,hardzero_plus_depr,0.04,34,157,0.0,1,0.4892768,0.4892768,1.0031836,0.0,0.099269636,0.0,0.0,0.008405452,-27.129986,2.207048,0.73568267,0.18400002,0.0,0.14693798,1.5599989,1.5699989,505600
hardzero_plus_depr__c0p56__z1p00__lam0p010__nu0p50__psi1p00,hardzero_plus_depr,0.04,34,158,0.0,1,0.4892768,0.4892768,1.0063276,0.0,0.09855357,0.0,0.0,0.008321816,-26.110756,2.213965,0.73798835,0.16000001,0.0,0.13934784,1.5699989,1.5799989,508800
hardzero_plus_depr__c0p56__z1p00__lam0p010__nu0p50__psi1p00,hardzero_plus_depr,0.04,34,159,0.0,1,0.4892768,0.49011126,0.9944612,0.10128354,0.10128354,1.0,0.00083447644,0.008239013,-26.225922,2.1878583,0.72928613,0.18400002,0.0,0.1337455,1.5799989,1.5899988,512000
hardzero_plus_depr__c0p56__z1p00__lam0p010__nu0p50__psi1p00,hardzero_plus_depr,0.04,34,160,0.0,1,0.49011126,0.4909414,0.99237907,0.10177027,0.10177027,1.0,0.00083014346,0.0081570335,-25.420654,2.1832776,0.72775924,0.15200001,0.0,0.12683472,1.5899988,1.5999988,515200
hardzero_plus_depr__c0p56__z1p00__lam0p010__nu0p50__psi1p00,hardzero_plus_depr,0.04,34,161,0.0,1,0.4909414,0.4909414,1.0471884,0.0,0.08970396,0.0,0.0,0.00807587,-27.448685,2.3038604,0.7679535,0.192,0.0,0.14056014,1.5999988,1.6099988,518400
hardzero_plus_depr__c0p56__z1p00__lam0p010__nu0p50__psi1p00,hardzero_plus_depr,0.04,34,162,0.0,1,0.4909414,0.4909414,1.09303,0.0,0.08071792,0.0,0.0,0.007995514,-29.006454,2.4047139,0.8015713,0.112,0.0,0.18601693,1.6099988,1.6199988,521600
hardzero_plus_depr__c0p56__z1p00__lam0p010__nu0p50__psi1p00,hardzero_plus_depr,0.04,34,163,0.0,1,0.4909414,0.49176183,0.98445815,0.10364344,0.10364344,1.0,0.0008204371,0.007915958,-26.162725,2.165851,0.7219504,0.2,0.0,0.13910182,1.6199988,1.6299988,524800
hardzero_plus_depr__c0p56__z1p00__lam0p010__nu0p50__psi1p00,hardzero_plus_depr,0.04,34,164,0.0,1,0.49176183,0.49176183,1.0189368,0.0,0.09573335,0.0,0.0,0.007837192,-27.17118,2.2417057,0.74723524,0.15200001,0.0,0.13787265,1.6299988,1.6399988,528000
hardzero_plus_depr__c0p56__z1p00__lam0p010__nu0p50__psi1p00,hardzero_plus_depr,0.04,34,165,0.0,1,0.49176183,0.49176183,1.0160747,0.0,0.09636632,0.0,0.0,0.007759211,-26.666767,2.2354088,0.74513626,0.112,0.0,0.13066863,1.6399988,1.6499988,531200
hardzero_plus_depr__c0p56__z1p00__lam0p010__nu0p50__psi1p00,hardzero_plus_depr,0.04,34,166,0.0,1,0.49176183,0.49176183,1.0341982,0.0,0.09242763,0.0,0.0,0.0076820054,-26.787794,2.2752814,0.75842714,0.16000001,0.0,0.14954731,1.6499988,1.6599988,534400
hardzero_plus_depr__c0p56__z1p00__lam0p010__nu0p50__psi1p00,hardzero_plus_depr,0.04,34,167,0.0,1,0.49176183,0.49176183,1.0346677,0.0,0.092327744,0.0,0.0,0.007605568,-27.430233,2.2763145,0.75877154,0.136,0.0,0.15065496,1.6599988,1.6699988,537600
hardzero_plus_depr__c0p56__z1p00__lam0p010__nu0p50__psi1p00,hardzero_plus_depr,0.04,34,168,0.0,1,0.49176183,0.49176183,1.0707941,0.0,0.084958315,0.0,0.0,0.0075298916,-28.503477,2.3557942,0.78526473,0.18400002,0.0,0.16309962,1.6699988,1.6799988,540800
hardzero_plus_depr__c0p56__z1p00__lam0p010__nu0p50__psi1p00,hardzero_plus_depr,0.04,34,169,0.0,1,0.49176183,0.49176183,1.0572871,0.0,0.08764212,0.0,0.0,0.007454968,-27.427483,2.326078,0.77535933,0.13,0.0,0.1713767,1.6799988,1.6899987,544000
hardzero_plus_depr__c0p56__z1p00__lam0p010__nu0p50__psi1p00,hardzero_plus_depr,0.04,34,170,0.0,1,0.49176183,0.49176183,1.0730236,0.0,0.08452329,0.0,0.0,0.00738079,-28.062706,2.360699,0.7868997,0.16800001,0.0,0.15942295,1.6899987,1.6999987,547200
hardzero_plus_depr__c0p56__z1p00__lam0p010__nu0p50__psi1p00,hardzero_plus_depr,0.04,34,171,0.0,1,0.49176183,0.49176183,1.086375,0.0,0.08196436,0.0,0.0,0.0073073497,-29.10151,2.3900728,0.79669094,0.192,0.0,0.18271096,1.6999987,1.7099987,550400
hardzero_plus_depr__c0p56__z1p00__lam0p010__nu0p50__psi1p00,hardzero_plus_depr,0.04,34,172,0.0,1,0.49176183,0.4925479,0.9639619,0.1086521,0.1086521,1.0,0.00078605895,0.0072346414,-26.526697,2.1207585,0.70691955,0.17600001,0.0,0.1335314,1.7099987,1.7199987,553600
hardzero_plus_depr__c0p56__z1p00__lam0p010__nu0p50__psi1p00,hardzero_plus_depr,0.04,34,173,0.0,1,0.4925479,0.4925479,1.0462146,0.0,0.08990534,0.0,0.0,0.0071626552,-27.416845,2.301718,0.76723933,0.112,0.0,0.13456193,1.7199987,1.7299987,556800
hardzero_plus_depr__c0p56__z1p00__lam0p010__nu0p50__psi1p00,hardzero_plus_depr,0.04,34,174,0.0,1,0.4925479,0.49331042,0.96847683,0.107528396,0.107528396,1.0,0.00076252536,0.007091386,-26.24387,2.1306915,0.7102305,0.2,0.0,0.13056892,1.7299987,1.7399987,560000
hardzero_plus_depr__c0p56__z1p00__lam0p010__nu0p50__psi1p00,hardzero_plus_depr,0.04,34,175,0.0,1,0.49331042,0.49331042,1.0229704,0.0,0.09484829,0.0,0.0,0.007020825,-27.276728,2.2505798,0.7501933,0.192,0.0,0.13194759,1.7399987,1.7499987,563200
hardzero_plus_depr__c0p56__z1p00__lam0p010__nu0p50__psi1p00,hardzero_plus_depr,0.04,34,176,0.0,1,0.49331042,0.49331042,1.0447711,0.0,0.090204656,0.0,0.0,0.0069509665,-27.595411,2.2985423,0.76618075,0.23200001,0.0,0.1322946,1.7499987,1.7599987,566400
hardzero_plus_depr__c0p56__z1p00__lam0p010__nu0p50__psi1p00,hardzero_plus_depr,0.04,34,177,0.0,1,0.49331042,0.49331042,1.0466064,0.0,0.089824244,0.0,0.0,0.0068818037,-27.50751,2.30258,0.76752675,0.16800001,0.0,0.14573537,1.7599987,1.7699987,569600
hardzero_plus_depr__c0p56__z1p00__lam0p010__nu0p50__psi1p00,hardzero_plus_depr,0.04,34,178,0.0,1,0.49331042,0.49331042,1.051037,0.0,0.08891254,0.0,0.0,0.0068133287,-27.64229,2.3123274,0.7707758,0.128,0.0,0.14485107,1.7699987,1.7799987,572800
hardzero_plus_depr__c0p56__z1p00__lam0p010__nu0p50__psi1p00,hardzero_plus_depr,0.04,34,179,0.0,1,0.49331042,0.49331042,1.0361581,0.0,0.09201147,0.0,0.0,0.006745535,-26.502707,2.2795932,0.75986445,0.16000001,0.0,0.129781,1.7799987,1.7899987,576000
hardzero_plus_depr__c0p56__z1p00__lam0p010__nu0p50__psi1p00,hardzero_plus_depr,0.04,34,180,0.0,1,0.49331042,0.49331042,1.0228289,0.0,0.0948792,0.0,0.0,0.0066784155,-26.783298,2.2502687,0.7500896,0.15200001,0.0,0.16725266,1.7899987,1.7999986,579200
hardzero_plus_depr__c0p56__z1p00__lam0p010__nu0p50__psi1p00,hardzero_plus_depr,0.04,34,181,0.0,1,0.49331042,0.49331042,1.058578,0.0,0.087382,0.0,0.0,0.0066119647,-27.332481,2.3289182,0.7763061,0.16800001,0.0,0.14048088,1.7999986,1.8099986,582400
hardzero_plus_depr__c0p56__z1p00__lam0p010__nu0p50__psi1p00,hardzero_plus_depr,0.04,34,182,0.0,1,0.49331042,0.49331042,1.0476438,0.0,0.08960995,0.0,0.0,0.0065461746,-27.94683,2.3048623,0.7682874,0.14999999,0.0,0.17190036,1.8099986,1.8199986,585600
hardzero_plus_depr__c0p56__z1p00__lam0p010__nu0p50__psi1p00,hardzero_plus_depr,0.04,34,183,0.0,1,0.49331042,0.4940159,0.963153,0.10885466,0.10885466,1.0,0.0007054913,0.006481039,-26.061916,2.118979,0.70632637,0.14400001,0.0,0.12566674,1.8199986,1.8299986,588800
hardzero_plus_depr__c0p56__z1p00__lam0p010__nu0p50__psi1p00,hardzero_plus_depr,0.04,34,184,0.0,1,0.4940159,0.4946696,0.9919248,0.101876765,0.101876765,1.0,0.00065369747,0.0064165513,-26.30976,2.1822782,0.72742605,0.16000001,0.0,0.13400808,1.8299986,1.8399986,592000
hardzero_plus_depr__c0p56__z1p00__lam0p010__nu0p50__psi1p00,hardzero_plus_depr,0.04,34,185,0.0,1,0.4946696,0.4946696,1.0121467,0.0,0.09724186,0.0,0.0,0.006352706,-27.360495,2.2267673,0.7422558,0.16800001,0.0,0.13645731,1.8399986,1.8499986,595200
hardzero_plus_depr__c0p56__z1p00__lam0p010__nu0p50__psi1p00,hardzero_plus_depr,0.04,34,186,0.0,1,0.4946696,0.4946696,1.029172,0.0,0.093503535,0.0,0.0,0.0062894956,-26.853922,2.2642236,0.7547412,0.15200001,0.0,0.12578745,1.8499986,1.8599986,598400
hardzero_plus_depr__c0p56__z1p00__lam0p010__nu0p50__psi1p00,hardzero_plus_depr,0.04,34,187,0.0,1,0.4946696,0.4946696,1.0422692,0.0,0.090725794,0.0,0.0,0.006226914,-27.691395,2.2930381,0.76434606,0.16800001,0.0,0.17479078,1.8599986,1.8699986,601600
hardzero_plus_depr__c0p56__z1p00__lam0p010__nu0p50__psi1p00,hardzero_plus_depr,0.04,34,188,0.0,1,0.4946696,0.4946696,1.0462031,0.0,0.0899077,0.0,0.0,0.0061649554,-27.939533,2.301693,0.767231,0.216,0.0,0.14843962,1.8699986,1.8799986,604800
hardzero_plus_depr__c0p56__z1p00__lam0p010__nu0p50__psi1p00,hardzero_plus_depr,0.04,34,189,0.0,1,0.4946696,0.4946696,1.0173491,0.0,0.09608396,0.0,0.0,0.0061036125,-26.801455,2.2382128,0.746071,0.18400002,0.0,0.15456618,1.8799986,1.8899986,608000
hardzero_plus_depr__c0p56__z1p00__lam0p010__nu0p50__psi1p00,hardzero_plus_depr,0.04,34,190,0.0,1,0.4946696,0.4946696,1.0597185,0.0,0.08715282,0.0,0.0,0.006042881,-28.208227,2.3314273,0.77714247,0.136,0.0,0.15122105,1.8899986,1.8999985,611200
hardzero_plus_depr__c0p56__z1p00__lam0p010__nu0p50__psi1p00,hardzero_plus_depr,0.04,34,191,0.0,1,0.4946696,0.49528864,0.9851752,0.10347246,0.10347246,1.0,0.0006190502,0.0059827534,-27.073448,2.1674287,0.72247624,0.2,0.0,0.14086193,1.8999985,1.9099985,614400
hardzero_plus_depr__c0p56__z1p00__lam0p010__nu0p50__psi1p00,hardzero_plus_depr,0.04,34,192,0.0,1,0.49528864,0.49589115,0.99258304,0.10172248,0.10172248,1.0,0.000602525,0.005923224,-26.9023,2.1837263,0.7279088,0.16000001,0.0,0.14989662,1.9099985,1.9199985,617600
hardzero_plus_depr__c0p56__z1p00__lam0p010__nu0p50__psi1p00,hardzero_plus_depr,0.04,34,193,0.0,1,0.49589115,0.49589115,1.0152123,0.0,0.096557885,0.0,0.0,0.005864287,-27.979708,2.2335117,0.7445039,0.17600001,0.0,0.18056542,1.9199985,1.9299985,620800
hardzero_plus_depr__c0p56__z1p00__lam0p010__nu0p50__psi1p00,hardzero_plus_depr,0.04,34,194,0.0,1,0.49589115,0.49589115,1.0908571,0.0,0.08112278,0.0,0.0,0.005805936,-28.217642,2.3999336,0.7999779,0.112,0.0,0.16258287,1.9299985,1.9399985,624000
hardzero_plus_depr__c0p56__z1p00__lam0p010__nu0p50__psi1p00,hardzero_plus_depr,0.04,34,195,0.0,1,0.49589115,0.49589115,1.034957,0.0,0.09226627,0.0,0.0,0.0057481662,-27.61068,2.276951,0.75898373,0.14999999,0.0,0.14716831,1.9399985,1.9499985,627200
hardzero_plus_depr__c0p56__z1p00__lam0p010__nu0p50__psi1p00,hardzero_plus_depr,0.04,34,196,0.0,1,0.49589115,0.49589115,1.0628421,0.0,0.08652824,0.0,0.0,0.0056909714,-27.805939,2.3382993,0.77943313,0.16000001,0.0,0.14052188,1.9499985,1.9599985,630400
hardzero_plus_depr__c0p56__z1p00__lam0p010__nu0p50__psi1p00,hardzero_plus_depr,0.04,34,197,0.0,1,0.49589115,0.49589115,1.0024502,0.0,0.09943739,0.0,0.0,0.005634345,-26.405264,2.2054346,0.73514485,0.14400001,0.0,0.13751847,1.9599985,1.9699985,633600
hardzero_plus_depr__c0p56__z1p00__lam0p010__nu0p50__psi1p00,hardzero_plus_depr,0.04,34,198,0.0,1,0.49589115,0.49589115,1.0009053,0.0,0.099791765,0.0,0.0,0.0055782823,-26.29094,2.2020357,0.7340119,0.120000005,0.0,0.12137497,1.9699985,1.9799985,636800
hardzero_plus_depr__c0p56__z1p00__lam0p010__nu0p50__psi1p00,hardzero_plus_depr,0.04,34,199,0.0,1,0.49589115,0.49589115,1.0315665,0.0,0.092989415,0.0,0.0,0.005522778,-27.021193,2.2694917,0.75649726,0.23200001,0.0,0.15253468,1.9799985,1.9899985,640000
hardzero_plus_depr__c0p56__z1p00__lam0p010__nu0p50__psi1p00,hardzero_plus_depr,0.04,34,200,0.0,1,0.49589115,0.49645513,0.9865474,0.10314605,0.10314605,1.0,0.00056398456,0.0054678256,-25.800953,2.1704476,0.72348255,0.18400002,0.0,0.15087351,1.9899985,1.9999985,643200
hardzero_plus_depr__c0p56__z1p00__lam0p010__nu0p50__psi1p00,hardzero_plus_depr,0.04,34,201,0.0,1,0.49645513,0.49645513,1.043388,0.0,0.09049238,0.0,0.0,0.0054134196,-27.890812,2.2954993,0.76516646,0.15200001,0.0,0.14604726,1.9999985,2.0099986,646400
hardzero_plus_depr__c0p56__z1p00__lam0p010__nu0p50__psi1p00,hardzero_plus_depr,0.04,34,202,0.0,1,0.49645513,0.49645513,1.0147338,0.0,0.09666432,0.0,0.0,0.0053595547,-27.452728,2.2324588,0.74415296,0.14400001,0.0,0.14029017,2.0099986,2.0199986,649600
hardzero_plus_depr__c0p56__z1p00__lam0p010__nu0p50__psi1p00,hardzero_plus_depr,0.04,34,203,0.0,1,0.49645513,0.49645513,1.0505749,0.0,0.0890072,0.0,0.0,0.0053062267,-26.751427,2.311311,0.770437,0.16800001,0.0,0.14619964,2.0199986,2.0299985,652800
hardzero_plus_depr__c0p56__z1p00__lam0p010__nu0p50__psi1p00,hardzero_plus_depr,0.04,34,204,0.0,1,0.49645513,0.49645513,1.0597932,0.0,0.08713782,0.0,0.0,0.0052534286,-27.86866,2.3315916,0.77719724,0.14400001,0.0,0.16934459,2.0299985,2.0399985,656000
hardzero_plus_depr__c0p56__z1p00__lam0p010__nu0p50__psi1p00,hardzero_plus_depr,0.04,34,205,0.0,1,0.49645513,0.49645513,1.0211691,0.0,0.09524254,0.0,0.0,0.0052011563,-27.465378,2.2466168,0.7488723,0.17600001,0.0,0.1280565,2.0399985,2.0499985,659200
hardzero_plus_depr__c0p56__z1p00__lam0p010__nu0p50__psi1p00,hardzero_plus_depr,0.04,34,206,0.0,1,0.49645513,0.49645513,1.0301225,0.0,0.09329909,0.0,0.0,0.0051494036,-26.753855,2.2663147,0.75543827,0.15200001,0.008,0.16916902,2.0499985,2.0599985,662400
hardzero_plus_depr__c0p56__z1p00__lam0p010__nu0p50__psi1p00,hardzero_plus_depr,0.04,34,207,0.0,1,0.49645513,0.49645513,1.057482,0.0,0.08760281,0.0,0.0,0.0050981664,-28.864935,2.3265069,0.7755023,0.120000005,0.0,0.17577586,2.0599985,2.0699985,665600
hardzero_plus_depr__c0p56__z1p00__lam0p010__nu0p50__psi1p00,hardzero_plus_depr,0.04,34,208,0.0,1,0.49645513,0.49645513,1.0686883,0.0,0.085371256,0.0,0.0,0.0050474387,-27.658144,2.3511612,0.78372043,0.19999999,0.0,0.1549948,2.0699985,2.0799985,668800
hardzero_plus_depr__c0p56__z1p00__lam0p010__nu0p50__psi1p00,hardzero_plus_depr,0.04,34,209,0.0,1,0.49645513,0.49645513,1.0252458,0.0,0.09435268,0.0,0.0,0.0049972157,-26.854324,2.2555857,0.75186193,0.112,0.0,0.13453984,2.0799985,2.0899985,672000
hardzero_plus_depr__c0p56__z1p00__lam0p010__nu0p50__psi1p00,hardzero_plus_depr,0.04,34,210,0.0,1,0.49645513,0.49645513,1.0015452,0.0,0.09964484,0.0,0.0,0.004947493,-26.857204,2.2034433,0.7344811,0.120000005,0.0,0.16073819,2.0899985,2.0999985,675200
hardzero_plus_depr__c0p56__z1p00__lam0p010__nu0p50__psi1p00,hardzero_plus_depr,0.04,34,211,0.0,1,0.49645513,0.49645513,1.0852352,0.0,0.08217973,0.0,0.0,0.004898264,-28.960415,2.3875651,0.79585505,0.14400001,0.0,0.15717177,2.0999985,2.1099985,678400
hardzero_plus_depr__c0p56__z1p00__lam0p010__nu0p50__psi1p00,hardzero_plus_depr,0.04,34,212,0.0,1,0.49645513,0.4969456,0.99510837,0.1011327,0.1011327,1.0,0.00049044564,0.004849526,-27.246069,2.1892822,0.72976077,0.136,0.0,0.13841827,2.1099985,2.1199985,681600
hardzero_plus_depr__c0p56__z1p00__lam0p010__nu0p50__psi1p00,hardzero_plus_depr,0.04,34,213,0.0,1,0.4969456,0.4969456,1.033556,0.0,0.092564404,0.0,0.0,0.0048012724,-27.266968,2.2738686,0.7579562,0.15200001,0.0,0.15431021,2.1199985,2.1299984,684800
hardzero_plus_depr__c0p56__z1p00__lam0p010__nu0p50__psi1p00,hardzero_plus_depr,0.04,34,214,0.0,1,0.4969456,0.4969456,1.040793,0.0,0.09103471,0.0,0.0,0.004753499,-28.030293,2.2897902,0.7632634,0.14400001,0.0,0.14067595,2.1299984,2.1399984,688000
hardzero_plus_depr__c0p56__z1p00__lam0p010__nu0p50__psi1p00,hardzero_plus_depr,0.04,34,215,0.0,1,0.4969456,0.4969456,1.0394896,0.0,0.09130832,0.0,0.0,0.004706201,-27.34243,2.286923,0.76230764,0.112,0.0,0.17421865,2.1399984,2.1499984,691200
hardzero_plus_depr__c0p56__z1p00__lam0p010__nu0p50__psi1p00,hardzero_plus_depr,0.04,34,216,0.0,1,0.4969456,0.4969456,1.0320673,0.0,0.09288223,0.0,0.0,0.004659374,-27.71572,2.2705934,0.7568645,0.112,0.0,0.14370164,2.1499984,2.1599984,694400
hardzero_plus_depr__c0p56__z1p00__lam0p010__nu0p50__psi1p00,hardzero_plus_depr,0.04,34,217,0.0,1,0.4969456,0.4974116,0.99558216,0.10102243,0.10102243,1.0,0.0004660177,0.004613012,-26.558626,2.1903245,0.7301082,0.18400002,0.0,0.12828366,2.1599984,2.1699984,697600
hardzero_plus_depr__c0p56__z1p00__lam0p010__nu0p50__psi1p00,hardzero_plus_depr,0.04,34,218,0.0,1,0.4974116,0.4974116,1.0343064,0.0,0.092404604,0.0,0.0,0.004567112,-27.424932,2.2755196,0.75850654,0.16800001,0.0,0.1346696,2.1699984,2.1799984,700800
hardzero_plus_depr__c0p56__z1p00__lam0p010__nu0p50__psi1p00,hardzero_plus_depr,0.04,34,219,0.0,1,0.4974116,0.4974116,1.0424881,0.0,0.090680085,0.0,0.0,0.0045216684,-27.675428,2.2935197,0.7645066,0.112,0.0,0.18012337,2.1799984,2.1899984,704000
hardzero_plus_depr__c0p56__z1p00__lam0p010__nu0p50__psi1p00,hardzero_plus_depr,0.04,34,220,0.0,1,0.4974116,0.4979185,0.94604903,0.11322726,0.11322726,1.0,0.0005068819,0.004476677,-25.903284,2.0813494,0.69378316,0.23200001,0.0,0.1399227,2.1899984,2.1999984,707200
hardzero_plus_depr__c0p56__z1p00__lam0p010__nu0p50__psi1p00,hardzero_plus_depr,0.04,34,221,0.0,1,0.4979185,0.4979185,1.0443509,0.0,0.09029197,0.0,0.0,0.0044321334,-28.263023,2.2976177,0.7658726,0.16,0.0,0.14573884,2.1999984,2.2099984,710400
hardzero_plus_depr__c0p56__z1p00__lam0p010__nu0p50__psi1p00,hardzero_plus_depr,0.04,34,222,0.0,1,0.4979185,0.4979185,1.0594316,0.0,0.087210424,0.0,0.0,0.004388033,-27.62315,2.330796,0.776932,0.120000005,0.0,0.17352052,2.2099984,2.2199984,713600
hardzero_plus_depr__c0p56__z1p00__lam0p010__nu0p50__psi1p00,hardzero_plus_depr,0.04,34,223,0.0,1,0.4979185,0.49836034,0.99265707,0.10170514,0.10170514,1.0,0.0004418449,0.004344371,-26.281256,2.1838892,0.7279631,0.2,0.0,0.1654281,2.2199984,2.2299984,716800
hardzero_plus_depr__c0p56__z1p00__lam0p010__nu0p50__psi1p00,hardzero_plus_depr,0.04,34,224,0.0,1,0.49836034,0.49881098,0.9797505,0.104773015,0.104773015,1.0,0.00045064386,0.0043011443,-26.321411,2.1554942,0.7184981,0.128,0.0,0.14480558,2.2299984,2.2399983,720000
hardzero_plus_depr__c0p56__z1p00__lam0p010__nu0p50__psi1p00,hardzero_plus_depr,0.04,34,225,0.0,1,0.49881098,0.49881098,1.085152,0.0,0.08219549,0.0,0.0,0.004258347,-28.295,2.387382,0.795794,0.120000005,0.0,0.16861103,2.2399983,2.2499983,723200
hardzero_plus_depr__c0p56__z1p00__lam0p010__nu0p50__psi1p00,hardzero_plus_depr,0.04,34,226,0.0,1,0.49881098,0.49881098,1.073602,0.0,0.0844108,0.0,0.0,0.0042159758,-28.148417,2.3619714,0.78732383,0.128,0.0,0.14169587,2.2499983,2.2599983,726400
hardzero_plus_depr__c0p56__z1p00__lam0p010__nu0p50__psi1p00,hardzero_plus_depr,0.04,34,227,0.0,1,0.49881098,0.49881098,1.0376524,0.0,0.09169541,0.0,0.0,0.0041740267,-27.56463,2.2828808,0.7609603,0.120000005,0.0,0.14104864,2.2599983,2.2699983,729600
hardzero_plus_depr__c0p56__z1p00__lam0p010__nu0p50__psi1p00,hardzero_plus_depr,0.04,34,228,0.0,1,0.49881098,0.49881098,1.0341605,0.0,0.09243565,0.0,0.0,0.0041324943,-26.944939,2.2751985,0.7583995,0.14400001,0.0,0.14047326,2.2699983,2.2799983,732800
hardzero_plus_depr__c0p56__z1p00__lam0p010__nu0p50__psi1p00,hardzero_plus_depr,0.04,34,229,0.0,1,0.49881098,0.49881098,1.0238963,0.0,0.09464629,0.0,0.0,0.004091375,-27.558914,2.252617,0.7508723,0.136,0.0,0.17748368,2.2799983,2.2899983,736000
hardzero_plus_depr__c0p56__z1p00__lam0p010__nu0p50__psi1p00,hardzero_plus_depr,0.04,34,230,0.0,1,0.49881098,0.49881098,1.0877341,0.0,0.08170825,0.0,0.0,0.0040506655,-28.224264,2.3930628,0.79768765,0.14400001,0.0,0.19834982,2.2899983,2.2999983,739200
hardzero_plus_depr__c0p56__z1p00__lam0p010__nu0p50__psi1p00,hardzero_plus_depr,0.04,34,231,0.0,1,0.49881098,0.49881098,1.0545399,0.0,0.088198274,0.0,0.0,0.00401036,-27.140896,2.3200343,0.77334476,0.096,0.0,0.13956414,2.2999983,2.3099983,742400
hardzero_plus_depr__c0p56__z1p00__lam0p010__nu0p50__psi1p00,hardzero_plus_depr,0.04,34,232,0.0,1,0.49881098,0.49922872,0.97794604,0.10520925,0.10520925,1.0,0.00041772876,0.003970457,-26.327993,2.1515243,0.71717477,0.14400001,0.0,0.1538015,2.3099983,2.3199983,745600
hardzero_plus_depr__c0p56__z1p00__lam0p010__nu0p50__psi1p00,hardzero_plus_depr,0.04,34,233,0.0,1,0.49922872,0.49922872,1.0254605,0.0,0.09430603,0.0,0.0,0.00393095,-26.95413,2.2560582,0.7520194,0.136,0.0,0.16061486,2.3199983,2.3299983,748800
hardzero_plus_depr__c0p56__z1p00__lam0p010__nu0p50__psi1p00,hardzero_plus_depr,0.04,34,234,0.0,1,0.49922872,0.49922872,1.0009407,0.0,0.09978363,0.0,0.0,0.0038918366,-25.977741,2.2021134,0.7340378,0.19,0.0,0.12237417,2.3299983,2.3399982,752000
hardzero_plus_depr__c0p56__z1p00__lam0p010__nu0p50__psi1p00,hardzero_plus_depr,0.04,34,235,0.0,1,0.49922872,0.49922872,1.0133581,0.0,0.096971005,0.0,0.0,0.003853112,-27.822157,2.2294323,0.74314415,0.2,0.0,0.1564128,2.3399982,2.3499982,755200
hardzero_plus_depr__c0p56__z1p00__lam0p010__nu0p50__psi1p00,hardzero_plus_depr,0.04,34,236,0.0,1,0.49922872,0.49922872,1.0197657,0.0,0.09555079,0.0,0.0,0.0038147732,-26.75553,2.2435293,0.74784315,0.18400002,0.0,0.1527297,2.3499982,2.3599982,758400
hardzero_plus_depr__c0p56__z1p00__lam0p010__nu0p50__psi1p00,hardzero_plus_depr,0.04,34,237,0.0,1,0.49922872,0.49922872,1.0199931,0.0,0.095500775,0.0,0.0,0.0037768157,-26.248177,2.2440295,0.74800986,0.16800001,0.0,0.13818522,2.3599982,2.3699982,761600
hardzero_plus_depr__c0p56__z1p00__lam0p010__nu0p50__psi1p00,hardzero_plus_depr,0.04,34,238,0.0,1,0.49922872,0.49922872,1.0446208,0.0,0.09023587,0.0,0.0,0.0037392357,-27.68132,2.2982116,0.76607054,0.136,0.0,0.15910406,2.3699982,2.3799982,764800
hardzero_plus_depr__c0p56__z1p00__lam0p010__nu0p50__psi1p00,hardzero_plus_depr,0.04,34,239,0.0,1,0.49922872,0.49922872,1.0165216,0.0,0.096267216,0.0,0.0,0.0037020298,-27.040249,2.236392,0.745464,0.16000001,0.0,0.162286,2.3799982,2.3899982,768000
hardzero_plus_depr__c0p56__z1p00__lam0p010__nu0p50__psi1p00,hardzero_plus_depr,0.04,34,240,0.0,1,0.49922872,0.49960932,0.9836348,0.10384012,0.10384012,1.0,0.00038059417,0.003665194,-26.62083,2.1640399,0.7213466,0.216,0.0,0.13358511,2.3899982,2.3999982,771200
hardzero_plus_depr__c0p56__z1p00__lam0p010__nu0p50__psi1p00,hardzero_plus_depr,0.04,34,241,0.0,1,0.49960932,0.49960932,1.0614967,0.0,0.0867967,0.0,0.0,0.0036287247,-27.6222,2.3353395,0.77844656,0.14400001,0.0,0.16101098,2.3999982,2.4099982,774400
hardzero_plus_depr__c0p56__z1p00__lam0p010__nu0p50__psi1p00,hardzero_plus_depr,0.04,34,242,0.0,1,0.49960932,0.49960932,1.0425735,0.0,0.09066227,0.0,0.0,0.0035926183,-27.44651,2.2937074,0.76456916,0.128,0.0,0.13947164,2.4099982,2.4199982,777600
hardzero_plus_depr__c0p56__z1p00__lam0p010__nu0p50__psi1p00,hardzero_plus_depr,0.04,34,243,0.0,1,0.49960932,0.49960932,1.064333,0.0,0.086231716,0.0,0.0,0.003556871,-27.117876,2.3415792,0.7805264,0.14400001,0.0,0.15671165,2.4199982,2.4299982,780800
hardzero_plus_depr__c0p56__z1p00__lam0p010__nu0p50__psi1p00,hardzero_plus_depr,0.04,34,244,0.0,1,0.49960932,0.49960932,1.0459795,0.0,0.089954,0.0,0.0,0.0035214797,-27.636177,2.3012009,0.76706696,0.15200001,0.0,0.15722471,2.4299982,2.4399981,784000
hardzero_plus_depr__c0p56__z1p00__lam0p010__nu0p50__psi1p00,hardzero_plus_depr,0.04,34,245,0.0,1,0.49960932,0.49960932,1.1284659,0.0,0.074393354,0.0,0.0,0.00348644,-29.161549,2.4826746,0.8275582,0.112,0.0,0.21549033,2.4399981,2.4499981,787200
hardzero_plus_depr__c0p56__z1p00__lam0p010__nu0p50__psi1p00,hardzero_plus_depr,0.04,34,246,0.0,1,0.49960932,0.49960932,1.0467469,0.0,0.0897952,0.0,0.0,0.0034517497,-27.879854,2.302889,0.76762974,0.14400001,0.0,0.19877346,2.4499981,2.4599981,790400
hardzero_plus_depr__c0p56__z1p00__lam0p010__nu0p50__psi1p00,hardzero_plus_depr,0.04,34,247,0.0,1,0.49960932,0.49960932,1.0543845,0.0,0.08822985,0.0,0.0,0.0034174041,-28.235205,2.3196921,0.77323073,0.099999994,0.0,0.17651865,2.4599981,2.4699981,793600
hardzero_plus_depr__c0p56__z1p00__lam0p010__nu0p50__psi1p00,hardzero_plus_depr,0.04,34,248,0.0,1,0.49960932,0.49960932,1.0354707,0.0,0.0921572,0.0,0.0,0.0033834004,-27.397476,2.2780812,0.75936043,0.15200001,0.0,0.1261471,2.4699981,2.479998,796800
hardzero_plus_depr__c0p56__z1p00__lam0p010__nu0p50__psi1p00,hardzero_plus_depr,0.04,34,249,0.0,1,0.49960932,0.49995226,0.98979056,0.10237865,0.10237865,1.0,0.0003429414,0.0033497354,-26.241804,2.1775827,0.72586095,0.16000001,0.0,0.14444253,2.479998,2.489998,800000
hardzero_plus_depr__c0p56__z1p00__lam0p010__nu0p50__psi1p00,hardzero_plus_depr,0.04,34,250,0.0,1,0.49995226,0.49995226,1.0475022,0.0,0.089639165,0.0,0.0,0.003316405,-27.911375,2.304551,0.76818365,0.224,0.0,0.18845922,2.489998,2.499998,803200
hardzero_plus_depr__c0p56__z1p00__lam0p010__nu0p50__psi1p00,hardzero_plus_depr,0.04,34,251,0.0,1,0.49995226,0.49995226,1.0210013,0.0,0.09527931,0.0,0.0,0.0032834061,-27.437279,2.2462478,0.74874926,0.136,0.0,0.15545344,2.499998,2.509998,806400
hardzero_plus_depr__c0p56__z1p00__lam0p010__nu0p50__psi1p00,hardzero_plus_depr,0.04,34,252,0.0,1,0.49995226,0.49995226,1.0356429,0.0,0.09212067,0.0,0.0,0.0032507356,-27.87529,2.2784598,0.7594866,0.18400002,0.0,0.18153161,2.509998,2.519998,809600
hardzero_plus_depr__c0p56__z1p00__lam0p010__nu0p50__psi1p00,hardzero_plus_depr,0.04,34,253,0.0,1,0.49995226,0.49995226,1.0348711,0.0,0.09228453,0.0,0.0,0.0032183905,-27.525646,2.2767618,0.7589206,0.128,0.0,0.12935974,2.519998,2.529998,812800
hardzero_plus_depr__c0p56__z1p00__lam0p010__nu0p50__psi1p00,hardzero_plus_depr,0.04,34,254,0.0,1,0.49995226,0.49995226,1.0489421,0.0,0.08934246,0.0,0.0,0.0031863668,-28.513235,2.3077188,0.7692396,0.14400001,0.0,0.13929464,2.529998,2.539998,816000
hardzero_plus_depr__c0p56__z1p00__lam0p010__nu0p50__psi1p00,hardzero_plus_depr,0.04,34,255,0.0,1,0.49995226,0.49995226,1.0090133,0.0,0.097945996,0.0,0.0,0.003154662,-27.273272,2.2198737,0.7399579,0.14400001,0.0,0.15454297,2.539998,2.549998,819200
hardzero_plus_depr__c0p56__z1p00__lam0p010__nu0p50__psi1p00,hardzero_plus_depr,0.04,34,256,0.0,1,0.49995226,0.49995226,1.0195686,0.0,0.09559418,0.0,0.0,0.0031232727,-26.860098,2.2430956,0.74769855,0.080000006,0.0,0.13182731,2.549998,2.559998,822400
hardzero_plus_depr__c0p56__z1p00__lam0p010__nu0p50__psi1p00,hardzero_plus_depr,0.04,34,257,0.0,1,0.49995226,0.49995226,1.0411122,0.0,0.09096783,0.0,0.0,0.0030921956,-27.600428,2.2904925,0.76349753,0.14400001,0.0,0.14285277,2.559998,2.569998,825600
hardzero_plus_depr__c0p56__z1p00__lam0p010__nu0p50__psi1p00,hardzero_plus_depr,0.04,34,258,0.0,1,0.49995226,0.49995226,1.0772555,0.0,0.08370366,0.0,0.0,0.0030614277,-28.297607,2.3700094,0.7900032,0.112,0.0,0.14778839,2.569998,2.579998,828800
hardzero_plus_depr__c0p56__z1p00__lam0p010__nu0p50__psi1p00,hardzero_plus_depr,0.04,34,259,0.0,1,0.49995226,0.49995226,1.002258,0.0,0.099481426,0.0,0.0,0.0030309658,-27.169168,2.2050116,0.7350039,0.16800001,0.0,0.1581586,2.579998,2.589998,832000
hardzero_plus_depr__c0p56__z1p00__lam0p010__nu0p50__psi1p00,hardzero_plus_depr,0.04,34,260,0.0,1,0.49995226,0.49995226,1.0502824,0.0,0.08906717,0.0,0.0,0.0030008075,-27.739391,2.3106673,0.7702224,0.16,0.0,0.15742363,2.589998,2.599998,835200
hardzero_plus_depr__c0p56__z1p00__lam0p010__nu0p50__psi1p00,hardzero_plus_depr,0.04,34,261,0.0,1,0.49995226,0.50025165,0.996632,0.10077852,0.10077852,1.0,0.00029940784,0.002970949,-26.664785,2.192634,0.73087806,0.128,0.0,0.1329773,2.599998,2.609998,838400
hardzero_plus_depr__c0p56__z1p00__lam0p010__nu0p50__psi1p00,hardzero_plus_depr,0.04,34,262,0.0,1,0.50025165,0.50025165,1.0121112,0.0,0.09724981,0.0,0.0,0.002941388,-26.47201,2.226689,0.7422297,0.136,0.0,0.14588356,2.609998,2.619998,841600
hardzero_plus_depr__c0p56__z1p00__lam0p010__nu0p50__psi1p00,hardzero_plus_depr,0.04,34,263,0.0,1,0.50025165,0.50025165,1.0232842,0.0,0.09477979,0.0,0.0,0.0029121204,-27.57584,2.25127,0.7504234,0.16000001,0.0,0.1560229,2.619998,2.629998,844800
hardzero_plus_depr__c0p56__z1p00__lam0p010__nu0p50__psi1p00,hardzero_plus_depr,0.04,34,264,0.0,1,0.50025165,0.50025165,1.0031245,0.0,0.09928315,0.0,0.0,0.0028831442,-26.437649,2.206918,0.73563933,0.14400001,0.0,0.14205784,2.629998,2.639998,848000
hardzero_plus_depr__c0p56__z1p00__lam0p010__nu0p50__psi1p00,hardzero_plus_depr,0.04,34,265,0.0,1,0.50025165,0.50025165,1.076953,0.0,0.083761975,0.0,0.0,0.0028544564,-28.299864,2.369344,0.78978133,0.112,0.0,0.14644688,2.639998,2.649998,851200
hardzero_plus_depr__c0p56__z1p00__lam0p010__nu0p50__psi1p00,hardzero_plus_depr,0.04,34,266,0.0,1,0.50025165,0.50025165,1.017226,0.0,0.09611121,0.0,0.0,0.0028260543,-27.200418,2.2379417,0.7459806,0.16000001,0.0,0.13676704,2.649998,2.659998,854400
hardzero_plus_depr__c0p56__z1p00__lam0p010__nu0p50__psi1p00,hardzero_plus_depr,0.04,34,267,0.0,1,0.50025165,0.50025165,1.060795,0.0,0.08693708,0.0,0.0,0.0027979347,-27.991627,2.3337955,0.77793187,0.14400001,0.0,0.16314843,2.659998,2.669998,857600
hardzero_plus_depr__c0p56__z1p00__lam0p010__nu0p50__psi1p00,hardzero_plus_depr,0.04,34,268,0.0,1,0.50025165,0.50025165,1.076876,0.0,0.08377684,0.0,0.0,0.0027700944,-28.498287,2.3691745,0.7897248,0.136,0.0,0.17774732,2.669998,2.679998,860800
hardzero_plus_depr__c0p56__z1p00__lam0p010__nu0p50__psi1p00,hardzero_plus_depr,0.04,34,269,0.0,1,0.50025165,0.50025165,1.0601332,0.0,0.08706964,0.0,0.0,0.002742532,-27.935774,2.3323395,0.7774465,0.216,0.0,0.18024462,2.679998,2.689998,864000
hardzero_plus_depr__c0p56__z1p00__lam0p010__nu0p50__psi1p00,hardzero_plus_depr,0.04,34,270,0.0,1,0.50025165,0.50025165,1.0003302,0.0,0.09992399,0.0,0.0,0.0027152433,-27.032782,2.2007704,0.7335901,0.18400002,0.0,0.16263197,2.689998,2.699998,867200
hardzero_plus_depr__c0p56__z1p00__lam0p010__nu0p50__psi1p00,hardzero_plus_depr,0.04,34,271,0.0,1,0.50025165,0.50025165,1.0178754,0.0,0.09596759,0.0,0.0,0.002688226,-26.841896,2.2393706,0.74645686,0.104,0.0,0.15851155,2.699998,2.709998,870400
hardzero_plus_depr__c0p56__z1p00__lam0p010__nu0p50__psi1p00,hardzero_plus_depr,0.04,34,272,0.0,1,0.50025165,0.50025165,1.0026894,0.0,0.09938266,0.0,0.0,0.0026614778,-26.500444,2.2059605,0.7353202,0.112,0.0,0.15306929,2.709998,2.719998,873600
hardzero_plus_depr__c0p56__z1p00__lam0p010__nu0p50__psi1p00,hardzero_plus_depr,0.04,34,273,0.0,1,0.50025165,0.50025165,1.0650133,0.0,0.08609673,0.0,0.0,0.0026349958,-27.923813,2.343076,0.78102535,0.14,0.0,0.17964906,2.719998,2.7299979,876800
hardzero_plus_depr__c0p56__z1p00__lam0p010__nu0p50__psi1p00,hardzero_plus_depr,0.04,34,274,0.0,1,0.50025165,0.50025165,1.0525975,0.0,0.088593625,0.0,0.0,0.0026087773,-27.95445,2.3157609,0.7719203,0.17600001,0.0,0.16100243,2.7299979,2.7399979,880000
hardzero_plus_depr__c0p56__z1p00__lam0p010__nu0p50__psi1p00,hardzero_plus_depr,0.04,34,275,0.0,1,0.50025165,0.50025165,1.0619969,0.0,0.0866968,0.0,0.0,0.0025828194,-27.346598,2.3364398,0.7788133,0.16000001,0.0,0.16477029,2.7399979,2.7499979,883200
hardzero_plus_depr__c0p56__z1p00__lam0p010__nu0p50__psi1p00,hardzero_plus_depr,0.04,34,276,0.0,1,0.50025165,0.50025165,1.006646,0.0,0.098481335,0.0,0.0,0.00255712,-27.35906,2.2146654,0.7382218,0.112,0.0,0.15592027,2.7499979,2.7599978,886400
hardzero_plus_depr__c0p56__z1p00__lam0p010__nu0p50__psi1p00,hardzero_plus_depr,0.04,34,277,0.0,1,0.50025165,0.50025165,1.0865589,0.0,0.08192963,0.0,0.0,0.0025316759,-28.282024,2.3904774,0.7968258,0.104,0.0,0.14955312,2.7599978,2.7699978,889600
hardzero_plus_depr__c0p56__z1p00__lam0p010__nu0p50__psi1p00,hardzero_plus_depr,0.04,34,278,0.0,1,0.50025165,0.50025165,1.0086445,0.0,0.09802921,0.0,0.0,0.0025064854,-26.839605,2.219062,0.7396874,0.17600001,0.0,0.14754204,2.7699978,2.7799978,892800
hardzero_plus_depr__c0p56__z1p00__lam0p010__nu0p50__psi1p00,hardzero_plus_depr,0.04,34,279,0.0,1,0.50025165,0.50025165,1.0120901,0.0,0.097254544,0.0,0.0,0.0024815456,-26.82762,2.2266426,0.7422142,0.136,0.0,0.17034823,2.7799978,2.7899978,896000
hardzero_plus_depr__c0p56__z1p00__lam0p010__nu0p50__psi1p00,hardzero_plus_depr,0.04,34,280,0.0,1,0.50025165,0.50025165,1.0163941,0.0,0.096295476,0.0,0.0,0.0024568539,-27.19606,2.2361119,0.7453706,0.23200001,0.0,0.15814063,2.7899978,2.7999978,899200
hardzero_plus_depr__c0p56__z1p00__lam0p010__nu0p50__psi1p00,hardzero_plus_depr,0.04,34,281,0.0,1,0.50025165,0.50025165,1.0205907,0.0,0.095369466,0.0,0.0,0.0024324076,-26.73425,2.2453444,0.74844813,0.17600001,0.0,0.14146818,2.7999978,2.8099978,902400
hardzero_plus_depr__c0p56__z1p00__lam0p010__nu0p50__psi1p00,hardzero_plus_depr,0.04,34,282,0.0,1,0.50025165,0.5005106,0.96851754,0.10751831,0.10751831,1.0,0.0002589261,0.0024082048,-25.497602,2.1307812,0.7102604,0.24800001,0.0,0.14058426,2.8099978,2.8199978,905600
hardzero_plus_depr__c0p56__z1p00__lam0p010__nu0p50__psi1p00,hardzero_plus_depr,0.04,34,283,0.0,1,0.5005106,0.5005106,1.0643919,0.0,0.08622002,0.0,0.0,0.002384243,-27.48945,2.341709,0.7805697,0.112,0.0,0.16681898,2.8199978,2.8299978,908800
hardzero_plus_depr__c0p56__z1p00__lam0p010__nu0p50__psi1p00,hardzero_plus_depr,0.04,34,284,0.0,1,0.5005106,0.50075036,0.99315697,0.10158814,0.10158814,1.0,0.00023980078,0.0023605195,-26.871662,2.184989,0.72832966,0.18400002,0.0,0.13496935,2.8299978,2.8399978,912000
hardzero_plus_depr__c0p56__z1p00__lam0p010__nu0p50__psi1p00,hardzero_plus_depr,0.04,34,285,0.0,1,0.50075036,0.50075036,1.0266522,0.0,0.09404761,0.0,0.0,0.002337032,-27.62672,2.2586799,0.7528933,0.112,0.0,0.1624863,2.8399978,2.8499978,915200
hardzero_plus_depr__c0p56__z1p00__lam0p010__nu0p50__psi1p00,hardzero_plus_depr,0.04,34,286,0.0,1,0.50075036,0.50075036,1.0808758,0.0,0.08300882,0.0,0.0,0.002313778,-28.927547,2.3779743,0.7926581,0.08,0.0,0.1833995,2.8499978,2.8599977,918400
hardzero_plus_depr__c0p56__z1p00__lam0p010__nu0p50__psi1p00,hardzero_plus_depr,0.04,34,287,0.0,1,0.50075036,0.50075036,1.0335921,0.0,0.0925567,0.0,0.0,0.0022907555,-27.862627,2.273948,0.7579827,0.16000001,0.0,0.1614343,2.8599977,2.8699977,921600
hardzero_plus_depr__c0p56__z1p00__lam0p010__nu0p50__psi1p00,hardzero_plus_depr,0.04,34,288,0.0,1,0.50075036,0.5009953,0.9666713,0.10797636,0.10797636,1.0,0.0002448863,0.002267962,-26.113825,2.1267192,0.7089064,0.2,0.0,0.14558652,2.8699977,2.8799977,924800
hardzero_plus_depr__c0p56__z1p00__lam0p010__nu0p50__psi1p00,hardzero_plus_depr,0.04,34,289,0.0,1,0.5009953,0.5009953,1.0672251,0.0,0.08565936,0.0,0.0,0.0022453957,-27.724913,2.347942,0.7826474,0.128,0.0,0.15175836,2.8799977,2.8899977,928000
hardzero_plus_depr__c0p56__z1p00__lam0p010__nu0p50__psi1p00,hardzero_plus_depr,0.04,34,290,0.0,1,0.5009953,0.5009953,1.046863,0.0,0.08977121,0.0,0.0,0.0022230535,-27.971907,2.3031445,0.76771486,0.136,0.008,0.15222797,2.8899977,2.8999977,931200
hardzero_plus_depr__c0p56__z1p00__lam0p010__nu0p50__psi1p00,hardzero_plus_depr,0.04,34,291,0.0,1,0.5009953,0.5009953,1.0250888,0.0,0.094386786,0.0,0.0,0.0022009339,-26.579527,2.2552404,0.75174683,0.136,0.0,0.1394432,2.8999977,2.9099977,934400
hardzero_plus_depr__c0p56__z1p00__lam0p010__nu0p50__psi1p00,hardzero_plus_depr,0.04,34,292,0.0,1,0.5009953,0.5009953,1.0130509,0.0,0.097039625,0.0,0.0,0.002179034,-27.851187,2.2287564,0.74291885,0.15200001,0.0,0.14095213,2.9099977,2.9199977,937600
hardzero_plus_depr__c0p56__z1p00__lam0p010__nu0p50__psi1p00,hardzero_plus_depr,0.04,34,293,0.0,1,0.5009953,0.501226,0.97084546,0.106943525,0.106943525,1.0,0.00023071487,0.0021573524,-26.336996,2.1359026,0.7119676,0.192,0.0,0.13431531,2.9199977,2.9299977,940800
hardzero_plus_depr__c0p56__z1p00__lam0p010__nu0p50__psi1p00,hardzero_plus_depr,0.04,34,294,0.0,1,0.501226,0.501226,1.0183457,0.0,0.09586372,0.0,0.0,0.0021358866,-26.899647,2.2404053,0.7468018,0.15200001,0.0,0.14459091,2.9299977,2.9399977,944000
hardzero_plus_depr__c0p56__z1p00__lam0p010__nu0p50__psi1p00,hardzero_plus_depr,0.04,34,295,0.0,1,0.501226,0.501226,1.0190008,0.0,0.095719226,0.0,0.0,0.0021146343,-26.601742,2.2418466,0.7472822,0.17600001,0.0,0.16077147,2.9399977,2.9499977,947200
hardzero_plus_depr__c0p56__z1p00__lam0p010__nu0p50__psi1p00,hardzero_plus_depr,0.04,34,296,0.0,1,0.501226,0.501226,1.0736293,0.0,0.084405504,0.0,0.0,0.0020935931,-28.115904,2.3620315,0.78734386,0.14400001,0.0,0.17458089,2.9499977,2.9599977,950400
hardzero_plus_depr__c0p56__z1p00__lam0p010__nu0p50__psi1p00,hardzero_plus_depr,0.04,34,297,0.0,1,0.501226,0.501226,1.0567207,0.0,0.08775649,0.0,0.0,0.0020727615,-27.829096,2.324832,0.774944,0.14400001,0.0,0.15134487,2.9599977,2.9699976,953600
hardzero_plus_depr__c0p56__z1p00__lam0p010__nu0p50__psi1p00,hardzero_plus_depr,0.04,34,298,0.0,1,0.501226,0.501226,1.0948691,0.0,0.08037682,0.0,0.0,0.0020521372,-28.548359,2.4087603,0.8029201,0.136,0.0,0.12927684,2.9699976,2.9799976,956800
hardzero_plus_depr__c0p56__z1p00__lam0p010__nu0p50__psi1p00,hardzero_plus_depr,0.04,34,299,0.0,1,0.501226,0.501226,1.0446713,0.0,0.09022537,0.0,0.0,0.0020317181,-28.06478,2.2983227,0.76610756,0.11,0.0,0.15800023,2.9799976,2.9899976,960000
hardzero_plus_depr__c0p56__z1p00__lam0p010__nu0p50__psi1p00,hardzero_plus_depr,0.04,34,300,0.0,1,0.501226,0.501226,1.0919862,0.0,0.08091216,0.0,0.0,0.0020115022,-28.208147,2.4024177,0.8008059,0.14400001,0.0,0.15883532,2.9899976,2.9999976,963200
hardzero_plus_depr__c0p56__z1p00__lam0p010__nu0p50__psi1p00,hardzero_plus_depr,0.04,34,301,0.0,1,0.501226,0.501226,1.0126996,0.0,0.097118154,0.0,0.0,0.0019914873,-26.835773,2.2279837,0.74266124,0.136,0.0,0.14561921,2.9999976,3.0099976,966400
hardzero_plus_depr__c0p56__z1p00__lam0p010__nu0p50__psi1p00,hardzero_plus_depr,0.04,34,302,0.0,1,0.501226,0.50145364,0.937647,0.11543911,0.11543911,1.0,0.00022760803,0.0019716718,-26.252829,2.0628645,0.68762153,0.28,0.0,0.13047318,3.0099976,3.0199976,969600
hardzero_plus_depr__c0p56__z1p00__lam0p010__nu0p50__psi1p00,hardzero_plus_depr,0.04,34,303,0.0,1,0.50145364,0.50145364,1.0697845,0.0,0.08515604,0.0,0.0,0.0019520533,-28.2839,2.3535728,0.7845243,0.136,0.0,0.14933538,3.0199976,3.0299976,972800
hardzero_plus_depr__c0p56__z1p00__lam0p010__nu0p50__psi1p00,hardzero_plus_depr,0.04,34,304,0.0,1,0.50145364,0.50145364,1.036298,0.0,0.09198181,0.0,0.0,0.0019326301,-27.49929,2.2799013,0.7599671,0.2,0.0,0.15605637,3.0299976,3.0399976,976000
hardzero_plus_depr__c0p56__z1p00__lam0p010__nu0p50__psi1p00,hardzero_plus_depr,0.04,34,305,0.0,1,0.50145364,0.50145364,1.0247726,0.0,0.09445552,0.0,0.0,0.0019134001,-26.879797,2.2545447,0.7515149,0.208,0.0,0.18197908,3.0399976,3.0499976,979200
hardzero_plus_depr__c0p56__z1p00__lam0p010__nu0p50__psi1p00,hardzero_plus_depr,0.04,34,306,0.0,1,0.50145364,0.50145364,1.0126379,0.0,0.09713196,0.0,0.0,0.0018943617,-27.698263,2.2278478,0.74261594,0.15200001,0.0,0.14754125,3.0499976,3.0599976,982400
hardzero_plus_depr__c0p56__z1p00__lam0p010__nu0p50__psi1p00,hardzero_plus_depr,0.04,34,307,0.0,1,0.50145364,0.50145364,1.0040467,0.0,0.09907254,0.0,0.0,0.0018755124,-27.48205,2.2089467,0.7363156,0.14400001,0.0,0.13926892,3.0599976,3.0699975,985600
hardzero_plus_depr__c0p56__z1p00__lam0p010__nu0p50__psi1p00,hardzero_plus_depr,0.04,34,308,0.0,1,0.50145364,0.50166816,0.93730986,0.11552876,0.11552876,1.0,0.00021451968,0.0018568508,-25.977839,2.0621228,0.6873743,0.256,0.0,0.15242241,3.0699975,3.0799975,988800
hardzero_plus_depr__c0p56__z1p00__lam0p010__nu0p50__psi1p00,hardzero_plus_depr,0.04,34,309,0.0,1,0.50166816,0.50166816,1.0375787,0.0,0.09171098,0.0,0.0,0.0018383749,-27.588057,2.2827187,0.7609062,0.17600001,0.0,0.15761481,3.0799975,3.0899975,992000
hardzero_plus_depr__c0p56__z1p00__lam0p010__nu0p50__psi1p00,hardzero_plus_depr,0.04,34,310,0.0,1,0.50166816,0.50166816,1.026256,0.0,0.094133474,0.0,0.0,0.0018200827,-27.488194,2.2578082,0.75260276,0.104,0.0,0.14561023,3.0899975,3.0999975,995200
hardzero_plus_depr__c0p56__z1p00__lam0p010__nu0p50__psi1p00,hardzero_plus_depr,0.04,34,311,0.0,1,0.50166816,0.50166816,1.0448095,0.0,0.09019668,0.0,0.0,0.0018019726,-27.874622,2.2986267,0.7662089,0.112,0.0,0.1709274,3.0999975,3.1099975,998400
hardzero_plus_depr__c0p56__z1p00__lam0p010__nu0p50__psi1p00,hardzero_plus_depr,0.04,34,312,0.0,1,0.50166816,0.50166816,1.0336931,0.0,0.09253519,0.0,0.0,0.0017840427,-27.778975,2.2741702,0.75805676,0.07,0.0,0.15751594,3.1099975,3.1199975,1001600
hardzero_plus_depr__c0p56__z1p00__lam0p010__nu0p50__psi1p00,hardzero_plus_depr,0.04,34,313,0.0,1,0.50166816,0.50166816,1.0530621,0.0,0.088498905,0.0,0.0,0.0017662911,-28.012106,2.3167827,0.7722609,0.216,0.0,0.15455887,3.1199975,3.1299975,1004800
hardzero_plus_depr__c0p56__z1p00__lam0p010__nu0p50__psi1p00,hardzero_plus_depr,0.04,34,314,0.0,1,0.50166816,0.50166816,1.0386553,0.0,0.0914839,0.0,0.0,0.0017487162,-27.415594,2.2850873,0.7616958,0.16000001,0.0,0.18480991,3.1299975,3.1399975,1008000
hardzero_plus_depr__c0p56__z1p00__lam0p010__nu0p50__psi1p00,hardzero_plus_depr,0.04,34,315,0.0,1,0.50166816,0.50166816,1.0056826,0.0,0.09870006,0.0,0.0,0.0017313162,-26.719643,2.2125459,0.73751533,0.14400001,0.0,0.12403893,3.1399975,3.1499975,1011200
hardzero_plus_depr__c0p56__z1p00__lam0p010__nu0p50__psi1p00,hardzero_plus_depr,0.04,34,316,0.0,1,0.50166816,0.50166816,1.008141,0.0,0.098142914,0.0,0.0,0.0017140893,-27.278946,2.2179546,0.73931825,0.14400001,0.0,0.14881705,3.1499975,3.1599975,1014400
hardzero_plus_depr__c0p56__z1p00__lam0p010__nu0p50__psi1p00,hardzero_plus_depr,0.04,34,317,0.0,1,0.50166816,0.50166816,1.0508878,0.0,0.088943094,0.0,0.0,0.0016970339,-27.818676,2.3119993,0.7706665,0.128,0.0,0.13981956,3.1599975,3.1699975,1017600
hardzero_plus_depr__c0p56__z1p00__lam0p010__nu0p50__psi1p00,hardzero_plus_depr,0.04,34,318,0.0,1,0.50166816,0.5018379,0.99560136,0.10101797,0.10101797,1.0,0.00016972516,0.0016801482,-26.782196,2.1903667,0.73012227,0.17600001,0.0,0.13169767,3.1699975,3.1799974,1020800
hardzero_plus_depr__c0p56__z1p00__lam0p010__nu0p50__psi1p00,hardzero_plus_depr,0.04,34,319,0.0,1,0.5018379,0.5018379,1.0516503,0.0,0.08878707,0.0,0.0,0.0016634305,-27.934464,2.3136768,0.77122563,0.192,0.0,0.16800071,3.1799974,3.1899974,1024000
hardzero_plus_depr__c0p56__z1p00__lam0p010__nu0p50__psi1p00,hardzero_plus_depr,0.04,34,320,0.0,1,0.5018379,0.50200504,0.99367464,0.10146713,0.10146713,1.0,0.00016710411,0.0016468791,-26.756077,2.186128,0.72870934,0.23200001,0.0,0.12652934,3.1899974,3.1999974,1027200
hardzero_plus_depr__c0p56__z1p00__lam0p010__nu0p50__psi1p00,hardzero_plus_depr,0.04,34,321,0.0,1,0.50200504,0.50200504,1.042955,0.0,0.090582624,0.0,0.0,0.0016304923,-27.060818,2.2945468,0.76484895,0.120000005,0.0,0.12477101,3.1999974,3.2099974,1030400
hardzero_plus_depr__c0p56__z1p00__lam0p010__nu0p50__psi1p00,hardzero_plus_depr,0.04,34,322,0.0,1,0.50200504,0.50200504,1.0543334,0.0,0.08824022,0.0,0.0,0.0016142686,-28.172369,2.3195798,0.7731933,0.14400001,0.0,0.15442374,3.2099974,3.2199974,1033600
hardzero_plus_depr__c0p56__z1p00__lam0p010__nu0p50__psi1p00,hardzero_plus_depr,0.04,34,323,0.0,1,0.50200504,0.50200504,1.0456995,0.0,0.090012014,0.0,0.0,0.0015982066,-27.502485,2.3005848,0.7668616,0.15200001,0.0,0.14659151,3.2199974,3.2299974,1036800
hardzero_plus_depr__c0p56__z1p00__lam0p010__nu0p50__psi1p00,hardzero_plus_depr,0.04,34,324,0.0,1,0.50200504,0.5021718,0.9772045,0.10538904,0.10538904,1.0,0.00016675751,0.001582304,-25.788713,2.1498928,0.71663094,0.18400002,0.0,0.13000014,3.2299974,3.2399974,1040000
hardzero_plus_depr__c0p56__z1p00__lam0p010__nu0p50__psi1p00,hardzero_plus_depr,0.04,34,325,0.0,1,0.5021718,0.5021718,1.1299769,0.0,0.074134976,0.0,0.0,0.0015665599,-28.359016,2.4859989,0.8286663,0.099999994,0.0,0.18633404,3.2399974,3.2499974,1043200
hardzero_plus_depr__c0p56__z1p00__lam0p010__nu0p50__psi1p00,hardzero_plus_depr,0.04,34,326,0.0,1,0.5021718,0.5021718,1.0238011,0.0,0.094667055,0.0,0.0,0.0015509725,-26.641953,2.2524073,0.75080246,0.17600001,0.0,0.16074814,3.2499974,3.2599974,1046400
hardzero_plus_depr__c0p56__z1p00__lam0p010__nu0p50__psi1p00,hardzero_plus_depr,0.04,34,327,0.0,1,0.5021718,0.5021718,1.0519648,0.0,0.0887228,0.0,0.0,0.0015355399,-26.611525,2.3143687,0.77145624,0.112,0.0,0.13961495,3.2599974,3.2699974,1049600
hardzero_plus_depr__c0p56__z1p00__lam0p010__nu0p50__psi1p00,hardzero_plus_depr,0.04,34,328,0.0,1,0.5021718,0.5021718,1.0263032,0.0,0.09412324,0.0,0.0,0.0015202609,-27.36381,2.2579122,0.7526374,0.15200001,0.0,0.1414696,3.2699974,3.2799973,1052800
hardzero_plus_depr__c0p56__z1p00__lam0p010__nu0p50__psi1p00,hardzero_plus_depr,0.04,34,329,0.0,1,0.5021718,0.5021718,1.1377119,0.0,0.072826274,0.0,0.0,0.0015051343,-28.99234,2.5030162,0.8343388,0.096,0.0,0.18531659,3.2799973,3.2899973,1056000
hardzero_plus_depr__c0p56__z1p00__lam0p010__nu0p50__psi1p00,hardzero_plus_depr,0.04,34,330,0.0,1,0.5021718,0.5021718,1.0223122,0.0,0.094992176,0.0,0.0,0.0014901578,-27.06435,2.2491317,0.74971056,0.136,0.0,0.14678518,3.2899973,3.2999973,1059200
hardzero_plus_depr__c0p56__z1p00__lam0p010__nu0p50__psi1p00,hardzero_plus_depr,0.04,34,331,0.0,1,0.5021718,0.5021718,1.0178423,0.0,0.095974915,0.0,0.0,0.0014753306,-26.940008,2.2392979,0.74643266,0.16000001,0.0,0.13449658,3.2999973,3.3099973,1062400
hardzero_plus_depr__c0p56__z1p00__lam0p010__nu0p50__psi1p00,hardzero_plus_depr,0.04,34,332,0.0,1,0.5021718,0.50231874,0.99739015,0.10060274,0.10060274,1.0,0.00014694547,0.0014606508,-27.134846,2.194302,0.73143405,0.15200001,0.0,0.13067894,3.3099973,3.3199973,1065600
hardzero_plus_depr__c0p56__z1p00__lam0p010__nu0p50__psi1p00,hardzero_plus_depr,0.04,34,333,0.0,1,0.50231874,0.50231874,1.0335845,0.0,0.09255833,0.0,0.0,0.0014461173,-27.336489,2.2739313,0.7579771,0.128,0.0,0.14298803,3.3199973,3.3299973,1068800
hardzero_plus_depr__c0p56__z1p00__lam0p010__nu0p50__psi1p00,hardzero_plus_depr,0.04,34,334,0.0,1,0.50231874,0.50231874,1.0120778,0.0,0.0972573,0.0,0.0,0.0014317281,-27.896322,2.2266157,0.74220526,0.15200001,0.0,0.13058227,3.3299973,3.3399973,1072000
hardzero_plus_depr__c0p56__z1p00__lam0p010__nu0p50__psi1p00,hardzero_plus_depr,0.04,34,335,0.0,1,0.50231874,0.50231874,1.0481006,0.0,0.089515746,0.0,0.0,0.0014174822,-27.250885,2.3058674,0.7686225,0.2,0.0,0.1594073,3.3399973,3.3499973,1075200
hardzero_plus_depr__c0p56__z1p00__lam0p010__nu0p50__psi1p00,hardzero_plus_depr,0.04,34,336,0.0,1,0.50231874,0.50231874,1.002444,0.0,0.09943882,0.0,0.0,0.001403378,-27.08999,2.205421,0.7351403,0.17600001,0.0,0.14592552,3.3499973,3.3599973,1078400
hardzero_plus_depr__c0p56__z1p00__lam0p010__nu0p50__psi1p00,hardzero_plus_depr,0.04,34,337,0.0,1,0.50231874,0.50231874,1.012971,0.0,0.09705747,0.0,0.0,0.0013894142,-26.483438,2.2285807,0.74286026,0.16000001,0.0,0.15850517,3.3599973,3.3699973,1081600
hardzero_plus_depr__c0p56__z1p00__lam0p010__nu0p50__psi1p00,hardzero_plus_depr,0.04,34,338,0.0,1,0.50231874,0.50231874,1.0529585,0.0,0.08852003,0.0,0.0,0.0013755892,-26.995907,2.316555,0.772185,0.13,0.0,0.13880095,3.3699973,3.3799973,1084800
hardzero_plus_depr__c0p56__z1p00__lam0p010__nu0p50__psi1p00,hardzero_plus_depr,0.04,34,339,0.0,1,0.50231874,0.5024616,0.9791868,0.104909115,0.104909115,1.0,0.00014287591,0.0013619019,-25.784567,2.154254,0.7180847,0.192,0.008,0.15315029,3.3799973,3.3899972,1088000
hardzero_plus_depr__c0p56__z1p00__lam0p010__nu0p50__psi1p00,hardzero_plus_depr,0.04,34,340,0.0,1,0.5024616,0.5024616,1.0192642,0.0,0.095661186,0.0,0.0,0.0013483508,-27.02349,2.2424262,0.7474754,0.120000005,0.0,0.14944933,3.3899972,3.3999972,1091200
hardzero_plus_depr__c0p56__z1p00__lam0p010__nu0p50__psi1p00,hardzero_plus_depr,0.04,34,341,0.0,1,0.5024616,0.5024616,1.0949876,0.0,0.0803549,0.0,0.0,0.0013349344,-28.519081,2.409021,0.803007,0.136,0.0,0.18922453,3.3999972,3.4099972,1094400
hardzero_plus_depr__c0p56__z1p00__lam0p010__nu0p50__psi1p00,hardzero_plus_depr,0.04,34,342,0.0,1,0.5024616,0.5024616,1.0388883,0.0,0.091434814,0.0,0.0,0.0013216516,-27.508627,2.2856,0.7618667,0.112,0.0,0.15795504,3.4099972,3.4199972,1097600
hardzero_plus_depr__c0p56__z1p00__lam0p010__nu0p50__psi1p00,hardzero_plus_depr,0.04,34,343,0.0,1,0.5024616,0.5024616,1.0029776,0.0,0.099316716,0.0,0.0,0.001308501,-26.326555,2.2065947,0.73553157,0.192,0.0,0.13123807,3.4199972,3.4299972,1100800
hardzero_plus_depr__c0p56__z1p00__lam0p010__nu0p50__psi1p00,hardzero_plus_depr,0.04,34,344,0.0,1,0.5024616,0.5024616,1.0587978,0.0,0.087337784,0.0,0.0,0.0012954811,-28.208235,2.3294017,0.77646726,0.120000005,0.0,0.18637465,3.4299972,3.4399972,1104000
hardzero_plus_depr__c0p56__z1p00__lam0p010__nu0p50__psi1p00,hardzero_plus_depr,0.04,34,345,0.0,1,0.5024616,0.5024616,1.0537528,0.0,0.088358276,0.0,0.0,0.001282591,-28.117525,2.3183024,0.7727675,0.14400001,0.0,0.15105574,3.4399972,3.4499972,1107200
hardzero_plus_depr__c0p56__z1p00__lam0p010__nu0p50__psi1p00,hardzero_plus_depr,0.04,34,346,0.0,1,0.5024616,0.5024616,1.011723,0.0,0.097336784,0.0,0.0,0.001269829,-27.223364,2.225835,0.741945,0.136,0.0,0.1619287,3.4499972,3.4599972,1110400
hardzero_plus_depr__c0p56__z1p00__lam0p010__nu0p50__psi1p00,hardzero_plus_depr,0.04,34,347,0.0,1,0.5024616,0.5024616,1.0312581,0.0,0.09305546,0.0,0.0,0.0012571941,-26.466688,2.2688131,0.75627106,0.120000005,0.0,0.15446883,3.4599972,3.4699972,1113600
hardzero_plus_depr__c0p56__z1p00__lam0p010__nu0p50__psi1p00,hardzero_plus_depr,0.04,34,348,0.0,1,0.5024616,0.5024616,1.002497,0.0,0.099426694,0.0,0.0,0.0012446847,-27.309685,2.2055373,0.7351791,0.16000001,0.0,0.13961206,3.4699972,3.4799972,1116800
hardzero_plus_depr__c0p56__z1p00__lam0p010__nu0p50__psi1p00,hardzero_plus_depr,0.04,34,349,0.0,1,0.5024616,0.502587,0.9924931,0.10174356,0.10174356,1.0,0.00012537857,0.0012323,-27.519978,2.1835284,0.7278428,0.16800001,0.0,0.16831553,3.4799972,3.4899971,1120000
hardzero_plus_depr__c0p56__z1p00__lam0p010__nu0p50__psi1p00,hardzero_plus_depr,0.04,34,350,0.0,1,0.502587,0.502587,1.0067031,0.0,0.09846839,0.0,0.0,0.0012200383,-27.193304,2.214791,0.7382637,0.14400001,0.0,0.14286771,3.4899971,3.4999971,1123200
hardzero_plus_depr__c0p56__z1p00__lam0p010__nu0p50__psi1p00,hardzero_plus_depr,0.04,34,351,0.0,1,0.502587,0.502587,1.0652995,0.0,0.08604001,0.0,0.0,0.0012078987,-28.069126,2.3437057,0.7812352,0.13,0.0,0.20827834,3.4999971,3.5099971,1126400
hardzero_plus_depr__c0p56__z1p00__lam0p010__nu0p50__psi1p00,hardzero_plus_depr,0.04,34,352,0.0,1,0.502587,0.502587,1.0085062,0.0,0.098060444,0.0,0.0,0.0011958799,-26.607698,2.2187579,0.739586,0.2,0.008,0.1371772,3.5099971,3.5199971,1129600
hardzero_plus_depr__c0p56__z1p00__lam0p010__nu0p50__psi1p00,hardzero_plus_depr,0.04,34,353,0.0,1,0.502587,0.502587,1.0257019,0.0,0.09425364,0.0,0.0,0.0011839808,-27.206196,2.2565892,0.75219643,0.14400001,0.0,0.12630266,3.5199971,3.529997,1132800
hardzero_plus_depr__c0p56__z1p00__lam0p010__nu0p50__psi1p00,hardzero_plus_depr,0.04,34,354,0.0,1,0.502587,0.50271034,0.9779203,0.10521549,0.10521549,1.0,0.00012333361,0.0011722001,-26.78359,2.1514676,0.7171559,0.16000001,0.0,0.15709478,3.529997,3.539997,1136000
hardzero_plus_depr__c0p56__z1p00__lam0p010__nu0p50__psi1p00,hardzero_plus_depr,0.04,34,355,0.0,1,0.50271034,0.50271034,1.045028,0.0,0.090151295,0.0,0.0,0.0011605364,-27.512133,2.2991076,0.7663692,0.192,0.0,0.1617867,3.539997,3.549997,1139200
hardzero_plus_depr__c0p56__z1p00__lam0p010__nu0p50__psi1p00,hardzero_plus_depr,0.04,34,356,0.0,1,0.50271034,0.50271034,1.0702505,0.0,0.085064724,0.0,0.0,0.001148989,-27.673862,2.354598,0.78486603,0.136,0.0,0.14935781,3.549997,3.559997,1142400
hardzero_plus_depr__c0p56__z1p00__lam0p010__nu0p50__psi1p00,hardzero_plus_depr,0.04,34,357,0.0,1,0.50271034,0.50271034,1.0155694,0.0,0.09647849,0.0,0.0,0.0011375564,-27.488838,2.2342975,0.7447659,0.16000001,0.0,0.13513897,3.559997,3.569997,1145600
hardzero_plus_depr__c0p56__z1p00__lam0p010__nu0p50__psi1p00,hardzero_plus_depr,0.04,34,358,0.0,1,0.50271034,0.50271034,1.0258085,0.0,0.09423052,0.0,0.0,0.0011262374,-26.853039,2.2568238,0.75227463,0.08800001,0.0,0.15297318,3.569997,3.579997,1148800
hardzero_plus_depr__c0p56__z1p00__lam0p010__nu0p50__psi1p00,hardzero_plus_depr,0.04,34,359,0.0,1,0.50271034,0.50271034,1.0004728,0.0,0.09989119,0.0,0.0,0.0011150312,-26.783886,2.2010841,0.73369473,0.18400002,0.0,0.15202919,3.579997,3.589997,1152000
hardzero_plus_depr__c0p56__z1p00__lam0p010__nu0p50__psi1p00,hardzero_plus_depr,0.04,34,360,0.0,1,0.50271034,0.50271034,1.0085564,0.0,0.0980491,0.0,0.0,0.0011039365,-26.841436,2.2188683,0.7396228,0.096,0.0,0.12960213,3.589997,3.599997,1155200
hardzero_plus_depr__c0p56__z1p00__lam0p010__nu0p50__psi1p00,hardzero_plus_depr,0.04,34,361,0.0,1,0.50271034,0.50271034,1.0594171,0.0,0.08721333,0.0,0.0,0.0010929521,-28.329674,2.3307643,0.77692145,0.120000005,0.0,0.1787661,3.599997,3.609997,1158400
hardzero_plus_depr__c0p56__z1p00__lam0p010__nu0p50__psi1p00,hardzero_plus_depr,0.04,34,362,0.0,1,0.50271034,0.50271034,1.0174705,0.0,0.09605712,0.0,0.0,0.001082077,-26.667105,2.2384799,0.74616,0.2,0.0,0.17654014,3.609997,3.619997,1161600
hardzero_plus_depr__c0p56__z1p00__lam0p010__nu0p50__psi1p00,hardzero_plus_depr,0.04,34,363,0.0,1,0.50271034,0.50271034,1.0410548,0.0,0.09097984,0.0,0.0,0.0010713103,-27.650242,2.2903664,0.7634555,0.18400002,0.0,0.14961581,3.619997,3.629997,1164800
hardzero_plus_depr__c0p56__z1p00__lam0p010__nu0p50__psi1p00,hardzero_plus_depr,0.04,34,364,0.0,1,0.50271034,0.50271034,1.044101,0.0,0.09034394,0.0,0.0,0.0010606505,-27.865591,2.297068,0.7656894,0.17,0.0,0.13892493,3.629997,3.639997,1168000
hardzero_plus_depr__c0p56__z1p00__lam0p010__nu0p50__psi1p00,hardzero_plus_depr,0.04,34,365,0.0,1,0.50271034,0.50271034,1.0469466,0.0,0.089753896,0.0,0.0,0.0010500969,-26.550356,2.3033285,0.7677762,0.136,0.0,0.1486419,3.639997,3.649997,1171200
hardzero_plus_depr__c0p56__z1p00__lam0p010__nu0p50__psi1p00,hardzero_plus_depr,0.04,34,366,0.0,1,0.50271034,0.50271034,1.0765519,0.0,0.08383938,0.0,0.0,0.0010396483,-28.492023,2.3684616,0.78948724,0.120000005,0.0,0.15103677,3.649997,3.659997,1174400
hardzero_plus_depr__c0p56__z1p00__lam0p010__nu0p50__psi1p00,hardzero_plus_depr,0.04,34,367,0.0,1,0.50271034,0.50271034,1.0392971,0.0,0.09134882,0.0,0.0,0.0010293036,-26.745562,2.2864993,0.76216644,0.15200001,0.0,0.15690975,3.659997,3.669997,1177600
hardzero_plus_depr__c0p56__z1p00__lam0p010__nu0p50__psi1p00,hardzero_plus_depr,0.04,34,368,0.0,1,0.50271034,0.50271034,1.0221806,0.0,0.095020965,0.0,0.0,0.0010190619,-27.32144,2.2488422,0.7496141,0.136,0.0,0.16810133,3.669997,3.679997,1180800
hardzero_plus_depr__c0p56__z1p00__lam0p010__nu0p50__psi1p00,hardzero_plus_depr,0.04,34,369,0.0,1,0.50271034,0.50271034,1.0117595,0.0,0.09732861,0.0,0.0,0.0010089221,-26.342213,2.2259154,0.74197185,0.192,0.0,0.15202682,3.679997,3.689997,1184000
hardzero_plus_depr__c0p56__z1p00__lam0p010__nu0p50__psi1p00,hardzero_plus_depr,0.04,34,370,0.0,1,0.50271034,0.50281495,0.9800762,0.104694486,0.104694486,1.0,0.00010457756,0.0009988832,-26.319809,2.1562107,0.7187369,0.17600001,0.0,0.12935688,3.689997,3.699997,1187200
hardzero_plus_depr__c0p56__z1p00__lam0p010__nu0p50__psi1p00,hardzero_plus_depr,0.04,34,371,0.0,1,0.50281495,0.5029181,0.9816746,0.104309864,0.104309864,1.0,0.00010315662,0.0009889441,-26.57576,2.1597273,0.71990913,0.208,0.0,0.1728922,3.699997,3.709997,1190400
hardzero_plus_depr__c0p56__z1p00__lam0p010__nu0p50__psi1p00,hardzero_plus_depr,0.04,34,372,0.0,1,0.5029181,0.5029181,1.0347036,0.0,0.09232011,0.0,0.0,0.0009791038,-26.673477,2.2763934,0.7587978,0.17600001,0.0,0.15242274,3.709997,3.719997,1193600
hardzero_plus_depr__c0p56__z1p00__lam0p010__nu0p50__psi1p00,hardzero_plus_depr,0.04,34,373,0.0,1,0.5029181,0.5029181,1.0748068,0.0,0.08417694,0.0,0.0,0.00096936163,-28.50491,2.364622,0.7882074,0.104,0.0,0.14892799,3.719997,3.729997,1196800
hardzero_plus_depr__c0p56__z1p00__lam0p010__nu0p50__psi1p00,hardzero_plus_depr,0.04,34,374,0.0,1,0.5029181,0.5029181,1.0686408,0.0,0.0853806,0.0,0.0,0.00095971633,-28.673298,2.3510568,0.7836856,0.16000001,0.0,0.16429472,3.729997,3.739997,1200000
hardzero_plus_depr__c0p56__z1p00__lam0p010__nu0p50__psi1p00,hardzero_plus_depr,0.04,34,375,0.0,1,0.5029181,0.5029181,1.0116925,0.0,0.09734362,0.0,0.0,0.000950167,-26.766146,2.225768,0.74192274,0.15200001,0.0,0.13954118,3.739997,3.749997,1203200
hardzero_plus_depr__c0p56__z1p00__lam0p010__nu0p50__psi1p00,hardzero_plus_depr,0.04,34,376,0.0,1,0.5029181,0.5030142,0.99068636,0.10216771,0.10216771,1.0,9.6110474e-05,0.0009407128,-27.237108,2.1795535,0.72651786,0.17600001,0.0,0.16498105,3.749997,3.759997,1206400
hardzero_plus_depr__c0p56__z1p00__lam0p010__nu0p50__psi1p00,hardzero_plus_depr,0.04,34,377,0.0,1,0.5030142,0.5030142,1.0764108,0.0,0.083866626,0.0,0.0,0.0009313525,-28.152287,2.368151,0.78938365,0.17999999,0.0,0.1369526,3.759997,3.769997,1209600
hardzero_plus_depr__c0p56__z1p00__lam0p010__nu0p50__psi1p00,hardzero_plus_depr,0.04,34,378,0.0,1,0.5030142,0.5030142,1.0017565,0.0,0.09959636,0.0,0.0,0.0009220855,-26.925678,2.2039084,0.7346362,0.14400001,0.0,0.12668338,3.769997,3.7799969,1212800
hardzero_plus_depr__c0p56__z1p00__lam0p010__nu0p50__psi1p00,hardzero_plus_depr,0.04,34,379,0.0,1,0.5030142,0.5030142,1.0303273,0.0,0.093255125,0.0,0.0,0.0009129105,-27.26365,2.2667654,0.7555885,0.14400001,0.0,0.14088288,3.7799969,3.7899969,1216000
hardzero_plus_depr__c0p56__z1p00__lam0p010__nu0p50__psi1p00,hardzero_plus_depr,0.04,34,380,0.0,1,0.5030142,0.5030142,1.0607743,0.0,0.0869412,0.0,0.0,0.0009038269,-27.749401,2.33375,0.77791667,0.18400002,0.0,0.19284862,3.7899969,3.7999969,1219200
hardzero_plus_depr__c0p56__z1p00__lam0p010__nu0p50__psi1p00,hardzero_plus_depr,0.04,34,381,0.0,1,0.5030142,0.5030142,1.0816609,0.0,0.08285888,0.0,0.0,0.0008948337,-27.731087,2.3797014,0.7932338,0.120000005,0.0,0.1694456,3.7999969,3.8099968,1222400
hardzero_plus_depr__c0p56__z1p00__lam0p010__nu0p50__psi1p00,hardzero_plus_depr,0.04,34,382,0.0,1,0.5030142,0.5030142,1.0171307,0.0,0.096132286,0.0,0.0,0.00088592997,-26.855574,2.2377324,0.7459108,0.16800001,0.0,0.13818397,3.8099968,3.8199968,1225600
hardzero_plus_depr__c0p56__z1p00__lam0p010__nu0p50__psi1p00,hardzero_plus_depr,0.04,34,383,0.0,1,0.5030142,0.5031037,0.9912968,0.10202418,0.10202418,1.0,8.948692e-05,0.0008771148,-26.659546,2.1808965,0.72696555,0.192,0.0,0.20565863,3.8199968,3.8299968,1228800
hardzero_plus_depr__c0p56__z1p00__lam0p010__nu0p50__psi1p00,hardzero_plus_depr,0.04,34,384,0.0,1,0.5031037,0.5031918,0.99351895,0.1015035,0.1015035,1.0,8.8144356e-05,0.00086838735,-26.407799,2.1857853,0.72859514,0.08800001,0.0,0.13800298,3.8299968,3.8399968,1232000
hardzero_plus_depr__c0p56__z1p00__lam0p010__nu0p50__psi1p00,hardzero_plus_depr,0.04,34,385,0.0,1,0.5031918,0.5031918,1.0092041,0.0,0.09790296,0.0,0.0,0.00085974677,-27.090076,2.2202935,0.7400979,0.16800001,0.0,0.16172913,3.8399968,3.8499968,1235200
hardzero_plus_depr__c0p56__z1p00__lam0p010__nu0p50__psi1p00,hardzero_plus_depr,0.04,34,386,0.0,1,0.5031918,0.5031918,1.0135517,0.0,0.096927784,0.0,0.0,0.00085119216,-26.830256,2.2298584,0.74328613,0.15200001,0.0,0.14483109,3.8499968,3.8599968,1238400
hardzero_plus_depr__c0p56__z1p00__lam0p010__nu0p50__psi1p00,hardzero_plus_depr,0.04,34,387,0.0,1,0.5031918,0.5031918,1.0118731,0.0,0.09730314,0.0,0.0,0.0008427227,-27.665405,2.2261653,0.7420551,0.15200001,0.0,0.15890028,3.8599968,3.8699968,1241600
hardzero_plus_depr__c0p56__z1p00__lam0p010__nu0p50__psi1p00,hardzero_plus_depr,0.04,34,388,0.0,1,0.5031918,0.5031918,1.0772731,0.0,0.08370027,0.0,0.0,0.00083433744,-28.366028,2.3700483,0.7900161,0.104,0.0,0.17938845,3.8699968,3.8799968,1244800
hardzero_plus_depr__c0p56__z1p00__lam0p010__nu0p50__psi1p00,hardzero_plus_depr,0.04,34,389,0.0,1,0.5031918,0.5031918,1.0183626,0.0,0.095859975,0.0,0.0,0.0008260356,-26.681406,2.2404425,0.7468142,0.128,0.0,0.15378596,3.8799968,3.8899968,1248000
hardzero_plus_depr__c0p56__z1p00__lam0p010__nu0p50__psi1p00,hardzero_plus_depr,0.04,34,390,0.0,1,0.5031918,0.5031918,1.0070013,0.0,0.09840081,0.0,0.0,0.0008178165,-26.805422,2.215447,0.73848236,0.13,0.0,0.14808443,3.8899968,3.8999968,1251200
hardzero_plus_depr__c0p56__z1p00__lam0p010__nu0p50__psi1p00,hardzero_plus_depr,0.04,34,391,0.0,1,0.5031918,0.50328094,0.9584083,0.11005042,0.11005042,1.0,8.910552e-05,0.00080967904,-25.900703,2.1085403,0.70284677,0.16000001,0.0,0.11525913,3.8999968,3.9099967,1254400
hardzero_plus_depr__c0p56__z1p00__lam0p010__nu0p50__psi1p00,hardzero_plus_depr,0.04,34,392,0.0,1,0.50328094,0.50328094,1.0754211,0.0,0.08405798,0.0,0.0,0.0008016227,-28.682102,2.3659737,0.7886579,0.096,0.0,0.18183391,3.9099967,3.9199967,1257600
hardzero_plus_depr__c0p56__z1p00__lam0p010__nu0p50__psi1p00,hardzero_plus_depr,0.04,34,393,0.0,1,0.50328094,0.50328094,1.0036707,0.0,0.09915835,0.0,0.0,0.0007936463,-27.290773,2.2081196,0.7360399,0.128,0.0,0.1603918,3.9199967,3.9299967,1260800
hardzero_plus_depr__c0p56__z1p00__lam0p010__nu0p50__psi1p00,hardzero_plus_depr,0.04,34,394,0.0,1,0.50328094,0.50328094,1.0846765,0.0,0.08228553,0.0,0.0,0.00078574946,-27.863777,2.386336,0.7954454,0.128,0.0,0.15600608,3.9299967,3.9399967,1264000
hardzero_plus_depr__c0p56__z1p00__lam0p010__nu0p50__psi1p00,hardzero_plus_depr,0.04,34,395,0.0,1,0.50328094,0.50336164,0.9839314,0.10376922,0.10376922,1.0,8.072531e-05,0.0007779311,-27.084066,2.1646924,0.7215642,0.16800001,0.0,0.16972072,3.9399967,3.9499967,1267200
hardzero_plus_depr__c0p56__z1p00__lam0p010__nu0p50__psi1p00,hardzero_plus_depr,0.04,34,396,0.0,1,0.50336164,0.50336164,1.0250889,0.0,0.094386764,0.0,0.0,0.00077019056,-26.619125,2.2552407,0.7517469,0.16800001,0.0,0.13156897,3.9499967,3.9599967,1270400
hardzero_plus_depr__c0p56__z1p00__lam0p010__nu0p50__psi1p00,hardzero_plus_depr,0.04,34,397,0.0,1,0.50336164,0.50336164,1.0453272,0.0,0.090089224,0.0,0.0,0.00076252705,-27.909275,2.2997658,0.7665886,0.15200001,0.0,0.17049918,3.9599967,3.9699967,1273600
hardzero_plus_depr__c0p56__z1p00__lam0p010__nu0p50__psi1p00,hardzero_plus_depr,0.04,34,398,0.0,1,0.50336164,0.50336164,1.0229903,0.0,0.09484395,0.0,0.0,0.0007549398,-27.452566,2.2506237,0.7502079,0.216,0.0,0.15216596,3.9699967,3.9799967,1276800
hardzero_plus_depr__c0p56__z1p00__lam0p010__nu0p50__psi1p00,hardzero_plus_depr,0.04,34,399,0.0,1,0.50336164,0.50336164,1.0455136,0.0,0.09005054,0.0,0.0,0.000747428,-27.851574,2.300176,0.7667253,0.072000004,0.0,0.13277617,3.9799967,3.9899967,1280000
hardzero_plus_depr__c0p56__z1p00__lam0p010__nu0p50__psi1p00,hardzero_plus_depr,0.04,34,400,0.0,1,0.50336164,0.50336164,1.023885,0.0,0.09464877,0.0,0.0,0.00073999097,-27.571873,2.252592,0.750864,0.14400001,0.0,0.16180545,3.9899967,3.9999967,1283200
hardzero_plus_depr__c0p56__z1p00__lam0p010__nu0p50__psi1p00,hardzero_plus_depr,0.04,34,401,0.0,1,0.50336164,0.50336164,1.008234,0.0,0.098121904,0.0,0.0,0.00073262793,-26.767044,2.2181592,0.73938644,0.128,0.0,0.12610416,3.9999967,4.009997,1286400
hardzero_plus_depr__c0p56__z1p00__lam0p010__nu0p50__psi1p00,hardzero_plus_depr,0.04,34,402,0.0,1,0.50336164,0.50343543,0.9924148,0.1017619,0.1017619,1.0,7.381178e-05,0.00072533806,-26.61836,2.183356,0.72778535,0.17600001,0.0,0.13699427,4.009997,4.019997,1289600
hardzero_plus_depr__c0p56__z1p00__lam0p010__nu0p50__psi1p00,hardzero_plus_depr,0.04,34,403,0.0,1,0.50343543,0.50343543,1.0128282,0.0,0.09708938,0.0,0.0,0.0007181207,-26.534443,2.2282667,0.7427556,0.14,0.0,0.14911626,4.019997,4.0299973,1292800
hardzero_plus_depr__c0p56__z1p00__lam0p010__nu0p50__psi1p00,hardzero_plus_depr,0.04,34,404,0.0,1,0.50343543,0.50343543,1.0135659,0.0,0.09692461,0.0,0.0,0.0007109751,-26.60612,2.2298894,0.7432965,0.23200001,0.0,0.18686979,4.0299973,4.0399976,1296000
hardzero_plus_depr__c0p56__z1p00__lam0p010__nu0p50__psi1p00,hardzero_plus_depr,0.04,34,405,0.0,1,0.50343543,0.50343543,1.013421,0.0,0.096956946,0.0,0.0,0.0007039006,-26.533485,2.2295709,0.7431903,0.120000005,0.0,0.14421469,4.0399976,4.049998,1299200
hardzero_plus_depr__c0p56__z1p00__lam0p010__nu0p50__psi1p00,hardzero_plus_depr,0.04,34,406,0.0,1,0.50343543,0.50343543,1.0260681,0.0,0.09417419,0.0,0.0,0.00069689646,-26.964045,2.2573948,0.75246495,0.192,0.0,0.1490216,4.049998,4.059998,1302400
hardzero_plus_depr__c0p56__z1p00__lam0p010__nu0p50__psi1p00,hardzero_plus_depr,0.04,34,407,0.0,1,0.50343543,0.50343543,1.0533897,0.0,0.08843216,0.0,0.0,0.0006899621,-27.700321,2.3175035,0.7725012,0.120000005,0.0,0.15276429,4.059998,4.0699983,1305600
hardzero_plus_depr__c0p56__z1p00__lam0p010__nu0p50__psi1p00,hardzero_plus_depr,0.04,34,408,0.0,1,0.50343543,0.50350535,0.9899072,0.102351174,0.102351174,1.0,6.9915746e-05,0.0006830967,-25.570988,2.1778393,0.7259464,0.16800001,0.0,0.13069914,4.0699983,4.0799985,1308800
hardzero_plus_depr__c0p56__z1p00__lam0p010__nu0p50__psi1p00,hardzero_plus_depr,0.04,34,409,0.0,1,0.50350535,0.50350535,1.0478919,0.0,0.08955878,0.0,0.0,0.0006762997,-27.520544,2.3054082,0.76846945,0.112,0.0,0.15759258,4.0799985,4.0899987,1312000
hardzero_plus_depr__c0p56__z1p00__lam0p010__nu0p50__psi1p00,hardzero_plus_depr,0.04,34,410,0.0,1,0.50350535,0.50350535,1.0033972,0.0,0.0992208,0.0,0.0,0.0006695702,-26.844215,2.2075179,0.7358393,0.136,0.0,0.11606682,4.0899987,4.099999,1315200
hardzero_plus_depr__c0p56__z1p00__lam0p010__nu0p50__psi1p00,hardzero_plus_depr,0.04,34,411,0.0,1,0.50350535,0.50350535,1.0389568,0.0,0.091420434,0.0,0.0,0.0006629077,-27.052822,2.2857506,0.7619169,0.112,0.0,0.143152,4.099999,4.109999,1318400
hardzero_plus_depr__c0p56__z1p00__lam0p010__nu0p50__psi1p00,hardzero_plus_depr,0.04,34,412,0.0,1,0.50350535,0.50350535,1.0229201,0.0,0.09485928,0.0,0.0,0.0006563115,-27.667824,2.2504692,0.7501564,0.112,0.0,0.14600502,4.109999,4.1199994,1321600
hardzero_plus_depr__c0p56__z1p00__lam0p010__nu0p50__psi1p00,hardzero_plus_depr,0.04,34,413,0.0,1,0.50350535,0.50350535,1.0918261,0.0,0.08094198,0.0,0.0,0.00064978097,-28.300152,2.4020653,0.80068845,0.208,0.0,0.18494195,4.1199994,4.1299996,1324800
hardzero_plus_depr__c0p56__z1p00__lam0p010__nu0p50__psi1p00,hardzero_plus_depr,0.04,34,414,0.0,1,0.50350535,0.50350535,1.0387868,0.0,0.091456205,0.0,0.0,0.0006433154,-27.294529,2.2853765,0.7617922,0.096,0.0,0.1552931,4.1299996,4.14,1328000
hardzero_plus_depr__c0p56__z1p00__lam0p010__nu0p50__psi1p00,hardzero_plus_depr,0.04,34,415,0.0,1,0.50350535,0.50350535,1.1093469,0.0,0.07774153,0.0,0.0,0.00063691416,-28.76171,2.4406118,0.8135373,0.072000004,0.0,0.15458313,4.14,4.15,1331200
hardzero_plus_depr__c0p56__z1p00__lam0p010__nu0p50__psi1p00,hardzero_plus_depr,0.04,34,416,0.0,1,0.50350535,0.50350535,1.0143037,0.0,0.0967601,0.0,0.0,0.0006305766,-26.764633,2.2315128,0.7438376,0.16,0.0,0.13226213,4.15,4.1600003,1334400
hardzero_plus_depr__c0p56__z1p00__lam0p010__nu0p50__psi1p00,hardzero_plus_depr,0.04,34,417,0.0,1,0.50350535,0.50356793,0.9987533,0.10028747,0.10028747,1.0,6.260968e-05,0.00062430213,-26.491735,2.1973011,0.73243374,0.15200001,0.0,0.13277213,4.1600003,4.1700006,1337600
hardzero_plus_depr__c0p56__z1p00__lam0p010__nu0p50__psi1p00,hardzero_plus_depr,0.04,34,418,0.0,1,0.50356793,0.50356793,1.0220737,0.0,0.09504433,0.0,0.0,0.00061809004,-26.791498,2.2486072,0.74953574,0.136,0.0,0.1464311,4.1700006,4.180001,1340800
hardzero_plus_depr__c0p56__z1p00__lam0p010__nu0p50__psi1p00,hardzero_plus_depr,0.04,34,419,0.0,1,0.50356793,0.50356793,1.0343225,0.0,0.09240117,0.0,0.0,0.0006119398,-27.951248,2.275555,0.75851834,0.16800001,0.0,0.16403899,4.180001,4.190001,1344000
hardzero_plus_depr__c0p56__z1p00__lam0p010__nu0p50__psi1p00,hardzero_plus_depr,0.04,34,420,0.0,1,0.50356793,0.50356793,1.0451947,0.0,0.090116695,0.0,0.0,0.0006058508,-27.303715,2.2994742,0.7664914,0.18400002,0.0,0.18193404,4.190001,4.2000012,1347200
hardzero_plus_depr__c0p56__z1p00__lam0p010__nu0p50__psi1p00,hardzero_plus_depr,0.04,34,421,0.0,1,0.50356793,0.50356793,1.0250717,0.0,0.094390504,0.0,0.0,0.0005998224,-27.07356,2.2552028,0.75173426,0.136,0.0,0.17376058,4.2000012,4.2100015,1350400
hardzero_plus_depr__c0p56__z1p00__lam0p010__nu0p50__psi1p00,hardzero_plus_depr,0.04,34,422,0.0,1,0.50356793,0.50356793,1.107275,0.0,0.0781133,0.0,0.0,0.0005938538,-28.546095,2.4360538,0.8120179,0.096,0.0,0.16612633,4.2100015,4.2200017,1353600
hardzero_plus_depr__c0p56__z1p00__lam0p010__nu0p50__psi1p00,hardzero_plus_depr,0.04,34,423,0.0,1,0.50356793,0.50356793,1.0369395,0.0,0.09184606,0.0,0.0,0.00058794476,-27.375046,2.2813125,0.7604375,0.18400002,0.0,0.14579,4.2200017,4.230002,1356800
hardzero_plus_depr__c0p56__z1p00__lam0p010__nu0p50__psi1p00,hardzero_plus_depr,0.04,34,424,0.0,1,0.50356793,0.5036276,0.98923117,0.10251062,0.10251062,1.0,5.9670867e-05,0.0005820945,-26.677654,2.176352,0.7254507,0.16800001,0.0,0.15832613,4.230002,4.240002,1360000
hardzero_plus_depr__c0p56__z1p00__lam0p010__nu0p50__psi1p00,hardzero_plus_depr,0.04,34,425,0.0,1,0.5036276,0.5036276,1.0858891,0.0,0.0820561,0.0,0.0,0.0005763024,-28.380735,2.3890038,0.7963346,0.136,0.0,0.15446496,4.240002,4.2500024,1363200
hardzero_plus_depr__c0p56__z1p00__lam0p010__nu0p50__psi1p00,hardzero_plus_depr,0.04,34,426,0.0,1,0.5036276,0.50368583,0.99123937,0.10203769,0.10203769,1.0,5.8219444e-05,0.000570568,-26.97576,2.1807702,0.7269234,0.16000001,0.0,0.1282468,4.2500024,4.2600026,1366400
hardzero_plus_depr__c0p56__z1p00__lam0p010__nu0p50__psi1p00,hardzero_plus_depr,0.04,34,427,0.0,1,0.50368583,0.50368583,1.0239646,0.0,0.09463142,0.0,0.0,0.0005648906,-27.661623,2.2527673,0.75092244,0.216,0.0,0.16776818,4.2600026,4.270003,1369600
hardzero_plus_depr__c0p56__z1p00__lam0p010__nu0p50__psi1p00,hardzero_plus_depr,0.04,34,428,0.0,1,0.50368583,0.50368583,1.0915785,0.0,0.08098816,0.0,0.0,0.00055926974,-28.009464,2.4015205,0.80050683,0.14400001,0.0,0.16844714,4.270003,4.280003,1372800
hardzero_plus_depr__c0p56__z1p00__lam0p010__nu0p50__psi1p00,hardzero_plus_depr,0.04,34,429,0.0,1,0.50368583,0.50368583,1.0367162,0.0,0.09189328,0.0,0.0,0.00055370474,-26.996723,2.2808213,0.7602738,0.14999999,0.0,0.15555753,4.280003,4.2900033,1376000
hardzero_plus_depr__c0p56__z1p00__lam0p010__nu0p50__psi1p00,hardzero_plus_depr,0.04,34,430,0.0,1,0.50368583,0.50368583,1.0622582,0.0,0.08664465,0.0,0.0,0.0005481952,-27.634272,2.337015,0.779005,0.14400001,0.0,0.15381145,4.2900033,4.3000035,1379200
hardzero_plus_depr__c0p56__z1p00__lam0p010__nu0p50__psi1p00,hardzero_plus_depr,0.04,34,431,0.0,1,0.50368583,0.50368583,1.0011178,0.0,0.099742934,0.0,0.0,0.00054274045,-26.94809,2.2025032,0.73416775,0.14400001,0.0,0.12871283,4.3000035,4.3100038,1382400
hardzero_plus_depr__c0p56__z1p00__lam0p010__nu0p50__psi1p00,hardzero_plus_depr,0.04,34,432,0.0,1,0.50368583,0.50368583,1.0178745,0.0,0.09596779,0.0,0.0,0.00053733995,-26.591635,2.2393687,0.74645627,0.120000005,0.0,0.1582198,4.3100038,4.320004,1385600
hardzero_plus_depr__c0p56__z1p00__lam0p010__nu0p50__psi1p00,hardzero_plus_depr,0.04,34,433,0.0,1,0.50368583,0.50368583,1.0902324,0.0,0.081239566,0.0,0.0,0.0005319932,-28.260344,2.398559,0.7995197,0.104,0.0,0.15715282,4.320004,4.330004,1388800
hardzero_plus_depr__c0p56__z1p00__lam0p010__nu0p50__psi1p00,hardzero_plus_depr,0.04,34,434,0.0,1,0.50368583,0.50373954,0.99175835,0.10191583,0.10191583,1.0,5.3679032e-05,0.00052669964,-26.428474,2.181912,0.727304,0.2,0.0,0.15244175,4.330004,4.3400044,1392000
hardzero_plus_depr__c0p56__z1p00__lam0p010__nu0p50__psi1p00,hardzero_plus_depr,0.04,34,435,0.0,1,0.50373954,0.50373954,1.0637118,0.0,0.086355135,0.0,0.0,0.0005214588,-27.949345,2.3402126,0.7800709,0.08800001,0.0,0.14470094,4.3400044,4.3500047,1395200
hardzero_plus_depr__c0p56__z1p00__lam0p010__nu0p50__psi1p00,hardzero_plus_depr,0.04,34,436,0.0,1,0.50373954,0.50373954,1.0606546,0.0,0.086965166,0.0,0.0,0.0005162701,-27.328402,2.3334868,0.77782893,0.16000001,0.0,0.1412344,4.3500047,4.360005,1398400
hardzero_plus_depr__c0p56__z1p00__lam0p010__nu0p50__psi1p00,hardzero_plus_depr,0.04,34,437,0.0,1,0.50373954,0.50373954,1.1046535,0.0,0.07858625,0.0,0.0,0.000511133,-28.017393,2.4302862,0.8100954,0.128,0.0,0.18096851,4.360005,4.370005,1401600
hardzero_plus_depr__c0p56__z1p00__lam0p010__nu0p50__psi1p00,hardzero_plus_depr,0.04,34,438,0.0,1,0.50373954,0.50379133,0.9898586,0.10236261,0.10236261,1.0,5.1800296e-05,0.00050604704,-27.006174,2.1777325,0.72591084,0.18400002,0.0,0.14215632,4.370005,4.3800054,1404800
hardzero_plus_depr__c0p56__z1p00__lam0p010__nu0p50__psi1p00,hardzero_plus_depr,0.04,34,439,0.0,1,0.50379133,0.50379133,1.0248744,0.0,0.09443338,0.0,0.0,0.0005010117,-27.200497,2.2547688,0.75158966,0.16800001,0.0,0.13052465,4.3800054,4.3900056,1408000
hardzero_plus_depr__c0p56__z1p00__lam0p010__nu0p50__psi1p00,hardzero_plus_depr,0.04,34,440,0.0,1,0.50379133,0.50379133,1.0842668,0.0,0.082363196,0.0,0.0,0.00049602636,-28.053509,2.3854346,0.7951449,0.136,0.0,0.19020306,4.3900056,4.400006,1411200
hardzero_plus_depr__c0p56__z1p00__lam0p010__nu0p50__psi1p00,hardzero_plus_depr,0.04,34,441,0.0,1,0.50379133,0.50379133,1.0388718,0.0,0.09143833,0.0,0.0,0.00049109076,-28.255497,2.2855635,0.7618545,0.2,0.0,0.2029566,4.400006,4.410006,1414400
hardzero_plus_depr__c0p56__z1p00__lam0p010__nu0p50__psi1p00,hardzero_plus_depr,0.04,34,442,0.0,1,0.50379133,0.50379133,1.0394244,0.0,0.09132203,0.0,0.0,0.0004862042,-28.411276,2.2867794,0.76225984,0.13,0.0,0.17668319,4.410006,4.4200063,1417600
hardzero_plus_depr__c0p56__z1p00__lam0p010__nu0p50__psi1p00,hardzero_plus_depr,0.04,34,443,0.0,1,0.50379133,0.5038395,0.99985415,0.100033596,0.100033596,1.0,4.81528e-05,0.00048136627,-26.968056,2.199723,0.733241,0.2,0.0,0.15293175,4.4200063,4.4300065,1420800
hardzero_plus_depr__c0p56__z1p00__lam0p010__nu0p50__psi1p00,hardzero_plus_depr,0.04,34,444,0.0,1,0.5038395,0.5038395,1.0989386,0.0,0.0796272,0.0,0.0,0.00047657648,-29.28825,2.4177132,0.8059044,0.120000005,0.0,0.15670557,4.4300065,4.4400067,1424000
hardzero_plus_depr__c0p56__z1p00__lam0p010__nu0p50__psi1p00,hardzero_plus_depr,0.04,34,445,0.0,1,0.5038395,0.5038395,1.0096332,0.0,0.09780628,0.0,0.0,0.00047183436,-27.500986,2.2212374,0.7404125,0.17600001,0.0,0.15220357,4.4400067,4.450007,1427200
hardzero_plus_depr__c0p56__z1p00__lam0p010__nu0p50__psi1p00,hardzero_plus_depr,0.04,34,446,0.0,1,0.5038395,0.5038395,1.0309733,0.0,0.093116514,0.0,0.0,0.00046713944,-27.396055,2.2681866,0.7560622,0.18400002,0.0,0.1497035,4.450007,4.460007,1430400
hardzero_plus_depr__c0p56__z1p00__lam0p010__nu0p50__psi1p00,hardzero_plus_depr,0.04,34,447,0.0,1,0.5038395,0.5038395,1.0259026,0.0,0.09421008,0.0,0.0,0.0004624912,-27.037868,2.257031,0.75234365,0.120000005,0.0,0.1338884,4.460007,4.4700074,1433600
hardzero_plus_depr__c0p56__z1p00__lam0p010__nu0p50__psi1p00,hardzero_plus_depr,0.04,34,448,0.0,1,0.5038395,0.5038395,1.1302994,0.0,0.07407994,0.0,0.0,0.00045788925,-28.519325,2.4867084,0.82890284,0.112,0.0,0.1746056,4.4700074,4.4800076,1436800
hardzero_plus_depr__c0p56__z1p00__lam0p010__nu0p50__psi1p00,hardzero_plus_depr,0.04,34,449,0.0,1,0.5038395,0.5038395,1.0443159,0.0,0.09029923,0.0,0.0,0.00045333305,-28.374998,2.297541,0.76584697,0.17600001,0.0,0.16254693,4.4800076,4.490008,1440000
hardzero_plus_depr__c0p56__z1p00__lam0p010__nu0p50__psi1p00,hardzero_plus_depr,0.04,34,450,0.0,1,0.5038395,0.5038395,1.0422035,0.0,0.09073951,0.0,0.0,0.00044882222,-28.157019,2.2928936,0.7642979,0.16800001,0.0,0.16439761,4.490008,4.500008,1443200
hardzero_plus_depr__c0p56__z1p00__lam0p010__nu0p50__psi1p00,hardzero_plus_depr,0.04,34,451,0.0,1,0.5038395,0.5038395,1.0635866,0.0,0.086380035,0.0,0.0,0.00044435626,-28.208342,2.3399372,0.7799791,0.15200001,0.0,0.15796912,4.500008,4.5100083,1446400
hardzero_plus_depr__c0p56__z1p00__lam0p010__nu0p50__psi1p00,hardzero_plus_depr,0.04,34,452,0.0,1,0.5038395,0.5038395,1.0764108,0.0,0.083866626,0.0,0.0,0.00043993472,-27.995817,2.368151,0.78938365,0.120000005,0.0,0.16240774,4.5100083,4.5200086,1449600
hardzero_plus_depr__c0p56__z1p00__lam0p010__nu0p50__psi1p00,hardzero_plus_depr,0.04,34,453,0.0,1,0.5038395,0.5038395,1.0216429,0.0,0.09513866,0.0,0.0,0.00043555722,-27.274912,2.2476592,0.7492198,0.16800001,0.0,0.15586588,4.5200086,4.530009,1452800
hardzero_plus_depr__c0p56__z1p00__lam0p010__nu0p50__psi1p00,hardzero_plus_depr,0.04,34,454,0.0,1,0.5038395,0.5038395,1.0433713,0.0,0.09049585,0.0,0.0,0.00043122325,-26.762981,2.2954628,0.7651543,0.15200001,0.0,0.15109058,4.530009,4.540009,1456000
hardzero_plus_depr__c0p56__z1p00__lam0p010__nu0p50__psi1p00,hardzero_plus_depr,0.04,34,455,0.0,1,0.5038395,0.5038395,1.061906,0.0,0.08671495,0.0,0.0,0.0004269324,-27.986376,2.3362398,0.7787466,0.14999999,0.0,0.15763412,4.540009,4.5500093,1459200
hardzero_plus_depr__c0p56__z1p00__lam0p010__nu0p50__psi1p00,hardzero_plus_depr,0.04,34,456,0.0,1,0.5038395,0.5038395,1.041002,0.0,0.0909909,0.0,0.0,0.00042268424,-28.120443,2.2902503,0.76341677,0.15200001,0.0,0.16432753,4.5500093,4.5600095,1462400
hardzero_plus_depr__c0p56__z1p00__lam0p010__nu0p50__psi1p00,hardzero_plus_depr,0.04,34,457,0.0,1,0.5038395,0.5038395,1.0123408,0.0,0.09719842,0.0,0.0,0.00041847836,-27.184753,2.227194,0.742398,0.16000001,0.0,0.14691591,4.5600095,4.5700097,1465600
hardzero_plus_depr__c0p56__z1p00__lam0p010__nu0p50__psi1p00,hardzero_plus_depr,0.04,34,458,0.0,1,0.5038395,0.5038395,1.0204215,0.0,0.09540661,0.0,0.0,0.00041431436,-27.561895,2.2449722,0.7483241,0.224,0.0,0.15829894,4.5700097,4.58001,1468800
hardzero_plus_depr__c0p56__z1p00__lam0p010__nu0p50__psi1p00,hardzero_plus_depr,0.04,34,459,0.0,1,0.5038395,0.5038395,1.0422025,0.0,0.09073973,0.0,0.0,0.00041019177,-27.876394,2.2928913,0.7642971,0.16800001,0.0,0.16108625,4.58001,4.59001,1472000
hardzero_plus_depr__c0p56__z1p00__lam0p010__nu0p50__psi1p00,hardzero_plus_depr,0.04,34,460,0.0,1,0.5038395,0.5038395,1.0694975,0.0,0.085212335,0.0,0.0,0.0004061102,-28.108912,2.3529415,0.78431386,0.136,0.0,0.17503026,4.59001,4.6000104,1475200
hardzero_plus_depr__c0p56__z1p00__lam0p010__nu0p50__psi1p00,hardzero_plus_depr,0.04,34,461,0.0,1,0.5038395,0.5038395,1.0162596,0.0,0.0963253,0.0,0.0,0.00040206924,-26.697083,2.2358155,0.74527186,0.18400002,0.0,0.13873172,4.6000104,4.6100106,1478400
hardzero_plus_depr__c0p56__z1p00__lam0p010__nu0p50__psi1p00,hardzero_plus_depr,0.04,34,462,0.0,1,0.5038395,0.50387955,0.99737537,0.10060617,0.10060617,1.0,4.0048148e-05,0.00039806849,-26.005253,2.1942697,0.73142326,0.192,0.0,0.13192113,4.6100106,4.620011,1481600
hardzero_plus_depr__c0p56__z1p00__lam0p010__nu0p50__psi1p00,hardzero_plus_depr,0.04,34,463,0.0,1,0.50387955,0.5039209,0.9788894,0.104980975,0.104980975,1.0,4.1373798e-05,0.00039410757,-26.463438,2.1535997,0.7178666,0.17600001,0.0,0.13504504,4.620011,4.630011,1484800
hardzero_plus_depr__c0p56__z1p00__lam0p010__nu0p50__psi1p00,hardzero_plus_depr,0.04,34,464,0.0,1,0.5039209,0.5039209,1.0464671,0.0,0.08985307,0.0,0.0,0.00039018603,-27.147028,2.3022735,0.7674245,0.136,0.0,0.15370148,4.630011,4.6400113,1488000
hardzero_plus_depr__c0p56__z1p00__lam0p010__nu0p50__psi1p00,hardzero_plus_depr,0.04,34,465,0.0,1,0.5039209,0.5039209,1.044502,0.0,0.09026055,0.0,0.0,0.00038630355,-27.856592,2.2979503,0.76598346,0.104,0.0,0.16000131,4.6400113,4.6500115,1491200
hardzero_plus_depr__c0p56__z1p00__lam0p010__nu0p50__psi1p00,hardzero_plus_depr,0.04,34,466,0.0,1,0.5039209,0.5039209,1.0173603,0.0,0.096081465,0.0,0.0,0.00038245964,-26.787409,2.2382374,0.74607915,0.16800001,0.0,0.14898856,4.6500115,4.660012,1494400
hardzero_plus_depr__c0p56__z1p00__lam0p010__nu0p50__psi1p00,hardzero_plus_depr,0.04,34,467,0.0,1,0.5039209,0.5039209,1.0350746,0.0,0.0922413,0.0,0.0,0.00037865402,-27.87131,2.2772095,0.75906986,0.192,0.0,0.18374698,4.660012,4.670012,1497600
hardzero_plus_depr__c0p56__z1p00__lam0p010__nu0p50__psi1p00,hardzero_plus_depr,0.04,34,468,0.0,1,0.5039209,0.5039209,1.0671602,0.0,0.08567216,0.0,0.0,0.00037488627,-28.669075,2.3477995,0.78259987,0.12,0.0,0.17700998,4.670012,4.680012,1500800
hardzero_plus_depr__c0p56__z1p00__lam0p010__nu0p50__psi1p00,hardzero_plus_depr,0.04,34,469,0.0,1,0.5039209,0.5039209,1.0516275,0.0,0.08879173,0.0,0.0,0.00037115603,-28.11215,2.3136268,0.77120894,0.128,0.0,0.15502486,4.680012,4.6900125,1504000
hardzero_plus_depr__c0p56__z1p00__lam0p010__nu0p50__psi1p00,hardzero_plus_depr,0.04,34,470,0.0,1,0.5039209,0.50395936,0.98005635,0.10469928,0.10469928,1.0,3.8473092e-05,0.00036746284,-25.986017,2.156167,0.71872234,0.23200001,0.0,0.16448098,4.6900125,4.7000127,1507200
hardzero_plus_depr__c0p56__z1p00__lam0p010__nu0p50__psi1p00,hardzero_plus_depr,0.04,34,471,0.0,1,0.50395936,0.50395936,1.09791,0.0,0.079816,0.0,0.0,0.00036380647,-29.032082,2.4154503,0.80515015,0.072000004,0.0,0.17442477,4.7000127,4.710013,1510400
hardzero_plus_depr__c0p56__z1p00__lam0p010__nu0p50__psi1p00,hardzero_plus_depr,0.04,34,472,0.0,1,0.50395936,0.50395936,1.0838493,0.0,0.08244241,0.0,0.0,0.00036018642,-27.781244,2.384516,0.79483867,0.120000005,0.0,0.15696162,4.710013,4.720013,1513600
hardzero_plus_depr__c0p56__z1p00__lam0p010__nu0p50__psi1p00,hardzero_plus_depr,0.04,34,473,0.0,1,0.50395936,0.50395936,1.0495152,0.0,0.089224644,0.0,0.0,0.00035660248,-27.813032,2.3089797,0.76965994,0.18400002,0.0,0.15361395,4.720013,4.7300134,1516800
hardzero_plus_depr__c0p56__z1p00__lam0p010__nu0p50__psi1p00,hardzero_plus_depr,0.04,34,474,0.0,1,0.50395936,0.50395936,1.0558448,0.0,0.08793366,0.0,0.0,0.00035305409,-26.949865,2.3229048,0.77430165,0.136,0.0,0.15014534,4.7300134,4.7400136,1520000
hardzero_plus_depr__c0p56__z1p00__lam0p010__nu0p50__psi1p00,hardzero_plus_depr,0.04,34,475,0.0,1,0.50395936,0.50395936,1.0245711,0.0,0.09449937,0.0,0.0,0.00034954108,-27.410809,2.2541013,0.7513671,0.128,0.0,0.1422649,4.7400136,4.750014,1523200
hardzero_plus_depr__c0p56__z1p00__lam0p010__nu0p50__psi1p00,hardzero_plus_depr,0.04,34,476,0.0,1,0.50395936,0.50395936,1.0431997,0.0,0.09053163,0.0,0.0,0.000346063,-27.290426,2.295085,0.76502836,0.14400001,0.0,0.1426283,4.750014,4.760014,1526400
hardzero_plus_depr__c0p56__z1p00__lam0p010__nu0p50__psi1p00,hardzero_plus_depr,0.04,34,477,0.0,1,0.50395936,0.50395936,1.0085533,0.0,0.098049805,0.0,0.0,0.00034261952,-26.799086,2.2188616,0.73962057,0.120000005,0.0,0.1436457,4.760014,4.7700143,1529600
hardzero_plus_depr__c0p56__z1p00__lam0p010__nu0p50__psi1p00,hardzero_plus_depr,0.04,34,478,0.0,1,0.50395936,0.50395936,1.0916034,0.0,0.08098351,0.0,0.0,0.00033921035,-28.402824,2.4015753,0.8005251,0.128,0.0,0.1648066,4.7700143,4.7800145,1532800
hardzero_plus_depr__c0p56__z1p00__lam0p010__nu0p50__psi1p00,hardzero_plus_depr,0.04,34,479,0.0,1,0.50395936,0.50395936,1.0126973,0.0,0.097118646,0.0,0.0,0.0003358351,-27.102755,2.2279787,0.74265957,0.14400001,0.0,0.16774884,4.7800145,4.7900147,1536000
hardzero_plus_depr__c0p56__z1p00__lam0p010__nu0p50__psi1p00,hardzero_plus_depr,0.04,34,480,0.0,1,0.50395936,0.50395936,1.0302039,0.0,0.09328161,0.0,0.0,0.0003324934,-26.353186,2.2664938,0.75549793,0.14400001,0.0,0.15631984,4.7900147,4.800015,1539200
hardzero_plus_depr__c0p56__z1p00__lam0p010__nu0p50__psi1p00,hardzero_plus_depr,0.04,34,481,0.0,1,0.50395936,0.50395936,1.0330309,0.0,0.092676386,0.0,0.0,0.00032918493,-26.973362,2.2727132,0.7575711,0.17999999,0.0,0.13781442,4.800015,4.810015,1542400
hardzero_plus_depr__c0p56__z1p00__lam0p010__nu0p50__psi1p00,hardzero_plus_depr,0.04,34,482,0.0,1,0.50395936,0.50395936,1.0421283,0.0,0.09075524,0.0,0.0,0.00032590944,-27.940006,2.2927282,0.76424277,0.15200001,0.0,0.14379537,4.810015,4.8200154,1545600
hardzero_plus_depr__c0p56__z1p00__lam0p010__nu0p50__psi1p00,hardzero_plus_depr,0.04,34,483,0.0,1,0.50395936,0.50395936,1.0336628,0.0,0.09254163,0.0,0.0,0.00032266648,-26.882713,2.2741036,0.7580346,0.136,0.0,0.1419807,4.8200154,4.8300157,1548800
hardzero_plus_depr__c0p56__z1p00__lam0p010__nu0p50__psi1p00,hardzero_plus_depr,0.04,34,484,0.0,1,0.50395936,0.50395936,1.025867,0.0,0.0942178,0.0,0.0,0.00031945587,-26.981499,2.2569525,0.75231755,0.14400001,0.0,0.13510962,4.8300157,4.840016,1552000
hardzero_plus_depr__c0p56__z1p00__lam0p010__nu0p50__psi1p00,hardzero_plus_depr,0.04,34,485,0.0,1,0.50395936,0.50395936,1.0076478,0.0,0.09825446,0.0,0.0,0.0003162771,-27.134197,2.2168694,0.73895645,0.128,0.0,0.16762085,4.840016,4.850016,1555200
hardzero_plus_depr__c0p56__z1p00__lam0p010__nu0p50__psi1p00,hardzero_plus_depr,0.04,34,486,0.0,1,0.50395936,0.50395936,1.0255371,0.0,0.0942894,0.0,0.0,0.00031313006,-27.536972,2.2562268,0.7520756,0.16800001,0.0,0.16765535,4.850016,4.8600163,1558400
hardzero_plus_depr__c0p56__z1p00__lam0p010__nu0p50__psi1p00,hardzero_plus_depr,0.04,34,487,0.0,1,0.50395936,0.50395936,1.0364625,0.0,0.091946974,0.0,0.0,0.00031001426,-26.87709,2.2802632,0.7600877,0.18400002,0.0,0.14557661,4.8600163,4.8700166,1561600
hardzero_plus_depr__c0p56__z1p00__lam0p010__nu0p50__psi1p00,hardzero_plus_depr,0.04,34,488,0.0,1,0.50395936,0.50395936,1.101711,0.0,0.07912049,0.0,0.0,0.00030692952,-28.92903,2.4238126,0.80793756,0.17600001,0.0,0.17753899,4.8700166,4.880017,1564800
hardzero_plus_depr__c0p56__z1p00__lam0p010__nu0p50__psi1p00,hardzero_plus_depr,0.04,34,489,0.0,1,0.50395936,0.50395936,1.0861969,0.0,0.081997976,0.0,0.0,0.00030387545,-28.04627,2.3896809,0.7965603,0.112,0.0,0.17023198,4.880017,4.890017,1568000
hardzero_plus_depr__c0p56__z1p00__lam0p010__nu0p50__psi1p00,hardzero_plus_depr,0.04,34,490,0.0,1,0.50395936,0.50399023,0.98889714,0.102589495,0.102589495,1.0,3.086423e-05,0.00030085177,-26.76426,2.1756172,0.7252058,0.208,0.0,0.14828487,4.890017,4.9000173,1571200
hardzero_plus_depr__c0p56__z1p00__lam0p010__nu0p50__psi1p00,hardzero_plus_depr,0.04,34,491,0.0,1,0.50399023,0.50399023,1.0604519,0.0,0.08700577,0.0,0.0,0.00029785818,-27.92193,2.3330407,0.7776803,0.15200001,0.0,0.15062785,4.9000173,4.9100175,1574400
hardzero_plus_depr__c0p56__z1p00__lam0p010__nu0p50__psi1p00,hardzero_plus_depr,0.04,34,492,0.0,1,0.50399023,0.50399023,1.0601348,0.0,0.08706933,0.0,0.0,0.00029489436,-27.907063,2.332343,0.7774477,0.16800001,0.0,0.14834794,4.9100175,4.9200177,1577600
hardzero_plus_depr__c0p56__z1p00__lam0p010__nu0p50__psi1p00,hardzero_plus_depr,0.04,34,493,0.0,1,0.50399023,0.50399023,1.0336174,0.0,0.09255131,0.0,0.0,0.00029196005,-27.49398,2.2740037,0.75800127,0.096,0.0,0.15461166,4.9200177,4.930018,1580800
hardzero_plus_depr__c0p56__z1p00__lam0p010__nu0p50__psi1p00,hardzero_plus_depr,0.04,34,494,0.0,1,0.50399023,0.5040195,0.9950568,0.10114471,0.10114471,1.0,2.9236377e-05,0.00028905494,-27.62473,2.1891687,0.7297229,0.17999999,0.0,0.13593774,4.930018,4.940018,1584000
hardzero_plus_depr__c0p56__z1p00__lam0p010__nu0p50__psi1p00,hardzero_plus_depr,0.04,34,495,0.0,1,0.5040195,0.5040484,0.99554914,0.101030104,0.101030104,1.0,2.8912666e-05,0.00028617872,-26.67148,2.1902518,0.73008394,0.16800001,0.0,0.14295149,4.940018,4.9500184,1587200
hardzero_plus_depr__c0p56__z1p00__lam0p010__nu0p50__psi1p00,hardzero_plus_depr,0.04,34,496,0.0,1,0.5040484,0.5040768,0.99932396,0.10015578,0.10015578,1.0,2.8377248e-05,0.00028333112,-26.963951,2.1985567,0.7328522,0.15200001,0.0,0.1427378,4.9500184,4.9600186,1590400
hardzero_plus_depr__c0p56__z1p00__lam0p010__nu0p50__psi1p00,hardzero_plus_depr,0.04,34,497,0.0,1,0.5040768,0.5040768,1.0562841,0.0,0.087844774,0.0,0.0,0.0002805119,-27.697193,2.3238714,0.7746238,0.16000001,0.0,0.14853694,4.9600186,4.970019,1593600
hardzero_plus_depr__c0p56__z1p00__lam0p010__nu0p50__psi1p00,hardzero_plus_depr,0.04,34,498,0.0,1,0.5040768,0.5040768,1.0272362,0.0,0.09392124,0.0,0.0,0.00027772068,-27.115906,2.259965,0.75332165,0.18400002,0.0,0.13240881,4.970019,4.980019,1596800
hardzero_plus_depr__c0p56__z1p00__lam0p010__nu0p50__psi1p00,hardzero_plus_depr,0.04,34,499,0.0,1,0.5040768,0.5040768,1.0252335,0.0,0.09435533,0.0,0.0,0.00027495724,-27.873396,2.2555587,0.7518529,0.16800001,0.0,0.16018139,4.980019,4.9900193,1600000
hardzero_plus_depr__c0p56__z1p00__lam0p010__nu0p50__psi1p00,hardzero_plus_depr,0.04,34,500,0.0,1,0.5040768,0.5040768,1.0145776,0.0,0.09669908,0.0,0.0,0.0002722213,-27.544687,2.2321153,0.74403846,0.18400002,0.0,0.16652954,4.9900193,5.0000196,1603200
hardzero_plus_depr__c0p56__z1p00__lam0p010__nu0p50__psi1p00,hardzero_plus_depr,0.04,34,501,0.0,1,0.5040768,0.5040768,1.0284368,0.0,0.09366196,0.0,0.0,0.00026951262,-27.435043,2.2626061,0.75420207,0.120000005,0.0,0.14876506,5.0000196,5.01002,1606400
hardzero_plus_depr__c0p56__z1p00__lam0p010__nu0p50__psi1p00,hardzero_plus_depr,0.04,34,502,0.0,1,0.5040768,0.5040768,1.0138799,0.0,0.096854575,0.0,0.0,0.00026683084,-27.266726,2.2305803,0.7435268,0.16000001,0.0,0.15398802,5.01002,5.02002,1609600
hardzero_plus_depr__c0p56__z1p00__lam0p010__nu0p50__psi1p00,hardzero_plus_depr,0.04,34,503,0.0,1,0.5040768,0.5040768,1.0472053,0.0,0.08970046,0.0,0.0,0.0002641758,-27.232794,2.3038979,0.767966,0.112,0.0,0.17158955,5.02002,5.03002,1612800
hardzero_plus_depr__c0p56__z1p00__lam0p010__nu0p50__psi1p00,hardzero_plus_depr,0.04,34,504,0.0,1,0.5040768,0.50410354,0.9903659,0.1022431,0.1022431,1.0,2.674139e-05,0.00026154713,-26.017838,2.1788485,0.72628284,0.17600001,0.0,0.15049312,5.03002,5.0400205,1616000
hardzero_plus_depr__c0p56__z1p00__lam0p010__nu0p50__psi1p00,hardzero_plus_depr,0.04,34,505,0.0,1,0.50410354,0.50410354,1.0316607,0.0,0.09296924,0.0,0.0,0.00025894464,-27.100952,2.2696989,0.7565663,0.16000001,0.0,0.16782878,5.0400205,5.0500207,1619200
hardzero_plus_depr__c0p56__z1p00__lam0p010__nu0p50__psi1p00,hardzero_plus_depr,0.04,34,506,0.0,1,0.50410354,0.50410354,1.0402185,0.0,0.0911552,0.0,0.0,0.00025636802,-27.85749,2.2885263,0.7628421,0.136,0.0,0.14613332,5.0500207,5.060021,1622400
hardzero_plus_depr__c0p56__z1p00__lam0p010__nu0p50__psi1p00,hardzero_plus_depr,0.04,34,507,0.0,1,0.50410354,0.50412893,0.9996613,0.10007802,0.10007802,1.0,2.5401509e-05,0.00025381707,-26.571327,2.1992989,0.73309964,0.17999999,0.0,0.14408122,5.060021,5.070021,1625600
hardzero_plus_depr__c0p56__z1p00__lam0p010__nu0p50__psi1p00,hardzero_plus_depr,0.04,34,508,0.0,1,0.50412893,0.50412893,1.0451995,0.0,0.09011571,0.0,0.0,0.0002512915,-27.51654,2.299485,0.766495,0.128,0.0,0.14940901,5.070021,5.0800214,1628800
hardzero_plus_depr__c0p56__z1p00__lam0p010__nu0p50__psi1p00,hardzero_plus_depr,0.04,34,509,0.0,1,0.50412893,0.50412893,1.0336549,0.0,0.092543304,0.0,0.0,0.00024879104,-27.086803,2.2740862,0.75802875,0.104,0.0,0.14813378,5.0800214,5.0900216,1632000
hardzero_plus_depr__c0p56__z1p00__lam0p010__nu0p50__psi1p00,hardzero_plus_depr,0.04,34,510,0.0,1,0.50412893,0.50412893,1.0203733,0.0,0.09541718,0.0,0.0,0.00024631547,-27.55109,2.2448661,0.74828875,0.192,0.0,0.1376725,5.0900216,5.100022,1635200
hardzero_plus_depr__c0p56__z1p00__lam0p010__nu0p50__psi1p00,hardzero_plus_depr,0.04,34,511,0.0,1,0.50412893,0.5041539,0.9894969,0.1024479,0.1024479,1.0,2.4983407e-05,0.00024386452,-26.950338,2.1769366,0.72564554,0.17600001,0.0,0.18167563,5.100022,5.110022,1638400
hardzero_plus_depr__c0p56__z1p00__lam0p010__nu0p50__psi1p00,hardzero_plus_depr,0.04,34,512,0.0,1,0.5041539,0.5041539,1.039993,0.0,0.091202535,0.0,0.0,0.00024143797,-28.1113,2.2880304,0.76267684,0.14400001,0.0,0.15499756,5.110022,5.1200223,1641600
hardzero_plus_depr__c0p56__z1p00__lam0p010__nu0p50__psi1p00,hardzero_plus_depr,0.04,34,513,0.0,1,0.5041539,0.5041539,1.0972048,0.0,0.07994571,0.0,0.0,0.0002390356,-28.479528,2.4138987,0.8046329,0.096,0.0,0.15068316,5.1200223,5.1300225,1644800
hardzero_plus_depr__c0p56__z1p00__lam0p010__nu0p50__psi1p00,hardzero_plus_depr,0.04,34,514,0.0,1,0.5041539,0.5041539,1.0565665,0.0,0.08778767,0.0,0.0,0.00023665708,-26.752663,2.3244927,0.77483094,0.15200001,0.0,0.15444471,5.1300225,5.1400228,1648000
hardzero_plus_depr__c0p56__z1p00__lam0p010__nu0p50__psi1p00,hardzero_plus_depr,0.04,34,515,0.0,1,0.5041539,0.5041539,1.0853819,0.0,0.082151994,0.0,0.0,0.00023430224,-27.818577,2.3878877,0.7959626,0.136,0.0,0.13983776,5.1400228,5.150023,1651200
hardzero_plus_depr__c0p56__z1p00__lam0p010__nu0p50__psi1p00,hardzero_plus_depr,0.04,34,516,0.0,1,0.5041539,0.5041539,1.0201656,0.0,0.095462844,0.0,0.0,0.00023197084,-26.369537,2.244409,0.7481364,0.16000001,0.0,0.14339702,5.150023,5.160023,1654400
hardzero_plus_depr__c0p56__z1p00__lam0p010__nu0p50__psi1p00,hardzero_plus_depr,0.04,34,517,0.0,1,0.5041539,0.50417835,0.97304577,0.10640308,0.10640308,1.0,2.4436813e-05,0.00022966265,-26.32555,2.1407435,0.7135812,0.208,0.0,0.13478123,5.160023,5.1700234,1657600
hardzero_plus_depr__c0p56__z1p00__lam0p010__nu0p50__psi1p00,hardzero_plus_depr,0.04,34,518,0.0,1,0.50417835,0.5042015,0.9928433,0.101661555,0.101661555,1.0,2.3115543e-05,0.00022737743,-27.852085,2.1842988,0.7280996,0.2,0.0,0.1454219,5.1700234,5.1800237,1660800
hardzero_plus_depr__c0p56__z1p00__lam0p010__nu0p50__psi1p00,hardzero_plus_depr,0.04,34,519,0.0,1,0.5042015,0.5042015,1.0523974,0.0,0.08863447,0.0,0.0,0.00022511493,-28.268257,2.3153205,0.7717735,0.15200001,0.0,0.19101714,5.1800237,5.190024,1664000
hardzero_plus_depr__c0p56__z1p00__lam0p010__nu0p50__psi1p00,hardzero_plus_depr,0.04,34,520,0.0,1,0.5042015,0.5042015,1.0417715,0.0,0.09082981,0.0,0.0,0.00022287495,-27.758257,2.291943,0.76398104,0.17,0.0,0.15434578,5.190024,5.200024,1667200
hardzero_plus_depr__c0p56__z1p00__lam0p010__nu0p50__psi1p00,hardzero_plus_depr,0.04,34,521,0.0,1,0.5042015,0.5042015,1.034255,0.0,0.092415534,0.0,0.0,0.00022065725,-27.43303,2.2754066,0.75846887,0.136,0.0,0.16224702,5.200024,5.2100244,1670400
hardzero_plus_depr__c0p56__z1p00__lam0p010__nu0p50__psi1p00,hardzero_plus_depr,0.04,34,522,0.0,1,0.5042015,0.5042015,1.073949,0.0,0.08434339,0.0,0.0,0.00021846162,-28.538443,2.362735,0.78757834,0.072000004,0.0,0.16215935,5.2100244,5.2200246,1673600
hardzero_plus_depr__c0p56__z1p00__lam0p010__nu0p50__psi1p00,hardzero_plus_depr,0.04,34,523,0.0,1,0.5042015,0.5042015,1.0383997,0.0,0.091537766,0.0,0.0,0.00021628785,-27.103773,2.284525,0.76150835,0.136,0.0,0.15939721,5.2200246,5.230025,1676800
hardzero_plus_depr__c0p56__z1p00__lam0p010__nu0p50__psi1p00,hardzero_plus_depr,0.04,34,524,0.0,1,0.5042015,0.5042015,1.0008837,0.0,0.09979671,0.0,0.0,0.0002141357,-28.031641,2.201988,0.73399603,0.17600001,0.0,0.1538208,5.230025,5.240025,1680000
hardzero_plus_depr__c0p56__z1p00__lam0p010__nu0p50__psi1p00,hardzero_plus_depr,0.04,34,525,0.0,1,0.5042015,0.5042015,1.0572016,0.0,0.08765937,0.0,0.0,0.00021200496,-27.76744,2.32589,0.7752967,0.112,0.0,0.141222,5.240025,5.2500253,1683200
hardzero_plus_depr__c0p56__z1p00__lam0p010__nu0p50__psi1p00,hardzero_plus_depr,0.04,34,526,0.0,1,0.5042015,0.5042015,1.0385169,0.0,0.09151307,0.0,0.0,0.00020989543,-27.995338,2.2847826,0.76159424,0.18400002,0.0,0.15083107,5.2500253,5.2600255,1686400
hardzero_plus_depr__c0p56__z1p00__lam0p010__nu0p50__psi1p00,hardzero_plus_depr,0.04,34,527,0.0,1,0.5042015,0.5042015,1.0298547,0.0,0.093356654,0.0,0.0,0.00020780688,-27.377619,2.2657256,0.7552419,0.17600001,0.0,0.16431066,5.2600255,5.2700257,1689600
hardzero_plus_depr__c0p56__z1p00__lam0p010__nu0p50__psi1p00,hardzero_plus_depr,0.04,34,528,0.0,1,0.5042015,0.5042015,1.0275645,0.0,0.093850255,0.0,0.0,0.00020573914,-27.313017,2.260687,0.7535624,0.128,0.0,0.13029613,5.2700257,5.280026,1692800
hardzero_plus_depr__c0p56__z1p00__lam0p010__nu0p50__psi1p00,hardzero_plus_depr,0.04,34,529,0.0,1,0.5042015,0.5042015,1.0162715,0.0,0.09632266,0.0,0.0,0.00020369195,-27.529793,2.235842,0.7452807,0.18400002,0.0,0.14424945,5.280026,5.290026,1696000
hardzero_plus_depr__c0p56__z1p00__lam0p010__nu0p50__psi1p00,hardzero_plus_depr,0.04,34,530,0.0,1,0.5042015,0.5042015,1.062783,0.0,0.08654001,0.0,0.0,0.00020166514,-27.598898,2.3381693,0.7793898,0.112,0.0,0.15776931,5.290026,5.3000264,1699200
hardzero_plus_depr__c0p56__z1p00__lam0p010__nu0p50__psi1p00,hardzero_plus_depr,0.04,34,531,0.0,1,0.5042015,0.5042015,1.0510482,0.0,0.088910244,0.0,0.0,0.00019965848,-27.962902,2.3123522,0.7707841,0.15200001,0.0,0.20533639,5.3000264,5.3100266,1702400
hardzero_plus_depr__c0p56__z1p00__lam0p010__nu0p50__psi1p00,hardzero_plus_depr,0.04,34,532,0.0,1,0.5042015,0.5042015,1.0557318,0.0,0.08795656,0.0,0.0,0.00019767179,-27.804615,2.3226564,0.7742188,0.15200001,0.0,0.16734836,5.3100266,5.320027,1705600
hardzero_plus_depr__c0p56__z1p00__lam0p010__nu0p50__psi1p00,hardzero_plus_depr,0.04,34,533,0.0,1,0.5042015,0.5042015,1.0088022,0.0,0.09799363,0.0,0.0,0.0001957049,-26.772778,2.219409,0.739803,0.11,0.0,0.14083545,5.320027,5.330027,1708800
hardzero_plus_depr__c0p56__z1p00__lam0p010__nu0p50__psi1p00,hardzero_plus_depr,0.04,34,534,0.0,1,0.5042015,0.5042015,1.0526209,0.0,0.088588856,0.0,0.0,0.00019375756,-27.163576,2.315812,0.7719374,0.120000005,0.0,0.15344271,5.330027,5.3400273,1712000
hardzero_plus_depr__c0p56__z1p00__lam0p010__nu0p50__psi1p00,hardzero_plus_depr,0.04,34,535,0.0,1,0.5042015,0.5042015,1.0220934,0.0,0.095040016,0.0,0.0,0.00019182959,-27.816832,2.2486503,0.7495501,0.17600001,0.0,0.115336575,5.3400273,5.3500276,1715200
hardzero_plus_depr__c0p56__z1p00__lam0p010__nu0p50__psi1p00,hardzero_plus_depr,0.04,34,536,0.0,1,0.5042015,0.5042015,1.0192382,0.0,0.09566691,0.0,0.0,0.00018992079,-26.601055,2.242369,0.7474563,0.128,0.0,0.1728535,5.3500276,5.360028,1718400
hardzero_plus_depr__c0p56__z1p00__lam0p010__nu0p50__psi1p00,hardzero_plus_depr,0.04,34,537,0.0,1,0.5042015,0.5042015,1.0418292,0.0,0.09081775,0.0,0.0,0.000188031,-27.559084,2.2920702,0.7640234,0.120000005,0.0,0.15259519,5.360028,5.370028,1721600
hardzero_plus_depr__c0p56__z1p00__lam0p010__nu0p50__psi1p00,hardzero_plus_depr,0.04,34,538,0.0,1,0.5042015,0.5042015,1.0080006,0.0,0.09817465,0.0,0.0,0.00018616003,-27.098747,2.2176456,0.73921525,0.136,0.0,0.16938905,5.370028,5.3800282,1724800
hardzero_plus_depr__c0p56__z1p00__lam0p010__nu0p50__psi1p00,hardzero_plus_depr,0.04,34,539,0.0,1,0.5042015,0.5042015,1.0232908,0.0,0.094778374,0.0,0.0,0.00018430768,-27.44847,2.2512846,0.7504282,0.14400001,0.0,0.16103107,5.3800282,5.3900285,1728000
hardzero_plus_depr__c0p56__z1p00__lam0p010__nu0p50__psi1p00,hardzero_plus_depr,0.04,34,540,0.0,1,0.5042015,0.5042015,1.031336,0.0,0.093038775,0.0,0.0,0.00018247373,-27.707205,2.2689843,0.7563281,0.14400001,0.0,0.15918824,5.3900285,5.4000287,1731200
hardzero_plus_depr__c0p56__z1p00__lam0p010__nu0p50__psi1p00,hardzero_plus_depr,0.04,34,541,0.0,1,0.5042015,0.5042015,1.0030453,0.0,0.099301234,0.0,0.0,0.00018065804,-27.031006,2.2067437,0.7355813,0.15200001,0.0,0.1460479,5.4000287,5.410029,1734400
hardzero_plus_depr__c0p56__z1p00__lam0p010__nu0p50__psi1p00,hardzero_plus_depr,0.04,34,542,0.0,1,0.5042015,0.5042015,1.047698,0.0,0.08959876,0.0,0.0,0.00017886043,-26.982014,2.3049817,0.76832724,0.096,0.0,0.14782085,5.410029,5.420029,1737600
hardzero_plus_depr__c0p56__z1p00__lam0p010__nu0p50__psi1p00,hardzero_plus_depr,0.04,34,543,0.0,1,0.5042015,0.5042015,1.0277363,0.0,0.09381314,0.0,0.0,0.00017708068,-27.308615,2.261065,0.75368834,0.136,0.0,0.14350283,5.420029,5.4300294,1740800
hardzero_plus_depr__c0p56__z1p00__lam0p010__nu0p50__psi1p00,hardzero_plus_depr,0.04,34,544,0.0,1,0.5042015,0.5042015,1.0367036,0.0,0.09189595,0.0,0.0,0.00017531868,-27.226824,2.2807934,0.7602645,0.120000005,0.0,0.14634554,5.4300294,5.4400296,1744000
hardzero_plus_depr__c0p56__z1p00__lam0p010__nu0p50__psi1p00,hardzero_plus_depr,0.04,34,545,0.0,1,0.5042015,0.5042015,1.0195751,0.0,0.095592745,0.0,0.0,0.00017357418,-27.26855,2.24311,0.7477033,0.14400001,0.0,0.13865511,5.4400296,5.45003,1747200
hardzero_plus_depr__c0p56__z1p00__lam0p010__nu0p50__psi1p00,hardzero_plus_depr,0.04,34,546,0.0,1,0.5042015,0.5042015,1.0358242,0.0,0.092082225,0.0,0.0,0.00017184704,-26.865732,2.2788587,0.7596196,0.11,0.0,0.13634905,5.45003,5.46003,1750400
hardzero_plus_depr__c0p56__z1p00__lam0p010__nu0p50__psi1p00,hardzero_plus_depr,0.04,34,547,0.0,1,0.5042015,0.5042015,1.0106115,0.0,0.097586215,0.0,0.0,0.0001701371,-27.353994,2.2233899,0.74113,0.192,0.0,0.13915722,5.46003,5.4700303,1753600
hardzero_plus_depr__c0p56__z1p00__lam0p010__nu0p50__psi1p00,hardzero_plus_depr,0.04,34,548,0.0,1,0.5042015,0.5042015,1.0476345,0.0,0.08961186,0.0,0.0,0.00016844418,-27.512869,2.304842,0.7682807,0.16000001,0.0,0.13160525,5.4700303,5.4800305,1756800
hardzero_plus_depr__c0p56__z1p00__lam0p010__nu0p50__psi1p00,hardzero_plus_depr,0.04,34,549,0.0,1,0.5042015,0.5042015,1.0066596,0.0,0.09847826,0.0,0.0,0.00016676809,-27.086525,2.2146955,0.73823184,0.14400001,0.0,0.13194712,5.4800305,5.490031,1760000
hardzero_plus_depr__c0p56__z1p00__lam0p010__nu0p50__psi1p00,hardzero_plus_depr,0.04,34,550,0.0,1,0.5042015,0.50421804,0.9984566,0.10035601,0.10035601,1.0,1.656965e-05,0.00016510868,-26.57509,2.1966484,0.7322161,0.17600001,0.0,0.12575573,5.490031,5.500031,1763200
hardzero_plus_depr__c0p56__z1p00__lam0p010__nu0p50__psi1p00,hardzero_plus_depr,0.04,34,551,0.0,1,0.50421804,0.50421804,1.0368526,0.0,0.09186443,0.0,0.0,0.0001634658,-27.040327,2.2811213,0.7603738,0.16000001,0.0,0.14321654,5.500031,5.510031,1766400
hardzero_plus_depr__c0p56__z1p00__lam0p010__nu0p50__psi1p00,hardzero_plus_depr,0.04,34,552,0.0,1,0.50421804,0.50421804,1.0078748,0.0,0.09820309,0.0,0.0,0.00016183924,-26.517107,2.2173688,0.739123,0.16800001,0.0,0.1500499,5.510031,5.5200315,1769600
hardzero_plus_depr__c0p56__z1p00__lam0p010__nu0p50__psi1p00,hardzero_plus_depr,0.04,34,553,0.0,1,0.50421804,0.50421804,1.0126101,0.0,0.09713817,0.0,0.0,0.00016022887,-27.29856,2.2277865,0.74259555,0.18400002,0.0,0.14990392,5.5200315,5.5300317,1772800
hardzero_plus_depr__c0p56__z1p00__lam0p010__nu0p50__psi1p00,hardzero_plus_depr,0.04,34,554,0.0,1,0.50421804,0.50421804,1.0322329,0.0,0.092846826,0.0,0.0,0.00015863453,-28.221687,2.2709577,0.7569859,0.136,0.0,0.16914193,5.5300317,5.540032,1776000
hardzero_plus_depr__c0p56__z1p00__lam0p010__nu0p50__psi1p00,hardzero_plus_depr,0.04,34,555,0.0,1,0.50421804,0.50421804,1.0202974,0.0,0.095433876,0.0,0.0,0.00015705606,-26.661871,2.2446992,0.7482331,0.120000005,0.0,0.108088404,5.540032,5.550032,1779200
hardzero_plus_depr__c0p56__z1p00__lam0p010__nu0p50__psi1p00,hardzero_plus_depr,0.04,34,556,0.0,1,0.50421804,0.5042341,0.9864248,0.10317518,0.10317518,1.0,1.6043046e-05,0.00015549328,-27.092764,2.170178,0.72339267,0.192,0.0,0.15249917,5.550032,5.5600324,1782400
hardzero_plus_depr__c0p56__z1p00__lam0p010__nu0p50__psi1p00,hardzero_plus_depr,0.04,34,557,0.0,1,0.5042341,0.5042341,1.004246,0.0,0.099027075,0.0,0.0,0.00015394606,-26.876184,2.2093854,0.7364618,0.14400001,0.0,0.12904815,5.5600324,5.5700326,1785600
hardzero_plus_depr__c0p56__z1p00__lam0p010__nu0p50__psi1p00,hardzero_plus_depr,0.04,34,558,0.0,1,0.5042341,0.5042341,1.1003183,0.0,0.07937463,0.0,0.0,0.00015241426,-28.16762,2.4207487,0.80691624,0.16800001,0.0,0.19789584,5.5700326,5.580033,1788800
hardzero_plus_depr__c0p56__z1p00__lam0p010__nu0p50__psi1p00,hardzero_plus_depr,0.04,34,559,0.0,1,0.5042341,0.5042341,1.0154743,0.0,0.09649964,0.0,0.0,0.00015089767,-26.152245,2.2340882,0.7446961,0.099999994,0.0,0.11612532,5.580033,5.590033,1792000
hardzero_plus_depr__c0p56__z1p00__lam0p010__nu0p50__psi1p00,hardzero_plus_depr,0.04,34,560,0.0,1,0.5042341,0.5042341,1.0448983,0.0,0.09017823,0.0,0.0,0.00014939618,-27.45546,2.2988222,0.7662741,0.128,0.008,0.1687879,5.590033,5.6000333,1795200
hardzero_plus_depr__c0p56__z1p00__lam0p010__nu0p50__psi1p00,hardzero_plus_depr,0.04,34,561,0.0,1,0.5042341,0.5042341,1.0379212,0.0,0.09163868,0.0,0.0,0.00014790962,-27.33684,2.2834723,0.76115745,0.120000005,0.0,0.14585842,5.6000333,5.6100335,1798400
hardzero_plus_depr__c0p56__z1p00__lam0p010__nu0p50__psi1p00,hardzero_plus_depr,0.04,34,562,0.0,1,0.5042341,0.5042341,1.0400076,0.0,0.09119949,0.0,0.0,0.00014643786,-27.839682,2.2880623,0.76268744,0.16800001,0.0,0.14490245,5.6100335,5.6200337,1801600
hardzero_plus_depr__c0p56__z1p00__lam0p010__nu0p50__psi1p00,hardzero_plus_depr,0.04,34,563,0.0,1,0.5042341,0.5042341,1.0514035,0.0,0.08883753,0.0,0.0,0.00014498075,-26.820314,2.313134,0.7710447,0.192,0.0,0.13194174,5.6200337,5.630034,1804800
hardzero_plus_depr__c0p56__z1p00__lam0p010__nu0p50__psi1p00,hardzero_plus_depr,0.04,34,564,0.0,1,0.5042341,0.5042341,1.098625,0.0,0.07968473,0.0,0.0,0.00014353813,-28.471123,2.4170232,0.80567443,0.14400001,0.0,0.18150577,5.630034,5.640034,1808000
hardzero_plus_depr__c0p56__z1p00__lam0p010__nu0p50__psi1p00,hardzero_plus_depr,0.04,34,565,0.0,1,0.5042341,0.5042341,1.0734057,0.0,0.08444894,0.0,0.0,0.00014210987,-28.180859,2.3615398,0.78717995,0.112,0.008,0.14775892,5.640034,5.6500344,1811200
hardzero_plus_depr__c0p56__z1p00__lam0p010__nu0p50__psi1p00,hardzero_plus_depr,0.04,34,566,0.0,1,0.5042341,0.5042341,1.0488508,0.0,0.08936125,0.0,0.0,0.00014069582,-26.399567,2.3075178,0.7691726,0.104,0.0,0.14716257,5.6500344,5.6600347,1814400
hardzero_plus_depr__c0p56__z1p00__lam0p010__nu0p50__psi1p00,hardzero_plus_depr,0.04,34,567,0.0,1,0.5042341,0.5042341,1.0209608,0.0,0.09528822,0.0,0.0,0.00013929585,-27.263744,2.2461586,0.7487196,0.18400002,0.0,0.16949387,5.6600347,5.670035,1817600
hardzero_plus_depr__c0p56__z1p00__lam0p010__nu0p50__psi1p00,hardzero_plus_depr,0.04,34,568,0.0,1,0.5042341,0.5042341,1.0028954,0.0,0.09933552,0.0,0.0,0.0001379098,-27.022703,2.2064137,0.73547125,0.216,0.0,0.1713662,5.670035,5.680035,1820800
hardzero_plus_depr__c0p56__z1p00__lam0p010__nu0p50__psi1p00,hardzero_plus_depr,0.04,34,569,0.0,1,0.5042341,0.5042491,0.95909816,0.10987574,0.10987574,1.0,1.5002164e-05,0.00013653755,-26.516478,2.110058,0.7033527,0.208,0.0,0.13650084,5.680035,5.6900353,1824000
hardzero_plus_depr__c0p56__z1p00__lam0p010__nu0p50__psi1p00,hardzero_plus_depr,0.04,34,570,0.0,1,0.5042491,0.5042491,1.0712085,0.0,0.08487729,0.0,0.0,0.00013517894,-28.18125,2.3567057,0.7855686,0.17600001,0.0,0.16415335,5.6900353,5.7000356,1827200
hardzero_plus_depr__c0p56__z1p00__lam0p010__nu0p50__psi1p00,hardzero_plus_depr,0.04,34,571,0.0,1,0.5042491,0.5042491,1.0451411,0.0,0.090127826,0.0,0.0,0.00013383385,-28.060112,2.2993562,0.7664521,0.128,0.0,0.14416608,5.7000356,5.710036,1830400
hardzero_plus_depr__c0p56__z1p00__lam0p010__nu0p50__psi1p00,hardzero_plus_depr,0.04,34,572,0.0,1,0.5042491,0.5042491,1.0169976,0.0,0.09616177,0.0,0.0,0.00013250216,-27.792763,2.2374394,0.74581313,0.19999999,0.0,0.19113605,5.710036,5.720036,1833600
hardzero_plus_depr__c0p56__z1p00__lam0p010__nu0p50__psi1p00,hardzero_plus_depr,0.04,34,573,0.0,1,0.5042491,0.50426275,0.98241305,0.104132645,0.104132645,1.0,1.3660507e-05,0.00013118371,-26.27915,2.161352,0.72045064,0.16800001,0.0,0.1522786,5.720036,5.7300363,1836800
hardzero_plus_depr__c0p56__z1p00__lam0p010__nu0p50__psi1p00,hardzero_plus_depr,0.04,34,574,0.0,1,0.50426275,0.50426275,1.0627612,0.0,0.08654437,0.0,0.0,0.00012987838,-26.700935,2.3381212,0.77937376,0.112,0.0,0.119671814,5.7300363,5.7400365,1840000
hardzero_plus_depr__c0p56__z1p00__lam0p010__nu0p50__psi1p00,hardzero_plus_depr,0.04,34,575,0.0,1,0.50426275,0.50426275,1.0048736,0.0,0.09888408,0.0,0.0,0.00012858603,-26.957144,2.210766,0.736922,0.080000006,0.0,0.1379066,5.7400365,5.7500367,1843200
hardzero_plus_depr__c0p56__z1p00__lam0p010__nu0p50__psi1p00,hardzero_plus_depr,0.04,34,576,0.0,1,0.50426275,0.50426275,1.0931566,0.0,0.08069441,0.0,0.0,0.00012730654,-28.674263,2.4049926,0.80166423,0.104,0.0,0.14895585,5.7500367,5.760037,1846400
hardzero_plus_depr__c0p56__z1p00__lam0p010__nu0p50__psi1p00,hardzero_plus_depr,0.04,34,577,0.0,1,0.50426275,0.50426275,1.0761831,0.0,0.08391061,0.0,0.0,0.0001260398,-27.89102,2.36765,0.7892167,0.136,0.0,0.16865347,5.760037,5.770037,1849600
hardzero_plus_depr__c0p56__z1p00__lam0p010__nu0p50__psi1p00,hardzero_plus_depr,0.04,34,578,0.0,1,0.50426275,0.50426275,1.0357932,0.0,0.0920888,0.0,0.0,0.00012478567,-27.484907,2.2787905,0.7595968,0.120000005,0.0,0.16555223,5.770037,5.7800374,1852800
hardzero_plus_depr__c0p56__z1p00__lam0p010__nu0p50__psi1p00,hardzero_plus_depr,0.04,34,579,0.0,1,0.50426275,0.50426275,1.0471956,0.0,0.08970249,0.0,0.0,0.000123544,-27.68733,2.3038762,0.76795876,0.2,0.0,0.19261073,5.7800374,5.7900376,1856000
hardzero_plus_depr__c0p56__z1p00__lam0p010__nu0p50__psi1p00,hardzero_plus_depr,0.04,34,580,0.0,1,0.50426275,0.50426275,1.0730834,0.0,0.084511645,0.0,0.0,0.00012231468,-27.415215,2.3608305,0.78694355,0.16800001,0.0,0.1633371,5.7900376,5.800038,1859200
hardzero_plus_depr__c0p56__z1p00__lam0p010__nu0p50__psi1p00,hardzero_plus_depr,0.04,34,581,0.0,1,0.50426275,0.50426275,1.0724086,0.0,0.08464308,0.0,0.0,0.0001210976,-28.374891,2.359346,0.78644866,0.14400001,0.0,0.20376617,5.800038,5.810038,1862400
hardzero_plus_depr__c0p56__z1p00__lam0p010__nu0p50__psi1p00,hardzero_plus_depr,0.04,34,582,0.0,1,0.50426275,0.50426275,1.0356904,0.0,0.09211059,0.0,0.0,0.00011989263,-27.515434,2.2785645,0.7595215,0.136,0.0,0.1465788,5.810038,5.8200383,1865600
hardzero_plus_depr__c0p56__z1p00__lam0p010__nu0p50__psi1p00,hardzero_plus_depr,0.04,34,583,0.0,1,0.50426275,0.50426275,1.0085686,0.0,0.09804632,0.0,0.0,0.00011869966,-26.754257,2.2188954,0.73963183,0.192,0.0,0.13616467,5.8200383,5.8300385,1868800
hardzero_plus_depr__c0p56__z1p00__lam0p010__nu0p50__psi1p00,hardzero_plus_depr,0.04,34,584,0.0,1,0.50426275,0.50426275,1.0416903,0.0,0.0908468,0.0,0.0,0.000117518546,-28.400057,2.2917645,0.7639215,0.17600001,0.0,0.14130157,5.8300385,5.840039,1872000
hardzero_plus_depr__c0p56__z1p00__lam0p010__nu0p50__psi1p00,hardzero_plus_depr,0.04,34,585,0.0,1,0.50426275,0.50426275,1.0386596,0.0,0.091483004,0.0,0.0,0.0001163492,-27.801754,2.2850966,0.7616989,0.21,0.0,0.16324657,5.840039,5.850039,1875200
hardzero_plus_depr__c0p56__z1p00__lam0p010__nu0p50__psi1p00,hardzero_plus_depr,0.04,34,586,0.0,1,0.50426275,0.50426275,1.0758291,0.0,0.08397903,0.0,0.0,0.00011519147,-28.836407,2.3668714,0.7889571,0.136,0.0,0.16807006,5.850039,5.860039,1878400
hardzero_plus_depr__c0p56__z1p00__lam0p010__nu0p50__psi1p00,hardzero_plus_depr,0.04,34,587,0.0,1,0.50426275,0.50426275,1.0575814,0.0,0.08758274,0.0,0.0,0.00011404527,-26.920267,2.3267255,0.77557516,0.18400002,0.0,0.173441,5.860039,5.8700395,1881600
hardzero_plus_depr__c0p56__z1p00__lam0p010__nu0p50__psi1p00,hardzero_plus_depr,0.04,34,588,0.0,1,0.50426275,0.50426275,1.0874016,0.0,0.08177083,0.0,0.0,0.000112910486,-28.389305,2.3923314,0.7974438,0.08800001,0.0,0.1628922,5.8700395,5.8800397,1884800
hardzero_plus_depr__c0p56__z1p00__lam0p010__nu0p50__psi1p00,hardzero_plus_depr,0.04,34,589,0.0,1,0.50426275,0.50426275,1.0479637,0.0,0.08954396,0.0,0.0,0.00011178697,-27.31651,2.3055663,0.76852214,0.15200001,0.0,0.15342972,5.8800397,5.89004,1888000
hardzero_plus_depr__c0p56__z1p00__lam0p010__nu0p50__psi1p00,hardzero_plus_depr,0.04,34,590,0.0,1,0.50426275,0.50426275,1.0771194,0.0,0.08372991,0.0,0.0,0.00011067465,-28.652658,2.36971,0.78990334,0.14400001,0.0,0.19029129,5.89004,5.90004,1891200
hardzero_plus_depr__c0p56__z1p00__lam0p010__nu0p50__psi1p00,hardzero_plus_depr,0.04,34,591,0.0,1,0.50426275,0.50426275,1.0783485,0.0,0.08349326,0.0,0.0,0.00010957339,-27.438684,2.372414,0.79080474,0.104,0.0,0.1260489,5.90004,5.9100404,1894400
hardzero_plus_depr__c0p56__z1p00__lam0p010__nu0p50__psi1p00,hardzero_plus_depr,0.04,34,592,0.0,1,0.50426275,0.50426275,1.0242327,0.0,0.094573006,0.0,0.0,0.00010848309,-26.9791,2.253357,0.751119,0.120000005,0.0,0.14584327,5.9100404,5.9200406,1897600
hardzero_plus_depr__c0p56__z1p00__lam0p010__nu0p50__psi1p00,hardzero_plus_depr,0.04,34,593,0.0,1,0.50426275,0.50426275,1.0473145,0.0,0.08967792,0.0,0.0,0.00010740364,-27.594149,2.304138,0.768046,0.18400002,0.0,0.14155428,5.9200406,5.930041,1900800
hardzero_plus_depr__c0p56__z1p00__lam0p010__nu0p50__psi1p00,hardzero_plus_depr,0.04,34,594,0.0,1,0.50426275,0.50426275,1.0278195,0.0,0.09379516,0.0,0.0,0.000106334934,-27.13586,2.261248,0.7537494,0.224,0.0,0.15995783,5.930041,5.940041,1904000
hardzero_plus_depr__c0p56__z1p00__lam0p010__nu0p50__psi1p00,hardzero_plus_depr,0.04,34,595,0.0,1,0.50426275,0.50426275,1.0143158,0.0,0.09675739,0.0,0.0,0.00010527687,-27.070026,2.2315395,0.74384654,0.096,0.0,0.14163265,5.940041,5.9500413,1907200
hardzero_plus_depr__c0p56__z1p00__lam0p010__nu0p50__psi1p00,hardzero_plus_depr,0.04,34,596,0.0,1,0.50426275,0.50426275,1.0242013,0.0,0.09457986,0.0,0.0,0.000104229315,-27.766115,2.2532878,0.75109595,0.112,0.0,0.1683747,5.9500413,5.9600415,1910400
hardzero_plus_depr__c0p56__z1p00__lam0p010__nu0p50__psi1p00,hardzero_plus_depr,0.04,34,597,0.0,1,0.50426275,0.50426275,1.0153818,0.0,0.09652018,0.0,0.0,0.000103192186,-27.074778,2.2338846,0.7446282,0.216,0.0,0.15288946,5.9600415,5.9700418,1913600
hardzero_plus_depr__c0p56__z1p00__lam0p010__nu0p50__psi1p00,hardzero_plus_depr,0.04,34,598,0.0,1,0.50426275,0.50426275,1.0402125,0.0,0.09115647,0.0,0.0,0.00010216539,-26.826906,2.2885132,0.76283777,0.14,0.0,0.14294545,5.9700418,5.980042,1916800
hardzero_plus_depr__c0p56__z1p00__lam0p010__nu0p50__psi1p00,hardzero_plus_depr,0.04,34,599,0.0,1,0.50426275,0.50426275,1.0369145,0.0,0.09185135,0.0,0.0,0.00010114881,-27.637085,2.2812574,0.76041913,0.192,0.0,0.19060385,5.980042,5.990042,1920000
hardzero_plus_depr__c0p56__z1p00__lam0p010__nu0p50__psi1p00,hardzero_plus_depr,0.04,34,600,0.0,1,0.50426275,0.50426275,1.0611627,0.0,0.08686348,0.0,0.0,0.00010014234,-27.962244,2.3346045,0.7782015,0.14400001,0.0,0.15635392,5.990042,6.0000424,1923200
hardzero_plus_depr__c0p56__z1p00__lam0p010__nu0p50__psi1p00,hardzero_plus_depr,0.04,34,601,0.0,1,0.50426275,0.50426275,1.0512309,0.0,0.08887284,0.0,0.0,9.914588e-05,-26.544086,2.3127542,0.7709181,0.2,0.0,0.14676137,6.0000424,6.0100427,1926400
hardzero_plus_depr__c0p56__z1p00__lam0p010__nu0p50__psi1p00,hardzero_plus_depr,0.04,34,602,0.0,1,0.50426275,0.50426275,1.0596912,0.0,0.08715831,0.0,0.0,9.815934e-05,-28.291882,2.3313673,0.77712244,0.15200001,0.0,0.16847263,6.0100427,6.020043,1929600
hardzero_plus_depr__c0p56__z1p00__lam0p010__nu0p50__psi1p00,hardzero_plus_depr,0.04,34,603,0.0,1,0.50426275,0.50427276,0.98735726,0.10295387,0.10295387,1.0,1.0005326e-05,9.718261e-05,-26.610409,2.1722293,0.72407645,0.208,0.0,0.14437647,6.020043,6.030043,1932800
hardzero_plus_depr__c0p56__z1p00__lam0p010__nu0p50__psi1p00,hardzero_plus_depr,0.04,34,604,0.0,1,0.50427276,0.50427276,1.0018097,0.0,0.099584155,0.0,0.0,9.621561e-05,-26.934551,2.2040255,0.73467517,0.15200001,0.0,0.14816059,6.030043,6.0400434,1936000
hardzero_plus_depr__c0p56__z1p00__lam0p010__nu0p50__psi1p00,hardzero_plus_depr,0.04,34,605,0.0,1,0.50427276,0.50427276,1.0314969,0.0,0.093004316,0.0,0.0,9.525822e-05,-27.317078,2.2693384,0.7564461,0.14400001,0.0,0.15093869,6.0400434,6.0500436,1939200
hardzero_plus_depr__c0p56__z1p00__lam0p010__nu0p50__psi1p00,hardzero_plus_depr,0.04,34,606,0.0,1,0.50427276,0.50427276,1.0252742,0.0,0.094346516,0.0,0.0,9.4310366e-05,-27.06291,2.2556481,0.75188273,0.136,0.0,0.15017785,6.0500436,6.060044,1942400
hardzero_plus_depr__c0p56__z1p00__lam0p010__nu0p50__psi1p00,hardzero_plus_depr,0.04,34,607,0.0,1,0.50427276,0.50427276,1.0700674,0.0,0.08510059,0.0,0.0,9.337194e-05,-28.339108,2.3541954,0.7847318,0.128,0.0,0.17003286,6.060044,6.070044,1945600
hardzero_plus_depr__c0p56__z1p00__lam0p010__nu0p50__psi1p00,hardzero_plus_depr,0.04,34,608,0.0,1,0.50427276,0.50427276,1.0143641,0.0,0.09674663,0.0,0.0,9.244285e-05,-27.009636,2.2316456,0.7438819,0.15200001,0.0,0.15034121,6.070044,6.0800443,1948800
hardzero_plus_depr__c0p56__z1p00__lam0p010__nu0p50__psi1p00,hardzero_plus_depr,0.04,34,609,0.0,1,0.50427276,0.50427276,1.0624746,0.0,0.08660148,0.0,0.0,9.152301e-05,-27.439322,2.3374908,0.7791636,0.120000005,0.0,0.15937902,6.0800443,6.0900445,1952000
hardzero_plus_depr__c0p56__z1p00__lam0p010__nu0p50__psi1p00,hardzero_plus_depr,0.04,34,610,0.0,1,0.50427276,0.50427276,1.0577323,0.0,0.08755232,0.0,0.0,9.061233e-05,-28.267078,2.3270576,0.7756859,0.120000005,0.0,0.14375877,6.0900445,6.1000447,1955200
hardzero_plus_depr__c0p56__z1p00__lam0p010__nu0p50__psi1p00,hardzero_plus_depr,0.04,34,611,0.0,1,0.50427276,0.50427276,1.0705248,0.0,0.08501102,0.0,0.0,8.9710695e-05,-27.650707,2.3552017,0.78506726,0.14999999,0.0,0.15800105,6.1000447,6.110045,1958400
hardzero_plus_depr__c0p56__z1p00__lam0p010__nu0p50__psi1p00,hardzero_plus_depr,0.04,34,612,0.0,1,0.50427276,0.50428194,0.9847925,0.10356368,0.10356368,1.0,9.198323e-06,8.881804e-05,-26.005394,2.1665866,0.72219557,0.192,0.0,0.14680855,6.110045,6.120045,1961600
hardzero_plus_depr__c0p56__z1p00__lam0p010__nu0p50__psi1p00,hardzero_plus_depr,0.04,34,613,0.0,1,0.50428194,0.50428194,1.0612941,0.0,0.086837225,0.0,0.0,8.793426e-05,-27.326174,2.3348937,0.7782979,0.136,0.0,0.17346936,6.120045,6.1300454,1964800
hardzero_plus_depr__c0p56__z1p00__lam0p010__nu0p50__psi1p00,hardzero_plus_depr,0.04,34,614,0.0,1,0.50428194,0.50428194,1.0287801,0.0,0.093587935,0.0,0.0,8.7059285e-05,-26.640661,2.2633615,0.75445384,0.18400002,0.0,0.1527446,6.1300454,6.1400456,1968000
hardzero_plus_depr__c0p56__z1p00__lam0p010__nu0p50__psi1p00,hardzero_plus_depr,0.04,34,615,0.0,1,0.50428194,0.50428194,1.0920854,0.0,0.08089368,0.0,0.0,8.619301e-05,-28.563576,2.4026358,0.80087864,0.2,0.0,0.16823523,6.1400456,6.150046,1971200
hardzero_plus_depr__c0p56__z1p00__lam0p010__nu0p50__psi1p00,hardzero_plus_depr,0.04,34,616,0.0,1,0.50428194,0.50428194,1.1224461,0.0,0.07543171,0.0,0.0,8.5335356e-05,-29.878609,2.4694307,0.8231436,0.16800001,0.0,0.19209975,6.150046,6.160046,1974400
hardzero_plus_depr__c0p56__z1p00__lam0p010__nu0p50__psi1p00,hardzero_plus_depr,0.04,34,617,0.0,1,0.50428194,0.50428194,1.1396341,0.0,0.072504655,0.0,0.0,8.448624e-05,-29.624073,2.507245,0.8357484,0.104,0.0,0.18939058,6.160046,6.1700463,1977600
hardzero_plus_depr__c0p56__z1p00__lam0p010__nu0p50__psi1p00,hardzero_plus_depr,0.04,34,618,0.0,1,0.50428194,0.50428194,1.0128613,0.0,0.097082,0.0,0.0,8.364556e-05,-27.11443,2.2283392,0.74277973,0.17600001,0.0,0.13550225,6.1700463,6.1800466,1980800
hardzero_plus_depr__c0p56__z1p00__lam0p010__nu0p50__psi1p00,hardzero_plus_depr,0.04,34,619,0.0,1,0.50428194,0.50428194,1.0863547,0.0,0.081968166,0.0,0.0,8.2813254e-05,-28.359745,2.3900282,0.7966761,0.17600001,0.0,0.13660723,6.1800466,6.190047,1984000
hardzero_plus_depr__c0p56__z1p00__lam0p010__nu0p50__psi1p00,hardzero_plus_depr,0.04,34,620,0.0,1,0.50428194,0.50428194,1.0491115,0.0,0.08930762,0.0,0.0,8.198923e-05,-26.62889,2.3080914,0.7693638,0.136,0.0,0.17406003,6.190047,6.200047,1987200
hardzero_plus_depr__c0p56__z1p00__lam0p010__nu0p50__psi1p00,hardzero_plus_depr,0.04,34,621,0.0,1,0.50428194,0.50428194,1.0098078,0.0,0.09776698,0.0,0.0,8.1173406e-05,-27.081964,2.2216215,0.7405405,0.120000005,0.0,0.14886856,6.200047,6.2100472,1990400
hardzero_plus_depr__c0p56__z1p00__lam0p010__nu0p50__psi1p00,hardzero_plus_depr,0.04,34,622,0.0,1,0.50428194,0.50428194,1.0532098,0.0,0.08846882,0.0,0.0,8.0365695e-05,-27.908981,2.317108,0.7723693,0.128,0.0,0.13814391,6.2100472,6.2200475,1993600
hardzero_plus_depr__c0p56__z1p00__lam0p010__nu0p50__psi1p00,hardzero_plus_depr,0.04,34,623,0.0,1,0.50428194,0.50428194,1.0051401,0.0,0.09882344,0.0,0.0,7.956602e-05,-26.220821,2.2113523,0.73711747,0.14400001,0.0,0.13927704,6.2200475,6.2300477,1996800
hardzero_plus_depr__c0p56__z1p00__lam0p010__nu0p50__psi1p00,hardzero_plus_depr,0.04,34,624,0.0,1,0.50428194,0.50428194,1.0349783,0.0,0.092261754,0.0,0.0,7.877432e-05,-28.318716,2.2769976,0.7589992,0.22999999,0.0,0.20546149,6.2300477,6.240048,2000000
hardzero_plus_depr__c0p56__z1p00__lam0p010__nu0p50__psi1p00,hardzero_plus_depr,0.04,34,625,0.0,1,0.50428194,0.50428194,1.0370723,0.0,0.09181797,0.0,0.0,7.799048e-05,-27.60231,2.2816045,0.7605349,0.16000001,0.0,0.15685596,6.240048,6.250048,2003200
hardzero_plus_depr__c0p56__z1p00__lam0p010__nu0p50__psi1p00,hardzero_plus_depr,0.04,34,626,0.0,1,0.50428194,0.50428194,1.0119976,0.0,0.09727525,0.0,0.0,7.721444e-05,-26.97487,2.2264392,0.74214643,0.16000001,0.0,0.17714229,6.250048,6.2600484,2006400
hardzero_plus_depr__c0p56__z1p00__lam0p010__nu0p50__psi1p00,hardzero_plus_depr,0.04,34,627,0.0,1,0.50428194,0.50428194,1.041636,0.0,0.09085816,0.0,0.0,7.644613e-05,-27.830908,2.291645,0.7638817,0.18400002,0.0,0.16053793,6.2600484,6.2700486,2009600
hardzero_plus_depr__c0p56__z1p00__lam0p010__nu0p50__psi1p00,hardzero_plus_depr,0.04,34,628,0.0,1,0.50428194,0.50428194,1.0142119,0.0,0.096780546,0.0,0.0,7.5685464e-05,-26.997946,2.2313106,0.74377024,0.096,0.0,0.14410475,6.2700486,6.280049,2012800
hardzero_plus_depr__c0p56__z1p00__lam0p010__nu0p50__psi1p00,hardzero_plus_depr,0.04,34,629,0.0,1,0.50428194,0.50428194,1.0274802,0.0,0.09386847,0.0,0.0,7.4932366e-05,-26.480488,2.2605016,0.7535006,0.14400001,0.0,0.15959519,6.280049,6.290049,2016000
hardzero_plus_depr__c0p56__z1p00__lam0p010__nu0p50__psi1p00,hardzero_plus_depr,0.04,34,630,0.0,1,0.50428194,0.50428194,1.0525073,0.0,0.08861203,0.0,0.0,7.4186755e-05,-27.980425,2.3155622,0.7718541,0.096,0.0,0.15059802,6.290049,6.3000493,2019200
hardzero_plus_depr__c0p56__z1p00__lam0p010__nu0p50__psi1p00,hardzero_plus_depr,0.04,34,631,0.0,1,0.50428194,0.50428194,1.0602838,0.0,0.08703946,0.0,0.0,7.3448566e-05,-27.787153,2.332671,0.777557,0.120000005,0.0,0.16472656,6.3000493,6.3100495,2022400
hardzero_plus_depr__c0p56__z1p00__lam0p010__nu0p50__psi1p00,hardzero_plus_depr,0.04,34,632,0.0,1,0.50428194,0.50428927,0.99753565,0.10056905,0.10056905,1.0,7.3131523e-06,7.2717725e-05,-27.202835,2.1946223,0.7315408,0.2,0.0,0.14946441,6.3100495,6.32005,2025600
hardzero_plus_depr__c0p56__z1p00__lam0p010__nu0p50__psi1p00,hardzero_plus_depr,0.04,34,633,0.0,1,0.50428927,0.50428927,1.0729462,0.0,0.08453837,0.0,0.0,7.199416e-05,-28.038658,2.3605287,0.78684294,0.128,0.0,0.1664263,6.32005,6.33005,2028800
hardzero_plus_depr__c0p56__z1p00__lam0p010__nu0p50__psi1p00,hardzero_plus_depr,0.04,34,634,0.0,1,0.50428927,0.50428927,1.0545076,0.0,0.08820484,0.0,0.0,7.127779e-05,-27.6676,2.319963,0.77332103,0.16800001,0.0,0.1508766,6.33005,6.34005,2032000
hardzero_plus_depr__c0p56__z1p00__lam0p010__nu0p50__psi1p00,hardzero_plus_depr,0.04,34,635,0.0,1,0.50428927,0.50428927,1.0319601,0.0,0.09290516,0.0,0.0,7.0568545e-05,-26.807453,2.2703576,0.75678587,0.17600001,0.0,0.1383907,6.34005,6.3500504,2035200
hardzero_plus_depr__c0p56__z1p00__lam0p010__nu0p50__psi1p00,hardzero_plus_depr,0.04,34,636,0.0,1,0.50428927,0.50428927,1.0107892,0.0,0.0975463,0.0,0.0,6.986636e-05,-27.26929,2.2237806,0.74126023,0.136,0.0,0.16668078,6.3500504,6.3600507,2038400
hardzero_plus_depr__c0p56__z1p00__lam0p010__nu0p50__psi1p00,hardzero_plus_depr,0.04,34,637,0.0,1,0.50428927,0.50429654,0.9792038,0.104904994,0.104904994,1.0,7.2564003e-06,6.917116e-05,-26.940464,2.1542914,0.71809715,0.17,0.0,0.17221808,6.3600507,6.370051,2041600
hardzero_plus_depr__c0p56__z1p00__lam0p010__nu0p50__psi1p00,hardzero_plus_depr,0.04,34,638,0.0,1,0.50429654,0.50429654,1.0146601,0.0,0.096680716,0.0,0.0,6.8482885e-05,-27.419876,2.232297,0.744099,0.2,0.0,0.17638582,6.370051,6.380051,2044800
hardzero_plus_depr__c0p56__z1p00__lam0p010__nu0p50__psi1p00,hardzero_plus_depr,0.04,34,639,0.0,1,0.50429654,0.50429654,1.0162776,0.0,0.09632133,0.0,0.0,6.780145e-05,-27.185204,2.2358553,0.74528515,0.18400002,0.0,0.15230282,6.380051,6.3900514,2048000
hardzero_plus_depr__c0p56__z1p00__lam0p010__nu0p50__psi1p00,hardzero_plus_depr,0.04,34,640,0.0,1,0.50429654,0.50429654,1.1014588,0.0,0.07916646,0.0,0.0,6.71268e-05,-28.735483,2.4232578,0.8077526,0.128,0.0,0.16301537,6.3900514,6.4000516,2051200
hardzero_plus_depr__c0p56__z1p00__lam0p010__nu0p50__psi1p00,hardzero_plus_depr,0.04,34,641,0.0,1,0.50429654,0.5043034,0.9884055,0.10270567,0.10270567,1.0,6.825702e-06,6.645886e-05,-26.995817,2.1745355,0.7248452,0.18400002,0.0,0.15517364,6.4000516,6.410052,2054400
hardzero_plus_depr__c0p56__z1p00__lam0p010__nu0p50__psi1p00,hardzero_plus_depr,0.04,34,642,0.0,1,0.5043034,0.5043102,0.986262,0.10321385,0.10321385,1.0,6.79122e-06,6.579757e-05,-26.578533,2.1698198,0.7232733,0.2,0.008,0.16933207,6.410052,6.420052,2057600
hardzero_plus_depr__c0p56__z1p00__lam0p010__nu0p50__psi1p00,hardzero_plus_depr,0.04,34,643,0.0,1,0.5043102,0.5043102,1.0051032,0.0,0.0988318,0.0,0.0,6.514286e-05,-26.893826,2.2112713,0.73709047,0.2,0.0,0.14463517,6.420052,6.4300523,2060800
hardzero_plus_depr__c0p56__z1p00__lam0p010__nu0p50__psi1p00,hardzero_plus_depr,0.04,34,644,0.0,1,0.5043102,0.5043102,1.0378114,0.0,0.09166184,0.0,0.0,6.449466e-05,-27.176903,2.2832305,0.76107687,0.112,0.0,0.15475164,6.4300523,6.4400525,2064000
hardzero_plus_depr__c0p56__z1p00__lam0p010__nu0p50__psi1p00,hardzero_plus_depr,0.04,34,645,0.0,1,0.5043102,0.5043102,1.0549675,0.0,0.08811148,0.0,0.0,6.3852916e-05,-28.066833,2.3209748,0.7736583,0.16800001,0.0,0.16802208,6.4400525,6.4500527,2067200
hardzero_plus_depr__c0p56__z1p00__lam0p010__nu0p50__psi1p00,hardzero_plus_depr,0.04,34,646,0.0,1,0.5043102,0.5043102,1.0293831,0.0,0.09345809,0.0,0.0,6.321755e-05,-27.126228,2.264688,0.75489604,0.08800001,0.0,0.1493511,6.4500527,6.460053,2070400
hardzero_plus_depr__c0p56__z1p00__lam0p010__nu0p50__psi1p00,hardzero_plus_depr,0.04,34,647,0.0,1,0.5043102,0.5043102,1.037874,0.0,0.09164864,0.0,0.0,6.2588515e-05,-27.098948,2.2833683,0.7611228,0.120000005,0.0,0.144138,6.460053,6.470053,2073600
hardzero_plus_depr__c0p56__z1p00__lam0p010__nu0p50__psi1p00,hardzero_plus_depr,0.04,34,648,0.0,1,0.5043102,0.5043102,1.0319273,0.0,0.092912175,0.0,0.0,6.196574e-05,-27.433285,2.2702854,0.7567618,0.104,0.0,0.13391238,6.470053,6.4800534,2076800
hardzero_plus_depr__c0p56__z1p00__lam0p010__nu0p50__psi1p00,hardzero_plus_depr,0.04,34,649,0.0,1,0.5043102,0.5043102,1.0317668,0.0,0.092946544,0.0,0.0,6.134915e-05,-27.583902,2.2699323,0.7566441,0.136,0.0,0.1540809,6.4800534,6.4900537,2080000
hardzero_plus_depr__c0p56__z1p00__lam0p010__nu0p50__psi1p00,hardzero_plus_depr,0.04,34,650,0.0,1,0.5043102,0.5043102,1.0407794,0.0,0.09103757,0.0,0.0,6.07387e-05,-28.634514,2.2897604,0.76325345,0.14999999,0.0,0.17572556,6.4900537,6.500054,2083200
hardzero_plus_depr__c0p56__z1p00__lam0p010__nu0p50__psi1p00,hardzero_plus_depr,0.04,34,651,0.0,1,0.5043102,0.5043102,1.0014272,0.0,0.09967192,0.0,0.0,6.0134327e-05,-26.137802,2.2031837,0.73439455,0.16000001,0.0,0.1531701,6.500054,6.510054,2086400
hardzero_plus_depr__c0p56__z1p00__lam0p010__nu0p50__psi1p00,hardzero_plus_depr,0.04,34,652,0.0,1,0.5043102,0.5043102,1.0693146,0.0,0.085248224,0.0,0.0,5.9535967e-05,-27.743082,2.352539,0.7841797,0.112,0.0,0.1759968,6.510054,6.5200543,2089600
hardzero_plus_depr__c0p56__z1p00__lam0p010__nu0p50__psi1p00,hardzero_plus_depr,0.04,34,653,0.0,1,0.5043102,0.5043102,1.0510203,0.0,0.08891595,0.0,0.0,5.8943562e-05,-27.433079,2.3122907,0.7707636,0.16000001,0.0,0.14402172,6.5200543,6.5300546,2092800
hardzero_plus_depr__c0p56__z1p00__lam0p010__nu0p50__psi1p00,hardzero_plus_depr,0.04,34,654,0.0,1,0.5043102,0.5043102,1.040681,0.0,0.09105817,0.0,0.0,5.8357047e-05,-28.228037,2.2895439,0.7631813,0.08800001,0.0,0.14483276,6.5300546,6.540055,2096000
hardzero_plus_depr__c0p56__z1p00__lam0p010__nu0p50__psi1p00,hardzero_plus_depr,0.04,34,655,0.0,1,0.5043102,0.5043102,1.0555547,0.0,0.08799243,0.0,0.0,5.7776375e-05,-27.929873,2.3222668,0.774089,0.15200001,0.0,0.1667479,6.540055,6.550055,2099200
hardzero_plus_depr__c0p56__z1p00__lam0p010__nu0p50__psi1p00,hardzero_plus_depr,0.04,34,656,0.0,1,0.5043102,0.5043159,0.99847025,0.10035285,0.10035285,1.0,5.740331e-06,5.7201472e-05,-26.150406,2.1966784,0.73222613,0.120000005,0.0,0.17189407,6.550055,6.5600553,2102400
hardzero_plus_depr__c0p56__z1p00__lam0p010__nu0p50__psi1p00,hardzero_plus_depr,0.04,34,657,0.0,1,0.5043159,0.5043159,1.0803641,0.0,0.08310666,0.0,0.0,5.6632296e-05,-27.857025,2.3768485,0.7922828,0.112,0.0,0.16686557,6.5600553,6.5700555,2105600
hardzero_plus_depr__c0p56__z1p00__lam0p010__nu0p50__psi1p00,hardzero_plus_depr,0.04,34,658,0.0,1,0.5043159,0.5043159,1.0947665,0.0,0.08039583,0.0,0.0,5.6068788e-05,-27.98192,2.4085343,0.80284476,0.104,0.0,0.18092547,6.5700555,6.5800557,2108800
hardzero_plus_depr__c0p56__z1p00__lam0p010__nu0p50__psi1p00,hardzero_plus_depr,0.04,34,659,0.0,1,0.5043159,0.5043159,1.0700154,0.0,0.085110776,0.0,0.0,5.551088e-05,-28.441162,2.354081,0.78469366,0.128,0.0,0.15638055,6.5800557,6.590056,2112000
hardzero_plus_depr__c0p56__z1p00__lam0p010__nu0p50__psi1p00,hardzero_plus_depr,0.04,34,660,0.0,1,0.5043159,0.5043159,1.0557725,0.0,0.0879483,0.0,0.0,5.4958527e-05,-27.05494,2.322746,0.7742487,0.104,0.0,0.13984348,6.590056,6.600056,2115200
hardzero_plus_depr__c0p56__z1p00__lam0p010__nu0p50__psi1p00,hardzero_plus_depr,0.04,34,661,0.0,1,0.5043159,0.5043159,1.0152146,0.0,0.09655737,0.0,0.0,5.4411663e-05,-27.169228,2.2335167,0.7445056,0.14400001,0.0,0.13266447,6.600056,6.6100564,2118400
hardzero_plus_depr__c0p56__z1p00__lam0p010__nu0p50__psi1p00,hardzero_plus_depr,0.04,34,662,0.0,1,0.5043159,0.5043159,1.0191703,0.0,0.095681876,0.0,0.0,5.3870248e-05,-27.328081,2.2422194,0.7474065,0.16000001,0.0,0.14772275,6.6100564,6.6200566,2121600
hardzero_plus_depr__c0p56__z1p00__lam0p010__nu0p50__psi1p00,hardzero_plus_depr,0.04,34,663,0.0,1,0.5043159,0.50432134,0.9947335,0.10122002,0.10122002,1.0,5.3984904e-06,5.3334217e-05,-26.864208,2.1884575,0.72948587,0.21,0.0,0.15153752,6.6200566,6.630057,2124800
hardzero_plus_depr__c0p56__z1p00__lam0p010__nu0p50__psi1p00,hardzero_plus_depr,0.04,34,664,0.0,1,0.50432134,0.50432134,1.0706258,0.0,0.08499123,0.0,0.0,5.280352e-05,-28.072168,2.3554237,0.7851412,0.072000004,0.0,0.12435501,6.630057,6.640057,2128000
hardzero_plus_depr__c0p56__z1p00__lam0p010__nu0p50__psi1p00,hardzero_plus_depr,0.04,34,665,0.0,1,0.50432134,0.50432134,1.0507736,0.0,0.08896647,0.0,0.0,5.2278105e-05,-27.484026,2.311748,0.7705827,0.16800001,0.0,0.16462125,6.640057,6.6500573,2131200
hardzero_plus_depr__c0p56__z1p00__lam0p010__nu0p50__psi1p00,hardzero_plus_depr,0.04,34,666,0.0,1,0.50432134,0.50432134,1.0190444,0.0,0.095709614,0.0,0.0,5.1757917e-05,-27.187017,2.2419424,0.74731416,0.208,0.008,0.16987002,6.6500573,6.6600575,2134400
hardzero_plus_depr__c0p56__z1p00__lam0p010__nu0p50__psi1p00,hardzero_plus_depr,0.04,34,667,0.0,1,0.50432134,0.50432134,1.0388947,0.0,0.09143349,0.0,0.0,5.1242903e-05,-26.937115,2.2856138,0.7618713,0.104,0.0,0.13062079,6.6600575,6.670058,2137600
hardzero_plus_depr__c0p56__z1p00__lam0p010__nu0p50__psi1p00,hardzero_plus_depr,0.04,34,668,0.0,1,0.50432134,0.50432694,0.95533586,0.11083174,0.11083174,1.0,5.622828e-06,5.0733015e-05,-26.15113,2.101781,0.70059365,0.2,0.0,0.15731502,6.670058,6.680058,2140800
hardzero_plus_depr__c0p56__z1p00__lam0p010__nu0p50__psi1p00,hardzero_plus_depr,0.04,34,669,0.0,1,0.50432694,0.50432694,1.0043191,0.0,0.09901043,0.0,0.0,5.0228206e-05,-26.722946,2.209546,0.7365154,0.18400002,0.008,0.13316062,6.680058,6.690058,2144000
hardzero_plus_depr__c0p56__z1p00__lam0p010__nu0p50__psi1p00,hardzero_plus_depr,0.04,34,670,0.0,1,0.50432694,0.50432694,1.0236597,0.0,0.09469789,0.0,0.0,4.9728416e-05,-26.765535,2.2520964,0.7506988,0.14400001,0.0,0.1339385,6.690058,6.7000585,2147200
hardzero_plus_depr__c0p56__z1p00__lam0p010__nu0p50__psi1p00,hardzero_plus_depr,0.04,34,671,0.0,1,0.50432694,0.50432694,1.048182,0.0,0.08949897,0.0,0.0,4.9233597e-05,-27.409567,2.3060465,0.7686822,0.17600001,0.0,0.14899513,6.7000585,6.7100587,2150400
hardzero_plus_depr__c0p56__z1p00__lam0p010__nu0p50__psi1p00,hardzero_plus_depr,0.04,34,672,0.0,1,0.50432694,0.50432694,1.0526485,0.0,0.088583216,0.0,0.0,4.8743703e-05,-27.89897,2.3158731,0.77195776,0.15200001,0.0,0.17709176,6.7100587,6.720059,2153600
hardzero_plus_depr__c0p56__z1p00__lam0p010__nu0p50__psi1p00,hardzero_plus_depr,0.04,34,673,0.0,1,0.50432694,0.50432694,1.0209782,0.0,0.0952844,0.0,0.0,4.825868e-05,-27.53715,2.246197,0.7487323,0.192,0.0,0.15804167,6.720059,6.730059,2156800
hardzero_plus_depr__c0p56__z1p00__lam0p010__nu0p50__psi1p00,hardzero_plus_depr,0.04,34,674,0.0,1,0.50432694,0.50432694,1.0207843,0.0,0.09532695,0.0,0.0,4.7778496e-05,-27.443235,2.2457702,0.7485901,0.136,0.0,0.1523495,6.730059,6.7400594,2160000
hardzero_plus_depr__c0p56__z1p00__lam0p010__nu0p50__psi1p00,hardzero_plus_depr,0.04,34,675,0.0,1,0.50432694,0.50432694,1.0219595,0.0,0.09506932,0.0,0.0,4.7303078e-05,-26.941923,2.2483559,0.749452,0.17600001,0.0,0.14352325,6.7400594,6.7500596,2163200
hardzero_plus_depr__c0p56__z1p00__lam0p010__nu0p50__psi1p00,hardzero_plus_depr,0.04,34,676,0.0,1,0.50432694,0.50432694,1.0074514,0.0,0.09829887,0.0,0.0,4.6832392e-05,-26.733967,2.2164373,0.73881245,0.13,0.0,0.12738746,6.7500596,6.76006,2166400
hardzero_plus_depr__c0p56__z1p00__lam0p010__nu0p50__psi1p00,hardzero_plus_depr,0.04,34,677,0.0,1,0.50432694,0.50432694,1.0397402,0.0,0.09125564,0.0,0.0,4.6366393e-05,-26.815182,2.2874742,0.7624914,0.15200001,0.0,0.15134253,6.76006,6.77006,2169600
hardzero_plus_depr__c0p56__z1p00__lam0p010__nu0p50__psi1p00,hardzero_plus_depr,0.04,34,678,0.0,1,0.50432694,0.50432694,1.0455445,0.0,0.090044156,0.0,0.0,4.5905024e-05,-28.418404,2.3002439,0.76674795,0.16000001,0.0,0.17615937,6.77006,6.7800603,2172800
hardzero_plus_depr__c0p56__z1p00__lam0p010__nu0p50__psi1p00,hardzero_plus_depr,0.04,34,679,0.0,1,0.50432694,0.50432694,1.0031651,0.0,0.099273846,0.0,0.0,4.544825e-05,-26.21796,2.2070074,0.73566914,0.18400002,0.0,0.14353992,6.7800603,6.7900605,2176000
hardzero_plus_depr__c0p56__z1p00__lam0p010__nu0p50__psi1p00,hardzero_plus_depr,0.04,34,680,0.0,1,0.50432694,0.50432694,1.0331656,0.0,0.09264764,0.0,0.0,4.4996028e-05,-27.6487,2.2730095,0.75766987,0.096,0.0,0.15743652,6.7900605,6.8000607,2179200
hardzero_plus_depr__c0p56__z1p00__lam0p010__nu0p50__psi1p00,hardzero_plus_depr,0.04,34,681,0.0,1,0.50432694,0.50432694,1.0324091,0.0,0.092809185,0.0,0.0,4.4548302e-05,-27.315783,2.2713454,0.7571151,0.136,0.0,0.1477383,6.8000607,6.810061,2182400
hardzero_plus_depr__c0p56__z1p00__lam0p010__nu0p50__psi1p00,hardzero_plus_depr,0.04,34,682,0.0,1,0.50432694,0.50432694,1.047447,0.0,0.08965055,0.0,0.0,4.4105025e-05,-27.35564,2.3044293,0.7681431,0.136,0.0,0.14823632,6.810061,6.820061,2185600
hardzero_plus_depr__c0p56__z1p00__lam0p010__nu0p50__psi1p00,hardzero_plus_depr,0.04,34,683,0.0,1,0.50432694,0.50432694,1.0479714,0.0,0.08954238,0.0,0.0,4.366616e-05,-27.15435,2.305583,0.7685277,0.18400002,0.0,0.17600653,6.820061,6.8300614,2188800
hardzero_plus_depr__c0p56__z1p00__lam0p010__nu0p50__psi1p00,hardzero_plus_depr,0.04,34,684,0.0,1,0.50432694,0.5043314,0.9847815,0.103566304,0.103566304,1.0,4.4773437e-06,4.3231666e-05,-25.84049,2.1665626,0.7221875,0.208,0.0,0.14662728,6.8300614,6.8400617,2192000
hardzero_plus_depr__c0p56__z1p00__lam0p010__nu0p50__psi1p00,hardzero_plus_depr,0.04,34,685,0.0,1,0.5043314,0.5043314,1.0393152,0.0,0.091345005,0.0,0.0,4.2801494e-05,-27.611103,2.286539,0.76217973,0.192,0.0,0.14799938,6.8400617,6.850062,2195200
hardzero_plus_depr__c0p56__z1p00__lam0p010__nu0p50__psi1p00,hardzero_plus_depr,0.04,34,686,0.0,1,0.5043314,0.5043314,1.0144653,0.0,0.0967241,0.0,0.0,4.2375603e-05,-26.808617,2.2318683,0.7439561,0.16000001,0.0,0.13436277,6.850062,6.860062,2198400
hardzero_plus_depr__c0p56__z1p00__lam0p010__nu0p50__psi1p00,hardzero_plus_depr,0.04,34,687,0.0,1,0.5043314,0.504336,0.9613215,0.10931468,0.10931468,1.0,4.5861825e-06,4.195395e-05,-25.72624,2.1149495,0.7049832,0.16000001,0.0,0.11720902,6.860062,6.8700624,2201600
hardzero_plus_depr__c0p56__z1p00__lam0p010__nu0p50__psi1p00,hardzero_plus_depr,0.04,34,688,0.0,1,0.504336,0.504336,1.0852307,0.0,0.0821806,0.0,0.0,4.1536492e-05,-27.96409,2.3875554,0.7958518,0.096,0.0,0.15592898,6.8700624,6.8800626,2204800
hardzero_plus_depr__c0p56__z1p00__lam0p010__nu0p50__psi1p00,hardzero_plus_depr,0.04,34,689,0.0,1,0.504336,0.504336,1.0446368,0.0,0.090232536,0.0,0.0,4.1123185e-05,-27.168335,2.2982469,0.7660823,0.099999994,0.0,0.15257752,6.8800626,6.890063,2208000
hardzero_plus_depr__c0p56__z1p00__lam0p010__nu0p50__psi1p00,hardzero_plus_depr,0.04,34,690,0.0,1,0.504336,0.50434047,0.95836955,0.11006023,0.11006023,1.0,4.480992e-06,4.0714e-05,-25.436632,2.1084552,0.7028184,0.14400001,0.0,0.13358,6.890063,6.900063,2211200
hardzero_plus_depr__c0p56__z1p00__lam0p010__nu0p50__psi1p00,hardzero_plus_depr,0.04,34,691,0.0,1,0.50434047,0.5043445,0.99925464,0.10017176,0.10017176,1.0,4.037811e-06,4.0308874e-05,-25.334728,2.198404,0.7328014,0.112,0.0,0.15154949,6.900063,6.9100633,2214400
hardzero_plus_depr__c0p56__z1p00__lam0p010__nu0p50__psi1p00,hardzero_plus_depr,0.04,34,692,0.0,1,0.5043445,0.5043445,1.0588723,0.0,0.087322794,0.0,0.0,3.9907787e-05,-27.613047,2.3295658,0.7765219,0.120000005,0.0,0.1719048,6.9100633,6.9200635,2217600
hardzero_plus_depr__c0p56__z1p00__lam0p010__nu0p50__psi1p00,hardzero_plus_depr,0.04,34,693,0.0,1,0.5043445,0.5043445,1.0612354,0.0,0.08684894,0.0,0.0,3.9510684e-05,-28.133602,2.3347645,0.77825487,0.18400002,0.0,0.16974369,6.9200635,6.9300637,2220800
hardzero_plus_depr__c0p56__z1p00__lam0p010__nu0p50__psi1p00,hardzero_plus_depr,0.04,34,694,0.0,1,0.5043445,0.50434864,0.98107904,0.10445302,0.10445302,1.0,4.0859454e-06,3.911754e-05,-25.976654,2.158417,0.71947235,0.136,0.0,0.15406416,6.9300637,6.940064,2224000
hardzero_plus_depr__c0p56__z1p00__lam0p010__nu0p50__psi1p00,hardzero_plus_depr,0.04,34,695,0.0,1,0.50434864,0.50434864,1.0605302,0.0,0.08699009,0.0,0.0,3.8728307e-05,-27.445803,2.333213,0.77773774,0.112,0.0,0.14957026,6.940064,6.950064,2227200
hardzero_plus_depr__c0p56__z1p00__lam0p010__nu0p50__psi1p00,hardzero_plus_depr,0.04,34,696,0.0,1,0.50434864,0.50434864,1.061567,0.0,0.086782664,0.0,0.0,3.8342943e-05,-28.41286,2.3354938,0.77849793,0.112,0.0,0.14576566,6.950064,6.9600644,2230400
hardzero_plus_depr__c0p56__z1p00__lam0p010__nu0p50__psi1p00,hardzero_plus_depr,0.04,34,697,0.0,1,0.50434864,0.5043525,0.9917358,0.101921104,0.101921104,1.0,3.869069e-06,3.7961414e-05,-26.509878,2.1818624,0.7272875,0.192,0.0,0.1304085,6.9600644,6.9700646,2233600
hardzero_plus_depr__c0p56__z1p00__lam0p010__nu0p50__psi1p00,hardzero_plus_depr,0.04,34,698,0.0,1,0.5043525,0.5043525,1.0255828,0.0,0.09427949,0.0,0.0,3.758369e-05,-26.817074,2.2563272,0.75210905,0.15200001,0.0,0.14093582,6.9700646,6.980065,2236800
hardzero_plus_depr__c0p56__z1p00__lam0p010__nu0p50__psi1p00,hardzero_plus_depr,0.04,34,699,0.0,1,0.5043525,0.5043525,1.0442181,0.0,0.09031957,0.0,0.0,3.7209713e-05,-28.151197,2.2973256,0.7657752,0.14400001,0.0,0.14104958,6.980065,6.990065,2240000
hardzero_plus_depr__c0p56__z1p00__lam0p010__nu0p50__psi1p00,hardzero_plus_depr,0.04,34,700,0.0,1,0.5043525,0.5043525,1.0756699,0.0,0.08400983,0.0,0.0,3.6839465e-05,-28.092407,2.366521,0.7888403,0.16800001,0.0,0.16509649,6.990065,7.0000653,2243200
hardzero_plus_depr__c0p56__z1p00__lam0p010__nu0p50__psi1p00,hardzero_plus_depr,0.04,34,701,0.0,1,0.5043525,0.5043525,1.0735617,0.0,0.084418625,0.0,0.0,3.6472895e-05,-28.55938,2.361883,0.7872943,0.136,0.0,0.16723701,7.0000653,7.0100656,2246400
hardzero_plus_depr__c0p56__z1p00__lam0p010__nu0p50__psi1p00,hardzero_plus_depr,0.04,34,702,0.0,1,0.5043525,0.5043525,1.0283082,0.0,0.09368969,0.0,0.0,3.6109974e-05,-26.577602,2.2623231,0.7541077,0.17,0.0,0.14461993,7.0100656,7.020066,2249600
hardzero_plus_depr__c0p56__z1p00__lam0p010__nu0p50__psi1p00,hardzero_plus_depr,0.04,34,703,0.0,1,0.5043525,0.5043525,1.0387896,0.0,0.091455616,0.0,0.0,3.575067e-05,-26.90338,2.2853827,0.76179427,0.120000005,0.0,0.14659348,7.020066,7.030066,2252800
hardzero_plus_depr__c0p56__z1p00__lam0p010__nu0p50__psi1p00,hardzero_plus_depr,0.04,34,704,0.0,1,0.5043525,0.5043525,1.033162,0.0,0.09264842,0.0,0.0,3.5394936e-05,-27.747614,2.2730017,0.75766724,0.192,0.016,0.16704026,7.030066,7.0400662,2256000
hardzero_plus_depr__c0p56__z1p00__lam0p010__nu0p50__psi1p00,hardzero_plus_depr,0.04,34,705,0.0,1,0.5043525,0.5043525,1.0348626,0.0,0.09228633,0.0,0.0,3.504274e-05,-27.335567,2.2767432,0.7589144,0.18400002,0.0,0.14272618,7.0400662,7.0500665,2259200
hardzero_plus_depr__c0p56__z1p00__lam0p010__nu0p50__psi1p00,hardzero_plus_depr,0.04,34,706,0.0,1,0.5043525,0.5043525,1.0089401,0.0,0.097962506,0.0,0.0,3.469405e-05,-27.455091,2.2197125,0.73990417,0.2,0.0,0.15624133,7.0500665,7.0600667,2262400
hardzero_plus_depr__c0p56__z1p00__lam0p010__nu0p50__psi1p00,hardzero_plus_depr,0.04,34,707,0.0,1,0.5043525,0.5043564,0.95046616,0.11208147,0.11208147,1.0,3.8498674e-06,3.4348832e-05,-25.755148,2.0910673,0.69702244,0.208,0.0,0.1418822,7.0600667,7.070067,2265600
hardzero_plus_depr__c0p56__z1p00__lam0p010__nu0p50__psi1p00,hardzero_plus_depr,0.04,34,708,0.0,1,0.5043564,0.5043564,1.0463986,0.0,0.089867234,0.0,0.0,3.400705e-05,-26.862204,2.302123,0.7673744,0.15200001,0.0,0.14973325,7.070067,7.080067,2268800
hardzero_plus_depr__c0p56__z1p00__lam0p010__nu0p50__psi1p00,hardzero_plus_depr,0.04,34,709,0.0,1,0.5043564,0.50435996,0.97293913,0.10642922,0.10642922,1.0,3.5833298e-06,3.3668664e-05,-25.662064,2.140509,0.713503,0.15200001,0.0,0.13244218,7.080067,7.0900674,2272000
hardzero_plus_depr__c0p56__z1p00__lam0p010__nu0p50__psi1p00,hardzero_plus_depr,0.04,34,710,0.0,1,0.50435996,0.50435996,1.0099276,0.0,0.09774001,0.0,0.0,3.3333647e-05,-27.336527,2.2218852,0.7406284,0.14400001,0.0,0.15189275,7.0900674,7.1000676,2275200
hardzero_plus_depr__c0p56__z1p00__lam0p010__nu0p50__psi1p00,hardzero_plus_depr,0.04,34,711,0.0,1,0.50435996,0.50436336,0.9889554,0.10257573,0.10257573,1.0,3.3852004e-06,3.3001965e-05,-25.867105,2.1757452,0.72524846,0.14400001,0.0,0.121459834,7.1000676,7.110068,2278400
hardzero_plus_depr__c0p56__z1p00__lam0p010__nu0p50__psi1p00,hardzero_plus_depr,0.04,34,712,0.0,1,0.50436336,0.5043667,0.9944916,0.10127644,0.10127644,1.0,3.3090641e-06,3.2673583e-05,-26.474976,2.187925,0.72930837,0.104,0.0,0.15802188,7.110068,7.120068,2281600
hardzero_plus_depr__c0p56__z1p00__lam0p010__nu0p50__psi1p00,hardzero_plus_depr,0.04,34,713,0.0,1,0.5043667,0.5043667,1.0767477,0.0,0.083801605,0.0,0.0,3.2348467e-05,-29.118656,2.3688922,0.7896308,0.104,0.0,0.1788138,7.120068,7.1300683,2284800
hardzero_plus_depr__c0p56__z1p00__lam0p010__nu0p50__psi1p00,hardzero_plus_depr,0.04,34,714,0.0,1,0.5043667,0.5043667,1.0375384,0.0,0.091719486,0.0,0.0,3.2026586e-05,-27.377045,2.28263,0.76087666,0.16800001,0.0,0.15365574,7.1300683,7.1400685,2288000
hardzero_plus_depr__c0p56__z1p00__lam0p010__nu0p50__psi1p00,hardzero_plus_depr,0.04,34,715,0.0,1,0.5043667,0.5043667,1.0214002,0.0,0.095191844,0.0,0.0,3.1707914e-05,-27.433403,2.2471254,0.7490418,0.14,0.0,0.14662132,7.1400685,7.1500688,2291200
hardzero_plus_depr__c0p56__z1p00__lam0p010__nu0p50__psi1p00,hardzero_plus_depr,0.04,34,716,0.0,1,0.5043667,0.5043701,0.96921545,0.10734566,0.10734566,1.0,3.3698384e-06,3.1392403e-05,-26.183794,2.1323166,0.7107722,0.16800001,0.0,0.13300402,7.1500688,7.160069,2294400
hardzero_plus_depr__c0p56__z1p00__lam0p010__nu0p50__psi1p00,hardzero_plus_depr,0.04,34,717,0.0,1,0.5043701,0.5043701,1.1026778,0.0,0.07894455,0.0,0.0,3.1080035e-05,-29.032347,2.4259396,0.80864656,0.216,0.0,0.16288202,7.160069,7.170069,2297600
hardzero_plus_depr__c0p56__z1p00__lam0p010__nu0p50__psi1p00,hardzero_plus_depr,0.04,34,718,0.0,1,0.5043701,0.5043701,1.0114452,0.0,0.097399086,0.0,0.0,3.077078e-05,-26.356552,2.2252238,0.7417413,0.16800001,0.0,0.16142933,7.170069,7.1800694,2300800
hardzero_plus_depr__c0p56__z1p00__lam0p010__nu0p50__psi1p00,hardzero_plus_depr,0.04,34,719,0.0,1,0.5043701,0.5043701,1.0811815,0.0,0.0829504,0.0,0.0,3.04646e-05,-28.456564,2.3786469,0.7928823,0.128,0.0,0.15213203,7.1800694,7.1900697,2304000
hardzero_plus_depr__c0p56__z1p00__lam0p010__nu0p50__psi1p00,hardzero_plus_depr,0.04,34,720,0.0,1,0.5043701,0.5043701,1.0659426,0.0,0.0859127,0.0,0.0,3.0161464e-05,-27.773945,2.3451207,0.7817069,0.128,0.0,0.1432907,7.1900697,7.20007,2307200
hardzero_plus_depr__c0p56__z1p00__lam0p010__nu0p50__psi1p00,hardzero_plus_depr,0.04,34,721,0.0,1,0.5043701,0.5043701,1.0517336,0.0,0.088770024,0.0,0.0,2.9861345e-05,-27.51697,2.3138602,0.7712867,0.096,0.0,0.1627622,7.20007,7.21007,2310400
hardzero_plus_depr__c0p56__z1p00__lam0p010__nu0p50__psi1p00,hardzero_plus_depr,0.04,34,722,0.0,1,0.5043701,0.5043701,1.0045563,0.0,0.09895635,0.0,0.0,2.9564211e-05,-27.072308,2.210068,0.7366893,0.16000001,0.0,0.17604472,7.21007,7.2200704,2313600
hardzero_plus_depr__c0p56__z1p00__lam0p010__nu0p50__psi1p00,hardzero_plus_depr,0.04,34,723,0.0,1,0.5043701,0.5043701,1.0562481,0.0,0.08785206,0.0,0.0,2.9270039e-05,-27.51437,2.3237922,0.7745974,0.112,0.0,0.16942486,7.2200704,7.2300706,2316800
hardzero_plus_depr__c0p56__z1p00__lam0p010__nu0p50__psi1p00,hardzero_plus_depr,0.04,34,724,0.0,1,0.5043701,0.5043701,1.0117383,0.0,0.097333364,0.0,0.0,2.8978788e-05,-27.297358,2.2258687,0.74195623,0.16800001,0.0,0.1387026,7.2300706,7.240071,2320000
hardzero_plus_depr__c0p56__z1p00__lam0p010__nu0p50__psi1p00,hardzero_plus_depr,0.04,34,725,0.0,1,0.5043701,0.5043701,1.0280737,0.0,0.0937403,0.0,0.0,2.869044e-05,-27.207193,2.2618072,0.75393575,0.15200001,0.0,0.12886363,7.240071,7.250071,2323200
hardzero_plus_depr__c0p56__z1p00__lam0p010__nu0p50__psi1p00,hardzero_plus_depr,0.04,34,726,0.0,1,0.5043701,0.5043701,1.0398494,0.0,0.09123272,0.0,0.0,2.8404957e-05,-27.799923,2.2877145,0.7625715,0.136,0.0,0.17928573,7.250071,7.2600713,2326400
hardzero_plus_depr__c0p56__z1p00__lam0p010__nu0p50__psi1p00,hardzero_plus_depr,0.04,34,727,0.0,1,0.5043701,0.5043701,1.014183,0.0,0.09678698,0.0,0.0,2.8122318e-05,-26.576784,2.2312472,0.7437491,0.17600001,0.0,0.14825852,7.2600713,7.2700715,2329600
hardzero_plus_depr__c0p56__z1p00__lam0p010__nu0p50__psi1p00,hardzero_plus_depr,0.04,34,728,0.0,1,0.5043701,0.5043701,1.061713,0.0,0.086753495,0.0,0.0,2.784249e-05,-27.44001,2.3358152,0.7786051,0.11,0.0,0.1588794,7.2700715,7.2800717,2332800
hardzero_plus_depr__c0p56__z1p00__lam0p010__nu0p50__psi1p00,hardzero_plus_depr,0.04,34,729,0.0,1,0.5043701,0.5043701,1.11094,0.0,0.07745688,0.0,0.0,2.7565444e-05,-28.867455,2.4441168,0.8147056,0.128,0.0,0.14381358,7.2800717,7.290072,2336000
hardzero_plus_depr__c0p56__z1p00__lam0p010__nu0p50__psi1p00,hardzero_plus_depr,0.04,34,730,0.0,1,0.5043701,0.5043701,1.0177324,0.0,0.095999196,0.0,0.0,2.7291157e-05,-26.938747,2.2390559,0.74635196,0.17600001,0.0,0.1396095,7.290072,7.300072,2339200
hardzero_plus_depr__c0p56__z1p00__lam0p010__nu0p50__psi1p00,hardzero_plus_depr,0.04,34,731,0.0,1,0.5043701,0.50437284,0.99543405,0.1010569,0.1010569,1.0,2.730517e-06,2.70196e-05,-26.383917,2.1899986,0.72999954,0.18400002,0.0,0.1297744,7.300072,7.3100724,2342400
hardzero_plus_depr__c0p56__z1p00__lam0p010__nu0p50__psi1p00,hardzero_plus_depr,0.04,34,732,0.0,1,0.50437284,0.5043756,0.9936766,0.10146667,0.10146667,1.0,2.714309e-06,2.6750744e-05,-26.552052,2.1861322,0.7287108,0.17600001,0.0,0.13983884,7.3100724,7.3200727,2345600
hardzero_plus_depr__c0p56__z1p00__lam0p010__nu0p50__psi1p00,hardzero_plus_depr,0.04,34,733,0.0,1,0.5043756,0.5043756,1.0550066,0.0,0.08810354,0.0,0.0,2.6484562e-05,-27.59385,2.321061,0.773687,0.16800001,0.0,0.212308,7.3200727,7.330073,2348800
hardzero_plus_depr__c0p56__z1p00__lam0p010__nu0p50__psi1p00,hardzero_plus_depr,0.04,34,734,0.0,1,0.5043756,0.50437826,0.9936763,0.101466745,0.101466745,1.0,2.6605626e-06,2.622103e-05,-26.44817,2.1861315,0.72871053,0.192,0.0,0.11972438,7.330073,7.340073,2352000
hardzero_plus_depr__c0p56__z1p00__lam0p010__nu0p50__psi1p00,hardzero_plus_depr,0.04,34,735,0.0,1,0.50437826,0.50437826,1.0596195,0.0,0.087172695,0.0,0.0,2.5960122e-05,-28.071014,2.3312094,0.7770698,0.17600001,0.0,0.13908628,7.340073,7.3500733,2355200
hardzero_plus_depr__c0p56__z1p00__lam0p010__nu0p50__psi1p00,hardzero_plus_depr,0.04,34,736,0.0,1,0.50437826,0.50437826,1.0486816,0.0,0.08939607,0.0,0.0,2.570181e-05,-28.052328,2.3071456,0.7690486,0.14400001,0.0,0.14700522,7.3500733,7.3600736,2358400
hardzero_plus_depr__c0p56__z1p00__lam0p010__nu0p50__psi1p00,hardzero_plus_depr,0.04,34,737,0.0,1,0.50437826,0.5043809,0.98501956,0.103509545,0.103509545,1.0,2.6339105e-06,2.5446065e-05,-26.901134,2.1670864,0.72236216,0.18400002,0.0,0.14558487,7.3600736,7.370074,2361600
hardzero_plus_depr__c0p56__z1p00__lam0p010__nu0p50__psi1p00,hardzero_plus_depr,0.04,34,738,0.0,1,0.5043809,0.5043809,1.0500674,0.0,0.08911126,0.0,0.0,2.5192869e-05,-27.744253,2.3101945,0.77006483,0.16000001,0.0,0.12783997,7.370074,7.380074,2364800
hardzero_plus_depr__c0p56__z1p00__lam0p010__nu0p50__psi1p00,hardzero_plus_depr,0.04,34,739,0.0,1,0.5043809,0.5043809,1.1201004,0.0,0.07584023,0.0,0.0,2.4942186e-05,-28.888678,2.46427,0.8214234,0.112,0.0,0.18982331,7.380074,7.3900743,2368000
hardzero_plus_depr__c0p56__z1p00__lam0p010__nu0p50__psi1p00,hardzero_plus_depr,0.04,34,740,0.0,1,0.5043809,0.5043809,1.0127131,0.0,0.09711512,0.0,0.0,2.4694005e-05,-27.339287,2.2280133,0.74267113,0.192,0.0,0.16867843,7.3900743,7.4000745,2371200
hardzero_plus_depr__c0p56__z1p00__lam0p010__nu0p50__psi1p00,hardzero_plus_depr,0.04,34,741,0.0,1,0.5043809,0.5043809,1.0213269,0.0,0.095207915,0.0,0.0,2.444829e-05,-26.922094,2.246964,0.74898803,0.089999996,0.0,0.13561174,7.4000745,7.4100747,2374400
hardzero_plus_depr__c0p56__z1p00__lam0p010__nu0p50__psi1p00,hardzero_plus_depr,0.04,34,742,0.0,1,0.5043809,0.5043809,1.0154753,0.0,0.09649943,0.0,0.0,2.420502e-05,-26.909052,2.23409,0.74469674,0.18400002,0.0,0.14113262,7.4100747,7.420075,2377600
hardzero_plus_depr__c0p56__z1p00__lam0p010__nu0p50__psi1p00,hardzero_plus_depr,0.04,34,743,0.0,1,0.5043809,0.5043809,1.0178812,0.0,0.09596631,0.0,0.0,2.396417e-05,-27.263752,2.2393832,0.7464611,0.136,0.0,0.12182924,7.420075,7.430075,2380800
hardzero_plus_depr__c0p56__z1p00__lam0p010__nu0p50__psi1p00,hardzero_plus_depr,0.04,34,744,0.0,1,0.5043809,0.5043809,1.0285816,0.0,0.093630716,0.0,0.0,2.3725717e-05,-27.647404,2.2629247,0.7543082,0.192,0.0,0.1514714,7.430075,7.4400754,2384000
hardzero_plus_depr__c0p56__z1p00__lam0p010__nu0p50__psi1p00,hardzero_plus_depr,0.04,34,745,0.0,1,0.5043809,0.5043833,0.98386025,0.103786245,0.103786245,1.0,2.4379012e-06,2.3489638e-05,-25.944338,2.1645358,0.72151196,0.224,0.0,0.13996777,7.4400754,7.4500756,2387200
hardzero_plus_depr__c0p56__z1p00__lam0p010__nu0p50__psi1p00,hardzero_plus_depr,0.04,34,746,0.0,1,0.5043833,0.5043833,1.1003895,0.0,0.07936161,0.0,0.0,2.3255907e-05,-28.802305,2.420905,0.8069684,0.15200001,0.0,0.18324608,7.4500756,7.460076,2390400
hardzero_plus_depr__c0p56__z1p00__lam0p010__nu0p50__psi1p00,hardzero_plus_depr,0.04,34,747,0.0,1,0.5043833,0.5043833,1.0920665,0.0,0.0808972,0.0,0.0,2.30245e-05,-28.202065,2.4025943,0.8008648,0.15200001,0.0,0.16475381,7.460076,7.470076,2393600
hardzero_plus_depr__c0p56__z1p00__lam0p010__nu0p50__psi1p00,hardzero_plus_depr,0.04,34,748,0.0,1,0.5043833,0.5043833,1.0397588,0.0,0.09125175,0.0,0.0,2.2795395e-05,-27.05781,2.2875152,0.76250505,0.120000005,0.0,0.1416846,7.470076,7.4800763,2396800
hardzero_plus_depr__c0p56__z1p00__lam0p010__nu0p50__psi1p00,hardzero_plus_depr,0.04,34,749,0.0,1,0.5043833,0.5043833,1.0661813,0.0,0.0858655,0.0,0.0,2.2568574e-05,-28.119202,2.3456457,0.7818819,0.096,0.0,0.16860466,7.4800763,7.4900765,2400000
hardzero_plus_depr__c0p56__z1p00__lam0p010__nu0p50__psi1p00,hardzero_plus_depr,0.04,34,750,0.0,1,0.5043833,0.5043833,1.0286335,0.0,0.09361953,0.0,0.0,2.234401e-05,-27.416971,2.2630389,0.7543463,0.16800001,0.0,0.1439755,7.4900765,7.500077,2403200
hardzero_plus_depr__c0p56__z1p00__lam0p010__nu0p50__psi1p00,hardzero_plus_depr,0.04,34,751,0.0,1,0.5043833,0.5043833,1.0720211,0.0,0.08471863,0.0,0.0,2.2121676e-05,-27.566013,2.3584936,0.7861645,0.080000006,0.0,0.1417464,7.500077,7.510077,2406400
hardzero_plus_depr__c0p56__z1p00__lam0p010__nu0p50__psi1p00,hardzero_plus_depr,0.04,34,752,0.0,1,0.5043833,0.5043833,1.0005985,0.0,0.09986226,0.0,0.0,2.1901556e-05,-25.425888,2.2013607,0.73378694,0.14400001,0.0,0.113007054,7.510077,7.520077,2409600
hardzero_plus_depr__c0p56__z1p00__lam0p010__nu0p50__psi1p00,hardzero_plus_depr,0.04,34,753,0.0,1,0.5043833,0.5043833,1.0397178,0.0,0.091260366,0.0,0.0,2.1683627e-05,-27.39002,2.2874248,0.76247495,0.24800001,0.008,0.15348743,7.520077,7.5300775,2412800
hardzero_plus_depr__c0p56__z1p00__lam0p010__nu0p50__psi1p00,hardzero_plus_depr,0.04,34,754,0.0,1,0.5043833,0.50438553,0.98615533,0.10323919,0.10323919,1.0,2.2163251e-06,2.1467866e-05,-25.958221,2.169585,0.723195,0.14999999,0.0,0.13160849,7.5300775,7.5400777,2416000
hardzero_plus_depr__c0p56__z1p00__lam0p010__nu0p50__psi1p00,hardzero_plus_depr,0.04,34,755,0.0,1,0.50438553,0.50438553,1.054719,0.0,0.088161916,0.0,0.0,2.1254255e-05,-27.724306,2.3204281,0.77347606,0.15200001,0.0,0.15909928,7.5400777,7.550078,2419200
hardzero_plus_depr__c0p56__z1p00__lam0p010__nu0p50__psi1p00,hardzero_plus_depr,0.04,34,756,0.0,1,0.50438553,0.50438774,0.97729963,0.105365954,0.105365954,1.0,2.217191e-06,2.1042764e-05,-26.418987,2.1501021,0.71670073,0.15200001,0.0,0.128967,7.550078,7.560078,2422400
hardzero_plus_depr__c0p56__z1p00__lam0p010__nu0p50__psi1p00,hardzero_plus_depr,0.04,34,757,0.0,1,0.50438774,0.50438774,1.0498327,0.0,0.08915944,0.0,0.0,2.083338e-05,-27.149788,2.309678,0.7698927,0.15200001,0.0,0.14667934,7.560078,7.5700784,2425600
hardzero_plus_depr__c0p56__z1p00__lam0p010__nu0p50__psi1p00,hardzero_plus_depr,0.04,34,758,0.0,1,0.50438774,0.50438774,1.0349653,0.0,0.09226451,0.0,0.0,2.062608e-05,-26.846973,2.276969,0.7589897,0.14400001,0.0,0.14008628,7.5700784,7.5800786,2428800
hardzero_plus_depr__c0p56__z1p00__lam0p010__nu0p50__psi1p00,hardzero_plus_depr,0.04,34,759,0.0,1,0.50438774,0.50438774,1.0410771,0.0,0.09097517,0.0,0.0,2.0420845e-05,-28.194086,2.2904155,0.76347184,0.16800001,0.0,0.16436677,7.5800786,7.590079,2432000
hardzero_plus_depr__c0p56__z1p00__lam0p010__nu0p50__psi1p00,hardzero_plus_depr,0.04,34,760,0.0,1,0.50438774,0.50438774,1.0393468,0.0,0.091338366,0.0,0.0,2.0217649e-05,-28.489809,2.2866087,0.7622029,0.128,0.0,0.1513879,7.590079,7.600079,2435200
hardzero_plus_depr__c0p56__z1p00__lam0p010__nu0p50__psi1p00,hardzero_plus_depr,0.04,34,761,0.0,1,0.50438774,0.50438774,1.0502892,0.0,0.08906576,0.0,0.0,2.0016476e-05,-28.243923,2.3106823,0.77022743,0.15200001,0.0,0.1445774,7.600079,7.6100793,2438400
hardzero_plus_depr__c0p56__z1p00__lam0p010__nu0p50__psi1p00,hardzero_plus_depr,0.04,34,762,0.0,1,0.50438774,0.50438774,1.0087596,0.0,0.09800322,0.0,0.0,1.9817304e-05,-26.548677,2.2193155,0.73977184,0.16000001,0.0,0.13597153,7.6100793,7.6200795,2441600
hardzero_plus_depr__c0p56__z1p00__lam0p010__nu0p50__psi1p00,hardzero_plus_depr,0.04,34,763,0.0,1,0.50438774,0.50438774,1.0385513,0.0,0.0915058,0.0,0.0,1.9620114e-05,-27.903028,2.2848585,0.7616195,0.14400001,0.0,0.17465691,7.6200795,7.6300797,2444800
hardzero_plus_depr__c0p56__z1p00__lam0p010__nu0p50__psi1p00,hardzero_plus_depr,0.04,34,764,0.0,1,0.50438774,0.50438774,1.0197058,0.0,0.09556398,0.0,0.0,1.9424886e-05,-26.944092,2.2433975,0.74779916,0.2,0.0,0.1480789,7.6300797,7.64008,2448000
hardzero_plus_depr__c0p56__z1p00__lam0p010__nu0p50__psi1p00,hardzero_plus_depr,0.04,34,765,0.0,1,0.50438774,0.50438774,1.0542104,0.0,0.08826522,0.0,0.0,1.92316e-05,-28.039633,2.3193092,0.7731031,0.14400001,0.0,0.17393014,7.64008,7.65008,2451200
hardzero_plus_depr__c0p56__z1p00__lam0p010__nu0p50__psi1p00,hardzero_plus_depr,0.04,34,766,0.0,1,0.50438774,0.50438774,1.0298873,0.0,0.09334964,0.0,0.0,1.9040237e-05,-27.029385,2.2657974,0.75526583,0.192,0.0,0.14683291,7.65008,7.6600804,2454400
hardzero_plus_depr__c0p56__z1p00__lam0p010__nu0p50__psi1p00,hardzero_plus_depr,0.04,34,767,0.0,1,0.50438774,0.50438774,1.0406001,0.0,0.09107515,0.0,0.0,1.885078e-05,-27.209753,2.2893658,0.76312196,0.11,0.0,0.17318366,7.6600804,7.6700807,2457600
hardzero_plus_depr__c0p56__z1p00__lam0p010__nu0p50__psi1p00,hardzero_plus_depr,0.04,34,768,0.0,1,0.50438774,0.50438774,1.0160214,0.0,0.096378155,0.0,0.0,1.8663208e-05,-27.22507,2.2352917,0.7450973,0.14400001,0.0,0.1624442,7.6700807,7.680081,2460800
hardzero_plus_depr__c0p56__z1p00__lam0p010__nu0p50__psi1p00,hardzero_plus_depr,0.04,34,769,0.0,1,0.50438774,0.50438774,1.0287945,0.0,0.093584836,0.0,0.0,1.8477502e-05,-27.66313,2.2633932,0.7544644,0.112,0.0,0.16234162,7.680081,7.690081,2464000
hardzero_plus_depr__c0p56__z1p00__lam0p010__nu0p50__psi1p00,hardzero_plus_depr,0.04,34,770,0.0,1,0.50438774,0.5043896,0.99290437,0.10164726,0.10164726,1.0,1.8594988e-06,1.8293644e-05,-26.769848,2.1844332,0.7281444,0.18400002,0.0,0.15958229,7.690081,7.7000813,2467200
hardzero_plus_depr__c0p56__z1p00__lam0p010__nu0p50__psi1p00,hardzero_plus_depr,0.04,34,771,0.0,1,0.5043896,0.5043896,1.0316283,0.0,0.0929762,0.0,0.0,1.8111614e-05,-27.422436,2.2696276,0.75654256,0.16000001,0.0,0.1490887,7.7000813,7.7100816,2470400
hardzero_plus_depr__c0p56__z1p00__lam0p010__nu0p50__psi1p00,hardzero_plus_depr,0.04,34,772,0.0,1,0.5043896,0.5043896,1.0204662,0.0,0.0953968,0.0,0.0,1.7931396e-05,-26.917397,2.2450705,0.7483568,0.17600001,0.008,0.16314332,7.7100816,7.720082,2473600
hardzero_plus_depr__c0p56__z1p00__lam0p010__nu0p50__psi1p00,hardzero_plus_depr,0.04,34,773,0.0,1,0.5043896,0.5043915,0.97311646,0.10638576,0.10638576,1.0,1.8886635e-06,1.7752973e-05,-26.56134,2.140899,0.713633,0.128,0.0,0.16467717,7.720082,7.730082,2476800
hardzero_plus_depr__c0p56__z1p00__lam0p010__nu0p50__psi1p00,hardzero_plus_depr,0.04,34,774,0.0,1,0.5043915,0.5043915,1.017375,0.0,0.09607824,0.0,0.0,1.7576323e-05,-27.304037,2.2382698,0.74608994,0.16000001,0.0,0.16596517,7.730082,7.7400823,2480000
hardzero_plus_depr__c0p56__z1p00__lam0p010__nu0p50__psi1p00,hardzero_plus_depr,0.04,34,775,0.0,1,0.5043915,0.5043915,1.0667448,0.0,0.08575416,0.0,0.0,1.740143e-05,-28.431295,2.3468854,0.78229517,0.16000001,0.0,0.15761799,7.7400823,7.7500825,2483200
hardzero_plus_depr__c0p56__z1p00__lam0p010__nu0p50__psi1p00,hardzero_plus_depr,0.04,34,776,0.0,1,0.5043915,0.5043932,0.9948931,0.10118284,0.10118284,1.0,1.7432063e-06,1.722828e-05,-26.382366,2.1888084,0.7296028,0.17600001,0.0,0.15422957,7.7500825,7.7600827,2486400
hardzero_plus_depr__c0p56__z1p00__lam0p010__nu0p50__psi1p00,hardzero_plus_depr,0.04,34,777,0.0,1,0.5043932,0.5043932,1.0391378,0.0,0.09138231,0.0,0.0,1.7056853e-05,-27.66031,2.286149,0.7620497,0.14400001,0.0,0.15217489,7.7600827,7.770083,2489600
hardzero_plus_depr__c0p56__z1p00__lam0p010__nu0p50__psi1p00,hardzero_plus_depr,0.04,34,778,0.0,1,0.5043932,0.5043932,1.0664562,0.0,0.08581115,0.0,0.0,1.688713e-05,-28.310474,2.3462505,0.7820835,0.128,0.0,0.14483137,7.770083,7.780083,2492800
hardzero_plus_depr__c0p56__z1p00__lam0p010__nu0p50__psi1p00,hardzero_plus_depr,0.04,34,779,0.0,1,0.5043932,0.5043932,1.0449164,0.0,0.09017447,0.0,0.0,1.6719096e-05,-27.332802,2.298862,0.7662873,0.192,0.008,0.18094555,7.780083,7.7900834,2496000
hardzero_plus_depr__c0p56__z1p00__lam0p010__nu0p50__psi1p00,hardzero_plus_depr,0.04,34,780,0.0,1,0.5043932,0.5043932,1.000583,0.0,0.09986583,0.0,0.0,1.6552733e-05,-27.709024,2.2013266,0.73377556,0.16,0.01,0.14810398,7.7900834,7.8000836,2499200
hardzero_plus_depr__c0p56__z1p00__lam0p010__nu0p50__psi1p00,hardzero_plus_depr,0.04,34,781,0.0,1,0.5043932,0.5043932,1.0176232,0.0,0.09602334,0.0,0.0,1.6388029e-05,-26.75041,2.2388158,0.74627197,0.16800001,0.0,0.11597734,7.8000836,7.810084,2502400
hardzero_plus_depr__c0p56__z1p00__lam0p010__nu0p50__psi1p00,hardzero_plus_depr,0.04,34,782,0.0,1,0.5043932,0.5043932,1.0170795,0.0,0.09614363,0.0,0.0,1.6224962e-05,-26.737177,2.2376196,0.7458732,0.112,0.0,0.13378975,7.810084,7.820084,2505600
hardzero_plus_depr__c0p56__z1p00__lam0p010__nu0p50__psi1p00,hardzero_plus_depr,0.04,34,783,0.0,1,0.5043932,0.5043932,1.02145,0.0,0.09518093,0.0,0.0,1.6063515e-05,-27.178568,2.247235,0.7490784,0.128,0.0,0.14705786,7.820084,7.8300843,2508800
hardzero_plus_depr__c0p56__z1p00__lam0p010__nu0p50__psi1p00,hardzero_plus_depr,0.04,34,784,0.0,1,0.5043932,0.5043932,1.0178003,0.0,0.095984176,0.0,0.0,1.5903677e-05,-26.523556,2.2392054,0.7464018,0.17600001,0.0,0.12479838,7.8300843,7.8400846,2512000
hardzero_plus_depr__c0p56__z1p00__lam0p010__nu0p50__psi1p00,hardzero_plus_depr,0.04,34,785,0.0,1,0.5043932,0.5043932,1.0551734,0.0,0.08806972,0.0,0.0,1.5745429e-05,-27.494236,2.3214278,0.7738093,0.08800001,0.0,0.13586365,7.8400846,7.850085,2515200
hardzero_plus_depr__c0p56__z1p00__lam0p010__nu0p50__psi1p00,hardzero_plus_depr,0.04,34,786,0.0,1,0.5043932,0.5043949,0.97709763,0.10541499,0.10541499,1.0,1.6432887e-06,1.5588757e-05,-25.875872,2.1496577,0.7165526,0.16000001,0.0,0.13054854,7.850085,7.860085,2518400
hardzero_plus_depr__c0p56__z1p00__lam0p010__nu0p50__psi1p00,hardzero_plus_depr,0.04,34,787,0.0,1,0.5043949,0.5043949,1.036343,0.0,0.0919723,0.0,0.0,1.5433643e-05,-27.080729,2.28,0.76,0.08800001,0.0,0.13034777,7.860085,7.8700852,2521600
hardzero_plus_depr__c0p56__z1p00__lam0p010__nu0p50__psi1p00,hardzero_plus_depr,0.04,34,788,0.0,1,0.5043949,0.5043949,1.0032067,0.0,0.09926433,0.0,0.0,1.5280071e-05,-26.655495,2.207099,0.73569965,0.128,0.0,0.13699819,7.8700852,7.8800855,2524800
hardzero_plus_depr__c0p56__z1p00__lam0p010__nu0p50__psi1p00,hardzero_plus_depr,0.04,34,789,0.0,1,0.5043949,0.5043949,1.0174677,0.0,0.09605771,0.0,0.0,1.5128028e-05,-26.987724,2.2384737,0.7461579,0.15200001,0.0,0.1328706,7.8800855,7.8900857,2528000
hardzero_plus_depr__c0p56__z1p00__lam0p010__nu0p50__psi1p00,hardzero_plus_depr,0.04,34,790,0.0,1,0.5043949,0.5043949,1.0688922,0.0,0.08533119,0.0,0.0,1.4977499e-05,-27.79257,2.35161,0.78387,0.15200001,0.0,0.15815586,7.8900857,7.900086,2531200
hardzero_plus_depr__c0p56__z1p00__lam0p010__nu0p50__psi1p00,hardzero_plus_depr,0.04,34,791,0.0,1,0.5043949,0.5043964,0.9953229,0.10108276,0.10108276,1.0,1.4989024e-06,1.4828468e-05,-26.405216,2.189754,0.729918,0.104,0.0,0.13352326,7.900086,7.910086,2534400
hardzero_plus_depr__c0p56__z1p00__lam0p010__nu0p50__psi1p00,hardzero_plus_depr,0.04,34,792,0.0,1,0.5043964,0.5043964,1.0987897,0.0,0.0796545,0.0,0.0,1.4680918e-05,-28.391588,2.4173856,0.8057952,0.120000005,0.0,0.22664383,7.910086,7.9200864,2537600
hardzero_plus_depr__c0p56__z1p00__lam0p010__nu0p50__psi1p00,hardzero_plus_depr,0.04,34,793,0.0,1,0.5043964,0.5043964,1.0924537,0.0,0.080825105,0.0,0.0,1.4534837e-05,-28.795723,2.4034462,0.8011488,0.17,0.0,0.18446922,7.9200864,7.9300866,2540800
hardzero_plus_depr__c0p56__z1p00__lam0p010__nu0p50__psi1p00,hardzero_plus_depr,0.04,34,794,0.0,1,0.5043964,0.5043964,1.0106825,0.0,0.097570285,0.0,0.0,1.439021e-05,-26.579906,2.2235458,0.74118197,0.15200001,0.0,0.14117396,7.9300866,7.940087,2544000
hardzero_plus_depr__c0p56__z1p00__lam0p010__nu0p50__psi1p00,hardzero_plus_depr,0.04,34,795,0.0,1,0.5043964,0.5043964,1.025755,0.0,0.09424209,0.0,0.0,1.4247021e-05,-27.47753,2.2567062,0.7522354,0.216,0.0,0.17285557,7.940087,7.950087,2547200
hardzero_plus_depr__c0p56__z1p00__lam0p010__nu0p50__psi1p00,hardzero_plus_depr,0.04,34,796,0.0,1,0.5043964,0.50439787,0.98309267,0.10396983,0.10396983,1.0,1.4665213e-06,1.4105259e-05,-25.953833,2.162847,0.72094905,0.192,0.0,0.12790596,7.950087,7.9600873,2550400
hardzero_plus_depr__c0p56__z1p00__lam0p010__nu0p50__psi1p00,hardzero_plus_depr,0.04,34,797,0.0,1,0.50439787,0.50439787,1.0223154,0.0,0.094991475,0.0,0.0,1.39649055e-05,-27.277395,2.2491388,0.74971294,0.216,0.0,0.16387248,7.9600873,7.9700875,2553600
hardzero_plus_depr__c0p56__z1p00__lam0p010__nu0p50__psi1p00,hardzero_plus_depr,0.04,34,798,0.0,1,0.50439787,0.50439787,1.0068308,0.0,0.098439455,0.0,0.0,1.3825949e-05,-27.580488,2.215072,0.7383573,0.15200001,0.0,0.14858174,7.9700875,7.9800878,2556800
hardzero_plus_depr__c0p56__z1p00__lam0p010__nu0p50__psi1p00,hardzero_plus_depr,0.04,34,799,0.0,1,0.50439787,0.50439787,1.0660654,0.0,0.08588841,0.0,0.0,1.36883755e-05,-27.736025,2.3453908,0.78179693,0.18400002,0.0,0.15438832,7.9800878,7.990088,2560000
hardzero_plus_depr__c0p56__z1p00__lam0p010__nu0p50__psi1p00,hardzero_plus_depr,0.04,34,800,0.0,1,0.50439787,0.50439787,1.0027322,0.0,0.099372886,0.0,0.0,1.35521705e-05,-26.935087,2.206055,0.7353517,0.208,0.0,0.17431763,7.990088,8.000088,2563200
hardzero_plus_depr__c0p56__z1p00__lam0p010__nu0p50__psi1p00,hardzero_plus_depr,0.04,34,801,0.0,1,0.50439787,0.50439787,1.064327,0.0,0.086232886,0.0,0.0,1.3417328e-05,-28.040314,2.341566,0.78052205,0.136,0.0,0.15160602,8.000088,8.010088,2566400
hardzero_plus_depr__c0p56__z1p00__lam0p010__nu0p50__psi1p00,hardzero_plus_depr,0.04,34,802,0.0,1,0.50439787,0.50439787,1.0041089,0.0,0.099058345,0.0,0.0,1.328382e-05,-27.61961,2.2090838,0.73636127,0.16000001,0.0,0.15316635,8.010088,8.020088,2569600
hardzero_plus_depr__c0p56__z1p00__lam0p010__nu0p50__psi1p00,hardzero_plus_depr,0.04,34,803,0.0,1,0.50439787,0.50439787,1.043933,0.0,0.09037888,0.0,0.0,1.3151641e-05,-27.561565,2.2966986,0.76556623,0.128,0.0,0.14774613,8.020088,8.030088,2572800
hardzero_plus_depr__c0p56__z1p00__lam0p010__nu0p50__psi1p00,hardzero_plus_depr,0.04,34,804,0.0,1,0.50439787,0.50439787,1.0293039,0.0,0.09347512,0.0,0.0,1.3020776e-05,-27.203619,2.2645137,0.75483793,0.2,0.0,0.15450521,8.030088,8.040089,2576000
hardzero_plus_depr__c0p56__z1p00__lam0p010__nu0p50__psi1p00,hardzero_plus_depr,0.04,34,805,0.0,1,0.50439787,0.50439787,1.0752591,0.0,0.08408933,0.0,0.0,1.2891214e-05,-27.643164,2.3656173,0.7885391,0.14400001,0.0,0.17444505,8.040089,8.050089,2579200
hardzero_plus_depr__c0p56__z1p00__lam0p010__nu0p50__psi1p00,hardzero_plus_depr,0.04,34,806,0.0,1,0.50439787,0.50439787,1.0592284,0.0,0.08725122,0.0,0.0,1.2762943e-05,-28.056322,2.330349,0.776783,0.17999999,0.0,0.14394318,8.050089,8.060089,2582400
hardzero_plus_depr__c0p56__z1p00__lam0p010__nu0p50__psi1p00,hardzero_plus_depr,0.04,34,807,0.0,1,0.50439787,0.50439787,1.0546899,0.0,0.08816782,0.0,0.0,1.2635947e-05,-27.071571,2.320364,0.77345467,0.112,0.0,0.13013186,8.060089,8.070089,2585600
hardzero_plus_depr__c0p56__z1p00__lam0p010__nu0p50__psi1p00,hardzero_plus_depr,0.04,34,808,0.0,1,0.50439787,0.5043992,0.9784066,0.10509773,0.10509773,1.0,1.3147951e-06,1.2510213e-05,-26.633709,2.1525376,0.71751255,0.16800001,0.0,0.14110087,8.070089,8.08009,2588800
hardzero_plus_depr__c0p56__z1p00__lam0p010__nu0p50__psi1p00,hardzero_plus_depr,0.04,34,809,0.0,1,0.5043992,0.50440043,0.99917084,0.10019111,0.10019111,1.0,1.2409402e-06,1.2385732e-05,-26.653091,2.1982198,0.7327399,0.14400001,0.0,0.15698121,8.08009,8.09009,2592000
hardzero_plus_depr__c0p56__z1p00__lam0p010__nu0p50__psi1p00,hardzero_plus_depr,0.04,34,810,0.0,1,0.50440043,0.50440043,1.0475973,0.0,0.08961955,0.0,0.0,1.2262489e-05,-27.62289,2.30476,0.7682533,0.15200001,0.0,0.13810721,8.09009,8.10009,2595200
hardzero_plus_depr__c0p56__z1p00__lam0p010__nu0p50__psi1p00,hardzero_plus_depr,0.04,34,811,0.0,1,0.50440043,0.5044016,0.99967486,0.100074895,0.100074895,1.0,1.2149566e-06,1.2140473e-05,-26.978954,2.1993287,0.7331096,0.216,0.0,0.15749748,8.10009,8.11009,2598400
hardzero_plus_depr__c0p56__z1p00__lam0p010__nu0p50__psi1p00,hardzero_plus_depr,0.04,34,812,0.0,1,0.5044016,0.5044016,1.0386822,0.0,0.09147823,0.0,0.0,1.201967e-05,-27.667145,2.2851465,0.76171553,0.14400001,0.0,0.14918776,8.11009,8.1200905,2601600
hardzero_plus_depr__c0p56__z1p00__lam0p010__nu0p50__psi1p00,hardzero_plus_depr,0.04,34,813,0.0,1,0.5044016,0.5044016,1.0085067,0.0,0.098060325,0.0,0.0,1.190007e-05,-27.36674,2.218759,0.73958635,0.2,0.0,0.15646593,8.1200905,8.130091,2604800
hardzero_plus_depr__c0p56__z1p00__lam0p010__nu0p50__psi1p00,hardzero_plus_depr,0.04,34,814,0.0,1,0.5044016,0.5044016,1.0549343,0.0,0.088118225,0.0,0.0,1.1781659e-05,-27.458305,2.3209016,0.7736339,0.136,0.0,0.15159732,8.130091,8.140091,2608000
hardzero_plus_depr__c0p56__z1p00__lam0p010__nu0p50__psi1p00,hardzero_plus_depr,0.04,34,815,0.0,1,0.5044016,0.5044016,1.016504,0.0,0.0962711,0.0,0.0,1.1664426e-05,-27.226988,2.2363536,0.7454512,0.128,0.008,0.17533307,8.140091,8.150091,2611200
hardzero_plus_depr__c0p56__z1p00__lam0p010__nu0p50__psi1p00,hardzero_plus_depr,0.04,34,816,0.0,1,0.5044016,0.5044016,1.0304096,0.0,0.09323745,0.0,0.0,1.1548361e-05,-27.05146,2.2669463,0.7556488,0.080000006,0.0,0.15859176,8.150091,8.160091,2614400
hardzero_plus_depr__c0p56__z1p00__lam0p010__nu0p50__psi1p00,hardzero_plus_depr,0.04,34,817,0.0,1,0.5044016,0.5044016,1.0271977,0.0,0.093929544,0.0,0.0,1.143345e-05,-25.840576,2.25988,0.7532934,0.17600001,0.0,0.14250389,8.160091,8.170092,2617600
hardzero_plus_depr__c0p56__z1p00__lam0p010__nu0p50__psi1p00,hardzero_plus_depr,0.04,34,818,0.0,1,0.5044016,0.5044016,1.0139258,0.0,0.09684432,0.0,0.0,1.1319683e-05,-27.429153,2.2306812,0.74356043,0.128,0.0,0.17116338,8.170092,8.180092,2620800
hardzero_plus_depr__c0p56__z1p00__lam0p010__nu0p50__psi1p00,hardzero_plus_depr,0.04,34,819,0.0,1,0.5044016,0.50440276,0.9851348,0.10348208,0.10348208,1.0,1.1597286e-06,1.12070475e-05,-26.650995,2.1673398,0.7224466,0.07,0.0,0.15563394,8.180092,8.190092,2624000
hardzero_plus_depr__c0p56__z1p00__lam0p010__nu0p50__psi1p00,hardzero_plus_depr,0.04,34,820,0.0,1,0.50440276,0.50440276,1.0283526,0.0,0.093680106,0.0,0.0,1.1095533e-05,-27.716341,2.262421,0.7541403,0.14400001,0.0,0.13892296,8.190092,8.200092,2627200
hardzero_plus_depr__c0p56__z1p00__lam0p010__nu0p50__psi1p00,hardzero_plus_depr,0.04,34,821,0.0,1,0.50440276,0.50440276,1.0342265,0.0,0.09242159,0.0,0.0,1.0985128e-05,-26.617674,2.275344,0.758448,0.104,0.0,0.13249837,8.200092,8.210093,2630400
hardzero_plus_depr__c0p56__z1p00__lam0p010__nu0p50__psi1p00,hardzero_plus_depr,0.04,34,822,0.0,1,0.50440276,0.50440276,1.0317824,0.0,0.0929432,0.0,0.0,1.0875823e-05,-27.204449,2.2699666,0.7566556,0.2,0.0,0.15502219,8.210093,8.220093,2633600
hardzero_plus_depr__c0p56__z1p00__lam0p010__nu0p50__psi1p00,hardzero_plus_depr,0.04,34,823,0.0,1,0.50440276,0.50440276,1.0901858,0.0,0.08124828,0.0,0.0,1.0767603e-05,-28.05176,2.3984566,0.79948556,0.14400001,0.0,0.16042483,8.220093,8.230093,2636800
hardzero_plus_depr__c0p56__z1p00__lam0p010__nu0p50__psi1p00,hardzero_plus_depr,0.04,34,824,0.0,1,0.50440276,0.50440276,1.0518546,0.0,0.08874531,0.0,0.0,1.0660461e-05,-27.36218,2.3141263,0.7713754,0.104,0.0,0.15632945,8.230093,8.240093,2640000
hardzero_plus_depr__c0p56__z1p00__lam0p010__nu0p50__psi1p00,hardzero_plus_depr,0.04,34,825,0.0,1,0.50440276,0.5044038,0.9917243,0.10192381,0.10192381,1.0,1.0757431e-06,1.0554385e-05,-26.500051,2.181837,0.72727907,0.216,0.0,0.15813135,8.240093,8.250093,2643200
hardzero_plus_depr__c0p56__z1p00__lam0p010__nu0p50__psi1p00,hardzero_plus_depr,0.04,34,826,0.0,1,0.5044038,0.50440496,0.9660558,0.108129494,0.108129494,1.0,1.1298845e-06,1.0449365e-05,-26.22715,2.1253653,0.7084551,0.224,0.0,0.14740749,8.250093,8.260094,2646400
hardzero_plus_depr__c0p56__z1p00__lam0p010__nu0p50__psi1p00,hardzero_plus_depr,0.04,34,827,0.0,1,0.50440496,0.50440603,0.97994137,0.104726985,0.104726985,1.0,1.0834416e-06,1.034539e-05,-26.500696,2.155914,0.71863806,0.17600001,0.0,0.12941164,8.260094,8.270094,2649600
hardzero_plus_depr__c0p56__z1p00__lam0p010__nu0p50__psi1p00,hardzero_plus_depr,0.04,34,828,0.0,1,0.50440603,0.50440603,1.0488939,0.0,0.08935237,0.0,0.0,1.0242449e-05,-27.385715,2.3076127,0.76920426,0.112,0.0,0.1632854,8.270094,8.280094,2652800
hardzero_plus_depr__c0p56__z1p00__lam0p010__nu0p50__psi1p00,hardzero_plus_depr,0.04,34,829,0.0,1,0.50440603,0.50440603,1.0237422,0.0,0.0946799,0.0,0.0,1.0140533e-05,-27.50196,2.2522779,0.7507593,0.15200001,0.0,0.13621649,8.280094,8.290094,2656000
hardzero_plus_depr__c0p56__z1p00__lam0p010__nu0p50__psi1p00,hardzero_plus_depr,0.04,34,830,0.0,1,0.50440603,0.50440603,1.0267731,0.0,0.09402143,0.0,0.0,1.003963e-05,-27.214964,2.258946,0.752982,0.120000005,0.0,0.16914621,8.290094,8.300095,2659200
hardzero_plus_depr__c0p56__z1p00__lam0p010__nu0p50__psi1p00,hardzero_plus_depr,0.04,34,831,0.0,1,0.50440603,0.50440705,0.9940529,0.1013788,0.1013788,1.0,1.0076781e-06,9.939732e-06,-26.97115,2.18696,0.7289867,0.17600001,0.0,0.15069613,8.300095,8.310095,2662400
hardzero_plus_depr__c0p56__z1p00__lam0p010__nu0p50__psi1p00,hardzero_plus_depr,0.04,34,832,0.0,1,0.50440705,0.50440705,1.1160177,0.0,0.07655653,0.0,0.0,9.840829e-06,-28.596565,2.455288,0.81842935,0.099999994,0.0,0.18408306,8.310095,8.320095,2665600
hardzero_plus_depr__c0p56__z1p00__lam0p010__nu0p50__psi1p00,hardzero_plus_depr,0.04,34,833,0.0,1,0.50440705,0.50440705,1.0468606,0.0,0.0897717,0.0,0.0,9.742908e-06,-27.150475,2.3031392,0.76771307,0.17600001,0.0,0.16874172,8.320095,8.330095,2668800
hardzero_plus_depr__c0p56__z1p00__lam0p010__nu0p50__psi1p00,hardzero_plus_depr,0.04,34,834,0.0,1,0.50440705,0.50440705,1.0408006,0.0,0.09103313,0.0,0.0,9.645962e-06,-26.820604,2.289807,0.76326907,0.15200001,0.0,0.1373591,8.330095,8.3400955,2672000
hardzero_plus_depr__c0p56__z1p00__lam0p010__nu0p50__psi1p00,hardzero_plus_depr,0.04,34,835,0.0,1,0.50440705,0.50440705,1.0773122,0.0,0.08369272,0.0,0.0,9.549981e-06,-27.835081,2.3701344,0.7900448,0.15200001,0.0,0.1759153,8.3400955,8.350096,2675200
hardzero_plus_depr__c0p56__z1p00__lam0p010__nu0p50__psi1p00,hardzero_plus_depr,0.04,34,836,0.0,1,0.50440705,0.50440705,1.0522151,0.0,0.08867167,0.0,0.0,9.454955e-06,-27.879446,2.3149195,0.7716398,0.112,0.0,0.12547612,8.350096,8.360096,2678400
hardzero_plus_depr__c0p56__z1p00__lam0p010__nu0p50__psi1p00,hardzero_plus_depr,0.04,34,837,0.0,1,0.50440705,0.50440705,1.0715104,0.0,0.084818296,0.0,0.0,9.360875e-06,-27.852812,2.3573701,0.7857901,0.136,0.0,0.14009343,8.360096,8.370096,2681600
hardzero_plus_depr__c0p56__z1p00__lam0p010__nu0p50__psi1p00,hardzero_plus_depr,0.04,34,838,0.0,1,0.50440705,0.50440705,1.0570027,0.0,0.08769954,0.0,0.0,9.26773e-06,-28.176308,2.3254523,0.7751508,0.136,0.0,0.15737943,8.370096,8.380096,2684800
hardzero_plus_depr__c0p56__z1p00__lam0p010__nu0p50__psi1p00,hardzero_plus_depr,0.04,34,839,0.0,1,0.50440705,0.50440705,1.042827,0.0,0.09060935,0.0,0.0,9.175513e-06,-28.249386,2.2942653,0.76475513,0.18400002,0.0,0.14603284,8.380096,8.390097,2688000
hardzero_plus_depr__c0p56__z1p00__lam0p010__nu0p50__psi1p00,hardzero_plus_depr,0.04,34,840,0.0,1,0.50440705,0.50440705,1.0553389,0.0,0.08803618,0.0,0.0,9.084213e-06,-27.703379,2.321792,0.77393067,0.136,0.0,0.13797411,8.390097,8.400097,2691200
hardzero_plus_depr__c0p56__z1p00__lam0p010__nu0p50__psi1p00,hardzero_plus_depr,0.04,34,841,0.0,1,0.50440705,0.50440705,1.0296535,0.0,0.09339991,0.0,0.0,8.993821e-06,-27.807627,2.265283,0.7550944,0.14400001,0.0,0.14361443,8.400097,8.410097,2694400
hardzero_plus_depr__c0p56__z1p00__lam0p010__nu0p50__psi1p00,hardzero_plus_depr,0.04,34,842,0.0,1,0.50440705,0.50440705,1.0357777,0.0,0.092092074,0.0,0.0,8.90433e-06,-27.04049,2.2787564,0.7595855,0.104,0.0,0.123874106,8.410097,8.420097,2697600
hardzero_plus_depr__c0p56__z1p00__lam0p010__nu0p50__psi1p00,hardzero_plus_depr,0.04,34,843,0.0,1,0.50440705,0.50440705,1.0524663,0.0,0.088620394,0.0,0.0,8.815728e-06,-27.536203,2.3154721,0.77182406,0.112,0.0,0.1524236,8.420097,8.430098,2700800
hardzero_plus_depr__c0p56__z1p00__lam0p010__nu0p50__psi1p00,hardzero_plus_depr,0.04,34,844,0.0,1,0.50440705,0.50440705,1.0650548,0.0,0.086088516,0.0,0.0,8.728008e-06,-27.10397,2.3431673,0.7810558,0.128,0.0,0.1297496,8.430098,8.440098,2704000
hardzero_plus_depr__c0p56__z1p00__lam0p010__nu0p50__psi1p00,hardzero_plus_depr,0.04,34,845,0.0,1,0.50440705,0.50440794,0.98083425,0.1045119,0.1045119,1.0,9.031041e-07,8.64116e-06,-26.467964,2.1578784,0.7192928,0.17,0.0,0.12990148,8.440098,8.450098,2707200
hardzero_plus_depr__c0p56__z1p00__lam0p010__nu0p50__psi1p00,hardzero_plus_depr,0.04,34,846,0.0,1,0.50440794,0.50440794,1.0374882,0.0,0.091730066,0.0,0.0,8.555177e-06,-27.076376,2.2825196,0.7608399,0.17600001,0.0,0.14795433,8.450098,8.460098,2710400
hardzero_plus_depr__c0p56__z1p00__lam0p010__nu0p50__psi1p00,hardzero_plus_depr,0.04,34,847,0.0,1,0.50440794,0.50440794,1.0534234,0.0,0.08842532,0.0,0.0,8.4700505e-06,-28.118773,2.3175778,0.77252597,0.17600001,0.0,0.15062544,8.460098,8.4700985,2713600
hardzero_plus_depr__c0p56__z1p00__lam0p010__nu0p50__psi1p00,hardzero_plus_depr,0.04,34,848,0.0,1,0.50440794,0.50440794,1.0634917,0.0,0.08639892,0.0,0.0,8.38577e-06,-28.015848,2.3397286,0.77990955,0.15200001,0.0,0.14377865,8.4700985,8.480099,2716800
hardzero_plus_depr__c0p56__z1p00__lam0p010__nu0p50__psi1p00,hardzero_plus_depr,0.04,34,849,0.0,1,0.50440794,0.50440794,1.0938958,0.0,0.080557175,0.0,0.0,8.302329e-06,-28.1665,2.4066188,0.8022063,0.128,0.0,0.16040471,8.480099,8.490099,2720000
hardzero_plus_depr__c0p56__z1p00__lam0p010__nu0p50__psi1p00,hardzero_plus_depr,0.04,34,850,0.0,1,0.50440794,0.5044088,0.9969006,0.1007162,0.1007162,1.0,8.278586e-07,8.219717e-06,-26.356268,2.1932251,0.73107505,0.17600001,0.0,0.14259046,8.490099,8.500099,2723200
hardzero_plus_depr__c0p56__z1p00__lam0p010__nu0p50__psi1p00,hardzero_plus_depr,0.04,34,851,0.0,1,0.5044088,0.5044088,1.0235183,0.0,0.09472871,0.0,0.0,8.137927e-06,-27.389475,2.2517853,0.7505951,0.14400001,0.0,0.14467621,8.500099,8.510099,2726400
hardzero_plus_depr__c0p56__z1p00__lam0p010__nu0p50__psi1p00,hardzero_plus_depr,0.04,34,852,0.0,1,0.5044088,0.5044088,1.0300215,0.0,0.09332081,0.0,0.0,8.056952e-06,-27.131702,2.2660925,0.7553642,0.14400001,0.0,0.14594139,8.510099,8.5201,2729600
hardzero_plus_depr__c0p56__z1p00__lam0p010__nu0p50__psi1p00,hardzero_plus_depr,0.04,34,853,0.0,1,0.5044088,0.5044088,1.0892922,0.0,0.08141563,0.0,0.0,7.9767815e-06,-28.489391,2.3964906,0.7988302,0.096,0.0,0.19464566,8.5201,8.5301,2732800
hardzero_plus_depr__c0p56__z1p00__lam0p010__nu0p50__psi1p00,hardzero_plus_depr,0.04,34,854,0.0,1,0.5044088,0.5044088,1.0247712,0.0,0.09445583,0.0,0.0,7.89741e-06,-26.858599,2.2545416,0.7515139,0.18400002,0.0,0.15170217,8.5301,8.5401,2736000
hardzero_plus_depr__c0p56__z1p00__lam0p010__nu0p50__psi1p00,hardzero_plus_depr,0.04,34,855,0.0,1,0.5044088,0.50440955,0.99140483,0.10199882,0.10199882,1.0,7.9751123e-07,7.818828e-06,-25.722267,2.1811342,0.72704476,0.18400002,0.0,0.118347935,8.5401,8.5501,2739200
hardzero_plus_depr__c0p56__z1p00__lam0p010__nu0p50__psi1p00,hardzero_plus_depr,0.04,34,856,0.0,1,0.50440955,0.50440955,1.0595006,0.0,0.08719657,0.0,0.0,7.741027e-06,-27.515903,2.3309479,0.77698267,0.17600001,0.0,0.14494291,8.5501,8.560101,2742400
hardzero_plus_depr__c0p56__z1p00__lam0p010__nu0p50__psi1p00,hardzero_plus_depr,0.04,34,857,0.0,1,0.50440955,0.50440955,1.0705147,0.0,0.08501298,0.0,0.0,7.664001e-06,-28.114983,2.3551793,0.7850598,0.128,0.0,0.16198327,8.560101,8.570101,2745600
hardzero_plus_depr__c0p56__z1p00__lam0p010__nu0p50__psi1p00,hardzero_plus_depr,0.04,34,858,0.0,1,0.50440955,0.50440955,1.074324,0.0,0.08427058,0.0,0.0,7.5877415e-06,-27.588823,2.36356,0.78785336,0.099999994,0.0,0.15552273,8.570101,8.580101,2748800
hardzero_plus_depr__c0p56__z1p00__lam0p010__nu0p50__psi1p00,hardzero_plus_depr,0.04,34,859,0.0,1,0.50440955,0.5044103,0.9981146,0.10043508,0.10043508,1.0,7.544924e-07,7.5122402e-06,-26.602058,2.195896,0.7319653,0.24000001,0.0,0.1828801,8.580101,8.590101,2752000
hardzero_plus_depr__c0p56__z1p00__lam0p010__nu0p50__psi1p00,hardzero_plus_depr,0.04,34,860,0.0,1,0.5044103,0.5044103,1.0566846,0.0,0.087763794,0.0,0.0,7.4374902e-06,-28.333893,2.3247526,0.77491754,0.16000001,0.0,0.16469789,8.590101,8.600101,2755200
hardzero_plus_depr__c0p56__z1p00__lam0p010__nu0p50__psi1p00,hardzero_plus_depr,0.04,34,861,0.0,1,0.5044103,0.5044103,1.0571272,0.0,0.08767439,0.0,0.0,7.363484e-06,-28.375784,2.3257263,0.7752421,0.112,0.0,0.14453351,8.600101,8.610102,2758400
hardzero_plus_depr__c0p56__z1p00__lam0p010__nu0p50__psi1p00,hardzero_plus_depr,0.04,34,862,0.0,1,0.5044103,0.5044103,1.0111314,0.0,0.09746947,0.0,0.0,7.290215e-06,-26.168118,2.2245336,0.7415112,0.136,0.0,0.12171034,8.610102,8.620102,2761600
hardzero_plus_depr__c0p56__z1p00__lam0p010__nu0p50__psi1p00,hardzero_plus_depr,0.04,34,863,0.0,1,0.5044103,0.5044103,1.0417167,0.0,0.09084129,0.0,0.0,7.217674e-06,-28.045008,2.2918224,0.7639408,0.208,0.0,0.17733005,8.620102,8.630102,2764800
hardzero_plus_depr__c0p56__z1p00__lam0p010__nu0p50__psi1p00,hardzero_plus_depr,0.04,34,864,0.0,1,0.5044103,0.5044103,1.0658878,0.0,0.08592355,0.0,0.0,7.1458558e-06,-28.443846,2.345,0.7816667,0.128,0.0,0.17488483,8.630102,8.640102,2768000
hardzero_plus_depr__c0p56__z1p00__lam0p010__nu0p50__psi1p00,hardzero_plus_depr,0.04,34,865,0.0,1,0.5044103,0.5044103,1.0635103,0.0,0.08639521,0.0,0.0,7.0747515e-06,-28.670279,2.3397694,0.77992314,0.15200001,0.0,0.16844152,8.640102,8.650103,2771200
hardzero_plus_depr__c0p56__z1p00__lam0p010__nu0p50__psi1p00,hardzero_plus_depr,0.04,34,866,0.0,1,0.5044103,0.50441104,0.9955269,0.10103528,0.10103528,1.0,7.07687e-07,7.0043548e-06,-25.876198,2.190203,0.7300677,0.17600001,0.0,0.14270237,8.650103,8.660103,2774400
hardzero_plus_depr__c0p56__z1p00__lam0p010__nu0p50__psi1p00,hardzero_plus_depr,0.04,34,867,0.0,1,0.50441104,0.50441104,1.0278043,0.0,0.093798466,0.0,0.0,6.9346593e-06,-27.158102,2.2612145,0.75373816,0.14400001,0.0,0.16592999,8.660103,8.670103,2777600
hardzero_plus_depr__c0p56__z1p00__lam0p010__nu0p50__psi1p00,hardzero_plus_depr,0.04,34,868,0.0,1,0.50441104,0.50441176,0.9748833,0.10595383,0.10595383,1.0,7.2744257e-07,6.8656564e-06,-26.21281,2.1447861,0.71492875,0.224,0.0,0.13470376,8.670103,8.680103,2780800
hardzero_plus_depr__c0p56__z1p00__lam0p010__nu0p50__psi1p00,hardzero_plus_depr,0.04,34,869,0.0,1,0.50441176,0.50441176,1.0112574,0.0,0.09744119,0.0,0.0,6.79734e-06,-26.77063,2.2248108,0.7416036,0.136,0.0,0.13597201,8.680103,8.690104,2784000
hardzero_plus_depr__c0p56__z1p00__lam0p010__nu0p50__psi1p00,hardzero_plus_depr,0.04,34,870,0.0,1,0.50441176,0.50441176,1.0416396,0.0,0.090857424,0.0,0.0,6.729704e-06,-27.492874,2.291653,0.7638843,0.08800001,0.0,0.13914077,8.690104,8.700104,2787200
hardzero_plus_depr__c0p56__z1p00__lam0p010__nu0p50__psi1p00,hardzero_plus_depr,0.04,34,871,0.0,1,0.50441176,0.50441176,1.0406425,0.0,0.091066256,0.0,0.0,6.662741e-06,-28.360878,2.2894592,0.7631531,0.19,0.0,0.16298325,8.700104,8.710104,2790400
hardzero_plus_depr__c0p56__z1p00__lam0p010__nu0p50__psi1p00,hardzero_plus_depr,0.04,34,872,0.0,1,0.50441176,0.50441176,1.0169915,0.0,0.09616312,0.0,0.0,6.5964446e-06,-26.704105,2.237426,0.7458087,0.208,0.0,0.1348016,8.710104,8.720104,2793600
hardzero_plus_depr__c0p56__z1p00__lam0p010__nu0p50__psi1p00,hardzero_plus_depr,0.04,34,873,0.0,1,0.50441176,0.50441176,1.0118349,0.0,0.09731171,0.0,0.0,6.530807e-06,-26.557438,2.2260811,0.74202704,0.2,0.0,0.15476252,8.720104,8.730104,2796800
hardzero_plus_depr__c0p56__z1p00__lam0p010__nu0p50__psi1p00,hardzero_plus_depr,0.04,34,874,0.0,1,0.50441176,0.5044124,0.98508686,0.10349351,0.10349351,1.0,6.691707e-07,6.4658225e-06,-26.064512,2.1672344,0.7224115,0.208,0.0,0.16336869,8.730104,8.740105,2800000
hardzero_plus_depr__c0p56__z1p00__lam0p010__nu0p50__psi1p00,hardzero_plus_depr,0.04,34,875,0.0,1,0.5044124,0.5044124,1.0057839,0.0,0.098677024,0.0,0.0,6.4014853e-06,-27.096018,2.2127688,0.7375896,0.128,0.0,0.15074371,8.740105,8.750105,2803200
hardzero_plus_depr__c0p56__z1p00__lam0p010__nu0p50__psi1p00,hardzero_plus_depr,0.04,34,876,0.0,1,0.5044124,0.5044124,1.0464183,0.0,0.089863166,0.0,0.0,6.337788e-06,-27.848577,2.3021662,0.76738876,0.14400001,0.0,0.15988879,8.750105,8.760105,2806400
hardzero_plus_depr__c0p56__z1p00__lam0p010__nu0p50__psi1p00,hardzero_plus_depr,0.04,34,877,0.0,1,0.5044124,0.5044124,1.0789709,0.0,0.08337369,0.0,0.0,6.2747245e-06,-28.354086,2.3737833,0.79126114,0.112,0.0,0.16433188,8.760105,8.770105,2809600
hardzero_plus_depr__c0p56__z1p00__lam0p010__nu0p50__psi1p00,hardzero_plus_depr,0.04,34,878,0.0,1,0.5044124,0.5044124,1.0279118,0.0,0.093775235,0.0,0.0,6.2122886e-06,-27.678627,2.261451,0.753817,0.192,0.0,0.14053535,8.770105,8.780106,2812800
hardzero_plus_depr__c0p56__z1p00__lam0p010__nu0p50__psi1p00,hardzero_plus_depr,0.04,34,879,0.0,1,0.5044124,0.5044124,1.0469971,0.0,0.08974347,0.0,0.0,6.150474e-06,-26.8379,2.3034396,0.7678132,0.16000001,0.0,0.15673842,8.780106,8.790106,2816000
hardzero_plus_depr__c0p56__z1p00__lam0p010__nu0p50__psi1p00,hardzero_plus_depr,0.04,34,880,0.0,1,0.5044124,0.5044124,1.0710862,0.0,0.08490119,0.0,0.0,6.089274e-06,-28.117535,2.3564367,0.78547895,0.16000001,0.0,0.16133764,8.790106,8.800106,2819200
hardzero_plus_depr__c0p56__z1p00__lam0p010__nu0p50__psi1p00,hardzero_plus_depr,0.04,34,881,0.0,1,0.5044124,0.504413,0.9961405,0.10089264,0.10089264,1.0,6.0824976e-07,6.028683e-06,-27.844545,2.1915529,0.7305176,0.216,0.0,0.14839046,8.800106,8.810106,2822400
hardzero_plus_depr__c0p56__z1p00__lam0p010__nu0p50__psi1p00,hardzero_plus_depr,0.04,34,882,0.0,1,0.504413,0.504413,1.0071869,0.0,0.09835878,0.0,0.0,5.968696e-06,-26.740349,2.2158554,0.7386185,0.18400002,0.0,0.14460403,8.810106,8.8201065,2825600
hardzero_plus_depr__c0p56__z1p00__lam0p010__nu0p50__psi1p00,hardzero_plus_depr,0.04,34,883,0.0,1,0.504413,0.504413,1.0557352,0.0,0.08795586,0.0,0.0,5.909305e-06,-28.381083,2.3226638,0.7742213,0.120000005,0.0,0.15874588,8.8201065,8.830107,2828800
hardzero_plus_depr__c0p56__z1p00__lam0p010__nu0p50__psi1p00,hardzero_plus_depr,0.04,34,884,0.0,1,0.504413,0.504413,1.0693634,0.0,0.08523867,0.0,0.0,5.8505047e-06,-28.355055,2.3526464,0.78421545,0.14999999,0.0,0.12701088,8.830107,8.840107,2832000
hardzero_plus_depr__c0p56__z1p00__lam0p010__nu0p50__psi1p00,hardzero_plus_depr,0.04,34,885,0.0,1,0.504413,0.504413,1.0152149,0.0,0.09655728,0.0,0.0,5.7922903e-06,-26.867765,2.2335174,0.7445058,0.208,0.0,0.15665741,8.840107,8.850107,2835200
hardzero_plus_depr__c0p56__z1p00__lam0p010__nu0p50__psi1p00,hardzero_plus_depr,0.04,34,886,0.0,1,0.504413,0.504413,1.0243571,0.0,0.09454595,0.0,0.0,5.734654e-06,-27.019331,2.2536306,0.7512102,0.16000001,0.0,0.161397,8.850107,8.860107,2838400
hardzero_plus_depr__c0p56__z1p00__lam0p010__nu0p50__psi1p00,hardzero_plus_depr,0.04,34,887,0.0,1,0.504413,0.504413,1.0618256,0.0,0.086731,0.0,0.0,5.6775925e-06,-28.22465,2.336063,0.77868766,0.128,0.0,0.16381346,8.860107,8.870108,2841600
hardzero_plus_depr__c0p56__z1p00__lam0p010__nu0p50__psi1p00,hardzero_plus_depr,0.04,34,888,0.0,1,0.504413,0.504413,1.049642,0.0,0.089198604,0.0,0.0,5.6210984e-06,-27.08617,2.3092585,0.76975286,0.16800001,0.0,0.17250173,8.870108,8.880108,2844800
hardzero_plus_depr__c0p56__z1p00__lam0p010__nu0p50__psi1p00,hardzero_plus_depr,0.04,34,889,0.0,1,0.504413,0.504413,1.0425315,0.0,0.090671025,0.0,0.0,5.5651662e-06,-27.901926,2.293615,0.7645384,0.136,0.0,0.15936932,8.880108,8.890108,2848000
hardzero_plus_depr__c0p56__z1p00__lam0p010__nu0p50__psi1p00,hardzero_plus_depr,0.04,34,890,0.0,1,0.504413,0.504413,1.045609,0.0,0.090030774,0.0,0.0,5.5097903e-06,-27.498013,2.3003857,0.7667953,0.224,0.0,0.18530644,8.890108,8.900108,2851200
hardzero_plus_depr__c0p56__z1p00__lam0p010__nu0p50__psi1p00,hardzero_plus_depr,0.04,34,891,0.0,1,0.504413,0.504413,1.0005018,0.0,0.099884525,0.0,0.0,5.454966e-06,-26.664629,2.2011478,0.73371595,0.120000005,0.0,0.1351699,8.900108,8.910109,2854400
hardzero_plus_depr__c0p56__z1p00__lam0p010__nu0p50__psi1p00,hardzero_plus_depr,0.04,34,892,0.0,1,0.504413,0.504413,1.0064888,0.0,0.09851701,0.0,0.0,5.4006864e-06,-26.209644,2.2143195,0.7381065,0.096,0.0,0.14664803,8.910109,8.920109,2857600
hardzero_plus_depr__c0p56__z1p00__lam0p010__nu0p50__psi1p00,hardzero_plus_depr,0.04,34,893,0.0,1,0.504413,0.504413,1.1120721,0.0,0.07725522,0.0,0.0,5.346948e-06,-27.806395,2.4466076,0.8155359,0.128,0.0,0.17261863,8.920109,8.930109,2860800
hardzero_plus_depr__c0p56__z1p00__lam0p010__nu0p50__psi1p00,hardzero_plus_depr,0.04,34,894,0.0,1,0.504413,0.504413,1.0372869,0.0,0.091772616,0.0,0.0,5.293744e-06,-27.093607,2.2820766,0.76069224,0.17600001,0.0,0.1348578,8.930109,8.940109,2864000
hardzero_plus_depr__c0p56__z1p00__lam0p010__nu0p50__psi1p00,hardzero_plus_depr,0.04,34,895,0.0,1,0.504413,0.504413,1.0577863,0.0,0.087541424,0.0,0.0,5.2410687e-06,-27.369335,2.3271763,0.7757255,0.192,0.0,0.1367566,8.940109,8.9501095,2867200
hardzero_plus_depr__c0p56__z1p00__lam0p010__nu0p50__psi1p00,hardzero_plus_depr,0.04,34,896,0.0,1,0.504413,0.504413,1.0416453,0.0,0.09085624,0.0,0.0,5.1889183e-06,-27.709396,2.2916653,0.7638885,0.14400001,0.0,0.15049417,8.9501095,8.96011,2870400
hardzero_plus_depr__c0p56__z1p00__lam0p010__nu0p50__psi1p00,hardzero_plus_depr,0.04,34,897,0.0,1,0.504413,0.504413,1.0148792,0.0,0.096631944,0.0,0.0,5.1372863e-06,-26.313866,2.2327788,0.7442596,0.19,0.0,0.14887515,8.96011,8.97011,2873600
hardzero_plus_depr__c0p56__z1p00__lam0p010__nu0p50__psi1p00,hardzero_plus_depr,0.04,34,898,0.0,1,0.504413,0.504413,1.026011,0.0,0.09418658,0.0,0.0,5.0861686e-06,-27.716122,2.2572691,0.75242305,0.136,0.0,0.14469247,8.97011,8.98011,2876800
hardzero_plus_depr__c0p56__z1p00__lam0p010__nu0p50__psi1p00,hardzero_plus_depr,0.04,34,899,0.0,1,0.504413,0.504413,1.0331353,0.0,0.09265411,0.0,0.0,5.0355593e-06,-27.1008,2.272943,0.7576477,0.17600001,0.0,0.15995806,8.98011,8.99011,2880000
hardzero_plus_depr__c0p56__z1p00__lam0p010__nu0p50__psi1p00,hardzero_plus_depr,0.04,34,900,0.0,1,0.504413,0.5044135,0.99524766,0.10110027,0.10110027,1.0,5.040307e-07,4.9854534e-06,-26.895496,2.1895885,0.72986287,0.18400002,0.0,0.1383234,8.99011,9.000111,2883200
hardzero_plus_depr__c0p56__z1p00__lam0p010__nu0p50__psi1p00,hardzero_plus_depr,0.04,34,901,0.0,1,0.5044135,0.5044135,1.0018245,0.0,0.09958076,0.0,0.0,4.935846e-06,-26.375399,2.204058,0.734686,0.17600001,0.0,0.14274529,9.000111,9.010111,2886400
hardzero_plus_depr__c0p56__z1p00__lam0p010__nu0p50__psi1p00,hardzero_plus_depr,0.04,34,902,0.0,1,0.5044135,0.5044135,1.0043578,0.0,0.09900158,0.0,0.0,4.8867323e-06,-27.513306,2.2096312,0.7365438,0.18400002,0.0,0.15785047,9.010111,9.020111,2889600
hardzero_plus_depr__c0p56__z1p00__lam0p010__nu0p50__psi1p00,hardzero_plus_depr,0.04,34,903,0.0,1,0.5044135,0.50441396,0.99775946,0.10051725,0.10051725,1.0,4.8631324e-07,4.8381075e-06,-26.478617,2.1951146,0.7317049,0.192,0.0,0.1549996,9.020111,9.030111,2892800
hardzero_plus_depr__c0p56__z1p00__lam0p010__nu0p50__psi1p00,hardzero_plus_depr,0.04,34,904,0.0,1,0.50441396,0.50441396,1.0644499,0.0,0.086208485,0.0,0.0,4.789966e-06,-27.417202,2.3418365,0.7806122,0.14400001,0.0,0.14611319,9.030111,9.040112,2896000
hardzero_plus_depr__c0p56__z1p00__lam0p010__nu0p50__psi1p00,hardzero_plus_depr,0.04,34,905,0.0,1,0.50441396,0.50441396,1.0085506,0.0,0.098050386,0.0,0.0,4.742304e-06,-27.721535,2.2188556,0.73961854,0.136,0.0,0.14928156,9.040112,9.050112,2899200
hardzero_plus_depr__c0p56__z1p00__lam0p010__nu0p50__psi1p00,hardzero_plus_depr,0.04,34,906,0.0,1,0.50441396,0.50441396,1.0682607,0.0,0.08545536,0.0,0.0,4.6951163e-06,-27.744223,2.3502204,0.78340685,0.15200001,0.0,0.17908879,9.050112,9.060112,2902400
hardzero_plus_depr__c0p56__z1p00__lam0p010__nu0p50__psi1p00,hardzero_plus_depr,0.04,34,907,0.0,1,0.50441396,0.50441396,1.0232749,0.0,0.09478182,0.0,0.0,4.6483983e-06,-26.733252,2.2512498,0.75041664,0.208,0.0,0.15593795,9.060112,9.070112,2905600
hardzero_plus_depr__c0p56__z1p00__lam0p010__nu0p50__psi1p00,hardzero_plus_depr,0.04,34,908,0.0,1,0.50441396,0.50441396,1.0050608,0.0,0.098841466,0.0,0.0,4.602145e-06,-26.569588,2.2111778,0.7370593,0.224,0.0,0.14084943,9.070112,9.080112,2908800
hardzero_plus_depr__c0p56__z1p00__lam0p010__nu0p50__psi1p00,hardzero_plus_depr,0.04,34,909,0.0,1,0.50441396,0.50441396,1.0680264,0.0,0.085501455,0.0,0.0,4.556352e-06,-27.607681,2.349705,0.783235,0.15200001,0.0,0.16518535,9.080112,9.090113,2912000
hardzero_plus_depr__c0p56__z1p00__lam0p010__nu0p50__psi1p00,hardzero_plus_depr,0.04,34,910,0.0,1,0.50441396,0.50441444,0.9941039,0.10136688,0.10136688,1.0,4.5726742e-07,4.511014e-06,-26.333458,2.1870723,0.7290241,0.19,0.0,0.13597989,9.090113,9.100113,2915200
hardzero_plus_depr__c0p56__z1p00__lam0p010__nu0p50__psi1p00,hardzero_plus_depr,0.04,34,911,0.0,1,0.50441444,0.5044149,0.98249596,0.10411276,0.10411276,1.0,4.649809e-07,4.466128e-06,-26.275312,2.1615343,0.72051144,0.2,0.0,0.14755125,9.100113,9.110113,2918400
hardzero_plus_depr__c0p56__z1p00__lam0p010__nu0p50__psi1p00,hardzero_plus_depr,0.04,34,912,0.0,1,0.5044149,0.5044149,1.0091834,0.0,0.09790764,0.0,0.0,4.4216886e-06,-27.464766,2.2202477,0.7400826,0.15200001,0.0,0.16076379,9.110113,9.120113,2921600
hardzero_plus_depr__c0p56__z1p00__lam0p010__nu0p50__psi1p00,hardzero_plus_depr,0.04,34,913,0.0,1,0.5044149,0.50441533,0.9966817,0.10076699,0.10076699,1.0,4.4112673e-07,4.377691e-06,-27.451391,2.1927435,0.73091453,0.15200001,0.0,0.16895731,9.120113,9.130114,2924800
hardzero_plus_depr__c0p56__z1p00__lam0p010__nu0p50__psi1p00,hardzero_plus_depr,0.04,34,914,0.0,1,0.50441533,0.50441575,0.9880062,0.10280016,0.10280016,1.0,4.4554938e-07,4.334131e-06,-26.404474,2.173657,0.72455233,0.15200001,0.0,0.15769649,9.130114,9.140114,2928000
hardzero_plus_depr__c0p56__z1p00__lam0p010__nu0p50__psi1p00,hardzero_plus_depr,0.04,34,915,0.0,1,0.50441575,0.50441575,1.0223414,0.0,0.09498579,0.0,0.0,4.2910046e-06,-26.834122,2.249196,0.749732,0.16000001,0.008,0.15104131,9.140114,9.150114,2931200
hardzero_plus_depr__c0p56__z1p00__lam0p010__nu0p50__psi1p00,hardzero_plus_depr,0.04,34,916,0.0,1,0.50441575,0.50441575,1.0251685,0.0,0.09436946,0.0,0.0,4.2483075e-06,-27.114756,2.255416,0.7518053,0.136,0.0,0.14377941,9.150114,9.160114,2934400
hardzero_plus_depr__c0p56__z1p00__lam0p010__nu0p50__psi1p00,hardzero_plus_depr,0.04,34,917,0.0,1,0.50441575,0.50441575,1.0171064,0.0,0.09613767,0.0,0.0,4.206035e-06,-26.723368,2.2376788,0.74589294,0.18400002,0.0,0.14851923,9.160114,9.1701145,2937600
hardzero_plus_depr__c0p56__z1p00__lam0p010__nu0p50__psi1p00,hardzero_plus_depr,0.04,34,918,0.0,1,0.50441575,0.50441575,1.0010654,0.0,0.09975499,0.0,0.0,4.1641833e-06,-26.462543,2.2023878,0.7341293,0.14400001,0.0,0.13714235,9.1701145,9.180115,2940800
hardzero_plus_depr__c0p56__z1p00__lam0p010__nu0p50__psi1p00,hardzero_plus_depr,0.04,34,919,0.0,1,0.50441575,0.50441575,1.0221246,0.0,0.0950332,0.0,0.0,4.122748e-06,-26.821991,2.2487192,0.7495731,0.2,0.0,0.1519445,9.180115,9.190115,2944000
hardzero_plus_depr__c0p56__z1p00__lam0p010__nu0p50__psi1p00,hardzero_plus_depr,0.04,34,920,0.0,1,0.50441575,0.50441575,1.0497806,0.0,0.08917013,0.0,0.0,4.081725e-06,-27.209486,2.3095634,0.7698545,0.096,0.0,0.1517998,9.190115,9.200115,2947200
hardzero_plus_depr__c0p56__z1p00__lam0p010__nu0p50__psi1p00,hardzero_plus_depr,0.04,34,921,0.0,1,0.50441575,0.50441575,1.0105511,0.0,0.09759978,0.0,0.0,4.0411105e-06,-26.745132,2.2232568,0.74108565,0.16000001,0.0,0.15594852,9.200115,9.210115,2950400
hardzero_plus_depr__c0p56__z1p00__lam0p010__nu0p50__psi1p00,hardzero_plus_depr,0.04,34,922,0.0,1,0.50441575,0.50441617,0.9916163,0.10194918,0.10194918,1.0,4.0788845e-07,4.0009e-06,-27.222734,2.1815994,0.7271998,0.17600001,0.0,0.16953996,9.210115,9.220116,2953600
hardzero_plus_depr__c0p56__z1p00__lam0p010__nu0p50__psi1p00,hardzero_plus_depr,0.04,34,923,0.0,1,0.50441617,0.50441617,1.0597063,0.0,0.087155275,0.0,0.0,3.9610895e-06,-27.464933,2.3314004,0.77713346,0.13,0.0,0.14241765,9.220116,9.230116,2956800
hardzero_plus_depr__c0p56__z1p00__lam0p010__nu0p50__psi1p00,hardzero_plus_depr,0.04,34,924,0.0,1,0.50441617,0.50441617,1.0085336,0.0,0.098054245,0.0,0.0,3.921675e-06,-26.708786,2.2188182,0.7396061,0.18400002,0.0,0.14038971,9.230116,9.240116,2960000
hardzero_plus_depr__c0p56__z1p00__lam0p010__nu0p50__psi1p00,hardzero_plus_depr,0.04,34,925,0.0,1,0.50441617,0.50441617,1.0708748,0.0,0.08494252,0.0,0.0,3.8826524e-06,-27.06262,2.3559716,0.78532386,0.16800001,0.0,0.16738696,9.240116,9.250116,2963200
hardzero_plus_depr__c0p56__z1p00__lam0p010__nu0p50__psi1p00,hardzero_plus_depr,0.04,34,926,0.0,1,0.50441617,0.50441617,1.0044096,0.0,0.0989898,0.0,0.0,3.844019e-06,-27.07212,2.2097452,0.73658174,0.17600001,0.0,0.13245578,9.250116,9.260117,2966400
hardzero_plus_depr__c0p56__z1p00__lam0p010__nu0p50__psi1p00,hardzero_plus_depr,0.04,34,927,0.0,1,0.50441617,0.50441617,1.076677,0.0,0.083815254,0.0,0.0,3.8057692e-06,-29.081985,2.3687367,0.7895789,0.216,0.0,0.15549457,9.260117,9.270117,2969600
hardzero_plus_depr__c0p56__z1p00__lam0p010__nu0p50__psi1p00,hardzero_plus_depr,0.04,34,928,0.0,1,0.50441617,0.50441617,1.0273259,0.0,0.09390185,0.0,0.0,3.7679004e-06,-26.754044,2.260162,0.7533874,0.080000006,0.0,0.14077154,9.270117,9.280117,2972800
hardzero_plus_depr__c0p56__z1p00__lam0p010__nu0p50__psi1p00,hardzero_plus_depr,0.04,34,929,0.0,1,0.50441617,0.50441617,1.0366887,0.0,0.091899104,0.0,0.0,3.730408e-06,-27.639254,2.2807608,0.7602536,0.120000005,0.0,0.17292443,9.280117,9.290117,2976000
hardzero_plus_depr__c0p56__z1p00__lam0p010__nu0p50__psi1p00,hardzero_plus_depr,0.04,34,930,0.0,1,0.50441617,0.50441617,1.0447536,0.0,0.09020829,0.0,0.0,3.693289e-06,-27.089561,2.2985036,0.7661679,0.18400002,0.0,0.16379759,9.290117,9.3001175,2979200
hardzero_plus_depr__c0p56__z1p00__lam0p010__nu0p50__psi1p00,hardzero_plus_depr,0.04,34,931,0.0,1,0.50441617,0.50441617,1.0396742,0.0,0.09126953,0.0,0.0,3.6565393e-06,-28.778702,2.2873287,0.76244295,0.104,0.0,0.1541665,9.3001175,9.310118,2982400
hardzero_plus_depr__c0p56__z1p00__lam0p010__nu0p50__psi1p00,hardzero_plus_depr,0.04,34,932,0.0,1,0.50441617,0.50441617,1.0207345,0.0,0.09533787,0.0,0.0,3.6201554e-06,-27.19105,2.2456608,0.74855363,0.14400001,0.0,0.15753889,9.310118,9.320118,2985600
hardzero_plus_depr__c0p56__z1p00__lam0p010__nu0p50__psi1p00,hardzero_plus_depr,0.04,34,933,0.0,1,0.50441617,0.50441617,1.0420326,0.0,0.09077523,0.0,0.0,3.5841338e-06,-28.084055,2.2925174,0.7641725,0.18400002,0.0,0.16595848,9.320118,9.330118,2988800
hardzero_plus_depr__c0p56__z1p00__lam0p010__nu0p50__psi1p00,hardzero_plus_depr,0.04,34,934,0.0,1,0.50441617,0.50441617,1.082759,0.0,0.08264964,0.0,0.0,3.5484702e-06,-29.627266,2.3821175,0.7940392,0.120000005,0.0,0.15879978,9.330118,9.340118,2992000
hardzero_plus_depr__c0p56__z1p00__lam0p010__nu0p50__psi1p00,hardzero_plus_depr,0.04,34,935,0.0,1,0.50441617,0.50441617,1.0219576,0.0,0.09506975,0.0,0.0,3.5131613e-06,-27.132252,2.2483516,0.74945056,0.14400001,0.0,0.15551436,9.340118,9.350119,2995200
hardzero_plus_depr__c0p56__z1p00__lam0p010__nu0p50__psi1p00,hardzero_plus_depr,0.04,34,936,0.0,1,0.50441617,0.50441617,1.0587327,0.0,0.08735086,0.0,0.0,3.478204e-06,-28.142918,2.3292587,0.7764196,0.099999994,0.0,0.17431788,9.350119,9.360119,2998400
hardzero_plus_depr__c0p56__z1p00__lam0p010__nu0p50__psi1p00,hardzero_plus_depr,0.04,34,937,0.0,1,0.50441617,0.50441617,1.0041776,0.0,0.09904269,0.0,0.0,3.4435948e-06,-26.848623,2.2092347,0.7364116,0.14400001,0.0,0.15202148,9.360119,9.370119,3001600
hardzero_plus_depr__c0p56__z1p00__lam0p010__nu0p50__psi1p00,hardzero_plus_depr,0.04,34,938,0.0,1,0.50441617,0.50441617,1.0300965,0.0,0.09330468,0.0,0.0,3.4093293e-06,-27.478916,2.2662575,0.7554192,0.128,0.0,0.16474348,9.370119,9.380119,3004800
hardzero_plus_depr__c0p56__z1p00__lam0p010__nu0p50__psi1p00,hardzero_plus_depr,0.04,34,939,0.0,1,0.50441617,0.50441617,1.0370454,0.0,0.09182365,0.0,0.0,3.3754054e-06,-27.41668,2.2815454,0.76051515,0.120000005,0.0,0.14414226,9.380119,9.39012,3008000
hardzero_plus_depr__c0p56__z1p00__lam0p010__nu0p50__psi1p00,hardzero_plus_depr,0.04,34,940,0.0,1,0.50441617,0.50441617,1.0086926,0.0,0.09801834,0.0,0.0,3.3418187e-06,-26.984388,2.2191682,0.7397227,0.16000001,0.0,0.1520224,9.39012,9.40012,3011200
hardzero_plus_depr__c0p56__z1p00__lam0p010__nu0p50__psi1p00,hardzero_plus_depr,0.04,34,941,0.0,1,0.50441617,0.50441617,1.0129836,0.0,0.09705467,0.0,0.0,3.3085662e-06,-27.108398,2.2286084,0.7428695,0.17600001,0.008,0.15473056,9.40012,9.41012,3014400
hardzero_plus_depr__c0p56__z1p00__lam0p010__nu0p50__psi1p00,hardzero_plus_depr,0.04,34,942,0.0,1,0.50441617,0.50441617,1.0963551,0.0,0.08010227,0.0,0.0,3.2756448e-06,-28.344242,2.4120293,0.8040098,0.120000005,0.0,0.1774646,9.41012,9.42012,3017600
hardzero_plus_depr__c0p56__z1p00__lam0p010__nu0p50__psi1p00,hardzero_plus_depr,0.04,34,943,0.0,1,0.50441617,0.50441617,1.0243244,0.0,0.09455305,0.0,0.0,3.2430507e-06,-26.34366,2.2535586,0.75118625,0.14400001,0.0,0.15275896,9.42012,9.43012,3020800
hardzero_plus_depr__c0p56__z1p00__lam0p010__nu0p50__psi1p00,hardzero_plus_depr,0.04,34,944,0.0,1,0.50441617,0.50441617,1.0467292,0.0,0.089798845,0.0,0.0,3.210781e-06,-27.33877,2.3028502,0.76761675,0.128,0.0,0.17398591,9.43012,9.440121,3024000
hardzero_plus_depr__c0p56__z1p00__lam0p010__nu0p50__psi1p00,hardzero_plus_depr,0.04,34,945,0.0,1,0.50441617,0.50441617,1.0306154,0.0,0.09319327,0.0,0.0,3.1788327e-06,-28.162357,2.2673993,0.7557998,0.136,0.0,0.16026956,9.440121,9.450121,3027200
hardzero_plus_depr__c0p56__z1p00__lam0p010__nu0p50__psi1p00,hardzero_plus_depr,0.04,34,946,0.0,1,0.50441617,0.50441617,1.0432974,0.0,0.090511255,0.0,0.0,3.147202e-06,-27.611319,2.2953002,0.7651001,0.15200001,0.0,0.16237064,9.450121,9.460121,3030400
hardzero_plus_depr__c0p56__z1p00__lam0p010__nu0p50__psi1p00,hardzero_plus_depr,0.04,34,947,0.0,1,0.50441617,0.50441617,1.0047815,0.0,0.098905064,0.0,0.0,3.1158863e-06,-26.55532,2.2105634,0.7368545,0.192,0.0,0.15800026,9.460121,9.470121,3033600
hardzero_plus_depr__c0p56__z1p00__lam0p010__nu0p50__psi1p00,hardzero_plus_depr,0.04,34,948,0.0,1,0.50441617,0.50441617,1.015763,0.0,0.09643551,0.0,0.0,3.0848819e-06,-26.842932,2.2347233,0.7449078,0.208,0.0,0.14487109,9.470121,9.480122,3036800
hardzero_plus_depr__c0p56__z1p00__lam0p010__nu0p50__psi1p00,hardzero_plus_depr,0.04,34,949,0.0,1,0.50441617,0.50441617,1.045376,0.0,0.09007911,0.0,0.0,3.0541862e-06,-28.150368,2.299873,0.7666244,0.17,0.0,0.15696076,9.480122,9.490122,3040000
hardzero_plus_depr__c0p56__z1p00__lam0p010__nu0p50__psi1p00,hardzero_plus_depr,0.04,34,950,0.0,1,0.50441617,0.50441617,1.0291438,0.0,0.0935096,0.0,0.0,3.0237957e-06,-27.302032,2.2641616,0.75472057,0.128,0.0,0.16960554,9.490122,9.500122,3043200
hardzero_plus_depr__c0p56__z1p00__lam0p010__nu0p50__psi1p00,hardzero_plus_depr,0.04,34,951,0.0,1,0.50441617,0.50441647,0.9873194,0.10296286,0.10296286,1.0,3.082407e-07,2.9937075e-06,-26.480263,2.172146,0.72404873,0.128,0.0,0.12802228,9.500122,9.510122,3046400
hardzero_plus_depr__c0p56__z1p00__lam0p010__nu0p50__psi1p00,hardzero_plus_depr,0.04,34,952,0.0,1,0.50441647,0.50441676,0.99653304,0.10080148,0.10080148,1.0,2.9876745e-07,2.963919e-06,-26.969416,2.1924164,0.7308055,0.136,0.0,0.15086293,9.510122,9.520123,3049600
hardzero_plus_depr__c0p56__z1p00__lam0p010__nu0p50__psi1p00,hardzero_plus_depr,0.04,34,953,0.0,1,0.50441676,0.50441676,1.0349154,0.0,0.09227511,0.0,0.0,2.9344271e-06,-27.148115,2.2768595,0.7589532,0.208,0.0,0.15841761,9.520123,9.530123,3052800
hardzero_plus_depr__c0p56__z1p00__lam0p010__nu0p50__psi1p00,hardzero_plus_depr,0.04,34,954,0.0,1,0.50441676,0.50441676,1.0798594,0.0,0.083203316,0.0,0.0,2.9052285e-06,-27.6826,2.3757381,0.79191273,0.16000001,0.0,0.15246052,9.530123,9.540123,3056000
hardzero_plus_depr__c0p56__z1p00__lam0p010__nu0p50__psi1p00,hardzero_plus_depr,0.04,34,955,0.0,1,0.50441676,0.50441676,1.0229523,0.0,0.09485225,0.0,0.0,2.8763202e-06,-27.277452,2.25054,0.75018,0.128,0.0,0.15724033,9.540123,9.550123,3059200
hardzero_plus_depr__c0p56__z1p00__lam0p010__nu0p50__psi1p00,hardzero_plus_depr,0.04,34,956,0.0,1,0.50441676,0.50441676,1.020557,0.0,0.095376834,0.0,0.0,2.8476995e-06,-27.146767,2.2452703,0.74842346,0.18400002,0.0,0.15246738,9.550123,9.560123,3062400
hardzero_plus_depr__c0p56__z1p00__lam0p010__nu0p50__psi1p00,hardzero_plus_depr,0.04,34,957,0.0,1,0.50441676,0.50441676,1.0176301,0.0,0.09602181,0.0,0.0,2.8193638e-06,-27.378527,2.2388308,0.746277,0.2,0.016,0.15318581,9.560123,9.570124,3065600
hardzero_plus_depr__c0p56__z1p00__lam0p010__nu0p50__psi1p00,hardzero_plus_depr,0.04,34,958,0.0,1,0.50441676,0.50441676,1.0684,0.0,0.08542794,0.0,0.0,2.7913102e-06,-27.7231,2.350527,0.783509,0.14400001,0.0,0.20728528,9.570124,9.580124,3068800
hardzero_plus_depr__c0p56__z1p00__lam0p010__nu0p50__psi1p00,hardzero_plus_depr,0.04,34,959,0.0,1,0.50441676,0.50441706,0.9975894,0.1005566,0.1005566,1.0,2.7789173e-07,2.7635356e-06,-26.384825,2.1947405,0.7315802,0.112,0.0,0.11683439,9.580124,9.590124,3072000
hardzero_plus_depr__c0p56__z1p00__lam0p010__nu0p50__psi1p00,hardzero_plus_depr,0.04,34,960,0.0,1,0.50441706,0.50441706,1.0131725,0.0,0.097012445,0.0,0.0,2.736037e-06,-27.008324,2.229024,0.743008,0.2,0.0,0.12000659,9.590124,9.600124,3075200
hardzero_plus_depr__c0p56__z1p00__lam0p010__nu0p50__psi1p00,hardzero_plus_depr,0.04,34,961,0.0,1,0.50441706,0.50441706,1.013936,0.0,0.096842036,0.0,0.0,2.7088124e-06,-26.786863,2.2307038,0.74356794,0.216,0.0,0.121883534,9.600124,9.610125,3078400
hardzero_plus_depr__c0p56__z1p00__lam0p010__nu0p50__psi1p00,hardzero_plus_depr,0.04,34,962,0.0,1,0.50441706,0.50441706,1.0509287,0.0,0.08893471,0.0,0.0,2.6818586e-06,-27.445976,2.3120892,0.7706964,0.089999996,0.0,0.14427248,9.610125,9.620125,3081600
hardzero_plus_depr__c0p56__z1p00__lam0p010__nu0p50__psi1p00,hardzero_plus_depr,0.04,34,963,0.0,1,0.50441706,0.50441706,1.0328866,0.0,0.092707165,0.0,0.0,2.6551731e-06,-26.834583,2.2723958,0.7574653,0.192,0.008,0.15415622,9.620125,9.630125,3084800
hardzero_plus_depr__c0p56__z1p00__lam0p010__nu0p50__psi1p00,hardzero_plus_depr,0.04,34,964,0.0,1,0.50441706,0.50441736,0.97202116,0.106654406,0.106654406,1.0,2.8036814e-07,2.6287535e-06,-27.071323,2.1384892,0.71282977,0.128,0.0,0.13594574,9.630125,9.640125,3088000
hardzero_plus_depr__c0p56__z1p00__lam0p010__nu0p50__psi1p00,hardzero_plus_depr,0.04,34,965,0.0,1,0.50441736,0.50441736,1.0751723,0.0,0.08410613,0.0,0.0,2.602596e-06,-27.25886,2.3654263,0.78847545,0.14400001,0.0,0.15944433,9.640125,9.6501255,3091200
hardzero_plus_depr__c0p56__z1p00__lam0p010__nu0p50__psi1p00,hardzero_plus_depr,0.04,34,966,0.0,1,0.50441736,0.50441736,1.005113,0.0,0.09882959,0.0,0.0,2.5766992e-06,-26.807526,2.2112927,0.7370976,0.16000001,0.0,0.16262332,9.6501255,9.660126,3094400
hardzero_plus_depr__c0p56__z1p00__lam0p010__nu0p50__psi1p00,hardzero_plus_depr,0.04,34,967,0.0,1,0.50441736,0.50441736,1.0537627,0.0,0.08835626,0.0,0.0,2.55106e-06,-28.560865,2.318324,0.7727747,0.17600001,0.0,0.1928838,9.660126,9.670126,3097600
hardzero_plus_depr__c0p56__z1p00__lam0p010__nu0p50__psi1p00,hardzero_plus_depr,0.04,34,968,0.0,1,0.50441736,0.50441736,1.0611801,0.0,0.08686,0.0,0.0,2.525676e-06,-27.813908,2.334643,0.77821434,0.120000005,0.0,0.17673096,9.670126,9.680126,3100800
hardzero_plus_depr__c0p56__z1p00__lam0p010__nu0p50__psi1p00,hardzero_plus_depr,0.04,34,969,0.0,1,0.50441736,0.50441736,1.0485071,0.0,0.08943199,0.0,0.0,2.5005445e-06,-27.361908,2.3067617,0.7689206,0.16800001,0.0,0.14107679,9.680126,9.690126,3104000
hardzero_plus_depr__c0p56__z1p00__lam0p010__nu0p50__psi1p00,hardzero_plus_depr,0.04,34,970,0.0,1,0.50441736,0.50441736,1.0078773,0.0,0.098202534,0.0,0.0,2.4756632e-06,-27.538853,2.2173746,0.7391249,0.2,0.0,0.15994126,9.690126,9.700127,3107200
hardzero_plus_depr__c0p56__z1p00__lam0p010__nu0p50__psi1p00,hardzero_plus_depr,0.04,34,971,0.0,1,0.50441736,0.5044176,0.97278386,0.10646726,0.10646726,1.0,2.6095438e-07,2.4510293e-06,-26.307562,2.1401672,0.7133891,0.208,0.0,0.15422224,9.700127,9.710127,3110400
hardzero_plus_depr__c0p56__z1p00__lam0p010__nu0p50__psi1p00,hardzero_plus_depr,0.04,34,972,0.0,1,0.5044176,0.5044176,1.0345572,0.0,0.092351235,0.0,0.0,2.4266405e-06,-27.574226,2.2760713,0.7586905,0.136,0.0,0.14824134,9.710127,9.720127,3113600
hardzero_plus_depr__c0p56__z1p00__lam0p010__nu0p50__psi1p00,hardzero_plus_depr,0.04,34,973,0.0,1,0.5044176,0.5044176,1.0741763,0.0,0.08429924,0.0,0.0,2.4024946e-06,-27.889292,2.363235,0.787745,0.120000005,0.0,0.1533557,9.720127,9.730127,3116800
hardzero_plus_depr__c0p56__z1p00__lam0p010__nu0p50__psi1p00,hardzero_plus_depr,0.04,34,974,0.0,1,0.5044176,0.50441784,0.9885998,0.10265974,0.10265974,1.0,2.4418532e-07,2.3785888e-06,-26.62754,2.174963,0.7249877,0.18400002,0.0,0.15585527,9.730127,9.740128,3120000
hardzero_plus_depr__c0p56__z1p00__lam0p010__nu0p50__psi1p00,hardzero_plus_depr,0.04,34,975,0.0,1,0.50441784,0.50441784,1.0335349,0.0,0.092568904,0.0,0.0,2.354921e-06,-28.338135,2.273822,0.7579407,0.17,0.0,0.13892779,9.740128,9.750128,3123200
hardzero_plus_depr__c0p56__z1p00__lam0p010__nu0p50__psi1p00,hardzero_plus_depr,0.04,34,976,0.0,1,0.50441784,0.50441784,1.0585911,0.0,0.08737935,0.0,0.0,2.3314885e-06,-28.823442,2.328947,0.7763157,0.128,0.0,0.16564804,9.750128,9.760128,3126400
hardzero_plus_depr__c0p56__z1p00__lam0p010__nu0p50__psi1p00,hardzero_plus_depr,0.04,34,977,0.0,1,0.50441784,0.50441784,1.0542499,0.0,0.08825719,0.0,0.0,2.3082894e-06,-27.776777,2.319396,0.773132,0.120000005,0.0,0.15533698,9.760128,9.770128,3129600
hardzero_plus_depr__c0p56__z1p00__lam0p010__nu0p50__psi1p00,hardzero_plus_depr,0.04,34,978,0.0,1,0.50441784,0.50441784,1.0914626,0.0,0.08100977,0.0,0.0,2.285321e-06,-27.974823,2.4012656,0.8004219,0.17600001,0.0,0.17023914,9.770128,9.7801285,3132800
hardzero_plus_depr__c0p56__z1p00__lam0p010__nu0p50__psi1p00,hardzero_plus_depr,0.04,34,979,0.0,1,0.50441784,0.50441784,1.083652,0.0,0.082479864,0.0,0.0,2.2625811e-06,-29.008347,2.384082,0.79469407,0.14400001,0.0,0.1779141,9.7801285,9.790129,3136000
hardzero_plus_depr__c0p56__z1p00__lam0p010__nu0p50__psi1p00,hardzero_plus_depr,0.04,34,980,0.0,1,0.50441784,0.5044181,0.98622435,0.10322281,0.10322281,1.0,2.3122605e-07,2.2400675e-06,-27.12277,2.1697369,0.7232456,0.16800001,0.0,0.14274725,9.790129,9.800129,3139200
hardzero_plus_depr__c0p56__z1p00__lam0p010__nu0p50__psi1p00,hardzero_plus_depr,0.04,34,981,0.0,1,0.5044181,0.5044181,1.0228914,0.0,0.09486556,0.0,0.0,2.2177778e-06,-26.061329,2.250406,0.75013536,0.16000001,0.0,0.13638349,9.800129,9.810129,3142400
hardzero_plus_depr__c0p56__z1p00__lam0p010__nu0p50__psi1p00,hardzero_plus_depr,0.04,34,982,0.0,1,0.5044181,0.5044181,1.0222541,0.0,0.09500488,0.0,0.0,2.1957103e-06,-27.452862,2.249004,0.749668,0.128,0.0,0.14259838,9.810129,9.820129,3145600
hardzero_plus_depr__c0p56__z1p00__lam0p010__nu0p50__psi1p00,hardzero_plus_depr,0.04,34,983,0.0,1,0.5044181,0.5044183,0.9940284,0.101384506,0.101384506,1.0,2.2039595e-07,2.1738622e-06,-26.735918,2.186906,0.72896874,0.18400002,0.0,0.13361034,9.820129,9.83013,3148800
hardzero_plus_depr__c0p56__z1p00__lam0p010__nu0p50__psi1p00,hardzero_plus_depr,0.04,34,984,0.0,1,0.5044183,0.5044183,1.0161208,0.0,0.0963561,0.0,0.0,2.1522312e-06,-25.711784,2.2355103,0.7451701,0.112,0.0,0.13048449,9.83013,9.84013,3152000
hardzero_plus_depr__c0p56__z1p00__lam0p010__nu0p50__psi1p00,hardzero_plus_depr,0.04,34,985,0.0,1,0.5044183,0.5044183,1.0161837,0.0,0.09634214,0.0,0.0,2.1308156e-06,-27.27547,2.2356489,0.7452163,0.16800001,0.0,0.15828408,9.84013,9.85013,3155200
hardzero_plus_depr__c0p56__z1p00__lam0p010__nu0p50__psi1p00,hardzero_plus_depr,0.04,34,986,0.0,1,0.5044183,0.5044183,1.0789295,0.0,0.083381645,0.0,0.0,2.1096132e-06,-28.30776,2.3736925,0.79123086,0.15200001,0.0,0.16900602,9.85013,9.86013,3158400
hardzero_plus_depr__c0p56__z1p00__lam0p010__nu0p50__psi1p00,hardzero_plus_depr,0.04,34,987,0.0,1,0.5044183,0.5044183,1.0487413,0.0,0.08938377,0.0,0.0,2.0886218e-06,-26.77396,2.307277,0.7690923,0.14400001,0.008,0.18476963,9.86013,9.870131,3161600
hardzero_plus_depr__c0p56__z1p00__lam0p010__nu0p50__psi1p00,hardzero_plus_depr,0.04,34,988,0.0,1,0.5044183,0.5044183,1.0004883,0.0,0.099887624,0.0,0.0,2.0678392e-06,-27.59984,2.2011182,0.7337061,0.17999999,0.0,0.14405866,9.870131,9.880131,3164800
hardzero_plus_depr__c0p56__z1p00__lam0p010__nu0p50__psi1p00,hardzero_plus_depr,0.04,34,989,0.0,1,0.5044183,0.5044183,1.0028597,0.0,0.099343695,0.0,0.0,2.0472633e-06,-27.354134,2.2063355,0.7354452,0.120000005,0.0,0.13926241,9.880131,9.890131,3168000
hardzero_plus_depr__c0p56__z1p00__lam0p010__nu0p50__psi1p00,hardzero_plus_depr,0.04,34,990,0.0,1,0.5044183,0.5044183,1.0334288,0.0,0.09259151,0.0,0.0,2.0268924e-06,-26.717731,2.2735887,0.7578629,0.128,0.0,0.17317219,9.890131,9.900131,3171200
hardzero_plus_depr__c0p56__z1p00__lam0p010__nu0p50__psi1p00,hardzero_plus_depr,0.04,34,991,0.0,1,0.5044183,0.5044185,0.9940166,0.10138726,0.10138726,1.0,2.0345624e-07,2.006724e-06,-25.647911,2.18688,0.72896004,0.224,0.0,0.12466454,9.900131,9.910131,3174400
hardzero_plus_depr__c0p56__z1p00__lam0p010__nu0p50__psi1p00,hardzero_plus_depr,0.04,34,992,0.0,1,0.5044185,0.5044185,1.102496,0.0,0.07897761,0.0,0.0,1.9867564e-06,-28.896818,2.4255397,0.8085133,0.128,0.0,0.15096532,9.910131,9.920132,3177600
hardzero_plus_depr__c0p56__z1p00__lam0p010__nu0p50__psi1p00,hardzero_plus_depr,0.04,34,993,0.0,1,0.5044185,0.5044185,1.0366309,0.0,0.09191135,0.0,0.0,1.9669874e-06,-28.89388,2.2806334,0.76021117,0.16800001,0.0,0.16073927,9.920132,9.930132,3180800
hardzero_plus_depr__c0p56__z1p00__lam0p010__nu0p50__psi1p00,hardzero_plus_depr,0.04,34,994,0.0,1,0.5044185,0.5044185,1.0180796,0.0,0.09592248,0.0,0.0,1.947415e-06,-27.68977,2.23982,0.7466067,0.15200001,0.0,0.14152682,9.930132,9.940132,3184000
hardzero_plus_depr__c0p56__z1p00__lam0p010__nu0p50__psi1p00,hardzero_plus_depr,0.04,34,995,0.0,1,0.5044185,0.5044187,0.99144524,0.101989344,0.101989344,1.0,1.9663926e-07,1.9280374e-06,-27.165504,2.1812232,0.7270744,0.16000001,0.0,0.13065292,9.940132,9.950132,3187200
hardzero_plus_depr__c0p56__z1p00__lam0p010__nu0p50__psi1p00,hardzero_plus_depr,0.04,34,996,0.0,1,0.5044187,0.5044187,1.058163,0.0,0.087465525,0.0,0.0,1.9088525e-06,-28.298746,2.328005,0.7760017,0.120000005,0.0,0.14013207,9.950132,9.960133,3190400
hardzero_plus_depr__c0p56__z1p00__lam0p010__nu0p50__psi1p00,hardzero_plus_depr,0.04,34,997,0.0,1,0.5044187,0.5044187,1.0202116,0.0,0.09545274,0.0,0.0,1.8898589e-06,-26.868675,2.2445102,0.7481701,0.120000005,0.0,0.14797924,9.960133,9.970133,3193600
hardzero_plus_depr__c0p56__z1p00__lam0p010__nu0p50__psi1p00,hardzero_plus_depr,0.04,34,998,0.0,1,0.5044187,0.5044187,1.0801486,0.0,0.08314793,0.0,0.0,1.8710541e-06,-28.832697,2.3763742,0.79212475,0.08800001,0.0,0.15282656,9.970133,9.980133,3196800
hardzero_plus_depr__c0p56__z1p00__lam0p010__nu0p50__psi1p00,hardzero_plus_depr,0.04,34,999,0.0,1,0.5044187,0.5044187,1.0666299,0.0,0.08577685,0.0,0.0,1.8524362e-06,-28.04523,2.3466327,0.78221095,0.15200001,0.0,0.15438113,9.980133,9.990133,3200000
hardzero_plus_depr__c0p56__z1p00__lam0p010__nu0p50__psi1p00,hardzero_plus_depr,0.04,34,1000,0.0,1,0.5044187,0.5044187,1.0374595,0.0,0.09173615,0.0,0.0,1.8340037e-06,-27.479649,2.2824564,0.76081884,0.15200001,0.0,0.15637983,9.990133,10.0001335,3203200
hardzero_plus_depr__c0p56__z1p00__lam0p010__nu0p50__psi1p00,hardzero_plus_depr,0.04,34,1001,0.0,1,0.5044187,0.5044187,1.0575218,0.0,0.08759476,0.0,0.0,1.8157547e-06,-27.97126,2.3265946,0.77553153,0.14,0.0,0.16657177,10.0001335,10.010134,3206400
hardzero_plus_depr__c0p56__z1p00__lam0p010__nu0p50__psi1p00,hardzero_plus_depr,0.04,34,1002,0.0,1,0.5044187,0.50441885,0.97980416,0.10476007,0.10476007,1.0,1.8832587e-07,1.7976874e-06,-26.739048,2.1556122,0.71853745,0.16000001,0.0,0.16443749,10.010134,10.020134,3209600
hardzero_plus_depr__c0p56__z1p00__lam0p010__nu0p50__psi1p00,hardzero_plus_depr,0.04,34,1003,0.0,1,0.50441885,0.50441885,1.0629472,0.0,0.08650732,0.0,0.0,1.7797996e-06,-27.779951,2.3385305,0.7795102,0.128,0.0,0.15279151,10.020134,10.030134,3212800
hardzero_plus_depr__c0p56__z1p00__lam0p010__nu0p50__psi1p00,hardzero_plus_depr,0.04,34,1004,0.0,1,0.50441885,0.50441885,1.0524662,0.0,0.08862042,0.0,0.0,1.7620899e-06,-27.243353,2.3154716,0.7718239,0.16800001,0.0,0.14428242,10.030134,10.040134,3216000
hardzero_plus_depr__c0p56__z1p00__lam0p010__nu0p50__psi1p00,hardzero_plus_depr,0.04,34,1005,0.0,1,0.50441885,0.50441885,1.0455441,0.0,0.090044215,0.0,0.0,1.7445564e-06,-27.211504,2.3002431,0.7667477,0.15200001,0.0,0.15836444,10.040134,10.050135,3219200
hardzero_plus_depr__c0p56__z1p00__lam0p010__nu0p50__psi1p00,hardzero_plus_depr,0.04,34,1006,0.0,1,0.50441885,0.50441885,1.0575953,0.0,0.08757996,0.0,0.0,1.7271973e-06,-27.829348,2.326756,0.77558535,0.136,0.0,0.17800413,10.050135,10.060135,3222400
hardzero_plus_depr__c0p56__z1p00__lam0p010__nu0p50__psi1p00,hardzero_plus_depr,0.04,34,1007,0.0,1,0.50441885,0.50441885,1.0123516,0.0,0.09719599,0.0,0.0,1.7100109e-06,-27.026268,2.2272182,0.7424061,0.15200001,0.008,0.15755741,10.060135,10.070135,3225600
hardzero_plus_depr__c0p56__z1p00__lam0p010__nu0p50__psi1p00,hardzero_plus_depr,0.04,34,1008,0.0,1,0.50441885,0.50441885,1.0200484,0.0,0.09548862,0.0,0.0,1.6929957e-06,-27.57889,2.244151,0.7480504,0.23200001,0.0,0.17276396,10.070135,10.080135,3228800
hardzero_plus_depr__c0p56__z1p00__lam0p010__nu0p50__psi1p00,hardzero_plus_depr,0.04,34,1009,0.0,1,0.50441885,0.50441885,1.0724896,0.0,0.08462727,0.0,0.0,1.6761499e-06,-28.262177,2.3595243,0.7865081,0.112,0.0,0.18962242,10.080135,10.090136,3232000
hardzero_plus_depr__c0p56__z1p00__lam0p010__nu0p50__psi1p00,hardzero_plus_depr,0.04,34,1010,0.0,1,0.50441885,0.50441885,1.0243261,0.0,0.094552696,0.0,0.0,1.6594714e-06,-27.653961,2.2535625,0.7511875,0.18400002,0.0,0.17817849,10.090136,10.100136,3235200
hardzero_plus_depr__c0p56__z1p00__lam0p010__nu0p50__psi1p00,hardzero_plus_depr,0.04,34,1011,0.0,1,0.50441885,0.50441885,1.0588889,0.0,0.08731946,0.0,0.0,1.6429591e-06,-28.590822,2.329602,0.776534,0.15200001,0.0,0.17841756,10.100136,10.110136,3238400
hardzero_plus_depr__c0p56__z1p00__lam0p010__nu0p50__psi1p00,hardzero_plus_depr,0.04,34,1012,0.0,1,0.50441885,0.50441885,1.0243608,0.0,0.09454514,0.0,0.0,1.6266108e-06,-27.94574,2.2536387,0.75121295,0.128,0.0,0.15880556,10.110136,10.120136,3241600
hardzero_plus_depr__c0p56__z1p00__lam0p010__nu0p50__psi1p00,hardzero_plus_depr,0.04,34,1013,0.0,1,0.50441885,0.504419,0.99585193,0.100959696,0.100959696,1.0,1.6258807e-07,1.6104254e-06,-26.289,2.190918,0.730306,0.16800001,0.0,0.13281131,10.120136,10.1301365,3244800
hardzero_plus_depr__c0p56__z1p00__lam0p010__nu0p50__psi1p00,hardzero_plus_depr,0.04,34,1014,0.0,1,0.504419,0.504419,1.0328513,0.0,0.092714705,0.0,0.0,1.5944012e-06,-26.607979,2.2723184,0.7574395,0.12,0.0,0.12470724,10.1301365,10.140137,3248000
hardzero_plus_depr__c0p56__z1p00__lam0p010__nu0p50__psi1p00,hardzero_plus_depr,0.04,34,1015,0.0,1,0.504419,0.504419,1.0873998,0.0,0.08177116,0.0,0.0,1.5785363e-06,-29.017786,2.3923273,0.79744244,0.104,0.0,0.18307167,10.140137,10.150137,3251200
hardzero_plus_depr__c0p56__z1p00__lam0p010__nu0p50__psi1p00,hardzero_plus_depr,0.04,34,1016,0.0,1,0.504419,0.504419,1.097229,0.0,0.07994126,0.0,0.0,1.5628292e-06,-28.647131,2.413952,0.8046507,0.18400002,0.0,0.20334476,10.150137,10.160137,3254400
hardzero_plus_depr__c0p56__z1p00__lam0p010__nu0p50__psi1p00,hardzero_plus_depr,0.04,34,1017,0.0,1,0.504419,0.504419,1.1178492,0.0,0.07623437,0.0,0.0,1.5472784e-06,-29.494205,2.4593174,0.8197725,0.096,0.0,0.16002737,10.160137,10.170137,3257600
hardzero_plus_depr__c0p56__z1p00__lam0p010__nu0p50__psi1p00,hardzero_plus_depr,0.04,34,1018,0.0,1,0.504419,0.504419,1.068941,0.0,0.085321605,0.0,0.0,1.5318824e-06,-27.99929,2.3517172,0.78390574,0.136,0.0,0.1565876,10.170137,10.180138,3260800
hardzero_plus_depr__c0p56__z1p00__lam0p010__nu0p50__psi1p00,hardzero_plus_depr,0.04,34,1019,0.0,1,0.504419,0.504419,1.0781227,0.0,0.083536685,0.0,0.0,1.5166396e-06,-28.376575,2.3719175,0.79063916,0.08800001,0.0,0.14906797,10.180138,10.190138,3264000
hardzero_plus_depr__c0p56__z1p00__lam0p010__nu0p50__psi1p00,hardzero_plus_depr,0.04,34,1020,0.0,1,0.504419,0.504419,1.0721747,0.0,0.08468868,0.0,0.0,1.5015484e-06,-27.93068,2.3588314,0.7862772,0.096,0.0,0.15743323,10.190138,10.200138,3267200
hardzero_plus_depr__c0p56__z1p00__lam0p010__nu0p50__psi1p00,hardzero_plus_depr,0.04,34,1021,0.0,1,0.504419,0.504419,1.0228417,0.0,0.09487642,0.0,0.0,1.4866073e-06,-28.095858,2.2502966,0.7500989,0.24800001,0.0,0.16617756,10.200138,10.210138,3270400
hardzero_plus_depr__c0p56__z1p00__lam0p010__nu0p50__psi1p00,hardzero_plus_depr,0.04,34,1022,0.0,1,0.504419,0.504419,1.041793,0.0,0.09082533,0.0,0.0,1.471815e-06,-27.00213,2.2919903,0.7639968,0.136,0.0,0.15190326,10.210138,10.220139,3273600
hardzero_plus_depr__c0p56__z1p00__lam0p010__nu0p50__psi1p00,hardzero_plus_depr,0.04,34,1023,0.0,1,0.504419,0.504419,1.0453445,0.0,0.09008563,0.0,0.0,1.4571698e-06,-27.829453,2.2998037,0.76660126,0.136,0.0,0.16752622,10.220139,10.230139,3276800
hardzero_plus_depr__c0p56__z1p00__lam0p010__nu0p50__psi1p00,hardzero_plus_depr,0.04,34,1024,0.0,1,0.504419,0.504419,1.0162231,0.0,0.096333414,0.0,0.0,1.4426706e-06,-27.054562,2.2357354,0.74524516,0.16000001,0.0,0.14310741,10.230139,10.240139,3280000
hardzero_plus_depr__c0p56__z1p00__lam0p010__nu0p50__psi1p00,hardzero_plus_depr,0.04,34,1025,0.0,1,0.504419,0.504419,1.0831748,0.0,0.08257055,0.0,0.0,1.4283154e-06,-27.631153,2.3830323,0.7943441,0.18400002,0.0,0.1609653,10.240139,10.250139,3283200
hardzero_plus_depr__c0p56__z1p00__lam0p010__nu0p50__psi1p00,hardzero_plus_depr,0.04,34,1026,0.0,1,0.504419,0.504419,1.0343264,0.0,0.092400335,0.0,0.0,1.4141032e-06,-26.920275,2.2755635,0.7585212,0.096,0.0,0.13322031,10.250139,10.260139,3286400
hardzero_plus_depr__c0p56__z1p00__lam0p010__nu0p50__psi1p00,hardzero_plus_depr,0.04,34,1027,0.0,1,0.504419,0.504419,1.0176011,0.0,0.09602822,0.0,0.0,1.4000321e-06,-26.628359,2.2387671,0.74625576,0.13,0.0,0.17237994,10.260139,10.27014,3289600
hardzero_plus_depr__c0p56__z1p00__lam0p010__nu0p50__psi1p00,hardzero_plus_depr,0.04,34,1028,0.0,1,0.504419,0.504419,1.0008087,0.0,0.09981397,0.0,0.0,1.3861013e-06,-25.886549,2.2018232,0.7339411,0.14400001,0.0,0.13612927,10.27014,10.28014,3292800
hardzero_plus_depr__c0p56__z1p00__lam0p010__nu0p50__psi1p00,hardzero_plus_depr,0.04,34,1029,0.0,1,0.504419,0.504419,1.0741787,0.0,0.084298775,0.0,0.0,1.3723092e-06,-28.180624,2.3632402,0.7877468,0.064,0.0,0.17558165,10.28014,10.29014,3296000
hardzero_plus_depr__c0p56__z1p00__lam0p010__nu0p50__psi1p00,hardzero_plus_depr,0.04,34,1030,0.0,1,0.504419,0.504419,1.0260926,0.0,0.094168864,0.0,0.0,1.3586541e-06,-27.718836,2.257449,0.752483,0.216,0.0,0.16915658,10.29014,10.30014,3299200
hardzero_plus_depr__c0p56__z1p00__lam0p010__nu0p50__psi1p00,hardzero_plus_depr,0.04,34,1031,0.0,1,0.504419,0.504419,1.0133489,0.0,0.09697304,0.0,0.0,1.3451349e-06,-27.573423,2.229412,0.74313736,0.16000001,0.0,0.14375822,10.30014,10.310141,3302400
hardzero_plus_depr__c0p56__z1p00__lam0p010__nu0p50__psi1p00,hardzero_plus_depr,0.04,34,1032,0.0,1,0.504419,0.504419,1.1174067,0.0,0.07631207,0.0,0.0,1.3317504e-06,-29.760784,2.458344,0.819448,0.120000005,0.0,0.15776077,10.310141,10.320141,3305600
hardzero_plus_depr__c0p56__z1p00__lam0p010__nu0p50__psi1p00,hardzero_plus_depr,0.04,34,1033,0.0,1,0.504419,0.504419,1.0424471,0.0,0.09068864,0.0,0.0,1.3184988e-06,-27.501904,2.2934294,0.7644765,0.17600001,0.0,0.14693019,10.320141,10.330141,3308800
hardzero_plus_depr__c0p56__z1p00__lam0p010__nu0p50__psi1p00,hardzero_plus_depr,0.04,34,1034,0.0,1,0.504419,0.504419,1.0194849,0.0,0.09561259,0.0,0.0,1.3053793e-06,-26.925371,2.2429116,0.7476372,0.128,0.0,0.1468073,10.330141,10.340141,3312000
hardzero_plus_depr__c0p56__z1p00__lam0p010__nu0p50__psi1p00,hardzero_plus_depr,0.04,34,1035,0.0,1,0.504419,0.50441915,0.9937835,0.10144171,0.10144171,1.0,1.311023e-07,1.2923904e-06,-26.594946,2.1863673,0.7287891,0.16000001,0.0,0.1262827,10.340141,10.350142,3315200
hardzero_plus_depr__c0p56__z1p00__lam0p010__nu0p50__psi1p00,hardzero_plus_depr,0.04,34,1036,0.0,1,0.50441915,0.50441915,1.0193644,0.0,0.09563914,0.0,0.0,1.2795306e-06,-27.422398,2.2426465,0.7475488,0.18400002,0.0,0.14058606,10.350142,10.360142,3318400
hardzero_plus_depr__c0p56__z1p00__lam0p010__nu0p50__psi1p00,hardzero_plus_depr,0.04,34,1037,0.0,1,0.50441915,0.50441915,1.0084467,0.0,0.09807386,0.0,0.0,1.2667986e-06,-26.72394,2.218627,0.73954237,0.16800001,0.0,0.1501579,10.360142,10.370142,3321600
hardzero_plus_depr__c0p56__z1p00__lam0p010__nu0p50__psi1p00,hardzero_plus_depr,0.04,34,1038,0.0,1,0.50441915,0.50441915,1.0330973,0.0,0.09266222,0.0,0.0,1.2541934e-06,-27.205591,2.2728593,0.7576198,0.16000001,0.0,0.13277927,10.370142,10.380142,3324800
hardzero_plus_depr__c0p56__z1p00__lam0p010__nu0p50__psi1p00,hardzero_plus_depr,0.04,34,1039,0.0,1,0.50441915,0.50441915,1.0109507,0.0,0.09751003,0.0,0.0,1.2417138e-06,-26.535975,2.2241359,0.74137866,0.14400001,0.0,0.12574445,10.380142,10.390142,3328000
hardzero_plus_depr__c0p56__z1p00__lam0p010__nu0p50__psi1p00,hardzero_plus_depr,0.04,34,1040,0.0,1,0.50441915,0.50441915,1.0327948,0.0,0.092726775,0.0,0.0,1.2293583e-06,-27.514526,2.272194,0.757398,0.17,0.0,0.16011734,10.390142,10.400143,3331200
hardzero_plus_depr__c0p56__z1p00__lam0p010__nu0p50__psi1p00,hardzero_plus_depr,0.04,34,1041,0.0,1,0.50441915,0.50441927,0.9906959,0.10216546,0.10216546,1.0,1.243482e-07,1.2171256e-06,-26.424507,2.1795745,0.72652483,0.128,0.0,0.15289555,10.400143,10.410143,3334400
hardzero_plus_depr__c0p56__z1p00__lam0p010__nu0p50__psi1p00,hardzero_plus_depr,0.04,34,1042,0.0,1,0.50441927,0.50441927,1.0671757,0.0,0.08566911,0.0,0.0,1.2050148e-06,-28.275078,2.3478334,0.78261113,0.18400002,0.0,0.14589302,10.410143,10.420143,3337600
hardzero_plus_depr__c0p56__z1p00__lam0p010__nu0p50__psi1p00,hardzero_plus_depr,0.04,34,1043,0.0,1,0.50441927,0.50441927,1.0138639,0.0,0.09685813,0.0,0.0,1.1930244e-06,-26.97288,2.2305453,0.74351513,0.14400001,0.0,0.1425052,10.420143,10.430143,3340800
hardzero_plus_depr__c0p56__z1p00__lam0p010__nu0p50__psi1p00,hardzero_plus_depr,0.04,34,1044,0.0,1,0.50441927,0.50441927,1.0233306,0.0,0.09476967,0.0,0.0,1.1811533e-06,-27.387312,2.251372,0.7504574,0.16800001,0.0,0.16164793,10.430143,10.440144,3344000
hardzero_plus_depr__c0p56__z1p00__lam0p010__nu0p50__psi1p00,hardzero_plus_depr,0.04,34,1045,0.0,1,0.50441927,0.50441927,1.0024432,0.0,0.099439,0.0,0.0,1.1694004e-06,-26.17438,2.205419,0.7351397,0.15200001,0.0,0.14196067,10.440144,10.450144,3347200
hardzero_plus_depr__c0p56__z1p00__lam0p010__nu0p50__psi1p00,hardzero_plus_depr,0.04,34,1046,0.0,1,0.50441927,0.50441927,1.0219744,0.0,0.09506606,0.0,0.0,1.1577644e-06,-26.694798,2.2483888,0.74946296,0.15200001,0.0,0.14240298,10.450144,10.460144,3350400
hardzero_plus_depr__c0p56__z1p00__lam0p010__nu0p50__psi1p00,hardzero_plus_depr,0.04,34,1047,0.0,1,0.50441927,0.50441927,1.0457695,0.0,0.089997515,0.0,0.0,1.1462442e-06,-27.259962,2.3007388,0.76691294,0.16000001,0.0,0.16916141,10.460144,10.470144,3353600
hardzero_plus_depr__c0p56__z1p00__lam0p010__nu0p50__psi1p00,hardzero_plus_depr,0.04,34,1048,0.0,1,0.50441927,0.50441927,1.0435047,0.0,0.090468064,0.0,0.0,1.1348386e-06,-27.793875,2.295756,0.76525205,0.15200001,0.0,0.15455964,10.470144,10.4801445,3356800
hardzero_plus_depr__c0p56__z1p00__lam0p010__nu0p50__psi1p00,hardzero_plus_depr,0.04,34,1049,0.0,1,0.50441927,0.50441927,1.05477,0.0,0.08815157,0.0,0.0,1.1235466e-06,-27.538095,2.3205402,0.77351344,0.15200001,0.0,0.16921824,10.4801445,10.490145,3360000
hardzero_plus_depr__c0p56__z1p00__lam0p010__nu0p50__psi1p00,hardzero_plus_depr,0.04,34,1050,0.0,1,0.50441927,0.50441927,1.0375528,0.0,0.09171642,0.0,0.0,1.1123668e-06,-27.577126,2.282662,0.7608873,0.120000005,0.0,0.17072737,10.490145,10.500145,3363200
hardzero_plus_depr__c0p56__z1p00__lam0p010__nu0p50__psi1p00,hardzero_plus_depr,0.04,34,1051,0.0,1,0.50441927,0.50441927,1.0971929,0.0,0.079947904,0.0,0.0,1.1012983e-06,-28.367428,2.4138725,0.8046242,0.112,0.0,0.20278506,10.500145,10.510145,3366400
hardzero_plus_depr__c0p56__z1p00__lam0p010__nu0p50__psi1p00,hardzero_plus_depr,0.04,34,1052,0.0,1,0.50441927,0.50441927,1.0206089,0.0,0.095365465,0.0,0.0,1.0903401e-06,-27.24139,2.2453845,0.7484615,0.120000005,0.0,0.12761764,10.510145,10.520145,3369600
hardzero_plus_depr__c0p56__z1p00__lam0p010__nu0p50__psi1p00,hardzero_plus_depr,0.04,34,1053,0.0,1,0.50441927,0.50441927,1.0329249,0.0,0.092699006,0.0,0.0,1.0794906e-06,-27.48989,2.2724802,0.75749344,0.24,0.0,0.15943706,10.520145,10.530146,3372800
hardzero_plus_depr__c0p56__z1p00__lam0p010__nu0p50__psi1p00,hardzero_plus_depr,0.04,34,1054,0.0,1,0.50441927,0.50441927,1.042385,0.0,0.09070161,0.0,0.0,1.0687493e-06,-27.604528,2.2932928,0.76443094,0.15200001,0.0,0.14641312,10.530146,10.540146,3376000
hardzero_plus_depr__c0p56__z1p00__lam0p010__nu0p50__psi1p00,hardzero_plus_depr,0.04,34,1055,0.0,1,0.50441927,0.50441927,1.0745946,0.0,0.08421808,0.0,0.0,1.0581149e-06,-27.865042,2.3641553,0.7880518,0.104,0.0,0.16650991,10.540146,10.550146,3379200
hardzero_plus_depr__c0p56__z1p00__lam0p010__nu0p50__psi1p00,hardzero_plus_depr,0.04,34,1056,0.0,1,0.50441927,0.50441927,1.0787183,0.0,0.083422214,0.0,0.0,1.0475861e-06,-28.384647,2.3732276,0.7910759,0.136,0.0,0.13071585,10.550146,10.560146,3382400
hardzero_plus_depr__c0p56__z1p00__lam0p010__nu0p50__psi1p00,hardzero_plus_depr,0.04,34,1057,0.0,1,0.50441927,0.50441927,1.0820115,0.0,0.08279202,0.0,0.0,1.0371623e-06,-27.150501,2.3804727,0.7934909,0.112,0.0,0.15099458,10.560146,10.570147,3385600
hardzero_plus_depr__c0p56__z1p00__lam0p010__nu0p50__psi1p00,hardzero_plus_depr,0.04,34,1058,0.0,1,0.50441927,0.50441927,1.0507271,0.0,0.08897599,0.0,0.0,1.0268421e-06,-27.937796,2.3116457,0.7705486,0.14400001,0.0,0.14386651,10.570147,10.580147,3388800
hardzero_plus_depr__c0p56__z1p00__lam0p010__nu0p50__psi1p00,hardzero_plus_depr,0.04,34,1059,0.0,1,0.50441927,0.50441927,1.0197396,0.0,0.095556535,0.0,0.0,1.0166245e-06,-26.788055,2.2434719,0.74782395,0.192,0.008,0.14361355,10.580147,10.590147,3392000
hardzero_plus_depr__c0p56__z1p00__lam0p010__nu0p50__psi1p00,hardzero_plus_depr,0.04,34,1060,0.0,1,0.50441927,0.50441927,1.0080371,0.0,0.09816641,0.0,0.0,1.0065088e-06,-26.863604,2.217726,0.739242,0.18400002,0.0,0.14740942,10.590147,10.600147,3395200
hardzero_plus_depr__c0p56__z1p00__lam0p010__nu0p50__psi1p00,hardzero_plus_depr,0.04,34,1061,0.0,1,0.50441927,0.50441927,1.0281624,0.0,0.09372115,0.0,0.0,9.964936e-07,-27.632755,2.2620025,0.75400084,0.136,0.0,0.13252617,10.600147,10.610147,3398400
hardzero_plus_depr__c0p56__z1p00__lam0p010__nu0p50__psi1p00,hardzero_plus_depr,0.04,34,1062,0.0,1,0.50441927,0.50441927,1.0391223,0.0,0.09138558,0.0,0.0,9.865782e-07,-27.96589,2.2861147,0.76203823,0.16000001,0.0,0.19680573,10.610147,10.620148,3401600
hardzero_plus_depr__c0p56__z1p00__lam0p010__nu0p50__psi1p00,hardzero_plus_depr,0.04,34,1063,0.0,1,0.50441927,0.50441927,1.0941687,0.0,0.08050656,0.0,0.0,9.767614e-07,-28.187069,2.4072192,0.80240643,0.14400001,0.0,0.15800993,10.620148,10.630148,3404800
hardzero_plus_depr__c0p56__z1p00__lam0p010__nu0p50__psi1p00,hardzero_plus_depr,0.04,34,1064,0.0,1,0.50441927,0.50441927,1.04426,0.0,0.09031086,0.0,0.0,9.670421e-07,-28.267965,2.2974179,0.76580596,0.112,0.0,0.1444057,10.630148,10.640148,3408000
hardzero_plus_depr__c0p56__z1p00__lam0p010__nu0p50__psi1p00,hardzero_plus_depr,0.04,34,1065,0.0,1,0.50441927,0.5044194,0.98588437,0.10330363,0.10330363,1.0,9.890493e-08,9.574196e-07,-26.285686,2.168989,0.72299635,0.16000001,0.0,0.13494152,10.640148,10.650148,3411200
hardzero_plus_depr__c0p56__z1p00__lam0p010__nu0p50__psi1p00,hardzero_plus_depr,0.04,34,1066,0.0,1,0.5044194,0.5044194,1.0612389,0.0,0.08684826,0.0,0.0,9.4789294e-07,-27.424198,2.334772,0.77825737,0.17999999,0.0,0.1809421,10.650148,10.660149,3414400
hardzero_plus_depr__c0p56__z1p00__lam0p010__nu0p50__psi1p00,hardzero_plus_depr,0.04,34,1067,0.0,1,0.5044194,0.5044194,1.0614687,0.0,0.086802304,0.0,0.0,9.3846114e-07,-27.883926,2.3352778,0.77842593,0.128,0.0,0.13678467,10.660149,10.670149,3417600
hardzero_plus_depr__c0p56__z1p00__lam0p010__nu0p50__psi1p00,hardzero_plus_depr,0.04,34,1068,0.0,1,0.5044194,0.5044194,1.0901182,0.0,0.081260934,0.0,0.0,9.29123e-07,-28.333733,2.3983078,0.799436,0.112,0.0,0.16575456,10.670149,10.680149,3420800
hardzero_plus_depr__c0p56__z1p00__lam0p010__nu0p50__psi1p00,hardzero_plus_depr,0.04,34,1069,0.0,1,0.5044194,0.5044194,1.0326502,0.0,0.09275764,0.0,0.0,9.198779e-07,-27.469126,2.2718759,0.757292,0.128,0.0,0.15521863,10.680149,10.690149,3424000
hardzero_plus_depr__c0p56__z1p00__lam0p010__nu0p50__psi1p00,hardzero_plus_depr,0.04,34,1070,0.0,1,0.5044194,0.5044194,1.0551863,0.0,0.0880671,0.0,0.0,9.1072474e-07,-27.236504,2.3214562,0.77381873,0.136,0.0,0.17390738,10.690149,10.70015,3427200
hardzero_plus_depr__c0p56__z1p00__lam0p010__nu0p50__psi1p00,hardzero_plus_depr,0.04,34,1071,0.0,1,0.5044194,0.5044194,1.0099678,0.0,0.09773097,0.0,0.0,9.0166264e-07,-26.855122,2.2219734,0.7406578,0.192,0.0,0.15336958,10.70015,10.71015,3430400
hardzero_plus_depr__c0p56__z1p00__lam0p010__nu0p50__psi1p00,hardzero_plus_depr,0.04,34,1072,0.0,1,0.5044194,0.5044194,1.0621911,0.0,0.08665803,0.0,0.0,8.9269076e-07,-28.324694,2.336867,0.7789557,0.18400002,0.0,0.18275815,10.71015,10.72015,3433600
hardzero_plus_depr__c0p56__z1p00__lam0p010__nu0p50__psi1p00,hardzero_plus_depr,0.04,34,1073,0.0,1,0.5044194,0.5044194,1.0984195,0.0,0.07972241,0.0,0.0,8.838081e-07,-28.723417,2.4165714,0.8055238,0.136,0.0,0.18770707,10.72015,10.73015,3436800
hardzero_plus_depr__c0p56__z1p00__lam0p010__nu0p50__psi1p00,hardzero_plus_depr,0.04,34,1074,0.0,1,0.5044194,0.5044194,1.1019498,0.0,0.079077,0.0,0.0,8.7501394e-07,-28.753466,2.424338,0.80811274,0.16800001,0.0,0.19797742,10.73015,10.74015,3440000
hardzero_plus_depr__c0p56__z1p00__lam0p010__nu0p50__psi1p00,hardzero_plus_depr,0.04,34,1075,0.0,1,0.5044194,0.5044194,1.0608692,0.0,0.08692221,0.0,0.0,8.663071e-07,-28.409647,2.3339589,0.7779863,0.16000001,0.0,0.1650439,10.74015,10.750151,3443200
hardzero_plus_depr__c0p56__z1p00__lam0p010__nu0p50__psi1p00,hardzero_plus_depr,0.04,34,1076,0.0,1,0.5044194,0.5044194,1.0529047,0.0,0.08853098,0.0,0.0,8.576871e-07,-27.788134,2.3164368,0.7721456,0.16000001,0.0,0.15457118,10.750151,10.760151,3446400
hardzero_plus_depr__c0p56__z1p00__lam0p010__nu0p50__psi1p00,hardzero_plus_depr,0.04,34,1077,0.0,1,0.5044194,0.5044194,1.0107814,0.0,0.097548045,0.0,0.0,8.491527e-07,-27.47002,2.2237635,0.7412545,0.16800001,0.0,0.16820365,10.760151,10.770151,3449600
hardzero_plus_depr__c0p56__z1p00__lam0p010__nu0p50__psi1p00,hardzero_plus_depr,0.04,34,1078,0.0,1,0.5044194,0.50441945,0.9953489,0.1010767,0.1010767,1.0,8.497552e-08,8.4070336e-07,-27.584328,2.1898112,0.7299371,0.2,0.0,0.15810949,10.770151,10.780151,3452800
hardzero_plus_depr__c0p56__z1p00__lam0p010__nu0p50__psi1p00,hardzero_plus_depr,0.04,34,1079,0.0,1,0.50441945,0.50441945,1.0689796,0.0,0.08531402,0.0,0.0,8.32338e-07,-28.849463,2.351802,0.78393406,0.11,0.0,0.12890749,10.780151,10.790152,3456000
hardzero_plus_depr__c0p56__z1p00__lam0p010__nu0p50__psi1p00,hardzero_plus_depr,0.04,34,1080,0.0,1,0.50441945,0.5044195,0.99695706,0.10070312,0.10070312,1.0,8.298501e-08,8.24056e-07,-27.198387,2.1933494,0.7311165,0.16000001,0.0,0.15520433,10.790152,10.800152,3459200
hardzero_plus_depr__c0p56__z1p00__lam0p010__nu0p50__psi1p00,hardzero_plus_depr,0.04,34,1081,0.0,1,0.5044195,0.5044195,1.0465393,0.0,0.089838125,0.0,0.0,8.1585625e-07,-27.572649,2.3024325,0.7674775,0.136,0.0,0.15722664,10.800152,10.810152,3462400
hardzero_plus_depr__c0p56__z1p00__lam0p010__nu0p50__psi1p00,hardzero_plus_depr,0.04,34,1082,0.0,1,0.5044195,0.5044195,1.0353097,0.0,0.092191376,0.0,0.0,8.0773816e-07,-27.962267,2.277727,0.7592423,0.17600001,0.0,0.18815751,10.810152,10.820152,3465600
hardzero_plus_depr__c0p56__z1p00__lam0p010__nu0p50__psi1p00,hardzero_plus_depr,0.04,34,1083,0.0,1,0.5044195,0.5044195,1.0670084,0.0,0.085702114,0.0,0.0,7.997008e-07,-27.697813,2.3474653,0.78248847,0.16000001,0.0,0.15850523,10.820152,10.8301525,3468800
hardzero_plus_depr__c0p56__z1p00__lam0p010__nu0p50__psi1p00,hardzero_plus_depr,0.04,34,1084,0.0,1,0.5044195,0.5044195,1.0468907,0.0,0.08976545,0.0,0.0,7.917435e-07,-26.975664,2.3032057,0.76773524,0.15200001,0.0,0.16309862,10.8301525,10.840153,3472000
hardzero_plus_depr__c0p56__z1p00__lam0p010__nu0p50__psi1p00,hardzero_plus_depr,0.04,34,1085,0.0,1,0.5044195,0.5044195,1.0009946,0.0,0.099771254,0.0,0.0,7.838654e-07,-27.013641,2.2022321,0.7340774,0.15200001,0.0,0.14866416,10.840153,10.850153,3475200
hardzero_plus_depr__c0p56__z1p00__lam0p010__nu0p50__psi1p00,hardzero_plus_depr,0.04,34,1086,0.0,1,0.5044195,0.50441957,0.972249,0.106598474,0.106598474,1.0,8.2727404e-08,7.760656e-07,-26.653698,2.1389904,0.71299684,0.2,0.0,0.16090573,10.850153,10.860153,3478400
hardzero_plus_depr__c0p56__z1p00__lam0p010__nu0p50__psi1p00,hardzero_plus_depr,0.04,34,1087,0.0,1,0.50441957,0.5044196,0.9787173,0.10502258,0.10502258,1.0,8.069341e-08,7.6834345e-07,-26.632872,2.1532211,0.7177404,0.14400001,0.0,0.13149214,10.860153,10.870153,3481600
hardzero_plus_depr__c0p56__z1p00__lam0p010__nu0p50__psi1p00,hardzero_plus_depr,0.04,34,1088,0.0,1,0.5044196,0.5044196,1.0056533,0.0,0.098706715,0.0,0.0,7.606981e-07,-26.776009,2.2124813,0.73749375,0.15200001,0.0,0.13661888,10.870153,10.880154,3484800
hardzero_plus_depr__c0p56__z1p00__lam0p010__nu0p50__psi1p00,hardzero_plus_depr,0.04,34,1089,0.0,1,0.5044196,0.5044196,1.0313541,0.0,0.09303489,0.0,0.0,7.531289e-07,-27.334587,2.2690241,0.7563414,0.18400002,0.0,0.1494529,10.880154,10.890154,3488000
hardzero_plus_depr__c0p56__z1p00__lam0p010__nu0p50__psi1p00,hardzero_plus_depr,0.04,34,1090,0.0,1,0.5044196,0.5044196,1.0138055,0.0,0.09687116,0.0,0.0,7.4563496e-07,-27.661503,2.2304165,0.7434722,0.14400001,0.0,0.16912492,10.890154,10.900154,3491200
hardzero_plus_depr__c0p56__z1p00__lam0p010__nu0p50__psi1p00,hardzero_plus_depr,0.04,34,1091,0.0,1,0.5044196,0.5044196,1.029827,0.0,0.09336262,0.0,0.0,7.382156e-07,-28.217682,2.2656646,0.75522155,0.16800001,0.0,0.16501503,10.900154,10.910154,3494400
hardzero_plus_depr__c0p56__z1p00__lam0p010__nu0p50__psi1p00,hardzero_plus_depr,0.04,34,1092,0.0,1,0.5044196,0.5044197,0.96384454,0.108681455,0.108681455,1.0,7.943201e-08,7.3087e-07,-25.22463,2.1205003,0.7068335,0.14,0.0,0.11726881,10.910154,10.920155,3497600
hardzero_plus_depr__c0p56__z1p00__lam0p010__nu0p50__psi1p00,hardzero_plus_depr,0.04,34,1093,0.0,1,0.5044197,0.5044197,1.0437458,0.0,0.09041787,0.0,0.0,7.235976e-07,-27.502298,2.2962866,0.7654289,0.18400002,0.0,0.16222827,10.920155,10.930155,3500800
hardzero_plus_depr__c0p56__z1p00__lam0p010__nu0p50__psi1p00,hardzero_plus_depr,0.04,34,1094,0.0,1,0.5044197,0.5044197,1.0660073,0.0,0.08589991,0.0,0.0,7.1639755e-07,-27.931084,2.3452628,0.78175426,0.128,0.0,0.16469869,10.930155,10.940155,3504000
hardzero_plus_depr__c0p56__z1p00__lam0p010__nu0p50__psi1p00,hardzero_plus_depr,0.04,34,1095,0.0,1,0.5044197,0.5044197,1.0781341,0.0,0.0835345,0.0,0.0,7.0926905e-07,-28.601587,2.3719423,0.79064745,0.096,0.0,0.16210216,10.940155,10.950155,3507200
hardzero_plus_depr__c0p56__z1p00__lam0p010__nu0p50__psi1p00,hardzero_plus_depr,0.04,34,1096,0.0,1,0.5044197,0.5044197,1.0437346,0.0,0.090420194,0.0,0.0,7.022116e-07,-27.085154,2.2962618,0.7654206,0.14400001,0.0,0.14623979,10.950155,10.9601555,3510400
hardzero_plus_depr__c0p56__z1p00__lam0p010__nu0p50__psi1p00,hardzero_plus_depr,0.04,34,1097,0.0,1,0.5044197,0.5044197,1.0631756,0.0,0.086461835,0.0,0.0,6.952243e-07,-28.391764,2.339033,0.7796776,0.2,0.0,0.1637763,10.9601555,10.970156,3513600
hardzero_plus_depr__c0p56__z1p00__lam0p010__nu0p50__psi1p00,hardzero_plus_depr,0.04,34,1098,0.0,1,0.5044197,0.5044197,1.0524514,0.0,0.08862344,0.0,0.0,6.883065e-07,-28.082722,2.3154392,0.7718131,0.16800001,0.0,0.16080439,10.970156,10.980156,3516800
hardzero_plus_depr__c0p56__z1p00__lam0p010__nu0p50__psi1p00,hardzero_plus_depr,0.04,34,1099,0.0,1,0.5044197,0.5044197,1.0395168,0.0,0.09130261,0.0,0.0,6.814576e-07,-27.734602,2.2869825,0.76232755,0.15200001,0.0,0.15619653,10.980156,10.990156,3520000
hardzero_plus_depr__c0p56__z1p00__lam0p010__nu0p50__psi1p00,hardzero_plus_depr,0.04,34,1100,0.0,1,0.5044197,0.5044197,1.0655951,0.0,0.085981466,0.0,0.0,6.746768e-07,-27.615395,2.344356,0.78145206,0.14400001,0.0,0.13511798,10.990156,11.000156,3523200
hardzero_plus_depr__c0p56__z1p00__lam0p010__nu0p50__psi1p00,hardzero_plus_depr,0.04,34,1101,0.0,1,0.5044197,0.5044197,1.1218632,0.0,0.075532995,0.0,0.0,6.6796355e-07,-28.911024,2.4681485,0.8227162,0.15200001,0.0,0.17424706,11.000156,11.010157,3526400
hardzero_plus_depr__c0p56__z1p00__lam0p010__nu0p50__psi1p00,hardzero_plus_depr,0.04,34,1102,0.0,1,0.5044197,0.5044197,1.0548611,0.0,0.088133074,0.0,0.0,6.61317e-07,-26.654955,2.3207407,0.77358025,0.18400002,0.0,0.14903036,11.010157,11.020157,3529600
hardzero_plus_depr__c0p56__z1p00__lam0p010__nu0p50__psi1p00,hardzero_plus_depr,0.04,34,1103,0.0,1,0.5044197,0.5044197,1.0496442,0.0,0.08919814,0.0,0.0,6.5473665e-07,-27.40702,2.3092635,0.7697545,0.14400001,0.008,0.1580278,11.020157,11.030157,3532800
hardzero_plus_depr__c0p56__z1p00__lam0p010__nu0p50__psi1p00,hardzero_plus_depr,0.04,34,1104,0.0,1,0.5044197,0.5044197,1.0630221,0.0,0.08649237,0.0,0.0,6.482218e-07,-27.91951,2.3386955,0.7795652,0.14400001,0.0,0.15978251,11.030157,11.040157,3536000
hardzero_plus_depr__c0p56__z1p00__lam0p010__nu0p50__psi1p00,hardzero_plus_depr,0.04,34,1105,0.0,1,0.5044197,0.50441974,0.99400353,0.1013903,0.1013903,1.0,6.506943e-08,6.4177175e-07,-27.149775,2.1868515,0.7289505,0.16,0.0,0.15512869,11.040157,11.050158,3539200
hardzero_plus_depr__c0p56__z1p00__lam0p010__nu0p50__psi1p00,hardzero_plus_depr,0.04,34,1106,0.0,1,0.50441974,0.50441974,1.0924102,0.0,0.080833204,0.0,0.0,6.3538585e-07,-27.216848,2.4033504,0.8011168,0.17600001,0.0,0.16139859,11.050158,11.060158,3542400
hardzero_plus_depr__c0p56__z1p00__lam0p010__nu0p50__psi1p00,hardzero_plus_depr,0.04,34,1107,0.0,1,0.50441974,0.50441974,1.0289274,0.0,0.09355619,0.0,0.0,6.290635e-07,-27.895845,2.2636855,0.75456184,0.128,0.0,0.15814517,11.060158,11.070158,3545600
hardzero_plus_depr__c0p56__z1p00__lam0p010__nu0p50__psi1p00,hardzero_plus_depr,0.04,34,1108,0.0,1,0.50441974,0.50441974,1.0166318,0.0,0.09624278,0.0,0.0,6.2280407e-07,-27.022865,2.2366347,0.7455449,0.18400002,0.0,0.13927104,11.070158,11.080158,3548800
hardzero_plus_depr__c0p56__z1p00__lam0p010__nu0p50__psi1p00,hardzero_plus_depr,0.04,34,1109,0.0,1,0.50441974,0.50441974,1.0598882,0.0,0.087118775,0.0,0.0,6.166069e-07,-27.212984,2.3318007,0.7772669,0.136,0.0,0.15342881,11.080158,11.090158,3552000
hardzero_plus_depr__c0p56__z1p00__lam0p010__nu0p50__psi1p00,hardzero_plus_depr,0.04,34,1110,0.0,1,0.50441974,0.50441974,1.0149144,0.0,0.096624136,0.0,0.0,6.1047143e-07,-27.29484,2.2328563,0.74428546,0.14400001,0.0,0.1484192,11.090158,11.100159,3555200
hardzero_plus_depr__c0p56__z1p00__lam0p010__nu0p50__psi1p00,hardzero_plus_depr,0.04,34,1111,0.0,1,0.50441974,0.50441974,1.0387745,0.0,0.0914588,0.0,0.0,6.0439703e-07,-27.582516,2.2853496,0.76178324,0.208,0.0,0.18637179,11.100159,11.110159,3558400
hardzero_plus_depr__c0p56__z1p00__lam0p010__nu0p50__psi1p00,hardzero_plus_depr,0.04,34,1112,0.0,1,0.50441974,0.50441974,1.0776106,0.0,0.08363526,0.0,0.0,5.98383e-07,-27.816349,2.3707907,0.7902636,0.136,0.0,0.20074663,11.110159,11.120159,3561600
hardzero_plus_depr__c0p56__z1p00__lam0p010__nu0p50__psi1p00,hardzero_plus_depr,0.04,34,1113,0.0,1,0.50441974,0.50441974,1.0635147,0.0,0.086394325,0.0,0.0,5.924289e-07,-27.40377,2.3397791,0.7799264,0.16000001,0.0,0.16894044,11.120159,11.130159,3564800
hardzero_plus_depr__c0p56__z1p00__lam0p010__nu0p50__psi1p00,hardzero_plus_depr,0.04,34,1114,0.0,1,0.50441974,0.5044198,0.9947849,0.10120805,0.10120805,1.0,5.9361962e-08,5.86534e-07,-27.054564,2.1885705,0.72952354,0.192,0.0,0.17600709,11.130159,11.14016,3568000
hardzero_plus_depr__c0p56__z1p00__lam0p010__nu0p50__psi1p00,hardzero_plus_depr,0.04,34,1115,0.0,1,0.5044198,0.5044198,1.0267562,0.0,0.094025105,0.0,0.0,5.806977e-07,-27.267338,2.2589087,0.7529696,0.224,0.0,0.1521226,11.14016,11.15016,3571200
hardzero_plus_depr__c0p56__z1p00__lam0p010__nu0p50__psi1p00,hardzero_plus_depr,0.04,34,1116,0.0,1,0.5044198,0.5044198,1.0893674,0.0,0.08140154,0.0,0.0,5.7491957e-07,-28.088621,2.396656,0.79888535,0.104,0.0,0.1901858,11.15016,11.16016,3574400
hardzero_plus_depr__c0p56__z1p00__lam0p010__nu0p50__psi1p00,hardzero_plus_depr,0.04,34,1117,0.0,1,0.5044198,0.5044198,1.0485259,0.0,0.08942811,0.0,0.0,5.691989e-07,-27.679892,2.3068032,0.7689344,0.096,0.0,0.17603013,11.16016,11.17016,3577600
hardzero_plus_depr__c0p56__z1p00__lam0p010__nu0p50__psi1p00,hardzero_plus_depr,0.04,34,1118,0.0,1,0.5044198,0.5044198,1.059191,0.0,0.08725875,0.0,0.0,5.6353514e-07,-27.70049,2.3302667,0.7767556,0.14999999,0.0,0.14916322,11.17016,11.1801605,3580800
hardzero_plus_depr__c0p56__z1p00__lam0p010__nu0p50__psi1p00,hardzero_plus_depr,0.04,34,1119,0.0,1,0.5044198,0.5044198,1.0530736,0.0,0.088496536,0.0,0.0,5.5792776e-07,-28.324049,2.3168082,0.7722694,0.192,0.0,0.17945786,11.1801605,11.190161,3584000
hardzero_plus_depr__c0p56__z1p00__lam0p010__nu0p50__psi1p00,hardzero_plus_depr,0.04,34,1120,0.0,1,0.5044198,0.5044198,1.0163016,0.0,0.09631597,0.0,0.0,5.5237615e-07,-27.198044,2.2359083,0.7453028,0.16000001,0.0,0.1646357,11.190161,11.200161,3587200
hardzero_plus_depr__c0p56__z1p00__lam0p010__nu0p50__psi1p00,hardzero_plus_depr,0.04,34,1121,0.0,1,0.5044198,0.5044198,1.0059927,0.0,0.09862963,0.0,0.0,5.468798e-07,-26.678303,2.213228,0.73774266,0.112,0.0,0.13822499,11.200161,11.210161,3590400
hardzero_plus_depr__c0p56__z1p00__lam0p010__nu0p50__psi1p00,hardzero_plus_depr,0.04,34,1122,0.0,1,0.5044198,0.5044198,1.0628026,0.0,0.08653612,0.0,0.0,5.4143806e-07,-28.052254,2.3382123,0.7794041,0.120000005,0.0,0.14537942,11.210161,11.220161,3593600
hardzero_plus_depr__c0p56__z1p00__lam0p010__nu0p50__psi1p00,hardzero_plus_depr,0.04,34,1123,0.0,1,0.5044198,0.5044198,1.1034503,0.0,0.07880426,0.0,0.0,5.360506e-07,-28.130003,2.4276392,0.8092131,0.112,0.0,0.19294417,11.220161,11.230162,3596800
hardzero_plus_depr__c0p56__z1p00__lam0p010__nu0p50__psi1p00,hardzero_plus_depr,0.04,34,1124,0.0,1,0.5044198,0.5044198,1.0191767,0.0,0.09568046,0.0,0.0,5.307167e-07,-27.529505,2.2422335,0.7474112,0.192,0.0,0.14123017,11.230162,11.240162,3600000
hardzero_plus_depr__c0p56__z1p00__lam0p010__nu0p50__psi1p00,hardzero_plus_depr,0.04,34,1125,0.0,1,0.5044198,0.5044198,1.0330234,0.0,0.092677996,0.0,0.0,5.2543584e-07,-27.21393,2.2726967,0.7575656,0.136,0.008,0.120832585,11.240162,11.250162,3603200
hardzero_plus_depr__c0p56__z1p00__lam0p010__nu0p50__psi1p00,hardzero_plus_depr,0.04,34,1126,0.0,1,0.5044198,0.50441986,0.97261167,0.10650948,0.10650948,1.0,5.5407035e-08,5.2020755e-07,-25.720345,2.1397884,0.7132628,0.17600001,0.0,0.12779155,11.250162,11.260162,3606400
hardzero_plus_depr__c0p56__z1p00__lam0p010__nu0p50__psi1p00,hardzero_plus_depr,0.04,34,1127,0.0,1,0.50441986,0.50441986,1.0062902,0.0,0.09856207,0.0,0.0,5.150313e-07,-27.722395,2.2138827,0.73796093,0.080000006,0.0,0.1311114,11.260162,11.270163,3609600
hardzero_plus_depr__c0p56__z1p00__lam0p010__nu0p50__psi1p00,hardzero_plus_depr,0.04,34,1128,0.0,1,0.50441986,0.50441986,1.0194876,0.0,0.095612004,0.0,0.0,5.099065e-07,-27.084139,2.2429175,0.7476392,0.15200001,0.0,0.14187568,11.270163,11.280163,3612800
hardzero_plus_depr__c0p56__z1p00__lam0p010__nu0p50__psi1p00,hardzero_plus_depr,0.04,34,1129,0.0,1,0.50441986,0.50441986,1.0928085,0.0,0.080759116,0.0,0.0,5.0483277e-07,-27.688097,2.4042268,0.80140895,0.136,0.0,0.18475057,11.280163,11.290163,3616000
hardzero_plus_depr__c0p56__z1p00__lam0p010__nu0p50__psi1p00,hardzero_plus_depr,0.04,34,1130,0.0,1,0.50441986,0.50441986,1.0430719,0.0,0.09055827,0.0,0.0,4.9980946e-07,-27.589146,2.2948039,0.76493466,0.16800001,0.0,0.15921941,11.290163,11.300163,3619200
hardzero_plus_depr__c0p56__z1p00__lam0p010__nu0p50__psi1p00,hardzero_plus_depr,0.04,34,1131,0.0,1,0.50441986,0.5044199,0.98616874,0.10323603,0.10323603,1.0,5.108492e-08,4.948362e-07,-26.170135,2.1696146,0.72320485,0.17999999,0.0,0.115127124,11.300163,11.3101635,3622400
hardzero_plus_depr__c0p56__z1p00__lam0p010__nu0p50__psi1p00,hardzero_plus_depr,0.04,34,1132,0.0,1,0.5044199,0.50442,0.98393905,0.10376739,0.10376739,1.0,5.0836924e-08,4.8991234e-07,-26.022026,2.164709,0.7215697,0.17600001,0.0,0.14139399,11.3101635,11.320164,3625600
hardzero_plus_depr__c0p56__z1p00__lam0p010__nu0p50__psi1p00,hardzero_plus_depr,0.04,34,1133,0.0,1,0.50442,0.50442,1.0385193,0.0,0.09151257,0.0,0.0,4.850375e-07,-26.583286,2.2847881,0.7615961,0.16800001,0.0,0.16063014,11.320164,11.330164,3628800
hardzero_plus_depr__c0p56__z1p00__lam0p010__nu0p50__psi1p00,hardzero_plus_depr,0.04,34,1134,0.0,1,0.50442,0.50442,1.014059,0.0,0.09681463,0.0,0.0,4.802112e-07,-26.787315,2.2309742,0.74365807,0.17600001,0.0,0.16013877,11.330164,11.340164,3632000
hardzero_plus_depr__c0p56__z1p00__lam0p010__nu0p50__psi1p00,hardzero_plus_depr,0.04,34,1135,0.0,1,0.50442,0.50442,1.0398622,0.0,0.09123004,0.0,0.0,4.7543293e-07,-26.853848,2.2877424,0.7625808,0.17600001,0.0,0.15032077,11.340164,11.350164,3635200
hardzero_plus_depr__c0p56__z1p00__lam0p010__nu0p50__psi1p00,hardzero_plus_depr,0.04,34,1136,0.0,1,0.50442,0.50442,1.0412538,0.0,0.09093815,0.0,0.0,4.7070216e-07,-27.810648,2.2908041,0.7636014,0.192,0.0,0.1439359,11.350164,11.360165,3638400
hardzero_plus_depr__c0p56__z1p00__lam0p010__nu0p50__psi1p00,hardzero_plus_depr,0.04,34,1137,0.0,1,0.50442,0.50442004,0.98592025,0.10329511,0.10329511,1.0,4.813743e-08,4.660185e-07,-26.767223,2.1690679,0.72302264,0.136,0.0,0.14452952,11.360165,11.370165,3641600
hardzero_plus_depr__c0p56__z1p00__lam0p010__nu0p50__psi1p00,hardzero_plus_depr,0.04,34,1138,0.0,1,0.50442004,0.50442004,1.0653769,0.0,0.08602469,0.0,0.0,4.613814e-07,-28.112106,2.343876,0.78129196,0.136,0.0,0.13718343,11.370165,11.380165,3644800
hardzero_plus_depr__c0p56__z1p00__lam0p010__nu0p50__psi1p00,hardzero_plus_depr,0.04,34,1139,0.0,1,0.50442004,0.50442004,1.0363299,0.0,0.09197508,0.0,0.0,4.567905e-07,-27.023085,2.2799711,0.7599904,0.16000001,0.0,0.15989965,11.380165,11.390165,3648000
hardzero_plus_depr__c0p56__z1p00__lam0p010__nu0p50__psi1p00,hardzero_plus_depr,0.04,34,1140,0.0,1,0.50442004,0.5044201,0.9520101,0.11168373,0.11168373,1.0,5.0508437e-08,4.5224527e-07,-25.800894,2.094464,0.6981547,0.216,0.0,0.15248902,11.390165,11.400166,3651200
hardzero_plus_depr__c0p56__z1p00__lam0p010__nu0p50__psi1p00,hardzero_plus_depr,0.04,34,1141,0.0,1,0.5044201,0.5044201,1.0265325,0.0,0.09407354,0.0,0.0,4.4774524e-07,-26.645325,2.2584167,0.7528056,0.120000005,0.0,0.1555616,11.400166,11.410166,3654400
hardzero_plus_depr__c0p56__z1p00__lam0p010__nu0p50__psi1p00,hardzero_plus_depr,0.04,34,1142,0.0,1,0.5044201,0.50442016,0.9742519,0.10610798,0.10610798,1.0,4.7036604e-08,4.4329e-07,-25.885864,2.143397,0.71446574,0.16800001,0.0,0.14811493,11.410166,11.420166,3657600
hardzero_plus_depr__c0p56__z1p00__lam0p010__nu0p50__psi1p00,hardzero_plus_depr,0.04,34,1143,0.0,1,0.50442016,0.50442016,1.0622733,0.0,0.086641654,0.0,0.0,4.3887908e-07,-27.732306,2.3370478,0.77901596,0.128,0.0,0.15963802,11.420166,11.430166,3660800
hardzero_plus_depr__c0p56__z1p00__lam0p010__nu0p50__psi1p00,hardzero_plus_depr,0.04,34,1144,0.0,1,0.50442016,0.50442016,1.0084364,0.0,0.09807618,0.0,0.0,4.345121e-07,-27.513523,2.2186046,0.73953485,0.11,0.0,0.13998307,11.430166,11.440166,3664000
hardzero_plus_depr__c0p56__z1p00__lam0p010__nu0p50__psi1p00,hardzero_plus_depr,0.04,34,1145,0.0,1,0.50442016,0.50442016,1.0675468,0.0,0.08559593,0.0,0.0,4.3018852e-07,-27.552643,2.34865,0.78288335,0.128,0.0,0.15109758,11.440166,11.450167,3667200
hardzero_plus_depr__c0p56__z1p00__lam0p010__nu0p50__psi1p00,hardzero_plus_depr,0.04,34,1146,0.0,1,0.50442016,0.50442016,1.0596666,0.0,0.08716323,0.0,0.0,4.2590796e-07,-27.538408,2.3313131,0.7771044,0.16800001,0.0,0.17231004,11.450167,11.460167,3670400
hardzero_plus_depr__c0p56__z1p00__lam0p010__nu0p50__psi1p00,hardzero_plus_depr,0.04,34,1147,0.0,1,0.50442016,0.50442016,1.0634475,0.0,0.08640772,0.0,0.0,4.2167e-07,-27.880478,2.339631,0.77987707,0.120000005,0.0,0.143192,11.460167,11.470167,3673600
hardzero_plus_depr__c0p56__z1p00__lam0p010__nu0p50__psi1p00,hardzero_plus_depr,0.04,34,1148,0.0,1,0.50442016,0.50442016,1.0080761,0.0,0.098157585,0.0,0.0,4.174742e-07,-26.931427,2.2178116,0.73927057,0.128,0.0,0.13031931,11.470167,11.480167,3676800
hardzero_plus_depr__c0p56__z1p00__lam0p010__nu0p50__psi1p00,hardzero_plus_depr,0.04,34,1149,0.0,1,0.50442016,0.50442016,1.0189713,0.0,0.09572572,0.0,0.0,4.133202e-07,-26.89277,2.2417817,0.7472606,0.112,0.0,0.12418212,11.480167,11.490168,3680000
hardzero_plus_depr__c0p56__z1p00__lam0p010__nu0p50__psi1p00,hardzero_plus_depr,0.04,34,1150,0.0,1,0.50442016,0.50442016,1.05039,0.0,0.089045085,0.0,0.0,4.0920753e-07,-27.544432,2.310904,0.77030134,0.192,0.0,0.16785403,11.490168,11.500168,3683200
hardzero_plus_depr__c0p56__z1p00__lam0p010__nu0p50__psi1p00,hardzero_plus_depr,0.04,34,1151,0.0,1,0.50442016,0.50442016,1.0497959,0.0,0.089166984,0.0,0.0,4.0513572e-07,-28.51713,2.309597,0.7698657,0.17600001,0.0,0.16447657,11.500168,11.510168,3686400
hardzero_plus_depr__c0p56__z1p00__lam0p010__nu0p50__psi1p00,hardzero_plus_depr,0.04,34,1152,0.0,1,0.50442016,0.5044202,0.96881515,0.10744465,0.10744465,1.0,4.309653e-08,4.0110447e-07,-26.541069,2.1314359,0.71047866,0.216,0.0,0.14464194,11.510168,11.520168,3689600
hardzero_plus_depr__c0p56__z1p00__lam0p010__nu0p50__psi1p00,hardzero_plus_depr,0.04,34,1153,0.0,1,0.5044202,0.5044203,0.9843256,0.103675075,0.103675075,1.0,4.1170754e-08,3.9711333e-07,-26.82506,2.1655595,0.7218532,0.2,0.0,0.14880376,11.520168,11.530169,3692800
hardzero_plus_depr__c0p56__z1p00__lam0p010__nu0p50__psi1p00,hardzero_plus_depr,0.04,34,1154,0.0,1,0.5044203,0.5044203,1.0300807,0.0,0.0933081,0.0,0.0,3.9316194e-07,-27.47208,2.2662227,0.7554076,0.15200001,0.0,0.13870572,11.530169,11.540169,3696000
hardzero_plus_depr__c0p56__z1p00__lam0p010__nu0p50__psi1p00,hardzero_plus_depr,0.04,34,1155,0.0,1,0.5044203,0.5044203,1.0694185,0.0,0.08522784,0.0,0.0,3.8924978e-07,-27.718142,2.3527677,0.7842559,0.104,0.0,0.15875347,11.540169,11.550169,3699200
hardzero_plus_depr__c0p56__z1p00__lam0p010__nu0p50__psi1p00,hardzero_plus_depr,0.04,34,1156,0.0,1,0.5044203,0.50442034,0.9855703,0.10337836,0.10337836,1.0,3.98396e-08,3.8537658e-07,-25.89525,2.168298,0.72276604,0.136,0.0,0.130139,11.550169,11.560169,3702400
hardzero_plus_depr__c0p56__z1p00__lam0p010__nu0p50__psi1p00,hardzero_plus_depr,0.04,34,1157,0.0,1,0.50442034,0.50442034,1.0104666,0.0,0.097618796,0.0,0.0,3.8154192e-07,-27.039106,2.2230709,0.74102366,0.17999999,0.0,0.14757423,11.560169,11.570169,3705600
hardzero_plus_depr__c0p56__z1p00__lam0p010__nu0p50__psi1p00,hardzero_plus_depr,0.04,34,1158,0.0,1,0.50442034,0.50442034,1.0397192,0.0,0.09126006,0.0,0.0,3.7774544e-07,-27.780443,2.287428,0.76247597,0.16000001,0.0,0.172418,11.570169,11.58017,3708800
hardzero_plus_depr__c0p56__z1p00__lam0p010__nu0p50__psi1p00,hardzero_plus_depr,0.04,34,1159,0.0,1,0.50442034,0.50442034,1.0547004,0.0,0.08816569,0.0,0.0,3.7398675e-07,-27.51841,2.3203871,0.7734624,0.18400002,0.0,0.15378098,11.58017,11.59017,3712000
hardzero_plus_depr__c0p56__z1p00__lam0p010__nu0p50__psi1p00,hardzero_plus_depr,0.04,34,1160,0.0,1,0.50442034,0.50442034,1.0743433,0.0,0.08426683,0.0,0.0,3.7026544e-07,-28.339415,2.3636026,0.78786755,0.17600001,0.0,0.17393753,11.59017,11.60017,3715200
hardzero_plus_depr__c0p56__z1p00__lam0p010__nu0p50__psi1p00,hardzero_plus_depr,0.04,34,1161,0.0,1,0.50442034,0.50442034,1.0166252,0.0,0.096244246,0.0,0.0,3.6658113e-07,-26.740602,2.23662,0.74554,0.18400002,0.0,0.14358035,11.60017,11.61017,3718400
hardzero_plus_depr__c0p56__z1p00__lam0p010__nu0p50__psi1p00,hardzero_plus_depr,0.04,34,1162,0.0,1,0.50442034,0.50442034,1.0277203,0.0,0.09381659,0.0,0.0,3.6293352e-07,-27.195263,2.26103,0.75367665,0.16800001,0.0,0.15571742,11.61017,11.620171,3721600
hardzero_plus_depr__c0p56__z1p00__lam0p010__nu0p50__psi1p00,hardzero_plus_depr,0.04,34,1163,0.0,1,0.50442034,0.50442034,1.0472337,0.0,0.0896946,0.0,0.0,3.5932217e-07,-27.29672,2.30396,0.7679867,0.112,0.0,0.14249042,11.620171,11.630171,3724800
hardzero_plus_depr__c0p56__z1p00__lam0p010__nu0p50__psi1p00,hardzero_plus_depr,0.04,34,1164,0.0,1,0.50442034,0.50442034,1.0144539,0.0,0.09672663,0.0,0.0,3.5574678e-07,-26.871466,2.2318432,0.74394774,0.2,0.0,0.15891169,11.630171,11.640171,3728000
hardzero_plus_depr__c0p56__z1p00__lam0p010__nu0p50__psi1p00,hardzero_plus_depr,0.04,34,1165,0.0,1,0.50442034,0.50442034,1.0582744,0.0,0.08744311,0.0,0.0,3.5220697e-07,-27.584743,2.3282502,0.7760834,0.16800001,0.0,0.1757086,11.640171,11.650171,3731200
hardzero_plus_depr__c0p56__z1p00__lam0p010__nu0p50__psi1p00,hardzero_plus_depr,0.04,34,1166,0.0,1,0.50442034,0.50442034,1.0587622,0.0,0.08734495,0.0,0.0,3.4870237e-07,-27.94849,2.3293233,0.7764411,0.17600001,0.0,0.19849056,11.650171,11.6601715,3734400
hardzero_plus_depr__c0p56__z1p00__lam0p010__nu0p50__psi1p00,hardzero_plus_depr,0.04,34,1167,0.0,1,0.50442034,0.50442034,1.0125197,0.0,0.09715839,0.0,0.0,3.4523262e-07,-26.873568,2.227588,0.74252933,0.192,0.0,0.14434494,11.6601715,11.670172,3737600
hardzero_plus_depr__c0p56__z1p00__lam0p010__nu0p50__psi1p00,hardzero_plus_depr,0.04,34,1168,0.0,1,0.50442034,0.50442034,1.0862194,0.0,0.081993714,0.0,0.0,3.417974e-07,-27.94488,2.3897305,0.79657686,0.2,0.0,0.14534529,11.670172,11.680172,3740800
hardzero_plus_depr__c0p56__z1p00__lam0p010__nu0p50__psi1p00,hardzero_plus_depr,0.04,34,1169,0.0,1,0.50442034,0.50442034,1.0664386,0.0,0.08581466,0.0,0.0,3.383964e-07,-27.587006,2.3462117,0.7820706,0.104,0.0,0.15391465,11.680172,11.690172,3744000
hardzero_plus_depr__c0p56__z1p00__lam0p010__nu0p50__psi1p00,hardzero_plus_depr,0.04,34,1170,0.0,1,0.50442034,0.5044204,0.9704346,0.10704475,0.10704475,1.0,3.5863124e-08,3.3502926e-07,-26.679983,2.1349988,0.7116663,0.17,0.0,0.15302193,11.690172,11.700172,3747200
hardzero_plus_depr__c0p56__z1p00__lam0p010__nu0p50__psi1p00,hardzero_plus_depr,0.04,34,1171,0.0,1,0.5044204,0.5044204,1.0577337,0.0,0.08755204,0.0,0.0,3.316956e-07,-27.863596,2.3270605,0.77568686,0.15200001,0.0,0.16423613,11.700172,11.710173,3750400
hardzero_plus_depr__c0p56__z1p00__lam0p010__nu0p50__psi1p00,hardzero_plus_depr,0.04,34,1172,0.0,1,0.5044204,0.50442046,0.96066874,0.10947911,0.10947911,1.0,3.5952397e-08,3.2839506e-07,-25.950724,2.1135135,0.7045045,0.192,0.0,0.1265904,11.710173,11.720173,3753600
hardzero_plus_depr__c0p56__z1p00__lam0p010__nu0p50__psi1p00,hardzero_plus_depr,0.04,34,1173,0.0,1,0.50442046,0.50442046,1.0346552,0.0,0.09233042,0.0,0.0,3.251274e-07,-26.915304,2.2762868,0.7587623,0.15200001,0.0,0.16038544,11.720173,11.730173,3756800
hardzero_plus_depr__c0p56__z1p00__lam0p010__nu0p50__psi1p00,hardzero_plus_depr,0.04,34,1174,0.0,1,0.50442046,0.50442046,1.0513248,0.0,0.08885363,0.0,0.0,3.2189226e-07,-27.285118,2.3129609,0.770987,0.128,0.0,0.15059976,11.730173,11.740173,3760000
hardzero_plus_depr__c0p56__z1p00__lam0p010__nu0p50__psi1p00,hardzero_plus_depr,0.04,34,1175,0.0,1,0.50442046,0.50442046,1.0722767,0.0,0.08466877,0.0,0.0,3.1868933e-07,-28.293503,2.3590558,0.7863519,0.192,0.0,0.1548139,11.740173,11.750174,3763200
hardzero_plus_depr__c0p56__z1p00__lam0p010__nu0p50__psi1p00,hardzero_plus_depr,0.04,34,1176,0.0,1,0.50442046,0.50442046,1.0863793,0.0,0.08196353,0.0,0.0,3.155182e-07,-28.395163,2.3900821,0.79669404,0.112,0.0,0.17548946,11.750174,11.760174,3766400
hardzero_plus_depr__c0p56__z1p00__lam0p010__nu0p50__psi1p00,hardzero_plus_depr,0.04,34,1177,0.0,1,0.50442046,0.5044205,0.9774049,0.10534044,0.10534044,1.0,3.2906108e-08,3.123787e-07,-25.94291,2.1503336,0.7167779,0.2,0.0,0.14791201,11.760174,11.770174,3769600
hardzero_plus_depr__c0p56__z1p00__lam0p010__nu0p50__psi1p00,hardzero_plus_depr,0.04,34,1178,0.0,1,0.5044205,0.5044206,0.9408404,0.11459339,0.11459339,1.0,3.5440344e-08,3.092704e-07,-25.35975,2.0698903,0.68996346,0.24800001,0.0,0.13420996,11.770174,11.780174,3772800
hardzero_plus_depr__c0p56__z1p00__lam0p010__nu0p50__psi1p00,hardzero_plus_depr,0.04,34,1179,0.0,1,0.5044206,0.50442064,0.99987763,0.10002818,0.10002818,1.0,3.062793e-08,3.0619302e-07,-27.224,2.1997747,0.73325825,0.16000001,0.0,0.15761529,11.780174,11.7901745,3776000
hardzero_plus_depr__c0p56__z1p00__lam0p010__nu0p50__psi1p00,hardzero_plus_depr,0.04,34,1180,0.0,1,0.50442064,0.50442064,1.0269407,0.0,0.09398517,0.0,0.0,3.031463e-07,-27.4967,2.2593145,0.75310487,0.15200001,0.0,0.15672988,11.7901745,11.800175,3779200
hardzero_plus_depr__c0p56__z1p00__lam0p010__nu0p50__psi1p00,hardzero_plus_depr,0.04,34,1181,0.0,1,0.50442064,0.50442064,1.0519592,0.0,0.08872394,0.0,0.0,3.0012987e-07,-27.013037,2.3143563,0.7714521,0.128,0.0,0.13911162,11.800175,11.810175,3782400
hardzero_plus_depr__c0p56__z1p00__lam0p010__nu0p50__psi1p00,hardzero_plus_depr,0.04,34,1182,0.0,1,0.50442064,0.50442064,1.0166671,0.0,0.096234955,0.0,0.0,2.9714346e-07,-25.987001,2.2367122,0.7455708,0.15200001,0.0,0.13221964,11.810175,11.820175,3785600
hardzero_plus_depr__c0p56__z1p00__lam0p010__nu0p50__psi1p00,hardzero_plus_depr,0.04,34,1183,0.0,1,0.50442064,0.50442064,1.0772123,0.0,0.08371198,0.0,0.0,2.9418678e-07,-27.359594,2.3699145,0.78997153,0.14,0.0,0.16031764,11.820175,11.830175,3788800
hardzero_plus_depr__c0p56__z1p00__lam0p010__nu0p50__psi1p00,hardzero_plus_depr,0.04,34,1184,0.0,1,0.50442064,0.50442064,1.0227233,0.0,0.09490228,0.0,0.0,2.912595e-07,-27.285812,2.2500362,0.7500121,0.15200001,0.0,0.14863203,11.830175,11.840176,3792000
hardzero_plus_depr__c0p56__z1p00__lam0p010__nu0p50__psi1p00,hardzero_plus_depr,0.04,34,1185,0.0,1,0.50442064,0.50442064,1.0481516,0.0,0.08950522,0.0,0.0,2.8836135e-07,-26.758217,2.3059795,0.76865983,0.128,0.0,0.15469316,11.840176,11.850176,3795200
hardzero_plus_depr__c0p56__z1p00__lam0p010__nu0p50__psi1p00,hardzero_plus_depr,0.04,34,1186,0.0,1,0.50442064,0.50442064,1.0328557,0.0,0.09271378,0.0,0.0,2.8549204e-07,-26.604254,2.2723281,0.7574427,0.112,0.0,0.12651166,11.850176,11.860176,3798400
hardzero_plus_depr__c0p56__z1p00__lam0p010__nu0p50__psi1p00,hardzero_plus_depr,0.04,34,1187,0.0,1,0.50442064,0.50442064,1.053874,0.0,0.088333614,0.0,0.0,2.8265129e-07,-27.819057,2.3185692,0.7728564,0.120000005,0.0,0.15293565,11.860176,11.870176,3801600
hardzero_plus_depr__c0p56__z1p00__lam0p010__nu0p50__psi1p00,hardzero_plus_depr,0.04,34,1188,0.0,1,0.50442064,0.50442064,1.0227133,0.0,0.094904475,0.0,0.0,2.7983876e-07,-27.441267,2.2500143,0.75000477,0.136,0.0,0.14378962,11.870176,11.880177,3804800
hardzero_plus_depr__c0p56__z1p00__lam0p010__nu0p50__psi1p00,hardzero_plus_depr,0.04,34,1189,0.0,1,0.50442064,0.50442064,1.0214821,0.0,0.095173895,0.0,0.0,2.7705428e-07,-27.651752,2.2473054,0.7491018,0.14400001,0.0,0.1509128,11.880177,11.890177,3808000
hardzero_plus_depr__c0p56__z1p00__lam0p010__nu0p50__psi1p00,hardzero_plus_depr,0.04,34,1190,0.0,1,0.50442064,0.50442064,1.0079246,0.0,0.09819185,0.0,0.0,2.742975e-07,-26.025347,2.2174783,0.73915946,0.080000006,0.0,0.12329275,11.890177,11.900177,3811200
hardzero_plus_depr__c0p56__z1p00__lam0p010__nu0p50__psi1p00,hardzero_plus_depr,0.04,34,1191,0.0,1,0.50442064,0.50442064,1.0532002,0.0,0.088470764,0.0,0.0,2.7156813e-07,-27.927439,2.317087,0.77236235,0.136,0.0,0.17437384,11.900177,11.910177,3814400
hardzero_plus_depr__c0p56__z1p00__lam0p010__nu0p50__psi1p00,hardzero_plus_depr,0.04,34,1192,0.0,1,0.50442064,0.50442064,1.0387782,0.0,0.091458015,0.0,0.0,2.688659e-07,-26.888731,2.2853577,0.7617859,0.112,0.0,0.15134026,11.910177,11.920177,3817600
hardzero_plus_depr__c0p56__z1p00__lam0p010__nu0p50__psi1p00,hardzero_plus_depr,0.04,34,1193,0.0,1,0.50442064,0.50442064,1.0684022,0.0,0.085427515,0.0,0.0,2.6619057e-07,-28.50188,2.3505318,0.7835106,0.15200001,0.0,0.17181058,11.920177,11.930178,3820800
hardzero_plus_depr__c0p56__z1p00__lam0p010__nu0p50__psi1p00,hardzero_plus_depr,0.04,34,1194,0.0,1,0.50442064,0.50442064,1.0564059,0.0,0.08782013,0.0,0.0,2.635419e-07,-27.719002,2.3241394,0.77471316,0.14400001,0.0,0.16240995,11.930178,11.940178,3824000
hardzero_plus_depr__c0p56__z1p00__lam0p010__nu0p50__psi1p00,hardzero_plus_depr,0.04,34,1195,0.0,1,0.50442064,0.50442064,1.0538319,0.0,0.08834217,0.0,0.0,2.6091953e-07,-27.76995,2.3184767,0.7728256,0.104,0.0,0.13893238,11.940178,11.950178,3827200
hardzero_plus_depr__c0p56__z1p00__lam0p010__nu0p50__psi1p00,hardzero_plus_depr,0.04,34,1196,0.0,1,0.50442064,0.50442064,1.0040479,0.0,0.09907228,0.0,0.0,2.583233e-07,-27.287556,2.2089493,0.73631644,0.19,0.0,0.13808198,11.950178,11.960178,3830400
hardzero_plus_depr__c0p56__z1p00__lam0p010__nu0p50__psi1p00,hardzero_plus_depr,0.04,34,1197,0.0,1,0.50442064,0.50442064,0.97562176,0.10577384,0.10577384,1.0,2.7051962e-08,2.5575287e-07,-26.470806,2.1464107,0.71547025,0.112,0.0,0.15067144,11.960178,11.970179,3833600
hardzero_plus_depr__c0p56__z1p00__lam0p010__nu0p50__psi1p00,hardzero_plus_depr,0.04,34,1198,0.0,1,0.50442064,0.50442064,1.0375433,0.0,0.09171846,0.0,0.0,2.5320804e-07,-27.48016,2.282641,0.76088035,0.2,0.0,0.13985789,11.970179,11.980179,3836800
hardzero_plus_depr__c0p56__z1p00__lam0p010__nu0p50__psi1p00,hardzero_plus_depr,0.04,34,1199,0.0,1,0.50442064,0.50442064,1.0575683,0.0,0.08758538,0.0,0.0,2.5068852e-07,-27.659685,2.3266966,0.77556556,0.128,0.0,0.12390534,11.980179,11.990179,3840000
hardzero_plus_depr__c0p56__z1p00__lam0p010__nu0p50__psi1p00,hardzero_plus_depr,0.04,34,1200,0.0,1,0.50442064,0.50442064,1.0719612,0.0,0.08473032,0.0,0.0,2.4819406e-07,-27.235357,2.3583617,0.7861206,0.16000001,0.008,0.1726752,11.990179,12.000179,3843200
hardzero_plus_depr__c0p56__z1p00__lam0p010__nu0p50__psi1p00,hardzero_plus_depr,0.04,34,1201,0.0,1,0.50442064,0.50442064,1.0577074,0.0,0.087557346,0.0,0.0,2.4572444e-07,-28.257301,2.3270028,0.7756676,0.18400002,0.0,0.18351072,12.000179,12.0101795,3846400
hardzero_plus_depr__c0p56__z1p00__lam0p010__nu0p50__psi1p00,hardzero_plus_depr,0.04,34,1202,0.0,1,0.50442064,0.50442064,1.0713843,0.0,0.084842935,0.0,0.0,2.4327937e-07,-27.430912,2.3570926,0.7856976,0.14400001,0.0,0.1499348,12.0101795,12.02018,3849600
hardzero_plus_depr__c0p56__z1p00__lam0p010__nu0p50__psi1p00,hardzero_plus_depr,0.04,34,1203,0.0,1,0.50442064,0.50442064,1.0166826,0.0,0.096231535,0.0,0.0,2.4085864e-07,-27.54924,2.2367463,0.7455821,0.16800001,0.0,0.1706108,12.02018,12.03018,3852800
hardzero_plus_depr__c0p56__z1p00__lam0p010__nu0p50__psi1p00,hardzero_plus_depr,0.04,34,1204,0.0,1,0.50442064,0.50442064,1.0159581,0.0,0.0963922,0.0,0.0,2.38462e-07,-26.305868,2.2351525,0.74505085,0.14400001,0.0,0.1540027,12.03018,12.04018,3856000
hardzero_plus_depr__c0p56__z1p00__lam0p010__nu0p50__psi1p00,hardzero_plus_depr,0.04,34,1205,0.0,1,0.50442064,0.50442064,1.0555022,0.0,0.08800306,0.0,0.0,2.3608924e-07,-27.615883,2.3221512,0.7740504,0.136,0.0,0.19407433,12.04018,12.05018,3859200
hardzero_plus_depr__c0p56__z1p00__lam0p010__nu0p50__psi1p00,hardzero_plus_depr,0.04,34,1206,0.0,1,0.50442064,0.50442064,1.0206517,0.0,0.09535605,0.0,0.0,2.3374004e-07,-26.90645,2.2454786,0.7484929,0.112,0.0,0.12948677,12.05018,12.060181,3862400
hardzero_plus_depr__c0p56__z1p00__lam0p010__nu0p50__psi1p00,hardzero_plus_depr,0.04,34,1207,0.0,1,0.50442064,0.50442064,1.066121,0.0,0.085877426,0.0,0.0,2.3141423e-07,-28.057487,2.3455129,0.78183764,0.136,0.0,0.16640864,12.060181,12.070181,3865600
hardzero_plus_depr__c0p56__z1p00__lam0p010__nu0p50__psi1p00,hardzero_plus_depr,0.04,34,1208,0.0,1,0.50442064,0.50442064,1.0112332,0.0,0.09744663,0.0,0.0,2.2911156e-07,-26.724747,2.2247574,0.74158585,0.136,0.0,0.16332866,12.070181,12.080181,3868800
hardzero_plus_depr__c0p56__z1p00__lam0p010__nu0p50__psi1p00,hardzero_plus_depr,0.04,34,1209,0.0,1,0.50442064,0.50442064,1.0237201,0.0,0.094684705,0.0,0.0,2.2683183e-07,-26.563095,2.2522292,0.7507431,0.14,0.0,0.13094197,12.080181,12.090181,3872000
hardzero_plus_depr__c0p56__z1p00__lam0p010__nu0p50__psi1p00,hardzero_plus_depr,0.04,34,1210,0.0,1,0.50442064,0.50442064,1.041606,0.0,0.09086444,0.0,0.0,2.2457478e-07,-27.590826,2.2915788,0.7638596,0.104,0.0,0.1527752,12.090181,12.100182,3875200
hardzero_plus_depr__c0p56__z1p00__lam0p010__nu0p50__psi1p00,hardzero_plus_depr,0.04,34,1211,0.0,1,0.50442064,0.50442064,1.0079863,0.0,0.09817788,0.0,0.0,2.2234015e-07,-27.201298,2.2176142,0.73920476,0.096,0.0,0.1503583,12.100182,12.110182,3878400
hardzero_plus_depr__c0p56__z1p00__lam0p010__nu0p50__psi1p00,hardzero_plus_depr,0.04,34,1212,0.0,1,0.50442064,0.50442064,1.0577486,0.0,0.08754904,0.0,0.0,2.2012777e-07,-28.287373,2.3270934,0.7756978,0.14400001,0.0,0.13471693,12.110182,12.120182,3881600
hardzero_plus_depr__c0p56__z1p00__lam0p010__nu0p50__psi1p00,hardzero_plus_depr,0.04,34,1213,0.0,1,0.50442064,0.50442064,1.0757142,0.0,0.08400124,0.0,0.0,2.1793743e-07,-28.30129,2.3666186,0.7888729,0.112,0.0,0.15797251,12.120182,12.130182,3884800
hardzero_plus_depr__c0p56__z1p00__lam0p010__nu0p50__psi1p00,hardzero_plus_depr,0.04,34,1214,0.0,1,0.50442064,0.50442064,0.97495234,0.105937,0.105937,1.0,2.2857904e-08,2.1576885e-07,-26.340376,2.144938,0.71497935,0.128,0.0,0.117768764,12.130182,12.1401825,3888000
hardzero_plus_depr__c0p56__z1p00__lam0p010__nu0p50__psi1p00,hardzero_plus_depr,0.04,34,1215,0.0,1,0.50442064,0.50442064,1.0232137,0.0,0.09479518,0.0,0.0,2.1362187e-07,-26.398739,2.251115,0.7503717,0.128,0.0,0.12945226,12.1401825,12.150183,3891200
hardzero_plus_depr__c0p56__z1p00__lam0p010__nu0p50__psi1p00,hardzero_plus_depr,0.04,34,1216,0.0,1,0.50442064,0.50442064,1.0477986,0.0,0.089578,0.0,0.0,2.1149626e-07,-27.735817,2.305203,0.768401,0.14400001,0.0,0.1604445,12.150183,12.160183,3894400
hardzero_plus_depr__c0p56__z1p00__lam0p010__nu0p50__psi1p00,hardzero_plus_depr,0.04,34,1217,0.0,1,0.50442064,0.50442064,1.0450704,0.0,0.0901425,0.0,0.0,2.0939177e-07,-27.179462,2.2992008,0.7664003,0.128,0.0,0.12220487,12.160183,12.170183,3897600
hardzero_plus_depr__c0p56__z1p00__lam0p010__nu0p50__psi1p00,hardzero_plus_depr,0.04,34,1218,0.0,1,0.50442064,0.50442064,1.0020424,0.0,0.099530816,0.0,0.0,2.0730823e-07,-26.954409,2.2045374,0.7348458,0.16000001,0.0,0.15051833,12.170183,12.180183,3900800
hardzero_plus_depr__c0p56__z1p00__lam0p010__nu0p50__psi1p00,hardzero_plus_depr,0.04,34,1219,0.0,1,0.50442064,0.50442064,1.0439886,0.0,0.090367325,0.0,0.0,2.0524544e-07,-27.408264,2.2968209,0.765607,0.14400001,0.0,0.16657846,12.180183,12.190184,3904000
hardzero_plus_depr__c0p56__z1p00__lam0p010__nu0p50__psi1p00,hardzero_plus_depr,0.04,34,1220,0.0,1,0.50442064,0.50442064,1.0259451,0.0,0.09420087,0.0,0.0,2.0320317e-07,-27.699083,2.2571242,0.75237477,0.2,0.0,0.16372748,12.190184,12.200184,3907200
hardzero_plus_depr__c0p56__z1p00__lam0p010__nu0p50__psi1p00,hardzero_plus_depr,0.04,34,1221,0.0,1,0.50442064,0.50442064,1.038611,0.0,0.09149321,0.0,0.0,2.0118122e-07,-27.43202,2.28499,0.7616634,0.14400001,0.0,0.14561401,12.200184,12.210184,3910400
hardzero_plus_depr__c0p56__z1p00__lam0p010__nu0p50__psi1p00,hardzero_plus_depr,0.04,34,1222,0.0,1,0.50442064,0.50442064,1.052678,0.0,0.08857721,0.0,0.0,1.991794e-07,-27.593447,2.3159378,0.7719793,0.13,0.0,0.15438226,12.210184,12.220184,3913600
hardzero_plus_depr__c0p56__z1p00__lam0p010__nu0p50__psi1p00,hardzero_plus_depr,0.04,34,1223,0.0,1,0.50442064,0.50442064,0.99151593,0.10197273,0.10197273,1.0,2.0108764e-08,1.9719748e-07,-26.350996,2.1813786,0.72712624,0.136,0.0,0.1251675,12.220184,12.230185,3916800
hardzero_plus_depr__c0p56__z1p00__lam0p010__nu0p50__psi1p00,hardzero_plus_depr,0.04,34,1224,0.0,1,0.50442064,0.50442064,1.0507289,0.0,0.08897562,0.0,0.0,1.9523529e-07,-26.744225,2.3116498,0.77054995,0.120000005,0.0,0.15206037,12.230185,12.240185,3920000
hardzero_plus_depr__c0p56__z1p00__lam0p010__nu0p50__psi1p00,hardzero_plus_depr,0.04,34,1225,0.0,1,0.50442064,0.50442064,1.0065937,0.0,0.09849322,0.0,0.0,1.9329264e-07,-27.395723,2.2145503,0.73818344,0.208,0.008,0.14378238,12.240185,12.250185,3923200
hardzero_plus_depr__c0p56__z1p00__lam0p010__nu0p50__psi1p00,hardzero_plus_depr,0.04,34,1226,0.0,1,0.50442064,0.50442064,1.0686951,0.0,0.08536993,0.0,0.0,1.9136928e-07,-28.405619,2.351176,0.7837254,0.120000005,0.0,0.1741173,12.250185,12.260185,3926400
hardzero_plus_depr__c0p56__z1p00__lam0p010__nu0p50__psi1p00,hardzero_plus_depr,0.04,34,1227,0.0,1,0.50442064,0.50442064,1.0620661,0.0,0.086683,0.0,0.0,1.894651e-07,-27.78533,2.336592,0.778864,0.120000005,0.0,0.16539703,12.260185,12.270185,3929600
hardzero_plus_depr__c0p56__z1p00__lam0p010__nu0p50__psi1p00,hardzero_plus_depr,0.04,34,1228,0.0,1,0.50442064,0.50442064,1.0940516,0.0,0.080528274,0.0,0.0,1.8757983e-07,-28.274548,2.4069617,0.8023206,0.14400001,0.0,0.15843156,12.270185,12.280186,3932800
hardzero_plus_depr__c0p56__z1p00__lam0p010__nu0p50__psi1p00,hardzero_plus_depr,0.04,34,1229,0.0,1,0.50442064,0.50442064,0.993919,0.10141006,0.10141006,1.0,1.8833198e-08,1.8571332e-07,-26.519224,2.1866655,0.7288885,0.136,0.0,0.133924,12.280186,12.290186,3936000
hardzero_plus_depr__c0p56__z1p00__lam0p010__nu0p50__psi1p00,hardzero_plus_depr,0.04,34,1230,0.0,1,0.50442064,0.50442064,1.0278537,0.0,0.09378778,0.0,0.0,1.8386542e-07,-27.609077,2.2613235,0.7537745,0.080000006,0.0,0.14020751,12.290186,12.300186,3939200
hardzero_plus_depr__c0p56__z1p00__lam0p010__nu0p50__psi1p00,hardzero_plus_depr,0.04,34,1231,0.0,1,0.50442064,0.50442064,1.088477,0.0,0.08156859,0.0,0.0,1.8203589e-07,-27.893545,2.3946972,0.79823244,0.056,0.0,0.14609395,12.300186,12.310186,3942400
hardzero_plus_depr__c0p56__z1p00__lam0p010__nu0p50__psi1p00,hardzero_plus_depr,0.04,34,1232,0.0,1,0.50442064,0.50442064,1.03371,0.0,0.09253157,0.0,0.0,1.8022456e-07,-27.747297,2.2742074,0.75806916,0.17600001,0.0,0.18460417,12.310186,12.320187,3945600
hardzero_plus_depr__c0p56__z1p00__lam0p010__nu0p50__psi1p00,hardzero_plus_depr,0.04,34,1233,0.0,1,0.50442064,0.50442064,1.0071793,0.0,0.09836051,0.0,0.0,1.7843125e-07,-27.854767,2.2158387,0.7386129,0.296,0.0,0.1481656,12.320187,12.330187,3948800
hardzero_plus_depr__c0p56__z1p00__lam0p010__nu0p50__psi1p00,hardzero_plus_depr,0.04,34,1234,0.0,1,0.50442064,0.50442064,1.0528249,0.0,0.08854725,0.0,0.0,1.7665579e-07,-26.836338,2.316261,0.77208704,0.14400001,0.0,0.16468434,12.330187,12.340187,3952000
hardzero_plus_depr__c0p56__z1p00__lam0p010__nu0p50__psi1p00,hardzero_plus_depr,0.04,34,1235,0.0,1,0.50442064,0.50442064,0.96103454,0.10938693,0.10938693,1.0,1.9131555e-08,1.74898e-07,-26.20707,2.1143181,0.7047727,0.14999999,0.0,0.14090808,12.340187,12.350187,3955200
hardzero_plus_depr__c0p56__z1p00__lam0p010__nu0p50__psi1p00,hardzero_plus_depr,0.04,34,1236,0.0,1,0.50442064,0.50442064,1.0290213,0.0,0.09353598,0.0,0.0,1.7315769e-07,-26.971493,2.263892,0.7546307,0.18400002,0.008,0.16702929,12.350187,12.360188,3958400
hardzero_plus_depr__c0p56__z1p00__lam0p010__nu0p50__psi1p00,hardzero_plus_depr,0.04,34,1237,0.0,1,0.50442064,0.50442064,1.0853592,0.0,0.082156286,0.0,0.0,1.714347e-07,-28.946884,2.387838,0.795946,0.14400001,0.0,0.18621437,12.360188,12.370188,3961600
hardzero_plus_depr__c0p56__z1p00__lam0p010__nu0p50__psi1p00,hardzero_plus_depr,0.04,34,1238,0.0,1,0.50442064,0.50442064,1.0731726,0.0,0.08449429,0.0,0.0,1.6972886e-07,-28.592558,2.3610268,0.78700894,0.104,0.0,0.1517203,12.370188,12.380188,3964800
hardzero_plus_depr__c0p56__z1p00__lam0p010__nu0p50__psi1p00,hardzero_plus_depr,0.04,34,1239,0.0,1,0.50442064,0.50442064,0.9648019,0.10844214,0.10844214,1.0,1.8222616e-08,1.6803999e-07,-26.253712,2.1226065,0.7075355,0.16000001,0.0,0.14531194,12.380188,12.390188,3968000
hardzero_plus_depr__c0p56__z1p00__lam0p010__nu0p50__psi1p00,hardzero_plus_depr,0.04,34,1240,0.0,1,0.50442064,0.50442064,1.0257467,0.0,0.09424391,0.0,0.0,1.6636793e-07,-27.11369,2.2566879,0.75222933,0.17600001,0.0,0.13254254,12.390188,12.400188,3971200
hardzero_plus_depr__c0p56__z1p00__lam0p010__nu0p50__psi1p00,hardzero_plus_depr,0.04,34,1241,0.0,1,0.50442064,0.50442064,1.0638404,0.0,0.08632958,0.0,0.0,1.647125e-07,-28.30148,2.3404956,0.7801652,0.128,0.0,0.14816885,12.400188,12.410189,3974400
hardzero_plus_depr__c0p56__z1p00__lam0p010__nu0p50__psi1p00,hardzero_plus_depr,0.04,34,1242,0.0,1,0.50442064,0.50442064,1.0164473,0.0,0.096283674,0.0,0.0,1.6307354e-07,-26.727573,2.2362287,0.7454096,0.17600001,0.0,0.12749398,12.410189,12.420189,3977600
hardzero_plus_depr__c0p56__z1p00__lam0p010__nu0p50__psi1p00,hardzero_plus_depr,0.04,34,1243,0.0,1,0.50442064,0.50442064,1.0238993,0.0,0.09464566,0.0,0.0,1.614509e-07,-27.65197,2.2526236,0.7508745,0.16000001,0.0,0.15081725,12.420189,12.430189,3980800
hardzero_plus_depr__c0p56__z1p00__lam0p010__nu0p50__psi1p00,hardzero_plus_depr,0.04,34,1244,0.0,1,0.50442064,0.50442064,1.000061,0.0,0.09998596,0.0,0.0,1.598444e-07,-26.694164,2.2001781,0.7333927,0.120000005,0.0,0.13064258,12.430189,12.440189,3984000
hardzero_plus_depr__c0p56__z1p00__lam0p010__nu0p50__psi1p00,hardzero_plus_depr,0.04,34,1245,0.0,1,0.50442064,0.50442064,0.9948133,0.101201445,0.101201445,1.0,1.6015523e-08,1.582539e-07,-27.079222,2.188633,0.72954434,0.128,0.0,0.1337201,12.440189,12.45019,3987200
hardzero_plus_depr__c0p56__z1p00__lam0p010__nu0p50__psi1p00,hardzero_plus_depr,0.04,34,1246,0.0,1,0.50442064,0.50442064,0.9984305,0.10036205,0.10036205,1.0,1.5724645e-08,1.5667919e-07,-26.24635,2.196591,0.732197,0.208,0.0,0.14742483,12.45019,12.46019,3990400
hardzero_plus_depr__c0p56__z1p00__lam0p010__nu0p50__psi1p00,hardzero_plus_depr,0.04,34,1247,0.0,1,0.50442064,0.50442064,1.07002,0.0,0.08510988,0.0,0.0,1.5512018e-07,-28.131702,2.354091,0.784697,0.096,0.0,0.13745868,12.46019,12.47019,3993600
hardzero_plus_depr__c0p56__z1p00__lam0p010__nu0p50__psi1p00,hardzero_plus_depr,0.04,34,1248,0.0,1,0.50442064,0.50442064,1.0267305,0.0,0.09403064,0.0,0.0,1.5357668e-07,-28.284262,2.2588522,0.7529508,0.17,0.0,0.15800102,12.47019,12.48019,3996800
hardzero_plus_depr__c0p56__z1p00__lam0p010__nu0p50__psi1p00,hardzero_plus_depr,0.04,34,1249,0.0,1,0.50442064,0.50442064,1.0436375,0.0,0.0904404,0.0,0.0,1.5204853e-07,-26.623798,2.2960484,0.7653495,0.18400002,0.0,0.12436751,12.48019,12.4901905,4000000
