mechanism_tag,mechanism,alpha,seed,update,update_u,update_counter,energy_E_pre,energy_E_post,funding_z,funding_g,funding_g_raw,funding_cut_active,funding_income,funding_alpha_eff,episode_return_end_mean,terminal_min_dists_end_mean,terminal_dbar_end,terminal_occupied_end_mean,terminal_CSR_train,vartd_VarTD,depr_F,depr_F_post,env_steps
hardzero_plus_depr__c0p60__z1p00__lam0p020__nu0p50__psi0p75,hardzero_plus_depr,0.02,32,0,1.0,1,1.0,0.39999998,1.0750173,0.0,0.08413616,0.0,0.0,0.02,-27.862705,2.3650854,0.7883618,0.16,0.0,0.13813628,0.0,0.0,3200
hardzero_plus_depr__c0p60__z1p00__lam0p020__nu0p50__psi0p75,hardzero_plus_depr,0.02,32,1,0.0,1,0.39999998,0.39999998,1.0383499,0.0,0.091548264,0.0,0.0,0.02,-27.47996,2.2844152,0.76147175,0.120000005,0.0,0.1479145,0.0,0.02,6400
hardzero_plus_depr__c0p60__z1p00__lam0p020__nu0p50__psi0p75,hardzero_plus_depr,0.02,32,2,0.0,1,0.39999998,0.39999998,1.1137079,0.0,0.07696478,0.0,0.0,0.019702239,-28.397125,2.4502063,0.81673545,0.112,0.0,0.20101668,0.02,0.04,9600
hardzero_plus_depr__c0p60__z1p00__lam0p020__nu0p50__psi0p75,hardzero_plus_depr,0.02,32,3,0.0,1,0.39999998,0.39999998,1.0358211,0.0,0.09208288,0.0,0.0,0.019408911,-27.555174,2.278852,0.7596173,0.112,0.0,0.17420982,0.04,0.06,12800
hardzero_plus_depr__c0p60__z1p00__lam0p020__nu0p50__psi0p75,hardzero_plus_depr,0.02,32,4,0.0,1,0.39999998,0.39999998,1.1202445,0.0,0.07581507,0.0,0.0,0.01911995,-28.973904,2.4645872,0.8215291,0.112,0.0,0.16229096,0.06,0.08,16000
hardzero_plus_depr__c0p60__z1p00__lam0p020__nu0p50__psi0p75,hardzero_plus_depr,0.02,32,5,0.0,1,0.39999998,0.39999998,1.0391663,0.0,0.09137633,0.0,0.0,0.018835291,-27.75104,2.2862115,0.76207054,0.14400001,0.0,0.15836409,0.08,0.099999994,19200
hardzero_plus_depr__c0p60__z1p00__lam0p020__nu0p50__psi0p75,hardzero_plus_depr,0.02,32,6,0.0,1,0.39999998,0.39999998,1.0738661,0.0,0.084359474,0.0,0.0,0.01855487,-27.881058,2.3625526,0.78751755,0.17600001,0.0,0.1682328,0.099999994,0.11999999,22400
hardzero_plus_depr__c0p60__z1p00__lam0p020__nu0p50__psi0p75,hardzero_plus_depr,0.02,32,7,0.0,1,0.39999998,0.39999998,1.0703629,0.0,0.0850427,0.0,0.0,0.018278625,-28.000082,2.3548455,0.7849485,0.14400001,0.0,0.16595183,0.11999999,0.13999999,25600
hardzero_plus_depr__c0p60__z1p00__lam0p020__nu0p50__psi0p75,hardzero_plus_depr,0.02,32,8,0.0,1,0.39999998,0.39999998,1.0309716,0.0,0.093116865,0.0,0.0,0.01800649,-27.392563,2.268183,0.756061,0.128,0.0,0.15734054,0.13999999,0.15999998,28800
hardzero_plus_depr__c0p60__z1p00__lam0p020__nu0p50__psi0p75,hardzero_plus_depr,0.02,32,9,0.0,1,0.39999998,0.39999998,1.0889696,0.0,0.08147614,0.0,0.0,0.01773841,-28.535433,2.395781,0.7985937,0.120000005,0.0,0.16492502,0.15999998,0.17999998,32000
hardzero_plus_depr__c0p60__z1p00__lam0p020__nu0p50__psi0p75,hardzero_plus_depr,0.02,32,10,0.0,1,0.39999998,0.40199134,0.9432497,0.11395944,0.11395944,1.0,0.0019913635,0.017474318,-25.936928,2.0751908,0.69173026,0.192,0.0,0.12223647,0.17999998,0.19999997,35200
hardzero_plus_depr__c0p60__z1p00__lam0p020__nu0p50__psi0p75,hardzero_plus_depr,0.02,32,11,0.0,1,0.40199134,0.40199134,1.04186,0.0,0.09081132,0.0,0.0,0.01721416,-27.985228,2.2921376,0.7640459,0.192,0.0,0.17427549,0.19999997,0.21999997,38400
hardzero_plus_depr__c0p60__z1p00__lam0p020__nu0p50__psi0p75,hardzero_plus_depr,0.02,32,12,0.0,1,0.40199134,0.40199134,1.0194128,0.0,0.095628485,0.0,0.0,0.016957875,-27.367311,2.2427528,0.7475843,0.208,0.0,0.18707192,0.21999997,0.23999996,41600
hardzero_plus_depr__c0p60__z1p00__lam0p020__nu0p50__psi0p75,hardzero_plus_depr,0.02,32,13,0.0,1,0.40199134,0.40199134,1.0533626,0.0,0.08843769,0.0,0.0,0.016705405,-27.59672,2.317444,0.7724814,0.13,0.0,0.15763474,0.23999996,0.25999996,44800
hardzero_plus_depr__c0p60__z1p00__lam0p020__nu0p50__psi0p75,hardzero_plus_depr,0.02,32,14,0.0,1,0.40199134,0.40365487,0.99531156,0.1010854,0.1010854,1.0,0.0016635315,0.016456693,-26.742264,2.1897292,0.7299098,0.112,0.0,0.14025426,0.25999996,0.27999997,48000
hardzero_plus_depr__c0p60__z1p00__lam0p020__nu0p50__psi0p75,hardzero_plus_depr,0.02,32,15,0.0,1,0.40365487,0.40365487,1.0690889,0.0,0.08529254,0.0,0.0,0.016211685,-28.021444,2.3520427,0.7840142,0.14400001,0.0,0.15656753,0.27999997,0.29999998,51200
hardzero_plus_depr__c0p60__z1p00__lam0p020__nu0p50__psi0p75,hardzero_plus_depr,0.02,32,16,0.0,1,0.40365487,0.40365487,1.0469536,0.0,0.08975248,0.0,0.0,0.015970323,-27.291317,2.3033438,0.76778126,0.16800001,0.0,0.17413463,0.29999998,0.32,54400
hardzero_plus_depr__c0p60__z1p00__lam0p020__nu0p50__psi0p75,hardzero_plus_depr,0.02,32,17,0.0,1,0.40365487,0.40365487,1.041283,0.0,0.09093204,0.0,0.0,0.015732557,-27.603254,2.2908683,0.76362276,0.096,0.0,0.14666061,0.32,0.34,57600
hardzero_plus_depr__c0p60__z1p00__lam0p020__nu0p50__psi0p75,hardzero_plus_depr,0.02,32,18,0.0,1,0.40365487,0.40365487,1.0217723,0.0,0.095110334,0.0,0.0,0.01549833,-27.353075,2.2479439,0.74931467,0.17600001,0.0,0.19058879,0.34,0.36,60800
hardzero_plus_depr__c0p60__z1p00__lam0p020__nu0p50__psi0p75,hardzero_plus_depr,0.02,32,19,0.0,1,0.40365487,0.40365487,1.0235887,0.0,0.094713375,0.0,0.0,0.01526759,-27.373102,2.25194,0.7506467,0.128,0.0,0.14003088,0.36,0.38000003,64000
hardzero_plus_depr__c0p60__z1p00__lam0p020__nu0p50__psi0p75,hardzero_plus_depr,0.02,32,20,0.0,1,0.40365487,0.40365487,1.0410377,0.0,0.090983436,0.0,0.0,0.015040285,-27.446903,2.2903285,0.7634429,0.16800001,0.0,0.16256131,0.38000003,0.40000004,67200
hardzero_plus_depr__c0p60__z1p00__lam0p020__nu0p50__psi0p75,hardzero_plus_depr,0.02,32,21,0.0,1,0.40365487,0.40365487,1.0523728,0.0,0.088639475,0.0,0.0,0.014816363,-26.803913,2.3152664,0.77175546,0.15200001,0.0,0.16738614,0.40000004,0.42000005,70400
hardzero_plus_depr__c0p60__z1p00__lam0p020__nu0p50__psi0p75,hardzero_plus_depr,0.02,32,22,0.0,1,0.40365487,0.40365487,1.0265019,0.0,0.09408018,0.0,0.0,0.014595777,-27.098791,2.2583492,0.75278306,0.16000001,0.0,0.15205814,0.42000005,0.44000006,73600
hardzero_plus_depr__c0p60__z1p00__lam0p020__nu0p50__psi0p75,hardzero_plus_depr,0.02,32,23,0.0,1,0.40365487,0.40365487,1.0800942,0.0,0.08315834,0.0,0.0,0.014378475,-29.362396,2.3762548,0.79208493,0.18400002,0.0,0.19828907,0.44000006,0.46000007,76800
hardzero_plus_depr__c0p60__z1p00__lam0p020__nu0p50__psi0p75,hardzero_plus_depr,0.02,32,24,0.0,1,0.40365487,0.40510827,0.9888109,0.10260985,0.10260985,1.0,0.0014534076,0.014164406,-26.130201,2.1754274,0.7251425,0.216,0.008,0.15253487,0.46000007,0.48000008,80000
hardzero_plus_depr__c0p60__z1p00__lam0p020__nu0p50__psi0p75,hardzero_plus_depr,0.02,32,25,0.0,1,0.40510827,0.40661094,0.9678237,0.10769024,0.10769024,1.0,0.0015026585,0.013953526,-26.122704,2.1292546,0.70975155,0.2,0.0,0.165199,0.48000008,0.50000006,83200
hardzero_plus_depr__c0p60__z1p00__lam0p020__nu0p50__psi0p75,hardzero_plus_depr,0.02,32,26,0.0,1,0.40661094,0.40661094,1.0561626,0.0,0.08786934,0.0,0.0,0.013745785,-27.310322,2.323604,0.7745347,0.14999999,0.0,0.14040181,0.50000006,0.52000004,86400
hardzero_plus_depr__c0p60__z1p00__lam0p020__nu0p50__psi0p75,hardzero_plus_depr,0.02,32,27,0.0,1,0.40661094,0.40661094,1.0456672,0.0,0.09001871,0.0,0.0,0.013541137,-27.249552,2.3005137,0.76683795,0.14400001,0.0,0.14640264,0.52000004,0.54,89600
hardzero_plus_depr__c0p60__z1p00__lam0p020__nu0p50__psi0p75,hardzero_plus_depr,0.02,32,28,0.0,1,0.40661094,0.40661094,1.041409,0.0,0.09090566,0.0,0.0,0.013339536,-27.928205,2.2911456,0.7637152,0.17600001,0.0,0.142323,0.54,0.56,92800
hardzero_plus_depr__c0p60__z1p00__lam0p020__nu0p50__psi0p75,hardzero_plus_depr,0.02,32,29,0.0,1,0.40661094,0.40661094,1.0168744,0.0,0.09618904,0.0,0.0,0.013140935,-26.552677,2.2371683,0.7457228,0.128,0.0,0.17417064,0.56,0.58,96000
hardzero_plus_depr__c0p60__z1p00__lam0p020__nu0p50__psi0p75,hardzero_plus_depr,0.02,32,30,0.0,1,0.40661094,0.40803707,0.95794934,0.110166766,0.110166766,1.0,0.001426141,0.0129452925,-25.650331,2.1075306,0.70251024,0.208,0.0,0.15764278,0.58,0.59999996,99200
hardzero_plus_depr__c0p60__z1p00__lam0p020__nu0p50__psi0p75,hardzero_plus_depr,0.02,32,31,0.0,1,0.40803707,0.40803707,1.038506,0.0,0.09151536,0.0,0.0,0.012752563,-27.257013,2.2847588,0.7615863,0.2,0.0,0.15116277,0.59999996,0.61999995,102400
hardzero_plus_depr__c0p60__z1p00__lam0p020__nu0p50__psi0p75,hardzero_plus_depr,0.02,32,32,0.0,1,0.40803707,0.40803707,1.0147207,0.0,0.09666723,0.0,0.0,0.012562702,-26.310844,2.23243,0.74414337,0.16000001,0.0,0.1644491,0.61999995,0.6399999,105600
hardzero_plus_depr__c0p60__z1p00__lam0p020__nu0p50__psi0p75,hardzero_plus_depr,0.02,32,33,0.0,1,0.40803707,0.40803707,1.027878,0.0,0.09378253,0.0,0.0,0.01237567,-27.505243,2.2613769,0.7537923,0.208,0.0,0.20010328,0.6399999,0.6599999,108800
hardzero_plus_depr__c0p60__z1p00__lam0p020__nu0p50__psi0p75,hardzero_plus_depr,0.02,32,34,0.0,1,0.40803707,0.40803707,1.0059097,0.0,0.098648466,0.0,0.0,0.0121914195,-27.058182,2.2130456,0.73768187,0.192,0.0,0.13891368,0.6599999,0.6799999,112000
hardzero_plus_depr__c0p60__z1p00__lam0p020__nu0p50__psi0p75,hardzero_plus_depr,0.02,32,35,0.0,1,0.40803707,0.40803707,1.0173339,0.0,0.09608733,0.0,0.0,0.012009912,-27.520147,2.2381792,0.7460598,0.136,0.0,0.15819228,0.6799999,0.69999987,115200
hardzero_plus_depr__c0p60__z1p00__lam0p020__nu0p50__psi0p75,hardzero_plus_depr,0.02,32,36,0.0,1,0.40803707,0.40803707,1.1068655,0.0,0.078186974,0.0,0.0,0.0118311085,-28.094013,2.4351528,0.8117176,0.128,0.0,0.15992579,0.69999987,0.71999985,118400
hardzero_plus_depr__c0p60__z1p00__lam0p020__nu0p50__psi0p75,hardzero_plus_depr,0.02,32,37,0.0,1,0.40803707,0.40803707,1.0445837,0.0,0.09024357,0.0,0.0,0.011654966,-27.716583,2.29813,0.76604337,0.15200001,0.0,0.16151345,0.71999985,0.73999983,121600
hardzero_plus_depr__c0p60__z1p00__lam0p020__nu0p50__psi0p75,hardzero_plus_depr,0.02,32,38,0.0,1,0.40803707,0.40922427,0.98547345,0.10340144,0.10340144,1.0,0.0011871981,0.011481447,-27.028963,2.1680849,0.722695,0.208,0.0,0.1402585,0.73999983,0.7599998,124800
hardzero_plus_depr__c0p60__z1p00__lam0p020__nu0p50__psi0p75,hardzero_plus_depr,0.02,32,39,0.0,1,0.40922427,0.40922427,1.0471306,0.0,0.0897159,0.0,0.0,0.011310509,-27.232878,2.3037333,0.76791114,0.14999999,0.0,0.16202147,0.7599998,0.7799998,128000
hardzero_plus_depr__c0p60__z1p00__lam0p020__nu0p50__psi0p75,hardzero_plus_depr,0.02,32,40,0.0,1,0.40922427,0.40922427,1.0066745,0.0,0.09847488,0.0,0.0,0.011142118,-26.318258,2.214728,0.73824275,0.2,0.0,0.15095824,0.7799998,0.7999998,131200
hardzero_plus_depr__c0p60__z1p00__lam0p020__nu0p50__psi0p75,hardzero_plus_depr,0.02,32,41,0.0,1,0.40922427,0.40922427,1.0620033,0.0,0.08669554,0.0,0.0,0.010976234,-27.323812,2.336454,0.778818,0.17600001,0.0,0.16895652,0.7999998,0.81999975,134400
hardzero_plus_depr__c0p60__z1p00__lam0p020__nu0p50__psi0p75,hardzero_plus_depr,0.02,32,42,0.0,1,0.40922427,0.40922427,1.0054803,0.0,0.098746054,0.0,0.0,0.01081282,-26.592499,2.2121007,0.7373669,0.136,0.0,0.18482636,0.81999975,0.83999974,137600
hardzero_plus_depr__c0p60__z1p00__lam0p020__nu0p50__psi0p75,hardzero_plus_depr,0.02,32,43,0.0,1,0.40922427,0.40922427,1.0873393,0.0,0.081782565,0.0,0.0,0.010651839,-28.144966,2.3921943,0.7973981,0.120000005,0.0,0.17967138,0.83999974,0.8599997,140800
hardzero_plus_depr__c0p60__z1p00__lam0p020__nu0p50__psi0p75,hardzero_plus_depr,0.02,32,44,0.0,1,0.40922427,0.4102924,0.99229014,0.10179111,0.10179111,1.0,0.0010681199,0.010493253,-26.447632,2.1830819,0.727694,0.2,0.0,0.15344761,0.8599997,0.8799997,144000
hardzero_plus_depr__c0p60__z1p00__lam0p020__nu0p50__psi0p75,hardzero_plus_depr,0.02,32,45,0.0,1,0.4102924,0.4102924,1.0327235,0.0,0.09274199,0.0,0.0,0.010337029,-26.873194,2.2720373,0.7573458,0.16000001,0.0,0.15730311,0.8799997,0.8999997,147200
hardzero_plus_depr__c0p60__z1p00__lam0p020__nu0p50__psi0p75,hardzero_plus_depr,0.02,32,46,0.0,1,0.4102924,0.41139126,0.9669293,0.107912235,0.107912235,1.0,0.0010988844,0.01018313,-26.109455,2.127287,0.70909566,0.216,0.0,0.14188834,0.8999997,0.91999966,150400
hardzero_plus_depr__c0p60__z1p00__lam0p020__nu0p50__psi0p75,hardzero_plus_depr,0.02,32,47,0.0,1,0.41139126,0.41241542,0.99099433,0.10209527,0.10209527,1.0,0.001024171,0.010031523,-27.095549,2.180231,0.7267437,0.18400002,0.0,0.15039268,0.91999966,0.93999964,153600
hardzero_plus_depr__c0p60__z1p00__lam0p020__nu0p50__psi0p75,hardzero_plus_depr,0.02,32,48,0.0,1,0.41241542,0.41343063,0.98828846,0.102733366,0.102733366,1.0,0.0010152289,0.0098821735,-25.930592,2.174278,0.72475934,0.120000005,0.0,0.14596936,0.93999964,0.9599996,156800
hardzero_plus_depr__c0p60__z1p00__lam0p020__nu0p50__psi0p75,hardzero_plus_depr,0.02,32,49,0.0,1,0.41343063,0.41343063,1.0103725,0.0,0.09763993,0.0,0.0,0.009735048,-27.84978,2.222864,0.74095464,0.17600001,0.0,0.15285996,0.9599996,0.9799996,160000
hardzero_plus_depr__c0p60__z1p00__lam0p020__nu0p50__psi0p75,hardzero_plus_depr,0.02,32,50,0.0,1,0.41343063,0.41343063,1.0238125,0.0,0.09466457,0.0,0.0,0.009590112,-27.183966,2.2524326,0.75081086,0.136,0.0,0.15998589,0.9799996,0.9999996,163200
hardzero_plus_depr__c0p60__z1p00__lam0p020__nu0p50__psi0p75,hardzero_plus_depr,0.02,32,51,0.0,1,0.41343063,0.41343063,1.0301226,0.0,0.09329907,0.0,0.0,0.009447333,-27.05857,2.266315,0.7554383,0.208,0.0,0.14136061,0.9999996,1.0199996,166400
hardzero_plus_depr__c0p60__z1p00__lam0p020__nu0p50__psi0p75,hardzero_plus_depr,0.02,32,52,0.0,1,0.41343063,0.41343063,1.0985162,0.0,0.07970467,0.0,0.0,0.009306681,-28.085152,2.416784,0.8055947,0.14999999,0.0,0.15024278,1.0199996,1.0399996,169600
hardzero_plus_depr__c0p60__z1p00__lam0p020__nu0p50__psi0p75,hardzero_plus_depr,0.02,32,53,0.0,1,0.41343063,0.414356,0.9959641,0.100933634,0.100933634,1.0,0.00092537195,0.009168123,-27.439045,2.1911647,0.7303883,0.16000001,0.0,0.15738615,1.0399996,1.0599996,172800
hardzero_plus_depr__c0p60__z1p00__lam0p020__nu0p50__psi0p75,hardzero_plus_depr,0.02,32,54,0.0,1,0.414356,0.41530275,0.9795262,0.104827136,0.104827136,1.0,0.0009467596,0.009031627,-26.558723,2.1550007,0.7183336,0.18400002,0.0,0.14546145,1.0599996,1.0799996,176000
hardzero_plus_depr__c0p60__z1p00__lam0p020__nu0p50__psi0p75,hardzero_plus_depr,0.02,32,55,0.0,1,0.41530275,0.41530275,1.0531001,0.0,0.088491164,0.0,0.0,0.008897164,-27.886393,2.3168664,0.7722888,0.128,0.0,0.17012833,1.0799996,1.0999995,179200
hardzero_plus_depr__c0p60__z1p00__lam0p020__nu0p50__psi0p75,hardzero_plus_depr,0.02,32,56,0.0,1,0.41530275,0.41530275,1.0205632,0.0,0.09537547,0.0,0.0,0.008764703,-26.6354,2.2452838,0.748428,0.16800001,0.0,0.15296197,1.0999995,1.1199995,182400
hardzero_plus_depr__c0p60__z1p00__lam0p020__nu0p50__psi0p75,hardzero_plus_depr,0.02,32,57,0.0,1,0.41530275,0.4161987,0.9839404,0.10376707,0.10376707,1.0,0.000895947,0.008634213,-26.726,2.1647122,0.72157073,0.192,0.0,0.14744031,1.1199995,1.1399995,185600
hardzero_plus_depr__c0p60__z1p00__lam0p020__nu0p50__psi0p75,hardzero_plus_depr,0.02,32,58,0.0,1,0.4161987,0.4161987,1.03716,0.0,0.09179942,0.0,0.0,0.008505667,-27.558834,2.2817976,0.76059926,0.16000001,0.0,0.17939879,1.1399995,1.1599995,188800
hardzero_plus_depr__c0p60__z1p00__lam0p020__nu0p50__psi0p75,hardzero_plus_depr,0.02,32,59,0.0,1,0.4161987,0.4161987,1.0115353,0.0,0.097378865,0.0,0.0,0.008379034,-26.233082,2.2254221,0.7418074,0.16800001,0.0,0.16706797,1.1599995,1.1799995,192000
hardzero_plus_depr__c0p60__z1p00__lam0p020__nu0p50__psi0p75,hardzero_plus_depr,0.02,32,60,0.0,1,0.4161987,0.4161987,1.011665,0.0,0.09734979,0.0,0.0,0.008254287,-28.172127,2.2257073,0.7419025,0.16800001,0.0,0.17972821,1.1799995,1.1999995,195200
hardzero_plus_depr__c0p60__z1p00__lam0p020__nu0p50__psi0p75,hardzero_plus_depr,0.02,32,61,0.0,1,0.4161987,0.4161987,1.0028454,0.0,0.099346966,0.0,0.0,0.008131397,-26.570988,2.2063038,0.73543465,0.18400002,0.008,0.15887779,1.1999995,1.2199994,198400
hardzero_plus_depr__c0p60__z1p00__lam0p020__nu0p50__psi0p75,hardzero_plus_depr,0.02,32,62,0.0,1,0.4161987,0.4161987,1.0380667,0.0,0.091607966,0.0,0.0,0.008010336,-27.759918,2.2837925,0.7612642,0.104,0.0,0.17750953,1.2199994,1.2399994,201600
hardzero_plus_depr__c0p60__z1p00__lam0p020__nu0p50__psi0p75,hardzero_plus_depr,0.02,32,63,0.0,1,0.4161987,0.4161987,1.0952786,0.0,0.08030108,0.0,0.0,0.007891078,-28.491869,2.409661,0.8032204,0.120000005,0.0,0.18590489,1.2399994,1.2599994,204800
hardzero_plus_depr__c0p60__z1p00__lam0p020__nu0p50__psi0p75,hardzero_plus_depr,0.02,32,64,0.0,1,0.4161987,0.4161987,1.0456821,0.0,0.09001563,0.0,0.0,0.0077735945,-28.647352,2.3005464,0.7668488,0.14400001,0.0,0.17580585,1.2599994,1.2799994,208000
hardzero_plus_depr__c0p60__z1p00__lam0p020__nu0p50__psi0p75,hardzero_plus_depr,0.02,32,65,0.0,1,0.4161987,0.4169906,0.98543614,0.10341031,0.10341031,1.0,0.0007919018,0.007657861,-27.240658,2.1680028,0.72266763,0.14999999,0.0,0.15707165,1.2799994,1.2999994,211200
hardzero_plus_depr__c0p60__z1p00__lam0p020__nu0p50__psi0p75,hardzero_plus_depr,0.02,32,66,0.0,1,0.4169906,0.4169906,1.0301683,0.0,0.093289256,0.0,0.0,0.00754385,-27.287334,2.2664156,0.7554719,0.16800001,0.0,0.15091738,1.2999994,1.3199993,214400
hardzero_plus_depr__c0p60__z1p00__lam0p020__nu0p50__psi0p75,hardzero_plus_depr,0.02,32,67,0.0,1,0.4169906,0.4169906,1.0360076,0.0,0.09204333,0.0,0.0,0.0074315374,-27.266815,2.2792623,0.7597541,0.2,0.0,0.16253546,1.3199993,1.3399993,217600
hardzero_plus_depr__c0p60__z1p00__lam0p020__nu0p50__psi0p75,hardzero_plus_depr,0.02,32,68,0.0,1,0.4169906,0.4169906,1.0728269,0.0,0.08456159,0.0,0.0,0.0073208963,-28.117521,2.3602662,0.78675544,0.120000005,0.0,0.20219311,1.3399993,1.3599993,220800
hardzero_plus_depr__c0p60__z1p00__lam0p020__nu0p50__psi0p75,hardzero_plus_depr,0.02,32,69,0.0,1,0.4169906,0.4169906,1.0373526,0.0,0.09175874,0.0,0.0,0.0072119026,-27.17261,2.2822213,0.76074046,0.14400001,0.0,0.14841527,1.3599993,1.3799993,224000
hardzero_plus_depr__c0p60__z1p00__lam0p020__nu0p50__psi0p75,hardzero_plus_depr,0.02,32,70,0.0,1,0.4169906,0.4169906,1.0994463,0.0,0.07953415,0.0,0.0,0.0071045314,-28.427757,2.4188302,0.80627674,0.136,0.0,0.18936448,1.3799993,1.3999993,227200
hardzero_plus_depr__c0p60__z1p00__lam0p020__nu0p50__psi0p75,hardzero_plus_depr,0.02,32,71,0.0,1,0.4169906,0.41769767,0.9955717,0.10102488,0.10102488,1.0,0.00070704875,0.0069987588,-26.898735,2.1903014,0.7301005,0.15200001,0.0,0.16575803,1.3999993,1.4199992,230400
hardzero_plus_depr__c0p60__z1p00__lam0p020__nu0p50__psi0p75,hardzero_plus_depr,0.02,32,72,0.0,1,0.41769767,0.41769767,1.0162129,0.0,0.09633566,0.0,0.0,0.006894561,-27.131868,2.235713,0.7452377,0.192,0.0,0.20958365,1.4199992,1.4399992,233600
hardzero_plus_depr__c0p60__z1p00__lam0p020__nu0p50__psi0p75,hardzero_plus_depr,0.02,32,73,0.0,1,0.41769767,0.41769767,1.0332608,0.0,0.09262734,0.0,0.0,0.006791914,-27.407368,2.273219,0.7577397,0.120000005,0.0,0.14689955,1.4399992,1.4599992,236800
hardzero_plus_depr__c0p60__z1p00__lam0p020__nu0p50__psi0p75,hardzero_plus_depr,0.02,32,74,0.0,1,0.41769767,0.41769767,1.0178881,0.0,0.0959648,0.0,0.0,0.006690796,-27.825966,2.2393985,0.74646616,0.18400002,0.0,0.13925473,1.4599992,1.4799992,240000
hardzero_plus_depr__c0p60__z1p00__lam0p020__nu0p50__psi0p75,hardzero_plus_depr,0.02,32,75,0.0,1,0.41769767,0.41769767,1.0597152,0.0,0.08715349,0.0,0.0,0.0065911827,-28.084959,2.33142,0.77714,0.128,0.0,0.19444369,1.4799992,1.4999992,243200
hardzero_plus_depr__c0p60__z1p00__lam0p020__nu0p50__psi0p75,hardzero_plus_depr,0.02,32,76,0.0,1,0.41769767,0.41837704,0.9803341,0.104632325,0.104632325,1.0,0.00067938317,0.0064930525,-25.787615,2.156778,0.7189261,0.2,0.0,0.15590884,1.4999992,1.5199991,246400
hardzero_plus_depr__c0p60__z1p00__lam0p020__nu0p50__psi0p75,hardzero_plus_depr,0.02,32,77,0.0,1,0.41837704,0.41837704,1.0701996,0.0,0.085074686,0.0,0.0,0.006396384,-27.811337,2.3544862,0.7848288,0.120000005,0.0,0.17003833,1.5199991,1.5399991,249600
hardzero_plus_depr__c0p60__z1p00__lam0p020__nu0p50__psi0p75,hardzero_plus_depr,0.02,32,78,0.0,1,0.41837704,0.41837704,1.0441658,0.0,0.09033045,0.0,0.0,0.0063011544,-27.675507,2.2972107,0.76573694,0.16,0.0,0.14483926,1.5399991,1.5599991,252800
hardzero_plus_depr__c0p60__z1p00__lam0p020__nu0p50__psi0p75,hardzero_plus_depr,0.02,32,79,0.0,1,0.41837704,0.41837704,1.0164387,0.0,0.09628558,0.0,0.0,0.006207343,-27.807077,2.2362099,0.7454033,0.224,0.0,0.1762045,1.5599991,1.5799991,256000
hardzero_plus_depr__c0p60__z1p00__lam0p020__nu0p50__psi0p75,hardzero_plus_depr,0.02,32,80,0.0,1,0.41837704,0.41837704,1.0181857,0.0,0.095899045,0.0,0.0,0.006114928,-27.197603,2.2400534,0.7466845,0.15200001,0.0,0.15557595,1.5799991,1.5999991,259200
hardzero_plus_depr__c0p60__z1p00__lam0p020__nu0p50__psi0p75,hardzero_plus_depr,0.02,32,81,0.0,1,0.41837704,0.41837704,1.0677555,0.0,0.08555482,0.0,0.0,0.006023888,-28.293297,2.349109,0.78303635,0.136,0.0,0.18343219,1.5999991,1.619999,262400
hardzero_plus_depr__c0p60__z1p00__lam0p020__nu0p50__psi0p75,hardzero_plus_depr,0.02,32,82,0.0,1,0.41837704,0.41837704,1.038398,0.0,0.09153812,0.0,0.0,0.0059342044,-27.712252,2.2845213,0.76150715,0.136,0.0,0.15330218,1.619999,1.639999,265600
hardzero_plus_depr__c0p60__z1p00__lam0p020__nu0p50__psi0p75,hardzero_plus_depr,0.02,32,83,0.0,1,0.41837704,0.41837704,1.0118417,0.0,0.097310185,0.0,0.0,0.0058458555,-26.956594,2.2260962,0.74203205,0.18400002,0.0,0.13913961,1.639999,1.659999,268800
hardzero_plus_depr__c0p60__z1p00__lam0p020__nu0p50__psi0p75,hardzero_plus_depr,0.02,32,84,0.0,1,0.41837704,0.41897345,0.9847966,0.10356271,0.10356271,1.0,0.00059639924,0.005758822,-27.017696,2.1665957,0.7221986,0.192,0.0,0.16779307,1.659999,1.679999,272000
hardzero_plus_depr__c0p60__z1p00__lam0p020__nu0p50__psi0p75,hardzero_plus_depr,0.02,32,85,0.0,1,0.41897345,0.41897345,1.058743,0.0,0.087348804,0.0,0.0,0.005673084,-28.125008,2.329281,0.77642703,0.120000005,0.0,0.16304015,1.679999,1.699999,275200
hardzero_plus_depr__c0p60__z1p00__lam0p020__nu0p50__psi0p75,hardzero_plus_depr,0.02,32,86,0.0,1,0.41897345,0.41954353,0.99135727,0.10200998,0.10200998,1.0,0.0005700954,0.005588623,-27.008944,2.1810296,0.7270099,0.136,0.0,0.15203483,1.699999,1.719999,278400
hardzero_plus_depr__c0p60__z1p00__lam0p020__nu0p50__psi0p75,hardzero_plus_depr,0.02,32,87,0.0,1,0.41954353,0.42009643,0.99814177,0.10042878,0.10042878,1.0,0.0005529026,0.00550542,-26.929798,2.1959558,0.7319853,0.136,0.0,0.17262799,1.719999,1.7399989,281600
hardzero_plus_depr__c0p60__z1p00__lam0p020__nu0p50__psi0p75,hardzero_plus_depr,0.02,32,88,0.0,1,0.42009643,0.42009643,1.0067463,0.0,0.09845861,0.0,0.0,0.005423455,-26.461344,2.2148862,0.73829544,0.15200001,0.0,0.17294776,1.7399989,1.7599989,284800
hardzero_plus_depr__c0p60__z1p00__lam0p020__nu0p50__psi0p75,hardzero_plus_depr,0.02,32,89,0.0,1,0.42009643,0.42009643,1.0087253,0.0,0.09801096,0.0,0.0,0.00534271,-26.096731,2.21924,0.7397467,0.18400002,0.0,0.14884888,1.7599989,1.7799989,288000
hardzero_plus_depr__c0p60__z1p00__lam0p020__nu0p50__psi0p75,hardzero_plus_depr,0.02,32,90,0.0,1,0.42009643,0.42009643,1.00024,0.0,0.09994475,0.0,0.0,0.0052631674,-25.931116,2.2005718,0.73352396,0.224,0.0,0.15213196,1.7799989,1.7999989,291200
hardzero_plus_depr__c0p60__z1p00__lam0p020__nu0p50__psi0p75,hardzero_plus_depr,0.02,32,91,0.0,1,0.42009643,0.42009643,1.0007696,0.0,0.09982294,0.0,0.0,0.0051848097,-26.477657,2.2017372,0.7339124,0.19999999,0.0,0.15855762,1.7999989,1.8199989,294400
hardzero_plus_depr__c0p60__z1p00__lam0p020__nu0p50__psi0p75,hardzero_plus_depr,0.02,32,92,0.0,1,0.42009643,0.42009643,1.0076332,0.0,0.098257735,0.0,0.0,0.005107618,-27.631445,2.2168374,0.73894584,0.15200001,0.0,0.15331544,1.8199989,1.8399988,297600
hardzero_plus_depr__c0p60__z1p00__lam0p020__nu0p50__psi0p75,hardzero_plus_depr,0.02,32,93,0.0,1,0.42009643,0.42009643,1.0583049,0.0,0.08743696,0.0,0.0,0.0050315754,-27.936047,2.3283172,0.77610576,0.104,0.0,0.15921703,1.8399988,1.8599988,300800
hardzero_plus_depr__c0p60__z1p00__lam0p020__nu0p50__psi0p75,hardzero_plus_depr,0.02,32,94,0.0,1,0.42009643,0.42059988,0.993244,0.1015678,0.1015678,1.0,0.00050343754,0.004956665,-25.836845,2.1851804,0.7283935,0.15200001,0.0,0.15488744,1.8599988,1.8799988,304000
hardzero_plus_depr__c0p60__z1p00__lam0p020__nu0p50__psi0p75,hardzero_plus_depr,0.02,32,95,0.0,1,0.42059988,0.42059988,1.023315,0.0,0.09477308,0.0,0.0,0.00488287,-26.226704,2.2513378,0.75044596,0.18400002,0.0,0.15960743,1.8799988,1.8999988,307200
hardzero_plus_depr__c0p60__z1p00__lam0p020__nu0p50__psi0p75,hardzero_plus_depr,0.02,32,96,0.0,1,0.42059988,0.42108947,0.9923263,0.10178262,0.10178262,1.0,0.0004895921,0.0048101735,-26.120749,2.1831615,0.7277205,0.112,0.0,0.13120852,1.8999988,1.9199988,310400
hardzero_plus_depr__c0p60__z1p00__lam0p020__nu0p50__psi0p75,hardzero_plus_depr,0.02,32,97,0.0,1,0.42108947,0.4215667,0.9969198,0.10071176,0.10071176,1.0,0.0004772287,0.0047385595,-26.279364,2.1932673,0.7310891,0.16000001,0.0,0.14816745,1.9199988,1.9399987,313600
hardzero_plus_depr__c0p60__z1p00__lam0p020__nu0p50__psi0p75,hardzero_plus_depr,0.02,32,98,0.0,1,0.4215667,0.4215667,1.0671682,0.0,0.0856706,0.0,0.0,0.0046680113,-28.710735,2.347817,0.78260565,0.120000005,0.0,0.16864818,1.9399987,1.9599987,316800
hardzero_plus_depr__c0p60__z1p00__lam0p020__nu0p50__psi0p75,hardzero_plus_depr,0.02,32,99,0.0,1,0.4215667,0.4215667,1.0647244,0.0,0.086154014,0.0,0.0,0.004598514,-28.021357,2.3424406,0.7808136,0.16000001,0.0,0.1925256,1.9599987,1.9799987,320000
hardzero_plus_depr__c0p60__z1p00__lam0p020__nu0p50__psi0p75,hardzero_plus_depr,0.02,32,100,0.0,1,0.4215667,0.42204428,0.97706836,0.105422094,0.105422094,1.0,0.0004775675,0.0045300513,-25.939795,2.1495934,0.71653116,0.17600001,0.0,0.14043671,1.9799987,1.9999987,323200
hardzero_plus_depr__c0p60__z1p00__lam0p020__nu0p50__psi0p75,hardzero_plus_depr,0.02,32,101,0.0,1,0.42204428,0.42204428,1.003698,0.0,0.099152125,0.0,0.0,0.0044626077,-26.911203,2.2081797,0.7360599,0.120000005,0.0,0.16327374,1.9999987,2.0199988,326400
hardzero_plus_depr__c0p60__z1p00__lam0p020__nu0p50__psi0p75,hardzero_plus_depr,0.02,32,102,0.0,1,0.42204428,0.42204428,1.0478054,0.0,0.08957661,0.0,0.0,0.004396167,-27.391829,2.305218,0.76840603,0.16000001,0.0,0.17371681,2.0199988,2.0399988,329600
hardzero_plus_depr__c0p60__z1p00__lam0p020__nu0p50__psi0p75,hardzero_plus_depr,0.02,32,103,0.0,1,0.42204428,0.42204428,1.032693,0.0,0.092748515,0.0,0.0,0.004330718,-27.116467,2.27197,0.7573234,0.18400002,0.0,0.1763222,2.0399988,2.0599988,332800
hardzero_plus_depr__c0p60__z1p00__lam0p020__nu0p50__psi0p75,hardzero_plus_depr,0.02,32,104,0.0,1,0.42204428,0.42248937,0.98160064,0.10432763,0.10432763,1.0,0.0004450868,0.004266241,-26.078606,2.1595645,0.71985483,0.17999999,0.0,0.13350806,2.0599988,2.0799987,336000
hardzero_plus_depr__c0p60__z1p00__lam0p020__nu0p50__psi0p75,hardzero_plus_depr,0.02,32,105,0.0,1,0.42248937,0.42248937,1.0501964,0.0,0.0890848,0.0,0.0,0.0042027254,-27.352425,2.3104782,0.7701594,0.16000001,0.0,0.1558294,2.0799987,2.0999987,339200
hardzero_plus_depr__c0p60__z1p00__lam0p020__nu0p50__psi0p75,hardzero_plus_depr,0.02,32,106,0.0,1,0.42248937,0.42248937,1.0152707,0.0,0.09654487,0.0,0.0,0.0041401545,-26.922815,2.2336402,0.7445468,0.192,0.0,0.15412408,2.0999987,2.1199987,342400
hardzero_plus_depr__c0p60__z1p00__lam0p020__nu0p50__psi0p75,hardzero_plus_depr,0.02,32,107,0.0,1,0.42248937,0.42290372,0.9931354,0.1015932,0.1015932,1.0,0.00041434952,0.0040785163,-25.834421,2.1849415,0.72831386,0.17600001,0.0,0.15208003,2.1199987,2.1399987,345600
hardzero_plus_depr__c0p60__z1p00__lam0p020__nu0p50__psi0p75,hardzero_plus_depr,0.02,32,108,0.0,1,0.42290372,0.42290372,1.0694913,0.0,0.08521356,0.0,0.0,0.004017795,-27.708921,2.3529277,0.78430927,0.14400001,0.0,0.16989523,2.1399987,2.1599987,348800
hardzero_plus_depr__c0p60__z1p00__lam0p020__nu0p50__psi0p75,hardzero_plus_depr,0.02,32,109,0.0,1,0.42290372,0.42290372,1.0802857,0.0,0.08312169,0.0,0.0,0.003957978,-28.157978,2.3766758,0.7922253,0.112,0.0,0.19127376,2.1599987,2.1799986,352000
hardzero_plus_depr__c0p60__z1p00__lam0p020__nu0p50__psi0p75,hardzero_plus_depr,0.02,32,110,0.0,1,0.42290372,0.42290372,1.0129303,0.0,0.09706659,0.0,0.0,0.003899051,-27.764524,2.228491,0.7428304,0.16800001,0.0,0.15594447,2.1799986,2.1999986,355200
hardzero_plus_depr__c0p60__z1p00__lam0p020__nu0p50__psi0p75,hardzero_plus_depr,0.02,32,111,0.0,1,0.42290372,0.42290372,1.042561,0.0,0.090664834,0.0,0.0,0.0038410025,-27.336887,2.2936802,0.7645601,0.18400002,0.0,0.16066343,2.1999986,2.2199986,358400
hardzero_plus_depr__c0p60__z1p00__lam0p020__nu0p50__psi0p75,hardzero_plus_depr,0.02,32,112,0.0,1,0.42290372,0.42290372,1.031464,0.0,0.09301136,0.0,0.0,0.0037838167,-27.819384,2.2692661,0.75642204,0.128,0.0,0.14372908,2.2199986,2.2399986,361600
hardzero_plus_depr__c0p60__z1p00__lam0p020__nu0p50__psi0p75,hardzero_plus_depr,0.02,32,113,0.0,1,0.42290372,0.4232792,0.9968193,0.10073506,0.10073506,1.0,0.00037548828,0.0037274836,-26.764814,2.1930463,0.73101544,0.192,0.0,0.14427911,2.2399986,2.2599986,364800
hardzero_plus_depr__c0p60__z1p00__lam0p020__nu0p50__psi0p75,hardzero_plus_depr,0.02,32,114,0.0,1,0.4232792,0.4232792,1.0459516,0.0,0.08995978,0.0,0.0,0.0036719884,-27.38771,2.3011394,0.76704645,0.120000005,0.0,0.18653993,2.2599986,2.2799985,368000
hardzero_plus_depr__c0p60__z1p00__lam0p020__nu0p50__psi0p75,hardzero_plus_depr,0.02,32,115,0.0,1,0.4232792,0.4232792,1.0093061,0.0,0.097879976,0.0,0.0,0.00361732,-27.60396,2.2205176,0.74017256,0.208,0.0,0.17726973,2.2799985,2.2999985,371200
hardzero_plus_depr__c0p60__z1p00__lam0p020__nu0p50__psi0p75,hardzero_plus_depr,0.02,32,116,0.0,1,0.4232792,0.4232792,1.0156684,0.0,0.09645653,0.0,0.0,0.0035634649,-26.772575,2.2345152,0.7448384,0.16000001,0.0,0.15452085,2.2999985,2.3199985,374400
hardzero_plus_depr__c0p60__z1p00__lam0p020__nu0p50__psi0p75,hardzero_plus_depr,0.02,32,117,0.0,1,0.4232792,0.4232792,1.0125947,0.0,0.097141616,0.0,0.0,0.0035104118,-27.884346,2.227753,0.74258435,0.16,0.0,0.15835184,2.3199985,2.3399985,377600
hardzero_plus_depr__c0p60__z1p00__lam0p020__nu0p50__psi0p75,hardzero_plus_depr,0.02,32,118,0.0,1,0.4232792,0.42363238,0.9908503,0.10212913,0.10212913,1.0,0.00035317772,0.0034581486,-26.061253,2.1799142,0.7266381,0.208,0.008,0.13057561,2.3399985,2.3599985,380800
hardzero_plus_depr__c0p60__z1p00__lam0p020__nu0p50__psi0p75,hardzero_plus_depr,0.02,32,119,0.0,1,0.42363238,0.42363238,1.0089401,0.0,0.097962506,0.0,0.0,0.0034066641,-26.642462,2.2197125,0.73990417,0.224,0.0,0.1610263,2.3599985,2.3799984,384000
hardzero_plus_depr__c0p60__z1p00__lam0p020__nu0p50__psi0p75,hardzero_plus_depr,0.02,32,120,0.0,1,0.42363238,0.42363238,1.0275382,0.0,0.09385594,0.0,0.0,0.0033559448,-27.075098,2.2606292,0.7535431,0.18400002,0.0,0.16966718,2.3799984,2.3999984,387200
hardzero_plus_depr__c0p60__z1p00__lam0p020__nu0p50__psi0p75,hardzero_plus_depr,0.02,32,121,0.0,1,0.42363238,0.42363238,1.0575371,0.0,0.08759169,0.0,0.0,0.0033059819,-27.710411,2.326628,0.7755427,0.14400001,0.008,0.1599831,2.3999984,2.4199984,390400
hardzero_plus_depr__c0p60__z1p00__lam0p020__nu0p50__psi0p75,hardzero_plus_depr,0.02,32,122,0.0,1,0.42363238,0.42363238,1.0439582,0.0,0.09037364,0.0,0.0,0.003256762,-27.400898,2.296754,0.76558465,0.16800001,0.0,0.15260716,2.4199984,2.4399984,393600
hardzero_plus_depr__c0p60__z1p00__lam0p020__nu0p50__psi0p75,hardzero_plus_depr,0.02,32,123,0.0,1,0.42363238,0.42363238,1.0750442,0.0,0.084130965,0.0,0.0,0.0032082754,-27.915508,2.3651443,0.78838146,0.136,0.0,0.16144161,2.4399984,2.4599984,396800
hardzero_plus_depr__c0p60__z1p00__lam0p020__nu0p50__psi0p75,hardzero_plus_depr,0.02,32,124,0.0,1,0.42363238,0.42363238,1.0717899,0.0,0.08476374,0.0,0.0,0.00316051,-28.03868,2.3579848,0.78599495,0.120000005,0.0,0.14721444,2.4599984,2.4799984,400000
hardzero_plus_depr__c0p60__z1p00__lam0p020__nu0p50__psi0p75,hardzero_plus_depr,0.02,32,125,0.0,1,0.42363238,0.42363238,1.0511864,0.0,0.088881955,0.0,0.0,0.0031134563,-27.77303,2.3126564,0.77088547,0.120000005,0.0,0.18200773,2.4799984,2.4999983,403200
hardzero_plus_depr__c0p60__z1p00__lam0p020__nu0p50__psi0p75,hardzero_plus_depr,0.02,32,126,0.0,1,0.42363238,0.42363238,1.0278746,0.0,0.09378326,0.0,0.0,0.003067103,-26.738054,2.2613692,0.7537898,0.16800001,0.0,0.12972067,2.4999983,2.5199983,406400
hardzero_plus_depr__c0p60__z1p00__lam0p020__nu0p50__psi0p75,hardzero_plus_depr,0.02,32,127,0.0,1,0.42363238,0.42363238,1.0317732,0.0,0.09294517,0.0,0.0,0.0030214402,-26.985872,2.2699463,0.7566488,0.15200001,0.0,0.16496515,2.5199983,2.5399983,409600
hardzero_plus_depr__c0p60__z1p00__lam0p020__nu0p50__psi0p75,hardzero_plus_depr,0.02,32,128,0.0,1,0.42363238,0.42363238,1.0616287,0.0,0.08677034,0.0,0.0,0.0029764562,-28.005547,2.3356297,0.77854323,0.15200001,0.0,0.17927645,2.5399983,2.5599983,412800
hardzero_plus_depr__c0p60__z1p00__lam0p020__nu0p50__psi0p75,hardzero_plus_depr,0.02,32,129,0.0,1,0.42363238,0.4239301,0.9933542,0.10154201,0.10154201,1.0,0.0002977357,0.0029321432,-26.512356,2.185423,0.7284743,0.16800001,0.0,0.14830638,2.5599983,2.5799983,416000
hardzero_plus_depr__c0p60__z1p00__lam0p020__nu0p50__psi0p75,hardzero_plus_depr,0.02,32,130,0.0,1,0.4239301,0.4239301,1.0261352,0.0,0.09415964,0.0,0.0,0.002888489,-27.237507,2.2575426,0.75251424,0.22,0.0,0.16327468,2.5799983,2.5999982,419200
hardzero_plus_depr__c0p60__z1p00__lam0p020__nu0p50__psi0p75,hardzero_plus_depr,0.02,32,131,0.0,1,0.4239301,0.4239301,1.0115238,0.0,0.097381435,0.0,0.0,0.0028454852,-26.555002,2.2253969,0.741799,0.112,0.0,0.16020474,2.5999982,2.6199982,422400
hardzero_plus_depr__c0p60__z1p00__lam0p020__nu0p50__psi0p75,hardzero_plus_depr,0.02,32,132,0.0,1,0.4239301,0.4239301,1.0354142,0.0,0.0921692,0.0,0.0,0.0028031215,-27.253532,2.2779567,0.75931895,0.18400002,0.0,0.17295395,2.6199982,2.6399982,425600
hardzero_plus_depr__c0p60__z1p00__lam0p020__nu0p50__psi0p75,hardzero_plus_depr,0.02,32,133,0.0,1,0.4239301,0.4239301,1.0137714,0.0,0.09687875,0.0,0.0,0.0027613884,-27.304056,2.2303417,0.74344724,0.192,0.0,0.17785439,2.6399982,2.6599982,428800
hardzero_plus_depr__c0p60__z1p00__lam0p020__nu0p50__psi0p75,hardzero_plus_depr,0.02,32,134,0.0,1,0.4239301,0.4242298,0.9579221,0.11017367,0.11017367,1.0,0.00029970286,0.0027202766,-26.519608,2.1074708,0.70249027,0.192,0.0,0.14905815,2.6599982,2.6799982,432000
hardzero_plus_depr__c0p60__z1p00__lam0p020__nu0p50__psi0p75,hardzero_plus_depr,0.02,32,135,0.0,1,0.4242298,0.4242298,1.0190761,0.0,0.09570263,0.0,0.0,0.0026797773,-27.188694,2.2420123,0.74733746,0.14400001,0.0,0.15517981,2.6799982,2.6999981,435200
hardzero_plus_depr__c0p60__z1p00__lam0p020__nu0p50__psi0p75,hardzero_plus_depr,0.02,32,136,0.0,1,0.4242298,0.4244976,0.9937891,0.10144038,0.10144038,1.0,0.00026779043,0.0026398802,-26.458239,2.1863797,0.72879326,0.16800001,0.0,0.15970697,2.6999981,2.7199981,438400
hardzero_plus_depr__c0p60__z1p00__lam0p020__nu0p50__psi0p75,hardzero_plus_depr,0.02,32,137,0.0,1,0.4244976,0.4244976,1.0265485,0.0,0.09407007,0.0,0.0,0.0026005781,-28.02022,2.2584517,0.7528173,0.208,0.0,0.17875418,2.7199981,2.739998,441600
hardzero_plus_depr__c0p60__z1p00__lam0p020__nu0p50__psi0p75,hardzero_plus_depr,0.02,32,138,0.0,1,0.4244976,0.4244976,1.0374,0.0,0.09174871,0.0,0.0,0.0025618603,-26.726301,2.2823255,0.7607752,0.15200001,0.0,0.14158577,2.739998,2.759998,444800
hardzero_plus_depr__c0p60__z1p00__lam0p020__nu0p50__psi0p75,hardzero_plus_depr,0.02,32,139,0.0,1,0.4244976,0.4244976,1.0798957,0.0,0.08319635,0.0,0.0,0.0025237193,-27.711813,2.375818,0.7919394,0.18400002,0.0,0.19740936,2.759998,2.779998,448000
hardzero_plus_depr__c0p60__z1p00__lam0p020__nu0p50__psi0p75,hardzero_plus_depr,0.02,32,140,0.0,1,0.4244976,0.4244976,1.0057069,0.0,0.09869452,0.0,0.0,0.0024861458,-27.64289,2.2125993,0.7375331,0.16800001,0.0,0.2063953,2.779998,2.799998,451200
hardzero_plus_depr__c0p60__z1p00__lam0p020__nu0p50__psi0p75,hardzero_plus_depr,0.02,32,141,0.0,1,0.4244976,0.42475942,0.97101885,0.106900826,0.106900826,1.0,0.00026181425,0.002449132,-26.294834,2.136284,0.7120947,0.14400001,0.0,0.18931286,2.799998,2.819998,454400
hardzero_plus_depr__c0p60__z1p00__lam0p020__nu0p50__psi0p75,hardzero_plus_depr,0.02,32,142,0.0,1,0.42475942,0.42475942,1.0599958,0.0,0.08709719,0.0,0.0,0.0024126691,-27.50407,2.3320372,0.7773458,0.128,0.0,0.14904162,2.819998,2.839998,457600
hardzero_plus_depr__c0p60__z1p00__lam0p020__nu0p50__psi0p75,hardzero_plus_depr,0.02,32,143,0.0,1,0.42475942,0.42475942,1.0033962,0.0,0.09922106,0.0,0.0,0.0023767494,-27.271807,2.2075157,0.7358386,0.14,0.0,0.15521406,2.839998,2.859998,460800
hardzero_plus_depr__c0p60__z1p00__lam0p020__nu0p50__psi0p75,hardzero_plus_depr,0.02,32,144,0.0,1,0.42475942,0.42475942,1.0418953,0.0,0.090803936,0.0,0.0,0.002341364,-27.201797,2.2922153,0.7640718,0.128,0.0,0.16591938,2.859998,2.879998,464000
hardzero_plus_depr__c0p60__z1p00__lam0p020__nu0p50__psi0p75,hardzero_plus_depr,0.02,32,145,0.0,1,0.42475942,0.42475942,1.082244,0.0,0.0827477,0.0,0.0,0.002306506,-27.916899,2.3809845,0.79366153,0.128,0.0,0.1546548,2.879998,2.899998,467200
hardzero_plus_depr__c0p60__z1p00__lam0p020__nu0p50__psi0p75,hardzero_plus_depr,0.02,32,146,0.0,1,0.42475942,0.42475942,1.0188116,0.0,0.09576096,0.0,0.0,0.0022721663,-27.01244,2.2414303,0.74714345,0.192,0.0,0.1590139,2.899998,2.919998,470400
hardzero_plus_depr__c0p60__z1p00__lam0p020__nu0p50__psi0p75,hardzero_plus_depr,0.02,32,147,0.0,1,0.42475942,0.42475942,1.0851439,0.0,0.08219702,0.0,0.0,0.0022383386,-28.233555,2.3873644,0.79578817,0.136,0.0,0.18136606,2.919998,2.939998,473600
hardzero_plus_depr__c0p60__z1p00__lam0p020__nu0p50__psi0p75,hardzero_plus_depr,0.02,32,148,0.0,1,0.42475942,0.42475942,1.0226969,0.0,0.09490807,0.0,0.0,0.0022050138,-27.247272,2.249978,0.7499927,0.15200001,0.0,0.16145532,2.939998,2.959998,476800
hardzero_plus_depr__c0p60__z1p00__lam0p020__nu0p50__psi0p75,hardzero_plus_depr,0.02,32,149,0.0,1,0.42475942,0.42475942,1.0386366,0.0,0.09148785,0.0,0.0,0.0021721856,-26.723217,2.285046,0.76168203,0.15200001,0.0,0.17757958,2.959998,2.9799979,480000
hardzero_plus_depr__c0p60__z1p00__lam0p020__nu0p50__psi0p75,hardzero_plus_depr,0.02,32,150,0.0,1,0.42475942,0.42475942,1.0251489,0.0,0.09437373,0.0,0.0,0.0021398456,-26.723797,2.2553725,0.7517909,0.080000006,0.0,0.13964358,2.9799979,2.9999979,483200
hardzero_plus_depr__c0p60__z1p00__lam0p020__nu0p50__psi0p75,hardzero_plus_depr,0.02,32,151,0.0,1,0.42475942,0.42475942,1.0288987,0.0,0.09356239,0.0,0.0,0.0021079879,-27.061474,2.2636223,0.7545408,0.16000001,0.0,0.15697987,2.9999979,3.0199978,486400
hardzero_plus_depr__c0p60__z1p00__lam0p020__nu0p50__psi0p75,hardzero_plus_depr,0.02,32,152,0.0,1,0.42475942,0.42475942,1.0226281,0.0,0.0949231,0.0,0.0,0.002076604,-27.273787,2.2498267,0.74994224,0.136,0.0,0.17700219,3.0199978,3.0399978,489600
hardzero_plus_depr__c0p60__z1p00__lam0p020__nu0p50__psi0p75,hardzero_plus_depr,0.02,32,153,0.0,1,0.42475942,0.42475942,1.0031239,0.0,0.09928326,0.0,0.0,0.0020456875,-26.72458,2.2069166,0.73563886,0.23200001,0.0,0.16057643,3.0399978,3.0599978,492800
hardzero_plus_depr__c0p60__z1p00__lam0p020__nu0p50__psi0p75,hardzero_plus_depr,0.02,32,154,0.0,1,0.42475942,0.42475942,1.0199598,0.0,0.09550809,0.0,0.0,0.002015231,-26.92323,2.2439563,0.7479855,0.14400001,0.0,0.14971164,3.0599978,3.0799978,496000
hardzero_plus_depr__c0p60__z1p00__lam0p020__nu0p50__psi0p75,hardzero_plus_depr,0.02,32,155,0.0,1,0.42475942,0.42475942,1.0657755,0.0,0.08594576,0.0,0.0,0.0019852284,-29.150892,2.344753,0.7815844,0.104,0.0,0.15890194,3.0799978,3.0999978,499200
hardzero_plus_depr__c0p60__z1p00__lam0p020__nu0p50__psi0p75,hardzero_plus_depr,0.02,32,156,0.0,1,0.42475942,0.42475942,1.0615574,0.0,0.08678457,0.0,0.0,0.001955672,-27.233477,2.3354728,0.77849096,0.14999999,0.0,0.16064903,3.0999978,3.1199977,502400
hardzero_plus_depr__c0p60__z1p00__lam0p020__nu0p50__psi0p75,hardzero_plus_depr,0.02,32,157,0.0,1,0.42475942,0.42495844,0.985914,0.10329659,0.10329659,1.0,0.00019900667,0.001926556,-25.87123,2.169054,0.72301805,0.192,0.0,0.15516432,3.1199977,3.1399977,505600
hardzero_plus_depr__c0p60__z1p00__lam0p020__nu0p50__psi0p75,hardzero_plus_depr,0.02,32,158,0.0,1,0.42495844,0.4251747,0.94328827,0.11394931,0.11394931,1.0,0.00021626134,0.0018978732,-25.862211,2.0752757,0.6917586,0.16800001,0.0,0.12525114,3.1399977,3.1599977,508800
hardzero_plus_depr__c0p60__z1p00__lam0p020__nu0p50__psi0p75,hardzero_plus_depr,0.02,32,159,0.0,1,0.4251747,0.42536548,0.99128187,0.10202769,0.10202769,1.0,0.00019075279,0.0018696178,-26.292376,2.1808636,0.7269546,0.2,0.0,0.17458591,3.1599977,3.1799977,512000
hardzero_plus_depr__c0p60__z1p00__lam0p020__nu0p50__psi0p75,hardzero_plus_depr,0.02,32,160,0.0,1,0.42536548,0.42536548,1.0096596,0.0,0.097800344,0.0,0.0,0.0018417826,-27.096567,2.2212956,0.7404319,0.17600001,0.0,0.16979015,3.1799977,3.1999977,515200
hardzero_plus_depr__c0p60__z1p00__lam0p020__nu0p50__psi0p75,hardzero_plus_depr,0.02,32,161,0.0,1,0.42536548,0.42536548,1.0144596,0.0,0.096725374,0.0,0.0,0.0018143624,-27.582033,2.2318556,0.7439519,0.224,0.0,0.16932674,3.1999977,3.2199976,518400
hardzero_plus_depr__c0p60__z1p00__lam0p020__nu0p50__psi0p75,hardzero_plus_depr,0.02,32,162,0.0,1,0.42536548,0.42536548,1.0712061,0.0,0.08487776,0.0,0.0,0.0017873498,-28.01568,2.3567004,0.7855668,0.15200001,0.0,0.17010513,3.2199976,3.2399976,521600
hardzero_plus_depr__c0p60__z1p00__lam0p020__nu0p50__psi0p75,hardzero_plus_depr,0.02,32,163,0.0,1,0.42536548,0.42536548,1.028916,0.0,0.09355866,0.0,0.0,0.0017607398,-27.494867,2.2636604,0.7545535,0.14400001,0.0,0.16990437,3.2399976,3.2599976,524800
hardzero_plus_depr__c0p60__z1p00__lam0p020__nu0p50__psi0p75,hardzero_plus_depr,0.02,32,164,0.0,1,0.42536548,0.42536548,1.0157845,0.0,0.09643073,0.0,0.0,0.0017345257,-25.940811,2.2347705,0.74492353,0.16800001,0.0,0.1882664,3.2599976,3.2799976,528000
hardzero_plus_depr__c0p60__z1p00__lam0p020__nu0p50__psi0p75,hardzero_plus_depr,0.02,32,165,0.0,1,0.42536548,0.42536548,1.0123247,0.0,0.09720202,0.0,0.0,0.0017087021,-27.009417,2.2271588,0.7423863,0.18400002,0.0,0.14674819,3.2799976,3.2999976,531200
hardzero_plus_depr__c0p60__z1p00__lam0p020__nu0p50__psi0p75,hardzero_plus_depr,0.02,32,166,0.0,1,0.42536548,0.42536548,1.0848631,0.0,0.082250185,0.0,0.0,0.0016832626,-27.541946,2.3867464,0.7955822,0.16000001,0.0,0.15522152,3.2999976,3.3199975,534400
hardzero_plus_depr__c0p60__z1p00__lam0p020__nu0p50__psi0p75,hardzero_plus_depr,0.02,32,167,0.0,1,0.42536548,0.42536548,1.0101289,0.0,0.097694725,0.0,0.0,0.0016582025,-27.750582,2.222328,0.740776,0.17600001,0.0,0.14509927,3.3199975,3.3399975,537600
hardzero_plus_depr__c0p60__z1p00__lam0p020__nu0p50__psi0p75,hardzero_plus_depr,0.02,32,168,0.0,1,0.42536548,0.42536548,1.0060418,0.0,0.098618455,0.0,0.0,0.0016335149,-27.363422,2.213336,0.73777866,0.18400002,0.0,0.19473012,3.3399975,3.3599975,540800
hardzero_plus_depr__c0p60__z1p00__lam0p020__nu0p50__psi0p75,hardzero_plus_depr,0.02,32,169,0.0,1,0.42536548,0.42536548,1.10552,0.0,0.0784296,0.0,0.0,0.0016091953,-28.27516,2.4321926,0.8107309,0.17,0.0,0.17279772,3.3599975,3.3799975,544000
hardzero_plus_depr__c0p60__z1p00__lam0p020__nu0p50__psi0p75,hardzero_plus_depr,0.02,32,170,0.0,1,0.42536548,0.42536548,1.0272763,0.0,0.09391257,0.0,0.0,0.0015852373,-26.597387,2.260053,0.753351,0.16000001,0.0,0.15905286,3.3799975,3.3999975,547200
hardzero_plus_depr__c0p60__z1p00__lam0p020__nu0p50__psi0p75,hardzero_plus_depr,0.02,32,171,0.0,1,0.42536548,0.42536548,1.0982217,0.0,0.079758756,0.0,0.0,0.0015616363,-29.24824,2.416136,0.8053787,0.120000005,0.0,0.1774273,3.3999975,3.4199975,550400
hardzero_plus_depr__c0p60__z1p00__lam0p020__nu0p50__psi0p75,hardzero_plus_depr,0.02,32,172,0.0,1,0.42536548,0.42536548,1.0590364,0.0,0.08728982,0.0,0.0,0.0015383865,-28.015179,2.3299265,0.7766422,0.104,0.0,0.18591468,3.4199975,3.4399974,553600
hardzero_plus_depr__c0p60__z1p00__lam0p020__nu0p50__psi0p75,hardzero_plus_depr,0.02,32,173,0.0,1,0.42536548,0.42536548,1.0863324,0.0,0.08197239,0.0,0.0,0.0015154829,-27.885532,2.3899791,0.7966597,0.128,0.0,0.18527517,3.4399974,3.4599974,556800
hardzero_plus_depr__c0p60__z1p00__lam0p020__nu0p50__psi0p75,hardzero_plus_depr,0.02,32,174,0.0,1,0.42536548,0.42536548,1.0545218,0.0,0.088201955,0.0,0.0,0.0014929202,-27.116438,2.3199942,0.7733314,0.16800001,0.0,0.18532562,3.4599974,3.4799974,560000
hardzero_plus_depr__c0p60__z1p00__lam0p020__nu0p50__psi0p75,hardzero_plus_depr,0.02,32,175,0.0,1,0.42536548,0.42536548,1.0359594,0.0,0.09205358,0.0,0.0,0.001470694,-27.363686,2.2791562,0.7597188,0.136,0.0,0.17481846,3.4799974,3.4999974,563200
hardzero_plus_depr__c0p60__z1p00__lam0p020__nu0p50__psi0p75,hardzero_plus_depr,0.02,32,176,0.0,1,0.42536548,0.42536548,1.0614963,0.0,0.0867968,0.0,0.0,0.0014487979,-28.531742,2.3353384,0.77844614,0.16800001,0.0,0.17221723,3.4999974,3.5199974,566400
hardzero_plus_depr__c0p60__z1p00__lam0p020__nu0p50__psi0p75,hardzero_plus_depr,0.02,32,177,0.0,1,0.42536548,0.42536548,1.0214114,0.0,0.09518939,0.0,0.0,0.0014272282,-26.908371,2.24715,0.74905,0.24000001,0.0,0.15492615,3.5199974,3.5399973,569600
hardzero_plus_depr__c0p60__z1p00__lam0p020__nu0p50__psi0p75,hardzero_plus_depr,0.02,32,178,0.0,1,0.42536548,0.42536548,1.012361,0.0,0.09719388,0.0,0.0,0.0014059795,-28.14991,2.227239,0.742413,0.072000004,0.0,0.16895092,3.5399973,3.5599973,572800
hardzero_plus_depr__c0p60__z1p00__lam0p020__nu0p50__psi0p75,hardzero_plus_depr,0.02,32,179,0.0,1,0.42536548,0.42536548,1.0620811,0.0,0.086679995,0.0,0.0,0.0013850472,-28.10287,2.336625,0.77887505,0.16800001,0.0,0.19010521,3.5599973,3.5799973,576000
hardzero_plus_depr__c0p60__z1p00__lam0p020__nu0p50__psi0p75,hardzero_plus_depr,0.02,32,180,0.0,1,0.42536548,0.42536548,1.0059729,0.0,0.09863412,0.0,0.0,0.0013644266,-27.049349,2.2131846,0.73772824,0.14400001,0.0,0.16943347,3.5799973,3.5999973,579200
hardzero_plus_depr__c0p60__z1p00__lam0p020__nu0p50__psi0p75,hardzero_plus_depr,0.02,32,181,0.0,1,0.42536548,0.42536548,1.0597374,0.0,0.08714902,0.0,0.0,0.001344113,-27.143265,2.3314688,0.7771563,0.14400001,0.0,0.15939763,3.5999973,3.6199973,582400
hardzero_plus_depr__c0p60__z1p00__lam0p020__nu0p50__psi0p75,hardzero_plus_depr,0.02,32,182,0.0,1,0.42536548,0.42536548,1.0394305,0.0,0.09132074,0.0,0.0,0.0013241017,-26.8614,2.2867928,0.76226425,0.17,0.0,0.16687799,3.6199973,3.6399972,585600
hardzero_plus_depr__c0p60__z1p00__lam0p020__nu0p50__psi0p75,hardzero_plus_depr,0.02,32,183,0.0,1,0.42536548,0.4254999,0.9870031,0.10303788,0.10303788,1.0,0.00013440143,0.0013043886,-27.000252,2.1714501,0.72381675,0.120000005,0.0,0.14406441,3.6399972,3.6599972,588800
hardzero_plus_depr__c0p60__z1p00__lam0p020__nu0p50__psi0p75,hardzero_plus_depr,0.02,32,184,0.0,1,0.4254999,0.4254999,1.0277832,0.0,0.09380301,0.0,0.0,0.0012849686,-27.246313,2.261168,0.75372267,0.14400001,0.0,0.1499034,3.6599972,3.6799972,592000
hardzero_plus_depr__c0p60__z1p00__lam0p020__nu0p50__psi0p75,hardzero_plus_depr,0.02,32,185,0.0,1,0.4254999,0.4254999,1.0183003,0.0,0.095873736,0.0,0.0,0.0012658379,-27.517488,2.2403054,0.7467685,0.15200001,0.0,0.14715157,3.6799972,3.6999972,595200
hardzero_plus_depr__c0p60__z1p00__lam0p020__nu0p50__psi0p75,hardzero_plus_depr,0.02,32,186,0.0,1,0.4254999,0.4254999,1.0600406,0.0,0.087088205,0.0,0.0,0.0012469921,-29.271765,2.332136,0.7773787,0.14400001,0.0,0.17222346,3.6999972,3.7199972,598400
hardzero_plus_depr__c0p60__z1p00__lam0p020__nu0p50__psi0p75,hardzero_plus_depr,0.02,32,187,0.0,1,0.4254999,0.4254999,1.0137272,0.0,0.09688862,0.0,0.0,0.0012284269,-26.814802,2.2302444,0.7434148,0.16000001,0.0,0.1273885,3.7199972,3.7399971,601600
hardzero_plus_depr__c0p60__z1p00__lam0p020__nu0p50__psi0p75,hardzero_plus_depr,0.02,32,188,0.0,1,0.4254999,0.4254999,1.0553457,0.0,0.088034794,0.0,0.0,0.001210138,-27.745716,2.321807,0.7739357,0.072000004,0.0,0.15858887,3.7399971,3.7599971,604800
hardzero_plus_depr__c0p60__z1p00__lam0p020__nu0p50__psi0p75,hardzero_plus_depr,0.02,32,189,0.0,1,0.4254999,0.4254999,1.0157743,0.0,0.096433006,0.0,0.0,0.0011921215,-27.208416,2.234748,0.74491596,0.18400002,0.0,0.15854132,3.7599971,3.779997,608000
hardzero_plus_depr__c0p60__z1p00__lam0p020__nu0p50__psi0p75,hardzero_plus_depr,0.02,32,190,0.0,1,0.4254999,0.4254999,1.0166371,0.0,0.09624161,0.0,0.0,0.001174373,-27.715954,2.2366462,0.7455487,0.136,0.0,0.14894791,3.779997,3.799997,611200
hardzero_plus_depr__c0p60__z1p00__lam0p020__nu0p50__psi0p75,hardzero_plus_depr,0.02,32,191,0.0,1,0.4254999,0.42561752,0.9928091,0.10166955,0.10166955,1.0,0.00011762039,0.001156889,-26.630106,2.1842237,0.72807455,0.136,0.0,0.14505962,3.799997,3.819997,614400
hardzero_plus_depr__c0p60__z1p00__lam0p020__nu0p50__psi0p75,hardzero_plus_depr,0.02,32,192,0.0,1,0.42561752,0.42561752,1.0372605,0.0,0.091778174,0.0,0.0,0.001139665,-27.653532,2.2820187,0.7606729,0.136,0.0,0.16548832,3.819997,3.839997,617600
hardzero_plus_depr__c0p60__z1p00__lam0p020__nu0p50__psi0p75,hardzero_plus_depr,0.02,32,193,0.0,1,0.42561752,0.42561752,1.0047262,0.0,0.09891766,0.0,0.0,0.0011226978,-27.035034,2.2104416,0.7368139,0.2,0.0,0.16842183,3.839997,3.859997,620800
hardzero_plus_depr__c0p60__z1p00__lam0p020__nu0p50__psi0p75,hardzero_plus_depr,0.02,32,194,0.0,1,0.42561752,0.42561752,1.0146904,0.0,0.09667398,0.0,0.0,0.0011059828,-26.828144,2.2323635,0.7441212,0.136,0.0,0.15075634,3.859997,3.879997,624000
hardzero_plus_depr__c0p60__z1p00__lam0p020__nu0p50__psi0p75,hardzero_plus_depr,0.02,32,195,0.0,1,0.42561752,0.42561752,1.0452738,0.0,0.0901003,0.0,0.0,0.001089517,-26.804556,2.2996483,0.76654947,0.16,0.0,0.15657762,3.879997,3.899997,627200
hardzero_plus_depr__c0p60__z1p00__lam0p020__nu0p50__psi0p75,hardzero_plus_depr,0.02,32,196,0.0,1,0.42561752,0.42561752,1.045729,0.0,0.090005904,0.0,0.0,0.0010732962,-27.573622,2.30065,0.7668833,0.14400001,0.0,0.17873771,3.899997,3.919997,630400
hardzero_plus_depr__c0p60__z1p00__lam0p020__nu0p50__psi0p75,hardzero_plus_depr,0.02,32,197,0.0,1,0.42561752,0.42561752,1.0294735,0.0,0.09343862,0.0,0.0,0.0010573171,-27.287432,2.264887,0.7549624,0.17600001,0.008,0.1721802,3.919997,3.939997,633600
hardzero_plus_depr__c0p60__z1p00__lam0p020__nu0p50__psi0p75,hardzero_plus_depr,0.02,32,198,0.0,1,0.42561752,0.42561752,1.0235897,0.0,0.09471314,0.0,0.0,0.0010415755,-26.11819,2.2519424,0.7506475,0.112,0.0,0.13724221,3.939997,3.959997,636800
hardzero_plus_depr__c0p60__z1p00__lam0p020__nu0p50__psi0p75,hardzero_plus_depr,0.02,32,199,0.0,1,0.42561752,0.42561752,1.014224,0.0,0.09677785,0.0,0.0,0.0010260686,-27.058014,2.2313375,0.7437792,0.16800001,0.0,0.1369422,3.959997,3.979997,640000
hardzero_plus_depr__c0p60__z1p00__lam0p020__nu0p50__psi0p75,hardzero_plus_depr,0.02,32,200,0.0,1,0.42561752,0.42571887,0.99875873,0.10028622,0.10028622,1.0,0.00010136855,0.0010107923,-26.68398,2.197313,0.73243773,0.18400002,0.0,0.13638532,3.979997,3.999997,643200
hardzero_plus_depr__c0p60__z1p00__lam0p020__nu0p50__psi0p75,hardzero_plus_depr,0.02,32,201,0.0,1,0.42571887,0.42571887,1.0079865,0.0,0.098177835,0.0,0.0,0.0009957437,-26.839987,2.2176147,0.7392049,0.16000001,0.0,0.14407282,3.999997,4.019997,646400
hardzero_plus_depr__c0p60__z1p00__lam0p020__nu0p50__psi0p75,hardzero_plus_depr,0.02,32,202,0.0,1,0.42571887,0.42571887,1.0735375,0.0,0.08442333,0.0,0.0,0.0009809186,-28.328829,2.3618295,0.7872765,0.128,0.0,0.1935309,4.019997,4.039997,649600
hardzero_plus_depr__c0p60__z1p00__lam0p020__nu0p50__psi0p75,hardzero_plus_depr,0.02,32,203,0.0,1,0.42571887,0.42571887,1.0072908,0.0,0.09833524,0.0,0.0,0.0009663148,-25.988813,2.216084,0.73869467,0.136,0.0,0.15883578,4.039997,4.059997,652800
hardzero_plus_depr__c0p60__z1p00__lam0p020__nu0p50__psi0p75,hardzero_plus_depr,0.02,32,204,0.0,1,0.42571887,0.42571887,1.061244,0.0,0.08684722,0.0,0.0,0.0009519284,-28.153294,2.3347833,0.7782611,0.128,0.0,0.15674731,4.059997,4.079997,656000
hardzero_plus_depr__c0p60__z1p00__lam0p020__nu0p50__psi0p75,hardzero_plus_depr,0.02,32,205,0.0,1,0.42571887,0.42581525,0.98810184,0.10277752,0.10277752,1.0,9.638023e-05,0.000937756,-26.670296,2.1738675,0.7246225,0.216,0.008,0.13590544,4.079997,4.099997,659200
hardzero_plus_depr__c0p60__z1p00__lam0p020__nu0p50__psi0p75,hardzero_plus_depr,0.02,32,206,0.0,1,0.42581525,0.42581525,1.0277845,0.0,0.09380274,0.0,0.0,0.0009237944,-26.880493,2.261171,0.75372374,0.14400001,0.0,0.1571874,4.099997,4.119997,662400
hardzero_plus_depr__c0p60__z1p00__lam0p020__nu0p50__psi0p75,hardzero_plus_depr,0.02,32,207,0.0,1,0.42581525,0.42581525,1.0346005,0.0,0.092342034,0.0,0.0,0.0009100411,-27.465189,2.2761664,0.7587222,0.192,0.0,0.18267973,4.119997,4.139997,665600
hardzero_plus_depr__c0p60__z1p00__lam0p020__nu0p50__psi0p75,hardzero_plus_depr,0.02,32,208,0.0,1,0.42581525,0.42581525,1.0033016,0.0,0.09924266,0.0,0.0,0.0008964925,-26.344282,2.2073076,0.7357692,0.17,0.0,0.14265884,4.139997,4.159997,668800
hardzero_plus_depr__c0p60__z1p00__lam0p020__nu0p50__psi0p75,hardzero_plus_depr,0.02,32,209,0.0,1,0.42581525,0.42581525,1.0585432,0.0,0.087389,0.0,0.0,0.0008831453,-28.683071,2.3288414,0.7762805,0.208,0.0,0.2223966,4.159997,4.179997,672000
hardzero_plus_depr__c0p60__z1p00__lam0p020__nu0p50__psi0p75,hardzero_plus_depr,0.02,32,210,0.0,1,0.42581525,0.42581525,1.0597376,0.0,0.087148994,0.0,0.0,0.0008699969,-27.920212,2.3314693,0.7771565,0.15200001,0.0,0.1598151,4.179997,4.199997,675200
hardzero_plus_depr__c0p60__z1p00__lam0p020__nu0p50__psi0p75,hardzero_plus_depr,0.02,32,211,0.0,1,0.42581525,0.42581525,1.0844359,0.0,0.08233111,0.0,0.0,0.0008570444,-27.871656,2.3858068,0.79526895,0.14400001,0.0,0.1772251,4.199997,4.219997,678400
hardzero_plus_depr__c0p60__z1p00__lam0p020__nu0p50__psi0p75,hardzero_plus_depr,0.02,32,212,0.0,1,0.42581525,0.42581525,1.044843,0.0,0.09018971,0.0,0.0,0.0008442849,-27.5526,2.2987003,0.76623344,0.136,0.0,0.16393669,4.219997,4.239997,681600
hardzero_plus_depr__c0p60__z1p00__lam0p020__nu0p50__psi0p75,hardzero_plus_depr,0.02,32,213,0.0,1,0.42581525,0.42581525,1.1107693,0.0,0.077487335,0.0,0.0,0.000831715,-29.959019,2.4437413,0.81458044,0.128,0.0,0.20474635,4.239997,4.259997,684800
hardzero_plus_depr__c0p60__z1p00__lam0p020__nu0p50__psi0p75,hardzero_plus_depr,0.02,32,214,0.0,1,0.42581525,0.42581525,1.0141854,0.0,0.096786454,0.0,0.0,0.00081933226,-26.606161,2.2312524,0.7437508,0.136,0.0,0.16556077,4.259997,4.279997,688000
hardzero_plus_depr__c0p60__z1p00__lam0p020__nu0p50__psi0p75,hardzero_plus_depr,0.02,32,215,0.0,1,0.42581525,0.4258986,0.98605937,0.10326202,0.10326202,1.0,8.334631e-05,0.0008071342,-27.28082,2.169374,0.7231247,0.2,0.0,0.15468395,4.279997,4.299997,691200
hardzero_plus_depr__c0p60__z1p00__lam0p020__nu0p50__psi0p75,hardzero_plus_depr,0.02,32,216,0.0,1,0.4258986,0.42598167,0.9811079,0.10444606,0.10444606,1.0,8.304689e-05,0.0007951175,-26.637203,2.1584804,0.7194935,0.23200001,0.0,0.15344119,4.299997,4.319997,694400
hardzero_plus_depr__c0p60__z1p00__lam0p020__nu0p50__psi0p75,hardzero_plus_depr,0.02,32,217,0.0,1,0.42598167,0.42598167,1.0070506,0.0,0.09838964,0.0,0.0,0.0007832798,-27.094337,2.2155557,0.7385186,0.120000005,0.0,0.14500347,4.319997,4.339997,697600
hardzero_plus_depr__c0p60__z1p00__lam0p020__nu0p50__psi0p75,hardzero_plus_depr,0.02,32,218,0.0,1,0.42598167,0.42598167,1.0559227,0.0,0.087917894,0.0,0.0,0.00077161816,-28.954943,2.3230765,0.77435887,0.17600001,0.0,0.18463679,4.339997,4.359997,700800
hardzero_plus_depr__c0p60__z1p00__lam0p020__nu0p50__psi0p75,hardzero_plus_depr,0.02,32,219,0.0,1,0.42598167,0.42598167,1.0168763,0.0,0.09618862,0.0,0.0,0.00076013035,-27.220991,2.2371726,0.7457242,0.16800001,0.0,0.15852597,4.359997,4.379997,704000
hardzero_plus_depr__c0p60__z1p00__lam0p020__nu0p50__psi0p75,hardzero_plus_depr,0.02,32,220,0.0,1,0.42598167,0.42598167,1.0948957,0.0,0.08037191,0.0,0.0,0.00074881356,-28.491123,2.4088187,0.8029396,0.17600001,0.0,0.1779775,4.379997,4.3999968,707200
hardzero_plus_depr__c0p60__z1p00__lam0p020__nu0p50__psi0p75,hardzero_plus_depr,0.02,32,221,0.0,1,0.42598167,0.42605692,0.99138784,0.10200281,0.10200281,1.0,7.524391e-05,0.0007376651,-26.266262,2.1810968,0.7270323,0.17,0.0,0.13600822,4.3999968,4.4199967,710400
hardzero_plus_depr__c0p60__z1p00__lam0p020__nu0p50__psi0p75,hardzero_plus_depr,0.02,32,222,0.0,1,0.42605692,0.42613015,0.99662936,0.10077914,0.10077914,1.0,7.323445e-05,0.0007266826,-26.943865,2.1926284,0.73087615,0.128,0.0,0.15759973,4.4199967,4.4399967,713600
hardzero_plus_depr__c0p60__z1p00__lam0p020__nu0p50__psi0p75,hardzero_plus_depr,0.02,32,223,0.0,1,0.42613015,0.42613015,1.042386,0.0,0.09070138,0.0,0.0,0.00071586383,-28.049402,2.2932951,0.7644317,0.120000005,0.0,0.13036692,4.4399967,4.4599967,716800
hardzero_plus_depr__c0p60__z1p00__lam0p020__nu0p50__psi0p75,hardzero_plus_depr,0.02,32,224,0.0,1,0.42613015,0.42613015,1.0400636,0.0,0.09118772,0.0,0.0,0.00070520607,-27.196573,2.2881856,0.7627286,0.16800001,0.0,0.17765203,4.4599967,4.4799967,720000
hardzero_plus_depr__c0p60__z1p00__lam0p020__nu0p50__psi0p75,hardzero_plus_depr,0.02,32,225,0.0,1,0.42613015,0.42613015,1.0743711,0.0,0.08426144,0.0,0.0,0.00069470686,-28.01944,2.3636637,0.78788793,0.136,0.0,0.17287096,4.4799967,4.4999967,723200
hardzero_plus_depr__c0p60__z1p00__lam0p020__nu0p50__psi0p75,hardzero_plus_depr,0.02,32,226,0.0,1,0.42613015,0.42613015,1.006135,0.0,0.098597296,0.0,0.0,0.000684364,-26.719618,2.2135413,0.7378471,0.17600001,0.0,0.15836245,4.4999967,4.5199966,726400
hardzero_plus_depr__c0p60__z1p00__lam0p020__nu0p50__psi0p75,hardzero_plus_depr,0.02,32,227,0.0,1,0.42613015,0.42613015,1.0042053,0.0,0.09903635,0.0,0.0,0.00067417516,-26.373472,2.2092957,0.73643196,0.18400002,0.0,0.16078839,4.5199966,4.5399966,729600
hardzero_plus_depr__c0p60__z1p00__lam0p020__nu0p50__psi0p75,hardzero_plus_depr,0.02,32,228,0.0,1,0.42613015,0.42613015,1.0004377,0.0,0.09989924,0.0,0.0,0.0006641382,-26.895548,2.201007,0.733669,0.224,0.0,0.17608932,4.5399966,4.5599966,732800
hardzero_plus_depr__c0p60__z1p00__lam0p020__nu0p50__psi0p75,hardzero_plus_depr,0.02,32,229,0.0,1,0.42613015,0.4261997,0.9733182,0.106336355,0.106336355,1.0,6.9570604e-05,0.0006542504,-25.891193,2.1413429,0.713781,0.14400001,0.0,0.13877058,4.5599966,4.5799966,736000
hardzero_plus_depr__c0p60__z1p00__lam0p020__nu0p50__psi0p75,hardzero_plus_depr,0.02,32,230,0.0,1,0.4261997,0.4261997,1.0188104,0.0,0.0957612,0.0,0.0,0.0006445098,-26.82431,2.2414277,0.74714255,0.15200001,0.0,0.14440899,4.5799966,4.5999966,739200
hardzero_plus_depr__c0p60__z1p00__lam0p020__nu0p50__psi0p75,hardzero_plus_depr,0.02,32,231,0.0,1,0.4261997,0.4261997,1.0395565,0.0,0.09129425,0.0,0.0,0.0006349143,-28.271229,2.28707,0.7623567,0.120000005,0.0,0.16247933,4.5999966,4.6199965,742400
hardzero_plus_depr__c0p60__z1p00__lam0p020__nu0p50__psi0p75,hardzero_plus_depr,0.02,32,232,0.0,1,0.4261997,0.4261997,1.0483323,0.0,0.08946799,0.0,0.0,0.00062546175,-27.054073,2.3063772,0.7687924,0.136,0.0,0.16636348,4.6199965,4.6399965,745600
hardzero_plus_depr__c0p60__z1p00__lam0p020__nu0p50__psi0p75,hardzero_plus_depr,0.02,32,233,0.0,1,0.4261997,0.4261997,1.0146792,0.0,0.09667647,0.0,0.0,0.0006161498,-27.204418,2.232339,0.74411297,0.16800001,0.0,0.15015323,4.6399965,4.6599965,748800
hardzero_plus_depr__c0p60__z1p00__lam0p020__nu0p50__psi0p75,hardzero_plus_depr,0.02,32,234,0.0,1,0.4261997,0.4261997,1.031155,0.0,0.093077555,0.0,0.0,0.00060697645,-27.639904,2.2685864,0.7561955,0.13,0.0,0.16071986,4.6599965,4.6799965,752000
hardzero_plus_depr__c0p60__z1p00__lam0p020__nu0p50__psi0p75,hardzero_plus_depr,0.02,32,235,0.0,1,0.4261997,0.4261997,1.0009047,0.0,0.09979191,0.0,0.0,0.0005979399,-26.584988,2.2020342,0.7340114,0.15200001,0.008,0.15405583,4.6799965,4.6999965,755200
hardzero_plus_depr__c0p60__z1p00__lam0p020__nu0p50__psi0p75,hardzero_plus_depr,0.02,32,236,0.0,1,0.4261997,0.4261997,1.0583837,0.0,0.0874211,0.0,0.0,0.0005890378,-27.723331,2.3284907,0.7761636,0.128,0.0,0.1843885,4.6999965,4.7199965,758400
hardzero_plus_depr__c0p60__z1p00__lam0p020__nu0p50__psi0p75,hardzero_plus_depr,0.02,32,237,0.0,1,0.4261997,0.4261997,1.052908,0.0,0.088530324,0.0,0.0,0.0005802681,-27.833632,2.3164437,0.7721479,0.128,0.0,0.14152212,4.7199965,4.7399964,761600
hardzero_plus_depr__c0p60__z1p00__lam0p020__nu0p50__psi0p75,hardzero_plus_depr,0.02,32,238,0.0,1,0.4261997,0.4261997,1.0290421,0.0,0.093531504,0.0,0.0,0.000571629,-27.313013,2.263938,0.754646,0.17600001,0.008,0.16665342,4.7399964,4.7599964,764800
hardzero_plus_depr__c0p60__z1p00__lam0p020__nu0p50__psi0p75,hardzero_plus_depr,0.02,32,239,0.0,1,0.4261997,0.4261997,1.0288032,0.0,0.09358296,0.0,0.0,0.0005631186,-27.058796,2.2634122,0.75447077,0.14400001,0.0,0.16920957,4.7599964,4.7799964,768000
hardzero_plus_depr__c0p60__z1p00__lam0p020__nu0p50__psi0p75,hardzero_plus_depr,0.02,32,240,0.0,1,0.4261997,0.4261997,1.0215156,0.0,0.09516657,0.0,0.0,0.00055473496,-27.179739,2.2473793,0.74912643,0.17600001,0.0,0.152522,4.7799964,4.7999964,771200
hardzero_plus_depr__c0p60__z1p00__lam0p020__nu0p50__psi0p75,hardzero_plus_depr,0.02,32,241,0.0,1,0.4261997,0.4261997,1.0468701,0.0,0.089769736,0.0,0.0,0.00054647593,-27.215408,2.3031602,0.7677201,0.17600001,0.0,0.17832558,4.7999964,4.8199964,774400
hardzero_plus_depr__c0p60__z1p00__lam0p020__nu0p50__psi0p75,hardzero_plus_depr,0.02,32,242,0.0,1,0.4261997,0.42625824,0.96371776,0.1087132,0.1087132,1.0,5.8524653e-05,0.0005383399,-25.743862,2.1202214,0.7067405,0.18400002,0.0,0.14384034,4.8199964,4.8399963,777600
hardzero_plus_depr__c0p60__z1p00__lam0p020__nu0p50__psi0p75,hardzero_plus_depr,0.02,32,243,0.0,1,0.42625824,0.4263123,0.99170816,0.10192759,0.10192759,1.0,5.4054766e-05,0.00053032517,-26.434805,2.1818016,0.7272672,0.136,0.0,0.15687229,4.8399963,4.8599963,780800
hardzero_plus_depr__c0p60__z1p00__lam0p020__nu0p50__psi0p75,hardzero_plus_depr,0.02,32,244,0.0,1,0.4263123,0.4263123,1.1052121,0.0,0.07848523,0.0,0.0,0.0005224297,-29.277061,2.4315152,0.8105051,0.096,0.0,0.15744519,4.8599963,4.8799963,784000
hardzero_plus_depr__c0p60__z1p00__lam0p020__nu0p50__psi0p75,hardzero_plus_depr,0.02,32,245,0.0,1,0.4263123,0.4263123,1.0335,0.0,0.09257634,0.0,0.0,0.00051465165,-27.711824,2.2737453,0.75791514,0.120000005,0.0,0.16010088,4.8799963,4.8999963,787200
hardzero_plus_depr__c0p60__z1p00__lam0p020__nu0p50__psi0p75,hardzero_plus_depr,0.02,32,246,0.0,1,0.4263123,0.4263123,1.0509884,0.0,0.08892248,0.0,0.0,0.0005069895,-27.225424,2.3122208,0.7707403,0.096,0.0,0.14214432,4.8999963,4.9199963,790400
hardzero_plus_depr__c0p60__z1p00__lam0p020__nu0p50__psi0p75,hardzero_plus_depr,0.02,32,247,0.0,1,0.4263123,0.4263123,1.0766678,0.0,0.08381701,0.0,0.0,0.0004994414,-28.63713,2.3687165,0.7895722,0.089999996,0.0,0.1636065,4.9199963,4.9399962,793600
hardzero_plus_depr__c0p60__z1p00__lam0p020__nu0p50__psi0p75,hardzero_plus_depr,0.02,32,248,0.0,1,0.4263123,0.4263123,1.0529464,0.0,0.08852248,0.0,0.0,0.00049200584,-27.501797,2.3165283,0.77217615,0.15200001,0.0,0.19135258,4.9399962,4.959996,796800
hardzero_plus_depr__c0p60__z1p00__lam0p020__nu0p50__psi0p75,hardzero_plus_depr,0.02,32,249,0.0,1,0.4263123,0.4263123,1.0225405,0.0,0.09494225,0.0,0.0,0.0004846807,-28.176397,2.2496338,0.7498779,0.16800001,0.0,0.16464093,4.959996,4.979996,800000
hardzero_plus_depr__c0p60__z1p00__lam0p020__nu0p50__psi0p75,hardzero_plus_depr,0.02,32,250,0.0,1,0.4263123,0.4263123,1.0072802,0.0,0.09833763,0.0,0.0,0.00047746472,-27.34833,2.2160606,0.7386869,0.136,0.0,0.15351197,4.979996,4.999996,803200
hardzero_plus_depr__c0p60__z1p00__lam0p020__nu0p50__psi0p75,hardzero_plus_depr,0.02,32,251,0.0,1,0.4263123,0.42636275,0.9694185,0.10729549,0.10729549,1.0,5.0467104e-05,0.00047035626,-26.02778,2.1327634,0.71092117,0.16800001,0.0,0.13010612,4.999996,5.019996,806400
hardzero_plus_depr__c0p60__z1p00__lam0p020__nu0p50__psi0p75,hardzero_plus_depr,0.02,32,252,0.0,1,0.42636275,0.42636275,1.039905,0.0,0.091221035,0.0,0.0,0.00046335362,-27.543224,2.2878366,0.7626122,0.136,0.0,0.18890534,5.019996,5.039996,809600
hardzero_plus_depr__c0p60__z1p00__lam0p020__nu0p50__psi0p75,hardzero_plus_depr,0.02,32,253,0.0,1,0.42636275,0.42636275,1.0026627,0.0,0.09938878,0.0,0.0,0.00045645516,-26.876345,2.2059019,0.73530066,0.120000005,0.0,0.15992911,5.039996,5.059996,812800
hardzero_plus_depr__c0p60__z1p00__lam0p020__nu0p50__psi0p75,hardzero_plus_depr,0.02,32,254,0.0,1,0.42636275,0.42636275,1.0480754,0.0,0.08952093,0.0,0.0,0.0004496594,-27.915735,2.3058121,0.76860404,0.16800001,0.0,0.1877206,5.059996,5.079996,816000
hardzero_plus_depr__c0p60__z1p00__lam0p020__nu0p50__psi0p75,hardzero_plus_depr,0.02,32,255,0.0,1,0.42636275,0.42636275,1.0404311,0.0,0.09111058,0.0,0.0,0.00044296487,-27.980331,2.2889943,0.7629981,0.16000001,0.0,0.18021339,5.079996,5.099996,819200
hardzero_plus_depr__c0p60__z1p00__lam0p020__nu0p50__psi0p75,hardzero_plus_depr,0.02,32,256,0.0,1,0.42636275,0.42636275,1.0803157,0.0,0.083115935,0.0,0.0,0.00043637003,-28.146856,2.3767421,0.7922474,0.096,0.0,0.19062117,5.099996,5.119996,822400
hardzero_plus_depr__c0p60__z1p00__lam0p020__nu0p50__psi0p75,hardzero_plus_depr,0.02,32,257,0.0,1,0.42636275,0.42636275,1.0293958,0.0,0.09345535,0.0,0.0,0.00042987327,-26.801626,2.264716,0.75490534,0.18400002,0.008,0.15707947,5.119996,5.139996,825600
hardzero_plus_depr__c0p60__z1p00__lam0p020__nu0p50__psi0p75,hardzero_plus_depr,0.02,32,258,0.0,1,0.42636275,0.42636275,1.0302123,0.0,0.09327983,0.0,0.0,0.00042347325,-26.67791,2.2665124,0.75550413,0.18400002,0.0,0.14237982,5.139996,5.159996,828800
hardzero_plus_depr__c0p60__z1p00__lam0p020__nu0p50__psi0p75,hardzero_plus_depr,0.02,32,259,0.0,1,0.42636275,0.42640555,0.9888975,0.1025894,0.1025894,1.0,4.2797077e-05,0.0004171686,-26.480726,2.175618,0.725206,0.14400001,0.0,0.15800102,5.159996,5.179996,832000
hardzero_plus_depr__c0p60__z1p00__lam0p020__nu0p50__psi0p75,hardzero_plus_depr,0.02,32,260,0.0,1,0.42640555,0.42640555,1.0916286,0.0,0.08097882,0.0,0.0,0.00041095784,-28.281445,2.4016309,0.80054367,0.12,0.0,0.1935632,5.179996,5.199996,835200
hardzero_plus_depr__c0p60__z1p00__lam0p020__nu0p50__psi0p75,hardzero_plus_depr,0.02,32,261,0.0,1,0.42640555,0.42640555,1.0225431,0.0,0.09494168,0.0,0.0,0.00040483946,-26.226822,2.2496397,0.74987996,0.128,0.0,0.14219628,5.199996,5.219996,838400
hardzero_plus_depr__c0p60__z1p00__lam0p020__nu0p50__psi0p75,hardzero_plus_depr,0.02,32,262,0.0,1,0.42640555,0.42640555,1.0115013,0.0,0.09738647,0.0,0.0,0.0003988121,-26.844162,2.2253473,0.7417824,0.18400002,0.0,0.16992077,5.219996,5.239996,841600
hardzero_plus_depr__c0p60__z1p00__lam0p020__nu0p50__psi0p75,hardzero_plus_depr,0.02,32,263,0.0,1,0.42640555,0.42640555,1.0633309,0.0,0.08643092,0.0,0.0,0.00039287464,-28.393463,2.3393748,0.7797916,0.120000005,0.0,0.1790346,5.239996,5.259996,844800
hardzero_plus_depr__c0p60__z1p00__lam0p020__nu0p50__psi0p75,hardzero_plus_depr,0.02,32,264,0.0,1,0.42640555,0.42640555,1.0641447,0.0,0.0862691,0.0,0.0,0.00038702553,-27.938002,2.341165,0.78038836,0.15200001,0.0,0.14499648,5.259996,5.279996,848000
hardzero_plus_depr__c0p60__z1p00__lam0p020__nu0p50__psi0p75,hardzero_plus_depr,0.02,32,265,0.0,1,0.42640555,0.42640555,1.0250576,0.0,0.09439358,0.0,0.0,0.00038126344,-26.703156,2.2551718,0.75172395,0.18400002,0.0,0.13950267,5.279996,5.299996,851200
hardzero_plus_depr__c0p60__z1p00__lam0p020__nu0p50__psi0p75,hardzero_plus_depr,0.02,32,266,0.0,1,0.42640555,0.42644358,0.9947438,0.101217635,0.101217635,1.0,3.801604e-05,0.00037558714,-27.507217,2.1884801,0.7294934,0.096,0.0,0.16023989,5.299996,5.319996,854400
hardzero_plus_depr__c0p60__z1p00__lam0p020__nu0p50__psi0p75,hardzero_plus_depr,0.02,32,267,0.0,1,0.42644358,0.42644358,1.0821451,0.0,0.08276656,0.0,0.0,0.00036999542,-28.546469,2.3807666,0.7935889,0.136,0.0,0.17478251,5.319996,5.339996,857600
hardzero_plus_depr__c0p60__z1p00__lam0p020__nu0p50__psi0p75,hardzero_plus_depr,0.02,32,268,0.0,1,0.42644358,0.42644358,1.0037713,0.0,0.09913539,0.0,0.0,0.00036448694,-27.490677,2.208341,0.73611367,0.192,0.0,0.1844068,5.339996,5.359996,860800
hardzero_plus_depr__c0p60__z1p00__lam0p020__nu0p50__psi0p75,hardzero_plus_depr,0.02,32,269,0.0,1,0.42644358,0.42644358,1.033988,0.0,0.092472374,0.0,0.0,0.00035906053,-26.95263,2.2748191,0.75827307,0.08800001,0.0,0.15961923,5.359996,5.379996,864000
hardzero_plus_depr__c0p60__z1p00__lam0p020__nu0p50__psi0p75,hardzero_plus_depr,0.02,32,270,0.0,1,0.42644358,0.42644358,1.0476936,0.0,0.089599654,0.0,0.0,0.00035371463,-27.341255,2.304972,0.768324,0.14400001,0.0,0.15437225,5.379996,5.399996,867200
hardzero_plus_depr__c0p60__z1p00__lam0p020__nu0p50__psi0p75,hardzero_plus_depr,0.02,32,271,0.0,1,0.42644358,0.42644358,1.0687068,0.0,0.085367635,0.0,0.0,0.00034844855,-27.987099,2.3512018,0.78373396,0.15200001,0.0,0.17621094,5.399996,5.419996,870400
hardzero_plus_depr__c0p60__z1p00__lam0p020__nu0p50__psi0p75,hardzero_plus_depr,0.02,32,272,0.0,1,0.42644358,0.42644358,1.0068645,0.0,0.0984318,0.0,0.0,0.00034326088,-26.595064,2.2151463,0.7383821,0.16800001,0.0,0.1328902,5.419996,5.439996,873600
hardzero_plus_depr__c0p60__z1p00__lam0p020__nu0p50__psi0p75,hardzero_plus_depr,0.02,32,273,0.0,1,0.42644358,0.42644358,1.028427,0.0,0.09366405,0.0,0.0,0.0003381503,-27.36357,2.2625847,0.7541949,0.089999996,0.0,0.15097384,5.439996,5.4599957,876800
hardzero_plus_depr__c0p60__z1p00__lam0p020__nu0p50__psi0p75,hardzero_plus_depr,0.02,32,274,0.0,1,0.42644358,0.42647856,0.9787237,0.10502103,0.10502103,1.0,3.4984183e-05,0.00033311598,-26.769073,2.1532352,0.71774507,0.15200001,0.0,0.15821335,5.4599957,5.4799957,880000
hardzero_plus_depr__c0p60__z1p00__lam0p020__nu0p50__psi0p75,hardzero_plus_depr,0.02,32,275,0.0,1,0.42647856,0.42647856,1.0356153,0.0,0.09212651,0.0,0.0,0.00032815654,-27.067162,2.2783992,0.7594664,0.128,0.0,0.16169491,5.4799957,5.4999957,883200
hardzero_plus_depr__c0p60__z1p00__lam0p020__nu0p50__psi0p75,hardzero_plus_depr,0.02,32,276,0.0,1,0.42647856,0.42651325,0.9694842,0.10727927,0.10727927,1.0,3.4680274e-05,0.00032327097,-26.324171,2.1329079,0.7109693,0.216,0.0,0.1499257,5.4999957,5.5199957,886400
hardzero_plus_depr__c0p60__z1p00__lam0p020__nu0p50__psi0p75,hardzero_plus_depr,0.02,32,277,0.0,1,0.42651325,0.42651325,1.0434566,0.0,0.0904781,0.0,0.0,0.0003184581,-27.294813,2.2956502,0.76521677,0.096,0.0,0.14261949,5.5199957,5.5399957,889600
hardzero_plus_depr__c0p60__z1p00__lam0p020__nu0p50__psi0p75,hardzero_plus_depr,0.02,32,278,0.0,1,0.42651325,0.42651325,1.0176096,0.0,0.09602634,0.0,0.0,0.0003137168,-27.185978,2.2387857,0.74626195,0.15200001,0.0,0.13599981,5.5399957,5.5599957,892800
hardzero_plus_depr__c0p60__z1p00__lam0p020__nu0p50__psi0p75,hardzero_plus_depr,0.02,32,279,0.0,1,0.42651325,0.42651325,1.0279101,0.0,0.0937756,0.0,0.0,0.0003090462,-27.078375,2.2614474,0.7538158,0.136,0.0,0.15871555,5.5599957,5.5799956,896000
hardzero_plus_depr__c0p60__z1p00__lam0p020__nu0p50__psi0p75,hardzero_plus_depr,0.02,32,280,0.0,1,0.42651325,0.42651325,1.0565948,0.0,0.08778194,0.0,0.0,0.00030444516,-28.369148,2.3245552,0.77485174,0.136,0.0,0.17464498,5.5799956,5.5999956,899200
hardzero_plus_depr__c0p60__z1p00__lam0p020__nu0p50__psi0p75,hardzero_plus_depr,0.02,32,281,0.0,1,0.42651325,0.42651325,1.0611243,0.0,0.08687116,0.0,0.0,0.00029991247,-27.464254,2.33452,0.7781734,0.15200001,0.0,0.16250758,5.5999956,5.6199956,902400
hardzero_plus_depr__c0p60__z1p00__lam0p020__nu0p50__psi0p75,hardzero_plus_depr,0.02,32,282,0.0,1,0.42651325,0.42651325,1.0614047,0.0,0.0868151,0.0,0.0,0.00029544736,-27.938158,2.335137,0.77837896,0.16800001,0.0,0.15886958,5.6199956,5.6399956,905600
hardzero_plus_depr__c0p60__z1p00__lam0p020__nu0p50__psi0p75,hardzero_plus_depr,0.02,32,283,0.0,1,0.42651325,0.42651325,1.0776819,0.0,0.083621524,0.0,0.0,0.00029104878,-27.449474,2.3709476,0.79031587,0.08800001,0.0,0.13776535,5.6399956,5.6599956,908800
hardzero_plus_depr__c0p60__z1p00__lam0p020__nu0p50__psi0p75,hardzero_plus_depr,0.02,32,284,0.0,1,0.42651325,0.42651325,1.0456178,0.0,0.09002896,0.0,0.0,0.00028671566,-28.205154,2.300405,0.7668017,0.18400002,0.0,0.15552269,5.6599956,5.6799955,912000
hardzero_plus_depr__c0p60__z1p00__lam0p020__nu0p50__psi0p75,hardzero_plus_depr,0.02,32,285,0.0,1,0.42651325,0.42654195,0.99299246,0.10162663,0.10162663,1.0,2.8704142e-05,0.00028244706,-26.646372,2.184627,0.728209,0.2,0.0,0.14491487,5.6799955,5.6999955,915200
hardzero_plus_depr__c0p60__z1p00__lam0p020__nu0p50__psi0p75,hardzero_plus_depr,0.02,32,286,0.0,1,0.42654195,0.42654195,1.0591676,0.0,0.08726344,0.0,0.0,0.0002782419,-27.498991,2.3302152,0.7767384,0.22,0.0,0.16976042,5.6999955,5.7199955,918400
hardzero_plus_depr__c0p60__z1p00__lam0p020__nu0p50__psi0p75,hardzero_plus_depr,0.02,32,287,0.0,1,0.42654195,0.42657056,0.98160106,0.10432752,0.10432752,1.0,2.8596112e-05,0.0002740994,-26.407303,2.1595654,0.7198552,0.18400002,0.0,0.18006474,5.7199955,5.7399955,921600
hardzero_plus_depr__c0p60__z1p00__lam0p020__nu0p50__psi0p75,hardzero_plus_depr,0.02,32,288,0.0,1,0.42657056,0.42657056,1.0392431,0.0,0.09136016,0.0,0.0,0.00027001867,-27.248507,2.2863805,0.76212686,0.17600001,0.0,0.14140312,5.7399955,5.7599955,924800
hardzero_plus_depr__c0p60__z1p00__lam0p020__nu0p50__psi0p75,hardzero_plus_depr,0.02,32,289,0.0,1,0.42657056,0.42657056,1.0448217,0.0,0.09019412,0.0,0.0,0.0002659985,-27.481747,2.2986538,0.76621795,0.24800001,0.008,0.19943988,5.7599955,5.7799954,928000
hardzero_plus_depr__c0p60__z1p00__lam0p020__nu0p50__psi0p75,hardzero_plus_depr,0.02,32,290,0.0,1,0.42657056,0.42659712,0.9944421,0.10128798,0.10128798,1.0,2.6541336e-05,0.00026203835,-25.963638,2.1878164,0.7292721,0.15200001,0.0,0.14480424,5.7799954,5.7999954,931200
hardzero_plus_depr__c0p60__z1p00__lam0p020__nu0p50__psi0p75,hardzero_plus_depr,0.02,32,291,0.0,1,0.42659712,0.42659712,1.0236795,0.0,0.09469358,0.0,0.0,0.00025813715,-27.309282,2.2521398,0.7507133,0.16800001,0.0,0.15848225,5.7999954,5.8199954,934400
hardzero_plus_depr__c0p60__z1p00__lam0p020__nu0p50__psi0p75,hardzero_plus_depr,0.02,32,292,0.0,1,0.42659712,0.42659712,1.0720174,0.0,0.08471933,0.0,0.0,0.00025429402,-27.42454,2.3584855,0.78616184,0.208,0.0,0.16087192,5.8199954,5.8399954,937600
hardzero_plus_depr__c0p60__z1p00__lam0p020__nu0p50__psi0p75,hardzero_plus_depr,0.02,32,293,0.0,1,0.42659712,0.42659712,1.0516477,0.0,0.0887876,0.0,0.0,0.0002505081,-26.84252,2.313671,0.7712237,0.120000005,0.0,0.14971726,5.8399954,5.8599954,940800
hardzero_plus_depr__c0p60__z1p00__lam0p020__nu0p50__psi0p75,hardzero_plus_depr,0.02,32,294,0.0,1,0.42659712,0.42659712,1.0211958,0.0,0.09523668,0.0,0.0,0.00024677845,-27.298239,2.2466755,0.74889183,0.16000001,0.0,0.17079465,5.8599954,5.8799953,944000
hardzero_plus_depr__c0p60__z1p00__lam0p020__nu0p50__psi0p75,hardzero_plus_depr,0.02,32,295,0.0,1,0.42659712,0.42659712,1.0412832,0.0,0.090932,0.0,0.0,0.00024310441,-27.781582,2.290869,0.763623,0.136,0.0,0.17608008,5.8799953,5.8999953,947200
hardzero_plus_depr__c0p60__z1p00__lam0p020__nu0p50__psi0p75,hardzero_plus_depr,0.02,32,296,0.0,1,0.42659712,0.42659712,1.033298,0.0,0.09261939,0.0,0.0,0.0002394851,-27.35892,2.2733011,0.7577671,0.08800001,0.0,0.17387666,5.8999953,5.9199953,950400
hardzero_plus_depr__c0p60__z1p00__lam0p020__nu0p50__psi0p75,hardzero_plus_depr,0.02,32,297,0.0,1,0.42659712,0.42659712,1.0847836,0.0,0.08226524,0.0,0.0,0.00023591955,-28.280989,2.3865714,0.7955238,0.128,0.0,0.14941938,5.9199953,5.9399953,953600
hardzero_plus_depr__c0p60__z1p00__lam0p020__nu0p50__psi0p75,hardzero_plus_depr,0.02,32,298,0.0,1,0.42659712,0.42659712,1.0066901,0.0,0.098471336,0.0,0.0,0.00023240718,-27.13082,2.2147624,0.7382542,0.18400002,0.0,0.16174571,5.9399953,5.9599953,956800
hardzero_plus_depr__c0p60__z1p00__lam0p020__nu0p50__psi0p75,hardzero_plus_depr,0.02,32,299,0.0,1,0.42659712,0.42659712,1.0273104,0.0,0.09390518,0.0,0.0,0.00022894713,-26.923708,2.260128,0.753376,0.08,0.0,0.15444952,5.9599953,5.9799953,960000
hardzero_plus_depr__c0p60__z1p00__lam0p020__nu0p50__psi0p75,hardzero_plus_depr,0.02,32,300,0.0,1,0.42659712,0.42659712,1.050148,0.0,0.08909471,0.0,0.0,0.00022553856,-28.25472,2.3103719,0.77012396,0.120000005,0.0,0.15883172,5.9799953,5.999995,963200
hardzero_plus_depr__c0p60__z1p00__lam0p020__nu0p50__psi0p75,hardzero_plus_depr,0.02,32,301,0.0,1,0.42659712,0.426621,0.9689882,0.10740186,0.10740186,1.0,2.3862629e-05,0.00022218078,-25.193218,2.1318166,0.71060556,0.16800001,0.0,0.13752179,5.999995,6.019995,966400
hardzero_plus_depr__c0p60__z1p00__lam0p020__nu0p50__psi0p75,hardzero_plus_depr,0.02,32,302,0.0,1,0.426621,0.426621,1.0123389,0.0,0.09719884,0.0,0.0,0.00021887285,-27.399393,2.22719,0.7423967,0.14400001,0.0,0.14203878,6.019995,6.039995,969600
hardzero_plus_depr__c0p60__z1p00__lam0p020__nu0p50__psi0p75,hardzero_plus_depr,0.02,32,303,0.0,1,0.426621,0.426621,1.0831127,0.0,0.08258236,0.0,0.0,0.0002156143,-28.919857,2.3828955,0.7942985,0.14400001,0.0,0.17681652,6.039995,6.059995,972800
hardzero_plus_depr__c0p60__z1p00__lam0p020__nu0p50__psi0p75,hardzero_plus_depr,0.02,32,304,0.0,1,0.426621,0.42664275,0.98980594,0.10237504,0.10237504,1.0,2.1744892e-05,0.00021240424,-26.240871,2.1776166,0.7258722,0.136,0.0,0.18609643,6.059995,6.079995,976000
hardzero_plus_depr__c0p60__z1p00__lam0p020__nu0p50__psi0p75,hardzero_plus_depr,0.02,32,305,0.0,1,0.42664275,0.42664275,1.1182911,0.0,0.07615683,0.0,0.0,0.00020924187,-29.075344,2.4602897,0.8200966,0.120000005,0.0,0.18504442,6.079995,6.099995,979200
hardzero_plus_depr__c0p60__z1p00__lam0p020__nu0p50__psi0p75,hardzero_plus_depr,0.02,32,306,0.0,1,0.42664275,0.42664275,1.06635,0.0,0.085832156,0.0,0.0,0.00020612672,-27.812399,2.346017,0.78200567,0.112,0.0,0.14580338,6.099995,6.119995,982400
hardzero_plus_depr__c0p60__z1p00__lam0p020__nu0p50__psi0p75,hardzero_plus_depr,0.02,32,307,0.0,1,0.42664275,0.42664275,1.0431938,0.0,0.09053284,0.0,0.0,0.00020305789,-26.595497,2.2950723,0.7650241,0.16000001,0.0,0.1463073,6.119995,6.139995,985600
hardzero_plus_depr__c0p60__z1p00__lam0p020__nu0p50__psi0p75,hardzero_plus_depr,0.02,32,308,0.0,1,0.42664275,0.42666385,0.9766181,0.10553144,0.10553144,1.0,2.1109961e-05,0.0002000348,-26.007673,2.1486027,0.71620095,0.08800001,0.0,0.13697833,6.139995,6.159995,988800
hardzero_plus_depr__c0p60__z1p00__lam0p020__nu0p50__psi0p75,hardzero_plus_depr,0.02,32,309,0.0,1,0.42666385,0.42666385,1.0792894,0.0,0.08331257,0.0,0.0,0.0001970567,-28.166044,2.374484,0.7914947,0.2,0.0,0.17211874,6.159995,6.179995,992000
hardzero_plus_depr__c0p60__z1p00__lam0p020__nu0p50__psi0p75,hardzero_plus_depr,0.02,32,310,0.0,1,0.42666385,0.42666385,1.0500864,0.0,0.08910738,0.0,0.0,0.00019412283,-27.128014,2.3102362,0.7700788,0.128,0.0,0.14467238,6.179995,6.199995,995200
hardzero_plus_depr__c0p60__z1p00__lam0p020__nu0p50__psi0p75,hardzero_plus_depr,0.02,32,311,0.0,1,0.42666385,0.42666385,1.0607941,0.0,0.08693724,0.0,0.0,0.00019123274,-27.503132,2.3337936,0.7779312,0.136,0.0,0.18601017,6.199995,6.219995,998400
hardzero_plus_depr__c0p60__z1p00__lam0p020__nu0p50__psi0p75,hardzero_plus_depr,0.02,32,312,0.0,1,0.42666385,0.42666385,1.0790515,0.0,0.083358236,0.0,0.0,0.00018838569,-27.73612,2.3739607,0.79132026,0.14,0.0,0.17393589,6.219995,6.239995,1001600
hardzero_plus_depr__c0p60__z1p00__lam0p020__nu0p50__psi0p75,hardzero_plus_depr,0.02,32,313,0.0,1,0.42666385,0.42666385,1.1193094,0.0,0.075978465,0.0,0.0,0.00018558092,-29.095264,2.46253,0.82084334,0.17600001,0.0,0.17657383,6.239995,6.259995,1004800
hardzero_plus_depr__c0p60__z1p00__lam0p020__nu0p50__psi0p75,hardzero_plus_depr,0.02,32,314,0.0,1,0.42666385,0.42666385,1.0030409,0.0,0.09930226,0.0,0.0,0.000182818,-26.899433,2.2067342,0.73557806,0.16800001,0.0,0.1605938,6.259995,6.279995,1008000
hardzero_plus_depr__c0p60__z1p00__lam0p020__nu0p50__psi0p75,hardzero_plus_depr,0.02,32,315,0.0,1,0.42666385,0.42666385,1.0522374,0.0,0.088667125,0.0,0.0,0.00018009623,-27.50212,2.3149686,0.7716562,0.16000001,0.0,0.18385738,6.279995,6.299995,1011200
hardzero_plus_depr__c0p60__z1p00__lam0p020__nu0p50__psi0p75,hardzero_plus_depr,0.02,32,316,0.0,1,0.42666385,0.42666385,1.0027088,0.0,0.09937821,0.0,0.0,0.00017741497,-25.901442,2.2060034,0.7353345,0.18400002,0.0,0.14346217,6.299995,6.319995,1014400
hardzero_plus_depr__c0p60__z1p00__lam0p020__nu0p50__psi0p75,hardzero_plus_depr,0.02,32,317,0.0,1,0.42666385,0.42666385,1.0022315,0.0,0.0994875,0.0,0.0,0.00017477362,-27.177942,2.2049532,0.7349844,0.224,0.0,0.14815754,6.319995,6.339995,1017600
hardzero_plus_depr__c0p60__z1p00__lam0p020__nu0p50__psi0p75,hardzero_plus_depr,0.02,32,318,0.0,1,0.42666385,0.42666385,1.016199,0.0,0.09633874,0.0,0.0,0.00017217151,-26.209627,2.2356825,0.7452275,0.17600001,0.0,0.14673962,6.339995,6.359995,1020800
hardzero_plus_depr__c0p60__z1p00__lam0p020__nu0p50__psi0p75,hardzero_plus_depr,0.02,32,319,0.0,1,0.42666385,0.42666385,1.0337739,0.0,0.09251796,0.0,0.0,0.00016960825,-26.906506,2.274348,0.758116,0.112,0.0,0.15517716,6.359995,6.379995,1024000
hardzero_plus_depr__c0p60__z1p00__lam0p020__nu0p50__psi0p75,hardzero_plus_depr,0.02,32,320,0.0,1,0.42666385,0.42666385,1.0554394,0.0,0.0880158,0.0,0.0,0.00016708313,-27.469023,2.322013,0.77400434,0.128,0.0,0.15847468,6.379995,6.399995,1027200
hardzero_plus_depr__c0p60__z1p00__lam0p020__nu0p50__psi0p75,hardzero_plus_depr,0.02,32,321,0.0,1,0.42666385,0.42666385,1.0152147,0.0,0.09655735,0.0,0.0,0.00016459553,-27.006655,2.233517,0.74450564,0.128,0.0,0.13280818,6.399995,6.419995,1030400
hardzero_plus_depr__c0p60__z1p00__lam0p020__nu0p50__psi0p75,hardzero_plus_depr,0.02,32,322,0.0,1,0.42666385,0.42666385,1.1001294,0.0,0.07940915,0.0,0.0,0.00016214505,-28.672373,2.420333,0.80677766,0.14400001,0.0,0.19671252,6.419995,6.439995,1033600
hardzero_plus_depr__c0p60__z1p00__lam0p020__nu0p50__psi0p75,hardzero_plus_depr,0.02,32,323,0.0,1,0.42666385,0.42666385,1.0272394,0.0,0.09392052,0.0,0.0,0.00015973103,-27.064968,2.2599719,0.753324,0.16000001,0.0,0.14223178,6.439995,6.459995,1036800
hardzero_plus_depr__c0p60__z1p00__lam0p020__nu0p50__psi0p75,hardzero_plus_depr,0.02,32,324,0.0,1,0.42666385,0.42666385,1.0181913,0.0,0.09589781,0.0,0.0,0.00015735297,-26.751724,2.2400656,0.74668854,0.14400001,0.0,0.14546898,6.459995,6.479995,1040000
hardzero_plus_depr__c0p60__z1p00__lam0p020__nu0p50__psi0p75,hardzero_plus_depr,0.02,32,325,0.0,1,0.42666385,0.42666385,1.0556322,0.0,0.08797671,0.0,0.0,0.0001550103,-27.47195,2.3224373,0.7741458,0.12,0.0,0.17158662,6.479995,6.4999948,1043200
hardzero_plus_depr__c0p60__z1p00__lam0p020__nu0p50__psi0p75,hardzero_plus_depr,0.02,32,326,0.0,1,0.42666385,0.42666385,1.0237863,0.0,0.09467028,0.0,0.0,0.00015270246,-27.668577,2.252375,0.75079167,0.136,0.0,0.163931,6.4999948,6.5199947,1046400
hardzero_plus_depr__c0p60__z1p00__lam0p020__nu0p50__psi0p75,hardzero_plus_depr,0.02,32,327,0.0,1,0.42666385,0.42666385,1.0638119,0.0,0.086335234,0.0,0.0,0.00015042904,-27.951778,2.340433,0.78014433,0.128,0.0,0.16533591,6.5199947,6.5399947,1049600
hardzero_plus_depr__c0p60__z1p00__lam0p020__nu0p50__psi0p75,hardzero_plus_depr,0.02,32,328,0.0,1,0.42666385,0.42666385,1.0612714,0.0,0.08684173,0.0,0.0,0.00014818946,-28.065256,2.3348436,0.7782812,0.112,0.0,0.15728736,6.5399947,6.5599947,1052800
hardzero_plus_depr__c0p60__z1p00__lam0p020__nu0p50__psi0p75,hardzero_plus_depr,0.02,32,329,0.0,1,0.42666385,0.42667878,0.990194,0.102283604,0.102283604,1.0,1.4931683e-05,0.00014598315,-26.706627,2.1784704,0.72615683,0.224,0.0,0.1596324,6.5599947,6.5799947,1056000
hardzero_plus_depr__c0p60__z1p00__lam0p020__nu0p50__psi0p75,hardzero_plus_depr,0.02,32,330,0.0,1,0.42667878,0.42667878,1.0116079,0.0,0.097362585,0.0,0.0,0.00014380977,-26.661999,2.225582,0.7418606,0.136,0.0,0.1849801,6.5799947,6.5999947,1059200
hardzero_plus_depr__c0p60__z1p00__lam0p020__nu0p50__psi0p75,hardzero_plus_depr,0.02,32,331,0.0,1,0.42667878,0.42667878,1.0010844,0.0,0.099750616,0.0,0.0,0.00014166873,-27.392544,2.2024298,0.73414326,0.18400002,0.0,0.17443778,6.5999947,6.6199946,1062400
hardzero_plus_depr__c0p60__z1p00__lam0p020__nu0p50__psi0p75,hardzero_plus_depr,0.02,32,332,0.0,1,0.42667878,0.42667878,1.0287697,0.0,0.09359016,0.0,0.0,0.00013955959,-27.626717,2.2633386,0.7544462,0.16800001,0.0,0.17466132,6.6199946,6.6399946,1065600
hardzero_plus_depr__c0p60__z1p00__lam0p020__nu0p50__psi0p75,hardzero_plus_depr,0.02,32,333,0.0,1,0.42667878,0.42669344,0.9718336,0.10670049,0.10670049,1.0,1.4669379e-05,0.00013748184,-26.811876,2.1380765,0.7126922,0.18400002,0.0,0.1449304,6.6399946,6.6599946,1068800
hardzero_plus_depr__c0p60__z1p00__lam0p020__nu0p50__psi0p75,hardzero_plus_depr,0.02,32,334,0.0,1,0.42669344,0.42669344,1.0256873,0.0,0.09425678,0.0,0.0,0.00013543495,-27.305275,2.2565572,0.75218576,0.216,0.0,0.18488571,6.6599946,6.6799946,1072000
hardzero_plus_depr__c0p60__z1p00__lam0p020__nu0p50__psi0p75,hardzero_plus_depr,0.02,32,335,0.0,1,0.42669344,0.42669344,1.0485837,0.0,0.08941621,0.0,0.0,0.00013341861,-27.506302,2.3069303,0.7689768,0.192,0.0,0.1713372,6.6799946,6.6999946,1075200
hardzero_plus_depr__c0p60__z1p00__lam0p020__nu0p50__psi0p75,hardzero_plus_depr,0.02,32,336,0.0,1,0.42669344,0.42669344,1.0368663,0.0,0.09186154,0.0,0.0,0.00013143227,-26.993214,2.2811515,0.76038384,0.18400002,0.0,0.1475318,6.6999946,6.7199945,1078400
hardzero_plus_depr__c0p60__z1p00__lam0p020__nu0p50__psi0p75,hardzero_plus_depr,0.02,32,337,0.0,1,0.42669344,0.42669344,1.0867195,0.0,0.081899345,0.0,0.0,0.00012947546,-28.907824,2.3908308,0.7969436,0.17600001,0.0,0.18655482,6.7199945,6.7399945,1081600
hardzero_plus_depr__c0p60__z1p00__lam0p020__nu0p50__psi0p75,hardzero_plus_depr,0.02,32,338,0.0,1,0.42669344,0.42670688,0.9767833,0.10549131,0.10549131,1.0,1.3455189e-05,0.00012754784,-26.709822,2.148966,0.71632206,0.29,0.0,0.12739214,6.7399945,6.7599945,1084800
hardzero_plus_depr__c0p60__z1p00__lam0p020__nu0p50__psi0p75,hardzero_plus_depr,0.02,32,339,0.0,1,0.42670688,0.42670688,1.0140569,0.0,0.096815094,0.0,0.0,0.00012564892,-27.6628,2.2309697,0.7436566,0.18400002,0.0,0.14504205,6.7599945,6.7799945,1088000
hardzero_plus_depr__c0p60__z1p00__lam0p020__nu0p50__psi0p75,hardzero_plus_depr,0.02,32,340,0.0,1,0.42670688,0.42670688,1.0024315,0.0,0.099441685,0.0,0.0,0.00012377826,-26.344425,2.2053933,0.73513114,0.14400001,0.0,0.12586121,6.7799945,6.7999945,1091200
hardzero_plus_depr__c0p60__z1p00__lam0p020__nu0p50__psi0p75,hardzero_plus_depr,0.02,32,341,0.0,1,0.42670688,0.42670688,1.0455899,0.0,0.09003472,0.0,0.0,0.00012193547,-27.791391,2.3003438,0.7667813,0.14400001,0.0,0.18646353,6.7999945,6.8199944,1094400
hardzero_plus_depr__c0p60__z1p00__lam0p020__nu0p50__psi0p75,hardzero_plus_depr,0.02,32,342,0.0,1,0.42670688,0.42671904,0.99474156,0.101218164,0.101218164,1.0,1.215833e-05,0.000120120036,-27.241823,2.1884751,0.7294917,0.17600001,0.0,0.15930858,6.8199944,6.8399944,1097600
hardzero_plus_depr__c0p60__z1p00__lam0p020__nu0p50__psi0p75,hardzero_plus_depr,0.02,32,343,0.0,1,0.42671904,0.42671904,1.0364189,0.0,0.09195623,0.0,0.0,0.0001183317,-27.951984,2.280167,0.7600557,0.136,0.0,0.1715144,6.8399944,6.8599944,1100800
hardzero_plus_depr__c0p60__z1p00__lam0p020__nu0p50__psi0p75,hardzero_plus_depr,0.02,32,344,0.0,1,0.42671904,0.42673075,0.99788624,0.100487895,0.100487895,1.0,1.17138725e-05,0.00011656999,-26.917404,2.1953936,0.7317979,0.208,0.0,0.14676982,6.8599944,6.8799944,1104000
hardzero_plus_depr__c0p60__z1p00__lam0p020__nu0p50__psi0p75,hardzero_plus_depr,0.02,32,345,0.0,1,0.42673075,0.42674243,0.9924429,0.1017553,0.1017553,1.0,1.1685013e-05,0.000114834445,-26.067907,2.183418,0.72780603,0.18400002,0.0,0.173222,6.8799944,6.8999944,1107200
hardzero_plus_depr__c0p60__z1p00__lam0p020__nu0p50__psi0p75,hardzero_plus_depr,0.02,32,346,0.0,1,0.42674243,0.42674243,1.0509858,0.0,0.088923015,0.0,0.0,0.0001131248,-27.750547,2.3122149,0.7707383,0.16800001,0.0,0.1716468,6.8999944,6.9199944,1110400
hardzero_plus_depr__c0p60__z1p00__lam0p020__nu0p50__psi0p75,hardzero_plus_depr,0.02,32,347,0.0,1,0.42674243,0.42674243,1.0311522,0.0,0.09307816,0.0,0.0,0.000111440604,-27.237118,2.2685802,0.7561934,0.16000001,0.0,0.17340052,6.9199944,6.9399943,1113600
hardzero_plus_depr__c0p60__z1p00__lam0p020__nu0p50__psi0p75,hardzero_plus_depr,0.02,32,348,0.0,1,0.42674243,0.42674243,1.0646594,0.0,0.08616694,0.0,0.0,0.00010978149,-27.384727,2.3422973,0.7807658,0.128,0.0,0.20225137,6.9399943,6.9599943,1116800
hardzero_plus_depr__c0p60__z1p00__lam0p020__nu0p50__psi0p75,hardzero_plus_depr,0.02,32,349,0.0,1,0.42674243,0.42674243,1.0279804,0.0,0.093760416,0.0,0.0,0.00010814708,-27.153904,2.2616022,0.7538674,0.136,0.0,0.14369492,6.9599943,6.9799943,1120000
hardzero_plus_depr__c0p60__z1p00__lam0p020__nu0p50__psi0p75,hardzero_plus_depr,0.02,32,350,0.0,1,0.42674243,0.42674243,1.0598853,0.0,0.08711938,0.0,0.0,0.00010653693,-26.595732,2.331794,0.7772647,0.128,0.0,0.1352003,6.9799943,6.9999943,1123200
hardzero_plus_depr__c0p60__z1p00__lam0p020__nu0p50__psi0p75,hardzero_plus_depr,0.02,32,351,0.0,1,0.42674243,0.42674243,1.0227003,0.0,0.094907306,0.0,0.0,0.00010495082,-26.837717,2.2499857,0.74999523,0.17999999,0.0,0.1512295,6.9999943,7.0199943,1126400
hardzero_plus_depr__c0p60__z1p00__lam0p020__nu0p50__psi0p75,hardzero_plus_depr,0.02,32,352,0.0,1,0.42674243,0.42674243,1.0283073,0.0,0.09368987,0.0,0.0,0.00010338832,-27.982676,2.2623212,0.7541071,0.14400001,0.0,0.1620068,7.0199943,7.0399942,1129600
hardzero_plus_depr__c0p60__z1p00__lam0p020__nu0p50__psi0p75,hardzero_plus_depr,0.02,32,353,0.0,1,0.42674243,0.42674243,1.040648,0.0,0.0910651,0.0,0.0,0.00010184902,-27.976404,2.2894711,0.76315707,0.136,0.0,0.1583721,7.0399942,7.059994,1132800
hardzero_plus_depr__c0p60__z1p00__lam0p020__nu0p50__psi0p75,hardzero_plus_depr,0.02,32,354,0.0,1,0.42674243,0.42674243,1.0492195,0.0,0.08928541,0.0,0.0,0.00010033271,-27.711298,2.3083289,0.769443,0.16800001,0.0,0.17439893,7.059994,7.079994,1136000
hardzero_plus_depr__c0p60__z1p00__lam0p020__nu0p50__psi0p75,hardzero_plus_depr,0.02,32,355,0.0,1,0.42674243,0.42674243,1.045597,0.0,0.09003327,0.0,0.0,9.883897e-05,-28.011124,2.3003592,0.76678646,0.14400001,0.0,0.1472381,7.079994,7.099994,1139200
hardzero_plus_depr__c0p60__z1p00__lam0p020__nu0p50__psi0p75,hardzero_plus_depr,0.02,32,356,0.0,1,0.42674243,0.42674243,1.0523695,0.0,0.08864015,0.0,0.0,9.7367454e-05,-27.873856,2.315259,0.771753,0.15200001,0.0,0.16789979,7.099994,7.119994,1142400
hardzero_plus_depr__c0p60__z1p00__lam0p020__nu0p50__psi0p75,hardzero_plus_depr,0.02,32,357,0.0,1,0.42674243,0.4267523,0.9880576,0.10278798,0.10278798,1.0,9.859203e-06,9.591786e-05,-26.005898,2.1737702,0.72459006,0.128,0.0,0.13480492,7.119994,7.139994,1145600
hardzero_plus_depr__c0p60__z1p00__lam0p020__nu0p50__psi0p75,hardzero_plus_depr,0.02,32,358,0.0,1,0.4267523,0.4267523,1.042284,0.0,0.0907227,0.0,0.0,9.44898e-05,-27.342348,2.2930706,0.76435685,0.16000001,0.0,0.18352997,7.139994,7.159994,1148800
hardzero_plus_depr__c0p60__z1p00__lam0p020__nu0p50__psi0p75,hardzero_plus_depr,0.02,32,359,0.0,1,0.4267523,0.4267523,1.0195311,0.0,0.0956024,0.0,0.0,9.3083036e-05,-28.113693,2.2430134,0.7476711,0.14400001,0.0,0.20077123,7.159994,7.179994,1152000
hardzero_plus_depr__c0p60__z1p00__lam0p020__nu0p50__psi0p75,hardzero_plus_depr,0.02,32,360,0.0,1,0.4267523,0.42676166,0.99125814,0.10203328,0.10203328,1.0,9.356168e-06,9.169722e-05,-26.247093,2.1808114,0.7269372,0.272,0.008,0.15882427,7.179994,7.199994,1155200
hardzero_plus_depr__c0p60__z1p00__lam0p020__nu0p50__psi0p75,hardzero_plus_depr,0.02,32,361,0.0,1,0.42676166,0.4267707,0.99945587,0.100125365,0.100125365,1.0,9.044524e-06,9.033199e-05,-25.634335,2.1988468,0.73294896,0.14400001,0.0,0.1420264,7.199994,7.219994,1158400
hardzero_plus_depr__c0p60__z1p00__lam0p020__nu0p50__psi0p75,hardzero_plus_depr,0.02,32,362,0.0,1,0.4267707,0.4267707,1.0256236,0.0,0.09427063,0.0,0.0,8.8987144e-05,-27.444994,2.2564168,0.752139,0.16000001,0.0,0.16889755,7.219994,7.239994,1161600
hardzero_plus_depr__c0p60__z1p00__lam0p020__nu0p50__psi0p75,hardzero_plus_depr,0.02,32,363,0.0,1,0.4267707,0.4267707,1.0691388,0.0,0.08528276,0.0,0.0,8.76623e-05,-27.535938,2.3521523,0.7840508,0.15200001,0.0,0.16711374,7.239994,7.259994,1164800
hardzero_plus_depr__c0p60__z1p00__lam0p020__nu0p50__psi0p75,hardzero_plus_depr,0.02,32,364,0.0,1,0.4267707,0.4267707,1.0357044,0.0,0.092107624,0.0,0.0,8.635719e-05,-27.057991,2.2785952,0.75953174,0.17,0.0,0.15456161,7.259994,7.279994,1168000
hardzero_plus_depr__c0p60__z1p00__lam0p020__nu0p50__psi0p75,hardzero_plus_depr,0.02,32,365,0.0,1,0.4267707,0.4267707,1.0294453,0.0,0.093444705,0.0,0.0,8.507152e-05,-27.62674,2.2648249,0.75494164,0.17600001,0.0,0.17659383,7.279994,7.299994,1171200
hardzero_plus_depr__c0p60__z1p00__lam0p020__nu0p50__psi0p75,hardzero_plus_depr,0.02,32,366,0.0,1,0.4267707,0.42677906,0.9997363,0.100060746,0.100060746,1.0,8.385585e-06,8.380494e-05,-26.191954,2.1994638,0.73315465,0.120000005,0.0,0.14133136,7.299994,7.319994,1174400
hardzero_plus_depr__c0p60__z1p00__lam0p020__nu0p50__psi0p75,hardzero_plus_depr,0.02,32,367,0.0,1,0.42677906,0.42677906,1.0069928,0.0,0.09840273,0.0,0.0,8.255726e-05,-27.015783,2.2154284,0.73847616,0.192,0.0,0.17596538,7.319994,7.339994,1177600
hardzero_plus_depr__c0p60__z1p00__lam0p020__nu0p50__psi0p75,hardzero_plus_depr,0.02,32,368,0.0,1,0.42677906,0.42677906,1.0414312,0.0,0.090901025,0.0,0.0,8.1328144e-05,-26.699974,2.2911944,0.7637315,0.096,0.0,0.14636996,7.339994,7.359994,1180800
hardzero_plus_depr__c0p60__z1p00__lam0p020__nu0p50__psi0p75,hardzero_plus_depr,0.02,32,369,0.0,1,0.42677906,0.42677906,1.0218667,0.0,0.09508965,0.0,0.0,8.01173e-05,-27.43922,2.2481515,0.74938387,0.120000005,0.0,0.14762607,7.359994,7.379994,1184000
hardzero_plus_depr__c0p60__z1p00__lam0p020__nu0p50__psi0p75,hardzero_plus_depr,0.02,32,370,0.0,1,0.42677906,0.42677906,1.0019718,0.0,0.09954698,0.0,0.0,7.892452e-05,-25.86756,2.204382,0.734794,0.15200001,0.0,0.15341784,7.379994,7.399994,1187200
hardzero_plus_depr__c0p60__z1p00__lam0p020__nu0p50__psi0p75,hardzero_plus_depr,0.02,32,371,0.0,1,0.42677906,0.42677906,1.0628493,0.0,0.08652682,0.0,0.0,7.774949e-05,-28.051058,2.338315,0.7794384,0.16000001,0.0,0.21392408,7.399994,7.419994,1190400
hardzero_plus_depr__c0p60__z1p00__lam0p020__nu0p50__psi0p75,hardzero_plus_depr,0.02,32,372,0.0,1,0.42677906,0.42677906,1.0182614,0.0,0.095882334,0.0,0.0,7.659197e-05,-27.75975,2.2402198,0.74674,0.112,0.0,0.15728387,7.419994,7.439994,1193600
hardzero_plus_depr__c0p60__z1p00__lam0p020__nu0p50__psi0p75,hardzero_plus_depr,0.02,32,373,0.0,1,0.42677906,0.42677906,1.026144,0.0,0.09415773,0.0,0.0,7.545168e-05,-27.269506,2.257562,0.7525207,0.128,0.0,0.16872838,7.439994,7.459994,1196800
hardzero_plus_depr__c0p60__z1p00__lam0p020__nu0p50__psi0p75,hardzero_plus_depr,0.02,32,374,0.0,1,0.42677906,0.42677906,1.0886489,0.0,0.08153632,0.0,0.0,7.4328316e-05,-27.602354,2.3950756,0.79835856,0.136,0.0,0.14276254,7.459994,7.479994,1200000
hardzero_plus_depr__c0p60__z1p00__lam0p020__nu0p50__psi0p75,hardzero_plus_depr,0.02,32,375,0.0,1,0.42677906,0.42677906,1.06678,0.0,0.08574721,0.0,0.0,7.322172e-05,-27.991743,2.3469627,0.7823209,0.14400001,0.0,0.14619446,7.479994,7.499994,1203200
hardzero_plus_depr__c0p60__z1p00__lam0p020__nu0p50__psi0p75,hardzero_plus_depr,0.02,32,376,0.0,1,0.42677906,0.42677906,1.0349537,0.0,0.09226697,0.0,0.0,7.213161e-05,-27.386505,2.2769437,0.7589812,0.192,0.0,0.17185563,7.499994,7.519994,1206400
hardzero_plus_depr__c0p60__z1p00__lam0p020__nu0p50__psi0p75,hardzero_plus_depr,0.02,32,377,0.0,1,0.42677906,0.42678633,0.9900578,0.10231567,0.10231567,1.0,7.270314e-06,7.105768e-05,-26.236986,2.1781707,0.72605693,0.17999999,0.0,0.14504318,7.519994,7.539994,1209600
hardzero_plus_depr__c0p60__z1p00__lam0p020__nu0p50__psi0p75,hardzero_plus_depr,0.02,32,378,0.0,1,0.42678633,0.42678633,1.0060117,0.0,0.09862528,0.0,0.0,6.999978e-05,-26.368374,2.21327,0.73775667,0.16800001,0.0,0.14512785,7.539994,7.5599937,1212800
hardzero_plus_depr__c0p60__z1p00__lam0p020__nu0p50__psi0p75,hardzero_plus_depr,0.02,32,379,0.0,1,0.42678633,0.42678633,1.0559478,0.0,0.08791283,0.0,0.0,6.8957626e-05,-27.718956,2.3231316,0.7743772,0.136,0.0,0.1618542,7.5599937,7.5799937,1216000
hardzero_plus_depr__c0p60__z1p00__lam0p020__nu0p50__psi0p75,hardzero_plus_depr,0.02,32,380,0.0,1,0.42678633,0.42678633,1.0847683,0.0,0.08226815,0.0,0.0,6.7930996e-05,-28.175713,2.386538,0.7955127,0.136,0.0,0.15809286,7.5799937,7.5999937,1219200
hardzero_plus_depr__c0p60__z1p00__lam0p020__nu0p50__psi0p75,hardzero_plus_depr,0.02,32,381,0.0,1,0.42678633,0.42679343,0.9748739,0.105956115,0.105956115,1.0,7.0905458e-06,6.6919645e-05,-26.176859,2.1447654,0.71492183,0.216,0.0,0.13652945,7.5999937,7.6199937,1222400
hardzero_plus_depr__c0p60__z1p00__lam0p020__nu0p50__psi0p75,hardzero_plus_depr,0.02,32,382,0.0,1,0.42679343,0.42679343,1.0419515,0.0,0.09079219,0.0,0.0,6.592331e-05,-27.33698,2.292339,0.76411307,0.136,0.008,0.16432,7.6199937,7.6399937,1225600
hardzero_plus_depr__c0p60__z1p00__lam0p020__nu0p50__psi0p75,hardzero_plus_depr,0.02,32,383,0.0,1,0.42679343,0.42679995,0.99752355,0.100571856,0.100571856,1.0,6.5313225e-06,6.494185e-05,-27.156412,2.1945956,0.73153186,0.208,0.0,0.15074977,7.6399937,7.6599936,1228800
hardzero_plus_depr__c0p60__z1p00__lam0p020__nu0p50__psi0p75,hardzero_plus_depr,0.02,32,384,0.0,1,0.42679995,0.42679995,1.0349522,0.0,0.0922673,0.0,0.0,6.397501e-05,-27.685566,2.2769403,0.75898015,0.136,0.0,0.1586353,7.6599936,7.6799936,1232000
hardzero_plus_depr__c0p60__z1p00__lam0p020__nu0p50__psi0p75,hardzero_plus_depr,0.02,32,385,0.0,1,0.42679995,0.42680693,0.9566023,0.110509016,0.110509016,1.0,6.9645557e-06,6.302251e-05,-26.275301,2.104567,0.70152235,0.192,0.0,0.14274687,7.6799936,7.6999936,1235200
hardzero_plus_depr__c0p60__z1p00__lam0p020__nu0p50__psi0p75,hardzero_plus_depr,0.02,32,386,0.0,1,0.42680693,0.4268132,0.996885,0.10071983,0.10071983,1.0,6.2531144e-06,6.208424e-05,-26.689695,2.1931908,0.7310636,0.16800001,0.0,0.17812914,7.6999936,7.7199936,1238400
hardzero_plus_depr__c0p60__z1p00__lam0p020__nu0p50__psi0p75,hardzero_plus_depr,0.02,32,387,0.0,1,0.4268132,0.4268132,1.0806952,0.0,0.083043344,0.0,0.0,6.115994e-05,-28.204454,2.3775768,0.79252565,0.18400002,0.0,0.1885169,7.7199936,7.7399936,1241600
hardzero_plus_depr__c0p60__z1p00__lam0p020__nu0p50__psi0p75,hardzero_plus_depr,0.02,32,388,0.0,1,0.4268132,0.4268132,1.0263544,0.0,0.09411213,0.0,0.0,6.024939e-05,-26.754633,2.258025,0.752675,0.18400002,0.0,0.14231263,7.7399936,7.7599936,1244800
hardzero_plus_depr__c0p60__z1p00__lam0p020__nu0p50__psi0p75,hardzero_plus_depr,0.02,32,389,0.0,1,0.4268132,0.4268132,1.0475934,0.0,0.08962036,0.0,0.0,5.9352406e-05,-27.342726,2.3047514,0.76825047,0.2,0.0,0.18838023,7.7599936,7.7799935,1248000
hardzero_plus_depr__c0p60__z1p00__lam0p020__nu0p50__psi0p75,hardzero_plus_depr,0.02,32,390,0.0,1,0.4268132,0.4268132,1.0664891,0.0,0.085804656,0.0,0.0,5.8468737e-05,-28.684702,2.3463228,0.7821076,0.14999999,0.0,0.1586683,7.7799935,7.7999935,1251200
hardzero_plus_depr__c0p60__z1p00__lam0p020__nu0p50__psi0p75,hardzero_plus_depr,0.02,32,391,0.0,1,0.4268132,0.4268132,1.0121044,0.0,0.09725135,0.0,0.0,5.7598263e-05,-27.364353,2.226674,0.7422247,0.136,0.0,0.15857026,7.7999935,7.8199935,1254400
hardzero_plus_depr__c0p60__z1p00__lam0p020__nu0p50__psi0p75,hardzero_plus_depr,0.02,32,392,0.0,1,0.4268132,0.4268132,1.007637,0.0,0.098256886,0.0,0.0,5.6740744e-05,-27.04933,2.2168458,0.7389486,0.104,0.0,0.1600721,7.8199935,7.8399935,1257600
hardzero_plus_depr__c0p60__z1p00__lam0p020__nu0p50__psi0p75,hardzero_plus_depr,0.02,32,393,0.0,1,0.4268132,0.4268132,1.0044032,0.0,0.098991245,0.0,0.0,5.5895962e-05,-26.86169,2.2097313,0.73657715,0.17600001,0.0,0.14929275,7.8399935,7.8599935,1260800
hardzero_plus_depr__c0p60__z1p00__lam0p020__nu0p50__psi0p75,hardzero_plus_depr,0.02,32,394,0.0,1,0.4268132,0.4268132,1.1121026,0.0,0.0772498,0.0,0.0,5.506379e-05,-28.967272,2.4466746,0.8155582,0.136,0.0,0.16704471,7.8599935,7.8799934,1264000
hardzero_plus_depr__c0p60__z1p00__lam0p020__nu0p50__psi0p75,hardzero_plus_depr,0.02,32,395,0.0,1,0.4268132,0.4268132,1.059045,0.0,0.0872881,0.0,0.0,5.4244003e-05,-28.298815,2.3299453,0.77664846,0.128,0.0,0.16233498,7.8799934,7.8999934,1267200
hardzero_plus_depr__c0p60__z1p00__lam0p020__nu0p50__psi0p75,hardzero_plus_depr,0.02,32,396,0.0,1,0.4268132,0.42681888,0.9722977,0.1065865,0.1065865,1.0,5.6956014e-06,5.3436423e-05,-26.283546,2.1390977,0.7130326,0.208,0.0,0.123108394,7.8999934,7.9199934,1270400
hardzero_plus_depr__c0p60__z1p00__lam0p020__nu0p50__psi0p75,hardzero_plus_depr,0.02,32,397,0.0,1,0.42681888,0.42681888,1.0518311,0.0,0.088750094,0.0,0.0,5.264087e-05,-27.836044,2.3140748,0.77135825,0.15200001,0.0,0.14763819,7.9199934,7.9399934,1273600
hardzero_plus_depr__c0p60__z1p00__lam0p020__nu0p50__psi0p75,hardzero_plus_depr,0.02,32,398,0.0,1,0.42681888,0.42681888,1.0130699,0.0,0.09703539,0.0,0.0,5.1857125e-05,-26.735697,2.2287982,0.74293274,0.16800001,0.0,0.14356214,7.9399934,7.9599934,1276800
hardzero_plus_depr__c0p60__z1p00__lam0p020__nu0p50__psi0p75,hardzero_plus_depr,0.02,32,399,0.0,1,0.42681888,0.42681888,1.0281808,0.0,0.093717165,0.0,0.0,5.108508e-05,-27.171986,2.262043,0.7540144,0.192,0.0,0.16159919,7.9599934,7.9799933,1280000
hardzero_plus_depr__c0p60__z1p00__lam0p020__nu0p50__psi0p75,hardzero_plus_depr,0.02,32,400,0.0,1,0.42681888,0.42681888,1.0186749,0.0,0.09579109,0.0,0.0,5.0324532e-05,-26.622961,2.2411294,0.74704313,0.18400002,0.0,0.13787816,7.9799933,7.9999933,1283200
hardzero_plus_depr__c0p60__z1p00__lam0p020__nu0p50__psi0p75,hardzero_plus_depr,0.02,32,401,0.0,1,0.42681888,0.42681888,1.0452267,0.0,0.090110056,0.0,0.0,4.9575276e-05,-27.509808,2.2995446,0.7665149,0.136,0.0,0.19505288,7.9999933,8.019994,1286400
hardzero_plus_depr__c0p60__z1p00__lam0p020__nu0p50__psi0p75,hardzero_plus_depr,0.02,32,402,0.0,1,0.42681888,0.42681888,1.0238348,0.0,0.0946597,0.0,0.0,4.883718e-05,-27.266788,2.2524815,0.7508272,0.17600001,0.0,0.17088385,8.019994,8.039994,1289600
hardzero_plus_depr__c0p60__z1p00__lam0p020__nu0p50__psi0p75,hardzero_plus_depr,0.02,32,403,0.0,1,0.42681888,0.42681888,1.0210402,0.0,0.0952708,0.0,0.0,4.8110076e-05,-27.141052,2.2463334,0.7487778,0.08,0.0,0.14651647,8.039994,8.059995,1292800
hardzero_plus_depr__c0p60__z1p00__lam0p020__nu0p50__psi0p75,hardzero_plus_depr,0.02,32,404,0.0,1,0.42681888,0.42681888,1.0227115,0.0,0.094904855,0.0,0.0,4.7393794e-05,-27.257378,2.2500103,0.75000346,0.120000005,0.0,0.17142372,8.059995,8.079995,1296000
hardzero_plus_depr__c0p60__z1p00__lam0p020__nu0p50__psi0p75,hardzero_plus_depr,0.02,32,405,0.0,1,0.42681888,0.42681888,1.0334657,0.0,0.09258363,0.0,0.0,4.668818e-05,-27.464113,2.27367,0.75789,0.14400001,0.0,0.16196994,8.079995,8.099996,1299200
hardzero_plus_depr__c0p60__z1p00__lam0p020__nu0p50__psi0p75,hardzero_plus_depr,0.02,32,406,0.0,1,0.42681888,0.42682362,0.9860103,0.10327369,0.10327369,1.0,4.7498734e-06,4.5993063e-05,-26.319748,2.169266,0.7230887,0.17600001,0.0,0.15626611,8.099996,8.119996,1302400
hardzero_plus_depr__c0p60__z1p00__lam0p020__nu0p50__psi0p75,hardzero_plus_depr,0.02,32,407,0.0,1,0.42682362,0.42682362,1.0872549,0.0,0.08179846,0.0,0.0,4.53083e-05,-28.370832,2.3920085,0.7973362,0.096,0.0,0.17473404,8.119996,8.139997,1305600
hardzero_plus_depr__c0p60__z1p00__lam0p020__nu0p50__psi0p75,hardzero_plus_depr,0.02,32,408,0.0,1,0.42682362,0.42682362,1.0268555,0.0,0.09400361,0.0,0.0,4.4633733e-05,-26.527021,2.2591271,0.7530424,0.08800001,0.0,0.13495845,8.139997,8.159997,1308800
hardzero_plus_depr__c0p60__z1p00__lam0p020__nu0p50__psi0p75,hardzero_plus_depr,0.02,32,409,0.0,1,0.42682362,0.42682362,1.0621519,0.0,0.08666587,0.0,0.0,4.396921e-05,-27.40712,2.3367808,0.77892697,0.136,0.0,0.15345415,8.159997,8.179997,1312000
hardzero_plus_depr__c0p60__z1p00__lam0p020__nu0p50__psi0p75,hardzero_plus_depr,0.02,32,410,0.0,1,0.42682362,0.42682362,1.0678834,0.0,0.08552964,0.0,0.0,4.3314572e-05,-28.110435,2.3493903,0.7831301,0.136,0.0,0.17396541,8.179997,8.199998,1315200
hardzero_plus_depr__c0p60__z1p00__lam0p020__nu0p50__psi0p75,hardzero_plus_depr,0.02,32,411,0.0,1,0.42682362,0.42682362,1.0385337,0.0,0.091509536,0.0,0.0,4.2669693e-05,-27.71185,2.2848198,0.76160663,0.16000001,0.0,0.15929732,8.199998,8.219998,1318400
hardzero_plus_depr__c0p60__z1p00__lam0p020__nu0p50__psi0p75,hardzero_plus_depr,0.02,32,412,0.0,1,0.42682362,0.42682362,1.00654,0.0,0.09850541,0.0,0.0,4.203441e-05,-27.207294,2.214432,0.73814404,0.14400001,0.0,0.15467235,8.219998,8.239999,1321600
hardzero_plus_depr__c0p60__z1p00__lam0p020__nu0p50__psi0p75,hardzero_plus_depr,0.02,32,413,0.0,1,0.42682362,0.42682362,1.027047,0.0,0.093962155,0.0,0.0,4.1408584e-05,-28.170794,2.2595487,0.7531829,0.136,0.0,0.1520192,8.239999,8.259999,1324800
hardzero_plus_depr__c0p60__z1p00__lam0p020__nu0p50__psi0p75,hardzero_plus_depr,0.02,32,414,0.0,1,0.42682362,0.42682838,0.93119204,0.117167726,0.117167726,1.0,4.779515e-06,4.0792078e-05,-25.830658,2.0486634,0.6828878,0.18400002,0.0,0.13430142,8.259999,8.28,1328000
hardzero_plus_depr__c0p60__z1p00__lam0p020__nu0p50__psi0p75,hardzero_plus_depr,0.02,32,415,0.0,1,0.42682838,0.42683285,0.95343095,0.11131894,0.11131894,1.0,4.4733233e-06,4.0184746e-05,-26.670362,2.09759,0.6991967,0.18400002,0.0,0.16915916,8.28,8.3,1331200
hardzero_plus_depr__c0p60__z1p00__lam0p020__nu0p50__psi0p75,hardzero_plus_depr,0.02,32,416,0.0,1,0.42683285,0.42683285,1.0714082,0.0,0.08483826,0.0,0.0,3.9586455e-05,-27.614052,2.357145,0.78571504,0.12,0.0,0.15880913,8.3,8.320001,1334400
hardzero_plus_depr__c0p60__z1p00__lam0p020__nu0p50__psi0p75,hardzero_plus_depr,0.02,32,417,0.0,1,0.42683285,0.4268372,0.95250416,0.11155676,0.11155676,1.0,4.350388e-06,3.899708e-05,-26.49549,2.095551,0.698517,0.24800001,0.0,0.15216011,8.320001,8.340001,1337600
hardzero_plus_depr__c0p60__z1p00__lam0p020__nu0p50__psi0p75,hardzero_plus_depr,0.02,32,418,0.0,1,0.4268372,0.4268372,1.036035,0.0,0.09203756,0.0,0.0,3.8416474e-05,-27.793354,2.2793224,0.75977415,0.104,0.0,0.15116672,8.340001,8.360002,1340800
hardzero_plus_depr__c0p60__z1p00__lam0p020__nu0p50__psi0p75,hardzero_plus_depr,0.02,32,419,0.0,1,0.4268372,0.4268372,1.0067104,0.0,0.098466754,0.0,0.0,3.784452e-05,-27.01172,2.214807,0.73826903,0.14400001,0.0,0.16129878,8.360002,8.380002,1344000
hardzero_plus_depr__c0p60__z1p00__lam0p020__nu0p50__psi0p75,hardzero_plus_depr,0.02,32,420,0.0,1,0.4268372,0.4268372,1.0036699,0.0,0.09915853,0.0,0.0,3.7281075e-05,-26.59861,2.2081177,0.7360393,0.216,0.0,0.15828894,8.380002,8.4000025,1347200
hardzero_plus_depr__c0p60__z1p00__lam0p020__nu0p50__psi0p75,hardzero_plus_depr,0.02,32,421,0.0,1,0.4268372,0.4268372,1.0383953,0.0,0.09153868,0.0,0.0,3.6726018e-05,-27.689041,2.2845151,0.76150507,0.15200001,0.0,0.1733128,8.4000025,8.420003,1350400
hardzero_plus_depr__c0p60__z1p00__lam0p020__nu0p50__psi0p75,hardzero_plus_depr,0.02,32,422,0.0,1,0.4268372,0.4268372,1.0109816,0.0,0.0975031,0.0,0.0,3.6179226e-05,-27.196829,2.2242038,0.7414013,0.120000005,0.0,0.16550946,8.420003,8.440003,1353600
hardzero_plus_depr__c0p60__z1p00__lam0p020__nu0p50__psi0p75,hardzero_plus_depr,0.02,32,423,0.0,1,0.4268372,0.42684084,0.9918642,0.101890974,0.101890974,1.0,3.631453e-06,3.5640576e-05,-26.682041,2.1821449,0.72738165,0.18400002,0.0,0.13275337,8.440003,8.460004,1356800
hardzero_plus_depr__c0p60__z1p00__lam0p020__nu0p50__psi0p75,hardzero_plus_depr,0.02,32,424,0.0,1,0.42684084,0.42684084,1.0708454,0.0,0.08494829,0.0,0.0,3.5109944e-05,-27.20081,2.355907,0.78530234,0.104,0.0,0.14734092,8.460004,8.480004,1360000
hardzero_plus_depr__c0p60__z1p00__lam0p020__nu0p50__psi0p75,hardzero_plus_depr,0.02,32,425,0.0,1,0.42684084,0.42684084,1.0086901,0.0,0.09801891,0.0,0.0,3.4587214e-05,-26.185637,2.2191627,0.73972094,0.15200001,0.0,0.14296836,8.480004,8.500005,1363200
hardzero_plus_depr__c0p60__z1p00__lam0p020__nu0p50__psi0p75,hardzero_plus_depr,0.02,32,426,0.0,1,0.42684084,0.42684084,1.0115975,0.0,0.09736491,0.0,0.0,3.4072265e-05,-26.78154,2.225559,0.741853,0.192,0.0,0.14422178,8.500005,8.520005,1366400
hardzero_plus_depr__c0p60__z1p00__lam0p020__nu0p50__psi0p75,hardzero_plus_depr,0.02,32,427,0.0,1,0.42684084,0.42684084,1.0450882,0.0,0.090138815,0.0,0.0,3.3564982e-05,-27.530703,2.2992399,0.76641333,0.136,0.0,0.15367359,8.520005,8.540006,1369600
hardzero_plus_depr__c0p60__z1p00__lam0p020__nu0p50__psi0p75,hardzero_plus_depr,0.02,32,428,0.0,1,0.42684084,0.42684084,1.0535425,0.0,0.08840105,0.0,0.0,3.3065255e-05,-28.029161,2.3178399,0.7726133,0.104,0.0,0.18564743,8.540006,8.560006,1372800
hardzero_plus_depr__c0p60__z1p00__lam0p020__nu0p50__psi0p75,hardzero_plus_depr,0.02,32,429,0.0,1,0.42684084,0.42684418,0.98968136,0.10240441,0.10240441,1.0,3.3356155e-06,3.2572967e-05,-26.64625,2.1773424,0.72578084,0.14999999,0.0,0.14176063,8.560006,8.580007,1376000
hardzero_plus_depr__c0p60__z1p00__lam0p020__nu0p50__psi0p75,hardzero_plus_depr,0.02,32,430,0.0,1,0.42684418,0.42684418,1.0615091,0.0,0.08679423,0.0,0.0,3.208801e-05,-28.306856,2.3353667,0.7784556,0.17600001,0.0,0.16791818,8.580007,8.600007,1379200
hardzero_plus_depr__c0p60__z1p00__lam0p020__nu0p50__psi0p75,hardzero_plus_depr,0.02,32,431,0.0,1,0.42684418,0.42684418,1.0814358,0.0,0.08290184,0.0,0.0,3.1610267e-05,-28.731897,2.3792062,0.79306877,0.136,0.0,0.18129736,8.600007,8.6200075,1382400
hardzero_plus_depr__c0p60__z1p00__lam0p020__nu0p50__psi0p75,hardzero_plus_depr,0.02,32,432,0.0,1,0.42684418,0.42684418,1.0251547,0.0,0.09437246,0.0,0.0,3.113964e-05,-26.869688,2.2553854,0.7517952,0.120000005,0.0,0.15930651,8.6200075,8.640008,1385600
hardzero_plus_depr__c0p60__z1p00__lam0p020__nu0p50__psi0p75,hardzero_plus_depr,0.02,32,433,0.0,1,0.42684418,0.42684418,1.0758523,0.0,0.08397455,0.0,0.0,3.067602e-05,-28.08672,2.3669224,0.78897417,0.15200001,0.0,0.16833176,8.640008,8.660008,1388800
hardzero_plus_depr__c0p60__z1p00__lam0p020__nu0p50__psi0p75,hardzero_plus_depr,0.02,32,434,0.0,1,0.42684418,0.42684418,1.0609173,0.0,0.086912595,0.0,0.0,3.0219306e-05,-27.491684,2.3340645,0.7780215,0.18400002,0.0,0.16303173,8.660008,8.680009,1392000
hardzero_plus_depr__c0p60__z1p00__lam0p020__nu0p50__psi0p75,hardzero_plus_depr,0.02,32,435,0.0,1,0.42684418,0.42684418,1.0450076,0.0,0.09015553,0.0,0.0,2.976939e-05,-27.60569,2.2990625,0.7663542,0.16000001,0.0,0.1351744,8.680009,8.700009,1395200
hardzero_plus_depr__c0p60__z1p00__lam0p020__nu0p50__psi0p75,hardzero_plus_depr,0.02,32,436,0.0,1,0.42684418,0.42684713,0.9995185,0.100110926,0.100110926,1.0,2.93587e-06,2.932617e-05,-26.433815,2.1989846,0.7329949,0.2,0.0,0.15251718,8.700009,8.72001,1398400
hardzero_plus_depr__c0p60__z1p00__lam0p020__nu0p50__psi0p75,hardzero_plus_depr,0.02,32,437,0.0,1,0.42684713,0.42684713,1.0575342,0.0,0.08759226,0.0,0.0,2.8889548e-05,-27.47361,2.3266218,0.7755406,0.128,0.0,0.1727192,8.72001,8.74001,1401600
hardzero_plus_depr__c0p60__z1p00__lam0p020__nu0p50__psi0p75,hardzero_plus_depr,0.02,32,438,0.0,1,0.42684713,0.42684713,1.0524753,0.0,0.088618554,0.0,0.0,2.8459432e-05,-28.184374,2.315492,0.7718307,0.136,0.0,0.153356,8.74001,8.760011,1404800
hardzero_plus_depr__c0p60__z1p00__lam0p020__nu0p50__psi0p75,hardzero_plus_depr,0.02,32,439,0.0,1,0.42684713,0.42684713,1.0396324,0.0,0.0912783,0.0,0.0,2.8035716e-05,-27.398764,2.287237,0.7624123,0.08800001,0.0,0.14781794,8.760011,8.780011,1408000
hardzero_plus_depr__c0p60__z1p00__lam0p020__nu0p50__psi0p75,hardzero_plus_depr,0.02,32,440,0.0,1,0.42684713,0.42684713,1.0476925,0.0,0.08959989,0.0,0.0,2.761831e-05,-26.836117,2.3049695,0.7683232,0.192,0.008,0.19102672,8.780011,8.800012,1411200
hardzero_plus_depr__c0p60__z1p00__lam0p020__nu0p50__psi0p75,hardzero_plus_depr,0.02,32,441,0.0,1,0.42684713,0.42684713,1.0209789,0.0,0.09528424,0.0,0.0,2.7207114e-05,-26.375551,2.2461984,0.7487328,0.16800001,0.0,0.15156597,8.800012,8.820012,1414400
hardzero_plus_depr__c0p60__z1p00__lam0p020__nu0p50__psi0p75,hardzero_plus_depr,0.02,32,442,0.0,1,0.42684713,0.42684713,1.0393113,0.0,0.091345824,0.0,0.0,2.6802045e-05,-27.103655,2.2865305,0.7621769,0.12,0.0,0.16629858,8.820012,8.840013,1417600
hardzero_plus_depr__c0p60__z1p00__lam0p020__nu0p50__psi0p75,hardzero_plus_depr,0.02,32,443,0.0,1,0.42684713,0.42684713,1.0541384,0.0,0.08827984,0.0,0.0,2.6403006e-05,-28.183624,2.319151,0.7730503,0.15200001,0.0,0.18157965,8.840013,8.860013,1420800
hardzero_plus_depr__c0p60__z1p00__lam0p020__nu0p50__psi0p75,hardzero_plus_depr,0.02,32,444,0.0,1,0.42684713,0.42684978,0.99056065,0.10219728,0.10219728,1.0,2.658142e-06,2.600991e-05,-27.064653,2.179277,0.72642565,0.16000001,0.0,0.14804283,8.860013,8.880013,1424000
hardzero_plus_depr__c0p60__z1p00__lam0p020__nu0p50__psi0p75,hardzero_plus_depr,0.02,32,445,0.0,1,0.42684978,0.42684978,1.0132515,0.0,0.096994795,0.0,0.0,2.5622663e-05,-26.752798,2.229198,0.743066,0.136,0.0,0.15478106,8.880013,8.900014,1427200
hardzero_plus_depr__c0p60__z1p00__lam0p020__nu0p50__psi0p75,hardzero_plus_depr,0.02,32,446,0.0,1,0.42684978,0.42684978,1.0359914,0.0,0.092046775,0.0,0.0,2.5241181e-05,-27.64934,2.2792268,0.75974226,0.15200001,0.0,0.16482583,8.900014,8.920014,1430400
hardzero_plus_depr__c0p60__z1p00__lam0p020__nu0p50__psi0p75,hardzero_plus_depr,0.02,32,447,0.0,1,0.42684978,0.42684978,1.0212072,0.0,0.095234156,0.0,0.0,2.4865381e-05,-27.461016,2.2467008,0.7489003,0.15200001,0.0,0.1326236,8.920014,8.940015,1433600
hardzero_plus_depr__c0p60__z1p00__lam0p020__nu0p50__psi0p75,hardzero_plus_depr,0.02,32,448,0.0,1,0.42684978,0.42684978,1.0336254,0.0,0.09254962,0.0,0.0,2.4495175e-05,-27.344925,2.2740211,0.75800705,0.224,0.0,0.18418355,8.940015,8.960015,1436800
hardzero_plus_depr__c0p60__z1p00__lam0p020__nu0p50__psi0p75,hardzero_plus_depr,0.02,32,449,0.0,1,0.42684978,0.42684978,1.0487958,0.0,0.08937256,0.0,0.0,2.413048e-05,-27.959393,2.307397,0.7691323,0.16800001,0.0,0.16435303,8.960015,8.980016,1440000
hardzero_plus_depr__c0p60__z1p00__lam0p020__nu0p50__psi0p75,hardzero_plus_depr,0.02,32,450,0.0,1,0.42684978,0.42684978,1.0689923,0.0,0.08531154,0.0,0.0,2.377122e-05,-28.407404,2.35183,0.78394336,0.136,0.008,0.15470813,8.980016,9.000016,1443200
hardzero_plus_depr__c0p60__z1p00__lam0p020__nu0p50__psi0p75,hardzero_plus_depr,0.02,32,451,0.0,1,0.42684978,0.4268522,0.9883823,0.10271118,0.10271118,1.0,2.4052188e-06,2.3417302e-05,-26.589329,2.1744845,0.7248282,0.18400002,0.0,0.13098764,9.000016,9.020017,1446400
hardzero_plus_depr__c0p60__z1p00__lam0p020__nu0p50__psi0p75,hardzero_plus_depr,0.02,32,452,0.0,1,0.4268522,0.4268522,1.0509484,0.0,0.08893069,0.0,0.0,2.3068655e-05,-28.321526,2.3121326,0.7707109,0.17600001,0.008,0.15890412,9.020017,9.040017,1449600
hardzero_plus_depr__c0p60__z1p00__lam0p020__nu0p50__psi0p75,hardzero_plus_depr,0.02,32,453,0.0,1,0.4268522,0.4268522,1.0208181,0.0,0.09531953,0.0,0.0,2.2725199e-05,-27.443554,2.2458446,0.7486149,0.18400002,0.0,0.14342235,9.040017,9.060018,1452800
hardzero_plus_depr__c0p60__z1p00__lam0p020__nu0p50__psi0p75,hardzero_plus_depr,0.02,32,454,0.0,1,0.4268522,0.4268522,1.0558106,0.0,0.0879406,0.0,0.0,2.238686e-05,-27.412613,2.3228297,0.7742766,0.136,0.0,0.17331623,9.060018,9.080018,1456000
hardzero_plus_depr__c0p60__z1p00__lam0p020__nu0p50__psi0p75,hardzero_plus_depr,0.02,32,455,0.0,1,0.4268522,0.4268522,1.0103625,0.0,0.09764219,0.0,0.0,2.2053553e-05,-27.67258,2.222842,0.74094737,0.22999999,0.0,0.17288388,9.080018,9.1000185,1459200
hardzero_plus_depr__c0p60__z1p00__lam0p020__nu0p50__psi0p75,hardzero_plus_depr,0.02,32,456,0.0,1,0.4268522,0.4268522,1.0720109,0.0,0.08472062,0.0,0.0,2.1725213e-05,-28.811268,2.358471,0.786157,0.120000005,0.0,0.1518411,9.1000185,9.120019,1462400
hardzero_plus_depr__c0p60__z1p00__lam0p020__nu0p50__psi0p75,hardzero_plus_depr,0.02,32,457,0.0,1,0.4268522,0.4268522,1.0739177,0.0,0.08434944,0.0,0.0,2.1401758e-05,-28.252472,2.3626661,0.7875554,0.120000005,0.0,0.14998676,9.120019,9.140019,1465600
hardzero_plus_depr__c0p60__z1p00__lam0p020__nu0p50__psi0p75,hardzero_plus_depr,0.02,32,458,0.0,1,0.4268522,0.4268522,1.0647259,0.0,0.08615373,0.0,0.0,2.1083122e-05,-27.988403,2.3424437,0.7808146,0.14400001,0.0,0.15783377,9.140019,9.16002,1468800
hardzero_plus_depr__c0p60__z1p00__lam0p020__nu0p50__psi0p75,hardzero_plus_depr,0.02,32,459,0.0,1,0.4268522,0.4268522,1.0627974,0.0,0.08653715,0.0,0.0,2.0769228e-05,-28.769491,2.338201,0.77940035,0.104,0.0,0.16376315,9.16002,9.18002,1472000
hardzero_plus_depr__c0p60__z1p00__lam0p020__nu0p50__psi0p75,hardzero_plus_depr,0.02,32,460,0.0,1,0.4268522,0.42685425,0.9994973,0.10011581,0.10011581,1.0,2.04837e-06,2.0460006e-05,-26.815235,2.198938,0.7329793,0.14400001,0.0,0.17334849,9.18002,9.200021,1475200
hardzero_plus_depr__c0p60__z1p00__lam0p020__nu0p50__psi0p75,hardzero_plus_depr,0.02,32,461,0.0,1,0.42685425,0.4268564,0.97406447,0.1061538,0.1061538,1.0,2.139571e-06,2.0155388e-05,-26.176228,2.1429846,0.7143282,0.16800001,0.0,0.13807611,9.200021,9.220021,1478400
hardzero_plus_depr__c0p60__z1p00__lam0p020__nu0p50__psi0p75,hardzero_plus_depr,0.02,32,462,0.0,1,0.4268564,0.4268564,1.0779552,0.0,0.0835689,0.0,0.0,1.9855308e-05,-28.018095,2.371549,0.7905163,0.112,0.0,0.14115816,9.220021,9.240022,1481600
hardzero_plus_depr__c0p60__z1p00__lam0p020__nu0p50__psi0p75,hardzero_plus_depr,0.02,32,463,0.0,1,0.4268564,0.4268564,1.0214686,0.0,0.095176846,0.0,0.0,1.9559695e-05,-26.948368,2.2472758,0.749092,0.16800001,0.0,0.16217141,9.240022,9.260022,1484800
hardzero_plus_depr__c0p60__z1p00__lam0p020__nu0p50__psi0p75,hardzero_plus_depr,0.02,32,464,0.0,1,0.4268564,0.4268564,1.0102885,0.0,0.097658835,0.0,0.0,1.9268482e-05,-26.880093,2.2226791,0.74089307,0.16800001,0.0,0.13741197,9.260022,9.280023,1488000
hardzero_plus_depr__c0p60__z1p00__lam0p020__nu0p50__psi0p75,hardzero_plus_depr,0.02,32,465,0.0,1,0.4268564,0.4268564,1.0196515,0.0,0.09557592,0.0,0.0,1.8981606e-05,-27.89222,2.2432783,0.74775946,0.104,0.0,0.14602847,9.280023,9.300023,1491200
hardzero_plus_depr__c0p60__z1p00__lam0p020__nu0p50__psi0p75,hardzero_plus_depr,0.02,32,466,0.0,1,0.4268564,0.4268564,1.0024422,0.0,0.09943922,0.0,0.0,1.8698998e-05,-26.146938,2.205417,0.735139,0.192,0.0,0.14542787,9.300023,9.320024,1494400
hardzero_plus_depr__c0p60__z1p00__lam0p020__nu0p50__psi0p75,hardzero_plus_depr,0.02,32,467,0.0,1,0.4268564,0.4268564,1.0107303,0.0,0.09755954,0.0,0.0,1.84206e-05,-26.869831,2.223651,0.741217,0.208,0.0,0.15639906,9.320024,9.340024,1497600
hardzero_plus_depr__c0p60__z1p00__lam0p020__nu0p50__psi0p75,hardzero_plus_depr,0.02,32,468,0.0,1,0.4268564,0.4268564,1.0197644,0.0,0.09555106,0.0,0.0,1.8146347e-05,-27.529903,2.2435265,0.7478422,0.13,0.0,0.14690766,9.340024,9.360024,1500800
hardzero_plus_depr__c0p60__z1p00__lam0p020__nu0p50__psi0p75,hardzero_plus_depr,0.02,32,469,0.0,1,0.4268564,0.4268564,1.0915724,0.0,0.08098929,0.0,0.0,1.7876178e-05,-27.720205,2.4015071,0.8005024,0.15200001,0.0,0.16333951,9.360024,9.380025,1504000
hardzero_plus_depr__c0p60__z1p00__lam0p020__nu0p50__psi0p75,hardzero_plus_depr,0.02,32,470,0.0,1,0.4268564,0.4268564,1.0463159,0.0,0.08988435,0.0,0.0,1.761003e-05,-27.01625,2.301941,0.76731366,0.18400002,0.0,0.14263916,9.380025,9.400025,1507200
hardzero_plus_depr__c0p60__z1p00__lam0p020__nu0p50__psi0p75,hardzero_plus_depr,0.02,32,471,0.0,1,0.4268564,0.4268564,1.014733,0.0,0.0966645,0.0,0.0,1.7347844e-05,-27.382696,2.2324572,0.7441524,0.16800001,0.0,0.15841067,9.400025,9.420026,1510400
hardzero_plus_depr__c0p60__z1p00__lam0p020__nu0p50__psi0p75,hardzero_plus_depr,0.02,32,472,0.0,1,0.4268564,0.4268564,1.0426745,0.0,0.09064115,0.0,0.0,1.7089564e-05,-27.958101,2.2939298,0.7646433,0.120000005,0.0,0.20092326,9.420026,9.440026,1513600
hardzero_plus_depr__c0p60__z1p00__lam0p020__nu0p50__psi0p75,hardzero_plus_depr,0.02,32,473,0.0,1,0.4268564,0.4268564,1.0269502,0.0,0.09398311,0.0,0.0,1.6835127e-05,-26.050083,2.2593355,0.75311184,0.16000001,0.0,0.15218194,9.440026,9.460027,1516800
hardzero_plus_depr__c0p60__z1p00__lam0p020__nu0p50__psi0p75,hardzero_plus_depr,0.02,32,474,0.0,1,0.4268564,0.4268564,1.0512775,0.0,0.088863306,0.0,0.0,1.658448e-05,-27.832905,2.3128567,0.7709522,0.096,0.0,0.14830075,9.460027,9.480027,1520000
hardzero_plus_depr__c0p60__z1p00__lam0p020__nu0p50__psi0p75,hardzero_plus_depr,0.02,32,475,0.0,1,0.4268564,0.4268581,0.9861302,0.103245184,0.103245184,1.0,1.6867747e-06,1.6337563e-05,-26.383844,2.1695297,0.7231766,0.096,0.0,0.13636342,9.480027,9.500028,1523200
hardzero_plus_depr__c0p60__z1p00__lam0p020__nu0p50__psi0p75,hardzero_plus_depr,0.02,32,476,0.0,1,0.4268581,0.4268581,1.0778785,0.0,0.08358369,0.0,0.0,1.6094322e-05,-29.017439,2.37138,0.79046005,0.120000005,0.0,0.17013167,9.500028,9.520028,1526400
hardzero_plus_depr__c0p60__z1p00__lam0p020__nu0p50__psi0p75,hardzero_plus_depr,0.02,32,477,0.0,1,0.4268581,0.4268581,1.0081666,0.0,0.098137155,0.0,0.0,1.5854703e-05,-27.304707,2.2180107,0.7393369,0.2,0.0,0.1588835,9.520028,9.540029,1529600
hardzero_plus_depr__c0p60__z1p00__lam0p020__nu0p50__psi0p75,hardzero_plus_depr,0.02,32,478,0.0,1,0.4268581,0.4268581,1.0304267,0.0,0.09323376,0.0,0.0,1.5618652e-05,-27.106264,2.266984,0.75566137,0.14400001,0.0,0.16483685,9.540029,9.560029,1532800
hardzero_plus_depr__c0p60__z1p00__lam0p020__nu0p50__psi0p75,hardzero_plus_depr,0.02,32,479,0.0,1,0.4268581,0.4268581,1.0712057,0.0,0.08487781,0.0,0.0,1.5386117e-05,-28.572817,2.3566997,0.78556657,0.128,0.0,0.16304691,9.560029,9.5800295,1536000
hardzero_plus_depr__c0p60__z1p00__lam0p020__nu0p50__psi0p75,hardzero_plus_depr,0.02,32,480,0.0,1,0.4268581,0.4268581,1.0259265,0.0,0.09420491,0.0,0.0,1.5157042e-05,-27.237623,2.2570834,0.7523612,0.224,0.0,0.1694853,9.5800295,9.60003,1539200
hardzero_plus_depr__c0p60__z1p00__lam0p020__nu0p50__psi0p75,hardzero_plus_depr,0.02,32,481,0.0,1,0.4268581,0.4268581,1.067916,0.0,0.085523196,0.0,0.0,1.4931376e-05,-27.67893,2.3494623,0.78315413,0.17999999,0.0,0.16594887,9.60003,9.62003,1542400
hardzero_plus_depr__c0p60__z1p00__lam0p020__nu0p50__psi0p75,hardzero_plus_depr,0.02,32,482,0.0,1,0.4268581,0.4268581,1.0126694,0.0,0.0971249,0.0,0.0,1.4709072e-05,-26.798626,2.2279172,0.74263906,0.136,0.0,0.1739275,9.62003,9.640031,1545600
hardzero_plus_depr__c0p60__z1p00__lam0p020__nu0p50__psi0p75,hardzero_plus_depr,0.02,32,483,0.0,1,0.4268581,0.4268581,1.0122142,0.0,0.09722677,0.0,0.0,1.4490079e-05,-26.481535,2.2269156,0.7423052,0.16800001,0.0,0.14730817,9.640031,9.660031,1548800
hardzero_plus_depr__c0p60__z1p00__lam0p020__nu0p50__psi0p75,hardzero_plus_depr,0.02,32,484,0.0,1,0.4268581,0.4268581,1.0222237,0.0,0.09501152,0.0,0.0,1.4274345e-05,-27.223766,2.2489371,0.7496457,0.14400001,0.0,0.17631885,9.660031,9.680032,1552000
hardzero_plus_depr__c0p60__z1p00__lam0p020__nu0p50__psi0p75,hardzero_plus_depr,0.02,32,485,0.0,1,0.4268581,0.4268581,1.0491759,0.0,0.089294374,0.0,0.0,1.4061823e-05,-27.894716,2.308233,0.769411,0.128,0.0,0.17995171,9.680032,9.700032,1555200
hardzero_plus_depr__c0p60__z1p00__lam0p020__nu0p50__psi0p75,hardzero_plus_depr,0.02,32,486,0.0,1,0.4268581,0.4268581,1.017169,0.0,0.096123815,0.0,0.0,1.3852464e-05,-26.673025,2.2378166,0.7459389,0.2,0.0,0.14924775,9.700032,9.720033,1558400
hardzero_plus_depr__c0p60__z1p00__lam0p020__nu0p50__psi0p75,hardzero_plus_depr,0.02,32,487,0.0,1,0.4268581,0.4268581,1.0417068,0.0,0.09084335,0.0,0.0,1.3646222e-05,-27.570269,2.2918007,0.7639336,0.096,0.0,0.13200267,9.720033,9.740033,1561600
hardzero_plus_depr__c0p60__z1p00__lam0p020__nu0p50__psi0p75,hardzero_plus_depr,0.02,32,488,0.0,1,0.4268581,0.4268581,1.0363816,0.0,0.09196411,0.0,0.0,1.3443053e-05,-27.465164,2.280085,0.76002836,0.136,0.0,0.14599298,9.740033,9.760034,1564800
hardzero_plus_depr__c0p60__z1p00__lam0p020__nu0p50__psi0p75,hardzero_plus_depr,0.02,32,489,0.0,1,0.4268581,0.4268581,1.0188485,0.0,0.095752805,0.0,0.0,1.3242906e-05,-26.353453,2.2415116,0.74717057,0.120000005,0.0,0.1567227,9.760034,9.780034,1568000
hardzero_plus_depr__c0p60__z1p00__lam0p020__nu0p50__psi0p75,hardzero_plus_depr,0.02,32,490,0.0,1,0.4268581,0.42685944,0.98663896,0.10312429,0.10312429,1.0,1.3453327e-06,1.304574e-05,-26.738903,2.170649,0.7235497,0.224,0.0,0.15826988,9.780034,9.8000345,1571200
hardzero_plus_depr__c0p60__z1p00__lam0p020__nu0p50__psi0p75,hardzero_plus_depr,0.02,32,491,0.0,1,0.42685944,0.42685944,1.0054685,0.0,0.098748736,0.0,0.0,1.2851511e-05,-27.644663,2.2120748,0.7373583,0.14400001,0.0,0.15503739,9.8000345,9.820035,1574400
hardzero_plus_depr__c0p60__z1p00__lam0p020__nu0p50__psi0p75,hardzero_plus_depr,0.02,32,492,0.0,1,0.42685944,0.42685944,1.0916393,0.0,0.080976814,0.0,0.0,1.2660173e-05,-28.352863,2.4016542,0.8005514,0.136,0.008,0.17009722,9.820035,9.840035,1577600
hardzero_plus_depr__c0p60__z1p00__lam0p020__nu0p50__psi0p75,hardzero_plus_depr,0.02,32,493,0.0,1,0.42685944,0.4268607,0.99526215,0.1010969,0.1010969,1.0,1.2608485e-06,1.24716835e-05,-26.971191,2.1896205,0.72987354,0.17600001,0.0,0.16430569,9.840035,9.860036,1580800
hardzero_plus_depr__c0p60__z1p00__lam0p020__nu0p50__psi0p75,hardzero_plus_depr,0.02,32,494,0.0,1,0.4268607,0.4268607,1.0520899,0.0,0.08869723,0.0,0.0,1.2285999e-05,-27.814018,2.314644,0.77154803,0.13,0.0,0.1886236,9.860036,9.880036,1584000
hardzero_plus_depr__c0p60__z1p00__lam0p020__nu0p50__psi0p75,hardzero_plus_depr,0.02,32,495,0.0,1,0.4268607,0.4268607,1.0368197,0.0,0.091871396,0.0,0.0,1.210308e-05,-27.26421,2.2810488,0.76034963,0.16800001,0.0,0.1721238,9.880036,9.900037,1587200
hardzero_plus_depr__c0p60__z1p00__lam0p020__nu0p50__psi0p75,hardzero_plus_depr,0.02,32,496,0.0,1,0.4268607,0.4268607,1.0059556,0.0,0.09863805,0.0,0.0,1.1922885e-05,-27.57119,2.2131464,0.7377155,0.120000005,0.0,0.16587651,9.900037,9.920037,1590400
hardzero_plus_depr__c0p60__z1p00__lam0p020__nu0p50__psi0p75,hardzero_plus_depr,0.02,32,497,0.0,1,0.4268607,0.4268607,1.0188112,0.0,0.095761016,0.0,0.0,1.1745373e-05,-27.291803,2.2414296,0.7471432,0.15200001,0.0,0.14967218,9.920037,9.940038,1593600
hardzero_plus_depr__c0p60__z1p00__lam0p020__nu0p50__psi0p75,hardzero_plus_depr,0.02,32,498,0.0,1,0.4268607,0.4268607,1.0846611,0.0,0.08228845,0.0,0.0,1.1570503e-05,-27.851322,2.3863022,0.7954341,0.15200001,0.0,0.17727782,9.940038,9.960038,1596800
hardzero_plus_depr__c0p60__z1p00__lam0p020__nu0p50__psi0p75,hardzero_plus_depr,0.02,32,499,0.0,1,0.4268607,0.4268607,1.0002675,0.0,0.09993841,0.0,0.0,1.1398236e-05,-26.756239,2.2006323,0.7335441,0.16800001,0.0,0.16835774,9.960038,9.980039,1600000
hardzero_plus_depr__c0p60__z1p00__lam0p020__nu0p50__psi0p75,hardzero_plus_depr,0.02,32,500,0.0,1,0.4268607,0.4268607,1.082832,0.0,0.08263575,0.0,0.0,1.1228534e-05,-27.922155,2.382278,0.79409266,0.14400001,0.0,0.18937369,9.980039,10.000039,1603200
hardzero_plus_depr__c0p60__z1p00__lam0p020__nu0p50__psi0p75,hardzero_plus_depr,0.02,32,501,0.0,1,0.4268607,0.4268607,1.0273212,0.0,0.093902856,0.0,0.0,1.106136e-05,-27.417858,2.2601519,0.753384,0.128,0.0,0.18658698,10.000039,10.02004,1606400
hardzero_plus_depr__c0p60__z1p00__lam0p020__nu0p50__psi0p75,hardzero_plus_depr,0.02,32,502,0.0,1,0.4268607,0.4268607,1.0728022,0.0,0.084566385,0.0,0.0,1.0896674e-05,-28.491951,2.3602118,0.7867373,0.14400001,0.0,0.17053246,10.02004,10.04004,1609600
hardzero_plus_depr__c0p60__z1p00__lam0p020__nu0p50__psi0p75,hardzero_plus_depr,0.02,32,503,0.0,1,0.4268607,0.4268607,1.0700843,0.0,0.08509728,0.0,0.0,1.073444e-05,-28.69298,2.3542325,0.7847442,0.16800001,0.0,0.15905388,10.04004,10.06004,1612800
hardzero_plus_depr__c0p60__z1p00__lam0p020__nu0p50__psi0p75,hardzero_plus_depr,0.02,32,504,0.0,1,0.4268607,0.4268607,1.0086449,0.0,0.0980291,0.0,0.0,1.0574621e-05,-27.146305,2.219063,0.7396877,0.24800001,0.0,0.15607058,10.06004,10.080041,1616000
hardzero_plus_depr__c0p60__z1p00__lam0p020__nu0p50__psi0p75,hardzero_plus_depr,0.02,32,505,0.0,1,0.4268607,0.4268607,1.0143011,0.0,0.09676068,0.0,0.0,1.0417183e-05,-26.751646,2.2315068,0.7438356,0.128,0.0,0.16263095,10.080041,10.100041,1619200
hardzero_plus_depr__c0p60__z1p00__lam0p020__nu0p50__psi0p75,hardzero_plus_depr,0.02,32,506,0.0,1,0.4268607,0.42686176,0.98353505,0.10386397,0.10386397,1.0,1.065861e-06,1.0262087e-05,-26.67524,2.1638203,0.7212734,0.16000001,0.0,0.1614999,10.100041,10.120042,1622400
hardzero_plus_depr__c0p60__z1p00__lam0p020__nu0p50__psi0p75,hardzero_plus_depr,0.02,32,507,0.0,1,0.42686176,0.42686176,1.016042,0.0,0.09637359,0.0,0.0,1.0109301e-05,-27.513248,2.235337,0.74511236,0.12,0.0,0.15972172,10.120042,10.140042,1625600
hardzero_plus_depr__c0p60__z1p00__lam0p020__nu0p50__psi0p75,hardzero_plus_depr,0.02,32,508,0.0,1,0.42686176,0.42686176,1.0318701,0.0,0.09292443,0.0,0.0,9.9587905e-06,-27.450838,2.2701597,0.75671995,0.17600001,0.0,0.19133003,10.140042,10.160043,1628800
hardzero_plus_depr__c0p60__z1p00__lam0p020__nu0p50__psi0p75,hardzero_plus_depr,0.02,32,509,0.0,1,0.42686176,0.42686176,1.0412176,0.0,0.09094574,0.0,0.0,9.810519e-06,-28.324474,2.2907243,0.7635748,0.128,0.0,0.15529953,10.160043,10.180043,1632000
hardzero_plus_depr__c0p60__z1p00__lam0p020__nu0p50__psi0p75,hardzero_plus_depr,0.02,32,510,0.0,1,0.42686176,0.42686176,1.0131865,0.0,0.097009346,0.0,0.0,9.664457e-06,-26.26211,2.2290547,0.74301827,0.14400001,0.0,0.15443343,10.180043,10.200044,1635200
hardzero_plus_depr__c0p60__z1p00__lam0p020__nu0p50__psi0p75,hardzero_plus_depr,0.02,32,511,0.0,1,0.42686176,0.42686176,1.0304298,0.0,0.09323309,0.0,0.0,9.520568e-06,-27.48819,2.266991,0.75566363,0.192,0.0,0.15095927,10.200044,10.220044,1638400
hardzero_plus_depr__c0p60__z1p00__lam0p020__nu0p50__psi0p75,hardzero_plus_depr,0.02,32,512,0.0,1,0.42686176,0.42686176,1.0554637,0.0,0.08801087,0.0,0.0,9.378822e-06,-27.902422,2.3220665,0.7740222,0.128,0.0,0.17664579,10.220044,10.240045,1641600
hardzero_plus_depr__c0p60__z1p00__lam0p020__nu0p50__psi0p75,hardzero_plus_depr,0.02,32,513,0.0,1,0.42686176,0.4268627,0.9982354,0.10040713,0.10040713,1.0,9.276802e-07,9.2391865e-06,-26.527012,2.1961617,0.73205394,0.17600001,0.0,0.1443588,10.240045,10.260045,1644800
hardzero_plus_depr__c0p60__z1p00__lam0p020__nu0p50__psi0p75,hardzero_plus_depr,0.02,32,514,0.0,1,0.4268627,0.4268627,1.0474174,0.0,0.08965667,0.0,0.0,9.10163e-06,-27.860836,2.3043642,0.7681214,0.14400001,0.0,0.15410078,10.260045,10.2800455,1648000
hardzero_plus_depr__c0p60__z1p00__lam0p020__nu0p50__psi0p75,hardzero_plus_depr,0.02,32,515,0.0,1,0.4268627,0.4268627,1.0258957,0.0,0.09421158,0.0,0.0,8.966122e-06,-27.615576,2.2570157,0.7523386,0.192,0.0,0.19741927,10.2800455,10.300046,1651200
hardzero_plus_depr__c0p60__z1p00__lam0p020__nu0p50__psi0p75,hardzero_plus_depr,0.02,32,516,0.0,1,0.4268627,0.4268627,1.045665,0.0,0.09001917,0.0,0.0,8.83263e-06,-27.536541,2.300509,0.76683635,0.136,0.0,0.16221693,10.300046,10.320046,1654400
hardzero_plus_depr__c0p60__z1p00__lam0p020__nu0p50__psi0p75,hardzero_plus_depr,0.02,32,517,0.0,1,0.4268627,0.4268627,1.004105,0.0,0.09905924,0.0,0.0,8.701127e-06,-27.487709,2.209075,0.73635834,0.128,0.0,0.1620497,10.320046,10.340047,1657600
hardzero_plus_depr__c0p60__z1p00__lam0p020__nu0p50__psi0p75,hardzero_plus_depr,0.02,32,518,0.0,1,0.4268627,0.4268627,1.110754,0.0,0.07749005,0.0,0.0,8.571581e-06,-28.13425,2.4437077,0.81456923,0.128,0.0,0.18803124,10.340047,10.360047,1660800
hardzero_plus_depr__c0p60__z1p00__lam0p020__nu0p50__psi0p75,hardzero_plus_depr,0.02,32,519,0.0,1,0.4268627,0.42686355,0.9953687,0.101072095,0.101072095,1.0,8.534491e-07,8.443963e-06,-26.642776,2.1898549,0.7299516,0.17600001,0.0,0.16632763,10.360047,10.380048,1664000
hardzero_plus_depr__c0p60__z1p00__lam0p020__nu0p50__psi0p75,hardzero_plus_depr,0.02,32,520,0.0,1,0.42686355,0.42686355,1.0186995,0.0,0.09578566,0.0,0.0,8.318246e-06,-26.98763,2.2411838,0.74706125,0.17999999,0.0,0.15059373,10.380048,10.400048,1667200
hardzero_plus_depr__c0p60__z1p00__lam0p020__nu0p50__psi0p75,hardzero_plus_depr,0.02,32,521,0.0,1,0.42686355,0.42686442,0.9711515,0.106868215,0.106868215,1.0,8.75721e-07,8.194401e-06,-26.441868,2.136576,0.712192,0.15200001,0.0,0.13890259,10.400048,10.420049,1670400
hardzero_plus_depr__c0p60__z1p00__lam0p020__nu0p50__psi0p75,hardzero_plus_depr,0.02,32,522,0.0,1,0.42686442,0.42686442,1.0543343,0.0,0.08824006,0.0,0.0,8.072399e-06,-27.861517,2.3195817,0.77319396,0.112,0.0,0.16173492,10.420049,10.440049,1673600
hardzero_plus_depr__c0p60__z1p00__lam0p020__nu0p50__psi0p75,hardzero_plus_depr,0.02,32,523,0.0,1,0.42686442,0.42686442,1.0974566,0.0,0.07989939,0.0,0.0,7.952214e-06,-28.76971,2.4144526,0.80481756,0.08800001,0.0,0.16703328,10.440049,10.46005,1676800
hardzero_plus_depr__c0p60__z1p00__lam0p020__nu0p50__psi0p75,hardzero_plus_depr,0.02,32,524,0.0,1,0.42686442,0.42686442,1.0178555,0.0,0.09597198,0.0,0.0,7.833819e-06,-27.471481,2.239327,0.7464423,0.24000001,0.0,0.1582292,10.46005,10.48005,1680000
hardzero_plus_depr__c0p60__z1p00__lam0p020__nu0p50__psi0p75,hardzero_plus_depr,0.02,32,525,0.0,1,0.42686442,0.42686522,0.9874626,0.10292891,0.10292891,1.0,7.9432147e-07,7.717185e-06,-25.77309,2.172461,0.7241537,0.216,0.0,0.16788872,10.48005,10.500051,1683200
hardzero_plus_depr__c0p60__z1p00__lam0p020__nu0p50__psi0p75,hardzero_plus_depr,0.02,32,526,0.0,1,0.42686522,0.42686522,1.0556637,0.0,0.08797033,0.0,0.0,7.6022893e-06,-27.97472,2.3225064,0.77416885,0.136,0.0,0.18881086,10.500051,10.520051,1686400
hardzero_plus_depr__c0p60__z1p00__lam0p020__nu0p50__psi0p75,hardzero_plus_depr,0.02,32,527,0.0,1,0.42686522,0.42686605,0.952277,0.1116151,0.1116151,1.0,8.35897e-07,7.4891036e-06,-26.47851,2.0950513,0.6983504,0.23200001,0.008,0.13230538,10.520051,10.540051,1689600
hardzero_plus_depr__c0p60__z1p00__lam0p020__nu0p50__psi0p75,hardzero_plus_depr,0.02,32,528,0.0,1,0.42686605,0.42686605,1.0742828,0.0,0.084278576,0.0,0.0,7.3776027e-06,-28.566261,2.3634694,0.78782314,0.17600001,0.0,0.17179841,10.540051,10.560052,1692800
hardzero_plus_depr__c0p60__z1p00__lam0p020__nu0p50__psi0p75,hardzero_plus_depr,0.02,32,529,0.0,1,0.42686605,0.42686677,0.9990239,0.10022501,0.10022501,1.0,7.2841146e-07,7.2677612e-06,-25.284328,2.1978965,0.73263216,0.18400002,0.0,0.15748277,10.560052,10.580052,1696000
hardzero_plus_depr__c0p60__z1p00__lam0p020__nu0p50__psi0p75,hardzero_plus_depr,0.02,32,530,0.0,1,0.42686677,0.4268675,0.9914236,0.101994425,0.101994425,1.0,7.302348e-07,7.159556e-06,-27.691853,2.1811755,0.72705853,0.18400002,0.0,0.17574058,10.580052,10.600053,1699200
hardzero_plus_depr__c0p60__z1p00__lam0p020__nu0p50__psi0p75,hardzero_plus_depr,0.02,32,531,0.0,1,0.4268675,0.4268675,1.0145099,0.0,0.09671416,0.0,0.0,7.052962e-06,-26.822302,2.2319665,0.7439889,0.2,0.0,0.17852868,10.600053,10.620053,1702400
hardzero_plus_depr__c0p60__z1p00__lam0p020__nu0p50__psi0p75,hardzero_plus_depr,0.02,32,532,0.0,1,0.4268675,0.42686826,0.9632739,0.10882435,0.10882435,1.0,7.561067e-07,6.947955e-06,-26.177288,2.1192448,0.70641494,0.216,0.0,0.16504851,10.620053,10.640054,1705600
hardzero_plus_depr__c0p60__z1p00__lam0p020__nu0p50__psi0p75,hardzero_plus_depr,0.02,32,533,0.0,1,0.42686826,0.42686826,1.0490242,0.0,0.08932557,0.0,0.0,6.8445106e-06,-27.248266,2.3078995,0.76929986,0.22,0.0,0.15711327,10.640054,10.660054,1708800
hardzero_plus_depr__c0p60__z1p00__lam0p020__nu0p50__psi0p75,hardzero_plus_depr,0.02,32,534,0.0,1,0.42686826,0.42686826,1.0711203,0.0,0.08489454,0.0,0.0,6.7426063e-06,-27.670658,2.3565116,0.78550386,0.14400001,0.0,0.15680383,10.660054,10.680055,1712000
hardzero_plus_depr__c0p60__z1p00__lam0p020__nu0p50__psi0p75,hardzero_plus_depr,0.02,32,535,0.0,1,0.42686826,0.42686826,1.0592136,0.0,0.087254204,0.0,0.0,6.6422203e-06,-27.091158,2.3303165,0.7767722,0.16000001,0.0,0.14968477,10.680055,10.700055,1715200
hardzero_plus_depr__c0p60__z1p00__lam0p020__nu0p50__psi0p75,hardzero_plus_depr,0.02,32,536,0.0,1,0.42686826,0.42686892,0.993979,0.10139603,0.10139603,1.0,6.634676e-07,6.5433287e-06,-26.748825,2.1867974,0.7289325,0.14400001,0.0,0.14303909,10.700055,10.720056,1718400
hardzero_plus_depr__c0p60__z1p00__lam0p020__nu0p50__psi0p75,hardzero_plus_depr,0.02,32,537,0.0,1,0.42686892,0.42686957,0.9882971,0.10273133,0.10273133,1.0,6.621968e-07,6.4459086e-06,-26.384869,2.174297,0.7247657,0.120000005,0.0,0.16362925,10.720056,10.740056,1721600
hardzero_plus_depr__c0p60__z1p00__lam0p020__nu0p50__psi0p75,hardzero_plus_depr,0.02,32,538,0.0,1,0.42686957,0.42686957,1.0344108,0.0,0.09238238,0.0,0.0,6.349939e-06,-27.530731,2.2757492,0.75858307,0.216,0.0,0.15820488,10.740056,10.7600565,1724800
hardzero_plus_depr__c0p60__z1p00__lam0p020__nu0p50__psi0p75,hardzero_plus_depr,0.02,32,539,0.0,1,0.42686957,0.42686957,1.0301355,0.0,0.09329631,0.0,0.0,6.255399e-06,-27.13382,2.2663434,0.7554478,0.128,0.0,0.1467569,10.7600565,10.780057,1728000
hardzero_plus_depr__c0p60__z1p00__lam0p020__nu0p50__psi0p75,hardzero_plus_depr,0.02,32,540,0.0,1,0.42686957,0.42686957,1.0239004,0.0,0.09464541,0.0,0.0,6.1622663e-06,-26.941208,2.252626,0.75087535,0.128,0.0,0.14665143,10.780057,10.800057,1731200
hardzero_plus_depr__c0p60__z1p00__lam0p020__nu0p50__psi0p75,hardzero_plus_depr,0.02,32,541,0.0,1,0.42686957,0.42687023,0.9591224,0.1098696,0.1098696,1.0,6.6696555e-07,6.0705197e-06,-25.21592,2.1101115,0.7033705,0.208,0.008,0.1612463,10.800057,10.820058,1734400
hardzero_plus_depr__c0p60__z1p00__lam0p020__nu0p50__psi0p75,hardzero_plus_depr,0.02,32,542,0.0,1,0.42687023,0.42687023,1.0309856,0.0,0.09311387,0.0,0.0,5.9801396e-06,-27.202795,2.2682135,0.7560712,0.18400002,0.0,0.15881343,10.820058,10.840058,1737600
hardzero_plus_depr__c0p60__z1p00__lam0p020__nu0p50__psi0p75,hardzero_plus_depr,0.02,32,543,0.0,1,0.42687023,0.42687023,1.015065,0.0,0.09659065,0.0,0.0,5.8911046e-06,-26.704678,2.2331874,0.74439585,0.192,0.0,0.15084694,10.840058,10.860059,1740800
hardzero_plus_depr__c0p60__z1p00__lam0p020__nu0p50__psi0p75,hardzero_plus_depr,0.02,32,544,0.0,1,0.42687023,0.42687023,1.0215378,0.0,0.095161706,0.0,0.0,5.8033957e-06,-26.627447,2.247428,0.74914265,0.128,0.0,0.15825571,10.860059,10.880059,1744000
hardzero_plus_depr__c0p60__z1p00__lam0p020__nu0p50__psi0p75,hardzero_plus_depr,0.02,32,545,0.0,1,0.42687023,0.42687023,1.0500159,0.0,0.089121826,0.0,0.0,5.7169923e-06,-27.871801,2.3100812,0.7700271,0.136,0.0,0.16255997,10.880059,10.90006,1747200
hardzero_plus_depr__c0p60__z1p00__lam0p020__nu0p50__psi0p75,hardzero_plus_depr,0.02,32,546,0.0,1,0.42687023,0.42687023,1.0733312,0.0,0.08446344,0.0,0.0,5.631876e-06,-27.755209,2.3613758,0.7871253,0.13,0.0,0.1341983,10.90006,10.92006,1750400
hardzero_plus_depr__c0p60__z1p00__lam0p020__nu0p50__psi0p75,hardzero_plus_depr,0.02,32,547,0.0,1,0.42687023,0.42687023,1.0381256,0.0,0.09159554,0.0,0.0,5.548026e-06,-27.821531,2.283922,0.76130736,0.16800001,0.0,0.15824725,10.92006,10.940061,1753600
hardzero_plus_depr__c0p60__z1p00__lam0p020__nu0p50__psi0p75,hardzero_plus_depr,0.02,32,548,0.0,1,0.42687023,0.42687023,1.0678375,0.0,0.08553867,0.0,0.0,5.465425e-06,-27.42118,2.3492894,0.7830965,0.192,0.0,0.18373324,10.940061,10.960061,1756800
hardzero_plus_depr__c0p60__z1p00__lam0p020__nu0p50__psi0p75,hardzero_plus_depr,0.02,32,549,0.0,1,0.42687023,0.42687023,1.043879,0.0,0.09039012,0.0,0.0,5.384053e-06,-26.984655,2.2965798,0.76552665,0.104,0.0,0.15594073,10.960061,10.980062,1760000
hardzero_plus_depr__c0p60__z1p00__lam0p020__nu0p50__psi0p75,hardzero_plus_depr,0.02,32,550,0.0,1,0.42687023,0.42687023,1.0751145,0.0,0.084117346,0.0,0.0,5.3038934e-06,-29.227169,2.3652992,0.7884331,0.14400001,0.0,0.17316765,10.980062,11.000062,1763200
hardzero_plus_depr__c0p60__z1p00__lam0p020__nu0p50__psi0p75,hardzero_plus_depr,0.02,32,551,0.0,1,0.42687023,0.42687023,1.0925294,0.0,0.08081102,0.0,0.0,5.2249266e-06,-28.880016,2.4036126,0.8012042,0.080000006,0.0,0.17005669,11.000062,11.020062,1766400
hardzero_plus_depr__c0p60__z1p00__lam0p020__nu0p50__psi0p75,hardzero_plus_depr,0.02,32,552,0.0,1,0.42687023,0.42687023,1.0833936,0.0,0.08252896,0.0,0.0,5.147136e-06,-27.904978,2.3835135,0.7945045,0.112,0.0,0.19392097,11.020062,11.040063,1769600
hardzero_plus_depr__c0p60__z1p00__lam0p020__nu0p50__psi0p75,hardzero_plus_depr,0.02,32,553,0.0,1,0.42687023,0.42687023,1.0315694,0.0,0.09298879,0.0,0.0,5.070503e-06,-27.44391,2.2694979,0.7564993,0.104,0.0,0.16366379,11.040063,11.060063,1772800
hardzero_plus_depr__c0p60__z1p00__lam0p020__nu0p50__psi0p75,hardzero_plus_depr,0.02,32,554,0.0,1,0.42687023,0.42687023,1.0244398,0.0,0.09452794,0.0,0.0,4.9950117e-06,-27.086952,2.2538126,0.7512709,0.16000001,0.0,0.15927817,11.060063,11.080064,1776000
hardzero_plus_depr__c0p60__z1p00__lam0p020__nu0p50__psi0p75,hardzero_plus_depr,0.02,32,555,0.0,1,0.42687023,0.42687023,1.014825,0.0,0.09664402,0.0,0.0,4.9206446e-06,-26.956507,2.2326596,0.7442199,0.16800001,0.0,0.14009398,11.080064,11.100064,1779200
hardzero_plus_depr__c0p60__z1p00__lam0p020__nu0p50__psi0p75,hardzero_plus_depr,0.02,32,556,0.0,1,0.42687023,0.42687073,0.9933123,0.101551816,0.101551816,1.0,4.922606e-07,4.8473835e-06,-26.77408,2.1853306,0.72844356,0.16000001,0.0,0.14118588,11.100064,11.120065,1782400
hardzero_plus_depr__c0p60__z1p00__lam0p020__nu0p50__psi0p75,hardzero_plus_depr,0.02,32,557,0.0,1,0.42687073,0.42687073,1.0836773,0.0,0.082475066,0.0,0.0,4.7752137e-06,-27.733616,2.3841376,0.79471254,0.18400002,0.0,0.1806757,11.120065,11.140065,1785600
hardzero_plus_depr__c0p60__z1p00__lam0p020__nu0p50__psi0p75,hardzero_plus_depr,0.02,32,558,0.0,1,0.42687073,0.4268712,0.9883228,0.10272524,0.10272524,1.0,4.832317e-07,4.7041185e-06,-27.05039,2.1743536,0.72478455,0.192,0.0,0.14698812,11.140065,11.160066,1788800
hardzero_plus_depr__c0p60__z1p00__lam0p020__nu0p50__psi0p75,hardzero_plus_depr,0.02,32,559,0.0,1,0.4268712,0.4268717,0.99978685,0.1000491,0.1000491,1.0,4.636357e-07,4.6340815e-06,-26.678213,2.199575,0.73319167,0.19,0.0,0.1372636,11.160066,11.180066,1792000
hardzero_plus_depr__c0p60__z1p00__lam0p020__nu0p50__psi0p75,hardzero_plus_depr,0.02,32,560,0.0,1,0.4268717,0.4268717,1.0222139,0.0,0.09501367,0.0,0.0,4.5650877e-06,-27.965513,2.2489154,0.7496385,0.15200001,0.0,0.19617553,11.180066,11.200067,1795200
hardzero_plus_depr__c0p60__z1p00__lam0p020__nu0p50__psi0p75,hardzero_plus_depr,0.02,32,561,0.0,1,0.4268717,0.4268717,1.0238023,0.0,0.09466681,0.0,0.0,4.4971207e-06,-27.261919,2.25241,0.75080335,0.16800001,0.0,0.15620284,11.200067,11.220067,1798400
hardzero_plus_depr__c0p60__z1p00__lam0p020__nu0p50__psi0p75,hardzero_plus_depr,0.02,32,562,0.0,1,0.4268717,0.4268717,1.0706851,0.0,0.08497962,0.0,0.0,4.430166e-06,-27.679068,2.3555543,0.7851848,0.080000006,0.0,0.16143176,11.220067,11.2400675,1801600
hardzero_plus_depr__c0p60__z1p00__lam0p020__nu0p50__psi0p75,hardzero_plus_depr,0.02,32,563,0.0,1,0.4268717,0.4268717,1.1045634,0.0,0.078602545,0.0,0.0,4.364208e-06,-28.610266,2.4300878,0.81002927,0.136,0.0,0.20398866,11.2400675,11.260068,1804800
hardzero_plus_depr__c0p60__z1p00__lam0p020__nu0p50__psi0p75,hardzero_plus_depr,0.02,32,564,0.0,1,0.4268717,0.4268717,1.0100787,0.0,0.09770602,0.0,0.0,4.2992315e-06,-26.430723,2.2222173,0.7407391,0.17600001,0.0,0.18060504,11.260068,11.280068,1808000
hardzero_plus_depr__c0p60__z1p00__lam0p020__nu0p50__psi0p75,hardzero_plus_depr,0.02,32,565,0.0,1,0.4268717,0.4268721,0.9960434,0.1009152,0.1009152,1.0,4.273984e-07,4.235223e-06,-26.078495,2.1913393,0.73044646,0.120000005,0.0,0.14601408,11.280068,11.300069,1811200
hardzero_plus_depr__c0p60__z1p00__lam0p020__nu0p50__psi0p75,hardzero_plus_depr,0.02,32,566,0.0,1,0.4268721,0.4268721,1.0666679,0.0,0.08576933,0.0,0.0,4.1721673e-06,-27.920517,2.3467162,0.7822387,0.080000006,0.0,0.16641411,11.300069,11.320069,1814400
hardzero_plus_depr__c0p60__z1p00__lam0p020__nu0p50__psi0p75,hardzero_plus_depr,0.02,32,567,0.0,1,0.4268721,0.42687252,0.99862975,0.10031602,0.10031602,1.0,4.1230388e-07,4.11005e-06,-26.878311,2.1970294,0.73234314,0.2,0.0,0.15911567,11.320069,11.34007,1817600
hardzero_plus_depr__c0p60__z1p00__lam0p020__nu0p50__psi0p75,hardzero_plus_depr,0.02,32,568,0.0,1,0.42687252,0.42687252,1.0453093,0.0,0.09009291,0.0,0.0,4.0488585e-06,-28.029402,2.2997265,0.7665755,0.2,0.0,0.17130679,11.34007,11.36007,1820800
hardzero_plus_depr__c0p60__z1p00__lam0p020__nu0p50__psi0p75,hardzero_plus_depr,0.02,32,569,0.0,1,0.42687252,0.42687252,1.0559378,0.0,0.08791484,0.0,0.0,3.988577e-06,-27.956932,2.3231094,0.77436984,0.14400001,0.0,0.16935529,11.36007,11.380071,1824000
hardzero_plus_depr__c0p60__z1p00__lam0p020__nu0p50__psi0p75,hardzero_plus_depr,0.02,32,570,0.0,1,0.42687252,0.42687252,1.0522113,0.0,0.08867245,0.0,0.0,3.9291936e-06,-27.449434,2.3149111,0.7716371,0.208,0.0,0.16948494,11.380071,11.400071,1827200
hardzero_plus_depr__c0p60__z1p00__lam0p020__nu0p50__psi0p75,hardzero_plus_depr,0.02,32,571,0.0,1,0.42687252,0.42687252,1.0445058,0.0,0.09025975,0.0,0.0,3.8706944e-06,-28.203209,2.2979589,0.7659863,0.104,0.0,0.15180245,11.400071,11.420072,1830400
hardzero_plus_depr__c0p60__z1p00__lam0p020__nu0p50__psi0p75,hardzero_plus_depr,0.02,32,572,0.0,1,0.42687252,0.42687252,1.1055341,0.0,0.078427054,0.0,0.0,3.8130659e-06,-28.871878,2.4322236,0.8107412,0.13,0.0,0.17775281,11.420072,11.440072,1833600
hardzero_plus_depr__c0p60__z1p00__lam0p020__nu0p50__psi0p75,hardzero_plus_depr,0.02,32,573,0.0,1,0.42687252,0.42687252,1.0078315,0.0,0.098212905,0.0,0.0,3.7562957e-06,-27.439882,2.2172735,0.73909116,0.192,0.008,0.16312373,11.440072,11.4600725,1836800
hardzero_plus_depr__c0p60__z1p00__lam0p020__nu0p50__psi0p75,hardzero_plus_depr,0.02,32,574,0.0,1,0.42687252,0.42687252,1.0095818,0.0,0.09781785,0.0,0.0,3.7003701e-06,-27.095165,2.2211244,0.7403748,0.16000001,0.0,0.16816281,11.4600725,11.480073,1840000
hardzero_plus_depr__c0p60__z1p00__lam0p020__nu0p50__psi0p75,hardzero_plus_depr,0.02,32,575,0.0,1,0.42687252,0.42687252,1.0238284,0.0,0.094661124,0.0,0.0,3.6452777e-06,-26.855307,2.2524674,0.7508225,0.208,0.0,0.16276579,11.480073,11.500073,1843200
hardzero_plus_depr__c0p60__z1p00__lam0p020__nu0p50__psi0p75,hardzero_plus_depr,0.02,32,576,0.0,1,0.42687252,0.42687252,1.0439168,0.0,0.09038226,0.0,0.0,3.5910055e-06,-26.85305,2.2966628,0.7655543,0.128,0.0,0.15365565,11.500073,11.520074,1846400
hardzero_plus_depr__c0p60__z1p00__lam0p020__nu0p50__psi0p75,hardzero_plus_depr,0.02,32,577,0.0,1,0.42687252,0.42687252,1.054452,0.0,0.08821613,0.0,0.0,3.537541e-06,-28.212923,2.3198407,0.77328026,0.112,0.0,0.15199503,11.520074,11.540074,1849600
hardzero_plus_depr__c0p60__z1p00__lam0p020__nu0p50__psi0p75,hardzero_plus_depr,0.02,32,578,0.0,1,0.42687252,0.42687252,1.0257592,0.0,0.09424119,0.0,0.0,3.484873e-06,-27.98437,2.2567153,0.75223845,0.2,0.0,0.14800537,11.540074,11.560075,1852800
hardzero_plus_depr__c0p60__z1p00__lam0p020__nu0p50__psi0p75,hardzero_plus_depr,0.02,32,579,0.0,1,0.42687252,0.42687252,1.0140941,0.0,0.09680681,0.0,0.0,3.4329885e-06,-26.998657,2.2310517,0.74368393,0.15200001,0.0,0.16247526,11.560075,11.580075,1856000
hardzero_plus_depr__c0p60__z1p00__lam0p020__nu0p50__psi0p75,hardzero_plus_depr,0.02,32,580,0.0,1,0.42687252,0.42687252,1.0418149,0.0,0.09082074,0.0,0.0,3.381877e-06,-27.23802,2.2920387,0.76401293,0.14400001,0.0,0.15170291,11.580075,11.600076,1859200
hardzero_plus_depr__c0p60__z1p00__lam0p020__nu0p50__psi0p75,hardzero_plus_depr,0.02,32,581,0.0,1,0.42687252,0.42687252,1.0312756,0.0,0.09305171,0.0,0.0,3.3315262e-06,-26.751842,2.2688518,0.75628394,0.120000005,0.0,0.15532649,11.600076,11.620076,1862400
hardzero_plus_depr__c0p60__z1p00__lam0p020__nu0p50__psi0p75,hardzero_plus_depr,0.02,32,582,0.0,1,0.42687252,0.42687288,0.9607026,0.10947057,0.10947057,1.0,3.592742e-07,3.281925e-06,-26.986717,2.1135879,0.7045293,0.2,0.0,0.15605472,11.620076,11.640077,1865600
hardzero_plus_depr__c0p60__z1p00__lam0p020__nu0p50__psi0p75,hardzero_plus_depr,0.02,32,583,0.0,1,0.42687288,0.42687288,1.0001354,0.0,0.09996882,0.0,0.0,3.2330624e-06,-26.47715,2.200342,0.7334473,0.18400002,0.0,0.16986144,11.640077,11.660077,1868800
hardzero_plus_depr__c0p60__z1p00__lam0p020__nu0p50__psi0p75,hardzero_plus_depr,0.02,32,584,0.0,1,0.42687288,0.4268732,0.9932709,0.101561494,0.101561494,1.0,3.2346597e-07,3.1849272e-06,-26.614338,2.1852396,0.7284132,0.192,0.0,0.16340645,11.660077,11.680078,1872000
hardzero_plus_depr__c0p60__z1p00__lam0p020__nu0p50__psi0p75,hardzero_plus_depr,0.02,32,585,0.0,1,0.4268732,0.4268732,1.01929,0.0,0.0956555,0.0,0.0,3.1375087e-06,-27.536648,2.2424827,0.7474942,0.19999999,0.0,0.13113773,11.680078,11.700078,1875200
hardzero_plus_depr__c0p60__z1p00__lam0p020__nu0p50__psi0p75,hardzero_plus_depr,0.02,32,586,0.0,1,0.4268732,0.4268732,1.0199116,0.0,0.09551867,0.0,0.0,3.0907966e-06,-27.41367,2.2438505,0.7479502,0.128,0.0,0.15805459,11.700078,11.720078,1878400
hardzero_plus_depr__c0p60__z1p00__lam0p020__nu0p50__psi0p75,hardzero_plus_depr,0.02,32,587,0.0,1,0.4268732,0.4268732,1.0214834,0.0,0.09517362,0.0,0.0,3.0447795e-06,-26.522455,2.2473085,0.74910283,0.16000001,0.0,0.16146058,11.720078,11.740079,1881600
hardzero_plus_depr__c0p60__z1p00__lam0p020__nu0p50__psi0p75,hardzero_plus_depr,0.02,32,588,0.0,1,0.4268732,0.4268735,0.9837298,0.103817426,0.103817426,1.0,3.113949e-07,2.9994474e-06,-26.184052,2.1642487,0.72141623,0.136,0.0,0.13083598,11.740079,11.760079,1884800
hardzero_plus_depr__c0p60__z1p00__lam0p020__nu0p50__psi0p75,hardzero_plus_depr,0.02,32,589,0.0,1,0.4268735,0.4268735,1.0497198,0.0,0.089182615,0.0,0.0,2.9547905e-06,-27.465952,2.3094296,0.7698099,0.16800001,0.0,0.1669782,11.760079,11.78008,1888000
hardzero_plus_depr__c0p60__z1p00__lam0p020__nu0p50__psi0p75,hardzero_plus_depr,0.02,32,590,0.0,1,0.4268735,0.4268735,1.0181489,0.0,0.09590718,0.0,0.0,2.9107982e-06,-27.63279,2.2399724,0.7466575,0.18400002,0.0,0.16690105,11.78008,11.80008,1891200
hardzero_plus_depr__c0p60__z1p00__lam0p020__nu0p50__psi0p75,hardzero_plus_depr,0.02,32,591,0.0,1,0.4268735,0.4268735,1.0304667,0.0,0.0932252,0.0,0.0,2.8674613e-06,-27.138271,2.267072,0.7556907,0.112,0.0,0.14951122,11.80008,11.820081,1894400
hardzero_plus_depr__c0p60__z1p00__lam0p020__nu0p50__psi0p75,hardzero_plus_depr,0.02,32,592,0.0,1,0.4268735,0.4268735,1.0594288,0.0,0.08721098,0.0,0.0,2.8247694e-06,-27.793034,2.3307898,0.77693,0.16000001,0.0,0.1707399,11.820081,11.840081,1897600
hardzero_plus_depr__c0p60__z1p00__lam0p020__nu0p50__psi0p75,hardzero_plus_depr,0.02,32,593,0.0,1,0.4268735,0.4268738,0.9610408,0.109385364,0.109385364,1.0,3.043881e-07,2.7827132e-06,-26.133154,2.114332,0.70477736,0.16800001,0.0,0.1492309,11.840081,11.860082,1900800
hardzero_plus_depr__c0p60__z1p00__lam0p020__nu0p50__psi0p75,hardzero_plus_depr,0.02,32,594,0.0,1,0.4268738,0.4268738,1.022644,0.0,0.09491962,0.0,0.0,2.741283e-06,-28.021397,2.2498617,0.7499539,0.18400002,0.0,0.15852787,11.860082,11.880082,1904000
hardzero_plus_depr__c0p60__z1p00__lam0p020__nu0p50__psi0p75,hardzero_plus_depr,0.02,32,595,0.0,1,0.4268738,0.4268738,1.0041997,0.0,0.09903763,0.0,0.0,2.7004696e-06,-26.575012,2.2092836,0.7364279,0.16000001,0.0,0.1471803,11.880082,11.900083,1907200
hardzero_plus_depr__c0p60__z1p00__lam0p020__nu0p50__psi0p75,hardzero_plus_depr,0.02,32,596,0.0,1,0.4268738,0.4268738,1.0029709,0.0,0.099318236,0.0,0.0,2.660264e-06,-26.850454,2.2065802,0.73552674,0.16800001,0.0,0.1646996,11.900083,11.920083,1910400
hardzero_plus_depr__c0p60__z1p00__lam0p020__nu0p50__psi0p75,hardzero_plus_depr,0.02,32,597,0.0,1,0.4268738,0.4268738,1.0335321,0.0,0.092569485,0.0,0.0,2.620657e-06,-28.033258,2.273816,0.75793874,0.16800001,0.0,0.16044933,11.920083,11.9400835,1913600
hardzero_plus_depr__c0p60__z1p00__lam0p020__nu0p50__psi0p75,hardzero_plus_depr,0.02,32,598,0.0,1,0.4268738,0.4268738,1.0072367,0.0,0.0983475,0.0,0.0,2.5816396e-06,-28.049189,2.215965,0.73865503,0.17999999,0.0,0.18571356,11.9400835,11.960084,1916800
hardzero_plus_depr__c0p60__z1p00__lam0p020__nu0p50__psi0p75,hardzero_plus_depr,0.02,32,599,0.0,1,0.4268738,0.4268738,1.0133185,0.0,0.09697984,0.0,0.0,2.543203e-06,-26.588625,2.2293453,0.7431151,0.14400001,0.0,0.15724884,11.960084,11.980084,1920000
hardzero_plus_depr__c0p60__z1p00__lam0p020__nu0p50__psi0p75,hardzero_plus_depr,0.02,32,600,0.0,1,0.4268738,0.42687404,0.9979918,0.10046349,0.10046349,1.0,2.5169507e-07,2.505339e-06,-25.797031,2.1956258,0.7318753,0.136,0.0,0.15746033,11.980084,12.000085,1923200
hardzero_plus_depr__c0p60__z1p00__lam0p020__nu0p50__psi0p75,hardzero_plus_depr,0.02,32,601,0.0,1,0.42687404,0.42687404,1.0844879,0.0,0.08232128,0.0,0.0,2.4680382e-06,-28.90687,2.385921,0.79530704,0.14400001,0.0,0.1825071,12.000085,12.020085,1926400
hardzero_plus_depr__c0p60__z1p00__lam0p020__nu0p50__psi0p75,hardzero_plus_depr,0.02,32,602,0.0,1,0.42687404,0.42687404,1.0533234,0.0,0.08844566,0.0,0.0,2.4312933e-06,-28.11009,2.3173578,0.7724526,0.16800001,0.0,0.16222994,12.020085,12.040086,1929600
hardzero_plus_depr__c0p60__z1p00__lam0p020__nu0p50__psi0p75,hardzero_plus_depr,0.02,32,603,0.0,1,0.42687404,0.42687428,0.99952406,0.10010966,0.10010966,1.0,2.3977216e-07,2.3950952e-06,-27.49611,2.1989968,0.73299897,0.120000005,0.0,0.17014095,12.040086,12.060086,1932800
hardzero_plus_depr__c0p60__z1p00__lam0p020__nu0p50__psi0p75,hardzero_plus_depr,0.02,32,604,0.0,1,0.42687428,0.42687428,1.0379361,0.0,0.09163553,0.0,0.0,2.359436e-06,-27.283283,2.283505,0.76116836,0.24000001,0.0,0.15108252,12.060086,12.080087,1936000
hardzero_plus_depr__c0p60__z1p00__lam0p020__nu0p50__psi0p75,hardzero_plus_depr,0.02,32,605,0.0,1,0.42687428,0.42687428,1.0412552,0.0,0.090937875,0.0,0.0,2.3243076e-06,-27.60601,2.2908072,0.76360244,0.14400001,0.0,0.14617883,12.080087,12.100087,1939200
hardzero_plus_depr__c0p60__z1p00__lam0p020__nu0p50__psi0p75,hardzero_plus_depr,0.02,32,606,0.0,1,0.42687428,0.42687428,1.0573285,0.0,0.087633766,0.0,0.0,2.2897027e-06,-28.207655,2.326169,0.7753897,0.14400001,0.0,0.16626415,12.100087,12.120088,1942400
hardzero_plus_depr__c0p60__z1p00__lam0p020__nu0p50__psi0p75,hardzero_plus_depr,0.02,32,607,0.0,1,0.42687428,0.42687428,1.0611554,0.0,0.08686495,0.0,0.0,2.2556126e-06,-27.63201,2.3345885,0.7781962,0.17600001,0.0,0.1741817,12.120088,12.140088,1945600
hardzero_plus_depr__c0p60__z1p00__lam0p020__nu0p50__psi0p75,hardzero_plus_depr,0.02,32,608,0.0,1,0.42687428,0.42687428,1.0227412,0.0,0.094898365,0.0,0.0,2.2220302e-06,-26.942846,2.2500756,0.7500252,0.216,0.0,0.15878002,12.140088,12.160089,1948800
hardzero_plus_depr__c0p60__z1p00__lam0p020__nu0p50__psi0p75,hardzero_plus_depr,0.02,32,609,0.0,1,0.42687428,0.42687428,1.0477798,0.0,0.089581884,0.0,0.0,2.1889475e-06,-27.641403,2.3051617,0.76838726,0.136,0.0,0.14560911,12.160089,12.180089,1952000
hardzero_plus_depr__c0p60__z1p00__lam0p020__nu0p50__psi0p75,hardzero_plus_depr,0.02,32,610,0.0,1,0.42687428,0.42687428,1.0374277,0.0,0.091742866,0.0,0.0,2.1563576e-06,-28.006557,2.2823865,0.76079553,0.16000001,0.0,0.13935393,12.180089,12.200089,1955200
hardzero_plus_depr__c0p60__z1p00__lam0p020__nu0p50__psi0p75,hardzero_plus_depr,0.02,32,611,0.0,1,0.42687428,0.42687428,1.0387079,0.0,0.09147284,0.0,0.0,2.1242531e-06,-27.473495,2.285203,0.76173437,0.099999994,0.0,0.18090029,12.200089,12.22009,1958400
hardzero_plus_depr__c0p60__z1p00__lam0p020__nu0p50__psi0p75,hardzero_plus_depr,0.02,32,612,0.0,1,0.42687428,0.42687428,1.0609901,0.0,0.086898014,0.0,0.0,2.0926263e-06,-28.342106,2.3342247,0.7780749,0.120000005,0.0,0.14014171,12.22009,12.24009,1961600
hardzero_plus_depr__c0p60__z1p00__lam0p020__nu0p50__psi0p75,hardzero_plus_depr,0.02,32,613,0.0,1,0.42687428,0.42687428,1.0643392,0.0,0.08623049,0.0,0.0,2.0614705e-06,-27.724852,2.341593,0.78053105,0.128,0.0,0.19062836,12.24009,12.260091,1964800
hardzero_plus_depr__c0p60__z1p00__lam0p020__nu0p50__psi0p75,hardzero_plus_depr,0.02,32,614,0.0,1,0.42687428,0.42687428,1.0113943,0.0,0.09741049,0.0,0.0,2.0307784e-06,-27.059956,2.2251117,0.7417039,0.14400001,0.0,0.16105784,12.260091,12.280091,1968000
hardzero_plus_depr__c0p60__z1p00__lam0p020__nu0p50__psi0p75,hardzero_plus_depr,0.02,32,615,0.0,1,0.42687428,0.42687428,1.0076978,0.0,0.09824311,0.0,0.0,2.0005434e-06,-27.260252,2.2169795,0.73899317,0.17600001,0.0,0.14070639,12.280091,12.300092,1971200
hardzero_plus_depr__c0p60__z1p00__lam0p020__nu0p50__psi0p75,hardzero_plus_depr,0.02,32,616,0.0,1,0.42687428,0.42687428,1.0789046,0.0,0.083386414,0.0,0.0,1.9707584e-06,-27.988216,2.3736377,0.79121256,0.14400001,0.0,0.1793481,12.300092,12.320092,1974400
hardzero_plus_depr__c0p60__z1p00__lam0p020__nu0p50__psi0p75,hardzero_plus_depr,0.02,32,617,0.0,1,0.42687428,0.42687428,1.0644077,0.0,0.086216874,0.0,0.0,1.9414172e-06,-27.798983,2.3417437,0.78058124,0.17600001,0.0,0.16907498,12.320092,12.340093,1977600
hardzero_plus_depr__c0p60__z1p00__lam0p020__nu0p50__psi0p75,hardzero_plus_depr,0.02,32,618,0.0,1,0.42687428,0.42687428,1.0242114,0.0,0.094577655,0.0,0.0,1.9125125e-06,-27.440996,2.25331,0.75110334,0.16800001,0.0,0.18998046,12.340093,12.360093,1980800
hardzero_plus_depr__c0p60__z1p00__lam0p020__nu0p50__psi0p75,hardzero_plus_depr,0.02,32,619,0.0,1,0.42687428,0.42687428,1.0142888,0.0,0.096763425,0.0,0.0,1.8840382e-06,-27.271667,2.23148,0.7438266,0.16000001,0.0,0.16998194,12.360093,12.380094,1984000
hardzero_plus_depr__c0p60__z1p00__lam0p020__nu0p50__psi0p75,hardzero_plus_depr,0.02,32,620,0.0,1,0.42687428,0.42687428,1.0390109,0.0,0.091409035,0.0,0.0,1.8559879e-06,-26.734467,2.2858696,0.7619566,0.224,0.0,0.16719608,12.380094,12.400094,1987200
hardzero_plus_depr__c0p60__z1p00__lam0p020__nu0p50__psi0p75,hardzero_plus_depr,0.02,32,621,0.0,1,0.42687428,0.42687428,1.0399861,0.0,0.09120399,0.0,0.0,1.8283553e-06,-27.261505,2.2880151,0.7626717,0.192,0.0,0.13985518,12.400094,12.4200945,1990400
hardzero_plus_depr__c0p60__z1p00__lam0p020__nu0p50__psi0p75,hardzero_plus_depr,0.02,32,622,0.0,1,0.42687428,0.42687428,1.0292817,0.0,0.09347991,0.0,0.0,1.801134e-06,-26.961348,2.264465,0.7548217,0.128,0.0,0.18226667,12.4200945,12.440095,1993600
hardzero_plus_depr__c0p60__z1p00__lam0p020__nu0p50__psi0p75,hardzero_plus_depr,0.02,32,623,0.0,1,0.42687428,0.42687428,1.0524542,0.0,0.08862287,0.0,0.0,1.7743181e-06,-27.942635,2.3154454,0.7718152,0.15200001,0.0,0.16613078,12.440095,12.460095,1996800
hardzero_plus_depr__c0p60__z1p00__lam0p020__nu0p50__psi0p75,hardzero_plus_depr,0.02,32,624,0.0,1,0.42687428,0.42687428,1.1062016,0.0,0.07830659,0.0,0.0,1.7479013e-06,-29.626144,2.4336922,0.8112308,0.14999999,0.0,0.16940331,12.460095,12.480096,2000000
hardzero_plus_depr__c0p60__z1p00__lam0p020__nu0p50__psi0p75,hardzero_plus_depr,0.02,32,625,0.0,1,0.42687428,0.42687446,0.9702584,0.10708819,0.10708819,1.0,1.8439277e-07,1.7218778e-06,-27.508245,2.1346111,0.71153706,0.17600001,0.0,0.16371872,12.480096,12.500096,2003200
hardzero_plus_depr__c0p60__z1p00__lam0p020__nu0p50__psi0p75,hardzero_plus_depr,0.02,32,626,0.0,1,0.42687446,0.42687446,1.0181843,0.0,0.09589936,0.0,0.0,1.6962416e-06,-26.832575,2.24005,0.74668336,0.15200001,0.0,0.16524756,12.500096,12.520097,2006400
hardzero_plus_depr__c0p60__z1p00__lam0p020__nu0p50__psi0p75,hardzero_plus_depr,0.02,32,627,0.0,1,0.42687446,0.42687446,1.0408069,0.0,0.091031805,0.0,0.0,1.6709876e-06,-27.006292,2.289821,0.76327366,0.18400002,0.0,0.16116703,12.520097,12.540097,2009600
hardzero_plus_depr__c0p60__z1p00__lam0p020__nu0p50__psi0p75,hardzero_plus_depr,0.02,32,628,0.0,1,0.42687446,0.42687446,1.0593541,0.0,0.087225996,0.0,0.0,1.6461091e-06,-29.056108,2.3306255,0.7768752,0.17600001,0.0,0.17256568,12.540097,12.560098,2012800
hardzero_plus_depr__c0p60__z1p00__lam0p020__nu0p50__psi0p75,hardzero_plus_depr,0.02,32,629,0.0,1,0.42687446,0.42687446,1.0505997,0.0,0.0890021,0.0,0.0,1.6216011e-06,-27.94104,2.3113654,0.7704551,0.216,0.0,0.16961454,12.560098,12.580098,2016000
hardzero_plus_depr__c0p60__z1p00__lam0p020__nu0p50__psi0p75,hardzero_plus_depr,0.02,32,630,0.0,1,0.42687446,0.42687464,0.95342976,0.11131923,0.11131923,1.0,1.778278e-07,1.5974581e-06,-26.503435,2.0975873,0.6991958,0.16800001,0.0,0.14697836,12.580098,12.600099,2019200
hardzero_plus_depr__c0p60__z1p00__lam0p020__nu0p50__psi0p75,hardzero_plus_depr,0.02,32,631,0.0,1,0.42687464,0.42687464,1.0206599,0.0,0.09535426,0.0,0.0,1.5736746e-06,-27.864418,2.2454967,0.7484989,0.14400001,0.0,0.17712726,12.600099,12.620099,2022400
hardzero_plus_depr__c0p60__z1p00__lam0p020__nu0p50__psi0p75,hardzero_plus_depr,0.02,32,632,0.0,1,0.42687464,0.42687464,1.0440328,0.0,0.09035811,0.0,0.0,1.5502451e-06,-27.643517,2.2969182,0.7656394,0.14400001,0.0,0.14268062,12.620099,12.6401,2025600
hardzero_plus_depr__c0p60__z1p00__lam0p020__nu0p50__psi0p75,hardzero_plus_depr,0.02,32,633,0.0,1,0.42687464,0.42687464,1.0588714,0.0,0.08732298,0.0,0.0,1.5271643e-06,-28.049608,2.3295636,0.7765212,0.120000005,0.0,0.147929,12.6401,12.6601,2028800
hardzero_plus_depr__c0p60__z1p00__lam0p020__nu0p50__psi0p75,hardzero_plus_depr,0.02,32,634,0.0,1,0.42687464,0.4268748,0.9738455,0.10620735,0.10620735,1.0,1.5978124e-07,1.5044274e-06,-25.795183,2.1425028,0.7141676,0.15200001,0.0,0.12568927,12.6601,12.6801,2032000
hardzero_plus_depr__c0p60__z1p00__lam0p020__nu0p50__psi0p75,hardzero_plus_depr,0.02,32,635,0.0,1,0.4268748,0.42687494,0.97927976,0.10488666,0.10488666,1.0,1.5544506e-07,1.4820289e-06,-27.151512,2.1544585,0.7181529,0.14400001,0.0,0.14944458,12.6801,12.700101,2035200
hardzero_plus_depr__c0p60__z1p00__lam0p020__nu0p50__psi0p75,hardzero_plus_depr,0.02,32,636,0.0,1,0.42687494,0.42687508,0.99490565,0.10117993,0.10117993,1.0,1.4771902e-07,1.4599638e-06,-26.355995,2.188836,0.72961205,0.15200001,0.0,0.15690857,12.700101,12.720101,2038400
hardzero_plus_depr__c0p60__z1p00__lam0p020__nu0p50__psi0p75,hardzero_plus_depr,0.02,32,637,0.0,1,0.42687508,0.42687508,1.0396675,0.0,0.09127094,0.0,0.0,1.4382273e-06,-27.699514,2.2873142,0.76243806,0.19999999,0.0,0.16089569,12.720101,12.740102,2041600
hardzero_plus_depr__c0p60__z1p00__lam0p020__nu0p50__psi0p75,hardzero_plus_depr,0.02,32,638,0.0,1,0.42687508,0.42687508,1.0490916,0.0,0.08931171,0.0,0.0,1.4168143e-06,-27.316898,2.3080475,0.7693492,0.15200001,0.0,0.16298692,12.740102,12.760102,2044800
hardzero_plus_depr__c0p60__z1p00__lam0p020__nu0p50__psi0p75,hardzero_plus_depr,0.02,32,639,0.0,1,0.42687508,0.42687523,0.99863344,0.10031516,0.10031516,1.0,1.400119e-07,1.3957202e-06,-26.103039,2.1970375,0.7323458,0.15200001,0.0,0.13561879,12.760102,12.780103,2048000
hardzero_plus_depr__c0p60__z1p00__lam0p020__nu0p50__psi0p75,hardzero_plus_depr,0.02,32,640,0.0,1,0.42687523,0.42687523,1.1071318,0.0,0.078139044,0.0,0.0,1.3749401e-06,-27.40474,2.4357386,0.8119129,0.096,0.0,0.1839335,12.780103,12.800103,2051200
hardzero_plus_depr__c0p60__z1p00__lam0p020__nu0p50__psi0p75,hardzero_plus_depr,0.02,32,641,0.0,1,0.42687523,0.42687523,1.0343606,0.0,0.092393056,0.0,0.0,1.3544695e-06,-27.941013,2.2756388,0.7585463,0.136,0.0,0.15895925,12.800103,12.820104,2054400
hardzero_plus_depr__c0p60__z1p00__lam0p020__nu0p50__psi0p75,hardzero_plus_depr,0.02,32,642,0.0,1,0.42687523,0.42687523,1.0569631,0.0,0.08770753,0.0,0.0,1.3343038e-06,-26.988258,2.3253653,0.7751218,0.096,0.0,0.16045769,12.820104,12.840104,2057600
hardzero_plus_depr__c0p60__z1p00__lam0p020__nu0p50__psi0p75,hardzero_plus_depr,0.02,32,643,0.0,1,0.42687523,0.42687523,1.0745388,0.0,0.0842289,0.0,0.0,1.3144379e-06,-27.363085,2.3640325,0.78801084,0.08800001,0.0,0.17235525,12.840104,12.860105,2060800
hardzero_plus_depr__c0p60__z1p00__lam0p020__nu0p50__psi0p75,hardzero_plus_depr,0.02,32,644,0.0,1,0.42687523,0.42687523,1.024058,0.0,0.09461108,0.0,0.0,1.2948683e-06,-27.331808,2.2529726,0.75099087,0.18400002,0.0,0.14010367,12.860105,12.880105,2064000
hardzero_plus_depr__c0p60__z1p00__lam0p020__nu0p50__psi0p75,hardzero_plus_depr,0.02,32,645,0.0,1,0.42687523,0.42687523,1.0338826,0.0,0.09249479,0.0,0.0,1.2755897e-06,-27.294605,2.2745872,0.75819576,0.136,0.0,0.16454242,12.880105,12.900105,2067200
hardzero_plus_depr__c0p60__z1p00__lam0p020__nu0p50__psi0p75,hardzero_plus_depr,0.02,32,646,0.0,1,0.42687523,0.42687535,0.99493337,0.10117346,0.10117346,1.0,1.2713438e-07,1.2565981e-06,-27.61322,2.1888971,0.7296324,0.192,0.0,0.15358126,12.900105,12.920106,2070400
hardzero_plus_depr__c0p60__z1p00__lam0p020__nu0p50__psi0p75,hardzero_plus_depr,0.02,32,647,0.0,1,0.42687535,0.42687535,1.0222664,0.0,0.09500219,0.0,0.0,1.2378894e-06,-27.78523,2.249031,0.74967706,0.16800001,0.0,0.16687077,12.920106,12.940106,2073600
hardzero_plus_depr__c0p60__z1p00__lam0p020__nu0p50__psi0p75,hardzero_plus_depr,0.02,32,648,0.0,1,0.42687535,0.42687535,1.0536295,0.0,0.088383354,0.0,0.0,1.2194593e-06,-27.255173,2.3180313,0.7726771,0.16800001,0.0,0.1515959,12.940106,12.960107,2076800
hardzero_plus_depr__c0p60__z1p00__lam0p020__nu0p50__psi0p75,hardzero_plus_depr,0.02,32,649,0.0,1,0.42687535,0.42687535,1.0308837,0.0,0.093135715,0.0,0.0,1.2013033e-06,-27.275414,2.2679894,0.75599647,0.120000005,0.0,0.17677897,12.960107,12.980107,2080000
hardzero_plus_depr__c0p60__z1p00__lam0p020__nu0p50__psi0p75,hardzero_plus_depr,0.02,32,650,0.0,1,0.42687535,0.42687547,0.9876868,0.10287579,0.10287579,1.0,1.2174506e-07,1.1834179e-06,-25.951586,2.1729543,0.72431815,0.17999999,0.0,0.14134069,12.980107,13.000108,2083200
hardzero_plus_depr__c0p60__z1p00__lam0p020__nu0p50__psi0p75,hardzero_plus_depr,0.02,32,651,0.0,1,0.42687547,0.4268756,0.9728449,0.1064523,0.1064523,1.0,1.2410197e-07,1.1657988e-06,-24.997278,2.1403015,0.71343386,0.192,0.0,0.14460067,13.000108,13.020108,2086400
hardzero_plus_depr__c0p60__z1p00__lam0p020__nu0p50__psi0p75,hardzero_plus_depr,0.02,32,652,0.0,1,0.4268756,0.4268756,1.0645199,0.0,0.08619462,0.0,0.0,1.1484419e-06,-27.386286,2.3419905,0.7806635,0.15200001,0.0,0.17053357,13.020108,13.040109,2089600
hardzero_plus_depr__c0p60__z1p00__lam0p020__nu0p50__psi0p75,hardzero_plus_depr,0.02,32,653,0.0,1,0.4268756,0.4268757,0.97043884,0.107043706,0.107043706,1.0,1.211032e-07,1.1313435e-06,-25.895508,2.135008,0.7116694,0.128,0.0,0.13846534,13.040109,13.060109,2092800
hardzero_plus_depr__c0p60__z1p00__lam0p020__nu0p50__psi0p75,hardzero_plus_depr,0.02,32,654,0.0,1,0.4268757,0.4268757,1.0204736,0.0,0.09539516,0.0,0.0,1.1144995e-06,-27.16373,2.2450867,0.74836224,0.14400001,0.0,0.1647176,13.060109,13.08011,2096000
hardzero_plus_depr__c0p60__z1p00__lam0p020__nu0p50__psi0p75,hardzero_plus_depr,0.02,32,655,0.0,1,0.4268757,0.4268757,1.0036905,0.0,0.09915383,0.0,0.0,1.0979064e-06,-26.768099,2.208163,0.73605436,0.17600001,0.0,0.13154507,13.08011,13.10011,2099200
hardzero_plus_depr__c0p60__z1p00__lam0p020__nu0p50__psi0p75,hardzero_plus_depr,0.02,32,656,0.0,1,0.4268757,0.4268757,1.0110399,0.0,0.09749001,0.0,0.0,1.0815603e-06,-27.41446,2.224332,0.74144405,0.128,0.0,0.15946218,13.10011,13.1201105,2102400
hardzero_plus_depr__c0p60__z1p00__lam0p020__nu0p50__psi0p75,hardzero_plus_depr,0.02,32,657,0.0,1,0.4268757,0.4268757,1.0609468,0.0,0.08690667,0.0,0.0,1.0654577e-06,-28.71281,2.3341296,0.7780432,0.15200001,0.0,0.19001463,13.1201105,13.140111,2105600
hardzero_plus_depr__c0p60__z1p00__lam0p020__nu0p50__psi0p75,hardzero_plus_depr,0.02,32,658,0.0,1,0.4268757,0.4268757,1.0410318,0.0,0.09098466,0.0,0.0,1.0495947e-06,-27.215668,2.2903159,0.76343864,0.120000005,0.0,0.19310829,13.140111,13.160111,2108800
hardzero_plus_depr__c0p60__z1p00__lam0p020__nu0p50__psi0p75,hardzero_plus_depr,0.02,32,659,0.0,1,0.4268757,0.4268758,0.99838096,0.10037349,0.10037349,1.0,1.0378297e-07,1.0339679e-06,-27.223648,2.196482,0.7321607,0.17600001,0.0,0.14900799,13.160111,13.180112,2112000
hardzero_plus_depr__c0p60__z1p00__lam0p020__nu0p50__psi0p75,hardzero_plus_depr,0.02,32,660,0.0,1,0.4268758,0.4268758,1.0516943,0.0,0.08877807,0.0,0.0,1.0185737e-06,-27.321224,2.3137736,0.7712579,0.128,0.0,0.16565676,13.180112,13.200112,2115200
hardzero_plus_depr__c0p60__z1p00__lam0p020__nu0p50__psi0p75,hardzero_plus_depr,0.02,32,661,0.0,1,0.4268758,0.4268758,1.0071613,0.0,0.09836456,0.0,0.0,1.0034089e-06,-27.100792,2.215799,0.7385997,0.16000001,0.0,0.15172231,13.200112,13.220113,2118400
hardzero_plus_depr__c0p60__z1p00__lam0p020__nu0p50__psi0p75,hardzero_plus_depr,0.02,32,662,0.0,1,0.4268758,0.4268759,0.9914535,0.10198739,0.10198739,1.0,1.00811455e-07,9.884698e-07,-26.279484,2.1812413,0.72708046,0.15200001,0.0,0.14453815,13.220113,13.240113,2121600
hardzero_plus_depr__c0p60__z1p00__lam0p020__nu0p50__psi0p75,hardzero_plus_depr,0.02,32,663,0.0,1,0.4268759,0.4268759,1.0318186,0.0,0.09293544,0.0,0.0,9.73753e-07,-27.817822,2.2700462,0.7566821,0.14999999,0.0,0.1445317,13.240113,13.260114,2124800
hardzero_plus_depr__c0p60__z1p00__lam0p020__nu0p50__psi0p75,hardzero_plus_depr,0.02,32,664,0.0,1,0.4268759,0.4268759,1.0278001,0.0,0.09379937,0.0,0.0,9.592553e-07,-26.943151,2.2612054,0.7537352,0.16000001,0.0,0.17645857,13.260114,13.280114,2128000
hardzero_plus_depr__c0p60__z1p00__lam0p020__nu0p50__psi0p75,hardzero_plus_depr,0.02,32,665,0.0,1,0.4268759,0.4268759,1.0092458,0.0,0.09789359,0.0,0.0,9.449736e-07,-25.230074,2.220385,0.7401284,0.17600001,0.0,0.16181754,13.280114,13.300115,2131200
hardzero_plus_depr__c0p60__z1p00__lam0p020__nu0p50__psi0p75,hardzero_plus_depr,0.02,32,666,0.0,1,0.4268759,0.4268759,1.0245394,0.0,0.09450627,0.0,0.0,9.309044e-07,-27.200644,2.2540317,0.7513439,0.14400001,0.0,0.13950506,13.300115,13.320115,2134400
hardzero_plus_depr__c0p60__z1p00__lam0p020__nu0p50__psi0p75,hardzero_plus_depr,0.02,32,667,0.0,1,0.4268759,0.4268759,1.03658,0.0,0.09192212,0.0,0.0,9.170448e-07,-27.053963,2.2805214,0.7601738,0.17600001,0.0,0.15606186,13.320115,13.340116,2137600
hardzero_plus_depr__c0p60__z1p00__lam0p020__nu0p50__psi0p75,hardzero_plus_depr,0.02,32,668,0.0,1,0.4268759,0.4268759,1.0381935,0.0,0.09158123,0.0,0.0,9.033915e-07,-26.448254,2.2840712,0.76135707,0.14400001,0.0,0.15497413,13.340116,13.360116,2140800
hardzero_plus_depr__c0p60__z1p00__lam0p020__nu0p50__psi0p75,hardzero_plus_depr,0.02,32,669,0.0,1,0.4268759,0.4268759,1.0153257,0.0,0.09653267,0.0,0.0,8.8994136e-07,-27.10386,2.233761,0.74458706,0.14400001,0.0,0.15613222,13.360116,13.380116,2144000
hardzero_plus_depr__c0p60__z1p00__lam0p020__nu0p50__psi0p75,hardzero_plus_depr,0.02,32,670,0.0,1,0.4268759,0.4268759,1.1064411,0.0,0.078263424,0.0,0.0,8.766916e-07,-28.223007,2.4342191,0.8114064,0.08800001,0.0,0.1753464,13.380116,13.400117,2147200
hardzero_plus_depr__c0p60__z1p00__lam0p020__nu0p50__psi0p75,hardzero_plus_depr,0.02,32,671,0.0,1,0.4268759,0.4268759,1.0562469,0.0,0.08785229,0.0,0.0,8.6363906e-07,-27.99041,2.3237896,0.7745966,0.104,0.0,0.1824446,13.400117,13.420117,2150400
hardzero_plus_depr__c0p60__z1p00__lam0p020__nu0p50__psi0p75,hardzero_plus_depr,0.02,32,672,0.0,1,0.4268759,0.4268759,1.051321,0.0,0.08885441,0.0,0.0,8.5078074e-07,-27.34856,2.3129525,0.7709842,0.16000001,0.0,0.1630762,13.420117,13.440118,2153600
hardzero_plus_depr__c0p60__z1p00__lam0p020__nu0p50__psi0p75,hardzero_plus_depr,0.02,32,673,0.0,1,0.4268759,0.4268759,1.0350926,0.0,0.09223748,0.0,0.0,8.3811403e-07,-27.25309,2.277249,0.75908303,0.16000001,0.0,0.13763443,13.440118,13.460118,2156800
hardzero_plus_depr__c0p60__z1p00__lam0p020__nu0p50__psi0p75,hardzero_plus_depr,0.02,32,674,0.0,1,0.4268759,0.4268759,1.074108,0.0,0.084312506,0.0,0.0,8.256359e-07,-28.565079,2.3630848,0.78769493,0.120000005,0.0,0.18388937,13.460118,13.480119,2160000
hardzero_plus_depr__c0p60__z1p00__lam0p020__nu0p50__psi0p75,hardzero_plus_depr,0.02,32,675,0.0,1,0.4268759,0.42687598,0.98674613,0.10309885,0.10309885,1.0,8.385478e-08,8.133435e-07,-26.185236,2.1708848,0.7236283,0.192,0.0,0.15877558,13.480119,13.500119,2163200
hardzero_plus_depr__c0p60__z1p00__lam0p020__nu0p50__psi0p75,hardzero_plus_depr,0.02,32,676,0.0,1,0.42687598,0.42687598,1.0450156,0.0,0.09015387,0.0,0.0,8.0123414e-07,-27.630863,2.2990801,0.76636004,0.17999999,0.0,0.15480413,13.500119,13.52012,2166400
hardzero_plus_depr__c0p60__z1p00__lam0p020__nu0p50__psi0p75,hardzero_plus_depr,0.02,32,677,0.0,1,0.42687598,0.42687598,1.0756755,0.0,0.08400875,0.0,0.0,7.89305e-07,-28.230766,2.3665333,0.78884447,0.18400002,0.0,0.17343067,13.52012,13.54012,2169600
hardzero_plus_depr__c0p60__z1p00__lam0p020__nu0p50__psi0p75,hardzero_plus_depr,0.02,32,678,0.0,1,0.42687598,0.42687598,1.042967,0.0,0.09058014,0.0,0.0,7.775535e-07,-28.01135,2.294573,0.7648577,0.136,0.0,0.1699757,13.54012,13.560121,2172800
hardzero_plus_depr__c0p60__z1p00__lam0p020__nu0p50__psi0p75,hardzero_plus_depr,0.02,32,679,0.0,1,0.42687598,0.42687598,1.0553465,0.0,0.08803462,0.0,0.0,7.65977e-07,-27.939487,2.3218086,0.7739362,0.16800001,0.0,0.21059522,13.560121,13.580121,2176000
hardzero_plus_depr__c0p60__z1p00__lam0p020__nu0p50__psi0p75,hardzero_plus_depr,0.02,32,680,0.0,1,0.42687598,0.42687598,1.0219785,0.0,0.09506518,0.0,0.0,7.545728e-07,-26.563238,2.2483976,0.7494659,0.136,0.0,0.14677206,13.580121,13.6001215,2179200
hardzero_plus_depr__c0p60__z1p00__lam0p020__nu0p50__psi0p75,hardzero_plus_depr,0.02,32,681,0.0,1,0.42687598,0.42687598,1.0339849,0.0,0.09247304,0.0,0.0,7.4333843e-07,-26.965248,2.2748122,0.75827074,0.15200001,0.0,0.17989565,13.6001215,13.620122,2182400
hardzero_plus_depr__c0p60__z1p00__lam0p020__nu0p50__psi0p75,hardzero_plus_depr,0.02,32,682,0.0,1,0.42687598,0.42687598,1.0116984,0.0,0.0973423,0.0,0.0,7.322713e-07,-26.873913,2.225781,0.741927,0.15200001,0.0,0.16220611,13.620122,13.640122,2185600
hardzero_plus_depr__c0p60__z1p00__lam0p020__nu0p50__psi0p75,hardzero_plus_depr,0.02,32,683,0.0,1,0.42687598,0.42687598,1.0468887,0.0,0.089765884,0.0,0.0,7.2136896e-07,-28.176626,2.3032012,0.76773375,0.136,0.0,0.17370379,13.640122,13.660123,2188800
hardzero_plus_depr__c0p60__z1p00__lam0p020__nu0p50__psi0p75,hardzero_plus_depr,0.02,32,684,0.0,1,0.42687598,0.42687598,1.0935189,0.0,0.08062712,0.0,0.0,7.1062897e-07,-29.240963,2.4057896,0.8019299,0.16800001,0.0,0.15648147,13.660123,13.680123,2192000
hardzero_plus_depr__c0p60__z1p00__lam0p020__nu0p50__psi0p75,hardzero_plus_depr,0.02,32,685,0.0,1,0.42687598,0.42687604,0.9981526,0.100426294,0.100426294,1.0,7.030331e-08,7.000488e-07,-26.689512,2.1959796,0.7319932,0.216,0.0,0.14861697,13.680123,13.700124,2195200
hardzero_plus_depr__c0p60__z1p00__lam0p020__nu0p50__psi0p75,hardzero_plus_depr,0.02,32,686,0.0,1,0.42687604,0.42687604,1.0164505,0.0,0.09628296,0.0,0.0,6.8962623e-07,-27.152164,2.2362359,0.745412,0.16800001,0.0,0.15712081,13.700124,13.720124,2198400
hardzero_plus_depr__c0p60__z1p00__lam0p020__nu0p50__psi0p75,hardzero_plus_depr,0.02,32,687,0.0,1,0.42687604,0.4268761,0.9944899,0.10127683,0.10127683,1.0,6.88033e-08,6.793588e-07,-26.180285,2.1879215,0.7293072,0.18400002,0.0,0.15325435,13.720124,13.740125,2201600
hardzero_plus_depr__c0p60__z1p00__lam0p020__nu0p50__psi0p75,hardzero_plus_depr,0.02,32,688,0.0,1,0.4268761,0.42687616,0.9964277,0.100825936,0.100825936,1.0,6.747717e-08,6.692442e-07,-27.328497,2.1921847,0.73072827,0.18400002,0.0,0.14349335,13.740125,13.760125,2204800
hardzero_plus_depr__c0p60__z1p00__lam0p020__nu0p50__psi0p75,hardzero_plus_depr,0.02,32,689,0.0,1,0.42687616,0.42687616,1.0173529,0.0,0.09608311,0.0,0.0,6.5928026e-07,-26.842394,2.2382212,0.7460737,0.12,0.0,0.15778454,13.760125,13.780126,2208000
hardzero_plus_depr__c0p60__z1p00__lam0p020__nu0p50__psi0p75,hardzero_plus_depr,0.02,32,690,0.0,1,0.42687616,0.42687616,1.0423763,0.0,0.090703435,0.0,0.0,6.494646e-07,-27.194302,2.2932737,0.76442456,0.128,0.0,0.18817398,13.780126,13.800126,2211200
hardzero_plus_depr__c0p60__z1p00__lam0p020__nu0p50__psi0p75,hardzero_plus_depr,0.02,32,691,0.0,1,0.42687616,0.42687616,1.0162638,0.0,0.09632436,0.0,0.0,6.397952e-07,-26.60387,2.235825,0.745275,0.136,0.0,0.16049086,13.800126,13.820127,2214400
hardzero_plus_depr__c0p60__z1p00__lam0p020__nu0p50__psi0p75,hardzero_plus_depr,0.02,32,692,0.0,1,0.42687616,0.42687616,1.0444413,0.0,0.090273164,0.0,0.0,6.3026954e-07,-27.455282,2.2978168,0.76593894,0.136,0.0,0.14055756,13.820127,13.840127,2217600
hardzero_plus_depr__c0p60__z1p00__lam0p020__nu0p50__psi0p75,hardzero_plus_depr,0.02,32,693,0.0,1,0.42687616,0.42687616,1.041574,0.0,0.09087114,0.0,0.0,6.208859e-07,-27.18797,2.2915087,0.76383626,0.192,0.0,0.15396221,13.840127,13.860127,2220800
hardzero_plus_depr__c0p60__z1p00__lam0p020__nu0p50__psi0p75,hardzero_plus_depr,0.02,32,694,0.0,1,0.42687616,0.42687616,1.0237862,0.0,0.0946703,0.0,0.0,6.1164195e-07,-27.838398,2.2523746,0.75079155,0.2,0.0,0.16013409,13.860127,13.880128,2224000
hardzero_plus_depr__c0p60__z1p00__lam0p020__nu0p50__psi0p75,hardzero_plus_depr,0.02,32,695,0.0,1,0.42687616,0.42687622,0.99825656,0.10040226,0.10040226,1.0,6.049593e-08,6.025355e-07,-27.627335,2.1962082,0.73206943,0.216,0.0,0.19166878,13.880128,13.900128,2227200
hardzero_plus_depr__c0p60__z1p00__lam0p020__nu0p50__psi0p75,hardzero_plus_depr,0.02,32,696,0.0,1,0.42687622,0.42687622,1.0615023,0.0,0.08679558,0.0,0.0,5.935648e-07,-28.595274,2.3353517,0.7784506,0.14400001,0.0,0.15267782,13.900128,13.920129,2230400
hardzero_plus_depr__c0p60__z1p00__lam0p020__nu0p50__psi0p75,hardzero_plus_depr,0.02,32,697,0.0,1,0.42687622,0.42687622,1.0900536,0.0,0.08127302,0.0,0.0,5.8472756e-07,-27.819765,2.3981657,0.7993886,0.14400001,0.0,0.17423186,13.920129,13.940129,2233600
hardzero_plus_depr__c0p60__z1p00__lam0p020__nu0p50__psi0p75,hardzero_plus_depr,0.02,32,698,0.0,1,0.42687622,0.42687622,1.0566341,0.0,0.08777401,0.0,0.0,5.7602193e-07,-28.605639,2.3246415,0.7748805,0.17600001,0.0,0.1758011,13.940129,13.96013,2236800
hardzero_plus_depr__c0p60__z1p00__lam0p020__nu0p50__psi0p75,hardzero_plus_depr,0.02,32,699,0.0,1,0.42687622,0.42687622,1.0823871,0.0,0.08272046,0.0,0.0,5.674458e-07,-28.262907,2.381299,0.7937664,0.16000001,0.0,0.17304696,13.96013,13.98013,2240000
hardzero_plus_depr__c0p60__z1p00__lam0p020__nu0p50__psi0p75,hardzero_plus_depr,0.02,32,700,0.0,1,0.42687622,0.42687628,0.99323153,0.1015707,0.1015707,1.0,5.6777765e-08,5.5899744e-07,-26.255074,2.185153,0.7283844,0.192,0.0,0.16177681,13.98013,14.000131,2243200
hardzero_plus_depr__c0p60__z1p00__lam0p020__nu0p50__psi0p75,hardzero_plus_depr,0.02,32,701,0.0,1,0.42687628,0.42687634,0.98550636,0.1033936,0.1033936,1.0,5.693626e-08,5.506749e-07,-26.27166,2.1681573,0.72271913,0.120000005,0.0,0.14761725,14.000131,14.020131,2246400
hardzero_plus_depr__c0p60__z1p00__lam0p020__nu0p50__psi0p75,hardzero_plus_depr,0.02,32,702,0.0,1,0.42687634,0.42687634,1.0233175,0.0,0.09477254,0.0,0.0,5.4247624e-07,-26.837719,2.2513433,0.75044775,0.08,0.0,0.14874023,14.020131,14.040132,2249600
hardzero_plus_depr__c0p60__z1p00__lam0p020__nu0p50__psi0p75,hardzero_plus_depr,0.02,32,703,0.0,1,0.42687634,0.42687634,1.0585934,0.0,0.0873789,0.0,0.0,5.3439965e-07,-27.950897,2.3289518,0.7763173,0.112,0.0,0.18823537,14.040132,14.060132,2252800
hardzero_plus_depr__c0p60__z1p00__lam0p020__nu0p50__psi0p75,hardzero_plus_depr,0.02,32,704,0.0,1,0.42687634,0.42687634,1.0648985,0.0,0.086119495,0.0,0.0,5.264432e-07,-28.76018,2.3428235,0.7809412,0.16000001,0.0,0.15595116,14.060132,14.0801325,2256000
hardzero_plus_depr__c0p60__z1p00__lam0p020__nu0p50__psi0p75,hardzero_plus_depr,0.02,32,705,0.0,1,0.42687634,0.42687634,1.0410401,0.0,0.09098294,0.0,0.0,5.1860536e-07,-27.244926,2.290334,0.76344466,0.18400002,0.008,0.16250378,14.0801325,14.100133,2259200
hardzero_plus_depr__c0p60__z1p00__lam0p020__nu0p50__psi0p75,hardzero_plus_depr,0.02,32,706,0.0,1,0.42687634,0.42687634,1.074576,0.0,0.0842217,0.0,0.0,5.108842e-07,-28.620228,2.3641145,0.7880382,0.112,0.0,0.16560756,14.100133,14.120133,2262400
hardzero_plus_depr__c0p60__z1p00__lam0p020__nu0p50__psi0p75,hardzero_plus_depr,0.02,32,707,0.0,1,0.42687634,0.42687634,1.0470719,0.0,0.089728005,0.0,0.0,5.0327793e-07,-27.444176,2.3036044,0.76786816,0.104,0.0,0.15915762,14.120133,14.140134,2265600
hardzero_plus_depr__c0p60__z1p00__lam0p020__nu0p50__psi0p75,hardzero_plus_depr,0.02,32,708,0.0,1,0.42687634,0.42687634,1.0692722,0.0,0.085256554,0.0,0.0,4.9578495e-07,-27.290155,2.3524458,0.78414863,0.192,0.0,0.175408,14.140134,14.160134,2268800
hardzero_plus_depr__c0p60__z1p00__lam0p020__nu0p50__psi0p75,hardzero_plus_depr,0.02,32,709,0.0,1,0.42687634,0.42687634,1.0092598,0.0,0.09789041,0.0,0.0,4.884035e-07,-26.516455,2.2204158,0.74013865,0.2,0.0,0.17130601,14.160134,14.180135,2272000
hardzero_plus_depr__c0p60__z1p00__lam0p020__nu0p50__psi0p75,hardzero_plus_depr,0.02,32,710,0.0,1,0.42687634,0.4268764,0.99751604,0.10057358,0.10057358,1.0,4.8389158e-08,4.811319e-07,-26.930397,2.1945791,0.7315264,0.136,0.0,0.15584181,14.180135,14.200135,2275200
hardzero_plus_depr__c0p60__z1p00__lam0p020__nu0p50__psi0p75,hardzero_plus_depr,0.02,32,711,0.0,1,0.4268764,0.4268764,1.027707,0.0,0.09381948,0.0,0.0,4.7396864e-07,-26.95139,2.2610006,0.7536669,0.16000001,0.0,0.15814395,14.200135,14.220136,2278400
hardzero_plus_depr__c0p60__z1p00__lam0p020__nu0p50__psi0p75,hardzero_plus_depr,0.02,32,712,0.0,1,0.4268764,0.4268764,1.039754,0.0,0.09125275,0.0,0.0,4.66912e-07,-27.116959,2.2875047,0.7625016,0.112,0.0,0.15555036,14.220136,14.240136,2281600
hardzero_plus_depr__c0p60__z1p00__lam0p020__nu0p50__psi0p75,hardzero_plus_depr,0.02,32,713,0.0,1,0.4268764,0.4268764,1.0514284,0.0,0.08883242,0.0,0.0,4.5996046e-07,-27.360422,2.3131888,0.77106297,0.18400002,0.0,0.16638815,14.240136,14.260137,2284800
hardzero_plus_depr__c0p60__z1p00__lam0p020__nu0p50__psi0p75,hardzero_plus_depr,0.02,32,714,0.0,1,0.4268764,0.4268764,1.0828316,0.0,0.082635835,0.0,0.0,4.5311236e-07,-27.867292,2.382277,0.79409236,0.08800001,0.0,0.15227069,14.260137,14.280137,2288000
hardzero_plus_depr__c0p60__z1p00__lam0p020__nu0p50__psi0p75,hardzero_plus_depr,0.02,32,715,0.0,1,0.4268764,0.4268764,1.0148338,0.0,0.09664206,0.0,0.0,4.4636624e-07,-28.051653,2.232679,0.74422634,0.14999999,0.0,0.16835107,14.280137,14.3001375,2291200
hardzero_plus_depr__c0p60__z1p00__lam0p020__nu0p50__psi0p75,hardzero_plus_depr,0.02,32,716,0.0,1,0.4268764,0.4268764,1.0318047,0.0,0.09293843,0.0,0.0,4.397206e-07,-27.232302,2.2700157,0.7566719,0.14400001,0.0,0.15325662,14.3001375,14.320138,2294400
hardzero_plus_depr__c0p60__z1p00__lam0p020__nu0p50__psi0p75,hardzero_plus_depr,0.02,32,717,0.0,1,0.4268764,0.4268764,1.0748508,0.0,0.08416842,0.0,0.0,4.3317382e-07,-28.523796,2.364719,0.78823966,0.16800001,0.0,0.1695142,14.320138,14.340138,2297600
hardzero_plus_depr__c0p60__z1p00__lam0p020__nu0p50__psi0p75,hardzero_plus_depr,0.02,32,718,0.0,1,0.4268764,0.4268764,1.0581149,0.0,0.08747522,0.0,0.0,4.2672454e-07,-27.493048,2.3278992,0.7759664,0.16800001,0.0,0.18041728,14.340138,14.360139,2300800
hardzero_plus_depr__c0p60__z1p00__lam0p020__nu0p50__psi0p75,hardzero_plus_depr,0.02,32,719,0.0,1,0.4268764,0.4268764,1.0438273,0.0,0.09040088,0.0,0.0,4.2037132e-07,-27.872236,2.2964659,0.7654886,0.120000005,0.0,0.20620362,14.360139,14.380139,2304000
hardzero_plus_depr__c0p60__z1p00__lam0p020__nu0p50__psi0p75,hardzero_plus_depr,0.02,32,720,0.0,1,0.4268764,0.4268764,1.0036647,0.0,0.09915971,0.0,0.0,4.1411263e-07,-27.43125,2.2081065,0.7360355,0.136,0.0,0.14503597,14.380139,14.40014,2307200
hardzero_plus_depr__c0p60__z1p00__lam0p020__nu0p50__psi0p75,hardzero_plus_depr,0.02,32,721,0.0,1,0.4268764,0.4268764,1.0453883,0.0,0.09007653,0.0,0.0,4.0794717e-07,-26.753925,2.2999003,0.76663345,0.16800001,0.0,0.16159436,14.40014,14.42014,2310400
hardzero_plus_depr__c0p60__z1p00__lam0p020__nu0p50__psi0p75,hardzero_plus_depr,0.02,32,722,0.0,1,0.4268764,0.4268764,1.0880315,0.0,0.0816523,0.0,0.0,4.018735e-07,-28.10788,2.393717,0.7979057,0.128,0.0,0.1791374,14.42014,14.440141,2313600
hardzero_plus_depr__c0p60__z1p00__lam0p020__nu0p50__psi0p75,hardzero_plus_depr,0.02,32,723,0.0,1,0.4268764,0.4268764,1.0469813,0.0,0.08974673,0.0,0.0,3.9589023e-07,-27.335222,2.303405,0.7678017,0.112,0.0,0.19549976,14.440141,14.460141,2316800
hardzero_plus_depr__c0p60__z1p00__lam0p020__nu0p50__psi0p75,hardzero_plus_depr,0.02,32,724,0.0,1,0.4268764,0.4268764,1.0649232,0.0,0.08611461,0.0,0.0,3.8999607e-07,-28.45501,2.3428779,0.7809593,0.17600001,0.0,0.1933945,14.460141,14.480142,2320000
hardzero_plus_depr__c0p60__z1p00__lam0p020__nu0p50__psi0p75,hardzero_plus_depr,0.02,32,725,0.0,1,0.4268764,0.4268764,1.0419533,0.0,0.09079182,0.0,0.0,3.8418966e-07,-26.81218,2.2923431,0.7641144,0.120000005,0.0,0.12576474,14.480142,14.500142,2323200
hardzero_plus_depr__c0p60__z1p00__lam0p020__nu0p50__psi0p75,hardzero_plus_depr,0.02,32,726,0.0,1,0.4268764,0.42687643,0.9826704,0.10407097,0.10407097,1.0,3.938771e-08,3.7846974e-07,-26.554075,2.1619182,0.7206394,0.28,0.0,0.146355,14.500142,14.520143,2326400
hardzero_plus_depr__c0p60__z1p00__lam0p020__nu0p50__psi0p75,hardzero_plus_depr,0.02,32,727,0.0,1,0.42687643,0.42687646,0.98212796,0.10420105,0.10420105,1.0,3.8849784e-08,3.7283488e-07,-25.922293,2.1607246,0.72024155,0.15200001,0.0,0.15620738,14.520143,14.540143,2329600
hardzero_plus_depr__c0p60__z1p00__lam0p020__nu0p50__psi0p75,hardzero_plus_depr,0.02,32,728,0.0,1,0.42687646,0.42687646,1.042892,0.0,0.09059578,0.0,0.0,3.6728397e-07,-27.822151,2.294408,0.7648027,0.16,0.0,0.18914805,14.540143,14.560143,2332800
hardzero_plus_depr__c0p60__z1p00__lam0p020__nu0p50__psi0p75,hardzero_plus_depr,0.02,32,729,0.0,1,0.42687646,0.42687646,1.0771741,0.0,0.083719365,0.0,0.0,3.6181572e-07,-27.85278,2.3698304,0.78994346,0.08800001,0.0,0.16058798,14.560143,14.580144,2336000
hardzero_plus_depr__c0p60__z1p00__lam0p020__nu0p50__psi0p75,hardzero_plus_depr,0.02,32,730,0.0,1,0.42687646,0.42687646,1.0079869,0.0,0.09817776,0.0,0.0,3.5642884e-07,-26.90741,2.2176154,0.7392051,0.17600001,0.0,0.14174722,14.580144,14.600144,2339200
hardzero_plus_depr__c0p60__z1p00__lam0p020__nu0p50__psi0p75,hardzero_plus_depr,0.02,32,731,0.0,1,0.42687646,0.42687646,1.0644635,0.0,0.086205795,0.0,0.0,3.511222e-07,-28.288849,2.3418665,0.7806222,0.18400002,0.0,0.1709308,14.600144,14.620145,2342400
hardzero_plus_depr__c0p60__z1p00__lam0p020__nu0p50__psi0p75,hardzero_plus_depr,0.02,32,732,0.0,1,0.42687646,0.42687646,1.0023665,0.0,0.09945657,0.0,0.0,3.4589453e-07,-27.071821,2.2052505,0.7350835,0.24800001,0.0,0.15773189,14.620145,14.640145,2345600
hardzero_plus_depr__c0p60__z1p00__lam0p020__nu0p50__psi0p75,hardzero_plus_depr,0.02,32,733,0.0,1,0.42687646,0.42687646,1.0403697,0.0,0.09112346,0.0,0.0,3.4074472e-07,-27.14311,2.2888591,0.76295304,0.136,0.0,0.16016978,14.640145,14.660146,2348800
hardzero_plus_depr__c0p60__z1p00__lam0p020__nu0p50__psi0p75,hardzero_plus_depr,0.02,32,734,0.0,1,0.42687646,0.4268765,0.9716467,0.10674641,0.10674641,1.0,3.5831736e-08,3.3567156e-07,-25.918142,2.1376655,0.71255517,0.23200001,0.0,0.14026037,14.660146,14.680146,2352000
hardzero_plus_depr__c0p60__z1p00__lam0p020__nu0p50__psi0p75,hardzero_plus_depr,0.02,32,735,0.0,1,0.4268765,0.4268765,1.0674751,0.0,0.08561008,0.0,0.0,3.30674e-07,-28.21915,2.3484921,0.7828307,0.17600001,0.0,0.14671974,14.680146,14.700147,2355200
hardzero_plus_depr__c0p60__z1p00__lam0p020__nu0p50__psi0p75,hardzero_plus_depr,0.02,32,736,0.0,1,0.4268765,0.4268765,1.0128418,0.0,0.09708635,0.0,0.0,3.2575076e-07,-26.955713,2.2282965,0.74276555,0.136,0.0,0.15736865,14.700147,14.720147,2358400
hardzero_plus_depr__c0p60__z1p00__lam0p020__nu0p50__psi0p75,hardzero_plus_depr,0.02,32,737,0.0,1,0.4268765,0.4268765,1.0261614,0.0,0.09415396,0.0,0.0,3.2090085e-07,-27.865786,2.2576003,0.75253344,0.15200001,0.0,0.1665257,14.720147,14.740148,2361600
hardzero_plus_depr__c0p60__z1p00__lam0p020__nu0p50__psi0p75,hardzero_plus_depr,0.02,32,738,0.0,1,0.4268765,0.4268765,1.0307876,0.0,0.09315633,0.0,0.0,3.1612313e-07,-27.632973,2.267778,0.755926,0.16800001,0.0,0.16569354,14.740148,14.760148,2364800
hardzero_plus_depr__c0p60__z1p00__lam0p020__nu0p50__psi0p75,hardzero_plus_depr,0.02,32,739,0.0,1,0.4268765,0.4268765,1.0650347,0.0,0.08609248,0.0,0.0,3.114166e-07,-28.093422,2.3431232,0.7810411,0.112,0.0,0.18686219,14.760148,14.7801485,2368000
hardzero_plus_depr__c0p60__z1p00__lam0p020__nu0p50__psi0p75,hardzero_plus_depr,0.02,32,740,0.0,1,0.4268765,0.4268765,1.0056882,0.0,0.09869879,0.0,0.0,3.0678012e-07,-26.046833,2.2125583,0.73751944,0.23200001,0.0,0.15560326,14.7801485,14.800149,2371200
hardzero_plus_depr__c0p60__z1p00__lam0p020__nu0p50__psi0p75,hardzero_plus_depr,0.02,32,741,0.0,1,0.4268765,0.4268765,1.0607175,0.0,0.086952575,0.0,0.0,3.022126e-07,-27.934544,2.333625,0.77787507,0.089999996,0.0,0.1320389,14.800149,14.820149,2374400
hardzero_plus_depr__c0p60__z1p00__lam0p020__nu0p50__psi0p75,hardzero_plus_depr,0.02,32,742,0.0,1,0.4268765,0.4268765,1.0266138,0.0,0.09405591,0.0,0.0,2.9771314e-07,-26.856236,2.2585955,0.7528652,0.136,0.0,0.14525975,14.820149,14.84015,2377600
hardzero_plus_depr__c0p60__z1p00__lam0p020__nu0p50__psi0p75,hardzero_plus_depr,0.02,32,743,0.0,1,0.4268765,0.4268765,1.0104465,0.0,0.09762329,0.0,0.0,2.932807e-07,-26.358067,2.2230268,0.74100894,0.16000001,0.0,0.13330354,14.84015,14.86015,2380800
hardzero_plus_depr__c0p60__z1p00__lam0p020__nu0p50__psi0p75,hardzero_plus_depr,0.02,32,744,0.0,1,0.4268765,0.4268765,1.0266773,0.0,0.09404219,0.0,0.0,2.889142e-07,-27.402716,2.258735,0.7529117,0.2,0.0,0.1873667,14.86015,14.880151,2384000
hardzero_plus_depr__c0p60__z1p00__lam0p020__nu0p50__psi0p75,hardzero_plus_depr,0.02,32,745,0.0,1,0.4268765,0.4268765,1.0435318,0.0,0.09046242,0.0,0.0,2.8461275e-07,-27.426634,2.2958157,0.7652719,0.224,0.0,0.15802178,14.880151,14.900151,2387200
hardzero_plus_depr__c0p60__z1p00__lam0p020__nu0p50__psi0p75,hardzero_plus_depr,0.02,32,746,0.0,1,0.4268765,0.4268765,1.0027443,0.0,0.099370085,0.0,0.0,2.803753e-07,-27.026367,2.2060816,0.73536056,0.120000005,0.0,0.14231518,14.900151,14.920152,2390400
hardzero_plus_depr__c0p60__z1p00__lam0p020__nu0p50__psi0p75,hardzero_plus_depr,0.02,32,747,0.0,1,0.4268765,0.4268765,1.0349495,0.0,0.09226785,0.0,0.0,2.7620098e-07,-28.270569,2.2769344,0.7589781,0.16000001,0.0,0.16364093,14.920152,14.940152,2393600
hardzero_plus_depr__c0p60__z1p00__lam0p020__nu0p50__psi0p75,hardzero_plus_depr,0.02,32,748,0.0,1,0.4268765,0.4268765,1.0554358,0.0,0.08801653,0.0,0.0,2.7208878e-07,-27.392593,2.322005,0.7740017,0.136,0.0,0.16795842,14.940152,14.960153,2396800
hardzero_plus_depr__c0p60__z1p00__lam0p020__nu0p50__psi0p75,hardzero_plus_depr,0.02,32,749,0.0,1,0.4268765,0.4268765,1.0371904,0.0,0.09179299,0.0,0.0,2.6803784e-07,-26.731504,2.2818644,0.7606215,0.17600001,0.0,0.1511835,14.960153,14.980153,2400000
hardzero_plus_depr__c0p60__z1p00__lam0p020__nu0p50__psi0p75,hardzero_plus_depr,0.02,32,750,0.0,1,0.4268765,0.4268765,1.0258229,0.0,0.094227366,0.0,0.0,2.640472e-07,-26.939676,2.2568555,0.7522852,0.18400002,0.0,0.1406988,14.980153,15.000154,2403200
hardzero_plus_depr__c0p60__z1p00__lam0p020__nu0p50__psi0p75,hardzero_plus_depr,0.02,32,751,0.0,1,0.4268765,0.4268765,1.00998,0.0,0.09772822,0.0,0.0,2.601159e-07,-27.3145,2.2220004,0.7406668,0.23200001,0.0,0.14940715,15.000154,15.020154,2406400
hardzero_plus_depr__c0p60__z1p00__lam0p020__nu0p50__psi0p75,hardzero_plus_depr,0.02,32,752,0.0,1,0.4268765,0.4268765,1.0675647,0.0,0.085592404,0.0,0.0,2.5624323e-07,-27.940458,2.3486893,0.78289646,0.16800001,0.0,0.19506018,15.020154,15.040154,2409600
hardzero_plus_depr__c0p60__z1p00__lam0p020__nu0p50__psi0p75,hardzero_plus_depr,0.02,32,753,0.0,1,0.4268765,0.4268765,1.0014374,0.0,0.099669576,0.0,0.0,2.5242818e-07,-27.351002,2.2032063,0.7344021,0.14400001,0.0,0.16465153,15.040154,15.060155,2412800
hardzero_plus_depr__c0p60__z1p00__lam0p020__nu0p50__psi0p75,hardzero_plus_depr,0.02,32,754,0.0,1,0.4268765,0.4268765,1.0367671,0.0,0.09188252,0.0,0.0,2.4866992e-07,-26.479763,2.2809331,0.76031107,0.11,0.0,0.13260633,15.060155,15.080155,2416000
hardzero_plus_depr__c0p60__z1p00__lam0p020__nu0p50__psi0p75,hardzero_plus_depr,0.02,32,755,0.0,1,0.4268765,0.4268765,1.0252411,0.0,0.09435369,0.0,0.0,2.4496762e-07,-26.749313,2.2555754,0.7518585,0.15200001,0.0,0.16649708,15.080155,15.100156,2419200
hardzero_plus_depr__c0p60__z1p00__lam0p020__nu0p50__psi0p75,hardzero_plus_depr,0.02,32,756,0.0,1,0.4268765,0.4268765,1.0496879,0.0,0.089189164,0.0,0.0,2.4132044e-07,-27.046177,2.3093593,0.7697865,0.17600001,0.0,0.17470226,15.100156,15.120156,2422400
hardzero_plus_depr__c0p60__z1p00__lam0p020__nu0p50__psi0p75,hardzero_plus_depr,0.02,32,757,0.0,1,0.4268765,0.4268765,1.0179833,0.0,0.09594376,0.0,0.0,2.3772758e-07,-27.209047,2.239608,0.746536,0.16000001,0.0,0.16876264,15.120156,15.140157,2425600
hardzero_plus_depr__c0p60__z1p00__lam0p020__nu0p50__psi0p75,hardzero_plus_depr,0.02,32,758,0.0,1,0.4268765,0.4268765,1.0121844,0.0,0.09723342,0.0,0.0,2.3418819e-07,-27.837912,2.22685,0.74228334,0.16000001,0.0,0.16778418,15.140157,15.160157,2428800
hardzero_plus_depr__c0p60__z1p00__lam0p020__nu0p50__psi0p75,hardzero_plus_depr,0.02,32,759,0.0,1,0.4268765,0.42687652,0.9862835,0.10320876,0.10320876,1.0,2.3810413e-08,2.3070149e-07,-26.434032,2.169867,0.723289,0.104,0.0,0.14333351,15.160157,15.180158,2432000
hardzero_plus_depr__c0p60__z1p00__lam0p020__nu0p50__psi0p75,hardzero_plus_depr,0.02,32,760,0.0,1,0.42687652,0.42687652,1.0674325,0.0,0.085618466,0.0,0.0,2.2726674e-07,-28.030449,2.3483984,0.7827995,0.120000005,0.0,0.15726066,15.180158,15.200158,2435200
hardzero_plus_depr__c0p60__z1p00__lam0p020__nu0p50__psi0p75,hardzero_plus_depr,0.02,32,761,0.0,1,0.42687652,0.42687652,1.0471911,0.0,0.08970339,0.0,0.0,2.2388308e-07,-27.122467,2.3038664,0.7679555,0.14400001,0.008,0.17776375,15.200158,15.220159,2438400
hardzero_plus_depr__c0p60__z1p00__lam0p020__nu0p50__psi0p75,hardzero_plus_depr,0.02,32,762,0.0,1,0.42687652,0.42687652,1.0314088,0.0,0.09302318,0.0,0.0,2.2054982e-07,-27.628553,2.2691445,0.7563815,0.18400002,0.0,0.13881265,15.220159,15.240159,2441600
hardzero_plus_depr__c0p60__z1p00__lam0p020__nu0p50__psi0p75,hardzero_plus_depr,0.02,32,763,0.0,1,0.42687652,0.42687652,1.0867878,0.0,0.081886485,0.0,0.0,2.172662e-07,-28.43528,2.390981,0.7969937,0.192,0.0,0.16602105,15.240159,15.2601595,2444800
hardzero_plus_depr__c0p60__z1p00__lam0p020__nu0p50__psi0p75,hardzero_plus_depr,0.02,32,764,0.0,1,0.42687652,0.42687654,0.9686084,0.10749582,0.10749582,1.0,2.3007487e-08,2.1403146e-07,-25.696672,2.130981,0.710327,0.14400001,0.0,0.14357957,15.2601595,15.28016,2448000
hardzero_plus_depr__c0p60__z1p00__lam0p020__nu0p50__psi0p75,hardzero_plus_depr,0.02,32,765,0.0,1,0.42687654,0.42687654,1.0860811,0.0,0.08201982,0.0,0.0,2.1084486e-07,-27.939342,2.3894262,0.7964754,0.120000005,0.0,0.16451904,15.28016,15.30016,2451200
hardzero_plus_depr__c0p60__z1p00__lam0p020__nu0p50__psi0p75,hardzero_plus_depr,0.02,32,766,0.0,1,0.42687654,0.42687657,0.99664354,0.100775845,0.100775845,1.0,2.093172e-08,2.0770572e-07,-27.208548,2.1926596,0.7308866,0.16800001,0.0,0.15025944,15.30016,15.320161,2454400
hardzero_plus_depr__c0p60__z1p00__lam0p020__nu0p50__psi0p75,hardzero_plus_depr,0.02,32,767,0.0,1,0.42687657,0.4268766,0.9744412,0.106061764,0.106061764,1.0,2.1701648e-08,2.0461331e-07,-25.739946,2.1438134,0.7146045,0.16,0.0,0.13609216,15.320161,15.340161,2457600
hardzero_plus_depr__c0p60__z1p00__lam0p020__nu0p50__psi0p75,hardzero_plus_depr,0.02,32,768,0.0,1,0.4268766,0.4268766,1.0300298,0.0,0.09331903,0.0,0.0,2.0156696e-07,-27.929295,2.2661107,0.75537026,0.14400001,0.0,0.17832373,15.340161,15.360162,2460800
hardzero_plus_depr__c0p60__z1p00__lam0p020__nu0p50__psi0p75,hardzero_plus_depr,0.02,32,769,0.0,1,0.4268766,0.4268766,1.0025458,0.0,0.09941552,0.0,0.0,1.9856594e-07,-26.663536,2.2056448,0.73521495,0.208,0.0,0.15981573,15.360162,15.380162,2464000
hardzero_plus_depr__c0p60__z1p00__lam0p020__nu0p50__psi0p75,hardzero_plus_depr,0.02,32,770,0.0,1,0.4268766,0.4268766,1.0120285,0.0,0.09726834,0.0,0.0,1.9560963e-07,-27.206882,2.226507,0.742169,0.17600001,0.0,0.16321333,15.380162,15.400163,2467200
hardzero_plus_depr__c0p60__z1p00__lam0p020__nu0p50__psi0p75,hardzero_plus_depr,0.02,32,771,0.0,1,0.4268766,0.4268766,1.0420312,0.0,0.09077554,0.0,0.0,1.9269731e-07,-27.27682,2.2925143,0.7641715,0.120000005,0.0,0.13587335,15.400163,15.420163,2470400
hardzero_plus_depr__c0p60__z1p00__lam0p020__nu0p50__psi0p75,hardzero_plus_depr,0.02,32,772,0.0,1,0.4268766,0.42687663,0.9956808,0.1009995,0.1009995,1.0,1.9172566e-08,1.8982833e-07,-26.238174,2.1905415,0.7301805,0.192,0.0,0.16385221,15.420163,15.440164,2473600
hardzero_plus_depr__c0p60__z1p00__lam0p020__nu0p50__psi0p75,hardzero_plus_depr,0.02,32,773,0.0,1,0.42687663,0.42687663,1.0383184,0.0,0.0915549,0.0,0.0,1.8700212e-07,-27.483212,2.284346,0.76144874,0.16000001,0.0,0.17184377,15.440164,15.460164,2476800
hardzero_plus_depr__c0p60__z1p00__lam0p020__nu0p50__psi0p75,hardzero_plus_depr,0.02,32,774,0.0,1,0.42687663,0.42687663,1.0086907,0.0,0.098018765,0.0,0.0,1.8421795e-07,-26.962536,2.219164,0.7397213,0.112,0.0,0.14881396,15.460164,15.480165,2480000
hardzero_plus_depr__c0p60__z1p00__lam0p020__nu0p50__psi0p75,hardzero_plus_depr,0.02,32,775,0.0,1,0.42687663,0.42687663,1.0570582,0.0,0.08768831,0.0,0.0,1.8147524e-07,-27.7351,2.3255744,0.7751915,0.17600001,0.0,0.17245848,15.480165,15.500165,2483200
hardzero_plus_depr__c0p60__z1p00__lam0p020__nu0p50__psi0p75,hardzero_plus_depr,0.02,32,776,0.0,1,0.42687663,0.42687663,1.0481275,0.0,0.089510195,0.0,0.0,1.7877335e-07,-27.715214,2.3059266,0.7686422,0.14400001,0.0,0.1588318,15.500165,15.520165,2486400
hardzero_plus_depr__c0p60__z1p00__lam0p020__nu0p50__psi0p75,hardzero_plus_depr,0.02,32,777,0.0,1,0.42687663,0.42687663,1.0407319,0.0,0.09104752,0.0,0.0,1.7611171e-07,-27.01255,2.289656,0.76321864,0.16000001,0.0,0.1353572,15.520165,15.540166,2489600
hardzero_plus_depr__c0p60__z1p00__lam0p020__nu0p50__psi0p75,hardzero_plus_depr,0.02,32,778,0.0,1,0.42687663,0.42687663,1.0247523,0.0,0.09445995,0.0,0.0,1.7348968e-07,-27.757137,2.2545,0.7515,0.128,0.0,0.14601357,15.540166,15.560166,2492800
hardzero_plus_depr__c0p60__z1p00__lam0p020__nu0p50__psi0p75,hardzero_plus_depr,0.02,32,779,0.0,1,0.42687663,0.42687663,1.003511,0.0,0.099194825,0.0,0.0,1.7090672e-07,-27.327139,2.2077682,0.73592275,0.16800001,0.0,0.16766219,15.560166,15.580167,2496000
hardzero_plus_depr__c0p60__z1p00__lam0p020__nu0p50__psi0p75,hardzero_plus_depr,0.02,32,780,0.0,1,0.42687663,0.42687663,1.0315435,0.0,0.09299433,0.0,0.0,1.6836218e-07,-27.985989,2.2694411,0.7564804,0.12,0.0,0.15416446,15.580167,15.600167,2499200
hardzero_plus_depr__c0p60__z1p00__lam0p020__nu0p50__psi0p75,hardzero_plus_depr,0.02,32,781,0.0,1,0.42687663,0.42687663,1.0339893,0.0,0.09247209,0.0,0.0,1.6585552e-07,-27.641727,2.274822,0.758274,0.17600001,0.0,0.1633331,15.600167,15.620168,2502400
hardzero_plus_depr__c0p60__z1p00__lam0p020__nu0p50__psi0p75,hardzero_plus_depr,0.02,32,782,0.0,1,0.42687663,0.42687663,1.0275664,0.0,0.09384985,0.0,0.0,1.633862e-07,-27.52465,2.2606912,0.75356376,0.208,0.008,0.16739626,15.620168,15.640168,2505600
hardzero_plus_depr__c0p60__z1p00__lam0p020__nu0p50__psi0p75,hardzero_plus_depr,0.02,32,783,0.0,1,0.42687663,0.42687663,1.0058573,0.0,0.09866034,0.0,0.0,1.6095366e-07,-26.442383,2.2129304,0.7376435,0.2,0.0,0.16355763,15.640168,15.660169,2508800
hardzero_plus_depr__c0p60__z1p00__lam0p020__nu0p50__psi0p75,hardzero_plus_depr,0.02,32,784,0.0,1,0.42687663,0.42687666,0.9992323,0.100176916,0.100176916,1.0,1.5883783e-08,1.5855731e-07,-25.949009,2.198355,0.732785,0.120000005,0.0,0.11482435,15.660169,15.680169,2512000
hardzero_plus_depr__c0p60__z1p00__lam0p020__nu0p50__psi0p75,hardzero_plus_depr,0.02,32,785,0.0,1,0.42687666,0.42687666,1.0363474,0.0,0.09197135,0.0,0.0,1.5619665e-07,-27.467525,2.2800097,0.76000327,0.16800001,0.0,0.17407025,15.680169,15.70017,2515200
hardzero_plus_depr__c0p60__z1p00__lam0p020__nu0p50__psi0p75,hardzero_plus_depr,0.02,32,786,0.0,1,0.42687666,0.4268767,0.97987884,0.104742065,0.104742065,1.0,1.6116779e-08,1.5387113e-07,-26.862497,2.1557765,0.71859217,0.192,0.0,0.17984422,15.70017,15.72017,2518400
hardzero_plus_depr__c0p60__z1p00__lam0p020__nu0p50__psi0p75,hardzero_plus_depr,0.02,32,787,0.0,1,0.4268767,0.4268767,1.0391761,0.0,0.091374256,0.0,0.0,1.5158022e-07,-27.734615,2.2862332,0.76207775,0.2,0.0,0.16834053,15.72017,15.7401705,2521600
hardzero_plus_depr__c0p60__z1p00__lam0p020__nu0p50__psi0p75,hardzero_plus_depr,0.02,32,788,0.0,1,0.4268767,0.4268767,1.0205585,0.0,0.095376536,0.0,0.0,1.4932344e-07,-27.242832,2.2452734,0.7484245,0.15200001,0.0,0.14766176,15.7401705,15.760171,2524800
hardzero_plus_depr__c0p60__z1p00__lam0p020__nu0p50__psi0p75,hardzero_plus_depr,0.02,32,789,0.0,1,0.4268767,0.4268767,1.0748667,0.0,0.08416534,0.0,0.0,1.4710027e-07,-28.659988,2.364754,0.78825134,0.17600001,0.008,0.20893496,15.760171,15.780171,2528000
hardzero_plus_depr__c0p60__z1p00__lam0p020__nu0p50__psi0p75,hardzero_plus_depr,0.02,32,790,0.0,1,0.4268767,0.4268767,1.0147582,0.0,0.09665888,0.0,0.0,1.4491017e-07,-27.160002,2.2325127,0.7441709,0.18400002,0.0,0.18143764,15.780171,15.800172,2531200
hardzero_plus_depr__c0p60__z1p00__lam0p020__nu0p50__psi0p75,hardzero_plus_depr,0.02,32,791,0.0,1,0.4268767,0.4268767,0.98727965,0.102972284,0.102972284,1.0,1.469957e-08,1.4275268e-07,-26.00518,2.1720586,0.7240195,0.17600001,0.0,0.1260798,15.800172,15.820172,2534400
hardzero_plus_depr__c0p60__z1p00__lam0p020__nu0p50__psi0p75,hardzero_plus_depr,0.02,32,792,0.0,1,0.4268767,0.4268767,1.018896,0.0,0.09574232,0.0,0.0,1.4062732e-07,-26.33085,2.241616,0.7472054,0.18400002,0.0,0.14341456,15.820172,15.840173,2537600
hardzero_plus_depr__c0p60__z1p00__lam0p020__nu0p50__psi0p75,hardzero_plus_depr,0.02,32,793,0.0,1,0.4268767,0.4268767,1.0692875,0.0,0.08525355,0.0,0.0,1.3853361e-07,-28.456852,2.3524795,0.78415984,0.17,0.0,0.14292489,15.840173,15.860173,2540800
hardzero_plus_depr__c0p60__z1p00__lam0p020__nu0p50__psi0p75,hardzero_plus_depr,0.02,32,794,0.0,1,0.4268767,0.4268767,1.0392944,0.0,0.091349386,0.0,0.0,1.3647107e-07,-27.074097,2.2864933,0.7621645,0.136,0.0,0.13878566,15.860173,15.880174,2544000
hardzero_plus_depr__c0p60__z1p00__lam0p020__nu0p50__psi0p75,hardzero_plus_depr,0.02,32,795,0.0,1,0.4268767,0.4268767,0.9925813,0.10172289,0.10172289,1.0,1.3675547e-08,1.3443923e-07,-26.864271,2.1837225,0.72790754,0.136,0.0,0.14576189,15.880174,15.900174,2547200
hardzero_plus_depr__c0p60__z1p00__lam0p020__nu0p50__psi0p75,hardzero_plus_depr,0.02,32,796,0.0,1,0.4268767,0.4268767,1.0497292,0.0,0.08918068,0.0,0.0,1.3243765e-07,-27.868076,2.3094504,0.7698168,0.104,0.0,0.18488091,15.900174,15.920175,2550400
hardzero_plus_depr__c0p60__z1p00__lam0p020__nu0p50__psi0p75,hardzero_plus_depr,0.02,32,797,0.0,1,0.4268767,0.4268767,1.0421487,0.0,0.09075098,0.0,0.0,1.3046586e-07,-27.672495,2.292773,0.76425767,0.16800001,0.0,0.16768448,15.920175,15.940175,2553600
hardzero_plus_depr__c0p60__z1p00__lam0p020__nu0p50__psi0p75,hardzero_plus_depr,0.02,32,798,0.0,1,0.4268767,0.4268767,0.98288685,0.104019105,0.104019105,1.0,1.33688935e-08,1.2852344e-07,-26.52979,2.1623943,0.72079813,0.128,0.0,0.12525514,15.940175,15.9601755,2556800
hardzero_plus_depr__c0p60__z1p00__lam0p020__nu0p50__psi0p75,hardzero_plus_depr,0.02,32,799,0.0,1,0.4268767,0.4268767,1.0802249,0.0,0.08313332,0.0,0.0,1.2660993e-07,-27.44335,2.376542,0.7921807,0.2,0.0,0.17747453,15.9601755,15.980176,2560000
hardzero_plus_depr__c0p60__z1p00__lam0p020__nu0p50__psi0p75,hardzero_plus_depr,0.02,32,800,0.0,1,0.4268767,0.4268767,0.9909714,0.10210067,0.10210067,1.0,1.2734496e-08,1.247249e-07,-26.173965,2.1801805,0.7267269,0.17600001,0.0,0.16601187,15.980176,16.000175,2563200
hardzero_plus_depr__c0p60__z1p00__lam0p020__nu0p50__psi0p75,hardzero_plus_depr,0.02,32,801,0.0,1,0.4268767,0.4268767,1.0833071,0.0,0.08254539,0.0,0.0,1.2286807e-07,-27.376598,2.3833232,0.7944411,0.15200001,0.0,0.16384947,16.000175,16.020176,2566400
hardzero_plus_depr__c0p60__z1p00__lam0p020__nu0p50__psi0p75,hardzero_plus_depr,0.02,32,802,0.0,1,0.4268767,0.4268767,1.0874063,0.0,0.08176995,0.0,0.0,1.2103877e-07,-29.176388,2.3923416,0.7974472,0.16000001,0.0,0.1580556,16.020176,16.040176,2569600
hardzero_plus_depr__c0p60__z1p00__lam0p020__nu0p50__psi0p75,hardzero_plus_depr,0.02,32,803,0.0,1,0.4268767,0.4268767,1.0647016,0.0,0.08615856,0.0,0.0,1.1923669e-07,-28.28316,2.3423903,0.78079677,0.15200001,0.0,0.15231477,16.040176,16.060177,2572800
hardzero_plus_depr__c0p60__z1p00__lam0p020__nu0p50__psi0p75,hardzero_plus_depr,0.02,32,804,0.0,1,0.4268767,0.4268767,0.9521023,0.111660026,0.111660026,1.0,1.31157485e-08,1.1746145e-07,-26.514444,2.094667,0.69822234,0.192,0.0,0.15041962,16.060177,16.080177,2576000
hardzero_plus_depr__c0p60__z1p00__lam0p020__nu0p50__psi0p75,hardzero_plus_depr,0.02,32,805,0.0,1,0.4268767,0.4268767,1.0073016,0.0,0.0983328,0.0,0.0,1.1571264e-07,-27.34102,2.2161076,0.73870254,0.192,0.0,0.14125699,16.080177,16.100178,2579200
hardzero_plus_depr__c0p60__z1p00__lam0p020__nu0p50__psi0p75,hardzero_plus_depr,0.02,32,806,0.0,1,0.4268767,0.4268767,0.98730975,0.10296514,0.10296514,1.0,1.1736982e-08,1.1398986e-07,-26.479418,2.1721249,0.72404164,0.14999999,0.0,0.1645656,16.100178,16.120178,2582400
hardzero_plus_depr__c0p60__z1p00__lam0p020__nu0p50__psi0p75,hardzero_plus_depr,0.02,32,807,0.0,1,0.4268767,0.4268767,1.0487173,0.0,0.08938872,0.0,0.0,1.1229273e-07,-27.278017,2.307224,0.7690747,0.136,0.0,0.16200201,16.120178,16.140179,2585600
hardzero_plus_depr__c0p60__z1p00__lam0p020__nu0p50__psi0p75,hardzero_plus_depr,0.02,32,808,0.0,1,0.4268767,0.4268767,1.0674293,0.0,0.0856191,0.0,0.0,1.10620874e-07,-27.944887,2.3483913,0.7827971,0.14400001,0.0,0.18173958,16.140179,16.16018,2588800
hardzero_plus_depr__c0p60__z1p00__lam0p020__nu0p50__psi0p75,hardzero_plus_depr,0.02,32,809,0.0,1,0.4268767,0.4268767,1.041029,0.0,0.09098525,0.0,0.0,1.0897391e-07,-27.59317,2.2903094,0.7634365,0.112,0.0,0.15733035,16.16018,16.18018,2592000
hardzero_plus_depr__c0p60__z1p00__lam0p020__nu0p50__psi0p75,hardzero_plus_depr,0.02,32,810,0.0,1,0.4268767,0.4268767,1.0080389,0.0,0.09816601,0.0,0.0,1.0735146e-07,-26.498653,2.2177298,0.73924327,0.136,0.0,0.15761255,16.18018,16.20018,2595200
hardzero_plus_depr__c0p60__z1p00__lam0p020__nu0p50__psi0p75,hardzero_plus_depr,0.02,32,811,0.0,1,0.4268767,0.4268767,1.0300525,0.0,0.09331413,0.0,0.0,1.05753166e-07,-27.649845,2.2661607,0.75538695,0.16000001,0.0,0.16419902,16.20018,16.22018,2598400
hardzero_plus_depr__c0p60__z1p00__lam0p020__nu0p50__psi0p75,hardzero_plus_depr,0.02,32,812,0.0,1,0.4268767,0.4268767,1.0313542,0.0,0.09303487,0.0,0.0,1.04178675e-07,-27.906036,2.2690246,0.7563416,0.16800001,0.0,0.17530248,16.22018,16.240181,2601600
hardzero_plus_depr__c0p60__z1p00__lam0p020__nu0p50__psi0p75,hardzero_plus_depr,0.02,32,813,0.0,1,0.4268767,0.4268767,1.0392418,0.0,0.09136044,0.0,0.0,1.0262762e-07,-27.045036,2.2863777,0.7621259,0.216,0.0,0.14522639,16.240181,16.260181,2604800
hardzero_plus_depr__c0p60__z1p00__lam0p020__nu0p50__psi0p75,hardzero_plus_depr,0.02,32,814,0.0,1,0.4268767,0.4268767,0.99381226,0.10143499,0.10143499,1.0,1.0255043e-08,1.0109966e-07,-26.426924,2.1864307,0.72881025,0.14400001,0.0,0.15176407,16.260181,16.280182,2608000
hardzero_plus_depr__c0p60__z1p00__lam0p020__nu0p50__psi0p75,hardzero_plus_depr,0.02,32,815,0.0,1,0.4268767,0.4268767,0.9949102,0.10117886,0.10117886,1.0,1.0076852e-08,9.9594445e-08,-26.801994,2.188846,0.7296154,0.15200001,0.0,0.13529505,16.280182,16.300182,2611200
hardzero_plus_depr__c0p60__z1p00__lam0p020__nu0p50__psi0p75,hardzero_plus_depr,0.02,32,816,0.0,1,0.4268767,0.4268767,1.0456855,0.0,0.09001492,0.0,0.0,9.811165e-08,-28.382862,2.300554,0.76685137,0.216,0.0,0.18896024,16.300182,16.320183,2614400
hardzero_plus_depr__c0p60__z1p00__lam0p020__nu0p50__psi0p75,hardzero_plus_depr,0.02,32,817,0.0,1,0.4268767,0.4268767,1.0579963,0.0,0.08749913,0.0,0.0,9.665093e-08,-28.568548,2.3276381,0.7758794,0.16000001,0.0,0.18374774,16.320183,16.340183,2617600
hardzero_plus_depr__c0p60__z1p00__lam0p020__nu0p50__psi0p75,hardzero_plus_depr,0.02,32,818,0.0,1,0.4268767,0.4268767,1.0658233,0.0,0.08593629,0.0,0.0,9.521193e-08,-27.285055,2.3448582,0.7816194,0.17600001,0.0,0.15143105,16.340183,16.360184,2620800
hardzero_plus_depr__c0p60__z1p00__lam0p020__nu0p50__psi0p75,hardzero_plus_depr,0.02,32,819,0.0,1,0.4268767,0.4268767,0.9466944,0.113059126,0.113059126,1.0,1.0604311e-08,9.3794384e-08,-26.673746,2.0827692,0.6942564,0.19,0.0,0.17363794,16.360184,16.380184,2624000
hardzero_plus_depr__c0p60__z1p00__lam0p020__nu0p50__psi0p75,hardzero_plus_depr,0.02,32,820,0.0,1,0.4268767,0.4268767,1.0726678,0.0,0.084592566,0.0,0.0,9.239794e-08,-27.548235,2.3599164,0.78663886,0.16800001,0.0,0.17483106,16.380184,16.400185,2627200
hardzero_plus_depr__c0p60__z1p00__lam0p020__nu0p50__psi0p75,hardzero_plus_depr,0.02,32,821,0.0,1,0.4268767,0.4268767,1.0136589,0.0,0.09690386,0.0,0.0,9.102228e-08,-26.813826,2.230094,0.7433647,0.16800001,0.0,0.15991981,16.400185,16.420185,2630400
hardzero_plus_depr__c0p60__z1p00__lam0p020__nu0p50__psi0p75,hardzero_plus_depr,0.02,32,822,0.0,1,0.4268767,0.4268767,1.0096542,0.0,0.09780158,0.0,0.0,8.966711e-08,-26.620554,2.2212834,0.74042785,0.16800001,0.0,0.1739444,16.420185,16.440186,2633600
hardzero_plus_depr__c0p60__z1p00__lam0p020__nu0p50__psi0p75,hardzero_plus_depr,0.02,32,823,0.0,1,0.4268767,0.4268767,0.99813753,0.10042976,0.10042976,1.0,8.871172e-09,8.833211e-08,-26.743998,2.1959465,0.7319822,0.18400002,0.0,0.16918916,16.440186,16.460186,2636800
hardzero_plus_depr__c0p60__z1p00__lam0p020__nu0p50__psi0p75,hardzero_plus_depr,0.02,32,824,0.0,1,0.4268767,0.4268767,0.9574026,0.11030556,0.11030556,1.0,9.598457e-09,8.701698e-08,-26.567852,2.1063278,0.7021093,0.17600001,0.0,0.1558135,16.460186,16.480186,2640000
hardzero_plus_depr__c0p60__z1p00__lam0p020__nu0p50__psi0p75,hardzero_plus_depr,0.02,32,825,0.0,1,0.4268767,0.4268767,1.079775,0.0,0.08321948,0.0,0.0,8.572144e-08,-28.3899,2.3755524,0.7918508,0.224,0.008,0.19322488,16.480186,16.500187,2643200
hardzero_plus_depr__c0p60__z1p00__lam0p020__nu0p50__psi0p75,hardzero_plus_depr,0.02,32,826,0.0,1,0.4268767,0.4268767,1.0213586,0.0,0.09520097,0.0,0.0,8.444518e-08,-27.069168,2.2470338,0.7490113,0.112,0.0,0.1479585,16.500187,16.520187,2646400
hardzero_plus_depr__c0p60__z1p00__lam0p020__nu0p50__psi0p75,hardzero_plus_depr,0.02,32,827,0.0,1,0.4268767,0.4268767,1.0786482,0.0,0.08343568,0.0,0.0,8.3187935e-08,-28.665195,2.3730733,0.79102445,0.136,0.0,0.17211603,16.520187,16.540188,2649600
hardzero_plus_depr__c0p60__z1p00__lam0p020__nu0p50__psi0p75,hardzero_plus_depr,0.02,32,828,0.0,1,0.4268767,0.4268767,1.0834365,0.0,0.08252081,0.0,0.0,8.194939e-08,-28.419695,2.3836079,0.794536,0.18400002,0.0,0.17539646,16.540188,16.560188,2652800
hardzero_plus_depr__c0p60__z1p00__lam0p020__nu0p50__psi0p75,hardzero_plus_depr,0.02,32,829,0.0,1,0.4268767,0.4268767,1.0063791,0.0,0.098541886,0.0,0.0,8.07293e-08,-26.475138,2.2140782,0.7380261,0.17600001,0.0,0.16723475,16.560188,16.580189,2656000
hardzero_plus_depr__c0p60__z1p00__lam0p020__nu0p50__psi0p75,hardzero_plus_depr,0.02,32,830,0.0,1,0.4268767,0.4268767,0.97884446,0.10499184,0.10499184,1.0,8.3497245e-09,7.952737e-08,-26.39644,2.1535008,0.71783364,0.192,0.0,0.18755884,16.580189,16.60019,2659200
hardzero_plus_depr__c0p60__z1p00__lam0p020__nu0p50__psi0p75,hardzero_plus_depr,0.02,32,831,0.0,1,0.4268767,0.4268767,1.02997,0.0,0.093331866,0.0,0.0,7.8343334e-08,-27.088501,2.2659793,0.75532645,0.08800001,0.0,0.14887184,16.60019,16.62019,2662400
hardzero_plus_depr__c0p60__z1p00__lam0p020__nu0p50__psi0p75,hardzero_plus_depr,0.02,32,832,0.0,1,0.4268767,0.4268767,1.0051117,0.0,0.0988299,0.0,0.0,7.717693e-08,-26.0971,2.21129,0.73709667,0.19,0.0,0.14722377,16.62019,16.64019,2665600
hardzero_plus_depr__c0p60__z1p00__lam0p020__nu0p50__psi0p75,hardzero_plus_depr,0.02,32,833,0.0,1,0.4268767,0.4268767,1.0336113,0.0,0.09255262,0.0,0.0,7.602789e-08,-26.667034,2.2739902,0.75799674,0.208,0.0,0.15954982,16.64019,16.66019,2668800
hardzero_plus_depr__c0p60__z1p00__lam0p020__nu0p50__psi0p75,hardzero_plus_depr,0.02,32,834,0.0,1,0.4268767,0.4268767,1.0393132,0.0,0.091345415,0.0,0.0,7.489595e-08,-27.728283,2.2865348,0.7621783,0.208,0.0,0.17215523,16.66019,16.680191,2672000
hardzero_plus_depr__c0p60__z1p00__lam0p020__nu0p50__psi0p75,hardzero_plus_depr,0.02,32,835,0.0,1,0.4268767,0.4268767,1.0547676,0.0,0.08815205,0.0,0.0,7.3780875e-08,-28.038782,2.3205352,0.77351177,0.112,0.0,0.15935375,16.680191,16.700191,2675200
hardzero_plus_depr__c0p60__z1p00__lam0p020__nu0p50__psi0p75,hardzero_plus_depr,0.02,32,836,0.0,1,0.4268767,0.4268767,1.0030773,0.0,0.09929395,0.0,0.0,7.26824e-08,-26.26296,2.206814,0.7356047,0.17600001,0.0,0.1686506,16.700191,16.720192,2678400
hardzero_plus_depr__c0p60__z1p00__lam0p020__nu0p50__psi0p75,hardzero_plus_depr,0.02,32,837,0.0,1,0.4268767,0.4268767,1.0371869,0.0,0.09179376,0.0,0.0,7.1600276e-08,-27.857607,2.2818565,0.76061887,0.17600001,0.0,0.14476636,16.720192,16.740192,2681600
hardzero_plus_depr__c0p60__z1p00__lam0p020__nu0p50__psi0p75,hardzero_plus_depr,0.02,32,838,0.0,1,0.4268767,0.4268767,1.0489883,0.0,0.089332946,0.0,0.0,7.0534256e-08,-27.425459,2.3078203,0.76927346,0.128,0.0,0.15633558,16.740192,16.760193,2684800
hardzero_plus_depr__c0p60__z1p00__lam0p020__nu0p50__psi0p75,hardzero_plus_depr,0.02,32,839,0.0,1,0.4268767,0.4268767,1.0240505,0.0,0.09461272,0.0,0.0,6.948411e-08,-27.684065,2.2529562,0.7509854,0.16800001,0.0,0.15416074,16.760193,16.780193,2688000
hardzero_plus_depr__c0p60__z1p00__lam0p020__nu0p50__psi0p75,hardzero_plus_depr,0.02,32,840,0.0,1,0.4268767,0.4268767,1.0265342,0.0,0.094073184,0.0,0.0,6.844961e-08,-27.660671,2.2584202,0.7528068,0.14400001,0.0,0.17044152,16.780193,16.800194,2691200
hardzero_plus_depr__c0p60__z1p00__lam0p020__nu0p50__psi0p75,hardzero_plus_depr,0.02,32,841,0.0,1,0.4268767,0.4268767,1.0198015,0.0,0.09554291,0.0,0.0,6.74305e-08,-27.265953,2.243608,0.7478694,0.18400002,0.0,0.15245517,16.800194,16.820194,2694400
hardzero_plus_depr__c0p60__z1p00__lam0p020__nu0p50__psi0p75,hardzero_plus_depr,0.02,32,842,0.0,1,0.4268767,0.4268767,1.0585798,0.0,0.08738163,0.0,0.0,6.642657e-08,-28.026709,2.328922,0.77630734,0.23200001,0.0,0.1603336,16.820194,16.840195,2697600
hardzero_plus_depr__c0p60__z1p00__lam0p020__nu0p50__psi0p75,hardzero_plus_depr,0.02,32,843,0.0,1,0.4268767,0.4268767,1.0362493,0.0,0.09199214,0.0,0.0,6.543759e-08,-27.656536,2.279794,0.7599313,0.16000001,0.0,0.15959038,16.840195,16.860195,2700800
hardzero_plus_depr__c0p60__z1p00__lam0p020__nu0p50__psi0p75,hardzero_plus_depr,0.02,32,844,0.0,1,0.4268767,0.4268767,1.0043697,0.0,0.09899887,0.0,0.0,6.446332e-08,-27.149649,2.2096577,0.7365526,0.136,0.0,0.14432468,16.860195,16.880196,2704000
hardzero_plus_depr__c0p60__z1p00__lam0p020__nu0p50__psi0p75,hardzero_plus_depr,0.02,32,845,0.0,1,0.4268767,0.4268767,1.0589533,0.0,0.087306514,0.0,0.0,6.350356e-08,-27.95858,2.3297439,0.7765813,0.17,0.0,0.13472144,16.880196,16.900196,2707200
hardzero_plus_depr__c0p60__z1p00__lam0p020__nu0p50__psi0p75,hardzero_plus_depr,0.02,32,846,0.0,1,0.4268767,0.4268767,1.0586851,0.0,0.08736046,0.0,0.0,6.255811e-08,-27.701782,2.3291535,0.77638453,0.15200001,0.0,0.16900317,16.900196,16.920197,2710400
hardzero_plus_depr__c0p60__z1p00__lam0p020__nu0p50__psi0p75,hardzero_plus_depr,0.02,32,847,0.0,1,0.4268767,0.4268767,1.058056,0.0,0.08748709,0.0,0.0,6.1626714e-08,-27.488688,2.3277698,0.77592325,0.16000001,0.0,0.18847594,16.920197,16.940197,2713600
hardzero_plus_depr__c0p60__z1p00__lam0p020__nu0p50__psi0p75,hardzero_plus_depr,0.02,32,848,0.0,1,0.4268767,0.4268767,1.0353591,0.0,0.09218089,0.0,0.0,6.070919e-08,-28.041039,2.2778356,0.75927854,0.16000001,0.0,0.16842082,16.940197,16.960197,2716800
hardzero_plus_depr__c0p60__z1p00__lam0p020__nu0p50__psi0p75,hardzero_plus_depr,0.02,32,849,0.0,1,0.4268767,0.4268767,1.0343692,0.0,0.09239123,0.0,0.0,5.980532e-08,-28.163023,2.2756577,0.75855255,0.15200001,0.0,0.1619958,16.960197,16.980198,2720000
hardzero_plus_depr__c0p60__z1p00__lam0p020__nu0p50__psi0p75,hardzero_plus_depr,0.02,32,850,0.0,1,0.4268767,0.4268767,1.0049456,0.0,0.09886768,0.0,0.0,5.8914917e-08,-26.652185,2.2109246,0.7369749,0.17600001,0.0,0.1636803,16.980198,17.000198,2723200
hardzero_plus_depr__c0p60__z1p00__lam0p020__nu0p50__psi0p75,hardzero_plus_depr,0.02,32,851,0.0,1,0.4268767,0.4268767,1.0391486,0.0,0.091380045,0.0,0.0,5.803777e-08,-27.603508,2.2861724,0.7620575,0.208,0.0,0.15424657,17.000198,17.020199,2726400
hardzero_plus_depr__c0p60__z1p00__lam0p020__nu0p50__psi0p75,hardzero_plus_depr,0.02,32,852,0.0,1,0.4268767,0.4268767,1.0303398,0.0,0.093252435,0.0,0.0,5.7173683e-08,-26.675226,2.266793,0.7555977,0.16800001,0.0,0.15427801,17.020199,17.0402,2729600
hardzero_plus_depr__c0p60__z1p00__lam0p020__nu0p50__psi0p75,hardzero_plus_depr,0.02,32,853,0.0,1,0.4268767,0.4268767,1.0278803,0.0,0.09378204,0.0,0.0,5.632246e-08,-27.102066,2.2613819,0.75379395,0.16800001,0.0,0.17083529,17.0402,17.0602,2732800
hardzero_plus_depr__c0p60__z1p00__lam0p020__nu0p50__psi0p75,hardzero_plus_depr,0.02,32,854,0.0,1,0.4268767,0.4268767,1.0331668,0.0,0.092647396,0.0,0.0,5.5483905e-08,-26.715141,2.2730124,0.7576708,0.128,0.0,0.13434103,17.0602,17.0802,2736000
hardzero_plus_depr__c0p60__z1p00__lam0p020__nu0p50__psi0p75,hardzero_plus_depr,0.02,32,855,0.0,1,0.4268767,0.4268767,1.0630597,0.0,0.08648491,0.0,0.0,5.4657843e-08,-28.164783,2.338778,0.7795927,0.2,0.0,0.19075978,17.0802,17.1002,2739200
hardzero_plus_depr__c0p60__z1p00__lam0p020__nu0p50__psi0p75,hardzero_plus_depr,0.02,32,856,0.0,1,0.4268767,0.4268767,0.9906025,0.10218744,0.10218744,1.0,5.502188e-09,5.3844072e-08,-26.536282,2.179369,0.72645634,0.17600001,0.0,0.15916082,17.1002,17.120201,2742400
hardzero_plus_depr__c0p60__z1p00__lam0p020__nu0p50__psi0p75,hardzero_plus_depr,0.02,32,857,0.0,1,0.4268767,0.4268767,0.97048783,0.10703163,0.10703163,1.0,5.6772165e-09,5.304242e-08,-26.957071,2.1351159,0.7117053,0.14400001,0.0,0.15111898,17.120201,17.140202,2745600
hardzero_plus_depr__c0p60__z1p00__lam0p020__nu0p50__psi0p75,hardzero_plus_depr,0.02,32,858,0.0,1,0.4268767,0.4268767,1.024967,0.0,0.09441328,0.0,0.0,5.22527e-08,-27.382046,2.2549725,0.7516575,0.14,0.0,0.13485092,17.140202,17.160202,2748800
hardzero_plus_depr__c0p60__z1p00__lam0p020__nu0p50__psi0p75,hardzero_plus_depr,0.02,32,859,0.0,1,0.4268767,0.4268767,1.039801,0.0,0.09124287,0.0,0.0,5.1474743e-08,-27.889656,2.287608,0.762536,0.18400002,0.0,0.1745784,17.160202,17.180202,2752000
hardzero_plus_depr__c0p60__z1p00__lam0p020__nu0p50__psi0p75,hardzero_plus_depr,0.02,32,860,0.0,1,0.4268767,0.4268767,1.0424887,0.0,0.09067995,0.0,0.0,5.0708366e-08,-27.13495,2.293521,0.764507,0.128,0.0,0.1403733,17.180202,17.200203,2755200
hardzero_plus_depr__c0p60__z1p00__lam0p020__nu0p50__psi0p75,hardzero_plus_depr,0.02,32,861,0.0,1,0.4268767,0.4268767,1.0079752,0.0,0.09818038,0.0,0.0,4.9953403e-08,-27.209639,2.2175899,0.73919666,0.136,0.0,0.13180298,17.200203,17.220203,2758400
hardzero_plus_depr__c0p60__z1p00__lam0p020__nu0p50__psi0p75,hardzero_plus_depr,0.02,32,862,0.0,1,0.4268767,0.4268767,1.0298592,0.0,0.0933557,0.0,0.0,4.9209678e-08,-27.61592,2.2657354,0.75524515,0.16800001,0.0,0.16025871,17.220203,17.240204,2761600
hardzero_plus_depr__c0p60__z1p00__lam0p020__nu0p50__psi0p75,hardzero_plus_depr,0.02,32,863,0.0,1,0.4268767,0.4268767,1.083393,0.0,0.08252908,0.0,0.0,4.847702e-08,-28.536823,2.383512,0.79450405,0.128,0.0,0.16957751,17.240204,17.260204,2764800
hardzero_plus_depr__c0p60__z1p00__lam0p020__nu0p50__psi0p75,hardzero_plus_depr,0.02,32,864,0.0,1,0.4268767,0.4268767,0.988598,0.10266019,0.10266019,1.0,4.902566e-09,4.775528e-08,-26.668482,2.174959,0.7249863,0.14400001,0.0,0.13086937,17.260204,17.280205,2768000
hardzero_plus_depr__c0p60__z1p00__lam0p020__nu0p50__psi0p75,hardzero_plus_depr,0.02,32,865,0.0,1,0.4268767,0.4268767,1.0520449,0.0,0.088706434,0.0,0.0,4.7044278e-08,-26.969233,2.314545,0.771515,0.136,0.0,0.15387502,17.280205,17.300205,2771200
hardzero_plus_depr__c0p60__z1p00__lam0p020__nu0p50__psi0p75,hardzero_plus_depr,0.02,32,866,0.0,1,0.4268767,0.4268767,1.0299504,0.0,0.09333609,0.0,0.0,4.6343864e-08,-27.281517,2.2659361,0.7553121,0.16000001,0.0,0.15967023,17.300205,17.320206,2774400
hardzero_plus_depr__c0p60__z1p00__lam0p020__nu0p50__psi0p75,hardzero_plus_depr,0.02,32,867,0.0,1,0.4268767,0.4268767,0.97897536,0.1049602,0.1049602,1.0,4.7918403e-09,4.5653877e-08,-26.465954,2.1537888,0.7179296,0.104,0.0,0.13833398,17.320206,17.340206,2777600
hardzero_plus_depr__c0p60__z1p00__lam0p020__nu0p50__psi0p75,hardzero_plus_depr,0.02,32,868,0.0,1,0.4268767,0.4268767,1.0135692,0.0,0.09692387,0.0,0.0,4.497416e-08,-26.756052,2.2298968,0.74329895,0.120000005,0.0,0.15651467,17.340206,17.360207,2780800
hardzero_plus_depr__c0p60__z1p00__lam0p020__nu0p50__psi0p75,hardzero_plus_depr,0.02,32,869,0.0,1,0.4268767,0.4268767,1.0133744,0.0,0.09696735,0.0,0.0,4.430457e-08,-26.717928,2.2294683,0.74315614,0.120000005,0.0,0.15640244,17.360207,17.380207,2784000
hardzero_plus_depr__c0p60__z1p00__lam0p020__nu0p50__psi0p75,hardzero_plus_depr,0.02,32,870,0.0,1,0.4268767,0.4268767,1.0621884,0.0,0.08665859,0.0,0.0,4.364495e-08,-27.696634,2.3368611,0.77895373,0.14400001,0.0,0.16360307,17.380207,17.400208,2787200
hardzero_plus_depr__c0p60__z1p00__lam0p020__nu0p50__psi0p75,hardzero_plus_depr,0.02,32,871,0.0,1,0.4268767,0.4268767,1.0599174,0.0,0.08711292,0.0,0.0,4.2995147e-08,-28.074385,2.331865,0.7772884,0.14999999,0.0,0.16410688,17.400208,17.420208,2790400
hardzero_plus_depr__c0p60__z1p00__lam0p020__nu0p50__psi0p75,hardzero_plus_depr,0.02,32,872,0.0,1,0.4268767,0.4268767,1.0170707,0.0,0.096145585,0.0,0.0,4.2355015e-08,-26.7812,2.2376,0.7458667,0.080000006,0.0,0.16861668,17.420208,17.440208,2793600
hardzero_plus_depr__c0p60__z1p00__lam0p020__nu0p50__psi0p75,hardzero_plus_depr,0.02,32,873,0.0,1,0.4268767,0.4268767,1.0304275,0.0,0.09323361,0.0,0.0,4.1724416e-08,-27.259817,2.2669857,0.7556619,0.16800001,0.0,0.16407938,17.440208,17.460209,2796800
hardzero_plus_depr__c0p60__z1p00__lam0p020__nu0p50__psi0p75,hardzero_plus_depr,0.02,32,874,0.0,1,0.4268767,0.4268767,1.0263721,0.0,0.09410829,0.0,0.0,4.1103206e-08,-26.377731,2.2580636,0.7526879,0.080000006,0.0,0.1459131,17.460209,17.48021,2800000
hardzero_plus_depr__c0p60__z1p00__lam0p020__nu0p50__psi0p75,hardzero_plus_depr,0.02,32,875,0.0,1,0.4268767,0.4268767,1.0070711,0.0,0.09838499,0.0,0.0,4.0491248e-08,-27.405506,2.2156007,0.7385336,0.192,0.0,0.14786816,17.48021,17.50021,2803200
hardzero_plus_depr__c0p60__z1p00__lam0p020__nu0p50__psi0p75,hardzero_plus_depr,0.02,32,876,0.0,1,0.4268767,0.4268767,0.97308576,0.10639329,0.10639329,1.0,4.243858e-09,3.98884e-08,-26.832258,2.1408315,0.71361053,0.120000005,0.0,0.123799734,17.50021,17.52021,2806400
hardzero_plus_depr__c0p60__z1p00__lam0p020__nu0p50__psi0p75,hardzero_plus_depr,0.02,32,877,0.0,1,0.4268767,0.4268767,1.0462984,0.0,0.08988798,0.0,0.0,3.9294523e-08,-27.558632,2.3019025,0.76730084,0.136,0.0,0.15761523,17.52021,17.54021,2809600
hardzero_plus_depr__c0p60__z1p00__lam0p020__nu0p50__psi0p75,hardzero_plus_depr,0.02,32,878,0.0,1,0.4268767,0.4268767,1.0061959,0.0,0.09858348,0.0,0.0,3.8709484e-08,-26.711845,2.2136753,0.7378918,0.17600001,0.008,0.1412296,17.54021,17.560211,2812800
hardzero_plus_depr__c0p60__z1p00__lam0p020__nu0p50__psi0p75,hardzero_plus_depr,0.02,32,879,0.0,1,0.4268767,0.4268767,1.0059245,0.0,0.0986451,0.0,0.0,3.8133166e-08,-26.668348,2.213078,0.7376927,0.136,0.0,0.13236156,17.560211,17.580212,2816000
hardzero_plus_depr__c0p60__z1p00__lam0p020__nu0p50__psi0p75,hardzero_plus_depr,0.02,32,880,0.0,1,0.4268767,0.4268767,1.0269139,0.0,0.093990974,0.0,0.0,3.7565425e-08,-27.31574,2.2592556,0.75308526,0.136,0.0,0.15385427,17.580212,17.600212,2819200
hardzero_plus_depr__c0p60__z1p00__lam0p020__nu0p50__psi0p75,hardzero_plus_depr,0.02,32,881,0.0,1,0.4268767,0.4268767,0.98735255,0.102955,0.102955,1.0,3.8099666e-09,3.7006135e-08,-26.2481,2.172219,0.72407305,0.16800001,0.0,0.1361402,17.600212,17.620213,2822400
hardzero_plus_depr__c0p60__z1p00__lam0p020__nu0p50__psi0p75,hardzero_plus_depr,0.02,32,882,0.0,1,0.4268767,0.4268767,0.9689345,0.10741515,0.10741515,1.0,3.9158383e-09,3.6455177e-08,-26.60285,2.1316984,0.71056616,0.15200001,0.0,0.13035016,17.620213,17.640213,2825600
hardzero_plus_depr__c0p60__z1p00__lam0p020__nu0p50__psi0p75,hardzero_plus_depr,0.02,32,883,0.0,1,0.4268767,0.4268767,0.98829466,0.1027319,0.1027319,1.0,3.6893506e-09,3.5912414e-08,-27.008501,2.1742916,0.7247639,0.216,0.0,0.17763336,17.640213,17.660213,2828800
hardzero_plus_depr__c0p60__z1p00__lam0p020__nu0p50__psi0p75,hardzero_plus_depr,0.02,32,884,0.0,1,0.4268767,0.4268767,1.0133377,0.0,0.096975565,0.0,0.0,3.5377735e-08,-27.45873,2.2293875,0.7431292,0.14,0.0,0.16134846,17.660213,17.680214,2832000
hardzero_plus_depr__c0p60__z1p00__lam0p020__nu0p50__psi0p75,hardzero_plus_depr,0.02,32,885,0.0,1,0.4268767,0.4268767,1.0344443,0.0,0.09237526,0.0,0.0,3.485102e-08,-27.27184,2.2758229,0.7586076,0.17600001,0.0,0.17134413,17.680214,17.700214,2835200
hardzero_plus_depr__c0p60__z1p00__lam0p020__nu0p50__psi0p75,hardzero_plus_depr,0.02,32,886,0.0,1,0.4268767,0.4268767,0.97948927,0.10483606,0.10483606,1.0,3.5992467e-09,3.4332142e-08,-26.402891,2.1549194,0.7183065,0.208,0.0,0.15145202,17.700214,17.720215,2838400
hardzero_plus_depr__c0p60__z1p00__lam0p020__nu0p50__psi0p75,hardzero_plus_depr,0.02,32,887,0.0,1,0.4268767,0.4268767,1.103163,0.0,0.0788564,0.0,0.0,3.3820992e-08,-29.546476,2.4270072,0.8090024,0.18400002,0.0,0.17514947,17.720215,17.740215,2841600
hardzero_plus_depr__c0p60__z1p00__lam0p020__nu0p50__psi0p75,hardzero_plus_depr,0.02,32,888,0.0,1,0.4268767,0.4268767,1.0417136,0.0,0.09084194,0.0,0.0,3.3317455e-08,-27.839254,2.2918158,0.7639386,0.16000001,0.0,0.16649012,17.740215,17.760216,2844800
hardzero_plus_depr__c0p60__z1p00__lam0p020__nu0p50__psi0p75,hardzero_plus_depr,0.02,32,889,0.0,1,0.4268767,0.4268767,1.0510147,0.0,0.088917114,0.0,0.0,3.2821408e-08,-26.714315,2.3122785,0.7707595,0.080000006,0.0,0.15910833,17.760216,17.780216,2848000
hardzero_plus_depr__c0p60__z1p00__lam0p020__nu0p50__psi0p75,hardzero_plus_depr,0.02,32,890,0.0,1,0.4268767,0.4268767,0.9969201,0.100711696,0.100711696,1.0,3.2562861e-09,3.233275e-08,-26.373457,2.193268,0.73108935,0.18400002,0.0,0.15293762,17.780216,17.800217,2851200
hardzero_plus_depr__c0p60__z1p00__lam0p020__nu0p50__psi0p75,hardzero_plus_depr,0.02,32,891,0.0,1,0.4268767,0.4268767,1.0163578,0.0,0.09630354,0.0,0.0,3.1851368e-08,-27.450323,2.2360318,0.7453439,0.128,0.0,0.16080733,17.800217,17.820217,2854400
hardzero_plus_depr__c0p60__z1p00__lam0p020__nu0p50__psi0p75,hardzero_plus_depr,0.02,32,892,0.0,1,0.4268767,0.4268767,0.97161746,0.106753595,0.106753595,1.0,3.3496237e-09,3.137715e-08,-25.80507,2.1376011,0.7125337,0.16800001,0.0,0.12865593,17.820217,17.840218,2857600
hardzero_plus_depr__c0p60__z1p00__lam0p020__nu0p50__psi0p75,hardzero_plus_depr,0.02,32,893,0.0,1,0.4268767,0.4268767,1.0630484,0.0,0.08648715,0.0,0.0,3.0909998e-08,-26.999083,2.338753,0.77958435,0.136,0.0,0.16395971,17.840218,17.860218,2860800
hardzero_plus_depr__c0p60__z1p00__lam0p020__nu0p50__psi0p75,hardzero_plus_depr,0.02,32,894,0.0,1,0.4268767,0.4268767,1.08003,0.0,0.08317063,0.0,0.0,3.0449794e-08,-28.493587,2.3761134,0.79203784,0.16800001,0.0,0.1763872,17.860218,17.880219,2864000
hardzero_plus_depr__c0p60__z1p00__lam0p020__nu0p50__psi0p75,hardzero_plus_depr,0.02,32,895,0.0,1,0.4268767,0.4268767,0.99671966,0.100758195,0.100758195,1.0,3.0223877e-09,2.9996446e-08,-27.404127,2.192827,0.73094237,0.16800001,0.0,0.15993513,17.880219,17.900219,2867200
hardzero_plus_depr__c0p60__z1p00__lam0p020__nu0p50__psi0p75,hardzero_plus_depr,0.02,32,896,0.0,1,0.4268767,0.4268767,1.0964808,0.0,0.0800791,0.0,0.0,2.9549849e-08,-28.943165,2.412306,0.80410206,0.14400001,0.0,0.17629449,17.900219,17.92022,2870400
hardzero_plus_depr__c0p60__z1p00__lam0p020__nu0p50__psi0p75,hardzero_plus_depr,0.02,32,897,0.0,1,0.4268767,0.4268767,1.0551044,0.0,0.08808371,0.0,0.0,2.9109898e-08,-28.01811,2.321276,0.77375865,0.17999999,0.0,0.14033179,17.92022,17.94022,2873600
hardzero_plus_depr__c0p60__z1p00__lam0p020__nu0p50__psi0p75,hardzero_plus_depr,0.02,32,898,0.0,1,0.4268767,0.4268767,1.0089059,0.0,0.09797021,0.0,0.0,2.86765e-08,-26.480354,2.2196374,0.73987913,0.2,0.0,0.17392804,17.94022,17.96022,2876800
hardzero_plus_depr__c0p60__z1p00__lam0p020__nu0p50__psi0p75,hardzero_plus_depr,0.02,32,899,0.0,1,0.4268767,0.4268767,1.0857605,0.0,0.0820804,0.0,0.0,2.824955e-08,-28.645895,2.3887208,0.79624027,0.096,0.0,0.18837298,17.96022,17.98022,2880000
hardzero_plus_depr__c0p60__z1p00__lam0p020__nu0p50__psi0p75,hardzero_plus_depr,0.02,32,900,0.0,1,0.4268767,0.4268767,0.96947944,0.10728045,0.10728045,1.0,2.9855032e-09,2.7828959e-08,-26.4935,2.1328974,0.7109658,0.16800001,0.0,0.15365964,17.98022,18.000221,2883200
hardzero_plus_depr__c0p60__z1p00__lam0p020__nu0p50__psi0p75,hardzero_plus_depr,0.02,32,901,0.0,1,0.4268767,0.4268767,1.0419879,0.0,0.09078459,0.0,0.0,2.7414634e-08,-28.010414,2.2924192,0.7641398,0.16800001,0.0,0.15063019,18.000221,18.020222,2886400
hardzero_plus_depr__c0p60__z1p00__lam0p020__nu0p50__psi0p75,hardzero_plus_depr,0.02,32,902,0.0,1,0.4268767,0.4268767,1.0510155,0.0,0.08891693,0.0,0.0,2.7006472e-08,-27.9436,2.3122802,0.77076006,0.128,0.0,0.16274664,18.020222,18.040222,2889600
hardzero_plus_depr__c0p60__z1p00__lam0p020__nu0p50__psi0p75,hardzero_plus_depr,0.02,32,903,0.0,1,0.4268767,0.4268767,1.0480729,0.0,0.08952144,0.0,0.0,2.6604386e-08,-28.614628,2.3058064,0.76860213,0.216,0.0,0.19142629,18.040222,18.060223,2892800
hardzero_plus_depr__c0p60__z1p00__lam0p020__nu0p50__psi0p75,hardzero_plus_depr,0.02,32,904,0.0,1,0.4268767,0.4268767,1.0203623,0.0,0.09541964,0.0,0.0,2.6208292e-08,-26.918493,2.2448418,0.74828064,0.136,0.0,0.16164427,18.060223,18.080223,2896000
hardzero_plus_depr__c0p60__z1p00__lam0p020__nu0p50__psi0p75,hardzero_plus_depr,0.02,32,905,0.0,1,0.4268767,0.4268767,1.008066,0.0,0.09815986,0.0,0.0,2.581809e-08,-26.32926,2.2177896,0.73926324,0.16000001,0.0,0.14538829,18.080223,18.100224,2899200
hardzero_plus_depr__c0p60__z1p00__lam0p020__nu0p50__psi0p75,hardzero_plus_depr,0.02,32,906,0.0,1,0.4268767,0.4268767,1.0153874,0.0,0.09651894,0.0,0.0,2.5433703e-08,-27.36418,2.233897,0.74463236,0.208,0.0,0.1553475,18.100224,18.120224,2902400
hardzero_plus_depr__c0p60__z1p00__lam0p020__nu0p50__psi0p75,hardzero_plus_depr,0.02,32,907,0.0,1,0.4268767,0.4268767,0.996763,0.10074813,0.10074813,1.0,2.524248e-09,2.5055035e-08,-27.550615,2.1929224,0.73097414,0.192,0.0,0.14075214,18.120224,18.140224,2905600
hardzero_plus_depr__c0p60__z1p00__lam0p020__nu0p50__psi0p75,hardzero_plus_depr,0.02,32,908,0.0,1,0.4268767,0.4268767,1.0432991,0.0,0.09051091,0.0,0.0,2.4682006e-08,-27.594145,2.2953038,0.7651013,0.104,0.0,0.18471162,18.140224,18.160225,2908800
hardzero_plus_depr__c0p60__z1p00__lam0p020__nu0p50__psi0p75,hardzero_plus_depr,0.02,32,909,0.0,1,0.4268767,0.4268767,1.0336926,0.0,0.092535295,0.0,0.0,2.431453e-08,-27.596548,2.2741692,0.7580564,0.18400002,0.0,0.19608879,18.160225,18.180225,2912000
hardzero_plus_depr__c0p60__z1p00__lam0p020__nu0p50__psi0p75,hardzero_plus_depr,0.02,32,910,0.0,1,0.4268767,0.4268767,1.0343158,0.0,0.0924026,0.0,0.0,2.3952527e-08,-27.021053,2.2755404,0.75851345,0.17,0.0,0.14348206,18.180225,18.200226,2915200
hardzero_plus_depr__c0p60__z1p00__lam0p020__nu0p50__psi0p75,hardzero_plus_depr,0.02,32,911,0.0,1,0.4268767,0.4268767,1.0414609,0.0,0.090894826,0.0,0.0,2.3595911e-08,-27.699638,2.2912598,0.7637533,0.17600001,0.0,0.1526934,18.200226,18.220226,2918400
hardzero_plus_depr__c0p60__z1p00__lam0p020__nu0p50__psi0p75,hardzero_plus_depr,0.02,32,912,0.0,1,0.4268767,0.4268767,1.0088816,0.0,0.0979757,0.0,0.0,2.3244606e-08,-26.78272,2.2195837,0.73986125,0.14400001,0.0,0.12244426,18.220226,18.240227,2921600
hardzero_plus_depr__c0p60__z1p00__lam0p020__nu0p50__psi0p75,hardzero_plus_depr,0.02,32,913,0.0,1,0.4268767,0.4268767,0.9976232,0.10054877,0.10054877,1.0,2.302419e-09,2.289853e-08,-26.269285,2.194815,0.731605,0.15200001,0.0,0.14256744,18.240227,18.260227,2924800
hardzero_plus_depr__c0p60__z1p00__lam0p020__nu0p50__psi0p75,hardzero_plus_depr,0.02,32,914,0.0,1,0.4268767,0.4268767,1.058825,0.0,0.08733231,0.0,0.0,2.2557607e-08,-28.009415,2.3294616,0.77648723,0.128,0.0,0.16871333,18.260227,18.280228,2928000
hardzero_plus_depr__c0p60__z1p00__lam0p020__nu0p50__psi0p75,hardzero_plus_depr,0.02,32,915,0.0,1,0.4268767,0.4268767,1.0025284,0.0,0.09941949,0.0,0.0,2.2221764e-08,-26.812391,2.2056065,0.7352022,0.128,0.0,0.15301694,18.280228,18.300228,2931200
hardzero_plus_depr__c0p60__z1p00__lam0p020__nu0p50__psi0p75,hardzero_plus_depr,0.02,32,916,0.0,1,0.4268767,0.4268767,1.0402938,0.0,0.091139406,0.0,0.0,2.1890916e-08,-28.487413,2.288692,0.7628974,0.18400002,0.0,0.15451092,18.300228,18.320229,2934400
hardzero_plus_depr__c0p60__z1p00__lam0p020__nu0p50__psi0p75,hardzero_plus_depr,0.02,32,917,0.0,1,0.4268767,0.4268767,1.0334957,0.0,0.09257727,0.0,0.0,2.1564995e-08,-27.87919,2.2737358,0.7579119,0.16000001,0.0,0.18287648,18.320229,18.340229,2937600
hardzero_plus_depr__c0p60__z1p00__lam0p020__nu0p50__psi0p75,hardzero_plus_depr,0.02,32,918,0.0,1,0.4268767,0.4268767,1.0012287,0.0,0.09971749,0.0,0.0,2.1243928e-08,-26.390036,2.202747,0.73424906,0.136,0.0,0.15302819,18.340229,18.36023,2940800
hardzero_plus_depr__c0p60__z1p00__lam0p020__nu0p50__psi0p75,hardzero_plus_depr,0.02,32,919,0.0,1,0.4268767,0.4268767,0.9963329,0.10084796,0.10084796,1.0,2.1105095e-09,2.0927638e-08,-26.598778,2.191976,0.7306587,0.16000001,0.0,0.13105434,18.36023,18.38023,2944000
hardzero_plus_depr__c0p60__z1p00__lam0p020__nu0p50__psi0p75,hardzero_plus_depr,0.02,32,920,0.0,1,0.4268767,0.4268767,1.0386759,0.0,0.09147956,0.0,0.0,2.061606e-08,-27.381058,2.2851326,0.7617109,0.18400002,0.0,0.15938662,18.38023,18.40023,2947200
hardzero_plus_depr__c0p60__z1p00__lam0p020__nu0p50__psi0p75,hardzero_plus_depr,0.02,32,921,0.0,1,0.4268767,0.4268767,1.0340395,0.0,0.0924614,0.0,0.0,2.0309121e-08,-27.47044,2.2749324,0.7583108,0.15200001,0.0,0.1497031,18.40023,18.42023,2950400
hardzero_plus_depr__c0p60__z1p00__lam0p020__nu0p50__psi0p75,hardzero_plus_depr,0.02,32,922,0.0,1,0.4268767,0.4268767,1.0411311,0.0,0.090963855,0.0,0.0,2.0006748e-08,-27.71311,2.2905343,0.7635114,0.16800001,0.0,0.16707565,18.42023,18.440231,2953600
hardzero_plus_depr__c0p60__z1p00__lam0p020__nu0p50__psi0p75,hardzero_plus_depr,0.02,32,923,0.0,1,0.4268767,0.4268767,1.0061015,0.0,0.09860489,0.0,0.0,1.970888e-08,-26.95169,2.2134676,0.73782253,0.17,0.0,0.1463357,18.440231,18.460232,2956800
hardzero_plus_depr__c0p60__z1p00__lam0p020__nu0p50__psi0p75,hardzero_plus_depr,0.02,32,924,0.0,1,0.4268767,0.4268767,1.0203788,0.0,0.095415995,0.0,0.0,1.9415447e-08,-28.093248,2.2448783,0.7482928,0.16800001,0.0,0.16820943,18.460232,18.480232,2960000
hardzero_plus_depr__c0p60__z1p00__lam0p020__nu0p50__psi0p75,hardzero_plus_depr,0.02,32,925,0.0,1,0.4268767,0.4268767,1.0404541,0.0,0.09110575,0.0,0.0,1.9126382e-08,-27.531857,2.2890449,0.763015,0.16000001,0.0,0.1681991,18.480232,18.500233,2963200
hardzero_plus_depr__c0p60__z1p00__lam0p020__nu0p50__psi0p75,hardzero_plus_depr,0.02,32,926,0.0,1,0.4268767,0.4268767,1.0097209,0.0,0.09778653,0.0,0.0,1.884162e-08,-27.627596,2.2214303,0.7404768,0.16000001,0.0,0.16996154,18.500233,18.520233,2966400
hardzero_plus_depr__c0p60__z1p00__lam0p020__nu0p50__psi0p75,hardzero_plus_depr,0.02,32,927,0.0,1,0.4268767,0.4268767,1.0512203,0.0,0.088875026,0.0,0.0,1.85611e-08,-27.681747,2.3127308,0.77091026,0.072000004,0.0,0.15539266,18.520233,18.540234,2969600
hardzero_plus_depr__c0p60__z1p00__lam0p020__nu0p50__psi0p75,hardzero_plus_depr,0.02,32,928,0.0,1,0.4268767,0.4268767,0.9829231,0.104010426,0.104010426,1.0,1.9018052e-09,1.8284755e-08,-26.278957,2.162474,0.72082466,0.17600001,0.0,0.15693675,18.540234,18.560234,2972800
hardzero_plus_depr__c0p60__z1p00__lam0p020__nu0p50__psi0p75,hardzero_plus_depr,0.02,32,929,0.0,1,0.4268767,0.4268767,1.0323526,0.0,0.09282125,0.0,0.0,1.8012523e-08,-27.571667,2.271221,0.75707364,0.15200001,0.0,0.16986994,18.560234,18.580235,2976000
hardzero_plus_depr__c0p60__z1p00__lam0p020__nu0p50__psi0p75,hardzero_plus_depr,0.02,32,930,0.0,1,0.4268767,0.4268767,1.0636691,0.0,0.08636362,0.0,0.0,1.7744346e-08,-28.184002,2.3401186,0.78003955,0.08800001,0.0,0.1693572,18.580235,18.600235,2979200
hardzero_plus_depr__c0p60__z1p00__lam0p020__nu0p50__psi0p75,hardzero_plus_depr,0.02,32,931,0.0,1,0.4268767,0.4268767,1.0016447,0.0,0.09962201,0.0,0.0,1.7480161e-08,-26.439857,2.2036624,0.7345542,0.128,0.0,0.14177714,18.600235,18.620235,2982400
hardzero_plus_depr__c0p60__z1p00__lam0p020__nu0p50__psi0p75,hardzero_plus_depr,0.02,32,932,0.0,1,0.4268767,0.4268767,1.091191,0.0,0.08106043,0.0,0.0,1.7219909e-08,-28.472212,2.4006681,0.80022275,0.120000005,0.0,0.15920347,18.620235,18.640236,2985600
hardzero_plus_depr__c0p60__z1p00__lam0p020__nu0p50__psi0p75,hardzero_plus_depr,0.02,32,933,0.0,1,0.4268767,0.4268767,1.0865546,0.0,0.08193046,0.0,0.0,1.6963533e-08,-29.076393,2.390468,0.79682267,0.15200001,0.0,0.2081,18.640236,18.660236,2988800
hardzero_plus_depr__c0p60__z1p00__lam0p020__nu0p50__psi0p75,hardzero_plus_depr,0.02,32,934,0.0,1,0.4268767,0.4268767,1.0399578,0.0,0.09120995,0.0,0.0,1.6710972e-08,-27.547672,2.2879527,0.7626509,0.16000001,0.0,0.14641958,18.660236,18.680237,2992000
hardzero_plus_depr__c0p60__z1p00__lam0p020__nu0p50__psi0p75,hardzero_plus_depr,0.02,32,935,0.0,1,0.4268767,0.4268767,1.011792,0.0,0.097321324,0.0,0.0,1.6462174e-08,-27.360668,2.2259867,0.7419956,0.128,0.0,0.16439784,18.680237,18.700237,2995200
hardzero_plus_depr__c0p60__z1p00__lam0p020__nu0p50__psi0p75,hardzero_plus_depr,0.02,32,936,0.0,1,0.4268767,0.4268767,1.009126,0.0,0.09792059,0.0,0.0,1.6217077e-08,-27.042456,2.2201214,0.7400405,0.17999999,0.01,0.15960029,18.700237,18.720238,2998400
hardzero_plus_depr__c0p60__z1p00__lam0p020__nu0p50__psi0p75,hardzero_plus_depr,0.02,32,937,0.0,1,0.4268767,0.4268767,1.0688491,0.0,0.08533966,0.0,0.0,1.5975631e-08,-27.305193,2.3515148,0.7838383,0.192,0.0,0.15883479,18.720238,18.740238,3001600
hardzero_plus_depr__c0p60__z1p00__lam0p020__nu0p50__psi0p75,hardzero_plus_depr,0.02,32,938,0.0,1,0.4268767,0.4268767,1.0389149,0.0,0.09142924,0.0,0.0,1.5737779e-08,-28.347946,2.2856584,0.7618861,0.15200001,0.0,0.15172915,18.740238,18.760239,3004800
hardzero_plus_depr__c0p60__z1p00__lam0p020__nu0p50__psi0p75,hardzero_plus_depr,0.02,32,939,0.0,1,0.4268767,0.4268767,1.0414187,0.0,0.09090365,0.0,0.0,1.5503469e-08,-26.777292,2.2911668,0.7637223,0.15200001,0.0,0.160438,18.760239,18.78024,3008000
hardzero_plus_depr__c0p60__z1p00__lam0p020__nu0p50__psi0p75,hardzero_plus_depr,0.02,32,940,0.0,1,0.4268767,0.4268767,1.0405337,0.0,0.09108907,0.0,0.0,1.5272647e-08,-27.710922,2.2892199,0.7630733,0.14400001,0.0,0.16052793,18.78024,18.80024,3011200
hardzero_plus_depr__c0p60__z1p00__lam0p020__nu0p50__psi0p75,hardzero_plus_depr,0.02,32,941,0.0,1,0.4268767,0.4268767,1.0259302,0.0,0.0942041,0.0,0.0,1.5045263e-08,-27.680655,2.2570915,0.75236386,0.136,0.0,0.15168178,18.80024,18.82024,3014400
hardzero_plus_depr__c0p60__z1p00__lam0p020__nu0p50__psi0p75,hardzero_plus_depr,0.02,32,942,0.0,1,0.4268767,0.4268767,1.0755919,0.0,0.08402491,0.0,0.0,1.48212616e-08,-28.331337,2.3663495,0.7887832,0.136,0.0,0.20987743,18.82024,18.84024,3017600
hardzero_plus_depr__c0p60__z1p00__lam0p020__nu0p50__psi0p75,hardzero_plus_depr,0.02,32,943,0.0,1,0.4268767,0.4268767,1.0750264,0.0,0.08413439,0.0,0.0,1.4600597e-08,-28.044245,2.3651054,0.78836846,0.136,0.0,0.16359206,18.84024,18.86024,3020800
hardzero_plus_depr__c0p60__z1p00__lam0p020__nu0p50__psi0p75,hardzero_plus_depr,0.02,32,944,0.0,1,0.4268767,0.4268767,1.0292515,0.0,0.09348641,0.0,0.0,1.4383218e-08,-27.55294,2.2643983,0.7547995,0.16000001,0.0,0.1640774,18.86024,18.880241,3024000
hardzero_plus_depr__c0p60__z1p00__lam0p020__nu0p50__psi0p75,hardzero_plus_depr,0.02,32,945,0.0,1,0.4268767,0.4268767,1.0408224,0.0,0.09102855,0.0,0.0,1.4169076e-08,-27.257376,2.289855,0.76328504,0.14400001,0.0,0.16422966,18.880241,18.900242,3027200
hardzero_plus_depr__c0p60__z1p00__lam0p020__nu0p50__psi0p75,hardzero_plus_depr,0.02,32,946,0.0,1,0.4268767,0.4268767,1.0224788,0.0,0.09495572,0.0,0.0,1.3958121e-08,-26.48437,2.2494984,0.7498328,0.208,0.0,0.18514661,18.900242,18.920242,3030400
hardzero_plus_depr__c0p60__z1p00__lam0p020__nu0p50__psi0p75,hardzero_plus_depr,0.02,32,947,0.0,1,0.4268767,0.4268767,0.9810282,0.10446524,0.10446524,1.0,1.436429e-09,1.3750306e-08,-26.189331,2.1583052,0.7194351,0.256,0.0,0.15522395,18.920242,18.940243,3033600
hardzero_plus_depr__c0p60__z1p00__lam0p020__nu0p50__psi0p75,hardzero_plus_depr,0.02,32,948,0.0,1,0.4268767,0.4268767,1.0073031,0.0,0.09833244,0.0,0.0,1.3545585e-08,-27.091438,2.2161112,0.7387037,0.24800001,0.0,0.17091082,18.940243,18.960243,3036800
hardzero_plus_depr__c0p60__z1p00__lam0p020__nu0p50__psi0p75,hardzero_plus_depr,0.02,32,949,0.0,1,0.4268767,0.4268767,1.051672,0.0,0.08878262,0.0,0.0,1.33439135e-08,-27.234484,2.3137245,0.77124155,0.02,0.0,0.158934,18.960243,18.980244,3040000
hardzero_plus_depr__c0p60__z1p00__lam0p020__nu0p50__psi0p75,hardzero_plus_depr,0.02,32,950,0.0,1,0.4268767,0.4268767,1.0193537,0.0,0.09564149,0.0,0.0,1.3145245e-08,-26.951332,2.242623,0.74754107,0.112,0.0,0.14277682,18.980244,19.000244,3043200
hardzero_plus_depr__c0p60__z1p00__lam0p020__nu0p50__psi0p75,hardzero_plus_depr,0.02,32,951,0.0,1,0.4268767,0.4268767,1.0074966,0.0,0.098288655,0.0,0.0,1.2949533e-08,-27.308643,2.2165368,0.7388456,0.18400002,0.0,0.16152187,19.000244,19.020245,3046400
hardzero_plus_depr__c0p60__z1p00__lam0p020__nu0p50__psi0p75,hardzero_plus_depr,0.02,32,952,0.0,1,0.4268767,0.4268767,1.0517408,0.0,0.088768564,0.0,0.0,1.2756735e-08,-27.540298,2.313876,0.771292,0.120000005,0.0,0.2130594,19.020245,19.040245,3049600
hardzero_plus_depr__c0p60__z1p00__lam0p020__nu0p50__psi0p75,hardzero_plus_depr,0.02,32,953,0.0,1,0.4268767,0.4268767,1.0185729,0.0,0.09581357,0.0,0.0,1.2566807e-08,-26.159988,2.2409053,0.74696845,0.120000005,0.0,0.13587333,19.040245,19.060246,3052800
hardzero_plus_depr__c0p60__z1p00__lam0p020__nu0p50__psi0p75,hardzero_plus_depr,0.02,32,954,0.0,1,0.4268767,0.4268767,1.0213073,0.0,0.095212206,0.0,0.0,1.2379707e-08,-27.586794,2.246921,0.7489737,0.16800001,0.0,0.1746814,19.060246,19.080246,3056000
hardzero_plus_depr__c0p60__z1p00__lam0p020__nu0p50__psi0p75,hardzero_plus_depr,0.02,32,955,0.0,1,0.4268767,0.4268767,0.9929718,0.10163148,0.10163148,1.0,1.239436e-09,1.2195395e-08,-27.856344,2.1845815,0.7281939,0.192,0.0,0.14950092,19.080246,19.100246,3059200
hardzero_plus_depr__c0p60__z1p00__lam0p020__nu0p50__psi0p75,hardzero_plus_depr,0.02,32,956,0.0,1,0.4268767,0.4268767,1.045923,0.0,0.08996572,0.0,0.0,1.2013825e-08,-27.182758,2.3010767,0.7670256,0.136,0.0,0.15700129,19.100246,19.120247,3062400
hardzero_plus_depr__c0p60__z1p00__lam0p020__nu0p50__psi0p75,hardzero_plus_depr,0.02,32,957,0.0,1,0.4268767,0.4268767,0.9590252,0.1098942,0.1098942,1.0,1.3005933e-09,1.1834958e-08,-26.380028,2.1098976,0.7032992,0.18400002,0.0,0.1217313,19.120247,19.140247,3065600
hardzero_plus_depr__c0p60__z1p00__lam0p020__nu0p50__psi0p75,hardzero_plus_depr,0.02,32,958,0.0,1,0.4268767,0.4268767,1.0336031,0.0,0.09255436,0.0,0.0,1.1658754e-08,-27.934544,2.2739723,0.7579908,0.136,0.0,0.16096403,19.140247,19.160248,3068800
hardzero_plus_depr__c0p60__z1p00__lam0p020__nu0p50__psi0p75,hardzero_plus_depr,0.02,32,959,0.0,1,0.4268767,0.4268767,1.01804,0.0,0.09593125,0.0,0.0,1.1485174e-08,-26.96501,2.2397325,0.7465775,0.128,0.0,0.16242644,19.160248,19.180248,3072000
hardzero_plus_depr__c0p60__z1p00__lam0p020__nu0p50__psi0p75,hardzero_plus_depr,0.02,32,960,0.0,1,0.4268767,0.4268767,1.1006911,0.0,0.079306535,0.0,0.0,1.1314179e-08,-28.913654,2.4215686,0.8071896,0.14400001,0.0,0.19177105,19.180248,19.200249,3075200
hardzero_plus_depr__c0p60__z1p00__lam0p020__nu0p50__psi0p75,hardzero_plus_depr,0.02,32,961,0.0,1,0.4268767,0.4268767,1.0889877,0.0,0.08147274,0.0,0.0,1.1145727e-08,-28.966759,2.3958209,0.798607,0.120000005,0.0,0.17259781,19.200249,19.22025,3078400
hardzero_plus_depr__c0p60__z1p00__lam0p020__nu0p50__psi0p75,hardzero_plus_depr,0.02,32,962,0.0,1,0.4268767,0.4268767,1.0575712,0.0,0.08758481,0.0,0.0,1.0979786e-08,-27.088535,2.326703,0.7755677,0.17,0.0,0.14674054,19.22025,19.24025,3081600
hardzero_plus_depr__c0p60__z1p00__lam0p020__nu0p50__psi0p75,hardzero_plus_depr,0.02,32,963,0.0,1,0.4268767,0.4268767,1.059012,0.0,0.08729471,0.0,0.0,1.0816314e-08,-27.74269,2.329873,0.7766244,0.16000001,0.0,0.17741631,19.24025,19.26025,3084800
hardzero_plus_depr__c0p60__z1p00__lam0p020__nu0p50__psi0p75,hardzero_plus_depr,0.02,32,964,0.0,1,0.4268767,0.4268767,1.0197954,0.0,0.095544256,0.0,0.0,1.0655277e-08,-28.013962,2.2435946,0.7478649,0.18400002,0.0,0.13744594,19.26025,19.28025,3088000
hardzero_plus_depr__c0p60__z1p00__lam0p020__nu0p50__psi0p75,hardzero_plus_depr,0.02,32,965,0.0,1,0.4268767,0.4268767,1.0264673,0.0,0.09408765,0.0,0.0,1.0496637e-08,-27.205994,2.2582731,0.7527577,0.104,0.0,0.13691506,19.28025,19.300251,3091200
hardzero_plus_depr__c0p60__z1p00__lam0p020__nu0p50__psi0p75,hardzero_plus_depr,0.02,32,966,0.0,1,0.4268767,0.4268767,0.9875641,0.10290487,0.10290487,1.0,1.0640733e-09,1.0340359e-08,-26.27507,2.1726844,0.72422814,0.208,0.0,0.16364214,19.300251,19.320251,3094400
hardzero_plus_depr__c0p60__z1p00__lam0p020__nu0p50__psi0p75,hardzero_plus_depr,0.02,32,967,0.0,1,0.4268767,0.4268767,1.0057269,0.0,0.09868999,0.0,0.0,1.0186406e-08,-26.55036,2.2126434,0.7375478,0.192,0.0,0.14911199,19.320251,19.340252,3097600
hardzero_plus_depr__c0p60__z1p00__lam0p020__nu0p50__psi0p75,hardzero_plus_depr,0.02,32,968,0.0,1,0.4268767,0.4268767,1.0021955,0.0,0.09949575,0.0,0.0,1.0034748e-08,-26.268265,2.204874,0.73495805,0.14400001,0.0,0.13429834,19.340252,19.360252,3100800
hardzero_plus_depr__c0p60__z1p00__lam0p020__nu0p50__psi0p75,hardzero_plus_depr,0.02,32,969,0.0,1,0.4268767,0.4268767,1.0030214,0.0,0.09930671,0.0,0.0,9.885347e-09,-26.882154,2.206691,0.7355637,0.16000001,0.0,0.16462396,19.360252,19.380253,3104000
hardzero_plus_depr__c0p60__z1p00__lam0p020__nu0p50__psi0p75,hardzero_plus_depr,0.02,32,970,0.0,1,0.4268767,0.4268767,1.0114146,0.0,0.09740591,0.0,0.0,9.73817e-09,-26.838755,2.2251568,0.74171895,0.208,0.0,0.17725098,19.380253,19.400253,3107200
hardzero_plus_depr__c0p60__z1p00__lam0p020__nu0p50__psi0p75,hardzero_plus_depr,0.02,32,971,0.0,1,0.4268767,0.4268767,0.98708045,0.10301953,0.10301953,1.0,9.882853e-10,9.593184e-09,-26.550545,2.1716204,0.7238735,0.136,0.0,0.14082159,19.400253,19.420254,3110400
hardzero_plus_depr__c0p60__z1p00__lam0p020__nu0p50__psi0p75,hardzero_plus_depr,0.02,32,972,0.0,1,0.4268767,0.4268767,1.0165383,0.0,0.09626352,0.0,0.0,9.450356e-09,-27.339466,2.2364287,0.74547625,0.15200001,0.0,0.15809551,19.420254,19.440254,3113600
hardzero_plus_depr__c0p60__z1p00__lam0p020__nu0p50__psi0p75,hardzero_plus_depr,0.02,32,973,0.0,1,0.4268767,0.4268767,1.0584611,0.0,0.08740553,0.0,0.0,9.309656e-09,-27.244762,2.328661,0.7762203,0.112,0.0,0.15124075,19.440254,19.460255,3116800
hardzero_plus_depr__c0p60__z1p00__lam0p020__nu0p50__psi0p75,hardzero_plus_depr,0.02,32,974,0.0,1,0.4268767,0.4268767,1.0731505,0.0,0.08449859,0.0,0.0,9.171051e-09,-27.834408,2.3609784,0.7869928,0.136,0.0,0.18956994,19.460255,19.480255,3120000
hardzero_plus_depr__c0p60__z1p00__lam0p020__nu0p50__psi0p75,hardzero_plus_depr,0.02,32,975,0.0,1,0.4268767,0.4268767,1.1089154,0.0,0.0778188,0.0,0.0,9.034508e-09,-29.498924,2.4396627,0.8132209,0.12,0.0,0.196341,19.480255,19.500256,3123200
hardzero_plus_depr__c0p60__z1p00__lam0p020__nu0p50__psi0p75,hardzero_plus_depr,0.02,32,976,0.0,1,0.4268767,0.4268767,1.016983,0.0,0.09616498,0.0,0.0,8.899999e-09,-27.52095,2.2374074,0.7458025,0.112,0.0,0.14496848,19.500256,19.520256,3126400
hardzero_plus_depr__c0p60__z1p00__lam0p020__nu0p50__psi0p75,hardzero_plus_depr,0.02,32,977,0.0,1,0.4268767,0.4268767,1.0355743,0.0,0.09213521,0.0,0.0,8.767492e-09,-27.445076,2.2783089,0.7594363,0.15200001,0.0,0.1566154,19.520256,19.540257,3129600
hardzero_plus_depr__c0p60__z1p00__lam0p020__nu0p50__psi0p75,hardzero_plus_depr,0.02,32,978,0.0,1,0.4268767,0.4268767,1.0053909,0.0,0.09876637,0.0,0.0,8.636958e-09,-26.565542,2.211904,0.73730135,0.15200001,0.0,0.14834376,19.540257,19.560257,3132800
hardzero_plus_depr__c0p60__z1p00__lam0p020__nu0p50__psi0p75,hardzero_plus_depr,0.02,32,979,0.0,1,0.4268767,0.4268767,1.0193825,0.0,0.095635146,0.0,0.0,8.508367e-09,-26.880978,2.2426863,0.7475621,0.14400001,0.0,0.15051451,19.560257,19.580257,3136000
hardzero_plus_depr__c0p60__z1p00__lam0p020__nu0p50__psi0p75,hardzero_plus_depr,0.02,32,980,0.0,1,0.4268767,0.4268767,1.0977387,0.0,0.07984748,0.0,0.0,8.381692e-09,-28.191273,2.4150734,0.8050245,0.136,0.0,0.17441231,19.580257,19.600258,3139200
hardzero_plus_depr__c0p60__z1p00__lam0p020__nu0p50__psi0p75,hardzero_plus_depr,0.02,32,981,0.0,1,0.4268767,0.4268767,1.0477479,0.0,0.08958848,0.0,0.0,8.256902e-09,-28.566542,2.3050914,0.76836383,0.17600001,0.0,0.1892506,19.600258,19.620258,3142400
hardzero_plus_depr__c0p60__z1p00__lam0p020__nu0p50__psi0p75,hardzero_plus_depr,0.02,32,982,0.0,1,0.4268767,0.4268767,1.0321658,0.0,0.092861176,0.0,0.0,8.133969e-09,-27.408419,2.2708101,0.7569367,0.16000001,0.0,0.15881924,19.620258,19.640259,3145600
hardzero_plus_depr__c0p60__z1p00__lam0p020__nu0p50__psi0p75,hardzero_plus_depr,0.02,32,983,0.0,1,0.4268767,0.4268767,1.0441862,0.0,0.090326205,0.0,0.0,8.012868e-09,-27.089884,2.2972555,0.76575184,0.104,0.0,0.16121385,19.640259,19.66026,3148800
hardzero_plus_depr__c0p60__z1p00__lam0p020__nu0p50__psi0p75,hardzero_plus_depr,0.02,32,984,0.0,1,0.4268767,0.4268767,1.0744351,0.0,0.08424903,0.0,0.0,7.893569e-09,-28.861954,2.3638043,0.7879348,0.15200001,0.0,0.19849722,19.66026,19.68026,3152000
hardzero_plus_depr__c0p60__z1p00__lam0p020__nu0p50__psi0p75,hardzero_plus_depr,0.02,32,985,0.0,1,0.4268767,0.4268767,1.0452088,0.0,0.090113774,0.0,0.0,7.7760465e-09,-27.46846,2.2995052,0.7665018,0.136,0.0,0.14601995,19.68026,19.70026,3155200
hardzero_plus_depr__c0p60__z1p00__lam0p020__nu0p50__psi0p75,hardzero_plus_depr,0.02,32,986,0.0,1,0.4268767,0.4268767,1.0029714,0.0,0.09931815,0.0,0.0,7.660274e-09,-26.467146,2.206581,0.73552704,0.16000001,0.0,0.14459933,19.70026,19.72026,3158400
hardzero_plus_depr__c0p60__z1p00__lam0p020__nu0p50__psi0p75,hardzero_plus_depr,0.02,32,987,0.0,1,0.4268767,0.4268767,1.0294226,0.0,0.093449585,0.0,0.0,7.546224e-09,-26.827703,2.264775,0.754925,0.096,0.0,0.15524587,19.72026,19.740261,3161600
hardzero_plus_depr__c0p60__z1p00__lam0p020__nu0p50__psi0p75,hardzero_plus_depr,0.02,32,988,0.0,1,0.4268767,0.4268767,1.0347028,0.0,0.09232031,0.0,0.0,7.433873e-09,-26.836185,2.2763915,0.75879717,0.08,0.0,0.1694685,19.740261,19.760262,3164800
hardzero_plus_depr__c0p60__z1p00__lam0p020__nu0p50__psi0p75,hardzero_plus_depr,0.02,32,989,0.0,1,0.4268767,0.4268767,1.1423838,0.0,0.07204705,0.0,0.0,7.323195e-09,-29.898928,2.5132945,0.83776486,0.096,0.0,0.21176624,19.760262,19.780262,3168000
hardzero_plus_depr__c0p60__z1p00__lam0p020__nu0p50__psi0p75,hardzero_plus_depr,0.02,32,990,0.0,1,0.4268767,0.4268767,0.98110807,0.104446016,0.104446016,1.0,7.5349066e-10,7.214164e-09,-27.176455,2.158481,0.7194936,0.15200001,0.0,0.14871188,19.780262,19.800262,3171200
hardzero_plus_depr__c0p60__z1p00__lam0p020__nu0p50__psi0p75,hardzero_plus_depr,0.02,32,991,0.0,1,0.4268767,0.4268767,1.036811,0.0,0.091873236,0.0,0.0,7.106757e-09,-27.98012,2.2810297,0.76034325,0.16000001,0.0,0.15657215,19.800262,19.820263,3174400
hardzero_plus_depr__c0p60__z1p00__lam0p020__nu0p50__psi0p75,hardzero_plus_depr,0.02,32,992,0.0,1,0.4268767,0.4268767,1.0205044,0.0,0.095388405,0.0,0.0,7.0009483e-09,-26.959852,2.2451544,0.74838483,0.112,0.0,0.14907257,19.820263,19.840263,3177600
hardzero_plus_depr__c0p60__z1p00__lam0p020__nu0p50__psi0p75,hardzero_plus_depr,0.02,32,993,0.0,1,0.4268767,0.4268767,0.97048587,0.10703212,0.10703212,1.0,7.381701e-10,6.8967156e-09,-26.35225,2.1351116,0.7117039,0.14400001,0.0,0.14423218,19.840263,19.860264,3180800
hardzero_plus_depr__c0p60__z1p00__lam0p020__nu0p50__psi0p75,hardzero_plus_depr,0.02,32,994,0.0,1,0.4268767,0.4268767,1.0683137,0.0,0.08544493,0.0,0.0,6.7940342e-09,-28.28468,2.350337,0.7834457,0.17600001,0.0,0.1551796,19.860264,19.880264,3184000
hardzero_plus_depr__c0p60__z1p00__lam0p020__nu0p50__psi0p75,hardzero_plus_depr,0.02,32,995,0.0,1,0.4268767,0.4268767,0.99432033,0.101316385,0.101316385,1.0,6.7809863e-10,6.6928822e-09,-25.558239,2.1875484,0.72918284,0.216,0.0,0.14616983,19.880264,19.900265,3187200
hardzero_plus_depr__c0p60__z1p00__lam0p020__nu0p50__psi0p75,hardzero_plus_depr,0.02,32,996,0.0,1,0.4268767,0.4268767,1.0177544,0.0,0.09599432,0.0,0.0,6.5932357e-09,-27.209557,2.2391045,0.74636817,0.16800001,0.0,0.16004792,19.900265,19.920265,3190400
hardzero_plus_depr__c0p60__z1p00__lam0p020__nu0p50__psi0p75,hardzero_plus_depr,0.02,32,997,0.0,1,0.4268767,0.4268767,1.0712371,0.0,0.08487171,0.0,0.0,6.4950734e-09,-28.479437,2.3567686,0.7855896,0.08800001,0.0,0.15424657,19.920265,19.940266,3193600
hardzero_plus_depr__c0p60__z1p00__lam0p020__nu0p50__psi0p75,hardzero_plus_depr,0.02,32,998,0.0,1,0.4268767,0.4268767,0.9646686,0.10847544,0.10847544,1.0,6.940662e-10,6.3983716e-09,-25.517778,2.1223133,0.70743775,0.16000001,0.0,0.12967253,19.940266,19.960266,3196800
hardzero_plus_depr__c0p60__z1p00__lam0p020__nu0p50__psi0p75,hardzero_plus_depr,0.02,32,999,0.0,1,0.4268767,0.4268767,1.0281519,0.0,0.093723424,0.0,0.0,6.303111e-09,-27.244556,2.2619793,0.75399315,0.17600001,0.0,0.195087,19.960266,19.980267,3200000
hardzero_plus_depr__c0p60__z1p00__lam0p020__nu0p50__psi0p75,hardzero_plus_depr,0.02,32,1000,0.0,1,0.4268767,0.4268767,1.0005279,0.0,0.09987853,0.0,0.0,6.2092673e-09,-26.090506,2.2012053,0.7337351,0.17600001,0.0,0.14430046,19.980267,20.000267,3203200
hardzero_plus_depr__c0p60__z1p00__lam0p020__nu0p50__psi0p75,hardzero_plus_depr,0.02,32,1001,0.0,1,0.4268767,0.4268767,1.0240257,0.0,0.09461811,0.0,0.0,6.1168213e-09,-27.318798,2.2529016,0.7509672,0.17999999,0.0,0.15780917,20.000267,20.020267,3206400
hardzero_plus_depr__c0p60__z1p00__lam0p020__nu0p50__psi0p75,hardzero_plus_depr,0.02,32,1002,0.0,1,0.4268767,0.4268767,1.0149843,0.0,0.09660859,0.0,0.0,6.0257515e-09,-26.567963,2.23301,0.7443367,0.128,0.0,0.1353586,20.020267,20.040268,3209600
hardzero_plus_depr__c0p60__z1p00__lam0p020__nu0p50__psi0p75,hardzero_plus_depr,0.02,32,1003,0.0,1,0.4268767,0.4268767,1.0540901,0.0,0.08828965,0.0,0.0,5.9360374e-09,-27.67989,2.3190446,0.7730149,0.15200001,0.0,0.15426318,20.040268,20.060268,3212800
hardzero_plus_depr__c0p60__z1p00__lam0p020__nu0p50__psi0p75,hardzero_plus_depr,0.02,32,1004,0.0,1,0.4268767,0.4268767,0.99864155,0.10031329,0.10031329,1.0,5.86598e-10,5.8476597e-09,-26.999872,2.1970553,0.7323518,0.18400002,0.0,0.15785988,20.060268,20.080269,3216000
hardzero_plus_depr__c0p60__z1p00__lam0p020__nu0p50__psi0p75,hardzero_plus_depr,0.02,32,1005,0.0,1,0.4268767,0.4268767,1.0830672,0.0,0.08259102,0.0,0.0,5.7605973e-09,-28.339506,2.3827953,0.79426515,0.14400001,0.0,0.14118823,20.080269,20.10027,3219200
hardzero_plus_depr__c0p60__z1p00__lam0p020__nu0p50__psi0p75,hardzero_plus_depr,0.02,32,1006,0.0,1,0.4268767,0.4268767,1.0182043,0.0,0.09589493,0.0,0.0,5.6748313e-09,-26.612509,2.2400942,0.7466981,0.17600001,0.0,0.13849308,20.10027,20.12027,3222400
hardzero_plus_depr__c0p60__z1p00__lam0p020__nu0p50__psi0p75,hardzero_plus_depr,0.02,32,1007,0.0,1,0.4268767,0.4268767,1.0457919,0.0,0.08999287,0.0,0.0,5.590342e-09,-28.345888,2.300788,0.7669293,0.120000005,0.0,0.1601081,20.12027,20.14027,3225600
hardzero_plus_depr__c0p60__z1p00__lam0p020__nu0p50__psi0p75,hardzero_plus_depr,0.02,32,1008,0.0,1,0.4268767,0.4268767,0.9900873,0.10230874,0.10230874,1.0,5.634256e-10,5.5071108e-09,-25.839636,2.1782355,0.7260785,0.136,0.0,0.124077365,20.14027,20.16027,3228800
hardzero_plus_depr__c0p60__z1p00__lam0p020__nu0p50__psi0p75,hardzero_plus_depr,0.02,32,1009,0.0,1,0.4268767,0.4268767,1.0013831,0.0,0.09968204,0.0,0.0,5.4251186e-09,-27.48617,2.2030866,0.73436224,0.16800001,0.0,0.18919589,20.16027,20.180271,3232000
hardzero_plus_depr__c0p60__z1p00__lam0p020__nu0p50__psi0p75,hardzero_plus_depr,0.02,32,1010,0.0,1,0.4268767,0.4268767,0.9875778,0.1029016,0.1029016,1.0,5.499419e-10,5.3443476e-09,-25.547619,2.1727145,0.72423816,0.23200001,0.0,0.13725892,20.180271,20.200272,3235200
hardzero_plus_depr__c0p60__z1p00__lam0p020__nu0p50__psi0p75,hardzero_plus_depr,0.02,32,1011,0.0,1,0.4268767,0.4268767,1.0069494,0.0,0.098412566,0.0,0.0,5.2647784e-09,-26.964458,2.215333,0.7384443,0.2,0.0,0.13663632,20.200272,20.220272,3238400
hardzero_plus_depr__c0p60__z1p00__lam0p020__nu0p50__psi0p75,hardzero_plus_depr,0.02,32,1012,0.0,1,0.4268767,0.4268767,0.98817694,0.10275975,0.10275975,1.0,5.3295257e-10,5.1863944e-09,-25.463581,2.1740327,0.72467756,0.192,0.0,0.13022634,20.220272,20.240273,3241600
hardzero_plus_depr__c0p60__z1p00__lam0p020__nu0p50__psi0p75,hardzero_plus_depr,0.02,32,1013,0.0,1,0.4268767,0.4268767,1.0554717,0.0,0.08800925,0.0,0.0,5.1091775e-09,-27.093323,2.322084,0.774028,0.14400001,0.0,0.16280954,20.240273,20.260273,3244800
hardzero_plus_depr__c0p60__z1p00__lam0p020__nu0p50__psi0p75,hardzero_plus_depr,0.02,32,1014,0.0,1,0.4268767,0.4268767,0.99036485,0.10224337,0.10224337,1.0,5.1460214e-10,5.03311e-09,-27.225355,2.1788461,0.72628206,0.22999999,0.0,0.16414963,20.260273,20.280273,3248000
hardzero_plus_depr__c0p60__z1p00__lam0p020__nu0p50__psi0p75,hardzero_plus_depr,0.02,32,1015,0.0,1,0.4268767,0.4268767,1.0214174,0.0,0.09518808,0.0,0.0,4.958175e-09,-26.792854,2.247163,0.7490544,0.16000001,0.0,0.1659348,20.280273,20.300274,3251200
hardzero_plus_depr__c0p60__z1p00__lam0p020__nu0p50__psi0p75,hardzero_plus_depr,0.02,32,1016,0.0,1,0.4268767,0.4268767,1.0345147,0.0,0.09236029,0.0,0.0,4.884355e-09,-27.373365,2.2759776,0.75865924,0.216,0.0,0.15969951,20.300274,20.320274,3254400
hardzero_plus_depr__c0p60__z1p00__lam0p020__nu0p50__psi0p75,hardzero_plus_depr,0.02,32,1017,0.0,1,0.4268767,0.4268767,1.0504993,0.0,0.08902269,0.0,0.0,4.8116355e-09,-27.273115,2.3111446,0.77038157,0.096,0.0,0.14844568,20.320274,20.340275,3257600
hardzero_plus_depr__c0p60__z1p00__lam0p020__nu0p50__psi0p75,hardzero_plus_depr,0.02,32,1018,0.0,1,0.4268767,0.4268767,1.0172257,0.0,0.096111245,0.0,0.0,4.7399977e-09,-27.223372,2.2379413,0.74598044,0.14400001,0.0,0.16230637,20.340275,20.360275,3260800
hardzero_plus_depr__c0p60__z1p00__lam0p020__nu0p50__psi0p75,hardzero_plus_depr,0.02,32,1019,0.0,1,0.4268767,0.4268767,0.998533,0.10033836,0.10033836,1.0,4.6852267e-10,4.669427e-09,-26.68652,2.1968164,0.73227215,0.18400002,0.0,0.16387965,20.360275,20.380276,3264000
hardzero_plus_depr__c0p60__z1p00__lam0p020__nu0p50__psi0p75,hardzero_plus_depr,0.02,32,1020,0.0,1,0.4268767,0.4268767,1.0295589,0.0,0.09342027,0.0,0.0,4.599907e-09,-27.192474,2.2650747,0.7550249,0.18400002,0.0,0.18894799,20.380276,20.400276,3267200
hardzero_plus_depr__c0p60__z1p00__lam0p020__nu0p50__psi0p75,hardzero_plus_depr,0.02,32,1021,0.0,1,0.4268767,0.4268767,1.012368,0.0,0.097192325,0.0,0.0,4.5314215e-09,-27.039484,2.227254,0.742418,0.2,0.0,0.20502248,20.400276,20.420277,3270400
hardzero_plus_depr__c0p60__z1p00__lam0p020__nu0p50__psi0p75,hardzero_plus_depr,0.02,32,1022,0.0,1,0.4268767,0.4268767,0.9953127,0.101085134,0.101085134,1.0,4.5123955e-10,4.4639554e-09,-26.352911,2.1897316,0.72991055,0.16000001,0.0,0.152436,20.420277,20.440277,3273600
hardzero_plus_depr__c0p60__z1p00__lam0p020__nu0p50__psi0p75,hardzero_plus_depr,0.02,32,1023,0.0,1,0.4268767,0.4268767,0.97519726,0.10587728,0.10587728,1.0,4.6559478e-10,4.397495e-09,-26.199528,2.1454768,0.71515894,0.224,0.0,0.12430306,20.440277,20.460278,3276800
hardzero_plus_depr__c0p60__z1p00__lam0p020__nu0p50__psi0p75,hardzero_plus_depr,0.02,32,1024,0.0,1,0.4268767,0.4268767,1.0003229,0.0,0.09992566,0.0,0.0,4.332023e-09,-27.066208,2.2007544,0.7335848,0.112,0.0,0.15652074,20.460278,20.480278,3280000
hardzero_plus_depr__c0p60__z1p00__lam0p020__nu0p50__psi0p75,hardzero_plus_depr,0.02,32,1025,0.0,1,0.4268767,0.4268767,0.97386736,0.10620198,0.10620198,1.0,4.5321974e-10,4.2675263e-09,-26.033524,2.142551,0.7141837,0.224,0.0,0.12971531,20.480278,20.500278,3283200
hardzero_plus_depr__c0p60__z1p00__lam0p020__nu0p50__psi0p75,hardzero_plus_depr,0.02,32,1026,0.0,1,0.4268767,0.4268767,1.0216836,0.0,0.09512977,0.0,0.0,4.2039896e-09,-27.02531,2.2477489,0.74924964,0.18400002,0.0,0.22966614,20.500278,20.520279,3286400
hardzero_plus_depr__c0p60__z1p00__lam0p020__nu0p50__psi0p75,hardzero_plus_depr,0.02,32,1027,0.0,1,0.4268767,0.4268767,1.0411971,0.0,0.09095004,0.0,0.0,4.141399e-09,-27.05012,2.2906792,0.76355976,0.22999999,0.0,0.1741013,20.520279,20.54028,3289600
hardzero_plus_depr__c0p60__z1p00__lam0p020__nu0p50__psi0p75,hardzero_plus_depr,0.02,32,1028,0.0,1,0.4268767,0.4268767,1.0013522,0.0,0.099689126,0.0,0.0,4.07974e-09,-26.878345,2.203019,0.73433965,0.16000001,0.008,0.16450758,20.54028,20.56028,3292800
hardzero_plus_depr__c0p60__z1p00__lam0p020__nu0p50__psi0p75,hardzero_plus_depr,0.02,32,1029,0.0,1,0.4268767,0.4268767,1.0017016,0.0,0.09960894,0.0,0.0,4.0189994e-09,-27.296045,2.2037876,0.7345959,0.17600001,0.0,0.16849995,20.56028,20.58028,3296000
hardzero_plus_depr__c0p60__z1p00__lam0p020__nu0p50__psi0p75,hardzero_plus_depr,0.02,32,1030,0.0,1,0.4268767,0.4268767,1.0084457,0.0,0.09807407,0.0,0.0,3.9591628e-09,-26.853981,2.2186248,0.73954165,0.18400002,0.0,0.16147019,20.58028,20.60028,3299200
hardzero_plus_depr__c0p60__z1p00__lam0p020__nu0p50__psi0p75,hardzero_plus_depr,0.02,32,1031,0.0,1,0.4268767,0.4268767,1.0522456,0.0,0.08866543,0.0,0.0,3.9002175e-09,-27.889093,2.3149867,0.77166224,0.192,0.0,0.16989626,20.60028,20.620281,3302400
hardzero_plus_depr__c0p60__z1p00__lam0p020__nu0p50__psi0p75,hardzero_plus_depr,0.02,32,1032,0.0,1,0.4268767,0.4268767,1.0634409,0.0,0.08640902,0.0,0.0,3.8421493e-09,-27.434956,2.3396168,0.7798723,0.17600001,0.0,0.13657527,20.620281,20.640282,3305600
hardzero_plus_depr__c0p60__z1p00__lam0p020__nu0p50__psi0p75,hardzero_plus_depr,0.02,32,1033,0.0,1,0.4268767,0.4268767,1.0565587,0.0,0.08778922,0.0,0.0,3.7849457e-09,-28.572577,2.3244755,0.7748252,0.14400001,0.0,0.15281658,20.640282,20.660282,3308800
hardzero_plus_depr__c0p60__z1p00__lam0p020__nu0p50__psi0p75,hardzero_plus_depr,0.02,32,1034,0.0,1,0.4268767,0.4268767,1.0237564,0.0,0.09467681,0.0,0.0,3.728594e-09,-27.11994,2.252309,0.75076973,0.16800001,0.0,0.16609308,20.660282,20.680283,3312000
hardzero_plus_depr__c0p60__z1p00__lam0p020__nu0p50__psi0p75,hardzero_plus_depr,0.02,32,1035,0.0,1,0.4268767,0.4268767,1.0206454,0.0,0.09535743,0.0,0.0,3.6730812e-09,-27.022463,2.2454648,0.7484883,0.192,0.0,0.17238824,20.680283,20.700283,3315200
hardzero_plus_depr__c0p60__z1p00__lam0p020__nu0p50__psi0p75,hardzero_plus_depr,0.02,32,1036,0.0,1,0.4268767,0.4268767,1.0009446,0.0,0.09978272,0.0,0.0,3.6183951e-09,-26.082512,2.2021222,0.73404074,0.112,0.0,0.14211792,20.700283,20.720284,3318400
hardzero_plus_depr__c0p60__z1p00__lam0p020__nu0p50__psi0p75,hardzero_plus_depr,0.02,32,1037,0.0,1,0.4268767,0.4268767,1.0354422,0.0,0.09216325,0.0,0.0,3.5645225e-09,-27.382118,2.2780185,0.7593395,0.192,0.0,0.14815329,20.720284,20.740284,3321600
hardzero_plus_depr__c0p60__z1p00__lam0p020__nu0p50__psi0p75,hardzero_plus_depr,0.02,32,1038,0.0,1,0.4268767,0.4268767,0.9850165,0.10351029,0.10351029,1.0,3.634715e-10,3.511453e-09,-26.989916,2.1670797,0.7223599,0.192,0.0,0.14001332,20.740284,20.760284,3324800
hardzero_plus_depr__c0p60__z1p00__lam0p020__nu0p50__psi0p75,hardzero_plus_depr,0.02,32,1039,0.0,1,0.4268767,0.4268767,1.0314937,0.0,0.093004994,0.0,0.0,3.459173e-09,-27.278326,2.2693315,0.75644386,0.2,0.0,0.15026174,20.760284,20.780285,3328000
hardzero_plus_depr__c0p60__z1p00__lam0p020__nu0p50__psi0p75,hardzero_plus_depr,0.02,32,1040,0.0,1,0.4268767,0.4268767,0.95749784,0.11028137,0.11028137,1.0,3.7580267e-10,3.4076713e-09,-26.664726,2.1065373,0.70217913,0.12,0.0,0.15126318,20.780285,20.800285,3331200
hardzero_plus_depr__c0p60__z1p00__lam0p020__nu0p50__psi0p75,hardzero_plus_depr,0.02,32,1041,0.0,1,0.4268767,0.4268767,1.0217578,0.0,0.095113486,0.0,0.0,3.3569363e-09,-27.022825,2.2479122,0.74930406,0.15200001,0.0,0.14264093,20.800285,20.820286,3334400
hardzero_plus_depr__c0p60__z1p00__lam0p020__nu0p50__psi0p75,hardzero_plus_depr,0.02,32,1042,0.0,1,0.4268767,0.4268767,1.0251635,0.0,0.09437054,0.0,0.0,3.3069572e-09,-27.311262,2.2554047,0.7518016,0.096,0.0,0.15525904,20.820286,20.840286,3337600
hardzero_plus_depr__c0p60__z1p00__lam0p020__nu0p50__psi0p75,hardzero_plus_depr,0.02,32,1043,0.0,1,0.4268767,0.4268767,1.0833247,0.0,0.08254206,0.0,0.0,3.2577219e-09,-28.31615,2.3833618,0.794454,0.096,0.0,0.16458154,20.840286,20.860287,3340800
hardzero_plus_depr__c0p60__z1p00__lam0p020__nu0p50__psi0p75,hardzero_plus_depr,0.02,32,1044,0.0,1,0.4268767,0.4268767,1.0323046,0.0,0.09283149,0.0,0.0,3.2092196e-09,-27.134806,2.2711155,0.75703853,0.23200001,0.0,0.17405018,20.860287,20.880287,3344000
hardzero_plus_depr__c0p60__z1p00__lam0p020__nu0p50__psi0p75,hardzero_plus_depr,0.02,32,1045,0.0,1,0.4268767,0.4268767,1.0348239,0.0,0.09229456,0.0,0.0,3.1614393e-09,-27.367674,2.276658,0.75888604,0.16000001,0.0,0.15193625,20.880287,20.900288,3347200
hardzero_plus_depr__c0p60__z1p00__lam0p020__nu0p50__psi0p75,hardzero_plus_depr,0.02,32,1046,0.0,1,0.4268767,0.4268767,1.0567813,0.0,0.08774426,0.0,0.0,3.1143703e-09,-27.700348,2.3249652,0.7749884,0.128,0.0,0.15578873,20.900288,20.920288,3350400
hardzero_plus_depr__c0p60__z1p00__lam0p020__nu0p50__psi0p75,hardzero_plus_depr,0.02,32,1047,0.0,1,0.4268767,0.4268767,1.0585656,0.0,0.08738448,0.0,0.0,3.0680027e-09,-28.570284,2.3288908,0.776297,0.216,0.0,0.17863232,20.920288,20.940289,3353600
hardzero_plus_depr__c0p60__z1p00__lam0p020__nu0p50__psi0p75,hardzero_plus_depr,0.02,32,1048,0.0,1,0.4268767,0.4268767,1.0106987,0.0,0.097566634,0.0,0.0,3.022325e-09,-27.371119,2.2235816,0.7411939,0.16000001,0.0,0.15949747,20.940289,20.960289,3356800
hardzero_plus_depr__c0p60__z1p00__lam0p020__nu0p50__psi0p75,hardzero_plus_depr,0.02,32,1049,0.0,1,0.4268767,0.4268767,1.0527586,0.0,0.08856077,0.0,0.0,2.9773275e-09,-27.749283,2.3161151,0.7720384,0.16800001,0.0,0.158615,20.960289,20.98029,3360000
hardzero_plus_depr__c0p60__z1p00__lam0p020__nu0p50__psi0p75,hardzero_plus_depr,0.02,32,1050,0.0,1,0.4268767,0.4268767,1.0516424,0.0,0.08878867,0.0,0.0,2.9329998e-09,-27.62835,2.3136594,0.77121985,0.14400001,0.0,0.13423193,20.98029,21.00029,3363200
hardzero_plus_depr__c0p60__z1p00__lam0p020__nu0p50__psi0p75,hardzero_plus_depr,0.02,32,1051,0.0,1,0.4268767,0.4268767,1.0301903,0.0,0.093284525,0.0,0.0,2.889332e-09,-27.232689,2.266464,0.75548804,0.136,0.0,0.15092622,21.00029,21.02029,3366400
hardzero_plus_depr__c0p60__z1p00__lam0p020__nu0p50__psi0p75,hardzero_plus_depr,0.02,32,1052,0.0,1,0.4268767,0.4268767,1.0471042,0.0,0.08972133,0.0,0.0,2.8463145e-09,-27.318478,2.3036754,0.7678918,0.16000001,0.0,0.14825158,21.02029,21.04029,3369600
hardzero_plus_depr__c0p60__z1p00__lam0p020__nu0p50__psi0p75,hardzero_plus_depr,0.02,32,1053,0.0,1,0.4268767,0.4268767,1.0270972,0.0,0.09395129,0.0,0.0,2.8039375e-09,-27.060429,2.259659,0.7532197,0.14999999,0.0,0.16107893,21.04029,21.060291,3372800
hardzero_plus_depr__c0p60__z1p00__lam0p020__nu0p50__psi0p75,hardzero_plus_depr,0.02,32,1054,0.0,1,0.4268767,0.4268767,1.0335102,0.0,0.09257416,0.0,0.0,2.7621916e-09,-27.177258,2.273768,0.75792265,0.18400002,0.0,0.16179128,21.060291,21.080292,3376000
hardzero_plus_depr__c0p60__z1p00__lam0p020__nu0p50__psi0p75,hardzero_plus_depr,0.02,32,1055,0.0,1,0.4268767,0.4268767,1.0697137,0.0,0.08516993,0.0,0.0,2.721067e-09,-27.44107,2.3534172,0.7844724,0.15200001,0.0,0.18086228,21.080292,21.100292,3379200
hardzero_plus_depr__c0p60__z1p00__lam0p020__nu0p50__psi0p75,hardzero_plus_depr,0.02,32,1056,0.0,1,0.4268767,0.4268767,1.0158421,0.0,0.09641795,0.0,0.0,2.6805544e-09,-26.29608,2.2348971,0.74496573,0.15200001,0.0,0.13119988,21.100292,21.120293,3382400
hardzero_plus_depr__c0p60__z1p00__lam0p020__nu0p50__psi0p75,hardzero_plus_depr,0.02,32,1057,0.0,1,0.4268767,0.4268767,1.0087613,0.0,0.09800285,0.0,0.0,2.6406453e-09,-26.207285,2.219319,0.73977304,0.128,0.0,0.1707503,21.120293,21.140293,3385600
hardzero_plus_depr__c0p60__z1p00__lam0p020__nu0p50__psi0p75,hardzero_plus_depr,0.02,32,1058,0.0,1,0.4268767,0.4268767,1.0650473,0.0,0.08609,0.0,0.0,2.6013305e-09,-27.865479,2.3431509,0.7810503,0.08800001,0.0,0.20423852,21.140293,21.160294,3388800
hardzero_plus_depr__c0p60__z1p00__lam0p020__nu0p50__psi0p75,hardzero_plus_depr,0.02,32,1059,0.0,1,0.4268767,0.4268767,1.0397983,0.0,0.09124346,0.0,0.0,2.5626008e-09,-27.219097,2.287602,0.762534,0.2,0.0,0.16270696,21.160294,21.180294,3392000
hardzero_plus_depr__c0p60__z1p00__lam0p020__nu0p50__psi0p75,hardzero_plus_depr,0.02,32,1060,0.0,1,0.4268767,0.4268767,0.97748476,0.10532105,0.10532105,1.0,2.658775e-10,2.5244478e-09,-26.140087,2.1505094,0.71683645,0.120000005,0.0,0.1357609,21.180294,21.200294,3395200
hardzero_plus_depr__c0p60__z1p00__lam0p020__nu0p50__psi0p75,hardzero_plus_depr,0.02,32,1061,0.0,1,0.4268767,0.4268767,1.0583146,0.0,0.087435015,0.0,0.0,2.4868625e-09,-27.483223,2.3283386,0.7761129,0.17600001,0.0,0.17924248,21.200294,21.220295,3398400
hardzero_plus_depr__c0p60__z1p00__lam0p020__nu0p50__psi0p75,hardzero_plus_depr,0.02,32,1062,0.0,1,0.4268767,0.4268767,1.0114563,0.0,0.097396575,0.0,0.0,2.4498372e-09,-26.916334,2.225248,0.7417494,0.16000001,0.0,0.15752882,21.220295,21.240295,3401600
hardzero_plus_depr__c0p60__z1p00__lam0p020__nu0p50__psi0p75,hardzero_plus_depr,0.02,32,1063,0.0,1,0.4268767,0.4268767,1.0390396,0.0,0.09140299,0.0,0.0,2.4133633e-09,-27.893007,2.2859328,0.7619776,0.136,0.0,0.14368942,21.240295,21.260296,3404800
hardzero_plus_depr__c0p60__z1p00__lam0p020__nu0p50__psi0p75,hardzero_plus_depr,0.02,32,1064,0.0,1,0.4268767,0.4268767,1.0061241,0.0,0.09859976,0.0,0.0,2.377432e-09,-26.665646,2.2135172,0.7378391,0.18400002,0.0,0.16040394,21.260296,21.280296,3408000
hardzero_plus_depr__c0p60__z1p00__lam0p020__nu0p50__psi0p75,hardzero_plus_depr,0.02,32,1065,0.0,1,0.4268767,0.4268767,1.0102834,0.0,0.097659975,0.0,0.0,2.342036e-09,-26.946213,2.2226677,0.74088925,0.16000001,0.0,0.14316,21.280296,21.300297,3411200
hardzero_plus_depr__c0p60__z1p00__lam0p020__nu0p50__psi0p75,hardzero_plus_depr,0.02,32,1066,0.0,1,0.4268767,0.4268767,1.0518106,0.0,0.08875428,0.0,0.0,2.3071667e-09,-27.330988,2.3140297,0.77134323,0.12,0.0,0.15921906,21.300297,21.320297,3414400
hardzero_plus_depr__c0p60__z1p00__lam0p020__nu0p50__psi0p75,hardzero_plus_depr,0.02,32,1067,0.0,1,0.4268767,0.4268767,1.0287805,0.0,0.09358787,0.0,0.0,2.2728166e-09,-26.85332,2.2633622,0.7544541,0.18400002,0.0,0.15161252,21.320297,21.340298,3417600
hardzero_plus_depr__c0p60__z1p00__lam0p020__nu0p50__psi0p75,hardzero_plus_depr,0.02,32,1068,0.0,1,0.4268767,0.4268767,1.0841235,0.0,0.08239038,0.0,0.0,2.2389803e-09,-28.358206,2.3851192,0.7950398,0.17600001,0.0,0.2068484,21.340298,21.360298,3420800
hardzero_plus_depr__c0p60__z1p00__lam0p020__nu0p50__psi0p75,hardzero_plus_depr,0.02,32,1069,0.0,1,0.4268767,0.4268767,1.0274895,0.0,0.09386646,0.0,0.0,2.2056432e-09,-26.983768,2.2605221,0.7535074,0.112,0.0,0.1780077,21.360298,21.380299,3424000
hardzero_plus_depr__c0p60__z1p00__lam0p020__nu0p50__psi0p75,hardzero_plus_depr,0.02,32,1070,0.0,1,0.4268767,0.4268767,0.99713165,0.10066265,0.10066265,1.0,2.1872007e-10,2.1728026e-09,-27.762009,2.1937335,0.7312445,0.15200001,0.0,0.16181423,21.380299,21.4003,3427200
hardzero_plus_depr__c0p60__z1p00__lam0p020__nu0p50__psi0p75,hardzero_plus_depr,0.02,32,1071,0.0,1,0.4268767,0.4268767,1.068718,0.0,0.08536544,0.0,0.0,2.1404551e-09,-28.082989,2.3512266,0.7837422,0.080000006,0.0,0.18127282,21.4003,21.4203,3430400
hardzero_plus_depr__c0p60__z1p00__lam0p020__nu0p50__psi0p75,hardzero_plus_depr,0.02,32,1072,0.0,1,0.4268767,0.4268767,0.9889493,0.10257717,0.10257717,1.0,2.1629312e-10,2.1085893e-09,-26.034622,2.175732,0.725244,0.2,0.0,0.1457014,21.4203,21.4403,3433600
hardzero_plus_depr__c0p60__z1p00__lam0p020__nu0p50__psi0p75,hardzero_plus_depr,0.02,32,1073,0.0,1,0.4268767,0.4268767,1.0227879,0.0,0.094888166,0.0,0.0,2.0771938e-09,-27.118979,2.2501783,0.7500595,0.14400001,0.0,0.16089046,21.4403,21.4603,3436800
hardzero_plus_depr__c0p60__z1p00__lam0p020__nu0p50__psi0p75,hardzero_plus_depr,0.02,32,1074,0.0,1,0.4268767,0.4268767,1.0242606,0.0,0.09456694,0.0,0.0,2.0462656e-09,-26.903316,2.2534184,0.7511395,0.24800001,0.0,0.15532024,21.4603,21.4803,3440000
hardzero_plus_depr__c0p60__z1p00__lam0p020__nu0p50__psi0p75,hardzero_plus_depr,0.02,32,1075,0.0,1,0.4268767,0.4268767,1.0196232,0.0,0.095582165,0.0,0.0,2.015802e-09,-26.30275,2.2432158,0.7477386,0.080000006,0.0,0.13841224,21.4803,21.500301,3443200
hardzero_plus_depr__c0p60__z1p00__lam0p020__nu0p50__psi0p75,hardzero_plus_depr,0.02,32,1076,0.0,1,0.4268767,0.4268767,1.0394895,0.0,0.091308355,0.0,0.0,1.9857918e-09,-27.15319,2.2869225,0.7623075,0.17600001,0.0,0.18452065,21.500301,21.520302,3446400
hardzero_plus_depr__c0p60__z1p00__lam0p020__nu0p50__psi0p75,hardzero_plus_depr,0.02,32,1077,0.0,1,0.4268767,0.4268767,1.0460352,0.0,0.08994247,0.0,0.0,1.9562247e-09,-26.8732,2.3013234,0.76710784,0.104,0.0,0.16995206,21.520302,21.540302,3449600
hardzero_plus_depr__c0p60__z1p00__lam0p020__nu0p50__psi0p75,hardzero_plus_depr,0.02,32,1078,0.0,1,0.4268767,0.4268767,1.0006092,0.0,0.09985983,0.0,0.0,1.9270978e-09,-27.180809,2.201384,0.7337947,0.14400001,0.0,0.12976345,21.540302,21.560303,3452800
hardzero_plus_depr__c0p60__z1p00__lam0p020__nu0p50__psi0p75,hardzero_plus_depr,0.02,32,1079,0.0,1,0.4268767,0.4268767,1.0689478,0.0,0.085320264,0.0,0.0,1.8984083e-09,-27.156208,2.351732,0.7839107,0.12,0.0,0.15631278,21.560303,21.580303,3456000
hardzero_plus_depr__c0p60__z1p00__lam0p020__nu0p50__psi0p75,hardzero_plus_depr,0.02,32,1080,0.0,1,0.4268767,0.4268767,1.0291705,0.0,0.093503855,0.0,0.0,1.8701458e-09,-26.13462,2.2642202,0.7547401,0.23200001,0.0,0.16293454,21.580303,21.600304,3459200
hardzero_plus_depr__c0p60__z1p00__lam0p020__nu0p50__psi0p75,hardzero_plus_depr,0.02,32,1081,0.0,1,0.4268767,0.4268767,1.0212352,0.0,0.095228024,0.0,0.0,1.8423005e-09,-26.752867,2.2467623,0.7489208,0.216,0.0,0.15204324,21.600304,21.620304,3462400
hardzero_plus_depr__c0p60__z1p00__lam0p020__nu0p50__psi0p75,hardzero_plus_depr,0.02,32,1082,0.0,1,0.4268767,0.4268767,1.0212866,0.0,0.09521674,0.0,0.0,1.8148699e-09,-26.978981,2.2468755,0.7489585,0.15200001,0.0,0.16019177,21.620304,21.640305,3465600
hardzero_plus_depr__c0p60__z1p00__lam0p020__nu0p50__psi0p75,hardzero_plus_depr,0.02,32,1083,0.0,1,0.4268767,0.4268767,0.9955996,0.10101838,0.10101838,1.0,1.8060581e-10,1.7878511e-09,-26.4061,2.190363,0.730121,0.192,0.0,0.13254195,21.640305,21.660305,3468800
hardzero_plus_depr__c0p60__z1p00__lam0p020__nu0p50__psi0p75,hardzero_plus_depr,0.02,32,1084,0.0,1,0.4268767,0.4268767,1.029077,0.0,0.09352396,0.0,0.0,1.7612345e-09,-27.639704,2.2640147,0.7546716,0.15200001,0.0,0.1715311,21.660305,21.680305,3472000
hardzero_plus_depr__c0p60__z1p00__lam0p020__nu0p50__psi0p75,hardzero_plus_depr,0.02,32,1085,0.0,1,0.4268767,0.4268767,1.0581905,0.0,0.08746002,0.0,0.0,1.735011e-09,-27.823708,2.3280656,0.7760219,0.16000001,0.0,0.180589,21.680305,21.700306,3475200
hardzero_plus_depr__c0p60__z1p00__lam0p020__nu0p50__psi0p75,hardzero_plus_depr,0.02,32,1086,0.0,1,0.4268767,0.4268767,1.029268,0.0,0.09348286,0.0,0.0,1.7091778e-09,-27.250679,2.2644348,0.75481164,0.14400001,0.0,0.1546355,21.700306,21.720306,3478400
hardzero_plus_depr__c0p60__z1p00__lam0p020__nu0p50__psi0p75,hardzero_plus_depr,0.02,32,1087,0.0,1,0.4268767,0.4268767,1.0893419,0.0,0.08140632,0.0,0.0,1.6837325e-09,-28.417625,2.3966,0.7988667,0.136,0.0,0.18059385,21.720306,21.740307,3481600
hardzero_plus_depr__c0p60__z1p00__lam0p020__nu0p50__psi0p75,hardzero_plus_depr,0.02,32,1088,0.0,1,0.4268767,0.4268767,1.0175998,0.0,0.09602849,0.0,0.0,1.6586658e-09,-27.648382,2.2387643,0.7462548,0.192,0.0,0.18206514,21.740307,21.760307,3484800
hardzero_plus_depr__c0p60__z1p00__lam0p020__nu0p50__psi0p75,hardzero_plus_depr,0.02,32,1089,0.0,1,0.4268767,0.4268767,0.990864,0.10212591,0.10212591,1.0,1.6687064e-10,1.6339696e-09,-26.1195,2.1799443,0.7266481,0.192,0.0,0.15256603,21.760307,21.780308,3488000
hardzero_plus_depr__c0p60__z1p00__lam0p020__nu0p50__psi0p75,hardzero_plus_depr,0.02,32,1090,0.0,1,0.4268767,0.4268767,1.0534929,0.0,0.08841115,0.0,0.0,1.6096409e-09,-28.092924,2.3177307,0.7725769,0.17600001,0.0,0.18121341,21.780308,21.800308,3491200
hardzero_plus_depr__c0p60__z1p00__lam0p020__nu0p50__psi0p75,hardzero_plus_depr,0.02,32,1091,0.0,1,0.4268767,0.4268767,1.0002549,0.0,0.09994134,0.0,0.0,1.5856773e-09,-26.6467,2.2006047,0.73353493,0.18400002,0.0,0.15425512,21.800308,21.820309,3494400
hardzero_plus_depr__c0p60__z1p00__lam0p020__nu0p50__psi0p75,hardzero_plus_depr,0.02,32,1092,0.0,1,0.4268767,0.4268767,1.057176,0.0,0.087664545,0.0,0.0,1.5620705e-09,-29.21461,2.3258336,0.77527785,0.12,0.0,0.1747918,21.820309,21.84031,3497600
hardzero_plus_depr__c0p60__z1p00__lam0p020__nu0p50__psi0p75,hardzero_plus_depr,0.02,32,1093,0.0,1,0.4268767,0.4268767,1.0059144,0.0,0.09864738,0.0,0.0,1.5388124e-09,-27.436312,2.213056,0.7376854,0.16000001,0.0,0.15831602,21.84031,21.86031,3500800
hardzero_plus_depr__c0p60__z1p00__lam0p020__nu0p50__psi0p75,hardzero_plus_depr,0.02,32,1094,0.0,1,0.4268767,0.4268767,1.0473614,0.0,0.08966824,0.0,0.0,1.5159004e-09,-27.647654,2.304241,0.76808035,0.128,0.0,0.1590155,21.86031,21.88031,3504000
hardzero_plus_depr__c0p60__z1p00__lam0p020__nu0p50__psi0p75,hardzero_plus_depr,0.02,32,1095,0.0,1,0.4268767,0.4268767,1.0705712,0.0,0.08500194,0.0,0.0,1.4933326e-09,-27.459875,2.3553035,0.7851012,0.128,0.0,0.15506762,21.88031,21.90031,3507200
hardzero_plus_depr__c0p60__z1p00__lam0p020__nu0p50__psi0p75,hardzero_plus_depr,0.02,32,1096,0.0,1,0.4268767,0.4268767,1.0496625,0.0,0.089194395,0.0,0.0,1.4711007e-09,-27.477694,2.3093035,0.7697679,0.112,0.0,0.15305641,21.90031,21.920311,3510400
hardzero_plus_depr__c0p60__z1p00__lam0p020__nu0p50__psi0p75,hardzero_plus_depr,0.02,32,1097,0.0,1,0.4268767,0.4268767,1.043298,0.0,0.09051113,0.0,0.0,1.4491969e-09,-27.41406,2.2953014,0.7651005,0.208,0.0,0.16421992,21.920311,21.940311,3513600
hardzero_plus_depr__c0p60__z1p00__lam0p020__nu0p50__psi0p75,hardzero_plus_depr,0.02,32,1098,0.0,1,0.4268767,0.4268767,1.0218304,0.0,0.095097594,0.0,0.0,1.4276194e-09,-27.002514,2.248072,0.74935734,0.16800001,0.0,0.15473525,21.940311,21.960312,3516800
hardzero_plus_depr__c0p60__z1p00__lam0p020__nu0p50__psi0p75,hardzero_plus_depr,0.02,32,1099,0.0,1,0.4268767,0.4268767,1.0387306,0.0,0.09146804,0.0,0.0,1.4063658e-09,-27.009045,2.285253,0.76175106,0.18400002,0.0,0.16213116,21.960312,21.980312,3520000
hardzero_plus_depr__c0p60__z1p00__lam0p020__nu0p50__psi0p75,hardzero_plus_depr,0.02,32,1100,0.0,1,0.4268767,0.4268767,1.064153,0.0,0.08626746,0.0,0.0,1.3854285e-09,-27.323673,2.3411832,0.78039443,0.120000005,0.0,0.19097582,21.980312,22.000313,3523200
hardzero_plus_depr__c0p60__z1p00__lam0p020__nu0p50__psi0p75,hardzero_plus_depr,0.02,32,1101,0.0,1,0.4268767,0.4268767,1.0332509,0.0,0.09262944,0.0,0.0,1.3648004e-09,-26.701061,2.2731974,0.7577325,0.17600001,0.0,0.12963577,22.000313,22.020313,3526400
hardzero_plus_depr__c0p60__z1p00__lam0p020__nu0p50__psi0p75,hardzero_plus_depr,0.02,32,1102,0.0,1,0.4268767,0.4268767,1.0390254,0.0,0.09140598,0.0,0.0,1.3444794e-09,-27.569622,2.2859015,0.7619672,0.136,0.0,0.16298951,22.020313,22.040314,3529600
hardzero_plus_depr__c0p60__z1p00__lam0p020__nu0p50__psi0p75,hardzero_plus_depr,0.02,32,1103,0.0,1,0.4268767,0.4268767,0.9984187,0.100364774,0.100364774,1.0,1.3292949e-10,1.3244635e-09,-27.046408,2.196565,0.73218834,0.16800001,0.0,0.13139404,22.040314,22.060314,3532800
hardzero_plus_depr__c0p60__z1p00__lam0p020__nu0p50__psi0p75,hardzero_plus_depr,0.02,32,1104,0.0,1,0.4268767,0.4268767,1.0405269,0.0,0.09109051,0.0,0.0,1.3047455e-09,-27.867664,2.2892048,0.7630683,0.16000001,0.0,0.14015351,22.060314,22.080315,3536000
hardzero_plus_depr__c0p60__z1p00__lam0p020__nu0p50__psi0p75,hardzero_plus_depr,0.02,32,1105,0.0,1,0.4268767,0.4268767,1.0752614,0.0,0.084088884,0.0,0.0,1.2853187e-09,-28.02016,2.3656223,0.7885408,0.14,0.0,0.17736204,22.080315,22.100315,3539200
hardzero_plus_depr__c0p60__z1p00__lam0p020__nu0p50__psi0p75,hardzero_plus_depr,0.02,32,1106,0.0,1,0.4268767,0.4268767,1.0234658,0.0,0.09474019,0.0,0.0,1.2661815e-09,-27.060024,2.2516696,0.7505566,0.120000005,0.0,0.15547033,22.100315,22.120316,3542400
hardzero_plus_depr__c0p60__z1p00__lam0p020__nu0p50__psi0p75,hardzero_plus_depr,0.02,32,1107,0.0,1,0.4268767,0.4268767,1.0571529,0.0,0.08766921,0.0,0.0,1.2473311e-09,-28.020224,2.3257828,0.7752609,0.2,0.0,0.17036521,22.120316,22.140316,3545600
hardzero_plus_depr__c0p60__z1p00__lam0p020__nu0p50__psi0p75,hardzero_plus_depr,0.02,32,1108,0.0,1,0.4268767,0.4268767,1.0628816,0.0,0.086520374,0.0,0.0,1.2287614e-09,-28.181372,2.3383863,0.7794621,0.18400002,0.0,0.15124978,22.140316,22.160316,3548800
hardzero_plus_depr__c0p60__z1p00__lam0p020__nu0p50__psi0p75,hardzero_plus_depr,0.02,32,1109,0.0,1,0.4268767,0.4268767,1.0345882,0.0,0.09234466,0.0,0.0,1.210466e-09,-27.346596,2.2761395,0.7587132,0.136,0.0,0.1492863,22.160316,22.180317,3552000
hardzero_plus_depr__c0p60__z1p00__lam0p020__nu0p50__psi0p75,hardzero_plus_depr,0.02,32,1110,0.0,1,0.4268767,0.4268767,0.98026496,0.104648985,0.104648985,1.0,1.2478796e-10,1.192443e-09,-26.175459,2.156626,0.71887535,0.112,0.0,0.12323293,22.180317,22.200317,3555200
hardzero_plus_depr__c0p60__z1p00__lam0p020__nu0p50__psi0p75,hardzero_plus_depr,0.02,32,1111,0.0,1,0.4268767,0.4268767,0.98803425,0.102793515,0.102793515,1.0,1.2075058e-10,1.1746906e-09,-26.979311,2.1737187,0.7245729,0.16800001,0.0,0.15114377,22.200317,22.220318,3558400
hardzero_plus_depr__c0p60__z1p00__lam0p020__nu0p50__psi0p75,hardzero_plus_depr,0.02,32,1112,0.0,1,0.4268767,0.4268767,1.0544249,0.0,0.08822165,0.0,0.0,1.1572024e-09,-27.637165,2.319781,0.77326035,0.112,0.0,0.18093562,22.220318,22.240318,3561600
hardzero_plus_depr__c0p60__z1p00__lam0p020__nu0p50__psi0p75,hardzero_plus_depr,0.02,32,1113,0.0,1,0.4268767,0.4268767,1.0200807,0.0,0.095481515,0.0,0.0,1.1399724e-09,-26.390968,2.2442224,0.7480742,0.14400001,0.0,0.14654732,22.240318,22.260319,3564800
hardzero_plus_depr__c0p60__z1p00__lam0p020__nu0p50__psi0p75,hardzero_plus_depr,0.02,32,1114,0.0,1,0.4268767,0.4268767,0.963877,0.10867332,0.10867332,1.0,1.2204003e-10,1.122999e-09,-25.968424,2.1205719,0.7068573,0.128,0.0,0.14422023,22.260319,22.28032,3568000
hardzero_plus_depr__c0p60__z1p00__lam0p020__nu0p50__psi0p75,hardzero_plus_depr,0.02,32,1115,0.0,1,0.4268767,0.4268767,1.0079331,0.0,0.09818991,0.0,0.0,1.1062805e-09,-26.974089,2.217497,0.7391657,0.16800001,0.0,0.17619729,22.28032,22.30032,3571200
hardzero_plus_depr__c0p60__z1p00__lam0p020__nu0p50__psi0p75,hardzero_plus_depr,0.02,32,1116,0.0,1,0.4268767,0.4268767,0.98474693,0.103574544,0.103574544,1.0,1.1287666e-10,1.0898108e-09,-26.497831,2.1664865,0.7221622,0.14400001,0.0,0.13068248,22.30032,22.32032,3574400
hardzero_plus_depr__c0p60__z1p00__lam0p020__nu0p50__psi0p75,hardzero_plus_depr,0.02,32,1117,0.0,1,0.4268767,0.4268767,1.022079,0.0,0.09504319,0.0,0.0,1.0735841e-09,-26.223372,2.2486186,0.74953955,0.112,0.0,0.12525795,22.32032,22.34032,3577600
hardzero_plus_depr__c0p60__z1p00__lam0p020__nu0p50__psi0p75,hardzero_plus_depr,0.02,32,1118,0.0,1,0.4268767,0.4268767,1.0093766,0.0,0.097864084,0.0,0.0,1.0575992e-09,-27.162207,2.220673,0.74022436,0.089999996,0.0,0.14949478,22.34032,22.360321,3580800
hardzero_plus_depr__c0p60__z1p00__lam0p020__nu0p50__psi0p75,hardzero_plus_depr,0.02,32,1119,0.0,1,0.4268767,0.4268767,1.0008639,0.0,0.09980129,0.0,0.0,1.0418543e-09,-26.80818,2.2019446,0.73398155,0.16800001,0.0,0.16405313,22.360321,22.380322,3584000
hardzero_plus_depr__c0p60__z1p00__lam0p020__nu0p50__psi0p75,hardzero_plus_depr,0.02,32,1120,0.0,1,0.4268767,0.4268767,1.0061225,0.0,0.09860014,0.0,0.0,1.0263437e-09,-26.763597,2.2135136,0.7378379,0.16000001,0.0,0.14133276,22.380322,22.400322,3587200
hardzero_plus_depr__c0p60__z1p00__lam0p020__nu0p50__psi0p75,hardzero_plus_depr,0.02,32,1121,0.0,1,0.4268767,0.4268767,1.0396861,0.0,0.09126703,0.0,0.0,1.0110621e-09,-27.052362,2.287355,0.76245165,0.14400001,0.0,0.16533011,22.400322,22.420322,3590400
hardzero_plus_depr__c0p60__z1p00__lam0p020__nu0p50__psi0p75,hardzero_plus_depr,0.02,32,1122,0.0,1,0.4268767,0.4268767,1.0830216,0.0,0.08259967,0.0,0.0,9.96008e-10,-28.32951,2.3826952,0.7942318,0.112,0.0,0.16535299,22.420322,22.440323,3593600
hardzero_plus_depr__c0p60__z1p00__lam0p020__nu0p50__psi0p75,hardzero_plus_depr,0.02,32,1123,0.0,1,0.4268767,0.4268767,1.0445507,0.0,0.09025044,0.0,0.0,9.8118e-10,-27.423744,2.2980573,0.7660191,0.17600001,0.0,0.16536167,22.440323,22.460323,3596800
hardzero_plus_depr__c0p60__z1p00__lam0p020__nu0p50__psi0p75,hardzero_plus_depr,0.02,32,1124,0.0,1,0.4268767,0.4268767,0.99971086,0.10006659,0.10006659,1.0,9.672163e-11,9.665727e-10,-26.538559,2.1994078,0.73313594,0.128,0.0,0.15460852,22.460323,22.480324,3600000
hardzero_plus_depr__c0p60__z1p00__lam0p020__nu0p50__psi0p75,hardzero_plus_depr,0.02,32,1125,0.0,1,0.4268767,0.4268767,1.006544,0.0,0.09850449,0.0,0.0,9.521812e-10,-27.0739,2.214441,0.738147,0.16000001,0.0,0.17083053,22.480324,22.500324,3603200
hardzero_plus_depr__c0p60__z1p00__lam0p020__nu0p50__psi0p75,hardzero_plus_depr,0.02,32,1126,0.0,1,0.4268767,0.4268767,0.9824085,0.10413374,0.10413374,1.0,9.7677845e-11,9.380038e-10,-27.17594,2.161342,0.7204473,0.18400002,0.0,0.16757922,22.500324,22.520325,3606400
hardzero_plus_depr__c0p60__z1p00__lam0p020__nu0p50__psi0p75,hardzero_plus_depr,0.02,32,1127,0.0,1,0.4268767,0.4268767,0.99840707,0.10036745,0.10036745,1.0,9.2743466e-11,9.240393e-10,-26.480688,2.1965394,0.7321798,0.16000001,0.0,0.13255005,22.520325,22.540325,3609600
hardzero_plus_depr__c0p60__z1p00__lam0p020__nu0p50__psi0p75,hardzero_plus_depr,0.02,32,1128,0.0,1,0.4268767,0.4268767,1.029361,0.0,0.09346285,0.0,0.0,9.1028274e-10,-28.042158,2.2646394,0.75487983,0.14400001,0.0,0.1847016,22.540325,22.560326,3612800
hardzero_plus_depr__c0p60__z1p00__lam0p020__nu0p50__psi0p75,hardzero_plus_depr,0.02,32,1129,0.0,1,0.4268767,0.4268767,1.0461792,0.0,0.089912646,0.0,0.0,8.967292e-10,-27.156824,2.30164,0.76721334,0.120000005,0.0,0.17907758,22.560326,22.580326,3616000
hardzero_plus_depr__c0p60__z1p00__lam0p020__nu0p50__psi0p75,hardzero_plus_depr,0.02,32,1130,0.0,1,0.4268767,0.4268767,1.0534801,0.0,0.08841376,0.0,0.0,8.833775e-10,-28.37687,2.3177025,0.7725675,0.18400002,0.0,0.17205644,22.580326,22.600327,3619200
hardzero_plus_depr__c0p60__z1p00__lam0p020__nu0p50__psi0p75,hardzero_plus_depr,0.02,32,1131,0.0,1,0.4268767,0.4268767,0.9796849,0.10478885,0.10478885,1.0,9.119001e-11,8.702263e-10,-26.010324,2.1553497,0.71844995,0.14,0.0,0.16394724,22.600327,22.620327,3622400
hardzero_plus_depr__c0p60__z1p00__lam0p020__nu0p50__psi0p75,hardzero_plus_depr,0.02,32,1132,0.0,1,0.4268767,0.4268767,0.9798576,0.10474719,0.10474719,1.0,8.979671e-11,8.572708e-10,-26.90093,2.1557298,0.7185766,0.136,0.0,0.16237521,22.620327,22.640327,3625600
hardzero_plus_depr__c0p60__z1p00__lam0p020__nu0p50__psi0p75,hardzero_plus_depr,0.02,32,1133,0.0,1,0.4268767,0.4268767,1.0761052,0.0,0.08392565,0.0,0.0,8.445065e-10,-27.663464,2.3674788,0.78915966,0.080000006,0.0,0.14867425,22.640327,22.660328,3628800
hardzero_plus_depr__c0p60__z1p00__lam0p020__nu0p50__psi0p75,hardzero_plus_depr,0.02,32,1134,0.0,1,0.4268767,0.4268767,1.0265886,0.0,0.09406141,0.0,0.0,8.319324e-10,-26.8277,2.25854,0.75284666,0.14400001,0.0,0.1861992,22.660328,22.680328,3632000
hardzero_plus_depr__c0p60__z1p00__lam0p020__nu0p50__psi0p75,hardzero_plus_depr,0.02,32,1135,0.0,1,0.4268767,0.4268767,1.0102156,0.0,0.097675204,0.0,0.0,8.19547e-10,-26.361614,2.2225187,0.7408396,0.136,0.0,0.15640445,22.680328,22.700329,3635200
hardzero_plus_depr__c0p60__z1p00__lam0p020__nu0p50__psi0p75,hardzero_plus_depr,0.02,32,1136,0.0,1,0.4268767,0.4268767,1.0743067,0.0,0.08427394,0.0,0.0,8.073461e-10,-28.29848,2.363522,0.7878407,0.128,0.0,0.15154712,22.700329,22.72033,3638400
hardzero_plus_depr__c0p60__z1p00__lam0p020__nu0p50__psi0p75,hardzero_plus_depr,0.02,32,1137,0.0,1,0.4268767,0.4268767,1.0383865,0.0,0.091540545,0.0,0.0,7.9532525e-10,-27.759388,2.2844958,0.76149863,0.104,0.0,0.16117711,22.72033,22.74033,3641600
hardzero_plus_depr__c0p60__z1p00__lam0p020__nu0p50__psi0p75,hardzero_plus_depr,0.02,32,1138,0.0,1,0.4268767,0.4268767,1.0180289,0.0,0.09593368,0.0,0.0,7.8348333e-10,-27.512493,2.2397082,0.7465694,0.17600001,0.0,0.16647163,22.74033,22.76033,3644800
hardzero_plus_depr__c0p60__z1p00__lam0p020__nu0p50__psi0p75,hardzero_plus_depr,0.02,32,1139,0.0,1,0.4268767,0.4268767,1.0143449,0.0,0.0967509,0.0,0.0,7.7181933e-10,-27.385237,2.2316034,0.7438678,0.120000005,0.0,0.15417665,22.76033,22.78033,3648000
hardzero_plus_depr__c0p60__z1p00__lam0p020__nu0p50__psi0p75,hardzero_plus_depr,0.02,32,1140,0.0,1,0.4268767,0.4268767,0.9872218,0.10298601,0.10298601,1.0,7.830324e-11,7.603289e-10,-26.37538,2.1719313,0.7239771,0.224,0.0,0.18296812,22.78033,22.800331,3651200
hardzero_plus_depr__c0p60__z1p00__lam0p020__nu0p50__psi0p75,hardzero_plus_depr,0.02,32,1141,0.0,1,0.4268767,0.4268767,1.0482008,0.0,0.089495085,0.0,0.0,7.490081e-10,-27.5028,2.306088,0.768696,0.136,0.0,0.19911481,22.800331,22.820332,3654400
hardzero_plus_depr__c0p60__z1p00__lam0p020__nu0p50__psi0p75,hardzero_plus_depr,0.02,32,1142,0.0,1,0.4268767,0.4268767,1.0359962,0.0,0.09204576,0.0,0.0,7.3785583e-10,-27.075575,2.2792373,0.7597458,0.18400002,0.0,0.16530931,22.820332,22.840332,3657600
hardzero_plus_depr__c0p60__z1p00__lam0p020__nu0p50__psi0p75,hardzero_plus_depr,0.02,32,1143,0.0,1,0.4268767,0.4268767,1.1040553,0.0,0.07869456,0.0,0.0,7.2687106e-10,-28.432238,2.42897,0.80965674,0.136,0.0,0.17415783,22.840332,22.860332,3660800
hardzero_plus_depr__c0p60__z1p00__lam0p020__nu0p50__psi0p75,hardzero_plus_depr,0.02,32,1144,0.0,1,0.4268767,0.4268767,1.0282097,0.0,0.09371094,0.0,0.0,7.160498e-10,-27.526327,2.2621064,0.7540355,0.12,0.0,0.1468419,22.860332,22.880333,3664000
hardzero_plus_depr__c0p60__z1p00__lam0p020__nu0p50__psi0p75,hardzero_plus_depr,0.02,32,1145,0.0,1,0.4268767,0.4268767,1.0342472,0.0,0.09241721,0.0,0.0,7.0538825e-10,-27.723186,2.2753892,0.7584631,0.18400002,0.0,0.13681184,22.880333,22.900333,3667200
hardzero_plus_depr__c0p60__z1p00__lam0p020__nu0p50__psi0p75,hardzero_plus_depr,0.02,32,1146,0.0,1,0.4268767,0.4268767,1.0052338,0.0,0.09880212,0.0,0.0,6.9488554e-10,-26.61403,2.2115583,0.73718613,0.15200001,0.0,0.15743496,22.900333,22.920334,3670400
hardzero_plus_depr__c0p60__z1p00__lam0p020__nu0p50__psi0p75,hardzero_plus_depr,0.02,32,1147,0.0,1,0.4268767,0.4268767,1.0616645,0.0,0.086763196,0.0,0.0,6.845405e-10,-28.29898,2.3357084,0.77856946,0.192,0.0,0.1697205,22.920334,22.940334,3673600
hardzero_plus_depr__c0p60__z1p00__lam0p020__nu0p50__psi0p75,hardzero_plus_depr,0.02,32,1148,0.0,1,0.4268767,0.4268767,1.0009049,0.0,0.099791855,0.0,0.0,6.743493e-10,-26.436768,2.2020347,0.7340116,0.17600001,0.0,0.15485266,22.940334,22.960335,3676800
hardzero_plus_depr__c0p60__z1p00__lam0p020__nu0p50__psi0p75,hardzero_plus_depr,0.02,32,1149,0.0,1,0.4268767,0.4268767,1.0159274,0.0,0.096399,0.0,0.0,6.643087e-10,-27.39417,2.235085,0.7450284,0.112,0.0,0.16424726,22.960335,22.980335,3680000
hardzero_plus_depr__c0p60__z1p00__lam0p020__nu0p50__psi0p75,hardzero_plus_depr,0.02,32,1150,0.0,1,0.4268767,0.4268767,1.0231837,0.0,0.09480174,0.0,0.0,6.544176e-10,-27.145164,2.251049,0.7503497,0.2,0.0,0.19304813,22.980335,23.000336,3683200
hardzero_plus_depr__c0p60__z1p00__lam0p020__nu0p50__psi0p75,hardzero_plus_depr,0.02,32,1151,0.0,1,0.4268767,0.4268767,1.0414286,0.0,0.09090159,0.0,0.0,6.44675e-10,-28.230429,2.2911887,0.7637296,0.16000001,0.0,0.15713134,23.000336,23.020336,3686400
hardzero_plus_depr__c0p60__z1p00__lam0p020__nu0p50__psi0p75,hardzero_plus_depr,0.02,32,1152,0.0,1,0.4268767,0.4268767,1.0618304,0.0,0.08673005,0.0,0.0,6.350774e-10,-28.416094,2.3360734,0.7786912,0.120000005,0.0,0.14207922,23.020336,23.040337,3689600
hardzero_plus_depr__c0p60__z1p00__lam0p020__nu0p50__psi0p75,hardzero_plus_depr,0.02,32,1153,0.0,1,0.4268767,0.4268767,1.0182443,0.0,0.095886126,0.0,0.0,6.2562155e-10,-26.649326,2.2401822,0.7467274,0.136,0.0,0.16760461,23.040337,23.060337,3692800
hardzero_plus_depr__c0p60__z1p00__lam0p020__nu0p50__psi0p75,hardzero_plus_depr,0.02,32,1154,0.0,1,0.4268767,0.4268767,1.0228779,0.0,0.09486851,0.0,0.0,6.1630645e-10,-27.220762,2.2503765,0.7501255,0.17600001,0.0,0.17175075,23.060337,23.080338,3696000
hardzero_plus_depr__c0p60__z1p00__lam0p020__nu0p50__psi0p75,hardzero_plus_depr,0.02,32,1155,0.0,1,0.4268767,0.4268767,0.98136234,0.1043849,0.1043849,1.0,6.3375326e-11,6.071312e-10,-26.874685,2.1590402,0.7196801,0.192,0.0,0.15117547,23.080338,23.100338,3699200
hardzero_plus_depr__c0p60__z1p00__lam0p020__nu0p50__psi0p75,hardzero_plus_depr,0.02,32,1156,0.0,1,0.4268767,0.4268767,1.0615685,0.0,0.08678236,0.0,0.0,5.980926e-10,-27.633345,2.3354974,0.7784991,0.17600001,0.0,0.1716735,23.100338,23.120338,3702400
hardzero_plus_depr__c0p60__z1p00__lam0p020__nu0p50__psi0p75,hardzero_plus_depr,0.02,32,1157,0.0,1,0.4268767,0.4268767,1.0629619,0.0,0.08650437,0.0,0.0,5.8918737e-10,-27.942997,2.338563,0.779521,0.14,0.0,0.16816458,23.120338,23.140339,3705600
hardzero_plus_depr__c0p60__z1p00__lam0p020__nu0p50__psi0p75,hardzero_plus_depr,0.02,32,1158,0.0,1,0.4268767,0.4268767,1.0122466,0.0,0.09721949,0.0,0.0,5.804147e-10,-26.968204,2.2269871,0.74232906,0.16800001,0.0,0.15665017,23.140339,23.16034,3708800
hardzero_plus_depr__c0p60__z1p00__lam0p020__nu0p50__psi0p75,hardzero_plus_depr,0.02,32,1159,0.0,1,0.4268767,0.4268767,1.0122758,0.0,0.09721295,0.0,0.0,5.7177385e-10,-27.214577,2.2270513,0.74235046,0.192,0.0,0.13795207,23.16034,23.18034,3712000
hardzero_plus_depr__c0p60__z1p00__lam0p020__nu0p50__psi0p75,hardzero_plus_depr,0.02,32,1160,0.0,1,0.4268767,0.4268767,0.99976844,0.10005332,0.10005332,1.0,5.6356194e-11,5.632616e-10,-26.75767,2.1995344,0.73317814,0.18400002,0.0,0.16083845,23.18034,23.20034,3715200
hardzero_plus_depr__c0p60__z1p00__lam0p020__nu0p50__psi0p75,hardzero_plus_depr,0.02,32,1161,0.0,1,0.4268767,0.4268767,1.0541645,0.0,0.08827454,0.0,0.0,5.54875e-10,-27.530724,2.3192081,0.7730694,0.128,0.0,0.16220441,23.20034,23.22034,3718400
hardzero_plus_depr__c0p60__z1p00__lam0p020__nu0p50__psi0p75,hardzero_plus_depr,0.02,32,1162,0.0,1,0.4268767,0.4268767,1.0368485,0.0,0.09186528,0.0,0.0,5.4661325e-10,-26.85477,2.2811124,0.76037085,0.128,0.0,0.15439558,23.22034,23.240341,3721600
hardzero_plus_depr__c0p60__z1p00__lam0p020__nu0p50__psi0p75,hardzero_plus_depr,0.02,32,1163,0.0,1,0.4268767,0.4268767,1.0275098,0.0,0.09386208,0.0,0.0,5.3847565e-10,-27.6726,2.2605667,0.7535223,0.14400001,0.0,0.17230794,23.240341,23.260342,3724800
hardzero_plus_depr__c0p60__z1p00__lam0p020__nu0p50__psi0p75,hardzero_plus_depr,0.02,32,1164,0.0,1,0.4268767,0.4268767,1.0352553,0.0,0.09220292,0.0,0.0,5.3045907e-10,-27.999403,2.2776072,0.7592024,0.15200001,0.0,0.17166133,23.260342,23.280342,3728000
hardzero_plus_depr__c0p60__z1p00__lam0p020__nu0p50__psi0p75,hardzero_plus_depr,0.02,32,1165,0.0,1,0.4268767,0.4268767,1.0419432,0.0,0.09079392,0.0,0.0,5.225609e-10,-27.539444,2.2923207,0.7641069,0.216,0.0,0.18500695,23.280342,23.300343,3731200
hardzero_plus_depr__c0p60__z1p00__lam0p020__nu0p50__psi0p75,hardzero_plus_depr,0.02,32,1166,0.0,1,0.4268767,0.4268767,1.05003,0.0,0.089118935,0.0,0.0,5.147803e-10,-27.349318,2.3101122,0.7700374,0.18400002,0.0,0.16442637,23.300343,23.320343,3734400
hardzero_plus_depr__c0p60__z1p00__lam0p020__nu0p50__psi0p75,hardzero_plus_depr,0.02,32,1167,0.0,1,0.4268767,0.4268767,1.040643,0.0,0.09106617,0.0,0.0,5.071165e-10,-27.595377,2.2894602,0.76315343,0.120000005,0.0,0.15714148,23.320343,23.340343,3737600
hardzero_plus_depr__c0p60__z1p00__lam0p020__nu0p50__psi0p75,hardzero_plus_depr,0.02,32,1168,0.0,1,0.4268767,0.4268767,1.0242063,0.0,0.09457878,0.0,0.0,4.9956683e-10,-26.52078,2.2532988,0.7510996,0.136,0.0,0.1442811,23.340343,23.360344,3740800
hardzero_plus_depr__c0p60__z1p00__lam0p020__nu0p50__psi0p75,hardzero_plus_depr,0.02,32,1169,0.0,1,0.4268767,0.4268767,1.0495659,0.0,0.08921421,0.0,0.0,4.921286e-10,-26.64171,2.309091,0.76969707,0.16800001,0.0,0.1546783,23.360344,23.380344,3744000
hardzero_plus_depr__c0p60__z1p00__lam0p020__nu0p50__psi0p75,hardzero_plus_depr,0.02,32,1170,0.0,1,0.4268767,0.4268767,1.0313162,0.0,0.09304304,0.0,0.0,4.848012e-10,-27.484589,2.268941,0.7563137,0.099999994,0.0,0.17421031,23.380344,23.400345,3747200
hardzero_plus_depr__c0p60__z1p00__lam0p020__nu0p50__psi0p75,hardzero_plus_depr,0.02,32,1171,0.0,1,0.4268767,0.4268767,1.0605236,0.0,0.0869914,0.0,0.0,4.775837e-10,-28.249353,2.3331985,0.77773285,0.128,0.008,0.16427043,23.400345,23.420345,3750400
hardzero_plus_depr__c0p60__z1p00__lam0p020__nu0p50__psi0p75,hardzero_plus_depr,0.02,32,1172,0.0,1,0.4268767,0.4268767,1.0536911,0.0,0.088370815,0.0,0.0,4.7047366e-10,-27.800535,2.3181667,0.77272224,0.192,0.0,0.14893307,23.420345,23.440346,3753600
hardzero_plus_depr__c0p60__z1p00__lam0p020__nu0p50__psi0p75,hardzero_plus_depr,0.02,32,1173,0.0,1,0.4268767,0.4268767,1.0314893,0.0,0.09300595,0.0,0.0,4.6346868e-10,-26.608295,2.2693217,0.7564406,0.104,0.0,0.1439796,23.440346,23.460346,3756800
hardzero_plus_depr__c0p60__z1p00__lam0p020__nu0p50__psi0p75,hardzero_plus_depr,0.02,32,1174,0.0,1,0.4268767,0.4268767,1.001711,0.0,0.09960679,0.0,0.0,4.5656792e-10,-26.633028,2.2038083,0.7346028,0.18400002,0.0,0.14884683,23.460346,23.480347,3760000
hardzero_plus_depr__c0p60__z1p00__lam0p020__nu0p50__psi0p75,hardzero_plus_depr,0.02,32,1175,0.0,1,0.4268767,0.4268767,1.0357811,0.0,0.09209135,0.0,0.0,4.4977078e-10,-28.297491,2.278764,0.759588,0.192,0.0,0.17073593,23.480347,23.500347,3763200
hardzero_plus_depr__c0p60__z1p00__lam0p020__nu0p50__psi0p75,hardzero_plus_depr,0.02,32,1176,0.0,1,0.4268767,0.4268767,1.0450476,0.0,0.090147234,0.0,0.0,4.4307485e-10,-28.388603,2.2991507,0.7663836,0.15200001,0.0,0.18656947,23.500347,23.520348,3766400
hardzero_plus_depr__c0p60__z1p00__lam0p020__nu0p50__psi0p75,hardzero_plus_depr,0.02,32,1177,0.0,1,0.4268767,0.4268767,1.0511975,0.0,0.08887967,0.0,0.0,4.3647777e-10,-28.058,2.3126807,0.7708936,0.14400001,0.0,0.15573741,23.520348,23.540348,3769600
hardzero_plus_depr__c0p60__z1p00__lam0p020__nu0p50__psi0p75,hardzero_plus_depr,0.02,32,1178,0.0,1,0.4268767,0.4268767,1.0271156,0.0,0.09394733,0.0,0.0,4.2997889e-10,-27.05629,2.2596993,0.75323313,0.16800001,0.0,0.1621303,23.540348,23.560349,3772800
hardzero_plus_depr__c0p60__z1p00__lam0p020__nu0p50__psi0p75,hardzero_plus_depr,0.02,32,1179,0.0,1,0.4268767,0.4268767,1.0501161,0.0,0.08910128,0.0,0.0,4.2357756e-10,-27.805334,2.3103015,0.77010053,0.112,0.0,0.17817448,23.560349,23.580349,3776000
hardzero_plus_depr__c0p60__z1p00__lam0p020__nu0p50__psi0p75,hardzero_plus_depr,0.02,32,1180,0.0,1,0.4268767,0.4268767,0.98692536,0.10305631,0.10305631,1.0,4.3002473e-11,4.172716e-10,-26.546053,2.1712792,0.7237598,0.16000001,0.0,0.15495169,23.580349,23.60035,3779200
hardzero_plus_depr__c0p60__z1p00__lam0p020__nu0p50__psi0p75,hardzero_plus_depr,0.02,32,1181,0.0,1,0.4268767,0.4268767,0.97763896,0.10528367,0.10528367,1.0,4.3277767e-11,4.110587e-10,-26.99833,2.1508486,0.7169496,0.192,0.0,0.13681272,23.60035,23.62035,3782400
hardzero_plus_depr__c0p60__z1p00__lam0p020__nu0p50__psi0p75,hardzero_plus_depr,0.02,32,1182,0.0,1,0.4268767,0.4268767,1.04523,0.0,0.09010938,0.0,0.0,4.049383e-10,-27.77216,2.299552,0.76651734,0.112,0.0,0.16240786,23.62035,23.64035,3785600
hardzero_plus_depr__c0p60__z1p00__lam0p020__nu0p50__psi0p75,hardzero_plus_depr,0.02,32,1183,0.0,1,0.4268767,0.4268767,1.0733737,0.0,0.084455185,0.0,0.0,3.989098e-10,-28.102818,2.3614693,0.78715646,0.14,0.0,0.17175372,23.64035,23.66035,3788800
hardzero_plus_depr__c0p60__z1p00__lam0p020__nu0p50__psi0p75,hardzero_plus_depr,0.02,32,1184,0.0,1,0.4268767,0.4268767,1.0277624,0.0,0.0938075,0.0,0.0,3.9297104e-10,-27.008825,2.2611225,0.7537075,0.18400002,0.0,0.16269402,23.66035,23.680351,3792000
hardzero_plus_depr__c0p60__z1p00__lam0p020__nu0p50__psi0p75,hardzero_plus_depr,0.02,32,1185,0.0,1,0.4268767,0.4268767,1.0667971,0.0,0.085743815,0.0,0.0,3.8711995e-10,-27.936413,2.3470006,0.78233355,0.15200001,0.0,0.17589249,23.680351,23.700352,3795200
hardzero_plus_depr__c0p60__z1p00__lam0p020__nu0p50__psi0p75,hardzero_plus_depr,0.02,32,1186,0.0,1,0.4268767,0.4268767,0.9637807,0.10869744,0.10869744,1.0,4.145242e-11,3.8135603e-10,-26.160292,2.12036,0.70678663,0.17600001,0.0,0.1522212,23.700352,23.720352,3798400
hardzero_plus_depr__c0p60__z1p00__lam0p020__nu0p50__psi0p75,hardzero_plus_depr,0.02,32,1187,0.0,1,0.4268767,0.4268767,1.0677761,0.0,0.08555076,0.0,0.0,3.756786e-10,-27.653605,2.3491542,0.78305143,0.08800001,0.0,0.16284294,23.720352,23.740353,3801600
hardzero_plus_depr__c0p60__z1p00__lam0p020__nu0p50__psi0p75,hardzero_plus_depr,0.02,32,1188,0.0,1,0.4268767,0.4268767,1.0006834,0.0,0.099842764,0.0,0.0,3.700857e-10,-26.941183,2.2015474,0.73384917,0.136,0.0,0.15534167,23.740353,23.760353,3804800
hardzero_plus_depr__c0p60__z1p00__lam0p020__nu0p50__psi0p75,hardzero_plus_depr,0.02,32,1189,0.0,1,0.4268767,0.4268767,1.0535399,0.0,0.0884016,0.0,0.0,3.6457534e-10,-26.937181,2.317834,0.7726113,0.128,0.0,0.16144463,23.760353,23.780354,3808000
hardzero_plus_depr__c0p60__z1p00__lam0p020__nu0p50__psi0p75,hardzero_plus_depr,0.02,32,1190,0.0,1,0.4268767,0.4268767,1.0865904,0.0,0.08192369,0.0,0.0,3.5914707e-10,-27.986576,2.3905466,0.7968489,0.08800001,0.0,0.18937063,23.780354,23.800354,3811200
hardzero_plus_depr__c0p60__z1p00__lam0p020__nu0p50__psi0p75,hardzero_plus_depr,0.02,32,1191,0.0,1,0.4268767,0.4268767,1.0071908,0.0,0.098357886,0.0,0.0,3.538003e-10,-27.055754,2.2158642,0.7386214,0.17600001,0.0,0.1514919,23.800354,23.820354,3814400
hardzero_plus_depr__c0p60__z1p00__lam0p020__nu0p50__psi0p75,hardzero_plus_depr,0.02,32,1192,0.0,1,0.4268767,0.4268767,0.98874336,0.102625825,0.102625825,1.0,3.5768492e-11,3.4853306e-10,-26.901052,2.175279,0.725093,0.14400001,0.0,0.15095744,23.820354,23.840355,3817600
hardzero_plus_depr__c0p60__z1p00__lam0p020__nu0p50__psi0p75,hardzero_plus_depr,0.02,32,1193,0.0,1,0.4268767,0.4268767,1.0652653,0.0,0.0860468,0.0,0.0,3.433437e-10,-27.407627,2.3436306,0.7812102,0.128,0.0,0.1972977,23.840355,23.860355,3820800
hardzero_plus_depr__c0p60__z1p00__lam0p020__nu0p50__psi0p75,hardzero_plus_depr,0.02,32,1194,0.0,1,0.4268767,0.4268767,1.046328,0.0,0.08988187,0.0,0.0,3.3823153e-10,-27.184448,2.3019674,0.7673225,0.16800001,0.0,0.16232674,23.860355,23.880356,3824000
hardzero_plus_depr__c0p60__z1p00__lam0p020__nu0p50__psi0p75,hardzero_plus_depr,0.02,32,1195,0.0,1,0.4268767,0.4268767,1.0346893,0.0,0.09232317,0.0,0.0,3.3319608e-10,-28.042707,2.276362,0.75878733,0.2,0.0,0.15824069,23.880356,23.900356,3827200
hardzero_plus_depr__c0p60__z1p00__lam0p020__nu0p50__psi0p75,hardzero_plus_depr,0.02,32,1196,0.0,1,0.4268767,0.4268767,1.0141423,0.0,0.09679607,0.0,0.0,3.2823566e-10,-27.024483,2.2311575,0.7437192,0.17999999,0.0,0.14490204,23.900356,23.920357,3830400
hardzero_plus_depr__c0p60__z1p00__lam0p020__nu0p50__psi0p75,hardzero_plus_depr,0.02,32,1197,0.0,1,0.4268767,0.4268767,1.0187823,0.0,0.09576741,0.0,0.0,3.2334846e-10,-27.655766,2.2413657,0.74712193,0.14400001,0.0,0.18184988,23.920357,23.940357,3833600
hardzero_plus_depr__c0p60__z1p00__lam0p020__nu0p50__psi0p75,hardzero_plus_depr,0.02,32,1198,0.0,1,0.4268767,0.4268767,1.0618339,0.0,0.08672936,0.0,0.0,3.18534e-10,-27.956194,2.336081,0.7786937,0.136,0.0,0.15457697,23.940357,23.960358,3836800
hardzero_plus_depr__c0p60__z1p00__lam0p020__nu0p50__psi0p75,hardzero_plus_depr,0.02,32,1199,0.0,1,0.4268767,0.4268767,1.0040728,0.0,0.099066585,0.0,0.0,3.1379183e-10,-27.25576,2.2090042,0.73633474,0.264,0.0,0.15941979,23.960358,23.980358,3840000
hardzero_plus_depr__c0p60__z1p00__lam0p020__nu0p50__psi0p75,hardzero_plus_depr,0.02,32,1200,0.0,1,0.4268767,0.4268767,1.0940292,0.0,0.080532424,0.0,0.0,3.0912028e-10,-28.026653,2.4069123,0.80230415,0.15200001,0.0,0.20248884,23.980358,24.000359,3843200
hardzero_plus_depr__c0p60__z1p00__lam0p020__nu0p50__psi0p75,hardzero_plus_depr,0.02,32,1201,0.0,1,0.4268767,0.4268767,1.0283983,0.0,0.093670264,0.0,0.0,3.045177e-10,-27.078028,2.2625215,0.7541739,0.112,0.0,0.15719335,24.000359,24.020359,3846400
hardzero_plus_depr__c0p60__z1p00__lam0p020__nu0p50__psi0p75,hardzero_plus_depr,0.02,32,1202,0.0,1,0.4268767,0.4268767,1.0508918,0.0,0.08894228,0.0,0.0,2.999836e-10,-27.601688,2.312008,0.77066934,0.16000001,0.0,0.16850115,24.020359,24.04036,3849600
hardzero_plus_depr__c0p60__z1p00__lam0p020__nu0p50__psi0p75,hardzero_plus_depr,0.02,32,1203,0.0,1,0.4268767,0.4268767,1.0548218,0.0,0.08814104,0.0,0.0,2.9551764e-10,-27.16712,2.3206544,0.77355146,0.112,0.0,0.1636305,24.04036,24.06036,3852800
hardzero_plus_depr__c0p60__z1p00__lam0p020__nu0p50__psi0p75,hardzero_plus_depr,0.02,32,1204,0.0,1,0.4268767,0.4268767,1.0357475,0.0,0.09209849,0.0,0.0,2.911181e-10,-27.616901,2.27869,0.7595634,0.15200001,0.0,0.16328688,24.06036,24.08036,3856000
hardzero_plus_depr__c0p60__z1p00__lam0p020__nu0p50__psi0p75,hardzero_plus_depr,0.02,32,1205,0.0,1,0.4268767,0.4268767,1.0367892,0.0,0.09187786,0.0,0.0,2.8678354e-10,-27.42672,2.2809818,0.7603273,0.120000005,0.0,0.16797458,24.08036,24.10036,3859200
hardzero_plus_depr__c0p60__z1p00__lam0p020__nu0p50__psi0p75,hardzero_plus_depr,0.02,32,1206,0.0,1,0.4268767,0.4268767,1.0278078,0.0,0.09379768,0.0,0.0,2.825135e-10,-27.092388,2.2612224,0.7537408,0.16000001,0.0,0.14110042,24.10036,24.120361,3862400
hardzero_plus_depr__c0p60__z1p00__lam0p020__nu0p50__psi0p75,hardzero_plus_depr,0.02,32,1207,0.0,1,0.4268767,0.4268767,0.97592336,0.1057004,0.1057004,1.0,2.941723e-11,2.7830763e-10,-26.427326,2.1470742,0.71569145,0.2,0.0,0.1346667,24.120361,24.140362,3865600
hardzero_plus_depr__c0p60__z1p00__lam0p020__nu0p50__psi0p75,hardzero_plus_depr,0.02,32,1208,0.0,1,0.4268767,0.4268767,1.0513871,0.0,0.088840894,0.0,0.0,2.7416433e-10,-27.461437,2.3130977,0.7710326,0.16800001,0.0,0.16437368,24.140362,24.160362,3868800
hardzero_plus_depr__c0p60__z1p00__lam0p020__nu0p50__psi0p75,hardzero_plus_depr,0.02,32,1209,0.0,1,0.4268767,0.4268767,0.99881583,0.10027303,0.10027303,1.0,2.708196e-11,2.700822e-10,-26.379917,2.1974387,0.7324796,0.11,0.0,0.13609767,24.160362,24.180363,3872000
hardzero_plus_depr__c0p60__z1p00__lam0p020__nu0p50__psi0p75,hardzero_plus_depr,0.02,32,1210,0.0,1,0.4268767,0.4268767,1.0791597,0.0,0.08333746,0.0,0.0,2.6606087e-10,-28.350277,2.374199,0.79139966,0.264,0.0,0.18019967,24.180363,24.200363,3875200
hardzero_plus_depr__c0p60__z1p00__lam0p020__nu0p50__psi0p75,hardzero_plus_depr,0.02,32,1211,0.0,1,0.4268767,0.4268767,1.0243438,0.0,0.094548814,0.0,0.0,2.620999e-10,-27.488932,2.2536016,0.75120056,0.18400002,0.0,0.19541697,24.200363,24.220364,3878400
hardzero_plus_depr__c0p60__z1p00__lam0p020__nu0p50__psi0p75,hardzero_plus_depr,0.02,32,1212,0.0,1,0.4268767,0.4268767,1.0164107,0.0,0.0962918,0.0,0.0,2.581979e-10,-27.280752,2.236148,0.7453827,0.136,0.0,0.14313409,24.220364,24.240364,3881600
hardzero_plus_depr__c0p60__z1p00__lam0p020__nu0p50__psi0p75,hardzero_plus_depr,0.02,32,1213,0.0,1,0.4268767,0.4268767,1.0058227,0.0,0.098668225,0.0,0.0,2.543535e-10,-26.18984,2.212854,0.73761797,0.17600001,0.0,0.1703434,24.240364,24.260365,3884800
hardzero_plus_depr__c0p60__z1p00__lam0p020__nu0p50__psi0p75,hardzero_plus_depr,0.02,32,1214,0.0,1,0.4268767,0.4268767,0.9800219,0.10470756,0.10470756,1.0,2.623619e-11,2.5056635e-10,-27.217337,2.1560912,0.7186971,0.23200001,0.0,0.1658273,24.260365,24.280365,3888000
hardzero_plus_depr__c0p60__z1p00__lam0p020__nu0p50__psi0p75,hardzero_plus_depr,0.02,32,1215,0.0,1,0.4268767,0.4268767,1.0499065,0.0,0.08914429,0.0,0.0,2.4683605e-10,-28.198208,2.3098404,0.7699468,0.16800001,0.0,0.17747809,24.280365,24.300365,3891200
hardzero_plus_depr__c0p60__z1p00__lam0p020__nu0p50__psi0p75,hardzero_plus_depr,0.02,32,1216,0.0,1,0.4268767,0.4268767,1.0619478,0.0,0.0867066,0.0,0.0,2.431613e-10,-28.067917,2.3363318,0.7787773,0.128,0.0,0.18589415,24.300365,24.320366,3894400
hardzero_plus_depr__c0p60__z1p00__lam0p020__nu0p50__psi0p75,hardzero_plus_depr,0.02,32,1217,0.0,1,0.4268767,0.4268767,1.0372571,0.0,0.09177892,0.0,0.0,2.395408e-10,-27.188147,2.282011,0.76067036,0.064,0.0,0.1595118,24.320366,24.340366,3897600
hardzero_plus_depr__c0p60__z1p00__lam0p020__nu0p50__psi0p75,hardzero_plus_depr,0.02,32,1218,0.0,1,0.4268767,0.4268767,0.9642997,0.1085676,0.1085676,1.0,2.561915e-11,2.3597416e-10,-25.910013,2.1215017,0.70716727,0.216,0.0,0.14786004,24.340366,24.360367,3900800
hardzero_plus_depr__c0p60__z1p00__lam0p020__nu0p50__psi0p75,hardzero_plus_depr,0.02,32,1219,0.0,1,0.4268767,0.4268767,1.0023383,0.0,0.09946302,0.0,0.0,2.324611e-10,-27.32713,2.2051883,0.7350628,0.272,0.0,0.15032746,24.360367,24.380367,3904000
hardzero_plus_depr__c0p60__z1p00__lam0p020__nu0p50__psi0p75,hardzero_plus_depr,0.02,32,1220,0.0,1,0.4268767,0.4268767,0.9985552,0.100333236,0.100333236,1.0,2.2976348e-11,2.2900037e-10,-27.254967,2.1968653,0.7322885,0.16000001,0.0,0.1782645,24.380367,24.400368,3907200
hardzero_plus_depr__c0p60__z1p00__lam0p020__nu0p50__psi0p75,hardzero_plus_depr,0.02,32,1221,0.0,1,0.4268767,0.4268767,1.0503991,0.0,0.08904324,0.0,0.0,2.2559069e-10,-27.863037,2.310924,0.770308,0.17600001,0.0,0.18004464,24.400368,24.420368,3910400
hardzero_plus_depr__c0p60__z1p00__lam0p020__nu0p50__psi0p75,hardzero_plus_depr,0.02,32,1222,0.0,1,0.4268767,0.4268767,1.1084167,0.0,0.077908225,0.0,0.0,2.2223179e-10,-28.595703,2.4385653,0.8128551,0.16,0.0,0.17183127,24.420368,24.440369,3913600
hardzero_plus_depr__c0p60__z1p00__lam0p020__nu0p50__psi0p75,hardzero_plus_depr,0.02,32,1223,0.0,1,0.4268767,0.4268767,1.0940859,0.0,0.080521904,0.0,0.0,2.1892335e-10,-28.768478,2.407037,0.8023457,0.128,0.0,0.1742966,24.440369,24.46037,3916800
hardzero_plus_depr__c0p60__z1p00__lam0p020__nu0p50__psi0p75,hardzero_plus_depr,0.02,32,1224,0.0,1,0.4268767,0.4268767,1.0113014,0.0,0.097431324,0.0,0.0,2.1566413e-10,-27.515879,2.2249074,0.7416358,0.18400002,0.0,0.16981016,24.46037,24.48037,3920000
hardzero_plus_depr__c0p60__z1p00__lam0p020__nu0p50__psi0p75,hardzero_plus_depr,0.02,32,1225,0.0,1,0.4268767,0.4268767,1.0576055,0.0,0.087577894,0.0,0.0,2.1245304e-10,-27.456934,2.3267787,0.7755929,0.080000006,0.0,0.14578123,24.48037,24.50037,3923200
hardzero_plus_depr__c0p60__z1p00__lam0p020__nu0p50__psi0p75,hardzero_plus_depr,0.02,32,1226,0.0,1,0.4268767,0.4268767,1.0216942,0.0,0.09512743,0.0,0.0,2.0928974e-10,-26.705826,2.247772,0.7492573,0.192,0.0,0.13991554,24.50037,24.52037,3926400
hardzero_plus_depr__c0p60__z1p00__lam0p020__nu0p50__psi0p75,hardzero_plus_depr,0.02,32,1227,0.0,1,0.4268767,0.4268767,0.9867787,0.10309113,0.10309113,1.0,2.1254705e-11,2.0617395e-10,-27.270834,2.1709564,0.7236521,0.17600001,0.0,0.15681572,24.52037,24.54037,3929600
hardzero_plus_depr__c0p60__z1p00__lam0p020__nu0p50__psi0p75,hardzero_plus_depr,0.02,32,1228,0.0,1,0.4268767,0.4268767,1.0250866,0.0,0.094387256,0.0,0.0,2.0310455e-10,-27.90055,2.2552357,0.7517452,0.136,0.0,0.1355553,24.54037,24.560371,3932800
hardzero_plus_depr__c0p60__z1p00__lam0p020__nu0p50__psi0p75,hardzero_plus_depr,0.02,32,1229,0.0,1,0.4268767,0.4268767,1.0356889,0.0,0.092110924,0.0,0.0,2.0008045e-10,-27.425486,2.278561,0.7595204,0.14400001,0.0,0.15819955,24.560371,24.580372,3936000
hardzero_plus_depr__c0p60__z1p00__lam0p020__nu0p50__psi0p75,hardzero_plus_depr,0.02,32,1230,0.0,1,0.4268767,0.4268767,1.0324163,0.0,0.09280761,0.0,0.0,1.9710139e-10,-28.036873,2.2713614,0.7571205,0.136,0.0,0.18484129,24.580372,24.600372,3939200
hardzero_plus_depr__c0p60__z1p00__lam0p020__nu0p50__psi0p75,hardzero_plus_depr,0.02,32,1231,0.0,1,0.4268767,0.4268767,1.111,0.0,0.077446185,0.0,0.0,1.9416704e-10,-28.602474,2.4442487,0.8147496,0.128,0.0,0.17102572,24.600372,24.620373,3942400
hardzero_plus_depr__c0p60__z1p00__lam0p020__nu0p50__psi0p75,hardzero_plus_depr,0.02,32,1232,0.0,1,0.4268767,0.4268767,1.0849968,0.0,0.08222487,0.0,0.0,1.912764e-10,-27.50003,2.3870406,0.7956802,0.16800001,0.0,0.15063721,24.620373,24.640373,3945600
hardzero_plus_depr__c0p60__z1p00__lam0p020__nu0p50__psi0p75,hardzero_plus_depr,0.02,32,1233,0.0,1,0.4268767,0.4268767,1.1095275,0.0,0.07770921,0.0,0.0,1.8842841e-10,-28.54335,2.4410093,0.8136698,0.17600001,0.0,0.18481512,24.640373,24.660374,3948800
hardzero_plus_depr__c0p60__z1p00__lam0p020__nu0p50__psi0p75,hardzero_plus_depr,0.02,32,1234,0.0,1,0.4268767,0.4268767,1.0541435,0.0,0.088278815,0.0,0.0,1.8562284e-10,-28.470495,2.3191621,0.77305406,0.096,0.0,0.1575937,24.660374,24.680374,3952000
hardzero_plus_depr__c0p60__z1p00__lam0p020__nu0p50__psi0p75,hardzero_plus_depr,0.02,32,1235,0.0,1,0.4268767,0.4268767,1.046658,0.0,0.089813575,0.0,0.0,1.828594e-10,-27.63416,2.3026936,0.76756454,0.19999999,0.0,0.16609633,24.680374,24.700375,3955200
hardzero_plus_depr__c0p60__z1p00__lam0p020__nu0p50__psi0p75,hardzero_plus_depr,0.02,32,1236,0.0,1,0.4268767,0.4268767,1.0136839,0.0,0.09689827,0.0,0.0,1.8013706e-10,-26.945314,2.230149,0.74338305,0.16000001,0.0,0.15628073,24.700375,24.720375,3958400
hardzero_plus_depr__c0p60__z1p00__lam0p020__nu0p50__psi0p75,hardzero_plus_depr,0.02,32,1237,0.0,1,0.4268767,0.4268767,1.0623449,0.0,0.08662736,0.0,0.0,1.7745495e-10,-27.490274,2.3372054,0.77906847,0.16800001,0.0,0.1472232,24.720375,24.740376,3961600
hardzero_plus_depr__c0p60__z1p00__lam0p020__nu0p50__psi0p75,hardzero_plus_depr,0.02,32,1238,0.0,1,0.4268767,0.4268767,1.0358138,0.0,0.092084415,0.0,0.0,1.7481276e-10,-27.741724,2.278836,0.759612,0.16000001,0.0,0.14972442,24.740376,24.760376,3964800
hardzero_plus_depr__c0p60__z1p00__lam0p020__nu0p50__psi0p75,hardzero_plus_depr,0.02,32,1239,0.0,1,0.4268767,0.4268767,0.9631828,0.108847186,0.108847186,1.0,1.8744601e-11,1.7221025e-10,-26.092094,2.1190445,0.7063482,0.224,0.0,0.17408049,24.760376,24.780376,3968000
hardzero_plus_depr__c0p60__z1p00__lam0p020__nu0p50__psi0p75,hardzero_plus_depr,0.02,32,1240,0.0,1,0.4268767,0.4268767,1.0151392,0.0,0.09657411,0.0,0.0,1.6964648e-10,-26.496063,2.233351,0.74445033,0.120000005,0.0,0.14455487,24.780376,24.800377,3971200
hardzero_plus_depr__c0p60__z1p00__lam0p020__nu0p50__psi0p75,hardzero_plus_depr,0.02,32,1241,0.0,1,0.4268767,0.4268767,1.0613286,0.0,0.08683031,0.0,0.0,1.6712055e-10,-27.369556,2.3349698,0.7783233,0.136,0.0,0.18291894,24.800377,24.820377,3974400
hardzero_plus_depr__c0p60__z1p00__lam0p020__nu0p50__psi0p75,hardzero_plus_depr,0.02,32,1242,0.0,1,0.4268767,0.4268767,0.98601705,0.10327209,0.10327209,1.0,1.7001916e-11,1.6463224e-10,-26.147093,2.1692808,0.7230936,0.208,0.008,0.1868173,24.820377,24.840378,3977600
hardzero_plus_depr__c0p60__z1p00__lam0p020__nu0p50__psi0p75,hardzero_plus_depr,0.02,32,1243,0.0,1,0.4268767,0.4268767,1.1130159,0.0,0.07708753,0.0,0.0,1.6218127e-10,-28.994114,2.448684,0.81622803,0.120000005,0.0,0.16986735,24.840378,24.860378,3980800
hardzero_plus_depr__c0p60__z1p00__lam0p020__nu0p50__psi0p75,hardzero_plus_depr,0.02,32,1244,0.0,1,0.4268767,0.4268767,1.0358568,0.0,0.09207531,0.0,0.0,1.5976681e-10,-27.513466,2.2789307,0.75964355,0.128,0.0,0.14511834,24.860378,24.880379,3984000
hardzero_plus_depr__c0p60__z1p00__lam0p020__nu0p50__psi0p75,hardzero_plus_depr,0.02,32,1245,0.0,1,0.4268767,0.4268767,0.9805775,0.10457369,0.10457369,1.0,1.6458642e-11,1.5738798e-10,-26.30297,2.1573136,0.7191045,0.208,0.0,0.15138052,24.880379,24.90038,3987200
hardzero_plus_depr__c0p60__z1p00__lam0p020__nu0p50__psi0p75,hardzero_plus_depr,0.02,32,1246,0.0,1,0.4268767,0.4268767,1.0152458,0.0,0.09655043,0.0,0.0,1.550446e-10,-27.372002,2.2335854,0.7445285,0.192,0.0,0.13997543,24.90038,24.92038,3990400
hardzero_plus_depr__c0p60__z1p00__lam0p020__nu0p50__psi0p75,hardzero_plus_depr,0.02,32,1247,0.0,1,0.4268767,0.4268767,1.0518575,0.0,0.088744715,0.0,0.0,1.5273638e-10,-28.300686,2.3141327,0.77137756,0.192,0.0,0.1759873,24.92038,24.94038,3993600
hardzero_plus_depr__c0p60__z1p00__lam0p020__nu0p50__psi0p75,hardzero_plus_depr,0.02,32,1248,0.0,1,0.4268767,0.4268767,1.0532159,0.0,0.088467576,0.0,0.0,1.5046252e-10,-28.08334,2.3171213,0.7723738,0.17,0.0,0.16819371,24.94038,24.96038,3996800
hardzero_plus_depr__c0p60__z1p00__lam0p020__nu0p50__psi0p75,hardzero_plus_depr,0.02,32,1249,0.0,1,0.4268767,0.4268767,1.0238214,0.0,0.09466266,0.0,0.0,1.4822223e-10,-26.595474,2.252452,0.7508173,0.16000001,0.0,0.13567014,24.96038,24.980381,4000000
