mechanism_tag,alpha,family,seed,update,update_u,update_counter,energy_E_pre,energy_E_post,energy_E_raw,funding_z,funding_g,funding_g_raw,funding_cut_active,funding_income,funding_alpha_eff,support_s,debt_charge,debt_level_pre,debt_level_post,episode_return_end_mean,terminal_min_dists_end_mean,terminal_dbar_end,terminal_occupied_end_mean,terminal_CSR_train,vartd_VarTD,depr_F,depr_F_post
hardzero_only__c0p58__z1p00__lam0p000__nu0p50__psi0p00,0.027,base,46,0,1.0,1,1.0,0.42000002,0.42000002,1.083093,0.0,0.0825861,0.0,0.0,0.027,0.0,0.0,0.0,0.0,-28.473131,2.3828523,0.7942841,0.14,0.0,0.17695096,0.0,0.0
hardzero_only__c0p58__z1p00__lam0p000__nu0p50__psi0p00,0.027,base,46,1,0.0,1,0.42000002,0.42000002,0.42000002,1.0548825,0.0,0.08812872,0.0,0.0,0.027,0.0,0.0,0.0,0.0,-28.079174,2.320788,0.773596,0.14400001,0.0,0.13454519,0.0,0.0
hardzero_only__c0p58__z1p00__lam0p000__nu0p50__psi0p00,0.027,base,46,2,0.0,1,0.42000002,0.42000002,0.42000002,1.0288714,0.0,0.09356826,0.0,0.0,0.027,0.0,0.0,0.0,0.0,-26.490976,2.2635624,0.75452083,0.136,0.0,0.17056471,0.0,0.0
hardzero_only__c0p58__z1p00__lam0p000__nu0p50__psi0p00,0.027,base,46,3,0.0,1,0.42000002,0.42273247,0.42273247,0.99481297,0.10120151,0.10120151,1.0,0.0027324408,0.027,0.0,0.0,0.0,0.0,-26.254454,2.1886322,0.7295441,0.15200001,0.0,0.15405217,0.0,0.0
hardzero_only__c0p58__z1p00__lam0p000__nu0p50__psi0p00,0.027,base,46,4,0.0,1,0.42273247,0.4254358,0.4254358,0.9994637,0.10012358,0.10012358,1.0,0.0027033365,0.027,0.0,0.0,0.0,0.0,-26.66585,2.198864,0.7329547,0.224,0.0,0.17306194,0.0,0.0
hardzero_only__c0p58__z1p00__lam0p000__nu0p50__psi0p00,0.027,base,46,5,0.0,1,0.4254358,0.4254358,0.4254358,1.0366005,0.0,0.09191778,0.0,0.0,0.027,0.0,0.0,0.0,0.0,-26.765472,2.2805665,0.7601888,0.14400001,0.0,0.13946266,0.0,0.0
hardzero_only__c0p58__z1p00__lam0p000__nu0p50__psi0p00,0.027,base,46,6,0.0,1,0.4254358,0.4254358,0.4254358,1.0178612,0.0,0.09597073,0.0,0.0,0.027,0.0,0.0,0.0,0.0,-27.24526,2.2393394,0.7464465,0.16000001,0.0,0.1484693,0.0,0.0
hardzero_only__c0p58__z1p00__lam0p000__nu0p50__psi0p00,0.027,base,46,7,0.0,1,0.4254358,0.4254358,0.4254358,1.0248934,0.0,0.094429255,0.0,0.0,0.027,0.0,0.0,0.0,0.0,-26.665201,2.2548106,0.75160354,0.096,0.0,0.14190531,0.0,0.0
hardzero_only__c0p58__z1p00__lam0p000__nu0p50__psi0p00,0.027,base,46,8,0.0,1,0.4254358,0.4254358,0.4254358,1.0233912,0.0,0.09475643,0.0,0.0,0.027,0.0,0.0,0.0,0.0,-26.503859,2.2515056,0.7505019,0.136,0.0,0.16703025,0.0,0.0
hardzero_only__c0p58__z1p00__lam0p000__nu0p50__psi0p00,0.027,base,46,9,0.0,1,0.4254358,0.4254358,0.4254358,1.0013839,0.0,0.099681854,0.0,0.0,0.027,0.0,0.0,0.0,0.0,-26.639261,2.2030885,0.73436284,0.17600001,0.0,0.16739072,0.0,0.0
hardzero_only__c0p58__z1p00__lam0p000__nu0p50__psi0p00,0.027,base,46,10,0.0,1,0.4254358,0.4254358,0.4254358,1.0522313,0.0,0.08866835,0.0,0.0,0.027,0.0,0.0,0.0,0.0,-28.610909,2.314955,0.7716517,0.104,0.0,0.15299354,0.0,0.0
hardzero_only__c0p58__z1p00__lam0p000__nu0p50__psi0p00,0.027,base,46,11,0.0,1,0.4254358,0.4254358,0.4254358,1.0330513,0.0,0.09267205,0.0,0.0,0.027,0.0,0.0,0.0,0.0,-28.167479,2.2727582,0.7575861,0.128,0.0,0.15789282,0.0,0.0
hardzero_only__c0p58__z1p00__lam0p000__nu0p50__psi0p00,0.027,base,46,12,0.0,1,0.4254358,0.4254358,0.4254358,1.0331128,0.0,0.09265891,0.0,0.0,0.027,0.0,0.0,0.0,0.0,-27.254425,2.2728934,0.7576312,0.14400001,0.0,0.15837494,0.0,0.0
hardzero_only__c0p58__z1p00__lam0p000__nu0p50__psi0p00,0.027,base,46,13,0.0,1,0.4254358,0.4254358,0.4254358,1.021376,0.0,0.095197156,0.0,0.0,0.027,0.0,0.0,0.0,0.0,-26.512474,2.2470722,0.7490241,0.12,0.0,0.13225102,0.0,0.0
hardzero_only__c0p58__z1p00__lam0p000__nu0p50__psi0p00,0.027,base,46,14,0.0,1,0.4254358,0.4254358,0.4254358,1.0625947,0.0,0.08657756,0.0,0.0,0.027,0.0,0.0,0.0,0.0,-28.050459,2.337755,0.7792517,0.15200001,0.0,0.19034892,0.0,0.0
hardzero_only__c0p58__z1p00__lam0p000__nu0p50__psi0p00,0.027,base,46,15,0.0,1,0.4254358,0.4282059,0.4282059,0.9888709,0.10259568,0.10259568,1.0,0.0027700835,0.027,0.0,0.0,0.0,0.0,-26.214876,2.1755595,0.7251865,0.208,0.0,0.16127081,0.0,0.0
hardzero_only__c0p58__z1p00__lam0p000__nu0p50__psi0p00,0.027,base,46,16,0.0,1,0.4282059,0.4282059,0.4282059,1.0202879,0.0,0.09543598,0.0,0.0,0.027,0.0,0.0,0.0,0.0,-27.23251,2.244678,0.74822605,0.16800001,0.0,0.14455166,0.0,0.0
hardzero_only__c0p58__z1p00__lam0p000__nu0p50__psi0p00,0.027,base,46,17,0.0,1,0.4282059,0.4282059,0.4282059,1.0615177,0.0,0.086792514,0.0,0.0,0.027,0.0,0.0,0.0,0.0,-28.837494,2.3353856,0.7784619,0.17600001,0.0,0.16610448,0.0,0.0
hardzero_only__c0p58__z1p00__lam0p000__nu0p50__psi0p00,0.027,base,46,18,0.0,1,0.4282059,0.4282059,0.4282059,1.0010004,0.0,0.099769905,0.0,0.0,0.027,0.0,0.0,0.0,0.0,-26.690008,2.2022448,0.7340816,0.192,0.0,0.1270432,0.0,0.0
hardzero_only__c0p58__z1p00__lam0p000__nu0p50__psi0p00,0.027,base,46,19,0.0,1,0.4282059,0.4282059,0.4282059,1.017157,0.0,0.09612649,0.0,0.0,0.027,0.0,0.0,0.0,0.0,-27.048779,2.2377899,0.74592996,0.136,0.0,0.1350756,0.0,0.0
hardzero_only__c0p58__z1p00__lam0p000__nu0p50__psi0p00,0.027,base,46,20,0.0,1,0.4282059,0.4282059,0.4282059,1.0330267,0.0,0.09267729,0.0,0.0,0.027,0.0,0.0,0.0,0.0,-27.741125,2.2727041,0.75756806,0.208,0.0,0.15621074,0.0,0.0
hardzero_only__c0p58__z1p00__lam0p000__nu0p50__psi0p00,0.027,base,46,21,0.0,1,0.4282059,0.4282059,0.4282059,1.0260599,0.0,0.09417599,0.0,0.0,0.027,0.0,0.0,0.0,0.0,-26.590153,2.257377,0.752459,0.104,0.0,0.14667183,0.0,0.0
hardzero_only__c0p58__z1p00__lam0p000__nu0p50__psi0p00,0.027,base,46,22,0.0,1,0.4282059,0.4282059,0.4282059,1.015844,0.0,0.09641753,0.0,0.0,0.027,0.0,0.0,0.0,0.0,-27.477322,2.2349014,0.74496716,0.16000001,0.0,0.14522497,0.0,0.0
hardzero_only__c0p58__z1p00__lam0p000__nu0p50__psi0p00,0.027,base,46,23,0.0,1,0.4282059,0.43091452,0.43091452,0.9986171,0.10031894,0.10031894,1.0,0.0027086113,0.027,0.0,0.0,0.0,0.0,-27.197498,2.1970015,0.73233384,0.17600001,0.0,0.13368389,0.0,0.0
hardzero_only__c0p58__z1p00__lam0p000__nu0p50__psi0p00,0.027,base,46,24,0.0,1,0.43091452,0.43091452,0.43091452,1.0744832,0.0,0.08423971,0.0,0.0,0.027,0.0,0.0,0.0,0.0,-28.60078,2.3639102,0.78797007,0.16800001,0.0,0.18928143,0.0,0.0
hardzero_only__c0p58__z1p00__lam0p000__nu0p50__psi0p00,0.027,base,46,25,0.0,1,0.43091452,0.43365985,0.43365985,0.9927712,0.10167842,0.10167842,1.0,0.0027453175,0.027,0.0,0.0,0.0,0.0,-26.859102,2.1841402,0.7280468,0.208,0.008,0.18431273,0.0,0.0
hardzero_only__c0p58__z1p00__lam0p000__nu0p50__psi0p00,0.027,base,46,26,0.0,1,0.43365985,0.43645287,0.43645287,0.98528963,0.1034452,0.1034452,1.0,0.0027930206,0.027,0.0,0.0,0.0,0.0,-26.200243,2.1676805,0.72256017,0.14,0.0,0.15083623,0.0,0.0
hardzero_only__c0p58__z1p00__lam0p000__nu0p50__psi0p00,0.027,base,46,27,0.0,1,0.43645287,0.43645287,0.43645287,1.1097171,0.0,0.07767528,0.0,0.0,0.027,0.0,0.0,0.0,0.0,-28.720106,2.4414265,0.81380886,0.080000006,0.0,0.1652303,0.0,0.0
hardzero_only__c0p58__z1p00__lam0p000__nu0p50__psi0p00,0.027,base,46,28,0.0,1,0.43645287,0.43645287,0.43645287,1.0337663,0.0,0.092519596,0.0,0.0,0.027,0.0,0.0,0.0,0.0,-27.894705,2.274331,0.7581104,0.14400001,0.0,0.15011337,0.0,0.0
hardzero_only__c0p58__z1p00__lam0p000__nu0p50__psi0p00,0.027,base,46,29,0.0,1,0.43645287,0.43921185,0.43921185,0.99061745,0.1021839,0.1021839,1.0,0.0027589654,0.027,0.0,0.0,0.0,0.0,-27.913458,2.1794019,0.7264673,0.24000001,0.008,0.18396027,0.0,0.0
hardzero_only__c0p58__z1p00__lam0p000__nu0p50__psi0p00,0.027,base,46,30,0.0,1,0.43921185,0.43921185,0.43921185,1.0306926,0.0,0.093176715,0.0,0.0,0.027,0.0,0.0,0.0,0.0,-27.296442,2.267569,0.7558564,0.128,0.0,0.15021609,0.0,0.0
hardzero_only__c0p58__z1p00__lam0p000__nu0p50__psi0p00,0.027,base,46,31,0.0,1,0.43921185,0.43921185,0.43921185,1.1105145,0.0,0.0775328,0.0,0.0,0.027,0.0,0.0,0.0,0.0,-28.272795,2.4431808,0.81439364,0.120000005,0.0,0.16154394,0.0,0.0
hardzero_only__c0p58__z1p00__lam0p000__nu0p50__psi0p00,0.027,base,46,32,0.0,1,0.43921185,0.44195035,0.44195035,0.9938509,0.10142596,0.10142596,1.0,0.002738501,0.027,0.0,0.0,0.0,0.0,-26.63382,2.1865156,0.72883856,0.2,0.0,0.1603608,0.0,0.0
hardzero_only__c0p58__z1p00__lam0p000__nu0p50__psi0p00,0.027,base,46,33,0.0,1,0.44195035,0.44195035,0.44195035,1.0334148,0.0,0.09259449,0.0,0.0,0.027,0.0,0.0,0.0,0.0,-27.044916,2.2735581,0.75785273,0.128,0.0,0.15466546,0.0,0.0
hardzero_only__c0p58__z1p00__lam0p000__nu0p50__psi0p00,0.027,base,46,34,0.0,1,0.44195035,0.44195035,0.44195035,1.0279003,0.0,0.09377772,0.0,0.0,0.027,0.0,0.0,0.0,0.0,-27.338364,2.261426,0.7538087,0.112,0.0,0.1552476,0.0,0.0
hardzero_only__c0p58__z1p00__lam0p000__nu0p50__psi0p00,0.027,base,46,35,0.0,1,0.44195035,0.44195035,0.44195035,1.0772985,0.0,0.083695374,0.0,0.0,0.027,0.0,0.0,0.0,0.0,-29.000599,2.370104,0.7900347,0.128,0.0,0.16670945,0.0,0.0
hardzero_only__c0p58__z1p00__lam0p000__nu0p50__psi0p00,0.027,base,46,36,0.0,1,0.44195035,0.44195035,0.44195035,1.0365885,0.0,0.0919203,0.0,0.0,0.027,0.0,0.0,0.0,0.0,-27.194407,2.2805402,0.7601801,0.192,0.0,0.18519774,0.0,0.0
hardzero_only__c0p58__z1p00__lam0p000__nu0p50__psi0p00,0.027,base,46,37,0.0,1,0.44195035,0.44195035,0.44195035,1.0826576,0.0,0.08266894,0.0,0.0,0.027,0.0,0.0,0.0,0.0,-28.184284,2.3818944,0.7939648,0.216,0.0,0.19293287,0.0,0.0
hardzero_only__c0p58__z1p00__lam0p000__nu0p50__psi0p00,0.027,base,46,38,0.0,1,0.44195035,0.44195035,0.44195035,1.0258452,0.0,0.09422254,0.0,0.0,0.027,0.0,0.0,0.0,0.0,-27.145868,2.2569044,0.75230145,0.120000005,0.0,0.14413935,0.0,0.0
hardzero_only__c0p58__z1p00__lam0p000__nu0p50__psi0p00,0.027,base,46,39,0.0,1,0.44195035,0.44195035,0.44195035,1.0473281,0.0,0.0896751,0.0,0.0,0.027,0.0,0.0,0.0,0.0,-27.44662,2.304168,0.76805604,0.089999996,0.0,0.15272719,0.0,0.0
hardzero_only__c0p58__z1p00__lam0p000__nu0p50__psi0p00,0.027,base,46,40,0.0,1,0.44195035,0.44195035,0.44195035,1.0277644,0.0,0.09380706,0.0,0.0,0.027,0.0,0.0,0.0,0.0,-27.164461,2.261127,0.753709,0.16800001,0.0,0.1682553,0.0,0.0
hardzero_only__c0p58__z1p00__lam0p000__nu0p50__psi0p00,0.027,base,46,41,0.0,1,0.44195035,0.44195035,0.44195035,1.0229897,0.0,0.09484408,0.0,0.0,0.027,0.0,0.0,0.0,0.0,-26.881933,2.2506223,0.7502074,0.128,0.0,0.14665435,0.0,0.0
hardzero_only__c0p58__z1p00__lam0p000__nu0p50__psi0p00,0.027,base,46,42,0.0,1,0.44195035,0.44195035,0.44195035,1.0467017,0.0,0.089804545,0.0,0.0,0.027,0.0,0.0,0.0,0.0,-27.10208,2.3027897,0.7675966,0.17600001,0.0,0.13654466,0.0,0.0
hardzero_only__c0p58__z1p00__lam0p000__nu0p50__psi0p00,0.027,base,46,43,0.0,1,0.44195035,0.44195035,0.44195035,1.0126907,0.0,0.09712015,0.0,0.0,0.027,0.0,0.0,0.0,0.0,-27.10329,2.227964,0.7426547,0.14400001,0.0,0.1671638,0.0,0.0
hardzero_only__c0p58__z1p00__lam0p000__nu0p50__psi0p00,0.027,base,46,44,0.0,1,0.44195035,0.44466612,0.44466612,0.9974706,0.100584105,0.100584105,1.0,0.0027157709,0.027,0.0,0.0,0.0,0.0,-26.458939,2.1944792,0.7314931,0.224,0.0,0.15001062,0.0,0.0
hardzero_only__c0p58__z1p00__lam0p000__nu0p50__psi0p00,0.027,base,46,45,0.0,1,0.44466612,0.44466612,0.44466612,1.0411099,0.0,0.090968296,0.0,0.0,0.027,0.0,0.0,0.0,0.0,-27.75237,2.2904875,0.76349586,0.15200001,0.0,0.1643721,0.0,0.0
hardzero_only__c0p58__z1p00__lam0p000__nu0p50__psi0p00,0.027,base,46,46,0.0,1,0.44466612,0.44466612,0.44466612,1.0593314,0.0,0.087230526,0.0,0.0,0.027,0.0,0.0,0.0,0.0,-27.840357,2.3305757,0.77685857,0.15200001,0.0,0.16589858,0.0,0.0
hardzero_only__c0p58__z1p00__lam0p000__nu0p50__psi0p00,0.027,base,46,47,0.0,1,0.44466612,0.44466612,0.44466612,1.0279167,0.0,0.09377419,0.0,0.0,0.027,0.0,0.0,0.0,0.0,-28.084578,2.2614617,0.7538206,0.15200001,0.0,0.177431,0.0,0.0
hardzero_only__c0p58__z1p00__lam0p000__nu0p50__psi0p00,0.027,base,46,48,0.0,1,0.44466612,0.44757587,0.44757587,0.96750844,0.10776843,0.10776843,1.0,0.0029097477,0.027,0.0,0.0,0.0,0.0,-26.135904,2.128561,0.70952034,0.192,0.0,0.14603457,0.0,0.0
hardzero_only__c0p58__z1p00__lam0p000__nu0p50__psi0p00,0.027,base,46,49,0.0,1,0.44757587,0.44757587,0.44757587,1.0558053,0.0,0.08794167,0.0,0.0,0.027,0.0,0.0,0.0,0.0,-28.011702,2.322818,0.7742727,0.112,0.0,0.16946644,0.0,0.0
hardzero_only__c0p58__z1p00__lam0p000__nu0p50__psi0p00,0.027,base,46,50,0.0,1,0.44757587,0.44757587,0.44757587,1.01393,0.0,0.09684339,0.0,0.0,0.027,0.0,0.0,0.0,0.0,-27.0179,2.2306905,0.74356353,0.104,0.0,0.1747421,0.0,0.0
hardzero_only__c0p58__z1p00__lam0p000__nu0p50__psi0p00,0.027,base,46,51,0.0,1,0.44757587,0.44757587,0.44757587,1.054099,0.0,0.08828786,0.0,0.0,0.027,0.0,0.0,0.0,0.0,-28.363989,2.319064,0.77302134,0.128,0.0,0.15616682,0.0,0.0
hardzero_only__c0p58__z1p00__lam0p000__nu0p50__psi0p00,0.027,base,46,52,0.0,1,0.44757587,0.44757587,0.44757587,1.0164993,0.0,0.09627215,0.0,0.0,0.027,0.0,0.0,0.0,0.0,-27.547293,2.2363431,0.74544775,0.17,0.0,0.11782849,0.0,0.0
hardzero_only__c0p58__z1p00__lam0p000__nu0p50__psi0p00,0.027,base,46,53,0.0,1,0.44757587,0.4503816,0.4503816,0.98331654,0.10391626,0.10391626,1.0,0.002805739,0.027,0.0,0.0,0.0,0.0,-25.737568,2.1633396,0.7211132,0.14400001,0.0,0.14729396,0.0,0.0
hardzero_only__c0p58__z1p00__lam0p000__nu0p50__psi0p00,0.027,base,46,54,0.0,1,0.4503816,0.4503816,0.4503816,1.0386195,0.0,0.09149145,0.0,0.0,0.027,0.0,0.0,0.0,0.0,-26.790789,2.2850087,0.7616696,0.17600001,0.0,0.14591655,0.0,0.0
hardzero_only__c0p58__z1p00__lam0p000__nu0p50__psi0p00,0.027,base,46,55,0.0,1,0.4503816,0.4503816,0.4503816,1.0212612,0.0,0.09522233,0.0,0.0,0.027,0.0,0.0,0.0,0.0,-27.369263,2.2468195,0.7489399,0.16800001,0.0,0.17013489,0.0,0.0
hardzero_only__c0p58__z1p00__lam0p000__nu0p50__psi0p00,0.027,base,46,56,0.0,1,0.4503816,0.453157,0.453157,0.988036,0.1027931,0.1027931,1.0,0.0027754137,0.027,0.0,0.0,0.0,0.0,-26.816645,2.1737225,0.7245742,0.2,0.0,0.1337874,0.0,0.0
hardzero_only__c0p58__z1p00__lam0p000__nu0p50__psi0p00,0.027,base,46,57,0.0,1,0.453157,0.453157,0.453157,1.0617031,0.0,0.086755484,0.0,0.0,0.027,0.0,0.0,0.0,0.0,-27.329767,2.3357935,0.77859783,0.064,0.0,0.14904064,0.0,0.0
hardzero_only__c0p58__z1p00__lam0p000__nu0p50__psi0p00,0.027,base,46,58,0.0,1,0.453157,0.453157,0.453157,1.0390663,0.0,0.091397375,0.0,0.0,0.027,0.0,0.0,0.0,0.0,-27.412563,2.2859914,0.76199716,0.136,0.0,0.1739328,0.0,0.0
hardzero_only__c0p58__z1p00__lam0p000__nu0p50__psi0p00,0.027,base,46,59,0.0,1,0.453157,0.453157,0.453157,1.0288702,0.0,0.09356852,0.0,0.0,0.027,0.0,0.0,0.0,0.0,-26.669228,2.2635598,0.75451994,0.2,0.0,0.16058,0.0,0.0
hardzero_only__c0p58__z1p00__lam0p000__nu0p50__psi0p00,0.027,base,46,60,0.0,1,0.453157,0.453157,0.453157,1.0039291,0.0,0.09909935,0.0,0.0,0.027,0.0,0.0,0.0,0.0,-26.969202,2.2086883,0.7362294,0.096,0.0,0.13279979,0.0,0.0
hardzero_only__c0p58__z1p00__lam0p000__nu0p50__psi0p00,0.027,base,46,61,0.0,1,0.453157,0.453157,0.453157,1.0479101,0.0,0.08955502,0.0,0.0,0.027,0.0,0.0,0.0,0.0,-27.91938,2.3054483,0.7684828,0.15200001,0.0,0.15190586,0.0,0.0
hardzero_only__c0p58__z1p00__lam0p000__nu0p50__psi0p00,0.027,base,46,62,0.0,1,0.453157,0.453157,0.453157,1.00898,0.0,0.09795349,0.0,0.0,0.027,0.0,0.0,0.0,0.0,-27.273514,2.2198005,0.7399335,0.16000001,0.0,0.13600725,0.0,0.0
hardzero_only__c0p58__z1p00__lam0p000__nu0p50__psi0p00,0.027,base,46,63,0.0,1,0.453157,0.453157,0.453157,1.0287393,0.0,0.09359672,0.0,0.0,0.027,0.0,0.0,0.0,0.0,-26.761742,2.2632718,0.754424,0.128,0.0,0.13566527,0.0,0.0
hardzero_only__c0p58__z1p00__lam0p000__nu0p50__psi0p00,0.027,base,46,64,0.0,1,0.453157,0.4558663,0.4558663,0.99850863,0.10034399,0.10034399,1.0,0.0027092877,0.027,0.0,0.0,0.0,0.0,-26.744785,2.1967628,0.73225427,0.112,0.0,0.13570602,0.0,0.0
hardzero_only__c0p58__z1p00__lam0p000__nu0p50__psi0p00,0.027,base,46,65,0.0,1,0.4558663,0.45882508,0.45882508,0.9602511,0.10958445,0.10958445,1.0,0.0029587802,0.027,0.0,0.0,0.0,0.0,-25.93718,2.1125946,0.70419824,0.22,0.0,0.18845594,0.0,0.0
hardzero_only__c0p58__z1p00__lam0p000__nu0p50__psi0p00,0.027,base,46,66,0.0,1,0.45882508,0.45882508,0.45882508,1.0699873,0.0,0.0851163,0.0,0.0,0.027,0.0,0.0,0.0,0.0,-28.38819,2.354019,0.784673,0.136,0.0,0.15504023,0.0,0.0
hardzero_only__c0p58__z1p00__lam0p000__nu0p50__psi0p00,0.027,base,46,67,0.0,1,0.45882508,0.45882508,0.45882508,1.0339284,0.0,0.092485055,0.0,0.0,0.027,0.0,0.0,0.0,0.0,-27.184671,2.274688,0.7582294,0.18400002,0.0,0.1374946,0.0,0.0
hardzero_only__c0p58__z1p00__lam0p000__nu0p50__psi0p00,0.027,base,46,68,0.0,1,0.45882508,0.45882508,0.45882508,1.0095761,0.0,0.09781916,0.0,0.0,0.027,0.0,0.0,0.0,0.0,-27.187391,2.2211118,0.74037063,0.14400001,0.0,0.16246378,0.0,0.0
hardzero_only__c0p58__z1p00__lam0p000__nu0p50__psi0p00,0.027,base,46,69,0.0,1,0.45882508,0.45882508,0.45882508,1.0540802,0.0,0.08829167,0.0,0.0,0.027,0.0,0.0,0.0,0.0,-26.956652,2.319023,0.77300763,0.18400002,0.0,0.1518257,0.0,0.0
hardzero_only__c0p58__z1p00__lam0p000__nu0p50__psi0p00,0.027,base,46,70,0.0,1,0.45882508,0.45882508,0.45882508,1.0372461,0.0,0.091781236,0.0,0.0,0.027,0.0,0.0,0.0,0.0,-27.151525,2.281987,0.7606623,0.17600001,0.0,0.16363776,0.0,0.0
hardzero_only__c0p58__z1p00__lam0p000__nu0p50__psi0p00,0.027,base,46,71,0.0,1,0.45882508,0.4616461,0.4616461,0.9809572,0.10448231,0.10448231,1.0,0.0028210224,0.027,0.0,0.0,0.0,0.0,-26.524426,2.158149,0.719383,0.14400001,0.0,0.16279238,0.0,0.0
hardzero_only__c0p58__z1p00__lam0p000__nu0p50__psi0p00,0.027,base,46,72,0.0,1,0.4616461,0.4616461,0.4616461,1.0011675,0.0,0.09973152,0.0,0.0,0.027,0.0,0.0,0.0,0.0,-27.59887,2.2026126,0.73420423,0.192,0.0,0.15355125,0.0,0.0
hardzero_only__c0p58__z1p00__lam0p000__nu0p50__psi0p00,0.027,base,46,73,0.0,1,0.4616461,0.4616461,0.4616461,1.0084122,0.0,0.09808165,0.0,0.0,0.027,0.0,0.0,0.0,0.0,-26.342775,2.2185512,0.7395171,0.16800001,0.0,0.1656904,0.0,0.0
hardzero_only__c0p58__z1p00__lam0p000__nu0p50__psi0p00,0.027,base,46,74,0.0,1,0.4616461,0.4616461,0.4616461,1.0842527,0.0,0.08236587,0.0,0.0,0.027,0.0,0.0,0.0,0.0,-28.391083,2.3854036,0.79513454,0.072000004,0.0,0.17696197,0.0,0.0
hardzero_only__c0p58__z1p00__lam0p000__nu0p50__psi0p00,0.027,base,46,75,0.0,1,0.4616461,0.4616461,0.4616461,1.0221138,0.0,0.09503558,0.0,0.0,0.027,0.0,0.0,0.0,0.0,-26.851912,2.2486951,0.74956506,0.136,0.0,0.12829179,0.0,0.0
hardzero_only__c0p58__z1p00__lam0p000__nu0p50__psi0p00,0.027,base,46,76,0.0,1,0.4616461,0.4616461,0.4616461,1.0429654,0.0,0.09058047,0.0,0.0,0.027,0.0,0.0,0.0,0.0,-27.773197,2.2945697,0.7648566,0.128,0.0,0.17426369,0.0,0.0
hardzero_only__c0p58__z1p00__lam0p000__nu0p50__psi0p00,0.027,base,46,77,0.0,1,0.4616461,0.4616461,0.4616461,1.0006266,0.0,0.09985583,0.0,0.0,0.027,0.0,0.0,0.0,0.0,-27.554161,2.2014225,0.7338075,0.24000001,0.0,0.18128377,0.0,0.0
hardzero_only__c0p58__z1p00__lam0p000__nu0p50__psi0p00,0.027,base,46,78,0.0,1,0.4616461,0.4616461,0.4616461,1.019251,0.0,0.09566411,0.0,0.0,0.027,0.0,0.0,0.0,0.0,-27.753105,2.242397,0.7474657,0.17,0.0,0.1602216,0.0,0.0
hardzero_only__c0p58__z1p00__lam0p000__nu0p50__psi0p00,0.027,base,46,79,0.0,1,0.4616461,0.46438462,0.46438462,0.9938499,0.101426184,0.101426184,1.0,0.002738507,0.027,0.0,0.0,0.0,0.0,-26.196682,2.1865134,0.72883785,0.14400001,0.0,0.13861781,0.0,0.0
hardzero_only__c0p58__z1p00__lam0p000__nu0p50__psi0p00,0.027,base,46,80,0.0,1,0.46438462,0.46438462,0.46438462,1.0156997,0.0,0.096449554,0.0,0.0,0.027,0.0,0.0,0.0,0.0,-27.653275,2.234584,0.74486136,0.18400002,0.0,0.13677481,0.0,0.0
hardzero_only__c0p58__z1p00__lam0p000__nu0p50__psi0p00,0.027,base,46,81,0.0,1,0.46438462,0.46438462,0.46438462,1.1224036,0.0,0.075439066,0.0,0.0,0.027,0.0,0.0,0.0,0.0,-28.515213,2.4693372,0.8231124,0.096,0.0,0.17472975,0.0,0.0
hardzero_only__c0p58__z1p00__lam0p000__nu0p50__psi0p00,0.027,base,46,82,0.0,1,0.46438462,0.46438462,0.46438462,1.0424687,0.0,0.090684146,0.0,0.0,0.027,0.0,0.0,0.0,0.0,-28.007841,2.2934768,0.7644923,0.16800001,0.0,0.16989282,0.0,0.0
hardzero_only__c0p58__z1p00__lam0p000__nu0p50__psi0p00,0.027,base,46,83,0.0,1,0.46438462,0.46438462,0.46438462,1.0489062,0.0,0.089349836,0.0,0.0,0.027,0.0,0.0,0.0,0.0,-27.02679,2.3076398,0.7692133,0.136,0.0,0.15730856,0.0,0.0
hardzero_only__c0p58__z1p00__lam0p000__nu0p50__psi0p00,0.027,base,46,84,0.0,1,0.46438462,0.46438462,0.46438462,1.0331572,0.0,0.09264943,0.0,0.0,0.027,0.0,0.0,0.0,0.0,-27.195116,2.2729912,0.7576637,0.120000005,0.0,0.1282246,0.0,0.0
hardzero_only__c0p58__z1p00__lam0p000__nu0p50__psi0p00,0.027,base,46,85,0.0,1,0.46438462,0.46438462,0.46438462,1.0195837,0.0,0.095590845,0.0,0.0,0.027,0.0,0.0,0.0,0.0,-26.658325,2.243129,0.7477097,0.096,0.0,0.14874187,0.0,0.0
hardzero_only__c0p58__z1p00__lam0p000__nu0p50__psi0p00,0.027,base,46,86,0.0,1,0.46438462,0.46438462,0.46438462,1.0783628,0.0,0.08349051,0.0,0.0,0.027,0.0,0.0,0.0,0.0,-28.040993,2.3724456,0.79081523,0.16000001,0.0,0.17529477,0.0,0.0
hardzero_only__c0p58__z1p00__lam0p000__nu0p50__psi0p00,0.027,base,46,87,0.0,1,0.46438462,0.467255,0.467255,0.973424,0.10631045,0.10631045,1.0,0.0028703823,0.027,0.0,0.0,0.0,0.0,-26.1656,2.1415756,0.71385854,0.18400002,0.0,0.111137085,0.0,0.0
hardzero_only__c0p58__z1p00__lam0p000__nu0p50__psi0p00,0.027,base,46,88,0.0,1,0.467255,0.467255,0.467255,1.0289001,0.0,0.093562074,0.0,0.0,0.027,0.0,0.0,0.0,0.0,-27.634008,2.2636256,0.7545419,0.136,0.0,0.15447867,0.0,0.0
hardzero_only__c0p58__z1p00__lam0p000__nu0p50__psi0p00,0.027,base,46,89,0.0,1,0.467255,0.4701437,0.4701437,0.9706619,0.10698875,0.10698875,1.0,0.0028886963,0.027,0.0,0.0,0.0,0.0,-26.340658,2.1354988,0.71183294,0.24800001,0.0,0.14305599,0.0,0.0
hardzero_only__c0p58__z1p00__lam0p000__nu0p50__psi0p00,0.027,base,46,90,0.0,1,0.4701437,0.4701437,0.4701437,1.0311972,0.0,0.093068525,0.0,0.0,0.027,0.0,0.0,0.0,0.0,-27.860743,2.2686791,0.7562264,0.15200001,0.0,0.13686587,0.0,0.0
hardzero_only__c0p58__z1p00__lam0p000__nu0p50__psi0p00,0.027,base,46,91,0.0,1,0.4701437,0.4701437,0.4701437,1.04639,0.0,0.089869015,0.0,0.0,0.027,0.0,0.0,0.0,0.0,-27.226513,2.302104,0.767368,0.14999999,0.0,0.15778819,0.0,0.0
hardzero_only__c0p58__z1p00__lam0p000__nu0p50__psi0p00,0.027,base,46,92,0.0,1,0.4701437,0.4701437,0.4701437,1.0401428,0.0,0.09117109,0.0,0.0,0.027,0.0,0.0,0.0,0.0,-27.003418,2.2883599,0.7627866,0.18400002,0.0,0.16851689,0.0,0.0
hardzero_only__c0p58__z1p00__lam0p000__nu0p50__psi0p00,0.027,base,46,93,0.0,1,0.4701437,0.4701437,0.4701437,1.0680447,0.0,0.08549787,0.0,0.0,0.027,0.0,0.0,0.0,0.0,-28.39975,2.3497453,0.7832484,0.120000005,0.0,0.14487626,0.0,0.0
hardzero_only__c0p58__z1p00__lam0p000__nu0p50__psi0p00,0.027,base,46,94,0.0,1,0.4701437,0.4701437,0.4701437,1.0071018,0.0,0.09837805,0.0,0.0,0.027,0.0,0.0,0.0,0.0,-26.667166,2.2156682,0.7385561,0.15200001,0.0,0.13192849,0.0,0.0
hardzero_only__c0p58__z1p00__lam0p000__nu0p50__psi0p00,0.027,base,46,95,0.0,1,0.4701437,0.4701437,0.4701437,1.0815785,0.0,0.08287461,0.0,0.0,0.027,0.0,0.0,0.0,0.0,-28.005543,2.3795202,0.79317343,0.112,0.0,0.1407766,0.0,0.0
hardzero_only__c0p58__z1p00__lam0p000__nu0p50__psi0p00,0.027,base,46,96,0.0,1,0.4701437,0.4701437,0.4701437,1.0211804,0.0,0.09524004,0.0,0.0,0.027,0.0,0.0,0.0,0.0,-27.766115,2.2466416,0.74888057,0.28,0.0,0.17274655,0.0,0.0
hardzero_only__c0p58__z1p00__lam0p000__nu0p50__psi0p00,0.027,base,46,97,0.0,1,0.4701437,0.4701437,0.4701437,1.0595872,0.0,0.08717918,0.0,0.0,0.027,0.0,0.0,0.0,0.0,-27.206152,2.3311384,0.77704614,0.120000005,0.0,0.14241908,0.0,0.0
hardzero_only__c0p58__z1p00__lam0p000__nu0p50__psi0p00,0.027,base,46,98,0.0,1,0.4701437,0.47299606,0.47299606,0.9761621,0.105642326,0.105642326,1.0,0.0028523428,0.027,0.0,0.0,0.0,0.0,-26.443497,2.1475995,0.7158665,0.224,0.0,0.143412,0.0,0.0
hardzero_only__c0p58__z1p00__lam0p000__nu0p50__psi0p00,0.027,base,46,99,0.0,1,0.47299606,0.47299606,0.47299606,1.1076556,0.0,0.07804488,0.0,0.0,0.027,0.0,0.0,0.0,0.0,-28.636122,2.436891,0.81229705,0.15200001,0.0,0.18492532,0.0,0.0
hardzero_only__c0p58__z1p00__lam0p000__nu0p50__psi0p00,0.027,base,46,100,0.0,1,0.47299606,0.47299606,0.47299606,1.0413754,0.0,0.09091271,0.0,0.0,0.027,0.0,0.0,0.0,0.0,-27.70901,2.2910717,0.7636906,0.072000004,0.0,0.17257966,0.0,0.0
hardzero_only__c0p58__z1p00__lam0p000__nu0p50__psi0p00,0.027,base,46,101,0.0,1,0.47299606,0.47582343,0.47582343,0.97997856,0.10471802,0.10471802,1.0,0.0028273866,0.027,0.0,0.0,0.0,0.0,-26.06748,2.1559958,0.7186653,0.15200001,0.0,0.16266291,0.0,0.0
hardzero_only__c0p58__z1p00__lam0p000__nu0p50__psi0p00,0.027,base,46,102,0.0,1,0.47582343,0.47582343,0.47582343,1.0728035,0.0,0.084566146,0.0,0.0,0.027,0.0,0.0,0.0,0.0,-28.104158,2.3602147,0.7867383,0.16000001,0.0,0.17407562,0.0,0.0
hardzero_only__c0p58__z1p00__lam0p000__nu0p50__psi0p00,0.027,base,46,103,0.0,1,0.47582343,0.47869083,0.47869083,0.97387344,0.10620051,0.10620051,1.0,0.002867414,0.027,0.0,0.0,0.0,0.0,-25.920444,2.1425643,0.7141881,0.16000001,0.0,0.16531381,0.0,0.0
hardzero_only__c0p58__z1p00__lam0p000__nu0p50__psi0p00,0.027,base,46,104,0.0,1,0.47869083,0.47869083,0.47869083,1.0189027,0.0,0.095740855,0.0,0.0,0.027,0.0,0.0,0.0,0.0,-26.243168,2.2416306,0.7472102,0.17,0.0,0.13762906,0.0,0.0
hardzero_only__c0p58__z1p00__lam0p000__nu0p50__psi0p00,0.027,base,46,105,0.0,1,0.47869083,0.47869083,0.47869083,1.0020965,0.0,0.0995184,0.0,0.0,0.027,0.0,0.0,0.0,0.0,-26.982613,2.2046564,0.73488545,0.15200001,0.008,0.1506911,0.0,0.0
hardzero_only__c0p58__z1p00__lam0p000__nu0p50__psi0p00,0.027,base,46,106,0.0,1,0.47869083,0.47869083,0.47869083,1.0443248,0.0,0.0902974,0.0,0.0,0.027,0.0,0.0,0.0,0.0,-27.130957,2.2975602,0.7658534,0.136,0.0,0.1480032,0.0,0.0
hardzero_only__c0p58__z1p00__lam0p000__nu0p50__psi0p00,0.027,base,46,107,0.0,1,0.47869083,0.47869083,0.47869083,1.0374995,0.0,0.09172769,0.0,0.0,0.027,0.0,0.0,0.0,0.0,-27.546694,2.2825446,0.7608482,0.2,0.0,0.14486791,0.0,0.0
hardzero_only__c0p58__z1p00__lam0p000__nu0p50__psi0p00,0.027,base,46,108,0.0,1,0.47869083,0.481521,0.481521,0.97955006,0.104821384,0.104821384,1.0,0.0028301775,0.027,0.0,0.0,0.0,0.0,-26.186113,2.1550531,0.71835107,0.15200001,0.008,0.13855761,0.0,0.0
hardzero_only__c0p58__z1p00__lam0p000__nu0p50__psi0p00,0.027,base,46,109,0.0,1,0.481521,0.481521,0.481521,1.043697,0.0,0.090428025,0.0,0.0,0.027,0.0,0.0,0.0,0.0,-27.547613,2.2961793,0.76539314,0.120000005,0.0,0.12531072,0.0,0.0
hardzero_only__c0p58__z1p00__lam0p000__nu0p50__psi0p00,0.027,base,46,110,0.0,1,0.481521,0.48423335,0.48423335,0.9980204,0.10045685,0.10045685,1.0,0.002712335,0.027,0.0,0.0,0.0,0.0,-26.03004,2.1956887,0.7318963,0.104,0.0,0.14808576,0.0,0.0
hardzero_only__c0p58__z1p00__lam0p000__nu0p50__psi0p00,0.027,base,46,111,0.0,1,0.48423335,0.4870517,0.4870517,0.98136926,0.10438323,0.10438323,1.0,0.0028183472,0.027,0.0,0.0,0.0,0.0,-26.651512,2.1590555,0.7196852,0.18400002,0.0,0.15080822,0.0,0.0
hardzero_only__c0p58__z1p00__lam0p000__nu0p50__psi0p00,0.027,base,46,112,0.0,1,0.4870517,0.4870517,0.4870517,1.0284225,0.0,0.09366503,0.0,0.0,0.027,0.0,0.0,0.0,0.0,-27.17804,2.2625747,0.7541916,0.128,0.0,0.14300327,0.0,0.0
hardzero_only__c0p58__z1p00__lam0p000__nu0p50__psi0p00,0.027,base,46,113,0.0,1,0.4870517,0.4870517,0.4870517,1.0663378,0.0,0.08583454,0.0,0.0,0.027,0.0,0.0,0.0,0.0,-28.651537,2.3459902,0.7819967,0.112,0.0,0.14527805,0.0,0.0
hardzero_only__c0p58__z1p00__lam0p000__nu0p50__psi0p00,0.027,base,46,114,0.0,1,0.4870517,0.4870517,0.4870517,1.0662388,0.0,0.08585413,0.0,0.0,0.027,0.0,0.0,0.0,0.0,-27.266134,2.345772,0.781924,0.112,0.0,0.1674661,0.0,0.0
hardzero_only__c0p58__z1p00__lam0p000__nu0p50__psi0p00,0.027,base,46,115,0.0,1,0.4870517,0.4870517,0.4870517,1.0107472,0.0,0.09755572,0.0,0.0,0.027,0.0,0.0,0.0,0.0,-26.243458,2.2236881,0.7412294,0.2,0.0,0.15965672,0.0,0.0
hardzero_only__c0p58__z1p00__lam0p000__nu0p50__psi0p00,0.027,base,46,116,0.0,1,0.4870517,0.4870517,0.4870517,1.0610839,0.0,0.086879246,0.0,0.0,0.027,0.0,0.0,0.0,0.0,-27.77684,2.3344312,0.77814376,0.120000005,0.0,0.15678498,0.0,0.0
hardzero_only__c0p58__z1p00__lam0p000__nu0p50__psi0p00,0.027,base,46,117,0.0,1,0.4870517,0.4870517,0.4870517,1.0376889,0.0,0.09168772,0.0,0.0,0.027,0.0,0.0,0.0,0.0,-26.994623,2.2829611,0.76098704,0.099999994,0.0,0.14218684,0.0,0.0
hardzero_only__c0p58__z1p00__lam0p000__nu0p50__psi0p00,0.027,base,46,118,0.0,1,0.4870517,0.48975816,0.48975816,0.9989617,0.10023937,0.10023937,1.0,0.002706463,0.027,0.0,0.0,0.0,0.0,-26.68567,2.1977596,0.73258656,0.18400002,0.0,0.12451228,0.0,0.0
hardzero_only__c0p58__z1p00__lam0p000__nu0p50__psi0p00,0.027,base,46,119,0.0,1,0.48975816,0.48975816,0.48975816,1.0884706,0.0,0.0815698,0.0,0.0,0.027,0.0,0.0,0.0,0.0,-28.498257,2.3946831,0.7982277,0.096,0.0,0.16115724,0.0,0.0
hardzero_only__c0p58__z1p00__lam0p000__nu0p50__psi0p00,0.027,base,46,120,0.0,1,0.48975816,0.48975816,0.48975816,1.0357435,0.0,0.092099346,0.0,0.0,0.027,0.0,0.0,0.0,0.0,-26.441427,2.278681,0.75956035,0.16000001,0.0,0.14244857,0.0,0.0
hardzero_only__c0p58__z1p00__lam0p000__nu0p50__psi0p00,0.027,base,46,121,0.0,1,0.48975816,0.48975816,0.48975816,1.0248502,0.0,0.09443865,0.0,0.0,0.027,0.0,0.0,0.0,0.0,-27.542927,2.2547154,0.75157183,0.2,0.0,0.17180245,0.0,0.0
hardzero_only__c0p58__z1p00__lam0p000__nu0p50__psi0p00,0.027,base,46,122,0.0,1,0.48975816,0.49249586,0.49249586,0.9939761,0.10139671,0.10139671,1.0,0.0027377112,0.027,0.0,0.0,0.0,0.0,-26.676056,2.1867912,0.7289304,0.16800001,0.0,0.15546456,0.0,0.0
hardzero_only__c0p58__z1p00__lam0p000__nu0p50__psi0p00,0.027,base,46,123,0.0,1,0.49249586,0.49249586,0.49249586,1.0764867,0.0,0.08385197,0.0,0.0,0.027,0.0,0.0,0.0,0.0,-28.442244,2.368318,0.7894394,0.120000005,0.0,0.18119621,0.0,0.0
hardzero_only__c0p58__z1p00__lam0p000__nu0p50__psi0p00,0.027,base,46,124,0.0,1,0.49249586,0.49249586,0.49249586,1.0567687,0.0,0.08774681,0.0,0.0,0.027,0.0,0.0,0.0,0.0,-26.993807,2.3249376,0.77497923,0.112,0.0,0.14623508,0.0,0.0
hardzero_only__c0p58__z1p00__lam0p000__nu0p50__psi0p00,0.027,base,46,125,0.0,1,0.49249586,0.49249586,0.49249586,1.0479395,0.0,0.08954894,0.0,0.0,0.027,0.0,0.0,0.0,0.0,-27.971588,2.3055131,0.7685044,0.16000001,0.0,0.17825706,0.0,0.0
hardzero_only__c0p58__z1p00__lam0p000__nu0p50__psi0p00,0.027,base,46,126,0.0,1,0.49249586,0.49249586,0.49249586,1.0296664,0.0,0.09339713,0.0,0.0,0.027,0.0,0.0,0.0,0.0,-27.355001,2.2653112,0.75510377,0.17600001,0.0,0.15627187,0.0,0.0
hardzero_only__c0p58__z1p00__lam0p000__nu0p50__psi0p00,0.027,base,46,127,0.0,1,0.49249586,0.49249586,0.49249586,1.0474775,0.0,0.08964427,0.0,0.0,0.027,0.0,0.0,0.0,0.0,-26.88903,2.3044965,0.7681655,0.16000001,0.0,0.15498772,0.0,0.0
hardzero_only__c0p58__z1p00__lam0p000__nu0p50__psi0p00,0.027,base,46,128,0.0,1,0.49249586,0.49249586,0.49249586,1.0319544,0.0,0.0929064,0.0,0.0,0.027,0.0,0.0,0.0,0.0,-27.240396,2.270345,0.7567817,0.136,0.0,0.15640299,0.0,0.0
hardzero_only__c0p58__z1p00__lam0p000__nu0p50__psi0p00,0.027,base,46,129,0.0,1,0.49249586,0.49249586,0.49249586,1.0878059,0.0,0.08169475,0.0,0.0,0.027,0.0,0.0,0.0,0.0,-28.526068,2.3932207,0.7977402,0.112,0.0,0.1577121,0.0,0.0
hardzero_only__c0p58__z1p00__lam0p000__nu0p50__psi0p00,0.027,base,46,130,0.0,1,0.49249586,0.49249586,0.49249586,1.0031974,0.0,0.09926647,0.0,0.0,0.027,0.0,0.0,0.0,0.0,-27.037476,2.2070785,0.73569286,0.19,0.0,0.13821383,0.0,0.0
hardzero_only__c0p58__z1p00__lam0p000__nu0p50__psi0p00,0.027,base,46,131,0.0,1,0.49249586,0.49249586,0.49249586,1.0530843,0.0,0.08849438,0.0,0.0,0.027,0.0,0.0,0.0,0.0,-27.479149,2.3168316,0.77227724,0.104,0.0,0.19125073,0.0,0.0
hardzero_only__c0p58__z1p00__lam0p000__nu0p50__psi0p00,0.027,base,46,132,0.0,1,0.49249586,0.49249586,0.49249586,1.0847876,0.0,0.08226448,0.0,0.0,0.027,0.0,0.0,0.0,0.0,-28.508394,2.3865805,0.79552686,0.128,0.0,0.17575273,0.0,0.0
hardzero_only__c0p58__z1p00__lam0p000__nu0p50__psi0p00,0.027,base,46,133,0.0,1,0.49249586,0.49249586,0.49249586,1.0071657,0.0,0.09836358,0.0,0.0,0.027,0.0,0.0,0.0,0.0,-26.421251,2.2158086,0.7386029,0.17600001,0.0,0.165745,0.0,0.0
hardzero_only__c0p58__z1p00__lam0p000__nu0p50__psi0p00,0.027,base,46,134,0.0,1,0.49249586,0.49249586,0.49249586,1.0360708,0.0,0.092029944,0.0,0.0,0.027,0.0,0.0,0.0,0.0,-27.40274,2.2794013,0.75980043,0.128,0.0,0.15372592,0.0,0.0
hardzero_only__c0p58__z1p00__lam0p000__nu0p50__psi0p00,0.027,base,46,135,0.0,1,0.49249586,0.49249586,0.49249586,1.0049561,0.0,0.09886529,0.0,0.0,0.027,0.0,0.0,0.0,0.0,-27.258131,2.2109478,0.7369826,0.23200001,0.008,0.16715384,0.0,0.0
hardzero_only__c0p58__z1p00__lam0p000__nu0p50__psi0p00,0.027,base,46,136,0.0,1,0.49249586,0.49533913,0.49533913,0.9775489,0.10530551,0.10530551,1.0,0.002843249,0.027,0.0,0.0,0.0,0.0,-26.636873,2.1506505,0.71688354,0.24000001,0.0,0.1409568,0.0,0.0
hardzero_only__c0p58__z1p00__lam0p000__nu0p50__psi0p00,0.027,base,46,137,0.0,1,0.49533913,0.49533913,0.49533913,1.0398347,0.0,0.09123579,0.0,0.0,0.027,0.0,0.0,0.0,0.0,-27.908869,2.287682,0.7625607,0.16000001,0.0,0.16528527,0.0,0.0
hardzero_only__c0p58__z1p00__lam0p000__nu0p50__psi0p00,0.027,base,46,138,0.0,1,0.49533913,0.49533913,0.49533913,1.0122513,0.0,0.09721847,0.0,0.0,0.027,0.0,0.0,0.0,0.0,-27.176561,2.2269971,0.7423324,0.192,0.0,0.13842657,0.0,0.0
hardzero_only__c0p58__z1p00__lam0p000__nu0p50__psi0p00,0.027,base,46,139,0.0,1,0.49533913,0.49533913,0.49533913,1.0500408,0.0,0.08911671,0.0,0.0,0.027,0.0,0.0,0.0,0.0,-28.307241,2.310136,0.7700454,0.15200001,0.008,0.16475753,0.0,0.0
hardzero_only__c0p58__z1p00__lam0p000__nu0p50__psi0p00,0.027,base,46,140,0.0,1,0.49533913,0.49533913,0.49533913,1.0902003,0.0,0.08124557,0.0,0.0,0.027,0.0,0.0,0.0,0.0,-28.224764,2.3984885,0.7994962,0.112,0.008,0.17225218,0.0,0.0
hardzero_only__c0p58__z1p00__lam0p000__nu0p50__psi0p00,0.027,base,46,141,0.0,1,0.49533913,0.49533913,0.49533913,1.0517085,0.0,0.08877517,0.0,0.0,0.027,0.0,0.0,0.0,0.0,-27.395634,2.3138049,0.7712683,0.136,0.0,0.18205073,0.0,0.0
hardzero_only__c0p58__z1p00__lam0p000__nu0p50__psi0p00,0.027,base,46,142,0.0,1,0.49533913,0.49533913,0.49533913,1.0164853,0.0,0.096275255,0.0,0.0,0.027,0.0,0.0,0.0,0.0,-26.781458,2.2363124,0.7454375,0.08800001,0.0,0.13809535,0.0,0.0
hardzero_only__c0p58__z1p00__lam0p000__nu0p50__psi0p00,0.027,base,46,143,0.0,1,0.49533913,0.49533913,0.49533913,1.0352614,0.0,0.092201635,0.0,0.0,0.027,0.0,0.0,0.0,0.0,-27.975563,2.2776206,0.7592069,0.21,0.0,0.15114701,0.0,0.0
hardzero_only__c0p58__z1p00__lam0p000__nu0p50__psi0p00,0.027,base,46,144,0.0,1,0.49533913,0.49533913,0.49533913,1.0484053,0.0,0.08945295,0.0,0.0,0.027,0.0,0.0,0.0,0.0,-27.579891,2.3065376,0.7688459,0.16000001,0.0,0.190374,0.0,0.0
hardzero_only__c0p58__z1p00__lam0p000__nu0p50__psi0p00,0.027,base,46,145,0.0,1,0.49533913,0.49533913,0.49533913,1.0502155,0.0,0.089080885,0.0,0.0,0.027,0.0,0.0,0.0,0.0,-27.111984,2.3105202,0.77017343,0.112,0.0,0.14152457,0.0,0.0
hardzero_only__c0p58__z1p00__lam0p000__nu0p50__psi0p00,0.027,base,46,146,0.0,1,0.49533913,0.49533913,0.49533913,1.0758159,0.0,0.08398157,0.0,0.0,0.027,0.0,0.0,0.0,0.0,-27.813478,2.3668423,0.78894746,0.104,0.0,0.20182665,0.0,0.0
hardzero_only__c0p58__z1p00__lam0p000__nu0p50__psi0p00,0.027,base,46,147,0.0,1,0.49533913,0.49533913,0.49533913,1.0734725,0.0,0.08443598,0.0,0.0,0.027,0.0,0.0,0.0,0.0,-28.521292,2.3616867,0.78722894,0.120000005,0.0,0.14635703,0.0,0.0
hardzero_only__c0p58__z1p00__lam0p000__nu0p50__psi0p00,0.027,base,46,148,0.0,1,0.49533913,0.49533913,0.49533913,1.0184369,0.0,0.09584359,0.0,0.0,0.027,0.0,0.0,0.0,0.0,-27.005533,2.2406058,0.7468686,0.192,0.0,0.14008583,0.0,0.0
hardzero_only__c0p58__z1p00__lam0p000__nu0p50__psi0p00,0.027,base,46,149,0.0,1,0.49533913,0.49827078,0.49827078,0.96425015,0.10858,0.10858,1.0,0.00293166,0.027,0.0,0.0,0.0,0.0,-25.819435,2.1213927,0.7071309,0.16800001,0.0,0.13020243,0.0,0.0
hardzero_only__c0p58__z1p00__lam0p000__nu0p50__psi0p00,0.027,base,46,150,0.0,1,0.49827078,0.50110316,0.50110316,0.97921455,0.10490242,0.10490242,1.0,0.0028323652,0.027,0.0,0.0,0.0,0.0,-26.343231,2.154315,0.718105,0.16000001,0.0,0.13442245,0.0,0.0
hardzero_only__c0p58__z1p00__lam0p000__nu0p50__psi0p00,0.027,base,46,151,0.0,1,0.50110316,0.50110316,0.50110316,1.0179342,0.0,0.0959546,0.0,0.0,0.027,0.0,0.0,0.0,0.0,-27.581219,2.2395,0.7465,0.16800001,0.0,0.1826813,0.0,0.0
hardzero_only__c0p58__z1p00__lam0p000__nu0p50__psi0p00,0.027,base,46,152,0.0,1,0.50110316,0.50110316,0.50110316,1.0290158,0.0,0.09353716,0.0,0.0,0.027,0.0,0.0,0.0,0.0,-27.400833,2.26388,0.7546267,0.16800001,0.0,0.16080423,0.0,0.0
hardzero_only__c0p58__z1p00__lam0p000__nu0p50__psi0p00,0.027,base,46,153,0.0,1,0.50110316,0.50110316,0.50110316,1.0855695,0.0,0.082116514,0.0,0.0,0.027,0.0,0.0,0.0,0.0,-28.144691,2.3883007,0.79610026,0.120000005,0.0,0.18112619,0.0,0.0
hardzero_only__c0p58__z1p00__lam0p000__nu0p50__psi0p00,0.027,base,46,154,0.0,1,0.50110316,0.50110316,0.50110316,1.0299288,0.0,0.09334072,0.0,0.0,0.027,0.0,0.0,0.0,0.0,-27.726555,2.2658887,0.75529623,0.128,0.0,0.14910911,0.0,0.0
hardzero_only__c0p58__z1p00__lam0p000__nu0p50__psi0p00,0.027,base,46,155,0.0,1,0.50110316,0.50110316,0.50110316,1.0447328,0.0,0.09021259,0.0,0.0,0.027,0.0,0.0,0.0,0.0,-27.345339,2.298458,0.76615274,0.16800001,0.0,0.13884492,0.0,0.0
hardzero_only__c0p58__z1p00__lam0p000__nu0p50__psi0p00,0.027,base,46,156,0.0,1,0.50110316,0.50110316,0.50110316,1.0419401,0.0,0.09079456,0.0,0.0,0.027,0.0,0.0,0.0,0.0,-26.821085,2.292314,0.7641047,0.099999994,0.0,0.13609524,0.0,0.0
hardzero_only__c0p58__z1p00__lam0p000__nu0p50__psi0p00,0.027,base,46,157,0.0,1,0.50110316,0.50388706,0.50388706,0.9867109,0.10310723,0.10310723,1.0,0.0027838952,0.027,0.0,0.0,0.0,0.0,-26.981508,2.1708074,0.7236025,0.216,0.0,0.15436503,0.0,0.0
hardzero_only__c0p58__z1p00__lam0p000__nu0p50__psi0p00,0.027,base,46,158,0.0,1,0.50388706,0.50388706,0.50388706,1.0238727,0.0,0.09465144,0.0,0.0,0.027,0.0,0.0,0.0,0.0,-27.212618,2.252565,0.75085497,0.16800001,0.0,0.18603548,0.0,0.0
hardzero_only__c0p58__z1p00__lam0p000__nu0p50__psi0p00,0.027,base,46,159,0.0,1,0.50388706,0.50388706,0.50388706,1.0281802,0.0,0.093717285,0.0,0.0,0.027,0.0,0.0,0.0,0.0,-27.427507,2.2620418,0.75401396,0.15200001,0.0,0.14876433,0.0,0.0
hardzero_only__c0p58__z1p00__lam0p000__nu0p50__psi0p00,0.027,base,46,160,0.0,1,0.50388706,0.5067561,0.5067561,0.9736231,0.10626172,0.10626172,1.0,0.0028690665,0.027,0.0,0.0,0.0,0.0,-26.500296,2.1420135,0.7140045,0.192,0.0,0.14217834,0.0,0.0
hardzero_only__c0p58__z1p00__lam0p000__nu0p50__psi0p00,0.027,base,46,161,0.0,1,0.5067561,0.5097183,0.5097183,0.9597525,0.10971032,0.10971032,1.0,0.0029621788,0.027,0.0,0.0,0.0,0.0,-26.095865,2.1114976,0.70383257,0.208,0.0,0.13801001,0.0,0.0
hardzero_only__c0p58__z1p00__lam0p000__nu0p50__psi0p00,0.027,base,46,162,0.0,1,0.5097183,0.5097183,0.5097183,1.0043404,0.0,0.09900555,0.0,0.0,0.027,0.0,0.0,0.0,0.0,-26.624372,2.209593,0.736531,0.096,0.0,0.1441066,0.0,0.0
hardzero_only__c0p58__z1p00__lam0p000__nu0p50__psi0p00,0.027,base,46,163,0.0,1,0.5097183,0.5127293,0.5127293,0.9526537,0.11151832,0.11151832,1.0,0.0030109948,0.027,0.0,0.0,0.0,0.0,-26.547565,2.09588,0.6986267,0.192,0.0,0.13586667,0.0,0.0
hardzero_only__c0p58__z1p00__lam0p000__nu0p50__psi0p00,0.027,base,46,164,0.0,1,0.5127293,0.5127293,0.5127293,1.0004218,0.0,0.099902935,0.0,0.0,0.027,0.0,0.0,0.0,0.0,-26.636303,2.2009718,0.7336573,0.216,0.0,0.13971548,0.0,0.0
hardzero_only__c0p58__z1p00__lam0p000__nu0p50__psi0p00,0.027,base,46,165,0.0,1,0.5127293,0.51552856,0.51552856,0.98431855,0.10367675,0.10367675,1.0,0.0027992723,0.027,0.0,0.0,0.0,0.0,-27.044474,2.165544,0.721848,0.256,0.0,0.13544159,0.0,0.0
hardzero_only__c0p58__z1p00__lam0p000__nu0p50__psi0p00,0.027,base,46,166,0.0,1,0.51552856,0.51552856,0.51552856,1.0388479,0.0,0.09144334,0.0,0.0,0.027,0.0,0.0,0.0,0.0,-27.046322,2.285511,0.761837,0.136,0.0,0.15795931,0.0,0.0
hardzero_only__c0p58__z1p00__lam0p000__nu0p50__psi0p00,0.027,base,46,167,0.0,1,0.51552856,0.51552856,0.51552856,1.053593,0.0,0.08839077,0.0,0.0,0.027,0.0,0.0,0.0,0.0,-28.035664,2.317951,0.77265036,0.16000001,0.0,0.19346945,0.0,0.0
hardzero_only__c0p58__z1p00__lam0p000__nu0p50__psi0p00,0.027,base,46,168,0.0,1,0.51552856,0.51552856,0.51552856,1.0840964,0.0,0.08239551,0.0,0.0,0.027,0.0,0.0,0.0,0.0,-29.335438,2.3850598,0.79502,0.112,0.0,0.1687036,0.0,0.0
hardzero_only__c0p58__z1p00__lam0p000__nu0p50__psi0p00,0.027,base,46,169,0.0,1,0.51552856,0.51552856,0.51552856,1.0240829,0.0,0.09460566,0.0,0.0,0.027,0.0,0.0,0.0,0.0,-27.681044,2.2530274,0.75100917,0.17999999,0.0,0.14664942,0.0,0.0
hardzero_only__c0p58__z1p00__lam0p000__nu0p50__psi0p00,0.027,base,46,170,0.0,1,0.51552856,0.51552856,0.51552856,1.0619781,0.0,0.086700544,0.0,0.0,0.027,0.0,0.0,0.0,0.0,-27.780231,2.3363984,0.7787995,0.128,0.0,0.1562201,0.0,0.0
hardzero_only__c0p58__z1p00__lam0p000__nu0p50__psi0p00,0.027,base,46,171,0.0,1,0.51552856,0.51552856,0.51552856,1.0314901,0.0,0.09300578,0.0,0.0,0.027,0.0,0.0,0.0,0.0,-27.354794,2.2693236,0.75644124,0.128,0.0,0.14813317,0.0,0.0
hardzero_only__c0p58__z1p00__lam0p000__nu0p50__psi0p00,0.027,base,46,172,0.0,1,0.51552856,0.51552856,0.51552856,1.0348927,0.0,0.09227995,0.0,0.0,0.027,0.0,0.0,0.0,0.0,-27.173342,2.2768095,0.7589365,0.120000005,0.008,0.17793371,0.0,0.0
hardzero_only__c0p58__z1p00__lam0p000__nu0p50__psi0p00,0.027,base,46,173,0.0,1,0.51552856,0.51552856,0.51552856,1.0498263,0.0,0.089160755,0.0,0.0,0.027,0.0,0.0,0.0,0.0,-27.701942,2.309664,0.76988804,0.128,0.0,0.15393713,0.0,0.0
hardzero_only__c0p58__z1p00__lam0p000__nu0p50__psi0p00,0.027,base,46,174,0.0,1,0.51552856,0.51552856,0.51552856,1.0312839,0.0,0.09304996,0.0,0.0,0.027,0.0,0.0,0.0,0.0,-27.07582,2.2688699,0.75628996,0.16800001,0.0,0.13970593,0.0,0.0
hardzero_only__c0p58__z1p00__lam0p000__nu0p50__psi0p00,0.027,base,46,175,0.0,1,0.51552856,0.51552856,0.51552856,1.0536625,0.0,0.08837663,0.0,0.0,0.027,0.0,0.0,0.0,0.0,-27.400034,2.3181038,0.77270126,0.17600001,0.0,0.14589915,0.0,0.0
hardzero_only__c0p58__z1p00__lam0p000__nu0p50__psi0p00,0.027,base,46,176,0.0,1,0.51552856,0.51552856,0.51552856,1.0801693,0.0,0.08314394,0.0,0.0,0.027,0.0,0.0,0.0,0.0,-28.236399,2.37642,0.79214,0.136,0.0,0.14537789,0.0,0.0
hardzero_only__c0p58__z1p00__lam0p000__nu0p50__psi0p00,0.027,base,46,177,0.0,1,0.51552856,0.51552856,0.51552856,1.0064341,0.0,0.098529406,0.0,0.0,0.027,0.0,0.0,0.0,0.0,-26.324394,2.214199,0.7380664,0.23200001,0.0,0.13600606,0.0,0.0
hardzero_only__c0p58__z1p00__lam0p000__nu0p50__psi0p00,0.027,base,46,178,0.0,1,0.51552856,0.51552856,0.51552856,1.0105209,0.0,0.09760658,0.0,0.0,0.027,0.0,0.0,0.0,0.0,-27.292736,2.2231905,0.74106354,0.08800001,0.0,0.12802513,0.0,0.0
hardzero_only__c0p58__z1p00__lam0p000__nu0p50__psi0p00,0.027,base,46,179,0.0,1,0.51552856,0.51552856,0.51552856,1.0348179,0.0,0.09229582,0.0,0.0,0.027,0.0,0.0,0.0,0.0,-27.749557,2.276645,0.7588817,0.16000001,0.0,0.15624067,0.0,0.0
hardzero_only__c0p58__z1p00__lam0p000__nu0p50__psi0p00,0.027,base,46,180,0.0,1,0.51552856,0.51552856,0.51552856,1.0513587,0.0,0.0888467,0.0,0.0,0.027,0.0,0.0,0.0,0.0,-28.045807,2.3130352,0.77101177,0.128,0.0,0.15712985,0.0,0.0
hardzero_only__c0p58__z1p00__lam0p000__nu0p50__psi0p00,0.027,base,46,181,0.0,1,0.51552856,0.5183258,0.5183258,0.9846316,0.10360206,0.10360206,1.0,0.0027972558,0.027,0.0,0.0,0.0,0.0,-26.367373,2.1662328,0.7220776,0.18400002,0.0,0.1482101,0.0,0.0
hardzero_only__c0p58__z1p00__lam0p000__nu0p50__psi0p00,0.027,base,46,182,0.0,1,0.5183258,0.5183258,0.5183258,1.0445391,0.0,0.09025285,0.0,0.0,0.027,0.0,0.0,0.0,0.0,-28.532585,2.2980318,0.76601064,0.16,0.0,0.15538275,0.0,0.0
hardzero_only__c0p58__z1p00__lam0p000__nu0p50__psi0p00,0.027,base,46,183,0.0,1,0.5183258,0.5183258,0.5183258,1.0576372,0.0,0.08757151,0.0,0.0,0.027,0.0,0.0,0.0,0.0,-27.19426,2.3268483,0.7756161,0.16800001,0.0,0.15326309,0.0,0.0
hardzero_only__c0p58__z1p00__lam0p000__nu0p50__psi0p00,0.027,base,46,184,0.0,1,0.5183258,0.5183258,0.5183258,1.0134373,0.0,0.09695332,0.0,0.0,0.027,0.0,0.0,0.0,0.0,-26.823027,2.2296064,0.74320215,0.16000001,0.0,0.13770603,0.0,0.0
hardzero_only__c0p58__z1p00__lam0p000__nu0p50__psi0p00,0.027,base,46,185,0.0,1,0.5183258,0.5183258,0.5183258,1.0536962,0.0,0.08836978,0.0,0.0,0.027,0.0,0.0,0.0,0.0,-26.943666,2.318178,0.772726,0.15200001,0.0,0.15599844,0.0,0.0
hardzero_only__c0p58__z1p00__lam0p000__nu0p50__psi0p00,0.027,base,46,186,0.0,1,0.5183258,0.5210453,0.5210453,0.9968696,0.100723386,0.100723386,1.0,0.0027195315,0.027,0.0,0.0,0.0,0.0,-26.355755,2.193157,0.73105234,0.18400002,0.0,0.1400779,0.0,0.0
hardzero_only__c0p58__z1p00__lam0p000__nu0p50__psi0p00,0.027,base,46,187,0.0,1,0.5210453,0.5210453,0.5210453,1.0217837,0.0,0.09510784,0.0,0.0,0.027,0.0,0.0,0.0,0.0,-26.650427,2.2479692,0.74932307,0.112,0.0,0.13721251,0.0,0.0
hardzero_only__c0p58__z1p00__lam0p000__nu0p50__psi0p00,0.027,base,46,188,0.0,1,0.5210453,0.5210453,0.5210453,1.0014164,0.0,0.099674374,0.0,0.0,0.027,0.0,0.0,0.0,0.0,-26.545546,2.2031603,0.7343868,0.18400002,0.008,0.12903357,0.0,0.0
hardzero_only__c0p58__z1p00__lam0p000__nu0p50__psi0p00,0.027,base,46,189,0.0,1,0.5210453,0.5210453,0.5210453,1.0177717,0.0,0.0959905,0.0,0.0,0.027,0.0,0.0,0.0,0.0,-27.45981,2.2391424,0.7463808,0.15200001,0.0,0.16694261,0.0,0.0
hardzero_only__c0p58__z1p00__lam0p000__nu0p50__psi0p00,0.027,base,46,190,0.0,1,0.5210453,0.5238603,0.5238603,0.98189646,0.10425658,0.10425658,1.0,0.0028149276,0.027,0.0,0.0,0.0,0.0,-26.800814,2.1602154,0.7200718,0.14400001,0.0,0.14810501,0.0,0.0
hardzero_only__c0p58__z1p00__lam0p000__nu0p50__psi0p00,0.027,base,46,191,0.0,1,0.5238603,0.52656966,0.52656966,0.9984969,0.100346714,0.100346714,1.0,0.0027093613,0.027,0.0,0.0,0.0,0.0,-26.47467,2.196737,0.7322457,0.14400001,0.0,0.15535451,0.0,0.0
hardzero_only__c0p58__z1p00__lam0p000__nu0p50__psi0p00,0.027,base,46,192,0.0,1,0.52656966,0.52656966,0.52656966,1.0496103,0.0,0.089205116,0.0,0.0,0.027,0.0,0.0,0.0,0.0,-27.716904,2.3091886,0.76972955,0.136,0.0,0.15072595,0.0,0.0
hardzero_only__c0p58__z1p00__lam0p000__nu0p50__psi0p00,0.027,base,46,193,0.0,1,0.52656966,0.52656966,0.52656966,1.0768236,0.0,0.08378696,0.0,0.0,0.027,0.0,0.0,0.0,0.0,-27.885653,2.3690593,0.78968644,0.120000005,0.0,0.15624078,0.0,0.0
hardzero_only__c0p58__z1p00__lam0p000__nu0p50__psi0p00,0.027,base,46,194,0.0,1,0.52656966,0.52656966,0.52656966,1.085462,0.0,0.08213684,0.0,0.0,0.027,0.0,0.0,0.0,0.0,-28.389935,2.3880641,0.7960214,0.104,0.0,0.16167186,0.0,0.0
hardzero_only__c0p58__z1p00__lam0p000__nu0p50__psi0p00,0.027,base,46,195,0.0,1,0.52656966,0.52656966,0.52656966,1.0158405,0.0,0.09641829,0.0,0.0,0.027,0.0,0.0,0.0,0.0,-27.598104,2.2348938,0.7449646,0.14999999,0.0,0.1610002,0.0,0.0
hardzero_only__c0p58__z1p00__lam0p000__nu0p50__psi0p00,0.027,base,46,196,0.0,1,0.52656966,0.52656966,0.52656966,1.0012338,0.0,0.0997163,0.0,0.0,0.027,0.0,0.0,0.0,0.0,-26.971998,2.2027583,0.7342528,0.15200001,0.0,0.14325213,0.0,0.0
hardzero_only__c0p58__z1p00__lam0p000__nu0p50__psi0p00,0.027,base,46,197,0.0,1,0.52656966,0.5293584,0.5293584,0.9859581,0.1032861,0.1032861,1.0,0.0027887248,0.027,0.0,0.0,0.0,0.0,-26.192915,2.169151,0.72305036,0.23200001,0.0,0.17379898,0.0,0.0
hardzero_only__c0p58__z1p00__lam0p000__nu0p50__psi0p00,0.027,base,46,198,0.0,1,0.5293584,0.5293584,0.5293584,1.1048582,0.0,0.07854921,0.0,0.0,0.027,0.0,0.0,0.0,0.0,-28.434647,2.4307365,0.8102455,0.18400002,0.0,0.16460887,0.0,0.0
hardzero_only__c0p58__z1p00__lam0p000__nu0p50__psi0p00,0.027,base,46,199,0.0,1,0.5293584,0.53207356,0.53207356,0.9975646,0.100562334,0.100562334,1.0,0.0027151832,0.027,0.0,0.0,0.0,0.0,-26.633158,2.194686,0.731562,0.15200001,0.0,0.14145625,0.0,0.0
hardzero_only__c0p58__z1p00__lam0p000__nu0p50__psi0p00,0.027,base,46,200,0.0,1,0.53207356,0.53207356,0.53207356,1.0402242,0.0,0.09115401,0.0,0.0,0.027,0.0,0.0,0.0,0.0,-28.084082,2.288539,0.76284635,0.136,0.0,0.18015608,0.0,0.0
hardzero_only__c0p58__z1p00__lam0p000__nu0p50__psi0p00,0.027,base,46,201,0.0,1,0.53207356,0.53207356,0.53207356,1.0639614,0.0,0.08630552,0.0,0.0,0.027,0.0,0.0,0.0,0.0,-28.12888,2.340762,0.780254,0.128,0.0,0.13656034,0.0,0.0
hardzero_only__c0p58__z1p00__lam0p000__nu0p50__psi0p00,0.027,base,46,202,0.0,1,0.53207356,0.53207356,0.53207356,1.0221157,0.0,0.09503515,0.0,0.0,0.027,0.0,0.0,0.0,0.0,-27.229897,2.2486994,0.7495665,0.15200001,0.0,0.14128602,0.0,0.0
hardzero_only__c0p58__z1p00__lam0p000__nu0p50__psi0p00,0.027,base,46,203,0.0,1,0.53207356,0.53207356,0.53207356,1.0547897,0.0,0.08814758,0.0,0.0,0.027,0.0,0.0,0.0,0.0,-28.18835,2.3205836,0.77352786,0.18400002,0.0,0.15252362,0.0,0.0
hardzero_only__c0p58__z1p00__lam0p000__nu0p50__psi0p00,0.027,base,46,204,0.0,1,0.53207356,0.53207356,0.53207356,1.05397,0.0,0.08831409,0.0,0.0,0.027,0.0,0.0,0.0,0.0,-27.594389,2.3187802,0.77292675,0.096,0.0,0.15188292,0.0,0.0
hardzero_only__c0p58__z1p00__lam0p000__nu0p50__psi0p00,0.027,base,46,205,0.0,1,0.53207356,0.53207356,0.53207356,1.0469717,0.0,0.08974874,0.0,0.0,0.027,0.0,0.0,0.0,0.0,-27.587482,2.3033836,0.76779455,0.072000004,0.0,0.16624789,0.0,0.0
hardzero_only__c0p58__z1p00__lam0p000__nu0p50__psi0p00,0.027,base,46,206,0.0,1,0.53207356,0.5347934,0.5347934,0.9968258,0.10073354,0.10073354,1.0,0.0027198056,0.027,0.0,0.0,0.0,0.0,-26.038834,2.1930606,0.7310202,0.128,0.0,0.15046605,0.0,0.0
hardzero_only__c0p58__z1p00__lam0p000__nu0p50__psi0p00,0.027,base,46,207,0.0,1,0.5347934,0.5347934,0.5347934,1.0439285,0.0,0.09037983,0.0,0.0,0.027,0.0,0.0,0.0,0.0,-27.994904,2.2966886,0.7655629,0.16000001,0.0,0.17330587,0.0,0.0
hardzero_only__c0p58__z1p00__lam0p000__nu0p50__psi0p00,0.027,base,46,208,0.0,1,0.5347934,0.53753453,0.53753453,0.9934269,0.101525016,0.101525016,1.0,0.0027411755,0.027,0.0,0.0,0.0,0.0,-26.919212,2.1855829,0.72852767,0.16,0.0,0.13035716,0.0,0.0
hardzero_only__c0p58__z1p00__lam0p000__nu0p50__psi0p00,0.027,base,46,209,0.0,1,0.53753453,0.53753453,0.53753453,1.0388482,0.0,0.09144328,0.0,0.0,0.027,0.0,0.0,0.0,0.0,-27.561155,2.2855115,0.7618372,0.128,0.0,0.15186168,0.0,0.0
hardzero_only__c0p58__z1p00__lam0p000__nu0p50__psi0p00,0.027,base,46,210,0.0,1,0.53753453,0.54027396,0.54027396,0.99370134,0.1014609,0.1014609,1.0,0.0027394444,0.027,0.0,0.0,0.0,0.0,-27.134966,2.1861866,0.7287289,0.192,0.0,0.14883596,0.0,0.0
hardzero_only__c0p58__z1p00__lam0p000__nu0p50__psi0p00,0.027,base,46,211,0.0,1,0.54027396,0.54027396,0.54027396,1.0509124,0.0,0.08893804,0.0,0.0,0.027,0.0,0.0,0.0,0.0,-28.723017,2.3120534,0.7706845,0.14400001,0.0,0.16598283,0.0,0.0
hardzero_only__c0p58__z1p00__lam0p000__nu0p50__psi0p00,0.027,base,46,212,0.0,1,0.54027396,0.54027396,0.54027396,1.0388613,0.0,0.09144053,0.0,0.0,0.027,0.0,0.0,0.0,0.0,-27.009209,2.2855403,0.7618468,0.08800001,0.0,0.1178955,0.0,0.0
hardzero_only__c0p58__z1p00__lam0p000__nu0p50__psi0p00,0.027,base,46,213,0.0,1,0.54027396,0.5430536,0.5430536,0.98737335,0.102950074,0.102950074,1.0,0.0027796521,0.027,0.0,0.0,0.0,0.0,-25.720993,2.1722648,0.7240883,0.192,0.0,0.14900538,0.0,0.0
hardzero_only__c0p58__z1p00__lam0p000__nu0p50__psi0p00,0.027,base,46,214,0.0,1,0.5430536,0.5430536,0.5430536,1.032096,0.0,0.0928761,0.0,0.0,0.027,0.0,0.0,0.0,0.0,-26.886457,2.2706566,0.7568855,0.17600001,0.0,0.15179911,0.0,0.0
hardzero_only__c0p58__z1p00__lam0p000__nu0p50__psi0p00,0.027,base,46,215,0.0,1,0.5430536,0.5430536,0.5430536,1.0654404,0.0,0.086012095,0.0,0.0,0.027,0.0,0.0,0.0,0.0,-27.57742,2.3440156,0.7813386,0.064,0.0,0.15239662,0.0,0.0
hardzero_only__c0p58__z1p00__lam0p000__nu0p50__psi0p00,0.027,base,46,216,0.0,1,0.5430536,0.5430536,0.5430536,1.0350457,0.0,0.09224742,0.0,0.0,0.027,0.0,0.0,0.0,0.0,-26.600908,2.277146,0.7590487,0.128,0.0,0.12661122,0.0,0.0
hardzero_only__c0p58__z1p00__lam0p000__nu0p50__psi0p00,0.027,base,46,217,0.0,1,0.5430536,0.5430536,0.5430536,1.0682743,0.0,0.08545269,0.0,0.0,0.027,0.0,0.0,0.0,0.0,-27.784494,2.3502502,0.78341675,0.208,0.008,0.15366702,0.0,0.0
hardzero_only__c0p58__z1p00__lam0p000__nu0p50__psi0p00,0.027,base,46,218,0.0,1,0.5430536,0.5430536,0.5430536,1.0603971,0.0,0.08701675,0.0,0.0,0.027,0.0,0.0,0.0,0.0,-26.861303,2.3329203,0.7776401,0.08800001,0.0,0.13166705,0.0,0.0
hardzero_only__c0p58__z1p00__lam0p000__nu0p50__psi0p00,0.027,base,46,219,0.0,1,0.5430536,0.5430536,0.5430536,1.0367016,0.0,0.09189639,0.0,0.0,0.027,0.0,0.0,0.0,0.0,-27.39082,2.280789,0.76026297,0.14400001,0.0,0.15082873,0.0,0.0
hardzero_only__c0p58__z1p00__lam0p000__nu0p50__psi0p00,0.027,base,46,220,0.0,1,0.5430536,0.5458894,0.5458894,0.9786928,0.10502849,0.10502849,1.0,0.0028357692,0.027,0.0,0.0,0.0,0.0,-26.166256,2.1531672,0.7177224,0.17600001,0.0,0.13004023,0.0,0.0
hardzero_only__c0p58__z1p00__lam0p000__nu0p50__psi0p00,0.027,base,46,221,0.0,1,0.5458894,0.5458894,0.5458894,1.0584265,0.0,0.087412484,0.0,0.0,0.027,0.0,0.0,0.0,0.0,-27.248327,2.328585,0.776195,0.16,0.0,0.15825675,0.0,0.0
hardzero_only__c0p58__z1p00__lam0p000__nu0p50__psi0p00,0.027,base,46,222,0.0,1,0.5458894,0.54862803,0.54862803,0.9938305,0.10143071,0.10143071,1.0,0.0027386292,0.027,0.0,0.0,0.0,0.0,-26.584692,2.1864707,0.7288236,0.2,0.0,0.12352056,0.0,0.0
hardzero_only__c0p58__z1p00__lam0p000__nu0p50__psi0p00,0.027,base,46,223,0.0,1,0.54862803,0.54862803,0.54862803,1.0327598,0.0,0.09273425,0.0,0.0,0.027,0.0,0.0,0.0,0.0,-27.286545,2.272117,0.7573723,0.16000001,0.0,0.1637583,0.0,0.0
hardzero_only__c0p58__z1p00__lam0p000__nu0p50__psi0p00,0.027,base,46,224,0.0,1,0.54862803,0.54862803,0.54862803,1.0058513,0.0,0.09866173,0.0,0.0,0.027,0.0,0.0,0.0,0.0,-27.98835,2.212917,0.73763907,0.136,0.0,0.15294416,0.0,0.0
hardzero_only__c0p58__z1p00__lam0p000__nu0p50__psi0p00,0.027,base,46,225,0.0,1,0.54862803,0.54862803,0.54862803,1.0222026,0.0,0.09501614,0.0,0.0,0.027,0.0,0.0,0.0,0.0,-27.160126,2.2488906,0.7496302,0.2,0.0,0.16831379,0.0,0.0
hardzero_only__c0p58__z1p00__lam0p000__nu0p50__psi0p00,0.027,base,46,226,0.0,1,0.54862803,0.54862803,0.54862803,1.0578243,0.0,0.08753379,0.0,0.0,0.027,0.0,0.0,0.0,0.0,-27.965729,2.3272598,0.77575326,0.104,0.0,0.15102628,0.0,0.0
hardzero_only__c0p58__z1p00__lam0p000__nu0p50__psi0p00,0.027,base,46,227,0.0,1,0.54862803,0.54862803,0.54862803,1.033647,0.0,0.092545025,0.0,0.0,0.027,0.0,0.0,0.0,0.0,-27.180046,2.2740686,0.7580229,0.16000001,0.0,0.15429316,0.0,0.0
hardzero_only__c0p58__z1p00__lam0p000__nu0p50__psi0p00,0.027,base,46,228,0.0,1,0.54862803,0.54862803,0.54862803,1.0317664,0.0,0.09294661,0.0,0.0,0.027,0.0,0.0,0.0,0.0,-27.000654,2.2699316,0.7566439,0.136,0.0,0.17337108,0.0,0.0
hardzero_only__c0p58__z1p00__lam0p000__nu0p50__psi0p00,0.027,base,46,229,0.0,1,0.54862803,0.54862803,0.54862803,1.0042827,0.0,0.09901872,0.0,0.0,0.027,0.0,0.0,0.0,0.0,-27.3383,2.209466,0.7364887,0.192,0.0,0.16020727,0.0,0.0
hardzero_only__c0p58__z1p00__lam0p000__nu0p50__psi0p00,0.027,base,46,230,0.0,1,0.54862803,0.54862803,0.54862803,1.0465811,0.0,0.08982947,0.0,0.0,0.027,0.0,0.0,0.0,0.0,-27.656406,2.3025246,0.7675082,0.120000005,0.0,0.132737,0.0,0.0
hardzero_only__c0p58__z1p00__lam0p000__nu0p50__psi0p00,0.027,base,46,231,0.0,1,0.54862803,0.54862803,0.54862803,1.029132,0.0,0.09351214,0.0,0.0,0.027,0.0,0.0,0.0,0.0,-27.587917,2.2641356,0.75471187,0.16800001,0.0,0.1751891,0.0,0.0
hardzero_only__c0p58__z1p00__lam0p000__nu0p50__psi0p00,0.027,base,46,232,0.0,1,0.54862803,0.54862803,0.54862803,1.0569727,0.0,0.08770558,0.0,0.0,0.027,0.0,0.0,0.0,0.0,-28.126108,2.3253865,0.77512884,0.16000001,0.0,0.14982137,0.0,0.0
hardzero_only__c0p58__z1p00__lam0p000__nu0p50__psi0p00,0.027,base,46,233,0.0,1,0.54862803,0.54862803,0.54862803,1.0357102,0.0,0.092106394,0.0,0.0,0.027,0.0,0.0,0.0,0.0,-27.467518,2.2786078,0.75953597,0.17600001,0.0,0.16226444,0.0,0.0
hardzero_only__c0p58__z1p00__lam0p000__nu0p50__psi0p00,0.027,base,46,234,0.0,1,0.54862803,0.54862803,0.54862803,1.0502449,0.0,0.08907483,0.0,0.0,0.027,0.0,0.0,0.0,0.0,-27.74019,2.310585,0.770195,0.13,0.0,0.13856532,0.0,0.0
hardzero_only__c0p58__z1p00__lam0p000__nu0p50__psi0p00,0.027,base,46,235,0.0,1,0.54862803,0.54862803,0.54862803,1.0636777,0.0,0.08636194,0.0,0.0,0.027,0.0,0.0,0.0,0.0,-27.5894,2.3401375,0.78004587,0.128,0.008,0.15507989,0.0,0.0
hardzero_only__c0p58__z1p00__lam0p000__nu0p50__psi0p00,0.027,base,46,236,0.0,1,0.54862803,0.54862803,0.54862803,1.0499538,0.0,0.089134574,0.0,0.0,0.027,0.0,0.0,0.0,0.0,-26.948513,2.3099446,0.76998156,0.14400001,0.0,0.1610051,0.0,0.0
hardzero_only__c0p58__z1p00__lam0p000__nu0p50__psi0p00,0.027,base,46,237,0.0,1,0.54862803,0.54862803,0.54862803,1.0126771,0.0,0.09712318,0.0,0.0,0.027,0.0,0.0,0.0,0.0,-26.26856,2.2279341,0.7426447,0.136,0.0,0.15783799,0.0,0.0
hardzero_only__c0p58__z1p00__lam0p000__nu0p50__psi0p00,0.027,base,46,238,0.0,1,0.54862803,0.54862803,0.54862803,1.0466096,0.0,0.08982358,0.0,0.0,0.027,0.0,0.0,0.0,0.0,-28.164192,2.3025873,0.76752913,0.136,0.0,0.13759232,0.0,0.0
hardzero_only__c0p58__z1p00__lam0p000__nu0p50__psi0p00,0.027,base,46,239,0.0,1,0.54862803,0.54862803,0.54862803,1.0366632,0.0,0.09190452,0.0,0.0,0.027,0.0,0.0,0.0,0.0,-27.697693,2.2807045,0.76023483,0.112,0.0,0.14565273,0.0,0.0
hardzero_only__c0p58__z1p00__lam0p000__nu0p50__psi0p00,0.027,base,46,240,0.0,1,0.54862803,0.54862803,0.54862803,1.0208151,0.0,0.09532018,0.0,0.0,0.027,0.0,0.0,0.0,0.0,-27.038614,2.2458382,0.74861276,0.192,0.0,0.15849121,0.0,0.0
hardzero_only__c0p58__z1p00__lam0p000__nu0p50__psi0p00,0.027,base,46,241,0.0,1,0.54862803,0.54862803,0.54862803,1.0304362,0.0,0.09323174,0.0,0.0,0.027,0.0,0.0,0.0,0.0,-27.322403,2.2670047,0.7556683,0.14400001,0.0,0.13985583,0.0,0.0
hardzero_only__c0p58__z1p00__lam0p000__nu0p50__psi0p00,0.027,base,46,242,0.0,1,0.54862803,0.54862803,0.54862803,1.0077283,0.0,0.098236226,0.0,0.0,0.027,0.0,0.0,0.0,0.0,-26.710667,2.2170467,0.7390156,0.136,0.0,0.11588681,0.0,0.0
hardzero_only__c0p58__z1p00__lam0p000__nu0p50__psi0p00,0.027,base,46,243,0.0,1,0.54862803,0.54862803,0.54862803,1.0405605,0.0,0.09108345,0.0,0.0,0.027,0.0,0.0,0.0,0.0,-27.528084,2.2892787,0.76309294,0.16000001,0.0,0.13363907,0.0,0.0
hardzero_only__c0p58__z1p00__lam0p000__nu0p50__psi0p00,0.027,base,46,244,0.0,1,0.54862803,0.5514305,0.5514305,0.98381937,0.10379599,0.10379599,1.0,0.002802492,0.027,0.0,0.0,0.0,0.0,-25.533297,2.1644459,0.721482,0.136,0.0,0.13652417,0.0,0.0
hardzero_only__c0p58__z1p00__lam0p000__nu0p50__psi0p00,0.027,base,46,245,0.0,1,0.5514305,0.5541485,0.5541485,0.99712235,0.10066481,0.10066481,1.0,0.00271795,0.027,0.0,0.0,0.0,0.0,-26.059776,2.193713,0.73123765,0.16800001,0.0,0.16988172,0.0,0.0
hardzero_only__c0p58__z1p00__lam0p000__nu0p50__psi0p00,0.027,base,46,246,0.0,1,0.5541485,0.5541485,0.5541485,1.0054009,0.0,0.09876411,0.0,0.0,0.027,0.0,0.0,0.0,0.0,-26.732662,2.2119262,0.73730874,0.15200001,0.0,0.16605785,0.0,0.0
hardzero_only__c0p58__z1p00__lam0p000__nu0p50__psi0p00,0.027,base,46,247,0.0,1,0.5541485,0.5541485,0.5541485,1.0362728,0.0,0.09198716,0.0,0.0,0.027,0.0,0.0,0.0,0.0,-27.417282,2.2798455,0.7599485,0.12,0.0,0.15523475,0.0,0.0
hardzero_only__c0p58__z1p00__lam0p000__nu0p50__psi0p00,0.027,base,46,248,0.0,1,0.5541485,0.5541485,0.5541485,1.0326366,0.0,0.09276056,0.0,0.0,0.027,0.0,0.0,0.0,0.0,-27.348087,2.271846,0.757282,0.24000001,0.0,0.16877696,0.0,0.0
hardzero_only__c0p58__z1p00__lam0p000__nu0p50__psi0p00,0.027,base,46,249,0.0,1,0.5541485,0.5541485,0.5541485,1.0625718,0.0,0.086582124,0.0,0.0,0.027,0.0,0.0,0.0,0.0,-28.048492,2.3377047,0.7792349,0.17600001,0.0,0.15164669,0.0,0.0
hardzero_only__c0p58__z1p00__lam0p000__nu0p50__psi0p00,0.027,base,46,250,0.0,1,0.5541485,0.5541485,0.5541485,1.0451938,0.0,0.09011689,0.0,0.0,0.027,0.0,0.0,0.0,0.0,-26.943823,2.2994723,0.7664908,0.120000005,0.0,0.16864581,0.0,0.0
hardzero_only__c0p58__z1p00__lam0p000__nu0p50__psi0p00,0.027,base,46,251,0.0,1,0.5541485,0.5541485,0.5541485,1.0737915,0.0,0.08437397,0.0,0.0,0.027,0.0,0.0,0.0,0.0,-27.573915,2.3623886,0.7874629,0.104,0.0,0.16483517,0.0,0.0
hardzero_only__c0p58__z1p00__lam0p000__nu0p50__psi0p00,0.027,base,46,252,0.0,1,0.5541485,0.5541485,0.5541485,1.0139399,0.0,0.09684118,0.0,0.0,0.027,0.0,0.0,0.0,0.0,-27.289389,2.2307122,0.74357074,0.16000001,0.0,0.16811563,0.0,0.0
hardzero_only__c0p58__z1p00__lam0p000__nu0p50__psi0p00,0.027,base,46,253,0.0,1,0.5541485,0.5541485,0.5541485,1.079751,0.0,0.083224066,0.0,0.0,0.027,0.0,0.0,0.0,0.0,-27.953146,2.3754997,0.7918333,0.17600001,0.0,0.16631193,0.0,0.0
hardzero_only__c0p58__z1p00__lam0p000__nu0p50__psi0p00,0.027,base,46,254,0.0,1,0.5541485,0.5541485,0.5541485,1.0269121,0.0,0.093991354,0.0,0.0,0.027,0.0,0.0,0.0,0.0,-27.839083,2.2592518,0.75308394,0.17600001,0.0,0.14320354,0.0,0.0
hardzero_only__c0p58__z1p00__lam0p000__nu0p50__psi0p00,0.027,base,46,255,0.0,1,0.5541485,0.5541485,0.5541485,1.0062708,0.0,0.09856649,0.0,0.0,0.027,0.0,0.0,0.0,0.0,-26.692633,2.21384,0.7379467,0.16000001,0.0,0.15828843,0.0,0.0
hardzero_only__c0p58__z1p00__lam0p000__nu0p50__psi0p00,0.027,base,46,256,0.0,1,0.5541485,0.5541485,0.5541485,1.054665,0.0,0.08817288,0.0,0.0,0.027,0.0,0.0,0.0,0.0,-27.80842,2.3203092,0.7734364,0.112,0.0,0.1883178,0.0,0.0
hardzero_only__c0p58__z1p00__lam0p000__nu0p50__psi0p00,0.027,base,46,257,0.0,1,0.5541485,0.55687827,0.55687827,0.9952342,0.1011034,0.1011034,1.0,0.002729792,0.027,0.0,0.0,0.0,0.0,-26.292648,2.189559,0.72985303,0.128,0.0,0.12850928,0.0,0.0
hardzero_only__c0p58__z1p00__lam0p000__nu0p50__psi0p00,0.027,base,46,258,0.0,1,0.55687827,0.55687827,0.55687827,1.050316,0.0,0.08906027,0.0,0.0,0.027,0.0,0.0,0.0,0.0,-27.582481,2.3107412,0.7702471,0.14400001,0.0,0.14485374,0.0,0.0
hardzero_only__c0p58__z1p00__lam0p000__nu0p50__psi0p00,0.027,base,46,259,0.0,1,0.55687827,0.55687827,0.55687827,1.0242401,0.0,0.094571404,0.0,0.0,0.027,0.0,0.0,0.0,0.0,-26.869625,2.2533734,0.7511245,0.16800001,0.0,0.1513736,0.0,0.0
hardzero_only__c0p58__z1p00__lam0p000__nu0p50__psi0p00,0.027,base,46,260,0.0,1,0.55687827,0.55687827,0.55687827,1.0552903,0.0,0.088046,0.0,0.0,0.027,0.0,0.0,0.0,0.0,-28.390043,2.321685,0.773895,0.14999999,0.0,0.15426557,0.0,0.0
hardzero_only__c0p58__z1p00__lam0p000__nu0p50__psi0p00,0.027,base,46,261,0.0,1,0.55687827,0.55687827,0.55687827,1.0496757,0.0,0.08919167,0.0,0.0,0.027,0.0,0.0,0.0,0.0,-27.610025,2.3093326,0.76977754,0.104,0.0,0.2102535,0.0,0.0
hardzero_only__c0p58__z1p00__lam0p000__nu0p50__psi0p00,0.027,base,46,262,0.0,1,0.55687827,0.55960673,0.55960673,0.9954421,0.10105502,0.10105502,1.0,0.0027284855,0.027,0.0,0.0,0.0,0.0,-26.575008,2.1900163,0.73000544,0.18400002,0.0,0.15416469,0.0,0.0
hardzero_only__c0p58__z1p00__lam0p000__nu0p50__psi0p00,0.027,base,46,263,0.0,1,0.55960673,0.55960673,0.55960673,1.0418935,0.0,0.09080432,0.0,0.0,0.027,0.0,0.0,0.0,0.0,-27.8601,2.2922115,0.7640705,0.18400002,0.0,0.15116076,0.0,0.0
hardzero_only__c0p58__z1p00__lam0p000__nu0p50__psi0p00,0.027,base,46,264,0.0,1,0.55960673,0.55960673,0.55960673,1.0322734,0.0,0.092838176,0.0,0.0,0.027,0.0,0.0,0.0,0.0,-27.110123,2.2710469,0.75701565,0.16000001,0.0,0.18165223,0.0,0.0
hardzero_only__c0p58__z1p00__lam0p000__nu0p50__psi0p00,0.027,base,46,265,0.0,1,0.55960673,0.55960673,0.55960673,1.0392358,0.0,0.09136169,0.0,0.0,0.027,0.0,0.0,0.0,0.0,-28.524977,2.2863646,0.76212156,0.16000001,0.0,0.1544885,0.0,0.0
hardzero_only__c0p58__z1p00__lam0p000__nu0p50__psi0p00,0.027,base,46,266,0.0,1,0.55960673,0.55960673,0.55960673,1.1228245,0.0,0.07536599,0.0,0.0,0.027,0.0,0.0,0.0,0.0,-28.484575,2.4702632,0.8234211,0.15200001,0.0,0.19615288,0.0,0.0
hardzero_only__c0p58__z1p00__lam0p000__nu0p50__psi0p00,0.027,base,46,267,0.0,1,0.55960673,0.55960673,0.55960673,1.0825759,0.0,0.082684495,0.0,0.0,0.027,0.0,0.0,0.0,0.0,-28.639532,2.3817146,0.7939049,0.18400002,0.0,0.18887474,0.0,0.0
hardzero_only__c0p58__z1p00__lam0p000__nu0p50__psi0p00,0.027,base,46,268,0.0,1,0.55960673,0.5623544,0.5623544,0.9924013,0.10176505,0.10176505,1.0,0.0027476565,0.027,0.0,0.0,0.0,0.0,-26.193932,2.1833265,0.7277755,0.192,0.0,0.14567898,0.0,0.0
hardzero_only__c0p58__z1p00__lam0p000__nu0p50__psi0p00,0.027,base,46,269,0.0,1,0.5623544,0.5623544,0.5623544,1.0464941,0.0,0.08984748,0.0,0.0,0.027,0.0,0.0,0.0,0.0,-26.762087,2.302333,0.7674444,0.104,0.0,0.15185884,0.0,0.0
hardzero_only__c0p58__z1p00__lam0p000__nu0p50__psi0p00,0.027,base,46,270,0.0,1,0.5623544,0.5623544,0.5623544,1.0259728,0.0,0.094194844,0.0,0.0,0.027,0.0,0.0,0.0,0.0,-27.315655,2.2571852,0.7523951,0.208,0.008,0.15464881,0.0,0.0
hardzero_only__c0p58__z1p00__lam0p000__nu0p50__psi0p00,0.027,base,46,271,0.0,1,0.5623544,0.5623544,0.5623544,1.0509984,0.0,0.08892042,0.0,0.0,0.027,0.0,0.0,0.0,0.0,-27.940216,2.3122427,0.7707476,0.104,0.0,0.16155337,0.0,0.0
hardzero_only__c0p58__z1p00__lam0p000__nu0p50__psi0p00,0.027,base,46,272,0.0,1,0.5623544,0.5623544,0.5623544,1.0388415,0.0,0.09144469,0.0,0.0,0.027,0.0,0.0,0.0,0.0,-26.893114,2.285497,0.76183236,0.104,0.0,0.16332804,0.0,0.0
hardzero_only__c0p58__z1p00__lam0p000__nu0p50__psi0p00,0.027,base,46,273,0.0,1,0.5623544,0.5623544,0.5623544,1.0479234,0.0,0.08955227,0.0,0.0,0.027,0.0,0.0,0.0,0.0,-27.16729,2.3054776,0.7684926,0.13,0.0,0.155432,0.0,0.0
hardzero_only__c0p58__z1p00__lam0p000__nu0p50__psi0p00,0.027,base,46,274,0.0,1,0.5623544,0.5623544,0.5623544,1.0361949,0.0,0.09200366,0.0,0.0,0.027,0.0,0.0,0.0,0.0,-27.053427,2.2796743,0.75989145,0.192,0.0,0.16417952,0.0,0.0
hardzero_only__c0p58__z1p00__lam0p000__nu0p50__psi0p00,0.027,base,46,275,0.0,1,0.5623544,0.5651072,0.5651072,0.9915842,0.10195671,0.10195671,1.0,0.0027528312,0.027,0.0,0.0,0.0,0.0,-26.614212,2.1815288,0.7271763,0.18400002,0.0,0.1310045,0.0,0.0
hardzero_only__c0p58__z1p00__lam0p000__nu0p50__psi0p00,0.027,base,46,276,0.0,1,0.5651072,0.5651072,0.5651072,1.014422,0.0,0.09673372,0.0,0.0,0.027,0.0,0.0,0.0,0.0,-26.556314,2.2317731,0.7439244,0.17600001,0.0,0.14128119,0.0,0.0
hardzero_only__c0p58__z1p00__lam0p000__nu0p50__psi0p00,0.027,base,46,277,0.0,1,0.5651072,0.5651072,0.5651072,1.0317405,0.0,0.09295215,0.0,0.0,0.027,0.0,0.0,0.0,0.0,-27.42591,2.2698746,0.7566249,0.136,0.0,0.15573429,0.0,0.0
hardzero_only__c0p58__z1p00__lam0p000__nu0p50__psi0p00,0.027,base,46,278,0.0,1,0.5651072,0.5651072,0.5651072,1.0216782,0.0,0.09513093,0.0,0.0,0.027,0.0,0.0,0.0,0.0,-27.005949,2.247737,0.74924564,0.136,0.0,0.1562251,0.0,0.0
hardzero_only__c0p58__z1p00__lam0p000__nu0p50__psi0p00,0.027,base,46,279,0.0,1,0.5651072,0.5651072,0.5651072,1.024444,0.0,0.09452702,0.0,0.0,0.027,0.0,0.0,0.0,0.0,-26.713379,2.2538218,0.751274,0.192,0.008,0.15231131,0.0,0.0
hardzero_only__c0p58__z1p00__lam0p000__nu0p50__psi0p00,0.027,base,46,280,0.0,1,0.5651072,0.5651072,0.5651072,1.0074902,0.0,0.09829011,0.0,0.0,0.027,0.0,0.0,0.0,0.0,-27.021997,2.2165227,0.73884094,0.192,0.0,0.14093931,0.0,0.0
hardzero_only__c0p58__z1p00__lam0p000__nu0p50__psi0p00,0.027,base,46,281,0.0,1,0.5651072,0.5651072,0.5651072,1.0149127,0.0,0.0966245,0.0,0.0,0.027,0.0,0.0,0.0,0.0,-27.13215,2.2328525,0.74428415,0.24800001,0.0,0.14048988,0.0,0.0
hardzero_only__c0p58__z1p00__lam0p000__nu0p50__psi0p00,0.027,base,46,282,0.0,1,0.5651072,0.5651072,0.5651072,1.0387148,0.0,0.09147138,0.0,0.0,0.027,0.0,0.0,0.0,0.0,-27.988226,2.285218,0.7617394,0.128,0.0,0.14716494,0.0,0.0
hardzero_only__c0p58__z1p00__lam0p000__nu0p50__psi0p00,0.027,base,46,283,0.0,1,0.5651072,0.5651072,0.5651072,1.0388483,0.0,0.091443256,0.0,0.0,0.027,0.0,0.0,0.0,0.0,-27.613562,2.285512,0.76183736,0.15200001,0.0,0.1542273,0.0,0.0
hardzero_only__c0p58__z1p00__lam0p000__nu0p50__psi0p00,0.027,base,46,284,0.0,1,0.5651072,0.5651072,0.5651072,1.0041599,0.0,0.0990467,0.0,0.0,0.027,0.0,0.0,0.0,0.0,-27.733429,2.2091959,0.73639864,0.216,0.0,0.14532955,0.0,0.0
hardzero_only__c0p58__z1p00__lam0p000__nu0p50__psi0p00,0.027,base,46,285,0.0,1,0.5651072,0.5651072,0.5651072,1.089778,0.0,0.08132462,0.0,0.0,0.027,0.0,0.0,0.0,0.0,-27.809422,2.3975594,0.79918647,0.120000005,0.0,0.16273443,0.0,0.0
hardzero_only__c0p58__z1p00__lam0p000__nu0p50__psi0p00,0.027,base,46,286,0.0,1,0.5651072,0.5651072,0.5651072,1.042419,0.0,0.090694524,0.0,0.0,0.027,0.0,0.0,0.0,0.0,-28.07213,2.2933676,0.7644559,0.16,0.0,0.17724484,0.0,0.0
hardzero_only__c0p58__z1p00__lam0p000__nu0p50__psi0p00,0.027,base,46,287,0.0,1,0.5651072,0.5651072,0.5651072,1.0271906,0.0,0.09393111,0.0,0.0,0.027,0.0,0.0,0.0,0.0,-26.852783,2.2598643,0.75328815,0.16800001,0.0,0.13397256,0.0,0.0
hardzero_only__c0p58__z1p00__lam0p000__nu0p50__psi0p00,0.027,base,46,288,0.0,1,0.5651072,0.5651072,0.5651072,1.0366281,0.0,0.09191193,0.0,0.0,0.027,0.0,0.0,0.0,0.0,-27.821898,2.2806275,0.7602092,0.128,0.0,0.1468057,0.0,0.0
hardzero_only__c0p58__z1p00__lam0p000__nu0p50__psi0p00,0.027,base,46,289,0.0,1,0.5651072,0.5651072,0.5651072,1.0557001,0.0,0.08796297,0.0,0.0,0.027,0.0,0.0,0.0,0.0,-27.609043,2.3225865,0.77419555,0.14400001,0.0,0.1387053,0.0,0.0
hardzero_only__c0p58__z1p00__lam0p000__nu0p50__psi0p00,0.027,base,46,290,0.0,1,0.5651072,0.5651072,0.5651072,1.0331755,0.0,0.09264554,0.0,0.0,0.027,0.0,0.0,0.0,0.0,-26.458014,2.2730315,0.7576772,0.16800001,0.0,0.14566693,0.0,0.0
hardzero_only__c0p58__z1p00__lam0p000__nu0p50__psi0p00,0.027,base,46,291,0.0,1,0.5651072,0.5651072,0.5651072,1.0282462,0.0,0.093703076,0.0,0.0,0.027,0.0,0.0,0.0,0.0,-27.1247,2.2621868,0.7540623,0.15200001,0.0,0.13645862,0.0,0.0
hardzero_only__c0p58__z1p00__lam0p000__nu0p50__psi0p00,0.027,base,46,292,0.0,1,0.5651072,0.5678264,0.5678264,0.996932,0.10070893,0.10070893,1.0,0.0027191413,0.027,0.0,0.0,0.0,0.0,-26.38754,2.1932943,0.7310981,0.15200001,0.0,0.12377345,0.0,0.0
hardzero_only__c0p58__z1p00__lam0p000__nu0p50__psi0p00,0.027,base,46,293,0.0,1,0.5678264,0.5678264,0.5678264,1.0088288,0.0,0.09798762,0.0,0.0,0.027,0.0,0.0,0.0,0.0,-27.437168,2.2194676,0.73982257,0.15200001,0.0,0.1403641,0.0,0.0
hardzero_only__c0p58__z1p00__lam0p000__nu0p50__psi0p00,0.027,base,46,294,0.0,1,0.5678264,0.5678264,0.5678264,1.0285543,0.0,0.09363661,0.0,0.0,0.027,0.0,0.0,0.0,0.0,-27.837824,2.2628646,0.7542882,0.16000001,0.0,0.18003179,0.0,0.0
hardzero_only__c0p58__z1p00__lam0p000__nu0p50__psi0p00,0.027,base,46,295,0.0,1,0.5678264,0.5678264,0.5678264,1.0319549,0.0,0.09290629,0.0,0.0,0.027,0.0,0.0,0.0,0.0,-27.474329,2.2703462,0.75678205,0.23200001,0.0,0.15474656,0.0,0.0
hardzero_only__c0p58__z1p00__lam0p000__nu0p50__psi0p00,0.027,base,46,296,0.0,1,0.5678264,0.5678264,0.5678264,1.0782315,0.0,0.083515786,0.0,0.0,0.027,0.0,0.0,0.0,0.0,-27.315207,2.3721566,0.7907189,0.15200001,0.0,0.14659283,0.0,0.0
hardzero_only__c0p58__z1p00__lam0p000__nu0p50__psi0p00,0.027,base,46,297,0.0,1,0.5678264,0.5678264,0.5678264,1.0355159,0.0,0.09214762,0.0,0.0,0.027,0.0,0.0,0.0,0.0,-27.723778,2.2781804,0.75939345,0.16800001,0.0,0.19175032,0.0,0.0
hardzero_only__c0p58__z1p00__lam0p000__nu0p50__psi0p00,0.027,base,46,298,0.0,1,0.5678264,0.5678264,0.5678264,1.020232,0.0,0.09544826,0.0,0.0,0.027,0.0,0.0,0.0,0.0,-26.796791,2.2445552,0.7481851,0.15200001,0.0,0.15141381,0.0,0.0
hardzero_only__c0p58__z1p00__lam0p000__nu0p50__psi0p00,0.027,base,46,299,0.0,1,0.5678264,0.5678264,0.5678264,1.0527805,0.0,0.08855629,0.0,0.0,0.027,0.0,0.0,0.0,0.0,-27.78142,2.3161633,0.77205443,0.16,0.0,0.15452063,0.0,0.0
hardzero_only__c0p58__z1p00__lam0p000__nu0p50__psi0p00,0.027,base,46,300,0.0,1,0.5678264,0.5705507,0.5705507,0.99611366,0.10089887,0.10089887,1.0,0.0027242696,0.027,0.0,0.0,0.0,0.0,-26.889114,2.1914937,0.73049796,0.15200001,0.0,0.18627939,0.0,0.0
hardzero_only__c0p58__z1p00__lam0p000__nu0p50__psi0p00,0.027,base,46,301,0.0,1,0.5705507,0.5705507,0.5705507,1.0005205,0.0,0.09988022,0.0,0.0,0.027,0.0,0.0,0.0,0.0,-27.093401,2.201189,0.7337297,0.192,0.0,0.1593923,0.0,0.0
hardzero_only__c0p58__z1p00__lam0p000__nu0p50__psi0p00,0.027,base,46,302,0.0,1,0.5705507,0.5705507,0.5705507,1.0655887,0.0,0.08598273,0.0,0.0,0.027,0.0,0.0,0.0,0.0,-27.39283,2.344342,0.78144735,0.136,0.0,0.15209849,0.0,0.0
hardzero_only__c0p58__z1p00__lam0p000__nu0p50__psi0p00,0.027,base,46,303,0.0,1,0.5705507,0.57335657,0.57335657,0.9832912,0.1039223,0.1039223,1.0,0.0028059022,0.027,0.0,0.0,0.0,0.0,-26.313425,2.1632838,0.7210946,0.208,0.0,0.1475343,0.0,0.0
hardzero_only__c0p58__z1p00__lam0p000__nu0p50__psi0p00,0.027,base,46,304,0.0,1,0.57335657,0.57335657,0.57335657,1.0043216,0.0,0.09900984,0.0,0.0,0.027,0.0,0.0,0.0,0.0,-27.27185,2.2095516,0.7365172,0.15200001,0.0,0.14845109,0.0,0.0
hardzero_only__c0p58__z1p00__lam0p000__nu0p50__psi0p00,0.027,base,46,305,0.0,1,0.57335657,0.57335657,0.57335657,1.0448743,0.0,0.0901832,0.0,0.0,0.027,0.0,0.0,0.0,0.0,-27.457226,2.2987695,0.7662565,0.192,0.0,0.16878772,0.0,0.0
hardzero_only__c0p58__z1p00__lam0p000__nu0p50__psi0p00,0.027,base,46,306,0.0,1,0.57335657,0.57335657,0.57335657,1.0586761,0.0,0.08736226,0.0,0.0,0.027,0.0,0.0,0.0,0.0,-27.506834,2.329134,0.77637804,0.128,0.0,0.14882648,0.0,0.0
hardzero_only__c0p58__z1p00__lam0p000__nu0p50__psi0p00,0.027,base,46,307,0.0,1,0.57335657,0.57335657,0.57335657,1.0646693,0.0,0.086164966,0.0,0.0,0.027,0.0,0.0,0.0,0.0,-27.6378,2.342319,0.78077304,0.128,0.0,0.16740136,0.0,0.0
hardzero_only__c0p58__z1p00__lam0p000__nu0p50__psi0p00,0.027,base,46,308,0.0,1,0.57335657,0.57335657,0.57335657,1.0587656,0.0,0.08734427,0.0,0.0,0.027,0.0,0.0,0.0,0.0,-27.476517,2.329331,0.77644366,0.136,0.0,0.1577508,0.0,0.0
hardzero_only__c0p58__z1p00__lam0p000__nu0p50__psi0p00,0.027,base,46,309,0.0,1,0.57335657,0.57335657,0.57335657,1.1210438,0.0,0.07567565,0.0,0.0,0.027,0.0,0.0,0.0,0.0,-29.17631,2.4663455,0.8221152,0.136,0.0,0.17318515,0.0,0.0
hardzero_only__c0p58__z1p00__lam0p000__nu0p50__psi0p00,0.027,base,46,310,0.0,1,0.57335657,0.57335657,0.57335657,1.0221121,0.0,0.09503594,0.0,0.0,0.027,0.0,0.0,0.0,0.0,-27.13178,2.2486916,0.7495639,0.128,0.0,0.17524076,0.0,0.0
hardzero_only__c0p58__z1p00__lam0p000__nu0p50__psi0p00,0.027,base,46,311,0.0,1,0.57335657,0.57335657,0.57335657,1.0581473,0.0,0.08746869,0.0,0.0,0.027,0.0,0.0,0.0,0.0,-27.291939,2.3279705,0.7759902,0.14400001,0.0,0.1526907,0.0,0.0
hardzero_only__c0p58__z1p00__lam0p000__nu0p50__psi0p00,0.027,base,46,312,0.0,1,0.57335657,0.57622355,0.57622355,0.97393966,0.106184304,0.106184304,1.0,0.0028669762,0.027,0.0,0.0,0.0,0.0,-27.048359,2.14271,0.7142367,0.21,0.0,0.16358098,0.0,0.0
hardzero_only__c0p58__z1p00__lam0p000__nu0p50__psi0p00,0.027,base,46,313,0.0,1,0.57622355,0.57622355,0.57622355,1.0646648,0.0,0.086165845,0.0,0.0,0.027,0.0,0.0,0.0,0.0,-27.759975,2.3423095,0.7807698,0.128,0.0,0.1835728,0.0,0.0
hardzero_only__c0p58__z1p00__lam0p000__nu0p50__psi0p00,0.027,base,46,314,0.0,1,0.57622355,0.57622355,0.57622355,1.0182176,0.0,0.095892,0.0,0.0,0.027,0.0,0.0,0.0,0.0,-26.88754,2.2401233,0.7467078,0.192,0.008,0.17205572,0.0,0.0
hardzero_only__c0p58__z1p00__lam0p000__nu0p50__psi0p00,0.027,base,46,315,0.0,1,0.57622355,0.57622355,0.57622355,1.0615596,0.0,0.086784154,0.0,0.0,0.027,0.0,0.0,0.0,0.0,-27.595684,2.3354776,0.77849257,0.136,0.0,0.14850068,0.0,0.0
hardzero_only__c0p58__z1p00__lam0p000__nu0p50__psi0p00,0.027,base,46,316,0.0,1,0.57622355,0.57622355,0.57622355,1.0748575,0.0,0.08416713,0.0,0.0,0.027,0.0,0.0,0.0,0.0,-28.46134,2.3647337,0.7882446,0.128,0.0,0.2020619,0.0,0.0
hardzero_only__c0p58__z1p00__lam0p000__nu0p50__psi0p00,0.027,base,46,317,0.0,1,0.57622355,0.57622355,0.57622355,1.0492976,0.0,0.08926937,0.0,0.0,0.027,0.0,0.0,0.0,0.0,-26.596373,2.3085008,0.76950026,0.14400001,0.0,0.13297093,0.0,0.0
hardzero_only__c0p58__z1p00__lam0p000__nu0p50__psi0p00,0.027,base,46,318,0.0,1,0.57622355,0.57622355,0.57622355,1.0743577,0.0,0.08426403,0.0,0.0,0.027,0.0,0.0,0.0,0.0,-28.185562,2.3636343,0.78787816,0.128,0.0,0.1397421,0.0,0.0
hardzero_only__c0p58__z1p00__lam0p000__nu0p50__psi0p00,0.027,base,46,319,0.0,1,0.57622355,0.5789687,0.5789687,0.9927972,0.10167234,0.10167234,1.0,0.0027451531,0.027,0.0,0.0,0.0,0.0,-26.880537,2.1841974,0.72806585,0.15200001,0.0,0.14274429,0.0,0.0
hardzero_only__c0p58__z1p00__lam0p000__nu0p50__psi0p00,0.027,base,46,320,0.0,1,0.5789687,0.58168936,0.58168936,0.9966907,0.10076489,0.10076489,1.0,0.0027206521,0.027,0.0,0.0,0.0,0.0,-27.244564,2.1927633,0.73092115,0.14400001,0.008,0.13601173,0.0,0.0
hardzero_only__c0p58__z1p00__lam0p000__nu0p50__psi0p00,0.027,base,46,321,1.0,2,0.58168936,0.0016893744,0.0016893744,1.0426501,0.0,0.09064625,0.0,0.0,0.027,0.0,0.0,0.0,0.0,-27.298801,2.293876,0.7646253,0.16800001,0.0,0.15086171,0.0,0.0
hardzero_only__c0p58__z1p00__lam0p000__nu0p50__psi0p00,0.027,base,46,322,0.0,2,0.0016893744,0.0016893744,0.0016893744,1.0480355,0.0,0.08952917,0.0,0.0,0.027,0.0,0.0,0.0,0.0,-28.216774,2.3057241,0.7685747,0.080000006,0.0,0.1563209,0.0,0.0
hardzero_only__c0p58__z1p00__lam0p000__nu0p50__psi0p00,0.027,base,46,323,0.0,2,0.0016893744,0.0016893744,0.0016893744,1.054522,0.0,0.0882019,0.0,0.0,0.027,0.0,0.0,0.0,0.0,-28.886232,2.3199947,0.7733316,0.14400001,0.0,0.15736724,0.0,0.0
hardzero_only__c0p58__z1p00__lam0p000__nu0p50__psi0p00,0.027,base,46,324,0.0,2,0.0016893744,0.004743144,0.004743144,0.9465275,0.11310258,0.11310258,1.0,0.0030537697,0.027,0.0,0.0,0.0,0.0,-26.33297,2.082402,0.694134,0.296,0.008,0.14810029,0.0,0.0
hardzero_only__c0p58__z1p00__lam0p000__nu0p50__psi0p00,0.027,base,46,325,0.0,2,0.004743144,0.004743144,0.004743144,1.009322,0.0,0.097876385,0.0,0.0,0.027,0.0,0.0,0.0,0.0,-27.249722,2.220553,0.7401843,0.26,0.0,0.17689063,0.0,0.0
hardzero_only__c0p58__z1p00__lam0p000__nu0p50__psi0p00,0.027,base,46,326,0.0,2,0.004743144,0.004743144,0.004743144,1.0340499,0.0,0.092459194,0.0,0.0,0.027,0.0,0.0,0.0,0.0,-27.605381,2.274955,0.75831836,0.14400001,0.0,0.15727298,0.0,0.0
hardzero_only__c0p58__z1p00__lam0p000__nu0p50__psi0p00,0.027,base,46,327,0.0,2,0.004743144,0.004743144,0.004743144,1.0195299,0.0,0.095602676,0.0,0.0,0.027,0.0,0.0,0.0,0.0,-27.538174,2.2430108,0.7476703,0.18400002,0.0,0.15829279,0.0,0.0
hardzero_only__c0p58__z1p00__lam0p000__nu0p50__psi0p00,0.027,base,46,328,0.0,2,0.004743144,0.0075933514,0.0075933514,0.9764872,0.105563246,0.105563246,1.0,0.0028502077,0.027,0.0,0.0,0.0,0.0,-26.206867,2.1483147,0.7161049,0.17600001,0.0,0.13924935,0.0,0.0
hardzero_only__c0p58__z1p00__lam0p000__nu0p50__psi0p00,0.027,base,46,329,0.0,2,0.0075933514,0.010495704,0.010495704,0.9686137,0.10749452,0.10749452,1.0,0.002902352,0.027,0.0,0.0,0.0,0.0,-26.83827,2.1309927,0.7103309,0.136,0.0,0.14171827,0.0,0.0
hardzero_only__c0p58__z1p00__lam0p000__nu0p50__psi0p00,0.027,base,46,330,0.0,2,0.010495704,0.010495704,0.010495704,1.0048121,0.0,0.09889808,0.0,0.0,0.027,0.0,0.0,0.0,0.0,-27.045322,2.210631,0.73687696,0.18400002,0.0,0.1508057,0.0,0.0
hardzero_only__c0p58__z1p00__lam0p000__nu0p50__psi0p00,0.027,base,46,331,0.0,2,0.010495704,0.010495704,0.010495704,1.0860982,0.0,0.0820166,0.0,0.0,0.027,0.0,0.0,0.0,0.0,-28.036404,2.3894637,0.7964879,0.128,0.0,0.1923057,0.0,0.0
hardzero_only__c0p58__z1p00__lam0p000__nu0p50__psi0p00,0.027,base,46,332,0.0,2,0.010495704,0.010495704,0.010495704,1.0053642,0.0,0.098772444,0.0,0.0,0.027,0.0,0.0,0.0,0.0,-26.581535,2.2118454,0.7372818,0.14400001,0.0,0.1454945,0.0,0.0
hardzero_only__c0p58__z1p00__lam0p000__nu0p50__psi0p00,0.027,base,46,333,0.0,2,0.010495704,0.010495704,0.010495704,1.0102949,0.0,0.09765737,0.0,0.0,0.027,0.0,0.0,0.0,0.0,-26.889296,2.2226932,0.7408978,0.120000005,0.0,0.1498245,0.0,0.0
hardzero_only__c0p58__z1p00__lam0p000__nu0p50__psi0p00,0.027,base,46,334,0.0,2,0.010495704,0.013283702,0.013283702,0.9860712,0.10325918,0.10325918,1.0,0.002787998,0.027,0.0,0.0,0.0,0.0,-26.239895,2.1694,0.7231333,0.192,0.0,0.1402635,0.0,0.0
hardzero_only__c0p58__z1p00__lam0p000__nu0p50__psi0p00,0.027,base,46,335,0.0,2,0.013283702,0.01607821,0.01607821,0.98505837,0.10350029,0.10350029,1.0,0.002794508,0.027,0.0,0.0,0.0,0.0,-26.751856,2.1671717,0.7223906,0.136,0.0,0.1296578,0.0,0.0
hardzero_only__c0p58__z1p00__lam0p000__nu0p50__psi0p00,0.027,base,46,336,0.0,2,0.01607821,0.018958526,0.018958526,0.9719234,0.106678404,0.106678404,1.0,0.002880317,0.027,0.0,0.0,0.0,0.0,-26.280752,2.1382742,0.71275806,0.128,0.0,0.13107347,0.0,0.0
hardzero_only__c0p58__z1p00__lam0p000__nu0p50__psi0p00,0.027,base,46,337,0.0,2,0.018958526,0.018958526,0.018958526,1.009547,0.0,0.09782571,0.0,0.0,0.027,0.0,0.0,0.0,0.0,-27.589867,2.2210476,0.74034923,0.128,0.0,0.14149994,0.0,0.0
hardzero_only__c0p58__z1p00__lam0p000__nu0p50__psi0p00,0.027,base,46,338,0.0,2,0.018958526,0.018958526,0.018958526,1.0266486,0.0,0.09404837,0.0,0.0,0.027,0.0,0.0,0.0,0.0,-26.926926,2.2586722,0.75289077,0.22999999,0.0,0.14290392,0.0,0.0
hardzero_only__c0p58__z1p00__lam0p000__nu0p50__psi0p00,0.027,base,46,339,0.0,2,0.018958526,0.021737766,0.021737766,0.98743767,0.10293483,0.10293483,1.0,0.0027792405,0.027,0.0,0.0,0.0,0.0,-27.303497,2.1724062,0.7241354,0.16800001,0.0,0.16895066,0.0,0.0
hardzero_only__c0p58__z1p00__lam0p000__nu0p50__psi0p00,0.027,base,46,340,0.0,2,0.021737766,0.024456162,0.024456162,0.99705106,0.10068133,0.10068133,1.0,0.002718396,0.027,0.0,0.0,0.0,0.0,-26.862762,2.193556,0.7311854,0.192,0.0,0.14678681,0.0,0.0
hardzero_only__c0p58__z1p00__lam0p000__nu0p50__psi0p00,0.027,base,46,341,0.0,2,0.024456162,0.024456162,0.024456162,1.0300171,0.0,0.09332174,0.0,0.0,0.027,0.0,0.0,0.0,0.0,-28.218431,2.266083,0.755361,0.208,0.0,0.1584333,0.0,0.0
hardzero_only__c0p58__z1p00__lam0p000__nu0p50__psi0p00,0.027,base,46,342,0.0,2,0.024456162,0.024456162,0.024456162,1.0090091,0.0,0.097946934,0.0,0.0,0.027,0.0,0.0,0.0,0.0,-26.626274,2.2198644,0.7399548,0.15200001,0.0,0.13712803,0.0,0.0
hardzero_only__c0p58__z1p00__lam0p000__nu0p50__psi0p00,0.027,base,46,343,0.0,2,0.024456162,0.027271755,0.027271755,0.98179376,0.10428125,0.10428125,1.0,0.0028155937,0.027,0.0,0.0,0.0,0.0,-26.738045,2.1599894,0.71999645,0.2,0.0,0.14745598,0.0,0.0
hardzero_only__c0p58__z1p00__lam0p000__nu0p50__psi0p00,0.027,base,46,344,0.0,2,0.027271755,0.027271755,0.027271755,1.0304472,0.0,0.09322936,0.0,0.0,0.027,0.0,0.0,0.0,0.0,-27.752987,2.2670293,0.75567645,0.16000001,0.0,0.14402318,0.0,0.0
hardzero_only__c0p58__z1p00__lam0p000__nu0p50__psi0p00,0.027,base,46,345,0.0,2,0.027271755,0.027271755,0.027271755,1.0217906,0.0,0.09510632,0.0,0.0,0.027,0.0,0.0,0.0,0.0,-28.238209,2.2479842,0.7493281,0.136,0.0,0.15630333,0.0,0.0
hardzero_only__c0p58__z1p00__lam0p000__nu0p50__psi0p00,0.027,base,46,346,0.0,2,0.027271755,0.027271755,0.027271755,1.0238642,0.0,0.09465331,0.0,0.0,0.027,0.0,0.0,0.0,0.0,-26.698748,2.252546,0.7508487,0.16000001,0.0,0.16271685,0.0,0.0
hardzero_only__c0p58__z1p00__lam0p000__nu0p50__psi0p00,0.027,base,46,347,0.0,2,0.027271755,0.027271755,0.027271755,1.0437126,0.0,0.09042477,0.0,0.0,0.027,0.0,0.0,0.0,0.0,-26.9815,2.2962136,0.7654046,0.16000001,0.0,0.14358214,0.0,0.0
hardzero_only__c0p58__z1p00__lam0p000__nu0p50__psi0p00,0.027,base,46,348,0.0,2,0.027271755,0.027271755,0.027271755,1.0412985,0.0,0.090928815,0.0,0.0,0.027,0.0,0.0,0.0,0.0,-27.848433,2.2909024,0.76363415,0.16000001,0.0,0.15034604,0.0,0.0
hardzero_only__c0p58__z1p00__lam0p000__nu0p50__psi0p00,0.027,base,46,349,0.0,2,0.027271755,0.03032748,0.03032748,0.94624937,0.113175035,0.113175035,1.0,0.003055726,0.027,0.0,0.0,0.0,0.0,-26.090641,2.0817902,0.6939301,0.256,0.0,0.16289836,0.0,0.0
hardzero_only__c0p58__z1p00__lam0p000__nu0p50__psi0p00,0.027,base,46,350,0.0,2,0.03032748,0.03032748,0.03032748,1.011114,0.0,0.09747337,0.0,0.0,0.027,0.0,0.0,0.0,0.0,-27.329569,2.2244952,0.7414984,0.17600001,0.0,0.15438017,0.0,0.0
hardzero_only__c0p58__z1p00__lam0p000__nu0p50__psi0p00,0.027,base,46,351,0.0,2,0.03032748,0.03032748,0.03032748,1.0210482,0.0,0.09526904,0.0,0.0,0.027,0.0,0.0,0.0,0.0,-26.929453,2.2463508,0.7487836,0.14999999,0.0,0.12991616,0.0,0.0
hardzero_only__c0p58__z1p00__lam0p000__nu0p50__psi0p00,0.027,base,46,352,0.0,2,0.03032748,0.03032748,0.03032748,1.042513,0.0,0.09067487,0.0,0.0,0.027,0.0,0.0,0.0,0.0,-27.218185,2.2935743,0.7645248,0.112,0.0,0.1503281,0.0,0.0
hardzero_only__c0p58__z1p00__lam0p000__nu0p50__psi0p00,0.027,base,46,353,0.0,2,0.03032748,0.03032748,0.03032748,1.0318862,0.0,0.092920974,0.0,0.0,0.027,0.0,0.0,0.0,0.0,-27.522978,2.270195,0.7567317,0.18400002,0.0,0.17502615,0.0,0.0
hardzero_only__c0p58__z1p00__lam0p000__nu0p50__psi0p00,0.027,base,46,354,0.0,2,0.03032748,0.03332766,0.03332766,0.9542164,0.11111778,0.11111778,1.0,0.0030001802,0.027,0.0,0.0,0.0,0.0,-25.912344,2.099318,0.6997727,0.16000001,0.0,0.122858904,0.0,0.0
hardzero_only__c0p58__z1p00__lam0p000__nu0p50__psi0p00,0.027,base,46,355,0.0,2,0.03332766,0.036078475,0.036078475,0.9919025,0.10188202,0.10188202,1.0,0.0027508147,0.027,0.0,0.0,0.0,0.0,-27.008293,2.182229,0.7274097,0.112,0.0,0.13369171,0.0,0.0
hardzero_only__c0p58__z1p00__lam0p000__nu0p50__psi0p00,0.027,base,46,356,0.0,2,0.036078475,0.036078475,0.036078475,1.022346,0.0,0.09498477,0.0,0.0,0.027,0.0,0.0,0.0,0.0,-26.906412,2.249206,0.74973536,0.120000005,0.0,0.14157024,0.0,0.0
hardzero_only__c0p58__z1p00__lam0p000__nu0p50__psi0p00,0.027,base,46,357,0.0,2,0.036078475,0.038893767,0.038893767,0.98184013,0.10427011,0.10427011,1.0,0.002815293,0.027,0.0,0.0,0.0,0.0,-26.255306,2.1600914,0.7200305,0.2,0.0,0.15515855,0.0,0.0
hardzero_only__c0p58__z1p00__lam0p000__nu0p50__psi0p00,0.027,base,46,358,0.0,2,0.038893767,0.038893767,0.038893767,1.0141851,0.0,0.09678652,0.0,0.0,0.027,0.0,0.0,0.0,0.0,-26.743704,2.2312517,0.7437506,0.192,0.0,0.15622254,0.0,0.0
hardzero_only__c0p58__z1p00__lam0p000__nu0p50__psi0p00,0.027,base,46,359,0.0,2,0.038893767,0.038893767,0.038893767,1.0454605,0.0,0.09006159,0.0,0.0,0.027,0.0,0.0,0.0,0.0,-28.18449,2.3000588,0.7666863,0.14400001,0.008,0.15343727,0.0,0.0
hardzero_only__c0p58__z1p00__lam0p000__nu0p50__psi0p00,0.027,base,46,360,0.0,2,0.038893767,0.038893767,0.038893767,1.0685843,0.0,0.0853917,0.0,0.0,0.027,0.0,0.0,0.0,0.0,-28.170427,2.3509324,0.78364414,0.16000001,0.0,0.16095254,0.0,0.0
hardzero_only__c0p58__z1p00__lam0p000__nu0p50__psi0p00,0.027,base,46,361,0.0,2,0.038893767,0.041601352,0.041601352,0.99878126,0.100281015,0.100281015,1.0,0.0027075876,0.027,0.0,0.0,0.0,0.0,-26.791874,2.1973627,0.73245424,0.16000001,0.0,0.14894874,0.0,0.0
hardzero_only__c0p58__z1p00__lam0p000__nu0p50__psi0p00,0.027,base,46,362,0.0,2,0.041601352,0.044627696,0.044627696,0.9504455,0.11208682,0.11208682,1.0,0.003026344,0.027,0.0,0.0,0.0,0.0,-26.360916,2.0910218,0.6970073,0.18400002,0.0,0.14639094,0.0,0.0
hardzero_only__c0p58__z1p00__lam0p000__nu0p50__psi0p00,0.027,base,46,363,0.0,2,0.044627696,0.044627696,0.044627696,1.0190412,0.0,0.09571032,0.0,0.0,0.027,0.0,0.0,0.0,0.0,-27.594084,2.2419355,0.74731183,0.192,0.008,0.14958397,0.0,0.0
hardzero_only__c0p58__z1p00__lam0p000__nu0p50__psi0p00,0.027,base,46,364,0.0,2,0.044627696,0.047403205,0.047403205,0.9880212,0.10279661,0.10279661,1.0,0.0027755084,0.027,0.0,0.0,0.0,0.0,-27.09955,2.17369,0.72456336,0.26,0.0,0.17233275,0.0,0.0
hardzero_only__c0p58__z1p00__lam0p000__nu0p50__psi0p00,0.027,base,46,365,0.0,2,0.047403205,0.047403205,0.047403205,1.0057142,0.0,0.09869288,0.0,0.0,0.027,0.0,0.0,0.0,0.0,-27.452742,2.2126155,0.7375385,0.192,0.0,0.14318155,0.0,0.0
hardzero_only__c0p58__z1p00__lam0p000__nu0p50__psi0p00,0.027,base,46,366,0.0,2,0.047403205,0.050276753,0.050276753,0.9729457,0.10642762,0.10642762,1.0,0.0028735457,0.027,0.0,0.0,0.0,0.0,-26.185331,2.1405232,0.7135078,0.15200001,0.0,0.1242356,0.0,0.0
hardzero_only__c0p58__z1p00__lam0p000__nu0p50__psi0p00,0.027,base,46,367,0.0,2,0.050276753,0.050276753,0.050276753,1.0512211,0.0,0.088874854,0.0,0.0,0.027,0.0,0.0,0.0,0.0,-27.520916,2.3127327,0.7709109,0.14400001,0.0,0.1527534,0.0,0.0
hardzero_only__c0p58__z1p00__lam0p000__nu0p50__psi0p00,0.027,base,46,368,0.0,2,0.050276753,0.053227242,0.053227242,0.9614697,0.10927739,0.10927739,1.0,0.0029504895,0.027,0.0,0.0,0.0,0.0,-26.513483,2.1152756,0.7050919,0.192,0.0,0.14994225,0.0,0.0
hardzero_only__c0p58__z1p00__lam0p000__nu0p50__psi0p00,0.027,base,46,369,0.0,2,0.053227242,0.053227242,0.053227242,1.0439545,0.0,0.09037442,0.0,0.0,0.027,0.0,0.0,0.0,0.0,-28.972527,2.2967458,0.76558197,0.16000001,0.0,0.16422416,0.0,0.0
hardzero_only__c0p58__z1p00__lam0p000__nu0p50__psi0p00,0.027,base,46,370,0.0,2,0.053227242,0.053227242,0.053227242,1.0076056,0.0,0.09826401,0.0,0.0,0.027,0.0,0.0,0.0,0.0,-27.172985,2.2167764,0.73892546,0.192,0.0,0.16151784,0.0,0.0
hardzero_only__c0p58__z1p00__lam0p000__nu0p50__psi0p00,0.027,base,46,371,0.0,2,0.053227242,0.056095377,0.056095377,0.9737643,0.1062272,0.1062272,1.0,0.0028681343,0.027,0.0,0.0,0.0,0.0,-26.072569,2.1423242,0.7141081,0.14400001,0.0,0.12978092,0.0,0.0
hardzero_only__c0p58__z1p00__lam0p000__nu0p50__psi0p00,0.027,base,46,372,0.0,2,0.056095377,0.056095377,0.056095377,1.029241,0.0,0.09348867,0.0,0.0,0.027,0.0,0.0,0.0,0.0,-27.30359,2.2643752,0.75479174,0.136,0.0,0.16342326,0.0,0.0
hardzero_only__c0p58__z1p00__lam0p000__nu0p50__psi0p00,0.027,base,46,373,0.0,2,0.056095377,0.058807794,0.058807794,0.99800706,0.10045994,0.10045994,1.0,0.0027124186,0.027,0.0,0.0,0.0,0.0,-26.871737,2.1956594,0.7318865,0.14400001,0.0,0.16995792,0.0,0.0
hardzero_only__c0p58__z1p00__lam0p000__nu0p50__psi0p00,0.027,base,46,374,0.0,2,0.058807794,0.058807794,0.058807794,1.0415313,0.0,0.09088007,0.0,0.0,0.027,0.0,0.0,0.0,0.0,-27.608625,2.2914147,0.7638049,0.16800001,0.0,0.1587981,0.0,0.0
hardzero_only__c0p58__z1p00__lam0p000__nu0p50__psi0p00,0.027,base,46,375,0.0,2,0.058807794,0.058807794,0.058807794,1.0259207,0.0,0.09420615,0.0,0.0,0.027,0.0,0.0,0.0,0.0,-26.819178,2.2570708,0.75235695,0.15200001,0.0,0.15302128,0.0,0.0
hardzero_only__c0p58__z1p00__lam0p000__nu0p50__psi0p00,0.027,base,46,376,0.0,2,0.058807794,0.058807794,0.058807794,1.0099313,0.0,0.097739175,0.0,0.0,0.027,0.0,0.0,0.0,0.0,-26.59317,2.2218933,0.7406311,0.17600001,0.0,0.13870488,0.0,0.0
hardzero_only__c0p58__z1p00__lam0p000__nu0p50__psi0p00,0.027,base,46,377,0.0,2,0.058807794,0.058807794,0.058807794,1.0193951,0.0,0.09563237,0.0,0.0,0.027,0.0,0.0,0.0,0.0,-27.031914,2.242714,0.74757135,0.12,0.0,0.15882783,0.0,0.0
hardzero_only__c0p58__z1p00__lam0p000__nu0p50__psi0p00,0.027,base,46,378,0.0,2,0.058807794,0.058807794,0.058807794,1.0356787,0.0,0.09211307,0.0,0.0,0.027,0.0,0.0,0.0,0.0,-27.320148,2.2785387,0.7595129,0.112,0.0,0.143531,0.0,0.0
hardzero_only__c0p58__z1p00__lam0p000__nu0p50__psi0p00,0.027,base,46,379,0.0,2,0.058807794,0.058807794,0.058807794,1.019438,0.0,0.09562292,0.0,0.0,0.027,0.0,0.0,0.0,0.0,-26.965565,2.2428083,0.7476028,0.17600001,0.0,0.15264621,0.0,0.0
hardzero_only__c0p58__z1p00__lam0p000__nu0p50__psi0p00,0.027,base,46,380,0.0,2,0.058807794,0.058807794,0.058807794,1.0310512,0.0,0.09309982,0.0,0.0,0.027,0.0,0.0,0.0,0.0,-26.130625,2.2683578,0.75611925,0.112,0.0,0.1341643,0.0,0.0
hardzero_only__c0p58__z1p00__lam0p000__nu0p50__psi0p00,0.027,base,46,381,0.0,2,0.058807794,0.058807794,0.058807794,1.0247031,0.0,0.09447063,0.0,0.0,0.027,0.0,0.0,0.0,0.0,-27.07541,2.254392,0.751464,0.16000001,0.0,0.13998531,0.0,0.0
hardzero_only__c0p58__z1p00__lam0p000__nu0p50__psi0p00,0.027,base,46,382,0.0,2,0.058807794,0.058807794,0.058807794,1.0944524,0.0,0.080453984,0.0,0.0,0.027,0.0,0.0,0.0,0.0,-28.624392,2.4078434,0.80261445,0.16000001,0.0,0.1478199,0.0,0.0
hardzero_only__c0p58__z1p00__lam0p000__nu0p50__psi0p00,0.027,base,46,383,0.0,2,0.058807794,0.06154699,0.06154699,0.99374086,0.10145166,0.10145166,1.0,0.0027391948,0.027,0.0,0.0,0.0,0.0,-26.92208,2.1862736,0.72875786,0.136,0.0,0.11697799,0.0,0.0
hardzero_only__c0p58__z1p00__lam0p000__nu0p50__psi0p00,0.027,base,46,384,0.0,2,0.06154699,0.06154699,0.06154699,1.0040612,0.0,0.09906923,0.0,0.0,0.027,0.0,0.0,0.0,0.0,-27.153822,2.208979,0.73632634,0.17600001,0.0,0.16338608,0.0,0.0
hardzero_only__c0p58__z1p00__lam0p000__nu0p50__psi0p00,0.027,base,46,385,0.0,2,0.06154699,0.06154699,0.06154699,1.0260465,0.0,0.094178855,0.0,0.0,0.027,0.0,0.0,0.0,0.0,-27.228838,2.2573473,0.75244915,0.136,0.0,0.14528748,0.0,0.0
hardzero_only__c0p58__z1p00__lam0p000__nu0p50__psi0p00,0.027,base,46,386,0.0,2,0.06154699,0.06154699,0.06154699,1.0138187,0.0,0.096868195,0.0,0.0,0.027,0.0,0.0,0.0,0.0,-27.141571,2.2304459,0.743482,0.17600001,0.008,0.14783186,0.0,0.0
hardzero_only__c0p58__z1p00__lam0p000__nu0p50__psi0p00,0.027,base,46,387,0.0,2,0.06154699,0.06154699,0.06154699,1.0458561,0.0,0.08997956,0.0,0.0,0.027,0.0,0.0,0.0,0.0,-27.099146,2.3009293,0.7669765,0.112,0.0,0.15899003,0.0,0.0
hardzero_only__c0p58__z1p00__lam0p000__nu0p50__psi0p00,0.027,base,46,388,0.0,2,0.06154699,0.064339854,0.064339854,0.98531437,0.103439316,0.103439316,1.0,0.0027928615,0.027,0.0,0.0,0.0,0.0,-26.68732,2.1677349,0.7225783,0.15200001,0.0,0.113630556,0.0,0.0
hardzero_only__c0p58__z1p00__lam0p000__nu0p50__psi0p00,0.027,base,46,389,0.0,2,0.064339854,0.06713522,0.06713522,0.9849247,0.10353218,0.10353218,1.0,0.002795369,0.027,0.0,0.0,0.0,0.0,-26.896534,2.1668775,0.72229254,0.15200001,0.0,0.15440191,0.0,0.0
hardzero_only__c0p58__z1p00__lam0p000__nu0p50__psi0p00,0.027,base,46,390,0.0,2,0.06713522,0.06984929,0.06984929,0.9977436,0.10052091,0.10052091,1.0,0.0027140647,0.027,0.0,0.0,0.0,0.0,-26.015121,2.1950798,0.73169327,0.19999999,0.0,0.11679638,0.0,0.0
hardzero_only__c0p58__z1p00__lam0p000__nu0p50__psi0p00,0.027,base,46,391,0.0,2,0.06984929,0.06984929,0.06984929,1.0203274,0.0,0.09542729,0.0,0.0,0.027,0.0,0.0,0.0,0.0,-28.033443,2.2447653,0.74825513,0.16800001,0.008,0.15605295,0.0,0.0
hardzero_only__c0p58__z1p00__lam0p000__nu0p50__psi0p00,0.027,base,46,392,0.0,2,0.06984929,0.06984929,0.06984929,1.0433276,0.0,0.09050498,0.0,0.0,0.027,0.0,0.0,0.0,0.0,-27.311813,2.2953665,0.7651222,0.16000001,0.0,0.15797514,0.0,0.0
hardzero_only__c0p58__z1p00__lam0p000__nu0p50__psi0p00,0.027,base,46,393,0.0,2,0.06984929,0.06984929,0.06984929,1.0099586,0.0,0.09773303,0.0,0.0,0.027,0.0,0.0,0.0,0.0,-27.108562,2.2219534,0.74065113,0.16800001,0.0,0.13411112,0.0,0.0
hardzero_only__c0p58__z1p00__lam0p000__nu0p50__psi0p00,0.027,base,46,394,0.0,2,0.06984929,0.07286227,0.07286227,0.9523681,0.11159171,0.11159171,1.0,0.0030129764,0.027,0.0,0.0,0.0,0.0,-26.052984,2.0952516,0.6984172,0.192,0.0,0.14484844,0.0,0.0
hardzero_only__c0p58__z1p00__lam0p000__nu0p50__psi0p00,0.027,base,46,395,0.0,2,0.07286227,0.07286227,0.07286227,1.004928,0.0,0.0988717,0.0,0.0,0.027,0.0,0.0,0.0,0.0,-26.401375,2.2108858,0.73696196,0.208,0.0,0.12741002,0.0,0.0
hardzero_only__c0p58__z1p00__lam0p000__nu0p50__psi0p00,0.027,base,46,396,0.0,2,0.07286227,0.07286227,0.07286227,1.0060285,0.0,0.098621465,0.0,0.0,0.027,0.0,0.0,0.0,0.0,-26.073616,2.213307,0.737769,0.16800001,0.0,0.13110156,0.0,0.0
hardzero_only__c0p58__z1p00__lam0p000__nu0p50__psi0p00,0.027,base,46,397,0.0,2,0.07286227,0.07286227,0.07286227,1.0891384,0.0,0.08144446,0.0,0.0,0.027,0.0,0.0,0.0,0.0,-28.474533,2.3961523,0.79871744,0.128,0.0,0.18700616,0.0,0.0
hardzero_only__c0p58__z1p00__lam0p000__nu0p50__psi0p00,0.027,base,46,398,0.0,2,0.07286227,0.07575607,0.07575607,0.96989405,0.107178055,0.107178055,1.0,0.0028938076,0.027,0.0,0.0,0.0,0.0,-26.392965,2.1338096,0.71126986,0.18400002,0.0,0.15602116,0.0,0.0
hardzero_only__c0p58__z1p00__lam0p000__nu0p50__psi0p00,0.027,base,46,399,0.0,2,0.07575607,0.07846671,0.07846671,0.99829173,0.100394115,0.100394115,1.0,0.0027106411,0.027,0.0,0.0,0.0,0.0,-26.498451,2.1962857,0.73209524,0.15200001,0.0,0.1556665,0.0,0.0
hardzero_only__c0p58__z1p00__lam0p000__nu0p50__psi0p00,0.027,base,46,400,0.0,2,0.07846671,0.081203826,0.081203826,0.9940709,0.1013746,0.1013746,1.0,0.0027371142,0.027,0.0,0.0,0.0,0.0,-26.995474,2.1869996,0.72899985,0.14400001,0.0,0.12523103,0.0,0.0
hardzero_only__c0p58__z1p00__lam0p000__nu0p50__psi0p00,0.027,base,46,401,0.0,2,0.081203826,0.081203826,0.081203826,1.0262538,0.0,0.09413391,0.0,0.0,0.027,0.0,0.0,0.0,0.0,-27.998188,2.2578034,0.75260115,0.104,0.0,0.14930429,0.0,0.0
hardzero_only__c0p58__z1p00__lam0p000__nu0p50__psi0p00,0.027,base,46,402,0.0,2,0.081203826,0.081203826,0.081203826,1.0395547,0.0,0.091294646,0.0,0.0,0.027,0.0,0.0,0.0,0.0,-28.129797,2.287066,0.7623553,0.192,0.0,0.1805678,0.0,0.0
hardzero_only__c0p58__z1p00__lam0p000__nu0p50__psi0p00,0.027,base,46,403,0.0,2,0.081203826,0.08412117,0.08412117,0.96637684,0.1080496,0.1080496,1.0,0.0029173393,0.027,0.0,0.0,0.0,0.0,-26.490252,2.1260715,0.7086905,0.19999999,0.0,0.15197696,0.0,0.0
hardzero_only__c0p58__z1p00__lam0p000__nu0p50__psi0p00,0.027,base,46,404,0.0,2,0.08412117,0.08412117,0.08412117,1.008783,0.0,0.09799794,0.0,0.0,0.027,0.0,0.0,0.0,0.0,-27.380434,2.2193668,0.73978895,0.136,0.0,0.15223388,0.0,0.0
hardzero_only__c0p58__z1p00__lam0p000__nu0p50__psi0p00,0.027,base,46,405,0.0,2,0.08412117,0.08714511,0.08714511,0.95078975,0.11199799,0.11199799,1.0,0.003023946,0.027,0.0,0.0,0.0,0.0,-26.31988,2.0917792,0.6972598,0.15200001,0.0,0.11689022,0.0,0.0
hardzero_only__c0p58__z1p00__lam0p000__nu0p50__psi0p00,0.027,base,46,406,0.0,2,0.08714511,0.08714511,0.08714511,1.0464345,0.0,0.0898598,0.0,0.0,0.027,0.0,0.0,0.0,0.0,-27.80078,2.302202,0.7674007,0.112,0.0,0.154653,0.0,0.0
hardzero_only__c0p58__z1p00__lam0p000__nu0p50__psi0p00,0.027,base,46,407,0.0,2,0.08714511,0.08990352,0.08990352,0.99070567,0.10216315,0.10216315,1.0,0.0027584052,0.027,0.0,0.0,0.0,0.0,-26.756823,2.179596,0.726532,0.2,0.0,0.1458123,0.0,0.0
hardzero_only__c0p58__z1p00__lam0p000__nu0p50__psi0p00,0.027,base,46,408,0.0,2,0.08990352,0.08990352,0.08990352,1.0085332,0.0,0.09805432,0.0,0.0,0.027,0.0,0.0,0.0,0.0,-27.155985,2.2188175,0.73960584,0.18400002,0.0,0.16716413,0.0,0.0
hardzero_only__c0p58__z1p00__lam0p000__nu0p50__psi0p00,0.027,base,46,409,0.0,2,0.08990352,0.08990352,0.08990352,1.0017408,0.0,0.099599965,0.0,0.0,0.027,0.0,0.0,0.0,0.0,-27.260923,2.2038739,0.7346246,0.128,0.0,0.14832047,0.0,0.0
hardzero_only__c0p58__z1p00__lam0p000__nu0p50__psi0p00,0.027,base,46,410,0.0,2,0.08990352,0.09276821,0.09276821,0.9742859,0.10609968,0.10609968,1.0,0.0028646914,0.027,0.0,0.0,0.0,0.0,-26.016645,2.1434717,0.7144906,0.2,0.0,0.12386946,0.0,0.0
hardzero_only__c0p58__z1p00__lam0p000__nu0p50__psi0p00,0.027,base,46,411,0.0,2,0.09276821,0.09276821,0.09276821,1.0448,0.0,0.090198636,0.0,0.0,0.027,0.0,0.0,0.0,0.0,-27.722187,2.298606,0.766202,0.15200001,0.0,0.13940813,0.0,0.0
hardzero_only__c0p58__z1p00__lam0p000__nu0p50__psi0p00,0.027,base,46,412,0.0,2,0.09276821,0.09276821,0.09276821,1.0314018,0.0,0.093024686,0.0,0.0,0.027,0.0,0.0,0.0,0.0,-27.676258,2.269129,0.7563764,0.136,0.0,0.17320655,0.0,0.0
hardzero_only__c0p58__z1p00__lam0p000__nu0p50__psi0p00,0.027,base,46,413,0.0,2,0.09276821,0.09276821,0.09276821,1.00461,0.0,0.09894412,0.0,0.0,0.027,0.0,0.0,0.0,0.0,-26.643557,2.210186,0.73672867,0.15200001,0.0,0.14720136,0.0,0.0
hardzero_only__c0p58__z1p00__lam0p000__nu0p50__psi0p00,0.027,base,46,414,0.0,2,0.09276821,0.09276821,0.09276821,1.0001553,0.0,0.099964246,0.0,0.0,0.027,0.0,0.0,0.0,0.0,-27.274443,2.2003856,0.73346186,0.104,0.0,0.15323365,0.0,0.0
hardzero_only__c0p58__z1p00__lam0p000__nu0p50__psi0p00,0.027,base,46,415,0.0,2,0.09276821,0.09552007,0.09552007,0.991737,0.10192084,0.10192084,1.0,0.0027518629,0.027,0.0,0.0,0.0,0.0,-26.236067,2.181865,0.72728837,0.18400002,0.0,0.14593473,0.0,0.0
hardzero_only__c0p58__z1p00__lam0p000__nu0p50__psi0p00,0.027,base,46,416,0.0,2,0.09552007,0.09552007,0.09552007,1.0863761,0.0,0.08196414,0.0,0.0,0.027,0.0,0.0,0.0,0.0,-27.710985,2.390075,0.79669166,0.11,0.0,0.20316511,0.0,0.0
hardzero_only__c0p58__z1p00__lam0p000__nu0p50__psi0p00,0.027,base,46,417,0.0,2,0.09552007,0.09825683,0.09825683,0.994128,0.10136125,0.10136125,1.0,0.0027367538,0.027,0.0,0.0,0.0,0.0,-26.871696,2.1871252,0.72904176,0.16800001,0.0,0.12545674,0.0,0.0
hardzero_only__c0p58__z1p00__lam0p000__nu0p50__psi0p00,0.027,base,46,418,0.0,2,0.09825683,0.101084195,0.101084195,0.9799818,0.10471725,0.10471725,1.0,0.0028273656,0.027,0.0,0.0,0.0,0.0,-26.69846,2.156003,0.7186677,0.23200001,0.0,0.14294505,0.0,0.0
hardzero_only__c0p58__z1p00__lam0p000__nu0p50__psi0p00,0.027,base,46,419,0.0,2,0.101084195,0.101084195,0.101084195,1.0750424,0.0,0.0841313,0.0,0.0,0.027,0.0,0.0,0.0,0.0,-28.12193,2.3651404,0.78838015,0.128,0.0,0.16393366,0.0,0.0
hardzero_only__c0p58__z1p00__lam0p000__nu0p50__psi0p00,0.027,base,46,420,0.0,2,0.101084195,0.10400716,0.10400716,0.9655399,0.10825803,0.10825803,1.0,0.0029229668,0.027,0.0,0.0,0.0,0.0,-25.734745,2.1242301,0.7080767,0.216,0.0,0.12922816,0.0,0.0
hardzero_only__c0p58__z1p00__lam0p000__nu0p50__psi0p00,0.027,base,46,421,0.0,2,0.10400716,0.10400716,0.10400716,1.0058209,0.0,0.09866865,0.0,0.0,0.027,0.0,0.0,0.0,0.0,-26.867825,2.21285,0.7376167,0.18400002,0.0,0.14102045,0.0,0.0
hardzero_only__c0p58__z1p00__lam0p000__nu0p50__psi0p00,0.027,base,46,422,0.0,2,0.10400716,0.10400716,0.10400716,1.0331981,0.0,0.092640705,0.0,0.0,0.027,0.0,0.0,0.0,0.0,-27.135563,2.2730813,0.75769377,0.112,0.0,0.14585052,0.0,0.0
hardzero_only__c0p58__z1p00__lam0p000__nu0p50__psi0p00,0.027,base,46,423,0.0,2,0.10400716,0.10400716,0.10400716,1.0798745,0.0,0.08320042,0.0,0.0,0.027,0.0,0.0,0.0,0.0,-27.470278,2.3757713,0.79192376,0.16800001,0.0,0.14694576,0.0,0.0
hardzero_only__c0p58__z1p00__lam0p000__nu0p50__psi0p00,0.027,base,46,424,0.0,2,0.10400716,0.10400716,0.10400716,1.0287288,0.0,0.09359898,0.0,0.0,0.027,0.0,0.0,0.0,0.0,-27.214722,2.2632487,0.7544162,0.16000001,0.0,0.1599577,0.0,0.0
hardzero_only__c0p58__z1p00__lam0p000__nu0p50__psi0p00,0.027,base,46,425,0.0,2,0.10400716,0.10400716,0.10400716,1.0022515,0.0,0.099482924,0.0,0.0,0.027,0.0,0.0,0.0,0.0,-27.269724,2.2049973,0.7349991,0.128,0.0,0.15065722,0.0,0.0
hardzero_only__c0p58__z1p00__lam0p000__nu0p50__psi0p00,0.027,base,46,426,0.0,2,0.10400716,0.10400716,0.10400716,1.0130811,0.0,0.097032875,0.0,0.0,0.027,0.0,0.0,0.0,0.0,-27.320854,2.228823,0.742941,0.16800001,0.0,0.15183157,0.0,0.0
hardzero_only__c0p58__z1p00__lam0p000__nu0p50__psi0p00,0.027,base,46,427,0.0,2,0.10400716,0.10672402,0.10672402,0.99729776,0.10062414,0.10062414,1.0,0.0027168517,0.027,0.0,0.0,0.0,0.0,-26.471514,2.194099,0.73136634,0.14400001,0.0,0.15694517,0.0,0.0
hardzero_only__c0p58__z1p00__lam0p000__nu0p50__psi0p00,0.027,base,46,428,0.0,2,0.10672402,0.10951122,0.10951122,0.98619497,0.10322977,0.10322977,1.0,0.0027872038,0.027,0.0,0.0,0.0,0.0,-26.843029,2.1696723,0.7232241,0.16000001,0.0,0.14207612,0.0,0.0
hardzero_only__c0p58__z1p00__lam0p000__nu0p50__psi0p00,0.027,base,46,429,0.0,2,0.10951122,0.112233736,0.112233736,0.9963929,0.10083401,0.10083401,1.0,0.0027225183,0.027,0.0,0.0,0.0,0.0,-26.155807,2.1921082,0.73070276,0.16,0.0,0.1426108,0.0,0.0
hardzero_only__c0p58__z1p00__lam0p000__nu0p50__psi0p00,0.027,base,46,430,0.0,2,0.112233736,0.112233736,0.112233736,1.0813375,0.0,0.08292062,0.0,0.0,0.027,0.0,0.0,0.0,0.0,-28.688028,2.37899,0.79299664,0.136,0.0,0.17328824,0.0,0.0
hardzero_only__c0p58__z1p00__lam0p000__nu0p50__psi0p00,0.027,base,46,431,0.0,2,0.112233736,0.112233736,0.112233736,1.0359292,0.0,0.09205996,0.0,0.0,0.027,0.0,0.0,0.0,0.0,-27.978083,2.2790897,0.7596966,0.2,0.0,0.17484744,0.0,0.0
hardzero_only__c0p58__z1p00__lam0p000__nu0p50__psi0p00,0.027,base,46,432,0.0,2,0.112233736,0.11502484,0.11502484,0.98558766,0.10337425,0.10337425,1.0,0.0027911048,0.027,0.0,0.0,0.0,0.0,-26.29201,2.1683362,0.72277874,0.17600001,0.0,0.12966347,0.0,0.0
hardzero_only__c0p58__z1p00__lam0p000__nu0p50__psi0p00,0.027,base,46,433,0.0,2,0.11502484,0.11502484,0.11502484,1.0287653,0.0,0.093591124,0.0,0.0,0.027,0.0,0.0,0.0,0.0,-27.633497,2.263329,0.75444305,0.24000001,0.0,0.13155666,0.0,0.0
hardzero_only__c0p58__z1p00__lam0p000__nu0p50__psi0p00,0.027,base,46,434,0.0,2,0.11502484,0.11502484,0.11502484,1.0189265,0.0,0.09573561,0.0,0.0,0.027,0.0,0.0,0.0,0.0,-26.73197,2.241683,0.74722767,0.16000001,0.008,0.13501711,0.0,0.0
hardzero_only__c0p58__z1p00__lam0p000__nu0p50__psi0p00,0.027,base,46,435,0.0,2,0.11502484,0.11781558,0.11781558,0.985645,0.10336059,0.10336059,1.0,0.002790736,0.027,0.0,0.0,0.0,0.0,-26.912857,2.1684623,0.72282076,0.16800001,0.0,0.15902078,0.0,0.0
hardzero_only__c0p58__z1p00__lam0p000__nu0p50__psi0p00,0.027,base,46,436,0.0,2,0.11781558,0.11781558,0.11781558,1.0288395,0.0,0.09357515,0.0,0.0,0.027,0.0,0.0,0.0,0.0,-28.39252,2.263492,0.7544974,0.112,0.0,0.18481116,0.0,0.0
hardzero_only__c0p58__z1p00__lam0p000__nu0p50__psi0p00,0.027,base,46,437,0.0,2,0.11781558,0.11781558,0.11781558,1.0700873,0.0,0.085096695,0.0,0.0,0.027,0.0,0.0,0.0,0.0,-28.676126,2.354239,0.78474635,0.096,0.0,0.15164109,0.0,0.0
hardzero_only__c0p58__z1p00__lam0p000__nu0p50__psi0p00,0.027,base,46,438,0.0,2,0.11781558,0.11781558,0.11781558,1.0278692,0.0,0.09378442,0.0,0.0,0.027,0.0,0.0,0.0,0.0,-26.991844,2.2613575,0.75378585,0.18400002,0.0,0.13816303,0.0,0.0
hardzero_only__c0p58__z1p00__lam0p000__nu0p50__psi0p00,0.027,base,46,439,0.0,2,0.11781558,0.11781558,0.11781558,1.0259955,0.0,0.09418993,0.0,0.0,0.027,0.0,0.0,0.0,0.0,-27.150095,2.257235,0.7524117,0.192,0.0,0.15173797,0.0,0.0
hardzero_only__c0p58__z1p00__lam0p000__nu0p50__psi0p00,0.027,base,46,440,0.0,2,0.11781558,0.11781558,0.11781558,1.022091,0.0,0.09504057,0.0,0.0,0.027,0.0,0.0,0.0,0.0,-27.051662,2.248645,0.7495484,0.18400002,0.0,0.19896628,0.0,0.0
hardzero_only__c0p58__z1p00__lam0p000__nu0p50__psi0p00,0.027,base,46,441,0.0,2,0.11781558,0.11781558,0.11781558,1.0119241,0.0,0.09729172,0.0,0.0,0.027,0.0,0.0,0.0,0.0,-26.496706,2.2262776,0.74209255,0.18400002,0.0,0.14552347,0.0,0.0
hardzero_only__c0p58__z1p00__lam0p000__nu0p50__psi0p00,0.027,base,46,442,0.0,2,0.11781558,0.11781558,0.11781558,1.0654541,0.0,0.08600939,0.0,0.0,0.027,0.0,0.0,0.0,0.0,-27.514267,2.3440459,0.78134865,0.12,0.0,0.17042758,0.0,0.0
hardzero_only__c0p58__z1p00__lam0p000__nu0p50__psi0p00,0.027,base,46,443,0.0,2,0.11781558,0.11781558,0.11781558,1.0047437,0.0,0.09891367,0.0,0.0,0.027,0.0,0.0,0.0,0.0,-27.192846,2.2104802,0.7368268,0.15200001,0.0,0.15040798,0.0,0.0
hardzero_only__c0p58__z1p00__lam0p000__nu0p50__psi0p00,0.027,base,46,444,0.0,2,0.11781558,0.12055724,0.12055724,0.99334985,0.101543024,0.101543024,1.0,0.0027416616,0.027,0.0,0.0,0.0,0.0,-26.613903,2.1854134,0.72847116,0.104,0.0,0.14995828,0.0,0.0
hardzero_only__c0p58__z1p00__lam0p000__nu0p50__psi0p00,0.027,base,46,445,0.0,2,0.12055724,0.12055724,0.12055724,1.0180035,0.0,0.09593929,0.0,0.0,0.027,0.0,0.0,0.0,0.0,-27.590786,2.2396524,0.7465508,0.120000005,0.0,0.15143958,0.0,0.0
hardzero_only__c0p58__z1p00__lam0p000__nu0p50__psi0p00,0.027,base,46,446,0.0,2,0.12055724,0.1233129,0.1233129,0.9911383,0.102061436,0.102061436,1.0,0.002755659,0.027,0.0,0.0,0.0,0.0,-26.93968,2.1805477,0.72684926,0.14400001,0.0,0.15474968,0.0,0.0
hardzero_only__c0p58__z1p00__lam0p000__nu0p50__psi0p00,0.027,base,46,447,0.0,2,0.1233129,0.1233129,0.1233129,1.0001491,0.0,0.09996568,0.0,0.0,0.027,0.0,0.0,0.0,0.0,-26.187021,2.200372,0.7334573,0.15200001,0.0,0.14035673,0.0,0.0
hardzero_only__c0p58__z1p00__lam0p000__nu0p50__psi0p00,0.027,base,46,448,0.0,2,0.1233129,0.1233129,0.1233129,1.0543517,0.0,0.088236496,0.0,0.0,0.027,0.0,0.0,0.0,0.0,-28.052595,2.3196201,0.7732067,0.16800001,0.0,0.1669842,0.0,0.0
hardzero_only__c0p58__z1p00__lam0p000__nu0p50__psi0p00,0.027,base,46,449,0.0,2,0.1233129,0.12625812,0.12625812,0.9622454,0.10908237,0.10908237,1.0,0.002945224,0.027,0.0,0.0,0.0,0.0,-26.086634,2.1169822,0.70566076,0.120000005,0.0,0.12283715,0.0,0.0
hardzero_only__c0p58__z1p00__lam0p000__nu0p50__psi0p00,0.027,base,46,450,0.0,2,0.12625812,0.12625812,0.12625812,1.0030166,0.0,0.09930782,0.0,0.0,0.027,0.0,0.0,0.0,0.0,-26.735773,2.2066805,0.7355602,0.16800001,0.0,0.15416746,0.0,0.0
hardzero_only__c0p58__z1p00__lam0p000__nu0p50__psi0p00,0.027,base,46,451,0.0,2,0.12625812,0.12625812,0.12625812,1.009833,0.0,0.09776131,0.0,0.0,0.027,0.0,0.0,0.0,0.0,-26.472046,2.2216768,0.740559,0.192,0.008,0.15878943,0.0,0.0
hardzero_only__c0p58__z1p00__lam0p000__nu0p50__psi0p00,0.027,base,46,452,0.0,2,0.12625812,0.12625812,0.12625812,1.0266314,0.0,0.09405212,0.0,0.0,0.027,0.0,0.0,0.0,0.0,-27.524498,2.258634,0.75287807,0.136,0.0,0.166562,0.0,0.0
hardzero_only__c0p58__z1p00__lam0p000__nu0p50__psi0p00,0.027,base,46,453,0.0,2,0.12625812,0.12625812,0.12625812,1.030686,0.0,0.093178116,0.0,0.0,0.027,0.0,0.0,0.0,0.0,-27.05667,2.2675545,0.7558515,0.104,0.0,0.13263427,0.0,0.0
hardzero_only__c0p58__z1p00__lam0p000__nu0p50__psi0p00,0.027,base,46,454,0.0,2,0.12625812,0.12914272,0.12914272,0.9712777,0.10683713,0.10683713,1.0,0.0028846026,0.027,0.0,0.0,0.0,0.0,-25.642462,2.1368537,0.71228456,0.15200001,0.0,0.13782105,0.0,0.0
hardzero_only__c0p58__z1p00__lam0p000__nu0p50__psi0p00,0.027,base,46,455,0.0,2,0.12914272,0.12914272,0.12914272,1.0215429,0.0,0.09516057,0.0,0.0,0.027,0.0,0.0,0.0,0.0,-27.670029,2.2474391,0.7491464,0.11,0.0,0.14135462,0.0,0.0
hardzero_only__c0p58__z1p00__lam0p000__nu0p50__psi0p00,0.027,base,46,456,0.0,2,0.12914272,0.12914272,0.12914272,1.0163273,0.0,0.09631031,0.0,0.0,0.027,0.0,0.0,0.0,0.0,-27.610872,2.2359645,0.7453215,0.16800001,0.0,0.16952817,0.0,0.0
hardzero_only__c0p58__z1p00__lam0p000__nu0p50__psi0p00,0.027,base,46,457,0.0,2,0.12914272,0.12914272,0.12914272,1.0117226,0.0,0.097336866,0.0,0.0,0.027,0.0,0.0,0.0,0.0,-28.123314,2.2258341,0.74194473,0.136,0.0,0.17086932,0.0,0.0
hardzero_only__c0p58__z1p00__lam0p000__nu0p50__psi0p00,0.027,base,46,458,0.0,2,0.12914272,0.13214146,0.13214146,0.954424,0.11106468,0.11106468,1.0,0.0029987465,0.027,0.0,0.0,0.0,0.0,-25.73649,2.0997748,0.69992495,0.23200001,0.0,0.15777652,0.0,0.0
hardzero_only__c0p58__z1p00__lam0p000__nu0p50__psi0p00,0.027,base,46,459,0.0,2,0.13214146,0.13214146,0.13214146,1.0542879,0.0,0.08824945,0.0,0.0,0.027,0.0,0.0,0.0,0.0,-28.152939,2.3194797,0.7731599,0.2,0.0,0.13848199,0.0,0.0
hardzero_only__c0p58__z1p00__lam0p000__nu0p50__psi0p00,0.027,base,46,460,0.0,2,0.13214146,0.13505673,0.13505673,0.9666844,0.1079731,0.1079731,1.0,0.0029152737,0.027,0.0,0.0,0.0,0.0,-25.772093,2.126748,0.70891607,0.192,0.0,0.13926958,0.0,0.0
hardzero_only__c0p58__z1p00__lam0p000__nu0p50__psi0p00,0.027,base,46,461,0.0,2,0.13505673,0.13784716,0.13784716,0.985694,0.10334894,0.10334894,1.0,0.0027904215,0.027,0.0,0.0,0.0,0.0,-27.069921,2.16857,0.7228567,0.16800001,0.0,0.16195801,0.0,0.0
hardzero_only__c0p58__z1p00__lam0p000__nu0p50__psi0p00,0.027,base,46,462,0.0,2,0.13784716,0.13784716,0.13784716,1.0452592,0.0,0.09010331,0.0,0.0,0.027,0.0,0.0,0.0,0.0,-28.551271,2.2996163,0.7665388,0.17600001,0.0,0.1479023,0.0,0.0
hardzero_only__c0p58__z1p00__lam0p000__nu0p50__psi0p00,0.027,base,46,463,0.0,2,0.13784716,0.13784716,0.13784716,1.0273547,0.0,0.0938956,0.0,0.0,0.027,0.0,0.0,0.0,0.0,-26.85137,2.2602255,0.75340855,0.128,0.0,0.12707174,0.0,0.0
hardzero_only__c0p58__z1p00__lam0p000__nu0p50__psi0p00,0.027,base,46,464,0.0,2,0.13784716,0.14060599,0.14060599,0.9906392,0.10217879,0.10217879,1.0,0.0027588273,0.027,0.0,0.0,0.0,0.0,-27.08007,2.1794498,0.7264833,0.216,0.0,0.164002,0.0,0.0
hardzero_only__c0p58__z1p00__lam0p000__nu0p50__psi0p00,0.027,base,46,465,0.0,2,0.14060599,0.14351444,0.14351444,0.9677008,0.10772072,0.10772072,1.0,0.0029084594,0.027,0.0,0.0,0.0,0.0,-26.652885,2.1289842,0.7096614,0.16800001,0.0,0.13535044,0.0,0.0
hardzero_only__c0p58__z1p00__lam0p000__nu0p50__psi0p00,0.027,base,46,466,0.0,2,0.14351444,0.14351444,0.14351444,1.0365101,0.0,0.091936916,0.0,0.0,0.027,0.0,0.0,0.0,0.0,-27.97384,2.2803679,0.76012266,0.192,0.0,0.16263705,0.0,0.0
hardzero_only__c0p58__z1p00__lam0p000__nu0p50__psi0p00,0.027,base,46,467,0.0,2,0.14351444,0.14628857,0.14628857,0.98823625,0.10274572,0.10274572,1.0,0.0027741345,0.027,0.0,0.0,0.0,0.0,-26.772747,2.174163,0.7247211,0.18400002,0.0,0.14047201,0.0,0.0
hardzero_only__c0p58__z1p00__lam0p000__nu0p50__psi0p00,0.027,base,46,468,0.0,2,0.14628857,0.14628857,0.14628857,1.0355786,0.0,0.09213431,0.0,0.0,0.027,0.0,0.0,0.0,0.0,-27.542004,2.2783184,0.75943947,0.16,0.01,0.14640714,0.0,0.0
hardzero_only__c0p58__z1p00__lam0p000__nu0p50__psi0p00,0.027,base,46,469,0.0,2,0.14628857,0.14628857,0.14628857,1.0329477,0.0,0.092694156,0.0,0.0,0.027,0.0,0.0,0.0,0.0,-27.45182,2.2725303,0.7575101,0.17600001,0.0,0.16190112,0.0,0.0
hardzero_only__c0p58__z1p00__lam0p000__nu0p50__psi0p00,0.027,base,46,470,0.0,2,0.14628857,0.14906272,0.14906272,0.9882344,0.10274616,0.10274616,1.0,0.0027741464,0.027,0.0,0.0,0.0,0.0,-26.77365,2.174159,0.7247197,0.18400002,0.0,0.14300512,0.0,0.0
hardzero_only__c0p58__z1p00__lam0p000__nu0p50__psi0p00,0.027,base,46,471,0.0,2,0.14906272,0.15225795,0.15225795,0.9268628,0.11834152,0.11834152,1.0,0.003195221,0.027,0.0,0.0,0.0,0.0,-26.148376,2.0391388,0.67971295,0.16800001,0.0,0.1217918,0.0,0.0
hardzero_only__c0p58__z1p00__lam0p000__nu0p50__psi0p00,0.027,base,46,472,0.0,2,0.15225795,0.15225795,0.15225795,1.0097843,0.0,0.09777225,0.0,0.0,0.027,0.0,0.0,0.0,0.0,-27.014137,2.22157,0.74052334,0.104,0.0,0.13810287,0.0,0.0
hardzero_only__c0p58__z1p00__lam0p000__nu0p50__psi0p00,0.027,base,46,473,0.0,2,0.15225795,0.15225795,0.15225795,1.0235546,0.0,0.09472081,0.0,0.0,0.027,0.0,0.0,0.0,0.0,-27.522915,2.251865,0.7506217,0.136,0.0,0.15472133,0.0,0.0
hardzero_only__c0p58__z1p00__lam0p000__nu0p50__psi0p00,0.027,base,46,474,0.0,2,0.15225795,0.15511982,0.15511982,0.9747138,0.10599521,0.10599521,1.0,0.0028618707,0.027,0.0,0.0,0.0,0.0,-27.154495,2.1444132,0.7148044,0.2,0.0,0.16002429,0.0,0.0
hardzero_only__c0p58__z1p00__lam0p000__nu0p50__psi0p00,0.027,base,46,475,0.0,2,0.15511982,0.15801407,0.15801407,0.9698278,0.10719444,0.10719444,1.0,0.00289425,0.027,0.0,0.0,0.0,0.0,-26.257715,2.1336637,0.7112212,0.17600001,0.0,0.13366058,0.0,0.0
hardzero_only__c0p58__z1p00__lam0p000__nu0p50__psi0p00,0.027,base,46,476,0.0,2,0.15801407,0.15801407,0.15801407,1.0201823,0.0,0.095459186,0.0,0.0,0.027,0.0,0.0,0.0,0.0,-27.28025,2.2444458,0.7481486,0.14400001,0.0,0.2084675,0.0,0.0
hardzero_only__c0p58__z1p00__lam0p000__nu0p50__psi0p00,0.027,base,46,477,0.0,2,0.15801407,0.15801407,0.15801407,1.0902393,0.0,0.08123827,0.0,0.0,0.027,0.0,0.0,0.0,0.0,-29.139221,2.3985744,0.7995248,0.112,0.0,0.17784666,0.0,0.0
hardzero_only__c0p58__z1p00__lam0p000__nu0p50__psi0p00,0.027,base,46,478,0.0,2,0.15801407,0.15801407,0.15801407,1.034929,0.0,0.09227221,0.0,0.0,0.027,0.0,0.0,0.0,0.0,-27.69041,2.2768893,0.7589631,0.18400002,0.0,0.15115632,0.0,0.0
hardzero_only__c0p58__z1p00__lam0p000__nu0p50__psi0p00,0.027,base,46,479,0.0,2,0.15801407,0.15801407,0.15801407,1.0458221,0.0,0.089986615,0.0,0.0,0.027,0.0,0.0,0.0,0.0,-27.989973,2.3008547,0.76695156,0.136,0.0,0.1600612,0.0,0.0
hardzero_only__c0p58__z1p00__lam0p000__nu0p50__psi0p00,0.027,base,46,480,0.0,2,0.15801407,0.16072775,0.16072775,0.9978049,0.10050672,0.10050672,1.0,0.0027136817,0.027,0.0,0.0,0.0,0.0,-26.147898,2.1952145,0.7317382,0.128,0.0,0.14252461,0.0,0.0
hardzero_only__c0p58__z1p00__lam0p000__nu0p50__psi0p00,0.027,base,46,481,0.0,2,0.16072775,0.16400512,0.16400512,0.9158391,0.12138383,0.12138383,1.0,0.0032773635,0.027,0.0,0.0,0.0,0.0,-25.293304,2.0148861,0.6716287,0.17,0.0,0.120979704,0.0,0.0
hardzero_only__c0p58__z1p00__lam0p000__nu0p50__psi0p00,0.027,base,46,482,0.0,2,0.16400512,0.16400512,0.16400512,1.0228217,0.0,0.09488079,0.0,0.0,0.027,0.0,0.0,0.0,0.0,-27.930742,2.2502525,0.75008416,0.14400001,0.0,0.14875515,0.0,0.0
hardzero_only__c0p58__z1p00__lam0p000__nu0p50__psi0p00,0.027,base,46,483,0.0,2,0.16400512,0.16400512,0.16400512,1.0624708,0.0,0.08660225,0.0,0.0,0.027,0.0,0.0,0.0,0.0,-27.122232,2.3374825,0.77916086,0.16000001,0.0,0.15999454,0.0,0.0
hardzero_only__c0p58__z1p00__lam0p000__nu0p50__psi0p00,0.027,base,46,484,0.0,2,0.16400512,0.16400512,0.16400512,1.0475396,0.0,0.08963145,0.0,0.0,0.027,0.0,0.0,0.0,0.0,-28.179094,2.3046331,0.76821107,0.14400001,0.0,0.17045955,0.0,0.0
hardzero_only__c0p58__z1p00__lam0p000__nu0p50__psi0p00,0.027,base,46,485,0.0,2,0.16400512,0.16400512,0.16400512,1.002524,0.0,0.09942051,0.0,0.0,0.027,0.0,0.0,0.0,0.0,-26.188463,2.205597,0.735199,0.192,0.0,0.1517057,0.0,0.0
hardzero_only__c0p58__z1p00__lam0p000__nu0p50__psi0p00,0.027,base,46,486,0.0,2,0.16400512,0.16707629,0.16707629,0.9440586,0.11374739,0.11374739,1.0,0.0030711796,0.027,0.0,0.0,0.0,0.0,-25.49345,2.0769703,0.69232345,0.264,0.0,0.13225137,0.0,0.0
hardzero_only__c0p58__z1p00__lam0p000__nu0p50__psi0p00,0.027,base,46,487,0.0,2,0.16707629,0.16707629,0.16707629,1.025568,0.0,0.094282694,0.0,0.0,0.027,0.0,0.0,0.0,0.0,-27.163181,2.2562947,0.75209826,0.16800001,0.0,0.13109873,0.0,0.0
hardzero_only__c0p58__z1p00__lam0p000__nu0p50__psi0p00,0.027,base,46,488,0.0,2,0.16707629,0.16993283,0.16993283,0.9755239,0.10579767,0.10579767,1.0,0.0028565372,0.027,0.0,0.0,0.0,0.0,-26.535784,2.1461954,0.7153985,0.17600001,0.0,0.13582462,0.0,0.0
hardzero_only__c0p58__z1p00__lam0p000__nu0p50__psi0p00,0.027,base,46,489,0.0,2,0.16993283,0.16993283,0.16993283,1.0405859,0.0,0.09107813,0.0,0.0,0.027,0.0,0.0,0.0,0.0,-26.84513,2.2893345,0.76311153,0.136,0.0,0.1360133,0.0,0.0
hardzero_only__c0p58__z1p00__lam0p000__nu0p50__psi0p00,0.027,base,46,490,0.0,2,0.16993283,0.17265785,0.17265785,0.9959943,0.10092661,0.10092661,1.0,0.0027250184,0.027,0.0,0.0,0.0,0.0,-26.772457,2.1912313,0.73041046,0.17600001,0.0,0.13887441,0.0,0.0
hardzero_only__c0p58__z1p00__lam0p000__nu0p50__psi0p00,0.027,base,46,491,0.0,2,0.17265785,0.17546469,0.17546469,0.9831464,0.103956945,0.103956945,1.0,0.0028068377,0.027,0.0,0.0,0.0,0.0,-26.374258,2.1629653,0.72098845,0.120000005,0.0,0.15496577,0.0,0.0
hardzero_only__c0p58__z1p00__lam0p000__nu0p50__psi0p00,0.027,base,46,492,0.0,2,0.17546469,0.17833763,0.17833763,0.97303647,0.10640536,0.10640536,1.0,0.0028729448,0.027,0.0,0.0,0.0,0.0,-26.315008,2.140723,0.71357435,0.128,0.0,0.1465015,0.0,0.0
hardzero_only__c0p58__z1p00__lam0p000__nu0p50__psi0p00,0.027,base,46,493,0.0,2,0.17833763,0.18109655,0.18109655,0.9906253,0.10218205,0.10218205,1.0,0.0027589155,0.027,0.0,0.0,0.0,0.0,-27.044807,2.1794193,0.7264731,0.136,0.0,0.13091281,0.0,0.0
hardzero_only__c0p58__z1p00__lam0p000__nu0p50__psi0p00,0.027,base,46,494,0.0,2,0.18109655,0.18109655,0.18109655,1.0216284,0.0,0.09514186,0.0,0.0,0.027,0.0,0.0,0.0,0.0,-26.58541,2.2476273,0.7492091,0.16,0.0,0.13517123,0.0,0.0
hardzero_only__c0p58__z1p00__lam0p000__nu0p50__psi0p00,0.027,base,46,495,0.0,2,0.18109655,0.18109655,0.18109655,1.0081835,0.0,0.098133326,0.0,0.0,0.027,0.0,0.0,0.0,0.0,-27.259987,2.2180479,0.7393493,0.16000001,0.0,0.16240619,0.0,0.0
hardzero_only__c0p58__z1p00__lam0p000__nu0p50__psi0p00,0.027,base,46,496,0.0,2,0.18109655,0.18389711,0.18389711,0.9841196,0.10372428,0.10372428,1.0,0.0028005557,0.027,0.0,0.0,0.0,0.0,-26.447388,2.1651063,0.7217021,0.2,0.0,0.12553525,0.0,0.0
hardzero_only__c0p58__z1p00__lam0p000__nu0p50__psi0p00,0.027,base,46,497,0.0,2,0.18389711,0.18389711,0.18389711,1.0055612,0.0,0.098727636,0.0,0.0,0.027,0.0,0.0,0.0,0.0,-26.600489,2.2122788,0.7374263,0.192,0.0,0.14295168,0.0,0.0
hardzero_only__c0p58__z1p00__lam0p000__nu0p50__psi0p00,0.027,base,46,498,0.0,2,0.18389711,0.18389711,0.18389711,1.0283648,0.0,0.093677476,0.0,0.0,0.027,0.0,0.0,0.0,0.0,-27.874104,2.2624476,0.7541492,0.120000005,0.0,0.13070488,0.0,0.0
hardzero_only__c0p58__z1p00__lam0p000__nu0p50__psi0p00,0.027,base,46,499,0.0,2,0.18389711,0.18389711,0.18389711,1.0015247,0.0,0.09964954,0.0,0.0,0.027,0.0,0.0,0.0,0.0,-26.570019,2.2033982,0.7344661,0.2,0.0,0.1700642,0.0,0.0
hardzero_only__c0p58__z1p00__lam0p000__nu0p50__psi0p00,0.027,base,46,500,0.0,2,0.18389711,0.18670633,0.18670633,0.98277766,0.10404527,0.10404527,1.0,0.0028092223,0.027,0.0,0.0,0.0,0.0,-26.967493,2.162154,0.720718,0.216,0.0,0.15623762,0.0,0.0
hardzero_only__c0p58__z1p00__lam0p000__nu0p50__psi0p00,0.027,base,46,501,0.0,2,0.18670633,0.18670633,0.18670633,1.0759716,0.0,0.08395149,0.0,0.0,0.027,0.0,0.0,0.0,0.0,-28.61273,2.3671849,0.78906167,0.14400001,0.0,0.15850344,0.0,0.0
hardzero_only__c0p58__z1p00__lam0p000__nu0p50__psi0p00,0.027,base,46,502,0.0,2,0.18670633,0.18670633,0.18670633,1.0016952,0.0,0.09961044,0.0,0.0,0.027,0.0,0.0,0.0,0.0,-27.105759,2.2037733,0.7345911,0.136,0.0,0.121774204,0.0,0.0
hardzero_only__c0p58__z1p00__lam0p000__nu0p50__psi0p00,0.027,base,46,503,0.0,2,0.18670633,0.18941703,0.18941703,0.9982822,0.10039631,0.10039631,1.0,0.0027107005,0.027,0.0,0.0,0.0,0.0,-26.560268,2.1962647,0.73208827,0.17600001,0.0,0.16894788,0.0,0.0
hardzero_only__c0p58__z1p00__lam0p000__nu0p50__psi0p00,0.027,base,46,504,0.0,2,0.18941703,0.19229926,0.19229926,0.9716359,0.10674906,0.10674906,1.0,0.0028822247,0.027,0.0,0.0,0.0,0.0,-26.056643,2.1376417,0.71254724,0.264,0.0,0.16636579,0.0,0.0
hardzero_only__c0p58__z1p00__lam0p000__nu0p50__psi0p00,0.027,base,46,505,0.0,2,0.19229926,0.19229926,0.19229926,1.0135776,0.0,0.096922,0.0,0.0,0.027,0.0,0.0,0.0,0.0,-26.99669,2.2299151,0.7433051,0.17600001,0.0,0.13361049,0.0,0.0
hardzero_only__c0p58__z1p00__lam0p000__nu0p50__psi0p00,0.027,base,46,506,0.0,2,0.19229926,0.19229926,0.19229926,1.0313953,0.0,0.093026064,0.0,0.0,0.027,0.0,0.0,0.0,0.0,-27.068039,2.269115,0.7563717,0.16000001,0.0,0.14822528,0.0,0.0
hardzero_only__c0p58__z1p00__lam0p000__nu0p50__psi0p00,0.027,base,46,507,0.0,2,0.19229926,0.19229926,0.19229926,1.0131522,0.0,0.09701698,0.0,0.0,0.027,0.0,0.0,0.0,0.0,-26.871899,2.2289793,0.7429931,0.14999999,0.0,0.1258619,0.0,0.0
hardzero_only__c0p58__z1p00__lam0p000__nu0p50__psi0p00,0.027,base,46,508,0.0,2,0.19229926,0.19501136,0.19501136,0.9980571,0.10044837,0.10044837,1.0,0.002712106,0.027,0.0,0.0,0.0,0.0,-27.087986,2.1957695,0.7319232,0.18400002,0.0,0.1592676,0.0,0.0
hardzero_only__c0p58__z1p00__lam0p000__nu0p50__psi0p00,0.027,base,46,509,0.0,2,0.19501136,0.19774023,0.19774023,0.99538136,0.10106916,0.10106916,1.0,0.0027288673,0.027,0.0,0.0,0.0,0.0,-27.64943,2.1898828,0.7299609,0.112,0.0,0.13895886,0.0,0.0
hardzero_only__c0p58__z1p00__lam0p000__nu0p50__psi0p00,0.027,base,46,510,0.0,2,0.19774023,0.2006649,0.2006649,0.96528727,0.108321026,0.108321026,1.0,0.0029246677,0.027,0.0,0.0,0.0,0.0,-26.211164,2.1236744,0.70789146,0.15200001,0.0,0.1423126,0.0,0.0
hardzero_only__c0p58__z1p00__lam0p000__nu0p50__psi0p00,0.027,base,46,511,0.0,2,0.2006649,0.20340979,0.20340979,0.9928375,0.10166291,0.10166291,1.0,0.0027448987,0.027,0.0,0.0,0.0,0.0,-27.216526,2.184286,0.7280954,0.120000005,0.0,0.14136353,0.0,0.0
hardzero_only__c0p58__z1p00__lam0p000__nu0p50__psi0p00,0.027,base,46,512,0.0,2,0.20340979,0.20616707,0.20616707,0.9908828,0.10212148,0.10212148,1.0,0.0027572801,0.027,0.0,0.0,0.0,0.0,-25.978456,2.1799858,0.7266619,0.14400001,0.0,0.1361498,0.0,0.0
hardzero_only__c0p58__z1p00__lam0p000__nu0p50__psi0p00,0.027,base,46,513,0.0,2,0.20616707,0.20616707,0.20616707,1.034393,0.0,0.092386186,0.0,0.0,0.027,0.0,0.0,0.0,0.0,-27.863909,2.2757099,0.75856996,0.14400001,0.0,0.1563661,0.0,0.0
hardzero_only__c0p58__z1p00__lam0p000__nu0p50__psi0p00,0.027,base,46,514,0.0,2,0.20616707,0.20616707,0.20616707,1.0569047,0.0,0.08771932,0.0,0.0,0.027,0.0,0.0,0.0,0.0,-28.084248,2.3252368,0.77507895,0.104,0.0,0.16499068,0.0,0.0
hardzero_only__c0p58__z1p00__lam0p000__nu0p50__psi0p00,0.027,base,46,515,0.0,2,0.20616707,0.2090066,0.2090066,0.97811836,0.10516751,0.10516751,1.0,0.002839523,0.027,0.0,0.0,0.0,0.0,-26.441866,2.1519034,0.71730113,0.17600001,0.0,0.13092647,0.0,0.0
hardzero_only__c0p58__z1p00__lam0p000__nu0p50__psi0p00,0.027,base,46,516,0.0,2,0.2090066,0.2090066,0.2090066,1.007347,0.0,0.098322526,0.0,0.0,0.027,0.0,0.0,0.0,0.0,-26.896475,2.2162077,0.7387359,0.080000006,0.0,0.1569088,0.0,0.0
hardzero_only__c0p58__z1p00__lam0p000__nu0p50__psi0p00,0.027,base,46,517,0.0,2,0.2090066,0.21216604,0.21216604,0.93175155,0.11701686,0.11701686,1.0,0.0031594553,0.027,0.0,0.0,0.0,0.0,-25.441525,2.0498943,0.6832981,0.136,0.0,0.13329048,0.0,0.0
hardzero_only__c0p58__z1p00__lam0p000__nu0p50__psi0p00,0.027,base,46,518,0.0,2,0.21216604,0.21487747,0.21487747,0.99816424,0.10042359,0.10042359,1.0,0.002711437,0.027,0.0,0.0,0.0,0.0,-26.233782,2.196005,0.7320017,0.128,0.0,0.13971864,0.0,0.0
hardzero_only__c0p58__z1p00__lam0p000__nu0p50__psi0p00,0.027,base,46,519,0.0,2,0.21487747,0.21487747,0.21487747,1.026828,0.0,0.09400955,0.0,0.0,0.027,0.0,0.0,0.0,0.0,-27.378632,2.2590668,0.7530223,0.16000001,0.0,0.13701735,0.0,0.0
hardzero_only__c0p58__z1p00__lam0p000__nu0p50__psi0p00,0.027,base,46,520,0.0,2,0.21487747,0.21487747,0.21487747,1.0690976,0.0,0.085290834,0.0,0.0,0.027,0.0,0.0,0.0,0.0,-28.82517,2.3520617,0.7840206,0.099999994,0.0,0.14388005,0.0,0.0
hardzero_only__c0p58__z1p00__lam0p000__nu0p50__psi0p00,0.027,base,46,521,0.0,2,0.21487747,0.21487747,0.21487747,1.0380929,0.0,0.09160246,0.0,0.0,0.027,0.0,0.0,0.0,0.0,-27.077318,2.28385,0.76128334,0.14400001,0.0,0.16104427,0.0,0.0
hardzero_only__c0p58__z1p00__lam0p000__nu0p50__psi0p00,0.027,base,46,522,0.0,2,0.21487747,0.21487747,0.21487747,1.0033368,0.0,0.09923461,0.0,0.0,0.027,0.0,0.0,0.0,0.0,-26.696793,2.207385,0.735795,0.192,0.0,0.13548604,0.0,0.0
hardzero_only__c0p58__z1p00__lam0p000__nu0p50__psi0p00,0.027,base,46,523,0.0,2,0.21487747,0.2176523,0.2176523,0.98812723,0.10277151,0.10277151,1.0,0.002774831,0.027,0.0,0.0,0.0,0.0,-27.195414,2.1739233,0.7246411,0.192,0.0,0.1854032,0.0,0.0
hardzero_only__c0p58__z1p00__lam0p000__nu0p50__psi0p00,0.027,base,46,524,0.0,2,0.2176523,0.2176523,0.2176523,1.0517733,0.0,0.088761926,0.0,0.0,0.027,0.0,0.0,0.0,0.0,-27.320957,2.3139474,0.7713158,0.17600001,0.0,0.1564978,0.0,0.0
hardzero_only__c0p58__z1p00__lam0p000__nu0p50__psi0p00,0.027,base,46,525,0.0,2,0.2176523,0.2176523,0.2176523,1.0200515,0.0,0.09548794,0.0,0.0,0.027,0.0,0.0,0.0,0.0,-27.28824,2.244158,0.7480527,0.16000001,0.0,0.15311143,0.0,0.0
hardzero_only__c0p58__z1p00__lam0p000__nu0p50__psi0p00,0.027,base,46,526,0.0,2,0.2176523,0.22044148,0.22044148,0.9858887,0.1033026,0.1033026,1.0,0.0027891702,0.027,0.0,0.0,0.0,0.0,-26.835176,2.1689985,0.7229995,0.136,0.0,0.1530102,0.0,0.0
hardzero_only__c0p58__z1p00__lam0p000__nu0p50__psi0p00,0.027,base,46,527,0.0,2,0.22044148,0.22044148,0.22044148,1.0326438,0.0,0.092759036,0.0,0.0,0.027,0.0,0.0,0.0,0.0,-27.328522,2.2718618,0.75728726,0.23200001,0.0,0.16461009,0.0,0.0
hardzero_only__c0p58__z1p00__lam0p000__nu0p50__psi0p00,0.027,base,46,528,0.0,2,0.22044148,0.22044148,0.22044148,1.0651497,0.0,0.086069696,0.0,0.0,0.027,0.0,0.0,0.0,0.0,-28.133457,2.3433762,0.7811254,0.16800001,0.0,0.187388,0.0,0.0
hardzero_only__c0p58__z1p00__lam0p000__nu0p50__psi0p00,0.027,base,46,529,0.0,2,0.22044148,0.22334068,0.22334068,0.9690864,0.10737756,0.10737756,1.0,0.0028991941,0.027,0.0,0.0,0.0,0.0,-26.660763,2.1320326,0.71067756,0.15200001,0.0,0.14325936,0.0,0.0
hardzero_only__c0p58__z1p00__lam0p000__nu0p50__psi0p00,0.027,base,46,530,0.0,2,0.22334068,0.22604293,0.22604293,0.99963707,0.1000836,0.1000836,1.0,0.0027022571,0.027,0.0,0.0,0.0,0.0,-26.554771,2.1992455,0.7330818,0.18400002,0.0,0.12826502,0.0,0.0
hardzero_only__c0p58__z1p00__lam0p000__nu0p50__psi0p00,0.027,base,46,531,0.0,2,0.22604293,0.22604293,0.22604293,1.0897408,0.0,0.08133158,0.0,0.0,0.027,0.0,0.0,0.0,0.0,-28.563845,2.3974776,0.7991592,0.128,0.0,0.13712461,0.0,0.0
hardzero_only__c0p58__z1p00__lam0p000__nu0p50__psi0p00,0.027,base,46,532,0.0,2,0.22604293,0.22604293,0.22604293,1.0416272,0.0,0.09086003,0.0,0.0,0.027,0.0,0.0,0.0,0.0,-26.871454,2.2916255,0.7638752,0.16800001,0.0,0.16663447,0.0,0.0
hardzero_only__c0p58__z1p00__lam0p000__nu0p50__psi0p00,0.027,base,46,533,0.0,2,0.22604293,0.22604293,0.22604293,1.066074,0.0,0.0858867,0.0,0.0,0.027,0.0,0.0,0.0,0.0,-28.40289,2.3454096,0.78180325,0.16,0.0,0.14294042,0.0,0.0
hardzero_only__c0p58__z1p00__lam0p000__nu0p50__psi0p00,0.027,base,46,534,0.0,2,0.22604293,0.22885284,0.22885284,0.9826711,0.1040708,0.1040708,1.0,0.0028099115,0.027,0.0,0.0,0.0,0.0,-26.520845,2.1619196,0.7206399,0.16800001,0.0,0.14379832,0.0,0.0
hardzero_only__c0p58__z1p00__lam0p000__nu0p50__psi0p00,0.027,base,46,535,0.0,2,0.22885284,0.23166825,0.23166825,0.981823,0.104274236,0.104274236,1.0,0.0028154044,0.027,0.0,0.0,0.0,0.0,-26.495356,2.1600537,0.7200179,0.16000001,0.0,0.11869011,0.0,0.0
hardzero_only__c0p58__z1p00__lam0p000__nu0p50__psi0p00,0.027,base,46,536,0.0,2,0.23166825,0.23446253,0.23446253,0.98509413,0.10349178,0.10349178,1.0,0.0027942783,0.027,0.0,0.0,0.0,0.0,-26.656538,2.1672504,0.7224168,0.208,0.0,0.16496053,0.0,0.0
hardzero_only__c0p58__z1p00__lam0p000__nu0p50__psi0p00,0.027,base,46,537,0.0,2,0.23446253,0.23446253,0.23446253,1.0458046,0.0,0.08999024,0.0,0.0,0.027,0.0,0.0,0.0,0.0,-27.340748,2.300816,0.7669387,0.136,0.0,0.1700405,0.0,0.0
hardzero_only__c0p58__z1p00__lam0p000__nu0p50__psi0p00,0.027,base,46,538,0.0,2,0.23446253,0.23446253,0.23446253,1.0394992,0.0,0.09130631,0.0,0.0,0.027,0.0,0.0,0.0,0.0,-27.58772,2.286944,0.7623147,0.14400001,0.0,0.14779828,0.0,0.0
hardzero_only__c0p58__z1p00__lam0p000__nu0p50__psi0p00,0.027,base,46,539,0.0,2,0.23446253,0.23446253,0.23446253,1.0599163,0.0,0.08711314,0.0,0.0,0.027,0.0,0.0,0.0,0.0,-27.584682,2.3318622,0.7772874,0.136,0.0,0.17345914,0.0,0.0
hardzero_only__c0p58__z1p00__lam0p000__nu0p50__psi0p00,0.027,base,46,540,0.0,2,0.23446253,0.23446253,0.23446253,1.0400592,0.0,0.09118863,0.0,0.0,0.027,0.0,0.0,0.0,0.0,-27.84719,2.288176,0.76272535,0.16800001,0.0,0.16019915,0.0,0.0
hardzero_only__c0p58__z1p00__lam0p000__nu0p50__psi0p00,0.027,base,46,541,0.0,2,0.23446253,0.23446253,0.23446253,1.0349045,0.0,0.09227744,0.0,0.0,0.027,0.0,0.0,0.0,0.0,-27.46197,2.2768354,0.75894517,0.15200001,0.0,0.16229445,0.0,0.0
hardzero_only__c0p58__z1p00__lam0p000__nu0p50__psi0p00,0.027,base,46,542,0.0,2,0.23446253,0.23446253,0.23446253,1.0587434,0.0,0.08734874,0.0,0.0,0.027,0.0,0.0,0.0,0.0,-27.951908,2.3292818,0.77642727,0.120000005,0.0,0.14826383,0.0,0.0
hardzero_only__c0p58__z1p00__lam0p000__nu0p50__psi0p00,0.027,base,46,543,0.0,2,0.23446253,0.23446253,0.23446253,1.0508691,0.0,0.08894691,0.0,0.0,0.027,0.0,0.0,0.0,0.0,-27.38227,2.3119583,0.7706528,0.128,0.0,0.13481952,0.0,0.0
hardzero_only__c0p58__z1p00__lam0p000__nu0p50__psi0p00,0.027,base,46,544,0.0,2,0.23446253,0.23446253,0.23446253,1.0321776,0.0,0.09285865,0.0,0.0,0.027,0.0,0.0,0.0,0.0,-26.950089,2.2708359,0.7569453,0.14400001,0.0,0.14156424,0.0,0.0
hardzero_only__c0p58__z1p00__lam0p000__nu0p50__psi0p00,0.027,base,46,545,0.0,2,0.23446253,0.23446253,0.23446253,1.0083396,0.0,0.09809805,0.0,0.0,0.027,0.0,0.0,0.0,0.0,-27.069939,2.2183914,0.7394638,0.16000001,0.0,0.14220494,0.0,0.0
hardzero_only__c0p58__z1p00__lam0p000__nu0p50__psi0p00,0.027,base,46,546,0.0,2,0.23446253,0.23717438,0.23717438,0.9980983,0.10043884,0.10043884,1.0,0.0027118488,0.027,0.0,0.0,0.0,0.0,-26.833168,2.1958601,0.7319534,0.12,0.0,0.14400463,0.0,0.0
hardzero_only__c0p58__z1p00__lam0p000__nu0p50__psi0p00,0.027,base,46,547,0.0,2,0.23717438,0.23997663,0.23997663,0.98385537,0.10378741,0.10378741,1.0,0.00280226,0.027,0.0,0.0,0.0,0.0,-26.74688,2.164525,0.7215084,0.17600001,0.0,0.14425547,0.0,0.0
hardzero_only__c0p58__z1p00__lam0p000__nu0p50__psi0p00,0.027,base,46,548,0.0,2,0.23997663,0.24291031,0.24291031,0.9639513,0.10865474,0.10865474,1.0,0.002933678,0.027,0.0,0.0,0.0,0.0,-26.568129,2.1207352,0.70691174,0.216,0.0,0.13501409,0.0,0.0
hardzero_only__c0p58__z1p00__lam0p000__nu0p50__psi0p00,0.027,base,46,549,0.0,2,0.24291031,0.24291031,0.24291031,1.0207136,0.0,0.09534248,0.0,0.0,0.027,0.0,0.0,0.0,0.0,-26.964247,2.2456148,0.74853826,0.096,0.0,0.14926581,0.0,0.0
hardzero_only__c0p58__z1p00__lam0p000__nu0p50__psi0p00,0.027,base,46,550,0.0,2,0.24291031,0.24573113,0.24573113,0.98098934,0.10447458,0.10447458,1.0,0.0028208138,0.027,0.0,0.0,0.0,0.0,-26.222595,2.1582196,0.71940655,0.192,0.0,0.13313197,0.0,0.0
hardzero_only__c0p58__z1p00__lam0p000__nu0p50__psi0p00,0.027,base,46,551,0.0,2,0.24573113,0.24573113,0.24573113,1.0175736,0.0,0.09603431,0.0,0.0,0.027,0.0,0.0,0.0,0.0,-28.044178,2.2387066,0.74623555,0.136,0.0,0.1556764,0.0,0.0
hardzero_only__c0p58__z1p00__lam0p000__nu0p50__psi0p00,0.027,base,46,552,0.0,2,0.24573113,0.24860856,0.24860856,0.9723584,0.10657161,0.10657161,1.0,0.0028774336,0.027,0.0,0.0,0.0,0.0,-27.837347,2.1392312,0.71307707,0.112,0.0,0.13042971,0.0,0.0
hardzero_only__c0p58__z1p00__lam0p000__nu0p50__psi0p00,0.027,base,46,553,0.0,2,0.24860856,0.24860856,0.24860856,1.0254494,0.0,0.09430844,0.0,0.0,0.027,0.0,0.0,0.0,0.0,-27.9774,2.2560337,0.75201124,0.15200001,0.0,0.14535503,0.0,0.0
hardzero_only__c0p58__z1p00__lam0p000__nu0p50__psi0p00,0.027,base,46,554,0.0,2,0.24860856,0.24860856,0.24860856,1.0286107,0.0,0.09362444,0.0,0.0,0.027,0.0,0.0,0.0,0.0,-28.218493,2.2629888,0.7543296,0.2,0.0,0.15627691,0.0,0.0
hardzero_only__c0p58__z1p00__lam0p000__nu0p50__psi0p00,0.027,base,46,555,0.0,2,0.24860856,0.25157273,0.25157273,0.95945925,0.109784424,0.109784424,1.0,0.0029641795,0.027,0.0,0.0,0.0,0.0,-26.34905,2.1108525,0.7036175,0.192,0.0,0.15568975,0.0,0.0
hardzero_only__c0p58__z1p00__lam0p000__nu0p50__psi0p00,0.027,base,46,556,0.0,2,0.25157273,0.25157273,0.25157273,1.0046269,0.0,0.098940276,0.0,0.0,0.027,0.0,0.0,0.0,0.0,-26.90625,2.2102232,0.73674107,0.15200001,0.0,0.12550367,0.0,0.0
hardzero_only__c0p58__z1p00__lam0p000__nu0p50__psi0p00,0.027,base,46,557,0.0,2,0.25157273,0.25435042,0.25435042,0.9876779,0.10287791,0.10287791,1.0,0.0027777036,0.027,0.0,0.0,0.0,0.0,-26.381615,2.1729348,0.7243116,0.16000001,0.0,0.11692144,0.0,0.0
hardzero_only__c0p58__z1p00__lam0p000__nu0p50__psi0p00,0.027,base,46,558,0.0,2,0.25435042,0.25708315,0.25708315,0.9947663,0.101212405,0.101212405,1.0,0.002732735,0.027,0.0,0.0,0.0,0.0,-27.112642,2.1885295,0.72950983,0.17600001,0.0,0.16034852,0.0,0.0
hardzero_only__c0p58__z1p00__lam0p000__nu0p50__psi0p00,0.027,base,46,559,0.0,2,0.25708315,0.25981075,0.25981075,0.9955811,0.10102268,0.10102268,1.0,0.0027276126,0.027,0.0,0.0,0.0,0.0,-26.16101,2.1903222,0.7301074,0.25,0.0,0.15288676,0.0,0.0
hardzero_only__c0p58__z1p00__lam0p000__nu0p50__psi0p00,0.027,base,46,560,0.0,2,0.25981075,0.25981075,0.25981075,1.0251648,0.0,0.094370246,0.0,0.0,0.027,0.0,0.0,0.0,0.0,-26.647852,2.2554076,0.75180256,0.15200001,0.0,0.17229468,0.0,0.0
hardzero_only__c0p58__z1p00__lam0p000__nu0p50__psi0p00,0.027,base,46,561,0.0,2,0.25981075,0.26257405,0.26257405,0.9899376,0.102344,0.102344,1.0,0.002763288,0.027,0.0,0.0,0.0,0.0,-27.123833,2.1779063,0.7259688,0.120000005,0.0,0.15140536,0.0,0.0
hardzero_only__c0p58__z1p00__lam0p000__nu0p50__psi0p00,0.027,base,46,562,0.0,2,0.26257405,0.26540038,0.26540038,0.9801397,0.10467918,0.10467918,1.0,0.002826338,0.027,0.0,0.0,0.0,0.0,-26.689615,2.1563504,0.7187835,0.17600001,0.0,0.13730787,0.0,0.0
hardzero_only__c0p58__z1p00__lam0p000__nu0p50__psi0p00,0.027,base,46,563,0.0,2,0.26540038,0.26540038,0.26540038,1.0323197,0.0,0.09282828,0.0,0.0,0.027,0.0,0.0,0.0,0.0,-26.7729,2.2711487,0.75704956,0.192,0.0,0.14885218,0.0,0.0
hardzero_only__c0p58__z1p00__lam0p000__nu0p50__psi0p00,0.027,base,46,564,0.0,2,0.26540038,0.2685498,0.2685498,0.9331312,0.116645694,0.116645694,1.0,0.0031494338,0.027,0.0,0.0,0.0,0.0,-25.851988,2.0529296,0.6843099,0.192,0.0,0.15022382,0.0,0.0
hardzero_only__c0p58__z1p00__lam0p000__nu0p50__psi0p00,0.027,base,46,565,0.0,2,0.2685498,0.2685498,0.2685498,1.0487038,0.0,0.08939149,0.0,0.0,0.027,0.0,0.0,0.0,0.0,-28.459904,2.3071945,0.76906484,0.15200001,0.0,0.16884065,0.0,0.0
hardzero_only__c0p58__z1p00__lam0p000__nu0p50__psi0p00,0.027,base,46,566,0.0,2,0.2685498,0.2685498,0.2685498,1.0107856,0.0,0.097547114,0.0,0.0,0.027,0.0,0.0,0.0,0.0,-27.174381,2.2237728,0.7412576,0.128,0.0,0.13939832,0.0,0.0
hardzero_only__c0p58__z1p00__lam0p000__nu0p50__psi0p00,0.027,base,46,567,0.0,2,0.2685498,0.2685498,0.2685498,1.0412809,0.0,0.090932496,0.0,0.0,0.027,0.0,0.0,0.0,0.0,-28.100256,2.2908638,0.7636213,0.128,0.0,0.14821663,0.0,0.0
hardzero_only__c0p58__z1p00__lam0p000__nu0p50__psi0p00,0.027,base,46,568,0.0,2,0.2685498,0.27133456,0.27133456,0.9865778,0.10313882,0.10313882,1.0,0.002784748,0.027,0.0,0.0,0.0,0.0,-26.320097,2.1705146,0.7235049,0.208,0.008,0.15573166,0.0,0.0
hardzero_only__c0p58__z1p00__lam0p000__nu0p50__psi0p00,0.027,base,46,569,0.0,2,0.27133456,0.27417746,0.27417746,0.97760296,0.1052924,0.1052924,1.0,0.002842895,0.027,0.0,0.0,0.0,0.0,-26.16686,2.1507695,0.7169232,0.15200001,0.0,0.1486209,0.0,0.0
hardzero_only__c0p58__z1p00__lam0p000__nu0p50__psi0p00,0.027,base,46,570,0.0,2,0.27417746,0.27417746,0.27417746,1.0552908,0.0,0.08804591,0.0,0.0,0.027,0.0,0.0,0.0,0.0,-28.173126,2.321686,0.7738954,0.104,0.0,0.17137955,0.0,0.0
hardzero_only__c0p58__z1p00__lam0p000__nu0p50__psi0p00,0.027,base,46,571,0.0,2,0.27417746,0.27417746,0.27417746,1.0385531,0.0,0.09150543,0.0,0.0,0.027,0.0,0.0,0.0,0.0,-28.27253,2.2848625,0.7616209,0.136,0.0,0.16040428,0.0,0.0
hardzero_only__c0p58__z1p00__lam0p000__nu0p50__psi0p00,0.027,base,46,572,0.0,2,0.27417746,0.27687764,0.27687764,0.99996984,0.10000693,0.10000693,1.0,0.0027001873,0.027,0.0,0.0,0.0,0.0,-27.976437,2.1999776,0.7333259,0.19999999,0.0,0.1410316,0.0,0.0
hardzero_only__c0p58__z1p00__lam0p000__nu0p50__psi0p00,0.027,base,46,573,0.0,2,0.27687764,0.27687764,0.27687764,1.0552552,0.0,0.08805314,0.0,0.0,0.027,0.0,0.0,0.0,0.0,-27.07515,2.3216078,0.7738693,0.128,0.0,0.16406372,0.0,0.0
hardzero_only__c0p58__z1p00__lam0p000__nu0p50__psi0p00,0.027,base,46,574,0.0,2,0.27687764,0.27687764,0.27687764,1.0167437,0.0,0.096218,0.0,0.0,0.027,0.0,0.0,0.0,0.0,-26.771385,2.2368808,0.7456269,0.16000001,0.0,0.15554538,0.0,0.0
hardzero_only__c0p58__z1p00__lam0p000__nu0p50__psi0p00,0.027,base,46,575,0.0,2,0.27687764,0.27687764,0.27687764,1.0412812,0.0,0.09093244,0.0,0.0,0.027,0.0,0.0,0.0,0.0,-27.408747,2.2908645,0.7636215,0.17600001,0.0,0.14470948,0.0,0.0
hardzero_only__c0p58__z1p00__lam0p000__nu0p50__psi0p00,0.027,base,46,576,0.0,2,0.27687764,0.27687764,0.27687764,1.0013244,0.0,0.0996955,0.0,0.0,0.027,0.0,0.0,0.0,0.0,-26.55886,2.2029576,0.7343192,0.16000001,0.0,0.14494194,0.0,0.0
hardzero_only__c0p58__z1p00__lam0p000__nu0p50__psi0p00,0.027,base,46,577,0.0,2,0.27687764,0.2797855,0.2797855,0.96778846,0.10769898,0.10769898,1.0,0.0029078724,0.027,0.0,0.0,0.0,0.0,-25.812162,2.129177,0.70972574,0.23200001,0.0,0.13933854,0.0,0.0
hardzero_only__c0p58__z1p00__lam0p000__nu0p50__psi0p00,0.027,base,46,578,0.0,2,0.2797855,0.28249982,0.28249982,0.99770653,0.10052949,0.10052949,1.0,0.0027142963,0.027,0.0,0.0,0.0,0.0,-26.954374,2.1949983,0.7316661,0.16000001,0.0,0.15367073,0.0,0.0
hardzero_only__c0p58__z1p00__lam0p000__nu0p50__psi0p00,0.027,base,46,579,0.0,2,0.28249982,0.28249982,0.28249982,1.0478889,0.0,0.0895594,0.0,0.0,0.027,0.0,0.0,0.0,0.0,-27.398478,2.3054016,0.7684672,0.096,0.0,0.14976758,0.0,0.0
hardzero_only__c0p58__z1p00__lam0p000__nu0p50__psi0p00,0.027,base,46,580,0.0,2,0.28249982,0.28249982,0.28249982,1.0311089,0.0,0.09308746,0.0,0.0,0.027,0.0,0.0,0.0,0.0,-27.90776,2.2684848,0.75616163,0.16000001,0.0,0.13991801,0.0,0.0
hardzero_only__c0p58__z1p00__lam0p000__nu0p50__psi0p00,0.027,base,46,581,0.0,2,0.28249982,0.28530297,0.28530297,0.9837158,0.10382076,0.10382076,1.0,0.0028031606,0.027,0.0,0.0,0.0,0.0,-26.81026,2.164218,0.721406,0.16000001,0.0,0.16502161,0.0,0.0
hardzero_only__c0p58__z1p00__lam0p000__nu0p50__psi0p00,0.027,base,46,582,0.0,2,0.28530297,0.28530297,0.28530297,1.037938,0.0,0.09163514,0.0,0.0,0.027,0.0,0.0,0.0,0.0,-27.303436,2.2835093,0.7611698,0.15200001,0.0,0.13899082,0.0,0.0
hardzero_only__c0p58__z1p00__lam0p000__nu0p50__psi0p00,0.027,base,46,583,0.0,2,0.28530297,0.28530297,0.28530297,1.0712446,0.0,0.08487023,0.0,0.0,0.027,0.0,0.0,0.0,0.0,-26.560064,2.356785,0.78559506,0.112,0.0,0.14745308,0.0,0.0
hardzero_only__c0p58__z1p00__lam0p000__nu0p50__psi0p00,0.027,base,46,584,0.0,2,0.28530297,0.28530297,0.28530297,1.0073768,0.0,0.098315775,0.0,0.0,0.027,0.0,0.0,0.0,0.0,-26.525837,2.216273,0.7387577,0.080000006,0.0,0.13146684,0.0,0.0
hardzero_only__c0p58__z1p00__lam0p000__nu0p50__psi0p00,0.027,base,46,585,0.0,2,0.28530297,0.28804472,0.28804472,0.9933333,0.1015469,0.1015469,1.0,0.0027417664,0.027,0.0,0.0,0.0,0.0,-27.656044,2.185377,0.728459,0.17999999,0.0,0.147594,0.0,0.0
hardzero_only__c0p58__z1p00__lam0p000__nu0p50__psi0p00,0.027,base,46,586,0.0,2,0.28804472,0.28804472,0.28804472,1.0345925,0.0,0.09234373,0.0,0.0,0.027,0.0,0.0,0.0,0.0,-27.414928,2.276149,0.75871634,0.24000001,0.0,0.17881969,0.0,0.0
hardzero_only__c0p58__z1p00__lam0p000__nu0p50__psi0p00,0.027,base,46,587,0.0,2,0.28804472,0.29077908,0.29077908,0.99450964,0.10127223,0.10127223,1.0,0.0027343503,0.027,0.0,0.0,0.0,0.0,-27.361217,2.187965,0.72932166,0.192,0.0,0.15899345,0.0,0.0
hardzero_only__c0p58__z1p00__lam0p000__nu0p50__psi0p00,0.027,base,46,588,0.0,2,0.29077908,0.29077908,0.29077908,1.0331767,0.0,0.09264527,0.0,0.0,0.027,0.0,0.0,0.0,0.0,-27.773153,2.273034,0.75767803,0.17600001,0.0,0.18202169,0.0,0.0
hardzero_only__c0p58__z1p00__lam0p000__nu0p50__psi0p00,0.027,base,46,589,0.0,2,0.29077908,0.29077908,0.29077908,1.0332456,0.0,0.09263059,0.0,0.0,0.027,0.0,0.0,0.0,0.0,-26.618536,2.2731857,0.7577286,0.136,0.0,0.17128022,0.0,0.0
hardzero_only__c0p58__z1p00__lam0p000__nu0p50__psi0p00,0.027,base,46,590,0.0,2,0.29077908,0.29371294,0.29371294,0.9639239,0.10866161,0.10866161,1.0,0.0029338636,0.027,0.0,0.0,0.0,0.0,-26.060175,2.1206748,0.70689166,0.16800001,0.0,0.13010179,0.0,0.0
hardzero_only__c0p58__z1p00__lam0p000__nu0p50__psi0p00,0.027,base,46,591,0.0,2,0.29371294,0.2964461,0.2964461,0.9946956,0.101228856,0.101228856,1.0,0.0027331791,0.027,0.0,0.0,0.0,0.0,-26.766895,2.188374,0.72945803,0.18400002,0.0,0.15054752,0.0,0.0
hardzero_only__c0p58__z1p00__lam0p000__nu0p50__psi0p00,0.027,base,46,592,0.0,2,0.2964461,0.2964461,0.2964461,1.0106287,0.0,0.097582355,0.0,0.0,0.027,0.0,0.0,0.0,0.0,-27.17512,2.2234275,0.7411425,0.136,0.0,0.14088191,0.0,0.0
hardzero_only__c0p58__z1p00__lam0p000__nu0p50__psi0p00,0.027,base,46,593,0.0,2,0.2964461,0.2964461,0.2964461,1.0033783,0.0,0.09922515,0.0,0.0,0.027,0.0,0.0,0.0,0.0,-27.545935,2.2074764,0.7358255,0.128,0.0,0.15288928,0.0,0.0
hardzero_only__c0p58__z1p00__lam0p000__nu0p50__psi0p00,0.027,base,46,594,0.0,2,0.2964461,0.2964461,0.2964461,1.0422119,0.0,0.09073776,0.0,0.0,0.027,0.0,0.0,0.0,0.0,-27.186562,2.292912,0.76430404,0.16800001,0.0,0.14924055,0.0,0.0
hardzero_only__c0p58__z1p00__lam0p000__nu0p50__psi0p00,0.027,base,46,595,0.0,2,0.2964461,0.29921317,0.29921317,0.98934364,0.102484055,0.102484055,1.0,0.0027670695,0.027,0.0,0.0,0.0,0.0,-26.509012,2.1765995,0.7255332,0.16000001,0.0,0.18240091,0.0,0.0
hardzero_only__c0p58__z1p00__lam0p000__nu0p50__psi0p00,0.027,base,46,596,0.0,2,0.29921317,0.29921317,0.29921317,1.0420264,0.0,0.09077654,0.0,0.0,0.027,0.0,0.0,0.0,0.0,-27.803383,2.2925038,0.76416796,0.120000005,0.0,0.15877803,0.0,0.0
hardzero_only__c0p58__z1p00__lam0p000__nu0p50__psi0p00,0.027,base,46,597,0.0,2,0.29921317,0.30198565,0.30198565,0.9884937,0.10268483,0.10268483,1.0,0.0027724905,0.027,0.0,0.0,0.0,0.0,-26.826353,2.1747296,0.7249099,0.112,0.0,0.13882396,0.0,0.0
hardzero_only__c0p58__z1p00__lam0p000__nu0p50__psi0p00,0.027,base,46,598,0.0,2,0.30198565,0.30198565,0.30198565,1.0171705,0.0,0.096123464,0.0,0.0,0.027,0.0,0.0,0.0,0.0,-27.713217,2.23782,0.74593997,0.21,0.0,0.14142217,0.0,0.0
hardzero_only__c0p58__z1p00__lam0p000__nu0p50__psi0p00,0.027,base,46,599,0.0,2,0.30198565,0.30198565,0.30198565,1.0587809,0.0,0.08734118,0.0,0.0,0.027,0.0,0.0,0.0,0.0,-28.62166,2.3293645,0.77645487,0.16000001,0.0,0.16840848,0.0,0.0
hardzero_only__c0p58__z1p00__lam0p000__nu0p50__psi0p00,0.027,base,46,600,0.0,2,0.30198565,0.30198565,0.30198565,1.0209672,0.0,0.09528681,0.0,0.0,0.027,0.0,0.0,0.0,0.0,-27.035845,2.2461727,0.7487242,0.15200001,0.0,0.14595363,0.0,0.0
hardzero_only__c0p58__z1p00__lam0p000__nu0p50__psi0p00,0.027,base,46,601,0.0,2,0.30198565,0.30198565,0.30198565,1.0139617,0.0,0.09683633,0.0,0.0,0.027,0.0,0.0,0.0,0.0,-27.104197,2.23076,0.7435867,0.18400002,0.0,0.1412967,0.0,0.0
hardzero_only__c0p58__z1p00__lam0p000__nu0p50__psi0p00,0.027,base,46,602,0.0,2,0.30198565,0.3047002,0.3047002,0.9976677,0.10053848,0.10053848,1.0,0.002714539,0.027,0.0,0.0,0.0,0.0,-27.44556,2.1949127,0.7316376,0.192,0.0,0.18201493,0.0,0.0
hardzero_only__c0p58__z1p00__lam0p000__nu0p50__psi0p00,0.027,base,46,603,0.0,2,0.3047002,0.3047002,0.3047002,1.0625418,0.0,0.086588085,0.0,0.0,0.027,0.0,0.0,0.0,0.0,-27.736584,2.3376386,0.7792129,0.104,0.0,0.14441116,0.0,0.0
hardzero_only__c0p58__z1p00__lam0p000__nu0p50__psi0p00,0.027,base,46,604,0.0,2,0.3047002,0.30750564,0.30750564,0.98336303,0.103905134,0.103905134,1.0,0.0028054386,0.027,0.0,0.0,0.0,0.0,-27.31169,2.163442,0.7211473,0.256,0.0,0.15059817,0.0,0.0
hardzero_only__c0p58__z1p00__lam0p000__nu0p50__psi0p00,0.027,base,46,605,0.0,2,0.30750564,0.31030348,0.31030348,0.9845423,0.10362335,0.10362335,1.0,0.0027978306,0.027,0.0,0.0,0.0,0.0,-26.618898,2.1660364,0.72201216,0.128,0.0,0.15439981,0.0,0.0
hardzero_only__c0p58__z1p00__lam0p000__nu0p50__psi0p00,0.027,base,46,606,0.0,2,0.31030348,0.31030348,0.31030348,1.0341281,0.0,0.09244255,0.0,0.0,0.027,0.0,0.0,0.0,0.0,-27.448845,2.2751272,0.75837576,0.112,0.0,0.1506439,0.0,0.0
hardzero_only__c0p58__z1p00__lam0p000__nu0p50__psi0p00,0.027,base,46,607,0.0,2,0.31030348,0.31030348,0.31030348,1.0077739,0.0,0.09822592,0.0,0.0,0.027,0.0,0.0,0.0,0.0,-26.928804,2.2171469,0.73904896,0.08800001,0.0,0.1567704,0.0,0.0
hardzero_only__c0p58__z1p00__lam0p000__nu0p50__psi0p00,0.027,base,46,608,0.0,2,0.31030348,0.31324193,0.31324193,0.9632461,0.10883133,0.10883133,1.0,0.0029384461,0.027,0.0,0.0,0.0,0.0,-25.834116,2.1191838,0.7063946,0.14400001,0.0,0.13931872,0.0,0.0
hardzero_only__c0p58__z1p00__lam0p000__nu0p50__psi0p00,0.027,base,46,609,0.0,2,0.31324193,0.31595156,0.31595156,0.9984555,0.10035626,0.10035626,1.0,0.002709619,0.027,0.0,0.0,0.0,0.0,-27.163563,2.196646,0.73221534,0.24000001,0.0,0.14159097,0.0,0.0
hardzero_only__c0p58__z1p00__lam0p000__nu0p50__psi0p00,0.027,base,46,610,0.0,2,0.31595156,0.31595156,0.31595156,1.0248957,0.0,0.09442876,0.0,0.0,0.027,0.0,0.0,0.0,0.0,-26.914625,2.2548156,0.7516052,0.16000001,0.0,0.1806785,0.0,0.0
hardzero_only__c0p58__z1p00__lam0p000__nu0p50__psi0p00,0.027,base,46,611,0.0,2,0.31595156,0.3187737,0.3187737,0.980785,0.10452373,0.10452373,1.0,0.002822141,0.027,0.0,0.0,0.0,0.0,-27.13964,2.1577702,0.71925676,0.19,0.0,0.16348583,0.0,0.0
hardzero_only__c0p58__z1p00__lam0p000__nu0p50__psi0p00,0.027,base,46,612,0.0,2,0.3187737,0.32181156,0.32181156,0.9487964,0.11251323,0.11251323,1.0,0.0030378574,0.027,0.0,0.0,0.0,0.0,-25.754126,2.0873938,0.6957979,0.15200001,0.0,0.123941466,0.0,0.0
hardzero_only__c0p58__z1p00__lam0p000__nu0p50__psi0p00,0.027,base,46,613,0.0,2,0.32181156,0.32181156,0.32181156,1.014217,0.0,0.09677941,0.0,0.0,0.027,0.0,0.0,0.0,0.0,-27.05449,2.231322,0.74377406,0.18400002,0.0,0.14939506,0.0,0.0
hardzero_only__c0p58__z1p00__lam0p000__nu0p50__psi0p00,0.027,base,46,614,0.0,2,0.32181156,0.32469085,0.32469085,0.9720798,0.10664001,0.10664001,1.0,0.0028792804,0.027,0.0,0.0,0.0,0.0,-26.92965,2.1386182,0.71287274,0.216,0.0,0.14910264,0.0,0.0
hardzero_only__c0p58__z1p00__lam0p000__nu0p50__psi0p00,0.027,base,46,615,0.0,2,0.32469085,0.32769537,0.32769537,0.95359015,0.111278124,0.111278124,1.0,0.0030045095,0.027,0.0,0.0,0.0,0.0,-25.845665,2.0979402,0.6993134,0.208,0.0,0.124411926,0.0,0.0
hardzero_only__c0p58__z1p00__lam0p000__nu0p50__psi0p00,0.027,base,46,616,0.0,2,0.32769537,0.32769537,0.32769537,1.0541798,0.0,0.08827145,0.0,0.0,0.027,0.0,0.0,0.0,0.0,-27.523485,2.3192418,0.7730806,0.128,0.0,0.16437232,0.0,0.0
hardzero_only__c0p58__z1p00__lam0p000__nu0p50__psi0p00,0.027,base,46,617,0.0,2,0.32769537,0.3306283,0.3306283,0.9640631,0.10862677,0.10862677,1.0,0.002932923,0.027,0.0,0.0,0.0,0.0,-25.84918,2.1209812,0.70699376,0.192,0.0,0.14561556,0.0,0.0
hardzero_only__c0p58__z1p00__lam0p000__nu0p50__psi0p00,0.027,base,46,618,0.0,2,0.3306283,0.3306283,0.3306283,1.0295705,0.0,0.09341777,0.0,0.0,0.027,0.0,0.0,0.0,0.0,-28.276056,2.2651002,0.75503343,0.18400002,0.0,0.16466084,0.0,0.0
hardzero_only__c0p58__z1p00__lam0p000__nu0p50__psi0p00,0.027,base,46,619,0.0,2,0.3306283,0.33360547,0.33360547,0.95756245,0.110264964,0.110264964,1.0,0.0029771542,0.027,0.0,0.0,0.0,0.0,-25.414373,2.1066794,0.7022265,0.216,0.0,0.14844027,0.0,0.0
hardzero_only__c0p58__z1p00__lam0p000__nu0p50__psi0p00,0.027,base,46,620,0.0,2,0.33360547,0.33360547,0.33360547,1.038898,0.0,0.09143279,0.0,0.0,0.027,0.0,0.0,0.0,0.0,-27.488289,2.2856212,0.7618737,0.192,0.0,0.14965591,0.0,0.0
hardzero_only__c0p58__z1p00__lam0p000__nu0p50__psi0p00,0.027,base,46,621,0.0,2,0.33360547,0.33631533,0.33631533,0.99841714,0.10036514,0.10036514,1.0,0.0027098588,0.027,0.0,0.0,0.0,0.0,-27.4744,2.1965616,0.7321872,0.2,0.0,0.16424279,0.0,0.0
hardzero_only__c0p58__z1p00__lam0p000__nu0p50__psi0p00,0.027,base,46,622,0.0,2,0.33631533,0.33631533,0.33631533,1.0040005,0.0,0.09908307,0.0,0.0,0.027,0.0,0.0,0.0,0.0,-27.525557,2.2088454,0.7362818,0.17600001,0.0,0.16042657,0.0,0.0
hardzero_only__c0p58__z1p00__lam0p000__nu0p50__psi0p00,0.027,base,46,623,0.0,2,0.33631533,0.33631533,0.33631533,1.0456903,0.0,0.09001393,0.0,0.0,0.027,0.0,0.0,0.0,0.0,-27.702644,2.3005645,0.7668549,0.14400001,0.0,0.14879525,0.0,0.0
hardzero_only__c0p58__z1p00__lam0p000__nu0p50__psi0p00,0.027,base,46,624,0.0,2,0.33631533,0.33631533,0.33631533,1.0709947,0.0,0.08491907,0.0,0.0,0.027,0.0,0.0,0.0,0.0,-28.576864,2.3562355,0.78541183,0.16,0.0,0.14874642,0.0,0.0
hardzero_only__c0p58__z1p00__lam0p000__nu0p50__psi0p00,0.027,base,46,625,0.0,2,0.33631533,0.33903915,0.33903915,0.9961856,0.10088215,0.10088215,1.0,0.0027238182,0.027,0.0,0.0,0.0,0.0,-26.25001,2.191652,0.7305507,0.120000005,0.0,0.14464003,0.0,0.0
hardzero_only__c0p58__z1p00__lam0p000__nu0p50__psi0p00,0.027,base,46,626,0.0,2,0.33903915,0.34181392,0.34181392,0.9881375,0.102769084,0.102769084,1.0,0.0027747652,0.027,0.0,0.0,0.0,0.0,-27.540157,2.173946,0.72464865,0.192,0.0,0.16011094,0.0,0.0
hardzero_only__c0p58__z1p00__lam0p000__nu0p50__psi0p00,0.027,base,46,627,0.0,2,0.34181392,0.34459448,0.34459448,0.9872328,0.102983385,0.102983385,1.0,0.0027805516,0.027,0.0,0.0,0.0,0.0,-26.236427,2.1719556,0.7239852,0.192,0.0,0.12030354,0.0,0.0
hardzero_only__c0p58__z1p00__lam0p000__nu0p50__psi0p00,0.027,base,46,628,0.0,2,0.34459448,0.34735036,0.34735036,0.9911032,0.10206968,0.10206968,1.0,0.0027558815,0.027,0.0,0.0,0.0,0.0,-27.184732,2.1804705,0.7268235,0.216,0.0,0.15247294,0.0,0.0
hardzero_only__c0p58__z1p00__lam0p000__nu0p50__psi0p00,0.027,base,46,629,0.0,2,0.34735036,0.34735036,0.34735036,1.0046066,0.0,0.09894491,0.0,0.0,0.027,0.0,0.0,0.0,0.0,-26.651186,2.2101786,0.7367262,0.112,0.0,0.14352153,0.0,0.0
hardzero_only__c0p58__z1p00__lam0p000__nu0p50__psi0p00,0.027,base,46,630,0.0,2,0.34735036,0.35010898,0.35010898,0.9906731,0.102170825,0.102170825,1.0,0.0027586124,0.027,0.0,0.0,0.0,0.0,-26.684443,2.1795244,0.72650814,0.2,0.0,0.14566475,0.0,0.0
hardzero_only__c0p58__z1p00__lam0p000__nu0p50__psi0p00,0.027,base,46,631,0.0,2,0.35010898,0.3529319,0.3529319,0.9806666,0.104552254,0.104552254,1.0,0.002822911,0.027,0.0,0.0,0.0,0.0,-26.99445,2.1575096,0.71916986,0.17600001,0.0,0.1392856,0.0,0.0
hardzero_only__c0p58__z1p00__lam0p000__nu0p50__psi0p00,0.027,base,46,632,0.0,2,0.3529319,0.3529319,0.3529319,1.0322539,0.0,0.09284236,0.0,0.0,0.027,0.0,0.0,0.0,0.0,-27.046564,2.271004,0.75700134,0.17600001,0.0,0.1686036,0.0,0.0
hardzero_only__c0p58__z1p00__lam0p000__nu0p50__psi0p00,0.027,base,46,633,0.0,2,0.3529319,0.3529319,0.3529319,1.0118163,0.0,0.09731589,0.0,0.0,0.027,0.0,0.0,0.0,0.0,-27.398079,2.2260401,0.7420134,0.128,0.0,0.15971489,0.0,0.0
hardzero_only__c0p58__z1p00__lam0p000__nu0p50__psi0p00,0.027,base,46,634,0.0,2,0.3529319,0.3557088,0.3557088,0.9877984,0.102849364,0.102849364,1.0,0.002776933,0.027,0.0,0.0,0.0,0.0,-26.814915,2.1732,0.7244,0.16000001,0.0,0.14080746,0.0,0.0
hardzero_only__c0p58__z1p00__lam0p000__nu0p50__psi0p00,0.027,base,46,635,0.0,2,0.3557088,0.3557088,0.3557088,1.0417697,0.0,0.0908302,0.0,0.0,0.027,0.0,0.0,0.0,0.0,-27.075861,2.2919393,0.7639798,0.16800001,0.0,0.12867859,0.0,0.0
hardzero_only__c0p58__z1p00__lam0p000__nu0p50__psi0p00,0.027,base,46,636,0.0,2,0.3557088,0.35847738,0.35847738,0.98910534,0.10254032,0.10254032,1.0,0.0027685887,0.027,0.0,0.0,0.0,0.0,-26.200624,2.1760752,0.7253584,0.16000001,0.0,0.15212831,0.0,0.0
hardzero_only__c0p58__z1p00__lam0p000__nu0p50__psi0p00,0.027,base,46,637,0.0,2,0.35847738,0.35847738,0.35847738,1.0253676,0.0,0.094326206,0.0,0.0,0.027,0.0,0.0,0.0,0.0,-27.43866,2.255854,0.75195134,0.14,0.0,0.15191822,0.0,0.0
hardzero_only__c0p58__z1p00__lam0p000__nu0p50__psi0p00,0.027,base,46,638,0.0,2,0.35847738,0.36118898,0.36118898,0.9981382,0.10042962,0.10042962,1.0,0.0027115997,0.027,0.0,0.0,0.0,0.0,-26.70128,2.195948,0.73198265,0.192,0.0,0.13524154,0.0,0.0
hardzero_only__c0p58__z1p00__lam0p000__nu0p50__psi0p00,0.027,base,46,639,0.0,2,0.36118898,0.36118898,0.36118898,1.0083785,0.0,0.09808928,0.0,0.0,0.027,0.0,0.0,0.0,0.0,-27.126368,2.218477,0.73949236,0.14400001,0.0,0.16302757,0.0,0.0
hardzero_only__c0p58__z1p00__lam0p000__nu0p50__psi0p00,0.027,base,46,640,0.0,2,0.36118898,0.36118898,0.36118898,1.0034407,0.0,0.09921086,0.0,0.0,0.027,0.0,0.0,0.0,0.0,-26.812622,2.2076137,0.73587126,0.192,0.0,0.12217894,0.0,0.0
hardzero_only__c0p58__z1p00__lam0p000__nu0p50__psi0p00,0.027,base,46,641,0.0,2,0.36118898,0.36118898,0.36118898,1.01775,0.0,0.09599531,0.0,0.0,0.027,0.0,0.0,0.0,0.0,-26.965286,2.2390947,0.74636495,0.120000005,0.0,0.13717316,0.0,0.0
hardzero_only__c0p58__z1p00__lam0p000__nu0p50__psi0p00,0.027,base,46,642,0.0,2,0.36118898,0.36118898,0.36118898,1.0570388,0.0,0.087692246,0.0,0.0,0.027,0.0,0.0,0.0,0.0,-27.832739,2.3255317,0.77517724,0.112,0.0,0.14955635,0.0,0.0
hardzero_only__c0p58__z1p00__lam0p000__nu0p50__psi0p00,0.027,base,46,643,0.0,2,0.36118898,0.36397323,0.36397323,0.9866563,0.103120185,0.103120185,1.0,0.0027842452,0.027,0.0,0.0,0.0,0.0,-27.564531,2.1706872,0.7235624,0.18400002,0.0,0.13539268,0.0,0.0
hardzero_only__c0p58__z1p00__lam0p000__nu0p50__psi0p00,0.027,base,46,644,0.0,2,0.36397323,0.3668689,0.3668689,0.9696107,0.10724802,0.10724802,1.0,0.0028956968,0.027,0.0,0.0,0.0,0.0,-26.432724,2.133186,0.7110621,0.18400002,0.0,0.15349884,0.0,0.0
hardzero_only__c0p58__z1p00__lam0p000__nu0p50__psi0p00,0.027,base,46,645,0.0,2,0.3668689,0.36975655,0.36975655,0.97082,0.106949806,0.106949806,1.0,0.0028876448,0.027,0.0,0.0,0.0,0.0,-25.887999,2.1358466,0.7119489,0.18400002,0.0,0.13873614,0.0,0.0
hardzero_only__c0p58__z1p00__lam0p000__nu0p50__psi0p00,0.027,base,46,646,0.0,2,0.36975655,0.36975655,0.36975655,1.0072721,0.0,0.098339476,0.0,0.0,0.027,0.0,0.0,0.0,0.0,-27.133766,2.216043,0.738681,0.096,0.0,0.14312361,0.0,0.0
hardzero_only__c0p58__z1p00__lam0p000__nu0p50__psi0p00,0.027,base,46,647,0.0,2,0.36975655,0.36975655,0.36975655,1.0933973,0.0,0.08064969,0.0,0.0,0.027,0.0,0.0,0.0,0.0,-28.177307,2.405522,0.8018407,0.14400001,0.0,0.17333522,0.0,0.0
hardzero_only__c0p58__z1p00__lam0p000__nu0p50__psi0p00,0.027,base,46,648,0.0,2,0.36975655,0.36975655,0.36975655,1.0082641,0.0,0.09811512,0.0,0.0,0.027,0.0,0.0,0.0,0.0,-26.937538,2.2182252,0.73940843,0.136,0.0,0.13133653,0.0,0.0
hardzero_only__c0p58__z1p00__lam0p000__nu0p50__psi0p00,0.027,base,46,649,0.0,2,0.36975655,0.36975655,0.36975655,1.0209633,0.0,0.095287666,0.0,0.0,0.027,0.0,0.0,0.0,0.0,-27.03709,2.246164,0.74872136,0.112,0.0,0.13539267,0.0,0.0
hardzero_only__c0p58__z1p00__lam0p000__nu0p50__psi0p00,0.027,base,46,650,0.0,2,0.36975655,0.37278,0.37278,0.95086205,0.11197936,0.11197936,1.0,0.0030234428,0.027,0.0,0.0,0.0,0.0,-25.27005,2.0919383,0.6973128,0.14999999,0.0,0.11382164,0.0,0.0
hardzero_only__c0p58__z1p00__lam0p000__nu0p50__psi0p00,0.027,base,46,651,0.0,2,0.37278,0.37561986,0.37561986,0.97806495,0.10518045,0.10518045,1.0,0.0028398721,0.027,0.0,0.0,0.0,0.0,-26.979364,2.1517859,0.71726197,0.192,0.0,0.12249521,0.0,0.0
hardzero_only__c0p58__z1p00__lam0p000__nu0p50__psi0p00,0.027,base,46,652,0.0,2,0.37561986,0.37561986,0.37561986,1.0185002,0.0,0.09582963,0.0,0.0,0.027,0.0,0.0,0.0,0.0,-26.976688,2.2407453,0.7469151,0.128,0.008,0.14469826,0.0,0.0
hardzero_only__c0p58__z1p00__lam0p000__nu0p50__psi0p00,0.027,base,46,653,0.0,2,0.37561986,0.37862602,0.37862602,0.9533528,0.11133898,0.11133898,1.0,0.0030061526,0.027,0.0,0.0,0.0,0.0,-25.706114,2.097418,0.69913936,0.16800001,0.0,0.1313537,0.0,0.0
hardzero_only__c0p58__z1p00__lam0p000__nu0p50__psi0p00,0.027,base,46,654,0.0,2,0.37862602,0.37862602,0.37862602,1.0267713,0.0,0.094021834,0.0,0.0,0.027,0.0,0.0,0.0,0.0,-27.099634,2.258942,0.75298065,0.128,0.0,0.14424643,0.0,0.0
hardzero_only__c0p58__z1p00__lam0p000__nu0p50__psi0p00,0.027,base,46,655,0.0,2,0.37862602,0.38157392,0.38157392,0.9618516,0.10918132,0.10918132,1.0,0.0029478958,0.027,0.0,0.0,0.0,0.0,-26.307314,2.1161158,0.705372,0.208,0.0,0.12541386,0.0,0.0
hardzero_only__c0p58__z1p00__lam0p000__nu0p50__psi0p00,0.027,base,46,656,0.0,2,0.38157392,0.38157392,0.38157392,1.0753578,0.0,0.08407023,0.0,0.0,0.027,0.0,0.0,0.0,0.0,-28.226124,2.3658345,0.78861153,0.16800001,0.0,0.17733943,0.0,0.0
hardzero_only__c0p58__z1p00__lam0p000__nu0p50__psi0p00,0.027,base,46,657,0.0,2,0.38157392,0.38440448,0.38440448,0.97949284,0.10483521,0.10483521,1.0,0.0028305508,0.027,0.0,0.0,0.0,0.0,-26.6535,2.1549273,0.7183091,0.136,0.0,0.1526949,0.0,0.0
hardzero_only__c0p58__z1p00__lam0p000__nu0p50__psi0p00,0.027,base,46,658,0.0,2,0.38440448,0.38440448,0.38440448,1.0256138,0.0,0.09427276,0.0,0.0,0.027,0.0,0.0,0.0,0.0,-26.97081,2.2563953,0.7521318,0.14400001,0.0,0.14543879,0.0,0.0
hardzero_only__c0p58__z1p00__lam0p000__nu0p50__psi0p00,0.027,base,46,659,0.0,2,0.38440448,0.38739812,0.38739812,0.95516413,0.11087556,0.11087556,1.0,0.0029936403,0.027,0.0,0.0,0.0,0.0,-26.498169,2.101403,0.7004677,0.28800002,0.0,0.17726612,0.0,0.0
hardzero_only__c0p58__z1p00__lam0p000__nu0p50__psi0p00,0.027,base,46,660,0.0,2,0.38739812,0.38739812,0.38739812,1.0619937,0.0,0.086697444,0.0,0.0,0.027,0.0,0.0,0.0,0.0,-28.17011,2.336433,0.778811,0.120000005,0.0,0.16455027,0.0,0.0
hardzero_only__c0p58__z1p00__lam0p000__nu0p50__psi0p00,0.027,base,46,661,0.0,2,0.38739812,0.38739812,0.38739812,1.0446421,0.0,0.09023144,0.0,0.0,0.027,0.0,0.0,0.0,0.0,-27.532642,2.2982585,0.7660862,0.15200001,0.0,0.18401065,0.0,0.0
hardzero_only__c0p58__z1p00__lam0p000__nu0p50__psi0p00,0.027,base,46,662,0.0,2,0.38739812,0.3902077,0.3902077,0.982723,0.10405836,0.10405836,1.0,0.0028095758,0.027,0.0,0.0,0.0,0.0,-26.90157,2.1620338,0.720678,0.224,0.0,0.14418598,0.0,0.0
hardzero_only__c0p58__z1p00__lam0p000__nu0p50__psi0p00,0.027,base,46,663,0.0,2,0.3902077,0.39296266,0.39296266,0.9912468,0.10203594,0.10203594,1.0,0.0027549705,0.027,0.0,0.0,0.0,0.0,-26.489132,2.1807866,0.7269289,0.17999999,0.0,0.15404837,0.0,0.0
hardzero_only__c0p58__z1p00__lam0p000__nu0p50__psi0p00,0.027,base,46,664,0.0,2,0.39296266,0.39296266,0.39296266,1.0143594,0.0,0.0967477,0.0,0.0,0.027,0.0,0.0,0.0,0.0,-26.758469,2.231635,0.74387836,0.136,0.0,0.15647262,0.0,0.0
hardzero_only__c0p58__z1p00__lam0p000__nu0p50__psi0p00,0.027,base,46,665,0.0,2,0.39296266,0.39567786,0.39567786,0.99756014,0.100563385,0.100563385,1.0,0.0027152114,0.027,0.0,0.0,0.0,0.0,-27.03468,2.1946762,0.73155874,0.104,0.0,0.14277084,0.0,0.0
hardzero_only__c0p58__z1p00__lam0p000__nu0p50__psi0p00,0.027,base,46,666,0.0,2,0.39567786,0.3985199,0.3985199,0.97773236,0.10526103,0.10526103,1.0,0.0028420477,0.027,0.0,0.0,0.0,0.0,-26.068031,2.1510541,0.71701807,0.2,0.0,0.14960156,0.0,0.0
hardzero_only__c0p58__z1p00__lam0p000__nu0p50__psi0p00,0.027,base,46,667,0.0,2,0.3985199,0.4012849,0.4012849,0.98966736,0.10240771,0.10240771,1.0,0.0027650082,0.027,0.0,0.0,0.0,0.0,-26.497936,2.1773117,0.7257706,0.16000001,0.0,0.1599724,0.0,0.0
hardzero_only__c0p58__z1p00__lam0p000__nu0p50__psi0p00,0.027,base,46,668,0.0,2,0.4012849,0.404006,0.404006,0.9966177,0.10078186,0.10078186,1.0,0.0027211101,0.027,0.0,0.0,0.0,0.0,-27.331427,2.1926026,0.73086756,0.18400002,0.0,0.16028233,0.0,0.0
hardzero_only__c0p58__z1p00__lam0p000__nu0p50__psi0p00,0.027,base,46,669,0.0,2,0.404006,0.40694675,0.40694675,0.96290714,0.10891629,0.10891629,1.0,0.00294074,0.027,0.0,0.0,0.0,0.0,-25.713295,2.118438,0.706146,0.15200001,0.0,0.14060755,0.0,0.0
hardzero_only__c0p58__z1p00__lam0p000__nu0p50__psi0p00,0.027,base,46,670,0.0,2,0.40694675,0.40694675,0.40694675,1.0313876,0.0,0.09302773,0.0,0.0,0.027,0.0,0.0,0.0,0.0,-26.49955,2.269098,0.756366,0.14400001,0.0,0.14799874,0.0,0.0
hardzero_only__c0p58__z1p00__lam0p000__nu0p50__psi0p00,0.027,base,46,671,0.0,2,0.40694675,0.40694675,0.40694675,1.0490246,0.0,0.08932549,0.0,0.0,0.027,0.0,0.0,0.0,0.0,-27.699238,2.3079002,0.7693001,0.18400002,0.0,0.17742042,0.0,0.0
hardzero_only__c0p58__z1p00__lam0p000__nu0p50__psi0p00,0.027,base,46,672,0.0,2,0.40694675,0.40970245,0.40970245,0.9911325,0.10206279,0.10206279,1.0,0.0027556955,0.027,0.0,0.0,0.0,0.0,-25.882263,2.180535,0.726845,0.24000001,0.0,0.14949283,0.0,0.0
hardzero_only__c0p58__z1p00__lam0p000__nu0p50__psi0p00,0.027,base,46,673,0.0,2,0.40970245,0.41241285,0.41241285,0.9983324,0.10038471,0.10038471,1.0,0.0027103873,0.027,0.0,0.0,0.0,0.0,-26.371073,2.1963751,0.73212504,0.15200001,0.0,0.14443776,0.0,0.0
hardzero_only__c0p58__z1p00__lam0p000__nu0p50__psi0p00,0.027,base,46,674,0.0,2,0.41241285,0.41241285,0.41241285,1.0127264,0.0,0.097112134,0.0,0.0,0.027,0.0,0.0,0.0,0.0,-26.47171,2.2280426,0.7426809,0.17600001,0.0,0.1681235,0.0,0.0
hardzero_only__c0p58__z1p00__lam0p000__nu0p50__psi0p00,0.027,base,46,675,0.0,2,0.41241285,0.41523114,0.41523114,0.98137975,0.10438071,0.10438071,1.0,0.0028182792,0.027,0.0,0.0,0.0,0.0,-25.355453,2.1590786,0.7196929,0.14400001,0.0,0.15129867,0.0,0.0
hardzero_only__c0p58__z1p00__lam0p000__nu0p50__psi0p00,0.027,base,46,676,0.0,2,0.41523114,0.41523114,0.41523114,1.0434653,0.0,0.09047628,0.0,0.0,0.027,0.0,0.0,0.0,0.0,-27.542772,2.2956693,0.76522315,0.16,0.0,0.14918017,0.0,0.0
hardzero_only__c0p58__z1p00__lam0p000__nu0p50__psi0p00,0.027,base,46,677,0.0,2,0.41523114,0.41795647,0.41795647,0.9959444,0.10093821,0.10093821,1.0,0.0027253318,0.027,0.0,0.0,0.0,0.0,-27.523333,2.1911213,0.7303738,0.17600001,0.0,0.16665716,0.0,0.0
hardzero_only__c0p58__z1p00__lam0p000__nu0p50__psi0p00,0.027,base,46,678,0.0,2,0.41795647,0.41795647,0.41795647,1.0814148,0.0,0.08290585,0.0,0.0,0.027,0.0,0.0,0.0,0.0,-28.20914,2.3791602,0.7930534,0.136,0.0,0.14630993,0.0,0.0
hardzero_only__c0p58__z1p00__lam0p000__nu0p50__psi0p00,0.027,base,46,679,0.0,2,0.41795647,0.42078817,0.42078817,0.9793164,0.104877815,0.104877815,1.0,0.002831701,0.027,0.0,0.0,0.0,0.0,-26.52659,2.154539,0.7181797,0.17600001,0.0,0.16902055,0.0,0.0
hardzero_only__c0p58__z1p00__lam0p000__nu0p50__psi0p00,0.027,base,46,680,0.0,2,0.42078817,0.4234931,0.4234931,0.9992095,0.100182176,0.100182176,1.0,0.0027049189,0.027,0.0,0.0,0.0,0.0,-27.012339,2.198305,0.7327683,0.14400001,0.0,0.14127634,0.0,0.0
hardzero_only__c0p58__z1p00__lam0p000__nu0p50__psi0p00,0.027,base,46,681,0.0,2,0.4234931,0.4234931,0.4234931,1.0301414,0.0,0.09329506,0.0,0.0,0.027,0.0,0.0,0.0,0.0,-26.833496,2.2663562,0.7554521,0.17600001,0.0,0.13342093,0.0,0.0
hardzero_only__c0p58__z1p00__lam0p000__nu0p50__psi0p00,0.027,base,46,682,0.0,2,0.4234931,0.4262901,0.4262901,0.98467207,0.1035924,0.1035924,1.0,0.002796995,0.027,0.0,0.0,0.0,0.0,-26.828363,2.1663218,0.7221073,0.224,0.0,0.1517286,0.0,0.0
hardzero_only__c0p58__z1p00__lam0p000__nu0p50__psi0p00,0.027,base,46,683,0.0,2,0.4262901,0.4262901,0.4262901,1.0335609,0.0,0.09256336,0.0,0.0,0.027,0.0,0.0,0.0,0.0,-27.140116,2.2738793,0.7579598,0.15200001,0.0,0.15769988,0.0,0.0
hardzero_only__c0p58__z1p00__lam0p000__nu0p50__psi0p00,0.027,base,46,684,0.0,2,0.4262901,0.4262901,0.4262901,1.0525224,0.0,0.08860894,0.0,0.0,0.027,0.0,0.0,0.0,0.0,-27.648226,2.3155956,0.77186525,0.14400001,0.0,0.17578825,0.0,0.0
hardzero_only__c0p58__z1p00__lam0p000__nu0p50__psi0p00,0.027,base,46,685,0.0,2,0.4262901,0.42900878,0.42900878,0.9970066,0.10069165,0.10069165,1.0,0.0027186745,0.027,0.0,0.0,0.0,0.0,-26.95274,2.1934583,0.7311528,0.120000005,0.0,0.14152886,0.0,0.0
hardzero_only__c0p58__z1p00__lam0p000__nu0p50__psi0p00,0.027,base,46,686,0.0,2,0.42900878,0.4317372,0.4317372,0.99544966,0.10105326,0.10105326,1.0,0.002728438,0.027,0.0,0.0,0.0,0.0,-27.13927,2.190033,0.730011,0.128,0.0,0.16437884,0.0,0.0
hardzero_only__c0p58__z1p00__lam0p000__nu0p50__psi0p00,0.027,base,46,687,0.0,2,0.4317372,0.4317372,0.4317372,1.0182675,0.0,0.09588098,0.0,0.0,0.027,0.0,0.0,0.0,0.0,-26.710297,2.2402332,0.7467444,0.112,0.0,0.1530029,0.0,0.0
hardzero_only__c0p58__z1p00__lam0p000__nu0p50__psi0p00,0.027,base,46,688,0.0,2,0.4317372,0.43474072,0.43474072,0.9537368,0.111240566,0.111240566,1.0,0.0030034953,0.027,0.0,0.0,0.0,0.0,-25.97795,2.0982628,0.6994209,0.18400002,0.0,0.11536072,0.0,0.0
hardzero_only__c0p58__z1p00__lam0p000__nu0p50__psi0p00,0.027,base,46,689,0.0,2,0.43474072,0.43474072,0.43474072,1.0197043,0.0,0.095564306,0.0,0.0,0.027,0.0,0.0,0.0,0.0,-27.399162,2.2433944,0.74779814,0.17999999,0.0,0.15296346,0.0,0.0
hardzero_only__c0p58__z1p00__lam0p000__nu0p50__psi0p00,0.027,base,46,690,0.0,2,0.43474072,0.43474072,0.43474072,1.0215598,0.0,0.09515688,0.0,0.0,0.027,0.0,0.0,0.0,0.0,-27.528543,2.2474766,0.74915886,0.15200001,0.0,0.15901451,0.0,0.0
hardzero_only__c0p58__z1p00__lam0p000__nu0p50__psi0p00,0.027,base,46,691,0.0,2,0.43474072,0.43474072,0.43474072,1.003371,0.0,0.09922681,0.0,0.0,0.027,0.0,0.0,0.0,0.0,-27.05076,2.2074602,0.73582006,0.112,0.0,0.14562474,0.0,0.0
hardzero_only__c0p58__z1p00__lam0p000__nu0p50__psi0p00,0.027,base,46,692,0.0,2,0.43474072,0.43474072,0.43474072,1.0030217,0.0,0.099306636,0.0,0.0,0.027,0.0,0.0,0.0,0.0,-27.607372,2.2066917,0.73556393,0.16000001,0.0,0.14445879,0.0,0.0
hardzero_only__c0p58__z1p00__lam0p000__nu0p50__psi0p00,0.027,base,46,693,0.0,2,0.43474072,0.43800732,0.43800732,0.917269,0.12098486,0.12098486,1.0,0.0032665913,0.027,0.0,0.0,0.0,0.0,-25.895817,2.018032,0.6726774,0.192,0.0,0.14123073,0.0,0.0
hardzero_only__c0p58__z1p00__lam0p000__nu0p50__psi0p00,0.027,base,46,694,0.0,2,0.43800732,0.43800732,0.43800732,1.00147,0.0,0.09966209,0.0,0.0,0.027,0.0,0.0,0.0,0.0,-27.550571,2.2032778,0.73442596,0.192,0.0,0.15664914,0.0,0.0
hardzero_only__c0p58__z1p00__lam0p000__nu0p50__psi0p00,0.027,base,46,695,0.0,2,0.43800732,0.44075537,0.44075537,0.9923381,0.10177985,0.10177985,1.0,0.002748056,0.027,0.0,0.0,0.0,0.0,-26.446405,2.1831875,0.7277292,0.15200001,0.0,0.12862597,0.0,0.0
hardzero_only__c0p58__z1p00__lam0p000__nu0p50__psi0p00,0.027,base,46,696,0.0,2,0.44075537,0.44075537,0.44075537,1.0066705,0.0,0.09847579,0.0,0.0,0.027,0.0,0.0,0.0,0.0,-27.206873,2.2147193,0.73823977,0.16000001,0.0,0.14433098,0.0,0.0
hardzero_only__c0p58__z1p00__lam0p000__nu0p50__psi0p00,0.027,base,46,697,0.0,2,0.44075537,0.44075537,0.44075537,1.0105094,0.0,0.09760916,0.0,0.0,0.027,0.0,0.0,0.0,0.0,-27.161345,2.223165,0.741055,0.192,0.0,0.14929758,0.0,0.0
hardzero_only__c0p58__z1p00__lam0p000__nu0p50__psi0p00,0.027,base,46,698,0.0,2,0.44075537,0.44075537,0.44075537,1.0612893,0.0,0.08683818,0.0,0.0,0.027,0.0,0.0,0.0,0.0,-28.174562,2.334883,0.7782943,0.128,0.008,0.1650454,0.0,0.0
hardzero_only__c0p58__z1p00__lam0p000__nu0p50__psi0p00,0.027,base,46,699,0.0,2,0.44075537,0.44075537,0.44075537,1.047675,0.0,0.089603506,0.0,0.0,0.027,0.0,0.0,0.0,0.0,-29.148216,2.3049312,0.7683104,0.136,0.0,0.1530577,0.0,0.0
hardzero_only__c0p58__z1p00__lam0p000__nu0p50__psi0p00,0.027,base,46,700,0.0,2,0.44075537,0.44075537,0.44075537,1.0109386,0.0,0.09751272,0.0,0.0,0.027,0.0,0.0,0.0,0.0,-27.72936,2.2241094,0.74136984,0.17600001,0.0,0.15004097,0.0,0.0
hardzero_only__c0p58__z1p00__lam0p000__nu0p50__psi0p00,0.027,base,46,701,0.0,2,0.44075537,0.44075537,0.44075537,1.0081273,0.0,0.09814601,0.0,0.0,0.027,0.0,0.0,0.0,0.0,-27.574434,2.2179244,0.7393081,0.112,0.0,0.1587149,0.0,0.0
hardzero_only__c0p58__z1p00__lam0p000__nu0p50__psi0p00,0.027,base,46,702,0.0,2,0.44075537,0.443797,0.443797,0.94825846,0.11265267,0.11265267,1.0,0.003041622,0.027,0.0,0.0,0.0,0.0,-25.909468,2.0862103,0.69540346,0.19,0.0,0.13747099,0.0,0.0
hardzero_only__c0p58__z1p00__lam0p000__nu0p50__psi0p00,0.027,base,46,703,0.0,2,0.443797,0.443797,0.443797,1.0218832,0.0,0.09508603,0.0,0.0,0.027,0.0,0.0,0.0,0.0,-27.24687,2.248188,0.749396,0.14400001,0.0,0.13618332,0.0,0.0
hardzero_only__c0p58__z1p00__lam0p000__nu0p50__psi0p00,0.027,base,46,704,0.0,2,0.443797,0.443797,0.443797,1.0131228,0.0,0.09702355,0.0,0.0,0.027,0.0,0.0,0.0,0.0,-27.204424,2.2289147,0.7429716,0.18400002,0.0,0.16130449,0.0,0.0
hardzero_only__c0p58__z1p00__lam0p000__nu0p50__psi0p00,0.027,base,46,705,0.0,2,0.443797,0.44670588,0.44670588,0.9676365,0.10773664,0.10773664,1.0,0.0029088894,0.027,0.0,0.0,0.0,0.0,-25.916441,2.1288428,0.7096143,0.208,0.0,0.14730582,0.0,0.0
hardzero_only__c0p58__z1p00__lam0p000__nu0p50__psi0p00,0.027,base,46,706,0.0,2,0.44670588,0.44965354,0.44965354,0.9618852,0.10917289,0.10917289,1.0,0.002947668,0.027,0.0,0.0,0.0,0.0,-26.562841,2.1161897,0.7053966,0.18400002,0.0,0.14848007,0.0,0.0
hardzero_only__c0p58__z1p00__lam0p000__nu0p50__psi0p00,0.027,base,46,707,0.0,2,0.44965354,0.45241168,0.45241168,0.9907445,0.10215405,0.10215405,1.0,0.0027581593,0.027,0.0,0.0,0.0,0.0,-26.51332,2.1796813,0.7265605,0.16000001,0.0,0.137631,0.0,0.0
hardzero_only__c0p58__z1p00__lam0p000__nu0p50__psi0p00,0.027,base,46,708,0.0,2,0.45241168,0.45241168,0.45241168,1.0165064,0.0,0.09627057,0.0,0.0,0.027,0.0,0.0,0.0,0.0,-27.657759,2.236359,0.745453,0.2,0.0,0.14386676,0.0,0.0
hardzero_only__c0p58__z1p00__lam0p000__nu0p50__psi0p00,0.027,base,46,709,0.0,2,0.45241168,0.4551423,0.4551423,0.99510276,0.101134,0.101134,1.0,0.0027306182,0.027,0.0,0.0,0.0,0.0,-27.21576,2.1892698,0.7297566,0.18400002,0.0,0.14743327,0.0,0.0
hardzero_only__c0p58__z1p00__lam0p000__nu0p50__psi0p00,0.027,base,46,710,0.0,2,0.4551423,0.458072,0.458072,0.96453863,0.1085079,0.1085079,1.0,0.0029297133,0.027,0.0,0.0,0.0,0.0,-26.03927,2.1220274,0.7073425,0.128,0.0,0.13099813,0.0,0.0
hardzero_only__c0p58__z1p00__lam0p000__nu0p50__psi0p00,0.027,base,46,711,0.0,2,0.458072,0.458072,0.458072,1.0670152,0.0,0.085700795,0.0,0.0,0.027,0.0,0.0,0.0,0.0,-28.061365,2.3474803,0.7824935,0.128,0.0,0.14297768,0.0,0.0
hardzero_only__c0p58__z1p00__lam0p000__nu0p50__psi0p00,0.027,base,46,712,0.0,2,0.458072,0.458072,0.458072,1.0381745,0.0,0.09158523,0.0,0.0,0.027,0.0,0.0,0.0,0.0,-27.223778,2.2840295,0.7613432,0.192,0.0,0.13530143,0.0,0.0
hardzero_only__c0p58__z1p00__lam0p000__nu0p50__psi0p00,0.027,base,46,713,0.0,2,0.458072,0.46086797,0.46086797,0.9848307,0.10355457,0.10355457,1.0,0.0027959733,0.027,0.0,0.0,0.0,0.0,-26.383684,2.1666708,0.72222364,0.128,0.0,0.1253937,0.0,0.0
hardzero_only__c0p58__z1p00__lam0p000__nu0p50__psi0p00,0.027,base,46,714,0.0,2,0.46086797,0.46371606,0.46371606,0.97681034,0.105484754,0.105484754,1.0,0.0028480885,0.027,0.0,0.0,0.0,0.0,-26.551985,2.1490257,0.7163419,0.23200001,0.0,0.13184968,0.0,0.0
hardzero_only__c0p58__z1p00__lam0p000__nu0p50__psi0p00,0.027,base,46,715,0.0,2,0.46371606,0.46371606,0.46371606,1.013204,0.0,0.09700541,0.0,0.0,0.027,0.0,0.0,0.0,0.0,-26.793842,2.2290933,0.74303114,0.22,0.0,0.1593633,0.0,0.0
hardzero_only__c0p58__z1p00__lam0p000__nu0p50__psi0p00,0.027,base,46,716,0.0,2,0.46371606,0.46655223,0.46655223,0.97863173,0.10504327,0.10504327,1.0,0.0028361683,0.027,0.0,0.0,0.0,0.0,-27.082829,2.1530328,0.7176776,0.18400002,0.0,0.15931432,0.0,0.0
hardzero_only__c0p58__z1p00__lam0p000__nu0p50__psi0p00,0.027,base,46,717,0.0,2,0.46655223,0.46947673,0.46947673,0.9653106,0.108315215,0.108315215,1.0,0.002924511,0.027,0.0,0.0,0.0,0.0,-26.0807,2.1237257,0.7079086,0.15200001,0.0,0.13578816,0.0,0.0
hardzero_only__c0p58__z1p00__lam0p000__nu0p50__psi0p00,0.027,base,46,718,0.0,2,0.46947673,0.46947673,0.46947673,1.1006696,0.0,0.07931045,0.0,0.0,0.027,0.0,0.0,0.0,0.0,-27.71454,2.4215214,0.80717385,0.104,0.0,0.12741974,0.0,0.0
hardzero_only__c0p58__z1p00__lam0p000__nu0p50__psi0p00,0.027,base,46,719,0.0,2,0.46947673,0.46947673,0.46947673,1.0401208,0.0,0.0911757,0.0,0.0,0.027,0.0,0.0,0.0,0.0,-27.436224,2.2883115,0.76277053,0.15200001,0.0,0.19415744,0.0,0.0
hardzero_only__c0p58__z1p00__lam0p000__nu0p50__psi0p00,0.027,base,46,720,0.0,2,0.46947673,0.46947673,0.46947673,1.0456994,0.0,0.090012036,0.0,0.0,0.027,0.0,0.0,0.0,0.0,-27.199806,2.3005846,0.76686156,0.136,0.0,0.16258638,0.0,0.0
hardzero_only__c0p58__z1p00__lam0p000__nu0p50__psi0p00,0.027,base,46,721,0.0,2,0.46947673,0.46947673,0.46947673,1.0312816,0.0,0.09305042,0.0,0.0,0.027,0.0,0.0,0.0,0.0,-27.460146,2.2688649,0.7562883,0.16800001,0.0,0.14447999,0.0,0.0
hardzero_only__c0p58__z1p00__lam0p000__nu0p50__psi0p00,0.027,base,46,722,0.0,2,0.46947673,0.46947673,0.46947673,1.0667131,0.0,0.08576041,0.0,0.0,0.027,0.0,0.0,0.0,0.0,-27.915749,2.3468156,0.78227186,0.104,0.0,0.14617619,0.0,0.0
hardzero_only__c0p58__z1p00__lam0p000__nu0p50__psi0p00,0.027,base,46,723,0.0,2,0.46947673,0.46947673,0.46947673,1.0065804,0.0,0.09849624,0.0,0.0,0.027,0.0,0.0,0.0,0.0,-27.662458,2.214521,0.73817366,0.128,0.0,0.13515005,0.0,0.0
hardzero_only__c0p58__z1p00__lam0p000__nu0p50__psi0p00,0.027,base,46,724,0.0,2,0.46947673,0.46947673,0.46947673,1.020914,0.0,0.095298484,0.0,0.0,0.027,0.0,0.0,0.0,0.0,-27.061468,2.2460556,0.74868524,0.18400002,0.0,0.14752533,0.0,0.0
hardzero_only__c0p58__z1p00__lam0p000__nu0p50__psi0p00,0.027,base,46,725,0.0,2,0.46947673,0.46947673,0.46947673,1.0304568,0.0,0.09322731,0.0,0.0,0.027,0.0,0.0,0.0,0.0,-27.57229,2.2670503,0.7556834,0.16000001,0.0,0.157749,0.0,0.0
hardzero_only__c0p58__z1p00__lam0p000__nu0p50__psi0p00,0.027,base,46,726,0.0,2,0.46947673,0.47233018,0.47233018,0.9759941,0.105683185,0.105683185,1.0,0.0028534462,0.027,0.0,0.0,0.0,0.0,-26.991154,2.14723,0.7157433,0.18400002,0.0,0.1200036,0.0,0.0
hardzero_only__c0p58__z1p00__lam0p000__nu0p50__psi0p00,0.027,base,46,727,0.0,2,0.47233018,0.47548255,0.47548255,0.93272686,0.116754375,0.116754375,1.0,0.0031523681,0.027,0.0,0.0,0.0,0.0,-26.327879,2.05204,0.68401337,0.224,0.0,0.14257859,0.0,0.0
hardzero_only__c0p58__z1p00__lam0p000__nu0p50__psi0p00,0.027,base,46,728,0.0,2,0.47548255,0.47548255,0.47548255,1.0555282,0.0,0.087997794,0.0,0.0,0.027,0.0,0.0,0.0,0.0,-27.941135,2.3222084,0.7740695,0.16,0.0,0.15790825,0.0,0.0
hardzero_only__c0p58__z1p00__lam0p000__nu0p50__psi0p00,0.027,base,46,729,0.0,2,0.47548255,0.47846875,0.47846875,0.9562462,0.11059966,0.11059966,1.0,0.0029861908,0.027,0.0,0.0,0.0,0.0,-26.531837,2.1037836,0.7012612,0.16000001,0.0,0.13628952,0.0,0.0
hardzero_only__c0p58__z1p00__lam0p000__nu0p50__psi0p00,0.027,base,46,730,0.0,2,0.47846875,0.47846875,0.47846875,1.0486609,0.0,0.08940033,0.0,0.0,0.027,0.0,0.0,0.0,0.0,-27.449247,2.3071,0.7690334,0.18400002,0.0,0.13409267,0.0,0.0
hardzero_only__c0p58__z1p00__lam0p000__nu0p50__psi0p00,0.027,base,46,731,0.0,2,0.47846875,0.48120603,0.48120603,0.99404204,0.10138131,0.10138131,1.0,0.0027372953,0.027,0.0,0.0,0.0,0.0,-26.952417,2.1869361,0.72897875,0.136,0.0,0.15475965,0.0,0.0
hardzero_only__c0p58__z1p00__lam0p000__nu0p50__psi0p00,0.027,base,46,732,0.0,2,0.48120603,0.48405197,0.48405197,0.9771371,0.105405405,0.105405405,1.0,0.002845946,0.027,0.0,0.0,0.0,0.0,-26.605446,2.1497445,0.7165815,0.24000001,0.0,0.16761093,0.0,0.0
hardzero_only__c0p58__z1p00__lam0p000__nu0p50__psi0p00,0.027,base,46,733,0.0,2,0.48405197,0.48405197,0.48405197,1.0472137,0.0,0.08969875,0.0,0.0,0.027,0.0,0.0,0.0,0.0,-27.77355,2.303916,0.767972,0.112,0.0,0.15415707,0.0,0.0
hardzero_only__c0p58__z1p00__lam0p000__nu0p50__psi0p00,0.027,base,46,734,0.0,2,0.48405197,0.48405197,0.48405197,1.0124117,0.0,0.09718255,0.0,0.0,0.027,0.0,0.0,0.0,0.0,-27.682224,2.2273502,0.7424501,0.112,0.0,0.1568881,0.0,0.0
hardzero_only__c0p58__z1p00__lam0p000__nu0p50__psi0p00,0.027,base,46,735,0.0,2,0.48405197,0.48678038,0.48678038,0.9954576,0.101051405,0.101051405,1.0,0.002728388,0.027,0.0,0.0,0.0,0.0,-27.336746,2.1900504,0.7300168,0.14400001,0.0,0.13904718,0.0,0.0
hardzero_only__c0p58__z1p00__lam0p000__nu0p50__psi0p00,0.027,base,46,736,0.0,2,0.48678038,0.48954123,0.48954123,0.99031824,0.10225434,0.10225434,1.0,0.0027608671,0.027,0.0,0.0,0.0,0.0,-26.736776,2.1787436,0.7262479,0.18400002,0.0,0.15131824,0.0,0.0
hardzero_only__c0p58__z1p00__lam0p000__nu0p50__psi0p00,0.027,base,46,737,0.0,2,0.48954123,0.49251264,0.49251264,0.95839983,0.11005256,0.11005256,1.0,0.0029714194,0.027,0.0,0.0,0.0,0.0,-26.603817,2.1085217,0.70284057,0.208,0.0,0.1343793,0.0,0.0
hardzero_only__c0p58__z1p00__lam0p000__nu0p50__psi0p00,0.027,base,46,738,0.0,2,0.49251264,0.49251264,0.49251264,1.0116603,0.0,0.09735081,0.0,0.0,0.027,0.0,0.0,0.0,0.0,-26.5547,2.2256973,0.74189913,0.2,0.0,0.15727824,0.0,0.0
hardzero_only__c0p58__z1p00__lam0p000__nu0p50__psi0p00,0.027,base,46,739,0.0,2,0.49251264,0.49251264,0.49251264,1.0009352,0.0,0.09978489,0.0,0.0,0.027,0.0,0.0,0.0,0.0,-27.786072,2.2021015,0.7340338,0.136,0.0,0.17278512,0.0,0.0
hardzero_only__c0p58__z1p00__lam0p000__nu0p50__psi0p00,0.027,base,46,740,0.0,2,0.49251264,0.4954592,0.4954592,0.96205115,0.10913117,0.10913117,1.0,0.0029465416,0.027,0.0,0.0,0.0,0.0,-26.72988,2.1165547,0.70551825,0.192,0.0,0.16121216,0.0,0.0
hardzero_only__c0p58__z1p00__lam0p000__nu0p50__psi0p00,0.027,base,46,741,0.0,2,0.4954592,0.4982199,0.4982199,0.9903429,0.102248535,0.102248535,1.0,0.0027607104,0.027,0.0,0.0,0.0,0.0,-25.869541,2.178798,0.726266,0.21,0.0,0.13585444,0.0,0.0
hardzero_only__c0p58__z1p00__lam0p000__nu0p50__psi0p00,0.027,base,46,742,0.0,2,0.4982199,0.4982199,0.4982199,1.0967747,0.0,0.08002493,0.0,0.0,0.027,0.0,0.0,0.0,0.0,-29.134827,2.4129524,0.8043175,0.136,0.0,0.16034712,0.0,0.0
hardzero_only__c0p58__z1p00__lam0p000__nu0p50__psi0p00,0.027,base,46,743,0.0,2,0.4982199,0.4982199,0.4982199,1.0065103,0.0,0.09851215,0.0,0.0,0.027,0.0,0.0,0.0,0.0,-27.032959,2.214367,0.73812234,0.264,0.0,0.1557339,0.0,0.0
hardzero_only__c0p58__z1p00__lam0p000__nu0p50__psi0p00,0.027,base,46,744,0.0,2,0.4982199,0.4982199,0.4982199,1.0151064,0.0,0.096581414,0.0,0.0,0.027,0.0,0.0,0.0,0.0,-25.951769,2.2332788,0.74442625,0.14400001,0.0,0.14318699,0.0,0.0
hardzero_only__c0p58__z1p00__lam0p000__nu0p50__psi0p00,0.027,base,46,745,0.0,2,0.4982199,0.4982199,0.4982199,1.0228435,0.0,0.094876036,0.0,0.0,0.027,0.0,0.0,0.0,0.0,-26.876297,2.2503006,0.75010026,0.128,0.0,0.14599591,0.0,0.0
hardzero_only__c0p58__z1p00__lam0p000__nu0p50__psi0p00,0.027,base,46,746,0.0,2,0.4982199,0.4982199,0.4982199,1.0405995,0.0,0.091075286,0.0,0.0,0.027,0.0,0.0,0.0,0.0,-27.161983,2.2893646,0.76312155,0.08800001,0.0,0.14612873,0.0,0.0
hardzero_only__c0p58__z1p00__lam0p000__nu0p50__psi0p00,0.027,base,46,747,0.0,2,0.4982199,0.4982199,0.4982199,1.0229075,0.0,0.09486204,0.0,0.0,0.027,0.0,0.0,0.0,0.0,-26.838064,2.2504416,0.7501472,0.192,0.0,0.1509312,0.0,0.0
hardzero_only__c0p58__z1p00__lam0p000__nu0p50__psi0p00,0.027,base,46,748,0.0,2,0.4982199,0.4982199,0.4982199,1.0207459,0.0,0.095335394,0.0,0.0,0.027,0.0,0.0,0.0,0.0,-27.02306,2.2456858,0.748562,0.16800001,0.0,0.15662307,0.0,0.0
hardzero_only__c0p58__z1p00__lam0p000__nu0p50__psi0p00,0.027,base,46,749,0.0,2,0.4982199,0.4982199,0.4982199,1.0464648,0.0,0.08985354,0.0,0.0,0.027,0.0,0.0,0.0,0.0,-27.89305,2.3022685,0.76742285,0.15200001,0.0,0.16844141,0.0,0.0
hardzero_only__c0p58__z1p00__lam0p000__nu0p50__psi0p00,0.027,base,46,750,0.0,2,0.4982199,0.4982199,0.4982199,1.027873,0.0,0.0937836,0.0,0.0,0.027,0.0,0.0,0.0,0.0,-26.99873,2.261366,0.75378865,0.112,0.0,0.13833816,0.0,0.0
hardzero_only__c0p58__z1p00__lam0p000__nu0p50__psi0p00,0.027,base,46,751,0.0,2,0.4982199,0.50106144,0.50106144,0.97781146,0.10524186,0.10524186,1.0,0.0028415301,0.027,0.0,0.0,0.0,0.0,-26.533005,2.1512282,0.71707606,0.136,0.0,0.1231896,0.0,0.0
hardzero_only__c0p58__z1p00__lam0p000__nu0p50__psi0p00,0.027,base,46,752,0.0,2,0.50106144,0.5039032,0.5039032,0.9777728,0.105251245,0.105251245,1.0,0.0028417837,0.027,0.0,0.0,0.0,0.0,-26.92959,2.151143,0.7170477,0.14400001,0.0,0.14529234,0.0,0.0
hardzero_only__c0p58__z1p00__lam0p000__nu0p50__psi0p00,0.027,base,46,753,0.0,2,0.5039032,0.5067557,0.5067557,0.9761374,0.105648324,0.105648324,1.0,0.0028525048,0.027,0.0,0.0,0.0,0.0,-25.865822,2.147545,0.7158484,0.14400001,0.0,0.13245286,0.0,0.0
hardzero_only__c0p58__z1p00__lam0p000__nu0p50__psi0p00,0.027,base,46,754,0.0,2,0.5067557,0.5067557,0.5067557,1.0154097,0.0,0.09651399,0.0,0.0,0.027,0.0,0.0,0.0,0.0,-26.36793,2.2339458,0.74464864,0.16,0.0,0.12602681,0.0,0.0
hardzero_only__c0p58__z1p00__lam0p000__nu0p50__psi0p00,0.027,base,46,755,0.0,2,0.5067557,0.5095874,0.5095874,0.9793123,0.10487878,0.10487878,1.0,0.0028317273,0.027,0.0,0.0,0.0,0.0,-26.713541,2.15453,0.7181767,0.24000001,0.0,0.14949608,0.0,0.0
hardzero_only__c0p58__z1p00__lam0p000__nu0p50__psi0p00,0.027,base,46,756,0.0,2,0.5095874,0.5095874,0.5095874,1.004748,0.0,0.098912686,0.0,0.0,0.027,0.0,0.0,0.0,0.0,-26.738583,2.2104897,0.73682994,0.14400001,0.0,0.13776603,0.0,0.0
hardzero_only__c0p58__z1p00__lam0p000__nu0p50__psi0p00,0.027,base,46,757,0.0,2,0.5095874,0.5095874,0.5095874,1.1012986,0.0,0.07919568,0.0,0.0,0.027,0.0,0.0,0.0,0.0,-29.505568,2.4229052,0.80763507,0.128,0.0,0.20064606,0.0,0.0
hardzero_only__c0p58__z1p00__lam0p000__nu0p50__psi0p00,0.027,base,46,758,0.0,2,0.5095874,0.5123445,0.5123445,0.9909171,0.102113426,0.102113426,1.0,0.0027570627,0.027,0.0,0.0,0.0,0.0,-26.583815,2.180061,0.7266871,0.15200001,0.0,0.13988051,0.0,0.0
hardzero_only__c0p58__z1p00__lam0p000__nu0p50__psi0p00,0.027,base,46,759,0.0,2,0.5123445,0.5152026,0.5152026,0.97528535,0.10585581,0.10585581,1.0,0.002858107,0.027,0.0,0.0,0.0,0.0,-26.533148,2.1456707,0.71522355,0.14400001,0.0,0.13295043,0.0,0.0
hardzero_only__c0p58__z1p00__lam0p000__nu0p50__psi0p00,0.027,base,46,760,0.0,2,0.5152026,0.5152026,0.5152026,1.0093306,0.0,0.09787444,0.0,0.0,0.027,0.0,0.0,0.0,0.0,-26.985403,2.2205718,0.7401906,0.128,0.0,0.14367223,0.0,0.0
hardzero_only__c0p58__z1p00__lam0p000__nu0p50__psi0p00,0.027,base,46,761,0.0,2,0.5152026,0.5152026,0.5152026,1.0684706,0.0,0.085414074,0.0,0.0,0.027,0.0,0.0,0.0,0.0,-28.563234,2.3506823,0.78356075,0.136,0.0,0.16123383,0.0,0.0
hardzero_only__c0p58__z1p00__lam0p000__nu0p50__psi0p00,0.027,base,46,762,0.0,2,0.5152026,0.5152026,0.5152026,1.0435424,0.0,0.09046022,0.0,0.0,0.027,0.0,0.0,0.0,0.0,-28.050749,2.295839,0.7652797,0.16000001,0.0,0.16354425,0.0,0.0
hardzero_only__c0p58__z1p00__lam0p000__nu0p50__psi0p00,0.027,base,46,763,0.0,2,0.5152026,0.5152026,0.5152026,1.0310305,0.0,0.09310424,0.0,0.0,0.027,0.0,0.0,0.0,0.0,-27.70547,2.2683125,0.7561042,0.112,0.0,0.13324018,0.0,0.0
hardzero_only__c0p58__z1p00__lam0p000__nu0p50__psi0p00,0.027,base,46,764,0.0,2,0.5152026,0.5180256,0.5180256,0.98065203,0.10455576,0.10455576,1.0,0.0028230057,0.027,0.0,0.0,0.0,0.0,-26.833635,2.1574776,0.71915925,0.17600001,0.0,0.16519526,0.0,0.0
hardzero_only__c0p58__z1p00__lam0p000__nu0p50__psi0p00,0.027,base,46,765,0.0,2,0.5180256,0.5207296,0.5207296,0.99935365,0.10014893,0.10014893,1.0,0.0027040213,0.027,0.0,0.0,0.0,0.0,-26.367165,2.198622,0.73287404,0.17600001,0.0,0.14554214,0.0,0.0
hardzero_only__c0p58__z1p00__lam0p000__nu0p50__psi0p00,0.027,base,46,766,0.0,2,0.5207296,0.5236005,0.5236005,0.9733447,0.10632987,0.10632987,1.0,0.0028709066,0.027,0.0,0.0,0.0,0.0,-26.87305,2.141401,0.7138004,0.2,0.0,0.1581223,0.0,0.0
hardzero_only__c0p58__z1p00__lam0p000__nu0p50__psi0p00,0.027,base,46,767,0.0,2,0.5236005,0.52644765,0.52644765,0.9769564,0.10544927,0.10544927,1.0,0.0028471302,0.027,0.0,0.0,0.0,0.0,-27.803528,2.149347,0.716449,0.19999999,0.0,0.16456167,0.0,0.0
hardzero_only__c0p58__z1p00__lam0p000__nu0p50__psi0p00,0.027,base,46,768,0.0,2,0.52644765,0.52644765,0.52644765,1.0339234,0.0,0.092486136,0.0,0.0,0.027,0.0,0.0,0.0,0.0,-27.734682,2.2746768,0.7582256,0.14400001,0.008,0.15060969,0.0,0.0
hardzero_only__c0p58__z1p00__lam0p000__nu0p50__psi0p00,0.027,base,46,769,0.0,2,0.52644765,0.52644765,0.52644765,1.0583028,0.0,0.0874374,0.0,0.0,0.027,0.0,0.0,0.0,0.0,-28.392675,2.3283126,0.7761042,0.16000001,0.008,0.159702,0.0,0.0
hardzero_only__c0p58__z1p00__lam0p000__nu0p50__psi0p00,0.027,base,46,770,0.0,2,0.52644765,0.5294008,0.5294008,0.96107084,0.1093778,0.1093778,1.0,0.0029532006,0.027,0.0,0.0,0.0,0.0,-26.49087,2.114398,0.70479935,0.16800001,0.0,0.13787453,0.0,0.0
hardzero_only__c0p58__z1p00__lam0p000__nu0p50__psi0p00,0.027,base,46,771,0.0,2,0.5294008,0.5294008,0.5294008,1.0704175,0.0,0.085032016,0.0,0.0,0.027,0.0,0.0,0.0,0.0,-26.815548,2.3549654,0.7849885,0.14400001,0.0,0.14855754,0.0,0.0
hardzero_only__c0p58__z1p00__lam0p000__nu0p50__psi0p00,0.027,base,46,772,0.0,2,0.5294008,0.5294008,0.5294008,1.035677,0.0,0.09211345,0.0,0.0,0.027,0.0,0.0,0.0,0.0,-27.517405,2.278535,0.75951165,0.16000001,0.0,0.1437962,0.0,0.0
hardzero_only__c0p58__z1p00__lam0p000__nu0p50__psi0p00,0.027,base,46,773,0.0,2,0.5294008,0.5321052,0.5321052,0.99929583,0.100162275,0.100162275,1.0,0.0027043815,0.027,0.0,0.0,0.0,0.0,-25.781525,2.1984947,0.7328316,0.15200001,0.0,0.14355262,0.0,0.0
hardzero_only__c0p58__z1p00__lam0p000__nu0p50__psi0p00,0.027,base,46,774,0.0,2,0.5321052,0.5321052,0.5321052,1.0626783,0.0,0.086560875,0.0,0.0,0.027,0.0,0.0,0.0,0.0,-27.969986,2.337939,0.779313,0.120000005,0.0,0.17344673,0.0,0.0
hardzero_only__c0p58__z1p00__lam0p000__nu0p50__psi0p00,0.027,base,46,775,0.0,2,0.5321052,0.5321052,0.5321052,1.0145874,0.0,0.09669691,0.0,0.0,0.027,0.0,0.0,0.0,0.0,-27.091751,2.2321367,0.7440456,0.18400002,0.0,0.15438107,0.0,0.0
hardzero_only__c0p58__z1p00__lam0p000__nu0p50__psi0p00,0.027,base,46,776,0.0,2,0.5321052,0.5348763,0.5348763,0.988711,0.102633454,0.102633454,1.0,0.0027711033,0.027,0.0,0.0,0.0,0.0,-26.950817,2.1752076,0.7250692,0.120000005,0.0,0.14498045,0.0,0.0
hardzero_only__c0p58__z1p00__lam0p000__nu0p50__psi0p00,0.027,base,46,777,0.0,2,0.5348763,0.5348763,0.5348763,1.0658948,0.0,0.08592216,0.0,0.0,0.027,0.0,0.0,0.0,0.0,-27.911667,2.3450155,0.7816719,0.16000001,0.0,0.16443673,0.0,0.0
hardzero_only__c0p58__z1p00__lam0p000__nu0p50__psi0p00,0.027,base,46,778,0.0,2,0.5348763,0.5348763,0.5348763,1.0322121,0.0,0.09285126,0.0,0.0,0.027,0.0,0.0,0.0,0.0,-27.639078,2.270912,0.75697064,0.120000005,0.0,0.14336695,0.0,0.0
hardzero_only__c0p58__z1p00__lam0p000__nu0p50__psi0p00,0.027,base,46,779,0.0,2,0.5348763,0.5348763,0.5348763,1.0682604,0.0,0.0854554,0.0,0.0,0.027,0.0,0.0,0.0,0.0,-27.79066,2.35022,0.7834067,0.136,0.0,0.15934469,0.0,0.0
hardzero_only__c0p58__z1p00__lam0p000__nu0p50__psi0p00,0.027,base,46,780,0.0,2,0.5348763,0.5348763,0.5348763,1.0220487,0.0,0.09504981,0.0,0.0,0.027,0.0,0.0,0.0,0.0,-27.47834,2.248552,0.7495174,0.14999999,0.0,0.1597214,0.0,0.0
hardzero_only__c0p58__z1p00__lam0p000__nu0p50__psi0p00,0.027,base,46,781,0.0,2,0.5348763,0.5376992,0.5376992,0.9806671,0.10455213,0.10455213,1.0,0.0028229074,0.027,0.0,0.0,0.0,0.0,-25.941103,2.1575108,0.7191703,0.136,0.0,0.1408444,0.0,0.0
hardzero_only__c0p58__z1p00__lam0p000__nu0p50__psi0p00,0.027,base,46,782,0.0,2,0.5376992,0.5376992,0.5376992,1.0547235,0.0,0.088161,0.0,0.0,0.027,0.0,0.0,0.0,0.0,-26.512314,2.320438,0.77347934,0.14400001,0.0,0.14653917,0.0,0.0
hardzero_only__c0p58__z1p00__lam0p000__nu0p50__psi0p00,0.027,base,46,783,0.0,2,0.5376992,0.5376992,0.5376992,1.0061327,0.0,0.09859782,0.0,0.0,0.027,0.0,0.0,0.0,0.0,-26.954931,2.2135363,0.7378454,0.192,0.0,0.16716245,0.0,0.0
hardzero_only__c0p58__z1p00__lam0p000__nu0p50__psi0p00,0.027,base,46,784,0.0,2,0.5376992,0.5376992,0.5376992,1.0313792,0.0,0.09302952,0.0,0.0,0.027,0.0,0.0,0.0,0.0,-27.683891,2.2690797,0.75635993,0.17600001,0.0,0.15655196,0.0,0.0
hardzero_only__c0p58__z1p00__lam0p000__nu0p50__psi0p00,0.027,base,46,785,0.0,2,0.5376992,0.5376992,0.5376992,1.0114638,0.0,0.097394906,0.0,0.0,0.027,0.0,0.0,0.0,0.0,-25.592743,2.2252648,0.74175495,0.112,0.0,0.1552677,0.0,0.0
hardzero_only__c0p58__z1p00__lam0p000__nu0p50__psi0p00,0.027,base,46,786,0.0,2,0.5376992,0.54041547,0.54041547,0.99739295,0.10060209,0.10060209,1.0,0.0027162565,0.027,0.0,0.0,0.0,0.0,-27.00543,2.1943083,0.73143613,0.16800001,0.0,0.155338,0.0,0.0
hardzero_only__c0p58__z1p00__lam0p000__nu0p50__psi0p00,0.027,base,46,787,0.0,2,0.54041547,0.54041547,0.54041547,1.0347363,0.0,0.09231318,0.0,0.0,0.027,0.0,0.0,0.0,0.0,-28.213646,2.2764652,0.7588217,0.18400002,0.0,0.14512317,0.0,0.0
hardzero_only__c0p58__z1p00__lam0p000__nu0p50__psi0p00,0.027,base,46,788,0.0,2,0.54041547,0.54041547,0.54041547,1.048281,0.0,0.089478575,0.0,0.0,0.027,0.0,0.0,0.0,0.0,-28.178167,2.3062642,0.7687547,0.16800001,0.0,0.15890056,0.0,0.0
hardzero_only__c0p58__z1p00__lam0p000__nu0p50__psi0p00,0.027,base,46,789,0.0,2,0.54041547,0.54041547,0.54041547,1.0321201,0.0,0.09287094,0.0,0.0,0.027,0.0,0.0,0.0,0.0,-26.893562,2.2707095,0.7569032,0.112,0.0,0.13462542,0.0,0.0
hardzero_only__c0p58__z1p00__lam0p000__nu0p50__psi0p00,0.027,base,46,790,0.0,2,0.54041547,0.54041547,0.54041547,1.0038323,0.0,0.09912145,0.0,0.0,0.027,0.0,0.0,0.0,0.0,-27.294685,2.2084754,0.7361585,0.16000001,0.0,0.14878109,0.0,0.0
hardzero_only__c0p58__z1p00__lam0p000__nu0p50__psi0p00,0.027,base,46,791,0.0,2,0.54041547,0.54041547,0.54041547,1.0299237,0.0,0.09334183,0.0,0.0,0.027,0.0,0.0,0.0,0.0,-26.800142,2.2658772,0.7552924,0.120000005,0.0,0.13105586,0.0,0.0
hardzero_only__c0p58__z1p00__lam0p000__nu0p50__psi0p00,0.027,base,46,792,0.0,2,0.54041547,0.5434746,0.5434746,0.94576174,0.11330217,0.11330217,1.0,0.0030591588,0.027,0.0,0.0,0.0,0.0,-26.30518,2.0807173,0.69357246,0.2,0.0,0.15366015,0.0,0.0
hardzero_only__c0p58__z1p00__lam0p000__nu0p50__psi0p00,0.027,base,46,793,0.0,2,0.5434746,0.546385,0.546385,0.967418,0.107790865,0.107790865,1.0,0.0029103535,0.027,0.0,0.0,0.0,0.0,-25.835676,2.1283622,0.70945406,0.11,0.0,0.14077319,0.0,0.0
hardzero_only__c0p58__z1p00__lam0p000__nu0p50__psi0p00,0.027,base,46,794,0.0,2,0.546385,0.5492112,0.5492112,0.9801618,0.10467384,0.10467384,1.0,0.0028261938,0.027,0.0,0.0,0.0,0.0,-26.53312,2.156399,0.7187997,0.23200001,0.0,0.14620098,0.0,0.0
hardzero_only__c0p58__z1p00__lam0p000__nu0p50__psi0p00,0.027,base,46,795,0.0,2,0.5492112,0.5492112,0.5492112,1.0397103,0.0,0.09126193,0.0,0.0,0.027,0.0,0.0,0.0,0.0,-27.315514,2.2874084,0.7624695,0.120000005,0.0,0.16588235,0.0,0.0
hardzero_only__c0p58__z1p00__lam0p000__nu0p50__psi0p00,0.027,base,46,796,0.0,2,0.5492112,0.5519183,0.5519183,0.9988597,0.10026291,0.10026291,1.0,0.0027070986,0.027,0.0,0.0,0.0,0.0,-26.813099,2.1975353,0.73251176,0.16800001,0.0,0.16632156,0.0,0.0
hardzero_only__c0p58__z1p00__lam0p000__nu0p50__psi0p00,0.027,base,46,797,0.0,2,0.5519183,0.5546257,0.5546257,0.9988217,0.10027169,0.10027169,1.0,0.0027073356,0.027,0.0,0.0,0.0,0.0,-27.092447,2.1974516,0.73248386,0.14400001,0.0,0.14773618,0.0,0.0
hardzero_only__c0p58__z1p00__lam0p000__nu0p50__psi0p00,0.027,base,46,798,0.0,2,0.5546257,0.55761355,0.55761355,0.9560013,0.11066204,0.11066204,1.0,0.0029878751,0.027,0.0,0.0,0.0,0.0,-25.740416,2.1032448,0.70108163,0.23200001,0.0,0.14182314,0.0,0.0
hardzero_only__c0p58__z1p00__lam0p000__nu0p50__psi0p00,0.027,base,46,799,0.0,2,0.55761355,0.5606152,0.5606152,0.95400757,0.11117123,0.11117123,1.0,0.0030016233,0.027,0.0,0.0,0.0,0.0,-26.204813,2.0988586,0.69961953,0.136,0.0,0.16036962,0.0,0.0
hardzero_only__c0p58__z1p00__lam0p000__nu0p50__psi0p00,0.027,base,46,800,0.0,2,0.5606152,0.5606152,0.5606152,1.024184,0.0,0.09458362,0.0,0.0,0.027,0.0,0.0,0.0,0.0,-27.22886,2.2532496,0.75108325,0.16000001,0.0,0.14985916,0.0,0.0
hardzero_only__c0p58__z1p00__lam0p000__nu0p50__psi0p00,0.027,base,46,801,0.0,2,0.5606152,0.5606152,0.5606152,1.0665579,0.0,0.085791074,0.0,0.0,0.027,0.0,0.0,0.0,0.0,-27.480228,2.3464742,0.7821581,0.14400001,0.0,0.15685478,0.0,0.0
hardzero_only__c0p58__z1p00__lam0p000__nu0p50__psi0p00,0.027,base,46,802,0.0,2,0.5606152,0.5634882,0.5634882,0.9730256,0.10640802,0.10640802,1.0,0.0028730168,0.027,0.0,0.0,0.0,0.0,-26.60777,2.1406991,0.7135664,0.2,0.0,0.14806858,0.0,0.0
hardzero_only__c0p58__z1p00__lam0p000__nu0p50__psi0p00,0.027,base,46,803,0.0,2,0.5634882,0.5634882,0.5634882,1.046402,0.0,0.08986655,0.0,0.0,0.027,0.0,0.0,0.0,0.0,-28.01588,2.3021302,0.7673768,0.14400001,0.0,0.18922128,0.0,0.0
hardzero_only__c0p58__z1p00__lam0p000__nu0p50__psi0p00,0.027,base,46,804,0.0,2,0.5634882,0.5634882,0.5634882,1.0119115,0.0,0.09729455,0.0,0.0,0.027,0.0,0.0,0.0,0.0,-26.643797,2.2262497,0.74208325,0.15200001,0.0,0.14287494,0.0,0.0
hardzero_only__c0p58__z1p00__lam0p000__nu0p50__psi0p00,0.027,base,46,805,0.0,2,0.5634882,0.5634882,0.5634882,1.0589095,0.0,0.08731532,0.0,0.0,0.027,0.0,0.0,0.0,0.0,-27.421963,2.3296475,0.7765492,0.136,0.0,0.20170572,0.0,0.0
hardzero_only__c0p58__z1p00__lam0p000__nu0p50__psi0p00,0.027,base,46,806,0.0,2,0.5634882,0.5634882,0.5634882,1.0688419,0.0,0.08534106,0.0,0.0,0.027,0.0,0.0,0.0,0.0,-27.763264,2.351499,0.783833,0.13,0.01,0.15051918,0.0,0.0
hardzero_only__c0p58__z1p00__lam0p000__nu0p50__psi0p00,0.027,base,46,807,0.0,2,0.5634882,0.5634882,0.5634882,1.0148344,0.0,0.09664192,0.0,0.0,0.027,0.0,0.0,0.0,0.0,-27.128849,2.2326803,0.7442268,0.15200001,0.0,0.14398035,0.0,0.0
hardzero_only__c0p58__z1p00__lam0p000__nu0p50__psi0p00,0.027,base,46,808,0.0,2,0.5634882,0.5634882,0.5634882,1.0094521,0.0,0.09784708,0.0,0.0,0.027,0.0,0.0,0.0,0.0,-27.72182,2.220839,0.7402797,0.15200001,0.0,0.16328757,0.0,0.0
hardzero_only__c0p58__z1p00__lam0p000__nu0p50__psi0p00,0.027,base,46,809,0.0,2,0.5634882,0.5634882,0.5634882,1.0159622,0.0,0.09639128,0.0,0.0,0.027,0.0,0.0,0.0,0.0,-27.238716,2.2351615,0.7450539,0.18400002,0.0,0.15544222,0.0,0.0
hardzero_only__c0p58__z1p00__lam0p000__nu0p50__psi0p00,0.027,base,46,810,0.0,2,0.5634882,0.5634882,0.5634882,1.0065604,0.0,0.09850075,0.0,0.0,0.027,0.0,0.0,0.0,0.0,-27.645529,2.2144773,0.7381591,0.128,0.0,0.15270162,0.0,0.0
hardzero_only__c0p58__z1p00__lam0p000__nu0p50__psi0p00,0.027,base,46,811,0.0,2,0.5634882,0.5634882,0.5634882,1.026178,0.0,0.094150364,0.0,0.0,0.027,0.0,0.0,0.0,0.0,-28.009684,2.2576368,0.7525456,0.18400002,0.0,0.17751062,0.0,0.0
hardzero_only__c0p58__z1p00__lam0p000__nu0p50__psi0p00,0.027,base,46,812,0.0,2,0.5634882,0.5634882,0.5634882,1.0023186,0.0,0.09946752,0.0,0.0,0.027,0.0,0.0,0.0,0.0,-26.57656,2.2051451,0.7350484,0.16800001,0.0,0.17364375,0.0,0.0
hardzero_only__c0p58__z1p00__lam0p000__nu0p50__psi0p00,0.027,base,46,813,0.0,2,0.5634882,0.5634882,0.5634882,1.044118,0.0,0.09034038,0.0,0.0,0.027,0.0,0.0,0.0,0.0,-27.668062,2.2971056,0.7657019,0.15200001,0.0,0.17854716,0.0,0.0
hardzero_only__c0p58__z1p00__lam0p000__nu0p50__psi0p00,0.027,base,46,814,0.0,2,0.5634882,0.56623256,0.56623256,0.9929167,0.10164437,0.10164437,1.0,0.002744398,0.027,0.0,0.0,0.0,0.0,-26.84247,2.1844604,0.72815347,0.128,0.0,0.1746819,0.0,0.0
hardzero_only__c0p58__z1p00__lam0p000__nu0p50__psi0p00,0.027,base,46,815,0.0,2,0.56623256,0.56623256,0.56623256,1.0174462,0.0,0.096062474,0.0,0.0,0.027,0.0,0.0,0.0,0.0,-26.650822,2.2384262,0.7461421,0.18400002,0.0,0.1526802,0.0,0.0
hardzero_only__c0p58__z1p00__lam0p000__nu0p50__psi0p00,0.027,base,46,816,0.0,2,0.56623256,0.56896067,0.56896067,0.9955036,0.10104071,0.10104071,1.0,0.0027280992,0.027,0.0,0.0,0.0,0.0,-26.349213,2.1901517,0.73005056,0.208,0.0,0.1595528,0.0,0.0
hardzero_only__c0p58__z1p00__lam0p000__nu0p50__psi0p00,0.027,base,46,817,0.0,2,0.56896067,0.5718,0.5718,0.9781516,0.10515946,0.10515946,1.0,0.0028393054,0.027,0.0,0.0,0.0,0.0,-26.356213,2.1519766,0.71732557,0.14400001,0.0,0.14531861,0.0,0.0
hardzero_only__c0p58__z1p00__lam0p000__nu0p50__psi0p00,0.027,base,46,818,0.0,2,0.5718,0.5745527,0.5745527,0.9916039,0.10195207,0.10195207,1.0,0.002752706,0.027,0.0,0.0,0.0,0.0,-26.498901,2.1815722,0.72719073,0.16000001,0.0,0.14170967,0.0,0.0
hardzero_only__c0p58__z1p00__lam0p000__nu0p50__psi0p00,0.027,base,46,819,0.0,2,0.5745527,0.5745527,0.5745527,1.0213882,0.0,0.0951945,0.0,0.0,0.027,0.0,0.0,0.0,0.0,-26.870928,2.247099,0.749033,0.11,0.0,0.12156805,0.0,0.0
hardzero_only__c0p58__z1p00__lam0p000__nu0p50__psi0p00,0.027,base,46,820,0.0,2,0.5745527,0.57728183,0.57728183,0.99534017,0.101078734,0.101078734,1.0,0.0027291258,0.027,0.0,0.0,0.0,0.0,-26.941101,2.1897922,0.72993076,0.120000005,0.0,0.13592573,0.0,0.0
hardzero_only__c0p58__z1p00__lam0p000__nu0p50__psi0p00,0.027,base,46,821,0.0,2,0.57728183,0.5801789,0.5801789,0.969403,0.10729933,0.10729933,1.0,0.002897082,0.027,0.0,0.0,0.0,0.0,-25.646961,2.1327293,0.7109098,0.16000001,0.0,0.11973318,0.0,0.0
hardzero_only__c0p58__z1p00__lam0p000__nu0p50__psi0p00,0.027,base,46,822,1.0,3,0.5801789,0.00017893314,0.00017893314,1.0189115,0.0,0.09573892,0.0,0.0,0.027,0.0,0.0,0.0,0.0,-27.797903,2.24165,0.7472167,0.17600001,0.0,0.14210598,0.0,0.0
hardzero_only__c0p58__z1p00__lam0p000__nu0p50__psi0p00,0.027,base,46,823,0.0,3,0.00017893314,0.00017893314,0.00017893314,1.03168,0.0,0.09296511,0.0,0.0,0.027,0.0,0.0,0.0,0.0,-27.284283,2.2697413,0.7565805,0.16000001,0.0,0.16233997,0.0,0.0
hardzero_only__c0p58__z1p00__lam0p000__nu0p50__psi0p00,0.027,base,46,824,0.0,3,0.00017893314,0.00017893314,0.00017893314,1.00973,0.0,0.09778449,0.0,0.0,0.027,0.0,0.0,0.0,0.0,-27.122318,2.2214503,0.74048346,0.208,0.0,0.16089132,0.0,0.0
hardzero_only__c0p58__z1p00__lam0p000__nu0p50__psi0p00,0.027,base,46,825,0.0,3,0.00017893314,0.00017893314,0.00017893314,1.0366182,0.0,0.09191403,0.0,0.0,0.027,0.0,0.0,0.0,0.0,-27.721664,2.2806056,0.7602019,0.128,0.0,0.16475882,0.0,0.0
hardzero_only__c0p58__z1p00__lam0p000__nu0p50__psi0p00,0.027,base,46,826,0.0,3,0.00017893314,0.00017893314,0.00017893314,1.0247852,0.0,0.09445279,0.0,0.0,0.027,0.0,0.0,0.0,0.0,-27.163681,2.2545724,0.75152415,0.136,0.0,0.15713127,0.0,0.0
hardzero_only__c0p58__z1p00__lam0p000__nu0p50__psi0p00,0.027,base,46,827,0.0,3,0.00017893314,0.0029220309,0.0029220309,0.9931225,0.10159621,0.10159621,1.0,0.0027430977,0.027,0.0,0.0,0.0,0.0,-27.222244,2.1849132,0.7283044,0.16000001,0.0,0.13044736,0.0,0.0
hardzero_only__c0p58__z1p00__lam0p000__nu0p50__psi0p00,0.027,base,46,828,0.0,3,0.0029220309,0.005835445,0.005835445,0.96696156,0.107904226,0.107904226,1.0,0.0029134143,0.027,0.0,0.0,0.0,0.0,-26.838106,2.127358,0.7091193,0.15200001,0.0,0.12836759,0.0,0.0
hardzero_only__c0p58__z1p00__lam0p000__nu0p50__psi0p00,0.027,base,46,829,0.0,3,0.005835445,0.005835445,0.005835445,1.0018865,0.0,0.099566564,0.0,0.0,0.027,0.0,0.0,0.0,0.0,-27.550188,2.2041943,0.73473144,0.24800001,0.0,0.16610566,0.0,0.0
hardzero_only__c0p58__z1p00__lam0p000__nu0p50__psi0p00,0.027,base,46,830,0.0,3,0.005835445,0.005835445,0.005835445,1.0447017,0.0,0.09021907,0.0,0.0,0.027,0.0,0.0,0.0,0.0,-27.402529,2.2983897,0.7661299,0.15200001,0.0,0.17793359,0.0,0.0
hardzero_only__c0p58__z1p00__lam0p000__nu0p50__psi0p00,0.027,base,46,831,0.0,3,0.005835445,0.008998219,0.008998219,0.93129563,0.11713977,0.11713977,1.0,0.003162774,0.027,0.0,0.0,0.0,0.0,-24.792927,2.0488913,0.6829638,0.216,0.0,0.115896836,0.0,0.0
hardzero_only__c0p58__z1p00__lam0p000__nu0p50__psi0p00,0.027,base,46,832,0.0,3,0.008998219,0.011761048,0.011761048,0.9900098,0.102327,0.102327,1.0,0.002762829,0.027,0.0,0.0,0.0,0.0,-26.889248,2.178065,0.7260217,0.21,0.0,0.15537839,0.0,0.0
hardzero_only__c0p58__z1p00__lam0p000__nu0p50__psi0p00,0.027,base,46,833,0.0,3,0.011761048,0.014642073,0.014642073,0.97181666,0.10670463,0.10670463,1.0,0.0028810252,0.027,0.0,0.0,0.0,0.0,-26.191124,2.1380394,0.7126798,0.208,0.0,0.13258016,0.0,0.0
hardzero_only__c0p58__z1p00__lam0p000__nu0p50__psi0p00,0.027,base,46,834,0.0,3,0.014642073,0.017573614,0.017573614,0.96426797,0.10857555,0.10857555,1.0,0.00293154,0.027,0.0,0.0,0.0,0.0,-26.061987,2.1214318,0.70714396,0.16800001,0.008,0.14132486,0.0,0.0
hardzero_only__c0p58__z1p00__lam0p000__nu0p50__psi0p00,0.027,base,46,835,0.0,3,0.017573614,0.020385956,0.020385956,0.9822956,0.10416083,0.10416083,1.0,0.0028123425,0.027,0.0,0.0,0.0,0.0,-26.29528,2.1610935,0.7203645,0.16000001,0.0,0.13305952,0.0,0.0
hardzero_only__c0p58__z1p00__lam0p000__nu0p50__psi0p00,0.027,base,46,836,0.0,3,0.020385956,0.020385956,0.020385956,1.0141836,0.0,0.09678684,0.0,0.0,0.027,0.0,0.0,0.0,0.0,-27.049114,2.2312486,0.74374956,0.14400001,0.0,0.16543937,0.0,0.0
hardzero_only__c0p58__z1p00__lam0p000__nu0p50__psi0p00,0.027,base,46,837,0.0,3,0.020385956,0.023157492,0.023157492,0.98864335,0.10264946,0.10264946,1.0,0.0027715354,0.027,0.0,0.0,0.0,0.0,-26.835066,2.1750588,0.72501963,0.192,0.0,0.16019976,0.0,0.0
hardzero_only__c0p58__z1p00__lam0p000__nu0p50__psi0p00,0.027,base,46,838,0.0,3,0.023157492,0.023157492,0.023157492,1.0837348,0.0,0.08246415,0.0,0.0,0.027,0.0,0.0,0.0,0.0,-27.815994,2.384264,0.7947547,0.16000001,0.0,0.1540594,0.0,0.0
hardzero_only__c0p58__z1p00__lam0p000__nu0p50__psi0p00,0.027,base,46,839,0.0,3,0.023157492,0.023157492,0.023157492,1.0290419,0.0,0.09353154,0.0,0.0,0.027,0.0,0.0,0.0,0.0,-27.632975,2.2639375,0.7546458,0.16000001,0.008,0.13670017,0.0,0.0
hardzero_only__c0p58__z1p00__lam0p000__nu0p50__psi0p00,0.027,base,46,840,0.0,3,0.023157492,0.025862884,0.025862884,0.99913377,0.10019966,0.10019966,1.0,0.002705391,0.027,0.0,0.0,0.0,0.0,-27.143023,2.1981382,0.73271275,0.15200001,0.0,0.16864309,0.0,0.0
hardzero_only__c0p58__z1p00__lam0p000__nu0p50__psi0p00,0.027,base,46,841,0.0,3,0.025862884,0.025862884,0.025862884,1.0592226,0.0,0.08725241,0.0,0.0,0.027,0.0,0.0,0.0,0.0,-28.207914,2.3303363,0.7767788,0.128,0.0,0.14256053,0.0,0.0
hardzero_only__c0p58__z1p00__lam0p000__nu0p50__psi0p00,0.027,base,46,842,0.0,3,0.025862884,0.028743206,0.028743206,0.97192264,0.10667861,0.10667861,1.0,0.0028803225,0.027,0.0,0.0,0.0,0.0,-26.007143,2.1382725,0.7127575,0.18400002,0.0,0.13807832,0.0,0.0
hardzero_only__c0p58__z1p00__lam0p000__nu0p50__psi0p00,0.027,base,46,843,0.0,3,0.028743206,0.028743206,0.028743206,1.0056684,0.0,0.09870328,0.0,0.0,0.027,0.0,0.0,0.0,0.0,-27.153738,2.2125146,0.7375049,0.136,0.0,0.13655262,0.0,0.0
hardzero_only__c0p58__z1p00__lam0p000__nu0p50__psi0p00,0.027,base,46,844,0.0,3,0.028743206,0.028743206,0.028743206,1.0435547,0.0,0.09045765,0.0,0.0,0.027,0.0,0.0,0.0,0.0,-28.019972,2.295866,0.7652887,0.15200001,0.0,0.17167498,0.0,0.0
hardzero_only__c0p58__z1p00__lam0p000__nu0p50__psi0p00,0.027,base,46,845,0.0,3,0.028743206,0.031568035,0.031568035,0.9803716,0.10462329,0.10462329,1.0,0.002824829,0.027,0.0,0.0,0.0,0.0,-26.42511,2.1568606,0.71895355,0.21,0.0,0.111973576,0.0,0.0
hardzero_only__c0p58__z1p00__lam0p000__nu0p50__psi0p00,0.027,base,46,846,0.0,3,0.031568035,0.034292925,0.034292925,0.996015,0.100921795,0.100921795,1.0,0.0027248885,0.027,0.0,0.0,0.0,0.0,-27.47573,2.1912768,0.7304256,0.16800001,0.0,0.13526982,0.0,0.0
hardzero_only__c0p58__z1p00__lam0p000__nu0p50__psi0p00,0.027,base,46,847,0.0,3,0.034292925,0.037034202,0.037034202,0.9934106,0.10152884,0.10152884,1.0,0.0027412786,0.027,0.0,0.0,0.0,0.0,-27.323774,2.1855469,0.7285156,0.15200001,0.0,0.17226145,0.0,0.0
hardzero_only__c0p58__z1p00__lam0p000__nu0p50__psi0p00,0.027,base,46,848,0.0,3,0.037034202,0.037034202,0.037034202,1.0124165,0.0,0.097181484,0.0,0.0,0.027,0.0,0.0,0.0,0.0,-26.830938,2.2273607,0.7424536,0.15200001,0.0,0.13204807,0.0,0.0
hardzero_only__c0p58__z1p00__lam0p000__nu0p50__psi0p00,0.027,base,46,849,0.0,3,0.037034202,0.037034202,0.037034202,1.0480787,0.0,0.08952027,0.0,0.0,0.027,0.0,0.0,0.0,0.0,-27.310837,2.305819,0.76860636,0.112,0.0,0.15209067,0.0,0.0
hardzero_only__c0p58__z1p00__lam0p000__nu0p50__psi0p00,0.027,base,46,850,0.0,3,0.037034202,0.04010629,0.04010629,0.9439305,0.11378094,0.11378094,1.0,0.0030720853,0.027,0.0,0.0,0.0,0.0,-25.632847,2.0766885,0.6922295,0.24800001,0.0,0.13663429,0.0,0.0
hardzero_only__c0p58__z1p00__lam0p000__nu0p50__psi0p00,0.027,base,46,851,0.0,3,0.04010629,0.04302681,0.04302681,0.96590346,0.10816745,0.10816745,1.0,0.0029205212,0.027,0.0,0.0,0.0,0.0,-26.549599,2.12503,0.7083434,0.136,0.0,0.12546822,0.0,0.0
hardzero_only__c0p58__z1p00__lam0p000__nu0p50__psi0p00,0.027,base,46,852,0.0,3,0.04302681,0.04302681,0.04302681,1.0236293,0.0,0.0947045,0.0,0.0,0.027,0.0,0.0,0.0,0.0,-27.704031,2.2520294,0.7506765,0.2,0.0,0.1689526,0.0,0.0
hardzero_only__c0p58__z1p00__lam0p000__nu0p50__psi0p00,0.027,base,46,853,0.0,3,0.04302681,0.04302681,0.04302681,1.0203669,0.0,0.09541862,0.0,0.0,0.027,0.0,0.0,0.0,0.0,-27.674889,2.244852,0.74828404,0.120000005,0.0,0.115806445,0.0,0.0
hardzero_only__c0p58__z1p00__lam0p000__nu0p50__psi0p00,0.027,base,46,854,0.0,3,0.04302681,0.04302681,0.04302681,1.0062404,0.0,0.09857337,0.0,0.0,0.027,0.0,0.0,0.0,0.0,-26.319546,2.213773,0.73792434,0.16000001,0.0,0.1317889,0.0,0.0
hardzero_only__c0p58__z1p00__lam0p000__nu0p50__psi0p00,0.027,base,46,855,0.0,3,0.04302681,0.045980908,0.045980908,0.9609384,0.10941115,0.10941115,1.0,0.0029541012,0.027,0.0,0.0,0.0,0.0,-25.891403,2.1141067,0.70470226,0.192,0.0,0.1131984,0.0,0.0
hardzero_only__c0p58__z1p00__lam0p000__nu0p50__psi0p00,0.027,base,46,856,0.0,3,0.045980908,0.045980908,0.045980908,1.0061265,0.0,0.098599225,0.0,0.0,0.027,0.0,0.0,0.0,0.0,-26.994349,2.2135227,0.7378409,0.15200001,0.0,0.13272442,0.0,0.0
hardzero_only__c0p58__z1p00__lam0p000__nu0p50__psi0p00,0.027,base,46,857,0.0,3,0.045980908,0.045980908,0.045980908,1.0278163,0.0,0.09379586,0.0,0.0,0.027,0.0,0.0,0.0,0.0,-27.701153,2.261241,0.753747,0.136,0.0,0.14295499,0.0,0.0
hardzero_only__c0p58__z1p00__lam0p000__nu0p50__psi0p00,0.027,base,46,858,0.0,3,0.045980908,0.045980908,0.045980908,1.037136,0.0,0.091804504,0.0,0.0,0.027,0.0,0.0,0.0,0.0,-27.17379,2.2817447,0.7605816,0.14,0.0,0.14921583,0.0,0.0
hardzero_only__c0p58__z1p00__lam0p000__nu0p50__psi0p00,0.027,base,46,859,0.0,3,0.045980908,0.048960716,0.048960716,0.9571758,0.11036317,0.11036317,1.0,0.0029798057,0.027,0.0,0.0,0.0,0.0,-25.584988,2.1058288,0.7019429,0.14400001,0.0,0.12775366,0.0,0.0
hardzero_only__c0p58__z1p00__lam0p000__nu0p50__psi0p00,0.027,base,46,860,0.0,3,0.048960716,0.048960716,0.048960716,1.0205644,0.0,0.09537522,0.0,0.0,0.027,0.0,0.0,0.0,0.0,-26.899399,2.2452867,0.74842894,0.16000001,0.0,0.15614149,0.0,0.0
hardzero_only__c0p58__z1p00__lam0p000__nu0p50__psi0p00,0.027,base,46,861,0.0,3,0.048960716,0.048960716,0.048960716,1.0641502,0.0,0.086268015,0.0,0.0,0.027,0.0,0.0,0.0,0.0,-28.508385,2.3411772,0.7803924,0.136,0.0,0.15393725,0.0,0.0
hardzero_only__c0p58__z1p00__lam0p000__nu0p50__psi0p00,0.027,base,46,862,0.0,3,0.048960716,0.05173081,0.05173081,0.98886913,0.1025961,0.1025961,1.0,0.0027700947,0.027,0.0,0.0,0.0,0.0,-26.315704,2.1755555,0.72518516,0.16000001,0.0,0.16099295,0.0,0.0
hardzero_only__c0p58__z1p00__lam0p000__nu0p50__psi0p00,0.027,base,46,863,0.0,3,0.05173081,0.05493457,0.05493457,0.92570406,0.11865769,0.11865769,1.0,0.0032037578,0.027,0.0,0.0,0.0,0.0,-24.690071,2.0365896,0.6788632,0.14400001,0.0,0.15475754,0.0,0.0
hardzero_only__c0p58__z1p00__lam0p000__nu0p50__psi0p00,0.027,base,46,864,0.0,3,0.05493457,0.05493457,0.05493457,1.0209103,0.0,0.0952993,0.0,0.0,0.027,0.0,0.0,0.0,0.0,-27.285877,2.2460475,0.7486825,0.16000001,0.0,0.17794716,0.0,0.0
hardzero_only__c0p58__z1p00__lam0p000__nu0p50__psi0p00,0.027,base,46,865,0.0,3,0.05493457,0.05493457,0.05493457,1.0159508,0.0,0.09639381,0.0,0.0,0.027,0.0,0.0,0.0,0.0,-27.329557,2.2351363,0.7450454,0.136,0.0,0.17406121,0.0,0.0
hardzero_only__c0p58__z1p00__lam0p000__nu0p50__psi0p00,0.027,base,46,866,0.0,3,0.05493457,0.057649326,0.057649326,0.99763274,0.100546554,0.100546554,1.0,0.002714757,0.027,0.0,0.0,0.0,0.0,-27.035444,2.194836,0.73161197,0.128,0.0,0.15091194,0.0,0.0
hardzero_only__c0p58__z1p00__lam0p000__nu0p50__psi0p00,0.027,base,46,867,0.0,3,0.057649326,0.057649326,0.057649326,1.0509406,0.0,0.088932276,0.0,0.0,0.027,0.0,0.0,0.0,0.0,-27.781372,2.3121157,0.7707052,0.128,0.0,0.12001705,0.0,0.0
hardzero_only__c0p58__z1p00__lam0p000__nu0p50__psi0p00,0.027,base,46,868,0.0,3,0.057649326,0.060582507,0.060582507,0.96402466,0.1086364,0.1086364,1.0,0.002933183,0.027,0.0,0.0,0.0,0.0,-26.636812,2.1208966,0.70696557,0.15200001,0.0,0.13945073,0.0,0.0
hardzero_only__c0p58__z1p00__lam0p000__nu0p50__psi0p00,0.027,base,46,869,0.0,3,0.060582507,0.060582507,0.060582507,1.0223914,0.0,0.09497482,0.0,0.0,0.027,0.0,0.0,0.0,0.0,-27.064293,2.2493062,0.74976873,0.18400002,0.0,0.1743404,0.0,0.0
hardzero_only__c0p58__z1p00__lam0p000__nu0p50__psi0p00,0.027,base,46,870,0.0,3,0.060582507,0.060582507,0.060582507,1.0940338,0.0,0.08053156,0.0,0.0,0.027,0.0,0.0,0.0,0.0,-28.659006,2.4069226,0.80230755,0.15200001,0.0,0.2079922,0.0,0.0
hardzero_only__c0p58__z1p00__lam0p000__nu0p50__psi0p00,0.027,base,46,871,0.0,3,0.060582507,0.063625135,0.063625135,0.9481153,0.11268982,0.11268982,1.0,0.0030426253,0.027,0.0,0.0,0.0,0.0,-25.955915,2.0858953,0.69529843,0.26,0.0,0.12651573,0.0,0.0
hardzero_only__c0p58__z1p00__lam0p000__nu0p50__psi0p00,0.027,base,46,872,0.0,3,0.063625135,0.06639733,0.06639733,0.98853946,0.10267401,0.10267401,1.0,0.0027721983,0.027,0.0,0.0,0.0,0.0,-27.694557,2.1748302,0.7249434,0.224,0.0,0.17017446,0.0,0.0
hardzero_only__c0p58__z1p00__lam0p000__nu0p50__psi0p00,0.027,base,46,873,0.0,3,0.06639733,0.06639733,0.06639733,1.0048156,0.0,0.098897286,0.0,0.0,0.027,0.0,0.0,0.0,0.0,-27.57583,2.2106385,0.7368795,0.136,0.0,0.15425552,0.0,0.0
hardzero_only__c0p58__z1p00__lam0p000__nu0p50__psi0p00,0.027,base,46,874,0.0,3,0.06639733,0.06639733,0.06639733,1.0028263,0.0,0.099351324,0.0,0.0,0.027,0.0,0.0,0.0,0.0,-26.293882,2.206262,0.7354207,0.18400002,0.0,0.14534773,0.0,0.0
hardzero_only__c0p58__z1p00__lam0p000__nu0p50__psi0p00,0.027,base,46,875,0.0,3,0.06639733,0.06639733,0.06639733,1.0223839,0.0,0.094976485,0.0,0.0,0.027,0.0,0.0,0.0,0.0,-27.066132,2.2492895,0.7497632,0.2,0.0,0.1633622,0.0,0.0
hardzero_only__c0p58__z1p00__lam0p000__nu0p50__psi0p00,0.027,base,46,876,0.0,3,0.06639733,0.06639733,0.06639733,1.0387326,0.0,0.09146761,0.0,0.0,0.027,0.0,0.0,0.0,0.0,-27.257868,2.2852573,0.7617525,0.17600001,0.0,0.15939571,0.0,0.0
hardzero_only__c0p58__z1p00__lam0p000__nu0p50__psi0p00,0.027,base,46,877,0.0,3,0.06639733,0.06639733,0.06639733,1.0461904,0.0,0.089910336,0.0,0.0,0.027,0.0,0.0,0.0,0.0,-27.678236,2.3016648,0.7672216,0.112,0.0,0.18412809,0.0,0.0
hardzero_only__c0p58__z1p00__lam0p000__nu0p50__psi0p00,0.027,base,46,878,0.0,3,0.06639733,0.06937697,0.06937697,0.95720094,0.11035678,0.11035678,1.0,0.0029796332,0.027,0.0,0.0,0.0,0.0,-26.410522,2.105884,0.7019614,0.136,0.0,0.14189821,0.0,0.0
hardzero_only__c0p58__z1p00__lam0p000__nu0p50__psi0p00,0.027,base,46,879,0.0,3,0.06937697,0.06937697,0.06937697,1.0637025,0.0,0.08635699,0.0,0.0,0.027,0.0,0.0,0.0,0.0,-28.215094,2.340192,0.78006405,0.128,0.0,0.18880604,0.0,0.0
hardzero_only__c0p58__z1p00__lam0p000__nu0p50__psi0p00,0.027,base,46,880,0.0,3,0.06937697,0.07253041,0.07253041,0.9325785,0.11679424,0.11679424,1.0,0.0031534447,0.027,0.0,0.0,0.0,0.0,-25.497736,2.0517137,0.6839046,0.18400002,0.0,0.11632594,0.0,0.0
hardzero_only__c0p58__z1p00__lam0p000__nu0p50__psi0p00,0.027,base,46,881,0.0,3,0.07253041,0.07253041,0.07253041,1.0471961,0.0,0.08970236,0.0,0.0,0.027,0.0,0.0,0.0,0.0,-26.777819,2.3038776,0.76795924,0.128,0.0,0.15794307,0.0,0.0
hardzero_only__c0p58__z1p00__lam0p000__nu0p50__psi0p00,0.027,base,46,882,0.0,3,0.07253041,0.07253041,0.07253041,1.0292071,0.0,0.09349596,0.0,0.0,0.027,0.0,0.0,0.0,0.0,-26.963278,2.2643008,0.75476694,0.128,0.0,0.13804594,0.0,0.0
hardzero_only__c0p58__z1p00__lam0p000__nu0p50__psi0p00,0.027,base,46,883,0.0,3,0.07253041,0.07533499,0.07533499,0.98349667,0.103873156,0.103873156,1.0,0.0028045753,0.027,0.0,0.0,0.0,0.0,-26.362616,2.1637359,0.7212453,0.16800001,0.0,0.13267787,0.0,0.0
hardzero_only__c0p58__z1p00__lam0p000__nu0p50__psi0p00,0.027,base,46,884,0.0,3,0.07533499,0.07806817,0.07806817,0.9946953,0.10122893,0.10122893,1.0,0.0027331812,0.027,0.0,0.0,0.0,0.0,-26.662472,2.1883733,0.7294578,0.24,0.0,0.15145437,0.0,0.0
hardzero_only__c0p58__z1p00__lam0p000__nu0p50__psi0p00,0.027,base,46,885,0.0,3,0.07806817,0.07806817,0.07806817,1.0168988,0.0,0.096183635,0.0,0.0,0.027,0.0,0.0,0.0,0.0,-28.171389,2.237222,0.74574065,0.08800001,0.0,0.13152328,0.0,0.0
hardzero_only__c0p58__z1p00__lam0p000__nu0p50__psi0p00,0.027,base,46,886,0.0,3,0.07806817,0.08086058,0.08086058,0.9853842,0.103422664,0.103422664,1.0,0.002792412,0.027,0.0,0.0,0.0,0.0,-26.242144,2.1678886,0.72262955,0.128,0.0,0.13443525,0.0,0.0
hardzero_only__c0p58__z1p00__lam0p000__nu0p50__psi0p00,0.027,base,46,887,0.0,3,0.08086058,0.08086058,0.08086058,1.0193534,0.0,0.095641546,0.0,0.0,0.027,0.0,0.0,0.0,0.0,-27.555346,2.2426221,0.7475407,0.2,0.0,0.16556679,0.0,0.0
hardzero_only__c0p58__z1p00__lam0p000__nu0p50__psi0p00,0.027,base,46,888,0.0,3,0.08086058,0.08086058,0.08086058,1.0279509,0.0,0.093766816,0.0,0.0,0.027,0.0,0.0,0.0,0.0,-27.09807,2.261537,0.7538457,0.136,0.0,0.14700142,0.0,0.0
hardzero_only__c0p58__z1p00__lam0p000__nu0p50__psi0p00,0.027,base,46,889,0.0,3,0.08086058,0.08398968,0.08398968,0.93594384,0.11589272,0.11589272,1.0,0.0031291037,0.027,0.0,0.0,0.0,0.0,-25.513378,2.0591176,0.6863725,0.224,0.0,0.15087438,0.0,0.0
hardzero_only__c0p58__z1p00__lam0p000__nu0p50__psi0p00,0.027,base,46,890,0.0,3,0.08398968,0.08398968,0.08398968,1.005292,0.0,0.09878886,0.0,0.0,0.027,0.0,0.0,0.0,0.0,-27.04161,2.2116866,0.7372289,0.192,0.008,0.14460525,0.0,0.0
hardzero_only__c0p58__z1p00__lam0p000__nu0p50__psi0p00,0.027,base,46,891,0.0,3,0.08398968,0.08398968,0.08398968,1.0066556,0.0,0.09847918,0.0,0.0,0.027,0.0,0.0,0.0,0.0,-26.835718,2.2146864,0.7382288,0.17600001,0.0,0.14379552,0.0,0.0
hardzero_only__c0p58__z1p00__lam0p000__nu0p50__psi0p00,0.027,base,46,892,0.0,3,0.08398968,0.08678516,0.08678516,0.984907,0.103536405,0.103536405,1.0,0.002795483,0.027,0.0,0.0,0.0,0.0,-26.59429,2.1668386,0.72227955,0.2,0.0,0.14750837,0.0,0.0
hardzero_only__c0p58__z1p00__lam0p000__nu0p50__psi0p00,0.027,base,46,893,0.0,3,0.08678516,0.0895079,0.0895079,0.996357,0.10084235,0.10084235,1.0,0.0027227434,0.027,0.0,0.0,0.0,0.0,-26.942738,2.1920292,0.7306764,0.2,0.0,0.15493496,0.0,0.0
hardzero_only__c0p58__z1p00__lam0p000__nu0p50__psi0p00,0.027,base,46,894,0.0,3,0.0895079,0.0895079,0.0895079,1.0207878,0.0,0.09532616,0.0,0.0,0.027,0.0,0.0,0.0,0.0,-26.935078,2.245778,0.74859273,0.16800001,0.0,0.14583357,0.0,0.0
hardzero_only__c0p58__z1p00__lam0p000__nu0p50__psi0p00,0.027,base,46,895,0.0,3,0.0895079,0.0895079,0.0895079,1.0113178,0.0,0.09742763,0.0,0.0,0.027,0.0,0.0,0.0,0.0,-26.907337,2.2249436,0.7416479,0.136,0.0,0.14914139,0.0,0.0
hardzero_only__c0p58__z1p00__lam0p000__nu0p50__psi0p00,0.027,base,46,896,0.0,3,0.0895079,0.09230803,0.09230803,0.98418516,0.103708625,0.103708625,1.0,0.0028001328,0.027,0.0,0.0,0.0,0.0,-25.960638,2.1652505,0.7217502,0.128,0.0,0.12488611,0.0,0.0
hardzero_only__c0p58__z1p00__lam0p000__nu0p50__psi0p00,0.027,base,46,897,0.0,3,0.09230803,0.09230803,0.09230803,1.051051,0.0,0.088909656,0.0,0.0,0.027,0.0,0.0,0.0,0.0,-26.561903,2.3123584,0.77078617,0.11,0.0,0.16827363,0.0,0.0
hardzero_only__c0p58__z1p00__lam0p000__nu0p50__psi0p00,0.027,base,46,898,0.0,3,0.09230803,0.09230803,0.09230803,1.0318888,0.0,0.09292042,0.0,0.0,0.027,0.0,0.0,0.0,0.0,-27.230091,2.2702007,0.7567336,0.192,0.0,0.15472087,0.0,0.0
hardzero_only__c0p58__z1p00__lam0p000__nu0p50__psi0p00,0.027,base,46,899,0.0,3,0.09230803,0.09230803,0.09230803,1.0653461,0.0,0.086030774,0.0,0.0,0.027,0.0,0.0,0.0,0.0,-29.110462,2.3438082,0.78126943,0.080000006,0.0,0.17828844,0.0,0.0
hardzero_only__c0p58__z1p00__lam0p000__nu0p50__psi0p00,0.027,base,46,900,0.0,3,0.09230803,0.09230803,0.09230803,1.0124329,0.0,0.097177796,0.0,0.0,0.027,0.0,0.0,0.0,0.0,-27.123747,2.227397,0.7424657,0.16000001,0.0,0.173756,0.0,0.0
hardzero_only__c0p58__z1p00__lam0p000__nu0p50__psi0p00,0.027,base,46,901,0.0,3,0.09230803,0.09230803,0.09230803,1.010578,0.0,0.09759373,0.0,0.0,0.027,0.0,0.0,0.0,0.0,-27.819094,2.2233162,0.74110544,0.14400001,0.0,0.14761102,0.0,0.0
hardzero_only__c0p58__z1p00__lam0p000__nu0p50__psi0p00,0.027,base,46,902,0.0,3,0.09230803,0.09230803,0.09230803,1.0081297,0.0,0.09814546,0.0,0.0,0.027,0.0,0.0,0.0,0.0,-27.117397,2.2179296,0.7393099,0.15200001,0.0,0.13754496,0.0,0.0
hardzero_only__c0p58__z1p00__lam0p000__nu0p50__psi0p00,0.027,base,46,903,0.0,3,0.09230803,0.09503465,0.09503465,0.9957391,0.10098594,0.10098594,1.0,0.0027266203,0.027,0.0,0.0,0.0,0.0,-26.668102,2.1906698,0.7302233,0.15200001,0.0,0.15744838,0.0,0.0
hardzero_only__c0p58__z1p00__lam0p000__nu0p50__psi0p00,0.027,base,46,904,0.0,3,0.09503465,0.09503465,0.09503465,1.0793337,0.0,0.08330409,0.0,0.0,0.027,0.0,0.0,0.0,0.0,-27.769709,2.3745816,0.7915272,0.15200001,0.008,0.15849641,0.0,0.0
hardzero_only__c0p58__z1p00__lam0p000__nu0p50__psi0p00,0.027,base,46,905,0.0,3,0.09503465,0.097955234,0.097955234,0.9658938,0.10816984,0.10816984,1.0,0.0029205857,0.027,0.0,0.0,0.0,0.0,-26.579908,2.1250088,0.7083363,0.136,0.0,0.13414958,0.0,0.0
hardzero_only__c0p58__z1p00__lam0p000__nu0p50__psi0p00,0.027,base,46,906,0.0,3,0.097955234,0.097955234,0.097955234,1.0137444,0.0,0.09688481,0.0,0.0,0.027,0.0,0.0,0.0,0.0,-26.311941,2.230282,0.7434274,0.15200001,0.0,0.12984699,0.0,0.0
hardzero_only__c0p58__z1p00__lam0p000__nu0p50__psi0p00,0.027,base,46,907,0.0,3,0.097955234,0.097955234,0.097955234,1.0082117,0.0,0.09812693,0.0,0.0,0.027,0.0,0.0,0.0,0.0,-26.521597,2.21811,0.73937005,0.16800001,0.0,0.15190887,0.0,0.0
hardzero_only__c0p58__z1p00__lam0p000__nu0p50__psi0p00,0.027,base,46,908,0.0,3,0.097955234,0.097955234,0.097955234,1.0350703,0.0,0.0922422,0.0,0.0,0.027,0.0,0.0,0.0,0.0,-27.638453,2.2772002,0.75906676,0.18400002,0.0,0.16899341,0.0,0.0
hardzero_only__c0p58__z1p00__lam0p000__nu0p50__psi0p00,0.027,base,46,909,0.0,3,0.097955234,0.10111295,0.10111295,0.93199116,0.116952315,0.116952315,1.0,0.0031577125,0.027,0.0,0.0,0.0,0.0,-25.97971,2.0504215,0.6834738,0.192,0.0,0.12264354,0.0,0.0
hardzero_only__c0p58__z1p00__lam0p000__nu0p50__psi0p00,0.027,base,46,910,0.0,3,0.10111295,0.10415929,0.10415929,0.9475853,0.112827435,0.112827435,1.0,0.0030463408,0.027,0.0,0.0,0.0,0.0,-25.052603,2.0847292,0.69490975,0.21,0.0,0.12712684,0.0,0.0
hardzero_only__c0p58__z1p00__lam0p000__nu0p50__psi0p00,0.027,base,46,911,0.0,3,0.10415929,0.107033215,0.107033215,0.9728877,0.106441826,0.106441826,1.0,0.0028739295,0.027,0.0,0.0,0.0,0.0,-26.775331,2.1403956,0.7134652,0.224,0.0,0.13769768,0.0,0.0
hardzero_only__c0p58__z1p00__lam0p000__nu0p50__psi0p00,0.027,base,46,912,0.0,3,0.107033215,0.107033215,0.107033215,1.0260943,0.0,0.09416851,0.0,0.0,0.027,0.0,0.0,0.0,0.0,-27.248442,2.2574525,0.7524842,0.192,0.0,0.16278778,0.0,0.0
hardzero_only__c0p58__z1p00__lam0p000__nu0p50__psi0p00,0.027,base,46,913,0.0,3,0.107033215,0.107033215,0.107033215,1.0698609,0.0,0.085141055,0.0,0.0,0.027,0.0,0.0,0.0,0.0,-28.790405,2.3537412,0.7845804,0.14400001,0.0,0.17915869,0.0,0.0
hardzero_only__c0p58__z1p00__lam0p000__nu0p50__psi0p00,0.027,base,46,914,0.0,3,0.107033215,0.107033215,0.107033215,1.0009137,0.0,0.09978981,0.0,0.0,0.027,0.0,0.0,0.0,0.0,-27.318106,2.2020543,0.7340181,0.272,0.0,0.15983261,0.0,0.0
hardzero_only__c0p58__z1p00__lam0p000__nu0p50__psi0p00,0.027,base,46,915,0.0,3,0.107033215,0.107033215,0.107033215,1.0623499,0.0,0.086626366,0.0,0.0,0.027,0.0,0.0,0.0,0.0,-28.013954,2.3372164,0.77907217,0.16800001,0.0,0.14894804,0.0,0.0
hardzero_only__c0p58__z1p00__lam0p000__nu0p50__psi0p00,0.027,base,46,916,0.0,3,0.107033215,0.107033215,0.107033215,1.0448074,0.0,0.09019709,0.0,0.0,0.027,0.0,0.0,0.0,0.0,-27.709877,2.2986224,0.76620746,0.18400002,0.0,0.17161182,0.0,0.0
hardzero_only__c0p58__z1p00__lam0p000__nu0p50__psi0p00,0.027,base,46,917,0.0,3,0.107033215,0.10981639,0.10981639,0.98682374,0.10308044,0.10308044,1.0,0.0027831718,0.027,0.0,0.0,0.0,0.0,-26.688032,2.1710556,0.7236852,0.216,0.0,0.16318572,0.0,0.0
hardzero_only__c0p58__z1p00__lam0p000__nu0p50__psi0p00,0.027,base,46,918,0.0,3,0.10981639,0.112751566,0.112751566,0.96372956,0.108710244,0.108710244,1.0,0.0029351767,0.027,0.0,0.0,0.0,0.0,-26.422405,2.1202474,0.70674914,0.128,0.0,0.15850726,0.0,0.0
hardzero_only__c0p58__z1p00__lam0p000__nu0p50__psi0p00,0.027,base,46,919,0.0,3,0.112751566,0.112751566,0.112751566,1.009696,0.0,0.09779213,0.0,0.0,0.027,0.0,0.0,0.0,0.0,-26.813753,2.2213755,0.7404585,0.136,0.0,0.15337382,0.0,0.0
hardzero_only__c0p58__z1p00__lam0p000__nu0p50__psi0p00,0.027,base,46,920,0.0,3,0.112751566,0.1155096,0.1155096,0.9907646,0.10214929,0.10214929,1.0,0.002758031,0.027,0.0,0.0,0.0,0.0,-26.561056,2.1797256,0.72657526,0.16000001,0.0,0.13533792,0.0,0.0
hardzero_only__c0p58__z1p00__lam0p000__nu0p50__psi0p00,0.027,base,46,921,0.0,3,0.1155096,0.1155096,0.1155096,1.0440928,0.0,0.090345636,0.0,0.0,0.027,0.0,0.0,0.0,0.0,-27.524542,2.29705,0.76568335,0.120000005,0.0,0.15661463,0.0,0.0
hardzero_only__c0p58__z1p00__lam0p000__nu0p50__psi0p00,0.027,base,46,922,0.0,3,0.1155096,0.1155096,0.1155096,1.0321467,0.0,0.09286527,0.0,0.0,0.027,0.0,0.0,0.0,0.0,-27.459677,2.2707682,0.7569227,0.104,0.0,0.16403364,0.0,0.0
hardzero_only__c0p58__z1p00__lam0p000__nu0p50__psi0p00,0.027,base,46,923,0.0,3,0.1155096,0.11855591,0.11855591,0.94758993,0.11282622,0.11282622,1.0,0.003046308,0.027,0.0,0.0,0.0,0.0,-25.956255,2.0847394,0.69491315,0.14,0.0,0.12245148,0.0,0.0
hardzero_only__c0p58__z1p00__lam0p000__nu0p50__psi0p00,0.027,base,46,924,0.0,3,0.11855591,0.121292345,0.121292345,0.9941787,0.101349406,0.101349406,1.0,0.002736434,0.027,0.0,0.0,0.0,0.0,-27.31956,2.1872368,0.72907895,0.14400001,0.0,0.14878452,0.0,0.0
hardzero_only__c0p58__z1p00__lam0p000__nu0p50__psi0p00,0.027,base,46,925,0.0,3,0.121292345,0.121292345,0.121292345,1.0323787,0.0,0.09281567,0.0,0.0,0.027,0.0,0.0,0.0,0.0,-27.96406,2.2712784,0.75709283,0.120000005,0.0,0.15861064,0.0,0.0
hardzero_only__c0p58__z1p00__lam0p000__nu0p50__psi0p00,0.027,base,46,926,0.0,3,0.121292345,0.12406221,0.12406221,0.98890495,0.10258764,0.10258764,1.0,0.0027698663,0.027,0.0,0.0,0.0,0.0,-27.423626,2.1756344,0.7252115,0.216,0.0,0.14942004,0.0,0.0
hardzero_only__c0p58__z1p00__lam0p000__nu0p50__psi0p00,0.027,base,46,927,0.0,3,0.12406221,0.1269866,0.1269866,0.9653299,0.10831039,0.10831039,1.0,0.0029243806,0.027,0.0,0.0,0.0,0.0,-26.832216,2.123768,0.7079227,0.17600001,0.0,0.14412957,0.0,0.0
hardzero_only__c0p58__z1p00__lam0p000__nu0p50__psi0p00,0.027,base,46,928,0.0,3,0.1269866,0.12974596,0.12974596,0.99055326,0.10219901,0.10219901,1.0,0.0027593733,0.027,0.0,0.0,0.0,0.0,-26.761108,2.1792607,0.7264203,0.136,0.0,0.1146033,0.0,0.0
hardzero_only__c0p58__z1p00__lam0p000__nu0p50__psi0p00,0.027,base,46,929,0.0,3,0.12974596,0.13258311,0.13258311,0.978481,0.10507974,0.10507974,1.0,0.0028371532,0.027,0.0,0.0,0.0,0.0,-26.592169,2.1527011,0.7175671,0.192,0.0,0.12828982,0.0,0.0
hardzero_only__c0p58__z1p00__lam0p000__nu0p50__psi0p00,0.027,base,46,930,0.0,3,0.13258311,0.13545659,0.13545659,0.97295564,0.10642515,0.10642515,1.0,0.0028734792,0.027,0.0,0.0,0.0,0.0,-26.052872,2.1405451,0.71351504,0.23200001,0.0,0.1534285,0.0,0.0
hardzero_only__c0p58__z1p00__lam0p000__nu0p50__psi0p00,0.027,base,46,931,0.0,3,0.13545659,0.13545659,0.13545659,1.0002123,0.0,0.09995113,0.0,0.0,0.027,0.0,0.0,0.0,0.0,-26.168291,2.200511,0.7335037,0.104,0.0,0.15122902,0.0,0.0
hardzero_only__c0p58__z1p00__lam0p000__nu0p50__psi0p00,0.027,base,46,932,0.0,3,0.13545659,0.13821818,0.13821818,0.9902046,0.10228111,0.10228111,1.0,0.00276159,0.027,0.0,0.0,0.0,0.0,-26.623047,2.1784935,0.7261645,0.16000001,0.0,0.14650461,0.0,0.0
hardzero_only__c0p58__z1p00__lam0p000__nu0p50__psi0p00,0.027,base,46,933,0.0,3,0.13821818,0.14104426,0.14104426,0.9801802,0.1046694,0.1046694,1.0,0.002826074,0.027,0.0,0.0,0.0,0.0,-26.148836,2.1564395,0.7188132,0.208,0.0,0.14244694,0.0,0.0
hardzero_only__c0p58__z1p00__lam0p000__nu0p50__psi0p00,0.027,base,46,934,0.0,3,0.14104426,0.14409602,0.14409602,0.9468139,0.11302802,0.11302802,1.0,0.0030517566,0.027,0.0,0.0,0.0,0.0,-26.050453,2.0830321,0.69434404,0.192,0.0,0.12445079,0.0,0.0
hardzero_only__c0p58__z1p00__lam0p000__nu0p50__psi0p00,0.027,base,46,935,0.0,3,0.14409602,0.14409602,0.14409602,1.0004591,0.0,0.09989434,0.0,0.0,0.027,0.0,0.0,0.0,0.0,-27.45899,2.2010539,0.73368466,0.17600001,0.0,0.15608485,0.0,0.0
hardzero_only__c0p58__z1p00__lam0p000__nu0p50__psi0p00,0.027,base,46,936,0.0,3,0.14409602,0.14693475,0.14693475,0.9782404,0.105137974,0.105137974,1.0,0.0028387255,0.027,0.0,0.0,0.0,0.0,-26.136826,2.1521719,0.71739066,0.19999999,0.0,0.13423562,0.0,0.0
hardzero_only__c0p58__z1p00__lam0p000__nu0p50__psi0p00,0.027,base,46,937,0.0,3,0.14693475,0.14967927,0.14967927,0.9928958,0.10164926,0.10164926,1.0,0.00274453,0.027,0.0,0.0,0.0,0.0,-26.252829,2.1844144,0.72813815,0.14400001,0.0,0.1389922,0.0,0.0
hardzero_only__c0p58__z1p00__lam0p000__nu0p50__psi0p00,0.027,base,46,938,0.0,3,0.14967927,0.14967927,0.14967927,1.0192528,0.0,0.09566372,0.0,0.0,0.027,0.0,0.0,0.0,0.0,-28.133947,2.242401,0.747467,0.216,0.008,0.14394,0.0,0.0
hardzero_only__c0p58__z1p00__lam0p000__nu0p50__psi0p00,0.027,base,46,939,0.0,3,0.14967927,0.15238053,0.15238053,0.99979776,0.100046575,0.100046575,1.0,0.0027012576,0.027,0.0,0.0,0.0,0.0,-26.40293,2.199599,0.7331997,0.16000001,0.0,0.12525974,0.0,0.0
hardzero_only__c0p58__z1p00__lam0p000__nu0p50__psi0p00,0.027,base,46,940,0.0,3,0.15238053,0.15513255,0.15513255,0.9917124,0.10192662,0.10192662,1.0,0.0027520186,0.027,0.0,0.0,0.0,0.0,-26.263777,2.1818109,0.7272703,0.16800001,0.0,0.16850483,0.0,0.0
hardzero_only__c0p58__z1p00__lam0p000__nu0p50__psi0p00,0.027,base,46,941,0.0,3,0.15513255,0.15513255,0.15513255,1.0082378,0.0,0.09812104,0.0,0.0,0.027,0.0,0.0,0.0,0.0,-27.547987,2.2181675,0.7393892,0.24800001,0.0,0.14308403,0.0,0.0
hardzero_only__c0p58__z1p00__lam0p000__nu0p50__psi0p00,0.027,base,46,942,0.0,3,0.15513255,0.1579504,0.1579504,0.9814445,0.10436514,0.10436514,1.0,0.002817859,0.027,0.0,0.0,0.0,0.0,-26.455168,2.159221,0.71974033,0.16800001,0.0,0.13039994,0.0,0.0
hardzero_only__c0p58__z1p00__lam0p000__nu0p50__psi0p00,0.027,base,46,943,0.0,3,0.1579504,0.1607155,0.1607155,0.989652,0.102411345,0.102411345,1.0,0.0027651063,0.027,0.0,0.0,0.0,0.0,-26.942955,2.1772778,0.72575927,0.120000005,0.0,0.13140386,0.0,0.0
hardzero_only__c0p58__z1p00__lam0p000__nu0p50__psi0p00,0.027,base,46,944,0.0,3,0.1607155,0.16363339,0.16363339,0.96629477,0.10807,0.10807,1.0,0.0029178902,0.027,0.0,0.0,0.0,0.0,-26.496395,2.125891,0.7086303,0.192,0.0,0.14038144,0.0,0.0
hardzero_only__c0p58__z1p00__lam0p000__nu0p50__psi0p00,0.027,base,46,945,0.0,3,0.16363339,0.1664298,0.1664298,0.9847636,0.10357057,0.10357057,1.0,0.0027964055,0.027,0.0,0.0,0.0,0.0,-26.160429,2.1665232,0.7221744,0.136,0.0,0.15497611,0.0,0.0
hardzero_only__c0p58__z1p00__lam0p000__nu0p50__psi0p00,0.027,base,46,946,0.0,3,0.1664298,0.16916841,0.16916841,0.993833,0.101430126,0.101430126,1.0,0.0027386134,0.027,0.0,0.0,0.0,0.0,-27.656015,2.1864762,0.72882545,0.224,0.0,0.14683867,0.0,0.0
hardzero_only__c0p58__z1p00__lam0p000__nu0p50__psi0p00,0.027,base,46,947,0.0,3,0.16916841,0.17245272,0.17245272,0.91492015,0.12164095,0.12164095,1.0,0.0032843058,0.027,0.0,0.0,0.0,0.0,-25.24669,2.0128646,0.6709549,0.192,0.0,0.12600203,0.0,0.0
hardzero_only__c0p58__z1p00__lam0p000__nu0p50__psi0p00,0.027,base,46,948,0.0,3,0.17245272,0.1755581,0.1755581,0.9392479,0.11501436,0.11501436,1.0,0.0031053878,0.027,0.0,0.0,0.0,0.0,-26.823584,2.0663867,0.68879557,0.15200001,0.0,0.12797405,0.0,0.0
hardzero_only__c0p58__z1p00__lam0p000__nu0p50__psi0p00,0.027,base,46,949,0.0,3,0.1755581,0.1755581,0.1755581,1.0408609,0.0,0.09102047,0.0,0.0,0.027,0.0,0.0,0.0,0.0,-26.81715,2.2899396,0.76331323,0.19999999,0.0,0.14742976,0.0,0.0
hardzero_only__c0p58__z1p00__lam0p000__nu0p50__psi0p00,0.027,base,46,950,0.0,3,0.1755581,0.1755581,0.1755581,1.0048074,0.0,0.09889917,0.0,0.0,0.027,0.0,0.0,0.0,0.0,-27.486471,2.2106204,0.7368735,0.216,0.0,0.16217907,0.0,0.0
hardzero_only__c0p58__z1p00__lam0p000__nu0p50__psi0p00,0.027,base,46,951,0.0,3,0.1755581,0.1755581,0.1755581,1.0229541,0.0,0.09485186,0.0,0.0,0.027,0.0,0.0,0.0,0.0,-26.775229,2.250544,0.7501814,0.128,0.0,0.13581404,0.0,0.0
hardzero_only__c0p58__z1p00__lam0p000__nu0p50__psi0p00,0.027,base,46,952,0.0,3,0.1755581,0.1755581,0.1755581,1.0136307,0.0,0.09691015,0.0,0.0,0.027,0.0,0.0,0.0,0.0,-26.953718,2.2300322,0.74334407,0.18400002,0.0,0.15727952,0.0,0.0
hardzero_only__c0p58__z1p00__lam0p000__nu0p50__psi0p00,0.027,base,46,953,0.0,3,0.1755581,0.17830831,0.17830831,0.99199885,0.1018594,0.1018594,1.0,0.0027502037,0.027,0.0,0.0,0.0,0.0,-27.287468,2.182441,0.72748035,0.128,0.0,0.13967997,0.0,0.0
hardzero_only__c0p58__z1p00__lam0p000__nu0p50__psi0p00,0.027,base,46,954,0.0,3,0.17830831,0.18106352,0.18106352,0.99120927,0.10204477,0.10204477,1.0,0.0027552089,0.027,0.0,0.0,0.0,0.0,-26.764166,2.1807039,0.7269013,0.18400002,0.0,0.13264604,0.0,0.0
hardzero_only__c0p58__z1p00__lam0p000__nu0p50__psi0p00,0.027,base,46,955,0.0,3,0.18106352,0.18106352,0.18106352,1.0172535,0.0,0.096105106,0.0,0.0,0.027,0.0,0.0,0.0,0.0,-27.259247,2.2380023,0.74600077,0.16800001,0.0,0.13003652,0.0,0.0
hardzero_only__c0p58__z1p00__lam0p000__nu0p50__psi0p00,0.027,base,46,956,0.0,3,0.18106352,0.18106352,0.18106352,1.0253925,0.0,0.09432078,0.0,0.0,0.027,0.0,0.0,0.0,0.0,-27.392284,2.2559087,0.7519696,0.192,0.0,0.16726077,0.0,0.0
hardzero_only__c0p58__z1p00__lam0p000__nu0p50__psi0p00,0.027,base,46,957,0.0,3,0.18106352,0.18106352,0.18106352,1.0387809,0.0,0.09145745,0.0,0.0,0.027,0.0,0.0,0.0,0.0,-28.333014,2.2853637,0.7617879,0.104,0.0,0.15845999,0.0,0.0
hardzero_only__c0p58__z1p00__lam0p000__nu0p50__psi0p00,0.027,base,46,958,0.0,3,0.18106352,0.18381573,0.18381573,0.99168175,0.101933785,0.101933785,1.0,0.0027522123,0.027,0.0,0.0,0.0,0.0,-27.408384,2.1817434,0.72724783,0.14400001,0.0,0.14944543,0.0,0.0
hardzero_only__c0p58__z1p00__lam0p000__nu0p50__psi0p00,0.027,base,46,959,0.0,3,0.18381573,0.18661873,0.18661873,0.9837413,0.10381465,0.10381465,1.0,0.0028029955,0.027,0.0,0.0,0.0,0.0,-26.679173,2.164274,0.7214247,0.23200001,0.0,0.17587243,0.0,0.0
hardzero_only__c0p58__z1p00__lam0p000__nu0p50__psi0p00,0.027,base,46,960,0.0,3,0.18661873,0.18661873,0.18661873,1.0212246,0.0,0.09523035,0.0,0.0,0.027,0.0,0.0,0.0,0.0,-27.240955,2.246739,0.748913,0.136,0.0,0.15645547,0.0,0.0
hardzero_only__c0p58__z1p00__lam0p000__nu0p50__psi0p00,0.027,base,46,961,0.0,3,0.18661873,0.18943611,0.18943611,0.98151803,0.10434747,0.10434747,1.0,0.0028173816,0.027,0.0,0.0,0.0,0.0,-26.941404,2.1593828,0.7197943,0.16000001,0.0,0.14199868,0.0,0.0
hardzero_only__c0p58__z1p00__lam0p000__nu0p50__psi0p00,0.027,base,46,962,0.0,3,0.18943611,0.19214545,0.19214545,0.99849886,0.10034625,0.10034625,1.0,0.002709349,0.027,0.0,0.0,0.0,0.0,-27.163696,2.1967413,0.7322471,0.14,0.0,0.15291269,0.0,0.0
hardzero_only__c0p58__z1p00__lam0p000__nu0p50__psi0p00,0.027,base,46,963,0.0,3,0.19214545,0.19494914,0.19494914,0.9836356,0.10383993,0.10383993,1.0,0.0028036782,0.027,0.0,0.0,0.0,0.0,-27.712715,2.1640415,0.7213472,0.128,0.0,0.15449855,0.0,0.0
hardzero_only__c0p58__z1p00__lam0p000__nu0p50__psi0p00,0.027,base,46,964,0.0,3,0.19494914,0.19494914,0.19494914,1.0405465,0.0,0.09108639,0.0,0.0,0.027,0.0,0.0,0.0,0.0,-27.961206,2.289248,0.7630827,0.16000001,0.0,0.19721042,0.0,0.0
hardzero_only__c0p58__z1p00__lam0p000__nu0p50__psi0p00,0.027,base,46,965,0.0,3,0.19494914,0.19494914,0.19494914,1.0201011,0.0,0.09547703,0.0,0.0,0.027,0.0,0.0,0.0,0.0,-28.239326,2.2442672,0.7480891,0.128,0.0,0.13331176,0.0,0.0
hardzero_only__c0p58__z1p00__lam0p000__nu0p50__psi0p00,0.027,base,46,966,0.0,3,0.19494914,0.19494914,0.19494914,1.0423247,0.0,0.0907142,0.0,0.0,0.027,0.0,0.0,0.0,0.0,-27.675936,2.29316,0.76438665,0.208,0.0,0.1357797,0.0,0.0
hardzero_only__c0p58__z1p00__lam0p000__nu0p50__psi0p00,0.027,base,46,967,0.0,3,0.19494914,0.19494914,0.19494914,1.0103158,0.0,0.09765269,0.0,0.0,0.027,0.0,0.0,0.0,0.0,-27.197046,2.222739,0.74091303,0.16800001,0.0,0.1564777,0.0,0.0
hardzero_only__c0p58__z1p00__lam0p000__nu0p50__psi0p00,0.027,base,46,968,0.0,3,0.19494914,0.19494914,0.19494914,1.0171567,0.0,0.096126534,0.0,0.0,0.027,0.0,0.0,0.0,0.0,-27.622448,2.2377894,0.74592984,0.224,0.0,0.16364825,0.0,0.0
hardzero_only__c0p58__z1p00__lam0p000__nu0p50__psi0p00,0.027,base,46,969,0.0,3,0.19494914,0.19494914,0.19494914,1.0209788,0.0,0.09528427,0.0,0.0,0.027,0.0,0.0,0.0,0.0,-27.129662,2.2461982,0.74873275,0.136,0.0,0.1546915,0.0,0.0
hardzero_only__c0p58__z1p00__lam0p000__nu0p50__psi0p00,0.027,base,46,970,0.0,3,0.19494914,0.19767526,0.19767526,0.99581724,0.100967765,0.100967765,1.0,0.0027261297,0.027,0.0,0.0,0.0,0.0,-26.540848,2.1908417,0.7302806,0.120000005,0.0,0.13553989,0.0,0.0
hardzero_only__c0p58__z1p00__lam0p000__nu0p50__psi0p00,0.027,base,46,971,0.0,3,0.19767526,0.19767526,0.19767526,1.0530164,0.0,0.08850821,0.0,0.0,0.027,0.0,0.0,0.0,0.0,-28.261646,2.3166823,0.77222747,0.192,0.0,0.16794063,0.0,0.0
hardzero_only__c0p58__z1p00__lam0p000__nu0p50__psi0p00,0.027,base,46,972,0.0,3,0.19767526,0.19767526,0.19767526,1.0512947,0.0,0.08885979,0.0,0.0,0.027,0.0,0.0,0.0,0.0,-28.155281,2.3128946,0.77096486,0.192,0.0,0.16205958,0.0,0.0
hardzero_only__c0p58__z1p00__lam0p000__nu0p50__psi0p00,0.027,base,46,973,0.0,3,0.19767526,0.19767526,0.19767526,1.0094521,0.0,0.09784708,0.0,0.0,0.027,0.0,0.0,0.0,0.0,-26.522108,2.220839,0.7402797,0.120000005,0.0,0.1425962,0.0,0.0
hardzero_only__c0p58__z1p00__lam0p000__nu0p50__psi0p00,0.027,base,46,974,0.0,3,0.19767526,0.19767526,0.19767526,1.0250435,0.0,0.09439662,0.0,0.0,0.027,0.0,0.0,0.0,0.0,-27.29786,2.2551408,0.75171363,0.112,0.0,0.15160482,0.0,0.0
hardzero_only__c0p58__z1p00__lam0p000__nu0p50__psi0p00,0.027,base,46,975,0.0,3,0.19767526,0.20052114,0.20052114,0.9771464,0.10540315,0.10540315,1.0,0.002845885,0.027,0.0,0.0,0.0,0.0,-26.74261,2.149765,0.7165884,0.17999999,0.0,0.15049589,0.0,0.0
hardzero_only__c0p58__z1p00__lam0p000__nu0p50__psi0p00,0.027,base,46,976,0.0,3,0.20052114,0.20052114,0.20052114,1.0031893,0.0,0.09926831,0.0,0.0,0.027,0.0,0.0,0.0,0.0,-27.205576,2.2070606,0.7356869,0.208,0.0,0.16668093,0.0,0.0
hardzero_only__c0p58__z1p00__lam0p000__nu0p50__psi0p00,0.027,base,46,977,0.0,3,0.20052114,0.20052114,0.20052114,1.0466946,0.0,0.089806,0.0,0.0,0.027,0.0,0.0,0.0,0.0,-27.27371,2.3027742,0.7675914,0.128,0.0,0.18958822,0.0,0.0
hardzero_only__c0p58__z1p00__lam0p000__nu0p50__psi0p00,0.027,base,46,978,0.0,3,0.20052114,0.20052114,0.20052114,1.0018731,0.0,0.099569626,0.0,0.0,0.027,0.0,0.0,0.0,0.0,-25.895098,2.204165,0.73472166,0.14400001,0.0,0.1280222,0.0,0.0
hardzero_only__c0p58__z1p00__lam0p000__nu0p50__psi0p00,0.027,base,46,979,0.0,3,0.20052114,0.20327704,0.20327704,0.9911011,0.102070175,0.102070175,1.0,0.0027558948,0.027,0.0,0.0,0.0,0.0,-26.174686,2.180466,0.726822,0.128,0.0,0.13400179,0.0,0.0
hardzero_only__c0p58__z1p00__lam0p000__nu0p50__psi0p00,0.027,base,46,980,0.0,3,0.20327704,0.20327704,0.20327704,1.0073736,0.0,0.0983165,0.0,0.0,0.027,0.0,0.0,0.0,0.0,-26.658224,2.2162662,0.7387554,0.14400001,0.0,0.12360423,0.0,0.0
hardzero_only__c0p58__z1p00__lam0p000__nu0p50__psi0p00,0.027,base,46,981,0.0,3,0.20327704,0.20639297,0.20639297,0.9377756,0.115404926,0.115404926,1.0,0.0031159332,0.027,0.0,0.0,0.0,0.0,-25.493683,2.0631475,0.6877159,0.16800001,0.0,0.12076228,0.0,0.0
hardzero_only__c0p58__z1p00__lam0p000__nu0p50__psi0p00,0.027,base,46,982,0.0,3,0.20639297,0.2090997,0.2090997,0.9989203,0.10024891,0.10024891,1.0,0.0027067207,0.027,0.0,0.0,0.0,0.0,-26.859556,2.1976686,0.7325562,0.17600001,0.0,0.1400838,0.0,0.0
hardzero_only__c0p58__z1p00__lam0p000__nu0p50__psi0p00,0.027,base,46,983,0.0,3,0.2090997,0.2090997,0.2090997,1.0071794,0.0,0.098360464,0.0,0.0,0.027,0.0,0.0,0.0,0.0,-26.597149,2.215839,0.738613,0.104,0.0,0.14223275,0.0,0.0
hardzero_only__c0p58__z1p00__lam0p000__nu0p50__psi0p00,0.027,base,46,984,0.0,3,0.2090997,0.21203953,0.21203953,0.9630409,0.10888277,0.10888277,1.0,0.002939835,0.027,0.0,0.0,0.0,0.0,-26.32163,2.1187322,0.7062441,0.192,0.0,0.16171521,0.0,0.0
hardzero_only__c0p58__z1p00__lam0p000__nu0p50__psi0p00,0.027,base,46,985,0.0,3,0.21203953,0.21475737,0.21475737,0.997141,0.100660466,0.100660466,1.0,0.0027178326,0.027,0.0,0.0,0.0,0.0,-26.043781,2.193754,0.73125136,0.112,0.0,0.13287644,0.0,0.0
hardzero_only__c0p58__z1p00__lam0p000__nu0p50__psi0p00,0.027,base,46,986,0.0,3,0.21475737,0.21749662,0.21749662,0.9937325,0.10145361,0.10145361,1.0,0.0027392476,0.027,0.0,0.0,0.0,0.0,-27.229853,2.1862552,0.7287518,0.080000006,0.0,0.1572237,0.0,0.0
hardzero_only__c0p58__z1p00__lam0p000__nu0p50__psi0p00,0.027,base,46,987,0.0,3,0.21749662,0.21749662,0.21749662,1.0029086,0.0,0.09933252,0.0,0.0,0.027,0.0,0.0,0.0,0.0,-26.726116,2.206443,0.735481,0.128,0.0,0.13817099,0.0,0.0
hardzero_only__c0p58__z1p00__lam0p000__nu0p50__psi0p00,0.027,base,46,988,0.0,3,0.21749662,0.22039019,0.22039019,0.9699303,0.107169114,0.107169114,1.0,0.0028935662,0.027,0.0,0.0,0.0,0.0,-26.480234,2.1338892,0.71129644,0.19999999,0.0,0.14210689,0.0,0.0
hardzero_only__c0p58__z1p00__lam0p000__nu0p50__psi0p00,0.027,base,46,989,0.0,3,0.22039019,0.22331199,0.22331199,0.9657126,0.10821499,0.10821499,1.0,0.0029218048,0.027,0.0,0.0,0.0,0.0,-26.111176,2.1246102,0.70820343,0.17600001,0.0,0.12453471,0.0,0.0
hardzero_only__c0p58__z1p00__lam0p000__nu0p50__psi0p00,0.027,base,46,990,0.0,3,0.22331199,0.22603606,0.22603606,0.9961472,0.100891076,0.100891076,1.0,0.0027240592,0.027,0.0,0.0,0.0,0.0,-26.401648,2.1915677,0.7305226,0.16800001,0.0,0.15548879,0.0,0.0
hardzero_only__c0p58__z1p00__lam0p000__nu0p50__psi0p00,0.027,base,46,991,0.0,3,0.22603606,0.22919996,0.22919996,0.9311396,0.11718186,0.11718186,1.0,0.0031639102,0.027,0.0,0.0,0.0,0.0,-25.38613,2.048548,0.68284935,0.192,0.016,0.12693085,0.0,0.0
hardzero_only__c0p58__z1p00__lam0p000__nu0p50__psi0p00,0.027,base,46,992,0.0,3,0.22919996,0.22919996,0.22919996,1.0374544,0.0,0.091737226,0.0,0.0,0.027,0.0,0.0,0.0,0.0,-27.33669,2.2824452,0.7608151,0.128,0.0,0.14618677,0.0,0.0
hardzero_only__c0p58__z1p00__lam0p000__nu0p50__psi0p00,0.027,base,46,993,0.0,3,0.22919996,0.22919996,0.22919996,1.0193871,0.0,0.09563412,0.0,0.0,0.027,0.0,0.0,0.0,0.0,-27.233496,2.2426965,0.7475655,0.16000001,0.0,0.13870963,0.0,0.0
hardzero_only__c0p58__z1p00__lam0p000__nu0p50__psi0p00,0.027,base,46,994,0.0,3,0.22919996,0.2321672,0.2321672,0.959011,0.10989779,0.10989779,1.0,0.0029672405,0.027,0.0,0.0,0.0,0.0,-26.309742,2.1098664,0.7032888,0.208,0.0,0.1569233,0.0,0.0
hardzero_only__c0p58__z1p00__lam0p000__nu0p50__psi0p00,0.027,base,46,995,0.0,3,0.2321672,0.23489848,0.23489848,0.9949987,0.10115824,0.10115824,1.0,0.0027312725,0.027,0.0,0.0,0.0,0.0,-26.965656,2.189041,0.7296803,0.16800001,0.0,0.15080571,0.0,0.0
hardzero_only__c0p58__z1p00__lam0p000__nu0p50__psi0p00,0.027,base,46,996,0.0,3,0.23489848,0.23765834,0.23765834,0.9904776,0.10221683,0.10221683,1.0,0.0027598545,0.027,0.0,0.0,0.0,0.0,-27.037376,2.1790943,0.7263648,0.08800001,0.0,0.12784101,0.0,0.0
hardzero_only__c0p58__z1p00__lam0p000__nu0p50__psi0p00,0.027,base,46,997,0.0,3,0.23765834,0.23765834,0.23765834,1.0254812,0.0,0.09430154,0.0,0.0,0.027,0.0,0.0,0.0,0.0,-26.565277,2.2561038,0.7520346,0.192,0.0,0.15772662,0.0,0.0
hardzero_only__c0p58__z1p00__lam0p000__nu0p50__psi0p00,0.027,base,46,998,0.0,3,0.23765834,0.23765834,0.23765834,1.0229394,0.0,0.09485508,0.0,0.0,0.027,0.0,0.0,0.0,0.0,-28.024933,2.2505116,0.7501706,0.17600001,0.0,0.17362209,0.0,0.0
hardzero_only__c0p58__z1p00__lam0p000__nu0p50__psi0p00,0.027,base,46,999,0.0,3,0.23765834,0.23765834,0.23765834,1.064217,0.0,0.08625475,0.0,0.0,0.027,0.0,0.0,0.0,0.0,-28.292564,2.341324,0.7804414,0.128,0.0,0.1566061,0.0,0.0
hardzero_only__c0p58__z1p00__lam0p000__nu0p50__psi0p00,0.027,base,46,1000,0.0,3,0.23765834,0.24054553,0.24054553,0.97088903,0.106932804,0.106932804,1.0,0.002887186,0.027,0.0,0.0,0.0,0.0,-26.230894,2.1359985,0.71199954,0.192,0.0,0.13732222,0.0,0.0
hardzero_only__c0p58__z1p00__lam0p000__nu0p50__psi0p00,0.027,base,46,1001,0.0,3,0.24054553,0.24054553,0.24054553,1.0473711,0.0,0.089666225,0.0,0.0,0.027,0.0,0.0,0.0,0.0,-27.174814,2.3042626,0.76808757,0.08,0.0,0.1366549,0.0,0.0
hardzero_only__c0p58__z1p00__lam0p000__nu0p50__psi0p00,0.027,base,46,1002,0.0,3,0.24054553,0.24328524,0.24328524,0.9936599,0.10147057,0.10147057,1.0,0.0027397054,0.027,0.0,0.0,0.0,0.0,-27.149166,2.1860955,0.7286985,0.080000006,0.0,0.14238334,0.0,0.0
hardzero_only__c0p58__z1p00__lam0p000__nu0p50__psi0p00,0.027,base,46,1003,0.0,3,0.24328524,0.24328524,0.24328524,1.01553,0.0,0.096487254,0.0,0.0,0.027,0.0,0.0,0.0,0.0,-27.194014,2.2342105,0.74473685,0.16800001,0.0,0.15388352,0.0,0.0
hardzero_only__c0p58__z1p00__lam0p000__nu0p50__psi0p00,0.027,base,46,1004,0.0,3,0.24328524,0.24328524,0.24328524,1.0344398,0.0,0.09237621,0.0,0.0,0.027,0.0,0.0,0.0,0.0,-27.70523,2.275813,0.7586044,0.104,0.0,0.15153652,0.0,0.0
hardzero_only__c0p58__z1p00__lam0p000__nu0p50__psi0p00,0.027,base,46,1005,0.0,3,0.24328524,0.24606006,0.24606006,0.98812807,0.10277132,0.10277132,1.0,0.0027748258,0.027,0.0,0.0,0.0,0.0,-27.06788,2.1739252,0.72464174,0.128,0.0,0.14141828,0.0,0.0
hardzero_only__c0p58__z1p00__lam0p000__nu0p50__psi0p00,0.027,base,46,1006,0.0,3,0.24606006,0.24606006,0.24606006,1.0454708,0.0,0.090059415,0.0,0.0,0.027,0.0,0.0,0.0,0.0,-27.796997,2.3000817,0.76669395,0.16800001,0.0,0.1747015,0.0,0.0
hardzero_only__c0p58__z1p00__lam0p000__nu0p50__psi0p00,0.027,base,46,1007,0.0,3,0.24606006,0.24900612,0.24900612,0.9621227,0.109113194,0.109113194,1.0,0.0029460564,0.027,0.0,0.0,0.0,0.0,-26.158056,2.116712,0.7055707,0.18400002,0.0,0.14238833,0.0,0.0
hardzero_only__c0p58__z1p00__lam0p000__nu0p50__psi0p00,0.027,base,46,1008,0.0,3,0.24900612,0.25172544,0.25172544,0.9969031,0.10071563,0.10071563,1.0,0.002719322,0.027,0.0,0.0,0.0,0.0,-26.605125,2.1932306,0.7310769,0.17600001,0.0,0.15966134,0.0,0.0
hardzero_only__c0p58__z1p00__lam0p000__nu0p50__psi0p00,0.027,base,46,1009,0.0,3,0.25172544,0.25172544,0.25172544,1.0030173,0.0,0.09930765,0.0,0.0,0.027,0.0,0.0,0.0,0.0,-27.054974,2.2066822,0.7355608,0.15200001,0.0,0.163791,0.0,0.0
hardzero_only__c0p58__z1p00__lam0p000__nu0p50__psi0p00,0.027,base,46,1010,0.0,3,0.25172544,0.25172544,0.25172544,1.0160128,0.0,0.09638007,0.0,0.0,0.027,0.0,0.0,0.0,0.0,-27.515919,2.2352726,0.7450909,0.16000001,0.0,0.1547945,0.0,0.0
hardzero_only__c0p58__z1p00__lam0p000__nu0p50__psi0p00,0.027,base,46,1011,0.0,3,0.25172544,0.25479576,0.25479576,0.9441801,0.11371555,0.11371555,1.0,0.00307032,0.027,0.0,0.0,0.0,0.0,-25.993217,2.0772376,0.69241256,0.2,0.0,0.13927554,0.0,0.0
hardzero_only__c0p58__z1p00__lam0p000__nu0p50__psi0p00,0.027,base,46,1012,0.0,3,0.25479576,0.25763196,0.25763196,0.97862685,0.10504444,0.10504444,1.0,0.0028362,0.027,0.0,0.0,0.0,0.0,-26.80084,2.153022,0.717674,0.128,0.0,0.15390638,0.0,0.0
hardzero_only__c0p58__z1p00__lam0p000__nu0p50__psi0p00,0.027,base,46,1013,0.0,3,0.25763196,0.26066348,0.26066348,0.94970423,0.1122783,0.1122783,1.0,0.0030315141,0.027,0.0,0.0,0.0,0.0,-25.521622,2.089391,0.6964637,0.2,0.0,0.14883418,0.0,0.0
hardzero_only__c0p58__z1p00__lam0p000__nu0p50__psi0p00,0.027,base,46,1014,0.0,3,0.26066348,0.26066348,0.26066348,1.0672197,0.0,0.08566042,0.0,0.0,0.027,0.0,0.0,0.0,0.0,-29.161322,2.3479302,0.78264344,0.16,0.0,0.14270955,0.0,0.0
hardzero_only__c0p58__z1p00__lam0p000__nu0p50__psi0p00,0.027,base,46,1015,0.0,3,0.26066348,0.26066348,0.26066348,1.0120255,0.0,0.09726901,0.0,0.0,0.027,0.0,0.0,0.0,0.0,-27.60902,2.2265005,0.7421669,0.15200001,0.0,0.16712907,0.0,0.0
hardzero_only__c0p58__z1p00__lam0p000__nu0p50__psi0p00,0.027,base,46,1016,0.0,3,0.26066348,0.26066348,0.26066348,1.0426192,0.0,0.0906527,0.0,0.0,0.027,0.0,0.0,0.0,0.0,-28.23818,2.2938082,0.7646028,0.136,0.0,0.20634902,0.0,0.0
hardzero_only__c0p58__z1p00__lam0p000__nu0p50__psi0p00,0.027,base,46,1017,0.0,3,0.26066348,0.26066348,0.26066348,1.0022436,0.0,0.09948472,0.0,0.0,0.027,0.0,0.0,0.0,0.0,-27.054567,2.2049801,0.7349934,0.16000001,0.0,0.17902164,0.0,0.0
hardzero_only__c0p58__z1p00__lam0p000__nu0p50__psi0p00,0.027,base,46,1018,0.0,3,0.26066348,0.26066348,0.26066348,1.0027525,0.0,0.09936821,0.0,0.0,0.027,0.0,0.0,0.0,0.0,-27.086765,2.2060997,0.7353666,0.192,0.0,0.16362748,0.0,0.0
hardzero_only__c0p58__z1p00__lam0p000__nu0p50__psi0p00,0.027,base,46,1019,0.0,3,0.26066348,0.26066348,0.26066348,1.0096482,0.0,0.09780291,0.0,0.0,0.027,0.0,0.0,0.0,0.0,-26.580395,2.2212703,0.74042344,0.120000005,0.0,0.13578889,0.0,0.0
hardzero_only__c0p58__z1p00__lam0p000__nu0p50__psi0p00,0.027,base,46,1020,0.0,3,0.26066348,0.26343325,0.26343325,0.9889204,0.10258399,0.10258399,1.0,0.0027697678,0.027,0.0,0.0,0.0,0.0,-26.685503,2.1756682,0.72522277,0.17600001,0.0,0.16683282,0.0,0.0
hardzero_only__c0p58__z1p00__lam0p000__nu0p50__psi0p00,0.027,base,46,1021,0.0,3,0.26343325,0.26343325,0.26343325,1.0523905,0.0,0.08863586,0.0,0.0,0.027,0.0,0.0,0.0,0.0,-27.861664,2.3153052,0.77176845,0.136,0.0,0.15988113,0.0,0.0
hardzero_only__c0p58__z1p00__lam0p000__nu0p50__psi0p00,0.027,base,46,1022,0.0,3,0.26343325,0.26637843,0.26637843,0.9622501,0.1090812,0.1090812,1.0,0.0029451926,0.027,0.0,0.0,0.0,0.0,-25.789194,2.1169925,0.70566416,0.15200001,0.0,0.15228927,0.0,0.0
hardzero_only__c0p58__z1p00__lam0p000__nu0p50__psi0p00,0.027,base,46,1023,0.0,3,0.26637843,0.26637843,0.26637843,1.0222234,0.0,0.09501161,0.0,0.0,0.027,0.0,0.0,0.0,0.0,-27.351377,2.2489362,0.7496454,0.104,0.0,0.15535648,0.0,0.0
hardzero_only__c0p58__z1p00__lam0p000__nu0p50__psi0p00,0.027,base,46,1024,0.0,3,0.26637843,0.26637843,0.26637843,1.0128721,0.0,0.09707959,0.0,0.0,0.027,0.0,0.0,0.0,0.0,-26.9909,2.228363,0.7427877,0.192,0.0,0.16189279,0.0,0.0
hardzero_only__c0p58__z1p00__lam0p000__nu0p50__psi0p00,0.027,base,46,1025,0.0,3,0.26637843,0.26944557,0.26944557,0.94463,0.11359781,0.11359781,1.0,0.003067141,0.027,0.0,0.0,0.0,0.0,-26.698404,2.0782275,0.6927425,0.272,0.0,0.14451534,0.0,0.0
hardzero_only__c0p58__z1p00__lam0p000__nu0p50__psi0p00,0.027,base,46,1026,0.0,3,0.26944557,0.26944557,0.26944557,1.0027395,0.0,0.09937117,0.0,0.0,0.027,0.0,0.0,0.0,0.0,-26.665136,2.2060711,0.73535705,0.136,0.0,0.14620192,0.0,0.0
hardzero_only__c0p58__z1p00__lam0p000__nu0p50__psi0p00,0.027,base,46,1027,0.0,3,0.26944557,0.27221563,0.27221563,0.98887324,0.10259512,0.10259512,1.0,0.0027700684,0.027,0.0,0.0,0.0,0.0,-27.101688,2.1755645,0.7251882,0.19999999,0.0,0.1264269,0.0,0.0
hardzero_only__c0p58__z1p00__lam0p000__nu0p50__psi0p00,0.027,base,46,1028,0.0,3,0.27221563,0.27221563,0.27221563,1.0522151,0.0,0.08867167,0.0,0.0,0.027,0.0,0.0,0.0,0.0,-28.035666,2.3149195,0.7716398,0.14400001,0.0,0.16043028,0.0,0.0
hardzero_only__c0p58__z1p00__lam0p000__nu0p50__psi0p00,0.027,base,46,1029,0.0,3,0.27221563,0.2751275,0.2751275,0.9671933,0.10784667,0.10784667,1.0,0.0029118601,0.027,0.0,0.0,0.0,0.0,-26.072702,2.1278677,0.70928925,0.136,0.0,0.11863859,0.0,0.0
hardzero_only__c0p58__z1p00__lam0p000__nu0p50__psi0p00,0.027,base,46,1030,0.0,3,0.2751275,0.27786577,0.27786577,0.99388975,0.10141687,0.10141687,1.0,0.0027382555,0.027,0.0,0.0,0.0,0.0,-26.168364,2.1866012,0.72886705,0.15200001,0.0,0.12802458,0.0,0.0
hardzero_only__c0p58__z1p00__lam0p000__nu0p50__psi0p00,0.027,base,46,1031,0.0,3,0.27786577,0.2805892,0.2805892,0.9962472,0.10086787,0.10086787,1.0,0.0027234324,0.027,0.0,0.0,0.0,0.0,-26.963251,2.1917875,0.7305958,0.08800001,0.0,0.11368292,0.0,0.0
hardzero_only__c0p58__z1p00__lam0p000__nu0p50__psi0p00,0.027,base,46,1032,0.0,3,0.2805892,0.2805892,0.2805892,1.0640777,0.0,0.08628241,0.0,0.0,0.027,0.0,0.0,0.0,0.0,-28.124231,2.3410177,0.78033924,0.16000001,0.0,0.1819679,0.0,0.0
hardzero_only__c0p58__z1p00__lam0p000__nu0p50__psi0p00,0.027,base,46,1033,0.0,3,0.2805892,0.28330487,0.28330487,0.9974865,0.10058043,0.10058043,1.0,0.0027156717,0.027,0.0,0.0,0.0,0.0,-27.076468,2.194514,0.7315047,0.14400001,0.0,0.13394704,0.0,0.0
hardzero_only__c0p58__z1p00__lam0p000__nu0p50__psi0p00,0.027,base,46,1034,0.0,3,0.28330487,0.28330487,0.28330487,1.0509034,0.0,0.08893989,0.0,0.0,0.027,0.0,0.0,0.0,0.0,-27.450579,2.3120337,0.7706779,0.136,0.0,0.17964403,0.0,0.0
hardzero_only__c0p58__z1p00__lam0p000__nu0p50__psi0p00,0.027,base,46,1035,0.0,3,0.28330487,0.28330487,0.28330487,1.0142015,0.0,0.096782856,0.0,0.0,0.027,0.0,0.0,0.0,0.0,-26.286367,2.231288,0.7437627,0.16800001,0.0,0.152537,0.0,0.0
hardzero_only__c0p58__z1p00__lam0p000__nu0p50__psi0p00,0.027,base,46,1036,0.0,3,0.28330487,0.28330487,0.28330487,1.001918,0.0,0.09955935,0.0,0.0,0.027,0.0,0.0,0.0,0.0,-26.812235,2.2042634,0.7347545,0.16000001,0.0,0.14204183,0.0,0.0
hardzero_only__c0p58__z1p00__lam0p000__nu0p50__psi0p00,0.027,base,46,1037,0.0,3,0.28330487,0.28330487,0.28330487,1.0113935,0.0,0.09741065,0.0,0.0,0.027,0.0,0.0,0.0,0.0,-27.095844,2.2251103,0.74170345,0.16000001,0.0,0.16321686,0.0,0.0
hardzero_only__c0p58__z1p00__lam0p000__nu0p50__psi0p00,0.027,base,46,1038,0.0,3,0.28330487,0.28603813,0.28603813,0.9946827,0.10123187,0.10123187,1.0,0.0027332606,0.027,0.0,0.0,0.0,0.0,-25.878242,2.1883457,0.72944856,0.128,0.0,0.13853486,0.0,0.0
hardzero_only__c0p58__z1p00__lam0p000__nu0p50__psi0p00,0.027,base,46,1039,0.0,3,0.28603813,0.2889325,0.2889325,0.96980995,0.107198834,0.107198834,1.0,0.0028943685,0.027,0.0,0.0,0.0,0.0,-26.159752,2.1336246,0.7112082,0.208,0.0,0.12151174,0.0,0.0
hardzero_only__c0p58__z1p00__lam0p000__nu0p50__psi0p00,0.027,base,46,1040,0.0,3,0.2889325,0.29186216,0.29186216,0.9645479,0.10850561,0.10850561,1.0,0.0029296514,0.027,0.0,0.0,0.0,0.0,-26.598001,2.1220477,0.70734924,0.22999999,0.0,0.13640569,0.0,0.0
hardzero_only__c0p58__z1p00__lam0p000__nu0p50__psi0p00,0.027,base,46,1041,0.0,3,0.29186216,0.2946583,0.2946583,0.98480415,0.10356092,0.10356092,1.0,0.002796145,0.027,0.0,0.0,0.0,0.0,-26.83814,2.1666124,0.72220415,0.17600001,0.0,0.14626002,0.0,0.0
hardzero_only__c0p58__z1p00__lam0p000__nu0p50__psi0p00,0.027,base,46,1042,0.0,3,0.2946583,0.2976953,0.2976953,0.9489197,0.11248127,0.11248127,1.0,0.0030369945,0.027,0.0,0.0,0.0,0.0,-26.739777,2.087665,0.6958884,0.224,0.0,0.13546062,0.0,0.0
hardzero_only__c0p58__z1p00__lam0p000__nu0p50__psi0p00,0.027,base,46,1043,0.0,3,0.2976953,0.2976953,0.2976953,1.0356032,0.0,0.092129104,0.0,0.0,0.027,0.0,0.0,0.0,0.0,-27.656244,2.2783725,0.7594575,0.14400001,0.0,0.1707213,0.0,0.0
hardzero_only__c0p58__z1p00__lam0p000__nu0p50__psi0p00,0.027,base,46,1044,0.0,3,0.2976953,0.30070776,0.30070776,0.9524424,0.11157261,0.11157261,1.0,0.0030124604,0.027,0.0,0.0,0.0,0.0,-26.250132,2.095415,0.6984717,0.208,0.0,0.13904689,0.0,0.0
hardzero_only__c0p58__z1p00__lam0p000__nu0p50__psi0p00,0.027,base,46,1045,0.0,3,0.30070776,0.3037315,0.3037315,0.95081824,0.11199065,0.11199065,1.0,0.0030237478,0.027,0.0,0.0,0.0,0.0,-25.747076,2.091842,0.69728065,0.28800002,0.0,0.13884863,0.0,0.0
hardzero_only__c0p58__z1p00__lam0p000__nu0p50__psi0p00,0.027,base,46,1046,0.0,3,0.3037315,0.3037315,0.3037315,1.0472054,0.0,0.08970044,0.0,0.0,0.027,0.0,0.0,0.0,0.0,-26.920517,2.303898,0.76796603,0.16800001,0.008,0.1556916,0.0,0.0
hardzero_only__c0p58__z1p00__lam0p000__nu0p50__psi0p00,0.027,base,46,1047,0.0,3,0.3037315,0.3037315,0.3037315,1.0171748,0.0,0.096122526,0.0,0.0,0.027,0.0,0.0,0.0,0.0,-27.447962,2.2378292,0.74594307,0.16000001,0.0,0.15364334,0.0,0.0
hardzero_only__c0p58__z1p00__lam0p000__nu0p50__psi0p00,0.027,base,46,1048,0.0,3,0.3037315,0.3037315,0.3037315,1.0045526,0.0,0.098957196,0.0,0.0,0.027,0.0,0.0,0.0,0.0,-26.667128,2.21006,0.73668665,0.16000001,0.0,0.14641245,0.0,0.0
hardzero_only__c0p58__z1p00__lam0p000__nu0p50__psi0p00,0.027,base,46,1049,0.0,3,0.3037315,0.3037315,0.3037315,1.008459,0.0,0.09807108,0.0,0.0,0.027,0.0,0.0,0.0,0.0,-27.183746,2.218654,0.7395513,0.18400002,0.0,0.15779854,0.0,0.0
hardzero_only__c0p58__z1p00__lam0p000__nu0p50__psi0p00,0.027,base,46,1050,0.0,3,0.3037315,0.3037315,0.3037315,1.0244871,0.0,0.09451765,0.0,0.0,0.027,0.0,0.0,0.0,0.0,-26.98204,2.2539167,0.7513056,0.08800001,0.0,0.12212112,0.0,0.0
hardzero_only__c0p58__z1p00__lam0p000__nu0p50__psi0p00,0.027,base,46,1051,0.0,3,0.3037315,0.3037315,0.3037315,1.0346537,0.0,0.09233075,0.0,0.0,0.027,0.0,0.0,0.0,0.0,-27.073235,2.2762835,0.75876117,0.216,0.0,0.14669211,0.0,0.0
hardzero_only__c0p58__z1p00__lam0p000__nu0p50__psi0p00,0.027,base,46,1052,0.0,3,0.3037315,0.30653298,0.30653298,0.9839762,0.10375853,0.10375853,1.0,0.0028014802,0.027,0.0,0.0,0.0,0.0,-26.900095,2.1647909,0.72159696,0.208,0.0,0.13643341,0.0,0.0
hardzero_only__c0p58__z1p00__lam0p000__nu0p50__psi0p00,0.027,base,46,1053,0.0,3,0.30653298,0.30653298,0.30653298,1.0111833,0.0,0.097457826,0.0,0.0,0.027,0.0,0.0,0.0,0.0,-27.266481,2.2246475,0.7415492,0.11,0.0,0.1057871,0.0,0.0
hardzero_only__c0p58__z1p00__lam0p000__nu0p50__psi0p00,0.027,base,46,1054,0.0,3,0.30653298,0.30653298,0.30653298,1.0485342,0.0,0.08942643,0.0,0.0,0.027,0.0,0.0,0.0,0.0,-27.32401,2.306821,0.7689404,0.136,0.0,0.14433523,0.0,0.0
hardzero_only__c0p58__z1p00__lam0p000__nu0p50__psi0p00,0.027,base,46,1055,0.0,3,0.30653298,0.30653298,0.30653298,1.0336206,0.0,0.09255063,0.0,0.0,0.027,0.0,0.0,0.0,0.0,-27.285988,2.2740107,0.7580036,0.16000001,0.0,0.16663265,0.0,0.0
hardzero_only__c0p58__z1p00__lam0p000__nu0p50__psi0p00,0.027,base,46,1056,0.0,3,0.30653298,0.30924228,0.30924228,0.9985046,0.10034491,0.10034491,1.0,0.0027093126,0.027,0.0,0.0,0.0,0.0,-26.986143,2.196754,0.73225135,0.216,0.0,0.16435032,0.0,0.0
hardzero_only__c0p58__z1p00__lam0p000__nu0p50__psi0p00,0.027,base,46,1057,0.0,3,0.30924228,0.30924228,0.30924228,1.0350931,0.0,0.09223737,0.0,0.0,0.027,0.0,0.0,0.0,0.0,-27.812294,2.2772503,0.75908345,0.16000001,0.0,0.16693233,0.0,0.0
hardzero_only__c0p58__z1p00__lam0p000__nu0p50__psi0p00,0.027,base,46,1058,0.0,3,0.30924228,0.31204396,0.31204396,0.9839441,0.1037662,0.1037662,1.0,0.0028016875,0.027,0.0,0.0,0.0,0.0,-27.161234,2.1647203,0.7215735,0.216,0.0,0.1697832,0.0,0.0
hardzero_only__c0p58__z1p00__lam0p000__nu0p50__psi0p00,0.027,base,46,1059,0.0,3,0.31204396,0.31204396,0.31204396,1.0406727,0.0,0.09105993,0.0,0.0,0.027,0.0,0.0,0.0,0.0,-28.49281,2.2895255,0.7631752,0.096,0.0,0.16655447,0.0,0.0
hardzero_only__c0p58__z1p00__lam0p000__nu0p50__psi0p00,0.027,base,46,1060,0.0,3,0.31204396,0.31204396,0.31204396,1.0056711,0.0,0.09870267,0.0,0.0,0.027,0.0,0.0,0.0,0.0,-26.584152,2.2125206,0.73750687,0.15200001,0.0,0.14997229,0.0,0.0
hardzero_only__c0p58__z1p00__lam0p000__nu0p50__psi0p00,0.027,base,46,1061,0.0,3,0.31204396,0.31204396,0.31204396,1.0546379,0.0,0.08817837,0.0,0.0,0.027,0.0,0.0,0.0,0.0,-28.105078,2.3202498,0.77341664,0.072000004,0.0,0.14845605,0.0,0.0
hardzero_only__c0p58__z1p00__lam0p000__nu0p50__psi0p00,0.027,base,46,1062,0.0,3,0.31204396,0.3148901,0.3148901,0.97711074,0.10541181,0.10541181,1.0,0.002846119,0.027,0.0,0.0,0.0,0.0,-26.883133,2.1496866,0.7165622,0.18400002,0.0,0.15684237,0.0,0.0
hardzero_only__c0p58__z1p00__lam0p000__nu0p50__psi0p00,0.027,base,46,1063,0.0,3,0.3148901,0.3148901,0.3148901,1.0264782,0.0,0.09408532,0.0,0.0,0.027,0.0,0.0,0.0,0.0,-27.770359,2.258297,0.75276566,0.104,0.0,0.17235258,0.0,0.0
hardzero_only__c0p58__z1p00__lam0p000__nu0p50__psi0p00,0.027,base,46,1064,0.0,3,0.3148901,0.3148901,0.3148901,1.0409027,0.0,0.09101171,0.0,0.0,0.027,0.0,0.0,0.0,0.0,-27.786007,2.2900317,0.76334393,0.16800001,0.0,0.15653323,0.0,0.0
hardzero_only__c0p58__z1p00__lam0p000__nu0p50__psi0p00,0.027,base,46,1065,0.0,3,0.3148901,0.31774226,0.31774226,0.9761892,0.105635725,0.105635725,1.0,0.0028521647,0.027,0.0,0.0,0.0,0.0,-26.409864,2.147659,0.71588635,0.17600001,0.0,0.13275447,0.0,0.0
hardzero_only__c0p58__z1p00__lam0p000__nu0p50__psi0p00,0.027,base,46,1066,0.0,3,0.31774226,0.32054865,0.32054865,0.98321676,0.10394012,0.10394012,1.0,0.0028063834,0.027,0.0,0.0,0.0,0.0,-26.932943,2.16312,0.72104,0.17,0.0,0.12822619,0.0,0.0
hardzero_only__c0p58__z1p00__lam0p000__nu0p50__psi0p00,0.027,base,46,1067,0.0,3,0.32054865,0.3232648,0.3232648,0.99740994,0.100598164,0.100598164,1.0,0.0027161506,0.027,0.0,0.0,0.0,0.0,-26.556622,2.1943457,0.7314486,0.16800001,0.008,0.16371228,0.0,0.0
hardzero_only__c0p58__z1p00__lam0p000__nu0p50__psi0p00,0.027,base,46,1068,0.0,3,0.3232648,0.3232648,0.3232648,1.0596521,0.0,0.08716617,0.0,0.0,0.027,0.0,0.0,0.0,0.0,-28.467974,2.3312812,0.77709377,0.104,0.0,0.18179119,0.0,0.0
hardzero_only__c0p58__z1p00__lam0p000__nu0p50__psi0p00,0.027,base,46,1069,0.0,3,0.3232648,0.3261491,0.3261491,0.9713243,0.106825665,0.106825665,1.0,0.002884293,0.027,0.0,0.0,0.0,0.0,-26.58021,2.1369562,0.7123188,0.14400001,0.0,0.11347362,0.0,0.0
hardzero_only__c0p58__z1p00__lam0p000__nu0p50__psi0p00,0.027,base,46,1070,0.0,3,0.3261491,0.32890084,0.32890084,0.99175584,0.10191641,0.10191641,1.0,0.0027517432,0.027,0.0,0.0,0.0,0.0,-26.917048,2.1819065,0.7273022,0.15200001,0.0,0.13955003,0.0,0.0
hardzero_only__c0p58__z1p00__lam0p000__nu0p50__psi0p00,0.027,base,46,1071,0.0,3,0.32890084,0.32890084,0.32890084,1.0182005,0.0,0.09589577,0.0,0.0,0.027,0.0,0.0,0.0,0.0,-27.007572,2.2400858,0.7466953,0.128,0.0,0.13396904,0.0,0.0
hardzero_only__c0p58__z1p00__lam0p000__nu0p50__psi0p00,0.027,base,46,1072,0.0,3,0.32890084,0.33189276,0.33189276,0.95541316,0.110812,0.110812,1.0,0.002991924,0.027,0.0,0.0,0.0,0.0,-25.771189,2.101951,0.70065033,0.16800001,0.0,0.12895904,0.0,0.0
hardzero_only__c0p58__z1p00__lam0p000__nu0p50__psi0p00,0.027,base,46,1073,0.0,3,0.33189276,0.3348484,0.3348484,0.9607106,0.10946856,0.10946856,1.0,0.0029556511,0.027,0.0,0.0,0.0,0.0,-25.663582,2.1136055,0.7045352,0.208,0.0,0.14695711,0.0,0.0
hardzero_only__c0p58__z1p00__lam0p000__nu0p50__psi0p00,0.027,base,46,1074,0.0,3,0.3348484,0.33756867,0.33756867,0.99675137,0.10075082,0.10075082,1.0,0.0027202722,0.027,0.0,0.0,0.0,0.0,-26.67771,2.1928968,0.7309656,0.18400002,0.0,0.13922594,0.0,0.0
hardzero_only__c0p58__z1p00__lam0p000__nu0p50__psi0p00,0.027,base,46,1075,0.0,3,0.33756867,0.33756867,0.33756867,1.035542,0.0,0.09214206,0.0,0.0,0.027,0.0,0.0,0.0,0.0,-27.752857,2.2782378,0.75941265,0.096,0.0,0.13247688,0.0,0.0
hardzero_only__c0p58__z1p00__lam0p000__nu0p50__psi0p00,0.027,base,46,1076,0.0,3,0.33756867,0.33756867,0.33756867,1.0121856,0.0,0.09723317,0.0,0.0,0.027,0.0,0.0,0.0,0.0,-26.423416,2.2268527,0.74228424,0.120000005,0.0,0.14585534,0.0,0.0
hardzero_only__c0p58__z1p00__lam0p000__nu0p50__psi0p00,0.027,base,46,1077,0.0,3,0.33756867,0.33756867,0.33756867,1.0342662,0.0,0.09241316,0.0,0.0,0.027,0.0,0.0,0.0,0.0,-27.209583,2.2754312,0.7584771,0.136,0.0,0.15314153,0.0,0.0
hardzero_only__c0p58__z1p00__lam0p000__nu0p50__psi0p00,0.027,base,46,1078,0.0,3,0.33756867,0.33756867,0.33756867,1.0055592,0.0,0.09872811,0.0,0.0,0.027,0.0,0.0,0.0,0.0,-27.278572,2.2122743,0.7374248,0.17600001,0.0,0.13178079,0.0,0.0
hardzero_only__c0p58__z1p00__lam0p000__nu0p50__psi0p00,0.027,base,46,1079,0.0,3,0.33756867,0.34051678,0.34051678,0.9618216,0.10918887,0.10918887,1.0,0.0029480995,0.027,0.0,0.0,0.0,0.0,-26.450495,2.1160498,0.7053499,0.17999999,0.0,0.14829221,0.0,0.0
hardzero_only__c0p58__z1p00__lam0p000__nu0p50__psi0p00,0.027,base,46,1080,0.0,3,0.34051678,0.34051678,0.34051678,1.0174557,0.0,0.09606037,0.0,0.0,0.027,0.0,0.0,0.0,0.0,-26.528755,2.2384472,0.74614906,0.17600001,0.0,0.14507994,0.0,0.0
hardzero_only__c0p58__z1p00__lam0p000__nu0p50__psi0p00,0.027,base,46,1081,0.0,3,0.34051678,0.34331015,0.34331015,0.98523706,0.103457734,0.103457734,1.0,0.0027933589,0.027,0.0,0.0,0.0,0.0,-25.900442,2.1675649,0.72252166,0.14400001,0.0,0.16230668,0.0,0.0
hardzero_only__c0p58__z1p00__lam0p000__nu0p50__psi0p00,0.027,base,46,1082,0.0,3,0.34331015,0.3460668,0.3460668,0.9909799,0.10209867,0.10209867,1.0,0.0027566643,0.027,0.0,0.0,0.0,0.0,-26.567747,2.1801994,0.72673315,0.17600001,0.0,0.14136516,0.0,0.0
hardzero_only__c0p58__z1p00__lam0p000__nu0p50__psi0p00,0.027,base,46,1083,0.0,3,0.3460668,0.3460668,0.3460668,1.04542,0.0,0.09006996,0.0,0.0,0.027,0.0,0.0,0.0,0.0,-27.67416,2.29997,0.76665664,0.136,0.0,0.1575365,0.0,0.0
hardzero_only__c0p58__z1p00__lam0p000__nu0p50__psi0p00,0.027,base,46,1084,0.0,3,0.3460668,0.34906906,0.34906906,0.9539157,0.111194745,0.111194745,1.0,0.0030022583,0.027,0.0,0.0,0.0,0.0,-26.881678,2.0986564,0.6995522,0.14400001,0.0,0.14678892,0.0,0.0
hardzero_only__c0p58__z1p00__lam0p000__nu0p50__psi0p00,0.027,base,46,1085,0.0,3,0.34906906,0.34906906,0.34906906,1.0011027,0.0,0.09974643,0.0,0.0,0.027,0.0,0.0,0.0,0.0,-26.704065,2.2024698,0.7341566,0.208,0.0,0.14904311,0.0,0.0
hardzero_only__c0p58__z1p00__lam0p000__nu0p50__psi0p00,0.027,base,46,1086,0.0,3,0.34906906,0.35193163,0.35193163,0.9746087,0.10602084,0.10602084,1.0,0.0028625627,0.027,0.0,0.0,0.0,0.0,-26.998064,2.144182,0.71472734,0.2,0.0,0.1440709,0.0,0.0
hardzero_only__c0p58__z1p00__lam0p000__nu0p50__psi0p00,0.027,base,46,1087,0.0,3,0.35193163,0.35193163,0.35193163,1.0304438,0.0,0.09323011,0.0,0.0,0.027,0.0,0.0,0.0,0.0,-27.488052,2.2670217,0.7556739,0.15200001,0.0,0.14965612,0.0,0.0
hardzero_only__c0p58__z1p00__lam0p000__nu0p50__psi0p00,0.027,base,46,1088,0.0,3,0.35193163,0.35193163,0.35193163,1.0291433,0.0,0.0935097,0.0,0.0,0.027,0.0,0.0,0.0,0.0,-27.523026,2.2641606,0.7547202,0.136,0.0,0.15961364,0.0,0.0
hardzero_only__c0p58__z1p00__lam0p000__nu0p50__psi0p00,0.027,base,46,1089,0.0,3,0.35193163,0.35467097,0.35467097,0.9937158,0.10145751,0.10145751,1.0,0.0027393526,0.027,0.0,0.0,0.0,0.0,-27.016233,2.1862185,0.7287395,0.2,0.0,0.13659748,0.0,0.0
hardzero_only__c0p58__z1p00__lam0p000__nu0p50__psi0p00,0.027,base,46,1090,0.0,3,0.35467097,0.3578041,0.3578041,0.9353867,0.116041474,0.116041474,1.0,0.0031331198,0.027,0.0,0.0,0.0,0.0,-26.572926,2.0578918,0.685964,0.192,0.0,0.13877332,0.0,0.0
hardzero_only__c0p58__z1p00__lam0p000__nu0p50__psi0p00,0.027,base,46,1091,0.0,3,0.3578041,0.3578041,0.3578041,1.0527114,0.0,0.08857039,0.0,0.0,0.027,0.0,0.0,0.0,0.0,-28.20557,2.3160112,0.77200377,0.120000005,0.0,0.15204352,0.0,0.0
hardzero_only__c0p58__z1p00__lam0p000__nu0p50__psi0p00,0.027,base,46,1092,0.0,3,0.3578041,0.3578041,0.3578041,1.0032146,0.0,0.099262536,0.0,0.0,0.027,0.0,0.0,0.0,0.0,-27.060932,2.2071161,0.7357054,0.16,0.0,0.13667546,0.0,0.0
hardzero_only__c0p58__z1p00__lam0p000__nu0p50__psi0p00,0.027,base,46,1093,0.0,3,0.3578041,0.3578041,0.3578041,1.0077473,0.0,0.09823194,0.0,0.0,0.027,0.0,0.0,0.0,0.0,-26.53475,2.2170882,0.7390294,0.17600001,0.0,0.15394975,0.0,0.0
hardzero_only__c0p58__z1p00__lam0p000__nu0p50__psi0p00,0.027,base,46,1094,0.0,3,0.3578041,0.3578041,0.3578041,1.0224884,0.0,0.094953634,0.0,0.0,0.027,0.0,0.0,0.0,0.0,-27.011494,2.2495193,0.7498398,0.16800001,0.008,0.14506477,0.0,0.0
hardzero_only__c0p58__z1p00__lam0p000__nu0p50__psi0p00,0.027,base,46,1095,0.0,3,0.3578041,0.3578041,0.3578041,1.0010085,0.0,0.09976805,0.0,0.0,0.027,0.0,0.0,0.0,0.0,-26.854221,2.2022626,0.7340876,0.216,0.0,0.16260684,0.0,0.0
hardzero_only__c0p58__z1p00__lam0p000__nu0p50__psi0p00,0.027,base,46,1096,0.0,3,0.3578041,0.36053362,0.36053362,0.99527335,0.1010943,0.1010943,1.0,0.002729546,0.027,0.0,0.0,0.0,0.0,-26.040545,2.189645,0.7298817,0.15200001,0.0,0.15181722,0.0,0.0
hardzero_only__c0p58__z1p00__lam0p000__nu0p50__psi0p00,0.027,base,46,1097,0.0,3,0.36053362,0.36328685,0.36328685,0.99152243,0.1019712,0.1019712,1.0,0.0027532226,0.027,0.0,0.0,0.0,0.0,-26.295116,2.181393,0.727131,0.17600001,0.0,0.13914827,0.0,0.0
hardzero_only__c0p58__z1p00__lam0p000__nu0p50__psi0p00,0.027,base,46,1098,0.0,3,0.36328685,0.36633116,0.36633116,0.9478767,0.11275174,0.11275174,1.0,0.003044297,0.027,0.0,0.0,0.0,0.0,-25.866238,2.0853703,0.69512343,0.16000001,0.0,0.123631135,0.0,0.0
hardzero_only__c0p58__z1p00__lam0p000__nu0p50__psi0p00,0.027,base,46,1099,0.0,3,0.36633116,0.3691504,0.3691504,0.98123163,0.1044163,0.1044163,1.0,0.0028192403,0.027,0.0,0.0,0.0,0.0,-26.139236,2.1587527,0.7195842,0.208,0.0,0.1361491,0.0,0.0
hardzero_only__c0p58__z1p00__lam0p000__nu0p50__psi0p00,0.027,base,46,1100,0.0,3,0.3691504,0.37214142,0.37214142,0.9555433,0.11077882,0.11077882,1.0,0.0029910284,0.027,0.0,0.0,0.0,0.0,-26.085415,2.1022372,0.70074576,0.192,0.0,0.12477926,0.0,0.0
hardzero_only__c0p58__z1p00__lam0p000__nu0p50__psi0p00,0.027,base,46,1101,0.0,3,0.37214142,0.37486592,0.37486592,0.9960761,0.1009076,0.1009076,1.0,0.0027245053,0.027,0.0,0.0,0.0,0.0,-26.540285,2.1914113,0.7304704,0.15200001,0.0,0.15126543,0.0,0.0
hardzero_only__c0p58__z1p00__lam0p000__nu0p50__psi0p00,0.027,base,46,1102,0.0,3,0.37486592,0.37486592,0.37486592,1.0314158,0.0,0.093021676,0.0,0.0,0.027,0.0,0.0,0.0,0.0,-26.79919,2.26916,0.7563867,0.14400001,0.0,0.14300409,0.0,0.0
hardzero_only__c0p58__z1p00__lam0p000__nu0p50__psi0p00,0.027,base,46,1103,0.0,3,0.37486592,0.37486592,0.37486592,1.0215667,0.0,0.09515536,0.0,0.0,0.027,0.0,0.0,0.0,0.0,-27.783358,2.2474918,0.749164,0.208,0.0,0.16247006,0.0,0.0
hardzero_only__c0p58__z1p00__lam0p000__nu0p50__psi0p00,0.027,base,46,1104,0.0,3,0.37486592,0.37486592,0.37486592,1.0417689,0.0,0.09083037,0.0,0.0,0.027,0.0,0.0,0.0,0.0,-27.10744,2.2919374,0.76397914,0.120000005,0.0,0.14916588,0.0,0.0
hardzero_only__c0p58__z1p00__lam0p000__nu0p50__psi0p00,0.027,base,46,1105,0.0,3,0.37486592,0.37774095,0.37774095,0.97272,0.10648292,0.10648292,1.0,0.002875039,0.027,0.0,0.0,0.0,0.0,-26.956608,2.1400268,0.7133423,0.16,0.0,0.14021324,0.0,0.0
hardzero_only__c0p58__z1p00__lam0p000__nu0p50__psi0p00,0.027,base,46,1106,0.0,3,0.37774095,0.38048896,0.38048896,0.992347,0.10177779,0.10177779,1.0,0.0027480004,0.027,0.0,0.0,0.0,0.0,-26.072964,2.183207,0.7277357,0.16000001,0.0,0.15045641,0.0,0.0
hardzero_only__c0p58__z1p00__lam0p000__nu0p50__psi0p00,0.027,base,46,1107,0.0,3,0.38048896,0.38322082,0.38322082,0.9949034,0.10118045,0.10118045,1.0,0.0027318723,0.027,0.0,0.0,0.0,0.0,-27.066662,2.188831,0.7296104,0.120000005,0.0,0.14461608,0.0,0.0
hardzero_only__c0p58__z1p00__lam0p000__nu0p50__psi0p00,0.027,base,46,1108,0.0,3,0.38322082,0.38322082,0.38322082,1.0190787,0.0,0.09570206,0.0,0.0,0.027,0.0,0.0,0.0,0.0,-27.784056,2.242018,0.74733937,0.128,0.0,0.15272038,0.0,0.0
hardzero_only__c0p58__z1p00__lam0p000__nu0p50__psi0p00,0.027,base,46,1109,0.0,3,0.38322082,0.38611063,0.38611063,0.97049475,0.10702992,0.10702992,1.0,0.002889808,0.027,0.0,0.0,0.0,0.0,-26.781069,2.1351311,0.7117104,0.15200001,0.0,0.1276928,0.0,0.0
hardzero_only__c0p58__z1p00__lam0p000__nu0p50__psi0p00,0.027,base,46,1110,0.0,3,0.38611063,0.38901818,0.38901818,0.96783745,0.107686825,0.107686825,1.0,0.0029075444,0.027,0.0,0.0,0.0,0.0,-26.019705,2.1292849,0.7097616,0.112,0.0,0.13988912,0.0,0.0
hardzero_only__c0p58__z1p00__lam0p000__nu0p50__psi0p00,0.027,base,46,1111,0.0,3,0.38901818,0.38901818,0.38901818,1.0199828,0.0,0.09550303,0.0,0.0,0.027,0.0,0.0,0.0,0.0,-27.863132,2.2440069,0.7480023,0.18400002,0.0,0.1406659,0.0,0.0
hardzero_only__c0p58__z1p00__lam0p000__nu0p50__psi0p00,0.027,base,46,1112,0.0,3,0.38901818,0.3919347,0.3919347,0.9664999,0.10801897,0.10801897,1.0,0.0029165123,0.027,0.0,0.0,0.0,0.0,-27.090939,2.1263423,0.70878077,0.120000005,0.0,0.14117897,0.0,0.0
hardzero_only__c0p58__z1p00__lam0p000__nu0p50__psi0p00,0.027,base,46,1113,0.0,3,0.3919347,0.39465082,0.39465082,0.99741644,0.10059665,0.10059665,1.0,0.0027161096,0.027,0.0,0.0,0.0,0.0,-26.637426,2.19436,0.73145336,0.120000005,0.0,0.13714172,0.0,0.0
hardzero_only__c0p58__z1p00__lam0p000__nu0p50__psi0p00,0.027,base,46,1114,0.0,3,0.39465082,0.39465082,0.39465082,1.0363495,0.0,0.09197091,0.0,0.0,0.027,0.0,0.0,0.0,0.0,-27.792192,2.2800145,0.7600049,0.14400001,0.0,0.1631808,0.0,0.0
hardzero_only__c0p58__z1p00__lam0p000__nu0p50__psi0p00,0.027,base,46,1115,0.0,3,0.39465082,0.39743447,0.39743447,0.9867496,0.103098035,0.103098035,1.0,0.002783647,0.027,0.0,0.0,0.0,0.0,-27.504759,2.1708925,0.72363085,0.136,0.0,0.14824249,0.0,0.0
hardzero_only__c0p58__z1p00__lam0p000__nu0p50__psi0p00,0.027,base,46,1116,0.0,3,0.39743447,0.39743447,0.39743447,1.0497556,0.0,0.089175284,0.0,0.0,0.027,0.0,0.0,0.0,0.0,-27.838993,2.3095083,0.7698361,0.192,0.0,0.18094194,0.0,0.0
hardzero_only__c0p58__z1p00__lam0p000__nu0p50__psi0p00,0.027,base,46,1117,0.0,3,0.39743447,0.39743447,0.39743447,1.0835474,0.0,0.08249975,0.0,0.0,0.027,0.0,0.0,0.0,0.0,-28.80251,2.3838518,0.7946173,0.16000001,0.0,0.16327214,0.0,0.0
hardzero_only__c0p58__z1p00__lam0p000__nu0p50__psi0p00,0.027,base,46,1118,0.0,3,0.39743447,0.39743447,0.39743447,1.0417279,0.0,0.090838954,0.0,0.0,0.027,0.0,0.0,0.0,0.0,-28.49446,2.2918472,0.7639491,0.21,0.0,0.17191206,0.0,0.0
hardzero_only__c0p58__z1p00__lam0p000__nu0p50__psi0p00,0.027,base,46,1119,0.0,3,0.39743447,0.39743447,0.39743447,1.0137101,0.0,0.09689243,0.0,0.0,0.027,0.0,0.0,0.0,0.0,-27.066158,2.2302067,0.74340224,0.15200001,0.0,0.13324276,0.0,0.0
hardzero_only__c0p58__z1p00__lam0p000__nu0p50__psi0p00,0.027,base,46,1120,0.0,3,0.39743447,0.39743447,0.39743447,1.0057135,0.0,0.09869304,0.0,0.0,0.027,0.0,0.0,0.0,0.0,-26.956581,2.2126138,0.737538,0.112,0.0,0.17564584,0.0,0.0
hardzero_only__c0p58__z1p00__lam0p000__nu0p50__psi0p00,0.027,base,46,1121,0.0,3,0.39743447,0.39743447,0.39743447,1.0248299,0.0,0.09444308,0.0,0.0,0.027,0.0,0.0,0.0,0.0,-28.40962,2.2546706,0.7515569,0.136,0.0,0.14667283,0.0,0.0
hardzero_only__c0p58__z1p00__lam0p000__nu0p50__psi0p00,0.027,base,46,1122,0.0,3,0.39743447,0.4002052,0.4002052,0.98876995,0.102619536,0.102619536,1.0,0.0027707275,0.027,0.0,0.0,0.0,0.0,-26.985563,2.1753373,0.72511244,0.192,0.0,0.14162791,0.0,0.0
hardzero_only__c0p58__z1p00__lam0p000__nu0p50__psi0p00,0.027,base,46,1123,0.0,3,0.4002052,0.4002052,0.4002052,1.023852,0.0,0.094655976,0.0,0.0,0.027,0.0,0.0,0.0,0.0,-27.829088,2.2525194,0.7508398,0.15200001,0.0,0.15089726,0.0,0.0
hardzero_only__c0p58__z1p00__lam0p000__nu0p50__psi0p00,0.027,base,46,1124,0.0,3,0.4002052,0.4002052,0.4002052,1.0678065,0.0,0.08554477,0.0,0.0,0.027,0.0,0.0,0.0,0.0,-27.512676,2.3492212,0.7830738,0.096,0.0,0.15181632,0.0,0.0
hardzero_only__c0p58__z1p00__lam0p000__nu0p50__psi0p00,0.027,base,46,1125,0.0,3,0.4002052,0.4002052,0.4002052,1.0789112,0.0,0.08338516,0.0,0.0,0.027,0.0,0.0,0.0,0.0,-29.268497,2.373652,0.7912173,0.17600001,0.0,0.16431682,0.0,0.0
hardzero_only__c0p58__z1p00__lam0p000__nu0p50__psi0p00,0.027,base,46,1126,0.0,3,0.4002052,0.4002052,0.4002052,1.0155104,0.0,0.096491605,0.0,0.0,0.027,0.0,0.0,0.0,0.0,-26.69661,2.2341676,0.74472255,0.17600001,0.0,0.14851247,0.0,0.0
hardzero_only__c0p58__z1p00__lam0p000__nu0p50__psi0p00,0.027,base,46,1127,0.0,3,0.4002052,0.40292174,0.40292174,0.9973459,0.10061298,0.10061298,1.0,0.0027165506,0.027,0.0,0.0,0.0,0.0,-26.714083,2.1942048,0.7314016,0.16000001,0.0,0.1394839,0.0,0.0
hardzero_only__c0p58__z1p00__lam0p000__nu0p50__psi0p00,0.027,base,46,1128,0.0,3,0.40292174,0.40292174,0.40292174,1.0337868,0.0,0.09251522,0.0,0.0,0.027,0.0,0.0,0.0,0.0,-28.199133,2.2743764,0.7581255,0.112,0.0,0.14143205,0.0,0.0
hardzero_only__c0p58__z1p00__lam0p000__nu0p50__psi0p00,0.027,base,46,1129,0.0,3,0.40292174,0.40574434,0.40574434,0.9807147,0.10454068,0.10454068,1.0,0.0028225984,0.027,0.0,0.0,0.0,0.0,-26.47712,2.1576154,0.71920514,0.2,0.008,0.16667733,0.0,0.0
hardzero_only__c0p58__z1p00__lam0p000__nu0p50__psi0p00,0.027,base,46,1130,0.0,3,0.40574434,0.4085373,0.4085373,0.9852994,0.103442885,0.103442885,1.0,0.002792958,0.027,0.0,0.0,0.0,0.0,-25.990582,2.167702,0.7225673,0.16000001,0.0,0.15087986,0.0,0.0
hardzero_only__c0p58__z1p00__lam0p000__nu0p50__psi0p00,0.027,base,46,1131,0.0,3,0.4085373,0.41151074,0.41151074,0.95810527,0.11012724,0.11012724,1.0,0.0029734357,0.027,0.0,0.0,0.0,0.0,-25.22389,2.1078737,0.70262456,0.19999999,0.0,0.12787004,0.0,0.0
hardzero_only__c0p58__z1p00__lam0p000__nu0p50__psi0p00,0.027,base,46,1132,0.0,3,0.41151074,0.41151074,0.41151074,1.0261836,0.0,0.094149135,0.0,0.0,0.027,0.0,0.0,0.0,0.0,-27.057587,2.257649,0.75254965,0.136,0.0,0.13611838,0.0,0.0
hardzero_only__c0p58__z1p00__lam0p000__nu0p50__psi0p00,0.027,base,46,1133,0.0,3,0.41151074,0.41448557,0.41448557,0.9579021,0.11017877,0.11017877,1.0,0.0029748268,0.027,0.0,0.0,0.0,0.0,-26.088987,2.1074266,0.70247555,0.14400001,0.0,0.14985059,0.0,0.0
hardzero_only__c0p58__z1p00__lam0p000__nu0p50__psi0p00,0.027,base,46,1134,0.0,3,0.41448557,0.41448557,0.41448557,1.0867063,0.0,0.08190184,0.0,0.0,0.027,0.0,0.0,0.0,0.0,-28.739536,2.3908014,0.7969338,0.18400002,0.0,0.16329186,0.0,0.0
hardzero_only__c0p58__z1p00__lam0p000__nu0p50__psi0p00,0.027,base,46,1135,0.0,3,0.41448557,0.41722223,0.41722223,0.994145,0.10135729,0.10135729,1.0,0.002736647,0.027,0.0,0.0,0.0,0.0,-26.262592,2.1871626,0.7290542,0.136,0.0,0.14708057,0.0,0.0
hardzero_only__c0p58__z1p00__lam0p000__nu0p50__psi0p00,0.027,base,46,1136,0.0,3,0.41722223,0.41722223,0.41722223,1.0183773,0.0,0.095856756,0.0,0.0,0.027,0.0,0.0,0.0,0.0,-27.968508,2.2404747,0.7468249,0.104,0.0,0.13074951,0.0,0.0
hardzero_only__c0p58__z1p00__lam0p000__nu0p50__psi0p00,0.027,base,46,1137,0.0,3,0.41722223,0.41996166,0.41996166,0.9937036,0.10146036,0.10146036,1.0,0.0027394297,0.027,0.0,0.0,0.0,0.0,-26.841963,2.1861916,0.72873056,0.16800001,0.0,0.15039422,0.0,0.0
hardzero_only__c0p58__z1p00__lam0p000__nu0p50__psi0p00,0.027,base,46,1138,0.0,3,0.41996166,0.41996166,0.41996166,1.0223914,0.0,0.09497482,0.0,0.0,0.027,0.0,0.0,0.0,0.0,-27.479372,2.2493062,0.74976873,0.16800001,0.0,0.14058286,0.0,0.0
hardzero_only__c0p58__z1p00__lam0p000__nu0p50__psi0p00,0.027,base,46,1139,0.0,3,0.41996166,0.42287576,0.42287576,0.96686035,0.107929364,0.107929364,1.0,0.002914093,0.027,0.0,0.0,0.0,0.0,-26.217813,2.1271353,0.7090451,0.17600001,0.0,0.1472721,0.0,0.0
hardzero_only__c0p58__z1p00__lam0p000__nu0p50__psi0p00,0.027,base,46,1140,0.0,3,0.42287576,0.42586493,0.42586493,0.95581055,0.11071065,0.11071065,1.0,0.0029891876,0.027,0.0,0.0,0.0,0.0,-26.337688,2.1028252,0.70094174,0.192,0.0,0.13339135,0.0,0.0
hardzero_only__c0p58__z1p00__lam0p000__nu0p50__psi0p00,0.027,base,46,1141,0.0,3,0.42586493,0.42586493,0.42586493,1.047245,0.0,0.089692265,0.0,0.0,0.027,0.0,0.0,0.0,0.0,-27.274178,2.303985,0.76799506,0.16000001,0.0,0.1609731,0.0,0.0
hardzero_only__c0p58__z1p00__lam0p000__nu0p50__psi0p00,0.027,base,46,1142,0.0,3,0.42586493,0.42586493,0.42586493,1.0700674,0.0,0.08510059,0.0,0.0,0.027,0.0,0.0,0.0,0.0,-28.196457,2.3541954,0.7847318,0.15200001,0.0,0.15883005,0.0,0.0
hardzero_only__c0p58__z1p00__lam0p000__nu0p50__psi0p00,0.027,base,46,1143,0.0,3,0.42586493,0.42859533,0.42859533,0.99513817,0.101125754,0.101125754,1.0,0.0027303954,0.027,0.0,0.0,0.0,0.0,-26.79033,2.1893477,0.7297826,0.16800001,0.0,0.14466484,0.0,0.0
hardzero_only__c0p58__z1p00__lam0p000__nu0p50__psi0p00,0.027,base,46,1144,0.0,3,0.42859533,0.43138668,0.43138668,0.9855523,0.103382654,0.103382654,1.0,0.0027913318,0.027,0.0,0.0,0.0,0.0,-27.082346,2.1682584,0.7227528,0.22999999,0.0,0.11553785,0.0,0.0
hardzero_only__c0p58__z1p00__lam0p000__nu0p50__psi0p00,0.027,base,46,1145,0.0,3,0.43138668,0.43138668,0.43138668,1.0104147,0.0,0.097630434,0.0,0.0,0.027,0.0,0.0,0.0,0.0,-27.168901,2.222957,0.74098563,0.104,0.0,0.132827,0.0,0.0
hardzero_only__c0p58__z1p00__lam0p000__nu0p50__psi0p00,0.027,base,46,1146,0.0,3,0.43138668,0.4343882,0.4343882,0.9540253,0.11116669,0.11116669,1.0,0.0030015009,0.027,0.0,0.0,0.0,0.0,-25.23379,2.0988977,0.6996326,0.16800001,0.0,0.13068713,0.0,0.0
hardzero_only__c0p58__z1p00__lam0p000__nu0p50__psi0p00,0.027,base,46,1147,0.0,3,0.4343882,0.43718472,0.43718472,0.9847463,0.10357472,0.10357472,1.0,0.0027965177,0.027,0.0,0.0,0.0,0.0,-26.34147,2.166485,0.7221617,0.16800001,0.0,0.1246661,0.0,0.0
hardzero_only__c0p58__z1p00__lam0p000__nu0p50__psi0p00,0.027,base,46,1148,0.0,3,0.43718472,0.43989298,0.43989298,0.9986744,0.100305684,0.100305684,1.0,0.0027082535,0.027,0.0,0.0,0.0,0.0,-26.673994,2.1971276,0.73237586,0.2,0.0,0.13155048,0.0,0.0
hardzero_only__c0p58__z1p00__lam0p000__nu0p50__psi0p00,0.027,base,46,1149,0.0,3,0.43989298,0.44271618,0.44271618,0.98062354,0.10456262,0.10456262,1.0,0.0028231908,0.027,0.0,0.0,0.0,0.0,-25.998735,2.157415,0.7191383,0.192,0.0,0.1316992,0.0,0.0
hardzero_only__c0p58__z1p00__lam0p000__nu0p50__psi0p00,0.027,base,46,1150,0.0,3,0.44271618,0.44271618,0.44271618,1.033665,0.0,0.09254119,0.0,0.0,0.027,0.0,0.0,0.0,0.0,-27.696646,2.2741084,0.75803614,0.104,0.0,0.14435506,0.0,0.0
hardzero_only__c0p58__z1p00__lam0p000__nu0p50__psi0p00,0.027,base,46,1151,0.0,3,0.44271618,0.44271618,0.44271618,1.0079755,0.0,0.09818033,0.0,0.0,0.027,0.0,0.0,0.0,0.0,-27.332567,2.2175903,0.7391968,0.216,0.0,0.14898905,0.0,0.0
hardzero_only__c0p58__z1p00__lam0p000__nu0p50__psi0p00,0.027,base,46,1152,0.0,3,0.44271618,0.44271618,0.44271618,1.0416881,0.0,0.09084727,0.0,0.0,0.027,0.0,0.0,0.0,0.0,-29.054094,2.2917595,0.76391983,0.128,0.0,0.16897391,0.0,0.0
hardzero_only__c0p58__z1p00__lam0p000__nu0p50__psi0p00,0.027,base,46,1153,0.0,3,0.44271618,0.44271618,0.44271618,1.0368778,0.0,0.09185911,0.0,0.0,0.027,0.0,0.0,0.0,0.0,-27.951365,2.2811766,0.7603922,0.14400001,0.0,0.1606261,0.0,0.0
hardzero_only__c0p58__z1p00__lam0p000__nu0p50__psi0p00,0.027,base,46,1154,0.0,3,0.44271618,0.44271618,0.44271618,1.0193869,0.0,0.09563416,0.0,0.0,0.027,0.0,0.0,0.0,0.0,-27.58351,2.2426958,0.74756527,0.16000001,0.0,0.16091466,0.0,0.0
hardzero_only__c0p58__z1p00__lam0p000__nu0p50__psi0p00,0.027,base,46,1155,0.0,3,0.44271618,0.44550732,0.44550732,0.98558193,0.103375606,0.103375606,1.0,0.0027911414,0.027,0.0,0.0,0.0,0.0,-26.612867,2.1683235,0.7227745,0.17600001,0.0,0.12609722,0.0,0.0
hardzero_only__c0p58__z1p00__lam0p000__nu0p50__psi0p00,0.027,base,46,1156,0.0,3,0.44550732,0.44550732,0.44550732,1.0226728,0.0,0.094913326,0.0,0.0,0.027,0.0,0.0,0.0,0.0,-27.417253,2.249925,0.74997497,0.128,0.0,0.13697588,0.0,0.0
hardzero_only__c0p58__z1p00__lam0p000__nu0p50__psi0p00,0.027,base,46,1157,0.0,3,0.44550732,0.44550732,0.44550732,1.0362928,0.0,0.09198293,0.0,0.0,0.027,0.0,0.0,0.0,0.0,-26.983236,2.2798896,0.7599632,0.17999999,0.0,0.16085526,0.0,0.0
hardzero_only__c0p58__z1p00__lam0p000__nu0p50__psi0p00,0.027,base,46,1158,0.0,3,0.44550732,0.44550732,0.44550732,1.0415082,0.0,0.090884924,0.0,0.0,0.027,0.0,0.0,0.0,0.0,-27.507338,2.2913637,0.7637879,0.17600001,0.0,0.19067524,0.0,0.0
hardzero_only__c0p58__z1p00__lam0p000__nu0p50__psi0p00,0.027,base,46,1159,0.0,3,0.44550732,0.44550732,0.44550732,1.046507,0.0,0.0898448,0.0,0.0,0.027,0.0,0.0,0.0,0.0,-27.977064,2.3023615,0.76745385,0.16000001,0.0,0.17154224,0.0,0.0
hardzero_only__c0p58__z1p00__lam0p000__nu0p50__psi0p00,0.027,base,46,1160,0.0,3,0.44550732,0.44847697,0.44847697,0.9586571,0.10998738,0.10998738,1.0,0.0029696594,0.027,0.0,0.0,0.0,0.0,-26.211805,2.1090877,0.7030293,0.208,0.0,0.1395711,0.0,0.0
hardzero_only__c0p58__z1p00__lam0p000__nu0p50__psi0p00,0.027,base,46,1161,0.0,3,0.44847697,0.4512291,0.4512291,0.9916962,0.10193041,0.10193041,1.0,0.002752121,0.027,0.0,0.0,0.0,0.0,-26.750607,2.181775,0.7272584,0.16800001,0.0,0.14439039,0.0,0.0
hardzero_only__c0p58__z1p00__lam0p000__nu0p50__psi0p00,0.027,base,46,1162,0.0,3,0.4512291,0.4512291,0.4512291,1.0044192,0.0,0.09898759,0.0,0.0,0.027,0.0,0.0,0.0,0.0,-27.363277,2.2097664,0.73658884,0.192,0.0,0.16408858,0.0,0.0
hardzero_only__c0p58__z1p00__lam0p000__nu0p50__psi0p00,0.027,base,46,1163,0.0,3,0.4512291,0.4512291,0.4512291,1.0032191,0.0,0.09926149,0.0,0.0,0.027,0.0,0.0,0.0,0.0,-26.71314,2.2071261,0.7357087,0.14400001,0.0,0.14524545,0.0,0.0
hardzero_only__c0p58__z1p00__lam0p000__nu0p50__psi0p00,0.027,base,46,1164,0.0,3,0.4512291,0.4512291,0.4512291,1.0545144,0.0,0.08820345,0.0,0.0,0.027,0.0,0.0,0.0,0.0,-27.71017,2.319978,0.77332604,0.15200001,0.0,0.15383568,0.0,0.0
hardzero_only__c0p58__z1p00__lam0p000__nu0p50__psi0p00,0.027,base,46,1165,0.0,3,0.4512291,0.4540844,0.4540844,0.9757128,0.10575167,0.10575167,1.0,0.002855295,0.027,0.0,0.0,0.0,0.0,-26.4124,2.146611,0.715537,0.136,0.0,0.14632995,0.0,0.0
hardzero_only__c0p58__z1p00__lam0p000__nu0p50__psi0p00,0.027,base,46,1166,0.0,3,0.4540844,0.4540844,0.4540844,1.0130845,0.0,0.09703211,0.0,0.0,0.027,0.0,0.0,0.0,0.0,-27.411652,2.2288306,0.7429435,0.208,0.0,0.16317566,0.0,0.0
hardzero_only__c0p58__z1p00__lam0p000__nu0p50__psi0p00,0.027,base,46,1167,0.0,3,0.4540844,0.4540844,0.4540844,1.0262984,0.0,0.09412427,0.0,0.0,0.027,0.0,0.0,0.0,0.0,-26.844852,2.2579017,0.7526339,0.128,0.0,0.13792054,0.0,0.0
hardzero_only__c0p58__z1p00__lam0p000__nu0p50__psi0p00,0.027,base,46,1168,0.0,3,0.4540844,0.4540844,0.4540844,1.022205,0.0,0.09501562,0.0,0.0,0.027,0.0,0.0,0.0,0.0,-26.596067,2.248896,0.749632,0.192,0.008,0.14741498,0.0,0.0
hardzero_only__c0p58__z1p00__lam0p000__nu0p50__psi0p00,0.027,base,46,1169,0.0,3,0.4540844,0.4568111,0.4568111,0.99572396,0.10098946,0.10098946,1.0,0.0027267155,0.027,0.0,0.0,0.0,0.0,-27.312742,2.1906364,0.73021215,0.16800001,0.008,0.14382377,0.0,0.0
hardzero_only__c0p58__z1p00__lam0p000__nu0p50__psi0p00,0.027,base,46,1170,0.0,3,0.4568111,0.459914,0.459914,0.9395949,0.11492251,0.11492251,1.0,0.003102908,0.027,0.0,0.0,0.0,0.0,-25.454235,2.06715,0.6890501,0.21,0.01,0.12707314,0.0,0.0
hardzero_only__c0p58__z1p00__lam0p000__nu0p50__psi0p00,0.027,base,46,1171,0.0,3,0.459914,0.459914,0.459914,1.0038177,0.0,0.0991248,0.0,0.0,0.027,0.0,0.0,0.0,0.0,-26.82142,2.208443,0.73614764,0.208,0.0,0.15952161,0.0,0.0
hardzero_only__c0p58__z1p00__lam0p000__nu0p50__psi0p00,0.027,base,46,1172,0.0,3,0.459914,0.459914,0.459914,1.0004035,0.0,0.09990713,0.0,0.0,0.027,0.0,0.0,0.0,0.0,-26.669674,2.2009318,0.73364395,0.192,0.0,0.14386556,0.0,0.0
hardzero_only__c0p58__z1p00__lam0p000__nu0p50__psi0p00,0.027,base,46,1173,0.0,3,0.459914,0.459914,0.459914,1.0431865,0.0,0.09053435,0.0,0.0,0.027,0.0,0.0,0.0,0.0,-27.181538,2.295056,0.7650187,0.136,0.0,0.12798576,0.0,0.0
hardzero_only__c0p58__z1p00__lam0p000__nu0p50__psi0p00,0.027,base,46,1174,0.0,3,0.459914,0.459914,0.459914,1.0097238,0.0,0.09778589,0.0,0.0,0.027,0.0,0.0,0.0,0.0,-26.84238,2.2214367,0.74047893,0.136,0.0,0.17393285,0.0,0.0
hardzero_only__c0p58__z1p00__lam0p000__nu0p50__psi0p00,0.027,base,46,1175,0.0,3,0.459914,0.459914,0.459914,1.0207639,0.0,0.09533144,0.0,0.0,0.027,0.0,0.0,0.0,0.0,-27.33973,2.2457254,0.74857515,0.136,0.0,0.15167479,0.0,0.0
hardzero_only__c0p58__z1p00__lam0p000__nu0p50__psi0p00,0.027,base,46,1176,0.0,3,0.459914,0.459914,0.459914,1.0247597,0.0,0.09445835,0.0,0.0,0.027,0.0,0.0,0.0,0.0,-27.44818,2.2545161,0.7515054,0.18400002,0.0,0.15844002,0.0,0.0
hardzero_only__c0p58__z1p00__lam0p000__nu0p50__psi0p00,0.027,base,46,1177,0.0,3,0.459914,0.459914,0.459914,1.0259701,0.0,0.094195426,0.0,0.0,0.027,0.0,0.0,0.0,0.0,-27.857666,2.2571793,0.7523931,0.120000005,0.0,0.14630514,0.0,0.0
hardzero_only__c0p58__z1p00__lam0p000__nu0p50__psi0p00,0.027,base,46,1178,0.0,3,0.459914,0.459914,0.459914,1.037149,0.0,0.09180177,0.0,0.0,0.027,0.0,0.0,0.0,0.0,-26.897844,2.2817733,0.76059115,0.14400001,0.0,0.13977072,0.0,0.0
hardzero_only__c0p58__z1p00__lam0p000__nu0p50__psi0p00,0.027,base,46,1179,0.0,3,0.459914,0.46276364,0.46276364,0.9765731,0.105542384,0.105542384,1.0,0.0028496445,0.027,0.0,0.0,0.0,0.0,-26.444742,2.1485038,0.7161679,0.2,0.0,0.13964842,0.0,0.0
hardzero_only__c0p58__z1p00__lam0p000__nu0p50__psi0p00,0.027,base,46,1180,0.0,3,0.46276364,0.4654914,0.4654914,0.9955552,0.10102871,0.10102871,1.0,0.0027277754,0.027,0.0,0.0,0.0,0.0,-27.42383,2.1902652,0.7300884,0.16000001,0.0,0.16095713,0.0,0.0
hardzero_only__c0p58__z1p00__lam0p000__nu0p50__psi0p00,0.027,base,46,1181,0.0,3,0.4654914,0.46831077,0.46831077,0.9812115,0.10442116,0.10442116,1.0,0.0028193714,0.027,0.0,0.0,0.0,0.0,-26.877134,2.1587083,0.71956944,0.224,0.0,0.14443092,0.0,0.0
hardzero_only__c0p58__z1p00__lam0p000__nu0p50__psi0p00,0.027,base,46,1182,0.0,3,0.46831077,0.46831077,0.46831077,1.0351982,0.0,0.092215054,0.0,0.0,0.027,0.0,0.0,0.0,0.0,-27.659489,2.2774816,0.7591605,0.112,0.0,0.16380186,0.0,0.0
hardzero_only__c0p58__z1p00__lam0p000__nu0p50__psi0p00,0.027,base,46,1183,0.0,3,0.46831077,0.46831077,0.46831077,1.0163227,0.0,0.09631129,0.0,0.0,0.027,0.0,0.0,0.0,0.0,-26.988455,2.2359548,0.7453183,0.14999999,0.0,0.14333671,0.0,0.0
hardzero_only__c0p58__z1p00__lam0p000__nu0p50__psi0p00,0.027,base,46,1184,0.0,3,0.46831077,0.47134945,0.47134945,0.9486798,0.112543434,0.112543434,1.0,0.0030386727,0.027,0.0,0.0,0.0,0.0,-26.228186,2.0871372,0.69571245,0.17600001,0.0,0.1322936,0.0,0.0
hardzero_only__c0p58__z1p00__lam0p000__nu0p50__psi0p00,0.027,base,46,1185,0.0,3,0.47134945,0.47134945,0.47134945,1.0051721,0.0,0.09881614,0.0,0.0,0.027,0.0,0.0,0.0,0.0,-26.727709,2.211423,0.737141,0.128,0.0,0.14006369,0.0,0.0
hardzero_only__c0p58__z1p00__lam0p000__nu0p50__psi0p00,0.027,base,46,1186,0.0,3,0.47134945,0.47134945,0.47134945,1.030579,0.0,0.09320109,0.0,0.0,0.027,0.0,0.0,0.0,0.0,-27.682102,2.267319,0.755773,0.2,0.0,0.18754281,0.0,0.0
hardzero_only__c0p58__z1p00__lam0p000__nu0p50__psi0p00,0.027,base,46,1187,0.0,3,0.47134945,0.4742396,0.4742396,0.9704459,0.10704197,0.10704197,1.0,0.0028901333,0.027,0.0,0.0,0.0,0.0,-26.150036,2.1350236,0.7116746,0.192,0.0,0.16418557,0.0,0.0
hardzero_only__c0p58__z1p00__lam0p000__nu0p50__psi0p00,0.027,base,46,1188,0.0,3,0.4742396,0.4742396,0.4742396,1.0335252,0.0,0.09257096,0.0,0.0,0.027,0.0,0.0,0.0,0.0,-27.983803,2.2738008,0.7579336,0.15200001,0.0,0.17441681,0.0,0.0
hardzero_only__c0p58__z1p00__lam0p000__nu0p50__psi0p00,0.027,base,46,1189,0.0,3,0.4742396,0.47719175,0.47719175,0.9612224,0.10933963,0.10933963,1.0,0.00295217,0.027,0.0,0.0,0.0,0.0,-26.554728,2.1147316,0.7049105,0.192,0.008,0.13603087,0.0,0.0
hardzero_only__c0p58__z1p00__lam0p000__nu0p50__psi0p00,0.027,base,46,1190,0.0,3,0.47719175,0.4800477,0.4800477,0.9756125,0.10577608,0.10577608,1.0,0.0028559542,0.027,0.0,0.0,0.0,0.0,-26.498112,2.1463904,0.7154635,0.2,0.0,0.14634065,0.0,0.0
hardzero_only__c0p58__z1p00__lam0p000__nu0p50__psi0p00,0.027,base,46,1191,0.0,3,0.4800477,0.48285687,0.48285687,0.9827884,0.104042694,0.104042694,1.0,0.0028091527,0.027,0.0,0.0,0.0,0.0,-26.650335,2.1621776,0.7207259,0.23200001,0.0,0.13716975,0.0,0.0
hardzero_only__c0p58__z1p00__lam0p000__nu0p50__psi0p00,0.027,base,46,1192,0.0,3,0.48285687,0.48285687,0.48285687,1.0124241,0.0,0.09717977,0.0,0.0,0.027,0.0,0.0,0.0,0.0,-27.066898,2.2273774,0.7424592,0.18400002,0.0,0.1201881,0.0,0.0
hardzero_only__c0p58__z1p00__lam0p000__nu0p50__psi0p00,0.027,base,46,1193,0.0,3,0.48285687,0.48285687,0.48285687,1.0893041,0.0,0.081413396,0.0,0.0,0.027,0.0,0.0,0.0,0.0,-27.360476,2.3965168,0.798839,0.16000001,0.0,0.16117103,0.0,0.0
hardzero_only__c0p58__z1p00__lam0p000__nu0p50__psi0p00,0.027,base,46,1194,0.0,3,0.48285687,0.48285687,0.48285687,1.0553781,0.0,0.08802822,0.0,0.0,0.027,0.0,0.0,0.0,0.0,-27.75647,2.3218782,0.7739594,0.112,0.0,0.15113345,0.0,0.0
hardzero_only__c0p58__z1p00__lam0p000__nu0p50__psi0p00,0.027,base,46,1195,0.0,3,0.48285687,0.48285687,0.48285687,1.0384978,0.0,0.09151708,0.0,0.0,0.027,0.0,0.0,0.0,0.0,-27.617365,2.2847407,0.7615802,0.23200001,0.0,0.13396706,0.0,0.0
hardzero_only__c0p58__z1p00__lam0p000__nu0p50__psi0p00,0.027,base,46,1196,0.0,3,0.48285687,0.485661,0.485661,0.98356545,0.10385671,0.10385671,1.0,0.0028041312,0.027,0.0,0.0,0.0,0.0,-26.672821,2.1638873,0.7212958,0.17999999,0.0,0.13597031,0.0,0.0
hardzero_only__c0p58__z1p00__lam0p000__nu0p50__psi0p00,0.027,base,46,1197,0.0,3,0.485661,0.48849887,0.48849887,0.97837096,0.10510637,0.10510637,1.0,0.0028378721,0.027,0.0,0.0,0.0,0.0,-26.501352,2.1524591,0.7174864,0.14400001,0.0,0.13952123,0.0,0.0
hardzero_only__c0p58__z1p00__lam0p000__nu0p50__psi0p00,0.027,base,46,1198,0.0,3,0.48849887,0.49124092,0.49124092,0.99328727,0.10155767,0.10155767,1.0,0.0027420572,0.027,0.0,0.0,0.0,0.0,-27.043015,2.1852756,0.7284252,0.14400001,0.0,0.14457677,0.0,0.0
hardzero_only__c0p58__z1p00__lam0p000__nu0p50__psi0p00,0.027,base,46,1199,0.0,3,0.49124092,0.49399683,0.49399683,0.9910984,0.10207081,0.10207081,1.0,0.0027559118,0.027,0.0,0.0,0.0,0.0,-26.845634,2.18046,0.72682,0.136,0.0,0.18413715,0.0,0.0
hardzero_only__c0p58__z1p00__lam0p000__nu0p50__psi0p00,0.027,base,46,1200,0.0,3,0.49399683,0.49689266,0.49689266,0.9695912,0.10725283,0.10725283,1.0,0.0028958265,0.027,0.0,0.0,0.0,0.0,-26.512262,2.1331432,0.71104777,0.14400001,0.0,0.14516154,0.0,0.0
hardzero_only__c0p58__z1p00__lam0p000__nu0p50__psi0p00,0.027,base,46,1201,0.0,3,0.49689266,0.49981946,0.49981946,0.9649711,0.1083999,0.1083999,1.0,0.0029267974,0.027,0.0,0.0,0.0,0.0,-26.072313,2.122979,0.70765966,0.17600001,0.0,0.14260441,0.0,0.0
hardzero_only__c0p58__z1p00__lam0p000__nu0p50__psi0p00,0.027,base,46,1202,0.0,3,0.49981946,0.5027155,0.5027155,0.9695552,0.107261725,0.107261725,1.0,0.0028960668,0.027,0.0,0.0,0.0,0.0,-26.143173,2.133064,0.71102136,0.17600001,0.0,0.121591315,0.0,0.0
hardzero_only__c0p58__z1p00__lam0p000__nu0p50__psi0p00,0.027,base,46,1203,0.0,3,0.5027155,0.5027155,0.5027155,1.019915,0.0,0.09551795,0.0,0.0,0.027,0.0,0.0,0.0,0.0,-26.933563,2.2438579,0.74795264,0.14400001,0.0,0.17108367,0.0,0.0
hardzero_only__c0p58__z1p00__lam0p000__nu0p50__psi0p00,0.027,base,46,1204,0.0,3,0.5027155,0.5027155,0.5027155,1.0187203,0.0,0.09578107,0.0,0.0,0.027,0.0,0.0,0.0,0.0,-27.131615,2.2412293,0.74707645,0.128,0.0,0.16281499,0.0,0.0
hardzero_only__c0p58__z1p00__lam0p000__nu0p50__psi0p00,0.027,base,46,1205,0.0,3,0.5027155,0.5027155,0.5027155,1.0541352,0.0,0.08828049,0.0,0.0,0.027,0.0,0.0,0.0,0.0,-27.776064,2.3191438,0.7730479,0.14400001,0.0,0.15300156,0.0,0.0
hardzero_only__c0p58__z1p00__lam0p000__nu0p50__psi0p00,0.027,base,46,1206,0.0,3,0.5027155,0.5027155,0.5027155,1.0137872,0.0,0.09687524,0.0,0.0,0.027,0.0,0.0,0.0,0.0,-27.452925,2.2303762,0.74345875,0.136,0.0,0.14486873,0.0,0.0
hardzero_only__c0p58__z1p00__lam0p000__nu0p50__psi0p00,0.027,base,46,1207,0.0,3,0.5027155,0.5054227,0.5054227,0.99884653,0.10026595,0.10026595,1.0,0.0027071808,0.027,0.0,0.0,0.0,0.0,-26.832022,2.1975062,0.7325021,0.16000001,0.0,0.14356536,0.0,0.0
hardzero_only__c0p58__z1p00__lam0p000__nu0p50__psi0p00,0.027,base,46,1208,0.0,3,0.5054227,0.5054227,0.5054227,1.0325253,0.0,0.09278434,0.0,0.0,0.027,0.0,0.0,0.0,0.0,-28.541368,2.271601,0.75720036,0.14400001,0.0,0.16565715,0.0,0.0
hardzero_only__c0p58__z1p00__lam0p000__nu0p50__psi0p00,0.027,base,46,1209,0.0,3,0.5054227,0.5054227,0.5054227,1.0396509,0.0,0.091274425,0.0,0.0,0.027,0.0,0.0,0.0,0.0,-28.475859,2.2872777,0.7624259,0.13,0.0,0.16757093,0.0,0.0
hardzero_only__c0p58__z1p00__lam0p000__nu0p50__psi0p00,0.027,base,46,1210,0.0,3,0.5054227,0.5054227,0.5054227,1.0149518,0.0,0.09661579,0.0,0.0,0.027,0.0,0.0,0.0,0.0,-27.135818,2.2329385,0.7443129,0.17600001,0.0,0.1388889,0.0,0.0
hardzero_only__c0p58__z1p00__lam0p000__nu0p50__psi0p00,0.027,base,46,1211,0.0,3,0.5054227,0.50819767,0.50819767,0.98810357,0.10277712,0.10277712,1.0,0.0027749825,0.027,0.0,0.0,0.0,0.0,-27.719738,2.1738713,0.7246238,0.136,0.0,0.14490007,0.0,0.0
hardzero_only__c0p58__z1p00__lam0p000__nu0p50__psi0p00,0.027,base,46,1212,0.0,3,0.50819767,0.51099306,0.51099306,0.98492074,0.10353312,0.10353312,1.0,0.0027953943,0.027,0.0,0.0,0.0,0.0,-26.455082,2.166869,0.7222897,0.2,0.0,0.12418784,0.0,0.0
hardzero_only__c0p58__z1p00__lam0p000__nu0p50__psi0p00,0.027,base,46,1213,0.0,3,0.51099306,0.51099306,0.51099306,1.0246193,0.0,0.094488874,0.0,0.0,0.027,0.0,0.0,0.0,0.0,-27.731564,2.2542076,0.75140256,0.208,0.0,0.14231527,0.0,0.0
hardzero_only__c0p58__z1p00__lam0p000__nu0p50__psi0p00,0.027,base,46,1214,0.0,3,0.51099306,0.51375484,0.51375484,0.9901703,0.10228918,0.10228918,1.0,0.0027618078,0.027,0.0,0.0,0.0,0.0,-26.888945,2.1784182,0.7261394,0.08800001,0.0,0.15326028,0.0,0.0
hardzero_only__c0p58__z1p00__lam0p000__nu0p50__psi0p00,0.027,base,46,1215,0.0,3,0.51375484,0.51375484,0.51375484,1.0052913,0.0,0.09878902,0.0,0.0,0.027,0.0,0.0,0.0,0.0,-27.165045,2.2116852,0.7372284,0.14400001,0.0,0.17673849,0.0,0.0
hardzero_only__c0p58__z1p00__lam0p000__nu0p50__psi0p00,0.027,base,46,1216,0.0,3,0.51375484,0.51375484,0.51375484,1.0499629,0.0,0.089132704,0.0,0.0,0.027,0.0,0.0,0.0,0.0,-27.478973,2.3099644,0.7699882,0.14400001,0.0,0.1261443,0.0,0.0
hardzero_only__c0p58__z1p00__lam0p000__nu0p50__psi0p00,0.027,base,46,1217,0.0,3,0.51375484,0.5165093,0.5165093,0.9913291,0.10201662,0.10201662,1.0,0.002754449,0.027,0.0,0.0,0.0,0.0,-25.913988,2.1809676,0.7269892,0.14400001,0.0,0.13843441,0.0,0.0
hardzero_only__c0p58__z1p00__lam0p000__nu0p50__psi0p00,0.027,base,46,1218,0.0,3,0.5165093,0.5165093,0.5165093,1.0676177,0.0,0.08558198,0.0,0.0,0.027,0.0,0.0,0.0,0.0,-28.667725,2.3488057,0.78293526,0.104,0.0,0.1548463,0.0,0.0
hardzero_only__c0p58__z1p00__lam0p000__nu0p50__psi0p00,0.027,base,46,1219,0.0,3,0.5165093,0.5165093,0.5165093,1.0346452,0.0,0.09233254,0.0,0.0,0.027,0.0,0.0,0.0,0.0,-26.951515,2.276265,0.75875497,0.08800001,0.0,0.17243053,0.0,0.0
hardzero_only__c0p58__z1p00__lam0p000__nu0p50__psi0p00,0.027,base,46,1220,0.0,3,0.5165093,0.5193149,0.5193149,0.9833368,0.1039114,0.1039114,1.0,0.0028056079,0.027,0.0,0.0,0.0,0.0,-26.689064,2.1633842,0.7211281,0.128,0.0,0.14119133,0.0,0.0
hardzero_only__c0p58__z1p00__lam0p000__nu0p50__psi0p00,0.027,base,46,1221,0.0,3,0.5193149,0.5221645,0.5221645,0.9765764,0.10554158,0.10554158,1.0,0.0028496226,0.027,0.0,0.0,0.0,0.0,-26.695843,2.148511,0.7161703,0.16800001,0.0,0.14181684,0.0,0.0
hardzero_only__c0p58__z1p00__lam0p000__nu0p50__psi0p00,0.027,base,46,1222,0.0,3,0.5221645,0.52491695,0.52491695,0.99165064,0.10194111,0.10194111,1.0,0.00275241,0.027,0.0,0.0,0.0,0.0,-26.265558,2.181675,0.727225,0.19,0.01,0.13651682,0.0,0.0
hardzero_only__c0p58__z1p00__lam0p000__nu0p50__psi0p00,0.027,base,46,1223,0.0,3,0.52491695,0.52491695,0.52491695,1.0078291,0.0,0.098213434,0.0,0.0,0.027,0.0,0.0,0.0,0.0,-26.61665,2.2172682,0.7390894,0.128,0.0,0.13886549,0.0,0.0
hardzero_only__c0p58__z1p00__lam0p000__nu0p50__psi0p00,0.027,base,46,1224,0.0,3,0.52491695,0.52802396,0.52802396,0.9390198,0.11507478,0.11507478,1.0,0.0031070192,0.027,0.0,0.0,0.0,0.0,-25.82084,2.0658848,0.6886283,0.216,0.0,0.15950659,0.0,0.0
hardzero_only__c0p58__z1p00__lam0p000__nu0p50__psi0p00,0.027,base,46,1225,0.0,3,0.52802396,0.52802396,0.52802396,1.0392817,0.0,0.09135204,0.0,0.0,0.027,0.0,0.0,0.0,0.0,-28.14383,2.2864654,0.7621552,0.18400002,0.0,0.17256829,0.0,0.0
hardzero_only__c0p58__z1p00__lam0p000__nu0p50__psi0p00,0.027,base,46,1226,0.0,3,0.52802396,0.53085786,0.53085786,0.9789824,0.104958504,0.104958504,1.0,0.0028338798,0.027,0.0,0.0,0.0,0.0,-26.5177,2.1538043,0.7179348,0.16800001,0.0,0.15573756,0.0,0.0
hardzero_only__c0p58__z1p00__lam0p000__nu0p50__psi0p00,0.027,base,46,1227,0.0,3,0.53085786,0.53372365,0.53372365,0.97411865,0.10614054,0.10614054,1.0,0.0028657946,0.027,0.0,0.0,0.0,0.0,-26.788605,2.1431038,0.714368,0.16800001,0.0,0.13417816,0.0,0.0
hardzero_only__c0p58__z1p00__lam0p000__nu0p50__psi0p00,0.027,base,46,1228,0.0,3,0.53372365,0.53372365,0.53372365,1.0415708,0.0,0.09087181,0.0,0.0,0.027,0.0,0.0,0.0,0.0,-28.47426,2.2915015,0.7638339,0.104,0.0,0.17931917,0.0,0.0
hardzero_only__c0p58__z1p00__lam0p000__nu0p50__psi0p00,0.027,base,46,1229,0.0,3,0.53372365,0.53372365,0.53372365,1.0114441,0.0,0.09739932,0.0,0.0,0.027,0.0,0.0,0.0,0.0,-26.591545,2.2252214,0.74174047,0.112,0.0,0.13014074,0.0,0.0
hardzero_only__c0p58__z1p00__lam0p000__nu0p50__psi0p00,0.027,base,46,1230,0.0,3,0.53372365,0.53644514,0.53644514,0.9965611,0.10079497,0.10079497,1.0,0.0027214643,0.027,0.0,0.0,0.0,0.0,-27.112085,2.1924782,0.7308261,0.15200001,0.0,0.13044451,0.0,0.0
hardzero_only__c0p58__z1p00__lam0p000__nu0p50__psi0p00,0.027,base,46,1231,0.0,3,0.53644514,0.53644514,0.53644514,1.0464146,0.0,0.08986393,0.0,0.0,0.027,0.0,0.0,0.0,0.0,-27.486282,2.302158,0.7673861,0.216,0.008,0.16613257,0.0,0.0
hardzero_only__c0p58__z1p00__lam0p000__nu0p50__psi0p00,0.027,base,46,1232,0.0,3,0.53644514,0.53935987,0.53935987,0.96676534,0.10795299,0.10795299,1.0,0.0029147307,0.027,0.0,0.0,0.0,0.0,-26.036074,2.1269262,0.70897543,0.192,0.0,0.12440285,0.0,0.0
hardzero_only__c0p58__z1p00__lam0p000__nu0p50__psi0p00,0.027,base,46,1233,0.0,3,0.53935987,0.5422654,0.5422654,0.9681321,0.10761378,0.10761378,1.0,0.002905572,0.027,0.0,0.0,0.0,0.0,-26.030405,2.129933,0.70997775,0.17600001,0.0,0.13870679,0.0,0.0
hardzero_only__c0p58__z1p00__lam0p000__nu0p50__psi0p00,0.027,base,46,1234,0.0,3,0.5422654,0.5422654,0.5422654,1.0015463,0.0,0.0996446,0.0,0.0,0.027,0.0,0.0,0.0,0.0,-26.869965,2.2034457,0.73448193,0.128,0.0,0.14336714,0.0,0.0
hardzero_only__c0p58__z1p00__lam0p000__nu0p50__psi0p00,0.027,base,46,1235,0.0,3,0.5422654,0.5422654,0.5422654,1.0140752,0.0,0.096811034,0.0,0.0,0.027,0.0,0.0,0.0,0.0,-26.585506,2.23101,0.74367,0.14999999,0.0,0.17214704,0.0,0.0
hardzero_only__c0p58__z1p00__lam0p000__nu0p50__psi0p00,0.027,base,46,1236,0.0,3,0.5422654,0.5422654,0.5422654,1.0333251,0.0,0.09261363,0.0,0.0,0.027,0.0,0.0,0.0,0.0,-27.47301,2.2733605,0.75778687,0.096,0.0,0.14781597,0.0,0.0
hardzero_only__c0p58__z1p00__lam0p000__nu0p50__psi0p00,0.027,base,46,1237,0.0,3,0.5422654,0.5422654,0.5422654,1.0073507,0.0,0.09832168,0.0,0.0,0.027,0.0,0.0,0.0,0.0,-27.837141,2.2162158,0.73873866,0.16000001,0.0,0.18554577,0.0,0.0
hardzero_only__c0p58__z1p00__lam0p000__nu0p50__psi0p00,0.027,base,46,1238,0.0,3,0.5422654,0.5449979,0.5449979,0.9948133,0.101201445,0.101201445,1.0,0.002732439,0.027,0.0,0.0,0.0,0.0,-27.098974,2.188633,0.72954434,0.15200001,0.0,0.14314051,0.0,0.0
hardzero_only__c0p58__z1p00__lam0p000__nu0p50__psi0p00,0.027,base,46,1239,0.0,3,0.5449979,0.5449979,0.5449979,1.0025485,0.0,0.099414915,0.0,0.0,0.027,0.0,0.0,0.0,0.0,-27.034533,2.2056506,0.73521686,0.16000001,0.0,0.16833194,0.0,0.0
hardzero_only__c0p58__z1p00__lam0p000__nu0p50__psi0p00,0.027,base,46,1240,0.0,3,0.5449979,0.54782945,0.54782945,0.97933376,0.104873605,0.104873605,1.0,0.0028315873,0.027,0.0,0.0,0.0,0.0,-26.235607,2.1545773,0.71819246,0.17600001,0.0,0.12970957,0.0,0.0
hardzero_only__c0p58__z1p00__lam0p000__nu0p50__psi0p00,0.027,base,46,1241,0.0,3,0.54782945,0.54782945,0.54782945,1.0033385,0.0,0.09923424,0.0,0.0,0.027,0.0,0.0,0.0,0.0,-26.970695,2.2073886,0.7357962,0.192,0.0,0.13236243,0.0,0.0
hardzero_only__c0p58__z1p00__lam0p000__nu0p50__psi0p00,0.027,base,46,1242,0.0,3,0.54782945,0.54782945,0.54782945,1.0191221,0.0,0.09569248,0.0,0.0,0.027,0.0,0.0,0.0,0.0,-27.092548,2.2421134,0.74737114,0.17600001,0.0,0.1459297,0.0,0.0
hardzero_only__c0p58__z1p00__lam0p000__nu0p50__psi0p00,0.027,base,46,1243,0.0,3,0.54782945,0.54782945,0.54782945,1.0319874,0.0,0.09289934,0.0,0.0,0.027,0.0,0.0,0.0,0.0,-26.801817,2.2704177,0.7568059,0.128,0.0,0.15374288,0.0,0.0
hardzero_only__c0p58__z1p00__lam0p000__nu0p50__psi0p00,0.027,base,46,1244,0.0,3,0.54782945,0.551003,0.551003,0.9298219,0.11753794,0.11753794,1.0,0.0031735245,0.027,0.0,0.0,0.0,0.0,-26.538692,2.045649,0.68188304,0.24800001,0.0,0.13274997,0.0,0.0
hardzero_only__c0p58__z1p00__lam0p000__nu0p50__psi0p00,0.027,base,46,1245,0.0,3,0.551003,0.5541812,0.5541812,0.9291754,0.11771306,0.11771306,1.0,0.0031782526,0.027,0.0,0.0,0.0,0.0,-25.518223,2.0442266,0.6814089,0.272,0.0,0.11797455,0.0,0.0
hardzero_only__c0p58__z1p00__lam0p000__nu0p50__psi0p00,0.027,base,46,1246,0.0,3,0.5541812,0.5572351,0.5572351,0.9465086,0.11310749,0.11310749,1.0,0.0030539022,0.027,0.0,0.0,0.0,0.0,-25.601574,2.0823605,0.69412017,0.224,0.0,0.13027759,0.0,0.0
hardzero_only__c0p58__z1p00__lam0p000__nu0p50__psi0p00,0.027,base,46,1247,0.0,3,0.5572351,0.560097,0.560097,0.97471666,0.1059945,0.1059945,1.0,0.0028618516,0.027,0.0,0.0,0.0,0.0,-26.284832,2.1444194,0.7148065,0.17600001,0.0,0.13371994,0.0,0.0
hardzero_only__c0p58__z1p00__lam0p000__nu0p50__psi0p00,0.027,base,46,1248,0.0,3,0.560097,0.560097,0.560097,1.0051075,0.0,0.09883084,0.0,0.0,0.027,0.0,0.0,0.0,0.0,-27.135868,2.2112806,0.73709357,0.17,0.0,0.15979792,0.0,0.0
hardzero_only__c0p58__z1p00__lam0p000__nu0p50__psi0p00,0.027,base,46,1249,0.0,3,0.560097,0.560097,0.560097,1.0322244,0.0,0.09284864,0.0,0.0,0.027,0.0,0.0,0.0,0.0,-27.472641,2.270939,0.7569797,0.192,0.0,0.16378985,0.0,0.0
