mechanism_tag,mechanism,alpha,seed,update,update_u,update_counter,energy_E_pre,energy_E_post,funding_z,funding_g,funding_g_raw,funding_cut_active,funding_income,funding_alpha_eff,episode_return_end_mean,terminal_min_dists_end_mean,terminal_dbar_end,terminal_occupied_end_mean,terminal_CSR_train,vartd_VarTD,depr_F,depr_F_post,env_steps
hardzero_plus_depr__c0p52__z1p10__lam0p010__nu0p50__psi1p00,hardzero_plus_depr,0.05,30,0,1.0,1,1.0,0.48410147,1.0860325,0.08202901,0.08202901,1.0,0.0041014506,0.05,-27.772104,2.3893192,0.79643977,0.07,0.0,0.21411662,0.0,0.0,3200
hardzero_plus_depr__c0p52__z1p10__lam0p010__nu0p50__psi1p00,hardzero_plus_depr,0.05,30,1,0.0,1,0.48410147,0.48880973,1.0261097,0.09416516,0.09416516,1.0,0.004708258,0.05,-26.503872,2.2574863,0.75249547,0.128,0.0,0.15564354,0.0,0.01,6400
hardzero_plus_depr__c0p52__z1p10__lam0p010__nu0p50__psi1p00,hardzero_plus_depr,0.05,30,2,0.0,1,0.48880973,0.49362642,1.0118793,0.09730176,0.09730176,1.0,0.0048166797,0.049502492,-26.903313,2.226179,0.74205965,0.208,0.0,0.18118379,0.01,0.02,9600
hardzero_plus_depr__c0p52__z1p10__lam0p010__nu0p50__psi1p00,hardzero_plus_depr,0.05,30,3,0.0,1,0.49362642,0.49771196,1.0790346,0.08336149,0.08336149,1.0,0.0040855412,0.049009934,-28.520424,2.3739235,0.79130787,0.15200001,0.0,0.16178016,0.02,0.03,12800
hardzero_plus_depr__c0p52__z1p10__lam0p010__nu0p50__psi1p00,hardzero_plus_depr,0.05,30,4,0.0,1,0.49771196,0.50231737,1.0226703,0.09491387,0.09491387,1.0,0.004605437,0.04852228,-27.013454,2.2499194,0.7499732,0.16000001,0.0,0.14080787,0.03,0.04,16000
hardzero_plus_depr__c0p52__z1p10__lam0p010__nu0p50__psi1p00,hardzero_plus_depr,0.05,30,5,0.0,1,0.50231737,0.5066255,1.0473131,0.0896782,0.0896782,1.0,0.004308094,0.048039477,-27.907997,2.3041348,0.76804495,0.16000001,0.0,0.15698737,0.04,0.049999997,19200
hardzero_plus_depr__c0p52__z1p10__lam0p010__nu0p50__psi1p00,hardzero_plus_depr,0.05,30,6,0.0,1,0.5066255,0.51133436,1.0043395,0.09900579,0.09900579,1.0,0.0047088615,0.047561474,-26.854574,2.209591,0.7365303,0.14400001,0.0,0.13123047,0.049999997,0.059999995,22400
hardzero_plus_depr__c0p52__z1p10__lam0p010__nu0p50__psi1p00,hardzero_plus_depr,0.05,30,7,0.0,1,0.51133436,0.5160181,1.0023216,0.09946686,0.09946686,1.0,0.0046837186,0.047088232,-26.82901,2.2051516,0.73505056,0.16000001,0.0,0.13964114,0.059999995,0.06999999,25600
hardzero_plus_depr__c0p52__z1p10__lam0p010__nu0p50__psi1p00,hardzero_plus_depr,0.05,30,8,0.0,1,0.5160181,0.5202339,1.0436885,0.09042976,0.09042976,1.0,0.0042158077,0.046619695,-27.258774,2.2961607,0.76538694,0.192,0.0,0.17142312,0.06999999,0.07999999,28800
hardzero_plus_depr__c0p52__z1p10__lam0p010__nu0p50__psi1p00,hardzero_plus_depr,0.05,30,9,1.0,2,0.5202339,0.0042455364,1.0609101,0.086914025,0.086914025,1.0,0.004011588,0.04615582,-27.706799,2.3340487,0.77801627,0.224,0.0,0.18060046,0.07999999,0.039999995,32000
hardzero_plus_depr__c0p52__z1p10__lam0p010__nu0p50__psi1p00,hardzero_plus_depr,0.05,30,10,0.0,2,0.0042455364,0.00881923,1.0213312,0.09520699,0.09520699,1.0,0.004573694,0.048039477,-26.43915,2.2469735,0.7489912,0.136,0.0,0.1757443,0.039999995,0.049999997,35200
hardzero_plus_depr__c0p52__z1p10__lam0p010__nu0p50__psi1p00,hardzero_plus_depr,0.05,30,11,0.0,2,0.00881923,0.013465539,1.0101472,0.0976906,0.0976906,1.0,0.0046463087,0.047561474,-27.74239,2.2223682,0.7407894,0.14400001,0.0,0.1513051,0.049999997,0.059999995,38400
hardzero_plus_depr__c0p52__z1p10__lam0p010__nu0p50__psi1p00,hardzero_plus_depr,0.05,30,12,0.0,2,0.013465539,0.018317427,0.98700154,0.10303825,0.10303825,1.0,0.004851889,0.047088232,-27.60975,2.1714468,0.7238156,0.16800001,0.0,0.16128607,0.059999995,0.06999999,41600
hardzero_plus_depr__c0p52__z1p10__lam0p010__nu0p50__psi1p00,hardzero_plus_depr,0.05,30,13,0.0,2,0.018317427,0.022602014,1.0366604,0.09190509,0.09190509,1.0,0.004284587,0.046619695,-27.24053,2.2806985,0.76023287,0.19999999,0.0,0.17432916,0.06999999,0.07999999,44800
hardzero_plus_depr__c0p52__z1p10__lam0p010__nu0p50__psi1p00,hardzero_plus_depr,0.05,30,14,0.0,2,0.022602014,0.026413266,1.0831587,0.0825736,0.0825736,1.0,0.0038112523,0.04615582,-27.479334,2.3829968,0.79433227,0.128,0.0,0.1665208,0.07999999,0.08999999,48000
hardzero_plus_depr__c0p52__z1p10__lam0p010__nu0p50__psi1p00,hardzero_plus_depr,0.05,30,15,0.0,2,0.026413266,0.030823618,1.0154102,0.096513875,0.096513875,1.0,0.0044103526,0.045696564,-26.473415,2.233947,0.74464905,0.17600001,0.0,0.17750376,0.08999999,0.09999999,51200
hardzero_plus_depr__c0p52__z1p10__lam0p010__nu0p50__psi1p00,hardzero_plus_depr,0.05,30,16,0.0,2,0.030823618,0.03567829,0.96938074,0.10730483,0.10730483,1.0,0.004854671,0.045241874,-25.396284,2.1326802,0.7108934,0.24800001,0.0,0.15138115,0.09999999,0.109999985,54400
hardzero_plus_depr__c0p52__z1p10__lam0p010__nu0p50__psi1p00,hardzero_plus_depr,0.05,30,17,0.0,2,0.03567829,0.040184353,0.9974004,0.10060036,0.10060036,1.0,0.0045060623,0.04479171,-26.24159,2.1943247,0.7314416,0.14400001,0.0,0.13923363,0.109999985,0.11999998,57600
hardzero_plus_depr__c0p52__z1p10__lam0p010__nu0p50__psi1p00,hardzero_plus_depr,0.05,30,18,0.0,2,0.040184353,0.0439654,1.0692428,0.085262336,0.085262336,1.0,0.0037810456,0.044346023,-27.519701,2.3523812,0.7841271,0.14400001,0.0,0.15689221,0.11999998,0.12999998,60800
hardzero_plus_depr__c0p52__z1p10__lam0p010__nu0p50__psi1p00,hardzero_plus_depr,0.05,30,19,0.0,2,0.0439654,0.048114832,1.0245228,0.09450987,0.09450987,1.0,0.0041494346,0.043904774,-27.50911,2.2539952,0.75133175,0.128,0.0,0.16747107,0.12999998,0.13999999,64000
hardzero_plus_depr__c0p52__z1p10__lam0p010__nu0p50__psi1p00,hardzero_plus_depr,0.05,30,20,0.0,2,0.048114832,0.05263961,0.9825715,0.10409466,0.10409466,1.0,0.004524778,0.043467917,-27.388895,2.1617005,0.72056687,0.16000001,0.0,0.15174545,0.13999999,0.14999999,67200
hardzero_plus_depr__c0p52__z1p10__lam0p010__nu0p50__psi1p00,hardzero_plus_depr,0.05,30,21,0.0,2,0.05263961,0.05754595,0.94306827,0.11400705,0.11400705,1.0,0.0049063386,0.0430354,-26.142618,2.0747917,0.6915972,0.2,0.008,0.14086616,0.14999999,0.16,70400
hardzero_plus_depr__c0p52__z1p10__lam0p010__nu0p50__psi1p00,hardzero_plus_depr,0.05,30,22,0.0,2,0.05754595,0.06182432,0.9982041,0.100414366,0.100414366,1.0,0.004278374,0.04260719,-26.518047,2.1960928,0.732031,0.17600001,0.0,0.13407055,0.16,0.17,73600
hardzero_plus_depr__c0p52__z1p10__lam0p010__nu0p50__psi1p00,hardzero_plus_depr,0.05,30,23,0.0,2,0.06182432,0.06538,1.0742172,0.0842913,0.0842913,1.0,0.0035556804,0.042183243,-28.726446,2.363325,0.78777504,0.15200001,0.0,0.21337116,0.17,0.18,76800
hardzero_plus_depr__c0p52__z1p10__lam0p010__nu0p50__psi1p00,hardzero_plus_depr,0.05,30,24,0.0,2,0.06538,0.07000874,0.9553338,0.110832244,0.110832244,1.0,0.0046287435,0.04176351,-26.44507,2.1017764,0.70059216,0.216,0.0,0.13895538,0.18,0.19000001,80000
hardzero_plus_depr__c0p52__z1p10__lam0p010__nu0p50__psi1p00,hardzero_plus_depr,0.05,30,25,0.0,2,0.07000874,0.07392598,1.0234741,0.094738364,0.094738364,1.0,0.0039172377,0.04134796,-27.303814,2.251688,0.75056267,0.192,0.0,0.1910078,0.19000001,0.20000002,83200
hardzero_plus_depr__c0p52__z1p10__lam0p010__nu0p50__psi1p00,hardzero_plus_depr,0.05,30,26,0.0,2,0.07392598,0.07775388,1.0291507,0.09350811,0.09350811,1.0,0.0038278985,0.04093654,-27.99895,2.2641768,0.75472564,0.19999999,0.0,0.17540276,0.20000002,0.21000002,86400
hardzero_plus_depr__c0p52__z1p10__lam0p010__nu0p50__psi1p00,hardzero_plus_depr,0.05,30,27,0.0,2,0.07775388,0.081462964,1.0385014,0.091516346,0.091516346,1.0,0.0037090855,0.040529214,-27.149242,2.2847486,0.76158285,0.16000001,0.0,0.15824965,0.21000002,0.22000003,89600
hardzero_plus_depr__c0p52__z1p10__lam0p010__nu0p50__psi1p00,hardzero_plus_depr,0.05,30,28,0.0,2,0.081462964,0.08507633,1.0455128,0.09005072,0.09005072,1.0,0.0036133698,0.04012594,-27.875376,2.300174,0.7667247,0.16000001,0.0,0.18950707,0.22000003,0.23000003,92800
hardzero_plus_depr__c0p52__z1p10__lam0p010__nu0p50__psi1p00,hardzero_plus_depr,0.05,30,29,0.0,2,0.08507633,0.08875254,1.0336823,0.092537485,0.092537485,1.0,0.0036762073,0.039726682,-27.752516,2.2741466,0.7580489,0.192,0.0,0.16709913,0.23000003,0.24000004,96000
hardzero_plus_depr__c0p52__z1p10__lam0p010__nu0p50__psi1p00,hardzero_plus_depr,0.05,30,30,0.0,2,0.08875254,0.09231871,1.0425361,0.09067005,0.09067005,1.0,0.0035661794,0.039331395,-27.498436,2.2936254,0.7645418,0.16800001,0.0,0.17478918,0.24000004,0.25000003,99200
hardzero_plus_depr__c0p52__z1p10__lam0p010__nu0p50__psi1p00,hardzero_plus_depr,0.05,30,31,0.0,2,0.09231871,0.09547128,1.0917321,0.08095951,0.08095951,1.0,0.0031525663,0.03894004,-28.012781,2.4018586,0.80061954,0.072000004,0.0,0.19632365,0.25000003,0.26000002,102400
hardzero_plus_depr__c0p52__z1p10__lam0p010__nu0p50__psi1p00,hardzero_plus_depr,0.05,30,32,0.0,2,0.09547128,0.09944841,0.9864829,0.10316135,0.10316135,1.0,0.003977136,0.03855258,-27.468851,2.1703057,0.7234353,0.208,0.0,0.16277787,0.26000002,0.27,105600
hardzero_plus_depr__c0p52__z1p10__lam0p010__nu0p50__psi1p00,hardzero_plus_depr,0.05,30,33,0.0,2,0.09944841,0.102960944,1.0360906,0.09202575,0.09202575,1.0,0.0035125287,0.038168978,-27.58982,2.279445,0.759815,0.14400001,0.0,0.19654274,0.27,0.28,108800
hardzero_plus_depr__c0p52__z1p10__lam0p010__nu0p50__psi1p00,hardzero_plus_depr,0.05,30,34,0.0,2,0.102960944,0.10619258,1.0679445,0.085517585,0.085517585,1.0,0.0032316402,0.03778919,-27.585505,2.349525,0.783175,0.120000005,0.0,0.14503914,0.28,0.29,112000
hardzero_plus_depr__c0p52__z1p10__lam0p010__nu0p50__psi1p00,hardzero_plus_depr,0.05,30,35,0.0,2,0.10619258,0.10945817,1.0590633,0.08728441,0.08728441,1.0,0.0032655874,0.03741318,-27.825218,2.3299859,0.776662,0.112,0.0,0.16221163,0.29,0.29999998,115200
hardzero_plus_depr__c0p52__z1p10__lam0p010__nu0p50__psi1p00,hardzero_plus_depr,0.05,30,36,0.0,2,0.10945817,0.11318998,0.99676263,0.10074822,0.10074822,1.0,0.0037318058,0.03704091,-26.460962,2.1929216,0.7309739,0.16800001,0.0,0.15505852,0.29999998,0.30999997,118400
hardzero_plus_depr__c0p52__z1p10__lam0p010__nu0p50__psi1p00,hardzero_plus_depr,0.05,30,37,0.0,2,0.11318998,0.11644002,1.0524503,0.088623665,0.088623665,1.0,0.003250038,0.03667235,-27.741665,2.3154368,0.7718123,0.136,0.0,0.19348261,0.30999997,0.31999996,121600
hardzero_plus_depr__c0p52__z1p10__lam0p010__nu0p50__psi1p00,hardzero_plus_depr,0.05,30,38,0.0,2,0.11644002,0.120043,1.0033339,0.09923528,0.09923528,1.0,0.0036029804,0.036307454,-27.090895,2.2073786,0.7357929,0.120000005,0.0,0.1533092,0.31999996,0.32999995,124800
hardzero_plus_depr__c0p52__z1p10__lam0p010__nu0p50__psi1p00,hardzero_plus_depr,0.05,30,39,0.0,2,0.120043,0.12416379,0.9406727,0.114637665,0.114637665,1.0,0.004120787,0.03594619,-26.030005,2.0695212,0.68984044,0.17,0.0,0.15599325,0.32999995,0.33999994,128000
hardzero_plus_depr__c0p52__z1p10__lam0p010__nu0p50__psi1p00,hardzero_plus_depr,0.05,30,40,0.0,2,0.12416379,0.12754634,1.0220662,0.09504598,0.09504598,1.0,0.0033825454,0.035588518,-26.739145,2.2485907,0.74953026,0.15200001,0.0,0.14603555,0.33999994,0.34999993,131200
hardzero_plus_depr__c0p52__z1p10__lam0p010__nu0p50__psi1p00,hardzero_plus_depr,0.05,30,41,0.0,2,0.12754634,0.13093667,1.016725,0.096222155,0.096222155,1.0,0.0033903306,0.035234407,-26.649895,2.2368395,0.7456132,0.14400001,0.0,0.16524023,0.34999993,0.35999992,134400
hardzero_plus_depr__c0p52__z1p10__lam0p010__nu0p50__psi1p00,hardzero_plus_depr,0.05,30,42,0.0,2,0.13093667,0.13466907,0.9706354,0.10699528,0.10699528,1.0,0.003732404,0.03488382,-26.643143,2.1354406,0.71181357,0.272,0.0,0.14798938,0.35999992,0.36999992,137600
hardzero_plus_depr__c0p52__z1p10__lam0p010__nu0p50__psi1p00,hardzero_plus_depr,0.05,30,43,0.0,2,0.13466907,0.13765922,1.062588,0.08657888,0.08657888,1.0,0.0029901508,0.034536723,-26.88481,2.3377402,0.77924675,0.128,0.0,0.17390053,0.36999992,0.3799999,140800
hardzero_plus_depr__c0p52__z1p10__lam0p010__nu0p50__psi1p00,hardzero_plus_depr,0.05,30,44,0.0,2,0.13765922,0.14112747,0.99382865,0.101431146,0.101431146,1.0,0.003468243,0.034193076,-27.26961,2.1864667,0.72882223,0.216,0.0,0.15638061,0.3799999,0.3899999,144000
hardzero_plus_depr__c0p52__z1p10__lam0p010__nu0p50__psi1p00,hardzero_plus_depr,0.05,30,45,0.0,2,0.14112747,0.14419597,1.0426681,0.09064249,0.09064249,1.0,0.0030685065,0.03385285,-27.956978,2.2939157,0.7646386,0.128,0.0,0.16473705,0.3899999,0.3999999,147200
hardzero_plus_depr__c0p52__z1p10__lam0p010__nu0p50__psi1p00,hardzero_plus_depr,0.05,30,46,0.0,2,0.14419597,0.1474976,1.0065246,0.09850889,0.09850889,1.0,0.0033016247,0.03351601,-26.832409,2.2143981,0.7381327,0.18400002,0.0,0.15709427,0.3999999,0.40999988,150400
hardzero_plus_depr__c0p52__z1p10__lam0p010__nu0p50__psi1p00,hardzero_plus_depr,0.05,30,47,0.0,2,0.1474976,0.15114044,0.9594691,0.109781936,0.109781936,1.0,0.003642841,0.033182517,-26.128279,2.1108742,0.7036247,0.208,0.0,0.15136172,0.40999988,0.41999987,153600
hardzero_plus_depr__c0p52__z1p10__lam0p010__nu0p50__psi1p00,hardzero_plus_depr,0.05,30,48,0.0,2,0.15114044,0.15440844,1.0022845,0.099475354,0.099475354,1.0,0.003267999,0.032852348,-26.858644,2.20507,0.7350234,0.128,0.0,0.14144216,0.41999987,0.42999986,156800
hardzero_plus_depr__c0p52__z1p10__lam0p010__nu0p50__psi1p00,hardzero_plus_depr,0.05,30,49,0.0,2,0.15440844,0.15742046,1.0333651,0.092605084,0.092605084,1.0,0.0030120232,0.03252546,-27.776794,2.2734487,0.75781626,0.2,0.0,0.16817415,0.42999986,0.43999985,160000
hardzero_plus_depr__c0p52__z1p10__lam0p010__nu0p50__psi1p00,hardzero_plus_depr,0.05,30,50,0.0,2,0.15742046,0.16043869,1.028129,0.09372837,0.09372837,1.0,0.0030182248,0.032201827,-27.348877,2.261929,0.75397635,0.14400001,0.0,0.1497557,0.43999985,0.44999984,163200
hardzero_plus_depr__c0p52__z1p10__lam0p010__nu0p50__psi1p00,hardzero_plus_depr,0.05,30,51,0.0,2,0.16043869,0.16314575,1.0710402,0.0849102,0.0849102,1.0,0.0027070572,0.031881414,-28.382933,2.3563354,0.78544515,0.15200001,0.0,0.19307971,0.44999984,0.45999983,166400
hardzero_plus_depr__c0p52__z1p10__lam0p010__nu0p50__psi1p00,hardzero_plus_depr,0.05,30,52,0.0,2,0.16314575,0.1659866,1.0457476,0.09000204,0.09000204,1.0,0.0028408412,0.031564187,-27.229235,2.3006907,0.7668969,0.14999999,0.0,0.13562179,0.45999983,0.46999982,169600
hardzero_plus_depr__c0p52__z1p10__lam0p010__nu0p50__psi1p00,hardzero_plus_depr,0.05,30,53,0.0,2,0.1659866,0.169135,0.99676085,0.10074863,0.10074863,1.0,0.0031484067,0.03125012,-27.379633,2.1929176,0.7309725,0.272,0.0,0.16847654,0.46999982,0.4799998,172800
hardzero_plus_depr__c0p52__z1p10__lam0p010__nu0p50__psi1p00,hardzero_plus_depr,0.05,30,54,0.0,2,0.169135,0.17190582,1.0479016,0.08955675,0.08955675,1.0,0.002770812,0.030939175,-26.634604,2.3054297,0.7684766,0.120000005,0.0,0.14767596,0.4799998,0.4899998,176000
hardzero_plus_depr__c0p52__z1p10__lam0p010__nu0p50__psi1p00,hardzero_plus_depr,0.05,30,55,0.0,2,0.17190582,0.17520022,0.96838784,0.10755043,0.10755043,1.0,0.0032944125,0.030631328,-26.484596,2.1304958,0.71016526,0.224,0.0,0.1627091,0.4899998,0.4999998,179200
hardzero_plus_depr__c0p52__z1p10__lam0p010__nu0p50__psi1p00,hardzero_plus_depr,0.05,30,56,0.0,2,0.17520022,0.17782536,1.0626708,0.086562365,0.086562365,1.0,0.002625137,0.03032654,-28.347738,2.3379226,0.77930754,0.120000005,0.0,0.18137781,0.4999998,0.5099998,182400
hardzero_plus_depr__c0p52__z1p10__lam0p010__nu0p50__psi1p00,hardzero_plus_depr,0.05,30,57,0.0,2,0.17782536,0.18069139,1.0201986,0.095455594,0.095455594,1.0,0.0028660337,0.030024786,-26.327572,2.2444818,0.7481606,0.112,0.0,0.13961579,0.5099998,0.5199998,185600
hardzero_plus_depr__c0p52__z1p10__lam0p010__nu0p50__psi1p00,hardzero_plus_depr,0.05,30,58,0.0,2,0.18069139,0.18347214,1.0289739,0.093546174,0.093546174,1.0,0.0027807567,0.029726034,-27.703526,2.263788,0.754596,0.16800001,0.0,0.16959265,0.5199998,0.5299998,188800
hardzero_plus_depr__c0p52__z1p10__lam0p010__nu0p50__psi1p00,hardzero_plus_depr,0.05,30,59,0.0,2,0.18347214,0.18605083,1.0573956,0.08762023,0.08762023,1.0,0.0025786858,0.029430255,-28.288551,2.3263166,0.7754389,0.18400002,0.0,0.17700025,0.5299998,0.5399998,192000
hardzero_plus_depr__c0p52__z1p10__lam0p010__nu0p50__psi1p00,hardzero_plus_depr,0.05,30,60,0.0,2,0.18605083,0.1887369,1.0353335,0.09218632,0.09218632,1.0,0.0026860712,0.029137418,-27.77653,2.277779,0.7592597,0.136,0.0,0.16796753,0.5399998,0.5499998,195200
hardzero_plus_depr__c0p52__z1p10__lam0p010__nu0p50__psi1p00,hardzero_plus_depr,0.05,30,61,0.0,2,0.1887369,0.19168665,0.9903246,0.102252826,0.102252826,1.0,0.0029497382,0.028847499,-26.621687,2.1787577,0.72625256,0.112,0.0,0.17142028,0.5499998,0.55999976,198400
hardzero_plus_depr__c0p52__z1p10__lam0p010__nu0p50__psi1p00,hardzero_plus_depr,0.05,30,62,0.0,2,0.19168665,0.19441648,1.0196284,0.095581,0.095581,1.0,0.0027298373,0.02856046,-27.23042,2.2432272,0.7477424,0.15200001,0.0,0.14514405,0.55999976,0.56999975,201600
hardzero_plus_depr__c0p52__z1p10__lam0p010__nu0p50__psi1p00,hardzero_plus_depr,0.05,30,63,0.0,2,0.19441648,0.19722645,1.0027213,0.099375345,0.099375345,1.0,0.002809965,0.02827628,-26.86043,2.2060308,0.73534364,0.15200001,0.0,0.19122514,0.56999975,0.57999974,204800
hardzero_plus_depr__c0p52__z1p10__lam0p010__nu0p50__psi1p00,hardzero_plus_depr,0.05,30,64,0.0,2,0.19722645,0.19981809,1.033505,0.09257528,0.09257528,1.0,0.0025916381,0.027994925,-26.413599,2.2737563,0.7579188,0.136,0.0,0.13010283,0.57999974,0.58999974,208000
hardzero_plus_depr__c0p52__z1p10__lam0p010__nu0p50__psi1p00,hardzero_plus_depr,0.05,30,65,0.0,2,0.19981809,0.20223631,1.0592399,0.08724894,0.08724894,1.0,0.002418224,0.027716372,-27.413828,2.3303742,0.77679145,0.13,0.0,0.127416,0.58999974,0.5999997,211200
hardzero_plus_depr__c0p52__z1p10__lam0p010__nu0p50__psi1p00,hardzero_plus_depr,0.05,30,66,0.0,2,0.20223631,0.20500118,0.99671847,0.10075845,0.10075845,1.0,0.0027648713,0.02744059,-26.59004,2.1928244,0.7309415,0.16000001,0.0,0.17029016,0.5999997,0.6099997,214400
hardzero_plus_depr__c0p52__z1p10__lam0p010__nu0p50__psi1p00,hardzero_plus_depr,0.05,30,67,0.0,2,0.20500118,0.20761469,1.0168265,0.09619965,0.09619965,1.0,0.002613509,0.027167553,-27.418442,2.237063,0.74568766,0.2,0.0,0.13777469,0.6099997,0.6199997,217600
hardzero_plus_depr__c0p52__z1p10__lam0p010__nu0p50__psi1p00,hardzero_plus_depr,0.05,30,68,0.0,2,0.20761469,0.21009076,1.0359461,0.09205638,0.09205638,1.0,0.0024760617,0.026897231,-27.76259,2.279127,0.759709,0.16000001,0.0,0.16805555,0.6199997,0.6299997,220800
hardzero_plus_depr__c0p52__z1p10__lam0p010__nu0p50__psi1p00,hardzero_plus_depr,0.05,30,69,0.0,2,0.21009076,0.21250357,1.0428411,0.09060641,0.09060641,1.0,0.0024128123,0.0266296,-28.037096,2.2942963,0.76476544,0.15200001,0.0,0.1890653,0.6299997,0.6399997,224000
hardzero_plus_depr__c0p52__z1p10__lam0p010__nu0p50__psi1p00,hardzero_plus_depr,0.05,30,70,0.0,2,0.21250357,0.21505508,1.0142249,0.09677766,0.09677766,1.0,0.0025515072,0.02636463,-26.710802,2.2313392,0.7437798,0.16000001,0.0,0.1654585,0.6399997,0.6499997,227200
hardzero_plus_depr__c0p52__z1p10__lam0p010__nu0p50__psi1p00,hardzero_plus_depr,0.05,30,71,0.0,2,0.21505508,0.21755828,1.0181831,0.09589961,0.09589961,1.0,0.0025032,0.026102295,-27.126858,2.2400475,0.7466825,0.16000001,0.0,0.13711582,0.6499997,0.65999967,230400
hardzero_plus_depr__c0p52__z1p10__lam0p010__nu0p50__psi1p00,hardzero_plus_depr,0.05,30,72,0.0,2,0.21755828,0.21992134,1.038863,0.09144018,0.09144018,1.0,0.0023630497,0.025842575,-27.59713,2.2855442,0.7618481,0.136,0.0,0.15030672,0.65999967,0.66999966,233600
hardzero_plus_depr__c0p52__z1p10__lam0p010__nu0p50__psi1p00,hardzero_plus_depr,0.05,30,73,0.0,2,0.21992134,0.22230522,1.0307076,0.0931735,0.0931735,1.0,0.002383885,0.02558544,-28.501272,2.267602,0.75586736,0.16000001,0.0,0.17543142,0.66999966,0.67999965,236800
hardzero_plus_depr__c0p52__z1p10__lam0p010__nu0p50__psi1p00,hardzero_plus_depr,0.05,30,74,0.0,2,0.22230522,0.22482614,1.0020913,0.09951962,0.09951962,1.0,0.0025209174,0.02533086,-27.328716,2.204645,0.73488164,0.18400002,0.008,0.1549802,0.67999965,0.68999964,240000
hardzero_plus_depr__c0p52__z1p10__lam0p010__nu0p50__psi1p00,hardzero_plus_depr,0.05,30,75,0.0,2,0.22482614,0.22695269,1.0716317,0.084794626,0.084794626,1.0,0.0021265484,0.025078813,-27.535345,2.3576367,0.7858789,0.15200001,0.0,0.18191135,0.68999964,0.69999963,243200
hardzero_plus_depr__c0p52__z1p10__lam0p010__nu0p50__psi1p00,hardzero_plus_depr,0.05,30,76,0.0,2,0.22695269,0.22934188,1.0167131,0.09622477,0.09622477,1.0,0.0023891912,0.024829274,-27.451067,2.2368135,0.7456045,0.128,0.0,0.14457446,0.69999963,0.7099996,246400
hardzero_plus_depr__c0p52__z1p10__lam0p010__nu0p50__psi1p00,hardzero_plus_depr,0.05,30,77,0.0,2,0.22934188,0.23185737,0.9899984,0.10232967,0.10232967,1.0,0.0025154906,0.02458222,-26.025106,2.17804,0.72601336,0.208,0.0,0.1579684,0.7099996,0.7199996,249600
hardzero_plus_depr__c0p52__z1p10__lam0p010__nu0p50__psi1p00,hardzero_plus_depr,0.05,30,78,0.0,2,0.23185737,0.23470958,0.931098,0.117193095,0.117193095,1.0,0.0028522012,0.024337621,-25.520908,2.0484564,0.68281883,0.14,0.0,0.12173371,0.7199996,0.7299996,252800
hardzero_plus_depr__c0p52__z1p10__lam0p010__nu0p50__psi1p00,hardzero_plus_depr,0.05,30,79,0.0,2,0.23470958,0.23732623,0.9641893,0.10859523,0.10859523,1.0,0.0026166518,0.024095459,-26.233952,2.1212587,0.70708627,0.216,0.0,0.13897441,0.7299996,0.7399996,256000
hardzero_plus_depr__c0p52__z1p10__lam0p010__nu0p50__psi1p00,hardzero_plus_depr,0.05,30,80,0.0,2,0.23732623,0.23950392,1.0395981,0.09128553,0.09128553,1.0,0.0021776808,0.023855707,-28.588299,2.2871616,0.7623872,0.14400001,0.0,0.13960993,0.7399996,0.7499996,259200
hardzero_plus_depr__c0p52__z1p10__lam0p010__nu0p50__psi1p00,hardzero_plus_depr,0.05,30,81,0.0,2,0.23950392,0.2418047,1.0113735,0.097415134,0.097415134,1.0,0.0023007835,0.023618339,-26.50378,2.2250662,0.7416887,0.104,0.0,0.14404337,0.7499996,0.7599996,262400
hardzero_plus_depr__c0p52__z1p10__lam0p010__nu0p50__psi1p00,hardzero_plus_depr,0.05,30,82,0.0,2,0.2418047,0.24410369,1.0073699,0.09831735,0.09831735,1.0,0.0022989872,0.023383332,-27.343662,2.216258,0.7387527,0.15200001,0.0,0.17310415,0.7599996,0.76999956,265600
hardzero_plus_depr__c0p52__z1p10__lam0p010__nu0p50__psi1p00,hardzero_plus_depr,0.05,30,83,0.0,2,0.24410369,0.24656053,0.97418517,0.1061243,0.1061243,1.0,0.002456848,0.023150666,-26.303308,2.1432502,0.71441674,0.192,0.0,0.14230362,0.76999956,0.77999955,268800
hardzero_plus_depr__c0p52__z1p10__lam0p010__nu0p50__psi1p00,hardzero_plus_depr,0.05,30,84,0.0,2,0.24656053,0.24860288,1.0500896,0.089106716,0.089106716,1.0,0.0020423536,0.02292031,-27.210638,2.3102431,0.77008104,0.192,0.0,0.16910113,0.77999955,0.78999954,272000
hardzero_plus_depr__c0p52__z1p10__lam0p010__nu0p50__psi1p00,hardzero_plus_depr,0.05,30,85,0.0,2,0.24860288,0.25108114,0.9617296,0.10921202,0.10921202,1.0,0.0024782666,0.022692252,-26.17797,2.1158473,0.70528245,0.16800001,0.0,0.14484958,0.78999954,0.79999954,275200
hardzero_plus_depr__c0p52__z1p10__lam0p010__nu0p50__psi1p00,hardzero_plus_depr,0.05,30,86,0.0,2,0.25108114,0.25332695,1.000159,0.09996338,0.09996338,1.0,0.0022458232,0.022466458,-26.800161,2.2003937,0.7334646,0.216,0.0,0.14363144,0.79999954,0.8099995,278400
hardzero_plus_depr__c0p52__z1p10__lam0p010__nu0p50__psi1p00,hardzero_plus_depr,0.05,30,87,0.0,2,0.25332695,0.25547266,1.0156183,0.09646764,0.09646764,1.0,0.0021457213,0.022242915,-26.743025,2.234405,0.7448017,0.15200001,0.0,0.19453934,0.8099995,0.8199995,281600
hardzero_plus_depr__c0p52__z1p10__lam0p010__nu0p50__psi1p00,hardzero_plus_depr,0.05,30,88,0.0,2,0.25547266,0.257809,0.97431165,0.106093384,0.106093384,1.0,0.0023363454,0.022021594,-26.779,2.1435285,0.7145095,0.16000001,0.0,0.15202871,0.8199995,0.8299995,284800
hardzero_plus_depr__c0p52__z1p10__lam0p010__nu0p50__psi1p00,hardzero_plus_depr,0.05,30,89,0.0,2,0.257809,0.25997812,1.0022264,0.09948866,0.09948866,1.0,0.0021690992,0.021802476,-26.653847,2.204942,0.7349807,0.17600001,0.0,0.17272057,0.8299995,0.8399995,288000
hardzero_plus_depr__c0p52__z1p10__lam0p010__nu0p50__psi1p00,hardzero_plus_depr,0.05,30,90,0.0,2,0.25997812,0.26191208,1.0477124,0.08959579,0.08959579,1.0,0.0019339732,0.021585537,-27.58824,2.3050134,0.76833785,0.16000001,0.0,0.14031479,0.8399995,0.8499995,291200
hardzero_plus_depr__c0p52__z1p10__lam0p010__nu0p50__psi1p00,hardzero_plus_depr,0.05,30,91,0.0,2,0.26191208,0.26388797,1.0340548,0.09245816,0.09245816,1.0,0.001975901,0.021370757,-26.87528,2.2749658,0.75832194,0.07,0.0,0.16057074,0.8499995,0.8599995,294400
hardzero_plus_depr__c0p52__z1p10__lam0p010__nu0p50__psi1p00,hardzero_plus_depr,0.05,30,92,0.0,2,0.26388797,0.265905,1.0207657,0.09533105,0.09533105,1.0,0.0020170251,0.021158114,-26.527803,2.2457292,0.7485764,0.18400002,0.0,0.15526317,0.8599995,0.86999947,297600
hardzero_plus_depr__c0p52__z1p10__lam0p010__nu0p50__psi1p00,hardzero_plus_depr,0.05,30,93,0.0,2,0.265905,0.26762977,1.0844035,0.082337275,0.082337275,1.0,0.0017247675,0.02094759,-28.236183,2.3857353,0.7952451,0.112,0.0,0.15360369,0.86999947,0.87999946,300800
hardzero_plus_depr__c0p52__z1p10__lam0p010__nu0p50__psi1p00,hardzero_plus_depr,0.05,30,94,0.0,2,0.26762977,0.26965123,1.0111285,0.0974701,0.0974701,1.0,0.0020214478,0.020739159,-25.92913,2.2245271,0.7415091,0.224,0.0,0.14195995,0.87999946,0.88999945,304000
hardzero_plus_depr__c0p52__z1p10__lam0p010__nu0p50__psi1p00,hardzero_plus_depr,0.05,30,95,0.0,2,0.26965123,0.27137834,1.075129,0.084114514,0.084114514,1.0,0.0017271065,0.0205328,-28.182693,2.3653312,0.78844374,0.17600001,0.0,0.16530053,0.88999945,0.89999944,307200
hardzero_plus_depr__c0p52__z1p10__lam0p010__nu0p50__psi1p00,hardzero_plus_depr,0.05,30,96,0.0,2,0.27137834,0.27350998,0.9793899,0.10486006,0.10486006,1.0,0.0021316472,0.020328496,-27.259066,2.1547008,0.7182336,0.15200001,0.0,0.16936405,0.89999944,0.90999943,310400
hardzero_plus_depr__c0p52__z1p10__lam0p010__nu0p50__psi1p00,hardzero_plus_depr,0.05,30,97,0.0,2,0.27350998,0.2754418,1.0177997,0.09598432,0.09598432,1.0,0.0019318018,0.020126224,-27.087555,2.2392042,0.7464014,0.128,0.0,0.16791148,0.90999943,0.9199994,313600
hardzero_plus_depr__c0p52__z1p10__lam0p010__nu0p50__psi1p00,hardzero_plus_depr,0.05,30,98,0.0,2,0.2754418,0.27742547,1.0019486,0.09955232,0.09955232,1.0,0.001983676,0.019925965,-26.801565,2.204331,0.734777,0.2,0.0,0.1540095,0.9199994,0.9299994,316800
hardzero_plus_depr__c0p52__z1p10__lam0p010__nu0p50__psi1p00,hardzero_plus_depr,0.05,30,99,0.0,2,0.27742547,0.2793179,1.0180603,0.09592673,0.09592673,1.0,0.0018924136,0.019727698,-26.72895,2.2397776,0.7465925,0.16800001,0.0,0.14216389,0.9299994,0.9399994,320000
hardzero_plus_depr__c0p52__z1p10__lam0p010__nu0p50__psi1p00,hardzero_plus_depr,0.05,30,100,0.0,2,0.2793179,0.28125468,1.003653,0.099162385,0.099162385,1.0,0.0019367806,0.019531405,-26.465174,2.2080808,0.73602694,0.216,0.0,0.1480465,0.9399994,0.9499994,323200
hardzero_plus_depr__c0p52__z1p10__lam0p010__nu0p50__psi1p00,hardzero_plus_depr,0.05,30,101,0.0,2,0.28125468,0.28306484,1.0286754,0.093610495,0.093610495,1.0,0.0018101521,0.019337064,-27.474075,2.2631311,0.75437707,0.128,0.0,0.16738422,0.9499994,0.9599994,326400
hardzero_plus_depr__c0p52__z1p10__lam0p010__nu0p50__psi1p00,hardzero_plus_depr,0.05,30,102,0.0,2,0.28306484,0.2849634,1.0036235,0.09916912,0.09916912,1.0,0.0018985587,0.019144656,-26.880184,2.2080157,0.73600525,0.192,0.0,0.15772186,0.9599994,0.9699994,329600
hardzero_plus_depr__c0p52__z1p10__lam0p010__nu0p50__psi1p00,hardzero_plus_depr,0.05,30,103,0.0,2,0.2849634,0.28669798,1.0385054,0.09151547,0.09151547,1.0,0.0017345991,0.018954163,-27.054926,2.2847576,0.7615859,0.128,0.0,0.15568137,0.9699994,0.97999936,332800
hardzero_plus_depr__c0p52__z1p10__lam0p010__nu0p50__psi1p00,hardzero_plus_depr,0.05,30,104,0.0,2,0.28669798,0.28862226,0.98909646,0.10254242,0.10254242,1.0,0.0019242667,0.018765567,-26.69912,2.1760557,0.7253519,0.21,0.0,0.17542468,0.97999936,0.98999935,336000
hardzero_plus_depr__c0p52__z1p10__lam0p010__nu0p50__psi1p00,hardzero_plus_depr,0.05,30,105,0.0,2,0.28862226,0.29037705,1.0247921,0.0944513,0.0944513,1.0,0.0017547964,0.018578848,-27.441902,2.2545877,0.7515292,0.2,0.0,0.18165839,0.98999935,0.99999934,339200
hardzero_plus_depr__c0p52__z1p10__lam0p010__nu0p50__psi1p00,hardzero_plus_depr,0.05,30,106,0.0,2,0.29037705,0.29236275,0.9667606,0.107954174,0.107954174,1.0,0.0019857076,0.018393986,-26.241924,2.1269157,0.7089719,0.192,0.0,0.14398149,0.99999934,1.0099994,342400
hardzero_plus_depr__c0p52__z1p10__lam0p010__nu0p50__psi1p00,hardzero_plus_depr,0.05,30,107,0.0,2,0.29236275,0.29391932,1.068161,0.08547498,0.08547498,1.0,0.0015565816,0.01821096,-27.912546,2.350001,0.7833337,0.14400001,0.0,0.14561482,1.0099994,1.0199994,345600
hardzero_plus_depr__c0p52__z1p10__lam0p010__nu0p50__psi1p00,hardzero_plus_depr,0.05,30,108,0.0,2,0.29391932,0.29551563,1.0528777,0.08853649,0.08853649,1.0,0.0015962917,0.018029759,-27.293888,2.3163772,0.7721257,0.136,0.0,0.1742582,1.0199994,1.0299994,348800
hardzero_plus_depr__c0p52__z1p10__lam0p010__nu0p50__psi1p00,hardzero_plus_depr,0.05,30,109,0.0,2,0.29551563,0.29705775,1.0635285,0.08639159,0.08639159,1.0,0.0015421209,0.01785036,-27.849148,2.3398094,0.7799365,0.18400002,0.0,0.17580026,1.0299994,1.0399994,352000
hardzero_plus_depr__c0p52__z1p10__lam0p010__nu0p50__psi1p00,hardzero_plus_depr,0.05,30,110,0.0,2,0.29705775,0.29882225,1.0006809,0.09984333,0.09984333,1.0,0.0017645058,0.017672746,-27.12733,2.201542,0.7338473,0.216,0.0,0.14440148,1.0399994,1.0499994,355200
hardzero_plus_depr__c0p52__z1p10__lam0p010__nu0p50__psi1p00,hardzero_plus_depr,0.05,30,111,0.0,2,0.29882225,0.30040836,1.0426317,0.090650104,0.090650104,1.0,0.0015860957,0.017496899,-27.546598,2.2938356,0.7646119,0.112,0.0,0.14968576,1.0499994,1.0599993,358400
hardzero_plus_depr__c0p52__z1p10__lam0p010__nu0p50__psi1p00,hardzero_plus_depr,0.05,30,112,0.0,2,0.30040836,0.30210945,1.0078949,0.09819855,0.09819855,1.0,0.001701074,0.017322801,-27.05335,2.217413,0.73913765,0.18400002,0.0,0.16438477,1.0599993,1.0699993,361600
hardzero_plus_depr__c0p52__z1p10__lam0p010__nu0p50__psi1p00,hardzero_plus_depr,0.05,30,113,0.0,2,0.30210945,0.30392358,0.9756083,0.105777115,0.105777115,1.0,0.0018141238,0.017150437,-26.05512,2.1463811,0.7154604,0.192,0.0,0.15250291,1.0699993,1.0799993,364800
hardzero_plus_depr__c0p52__z1p10__lam0p010__nu0p50__psi1p00,hardzero_plus_depr,0.05,30,114,0.0,2,0.30392358,0.30559558,1.0066975,0.09846967,0.09846967,1.0,0.001671994,0.016979787,-26.826572,2.214779,0.7382597,0.16800001,0.0,0.1513187,1.0799993,1.0899993,368000
hardzero_plus_depr__c0p52__z1p10__lam0p010__nu0p50__psi1p00,hardzero_plus_depr,0.05,30,115,0.0,2,0.30559558,0.30713367,1.038603,0.09149494,0.09149494,1.0,0.0015381065,0.016810836,-28.180944,2.2849722,0.7616574,0.14400001,0.0,0.18039882,1.0899993,1.0999993,371200
hardzero_plus_depr__c0p52__z1p10__lam0p010__nu0p50__psi1p00,hardzero_plus_depr,0.05,30,116,0.0,2,0.30713367,0.30877775,1.0053209,0.098782286,0.098782286,1.0,0.0016440895,0.016643565,-26.832962,2.2117503,0.7372501,0.2,0.0,0.1529657,1.0999993,1.1099993,374400
hardzero_plus_depr__c0p52__z1p10__lam0p010__nu0p50__psi1p00,hardzero_plus_depr,0.05,30,117,0.0,2,0.30877775,0.3103169,1.0296288,0.09340523,0.09340523,1.0,0.0015391278,0.016477961,-26.608393,2.2652285,0.75507617,0.12,0.0,0.17259194,1.1099993,1.1199993,377600
hardzero_plus_depr__c0p52__z1p10__lam0p010__nu0p50__psi1p00,hardzero_plus_depr,0.05,30,118,0.0,2,0.3103169,0.31199375,0.98806155,0.10278705,0.10278705,1.0,0.0016768681,0.016314002,-26.366655,2.1737788,0.7245929,0.18400002,0.0,0.1581059,1.1199993,1.1299993,380800
hardzero_plus_depr__c0p52__z1p10__lam0p010__nu0p50__psi1p00,hardzero_plus_depr,0.05,30,119,0.0,2,0.31199375,0.31351545,1.0258901,0.09421279,0.09421279,1.0,0.0015216945,0.016151676,-27.158443,2.2570033,0.7523345,0.14400001,0.0,0.16948836,1.1299993,1.1399993,384000
hardzero_plus_depr__c0p52__z1p10__lam0p010__nu0p50__psi1p00,hardzero_plus_depr,0.05,30,120,0.0,2,0.31351545,0.31495908,1.0444177,0.09027807,0.09027807,1.0,0.0014436332,0.015990963,-27.49434,2.297765,0.7659217,0.120000005,0.0,0.18024218,1.1399993,1.1499993,387200
hardzero_plus_depr__c0p52__z1p10__lam0p010__nu0p50__psi1p00,hardzero_plus_depr,0.05,30,121,0.0,2,0.31495908,0.31638578,1.0452043,0.09011472,0.09011472,1.0,0.0014266828,0.01583185,-27.585054,2.2994952,0.76649845,0.14400001,0.0,0.18276426,1.1499993,1.1599993,390400
hardzero_plus_depr__c0p52__z1p10__lam0p010__nu0p50__psi1p00,hardzero_plus_depr,0.05,30,122,0.0,2,0.31638578,0.317676,1.0845221,0.08231479,0.08231479,1.0,0.0012902285,0.015674321,-29.143154,2.3859963,0.79533213,0.136,0.0,0.16731647,1.1599993,1.1699992,393600
hardzero_plus_depr__c0p52__z1p10__lam0p010__nu0p50__psi1p00,hardzero_plus_depr,0.05,30,123,0.0,2,0.317676,0.31914178,1.0247834,0.0944532,0.0944532,1.0,0.0014657588,0.01551836,-26.955948,2.2545683,0.7515228,0.112,0.0,0.14767604,1.1699992,1.1799992,396800
hardzero_plus_depr__c0p52__z1p10__lam0p010__nu0p50__psi1p00,hardzero_plus_depr,0.05,30,124,0.0,2,0.31914178,0.32078406,0.97105306,0.10689242,0.10689242,1.0,0.0016422897,0.015363948,-26.12111,2.1363595,0.7121198,0.16800001,0.0,0.15421997,1.1799992,1.1899992,400000
hardzero_plus_depr__c0p52__z1p10__lam0p010__nu0p50__psi1p00,hardzero_plus_depr,0.05,30,125,0.0,2,0.32078406,0.3225629,0.9320244,0.11694337,0.11694337,1.0,0.0017788343,0.015211075,-25.802555,2.0504947,0.68349826,0.192,0.0,0.14926647,1.1899992,1.1999992,403200
hardzero_plus_depr__c0p52__z1p10__lam0p010__nu0p50__psi1p00,hardzero_plus_depr,0.05,30,126,0.0,2,0.3225629,0.32403326,1.0103929,0.09763534,0.09763534,1.0,0.0014703611,0.015059722,-26.658367,2.2229087,0.7409696,0.224,0.0,0.15968329,1.1999992,1.2099992,406400
hardzero_plus_depr__c0p52__z1p10__lam0p010__nu0p50__psi1p00,hardzero_plus_depr,0.05,30,127,0.0,2,0.32403326,0.32550064,1.0069344,0.09841596,0.09841596,1.0,0.0014673697,0.014909876,-26.784544,2.2152998,0.7384333,0.14400001,0.0,0.15051459,1.2099992,1.2199992,409600
hardzero_plus_depr__c0p52__z1p10__lam0p010__nu0p50__psi1p00,hardzero_plus_depr,0.05,30,128,0.0,2,0.32550064,0.32688737,1.027143,0.09394139,0.09394139,1.0,0.0013867177,0.01476152,-27.274387,2.2597597,0.7532532,0.17600001,0.0,0.14077817,1.2199992,1.2299992,412800
hardzero_plus_depr__c0p52__z1p10__lam0p010__nu0p50__psi1p00,hardzero_plus_depr,0.05,30,129,0.0,2,0.32688737,0.32833418,1.0043771,0.0989972,0.0989972,1.0,0.0014468085,0.014614641,-27.121126,2.209674,0.73655796,0.16800001,0.0,0.18510112,1.2299992,1.2399992,416000
hardzero_plus_depr__c0p52__z1p10__lam0p010__nu0p50__psi1p00,hardzero_plus_depr,0.05,30,130,0.0,2,0.32833418,0.3296915,1.027762,0.09380758,0.09380758,1.0,0.0013573229,0.014469224,-26.781607,2.2611217,0.7537073,0.17999999,0.0,0.16323616,1.2399992,1.2499992,419200
hardzero_plus_depr__c0p52__z1p10__lam0p010__nu0p50__psi1p00,hardzero_plus_depr,0.05,30,131,0.0,2,0.3296915,0.3311646,0.9878679,0.102832906,0.102832906,1.0,0.0014731074,0.014325253,-26.226728,2.1733527,0.72445095,0.15200001,0.0,0.17568015,1.2499992,1.2599992,422400
hardzero_plus_depr__c0p52__z1p10__lam0p010__nu0p50__psi1p00,hardzero_plus_depr,0.05,30,132,0.0,2,0.3311646,0.3325448,1.0118195,0.09731515,0.09731515,1.0,0.0013801929,0.014182714,-27.23144,2.2260473,0.7420158,0.18400002,0.0,0.15651555,1.2599992,1.2699991,425600
hardzero_plus_depr__c0p52__z1p10__lam0p010__nu0p50__psi1p00,hardzero_plus_depr,0.05,30,133,0.0,2,0.3325448,0.33382156,1.0413071,0.09092701,0.09092701,1.0,0.0012767602,0.014041594,-27.603037,2.2909214,0.7636405,0.16000001,0.0,0.17307228,1.2699991,1.2799991,428800
hardzero_plus_depr__c0p52__z1p10__lam0p010__nu0p50__psi1p00,hardzero_plus_depr,0.05,30,134,0.0,2,0.33382156,0.3351563,1.0176831,0.09601009,0.09601009,1.0,0.0013347205,0.013901877,-27.788994,2.2389476,0.7463159,0.15200001,0.0,0.15943933,1.2799991,1.2899991,432000
hardzero_plus_depr__c0p52__z1p10__lam0p010__nu0p50__psi1p00,hardzero_plus_depr,0.05,30,135,0.0,2,0.3351563,0.33649847,1.010924,0.09751602,0.09751602,1.0,0.0013421668,0.013763552,-27.081114,2.2240772,0.7413591,0.128,0.0,0.15158932,1.2899991,1.2999991,435200
hardzero_plus_depr__c0p52__z1p10__lam0p010__nu0p50__psi1p00,hardzero_plus_depr,0.05,30,136,0.0,2,0.33649847,0.33786738,0.9980141,0.10045831,0.10045831,1.0,0.0013689053,0.013626601,-26.730024,2.195675,0.73189163,0.24800001,0.0,0.14300743,1.2999991,1.3099991,438400
hardzero_plus_depr__c0p52__z1p10__lam0p010__nu0p50__psi1p00,hardzero_plus_depr,0.05,30,137,0.0,2,0.33786738,0.3392662,0.98428255,0.10368536,0.10368536,1.0,0.0013988207,0.013491015,-25.692131,2.1654649,0.72182167,0.15200001,0.0,0.14478026,1.3099991,1.3199991,441600
hardzero_plus_depr__c0p52__z1p10__lam0p010__nu0p50__psi1p00,hardzero_plus_depr,0.05,30,138,0.0,2,0.3392662,0.34035262,1.0897009,0.08133903,0.08133903,1.0,0.0010864272,0.013356777,-27.93361,2.39739,0.79912996,0.128,0.0,0.18574345,1.3199991,1.3299991,444800
hardzero_plus_depr__c0p52__z1p10__lam0p010__nu0p50__psi1p00,hardzero_plus_depr,0.05,30,139,0.0,2,0.34035262,0.34171948,0.9856398,0.10336183,0.10336183,1.0,0.0013668438,0.013223874,-26.518677,2.1684508,0.72281694,0.18400002,0.0,0.16319527,1.3299991,1.3399991,448000
hardzero_plus_depr__c0p52__z1p10__lam0p010__nu0p50__psi1p00,hardzero_plus_depr,0.05,30,140,0.0,2,0.34171948,0.34298494,1.0147606,0.09665836,0.09665836,1.0,0.0012654796,0.013092294,-27.186033,2.232518,0.7441727,0.192,0.0,0.17862791,1.3399991,1.3499991,451200
hardzero_plus_depr__c0p52__z1p10__lam0p010__nu0p50__psi1p00,hardzero_plus_depr,0.05,30,141,0.0,2,0.34298494,0.34419325,1.0304996,0.09321813,0.09321813,1.0,0.0012082957,0.012962024,-27.058655,2.2671444,0.75571483,0.18400002,0.0,0.15542768,1.3499991,1.3599991,454400
hardzero_plus_depr__c0p52__z1p10__lam0p010__nu0p50__psi1p00,hardzero_plus_depr,0.05,30,142,0.0,2,0.34419325,0.3452469,1.0856315,0.08210479,0.08210479,1.0,0.0010536549,0.012833051,-28.638084,2.388437,0.7961457,0.128,0.0,0.20040995,1.3599991,1.369999,457600
hardzero_plus_depr__c0p52__z1p10__lam0p010__nu0p50__psi1p00,hardzero_plus_depr,0.05,30,143,0.0,2,0.3452469,0.34652698,0.9967529,0.10075046,0.10075046,1.0,0.001280071,0.012705361,-26.400723,2.1929002,0.73096675,0.22,0.0,0.15728602,1.369999,1.379999,460800
hardzero_plus_depr__c0p52__z1p10__lam0p010__nu0p50__psi1p00,hardzero_plus_depr,0.05,30,144,0.0,2,0.34652698,0.34767738,1.0387999,0.091453455,0.091453455,1.0,0.0011503876,0.012578941,-27.19263,2.2854054,0.76180184,0.15200001,0.0,0.16287206,1.379999,1.389999,464000
hardzero_plus_depr__c0p52__z1p10__lam0p010__nu0p50__psi1p00,hardzero_plus_depr,0.05,30,145,0.0,2,0.34767738,0.34891188,1.0038095,0.09912667,0.09912667,1.0,0.0012345015,0.012453778,-27.035807,2.2084248,0.7361416,0.15200001,0.0,0.14110425,1.389999,1.399999,467200
hardzero_plus_depr__c0p52__z1p10__lam0p010__nu0p50__psi1p00,hardzero_plus_depr,0.05,30,146,0.0,2,0.34891188,0.35010403,1.0146285,0.09668774,0.09668774,1.0,0.0011921463,0.012329861,-27.79769,2.2322273,0.7440758,0.16000001,0.0,0.15564649,1.399999,1.409999,470400
hardzero_plus_depr__c0p52__z1p10__lam0p010__nu0p50__psi1p00,hardzero_plus_depr,0.05,30,147,0.0,2,0.35010403,0.35118893,1.0512239,0.08887428,0.08887428,1.0,0.001084904,0.012207176,-28.079197,2.3127387,0.7709129,0.112,0.0,0.16212456,1.409999,1.419999,473600
hardzero_plus_depr__c0p52__z1p10__lam0p010__nu0p50__psi1p00,hardzero_plus_depr,0.05,30,148,0.0,2,0.35118893,0.35236007,1.0136597,0.09690368,0.09690368,1.0,0.0011711501,0.012085713,-27.536068,2.2300959,0.7433653,0.16800001,0.0,0.15299454,1.419999,1.429999,476800
hardzero_plus_depr__c0p52__z1p10__lam0p010__nu0p50__psi1p00,hardzero_plus_depr,0.05,30,149,0.0,2,0.35236007,0.35347638,1.0301455,0.09329415,0.09329415,1.0,0.0011163073,0.011965459,-26.820696,2.2663655,0.7554552,0.2,0.0,0.15654653,1.429999,1.439999,480000
hardzero_plus_depr__c0p52__z1p10__lam0p010__nu0p50__psi1p00,hardzero_plus_depr,0.05,30,150,0.0,2,0.35347638,0.35466555,0.9983468,0.10038138,0.10038138,1.0,0.0011891581,0.011846401,-26.580223,2.1964068,0.73213565,0.16000001,0.0,0.18310727,1.439999,1.449999,483200
hardzero_plus_depr__c0p52__z1p10__lam0p010__nu0p50__psi1p00,hardzero_plus_depr,0.05,30,151,0.0,2,0.35466555,0.35572365,1.0447154,0.090216205,0.090216205,1.0,0.0010581032,0.011728527,-27.537186,2.2984197,0.7661399,0.17600001,0.0,0.17510884,1.449999,1.459999,486400
hardzero_plus_depr__c0p52__z1p10__lam0p010__nu0p50__psi1p00,hardzero_plus_depr,0.05,30,152,0.0,2,0.35572365,0.35572365,1.1030046,0.0,0.078885175,0.0,0.0,0.011611826,-29.344213,2.4266586,0.80888623,0.104,0.0,0.17486124,1.459999,1.469999,489600
hardzero_plus_depr__c0p52__z1p10__lam0p010__nu0p50__psi1p00,hardzero_plus_depr,0.05,30,153,0.0,2,0.35572365,0.35690764,0.9872137,0.10298792,0.10298792,1.0,0.0011839786,0.011496286,-26.96038,2.1719134,0.7239711,0.24800001,0.0,0.14540274,1.469999,1.479999,492800
hardzero_plus_depr__c0p52__z1p10__lam0p010__nu0p50__psi1p00,hardzero_plus_depr,0.05,30,154,0.0,2,0.35690764,0.35801527,1.0118166,0.0973158,0.0973158,1.0,0.0011076385,0.011381897,-26.472689,2.226041,0.7420137,0.23200001,0.0,0.16839765,1.479999,1.4899989,496000
hardzero_plus_depr__c0p52__z1p10__lam0p010__nu0p50__psi1p00,hardzero_plus_depr,0.05,30,155,0.0,2,0.35801527,0.35908872,1.021091,0.09525967,0.09525967,1.0,0.0010734473,0.011268645,-26.627234,2.246445,0.748815,0.120000005,0.0,0.16311443,1.4899989,1.4999989,499200
hardzero_plus_depr__c0p52__z1p10__lam0p010__nu0p50__psi1p00,hardzero_plus_depr,0.05,30,156,0.0,2,0.35908872,0.36016253,1.0165968,0.096250534,0.096250534,1.0,0.0010738211,0.011156521,-27.875929,2.2365577,0.7455193,0.13,0.0,0.15590256,1.4999989,1.5099989,502400
hardzero_plus_depr__c0p52__z1p10__lam0p010__nu0p50__psi1p00,hardzero_plus_depr,0.05,30,157,0.0,2,0.36016253,0.36127016,0.99878937,0.10027915,0.10027915,1.0,0.0011076345,0.011045511,-27.285511,2.1973805,0.7324602,0.224,0.008,0.17643042,1.5099989,1.5199989,505600
hardzero_plus_depr__c0p52__z1p10__lam0p010__nu0p50__psi1p00,hardzero_plus_depr,0.05,30,158,0.0,2,0.36127016,0.36243618,0.9721395,0.10662537,0.10662537,1.0,0.0011660132,0.010935607,-26.52089,2.1387496,0.71291655,0.16000001,0.0,0.13895847,1.5199989,1.5299989,508800
hardzero_plus_depr__c0p52__z1p10__lam0p010__nu0p50__psi1p00,hardzero_plus_depr,0.05,30,159,0.0,2,0.36243618,0.36343324,1.0357811,0.09209135,0.09209135,1.0,0.0009970543,0.010826795,-27.251493,2.278764,0.759588,0.16000001,0.0,0.18968613,1.5299989,1.5399989,512000
hardzero_plus_depr__c0p52__z1p10__lam0p010__nu0p50__psi1p00,hardzero_plus_depr,0.05,30,160,0.0,2,0.36343324,0.36448354,1.0088514,0.0979825,0.0979825,1.0,0.0010502811,0.010719067,-26.977722,2.2195175,0.7398392,0.14400001,0.0,0.1781701,1.5399989,1.5499989,515200
hardzero_plus_depr__c0p52__z1p10__lam0p010__nu0p50__psi1p00,hardzero_plus_depr,0.05,30,161,0.0,2,0.36448354,0.36538535,1.0707004,0.08497665,0.08497665,1.0,0.0009018071,0.0106124105,-28.110594,2.355588,0.785196,0.112,0.0,0.18781549,1.5499989,1.5599989,518400
hardzero_plus_depr__c0p52__z1p10__lam0p010__nu0p50__psi1p00,hardzero_plus_depr,0.05,30,162,0.0,2,0.36538535,0.3665529,0.95420015,0.111121945,0.111121945,1.0,0.0011675378,0.010506815,-25.71366,2.0992823,0.6997608,0.192,0.0,0.131046,1.5599989,1.5699989,521600
hardzero_plus_depr__c0p52__z1p10__lam0p010__nu0p50__psi1p00,hardzero_plus_depr,0.05,30,163,0.0,2,0.3665529,0.36750674,1.0376529,0.09169531,0.09169531,1.0,0.0009538394,0.010402271,-27.317486,2.2828817,0.7609606,0.208,0.0,0.1826017,1.5699989,1.5799989,524800
hardzero_plus_depr__c0p52__z1p10__lam0p010__nu0p50__psi1p00,hardzero_plus_depr,0.05,30,164,0.0,2,0.36750674,0.36847788,1.0255071,0.09429592,0.09429592,1.0,0.0009711316,0.010298766,-26.73275,2.2561607,0.7520536,0.17600001,0.0,0.14025363,1.5799989,1.5899988,528000
hardzero_plus_depr__c0p52__z1p10__lam0p010__nu0p50__psi1p00,hardzero_plus_depr,0.05,30,165,0.0,2,0.36847788,0.36944047,1.0250006,0.094405964,0.094405964,1.0,0.00096259086,0.010196293,-27.170656,2.2550464,0.75168216,0.112,0.0,0.15937424,1.5899988,1.5999988,531200
hardzero_plus_depr__c0p52__z1p10__lam0p010__nu0p50__psi1p00,hardzero_plus_depr,0.05,30,166,0.0,2,0.36944047,0.3702616,1.0896746,0.08134398,0.08134398,1.0,0.00082115433,0.010094838,-29.494543,2.397332,0.79911065,0.120000005,0.0,0.20407443,1.5999988,1.6099988,534400
hardzero_plus_depr__c0p52__z1p10__lam0p010__nu0p50__psi1p00,hardzero_plus_depr,0.05,30,167,0.0,2,0.3702616,0.37116075,1.0459361,0.089963,0.089963,1.0,0.0008991256,0.009994393,-27.904104,2.3011055,0.7670352,0.128,0.008,0.14438939,1.6099988,1.6199988,537600
hardzero_plus_depr__c0p52__z1p10__lam0p010__nu0p50__psi1p00,hardzero_plus_depr,0.05,30,168,0.0,2,0.37116075,0.37203065,1.055951,0.08791217,0.08791217,1.0,0.0008698863,0.0098949475,-28.307056,2.3231387,0.7743796,0.16000001,0.0,0.18369721,1.6199988,1.6299988,540800
hardzero_plus_depr__c0p52__z1p10__lam0p010__nu0p50__psi1p00,hardzero_plus_depr,0.05,30,169,0.0,2,0.37203065,0.37300193,1.0037239,0.09914621,0.09914621,1.0,0.0009712849,0.009796491,-27.248426,2.2082367,0.7360789,0.24,0.0,0.17338738,1.6299988,1.6399988,544000
hardzero_plus_depr__c0p52__z1p10__lam0p010__nu0p50__psi1p00,hardzero_plus_depr,0.05,30,170,0.0,2,0.37300193,0.37397906,0.9967762,0.100745045,0.100745045,1.0,0.0009771276,0.009699014,-26.560572,2.1929514,0.73098385,0.2,0.0,0.15193859,1.6399988,1.6499988,547200
hardzero_plus_depr__c0p52__z1p10__lam0p010__nu0p50__psi1p00,hardzero_plus_depr,0.05,30,171,0.0,2,0.37397906,0.37482214,1.0565183,0.08779741,0.08779741,1.0,0.0008430753,0.009602508,-28.093594,2.3243868,0.77479565,0.128,0.0,0.14595047,1.6499988,1.6599988,550400
hardzero_plus_depr__c0p52__z1p10__lam0p010__nu0p50__psi1p00,hardzero_plus_depr,0.05,30,172,0.0,2,0.37482214,0.37574816,1.0114288,0.09740273,0.09740273,1.0,0.0009260039,0.00950696,-27.438566,2.2251878,0.74172926,0.120000005,0.0,0.15495674,1.6599988,1.6699988,553600
hardzero_plus_depr__c0p52__z1p10__lam0p010__nu0p50__psi1p00,hardzero_plus_depr,0.05,30,173,0.0,2,0.37574816,0.3768211,0.94312,0.113993466,0.113993466,1.0,0.0010729481,0.009412365,-26.929459,2.0749054,0.69163513,0.16800001,0.0,0.14829847,1.6699988,1.6799988,556800
hardzero_plus_depr__c0p52__z1p10__lam0p010__nu0p50__psi1p00,hardzero_plus_depr,0.05,30,174,0.0,2,0.3768211,0.37771937,1.0159452,0.09639505,0.09639505,1.0,0.00089827756,0.00931871,-26.639185,2.235124,0.7450414,0.17600001,0.0,0.17820412,1.6799988,1.6899987,560000
hardzero_plus_depr__c0p52__z1p10__lam0p010__nu0p50__psi1p00,hardzero_plus_depr,0.05,30,175,0.0,2,0.37771937,0.37865224,0.9951939,0.10111279,0.10111279,1.0,0.00093286537,0.009225988,-26.076723,2.1894703,0.72982347,0.16800001,0.0,0.1445983,1.6899987,1.6999987,563200
hardzero_plus_depr__c0p52__z1p10__lam0p010__nu0p50__psi1p00,hardzero_plus_depr,0.05,30,176,0.0,2,0.37865224,0.37952366,1.0204372,0.09540314,0.09540314,1.0,0.00087143015,0.009134187,-27.078594,2.2450068,0.7483356,0.208,0.0,0.1822468,1.6999987,1.7099987,566400
hardzero_plus_depr__c0p52__z1p10__lam0p010__nu0p50__psi1p00,hardzero_plus_depr,0.05,30,177,0.0,2,0.37952366,0.3804316,0.9982795,0.10039694,0.10039694,1.0,0.0009079198,0.009043301,-27.182598,2.1962588,0.7320863,0.256,0.0,0.18022631,1.7099987,1.7199987,569600
hardzero_plus_depr__c0p52__z1p10__lam0p010__nu0p50__psi1p00,hardzero_plus_depr,0.05,30,178,0.0,2,0.3804316,0.38129798,1.0142807,0.09676523,0.09676523,1.0,0.00086637004,0.00895332,-27.272913,2.231462,0.74382067,0.216,0.0,0.1613255,1.7199987,1.7299987,572800
hardzero_plus_depr__c0p52__z1p10__lam0p010__nu0p50__psi1p00,hardzero_plus_depr,0.05,30,179,0.0,2,0.38129798,0.38206866,1.0607673,0.086942606,0.086942606,1.0,0.00077067944,0.008864232,-28.364302,2.3337348,0.7779116,0.120000005,0.0,0.16973358,1.7299987,1.7399987,576000
hardzero_plus_depr__c0p52__z1p10__lam0p010__nu0p50__psi1p00,hardzero_plus_depr,0.05,30,180,0.0,2,0.38206866,0.38296792,0.98941475,0.1024673,0.1024673,1.0,0.0008992562,0.008776031,-25.912546,2.176756,0.72558534,0.14400001,0.0,0.14878957,1.7399987,1.7499987,579200
hardzero_plus_depr__c0p52__z1p10__lam0p010__nu0p50__psi1p00,hardzero_plus_depr,0.05,30,181,0.0,2,0.38296792,0.38379738,1.0201669,0.09546258,0.09546258,1.0,0.0008294466,0.008688709,-27.233553,2.244412,0.74813735,0.192,0.0,0.18870647,1.7499987,1.7599987,582400
hardzero_plus_depr__c0p52__z1p10__lam0p010__nu0p50__psi1p00,hardzero_plus_depr,0.05,30,182,0.0,2,0.38379738,0.38463995,1.0090094,0.09794688,0.09794688,1.0,0.00084256404,0.008602255,-27.03104,2.2198648,0.73995495,0.17,0.0,0.1627282,1.7599987,1.7699987,585600
hardzero_plus_depr__c0p52__z1p10__lam0p010__nu0p50__psi1p00,hardzero_plus_depr,0.05,30,183,0.0,2,0.38463995,0.3854549,1.0191399,0.09568858,0.09568858,1.0,0.0008149472,0.008516661,-27.244007,2.2421525,0.7473842,0.16000001,0.0,0.1537454,1.7699987,1.7799987,588800
hardzero_plus_depr__c0p52__z1p10__lam0p010__nu0p50__psi1p00,hardzero_plus_depr,0.05,30,184,0.0,2,0.3854549,0.38631138,0.9932015,0.10157773,0.10157773,1.0,0.0008564952,0.008431919,-25.688314,2.185087,0.7283623,0.2,0.0,0.16958599,1.7799987,1.7899987,592000
hardzero_plus_depr__c0p52__z1p10__lam0p010__nu0p50__psi1p00,hardzero_plus_depr,0.05,30,185,0.0,2,0.38631138,0.38716018,0.9927817,0.10167595,0.10167595,1.0,0.00084879284,0.00834802,-26.349771,2.1841633,0.72805446,0.16000001,0.0,0.15547557,1.7899987,1.7999986,595200
hardzero_plus_depr__c0p52__z1p10__lam0p010__nu0p50__psi1p00,hardzero_plus_depr,0.05,30,186,0.0,2,0.38716018,0.38798347,1.0016892,0.0996118,0.0996118,1.0,0.0008232871,0.008264956,-26.321568,2.2037601,0.7345867,0.2,0.0,0.13272904,1.7999986,1.8099986,598400
hardzero_plus_depr__c0p52__z1p10__lam0p010__nu0p50__psi1p00,hardzero_plus_depr,0.05,30,187,0.0,2,0.38798347,0.3889166,0.9429445,0.11403953,0.11403953,1.0,0.0009331534,0.008182718,-25.738232,2.0745194,0.6915065,0.16000001,0.0,0.16270636,1.8099986,1.8199986,601600
hardzero_plus_depr__c0p52__z1p10__lam0p010__nu0p50__psi1p00,hardzero_plus_depr,0.05,30,188,0.0,2,0.3889166,0.38970163,1.0136663,0.09690222,0.09690222,1.0,0.0007850338,0.0081012985,-27.421282,2.2301104,0.7433702,0.14400001,0.0,0.16878423,1.8199986,1.8299986,604800
hardzero_plus_depr__c0p52__z1p10__lam0p010__nu0p50__psi1p00,hardzero_plus_depr,0.05,30,189,0.0,2,0.38970163,0.39048648,1.0094281,0.09785246,0.09785246,1.0,0.0007848442,0.00802069,-27.636784,2.2207863,0.74026215,0.15200001,0.0,0.17707382,1.8299986,1.8399986,608000
hardzero_plus_depr__c0p52__z1p10__lam0p010__nu0p50__psi1p00,hardzero_plus_depr,0.05,30,190,0.0,2,0.39048648,0.39133587,0.97075975,0.10696464,0.10696464,1.0,0.00084939366,0.007940883,-26.510681,2.135714,0.7119047,0.264,0.008,0.1433466,1.8399986,1.8499986,611200
hardzero_plus_depr__c0p52__z1p10__lam0p010__nu0p50__psi1p00,hardzero_plus_depr,0.05,30,191,0.0,2,0.39133587,0.39206785,1.0310286,0.09310465,0.09310465,1.0,0.0007319767,0.00786187,-26.685364,2.2683082,0.75610274,0.16000001,0.0,0.16462736,1.8499986,1.8599986,614400
hardzero_plus_depr__c0p52__z1p10__lam0p010__nu0p50__psi1p00,hardzero_plus_depr,0.05,30,192,0.0,2,0.39206785,0.39292416,0.9585522,0.11001395,0.11001395,1.0,0.00085630926,0.0077836425,-26.142366,2.108857,0.7029523,0.18400002,0.0,0.14523481,1.8599986,1.8699986,617600
hardzero_plus_depr__c0p52__z1p10__lam0p010__nu0p50__psi1p00,hardzero_plus_depr,0.05,30,193,0.0,2,0.39292416,0.39361054,1.0502799,0.089067675,0.089067675,1.0,0.00068637286,0.0077061947,-27.841768,2.3106618,0.77022064,0.136,0.0,0.16296785,1.8699986,1.8799986,620800
hardzero_plus_depr__c0p52__z1p10__lam0p010__nu0p50__psi1p00,hardzero_plus_depr,0.05,30,194,0.0,2,0.39361054,0.39428174,1.0556386,0.08797543,0.08797543,1.0,0.00067120994,0.007629516,-27.43914,2.322451,0.7741504,0.096,0.0,0.15491702,1.8799986,1.8899986,624000
hardzero_plus_depr__c0p52__z1p10__lam0p010__nu0p50__psi1p00,hardzero_plus_depr,0.05,30,195,0.0,2,0.39428174,0.39495715,1.0485847,0.08941603,0.08941603,1.0,0.000675413,0.007553601,-28.071384,2.3069324,0.7689775,0.099999994,0.0,0.15634075,1.8899986,1.8999985,627200
hardzero_plus_depr__c0p52__z1p10__lam0p010__nu0p50__psi1p00,hardzero_plus_depr,0.05,30,196,0.0,2,0.39495715,0.39561105,1.0583107,0.08743579,0.08743579,1.0,0.0006538835,0.007478442,-28.344746,2.32833,0.77611005,0.18400002,0.008,0.16638443,1.8999985,1.9099985,630400
hardzero_plus_depr__c0p52__z1p10__lam0p010__nu0p50__psi1p00,hardzero_plus_depr,0.05,30,197,0.0,2,0.39561105,0.39628145,1.0431404,0.09054398,0.09054398,1.0,0.0006703904,0.0074040303,-27.55287,2.2949548,0.76498497,0.128,0.0,0.16594534,1.9099985,1.9199985,633600
hardzero_plus_depr__c0p52__z1p10__lam0p010__nu0p50__psi1p00,hardzero_plus_depr,0.05,30,198,0.0,2,0.39628145,0.39692596,1.0558913,0.08792425,0.08792425,1.0,0.0006445163,0.007330359,-27.92844,2.323007,0.77433574,0.14400001,0.0,0.17504215,1.9199985,1.9299985,636800
hardzero_plus_depr__c0p52__z1p10__lam0p010__nu0p50__psi1p00,hardzero_plus_depr,0.05,30,199,0.0,2,0.39692596,0.39768296,0.98168415,0.10430758,0.10430758,1.0,0.00075700396,0.0072574206,-27.03524,2.1597483,0.7199161,0.15200001,0.0,0.16587794,1.9299985,1.9399985,640000
hardzero_plus_depr__c0p52__z1p10__lam0p010__nu0p50__psi1p00,hardzero_plus_depr,0.05,30,200,0.0,2,0.39768296,0.39843205,0.98191273,0.10425267,0.10425267,1.0,0.0007490772,0.007185208,-26.562078,2.1602511,0.7200837,0.17600001,0.0,0.17106166,1.9399985,1.9499985,643200
hardzero_plus_depr__c0p52__z1p10__lam0p010__nu0p50__psi1p00,hardzero_plus_depr,0.05,30,201,0.0,2,0.39843205,0.3991191,1.0150926,0.09658447,0.09658447,1.0,0.0006870744,0.0071137147,-26.379105,2.2332482,0.7444161,0.16000001,0.0,0.14921612,1.9499985,1.9599985,646400
hardzero_plus_depr__c0p52__z1p10__lam0p010__nu0p50__psi1p00,hardzero_plus_depr,0.05,30,202,0.0,2,0.3991191,0.39984,0.9898936,0.10235437,0.10235437,1.0,0.0007208749,0.007042932,-26.687647,2.1778095,0.72593653,0.17600001,0.0,0.15550993,1.9599985,1.9699985,649600
hardzero_plus_depr__c0p52__z1p10__lam0p010__nu0p50__psi1p00,hardzero_plus_depr,0.05,30,203,0.0,2,0.39984,0.40054858,0.9930262,0.10161874,0.10161874,1.0,0.0007085725,0.006972853,-25.842646,2.1847012,0.72823375,0.112,0.0,0.147541,1.9699985,1.9799985,652800
hardzero_plus_depr__c0p52__z1p10__lam0p010__nu0p50__psi1p00,hardzero_plus_depr,0.05,30,204,0.0,2,0.40054858,0.4011972,1.0270834,0.09395429,0.09395429,1.0,0.0006486109,0.006903473,-26.102165,2.2596285,0.75320953,0.14400001,0.0,0.13755512,1.9799985,1.9899985,656000
hardzero_plus_depr__c0p52__z1p10__lam0p010__nu0p50__psi1p00,hardzero_plus_depr,0.05,30,205,0.0,2,0.4011972,0.40181252,1.0456167,0.09002917,0.09002917,1.0,0.0006153298,0.006834782,-27.400604,2.3004029,0.766801,0.096,0.0,0.13172093,1.9899985,1.9999985,659200
hardzero_plus_depr__c0p52__z1p10__lam0p010__nu0p50__psi1p00,hardzero_plus_depr,0.05,30,206,0.0,2,0.40181252,0.40257764,0.9466574,0.113068745,0.113068745,1.0,0.0007651107,0.0067667747,-26.03673,2.0826879,0.6942293,0.2,0.0,0.16642883,1.9999985,2.0099986,662400
hardzero_plus_depr__c0p52__z1p10__lam0p010__nu0p50__psi1p00,hardzero_plus_depr,0.05,30,207,0.0,2,0.40257764,0.40330064,0.9668968,0.10792031,0.10792031,1.0,0.0007230061,0.006699444,-26.544876,2.1272154,0.7090718,0.14400001,0.0,0.14903873,2.0099986,2.0199986,665600
hardzero_plus_depr__c0p52__z1p10__lam0p010__nu0p50__psi1p00,hardzero_plus_depr,0.05,30,208,0.0,2,0.40330064,0.40386796,1.0678788,0.085530534,0.085530534,1.0,0.00056730554,0.0066327835,-27.882446,2.3493805,0.78312683,0.17,0.0,0.17179139,2.0199986,2.0299985,668800
hardzero_plus_depr__c0p52__z1p10__lam0p010__nu0p50__psi1p00,hardzero_plus_depr,0.05,30,209,0.0,2,0.40386796,0.40446478,1.0415192,0.09088262,0.09088262,1.0,0.00059680676,0.006566786,-28.487366,2.2913878,0.763796,0.17600001,0.0,0.1874753,2.0299985,2.0399985,672000
hardzero_plus_depr__c0p52__z1p10__lam0p010__nu0p50__psi1p00,hardzero_plus_depr,0.05,30,210,0.0,2,0.40446478,0.40501565,1.0719612,0.08473032,0.08473032,1.0,0.0005508695,0.006501445,-28.199863,2.3583617,0.7861206,0.120000005,0.0,0.16693959,2.0399985,2.0499985,675200
hardzero_plus_depr__c0p52__z1p10__lam0p010__nu0p50__psi1p00,hardzero_plus_depr,0.05,30,211,0.0,2,0.40501565,0.40561485,1.0310956,0.09309028,0.09309028,1.0,0.0005991993,0.006436755,-27.64815,2.2684557,0.7561519,0.16800001,0.0,0.15627238,2.0499985,2.0599985,678400
hardzero_plus_depr__c0p52__z1p10__lam0p010__nu0p50__psi1p00,hardzero_plus_depr,0.05,30,212,0.0,2,0.40561485,0.40618798,1.0460812,0.089932956,0.089932956,1.0,0.0005731165,0.0063727084,-27.419596,2.3014245,0.7671415,0.120000005,0.0,0.16518296,2.0599985,2.0699985,681600
hardzero_plus_depr__c0p52__z1p10__lam0p010__nu0p50__psi1p00,hardzero_plus_depr,0.05,30,213,0.0,2,0.40618798,0.4068598,0.9727305,0.10648036,0.10648036,1.0,0.00067181635,0.0063092983,-26.237844,2.14005,0.71335,0.128,0.0,0.1488949,2.0699985,2.0799985,684800
hardzero_plus_depr__c0p52__z1p10__lam0p010__nu0p50__psi1p00,hardzero_plus_depr,0.05,30,214,0.0,2,0.4068598,0.4074408,1.0314487,0.09301462,0.09301462,1.0,0.00058101764,0.0062465197,-27.914434,2.2692325,0.75641084,0.128,0.0,0.14935866,2.0799985,2.0899985,688000
hardzero_plus_depr__c0p52__z1p10__lam0p010__nu0p50__psi1p00,hardzero_plus_depr,0.05,30,215,0.0,2,0.4074408,0.4080591,1.0001209,0.09997217,0.09997217,1.0,0.00061826454,0.006184366,-26.549992,2.2003098,0.7334366,0.192,0.0,0.12934893,2.0899985,2.0999985,691200
hardzero_plus_depr__c0p52__z1p10__lam0p010__nu0p50__psi1p00,hardzero_plus_depr,0.05,30,216,0.0,2,0.4080591,0.4087024,0.9785239,0.10506936,0.10506936,1.0,0.0006433219,0.006122831,-26.167427,2.1527956,0.71759856,0.16000001,0.0,0.15003301,2.0999985,2.1099985,694400
hardzero_plus_depr__c0p52__z1p10__lam0p010__nu0p50__psi1p00,hardzero_plus_depr,0.05,30,217,0.0,2,0.4087024,0.40924963,1.0444279,0.09027596,0.09027596,1.0,0.00054724456,0.006061908,-27.80706,2.2977872,0.7659291,0.192,0.0,0.17281947,2.1099985,2.1199985,697600
hardzero_plus_depr__c0p52__z1p10__lam0p010__nu0p50__psi1p00,hardzero_plus_depr,0.05,30,218,0.0,2,0.40924963,0.40978855,1.046751,0.08979435,0.08979435,1.0,0.000538909,0.006001591,-27.597141,2.3028982,0.7676327,0.14400001,0.0,0.16994698,2.1199985,2.1299984,700800
hardzero_plus_depr__c0p52__z1p10__lam0p010__nu0p50__psi1p00,hardzero_plus_depr,0.05,30,219,0.0,2,0.40978855,0.4103763,1.004725,0.098917924,0.098917924,1.0,0.00058775785,0.005941874,-26.081139,2.2104392,0.73681307,0.16000001,0.0,0.14857744,2.1299984,2.1399984,704000
hardzero_plus_depr__c0p52__z1p10__lam0p010__nu0p50__psi1p00,hardzero_plus_depr,0.05,30,220,0.0,2,0.4103763,0.41096124,1.0024762,0.09943145,0.09943145,1.0,0.00058493053,0.0058827517,-26.528063,2.2054918,0.7351639,0.17600001,0.0,0.18446025,2.1399984,2.1499984,707200
hardzero_plus_depr__c0p52__z1p10__lam0p010__nu0p50__psi1p00,hardzero_plus_depr,0.05,30,221,0.0,2,0.41096124,0.4115997,0.96011335,0.1096192,0.1096192,1.0,0.000638446,0.005824217,-26.32696,2.1122916,0.7040972,0.16,0.0,0.18310417,2.1499984,2.1599984,710400
hardzero_plus_depr__c0p52__z1p10__lam0p010__nu0p50__psi1p00,hardzero_plus_depr,0.05,30,222,0.0,2,0.4115997,0.41208944,1.0709306,0.08493163,0.08493163,1.0,0.0004897383,0.005766265,-27.588614,2.3560944,0.7853648,0.17600001,0.0,0.15078768,2.1599984,2.1699984,713600
hardzero_plus_depr__c0p52__z1p10__lam0p010__nu0p50__psi1p00,hardzero_plus_depr,0.05,30,223,0.0,2,0.41208944,0.41264182,1.0143139,0.096757814,0.096757814,1.0,0.0005523797,0.00570889,-27.269257,2.2315352,0.7438451,0.16800001,0.0,0.17082846,2.1699984,2.1799984,716800
hardzero_plus_depr__c0p52__z1p10__lam0p010__nu0p50__psi1p00,hardzero_plus_depr,0.05,30,224,0.0,2,0.41264182,0.41314134,1.0536696,0.088375196,0.088375196,1.0,0.0004995042,0.005652086,-28.449924,2.3181193,0.77270645,0.18400002,0.0,0.1842542,2.1799984,2.1899984,720000
hardzero_plus_depr__c0p52__z1p10__lam0p010__nu0p50__psi1p00,hardzero_plus_depr,0.05,30,225,0.0,2,0.41314134,0.4136985,1.001898,0.099563904,0.099563904,1.0,0.00055714435,0.0055958466,-26.853376,2.2042198,0.73473996,0.136,0.0,0.14956838,2.1899984,2.1999984,723200
hardzero_plus_depr__c0p52__z1p10__lam0p010__nu0p50__psi1p00,hardzero_plus_depr,0.05,30,226,0.0,2,0.4136985,0.41422126,1.025213,0.094359785,0.094359785,1.0,0.00052276894,0.005540167,-27.33593,2.2555137,0.7518379,0.15200001,0.0,0.17347234,2.1999984,2.2099984,726400
hardzero_plus_depr__c0p52__z1p10__lam0p010__nu0p50__psi1p00,hardzero_plus_depr,0.05,30,227,0.0,2,0.41422126,0.41475436,1.0123694,0.09719203,0.09719203,1.0,0.00053310225,0.005485041,-26.667883,2.2272573,0.7424191,0.192,0.0,0.15543675,2.2099984,2.2199984,729600
hardzero_plus_depr__c0p52__z1p10__lam0p010__nu0p50__psi1p00,hardzero_plus_depr,0.05,30,228,0.0,2,0.41475436,0.4153197,0.98250854,0.10410976,0.10410976,1.0,0.0005653643,0.005430464,-26.409166,2.161562,0.7205207,0.16800001,0.0,0.1436555,2.2199984,2.2299984,732800
hardzero_plus_depr__c0p52__z1p10__lam0p010__nu0p50__psi1p00,hardzero_plus_depr,0.05,30,229,0.0,2,0.4153197,0.4158187,1.0324148,0.09280795,0.09280795,1.0,0.0004989755,0.0053764307,-27.431421,2.271358,0.75711936,0.080000006,0.0,0.16737045,2.2299984,2.2399983,736000
hardzero_plus_depr__c0p52__z1p10__lam0p010__nu0p50__psi1p00,hardzero_plus_depr,0.05,30,230,0.0,2,0.4158187,0.4163195,1.0264775,0.09408548,0.09408548,1.0,0.0005008108,0.005322934,-27.1284,2.2582955,0.7527652,0.2,0.0,0.15249677,2.2399983,2.2499983,739200
hardzero_plus_depr__c0p52__z1p10__lam0p010__nu0p50__psi1p00,hardzero_plus_depr,0.05,30,231,0.0,2,0.4163195,0.41685,0.9971193,0.1006655,0.1006655,1.0,0.0005305042,0.0052699703,-26.838255,2.1937063,0.73123544,0.16000001,0.0,0.15440159,2.2499983,2.2599983,742400
hardzero_plus_depr__c0p52__z1p10__lam0p010__nu0p50__psi1p00,hardzero_plus_depr,0.05,30,232,0.0,2,0.41685,0.41740212,0.97543794,0.105818614,0.105818614,1.0,0.0005521121,0.005217533,-26.55885,2.1460063,0.7153355,0.216,0.008,0.1463737,2.2599983,2.2699983,745600
hardzero_plus_depr__c0p52__z1p10__lam0p010__nu0p50__psi1p00,hardzero_plus_depr,0.05,30,233,0.0,2,0.41740212,0.4178317,1.0800852,0.083160065,0.083160065,1.0,0.00042957312,0.005165618,-28.648731,2.3762348,0.79207826,0.128,0.0,0.18353264,2.2699983,2.2799983,748800
hardzero_plus_depr__c0p52__z1p10__lam0p010__nu0p50__psi1p00,hardzero_plus_depr,0.05,30,234,0.0,2,0.4178317,0.41829643,1.0415741,0.09087112,0.09087112,1.0,0.00046473483,0.005114219,-26.994564,2.291509,0.7638363,0.089999996,0.0,0.1672286,2.2799983,2.2899983,752000
hardzero_plus_depr__c0p52__z1p10__lam0p010__nu0p50__psi1p00,hardzero_plus_depr,0.05,30,235,0.0,2,0.41829643,0.4187563,1.0417916,0.09082564,0.09082564,1.0,0.0004598804,0.005063332,-27.295595,2.2919872,0.76399577,0.096,0.0,0.13197304,2.2899983,2.2999983,755200
hardzero_plus_depr__c0p52__z1p10__lam0p010__nu0p50__psi1p00,hardzero_plus_depr,0.05,30,236,0.0,2,0.4187563,0.41927388,0.98611945,0.10324775,0.10324775,1.0,0.0005175759,0.005012951,-27.371851,2.169506,0.72316873,0.15200001,0.0,0.16435303,2.2999983,2.3099983,758400
hardzero_plus_depr__c0p52__z1p10__lam0p010__nu0p50__psi1p00,hardzero_plus_depr,0.05,30,237,0.0,2,0.41927388,0.4197405,1.026803,0.09401495,0.09401495,1.0,0.0004666029,0.0049630716,-27.390364,2.2590117,0.75300395,0.16800001,0.0,0.1547631,2.3099983,2.3199983,761600
hardzero_plus_depr__c0p52__z1p10__lam0p010__nu0p50__psi1p00,hardzero_plus_depr,0.05,30,238,0.0,2,0.4197405,0.42023343,0.99863064,0.1003158,0.1003158,1.0,0.0004929205,0.0049136877,-27.222937,2.1970313,0.7323438,0.216,0.0,0.16714166,2.3199983,2.3299983,764800
hardzero_plus_depr__c0p52__z1p10__lam0p010__nu0p50__psi1p00,hardzero_plus_depr,0.05,30,239,0.0,2,0.42023343,0.4206948,1.0230186,0.09483777,0.09483777,1.0,0.0004613664,0.004864796,-27.152822,2.250686,0.75022864,0.2,0.0,0.16260596,2.3299983,2.3399982,768000
hardzero_plus_depr__c0p52__z1p10__lam0p010__nu0p50__psi1p00,hardzero_plus_depr,0.05,30,240,0.0,2,0.4206948,0.42117724,0.99928755,0.10016419,0.10016419,1.0,0.0004824298,0.00481639,-27.068743,2.1984766,0.7328255,0.16000001,0.0,0.15786207,2.3399982,2.3499982,771200
hardzero_plus_depr__c0p52__z1p10__lam0p010__nu0p50__psi1p00,hardzero_plus_depr,0.05,30,241,0.0,2,0.42117724,0.42172763,0.9377029,0.11542425,0.11542425,1.0,0.0005503967,0.0047684666,-25.641487,2.0629876,0.68766254,0.16800001,0.0,0.15442418,2.3499982,2.3599982,774400
hardzero_plus_depr__c0p52__z1p10__lam0p010__nu0p50__psi1p00,hardzero_plus_depr,0.05,30,242,0.0,2,0.42172763,0.4221517,1.0465735,0.089831054,0.089831054,1.0,0.0004240942,0.00472102,-27.48579,2.3025076,0.76750255,0.128,0.0,0.16222847,2.3599982,2.3699982,777600
hardzero_plus_depr__c0p52__z1p10__lam0p010__nu0p50__psi1p00,hardzero_plus_depr,0.05,30,243,0.0,2,0.4221517,0.4225377,1.0830982,0.08258512,0.08258512,1.0,0.00038600655,0.004674045,-27.677526,2.3828635,0.79428786,0.096,0.0,0.17443387,2.3699982,2.3799982,780800
hardzero_plus_depr__c0p52__z1p10__lam0p010__nu0p50__psi1p00,hardzero_plus_depr,0.05,30,244,0.0,2,0.4225377,0.4229543,1.0456542,0.09002142,0.09002142,1.0,0.00041657747,0.0046275374,-26.874268,2.3004851,0.7668284,0.104,0.0,0.16404705,2.3799982,2.3899982,784000
hardzero_plus_depr__c0p52__z1p10__lam0p010__nu0p50__psi1p00,hardzero_plus_depr,0.05,30,245,0.0,2,0.4229543,0.4233415,1.0730478,0.0845186,0.0845186,1.0,0.0003872213,0.0045814924,-27.061958,2.360752,0.7869174,0.120000005,0.0,0.15863065,2.3899982,2.3999982,787200
hardzero_plus_depr__c0p52__z1p10__lam0p010__nu0p50__psi1p00,hardzero_plus_depr,0.05,30,246,0.0,2,0.4233415,0.4237786,1.0160973,0.096361294,0.096361294,1.0,0.00043708578,0.004535906,-27.303167,2.2354586,0.7451529,0.120000005,0.0,0.15804175,2.3999982,2.4099982,790400
hardzero_plus_depr__c0p52__z1p10__lam0p010__nu0p50__psi1p00,hardzero_plus_depr,0.05,30,247,0.0,2,0.4237786,0.42417064,1.0589877,0.0872996,0.0872996,1.0,0.0003920427,0.004490773,-27.27081,2.3298194,0.7766065,0.17999999,0.0,0.14926046,2.4099982,2.4199982,793600
hardzero_plus_depr__c0p52__z1p10__lam0p010__nu0p50__psi1p00,hardzero_plus_depr,0.05,30,248,0.0,2,0.42417064,0.4245629,1.0544195,0.08822272,0.08822272,1.0,0.00039224606,0.004446089,-28.100927,2.3197694,0.7732565,0.128,0.0,0.18803655,2.4199982,2.4299982,796800
hardzero_plus_depr__c0p52__z1p10__lam0p010__nu0p50__psi1p00,hardzero_plus_depr,0.05,30,249,0.0,2,0.4245629,0.4250089,0.99430627,0.10131967,0.10131967,1.0,0.00044599394,0.0044018496,-26.583658,2.1875174,0.72917247,0.136,0.0,0.14070432,2.4299982,2.4399981,800000
hardzero_plus_depr__c0p52__z1p10__lam0p010__nu0p50__psi1p00,hardzero_plus_depr,0.05,30,250,0.0,2,0.4250089,0.4254221,1.0231156,0.09481659,0.09481659,1.0,0.00041321546,0.0043580504,-26.364388,2.2508993,0.7502998,0.128,0.0,0.15460011,2.4399981,2.4499981,803200
hardzero_plus_depr__c0p52__z1p10__lam0p010__nu0p50__psi1p00,hardzero_plus_depr,0.05,30,251,0.0,2,0.4254221,0.42584312,1.0106416,0.09757945,0.09757945,1.0,0.0004210248,0.004314687,-26.920912,2.223456,0.741152,0.16000001,0.0,0.17167626,2.4499981,2.4599981,806400
hardzero_plus_depr__c0p52__z1p10__lam0p010__nu0p50__psi1p00,hardzero_plus_depr,0.05,30,252,0.0,2,0.42584312,0.42622903,1.0441272,0.09033848,0.09033848,1.0,0.0003859039,0.0042717555,-28.436003,2.2971258,0.7657086,0.14400001,0.0,0.17905104,2.4599981,2.4699981,809600
hardzero_plus_depr__c0p52__z1p10__lam0p010__nu0p50__psi1p00,hardzero_plus_depr,0.05,30,253,0.0,2,0.42622903,0.42663634,1.0163282,0.09631008,0.09631008,1.0,0.0004073195,0.004229251,-26.133102,2.2359667,0.7453222,0.208,0.0,0.15839252,2.4699981,2.479998,812800
hardzero_plus_depr__c0p52__z1p10__lam0p010__nu0p50__psi1p00,hardzero_plus_depr,0.05,30,254,0.0,2,0.42663634,0.42704597,1.0095237,0.09783094,0.09783094,1.0,0.00040963473,0.0041871695,-26.39299,2.2209966,0.74033225,0.18400002,0.0,0.16366504,2.479998,2.489998,816000
hardzero_plus_depr__c0p52__z1p10__lam0p010__nu0p50__psi1p00,hardzero_plus_depr,0.05,30,255,0.0,2,0.42704597,0.4274626,0.99783486,0.10049977,0.10049977,1.0,0.00041662244,0.0041455063,-26.694149,2.1952806,0.7317602,0.16000001,0.0,0.17534661,2.489998,2.499998,819200
hardzero_plus_depr__c0p52__z1p10__lam0p010__nu0p50__psi1p00,hardzero_plus_depr,0.05,30,256,0.0,2,0.4274626,0.4278473,1.0281413,0.0937257,0.0937257,1.0,0.00038467447,0.004104258,-27.396637,2.261956,0.75398535,0.136,0.0,0.15523028,2.499998,2.509998,822400
hardzero_plus_depr__c0p52__z1p10__lam0p010__nu0p50__psi1p00,hardzero_plus_depr,0.05,30,257,0.0,2,0.4278473,0.4282444,1.0099792,0.09772838,0.09772838,1.0,0.0003971114,0.0040634195,-26.911442,2.2219987,0.7406663,0.192,0.0,0.150825,2.509998,2.519998,825600
hardzero_plus_depr__c0p52__z1p10__lam0p010__nu0p50__psi1p00,hardzero_plus_depr,0.05,30,258,0.0,2,0.4282444,0.42858085,1.077634,0.083630756,0.083630756,1.0,0.00033644558,0.0040229885,-28.013254,2.3708422,0.79028076,0.14400001,0.0,0.15622424,2.519998,2.529998,828800
hardzero_plus_depr__c0p52__z1p10__lam0p010__nu0p50__psi1p00,hardzero_plus_depr,0.05,30,259,0.0,2,0.42858085,0.4289869,0.9916329,0.10194526,0.10194526,1.0,0.00040604378,0.003982959,-26.715612,2.1816359,0.72721195,0.192,0.0,0.17371142,2.529998,2.539998,832000
hardzero_plus_depr__c0p52__z1p10__lam0p010__nu0p50__psi1p00,hardzero_plus_depr,0.05,30,260,0.0,2,0.4289869,0.42935553,1.0292891,0.09347831,0.09347831,1.0,0.00036861555,0.0039433273,-26.896309,2.2644813,0.75482714,0.17,0.0,0.15406811,2.539998,2.549998,835200
hardzero_plus_depr__c0p52__z1p10__lam0p010__nu0p50__psi1p00,hardzero_plus_depr,0.05,30,261,0.0,2,0.42935553,0.42973283,1.0148389,0.096640915,0.096640915,1.0,0.00037729493,0.003904091,-27.118862,2.2326903,0.74423015,0.216,0.0,0.1711966,2.549998,2.559998,838400
hardzero_plus_depr__c0p52__z1p10__lam0p010__nu0p50__psi1p00,hardzero_plus_depr,0.05,30,262,0.0,2,0.42973283,0.43011454,1.0054555,0.09875167,0.09875167,1.0,0.00038169936,0.0038652446,-26.782864,2.2120464,0.7373488,0.112,0.0,0.14219606,2.559998,2.569998,841600
hardzero_plus_depr__c0p52__z1p10__lam0p010__nu0p50__psi1p00,hardzero_plus_depr,0.05,30,263,0.0,2,0.43011454,0.43052673,0.96774393,0.10771001,0.10771001,1.0,0.00041218303,0.0038267847,-25.909403,2.129079,0.7096931,0.14400001,0.0,0.14086264,2.569998,2.579998,844800
hardzero_plus_depr__c0p52__z1p10__lam0p010__nu0p50__psi1p00,hardzero_plus_depr,0.05,30,264,0.0,2,0.43052673,0.43093914,0.9631784,0.1088483,0.1088483,1.0,0.00041239438,0.0037887075,-26.570688,2.1190348,0.70634496,0.18400002,0.0,0.13455932,2.579998,2.589998,848000
hardzero_plus_depr__c0p52__z1p10__lam0p010__nu0p50__psi1p00,hardzero_plus_depr,0.05,30,265,0.0,2,0.43093914,0.43125919,1.0689528,0.08531929,0.08531929,1.0,0.00032003346,0.0037510095,-27.91925,2.3517432,0.78391445,0.14400001,0.0,0.16942722,2.589998,2.599998,851200
hardzero_plus_depr__c0p52__z1p10__lam0p010__nu0p50__psi1p00,hardzero_plus_depr,0.05,30,266,0.0,2,0.43125919,0.43161964,1.0129569,0.097060636,0.097060636,1.0,0.00036045277,0.0037136865,-26.584068,2.2285495,0.7428498,0.14400001,0.0,0.16029182,2.599998,2.609998,854400
hardzero_plus_depr__c0p52__z1p10__lam0p010__nu0p50__psi1p00,hardzero_plus_depr,0.05,30,267,0.0,2,0.43161964,0.4319911,0.99557155,0.1010249,0.1010249,1.0,0.0003714418,0.0036767349,-27.328848,2.1903012,0.7301004,0.16000001,0.0,0.15246545,2.609998,2.619998,857600
hardzero_plus_depr__c0p52__z1p10__lam0p010__nu0p50__psi1p00,hardzero_plus_depr,0.05,30,268,0.0,2,0.4319911,0.43236253,0.99123114,0.10203961,0.10203961,1.0,0.00037143956,0.0036401507,-26.634115,2.180752,0.7269174,0.15200001,0.0,0.1522716,2.619998,2.629998,860800
hardzero_plus_depr__c0p52__z1p10__lam0p010__nu0p50__psi1p00,hardzero_plus_depr,0.05,30,269,0.0,2,0.43236253,0.4327376,0.98268855,0.104066625,0.104066625,1.0,0.00037504887,0.0036039304,-26.342232,2.161958,0.7206527,0.128,0.0,0.1325219,2.629998,2.639998,864000
hardzero_plus_depr__c0p52__z1p10__lam0p010__nu0p50__psi1p00,hardzero_plus_depr,0.05,30,270,0.0,2,0.4327376,0.43304777,1.0608144,0.08693317,0.08693317,1.0,0.0003101837,0.0035680707,-28.0685,2.3338382,0.7779461,0.104,0.0,0.16444626,2.639998,2.649998,867200
hardzero_plus_depr__c0p52__z1p10__lam0p010__nu0p50__psi1p00,hardzero_plus_depr,0.05,30,271,0.0,2,0.43304777,0.43338266,1.0231873,0.09480095,0.09480095,1.0,0.0003348908,0.003532568,-26.752396,2.251057,0.7503523,0.15200001,0.0,0.14944516,2.649998,2.659998,870400
hardzero_plus_depr__c0p52__z1p10__lam0p010__nu0p50__psi1p00,hardzero_plus_depr,0.05,30,272,0.0,2,0.43338266,0.4336894,1.0569947,0.08770115,0.08770115,1.0,0.00030672763,0.0034974185,-27.546455,2.3254347,0.77514493,0.16800001,0.0,0.16375464,2.659998,2.669998,873600
hardzero_plus_depr__c0p52__z1p10__lam0p010__nu0p50__psi1p00,hardzero_plus_depr,0.05,30,273,0.0,2,0.4336894,0.43406835,0.9607878,0.10944912,0.10944912,1.0,0.0003789805,0.0034626182,-25.897856,2.1137753,0.70459175,0.21,0.0,0.15181793,2.669998,2.679998,876800
hardzero_plus_depr__c0p52__z1p10__lam0p010__nu0p50__psi1p00,hardzero_plus_depr,0.05,30,274,0.0,2,0.43406835,0.43441582,0.9941479,0.10135661,0.10135661,1.0,0.00034746717,0.0034281649,-26.362436,2.187169,0.72905636,0.18400002,0.0,0.16816911,2.679998,2.689998,880000
hardzero_plus_depr__c0p52__z1p10__lam0p010__nu0p50__psi1p00,hardzero_plus_depr,0.05,30,275,0.0,2,0.43441582,0.4347392,1.0210181,0.095275626,0.095275626,1.0,0.00032337065,0.0033940542,-27.797928,2.2462847,0.7487616,0.16800001,0.0,0.17169833,2.689998,2.699998,883200
hardzero_plus_depr__c0p52__z1p10__lam0p010__nu0p50__psi1p00,hardzero_plus_depr,0.05,30,276,0.0,2,0.4347392,0.43502384,1.0720975,0.08470371,0.08470371,1.0,0.00028462842,0.0033602826,-28.503805,2.3586617,0.78622055,0.120000005,0.0,0.1768692,2.699998,2.709998,886400
hardzero_plus_depr__c0p52__z1p10__lam0p010__nu0p50__psi1p00,hardzero_plus_depr,0.05,30,277,0.0,2,0.43502384,0.435301,1.0792812,0.083314165,0.083314165,1.0,0.00027717353,0.0033268475,-27.893618,2.3744662,0.79148877,0.16000001,0.0,0.17560239,2.709998,2.719998,889600
hardzero_plus_depr__c0p52__z1p10__lam0p010__nu0p50__psi1p00,hardzero_plus_depr,0.05,30,278,0.0,2,0.435301,0.4355902,1.0564754,0.087806076,0.087806076,1.0,0.00028921082,0.003293745,-28.057772,2.3242924,0.7747642,0.136,0.0,0.15477262,2.719998,2.7299979,892800
hardzero_plus_depr__c0p52__z1p10__lam0p010__nu0p50__psi1p00,hardzero_plus_depr,0.05,30,279,0.0,2,0.4355902,0.43585268,1.0942627,0.08048914,0.08048914,1.0,0.0002624728,0.0032609717,-28.092539,2.407426,0.8024754,0.128,0.0,0.16666575,2.7299979,2.7399979,896000
hardzero_plus_depr__c0p52__z1p10__lam0p010__nu0p50__psi1p00,hardzero_plus_depr,0.05,30,280,0.0,2,0.43585268,0.43618268,0.9904785,0.10221661,0.10221661,1.0,0.00033000883,0.0032285245,-25.880716,2.1790962,0.72636545,0.16800001,0.0,0.15615523,2.7399979,2.7499979,899200
hardzero_plus_depr__c0p52__z1p10__lam0p010__nu0p50__psi1p00,hardzero_plus_depr,0.05,30,281,0.0,2,0.43618268,0.4364983,1.00547,0.09874838,0.09874838,1.0,0.00031563934,0.0031964001,-26.707764,2.2120783,0.73735946,0.2,0.0,0.14755233,2.7499979,2.7599978,902400
hardzero_plus_depr__c0p52__z1p10__lam0p010__nu0p50__psi1p00,hardzero_plus_depr,0.05,30,282,0.0,2,0.4364983,0.43679857,1.0228354,0.0948778,0.0948778,1.0,0.0003002498,0.003164595,-27.010822,2.2502828,0.7500943,0.18400002,0.0,0.19222303,2.7599978,2.7699978,905600
hardzero_plus_depr__c0p52__z1p10__lam0p010__nu0p50__psi1p00,hardzero_plus_depr,0.05,30,283,0.0,2,0.43679857,0.4371309,0.9744266,0.10606531,0.10606531,1.0,0.00033231397,0.003133107,-26.198647,2.1437814,0.7145938,0.16800001,0.0,0.14271602,2.7699978,2.7799978,908800
hardzero_plus_depr__c0p52__z1p10__lam0p010__nu0p50__psi1p00,hardzero_plus_depr,0.05,30,284,0.0,2,0.4371309,0.43742317,1.0258275,0.09422635,0.09422635,1.0,0.00029228374,0.0031019321,-26.710567,2.2568655,0.7522885,0.16800001,0.0,0.1435947,2.7799978,2.7899978,912000
hardzero_plus_depr__c0p52__z1p10__lam0p010__nu0p50__psi1p00,hardzero_plus_depr,0.05,30,285,0.0,2,0.43742317,0.43773925,0.9875022,0.10291951,0.10291951,1.0,0.00031607275,0.0030710674,-26.341862,2.1725483,0.7241828,0.14400001,0.0,0.15079124,2.7899978,2.7999978,915200
hardzero_plus_depr__c0p52__z1p10__lam0p010__nu0p50__psi1p00,hardzero_plus_depr,0.05,30,286,0.0,2,0.43773925,0.43803683,1.0093524,0.09786952,0.09786952,1.0,0.00029757325,0.0030405098,-26.70469,2.2206197,0.7402066,0.14999999,0.0,0.1427636,2.7999978,2.8099978,918400
hardzero_plus_depr__c0p52__z1p10__lam0p010__nu0p50__psi1p00,hardzero_plus_depr,0.05,30,287,0.0,2,0.43803683,0.43835935,0.97004145,0.1071417,0.1071417,1.0,0.000322524,0.0030102562,-26.494308,2.1341338,0.711378,0.2,0.0,0.14436643,2.8099978,2.8199978,921600
hardzero_plus_depr__c0p52__z1p10__lam0p010__nu0p50__psi1p00,hardzero_plus_depr,0.05,30,288,0.0,2,0.43835935,0.43860534,1.0833702,0.08253341,0.08253341,1.0,0.00024597463,0.0029803037,-27.809372,2.383462,0.79448736,0.096,0.0,0.19055934,2.8199978,2.8299978,924800
hardzero_plus_depr__c0p52__z1p10__lam0p010__nu0p50__psi1p00,hardzero_plus_depr,0.05,30,289,0.0,2,0.43860534,0.4389211,0.9705868,0.10700724,0.10700724,1.0,0.00031574088,0.0029506495,-26.806946,2.1353335,0.71177787,0.16800001,0.0,0.1597081,2.8299978,2.8399978,928000
hardzero_plus_depr__c0p52__z1p10__lam0p010__nu0p50__psi1p00,hardzero_plus_depr,0.05,30,290,0.0,2,0.4389211,0.43918216,1.0488032,0.08937103,0.08937103,1.0,0.0002610787,0.00292129,-27.971869,2.307413,0.76913774,0.15200001,0.0,0.14610751,2.8399978,2.8499978,931200
hardzero_plus_depr__c0p52__z1p10__lam0p010__nu0p50__psi1p00,hardzero_plus_depr,0.05,30,291,0.0,2,0.43918216,0.439413,1.0979145,0.07981517,0.07981517,1.0,0.00023084326,0.0028922227,-28.317276,2.41546,0.80515337,0.120000005,0.0,0.17974854,2.8499978,2.8599977,934400
hardzero_plus_depr__c0p52__z1p10__lam0p010__nu0p50__psi1p00,hardzero_plus_depr,0.05,30,292,0.0,2,0.439413,0.439711,0.98270017,0.104063824,0.104063824,1.0,0.00029798097,0.0028634444,-27.284645,2.1619835,0.72066116,0.16800001,0.0,0.16057989,2.8599977,2.8699977,937600
hardzero_plus_depr__c0p52__z1p10__lam0p010__nu0p50__psi1p00,hardzero_plus_depr,0.05,30,293,0.0,2,0.439711,0.4399695,1.0400852,0.0911832,0.0911832,1.0,0.00025850008,0.002834953,-28.103065,2.288233,0.76274437,0.208,0.0,0.18182775,2.8699977,2.8799977,940800
hardzero_plus_depr__c0p52__z1p10__lam0p010__nu0p50__psi1p00,hardzero_plus_depr,0.05,30,294,0.0,2,0.4399695,0.44024268,1.0117913,0.09732146,0.09732146,1.0,0.00027315647,0.0028067445,-26.962992,2.2259855,0.7419952,0.18400002,0.0,0.18502124,2.8799977,2.8899977,944000
hardzero_plus_depr__c0p52__z1p10__lam0p010__nu0p50__psi1p00,hardzero_plus_depr,0.05,30,295,0.0,2,0.44024268,0.44048348,1.0621929,0.08665768,0.08665768,1.0,0.00024080584,0.002778817,-27.271744,2.3368711,0.77895707,0.15200001,0.0,0.19270878,2.8899977,2.8999977,947200
hardzero_plus_depr__c0p52__z1p10__lam0p010__nu0p50__psi1p00,hardzero_plus_depr,0.05,30,296,0.0,2,0.44048348,0.44075957,0.99847174,0.100352526,0.100352526,1.0,0.0002760866,0.0027511674,-26.555761,2.1966817,0.73222727,0.216,0.0,0.1536309,2.8999977,2.9099977,950400
hardzero_plus_depr__c0p52__z1p10__lam0p010__nu0p50__psi1p00,hardzero_plus_depr,0.05,30,297,0.0,2,0.44075957,0.44101757,1.0235511,0.094721556,0.094721556,1.0,0.00025800188,0.0027237928,-26.649323,2.2518575,0.7506192,0.17600001,0.0,0.16982397,2.9099977,2.9199977,953600
hardzero_plus_depr__c0p52__z1p10__lam0p010__nu0p50__psi1p00,hardzero_plus_depr,0.05,30,298,0.0,2,0.44101757,0.4412625,1.041749,0.09083453,0.09083453,1.0,0.00024495262,0.0026966906,-27.866095,2.2918935,0.76396453,0.16000001,0.0,0.15495837,2.9199977,2.9299977,956800
hardzero_plus_depr__c0p52__z1p10__lam0p010__nu0p50__psi1p00,hardzero_plus_depr,0.05,30,299,0.0,2,0.4412625,0.44152707,1.003986,0.09908638,0.09908638,1.0,0.0002645466,0.0026698583,-28.111712,2.2088132,0.7362711,0.17999999,0.0,0.15403688,2.9299977,2.9399977,960000
hardzero_plus_depr__c0p52__z1p10__lam0p010__nu0p50__psi1p00,hardzero_plus_depr,0.05,30,300,0.0,2,0.44152707,0.44181025,0.9700603,0.107137054,0.107137054,1.0,0.0002831946,0.0026432928,-26.924414,2.1341753,0.7113918,0.17600001,0.0,0.19181374,2.9399977,2.9499977,963200
hardzero_plus_depr__c0p52__z1p10__lam0p010__nu0p50__psi1p00,hardzero_plus_depr,0.05,30,301,0.0,2,0.44181025,0.442063,1.0150813,0.09658701,0.09658701,1.0,0.00025276738,0.0026169915,-28.023113,2.2332234,0.74440783,0.17600001,0.0,0.16533704,2.9499977,2.9599977,966400
hardzero_plus_depr__c0p52__z1p10__lam0p010__nu0p50__psi1p00,hardzero_plus_depr,0.05,30,302,0.0,2,0.442063,0.44232357,0.9975605,0.10056329,0.10056329,1.0,0.00026055466,0.0025909522,-26.589357,2.1946769,0.731559,0.16800001,0.0,0.17678058,2.9599977,2.9699976,969600
hardzero_plus_depr__c0p52__z1p10__lam0p010__nu0p50__psi1p00,hardzero_plus_depr,0.05,30,303,0.0,2,0.44232357,0.4425804,0.99948156,0.10011945,0.10011945,1.0,0.00025682355,0.0025651716,-26.962578,2.1989033,0.7329678,0.16800001,0.0,0.14777653,2.9699976,2.9799976,972800
hardzero_plus_depr__c0p52__z1p10__lam0p010__nu0p50__psi1p00,hardzero_plus_depr,0.05,30,304,0.0,2,0.4425804,0.44284543,0.98147154,0.10435864,0.10435864,1.0,0.0002650342,0.0025396477,-25.941626,2.1592805,0.7197602,0.14400001,0.0,0.14024162,2.9799976,2.9899976,976000
hardzero_plus_depr__c0p52__z1p10__lam0p010__nu0p50__psi1p00,hardzero_plus_depr,0.05,30,305,0.0,2,0.44284543,0.44310415,0.98763543,0.102887966,0.102887966,1.0,0.00025869923,0.002514378,-26.42376,2.1728413,0.7242805,0.16000001,0.0,0.17973831,2.9899976,2.9999976,979200
hardzero_plus_depr__c0p52__z1p10__lam0p010__nu0p50__psi1p00,hardzero_plus_depr,0.05,30,306,0.0,2,0.44310415,0.44331825,1.0654596,0.0860083,0.0860083,1.0,0.00021410557,0.0024893594,-28.50946,2.344058,0.7813527,0.136,0.0,0.18878604,2.9999976,3.0099976,982400
hardzero_plus_depr__c0p52__z1p10__lam0p010__nu0p50__psi1p00,hardzero_plus_depr,0.05,30,307,0.0,2,0.44331825,0.44355512,1.0172408,0.09610793,0.09610793,1.0,0.00023686663,0.00246459,-26.94344,2.2379744,0.74599147,0.16000001,0.008,0.15347815,3.0099976,3.0199976,985600
hardzero_plus_depr__c0p52__z1p10__lam0p010__nu0p50__psi1p00,hardzero_plus_depr,0.05,30,308,0.0,2,0.44355512,0.44376573,1.0639021,0.08631731,0.08631731,1.0,0.00021062,0.0024400668,-28.01981,2.3406315,0.7802105,0.128,0.0,0.1566542,3.0199976,3.0299976,988800
hardzero_plus_depr__c0p52__z1p10__lam0p010__nu0p50__psi1p00,hardzero_plus_depr,0.05,30,309,0.0,2,0.44376573,0.44400486,1.0044198,0.09898747,0.09898747,1.0,0.0002391327,0.0024157877,-26.445854,2.2097676,0.7365892,0.208,0.0,0.14245863,3.0299976,3.0399976,992000
hardzero_plus_depr__c0p52__z1p10__lam0p010__nu0p50__psi1p00,hardzero_plus_depr,0.05,30,310,0.0,2,0.44400486,0.4442134,1.0595392,0.08718882,0.08718882,1.0,0.00020853388,0.0023917502,-27.729136,2.3310328,0.7770109,0.192,0.0,0.16417205,3.0399976,3.0499976,995200
hardzero_plus_depr__c0p52__z1p10__lam0p010__nu0p50__psi1p00,hardzero_plus_depr,0.05,30,311,0.0,2,0.4442134,0.4444732,0.9597176,0.109719135,0.109719135,1.0,0.00025980966,0.0023679521,-27.585365,2.1114209,0.703807,0.17600001,0.0,0.14978354,3.0499976,3.0599976,998400
hardzero_plus_depr__c0p52__z1p10__lam0p010__nu0p50__psi1p00,hardzero_plus_depr,0.05,30,312,0.0,2,0.4444732,0.44469574,1.0226406,0.09492037,0.09492037,1.0,0.00022253042,0.0023443906,-27.35842,2.249854,0.74995136,0.16,0.0,0.1728843,3.0599976,3.0699975,1001600
hardzero_plus_depr__c0p52__z1p10__lam0p010__nu0p50__psi1p00,hardzero_plus_depr,0.05,30,313,0.0,2,0.44469574,0.4449296,0.99673706,0.10075416,0.10075416,1.0,0.0002338568,0.0023210635,-26.942268,2.1928654,0.7309551,0.18400002,0.0,0.15332629,3.0699975,3.0799975,1004800
hardzero_plus_depr__c0p52__z1p10__lam0p010__nu0p50__psi1p00,hardzero_plus_depr,0.05,30,314,0.0,2,0.4449296,0.44513592,1.0468067,0.089782834,0.089782834,1.0,0.00020631813,0.0022979686,-26.657318,2.3030207,0.7676736,0.15200001,0.0,0.15974441,3.0799975,3.0899975,1008000
hardzero_plus_depr__c0p52__z1p10__lam0p010__nu0p50__psi1p00,hardzero_plus_depr,0.05,30,315,0.0,2,0.44513592,0.4453519,1.0226011,0.09492898,0.09492898,1.0,0.00021597325,0.0022751035,-27.959518,2.2497673,0.74992245,0.120000005,0.0,0.17056715,3.0899975,3.0999975,1011200
hardzero_plus_depr__c0p52__z1p10__lam0p010__nu0p50__psi1p00,hardzero_plus_depr,0.05,30,316,0.0,2,0.4453519,0.4455883,0.97903234,0.10494642,0.10494642,1.0,0.00023638822,0.0022524658,-27.207712,2.1539142,0.71797144,0.2,0.0,0.16002974,3.0999975,3.1099975,1014400
hardzero_plus_depr__c0p52__z1p10__lam0p010__nu0p50__psi1p00,hardzero_plus_depr,0.05,30,317,0.0,2,0.4455883,0.44578,1.0656846,0.085963756,0.085963756,1.0,0.00019170377,0.0022300535,-28.156647,2.3445528,0.7815176,0.120000005,0.0,0.17166972,3.1099975,3.1199975,1017600
hardzero_plus_depr__c0p52__z1p10__lam0p010__nu0p50__psi1p00,hardzero_plus_depr,0.05,30,318,0.0,2,0.44578,0.44599575,1.0100722,0.09770746,0.09770746,1.0,0.00021572477,0.0022078638,-27.11007,2.2222033,0.74073446,0.16000001,0.0,0.17262413,3.1199975,3.1299975,1020800
hardzero_plus_depr__c0p52__z1p10__lam0p010__nu0p50__psi1p00,hardzero_plus_depr,0.05,30,319,0.0,2,0.44599575,0.4462267,0.976135,0.1056489,0.1056489,1.0,0.00023093744,0.0021858953,-25.784428,2.1475399,0.71584666,0.15200001,0.0,0.15618578,3.1299975,3.1399975,1024000
hardzero_plus_depr__c0p52__z1p10__lam0p010__nu0p50__psi1p00,hardzero_plus_depr,0.05,30,320,0.0,2,0.4462267,0.44644922,0.9879067,0.10282372,0.10282372,1.0,0.00022252549,0.0021641455,-26.91237,2.173438,0.7244794,0.18400002,0.008,0.17233771,3.1399975,3.1499975,1027200
hardzero_plus_depr__c0p52__z1p10__lam0p010__nu0p50__psi1p00,hardzero_plus_depr,0.05,30,321,0.0,2,0.44644922,0.44665837,1.0104733,0.09761728,0.09761728,1.0,0.00020915593,0.0021426117,-26.586227,2.2230856,0.74102855,0.128,0.0,0.14640069,3.1499975,3.1599975,1030400
hardzero_plus_depr__c0p52__z1p10__lam0p010__nu0p50__psi1p00,hardzero_plus_depr,0.05,30,322,0.0,2,0.44665837,0.44685474,1.0335048,0.092575304,0.092575304,1.0,0.0001963793,0.0021212925,-26.85086,2.273756,0.7579187,0.136,0.0,0.1639099,3.1599975,3.1699975,1033600
hardzero_plus_depr__c0p52__z1p10__lam0p010__nu0p50__psi1p00,hardzero_plus_depr,0.05,30,323,0.0,2,0.44685474,0.44705912,1.0117854,0.097322814,0.097322814,1.0,0.00020439594,0.0021001853,-27.488482,2.2259724,0.7419908,0.16800001,0.0,0.1584637,3.1699975,3.1799974,1036800
hardzero_plus_depr__c0p52__z1p10__lam0p010__nu0p50__psi1p00,hardzero_plus_depr,0.05,30,324,0.0,2,0.44705912,0.44725296,1.0305165,0.0932145,0.0932145,1.0,0.00019381981,0.0020792882,-27.588438,2.2671816,0.75572723,0.17600001,0.0,0.16601475,3.1799974,3.1899974,1040000
hardzero_plus_depr__c0p52__z1p10__lam0p010__nu0p50__psi1p00,hardzero_plus_depr,0.05,30,325,0.0,2,0.44725296,0.44747275,0.97156537,0.106766395,0.106766395,1.0,0.00021978919,0.002058599,-27.142069,2.1374865,0.7124955,0.16,0.0,0.15873042,3.1899974,3.1999974,1043200
hardzero_plus_depr__c0p52__z1p10__lam0p010__nu0p50__psi1p00,hardzero_plus_depr,0.05,30,326,0.0,2,0.44747275,0.44766578,1.023624,0.09470568,0.09470568,1.0,0.0001930211,0.0020381154,-27.859318,2.2520177,0.7506726,0.16000001,0.0,0.15449214,3.1999974,3.2099974,1046400
hardzero_plus_depr__c0p52__z1p10__lam0p010__nu0p50__psi1p00,hardzero_plus_depr,0.05,30,327,0.0,2,0.44766578,0.4478515,1.035991,0.09204688,0.09204688,1.0,0.0001857355,0.0020178359,-26.655869,2.2792256,0.7597419,0.128,0.0,0.1489322,3.2099974,3.2199974,1049600
hardzero_plus_depr__c0p52__z1p10__lam0p010__nu0p50__psi1p00,hardzero_plus_depr,0.05,30,328,0.0,2,0.4478515,0.4480578,0.9860657,0.10326052,0.10326052,1.0,0.00020628957,0.0019977584,-26.315771,2.1693878,0.7231293,0.14400001,0.0,0.13795446,3.2199974,3.2299974,1052800
hardzero_plus_depr__c0p52__z1p10__lam0p010__nu0p50__psi1p00,hardzero_plus_depr,0.05,30,329,0.0,2,0.4480578,0.44823223,1.0545721,0.08819174,0.08819174,1.0,0.0001744327,0.0019778803,-27.790747,2.320105,0.77336836,0.14400001,0.0,0.14672722,3.2299974,3.2399974,1056000
hardzero_plus_depr__c0p52__z1p10__lam0p010__nu0p50__psi1p00,hardzero_plus_depr,0.05,30,330,0.0,2,0.44823223,0.4484233,1.0106499,0.09757759,0.09757759,1.0,0.00019107643,0.0019582,-27.198177,2.2234743,0.7411581,0.17600001,0.0,0.16357933,3.2399974,3.2499974,1059200
hardzero_plus_depr__c0p52__z1p10__lam0p010__nu0p50__psi1p00,hardzero_plus_depr,0.05,30,331,0.0,2,0.4484233,0.44862625,0.98012257,0.1046833,0.1046833,1.0,0.00020295115,0.0019387156,-27.294123,2.1563127,0.7187709,0.136,0.0,0.16030365,3.2499974,3.2599974,1062400
hardzero_plus_depr__c0p52__z1p10__lam0p010__nu0p50__psi1p00,hardzero_plus_depr,0.05,30,332,0.0,2,0.44862625,0.4488323,0.96919835,0.10734989,0.10734989,1.0,0.00020605006,0.001919425,-26.45847,2.132279,0.71075964,0.24000001,0.0,0.15272626,3.2599974,3.2699974,1065600
hardzero_plus_depr__c0p52__z1p10__lam0p010__nu0p50__psi1p00,hardzero_plus_depr,0.05,30,333,0.0,2,0.4488323,0.44899753,1.0607915,0.086937755,0.086937755,1.0,0.0001652101,0.0019003263,-27.140537,2.333788,0.7779293,0.096,0.0,0.1637282,3.2699974,3.2799973,1068800
hardzero_plus_depr__c0p52__z1p10__lam0p010__nu0p50__psi1p00,hardzero_plus_depr,0.05,30,334,0.0,2,0.44899753,0.44917598,1.0229257,0.09485806,0.09485806,1.0,0.00017846764,0.0018814178,-27.267504,2.2504816,0.7501606,0.17600001,0.0,0.15271847,3.2799973,3.2899973,1072000
hardzero_plus_depr__c0p52__z1p10__lam0p010__nu0p50__psi1p00,hardzero_plus_depr,0.05,30,335,0.0,2,0.44917598,0.44935444,1.0185909,0.095809616,0.095809616,1.0,0.00017846431,0.0018626973,-27.185446,2.2409449,0.7469816,0.17600001,0.0,0.13793434,3.2899973,3.2999973,1075200
hardzero_plus_depr__c0p52__z1p10__lam0p010__nu0p50__psi1p00,hardzero_plus_depr,0.05,30,336,0.0,2,0.44935444,0.44952118,1.0437862,0.090409435,0.090409435,1.0,0.00016672976,0.0018441633,-27.625782,2.2963755,0.7654585,0.192,0.0,0.18272962,3.2999973,3.3099973,1078400
hardzero_plus_depr__c0p52__z1p10__lam0p010__nu0p50__psi1p00,hardzero_plus_depr,0.05,30,337,0.0,2,0.44952118,0.44970775,0.9906585,0.10217426,0.10217426,1.0,0.00018655114,0.0018258136,-27.10474,2.1794922,0.7264974,0.136,0.0,0.12864763,3.3099973,3.3199973,1081600
hardzero_plus_depr__c0p52__z1p10__lam0p010__nu0p50__psi1p00,hardzero_plus_depr,0.05,30,338,0.0,2,0.44970775,0.4498992,0.9750359,0.10591662,0.10591662,1.0,0.00019145983,0.0018076467,-26.16451,2.1451218,0.7150406,0.14,0.0,0.13477981,3.3199973,3.3299973,1084800
hardzero_plus_depr__c0p52__z1p10__lam0p010__nu0p50__psi1p00,hardzero_plus_depr,0.05,30,339,0.0,2,0.4498992,0.45007026,1.0195994,0.09558739,0.09558739,1.0,0.00017106894,0.0017896602,-27.050661,2.2431636,0.7477212,0.16800001,0.0,0.18983409,3.3299973,3.3399973,1088000
hardzero_plus_depr__c0p52__z1p10__lam0p010__nu0p50__psi1p00,hardzero_plus_depr,0.05,30,340,0.0,2,0.45007026,0.45021272,1.0947638,0.08039633,0.08039633,1.0,0.00014245046,0.0017718527,-27.687159,2.4085283,0.8028428,0.112,0.0,0.17169847,3.3399973,3.3499973,1091200
hardzero_plus_depr__c0p52__z1p10__lam0p010__nu0p50__psi1p00,hardzero_plus_depr,0.05,30,341,0.0,2,0.45021272,0.45040146,0.96823794,0.10758756,0.10758756,1.0,0.00018873252,0.0017542224,-26.639444,2.130166,0.71005535,0.24800001,0.0,0.18509094,3.3499973,3.3599973,1094400
hardzero_plus_depr__c0p52__z1p10__lam0p010__nu0p50__psi1p00,hardzero_plus_depr,0.05,30,342,0.0,2,0.45040146,0.45056877,1.0161895,0.09634085,0.09634085,1.0,0.00016732169,0.0017367678,-26.996262,2.2356615,0.74522054,0.16800001,0.0,0.13630494,3.3599973,3.3699973,1097600
hardzero_plus_depr__c0p52__z1p10__lam0p010__nu0p50__psi1p00,hardzero_plus_depr,0.05,30,343,0.0,2,0.45056877,0.45073316,1.0195407,0.09560031,0.09560031,1.0,0.00016438344,0.0017194866,-27.501366,2.2430344,0.74767816,0.14400001,0.0,0.18699859,3.3699973,3.3799973,1100800
hardzero_plus_depr__c0p52__z1p10__lam0p010__nu0p50__psi1p00,hardzero_plus_depr,0.05,30,344,0.0,2,0.45073316,0.45090568,0.99418616,0.10134769,0.10134769,1.0,0.00017253203,0.0017023775,-26.342312,2.1872532,0.72908443,0.15200001,0.0,0.13084574,3.3799973,3.3899972,1104000
hardzero_plus_depr__c0p52__z1p10__lam0p010__nu0p50__psi1p00,hardzero_plus_depr,0.05,30,345,0.0,2,0.45090568,0.45106566,1.0226464,0.09491909,0.09491909,1.0,0.00015998029,0.0016854386,-26.95627,2.249867,0.74995565,0.17600001,0.0,0.17151333,3.3899972,3.3999972,1107200
hardzero_plus_depr__c0p52__z1p10__lam0p010__nu0p50__psi1p00,hardzero_plus_depr,0.05,30,346,0.0,2,0.45106566,0.4512078,1.0697128,0.08517011,0.08517011,1.0,0.00014212064,0.001668668,-27.811064,2.353415,0.7844717,0.120000005,0.0,0.18923996,3.3999972,3.4099972,1110400
hardzero_plus_depr__c0p52__z1p10__lam0p010__nu0p50__psi1p00,hardzero_plus_depr,0.05,30,347,0.0,2,0.4512078,0.45135835,1.0403541,0.09112674,0.09112674,1.0,0.00015054726,0.0016520646,-27.54977,2.2888248,0.7629416,0.16000001,0.0,0.16415362,3.4099972,3.4199972,1113600
hardzero_plus_depr__c0p52__z1p10__lam0p010__nu0p50__psi1p00,hardzero_plus_depr,0.05,30,348,0.0,2,0.45135835,0.45150667,1.0424273,0.09069277,0.09069277,1.0,0.00014833949,0.0016356263,-27.91059,2.293386,0.764462,0.120000005,0.0,0.16379607,3.4199972,3.4299972,1116800
hardzero_plus_depr__c0p52__z1p10__lam0p010__nu0p50__psi1p00,hardzero_plus_depr,0.05,30,349,0.0,2,0.45150667,0.45165396,1.0412027,0.090948865,0.090948865,1.0,0.00014727817,0.0016193514,-27.282524,2.2906916,0.7635639,0.104,0.0,0.13925013,3.4299972,3.4399972,1120000
hardzero_plus_depr__c0p52__z1p10__lam0p010__nu0p50__psi1p00,hardzero_plus_depr,0.05,30,350,0.0,2,0.45165396,0.4518212,0.9816367,0.10431897,0.10431897,1.0,0.00016724823,0.0016032389,-26.765593,2.159644,0.7198813,0.15200001,0.0,0.15213257,3.4399972,3.4499972,1123200
hardzero_plus_depr__c0p52__z1p10__lam0p010__nu0p50__psi1p00,hardzero_plus_depr,0.05,30,351,0.0,2,0.4518212,0.45196828,1.0331119,0.0926591,0.0926591,1.0,0.00014707651,0.0015872862,-27.619238,2.2728918,0.7576306,0.14999999,0.0,0.15184942,3.4499972,3.4599972,1126400
hardzero_plus_depr__c0p52__z1p10__lam0p010__nu0p50__psi1p00,hardzero_plus_depr,0.05,30,352,0.0,2,0.45196828,0.45211986,1.0156888,0.096452,0.096452,1.0,0.00015157361,0.0015714926,-27.822735,2.23456,0.7448534,0.18400002,0.0,0.16802996,3.4599972,3.4699972,1129600
hardzero_plus_depr__c0p52__z1p10__lam0p010__nu0p50__psi1p00,hardzero_plus_depr,0.05,30,353,0.0,2,0.45211986,0.4522891,0.96347123,0.10877491,0.10877491,1.0,0.00016923809,0.001555856,-26.532452,2.119679,0.70655966,0.16000001,0.0,0.13837874,3.4699972,3.4799972,1132800
hardzero_plus_depr__c0p52__z1p10__lam0p010__nu0p50__psi1p00,hardzero_plus_depr,0.05,30,354,0.0,2,0.4522891,0.45243368,1.0275338,0.0938569,0.0938569,1.0,0.00014457482,0.001540375,-27.475313,2.2606194,0.7535398,0.120000005,0.0,0.17733829,3.4799972,3.4899971,1136000
hardzero_plus_depr__c0p52__z1p10__lam0p010__nu0p50__psi1p00,hardzero_plus_depr,0.05,30,355,0.0,2,0.45243368,0.45257068,1.0465966,0.08982628,0.08982628,1.0,0.00013698939,0.0015250479,-27.697964,2.3025587,0.7675196,0.14400001,0.0,0.14258532,3.4899971,3.4999971,1139200
hardzero_plus_depr__c0p52__z1p10__lam0p010__nu0p50__psi1p00,hardzero_plus_depr,0.05,30,356,0.0,2,0.45257068,0.45271924,1.007066,0.098386146,0.098386146,1.0,0.00014855064,0.0015098735,-27.120537,2.2155895,0.73852986,0.16800001,0.0,0.17069027,3.4999971,3.5099971,1142400
hardzero_plus_depr__c0p52__z1p10__lam0p010__nu0p50__psi1p00,hardzero_plus_depr,0.05,30,357,0.0,2,0.45271924,0.4528702,0.9957714,0.10097843,0.10097843,1.0,0.0001509476,0.0014948499,-27.090652,2.1907408,0.73024696,0.18400002,0.0,0.1556527,3.5099971,3.5199971,1145600
hardzero_plus_depr__c0p52__z1p10__lam0p010__nu0p50__psi1p00,hardzero_plus_depr,0.05,30,358,0.0,2,0.4528702,0.45301193,1.0187346,0.095777914,0.095777914,1.0,0.00014174903,0.0014799761,-27.708622,2.2412608,0.74708694,0.16800001,0.0,0.171688,3.5199971,3.529997,1148800
hardzero_plus_depr__c0p52__z1p10__lam0p010__nu0p50__psi1p00,hardzero_plus_depr,0.05,30,359,0.0,2,0.45301193,0.45314607,1.0383757,0.09154281,0.09154281,1.0,0.00013413312,0.0014652502,-27.156973,2.2844722,0.76149076,0.128,0.0,0.1647421,3.529997,3.539997,1152000
hardzero_plus_depr__c0p52__z1p10__lam0p010__nu0p50__psi1p00,hardzero_plus_depr,0.05,30,360,0.0,2,0.45314607,0.4532954,0.9874091,0.1029416,0.1029416,1.0,0.00014933436,0.0014506707,-26.758444,2.1723435,0.72411454,0.224,0.0,0.16187984,3.539997,3.549997,1155200
hardzero_plus_depr__c0p52__z1p10__lam0p010__nu0p50__psi1p00,hardzero_plus_depr,0.05,30,361,0.0,2,0.4532954,0.4534342,1.0148395,0.096640795,0.096640795,1.0,0.000138799,0.0014362362,-26.80771,2.2326915,0.7442305,0.17600001,0.0,0.14102644,3.549997,3.559997,1158400
hardzero_plus_depr__c0p52__z1p10__lam0p010__nu0p50__psi1p00,hardzero_plus_depr,0.05,30,362,0.0,2,0.4534342,0.4535668,1.0303555,0.093249075,0.093249075,1.0,0.0001325951,0.0014219455,-27.922365,2.2668273,0.75560915,0.15200001,0.0,0.16505514,3.559997,3.569997,1161600
hardzero_plus_depr__c0p52__z1p10__lam0p010__nu0p50__psi1p00,hardzero_plus_depr,0.05,30,363,0.0,2,0.4535668,0.4536957,1.038185,0.09158303,0.09158303,1.0,0.0001289303,0.0014077969,-27.969116,2.2840526,0.76135087,0.14400001,0.0,0.18634519,3.569997,3.579997,1164800
hardzero_plus_depr__c0p52__z1p10__lam0p010__nu0p50__psi1p00,hardzero_plus_depr,0.05,30,364,0.0,2,0.4536957,0.4538103,1.085031,0.08221838,0.08221838,1.0,0.00011459508,0.0013937891,-28.639482,2.387116,0.7957053,0.17999999,0.0,0.18952233,3.579997,3.589997,1168000
hardzero_plus_depr__c0p52__z1p10__lam0p010__nu0p50__psi1p00,hardzero_plus_depr,0.05,30,365,0.0,2,0.4538103,0.45393685,1.0376168,0.091702916,0.091702916,1.0,0.00012654274,0.0013799205,-27.560024,2.2828026,0.76093423,0.14400001,0.0,0.15273656,3.589997,3.599997,1171200
hardzero_plus_depr__c0p52__z1p10__lam0p010__nu0p50__psi1p00,hardzero_plus_depr,0.05,30,366,0.0,2,0.45393685,0.45406374,1.0320178,0.09289282,0.09289282,1.0,0.00012690925,0.0013661901,-26.969315,2.2704847,0.75682825,0.16800001,0.0,0.15097593,3.599997,3.609997,1174400
hardzero_plus_depr__c0p52__z1p10__lam0p010__nu0p50__psi1p00,hardzero_plus_depr,0.05,30,367,0.0,2,0.45406374,0.45421004,0.96589726,0.10816897,0.10816897,1.0,0.00014630896,0.0013525964,-27.137455,2.1250165,0.70833886,0.2,0.0,0.150816,3.609997,3.619997,1177600
hardzero_plus_depr__c0p52__z1p10__lam0p010__nu0p50__psi1p00,hardzero_plus_depr,0.05,30,368,0.0,2,0.45421004,0.45433804,1.0195754,0.09559267,0.09559267,1.0,0.00012801177,0.0013391379,-27.402502,2.2431107,0.74770355,0.16800001,0.0,0.19153705,3.619997,3.629997,1180800
hardzero_plus_depr__c0p52__z1p10__lam0p010__nu0p50__psi1p00,hardzero_plus_depr,0.05,30,369,0.0,2,0.45433804,0.45446295,1.0259542,0.09419889,0.09419889,1.0,0.00012489012,0.0013258131,-27.050142,2.2571445,0.7523815,0.104,0.0,0.17735131,3.629997,3.639997,1184000
hardzero_plus_depr__c0p52__z1p10__lam0p010__nu0p50__psi1p00,hardzero_plus_depr,0.05,30,370,0.0,2,0.45446295,0.4545919,1.0077173,0.09823874,0.09823874,1.0,0.00012895025,0.0013126213,-27.65034,2.2170222,0.7390074,0.18400002,0.0,0.1672236,3.639997,3.649997,1187200
hardzero_plus_depr__c0p52__z1p10__lam0p010__nu0p50__psi1p00,hardzero_plus_depr,0.05,30,371,0.0,2,0.4545919,0.45471227,1.033302,0.092618555,0.092618555,1.0,0.00012036341,0.0012995604,-27.855175,2.2733097,0.75776994,0.120000005,0.0,0.19444588,3.649997,3.659997,1190400
hardzero_plus_depr__c0p52__z1p10__lam0p010__nu0p50__psi1p00,hardzero_plus_depr,0.05,30,372,0.0,2,0.45471227,0.45483693,1.0136671,0.096902035,0.096902035,1.0,0.00012467703,0.0012866296,-27.030273,2.230112,0.7433707,0.2,0.0,0.14568974,3.659997,3.669997,1193600
hardzero_plus_depr__c0p52__z1p10__lam0p010__nu0p50__psi1p00,hardzero_plus_depr,0.05,30,373,0.0,2,0.45483693,0.4549487,1.0568718,0.087725975,0.087725975,1.0,0.00011174775,0.0012738274,-28.498447,2.3251643,0.7750548,0.18400002,0.0,0.16892223,3.669997,3.679997,1196800
hardzero_plus_depr__c0p52__z1p10__lam0p010__nu0p50__psi1p00,hardzero_plus_depr,0.05,30,374,0.0,2,0.4549487,0.45507863,0.98698425,0.10304235,0.10304235,1.0,0.00012995214,0.0012611527,-27.127123,2.1714087,0.7238029,0.16000001,0.0,0.15689117,3.679997,3.689997,1200000
hardzero_plus_depr__c0p52__z1p10__lam0p010__nu0p50__psi1p00,hardzero_plus_depr,0.05,30,375,0.0,2,0.45507863,0.45520014,1.0118266,0.097313546,0.097313546,1.0,0.000121506084,0.001248604,-26.96166,2.226063,0.742021,0.16000001,0.0,0.14817363,3.689997,3.699997,1203200
hardzero_plus_depr__c0p52__z1p10__lam0p010__nu0p50__psi1p00,hardzero_plus_depr,0.05,30,376,0.0,2,0.45520014,0.45530382,1.0763464,0.08387906,0.08387906,1.0,0.000103689636,0.0012361802,-28.44979,2.3680093,0.78933644,0.120000005,0.0,0.17742331,3.699997,3.709997,1206400
hardzero_plus_depr__c0p52__z1p10__lam0p010__nu0p50__psi1p00,hardzero_plus_depr,0.05,30,377,0.0,2,0.45530382,0.45540816,1.0692685,0.08525729,0.08525729,1.0,0.00010434468,0.0012238799,-28.449125,2.3524375,0.78414583,0.16,0.0,0.19394463,3.709997,3.719997,1209600
hardzero_plus_depr__c0p52__z1p10__lam0p010__nu0p50__psi1p00,hardzero_plus_depr,0.05,30,378,0.0,2,0.45540816,0.45553145,0.99243146,0.10175799,0.10175799,1.0,0.00012330037,0.0012117021,-26.893532,2.1833928,0.7277976,0.14400001,0.0,0.1373426,3.719997,3.729997,1212800
hardzero_plus_depr__c0p52__z1p10__lam0p010__nu0p50__psi1p00,hardzero_plus_depr,0.05,30,379,0.0,2,0.45553145,0.45565104,1.0013753,0.09968383,0.09968383,1.0,0.00011958525,0.0011996455,-26.310852,2.2030697,0.7343566,0.216,0.0,0.13719045,3.729997,3.739997,1216000
hardzero_plus_depr__c0p52__z1p10__lam0p010__nu0p50__psi1p00,hardzero_plus_depr,0.05,30,380,0.0,2,0.45565104,0.45576724,1.0095481,0.09782545,0.09782545,1.0,0.00011618815,0.0011877088,-27.680103,2.22105,0.74035,0.216,0.0,0.16052043,3.739997,3.749997,1219200
hardzero_plus_depr__c0p52__z1p10__lam0p010__nu0p50__psi1p00,hardzero_plus_depr,0.05,30,381,0.0,2,0.45576724,0.45587197,1.0502911,0.08906538,0.08906538,1.0,0.00010473118,0.001175891,-27.522575,2.3106866,0.77022886,0.15200001,0.0,0.1692923,3.749997,3.759997,1222400
hardzero_plus_depr__c0p52__z1p10__lam0p010__nu0p50__psi1p00,hardzero_plus_depr,0.05,30,382,0.0,2,0.45587197,0.45596728,1.0868291,0.081878684,0.081878684,1.0,9.53224e-05,0.0011641907,-28.859356,2.3910718,0.79702395,0.15200001,0.0,0.17626786,3.759997,3.769997,1225600
hardzero_plus_depr__c0p52__z1p10__lam0p010__nu0p50__psi1p00,hardzero_plus_depr,0.05,30,383,0.0,2,0.45596728,0.45607477,1.0302721,0.09326698,0.09326698,1.0,0.000107500164,0.0011526069,-27.59708,2.266644,0.755548,0.17600001,0.0,0.1716127,3.769997,3.7799969,1228800
hardzero_plus_depr__c0p52__z1p10__lam0p010__nu0p50__psi1p00,hardzero_plus_depr,0.05,30,384,0.0,2,0.45607477,0.4561861,1.0108466,0.09753339,0.09753339,1.0,0.00011129908,0.0011411383,-27.020893,2.223907,0.7413024,0.15200001,0.0,0.1647257,3.7799969,3.7899969,1232000
hardzero_plus_depr__c0p52__z1p10__lam0p010__nu0p50__psi1p00,hardzero_plus_depr,0.05,30,385,0.0,2,0.4561861,0.45627794,1.089887,0.081304185,0.081304185,1.0,9.185614e-05,0.0011297837,-29.083183,2.3977993,0.79926646,0.15200001,0.0,0.18343979,3.7899969,3.7999969,1235200
hardzero_plus_depr__c0p52__z1p10__lam0p010__nu0p50__psi1p00,hardzero_plus_depr,0.05,30,386,0.0,2,0.45627794,0.45637536,1.0599217,0.08711204,0.08711204,1.0,9.743849e-05,0.0011185422,-27.461525,2.3318744,0.7772915,0.096,0.0,0.17473182,3.7999969,3.8099968,1238400
hardzero_plus_depr__c0p52__z1p10__lam0p010__nu0p50__psi1p00,hardzero_plus_depr,0.05,30,387,0.0,2,0.45637536,0.45647955,1.0264264,0.094096504,0.094096504,1.0,0.000104203646,0.0011074125,-27.422567,2.2581832,0.75272775,0.16000001,0.0,0.15676187,3.8099968,3.8199968,1241600
hardzero_plus_depr__c0p52__z1p10__lam0p010__nu0p50__psi1p00,hardzero_plus_depr,0.05,30,388,0.0,2,0.45647955,0.45660403,0.9448564,0.11353862,0.11353862,1.0,0.00012448302,0.0010963936,-25.240927,2.0787256,0.6929085,0.2,0.0,0.12957126,3.8199968,3.8299968,1244800
hardzero_plus_depr__c0p52__z1p10__lam0p010__nu0p50__psi1p00,hardzero_plus_depr,0.05,30,389,0.0,2,0.45660403,0.4567013,1.0475783,0.08962346,0.08962346,1.0,9.728486e-05,0.0010854843,-28.12416,2.3047183,0.76823944,0.080000006,0.0,0.16986047,3.8299968,3.8399968,1248000
hardzero_plus_depr__c0p52__z1p10__lam0p010__nu0p50__psi1p00,hardzero_plus_depr,0.05,30,390,0.0,2,0.4567013,0.45680487,1.0161237,0.09635545,0.09635545,1.0,0.00010355162,0.0010746835,-27.33899,2.2355165,0.7451722,0.17,0.0,0.14685574,3.8399968,3.8499968,1251200
hardzero_plus_depr__c0p52__z1p10__lam0p010__nu0p50__psi1p00,hardzero_plus_depr,0.05,30,391,0.0,2,0.45680487,0.45691076,1.0021081,0.09951577,0.09951577,1.0,0.00010588382,0.0010639903,-26.045412,2.2046819,0.734894,0.104,0.0,0.12555844,3.8499968,3.8599968,1254400
hardzero_plus_depr__c0p52__z1p10__lam0p010__nu0p50__psi1p00,hardzero_plus_depr,0.05,30,392,0.0,2,0.45691076,0.45701537,1.0029986,0.09931192,0.09931192,1.0,0.00010461552,0.0010534035,-27.004438,2.206641,0.735547,0.16800001,0.0,0.15462464,3.8599968,3.8699968,1257600
hardzero_plus_depr__c0p52__z1p10__lam0p010__nu0p50__psi1p00,hardzero_plus_depr,0.05,30,393,0.0,2,0.45701537,0.45711386,1.0247908,0.09445158,0.09445158,1.0,9.850562e-05,0.0010429219,-27.087006,2.2545848,0.75152826,0.14400001,0.0,0.19969063,3.8699968,3.8799968,1260800
hardzero_plus_depr__c0p52__z1p10__lam0p010__nu0p50__psi1p00,hardzero_plus_depr,0.05,30,394,0.0,2,0.45711386,0.45719853,1.0862095,0.08199559,0.08199559,1.0,8.466411e-05,0.0010325446,-28.28077,2.3897088,0.7965696,0.128,0.0,0.19704245,3.8799968,3.8899968,1264000
hardzero_plus_depr__c0p52__z1p10__lam0p010__nu0p50__psi1p00,hardzero_plus_depr,0.05,30,395,0.0,2,0.45719853,0.4572945,1.0274312,0.09387906,0.09387906,1.0,9.596981e-05,0.0010222706,-27.888475,2.2603939,0.75346464,0.15200001,0.0,0.1612024,3.8899968,3.8999968,1267200
hardzero_plus_depr__c0p52__z1p10__lam0p010__nu0p50__psi1p00,hardzero_plus_depr,0.05,30,396,0.0,2,0.4572945,0.4573886,1.0315964,0.09298301,0.09298301,1.0,9.410799e-05,0.0010120989,-26.993961,2.2695575,0.7565192,0.16800001,0.0,0.16509402,3.8999968,3.9099967,1270400
hardzero_plus_depr__c0p52__z1p10__lam0p010__nu0p50__psi1p00,hardzero_plus_depr,0.05,30,397,0.0,2,0.4573886,0.4574839,1.0218673,0.09508952,0.09508952,1.0,9.5282405e-05,0.0010020285,-27.666689,2.248153,0.74938434,0.16800001,0.0,0.15035976,3.9099967,3.9199967,1273600
hardzero_plus_depr__c0p52__z1p10__lam0p010__nu0p50__psi1p00,hardzero_plus_depr,0.05,30,398,0.0,2,0.4574839,0.45757547,1.0347757,0.092304796,0.092304796,1.0,9.157171e-05,0.000992058,-26.908587,2.276552,0.7588507,0.16800001,0.0,0.15040477,3.9199967,3.9299967,1276800
hardzero_plus_depr__c0p52__z1p10__lam0p010__nu0p50__psi1p00,hardzero_plus_depr,0.05,30,399,0.0,2,0.45757547,0.45766008,1.0647037,0.08615813,0.08615813,1.0,8.462338e-05,0.0009821869,-28.083906,2.3423948,0.7807983,0.128,0.0,0.16423395,3.9299967,3.9399967,1280000
hardzero_plus_depr__c0p52__z1p10__lam0p010__nu0p50__psi1p00,hardzero_plus_depr,0.05,30,400,0.0,2,0.45766008,0.4577406,1.0819181,0.08280982,0.08280982,1.0,8.0525424e-05,0.0009724139,-28.31953,2.3802674,0.79342246,0.112,0.0,0.1675551,3.9399967,3.9499967,1283200
hardzero_plus_depr__c0p52__z1p10__lam0p010__nu0p50__psi1p00,hardzero_plus_depr,0.05,30,401,0.0,2,0.4577406,0.45784163,0.9790342,0.104945965,0.104945965,1.0,0.0001010355,0.00096273824,-26.43067,2.1539183,0.71797276,0.16800001,0.0,0.17100565,3.9499967,3.9599967,1286400
hardzero_plus_depr__c0p52__z1p10__lam0p010__nu0p50__psi1p00,hardzero_plus_depr,0.05,30,402,0.0,2,0.45784163,0.45793015,1.0321108,0.09287293,0.09287293,1.0,8.8522655e-05,0.00095315883,-27.441776,2.2706892,0.75689644,0.128,0.0,0.18744215,3.9599967,3.9699967,1289600
hardzero_plus_depr__c0p52__z1p10__lam0p010__nu0p50__psi1p00,hardzero_plus_depr,0.05,30,403,0.0,2,0.45793015,0.45802304,1.0068734,0.098429814,0.098429814,1.0,9.288574e-05,0.0009436748,-27.08094,2.2151656,0.73838854,0.17999999,0.0,0.15324055,3.9699967,3.9799967,1292800
hardzero_plus_depr__c0p52__z1p10__lam0p010__nu0p50__psi1p00,hardzero_plus_depr,0.05,30,404,0.0,2,0.45802304,0.45810086,1.0794533,0.08328113,0.08328113,1.0,7.780831e-05,0.00093428505,-27.947714,2.3748448,0.79161495,0.17600001,0.0,0.1879418,3.9799967,3.9899967,1296000
hardzero_plus_depr__c0p52__z1p10__lam0p010__nu0p50__psi1p00,hardzero_plus_depr,0.05,30,405,0.0,2,0.45810086,0.45818752,1.0283161,0.093687974,0.093687974,1.0,8.666032e-05,0.00092498877,-27.389944,2.2623408,0.7541136,0.14400001,0.0,0.18540302,3.9899967,3.9999967,1299200
hardzero_plus_depr__c0p52__z1p10__lam0p010__nu0p50__psi1p00,hardzero_plus_depr,0.05,30,406,0.0,2,0.45818752,0.4582767,1.0116491,0.097353354,0.097353354,1.0,8.915474e-05,0.00091578497,-27.338467,2.2256725,0.74189085,0.136,0.0,0.15854743,3.9999967,4.009997,1302400
hardzero_plus_depr__c0p52__z1p10__lam0p010__nu0p50__psi1p00,hardzero_plus_depr,0.05,30,407,0.0,2,0.4582767,0.4583654,1.0093503,0.097870015,0.097870015,1.0,8.8736066e-05,0.0009066726,-27.53615,2.220615,0.740205,0.18400002,0.0,0.15298223,4.009997,4.019997,1305600
hardzero_plus_depr__c0p52__z1p10__lam0p010__nu0p50__psi1p00,hardzero_plus_depr,0.05,30,408,0.0,2,0.4583654,0.4584602,0.97632635,0.10560236,0.10560236,1.0,9.479406e-05,0.0008976509,-26.317125,2.147961,0.71598697,0.16000001,0.0,0.18467772,4.019997,4.0299973,1308800
hardzero_plus_depr__c0p52__z1p10__lam0p010__nu0p50__psi1p00,hardzero_plus_depr,0.05,30,409,0.0,2,0.4584602,0.4585367,1.0650722,0.086085066,0.086085066,1.0,7.650542e-05,0.0008887189,-28.390484,2.3432057,0.78106856,0.17600001,0.0,0.19089684,4.0299973,4.0399976,1312000
hardzero_plus_depr__c0p52__z1p10__lam0p010__nu0p50__psi1p00,hardzero_plus_depr,0.05,30,410,0.0,2,0.4585367,0.45862162,1.0154686,0.096500896,0.096500896,1.0,8.49088e-05,0.0008798758,-27.12907,2.2340755,0.74469185,0.14400001,0.0,0.15686828,4.0399976,4.049998,1315200
hardzero_plus_depr__c0p52__z1p10__lam0p010__nu0p50__psi1p00,hardzero_plus_depr,0.05,30,411,0.0,2,0.45862162,0.4587064,1.011822,0.097314596,0.097314596,1.0,8.477275e-05,0.0008711206,-26.866062,2.2260528,0.7420176,0.064,0.0,0.17635296,4.049998,4.059998,1318400
hardzero_plus_depr__c0p52__z1p10__lam0p010__nu0p50__psi1p00,hardzero_plus_depr,0.05,30,412,0.0,2,0.4587064,0.45878476,1.0417295,0.090838626,0.090838626,1.0,7.834401e-05,0.00086245267,-28.211456,2.2918506,0.7639502,0.18400002,0.0,0.15558502,4.059998,4.0699983,1321600
hardzero_plus_depr__c0p52__z1p10__lam0p010__nu0p50__psi1p00,hardzero_plus_depr,0.05,30,413,0.0,2,0.45878476,0.45885983,1.0559132,0.087919824,0.087919824,1.0,7.507218e-05,0.00085387094,-27.873356,2.3230555,0.77435184,0.17600001,0.0,0.17452937,4.0699983,4.0799985,1324800
hardzero_plus_depr__c0p52__z1p10__lam0p010__nu0p50__psi1p00,hardzero_plus_depr,0.05,30,414,0.0,2,0.45885983,0.45894873,0.9780941,0.10517341,0.10517341,1.0,8.8910936e-05,0.00084537466,-26.396849,2.15185,0.71728337,0.16000001,0.0,0.16255154,4.0799985,4.0899987,1328000
hardzero_plus_depr__c0p52__z1p10__lam0p010__nu0p50__psi1p00,hardzero_plus_depr,0.05,30,415,0.0,2,0.45894873,0.45902625,1.033337,0.09261109,0.09261109,1.0,7.7512035e-05,0.0008369628,-27.287392,2.2733867,0.7577956,0.136,0.0,0.1544972,4.0899987,4.099999,1331200
hardzero_plus_depr__c0p52__z1p10__lam0p010__nu0p50__psi1p00,hardzero_plus_depr,0.05,30,416,0.0,2,0.45902625,0.45911363,0.9769834,0.1054427,0.1054427,1.0,8.7373475e-05,0.00082863466,-27.1928,2.1494064,0.7164688,0.13,0.0,0.1277965,4.099999,4.109999,1334400
hardzero_plus_depr__c0p52__z1p10__lam0p010__nu0p50__psi1p00,hardzero_plus_depr,0.05,30,417,0.0,2,0.45911363,0.45920196,0.9679277,0.10766444,0.10766444,1.0,8.832677e-05,0.0008203894,-25.651653,2.1294835,0.70982784,0.14400001,0.0,0.12799582,4.109999,4.1199994,1337600
hardzero_plus_depr__c0p52__z1p10__lam0p010__nu0p50__psi1p00,hardzero_plus_depr,0.05,30,418,0.0,2,0.45920196,0.45927033,1.0748597,0.08416669,0.08416669,1.0,6.8362395e-05,0.00081222627,-27.795935,2.3647387,0.7882463,0.17600001,0.0,0.1680716,4.1199994,4.1299996,1340800
hardzero_plus_depr__c0p52__z1p10__lam0p010__nu0p50__psi1p00,hardzero_plus_depr,0.05,30,419,0.0,2,0.45927033,0.45934555,1.0290087,0.09353868,0.09353868,1.0,7.521859e-05,0.00080414425,-26.78892,2.2638645,0.7546215,0.128,0.0,0.1391523,4.1299996,4.14,1344000
hardzero_plus_depr__c0p52__z1p10__lam0p010__nu0p50__psi1p00,hardzero_plus_depr,0.05,30,420,0.0,2,0.45934555,0.45941857,1.0376134,0.09170365,0.09170365,1.0,7.300919e-05,0.0007961427,-27.489374,2.282795,0.7609317,0.14400001,0.008,0.16983941,4.14,4.15,1347200
hardzero_plus_depr__c0p52__z1p10__lam0p010__nu0p50__psi1p00,hardzero_plus_depr,0.05,30,421,0.0,2,0.45941857,0.45949107,1.0362511,0.091991775,0.091991775,1.0,7.250983e-05,0.0007882208,-27.299095,2.2797978,0.75993264,0.15200001,0.0,0.15905246,4.15,4.1600003,1350400
hardzero_plus_depr__c0p52__z1p10__lam0p010__nu0p50__psi1p00,hardzero_plus_depr,0.05,30,422,0.0,2,0.45949107,0.45956612,1.0170689,0.09614597,0.09614597,1.0,7.503018e-05,0.0007803777,-27.150616,2.2375963,0.74586546,0.16000001,0.0,0.14267547,4.1600003,4.1700006,1353600
hardzero_plus_depr__c0p52__z1p10__lam0p010__nu0p50__psi1p00,hardzero_plus_depr,0.05,30,423,0.0,2,0.45956612,0.45964321,1.0008901,0.09979524,0.09979524,1.0,7.710305e-05,0.0007726126,-26.65506,2.2020023,0.7340008,0.16000001,0.0,0.16682406,4.1700006,4.180001,1356800
hardzero_plus_depr__c0p52__z1p10__lam0p010__nu0p50__psi1p00,hardzero_plus_depr,0.05,30,424,0.0,2,0.45964321,0.45971105,1.0521653,0.08868184,0.08868184,1.0,6.783494e-05,0.0007649248,-27.514526,2.3148098,0.7716033,0.14400001,0.0,0.17584868,4.180001,4.190001,1360000
hardzero_plus_depr__c0p52__z1p10__lam0p010__nu0p50__psi1p00,hardzero_plus_depr,0.05,30,425,0.0,2,0.45971105,0.45977968,1.0427163,0.09063244,0.09063244,1.0,6.863717e-05,0.0007573135,-27.52786,2.2940216,0.7646739,0.08800001,0.0,0.15775411,4.190001,4.2000012,1363200
hardzero_plus_depr__c0p52__z1p10__lam0p010__nu0p50__psi1p00,hardzero_plus_depr,0.05,30,426,0.0,2,0.45977968,0.45986053,0.9672079,0.10784304,0.10784304,1.0,8.0858335e-05,0.00074977794,-26.724201,2.1279,0.7093,0.16000001,0.0,0.15433261,4.2000012,4.2100015,1366400
hardzero_plus_depr__c0p52__z1p10__lam0p010__nu0p50__psi1p00,hardzero_plus_depr,0.05,30,427,0.0,2,0.45986053,0.4599348,0.9997771,0.10005134,0.10005134,1.0,7.426985e-05,0.00074231735,-26.148767,2.1995535,0.7331845,0.16000001,0.0,0.12500232,4.2100015,4.2200017,1369600
hardzero_plus_depr__c0p52__z1p10__lam0p010__nu0p50__psi1p00,hardzero_plus_depr,0.05,30,428,0.0,2,0.4599348,0.46000323,1.0309985,0.09311112,0.09311112,1.0,6.843025e-05,0.00073493103,-27.097641,2.268242,0.7560806,0.17600001,0.0,0.16376887,4.2200017,4.230002,1372800
hardzero_plus_depr__c0p52__z1p10__lam0p010__nu0p50__psi1p00,hardzero_plus_depr,0.05,30,429,0.0,2,0.46000323,0.46006793,1.0510541,0.088909015,0.088909015,1.0,6.469181e-05,0.0007276181,-27.417288,2.3123653,0.77078843,0.14999999,0.0,0.18326204,4.230002,4.240002,1376000
hardzero_plus_depr__c0p52__z1p10__lam0p010__nu0p50__psi1p00,hardzero_plus_depr,0.05,30,430,0.0,2,0.46006793,0.46014002,0.9996266,0.100086,0.100086,1.0,7.2099756e-05,0.000720378,-27.669136,2.1992223,0.7330741,0.14400001,0.0,0.18250036,4.240002,4.2500024,1379200
hardzero_plus_depr__c0p52__z1p10__lam0p010__nu0p50__psi1p00,hardzero_plus_depr,0.05,30,431,0.0,2,0.46014002,0.46020225,1.0591607,0.08726483,0.08726483,1.0,6.223815e-05,0.00071321,-28.787025,2.3302002,0.7767334,0.208,0.0,0.20073377,4.2500024,4.2600026,1382400
hardzero_plus_depr__c0p52__z1p10__lam0p010__nu0p50__psi1p00,hardzero_plus_depr,0.05,30,432,0.0,2,0.46020225,0.4602698,1.0191566,0.09568491,0.09568491,1.0,6.756439e-05,0.00070611335,-27.031832,2.2421892,0.7473964,0.192,0.0,0.15076324,4.2600026,4.270003,1385600
hardzero_plus_depr__c0p52__z1p10__lam0p010__nu0p50__psi1p00,hardzero_plus_depr,0.05,30,433,0.0,2,0.4602698,0.4603345,1.0335639,0.09256273,0.09256273,1.0,6.470942e-05,0.0006990872,-27.782583,2.273886,0.757962,0.16800001,0.0,0.1577148,4.270003,4.280003,1388800
hardzero_plus_depr__c0p52__z1p10__lam0p010__nu0p50__psi1p00,hardzero_plus_depr,0.05,30,434,0.0,2,0.4603345,0.46039394,1.0662484,0.08585223,0.08585223,1.0,5.9420985e-05,0.00069213094,-27.576933,2.3457935,0.78193116,0.080000006,0.0,0.17097414,4.280003,4.2900033,1392000
hardzero_plus_depr__c0p52__z1p10__lam0p010__nu0p50__psi1p00,hardzero_plus_depr,0.05,30,435,0.0,2,0.46039394,0.4604602,1.0147299,0.096665196,0.096665196,1.0,6.623925e-05,0.00068524404,-27.419748,2.2324502,0.7441501,0.16800001,0.0,0.14391719,4.2900033,4.3000035,1395200
hardzero_plus_depr__c0p52__z1p10__lam0p010__nu0p50__psi1p00,hardzero_plus_depr,0.05,30,436,0.0,2,0.4604602,0.46051732,1.0745943,0.08421816,0.08421816,1.0,5.7135756e-05,0.0006784256,-27.579437,2.3641546,0.78805155,0.120000005,0.0,0.18560411,4.3000035,4.3100038,1398400
hardzero_plus_depr__c0p52__z1p10__lam0p010__nu0p50__psi1p00,hardzero_plus_depr,0.05,30,437,0.0,2,0.46051732,0.46060035,0.9079298,0.12361471,0.12361471,1.0,8.302891e-05,0.00067167496,-24.680326,1.9974854,0.66582847,0.216,0.008,0.12365143,4.3100038,4.320004,1401600
hardzero_plus_depr__c0p52__z1p10__lam0p010__nu0p50__psi1p00,hardzero_plus_depr,0.05,30,438,0.0,2,0.46060035,0.4606672,0.99779534,0.10050893,0.10050893,1.0,6.683758e-05,0.0006649915,-26.929853,2.1951935,0.7317312,0.112,0.0,0.14315456,4.320004,4.330004,1404800
hardzero_plus_depr__c0p52__z1p10__lam0p010__nu0p50__psi1p00,hardzero_plus_depr,0.05,30,439,0.0,2,0.4606672,0.4607306,1.0163395,0.09630757,0.09630757,1.0,6.3406456e-05,0.0006583746,-27.004005,2.2359917,0.7453306,0.2,0.0,0.1681666,4.330004,4.3400044,1408000
hardzero_plus_depr__c0p52__z1p10__lam0p010__nu0p50__psi1p00,hardzero_plus_depr,0.05,30,440,0.0,2,0.4607306,0.46079227,1.024173,0.094586015,0.094586015,1.0,6.165339e-05,0.00065182353,-27.071112,2.2532256,0.7510752,0.16000001,0.0,0.16178429,4.3400044,4.3500047,1411200
hardzero_plus_depr__c0p52__z1p10__lam0p010__nu0p50__psi1p00,hardzero_plus_depr,0.05,30,441,0.0,2,0.46079227,0.4608619,0.96703124,0.10788691,0.10788691,1.0,6.9623486e-05,0.0006453377,-26.03273,2.1275113,0.70917046,0.128,0.0,0.15498757,4.3500047,4.360005,1414400
hardzero_plus_depr__c0p52__z1p10__lam0p010__nu0p50__psi1p00,hardzero_plus_depr,0.05,30,442,0.0,2,0.4608619,0.46091306,1.0964054,0.08009301,0.08009301,1.0,5.1172727e-05,0.0006389163,-28.67961,2.41214,0.80404663,0.12,0.0,0.18346627,4.360005,4.370005,1417600
hardzero_plus_depr__c0p52__z1p10__lam0p010__nu0p50__psi1p00,hardzero_plus_depr,0.05,30,443,0.0,2,0.46091306,0.46097684,0.9964676,0.10081668,0.10081668,1.0,6.377248e-05,0.00063255883,-26.922115,2.1922724,0.7307575,0.24000001,0.0,0.14395885,4.370005,4.3800054,1420800
hardzero_plus_depr__c0p52__z1p10__lam0p010__nu0p50__psi1p00,hardzero_plus_depr,0.05,30,444,0.0,2,0.46097684,0.46103668,1.0196922,0.095566966,0.095566966,1.0,5.985021e-05,0.0006262646,-27.147982,2.2433677,0.74778926,0.208,0.0,0.16907811,4.3800054,4.3900056,1424000
hardzero_plus_depr__c0p52__z1p10__lam0p010__nu0p50__psi1p00,hardzero_plus_depr,0.05,30,445,0.0,2,0.46103668,0.46110168,0.97958875,0.10481206,0.10481206,1.0,6.498694e-05,0.000620033,-26.012506,2.1551383,0.71837944,0.15200001,0.0,0.12511528,4.3900056,4.400006,1427200
hardzero_plus_depr__c0p52__z1p10__lam0p010__nu0p50__psi1p00,hardzero_plus_depr,0.05,30,446,0.0,2,0.46110168,0.46116427,0.99159384,0.10195445,0.10195445,1.0,6.2586114e-05,0.00061386346,-26.131933,2.18155,0.72718334,0.14400001,0.0,0.120933,4.400006,4.410006,1430400
hardzero_plus_depr__c0p52__z1p10__lam0p010__nu0p50__psi1p00,hardzero_plus_depr,0.05,30,447,0.0,2,0.46116427,0.4612225,1.0184828,0.09583347,0.09583347,1.0,5.82433e-05,0.00060775527,-26.54555,2.240707,0.74690235,0.23200001,0.0,0.15109468,4.410006,4.4200063,1433600
hardzero_plus_depr__c0p52__z1p10__lam0p010__nu0p50__psi1p00,hardzero_plus_depr,0.05,30,448,0.0,2,0.4612225,0.461284,0.9904057,0.10223374,0.10223374,1.0,6.1514846e-05,0.0006017079,-26.447313,2.178936,0.72631204,0.128,0.0,0.13312322,4.4200063,4.4300065,1436800
hardzero_plus_depr__c0p52__z1p10__lam0p010__nu0p50__psi1p00,hardzero_plus_depr,0.05,30,449,0.0,2,0.461284,0.46133906,1.0342966,0.09240668,0.09240668,1.0,5.504857e-05,0.00059572066,-27.770208,2.275498,0.7584993,0.136,0.0,0.17898476,4.4300065,4.4400067,1440000
hardzero_plus_depr__c0p52__z1p10__lam0p010__nu0p50__psi1p00,hardzero_plus_depr,0.05,30,450,0.0,2,0.46133906,0.46139574,1.0171713,0.0961233,0.0961233,1.0,5.6692847e-05,0.00058979297,-27.507896,2.2378216,0.74594057,0.18400002,0.0,0.15694667,4.4400067,4.450007,1443200
hardzero_plus_depr__c0p52__z1p10__lam0p010__nu0p50__psi1p00,hardzero_plus_depr,0.05,30,451,0.0,2,0.46139574,0.46145216,1.0149369,0.096619114,0.096619114,1.0,5.641825e-05,0.0005839243,-28.043936,2.2329059,0.744302,0.18400002,0.0,0.17902745,4.450007,4.460007,1446400
hardzero_plus_depr__c0p52__z1p10__lam0p010__nu0p50__psi1p00,hardzero_plus_depr,0.05,30,452,0.0,2,0.46145216,0.46150646,1.0272563,0.09391689,0.09391689,1.0,5.4294673e-05,0.000578114,-27.428747,2.2600088,0.7533363,0.104,0.0,0.16286974,4.460007,4.4700074,1449600
hardzero_plus_depr__c0p52__z1p10__lam0p010__nu0p50__psi1p00,hardzero_plus_depr,0.05,30,453,0.0,2,0.46150646,0.46156362,1.000486,0.099888146,0.099888146,1.0,5.7172136e-05,0.0005723616,-27.315317,2.2011132,0.73370445,0.16000001,0.0,0.16649914,4.4700074,4.4800076,1452800
hardzero_plus_depr__c0p52__z1p10__lam0p010__nu0p50__psi1p00,hardzero_plus_depr,0.05,30,454,0.0,2,0.46156362,0.46161458,1.046042,0.08994108,0.08994108,1.0,5.0966584e-05,0.00056666636,-27.2468,2.3013382,0.76711273,0.192,0.0,0.18312868,4.4800076,4.490008,1456000
hardzero_plus_depr__c0p52__z1p10__lam0p010__nu0p50__psi1p00,hardzero_plus_depr,0.05,30,455,0.0,2,0.46161458,0.46166357,1.05876,0.087345384,0.087345384,1.0,4.900319e-05,0.0005610278,-27.99049,2.3293185,0.77643955,0.14999999,0.0,0.17699766,4.490008,4.500008,1459200
hardzero_plus_depr__c0p52__z1p10__lam0p010__nu0p50__psi1p00,hardzero_plus_depr,0.05,30,456,0.0,2,0.46166357,0.46171257,1.0543914,0.08822844,0.08822844,1.0,4.900608e-05,0.0005554454,-27.814222,2.3197074,0.7732358,0.16800001,0.0,0.15782619,4.500008,4.5100083,1462400
hardzero_plus_depr__c0p52__z1p10__lam0p010__nu0p50__psi1p00,hardzero_plus_depr,0.05,30,457,0.0,2,0.46171257,0.4617653,1.0184226,0.09584674,0.09584674,1.0,5.2707892e-05,0.00054991845,-27.286308,2.2405744,0.7468581,0.216,0.0,0.16935222,4.5100083,4.5200086,1465600
hardzero_plus_depr__c0p52__z1p10__lam0p010__nu0p50__psi1p00,hardzero_plus_depr,0.05,30,458,0.0,2,0.4617653,0.46182156,0.98564976,0.10335946,0.10335946,1.0,5.62737e-05,0.0005444465,-26.306496,2.1684728,0.7228243,0.16000001,0.0,0.16480102,4.5200086,4.530009,1468800
hardzero_plus_depr__c0p52__z1p10__lam0p010__nu0p50__psi1p00,hardzero_plus_depr,0.05,30,459,0.0,2,0.46182156,0.46187568,0.9983286,0.1003856,0.1003856,1.0,5.4110755e-05,0.0005390291,-26.645208,2.1963668,0.7321223,0.23200001,0.0,0.13701676,4.530009,4.540009,1472000
hardzero_plus_depr__c0p52__z1p10__lam0p010__nu0p50__psi1p00,hardzero_plus_depr,0.05,30,460,0.0,2,0.46187568,0.46192768,1.0113409,0.09742247,0.09742247,1.0,5.1991017e-05,0.00053366553,-27.212727,2.2249942,0.74166477,0.192,0.0,0.15997928,4.540009,4.5500093,1475200
hardzero_plus_depr__c0p52__z1p10__lam0p010__nu0p50__psi1p00,hardzero_plus_depr,0.05,30,461,0.0,2,0.46192768,0.46198353,0.97579914,0.105730645,0.105730645,1.0,5.5863347e-05,0.0005283553,-25.705822,2.146801,0.7156004,0.18400002,0.0,0.15149216,4.5500093,4.5600095,1478400
hardzero_plus_depr__c0p52__z1p10__lam0p010__nu0p50__psi1p00,hardzero_plus_depr,0.05,30,462,0.0,2,0.46198353,0.462034,1.0157387,0.09644089,0.09644089,1.0,5.0448034e-05,0.000523098,-27.243223,2.23467,0.74489,0.18400002,0.0,0.16195096,4.5600095,4.5700097,1481600
hardzero_plus_depr__c0p52__z1p10__lam0p010__nu0p50__psi1p00,hardzero_plus_depr,0.05,30,463,0.0,2,0.462034,0.46209046,0.9624647,0.109027304,0.109027304,1.0,5.6464476e-05,0.000517893,-26.308937,2.1174645,0.7058215,0.192,0.0,0.14628978,4.5700097,4.58001,1484800
hardzero_plus_depr__c0p52__z1p10__lam0p010__nu0p50__psi1p00,hardzero_plus_depr,0.05,30,464,0.0,2,0.46209046,0.4621415,1.0018063,0.09958497,0.09958497,1.0,5.106117e-05,0.00051273976,-27.458145,2.2040179,0.73467267,0.16800001,0.0,0.16647197,4.58001,4.59001,1488000
hardzero_plus_depr__c0p52__z1p10__lam0p010__nu0p50__psi1p00,hardzero_plus_depr,0.05,30,465,0.0,2,0.4621415,0.46219745,0.95792764,0.11017228,0.11017228,1.0,5.5927612e-05,0.0005076378,-26.669357,2.107483,0.7024943,0.18400002,0.0,0.14340231,4.59001,4.6000104,1491200
hardzero_plus_depr__c0p52__z1p10__lam0p010__nu0p50__psi1p00,hardzero_plus_depr,0.05,30,466,0.0,2,0.46219745,0.46224546,1.0199167,0.09551758,0.09551758,1.0,4.800585e-05,0.00050258654,-27.514359,2.2438614,0.74795383,0.14400001,0.0,0.16626808,4.6000104,4.6100106,1494400
hardzero_plus_depr__c0p52__z1p10__lam0p010__nu0p50__psi1p00,hardzero_plus_depr,0.05,30,467,0.0,2,0.46224546,0.46228814,1.0667424,0.085754625,0.085754625,1.0,4.2670268e-05,0.0004975856,-28.682703,2.3468802,0.78229344,0.14400001,0.0,0.20046215,4.6100106,4.620011,1497600
hardzero_plus_depr__c0p52__z1p10__lam0p010__nu0p50__psi1p00,hardzero_plus_depr,0.05,30,468,0.0,2,0.46228814,0.46233884,0.98744684,0.10293265,0.10293265,1.0,5.070817e-05,0.0004926345,-25.603891,2.1724265,0.7241422,0.14999999,0.0,0.13500036,4.620011,4.630011,1500800
hardzero_plus_depr__c0p52__z1p10__lam0p010__nu0p50__psi1p00,hardzero_plus_depr,0.05,30,469,0.0,2,0.46233884,0.46238637,1.0112807,0.097435966,0.097435966,1.0,4.752269e-05,0.00048773256,-26.975254,2.2248619,0.74162066,0.104,0.0,0.16085726,4.630011,4.6400113,1504000
hardzero_plus_depr__c0p52__z1p10__lam0p010__nu0p50__psi1p00,hardzero_plus_depr,0.05,30,470,0.0,2,0.46238637,0.46242943,1.0497756,0.08917116,0.08917116,1.0,4.3058917e-05,0.00048287943,-27.75992,2.3095524,0.76985085,0.18400002,0.0,0.16176324,4.6400113,4.6500115,1507200
hardzero_plus_depr__c0p52__z1p10__lam0p010__nu0p50__psi1p00,hardzero_plus_depr,0.05,30,471,0.0,2,0.46242943,0.4624773,0.9995962,0.10009303,0.10009303,1.0,4.7851932e-05,0.00047807457,-27.316631,2.1991556,0.7330519,0.14400001,0.0,0.153448,4.6500115,4.660012,1510400
hardzero_plus_depr__c0p52__z1p10__lam0p010__nu0p50__psi1p00,hardzero_plus_depr,0.05,30,472,0.0,2,0.4624773,0.46252635,0.98441696,0.103653274,0.103653274,1.0,4.9060913e-05,0.00047331754,-26.70458,2.1657605,0.7219202,0.16000001,0.0,0.14849475,4.660012,4.670012,1513600
hardzero_plus_depr__c0p52__z1p10__lam0p010__nu0p50__psi1p00,hardzero_plus_depr,0.05,30,473,0.0,2,0.46252635,0.46257117,1.0194286,0.095624976,0.095624976,1.0,4.4810615e-05,0.00046860785,-26.541563,2.2427876,0.7475959,0.080000006,0.0,0.15937653,4.670012,4.680012,1516800
hardzero_plus_depr__c0p52__z1p10__lam0p010__nu0p50__psi1p00,hardzero_plus_depr,0.05,30,474,0.0,2,0.46257117,0.462616,1.0150365,0.09659698,0.09659698,1.0,4.481569e-05,0.00046394506,-27.658033,2.2331247,0.74437493,0.15200001,0.0,0.14108303,4.680012,4.6900125,1520000
hardzero_plus_depr__c0p52__z1p10__lam0p010__nu0p50__psi1p00,hardzero_plus_depr,0.05,30,475,0.0,2,0.462616,0.46265632,1.0565375,0.087793514,0.087793514,1.0,4.032607e-05,0.00045932858,-27.382664,2.324429,0.7748097,0.16000001,0.0,0.17751135,4.6900125,4.7000127,1523200
hardzero_plus_depr__c0p52__z1p10__lam0p010__nu0p50__psi1p00,hardzero_plus_depr,0.05,30,476,0.0,2,0.46265632,0.46269816,1.0362096,0.092000544,0.092000544,1.0,4.1837993e-05,0.00045475812,-27.521338,2.2797065,0.7599022,0.120000005,0.0,0.16251527,4.7000127,4.710013,1526400
hardzero_plus_depr__c0p52__z1p10__lam0p010__nu0p50__psi1p00,hardzero_plus_depr,0.05,30,477,0.0,2,0.46269816,0.46274233,1.008254,0.09811739,0.09811739,1.0,4.4175693e-05,0.00045023306,-27.451477,2.2182033,0.7394011,0.24000001,0.0,0.18621545,4.710013,4.720013,1529600
hardzero_plus_depr__c0p52__z1p10__lam0p010__nu0p50__psi1p00,hardzero_plus_depr,0.05,30,478,0.0,2,0.46274233,0.4627837,1.0325806,0.09277253,0.09277253,1.0,4.1353644e-05,0.0004457531,-27.09689,2.2717228,0.75724095,0.120000005,0.0,0.16564474,4.720013,4.7300134,1532800
hardzero_plus_depr__c0p52__z1p10__lam0p010__nu0p50__psi1p00,hardzero_plus_depr,0.05,30,479,0.0,2,0.4627837,0.46282575,1.0209173,0.095297754,0.095297754,1.0,4.205658e-05,0.00044131765,-27.96917,2.246063,0.7486877,0.216,0.0,0.20041296,4.7300134,4.7400136,1536000
hardzero_plus_depr__c0p52__z1p10__lam0p010__nu0p50__psi1p00,hardzero_plus_depr,0.05,30,480,0.0,2,0.46282575,0.46286157,1.0862343,0.0819909,0.0819909,1.0,3.5823985e-05,0.00043692635,-28.465488,2.3897634,0.7965878,0.096,0.0,0.15333135,4.7400136,4.750014,1539200
hardzero_plus_depr__c0p52__z1p10__lam0p010__nu0p50__psi1p00,hardzero_plus_depr,0.05,30,481,0.0,2,0.46286157,0.46290082,1.0421077,0.09075955,0.09075955,1.0,3.9260656e-05,0.00043257876,-27.407864,2.2926826,0.76422757,0.14999999,0.0,0.15378588,4.750014,4.760014,1542400
hardzero_plus_depr__c0p52__z1p10__lam0p010__nu0p50__psi1p00,hardzero_plus_depr,0.05,30,482,0.0,2,0.46290082,0.46294412,0.99512833,0.10112804,0.10112804,1.0,4.3310552e-05,0.00042827442,-26.708778,2.189326,0.72977537,0.216,0.0,0.17093167,4.760014,4.7700143,1545600
hardzero_plus_depr__c0p52__z1p10__lam0p010__nu0p50__psi1p00,hardzero_plus_depr,0.05,30,483,0.0,2,0.46294412,0.4629811,1.0594598,0.08720476,0.08720476,1.0,3.697595e-05,0.00042401298,-28.557161,2.330858,0.7769527,0.120000005,0.0,0.18046346,4.7700143,4.7800145,1548800
hardzero_plus_depr__c0p52__z1p10__lam0p010__nu0p50__psi1p00,hardzero_plus_depr,0.05,30,484,0.0,2,0.4629811,0.46302304,1.0003545,0.099918395,0.099918395,1.0,4.194513e-05,0.00041979388,-25.432957,2.200824,0.733608,0.17600001,0.0,0.14407235,4.7800145,4.7900147,1552000
hardzero_plus_depr__c0p52__z1p10__lam0p010__nu0p50__psi1p00,hardzero_plus_depr,0.05,30,485,0.0,2,0.46302304,0.46306178,1.0304608,0.09322645,0.09322645,1.0,3.8746475e-05,0.00041561676,-27.358456,2.267059,0.7556864,0.15200001,0.0,0.16683117,4.7900147,4.800015,1555200
hardzero_plus_depr__c0p52__z1p10__lam0p010__nu0p50__psi1p00,hardzero_plus_depr,0.05,30,486,0.0,2,0.46306178,0.4631042,0.98680997,0.10308371,0.10308371,1.0,4.2417007e-05,0.0004114812,-27.126677,2.1710253,0.72367513,0.17600001,0.0,0.15877846,4.800015,4.810015,1558400
hardzero_plus_depr__c0p52__z1p10__lam0p010__nu0p50__psi1p00,hardzero_plus_depr,0.05,30,487,0.0,2,0.4631042,0.46314615,0.9870305,0.10303137,0.10303137,1.0,4.197362e-05,0.0004073868,-26.569658,2.1715105,0.72383684,0.15200001,0.0,0.12802343,4.810015,4.8200154,1561600
hardzero_plus_depr__c0p52__z1p10__lam0p010__nu0p50__psi1p00,hardzero_plus_depr,0.05,30,488,0.0,2,0.46314615,0.4631842,1.0252036,0.094361834,0.094361834,1.0,3.8059254e-05,0.00040333314,-27.412529,2.255493,0.751831,0.16800001,0.0,0.1403483,4.8200154,4.8300157,1564800
hardzero_plus_depr__c0p52__z1p10__lam0p010__nu0p50__psi1p00,hardzero_plus_depr,0.05,30,489,0.0,2,0.4631842,0.46322498,0.990877,0.10212287,0.10212287,1.0,4.0779687e-05,0.00039931983,-26.654428,2.179973,0.7266576,0.136,0.0,0.1520793,4.8300157,4.840016,1568000
hardzero_plus_depr__c0p52__z1p10__lam0p010__nu0p50__psi1p00,hardzero_plus_depr,0.05,30,490,0.0,2,0.46322498,0.46326402,1.0054233,0.098759,0.098759,1.0,3.904402e-05,0.0003953464,-27.451221,2.2119756,0.7373252,0.15200001,0.0,0.17583542,4.840016,4.850016,1571200
hardzero_plus_depr__c0p52__z1p10__lam0p010__nu0p50__psi1p00,hardzero_plus_depr,0.05,30,491,0.0,2,0.46326402,0.46330357,0.99552596,0.1010355,0.1010355,1.0,3.9546565e-05,0.00039141258,-26.280315,2.1902008,0.73006696,0.208,0.0,0.14100471,4.850016,4.8600163,1574400
hardzero_plus_depr__c0p52__z1p10__lam0p010__nu0p50__psi1p00,hardzero_plus_depr,0.05,30,492,0.0,2,0.46330357,0.46334314,0.99071777,0.1021603,0.1021603,1.0,3.9588936e-05,0.00038751782,-26.495718,2.1796227,0.7265409,0.2,0.008,0.14151673,4.8600163,4.8700166,1577600
hardzero_plus_depr__c0p52__z1p10__lam0p010__nu0p50__psi1p00,hardzero_plus_depr,0.05,30,493,0.0,2,0.46334314,0.46337777,1.044624,0.0902352,0.0902352,1.0,3.461981e-05,0.0003836619,-27.209202,2.2982187,0.7660729,0.16800001,0.0,0.16360942,4.8700166,4.880017,1580800
hardzero_plus_depr__c0p52__z1p10__lam0p010__nu0p50__psi1p00,hardzero_plus_depr,0.05,30,494,0.0,2,0.46337777,0.46341333,1.0287486,0.093594715,0.093594715,1.0,3.555142e-05,0.0003798443,-28.769073,2.263292,0.7544307,0.14999999,0.0,0.1832713,4.880017,4.890017,1584000
hardzero_plus_depr__c0p52__z1p10__lam0p010__nu0p50__psi1p00,hardzero_plus_depr,0.05,30,495,0.0,2,0.46341333,0.4634524,0.98326194,0.10392932,0.10392932,1.0,3.9084152e-05,0.00037606474,-26.084406,2.1632195,0.72107315,0.192,0.008,0.15427268,4.890017,4.9000173,1587200
hardzero_plus_depr__c0p52__z1p10__lam0p010__nu0p50__psi1p00,hardzero_plus_depr,0.05,30,496,0.0,2,0.4634524,0.46348977,0.99824995,0.10040379,0.10040379,1.0,3.738261e-05,0.0003723227,-27.502968,2.1961937,0.7320646,0.208,0.0,0.17973565,4.9000173,4.9100175,1590400
hardzero_plus_depr__c0p52__z1p10__lam0p010__nu0p50__psi1p00,hardzero_plus_depr,0.05,30,497,0.0,2,0.46348977,0.4635233,1.04101,0.09098923,0.09098923,1.0,3.3540266e-05,0.00036861797,-27.329756,2.2902677,0.7634226,0.120000005,0.0,0.15830189,4.9100175,4.9200177,1593600
hardzero_plus_depr__c0p52__z1p10__lam0p010__nu0p50__psi1p00,hardzero_plus_depr,0.05,30,498,0.0,2,0.4635233,0.46355504,1.0604445,0.08700726,0.08700726,1.0,3.175331e-05,0.0003649501,-28.572624,2.3330245,0.77767485,0.128,0.0,0.17562945,4.9200177,4.930018,1596800
hardzero_plus_depr__c0p52__z1p10__lam0p010__nu0p50__psi1p00,hardzero_plus_depr,0.05,30,499,0.0,2,0.46355504,0.46359,1.0144372,0.09673035,0.09673035,1.0,3.495048e-05,0.00036131867,-26.383806,2.2318063,0.74393547,0.14400001,0.0,0.14678438,4.930018,4.940018,1600000
hardzero_plus_depr__c0p52__z1p10__lam0p010__nu0p50__psi1p00,hardzero_plus_depr,0.05,30,500,0.0,2,0.46359,0.4636244,1.0172124,0.09611421,0.09611421,1.0,3.4382305e-05,0.00035772342,-27.683552,2.237912,0.74597067,0.15200001,0.0,0.14274712,4.940018,4.9500184,1603200
hardzero_plus_depr__c0p52__z1p10__lam0p010__nu0p50__psi1p00,hardzero_plus_depr,0.05,30,501,0.0,2,0.4636244,0.46365744,1.0299536,0.0933354,0.0933354,1.0,3.305603e-05,0.0003541639,-27.699837,2.2659433,0.75531447,0.16800001,0.0,0.16989622,4.9500184,4.9600186,1606400
hardzero_plus_depr__c0p52__z1p10__lam0p010__nu0p50__psi1p00,hardzero_plus_depr,0.05,30,502,0.0,2,0.46365744,0.46368998,1.0322059,0.09285259,0.09285259,1.0,3.2557822e-05,0.00035063986,-27.494541,2.2708983,0.7569661,0.16000001,0.0,0.16262718,4.9600186,4.970019,1609600
hardzero_plus_depr__c0p52__z1p10__lam0p010__nu0p50__psi1p00,hardzero_plus_depr,0.05,30,503,0.0,2,0.46368998,0.46372432,1.004668,0.09893091,0.09893091,1.0,3.434395e-05,0.00034715087,-26.560335,2.2103138,0.7367713,0.112,0.0,0.14702713,4.970019,4.980019,1612800
hardzero_plus_depr__c0p52__z1p10__lam0p010__nu0p50__psi1p00,hardzero_plus_depr,0.05,30,504,0.0,2,0.46372432,0.46376002,0.98334557,0.10390929,0.10390929,1.0,3.5713267e-05,0.00034369656,-26.428246,2.1634035,0.72113454,0.23200001,0.0,0.13748622,4.980019,4.9900193,1616000
hardzero_plus_depr__c0p52__z1p10__lam0p010__nu0p50__psi1p00,hardzero_plus_depr,0.05,30,505,0.0,2,0.46376002,0.4637912,1.0379119,0.091640644,0.091640644,1.0,3.118317e-05,0.00034027666,-27.744421,2.2834518,0.7611506,0.15200001,0.0,0.17211248,4.9900193,5.0000196,1619200
hardzero_plus_depr__c0p52__z1p10__lam0p010__nu0p50__psi1p00,hardzero_plus_depr,0.05,30,506,0.0,2,0.4637912,0.4638222,1.0362719,0.09198734,0.09198734,1.0,3.0989686e-05,0.00033689078,-27.71531,2.2798438,0.75994796,0.17600001,0.0,0.16395332,5.0000196,5.01002,1622400
hardzero_plus_depr__c0p52__z1p10__lam0p010__nu0p50__psi1p00,hardzero_plus_depr,0.05,30,507,0.0,2,0.4638222,0.46384996,1.0795665,0.08325943,0.08325943,1.0,2.7770233e-05,0.00033353857,-27.641937,2.3750937,0.7916979,0.11,0.0,0.17933013,5.01002,5.02002,1625600
hardzero_plus_depr__c0p52__z1p10__lam0p010__nu0p50__psi1p00,hardzero_plus_depr,0.05,30,508,0.0,2,0.46384996,0.4638767,1.0918612,0.08093544,0.08093544,1.0,2.672648e-05,0.00033021974,-29.125164,2.4021428,0.80071425,0.080000006,0.0,0.21599369,5.02002,5.03002,1628800
hardzero_plus_depr__c0p52__z1p10__lam0p010__nu0p50__psi1p00,hardzero_plus_depr,0.05,30,509,0.0,2,0.4638767,0.46390867,1.0094483,0.097847946,0.097847946,1.0,3.1989814e-05,0.00032693392,-26.784227,2.2208307,0.74027693,0.18400002,0.0,0.15254264,5.03002,5.0400205,1632000
hardzero_plus_depr__c0p52__z1p10__lam0p010__nu0p50__psi1p00,hardzero_plus_depr,0.05,30,510,0.0,2,0.46390867,0.4639403,1.0103058,0.097654946,0.097654946,1.0,3.160903e-05,0.00032368078,-26.324219,2.222717,0.7409057,0.14400001,0.0,0.15997592,5.0400205,5.0500207,1635200
hardzero_plus_depr__c0p52__z1p10__lam0p010__nu0p50__psi1p00,hardzero_plus_depr,0.05,30,511,0.0,2,0.4639403,0.46396926,1.0436597,0.09043578,0.09043578,1.0,2.8981054e-05,0.00032046004,-27.239376,2.296097,0.7653657,0.15200001,0.0,0.15052259,5.0500207,5.060021,1638400
hardzero_plus_depr__c0p52__z1p10__lam0p010__nu0p50__psi1p00,hardzero_plus_depr,0.05,30,512,0.0,2,0.46396926,0.46399733,1.0529993,0.08851171,0.08851171,1.0,2.808223e-05,0.00031727133,-27.79687,2.3166447,0.7722149,0.136,0.0,0.17129008,5.060021,5.070021,1641600
hardzero_plus_depr__c0p52__z1p10__lam0p010__nu0p50__psi1p00,hardzero_plus_depr,0.05,30,513,0.0,2,0.46399733,0.46402642,1.0335001,0.09257632,0.09257632,1.0,2.9079552e-05,0.00031411438,-27.781467,2.2737455,0.7579152,0.128,0.0,0.17734617,5.070021,5.0800214,1644800
hardzero_plus_depr__c0p52__z1p10__lam0p010__nu0p50__psi1p00,hardzero_plus_depr,0.05,30,514,0.0,2,0.46402642,0.46405736,1.0021185,0.09951338,0.09951338,1.0,3.0947547e-05,0.0003109888,-26.483421,2.2047048,0.7349016,0.128,0.0,0.1682969,5.0800214,5.0900216,1648000
hardzero_plus_depr__c0p52__z1p10__lam0p010__nu0p50__psi1p00,hardzero_plus_depr,0.05,30,515,0.0,2,0.46405736,0.46408936,0.98317695,0.10394966,0.10394966,1.0,3.200551e-05,0.00030789434,-26.824612,2.1630325,0.72101086,0.128,0.0,0.15450536,5.0900216,5.100022,1651200
hardzero_plus_depr__c0p52__z1p10__lam0p010__nu0p50__psi1p00,hardzero_plus_depr,0.05,30,516,0.0,2,0.46408936,0.4641189,1.0135747,0.09692265,0.09692265,1.0,2.9544997e-05,0.00030483067,-27.034344,2.229909,0.743303,0.15200001,0.0,0.16213952,5.100022,5.110022,1654400
hardzero_plus_depr__c0p52__z1p10__lam0p010__nu0p50__psi1p00,hardzero_plus_depr,0.05,30,517,0.0,2,0.4641189,0.46414554,1.0542699,0.08825311,0.08825311,1.0,2.6634567e-05,0.0003017975,-27.433537,2.3194401,0.77314675,0.16000001,0.0,0.15895958,5.110022,5.1200223,1657600
hardzero_plus_depr__c0p52__z1p10__lam0p010__nu0p50__psi1p00,hardzero_plus_depr,0.05,30,518,0.0,2,0.46414554,0.4641789,0.9521354,0.11165151,0.11165151,1.0,3.336086e-05,0.0002987945,-26.051825,2.0947397,0.6982466,0.16800001,0.0,0.14163293,5.1200223,5.1300225,1660800
hardzero_plus_depr__c0p52__z1p10__lam0p010__nu0p50__psi1p00,hardzero_plus_depr,0.05,30,519,0.0,2,0.4641789,0.4642067,1.027112,0.09394809,0.09394809,1.0,2.7791853e-05,0.00029582137,-28.26966,2.2596915,0.7532305,0.136,0.0,0.19878682,5.1300225,5.1400228,1664000
hardzero_plus_depr__c0p52__z1p10__lam0p010__nu0p50__psi1p00,hardzero_plus_depr,0.05,30,520,0.0,2,0.4642067,0.46423408,1.0292277,0.093491524,0.093491524,1.0,2.7381593e-05,0.0002928778,-27.004885,2.2643461,0.7547821,0.06,0.0,0.15917312,5.1400228,5.150023,1667200
hardzero_plus_depr__c0p52__z1p10__lam0p010__nu0p50__psi1p00,hardzero_plus_depr,0.05,30,521,0.0,2,0.46423408,0.4642611,1.0305995,0.09319669,0.09319669,1.0,2.7023643e-05,0.00028996356,-28.04012,2.267364,0.755788,0.192,0.0,0.15566722,5.150023,5.160023,1670400
hardzero_plus_depr__c0p52__z1p10__lam0p010__nu0p50__psi1p00,hardzero_plus_depr,0.05,30,522,0.0,2,0.4642611,0.46429265,0.9594667,0.10978254,0.10978254,1.0,3.151619e-05,0.00028707832,-25.821049,2.110869,0.703623,0.16000001,0.0,0.1417429,5.160023,5.1700234,1673600
hardzero_plus_depr__c0p52__z1p10__lam0p010__nu0p50__psi1p00,hardzero_plus_depr,0.05,30,523,0.0,2,0.46429265,0.4643198,1.020092,0.095479034,0.095479034,1.0,2.7137225e-05,0.0002842218,-26.493309,2.2442472,0.7480824,0.128,0.0,0.16184907,5.1700234,5.1800237,1676800
hardzero_plus_depr__c0p52__z1p10__lam0p010__nu0p50__psi1p00,hardzero_plus_depr,0.05,30,524,0.0,2,0.4643198,0.4643456,1.0374411,0.09174002,0.09174002,1.0,2.5815061e-05,0.00028139367,-27.877537,2.282416,0.76080537,0.192,0.0,0.1889697,5.1800237,5.190024,1680000
hardzero_plus_depr__c0p52__z1p10__lam0p010__nu0p50__psi1p00,hardzero_plus_depr,0.05,30,525,0.0,2,0.4643456,0.46437246,1.0158584,0.096414335,0.096414335,1.0,2.6860427e-05,0.0002785937,-26.602795,2.2349331,0.7449777,0.136,0.0,0.1678251,5.190024,5.200024,1683200
hardzero_plus_depr__c0p52__z1p10__lam0p010__nu0p50__psi1p00,hardzero_plus_depr,0.05,30,526,0.0,2,0.46437246,0.46439746,1.0424943,0.09067878,0.09067878,1.0,2.5011164e-05,0.00027582157,-27.985415,2.2935333,0.7645111,0.128,0.0,0.17034408,5.200024,5.2100244,1686400
hardzero_plus_depr__c0p52__z1p10__lam0p010__nu0p50__psi1p00,hardzero_plus_depr,0.05,30,527,0.0,2,0.46439746,0.4644228,1.0325425,0.092780665,0.092780665,1.0,2.5336267e-05,0.00027307702,-27.89155,2.2716389,0.757213,0.17600001,0.0,0.15928036,5.2100244,5.2200246,1689600
hardzero_plus_depr__c0p52__z1p10__lam0p010__nu0p50__psi1p00,hardzero_plus_depr,0.05,30,528,0.0,2,0.4644228,0.46445134,0.9764747,0.105566286,0.105566286,1.0,2.8540882e-05,0.00027035983,-26.625732,2.1482873,0.7160958,0.15200001,0.0,0.1489026,5.2200246,5.230025,1692800
hardzero_plus_depr__c0p52__z1p10__lam0p010__nu0p50__psi1p00,hardzero_plus_depr,0.05,30,529,0.0,2,0.46445134,0.46447772,1.006229,0.09857596,0.09857596,1.0,2.6385791e-05,0.00026766965,-26.915537,2.2137482,0.7379161,0.16800001,0.0,0.1653717,5.230025,5.240025,1696000
hardzero_plus_depr__c0p52__z1p10__lam0p010__nu0p50__psi1p00,hardzero_plus_depr,0.05,30,530,0.0,2,0.46447772,0.46450505,0.9868663,0.10307033,0.10307033,1.0,2.7314278e-05,0.0002650062,-26.0906,2.1711493,0.72371644,0.16800001,0.0,0.14157805,5.240025,5.2500253,1699200
hardzero_plus_depr__c0p52__z1p10__lam0p010__nu0p50__psi1p00,hardzero_plus_depr,0.05,30,531,0.0,2,0.46450505,0.46453235,0.9827384,0.10405467,0.10405467,1.0,2.7300748e-05,0.00026236929,-26.295908,2.1620677,0.72068924,0.17600001,0.0,0.15127516,5.2500253,5.2600255,1702400
hardzero_plus_depr__c0p52__z1p10__lam0p010__nu0p50__psi1p00,hardzero_plus_depr,0.05,30,532,0.0,2,0.46453235,0.46455827,1.0007621,0.099824674,0.099824674,1.0,2.593032e-05,0.0002597586,-27.356464,2.2017205,0.73390687,0.136,0.0,0.15062031,5.2600255,5.2700257,1705600
hardzero_plus_depr__c0p52__z1p10__lam0p010__nu0p50__psi1p00,hardzero_plus_depr,0.05,30,533,0.0,2,0.46455827,0.4645825,1.0257624,0.09424049,0.09424049,1.0,2.4236197e-05,0.00025717393,-27.39764,2.2567225,0.75224084,0.12,0.0,0.1677813,5.2700257,5.280026,1708800
hardzero_plus_depr__c0p52__z1p10__lam0p010__nu0p50__psi1p00,hardzero_plus_depr,0.05,30,534,0.0,2,0.4645825,0.4646072,1.0129918,0.09705284,0.09705284,1.0,2.4711104e-05,0.00025461495,-27.510313,2.2286265,0.7428755,0.16800001,0.0,0.179445,5.280026,5.290026,1712000
hardzero_plus_depr__c0p52__z1p10__lam0p010__nu0p50__psi1p00,hardzero_plus_depr,0.05,30,535,0.0,2,0.4646072,0.46463332,0.9849318,0.103530474,0.103530474,1.0,2.609811e-05,0.00025208143,-26.949545,2.1668932,0.7222978,0.14400001,0.0,0.14297792,5.290026,5.3000264,1715200
hardzero_plus_depr__c0p52__z1p10__lam0p010__nu0p50__psi1p00,hardzero_plus_depr,0.05,30,536,0.0,2,0.46463332,0.46465686,1.025577,0.09428074,0.09428074,1.0,2.352994e-05,0.00024957312,-27.01742,2.2563143,0.75210476,0.16800001,0.0,0.17255747,5.3000264,5.3100266,1718400
hardzero_plus_depr__c0p52__z1p10__lam0p010__nu0p50__psi1p00,hardzero_plus_depr,0.05,30,537,0.0,2,0.46465686,0.4646839,0.961153,0.10935712,0.10935712,1.0,2.7021022e-05,0.00024708975,-26.31226,2.1145787,0.7048596,0.23200001,0.0,0.14298448,5.3100266,5.320027,1721600
hardzero_plus_depr__c0p52__z1p10__lam0p010__nu0p50__psi1p00,hardzero_plus_depr,0.05,30,538,0.0,2,0.4646839,0.46471158,0.9460757,0.1132203,0.1132203,1.0,2.769721e-05,0.00024463114,-26.043413,2.081408,0.6938027,0.120000005,0.0,0.13022004,5.320027,5.330027,1724800
hardzero_plus_depr__c0p52__z1p10__lam0p010__nu0p50__psi1p00,hardzero_plus_depr,0.05,30,539,0.0,2,0.46471158,0.46473736,0.9731104,0.10638725,0.10638725,1.0,2.5766669e-05,0.00024219695,-26.650553,2.1408856,0.71362853,0.17600001,0.0,0.15123367,5.330027,5.3400273,1728000
hardzero_plus_depr__c0p52__z1p10__lam0p010__nu0p50__psi1p00,hardzero_plus_depr,0.05,30,540,0.0,2,0.46473736,0.46475843,1.0561938,0.087863036,0.087863036,1.0,2.1068414e-05,0.000239787,-27.334364,2.3236728,0.7745576,0.128,0.008,0.15700321,5.3400273,5.3500276,1731200
hardzero_plus_depr__c0p52__z1p10__lam0p010__nu0p50__psi1p00,hardzero_plus_depr,0.05,30,541,0.0,2,0.46475843,0.46478036,1.0344803,0.092367604,0.092367604,1.0,2.1928161e-05,0.000237401,-27.947973,2.2759023,0.7586341,0.192,0.0,0.17788443,5.3500276,5.360028,1734400
hardzero_plus_depr__c0p52__z1p10__lam0p010__nu0p50__psi1p00,hardzero_plus_depr,0.05,30,542,0.0,2,0.46478036,0.46479908,1.0988617,0.07964128,0.07964128,1.0,1.8718789e-05,0.00023503877,-28.796286,2.4175441,0.80584806,0.16000001,0.0,0.17091759,5.360028,5.370028,1737600
hardzero_plus_depr__c0p52__z1p10__lam0p010__nu0p50__psi1p00,hardzero_plus_depr,0.05,30,543,0.0,2,0.46479908,0.46482253,0.99646467,0.10081735,0.10081735,1.0,2.3460203e-05,0.00023270005,-25.86418,2.192266,0.7307553,0.15200001,0.0,0.14306547,5.370028,5.3800282,1740800
hardzero_plus_depr__c0p52__z1p10__lam0p010__nu0p50__psi1p00,hardzero_plus_depr,0.05,30,544,0.0,2,0.46482253,0.4648471,0.972289,0.10658863,0.10658863,1.0,2.4556379e-05,0.0002303846,-26.237381,2.1390786,0.7130262,0.18400002,0.0,0.13011928,5.3800282,5.3900285,1744000
hardzero_plus_depr__c0p52__z1p10__lam0p010__nu0p50__psi1p00,hardzero_plus_depr,0.05,30,545,0.0,2,0.4648471,0.46487072,0.9843739,0.103663564,0.103663564,1.0,2.3644849e-05,0.00022809218,-26.706907,2.1656659,0.72188866,0.16000001,0.0,0.14963661,5.3900285,5.4000287,1747200
hardzero_plus_depr__c0p52__z1p10__lam0p010__nu0p50__psi1p00,hardzero_plus_depr,0.05,30,546,0.0,2,0.46487072,0.4648911,1.0445538,0.09024979,0.09024979,1.0,2.038044e-05,0.00022582256,-26.787361,2.2980642,0.76602143,0.11,0.0,0.14916115,5.4000287,5.410029,1750400
hardzero_plus_depr__c0p52__z1p10__lam0p010__nu0p50__psi1p00,hardzero_plus_depr,0.05,30,547,0.0,2,0.4648911,0.4649137,0.99560994,0.10101597,0.10101597,1.0,2.25847e-05,0.00022357554,-26.75262,2.1903856,0.7301285,0.208,0.0,0.15819067,5.410029,5.420029,1753600
hardzero_plus_depr__c0p52__z1p10__lam0p010__nu0p50__psi1p00,hardzero_plus_depr,0.05,30,548,0.0,2,0.4649137,0.46493647,0.98802173,0.10279648,0.10279648,1.0,2.275409e-05,0.00022135086,-26.487919,2.1736913,0.7245638,0.18400002,0.0,0.13868985,5.420029,5.4300294,1756800
hardzero_plus_depr__c0p52__z1p10__lam0p010__nu0p50__psi1p00,hardzero_plus_depr,0.05,30,549,0.0,2,0.46493647,0.46495607,1.0483451,0.089465365,0.089465365,1.0,1.9606186e-05,0.00021914835,-27.80709,2.3064053,0.7688018,0.120000005,0.0,0.17889544,5.4300294,5.4400296,1760000
hardzero_plus_depr__c0p52__z1p10__lam0p010__nu0p50__psi1p00,hardzero_plus_depr,0.05,30,550,0.0,2,0.46495607,0.46497527,1.0529648,0.08851874,0.08851874,1.0,1.920571e-05,0.00021696773,-28.192076,2.3165689,0.7721896,0.120000005,0.0,0.16753675,5.4400296,5.45003,1763200
hardzero_plus_depr__c0p52__z1p10__lam0p010__nu0p50__psi1p00,hardzero_plus_depr,0.05,30,551,0.0,2,0.46497527,0.46499786,0.97839665,0.105100155,0.105100155,1.0,2.257644e-05,0.00021480881,-26.419579,2.1525156,0.7175052,0.23200001,0.0,0.15311424,5.45003,5.46003,1766400
hardzero_plus_depr__c0p52__z1p10__lam0p010__nu0p50__psi1p00,hardzero_plus_depr,0.05,30,552,0.0,2,0.46499786,0.46501973,0.98763573,0.10288789,0.10288789,1.0,2.188131e-05,0.00021267138,-27.671719,2.172842,0.7242807,0.136,0.0,0.15971684,5.46003,5.4700303,1769600
hardzero_plus_depr__c0p52__z1p10__lam0p010__nu0p50__psi1p00,hardzero_plus_depr,0.05,30,553,0.0,2,0.46501973,0.4650416,0.9834802,0.10387709,0.10387709,1.0,2.1871865e-05,0.00021055523,-26.860603,2.1636996,0.72123325,0.18400002,0.0,0.13172863,5.4700303,5.4800305,1772800
hardzero_plus_depr__c0p52__z1p10__lam0p010__nu0p50__psi1p00,hardzero_plus_depr,0.05,30,554,0.0,2,0.4650416,0.46505955,1.0651253,0.08607452,0.08607452,1.0,1.7943106e-05,0.00020846013,-27.813644,2.3433225,0.78110754,0.15200001,0.0,0.1674927,5.4800305,5.490031,1776000
hardzero_plus_depr__c0p52__z1p10__lam0p010__nu0p50__psi1p00,hardzero_plus_depr,0.05,30,555,0.0,2,0.46505955,0.46507934,1.0185395,0.09582095,0.09582095,1.0,1.977609e-05,0.00020638586,-27.320591,2.2408319,0.74694395,0.16000001,0.0,0.1658624,5.490031,5.500031,1779200
hardzero_plus_depr__c0p52__z1p10__lam0p010__nu0p50__psi1p00,hardzero_plus_depr,0.05,30,556,0.0,2,0.46507934,0.4651013,0.96867436,0.1074795,0.1074795,1.0,2.1961527e-05,0.00020433225,-26.54292,2.1311262,0.7103754,0.18400002,0.0,0.16096248,5.500031,5.510031,1782400
hardzero_plus_depr__c0p52__z1p10__lam0p010__nu0p50__psi1p00,hardzero_plus_depr,0.05,30,557,0.0,2,0.4651013,0.4651196,1.0439146,0.09038273,0.09038273,1.0,1.8284341e-05,0.00020229905,-27.164818,2.2966578,0.76555264,0.16000001,0.0,0.19401644,5.510031,5.5200315,1785600
hardzero_plus_depr__c0p52__z1p10__lam0p010__nu0p50__psi1p00,hardzero_plus_depr,0.05,30,558,0.0,2,0.4651196,0.46513915,1.0104606,0.09762012,0.09762012,1.0,1.9551951e-05,0.00020028609,-27.202345,2.2230577,0.74101925,0.16800001,0.0,0.15046176,5.5200315,5.5300317,1788800
hardzero_plus_depr__c0p52__z1p10__lam0p010__nu0p50__psi1p00,hardzero_plus_depr,0.05,30,559,0.0,2,0.46513915,0.4651577,1.0294998,0.093432985,0.093432985,1.0,1.8527124e-05,0.00019829317,-27.415407,2.2649448,0.75498164,0.21,0.0,0.17316198,5.5300317,5.540032,1792000
hardzero_plus_depr__c0p52__z1p10__lam0p010__nu0p50__psi1p00,hardzero_plus_depr,0.05,30,560,0.0,2,0.4651577,0.46517602,1.0297208,0.09338544,0.09338544,1.0,1.8333438e-05,0.00019632008,-27.421118,2.265431,0.75514364,0.17600001,0.0,0.14307141,5.540032,5.550032,1795200
hardzero_plus_depr__c0p52__z1p10__lam0p010__nu0p50__psi1p00,hardzero_plus_depr,0.05,30,561,0.0,2,0.46517602,0.4651939,1.0358887,0.092068546,0.092068546,1.0,1.7895052e-05,0.00019436661,-26.911898,2.2790005,0.75966686,0.15200001,0.0,0.1611725,5.550032,5.5600324,1798400
hardzero_plus_depr__c0p52__z1p10__lam0p010__nu0p50__psi1p00,hardzero_plus_depr,0.05,30,562,0.0,2,0.4651939,0.46521008,1.0753592,0.084069945,0.084069945,1.0,1.6177797e-05,0.00019243259,-27.859926,2.3658376,0.78861254,0.128,0.0,0.15941323,5.5600324,5.5700326,1801600
hardzero_plus_depr__c0p52__z1p10__lam0p010__nu0p50__psi1p00,hardzero_plus_depr,0.05,30,563,0.0,2,0.46521008,0.465228,1.0266974,0.094037816,0.094037816,1.0,1.791588e-05,0.00019051782,-27.284353,2.2587793,0.75292647,0.208,0.0,0.17972252,5.5700326,5.580033,1804800
hardzero_plus_depr__c0p52__z1p10__lam0p010__nu0p50__psi1p00,hardzero_plus_depr,0.05,30,564,0.0,2,0.465228,0.46524903,0.9523178,0.11160464,0.11160464,1.0,2.1051099e-05,0.00018862209,-26.293247,2.095141,0.69838035,0.17600001,0.0,0.16312301,5.580033,5.590033,1808000
hardzero_plus_depr__c0p52__z1p10__lam0p010__nu0p50__psi1p00,hardzero_plus_depr,0.05,30,565,0.0,2,0.46524903,0.46526638,1.0323726,0.09281697,0.09281697,1.0,1.7333126e-05,0.00018674522,-27.821857,2.271265,0.75708836,0.16800001,0.0,0.16010424,5.590033,5.6000333,1811200
hardzero_plus_depr__c0p52__z1p10__lam0p010__nu0p50__psi1p00,hardzero_plus_depr,0.05,30,566,0.0,2,0.46526638,0.46528298,1.0464817,0.08985003,0.08985003,1.0,1.6612106e-05,0.00018488703,-28.551378,2.3023057,0.76743525,0.14400001,0.0,0.17663074,5.6000333,5.6100335,1814400
hardzero_plus_depr__c0p52__z1p10__lam0p010__nu0p50__psi1p00,hardzero_plus_depr,0.05,30,567,0.0,2,0.46528298,0.46530175,0.9891384,0.10253249,0.10253249,1.0,1.87683e-05,0.00018304733,-27.38024,2.176148,0.7253827,0.15200001,0.0,0.16630606,5.6100335,5.6200337,1817600
hardzero_plus_depr__c0p52__z1p10__lam0p010__nu0p50__psi1p00,hardzero_plus_depr,0.05,30,568,0.0,2,0.46530175,0.46532205,0.95066375,0.1120305,0.1120305,1.0,2.0302832e-05,0.00018122594,-26.53185,2.091502,0.69716734,0.224,0.0,0.13898832,5.6200337,5.630034,1820800
hardzero_plus_depr__c0p52__z1p10__lam0p010__nu0p50__psi1p00,hardzero_plus_depr,0.05,30,569,0.0,2,0.46532205,0.46533862,1.0348715,0.09228444,0.09228444,1.0,1.655792e-05,0.00017942267,-27.268307,2.2767627,0.7589209,0.18400002,0.0,0.15344852,5.630034,5.640034,1824000
hardzero_plus_depr__c0p52__z1p10__lam0p010__nu0p50__psi1p00,hardzero_plus_depr,0.05,30,570,0.0,2,0.46533862,0.46535525,1.0289044,0.093561135,0.093561135,1.0,1.6619953e-05,0.00017763735,-27.649439,2.263635,0.754545,0.136,0.0,0.16168047,5.640034,5.6500344,1827200
hardzero_plus_depr__c0p52__z1p10__lam0p010__nu0p50__psi1p00,hardzero_plus_depr,0.05,30,571,0.0,2,0.46535525,0.46537134,1.0384156,0.091534436,0.091534436,1.0,1.609814e-05,0.00017586978,-28.042536,2.2845597,0.7615199,0.128,0.0,0.16182263,5.6500344,5.6600347,1830400
hardzero_plus_depr__c0p52__z1p10__lam0p010__nu0p50__psi1p00,hardzero_plus_depr,0.05,30,572,0.0,2,0.46537134,0.4653874,1.0347377,0.09231287,0.09231287,1.0,1.6073502e-05,0.00017411982,-27.937643,2.2764685,0.75882286,0.19,0.0,0.15755443,5.6600347,5.670035,1833600
hardzero_plus_depr__c0p52__z1p10__lam0p010__nu0p50__psi1p00,hardzero_plus_depr,0.05,30,573,0.0,2,0.4653874,0.4654033,1.0357765,0.09209234,0.09209234,1.0,1.5875547e-05,0.00017238726,-27.565144,2.2787538,0.7595846,0.14400001,0.0,0.15583865,5.670035,5.680035,1836800
hardzero_plus_depr__c0p52__z1p10__lam0p010__nu0p50__psi1p00,hardzero_plus_depr,0.05,30,574,0.0,2,0.4654033,0.4654182,1.0587428,0.08734886,0.08734886,1.0,1.4908001e-05,0.00017067195,-27.873873,2.3292806,0.7764269,0.224,0.0,0.18418662,5.680035,5.6900353,1840000
hardzero_plus_depr__c0p52__z1p10__lam0p010__nu0p50__psi1p00,hardzero_plus_depr,0.05,30,575,0.0,2,0.4654182,0.46543592,0.9789972,0.10495492,0.10495492,1.0,1.773462e-05,0.00016897368,-26.221813,2.1538367,0.7179456,0.08800001,0.0,0.14323711,5.6900353,5.7000356,1843200
hardzero_plus_depr__c0p52__z1p10__lam0p010__nu0p50__psi1p00,hardzero_plus_depr,0.05,30,576,0.0,2,0.46543592,0.46545362,0.97507906,0.105906084,0.105906084,1.0,1.7717275e-05,0.00016729232,-26.88558,2.1452167,0.7150723,0.112,0.0,0.15657367,5.7000356,5.710036,1846400
hardzero_plus_depr__c0p52__z1p10__lam0p010__nu0p50__psi1p00,hardzero_plus_depr,0.05,30,577,0.0,2,0.46545362,0.46547103,0.9781148,0.10516839,0.10516839,1.0,1.7418799e-05,0.0001656277,-26.60322,2.1518955,0.7172985,0.128,0.0,0.14023621,5.710036,5.720036,1849600
hardzero_plus_depr__c0p52__z1p10__lam0p010__nu0p50__psi1p00,hardzero_plus_depr,0.05,30,578,0.0,2,0.46547103,0.4654883,0.97683895,0.10547778,0.10547778,1.0,1.7296208e-05,0.00016397964,-26.125374,2.1490886,0.7163629,0.216,0.0,0.12859005,5.720036,5.7300363,1852800
hardzero_plus_depr__c0p52__z1p10__lam0p010__nu0p50__psi1p00,hardzero_plus_depr,0.05,30,579,0.0,2,0.4654883,0.46550402,1.0145153,0.09671296,0.09671296,1.0,1.5701155e-05,0.00016234798,-26.809616,2.2319782,0.74399275,0.14400001,0.0,0.14447355,5.7300363,5.7400365,1856000
hardzero_plus_depr__c0p52__z1p10__lam0p010__nu0p50__psi1p00,hardzero_plus_depr,0.05,30,580,0.0,2,0.46550402,0.4655172,1.0868683,0.081871316,0.081871316,1.0,1.3159386e-05,0.00016073255,-28.5978,2.391158,0.79705274,0.128,0.0,0.16808906,5.7400365,5.7500367,1859200
hardzero_plus_depr__c0p52__z1p10__lam0p010__nu0p50__psi1p00,hardzero_plus_depr,0.05,30,581,0.0,2,0.4655172,0.46553445,0.96512127,0.10836243,0.10836243,1.0,1.724406e-05,0.0001591332,-25.214409,2.1233091,0.70776975,0.224,0.0,0.13517542,5.7500367,5.760037,1862400
hardzero_plus_depr__c0p52__z1p10__lam0p010__nu0p50__psi1p00,hardzero_plus_depr,0.05,30,582,0.0,2,0.46553445,0.46554857,1.0476444,0.089609824,0.089609824,1.0,1.4118006e-05,0.00015754976,-27.272985,2.3048637,0.7682879,0.14400001,0.0,0.18898614,5.760037,5.770037,1865600
hardzero_plus_depr__c0p52__z1p10__lam0p010__nu0p50__psi1p00,hardzero_plus_depr,0.05,30,583,0.0,2,0.46554857,0.46556324,1.0271833,0.09393268,0.09393268,1.0,1.4651815e-05,0.00015598208,-27.063665,2.2598484,0.7532828,0.16000001,0.0,0.17555088,5.770037,5.7800374,1868800
hardzero_plus_depr__c0p52__z1p10__lam0p010__nu0p50__psi1p00,hardzero_plus_depr,0.05,30,584,0.0,2,0.46556324,0.46557856,1.0032287,0.09925932,0.09925932,1.0,1.5328616e-05,0.00015443,-26.979252,2.2071471,0.73571575,0.16000001,0.0,0.1730725,5.7800374,5.7900376,1872000
hardzero_plus_depr__c0p52__z1p10__lam0p010__nu0p50__psi1p00,hardzero_plus_depr,0.05,30,585,0.0,2,0.46557856,0.4655921,1.0529752,0.08851661,0.08851661,1.0,1.35336e-05,0.00015289335,-27.6267,2.3165917,0.77219725,0.14,0.0,0.20486449,5.7900376,5.800038,1875200
hardzero_plus_depr__c0p52__z1p10__lam0p010__nu0p50__psi1p00,hardzero_plus_depr,0.05,30,586,0.0,2,0.4655921,0.4656049,1.0720054,0.08472169,0.08472169,1.0,1.2824493e-05,0.000151372,-27.973354,2.358459,0.786153,0.104,0.0,0.16993149,5.800038,5.810038,1878400
hardzero_plus_depr__c0p52__z1p10__lam0p010__nu0p50__psi1p00,hardzero_plus_depr,0.05,30,587,0.0,2,0.4656049,0.46561897,1.0279531,0.09376632,0.09376632,1.0,1.4052363e-05,0.0001498658,-27.634127,2.261542,0.75384736,0.2,0.008,0.1786051,5.810038,5.8200383,1881600
hardzero_plus_depr__c0p52__z1p10__lam0p010__nu0p50__psi1p00,hardzero_plus_depr,0.05,30,588,0.0,2,0.46561897,0.4656322,1.0500824,0.089108184,0.089108184,1.0,1.3221389e-05,0.00014837457,-28.640326,2.3102274,0.7700758,0.128,0.0,0.14903972,5.8200383,5.8300385,1884800
hardzero_plus_depr__c0p52__z1p10__lam0p010__nu0p50__psi1p00,hardzero_plus_depr,0.05,30,589,0.0,2,0.4656322,0.4656467,1.0050225,0.09885018,0.09885018,1.0,1.4520913e-05,0.0001468982,-27.347752,2.2110937,0.7370312,0.120000005,0.0,0.13593073,5.8300385,5.840039,1888000
hardzero_plus_depr__c0p52__z1p10__lam0p010__nu0p50__psi1p00,hardzero_plus_depr,0.05,30,590,0.0,2,0.4656467,0.46565995,1.0412918,0.09093019,0.09093019,1.0,1.3224569e-05,0.0001454365,-27.530657,2.2908878,0.7636293,0.15200001,0.0,0.1659304,5.840039,5.850039,1891200
hardzero_plus_depr__c0p52__z1p10__lam0p010__nu0p50__psi1p00,hardzero_plus_depr,0.05,30,591,0.0,2,0.46565995,0.46567425,1.0028409,0.09934801,0.09934801,1.0,1.4305054e-05,0.00014398934,-26.690805,2.206294,0.7354314,0.104,0.0,0.13890356,5.850039,5.860039,1894400
hardzero_plus_depr__c0p52__z1p10__lam0p010__nu0p50__psi1p00,hardzero_plus_depr,0.05,30,592,0.0,2,0.46567425,0.46568692,1.0515498,0.088807605,0.088807605,1.0,1.266011e-05,0.0001425566,-27.220703,2.3134558,0.77115196,0.136,0.0,0.16443948,5.860039,5.8700395,1897600
hardzero_plus_depr__c0p52__z1p10__lam0p010__nu0p50__psi1p00,hardzero_plus_depr,0.05,30,593,0.0,2,0.46568692,0.46570033,1.0226507,0.09491815,0.09491815,1.0,1.3396568e-05,0.00014113811,-27.530342,2.2498765,0.7499589,0.16000001,0.0,0.15746713,5.8700395,5.8800397,1900800
hardzero_plus_depr__c0p52__z1p10__lam0p010__nu0p50__psi1p00,hardzero_plus_depr,0.05,30,594,0.0,2,0.46570033,0.46571293,1.0442532,0.09031227,0.09031227,1.0,1.2619669e-05,0.00013973372,-28.008104,2.297403,0.7658011,0.072000004,0.0,0.176375,5.8800397,5.89004,1904000
hardzero_plus_depr__c0p52__z1p10__lam0p010__nu0p50__psi1p00,hardzero_plus_depr,0.05,30,595,0.0,2,0.46571293,0.46572572,1.0346434,0.09233292,0.09233292,1.0,1.2773642e-05,0.00013834331,-27.585953,2.2762609,0.75875366,0.17600001,0.0,0.17198832,5.89004,5.90004,1907200
hardzero_plus_depr__c0p52__z1p10__lam0p010__nu0p50__psi1p00,hardzero_plus_depr,0.05,30,596,0.0,2,0.46572572,0.46573886,1.0178047,0.09598319,0.09598319,1.0,1.3146506e-05,0.00013696674,-27.03635,2.2392151,0.74640507,0.104,0.0,0.17302738,5.90004,5.9100404,1910400
hardzero_plus_depr__c0p52__z1p10__lam0p010__nu0p50__psi1p00,hardzero_plus_depr,0.05,30,597,0.0,2,0.46573886,0.46575066,1.0597816,0.087140165,0.087140165,1.0,1.18165435e-05,0.00013560387,-27.708628,2.3315659,0.77718866,0.16800001,0.0,0.19945617,5.9100404,5.9200406,1913600
hardzero_plus_depr__c0p52__z1p10__lam0p010__nu0p50__psi1p00,hardzero_plus_depr,0.05,30,598,0.0,2,0.46575066,0.46576387,1.0073653,0.09831835,0.09831835,1.0,1.3199687e-05,0.00013425456,-26.765524,2.216248,0.7387494,0.21,0.0,0.15322989,5.9200406,5.930041,1916800
hardzero_plus_depr__c0p52__z1p10__lam0p010__nu0p50__psi1p00,hardzero_plus_depr,0.05,30,599,0.0,2,0.46576387,0.46577716,0.9998041,0.10004512,0.10004512,1.0,1.3297866e-05,0.00013291868,-26.7321,2.1996129,0.7332043,0.16000001,0.0,0.1702283,5.930041,5.940041,1920000
hardzero_plus_depr__c0p52__z1p10__lam0p010__nu0p50__psi1p00,hardzero_plus_depr,0.05,30,600,0.0,2,0.46577716,0.46578962,1.0242467,0.09456999,0.09456999,1.0,1.2445042e-05,0.0001315961,-27.140862,2.2533877,0.75112927,0.16000001,0.0,0.16824901,5.940041,5.9500413,1923200
hardzero_plus_depr__c0p52__z1p10__lam0p010__nu0p50__psi1p00,hardzero_plus_depr,0.05,30,601,0.0,2,0.46578962,0.46580166,1.0340172,0.09246615,0.09246615,1.0,1.2047106e-05,0.00013028666,-27.420847,2.2748833,0.75829446,0.16000001,0.0,0.171379,5.9500413,5.9600415,1926400
hardzero_plus_depr__c0p52__z1p10__lam0p010__nu0p50__psi1p00,hardzero_plus_depr,0.05,30,602,0.0,2,0.46580166,0.46581376,1.027492,0.09386592,0.09386592,1.0,1.2107788e-05,0.00012899024,-27.12107,2.2605276,0.7535092,0.104,0.0,0.16370519,5.9600415,5.9700418,1929600
hardzero_plus_depr__c0p52__z1p10__lam0p010__nu0p50__psi1p00,hardzero_plus_depr,0.05,30,603,0.0,2,0.46581376,0.4658266,0.9972889,0.1006262,0.1006262,1.0,1.28506435e-05,0.00012770673,-27.209383,2.1940794,0.73135984,0.216,0.0,0.15125965,5.9700418,5.980042,1932800
hardzero_plus_depr__c0p52__z1p10__lam0p010__nu0p50__psi1p00,hardzero_plus_depr,0.05,30,604,0.0,2,0.4658266,0.46583956,0.9890697,0.102548726,0.102548726,1.0,1.2965853e-05,0.00012643602,-26.557611,2.1759968,0.72533226,0.18400002,0.0,0.16154853,5.980042,5.990042,1936000
hardzero_plus_depr__c0p52__z1p10__lam0p010__nu0p50__psi1p00,hardzero_plus_depr,0.05,30,605,0.0,2,0.46583956,0.46585107,1.0365479,0.091928914,0.091928914,1.0,1.1507472e-05,0.00012517793,-26.394314,2.2804508,0.7601503,0.17600001,0.0,0.1684069,5.990042,6.0000424,1939200
hardzero_plus_depr__c0p52__z1p10__lam0p010__nu0p50__psi1p00,hardzero_plus_depr,0.05,30,606,0.0,2,0.46585107,0.46586254,1.0335525,0.09256513,0.09256513,1.0,1.1471815e-05,0.00012393236,-27.828264,2.273861,0.75795364,0.120000005,0.0,0.17886417,6.0000424,6.0100427,1942400
hardzero_plus_depr__c0p52__z1p10__lam0p010__nu0p50__psi1p00,hardzero_plus_depr,0.05,30,607,0.0,2,0.46586254,0.46587324,1.0598843,0.087119564,0.087119564,1.0,1.0689499e-05,0.00012269917,-28.291897,2.331792,0.77726406,0.17600001,0.0,0.15450852,6.0100427,6.020043,1945600
hardzero_plus_depr__c0p52__z1p10__lam0p010__nu0p50__psi1p00,hardzero_plus_depr,0.05,30,608,0.0,2,0.46587324,0.4658847,1.025395,0.094320245,0.094320245,1.0,1.145786e-05,0.00012147826,-27.986649,2.2559142,0.7519714,0.2,0.0,0.17164862,6.020043,6.030043,1948800
hardzero_plus_depr__c0p52__z1p10__lam0p010__nu0p50__psi1p00,hardzero_plus_depr,0.05,30,609,0.0,2,0.4658847,0.4658945,1.0880784,0.0816435,0.0816435,1.0,9.819225e-06,0.00012026952,-28.557255,2.3938203,0.79794014,0.14400001,0.0,0.1963904,6.030043,6.0400434,1952000
hardzero_plus_depr__c0p52__z1p10__lam0p010__nu0p50__psi1p00,hardzero_plus_depr,0.05,30,610,0.0,2,0.4658945,0.46590465,1.0693952,0.08523241,0.08523241,1.0,1.014886e-05,0.000119072785,-27.919212,2.3527164,0.7842388,0.16800001,0.0,0.15470843,6.0400434,6.0500436,1955200
hardzero_plus_depr__c0p52__z1p10__lam0p010__nu0p50__psi1p00,hardzero_plus_depr,0.05,30,611,0.0,2,0.46590465,0.4659154,1.0394963,0.09130692,0.09130692,1.0,1.0763987e-05,0.00011788797,-26.741835,2.2869375,0.76231253,0.19999999,0.0,0.14703049,6.0500436,6.060044,1958400
hardzero_plus_depr__c0p52__z1p10__lam0p010__nu0p50__psi1p00,hardzero_plus_depr,0.05,30,612,0.0,2,0.4659154,0.46592644,1.024797,0.09445022,0.09445022,1.0,1.1023751e-05,0.00011671493,-27.813795,2.2545984,0.7515328,0.16800001,0.0,0.14141592,6.060044,6.070044,1961600
hardzero_plus_depr__c0p52__z1p10__lam0p010__nu0p50__psi1p00,hardzero_plus_depr,0.05,30,613,0.0,2,0.46592644,0.4659379,1.0031276,0.099282436,0.099282436,1.0,1.147244e-05,0.00011555357,-27.840256,2.2069247,0.7356416,0.120000005,0.0,0.15909086,6.070044,6.0800443,1964800
hardzero_plus_depr__c0p52__z1p10__lam0p010__nu0p50__psi1p00,hardzero_plus_depr,0.05,30,614,0.0,2,0.4659379,0.46594894,1.015752,0.09643797,0.09643797,1.0,1.1032867e-05,0.000114403774,-26.846615,2.234699,0.7448997,0.16000001,0.0,0.15216069,6.0800443,6.0900445,1968000
hardzero_plus_depr__c0p52__z1p10__lam0p010__nu0p50__psi1p00,hardzero_plus_depr,0.05,30,615,0.0,2,0.46594894,0.46595895,1.0539699,0.08831411,0.08831411,1.0,1.0002934e-05,0.000113265414,-26.958025,2.31878,0.7729267,0.136,0.0,0.14022888,6.0900445,6.1000447,1971200
hardzero_plus_depr__c0p52__z1p10__lam0p010__nu0p50__psi1p00,hardzero_plus_depr,0.05,30,616,0.0,2,0.46595895,0.46596912,1.0425054,0.09067647,0.09067647,1.0,1.0168313e-05,0.000112138376,-27.666878,2.2935576,0.7645192,0.128,0.0,0.17094539,6.1000447,6.110045,1974400
hardzero_plus_depr__c0p52__z1p10__lam0p010__nu0p50__psi1p00,hardzero_plus_depr,0.05,30,617,0.0,2,0.46596912,0.46597996,1.0102824,0.097660184,0.097660184,1.0,1.0842483e-05,0.00011102255,-27.399458,2.2226655,0.74088854,0.208,0.0,0.19379373,6.110045,6.120045,1977600
hardzero_plus_depr__c0p52__z1p10__lam0p010__nu0p50__psi1p00,hardzero_plus_depr,0.05,30,618,0.0,2,0.46597996,0.46598947,1.063522,0.08639289,0.08639289,1.0,9.496119e-06,0.00010991783,-28.156626,2.339795,0.7799317,0.15200001,0.0,0.19165424,6.120045,6.1300454,1980800
hardzero_plus_depr__c0p52__z1p10__lam0p010__nu0p50__psi1p00,hardzero_plus_depr,0.05,30,619,0.0,2,0.46598947,0.46600023,1.0051012,0.09883227,0.09883227,1.0,1.0755334e-05,0.00010882411,-26.178038,2.2112668,0.7370889,0.216,0.0,0.16073021,6.1300454,6.1400456,1984000
hardzero_plus_depr__c0p52__z1p10__lam0p010__nu0p50__psi1p00,hardzero_plus_depr,0.05,30,620,0.0,2,0.46600023,0.46601108,0.99685,0.10072795,0.10072795,1.0,1.0852557e-05,0.00010774127,-27.048388,2.1931138,0.731038,0.192,0.0,0.14265475,6.1400456,6.150046,1987200
hardzero_plus_depr__c0p52__z1p10__lam0p010__nu0p50__psi1p00,hardzero_plus_depr,0.05,30,621,0.0,2,0.46601108,0.46602163,1.0044897,0.09897154,0.09897154,1.0,1.0557214e-05,0.0001066692,-27.461887,2.2099214,0.73664045,0.16000001,0.0,0.15196918,6.150046,6.160046,1990400
hardzero_plus_depr__c0p52__z1p10__lam0p010__nu0p50__psi1p00,hardzero_plus_depr,0.05,30,622,0.0,2,0.46602163,0.46603185,1.0142906,0.096763015,0.096763015,1.0,1.021893e-05,0.0001056078,-27.451004,2.2314837,0.74382794,0.192,0.0,0.18502642,6.160046,6.1700463,1993600
hardzero_plus_depr__c0p52__z1p10__lam0p010__nu0p50__psi1p00,hardzero_plus_depr,0.05,30,623,0.0,2,0.46603185,0.466042,1.0120373,0.09726637,0.09726637,1.0,1.0169876e-05,0.00010455696,-26.803148,2.2265265,0.7421755,0.120000005,0.0,0.14386825,6.1700463,6.1800466,1996800
hardzero_plus_depr__c0p52__z1p10__lam0p010__nu0p50__psi1p00,hardzero_plus_depr,0.05,30,624,0.0,2,0.466042,0.4660517,1.0293235,0.09347093,0.09347093,1.0,9.675791e-06,0.00010351658,-28.495564,2.264557,0.7548523,0.14,0.0,0.18334356,6.1800466,6.190047,2000000
hardzero_plus_depr__c0p52__z1p10__lam0p010__nu0p50__psi1p00,hardzero_plus_depr,0.05,30,625,0.0,2,0.4660517,0.46606144,1.0216789,0.09513079,0.09513079,1.0,9.749625e-06,0.00010248654,-26.732834,2.2477386,0.74924624,0.16000001,0.0,0.15097514,6.190047,6.200047,2003200
hardzero_plus_depr__c0p52__z1p10__lam0p010__nu0p50__psi1p00,hardzero_plus_depr,0.05,30,626,0.0,2,0.46606144,0.4660713,1.0124812,0.09716701,0.09716701,1.0,9.859221e-06,0.00010146676,-26.689745,2.227503,0.742501,0.16800001,0.0,0.14703497,6.200047,6.2100472,2006400
hardzero_plus_depr__c0p52__z1p10__lam0p010__nu0p50__psi1p00,hardzero_plus_depr,0.05,30,627,0.0,2,0.4660713,0.46607953,1.0872343,0.08180234,0.08180234,1.0,8.2176275e-06,0.000100457124,-28.595089,2.3919632,0.7973211,0.104,0.0,0.19568823,6.2100472,6.2200475,2009600
hardzero_plus_depr__c0p52__z1p10__lam0p010__nu0p50__psi1p00,hardzero_plus_depr,0.05,30,628,0.0,2,0.46607953,0.466089,1.0203725,0.09541739,0.09541739,1.0,9.489978e-06,9.945753e-05,-27.461279,2.2448642,0.7482881,0.128,0.0,0.19697152,6.2200475,6.2300477,2012800
hardzero_plus_depr__c0p52__z1p10__lam0p010__nu0p50__psi1p00,hardzero_plus_depr,0.05,30,629,0.0,2,0.466089,0.4660976,1.0598327,0.087129906,0.087129906,1.0,8.579499e-06,9.84679e-05,-28.252178,2.3316784,0.77722615,0.120000005,0.0,0.16360378,6.2300477,6.240048,2016000
hardzero_plus_depr__c0p52__z1p10__lam0p010__nu0p50__psi1p00,hardzero_plus_depr,0.05,30,630,0.0,2,0.4660976,0.4661068,1.0252303,0.09435603,0.09435603,1.0,9.19859e-06,9.7488104e-05,-26.967478,2.2555516,0.75185055,0.208,0.0,0.16081792,6.240048,6.250048,2019200
hardzero_plus_depr__c0p52__z1p10__lam0p010__nu0p50__psi1p00,hardzero_plus_depr,0.05,30,631,0.0,2,0.4661068,0.46611544,1.0478528,0.089566834,0.089566834,1.0,8.644817e-06,9.651806e-05,-27.296486,2.3053222,0.7684407,0.128,0.0,0.15853797,6.250048,6.2600484,2022400
hardzero_plus_depr__c0p52__z1p10__lam0p010__nu0p50__psi1p00,hardzero_plus_depr,0.05,30,632,0.0,2,0.46611544,0.4661252,0.99136543,0.10200806,0.10200806,1.0,9.747651e-06,9.555766e-05,-26.415167,2.1810474,0.72701585,0.23200001,0.0,0.14274521,6.2600484,6.2700486,2025600
hardzero_plus_depr__c0p52__z1p10__lam0p010__nu0p50__psi1p00,hardzero_plus_depr,0.05,30,633,0.0,2,0.4661252,0.4661358,0.95000666,0.112200126,0.112200126,1.0,1.0614898e-05,9.460683e-05,-25.882483,2.0900564,0.6966855,0.18400002,0.0,0.14602572,6.2700486,6.280049,2028800
hardzero_plus_depr__c0p52__z1p10__lam0p010__nu0p50__psi1p00,hardzero_plus_depr,0.05,30,634,0.0,2,0.4661358,0.4661453,0.9935614,0.101493575,0.101493575,1.0,9.506442e-06,9.366546e-05,-26.994438,2.1858788,0.72862625,0.17600001,0.0,0.16275819,6.280049,6.290049,2032000
hardzero_plus_depr__c0p52__z1p10__lam0p010__nu0p50__psi1p00,hardzero_plus_depr,0.05,30,635,0.0,2,0.4661453,0.46615407,1.0245237,0.09450967,0.09450967,1.0,8.764207e-06,9.273345e-05,-27.32634,2.2539973,0.75133246,0.128,0.0,0.17740448,6.290049,6.3000493,2035200
hardzero_plus_depr__c0p52__z1p10__lam0p010__nu0p50__psi1p00,hardzero_plus_depr,0.05,30,636,0.0,2,0.46615407,0.46616247,1.0377368,0.09167759,0.09167759,1.0,8.416985e-06,9.181071e-05,-27.606977,2.2830665,0.7610222,0.192,0.0,0.17621699,6.3000493,6.3100495,2038400
hardzero_plus_depr__c0p52__z1p10__lam0p010__nu0p50__psi1p00,hardzero_plus_depr,0.05,30,637,0.0,2,0.46616247,0.4661725,0.9579284,0.11017207,0.11017207,1.0,1.0014329e-05,9.089716e-05,-26.352177,2.1074846,0.70249486,0.22999999,0.0,0.15398586,6.3100495,6.32005,2041600
hardzero_plus_depr__c0p52__z1p10__lam0p010__nu0p50__psi1p00,hardzero_plus_depr,0.05,30,638,0.0,2,0.4661725,0.46618113,1.0168374,0.09619724,0.09619724,1.0,8.65705e-06,8.99927e-05,-27.241411,2.2370868,0.7456956,0.08800001,0.0,0.14368445,6.32005,6.33005,2044800
hardzero_plus_depr__c0p52__z1p10__lam0p010__nu0p50__psi1p00,hardzero_plus_depr,0.05,30,639,0.0,2,0.46618113,0.46619034,0.9851701,0.10347367,0.10347367,1.0,9.219219e-06,8.909724e-05,-26.232315,2.1674175,0.72247255,0.128,0.0,0.13914408,6.33005,6.34005,2048000
hardzero_plus_depr__c0p52__z1p10__lam0p010__nu0p50__psi1p00,hardzero_plus_depr,0.05,30,640,0.0,2,0.46619034,0.46619916,0.9995507,0.1001035,0.1001035,1.0,8.830198e-06,8.821068e-05,-26.644749,2.1990554,0.7330185,0.15200001,0.0,0.15234244,6.34005,6.3500504,2051200
hardzero_plus_depr__c0p52__z1p10__lam0p010__nu0p50__psi1p00,hardzero_plus_depr,0.05,30,641,0.0,2,0.46619916,0.46620652,1.0734837,0.08443379,0.08443379,1.0,7.373852e-06,8.7332955e-05,-28.24702,2.3617113,0.7872371,0.16000001,0.0,0.1729372,6.3500504,6.3600507,2054400
hardzero_plus_depr__c0p52__z1p10__lam0p010__nu0p50__psi1p00,hardzero_plus_depr,0.05,30,642,0.0,2,0.46620652,0.4662148,1.0180438,0.0959304,0.0959304,1.0,8.294522e-06,8.646395e-05,-26.770226,2.239741,0.74658036,0.192,0.0,0.16495131,6.3600507,6.370051,2057600
hardzero_plus_depr__c0p52__z1p10__lam0p010__nu0p50__psi1p00,hardzero_plus_depr,0.05,30,643,0.0,2,0.4662148,0.4662221,1.0698427,0.08514463,0.08514463,1.0,7.2886883e-06,8.560361e-05,-27.18256,2.3537009,0.784567,0.112,0.0,0.14830592,6.370051,6.380051,2060800
hardzero_plus_depr__c0p52__z1p10__lam0p010__nu0p50__psi1p00,hardzero_plus_depr,0.05,30,644,0.0,2,0.4662221,0.46623042,1.0075206,0.098283224,0.098283224,1.0,8.329682e-06,8.475182e-05,-26.074545,2.2165895,0.73886317,0.14400001,0.0,0.15724844,6.380051,6.3900514,2064000
hardzero_plus_depr__c0p52__z1p10__lam0p010__nu0p50__psi1p00,hardzero_plus_depr,0.05,30,645,0.0,2,0.46623042,0.46623918,0.9818296,0.10427264,0.10427264,1.0,8.749362e-06,8.3908504e-05,-26.141258,2.1600683,0.7200228,0.15200001,0.0,0.12678127,6.3900514,6.4000516,2067200
hardzero_plus_depr__c0p52__z1p10__lam0p010__nu0p50__psi1p00,hardzero_plus_depr,0.05,30,646,0.0,2,0.46623918,0.46624815,0.9668969,0.10792028,0.10792028,1.0,8.965324e-06,8.307358e-05,-26.067247,2.1272156,0.7090719,0.216,0.0,0.17822067,6.4000516,6.410052,2070400
hardzero_plus_depr__c0p52__z1p10__lam0p010__nu0p50__psi1p00,hardzero_plus_depr,0.05,30,647,0.0,2,0.46624815,0.4662561,1.0138226,0.09686734,0.09686734,1.0,7.9670435e-06,8.224696e-05,-28.520552,2.2304542,0.74348474,0.192,0.0,0.16017802,6.410052,6.420052,2073600
hardzero_plus_depr__c0p52__z1p10__lam0p010__nu0p50__psi1p00,hardzero_plus_depr,0.05,30,648,0.0,2,0.4662561,0.46626288,1.0808841,0.08300722,0.08300722,1.0,6.75916e-06,8.142858e-05,-28.253614,2.3779926,0.79266423,0.080000006,0.0,0.16162087,6.420052,6.4300523,2076800
hardzero_plus_depr__c0p52__z1p10__lam0p010__nu0p50__psi1p00,hardzero_plus_depr,0.05,30,649,0.0,2,0.46626288,0.4662713,0.98031807,0.104636185,0.104636185,1.0,8.435594e-06,8.061833e-05,-27.21366,2.1567428,0.7189143,0.18400002,0.0,0.18551293,6.4300523,6.4400525,2080000
hardzero_plus_depr__c0p52__z1p10__lam0p010__nu0p50__psi1p00,hardzero_plus_depr,0.05,30,650,0.0,2,0.4662713,0.46627834,1.0548458,0.08813617,0.08813617,1.0,7.0346887e-06,7.981614e-05,-27.484877,2.320707,0.77356905,0.14999999,0.0,0.13459145,6.4400525,6.4500527,2083200
hardzero_plus_depr__c0p52__z1p10__lam0p010__nu0p50__psi1p00,hardzero_plus_depr,0.05,30,651,0.0,2,0.46627834,0.4662856,1.0370021,0.09183281,0.09183281,1.0,7.256807e-06,7.902194e-05,-26.282991,2.28145,0.7604834,0.08800001,0.0,0.15048586,6.4500527,6.460053,2086400
hardzero_plus_depr__c0p52__z1p10__lam0p010__nu0p50__psi1p00,hardzero_plus_depr,0.05,30,652,0.0,2,0.4662856,0.46629262,1.0469092,0.089761645,0.089761645,1.0,7.02256e-06,7.8235644e-05,-27.694286,2.3032463,0.7677488,0.112,0.0,0.17016748,6.460053,6.470053,2089600
hardzero_plus_depr__c0p52__z1p10__lam0p010__nu0p50__psi1p00,hardzero_plus_depr,0.05,30,653,0.0,2,0.46629262,0.4662996,1.0460867,0.089931816,0.089931816,1.0,6.9658645e-06,7.7457174e-05,-27.076582,2.3014367,0.7671456,0.15200001,0.0,0.1449994,6.470053,6.4800534,2092800
hardzero_plus_depr__c0p52__z1p10__lam0p010__nu0p50__psi1p00,hardzero_plus_depr,0.05,30,654,0.0,2,0.4662996,0.46630666,1.0358099,0.09208525,0.09208525,1.0,7.0616898e-06,7.668644e-05,-27.35747,2.2788272,0.7596091,0.14400001,0.0,0.12705506,6.4800534,6.4900537,2096000
hardzero_plus_depr__c0p52__z1p10__lam0p010__nu0p50__psi1p00,hardzero_plus_depr,0.05,30,655,0.0,2,0.46630666,0.46631405,1.011949,0.09728616,0.09728616,1.0,7.386294e-06,7.592338e-05,-27.392824,2.2263322,0.7421107,0.17600001,0.0,0.15297014,6.4900537,6.500054,2099200
hardzero_plus_depr__c0p52__z1p10__lam0p010__nu0p50__psi1p00,hardzero_plus_depr,0.05,30,656,0.0,2,0.46631405,0.4663211,1.0278513,0.093788296,0.093788296,1.0,7.0498704e-06,7.516791e-05,-27.314104,2.2613182,0.75377274,0.14400001,0.0,0.16830504,6.500054,6.510054,2102400
hardzero_plus_depr__c0p52__z1p10__lam0p010__nu0p50__psi1p00,hardzero_plus_depr,0.05,30,657,0.0,2,0.4663211,0.4663282,1.0200353,0.095491506,0.095491506,1.0,7.1064746e-06,7.4419964e-05,-26.562744,2.2441223,0.7480408,0.15200001,0.0,0.16510206,6.510054,6.5200543,2105600
hardzero_plus_depr__c0p52__z1p10__lam0p010__nu0p50__psi1p00,hardzero_plus_depr,0.05,30,658,0.0,2,0.4663282,0.4663353,1.0173962,0.09607354,0.09607354,1.0,7.078646e-06,7.367945e-05,-26.363615,2.2383163,0.74610543,0.104,0.0,0.18082003,6.5200543,6.5300546,2108800
hardzero_plus_depr__c0p52__z1p10__lam0p010__nu0p50__psi1p00,hardzero_plus_depr,0.05,30,659,0.0,2,0.4663353,0.46634254,1.0023625,0.0994575,0.0994575,1.0,7.2550583e-06,7.294631e-05,-26.122046,2.2052414,0.7350805,0.120000005,0.0,0.1399516,6.5300546,6.540055,2112000
hardzero_plus_depr__c0p52__z1p10__lam0p010__nu0p50__psi1p00,hardzero_plus_depr,0.05,30,660,0.0,2,0.46634254,0.4663499,0.99169,0.10193188,0.10193188,1.0,7.3615684e-06,7.222047e-05,-26.949453,2.1817615,0.72725385,0.15200001,0.0,0.15330742,6.540055,6.550055,2115200
hardzero_plus_depr__c0p52__z1p10__lam0p010__nu0p50__psi1p00,hardzero_plus_depr,0.05,30,661,0.0,2,0.4663499,0.46635628,1.050291,0.0890654,0.0890654,1.0,6.3683406e-06,7.150185e-05,-27.143665,2.310686,0.77022874,0.128,0.0,0.15269417,6.550055,6.5600553,2118400
hardzero_plus_depr__c0p52__z1p10__lam0p010__nu0p50__psi1p00,hardzero_plus_depr,0.05,30,662,0.0,2,0.46635628,0.46636328,1.0045501,0.09895776,0.09895776,1.0,7.005257e-06,7.0790375e-05,-28.071999,2.2100544,0.7366848,0.2,0.0,0.17098995,6.5600553,6.5700555,2121600
hardzero_plus_depr__c0p52__z1p10__lam0p010__nu0p50__psi1p00,hardzero_plus_depr,0.05,30,663,0.0,2,0.46636328,0.46637112,0.951625,0.1117828,0.1117828,1.0,7.834408e-06,7.008599e-05,-26.649633,2.0936167,0.6978723,0.17999999,0.0,0.1526008,6.5700555,6.5800557,2124800
hardzero_plus_depr__c0p52__z1p10__lam0p010__nu0p50__psi1p00,hardzero_plus_depr,0.05,30,664,0.0,2,0.46637112,0.46637797,1.0049818,0.09885945,0.09885945,1.0,6.859719e-06,6.93886e-05,-27.364964,2.211004,0.73700136,0.2,0.0,0.21468551,6.5800557,6.590056,2128000
hardzero_plus_depr__c0p52__z1p10__lam0p010__nu0p50__psi1p00,hardzero_plus_depr,0.05,30,665,0.0,2,0.46637797,0.4663851,0.9838323,0.1037929,0.1037929,1.0,7.130381e-06,6.869816e-05,-25.858639,2.1644742,0.72149146,0.224,0.0,0.143263,6.590056,6.600056,2131200
hardzero_plus_depr__c0p52__z1p10__lam0p010__nu0p50__psi1p00,hardzero_plus_depr,0.05,30,666,0.0,2,0.4663851,0.46639127,1.041985,0.09078517,0.09078517,1.0,6.174715e-06,6.801458e-05,-28.41407,2.2924128,0.7641376,0.120000005,0.0,0.15351672,6.600056,6.6100564,2134400
hardzero_plus_depr__c0p52__z1p10__lam0p010__nu0p50__psi1p00,hardzero_plus_depr,0.05,30,667,0.0,2,0.46639127,0.46639854,0.9661873,0.108096756,0.108096756,1.0,7.2789994e-06,6.7337816e-05,-26.84526,2.1256545,0.7085515,0.208,0.0,0.13629748,6.6100564,6.6200566,2137600
hardzero_plus_depr__c0p52__z1p10__lam0p010__nu0p50__psi1p00,hardzero_plus_depr,0.05,30,668,0.0,2,0.46639854,0.4664045,1.0482655,0.08948177,0.08948177,1.0,5.9655504e-06,6.666777e-05,-27.732292,2.30623,0.7687434,0.15200001,0.0,0.17213361,6.6200566,6.630057,2140800
hardzero_plus_depr__c0p52__z1p10__lam0p010__nu0p50__psi1p00,hardzero_plus_depr,0.05,30,669,0.0,2,0.4664045,0.46641046,1.043404,0.09048905,0.09048905,1.0,5.972676e-06,6.60044e-05,-26.95284,2.2955346,0.7651782,0.14400001,0.0,0.16610353,6.630057,6.640057,2144000
hardzero_plus_depr__c0p52__z1p10__lam0p010__nu0p50__psi1p00,hardzero_plus_depr,0.05,30,670,0.0,2,0.46641046,0.46641678,1.0142727,0.09676701,0.09676701,1.0,6.3234957e-06,6.534764e-05,-26.881351,2.2314444,0.7438148,0.14400001,0.0,0.1639777,6.640057,6.6500573,2147200
hardzero_plus_depr__c0p52__z1p10__lam0p010__nu0p50__psi1p00,hardzero_plus_depr,0.05,30,671,0.0,2,0.46641678,0.46642268,1.0401852,0.091162205,0.091162205,1.0,5.8979576e-06,6.46974e-05,-27.605486,2.288453,0.76281774,0.192,0.0,0.18142647,6.6500573,6.6600575,2150400
hardzero_plus_depr__c0p52__z1p10__lam0p010__nu0p50__psi1p00,hardzero_plus_depr,0.05,30,672,0.0,2,0.46642268,0.46642938,0.97947603,0.10483926,0.10483926,1.0,6.715335e-06,6.405363e-05,-26.257875,2.1548903,0.71829677,0.14400001,0.0,0.16794986,6.6600575,6.670058,2153600
hardzero_plus_depr__c0p52__z1p10__lam0p010__nu0p50__psi1p00,hardzero_plus_depr,0.05,30,673,0.0,2,0.46642938,0.46643496,1.0559423,0.08791394,0.08791394,1.0,5.5751743e-06,6.341627e-05,-27.974733,2.3231194,0.7743732,0.08800001,0.0,0.18255456,6.670058,6.680058,2156800
hardzero_plus_depr__c0p52__z1p10__lam0p010__nu0p50__psi1p00,hardzero_plus_depr,0.05,30,674,0.0,2,0.46643496,0.46644,1.0953867,0.08028108,0.08028108,1.0,5.0404683e-06,6.278526e-05,-28.61533,2.409899,0.80329967,0.15200001,0.0,0.17432946,6.680058,6.690058,2160000
hardzero_plus_depr__c0p52__z1p10__lam0p010__nu0p50__psi1p00,hardzero_plus_depr,0.05,30,675,0.0,2,0.46644,0.4664453,1.0687674,0.08535571,0.08535571,1.0,5.305755e-06,6.216052e-05,-27.73046,2.3513353,0.7837784,0.104,0.0,0.13997376,6.690058,6.7000585,2163200
hardzero_plus_depr__c0p52__z1p10__lam0p010__nu0p50__psi1p00,hardzero_plus_depr,0.05,30,676,0.0,2,0.4664453,0.4664507,1.0566828,0.08776415,0.08776415,1.0,5.401181e-06,6.1542e-05,-28.14199,2.3247488,0.7749163,0.12,0.0,0.19163667,6.7000585,6.7100587,2166400
hardzero_plus_depr__c0p52__z1p10__lam0p010__nu0p50__psi1p00,hardzero_plus_depr,0.05,30,677,0.0,2,0.4664507,0.4664563,1.0366378,0.091909885,0.091909885,1.0,5.6000354e-06,6.0929633e-05,-27.811954,2.2806487,0.76021624,0.17600001,0.0,0.20502098,6.7100587,6.720059,2169600
hardzero_plus_depr__c0p52__z1p10__lam0p010__nu0p50__psi1p00,hardzero_plus_depr,0.05,30,678,0.0,2,0.4664563,0.4664563,1.1047161,0.0,0.07857491,0.0,0.0,6.0323353e-05,-28.235353,2.430424,0.8101413,0.056,0.0,0.18434861,6.720059,6.730059,2172800
hardzero_plus_depr__c0p52__z1p10__lam0p010__nu0p50__psi1p00,hardzero_plus_depr,0.05,30,679,0.0,2,0.4664563,0.46646225,1.0015514,0.09964341,0.09964341,1.0,5.9510157e-06,5.9723123e-05,-26.395605,2.203457,0.73448575,0.216,0.0,0.12403315,6.730059,6.7400594,2176000
hardzero_plus_depr__c0p52__z1p10__lam0p010__nu0p50__psi1p00,hardzero_plus_depr,0.05,30,680,0.0,2,0.46646225,0.46646798,1.0139282,0.09684379,0.09684379,1.0,5.726262e-06,5.912885e-05,-27.649427,2.2306864,0.74356216,0.17600001,0.0,0.1628664,6.7400594,6.7500596,2179200
hardzero_plus_depr__c0p52__z1p10__lam0p010__nu0p50__psi1p00,hardzero_plus_depr,0.05,30,681,0.0,2,0.46646798,0.4664741,0.9815384,0.10434257,0.10434257,1.0,6.1082656e-06,5.8540492e-05,-26.264696,2.1594276,0.71980923,0.224,0.0,0.12637934,6.7500596,6.76006,2182400
hardzero_plus_depr__c0p52__z1p10__lam0p010__nu0p50__psi1p00,hardzero_plus_depr,0.05,30,682,0.0,2,0.4664741,0.46647912,1.0600371,0.087088905,0.087088905,1.0,5.047498e-06,5.795799e-05,-27.636086,2.3321283,0.7773761,0.136,0.0,0.16199501,6.76006,6.77006,2185600
hardzero_plus_depr__c0p52__z1p10__lam0p010__nu0p50__psi1p00,hardzero_plus_depr,0.05,30,683,0.0,2,0.46647912,0.466485,0.9896015,0.102423236,0.102423236,1.0,5.8771766e-06,5.7381283e-05,-27.371017,2.1771667,0.72572225,0.15200001,0.008,0.16572988,6.77006,6.7800603,2188800
hardzero_plus_depr__c0p52__z1p10__lam0p010__nu0p50__psi1p00,hardzero_plus_depr,0.05,30,684,0.0,2,0.466485,0.46649095,0.97947323,0.10483993,0.10483993,1.0,5.9559898e-06,5.6810317e-05,-26.58491,2.154884,0.71829474,0.2,0.0,0.12848958,6.7800603,6.7900605,2192000
hardzero_plus_depr__c0p52__z1p10__lam0p010__nu0p50__psi1p00,hardzero_plus_depr,0.05,30,685,0.0,2,0.46649095,0.46649596,1.0499032,0.08914497,0.08914497,1.0,5.0139624e-06,5.624504e-05,-28.123127,2.309833,0.76994437,0.192,0.0,0.1866729,6.7900605,6.8000607,2195200
hardzero_plus_depr__c0p52__z1p10__lam0p010__nu0p50__psi1p00,hardzero_plus_depr,0.05,30,686,0.0,2,0.46649596,0.46650138,1.0109419,0.09751201,0.09751201,1.0,5.429993e-06,5.5685377e-05,-27.475132,2.2241166,0.7413722,0.24000001,0.0,0.16570136,6.8000607,6.810061,2198400
hardzero_plus_depr__c0p52__z1p10__lam0p010__nu0p50__psi1p00,hardzero_plus_depr,0.05,30,687,0.0,2,0.46650138,0.46650735,0.96634656,0.10805713,0.10805713,1.0,5.9573276e-06,5.513128e-05,-26.822832,2.126005,0.70866835,0.104,0.0,0.14211924,6.810061,6.820061,2201600
hardzero_plus_depr__c0p52__z1p10__lam0p010__nu0p50__psi1p00,hardzero_plus_depr,0.05,30,688,0.0,2,0.46650735,0.46651277,1.0038514,0.0991171,0.0991171,1.0,5.410079e-06,5.4582702e-05,-26.904474,2.2085173,0.73617244,0.18400002,0.0,0.16103514,6.820061,6.8300614,2204800
hardzero_plus_depr__c0p52__z1p10__lam0p010__nu0p50__psi1p00,hardzero_plus_depr,0.05,30,689,0.0,2,0.46651277,0.46651772,1.0380265,0.09161646,0.09161646,1.0,4.9509154e-06,5.4039585e-05,-26.965097,2.2837038,0.76123464,0.089999996,0.0,0.14049225,6.8300614,6.8400617,2208000
hardzero_plus_depr__c0p52__z1p10__lam0p010__nu0p50__psi1p00,hardzero_plus_depr,0.05,30,690,0.0,2,0.46651772,0.4665232,0.99019265,0.10228392,0.10228392,1.0,5.472381e-06,5.350187e-05,-25.629734,2.1784673,0.72615576,0.17600001,0.0,0.14843063,6.8400617,6.850062,2211200
hardzero_plus_depr__c0p52__z1p10__lam0p010__nu0p50__psi1p00,hardzero_plus_depr,0.05,30,691,0.0,2,0.4665232,0.4665277,1.0706575,0.08498503,0.08498503,1.0,4.5016154e-06,5.2969506e-05,-28.09243,2.3554935,0.78516454,0.120000005,0.0,0.17205593,6.850062,6.860062,2214400
hardzero_plus_depr__c0p52__z1p10__lam0p010__nu0p50__psi1p00,hardzero_plus_depr,0.05,30,692,0.0,2,0.4665277,0.46653247,1.0414581,0.09089539,0.09089539,1.0,4.766776e-06,5.2442436e-05,-27.685446,2.2912536,0.7637512,0.136,0.0,0.18884902,6.860062,6.8700624,2217600
hardzero_plus_depr__c0p52__z1p10__lam0p010__nu0p50__psi1p00,hardzero_plus_depr,0.05,30,693,0.0,2,0.46653247,0.46653694,1.0646386,0.086171046,0.086171046,1.0,4.474054e-06,5.192062e-05,-26.774904,2.3422518,0.78075063,0.136,0.0,0.1694527,6.8700624,6.8800626,2220800
hardzero_plus_depr__c0p52__z1p10__lam0p010__nu0p50__psi1p00,hardzero_plus_depr,0.05,30,694,0.0,2,0.46653694,0.4665417,1.0319241,0.09291287,0.09291287,1.0,4.7760914e-06,5.1403982e-05,-27.444504,2.2702785,0.7567595,0.208,0.0,0.16797338,6.8800626,6.890063,2224000
hardzero_plus_depr__c0p52__z1p10__lam0p010__nu0p50__psi1p00,hardzero_plus_depr,0.05,30,695,0.0,2,0.4665417,0.4665462,1.0547199,0.08816172,0.08816172,1.0,4.4867706e-06,5.08925e-05,-27.787472,2.32043,0.7734767,0.17600001,0.0,0.15812856,6.890063,6.900063,2227200
hardzero_plus_depr__c0p52__z1p10__lam0p010__nu0p50__psi1p00,hardzero_plus_depr,0.05,30,696,0.0,2,0.4665462,0.46655068,1.0521014,0.088694885,0.088694885,1.0,4.4689887e-06,5.0386094e-05,-28.405064,2.3146694,0.7715565,0.14400001,0.0,0.17501079,6.900063,6.9100633,2230400
hardzero_plus_depr__c0p52__z1p10__lam0p010__nu0p50__psi1p00,hardzero_plus_depr,0.05,30,697,0.0,2,0.46655068,0.46655527,1.0348818,0.092282236,0.092282236,1.0,4.6034747e-06,4.9884733e-05,-27.824701,2.2767854,0.7589285,0.096,0.0,0.1805199,6.9100633,6.9200635,2233600
hardzero_plus_depr__c0p52__z1p10__lam0p010__nu0p50__psi1p00,hardzero_plus_depr,0.05,30,698,0.0,2,0.46655527,0.46656096,0.9384522,0.115225285,0.115225285,1.0,5.6907875e-06,4.9388356e-05,-26.270693,2.064636,0.68821204,0.24800001,0.0,0.15321761,6.9200635,6.9300637,2236800
hardzero_plus_depr__c0p52__z1p10__lam0p010__nu0p50__psi1p00,hardzero_plus_depr,0.05,30,699,0.0,2,0.46656096,0.46656576,1.0085403,0.09805273,0.09805273,1.0,4.7944773e-06,4.8896927e-05,-26.775017,2.218833,0.739611,0.17600001,0.0,0.14368032,6.9300637,6.940064,2240000
hardzero_plus_depr__c0p52__z1p10__lam0p010__nu0p50__psi1p00,hardzero_plus_depr,0.05,30,700,0.0,2,0.46656576,0.46657047,1.01316,0.09701524,0.09701524,1.0,4.696545e-06,4.8410384e-05,-26.855602,2.2289965,0.74299884,0.208,0.0,0.15665722,6.940064,6.950064,2243200
hardzero_plus_depr__c0p52__z1p10__lam0p010__nu0p50__psi1p00,hardzero_plus_depr,0.05,30,701,0.0,2,0.46657047,0.4665753,0.9964345,0.10082437,0.10082437,1.0,4.832379e-06,4.792868e-05,-27.145685,2.1921997,0.7307333,0.208,0.0,0.16407645,6.950064,6.9600644,2246400
hardzero_plus_depr__c0p52__z1p10__lam0p010__nu0p50__psi1p00,hardzero_plus_depr,0.05,30,702,0.0,2,0.4665753,0.4665794,1.0615491,0.08678625,0.08678625,1.0,4.118161e-06,4.745177e-05,-27.970984,2.3354547,0.77848494,0.17,0.0,0.17220612,6.9600644,6.9700646,2249600
hardzero_plus_depr__c0p52__z1p10__lam0p010__nu0p50__psi1p00,hardzero_plus_depr,0.05,30,703,0.0,2,0.4665794,0.4665836,1.0478808,0.08956107,0.08956107,1.0,4.2075444e-06,4.6979614e-05,-27.587097,2.3053837,0.7684612,0.2,0.0,0.18080638,6.9700646,6.980065,2252800
hardzero_plus_depr__c0p52__z1p10__lam0p010__nu0p50__psi1p00,hardzero_plus_depr,0.05,30,704,0.0,2,0.4665836,0.4665883,0.9968715,0.10072298,0.10072298,1.0,4.6848418e-06,4.6512145e-05,-25.945543,2.193161,0.7310537,0.17600001,0.0,0.1355445,6.980065,6.990065,2256000
hardzero_plus_depr__c0p52__z1p10__lam0p010__nu0p50__psi1p00,hardzero_plus_depr,0.05,30,705,0.0,2,0.4665883,0.46659255,1.0347404,0.0923123,0.0923123,1.0,4.2509196e-06,4.6049332e-05,-27.78526,2.2764745,0.7588248,0.2,0.0,0.20831078,6.990065,7.0000653,2259200
hardzero_plus_depr__c0p52__z1p10__lam0p010__nu0p50__psi1p00,hardzero_plus_depr,0.05,30,706,0.0,2,0.46659255,0.46659762,0.9548145,0.11096487,0.11096487,1.0,5.0590124e-06,4.5591118e-05,-25.73598,2.1006339,0.7002113,0.16800001,0.0,0.15925501,7.0000653,7.0100656,2262400
hardzero_plus_depr__c0p52__z1p10__lam0p010__nu0p50__psi1p00,hardzero_plus_depr,0.05,30,707,0.0,2,0.46659762,0.46660197,1.0171759,0.09612227,0.09612227,1.0,4.3387163e-06,4.513747e-05,-26.524189,2.2378316,0.7459439,0.064,0.0,0.14955749,7.0100656,7.020066,2265600
hardzero_plus_depr__c0p52__z1p10__lam0p010__nu0p50__psi1p00,hardzero_plus_depr,0.05,30,708,0.0,2,0.46660197,0.46660605,1.0402232,0.09115421,0.09115421,1.0,4.0735304e-06,4.468834e-05,-27.629158,2.2885368,0.76284564,0.136,0.0,0.1758843,7.020066,7.030066,2268800
hardzero_plus_depr__c0p52__z1p10__lam0p010__nu0p50__psi1p00,hardzero_plus_depr,0.05,30,709,0.0,2,0.46660605,0.4666103,1.0150876,0.09658561,0.09658561,1.0,4.273302e-06,4.424367e-05,-27.962301,2.2332373,0.7444124,0.15200001,0.0,0.14816464,7.030066,7.0400662,2272000
hardzero_plus_depr__c0p52__z1p10__lam0p010__nu0p50__psi1p00,hardzero_plus_depr,0.05,30,710,0.0,2,0.4666103,0.46661472,0.99677,0.10074649,0.10074649,1.0,4.4130416e-06,4.380343e-05,-26.949121,2.1929379,0.7309793,0.16800001,0.0,0.12715776,7.0400662,7.0500665,2275200
hardzero_plus_depr__c0p52__z1p10__lam0p010__nu0p50__psi1p00,hardzero_plus_depr,0.05,30,711,0.0,2,0.46661472,0.46661866,1.0422112,0.09073791,0.09073791,1.0,3.9350825e-06,4.3367567e-05,-26.90922,2.2929103,0.76430345,0.096,0.0,0.15898922,7.0500665,7.0600667,2278400
hardzero_plus_depr__c0p52__z1p10__lam0p010__nu0p50__psi1p00,hardzero_plus_depr,0.05,30,712,0.0,2,0.46661866,0.46662298,0.99836016,0.1003783,0.1003783,1.0,4.3098466e-06,4.293604e-05,-26.7016,2.1964362,0.7321454,0.15200001,0.0,0.16202156,7.0600667,7.070067,2281600
hardzero_plus_depr__c0p52__z1p10__lam0p010__nu0p50__psi1p00,hardzero_plus_depr,0.05,30,713,0.0,2,0.46662298,0.4666276,0.9652191,0.10833803,0.10833803,1.0,4.605321e-06,4.2508815e-05,-25.763924,2.1235244,0.7078415,0.16800001,0.0,0.11773322,7.070067,7.080067,2284800
hardzero_plus_depr__c0p52__z1p10__lam0p010__nu0p50__psi1p00,hardzero_plus_depr,0.05,30,714,0.0,2,0.4666276,0.4666314,1.0443698,0.09028803,0.09028803,1.0,3.799847e-06,4.2085834e-05,-27.427956,2.2976594,0.7658865,0.128,0.0,0.21021284,7.080067,7.0900674,2288000
hardzero_plus_depr__c0p52__z1p10__lam0p010__nu0p50__psi1p00,hardzero_plus_depr,0.05,30,715,0.0,2,0.4666314,0.4666353,1.0308466,0.093143694,0.093143694,1.0,3.881024e-06,4.1667063e-05,-27.774305,2.2679079,0.7559693,0.17999999,0.01,0.16231968,7.0900674,7.1000676,2291200
hardzero_plus_depr__c0p52__z1p10__lam0p010__nu0p50__psi1p00,hardzero_plus_depr,0.05,30,716,0.0,2,0.4666353,0.46663907,1.036333,0.09197443,0.09197443,1.0,3.794171e-06,4.1252457e-05,-28.203388,2.279978,0.7599927,0.17600001,0.0,0.15575121,7.1000676,7.110068,2294400
hardzero_plus_depr__c0p52__z1p10__lam0p010__nu0p50__psi1p00,hardzero_plus_depr,0.05,30,717,0.0,2,0.46663907,0.4666429,1.030753,0.09316374,0.09316374,1.0,3.8049918e-06,4.084198e-05,-27.056185,2.2677019,0.7559006,0.16800001,0.0,0.15318389,7.110068,7.120068,2297600
hardzero_plus_depr__c0p52__z1p10__lam0p010__nu0p50__psi1p00,hardzero_plus_depr,0.05,30,718,0.0,2,0.4666429,0.46664715,0.9780207,0.105191156,0.105191156,1.0,4.253466e-06,4.043559e-05,-26.080145,2.1516886,0.71722955,0.15200001,0.0,0.13827622,7.120068,7.1300683,2300800
hardzero_plus_depr__c0p52__z1p10__lam0p010__nu0p50__psi1p00,hardzero_plus_depr,0.05,30,719,0.0,2,0.46664715,0.46665093,1.0250943,0.094385594,0.094385594,1.0,3.7785608e-06,4.0033236e-05,-27.060492,2.2552524,0.7517508,0.16000001,0.0,0.1688133,7.1300683,7.1400685,2304000
hardzero_plus_depr__c0p52__z1p10__lam0p010__nu0p50__psi1p00,hardzero_plus_depr,0.05,30,720,0.0,2,0.46665093,0.46665505,0.98482096,0.10355689,0.10355689,1.0,4.104466e-06,3.963489e-05,-26.908562,2.1666493,0.7222165,0.16800001,0.0,0.15350783,7.1400685,7.1500688,2307200
hardzero_plus_depr__c0p52__z1p10__lam0p010__nu0p50__psi1p00,hardzero_plus_depr,0.05,30,721,0.0,2,0.46665505,0.46665838,1.070154,0.085083626,0.085083626,1.0,3.3387246e-06,3.9240505e-05,-28.591879,2.3543856,0.7847952,0.17600001,0.0,0.17451027,7.1500688,7.160069,2310400
hardzero_plus_depr__c0p52__z1p10__lam0p010__nu0p50__psi1p00,hardzero_plus_depr,0.05,30,722,0.0,2,0.46665838,0.4666618,1.0526026,0.088592574,0.088592574,1.0,3.4418254e-06,3.8850045e-05,-27.330736,2.315772,0.771924,0.16000001,0.008,0.17099237,7.160069,7.170069,2313600
hardzero_plus_depr__c0p52__z1p10__lam0p010__nu0p50__psi1p00,hardzero_plus_depr,0.05,30,723,0.0,2,0.4666618,0.46666613,0.9508536,0.111981526,0.111981526,1.0,4.3071987e-06,3.8463477e-05,-25.587751,2.0919197,0.6973066,0.256,0.0,0.15537949,7.170069,7.1800694,2316800
hardzero_plus_depr__c0p52__z1p10__lam0p010__nu0p50__psi1p00,hardzero_plus_depr,0.05,30,724,0.0,2,0.46666613,0.46666935,1.0747703,0.08418401,0.08418401,1.0,3.2057903e-06,3.808075e-05,-27.881256,2.364542,0.7881807,0.120000005,0.0,0.19319126,7.1800694,7.1900697,2320000
hardzero_plus_depr__c0p52__z1p10__lam0p010__nu0p50__psi1p00,hardzero_plus_depr,0.05,30,725,0.0,2,0.46666935,0.4666733,0.9792256,0.10489974,0.10489974,1.0,3.9549122e-06,3.770183e-05,-26.873365,2.1543393,0.7181131,0.17600001,0.0,0.15076113,7.1900697,7.20007,2323200
hardzero_plus_depr__c0p52__z1p10__lam0p010__nu0p50__psi1p00,hardzero_plus_depr,0.05,30,726,0.0,2,0.4666733,0.46667707,0.99756235,0.100562856,0.100562856,1.0,3.7536777e-06,3.732668e-05,-26.607054,2.194681,0.73156035,0.208,0.0,0.16215058,7.20007,7.21007,2326400
hardzero_plus_depr__c0p52__z1p10__lam0p010__nu0p50__psi1p00,hardzero_plus_depr,0.05,30,727,0.0,2,0.46667707,0.46668074,1.0049268,0.09887196,0.09887196,1.0,3.6538395e-06,3.6955265e-05,-27.689056,2.2108831,0.73696107,0.216,0.0,0.19408114,7.21007,7.2200704,2329600
hardzero_plus_depr__c0p52__z1p10__lam0p010__nu0p50__psi1p00,hardzero_plus_depr,0.05,30,728,0.0,2,0.46668074,0.4666843,1.0095943,0.09781505,0.09781505,1.0,3.578813e-06,3.658755e-05,-26.201775,2.2211518,0.740384,0.12,0.0,0.14659266,7.2200704,7.2300706,2332800
hardzero_plus_depr__c0p52__z1p10__lam0p010__nu0p50__psi1p00,hardzero_plus_depr,0.05,30,729,0.0,2,0.4666843,0.46668828,0.9598537,0.10968477,0.10968477,1.0,3.973165e-06,3.6223486e-05,-25.496767,2.1117203,0.7039068,0.16000001,0.0,0.15072024,7.2300706,7.240071,2336000
hardzero_plus_depr__c0p52__z1p10__lam0p010__nu0p50__psi1p00,hardzero_plus_depr,0.05,30,730,0.0,2,0.46668828,0.4666916,1.0314648,0.093011186,0.093011186,1.0,3.3356648e-06,3.586305e-05,-27.559452,2.2692678,0.75642264,0.18400002,0.0,0.15875566,7.240071,7.250071,2339200
hardzero_plus_depr__c0p52__z1p10__lam0p010__nu0p50__psi1p00,hardzero_plus_depr,0.05,30,731,0.0,2,0.4666916,0.4666952,0.9982006,0.100415185,0.100415185,1.0,3.5653613e-06,3.5506197e-05,-26.426018,2.1960852,0.7320284,0.18400002,0.0,0.16610214,7.250071,7.2600713,2342400
hardzero_plus_depr__c0p52__z1p10__lam0p010__nu0p50__psi1p00,hardzero_plus_depr,0.05,30,732,0.0,2,0.4666952,0.46669823,1.0645343,0.08619174,0.08619174,1.0,3.0298895e-06,3.5152898e-05,-27.788708,2.3420222,0.7806741,0.112,0.0,0.15816356,7.2600713,7.2700715,2345600
hardzero_plus_depr__c0p52__z1p10__lam0p010__nu0p50__psi1p00,hardzero_plus_depr,0.05,30,733,0.0,2,0.46669823,0.4667013,1.0542176,0.08826376,0.08826376,1.0,3.0718536e-06,3.4803114e-05,-27.34353,2.319325,0.77310836,0.104,0.0,0.16822734,7.2700715,7.2800717,2348800
hardzero_plus_depr__c0p52__z1p10__lam0p010__nu0p50__psi1p00,hardzero_plus_depr,0.05,30,734,0.0,2,0.4667013,0.4667044,1.0477746,0.08958297,0.08958297,1.0,3.0867432e-06,3.4456807e-05,-27.984837,2.30515,0.7683834,0.096,0.0,0.17179862,7.2800717,7.290072,2352000
hardzero_plus_depr__c0p52__z1p10__lam0p010__nu0p50__psi1p00,hardzero_plus_depr,0.05,30,735,0.0,2,0.4667044,0.46670747,1.0455152,0.09005023,0.09005023,1.0,3.0719689e-06,3.411395e-05,-26.992502,2.3001792,0.76672643,0.15200001,0.0,0.16464198,7.290072,7.300072,2355200
hardzero_plus_depr__c0p52__z1p10__lam0p010__nu0p50__psi1p00,hardzero_plus_depr,0.05,30,736,0.0,2,0.46670747,0.46671098,0.98423684,0.10369629,0.10369629,1.0,3.5022904e-06,3.37745e-05,-26.837297,2.1653643,0.7217881,0.192,0.0,0.15602137,7.300072,7.3100724,2358400
hardzero_plus_depr__c0p52__z1p10__lam0p010__nu0p50__psi1p00,hardzero_plus_depr,0.05,30,737,0.0,2,0.46671098,0.46671405,1.0366923,0.09189836,0.09189836,1.0,3.072937e-06,3.343843e-05,-27.337072,2.2807684,0.7602562,0.192,0.0,0.15109347,7.3100724,7.3200727,2361600
hardzero_plus_depr__c0p52__z1p10__lam0p010__nu0p50__psi1p00,hardzero_plus_depr,0.05,30,738,0.0,2,0.46671405,0.46671703,1.0474855,0.08964263,0.08964263,1.0,2.9676826e-06,3.3105705e-05,-28.15466,2.304514,0.7681713,0.14400001,0.0,0.17703348,7.3200727,7.330073,2364800
hardzero_plus_depr__c0p52__z1p10__lam0p010__nu0p50__psi1p00,hardzero_plus_depr,0.05,30,739,0.0,2,0.46671703,0.46672028,1.0033946,0.099221416,0.099221416,1.0,3.25211e-06,3.277629e-05,-27.220676,2.2075121,0.7358374,0.120000005,0.0,0.16288094,7.330073,7.340073,2368000
hardzero_plus_depr__c0p52__z1p10__lam0p010__nu0p50__psi1p00,hardzero_plus_depr,0.05,30,740,0.0,2,0.46672028,0.46672347,1.0081557,0.09813959,0.09813959,1.0,3.184645e-06,3.2450156e-05,-27.56846,2.2179868,0.739329,0.14400001,0.0,0.15910771,7.340073,7.3500733,2371200
hardzero_plus_depr__c0p52__z1p10__lam0p010__nu0p50__psi1p00,hardzero_plus_depr,0.05,30,741,0.0,2,0.46672347,0.4667266,1.0121434,0.0972426,0.0972426,1.0,3.1241386e-06,3.2127264e-05,-27.096096,2.22676,0.7422533,0.14,0.0,0.16040964,7.3500733,7.3600736,2374400
hardzero_plus_depr__c0p52__z1p10__lam0p010__nu0p50__psi1p00,hardzero_plus_depr,0.05,30,742,0.0,2,0.4667266,0.46672988,0.98771334,0.102869496,0.102869496,1.0,3.27203e-06,3.1807584e-05,-27.058748,2.1730127,0.7243376,0.128,0.0,0.15407087,7.3600736,7.370074,2377600
hardzero_plus_depr__c0p52__z1p10__lam0p010__nu0p50__psi1p00,hardzero_plus_depr,0.05,30,743,0.0,2,0.46672988,0.46673277,1.0369782,0.09183787,0.09183787,1.0,2.8920742e-06,3.1491087e-05,-27.15052,2.2813978,0.760466,0.14400001,0.0,0.16406481,7.370074,7.380074,2380800
hardzero_plus_depr__c0p52__z1p10__lam0p010__nu0p50__psi1p00,hardzero_plus_depr,0.05,30,744,0.0,2,0.46673277,0.46673542,1.0711325,0.084892124,0.084892124,1.0,2.6467442e-06,3.1177737e-05,-28.073719,2.3565388,0.7855129,0.16000001,0.0,0.16364546,7.380074,7.3900743,2384000
hardzero_plus_depr__c0p52__z1p10__lam0p010__nu0p50__psi1p00,hardzero_plus_depr,0.05,30,745,0.0,2,0.46673542,0.46673852,0.99794346,0.10047466,0.10047466,1.0,3.1014024e-06,3.0867508e-05,-26.542486,2.1955194,0.73183984,0.18400002,0.0,0.1384873,7.3900743,7.4000745,2387200
hardzero_plus_depr__c0p52__z1p10__lam0p010__nu0p50__psi1p00,hardzero_plus_depr,0.05,30,746,0.0,2,0.46673852,0.46674147,1.0144001,0.09673861,0.09673861,1.0,2.956367e-06,3.0560364e-05,-27.001482,2.2317247,0.7439083,0.192,0.0,0.15653646,7.4000745,7.4100747,2390400
hardzero_plus_depr__c0p52__z1p10__lam0p010__nu0p50__psi1p00,hardzero_plus_depr,0.05,30,747,0.0,2,0.46674147,0.46674466,0.9785218,0.10506987,0.10506987,1.0,3.1790228e-06,3.0256275e-05,-26.989332,2.152791,0.717597,0.16800001,0.0,0.14354311,7.4100747,7.420075,2393600
hardzero_plus_depr__c0p52__z1p10__lam0p010__nu0p50__psi1p00,hardzero_plus_depr,0.05,30,748,0.0,2,0.46674466,0.46674743,1.0342535,0.09241586,0.09241586,1.0,2.7683368e-06,2.9955214e-05,-27.219423,2.275403,0.7584677,0.16000001,0.0,0.15455884,7.420075,7.430075,2396800
hardzero_plus_depr__c0p52__z1p10__lam0p010__nu0p50__psi1p00,hardzero_plus_depr,0.05,30,749,0.0,2,0.46674743,0.46675044,0.99471813,0.10122362,0.10122362,1.0,3.0020037e-06,2.9657147e-05,-26.32815,2.1884236,0.72947454,0.16000001,0.0,0.17698693,7.430075,7.4400754,2400000
hardzero_plus_depr__c0p52__z1p10__lam0p010__nu0p50__psi1p00,hardzero_plus_depr,0.05,30,750,0.0,2,0.46675044,0.46675372,0.9526337,0.11152349,0.11152349,1.0,3.2745581e-06,2.9362049e-05,-26.200483,2.095836,0.698612,0.17600001,0.0,0.14324176,7.4400754,7.4500756,2403200
hardzero_plus_depr__c0p52__z1p10__lam0p010__nu0p50__psi1p00,hardzero_plus_depr,0.05,30,751,0.0,2,0.46675372,0.4667565,1.022859,0.094872646,0.094872646,1.0,2.757937e-06,2.9069884e-05,-27.032259,2.2503347,0.7501116,0.120000005,0.0,0.17415147,7.4500756,7.460076,2406400
hardzero_plus_depr__c0p52__z1p10__lam0p010__nu0p50__psi1p00,hardzero_plus_depr,0.05,30,752,0.0,2,0.4667565,0.46675915,1.0362632,0.09198918,0.09198918,1.0,2.6475063e-06,2.8780627e-05,-27.829584,2.2798245,0.7599415,0.120000005,0.0,0.19108848,7.460076,7.470076,2409600
hardzero_plus_depr__c0p52__z1p10__lam0p010__nu0p50__psi1p00,hardzero_plus_depr,0.05,30,753,0.0,2,0.46675915,0.46676207,0.991053,0.102081485,0.102081485,1.0,2.9087348e-06,2.8494245e-05,-26.120762,2.18036,0.72678673,0.16000001,0.0,0.14626597,7.470076,7.4800763,2412800
hardzero_plus_depr__c0p52__z1p10__lam0p010__nu0p50__psi1p00,hardzero_plus_depr,0.05,30,754,0.0,2,0.46676207,0.46676472,1.025471,0.094303764,0.094303764,1.0,2.660377e-06,2.821072e-05,-27.351149,2.256081,0.75202703,0.12,0.0,0.16413912,7.4800763,7.4900765,2416000
hardzero_plus_depr__c0p52__z1p10__lam0p010__nu0p50__psi1p00,hardzero_plus_depr,0.05,30,755,0.0,2,0.46676472,0.46676737,1.0217053,0.09512501,0.09512501,1.0,2.6568428e-06,2.7930013e-05,-27.591642,2.2477965,0.74926555,0.208,0.0,0.18530664,7.4900765,7.500077,2419200
hardzero_plus_depr__c0p52__z1p10__lam0p010__nu0p50__psi1p00,hardzero_plus_depr,0.05,30,756,0.0,2,0.46676737,0.46677008,1.006589,0.09849428,0.09849428,1.0,2.7235733e-06,2.7652097e-05,-27.278526,2.2145402,0.7381801,0.16800001,0.0,0.16590498,7.500077,7.510077,2422400
hardzero_plus_depr__c0p52__z1p10__lam0p010__nu0p50__psi1p00,hardzero_plus_depr,0.05,30,757,0.0,2,0.46677008,0.46677256,1.0434257,0.09048452,0.09048452,1.0,2.4771898e-06,2.7376946e-05,-27.983257,2.2955823,0.7651941,0.192,0.0,0.17648074,7.510077,7.520077,2425600
hardzero_plus_depr__c0p52__z1p10__lam0p010__nu0p50__psi1p00,hardzero_plus_depr,0.05,30,758,0.0,2,0.46677256,0.46677515,1.0190803,0.095701724,0.095701724,1.0,2.5939505e-06,2.7104534e-05,-26.792746,2.2420213,0.74734044,0.18400002,0.0,0.14220154,7.520077,7.5300775,2428800
hardzero_plus_depr__c0p52__z1p10__lam0p010__nu0p50__psi1p00,hardzero_plus_depr,0.05,30,759,0.0,2,0.46677515,0.46677747,1.0629342,0.086509906,0.086509906,1.0,2.3214789e-06,2.6834832e-05,-27.831987,2.338502,0.77950066,0.08800001,0.0,0.15851682,7.5300775,7.5400777,2432000
hardzero_plus_depr__c0p52__z1p10__lam0p010__nu0p50__psi1p00,hardzero_plus_depr,0.05,30,760,0.0,2,0.46677747,0.46678045,0.9483859,0.11261963,0.11261963,1.0,2.992058e-06,2.6567819e-05,-25.552769,2.0864906,0.6954969,0.18400002,0.0,0.1522554,7.5400777,7.550078,2435200
hardzero_plus_depr__c0p52__z1p10__lam0p010__nu0p50__psi1p00,hardzero_plus_depr,0.05,30,761,0.0,2,0.46678045,0.46678293,1.0287961,0.09358449,0.09358449,1.0,2.4615958e-06,2.6303458e-05,-27.134874,2.2633965,0.7544655,0.136,0.0,0.16227157,7.550078,7.560078,2438400
hardzero_plus_depr__c0p52__z1p10__lam0p010__nu0p50__psi1p00,hardzero_plus_depr,0.05,30,762,0.0,2,0.46678293,0.46678546,1.010691,0.09756835,0.09756835,1.0,2.5408483e-06,2.6041727e-05,-26.479872,2.2235646,0.7411882,0.15200001,0.0,0.15706275,7.560078,7.5700784,2441600
hardzero_plus_depr__c0p52__z1p10__lam0p010__nu0p50__psi1p00,hardzero_plus_depr,0.05,30,763,0.0,2,0.46678546,0.4667878,1.0462023,0.08990787,0.08990787,1.0,2.3180587e-06,2.5782601e-05,-28.186176,2.301691,0.7672304,0.112,0.0,0.18232666,7.5700784,7.5800786,2444800
hardzero_plus_depr__c0p52__z1p10__lam0p010__nu0p50__psi1p00,hardzero_plus_depr,0.05,30,764,0.0,2,0.4667878,0.46679035,0.99608326,0.10090594,0.10090594,1.0,2.5757308e-06,2.5526057e-05,-26.495457,2.191427,0.73047566,0.14400001,0.0,0.14990824,7.5800786,7.590079,2448000
hardzero_plus_depr__c0p52__z1p10__lam0p010__nu0p50__psi1p00,hardzero_plus_depr,0.05,30,765,0.0,2,0.46679035,0.46679264,1.0439022,0.0903853,0.0903853,1.0,2.284223e-06,2.5272062e-05,-27.166782,2.2966306,0.7655436,0.112,0.0,0.13936381,7.590079,7.600079,2451200
hardzero_plus_depr__c0p52__z1p10__lam0p010__nu0p50__psi1p00,hardzero_plus_depr,0.05,30,766,0.0,2,0.46679264,0.46679497,1.0303438,0.093251586,0.093251586,1.0,2.3332102e-06,2.5020596e-05,-28.408806,2.2668016,0.7556006,0.208,0.0,0.15701233,7.600079,7.6100793,2454400
hardzero_plus_depr__c0p52__z1p10__lam0p010__nu0p50__psi1p00,hardzero_plus_depr,0.05,30,767,0.0,2,0.46679497,0.4667974,1.0070139,0.09839794,0.09839794,1.0,2.4374772e-06,2.4771629e-05,-26.833273,2.2154748,0.73849165,0.17999999,0.0,0.16747513,7.6100793,7.6200795,2457600
hardzero_plus_depr__c0p52__z1p10__lam0p010__nu0p50__psi1p00,hardzero_plus_depr,0.05,30,768,0.0,2,0.4667974,0.46679994,0.9847419,0.10357576,0.10357576,1.0,2.5402103e-06,2.4525143e-05,-26.111158,2.1664755,0.72215855,0.17600001,0.0,0.12903371,7.6200795,7.6300797,2460800
hardzero_plus_depr__c0p52__z1p10__lam0p010__nu0p50__psi1p00,hardzero_plus_depr,0.05,30,769,0.0,2,0.46679994,0.4668024,0.9953767,0.10107025,0.10107025,1.0,2.4540975e-06,2.4281107e-05,-27.444466,2.1898725,0.7299575,0.16800001,0.0,0.17650603,7.6300797,7.64008,2464000
hardzero_plus_depr__c0p52__z1p10__lam0p010__nu0p50__psi1p00,hardzero_plus_depr,0.05,30,770,0.0,2,0.4668024,0.4668044,1.0774261,0.083670795,0.083670795,1.0,2.0114041e-06,2.40395e-05,-28.548462,2.3703847,0.79012823,0.104,0.0,0.14365578,7.64008,7.65008,2467200
hardzero_plus_depr__c0p52__z1p10__lam0p010__nu0p50__psi1p00,hardzero_plus_depr,0.05,30,771,0.0,2,0.4668044,0.46680677,0.99682987,0.10073261,0.10073261,1.0,2.397466e-06,2.3800298e-05,-26.41528,2.1930695,0.7310232,0.16000001,0.008,0.15592849,7.65008,7.6600804,2470400
hardzero_plus_depr__c0p52__z1p10__lam0p010__nu0p50__psi1p00,hardzero_plus_depr,0.05,30,772,0.0,2,0.46680677,0.46680894,1.0323874,0.092813805,0.092813805,1.0,2.187016e-06,2.3563476e-05,-26.759888,2.2712975,0.75709915,0.128,0.0,0.15994665,7.6600804,7.6700807,2473600
hardzero_plus_depr__c0p52__z1p10__lam0p010__nu0p50__psi1p00,hardzero_plus_depr,0.05,30,773,0.0,2,0.46680894,0.46681124,1.0053929,0.098765925,0.098765925,1.0,2.3041114e-06,2.332901e-05,-27.374697,2.2119086,0.7373029,0.16800001,0.008,0.17335768,7.6700807,7.680081,2476800
hardzero_plus_depr__c0p52__z1p10__lam0p010__nu0p50__psi1p00,hardzero_plus_depr,0.05,30,774,0.0,2,0.46681124,0.46681347,1.0153564,0.09652584,0.09652584,1.0,2.2294455e-06,2.3096878e-05,-27.300646,2.2338288,0.7446096,0.18400002,0.0,0.13661766,7.680081,7.690081,2480000
hardzero_plus_depr__c0p52__z1p10__lam0p010__nu0p50__psi1p00,hardzero_plus_depr,0.05,30,775,0.0,2,0.46681347,0.46681568,1.0150831,0.09658662,0.09658662,1.0,2.2086515e-06,2.2867054e-05,-26.94363,2.2332273,0.7444091,0.18400002,0.0,0.16568807,7.690081,7.7000813,2483200
hardzero_plus_depr__c0p52__z1p10__lam0p010__nu0p50__psi1p00,hardzero_plus_depr,0.05,30,776,0.0,2,0.46681568,0.46681806,0.9789809,0.104958855,0.104958855,1.0,2.376218e-06,2.2639519e-05,-26.749931,2.153801,0.71793365,0.264,0.0,0.122808255,7.7000813,7.7100816,2486400
hardzero_plus_depr__c0p52__z1p10__lam0p010__nu0p50__psi1p00,hardzero_plus_depr,0.05,30,777,0.0,2,0.46681806,0.46682042,0.980641,0.10455841,0.10455841,1.0,2.3435978e-06,2.2414246e-05,-26.17243,2.1574533,0.71915114,0.17600001,0.0,0.1453347,7.7100816,7.720082,2489600
hardzero_plus_depr__c0p52__z1p10__lam0p010__nu0p50__psi1p00,hardzero_plus_depr,0.05,30,778,0.0,2,0.46682042,0.46682265,0.9941924,0.10134622,0.10134622,1.0,2.248996e-06,2.2191218e-05,-26.209974,2.187267,0.729089,0.15200001,0.0,0.15979713,7.720082,7.730082,2492800
hardzero_plus_depr__c0p52__z1p10__lam0p010__nu0p50__psi1p00,hardzero_plus_depr,0.05,30,779,0.0,2,0.46682265,0.46682483,1.0042865,0.09901784,0.09901784,1.0,2.1754622e-06,2.1970405e-05,-27.180134,2.2094746,0.73649156,0.2,0.008,0.1527322,7.730082,7.7400823,2496000
hardzero_plus_depr__c0p52__z1p10__lam0p010__nu0p50__psi1p00,hardzero_plus_depr,0.05,30,780,0.0,2,0.46682483,0.46682695,1.0124242,0.09717975,0.09717975,1.0,2.1138333e-06,2.1751788e-05,-27.454424,2.227378,0.7424593,0.19,0.0,0.16418129,7.7400823,7.7500825,2499200
hardzero_plus_depr__c0p52__z1p10__lam0p010__nu0p50__psi1p00,hardzero_plus_depr,0.05,30,781,0.0,2,0.46682695,0.46682903,1.0107995,0.09754397,0.09754397,1.0,2.1006435e-06,2.153535e-05,-26.510681,2.2238033,0.7412678,0.128,0.0,0.16085066,7.7500825,7.7600827,2502400
hardzero_plus_depr__c0p52__z1p10__lam0p010__nu0p50__psi1p00,hardzero_plus_depr,0.05,30,782,0.0,2,0.46682903,0.46683115,1.0051582,0.098819315,0.098819315,1.0,2.1069332e-06,2.1321066e-05,-27.252895,2.2113922,0.73713076,0.16800001,0.0,0.20245263,7.7600827,7.770083,2505600
hardzero_plus_depr__c0p52__z1p10__lam0p010__nu0p50__psi1p00,hardzero_plus_depr,0.05,30,783,0.0,2,0.46683115,0.46683308,1.0392798,0.09135245,0.09135245,1.0,1.9283507e-06,2.1108912e-05,-27.717426,2.2864614,0.7621538,0.15200001,0.0,0.17275809,7.770083,7.780083,2508800
hardzero_plus_depr__c0p52__z1p10__lam0p010__nu0p50__psi1p00,hardzero_plus_depr,0.05,30,784,0.0,2,0.46683308,0.46683487,1.0693941,0.08523264,0.08523264,1.0,1.7812657e-06,2.089887e-05,-27.84873,2.352714,0.78423804,0.192,0.0,0.17828879,7.780083,7.7900834,2512000
hardzero_plus_depr__c0p52__z1p10__lam0p010__nu0p50__psi1p00,hardzero_plus_depr,0.05,30,785,0.0,2,0.46683487,0.4668368,1.026063,0.09417531,0.09417531,1.0,1.9485735e-06,2.0690917e-05,-27.21837,2.2573836,0.7524612,0.192,0.0,0.16305809,7.7900834,7.8000836,2515200
hardzero_plus_depr__c0p52__z1p10__lam0p010__nu0p50__psi1p00,hardzero_plus_depr,0.05,30,786,0.0,2,0.4668368,0.46683872,1.0324132,0.09280828,0.09280828,1.0,1.9011809e-06,2.0485037e-05,-27.655893,2.2713544,0.75711817,0.112,0.0,0.15509817,7.8000836,7.810084,2518400
hardzero_plus_depr__c0p52__z1p10__lam0p010__nu0p50__psi1p00,hardzero_plus_depr,0.05,30,787,0.0,2,0.46683872,0.4668405,1.0521204,0.08869099,0.08869099,1.0,1.7987599e-06,2.0281203e-05,-27.551031,2.3147113,0.77157044,0.104,0.0,0.18059896,7.810084,7.820084,2521600
hardzero_plus_depr__c0p52__z1p10__lam0p010__nu0p50__psi1p00,hardzero_plus_depr,0.05,30,788,0.0,2,0.4668405,0.46684235,1.033913,0.09248834,0.09248834,1.0,1.85711e-06,2.0079395e-05,-27.728342,2.2746542,0.75821805,0.15200001,0.0,0.15256186,7.820084,7.8300843,2524800
hardzero_plus_depr__c0p52__z1p10__lam0p010__nu0p50__psi1p00,hardzero_plus_depr,0.05,30,789,0.0,2,0.46684235,0.4668444,0.9823901,0.10413816,0.10413816,1.0,2.0702246e-06,1.9879597e-05,-27.678648,2.1613014,0.72043383,0.216,0.0,0.17792147,7.8300843,7.8400846,2528000
hardzero_plus_depr__c0p52__z1p10__lam0p010__nu0p50__psi1p00,hardzero_plus_depr,0.05,30,790,0.0,2,0.4668444,0.46684632,1.0103071,0.09765464,0.09765464,1.0,1.9220179e-06,1.9681787e-05,-27.470438,2.22272,0.74090666,0.24000001,0.0,0.16140346,7.8400846,7.850085,2531200
hardzero_plus_depr__c0p52__z1p10__lam0p010__nu0p50__psi1p00,hardzero_plus_depr,0.05,30,791,0.0,2,0.46684632,0.46684632,1.1141458,0.0,0.076887235,0.0,0.0,1.9485948e-05,-28.922443,2.4511697,0.8170566,0.128,0.0,0.16754372,7.850085,7.860085,2534400
hardzero_plus_depr__c0p52__z1p10__lam0p010__nu0p50__psi1p00,hardzero_plus_depr,0.05,30,792,0.0,2,0.46684632,0.466848,1.0632466,0.08644769,0.08644769,1.0,1.6677536e-06,1.9292054e-05,-27.134195,2.3391893,0.7797298,0.17600001,0.0,0.17645034,7.860085,7.8700852,2537600
hardzero_plus_depr__c0p52__z1p10__lam0p010__nu0p50__psi1p00,hardzero_plus_depr,0.05,30,793,0.0,2,0.466848,0.4668501,0.9583132,0.110074505,0.110074505,1.0,2.1024327e-06,1.9100089e-05,-26.25078,2.1083312,0.7027771,0.19,0.0,0.1494293,7.8700852,7.8800855,2540800
hardzero_plus_depr__c0p52__z1p10__lam0p010__nu0p50__psi1p00,hardzero_plus_depr,0.05,30,794,0.0,2,0.4668501,0.466852,0.99943495,0.100130185,0.100130185,1.0,1.8934655e-06,1.8910037e-05,-26.464933,2.1988008,0.73293364,0.15200001,0.0,0.17874815,7.8800855,7.8900857,2544000
hardzero_plus_depr__c0p52__z1p10__lam0p010__nu0p50__psi1p00,hardzero_plus_depr,0.05,30,795,0.0,2,0.466852,0.4668537,1.0405053,0.09109502,0.09109502,1.0,1.7054696e-06,1.8721874e-05,-27.454939,2.2891574,0.76305246,0.14400001,0.0,0.18323903,7.8900857,7.900086,2547200
hardzero_plus_depr__c0p52__z1p10__lam0p010__nu0p50__psi1p00,hardzero_plus_depr,0.05,30,796,0.0,2,0.4668537,0.4668555,1.0185478,0.09581912,0.09581912,1.0,1.7760635e-06,1.8535586e-05,-27.269047,2.2408497,0.7469499,0.216,0.0,0.17564034,7.900086,7.910086,2550400
hardzero_plus_depr__c0p52__z1p10__lam0p010__nu0p50__psi1p00,hardzero_plus_depr,0.05,30,797,0.0,2,0.4668555,0.46685728,1.0124261,0.09717933,0.09717933,1.0,1.7833524e-06,1.835115e-05,-27.138157,2.227382,0.74246067,0.16800001,0.0,0.15725483,7.910086,7.9200864,2553600
hardzero_plus_depr__c0p52__z1p10__lam0p010__nu0p50__psi1p00,hardzero_plus_depr,0.05,30,798,0.0,2,0.46685728,0.46685895,1.0342615,0.09241417,0.09241417,1.0,1.6790311e-06,1.8168546e-05,-27.189178,2.2754207,0.7584736,0.136,0.0,0.17193708,7.9200864,7.9300866,2556800
hardzero_plus_depr__c0p52__z1p10__lam0p010__nu0p50__psi1p00,hardzero_plus_depr,0.05,30,799,0.0,2,0.46685895,0.46686062,1.0292022,0.09349701,0.09349701,1.0,1.681802e-06,1.7987762e-05,-27.60952,2.26429,0.75476336,0.104,0.0,0.16489108,7.9300866,7.940087,2560000
hardzero_plus_depr__c0p52__z1p10__lam0p010__nu0p50__psi1p00,hardzero_plus_depr,0.05,30,800,0.0,2,0.46686062,0.46686226,1.032295,0.09283355,0.09283355,1.0,1.6532521e-06,1.7808778e-05,-27.51412,2.2710943,0.75703144,0.16800001,0.0,0.1816487,7.940087,7.950087,2563200
hardzero_plus_depr__c0p52__z1p10__lam0p010__nu0p50__psi1p00,hardzero_plus_depr,0.05,30,801,0.0,2,0.46686226,0.46686396,1.0194913,0.09561118,0.09561118,1.0,1.6857755e-06,1.7631573e-05,-26.806307,2.2429256,0.7476419,0.16800001,0.008,0.17106178,7.950087,7.9600873,2566400
hardzero_plus_depr__c0p52__z1p10__lam0p010__nu0p50__psi1p00,hardzero_plus_depr,0.05,30,802,0.0,2,0.46686396,0.46686557,1.0341963,0.09242803,0.09242803,1.0,1.613436e-06,1.7456134e-05,-27.104095,2.2752771,0.7584257,0.14400001,0.0,0.13780858,7.9600873,7.9700875,2569600
hardzero_plus_depr__c0p52__z1p10__lam0p010__nu0p50__psi1p00,hardzero_plus_depr,0.05,30,803,0.0,2,0.46686557,0.46686712,1.0459292,0.08996443,0.08996443,1.0,1.5548045e-06,1.7282437e-05,-27.442684,2.3010902,0.7670301,0.128,0.0,0.1601845,7.9700875,7.9800878,2572800
hardzero_plus_depr__c0p52__z1p10__lam0p010__nu0p50__psi1p00,hardzero_plus_depr,0.05,30,804,0.0,2,0.46686712,0.4668687,1.0329725,0.092688866,0.092688866,1.0,1.58595e-06,1.711047e-05,-27.499943,2.2725847,0.75752825,0.136,0.0,0.15370364,7.9800878,7.990088,2576000
hardzero_plus_depr__c0p52__z1p10__lam0p010__nu0p50__psi1p00,hardzero_plus_depr,0.05,30,805,0.0,2,0.4668687,0.4668703,1.022335,0.09498717,0.09498717,1.0,1.6091029e-06,1.6940214e-05,-27.874222,2.249182,0.74972737,0.192,0.0,0.18444295,7.990088,8.000088,2579200
hardzero_plus_depr__c0p52__z1p10__lam0p010__nu0p50__psi1p00,hardzero_plus_depr,0.05,30,806,0.0,2,0.4668703,0.46687207,0.9827263,0.10405757,0.10405757,1.0,1.7452184e-06,1.677166e-05,-26.737038,2.162041,0.72068036,0.19,0.0,0.15464969,8.000088,8.010088,2582400
hardzero_plus_depr__c0p52__z1p10__lam0p010__nu0p50__psi1p00,hardzero_plus_depr,0.05,30,807,0.0,2,0.46687207,0.46687374,0.99922615,0.10017835,0.10017835,1.0,1.6634391e-06,1.6604776e-05,-27.050568,2.1983414,0.73278046,0.14400001,0.0,0.15248641,8.010088,8.020088,2585600
hardzero_plus_depr__c0p52__z1p10__lam0p010__nu0p50__psi1p00,hardzero_plus_depr,0.05,30,808,0.0,2,0.46687374,0.46687523,1.0403781,0.09112172,0.09112172,1.0,1.4980002e-06,1.6439551e-05,-28.378044,2.2888775,0.7629592,0.17600001,0.0,0.14814204,8.020088,8.030088,2588800
hardzero_plus_depr__c0p52__z1p10__lam0p010__nu0p50__psi1p00,hardzero_plus_depr,0.05,30,809,0.0,2,0.46687523,0.4668767,1.0436355,0.09044083,0.09044083,1.0,1.4720124e-06,1.6275972e-05,-27.826212,2.2960439,0.76534796,0.136,0.0,0.16475242,8.030088,8.040089,2592000
hardzero_plus_depr__c0p52__z1p10__lam0p010__nu0p50__psi1p00,hardzero_plus_depr,0.05,30,810,0.0,2,0.4668767,0.46687824,1.020465,0.095397055,0.095397055,1.0,1.5372299e-06,1.6114018e-05,-27.519688,2.2450678,0.748356,0.096,0.0,0.16270332,8.040089,8.050089,2595200
hardzero_plus_depr__c0p52__z1p10__lam0p010__nu0p50__psi1p00,hardzero_plus_depr,0.05,30,811,0.0,2,0.46687824,0.4668798,1.0043519,0.09900296,0.09900296,1.0,1.5794615e-06,1.595368e-05,-26.303425,2.2096183,0.7365395,0.14400001,0.0,0.17731032,8.050089,8.060089,2598400
hardzero_plus_depr__c0p52__z1p10__lam0p010__nu0p50__psi1p00,hardzero_plus_depr,0.05,30,812,0.0,2,0.4668798,0.4668813,1.0216776,0.09513106,0.09513106,1.0,1.5025889e-06,1.5794934e-05,-26.90717,2.2477355,0.74924517,0.112,0.0,0.13993703,8.060089,8.070089,2601600
hardzero_plus_depr__c0p52__z1p10__lam0p010__nu0p50__psi1p00,hardzero_plus_depr,0.05,30,813,0.0,2,0.4668813,0.46688274,1.0362803,0.09198556,0.09198556,1.0,1.4384489e-06,1.5637768e-05,-27.832317,2.2798622,0.7599541,0.14400001,0.0,0.18083033,8.070089,8.08009,2604800
hardzero_plus_depr__c0p52__z1p10__lam0p010__nu0p50__psi1p00,hardzero_plus_depr,0.05,30,814,0.0,2,0.46688274,0.46688432,0.9888354,0.102604076,0.102604076,1.0,1.5885333e-06,1.5482166e-05,-26.686514,2.1754813,0.7251605,0.216,0.0,0.16899976,8.08009,8.09009,2608000
hardzero_plus_depr__c0p52__z1p10__lam0p010__nu0p50__psi1p00,hardzero_plus_depr,0.05,30,815,0.0,2,0.46688432,0.4668857,1.0495545,0.089216575,0.089216575,1.0,1.3675217e-06,1.5328113e-05,-27.268827,2.309066,0.7696887,0.128,0.0,0.16128978,8.09009,8.10009,2611200
hardzero_plus_depr__c0p52__z1p10__lam0p010__nu0p50__psi1p00,hardzero_plus_depr,0.05,30,816,0.0,2,0.4668857,0.46688718,1.0065063,0.09851304,0.09851304,1.0,1.4949936e-06,1.5175591e-05,-27.520712,2.214358,0.73811936,0.104,0.0,0.15790005,8.10009,8.11009,2614400
hardzero_plus_depr__c0p52__z1p10__lam0p010__nu0p50__psi1p00,hardzero_plus_depr,0.05,30,817,0.0,2,0.46688718,0.46688864,1.0091676,0.09791121,0.09791121,1.0,1.4710755e-06,1.5024588e-05,-27.10077,2.220213,0.740071,0.216,0.008,0.14638346,8.11009,8.1200905,2617600
hardzero_plus_depr__c0p52__z1p10__lam0p010__nu0p50__psi1p00,hardzero_plus_depr,0.05,30,818,0.0,2,0.46688864,0.46688998,1.0482554,0.08948382,0.08948382,1.0,1.3310796e-06,1.4875087e-05,-27.319023,2.306208,0.768736,0.16800001,0.0,0.1627044,8.1200905,8.130091,2620800
hardzero_plus_depr__c0p52__z1p10__lam0p010__nu0p50__psi1p00,hardzero_plus_depr,0.05,30,819,0.0,2,0.46688998,0.46689132,1.0414039,0.09090674,0.09090674,1.0,1.3387903e-06,1.4727074e-05,-26.988283,2.2911344,0.76371145,0.17999999,0.0,0.16822714,8.130091,8.140091,2624000
hardzero_plus_depr__c0p52__z1p10__lam0p010__nu0p50__psi1p00,hardzero_plus_depr,0.05,30,820,0.0,2,0.46689132,0.4668926,1.0538489,0.08833873,0.08833873,1.0,1.2880258e-06,1.4580533e-05,-27.443735,2.3185139,0.772838,0.16800001,0.0,0.16166538,8.140091,8.150091,2627200
hardzero_plus_depr__c0p52__z1p10__lam0p010__nu0p50__psi1p00,hardzero_plus_depr,0.05,30,821,0.0,2,0.4668926,0.46689406,0.991646,0.101942204,0.101942204,1.0,1.4715818e-06,1.4435452e-05,-26.887661,2.1816647,0.7272216,0.16800001,0.0,0.16440201,8.150091,8.160091,2630400
hardzero_plus_depr__c0p52__z1p10__lam0p010__nu0p50__psi1p00,hardzero_plus_depr,0.05,30,822,0.0,2,0.46689406,0.46689555,0.9821184,0.10420333,0.10420333,1.0,1.4892545e-06,1.4291813e-05,-26.032427,2.1607037,0.7202346,0.15200001,0.0,0.1370969,8.160091,8.170092,2633600
hardzero_plus_depr__c0p52__z1p10__lam0p010__nu0p50__psi1p00,hardzero_plus_depr,0.05,30,823,0.0,2,0.46689555,0.46689686,1.037099,0.09181232,0.09181232,1.0,1.299108e-06,1.4149605e-05,-27.86163,2.2816634,0.7605545,0.120000005,0.0,0.19807814,8.170092,8.180092,2636800
hardzero_plus_depr__c0p52__z1p10__lam0p010__nu0p50__psi1p00,hardzero_plus_depr,0.05,30,824,0.0,2,0.46689686,0.4668981,1.0539905,0.08830992,0.08830992,1.0,1.237117e-06,1.40088105e-05,-27.891249,2.3188255,0.7729418,0.15200001,0.0,0.151023,8.180092,8.190092,2640000
hardzero_plus_depr__c0p52__z1p10__lam0p010__nu0p50__psi1p00,hardzero_plus_depr,0.05,30,825,0.0,2,0.4668981,0.46689937,1.0417651,0.09083115,0.09083115,1.0,1.2597752e-06,1.3869418e-05,-27.494602,2.291929,0.76397634,0.18400002,0.0,0.18167427,8.190092,8.200092,2643200
hardzero_plus_depr__c0p52__z1p10__lam0p010__nu0p50__psi1p00,hardzero_plus_depr,0.05,30,826,0.0,2,0.46689937,0.46690074,0.9984023,0.10036855,0.10036855,1.0,1.3782018e-06,1.373141e-05,-26.781666,2.196529,0.7321763,0.16000001,0.0,0.14202274,8.200092,8.210093,2646400
hardzero_plus_depr__c0p52__z1p10__lam0p010__nu0p50__psi1p00,hardzero_plus_depr,0.05,30,827,0.0,2,0.46690074,0.466902,1.036149,0.092013374,0.092013374,1.0,1.2509015e-06,1.3594779e-05,-26.956945,2.2795734,0.75985783,0.192,0.0,0.15822068,8.210093,8.220093,2649600
hardzero_plus_depr__c0p52__z1p10__lam0p010__nu0p50__psi1p00,hardzero_plus_depr,0.05,30,828,0.0,2,0.466902,0.46690324,1.0270531,0.09396084,0.09396084,1.0,1.2646664e-06,1.3459505e-05,-27.02557,2.259562,0.75318736,0.14400001,0.0,0.18336338,8.220093,8.230093,2652800
hardzero_plus_depr__c0p52__z1p10__lam0p010__nu0p50__psi1p00,hardzero_plus_depr,0.05,30,829,0.0,2,0.46690324,0.46690446,1.0388852,0.09143547,0.09143547,1.0,1.2184304e-06,1.3325577e-05,-27.707779,2.285593,0.76186436,0.208,0.0,0.17080633,8.230093,8.240093,2656000
hardzero_plus_depr__c0p52__z1p10__lam0p010__nu0p50__psi1p00,hardzero_plus_depr,0.05,30,830,0.0,2,0.46690446,0.4669058,0.9928658,0.101656266,0.101656266,1.0,1.3411493e-06,1.3192982e-05,-26.750774,2.1843483,0.72811615,0.16800001,0.0,0.1764469,8.240093,8.250093,2659200
hardzero_plus_depr__c0p52__z1p10__lam0p010__nu0p50__psi1p00,hardzero_plus_depr,0.05,30,831,0.0,2,0.4669058,0.46690708,1.005128,0.09882618,0.09882618,1.0,1.2908386e-06,1.3061706e-05,-26.659218,2.211326,0.73710865,0.17600001,0.0,0.15101743,8.250093,8.260094,2662400
hardzero_plus_depr__c0p52__z1p10__lam0p010__nu0p50__psi1p00,hardzero_plus_depr,0.05,30,832,0.0,2,0.46690708,0.46690816,1.0831698,0.08257149,0.08257149,1.0,1.0677929e-06,1.2931739e-05,-28.29278,2.383021,0.7943404,0.089999996,0.0,0.15185988,8.260094,8.270094,2665600
hardzero_plus_depr__c0p52__z1p10__lam0p010__nu0p50__psi1p00,hardzero_plus_depr,0.05,30,833,0.0,2,0.46690816,0.4669095,0.98167855,0.10430892,0.10430892,1.0,1.3354735e-06,1.28030615e-05,-26.673725,2.159736,0.719912,0.208,0.0,0.15165009,8.270094,8.280094,2668800
hardzero_plus_depr__c0p52__z1p10__lam0p010__nu0p50__psi1p00,hardzero_plus_depr,0.05,30,834,0.0,2,0.4669095,0.4669106,1.0585564,0.08738633,0.08738633,1.0,1.1076801e-06,1.2675667e-05,-28.19349,2.3288708,0.7762903,0.112,0.0,0.15046476,8.280094,8.290094,2672000
hardzero_plus_depr__c0p52__z1p10__lam0p010__nu0p50__psi1p00,hardzero_plus_depr,0.05,30,835,0.0,2,0.4669106,0.46691182,1.0068736,0.09842974,0.09842974,1.0,1.2352477e-06,1.2549538e-05,-26.723091,2.215166,0.7383887,0.2,0.008,0.14998868,8.290094,8.300095,2675200
hardzero_plus_depr__c0p52__z1p10__lam0p010__nu0p50__psi1p00,hardzero_plus_depr,0.05,30,836,0.0,2,0.46691182,0.4669129,1.0637339,0.08635074,0.08635074,1.0,1.0728791e-06,1.2424665e-05,-28.729427,2.3402615,0.7800872,0.112,0.0,0.16527851,8.300095,8.310095,2678400
hardzero_plus_depr__c0p52__z1p10__lam0p010__nu0p50__psi1p00,hardzero_plus_depr,0.05,30,837,0.0,2,0.4669129,0.46691418,0.97881424,0.104999155,0.104999155,1.0,1.2915984e-06,1.2301037e-05,-25.581928,2.1534343,0.71781147,0.23200001,0.0,0.16840379,8.310095,8.320095,2681600
hardzero_plus_depr__c0p52__z1p10__lam0p010__nu0p50__psi1p00,hardzero_plus_depr,0.05,30,838,0.0,2,0.46691418,0.46691525,1.058436,0.08741057,0.08741057,1.0,1.0645414e-06,1.2178635e-05,-27.593966,2.328606,0.77620196,0.112,0.0,0.17676699,8.320095,8.330095,2684800
hardzero_plus_depr__c0p52__z1p10__lam0p010__nu0p50__psi1p00,hardzero_plus_depr,0.05,30,839,0.0,2,0.46691525,0.46691644,1.0042411,0.099028185,0.099028185,1.0,1.1940277e-06,1.2057453e-05,-26.754005,2.2093747,0.73645824,0.17600001,0.0,0.16906112,8.330095,8.3400955,2688000
hardzero_plus_depr__c0p52__z1p10__lam0p010__nu0p50__psi1p00,hardzero_plus_depr,0.05,30,840,0.0,2,0.46691644,0.46691757,1.0218921,0.0950841,0.0950841,1.0,1.1350643e-06,1.1937477e-05,-27.610533,2.2482076,0.7494025,0.120000005,0.0,0.16462635,8.3400955,8.350096,2691200
hardzero_plus_depr__c0p52__z1p10__lam0p010__nu0p50__psi1p00,hardzero_plus_depr,0.05,30,841,0.0,2,0.46691757,0.46691874,1.0098933,0.09774772,0.09774772,1.0,1.1552504e-06,1.1818694e-05,-27.01815,2.2218096,0.7406032,0.14400001,0.0,0.15286152,8.350096,8.360096,2694400
hardzero_plus_depr__c0p52__z1p10__lam0p010__nu0p50__psi1p00,hardzero_plus_depr,0.05,30,842,0.0,2,0.46691874,0.46691993,0.99456817,0.10125857,0.10125857,1.0,1.184836e-06,1.1701094e-05,-26.772804,2.1880937,0.7293646,0.128,0.0,0.13850471,8.360096,8.370096,2697600
hardzero_plus_depr__c0p52__z1p10__lam0p010__nu0p50__psi1p00,hardzero_plus_depr,0.05,30,843,0.0,2,0.46691993,0.46692097,1.0402844,0.09114138,0.09114138,1.0,1.0558422e-06,1.1584663e-05,-28.650415,2.2886713,0.76289046,0.208,0.0,0.18766178,8.370096,8.380096,2700800
hardzero_plus_depr__c0p52__z1p10__lam0p010__nu0p50__psi1p00,hardzero_plus_depr,0.05,30,844,0.0,2,0.46692097,0.46692204,1.0301131,0.09330112,0.09330112,1.0,1.070107e-06,1.1469391e-05,-27.587027,2.266294,0.75543135,0.104,0.0,0.16666344,8.380096,8.390097,2704000
hardzero_plus_depr__c0p52__z1p10__lam0p010__nu0p50__psi1p00,hardzero_plus_depr,0.05,30,845,0.0,2,0.46692204,0.46692327,0.9707623,0.10696401,0.10696401,1.0,1.2146047e-06,1.1355266e-05,-26.98618,2.1357198,0.7119066,0.19,0.0,0.15059584,8.390097,8.400097,2707200
hardzero_plus_depr__c0p52__z1p10__lam0p010__nu0p50__psi1p00,hardzero_plus_depr,0.05,30,846,0.0,2,0.46692327,0.46692437,1.0065103,0.09851215,0.09851215,1.0,1.1075009e-06,1.1242277e-05,-27.543829,2.2143667,0.7381222,0.192,0.0,0.16189268,8.400097,8.410097,2710400
hardzero_plus_depr__c0p52__z1p10__lam0p010__nu0p50__psi1p00,hardzero_plus_depr,0.05,30,847,0.0,2,0.46692437,0.46692544,1.0194548,0.09561921,0.09561921,1.0,1.0642813e-06,1.11304125e-05,-26.796072,2.2428453,0.7476151,0.208,0.0,0.15667039,8.410097,8.420097,2713600
hardzero_plus_depr__c0p52__z1p10__lam0p010__nu0p50__psi1p00,hardzero_plus_depr,0.05,30,848,0.0,2,0.46692544,0.46692646,1.0370514,0.091822386,0.091822386,1.0,1.0118514e-06,1.101966e-05,-27.627165,2.2815588,0.7605196,0.128,0.0,0.146683,8.420097,8.430098,2716800
hardzero_plus_depr__c0p52__z1p10__lam0p010__nu0p50__psi1p00,hardzero_plus_depr,0.05,30,849,0.0,2,0.46692646,0.46692747,1.0262045,0.09414463,0.09414463,1.0,1.0271189e-06,1.091001e-05,-26.761066,2.257695,0.752565,0.16000001,0.0,0.17499708,8.430098,8.440098,2720000
hardzero_plus_depr__c0p52__z1p10__lam0p010__nu0p50__psi1p00,hardzero_plus_depr,0.05,30,850,0.0,2,0.46692747,0.4669286,0.9766241,0.105529994,0.105529994,1.0,1.1398771e-06,1.0801451e-05,-26.323977,2.1486158,0.7162053,0.16000001,0.0,0.14740968,8.440098,8.450098,2723200
hardzero_plus_depr__c0p52__z1p10__lam0p010__nu0p50__psi1p00,hardzero_plus_depr,0.05,30,851,0.0,2,0.4669286,0.4669296,1.0171031,0.09613841,0.09613841,1.0,1.0281015e-06,1.0693972e-05,-27.68693,2.2376714,0.7458905,0.16000001,0.0,0.17179859,8.450098,8.460098,2726400
hardzero_plus_depr__c0p52__z1p10__lam0p010__nu0p50__psi1p00,hardzero_plus_depr,0.05,30,852,0.0,2,0.4669296,0.46693063,1.0152689,0.09654529,0.09654529,1.0,1.0221794e-06,1.0587563e-05,-26.76152,2.2336361,0.7445454,0.16000001,0.0,0.17780763,8.460098,8.4700985,2729600
hardzero_plus_depr__c0p52__z1p10__lam0p010__nu0p50__psi1p00,hardzero_plus_depr,0.05,30,853,0.0,2,0.46693063,0.46693164,1.0166272,0.09624381,0.09624381,1.0,1.0088481e-06,1.0482213e-05,-27.164093,2.2366245,0.7455415,0.18400002,0.0,0.17187452,8.4700985,8.480099,2732800
hardzero_plus_depr__c0p52__z1p10__lam0p010__nu0p50__psi1p00,hardzero_plus_depr,0.05,30,854,0.0,2,0.46693164,0.46693277,0.9628441,0.1089321,0.1089321,1.0,1.1304877e-06,1.0377911e-05,-26.240454,2.1182992,0.70609975,0.18400002,0.0,0.14878413,8.480099,8.490099,2736000
hardzero_plus_depr__c0p52__z1p10__lam0p010__nu0p50__psi1p00,hardzero_plus_depr,0.05,30,855,0.0,2,0.46693277,0.46693367,1.055541,0.087995194,0.087995194,1.0,9.041195e-07,1.0274646e-05,-28.203854,2.3222365,0.77407885,0.120000005,0.0,0.18598588,8.490099,8.500099,2739200
hardzero_plus_depr__c0p52__z1p10__lam0p010__nu0p50__psi1p00,hardzero_plus_depr,0.05,30,856,0.0,2,0.46693367,0.4669347,0.9941773,0.101349756,0.101349756,1.0,1.0309711e-06,1.0172409e-05,-27.220926,2.1872337,0.72907794,0.136,0.0,0.16626935,8.500099,8.510099,2742400
hardzero_plus_depr__c0p52__z1p10__lam0p010__nu0p50__psi1p00,hardzero_plus_depr,0.05,30,857,0.0,2,0.4669347,0.4669356,1.0555261,0.08799822,0.08799822,1.0,8.862468e-07,1.007119e-05,-27.704613,2.3222039,0.774068,0.16800001,0.0,0.17658614,8.510099,8.5201,2745600
hardzero_plus_depr__c0p52__z1p10__lam0p010__nu0p50__psi1p00,hardzero_plus_depr,0.05,30,858,0.0,2,0.4669356,0.46693668,0.96546036,0.10827786,0.10827786,1.0,1.0796361e-06,9.970978e-06,-26.555695,2.1240551,0.7080184,0.14,0.0,0.14249712,8.5201,8.5301,2748800
hardzero_plus_depr__c0p52__z1p10__lam0p010__nu0p50__psi1p00,hardzero_plus_depr,0.05,30,859,0.0,2,0.46693668,0.46693754,1.0589914,0.087298855,0.087298855,1.0,8.617936e-07,9.871763e-06,-27.466438,2.3298275,0.7766092,0.15200001,0.0,0.16662502,8.5301,8.5401,2752000
hardzero_plus_depr__c0p52__z1p10__lam0p010__nu0p50__psi1p00,hardzero_plus_depr,0.05,30,860,0.0,2,0.46693754,0.46693853,1.0033191,0.09923866,0.09923866,1.0,9.699124e-07,9.773535e-06,-26.854246,2.2073462,0.7357821,0.136,0.0,0.16077635,8.5401,8.5501,2755200
hardzero_plus_depr__c0p52__z1p10__lam0p010__nu0p50__psi1p00,hardzero_plus_depr,0.05,30,861,0.0,2,0.46693853,0.46693945,1.0166534,0.09623801,0.09623801,1.0,9.3122634e-07,9.676284e-06,-27.45888,2.2366822,0.74556077,0.16000001,0.0,0.15206827,8.5501,8.560101,2758400
hardzero_plus_depr__c0p52__z1p10__lam0p010__nu0p50__psi1p00,hardzero_plus_depr,0.05,30,862,0.0,2,0.46693945,0.46694043,0.9858045,0.103322625,0.103322625,1.0,9.898309e-07,9.5800015e-06,-26.537607,2.1688132,0.72293776,0.17600001,0.0,0.14853574,8.560101,8.570101,2761600
hardzero_plus_depr__c0p52__z1p10__lam0p010__nu0p50__psi1p00,hardzero_plus_depr,0.05,30,863,0.0,2,0.46694043,0.4669413,1.0422074,0.090738714,0.090738714,1.0,8.6062744e-07,9.484677e-06,-27.899128,2.292902,0.7643007,0.120000005,0.0,0.17014353,8.570101,8.580101,2764800
hardzero_plus_depr__c0p52__z1p10__lam0p010__nu0p50__psi1p00,hardzero_plus_depr,0.05,30,864,0.0,2,0.4669413,0.46694225,0.9984247,0.10036339,0.10036339,1.0,9.424424e-07,9.390301e-06,-27.190804,2.1965783,0.73219275,0.14400001,0.0,0.177628,8.580101,8.590101,2768000
hardzero_plus_depr__c0p52__z1p10__lam0p010__nu0p50__psi1p00,hardzero_plus_depr,0.05,30,865,0.0,2,0.46694225,0.46694311,1.0306515,0.09318554,0.09318554,1.0,8.6633315e-07,9.296863e-06,-27.75184,2.2674785,0.7558262,0.224,0.0,0.1758902,8.590101,8.600101,2771200
hardzero_plus_depr__c0p52__z1p10__lam0p010__nu0p50__psi1p00,hardzero_plus_depr,0.05,30,866,0.0,2,0.46694311,0.46694407,0.9888198,0.10260777,0.10260777,1.0,9.444384e-07,9.204356e-06,-26.141605,2.175447,0.72514904,0.192,0.0,0.16595726,8.600101,8.610102,2774400
hardzero_plus_depr__c0p52__z1p10__lam0p010__nu0p50__psi1p00,hardzero_plus_depr,0.05,30,867,0.0,2,0.46694407,0.4669449,1.0343181,0.092402115,0.092402115,1.0,8.4203907e-07,9.112769e-06,-26.91672,2.2755451,0.75851506,0.2,0.0,0.1582334,8.610102,8.620102,2777600
hardzero_plus_depr__c0p52__z1p10__lam0p010__nu0p50__psi1p00,hardzero_plus_depr,0.05,30,868,0.0,2,0.4669449,0.46694574,1.0355004,0.0921509,0.0921509,1.0,8.3139395e-07,9.022093e-06,-27.351921,2.2781465,0.7593822,0.096,0.0,0.15446058,8.620102,8.630102,2780800
hardzero_plus_depr__c0p52__z1p10__lam0p010__nu0p50__psi1p00,hardzero_plus_depr,0.05,30,869,0.0,2,0.46694574,0.46694574,1.1024909,0.0,0.07897853,0.0,0.0,8.93232e-06,-28.506937,2.4255283,0.80850947,0.112,0.008,0.1973788,8.630102,8.640102,2784000
hardzero_plus_depr__c0p52__z1p10__lam0p010__nu0p50__psi1p00,hardzero_plus_depr,0.05,30,870,0.0,2,0.46694574,0.46694654,1.0391763,0.09137421,0.09137421,1.0,8.0806234e-07,8.84344e-06,-27.217752,2.2862337,0.7620779,0.136,0.0,0.16769008,8.640102,8.650103,2787200
hardzero_plus_depr__c0p52__z1p10__lam0p010__nu0p50__psi1p00,hardzero_plus_depr,0.05,30,871,0.0,2,0.46694654,0.46694753,0.9478359,0.11276233,0.11276233,1.0,9.872842e-07,8.755444e-06,-26.252468,2.0852807,0.6950936,0.19,0.0,0.12721393,8.650103,8.660103,2790400
hardzero_plus_depr__c0p52__z1p10__lam0p010__nu0p50__psi1p00,hardzero_plus_depr,0.05,30,872,0.0,2,0.46694753,0.46694833,1.0260451,0.09417917,0.09417917,1.0,8.163755e-07,8.668324e-06,-26.673716,2.2573442,0.7524481,0.2,0.0,0.1593925,8.660103,8.670103,2793600
hardzero_plus_depr__c0p52__z1p10__lam0p010__nu0p50__psi1p00,hardzero_plus_depr,0.05,30,873,0.0,2,0.46694833,0.46694908,1.056603,0.08778029,0.08778029,1.0,7.533367e-07,8.582071e-06,-27.663801,2.3245728,0.77485764,0.16000001,0.0,0.17857324,8.670103,8.680103,2796800
hardzero_plus_depr__c0p52__z1p10__lam0p010__nu0p50__psi1p00,hardzero_plus_depr,0.05,30,874,0.0,2,0.46694908,0.46694994,0.99443215,0.1012903,0.1012903,1.0,8.6063085e-07,8.496676e-06,-26.508,2.1877944,0.72926486,0.16000001,0.0,0.15734039,8.680103,8.690104,2800000
hardzero_plus_depr__c0p52__z1p10__lam0p010__nu0p50__psi1p00,hardzero_plus_depr,0.05,30,875,0.0,2,0.46694994,0.4669507,1.031033,0.0931037,0.0931037,1.0,7.8320045e-07,8.41213e-06,-27.751358,2.268318,0.756106,0.072000004,0.0,0.18268657,8.690104,8.700104,2803200
hardzero_plus_depr__c0p52__z1p10__lam0p010__nu0p50__psi1p00,hardzero_plus_depr,0.05,30,876,0.0,2,0.4669507,0.46695146,1.0501773,0.08908871,0.08908871,1.0,7.419688e-07,8.328427e-06,-28.363283,2.3104362,0.7701454,0.120000005,0.0,0.17611651,8.700104,8.710104,2806400
hardzero_plus_depr__c0p52__z1p10__lam0p010__nu0p50__psi1p00,hardzero_plus_depr,0.05,30,877,0.0,2,0.46695146,0.46695223,1.0193533,0.09564157,0.09564157,1.0,7.886179e-07,8.245556e-06,-27.00445,2.242622,0.74754065,0.14400001,0.0,0.1554863,8.710104,8.720104,2809600
hardzero_plus_depr__c0p52__z1p10__lam0p010__nu0p50__psi1p00,hardzero_plus_depr,0.05,30,878,0.0,2,0.46695223,0.46695307,0.98415536,0.103715725,0.103715725,1.0,8.4668426e-07,8.163509e-06,-25.413149,2.165185,0.7217283,0.2,0.0,0.16961342,8.720104,8.730104,2812800
hardzero_plus_depr__c0p52__z1p10__lam0p010__nu0p50__psi1p00,hardzero_plus_depr,0.05,30,879,0.0,2,0.46695307,0.46695384,1.0165066,0.09627055,0.09627055,1.0,7.7808534e-07,8.082278e-06,-27.478775,2.2363591,0.74545306,0.192,0.0,0.1935659,8.730104,8.740105,2816000
hardzero_plus_depr__c0p52__z1p10__lam0p010__nu0p50__psi1p00,hardzero_plus_depr,0.05,30,880,0.0,2,0.46695384,0.46695465,1.0031576,0.09927558,0.09927558,1.0,7.94389e-07,8.001857e-06,-26.709553,2.2069907,0.7356636,0.15200001,0.0,0.16867827,8.740105,8.750105,2819200
hardzero_plus_depr__c0p52__z1p10__lam0p010__nu0p50__psi1p00,hardzero_plus_depr,0.05,30,881,0.0,2,0.46695465,0.46695554,0.9481529,0.11268006,0.11268006,1.0,8.92678e-07,7.922235e-06,-26.009478,2.085978,0.69532603,0.14400001,0.0,0.15841335,8.750105,8.760105,2822400
hardzero_plus_depr__c0p52__z1p10__lam0p010__nu0p50__psi1p00,hardzero_plus_depr,0.05,30,882,0.0,2,0.46695554,0.46695638,0.9787165,0.10502278,0.10502278,1.0,8.237363e-07,7.843406e-06,-26.040342,2.1532192,0.71773976,0.112,0.0,0.14913781,8.760105,8.770105,2825600
hardzero_plus_depr__c0p52__z1p10__lam0p010__nu0p50__psi1p00,hardzero_plus_depr,0.05,30,883,0.0,2,0.46695638,0.46695724,0.9492274,0.112401634,0.112401634,1.0,8.728393e-07,7.765361e-06,-25.85165,2.088342,0.696114,0.17600001,0.0,0.124214835,8.770105,8.780106,2828800
hardzero_plus_depr__c0p52__z1p10__lam0p010__nu0p50__psi1p00,hardzero_plus_depr,0.05,30,884,0.0,2,0.46695724,0.466958,1.016081,0.09636492,0.09636492,1.0,7.4086245e-07,7.688092e-06,-26.930664,2.2354228,0.74514097,0.17,0.0,0.14233518,8.780106,8.790106,2832000
hardzero_plus_depr__c0p52__z1p10__lam0p010__nu0p50__psi1p00,hardzero_plus_depr,0.05,30,885,0.0,2,0.466958,0.46695885,0.94772536,0.11279105,0.11279105,1.0,8.585195e-07,7.6115925e-06,-25.22783,2.0850375,0.6950125,0.18400002,0.0,0.14108673,8.790106,8.800106,2835200
hardzero_plus_depr__c0p52__z1p10__lam0p010__nu0p50__psi1p00,hardzero_plus_depr,0.05,30,886,0.0,2,0.46695885,0.46695957,1.0287389,0.09359684,0.09359684,1.0,7.053321e-07,7.5358544e-06,-26.865826,2.2632706,0.75442356,0.112,0.0,0.18274508,8.800106,8.810106,2838400
hardzero_plus_depr__c0p52__z1p10__lam0p010__nu0p50__psi1p00,hardzero_plus_depr,0.05,30,887,0.0,2,0.46695957,0.46696028,1.0208876,0.09530428,0.09530428,1.0,7.1105285e-07,7.46087e-06,-27.777712,2.2459977,0.7486659,0.14400001,0.0,0.15606375,8.810106,8.8201065,2841600
hardzero_plus_depr__c0p52__z1p10__lam0p010__nu0p50__psi1p00,hardzero_plus_depr,0.05,30,888,0.0,2,0.46696028,0.466961,1.0112281,0.09744777,0.09744777,1.0,7.1981077e-07,7.3866318e-06,-27.04644,2.2247462,0.7415821,0.14400001,0.0,0.14958765,8.8201065,8.830107,2844800
hardzero_plus_depr__c0p52__z1p10__lam0p010__nu0p50__psi1p00,hardzero_plus_depr,0.05,30,889,0.0,2,0.466961,0.46696162,1.0661881,0.08586414,0.08586414,1.0,6.279358e-07,7.3131314e-06,-28.521837,2.3456607,0.78188694,0.128,0.0,0.16219006,8.830107,8.840107,2848000
hardzero_plus_depr__c0p52__z1p10__lam0p010__nu0p50__psi1p00,hardzero_plus_depr,0.05,30,890,0.0,2,0.46696162,0.46696228,1.0485337,0.08942651,0.08942651,1.0,6.474804e-07,7.240363e-06,-27.658073,2.3068202,0.7689401,0.17600001,0.0,0.17718776,8.840107,8.850107,2851200
hardzero_plus_depr__c0p52__z1p10__lam0p010__nu0p50__psi1p00,hardzero_plus_depr,0.05,30,891,0.0,2,0.46696228,0.46696302,0.97751606,0.10531347,0.10531347,1.0,7.5492045e-07,7.168318e-06,-27.16917,2.1505783,0.71685946,0.128,0.0,0.17289236,8.850107,8.860107,2854400
hardzero_plus_depr__c0p52__z1p10__lam0p010__nu0p50__psi1p00,hardzero_plus_depr,0.05,30,892,0.0,2,0.46696302,0.46696374,1.0051955,0.09881081,0.09881081,1.0,7.012594e-07,7.096991e-06,-27.200747,2.2114742,0.73715806,0.17600001,0.0,0.16569087,8.860107,8.870108,2857600
hardzero_plus_depr__c0p52__z1p10__lam0p010__nu0p50__psi1p00,hardzero_plus_depr,0.05,30,893,0.0,2,0.46696374,0.46696445,0.99150187,0.10197604,0.10197604,1.0,7.1652175e-07,7.0263736e-06,-26.478447,2.1813476,0.72711587,0.192,0.0,0.17085499,8.870108,8.880108,2860800
hardzero_plus_depr__c0p52__z1p10__lam0p010__nu0p50__psi1p00,hardzero_plus_depr,0.05,30,894,0.0,2,0.46696445,0.4669651,1.0344338,0.09237749,0.09237749,1.0,6.4262014e-07,6.956458e-06,-27.490572,2.2758,0.7586,0.104,0.0,0.15721947,8.880108,8.890108,2864000
hardzero_plus_depr__c0p52__z1p10__lam0p010__nu0p50__psi1p00,hardzero_plus_depr,0.05,30,895,0.0,2,0.4669651,0.46696573,1.0443147,0.09029948,0.09029948,1.0,6.21914e-07,6.887238e-06,-28.711912,2.2975383,0.76584613,0.18400002,0.0,0.19662826,8.890108,8.900108,2867200
hardzero_plus_depr__c0p52__z1p10__lam0p010__nu0p50__psi1p00,hardzero_plus_depr,0.05,30,896,0.0,2,0.46696573,0.4669664,1.0210694,0.09526439,0.09526439,1.0,6.4958e-07,6.8187073e-06,-27.121727,2.2463975,0.7487992,0.16000001,0.0,0.1409298,8.900108,8.910109,2870400
hardzero_plus_depr__c0p52__z1p10__lam0p010__nu0p50__psi1p00,hardzero_plus_depr,0.05,30,897,0.0,2,0.4669664,0.466967,1.0517713,0.08876233,0.08876233,1.0,5.9922195e-07,6.7508586e-06,-27.19767,2.313943,0.7713143,0.17999999,0.0,0.17093633,8.910109,8.920109,2873600
hardzero_plus_depr__c0p52__z1p10__lam0p010__nu0p50__psi1p00,hardzero_plus_depr,0.05,30,898,0.0,2,0.466967,0.46696758,1.0561985,0.0878621,0.0878621,1.0,5.872426e-07,6.683685e-06,-27.683716,2.323683,0.77456105,0.16800001,0.0,0.15599622,8.920109,8.930109,2876800
hardzero_plus_depr__c0p52__z1p10__lam0p010__nu0p50__psi1p00,hardzero_plus_depr,0.05,30,899,0.0,2,0.46696758,0.46696815,1.0623453,0.0866273,0.0866273,1.0,5.732284e-07,6.61718e-06,-27.735104,2.3372061,0.7790687,0.17600001,0.0,0.15846395,8.930109,8.940109,2880000
hardzero_plus_depr__c0p52__z1p10__lam0p010__nu0p50__psi1p00,hardzero_plus_depr,0.05,30,900,0.0,2,0.46696815,0.46696886,0.96476144,0.108452246,0.108452246,1.0,7.1050715e-07,6.5513364e-06,-26.2005,2.1225176,0.7075059,0.17600001,0.0,0.15677167,8.940109,8.9501095,2883200
hardzero_plus_depr__c0p52__z1p10__lam0p010__nu0p50__psi1p00,hardzero_plus_depr,0.05,30,901,0.0,2,0.46696886,0.46696943,1.060079,0.087080516,0.087080516,1.0,5.648171e-07,6.4861483e-06,-28.454767,2.3322203,0.7774068,0.14400001,0.0,0.17897332,8.9501095,8.96011,2886400
hardzero_plus_depr__c0p52__z1p10__lam0p010__nu0p50__psi1p00,hardzero_plus_depr,0.05,30,902,0.0,2,0.46696943,0.46697006,1.0121701,0.09723664,0.09723664,1.0,6.2441563e-07,6.4216083e-06,-26.817732,2.2268186,0.74227285,0.2,0.0,0.16957326,8.96011,8.97011,2889600
hardzero_plus_depr__c0p52__z1p10__lam0p010__nu0p50__psi1p00,hardzero_plus_depr,0.05,30,903,0.0,2,0.46697006,0.46697068,1.0115706,0.097370945,0.097370945,1.0,6.190563e-07,6.357711e-06,-27.076708,2.2254996,0.7418332,0.112,0.0,0.17161462,8.97011,8.98011,2892800
hardzero_plus_depr__c0p52__z1p10__lam0p010__nu0p50__psi1p00,hardzero_plus_depr,0.05,30,904,0.0,2,0.46697068,0.4669712,1.0873588,0.081778884,0.081778884,1.0,5.14753e-07,6.294449e-06,-28.256874,2.3922372,0.7974124,0.08800001,0.0,0.16254371,8.98011,8.99011,2896000
hardzero_plus_depr__c0p52__z1p10__lam0p010__nu0p50__psi1p00,hardzero_plus_depr,0.05,30,905,0.0,2,0.4669712,0.46697178,1.0145801,0.09669853,0.09669853,1.0,6.0260754e-07,6.231817e-06,-27.256016,2.2321208,0.74404025,0.096,0.0,0.13789426,8.99011,9.000111,2899200
hardzero_plus_depr__c0p52__z1p10__lam0p010__nu0p50__psi1p00,hardzero_plus_depr,0.05,30,906,0.0,2,0.46697178,0.4669724,1.0014383,0.09966938,0.09966938,1.0,6.149409e-07,6.169808e-06,-26.514524,2.2032082,0.7344028,0.14400001,0.0,0.14023514,9.000111,9.010111,2902400
hardzero_plus_depr__c0p52__z1p10__lam0p010__nu0p50__psi1p00,hardzero_plus_depr,0.05,30,907,0.0,2,0.4669724,0.466973,1.0056398,0.09870977,0.09870977,1.0,6.0296026e-07,6.108415e-06,-26.16295,2.2124517,0.7374839,0.16000001,0.0,0.1347447,9.010111,9.020111,2905600
hardzero_plus_depr__c0p52__z1p10__lam0p010__nu0p50__psi1p00,hardzero_plus_depr,0.05,30,908,0.0,2,0.466973,0.46697357,1.0370506,0.091822565,0.091822565,1.0,5.553093e-07,6.0476345e-06,-27.282372,2.2815568,0.76051897,0.136,0.0,0.19144629,9.020111,9.030111,2908800
hardzero_plus_depr__c0p52__z1p10__lam0p010__nu0p50__psi1p00,hardzero_plus_depr,0.05,30,909,0.0,2,0.46697357,0.46697417,1.0004585,0.09989448,0.09989448,1.0,5.9811396e-07,5.987458e-06,-26.69772,2.2010527,0.73368424,0.16800001,0.0,0.17429887,9.030111,9.040112,2912000
hardzero_plus_depr__c0p52__z1p10__lam0p010__nu0p50__psi1p00,hardzero_plus_depr,0.05,30,910,0.0,2,0.46697417,0.46697465,1.0878335,0.08168953,0.08168953,1.0,4.842458e-07,5.9278805e-06,-28.42433,2.3932815,0.7977605,0.17,0.0,0.17906184,9.040112,9.050112,2915200
hardzero_plus_depr__c0p52__z1p10__lam0p010__nu0p50__psi1p00,hardzero_plus_depr,0.05,30,911,0.0,2,0.46697465,0.4669752,1.0154394,0.096507385,0.096507385,1.0,5.663918e-07,5.868896e-06,-27.244282,2.2340112,0.7446704,0.216,0.0,0.15325458,9.050112,9.060112,2918400
hardzero_plus_depr__c0p52__z1p10__lam0p010__nu0p50__psi1p00,hardzero_plus_depr,0.05,30,912,0.0,2,0.4669752,0.46697584,0.97656465,0.10554445,0.10554445,1.0,6.1326585e-07,5.8104984e-06,-26.56967,2.1484852,0.7161617,0.16800001,0.0,0.15825403,9.060112,9.070112,2921600
hardzero_plus_depr__c0p52__z1p10__lam0p010__nu0p50__psi1p00,hardzero_plus_depr,0.05,30,913,0.0,2,0.46697584,0.46697634,1.0636334,0.08637073,0.08637073,1.0,4.9686327e-07,5.7526813e-06,-28.339182,2.3400402,0.78001344,0.15200001,0.0,0.18752868,9.070112,9.080112,2924800
hardzero_plus_depr__c0p52__z1p10__lam0p010__nu0p50__psi1p00,hardzero_plus_depr,0.05,30,914,0.0,2,0.46697634,0.46697688,1.0188663,0.09574887,0.09574887,1.0,5.4533194e-07,5.69544e-06,-26.968445,2.2415507,0.74718356,0.17600001,0.0,0.15890005,9.080112,9.090113,2928000
hardzero_plus_depr__c0p52__z1p10__lam0p010__nu0p50__psi1p00,hardzero_plus_depr,0.05,30,915,0.0,2,0.46697688,0.46697745,1.001184,0.099727735,0.099727735,1.0,5.6234154e-07,5.638768e-06,-26.67021,2.2026486,0.7342162,0.136,0.0,0.14851812,9.090113,9.100113,2931200
hardzero_plus_depr__c0p52__z1p10__lam0p010__nu0p50__psi1p00,hardzero_plus_depr,0.05,30,916,0.0,2,0.46697745,0.46697798,1.0213205,0.09520932,0.09520932,1.0,5.3152127e-07,5.58266e-06,-27.235802,2.24695,0.7489833,0.15200001,0.0,0.1612806,9.100113,9.110113,2934400
hardzero_plus_depr__c0p52__z1p10__lam0p010__nu0p50__psi1p00,hardzero_plus_depr,0.05,30,917,0.0,2,0.46697798,0.46697846,1.0513952,0.08883925,0.08883925,1.0,4.9102437e-07,5.5271107e-06,-27.395798,2.3131156,0.77103853,0.120000005,0.0,0.1738477,9.110113,9.120113,2937600
hardzero_plus_depr__c0p52__z1p10__lam0p010__nu0p50__psi1p00,hardzero_plus_depr,0.05,30,918,0.0,2,0.46697846,0.46697894,1.0564694,0.08780729,0.08780729,1.0,4.8049145e-07,5.4721136e-06,-27.788155,2.3242793,0.77475977,0.14400001,0.0,0.15153536,9.120113,9.130114,2940800
hardzero_plus_depr__c0p52__z1p10__lam0p010__nu0p50__psi1p00,hardzero_plus_depr,0.05,30,919,0.0,2,0.46697894,0.46697956,0.9388271,0.11512586,0.11512586,1.0,6.237132e-07,5.417664e-06,-25.086432,2.065461,0.688487,0.16800001,0.0,0.15218611,9.130114,9.140114,2944000
hardzero_plus_depr__c0p52__z1p10__lam0p010__nu0p50__psi1p00,hardzero_plus_depr,0.05,30,920,0.0,2,0.46697956,0.46698016,0.95635724,0.1105714,0.1105714,1.0,5.9307797e-07,5.363756e-06,-26.668274,2.104028,0.7013427,0.16000001,0.0,0.14434075,9.140114,9.150114,2947200
hardzero_plus_depr__c0p52__z1p10__lam0p010__nu0p50__psi1p00,hardzero_plus_depr,0.05,30,921,0.0,2,0.46698016,0.46698073,0.98044765,0.10460499,0.10460499,1.0,5.554927e-07,5.3103845e-06,-27.071821,2.157028,0.71900934,0.2,0.0,0.17161182,9.150114,9.160114,2950400
hardzero_plus_depr__c0p52__z1p10__lam0p010__nu0p50__psi1p00,hardzero_plus_depr,0.05,30,922,0.0,2,0.46698073,0.46698123,1.0200698,0.09548391,0.09548391,1.0,5.0201083e-07,5.257544e-06,-27.475567,2.2441986,0.7480662,0.18400002,0.0,0.16289736,9.160114,9.1701145,2953600
hardzero_plus_depr__c0p52__z1p10__lam0p010__nu0p50__psi1p00,hardzero_plus_depr,0.05,30,923,0.0,2,0.46698123,0.46698168,1.0746372,0.08420982,0.08420982,1.0,4.3833143e-07,5.205229e-06,-28.339935,2.364249,0.788083,0.14999999,0.0,0.19204237,9.1701145,9.180115,2956800
hardzero_plus_depr__c0p52__z1p10__lam0p010__nu0p50__psi1p00,hardzero_plus_depr,0.05,30,924,0.0,2,0.46698168,0.4669822,1.0082407,0.098120384,0.098120384,1.0,5.0565706e-07,5.1534353e-06,-27.553926,2.2181737,0.73939127,0.14400001,0.0,0.17836905,9.180115,9.190115,2960000
hardzero_plus_depr__c0p52__z1p10__lam0p010__nu0p50__psi1p00,hardzero_plus_depr,0.05,30,925,0.0,2,0.4669822,0.46698272,0.9781223,0.10516656,0.10516656,1.0,5.365763e-07,5.1021566e-06,-26.768364,2.151912,0.717304,0.224,0.0,0.14936003,9.190115,9.200115,2963200
hardzero_plus_depr__c0p52__z1p10__lam0p010__nu0p50__psi1p00,hardzero_plus_depr,0.05,30,926,0.0,2,0.46698272,0.46698314,1.0742477,0.08428539,0.08428539,1.0,4.2575823e-07,5.051388e-06,-27.86424,2.363392,0.7877974,0.128,0.0,0.18301499,9.200115,9.210115,2966400
hardzero_plus_depr__c0p52__z1p10__lam0p010__nu0p50__psi1p00,hardzero_plus_depr,0.05,30,927,0.0,2,0.46698314,0.46698362,1.0152664,0.096545845,0.096545845,1.0,4.828379e-07,5.0011254e-06,-27.67721,2.2336307,0.74454355,0.16800001,0.0,0.166745,9.210115,9.220116,2969600
hardzero_plus_depr__c0p52__z1p10__lam0p010__nu0p50__psi1p00,hardzero_plus_depr,0.05,30,928,0.0,2,0.46698362,0.4669841,1.0089359,0.097963445,0.097963445,1.0,4.8505245e-07,4.951362e-06,-27.508858,2.2197034,0.7399012,0.18400002,0.0,0.17191504,9.220116,9.230116,2972800
hardzero_plus_depr__c0p52__z1p10__lam0p010__nu0p50__psi1p00,hardzero_plus_depr,0.05,30,929,0.0,2,0.4669841,0.46698457,1.0087554,0.09800416,0.09800416,1.0,4.804256e-07,4.902094e-06,-27.402052,2.2193062,0.73976874,0.15200001,0.0,0.15848325,9.230116,9.240116,2976000
hardzero_plus_depr__c0p52__z1p10__lam0p010__nu0p50__psi1p00,hardzero_plus_depr,0.05,30,930,0.0,2,0.46698457,0.46698505,1.0039812,0.09908746,0.09908746,1.0,4.8090277e-07,4.853316e-06,-26.39125,2.2088027,0.73626757,0.128,0.0,0.13709815,9.240116,9.250116,2979200
hardzero_plus_depr__c0p52__z1p10__lam0p010__nu0p50__psi1p00,hardzero_plus_depr,0.05,30,931,0.0,2,0.46698505,0.46698552,1.0071411,0.098369144,0.098369144,1.0,4.7266607e-07,4.8050238e-06,-27.108807,2.2157547,0.73858494,0.192,0.0,0.14918841,9.250116,9.260117,2982400
hardzero_plus_depr__c0p52__z1p10__lam0p010__nu0p50__psi1p00,hardzero_plus_depr,0.05,30,932,0.0,2,0.46698552,0.466986,0.99667084,0.100769505,0.100769505,1.0,4.7938187e-07,4.7572116e-06,-26.034662,2.1927197,0.7309066,0.17600001,0.0,0.14153679,9.260117,9.270117,2985600
hardzero_plus_depr__c0p52__z1p10__lam0p010__nu0p50__psi1p00,hardzero_plus_depr,0.05,30,933,0.0,2,0.466986,0.46698645,1.0153072,0.09653678,0.09653678,1.0,4.546762e-07,4.7098756e-06,-27.526396,2.2337203,0.7445735,0.16800001,0.0,0.1556108,9.270117,9.280117,2988800
hardzero_plus_depr__c0p52__z1p10__lam0p010__nu0p50__psi1p00,hardzero_plus_depr,0.05,30,934,0.0,2,0.46698645,0.4669869,1.0261832,0.094149224,0.094149224,1.0,4.390188e-07,4.6630103e-06,-27.528633,2.2576482,0.7525494,0.120000005,0.0,0.15801315,9.280117,9.290117,2992000
hardzero_plus_depr__c0p52__z1p10__lam0p010__nu0p50__psi1p00,hardzero_plus_depr,0.05,30,935,0.0,2,0.4669869,0.4669873,1.0542586,0.088255435,0.088255435,1.0,4.0744106e-07,4.6166115e-06,-27.433638,2.319415,0.7731384,0.080000006,0.0,0.16596802,9.290117,9.3001175,2995200
hardzero_plus_depr__c0p52__z1p10__lam0p010__nu0p50__psi1p00,hardzero_plus_depr,0.05,30,936,0.0,2,0.4669873,0.46698776,1.0003917,0.09990984,0.09990984,1.0,4.5665536e-07,4.5706743e-06,-26.467592,2.2009058,0.7336353,0.14,0.0,0.1380826,9.3001175,9.310118,2998400
hardzero_plus_depr__c0p52__z1p10__lam0p010__nu0p50__psi1p00,hardzero_plus_depr,0.05,30,937,0.0,2,0.46698776,0.4669882,1.0028073,0.09935568,0.09935568,1.0,4.496038e-07,4.5251945e-06,-27.104189,2.20622,0.73540664,0.128,0.0,0.13418996,9.310118,9.320118,3001600
hardzero_plus_depr__c0p52__z1p10__lam0p010__nu0p50__psi1p00,hardzero_plus_depr,0.05,30,938,0.0,2,0.4669882,0.46698862,1.044622,0.09023563,0.09023563,1.0,4.042707e-07,4.4801673e-06,-27.309593,2.2982142,0.76607144,0.14400001,0.0,0.16345161,9.320118,9.330118,3004800
hardzero_plus_depr__c0p52__z1p10__lam0p010__nu0p50__psi1p00,hardzero_plus_depr,0.05,30,939,0.0,2,0.46698862,0.46698907,1.0010151,0.099766545,0.099766545,1.0,4.425233e-07,4.435588e-06,-26.147974,2.2022772,0.7340924,0.23200001,0.0,0.14680089,9.330118,9.340118,3008000
hardzero_plus_depr__c0p52__z1p10__lam0p010__nu0p50__psi1p00,hardzero_plus_depr,0.05,30,940,0.0,2,0.46698907,0.46698952,0.9818682,0.104263365,0.104263365,1.0,4.5786757e-07,4.391452e-06,-25.99613,2.1601532,0.72005105,0.2,0.0,0.14145365,9.340118,9.350119,3011200
hardzero_plus_depr__c0p52__z1p10__lam0p010__nu0p50__psi1p00,hardzero_plus_depr,0.05,30,941,0.0,2,0.46698952,0.4669899,1.0537366,0.08836156,0.08836156,1.0,3.8417446e-07,4.3477553e-06,-26.913788,2.3182666,0.77275556,0.056,0.0,0.1717275,9.350119,9.360119,3014400
hardzero_plus_depr__c0p52__z1p10__lam0p010__nu0p50__psi1p00,hardzero_plus_depr,0.05,30,942,0.0,2,0.4669899,0.46699032,1.0270544,0.093960546,0.093960546,1.0,4.0445258e-07,4.304494e-06,-27.583834,2.2595649,0.7531883,0.224,0.0,0.1628649,9.360119,9.370119,3017600
hardzero_plus_depr__c0p52__z1p10__lam0p010__nu0p50__psi1p00,hardzero_plus_depr,0.05,30,943,0.0,2,0.46699032,0.46699074,1.0198119,0.095540635,0.095540635,1.0,4.071619e-07,4.261662e-06,-28.49986,2.243631,0.747877,0.14400001,0.0,0.15603732,9.370119,9.380119,3020800
hardzero_plus_depr__c0p52__z1p10__lam0p010__nu0p50__psi1p00,hardzero_plus_depr,0.05,30,944,0.0,2,0.46699074,0.4669911,1.0598606,0.08712432,0.08712432,1.0,3.6759988e-07,4.219257e-06,-27.98415,2.33174,0.77724665,0.096,0.0,0.1704605,9.380119,9.39012,3024000
hardzero_plus_depr__c0p52__z1p10__lam0p010__nu0p50__psi1p00,hardzero_plus_depr,0.05,30,945,0.0,2,0.4669911,0.46699154,0.959346,0.109813064,0.109813064,1.0,4.5871923e-07,4.1772737e-06,-26.014618,2.1106033,0.7035345,0.14400001,0.0,0.16050631,9.39012,9.40012,3027200
hardzero_plus_depr__c0p52__z1p10__lam0p010__nu0p50__psi1p00,hardzero_plus_depr,0.05,30,946,0.0,2,0.46699154,0.46699193,1.0267762,0.09402076,0.09402076,1.0,3.888424e-07,4.135708e-06,-26.483799,2.2589526,0.7529842,0.14400001,0.0,0.17192233,9.40012,9.41012,3030400
hardzero_plus_depr__c0p52__z1p10__lam0p010__nu0p50__psi1p00,hardzero_plus_depr,0.05,30,947,0.0,2,0.46699193,0.46699235,1.0050442,0.098845236,0.098845236,1.0,4.0472736e-07,4.094556e-06,-27.279526,2.2111413,0.73704714,0.120000005,0.0,0.16271357,9.41012,9.42012,3033600
hardzero_plus_depr__c0p52__z1p10__lam0p010__nu0p50__psi1p00,hardzero_plus_depr,0.05,30,948,0.0,2,0.46699235,0.4669927,1.049694,0.089187935,0.089187935,1.0,3.615513e-07,4.053814e-06,-28.015524,2.309373,0.769791,0.128,0.0,0.14863183,9.42012,9.43012,3036800
hardzero_plus_depr__c0p52__z1p10__lam0p010__nu0p50__psi1p00,hardzero_plus_depr,0.05,30,949,0.0,2,0.4669927,0.46699312,0.9777549,0.10525558,0.10525558,1.0,4.224408e-07,4.0134764e-06,-26.197771,2.1511037,0.7170346,0.12,0.0,0.1437514,9.43012,9.440121,3040000
hardzero_plus_depr__c0p52__z1p10__lam0p010__nu0p50__psi1p00,hardzero_plus_depr,0.05,30,950,0.0,2,0.46699312,0.46699354,0.9840927,0.10373068,0.10373068,1.0,4.121781e-07,3.973541e-06,-26.37622,2.1650472,0.7216824,0.208,0.008,0.16929708,9.440121,9.450121,3043200
hardzero_plus_depr__c0p52__z1p10__lam0p010__nu0p50__psi1p00,hardzero_plus_depr,0.05,30,951,0.0,2,0.46699354,0.466994,0.95821875,0.11009847,0.11009847,1.0,4.3312764e-07,3.9340025e-06,-26.872946,2.1081233,0.70270777,0.24000001,0.0,0.1641908,9.450121,9.460121,3046400
hardzero_plus_depr__c0p52__z1p10__lam0p010__nu0p50__psi1p00,hardzero_plus_depr,0.05,30,952,0.0,2,0.466994,0.46699435,1.0500335,0.08911823,0.08911823,1.0,3.4710283e-07,3.894858e-06,-27.472624,2.3101196,0.7700399,0.15200001,0.0,0.15720531,9.460121,9.470121,3049600
hardzero_plus_depr__c0p52__z1p10__lam0p010__nu0p50__psi1p00,hardzero_plus_depr,0.05,30,953,0.0,2,0.46699435,0.46699476,0.9768303,0.105479896,0.105479896,1.0,4.067413e-07,3.8561025e-06,-26.002113,2.1490695,0.7163565,0.120000005,0.0,0.14652325,9.470121,9.480122,3052800
hardzero_plus_depr__c0p52__z1p10__lam0p010__nu0p50__psi1p00,hardzero_plus_depr,0.05,30,954,0.0,2,0.46699476,0.4669951,1.0506098,0.089000024,0.089000024,1.0,3.397783e-07,3.8177327e-06,-27.70739,2.3113878,0.77046263,0.15200001,0.0,0.1924739,9.480122,9.490122,3056000
hardzero_plus_depr__c0p52__z1p10__lam0p010__nu0p50__psi1p00,hardzero_plus_depr,0.05,30,955,0.0,2,0.4669951,0.46699542,1.0597285,0.08715083,0.08715083,1.0,3.2940787e-07,3.7797447e-06,-27.5567,2.3314493,0.7771498,0.14400001,0.0,0.16742422,9.490122,9.500122,3059200
hardzero_plus_depr__c0p52__z1p10__lam0p010__nu0p50__psi1p00,hardzero_plus_depr,0.05,30,956,0.0,2,0.46699542,0.46699578,1.0248983,0.094428204,0.094428204,1.0,3.5336305e-07,3.7421346e-06,-27.683306,2.2548213,0.7516071,0.15200001,0.0,0.15756916,9.500122,9.510122,3062400
hardzero_plus_depr__c0p52__z1p10__lam0p010__nu0p50__psi1p00,hardzero_plus_depr,0.05,30,957,0.0,2,0.46699578,0.46699616,0.98502773,0.10350759,0.10350759,1.0,3.834852e-07,3.7048992e-06,-26.611462,2.1671042,0.7223681,0.2,0.0,0.14512272,9.510122,9.520123,3065600
hardzero_plus_depr__c0p52__z1p10__lam0p010__nu0p50__psi1p00,hardzero_plus_depr,0.05,30,958,0.0,2,0.46699616,0.46699652,1.0185308,0.09582287,0.09582287,1.0,3.5148153e-07,3.668034e-06,-26.899982,2.2408125,0.7469375,0.192,0.0,0.14809301,9.520123,9.530123,3068800
hardzero_plus_depr__c0p52__z1p10__lam0p010__nu0p50__psi1p00,hardzero_plus_depr,0.05,30,959,0.0,2,0.46699652,0.46699688,1.0028493,0.099346064,0.099346064,1.0,3.6077878e-07,3.6315357e-06,-26.681349,2.2063127,0.7354376,0.2,0.0,0.14341566,9.530123,9.540123,3072000
hardzero_plus_depr__c0p52__z1p10__lam0p010__nu0p50__psi1p00,hardzero_plus_depr,0.05,30,960,0.0,2,0.46699688,0.4669972,1.0345747,0.092347525,0.092347525,1.0,3.3202633e-07,3.5954004e-06,-27.017302,2.27611,0.75870335,0.18400002,0.0,0.16618325,9.540123,9.550123,3075200
hardzero_plus_depr__c0p52__z1p10__lam0p010__nu0p50__psi1p00,hardzero_plus_depr,0.05,30,961,0.0,2,0.4669972,0.46699756,0.9900006,0.102329165,0.102329165,1.0,3.642534e-07,3.5596245e-06,-26.87341,2.1780448,0.726015,0.23200001,0.0,0.14282373,9.550123,9.560123,3078400
hardzero_plus_depr__c0p52__z1p10__lam0p010__nu0p50__psi1p00,hardzero_plus_depr,0.05,30,962,0.0,2,0.46699756,0.4669979,1.029619,0.09340735,0.09340735,1.0,3.291866e-07,3.5242047e-06,-27.586134,2.265207,0.755069,0.16,0.0,0.19354881,9.560123,9.570124,3081600
hardzero_plus_depr__c0p52__z1p10__lam0p010__nu0p50__psi1p00,hardzero_plus_depr,0.05,30,963,0.0,2,0.4669979,0.46699822,1.0256326,0.09426867,0.09426867,1.0,3.289164e-07,3.489138e-06,-27.087103,2.2564368,0.75214565,0.120000005,0.0,0.15364163,9.570124,9.580124,3084800
hardzero_plus_depr__c0p52__z1p10__lam0p010__nu0p50__psi1p00,hardzero_plus_depr,0.05,30,964,0.0,2,0.46699822,0.46699855,1.0249795,0.09441055,0.09441055,1.0,3.2613366e-07,3.4544196e-06,-27.109083,2.2549999,0.75166667,0.128,0.0,0.20200342,9.580124,9.590124,3088000
hardzero_plus_depr__c0p52__z1p10__lam0p010__nu0p50__psi1p00,hardzero_plus_depr,0.05,30,965,0.0,2,0.46699855,0.4669989,0.9948086,0.101202525,0.101202525,1.0,3.4611733e-07,3.4200464e-06,-27.23522,2.1886227,0.72954094,0.23200001,0.0,0.16312662,9.590124,9.600124,3091200
hardzero_plus_depr__c0p52__z1p10__lam0p010__nu0p50__psi1p00,hardzero_plus_depr,0.05,30,966,0.0,2,0.4669989,0.4669992,1.0481583,0.089503855,0.089503855,1.0,3.0306146e-07,3.3860158e-06,-27.301317,2.3059943,0.7686648,0.18400002,0.0,0.16351235,9.600124,9.610125,3094400
hardzero_plus_depr__c0p52__z1p10__lam0p010__nu0p50__psi1p00,hardzero_plus_depr,0.05,30,967,0.0,2,0.4669992,0.4669996,0.951365,0.11184974,0.11184974,1.0,3.749565e-07,3.3523233e-06,-25.828627,2.0930448,0.6976816,0.16800001,0.0,0.14031434,9.610125,9.620125,3097600
hardzero_plus_depr__c0p52__z1p10__lam0p010__nu0p50__psi1p00,hardzero_plus_depr,0.05,30,968,0.0,2,0.4669996,0.46699995,0.9720502,0.10664728,0.10664728,1.0,3.539588e-07,3.3189667e-06,-25.298553,2.1385531,0.71285105,0.208,0.0,0.13192677,9.620125,9.630125,3100800
hardzero_plus_depr__c0p52__z1p10__lam0p010__nu0p50__psi1p00,hardzero_plus_depr,0.05,30,969,0.0,2,0.46699995,0.46700028,1.0067031,0.09846839,0.09846839,1.0,3.235614e-07,3.2859418e-06,-26.278006,2.214791,0.7382637,0.23200001,0.0,0.18179604,9.630125,9.640125,3104000
hardzero_plus_depr__c0p52__z1p10__lam0p010__nu0p50__psi1p00,hardzero_plus_depr,0.05,30,970,0.0,2,0.46700028,0.46700057,1.0571749,0.08766475,0.08766475,1.0,2.8519491e-07,3.253245e-06,-27.931923,2.3258312,0.7752771,0.192,0.0,0.18536817,9.640125,9.6501255,3107200
hardzero_plus_depr__c0p52__z1p10__lam0p010__nu0p50__psi1p00,hardzero_plus_depr,0.05,30,971,0.0,2,0.46700057,0.46700087,1.0126716,0.097124405,0.097124405,1.0,3.1282548e-07,3.220874e-06,-26.136856,2.227922,0.7426407,0.120000005,0.0,0.16595654,9.6501255,9.660126,3110400
hardzero_plus_depr__c0p52__z1p10__lam0p010__nu0p50__psi1p00,hardzero_plus_depr,0.05,30,972,0.0,2,0.46700087,0.4670012,0.9950244,0.101152256,0.101152256,1.0,3.2255687e-07,3.1888253e-06,-26.697645,2.1890974,0.72969913,0.15200001,0.0,0.147752,9.660126,9.670126,3113600
hardzero_plus_depr__c0p52__z1p10__lam0p010__nu0p50__psi1p00,hardzero_plus_depr,0.05,30,973,0.0,2,0.4670012,0.4670015,1.0158511,0.096415944,0.096415944,1.0,3.043943e-07,3.157095e-06,-27.025349,2.2349172,0.7449724,0.112,0.0,0.1813989,9.670126,9.680126,3116800
hardzero_plus_depr__c0p52__z1p10__lam0p010__nu0p50__psi1p00,hardzero_plus_depr,0.05,30,974,0.0,2,0.4670015,0.46700183,0.9810878,0.1044509,0.1044509,1.0,3.2648018e-07,3.125681e-06,-25.918478,2.1584363,0.7194788,0.16800001,0.0,0.13653234,9.680126,9.690126,3120000
hardzero_plus_depr__c0p52__z1p10__lam0p010__nu0p50__psi1p00,hardzero_plus_depr,0.05,30,975,0.0,2,0.46700183,0.46700212,1.0279658,0.09376359,0.09376359,1.0,2.9015885e-07,3.0945791e-06,-26.686249,2.26157,0.75385666,0.19999999,0.0,0.16000013,9.690126,9.700127,3123200
hardzero_plus_depr__c0p52__z1p10__lam0p010__nu0p50__psi1p00,hardzero_plus_depr,0.05,30,976,0.0,2,0.46700212,0.46700242,1.0255126,0.09429473,0.09429473,1.0,2.8889895e-07,3.0637868e-06,-27.50015,2.2561727,0.75205755,0.104,0.0,0.16347885,9.700127,9.710127,3126400
hardzero_plus_depr__c0p52__z1p10__lam0p010__nu0p50__psi1p00,hardzero_plus_depr,0.05,30,977,0.0,2,0.46700242,0.4670027,1.0473416,0.08967232,0.08967232,1.0,2.7200315e-07,3.033301e-06,-27.955406,2.3041975,0.76806587,0.136,0.0,0.1723193,9.710127,9.720127,3129600
hardzero_plus_depr__c0p52__z1p10__lam0p010__nu0p50__psi1p00,hardzero_plus_depr,0.05,30,978,0.0,2,0.4670027,0.467003,1.0193067,0.095651835,0.095651835,1.0,2.872538e-07,3.0031185e-06,-27.342402,2.2425194,0.7475065,0.15200001,0.0,0.13996471,9.720127,9.730127,3132800
hardzero_plus_depr__c0p52__z1p10__lam0p010__nu0p50__psi1p00,hardzero_plus_depr,0.05,30,979,0.0,2,0.467003,0.4670033,0.98995185,0.10234063,0.10234063,1.0,3.0428288e-07,2.9732362e-06,-26.377087,2.1779375,0.7259792,0.18400002,0.0,0.135746,9.730127,9.740128,3136000
hardzero_plus_depr__c0p52__z1p10__lam0p010__nu0p50__psi1p00,hardzero_plus_depr,0.05,30,980,0.0,2,0.4670033,0.46700358,0.98899674,0.10256597,0.10256597,1.0,3.0191842e-07,2.9436512e-06,-26.65945,2.1758363,0.7252788,0.16800001,0.0,0.14485838,9.740128,9.750128,3139200
hardzero_plus_depr__c0p52__z1p10__lam0p010__nu0p50__psi1p00,hardzero_plus_depr,0.05,30,981,0.0,2,0.46700358,0.46700388,0.9770204,0.10543373,0.10543373,1.0,3.0727193e-07,2.9143607e-06,-27.404964,2.1494877,0.71649593,0.208,0.0,0.1481291,9.750128,9.760128,3142400
hardzero_plus_depr__c0p52__z1p10__lam0p010__nu0p50__psi1p00,hardzero_plus_depr,0.05,30,982,0.0,2,0.46700388,0.46700415,1.024724,0.0944661,0.0944661,1.0,2.7256885e-07,2.8853617e-06,-26.138315,2.254438,0.7514793,0.104,0.0,0.17183416,9.760128,9.770128,3145600
hardzero_plus_depr__c0p52__z1p10__lam0p010__nu0p50__psi1p00,hardzero_plus_depr,0.05,30,983,0.0,2,0.46700415,0.46700442,1.0470743,0.08972751,0.08972751,1.0,2.5632022e-07,2.8566512e-06,-27.479712,2.3036094,0.76786983,0.15200001,0.008,0.1879769,9.770128,9.7801285,3148800
hardzero_plus_depr__c0p52__z1p10__lam0p010__nu0p50__psi1p00,hardzero_plus_depr,0.05,30,984,0.0,2,0.46700442,0.4670047,1.0145148,0.09671308,0.09671308,1.0,2.735265e-07,2.8282263e-06,-26.43579,2.2319772,0.74399245,0.104,0.0,0.17030576,9.7801285,9.790129,3152000
hardzero_plus_depr__c0p52__z1p10__lam0p010__nu0p50__psi1p00,hardzero_plus_depr,0.05,30,985,0.0,2,0.4670047,0.46700493,1.0805837,0.08306465,0.08306465,1.0,2.3258805e-07,2.8000845e-06,-28.266594,2.3773315,0.7924439,0.112,0.0,0.17214334,9.790129,9.800129,3155200
hardzero_plus_depr__c0p52__z1p10__lam0p010__nu0p50__psi1p00,hardzero_plus_depr,0.05,30,986,0.0,2,0.46700493,0.4670052,1.0158143,0.09642413,0.09642413,1.0,2.6730913e-07,2.7722224e-06,-26.947325,2.234836,0.7449454,0.16800001,0.0,0.16185836,9.800129,9.810129,3158400
hardzero_plus_depr__c0p52__z1p10__lam0p010__nu0p50__psi1p00,hardzero_plus_depr,0.05,30,987,0.0,2,0.4670052,0.46700546,1.0266707,0.094043605,0.094043605,1.0,2.5811565e-07,2.744638e-06,-27.95396,2.2587206,0.7529069,0.2,0.0,0.18104704,9.810129,9.820129,3161600
hardzero_plus_depr__c0p52__z1p10__lam0p010__nu0p50__psi1p00,hardzero_plus_depr,0.05,30,988,0.0,2,0.46700546,0.46700576,0.96333945,0.10880792,0.10880792,1.0,2.9566678e-07,2.7173278e-06,-25.587055,2.119389,0.70646304,0.14999999,0.0,0.14224562,9.820129,9.83013,3164800
hardzero_plus_depr__c0p52__z1p10__lam0p010__nu0p50__psi1p00,hardzero_plus_depr,0.05,30,989,0.0,2,0.46700576,0.467006,1.0591094,0.087275125,0.087275125,1.0,2.3479532e-07,2.6902892e-06,-28.465225,2.3300874,0.77669585,0.104,0.0,0.1555009,9.83013,9.84013,3168000
hardzero_plus_depr__c0p52__z1p10__lam0p010__nu0p50__psi1p00,hardzero_plus_depr,0.05,30,990,0.0,2,0.467006,0.46700627,0.9880777,0.102783225,0.102783225,1.0,2.7376512e-07,2.6635196e-06,-26.857208,2.1738143,0.7246048,0.112,0.0,0.15414836,9.84013,9.85013,3171200
hardzero_plus_depr__c0p52__z1p10__lam0p010__nu0p50__psi1p00,hardzero_plus_depr,0.05,30,991,0.0,2,0.46700627,0.46700653,1.0116769,0.09734711,0.09734711,1.0,2.5670596e-07,2.6370167e-06,-27.372833,2.2257335,0.7419112,0.16800001,0.0,0.15078449,9.85013,9.86013,3174400
hardzero_plus_depr__c0p52__z1p10__lam0p010__nu0p50__psi1p00,hardzero_plus_depr,0.05,30,992,0.0,2,0.46700653,0.4670068,1.0072309,0.098348804,0.098348804,1.0,2.567668e-07,2.6107773e-06,-27.532303,2.2159522,0.73865074,0.18400002,0.0,0.15163162,9.86013,9.870131,3177600
hardzero_plus_depr__c0p52__z1p10__lam0p010__nu0p50__psi1p00,hardzero_plus_depr,0.05,30,993,0.0,2,0.4670068,0.46700707,0.98591167,0.10329714,0.10329714,1.0,2.6700235e-07,2.5847992e-06,-27.132566,2.169049,0.7230164,0.15200001,0.0,0.16936006,9.870131,9.880131,3180800
hardzero_plus_depr__c0p52__z1p10__lam0p010__nu0p50__psi1p00,hardzero_plus_depr,0.05,30,994,0.0,2,0.46700707,0.46700734,1.002172,0.09950112,0.09950112,1.0,2.5463126e-07,2.5590793e-06,-26.01487,2.2048225,0.7349409,0.104,0.0,0.1584046,9.880131,9.890131,3184000
hardzero_plus_depr__c0p52__z1p10__lam0p010__nu0p50__psi1p00,hardzero_plus_depr,0.05,30,995,0.0,2,0.46700734,0.46700755,1.0626546,0.08656561,0.08656561,1.0,2.1932397e-07,2.5336155e-06,-28.509499,2.3378868,0.7792956,0.15200001,0.0,0.17203803,9.890131,9.900131,3187200
hardzero_plus_depr__c0p52__z1p10__lam0p010__nu0p50__psi1p00,hardzero_plus_depr,0.05,30,996,0.0,2,0.46700755,0.46700785,0.9441586,0.11372119,0.11372119,1.0,2.852588e-07,2.508405e-06,-25.244936,2.0771904,0.6923968,0.18400002,0.0,0.14016475,9.900131,9.910131,3190400
hardzero_plus_depr__c0p52__z1p10__lam0p010__nu0p50__psi1p00,hardzero_plus_depr,0.05,30,997,0.0,2,0.46700785,0.46700805,1.0752108,0.08409867,0.08409867,1.0,2.0885446e-07,2.4834455e-06,-28.291862,2.365511,0.78850365,0.128,0.0,0.18020466,9.910131,9.920132,3193600
hardzero_plus_depr__c0p52__z1p10__lam0p010__nu0p50__psi1p00,hardzero_plus_depr,0.05,30,998,0.0,2,0.46700805,0.46700832,0.97562045,0.10577414,0.10577414,1.0,2.600705e-07,2.4587341e-06,-26.987345,2.1464078,0.7154693,0.16800001,0.0,0.18083172,9.920132,9.930132,3196800
hardzero_plus_depr__c0p52__z1p10__lam0p010__nu0p50__psi1p00,hardzero_plus_depr,0.05,30,999,0.0,2,0.46700832,0.4670086,0.9523277,0.11160208,0.11160208,1.0,2.7166945e-07,2.4342687e-06,-26.046926,2.0951629,0.6983876,0.23200001,0.0,0.15178329,9.930132,9.940132,3200000
hardzero_plus_depr__c0p52__z1p10__lam0p010__nu0p50__psi1p00,hardzero_plus_depr,0.05,30,1000,0.0,2,0.4670086,0.4670088,1.0588822,0.08732082,0.08732082,1.0,2.1044727e-07,2.4100468e-06,-27.98335,2.3295875,0.7765292,0.104,0.0,0.1788616,9.940132,9.950132,3203200
hardzero_plus_depr__c0p52__z1p10__lam0p010__nu0p50__psi1p00,hardzero_plus_depr,0.05,30,1001,0.0,2,0.4670088,0.467009,1.0536808,0.088372916,0.088372916,1.0,2.1086359e-07,2.3860657e-06,-27.93063,2.318144,0.77271473,0.17,0.0,0.17222852,9.950132,9.960133,3206400
hardzero_plus_depr__c0p52__z1p10__lam0p010__nu0p50__psi1p00,hardzero_plus_depr,0.05,30,1002,0.0,2,0.467009,0.46700925,1.0046338,0.0989387,0.0989387,1.0,2.3372526e-07,2.3623238e-06,-27.730185,2.2102385,0.7367462,0.136,0.0,0.15535082,9.960133,9.970133,3209600
hardzero_plus_depr__c0p52__z1p10__lam0p010__nu0p50__psi1p00,hardzero_plus_depr,0.05,30,1003,0.0,2,0.46700925,0.46700945,1.0632154,0.0864539,0.0864539,1.0,2.0219991e-07,2.3388177e-06,-27.239075,2.3391206,0.7797069,0.112,0.0,0.15533419,9.970133,9.980133,3212800
hardzero_plus_depr__c0p52__z1p10__lam0p010__nu0p50__psi1p00,hardzero_plus_depr,0.05,30,1004,0.0,2,0.46700945,0.46700966,1.0175323,0.09604342,0.09604342,1.0,2.223929e-07,2.3155453e-06,-27.751837,2.238616,0.74620533,0.15200001,0.0,0.16031423,9.980133,9.990133,3216000
hardzero_plus_depr__c0p52__z1p10__lam0p010__nu0p50__psi1p00,hardzero_plus_depr,0.05,30,1005,0.0,2,0.46700966,0.46700987,1.0399235,0.091217145,0.091217145,1.0,2.0911575e-07,2.2925049e-06,-27.726107,2.2878776,0.7626259,0.16800001,0.0,0.15125948,9.990133,10.0001335,3219200
hardzero_plus_depr__c0p52__z1p10__lam0p010__nu0p50__psi1p00,hardzero_plus_depr,0.05,30,1006,0.0,2,0.46700987,0.46701008,1.0487522,0.08938153,0.08938153,1.0,2.0286866e-07,2.2696934e-06,-26.831268,2.3073008,0.7691003,0.096,0.0,0.1422196,10.0001335,10.010134,3222400
hardzero_plus_depr__c0p52__z1p10__lam0p010__nu0p50__psi1p00,hardzero_plus_depr,0.05,30,1007,0.0,2,0.46701008,0.4670103,1.013215,0.09700296,0.09700296,1.0,2.1797625e-07,2.2471093e-06,-27.22268,2.2291174,0.74303913,0.120000005,0.0,0.15669477,10.010134,10.020134,3225600
hardzero_plus_depr__c0p52__z1p10__lam0p010__nu0p50__psi1p00,hardzero_plus_depr,0.05,30,1008,0.0,2,0.4670103,0.4670105,1.0364646,0.09194656,0.09194656,1.0,2.0455806e-07,2.2247496e-06,-28.04484,2.2802675,0.76008916,0.15200001,0.0,0.18368772,10.020134,10.030134,3228800
hardzero_plus_depr__c0p52__z1p10__lam0p010__nu0p50__psi1p00,hardzero_plus_depr,0.05,30,1009,0.0,2,0.4670105,0.4670107,1.0340388,0.09246155,0.09246155,1.0,2.0365695e-07,2.2026124e-06,-26.903622,2.2749307,0.75831026,0.136,0.0,0.17052276,10.030134,10.040134,3232000
hardzero_plus_depr__c0p52__z1p10__lam0p010__nu0p50__psi1p00,hardzero_plus_depr,0.05,30,1010,0.0,2,0.4670107,0.46701092,1.0120189,0.097270474,0.097270474,1.0,2.1211729e-07,2.1806954e-06,-27.042007,2.2264862,0.7421621,0.112,0.0,0.1341575,10.040134,10.050135,3235200
hardzero_plus_depr__c0p52__z1p10__lam0p010__nu0p50__psi1p00,hardzero_plus_depr,0.05,30,1011,0.0,2,0.46701092,0.4670111,1.0588413,0.087329015,0.087329015,1.0,1.8854305e-07,2.1589967e-06,-28.667542,2.3294976,0.7764992,0.136,0.0,0.15583761,10.050135,10.060135,3238400
hardzero_plus_depr__c0p52__z1p10__lam0p010__nu0p50__psi1p00,hardzero_plus_depr,0.05,30,1012,0.0,2,0.4670111,0.46701127,1.0522062,0.08867349,0.08867349,1.0,1.895408e-07,2.1375138e-06,-27.74527,2.3148997,0.77163327,0.18400002,0.0,0.18896973,10.060135,10.070135,3241600
hardzero_plus_depr__c0p52__z1p10__lam0p010__nu0p50__psi1p00,hardzero_plus_depr,0.05,30,1013,0.0,2,0.46701127,0.46701145,1.048008,0.08953482,0.08953482,1.0,1.8947759e-07,2.1162448e-06,-27.362442,2.3056636,0.76855457,0.15200001,0.0,0.13593094,10.070135,10.080135,3244800
hardzero_plus_depr__c0p52__z1p10__lam0p010__nu0p50__psi1p00,hardzero_plus_depr,0.05,30,1014,0.0,2,0.46701145,0.46701166,1.0337014,0.0925334,0.0925334,1.0,1.9387481e-07,2.0951873e-06,-28.0839,2.2741885,0.75806284,0.13,0.0,0.17160828,10.080135,10.090136,3248000
hardzero_plus_depr__c0p52__z1p10__lam0p010__nu0p50__psi1p00,hardzero_plus_depr,0.05,30,1015,0.0,2,0.46701166,0.46701184,1.0334039,0.09259683,0.09259683,1.0,1.9207725e-07,2.0743394e-06,-27.233236,2.2735338,0.7578446,0.16800001,0.0,0.14955868,10.090136,10.100136,3251200
hardzero_plus_depr__c0p52__z1p10__lam0p010__nu0p50__psi1p00,hardzero_plus_depr,0.05,30,1016,0.0,2,0.46701184,0.46701205,0.9661863,0.10809701,0.10809701,1.0,2.219987e-07,2.0536988e-06,-26.169212,2.1256523,0.7085508,0.216,0.0,0.14454481,10.100136,10.110136,3254400
hardzero_plus_depr__c0p52__z1p10__lam0p010__nu0p50__psi1p00,hardzero_plus_depr,0.05,30,1017,0.0,2,0.46701205,0.46701223,1.0316216,0.09297762,0.09297762,1.0,1.8904801e-07,2.0332636e-06,-27.58392,2.2696128,0.7565376,0.064,0.0,0.17436501,10.110136,10.120136,3257600
hardzero_plus_depr__c0p52__z1p10__lam0p010__nu0p50__psi1p00,hardzero_plus_depr,0.05,30,1018,0.0,2,0.46701223,0.4670124,1.0463845,0.08987017,0.08987017,1.0,1.8091151e-07,2.013032e-06,-27.988873,2.3020918,0.76736397,0.14400001,0.0,0.1722895,10.120136,10.1301365,3260800
hardzero_plus_depr__c0p52__z1p10__lam0p010__nu0p50__psi1p00,hardzero_plus_depr,0.05,30,1019,0.0,2,0.4670124,0.46701258,1.0385724,0.09150135,0.09150135,1.0,1.8236234e-07,1.9930017e-06,-28.072735,2.284905,0.761635,0.136,0.0,0.16028562,10.1301365,10.140137,3264000
hardzero_plus_depr__c0p52__z1p10__lam0p010__nu0p50__psi1p00,hardzero_plus_depr,0.05,30,1020,0.0,2,0.46701258,0.4670128,0.97687113,0.10546999,0.10546999,1.0,2.0811025e-07,1.9731704e-06,-25.622465,2.1491594,0.7163865,0.17600001,0.0,0.13714969,10.140137,10.150137,3267200
hardzero_plus_depr__c0p52__z1p10__lam0p010__nu0p50__psi1p00,hardzero_plus_depr,0.05,30,1021,0.0,2,0.4670128,0.467013,1.0013269,0.09969492,0.09969492,1.0,1.9475769e-07,1.9535366e-06,-26.32833,2.202963,0.73432106,0.17600001,0.008,0.15987815,10.150137,10.160137,3270400
hardzero_plus_depr__c0p52__z1p10__lam0p010__nu0p50__psi1p00,hardzero_plus_depr,0.05,30,1022,0.0,2,0.467013,0.46701318,1.0180523,0.0959285,0.0959285,1.0,1.8553514e-07,1.9340982e-06,-26.954582,2.23976,0.7465867,0.17600001,0.0,0.1632678,10.160137,10.170137,3273600
hardzero_plus_depr__c0p52__z1p10__lam0p010__nu0p50__psi1p00,hardzero_plus_depr,0.05,30,1023,0.0,2,0.46701318,0.46701336,0.99683785,0.10073076,0.10073076,1.0,1.9288461e-07,1.914853e-06,-26.162956,2.193087,0.73102903,0.104,0.0,0.14680268,10.170137,10.180138,3276800
hardzero_plus_depr__c0p52__z1p10__lam0p010__nu0p50__psi1p00,hardzero_plus_depr,0.05,30,1024,0.0,2,0.46701336,0.46701354,1.0515417,0.08880928,0.08880928,1.0,1.683646e-07,1.8957995e-06,-28.064476,2.313438,0.771146,0.120000005,0.0,0.18396288,10.180138,10.190138,3280000
hardzero_plus_depr__c0p52__z1p10__lam0p010__nu0p50__psi1p00,hardzero_plus_depr,0.05,30,1025,0.0,2,0.46701354,0.46701372,1.010644,0.09757891,0.09757891,1.0,1.8314933e-07,1.8769355e-06,-26.86229,2.2234612,0.7411537,0.16800001,0.0,0.15060198,10.190138,10.200138,3283200
hardzero_plus_depr__c0p52__z1p10__lam0p010__nu0p50__psi1p00,hardzero_plus_depr,0.05,30,1026,0.0,2,0.46701372,0.4670139,1.00561,0.09871655,0.09871655,1.0,1.8344093e-07,1.8582592e-06,-26.476547,2.2123861,0.73746204,0.120000005,0.0,0.14275484,10.200138,10.210138,3286400
hardzero_plus_depr__c0p52__z1p10__lam0p010__nu0p50__psi1p00,hardzero_plus_depr,0.05,30,1027,0.0,2,0.4670139,0.46701407,1.013713,0.09689178,0.09689178,1.0,1.7825849e-07,1.8397689e-06,-26.653103,2.2302132,0.7434044,0.14999999,0.0,0.13099208,10.210138,10.220139,3289600
hardzero_plus_depr__c0p52__z1p10__lam0p010__nu0p50__psi1p00,hardzero_plus_depr,0.05,30,1028,0.0,2,0.46701407,0.46701425,1.0165721,0.09625602,0.09625602,1.0,1.753267e-07,1.8214623e-06,-27.408955,2.2365034,0.74550116,0.16800001,0.0,0.16588438,10.220139,10.230139,3292800
hardzero_plus_depr__c0p52__z1p10__lam0p010__nu0p50__psi1p00,hardzero_plus_depr,0.05,30,1029,0.0,2,0.46701425,0.4670144,1.0701983,0.08507495,0.08507495,1.0,1.5341891e-07,1.8033383e-06,-28.46088,2.3544834,0.7848278,0.136,0.0,0.1881133,10.230139,10.240139,3296000
hardzero_plus_depr__c0p52__z1p10__lam0p010__nu0p50__psi1p00,hardzero_plus_depr,0.05,30,1030,0.0,2,0.4670144,0.46701458,1.0320373,0.09288866,0.09288866,1.0,1.6584289e-07,1.7853944e-06,-27.92519,2.2705274,0.7568425,0.17600001,0.0,0.17849909,10.240139,10.250139,3299200
hardzero_plus_depr__c0p52__z1p10__lam0p010__nu0p50__psi1p00,hardzero_plus_depr,0.05,30,1031,0.0,2,0.46701458,0.46701476,1.0037987,0.099129125,0.099129125,1.0,1.7522352e-07,1.767629e-06,-26.378403,2.2084012,0.73613375,0.16800001,0.0,0.1681877,10.250139,10.260139,3302400
hardzero_plus_depr__c0p52__z1p10__lam0p010__nu0p50__psi1p00,hardzero_plus_depr,0.05,30,1032,0.0,2,0.46701476,0.46701494,0.98228943,0.10416229,0.10416229,1.0,1.822882e-07,1.7500403e-06,-25.97573,2.16108,0.72036,0.2,0.0,0.16100144,10.260139,10.27014,3305600
hardzero_plus_depr__c0p52__z1p10__lam0p010__nu0p50__psi1p00,hardzero_plus_depr,0.05,30,1033,0.0,2,0.46701494,0.46701512,0.97371143,0.10624012,0.10624012,1.0,1.8407448e-07,1.7326267e-06,-26.585245,2.1422079,0.7140693,0.136,0.0,0.16723931,10.27014,10.28014,3308800
hardzero_plus_depr__c0p52__z1p10__lam0p010__nu0p50__psi1p00,hardzero_plus_depr,0.05,30,1034,0.0,2,0.46701512,0.4670153,0.9930968,0.10160221,0.10160221,1.0,1.7428707e-07,1.7153865e-06,-26.591726,2.1848567,0.72828555,0.192,0.008,0.149111,10.28014,10.29014,3312000
hardzero_plus_depr__c0p52__z1p10__lam0p010__nu0p50__psi1p00,hardzero_plus_depr,0.05,30,1035,0.0,2,0.4670153,0.46701545,1.0302656,0.09326838,0.09326838,1.0,1.5839933e-07,1.6983176e-06,-27.33645,2.2666295,0.7555432,0.14400001,0.0,0.16209698,10.29014,10.30014,3315200
hardzero_plus_depr__c0p52__z1p10__lam0p010__nu0p50__psi1p00,hardzero_plus_depr,0.05,30,1036,0.0,2,0.46701545,0.4670156,1.017204,0.09611606,0.09611606,1.0,1.6161134e-07,1.6814187e-06,-27.133713,2.2378936,0.7459645,0.192,0.0,0.1598791,10.30014,10.310141,3318400
hardzero_plus_depr__c0p52__z1p10__lam0p010__nu0p50__psi1p00,hardzero_plus_depr,0.05,30,1037,0.0,2,0.4670156,0.46701574,1.0282228,0.0937081,0.0937081,1.0,1.5599475e-07,1.664688e-06,-27.601084,2.2621353,0.7540451,0.18400002,0.0,0.17835373,10.310141,10.320141,3321600
hardzero_plus_depr__c0p52__z1p10__lam0p010__nu0p50__psi1p00,hardzero_plus_depr,0.05,30,1038,0.0,2,0.46701574,0.4670159,1.0189877,0.095722124,0.095722124,1.0,1.5776189e-07,1.6481235e-06,-25.793674,2.2418177,0.7472726,0.17600001,0.0,0.14646631,10.320141,10.330141,3324800
hardzero_plus_depr__c0p52__z1p10__lam0p010__nu0p50__psi1p00,hardzero_plus_depr,0.05,30,1039,0.0,2,0.4670159,0.46701607,0.99763536,0.10054596,0.10054596,1.0,1.6406328e-07,1.6317243e-06,-27.263765,2.1948416,0.7316139,0.2,0.0,0.15495971,10.330141,10.340141,3328000
hardzero_plus_depr__c0p52__z1p10__lam0p010__nu0p50__psi1p00,hardzero_plus_depr,0.05,30,1040,0.0,2,0.46701607,0.46701622,1.0132902,0.096986175,0.096986175,1.0,1.5668e-07,1.615488e-06,-26.300362,2.2292829,0.7430943,0.19999999,0.0,0.14009213,10.340141,10.350142,3331200
hardzero_plus_depr__c0p52__z1p10__lam0p010__nu0p50__psi1p00,hardzero_plus_depr,0.05,30,1041,0.0,2,0.46701622,0.46701637,1.0309272,0.093126394,0.093126394,1.0,1.4894758e-07,1.5994132e-06,-27.298328,2.268085,0.75602835,0.2,0.0,0.16006921,10.350142,10.360142,3334400
hardzero_plus_depr__c0p52__z1p10__lam0p010__nu0p50__psi1p00,hardzero_plus_depr,0.05,30,1042,0.0,2,0.46701637,0.46701652,1.0478225,0.089573085,0.089573085,1.0,1.4183884e-07,1.5834984e-06,-27.423344,2.3052554,0.7684185,0.128,0.0,0.14192559,10.360142,10.370142,3337600
hardzero_plus_depr__c0p52__z1p10__lam0p010__nu0p50__psi1p00,hardzero_plus_depr,0.05,30,1043,0.0,2,0.46701652,0.46701667,1.0055056,0.09874031,0.09874031,1.0,1.5479931e-07,1.5677418e-06,-26.94571,2.2121563,0.73738545,0.192,0.0,0.18499021,10.370142,10.380142,3340800
hardzero_plus_depr__c0p52__z1p10__lam0p010__nu0p50__psi1p00,hardzero_plus_depr,0.05,30,1044,0.0,2,0.46701667,0.46701682,1.0574062,0.0876181,0.0876181,1.0,1.3599575e-07,1.5521422e-06,-27.542698,2.32634,0.77544665,0.136,0.0,0.17036161,10.380142,10.390142,3344000
hardzero_plus_depr__c0p52__z1p10__lam0p010__nu0p50__psi1p00,hardzero_plus_depr,0.05,30,1045,0.0,2,0.46701682,0.46701697,1.0406389,0.091067016,0.091067016,1.0,1.399425e-07,1.5366979e-06,-28.289656,2.2894514,0.76315045,0.15200001,0.0,0.18504983,10.390142,10.400143,3347200
hardzero_plus_depr__c0p52__z1p10__lam0p010__nu0p50__psi1p00,hardzero_plus_depr,0.05,30,1046,0.0,2,0.46701697,0.4670171,1.0011661,0.09973185,0.09973185,1.0,1.5173275e-07,1.5214072e-06,-26.964497,2.2026093,0.7342031,0.24000001,0.0,0.13510814,10.400143,10.410143,3350400
hardzero_plus_depr__c0p52__z1p10__lam0p010__nu0p50__psi1p00,hardzero_plus_depr,0.05,30,1047,0.0,2,0.4670171,0.46701726,1.0390462,0.0914016,0.0914016,1.0,1.3767536e-07,1.5062686e-06,-27.796791,2.2859473,0.76198244,0.14400001,0.0,0.17444147,10.410143,10.420143,3353600
hardzero_plus_depr__c0p52__z1p10__lam0p010__nu0p50__psi1p00,hardzero_plus_depr,0.05,30,1048,0.0,2,0.46701726,0.4670174,1.0205728,0.09537338,0.09537338,1.0,1.4222847e-07,1.4912806e-06,-26.73495,2.245305,0.748435,0.16800001,0.0,0.16423513,10.420143,10.430143,3356800
hardzero_plus_depr__c0p52__z1p10__lam0p010__nu0p50__psi1p00,hardzero_plus_depr,0.05,30,1049,0.0,2,0.4670174,0.46701756,1.0011468,0.099736296,0.099736296,1.0,1.4725484e-07,1.4764418e-06,-26.81781,2.2025669,0.734189,0.136,0.0,0.15889046,10.430143,10.440144,3360000
hardzero_plus_depr__c0p52__z1p10__lam0p010__nu0p50__psi1p00,hardzero_plus_depr,0.05,30,1050,0.0,2,0.46701756,0.4670177,1.0154216,0.09651134,0.09651134,1.0,1.410755e-07,1.4617506e-06,-27.308105,2.2339723,0.74465746,0.18400002,0.0,0.17093578,10.440144,10.450144,3363200
hardzero_plus_depr__c0p52__z1p10__lam0p010__nu0p50__psi1p00,hardzero_plus_depr,0.05,30,1051,0.0,2,0.4670177,0.46701783,1.0356759,0.09211368,0.09211368,1.0,1.3330744e-07,1.4472056e-06,-27.30222,2.2785325,0.7595109,0.16000001,0.0,0.16813762,10.450144,10.460144,3366400
hardzero_plus_depr__c0p52__z1p10__lam0p010__nu0p50__psi1p00,hardzero_plus_depr,0.05,30,1052,0.0,2,0.46701783,0.46701798,0.9841678,0.103712745,0.103712745,1.0,1.4860018e-07,1.4328053e-06,-26.540594,2.1652124,0.7217375,0.16800001,0.0,0.13114391,10.460144,10.470144,3369600
hardzero_plus_depr__c0p52__z1p10__lam0p010__nu0p50__psi1p00,hardzero_plus_depr,0.05,30,1053,0.0,2,0.46701798,0.4670181,1.0399544,0.09121064,0.09121064,1.0,1.293867e-07,1.4185483e-06,-27.500273,2.2879455,0.7626485,0.17,0.0,0.18839426,10.470144,10.4801445,3372800
hardzero_plus_depr__c0p52__z1p10__lam0p010__nu0p50__psi1p00,hardzero_plus_depr,0.05,30,1054,0.0,2,0.4670181,0.46701825,1.0171547,0.09612697,0.09612697,1.0,1.3500392e-07,1.4044332e-06,-27.70595,2.237785,0.7459284,0.128,0.0,0.15165152,10.4801445,10.490145,3376000
hardzero_plus_depr__c0p52__z1p10__lam0p010__nu0p50__psi1p00,hardzero_plus_depr,0.05,30,1055,0.0,2,0.46701825,0.46701837,1.0275785,0.09384724,0.09384724,1.0,1.3049069e-07,1.3904586e-06,-26.62154,2.2607179,0.75357264,0.136,0.0,0.15009794,10.490145,10.500145,3379200
hardzero_plus_depr__c0p52__z1p10__lam0p010__nu0p50__psi1p00,hardzero_plus_depr,0.05,30,1056,0.0,2,0.46701837,0.46701849,1.0451698,0.09012186,0.09012186,1.0,1.2406382e-07,1.3766229e-06,-28.438515,2.2994196,0.76647323,0.120000005,0.0,0.16737247,10.500145,10.510145,3382400
hardzero_plus_depr__c0p52__z1p10__lam0p010__nu0p50__psi1p00,hardzero_plus_depr,0.05,30,1057,0.0,2,0.46701849,0.4670186,1.0223215,0.09499014,0.09499014,1.0,1.2946445e-07,1.3629251e-06,-27.225742,2.2491522,0.7497174,0.136,0.0,0.14700194,10.510145,10.520145,3385600
hardzero_plus_depr__c0p52__z1p10__lam0p010__nu0p50__psi1p00,hardzero_plus_depr,0.05,30,1058,0.0,2,0.4670186,0.46701872,1.0519557,0.08872464,0.08872464,1.0,1.1972179e-07,1.3493634e-06,-27.887459,2.3143487,0.77144957,0.136,0.0,0.16397904,10.520145,10.530146,3388800
hardzero_plus_depr__c0p52__z1p10__lam0p010__nu0p50__psi1p00,hardzero_plus_depr,0.05,30,1059,0.0,2,0.46701872,0.46701884,1.006159,0.09859185,0.09859185,1.0,1.3171247e-07,1.3359366e-06,-27.472279,2.213594,0.7378647,0.224,0.0,0.1613513,10.530146,10.540146,3392000
hardzero_plus_depr__c0p52__z1p10__lam0p010__nu0p50__psi1p00,hardzero_plus_depr,0.05,30,1060,0.0,2,0.46701884,0.467019,0.9850708,0.103497334,0.103497334,1.0,1.3689008e-07,1.3226436e-06,-26.87406,2.1671991,0.7223997,0.16800001,0.0,0.13875729,10.540146,10.550146,3395200
hardzero_plus_depr__c0p52__z1p10__lam0p010__nu0p50__psi1p00,hardzero_plus_depr,0.05,30,1061,0.0,2,0.467019,0.4670191,1.0272747,0.09391291,0.09391291,1.0,1.2297733e-07,1.3094827e-06,-27.068361,2.2600496,0.7533499,0.120000005,0.0,0.14985225,10.550146,10.560146,3398400
hardzero_plus_depr__c0p52__z1p10__lam0p010__nu0p50__psi1p00,hardzero_plus_depr,0.05,30,1062,0.0,2,0.4670191,0.46701923,1.0244989,0.09451508,0.09451508,1.0,1.2253436e-07,1.296453e-06,-26.55856,2.2539427,0.7513143,0.136,0.0,0.1302768,10.560146,10.570147,3401600
hardzero_plus_depr__c0p52__z1p10__lam0p010__nu0p50__psi1p00,hardzero_plus_depr,0.05,30,1063,0.0,2,0.46701923,0.46701935,1.0031645,0.09927399,0.09927399,1.0,1.2742339e-07,1.2835527e-06,-27.80109,2.207006,0.73566866,0.16000001,0.0,0.17192017,10.570147,10.580147,3404800
hardzero_plus_depr__c0p52__z1p10__lam0p010__nu0p50__psi1p00,hardzero_plus_depr,0.05,30,1064,0.0,2,0.46701935,0.46701947,1.027082,0.093954585,0.093954585,1.0,1.1939568e-07,1.2707808e-06,-27.347368,2.2596254,0.7532085,0.16000001,0.0,0.17311926,10.580147,10.590147,3408000
hardzero_plus_depr__c0p52__z1p10__lam0p010__nu0p50__psi1p00,hardzero_plus_depr,0.05,30,1065,0.0,2,0.46701947,0.4670196,1.0241318,0.094595015,0.094595015,1.0,1.190134e-07,1.2581361e-06,-27.174747,2.253135,0.751045,0.18400002,0.0,0.17110647,10.590147,10.600147,3411200
hardzero_plus_depr__c0p52__z1p10__lam0p010__nu0p50__psi1p00,hardzero_plus_depr,0.05,30,1066,0.0,2,0.4670196,0.4670197,1.0097831,0.097772524,0.097772524,1.0,1.2178712e-07,1.245617e-06,-26.999153,2.2215674,0.7405225,0.12,0.0,0.1434139,10.600147,10.610147,3414400
hardzero_plus_depr__c0p52__z1p10__lam0p010__nu0p50__psi1p00,hardzero_plus_depr,0.05,30,1067,0.0,2,0.4670197,0.46701983,0.9805007,0.10459219,0.10459219,1.0,1.2898548e-07,1.2332229e-06,-26.551275,2.1571445,0.7190482,0.192,0.0,0.16504876,10.610147,10.620148,3417600
hardzero_plus_depr__c0p52__z1p10__lam0p010__nu0p50__psi1p00,hardzero_plus_depr,0.05,30,1068,0.0,2,0.46701983,0.46701995,0.99568176,0.10099926,0.10099926,1.0,1.2331522e-07,1.2209517e-06,-26.643148,2.1905437,0.7301812,0.16000001,0.0,0.15607607,10.620148,10.630148,3420800
hardzero_plus_depr__c0p52__z1p10__lam0p010__nu0p50__psi1p00,hardzero_plus_depr,0.05,30,1069,0.0,2,0.46701995,0.46702003,1.0777819,0.083602265,0.083602265,1.0,1.01058646e-07,1.2088027e-06,-29.099554,2.3711677,0.79038924,0.128,0.0,0.18795961,10.630148,10.640148,3424000
hardzero_plus_depr__c0p52__z1p10__lam0p010__nu0p50__psi1p00,hardzero_plus_depr,0.05,30,1070,0.0,2,0.46702003,0.46702015,0.96613276,0.10811034,0.10811034,1.0,1.2938371e-07,1.1967746e-06,-26.69218,2.1255345,0.70851153,0.17600001,0.0,0.14159611,10.640148,10.650148,3427200
hardzero_plus_depr__c0p52__z1p10__lam0p010__nu0p50__psi1p00,hardzero_plus_depr,0.05,30,1071,0.0,2,0.46702015,0.46702024,1.0653389,0.08603221,0.08603221,1.0,1.01936664e-07,1.1848663e-06,-27.758783,2.3437922,0.78126407,0.112,0.0,0.16524132,10.650148,10.660149,3430400
hardzero_plus_depr__c0p52__z1p10__lam0p010__nu0p50__psi1p00,hardzero_plus_depr,0.05,30,1072,0.0,2,0.46702024,0.46702033,1.0585918,0.08737921,0.08737921,1.0,1.025025e-07,1.1730765e-06,-27.447184,2.3289485,0.77631617,0.096,0.0,0.17039402,10.660149,10.670149,3433600
hardzero_plus_depr__c0p52__z1p10__lam0p010__nu0p50__psi1p00,hardzero_plus_depr,0.05,30,1073,0.0,2,0.46702033,0.46702045,0.99767655,0.10053642,0.10053642,1.0,1.1676338e-07,1.1614038e-06,-26.688515,2.1949322,0.7316441,0.16000001,0.0,0.1493718,10.670149,10.680149,3436800
hardzero_plus_depr__c0p52__z1p10__lam0p010__nu0p50__psi1p00,hardzero_plus_depr,0.05,30,1074,0.0,2,0.46702045,0.46702057,0.99906033,0.100216605,0.100216605,1.0,1.152338e-07,1.1498474e-06,-26.779247,2.1979766,0.73265886,0.2,0.0,0.16826946,10.680149,10.690149,3440000
hardzero_plus_depr__c0p52__z1p10__lam0p010__nu0p50__psi1p00,hardzero_plus_depr,0.05,30,1075,0.0,2,0.46702057,0.4670207,0.9763258,0.10560249,0.10560249,1.0,1.202185e-07,1.138406e-06,-26.059553,2.1479597,0.7159866,0.18400002,0.0,0.154314,10.690149,10.70015,3443200
hardzero_plus_depr__c0p52__z1p10__lam0p010__nu0p50__psi1p00,hardzero_plus_depr,0.05,30,1076,0.0,2,0.4670207,0.4670208,1.0197742,0.09554892,0.09554892,1.0,1.0769112e-07,1.1270783e-06,-27.698692,2.243548,0.74784935,0.192,0.0,0.17093866,10.70015,10.71015,3446400
hardzero_plus_depr__c0p52__z1p10__lam0p010__nu0p50__psi1p00,hardzero_plus_depr,0.05,30,1077,0.0,2,0.4670208,0.46702093,1.0033487,0.09923189,0.09923189,1.0,1.10729246e-07,1.1158635e-06,-27.070253,2.2074113,0.7358038,0.120000005,0.0,0.1636368,10.71015,10.72015,3449600
hardzero_plus_depr__c0p52__z1p10__lam0p010__nu0p50__psi1p00,hardzero_plus_depr,0.05,30,1078,0.0,2,0.46702093,0.46702105,0.97007865,0.10713253,0.10713253,1.0,1.18355764e-07,1.1047603e-06,-26.315283,2.1342156,0.7114052,0.17600001,0.0,0.14274648,10.72015,10.73015,3452800
hardzero_plus_depr__c0p52__z1p10__lam0p010__nu0p50__psi1p00,hardzero_plus_depr,0.05,30,1079,0.0,2,0.46702105,0.46702117,1.0002587,0.09994046,0.09994046,1.0,1.09311614e-07,1.0937674e-06,-27.523232,2.200613,0.7335377,0.12,0.0,0.17667551,10.73015,10.74015,3456000
hardzero_plus_depr__c0p52__z1p10__lam0p010__nu0p50__psi1p00,hardzero_plus_depr,0.05,30,1080,0.0,2,0.46702117,0.46702126,1.0304769,0.093223006,0.093223006,1.0,1.009497e-07,1.082884e-06,-27.71663,2.2670946,0.7556982,0.104,0.0,0.1437923,10.74015,10.750151,3459200
hardzero_plus_depr__c0p52__z1p10__lam0p010__nu0p50__psi1p00,hardzero_plus_depr,0.05,30,1081,0.0,2,0.46702126,0.46702135,1.0264347,0.09409474,0.09409474,1.0,1.0087981e-07,1.072109e-06,-27.73564,2.2582014,0.7527338,0.136,0.0,0.15279612,10.750151,10.760151,3462400
hardzero_plus_depr__c0p52__z1p10__lam0p010__nu0p50__psi1p00,hardzero_plus_depr,0.05,30,1082,0.0,2,0.46702135,0.46702144,1.0318282,0.0929334,0.0929334,1.0,9.864331e-08,1.0614409e-06,-28.361282,2.2700672,0.7566891,0.136,0.0,0.17750363,10.760151,10.770151,3465600
hardzero_plus_depr__c0p52__z1p10__lam0p010__nu0p50__psi1p00,hardzero_plus_depr,0.05,30,1083,0.0,2,0.46702144,0.46702152,1.0951861,0.08031818,0.08031818,1.0,8.4404704e-08,1.0508792e-06,-28.242455,2.4094577,0.80315256,0.112,0.008,0.15097581,10.770151,10.780151,3468800
hardzero_plus_depr__c0p52__z1p10__lam0p010__nu0p50__psi1p00,hardzero_plus_depr,0.05,30,1084,0.0,2,0.46702152,0.4670216,1.0876702,0.08172027,0.08172027,1.0,8.5023615e-08,1.0404226e-06,-28.489891,2.3929222,0.79764074,0.120000005,0.0,0.18374965,10.780151,10.790152,3472000
hardzero_plus_depr__c0p52__z1p10__lam0p010__nu0p50__psi1p00,hardzero_plus_depr,0.05,30,1085,0.0,2,0.4670216,0.4670217,1.0070195,0.098396674,0.098396674,1.0,1.01355454e-07,1.0300699e-06,-27.37788,2.2154872,0.73849577,0.14400001,0.0,0.17256485,10.790152,10.800152,3475200
hardzero_plus_depr__c0p52__z1p10__lam0p010__nu0p50__psi1p00,hardzero_plus_depr,0.05,30,1086,0.0,2,0.4670217,0.4670218,1.0263009,0.09412372,0.09412372,1.0,9.598929e-08,1.0198204e-06,-27.287674,2.2579072,0.7526357,0.15200001,0.0,0.15812147,10.800152,10.810152,3478400
hardzero_plus_depr__c0p52__z1p10__lam0p010__nu0p50__psi1p00,hardzero_plus_depr,0.05,30,1087,0.0,2,0.4670218,0.46702188,1.0698404,0.08514508,0.08514508,1.0,8.596866e-08,1.0096727e-06,-27.306364,2.3536959,0.7845653,0.112,0.0,0.17806469,10.810152,10.820152,3481600
hardzero_plus_depr__c0p52__z1p10__lam0p010__nu0p50__psi1p00,hardzero_plus_depr,0.05,30,1088,0.0,2,0.46702188,0.46702197,1.0018449,0.09957611,0.09957611,1.0,9.9538866e-08,9.99626e-07,-26.621994,2.2041028,0.7347009,0.136,0.0,0.1479059,10.820152,10.8301525,3484800
hardzero_plus_depr__c0p52__z1p10__lam0p010__nu0p50__psi1p00,hardzero_plus_depr,0.05,30,1089,0.0,2,0.46702197,0.46702206,1.0403345,0.09113087,0.09113087,1.0,9.019034e-08,9.896794e-07,-26.729483,2.2887814,0.7629272,0.096,0.0,0.15763994,10.8301525,10.840153,3488000
hardzero_plus_depr__c0p52__z1p10__lam0p010__nu0p50__psi1p00,hardzero_plus_depr,0.05,30,1090,0.0,2,0.46702206,0.46702215,1.0469599,0.08975118,0.08975118,1.0,8.794105e-08,9.798317e-07,-27.718342,2.3033576,0.7677859,0.16000001,0.0,0.15398006,10.840153,10.850153,3491200
hardzero_plus_depr__c0p52__z1p10__lam0p010__nu0p50__psi1p00,hardzero_plus_depr,0.05,30,1091,0.0,2,0.46702215,0.46702224,1.0092076,0.09790217,0.09790217,1.0,9.497313e-08,9.700819e-07,-26.646048,2.2203012,0.7401004,0.14400001,0.0,0.16068517,10.850153,10.860153,3494400
hardzero_plus_depr__c0p52__z1p10__lam0p010__nu0p50__psi1p00,hardzero_plus_depr,0.05,30,1092,0.0,2,0.46702224,0.46702233,0.9775652,0.10530154,0.10530154,1.0,1.0113469e-07,9.604294e-07,-26.768442,2.1506865,0.7168955,0.17,0.0,0.1638735,10.860153,10.870153,3497600
hardzero_plus_depr__c0p52__z1p10__lam0p010__nu0p50__psi1p00,hardzero_plus_depr,0.05,30,1093,0.0,2,0.46702233,0.46702242,1.0031542,0.09927636,0.09927636,1.0,9.439917e-08,9.508726e-07,-27.329294,2.2069833,0.73566115,0.24000001,0.0,0.17111619,10.870153,10.880154,3500800
hardzero_plus_depr__c0p52__z1p10__lam0p010__nu0p50__psi1p00,hardzero_plus_depr,0.05,30,1094,0.0,2,0.46702242,0.4670225,1.0103357,0.09764822,0.09764822,1.0,9.192712e-08,9.4141114e-07,-26.136093,2.2227829,0.74092764,0.16800001,0.0,0.1636441,10.880154,10.890154,3504000
hardzero_plus_depr__c0p52__z1p10__lam0p010__nu0p50__psi1p00,hardzero_plus_depr,0.05,30,1095,0.0,2,0.4670225,0.4670226,1.0421113,0.09075879,0.09075879,1.0,8.4591164e-08,9.3204375e-07,-27.7232,2.2926905,0.7642302,0.18400002,0.0,0.16355456,10.890154,10.900154,3507200
hardzero_plus_depr__c0p52__z1p10__lam0p010__nu0p50__psi1p00,hardzero_plus_depr,0.05,30,1096,0.0,2,0.4670226,0.4670227,1.0358939,0.09206745,0.09206745,1.0,8.495704e-08,9.227695e-07,-27.997215,2.2790122,0.75967073,0.192,0.0,0.1683795,10.900154,10.910154,3510400
hardzero_plus_depr__c0p52__z1p10__lam0p010__nu0p50__psi1p00,hardzero_plus_depr,0.05,30,1097,0.0,2,0.4670227,0.46702278,1.0403626,0.09112496,0.09112496,1.0,8.3250626e-08,9.1358754e-07,-27.583544,2.2888434,0.7629478,0.17600001,0.0,0.1640642,10.910154,10.920155,3513600
hardzero_plus_depr__c0p52__z1p10__lam0p010__nu0p50__psi1p00,hardzero_plus_depr,0.05,30,1098,0.0,2,0.46702278,0.46702287,1.0020337,0.09953281,0.09953281,1.0,9.0027136e-08,9.04497e-07,-27.066763,2.204518,0.7348394,0.18400002,0.0,0.15030235,10.920155,10.930155,3516800
hardzero_plus_depr__c0p52__z1p10__lam0p010__nu0p50__psi1p00,hardzero_plus_depr,0.05,30,1099,0.0,2,0.46702287,0.46702296,1.0395622,0.09129305,0.09129305,1.0,8.175265e-08,8.9549695e-07,-27.63613,2.2870827,0.76236093,0.08800001,0.0,0.18411964,10.930155,10.940155,3520000
hardzero_plus_depr__c0p52__z1p10__lam0p010__nu0p50__psi1p00,hardzero_plus_depr,0.05,30,1100,0.0,2,0.46702296,0.46702304,0.9876194,0.102891766,0.102891766,1.0,9.122243e-08,8.8658635e-07,-26.925642,2.172806,0.7242687,0.17600001,0.008,0.16448972,10.940155,10.950155,3523200
hardzero_plus_depr__c0p52__z1p10__lam0p010__nu0p50__psi1p00,hardzero_plus_depr,0.05,30,1101,0.0,2,0.46702304,0.46702313,1.0418894,0.09080517,0.09080517,1.0,7.970556e-08,8.7776453e-07,-28.054869,2.2922025,0.76406753,0.120000005,0.0,0.17109539,10.950155,10.9601555,3526400
hardzero_plus_depr__c0p52__z1p10__lam0p010__nu0p50__psi1p00,hardzero_plus_depr,0.05,30,1102,0.0,2,0.46702313,0.46702322,1.0187969,0.09576417,0.09576417,1.0,8.322197e-08,8.690304e-07,-27.357992,2.2413979,0.74713266,0.14400001,0.0,0.15522729,10.9601555,10.970156,3529600
hardzero_plus_depr__c0p52__z1p10__lam0p010__nu0p50__psi1p00,hardzero_plus_depr,0.05,30,1103,0.0,2,0.46702322,0.4670233,0.9765561,0.105546504,0.105546504,1.0,9.081044e-08,8.603832e-07,-26.311045,2.1484663,0.71615547,0.208,0.0,0.14965892,10.970156,10.980156,3532800
hardzero_plus_depr__c0p52__z1p10__lam0p010__nu0p50__psi1p00,hardzero_plus_depr,0.05,30,1104,0.0,2,0.4670233,0.4670234,1.0412939,0.09092979,0.09092979,1.0,7.7455994e-08,8.51822e-07,-26.952229,2.2908921,0.76363075,0.17600001,0.0,0.1630261,10.980156,10.990156,3536000
hardzero_plus_depr__c0p52__z1p10__lam0p010__nu0p50__psi1p00,hardzero_plus_depr,0.05,30,1105,0.0,2,0.4670234,0.4670235,0.9386094,0.11518356,0.11518356,1.0,9.7139605e-08,8.433461e-07,-26.766184,2.064982,0.6883273,0.22999999,0.0,0.16081874,10.990156,11.000156,3539200
hardzero_plus_depr__c0p52__z1p10__lam0p010__nu0p50__psi1p00,hardzero_plus_depr,0.05,30,1106,0.0,2,0.4670235,0.46702358,1.047446,0.089650765,0.089650765,1.0,7.4854306e-08,8.3495445e-07,-26.923014,2.3044271,0.7681424,0.136,0.0,0.15644,11.000156,11.010157,3542400
hardzero_plus_depr__c0p52__z1p10__lam0p010__nu0p50__psi1p00,hardzero_plus_depr,0.05,30,1107,0.0,2,0.46702358,0.46702367,1.0433105,0.09050852,0.09050852,1.0,7.481853e-08,8.2664627e-07,-27.13129,2.2953289,0.76510966,0.128,0.0,0.16840915,11.010157,11.020157,3545600
hardzero_plus_depr__c0p52__z1p10__lam0p010__nu0p50__psi1p00,hardzero_plus_depr,0.05,30,1108,0.0,2,0.46702367,0.46702376,1.0209355,0.09529376,0.09529376,1.0,7.799039e-08,8.184208e-07,-27.551085,2.246103,0.74870104,0.136,0.0,0.14608927,11.020157,11.030157,3548800
hardzero_plus_depr__c0p52__z1p10__lam0p010__nu0p50__psi1p00,hardzero_plus_depr,0.05,30,1109,0.0,2,0.46702376,0.46702382,1.0575975,0.0875795,0.0875795,1.0,7.096369e-08,8.102773e-07,-28.024952,2.326761,0.775587,0.16000001,0.0,0.187211,11.030157,11.040157,3552000
hardzero_plus_depr__c0p52__z1p10__lam0p010__nu0p50__psi1p00,hardzero_plus_depr,0.05,30,1110,0.0,2,0.46702382,0.46702388,1.0443,0.09030254,0.09030254,1.0,7.244203e-08,8.0221474e-07,-27.742119,2.2975059,0.7658353,0.2,0.0,0.1671817,11.040157,11.050158,3555200
hardzero_plus_depr__c0p52__z1p10__lam0p010__nu0p50__psi1p00,hardzero_plus_depr,0.05,30,1111,0.0,2,0.46702388,0.46702397,0.99188036,0.10188719,0.10188719,1.0,8.09221e-08,7.9423234e-07,-27.089443,2.1821804,0.7273935,0.2,0.0,0.16319068,11.050158,11.060158,3558400
hardzero_plus_depr__c0p52__z1p10__lam0p010__nu0p50__psi1p00,hardzero_plus_depr,0.05,30,1112,0.0,2,0.46702397,0.46702406,0.9892599,0.10250383,0.10250383,1.0,8.060177e-08,7.863294e-07,-27.035131,2.1764152,0.72547174,0.2,0.0,0.18268038,11.060158,11.070158,3561600
hardzero_plus_depr__c0p52__z1p10__lam0p010__nu0p50__psi1p00,hardzero_plus_depr,0.05,30,1113,0.0,2,0.46702406,0.46702412,1.0240314,0.09461687,0.09461687,1.0,7.365971e-08,7.785051e-07,-26.986794,2.252914,0.7509713,0.2,0.0,0.15446194,11.070158,11.080158,3564800
hardzero_plus_depr__c0p52__z1p10__lam0p010__nu0p50__psi1p00,hardzero_plus_depr,0.05,30,1114,0.0,2,0.46702412,0.46702418,1.0429614,0.090581305,0.090581305,1.0,6.981632e-08,7.707587e-07,-27.583336,2.294561,0.76485366,0.112,0.0,0.1590318,11.080158,11.090158,3568000
hardzero_plus_depr__c0p52__z1p10__lam0p010__nu0p50__psi1p00,hardzero_plus_depr,0.05,30,1115,0.0,2,0.46702418,0.46702418,1.1067569,0.0,0.07820654,0.0,0.0,7.6308936e-07,-29.117306,2.4349139,0.811638,0.16000001,0.0,0.26890403,11.090158,11.100159,3571200
hardzero_plus_depr__c0p52__z1p10__lam0p010__nu0p50__psi1p00,hardzero_plus_depr,0.05,30,1116,0.0,2,0.46702418,0.46702427,1.0000789,0.09998183,0.09998183,1.0,7.55359e-08,7.554963e-07,-26.77824,2.2002175,0.7334058,0.14400001,0.0,0.13946162,11.100159,11.110159,3574400
hardzero_plus_depr__c0p52__z1p10__lam0p010__nu0p50__psi1p00,hardzero_plus_depr,0.05,30,1117,0.0,2,0.46702427,0.46702433,1.012193,0.0972315,0.0972315,1.0,7.27271e-08,7.479788e-07,-27.18615,2.226869,0.7422897,0.15200001,0.0,0.13192868,11.110159,11.120159,3577600
hardzero_plus_depr__c0p52__z1p10__lam0p010__nu0p50__psi1p00,hardzero_plus_depr,0.05,30,1118,0.0,2,0.46702433,0.4670244,0.99955416,0.100102715,0.100102715,1.0,7.412967e-08,7.405361e-07,-26.567797,2.199063,0.733021,0.14,0.0,0.17675295,11.120159,11.130159,3580800
hardzero_plus_depr__c0p52__z1p10__lam0p010__nu0p50__psi1p00,hardzero_plus_depr,0.05,30,1119,0.0,2,0.4670244,0.46702445,1.0383499,0.091548264,0.091548264,1.0,6.712021e-08,7.331675e-07,-27.969826,2.2844152,0.76147175,0.14400001,0.0,0.15298082,11.130159,11.14016,3584000
hardzero_plus_depr__c0p52__z1p10__lam0p010__nu0p50__psi1p00,hardzero_plus_depr,0.05,30,1120,0.0,2,0.46702445,0.46702453,0.97375715,0.10622895,0.10622895,1.0,7.710864e-08,7.258722e-07,-26.3775,2.1423085,0.71410286,0.16000001,0.0,0.16137458,11.14016,11.15016,3587200
hardzero_plus_depr__c0p52__z1p10__lam0p010__nu0p50__psi1p00,hardzero_plus_depr,0.05,30,1121,0.0,2,0.46702453,0.4670246,1.0284727,0.0936542,0.0936542,1.0,6.730454e-08,7.1864946e-07,-27.227205,2.262685,0.75422835,0.16000001,0.0,0.15803333,11.15016,11.16016,3590400
hardzero_plus_depr__c0p52__z1p10__lam0p010__nu0p50__psi1p00,hardzero_plus_depr,0.05,30,1122,0.0,2,0.4670246,0.46702468,0.9672735,0.10782675,0.10782675,1.0,7.671858e-08,7.114986e-07,-26.517576,2.1280441,0.7093481,0.15200001,0.0,0.16083395,11.16016,11.17016,3593600
hardzero_plus_depr__c0p52__z1p10__lam0p010__nu0p50__psi1p00,hardzero_plus_depr,0.05,30,1123,0.0,2,0.46702468,0.46702474,0.9960158,0.10092163,0.10092163,1.0,7.109111e-08,7.0441894e-07,-26.640497,2.1912785,0.7304262,0.14400001,0.0,0.1318613,11.17016,11.1801605,3596800
hardzero_plus_depr__c0p52__z1p10__lam0p010__nu0p50__psi1p00,hardzero_plus_depr,0.05,30,1124,0.0,2,0.46702474,0.4670248,1.0077212,0.09823784,0.09823784,1.0,6.851203e-08,6.9740975e-07,-26.14301,2.2170308,0.7390103,0.18400002,0.0,0.14275366,11.1801605,11.190161,3600000
hardzero_plus_depr__c0p52__z1p10__lam0p010__nu0p50__psi1p00,hardzero_plus_depr,0.05,30,1125,0.0,2,0.4670248,0.46702486,0.98837984,0.10271177,0.10271177,1.0,7.091941e-08,6.904702e-07,-25.853392,2.174479,0.72482634,0.24000001,0.0,0.14607532,11.190161,11.200161,3603200
hardzero_plus_depr__c0p52__z1p10__lam0p010__nu0p50__psi1p00,hardzero_plus_depr,0.05,30,1126,0.0,2,0.46702486,0.46702492,1.0342177,0.09242346,0.09242346,1.0,6.318066e-08,6.835998e-07,-27.315273,2.2753243,0.75844145,0.072000004,0.0,0.16615248,11.200161,11.210161,3606400
hardzero_plus_depr__c0p52__z1p10__lam0p010__nu0p50__psi1p00,hardzero_plus_depr,0.05,30,1127,0.0,2,0.46702492,0.46702498,1.0575678,0.087585494,0.087585494,1.0,5.9277657e-08,6.7679764e-07,-27.763159,2.3266957,0.77556527,0.136,0.0,0.15994659,11.210161,11.220161,3609600
hardzero_plus_depr__c0p52__z1p10__lam0p010__nu0p50__psi1p00,hardzero_plus_depr,0.05,30,1128,0.0,2,0.46702498,0.46702498,1.1001788,0.0,0.07940012,0.0,0.0,6.700633e-07,-28.403118,2.4204419,0.80681396,0.112,0.0,0.16826582,11.220161,11.230162,3612800
hardzero_plus_depr__c0p52__z1p10__lam0p010__nu0p50__psi1p00,hardzero_plus_depr,0.05,30,1129,0.0,2,0.46702498,0.46702504,1.0210254,0.09527404,0.09527404,1.0,6.32044e-08,6.633959e-07,-28.525658,2.2463007,0.7487669,0.192,0.0,0.17115964,11.230162,11.240162,3616000
hardzero_plus_depr__c0p52__z1p10__lam0p010__nu0p50__psi1p00,hardzero_plus_depr,0.05,30,1130,0.0,2,0.46702504,0.4670251,0.98858225,0.102663904,0.102663904,1.0,6.742912e-08,6.5679484e-07,-27.138824,2.1749244,0.7249748,0.15200001,0.0,0.1609303,11.240162,11.250162,3619200
hardzero_plus_depr__c0p52__z1p10__lam0p010__nu0p50__psi1p00,hardzero_plus_depr,0.05,30,1131,0.0,2,0.4670251,0.46702516,1.0279534,0.09376626,0.09376626,1.0,6.09724e-08,6.5025944e-07,-27.134176,2.2615426,0.75384754,0.14,0.02,0.14941266,11.250162,11.260162,3622400
hardzero_plus_depr__c0p52__z1p10__lam0p010__nu0p50__psi1p00,hardzero_plus_depr,0.05,30,1132,0.0,2,0.46702516,0.46702522,1.0446609,0.09022752,0.09022752,1.0,5.8087497e-08,6.437891e-07,-27.900526,2.2983,0.76610005,0.16800001,0.0,0.17705296,11.260162,11.270163,3625600
hardzero_plus_depr__c0p52__z1p10__lam0p010__nu0p50__psi1p00,hardzero_plus_depr,0.05,30,1133,0.0,2,0.46702522,0.46702528,0.98822474,0.10274843,0.10274843,1.0,6.549012e-08,6.3738315e-07,-25.96731,2.1741378,0.7247126,0.15200001,0.0,0.14421538,11.270163,11.280163,3628800
hardzero_plus_depr__c0p52__z1p10__lam0p010__nu0p50__psi1p00,hardzero_plus_depr,0.05,30,1134,0.0,2,0.46702528,0.46702534,1.0197341,0.09555774,0.09555774,1.0,6.0300856e-08,6.31041e-07,-27.142975,2.24346,0.74782,0.17600001,0.0,0.16206934,11.280163,11.290163,3632000
hardzero_plus_depr__c0p52__z1p10__lam0p010__nu0p50__psi1p00,hardzero_plus_depr,0.05,30,1135,0.0,2,0.46702534,0.4670254,1.0408853,0.091015354,0.091015354,1.0,5.6862923e-08,6.2476187e-07,-27.558863,2.2899935,0.7633312,0.14400001,0.0,0.16457945,11.290163,11.300163,3635200
hardzero_plus_depr__c0p52__z1p10__lam0p010__nu0p50__psi1p00,hardzero_plus_depr,0.05,30,1136,0.0,2,0.4670254,0.46702546,1.0783899,0.08348532,0.08348532,1.0,5.1639446e-08,6.1854524e-07,-27.987377,2.3725052,0.7908351,0.16000001,0.0,0.19066417,11.300163,11.3101635,3638400
hardzero_plus_depr__c0p52__z1p10__lam0p010__nu0p50__psi1p00,hardzero_plus_depr,0.05,30,1137,0.0,2,0.46702546,0.46702552,1.053478,0.088414185,0.088414185,1.0,5.4144003e-08,6.1239047e-07,-28.056221,2.3176978,0.77256596,0.120000005,0.0,0.1780732,11.3101635,11.320164,3641600
hardzero_plus_depr__c0p52__z1p10__lam0p010__nu0p50__psi1p00,hardzero_plus_depr,0.05,30,1138,0.0,2,0.46702552,0.46702558,0.97233033,0.10657852,0.10657852,1.0,6.461823e-08,6.062969e-07,-26.908794,2.1391695,0.7130565,0.18400002,0.0,0.15314221,11.320164,11.330164,3644800
hardzero_plus_depr__c0p52__z1p10__lam0p010__nu0p50__psi1p00,hardzero_plus_depr,0.05,30,1139,0.0,2,0.46702558,0.46702564,1.0880675,0.08164555,0.08164555,1.0,4.900889e-08,6.0026406e-07,-27.998045,2.3937964,0.79793215,0.136,0.0,0.16602603,11.330164,11.340164,3648000
hardzero_plus_depr__c0p52__z1p10__lam0p010__nu0p50__psi1p00,hardzero_plus_depr,0.05,30,1140,0.0,2,0.46702564,0.4670257,1.0491151,0.089306876,0.089306876,1.0,5.3074288e-08,5.942912e-07,-27.4074,2.3080993,0.76936644,0.15200001,0.0,0.13468905,11.340164,11.350164,3651200
hardzero_plus_depr__c0p52__z1p10__lam0p010__nu0p50__psi1p00,hardzero_plus_depr,0.05,30,1141,0.0,2,0.4670257,0.46702576,0.97943527,0.10484911,0.10484911,1.0,6.169088e-08,5.8837776e-07,-26.795393,2.1548007,0.7182669,0.17600001,0.0,0.15403736,11.350164,11.360165,3654400
hardzero_plus_depr__c0p52__z1p10__lam0p010__nu0p50__psi1p00,hardzero_plus_depr,0.05,30,1142,0.0,2,0.46702576,0.46702582,1.036643,0.091908775,0.091908775,1.0,5.3538987e-08,5.825231e-07,-27.451883,2.2806602,0.76022005,0.096,0.0,0.15888382,11.360165,11.370165,3657600
hardzero_plus_depr__c0p52__z1p10__lam0p010__nu0p50__psi1p00,hardzero_plus_depr,0.05,30,1143,0.0,2,0.46702582,0.46702588,1.0099744,0.09772948,0.09772948,1.0,5.636321e-08,5.767268e-07,-26.924835,2.221988,0.7406627,0.192,0.0,0.15146713,11.370165,11.380165,3660800
hardzero_plus_depr__c0p52__z1p10__lam0p010__nu0p50__psi1p00,hardzero_plus_depr,0.05,30,1144,0.0,2,0.46702588,0.46702594,1.0793991,0.08329154,0.08329154,1.0,4.7558483e-08,5.7098816e-07,-28.140768,2.3747256,0.7915752,0.099999994,0.0,0.16104637,11.380165,11.390165,3664000
hardzero_plus_depr__c0p52__z1p10__lam0p010__nu0p50__psi1p00,hardzero_plus_depr,0.05,30,1145,0.0,2,0.46702594,0.467026,0.97862935,0.10504384,0.10504384,1.0,5.938198e-08,5.653066e-07,-26.249521,2.1530275,0.71767586,0.16000001,0.0,0.14249955,11.390165,11.400166,3667200
hardzero_plus_depr__c0p52__z1p10__lam0p010__nu0p50__psi1p00,hardzero_plus_depr,0.05,30,1146,0.0,2,0.467026,0.46702605,0.9908281,0.10213436,0.10213436,1.0,5.7162723e-08,5.596816e-07,-26.558731,2.1798654,0.7266218,0.136,0.0,0.15351297,11.400166,11.410166,3670400
hardzero_plus_depr__c0p52__z1p10__lam0p010__nu0p50__psi1p00,hardzero_plus_depr,0.05,30,1147,0.0,2,0.46702605,0.4670261,1.0164859,0.09627511,0.09627511,1.0,5.3347247e-08,5.5411255e-07,-27.173754,2.2363138,0.745438,0.15200001,0.008,0.14127702,11.410166,11.420166,3673600
hardzero_plus_depr__c0p52__z1p10__lam0p010__nu0p50__psi1p00,hardzero_plus_depr,0.05,30,1148,0.0,2,0.4670261,0.46702617,1.0286165,0.0936232,0.0936232,1.0,5.1361585e-08,5.485989e-07,-26.571056,2.2630017,0.7543339,0.104,0.0,0.15445387,11.420166,11.430166,3676800
hardzero_plus_depr__c0p52__z1p10__lam0p010__nu0p50__psi1p00,hardzero_plus_depr,0.05,30,1149,0.0,2,0.46702617,0.46702623,1.0452102,0.090113476,0.090113476,1.0,4.8944248e-08,5.431402e-07,-27.17859,2.2995086,0.76650286,0.16800001,0.0,0.21039623,11.430166,11.440166,3680000
hardzero_plus_depr__c0p52__z1p10__lam0p010__nu0p50__psi1p00,hardzero_plus_depr,0.05,30,1150,0.0,2,0.46702623,0.4670263,1.0325387,0.092781484,0.092781484,1.0,4.9891913e-08,5.377357e-07,-27.701357,2.2716303,0.75721014,0.120000005,0.0,0.16209024,11.440166,11.450167,3683200
hardzero_plus_depr__c0p52__z1p10__lam0p010__nu0p50__psi1p00,hardzero_plus_depr,0.05,30,1151,0.0,2,0.4670263,0.46702635,1.0618306,0.08673,0.08673,1.0,4.617375e-08,5.3238495e-07,-27.267603,2.336074,0.7786914,0.120000005,0.0,0.14107758,11.450167,11.460167,3686400
hardzero_plus_depr__c0p52__z1p10__lam0p010__nu0p50__psi1p00,hardzero_plus_depr,0.05,30,1152,0.0,2,0.46702635,0.4670264,1.0624361,0.08660916,0.08660916,1.0,4.565061e-08,5.2708754e-07,-28.280396,2.3374062,0.7791354,0.208,0.0,0.16783844,11.460167,11.470167,3689600
hardzero_plus_depr__c0p52__z1p10__lam0p010__nu0p50__psi1p00,hardzero_plus_depr,0.05,30,1153,0.0,2,0.4670264,0.46702647,1.0382812,0.09156274,0.09156274,1.0,4.7781352e-08,5.2184276e-07,-27.880877,2.2842643,0.76142144,0.120000005,0.0,0.18012133,11.470167,11.480167,3692800
hardzero_plus_depr__c0p52__z1p10__lam0p010__nu0p50__psi1p00,hardzero_plus_depr,0.05,30,1154,0.0,2,0.46702647,0.46702653,0.9505215,0.11206717,0.11206717,1.0,5.7899538e-08,5.166503e-07,-25.934116,2.0911891,0.6970631,0.2,0.0,0.14151797,11.480167,11.490168,3696000
hardzero_plus_depr__c0p52__z1p10__lam0p010__nu0p50__psi1p00,hardzero_plus_depr,0.05,30,1155,0.0,2,0.46702653,0.4670266,1.0422355,0.09073283,0.09073283,1.0,4.6410698e-08,5.115094e-07,-26.514114,2.2929637,0.76432127,0.112,0.0,0.16390446,11.490168,11.500168,3699200
hardzero_plus_depr__c0p52__z1p10__lam0p010__nu0p50__psi1p00,hardzero_plus_depr,0.05,30,1156,0.0,2,0.4670266,0.46702665,1.038482,0.09152042,0.09152042,1.0,4.634774e-08,5.0641967e-07,-27.075562,2.2847059,0.76156867,0.08800001,0.0,0.17521861,11.500168,11.510168,3702400
hardzero_plus_depr__c0p52__z1p10__lam0p010__nu0p50__psi1p00,hardzero_plus_depr,0.05,30,1157,0.0,2,0.46702665,0.4670267,1.0367991,0.091875754,0.091875754,1.0,4.6064724e-08,5.013806e-07,-27.468046,2.2810035,0.7603345,0.17999999,0.0,0.15761594,11.510168,11.520168,3705600
hardzero_plus_depr__c0p52__z1p10__lam0p010__nu0p50__psi1p00,hardzero_plus_depr,0.05,30,1158,0.0,2,0.4670267,0.46702677,1.0231984,0.09479853,0.09479853,1.0,4.7057203e-08,4.963917e-07,-27.303951,2.2510815,0.7503605,0.15200001,0.0,0.18313043,11.520168,11.530169,3708800
hardzero_plus_depr__c0p52__z1p10__lam0p010__nu0p50__psi1p00,hardzero_plus_depr,0.05,30,1159,0.0,2,0.46702677,0.4670268,1.0438087,0.09040476,0.09040476,1.0,4.442964e-08,4.9145245e-07,-28.075726,2.2964249,0.765475,0.16800001,0.0,0.15519145,11.530169,11.540169,3712000
hardzero_plus_depr__c0p52__z1p10__lam0p010__nu0p50__psi1p00,hardzero_plus_depr,0.05,30,1160,0.0,2,0.4670268,0.46702686,1.0227599,0.0948943,0.0948943,1.0,4.6171984e-08,4.8656227e-07,-26.810804,2.2501168,0.750039,0.192,0.0,0.19638711,11.540169,11.550169,3715200
hardzero_plus_depr__c0p52__z1p10__lam0p010__nu0p50__psi1p00,hardzero_plus_depr,0.05,30,1161,0.0,2,0.46702686,0.46702692,0.9912553,0.10203394,0.10203394,1.0,4.915187e-08,4.8172075e-07,-27.30542,2.1808052,0.7269351,0.096,0.0,0.17635718,11.550169,11.560169,3718400
hardzero_plus_depr__c0p52__z1p10__lam0p010__nu0p50__psi1p00,hardzero_plus_depr,0.05,30,1162,0.0,2,0.46702692,0.46702695,1.0281947,0.09371418,0.09371418,1.0,4.469486e-08,4.769274e-07,-27.173008,2.2620735,0.7540245,0.14400001,0.0,0.13798556,11.560169,11.570169,3721600
hardzero_plus_depr__c0p52__z1p10__lam0p010__nu0p50__psi1p00,hardzero_plus_depr,0.05,30,1163,0.0,2,0.46702695,0.467027,0.9834544,0.10388326,0.10388326,1.0,4.905179e-08,4.7218182e-07,-26.358927,2.163643,0.7212143,0.192,0.0,0.13753577,11.570169,11.58017,3724800
hardzero_plus_depr__c0p52__z1p10__lam0p010__nu0p50__psi1p00,hardzero_plus_depr,0.05,30,1164,0.0,2,0.467027,0.46702707,1.0012221,0.09971898,0.09971898,1.0,4.6616975e-08,4.6748346e-07,-26.845093,2.2027328,0.7342443,0.17600001,0.0,0.14870217,11.58017,11.59017,3728000
hardzero_plus_depr__c0p52__z1p10__lam0p010__nu0p50__psi1p00,hardzero_plus_depr,0.05,30,1165,0.0,2,0.46702707,0.46702713,1.0067897,0.098448776,0.098448776,1.0,4.5565226e-08,4.6283182e-07,-27.384,2.2149816,0.7383272,0.136,0.0,0.15699638,11.59017,11.60017,3731200
hardzero_plus_depr__c0p52__z1p10__lam0p010__nu0p50__psi1p00,hardzero_plus_depr,0.05,30,1166,0.0,2,0.46702713,0.4670272,0.99537486,0.10107066,0.10107066,1.0,4.631325e-08,4.5822645e-07,-26.630056,2.1898685,0.72995615,0.16000001,0.008,0.15020062,11.60017,11.61017,3734400
hardzero_plus_depr__c0p52__z1p10__lam0p010__nu0p50__psi1p00,hardzero_plus_depr,0.05,30,1167,0.0,2,0.4670272,0.46702722,1.03866,0.09148289,0.09148289,1.0,4.1502762e-08,4.5366693e-07,-27.648134,2.2850978,0.7616993,0.14400001,0.0,0.16719101,11.61017,11.620171,3737600
hardzero_plus_depr__c0p52__z1p10__lam0p010__nu0p50__psi1p00,hardzero_plus_depr,0.05,30,1168,0.0,2,0.46702722,0.46702725,1.0388608,0.09144062,0.09144062,1.0,4.1070805e-08,4.4915274e-07,-27.094786,2.2855394,0.7618465,0.192,0.0,0.16812445,11.620171,11.630171,3740800
hardzero_plus_depr__c0p52__z1p10__lam0p010__nu0p50__psi1p00,hardzero_plus_depr,0.05,30,1169,0.0,2,0.46702725,0.46702728,1.0171776,0.09612191,0.09612191,1.0,4.2743824e-08,4.4468348e-07,-26.890282,2.2378354,0.74594516,0.17600001,0.0,0.15490732,11.630171,11.640171,3744000
hardzero_plus_depr__c0p52__z1p10__lam0p010__nu0p50__psi1p00,hardzero_plus_depr,0.05,30,1170,0.0,2,0.46702728,0.4670273,1.056714,0.08775783,0.08775783,1.0,3.8636152e-08,4.4025873e-07,-27.282799,2.3248174,0.7749392,0.089999996,0.0,0.15974808,11.640171,11.650171,3747200
hardzero_plus_depr__c0p52__z1p10__lam0p010__nu0p50__psi1p00,hardzero_plus_depr,0.05,30,1171,0.0,2,0.4670273,0.46702737,0.96853197,0.10751474,0.10751474,1.0,4.6863306e-08,4.3587798e-07,-26.57654,2.130813,0.710271,0.136,0.0,0.14751446,11.650171,11.6601715,3750400
hardzero_plus_depr__c0p52__z1p10__lam0p010__nu0p50__psi1p00,hardzero_plus_depr,0.05,30,1172,0.0,2,0.46702737,0.4670274,1.083005,0.08260286,0.08260286,1.0,3.56465e-08,4.3154077e-07,-28.904297,2.3826585,0.7942195,0.16000001,0.0,0.1705666,11.6601715,11.670172,3753600
hardzero_plus_depr__c0p52__z1p10__lam0p010__nu0p50__psi1p00,hardzero_plus_depr,0.05,30,1173,0.0,2,0.4670274,0.46702743,1.0280517,0.09374504,0.09374504,1.0,4.0052267e-08,4.272468e-07,-27.48934,2.261759,0.7539197,0.208,0.0,0.16689721,11.670172,11.680172,3756800
hardzero_plus_depr__c0p52__z1p10__lam0p010__nu0p50__psi1p00,hardzero_plus_depr,0.05,30,1174,0.0,2,0.46702743,0.46702746,1.0141336,0.09679802,0.09679802,1.0,4.0945128e-08,4.2299553e-07,-26.867233,2.2311385,0.74371284,0.14400001,0.0,0.1605683,11.680172,11.690172,3760000
hardzero_plus_depr__c0p52__z1p10__lam0p010__nu0p50__psi1p00,hardzero_plus_depr,0.05,30,1175,0.0,2,0.46702746,0.4670275,1.0496072,0.08920575,0.08920575,1.0,3.735817e-08,4.1878658e-07,-28.570614,2.309182,0.76972735,0.136,0.0,0.19637075,11.690172,11.700172,3763200
hardzero_plus_depr__c0p52__z1p10__lam0p010__nu0p50__psi1p00,hardzero_plus_depr,0.05,30,1176,0.0,2,0.4670275,0.46702752,1.0261147,0.09416408,0.09416408,1.0,3.9042266e-08,4.146195e-07,-27.468733,2.2574975,0.7524992,0.120000005,0.0,0.1618339,11.700172,11.710173,3766400
hardzero_plus_depr__c0p52__z1p10__lam0p010__nu0p50__psi1p00,hardzero_plus_depr,0.05,30,1177,0.0,2,0.46702752,0.46702754,1.0752261,0.084095724,0.084095724,1.0,3.4520777e-08,4.1049384e-07,-27.995987,2.3655446,0.78851485,0.096,0.0,0.2001976,11.710173,11.720173,3769600
hardzero_plus_depr__c0p52__z1p10__lam0p010__nu0p50__psi1p00,hardzero_plus_depr,0.05,30,1178,0.0,2,0.46702754,0.46702757,1.0567698,0.08774656,0.08774656,1.0,3.5661017e-08,4.0640927e-07,-27.879654,2.3249402,0.77498007,0.112,0.0,0.17554899,11.720173,11.730173,3772800
hardzero_plus_depr__c0p52__z1p10__lam0p010__nu0p50__psi1p00,hardzero_plus_depr,0.05,30,1179,0.0,2,0.46702757,0.4670276,1.0591664,0.08726368,0.08726368,1.0,3.5111878e-08,4.0236532e-07,-27.148987,2.3302126,0.7767376,0.17600001,0.0,0.17355138,11.730173,11.740173,3776000
hardzero_plus_depr__c0p52__z1p10__lam0p010__nu0p50__psi1p00,hardzero_plus_depr,0.05,30,1180,0.0,2,0.4670276,0.46702763,1.0425261,0.09067215,0.09067215,1.0,3.6120312e-08,3.983617e-07,-27.274641,2.2936032,0.7645344,0.17600001,0.0,0.16880865,11.740173,11.750174,3779200
hardzero_plus_depr__c0p52__z1p10__lam0p010__nu0p50__psi1p00,hardzero_plus_depr,0.05,30,1181,0.0,2,0.46702763,0.46702766,1.0532303,0.08846465,0.08846465,1.0,3.4890263e-08,3.943978e-07,-28.330864,2.317153,0.77238435,0.128,0.0,0.15348327,11.750174,11.760174,3782400
hardzero_plus_depr__c0p52__z1p10__lam0p010__nu0p50__psi1p00,hardzero_plus_depr,0.05,30,1182,0.0,2,0.46702766,0.4670277,1.0148555,0.09663723,0.09663723,1.0,3.7734264e-08,3.9047336e-07,-27.284777,2.2327266,0.7442422,0.136,0.0,0.14023878,11.760174,11.770174,3785600
hardzero_plus_depr__c0p52__z1p10__lam0p010__nu0p50__psi1p00,hardzero_plus_depr,0.05,30,1183,0.0,2,0.4670277,0.46702772,1.0764196,0.08386492,0.08386492,1.0,3.2421173e-08,3.86588e-07,-28.017963,2.3681705,0.7893902,0.12,0.0,0.17084171,11.770174,11.780174,3788800
hardzero_plus_depr__c0p52__z1p10__lam0p010__nu0p50__psi1p00,hardzero_plus_depr,0.05,30,1184,0.0,2,0.46702772,0.46702775,1.0237697,0.094673894,0.094673894,1.0,3.623561e-08,3.827413e-07,-27.42093,2.2523384,0.7507795,0.136,0.0,0.15493523,11.780174,11.7901745,3792000
hardzero_plus_depr__c0p52__z1p10__lam0p010__nu0p50__psi1p00,hardzero_plus_depr,0.05,30,1185,0.0,2,0.46702775,0.46702778,1.0793573,0.08329956,0.08329956,1.0,3.156494e-08,3.7893287e-07,-28.173584,2.3746333,0.79154444,0.128,0.0,0.1667332,11.7901745,11.800175,3795200
hardzero_plus_depr__c0p52__z1p10__lam0p010__nu0p50__psi1p00,hardzero_plus_depr,0.05,30,1186,0.0,2,0.46702778,0.4670278,1.0121378,0.09724388,0.09724388,1.0,3.648224e-08,3.7516233e-07,-27.833881,2.2267475,0.7422492,0.16000001,0.0,0.16147585,11.800175,11.810175,3798400
hardzero_plus_depr__c0p52__z1p10__lam0p010__nu0p50__psi1p00,hardzero_plus_depr,0.05,30,1187,0.0,2,0.4670278,0.46702784,1.0186684,0.09579251,0.09579251,1.0,3.5580147e-08,3.714293e-07,-26.864744,2.2411153,0.7470385,0.136,0.0,0.16666272,11.810175,11.820175,3801600
hardzero_plus_depr__c0p52__z1p10__lam0p010__nu0p50__psi1p00,hardzero_plus_depr,0.05,30,1188,0.0,2,0.46702784,0.46702787,1.0006391,0.09985296,0.09985296,1.0,3.6719275e-08,3.6773346e-07,-26.82128,2.2014499,0.7338166,0.208,0.0,0.16364795,11.820175,11.830175,3804800
hardzero_plus_depr__c0p52__z1p10__lam0p010__nu0p50__psi1p00,hardzero_plus_depr,0.05,30,1189,0.0,2,0.46702787,0.4670279,1.0909641,0.0811028,0.0811028,1.0,2.9527454e-08,3.640744e-07,-28.746,2.400169,0.80005634,0.16000001,0.0,0.16848125,11.830175,11.840176,3808000
hardzero_plus_depr__c0p52__z1p10__lam0p010__nu0p50__psi1p00,hardzero_plus_depr,0.05,30,1190,0.0,2,0.4670279,0.46702793,0.9770893,0.10541701,0.10541701,1.0,3.7997744e-08,3.604517e-07,-26.31272,2.1496394,0.7165465,0.192,0.0,0.13490683,11.840176,11.850176,3811200
hardzero_plus_depr__c0p52__z1p10__lam0p010__nu0p50__psi1p00,hardzero_plus_depr,0.05,30,1191,0.0,2,0.46702793,0.46702796,0.997839,0.10049885,0.10049885,1.0,3.5864527e-08,3.5686506e-07,-26.084908,2.1952896,0.73176324,0.18400002,0.0,0.1416607,11.850176,11.860176,3814400
hardzero_plus_depr__c0p52__z1p10__lam0p010__nu0p50__psi1p00,hardzero_plus_depr,0.05,30,1192,0.0,2,0.46702796,0.467028,1.0760399,0.08393828,0.08393828,1.0,2.9656578e-08,3.533141e-07,-29.340841,2.367335,0.78911173,0.104,0.0,0.14761648,11.860176,11.870176,3817600
hardzero_plus_depr__c0p52__z1p10__lam0p010__nu0p50__psi1p00,hardzero_plus_depr,0.05,30,1193,0.0,2,0.467028,0.46702802,0.99773526,0.10052283,0.10052283,1.0,3.516273e-08,3.4979846e-07,-26.222797,2.1950614,0.7316872,0.14400001,0.0,0.16294238,11.870176,11.880177,3820800
hardzero_plus_depr__c0p52__z1p10__lam0p010__nu0p50__psi1p00,hardzero_plus_depr,0.05,30,1194,0.0,2,0.46702802,0.46702805,1.0583198,0.08743396,0.08743396,1.0,3.0279942e-08,3.4631788e-07,-27.414965,2.32835,0.7761167,0.128,0.0,0.14005624,11.880177,11.890177,3824000
hardzero_plus_depr__c0p52__z1p10__lam0p010__nu0p50__psi1p00,hardzero_plus_depr,0.05,30,1195,0.0,2,0.46702805,0.46702808,0.9596888,0.10972641,0.10972641,1.0,3.7622097e-08,3.4287186e-07,-25.76278,2.1113575,0.70378584,0.16800001,0.0,0.12935644,11.890177,11.900177,3827200
hardzero_plus_depr__c0p52__z1p10__lam0p010__nu0p50__psi1p00,hardzero_plus_depr,0.05,30,1196,0.0,2,0.46702808,0.46702808,1.1064632,0.0,0.07825945,0.0,0.0,3.3946017e-07,-28.03956,2.4342678,0.8114226,0.11,0.0,0.157687,11.900177,11.910177,3830400
hardzero_plus_depr__c0p52__z1p10__lam0p010__nu0p50__psi1p00,hardzero_plus_depr,0.05,30,1197,0.0,2,0.46702808,0.4670281,1.0392247,0.09136403,0.09136403,1.0,3.070584e-08,3.3608237e-07,-26.873487,2.28634,0.76211333,0.128,0.0,0.16919582,11.910177,11.920177,3833600
hardzero_plus_depr__c0p52__z1p10__lam0p010__nu0p50__psi1p00,hardzero_plus_depr,0.05,30,1198,0.0,2,0.4670281,0.46702814,1.0460037,0.08994899,0.08994899,1.0,2.9929467e-08,3.3273824e-07,-27.752043,2.301254,0.7670847,0.128,0.0,0.15650676,11.920177,11.930178,3836800
hardzero_plus_depr__c0p52__z1p10__lam0p010__nu0p50__psi1p00,hardzero_plus_depr,0.05,30,1199,0.0,2,0.46702814,0.46702817,0.96861595,0.107493944,0.107493944,1.0,3.5411446e-08,3.2942737e-07,-26.260494,2.1309977,0.7103326,0.136,0.0,0.15619856,11.930178,11.940178,3840000
hardzero_plus_depr__c0p52__z1p10__lam0p010__nu0p50__psi1p00,hardzero_plus_depr,0.05,30,1200,0.0,2,0.46702817,0.4670282,1.0325352,0.092782214,0.092782214,1.0,3.0260868e-08,3.2614943e-07,-27.371313,2.2716227,0.7572076,0.208,0.0,0.1609974,11.940178,11.950178,3843200
hardzero_plus_depr__c0p52__z1p10__lam0p010__nu0p50__psi1p00,hardzero_plus_depr,0.05,30,1201,0.0,2,0.4670282,0.46702823,0.99135166,0.10201129,0.10201129,1.0,3.2939866e-08,3.2290413e-07,-27.122845,2.1810172,0.7270057,0.2,0.0,0.15928468,11.950178,11.960178,3846400
hardzero_plus_depr__c0p52__z1p10__lam0p010__nu0p50__psi1p00,hardzero_plus_depr,0.05,30,1202,0.0,2,0.46702823,0.46702826,1.0857095,0.08209005,0.08209005,1.0,2.6243459e-08,3.196911e-07,-28.256294,2.3886085,0.79620284,0.104,0.0,0.1732517,11.960178,11.970179,3849600
hardzero_plus_depr__c0p52__z1p10__lam0p010__nu0p50__psi1p00,hardzero_plus_depr,0.05,30,1203,0.0,2,0.46702826,0.4670283,0.99733245,0.1006161,0.1006161,1.0,3.1846007e-08,3.1651004e-07,-27.050106,2.1941752,0.7313918,0.16000001,0.0,0.14524066,11.970179,11.980179,3852800
hardzero_plus_depr__c0p52__z1p10__lam0p010__nu0p50__psi1p00,hardzero_plus_depr,0.05,30,1204,0.0,2,0.4670283,0.46702832,1.027701,0.093820766,0.093820766,1.0,2.9399738e-08,3.1336066e-07,-26.425184,2.2609873,0.75366247,0.128,0.0,0.15095088,11.980179,11.990179,3856000
hardzero_plus_depr__c0p52__z1p10__lam0p010__nu0p50__psi1p00,hardzero_plus_depr,0.05,30,1205,0.0,2,0.46702832,0.46702835,1.0467701,0.08979039,0.08979039,1.0,2.7856803e-08,3.102426e-07,-27.483896,2.3029401,0.76764673,0.120000005,0.0,0.15643889,11.990179,12.000179,3859200
hardzero_plus_depr__c0p52__z1p10__lam0p010__nu0p50__psi1p00,hardzero_plus_depr,0.05,30,1206,0.0,2,0.46702835,0.46702838,1.0058783,0.09865559,0.09865559,1.0,3.0302612e-08,3.0715555e-07,-27.695057,2.2129765,0.73765886,0.136,0.0,0.15915658,12.000179,12.0101795,3862400
hardzero_plus_depr__c0p52__z1p10__lam0p010__nu0p50__psi1p00,hardzero_plus_depr,0.05,30,1207,0.0,2,0.46702838,0.4670284,1.0025373,0.09941748,0.09941748,1.0,3.0232776e-08,3.0409922e-07,-26.852383,2.205626,0.7352087,0.192,0.0,0.14357314,12.0101795,12.02018,3865600
hardzero_plus_depr__c0p52__z1p10__lam0p010__nu0p50__psi1p00,hardzero_plus_depr,0.05,30,1208,0.0,2,0.4670284,0.46702844,1.015524,0.096488595,0.096488595,1.0,2.905014e-08,3.010733e-07,-27.285362,2.2341974,0.7447325,0.216,0.0,0.16075826,12.02018,12.03018,3868800
hardzero_plus_depr__c0p52__z1p10__lam0p010__nu0p50__psi1p00,hardzero_plus_depr,0.05,30,1209,0.0,2,0.46702844,0.46702847,1.0286648,0.09361277,0.09361277,1.0,2.7903864e-08,2.9807754e-07,-27.044783,2.2631078,0.75436926,0.17999999,0.0,0.12353857,12.03018,12.04018,3872000
hardzero_plus_depr__c0p52__z1p10__lam0p010__nu0p50__psi1p00,hardzero_plus_depr,0.05,30,1210,0.0,2,0.46702847,0.4670285,0.94771206,0.112794496,0.112794496,1.0,3.328696e-08,2.9511156e-07,-26.08729,2.0850081,0.69500273,0.224,0.0,0.15839314,12.04018,12.05018,3875200
hardzero_plus_depr__c0p52__z1p10__lam0p010__nu0p50__psi1p00,hardzero_plus_depr,0.05,30,1211,0.0,2,0.4670285,0.46702853,1.01255,0.0971516,0.0971516,1.0,2.8385275e-08,2.9217506e-07,-26.09797,2.2276545,0.7425515,0.080000006,0.0,0.15675405,12.05018,12.060181,3878400
hardzero_plus_depr__c0p52__z1p10__lam0p010__nu0p50__psi1p00,hardzero_plus_depr,0.05,30,1212,0.0,2,0.46702853,0.46702856,1.0417131,0.09084203,0.09084203,1.0,2.6277675e-08,2.892678e-07,-27.935291,2.2918146,0.7639382,0.14400001,0.0,0.16626383,12.060181,12.070181,3881600
hardzero_plus_depr__c0p52__z1p10__lam0p010__nu0p50__psi1p00,hardzero_plus_depr,0.05,30,1213,0.0,2,0.46702856,0.4670286,1.0117561,0.09732937,0.09732937,1.0,2.7874108e-08,2.8638948e-07,-26.64007,2.2259078,0.7419693,0.128,0.0,0.1738834,12.070181,12.080181,3884800
hardzero_plus_depr__c0p52__z1p10__lam0p010__nu0p50__psi1p00,hardzero_plus_depr,0.05,30,1214,0.0,2,0.4670286,0.46702862,1.0621297,0.08667029,0.08667029,1.0,2.4574476e-08,2.835398e-07,-27.166904,2.3367321,0.77891076,0.128,0.0,0.1692031,12.080181,12.090181,3888000
hardzero_plus_depr__c0p52__z1p10__lam0p010__nu0p50__psi1p00,hardzero_plus_depr,0.05,30,1215,0.0,2,0.46702862,0.46702865,1.0328596,0.09271296,0.09271296,1.0,2.602624e-08,2.8071847e-07,-28.258701,2.2723365,0.7574455,0.128,0.0,0.17445841,12.090181,12.100182,3891200
hardzero_plus_depr__c0p52__z1p10__lam0p010__nu0p50__psi1p00,hardzero_plus_depr,0.05,30,1216,0.0,2,0.46702865,0.46702868,1.0452136,0.09011278,0.09011278,1.0,2.5044612e-08,2.7792518e-07,-28.034975,2.2995157,0.76650524,0.18400002,0.0,0.18193457,12.100182,12.110182,3894400
hardzero_plus_depr__c0p52__z1p10__lam0p010__nu0p50__psi1p00,hardzero_plus_depr,0.05,30,1217,0.0,2,0.46702868,0.4670287,1.0386369,0.09148779,0.09148779,1.0,2.5173756e-08,2.7515975e-07,-27.3991,2.2850468,0.7616823,0.192,0.0,0.17544612,12.110182,12.120182,3897600
hardzero_plus_depr__c0p52__z1p10__lam0p010__nu0p50__psi1p00,hardzero_plus_depr,0.05,30,1218,0.0,2,0.4670287,0.46702874,0.9742788,0.10610142,0.10610142,1.0,2.890434e-08,2.724218e-07,-26.326017,2.1434562,0.7144854,0.136,0.0,0.14601481,12.120182,12.130182,3900800
hardzero_plus_depr__c0p52__z1p10__lam0p010__nu0p50__psi1p00,hardzero_plus_depr,0.05,30,1219,0.0,2,0.46702874,0.46702877,1.0844316,0.08233194,0.08233194,1.0,2.2205837e-08,2.6971108e-07,-28.725927,2.3857973,0.7952658,0.16000001,0.0,0.17932601,12.130182,12.1401825,3904000
hardzero_plus_depr__c0p52__z1p10__lam0p010__nu0p50__psi1p00,hardzero_plus_depr,0.05,30,1220,0.0,2,0.46702877,0.4670288,1.0081774,0.098134704,0.098134704,1.0,2.6204651e-08,2.6702736e-07,-27.070467,2.2180345,0.73934484,0.072000004,0.0,0.17123492,12.1401825,12.150183,3907200
hardzero_plus_depr__c0p52__z1p10__lam0p010__nu0p50__psi1p00,hardzero_plus_depr,0.05,30,1221,0.0,2,0.4670288,0.46702883,0.9712487,0.10684429,0.10684429,1.0,2.8246461e-08,2.6437033e-07,-25.82852,2.1367898,0.7122633,0.192,0.0,0.12785801,12.150183,12.160183,3910400
hardzero_plus_depr__c0p52__z1p10__lam0p010__nu0p50__psi1p00,hardzero_plus_depr,0.05,30,1222,0.0,2,0.46702883,0.46702886,0.9991356,0.10019923,0.10019923,1.0,2.622612e-08,2.6173973e-07,-26.997211,2.1981423,0.7327141,0.13,0.0,0.19202311,12.160183,12.170183,3913600
hardzero_plus_depr__c0p52__z1p10__lam0p010__nu0p50__psi1p00,hardzero_plus_depr,0.05,30,1223,0.0,2,0.46702886,0.4670289,1.0938402,0.08056747,0.08056747,1.0,2.0877877e-08,2.591353e-07,-28.792255,2.4064965,0.8021655,0.14400001,0.0,0.16574427,12.170183,12.180183,3916800
hardzero_plus_depr__c0p52__z1p10__lam0p010__nu0p50__psi1p00,hardzero_plus_depr,0.05,30,1224,0.0,2,0.4670289,0.46702892,0.99344826,0.10152003,0.10152003,1.0,2.6045658e-08,2.5655683e-07,-27.004028,2.1856298,0.7285433,0.18400002,0.0,0.14359757,12.180183,12.190184,3920000
hardzero_plus_depr__c0p52__z1p10__lam0p010__nu0p50__psi1p00,hardzero_plus_depr,0.05,30,1225,0.0,2,0.46702892,0.46702895,1.0305008,0.093217865,0.093217865,1.0,2.367771e-08,2.54004e-07,-27.397312,2.267147,0.7557157,0.15200001,0.0,0.15884607,12.190184,12.200184,3923200
hardzero_plus_depr__c0p52__z1p10__lam0p010__nu0p50__psi1p00,hardzero_plus_depr,0.05,30,1226,0.0,2,0.46702895,0.46702898,0.991397,0.10200065,0.10200065,1.0,2.5650769e-08,2.5147654e-07,-26.629215,2.181117,0.72703904,0.17600001,0.008,0.15770924,12.200184,12.210184,3926400
hardzero_plus_depr__c0p52__z1p10__lam0p010__nu0p50__psi1p00,hardzero_plus_depr,0.05,30,1227,0.0,2,0.46702898,0.467029,1.0199611,0.095507815,0.095507815,1.0,2.3778988e-08,2.4897426e-07,-27.804876,2.2439592,0.74798644,0.16800001,0.0,0.16490003,12.210184,12.220184,3929600
hardzero_plus_depr__c0p52__z1p10__lam0p010__nu0p50__psi1p00,hardzero_plus_depr,0.05,30,1228,0.0,2,0.467029,0.46702904,0.99670005,0.10076273,0.10076273,1.0,2.4837696e-08,2.4649685e-07,-27.52777,2.1927838,0.73092794,0.23200001,0.008,0.15648122,12.220184,12.230185,3932800
hardzero_plus_depr__c0p52__z1p10__lam0p010__nu0p50__psi1p00,hardzero_plus_depr,0.05,30,1229,0.0,2,0.46702904,0.46702906,1.0232221,0.09479336,0.09479336,1.0,2.3133762e-08,2.4404412e-07,-26.982481,2.2511334,0.75037783,0.136,0.0,0.14817989,12.230185,12.240185,3936000
hardzero_plus_depr__c0p52__z1p10__lam0p010__nu0p50__psi1p00,hardzero_plus_depr,0.05,30,1230,0.0,2,0.46702906,0.4670291,1.0056819,0.098700225,0.098700225,1.0,2.3847534e-08,2.416158e-07,-27.381216,2.2125442,0.73751473,0.16800001,0.0,0.151056,12.240185,12.250185,3939200
hardzero_plus_depr__c0p52__z1p10__lam0p010__nu0p50__psi1p00,hardzero_plus_depr,0.05,30,1231,0.0,2,0.4670291,0.46702912,1.0209237,0.09529635,0.09529635,1.0,2.2795996e-08,2.3921163e-07,-26.844524,2.246077,0.7486924,0.14400001,0.0,0.15263301,12.250185,12.260185,3942400
hardzero_plus_depr__c0p52__z1p10__lam0p010__nu0p50__psi1p00,hardzero_plus_depr,0.05,30,1232,0.0,2,0.46702912,0.46702915,0.99943614,0.100129925,0.100129925,1.0,2.3713909e-08,2.3683138e-07,-27.138044,2.1988034,0.7329345,0.112,0.0,0.15896243,12.260185,12.270185,3945600
hardzero_plus_depr__c0p52__z1p10__lam0p010__nu0p50__psi1p00,hardzero_plus_depr,0.05,30,1233,0.0,2,0.46702915,0.46702918,1.0136329,0.096909665,0.096909665,1.0,2.2722872e-08,2.3447478e-07,-26.66345,2.230037,0.7433457,0.14400001,0.0,0.14532417,12.270185,12.280186,3948800
hardzero_plus_depr__c0p52__z1p10__lam0p010__nu0p50__psi1p00,hardzero_plus_depr,0.05,30,1234,0.0,2,0.46702918,0.4670292,1.0542563,0.08825587,0.08825587,1.0,2.0487864e-08,2.3214166e-07,-27.55555,2.3194103,0.7731368,0.17600001,0.0,0.17271283,12.280186,12.290186,3952000
hardzero_plus_depr__c0p52__z1p10__lam0p010__nu0p50__psi1p00,hardzero_plus_depr,0.05,30,1235,0.0,2,0.4670292,0.46702924,1.0169501,0.096172266,0.096172266,1.0,2.2103444e-08,2.298318e-07,-27.094587,2.237335,0.7457783,0.17,0.0,0.16879106,12.290186,12.300186,3955200
hardzero_plus_depr__c0p52__z1p10__lam0p010__nu0p50__psi1p00,hardzero_plus_depr,0.05,30,1236,0.0,2,0.46702924,0.46702927,1.0178971,0.09596279,0.09596279,1.0,2.1835842e-08,2.2754487e-07,-27.259739,2.2394185,0.74647284,0.2,0.0,0.17525391,12.300186,12.310186,3958400
hardzero_plus_depr__c0p52__z1p10__lam0p010__nu0p50__psi1p00,hardzero_plus_depr,0.05,30,1237,0.0,2,0.46702927,0.4670293,0.98839825,0.10270741,0.10270741,1.0,2.3137996e-08,2.252807e-07,-27.657885,2.1745195,0.72483987,0.208,0.0,0.17256229,12.310186,12.320187,3961600
hardzero_plus_depr__c0p52__z1p10__lam0p010__nu0p50__psi1p00,hardzero_plus_depr,0.05,30,1238,0.0,2,0.4670293,0.46702933,1.058829,0.08733152,0.08733152,1.0,1.947834e-08,2.2303907e-07,-27.565563,2.3294702,0.7764901,0.104,0.0,0.19693802,12.320187,12.330187,3964800
hardzero_plus_depr__c0p52__z1p10__lam0p010__nu0p50__psi1p00,hardzero_plus_depr,0.05,30,1239,0.0,2,0.46702933,0.46702936,1.0294529,0.09344305,0.09344305,1.0,2.063407e-08,2.2081974e-07,-27.378477,2.2648416,0.7549472,0.16800001,0.0,0.17738022,12.330187,12.340187,3968000
hardzero_plus_depr__c0p52__z1p10__lam0p010__nu0p50__psi1p00,hardzero_plus_depr,0.05,30,1240,0.0,2,0.46702936,0.4670294,0.99782944,0.100501046,0.100501046,1.0,2.1971791e-08,2.1862252e-07,-27.034521,2.1952686,0.7317562,0.14400001,0.0,0.16739906,12.340187,12.350187,3971200
hardzero_plus_depr__c0p52__z1p10__lam0p010__nu0p50__psi1p00,hardzero_plus_depr,0.05,30,1241,0.0,2,0.4670294,0.46702942,1.0086316,0.09803211,0.09803211,1.0,2.1218767e-08,2.1644712e-07,-27.435856,2.2190337,0.7396779,0.2,0.0,0.16268347,12.350187,12.360188,3974400
hardzero_plus_depr__c0p52__z1p10__lam0p010__nu0p50__psi1p00,hardzero_plus_depr,0.05,30,1242,0.0,2,0.46702942,0.46702945,1.0721651,0.08469053,0.08469053,1.0,1.8148622e-08,2.142934e-07,-28.569525,2.3588104,0.78627014,0.216,0.0,0.18778922,12.360188,12.370188,3977600
hardzero_plus_depr__c0p52__z1p10__lam0p010__nu0p50__psi1p00,hardzero_plus_depr,0.05,30,1243,0.0,2,0.46702945,0.46702948,1.0556217,0.087978855,0.087978855,1.0,1.866569e-08,2.1216108e-07,-27.896042,2.3224142,0.7741381,0.15200001,0.0,0.19369794,12.370188,12.380188,3980800
hardzero_plus_depr__c0p52__z1p10__lam0p010__nu0p50__psi1p00,hardzero_plus_depr,0.05,30,1244,0.0,2,0.46702948,0.4670295,1.0092883,0.09788399,0.09788399,1.0,2.0560531e-08,2.1004999e-07,-27.578173,2.2204785,0.7401595,0.112,0.0,0.16361316,12.380188,12.390188,3984000
hardzero_plus_depr__c0p52__z1p10__lam0p010__nu0p50__psi1p00,hardzero_plus_depr,0.05,30,1245,0.0,2,0.4670295,0.46702954,1.0428982,0.090594485,0.090594485,1.0,1.8840023e-08,2.0795993e-07,-28.168318,2.294422,0.76480734,0.16000001,0.0,0.16379541,12.390188,12.400188,3987200
hardzero_plus_depr__c0p52__z1p10__lam0p010__nu0p50__psi1p00,hardzero_plus_depr,0.05,30,1246,0.0,2,0.46702954,0.46702954,1.1218008,0.0,0.07554386,0.0,0.0,2.0589064e-07,-28.758904,2.468011,0.82267034,0.18400002,0.0,0.18429181,12.400188,12.410189,3990400
hardzero_plus_depr__c0p52__z1p10__lam0p010__nu0p50__psi1p00,hardzero_plus_depr,0.05,30,1247,0.0,2,0.46702954,0.46702957,0.98262453,0.10408196,0.10408196,1.0,2.1216268e-08,2.0384194e-07,-26.758564,2.161817,0.72060573,0.15200001,0.0,0.1416585,12.410189,12.420189,3993600
hardzero_plus_depr__c0p52__z1p10__lam0p010__nu0p50__psi1p00,hardzero_plus_depr,0.05,30,1248,0.0,2,0.46702957,0.4670296,1.0547903,0.08814745,0.08814745,1.0,1.7789356e-08,2.0181362e-07,-28.919395,2.3205848,0.7735283,0.14,0.0,0.1708004,12.420189,12.430189,3996800
hardzero_plus_depr__c0p52__z1p10__lam0p010__nu0p50__psi1p00,hardzero_plus_depr,0.05,30,1249,0.0,2,0.4670296,0.46702963,1.0483531,0.089463696,0.089463696,1.0,1.787534e-08,1.9980551e-07,-27.488743,2.3064227,0.7688076,0.16000001,0.0,0.19680446,12.430189,12.440189,4000000
