mechanism_tag,mechanism,alpha,seed,update,update_u,update_counter,energy_E_pre,energy_E_post,funding_z,funding_g,funding_g_raw,funding_cut_active,funding_income,funding_alpha_eff,episode_return_end_mean,terminal_min_dists_end_mean,terminal_dbar_end,terminal_occupied_end_mean,terminal_CSR_train,vartd_VarTD,depr_F,depr_F_post,env_steps
hardzero_plus_depr__c0p58__z1p00__lam0p005__nu1p00__psi0p50,hardzero_plus_depr,0.07,32,0,1.0,1,1.0,0.42000002,1.0750173,0.0,0.08413616,0.0,0.0,0.07,-27.862705,2.3650854,0.7883618,0.16,0.0,0.13813628,0.0,0.0,3200
hardzero_plus_depr__c0p58__z1p00__lam0p005__nu1p00__psi0p50,hardzero_plus_depr,0.07,32,1,0.0,1,0.42000002,0.42000002,1.0383499,0.0,0.091548264,0.0,0.0,0.07,-27.47996,2.2844152,0.76147175,0.120000005,0.0,0.14791456,0.0,0.005,6400
hardzero_plus_depr__c0p58__z1p00__lam0p005__nu1p00__psi0p50,hardzero_plus_depr,0.07,32,2,0.0,1,0.42000002,0.42000002,1.1137079,0.0,0.07696478,0.0,0.0,0.06982522,-28.397125,2.4502063,0.81673545,0.112,0.0,0.20101677,0.005,0.01,9600
hardzero_plus_depr__c0p58__z1p00__lam0p005__nu1p00__psi0p50,hardzero_plus_depr,0.07,32,3,0.0,1,0.42000002,0.42000002,1.0358211,0.0,0.09208288,0.0,0.0,0.06965087,-27.555174,2.278852,0.7596173,0.112,0.0,0.17420985,0.01,0.015,12800
hardzero_plus_depr__c0p58__z1p00__lam0p005__nu1p00__psi0p50,hardzero_plus_depr,0.07,32,4,0.0,1,0.42000002,0.42000002,1.1202445,0.0,0.07581507,0.0,0.0,0.06947696,-28.973904,2.4645872,0.8215291,0.112,0.0,0.16229104,0.015,0.02,16000
hardzero_plus_depr__c0p58__z1p00__lam0p005__nu1p00__psi0p50,hardzero_plus_depr,0.07,32,5,0.0,1,0.42000002,0.42000002,1.0391663,0.0,0.09137633,0.0,0.0,0.06930349,-27.75104,2.2862115,0.76207054,0.14400001,0.0,0.15836418,0.02,0.024999999,19200
hardzero_plus_depr__c0p58__z1p00__lam0p005__nu1p00__psi0p50,hardzero_plus_depr,0.07,32,6,0.0,1,0.42000002,0.42000002,1.0738661,0.0,0.084359474,0.0,0.0,0.06913044,-27.881058,2.3625526,0.78751755,0.17600001,0.0,0.16823286,0.024999999,0.029999997,22400
hardzero_plus_depr__c0p58__z1p00__lam0p005__nu1p00__psi0p50,hardzero_plus_depr,0.07,32,7,0.0,1,0.42000002,0.42000002,1.0703629,0.0,0.0850427,0.0,0.0,0.068957835,-28.000082,2.3548455,0.7849485,0.14400001,0.0,0.1659519,0.029999997,0.034999996,25600
hardzero_plus_depr__c0p58__z1p00__lam0p005__nu1p00__psi0p50,hardzero_plus_depr,0.07,32,8,0.0,1,0.42000002,0.42000002,1.0309716,0.0,0.093116865,0.0,0.0,0.06878565,-27.392563,2.268183,0.756061,0.128,0.0,0.15734059,0.034999996,0.039999995,28800
hardzero_plus_depr__c0p58__z1p00__lam0p005__nu1p00__psi0p50,hardzero_plus_depr,0.07,32,9,0.0,1,0.42000002,0.42000002,1.0889696,0.0,0.08147614,0.0,0.0,0.06861391,-28.535433,2.395781,0.7985937,0.120000005,0.0,0.16492508,0.039999995,0.044999994,32000
hardzero_plus_depr__c0p58__z1p00__lam0p005__nu1p00__psi0p50,hardzero_plus_depr,0.07,32,10,0.0,1,0.42000002,0.4277997,0.9432497,0.11395944,0.11395944,1.0,0.0077996785,0.06844258,-25.936928,2.0751908,0.69173026,0.192,0.0,0.122236535,0.044999994,0.049999993,35200
hardzero_plus_depr__c0p58__z1p00__lam0p005__nu1p00__psi0p50,hardzero_plus_depr,0.07,32,11,0.0,1,0.4277997,0.4277997,1.04186,0.0,0.09081132,0.0,0.0,0.0682717,-27.985228,2.2921376,0.7640459,0.192,0.0,0.17427555,0.049999993,0.054999992,38400
hardzero_plus_depr__c0p58__z1p00__lam0p005__nu1p00__psi0p50,hardzero_plus_depr,0.07,32,12,0.0,1,0.4277997,0.4277997,1.0194128,0.0,0.095628485,0.0,0.0,0.06810123,-27.367311,2.2427528,0.7475843,0.208,0.0,0.18707198,0.054999992,0.05999999,41600
hardzero_plus_depr__c0p58__z1p00__lam0p005__nu1p00__psi0p50,hardzero_plus_depr,0.07,32,13,0.0,1,0.4277997,0.4277997,1.0533626,0.0,0.08843769,0.0,0.0,0.06793119,-27.59672,2.317444,0.7724814,0.13,0.0,0.1576348,0.05999999,0.06499999,44800
hardzero_plus_depr__c0p58__z1p00__lam0p005__nu1p00__psi0p50,hardzero_plus_depr,0.07,32,14,0.0,1,0.4277997,0.4346494,0.99531156,0.1010854,0.1010854,1.0,0.0068497057,0.06776157,-26.742264,2.1897292,0.7299098,0.112,0.0,0.14025433,0.06499999,0.06999999,48000
hardzero_plus_depr__c0p58__z1p00__lam0p005__nu1p00__psi0p50,hardzero_plus_depr,0.07,32,15,0.0,1,0.4346494,0.4346494,1.0690889,0.0,0.08529254,0.0,0.0,0.06759238,-28.021444,2.3520427,0.7840142,0.14400001,0.0,0.15656759,0.06999999,0.074999996,51200
hardzero_plus_depr__c0p58__z1p00__lam0p005__nu1p00__psi0p50,hardzero_plus_depr,0.07,32,16,0.0,1,0.4346494,0.4346494,1.0469536,0.0,0.08975248,0.0,0.0,0.06742361,-27.291317,2.3033438,0.76778126,0.16800001,0.0,0.1741347,0.074999996,0.08,54400
hardzero_plus_depr__c0p58__z1p00__lam0p005__nu1p00__psi0p50,hardzero_plus_depr,0.07,32,17,0.0,1,0.4346494,0.4346494,1.041283,0.0,0.09093204,0.0,0.0,0.067255266,-27.603254,2.2908683,0.76362276,0.096,0.0,0.14666067,0.08,0.085,57600
hardzero_plus_depr__c0p58__z1p00__lam0p005__nu1p00__psi0p50,hardzero_plus_depr,0.07,32,18,0.0,1,0.4346494,0.4346494,1.0217723,0.0,0.095110334,0.0,0.0,0.06708733,-27.353075,2.2479439,0.74931467,0.17600001,0.0,0.19058886,0.085,0.09,60800
hardzero_plus_depr__c0p58__z1p00__lam0p005__nu1p00__psi0p50,hardzero_plus_depr,0.07,32,19,0.0,1,0.4346494,0.4346494,1.0235887,0.0,0.094713375,0.0,0.0,0.066919826,-27.373102,2.25194,0.7506467,0.128,0.0,0.14003092,0.09,0.095000006,64000
hardzero_plus_depr__c0p58__z1p00__lam0p005__nu1p00__psi0p50,hardzero_plus_depr,0.07,32,20,0.0,1,0.4346494,0.4346494,1.0410377,0.0,0.090983436,0.0,0.0,0.06675273,-27.446903,2.2903285,0.7634429,0.16800001,0.0,0.16256136,0.095000006,0.10000001,67200
hardzero_plus_depr__c0p58__z1p00__lam0p005__nu1p00__psi0p50,hardzero_plus_depr,0.07,32,21,0.0,1,0.4346494,0.4346494,1.0523728,0.0,0.088639475,0.0,0.0,0.06658606,-26.803913,2.3152664,0.77175546,0.15200001,0.0,0.16738622,0.10000001,0.10500001,70400
hardzero_plus_depr__c0p58__z1p00__lam0p005__nu1p00__psi0p50,hardzero_plus_depr,0.07,32,22,0.0,1,0.4346494,0.4346494,1.0265019,0.0,0.09408018,0.0,0.0,0.0664198,-27.098791,2.2583492,0.75278306,0.16000001,0.0,0.15205821,0.10500001,0.110000014,73600
hardzero_plus_depr__c0p58__z1p00__lam0p005__nu1p00__psi0p50,hardzero_plus_depr,0.07,32,23,0.0,1,0.4346494,0.4346494,1.0800942,0.0,0.08315834,0.0,0.0,0.06625396,-29.362396,2.3762548,0.79208493,0.18400002,0.0,0.19828913,0.110000014,0.11500002,76800
hardzero_plus_depr__c0p58__z1p00__lam0p005__nu1p00__psi0p50,hardzero_plus_depr,0.07,32,24,0.0,1,0.4346494,0.44143075,0.9888109,0.10260985,0.10260985,1.0,0.0067813345,0.066088535,-26.130201,2.1754274,0.7251425,0.216,0.008,0.15253493,0.11500002,0.12000002,80000
hardzero_plus_depr__c0p58__z1p00__lam0p005__nu1p00__psi0p50,hardzero_plus_depr,0.07,32,25,0.0,1,0.44143075,0.44853008,0.9678237,0.10769024,0.10769024,1.0,0.0070993192,0.06592352,-26.122704,2.1292546,0.70975155,0.2,0.0,0.16519907,0.12000002,0.12500001,83200
hardzero_plus_depr__c0p58__z1p00__lam0p005__nu1p00__psi0p50,hardzero_plus_depr,0.07,32,26,0.0,1,0.44853008,0.44853008,1.0561626,0.0,0.08786934,0.0,0.0,0.065758914,-27.310322,2.323604,0.7745347,0.14999999,0.0,0.14040187,0.12500001,0.13000001,86400
hardzero_plus_depr__c0p58__z1p00__lam0p005__nu1p00__psi0p50,hardzero_plus_depr,0.07,32,27,0.0,1,0.44853008,0.44853008,1.0456672,0.0,0.09001871,0.0,0.0,0.06559472,-27.249552,2.3005137,0.76683795,0.14400001,0.0,0.1464027,0.13000001,0.135,89600
hardzero_plus_depr__c0p58__z1p00__lam0p005__nu1p00__psi0p50,hardzero_plus_depr,0.07,32,28,0.0,1,0.44853008,0.44853008,1.041409,0.0,0.09090566,0.0,0.0,0.06543094,-27.928205,2.2911456,0.7637152,0.17600001,0.0,0.14232308,0.135,0.14,92800
hardzero_plus_depr__c0p58__z1p00__lam0p005__nu1p00__psi0p50,hardzero_plus_depr,0.07,32,29,0.0,1,0.44853008,0.44853008,1.0168744,0.0,0.09618904,0.0,0.0,0.06526757,-26.552677,2.2371683,0.7457228,0.128,0.0,0.17417069,0.14,0.145,96000
hardzero_plus_depr__c0p58__z1p00__lam0p005__nu1p00__psi0p50,hardzero_plus_depr,0.07,32,30,0.0,1,0.44853008,0.45570245,0.95794934,0.110166766,0.110166766,1.0,0.007172364,0.065104604,-25.650331,2.1075306,0.70251024,0.208,0.0,0.15764287,0.145,0.14999999,99200
hardzero_plus_depr__c0p58__z1p00__lam0p005__nu1p00__psi0p50,hardzero_plus_depr,0.07,32,31,0.0,1,0.45570245,0.45570245,1.038506,0.0,0.09151536,0.0,0.0,0.06494205,-27.257013,2.2847588,0.7615863,0.2,0.0,0.15116285,0.14999999,0.15499999,102400
hardzero_plus_depr__c0p58__z1p00__lam0p005__nu1p00__psi0p50,hardzero_plus_depr,0.07,32,32,0.0,1,0.45570245,0.45570245,1.0147207,0.0,0.09666723,0.0,0.0,0.06477989,-26.310844,2.23243,0.74414337,0.16000001,0.0,0.16444917,0.15499999,0.15999998,105600
hardzero_plus_depr__c0p58__z1p00__lam0p005__nu1p00__psi0p50,hardzero_plus_depr,0.07,32,33,0.0,1,0.45570245,0.45570245,1.027878,0.0,0.09378253,0.0,0.0,0.06461815,-27.505243,2.2613769,0.7537923,0.208,0.0,0.20010333,0.15999998,0.16499998,108800
hardzero_plus_depr__c0p58__z1p00__lam0p005__nu1p00__psi0p50,hardzero_plus_depr,0.07,32,34,0.0,1,0.45570245,0.45570245,1.0059097,0.0,0.098648466,0.0,0.0,0.0644568,-27.058182,2.2130456,0.73768187,0.192,0.0,0.13891374,0.16499998,0.16999997,112000
hardzero_plus_depr__c0p58__z1p00__lam0p005__nu1p00__psi0p50,hardzero_plus_depr,0.07,32,35,0.0,1,0.45570245,0.45570245,1.0173339,0.0,0.09608733,0.0,0.0,0.064295866,-27.520147,2.2381792,0.7460598,0.136,0.0,0.15819234,0.16999997,0.17499997,115200
hardzero_plus_depr__c0p58__z1p00__lam0p005__nu1p00__psi0p50,hardzero_plus_depr,0.07,32,36,0.0,1,0.45570245,0.45570245,1.1068655,0.0,0.078186974,0.0,0.0,0.06413532,-28.094013,2.4351528,0.8117176,0.128,0.0,0.15992585,0.17499997,0.17999996,118400
hardzero_plus_depr__c0p58__z1p00__lam0p005__nu1p00__psi0p50,hardzero_plus_depr,0.07,32,37,0.0,1,0.45570245,0.45570245,1.0445837,0.0,0.09024357,0.0,0.0,0.063975185,-27.716583,2.29813,0.76604337,0.15200001,0.0,0.16151349,0.17999996,0.18499996,121600
hardzero_plus_depr__c0p58__z1p00__lam0p005__nu1p00__psi0p50,hardzero_plus_depr,0.07,32,38,0.0,1,0.45570245,0.46230108,0.98547345,0.10340144,0.10340144,1.0,0.0065986086,0.063815445,-27.028963,2.1680849,0.722695,0.208,0.0,0.1402586,0.18499996,0.18999995,124800
hardzero_plus_depr__c0p58__z1p00__lam0p005__nu1p00__psi0p50,hardzero_plus_depr,0.07,32,39,0.0,1,0.46230108,0.46230108,1.0471306,0.0,0.0897159,0.0,0.0,0.06365611,-27.232878,2.3037333,0.76791114,0.14999999,0.0,0.16202153,0.18999995,0.19499995,128000
hardzero_plus_depr__c0p58__z1p00__lam0p005__nu1p00__psi0p50,hardzero_plus_depr,0.07,32,40,0.0,1,0.46230108,0.46230108,1.0066745,0.0,0.09847488,0.0,0.0,0.06349716,-26.318258,2.214728,0.73824275,0.2,0.0,0.1509583,0.19499995,0.19999994,131200
hardzero_plus_depr__c0p58__z1p00__lam0p005__nu1p00__psi0p50,hardzero_plus_depr,0.07,32,41,0.0,1,0.46230108,0.46230108,1.0620033,0.0,0.08669554,0.0,0.0,0.06333862,-27.323812,2.336454,0.778818,0.17600001,0.0,0.16895658,0.19999994,0.20499994,134400
hardzero_plus_depr__c0p58__z1p00__lam0p005__nu1p00__psi0p50,hardzero_plus_depr,0.07,32,42,0.0,1,0.46230108,0.46230108,1.0054803,0.0,0.098746054,0.0,0.0,0.06318047,-26.592499,2.2121007,0.7373669,0.136,0.0,0.18482643,0.20499994,0.20999993,137600
hardzero_plus_depr__c0p58__z1p00__lam0p005__nu1p00__psi0p50,hardzero_plus_depr,0.07,32,43,0.0,1,0.46230108,0.46230108,1.0873393,0.0,0.081782565,0.0,0.0,0.06302272,-28.144966,2.3921943,0.7973981,0.120000005,0.0,0.17967144,0.20999993,0.21499993,140800
hardzero_plus_depr__c0p58__z1p00__lam0p005__nu1p00__psi0p50,hardzero_plus_depr,0.07,32,44,0.0,1,0.46230108,0.4687002,0.99229014,0.10179111,0.10179111,1.0,0.006399134,0.062865354,-26.447632,2.1830819,0.727694,0.2,0.0,0.15344767,0.21499993,0.21999992,144000
hardzero_plus_depr__c0p58__z1p00__lam0p005__nu1p00__psi0p50,hardzero_plus_depr,0.07,32,45,0.0,1,0.4687002,0.4687002,1.0327235,0.0,0.09274199,0.0,0.0,0.06270839,-26.873194,2.2720373,0.7573458,0.16000001,0.0,0.15730318,0.21999992,0.22499992,147200
hardzero_plus_depr__c0p58__z1p00__lam0p005__nu1p00__psi0p50,hardzero_plus_depr,0.07,32,46,0.0,1,0.4687002,0.4754503,0.9669293,0.107912235,0.107912235,1.0,0.0067501063,0.06255182,-26.109455,2.127287,0.70909566,0.216,0.0,0.14188838,0.22499992,0.22999991,150400
hardzero_plus_depr__c0p58__z1p00__lam0p005__nu1p00__psi0p50,hardzero_plus_depr,0.07,32,47,0.0,1,0.4754503,0.4818206,0.99099433,0.10209527,0.10209527,1.0,0.006370299,0.062395632,-27.095549,2.180231,0.7267437,0.18400002,0.0,0.15039274,0.22999991,0.23499991,153600
hardzero_plus_depr__c0p58__z1p00__lam0p005__nu1p00__psi0p50,hardzero_plus_depr,0.07,32,48,0.0,1,0.4818206,0.48821473,0.98828846,0.102733366,0.102733366,1.0,0.006394108,0.062239837,-25.930592,2.174278,0.72475934,0.120000005,0.0,0.14596942,0.23499991,0.2399999,156800
hardzero_plus_depr__c0p58__z1p00__lam0p005__nu1p00__psi0p50,hardzero_plus_depr,0.07,32,49,0.0,1,0.48821473,0.48821473,1.0103725,0.0,0.09763993,0.0,0.0,0.062084433,-27.84978,2.222864,0.74095464,0.17600001,0.0,0.15286002,0.2399999,0.2449999,160000
hardzero_plus_depr__c0p58__z1p00__lam0p005__nu1p00__psi0p50,hardzero_plus_depr,0.07,32,50,0.0,1,0.48821473,0.48821473,1.0238125,0.0,0.09466457,0.0,0.0,0.061929412,-27.183966,2.2524326,0.75081086,0.136,0.0,0.15998596,0.2449999,0.2499999,163200
hardzero_plus_depr__c0p58__z1p00__lam0p005__nu1p00__psi0p50,hardzero_plus_depr,0.07,32,51,0.0,1,0.48821473,0.48821473,1.0301226,0.0,0.09329907,0.0,0.0,0.061774787,-27.05857,2.266315,0.7554383,0.208,0.0,0.14136067,0.2499999,0.2549999,166400
hardzero_plus_depr__c0p58__z1p00__lam0p005__nu1p00__psi0p50,hardzero_plus_depr,0.07,32,52,0.0,1,0.48821473,0.48821473,1.0985162,0.0,0.07970467,0.0,0.0,0.06162054,-28.085152,2.416784,0.8055947,0.14999999,0.0,0.15024284,0.2549999,0.2599999,169600
hardzero_plus_depr__c0p58__z1p00__lam0p005__nu1p00__psi0p50,hardzero_plus_depr,0.07,32,53,0.0,1,0.48821473,0.4944188,0.9959641,0.100933634,0.100933634,1.0,0.0062040556,0.061466683,-27.439045,2.1911647,0.7303883,0.16000001,0.0,0.15738623,0.2599999,0.2649999,172800
hardzero_plus_depr__c0p58__z1p00__lam0p005__nu1p00__psi0p50,hardzero_plus_depr,0.07,32,54,0.0,1,0.4944188,0.5008461,0.9795262,0.104827136,0.104827136,1.0,0.006427288,0.06131321,-26.558723,2.1550007,0.7183336,0.18400002,0.0,0.14546153,0.2649999,0.2699999,176000
hardzero_plus_depr__c0p58__z1p00__lam0p005__nu1p00__psi0p50,hardzero_plus_depr,0.07,32,55,0.0,1,0.5008461,0.5008461,1.0531001,0.0,0.088491164,0.0,0.0,0.06116012,-27.886393,2.3168664,0.7722888,0.128,0.0,0.17012838,0.2699999,0.2749999,179200
hardzero_plus_depr__c0p58__z1p00__lam0p005__nu1p00__psi0p50,hardzero_plus_depr,0.07,32,56,0.0,1,0.5008461,0.5008461,1.0205632,0.0,0.09537547,0.0,0.0,0.061007414,-26.6354,2.2452838,0.748428,0.16800001,0.0,0.15296204,0.2749999,0.27999988,182400
hardzero_plus_depr__c0p58__z1p00__lam0p005__nu1p00__psi0p50,hardzero_plus_depr,0.07,32,57,0.0,1,0.5008461,0.50716084,0.9839404,0.10376707,0.10376707,1.0,0.0063147536,0.060855083,-26.726,2.1647122,0.72157073,0.192,0.0,0.14744037,0.27999988,0.28499988,185600
hardzero_plus_depr__c0p58__z1p00__lam0p005__nu1p00__psi0p50,hardzero_plus_depr,0.07,32,58,0.0,1,0.50716084,0.50716084,1.03716,0.0,0.09179942,0.0,0.0,0.060703136,-27.558834,2.2817976,0.76059926,0.16000001,0.0,0.17939886,0.28499988,0.28999987,188800
hardzero_plus_depr__c0p58__z1p00__lam0p005__nu1p00__psi0p50,hardzero_plus_depr,0.07,32,59,0.0,1,0.50716084,0.50716084,1.0115353,0.0,0.097378865,0.0,0.0,0.060551565,-26.233082,2.2254221,0.7418074,0.16800001,0.0,0.16706806,0.28999987,0.29499987,192000
hardzero_plus_depr__c0p58__z1p00__lam0p005__nu1p00__psi0p50,hardzero_plus_depr,0.07,32,60,0.0,1,0.50716084,0.50716084,1.011665,0.0,0.09734979,0.0,0.0,0.060400378,-28.172127,2.2257073,0.7419025,0.16800001,0.0,0.17972827,0.29499987,0.29999986,195200
hardzero_plus_depr__c0p58__z1p00__lam0p005__nu1p00__psi0p50,hardzero_plus_depr,0.07,32,61,0.0,1,0.50716084,0.50716084,1.0028454,0.0,0.099346966,0.0,0.0,0.06024956,-26.570988,2.2063038,0.73543465,0.18400002,0.008,0.15887785,0.29999986,0.30499986,198400
hardzero_plus_depr__c0p58__z1p00__lam0p005__nu1p00__psi0p50,hardzero_plus_depr,0.07,32,62,0.0,1,0.50716084,0.50716084,1.0380667,0.0,0.091607966,0.0,0.0,0.060099132,-27.759918,2.2837925,0.7612642,0.104,0.0,0.17750959,0.30499986,0.30999985,201600
hardzero_plus_depr__c0p58__z1p00__lam0p005__nu1p00__psi0p50,hardzero_plus_depr,0.07,32,63,0.0,1,0.50716084,0.50716084,1.0952786,0.0,0.08030108,0.0,0.0,0.059949066,-28.491869,2.409661,0.8032204,0.120000005,0.0,0.18590495,0.30999985,0.31499985,204800
hardzero_plus_depr__c0p58__z1p00__lam0p005__nu1p00__psi0p50,hardzero_plus_depr,0.07,32,64,0.0,1,0.50716084,0.50716084,1.0456821,0.0,0.09001563,0.0,0.0,0.059799384,-28.647352,2.3005464,0.7668488,0.14400001,0.0,0.17580593,0.31499985,0.31999984,208000
hardzero_plus_depr__c0p58__z1p00__lam0p005__nu1p00__psi0p50,hardzero_plus_depr,0.07,32,65,0.0,1,0.50716084,0.51332927,0.98543614,0.10341031,0.10341031,1.0,0.006168432,0.059650067,-27.240658,2.1680028,0.72266763,0.14999999,0.0,0.15707171,0.31999984,0.32499984,211200
hardzero_plus_depr__c0p58__z1p00__lam0p005__nu1p00__psi0p50,hardzero_plus_depr,0.07,32,66,0.0,1,0.51332927,0.51332927,1.0301683,0.0,0.093289256,0.0,0.0,0.059501134,-27.287334,2.2664156,0.7554719,0.16800001,0.0,0.15091744,0.32499984,0.32999983,214400
hardzero_plus_depr__c0p58__z1p00__lam0p005__nu1p00__psi0p50,hardzero_plus_depr,0.07,32,67,0.0,1,0.51332927,0.51332927,1.0360076,0.0,0.09204333,0.0,0.0,0.059352566,-27.266815,2.2792623,0.7597541,0.2,0.0,0.1625355,0.32999983,0.33499983,217600
hardzero_plus_depr__c0p58__z1p00__lam0p005__nu1p00__psi0p50,hardzero_plus_depr,0.07,32,68,0.0,1,0.51332927,0.51332927,1.0728269,0.0,0.08456159,0.0,0.0,0.059204374,-28.117521,2.3602662,0.78675544,0.120000005,0.0,0.20219316,0.33499983,0.33999982,220800
hardzero_plus_depr__c0p58__z1p00__lam0p005__nu1p00__psi0p50,hardzero_plus_depr,0.07,32,69,0.0,1,0.51332927,0.51332927,1.0373526,0.0,0.09175874,0.0,0.0,0.059056543,-27.17261,2.2822213,0.76074046,0.14400001,0.0,0.14841533,0.33999982,0.34499982,224000
hardzero_plus_depr__c0p58__z1p00__lam0p005__nu1p00__psi0p50,hardzero_plus_depr,0.07,32,70,0.0,1,0.51332927,0.51332927,1.0994463,0.0,0.07953415,0.0,0.0,0.05890909,-28.427757,2.4188302,0.80627674,0.136,0.0,0.18936455,0.34499982,0.34999982,227200
hardzero_plus_depr__c0p58__z1p00__lam0p005__nu1p00__psi0p50,hardzero_plus_depr,0.07,32,71,0.0,1,0.51332927,0.5192657,0.9955717,0.10102488,0.10102488,1.0,0.005936424,0.058761995,-26.898735,2.1903014,0.7301005,0.15200001,0.0,0.16575807,0.34999982,0.3549998,230400
hardzero_plus_depr__c0p58__z1p00__lam0p005__nu1p00__psi0p50,hardzero_plus_depr,0.07,32,72,0.0,1,0.5192657,0.5192657,1.0162129,0.0,0.09633566,0.0,0.0,0.05861528,-27.131868,2.235713,0.7452377,0.192,0.0,0.20958374,0.3549998,0.3599998,233600
hardzero_plus_depr__c0p58__z1p00__lam0p005__nu1p00__psi0p50,hardzero_plus_depr,0.07,32,73,0.0,1,0.5192657,0.5192657,1.0332608,0.0,0.09262734,0.0,0.0,0.05846892,-27.407368,2.273219,0.7577397,0.120000005,0.0,0.14689964,0.3599998,0.3649998,236800
hardzero_plus_depr__c0p58__z1p00__lam0p005__nu1p00__psi0p50,hardzero_plus_depr,0.07,32,74,0.0,1,0.5192657,0.5192657,1.0178881,0.0,0.0959648,0.0,0.0,0.05832293,-27.825966,2.2393985,0.74646616,0.18400002,0.0,0.13925481,0.3649998,0.3699998,240000
hardzero_plus_depr__c0p58__z1p00__lam0p005__nu1p00__psi0p50,hardzero_plus_depr,0.07,32,75,0.0,1,0.5192657,0.5192657,1.0597152,0.0,0.08715349,0.0,0.0,0.058177304,-28.084959,2.33142,0.77714,0.128,0.0,0.19444376,0.3699998,0.3749998,243200
hardzero_plus_depr__c0p58__z1p00__lam0p005__nu1p00__psi0p50,hardzero_plus_depr,0.07,32,76,0.0,1,0.5192657,0.52533776,0.9803341,0.104632325,0.104632325,1.0,0.0060720276,0.058032043,-25.787615,2.156778,0.7189261,0.2,0.0,0.1559089,0.3749998,0.3799998,246400
hardzero_plus_depr__c0p58__z1p00__lam0p005__nu1p00__psi0p50,hardzero_plus_depr,0.07,32,77,0.0,1,0.52533776,0.52533776,1.0701996,0.0,0.085074686,0.0,0.0,0.057887144,-27.811337,2.3544862,0.7848288,0.120000005,0.0,0.17003839,0.3799998,0.38499978,249600
hardzero_plus_depr__c0p58__z1p00__lam0p005__nu1p00__psi0p50,hardzero_plus_depr,0.07,32,78,0.0,1,0.52533776,0.52533776,1.0441658,0.0,0.09033045,0.0,0.0,0.05774261,-27.675507,2.2972107,0.76573694,0.16,0.0,0.14483933,0.38499978,0.38999978,252800
hardzero_plus_depr__c0p58__z1p00__lam0p005__nu1p00__psi0p50,hardzero_plus_depr,0.07,32,79,0.0,1,0.52533776,0.52533776,1.0164387,0.0,0.09628558,0.0,0.0,0.057598434,-27.807077,2.2362099,0.7454033,0.224,0.0,0.17620458,0.38999978,0.39499977,256000
hardzero_plus_depr__c0p58__z1p00__lam0p005__nu1p00__psi0p50,hardzero_plus_depr,0.07,32,80,0.0,1,0.52533776,0.52533776,1.0181857,0.0,0.095899045,0.0,0.0,0.05745462,-27.197603,2.2400534,0.7466845,0.15200001,0.0,0.15557599,0.39499977,0.39999977,259200
hardzero_plus_depr__c0p58__z1p00__lam0p005__nu1p00__psi0p50,hardzero_plus_depr,0.07,32,81,0.0,1,0.52533776,0.52533776,1.0677555,0.0,0.08555482,0.0,0.0,0.057311162,-28.293297,2.349109,0.78303635,0.136,0.0,0.18343225,0.39999977,0.40499976,262400
hardzero_plus_depr__c0p58__z1p00__lam0p005__nu1p00__psi0p50,hardzero_plus_depr,0.07,32,82,0.0,1,0.52533776,0.52533776,1.038398,0.0,0.09153812,0.0,0.0,0.05716806,-27.712252,2.2845213,0.76150715,0.136,0.0,0.15330224,0.40499976,0.40999976,265600
hardzero_plus_depr__c0p58__z1p00__lam0p005__nu1p00__psi0p50,hardzero_plus_depr,0.07,32,83,0.0,1,0.52533776,0.52533776,1.0118417,0.0,0.097310185,0.0,0.0,0.05702532,-26.956594,2.2260962,0.74203205,0.18400002,0.0,0.13913968,0.40999976,0.41499975,268800
hardzero_plus_depr__c0p58__z1p00__lam0p005__nu1p00__psi0p50,hardzero_plus_depr,0.07,32,84,0.0,1,0.52533776,0.5312287,0.9847966,0.10356271,0.10356271,1.0,0.005890951,0.056882937,-27.017696,2.1665957,0.7221986,0.192,0.0,0.16779312,0.41499975,0.41999975,272000
hardzero_plus_depr__c0p58__z1p00__lam0p005__nu1p00__psi0p50,hardzero_plus_depr,0.07,32,85,0.0,1,0.5312287,0.5312287,1.058743,0.0,0.087348804,0.0,0.0,0.05674091,-28.125008,2.329281,0.77642703,0.120000005,0.0,0.16304022,0.41999975,0.42499974,275200
hardzero_plus_depr__c0p58__z1p00__lam0p005__nu1p00__psi0p50,hardzero_plus_depr,0.07,32,86,0.0,1,0.5312287,0.5370024,0.99135727,0.10200998,0.10200998,1.0,0.0057736863,0.05659923,-27.008944,2.1810296,0.7270099,0.136,0.0,0.15203491,0.42499974,0.42999974,278400
hardzero_plus_depr__c0p58__z1p00__lam0p005__nu1p00__psi0p50,hardzero_plus_depr,0.07,32,87,0.0,1,0.5370024,0.5426724,0.99814177,0.10042878,0.10042878,1.0,0.0056699994,0.05645791,-26.929798,2.1959558,0.7319853,0.136,0.0,0.17262806,0.42999974,0.43499973,281600
hardzero_plus_depr__c0p58__z1p00__lam0p005__nu1p00__psi0p50,hardzero_plus_depr,0.07,32,88,0.0,1,0.5426724,0.5426724,1.0067463,0.0,0.09845861,0.0,0.0,0.05631694,-26.461344,2.2148862,0.73829544,0.15200001,0.0,0.17294782,0.43499973,0.43999973,284800
hardzero_plus_depr__c0p58__z1p00__lam0p005__nu1p00__psi0p50,hardzero_plus_depr,0.07,32,89,0.0,1,0.5426724,0.5426724,1.0087253,0.0,0.09801096,0.0,0.0,0.056176327,-26.096731,2.21924,0.7397467,0.18400002,0.0,0.14884895,0.43999973,0.44499972,288000
hardzero_plus_depr__c0p58__z1p00__lam0p005__nu1p00__psi0p50,hardzero_plus_depr,0.07,32,90,0.0,1,0.5426724,0.5426724,1.00024,0.0,0.09994475,0.0,0.0,0.05603606,-25.931116,2.2005718,0.73352396,0.224,0.0,0.15213205,0.44499972,0.44999972,291200
hardzero_plus_depr__c0p58__z1p00__lam0p005__nu1p00__psi0p50,hardzero_plus_depr,0.07,32,91,0.0,1,0.5426724,0.5426724,1.0007696,0.0,0.09982294,0.0,0.0,0.055896144,-26.477657,2.2017372,0.7339124,0.19999999,0.0,0.15855767,0.44999972,0.45499972,294400
hardzero_plus_depr__c0p58__z1p00__lam0p005__nu1p00__psi0p50,hardzero_plus_depr,0.07,32,92,0.0,1,0.5426724,0.5426724,1.0076332,0.0,0.098257735,0.0,0.0,0.055756576,-27.631445,2.2168374,0.73894584,0.15200001,0.0,0.15331548,0.45499972,0.4599997,297600
hardzero_plus_depr__c0p58__z1p00__lam0p005__nu1p00__psi0p50,hardzero_plus_depr,0.07,32,93,0.0,1,0.5426724,0.5426724,1.0583049,0.0,0.08743696,0.0,0.0,0.055617362,-27.936047,2.3283172,0.77610576,0.104,0.0,0.15921707,0.4599997,0.4649997,300800
hardzero_plus_depr__c0p58__z1p00__lam0p005__nu1p00__psi0p50,hardzero_plus_depr,0.07,32,94,0.0,1,0.5426724,0.54830724,0.993244,0.1015678,0.1015678,1.0,0.005634828,0.05547849,-25.836845,2.1851804,0.7283935,0.15200001,0.0,0.1548875,0.4649997,0.4699997,304000
hardzero_plus_depr__c0p58__z1p00__lam0p005__nu1p00__psi0p50,hardzero_plus_depr,0.07,32,95,0.0,1,0.54830724,0.54830724,1.023315,0.0,0.09477308,0.0,0.0,0.05533997,-26.226704,2.2513378,0.75044596,0.18400002,0.0,0.1596075,0.4699997,0.4749997,307200
hardzero_plus_depr__c0p58__z1p00__lam0p005__nu1p00__psi0p50,hardzero_plus_depr,0.07,32,96,0.0,1,0.54830724,0.5539258,0.9923263,0.10178262,0.10178262,1.0,0.005618583,0.05520179,-26.120749,2.1831615,0.7277205,0.112,0.0,0.1312086,0.4749997,0.4799997,310400
hardzero_plus_depr__c0p58__z1p00__lam0p005__nu1p00__psi0p50,hardzero_plus_depr,0.07,32,97,0.0,1,0.5539258,0.5594714,0.9969198,0.10071176,0.10071176,1.0,0.005545588,0.05506396,-26.279364,2.1932673,0.7310891,0.16000001,0.0,0.14816752,0.4799997,0.4849997,313600
hardzero_plus_depr__c0p58__z1p00__lam0p005__nu1p00__psi0p50,hardzero_plus_depr,0.07,32,98,0.0,1,0.5594714,0.5594714,1.0671682,0.0,0.0856706,0.0,0.0,0.05492647,-28.710735,2.347817,0.78260565,0.120000005,0.0,0.16864826,0.4849997,0.48999968,316800
hardzero_plus_depr__c0p58__z1p00__lam0p005__nu1p00__psi0p50,hardzero_plus_depr,0.07,32,99,0.0,1,0.5594714,0.5594714,1.0647244,0.0,0.086154014,0.0,0.0,0.054789327,-28.021357,2.3424406,0.7808136,0.16000001,0.0,0.19252567,0.48999968,0.49499968,320000
hardzero_plus_depr__c0p58__z1p00__lam0p005__nu1p00__psi0p50,hardzero_plus_depr,0.07,32,100,0.0,1,0.5594714,0.565233,0.97706836,0.105422094,0.105422094,1.0,0.0057615833,0.054652523,-25.939795,2.1495934,0.71653116,0.17600001,0.0,0.14043675,0.49499968,0.49999967,323200
hardzero_plus_depr__c0p58__z1p00__lam0p005__nu1p00__psi0p50,hardzero_plus_depr,0.07,32,101,0.0,1,0.565233,0.565233,1.003698,0.0,0.099152125,0.0,0.0,0.05451607,-26.911203,2.2081797,0.7360599,0.120000005,0.0,0.1632738,0.49999967,0.5049997,326400
hardzero_plus_depr__c0p58__z1p00__lam0p005__nu1p00__psi0p50,hardzero_plus_depr,0.07,32,102,0.0,1,0.565233,0.565233,1.0478054,0.0,0.08957661,0.0,0.0,0.05437994,-27.391829,2.305218,0.76840603,0.16000001,0.0,0.17371689,0.5049997,0.5099997,329600
hardzero_plus_depr__c0p58__z1p00__lam0p005__nu1p00__psi0p50,hardzero_plus_depr,0.07,32,103,0.0,1,0.565233,0.565233,1.032693,0.0,0.092748515,0.0,0.0,0.054244164,-27.116467,2.27197,0.7573234,0.18400002,0.0,0.17632228,0.5099997,0.5149997,332800
hardzero_plus_depr__c0p58__z1p00__lam0p005__nu1p00__psi0p50,hardzero_plus_depr,0.07,32,104,0.0,1,0.565233,0.570878,0.98160064,0.10432763,0.10432763,1.0,0.0056450344,0.05410872,-26.078606,2.1595645,0.71985483,0.17999999,0.0,0.13350812,0.5149997,0.5199997,336000
hardzero_plus_depr__c0p58__z1p00__lam0p005__nu1p00__psi0p50,hardzero_plus_depr,0.07,32,105,0.0,1,0.570878,0.570878,1.0501964,0.0,0.0890848,0.0,0.0,0.05397362,-27.352425,2.3104782,0.7701594,0.16000001,0.0,0.15582949,0.5199997,0.5249997,339200
hardzero_plus_depr__c0p58__z1p00__lam0p005__nu1p00__psi0p50,hardzero_plus_depr,0.07,32,106,0.0,1,0.570878,0.570878,1.0152707,0.0,0.09654487,0.0,0.0,0.053838853,-26.922815,2.2336402,0.7445468,0.192,0.0,0.15412416,0.5249997,0.5299997,342400
hardzero_plus_depr__c0p58__z1p00__lam0p005__nu1p00__psi0p50,hardzero_plus_depr,0.07,32,107,0.0,1,0.570878,0.57633406,0.9931354,0.1015932,0.1015932,1.0,0.0054560048,0.05370443,-25.834421,2.1849415,0.72831386,0.17600001,0.0,0.1520801,0.5299997,0.53499967,345600
hardzero_plus_depr__c0p58__z1p00__lam0p005__nu1p00__psi0p50,hardzero_plus_depr,0.07,32,108,0.0,1,0.57633406,0.57633406,1.0694913,0.0,0.08521356,0.0,0.0,0.05357033,-27.708921,2.3529277,0.78430927,0.14400001,0.0,0.16989528,0.53499967,0.53999966,348800
hardzero_plus_depr__c0p58__z1p00__lam0p005__nu1p00__psi0p50,hardzero_plus_depr,0.07,32,109,0.0,1,0.57633406,0.57633406,1.0802857,0.0,0.08312169,0.0,0.0,0.053436574,-28.157978,2.3766758,0.7922253,0.112,0.0,0.19127385,0.53999966,0.54499966,352000
hardzero_plus_depr__c0p58__z1p00__lam0p005__nu1p00__psi0p50,hardzero_plus_depr,0.07,32,110,0.0,1,0.57633406,0.57633406,1.0129303,0.0,0.09706659,0.0,0.0,0.05330315,-27.764524,2.228491,0.7428304,0.16800001,0.0,0.15594453,0.54499966,0.54999965,355200
hardzero_plus_depr__c0p58__z1p00__lam0p005__nu1p00__psi0p50,hardzero_plus_depr,0.07,32,111,0.0,1,0.57633406,0.57633406,1.042561,0.0,0.090664834,0.0,0.0,0.05317006,-27.336887,2.2936802,0.7645601,0.18400002,0.0,0.16066353,0.54999965,0.55499965,358400
hardzero_plus_depr__c0p58__z1p00__lam0p005__nu1p00__psi0p50,hardzero_plus_depr,0.07,32,112,0.0,1,0.57633406,0.57633406,1.031464,0.0,0.09301136,0.0,0.0,0.0530373,-27.819384,2.2692661,0.75642204,0.128,0.0,0.14372912,0.55499965,0.55999964,361600
hardzero_plus_depr__c0p58__z1p00__lam0p005__nu1p00__psi0p50,hardzero_plus_depr,0.07,32,113,0.0,1,0.57633406,0.5816634,0.9968193,0.10073506,0.10073506,1.0,0.005329375,0.05290487,-26.764814,2.1930463,0.73101544,0.192,0.0,0.14427917,0.55999964,0.56499964,364800
hardzero_plus_depr__c0p58__z1p00__lam0p005__nu1p00__psi0p50,hardzero_plus_depr,0.07,32,114,1.0,2,0.5816634,0.0016634464,1.0459516,0.0,0.08995978,0.0,0.0,0.05277278,-27.38771,2.3011394,0.76704645,0.120000005,0.0,0.18654002,0.56499964,0.0,368000
hardzero_plus_depr__c0p58__z1p00__lam0p005__nu1p00__psi0p50,hardzero_plus_depr,0.07,32,115,0.0,2,0.0016634464,0.0087486915,0.99474317,0.101217784,0.101217784,1.0,0.007085245,0.07,-27.556122,2.1884787,0.7294929,0.216,0.0,0.17397185,0.0,0.005,371200
hardzero_plus_depr__c0p58__z1p00__lam0p005__nu1p00__psi0p50,hardzero_plus_depr,0.07,32,116,0.0,2,0.0087486915,0.015909124,0.98907304,0.10254795,0.10254795,1.0,0.007160433,0.06982522,-26.490429,2.1760042,0.72533476,0.15200001,0.0,0.14806657,0.005,0.01,374400
hardzero_plus_depr__c0p58__z1p00__lam0p005__nu1p00__psi0p50,hardzero_plus_depr,0.07,32,117,0.0,2,0.015909124,0.02301675,0.991202,0.10204647,0.10204647,1.0,0.0071076257,0.06965087,-27.3306,2.180688,0.726896,0.17,0.0,0.14929888,0.01,0.015,377600
hardzero_plus_depr__c0p58__z1p00__lam0p005__nu1p00__psi0p50,hardzero_plus_depr,0.07,32,118,0.0,2,0.02301675,0.030335294,0.97741616,0.1053377,0.1053377,1.0,0.0073185437,0.06947696,-25.750065,2.1503584,0.71678615,0.216,0.008,0.12983598,0.015,0.02,380800
hardzero_plus_depr__c0p58__z1p00__lam0p005__nu1p00__psi0p50,hardzero_plus_depr,0.07,32,119,0.0,2,0.030335294,0.03748198,0.98665065,0.10312154,0.10312154,1.0,0.0071466826,0.06930349,-26.250925,2.1706748,0.7235583,0.216,0.0,0.15781541,0.02,0.024999999,384000
hardzero_plus_depr__c0p58__z1p00__lam0p005__nu1p00__psi0p50,hardzero_plus_depr,0.07,32,120,0.0,2,0.03748198,0.03748198,1.0076115,0.0,0.09826265,0.0,0.0,0.06913044,-26.668531,2.2167897,0.7389299,0.16000001,0.0,0.16749522,0.024999999,0.029999997,387200
hardzero_plus_depr__c0p58__z1p00__lam0p005__nu1p00__psi0p50,hardzero_plus_depr,0.07,32,121,0.0,2,0.03748198,0.03748198,1.029835,0.0,0.09336088,0.0,0.0,0.068957835,-27.35174,2.2656822,0.75522745,0.15200001,0.008,0.15381806,0.029999997,0.034999996,390400
hardzero_plus_depr__c0p58__z1p00__lam0p005__nu1p00__psi0p50,hardzero_plus_depr,0.07,32,122,0.0,2,0.03748198,0.03748198,1.0117687,0.0,0.09732655,0.0,0.0,0.06878565,-27.051771,2.2259355,0.7419785,0.192,0.0,0.14909855,0.034999996,0.039999995,393600
hardzero_plus_depr__c0p58__z1p00__lam0p005__nu1p00__psi0p50,hardzero_plus_depr,0.07,32,123,0.0,2,0.03748198,0.03748198,1.0328125,0.0,0.09272302,0.0,0.0,0.06861391,-27.395313,2.2722328,0.75741094,0.17600001,0.0,0.15620287,0.039999995,0.044999994,396800
hardzero_plus_depr__c0p58__z1p00__lam0p005__nu1p00__psi0p50,hardzero_plus_depr,0.07,32,124,0.0,2,0.03748198,0.03748198,1.0300004,0.0,0.09332532,0.0,0.0,0.06844258,-27.621414,2.2660463,0.7553488,0.15200001,0.0,0.1376243,0.044999994,0.049999993,400000
hardzero_plus_depr__c0p58__z1p00__lam0p005__nu1p00__psi0p50,hardzero_plus_depr,0.07,32,125,0.0,2,0.03748198,0.04432053,0.9992764,0.100166745,0.100166745,1.0,0.0068385536,0.0682717,-27.166739,2.198452,0.73281735,0.136,0.0,0.1616465,0.049999993,0.054999992,403200
hardzero_plus_depr__c0p58__z1p00__lam0p005__nu1p00__psi0p50,hardzero_plus_depr,0.07,32,126,0.0,2,0.04432053,0.04432053,1.0110424,0.0,0.097489454,0.0,0.0,0.06810123,-26.534771,2.2243376,0.7414459,0.136,0.0,0.1267361,0.054999992,0.05999999,406400
hardzero_plus_depr__c0p58__z1p00__lam0p005__nu1p00__psi0p50,hardzero_plus_depr,0.07,32,127,0.0,2,0.04432053,0.051244803,0.99169517,0.101930656,0.101930656,1.0,0.0069242707,0.06793119,-26.603745,2.181773,0.72725767,0.17600001,0.0,0.15563953,0.05999999,0.06499999,409600
hardzero_plus_depr__c0p58__z1p00__lam0p005__nu1p00__psi0p50,hardzero_plus_depr,0.07,32,128,0.0,2,0.051244803,0.051244803,1.0346268,0.0,0.092336446,0.0,0.0,0.06776157,-27.607618,2.2762244,0.7587415,0.136,0.0,0.16788802,0.06499999,0.06999999,412800
hardzero_plus_depr__c0p58__z1p00__lam0p005__nu1p00__psi0p50,hardzero_plus_depr,0.07,32,129,0.0,2,0.051244803,0.058396302,0.9755007,0.10580332,0.10580332,1.0,0.0071514985,0.06759238,-26.27217,2.1461444,0.7153815,0.192,0.0,0.14330235,0.06999999,0.074999996,416000
hardzero_plus_depr__c0p58__z1p00__lam0p005__nu1p00__psi0p50,hardzero_plus_depr,0.07,32,130,0.0,2,0.058396302,0.058396302,1.0111803,0.0,0.097458504,0.0,0.0,0.06742361,-26.999495,2.224641,0.74154705,0.22999999,0.0,0.15743479,0.074999996,0.08,419200
hardzero_plus_depr__c0p58__z1p00__lam0p005__nu1p00__psi0p50,hardzero_plus_depr,0.07,32,131,0.0,2,0.058396302,0.06555509,0.97288704,0.10644198,0.10644198,1.0,0.0071587837,0.067255266,-26.149437,2.1403942,0.71346474,0.120000005,0.0,0.156334,0.08,0.085,422400
hardzero_plus_depr__c0p58__z1p00__lam0p005__nu1p00__psi0p50,hardzero_plus_depr,0.07,32,132,0.0,2,0.06555509,0.06555509,1.0102595,0.0,0.09766533,0.0,0.0,0.06708733,-26.876873,2.2226152,0.7408718,0.192,0.0,0.1694993,0.085,0.09,425600
hardzero_plus_depr__c0p58__z1p00__lam0p005__nu1p00__psi0p50,hardzero_plus_depr,0.07,32,133,0.0,2,0.06555509,0.07248871,0.98459476,0.10361085,0.10361085,1.0,0.00693362,0.066919826,-26.909351,2.1661518,0.7220506,0.224,0.0,0.173793,0.09,0.095000006,428800
hardzero_plus_depr__c0p58__z1p00__lam0p005__nu1p00__psi0p50,hardzero_plus_depr,0.07,32,134,0.0,2,0.07248871,0.080276586,0.93305004,0.11666751,0.11666751,1.0,0.007787875,0.06675273,-26.293295,2.052751,0.68425035,0.18400002,0.0,0.14725384,0.095000006,0.10000001,432000
hardzero_plus_depr__c0p58__z1p00__lam0p005__nu1p00__psi0p50,hardzero_plus_depr,0.07,32,135,0.0,2,0.080276586,0.080276586,1.0081824,0.0,0.09813356,0.0,0.0,0.06658606,-27.002678,2.2180455,0.73934853,0.14400001,0.0,0.15112074,0.10000001,0.10500001,435200
hardzero_plus_depr__c0p58__z1p00__lam0p005__nu1p00__psi0p50,hardzero_plus_depr,0.07,32,136,0.0,2,0.080276586,0.08748154,0.9646663,0.10847601,0.10847601,1.0,0.0072049554,0.0664198,-25.951532,2.1223083,0.7074361,0.16000001,0.0,0.15443113,0.10500001,0.110000014,438400
hardzero_plus_depr__c0p58__z1p00__lam0p005__nu1p00__psi0p50,hardzero_plus_depr,0.07,32,137,0.0,2,0.08748154,0.08748154,1.0169559,0.0,0.09617101,0.0,0.0,0.06625396,-27.995829,2.2373476,0.74578255,0.24800001,0.0,0.1843874,0.110000014,0.11500002,441600
hardzero_plus_depr__c0p58__z1p00__lam0p005__nu1p00__psi0p50,hardzero_plus_depr,0.07,32,138,0.0,2,0.08748154,0.08748154,1.0071926,0.0,0.098357484,0.0,0.0,0.066088535,-26.495224,2.215868,0.73862267,0.16000001,0.0,0.13242936,0.11500002,0.12000002,444800
hardzero_plus_depr__c0p58__z1p00__lam0p005__nu1p00__psi0p50,hardzero_plus_depr,0.07,32,139,0.0,2,0.08748154,0.08748154,1.0336713,0.0,0.09253984,0.0,0.0,0.06592352,-27.154089,2.2741222,0.7580408,0.192,0.0,0.17765985,0.12000002,0.12500001,448000
hardzero_plus_depr__c0p58__z1p00__lam0p005__nu1p00__psi0p50,hardzero_plus_depr,0.07,32,140,0.0,2,0.08748154,0.09428407,0.9852842,0.10344648,0.10344648,1.0,0.006802528,0.065758914,-27.34283,2.1676686,0.72255623,0.17600001,0.0,0.19698168,0.12500001,0.13000001,451200
hardzero_plus_depr__c0p58__z1p00__lam0p005__nu1p00__psi0p50,hardzero_plus_depr,0.07,32,141,0.0,2,0.09428407,0.10140682,0.9642211,0.10858726,0.10858726,1.0,0.0071227504,0.06559472,-25.954338,2.1213288,0.70710963,0.15200001,0.0,0.18312903,0.13000001,0.135,454400
hardzero_plus_depr__c0p58__z1p00__lam0p005__nu1p00__psi0p50,hardzero_plus_depr,0.07,32,142,0.0,2,0.10140682,0.10140682,1.0341198,0.0,0.09244429,0.0,0.0,0.06543094,-27.203209,2.275109,0.7583697,0.18400002,0.0,0.14560355,0.135,0.14,457600
hardzero_plus_depr__c0p58__z1p00__lam0p005__nu1p00__psi0p50,hardzero_plus_depr,0.07,32,143,0.0,2,0.10140682,0.1081696,0.98457193,0.10361629,0.10361629,1.0,0.0067627835,0.06526757,-26.906595,2.1661015,0.72203386,0.14999999,0.0,0.14851195,0.14,0.145,460800
hardzero_plus_depr__c0p58__z1p00__lam0p005__nu1p00__psi0p50,hardzero_plus_depr,0.07,32,144,0.0,2,0.1081696,0.1081696,1.0029395,0.0,0.09932543,0.0,0.0,0.065104604,-26.79237,2.2065108,0.7355036,0.136,0.0,0.15235679,0.145,0.14999999,464000
hardzero_plus_depr__c0p58__z1p00__lam0p005__nu1p00__psi0p50,hardzero_plus_depr,0.07,32,145,0.0,2,0.1081696,0.1081696,1.0458837,0.0,0.089973845,0.0,0.0,0.06494205,-27.57345,2.30099,0.76699674,0.14400001,0.0,0.14905806,0.14999999,0.15499999,467200
hardzero_plus_depr__c0p58__z1p00__lam0p005__nu1p00__psi0p50,hardzero_plus_depr,0.07,32,146,0.0,2,0.1081696,0.1081696,1.008416,0.0,0.098080784,0.0,0.0,0.06477989,-26.87454,2.2185595,0.73951983,0.17600001,0.0,0.15362161,0.15499999,0.15999998,470400
hardzero_plus_depr__c0p58__z1p00__lam0p005__nu1p00__psi0p50,hardzero_plus_depr,0.07,32,147,0.0,2,0.1081696,0.1081696,1.0799682,0.0,0.08318247,0.0,0.0,0.06461815,-28.062092,2.3759775,0.79199255,0.14400001,0.0,0.1704948,0.15999998,0.16499998,473600
hardzero_plus_depr__c0p58__z1p00__lam0p005__nu1p00__psi0p50,hardzero_plus_depr,0.07,32,148,0.0,2,0.1081696,0.1081696,1.0035961,0.0,0.099175386,0.0,0.0,0.0644568,-26.9867,2.2079554,0.73598516,0.17600001,0.0,0.15692428,0.16499998,0.16999997,476800
hardzero_plus_depr__c0p58__z1p00__lam0p005__nu1p00__psi0p50,hardzero_plus_depr,0.07,32,149,0.0,2,0.1081696,0.1081696,1.003839,0.0,0.09911993,0.0,0.0,0.064295866,-26.399021,2.20849,0.7361633,0.16800001,0.0,0.17071117,0.16999997,0.17499997,480000
hardzero_plus_depr__c0p58__z1p00__lam0p005__nu1p00__psi0p50,hardzero_plus_depr,0.07,32,150,0.0,2,0.1081696,0.1081696,1.0062972,0.0,0.09856047,0.0,0.0,0.06413532,-26.576569,2.2138982,0.73796606,0.128,0.0,0.13546291,0.17499997,0.17999996,483200
hardzero_plus_depr__c0p58__z1p00__lam0p005__nu1p00__psi0p50,hardzero_plus_depr,0.07,32,151,0.0,2,0.1081696,0.1081696,1.0129755,0.0,0.09705647,0.0,0.0,0.063975185,-26.96204,2.2285905,0.74286354,0.16800001,0.0,0.14896734,0.17999996,0.18499996,486400
hardzero_plus_depr__c0p58__z1p00__lam0p005__nu1p00__psi0p50,hardzero_plus_depr,0.07,32,152,0.0,2,0.1081696,0.1081696,1.0198069,0.0,0.09554172,0.0,0.0,0.063815445,-27.270157,2.24362,0.7478733,0.14400001,0.0,0.1686527,0.18499996,0.18999995,489600
hardzero_plus_depr__c0p58__z1p00__lam0p005__nu1p00__psi0p50,hardzero_plus_depr,0.07,32,153,0.0,2,0.1081696,0.1150506,0.96618867,0.10809642,0.10809642,1.0,0.006880997,0.06365611,-26.339184,2.1256576,0.70855254,0.256,0.0,0.15459798,0.18999995,0.19499995,492800
hardzero_plus_depr__c0p58__z1p00__lam0p005__nu1p00__psi0p50,hardzero_plus_depr,0.07,32,154,0.0,2,0.1150506,0.1150506,1.0026075,0.0,0.099401414,0.0,0.0,0.06349716,-26.672539,2.2057805,0.7352602,0.16000001,0.0,0.1488103,0.19499995,0.19999994,496000
hardzero_plus_depr__c0p58__z1p00__lam0p005__nu1p00__psi0p50,hardzero_plus_depr,0.07,32,155,0.0,2,0.1150506,0.1150506,1.029981,0.0,0.093329504,0.0,0.0,0.06333862,-28.67613,2.2660036,0.75533456,0.104,0.0,0.15449661,0.19999994,0.20499994,499200
hardzero_plus_depr__c0p58__z1p00__lam0p005__nu1p00__psi0p50,hardzero_plus_depr,0.07,32,156,0.0,2,0.1150506,0.1150506,1.0495683,0.0,0.08921372,0.0,0.0,0.06318047,-27.106747,2.3090963,0.7696988,0.12,0.0,0.1551434,0.20499994,0.20999993,502400
hardzero_plus_depr__c0p58__z1p00__lam0p005__nu1p00__psi0p50,hardzero_plus_depr,0.07,32,157,0.0,2,0.1150506,0.121831894,0.9681844,0.10760082,0.10760082,1.0,0.0067812963,0.06302272,-25.625141,2.1300483,0.71001613,0.16800001,0.0,0.15141638,0.20999993,0.21499993,505600
hardzero_plus_depr__c0p58__z1p00__lam0p005__nu1p00__psi0p50,hardzero_plus_depr,0.07,32,158,0.0,2,0.121831894,0.12917042,0.93280274,0.116733976,0.116733976,1.0,0.007338523,0.062865354,-25.651152,2.052207,0.68406904,0.17600001,0.0,0.122246176,0.21499993,0.21999992,508800
hardzero_plus_depr__c0p58__z1p00__lam0p005__nu1p00__psi0p50,hardzero_plus_depr,0.07,32,159,0.0,2,0.12917042,0.13586135,0.97183865,0.10669924,0.10669924,1.0,0.006690938,0.06270839,-26.030197,2.1380877,0.71269596,0.18400002,0.0,0.16684176,0.21999992,0.22499992,512000
hardzero_plus_depr__c0p58__z1p00__lam0p005__nu1p00__psi0p50,hardzero_plus_depr,0.07,32,160,0.0,2,0.13586135,0.14234224,0.9846052,0.10360836,0.10360836,1.0,0.0064808917,0.06255182,-26.841152,2.1661747,0.72205824,0.216,0.0,0.16539572,0.22499992,0.22999991,515200
hardzero_plus_depr__c0p58__z1p00__lam0p005__nu1p00__psi0p50,hardzero_plus_depr,0.07,32,161,0.0,2,0.14234224,0.14890006,0.9783945,0.10510066,0.10510066,1.0,0.006557822,0.062395632,-27.086046,2.152511,0.71750367,0.256,0.0,0.15757424,0.22999991,0.23499991,518400
hardzero_plus_depr__c0p58__z1p00__lam0p005__nu1p00__psi0p50,hardzero_plus_depr,0.07,32,162,0.0,2,0.14890006,0.14890006,1.0561024,0.0,0.087881535,0.0,0.0,0.062239837,-27.757359,2.3234715,0.77449054,0.136,0.0,0.16026105,0.23499991,0.2399999,521600
hardzero_plus_depr__c0p58__z1p00__lam0p005__nu1p00__psi0p50,hardzero_plus_depr,0.07,32,163,0.0,2,0.14890006,0.15521322,0.99273616,0.10168662,0.10168662,1.0,0.006313156,0.062084433,-27.140015,2.1840632,0.7280211,0.15200001,0.0,0.16423742,0.2399999,0.2449999,524800
hardzero_plus_depr__c0p58__z1p00__lam0p005__nu1p00__psi0p50,hardzero_plus_depr,0.07,32,164,0.0,2,0.15521322,0.16152652,0.99164134,0.1019433,0.1019433,1.0,0.0063132886,0.061929412,-25.701672,2.1816545,0.72721815,0.15200001,0.0,0.17775482,0.2449999,0.2499999,528000
hardzero_plus_depr__c0p58__z1p00__lam0p005__nu1p00__psi0p50,hardzero_plus_depr,0.07,32,165,0.0,2,0.16152652,0.1677637,0.9958228,0.10096647,0.10096647,1.0,0.006237182,0.061774787,-26.879906,2.1908538,0.73028463,0.24800001,0.0,0.14225474,0.2499999,0.2549999,531200
hardzero_plus_depr__c0p58__z1p00__lam0p005__nu1p00__psi0p50,hardzero_plus_depr,0.07,32,166,0.0,2,0.1677637,0.1677637,1.0601668,0.0,0.087062895,0.0,0.0,0.06162054,-27.405201,2.3324137,0.77747124,0.136,0.0,0.14631894,0.2549999,0.2599999,534400
hardzero_plus_depr__c0p58__z1p00__lam0p005__nu1p00__psi0p50,hardzero_plus_depr,0.07,32,167,0.0,2,0.1677637,0.17405796,0.9896949,0.102401204,0.102401204,1.0,0.006294262,0.061466683,-27.59187,2.1773722,0.72579074,0.16000001,0.0,0.14201514,0.2599999,0.2649999,537600
hardzero_plus_depr__c0p58__z1p00__lam0p005__nu1p00__psi0p50,hardzero_plus_depr,0.07,32,168,0.0,2,0.17405796,0.18021359,0.998282,0.100396365,0.100396365,1.0,0.006155623,0.06131321,-27.084661,2.1962643,0.7320881,0.18400002,0.0,0.19147551,0.2649999,0.2699999,540800
hardzero_plus_depr__c0p58__z1p00__lam0p005__nu1p00__psi0p50,hardzero_plus_depr,0.07,32,169,0.0,2,0.18021359,0.18021359,1.0829831,0.0,0.08260699,0.0,0.0,0.06116012,-28.085361,2.3826106,0.7942035,0.13,0.0,0.16856661,0.2699999,0.2749999,544000
hardzero_plus_depr__c0p58__z1p00__lam0p005__nu1p00__psi0p50,hardzero_plus_depr,0.07,32,170,0.0,2,0.18021359,0.18021359,1.0088389,0.0,0.09798533,0.0,0.0,0.061007414,-26.443287,2.2194898,0.73982996,0.16800001,0.0,0.15155235,0.2749999,0.27999988,547200
hardzero_plus_depr__c0p58__z1p00__lam0p005__nu1p00__psi0p50,hardzero_plus_depr,0.07,32,171,0.0,2,0.18021359,0.18021359,1.0715559,0.0,0.08480942,0.0,0.0,0.060855083,-29.122532,2.35747,0.78582335,0.120000005,0.0,0.17085637,0.27999988,0.28499988,550400
hardzero_plus_depr__c0p58__z1p00__lam0p005__nu1p00__psi0p50,hardzero_plus_depr,0.07,32,172,0.0,2,0.18021359,0.18021359,1.0419856,0.0,0.09078506,0.0,0.0,0.060703136,-27.777742,2.2924142,0.7641381,0.08800001,0.0,0.17716756,0.28499988,0.28999987,553600
hardzero_plus_depr__c0p58__z1p00__lam0p005__nu1p00__psi0p50,hardzero_plus_depr,0.07,32,173,0.0,2,0.18021359,0.18021359,1.0651121,0.0,0.086077146,0.0,0.0,0.060551565,-27.546778,2.3432934,0.7810978,0.112,0.0,0.17903605,0.28999987,0.29499987,556800
hardzero_plus_depr__c0p58__z1p00__lam0p005__nu1p00__psi0p50,hardzero_plus_depr,0.07,32,174,0.0,2,0.18021359,0.18021359,1.0377152,0.0,0.09168214,0.0,0.0,0.060400378,-26.90142,2.283019,0.76100636,0.14400001,0.0,0.17870009,0.29499987,0.29999986,560000
hardzero_plus_depr__c0p58__z1p00__lam0p005__nu1p00__psi0p50,hardzero_plus_depr,0.07,32,175,0.0,2,0.18021359,0.18021359,1.0113288,0.0,0.09742516,0.0,0.0,0.06024956,-27.03139,2.2249677,0.74165595,0.16800001,0.0,0.16605467,0.29999986,0.30499986,563200
hardzero_plus_depr__c0p58__z1p00__lam0p005__nu1p00__psi0p50,hardzero_plus_depr,0.07,32,176,0.0,2,0.18021359,0.18021359,1.0376014,0.0,0.091706194,0.0,0.0,0.060099132,-28.189684,2.2827685,0.76092285,0.192,0.0,0.16227606,0.30499986,0.30999985,566400
hardzero_plus_depr__c0p58__z1p00__lam0p005__nu1p00__psi0p50,hardzero_plus_depr,0.07,32,177,0.0,2,0.18021359,0.18633667,0.99081194,0.10213817,0.10213817,1.0,0.006123088,0.059949066,-26.523407,2.1798298,0.72660995,0.28800002,0.008,0.14810829,0.30999985,0.31499985,569600
hardzero_plus_depr__c0p58__z1p00__lam0p005__nu1p00__psi0p50,hardzero_plus_depr,0.07,32,178,0.0,2,0.18633667,0.1925088,0.9862612,0.10321405,0.10321405,1.0,0.0061721364,0.059799384,-27.822908,2.169818,0.7232727,0.08800001,0.0,0.16447182,0.31499985,0.31999984,572800
hardzero_plus_depr__c0p58__z1p00__lam0p005__nu1p00__psi0p50,hardzero_plus_depr,0.07,32,179,0.0,2,0.1925088,0.1925088,1.0404757,0.0,0.09110124,0.0,0.0,0.059650067,-27.719751,2.2890923,0.76303077,0.15200001,0.0,0.1840415,0.31999984,0.32499984,576000
hardzero_plus_depr__c0p58__z1p00__lam0p005__nu1p00__psi0p50,hardzero_plus_depr,0.07,32,180,0.0,2,0.1925088,0.19868803,0.98359084,0.103850625,0.103850625,1.0,0.00617923,0.059501134,-26.843353,2.163943,0.7213144,0.14400001,0.0,0.16004507,0.32499984,0.32999983,579200
hardzero_plus_depr__c0p58__z1p00__lam0p005__nu1p00__psi0p50,hardzero_plus_depr,0.07,32,181,0.0,2,0.19868803,0.19868803,1.0349451,0.0,0.092268795,0.0,0.0,0.059352566,-26.816002,2.2769248,0.75897497,0.128,0.0,0.14806321,0.32999983,0.33499983,582400
hardzero_plus_depr__c0p58__z1p00__lam0p005__nu1p00__psi0p50,hardzero_plus_depr,0.07,32,182,0.0,2,0.19868803,0.20467924,0.99483955,0.10119532,0.10119532,1.0,0.0059912056,0.059204374,-26.48068,2.1886907,0.7295636,0.21,0.0,0.15882406,0.33499983,0.33999982,585600
hardzero_plus_depr__c0p58__z1p00__lam0p005__nu1p00__psi0p50,hardzero_plus_depr,0.07,32,183,0.0,2,0.20467924,0.21103594,0.96803606,0.1076376,0.1076376,1.0,0.0063567045,0.059056543,-26.865328,2.1297219,0.7099073,0.16000001,0.0,0.14245543,0.33999982,0.34499982,588800
hardzero_plus_depr__c0p58__z1p00__lam0p005__nu1p00__psi0p50,hardzero_plus_depr,0.07,32,184,0.0,2,0.21103594,0.2170372,0.99193925,0.10187339,0.10187339,1.0,0.0060012685,0.05890909,-26.888838,2.1823099,0.72743666,0.192,0.0,0.14409004,0.34499982,0.34999982,592000
hardzero_plus_depr__c0p58__z1p00__lam0p005__nu1p00__psi0p50,hardzero_plus_depr,0.07,32,185,0.0,2,0.2170372,0.2229497,0.9973252,0.1006178,0.1006178,1.0,0.0059125028,0.058761995,-27.257225,2.1941593,0.7313864,0.136,0.0,0.13859622,0.34999982,0.3549998,595200
hardzero_plus_depr__c0p58__z1p00__lam0p005__nu1p00__psi0p50,hardzero_plus_depr,0.07,32,186,0.0,2,0.2229497,0.2229497,1.0318809,0.0,0.09292213,0.0,0.0,0.05861528,-28.815096,2.270183,0.7567277,0.16800001,0.0,0.16956939,0.3549998,0.3599998,598400
hardzero_plus_depr__c0p58__z1p00__lam0p005__nu1p00__psi0p50,hardzero_plus_depr,0.07,32,187,0.0,2,0.2229497,0.22891071,0.9916052,0.10195178,0.10195178,1.0,0.00596101,0.05846892,-26.605673,2.181575,0.7271917,0.17600001,0.0,0.12243614,0.3599998,0.3649998,601600
hardzero_plus_depr__c0p58__z1p00__lam0p005__nu1p00__psi0p50,hardzero_plus_depr,0.07,32,188,0.0,2,0.22891071,0.22891071,1.0163863,0.0,0.09629722,0.0,0.0,0.05832293,-27.372606,2.2360945,0.74536484,0.08800001,0.0,0.14275415,0.3649998,0.3699998,604800
hardzero_plus_depr__c0p58__z1p00__lam0p005__nu1p00__psi0p50,hardzero_plus_depr,0.07,32,189,0.0,2,0.22891071,0.22891071,1.0080554,0.0,0.09816226,0.0,0.0,0.058177304,-26.957254,2.2177663,0.7392554,0.18400002,0.0,0.16198267,0.3699998,0.3749998,608000
hardzero_plus_depr__c0p58__z1p00__lam0p005__nu1p00__psi0p50,hardzero_plus_depr,0.07,32,190,0.0,2,0.22891071,0.2348438,0.99038714,0.102238126,0.102238126,1.0,0.0059330873,0.058032043,-27.354576,2.1788952,0.72629845,0.136,0.0,0.15040599,0.3749998,0.3799998,611200
hardzero_plus_depr__c0p58__z1p00__lam0p005__nu1p00__psi0p50,hardzero_plus_depr,0.07,32,191,0.0,2,0.2348438,0.24110727,0.965768,0.10820118,0.10820118,1.0,0.0062634577,0.057887144,-26.251925,2.124732,0.708244,0.15200001,0.0,0.13627288,0.3799998,0.38499978,614400
hardzero_plus_depr__c0p58__z1p00__lam0p005__nu1p00__psi0p50,hardzero_plus_depr,0.07,32,192,0.0,2,0.24110727,0.24110727,1.0163234,0.0,0.09631114,0.0,0.0,0.05774261,-27.403294,2.2359562,0.7453188,0.136,0.0,0.16377646,0.38499978,0.38999978,617600
hardzero_plus_depr__c0p58__z1p00__lam0p005__nu1p00__psi0p50,hardzero_plus_depr,0.07,32,193,0.0,2,0.24110727,0.24711853,0.9814449,0.10436504,0.10436504,1.0,0.006011263,0.057598434,-26.957869,2.159222,0.7197406,0.208,0.0,0.16492108,0.38999978,0.39499977,620800
hardzero_plus_depr__c0p58__z1p00__lam0p005__nu1p00__psi0p50,hardzero_plus_depr,0.07,32,194,0.0,2,0.24711853,0.2530318,0.9874979,0.10292054,0.10292054,1.0,0.0059132604,0.05745462,-26.64502,2.1725388,0.7241796,0.15200001,0.0,0.14987406,0.39499977,0.39999977,624000
hardzero_plus_depr__c0p58__z1p00__lam0p005__nu1p00__psi0p50,hardzero_plus_depr,0.07,32,195,0.0,2,0.2530318,0.2530318,1.0281216,0.0,0.09372996,0.0,0.0,0.057311162,-26.455223,2.2619126,0.75397086,0.14999999,0.0,0.15198967,0.39999977,0.40499976,627200
hardzero_plus_depr__c0p58__z1p00__lam0p005__nu1p00__psi0p50,hardzero_plus_depr,0.07,32,196,0.0,2,0.2530318,0.2530318,1.0203575,0.0,0.09542069,0.0,0.0,0.05716806,-27.124256,2.2448313,0.7482771,0.16000001,0.0,0.1620298,0.40499976,0.40999976,630400
hardzero_plus_depr__c0p58__z1p00__lam0p005__nu1p00__psi0p50,hardzero_plus_depr,0.07,32,197,0.0,2,0.2530318,0.2530318,1.0046532,0.0,0.09893426,0.0,0.0,0.05702532,-26.93938,2.2102811,0.7367604,0.2,0.008,0.16966523,0.40999976,0.41499975,633600
hardzero_plus_depr__c0p58__z1p00__lam0p005__nu1p00__psi0p50,hardzero_plus_depr,0.07,32,198,0.0,2,0.2530318,0.25904232,0.97606844,0.105665095,0.105665095,1.0,0.0060105408,0.056882937,-25.625345,2.1473935,0.71579784,0.14400001,0.0,0.1323545,0.41499975,0.41999975,636800
hardzero_plus_depr__c0p58__z1p00__lam0p005__nu1p00__psi0p50,hardzero_plus_depr,0.07,32,199,0.0,2,0.25904232,0.2649702,0.98099583,0.10447301,0.10447301,1.0,0.005927894,0.05674091,-26.687965,2.158234,0.7194113,0.192,0.0,0.13130751,0.41999975,0.42499974,640000
hardzero_plus_depr__c0p58__z1p00__lam0p005__nu1p00__psi0p50,hardzero_plus_depr,0.07,32,200,0.0,2,0.2649702,0.27085343,0.98319495,0.10394535,0.10394535,1.0,0.0058832266,0.05659923,-26.390318,2.163072,0.72102404,0.18400002,0.0,0.13344182,0.42499974,0.42999974,643200
hardzero_plus_depr__c0p58__z1p00__lam0p005__nu1p00__psi0p50,hardzero_plus_depr,0.07,32,201,0.0,2,0.27085343,0.27677512,0.9792784,0.10488698,0.10488698,1.0,0.0059216996,0.05645791,-26.37585,2.1544554,0.7181518,0.15200001,0.0,0.13266432,0.42999974,0.43499973,646400
hardzero_plus_depr__c0p58__z1p00__lam0p005__nu1p00__psi0p50,hardzero_plus_depr,0.07,32,202,0.0,2,0.27677512,0.27677512,1.0335355,0.0,0.09256877,0.0,0.0,0.05631694,-28.000866,2.2738235,0.7579412,0.15200001,0.0,0.18184146,0.43499973,0.43999973,649600
hardzero_plus_depr__c0p58__z1p00__lam0p005__nu1p00__psi0p50,hardzero_plus_depr,0.07,32,203,0.0,2,0.27677512,0.28263986,0.98130393,0.10439893,0.10439893,1.0,0.0058647483,0.056176327,-25.761984,2.1589117,0.7196373,0.136,0.0,0.15955855,0.43999973,0.44499972,652800
hardzero_plus_depr__c0p58__z1p00__lam0p005__nu1p00__psi0p50,hardzero_plus_depr,0.07,32,204,0.0,2,0.28263986,0.28263986,1.0298202,0.0,0.09336407,0.0,0.0,0.05603606,-27.933346,2.2656498,0.7552166,0.16000001,0.0,0.15317938,0.44499972,0.44999972,656000
hardzero_plus_depr__c0p58__z1p00__lam0p005__nu1p00__psi0p50,hardzero_plus_depr,0.07,32,205,0.0,2,0.28263986,0.28866884,0.96713746,0.10786053,0.10786053,1.0,0.0060289875,0.055896144,-26.423004,2.127745,0.7092483,0.224,0.008,0.13535541,0.44999972,0.45499972,659200
hardzero_plus_depr__c0p58__z1p00__lam0p005__nu1p00__psi0p50,hardzero_plus_depr,0.07,32,206,0.0,2,0.28866884,0.28866884,1.0199897,0.0,0.095501505,0.0,0.0,0.055756576,-26.860126,2.2440221,0.7480074,0.128,0.0,0.15567724,0.45499972,0.4599997,662400
hardzero_plus_depr__c0p58__z1p00__lam0p005__nu1p00__psi0p50,hardzero_plus_depr,0.07,32,207,0.0,2,0.28866884,0.28866884,1.0123554,0.0,0.09719513,0.0,0.0,0.055617362,-27.114193,2.2272265,0.7424089,0.208,0.0,0.17550665,0.4599997,0.4649997,665600
hardzero_plus_depr__c0p58__z1p00__lam0p005__nu1p00__psi0p50,hardzero_plus_depr,0.07,32,208,0.0,2,0.28866884,0.29459038,0.9716891,0.106735975,0.106735975,1.0,0.0059215506,0.05547849,-25.839394,2.1377587,0.7125863,0.17,0.0,0.13881233,0.4649997,0.4699997,668800
hardzero_plus_depr__c0p58__z1p00__lam0p005__nu1p00__psi0p50,hardzero_plus_depr,0.07,32,209,0.0,2,0.29459038,0.29459038,1.0331126,0.0,0.09265895,0.0,0.0,0.05533997,-28.400225,2.2728932,0.75763106,0.216,0.0,0.2173311,0.4699997,0.4749997,672000
hardzero_plus_depr__c0p58__z1p00__lam0p005__nu1p00__psi0p50,hardzero_plus_depr,0.07,32,210,0.0,2,0.29459038,0.29459038,1.0457426,0.0,0.090003066,0.0,0.0,0.05520179,-27.857399,2.3006797,0.76689327,0.16000001,0.0,0.15218773,0.4749997,0.4799997,675200
hardzero_plus_depr__c0p58__z1p00__lam0p005__nu1p00__psi0p50,hardzero_plus_depr,0.07,32,211,0.0,2,0.29459038,0.29459038,1.0563583,0.0,0.087829754,0.0,0.0,0.05506396,-27.53097,2.3240347,0.77467823,0.14400001,0.0,0.17530677,0.4799997,0.4849997,678400
hardzero_plus_depr__c0p58__z1p00__lam0p005__nu1p00__psi0p50,hardzero_plus_depr,0.07,32,212,0.0,2,0.29459038,0.29459038,1.0376955,0.0,0.0916863,0.0,0.0,0.05492647,-27.446056,2.2829757,0.76099193,0.120000005,0.0,0.15963206,0.4849997,0.48999968,681600
hardzero_plus_depr__c0p58__z1p00__lam0p005__nu1p00__psi0p50,hardzero_plus_depr,0.07,32,213,0.0,2,0.29459038,0.29459038,1.0812794,0.0,0.082931705,0.0,0.0,0.054789327,-29.630344,2.3788621,0.7929541,0.16000001,0.0,0.19460778,0.48999968,0.49499968,684800
hardzero_plus_depr__c0p58__z1p00__lam0p005__nu1p00__psi0p50,hardzero_plus_depr,0.07,32,214,0.0,2,0.29459038,0.3002412,0.9854986,0.10339544,0.10339544,1.0,0.0056508216,0.054652523,-26.269938,2.1681402,0.7227134,0.14400001,0.0,0.15503995,0.49499968,0.49999967,688000
hardzero_plus_depr__c0p58__z1p00__lam0p005__nu1p00__psi0p50,hardzero_plus_depr,0.07,32,215,0.0,2,0.3002412,0.30628088,0.9555112,0.11078698,0.11078698,1.0,0.0060396707,0.05451607,-26.828783,2.1021667,0.7007222,0.2,0.0,0.14704394,0.49999967,0.5049997,691200
hardzero_plus_depr__c0p58__z1p00__lam0p005__nu1p00__psi0p50,hardzero_plus_depr,0.07,32,216,0.0,2,0.30628088,0.31219608,0.9634702,0.10877517,0.10877517,1.0,0.0059151873,0.05437994,-26.394188,2.1196768,0.70655894,0.24000001,0.0,0.14595291,0.5049997,0.5099997,694400
hardzero_plus_depr__c0p58__z1p00__lam0p005__nu1p00__psi0p50,hardzero_plus_depr,0.07,32,217,0.0,2,0.31219608,0.31781542,0.98466665,0.103593715,0.103593715,1.0,0.0056193545,0.054244164,-26.657469,2.1663098,0.7221033,0.128,0.0,0.13549279,0.5099997,0.5149997,697600
hardzero_plus_depr__c0p58__z1p00__lam0p005__nu1p00__psi0p50,hardzero_plus_depr,0.07,32,218,0.0,2,0.31781542,0.31781542,1.0401673,0.0,0.091165945,0.0,0.0,0.05410872,-28.773817,2.2884138,0.7628046,0.16800001,0.0,0.17829132,0.5149997,0.5199997,700800
hardzero_plus_depr__c0p58__z1p00__lam0p005__nu1p00__psi0p50,hardzero_plus_depr,0.07,32,219,0.0,2,0.31781542,0.31781542,1.00255,0.0,0.099414565,0.0,0.0,0.05397362,-27.022146,2.2056541,0.73521805,0.15200001,0.0,0.15914045,0.5199997,0.5249997,704000
hardzero_plus_depr__c0p58__z1p00__lam0p005__nu1p00__psi0p50,hardzero_plus_depr,0.07,32,220,0.0,2,0.31781542,0.31781542,1.0550507,0.0,0.08809459,0.0,0.0,0.053838853,-27.954147,2.321158,0.7737193,0.17600001,0.0,0.16463149,0.5249997,0.5299997,707200
hardzero_plus_depr__c0p58__z1p00__lam0p005__nu1p00__psi0p50,hardzero_plus_depr,0.07,32,221,0.0,2,0.31781542,0.3235159,0.97409904,0.10614535,0.10614535,1.0,0.0057004755,0.05370443,-26.18984,2.1430607,0.71435356,0.14999999,0.0,0.12913819,0.5299997,0.53499967,710400
hardzero_plus_depr__c0p58__z1p00__lam0p005__nu1p00__psi0p50,hardzero_plus_depr,0.07,32,222,0.0,2,0.3235159,0.32926422,0.9693826,0.107304364,0.107304364,1.0,0.00574833,0.05357033,-26.479885,2.1326842,0.71089476,0.15200001,0.0,0.1453357,0.53499967,0.53999966,713600
hardzero_plus_depr__c0p58__z1p00__lam0p005__nu1p00__psi0p50,hardzero_plus_depr,0.07,32,223,0.0,2,0.32926422,0.32926422,1.0339618,0.0,0.092477955,0.0,0.0,0.053436574,-27.896671,2.2747614,0.7582538,0.104,0.0,0.12519379,0.53999966,0.54499966,716800
hardzero_plus_depr__c0p58__z1p00__lam0p005__nu1p00__psi0p50,hardzero_plus_depr,0.07,32,224,0.0,2,0.32926422,0.32926422,1.0183412,0.0,0.09586473,0.0,0.0,0.05330315,-26.931171,2.2403953,0.74679846,0.2,0.0,0.1736452,0.54499966,0.54999965,720000
hardzero_plus_depr__c0p58__z1p00__lam0p005__nu1p00__psi0p50,hardzero_plus_depr,0.07,32,225,0.0,2,0.32926422,0.32926422,1.0495399,0.0,0.089219555,0.0,0.0,0.05317006,-27.785448,2.3090339,0.769678,0.14400001,0.0,0.17082192,0.54999965,0.55499965,723200
hardzero_plus_depr__c0p58__z1p00__lam0p005__nu1p00__psi0p50,hardzero_plus_depr,0.07,32,226,0.0,2,0.32926422,0.3350846,0.95963025,0.10974121,0.10974121,1.0,0.0058203777,0.0530373,-26.246773,2.1112287,0.7037429,0.18400002,0.0,0.15032282,0.55499965,0.55999964,726400
hardzero_plus_depr__c0p58__z1p00__lam0p005__nu1p00__psi0p50,hardzero_plus_depr,0.07,32,227,0.0,2,0.3350846,0.34066412,0.9768976,0.10546355,0.10546355,1.0,0.0055795354,0.05290487,-26.12441,2.1492176,0.71640587,0.208,0.0,0.15489875,0.55999964,0.56499964,729600
hardzero_plus_depr__c0p58__z1p00__lam0p005__nu1p00__psi0p50,hardzero_plus_depr,0.07,32,228,0.0,2,0.34066412,0.34597585,0.99717456,0.10065269,0.10065269,1.0,0.005311722,0.05277278,-26.80276,2.1938279,0.731276,0.192,0.0,0.16677144,0.56499964,0.56999964,732800
hardzero_plus_depr__c0p58__z1p00__lam0p005__nu1p00__psi0p50,hardzero_plus_depr,0.07,32,229,0.0,2,0.34597585,0.35190877,0.9480546,0.112705566,0.112705566,1.0,0.0059329346,0.052641008,-25.557161,2.0857618,0.69525397,0.16000001,0.008,0.13389611,0.56999964,0.57499963,736000
hardzero_plus_depr__c0p58__z1p00__lam0p005__nu1p00__psi0p50,hardzero_plus_depr,0.07,32,230,0.0,2,0.35190877,0.35718772,0.99769163,0.10053295,0.10053295,1.0,0.005278942,0.052509572,-26.440182,2.1949654,0.7316551,0.16800001,0.0,0.13984798,0.57499963,0.5799996,739200
hardzero_plus_depr__c0p58__z1p00__lam0p005__nu1p00__psi0p50,hardzero_plus_depr,0.07,32,231,0.0,2,0.35718772,0.35718772,1.0294691,0.0,0.09343958,0.0,0.0,0.05237846,-28.129353,2.2648773,0.7549591,0.120000005,0.0,0.15562946,0.5799996,0.5849996,742400
hardzero_plus_depr__c0p58__z1p00__lam0p005__nu1p00__psi0p50,hardzero_plus_depr,0.07,32,232,0.0,2,0.35718772,0.35718772,1.0218399,0.0,0.09509553,0.0,0.0,0.052247677,-26.64925,2.2480927,0.74936426,0.17600001,0.0,0.15303996,0.5849996,0.5899996,745600
hardzero_plus_depr__c0p58__z1p00__lam0p005__nu1p00__psi0p50,hardzero_plus_depr,0.07,32,233,0.0,2,0.35718772,0.36256897,0.98609656,0.10325318,0.10325318,1.0,0.005381269,0.05211722,-26.859343,2.1694558,0.7231519,0.192,0.0,0.14727478,0.5899996,0.5949996,748800
hardzero_plus_depr__c0p58__z1p00__lam0p005__nu1p00__psi0p50,hardzero_plus_depr,0.07,32,234,0.0,2,0.36256897,0.36256897,1.0250539,0.0,0.09439437,0.0,0.0,0.051987093,-27.467714,2.2551634,0.75172114,0.089999996,0.0,0.15815702,0.5949996,0.5999996,752000
hardzero_plus_depr__c0p58__z1p00__lam0p005__nu1p00__psi0p50,hardzero_plus_depr,0.07,32,235,0.0,2,0.36256897,0.36795652,0.98341864,0.103891805,0.103891805,1.0,0.005387547,0.051857285,-26.36757,2.1635642,0.72118807,0.17600001,0.008,0.14160305,0.5999996,0.6049996,755200
hardzero_plus_depr__c0p58__z1p00__lam0p005__nu1p00__psi0p50,hardzero_plus_depr,0.07,32,236,0.0,2,0.36795652,0.36795652,1.0185539,0.0,0.09581779,0.0,0.0,0.051727805,-27.347277,2.2408633,0.74695444,0.16000001,0.0,0.18333349,0.6049996,0.6099996,758400
hardzero_plus_depr__c0p58__z1p00__lam0p005__nu1p00__psi0p50,hardzero_plus_depr,0.07,32,237,0.0,2,0.36795652,0.36795652,1.0332099,0.0,0.09263819,0.0,0.0,0.05159865,-27.607979,2.2731073,0.75770247,0.128,0.0,0.13841052,0.6099996,0.6149996,761600
hardzero_plus_depr__c0p58__z1p00__lam0p005__nu1p00__psi0p50,hardzero_plus_depr,0.07,32,238,0.0,2,0.36795652,0.36795652,1.0130956,0.0,0.097029634,0.0,0.0,0.051469814,-27.112482,2.228855,0.74295163,0.192,0.008,0.16217858,0.6149996,0.6199996,764800
hardzero_plus_depr__c0p58__z1p00__lam0p005__nu1p00__psi0p50,hardzero_plus_depr,0.07,32,239,0.0,2,0.36795652,0.36795652,1.0029157,0.0,0.09933088,0.0,0.0,0.0513413,-26.868864,2.2064586,0.7354862,0.16800001,0.0,0.16054247,0.6199996,0.6249996,768000
hardzero_plus_depr__c0p58__z1p00__lam0p005__nu1p00__psi0p50,hardzero_plus_depr,0.07,32,240,0.0,2,0.36795652,0.37313187,0.9954421,0.10105502,0.10105502,1.0,0.0051753414,0.051213104,-26.88149,2.1900163,0.73000544,0.2,0.0,0.14564642,0.6249996,0.6299996,771200
hardzero_plus_depr__c0p58__z1p00__lam0p005__nu1p00__psi0p50,hardzero_plus_depr,0.07,32,241,0.0,2,0.37313187,0.37313187,1.0244529,0.0,0.094525084,0.0,0.0,0.05108523,-26.86955,2.2538414,0.7512805,0.17600001,0.0,0.16653381,0.6299996,0.6349996,774400
hardzero_plus_depr__c0p58__z1p00__lam0p005__nu1p00__psi0p50,hardzero_plus_depr,0.07,32,242,0.0,2,0.37313187,0.37874502,0.9580037,0.110152975,0.110152975,1.0,0.00561314,0.05095768,-25.65207,2.1076503,0.7025501,0.16800001,0.0,0.1381416,0.6349996,0.63999957,777600
hardzero_plus_depr__c0p58__z1p00__lam0p005__nu1p00__psi0p50,hardzero_plus_depr,0.07,32,243,0.0,2,0.37874502,0.38410115,0.97727287,0.105372466,0.105372466,1.0,0.0053561293,0.050830442,-26.273754,2.1500432,0.7166811,0.15200001,0.0,0.1514673,0.63999957,0.64499956,780800
hardzero_plus_depr__c0p58__z1p00__lam0p005__nu1p00__psi0p50,hardzero_plus_depr,0.07,32,244,0.0,2,0.38410115,0.38410115,1.0546918,0.0,0.08816744,0.0,0.0,0.050703526,-28.684172,2.3203683,0.7734561,0.128,0.0,0.14942914,0.64499956,0.64999956,784000
hardzero_plus_depr__c0p58__z1p00__lam0p005__nu1p00__psi0p50,hardzero_plus_depr,0.07,32,245,0.0,2,0.38410115,0.38410115,1.0048891,0.0,0.098880544,0.0,0.0,0.050576925,-27.237705,2.2108002,0.7369334,0.16000001,0.0,0.15572098,0.64999956,0.65499955,787200
hardzero_plus_depr__c0p58__z1p00__lam0p005__nu1p00__psi0p50,hardzero_plus_depr,0.07,32,246,0.0,2,0.38410115,0.38410115,1.0342354,0.0,0.09241972,0.0,0.0,0.050450645,-27.134964,2.2753632,0.75845444,0.120000005,0.0,0.1453785,0.65499955,0.65999955,790400
hardzero_plus_depr__c0p58__z1p00__lam0p005__nu1p00__psi0p50,hardzero_plus_depr,0.07,32,247,0.0,2,0.38410115,0.38410115,1.0657698,0.0,0.08594689,0.0,0.0,0.050324675,-28.644203,2.3447404,0.78158015,0.14,0.0,0.1580891,0.65999955,0.66499954,793600
hardzero_plus_depr__c0p58__z1p00__lam0p005__nu1p00__psi0p50,hardzero_plus_depr,0.07,32,248,0.0,2,0.38410115,0.38410115,1.0225846,0.0,0.09493261,0.0,0.0,0.05019902,-27.262901,2.249731,0.74991035,0.17600001,0.0,0.18188196,0.66499954,0.66999954,796800
hardzero_plus_depr__c0p58__z1p00__lam0p005__nu1p00__psi0p50,hardzero_plus_depr,0.07,32,249,0.0,2,0.38410115,0.3892915,0.98441344,0.10365412,0.10365412,1.0,0.005190343,0.05007368,-27.735779,2.165753,0.7219176,0.192,0.0,0.16140895,0.66999954,0.67499954,800000
hardzero_plus_depr__c0p58__z1p00__lam0p005__nu1p00__psi0p50,hardzero_plus_depr,0.07,32,250,0.0,2,0.3892915,0.39442477,0.9881295,0.10277098,0.10277098,1.0,0.0051332717,0.04994865,-27.19663,2.1739283,0.72464275,0.136,0.0,0.15155604,0.67499954,0.67999953,803200
hardzero_plus_depr__c0p58__z1p00__lam0p005__nu1p00__psi0p50,hardzero_plus_depr,0.07,32,251,0.0,2,0.39442477,0.40021917,0.93442935,0.11629755,0.11629755,1.0,0.0057944017,0.049823936,-25.632782,2.0557857,0.6852619,0.224,0.0,0.1234007,0.67999953,0.6849995,806400
hardzero_plus_depr__c0p58__z1p00__lam0p005__nu1p00__psi0p50,hardzero_plus_depr,0.07,32,252,0.0,2,0.40021917,0.40021917,1.0113243,0.0,0.09742618,0.0,0.0,0.04969953,-27.25278,2.224958,0.74165267,0.16000001,0.0,0.18451265,0.6849995,0.6899995,809600
hardzero_plus_depr__c0p58__z1p00__lam0p005__nu1p00__psi0p50,hardzero_plus_depr,0.07,32,253,0.0,2,0.40021917,0.4056601,0.959595,0.10975011,0.10975011,1.0,0.0054409094,0.049575437,-26.206142,2.1111512,0.7037171,0.128,0.0,0.15076108,0.6899995,0.6949995,812800
hardzero_plus_depr__c0p58__z1p00__lam0p005__nu1p00__psi0p50,hardzero_plus_depr,0.07,32,254,0.0,2,0.4056601,0.4056601,1.017218,0.0,0.096112974,0.0,0.0,0.049451653,-27.53586,2.2379243,0.7459748,0.16000001,0.0,0.17596811,0.6949995,0.6999995,816000
hardzero_plus_depr__c0p58__z1p00__lam0p005__nu1p00__psi0p50,hardzero_plus_depr,0.07,32,255,0.0,2,0.4056601,0.4056601,1.024389,0.0,0.09453899,0.0,0.0,0.049328182,-27.748327,2.2537007,0.7512336,0.17600001,0.0,0.17752247,0.6999995,0.7049995,819200
hardzero_plus_depr__c0p58__z1p00__lam0p005__nu1p00__psi0p50,hardzero_plus_depr,0.07,32,256,0.0,2,0.4056601,0.4056601,1.0576429,0.0,0.08757033,0.0,0.0,0.04920501,-27.822773,2.326861,0.77562034,0.112,0.0,0.17803515,0.7049995,0.7099995,822400
hardzero_plus_depr__c0p58__z1p00__lam0p005__nu1p00__psi0p50,hardzero_plus_depr,0.07,32,257,0.0,2,0.4056601,0.4106283,0.9947239,0.10122227,0.10122227,1.0,0.0049682073,0.049082156,-26.495714,2.1884363,0.7294788,0.17600001,0.008,0.14920937,0.7099995,0.7149995,825600
hardzero_plus_depr__c0p58__z1p00__lam0p005__nu1p00__psi0p50,hardzero_plus_depr,0.07,32,258,0.0,2,0.4106283,0.41553828,0.99875623,0.1002868,0.1002868,1.0,0.004910001,0.048959598,-26.251232,2.1973076,0.7324359,0.17600001,0.0,0.13349733,0.7149995,0.7199995,828800
hardzero_plus_depr__c0p58__z1p00__lam0p005__nu1p00__psi0p50,hardzero_plus_depr,0.07,32,259,0.0,2,0.41553828,0.42082894,0.9652417,0.108332396,0.108332396,1.0,0.005290668,0.048837356,-26.244713,2.123574,0.707858,0.120000005,0.0,0.1531006,0.7199995,0.7249995,832000
hardzero_plus_depr__c0p58__z1p00__lam0p005__nu1p00__psi0p50,hardzero_plus_depr,0.07,32,260,0.0,2,0.42082894,0.42082894,1.0497057,0.0,0.089185506,0.0,0.0,0.048715413,-27.914606,2.3093987,0.7697996,0.14,0.0,0.18711354,0.7249995,0.7299995,835200
hardzero_plus_depr__c0p58__z1p00__lam0p005__nu1p00__psi0p50,hardzero_plus_depr,0.07,32,261,0.0,2,0.42082894,0.42571837,0.99732226,0.100618474,0.100618474,1.0,0.004889432,0.04859378,-25.984777,2.1941528,0.7313843,0.128,0.0,0.13619159,0.7299995,0.7349995,838400
hardzero_plus_depr__c0p58__z1p00__lam0p005__nu1p00__psi0p50,hardzero_plus_depr,0.07,32,262,0.0,2,0.42571837,0.4307574,0.9831486,0.103956446,0.103956446,1.0,0.0050390232,0.048472445,-26.559565,2.16297,0.72099006,0.24800001,0.008,0.16628844,0.7349995,0.7399995,841600
hardzero_plus_depr__c0p58__z1p00__lam0p005__nu1p00__psi0p50,hardzero_plus_depr,0.07,32,263,0.0,2,0.4307574,0.4307574,1.0438236,0.0,0.09040166,0.0,0.0,0.04835142,-28.087807,2.2964578,0.76548594,0.136,0.0,0.17166618,0.7399995,0.74499947,844800
hardzero_plus_depr__c0p58__z1p00__lam0p005__nu1p00__psi0p50,hardzero_plus_depr,0.07,32,264,0.0,2,0.4307574,0.4307574,1.0654649,0.0,0.08600726,0.0,0.0,0.04823069,-27.845463,2.3440695,0.7813565,0.14400001,0.0,0.13988778,0.74499947,0.74999946,848000
hardzero_plus_depr__c0p58__z1p00__lam0p005__nu1p00__psi0p50,hardzero_plus_depr,0.07,32,265,0.0,2,0.4307574,0.4307574,1.006949,0.0,0.09841268,0.0,0.0,0.048110265,-26.395483,2.215332,0.73844403,0.16000001,0.0,0.13738318,0.74999946,0.75499946,851200
hardzero_plus_depr__c0p58__z1p00__lam0p005__nu1p00__psi0p50,hardzero_plus_depr,0.07,32,266,0.0,2,0.4307574,0.43568686,0.988354,0.10271786,0.10271786,1.0,0.004929444,0.047990132,-27.536806,2.1744223,0.72480744,0.104,0.0,0.16695374,0.75499946,0.75999945,854400
hardzero_plus_depr__c0p58__z1p00__lam0p005__nu1p00__psi0p50,hardzero_plus_depr,0.07,32,267,0.0,2,0.43568686,0.43568686,1.0449381,0.0,0.09016997,0.0,0.0,0.047870312,-28.101658,2.2989097,0.76630324,0.15200001,0.0,0.16854475,0.75999945,0.76499945,857600
hardzero_plus_depr__c0p58__z1p00__lam0p005__nu1p00__psi0p50,hardzero_plus_depr,0.07,32,268,0.0,2,0.43568686,0.44060326,0.98733264,0.10295971,0.10295971,1.0,0.004916407,0.047750786,-27.157244,2.1721752,0.7240584,0.18400002,0.0,0.17622444,0.76499945,0.76999944,860800
hardzero_plus_depr__c0p58__z1p00__lam0p005__nu1p00__psi0p50,hardzero_plus_depr,0.07,32,269,0.0,2,0.44060326,0.44060326,1.0086385,0.0,0.09803057,0.0,0.0,0.04763156,-26.641836,2.219049,0.73968303,0.104,0.0,0.15520744,0.76999944,0.77499944,864000
hardzero_plus_depr__c0p58__z1p00__lam0p005__nu1p00__psi0p50,hardzero_plus_depr,0.07,32,270,0.0,2,0.44060326,0.44060326,1.0168462,0.0,0.09619529,0.0,0.0,0.047512624,-26.930866,2.2371063,0.74570215,0.14400001,0.0,0.145015,0.77499944,0.77999943,867200
hardzero_plus_depr__c0p58__z1p00__lam0p005__nu1p00__psi0p50,hardzero_plus_depr,0.07,32,271,0.0,2,0.44060326,0.44060326,1.0417569,0.0,0.09083289,0.0,0.0,0.047393996,-27.639704,2.291911,0.7639703,0.136,0.0,0.17187455,0.77999943,0.78499943,870400
hardzero_plus_depr__c0p58__z1p00__lam0p005__nu1p00__psi0p50,hardzero_plus_depr,0.07,32,272,0.0,2,0.44060326,0.4455017,0.9845803,0.103614315,0.103614315,1.0,0.0048984345,0.047275655,-26.39443,2.1661198,0.72203994,0.208,0.0,0.12894714,0.78499943,0.7899994,873600
hardzero_plus_depr__c0p58__z1p00__lam0p005__nu1p00__psi0p50,hardzero_plus_depr,0.07,32,273,0.0,2,0.4455017,0.4455017,1.006197,0.0,0.09858322,0.0,0.0,0.04715762,-26.994255,2.2136776,0.73789257,0.099999994,0.0,0.1416446,0.7899994,0.7949994,876800
hardzero_plus_depr__c0p58__z1p00__lam0p005__nu1p00__psi0p50,hardzero_plus_depr,0.07,32,274,0.0,2,0.4455017,0.45077413,0.95045424,0.112084545,0.112084545,1.0,0.0052724425,0.04703987,-26.302032,2.091041,0.69701374,0.2,0.008,0.15118293,0.7949994,0.7999994,880000
hardzero_plus_depr__c0p58__z1p00__lam0p005__nu1p00__psi0p50,hardzero_plus_depr,0.07,32,275,0.0,2,0.45077413,0.45077413,1.0172988,0.0,0.09609507,0.0,0.0,0.04692242,-26.928936,2.2381022,0.7460341,0.120000005,0.0,0.16733424,0.7999994,0.8049994,883200
hardzero_plus_depr__c0p58__z1p00__lam0p005__nu1p00__psi0p50,hardzero_plus_depr,0.07,32,276,0.0,2,0.45077413,0.45594126,0.95704615,0.11039612,0.11039612,1.0,0.0051671183,0.046805255,-26.284101,2.1055436,0.7018479,0.23200001,0.008,0.15540941,0.8049994,0.8099994,886400
hardzero_plus_depr__c0p58__z1p00__lam0p005__nu1p00__psi0p50,hardzero_plus_depr,0.07,32,277,0.0,2,0.45594126,0.45594126,1.017582,0.0,0.09603243,0.0,0.0,0.04668839,-26.980938,2.2387252,0.74624175,0.104,0.0,0.13911134,0.8099994,0.8149994,889600
hardzero_plus_depr__c0p58__z1p00__lam0p005__nu1p00__psi0p50,hardzero_plus_depr,0.07,32,278,0.0,2,0.45594126,0.46066612,0.99373305,0.10145349,0.10145349,1.0,0.004724873,0.046571817,-26.94223,2.1862564,0.72875214,0.136,0.0,0.13133883,0.8149994,0.8199994,892800
hardzero_plus_depr__c0p58__z1p00__lam0p005__nu1p00__psi0p50,hardzero_plus_depr,0.07,32,279,0.0,2,0.46066612,0.46066612,1.0026919,0.0,0.099382095,0.0,0.0,0.046455532,-26.889542,2.2059662,0.7353221,0.112,0.0,0.15289773,0.8199994,0.8249994,896000
hardzero_plus_depr__c0p58__z1p00__lam0p005__nu1p00__psi0p50,hardzero_plus_depr,0.07,32,280,0.0,2,0.46066612,0.46066612,1.0314292,0.0,0.093018815,0.0,0.0,0.04633954,-27.963903,2.2691894,0.7563965,0.15200001,0.0,0.17115843,0.8249994,0.8299994,899200
hardzero_plus_depr__c0p58__z1p00__lam0p005__nu1p00__psi0p50,hardzero_plus_depr,0.07,32,281,0.0,2,0.46066612,0.46066612,1.0274103,0.0,0.0938836,0.0,0.0,0.046223834,-27.042984,2.2603476,0.7534492,0.16800001,0.0,0.15360968,0.8299994,0.8349994,902400
hardzero_plus_depr__c0p58__z1p00__lam0p005__nu1p00__psi0p50,hardzero_plus_depr,0.07,32,282,0.0,2,0.46066612,0.46066612,1.0322092,0.0,0.0928519,0.0,0.0,0.04610842,-27.596611,2.2709055,0.7569685,0.2,0.0,0.14537463,0.8349994,0.8399994,905600
hardzero_plus_depr__c0p58__z1p00__lam0p005__nu1p00__psi0p50,hardzero_plus_depr,0.07,32,283,0.0,2,0.46066612,0.46066612,1.0468175,0.0,0.089780584,0.0,0.0,0.04599329,-27.162378,2.3030446,0.76768154,0.104,0.0,0.13415042,0.8399994,0.8449994,908800
hardzero_plus_depr__c0p58__z1p00__lam0p005__nu1p00__psi0p50,hardzero_plus_depr,0.07,32,284,0.0,2,0.46066612,0.46066612,1.0342069,0.0,0.09242578,0.0,0.0,0.045878455,-28.122791,2.2753005,0.7584335,0.192,0.0,0.14845699,0.8449994,0.84999937,912000
hardzero_plus_depr__c0p58__z1p00__lam0p005__nu1p00__psi0p50,hardzero_plus_depr,0.07,32,285,0.0,2,0.46066612,0.46551543,0.9748416,0.105964005,0.105964005,1.0,0.004849326,0.0457639,-26.344814,2.1446943,0.7148981,0.23200001,0.0,0.1395865,0.84999937,0.85499936,915200
hardzero_plus_depr__c0p58__z1p00__lam0p005__nu1p00__psi0p50,hardzero_plus_depr,0.07,32,286,0.0,2,0.46551543,0.46551543,1.0512058,0.0,0.08887799,0.0,0.0,0.045649637,-27.2983,2.3126988,0.77089965,0.17999999,0.0,0.16433142,0.85499936,0.85999936,918400
hardzero_plus_depr__c0p58__z1p00__lam0p005__nu1p00__psi0p50,hardzero_plus_depr,0.07,32,287,0.0,2,0.46551543,0.4705445,0.9568651,0.11044217,0.11044217,1.0,0.0050290558,0.04553565,-26.10864,2.1051452,0.7017151,0.18400002,0.0,0.17339405,0.85999936,0.86499935,921600
hardzero_plus_depr__c0p58__z1p00__lam0p005__nu1p00__psi0p50,hardzero_plus_depr,0.07,32,288,0.0,2,0.4705445,0.4705445,1.0141702,0.0,0.096789844,0.0,0.0,0.045421954,-26.835846,2.2312188,0.7437396,0.18400002,0.0,0.13694355,0.86499935,0.86999935,924800
hardzero_plus_depr__c0p58__z1p00__lam0p005__nu1p00__psi0p50,hardzero_plus_depr,0.07,32,289,0.0,2,0.4705445,0.4705445,1.0017515,0.0,0.0995975,0.0,0.0,0.04530854,-26.98031,2.2038975,0.7346325,0.256,0.008,0.17629156,0.86999935,0.87499934,928000
hardzero_plus_depr__c0p58__z1p00__lam0p005__nu1p00__psi0p50,hardzero_plus_depr,0.07,32,290,0.0,2,0.4705445,0.475397,0.96912736,0.10736745,0.10736745,1.0,0.0048525166,0.045195416,-25.674738,2.1321228,0.7107076,0.14400001,0.0,0.14569505,0.87499934,0.87999934,931200
hardzero_plus_depr__c0p58__z1p00__lam0p005__nu1p00__psi0p50,hardzero_plus_depr,0.07,32,291,0.0,2,0.475397,0.4799338,0.997259,0.10063314,0.10063314,1.0,0.0045368,0.045082565,-27.051067,2.1940136,0.7313379,0.16800001,0.0,0.1576729,0.87999934,0.88499933,934400
hardzero_plus_depr__c0p58__z1p00__lam0p005__nu1p00__psi0p50,hardzero_plus_depr,0.07,32,292,0.0,2,0.4799338,0.4799338,1.0488473,0.0,0.08936195,0.0,0.0,0.044970002,-27.20528,2.3075101,0.76917005,0.216,0.0,0.15499945,0.88499933,0.88999933,937600
hardzero_plus_depr__c0p58__z1p00__lam0p005__nu1p00__psi0p50,hardzero_plus_depr,0.07,32,293,0.0,2,0.4799338,0.4799338,1.0426732,0.0,0.09064144,0.0,0.0,0.044857714,-26.806509,2.293927,0.76464236,0.14400001,0.0,0.14907442,0.88999933,0.8949993,940800
hardzero_plus_depr__c0p58__z1p00__lam0p005__nu1p00__psi0p50,hardzero_plus_depr,0.07,32,294,0.0,2,0.4799338,0.48447266,0.9938052,0.10143661,0.10143661,1.0,0.004538853,0.044745713,-26.9935,2.1864152,0.72880507,0.18400002,0.0,0.1622158,0.8949993,0.8999993,944000
hardzero_plus_depr__c0p58__z1p00__lam0p005__nu1p00__psi0p50,hardzero_plus_depr,0.07,32,295,0.0,2,0.48447266,0.48447266,1.030802,0.0,0.093153246,0.0,0.0,0.04463399,-27.478012,2.2678096,0.75593656,0.128,0.0,0.17369352,0.8999993,0.9049993,947200
hardzero_plus_depr__c0p58__z1p00__lam0p005__nu1p00__psi0p50,hardzero_plus_depr,0.07,32,296,0.0,2,0.48447266,0.48447266,1.0155028,0.0,0.096493304,0.0,0.0,0.04452254,-26.950201,2.234151,0.744717,0.104,0.0,0.16210796,0.9049993,0.9099993,950400
hardzero_plus_depr__c0p58__z1p00__lam0p005__nu1p00__psi0p50,hardzero_plus_depr,0.07,32,297,0.0,2,0.48447266,0.48447266,1.0697526,0.0,0.08516231,0.0,0.0,0.044411372,-27.979963,2.3535028,0.78450096,0.120000005,0.0,0.14472613,0.9099993,0.9149993,953600
hardzero_plus_depr__c0p58__z1p00__lam0p005__nu1p00__psi0p50,hardzero_plus_depr,0.07,32,298,0.0,2,0.48447266,0.488953,0.9950969,0.10113538,0.10113538,1.0,0.0044803466,0.044300485,-26.909521,2.189257,0.7297523,0.216,0.0,0.15577453,0.9149993,0.9199993,956800
hardzero_plus_depr__c0p58__z1p00__lam0p005__nu1p00__psi0p50,hardzero_plus_depr,0.07,32,299,0.0,2,0.488953,0.488953,1.0050431,0.0,0.0988455,0.0,0.0,0.044189867,-26.656454,2.2111392,0.7370464,0.089999996,0.0,0.1513827,0.9199993,0.9249993,960000
hardzero_plus_depr__c0p58__z1p00__lam0p005__nu1p00__psi0p50,hardzero_plus_depr,0.07,32,300,0.0,2,0.488953,0.488953,1.011965,0.0,0.09728256,0.0,0.0,0.044079535,-27.784319,2.2263675,0.74212253,0.136,0.0,0.15280378,0.9249993,0.9299993,963200
hardzero_plus_depr__c0p58__z1p00__lam0p005__nu1p00__psi0p50,hardzero_plus_depr,0.07,32,301,0.0,2,0.488953,0.4939978,0.9403057,0.11473457,0.11473457,1.0,0.0050448193,0.04396948,-24.936005,2.068714,0.6895713,0.16000001,0.0,0.13204476,0.9299993,0.9349993,966400
hardzero_plus_depr__c0p58__z1p00__lam0p005__nu1p00__psi0p50,hardzero_plus_depr,0.07,32,302,0.0,2,0.4939978,0.4984389,0.9945773,0.101256445,0.101256445,1.0,0.004441076,0.043859687,-27.123405,2.1881137,0.72937125,0.16800001,0.0,0.14694853,0.9349993,0.9399993,969600
hardzero_plus_depr__c0p58__z1p00__lam0p005__nu1p00__psi0p50,hardzero_plus_depr,0.07,32,303,0.0,2,0.4984389,0.4984389,1.0409093,0.0,0.09101034,0.0,0.0,0.043750174,-28.47148,2.2900462,0.76334876,0.14400001,0.0,0.16637258,0.9399993,0.9449993,972800
hardzero_plus_depr__c0p58__z1p00__lam0p005__nu1p00__psi0p50,hardzero_plus_depr,0.07,32,304,0.0,2,0.4984389,0.5031277,0.9688305,0.10744086,0.10744086,1.0,0.0046888194,0.043640934,-25.833508,2.1314697,0.7104899,0.15200001,0.0,0.17675321,0.9449993,0.9499993,976000
hardzero_plus_depr__c0p58__z1p00__lam0p005__nu1p00__psi0p50,hardzero_plus_depr,0.07,32,305,0.0,2,0.5031277,0.5031277,1.087416,0.0,0.081768095,0.0,0.0,0.043531973,-28.750185,2.392363,0.79745436,0.112,0.0,0.1713462,0.9499993,0.95499927,979200
hardzero_plus_depr__c0p58__z1p00__lam0p005__nu1p00__psi0p50,hardzero_plus_depr,0.07,32,306,0.0,2,0.5031277,0.5031277,1.049209,0.0,0.089287564,0.0,0.0,0.043423276,-27.52026,2.308306,0.76943535,0.120000005,0.0,0.13913104,0.95499927,0.95999926,982400
hardzero_plus_depr__c0p58__z1p00__lam0p005__nu1p00__psi0p50,hardzero_plus_depr,0.07,32,307,0.0,2,0.5031277,0.5031277,1.0062177,0.0,0.09857852,0.0,0.0,0.043314856,-26.208815,2.2137232,0.73790777,0.15200001,0.0,0.13713445,0.95999926,0.96499926,985600
hardzero_plus_depr__c0p58__z1p00__lam0p005__nu1p00__psi0p50,hardzero_plus_depr,0.07,32,308,0.0,2,0.5031277,0.508149,0.93473434,0.11621593,0.11621593,1.0,0.0050213067,0.0432067,-25.505077,2.0564566,0.68548554,0.112,0.0,0.12927641,0.96499926,0.96999925,988800
hardzero_plus_depr__c0p58__z1p00__lam0p005__nu1p00__psi0p50,hardzero_plus_depr,0.07,32,309,0.0,2,0.508149,0.508149,1.0335574,0.0,0.09256409,0.0,0.0,0.043098822,-27.64229,2.2738717,0.7579572,0.18400002,0.0,0.16945326,0.96999925,0.97499925,992000
hardzero_plus_depr__c0p58__z1p00__lam0p005__nu1p00__psi0p50,hardzero_plus_depr,0.07,32,310,0.0,2,0.508149,0.508149,1.0106249,0.0,0.09758322,0.0,0.0,0.04299121,-26.670134,2.2234192,0.74113977,0.120000005,0.0,0.13590309,0.97499925,0.97999924,995200
hardzero_plus_depr__c0p58__z1p00__lam0p005__nu1p00__psi0p50,hardzero_plus_depr,0.07,32,311,0.0,2,0.508149,0.508149,1.0412248,0.0,0.09094422,0.0,0.0,0.042883866,-27.173208,2.2907405,0.7635802,0.120000005,0.0,0.17845161,0.97999924,0.98499924,998400
hardzero_plus_depr__c0p58__z1p00__lam0p005__nu1p00__psi0p50,hardzero_plus_depr,0.07,32,312,0.0,2,0.508149,0.508149,1.059374,0.0,0.08722198,0.0,0.0,0.04277679,-27.593147,2.3306692,0.77688974,0.16,0.0,0.17204328,0.98499924,0.98999923,1001600
hardzero_plus_depr__c0p58__z1p00__lam0p005__nu1p00__psi0p50,hardzero_plus_depr,0.07,32,313,0.0,2,0.508149,0.508149,1.0756142,0.0,0.08402059,0.0,0.0,0.04266998,-28.605627,2.3663986,0.7887995,0.16000001,0.0,0.16751479,0.98999923,0.99499923,1004800
hardzero_plus_depr__c0p58__z1p00__lam0p005__nu1p00__psi0p50,hardzero_plus_depr,0.07,32,314,0.0,2,0.508149,0.5125979,0.98078394,0.10452402,0.10452402,1.0,0.0044489014,0.04256344,-26.480844,2.1577678,0.7192559,0.16800001,0.0,0.1562431,0.99499923,0.9999992,1008000
hardzero_plus_depr__c0p58__z1p00__lam0p005__nu1p00__psi0p50,hardzero_plus_depr,0.07,32,315,0.0,2,0.5125979,0.5125979,1.0149786,0.0,0.09660983,0.0,0.0,0.042457163,-27.014513,2.2329977,0.74433255,0.16800001,0.008,0.16570966,0.9999992,1.0049993,1011200
hardzero_plus_depr__c0p58__z1p00__lam0p005__nu1p00__psi0p50,hardzero_plus_depr,0.07,32,316,0.0,2,0.5125979,0.51689297,0.9938941,0.10141586,0.10141586,1.0,0.0042950786,0.042351153,-25.778177,2.1866107,0.7288703,0.17600001,0.0,0.14129019,1.0049993,1.0099993,1014400
hardzero_plus_depr__c0p58__z1p00__lam0p005__nu1p00__psi0p50,hardzero_plus_depr,0.07,32,317,0.0,2,0.51689297,0.5215791,0.95496774,0.11092572,0.11092572,1.0,0.0046861023,0.042245407,-26.682196,2.100971,0.7003237,0.272,0.0,0.14034559,1.0099993,1.0149993,1017600
hardzero_plus_depr__c0p58__z1p00__lam0p005__nu1p00__psi0p50,hardzero_plus_depr,0.07,32,318,0.0,2,0.5215791,0.5215791,1.0073165,0.0,0.09832942,0.0,0.0,0.042139925,-26.08574,2.2161405,0.7387135,0.14400001,0.0,0.14100987,1.0149993,1.0199993,1020800
hardzero_plus_depr__c0p58__z1p00__lam0p005__nu1p00__psi0p50,hardzero_plus_depr,0.07,32,319,0.0,2,0.5215791,0.52583843,0.9942646,0.10132938,0.10132938,1.0,0.0042593507,0.042034708,-26.398417,2.1874259,0.72914195,0.120000005,0.0,0.14175457,1.0199993,1.0249993,1024000
hardzero_plus_depr__c0p58__z1p00__lam0p005__nu1p00__psi0p50,hardzero_plus_depr,0.07,32,320,0.0,2,0.52583843,0.52583843,1.0364391,0.0,0.09195195,0.0,0.0,0.04192975,-27.030302,2.2802114,0.7600705,0.136,0.0,0.15709369,1.0249993,1.0299993,1027200
hardzero_plus_depr__c0p58__z1p00__lam0p005__nu1p00__psi0p50,hardzero_plus_depr,0.07,32,321,0.0,2,0.52583843,0.53015417,0.98638,0.103185825,0.103185825,1.0,0.0043157535,0.04182506,-26.801497,2.1700792,0.72335976,0.15200001,0.0,0.13001843,1.0299993,1.0349993,1030400
hardzero_plus_depr__c0p58__z1p00__lam0p005__nu1p00__psi0p50,hardzero_plus_depr,0.07,32,322,0.0,2,0.53015417,0.53015417,1.060446,0.0,0.08700696,0.0,0.0,0.04172063,-28.320736,2.3330278,0.777676,0.16800001,0.0,0.19076902,1.0349993,1.0399992,1033600
hardzero_plus_depr__c0p58__z1p00__lam0p005__nu1p00__psi0p50,hardzero_plus_depr,0.07,32,323,0.0,2,0.53015417,0.53447205,0.98399156,0.10375484,0.10375484,1.0,0.004317908,0.04161645,-26.614845,2.1648247,0.7216083,0.2,0.0,0.12980993,1.0399992,1.0449992,1036800
hardzero_plus_depr__c0p58__z1p00__lam0p005__nu1p00__psi0p50,hardzero_plus_depr,0.07,32,324,0.0,2,0.53447205,0.538629,0.9994041,0.1001373,0.1001373,1.0,0.004156954,0.041512545,-26.491482,2.1987329,0.732911,0.17600001,0.0,0.14316887,1.0449992,1.0499992,1040000
hardzero_plus_depr__c0p58__z1p00__lam0p005__nu1p00__psi0p50,hardzero_plus_depr,0.07,32,325,0.0,2,0.538629,0.538629,1.0204551,0.0,0.09539924,0.0,0.0,0.041408893,-27.219831,2.2450461,0.7483487,0.12,0.0,0.16299719,1.0499992,1.0549992,1043200
hardzero_plus_depr__c0p58__z1p00__lam0p005__nu1p00__psi0p50,hardzero_plus_depr,0.07,32,326,0.0,2,0.538629,0.538629,1.0083822,0.0,0.098088436,0.0,0.0,0.041305497,-27.547438,2.218485,0.73949504,0.16000001,0.0,0.1610773,1.0549992,1.0599992,1046400
hardzero_plus_depr__c0p58__z1p00__lam0p005__nu1p00__psi0p50,hardzero_plus_depr,0.07,32,327,0.0,2,0.538629,0.538629,1.0409738,0.0,0.09099682,0.0,0.0,0.041202366,-27.690756,2.290188,0.763396,0.18400002,0.0,0.16781202,1.0599992,1.0649992,1049600
hardzero_plus_depr__c0p58__z1p00__lam0p005__nu1p00__psi0p50,hardzero_plus_depr,0.07,32,328,0.0,2,0.538629,0.538629,1.0306344,0.0,0.0931892,0.0,0.0,0.041099485,-27.832006,2.267441,0.7558137,0.096,0.0,0.15442133,1.0649992,1.0699992,1052800
hardzero_plus_depr__c0p58__z1p00__lam0p005__nu1p00__psi0p50,hardzero_plus_depr,0.07,32,329,0.0,2,0.538629,0.5430555,0.9666911,0.107971445,0.107971445,1.0,0.004426491,0.04099687,-26.488739,2.1267629,0.70892096,0.256,0.0,0.15334241,1.0699992,1.0749992,1056000
hardzero_plus_depr__c0p58__z1p00__lam0p005__nu1p00__psi0p50,hardzero_plus_depr,0.07,32,330,0.0,2,0.5430555,0.54738045,0.9756836,0.10575876,0.10575876,1.0,0.0043249517,0.0408945,-26.328146,2.1465468,0.7155156,0.16000001,0.0,0.17494532,1.0749992,1.0799992,1059200
hardzero_plus_depr__c0p58__z1p00__lam0p005__nu1p00__psi0p50,hardzero_plus_depr,0.07,32,331,0.0,2,0.54738045,0.5517034,0.9747987,0.10597449,0.10597449,1.0,0.004322953,0.040792394,-27.018087,2.1446,0.71486664,0.17600001,0.0,0.16632004,1.0799992,1.0849992,1062400
hardzero_plus_depr__c0p58__z1p00__lam0p005__nu1p00__psi0p50,hardzero_plus_depr,0.07,32,332,0.0,2,0.5517034,0.5558324,0.9936505,0.10147277,0.10147277,1.0,0.004128982,0.040690538,-27.205854,2.1860747,0.7286916,0.18400002,0.0,0.16903119,1.0849992,1.0899992,1065600
hardzero_plus_depr__c0p58__z1p00__lam0p005__nu1p00__psi0p50,hardzero_plus_depr,0.07,32,333,0.0,2,0.5558324,0.5603429,0.95418054,0.111126974,0.111126974,1.0,0.004510526,0.04058894,-26.608494,2.099239,0.6997464,0.17600001,0.0,0.14295143,1.0899992,1.0949992,1068800
hardzero_plus_depr__c0p58__z1p00__lam0p005__nu1p00__psi0p50,hardzero_plus_depr,0.07,32,334,0.0,2,0.5603429,0.5603429,1.0121866,0.0,0.09723294,0.0,0.0,0.040487595,-27.157259,2.226855,0.742285,0.224,0.0,0.1811382,1.0949992,1.0999992,1072000
hardzero_plus_depr__c0p58__z1p00__lam0p005__nu1p00__psi0p50,hardzero_plus_depr,0.07,32,335,0.0,2,0.5603429,0.5603429,1.0272317,0.0,0.093922205,0.0,0.0,0.040386505,-27.206497,2.259955,0.7533183,0.208,0.0,0.16296048,1.0999992,1.1049992,1075200
hardzero_plus_depr__c0p58__z1p00__lam0p005__nu1p00__psi0p50,hardzero_plus_depr,0.07,32,336,0.0,2,0.5603429,0.5603429,1.0154933,0.0,0.09649543,0.0,0.0,0.040285666,-26.576153,2.23413,0.74470997,0.192,0.0,0.14558062,1.1049992,1.1099992,1078400
hardzero_plus_depr__c0p58__z1p00__lam0p005__nu1p00__psi0p50,hardzero_plus_depr,0.07,32,337,0.0,2,0.5603429,0.5603429,1.050151,0.0,0.08909412,0.0,0.0,0.04018508,-28.536848,2.3103783,0.7701261,0.16000001,0.0,0.17541428,1.1099992,1.1149992,1081600
hardzero_plus_depr__c0p58__z1p00__lam0p005__nu1p00__psi0p50,hardzero_plus_depr,0.07,32,338,0.0,2,0.5603429,0.56466186,0.9676002,0.10774566,0.10774566,1.0,0.0043189568,0.04008474,-26.4878,2.128763,0.7095877,0.25,0.0,0.123327106,1.1149992,1.1199992,1084800
hardzero_plus_depr__c0p58__z1p00__lam0p005__nu1p00__psi0p50,hardzero_plus_depr,0.07,32,339,0.0,2,0.56466186,0.56466186,1.0045927,0.0,0.09894806,0.0,0.0,0.03998465,-27.430256,2.2101479,0.736716,0.16000001,0.0,0.14217164,1.1199992,1.1249992,1088000
hardzero_plus_depr__c0p58__z1p00__lam0p005__nu1p00__psi0p50,hardzero_plus_depr,0.07,32,340,0.0,2,0.56466186,0.56894827,0.9687134,0.107469834,0.107469834,1.0,0.0042864145,0.039884813,-26.088974,2.131212,0.71040404,0.16000001,0.0,0.12406802,1.1249992,1.1299992,1091200
hardzero_plus_depr__c0p58__z1p00__lam0p005__nu1p00__psi0p50,hardzero_plus_depr,0.07,32,341,0.0,2,0.56894827,0.56894827,1.0167729,0.0,0.09621153,0.0,0.0,0.03978523,-27.429977,2.236945,0.7456483,0.16000001,0.0,0.17980541,1.1299992,1.1349992,1094400
hardzero_plus_depr__c0p58__z1p00__lam0p005__nu1p00__psi0p50,hardzero_plus_depr,0.07,32,342,0.0,2,0.56894827,0.57322097,0.967931,0.10766362,0.10766362,1.0,0.0042727254,0.039685883,-27.026783,2.1294906,0.7098302,0.2,0.0,0.15399861,1.1349992,1.1399992,1097600
hardzero_plus_depr__c0p58__z1p00__lam0p005__nu1p00__psi0p50,hardzero_plus_depr,0.07,32,343,0.0,2,0.57322097,0.57322097,1.0247678,0.0,0.09445657,0.0,0.0,0.039586797,-27.829887,2.254534,0.75151134,0.16800001,0.0,0.1679007,1.1399992,1.1449991,1100800
hardzero_plus_depr__c0p58__z1p00__lam0p005__nu1p00__psi0p50,hardzero_plus_depr,0.07,32,344,0.0,2,0.57322097,0.57746327,0.96886456,0.10743244,0.10743244,1.0,0.0042422875,0.039487954,-26.63807,2.1315446,0.7105149,0.24000001,0.0,0.1440967,1.1449991,1.1499991,1104000
hardzero_plus_depr__c0p58__z1p00__lam0p005__nu1p00__psi0p50,hardzero_plus_depr,0.07,32,345,0.0,2,0.57746327,0.58174455,0.9638073,0.10869078,0.10869078,1.0,0.00428126,0.039389357,-25.846903,2.1204183,0.7068061,0.16800001,0.0,0.16946119,1.1499991,1.1549991,1107200
hardzero_plus_depr__c0p58__z1p00__lam0p005__nu1p00__psi0p50,hardzero_plus_depr,0.07,32,346,1.0,3,0.58174455,0.0017445683,1.0304482,0.0,0.09322916,0.0,0.0,0.039291006,-27.386423,2.2670312,0.7556771,0.136,0.0,0.16139665,1.1549991,0.0,1110400
hardzero_plus_depr__c0p58__z1p00__lam0p005__nu1p00__psi0p50,hardzero_plus_depr,0.07,32,347,0.0,3,0.0017445683,0.009317257,0.96584797,0.108181275,0.108181275,1.0,0.007572689,0.07,-26.548798,2.124908,0.7083027,0.16000001,0.0,0.16008407,0.0,0.005,1113600
hardzero_plus_depr__c0p58__z1p00__lam0p005__nu1p00__psi0p50,hardzero_plus_depr,0.07,32,348,0.0,3,0.009317257,0.009317257,1.0210125,0.0,0.095276855,0.0,0.0,0.06982522,-26.886326,2.2462723,0.7487575,0.16800001,0.0,0.18960963,0.005,0.01,1116800
hardzero_plus_depr__c0p58__z1p00__lam0p005__nu1p00__psi0p50,hardzero_plus_depr,0.07,32,349,0.0,3,0.009317257,0.016725935,0.9731859,0.106368765,0.106368765,1.0,0.0074086776,0.06965087,-26.71607,2.1410518,0.71368396,0.16800001,0.0,0.13343506,0.01,0.015,1120000
hardzero_plus_depr__c0p58__z1p00__lam0p005__nu1p00__psi0p50,hardzero_plus_depr,0.07,32,350,0.0,3,0.016725935,0.016725935,1.0017197,0.0,0.099604785,0.0,0.0,0.06947696,-25.882368,2.2038274,0.7346091,0.16800001,0.0,0.12423081,0.015,0.02,1123200
hardzero_plus_depr__c0p58__z1p00__lam0p005__nu1p00__psi0p50,hardzero_plus_depr,0.07,32,351,0.0,3,0.016725935,0.023897434,0.9851452,0.10347962,0.10347962,1.0,0.0071714986,0.06930349,-26.510986,2.1673627,0.72245425,0.17999999,0.0,0.14666912,0.02,0.024999999,1126400
hardzero_plus_depr__c0p58__z1p00__lam0p005__nu1p00__psi0p50,hardzero_plus_depr,0.07,32,352,0.0,3,0.023897434,0.031155981,0.9788197,0.10499783,0.10499783,1.0,0.0072585465,0.06913044,-27.513908,2.1534464,0.7178155,0.14400001,0.0,0.1525316,0.024999999,0.029999997,1129600
hardzero_plus_depr__c0p58__z1p00__lam0p005__nu1p00__psi0p50,hardzero_plus_depr,0.07,32,353,0.0,3,0.031155981,0.038145512,0.99413556,0.10135949,0.10135949,1.0,0.0069895308,0.068957835,-27.490385,2.187142,0.7290473,0.17600001,0.0,0.14336383,0.029999997,0.034999996,1132800
hardzero_plus_depr__c0p58__z1p00__lam0p005__nu1p00__psi0p50,hardzero_plus_depr,0.07,32,354,0.0,3,0.038145512,0.038145512,1.0030004,0.0,0.099311516,0.0,0.0,0.06878565,-27.200048,2.2066448,0.73554826,0.192,0.0,0.1586663,0.034999996,0.039999995,1136000
hardzero_plus_depr__c0p58__z1p00__lam0p005__nu1p00__psi0p50,hardzero_plus_depr,0.07,32,355,0.0,3,0.038145512,0.038145512,1.0115727,0.0,0.097370476,0.0,0.0,0.06861391,-27.474161,2.2255044,0.7418348,0.14400001,0.0,0.14357494,0.039999995,0.044999994,1139200
hardzero_plus_depr__c0p58__z1p00__lam0p005__nu1p00__psi0p50,hardzero_plus_depr,0.07,32,356,0.0,3,0.038145512,0.04508587,0.9939445,0.101404086,0.101404086,1.0,0.0069403574,0.06844258,-27.268892,2.1867216,0.7289072,0.16800001,0.0,0.15929376,0.044999994,0.049999993,1142400
hardzero_plus_depr__c0p58__z1p00__lam0p005__nu1p00__psi0p50,hardzero_plus_depr,0.07,32,357,0.0,3,0.04508587,0.052864134,0.9433579,0.11393105,0.11393105,1.0,0.0077782664,0.0682717,-25.40279,2.0754287,0.6918096,0.120000005,0.0,0.13033448,0.049999993,0.054999992,1145600
hardzero_plus_depr__c0p58__z1p00__lam0p005__nu1p00__psi0p50,hardzero_plus_depr,0.07,32,358,0.0,3,0.052864134,0.059782866,0.9931285,0.1015948,0.1015948,1.0,0.0069187307,0.06810123,-26.76258,2.1849263,0.7283088,0.24000001,0.0,0.17690654,0.054999992,0.05999999,1148800
hardzero_plus_depr__c0p58__z1p00__lam0p005__nu1p00__psi0p50,hardzero_plus_depr,0.07,32,359,0.0,3,0.059782866,0.06690228,0.97962517,0.104803264,0.104803264,1.0,0.0071194107,0.06793119,-27.648758,2.1552184,0.71840614,0.120000005,0.0,0.17600396,0.05999999,0.06499999,1152000
hardzero_plus_depr__c0p58__z1p00__lam0p005__nu1p00__psi0p50,hardzero_plus_depr,0.07,32,360,0.0,3,0.06690228,0.07448421,0.9512037,0.111891285,0.111891285,1.0,0.007581929,0.06776157,-25.779812,2.09269,0.69756335,0.23200001,0.0,0.14552142,0.06499999,0.06999999,1155200
hardzero_plus_depr__c0p58__z1p00__lam0p005__nu1p00__psi0p50,hardzero_plus_depr,0.07,32,361,0.0,3,0.07448421,0.08185747,0.96223766,0.10908433,0.10908433,1.0,0.0073732696,0.06759238,-25.272057,2.116965,0.70565504,0.128,0.0,0.12477987,0.06999999,0.074999996,1158400
hardzero_plus_depr__c0p58__z1p00__lam0p005__nu1p00__psi0p50,hardzero_plus_depr,0.07,32,362,0.0,3,0.08185747,0.08869438,0.99395263,0.1014022,0.1014022,1.0,0.006836903,0.06742361,-26.947771,2.1867394,0.7289132,0.16800001,0.008,0.15154716,0.074999996,0.08,1161600
hardzero_plus_depr__c0p58__z1p00__lam0p005__nu1p00__psi0p50,hardzero_plus_depr,0.07,32,363,0.0,3,0.08869438,0.08869438,1.0336906,0.0,0.09253572,0.0,0.0,0.067255266,-27.100336,2.2741647,0.7580549,0.18400002,0.0,0.1648202,0.08,0.085,1164800
hardzero_plus_depr__c0p58__z1p00__lam0p005__nu1p00__psi0p50,hardzero_plus_depr,0.07,32,364,0.0,3,0.08869438,0.08869438,1.0093099,0.0,0.097879134,0.0,0.0,0.06708733,-26.613932,2.2205262,0.7401754,0.12,0.0,0.1441514,0.085,0.09,1168000
hardzero_plus_depr__c0p58__z1p00__lam0p005__nu1p00__psi0p50,hardzero_plus_depr,0.07,32,365,0.0,3,0.08869438,0.09583723,0.9716834,0.106737405,0.106737405,1.0,0.007142849,0.066919826,-26.970013,2.137746,0.71258205,0.208,0.0,0.16189304,0.09,0.095000006,1171200
hardzero_plus_depr__c0p58__z1p00__lam0p005__nu1p00__psi0p50,hardzero_plus_depr,0.07,32,366,0.0,3,0.09583723,0.10349829,0.94018,0.114767775,0.114767775,1.0,0.0076610623,0.06675273,-25.59361,2.0684373,0.6894791,0.16000001,0.0,0.12573718,0.095000006,0.10000001,1174400
hardzero_plus_depr__c0p58__z1p00__lam0p005__nu1p00__psi0p50,hardzero_plus_depr,0.07,32,367,0.0,3,0.10349829,0.111422546,0.9244245,0.119007796,0.119007796,1.0,0.007924261,0.06658606,-25.868113,2.0337746,0.6779249,0.23200001,0.0,0.15427272,0.10000001,0.10500001,1177600
hardzero_plus_depr__c0p58__z1p00__lam0p005__nu1p00__psi0p50,hardzero_plus_depr,0.07,32,368,0.0,3,0.111422546,0.11846413,0.9746273,0.10601631,0.10601631,1.0,0.0070415824,0.0664198,-26.044147,2.144223,0.714741,0.104,0.0,0.12754788,0.10500001,0.110000014,1180800
hardzero_plus_depr__c0p58__z1p00__lam0p005__nu1p00__psi0p50,hardzero_plus_depr,0.07,32,369,0.0,3,0.11846413,0.12520173,0.9927065,0.10169358,0.10169358,1.0,0.0067376024,0.06625396,-26.928314,2.1839979,0.7279993,0.104,0.0,0.13404171,0.110000014,0.11500002,1184000
hardzero_plus_depr__c0p58__z1p00__lam0p005__nu1p00__psi0p50,hardzero_plus_depr,0.07,32,370,0.0,3,0.12520173,0.13242021,0.9616807,0.10922431,0.10922431,1.0,0.007218475,0.066088535,-25.647089,2.1157398,0.7052466,0.16000001,0.0,0.14879033,0.11500002,0.12000002,1187200
hardzero_plus_depr__c0p58__z1p00__lam0p005__nu1p00__psi0p50,hardzero_plus_depr,0.07,32,371,0.0,3,0.13242021,0.13906622,0.9964798,0.100813836,0.100813836,1.0,0.0066460026,0.06592352,-27.18072,2.1922994,0.7307665,0.16800001,0.0,0.18809055,0.12000002,0.12500001,1190400
hardzero_plus_depr__c0p58__z1p00__lam0p005__nu1p00__psi0p50,hardzero_plus_depr,0.07,32,372,0.0,3,0.13906622,0.14594185,0.9806414,0.104558304,0.104558304,1.0,0.0068756407,0.065758914,-27.156635,2.1574543,0.71915144,0.128,0.0,0.14192472,0.12500001,0.13000001,1193600
hardzero_plus_depr__c0p58__z1p00__lam0p005__nu1p00__psi0p50,hardzero_plus_depr,0.07,32,373,0.0,3,0.14594185,0.14594185,1.0069702,0.0,0.09840787,0.0,0.0,0.06559472,-27.015587,2.2153785,0.7384595,0.120000005,0.0,0.15248688,0.13000001,0.135,1196800
hardzero_plus_depr__c0p58__z1p00__lam0p005__nu1p00__psi0p50,hardzero_plus_depr,0.07,32,374,0.0,3,0.14594185,0.14594185,1.0372111,0.0,0.09178864,0.0,0.0,0.06543094,-26.96062,2.28191,0.7606367,0.15200001,0.0,0.12752353,0.135,0.14,1200000
hardzero_plus_depr__c0p58__z1p00__lam0p005__nu1p00__psi0p50,hardzero_plus_depr,0.07,32,375,0.0,3,0.14594185,0.14594185,1.001912,0.0,0.0995607,0.0,0.0,0.06526757,-27.3142,2.2042503,0.73475015,0.16800001,0.0,0.13248022,0.14,0.145,1203200
hardzero_plus_depr__c0p58__z1p00__lam0p005__nu1p00__psi0p50,hardzero_plus_depr,0.07,32,376,0.0,3,0.14594185,0.1527871,0.9782226,0.105142266,0.105142266,1.0,0.0068452456,0.065104604,-26.665096,2.1521327,0.7173776,0.16800001,0.0,0.15756375,0.145,0.14999999,1206400
hardzero_plus_depr__c0p58__z1p00__lam0p005__nu1p00__psi0p50,hardzero_plus_depr,0.07,32,377,0.0,3,0.1527871,0.16037866,0.93219477,0.116897486,0.116897486,1.0,0.007591562,0.06494205,-25.60125,2.0508695,0.6836232,0.22999999,0.01,0.1327209,0.14999999,0.15499999,1209600
hardzero_plus_depr__c0p58__z1p00__lam0p005__nu1p00__psi0p50,hardzero_plus_depr,0.07,32,378,0.0,3,0.16037866,0.16746496,0.96102077,0.1093904,0.1093904,1.0,0.0070862984,0.06477989,-25.802122,2.1142879,0.70476264,0.16000001,0.0,0.13643661,0.15499999,0.15999998,1212800
hardzero_plus_depr__c0p58__z1p00__lam0p005__nu1p00__psi0p50,hardzero_plus_depr,0.07,32,379,0.0,3,0.16746496,0.16746496,1.009786,0.0,0.097771876,0.0,0.0,0.06461815,-27.10425,2.2215736,0.74052453,0.14400001,0.0,0.14615847,0.15999998,0.16499998,1216000
hardzero_plus_depr__c0p58__z1p00__lam0p005__nu1p00__psi0p50,hardzero_plus_depr,0.07,32,380,0.0,3,0.16746496,0.16746496,1.0384599,0.0,0.09152507,0.0,0.0,0.0644568,-27.700317,2.2846575,0.7615525,0.208,0.0,0.1482283,0.16499998,0.16999997,1219200
hardzero_plus_depr__c0p58__z1p00__lam0p005__nu1p00__psi0p50,hardzero_plus_depr,0.07,32,381,0.0,3,0.16746496,0.17496893,0.9328915,0.11671013,0.11671013,1.0,0.0075039784,0.064295866,-25.756105,2.0524023,0.6841341,0.256,0.0,0.12697043,0.16999997,0.17499997,1222400
hardzero_plus_depr__c0p58__z1p00__lam0p005__nu1p00__psi0p50,hardzero_plus_depr,0.07,32,382,0.0,3,0.17496893,0.1815592,0.98819405,0.10275571,0.10275571,1.0,0.0065902704,0.06413532,-26.694628,2.1740704,0.72469014,0.16800001,0.0,0.14331374,0.17499997,0.17999996,1225600
hardzero_plus_depr__c0p58__z1p00__lam0p005__nu1p00__psi0p50,hardzero_plus_depr,0.07,32,383,0.0,3,0.1815592,0.18891674,0.93927944,0.11500603,0.11500603,1.0,0.007357532,0.063975185,-26.535376,2.066456,0.6888187,0.216,0.0,0.1387881,0.17999996,0.18499996,1228800
hardzero_plus_depr__c0p58__z1p00__lam0p005__nu1p00__psi0p50,hardzero_plus_depr,0.07,32,384,0.0,3,0.18891674,0.1957897,0.9677826,0.10770041,0.10770041,1.0,0.006872949,0.063815445,-26.840643,2.1291642,0.70972145,0.224,0.0,0.14802717,0.18499996,0.18999995,1232000
hardzero_plus_depr__c0p58__z1p00__lam0p005__nu1p00__psi0p50,hardzero_plus_depr,0.07,32,385,0.0,3,0.1957897,0.20349607,0.9169896,0.12106271,0.12106271,1.0,0.007706381,0.06365611,-25.746147,2.0174174,0.6724725,0.2,0.0,0.13746096,0.18999995,0.19499995,1235200
hardzero_plus_depr__c0p58__z1p00__lam0p005__nu1p00__psi0p50,hardzero_plus_depr,0.07,32,386,0.0,3,0.20349607,0.21066485,0.9473087,0.11289931,0.11289931,1.0,0.007168786,0.06349716,-26.200405,2.0841208,0.6947069,0.18400002,0.0,0.16335459,0.19499995,0.19999994,1238400
hardzero_plus_depr__c0p58__z1p00__lam0p005__nu1p00__psi0p50,hardzero_plus_depr,0.07,32,387,0.0,3,0.21066485,0.21066485,1.0177612,0.0,0.09599283,0.0,0.0,0.06333862,-27.458563,2.2391195,0.7463732,0.17600001,0.0,0.16747893,0.19999994,0.20499994,1241600
hardzero_plus_depr__c0p58__z1p00__lam0p005__nu1p00__psi0p50,hardzero_plus_depr,0.07,32,388,0.0,3,0.21066485,0.21763812,0.95714676,0.11037054,0.11037054,1.0,0.0069732624,0.06318047,-26.119566,2.1057649,0.70192164,0.24000001,0.0,0.13399908,0.20499994,0.20999993,1244800
hardzero_plus_depr__c0p58__z1p00__lam0p005__nu1p00__psi0p50,hardzero_plus_depr,0.07,32,389,0.0,3,0.21763812,0.21763812,1.0013928,0.0,0.09967978,0.0,0.0,0.06302272,-27.143908,2.2031083,0.73436946,0.16800001,0.0,0.17830585,0.20999993,0.21499993,1248000
hardzero_plus_depr__c0p58__z1p00__lam0p005__nu1p00__psi0p50,hardzero_plus_depr,0.07,32,390,0.0,3,0.21763812,0.2241751,0.9830348,0.103983685,0.103983685,1.0,0.0065369713,0.062865354,-27.5432,2.1627197,0.7209066,0.16,0.0,0.15263107,0.21499993,0.21999992,1251200
hardzero_plus_depr__c0p58__z1p00__lam0p005__nu1p00__psi0p50,hardzero_plus_depr,0.07,32,391,0.0,3,0.2241751,0.2311898,0.95131576,0.11186243,0.11186243,1.0,0.0070147133,0.06270839,-26.623173,2.0929365,0.69764555,0.18400002,0.0,0.14689049,0.21999992,0.22499992,1254400
hardzero_plus_depr__c0p58__z1p00__lam0p005__nu1p00__psi0p50,hardzero_plus_depr,0.07,32,392,0.0,3,0.2311898,0.2381308,0.9548185,0.11096384,0.11096384,1.0,0.0069409898,0.06255182,-26.19181,2.1006427,0.70021427,0.128,0.0,0.13978271,0.22499992,0.22999991,1257600
hardzero_plus_depr__c0p58__z1p00__lam0p005__nu1p00__psi0p50,hardzero_plus_depr,0.07,32,393,0.0,3,0.2381308,0.24468528,0.97861546,0.1050472,0.1050472,1.0,0.0065544867,0.062395632,-26.570107,2.152997,0.7176657,0.2,0.0,0.14557046,0.22999991,0.23499991,1260800
hardzero_plus_depr__c0p58__z1p00__lam0p005__nu1p00__psi0p50,hardzero_plus_depr,0.07,32,394,0.0,3,0.24468528,0.24468528,1.0712614,0.0,0.08486695,0.0,0.0,0.062239837,-28.393,2.3568223,0.78560746,0.104,0.0,0.1565526,0.23499991,0.2399999,1264000
hardzero_plus_depr__c0p58__z1p00__lam0p005__nu1p00__psi0p50,hardzero_plus_depr,0.07,32,395,0.0,3,0.24468528,0.25091583,0.9984555,0.10035626,0.10035626,1.0,0.0062305615,0.062084433,-27.733397,2.196646,0.73221534,0.136,0.0,0.14844894,0.2399999,0.2449999,1267200
hardzero_plus_depr__c0p58__z1p00__lam0p005__nu1p00__psi0p50,hardzero_plus_depr,0.07,32,396,0.0,3,0.25091583,0.2581113,0.93483686,0.1161885,0.1161885,1.0,0.0071954853,0.061929412,-25.876814,2.056682,0.6855607,0.216,0.0,0.11920881,0.2449999,0.2499999,1270400
hardzero_plus_depr__c0p58__z1p00__lam0p005__nu1p00__psi0p50,hardzero_plus_depr,0.07,32,397,0.0,3,0.2581113,0.2643267,0.99734306,0.10061365,0.10061365,1.0,0.006215387,0.061774787,-27.275372,2.1941986,0.73139954,0.16000001,0.0,0.13270944,0.2499999,0.2549999,1273600
hardzero_plus_depr__c0p58__z1p00__lam0p005__nu1p00__psi0p50,hardzero_plus_depr,0.07,32,398,0.0,3,0.2643267,0.2710759,0.96047294,0.109528475,0.109528475,1.0,0.006749204,0.06162054,-26.133081,2.1130826,0.7043609,0.17600001,0.0,0.13225742,0.2549999,0.2599999,1276800
hardzero_plus_depr__c0p58__z1p00__lam0p005__nu1p00__psi0p50,hardzero_plus_depr,0.07,32,399,0.0,3,0.2710759,0.2774413,0.98481476,0.10355838,0.10355838,1.0,0.00636539,0.061466683,-26.817654,2.1666358,0.72221196,0.18400002,0.0,0.14940685,0.2599999,0.2649999,1280000
hardzero_plus_depr__c0p58__z1p00__lam0p005__nu1p00__psi0p50,hardzero_plus_depr,0.07,32,400,0.0,3,0.2774413,0.28391117,0.9766576,0.10552185,0.10552185,1.0,0.006469883,0.06131321,-26.07609,2.1486897,0.7162299,0.224,0.0,0.1302901,0.2649999,0.2699999,1283200
hardzero_plus_depr__c0p58__z1p00__lam0p005__nu1p00__psi0p50,hardzero_plus_depr,0.07,32,401,0.0,3,0.28391117,0.28391117,1.0040742,0.0,0.09906625,0.0,0.0,0.06116012,-27.023075,2.2090073,0.73633575,0.136,0.008,0.18034923,0.2699999,0.2749999,1286400
hardzero_plus_depr__c0p58__z1p00__lam0p005__nu1p00__psi0p50,hardzero_plus_depr,0.07,32,402,0.0,3,0.28391117,0.29036772,0.9753812,0.105832435,0.105832435,1.0,0.0064565632,0.061007414,-26.797903,2.1458814,0.7152938,0.16000001,0.0,0.156287,0.2749999,0.27999988,1289600
hardzero_plus_depr__c0p58__z1p00__lam0p005__nu1p00__psi0p50,hardzero_plus_depr,0.07,32,403,0.0,3,0.29036772,0.2966861,0.9836906,0.103826776,0.103826776,1.0,0.006318387,0.060855083,-26.68945,2.1641626,0.72138757,0.08,0.0,0.13565555,0.27999988,0.28499988,1292800
hardzero_plus_depr__c0p58__z1p00__lam0p005__nu1p00__psi0p50,hardzero_plus_depr,0.07,32,404,0.0,3,0.2966861,0.30308154,0.9773418,0.10535573,0.10535573,1.0,0.0063954233,0.060703136,-26.766993,2.150195,0.71673167,0.128,0.0,0.16110308,0.28499988,0.28999987,1296000
hardzero_plus_depr__c0p58__z1p00__lam0p005__nu1p00__psi0p50,hardzero_plus_depr,0.07,32,405,0.0,3,0.30308154,0.3098262,0.9531655,0.111387014,0.111387014,1.0,0.006744658,0.060551565,-26.77934,2.0970058,0.69900197,0.2,0.0,0.14783725,0.28999987,0.29499987,1299200
hardzero_plus_depr__c0p58__z1p00__lam0p005__nu1p00__psi0p50,hardzero_plus_depr,0.07,32,406,0.0,3,0.3098262,0.3163529,0.9663464,0.10805717,0.10805717,1.0,0.006526694,0.060400378,-26.183947,2.1260045,0.7086682,0.17600001,0.0,0.14422219,0.29499987,0.29999986,1302400
hardzero_plus_depr__c0p58__z1p00__lam0p005__nu1p00__psi0p50,hardzero_plus_depr,0.07,32,407,0.0,3,0.3163529,0.3163529,1.0278333,0.0,0.09379219,0.0,0.0,0.06024956,-27.668083,2.2612784,0.7537595,0.096,0.0,0.16470267,0.29999986,0.30499986,1305600
hardzero_plus_depr__c0p58__z1p00__lam0p005__nu1p00__psi0p50,hardzero_plus_depr,0.07,32,408,0.0,3,0.3163529,0.32273892,0.9736387,0.10625792,0.10625792,1.0,0.006386009,0.060099132,-25.941063,2.142048,0.71401596,0.128,0.0,0.12362181,0.30499986,0.30999985,1308800
hardzero_plus_depr__c0p58__z1p00__lam0p005__nu1p00__psi0p50,hardzero_plus_depr,0.07,32,409,0.0,3,0.32273892,0.3288904,0.98880255,0.102611825,0.102611825,1.0,0.006151483,0.059949066,-26.826979,2.175409,0.7251364,0.208,0.0,0.14337295,0.30999985,0.31499985,1312000
hardzero_plus_depr__c0p58__z1p00__lam0p005__nu1p00__psi0p50,hardzero_plus_depr,0.07,32,410,0.0,3,0.3288904,0.3288904,1.0201665,0.0,0.09546264,0.0,0.0,0.059799384,-27.415892,2.2444112,0.7481371,0.16800001,0.0,0.15318869,0.31499985,0.31999984,1315200
hardzero_plus_depr__c0p58__z1p00__lam0p005__nu1p00__psi0p50,hardzero_plus_depr,0.07,32,411,0.0,3,0.3288904,0.3288904,1.0029742,0.0,0.099317506,0.0,0.0,0.059650067,-27.365881,2.2065873,0.7355291,0.18400002,0.0,0.1564605,0.31999984,0.32499984,1318400
hardzero_plus_depr__c0p58__z1p00__lam0p005__nu1p00__psi0p50,hardzero_plus_depr,0.07,32,412,0.0,3,0.3288904,0.335736,0.93911475,0.11504962,0.11504962,1.0,0.006845583,0.059501134,-26.449139,2.0660937,0.68869793,0.18400002,0.0,0.13643356,0.32499984,0.32999983,1321600
hardzero_plus_depr__c0p58__z1p00__lam0p005__nu1p00__psi0p50,hardzero_plus_depr,0.07,32,413,0.0,3,0.335736,0.3420066,0.97613215,0.10564958,0.10564958,1.0,0.006270574,0.059352566,-27.658028,2.1475337,0.7158446,0.14400001,0.0,0.13879731,0.32999983,0.33499983,1324800
hardzero_plus_depr__c0p58__z1p00__lam0p005__nu1p00__psi0p50,hardzero_plus_depr,0.07,32,414,0.0,3,0.3420066,0.3495915,0.8924038,0.1281139,0.1281139,1.0,0.007584903,0.059204374,-25.28503,1.9633275,0.65444255,0.16800001,0.0,0.12885724,0.33499983,0.33999982,1328000
hardzero_plus_depr__c0p58__z1p00__lam0p005__nu1p00__psi0p50,hardzero_plus_depr,0.07,32,415,0.0,3,0.3495915,0.3572764,0.88562936,0.13012797,0.13012797,1.0,0.007684908,0.059056543,-25.748556,1.9484235,0.6494745,0.224,0.0,0.13731463,0.33999982,0.34499982,1331200
hardzero_plus_depr__c0p58__z1p00__lam0p005__nu1p00__psi0p50,hardzero_plus_depr,0.07,32,416,0.0,3,0.3572764,0.3572764,1.0039426,0.0,0.09909628,0.0,0.0,0.05890909,-26.861,2.2087178,0.7362393,0.19999999,0.0,0.1418475,0.34499982,0.34999982,1334400
hardzero_plus_depr__c0p58__z1p00__lam0p005__nu1p00__psi0p50,hardzero_plus_depr,0.07,32,417,0.0,3,0.3572764,0.36432913,0.92073953,0.12002188,0.12002188,1.0,0.007052725,0.058761995,-26.02342,2.0256674,0.6752225,0.24000001,0.0,0.14088577,0.34999982,0.3549998,1337600
hardzero_plus_depr__c0p58__z1p00__lam0p005__nu1p00__psi0p50,hardzero_plus_depr,0.07,32,418,0.0,3,0.36432913,0.3703151,0.9908767,0.10212294,0.10212294,1.0,0.0059859646,0.05861528,-27.452688,2.1799722,0.7266574,0.128,0.0,0.14220752,0.3549998,0.3599998,1340800
hardzero_plus_depr__c0p58__z1p00__lam0p005__nu1p00__psi0p50,hardzero_plus_depr,0.07,32,419,0.0,3,0.3703151,0.37714347,0.9326082,0.11678627,0.11678627,1.0,0.0068283672,0.05846892,-26.086107,2.051779,0.68392634,0.17600001,0.0,0.14815076,0.3599998,0.3649998,1344000
hardzero_plus_depr__c0p58__z1p00__lam0p005__nu1p00__psi0p50,hardzero_plus_depr,0.07,32,420,0.0,3,0.37714347,0.3838327,0.9404646,0.11469258,0.11469258,1.0,0.0066892076,0.05832293,-25.957838,2.0690634,0.68968785,0.224,0.0,0.13731223,0.3649998,0.3699998,1347200
hardzero_plus_depr__c0p58__z1p00__lam0p005__nu1p00__psi0p50,hardzero_plus_depr,0.07,32,421,0.0,3,0.3838327,0.39016527,0.9631739,0.10884941,0.10884941,1.0,0.0063325656,0.058177304,-26.934711,2.119025,0.7063417,0.16000001,0.0,0.15961803,0.3699998,0.3749998,1350400
hardzero_plus_depr__c0p58__z1p00__lam0p005__nu1p00__psi0p50,hardzero_plus_depr,0.07,32,422,0.0,3,0.39016527,0.39679977,0.941859,0.11432495,0.11432495,1.0,0.0066345106,0.058032043,-26.439114,2.0721312,0.6907104,0.136,0.0,0.14565285,0.3749998,0.3799998,1353600
hardzero_plus_depr__c0p58__z1p00__lam0p005__nu1p00__psi0p50,hardzero_plus_depr,0.07,32,423,0.0,3,0.39679977,0.40343082,0.9409994,0.114551455,0.114551455,1.0,0.006631057,0.057887144,-26.096176,2.07024,0.69008005,0.17600001,0.0,0.12170831,0.3799998,0.38499978,1356800
hardzero_plus_depr__c0p58__z1p00__lam0p005__nu1p00__psi0p50,hardzero_plus_depr,0.07,32,424,0.0,3,0.40343082,0.40343082,1.0123285,0.0,0.09720116,0.0,0.0,0.05774261,-26.637142,2.2271671,0.7423891,0.128,0.0,0.13740534,0.38499978,0.38999978,1360000
hardzero_plus_depr__c0p58__z1p00__lam0p005__nu1p00__psi0p50,hardzero_plus_depr,0.07,32,425,0.0,3,0.40343082,0.4096143,0.96917903,0.10735468,0.10735468,1.0,0.0061834613,0.057598434,-25.857197,2.1322365,0.7107455,0.18400002,0.0,0.13032462,0.38999978,0.39499977,1363200
hardzero_plus_depr__c0p58__z1p00__lam0p005__nu1p00__psi0p50,hardzero_plus_depr,0.07,32,426,0.0,3,0.4096143,0.4158298,0.96584713,0.10818148,0.10818148,1.0,0.006215526,0.05745462,-26.279955,2.124906,0.708302,0.272,0.0,0.13542217,0.39499977,0.39999977,1366400
hardzero_plus_depr__c0p58__z1p00__lam0p005__nu1p00__psi0p50,hardzero_plus_depr,0.07,32,427,0.0,3,0.4158298,0.4158298,1.0163237,0.0,0.09631109,0.0,0.0,0.057311162,-27.104252,2.2359567,0.7453189,0.15200001,0.0,0.14604475,0.39999977,0.40499976,1369600
hardzero_plus_depr__c0p58__z1p00__lam0p005__nu1p00__psi0p50,hardzero_plus_depr,0.07,32,428,0.0,3,0.4158298,0.42155606,0.9992834,0.10016514,0.10016514,1.0,0.0057262466,0.05716806,-27.397736,2.1984673,0.7328224,0.128,0.0,0.17193528,0.40499976,0.40999976,1372800
hardzero_plus_depr__c0p58__z1p00__lam0p005__nu1p00__psi0p50,hardzero_plus_depr,0.07,32,429,0.0,3,0.42155606,0.42812043,0.9388746,0.11511326,0.11511326,1.0,0.0065643704,0.05702532,-25.990473,2.0655653,0.6885218,0.22,0.0,0.12845765,0.40999976,0.41499975,1376000
hardzero_plus_depr__c0p58__z1p00__lam0p005__nu1p00__psi0p50,hardzero_plus_depr,0.07,32,430,0.0,3,0.42812043,0.42812043,1.0189904,0.0,0.095721535,0.0,0.0,0.056882937,-27.921818,2.2418237,0.7472746,0.18400002,0.0,0.15258336,0.41499975,0.41999975,1379200
hardzero_plus_depr__c0p58__z1p00__lam0p005__nu1p00__psi0p50,hardzero_plus_depr,0.07,32,431,0.0,3,0.42812043,0.42812043,1.0372338,0.0,0.09178382,0.0,0.0,0.05674091,-28.236473,2.28196,0.7606534,0.16000001,0.0,0.1653849,0.41999975,0.42499974,1382400
hardzero_plus_depr__c0p58__z1p00__lam0p005__nu1p00__psi0p50,hardzero_plus_depr,0.07,32,432,0.0,3,0.42812043,0.43418548,0.96997577,0.1071579,0.1071579,1.0,0.006065055,0.05659923,-26.425224,2.1339893,0.7113298,0.15200001,0.0,0.14515266,0.42499974,0.42999974,1385600
hardzero_plus_depr__c0p58__z1p00__lam0p005__nu1p00__psi0p50,hardzero_plus_depr,0.07,32,433,0.0,3,0.43418548,0.43418548,1.0092306,0.0,0.09789699,0.0,0.0,0.05645791,-27.010012,2.2203517,0.74011725,0.18400002,0.0,0.15493284,0.42999974,0.43499973,1388800
hardzero_plus_depr__c0p58__z1p00__lam0p005__nu1p00__psi0p50,hardzero_plus_depr,0.07,32,434,0.0,3,0.43418548,0.43418548,1.0082766,0.0,0.09811229,0.0,0.0,0.05631694,-26.904322,2.218253,0.7394177,0.23200001,0.0,0.14789224,0.43499973,0.43999973,1392000
hardzero_plus_depr__c0p58__z1p00__lam0p005__nu1p00__psi0p50,hardzero_plus_depr,0.07,32,435,0.0,3,0.43418548,0.43418548,1.0208167,0.0,0.095319845,0.0,0.0,0.056176327,-27.173914,2.2458415,0.74861383,0.14400001,0.0,0.12968823,0.43999973,0.44499972,1395200
hardzero_plus_depr__c0p58__z1p00__lam0p005__nu1p00__psi0p50,hardzero_plus_depr,0.07,32,436,0.0,3,0.43418548,0.44020766,0.9687133,0.107469864,0.107469864,1.0,0.0060221874,0.05603606,-26.105282,2.1312118,0.7104039,0.18400002,0.0,0.14316061,0.44499972,0.44999972,1398400
hardzero_plus_depr__c0p58__z1p00__lam0p005__nu1p00__psi0p50,hardzero_plus_depr,0.07,32,437,0.0,3,0.44020766,0.44020766,1.0195243,0.0,0.09560391,0.0,0.0,0.055896144,-26.976015,2.2429984,0.7476661,0.120000005,0.0,0.16090147,0.44999972,0.45499972,1401600
hardzero_plus_depr__c0p58__z1p00__lam0p005__nu1p00__psi0p50,hardzero_plus_depr,0.07,32,438,0.0,3,0.44020766,0.44020766,1.0349454,0.0,0.09226876,0.0,0.0,0.055756576,-27.859072,2.2769253,0.75897515,0.14400001,0.0,0.1460506,0.45499972,0.4599997,1404800
hardzero_plus_depr__c0p58__z1p00__lam0p005__nu1p00__psi0p50,hardzero_plus_depr,0.07,32,439,0.0,3,0.44020766,0.4458949,0.9903099,0.10225631,0.10225631,1.0,0.0056872265,0.055617362,-26.893305,2.1787252,0.72624177,0.136,0.0,0.13303146,0.4599997,0.4649997,1408000
hardzero_plus_depr__c0p58__z1p00__lam0p005__nu1p00__psi0p50,hardzero_plus_depr,0.07,32,440,0.0,3,0.4458949,0.45158163,0.9892612,0.10250351,0.10250351,1.0,0.00568674,0.05547849,-26.210964,2.176418,0.7254727,0.216,0.0,0.17028292,0.4649997,0.4699997,1411200
hardzero_plus_depr__c0p58__z1p00__lam0p005__nu1p00__psi0p50,hardzero_plus_depr,0.07,32,441,0.0,3,0.45158163,0.45766687,0.9587609,0.109961085,0.109961085,1.0,0.006085243,0.05533997,-25.97165,2.109316,0.7031054,0.136,0.0,0.14054428,0.4699997,0.4749997,1414400
hardzero_plus_depr__c0p58__z1p00__lam0p005__nu1p00__psi0p50,hardzero_plus_depr,0.07,32,442,0.0,3,0.45766687,0.4637325,0.95907694,0.1098811,0.1098811,1.0,0.0060656336,0.05520179,-26.327202,2.1100113,0.70333713,0.17999999,0.0,0.1534373,0.4749997,0.4799997,1417600
hardzero_plus_depr__c0p58__z1p00__lam0p005__nu1p00__psi0p50,hardzero_plus_depr,0.07,32,443,0.0,3,0.4637325,0.46946272,0.9826957,0.10406489,0.10406489,1.0,0.005730225,0.05506396,-27.396523,2.1619737,0.72065794,0.15200001,0.0,0.15039252,0.4799997,0.4849997,1420800
hardzero_plus_depr__c0p58__z1p00__lam0p005__nu1p00__psi0p50,hardzero_plus_depr,0.07,32,444,0.0,3,0.46946272,0.4755988,0.9518906,0.11171446,0.11171446,1.0,0.0061360807,0.05492647,-26.477234,2.094201,0.69806707,0.14400001,0.0,0.14283611,0.4849997,0.48999968,1424000
hardzero_plus_depr__c0p58__z1p00__lam0p005__nu1p00__psi0p50,hardzero_plus_depr,0.07,32,445,0.0,3,0.4755988,0.4814359,0.9724991,0.10653711,0.10653711,1.0,0.005837097,0.054789327,-26.304823,2.1395407,0.71318024,0.128,0.0,0.14183655,0.48999968,0.49499968,1427200
hardzero_plus_depr__c0p58__z1p00__lam0p005__nu1p00__psi0p50,hardzero_plus_depr,0.07,32,446,0.0,3,0.4814359,0.4871845,0.9780473,0.10518472,0.10518472,1.0,0.0057486105,0.054652523,-27.196377,2.151747,0.71724904,0.15200001,0.0,0.14425813,0.49499968,0.49999967,1430400
hardzero_plus_depr__c0p58__z1p00__lam0p005__nu1p00__psi0p50,hardzero_plus_depr,0.07,32,447,0.0,3,0.4871845,0.4930715,0.96662945,0.10798676,0.10798676,1.0,0.005887014,0.05451607,-27.024479,2.1266272,0.7088758,0.18400002,0.0,0.1228176,0.49999967,0.5049997,1433600
hardzero_plus_depr__c0p58__z1p00__lam0p005__nu1p00__psi0p50,hardzero_plus_depr,0.07,32,448,0.0,3,0.4930715,0.49872997,0.9827381,0.10405474,0.10405474,1.0,0.0056584906,0.05437994,-26.791645,2.162067,0.720689,0.224,0.0,0.1654242,0.5049997,0.5099997,1436800
hardzero_plus_depr__c0p58__z1p00__lam0p005__nu1p00__psi0p50,hardzero_plus_depr,0.07,32,449,0.0,3,0.49872997,0.49872997,1.0048277,0.0,0.09889452,0.0,0.0,0.054244164,-27.32672,2.2106652,0.7368884,0.16800001,0.0,0.14734493,0.5099997,0.5149997,1440000
hardzero_plus_depr__c0p58__z1p00__lam0p005__nu1p00__psi0p50,hardzero_plus_depr,0.07,32,450,0.0,3,0.49872997,0.50414777,0.9994459,0.10012765,0.10012765,1.0,0.005417779,0.05410872,-27.609167,2.198825,0.7329416,0.14400001,0.008,0.13955918,0.5149997,0.5199997,1443200
hardzero_plus_depr__c0p58__z1p00__lam0p005__nu1p00__psi0p50,hardzero_plus_depr,0.07,32,451,0.0,3,0.50414777,0.51023996,0.94740766,0.112873584,0.112873584,1.0,0.006092196,0.05397362,-25.989943,2.0843384,0.6947795,0.136,0.0,0.12136412,0.5199997,0.5249997,1446400
hardzero_plus_depr__c0p58__z1p00__lam0p005__nu1p00__psi0p50,hardzero_plus_depr,0.07,32,452,0.0,3,0.51023996,0.51023996,1.0081638,0.0,0.098137766,0.0,0.0,0.053838853,-27.807552,2.2180047,0.73933494,0.18400002,0.0,0.14836109,0.5249997,0.5299997,1449600
hardzero_plus_depr__c0p58__z1p00__lam0p005__nu1p00__psi0p50,hardzero_plus_depr,0.07,32,453,0.0,3,0.51023996,0.5157749,0.98689806,0.103062786,0.103062786,1.0,0.0055349283,0.05370443,-26.886387,2.171219,0.72373974,0.2,0.0,0.13716157,0.5299997,0.53499967,1452800
hardzero_plus_depr__c0p58__z1p00__lam0p005__nu1p00__psi0p50,hardzero_plus_depr,0.07,32,454,0.0,3,0.5157749,0.52121645,0.9932038,0.10157719,0.10157719,1.0,0.0054415236,0.05357033,-26.727894,2.185092,0.728364,0.128,0.0,0.15462554,0.53499967,0.53999966,1456000
hardzero_plus_depr__c0p58__z1p00__lam0p005__nu1p00__psi0p50,hardzero_plus_depr,0.07,32,455,0.0,3,0.52121645,0.5267252,0.98678654,0.10308926,0.10308926,1.0,0.0055087367,0.053436574,-27.125927,2.1709738,0.72365797,0.21,0.0,0.16454089,0.53999966,0.54499966,1459200
hardzero_plus_depr__c0p58__z1p00__lam0p005__nu1p00__psi0p50,hardzero_plus_depr,0.07,32,456,0.0,3,0.5267252,0.5267252,1.0288036,0.0,0.09358287,0.0,0.0,0.05330315,-28.101107,2.2634132,0.75447106,0.14400001,0.0,0.1436313,0.54499966,0.54999965,1462400
hardzero_plus_depr__c0p58__z1p00__lam0p005__nu1p00__psi0p50,hardzero_plus_depr,0.07,32,457,0.0,3,0.5267252,0.5267252,1.0539899,0.0,0.08831005,0.0,0.0,0.05317006,-27.898682,2.318824,0.77294135,0.15200001,0.0,0.13936155,0.54999965,0.55499965,1465600
hardzero_plus_depr__c0p58__z1p00__lam0p005__nu1p00__psi0p50,hardzero_plus_depr,0.07,32,458,0.0,3,0.5267252,0.5267252,1.0202286,0.0,0.09544899,0.0,0.0,0.0530373,-27.397139,2.2445478,0.74818265,0.16800001,0.0,0.1496017,0.55499965,0.55999964,1468800
hardzero_plus_depr__c0p58__z1p00__lam0p005__nu1p00__psi0p50,hardzero_plus_depr,0.07,32,459,0.0,3,0.5267252,0.5320461,0.99751204,0.100574516,0.100574516,1.0,0.0053208815,0.05290487,-28.048214,2.1945703,0.73152345,0.16800001,0.0,0.14720032,0.55999964,0.56499964,1472000
hardzero_plus_depr__c0p58__z1p00__lam0p005__nu1p00__psi0p50,hardzero_plus_depr,0.07,32,460,0.0,3,0.5320461,0.53804123,0.94460857,0.11360341,0.11360341,1.0,0.005995168,0.05277278,-26.135525,2.0781803,0.6927268,0.17600001,0.008,0.155673,0.56499964,0.56999964,1475200
hardzero_plus_depr__c0p58__z1p00__lam0p005__nu1p00__psi0p50,hardzero_plus_depr,0.07,32,461,0.0,3,0.53804123,0.5442846,0.92590684,0.11860232,0.11860232,1.0,0.006243346,0.052641008,-25.721169,2.0370357,0.67901194,0.17600001,0.0,0.12477214,0.56999964,0.57499963,1478400
hardzero_plus_depr__c0p58__z1p00__lam0p005__nu1p00__psi0p50,hardzero_plus_depr,0.07,32,462,0.0,3,0.5442846,0.5442846,1.0201225,0.0,0.09547232,0.0,0.0,0.052509572,-27.264238,2.2443144,0.7481048,0.120000005,0.0,0.1327606,0.57499963,0.5799996,1481600
hardzero_plus_depr__c0p58__z1p00__lam0p005__nu1p00__psi0p50,hardzero_plus_depr,0.07,32,463,0.0,3,0.5442846,0.5496374,0.99056995,0.10219509,0.10219509,1.0,0.0053528217,0.05237846,-26.467367,2.1792974,0.7264325,0.16800001,0.0,0.1550319,0.5799996,0.5849996,1484800
hardzero_plus_depr__c0p58__z1p00__lam0p005__nu1p00__psi0p50,hardzero_plus_depr,0.07,32,464,0.0,3,0.5496374,0.55536723,0.95992535,0.109666675,0.109666675,1.0,0.005729829,0.052247677,-26.161278,2.111878,0.70395935,0.15200001,0.0,0.13062052,0.5849996,0.5899996,1488000
hardzero_plus_depr__c0p58__z1p00__lam0p005__nu1p00__psi0p50,hardzero_plus_depr,0.07,32,465,0.0,3,0.55536723,0.5607189,0.9884924,0.10268512,0.10268512,1.0,0.005351663,0.05211722,-27.411573,2.1747267,0.72490895,0.136,0.0,0.13664035,0.5899996,0.5949996,1491200
hardzero_plus_depr__c0p58__z1p00__lam0p005__nu1p00__psi0p50,hardzero_plus_depr,0.07,32,466,0.0,3,0.5607189,0.5663012,0.96908,0.107379176,0.107379176,1.0,0.005582331,0.051987093,-25.584816,2.1320186,0.71067286,0.24000001,0.0,0.13839765,0.5949996,0.5999996,1494400
hardzero_plus_depr__c0p58__z1p00__lam0p005__nu1p00__psi0p50,hardzero_plus_depr,0.07,32,467,0.0,3,0.5663012,0.571895,0.9671069,0.10786811,0.10786811,1.0,0.0055937474,0.051857285,-26.356798,2.1276777,0.7092259,0.192,0.0,0.13785629,0.5999996,0.6049996,1497600
hardzero_plus_depr__c0p58__z1p00__lam0p005__nu1p00__psi0p50,hardzero_plus_depr,0.07,32,468,0.0,3,0.571895,0.5776648,0.9525653,0.11154103,0.11154103,1.0,0.005769773,0.051727805,-26.957283,2.0956855,0.69856185,0.17,0.0,0.13396317,0.6049996,0.6099996,1500800
hardzero_plus_depr__c0p58__z1p00__lam0p005__nu1p00__psi0p50,hardzero_plus_depr,0.07,32,469,0.0,3,0.5776648,0.5776648,1.0211763,0.0,0.09524093,0.0,0.0,0.05159865,-26.9339,2.2466328,0.74887764,0.112,0.0,0.15040804,0.6099996,0.6149996,1504000
hardzero_plus_depr__c0p58__z1p00__lam0p005__nu1p00__psi0p50,hardzero_plus_depr,0.07,32,470,0.0,3,0.5776648,0.583046,0.9806716,0.10455106,0.10455106,1.0,0.0053812237,0.051469814,-26.343388,2.1575205,0.71917355,0.14400001,0.0,0.12776141,0.6149996,0.6199996,1507200
hardzero_plus_depr__c0p58__z1p00__lam0p005__nu1p00__psi0p50,hardzero_plus_depr,0.07,32,471,1.0,4,0.583046,0.008298156,0.99013215,0.102298155,0.102298155,1.0,0.00525212,0.0513413,-27.122343,2.1783342,0.7261114,0.15200001,0.0,0.14705174,0.6199996,0.0,1510400
hardzero_plus_depr__c0p58__z1p00__lam0p005__nu1p00__psi0p50,hardzero_plus_depr,0.07,32,472,0.0,4,0.008298156,0.008298156,1.0295199,0.0,0.09342864,0.0,0.0,0.07,-27.54988,2.2649891,0.7549964,0.16000001,0.0,0.19287448,0.0,0.005,1513600
hardzero_plus_depr__c0p58__z1p00__lam0p005__nu1p00__psi0p50,hardzero_plus_depr,0.07,32,473,0.0,4,0.008298156,0.01580447,0.9685855,0.107501484,0.107501484,1.0,0.0075063147,0.06982522,-25.364914,2.1309307,0.7103102,0.216,0.0,0.13044466,0.005,0.01,1516800
hardzero_plus_depr__c0p58__z1p00__lam0p005__nu1p00__psi0p50,hardzero_plus_depr,0.07,32,474,0.0,4,0.01580447,0.023236832,0.97179973,0.10670881,0.10670881,1.0,0.0074323616,0.06965087,-27.03215,2.1380022,0.7126674,0.16800001,0.0,0.13507156,0.01,0.015,1520000
hardzero_plus_depr__c0p58__z1p00__lam0p005__nu1p00__psi0p50,hardzero_plus_depr,0.07,32,475,0.0,4,0.023236832,0.03125402,0.93781865,0.11539348,0.11539348,1.0,0.008017189,0.06947696,-25.69987,2.0632422,0.6877474,0.120000005,0.0,0.1237898,0.015,0.02,1523200
hardzero_plus_depr__c0p58__z1p00__lam0p005__nu1p00__psi0p50,hardzero_plus_depr,0.07,32,476,0.0,4,0.03125402,0.038308714,0.9922769,0.10179421,0.10179421,1.0,0.0070546945,0.06930349,-27.929365,2.1830528,0.72768426,0.14400001,0.0,0.1565536,0.02,0.024999999,1526400
hardzero_plus_depr__c0p58__z1p00__lam0p005__nu1p00__psi0p50,hardzero_plus_depr,0.07,32,477,0.0,4,0.038308714,0.045522213,0.9815233,0.1043462,0.1043462,1.0,0.007213499,0.06913044,-26.838337,2.1593943,0.7197981,0.16800001,0.0,0.14552282,0.024999999,0.029999997,1529600
hardzero_plus_depr__c0p58__z1p00__lam0p005__nu1p00__psi0p50,hardzero_plus_depr,0.07,32,478,0.0,4,0.045522213,0.05294061,0.9682734,0.10757876,0.10757876,1.0,0.0074183987,0.068957835,-26.541376,2.130244,0.71008134,0.120000005,0.0,0.14516039,0.029999997,0.034999996,1532800
hardzero_plus_depr__c0p58__z1p00__lam0p005__nu1p00__psi0p50,hardzero_plus_depr,0.07,32,479,0.0,4,0.05294061,0.059992813,0.9891732,0.10252431,0.10252431,1.0,0.007052202,0.06878565,-27.652834,2.1762245,0.7254082,0.128,0.0,0.14526634,0.034999996,0.039999995,1536000
hardzero_plus_depr__c0p58__z1p00__lam0p005__nu1p00__psi0p50,hardzero_plus_depr,0.07,32,480,0.0,4,0.059992813,0.067494914,0.961229,0.109337956,0.109337956,1.0,0.0075021046,0.06861391,-26.519512,2.114746,0.7049154,0.216,0.0,0.15070881,0.039999995,0.044999994,1539200
hardzero_plus_depr__c0p58__z1p00__lam0p005__nu1p00__psi0p50,hardzero_plus_depr,0.07,32,481,0.0,4,0.067494914,0.074935585,0.9637142,0.10871408,0.10871408,1.0,0.0074406727,0.06844258,-26.531826,2.1202135,0.7067379,0.17,0.0,0.13974795,0.044999994,0.049999993,1542400
hardzero_plus_depr__c0p58__z1p00__lam0p005__nu1p00__psi0p50,hardzero_plus_depr,0.07,32,482,0.0,4,0.074935585,0.08255863,0.95211196,0.11165753,0.11165753,1.0,0.007623049,0.0682717,-25.844292,2.0946882,0.69822943,0.16800001,0.0,0.14893599,0.049999993,0.054999992,1545600
hardzero_plus_depr__c0p58__z1p00__lam0p005__nu1p00__psi0p50,hardzero_plus_depr,0.07,32,483,0.0,4,0.08255863,0.09024485,0.9474421,0.11286462,0.11286462,1.0,0.007686219,0.06810123,-25.815735,2.0844142,0.6948048,0.216,0.0,0.13346672,0.054999992,0.05999999,1548800
hardzero_plus_depr__c0p58__z1p00__lam0p005__nu1p00__psi0p50,hardzero_plus_depr,0.07,32,484,0.0,4,0.09024485,0.09768119,0.9607103,0.10946864,0.10946864,1.0,0.007436335,0.06793119,-26.376766,2.1136048,0.70453495,0.15200001,0.0,0.16501804,0.05999999,0.06499999,1552000
hardzero_plus_depr__c0p58__z1p00__lam0p005__nu1p00__psi0p50,hardzero_plus_depr,0.07,32,485,0.0,4,0.09768119,0.10450485,0.99696565,0.10070113,0.10070113,1.0,0.006823667,0.06776157,-27.098364,2.1933682,0.73112273,0.18400002,0.0,0.15288532,0.06499999,0.06999999,1555200
hardzero_plus_depr__c0p58__z1p00__lam0p005__nu1p00__psi0p50,hardzero_plus_depr,0.07,32,486,0.0,4,0.10450485,0.11178028,0.96803933,0.10763677,0.10763677,1.0,0.007275426,0.06759238,-26.066221,2.129729,0.7099097,0.16000001,0.008,0.1334385,0.06999999,0.074999996,1558400
hardzero_plus_depr__c0p58__z1p00__lam0p005__nu1p00__psi0p50,hardzero_plus_depr,0.07,32,487,0.0,4,0.11178028,0.11902026,0.9690745,0.10738053,0.10738053,1.0,0.0072399834,0.06742361,-26.748302,2.1320064,0.7106688,0.128,0.0,0.11816399,0.074999996,0.08,1561600
hardzero_plus_depr__c0p58__z1p00__lam0p005__nu1p00__psi0p50,hardzero_plus_depr,0.07,32,488,0.0,4,0.11902026,0.12626685,0.9675923,0.10774761,0.10774761,1.0,0.007246594,0.067255266,-26.61786,2.1287456,0.70958185,0.15200001,0.0,0.13180685,0.08,0.085,1564800
hardzero_plus_depr__c0p58__z1p00__lam0p005__nu1p00__psi0p50,hardzero_plus_depr,0.07,32,489,0.0,4,0.12626685,0.13377729,0.9509752,0.11195018,0.11195018,1.0,0.0075104386,0.06708733,-25.436157,2.0921872,0.69739574,0.16000001,0.0,0.13574165,0.085,0.09,1568000
hardzero_plus_depr__c0p58__z1p00__lam0p005__nu1p00__psi0p50,hardzero_plus_depr,0.07,32,490,0.0,4,0.13377729,0.14179589,0.92145616,0.11982401,0.11982401,1.0,0.008018602,0.066919826,-26.00388,2.027244,0.67574805,0.28800002,0.0,0.14484593,0.09,0.095000006,1571200
hardzero_plus_depr__c0p58__z1p00__lam0p005__nu1p00__psi0p50,hardzero_plus_depr,0.07,32,491,0.0,4,0.14179589,0.1491225,0.95956546,0.10975757,0.10975757,1.0,0.007326618,0.06675273,-26.89366,2.1110861,0.7036954,0.18400002,0.0,0.14329758,0.095000006,0.10000001,1574400
hardzero_plus_depr__c0p58__z1p00__lam0p005__nu1p00__psi0p50,hardzero_plus_depr,0.07,32,492,0.0,4,0.1491225,0.1491225,1.012079,0.0,0.097257026,0.0,0.0,0.06658606,-27.514084,2.2266183,0.7422061,0.2,0.0,0.15698934,0.10000001,0.10500001,1577600
hardzero_plus_depr__c0p58__z1p00__lam0p005__nu1p00__psi0p50,hardzero_plus_depr,0.07,32,493,0.0,4,0.1491225,0.15650176,0.954285,0.11110022,0.11110022,1.0,0.007379255,0.0664198,-26.501017,2.099469,0.699823,0.2,0.0,0.14967495,0.10500001,0.110000014,1580800
hardzero_plus_depr__c0p58__z1p00__lam0p005__nu1p00__psi0p50,hardzero_plus_depr,0.07,32,494,0.0,4,0.15650176,0.1632558,0.9916484,0.10194164,0.10194164,1.0,0.006754037,0.06625396,-26.977148,2.18167,0.72722334,0.14999999,0.0,0.16609652,0.110000014,0.11500002,1584000
hardzero_plus_depr__c0p58__z1p00__lam0p005__nu1p00__psi0p50,hardzero_plus_depr,0.07,32,495,0.0,4,0.1632558,0.16995338,0.99420774,0.10134264,0.10134264,1.0,0.0066975867,0.066088535,-26.956482,2.1873007,0.7291002,0.16000001,0.0,0.15802753,0.11500002,0.12000002,1587200
hardzero_plus_depr__c0p58__z1p00__lam0p005__nu1p00__psi0p50,hardzero_plus_depr,0.07,32,496,0.0,4,0.16995338,0.17772898,0.9283059,0.11794895,0.11794895,1.0,0.00777561,0.06592352,-26.66788,2.0423138,0.6807713,0.17600001,0.0,0.14516303,0.12000002,0.12500001,1590400
hardzero_plus_depr__c0p58__z1p00__lam0p005__nu1p00__psi0p50,hardzero_plus_depr,0.07,32,497,0.0,4,0.17772898,0.1854596,0.9297402,0.11756006,0.11756006,1.0,0.007730622,0.065758914,-26.042019,2.0454693,0.68182313,0.216,0.0,0.13118142,0.12500001,0.13000001,1593600
hardzero_plus_depr__c0p58__z1p00__lam0p005__nu1p00__psi0p50,hardzero_plus_depr,0.07,32,498,0.0,4,0.1854596,0.1854596,1.0240676,0.0,0.09460897,0.0,0.0,0.06559472,-27.346193,2.2529938,0.75099796,0.15200001,0.0,0.16292438,0.13000001,0.135,1596800
hardzero_plus_depr__c0p58__z1p00__lam0p005__nu1p00__psi0p50,hardzero_plus_depr,0.07,32,499,0.0,4,0.1854596,0.19318427,0.92790323,0.11805837,0.11805837,1.0,0.0077246698,0.06543094,-25.56804,2.0414279,0.68047595,0.2,0.0,0.14791937,0.135,0.14,1600000
hardzero_plus_depr__c0p58__z1p00__lam0p005__nu1p00__psi0p50,hardzero_plus_depr,0.07,32,500,0.0,4,0.19318427,0.19318427,1.0044619,0.0,0.098977864,0.0,0.0,0.06526757,-27.013762,2.2098603,0.7366201,0.18400002,0.0,0.16498144,0.14,0.145,1603200
hardzero_plus_depr__c0p58__z1p00__lam0p005__nu1p00__psi0p50,hardzero_plus_depr,0.07,32,501,0.0,4,0.19318427,0.20010293,0.97359,0.10626983,0.10626983,1.0,0.0069186552,0.065104604,-26.91679,2.1419408,0.7139803,0.15200001,0.0,0.1742236,0.145,0.14999999,1606400
hardzero_plus_depr__c0p58__z1p00__lam0p005__nu1p00__psi0p50,hardzero_plus_depr,0.07,32,502,0.0,4,0.20010293,0.20696615,0.975998,0.105682224,0.105682224,1.0,0.00686322,0.06494205,-27.409735,2.1472385,0.71574616,0.18400002,0.0,0.14881824,0.14999999,0.15499999,1609600
hardzero_plus_depr__c0p58__z1p00__lam0p005__nu1p00__psi0p50,hardzero_plus_depr,0.07,32,503,0.0,4,0.20696615,0.20696615,1.0260379,0.0,0.09418072,0.0,0.0,0.06477989,-27.983795,2.2573285,0.75244284,0.16800001,0.0,0.14648159,0.15499999,0.15999998,1612800
hardzero_plus_depr__c0p58__z1p00__lam0p005__nu1p00__psi0p50,hardzero_plus_depr,0.07,32,504,0.0,4,0.20696615,0.21409431,0.9573768,0.11031211,0.11031211,1.0,0.007128164,0.06461815,-26.50931,2.106271,0.7020904,0.24800001,0.0,0.1534479,0.15999998,0.16499998,1616000
hardzero_plus_depr__c0p58__z1p00__lam0p005__nu1p00__psi0p50,hardzero_plus_depr,0.07,32,505,0.0,4,0.21409431,0.22091024,0.97574353,0.10574418,0.10574418,1.0,0.0068159313,0.0644568,-26.255928,2.1466787,0.7155596,0.16800001,0.0,0.14907074,0.16499998,0.16999997,1619200
hardzero_plus_depr__c0p58__z1p00__lam0p005__nu1p00__psi0p50,hardzero_plus_depr,0.07,32,506,0.0,4,0.22091024,0.22839218,0.93416864,0.1163674,0.1163674,1.0,0.007481943,0.064295866,-25.911633,2.055212,0.6850707,0.256,0.0,0.1557385,0.16999997,0.17499997,1622400
hardzero_plus_depr__c0p58__z1p00__lam0p005__nu1p00__psi0p50,hardzero_plus_depr,0.07,32,507,0.0,4,0.22839218,0.23593,0.9298521,0.117529765,0.117529765,1.0,0.007537809,0.06413532,-26.382656,2.0457156,0.6819052,0.16,0.0,0.14148214,0.17499997,0.17999996,1625600
hardzero_plus_depr__c0p58__z1p00__lam0p005__nu1p00__psi0p50,hardzero_plus_depr,0.07,32,508,0.0,4,0.23593,0.24270804,0.97490674,0.10594811,0.10594811,1.0,0.00677805,0.063975185,-26.736847,2.1448376,0.7149459,0.216,0.0,0.17679758,0.17999996,0.18499996,1628800
hardzero_plus_depr__c0p58__z1p00__lam0p005__nu1p00__psi0p50,hardzero_plus_depr,0.07,32,509,0.0,4,0.24270804,0.24933058,0.98390174,0.10377632,0.10377632,1.0,0.006622532,0.063815445,-27.710373,2.164627,0.72154236,0.17600001,0.0,0.13890027,0.18499996,0.18999995,1632000
hardzero_plus_depr__c0p58__z1p00__lam0p005__nu1p00__psi0p50,hardzero_plus_depr,0.07,32,510,0.0,4,0.24933058,0.2568564,0.927286,0.11822626,0.11822626,1.0,0.0075258235,0.06365611,-25.178764,2.04007,0.6800234,0.17600001,0.0,0.13519497,0.18999995,0.19499995,1635200
hardzero_plus_depr__c0p58__z1p00__lam0p005__nu1p00__psi0p50,hardzero_plus_depr,0.07,32,511,0.0,4,0.2568564,0.26383036,0.9592758,0.10983081,0.10983081,1.0,0.006973945,0.06349716,-26.490927,2.1104488,0.703483,0.216,0.0,0.13079676,0.19499995,0.19999994,1638400
hardzero_plus_depr__c0p58__z1p00__lam0p005__nu1p00__psi0p50,hardzero_plus_depr,0.07,32,512,0.0,4,0.26383036,0.26383036,1.0000904,0.0,0.09997919,0.0,0.0,0.06333862,-27.197714,2.2002428,0.7334143,0.136,0.0,0.1646074,0.19999994,0.20499994,1641600
hardzero_plus_depr__c0p58__z1p00__lam0p005__nu1p00__psi0p50,hardzero_plus_depr,0.07,32,513,0.0,4,0.26383036,0.27131876,0.92619425,0.11852385,0.11852385,1.0,0.0074883923,0.06318047,-25.778154,2.037668,0.6792227,0.208,0.0,0.124970526,0.20499994,0.20999993,1644800
hardzero_plus_depr__c0p58__z1p00__lam0p005__nu1p00__psi0p50,hardzero_plus_depr,0.07,32,514,0.0,4,0.27131876,0.27777427,0.9895656,0.10243171,0.10243171,1.0,0.0064555244,0.06302272,-27.006594,2.1770878,0.72569597,0.17600001,0.0,0.13196939,0.20999993,0.21499993,1648000
hardzero_plus_depr__c0p58__z1p00__lam0p005__nu1p00__psi0p50,hardzero_plus_depr,0.07,32,515,0.0,4,0.27777427,0.2847648,0.95390224,0.11119819,0.11119819,1.0,0.0069905133,0.062865354,-26.82403,2.0986269,0.6995423,0.216,0.0,0.16699563,0.21499993,0.21999992,1651200
hardzero_plus_depr__c0p58__z1p00__lam0p005__nu1p00__psi0p50,hardzero_plus_depr,0.07,32,516,0.0,4,0.2847648,0.29180312,0.94985634,0.11223897,0.11223897,1.0,0.0070383255,0.06270839,-26.340961,2.0897257,0.6965753,0.192,0.0,0.14111972,0.21999992,0.22499992,1654400
hardzero_plus_depr__c0p58__z1p00__lam0p005__nu1p00__psi0p50,hardzero_plus_depr,0.07,32,517,0.0,4,0.29180312,0.29950476,0.9096573,0.12312398,0.12312398,1.0,0.007701629,0.06255182,-26.582169,2.001286,0.66709536,0.15200001,0.0,0.14218536,0.22499992,0.22999991,1657600
hardzero_plus_depr__c0p58__z1p00__lam0p005__nu1p00__psi0p50,hardzero_plus_depr,0.07,32,518,0.0,4,0.29950476,0.29950476,1.0132957,0.0,0.096984945,0.0,0.0,0.062395632,-27.125357,2.229295,0.7430984,0.136,0.0,0.15141582,0.22999991,0.23499991,1660800
hardzero_plus_depr__c0p58__z1p00__lam0p005__nu1p00__psi0p50,hardzero_plus_depr,0.07,32,519,0.0,4,0.29950476,0.30688223,0.9261613,0.11853284,0.11853284,1.0,0.0073774643,0.062239837,-25.723679,2.0375955,0.6791985,0.2,0.0,0.14130221,0.23499991,0.2399999,1664000
hardzero_plus_depr__c0p58__z1p00__lam0p005__nu1p00__psi0p50,hardzero_plus_depr,0.07,32,520,0.0,4,0.30688223,0.31356767,0.9678523,0.10768313,0.10768313,1.0,0.006685446,0.062084433,-26.338156,2.1293175,0.7097725,0.22999999,0.0,0.13162975,0.2399999,0.2449999,1667200
hardzero_plus_depr__c0p58__z1p00__lam0p005__nu1p00__psi0p50,hardzero_plus_depr,0.07,32,521,0.0,4,0.31356767,0.3210724,0.9165625,0.12118183,0.12118183,1.0,0.00750472,0.061929412,-25.62656,2.0164778,0.6721593,0.15200001,0.0,0.13377786,0.2449999,0.2499999,1670400
hardzero_plus_depr__c0p58__z1p00__lam0p005__nu1p00__psi0p50,hardzero_plus_depr,0.07,32,522,0.0,4,0.3210724,0.3273978,0.98972285,0.10239462,0.10239462,1.0,0.0063254056,0.061774787,-26.983418,2.1774337,0.72581124,0.15200001,0.0,0.14166726,0.2499999,0.2549999,1673600
hardzero_plus_depr__c0p58__z1p00__lam0p005__nu1p00__psi0p50,hardzero_plus_depr,0.07,32,523,0.0,4,0.3273978,0.3273978,1.015461,0.0,0.0965026,0.0,0.0,0.06162054,-27.708948,2.2340589,0.7446863,0.136,0.0,0.14447024,0.2549999,0.2599999,1676800
hardzero_plus_depr__c0p58__z1p00__lam0p005__nu1p00__psi0p50,hardzero_plus_depr,0.07,32,524,0.0,4,0.3273978,0.33430383,0.94941175,0.11235391,0.11235391,1.0,0.0069060223,0.061466683,-26.719244,2.0887475,0.6962492,0.256,0.0,0.13995479,0.2599999,0.2649999,1680000
hardzero_plus_depr__c0p58__z1p00__lam0p005__nu1p00__psi0p50,hardzero_plus_depr,0.07,32,525,0.0,4,0.33430383,0.34115317,0.95190555,0.11171062,0.11171062,1.0,0.006849337,0.06131321,-25.237762,2.094234,0.69807804,0.208,0.0,0.15246095,0.2649999,0.2699999,1683200
hardzero_plus_depr__c0p58__z1p00__lam0p005__nu1p00__psi0p50,hardzero_plus_depr,0.07,32,526,0.0,4,0.34115317,0.34774584,0.96740794,0.107793376,0.107793376,1.0,0.006592656,0.06116012,-26.844934,2.12834,0.70944667,0.14400001,0.0,0.16121967,0.2699999,0.2749999,1686400
hardzero_plus_depr__c0p58__z1p00__lam0p005__nu1p00__psi0p50,hardzero_plus_depr,0.07,32,527,0.0,4,0.34774584,0.35513848,0.91658217,0.12117634,0.12117634,1.0,0.007392655,0.061007414,-25.918552,2.016521,0.6721737,0.216,0.008,0.121736914,0.2749999,0.27999988,1689600
hardzero_plus_depr__c0p58__z1p00__lam0p005__nu1p00__psi0p50,hardzero_plus_depr,0.07,32,528,0.0,4,0.35513848,0.3617857,0.9616557,0.10923061,0.10923061,1.0,0.0066472376,0.060855083,-27.206396,2.1156847,0.70522827,0.23200001,0.0,0.15173107,0.27999988,0.28499988,1692800
hardzero_plus_depr__c0p58__z1p00__lam0p005__nu1p00__psi0p50,hardzero_plus_depr,0.07,32,529,0.0,4,0.3617857,0.36852634,0.95450985,0.11104273,0.11104273,1.0,0.006740642,0.060703136,-24.756168,2.0999637,0.6999879,0.15200001,0.0,0.14151943,0.28499988,0.28999987,1696000
hardzero_plus_depr__c0p58__z1p00__lam0p005__nu1p00__psi0p50,hardzero_plus_depr,0.07,32,530,0.0,4,0.36852634,0.37565747,0.928967,0.11776953,0.11776953,1.0,0.0071311295,0.060551565,-26.946115,2.0437682,0.68125606,0.16000001,0.0,0.15983427,0.28999987,0.29499987,1699200
hardzero_plus_depr__c0p58__z1p00__lam0p005__nu1p00__psi0p50,hardzero_plus_depr,0.07,32,531,0.0,4,0.37565747,0.3824085,0.95166916,0.11177144,0.11177144,1.0,0.006751037,0.060400378,-26.046576,2.093714,0.6979047,0.136,0.0,0.16011976,0.29499987,0.29999986,1702400
hardzero_plus_depr__c0p58__z1p00__lam0p005__nu1p00__psi0p50,hardzero_plus_depr,0.07,32,532,0.0,4,0.3824085,0.38975567,0.91383356,0.12194567,0.12194567,1.0,0.007347173,0.06024956,-25.812607,2.010474,0.670158,0.24800001,0.0,0.15347913,0.29999986,0.30499986,1705600
hardzero_plus_depr__c0p58__z1p00__lam0p005__nu1p00__psi0p50,hardzero_plus_depr,0.07,32,533,0.0,4,0.38975567,0.3960793,0.977901,0.105220184,0.105220184,1.0,0.0063236416,0.060099132,-26.67689,2.1514251,0.71714175,0.21,0.0,0.13895519,0.30499986,0.30999985,1708800
hardzero_plus_depr__c0p58__z1p00__lam0p005__nu1p00__psi0p50,hardzero_plus_depr,0.07,32,534,0.0,4,0.3960793,0.40224466,0.9878242,0.10284326,0.10284326,1.0,0.006165358,0.059949066,-26.71493,2.1732566,0.7244189,0.14400001,0.0,0.13936011,0.30999985,0.31499985,1712000
hardzero_plus_depr__c0p58__z1p00__lam0p005__nu1p00__psi0p50,hardzero_plus_depr,0.07,32,535,0.0,4,0.40224466,0.4082983,0.99467814,0.10123294,0.10123294,1.0,0.0060536675,0.059799384,-26.391518,2.1883357,0.7294452,0.256,0.008,0.1415022,0.31499985,0.31999984,1715200
hardzero_plus_depr__c0p58__z1p00__lam0p005__nu1p00__psi0p50,hardzero_plus_depr,0.07,32,536,0.0,4,0.4082983,0.41527724,0.93182296,0.11699761,0.11699761,1.0,0.006978915,0.059650067,-25.991371,2.0500515,0.6833505,0.224,0.0,0.12919842,0.31999984,0.32499984,1718400
hardzero_plus_depr__c0p58__z1p00__lam0p005__nu1p00__psi0p50,hardzero_plus_depr,0.07,32,537,0.0,4,0.41527724,0.42205673,0.9433277,0.113938965,0.113938965,1.0,0.0067794975,0.059501134,-25.640947,2.0753624,0.6917875,0.15200001,0.0,0.14481848,0.32499984,0.32999983,1721600
hardzero_plus_depr__c0p58__z1p00__lam0p005__nu1p00__psi0p50,hardzero_plus_depr,0.07,32,538,0.0,4,0.42205673,0.42861742,0.9564899,0.11053761,0.11053761,1.0,0.0065606907,0.059352566,-26.584494,2.1043198,0.70144,0.24000001,0.0,0.13899681,0.32999983,0.33499983,1724800
hardzero_plus_depr__c0p58__z1p00__lam0p005__nu1p00__psi0p50,hardzero_plus_depr,0.07,32,539,0.0,4,0.42861742,0.43516228,0.9564543,0.11054667,0.11054667,1.0,0.0065448466,0.059204374,-26.070162,2.1042414,0.7014138,0.17600001,0.0,0.12664057,0.33499983,0.33999982,1728000
hardzero_plus_depr__c0p58__z1p00__lam0p005__nu1p00__psi0p50,hardzero_plus_depr,0.07,32,540,0.0,4,0.43516228,0.44166893,0.95791066,0.110176586,0.110176586,1.0,0.0065066484,0.059056543,-26.318077,2.1074455,0.70248187,0.17600001,0.0,0.13391602,0.33999982,0.34499982,1731200
hardzero_plus_depr__c0p58__z1p00__lam0p005__nu1p00__psi0p50,hardzero_plus_depr,0.07,32,541,0.0,4,0.44166893,0.44898614,0.9058371,0.1242118,0.1242118,1.0,0.007317204,0.05890909,-24.571775,1.9928814,0.6642938,0.216,0.0,0.14162177,0.34499982,0.34999982,1734400
hardzero_plus_depr__c0p58__z1p00__lam0p005__nu1p00__psi0p50,hardzero_plus_depr,0.07,32,542,0.0,4,0.44898614,0.45557332,0.9503979,0.11209908,0.11209908,1.0,0.006587166,0.058761995,-26.237154,2.090917,0.69697237,0.24000001,0.0,0.14402261,0.34999982,0.3549998,1737600
hardzero_plus_depr__c0p58__z1p00__lam0p005__nu1p00__psi0p50,hardzero_plus_depr,0.07,32,543,0.0,4,0.45557332,0.46223018,0.9447426,0.11356838,0.11356838,1.0,0.0066568423,0.05861528,-25.93471,2.0784752,0.6928251,0.2,0.0,0.12786709,0.3549998,0.3599998,1740800
hardzero_plus_depr__c0p58__z1p00__lam0p005__nu1p00__psi0p50,hardzero_plus_depr,0.07,32,544,0.0,4,0.46223018,0.46887606,0.94437253,0.11366519,0.11366519,1.0,0.006645881,0.05846892,-25.87461,2.077661,0.6925537,0.128,0.0,0.13490485,0.3599998,0.3649998,1744000
hardzero_plus_depr__c0p58__z1p00__lam0p005__nu1p00__psi0p50,hardzero_plus_depr,0.07,32,545,0.0,4,0.46887606,0.4749043,0.9856499,0.10335944,0.10335944,1.0,0.006028225,0.05832293,-27.15056,2.168473,0.72282434,0.14400001,0.0,0.15326276,0.3649998,0.3699998,1747200
hardzero_plus_depr__c0p58__z1p00__lam0p005__nu1p00__psi0p50,hardzero_plus_depr,0.07,32,546,0.0,4,0.4749043,0.4749043,1.0225668,0.0,0.0949365,0.0,0.0,0.058177304,-26.919699,2.249692,0.74989736,0.17999999,0.0,0.12279875,0.3699998,0.3749998,1750400
hardzero_plus_depr__c0p58__z1p00__lam0p005__nu1p00__psi0p50,hardzero_plus_depr,0.07,32,547,0.0,4,0.4749043,0.48091543,0.98471117,0.10358309,0.10358309,1.0,0.006011138,0.058032043,-27.296755,2.1664078,0.72213596,0.16000001,0.0,0.14509849,0.3749998,0.3799998,1753600
hardzero_plus_depr__c0p58__z1p00__lam0p005__nu1p00__psi0p50,hardzero_plus_depr,0.07,32,548,0.0,4,0.48091543,0.4867779,0.99450034,0.101274386,0.101274386,1.0,0.005862485,0.057887144,-26.529352,2.1879444,0.7293148,0.192,0.0,0.16410118,0.3799998,0.38499978,1756800
hardzero_plus_depr__c0p58__z1p00__lam0p005__nu1p00__psi0p50,hardzero_plus_depr,0.07,32,549,0.0,4,0.4867779,0.4932042,0.95353574,0.11129209,0.11129209,1.0,0.0064262957,0.05774261,-25.883894,2.0978205,0.6992735,0.18400002,0.008,0.1304966,0.38499978,0.38999978,1760000
hardzero_plus_depr__c0p58__z1p00__lam0p005__nu1p00__psi0p50,hardzero_plus_depr,0.07,32,550,0.0,4,0.4932042,0.49930564,0.9749795,0.10593036,0.10593036,1.0,0.006101423,0.057598434,-28.244902,2.1449978,0.7149993,0.16800001,0.0,0.1456414,0.38999978,0.39499977,1763200
hardzero_plus_depr__c0p58__z1p00__lam0p005__nu1p00__psi0p50,hardzero_plus_depr,0.07,32,551,0.0,4,0.49930564,0.50508887,0.997153,0.1006577,0.1006577,1.0,0.00578325,0.05745462,-27.83025,2.1937804,0.7312602,0.16000001,0.0,0.15404186,0.39499977,0.39999977,1766400
hardzero_plus_depr__c0p58__z1p00__lam0p005__nu1p00__psi0p50,hardzero_plus_depr,0.07,32,552,0.0,4,0.50508887,0.50508887,1.0014187,0.0,0.099673845,0.0,0.0,0.057311162,-27.10595,2.203165,0.73438835,0.16800001,0.0,0.17961569,0.39999977,0.40499976,1769600
hardzero_plus_depr__c0p58__z1p00__lam0p005__nu1p00__psi0p50,hardzero_plus_depr,0.07,32,553,0.0,4,0.50508887,0.5111172,0.9769539,0.10544988,0.10544988,1.0,0.006028365,0.05716806,-26.730099,2.1493416,0.71644723,0.120000005,0.0,0.14888607,0.40499976,0.40999976,1772800
hardzero_plus_depr__c0p58__z1p00__lam0p005__nu1p00__psi0p50,hardzero_plus_depr,0.07,32,554,0.0,4,0.5111172,0.5172868,0.96581393,0.10818973,0.10818973,1.0,0.0061695543,0.05702532,-26.442638,2.124833,0.7082777,0.16000001,0.0,0.14045294,0.40999976,0.41499975,1776000
hardzero_plus_depr__c0p58__z1p00__lam0p005__nu1p00__psi0p50,hardzero_plus_depr,0.07,32,555,0.0,4,0.5172868,0.5236989,0.9479791,0.11272518,0.11272518,1.0,0.0064121396,0.056882937,-26.336805,2.0855956,0.69519854,0.18400002,0.0,0.12751871,0.41499975,0.41999975,1779200
hardzero_plus_depr__c0p58__z1p00__lam0p005__nu1p00__psi0p50,hardzero_plus_depr,0.07,32,556,0.0,4,0.5236989,0.5299934,0.9549345,0.110934205,0.110934205,1.0,0.0062945075,0.05674091,-26.3774,2.1008978,0.70029926,0.192,0.0,0.12924446,0.41999975,0.42499974,1782400
hardzero_plus_depr__c0p58__z1p00__lam0p005__nu1p00__psi0p50,hardzero_plus_depr,0.07,32,557,0.0,4,0.5299934,0.5299934,1.0468057,0.0,0.08978303,0.0,0.0,0.05659923,-27.350748,2.3030186,0.7676729,0.136,0.0,0.16640458,0.42499974,0.42999974,1785600
hardzero_plus_depr__c0p58__z1p00__lam0p005__nu1p00__psi0p50,hardzero_plus_depr,0.07,32,558,0.0,4,0.5299934,0.5370485,0.90322286,0.12496177,0.12496177,1.0,0.0070550805,0.05645791,-26.064205,1.9871299,0.66237664,0.256,0.0,0.12607287,0.42999974,0.43499973,1788800
hardzero_plus_depr__c0p58__z1p00__lam0p005__nu1p00__psi0p50,hardzero_plus_depr,0.07,32,559,0.0,4,0.5370485,0.54356235,0.9368034,0.11566356,0.11566356,1.0,0.0065138172,0.05631694,-25.961664,2.0610087,0.6870029,0.17999999,0.0,0.12077815,0.43499973,0.43999973,1792000
hardzero_plus_depr__c0p58__z1p00__lam0p005__nu1p00__psi0p50,hardzero_plus_depr,0.07,32,560,0.0,4,0.54356235,0.54995847,0.9436356,0.11385822,0.11385822,1.0,0.0063961367,0.056176327,-26.722967,2.0760398,0.69201326,0.2,0.0,0.15573095,0.43999973,0.44499972,1795200
hardzero_plus_depr__c0p58__z1p00__lam0p005__nu1p00__psi0p50,hardzero_plus_depr,0.07,32,561,0.0,4,0.54995847,0.5562041,0.95289135,0.111457326,0.111457326,1.0,0.0062456294,0.05603606,-26.337973,2.096403,0.698801,0.18400002,0.0,0.13433342,0.44499972,0.44999972,1798400
hardzero_plus_depr__c0p58__z1p00__lam0p005__nu1p00__psi0p50,hardzero_plus_depr,0.07,32,562,0.0,4,0.5562041,0.56186193,0.9947307,0.101220675,0.101220675,1.0,0.0056578456,0.055896144,-26.68406,2.1884513,0.7294838,0.104,0.0,0.1404858,0.44999972,0.45499972,1801600
hardzero_plus_depr__c0p58__z1p00__lam0p005__nu1p00__psi0p50,hardzero_plus_depr,0.07,32,563,0.0,4,0.56186193,0.56186193,1.0344121,0.0,0.092382096,0.0,0.0,0.055756576,-27.795595,2.275752,0.758584,0.136,0.0,0.19416825,0.45499972,0.4599997,1804800
hardzero_plus_depr__c0p58__z1p00__lam0p005__nu1p00__psi0p50,hardzero_plus_depr,0.07,32,564,0.0,4,0.56186193,0.56803733,0.954546,0.11103349,0.11103349,1.0,0.00617539,0.055617362,-25.746674,2.100043,0.70001435,0.15200001,0.0,0.16237214,0.4599997,0.4649997,1808000
hardzero_plus_depr__c0p58__z1p00__lam0p005__nu1p00__psi0p50,hardzero_plus_depr,0.07,32,565,0.0,4,0.56803733,0.57449234,0.93422693,0.116351776,0.116351776,1.0,0.006455021,0.05547849,-25.336174,2.0553403,0.68511343,0.17600001,0.0,0.1334234,0.4649997,0.4699997,1811200
hardzero_plus_depr__c0p58__z1p00__lam0p005__nu1p00__psi0p50,hardzero_plus_depr,0.07,32,566,0.0,4,0.57449234,0.58019257,0.987147,0.10300374,0.10300374,1.0,0.005700224,0.05533997,-26.963781,2.1717668,0.72392225,0.120000005,0.0,0.15592374,0.4699997,0.4749997,1814400
hardzero_plus_depr__c0p58__z1p00__lam0p005__nu1p00__psi0p50,hardzero_plus_depr,0.07,32,567,1.0,5,0.58019257,0.006209389,0.9625871,0.10899658,0.10899658,1.0,0.0060168062,0.05520179,-26.3348,2.117734,0.70591134,0.23200001,0.008,0.151088,0.4749997,0.0,1817600
hardzero_plus_depr__c0p58__z1p00__lam0p005__nu1p00__psi0p50,hardzero_plus_depr,0.07,32,568,0.0,5,0.006209389,0.014133422,0.94615185,0.11320046,0.11320046,1.0,0.007924032,0.07,-26.629185,2.0815756,0.69385856,0.23200001,0.0,0.14240538,0.0,0.005,1820800
hardzero_plus_depr__c0p58__z1p00__lam0p005__nu1p00__psi0p50,hardzero_plus_depr,0.07,32,569,0.0,5,0.014133422,0.021506097,0.97638714,0.10558758,0.10558758,1.0,0.0073726755,0.06982522,-27.198078,2.1480947,0.71603155,0.18400002,0.0,0.15591793,0.005,0.01,1824000
hardzero_plus_depr__c0p58__z1p00__lam0p005__nu1p00__psi0p50,hardzero_plus_depr,0.07,32,570,0.0,5,0.021506097,0.029141983,0.9600672,0.10963086,0.10963086,1.0,0.0076358854,0.06965087,-26.460958,2.11219,0.70406336,0.23200001,0.0,0.14601532,0.01,0.015,1827200
hardzero_plus_depr__c0p58__z1p00__lam0p005__nu1p00__psi0p50,hardzero_plus_depr,0.07,32,571,0.0,5,0.029141983,0.036113653,0.99850404,0.10034506,0.10034506,1.0,0.00697167,0.06947696,-27.623957,2.1967528,0.7322509,0.104,0.0,0.13423267,0.015,0.02,1830400
hardzero_plus_depr__c0p58__z1p00__lam0p005__nu1p00__psi0p50,hardzero_plus_depr,0.07,32,572,0.0,5,0.036113653,0.036113653,1.0255287,0.0,0.09429124,0.0,0.0,0.06930349,-27.942053,2.2562082,0.7520694,0.17,0.0,0.15175445,0.02,0.024999999,1833600
hardzero_plus_depr__c0p58__z1p00__lam0p005__nu1p00__psi0p50,hardzero_plus_depr,0.07,32,573,0.0,5,0.036113653,0.04366428,0.96168625,0.109222904,0.109222904,1.0,0.007550628,0.06913044,-26.763983,2.115752,0.7052507,0.208,0.008,0.15279311,0.024999999,0.029999997,1836800
hardzero_plus_depr__c0p58__z1p00__lam0p005__nu1p00__psi0p50,hardzero_plus_depr,0.07,32,574,0.0,5,0.04366428,0.05187233,0.92434347,0.119030006,0.119030006,1.0,0.008208051,0.068957835,-26.163437,2.0335963,0.67786545,0.2,0.0,0.15666893,0.029999997,0.034999996,1840000
hardzero_plus_depr__c0p58__z1p00__lam0p005__nu1p00__psi0p50,hardzero_plus_depr,0.07,32,575,0.0,5,0.05187233,0.059653137,0.9464733,0.11311668,0.11311668,1.0,0.0077808048,0.06878565,-25.800194,2.0822828,0.6940943,0.2,0.0,0.14878047,0.034999996,0.039999995,1843200
hardzero_plus_depr__c0p58__z1p00__lam0p005__nu1p00__psi0p50,hardzero_plus_depr,0.07,32,576,0.0,5,0.059653137,0.067607455,0.93580914,0.11592867,0.11592867,1.0,0.007954319,0.06861391,-25.831505,2.0588212,0.68627375,0.17600001,0.0,0.13487698,0.039999995,0.044999994,1846400
hardzero_plus_depr__c0p58__z1p00__lam0p005__nu1p00__psi0p50,hardzero_plus_depr,0.07,32,577,0.0,5,0.067607455,0.074931696,0.97056377,0.10701293,0.10701293,1.0,0.007324241,0.06844258,-27.071257,2.135283,0.711761,0.14400001,0.0,0.13132316,0.044999994,0.049999993,1849600
hardzero_plus_depr__c0p58__z1p00__lam0p005__nu1p00__psi0p50,hardzero_plus_depr,0.07,32,578,0.0,5,0.074931696,0.082679495,0.94506216,0.113484815,0.113484815,1.0,0.007747801,0.0682717,-26.839603,2.0791783,0.69305944,0.23200001,0.0,0.1268706,0.049999993,0.054999992,1852800
hardzero_plus_depr__c0p58__z1p00__lam0p005__nu1p00__psi0p50,hardzero_plus_depr,0.07,32,579,0.0,5,0.082679495,0.090672106,0.9304663,0.11736369,0.11736369,1.0,0.007992611,0.06810123,-25.865236,2.0470667,0.6823556,0.128,0.0,0.14353998,0.054999992,0.05999999,1856000
hardzero_plus_depr__c0p58__z1p00__lam0p005__nu1p00__psi0p50,hardzero_plus_depr,0.07,32,580,0.0,5,0.090672106,0.09804654,0.96434045,0.10855743,0.10855743,1.0,0.0073744357,0.06793119,-26.37835,2.1215913,0.7071971,0.192,0.0,0.13593343,0.05999999,0.06499999,1859200
hardzero_plus_depr__c0p58__z1p00__lam0p005__nu1p00__psi0p50,hardzero_plus_depr,0.07,32,581,0.0,5,0.09804654,0.10590168,0.93582964,0.1159232,0.1159232,1.0,0.007855139,0.06776157,-25.791073,2.0588663,0.6862888,0.16000001,0.008,0.13863531,0.06499999,0.06999999,1862400
hardzero_plus_depr__c0p58__z1p00__lam0p005__nu1p00__psi0p50,hardzero_plus_depr,0.07,32,582,0.0,5,0.10590168,0.11440786,0.90016305,0.12584527,0.12584527,1.0,0.008506182,0.06759238,-25.90745,1.9803983,0.66013277,0.23200001,0.0,0.14440817,0.06999999,0.074999996,1865600
hardzero_plus_depr__c0p58__z1p00__lam0p005__nu1p00__psi0p50,hardzero_plus_depr,0.07,32,583,0.0,5,0.11440786,0.122034885,0.9464569,0.11312094,0.11312094,1.0,0.0076270225,0.06742361,-25.947706,2.0822468,0.69408226,0.16800001,0.0,0.15111333,0.074999996,0.08,1868800
hardzero_plus_depr__c0p58__z1p00__lam0p005__nu1p00__psi0p50,hardzero_plus_depr,0.07,32,584,0.0,5,0.122034885,0.13000631,0.92619056,0.118524864,0.118524864,1.0,0.007971421,0.067255266,-25.81356,2.03766,0.67921996,0.208,0.0,0.1455954,0.08,0.085,1872000
hardzero_plus_depr__c0p58__z1p00__lam0p005__nu1p00__psi0p50,hardzero_plus_depr,0.07,32,585,0.0,5,0.13000631,0.13737449,0.95928085,0.10982954,0.10982954,1.0,0.00736817,0.06708733,-26.75832,2.11046,0.7034867,0.19999999,0.0,0.12689812,0.085,0.09,1875200
hardzero_plus_depr__c0p58__z1p00__lam0p005__nu1p00__psi0p50,hardzero_plus_depr,0.07,32,586,0.0,5,0.13737449,0.14506145,0.93979996,0.114868246,0.114868246,1.0,0.007686963,0.066919826,-26.407799,2.0676012,0.6892004,0.16000001,0.0,0.1457762,0.09,0.095000006,1878400
hardzero_plus_depr__c0p58__z1p00__lam0p005__nu1p00__psi0p50,hardzero_plus_depr,0.07,32,587,0.0,5,0.14506145,0.15262902,0.9455127,0.113367155,0.113367155,1.0,0.0075675673,0.06675273,-25.6837,2.0801694,0.69338983,0.18400002,0.0,0.14682978,0.095000006,0.10000001,1881600
hardzero_plus_depr__c0p58__z1p00__lam0p005__nu1p00__psi0p50,hardzero_plus_depr,0.07,32,588,0.0,5,0.15262902,0.16064802,0.91926354,0.1204305,0.1204305,1.0,0.008018993,0.06658606,-25.361212,2.0224202,0.6741401,0.17600001,0.0,0.123070456,0.10000001,0.10500001,1884800
hardzero_plus_depr__c0p58__z1p00__lam0p005__nu1p00__psi0p50,hardzero_plus_depr,0.07,32,589,0.0,5,0.16064802,0.16769615,0.97422326,0.10611498,0.10611498,1.0,0.007048136,0.0664198,-26.4862,2.143334,0.71444464,0.16000001,0.0,0.15118848,0.10500001,0.110000014,1888000
hardzero_plus_depr__c0p58__z1p00__lam0p005__nu1p00__psi0p50,hardzero_plus_depr,0.07,32,590,0.0,5,0.16769615,0.17510493,0.951465,0.11182398,0.11182398,1.0,0.007408782,0.06625396,-26.773058,2.0932648,0.697755,0.18400002,0.0,0.15196551,0.110000014,0.11500002,1891200
hardzero_plus_depr__c0p58__z1p00__lam0p005__nu1p00__psi0p50,hardzero_plus_depr,0.07,32,591,0.0,5,0.17510493,0.18282181,0.9326847,0.1167657,0.1167657,1.0,0.007716874,0.066088535,-26.016973,2.0519474,0.6839825,0.2,0.0,0.14057429,0.11500002,0.12000002,1894400
hardzero_plus_depr__c0p58__z1p00__lam0p005__nu1p00__psi0p50,hardzero_plus_depr,0.07,32,592,0.0,5,0.18282181,0.19022168,0.94981617,0.11224935,0.11224935,1.0,0.0073998724,0.06592352,-26.5979,2.0896373,0.6965458,0.14400001,0.0,0.15430799,0.12000002,0.12500001,1897600
hardzero_plus_depr__c0p58__z1p00__lam0p005__nu1p00__psi0p50,hardzero_plus_depr,0.07,32,593,0.0,5,0.19022168,0.19849752,0.9001427,0.12585118,0.12585118,1.0,0.008275837,0.065758914,-25.151833,1.9803536,0.66011786,0.15200001,0.0,0.12432147,0.12500001,0.13000001,1900800
hardzero_plus_depr__c0p58__z1p00__lam0p005__nu1p00__psi0p50,hardzero_plus_depr,0.07,32,594,0.0,5,0.19849752,0.205648,0.96253294,0.10901017,0.10901017,1.0,0.0071504912,0.06559472,-27.271147,2.1176147,0.7058716,0.18400002,0.0,0.13453637,0.13000001,0.135,1904000
hardzero_plus_depr__c0p58__z1p00__lam0p005__nu1p00__psi0p50,hardzero_plus_depr,0.07,32,595,0.0,5,0.205648,0.21269976,0.9674865,0.10777387,0.10777387,1.0,0.0070517454,0.06543094,-25.972221,2.1285129,0.7095043,0.14400001,0.0,0.13432302,0.135,0.14,1907200
hardzero_plus_depr__c0p58__z1p00__lam0p005__nu1p00__psi0p50,hardzero_plus_depr,0.07,32,596,0.0,5,0.21269976,0.22050366,0.922386,0.11956774,0.11956774,1.0,0.0078038955,0.06526757,-25.770073,2.0292897,0.6764299,0.208,0.008,0.15078248,0.14,0.145,1910400
hardzero_plus_depr__c0p58__z1p00__lam0p005__nu1p00__psi0p50,hardzero_plus_depr,0.07,32,597,0.0,5,0.22050366,0.22751354,0.96790147,0.10767094,0.10767094,1.0,0.007009874,0.065104604,-27.115602,2.1294258,0.7098086,0.15200001,0.0,0.13996805,0.145,0.14999999,1913600
hardzero_plus_depr__c0p58__z1p00__lam0p005__nu1p00__psi0p50,hardzero_plus_depr,0.07,32,598,0.0,5,0.22751354,0.23474236,0.95345813,0.11131196,0.11131196,1.0,0.007228826,0.06494205,-27.160995,2.0976498,0.6992166,0.16,0.0,0.16775212,0.14999999,0.15499999,1916800
hardzero_plus_depr__c0p58__z1p00__lam0p005__nu1p00__psi0p50,hardzero_plus_depr,0.07,32,599,0.0,5,0.23474236,0.24268453,0.9115009,0.12260244,0.12260244,1.0,0.007942173,0.06477989,-25.374142,2.005342,0.6684474,0.14400001,0.0,0.14687705,0.15499999,0.15999998,1920000
hardzero_plus_depr__c0p58__z1p00__lam0p005__nu1p00__psi0p50,hardzero_plus_depr,0.07,32,600,0.0,5,0.24268453,0.25043926,0.9207872,0.12000872,0.12000872,1.0,0.0077547412,0.06461815,-25.120823,2.0257723,0.67525744,0.192,0.0,0.1399561,0.15999998,0.16499998,1923200
hardzero_plus_depr__c0p58__z1p00__lam0p005__nu1p00__psi0p50,hardzero_plus_depr,0.07,32,601,0.0,5,0.25043926,0.2569218,0.99752426,0.100571685,0.100571685,1.0,0.006482529,0.0644568,-27.486662,2.1945972,0.73153245,0.16000001,0.0,0.15073787,0.16499998,0.16999997,1926400
hardzero_plus_depr__c0p58__z1p00__lam0p005__nu1p00__psi0p50,hardzero_plus_depr,0.07,32,602,0.0,5,0.2569218,0.26336104,0.99934924,0.10014995,0.10014995,1.0,0.006439228,0.064295866,-27.367195,2.1986122,0.73287076,0.18400002,0.0,0.14199515,0.16999997,0.17499997,1929600
hardzero_plus_depr__c0p58__z1p00__lam0p005__nu1p00__psi0p50,hardzero_plus_depr,0.07,32,603,0.0,5,0.26336104,0.27107182,0.91999894,0.12022675,0.12022675,1.0,0.007710781,0.06413532,-26.493223,2.024038,0.6746794,0.192,0.0,0.15553163,0.17499997,0.17999996,1932800
hardzero_plus_depr__c0p58__z1p00__lam0p005__nu1p00__psi0p50,hardzero_plus_depr,0.07,32,604,0.0,5,0.27107182,0.27827474,0.94850296,0.11258927,0.11258927,1.0,0.0072029196,0.063975185,-26.59402,2.0867481,0.69558275,0.28,0.0,0.14043355,0.17999996,0.18499996,1936000
hardzero_plus_depr__c0p58__z1p00__lam0p005__nu1p00__psi0p50,hardzero_plus_depr,0.07,32,605,0.0,5,0.27827474,0.28507003,0.97271806,0.1064834,0.1064834,1.0,0.0067952857,0.063815445,-26.628729,2.1400225,0.7133409,0.128,0.0,0.13306674,0.18499996,0.18999995,1939200
hardzero_plus_depr__c0p58__z1p00__lam0p005__nu1p00__psi0p50,hardzero_plus_depr,0.07,32,606,0.0,5,0.28507003,0.28507003,1.026521,0.0,0.09407603,0.0,0.0,0.06365611,-27.690489,2.2583911,0.75279707,0.112,0.0,0.1570822,0.18999995,0.19499995,1942400
hardzero_plus_depr__c0p58__z1p00__lam0p005__nu1p00__psi0p50,hardzero_plus_depr,0.07,32,607,0.0,5,0.28507003,0.28507003,1.0023031,0.0,0.099471085,0.0,0.0,0.06349716,-26.714346,2.2051108,0.73503697,0.17600001,0.0,0.15134485,0.19499995,0.19999994,1945600
hardzero_plus_depr__c0p58__z1p00__lam0p005__nu1p00__psi0p50,hardzero_plus_depr,0.07,32,608,0.0,5,0.28507003,0.29203203,0.95893484,0.10991708,0.10991708,1.0,0.0069619967,0.06333862,-26.32891,2.1096988,0.70323294,0.2,0.0,0.14636546,0.19999994,0.20499994,1948800
hardzero_plus_depr__c0p58__z1p00__lam0p005__nu1p00__psi0p50,hardzero_plus_depr,0.07,32,609,0.0,5,0.29203203,0.29911053,0.95064163,0.11203618,0.11203618,1.0,0.0070784986,0.06318047,-26.351673,2.0914533,0.6971511,0.2,0.0,0.13059807,0.20499994,0.20999993,1952000
hardzero_plus_depr__c0p58__z1p00__lam0p005__nu1p00__psi0p50,hardzero_plus_depr,0.07,32,610,0.0,5,0.29911053,0.30585092,0.9708122,0.10695171,0.10695171,1.0,0.0067403875,0.06302272,-27.281633,2.1358294,0.71194315,0.16800001,0.0,0.12161863,0.20999993,0.21499993,1955200
hardzero_plus_depr__c0p58__z1p00__lam0p005__nu1p00__psi0p50,hardzero_plus_depr,0.07,32,611,0.0,5,0.30585092,0.31314275,0.935576,0.1159909,0.1159909,1.0,0.007291809,0.062865354,-26.221762,2.0583084,0.6861028,0.21,0.0,0.16353257,0.21499993,0.21999992,1958400
hardzero_plus_depr__c0p58__z1p00__lam0p005__nu1p00__psi0p50,hardzero_plus_depr,0.07,32,612,0.0,5,0.31314275,0.3198863,0.96843684,0.1075383,0.1075383,1.0,0.006743554,0.06270839,-27.327934,2.1306036,0.7102012,0.224,0.0,0.1223138,0.21999992,0.22499992,1961600
hardzero_plus_depr__c0p58__z1p00__lam0p005__nu1p00__psi0p50,hardzero_plus_depr,0.07,32,613,0.0,5,0.3198863,0.32621777,0.9947344,0.10121983,0.10121983,1.0,0.0063314848,0.06255182,-26.90506,2.1884594,0.72948647,0.15200001,0.0,0.16032147,0.22499992,0.22999991,1964800
hardzero_plus_depr__c0p58__z1p00__lam0p005__nu1p00__psi0p50,hardzero_plus_depr,0.07,32,614,0.0,5,0.32621777,0.33312503,0.95584965,0.110700704,0.110700704,1.0,0.0069072405,0.062395632,-26.510912,2.1029112,0.7009704,0.16000001,0.0,0.14766614,0.22999991,0.23499991,1968000
hardzero_plus_depr__c0p58__z1p00__lam0p005__nu1p00__psi0p50,hardzero_plus_depr,0.07,32,615,0.0,5,0.33312503,0.34066612,0.91663384,0.12116192,0.12116192,1.0,0.007541098,0.062239837,-26.255411,2.0166347,0.6722116,0.224,0.0,0.122615896,0.23499991,0.2399999,1971200
hardzero_plus_depr__c0p58__z1p00__lam0p005__nu1p00__psi0p50,hardzero_plus_depr,0.07,32,616,0.0,5,0.34066612,0.3472417,0.975049,0.10591341,0.10591341,1.0,0.0065755737,0.062084433,-26.66138,2.1451507,0.7150502,0.14400001,0.0,0.14692643,0.2399999,0.2449999,1974400
hardzero_plus_depr__c0p58__z1p00__lam0p005__nu1p00__psi0p50,hardzero_plus_depr,0.07,32,617,0.0,5,0.3472417,0.35356852,0.9907113,0.10216183,0.10216183,1.0,0.006326822,0.061929412,-26.918795,2.1796083,0.72653615,0.16800001,0.0,0.15410168,0.2449999,0.2499999,1977600
hardzero_plus_depr__c0p58__z1p00__lam0p005__nu1p00__psi0p50,hardzero_plus_depr,0.07,32,618,0.0,5,0.35356852,0.3603908,0.9568812,0.11043806,0.11043806,1.0,0.0068222876,0.061774787,-26.640432,2.1051807,0.7017269,0.16800001,0.0,0.17264794,0.2499999,0.2549999,1980800
hardzero_plus_depr__c0p58__z1p00__lam0p005__nu1p00__psi0p50,hardzero_plus_depr,0.07,32,619,0.0,5,0.3603908,0.36767745,0.92719764,0.11825032,0.11825032,1.0,0.0072866487,0.06162054,-26.126406,2.0398755,0.6799585,0.17600001,0.0,0.14315724,0.2549999,0.2599999,1984000
hardzero_plus_depr__c0p58__z1p00__lam0p005__nu1p00__psi0p50,hardzero_plus_depr,0.07,32,620,0.0,5,0.36767745,0.37444082,0.95847744,0.110032886,0.110032886,1.0,0.0067633567,0.061466683,-26.046663,2.1086924,0.7028975,0.2,0.0,0.14830413,0.2599999,0.2649999,1987200
hardzero_plus_depr__c0p58__z1p00__lam0p005__nu1p00__psi0p50,hardzero_plus_depr,0.07,32,621,0.0,5,0.37444082,0.38108602,0.9650457,0.10838129,0.10838129,1.0,0.006645205,0.06131321,-26.332289,2.123143,0.7077143,0.264,0.008,0.12168382,0.2649999,0.2699999,1990400
hardzero_plus_depr__c0p58__z1p00__lam0p005__nu1p00__psi0p50,hardzero_plus_depr,0.07,32,622,0.0,5,0.38108602,0.38804233,0.9440901,0.11373912,0.11373912,1.0,0.0069562984,0.06116012,-25.769327,2.0770397,0.6923466,0.16800001,0.0,0.15942681,0.2699999,0.2749999,1993600
hardzero_plus_depr__c0p58__z1p00__lam0p005__nu1p00__psi0p50,hardzero_plus_depr,0.07,32,623,0.0,5,0.38804233,0.3942582,0.9918802,0.10188723,0.10188723,1.0,0.0062158764,0.061007414,-27.162716,2.18218,0.7273933,0.224,0.0,0.15032609,0.2749999,0.27999988,1996800
hardzero_plus_depr__c0p58__z1p00__lam0p005__nu1p00__psi0p50,hardzero_plus_depr,0.07,32,624,0.0,5,0.3942582,0.3942582,1.0312992,0.0,0.09304665,0.0,0.0,0.060855083,-28.747803,2.2689037,0.7563013,0.17999999,0.0,0.14943376,0.27999988,0.28499988,2000000
hardzero_plus_depr__c0p58__z1p00__lam0p005__nu1p00__psi0p50,hardzero_plus_depr,0.07,32,625,0.0,5,0.3942582,0.40156892,0.9192514,0.12043385,0.12043385,1.0,0.0073107127,0.060703136,-26.704912,2.0223935,0.67413116,0.2,0.0,0.15038085,0.28499988,0.28999987,2003200
hardzero_plus_depr__c0p58__z1p00__lam0p005__nu1p00__psi0p50,hardzero_plus_depr,0.07,32,626,0.0,5,0.40156892,0.40848845,0.94204926,0.11427487,0.11427487,1.0,0.006919522,0.060551565,-26.009426,2.0725498,0.69084996,0.15200001,0.0,0.14811967,0.28999987,0.29499987,2006400
hardzero_plus_depr__c0p58__z1p00__lam0p005__nu1p00__psi0p50,hardzero_plus_depr,0.07,32,627,0.0,5,0.40848845,0.41479233,0.98143286,0.10436795,0.10436795,1.0,0.0063038636,0.060400378,-26.257463,2.1591954,0.7197318,0.224,0.0,0.13946916,0.29499987,0.29999986,2009600
hardzero_plus_depr__c0p58__z1p00__lam0p005__nu1p00__psi0p50,hardzero_plus_depr,0.07,32,628,0.0,5,0.41479233,0.42152616,0.95169044,0.11176595,0.11176595,1.0,0.006733849,0.06024956,-27.731876,2.0937607,0.69792026,0.2,0.0,0.14595222,0.29999986,0.30499986,2012800
hardzero_plus_depr__c0p58__z1p00__lam0p005__nu1p00__psi0p50,hardzero_plus_depr,0.07,32,629,0.0,5,0.42152616,0.42835227,0.9446951,0.11358078,0.11358078,1.0,0.006826106,0.060099132,-26.580965,2.0783708,0.69279027,0.24000001,0.0,0.1424557,0.30499986,0.30999985,2016000
hardzero_plus_depr__c0p58__z1p00__lam0p005__nu1p00__psi0p50,hardzero_plus_depr,0.07,32,630,0.0,5,0.42835227,0.43583426,0.9037654,0.12480575,0.12480575,1.0,0.007481988,0.059949066,-25.918486,1.9883236,0.66277456,0.2,0.0,0.13234256,0.30999985,0.31499985,2019200
hardzero_plus_depr__c0p58__z1p00__lam0p005__nu1p00__psi0p50,hardzero_plus_depr,0.07,32,631,0.0,5,0.43583426,0.44239017,0.9600631,0.10963188,0.10963188,1.0,0.006555919,0.059799384,-27.328665,2.112181,0.7040603,0.18400002,0.0,0.17159897,0.31499985,0.31999984,2022400
hardzero_plus_depr__c0p58__z1p00__lam0p005__nu1p00__psi0p50,hardzero_plus_depr,0.07,32,632,0.0,5,0.44239017,0.4487008,0.97553927,0.105793916,0.105793916,1.0,0.0063106143,0.059650067,-26.827662,2.1462293,0.71540976,0.112,0.0,0.12856498,0.31999984,0.32499984,2025600
hardzero_plus_depr__c0p58__z1p00__lam0p005__nu1p00__psi0p50,hardzero_plus_depr,0.07,32,633,0.0,5,0.4487008,0.4548621,0.9848521,0.10354949,0.10354949,1.0,0.006161312,0.059501134,-27.127724,2.1667178,0.72223926,0.18400002,0.0,0.13419461,0.32499984,0.32999983,2028800
hardzero_plus_depr__c0p58__z1p00__lam0p005__nu1p00__psi0p50,hardzero_plus_depr,0.07,32,634,0.0,5,0.4548621,0.46230033,0.901969,0.12532306,0.12532306,1.0,0.0074382448,0.059352566,-24.959988,1.9843714,0.6614572,0.216,0.0,0.11605088,0.32999983,0.33499983,2032000
hardzero_plus_depr__c0p58__z1p00__lam0p005__nu1p00__psi0p50,hardzero_plus_depr,0.07,32,635,0.0,5,0.46230033,0.4695689,0.91090477,0.12277084,0.12277084,1.0,0.0072685704,0.059204374,-26.39897,2.0040305,0.6680102,0.208,0.0,0.13181245,0.33499983,0.33999982,2035200
hardzero_plus_depr__c0p58__z1p00__lam0p005__nu1p00__psi0p50,hardzero_plus_depr,0.07,32,636,0.0,5,0.4695689,0.47640643,0.93637025,0.115779,0.115779,1.0,0.0068375072,0.059056543,-25.597853,2.0600557,0.68668526,0.18400002,0.0,0.1383364,0.33999982,0.34499982,2038400
hardzero_plus_depr__c0p58__z1p00__lam0p005__nu1p00__psi0p50,hardzero_plus_depr,0.07,32,637,0.0,5,0.47640643,0.48285583,0.9606628,0.10948062,0.10948062,1.0,0.0064494037,0.05890909,-26.55223,2.1135004,0.70450014,0.26,0.01,0.13348153,0.34499982,0.34999982,2041600
hardzero_plus_depr__c0p58__z1p00__lam0p005__nu1p00__psi0p50,hardzero_plus_depr,0.07,32,638,0.0,5,0.48285583,0.48909953,0.9736533,0.106254324,0.106254324,1.0,0.006243716,0.058761995,-26.266592,2.14208,0.7140267,0.17600001,0.008,0.13793598,0.34999982,0.3549998,2044800
hardzero_plus_depr__c0p58__z1p00__lam0p005__nu1p00__psi0p50,hardzero_plus_depr,0.07,32,639,0.0,5,0.48909953,0.49592745,0.9337231,0.11648684,0.11648684,1.0,0.0068279086,0.05861528,-25.257322,2.054232,0.684744,0.224,0.0,0.12526032,0.3549998,0.3599998,2048000
hardzero_plus_depr__c0p58__z1p00__lam0p005__nu1p00__psi0p50,hardzero_plus_depr,0.07,32,640,0.0,5,0.49592745,0.50189316,0.9912641,0.10203187,0.10203187,1.0,0.0059656934,0.05846892,-25.881327,2.1808245,0.7269415,0.136,0.0,0.15899214,0.3599998,0.3649998,2051200
hardzero_plus_depr__c0p58__z1p00__lam0p005__nu1p00__psi0p50,hardzero_plus_depr,0.07,32,641,0.0,5,0.50189316,0.50838757,0.95330155,0.111352116,0.111352116,1.0,0.0064943815,0.05832293,-26.949644,2.0973053,0.6991018,0.136,0.0,0.13555546,0.3649998,0.3699998,2054400
hardzero_plus_depr__c0p58__z1p00__lam0p005__nu1p00__psi0p50,hardzero_plus_depr,0.07,32,642,0.0,5,0.50838757,0.5152183,0.9302855,0.117412545,0.117412545,1.0,0.0068307454,0.058177304,-25.653679,2.046669,0.682223,0.15200001,0.0,0.13761355,0.3699998,0.3749998,2057600
hardzero_plus_depr__c0p58__z1p00__lam0p005__nu1p00__psi0p50,hardzero_plus_depr,0.07,32,643,0.0,5,0.5152183,0.5214073,0.9720476,0.106647916,0.106647916,1.0,0.0061889966,0.058032043,-26.52038,2.1385474,0.71284914,0.16800001,0.0,0.15576202,0.3749998,0.3799998,2060800
hardzero_plus_depr__c0p58__z1p00__lam0p005__nu1p00__psi0p50,hardzero_plus_depr,0.07,32,644,0.0,5,0.5214073,0.52791715,0.9490107,0.11245771,0.11245771,1.0,0.0065098554,0.057887144,-26.448954,2.0878654,0.69595516,0.2,0.0,0.13429007,0.3799998,0.38499978,2064000
hardzero_plus_depr__c0p58__z1p00__lam0p005__nu1p00__psi0p50,hardzero_plus_depr,0.07,32,645,0.0,5,0.52791715,0.53429216,0.9570146,0.11040415,0.11040415,1.0,0.0063750236,0.05774261,-26.348106,2.1054742,0.7018248,0.136,0.0,0.14634314,0.38499978,0.38999978,2067200
hardzero_plus_depr__c0p58__z1p00__lam0p005__nu1p00__psi0p50,hardzero_plus_depr,0.07,32,646,0.0,5,0.53429216,0.54110277,0.92722374,0.11824321,0.11824321,1.0,0.0068106237,0.057598434,-26.526789,2.039933,0.67997766,0.18400002,0.0,0.14097555,0.38999978,0.39499977,2070400
hardzero_plus_depr__c0p58__z1p00__lam0p005__nu1p00__psi0p50,hardzero_plus_depr,0.07,32,647,0.0,5,0.54110277,0.5474029,0.9599724,0.10965478,0.10965478,1.0,0.0063001737,0.05745462,-26.797962,2.1119814,0.7039938,0.17600001,0.0,0.14934878,0.39499977,0.39999977,2073600
hardzero_plus_depr__c0p58__z1p00__lam0p005__nu1p00__psi0p50,hardzero_plus_depr,0.07,32,648,0.0,5,0.5474029,0.55367905,0.96054584,0.109510094,0.109510094,1.0,0.0062761507,0.057311162,-26.105625,2.113243,0.70441437,0.208,0.0,0.13230507,0.39999977,0.40499976,2076800
hardzero_plus_depr__c0p58__z1p00__lam0p005__nu1p00__psi0p50,hardzero_plus_depr,0.07,32,649,0.0,5,0.55367905,0.56007046,0.9515559,0.111800596,0.111800596,1.0,0.0063914233,0.05716806,-26.306229,2.0934649,0.6978216,0.17600001,0.0,0.15148005,0.40499976,0.40999976,2080000
hardzero_plus_depr__c0p58__z1p00__lam0p005__nu1p00__psi0p50,hardzero_plus_depr,0.07,32,650,0.0,5,0.56007046,0.56662136,0.93976754,0.114876844,0.114876844,1.0,0.006550889,0.05702532,-25.21441,2.06753,0.6891767,0.19,0.0,0.12493459,0.40999976,0.41499975,2083200
hardzero_plus_depr__c0p58__z1p00__lam0p005__nu1p00__psi0p50,hardzero_plus_depr,0.07,32,651,0.0,5,0.56662136,0.5736736,0.9066547,0.12397819,0.12397819,1.0,0.0070522437,0.056882937,-24.130817,1.9946802,0.6648934,0.208,0.0,0.1261639,0.41499975,0.41999975,2086400
hardzero_plus_depr__c0p58__z1p00__lam0p005__nu1p00__psi0p50,hardzero_plus_depr,0.07,32,652,0.0,5,0.5736736,0.57959414,0.98153406,0.104343615,0.104343615,1.0,0.0059205517,0.05674091,-26.576,2.159418,0.7198061,0.14400001,0.0,0.15721706,0.41999975,0.42499974,2089600
hardzero_plus_depr__c0p58__z1p00__lam0p005__nu1p00__psi0p50,hardzero_plus_depr,0.07,32,653,0.0,5,0.57959414,0.5869087,0.8886209,0.12923466,0.12923466,1.0,0.007314582,0.05659923,-25.031569,1.955005,0.65166837,0.23200001,0.0,0.12026088,0.42499974,0.42999974,2092800
hardzero_plus_depr__c0p58__z1p00__lam0p005__nu1p00__psi0p50,hardzero_plus_depr,0.07,32,654,1.0,6,0.5869087,0.013113578,0.9589926,0.10990246,0.10990246,1.0,0.006204863,0.05645791,-26.374506,2.1098258,0.7032753,0.136,0.0,0.14502007,0.42999974,0.0,2096000
hardzero_plus_depr__c0p58__z1p00__lam0p005__nu1p00__psi0p50,hardzero_plus_depr,0.07,32,655,0.0,6,0.013113578,0.021851094,0.90371,0.12482167,0.12482167,1.0,0.008737517,0.07,-25.561287,1.9882017,0.6627339,0.18400002,0.0,0.12184517,0.0,0.005,2099200
hardzero_plus_depr__c0p58__z1p00__lam0p005__nu1p00__psi0p50,hardzero_plus_depr,0.07,32,656,0.0,6,0.021851094,0.029835306,0.9417802,0.11434569,0.11434569,1.0,0.007984213,0.06982522,-26.465136,2.0719578,0.6906526,0.17600001,0.0,0.15279359,0.005,0.01,2102400
hardzero_plus_depr__c0p58__z1p00__lam0p005__nu1p00__psi0p50,hardzero_plus_depr,0.07,32,657,0.0,6,0.029835306,0.036865287,0.99597234,0.10093171,0.10093171,1.0,0.007029982,0.06965087,-27.980738,2.1911829,0.7303943,0.128,0.0,0.18000367,0.01,0.015,2105600
hardzero_plus_depr__c0p58__z1p00__lam0p005__nu1p00__psi0p50,hardzero_plus_depr,0.07,32,658,0.0,6,0.036865287,0.044429377,0.963084,0.10887194,0.10887194,1.0,0.0075640916,0.06947696,-26.166018,2.118827,0.7062757,0.18400002,0.0,0.16801712,0.015,0.02,2108800
hardzero_plus_depr__c0p58__z1p00__lam0p005__nu1p00__psi0p50,hardzero_plus_depr,0.07,32,659,0.0,6,0.044429377,0.05252293,0.9326158,0.11678422,0.11678422,1.0,0.0080935545,0.06930349,-26.15136,2.0517957,0.68393195,0.16000001,0.0,0.123288885,0.02,0.024999999,2112000
hardzero_plus_depr__c0p58__z1p00__lam0p005__nu1p00__psi0p50,hardzero_plus_depr,0.07,32,660,0.0,6,0.05252293,0.06026823,0.9506311,0.11203892,0.11203892,1.0,0.0077453,0.06913044,-26.148306,2.0914302,0.69714344,0.18400002,0.0,0.152059,0.024999999,0.029999997,2115200
hardzero_plus_depr__c0p58__z1p00__lam0p005__nu1p00__psi0p50,hardzero_plus_depr,0.07,32,661,0.0,6,0.06026823,0.06820228,0.9390888,0.11505649,0.11505649,1.0,0.007934047,0.068957835,-26.196678,2.0660367,0.6886789,0.192,0.0,0.138764,0.029999997,0.034999996,2118400
hardzero_plus_depr__c0p58__z1p00__lam0p005__nu1p00__psi0p50,hardzero_plus_depr,0.07,32,662,0.0,6,0.06820228,0.07657649,0.9145539,0.121743605,0.121743605,1.0,0.008374213,0.06878565,-25.389858,2.0120587,0.67068624,0.24800001,0.0,0.12681715,0.034999996,0.039999995,2121600
hardzero_plus_depr__c0p58__z1p00__lam0p005__nu1p00__psi0p50,hardzero_plus_depr,0.07,32,663,0.0,6,0.07657649,0.08384923,0.97471416,0.1059951,0.1059951,1.0,0.0072727385,0.06861391,-27.12615,2.144414,0.71480465,0.17,0.0,0.13520056,0.039999995,0.044999994,2124800
hardzero_plus_depr__c0p58__z1p00__lam0p005__nu1p00__psi0p50,hardzero_plus_depr,0.07,32,664,0.0,6,0.08384923,0.09177785,0.9361285,0.11584344,0.11584344,1.0,0.007928624,0.06844258,-25.694685,2.0595238,0.68650794,0.208,0.0,0.13926242,0.044999994,0.049999993,2128000
hardzero_plus_depr__c0p58__z1p00__lam0p005__nu1p00__psi0p50,hardzero_plus_depr,0.07,32,665,0.0,6,0.09177785,0.09987474,0.92592263,0.118597984,0.118597984,1.0,0.008096886,0.0682717,-24.397884,2.0370705,0.6790235,0.192,0.0,0.14526021,0.049999993,0.054999992,2131200
hardzero_plus_depr__c0p58__z1p00__lam0p005__nu1p00__psi0p50,hardzero_plus_depr,0.07,32,666,0.0,6,0.09987474,0.107439056,0.9543856,0.1110745,0.1110745,1.0,0.00756431,0.06810123,-26.379599,2.0996902,0.69989675,0.2,0.0,0.13020353,0.054999992,0.05999999,2134400
hardzero_plus_depr__c0p58__z1p00__lam0p005__nu1p00__psi0p50,hardzero_plus_depr,0.07,32,667,0.0,6,0.107439056,0.11530761,0.9361746,0.115831174,0.115831174,1.0,0.00786855,0.06793119,-25.951996,2.0596251,0.68654174,0.17600001,0.0,0.152021,0.05999999,0.06499999,2137600
hardzero_plus_depr__c0p58__z1p00__lam0p005__nu1p00__psi0p50,hardzero_plus_depr,0.07,32,668,0.0,6,0.11530761,0.12274541,0.9595386,0.109764375,0.109764375,1.0,0.0074378066,0.06776157,-25.671837,2.111027,0.7036757,0.112,0.0,0.13827503,0.06499999,0.06999999,2140800
hardzero_plus_depr__c0p58__z1p00__lam0p005__nu1p00__psi0p50,hardzero_plus_depr,0.07,32,669,0.0,6,0.12274541,0.1306492,0.9320623,0.11693316,0.11693316,1.0,0.007903791,0.06759238,-26.18672,2.050578,0.68352604,0.15200001,0.0,0.14036621,0.06999999,0.074999996,2144000
hardzero_plus_depr__c0p58__z1p00__lam0p005__nu1p00__psi0p50,hardzero_plus_depr,0.07,32,670,0.0,6,0.1306492,0.1306492,1.0293915,0.0,0.09345626,0.0,0.0,0.06742361,-27.527014,2.2647066,0.75490224,0.136,0.0,0.1533027,0.074999996,0.08,2147200
hardzero_plus_depr__c0p58__z1p00__lam0p005__nu1p00__psi0p50,hardzero_plus_depr,0.07,32,671,0.0,6,0.1306492,0.13771212,0.9787416,0.1050167,0.1050167,1.0,0.007062926,0.067255266,-27.004183,2.1532745,0.7177582,0.120000005,0.0,0.1750765,0.08,0.085,2150400
hardzero_plus_depr__c0p58__z1p00__lam0p005__nu1p00__psi0p50,hardzero_plus_depr,0.07,32,672,0.0,6,0.13771212,0.14521207,0.95158195,0.11179388,0.11179388,1.0,0.0074999533,0.06708733,-26.23429,2.093522,0.6978407,0.18400002,0.0,0.14515308,0.085,0.09,2153600
hardzero_plus_depr__c0p58__z1p00__lam0p005__nu1p00__psi0p50,hardzero_plus_depr,0.07,32,673,0.0,6,0.14521207,0.15263474,0.9549949,0.11091876,0.11091876,1.0,0.007422664,0.066919826,-26.123888,2.1010308,0.7003436,0.16000001,0.0,0.12698044,0.09,0.095000006,2156800
hardzero_plus_depr__c0p58__z1p00__lam0p005__nu1p00__psi0p50,hardzero_plus_depr,0.07,32,674,0.0,6,0.15263474,0.1597711,0.97099197,0.10690746,0.10690746,1.0,0.007136365,0.06675273,-27.234716,2.136225,0.712075,0.16800001,0.0,0.15809299,0.095000006,0.10000001,2160000
hardzero_plus_depr__c0p58__z1p00__lam0p005__nu1p00__psi0p50,hardzero_plus_depr,0.07,32,675,0.0,6,0.1597711,0.16747488,0.936679,0.115696706,0.115696706,1.0,0.007703788,0.06658606,-25.563293,2.060735,0.6869117,0.16800001,0.0,0.15057835,0.10000001,0.10500001,2163200
hardzero_plus_depr__c0p58__z1p00__lam0p005__nu1p00__psi0p50,hardzero_plus_depr,0.07,32,676,0.0,6,0.16747488,0.1756447,0.910085,0.1230028,0.1230028,1.0,0.008169821,0.0664198,-25.995975,2.002227,0.66740906,0.22999999,0.0,0.14149387,0.10500001,0.110000014,2166400
hardzero_plus_depr__c0p58__z1p00__lam0p005__nu1p00__psi0p50,hardzero_plus_depr,0.07,32,677,0.0,6,0.1756447,0.18262224,0.9775089,0.1053152,0.1053152,1.0,0.0069775493,0.06625396,-26.937614,2.1505625,0.7168542,0.224,0.0,0.15754214,0.110000014,0.11500002,2169600
hardzero_plus_depr__c0p58__z1p00__lam0p005__nu1p00__psi0p50,hardzero_plus_depr,0.07,32,678,0.0,6,0.18262224,0.1895622,0.9787686,0.10501019,0.10501019,1.0,0.0069399695,0.066088535,-27.207354,2.153334,0.71777797,0.224,0.0,0.15012263,0.11500002,0.12000002,2172800
hardzero_plus_depr__c0p58__z1p00__lam0p005__nu1p00__psi0p50,hardzero_plus_depr,0.07,32,679,0.0,6,0.1895622,0.19692475,0.9520125,0.111683115,0.111683115,1.0,0.007362544,0.06592352,-26.745743,2.0944693,0.6981565,0.23200001,0.0,0.17888571,0.12000002,0.12500001,2176000
hardzero_plus_depr__c0p58__z1p00__lam0p005__nu1p00__psi0p50,hardzero_plus_depr,0.07,32,680,0.0,6,0.19692475,0.2041896,0.9567273,0.11047719,0.11047719,1.0,0.00726486,0.065758914,-25.647652,2.1048422,0.7016141,0.120000005,0.0,0.118089795,0.12500001,0.13000001,2179200
hardzero_plus_depr__c0p58__z1p00__lam0p005__nu1p00__psi0p50,hardzero_plus_depr,0.07,32,681,0.0,6,0.2041896,0.21135817,0.96143633,0.10928579,0.10928579,1.0,0.0071685705,0.06559472,-26.073122,2.1152022,0.7050674,0.17600001,0.0,0.14811374,0.13000001,0.135,2182400
hardzero_plus_depr__c0p58__z1p00__lam0p005__nu1p00__psi0p50,hardzero_plus_depr,0.07,32,682,0.0,6,0.21135817,0.21889025,0.93886864,0.115114845,0.115114845,1.0,0.0075320723,0.06543094,-26.158257,2.0655522,0.68851745,0.208,0.0,0.14731044,0.135,0.14,2185600
hardzero_plus_depr__c0p58__z1p00__lam0p005__nu1p00__psi0p50,hardzero_plus_depr,0.07,32,683,0.0,6,0.21889025,0.22597902,0.9641268,0.108610846,0.108610846,1.0,0.007088766,0.06526757,-27.17817,2.1211214,0.7070405,0.15200001,0.0,0.16608219,0.14,0.145,2188800
hardzero_plus_depr__c0p58__z1p00__lam0p005__nu1p00__psi0p50,hardzero_plus_depr,0.07,32,684,0.0,6,0.22597902,0.23255259,0.99581033,0.100969374,0.100969374,1.0,0.006573571,0.065104604,-28.177643,2.1908264,0.7302755,0.14400001,0.0,0.13948578,0.145,0.14999999,2192000
hardzero_plus_depr__c0p58__z1p00__lam0p005__nu1p00__psi0p50,hardzero_plus_depr,0.07,32,685,0.0,6,0.23255259,0.24050024,0.91228724,0.122380644,0.122380644,1.0,0.00794765,0.06494205,-25.700798,2.007072,0.669024,0.24000001,0.0,0.1404758,0.14999999,0.15499999,2195200
hardzero_plus_depr__c0p58__z1p00__lam0p005__nu1p00__psi0p50,hardzero_plus_depr,0.07,32,686,0.0,6,0.24050024,0.24807598,0.9320158,0.116945684,0.116945684,1.0,0.007575729,0.06477989,-25.913254,2.0504756,0.6834919,0.17600001,0.0,0.12815963,0.15499999,0.15999998,2198400
hardzero_plus_depr__c0p58__z1p00__lam0p005__nu1p00__psi0p50,hardzero_plus_depr,0.07,32,687,0.0,6,0.24807598,0.2558509,0.9196584,0.120321035,0.120321035,1.0,0.0077749225,0.06461815,-25.146263,2.023289,0.67442966,0.23200001,0.0,0.14213687,0.15999998,0.16499998,2201600
hardzero_plus_depr__c0p58__z1p00__lam0p005__nu1p00__psi0p50,hardzero_plus_depr,0.07,32,688,0.0,6,0.2558509,0.2637933,0.90931845,0.12322009,0.12322009,1.0,0.007942373,0.0644568,-26.209291,2.0005405,0.6668469,0.15200001,0.0,0.13291946,0.16499998,0.16999997,2204800
hardzero_plus_depr__c0p58__z1p00__lam0p005__nu1p00__psi0p50,hardzero_plus_depr,0.07,32,689,0.0,6,0.2637933,0.27060923,0.9746577,0.10600888,0.10600888,1.0,0.0068159327,0.064295866,-26.345009,2.1442897,0.7147633,0.14999999,0.0,0.15299822,0.16999997,0.17499997,2208000
hardzero_plus_depr__c0p58__z1p00__lam0p005__nu1p00__psi0p50,hardzero_plus_depr,0.07,32,690,0.0,6,0.27060923,0.27772897,0.95463365,0.11101107,0.11101107,1.0,0.0071197306,0.06413532,-26.061853,2.100236,0.70007867,0.14400001,0.0,0.1690758,0.17499997,0.17999996,2211200
hardzero_plus_depr__c0p58__z1p00__lam0p005__nu1p00__psi0p50,hardzero_plus_depr,0.07,32,691,0.0,6,0.27772897,0.28552526,0.91412324,0.12186438,0.12186438,1.0,0.0077962964,0.063975185,-25.678967,2.0111113,0.67037046,0.224,0.0,0.145891,0.17999996,0.18499996,2214400
hardzero_plus_depr__c0p58__z1p00__lam0p005__nu1p00__psi0p50,hardzero_plus_depr,0.07,32,692,0.0,6,0.28552526,0.29248697,0.9622101,0.109091245,0.109091245,1.0,0.006961706,0.063815445,-26.554974,2.1169045,0.70563483,0.15200001,0.0,0.13389212,0.18499996,0.18999995,2217600
hardzero_plus_depr__c0p58__z1p00__lam0p005__nu1p00__psi0p50,hardzero_plus_depr,0.07,32,693,0.0,6,0.29248697,0.29917127,0.9787845,0.10500634,0.10500634,1.0,0.0066842944,0.06365611,-26.208231,2.153369,0.71778965,0.136,0.0,0.14197873,0.18999995,0.19499995,2220800
hardzero_plus_depr__c0p58__z1p00__lam0p005__nu1p00__psi0p50,hardzero_plus_depr,0.07,32,694,0.0,6,0.29917127,0.30618113,0.95704544,0.1103963,0.1103963,1.0,0.007009852,0.06349716,-26.87793,2.105542,0.7018473,0.23200001,0.0,0.15568413,0.19499995,0.19999994,2224000
hardzero_plus_depr__c0p58__z1p00__lam0p005__nu1p00__psi0p50,hardzero_plus_depr,0.07,32,695,0.0,6,0.30618113,0.313943,0.91170233,0.12254557,0.12254557,1.0,0.0077618677,0.06333862,-26.657867,2.0057852,0.6685951,0.224,0.0,0.17403878,0.19999994,0.20499994,2227200
hardzero_plus_depr__c0p58__z1p00__lam0p005__nu1p00__psi0p50,hardzero_plus_depr,0.07,32,696,0.0,6,0.313943,0.32067922,0.9721662,0.10661881,0.10661881,1.0,0.0067362264,0.06318047,-27.375696,2.1388083,0.7129361,0.16000001,0.0,0.1412319,0.20499994,0.20999993,2230400
hardzero_plus_depr__c0p58__z1p00__lam0p005__nu1p00__psi0p50,hardzero_plus_depr,0.07,32,697,0.0,6,0.32067922,0.3270884,0.9926949,0.10169629,0.10169629,1.0,0.0064091766,0.06302272,-26.782642,2.1839724,0.7279908,0.136,0.0,0.14790632,0.20999993,0.21499993,2233600
hardzero_plus_depr__c0p58__z1p00__lam0p005__nu1p00__psi0p50,hardzero_plus_depr,0.07,32,698,0.0,6,0.3270884,0.3336204,0.9833642,0.103904836,0.103904836,1.0,0.0065320143,0.062865354,-27.673956,2.1634445,0.7211482,0.128,0.0,0.15605566,0.21499993,0.21999992,2236800
hardzero_plus_depr__c0p58__z1p00__lam0p005__nu1p00__psi0p50,hardzero_plus_depr,0.07,32,699,0.0,6,0.3336204,0.34032065,0.97123426,0.10684784,0.10684784,1.0,0.0067002564,0.06270839,-27.135698,2.136758,0.71225274,0.2,0.0,0.16098824,0.21999992,0.22499992,2240000
hardzero_plus_depr__c0p58__z1p00__lam0p005__nu1p00__psi0p50,hardzero_plus_depr,0.07,32,700,0.0,6,0.34032065,0.34824562,0.89724165,0.12669468,0.12669468,1.0,0.007924982,0.06255182,-25.265938,1.973971,0.65799034,0.24000001,0.0,0.14544424,0.22499992,0.22999991,2243200
hardzero_plus_depr__c0p58__z1p00__lam0p005__nu1p00__psi0p50,hardzero_plus_depr,0.07,32,701,0.0,6,0.34824562,0.3556326,0.9266871,0.11838941,0.11838941,1.0,0.0073869824,0.062395632,-25.573168,2.0387523,0.67958415,0.192,0.0,0.13542399,0.22999991,0.23499991,2246400
hardzero_plus_depr__c0p58__z1p00__lam0p005__nu1p00__psi0p50,hardzero_plus_depr,0.07,32,702,0.0,6,0.3556326,0.36305687,0.9234156,0.119284585,0.119284585,1.0,0.007424253,0.062239837,-25.686655,2.031555,0.677185,0.16,0.0,0.12009417,0.23499991,0.2399999,2249600
hardzero_plus_depr__c0p58__z1p00__lam0p005__nu1p00__psi0p50,hardzero_plus_depr,0.07,32,703,0.0,6,0.36305687,0.3699054,0.9573846,0.11031014,0.11031014,1.0,0.0068485425,0.062084433,-26.588514,2.1062882,0.7020961,0.16800001,0.0,0.16865085,0.2399999,0.2449999,2252800
hardzero_plus_depr__c0p58__z1p00__lam0p005__nu1p00__psi0p50,hardzero_plus_depr,0.07,32,704,0.0,6,0.3699054,0.37640676,0.9788927,0.10498018,0.10498018,1.0,0.006501361,0.061929412,-27.749779,2.153607,0.717869,0.256,0.0,0.14891797,0.2449999,0.2499999,2256000
hardzero_plus_depr__c0p58__z1p00__lam0p005__nu1p00__psi0p50,hardzero_plus_depr,0.07,32,705,0.0,6,0.37640676,0.3830682,0.9672418,0.1078346,0.1078346,1.0,0.0066614593,0.061774787,-26.36296,2.1279745,0.70932484,0.192,0.0,0.15111311,0.2499999,0.2549999,2259200
hardzero_plus_depr__c0p58__z1p00__lam0p005__nu1p00__psi0p50,hardzero_plus_depr,0.07,32,706,0.0,6,0.3830682,0.3893754,0.9898905,0.1023551,0.1023551,1.0,0.006307177,0.06162054,-27.525272,2.1778026,0.7259342,0.15200001,0.0,0.14672656,0.2549999,0.2599999,2262400
hardzero_plus_depr__c0p58__z1p00__lam0p005__nu1p00__psi0p50,hardzero_plus_depr,0.07,32,707,0.0,6,0.3893754,0.3962187,0.95337427,0.11133346,0.11133346,1.0,0.006843298,0.061466683,-26.354317,2.0974653,0.6991551,0.112,0.0,0.14972125,0.2599999,0.2649999,2265600
hardzero_plus_depr__c0p58__z1p00__lam0p005__nu1p00__psi0p50,hardzero_plus_depr,0.07,32,708,0.0,6,0.3962187,0.40254378,0.9864869,0.10316041,0.10316041,1.0,0.006325096,0.06131321,-26.28792,2.1703146,0.7234382,0.128,0.0,0.15000252,0.2649999,0.2699999,2268800
hardzero_plus_depr__c0p58__z1p00__lam0p005__nu1p00__psi0p50,hardzero_plus_depr,0.07,32,709,0.0,6,0.40254378,0.4100987,0.908238,0.123527035,0.123527035,1.0,0.0075549283,0.06116012,-25.120417,1.9981635,0.6660545,0.216,0.0,0.14595954,0.2699999,0.2749999,2272000
hardzero_plus_depr__c0p58__z1p00__lam0p005__nu1p00__psi0p50,hardzero_plus_depr,0.07,32,710,0.0,6,0.4100987,0.41725984,0.9303997,0.11738168,0.11738168,1.0,0.0071611525,0.061007414,-26.129066,2.0469203,0.68230677,0.16000001,0.0,0.14179794,0.2749999,0.27999988,2275200
hardzero_plus_depr__c0p58__z1p00__lam0p005__nu1p00__psi0p50,hardzero_plus_depr,0.07,32,711,0.0,6,0.41725984,0.42353505,0.98666906,0.10311716,0.10311716,1.0,0.0062752035,0.060855083,-26.40957,2.1707153,0.7235718,0.16800001,0.0,0.14701411,0.27999988,0.28499988,2278400
hardzero_plus_depr__c0p58__z1p00__lam0p005__nu1p00__psi0p50,hardzero_plus_depr,0.07,32,712,0.0,6,0.42353505,0.43032125,0.9515838,0.11179341,0.11179341,1.0,0.0067862105,0.060703136,-25.902357,2.0935261,0.69784206,0.136,0.0,0.13304126,0.28499988,0.28999987,2281600
hardzero_plus_depr__c0p58__z1p00__lam0p005__nu1p00__psi0p50,hardzero_plus_depr,0.07,32,713,0.0,6,0.43032125,0.437196,0.9448686,0.11353543,0.11353543,1.0,0.0068747476,0.060551565,-25.849695,2.0787525,0.6929175,0.224,0.0,0.14588737,0.28999987,0.29499987,2284800
hardzero_plus_depr__c0p58__z1p00__lam0p005__nu1p00__psi0p50,hardzero_plus_depr,0.07,32,714,0.0,6,0.437196,0.44352588,0.97964317,0.10479892,0.10479892,1.0,0.0063298945,0.060400378,-26.642536,2.155258,0.7184193,0.136,0.0,0.14629637,0.29499987,0.29999986,2288000
hardzero_plus_depr__c0p58__z1p00__lam0p005__nu1p00__psi0p50,hardzero_plus_depr,0.07,32,715,0.0,6,0.44352588,0.45038456,0.94371265,0.11383803,0.11383803,1.0,0.006858691,0.06024956,-27.181396,2.0762093,0.69206977,0.21,0.0,0.15871955,0.29999986,0.30499986,2291200
hardzero_plus_depr__c0p58__z1p00__lam0p005__nu1p00__psi0p50,hardzero_plus_depr,0.07,32,716,0.0,6,0.45038456,0.457263,0.94137937,0.114451274,0.114451274,1.0,0.006878422,0.060099132,-26.273432,2.071076,0.69035864,0.18400002,0.0,0.13552612,0.30499986,0.30999985,2294400
hardzero_plus_depr__c0p58__z1p00__lam0p005__nu1p00__psi0p50,hardzero_plus_depr,0.07,32,717,0.0,6,0.457263,0.46332097,0.9954547,0.10105208,0.10105208,1.0,0.006057978,0.059949066,-27.576376,2.1900442,0.73001474,0.14400001,0.0,0.15358454,0.30999985,0.31499985,2297600
hardzero_plus_depr__c0p58__z1p00__lam0p005__nu1p00__psi0p50,hardzero_plus_depr,0.07,32,718,0.0,6,0.46332097,0.46968788,0.97276866,0.10647099,0.10647099,1.0,0.0063668997,0.059799384,-26.435955,2.1401339,0.71337795,0.16800001,0.0,0.15508118,0.31499985,0.31999984,2300800
hardzero_plus_depr__c0p58__z1p00__lam0p005__nu1p00__psi0p50,hardzero_plus_depr,0.07,32,719,0.0,6,0.46968788,0.4756873,0.99750096,0.100577086,0.100577086,1.0,0.00599943,0.059650067,-27.164932,2.194546,0.73151535,0.15200001,0.0,0.19034655,0.31999984,0.32499984,2304000
hardzero_plus_depr__c0p58__z1p00__lam0p005__nu1p00__psi0p50,hardzero_plus_depr,0.07,32,720,0.0,6,0.4756873,0.48242983,0.945701,0.113318026,0.113318026,1.0,0.006742551,0.059501134,-26.673697,2.0805838,0.69352794,0.208,0.0,0.13249573,0.32499984,0.32999983,2307200
hardzero_plus_depr__c0p58__z1p00__lam0p005__nu1p00__psi0p50,hardzero_plus_depr,0.07,32,721,0.0,6,0.48242983,0.48907024,0.9512442,0.11188086,0.11188086,1.0,0.006640416,0.059352566,-25.584433,2.092779,0.697593,0.23200001,0.0,0.14443815,0.32999983,0.33499983,2310400
hardzero_plus_depr__c0p58__z1p00__lam0p005__nu1p00__psi0p50,hardzero_plus_depr,0.07,32,722,0.0,6,0.48907024,0.49521175,0.98407763,0.10373429,0.10373429,1.0,0.006141524,0.059204374,-27.122,2.165014,0.72167134,0.18400002,0.0,0.15644681,0.33499983,0.33999982,2313600
hardzero_plus_depr__c0p58__z1p00__lam0p005__nu1p00__psi0p50,hardzero_plus_depr,0.07,32,723,0.0,6,0.49521175,0.50209594,0.9334163,0.11656916,0.11656916,1.0,0.0068841716,0.059056543,-26.19071,2.053557,0.684519,0.112,0.0,0.16383594,0.33999982,0.34499982,2316800
hardzero_plus_depr__c0p58__z1p00__lam0p005__nu1p00__psi0p50,hardzero_plus_depr,0.07,32,724,0.0,6,0.50209594,0.5083451,0.9743589,0.10608184,0.10608184,1.0,0.0062491847,0.05890909,-27.388178,2.1436324,0.7145442,0.208,0.0,0.17595252,0.34499982,0.34999982,2320000
hardzero_plus_depr__c0p58__z1p00__lam0p005__nu1p00__psi0p50,hardzero_plus_depr,0.07,32,725,0.0,6,0.5083451,0.514959,0.9486418,0.11255328,0.11255328,1.0,0.0066138557,0.058761995,-25.523642,2.0870535,0.69568455,0.17600001,0.0,0.11808687,0.34999982,0.3549998,2323200
hardzero_plus_depr__c0p58__z1p00__lam0p005__nu1p00__psi0p50,hardzero_plus_depr,0.07,32,726,0.0,6,0.514959,0.522434,0.8943974,0.12752715,0.12752715,1.0,0.0074750395,0.05861528,-25.550251,1.9677135,0.65590453,0.256,0.0,0.1265819,0.3549998,0.3599998,2326400
hardzero_plus_depr__c0p58__z1p00__lam0p005__nu1p00__psi0p50,hardzero_plus_depr,0.07,32,727,0.0,6,0.522434,0.52913326,0.94089806,0.114578165,0.114578165,1.0,0.0066992613,0.05846892,-25.257544,2.070017,0.6900057,0.15200001,0.0,0.12960406,0.3599998,0.3649998,2329600
hardzero_plus_depr__c0p58__z1p00__lam0p005__nu1p00__psi0p50,hardzero_plus_depr,0.07,32,728,0.0,6,0.52913326,0.53548396,0.96301734,0.10888866,0.10888866,1.0,0.006350706,0.05832293,-27.108656,2.1186805,0.7062268,0.22,0.0,0.17188813,0.3649998,0.3699998,2332800
hardzero_plus_depr__c0p58__z1p00__lam0p005__nu1p00__psi0p50,hardzero_plus_depr,0.07,32,729,0.0,6,0.53548396,0.5414867,0.98640436,0.10318002,0.10318002,1.0,0.0060027353,0.058177304,-26.667736,2.1701329,0.72337765,0.128,0.0,0.14254819,0.3699998,0.3749998,2336000
hardzero_plus_depr__c0p58__z1p00__lam0p005__nu1p00__psi0p50,hardzero_plus_depr,0.07,32,730,0.0,6,0.5414867,0.54833454,0.9281141,0.118001044,0.118001044,1.0,0.0068478417,0.058032043,-25.886072,2.0418918,0.6806306,0.16800001,0.0,0.12241023,0.3749998,0.3799998,2339200
hardzero_plus_depr__c0p58__z1p00__lam0p005__nu1p00__psi0p50,hardzero_plus_depr,0.07,32,731,0.0,6,0.54833454,0.55441713,0.9784919,0.10507711,0.10507711,1.0,0.006082614,0.057887144,-27.174305,2.1527252,0.7175751,0.192,0.0,0.15569934,0.3799998,0.38499978,2342400
hardzero_plus_depr__c0p58__z1p00__lam0p005__nu1p00__psi0p50,hardzero_plus_depr,0.07,32,732,0.0,6,0.55441713,0.5613716,0.9192306,0.12043962,0.12043962,1.0,0.006954498,0.05774261,-25.9133,2.0223477,0.6741159,0.224,0.0,0.14014882,0.38499978,0.38999978,2345600
hardzero_plus_depr__c0p58__z1p00__lam0p005__nu1p00__psi0p50,hardzero_plus_depr,0.07,32,733,0.0,6,0.5613716,0.5672367,0.99213713,0.10182698,0.10182698,1.0,0.0058650747,0.057598434,-26.524477,2.1827452,0.72758174,0.120000005,0.0,0.1386012,0.38999978,0.39499977,2348800
hardzero_plus_depr__c0p58__z1p00__lam0p005__nu1p00__psi0p50,hardzero_plus_depr,0.07,32,734,0.0,6,0.5672367,0.5750206,0.8681295,0.13547854,0.13547854,1.0,0.007783868,0.05745462,-24.738384,1.909923,0.636641,0.24000001,0.0,0.1212954,0.39499977,0.39999977,2352000
hardzero_plus_depr__c0p58__z1p00__lam0p005__nu1p00__psi0p50,hardzero_plus_depr,0.07,32,735,0.0,6,0.5750206,0.5811425,0.9713528,0.10681867,0.10681867,1.0,0.0061219023,0.057311162,-27.150818,2.137019,0.71233964,0.18400002,0.0,0.12550084,0.39999977,0.40499976,2355200
hardzero_plus_depr__c0p58__z1p00__lam0p005__nu1p00__psi0p50,hardzero_plus_depr,0.07,32,736,1.0,7,0.5811425,0.0082301805,0.9066494,0.123979695,0.123979695,1.0,0.0070876786,0.05716806,-25.57904,1.9946685,0.6648895,0.24000001,0.0,0.1386066,0.40499976,0.0,2358400
hardzero_plus_depr__c0p58__z1p00__lam0p005__nu1p00__psi0p50,hardzero_plus_depr,0.07,32,737,0.0,7,0.0082301805,0.01689718,0.90722936,0.12381425,0.12381425,1.0,0.008666998,0.07,-26.53303,1.9959445,0.66531485,0.192,0.0,0.15344043,0.0,0.005,2361600
hardzero_plus_depr__c0p58__z1p00__lam0p005__nu1p00__psi0p50,hardzero_plus_depr,0.07,32,738,0.0,7,0.01689718,0.02477872,0.94740117,0.112875275,0.112875275,1.0,0.007881541,0.06982522,-26.486528,2.0843241,0.69477475,0.24000001,0.0,0.14183845,0.005,0.01,2364800
hardzero_plus_depr__c0p58__z1p00__lam0p005__nu1p00__psi0p50,hardzero_plus_depr,0.07,32,739,0.0,7,0.02477872,0.032446034,0.9582833,0.1100821,0.1100821,1.0,0.0076673143,0.06965087,-26.539152,2.1082654,0.70275515,0.104,0.0,0.15970244,0.01,0.015,2368000
hardzero_plus_depr__c0p58__z1p00__lam0p005__nu1p00__psi0p50,hardzero_plus_depr,0.07,32,740,0.0,7,0.032446034,0.04110609,0.9043201,0.12464645,0.12464645,1.0,0.008660057,0.06947696,-24.676733,1.989544,0.66318136,0.224,0.0,0.13355969,0.015,0.02,2371200
hardzero_plus_depr__c0p58__z1p00__lam0p005__nu1p00__psi0p50,hardzero_plus_depr,0.07,32,741,0.0,7,0.04110609,0.04900226,0.9433387,0.11393608,0.11393608,1.0,0.007896168,0.06930349,-26.539886,2.0753865,0.6917955,0.19999999,0.0,0.12743019,0.02,0.024999999,2374400
hardzero_plus_depr__c0p58__z1p00__lam0p005__nu1p00__psi0p50,hardzero_plus_depr,0.07,32,742,0.0,7,0.04900226,0.056760356,0.9499142,0.11222402,0.11222402,1.0,0.0077580963,0.06913044,-25.660118,2.089853,0.6966177,0.17600001,0.0,0.13492541,0.024999999,0.029999997,2377600
hardzero_plus_depr__c0p58__z1p00__lam0p005__nu1p00__psi0p50,hardzero_plus_depr,0.07,32,743,0.0,7,0.056760356,0.06566726,0.88885707,0.12916443,0.12916443,1.0,0.008906899,0.068957835,-24.917341,1.9555246,0.6518415,0.224,0.0,0.118052825,0.029999997,0.034999996,2380800
hardzero_plus_depr__c0p58__z1p00__lam0p005__nu1p00__psi0p50,hardzero_plus_depr,0.07,32,744,0.0,7,0.06566726,0.07346355,0.9456097,0.11334185,0.11334185,1.0,0.007796293,0.06878565,-26.407907,2.0803828,0.69346094,0.23200001,0.0,0.16741563,0.034999996,0.039999995,2384000
hardzero_plus_depr__c0p58__z1p00__lam0p005__nu1p00__psi0p50,hardzero_plus_depr,0.07,32,745,0.0,7,0.07346355,0.081361815,0.93888056,0.115111694,0.115111694,1.0,0.007898264,0.06861391,-26.240427,2.0655785,0.68852615,0.24000001,0.0,0.14524247,0.039999995,0.044999994,2387200
hardzero_plus_depr__c0p58__z1p00__lam0p005__nu1p00__psi0p50,hardzero_plus_depr,0.07,32,746,0.0,7,0.081361815,0.08976832,0.9107109,0.12282565,0.12282565,1.0,0.008406505,0.06844258,-25.705032,2.003604,0.667868,0.18400002,0.008,0.13533832,0.044999994,0.049999993,2390400
hardzero_plus_depr__c0p58__z1p00__lam0p005__nu1p00__psi0p50,hardzero_plus_depr,0.07,32,747,0.0,7,0.08976832,0.09756979,0.94206405,0.11427096,0.11427096,1.0,0.0078014727,0.0682717,-27.018604,2.0725822,0.69086075,0.192,0.0,0.15697253,0.049999993,0.054999992,2393600
hardzero_plus_depr__c0p58__z1p00__lam0p005__nu1p00__psi0p50,hardzero_plus_depr,0.07,32,748,0.0,7,0.09756979,0.10550981,0.93333334,0.116591424,0.116591424,1.0,0.0079400195,0.06810123,-25.910612,2.0533743,0.68445814,0.17600001,0.0,0.14650688,0.054999992,0.05999999,2396800
hardzero_plus_depr__c0p58__z1p00__lam0p005__nu1p00__psi0p50,hardzero_plus_depr,0.07,32,749,0.0,7,0.10550981,0.11309538,0.9520808,0.11166554,0.11166554,1.0,0.007585573,0.06793119,-25.482481,2.0946195,0.69820654,0.16800001,0.0,0.13918379,0.05999999,0.06499999,2400000
hardzero_plus_depr__c0p58__z1p00__lam0p005__nu1p00__psi0p50,hardzero_plus_depr,0.07,32,750,0.0,7,0.11309538,0.121405765,0.9113623,0.12264156,0.12264156,1.0,0.008310385,0.06776157,-25.7664,2.005037,0.6683457,0.224,0.0,0.121565655,0.06499999,0.06999999,2403200
hardzero_plus_depr__c0p58__z1p00__lam0p005__nu1p00__psi0p50,hardzero_plus_depr,0.07,32,751,0.0,7,0.121405765,0.12928146,0.9336087,0.11651754,0.11651754,1.0,0.007875698,0.06759238,-26.245872,2.05398,0.6846601,0.24000001,0.0,0.14122163,0.06999999,0.074999996,2406400
hardzero_plus_depr__c0p58__z1p00__lam0p005__nu1p00__psi0p50,hardzero_plus_depr,0.07,32,752,0.0,7,0.12928146,0.13705076,0.9384297,0.115231246,0.115231246,1.0,0.0077693067,0.06742361,-26.210907,2.0645866,0.6881956,0.18400002,0.0,0.14135519,0.074999996,0.08,2409600
hardzero_plus_depr__c0p58__z1p00__lam0p005__nu1p00__psi0p50,hardzero_plus_depr,0.07,32,753,0.0,7,0.13705076,0.14525118,0.9138901,0.1219298,0.1219298,1.0,0.008200421,0.067255266,-26.38714,2.0105984,0.6701995,0.224,0.0,0.15620723,0.08,0.085,2412800
hardzero_plus_depr__c0p58__z1p00__lam0p005__nu1p00__psi0p50,hardzero_plus_depr,0.07,32,754,0.0,7,0.14525118,0.15251195,0.9656581,0.108228564,0.108228564,1.0,0.0072607654,0.06708733,-25.485054,2.1244903,0.70816344,0.13,0.0,0.12510271,0.085,0.09,2416000
hardzero_plus_depr__c0p58__z1p00__lam0p005__nu1p00__psi0p50,hardzero_plus_depr,0.07,32,755,0.0,7,0.15251195,0.15998626,0.9519841,0.11169041,0.11169041,1.0,0.007474303,0.066919826,-25.78515,2.0944068,0.6981356,0.216,0.0,0.1478332,0.09,0.095000006,2419200
hardzero_plus_depr__c0p58__z1p00__lam0p005__nu1p00__psi0p50,hardzero_plus_depr,0.07,32,756,0.0,7,0.15998626,0.16692768,0.9830208,0.10398704,0.10398704,1.0,0.006941419,0.06675273,-26.145193,2.162689,0.72089636,0.15200001,0.0,0.15139046,0.095000006,0.10000001,2422400
hardzero_plus_depr__c0p58__z1p00__lam0p005__nu1p00__psi0p50,hardzero_plus_depr,0.07,32,757,0.0,7,0.16692768,0.17501552,0.9155505,0.12146455,0.12146455,1.0,0.008087846,0.06658606,-25.606983,2.0142512,0.6714171,0.23200001,0.0,0.16307701,0.10000001,0.10500001,2425600
hardzero_plus_depr__c0p58__z1p00__lam0p005__nu1p00__psi0p50,hardzero_plus_depr,0.07,32,758,0.0,7,0.17501552,0.1828662,0.9273904,0.11819786,0.11819786,1.0,0.007850679,0.0664198,-26.818808,2.0402997,0.6800999,0.14400001,0.0,0.14808549,0.10500001,0.110000014,2428800
hardzero_plus_depr__c0p58__z1p00__lam0p005__nu1p00__psi0p50,hardzero_plus_depr,0.07,32,759,0.0,7,0.1828662,0.19148088,0.8859728,0.13002509,0.13002509,1.0,0.008614677,0.06625396,-25.204533,1.949179,0.6497264,0.208,0.0,0.12975498,0.110000014,0.11500002,2432000
hardzero_plus_depr__c0p58__z1p00__lam0p005__nu1p00__psi0p50,hardzero_plus_depr,0.07,32,760,0.0,7,0.19148088,0.19822429,0.9912462,0.10203608,0.10203608,1.0,0.0067434153,0.066088535,-26.87449,2.1807852,0.7269284,0.16000001,0.0,0.12914915,0.11500002,0.12000002,2435200
hardzero_plus_depr__c0p58__z1p00__lam0p005__nu1p00__psi0p50,hardzero_plus_depr,0.07,32,761,0.0,7,0.19822429,0.20579624,0.9398328,0.11485956,0.11485956,1.0,0.0075719464,0.06592352,-25.882933,2.0676734,0.6892245,0.208,0.008,0.16022664,0.12000002,0.12500001,2438400
hardzero_plus_depr__c0p58__z1p00__lam0p005__nu1p00__psi0p50,hardzero_plus_depr,0.07,32,762,0.0,7,0.20579624,0.21340102,0.93686813,0.115646325,0.115646325,1.0,0.007604777,0.065758914,-26.380388,2.061151,0.68705034,0.192,0.0,0.13067096,0.12500001,0.13000001,2441600
hardzero_plus_depr__c0p58__z1p00__lam0p005__nu1p00__psi0p50,hardzero_plus_depr,0.07,32,763,0.0,7,0.21340102,0.22046252,0.9679718,0.1076535,0.1076535,1.0,0.007061501,0.06559472,-26.94085,2.1295805,0.7098602,0.24800001,0.0,0.15116008,0.13000001,0.135,2444800
hardzero_plus_depr__c0p58__z1p00__lam0p005__nu1p00__psi0p50,hardzero_plus_depr,0.07,32,764,0.0,7,0.22046252,0.22889724,0.8897119,0.12891044,0.12891044,1.0,0.008434731,0.06543094,-24.809088,1.9574053,0.65246844,0.2,0.0,0.14009985,0.135,0.14,2448000
hardzero_plus_depr__c0p58__z1p00__lam0p005__nu1p00__psi0p50,hardzero_plus_depr,0.07,32,765,0.0,7,0.22889724,0.23588282,0.9704953,0.1070298,0.1070298,1.0,0.0069855754,0.06526757,-26.421507,2.1351323,0.7117108,0.17600001,0.0,0.15975967,0.14,0.145,2451200
hardzero_plus_depr__c0p58__z1p00__lam0p005__nu1p00__psi0p50,hardzero_plus_depr,0.07,32,766,0.0,7,0.23588282,0.24399976,0.9042193,0.12467537,0.12467537,1.0,0.008116941,0.065104604,-25.9974,1.9893222,0.6631074,0.192,0.0,0.13834989,0.145,0.14999999,2454400
hardzero_plus_depr__c0p58__z1p00__lam0p005__nu1p00__psi0p50,hardzero_plus_depr,0.07,32,767,0.0,7,0.24399976,0.2525628,0.879898,0.13185664,0.13185664,1.0,0.00856304,0.06494205,-24.322937,1.9358143,0.6452714,0.22999999,0.0,0.11625532,0.14999999,0.15499999,2457600
hardzero_plus_depr__c0p58__z1p00__lam0p005__nu1p00__psi0p50,hardzero_plus_depr,0.07,32,768,0.0,7,0.2525628,0.26033556,0.9208648,0.119987264,0.119987264,1.0,0.007772762,0.06477989,-26.481302,2.025943,0.67531437,0.24000001,0.0,0.160489,0.15499999,0.15999998,2460800
hardzero_plus_depr__c0p58__z1p00__lam0p005__nu1p00__psi0p50,hardzero_plus_depr,0.07,32,769,0.0,7,0.26033556,0.26811963,0.91914713,0.120462775,0.120462775,1.0,0.0077840816,0.06461815,-25.690649,2.022164,0.67405474,0.23200001,0.0,0.14791055,0.15999998,0.16499998,2464000
hardzero_plus_depr__c0p58__z1p00__lam0p005__nu1p00__psi0p50,hardzero_plus_depr,0.07,32,770,0.0,7,0.26811963,0.2755124,0.94046265,0.1146931,0.1146931,1.0,0.0073927497,0.0644568,-26.540092,2.0690591,0.6896864,0.2,0.0,0.14869273,0.16499998,0.16999997,2467200
hardzero_plus_depr__c0p58__z1p00__lam0p005__nu1p00__psi0p50,hardzero_plus_depr,0.07,32,771,0.0,7,0.2755124,0.28313842,0.92588496,0.11860829,0.11860829,1.0,0.0076260227,0.064295866,-26.082268,2.0369875,0.67899585,0.24000001,0.0,0.12587512,0.16999997,0.17499997,2470400
hardzero_plus_depr__c0p58__z1p00__lam0p005__nu1p00__psi0p50,hardzero_plus_depr,0.07,32,772,0.0,7,0.28313842,0.29067466,0.9299422,0.117505394,0.117505394,1.0,0.007536246,0.06413532,-25.439537,2.0459137,0.68197125,0.16800001,0.0,0.14940706,0.17499997,0.17999996,2473600
hardzero_plus_depr__c0p58__z1p00__lam0p005__nu1p00__psi0p50,hardzero_plus_depr,0.07,32,773,0.0,7,0.29067466,0.29856503,0.9089133,0.1233351,0.1233351,1.0,0.007890386,0.063975185,-25.882397,1.9996492,0.66654974,0.18400002,0.0,0.15108922,0.17999996,0.18499996,2476800
hardzero_plus_depr__c0p58__z1p00__lam0p005__nu1p00__psi0p50,hardzero_plus_depr,0.07,32,774,0.0,7,0.29856503,0.30594796,0.93669796,0.115691654,0.115691654,1.0,0.0073829144,0.063815445,-26.165537,2.0607767,0.6869256,0.136,0.0,0.14316447,0.18499996,0.18999995,2480000
hardzero_plus_depr__c0p58__z1p00__lam0p005__nu1p00__psi0p50,hardzero_plus_depr,0.07,32,775,0.0,7,0.30594796,0.31358513,0.9209072,0.11997557,0.11997557,1.0,0.0076371776,0.06365611,-26.147034,2.0260363,0.6753454,0.216,0.0,0.14320716,0.18999995,0.19499995,2483200
hardzero_plus_depr__c0p58__z1p00__lam0p005__nu1p00__psi0p50,hardzero_plus_depr,0.07,32,776,0.0,7,0.31358513,0.32048267,0.96406096,0.10862731,0.10862731,1.0,0.0068975263,0.06349716,-26.460527,2.1209764,0.70699215,0.120000005,0.0,0.14354862,0.19499995,0.19999994,2486400
hardzero_plus_depr__c0p58__z1p00__lam0p005__nu1p00__psi0p50,hardzero_plus_depr,0.07,32,777,0.0,7,0.32048267,0.32785603,0.93400323,0.116411746,0.116411746,1.0,0.0073733595,0.06333862,-25.811596,2.0548482,0.6849494,0.192,0.0,0.12112212,0.19999994,0.20499994,2489600
hardzero_plus_depr__c0p58__z1p00__lam0p005__nu1p00__psi0p50,hardzero_plus_depr,0.07,32,778,0.0,7,0.32785603,0.33516574,0.9366836,0.11569549,0.11569549,1.0,0.0073096952,0.06318047,-26.586266,2.060745,0.68691504,0.23200001,0.0,0.13822249,0.20499994,0.20999993,2492800
hardzero_plus_depr__c0p58__z1p00__lam0p005__nu1p00__psi0p50,hardzero_plus_depr,0.07,32,779,0.0,7,0.33516574,0.3430205,0.904364,0.12463385,0.12463385,1.0,0.007854763,0.06302272,-25.996138,1.9896405,0.6632135,0.16800001,0.0,0.13805108,0.20999993,0.21499993,2496000
hardzero_plus_depr__c0p58__z1p00__lam0p005__nu1p00__psi0p50,hardzero_plus_depr,0.07,32,780,0.0,7,0.3430205,0.35029018,0.93689543,0.11563907,0.11563907,1.0,0.0072696907,0.062865354,-26.893236,2.061211,0.68707037,0.17999999,0.0,0.14668886,0.21499993,0.21999992,2499200
hardzero_plus_depr__c0p58__z1p00__lam0p005__nu1p00__psi0p50,hardzero_plus_depr,0.07,32,781,0.0,7,0.35029018,0.35719746,0.958018,0.110149354,0.110149354,1.0,0.006907289,0.06270839,-26.581638,2.1076818,0.7025606,0.16800001,0.0,0.14565986,0.21999992,0.22499992,2502400
hardzero_plus_depr__c0p58__z1p00__lam0p005__nu1p00__psi0p50,hardzero_plus_depr,0.07,32,782,0.0,7,0.35719746,0.36467996,0.9221939,0.11962062,0.11962062,1.0,0.0074824872,0.06255182,-26.354578,2.028867,0.676289,0.224,0.0,0.14769682,0.22499992,0.22999991,2505600
hardzero_plus_depr__c0p58__z1p00__lam0p005__nu1p00__psi0p50,hardzero_plus_depr,0.07,32,783,0.0,7,0.36467996,0.3722702,0.91489905,0.121646866,0.121646866,1.0,0.0075902333,0.062395632,-25.415028,2.012818,0.6709394,0.23200001,0.0,0.1460449,0.22999991,0.23499991,2508800
hardzero_plus_depr__c0p58__z1p00__lam0p005__nu1p00__psi0p50,hardzero_plus_depr,0.07,32,784,0.0,7,0.3722702,0.37964284,0.9264441,0.118455686,0.118455686,1.0,0.0073726624,0.062239837,-24.862724,2.0382178,0.6794059,0.16800001,0.0,0.10924339,0.23499991,0.2399999,2512000
hardzero_plus_depr__c0p58__z1p00__lam0p005__nu1p00__psi0p50,hardzero_plus_depr,0.07,32,785,0.0,7,0.37964284,0.3871108,0.9197804,0.12028725,0.12028725,1.0,0.0074679656,0.062084433,-25.957666,2.0235572,0.67451906,0.28,0.0,0.1478592,0.2399999,0.2449999,2515200
hardzero_plus_depr__c0p58__z1p00__lam0p005__nu1p00__psi0p50,hardzero_plus_depr,0.07,32,786,0.0,7,0.3871108,0.39526096,0.8807315,0.1316038,0.1316038,1.0,0.008150146,0.061929412,-25.489859,1.937648,0.6458827,0.2,0.0,0.16184326,0.2449999,0.2499999,2518400
hardzero_plus_depr__c0p58__z1p00__lam0p005__nu1p00__psi0p50,hardzero_plus_depr,0.07,32,787,0.0,7,0.39526096,0.4028445,0.91094,0.122760884,0.122760884,1.0,0.0075835274,0.061774787,-26.385756,2.004108,0.668036,0.256,0.0,0.1417941,0.2499999,0.2549999,2521600
hardzero_plus_depr__c0p58__z1p00__lam0p005__nu1p00__psi0p50,hardzero_plus_depr,0.07,32,788,0.0,7,0.4028445,0.41039518,0.9117386,0.12253535,0.12253535,1.0,0.0075506945,0.06162054,-25.725388,2.0058649,0.66862166,0.192,0.0,0.136047,0.2549999,0.2599999,2524800
hardzero_plus_depr__c0p58__z1p00__lam0p005__nu1p00__psi0p50,hardzero_plus_depr,0.07,32,789,0.0,7,0.41039518,0.41719458,0.9561685,0.11061947,0.11061947,1.0,0.006799412,0.061466683,-27.076988,2.1036127,0.70120424,0.224,0.008,0.1883361,0.2599999,0.2649999,2528000
hardzero_plus_depr__c0p58__z1p00__lam0p005__nu1p00__psi0p50,hardzero_plus_depr,0.07,32,790,0.0,7,0.41719458,0.4249888,0.89577997,0.12712179,0.12712179,1.0,0.0077942447,0.06131321,-25.722044,1.9707552,0.6569184,0.17600001,0.0,0.16613744,0.2649999,0.2699999,2531200
hardzero_plus_depr__c0p58__z1p00__lam0p005__nu1p00__psi0p50,hardzero_plus_depr,0.07,32,791,0.0,7,0.4249888,0.43288955,0.8887999,0.12918143,0.12918143,1.0,0.007900752,0.06116012,-24.9654,1.9553988,0.6517996,0.28,0.0,0.112889305,0.2699999,0.2749999,2534400
hardzero_plus_depr__c0p58__z1p00__lam0p005__nu1p00__psi0p50,hardzero_plus_depr,0.07,32,792,0.0,7,0.43288955,0.44035733,0.9121912,0.12240772,0.12240772,1.0,0.0074677784,0.061007414,-25.14535,2.0068607,0.6689536,0.24800001,0.0,0.1312783,0.2749999,0.27999988,2537600
hardzero_plus_depr__c0p58__z1p00__lam0p005__nu1p00__psi0p50,hardzero_plus_depr,0.07,32,793,0.0,7,0.44035733,0.44701815,0.96076834,0.109454,0.109454,1.0,0.006660832,0.060855083,-27.089125,2.1137326,0.70457757,0.26,0.01,0.13030668,0.27999988,0.28499988,2540800
hardzero_plus_depr__c0p58__z1p00__lam0p005__nu1p00__psi0p50,hardzero_plus_depr,0.07,32,794,0.0,7,0.44701815,0.45420533,0.92665124,0.11839918,0.11839918,1.0,0.0071872016,0.060703136,-25.657726,2.0386734,0.6795578,0.2,0.0,0.12116862,0.28499988,0.28999987,2544000
hardzero_plus_depr__c0p58__z1p00__lam0p005__nu1p00__psi0p50,hardzero_plus_depr,0.07,32,795,0.0,7,0.45420533,0.46163067,0.91140956,0.12262823,0.12262823,1.0,0.007425331,0.060551565,-25.63816,2.005141,0.6683804,0.2,0.0,0.13379169,0.28999987,0.29499987,2547200
hardzero_plus_depr__c0p58__z1p00__lam0p005__nu1p00__psi0p50,hardzero_plus_depr,0.07,32,796,0.0,7,0.46163067,0.46852627,0.94246703,0.11416501,0.11416501,1.0,0.0068956097,0.060400378,-26.592487,2.073469,0.6911563,0.16800001,0.0,0.17091373,0.29499987,0.29999986,2550400
hardzero_plus_depr__c0p58__z1p00__lam0p005__nu1p00__psi0p50,hardzero_plus_depr,0.07,32,797,0.0,7,0.46852627,0.47518978,0.9562523,0.1105981,0.1105981,1.0,0.006663487,0.06024956,-26.684387,2.103797,0.7012657,0.208,0.0,0.1586868,0.29999986,0.30499986,2553600
hardzero_plus_depr__c0p58__z1p00__lam0p005__nu1p00__psi0p50,hardzero_plus_depr,0.07,32,798,0.0,7,0.47518978,0.48231983,0.9257753,0.11863823,0.11863823,1.0,0.0071300548,0.060099132,-25.626312,2.0367463,0.67891544,0.18400002,0.0,0.12025399,0.30499986,0.30999985,2556800
hardzero_plus_depr__c0p58__z1p00__lam0p005__nu1p00__psi0p50,hardzero_plus_depr,0.07,32,799,0.0,7,0.48231983,0.489151,0.94328743,0.11394952,0.11394952,1.0,0.0068311673,0.059949066,-25.781834,2.0752738,0.6917579,0.2,0.0,0.15637301,0.30999985,0.31499985,2560000
hardzero_plus_depr__c0p58__z1p00__lam0p005__nu1p00__psi0p50,hardzero_plus_depr,0.07,32,800,0.0,7,0.489151,0.49688423,0.8883363,0.12931938,0.12931938,1.0,0.00773322,0.059799384,-25.074093,1.9543788,0.65145963,0.28,0.0,0.14256297,0.31499985,0.31999984,2563200
hardzero_plus_depr__c0p58__z1p00__lam0p005__nu1p00__psi0p50,hardzero_plus_depr,0.07,32,801,0.0,7,0.49688423,0.5032273,0.97331,0.10633836,0.10633836,1.0,0.0063430904,0.059650067,-26.299177,2.1413248,0.7137749,0.15200001,0.0,0.14368162,0.31999984,0.32499984,2566400
hardzero_plus_depr__c0p58__z1p00__lam0p005__nu1p00__psi0p50,hardzero_plus_depr,0.07,32,802,0.0,7,0.5032273,0.5097125,0.9626022,0.108992785,0.108992785,1.0,0.0064851944,0.059501134,-27.54645,2.117767,0.70592237,0.18400002,0.0,0.14435063,0.32499984,0.32999983,2569600
hardzero_plus_depr__c0p58__z1p00__lam0p005__nu1p00__psi0p50,hardzero_plus_depr,0.07,32,803,0.0,7,0.5097125,0.5166546,0.93194854,0.116963774,0.116963774,1.0,0.0069421,0.059352566,-26.573606,2.0503278,0.6834426,0.216,0.0,0.13455535,0.32999983,0.33499983,2572800
hardzero_plus_depr__c0p58__z1p00__lam0p005__nu1p00__psi0p50,hardzero_plus_depr,0.07,32,804,0.0,7,0.5166546,0.52429193,0.88941234,0.12899938,0.12899938,1.0,0.0076373275,0.059204374,-25.5367,1.9567462,0.65224874,0.216,0.0,0.13508792,0.33499983,0.33999982,2576000
hardzero_plus_depr__c0p58__z1p00__lam0p005__nu1p00__psi0p50,hardzero_plus_depr,0.07,32,805,0.0,7,0.52429193,0.53159904,0.90752065,0.12373124,0.12373124,1.0,0.007307139,0.059056543,-25.818825,1.9965852,0.6655284,0.17600001,0.0,0.12522425,0.33999982,0.34499982,2579200
hardzero_plus_depr__c0p58__z1p00__lam0p005__nu1p00__psi0p50,hardzero_plus_depr,0.07,32,806,0.0,7,0.53159904,0.5395939,0.86737406,0.13571441,0.13571441,1.0,0.007994812,0.05890909,-25.211983,1.9082611,0.63608706,0.21,0.0,0.14262713,0.34499982,0.34999982,2582400
hardzero_plus_depr__c0p58__z1p00__lam0p005__nu1p00__psi0p50,hardzero_plus_depr,0.07,32,807,0.0,7,0.5395939,0.54676235,0.91367114,0.12199131,0.12199131,1.0,0.0071684527,0.058761995,-25.583458,2.0101166,0.6700389,0.216,0.0,0.14326568,0.34999982,0.3549998,2585600
hardzero_plus_depr__c0p58__z1p00__lam0p005__nu1p00__psi0p50,hardzero_plus_depr,0.07,32,808,0.0,7,0.54676235,0.5535671,0.93519914,0.11609161,0.11609161,1.0,0.006804742,0.05861528,-26.044909,2.0574791,0.6858264,0.18400002,0.0,0.15726428,0.3549998,0.3599998,2588800
hardzero_plus_depr__c0p58__z1p00__lam0p005__nu1p00__psi0p50,hardzero_plus_depr,0.07,32,809,0.0,7,0.5535671,0.560408,0.93181276,0.11700037,0.11700037,1.0,0.006840885,0.05846892,-26.289143,2.050029,0.68334305,0.23200001,0.0,0.13367304,0.3599998,0.3649998,2592000
hardzero_plus_depr__c0p58__z1p00__lam0p005__nu1p00__psi0p50,hardzero_plus_depr,0.07,32,810,0.0,7,0.560408,0.5676105,0.9083562,0.12349341,0.12349341,1.0,0.007202497,0.05832293,-25.230274,1.9984235,0.66614115,0.14400001,0.0,0.14000256,0.3649998,0.3699998,2595200
hardzero_plus_depr__c0p58__z1p00__lam0p005__nu1p00__psi0p50,hardzero_plus_depr,0.07,32,811,0.0,7,0.5676105,0.5746094,0.9197224,0.120303325,0.120303325,1.0,0.006998923,0.058177304,-26.37622,2.0234296,0.67447656,0.16800001,0.0,0.15028752,0.3699998,0.3749998,2598400
hardzero_plus_depr__c0p58__z1p00__lam0p005__nu1p00__psi0p50,hardzero_plus_depr,0.07,32,812,0.0,7,0.5746094,0.58143955,0.9292383,0.11769599,0.11769599,1.0,0.0068301386,0.058032043,-26.482174,2.0443652,0.6814551,0.16000001,0.0,0.15982443,0.3749998,0.3799998,2601600
hardzero_plus_depr__c0p58__z1p00__lam0p005__nu1p00__psi0p50,hardzero_plus_depr,0.07,32,813,1.0,8,0.58143955,0.008348407,0.9231773,0.11935008,0.11935008,1.0,0.0069088354,0.057887144,-25.593754,2.0310307,0.67701024,0.216,0.0,0.1270619,0.3799998,0.0,2604800
hardzero_plus_depr__c0p58__z1p00__lam0p005__nu1p00__psi0p50,hardzero_plus_depr,0.07,32,814,0.0,8,0.008348407,0.017180018,0.8990582,0.12616585,0.12616585,1.0,0.00883161,0.07,-24.96983,1.9779676,0.65932256,0.23200001,0.0,0.13403332,0.0,0.005,2608000
hardzero_plus_depr__c0p58__z1p00__lam0p005__nu1p00__psi0p50,hardzero_plus_depr,0.07,32,815,0.0,8,0.017180018,0.025590451,0.919194,0.1204498,0.1204498,1.0,0.008410433,0.06982522,-25.899868,2.022267,0.6740891,0.2,0.0,0.12968764,0.005,0.01,2611200
hardzero_plus_depr__c0p58__z1p00__lam0p005__nu1p00__psi0p50,hardzero_plus_depr,0.07,32,816,0.0,8,0.025590451,0.03420207,0.90784174,0.12363979,0.12363979,1.0,0.0086116195,0.06965087,-26.588106,1.9972917,0.6657639,0.2,0.0,0.16731049,0.01,0.015,2614400
hardzero_plus_depr__c0p58__z1p00__lam0p005__nu1p00__psi0p50,hardzero_plus_depr,0.07,32,817,0.0,8,0.03420207,0.04171852,0.96582794,0.108186245,0.108186245,1.0,0.0075164516,0.06947696,-27.609528,2.1248639,0.70828795,0.17600001,0.0,0.16421074,0.015,0.02,2617600
hardzero_plus_depr__c0p58__z1p00__lam0p005__nu1p00__psi0p50,hardzero_plus_depr,0.07,32,818,0.0,8,0.04171852,0.049637202,0.9421022,0.114260934,0.114260934,1.0,0.007918682,0.06930349,-26.068357,2.0726662,0.69088876,0.208,0.0,0.13331756,0.02,0.024999999,2620800
hardzero_plus_depr__c0p58__z1p00__lam0p005__nu1p00__psi0p50,hardzero_plus_depr,0.07,32,819,0.0,8,0.049637202,0.058111105,0.91158587,0.12257844,0.12257844,1.0,0.008473902,0.06913044,-25.975744,2.005529,0.66850966,0.22,0.0,0.1565742,0.024999999,0.029999997,2624000
hardzero_plus_depr__c0p58__z1p00__lam0p005__nu1p00__psi0p50,hardzero_plus_depr,0.07,32,820,0.0,8,0.058111105,0.06548619,0.9708163,0.10695072,0.10695072,1.0,0.0073750904,0.068957835,-25.915815,2.1358385,0.7119462,0.15200001,0.0,0.15216157,0.029999997,0.034999996,2627200
hardzero_plus_depr__c0p58__z1p00__lam0p005__nu1p00__psi0p50,hardzero_plus_depr,0.07,32,821,0.0,8,0.06548619,0.074315906,0.8915514,0.12836559,0.12836559,1.0,0.008829711,0.06878565,-25.413757,1.9614522,0.6538174,0.224,0.0,0.13971876,0.034999996,0.039999995,2630400
hardzero_plus_depr__c0p58__z1p00__lam0p005__nu1p00__psi0p50,hardzero_plus_depr,0.07,32,822,0.0,8,0.074315906,0.082763016,0.9097039,0.123110764,0.123110764,1.0,0.008447111,0.06861391,-25.393541,2.0013885,0.6671295,0.2,0.0,0.1690189,0.039999995,0.044999994,2633600
hardzero_plus_depr__c0p58__z1p00__lam0p005__nu1p00__psi0p50,hardzero_plus_depr,0.07,32,823,0.0,8,0.082763016,0.09166772,0.8857068,0.13010475,0.13010475,1.0,0.008904705,0.06844258,-25.324335,1.9485939,0.6495313,0.264,0.0,0.15127292,0.044999994,0.049999993,2636800
hardzero_plus_depr__c0p58__z1p00__lam0p005__nu1p00__psi0p50,hardzero_plus_depr,0.07,32,824,0.0,8,0.09166772,0.100897,0.8690727,0.13518463,0.13518463,1.0,0.009229284,0.0682717,-25.19988,1.911998,0.6373327,0.192,0.0,0.13944,0.049999993,0.054999992,2640000
hardzero_plus_depr__c0p58__z1p00__lam0p005__nu1p00__psi0p50,hardzero_plus_depr,0.07,32,825,0.0,8,0.100897,0.10844748,0.95518047,0.11087138,0.11087138,1.0,0.007550477,0.06810123,-27.035543,2.101439,0.7004797,0.24800001,0.008,0.17225082,0.054999992,0.05999999,2643200
hardzero_plus_depr__c0p58__z1p00__lam0p005__nu1p00__psi0p50,hardzero_plus_depr,0.07,32,826,0.0,8,0.10844748,0.11633274,0.93525285,0.11607725,0.11607725,1.0,0.007885266,0.06793119,-26.15752,2.0575974,0.6858658,0.2,0.0,0.14248258,0.05999999,0.06499999,2646400
hardzero_plus_depr__c0p58__z1p00__lam0p005__nu1p00__psi0p50,hardzero_plus_depr,0.07,32,827,0.0,8,0.11633274,0.12373135,0.9618332,0.10918596,0.10918596,1.0,0.007398612,0.06776157,-27.166285,2.1160753,0.70535845,0.16800001,0.0,0.16283683,0.06499999,0.06999999,2649600
hardzero_plus_depr__c0p58__z1p00__lam0p005__nu1p00__psi0p50,hardzero_plus_depr,0.07,32,828,0.0,8,0.12373135,0.13089526,0.9747482,0.10598679,0.10598679,1.0,0.0071638995,0.06759238,-27.159742,2.1444888,0.7148296,0.17600001,0.0,0.16686463,0.06999999,0.074999996,2652800
hardzero_plus_depr__c0p58__z1p00__lam0p005__nu1p00__psi0p50,hardzero_plus_depr,0.07,32,829,0.0,8,0.13089526,0.13917965,0.91055155,0.12287073,0.12287073,1.0,0.008284388,0.06742361,-25.544735,2.0032535,0.6677512,0.208,0.0,0.15449797,0.074999996,0.08,2656000
hardzero_plus_depr__c0p58__z1p00__lam0p005__nu1p00__psi0p50,hardzero_plus_depr,0.07,32,830,0.0,8,0.13917965,0.1478149,0.89145094,0.12839527,0.12839527,1.0,0.008635258,0.067255266,-25.073528,1.9612312,0.65374374,0.216,0.0,0.16929369,0.08,0.085,2659200
hardzero_plus_depr__c0p58__z1p00__lam0p005__nu1p00__psi0p50,hardzero_plus_depr,0.07,32,831,0.0,8,0.1478149,0.1558941,0.9192719,0.12042817,0.12042817,1.0,0.008079204,0.06708733,-25.459246,2.0224385,0.6741462,0.15200001,0.0,0.13771868,0.085,0.09,2662400
hardzero_plus_depr__c0p58__z1p00__lam0p005__nu1p00__psi0p50,hardzero_plus_depr,0.07,32,832,0.0,8,0.1558941,0.16468093,0.88172305,0.13130368,0.13130368,1.0,0.00878682,0.066919826,-24.592827,1.9398295,0.64660984,0.32,0.0,0.13334878,0.09,0.095000006,2665600
hardzero_plus_depr__c0p58__z1p00__lam0p005__nu1p00__psi0p50,hardzero_plus_depr,0.07,32,833,0.0,8,0.16468093,0.17259423,0.9261111,0.11854654,0.11854654,1.0,0.007913305,0.06675273,-25.228548,2.0374851,0.6791617,0.224,0.0,0.13542214,0.095000006,0.10000001,2668800
hardzero_plus_depr__c0p58__z1p00__lam0p005__nu1p00__psi0p50,hardzero_plus_depr,0.07,32,834,0.0,8,0.17259423,0.18032332,0.93525547,0.11607656,0.11607656,1.0,0.007729081,0.06658606,-26.575216,2.0576031,0.6858677,0.216,0.0,0.14961614,0.10000001,0.10500001,2672000
hardzero_plus_depr__c0p58__z1p00__lam0p005__nu1p00__psi0p50,hardzero_plus_depr,0.07,32,835,0.0,8,0.18032332,0.1878941,0.9431562,0.11398398,0.11398398,1.0,0.0075707934,0.0664198,-26.657925,2.074985,0.6916617,0.128,0.0,0.1419868,0.10500001,0.110000014,2675200
hardzero_plus_depr__c0p58__z1p00__lam0p005__nu1p00__psi0p50,hardzero_plus_depr,0.07,32,836,0.0,8,0.1878941,0.19643521,0.88969743,0.12891474,0.12891474,1.0,0.008541112,0.06625396,-24.879128,1.9573734,0.65245783,0.23200001,0.0,0.15479393,0.110000014,0.11500002,2678400
hardzero_plus_depr__c0p58__z1p00__lam0p005__nu1p00__psi0p50,hardzero_plus_depr,0.07,32,837,0.0,8,0.19643521,0.20445567,0.91592664,0.12135938,0.12135938,1.0,0.008020463,0.066088535,-26.164557,2.0150788,0.67169297,0.24000001,0.0,0.13123949,0.11500002,0.12000002,2681600
hardzero_plus_depr__c0p58__z1p00__lam0p005__nu1p00__psi0p50,hardzero_plus_depr,0.07,32,838,0.0,8,0.20445567,0.2121561,0.9325252,0.116808586,0.116808586,1.0,0.007700433,0.06592352,-25.981092,2.0515964,0.6838655,0.17600001,0.0,0.1449362,0.12000002,0.12500001,2684800
hardzero_plus_depr__c0p58__z1p00__lam0p005__nu1p00__psi0p50,hardzero_plus_depr,0.07,32,839,0.0,8,0.2121561,0.2200762,0.91922367,0.12044154,0.12044154,1.0,0.007920105,0.065758914,-26.485739,2.0223324,0.67411083,0.2,0.0,0.14387794,0.12500001,0.13000001,2688000
hardzero_plus_depr__c0p58__z1p00__lam0p005__nu1p00__psi0p50,hardzero_plus_depr,0.07,32,840,0.0,8,0.2200762,0.22827956,0.9028772,0.12506126,0.12506126,1.0,0.008203358,0.06559472,-26.112867,1.9863695,0.6621232,0.208,0.0,0.15307859,0.13000001,0.135,2691200
hardzero_plus_depr__c0p58__z1p00__lam0p005__nu1p00__psi0p50,hardzero_plus_depr,0.07,32,841,0.0,8,0.22827956,0.23595355,0.9307616,0.1172839,0.1172839,1.0,0.007673996,0.06543094,-26.135262,2.0477164,0.6825721,0.136,0.0,0.15080503,0.135,0.14,2694400
hardzero_plus_depr__c0p58__z1p00__lam0p005__nu1p00__psi0p50,hardzero_plus_depr,0.07,32,842,0.0,8,0.23595355,0.243199,0.9546322,0.11101144,0.11101144,1.0,0.007245447,0.06526757,-26.797995,2.1002328,0.70007765,0.224,0.0,0.14383118,0.14,0.145,2697600
hardzero_plus_depr__c0p58__z1p00__lam0p005__nu1p00__psi0p50,hardzero_plus_depr,0.07,32,843,0.0,8,0.243199,0.2511987,0.9105384,0.122874446,0.122874446,1.0,0.007999692,0.065104604,-26.07541,2.0032244,0.6677415,0.24000001,0.0,0.15105566,0.145,0.14999999,2700800
hardzero_plus_depr__c0p58__z1p00__lam0p005__nu1p00__psi0p50,hardzero_plus_depr,0.07,32,844,0.0,8,0.2511987,0.2593902,0.8991624,0.12613556,0.12613556,1.0,0.008191502,0.06494205,-25.848307,1.9781967,0.6593989,0.192,0.0,0.14285266,0.14999999,0.15499999,2704000
hardzero_plus_depr__c0p58__z1p00__lam0p005__nu1p00__psi0p50,hardzero_plus_depr,0.07,32,845,0.0,8,0.2593902,0.2671779,0.92003155,0.12021772,0.12021772,1.0,0.007787691,0.06477989,-26.20953,2.0241098,0.6747033,0.19999999,0.0,0.11877151,0.15499999,0.15999998,2707200
hardzero_plus_depr__c0p58__z1p00__lam0p005__nu1p00__psi0p50,hardzero_plus_depr,0.07,32,846,0.0,8,0.2671779,0.27408108,0.9713055,0.1068303,0.1068303,1.0,0.006903176,0.06461815,-26.378946,2.1369147,0.71230495,0.16800001,0.0,0.15369928,0.15999998,0.16499998,2710400
hardzero_plus_depr__c0p58__z1p00__lam0p005__nu1p00__psi0p50,hardzero_plus_depr,0.07,32,847,0.0,8,0.27408108,0.28168166,0.92842156,0.11791754,0.11791754,1.0,0.007600587,0.0644568,-25.997383,2.0425682,0.6808561,0.2,0.0,0.16883291,0.16499998,0.16999997,2713600
hardzero_plus_depr__c0p58__z1p00__lam0p005__nu1p00__psi0p50,hardzero_plus_depr,0.07,32,848,0.0,8,0.28168166,0.28955254,0.9121593,0.122416705,0.122416705,1.0,0.007870888,0.064295866,-26.686321,2.0067906,0.66893023,0.17600001,0.0,0.15442903,0.16999997,0.17499997,2716800
hardzero_plus_depr__c0p58__z1p00__lam0p005__nu1p00__psi0p50,hardzero_plus_depr,0.07,32,849,0.0,8,0.28955254,0.29713187,0.9274669,0.11817704,0.11817704,1.0,0.0075793224,0.06413532,-26.614742,2.040468,0.680156,0.24000001,0.0,0.14567378,0.17499997,0.17999996,2720000
hardzero_plus_depr__c0p58__z1p00__lam0p005__nu1p00__psi0p50,hardzero_plus_depr,0.07,32,850,0.0,8,0.29713187,0.30567482,0.8744033,0.1335355,0.1335355,1.0,0.008542959,0.063975185,-25.05313,1.9237257,0.6412419,0.216,0.0,0.1397004,0.17999996,0.18499996,2723200
hardzero_plus_depr__c0p58__z1p00__lam0p005__nu1p00__psi0p50,hardzero_plus_depr,0.07,32,851,0.0,8,0.30567482,0.3129413,0.94360083,0.11386735,0.11386735,1.0,0.0072664954,0.063815445,-26.325708,2.0759633,0.69198775,0.224,0.0,0.14365862,0.18499996,0.18999995,2726400
hardzero_plus_depr__c0p58__z1p00__lam0p005__nu1p00__psi0p50,hardzero_plus_depr,0.07,32,852,0.0,8,0.3129413,0.3206271,0.91815126,0.12073932,0.12073932,1.0,0.007685795,0.06365611,-25.366121,2.019973,0.67332435,0.18400002,0.0,0.14553407,0.18999995,0.19499995,2729600
hardzero_plus_depr__c0p58__z1p00__lam0p005__nu1p00__psi0p50,hardzero_plus_depr,0.07,32,853,0.0,8,0.3206271,0.32827166,0.9194014,0.12039225,0.12039225,1.0,0.0076445662,0.06349716,-25.763977,2.0227234,0.6742412,0.2,0.0,0.1630787,0.19499995,0.19999994,2732800
hardzero_plus_depr__c0p58__z1p00__lam0p005__nu1p00__psi0p50,hardzero_plus_depr,0.07,32,854,0.0,8,0.32827166,0.33564556,0.933971,0.11642037,0.11642037,1.0,0.007373906,0.06333862,-25.575897,2.0547771,0.68492573,0.112,0.0,0.12450882,0.19999994,0.20499994,2736000
hardzero_plus_depr__c0p58__z1p00__lam0p005__nu1p00__psi0p50,hardzero_plus_depr,0.07,32,855,0.0,8,0.33564556,0.34283733,0.9437472,0.113828965,0.113828965,1.0,0.0071917675,0.06318047,-26.743044,2.0762854,0.69209516,0.2,0.0,0.16577739,0.20499994,0.20999993,2739200
hardzero_plus_depr__c0p58__z1p00__lam0p005__nu1p00__psi0p50,hardzero_plus_depr,0.07,32,856,0.0,8,0.34283733,0.35093144,0.8913286,0.12843147,0.12843147,1.0,0.0080941,0.06302272,-25.299704,1.960962,0.65365404,0.18400002,0.0,0.14673975,0.20999993,0.21499993,2742400
hardzero_plus_depr__c0p58__z1p00__lam0p005__nu1p00__psi0p50,hardzero_plus_depr,0.07,32,857,0.0,8,0.35093144,0.35938138,0.871558,0.13441324,0.13441324,1.0,0.008449936,0.062865354,-25.548304,1.9174659,0.6391553,0.18400002,0.0,0.13791947,0.21499993,0.21999992,2745600
hardzero_plus_depr__c0p58__z1p00__lam0p005__nu1p00__psi0p50,hardzero_plus_depr,0.07,32,858,0.0,8,0.35938138,0.36711565,0.9089056,0.123337284,0.123337284,1.0,0.007734283,0.06270839,-25.868168,1.9996324,0.66654414,0.17999999,0.0,0.12756583,0.21999992,0.22499992,2748800
hardzero_plus_depr__c0p58__z1p00__lam0p005__nu1p00__psi0p50,hardzero_plus_depr,0.07,32,859,0.0,8,0.36711565,0.37448743,0.92866796,0.11785065,0.11785065,1.0,0.007371772,0.06255182,-26.296434,2.0431104,0.68103683,0.224,0.0,0.15576485,0.22499992,0.22999991,2752000
hardzero_plus_depr__c0p58__z1p00__lam0p005__nu1p00__psi0p50,hardzero_plus_depr,0.07,32,860,0.0,8,0.37448743,0.38165504,0.9397801,0.1148735,0.1148735,1.0,0.0071676048,0.062395632,-25.773344,2.0675576,0.68918586,0.17600001,0.0,0.14348792,0.22999991,0.23499991,2755200
hardzero_plus_depr__c0p58__z1p00__lam0p005__nu1p00__psi0p50,hardzero_plus_depr,0.07,32,861,0.0,8,0.38165504,0.3896919,0.8889824,0.12912714,0.12912714,1.0,0.008036853,0.062239837,-25.849226,1.9558004,0.6519335,0.24000001,0.0,0.1312201,0.23499991,0.2399999,2758400
hardzero_plus_depr__c0p58__z1p00__lam0p005__nu1p00__psi0p50,hardzero_plus_depr,0.07,32,862,0.0,8,0.3896919,0.3974019,0.90592813,0.12418578,0.12418578,1.0,0.0077100038,0.062084433,-26.072104,1.9930817,0.6643606,0.23200001,0.0,0.15096119,0.2399999,0.2449999,2761600
hardzero_plus_depr__c0p58__z1p00__lam0p005__nu1p00__psi0p50,hardzero_plus_depr,0.07,32,863,0.0,8,0.3974019,0.40432775,0.9514247,0.11183438,0.11183438,1.0,0.006925837,0.061929412,-26.758879,2.0931761,0.6977254,0.16000001,0.0,0.14560735,0.2449999,0.2499999,2764800
hardzero_plus_depr__c0p58__z1p00__lam0p005__nu1p00__psi0p50,hardzero_plus_depr,0.07,32,864,0.0,8,0.40432775,0.41200122,0.90581924,0.12421693,0.12421693,1.0,0.0076734745,0.061774787,-25.451637,1.9928421,0.6642807,0.2,0.0,0.124562,0.2499999,0.2549999,2768000
hardzero_plus_depr__c0p58__z1p00__lam0p005__nu1p00__psi0p50,hardzero_plus_depr,0.07,32,865,0.0,8,0.41200122,0.41939834,0.9206628,0.120043084,0.120043084,1.0,0.00739712,0.06162054,-25.563892,2.0254986,0.67516625,0.192,0.0,0.1417464,0.2549999,0.2599999,2771200
hardzero_plus_depr__c0p58__z1p00__lam0p005__nu1p00__psi0p50,hardzero_plus_depr,0.07,32,866,0.0,8,0.41939834,0.4267351,0.9231358,0.11936146,0.11936146,1.0,0.007336753,0.061466683,-25.861757,2.0309393,0.6769798,0.16000001,0.0,0.14107855,0.2599999,0.2649999,2774400
hardzero_plus_depr__c0p58__z1p00__lam0p005__nu1p00__psi0p50,hardzero_plus_depr,0.07,32,867,0.0,8,0.4267351,0.43418205,0.91557515,0.12145762,0.12145762,1.0,0.0074469564,0.06131321,-25.377916,2.0143056,0.67143524,0.192,0.0,0.13231784,0.2649999,0.2699999,2777600
hardzero_plus_depr__c0p58__z1p00__lam0p005__nu1p00__psi0p50,hardzero_plus_depr,0.07,32,868,0.0,8,0.43418205,0.4418794,0.9001269,0.12585577,0.12585577,1.0,0.0076973545,0.06116012,-25.52164,1.9803187,0.66010624,0.24800001,0.0,0.13685727,0.2699999,0.2749999,2780800
hardzero_plus_depr__c0p58__z1p00__lam0p005__nu1p00__psi0p50,hardzero_plus_depr,0.07,32,869,0.0,8,0.4418794,0.44929874,0.9150163,0.12161403,0.12161403,1.0,0.0074193575,0.061007414,-25.354715,2.013076,0.6710254,0.17600001,0.0,0.1424064,0.2749999,0.27999988,2784000
hardzero_plus_depr__c0p58__z1p00__lam0p005__nu1p00__psi0p50,hardzero_plus_depr,0.07,32,870,0.0,8,0.44929874,0.45628914,0.9397944,0.11486972,0.11486972,1.0,0.0069904067,0.060855083,-25.992645,2.067589,0.68919635,0.17600001,0.0,0.135808,0.27999988,0.28499988,2787200
hardzero_plus_depr__c0p58__z1p00__lam0p005__nu1p00__psi0p50,hardzero_plus_depr,0.07,32,871,0.0,8,0.45628914,0.46316668,0.9457781,0.1132979,0.1132979,1.0,0.006877538,0.060703136,-26.4311,2.0807533,0.69358444,0.17,0.01,0.14509079,0.28499988,0.28999987,2790400
hardzero_plus_depr__c0p58__z1p00__lam0p005__nu1p00__psi0p50,hardzero_plus_depr,0.07,32,872,0.0,8,0.46316668,0.4705855,0.91179156,0.122520395,0.122520395,1.0,0.0074188015,0.060551565,-25.370573,2.0059814,0.6686605,0.18400002,0.0,0.16151911,0.28999987,0.29499987,2793600
hardzero_plus_depr__c0p58__z1p00__lam0p005__nu1p00__psi0p50,hardzero_plus_depr,0.07,32,873,0.0,8,0.4705855,0.47783703,0.92061013,0.12005766,0.12005766,1.0,0.007251528,0.060400378,-26.108423,2.0253828,0.6751276,0.216,0.0,0.15025397,0.29499987,0.29999986,2796800
hardzero_plus_depr__c0p58__z1p00__lam0p005__nu1p00__psi0p50,hardzero_plus_depr,0.07,32,874,0.0,8,0.47783703,0.48497915,0.92612684,0.11854224,0.11854224,1.0,0.0071421177,0.06024956,-25.299894,2.0375197,0.67917323,0.18400002,0.0,0.14133811,0.29999986,0.30499986,2800000
hardzero_plus_depr__c0p58__z1p00__lam0p005__nu1p00__psi0p50,hardzero_plus_depr,0.07,32,875,0.0,8,0.48497915,0.49183643,0.9427167,0.11409937,0.11409937,1.0,0.006857273,0.060099132,-26.43559,2.0740182,0.69133943,0.192,0.0,0.14460164,0.30499986,0.30999985,2803200
hardzero_plus_depr__c0p58__z1p00__lam0p005__nu1p00__psi0p50,hardzero_plus_depr,0.07,32,876,0.0,8,0.49183643,0.49996555,0.8677394,0.1356003,0.1356003,1.0,0.0081291115,0.059949066,-25.269588,1.9090648,0.6363549,0.15200001,0.0,0.121901095,0.30999985,0.31499985,2806400
hardzero_plus_depr__c0p58__z1p00__lam0p005__nu1p00__psi0p50,hardzero_plus_depr,0.07,32,877,0.0,8,0.49996555,0.5067622,0.9443996,0.11365809,0.11365809,1.0,0.006796684,0.059799384,-26.366163,2.0777206,0.69257355,0.128,0.0,0.14029676,0.31499985,0.31999984,2809600
hardzero_plus_depr__c0p58__z1p00__lam0p005__nu1p00__psi0p50,hardzero_plus_depr,0.07,32,878,0.0,8,0.5067622,0.51398164,0.9171083,0.12102964,0.12102964,1.0,0.007219426,0.059650067,-25.791702,2.0176785,0.6725595,0.216,0.0,0.13871911,0.31999984,0.32499984,2812800
hardzero_plus_depr__c0p58__z1p00__lam0p005__nu1p00__psi0p50,hardzero_plus_depr,0.07,32,879,0.0,8,0.51398164,0.52162945,0.8909891,0.12853187,0.12853187,1.0,0.0076477923,0.059501134,-25.149357,1.9602152,0.6534051,0.18400002,0.0,0.12702836,0.32499984,0.32999983,2816000
hardzero_plus_depr__c0p58__z1p00__lam0p005__nu1p00__psi0p50,hardzero_plus_depr,0.07,32,880,0.0,8,0.52162945,0.5294596,0.879671,0.1319256,0.1319256,1.0,0.0078301225,0.059352566,-25.617302,1.9353148,0.64510494,0.216,0.0,0.14383884,0.32999983,0.33499983,2819200
hardzero_plus_depr__c0p58__z1p00__lam0p005__nu1p00__psi0p50,hardzero_plus_depr,0.07,32,881,0.0,8,0.5294596,0.53731066,0.8774264,0.13260917,0.13260917,1.0,0.007851043,0.059204374,-24.73254,1.9303765,0.64345884,0.216,0.0,0.13882355,0.33499983,0.33999982,2822400
hardzero_plus_depr__c0p58__z1p00__lam0p005__nu1p00__psi0p50,hardzero_plus_depr,0.07,32,882,0.0,8,0.53731066,0.54509574,0.88000333,0.13182466,0.13182466,1.0,0.0077851084,0.059056543,-25.405893,1.936046,0.64534867,0.2,0.0,0.12454941,0.33999982,0.34499982,2825600
hardzero_plus_depr__c0p58__z1p00__lam0p005__nu1p00__psi0p50,hardzero_plus_depr,0.07,32,883,0.0,8,0.54509574,0.55246735,0.9026201,0.12513532,0.12513532,1.0,0.0073716077,0.05890909,-25.920326,1.9858038,0.6619346,0.24800001,0.0,0.16014838,0.34499982,0.34999982,2828800
hardzero_plus_depr__c0p58__z1p00__lam0p005__nu1p00__psi0p50,hardzero_plus_depr,0.07,32,884,0.0,8,0.55246735,0.5598959,0.8981926,0.12641756,0.12641756,1.0,0.0074285483,0.058761995,-26.04842,1.9760631,0.6586877,0.17999999,0.0,0.1379153,0.34999982,0.3549998,2832000
hardzero_plus_depr__c0p58__z1p00__lam0p005__nu1p00__psi0p50,hardzero_plus_depr,0.07,32,885,0.0,8,0.5598959,0.5673934,0.89309245,0.12791091,0.12791091,1.0,0.0074975337,0.05861528,-25.367281,1.9648427,0.6549476,0.2,0.0,0.1510671,0.3549998,0.3599998,2835200
hardzero_plus_depr__c0p58__z1p00__lam0p005__nu1p00__psi0p50,hardzero_plus_depr,0.07,32,886,0.0,8,0.5673934,0.57486874,0.8932959,0.12785101,0.12785101,1.0,0.0074753105,0.05846892,-25.119621,1.9652902,0.65509677,0.17600001,0.0,0.12948164,0.3599998,0.3649998,2838400
hardzero_plus_depr__c0p58__z1p00__lam0p005__nu1p00__psi0p50,hardzero_plus_depr,0.07,32,887,0.0,8,0.57486874,0.581721,0.9300031,0.11748891,0.11748891,1.0,0.0068522976,0.05832293,-27.439468,2.0460477,0.6820159,0.264,0.0,0.16302814,0.3649998,0.3699998,2841600
hardzero_plus_depr__c0p58__z1p00__lam0p005__nu1p00__psi0p50,hardzero_plus_depr,0.07,32,888,1.0,9,0.581721,0.008651664,0.92398024,0.119129606,0.119129606,1.0,0.006930639,0.058177304,-26.098877,2.032797,0.6775991,0.192,0.0,0.14359723,0.3699998,0.0,2844800
hardzero_plus_depr__c0p58__z1p00__lam0p005__nu1p00__psi0p50,hardzero_plus_depr,0.07,32,889,0.0,9,0.008651664,0.017413156,0.90251994,0.12516418,0.12516418,1.0,0.008761493,0.07,-24.993061,1.9855835,0.6618612,0.216,0.0,0.14841193,0.0,0.005,2848000
hardzero_plus_depr__c0p58__z1p00__lam0p005__nu1p00__psi0p50,hardzero_plus_depr,0.07,32,890,0.0,9,0.017413156,0.026597273,0.8809749,0.13153009,0.13153009,1.0,0.009184117,0.06982522,-25.046432,1.9381834,0.6460612,0.16800001,0.0,0.15102254,0.005,0.01,2851200
hardzero_plus_depr__c0p58__z1p00__lam0p005__nu1p00__psi0p50,hardzero_plus_depr,0.07,32,891,0.0,9,0.026597273,0.03491949,0.9226876,0.11948472,0.11948472,1.0,0.008322216,0.06965087,-26.033236,2.0299532,0.6766511,0.2,0.0,0.15661545,0.01,0.015,2854400
hardzero_plus_depr__c0p58__z1p00__lam0p005__nu1p00__psi0p50,hardzero_plus_depr,0.07,32,892,0.0,9,0.03491949,0.044515666,0.8597426,0.13812026,0.13812026,1.0,0.009596176,0.06947696,-24.352942,1.8914714,0.6304905,0.23200001,0.0,0.1295849,0.015,0.02,2857600
hardzero_plus_depr__c0p58__z1p00__lam0p005__nu1p00__psi0p50,hardzero_plus_depr,0.07,32,893,0.0,9,0.044515666,0.052596554,0.933296,0.11660146,0.11660146,1.0,0.008080889,0.06930349,-25.489658,2.0532923,0.6844308,0.224,0.0,0.16113584,0.02,0.024999999,2860800
hardzero_plus_depr__c0p58__z1p00__lam0p005__nu1p00__psi0p50,hardzero_plus_depr,0.07,32,894,0.0,9,0.052596554,0.06005551,0.9669913,0.10789681,0.10789681,1.0,0.0074589546,0.06913044,-26.742773,2.1274233,0.70914114,0.16800001,0.0,0.1563535,0.024999999,0.029999997,2864000
hardzero_plus_depr__c0p58__z1p00__lam0p005__nu1p00__psi0p50,hardzero_plus_depr,0.07,32,895,0.0,9,0.06005551,0.06944167,0.8660958,0.13611445,0.13611445,1.0,0.009386158,0.068957835,-25.889416,1.9054488,0.6351496,0.23200001,0.0,0.15853985,0.029999997,0.034999996,2867200
hardzero_plus_depr__c0p58__z1p00__lam0p005__nu1p00__psi0p50,hardzero_plus_depr,0.07,32,896,0.0,9,0.06944167,0.076804906,0.970429,0.10704613,0.10704613,1.0,0.007363238,0.06878565,-27.064228,2.1349864,0.7116622,0.15200001,0.0,0.17184274,0.034999996,0.039999995,2870400
hardzero_plus_depr__c0p58__z1p00__lam0p005__nu1p00__psi0p50,hardzero_plus_depr,0.07,32,897,0.0,9,0.076804906,0.084735624,0.9370996,0.115584716,0.115584716,1.0,0.007930719,0.06861391,-26.725256,2.0616603,0.6872201,0.29,0.0,0.1440913,0.039999995,0.044999994,2873600
hardzero_plus_depr__c0p58__z1p00__lam0p005__nu1p00__psi0p50,hardzero_plus_depr,0.07,32,898,0.0,9,0.084735624,0.092721805,0.9329873,0.116684385,0.116684385,1.0,0.0079861805,0.06844258,-25.485828,2.052613,0.68420434,0.16000001,0.0,0.15470709,0.044999994,0.049999993,2876800
hardzero_plus_depr__c0p58__z1p00__lam0p005__nu1p00__psi0p50,hardzero_plus_depr,0.07,32,899,0.0,9,0.092721805,0.1003731,0.9505059,0.11207121,0.11207121,1.0,0.0076512913,0.0682717,-27.002325,2.0911548,0.69705164,0.216,0.0,0.17444812,0.049999993,0.054999992,2880000
hardzero_plus_depr__c0p58__z1p00__lam0p005__nu1p00__psi0p50,hardzero_plus_depr,0.07,32,900,0.0,9,0.1003731,0.10936442,0.8793314,0.13202877,0.13202877,1.0,0.008991322,0.06810123,-25.19263,1.9345677,0.6448559,0.224,0.0,0.14746833,0.054999992,0.05999999,2883200
hardzero_plus_depr__c0p58__z1p00__lam0p005__nu1p00__psi0p50,hardzero_plus_depr,0.07,32,901,0.0,9,0.10936442,0.11730154,0.9324061,0.116840616,0.116840616,1.0,0.007937122,0.06793119,-26.445072,2.0513344,0.68377817,0.24000001,0.008,0.13858669,0.05999999,0.06499999,2886400
hardzero_plus_depr__c0p58__z1p00__lam0p005__nu1p00__psi0p50,hardzero_plus_depr,0.07,32,902,0.0,9,0.11730154,0.12526594,0.92982996,0.117535755,0.117535755,1.0,0.007964407,0.06776157,-26.464304,2.0456667,0.68188894,0.17600001,0.0,0.14097232,0.06499999,0.06999999,2889600
hardzero_plus_depr__c0p58__z1p00__lam0p005__nu1p00__psi0p50,hardzero_plus_depr,0.07,32,903,0.0,9,0.12526594,0.13312003,0.9348022,0.11619778,0.11619778,1.0,0.0078540845,0.06759238,-27.016657,2.0566058,0.6855353,0.192,0.0,0.17736124,0.06999999,0.074999996,2892800
hardzero_plus_depr__c0p58__z1p00__lam0p005__nu1p00__psi0p50,hardzero_plus_depr,0.07,32,904,0.0,9,0.13312003,0.14172262,0.8941831,0.12759008,0.12759008,1.0,0.008602584,0.06742361,-25.316532,1.9672421,0.6557474,0.15200001,0.0,0.15588577,0.074999996,0.08,2896000
hardzero_plus_depr__c0p58__z1p00__lam0p005__nu1p00__psi0p50,hardzero_plus_depr,0.07,32,905,0.0,9,0.14172262,0.150545,0.88214034,0.13117759,0.13117759,1.0,0.008822383,0.067255266,-24.631197,1.9407475,0.64691585,0.208,0.0,0.14290553,0.08,0.085,2899200
hardzero_plus_depr__c0p58__z1p00__lam0p005__nu1p00__psi0p50,hardzero_plus_depr,0.07,32,906,0.0,9,0.150545,0.15898412,0.9003435,0.12579301,0.12579301,1.0,0.008439117,0.06708733,-25.521345,1.9807953,0.6602651,0.208,0.0,0.14110906,0.085,0.09,2902400
hardzero_plus_depr__c0p58__z1p00__lam0p005__nu1p00__psi0p50,hardzero_plus_depr,0.07,32,907,0.0,9,0.15898412,0.16743663,0.89856917,0.126308,0.126308,1.0,0.008452509,0.066919826,-26.234772,1.9768916,0.6589639,0.208,0.0,0.13829698,0.09,0.095000006,2905600
hardzero_plus_depr__c0p58__z1p00__lam0p005__nu1p00__psi0p50,hardzero_plus_depr,0.07,32,908,0.0,9,0.16743663,0.1751892,0.9350234,0.11613859,0.11613859,1.0,0.0077525685,0.06675273,-26.005783,2.0570927,0.68569756,0.16000001,0.0,0.16293637,0.095000006,0.10000001,2908800
hardzero_plus_depr__c0p58__z1p00__lam0p005__nu1p00__psi0p50,hardzero_plus_depr,0.07,32,909,0.0,9,0.1751892,0.18334031,0.91216606,0.12241482,0.12241482,1.0,0.0081511205,0.06658606,-26.084875,2.0068054,0.6689352,0.136,0.0,0.17815506,0.10000001,0.10500001,2912000
hardzero_plus_depr__c0p58__z1p00__lam0p005__nu1p00__psi0p50,hardzero_plus_depr,0.07,32,910,0.0,9,0.18334031,0.19143733,0.91397184,0.12190686,0.12190686,1.0,0.008097029,0.0664198,-25.291111,2.0107782,0.6702594,0.14,0.0,0.13372445,0.10500001,0.110000014,2915200
hardzero_plus_depr__c0p58__z1p00__lam0p005__nu1p00__psi0p50,hardzero_plus_depr,0.07,32,911,0.0,9,0.19143733,0.19919066,0.9317237,0.11702436,0.11702436,1.0,0.0077533275,0.06625396,-26.413544,2.049833,0.6832777,0.216,0.0,0.13808465,0.110000014,0.11500002,2918400
hardzero_plus_depr__c0p58__z1p00__lam0p005__nu1p00__psi0p50,hardzero_plus_depr,0.07,32,912,0.0,9,0.19919066,0.20751268,0.89989775,0.12592219,0.12592219,1.0,0.008322013,0.066088535,-25.347618,1.9798145,0.6599382,0.2,0.0,0.12931234,0.11500002,0.12000002,2921600
hardzero_plus_depr__c0p58__z1p00__lam0p005__nu1p00__psi0p50,hardzero_plus_depr,0.07,32,913,0.0,9,0.20751268,0.21615155,0.88258296,0.13104396,0.13104396,1.0,0.008638878,0.06592352,-24.867065,1.9417213,0.64724046,0.256,0.0,0.14026542,0.12000002,0.12500001,2924800
hardzero_plus_depr__c0p58__z1p00__lam0p005__nu1p00__psi0p50,hardzero_plus_depr,0.07,32,914,0.0,9,0.21615155,0.22450562,0.8960568,0.1270408,0.1270408,1.0,0.008354065,0.065758914,-25.976397,1.9713643,0.6571214,0.18400002,0.0,0.14155048,0.12500001,0.13000001,2928000
hardzero_plus_depr__c0p58__z1p00__lam0p005__nu1p00__psi0p50,hardzero_plus_depr,0.07,32,915,0.0,9,0.22450562,0.23285691,0.8951153,0.12731649,0.12731649,1.0,0.00835129,0.06559472,-25.559237,1.969293,0.656431,0.16000001,0.0,0.16808978,0.13000001,0.135,2931200
hardzero_plus_depr__c0p58__z1p00__lam0p005__nu1p00__psi0p50,hardzero_plus_depr,0.07,32,916,0.0,9,0.23285691,0.24057256,0.92841095,0.11792044,0.11792044,1.0,0.0077156452,0.06543094,-26.960522,2.0425448,0.6808483,0.264,0.0,0.15165138,0.135,0.14,2934400
hardzero_plus_depr__c0p58__z1p00__lam0p005__nu1p00__psi0p50,hardzero_plus_depr,0.07,32,917,0.0,9,0.24057256,0.24857973,0.9112188,0.122682095,0.122682095,1.0,0.008007162,0.06526757,-26.11953,2.0047214,0.6682405,0.17600001,0.0,0.15940554,0.14,0.145,2937600
hardzero_plus_depr__c0p58__z1p00__lam0p005__nu1p00__psi0p50,hardzero_plus_depr,0.07,32,918,0.0,9,0.24857973,0.25741932,0.86717993,0.13577509,0.13577509,1.0,0.008839583,0.065104604,-24.993416,1.9078339,0.63594466,0.224,0.0,0.1536026,0.145,0.14999999,2940800
hardzero_plus_depr__c0p58__z1p00__lam0p005__nu1p00__psi0p50,hardzero_plus_depr,0.07,32,919,0.0,9,0.25741932,0.2655257,0.9036989,0.12482486,0.12482486,1.0,0.008106382,0.06494205,-25.346813,1.9881773,0.6627258,0.17600001,0.0,0.1261835,0.14999999,0.15499999,2944000
hardzero_plus_depr__c0p58__z1p00__lam0p005__nu1p00__psi0p50,hardzero_plus_depr,0.07,32,920,0.0,9,0.2655257,0.27312055,0.9309211,0.117240824,0.117240824,1.0,0.007594848,0.06477989,-26.003662,2.0480673,0.68268913,0.208,0.0,0.14959367,0.15499999,0.15999998,2947200
hardzero_plus_depr__c0p58__z1p00__lam0p005__nu1p00__psi0p50,hardzero_plus_depr,0.07,32,921,0.0,9,0.27312055,0.28023958,0.95793426,0.110170595,0.110170595,1.0,0.00711902,0.06461815,-26.335987,2.1074975,0.70249915,0.18400002,0.0,0.1557076,0.15999998,0.16499998,2950400
hardzero_plus_depr__c0p58__z1p00__lam0p005__nu1p00__psi0p50,hardzero_plus_depr,0.07,32,922,0.0,9,0.28023958,0.28798354,0.9203064,0.12014164,0.12014164,1.0,0.0077439453,0.0644568,-25.98992,2.0247145,0.6749048,0.18400002,0.0,0.16091228,0.16499998,0.16999997,2953600
hardzero_plus_depr__c0p58__z1p00__lam0p005__nu1p00__psi0p50,hardzero_plus_depr,0.07,32,923,0.0,9,0.28798354,0.29582727,0.9136608,0.121994175,0.121994175,1.0,0.007843721,0.064295866,-25.676615,2.010094,0.6700313,0.25,0.0,0.14274958,0.16999997,0.17499997,2956800
hardzero_plus_depr__c0p58__z1p00__lam0p005__nu1p00__psi0p50,hardzero_plus_depr,0.07,32,924,0.0,9,0.29582727,0.30356726,0.91835606,0.120682396,0.120682396,1.0,0.007740004,0.06413532,-26.84602,2.0204237,0.67347455,0.16800001,0.0,0.15694398,0.17499997,0.17999996,2960000
hardzero_plus_depr__c0p58__z1p00__lam0p005__nu1p00__psi0p50,hardzero_plus_depr,0.07,32,925,0.0,9,0.30356726,0.31157023,0.902761,0.12509471,0.12509471,1.0,0.008002957,0.063975185,-26.03529,1.9861138,0.66203797,0.14400001,0.0,0.15741064,0.17999996,0.18499996,2963200
hardzero_plus_depr__c0p58__z1p00__lam0p005__nu1p00__psi0p50,hardzero_plus_depr,0.07,32,926,0.0,9,0.31157023,0.31971028,0.894299,0.12755603,0.12755603,1.0,0.008140044,0.063815445,-26.113735,1.967497,0.65583235,0.23200001,0.0,0.16284803,0.18499996,0.18999995,2966400
hardzero_plus_depr__c0p58__z1p00__lam0p005__nu1p00__psi0p50,hardzero_plus_depr,0.07,32,927,0.0,9,0.31971028,0.3276054,0.90648204,0.124027476,0.124027476,1.0,0.007895106,0.06365611,-25.935722,1.9943004,0.6647668,0.17600001,0.0,0.16246518,0.18999995,0.19499995,2969600
hardzero_plus_depr__c0p58__z1p00__lam0p005__nu1p00__psi0p50,hardzero_plus_depr,0.07,32,928,0.0,9,0.3276054,0.33608866,0.87419116,0.13360071,0.13360071,1.0,0.008483266,0.06349716,-24.931814,1.9232589,0.64108634,0.2,0.0,0.14133741,0.19499995,0.19999994,2972800
hardzero_plus_depr__c0p58__z1p00__lam0p005__nu1p00__psi0p50,hardzero_plus_depr,0.07,32,929,0.0,9,0.33608866,0.34428748,0.88791686,0.12944436,0.12944436,1.0,0.0081988275,0.06333862,-25.732288,1.953456,0.651152,0.216,0.0,0.16472572,0.19999994,0.20499994,2976000
hardzero_plus_depr__c0p58__z1p00__lam0p005__nu1p00__psi0p50,hardzero_plus_depr,0.07,32,930,0.0,9,0.34428748,0.3518443,0.92224413,0.11960679,0.11960679,1.0,0.0075568133,0.06318047,-26.638767,2.0289776,0.6763259,0.216,0.0,0.15060993,0.20499994,0.20999993,2979200
hardzero_plus_depr__c0p58__z1p00__lam0p005__nu1p00__psi0p50,hardzero_plus_depr,0.07,32,931,0.0,9,0.3518443,0.35983628,0.8968429,0.12681106,0.12681106,1.0,0.007991977,0.06302272,-25.016706,1.9730937,0.6576979,0.18400002,0.0,0.14096017,0.20999993,0.21499993,2982400
hardzero_plus_depr__c0p58__z1p00__lam0p005__nu1p00__psi0p50,hardzero_plus_depr,0.07,32,932,0.0,9,0.35983628,0.3667476,0.958851,0.10993831,0.10993831,1.0,0.006911311,0.062865354,-26.784735,2.1095142,0.70317143,0.15200001,0.0,0.14185524,0.21499993,0.21999992,2985600
hardzero_plus_depr__c0p58__z1p00__lam0p005__nu1p00__psi0p50,hardzero_plus_depr,0.07,32,933,0.0,9,0.3667476,0.3732966,0.98115134,0.10443561,0.10443561,1.0,0.006548989,0.06270839,-27.630468,2.158576,0.71952534,0.2,0.0,0.19373664,0.21999992,0.22499992,2988800
hardzero_plus_depr__c0p58__z1p00__lam0p005__nu1p00__psi0p50,hardzero_plus_depr,0.07,32,934,0.0,9,0.3732966,0.3805321,0.93677187,0.11567196,0.11567196,1.0,0.0072354916,0.06255182,-26.31376,2.0609393,0.6869798,0.16800001,0.0,0.14966263,0.22499992,0.22999991,2992000
hardzero_plus_depr__c0p58__z1p00__lam0p005__nu1p00__psi0p50,hardzero_plus_depr,0.07,32,935,0.0,9,0.3805321,0.38833132,0.90310156,0.124996655,0.124996655,1.0,0.0077992454,0.062395632,-25.934622,1.9868631,0.6622877,0.208,0.0,0.15528446,0.22999991,0.23499991,2995200
hardzero_plus_depr__c0p58__z1p00__lam0p005__nu1p00__psi0p50,hardzero_plus_depr,0.07,32,936,0.0,9,0.38833132,0.39622965,0.8965329,0.12690161,0.12690161,1.0,0.007898335,0.062239837,-25.643328,1.9724118,0.6574706,0.22999999,0.01,0.15217817,0.23499991,0.2399999,2998400
hardzero_plus_depr__c0p58__z1p00__lam0p005__nu1p00__psi0p50,hardzero_plus_depr,0.07,32,937,0.0,9,0.39622965,0.4029793,0.96370065,0.10871748,0.10871748,1.0,0.006749663,0.062084433,-25.698832,2.1201837,0.7067279,0.2,0.0,0.13425902,0.2399999,0.2449999,3001600
hardzero_plus_depr__c0p58__z1p00__lam0p005__nu1p00__psi0p50,hardzero_plus_depr,0.07,32,938,0.0,9,0.4029793,0.4106061,0.9095563,0.12315263,0.12315263,1.0,0.00762677,0.061929412,-26.680727,2.0010638,0.6670213,0.24000001,0.0,0.15216792,0.2449999,0.2499999,3004800
hardzero_plus_depr__c0p58__z1p00__lam0p005__nu1p00__psi0p50,hardzero_plus_depr,0.07,32,939,0.0,9,0.4106061,0.41864446,0.88564277,0.13012396,0.13012396,1.0,0.00803838,0.061774787,-25.120419,1.948453,0.64948434,0.224,0.0,0.15718071,0.2499999,0.2549999,3008000
hardzero_plus_depr__c0p58__z1p00__lam0p005__nu1p00__psi0p50,hardzero_plus_depr,0.07,32,940,0.0,9,0.41864446,0.42610073,0.91720396,0.12100297,0.12100297,1.0,0.0074562686,0.06162054,-26.272028,2.017889,0.6726297,0.256,0.0,0.15646788,0.2549999,0.2599999,3011200
hardzero_plus_depr__c0p58__z1p00__lam0p005__nu1p00__psi0p50,hardzero_plus_depr,0.07,32,941,0.0,9,0.42610073,0.43408498,0.8864059,0.12989551,0.12989551,1.0,0.007984246,0.061466683,-25.77052,1.9501319,0.65004396,0.208,0.0,0.14485927,0.2599999,0.2649999,3014400
hardzero_plus_depr__c0p58__z1p00__lam0p005__nu1p00__psi0p50,hardzero_plus_depr,0.07,32,942,0.0,9,0.43408498,0.44120985,0.9347777,0.11620432,0.11620432,1.0,0.00712486,0.06131321,-26.808363,2.056552,0.6855173,0.18400002,0.0,0.191662,0.2649999,0.2699999,3017600
hardzero_plus_depr__c0p58__z1p00__lam0p005__nu1p00__psi0p50,hardzero_plus_depr,0.07,32,943,0.0,9,0.44120985,0.448101,0.9481762,0.11267402,0.11267402,1.0,0.0068911565,0.06116012,-26.371798,2.0860293,0.69534314,0.216,0.0,0.15013687,0.2699999,0.2749999,3020800
hardzero_plus_depr__c0p58__z1p00__lam0p005__nu1p00__psi0p50,hardzero_plus_depr,0.07,32,944,0.0,9,0.448101,0.45545235,0.9190157,0.120499216,0.120499216,1.0,0.0073513454,0.061007414,-26.015875,2.021875,0.6739583,0.16000001,0.0,0.15739574,0.2749999,0.27999988,3024000
hardzero_plus_depr__c0p58__z1p00__lam0p005__nu1p00__psi0p50,hardzero_plus_depr,0.07,32,945,0.0,9,0.45545235,0.4628846,0.9131767,0.12213026,0.12213026,1.0,0.007432247,0.060855083,-25.81043,2.009029,0.6696763,0.18400002,0.0,0.15630211,0.27999988,0.28499988,3027200
hardzero_plus_depr__c0p58__z1p00__lam0p005__nu1p00__psi0p50,hardzero_plus_depr,0.07,32,946,0.0,9,0.4628846,0.47056517,0.8978181,0.12652662,0.12652662,1.0,0.007680563,0.060703136,-24.918333,1.9752393,0.6584131,0.16800001,0.0,0.17194217,0.28499988,0.28999987,3030400
hardzero_plus_depr__c0p58__z1p00__lam0p005__nu1p00__psi0p50,hardzero_plus_depr,0.07,32,947,0.0,9,0.47056517,0.47818574,0.9001378,0.12585263,0.12585263,1.0,0.0076205735,0.060551565,-25.243711,1.9803426,0.6601142,0.28,0.0,0.16263506,0.28999987,0.29499987,3033600
hardzero_plus_depr__c0p58__z1p00__lam0p005__nu1p00__psi0p50,hardzero_plus_depr,0.07,32,948,0.0,9,0.47818574,0.4858245,0.898018,0.12646839,0.12646839,1.0,0.0076387385,0.060400378,-25.52775,1.975679,0.6585597,0.24000001,0.0,0.17110609,0.29499987,0.29999986,3036800
hardzero_plus_depr__c0p58__z1p00__lam0p005__nu1p00__psi0p50,hardzero_plus_depr,0.07,32,949,0.0,9,0.4858245,0.4936139,0.88844925,0.12928575,0.12928575,1.0,0.0077894097,0.06024956,-25.182299,1.9546274,0.6515425,0.11,0.0,0.13855831,0.29999986,0.30499986,3040000
hardzero_plus_depr__c0p58__z1p00__lam0p005__nu1p00__psi0p50,hardzero_plus_depr,0.07,32,950,0.0,9,0.4936139,0.50063175,0.93266314,0.11677149,0.11677149,1.0,0.0070178653,0.060099132,-26.03979,2.0519,0.68396664,0.136,0.0,0.13807277,0.30499986,0.30999985,3043200
hardzero_plus_depr__c0p58__z1p00__lam0p005__nu1p00__psi0p50,hardzero_plus_depr,0.07,32,951,0.0,9,0.50063175,0.5085183,0.8808982,0.13155334,0.13155334,1.0,0.0078865,0.059949066,-25.780045,1.9380146,0.6460049,0.18400002,0.0,0.15560275,0.30999985,0.31499985,3046400
hardzero_plus_depr__c0p58__z1p00__lam0p005__nu1p00__psi0p50,hardzero_plus_depr,0.07,32,952,0.0,9,0.5085183,0.5155144,0.93183976,0.11699309,0.11699309,1.0,0.0069961147,0.059799384,-26.034052,2.0500884,0.68336284,0.192,0.0,0.1881825,0.31499985,0.31999984,3049600
hardzero_plus_depr__c0p58__z1p00__lam0p005__nu1p00__psi0p50,hardzero_plus_depr,0.07,32,953,0.0,9,0.5155144,0.52337176,0.8803318,0.13172498,0.13172498,1.0,0.007857404,0.059650067,-24.661736,1.9367687,0.6455896,0.224,0.0,0.13238724,0.31999984,0.32499984,3052800
hardzero_plus_depr__c0p58__z1p00__lam0p005__nu1p00__psi0p50,hardzero_plus_depr,0.07,32,954,0.0,9,0.52337176,0.5302302,0.93829817,0.11526615,0.11526615,1.0,0.0068584667,0.059501134,-26.680908,2.0642972,0.6880991,0.18400002,0.0,0.18229821,0.32499984,0.32999983,3056000
hardzero_plus_depr__c0p58__z1p00__lam0p005__nu1p00__psi0p50,hardzero_plus_depr,0.07,32,955,0.0,9,0.5302302,0.53804934,0.8802823,0.13174002,0.13174002,1.0,0.007819108,0.059352566,-26.389708,1.9366597,0.64555323,0.208,0.0,0.16241011,0.32999983,0.33499983,3059200
hardzero_plus_depr__c0p58__z1p00__lam0p005__nu1p00__psi0p50,hardzero_plus_depr,0.07,32,956,0.0,9,0.53804934,0.54500854,0.92979306,0.11754576,0.11754576,1.0,0.006959223,0.059204374,-25.676186,2.0455856,0.6818619,0.128,0.0,0.15411015,0.33499983,0.33999982,3062400
hardzero_plus_depr__c0p58__z1p00__lam0p005__nu1p00__psi0p50,hardzero_plus_depr,0.07,32,957,0.0,9,0.54500854,0.5525485,0.89389807,0.12767383,0.12767383,1.0,0.0075399755,0.059056543,-25.4097,1.9666151,0.6555384,0.216,0.0,0.12598424,0.33999982,0.34499982,3065600
hardzero_plus_depr__c0p58__z1p00__lam0p005__nu1p00__psi0p50,hardzero_plus_depr,0.07,32,958,0.0,9,0.5525485,0.5595965,0.92212,0.11964098,0.11964098,1.0,0.0070479414,0.05890909,-26.490673,2.0287044,0.67623484,0.128,0.0,0.1613375,0.34499982,0.34999982,3068800
hardzero_plus_depr__c0p58__z1p00__lam0p005__nu1p00__psi0p50,hardzero_plus_depr,0.07,32,959,0.0,9,0.5595965,0.5676003,0.8657993,0.13620739,0.13620739,1.0,0.008003818,0.058761995,-25.191126,1.9047965,0.63493216,0.23200001,0.0,0.1499307,0.34999982,0.3549998,3072000
hardzero_plus_depr__c0p58__z1p00__lam0p005__nu1p00__psi0p50,hardzero_plus_depr,0.07,32,960,0.0,9,0.5676003,0.5741289,0.9531899,0.11138074,0.11138074,1.0,0.006528613,0.05861528,-27.048931,2.0970597,0.6990199,0.18400002,0.0,0.16568346,0.3549998,0.3599998,3075200
hardzero_plus_depr__c0p58__z1p00__lam0p005__nu1p00__psi0p50,hardzero_plus_depr,0.07,32,961,0.0,9,0.5741289,0.58132803,0.9096456,0.1231273,0.1231273,1.0,0.00719912,0.05846892,-26.715675,2.0012603,0.6670868,0.16000001,0.0,0.15589803,0.3599998,0.3649998,3078400
hardzero_plus_depr__c0p58__z1p00__lam0p005__nu1p00__psi0p50,hardzero_plus_depr,0.07,32,962,1.0,10,0.58132803,0.00834953,0.9194107,0.12038969,0.12038969,1.0,0.0070214793,0.05832293,-25.40027,2.022744,0.674248,0.14999999,0.0,0.12491463,0.3649998,0.0,3081600
hardzero_plus_depr__c0p58__z1p00__lam0p005__nu1p00__psi0p50,hardzero_plus_depr,0.07,32,963,0.0,10,0.00834953,0.016763534,0.92009526,0.12020006,0.12020006,1.0,0.008414004,0.07,-26.134775,2.02425,0.67475003,0.208,0.0,0.18202215,0.0,0.005,3084800
hardzero_plus_depr__c0p58__z1p00__lam0p005__nu1p00__psi0p50,hardzero_plus_depr,0.07,32,964,0.0,10,0.016763534,0.026264574,0.86624116,0.1360689,0.1360689,1.0,0.00950104,0.06982522,-25.968693,1.9057686,0.63525623,0.216,0.0,0.15123801,0.005,0.01,3088000
hardzero_plus_depr__c0p58__z1p00__lam0p005__nu1p00__psi0p50,hardzero_plus_depr,0.07,32,965,0.0,10,0.026264574,0.035270344,0.88840574,0.12929873,0.12929873,1.0,0.009005769,0.06965087,-25.648697,1.9545317,0.6515106,0.17600001,0.0,0.13617915,0.01,0.015,3091200
hardzero_plus_depr__c0p58__z1p00__lam0p005__nu1p00__psi0p50,hardzero_plus_depr,0.07,32,966,0.0,10,0.035270344,0.044405993,0.88110137,0.13149178,0.13149178,1.0,0.00913565,0.06947696,-24.8312,1.9384618,0.6461539,0.24000001,0.0,0.15902476,0.015,0.02,3094400
hardzero_plus_depr__c0p58__z1p00__lam0p005__nu1p00__psi0p50,hardzero_plus_depr,0.07,32,967,0.0,10,0.044405993,0.053867213,0.86480784,0.1365187,0.1365187,1.0,0.009461222,0.06930349,-24.907494,1.9026153,0.6342051,0.24000001,0.0,0.15385613,0.02,0.024999999,3097600
hardzero_plus_depr__c0p58__z1p00__lam0p005__nu1p00__psi0p50,hardzero_plus_depr,0.07,32,968,0.0,10,0.053867213,0.06308484,0.87505007,0.13333677,0.13333677,1.0,0.00921763,0.06913044,-24.498623,1.9251486,0.64171624,0.16800001,0.0,0.13290966,0.024999999,0.029999997,3100800
hardzero_plus_depr__c0p58__z1p00__lam0p005__nu1p00__psi0p50,hardzero_plus_depr,0.07,32,969,0.0,10,0.06308484,0.072238,0.87701267,0.13273558,0.13273558,1.0,0.009153158,0.068957835,-25.303509,1.9294664,0.64315546,0.18400002,0.0,0.16358483,0.029999997,0.034999996,3104000
hardzero_plus_depr__c0p58__z1p00__lam0p005__nu1p00__psi0p50,hardzero_plus_depr,0.07,32,970,0.0,10,0.072238,0.08129231,0.88064253,0.1316308,0.1316308,1.0,0.00905431,0.06878565,-25.112041,1.9374522,0.6458174,0.272,0.0,0.17978923,0.034999996,0.039999995,3107200
hardzero_plus_depr__c0p58__z1p00__lam0p005__nu1p00__psi0p50,hardzero_plus_depr,0.07,32,971,0.0,10,0.08129231,0.090504915,0.87202984,0.13426727,0.13426727,1.0,0.009212602,0.06861391,-24.963285,1.918504,0.63950133,0.192,0.0,0.15669708,0.039999995,0.044999994,3110400
hardzero_plus_depr__c0p58__z1p00__lam0p005__nu1p00__psi0p50,hardzero_plus_depr,0.07,32,972,0.0,10,0.090504915,0.09903471,0.90438753,0.124627106,0.124627106,1.0,0.008529801,0.06844258,-25.885586,1.9896923,0.6632308,0.16000001,0.0,0.16276929,0.044999994,0.049999993,3113600
hardzero_plus_depr__c0p58__z1p00__lam0p005__nu1p00__psi0p50,hardzero_plus_depr,0.07,32,973,0.0,10,0.09903471,0.10748398,0.9074213,0.12375954,0.12375954,1.0,0.008449273,0.0682717,-25.398628,1.9963667,0.6654556,0.18400002,0.0,0.14536564,0.049999993,0.054999992,3116800
hardzero_plus_depr__c0p58__z1p00__lam0p005__nu1p00__psi0p50,hardzero_plus_depr,0.07,32,974,0.0,10,0.10748398,0.115675986,0.91976476,0.12029157,0.12029157,1.0,0.008192004,0.06810123,-25.929428,2.0235229,0.6745076,0.112,0.0,0.16985299,0.054999992,0.05999999,3120000
hardzero_plus_depr__c0p58__z1p00__lam0p005__nu1p00__psi0p50,hardzero_plus_depr,0.07,32,975,0.0,10,0.115675986,0.12356438,0.93508077,0.11612325,0.11612325,1.0,0.007888391,0.06793119,-27.315742,2.0572188,0.68573964,0.17999999,0.0,0.18675251,0.05999999,0.06499999,3123200
hardzero_plus_depr__c0p58__z1p00__lam0p005__nu1p00__psi0p50,hardzero_plus_depr,0.07,32,976,0.0,10,0.12356438,0.13258941,0.87553436,0.13318817,0.13318817,1.0,0.00902504,0.06776157,-25.442446,1.926214,0.64207137,0.23200001,0.0,0.15038818,0.06499999,0.06999999,3126400
hardzero_plus_depr__c0p58__z1p00__lam0p005__nu1p00__psi0p50,hardzero_plus_depr,0.07,32,977,0.0,10,0.13258941,0.14115062,0.8973625,0.12665942,0.12665942,1.0,0.008561213,0.06759238,-25.80241,1.9742368,0.65807897,0.15200001,0.0,0.15273465,0.06999999,0.074999996,3129600
hardzero_plus_depr__c0p58__z1p00__lam0p005__nu1p00__psi0p50,hardzero_plus_depr,0.07,32,978,0.0,10,0.14115062,0.1504473,0.8604848,0.13788442,0.13788442,1.0,0.009296666,0.06742361,-24.720268,1.8931043,0.6310348,0.17600001,0.0,0.14899099,0.074999996,0.08,3132800
hardzero_plus_depr__c0p58__z1p00__lam0p005__nu1p00__psi0p50,hardzero_plus_depr,0.07,32,979,0.0,10,0.1504473,0.15858455,0.91724795,0.120990716,0.120990716,1.0,0.008137262,0.067255266,-25.773283,2.0179858,0.67266196,0.17600001,0.0,0.14888607,0.08,0.085,3136000
hardzero_plus_depr__c0p58__z1p00__lam0p005__nu1p00__psi0p50,hardzero_plus_depr,0.07,32,980,0.0,10,0.15858455,0.16646805,0.92992115,0.11751107,0.11751107,1.0,0.007883504,0.06708733,-26.188267,2.0458674,0.6819558,0.192,0.016,0.16916326,0.085,0.09,3139200
hardzero_plus_depr__c0p58__z1p00__lam0p005__nu1p00__psi0p50,hardzero_plus_depr,0.07,32,981,0.0,10,0.16646805,0.17433539,0.9297268,0.1175637,0.1175637,1.0,0.007867343,0.066919826,-26.893314,2.0454397,0.68181324,0.16800001,0.0,0.18713273,0.09,0.095000006,3142400
hardzero_plus_depr__c0p58__z1p00__lam0p005__nu1p00__psi0p50,hardzero_plus_depr,0.07,32,982,0.0,10,0.17433539,0.18271884,0.90104586,0.12558974,0.12558974,1.0,0.0083834585,0.06675273,-25.785048,1.9823405,0.6607802,0.192,0.0,0.15772566,0.095000006,0.10000001,3145600
hardzero_plus_depr__c0p58__z1p00__lam0p005__nu1p00__psi0p50,hardzero_plus_depr,0.07,32,983,0.0,10,0.18271884,0.19075413,0.91838217,0.12067515,0.12067515,1.0,0.008035283,0.06658606,-25.620974,2.020481,0.67349374,0.2,0.0,0.17411463,0.10000001,0.10500001,3148800
hardzero_plus_depr__c0p58__z1p00__lam0p005__nu1p00__psi0p50,hardzero_plus_depr,0.07,32,984,0.0,10,0.19075413,0.19812953,0.9545115,0.111042306,0.111042306,1.0,0.007375408,0.0664198,-27.153791,2.0999672,0.6999891,0.16800001,0.0,0.18349096,0.10500001,0.110000014,3152000
hardzero_plus_depr__c0p58__z1p00__lam0p005__nu1p00__psi0p50,hardzero_plus_depr,0.07,32,985,0.0,10,0.19812953,0.20682465,0.88193697,0.13123903,0.13123903,1.0,0.008695105,0.06625396,-25.295294,1.9403001,0.6467667,0.208,0.0,0.14778474,0.110000014,0.11500002,3155200
hardzero_plus_depr__c0p58__z1p00__lam0p005__nu1p00__psi0p50,hardzero_plus_depr,0.07,32,986,0.0,10,0.20682465,0.21601509,0.8567899,0.13906254,0.13906254,1.0,0.009190439,0.066088535,-24.70552,1.8849754,0.62832516,0.208,0.0,0.14657609,0.11500002,0.12000002,3158400
hardzero_plus_depr__c0p58__z1p00__lam0p005__nu1p00__psi0p50,hardzero_plus_depr,0.07,32,987,0.0,10,0.21601509,0.2244662,0.8921264,0.12819576,0.12819576,1.0,0.008451116,0.06592352,-25.062477,1.9627172,0.65423906,0.208,0.0,0.14718127,0.12000002,0.12500001,3161600
hardzero_plus_depr__c0p58__z1p00__lam0p005__nu1p00__psi0p50,hardzero_plus_depr,0.07,32,988,0.0,10,0.2244662,0.23367499,0.8537527,0.14003846,0.14003846,1.0,0.009208777,0.065758914,-24.798985,1.8782934,0.6260978,0.19,0.0,0.17354451,0.12500001,0.13000001,3164800
hardzero_plus_depr__c0p58__z1p00__lam0p005__nu1p00__psi0p50,hardzero_plus_depr,0.07,32,989,0.0,10,0.23367499,0.24068636,0.9710659,0.106889255,0.106889255,1.0,0.0070113707,0.06559472,-27.817661,2.1363876,0.71212924,0.24800001,0.0,0.20477632,0.13000001,0.135,3168000
hardzero_plus_depr__c0p58__z1p00__lam0p005__nu1p00__psi0p50,hardzero_plus_depr,0.07,32,990,0.0,10,0.24068636,0.24927619,0.8817983,0.13128093,0.13128093,1.0,0.008589835,0.06543094,-25.7809,1.939995,0.64666504,0.224,0.0,0.14957765,0.135,0.14,3171200
hardzero_plus_depr__c0p58__z1p00__lam0p005__nu1p00__psi0p50,hardzero_plus_depr,0.07,32,991,0.0,10,0.24927619,0.25765875,0.89132047,0.12843385,0.12843385,1.0,0.008382565,0.06526757,-26.078634,1.9609442,0.6536481,0.2,0.0,0.15768178,0.14,0.145,3174400
hardzero_plus_depr__c0p58__z1p00__lam0p005__nu1p00__psi0p50,hardzero_plus_depr,0.07,32,992,0.0,10,0.25765875,0.26586717,0.8993514,0.12608069,0.12608069,1.0,0.008208433,0.065104604,-25.347567,1.9786127,0.65953755,0.16000001,0.0,0.14795311,0.145,0.14999999,3177600
hardzero_plus_depr__c0p58__z1p00__lam0p005__nu1p00__psi0p50,hardzero_plus_depr,0.07,32,993,0.0,10,0.26586717,0.27485913,0.8586722,0.1384611,0.1384611,1.0,0.008991947,0.06494205,-24.970364,1.8891165,0.62970555,0.24000001,0.0,0.15295482,0.14999999,0.15499999,3180800
hardzero_plus_depr__c0p58__z1p00__lam0p005__nu1p00__psi0p50,hardzero_plus_depr,0.07,32,994,0.0,10,0.27485913,0.28315288,0.89268917,0.12802972,0.12802972,1.0,0.008293752,0.06477989,-26.042572,1.9639554,0.6546518,0.216,0.0,0.16681775,0.15499999,0.15999998,3184000
hardzero_plus_depr__c0p58__z1p00__lam0p005__nu1p00__psi0p50,hardzero_plus_depr,0.07,32,995,0.0,10,0.28315288,0.29170084,0.87849164,0.1322843,0.1322843,1.0,0.008547966,0.06461815,-24.091894,1.9327202,0.6442401,0.312,0.0,0.14167234,0.15999998,0.16499998,3187200
hardzero_plus_depr__c0p58__z1p00__lam0p005__nu1p00__psi0p50,hardzero_plus_depr,0.07,32,996,0.0,10,0.29170084,0.30052826,0.86343485,0.13695097,0.13695097,1.0,0.008827421,0.0644568,-25.388103,1.8995945,0.6331982,0.208,0.0,0.1633838,0.16499998,0.16999997,3190400
hardzero_plus_depr__c0p58__z1p00__lam0p005__nu1p00__psi0p50,hardzero_plus_depr,0.07,32,997,0.0,10,0.30052826,0.30843973,0.9099258,0.12304788,0.12304788,1.0,0.00791147,0.064295866,-26.413866,2.0018768,0.6672923,0.2,0.0,0.16327174,0.16999997,0.17499997,3193600
hardzero_plus_depr__c0p58__z1p00__lam0p005__nu1p00__psi0p50,hardzero_plus_depr,0.07,32,998,0.0,10,0.30843973,0.31759766,0.84530044,0.14279057,0.14279057,1.0,0.009157919,0.06413532,-24.203268,1.859698,0.6198994,0.224,0.0,0.15579803,0.17499997,0.17999996,3196800
hardzero_plus_depr__c0p58__z1p00__lam0p005__nu1p00__psi0p50,hardzero_plus_depr,0.07,32,999,0.0,10,0.31759766,0.32611194,0.87586397,0.13308713,0.13308713,1.0,0.008514274,0.063975185,-25.203903,1.9269392,0.6423131,0.224,0.0,0.16944532,0.17999996,0.18499996,3200000
hardzero_plus_depr__c0p58__z1p00__lam0p005__nu1p00__psi0p50,hardzero_plus_depr,0.07,32,1000,0.0,10,0.32611194,0.33526793,0.84322065,0.14347602,0.14347602,1.0,0.009155986,0.063815445,-24.3456,1.8551224,0.61837417,0.208,0.0,0.147654,0.18499996,0.18999995,3203200
hardzero_plus_depr__c0p58__z1p00__lam0p005__nu1p00__psi0p50,hardzero_plus_depr,0.07,32,1001,0.0,10,0.33526793,0.34324187,0.9021677,0.12526573,0.12526573,1.0,0.007973929,0.06365611,-25.747192,1.9848086,0.66160285,0.19,0.0,0.14845833,0.18999995,0.19499995,3206400
hardzero_plus_depr__c0p58__z1p00__lam0p005__nu1p00__psi0p50,hardzero_plus_depr,0.07,32,1002,0.0,10,0.34324187,0.3512422,0.8996462,0.12599514,0.12599514,1.0,0.008000334,0.06349716,-25.174423,1.9792612,0.65975374,0.208,0.0,0.14379631,0.19499995,0.19999994,3209600
hardzero_plus_depr__c0p58__z1p00__lam0p005__nu1p00__psi0p50,hardzero_plus_depr,0.07,32,1003,0.0,10,0.3512422,0.3585303,0.939055,0.115065455,0.115065455,1.0,0.0072880876,0.06333862,-26.150635,2.0659623,0.6886541,0.192,0.0,0.15402338,0.19999994,0.20499994,3212800
hardzero_plus_depr__c0p58__z1p00__lam0p005__nu1p00__psi0p50,hardzero_plus_depr,0.07,32,1004,0.0,10,0.3585303,0.36664143,0.8915015,0.12838034,0.12838034,1.0,0.00811113,0.06318047,-25.303026,1.9613425,0.6537808,0.192,0.0,0.16273247,0.20499994,0.20999993,3216000
hardzero_plus_depr__c0p58__z1p00__lam0p005__nu1p00__psi0p50,hardzero_plus_depr,0.07,32,1005,0.0,10,0.36664143,0.3738965,0.9388549,0.1151185,0.1151185,1.0,0.007255081,0.06302272,-26.55775,2.065522,0.6885073,0.17600001,0.0,0.14048184,0.20999993,0.21499993,3219200
hardzero_plus_depr__c0p58__z1p00__lam0p005__nu1p00__psi0p50,hardzero_plus_depr,0.07,32,1006,0.0,10,0.3738965,0.38177913,0.9017404,0.12538905,0.12538905,1.0,0.007882628,0.062865354,-24.802916,1.9838685,0.6612895,0.192,0.0,0.1347801,0.21499993,0.21999992,3222400
hardzero_plus_depr__c0p58__z1p00__lam0p005__nu1p00__psi0p50,hardzero_plus_depr,0.07,32,1007,0.0,10,0.38177913,0.38965255,0.90116197,0.12555616,0.12555616,1.0,0.007873424,0.06270839,-26.395096,1.9825959,0.6608653,0.2,0.0,0.16343689,0.21999992,0.22499992,3225600
hardzero_plus_depr__c0p58__z1p00__lam0p005__nu1p00__psi0p50,hardzero_plus_depr,0.07,32,1008,0.0,10,0.38965255,0.397652,0.8931794,0.1278853,0.1278853,1.0,0.007999458,0.06255182,-24.576538,1.965034,0.65501136,0.192,0.0,0.1359203,0.22499992,0.22999991,3228800
hardzero_plus_depr__c0p58__z1p00__lam0p005__nu1p00__psi0p50,hardzero_plus_depr,0.07,32,1009,0.0,10,0.397652,0.40588686,0.8794974,0.13197832,0.13197832,1.0,0.008234871,0.062395632,-25.654005,1.934933,0.6449777,0.32000002,0.0,0.19168213,0.22999991,0.23499991,3232000
hardzero_plus_depr__c0p58__z1p00__lam0p005__nu1p00__psi0p50,hardzero_plus_depr,0.07,32,1010,0.0,10,0.40588686,0.41472268,0.8478209,0.14196429,0.14196429,1.0,0.008835834,0.062239837,-23.902435,1.8652432,0.62174773,0.296,0.0,0.1357781,0.23499991,0.2399999,3235200
hardzero_plus_depr__c0p58__z1p00__lam0p005__nu1p00__psi0p50,hardzero_plus_depr,0.07,32,1011,0.0,10,0.41472268,0.42296374,0.8769999,0.13273947,0.13273947,1.0,0.008241055,0.062084433,-25.576548,1.9294384,0.64314616,0.23200001,0.0,0.15121453,0.2399999,0.2449999,3238400
hardzero_plus_depr__c0p58__z1p00__lam0p005__nu1p00__psi0p50,hardzero_plus_depr,0.07,32,1012,0.0,10,0.42296374,0.4318347,0.8439261,0.14324316,0.14324316,1.0,0.008870965,0.061929412,-23.791899,1.8566744,0.6188915,0.28,0.0,0.13764535,0.2449999,0.2499999,3241600
hardzero_plus_depr__c0p58__z1p00__lam0p005__nu1p00__psi0p50,hardzero_plus_depr,0.07,32,1013,0.0,10,0.4318347,0.43989083,0.8846852,0.13041116,0.13041116,1.0,0.008056122,0.061774787,-25.288378,1.9463463,0.64878213,0.224,0.0,0.14925896,0.2499999,0.2549999,3244800
hardzero_plus_depr__c0p58__z1p00__lam0p005__nu1p00__psi0p50,hardzero_plus_depr,0.07,32,1014,0.0,10,0.43989083,0.4479397,0.883991,0.1306198,0.1306198,1.0,0.008048862,0.06162054,-25.364824,1.9448191,0.64827305,0.19999999,0.0,0.14999937,0.2549999,0.2599999,3248000
hardzero_plus_depr__c0p58__z1p00__lam0p005__nu1p00__psi0p50,hardzero_plus_depr,0.07,32,1015,0.0,10,0.4479397,0.45585522,0.8901597,0.12877758,0.12877758,1.0,0.00791553,0.061466683,-25.253859,1.9583905,0.65279686,0.272,0.0,0.16360116,0.2599999,0.2649999,3251200
hardzero_plus_depr__c0p58__z1p00__lam0p005__nu1p00__psi0p50,hardzero_plus_depr,0.07,32,1016,0.0,10,0.45585522,0.46393898,0.87994033,0.13184378,0.13184378,1.0,0.008083764,0.06131321,-25.454256,1.9359074,0.6453025,0.256,0.0,0.1542426,0.2649999,0.2699999,3254400
hardzero_plus_depr__c0p58__z1p00__lam0p005__nu1p00__psi0p50,hardzero_plus_depr,0.07,32,1017,0.0,10,0.46393898,0.471279,0.92077196,0.120012924,0.120012924,1.0,0.007340005,0.06116012,-25.85113,2.0257387,0.67524624,0.16000001,0.0,0.14963052,0.2699999,0.2749999,3257600
hardzero_plus_depr__c0p58__z1p00__lam0p005__nu1p00__psi0p50,hardzero_plus_depr,0.07,32,1018,0.0,10,0.471279,0.47924954,0.88389504,0.13064867,0.13064867,1.0,0.007970538,0.061007414,-25.461164,1.944608,0.64820266,0.23200001,0.0,0.15774056,0.2749999,0.27999988,3260800
hardzero_plus_depr__c0p58__z1p00__lam0p005__nu1p00__psi0p50,hardzero_plus_depr,0.07,32,1019,0.0,10,0.47924954,0.48715743,0.886236,0.1299463,0.1299463,1.0,0.0079078935,0.060855083,-25.278978,1.9497582,0.6499194,0.18400002,0.0,0.15887614,0.27999988,0.28499988,3264000
hardzero_plus_depr__c0p58__z1p00__lam0p005__nu1p00__psi0p50,hardzero_plus_depr,0.07,32,1020,0.0,10,0.48715743,0.49482083,0.898789,0.12624408,0.12624408,1.0,0.0076634116,0.060703136,-25.484787,1.9773753,0.6591251,0.272,0.0,0.17717828,0.28499988,0.28999987,3267200
hardzero_plus_depr__c0p58__z1p00__lam0p005__nu1p00__psi0p50,hardzero_plus_depr,0.07,32,1021,0.0,10,0.49482083,0.5028917,0.8752048,0.13328928,0.13328928,1.0,0.008070874,0.060551565,-25.255207,1.925489,0.64182967,0.224,0.0,0.19898716,0.28999987,0.29499987,3270400
hardzero_plus_depr__c0p58__z1p00__lam0p005__nu1p00__psi0p50,hardzero_plus_depr,0.07,32,1022,0.0,10,0.5028917,0.51097655,0.8733672,0.13385445,0.13385445,1.0,0.00808486,0.060400378,-24.675816,1.9214462,0.64048207,0.23200001,0.0,0.1518623,0.29499987,0.29999986,3273600
hardzero_plus_depr__c0p58__z1p00__lam0p005__nu1p00__psi0p50,hardzero_plus_depr,0.07,32,1023,0.0,10,0.51097655,0.5185632,0.8999028,0.12592073,0.12592073,1.0,0.0075866682,0.06024956,-25.299591,1.9798257,0.6599419,0.120000005,0.0,0.12931107,0.29999986,0.30499986,3276800
hardzero_plus_depr__c0p58__z1p00__lam0p005__nu1p00__psi0p50,hardzero_plus_depr,0.07,32,1024,0.0,10,0.5185632,0.5266912,0.86888635,0.13524264,0.13524264,1.0,0.008127965,0.060099132,-25.658272,1.9115882,0.63719606,0.208,0.0,0.16327088,0.30499986,0.30999985,3280000
hardzero_plus_depr__c0p58__z1p00__lam0p005__nu1p00__psi0p50,hardzero_plus_depr,0.07,32,1025,0.0,10,0.5266912,0.5343674,0.8926357,0.1280455,0.1280455,1.0,0.007676208,0.059949066,-24.97757,1.9638377,0.6546126,0.2,0.0,0.14568591,0.30999985,0.31499985,3283200
hardzero_plus_depr__c0p58__z1p00__lam0p005__nu1p00__psi0p50,hardzero_plus_depr,0.07,32,1026,0.0,10,0.5343674,0.542031,0.8922646,0.12815496,0.12815496,1.0,0.007663588,0.059799384,-25.344646,1.9630213,0.65434045,0.28,0.008,0.22157542,0.31499985,0.31999984,3286400
hardzero_plus_depr__c0p58__z1p00__lam0p005__nu1p00__psi0p50,hardzero_plus_depr,0.07,32,1027,0.0,10,0.542031,0.5493655,0.91024,0.122958906,0.122958906,1.0,0.007334507,0.059650067,-25.601713,2.002568,0.66752267,0.25,0.0,0.16534388,0.31999984,0.32499984,3289600
hardzero_plus_depr__c0p58__z1p00__lam0p005__nu1p00__psi0p50,hardzero_plus_depr,0.07,32,1028,0.0,10,0.5493655,0.5570199,0.8906153,0.12864256,0.12864256,1.0,0.007654378,0.059501134,-25.109894,1.9593928,0.65313095,0.224,0.0,0.15385537,0.32499984,0.32999983,3292800
hardzero_plus_depr__c0p58__z1p00__lam0p005__nu1p00__psi0p50,hardzero_plus_depr,0.07,32,1029,0.0,10,0.5570199,0.56484675,0.8798501,0.1318712,0.1318712,1.0,0.007826894,0.059352566,-25.691454,1.9357089,0.6452363,0.216,0.0,0.16107666,0.32999983,0.33499983,3296000
hardzero_plus_depr__c0p58__z1p00__lam0p005__nu1p00__psi0p50,hardzero_plus_depr,0.07,32,1030,0.0,10,0.56484675,0.5726531,0.87990665,0.13185401,0.13185401,1.0,0.007806334,0.059204374,-24.881243,1.9358333,0.6452778,0.192,0.0,0.17145725,0.33499983,0.33999982,3299200
hardzero_plus_depr__c0p58__z1p00__lam0p005__nu1p00__psi0p50,hardzero_plus_depr,0.07,32,1031,0.0,10,0.5726531,0.5800413,0.9027301,0.12510364,0.12510364,1.0,0.0073881885,0.059056543,-25.913738,1.9860458,0.6620153,0.24800001,0.0,0.180631,0.33999982,0.34499982,3302400
hardzero_plus_depr__c0p58__z1p00__lam0p005__nu1p00__psi0p50,hardzero_plus_depr,0.07,32,1032,1.0,11,0.5800413,0.007126389,0.91983736,0.120271474,0.120271474,1.0,0.007085083,0.05890909,-25.885017,2.0236826,0.6745609,0.264,0.0,0.14072312,0.34499982,0.0,3305600
hardzero_plus_depr__c0p58__z1p00__lam0p005__nu1p00__psi0p50,hardzero_plus_depr,0.07,32,1033,0.0,11,0.007126389,0.015767165,0.9085453,0.123439655,0.123439655,1.0,0.008640775,0.07,-26.715427,1.9988396,0.6662799,0.18400002,0.0,0.17206553,0.0,0.005,3308800
hardzero_plus_depr__c0p58__z1p00__lam0p005__nu1p00__psi0p50,hardzero_plus_depr,0.07,32,1034,0.0,11,0.015767165,0.024602275,0.89780027,0.12653181,0.12653181,1.0,0.008835111,0.06982522,-25.351767,1.9752,0.65840006,0.192,0.0,0.16249439,0.005,0.01,3312000
hardzero_plus_depr__c0p58__z1p00__lam0p005__nu1p00__psi0p50,hardzero_plus_depr,0.07,32,1035,0.0,11,0.024602275,0.03341935,0.8976022,0.12658954,0.12658954,1.0,0.008817072,0.06965087,-25.37265,1.9747642,0.65825474,0.296,0.0,0.19333713,0.01,0.015,3315200
hardzero_plus_depr__c0p58__z1p00__lam0p005__nu1p00__psi0p50,hardzero_plus_depr,0.07,32,1036,0.0,11,0.03341935,0.042972505,0.86169386,0.13750108,0.13750108,1.0,0.009553157,0.06947696,-24.478153,1.8957644,0.63192147,0.208,0.0,0.14846271,0.015,0.02,3318400
hardzero_plus_depr__c0p58__z1p00__lam0p005__nu1p00__psi0p50,hardzero_plus_depr,0.07,32,1037,0.0,11,0.042972505,0.05202286,0.8840896,0.13059016,0.13059016,1.0,0.009050353,0.06930349,-25.475304,1.9450359,0.64834535,0.224,0.0,0.16649088,0.02,0.024999999,3321600
hardzero_plus_depr__c0p58__z1p00__lam0p005__nu1p00__psi0p50,hardzero_plus_depr,0.07,32,1038,0.0,11,0.05202286,0.062197328,0.8321576,0.14717783,0.14717783,1.0,0.010174468,0.06913044,-25.105091,1.8307832,0.6102611,0.23200001,0.0,0.17452338,0.024999999,0.029999997,3324800
hardzero_plus_depr__c0p58__z1p00__lam0p005__nu1p00__psi0p50,hardzero_plus_depr,0.07,32,1039,0.0,11,0.062197328,0.07110975,0.8885879,0.12924449,0.12924449,1.0,0.008912421,0.068957835,-25.938597,1.9549325,0.6516442,0.224,0.0,0.18209817,0.029999997,0.034999996,3328000
hardzero_plus_depr__c0p58__z1p00__lam0p005__nu1p00__psi0p50,hardzero_plus_depr,0.07,32,1040,0.0,11,0.07110975,0.08113249,0.8365115,0.14570972,0.14570972,1.0,0.010022738,0.06878565,-24.838442,1.8403621,0.61345404,0.24,0.0,0.16835688,0.034999996,0.039999995,3331200
hardzero_plus_depr__c0p58__z1p00__lam0p005__nu1p00__psi0p50,hardzero_plus_depr,0.07,32,1041,0.0,11,0.08113249,0.09006476,0.8854504,0.13018158,0.13018158,1.0,0.008932267,0.06861391,-25.511618,1.9480299,0.6493433,0.24000001,0.0,0.15814464,0.039999995,0.044999994,3334400
hardzero_plus_depr__c0p58__z1p00__lam0p005__nu1p00__psi0p50,hardzero_plus_depr,0.07,32,1042,0.0,11,0.09006476,0.099064834,0.8810802,0.1314982,0.1314982,1.0,0.009000077,0.06844258,-25.544434,1.9384152,0.6461384,0.14400001,0.0,0.15589595,0.044999994,0.049999993,3337600
hardzero_plus_depr__c0p58__z1p00__lam0p005__nu1p00__psi0p50,hardzero_plus_depr,0.07,32,1043,0.0,11,0.099064834,0.10710259,0.92910624,0.1177318,0.1177318,1.0,0.00803775,0.0682717,-26.275791,2.0440745,0.6813582,0.192,0.0,0.17504822,0.049999993,0.054999992,3340800
hardzero_plus_depr__c0p58__z1p00__lam0p005__nu1p00__psi0p50,hardzero_plus_depr,0.07,32,1044,0.0,11,0.10710259,0.11590773,0.8884187,0.12929489,0.12929489,1.0,0.008805141,0.06810123,-25.406666,1.9545602,0.6515201,0.24800001,0.0,0.18040527,0.054999992,0.05999999,3344000
hardzero_plus_depr__c0p58__z1p00__lam0p005__nu1p00__psi0p50,hardzero_plus_depr,0.07,32,1045,0.0,11,0.11590773,0.12463322,0.8912793,0.12844604,0.12844604,1.0,0.008725492,0.06793119,-25.432896,1.9608536,0.65361786,0.23200001,0.0,0.15353292,0.05999999,0.06499999,3347200
hardzero_plus_depr__c0p58__z1p00__lam0p005__nu1p00__psi0p50,hardzero_plus_depr,0.07,32,1046,0.0,11,0.12463322,0.1330033,0.9082546,0.12352229,0.12352229,1.0,0.008370064,0.06776157,-25.915836,1.9982,0.6660667,0.2,0.0,0.1649193,0.06499999,0.06999999,3350400
hardzero_plus_depr__c0p58__z1p00__lam0p005__nu1p00__psi0p50,hardzero_plus_depr,0.07,32,1047,0.0,11,0.1330033,0.14158002,0.8965767,0.12688881,0.12688881,1.0,0.008576717,0.06759238,-26.720978,1.9725081,0.6575027,0.23200001,0.0,0.18137835,0.06999999,0.074999996,3353600
hardzero_plus_depr__c0p58__z1p00__lam0p005__nu1p00__psi0p50,hardzero_plus_depr,0.07,32,1048,0.0,11,0.14158002,0.15074654,0.8666075,0.13595416,0.13595416,1.0,0.00916652,0.06742361,-25.293318,1.9065746,0.63552487,0.18400002,0.0,0.17545371,0.074999996,0.08,3356800
hardzero_plus_depr__c0p58__z1p00__lam0p005__nu1p00__psi0p50,hardzero_plus_depr,0.07,32,1049,0.0,11,0.15074654,0.15922877,0.8992161,0.12611999,0.12611999,1.0,0.008482234,0.067255266,-25.516712,1.978315,0.6594384,0.224,0.0,0.17118984,0.08,0.085,3360000
hardzero_plus_depr__c0p58__z1p00__lam0p005__nu1p00__psi0p50,hardzero_plus_depr,0.07,32,1050,0.0,11,0.15922877,0.16725695,0.92202306,0.11966769,0.11966769,1.0,0.008028186,0.06708733,-25.77179,2.0284913,0.6761638,0.2,0.0,0.14879641,0.085,0.09,3363200
hardzero_plus_depr__c0p58__z1p00__lam0p005__nu1p00__psi0p50,hardzero_plus_depr,0.07,32,1051,0.0,11,0.16725695,0.17601563,0.883116,0.13088322,0.13088322,1.0,0.008758682,0.066919826,-25.414515,1.942894,0.64763135,0.2,0.0,0.17025867,0.09,0.095000006,3366400
hardzero_plus_depr__c0p58__z1p00__lam0p005__nu1p00__psi0p50,hardzero_plus_depr,0.07,32,1052,0.0,11,0.17601563,0.18490924,0.8753913,0.13323206,0.13323206,1.0,0.008893603,0.06675273,-25.262753,1.9258994,0.64196646,0.24000001,0.0,0.16598004,0.095000006,0.10000001,3369600
hardzero_plus_depr__c0p58__z1p00__lam0p005__nu1p00__psi0p50,hardzero_plus_depr,0.07,32,1053,0.0,11,0.18490924,0.19378507,0.8751743,0.13329865,0.13329865,1.0,0.008875832,0.06658606,-25.468988,1.9254218,0.6418073,0.29,0.0,0.15858668,0.10000001,0.10500001,3372800
hardzero_plus_depr__c0p58__z1p00__lam0p005__nu1p00__psi0p50,hardzero_plus_depr,0.07,32,1054,0.0,11,0.19378507,0.20207849,0.90356433,0.12486356,0.12486356,1.0,0.008293413,0.0664198,-25.417349,1.9878812,0.6626271,0.24800001,0.0,0.17768808,0.10500001,0.110000014,3376000
hardzero_plus_depr__c0p58__z1p00__lam0p005__nu1p00__psi0p50,hardzero_plus_depr,0.07,32,1055,0.0,11,0.20207849,0.21089326,0.8760013,0.13304503,0.13304503,1.0,0.0088147605,0.06625396,-25.047138,1.9272413,0.6424138,0.2,0.0,0.16480133,0.110000014,0.11500002,3379200
hardzero_plus_depr__c0p58__z1p00__lam0p005__nu1p00__psi0p50,hardzero_plus_depr,0.07,32,1056,0.0,11,0.21089326,0.21987194,0.86691326,0.13585848,0.13585848,1.0,0.008978687,0.066088535,-24.474619,1.9072473,0.6357491,0.224,0.0,0.1415562,0.11500002,0.12000002,3382400
hardzero_plus_depr__c0p58__z1p00__lam0p005__nu1p00__psi0p50,hardzero_plus_depr,0.07,32,1057,0.0,11,0.21987194,0.22976993,0.8234931,0.15014362,0.15014362,1.0,0.009897996,0.06592352,-23.77292,1.8117211,0.60390705,0.2,0.0,0.17231116,0.12000002,0.12500001,3385600
hardzero_plus_depr__c0p58__z1p00__lam0p005__nu1p00__psi0p50,hardzero_plus_depr,0.07,32,1058,0.0,11,0.22976993,0.23778747,0.9139134,0.12192326,0.12192326,1.0,0.008017541,0.065758914,-25.688128,2.0106497,0.67021656,0.14400001,0.0,0.18353552,0.12500001,0.13000001,3388800
hardzero_plus_depr__c0p58__z1p00__lam0p005__nu1p00__psi0p50,hardzero_plus_depr,0.07,32,1059,0.0,11,0.23778747,0.24613048,0.8955464,0.12719019,0.12719019,1.0,0.008343005,0.06559472,-25.539568,1.9702413,0.6567471,0.216,0.0,0.17167416,0.13000001,0.135,3392000
hardzero_plus_depr__c0p58__z1p00__lam0p005__nu1p00__psi0p50,hardzero_plus_depr,0.07,32,1060,0.0,11,0.24613048,0.25578552,0.8310287,0.1475609,0.1475609,1.0,0.009655048,0.06543094,-24.25669,1.8282996,0.60943323,0.30400002,0.0,0.16449547,0.135,0.14,3395200
hardzero_plus_depr__c0p58__z1p00__lam0p005__nu1p00__psi0p50,hardzero_plus_depr,0.07,32,1061,0.0,11,0.25578552,0.26400512,0.899847,0.12593691,0.12593691,1.0,0.008219596,0.06526757,-25.241379,1.9797028,0.65990096,0.2,0.0,0.16623332,0.14,0.145,3398400
hardzero_plus_depr__c0p58__z1p00__lam0p005__nu1p00__psi0p50,hardzero_plus_depr,0.07,32,1062,0.0,11,0.26400512,0.27221185,0.8994423,0.1260543,0.1260543,1.0,0.008206716,0.065104604,-25.346928,1.9788126,0.6596042,0.16800001,0.0,0.17152089,0.145,0.14999999,3401600
hardzero_plus_depr__c0p58__z1p00__lam0p005__nu1p00__psi0p50,hardzero_plus_depr,0.07,32,1063,0.0,11,0.27221185,0.28065974,0.88577795,0.13008344,0.13008344,1.0,0.008447885,0.06494205,-25.977747,1.9487504,0.64958346,0.2,0.0,0.15987276,0.14999999,0.15499999,3404800
hardzero_plus_depr__c0p58__z1p00__lam0p005__nu1p00__psi0p50,hardzero_plus_depr,0.07,32,1064,0.0,11,0.28065974,0.28893507,0.89365494,0.12774533,0.12774533,1.0,0.008275329,0.06477989,-25.38034,1.9660802,0.6553601,0.2,0.0,0.18337968,0.15499999,0.15999998,3408000
hardzero_plus_depr__c0p58__z1p00__lam0p005__nu1p00__psi0p50,hardzero_plus_depr,0.07,32,1065,0.0,11,0.28893507,0.29781792,0.86180234,0.13746674,0.13746674,1.0,0.008882847,0.06461815,-24.992407,1.896003,0.63200104,0.216,0.0,0.15971778,0.15999998,0.16499998,3411200
hardzero_plus_depr__c0p58__z1p00__lam0p005__nu1p00__psi0p50,hardzero_plus_depr,0.07,32,1066,0.0,11,0.29781792,0.30566844,0.91437054,0.12179499,0.12179499,1.0,0.007850515,0.0644568,-25.776709,2.0116553,0.6705518,0.25,0.0,0.15521204,0.16499998,0.16999997,3414400
hardzero_plus_depr__c0p58__z1p00__lam0p005__nu1p00__psi0p50,hardzero_plus_depr,0.07,32,1067,0.0,11,0.30566844,0.314179,0.8782257,0.13236536,0.13236536,1.0,0.008510546,0.064295866,-25.086014,1.9321351,0.64404505,0.24000001,0.0,0.16085023,0.16999997,0.17499997,3417600
hardzero_plus_depr__c0p58__z1p00__lam0p005__nu1p00__psi0p50,hardzero_plus_depr,0.07,32,1068,0.0,11,0.314179,0.3217899,0.92566216,0.11866915,0.11866915,1.0,0.007610884,0.06413532,-26.52317,2.0364974,0.6788325,0.192,0.0,0.20798112,0.17499997,0.17999996,3420800
hardzero_plus_depr__c0p58__z1p00__lam0p005__nu1p00__psi0p50,hardzero_plus_depr,0.07,32,1069,0.0,11,0.3217899,0.32982,0.901289,0.12551945,0.12551945,1.0,0.0080301305,0.063975185,-25.523396,1.9828753,0.66095847,0.208,0.0,0.18923323,0.17999996,0.18499996,3424000
hardzero_plus_depr__c0p58__z1p00__lam0p005__nu1p00__psi0p50,hardzero_plus_depr,0.07,32,1070,0.0,11,0.32982,0.3381081,0.88647115,0.12987597,0.12987597,1.0,0.008288093,0.063815445,-25.877892,1.9502755,0.6500919,0.256,0.0,0.1633222,0.18499996,0.18999995,3427200
hardzero_plus_depr__c0p58__z1p00__lam0p005__nu1p00__psi0p50,hardzero_plus_depr,0.07,32,1071,0.0,11,0.3381081,0.34600848,0.9061921,0.1241103,0.1241103,1.0,0.007900379,0.06365611,-26.31764,1.9936625,0.6645542,0.24000001,0.0,0.18058337,0.18999995,0.19499995,3430400
hardzero_plus_depr__c0p58__z1p00__lam0p005__nu1p00__psi0p50,hardzero_plus_depr,0.07,32,1072,0.0,11,0.34600848,0.3546125,0.86805236,0.13550259,0.13550259,1.0,0.00860403,0.06349716,-24.290201,1.9097533,0.63658446,0.18400002,0.0,0.16292828,0.19499995,0.19999994,3433600
hardzero_plus_depr__c0p58__z1p00__lam0p005__nu1p00__psi0p50,hardzero_plus_depr,0.07,32,1073,0.0,11,0.3546125,0.36319736,0.8679356,0.13553904,0.13553904,1.0,0.008584856,0.06333862,-25.30141,1.9094964,0.6364988,0.24000001,0.0,0.17648654,0.19999994,0.20499994,3436800
hardzero_plus_depr__c0p58__z1p00__lam0p005__nu1p00__psi0p50,hardzero_plus_depr,0.07,32,1074,0.0,11,0.36319736,0.37127876,0.89309555,0.12791,0.12791,1.0,0.008081414,0.06318047,-25.141327,1.9648495,0.65494984,0.224,0.0,0.16498573,0.20499994,0.20999993,3440000
hardzero_plus_depr__c0p58__z1p00__lam0p005__nu1p00__psi0p50,hardzero_plus_depr,0.07,32,1075,0.0,11,0.37127876,0.37963724,0.8773698,0.13262647,0.13262647,1.0,0.00835848,0.06302272,-24.499853,1.9302522,0.6434174,0.17600001,0.0,0.15549175,0.20999993,0.21499993,3443200
hardzero_plus_depr__c0p58__z1p00__lam0p005__nu1p00__psi0p50,hardzero_plus_depr,0.07,32,1076,0.0,11,0.37963724,0.38747466,0.9042391,0.124669686,0.124669686,1.0,0.007837404,0.062865354,-25.730965,1.9893658,0.66312194,0.18400002,0.0,0.1834391,0.21499993,0.21999992,3446400
hardzero_plus_depr__c0p58__z1p00__lam0p005__nu1p00__psi0p50,hardzero_plus_depr,0.07,32,1077,0.0,11,0.38747466,0.39545235,0.8954478,0.12721907,0.12721907,1.0,0.007977704,0.06270839,-25.340744,1.9700245,0.65667486,0.216,0.0,0.18659356,0.21999992,0.22499992,3449600
hardzero_plus_depr__c0p58__z1p00__lam0p005__nu1p00__psi0p50,hardzero_plus_depr,0.07,32,1078,0.0,11,0.39545235,0.40342146,0.8948307,0.12739995,0.12739995,1.0,0.007969099,0.06255182,-25.751272,1.9686669,0.65622234,0.18400002,0.0,0.16336454,0.22499992,0.22999991,3452800
hardzero_plus_depr__c0p58__z1p00__lam0p005__nu1p00__psi0p50,hardzero_plus_depr,0.07,32,1079,0.0,11,0.40342146,0.41063023,0.93729264,0.11553335,0.11553335,1.0,0.0072087767,0.062395632,-25.615862,2.062085,0.68736166,0.14999999,0.0,0.15883952,0.22999991,0.23499991,3456000
hardzero_plus_depr__c0p58__z1p00__lam0p005__nu1p00__psi0p50,hardzero_plus_depr,0.07,32,1080,0.0,11,0.41063023,0.41898715,0.8720216,0.1342698,0.1342698,1.0,0.008356931,0.062239837,-24.437958,1.9184859,0.6394953,0.256,0.0,0.1617732,0.23499991,0.2399999,3459200
hardzero_plus_depr__c0p58__z1p00__lam0p005__nu1p00__psi0p50,hardzero_plus_depr,0.07,32,1081,0.0,11,0.41898715,0.42738345,0.86889535,0.13523984,0.13523984,1.0,0.008396288,0.062084433,-25.122576,1.911608,0.6372027,0.272,0.0,0.16531023,0.2399999,0.2449999,3462400
hardzero_plus_depr__c0p58__z1p00__lam0p005__nu1p00__psi0p50,hardzero_plus_depr,0.07,32,1082,0.0,11,0.42738345,0.43519428,0.89919907,0.12612492,0.12612492,1.0,0.0078108422,0.061929412,-25.358475,1.9782774,0.65942585,0.18400002,0.0,0.17037115,0.2449999,0.2499999,3465600
hardzero_plus_depr__c0p58__z1p00__lam0p005__nu1p00__psi0p50,hardzero_plus_depr,0.07,32,1083,0.0,11,0.43519428,0.4431781,0.88860077,0.12924068,0.12924068,1.0,0.007983815,0.061774787,-25.034615,1.9549607,0.6516536,0.18400002,0.0,0.14853086,0.2499999,0.2549999,3468800
hardzero_plus_depr__c0p58__z1p00__lam0p005__nu1p00__psi0p50,hardzero_plus_depr,0.07,32,1084,0.0,11,0.4431781,0.45151603,0.86866647,0.13531113,0.13531113,1.0,0.008337945,0.06162054,-25.295158,1.9111044,0.63703483,0.18400002,0.0,0.16537184,0.2549999,0.2599999,3472000
hardzero_plus_depr__c0p58__z1p00__lam0p005__nu1p00__psi0p50,hardzero_plus_depr,0.07,32,1085,0.0,11,0.45151603,0.45951447,0.88563454,0.1301264,0.1301264,1.0,0.007998439,0.061466683,-25.572805,1.948435,0.6494783,0.28800002,0.0,0.18322809,0.2599999,0.2649999,3475200
hardzero_plus_depr__c0p58__z1p00__lam0p005__nu1p00__psi0p50,hardzero_plus_depr,0.07,32,1086,0.0,11,0.45951447,0.4672308,0.90014297,0.1258511,0.1258511,1.0,0.0077163344,0.06131321,-25.892447,1.9803541,0.66011804,0.096,0.0,0.16199094,0.2649999,0.2699999,3478400
hardzero_plus_depr__c0p58__z1p00__lam0p005__nu1p00__psi0p50,hardzero_plus_depr,0.07,32,1087,0.0,11,0.4672308,0.47477832,0.90866375,0.12340599,0.12340599,1.0,0.0075475257,0.06116012,-26.373543,1.9991002,0.66636676,0.23200001,0.0,0.18944493,0.2699999,0.2749999,3481600
hardzero_plus_depr__c0p58__z1p00__lam0p005__nu1p00__psi0p50,hardzero_plus_depr,0.07,32,1088,0.0,11,0.47477832,0.48322546,0.8586723,0.13846107,0.13846107,1.0,0.008447152,0.061007414,-25.620224,1.8891168,0.6297056,0.264,0.0,0.18602492,0.2749999,0.27999988,3484800
hardzero_plus_depr__c0p58__z1p00__lam0p005__nu1p00__psi0p50,hardzero_plus_depr,0.07,32,1089,0.0,11,0.48322546,0.49199846,0.8411492,0.144162,0.144162,1.0,0.008772991,0.060855083,-24.55779,1.8505652,0.6168551,0.24000001,0.0,0.17122391,0.27999988,0.28499988,3488000
hardzero_plus_depr__c0p58__z1p00__lam0p005__nu1p00__psi0p50,hardzero_plus_depr,0.07,32,1090,0.0,11,0.49199846,0.49952713,0.9064935,0.12402423,0.12402423,1.0,0.0075286594,0.060703136,-26.014626,1.9943255,0.6647752,0.224,0.0,0.18249609,0.28499988,0.28999987,3491200
hardzero_plus_depr__c0p58__z1p00__lam0p005__nu1p00__psi0p50,hardzero_plus_depr,0.07,32,1091,0.0,11,0.49952713,0.5077941,0.8647787,0.13652787,0.13652787,1.0,0.008266976,0.060551565,-24.656221,1.9025512,0.63418376,0.24800001,0.0,0.1646077,0.28999987,0.29499987,3494400
hardzero_plus_depr__c0p58__z1p00__lam0p005__nu1p00__psi0p50,hardzero_plus_depr,0.07,32,1092,0.0,11,0.5077941,0.51522356,0.91008115,0.123003885,0.123003885,1.0,0.007429481,0.060400378,-27.454458,2.0022185,0.6674062,0.24,0.0,0.16671526,0.29499987,0.29999986,3497600
hardzero_plus_depr__c0p58__z1p00__lam0p005__nu1p00__psi0p50,hardzero_plus_depr,0.07,32,1093,0.0,11,0.51522356,0.52357525,0.8581802,0.13861805,0.13861805,1.0,0.008351676,0.06024956,-25.22146,1.8880342,0.62934476,0.224,0.0,0.17786324,0.29999986,0.30499986,3500800
hardzero_plus_depr__c0p58__z1p00__lam0p005__nu1p00__psi0p50,hardzero_plus_depr,0.07,32,1094,0.0,11,0.52357525,0.53123343,0.894741,0.12742627,0.12742627,1.0,0.0076582083,0.060099132,-26.00009,1.9684695,0.65615654,0.192,0.0,0.1598435,0.30499986,0.30999985,3504000
hardzero_plus_depr__c0p58__z1p00__lam0p005__nu1p00__psi0p50,hardzero_plus_depr,0.07,32,1095,0.0,11,0.53123343,0.53898877,0.8881817,0.12936543,0.12936543,1.0,0.007755337,0.059949066,-25.331789,1.9540387,0.65134627,0.264,0.0,0.16881074,0.30999985,0.31499985,3507200
hardzero_plus_depr__c0p58__z1p00__lam0p005__nu1p00__psi0p50,hardzero_plus_depr,0.07,32,1096,0.0,11,0.53898877,0.54635495,0.9094533,0.12318185,0.12318185,1.0,0.0073661986,0.059799384,-25.872892,2.000837,0.6669457,0.192,0.0,0.15642768,0.31499985,0.31999984,3510400
hardzero_plus_depr__c0p58__z1p00__lam0p005__nu1p00__psi0p50,hardzero_plus_depr,0.07,32,1097,0.0,11,0.54635495,0.5542001,0.8810102,0.13151939,0.13151939,1.0,0.007845141,0.059650067,-25.08877,1.9382612,0.64608705,0.24000001,0.0,0.16526423,0.31999984,0.32499984,3513600
hardzero_plus_depr__c0p58__z1p00__lam0p005__nu1p00__psi0p50,hardzero_plus_depr,0.07,32,1098,0.0,11,0.5542001,0.5620542,0.87943006,0.13199878,0.13199878,1.0,0.007854077,0.059501134,-25.071135,1.9347848,0.6449283,0.16800001,0.0,0.16157338,0.32499984,0.32999983,3516800
hardzero_plus_depr__c0p58__z1p00__lam0p005__nu1p00__psi0p50,hardzero_plus_depr,0.07,32,1099,0.0,11,0.5620542,0.5694152,0.906503,0.1240215,0.1240215,1.0,0.0073609944,0.059352566,-25.268822,1.9943465,0.66478217,0.23200001,0.0,0.1723506,0.32999983,0.33499983,3520000
hardzero_plus_depr__c0p58__z1p00__lam0p005__nu1p00__psi0p50,hardzero_plus_depr,0.07,32,1100,0.0,11,0.5694152,0.57715136,0.8838278,0.1306689,0.1306689,1.0,0.00773617,0.059204374,-25.140188,1.94446,0.64815336,0.192,0.0,0.17912084,0.33499983,0.33999982,3523200
hardzero_plus_depr__c0p58__z1p00__lam0p005__nu1p00__psi0p50,hardzero_plus_depr,0.07,32,1101,0.0,11,0.57715136,0.5852393,0.8634297,0.1369526,0.1369526,1.0,0.008087947,0.059056543,-24.667154,1.8995833,0.63319445,0.28,0.0,0.1535038,0.33999982,0.34499982,3526400
hardzero_plus_depr__c0p58__z1p00__lam0p005__nu1p00__psi0p50,hardzero_plus_depr,0.07,32,1102,1.0,12,0.5852393,0.013248084,0.86661613,0.13595146,0.13595146,1.0,0.008008776,0.05890909,-25.35453,1.9065936,0.6355312,0.216,0.0,0.17590767,0.34499982,0.0,3529600
hardzero_plus_depr__c0p58__z1p00__lam0p005__nu1p00__psi0p50,hardzero_plus_depr,0.07,32,1103,0.0,12,0.013248084,0.022989705,0.85646677,0.13916603,0.13916603,1.0,0.009741622,0.07,-25.335732,1.8842645,0.6280882,0.224,0.0,0.17616494,0.0,0.005,3532800
hardzero_plus_depr__c0p58__z1p00__lam0p005__nu1p00__psi0p50,hardzero_plus_depr,0.07,32,1104,0.0,12,0.022989705,0.03205382,0.88668686,0.12981148,0.12981148,1.0,0.009064115,0.06982522,-25.810446,1.9507501,0.6502501,0.2,0.0,0.17560019,0.005,0.01,3536000
hardzero_plus_depr__c0p58__z1p00__lam0p005__nu1p00__psi0p50,hardzero_plus_depr,0.07,32,1105,0.0,12,0.03205382,0.04072188,0.90500486,0.12445008,0.12445008,1.0,0.008668057,0.06965087,-25.478106,1.9910505,0.66368353,0.24,0.0,0.19710639,0.01,0.015,3539200
hardzero_plus_depr__c0p58__z1p00__lam0p005__nu1p00__psi0p50,hardzero_plus_depr,0.07,32,1106,0.0,12,0.04072188,0.049691018,0.88909006,0.12909517,0.12909517,1.0,0.00896914,0.06947696,-25.21074,1.9560372,0.6520124,0.096,0.0,0.17259614,0.015,0.02,3542400
hardzero_plus_depr__c0p58__z1p00__lam0p005__nu1p00__psi0p50,hardzero_plus_depr,0.07,32,1107,0.0,12,0.049691018,0.05903903,0.8700358,0.13488515,0.13488515,1.0,0.009348012,0.06930349,-25.598848,1.914117,0.638039,0.216,0.0,0.17962663,0.02,0.024999999,3545600
hardzero_plus_depr__c0p58__z1p00__lam0p005__nu1p00__psi0p50,hardzero_plus_depr,0.07,32,1108,0.0,12,0.05903903,0.06804156,0.8853045,0.13022532,0.13022532,1.0,0.009002534,0.06913044,-25.742704,1.9477088,0.6492363,0.2,0.0,0.1841254,0.024999999,0.029999997,3548800
hardzero_plus_depr__c0p58__z1p00__lam0p005__nu1p00__psi0p50,hardzero_plus_depr,0.07,32,1109,0.0,12,0.06804156,0.077595994,0.85837877,0.13855469,0.13855469,1.0,0.009554432,0.068957835,-25.436817,1.888471,0.6294904,0.23200001,0.0,0.18267255,0.029999997,0.034999996,3552000
hardzero_plus_depr__c0p58__z1p00__lam0p005__nu1p00__psi0p50,hardzero_plus_depr,0.07,32,1110,0.0,12,0.077595994,0.0877998,0.8287357,0.14834206,0.14834206,1.0,0.010203805,0.06878565,-24.21985,1.823255,0.60775167,0.18400002,0.0,0.16426541,0.034999996,0.039999995,3555200
hardzero_plus_depr__c0p58__z1p00__lam0p005__nu1p00__psi0p50,hardzero_plus_depr,0.07,32,1111,0.0,12,0.0877998,0.09756927,0.8465412,0.14238319,0.14238319,1.0,0.009769467,0.06861391,-24.977985,1.8624278,0.6208093,0.224,0.0,0.1866536,0.039999995,0.044999994,3558400
hardzero_plus_depr__c0p58__z1p00__lam0p005__nu1p00__psi0p50,hardzero_plus_depr,0.07,32,1112,0.0,12,0.09756927,0.10690798,0.8650395,0.1364459,0.1364459,1.0,0.0093387095,0.06844258,-25.416914,1.9031249,0.634375,0.256,0.0,0.21605083,0.044999994,0.049999993,3561600
hardzero_plus_depr__c0p58__z1p00__lam0p005__nu1p00__psi0p50,hardzero_plus_depr,0.07,32,1113,0.0,12,0.10690798,0.116039984,0.87367445,0.13375978,0.13375978,1.0,0.009132007,0.0682717,-24.607977,1.9221221,0.6407074,0.256,0.0,0.17313948,0.049999993,0.054999992,3564800
hardzero_plus_depr__c0p58__z1p00__lam0p005__nu1p00__psi0p50,hardzero_plus_depr,0.07,32,1114,0.0,12,0.116039984,0.1264548,0.8155033,0.1529314,0.1529314,1.0,0.010414816,0.06810123,-24.05044,1.7941431,0.59804773,0.256,0.0,0.1822944,0.054999992,0.05999999,3568000
hardzero_plus_depr__c0p58__z1p00__lam0p005__nu1p00__psi0p50,hardzero_plus_depr,0.07,32,1115,0.0,12,0.1264548,0.13622528,0.84215283,0.14382923,0.14382923,1.0,0.00977049,0.06793119,-24.722544,1.8527732,0.6175911,0.264,0.0,0.19376063,0.05999999,0.06499999,3571200
hardzero_plus_depr__c0p58__z1p00__lam0p005__nu1p00__psi0p50,hardzero_plus_depr,0.07,32,1116,0.0,12,0.13622528,0.14588597,0.84597504,0.14256896,0.14256896,1.0,0.009660697,0.06776157,-24.752134,1.8611822,0.6203941,0.216,0.0,0.17150097,0.06499999,0.06999999,3574400
hardzero_plus_depr__c0p58__z1p00__lam0p005__nu1p00__psi0p50,hardzero_plus_depr,0.07,32,1117,0.0,12,0.14588597,0.15499184,0.87057644,0.13471735,0.13471735,1.0,0.009105867,0.06759238,-24.358057,1.9153064,0.6384355,0.2,0.0,0.14444593,0.06999999,0.074999996,3577600
hardzero_plus_depr__c0p58__z1p00__lam0p005__nu1p00__psi0p50,hardzero_plus_depr,0.07,32,1118,0.0,12,0.15499184,0.16543855,0.8098326,0.15494138,0.15494138,1.0,0.010446708,0.06742361,-24.699978,1.7816672,0.5938891,0.25,0.0,0.16763838,0.074999996,0.08,3580800
hardzero_plus_depr__c0p58__z1p00__lam0p005__nu1p00__psi0p50,hardzero_plus_depr,0.07,32,1119,0.0,12,0.16543855,0.17462122,0.8647572,0.13653463,0.13653463,1.0,0.009182673,0.067255266,-24.887886,1.9025037,0.6341679,0.17600001,0.0,0.19222587,0.08,0.085,3584000
hardzero_plus_depr__c0p58__z1p00__lam0p005__nu1p00__psi0p50,hardzero_plus_depr,0.07,32,1120,0.0,12,0.17462122,0.18459505,0.8277789,0.14866924,0.14866924,1.0,0.009973822,0.06708733,-24.422009,1.82115,0.60705,0.30400002,0.0,0.17150293,0.085,0.09,3587200
hardzero_plus_depr__c0p58__z1p00__lam0p005__nu1p00__psi0p50,hardzero_plus_depr,0.07,32,1121,0.0,12,0.18459505,0.19347315,0.87723505,0.13266762,0.13266762,1.0,0.008878094,0.066919826,-25.091497,1.9299556,0.64331853,0.192,0.0,0.1954519,0.09,0.095000006,3590400
hardzero_plus_depr__c0p58__z1p00__lam0p005__nu1p00__psi0p50,hardzero_plus_depr,0.07,32,1122,0.0,12,0.19347315,0.20169716,0.9093853,0.12320112,0.12320112,1.0,0.008224011,0.06675273,-26.201084,2.0006876,0.66689587,0.136,0.0,0.1843624,0.095000006,0.10000001,3593600
hardzero_plus_depr__c0p58__z1p00__lam0p005__nu1p00__psi0p50,hardzero_plus_depr,0.07,32,1123,0.0,12,0.20169716,0.21031679,0.88789403,0.12945116,0.12945116,1.0,0.008619643,0.06658606,-25.295212,1.9534059,0.6511353,0.17600001,0.0,0.17922743,0.10000001,0.10500001,3596800
hardzero_plus_depr__c0p58__z1p00__lam0p005__nu1p00__psi0p50,hardzero_plus_depr,0.07,32,1124,0.0,12,0.21031679,0.21986552,0.84235215,0.14376323,0.14376323,1.0,0.009548726,0.0664198,-24.2711,1.8532118,0.6177373,0.216,0.0,0.18397392,0.10500001,0.110000014,3600000
hardzero_plus_depr__c0p58__z1p00__lam0p005__nu1p00__psi0p50,hardzero_plus_depr,0.07,32,1125,0.0,12,0.21986552,0.22936818,0.8433667,0.14342779,0.14342779,1.0,0.009502659,0.06625396,-24.598043,1.8554437,0.6184813,0.264,0.0,0.19690146,0.110000014,0.11500002,3603200
hardzero_plus_depr__c0p58__z1p00__lam0p005__nu1p00__psi0p50,hardzero_plus_depr,0.07,32,1126,0.0,12,0.22936818,0.23852444,0.8584085,0.1385452,0.1385452,1.0,0.009156249,0.066088535,-25.164537,1.8885365,0.6295122,0.16000001,0.0,0.19632876,0.11500002,0.12000002,3606400
hardzero_plus_depr__c0p58__z1p00__lam0p005__nu1p00__psi0p50,hardzero_plus_depr,0.07,32,1127,0.0,12,0.23852444,0.24748065,0.8669159,0.13585766,0.13585766,1.0,0.008956214,0.06592352,-24.735023,1.907253,0.635751,0.216,0.0,0.16589068,0.12000002,0.12500001,3609600
hardzero_plus_depr__c0p58__z1p00__lam0p005__nu1p00__psi0p50,hardzero_plus_depr,0.07,32,1128,0.0,12,0.24748065,0.25687405,0.84513104,0.14284629,0.14284629,1.0,0.009393416,0.065758914,-25.33259,1.8593254,0.6197752,0.208,0.0,0.19650854,0.12500001,0.13000001,3612800
hardzero_plus_depr__c0p58__z1p00__lam0p005__nu1p00__psi0p50,hardzero_plus_depr,0.07,32,1129,0.0,12,0.25687405,0.26517633,0.89767224,0.1265691,0.1265691,1.0,0.008302265,0.06559472,-25.315596,1.9749184,0.6583061,0.16800001,0.0,0.19913341,0.13000001,0.135,3616000
hardzero_plus_depr__c0p58__z1p00__lam0p005__nu1p00__psi0p50,hardzero_plus_depr,0.07,32,1130,0.0,12,0.26517633,0.27393118,0.8735349,0.13380276,0.13380276,1.0,0.00875484,0.06543094,-25.715914,1.9218152,0.6406051,0.24000001,0.0,0.19323193,0.135,0.14,3619200
hardzero_plus_depr__c0p58__z1p00__lam0p005__nu1p00__psi0p50,hardzero_plus_depr,0.07,32,1131,0.0,12,0.27393118,0.28232324,0.8908283,0.12857948,0.12857948,1.0,0.00839207,0.06526757,-24.749811,1.9598614,0.6532872,0.22999999,0.0,0.1702402,0.14,0.145,3622400
hardzero_plus_depr__c0p58__z1p00__lam0p005__nu1p00__psi0p50,hardzero_plus_depr,0.07,32,1132,0.0,12,0.28232324,0.29173157,0.8401,0.1445107,0.1445107,1.0,0.009408312,0.065104604,-25.109434,1.848257,0.61608565,0.24000001,0.0,0.22492094,0.145,0.14999999,3625600
hardzero_plus_depr__c0p58__z1p00__lam0p005__nu1p00__psi0p50,hardzero_plus_depr,0.07,32,1133,0.0,12,0.29173157,0.29934976,0.9306747,0.117307365,0.117307365,1.0,0.0076181805,0.06494205,-26.053318,2.0475252,0.6825084,0.17600001,0.0,0.18555216,0.14999999,0.15499999,3628800
hardzero_plus_depr__c0p58__z1p00__lam0p005__nu1p00__psi0p50,hardzero_plus_depr,0.07,32,1134,0.0,12,0.29934976,0.3077787,0.8856675,0.13011654,0.13011654,1.0,0.008428935,0.06477989,-24.876978,1.9485074,0.6495025,0.16800001,0.0,0.205685,0.15499999,0.15999998,3632000
hardzero_plus_depr__c0p58__z1p00__lam0p005__nu1p00__psi0p50,hardzero_plus_depr,0.07,32,1135,0.0,12,0.3077787,0.31696182,0.8473634,0.14211391,0.14211391,1.0,0.009183138,0.06461815,-24.36704,1.8642367,0.6214123,0.28800002,0.008,0.19707236,0.15999998,0.16499998,3635200
hardzero_plus_depr__c0p58__z1p00__lam0p005__nu1p00__psi0p50,hardzero_plus_depr,0.07,32,1136,0.0,12,0.31696182,0.32511824,0.89776915,0.12654087,0.12654087,1.0,0.00815642,0.0644568,-26.265272,1.9751315,0.6583772,0.17600001,0.0,0.19064899,0.16499998,0.16999997,3638400
hardzero_plus_depr__c0p58__z1p00__lam0p005__nu1p00__psi0p50,hardzero_plus_depr,0.07,32,1137,0.0,12,0.32511824,0.33389977,0.864613,0.13657996,0.13657996,1.0,0.008781527,0.064295866,-25.436022,1.9021865,0.6340622,0.16800001,0.0,0.19393946,0.16999997,0.17499997,3641600
hardzero_plus_depr__c0p58__z1p00__lam0p005__nu1p00__psi0p50,hardzero_plus_depr,0.07,32,1138,0.0,12,0.33389977,0.34237322,0.87903625,0.13211854,0.13211854,1.0,0.008473465,0.06413532,-25.759644,1.9339184,0.6446395,0.16000001,0.0,0.18464547,0.17499997,0.17999996,3644800
hardzero_plus_depr__c0p58__z1p00__lam0p005__nu1p00__psi0p50,hardzero_plus_depr,0.07,32,1139,0.0,12,0.34237322,0.35108122,0.8660925,0.13611546,0.13611546,1.0,0.008708012,0.063975185,-25.27115,1.9054415,0.6351472,0.24800001,0.0,0.18585467,0.17999996,0.18499996,3648000
hardzero_plus_depr__c0p58__z1p00__lam0p005__nu1p00__psi0p50,hardzero_plus_depr,0.07,32,1140,0.0,12,0.35108122,0.35981587,0.86367995,0.13687372,0.13687372,1.0,0.008734657,0.063815445,-24.668243,1.9001338,0.63337797,0.2,0.0,0.18540232,0.18499996,0.18999995,3651200
hardzero_plus_depr__c0p58__z1p00__lam0p005__nu1p00__psi0p50,hardzero_plus_depr,0.07,32,1141,0.0,12,0.35981587,0.36838183,0.8710642,0.13456614,0.13456614,1.0,0.008565957,0.06365611,-25.36717,1.9163795,0.6387932,0.224,0.0,0.21687168,0.18999995,0.19499995,3654400
hardzero_plus_depr__c0p58__z1p00__lam0p005__nu1p00__psi0p50,hardzero_plus_depr,0.07,32,1142,0.0,12,0.36838183,0.37723675,0.8555694,0.13945387,0.13945387,1.0,0.008854926,0.06349716,-24.801485,1.8822904,0.62743014,0.216,0.0,0.1847587,0.19499995,0.19999994,3657600
hardzero_plus_depr__c0p58__z1p00__lam0p005__nu1p00__psi0p50,hardzero_plus_depr,0.07,32,1143,0.0,12,0.37723675,0.38507515,0.90744066,0.12375402,0.12375402,1.0,0.007838409,0.06333862,-26.05661,1.9964093,0.66546977,0.120000005,0.0,0.18131705,0.19999994,0.20499994,3660800
hardzero_plus_depr__c0p58__z1p00__lam0p005__nu1p00__psi0p50,hardzero_plus_depr,0.07,32,1144,0.0,12,0.38507515,0.39309034,0.8966687,0.12686191,0.12686191,1.0,0.008015195,0.06318047,-25.791542,1.9727105,0.6575702,0.21,0.0,0.16138887,0.20499994,0.20999993,3664000
hardzero_plus_depr__c0p58__z1p00__lam0p005__nu1p00__psi0p50,hardzero_plus_depr,0.07,32,1145,0.0,12,0.39309034,0.40189454,0.85480696,0.13969891,0.13969891,1.0,0.008804205,0.06302272,-25.327497,1.8806129,0.626871,0.23200001,0.0,0.16592216,0.20999993,0.21499993,3667200
hardzero_plus_depr__c0p58__z1p00__lam0p005__nu1p00__psi0p50,hardzero_plus_depr,0.07,32,1146,0.0,12,0.40189454,0.41110682,0.834044,0.14653994,0.14653994,1.0,0.009212285,0.062865354,-24.475025,1.8349334,0.6116445,0.16800001,0.0,0.17470281,0.21499993,0.21999992,3670400
hardzero_plus_depr__c0p58__z1p00__lam0p005__nu1p00__psi0p50,hardzero_plus_depr,0.07,32,1147,0.0,12,0.41110682,0.41915408,0.8916783,0.12832807,0.12832807,1.0,0.008047247,0.06270839,-26.236897,1.9617313,0.65391046,0.256,0.0,0.19255756,0.21999992,0.22499992,3673600
hardzero_plus_depr__c0p58__z1p00__lam0p005__nu1p00__psi0p50,hardzero_plus_depr,0.07,32,1148,0.0,12,0.41915408,0.4279919,0.8498947,0.14128798,0.14128798,1.0,0.00883782,0.06255182,-24.542458,1.8698057,0.6232686,0.24800001,0.0,0.19227906,0.22499992,0.22999991,3676800
hardzero_plus_depr__c0p58__z1p00__lam0p005__nu1p00__psi0p50,hardzero_plus_depr,0.07,32,1149,0.0,12,0.4279919,0.43689612,0.8455585,0.14270574,0.14270574,1.0,0.008904215,0.062395632,-25.550135,1.8602659,0.62008864,0.17600001,0.0,0.19009484,0.22999991,0.23499991,3680000
hardzero_plus_depr__c0p58__z1p00__lam0p005__nu1p00__psi0p50,hardzero_plus_depr,0.07,32,1150,0.0,12,0.43689612,0.44557205,0.8557519,0.13939528,0.13939528,1.0,0.008675939,0.062239837,-24.952879,1.8826917,0.62756395,0.24000001,0.0,0.19315471,0.23499991,0.2399999,3683200
hardzero_plus_depr__c0p58__z1p00__lam0p005__nu1p00__psi0p50,hardzero_plus_depr,0.07,32,1151,0.0,12,0.44557205,0.45357502,0.8897316,0.1289046,0.1289046,1.0,0.0080029685,0.062084433,-26.271883,1.9574486,0.65248287,0.208,0.0,0.17617495,0.2399999,0.2449999,3686400
hardzero_plus_depr__c0p58__z1p00__lam0p005__nu1p00__psi0p50,hardzero_plus_depr,0.07,32,1152,0.0,12,0.45357502,0.46117508,0.91107947,0.12272147,0.12272147,1.0,0.0076000686,0.061929412,-26.5038,2.0044148,0.66813827,0.2,0.0,0.17859527,0.2449999,0.2499999,3689600
hardzero_plus_depr__c0p58__z1p00__lam0p005__nu1p00__psi0p50,hardzero_plus_depr,0.07,32,1153,0.0,12,0.46117508,0.47076073,0.8091895,0.15517098,0.15517098,1.0,0.009585654,0.061774787,-24.219326,1.7802525,0.5934175,0.264,0.0,0.19684583,0.2499999,0.2549999,3692800
hardzero_plus_depr__c0p58__z1p00__lam0p005__nu1p00__psi0p50,hardzero_plus_depr,0.07,32,1154,0.0,12,0.47076073,0.4787352,0.88802385,0.12941247,0.12941247,1.0,0.007974466,0.06162054,-25.611742,1.9536915,0.6512305,0.24000001,0.008,0.19996811,0.2549999,0.2599999,3696000
hardzero_plus_depr__c0p58__z1p00__lam0p005__nu1p00__psi0p50,hardzero_plus_depr,0.07,32,1155,0.0,12,0.4787352,0.48712978,0.864641,0.13657114,0.13657114,1.0,0.008394575,0.061466683,-25.055756,1.9022483,0.6340828,0.28,0.0,0.18451597,0.2599999,0.2649999,3699200
hardzero_plus_depr__c0p58__z1p00__lam0p005__nu1p00__psi0p50,hardzero_plus_depr,0.07,32,1156,0.0,12,0.48712978,0.4952908,0.87581056,0.1331035,0.1331035,1.0,0.008161003,0.06131321,-25.651327,1.9268217,0.6422739,0.28,0.0,0.18988042,0.2649999,0.2699999,3702400
hardzero_plus_depr__c0p58__z1p00__lam0p005__nu1p00__psi0p50,hardzero_plus_depr,0.07,32,1157,0.0,12,0.4952908,0.5039615,0.8484138,0.14177059,0.14177059,1.0,0.008670706,0.06116012,-25.61459,1.8665477,0.6221826,0.22999999,0.0,0.17734843,0.2699999,0.2749999,3705600
hardzero_plus_depr__c0p58__z1p00__lam0p005__nu1p00__psi0p50,hardzero_plus_depr,0.07,32,1158,0.0,12,0.5039615,0.51323277,0.8182443,0.15196925,0.15196925,1.0,0.009271251,0.061007414,-24.728191,1.8001734,0.60005784,0.216,0.0,0.18031746,0.2749999,0.27999988,3708800
hardzero_plus_depr__c0p58__z1p00__lam0p005__nu1p00__psi0p50,hardzero_plus_depr,0.07,32,1159,0.0,12,0.51323277,0.5217835,0.8522948,0.14050934,0.14050934,1.0,0.008550707,0.060855083,-25.270939,1.8750861,0.6250287,0.208,0.0,0.17836937,0.27999988,0.28499988,3712000
hardzero_plus_depr__c0p58__z1p00__lam0p005__nu1p00__psi0p50,hardzero_plus_depr,0.07,32,1160,0.0,12,0.5217835,0.53086513,0.82504594,0.14960773,0.14960773,1.0,0.009081659,0.060703136,-24.70373,1.8151373,0.6050458,0.28,0.0,0.19734412,0.28499988,0.28999987,3715200
hardzero_plus_depr__c0p58__z1p00__lam0p005__nu1p00__psi0p50,hardzero_plus_depr,0.07,32,1161,0.0,12,0.53086513,0.53855217,0.89636517,0.1269506,0.1269506,1.0,0.007687058,0.060551565,-25.48509,1.9720428,0.6573476,0.192,0.0,0.1969075,0.28999987,0.29499987,3718400
hardzero_plus_depr__c0p58__z1p00__lam0p005__nu1p00__psi0p50,hardzero_plus_depr,0.07,32,1162,0.0,12,0.53855217,0.54628783,0.8925423,0.12807304,0.12807304,1.0,0.00773566,0.060400378,-24.643751,1.9636322,0.6545441,0.192,0.0,0.18465552,0.29499987,0.29999986,3721600
hardzero_plus_depr__c0p58__z1p00__lam0p005__nu1p00__psi0p50,hardzero_plus_depr,0.07,32,1163,0.0,12,0.54628783,0.55400693,0.8923862,0.12811907,0.12811907,1.0,0.007719117,0.06024956,-25.692999,1.9632888,0.6544296,0.208,0.0,0.20022076,0.29999986,0.30499986,3724800
hardzero_plus_depr__c0p58__z1p00__lam0p005__nu1p00__psi0p50,hardzero_plus_depr,0.07,32,1164,0.0,12,0.55400693,0.56167567,0.8941441,0.12760153,0.12760153,1.0,0.0076687415,0.060099132,-26.361864,1.9671563,0.6557188,0.224,0.0,0.21272291,0.30499986,0.30999985,3728000
hardzero_plus_depr__c0p58__z1p00__lam0p005__nu1p00__psi0p50,hardzero_plus_depr,0.07,32,1165,0.0,12,0.56167567,0.56961405,0.8780514,0.13241848,0.13241848,1.0,0.0079383645,0.059949066,-25.358522,1.9317516,0.6439172,0.28800002,0.0,0.2302653,0.30999985,0.31499985,3731200
hardzero_plus_depr__c0p58__z1p00__lam0p005__nu1p00__psi0p50,hardzero_plus_depr,0.07,32,1166,0.0,12,0.56961405,0.5780452,0.8508096,0.14099067,0.14099067,1.0,0.008431155,0.059799384,-24.638885,1.8718184,0.6239395,0.264,0.008,0.19440056,0.31499985,0.31999984,3734400
hardzero_plus_depr__c0p58__z1p00__lam0p005__nu1p00__psi0p50,hardzero_plus_depr,0.07,32,1167,0.0,12,0.5780452,0.5866265,0.84205616,0.14386126,0.14386126,1.0,0.008581334,0.059650067,-25.087076,1.8525605,0.6175202,0.2,0.0,0.18440516,0.31999984,0.32499984,3737600
hardzero_plus_depr__c0p58__z1p00__lam0p005__nu1p00__psi0p50,hardzero_plus_depr,0.07,32,1168,1.0,13,0.5866265,0.016018681,0.8017609,0.157848,0.157848,1.0,0.009392135,0.059501134,-23.633478,1.7639092,0.5879698,0.296,0.016,0.17965391,0.32499984,0.0,3740800
hardzero_plus_depr__c0p58__z1p00__lam0p005__nu1p00__psi0p50,hardzero_plus_depr,0.07,32,1169,0.0,13,0.016018681,0.025483135,0.86900246,0.13520648,0.13520648,1.0,0.009464453,0.07,-24.323841,1.9118435,0.6372812,0.296,0.0,0.20610039,0.0,0.005,3744000
hardzero_plus_depr__c0p58__z1p00__lam0p005__nu1p00__psi0p50,hardzero_plus_depr,0.07,32,1170,0.0,13,0.025483135,0.036315914,0.80927247,0.15514135,0.15514135,1.0,0.010832779,0.06982522,-24.789902,1.780435,0.5934783,0.19,0.0,0.21248539,0.005,0.01,3747200
hardzero_plus_depr__c0p58__z1p00__lam0p005__nu1p00__psi0p50,hardzero_plus_depr,0.07,32,1171,0.0,13,0.036315914,0.046080012,0.85329443,0.1401863,0.1401863,1.0,0.009764098,0.06965087,-25.674934,1.8772852,0.62576175,0.30400002,0.0,0.22450013,0.01,0.015,3750400
hardzero_plus_depr__c0p58__z1p00__lam0p005__nu1p00__psi0p50,hardzero_plus_depr,0.07,32,1172,0.0,13,0.046080012,0.054988883,0.89201814,0.1282277,0.1282277,1.0,0.008908871,0.06947696,-25.60757,1.9624791,0.6541597,0.224,0.0,0.19243439,0.015,0.02,3753600
hardzero_plus_depr__c0p58__z1p00__lam0p005__nu1p00__psi0p50,hardzero_plus_depr,0.07,32,1173,0.0,13,0.054988883,0.064154565,0.8785903,0.13225427,0.13225427,1.0,0.009165683,0.06930349,-24.968555,1.9329373,0.64431244,0.2,0.0,0.20325692,0.02,0.024999999,3756800
hardzero_plus_depr__c0p58__z1p00__lam0p005__nu1p00__psi0p50,hardzero_plus_depr,0.07,32,1174,0.0,13,0.064154565,0.07490642,0.80818594,0.15552996,0.15552996,1.0,0.010751856,0.06913044,-24.396318,1.7780446,0.5926815,0.272,0.0,0.21675195,0.024999999,0.029999997,3760000
hardzero_plus_depr__c0p58__z1p00__lam0p005__nu1p00__psi0p50,hardzero_plus_depr,0.07,32,1175,0.0,13,0.07490642,0.08425927,0.86763984,0.13563138,0.13563138,1.0,0.009352847,0.068957835,-25.58065,1.9088458,0.63628197,0.216,0.0,0.23274672,0.029999997,0.034999996,3763200
hardzero_plus_depr__c0p58__z1p00__lam0p005__nu1p00__psi0p50,hardzero_plus_depr,0.07,32,1176,0.0,13,0.08425927,0.09416252,0.8417202,0.14397256,0.14397256,1.0,0.009903247,0.06878565,-25.830906,1.8518214,0.6172738,0.23200001,0.0,0.24241681,0.034999996,0.039999995,3766400
hardzero_plus_depr__c0p58__z1p00__lam0p005__nu1p00__psi0p50,hardzero_plus_depr,0.07,32,1177,0.0,13,0.09416252,0.103834726,0.8508864,0.14096573,0.14096573,1.0,0.00967221,0.06861391,-25.391636,1.8719875,0.62399584,0.24000001,0.0,0.21271834,0.039999995,0.044999994,3769600
hardzero_plus_depr__c0p58__z1p00__lam0p005__nu1p00__psi0p50,hardzero_plus_depr,0.07,32,1178,0.0,13,0.103834726,0.113361955,0.8563598,0.1392003,0.1392003,1.0,0.009527228,0.06844258,-24.855091,1.8840292,0.62800974,0.18400002,0.0,0.21602985,0.044999994,0.049999993,3772800
hardzero_plus_depr__c0p58__z1p00__lam0p005__nu1p00__psi0p50,hardzero_plus_depr,0.07,32,1179,0.0,13,0.113361955,0.1230786,0.8467242,0.14232323,0.14232323,1.0,0.009716648,0.0682717,-25.181267,1.8628305,0.62094355,0.256,0.0,0.22294389,0.049999993,0.054999992,3776000
hardzero_plus_depr__c0p58__z1p00__lam0p005__nu1p00__psi0p50,hardzero_plus_depr,0.07,32,1180,0.0,13,0.1230786,0.13342774,0.8182505,0.15196708,0.15196708,1.0,0.010349144,0.06810123,-24.48383,1.800187,0.6000624,0.264,0.0,0.2361082,0.054999992,0.05999999,3779200
hardzero_plus_depr__c0p58__z1p00__lam0p005__nu1p00__psi0p50,hardzero_plus_depr,0.07,32,1181,0.0,13,0.13342774,0.14383656,0.81466806,0.15322581,0.15322581,1.0,0.010408811,0.06793119,-25.163239,1.7923055,0.5974352,0.23200001,0.016,0.20687811,0.05999999,0.06499999,3782400
hardzero_plus_depr__c0p58__z1p00__lam0p005__nu1p00__psi0p50,hardzero_plus_depr,0.07,32,1182,0.0,13,0.14383656,0.15243968,0.8963274,0.12696165,0.12696165,1.0,0.00860312,0.06776157,-25.666998,1.9719596,0.6573199,0.16800001,0.0,0.20305145,0.06499999,0.06999999,3785600
hardzero_plus_depr__c0p58__z1p00__lam0p005__nu1p00__psi0p50,hardzero_plus_depr,0.07,32,1183,0.0,13,0.15243968,0.16147816,0.87380224,0.13372041,0.13372041,1.0,0.009038481,0.06759238,-25.677614,1.9224033,0.64080113,0.26,0.0,0.2025263,0.06999999,0.074999996,3788800
hardzero_plus_depr__c0p58__z1p00__lam0p005__nu1p00__psi0p50,hardzero_plus_depr,0.07,32,1184,0.0,13,0.16147816,0.17172194,0.8183523,0.15193146,0.15193146,1.0,0.010243768,0.06742361,-24.172585,1.800411,0.600137,0.272,0.0,0.21612488,0.074999996,0.08,3792000
hardzero_plus_depr__c0p58__z1p00__lam0p005__nu1p00__psi0p50,hardzero_plus_depr,0.07,32,1185,0.0,13,0.17172194,0.18167669,0.8296957,0.1480145,0.1480145,1.0,0.009954754,0.067255266,-24.99626,1.825367,0.60845566,0.256,0.0,0.21685913,0.08,0.085,3795200
hardzero_plus_depr__c0p58__z1p00__lam0p005__nu1p00__psi0p50,hardzero_plus_depr,0.07,32,1186,0.0,13,0.18167669,0.19135928,0.8406484,0.14432833,0.14432833,1.0,0.009682602,0.06708733,-24.36204,1.8494635,0.61648786,0.17600001,0.0,0.21378599,0.085,0.09,3798400
hardzero_plus_depr__c0p58__z1p00__lam0p005__nu1p00__psi0p50,hardzero_plus_depr,0.07,32,1187,0.0,13,0.19135928,0.20064396,0.85778815,0.13874325,0.13874325,1.0,0.009284674,0.066919826,-25.040129,1.8871716,0.6290572,0.24000001,0.0,0.18754949,0.09,0.095000006,3801600
hardzero_plus_depr__c0p58__z1p00__lam0p005__nu1p00__psi0p50,hardzero_plus_depr,0.07,32,1188,0.0,13,0.20064396,0.21072023,0.8211694,0.15094912,0.15094912,1.0,0.010076266,0.06675273,-24.463516,1.8066087,0.6022029,0.24000001,0.0,0.21028702,0.095000006,0.10000001,3804800
hardzero_plus_depr__c0p58__z1p00__lam0p005__nu1p00__psi0p50,hardzero_plus_depr,0.07,32,1189,0.0,13,0.21072023,0.21980064,0.8652779,0.13637103,0.13637103,1.0,0.00908041,0.06658606,-24.741755,1.9036493,0.6345498,0.224,0.0,0.20779184,0.10000001,0.10500001,3808000
hardzero_plus_depr__c0p58__z1p00__lam0p005__nu1p00__psi0p50,hardzero_plus_depr,0.07,32,1190,0.0,13,0.21980064,0.22837585,0.8890521,0.12910643,0.12910643,1.0,0.008575223,0.0664198,-25.625107,1.9559537,0.6519846,0.2,0.0,0.23023507,0.10500001,0.110000014,3811200
hardzero_plus_depr__c0p58__z1p00__lam0p005__nu1p00__psi0p50,hardzero_plus_depr,0.07,32,1191,0.0,13,0.22837585,0.23803869,0.83610725,0.1458454,0.1458454,1.0,0.009662835,0.06625396,-24.586401,1.8394727,0.6131576,0.28,0.0,0.20820059,0.110000014,0.11500002,3814400
hardzero_plus_depr__c0p58__z1p00__lam0p005__nu1p00__psi0p50,hardzero_plus_depr,0.07,32,1192,0.0,13,0.23803869,0.2471791,0.85915977,0.13830574,0.13830574,1.0,0.0091404235,0.066088535,-25.103477,1.8901893,0.6300631,0.216,0.0,0.20645726,0.11500002,0.12000002,3817600
hardzero_plus_depr__c0p58__z1p00__lam0p005__nu1p00__psi0p50,hardzero_plus_depr,0.07,32,1193,0.0,13,0.2471791,0.25623742,0.861993,0.13740641,0.13740641,1.0,0.009058314,0.06592352,-24.919962,1.8964225,0.6321409,0.16000001,0.0,0.21425876,0.12000002,0.12500001,3820800
hardzero_plus_depr__c0p58__z1p00__lam0p005__nu1p00__psi0p50,hardzero_plus_depr,0.07,32,1194,0.0,13,0.25623742,0.26490864,0.8798747,0.1318637,0.1318637,1.0,0.008671214,0.065758914,-25.02436,1.935763,0.6452544,0.15200001,0.0,0.20306885,0.12500001,0.13000001,3824000
hardzero_plus_depr__c0p58__z1p00__lam0p005__nu1p00__psi0p50,hardzero_plus_depr,0.07,32,1195,0.0,13,0.26490864,0.27452156,0.8340135,0.14655021,0.14655021,1.0,0.00961292,0.06559472,-25.325455,1.8348664,0.61162215,0.24800001,0.0,0.22011569,0.13000001,0.135,3827200
hardzero_plus_depr__c0p58__z1p00__lam0p005__nu1p00__psi0p50,hardzero_plus_depr,0.07,32,1196,0.0,13,0.27452156,0.2842221,0.82898706,0.14825623,0.14825623,1.0,0.009700544,0.06543094,-24.851664,1.823808,0.607936,0.22999999,0.0,0.17523266,0.135,0.14,3830400
hardzero_plus_depr__c0p58__z1p00__lam0p005__nu1p00__psi0p50,hardzero_plus_depr,0.07,32,1197,0.0,13,0.2842221,0.2941261,0.8188864,0.15174472,0.15174472,1.0,0.009904009,0.06526757,-24.90368,1.801586,0.6005287,0.272,0.0,0.22442271,0.14,0.145,3833600
hardzero_plus_depr__c0p58__z1p00__lam0p005__nu1p00__psi0p50,hardzero_plus_depr,0.07,32,1198,0.0,13,0.2941261,0.30396017,0.82087785,0.1510505,0.1510505,1.0,0.009834083,0.065104604,-25.236666,1.8059673,0.60198915,0.272,0.0,0.21287267,0.145,0.14999999,3836800
hardzero_plus_depr__c0p58__z1p00__lam0p005__nu1p00__psi0p50,hardzero_plus_depr,0.07,32,1199,0.0,13,0.30396017,0.31361425,0.8278153,0.14865679,0.14865679,1.0,0.009654076,0.06494205,-24.60122,1.82123,0.6070767,0.24000001,0.008,0.21729676,0.14999999,0.15499999,3840000
hardzero_plus_depr__c0p58__z1p00__lam0p005__nu1p00__psi0p50,hardzero_plus_depr,0.07,32,1200,0.0,13,0.31361425,0.3220303,0.8863312,0.12991785,0.12991785,1.0,0.008416064,0.06477989,-25.350563,1.9499676,0.64998925,0.208,0.0,0.22810774,0.15499999,0.15999998,3843200
hardzero_plus_depr__c0p58__z1p00__lam0p005__nu1p00__psi0p50,hardzero_plus_depr,0.07,32,1201,0.0,13,0.3220303,0.33031306,0.8921799,0.12817995,0.12817995,1.0,0.008282751,0.06461815,-25.24456,1.962835,0.65427834,0.14400001,0.0,0.19644906,0.15999998,0.16499998,3846400
hardzero_plus_depr__c0p58__z1p00__lam0p005__nu1p00__psi0p50,hardzero_plus_depr,0.07,32,1202,0.0,13,0.33031306,0.3396878,0.8373098,0.14544211,0.14544211,1.0,0.009374733,0.0644568,-24.759602,1.8421183,0.6140394,0.208,0.0,0.22298259,0.16499998,0.16999997,3849600
hardzero_plus_depr__c0p58__z1p00__lam0p005__nu1p00__psi0p50,hardzero_plus_depr,0.07,32,1203,0.0,13,0.3396878,0.34936485,0.82243955,0.1505083,0.1505083,1.0,0.009677062,0.064295866,-24.350946,1.8094032,0.6031344,0.224,0.0,0.2127275,0.16999997,0.17499997,3852800
hardzero_plus_depr__c0p58__z1p00__lam0p005__nu1p00__psi0p50,hardzero_plus_depr,0.07,32,1204,0.0,13,0.34936485,0.3578713,0.877349,0.13263282,0.13263282,1.0,0.008506449,0.06413532,-25.444618,1.9302064,0.64340216,0.17600001,0.0,0.2174197,0.17499997,0.17999996,3856000
hardzero_plus_depr__c0p58__z1p00__lam0p005__nu1p00__psi0p50,hardzero_plus_depr,0.07,32,1205,0.0,13,0.3578713,0.3669357,0.84867156,0.14168648,0.14168648,1.0,0.009064419,0.063975185,-25.44716,1.8671147,0.62237155,0.24000001,0.0,0.20804627,0.17999996,0.18499996,3859200
hardzero_plus_depr__c0p58__z1p00__lam0p005__nu1p00__psi0p50,hardzero_plus_depr,0.07,32,1206,0.0,13,0.3669357,0.37600204,0.8474931,0.14207147,0.14207147,1.0,0.0090663545,0.063815445,-24.73367,1.8645221,0.6215074,0.208,0.0,0.19373313,0.18499996,0.18999995,3862400
hardzero_plus_depr__c0p58__z1p00__lam0p005__nu1p00__psi0p50,hardzero_plus_depr,0.07,32,1207,0.0,13,0.37600204,0.38588727,0.8088538,0.15529096,0.15529096,1.0,0.009885218,0.06365611,-24.27262,1.779514,0.59317136,0.272,0.0,0.20384583,0.18999995,0.19499995,3865600
hardzero_plus_depr__c0p58__z1p00__lam0p005__nu1p00__psi0p50,hardzero_plus_depr,0.07,32,1208,0.0,13,0.38588727,0.39514908,0.83605826,0.14586185,0.14586185,1.0,0.009261814,0.06349716,-24.862404,1.8393649,0.6131216,0.18400002,0.0,0.20526618,0.19499995,0.19999994,3868800
hardzero_plus_depr__c0p58__z1p00__lam0p005__nu1p00__psi0p50,hardzero_plus_depr,0.07,32,1209,0.0,13,0.39514908,0.404759,0.81894946,0.15172268,0.15172268,1.0,0.009609906,0.06333862,-24.124851,1.8017248,0.600575,0.21,0.0,0.17674276,0.19999994,0.20499994,3872000
hardzero_plus_depr__c0p58__z1p00__lam0p005__nu1p00__psi0p50,hardzero_plus_depr,0.07,32,1210,0.0,13,0.404759,0.4131761,0.87542063,0.13322304,0.13322304,1.0,0.008417094,0.06318047,-25.582352,1.9259639,0.641988,0.272,0.0,0.20921342,0.20499994,0.20999993,3875200
hardzero_plus_depr__c0p58__z1p00__lam0p005__nu1p00__psi0p50,hardzero_plus_depr,0.07,32,1211,0.0,13,0.4131761,0.4222796,0.84028864,0.14444794,0.14444794,1.0,0.009103501,0.06302272,-25.28324,1.8486719,0.616224,0.264,0.0,0.2428123,0.20999993,0.21499993,3878400
hardzero_plus_depr__c0p58__z1p00__lam0p005__nu1p00__psi0p50,hardzero_plus_depr,0.07,32,1212,0.0,13,0.4222796,0.43121675,0.847212,0.14216346,0.14216346,1.0,0.008937156,0.062865354,-24.88855,1.8639036,0.62130123,0.208,0.0,0.18511175,0.21499993,0.21999992,3881600
hardzero_plus_depr__c0p58__z1p00__lam0p005__nu1p00__psi0p50,hardzero_plus_depr,0.07,32,1213,0.0,13,0.43121675,0.43992218,0.8575346,0.13882425,0.13882425,1.0,0.008705446,0.06270839,-24.829325,1.8866137,0.62887126,0.24800001,0.008,0.21597713,0.21999992,0.22499992,3884800
hardzero_plus_depr__c0p58__z1p00__lam0p005__nu1p00__psi0p50,hardzero_plus_depr,0.07,32,1214,0.0,13,0.43992218,0.44951648,0.8142263,0.15338174,0.15338174,1.0,0.009594306,0.06255182,-24.69105,1.7913337,0.5971112,0.28,0.0,0.21544038,0.22499992,0.22999991,3888000
hardzero_plus_depr__c0p58__z1p00__lam0p005__nu1p00__psi0p50,hardzero_plus_depr,0.07,32,1215,0.0,13,0.44951648,0.4583023,0.8513725,0.14080805,0.14080805,1.0,0.008785807,0.062395632,-25.449224,1.8730569,0.62435234,0.224,0.0,0.23209423,0.22999991,0.23499991,3891200
hardzero_plus_depr__c0p58__z1p00__lam0p005__nu1p00__psi0p50,hardzero_plus_depr,0.07,32,1216,0.0,13,0.4583023,0.4665364,0.8784518,0.13229644,0.13229644,1.0,0.008234109,0.062239837,-25.873772,1.9326326,0.6442109,0.2,0.008,0.23451224,0.23499991,0.2399999,3894400
hardzero_plus_depr__c0p58__z1p00__lam0p005__nu1p00__psi0p50,hardzero_plus_depr,0.07,32,1217,0.0,13,0.4665364,0.47520888,0.85483927,0.13968852,0.13968852,1.0,0.008672482,0.062084433,-24.840492,1.8806839,0.62689465,0.23200001,0.0,0.2066808,0.2399999,0.2449999,3897600
hardzero_plus_depr__c0p58__z1p00__lam0p005__nu1p00__psi0p50,hardzero_plus_depr,0.07,32,1218,0.0,13,0.47520888,0.48533168,0.7865957,0.16345729,0.16345729,1.0,0.010122814,0.061929412,-23.591324,1.730545,0.5768484,0.28800002,0.0,0.19565007,0.2449999,0.2499999,3900800
hardzero_plus_depr__c0p58__z1p00__lam0p005__nu1p00__psi0p50,hardzero_plus_depr,0.07,32,1219,0.0,13,0.48533168,0.49414206,0.8458163,0.14262107,0.14262107,1.0,0.008810386,0.061774787,-24.920528,1.860833,0.6202777,0.224,0.0,0.21187364,0.2499999,0.2549999,3904000
hardzero_plus_depr__c0p58__z1p00__lam0p005__nu1p00__psi0p50,hardzero_plus_depr,0.07,32,1220,0.0,13,0.49414206,0.5030056,0.842116,0.14384143,0.14384143,1.0,0.008863587,0.06162054,-25.137676,1.8526922,0.6175641,0.312,0.0,0.22498637,0.2549999,0.2599999,3907200
hardzero_plus_depr__c0p58__z1p00__lam0p005__nu1p00__psi0p50,hardzero_plus_depr,0.07,32,1221,0.0,13,0.5030056,0.5121283,0.8285185,0.14841625,0.14841625,1.0,0.009122655,0.061466683,-24.886045,1.8227772,0.6075924,0.264,0.0,0.22949192,0.2599999,0.2649999,3910400
hardzero_plus_depr__c0p58__z1p00__lam0p005__nu1p00__psi0p50,hardzero_plus_depr,0.07,32,1222,0.0,13,0.5121283,0.5196069,0.9137346,0.12197347,0.12197347,1.0,0.0074785845,0.06131321,-25.999613,2.0102563,0.67008543,0.17,0.0,0.21127193,0.2649999,0.2699999,3913600
hardzero_plus_depr__c0p58__z1p00__lam0p005__nu1p00__psi0p50,hardzero_plus_depr,0.07,32,1223,0.0,13,0.5196069,0.5273755,0.89612275,0.1270215,0.1270215,1.0,0.0077686505,0.06116012,-26.492844,1.9715095,0.6571698,0.14400001,0.0,0.21281211,0.2699999,0.2749999,3916800
hardzero_plus_depr__c0p58__z1p00__lam0p005__nu1p00__psi0p50,hardzero_plus_depr,0.07,32,1224,0.0,13,0.5273755,0.5360371,0.8477864,0.14197555,0.14197555,1.0,0.008661562,0.061007414,-25.279202,1.8651674,0.62172246,0.216,0.008,0.22873378,0.2749999,0.27999988,3920000
hardzero_plus_depr__c0p58__z1p00__lam0p005__nu1p00__psi0p50,hardzero_plus_depr,0.07,32,1225,0.0,13,0.5360371,0.5444909,0.8572445,0.13891703,0.13891703,1.0,0.008453808,0.060855083,-25.391142,1.8859756,0.62865853,0.23200001,0.0,0.22105533,0.27999988,0.28499988,3923200
hardzero_plus_depr__c0p58__z1p00__lam0p005__nu1p00__psi0p50,hardzero_plus_depr,0.07,32,1226,0.0,13,0.5444909,0.5528451,0.86130416,0.13762452,0.13762452,1.0,0.00835424,0.060703136,-24.932695,1.894907,0.63163567,0.23200001,0.008,0.21294603,0.28499988,0.28999987,3926400
hardzero_plus_depr__c0p58__z1p00__lam0p005__nu1p00__psi0p50,hardzero_plus_depr,0.07,32,1227,0.0,13,0.5528451,0.56135535,0.8521828,0.14054558,0.14054558,1.0,0.008510254,0.060551565,-25.350246,1.8748395,0.62494653,0.28800002,0.0,0.22531067,0.28999987,0.29499987,3929600
hardzero_plus_depr__c0p58__z1p00__lam0p005__nu1p00__psi0p50,hardzero_plus_depr,0.07,32,1228,0.0,13,0.56135535,0.569044,0.89518976,0.12729466,0.12729466,1.0,0.0076886457,0.060400378,-26.026455,1.9694568,0.6564856,0.15200001,0.0,0.20233054,0.29499987,0.29999986,3932800
hardzero_plus_depr__c0p58__z1p00__lam0p005__nu1p00__psi0p50,hardzero_plus_depr,0.07,32,1229,0.0,13,0.569044,0.57759297,0.84803873,0.14189307,0.14189307,1.0,0.0085489955,0.06024956,-25.107414,1.8657224,0.6219075,0.192,0.008,0.20501955,0.29999986,0.30499986,3936000
hardzero_plus_depr__c0p58__z1p00__lam0p005__nu1p00__psi0p50,hardzero_plus_depr,0.07,32,1230,0.0,13,0.57759297,0.58587813,0.86056685,0.13785838,0.13785838,1.0,0.008285169,0.060099132,-25.716011,1.8932849,0.631095,0.224,0.0,0.2508605,0.30499986,0.30999985,3939200
hardzero_plus_depr__c0p58__z1p00__lam0p005__nu1p00__psi0p50,hardzero_plus_depr,0.07,32,1231,1.0,14,0.58587813,0.013607752,0.8896254,0.12893614,0.12893614,1.0,0.007729601,0.059949066,-26.196083,1.957215,0.652405,0.24800001,0.0,0.22235434,0.30999985,0.0,3942400
hardzero_plus_depr__c0p58__z1p00__lam0p005__nu1p00__psi0p50,hardzero_plus_depr,0.07,32,1232,0.0,14,0.013607752,0.023910489,0.83214545,0.14718196,0.14718196,1.0,0.010302737,0.07,-24.091494,1.8307565,0.6102522,0.272,0.0,0.22074759,0.0,0.005,3945600
hardzero_plus_depr__c0p58__z1p00__lam0p005__nu1p00__psi0p50,hardzero_plus_depr,0.07,32,1233,0.0,14,0.023910489,0.034285735,0.82801384,0.14858884,0.14858884,1.0,0.010375247,0.06982522,-24.81226,1.8216668,0.6072223,0.32000002,0.0,0.2557696,0.005,0.01,3948800
hardzero_plus_depr__c0p58__z1p00__lam0p005__nu1p00__psi0p50,hardzero_plus_depr,0.07,32,1234,0.0,14,0.034285735,0.044757865,0.82289153,0.15035175,0.15035175,1.0,0.010472131,0.06965087,-25.980303,1.8103975,0.60346586,0.24800001,0.0,0.25309694,0.01,0.015,3952000
hardzero_plus_depr__c0p58__z1p00__lam0p005__nu1p00__psi0p50,hardzero_plus_depr,0.07,32,1235,0.0,14,0.044757865,0.05436872,0.85907876,0.13833155,0.13833155,1.0,0.009610856,0.06947696,-25.66038,1.8900111,0.6300037,0.17,0.0,0.21841869,0.015,0.02,3955200
hardzero_plus_depr__c0p58__z1p00__lam0p005__nu1p00__psi0p50,hardzero_plus_depr,0.07,32,1236,0.0,14,0.05436872,0.063789815,0.86665386,0.13593964,0.13593964,1.0,0.0094210915,0.06930349,-25.087013,1.9066765,0.63555884,0.264,0.0,0.231378,0.02,0.024999999,3958400
hardzero_plus_depr__c0p58__z1p00__lam0p005__nu1p00__psi0p50,hardzero_plus_depr,0.07,32,1237,0.0,14,0.063789815,0.07310926,0.8702791,0.13480961,0.13480961,1.0,0.009319448,0.06913044,-25.024706,1.9146522,0.63821745,0.224,0.0,0.2380027,0.024999999,0.029999997,3961600
hardzero_plus_depr__c0p58__z1p00__lam0p005__nu1p00__psi0p50,hardzero_plus_depr,0.07,32,1238,0.0,14,0.07310926,0.08302983,0.84204704,0.14386429,0.14386429,1.0,0.00992057,0.068957835,-25.341194,1.8525405,0.61751354,0.296,0.0,0.22723705,0.029999997,0.034999996,3964800
hardzero_plus_depr__c0p58__z1p00__lam0p005__nu1p00__psi0p50,hardzero_plus_depr,0.07,32,1239,0.0,14,0.08302983,0.09418564,0.7899967,0.16218226,0.16218226,1.0,0.011155812,0.06878565,-24.092922,1.7380275,0.5793425,0.272,0.0,0.25935978,0.034999996,0.039999995,3968000
hardzero_plus_depr__c0p58__z1p00__lam0p005__nu1p00__psi0p50,hardzero_plus_depr,0.07,32,1240,0.0,14,0.09418564,0.105076745,0.7993404,0.15873021,0.15873021,1.0,0.0108911,0.06861391,-23.711803,1.758584,0.5861947,0.35200003,0.0,0.22461899,0.039999995,0.044999994,3971200
hardzero_plus_depr__c0p58__z1p00__lam0p005__nu1p00__psi0p50,hardzero_plus_depr,0.07,32,1241,0.0,14,0.105076745,0.1149443,0.84111685,0.14417274,0.14417274,1.0,0.0098675545,0.06844258,-24.752737,1.850494,0.61683136,0.2,0.0,0.24575676,0.044999994,0.049999993,3974400
hardzero_plus_depr__c0p58__z1p00__lam0p005__nu1p00__psi0p50,hardzero_plus_depr,0.07,32,1242,0.0,14,0.1149443,0.12488042,0.8370239,0.1455379,0.1455379,1.0,0.009936119,0.0682717,-24.23317,1.8414893,0.6138298,0.272,0.0,0.2667888,0.049999993,0.054999992,3977600
hardzero_plus_depr__c0p58__z1p00__lam0p005__nu1p00__psi0p50,hardzero_plus_depr,0.07,32,1243,0.0,14,0.12488042,0.1332313,0.91142267,0.12262452,0.12262452,1.0,0.00835088,0.06810123,-26.587416,2.0051699,0.66839,0.224,0.0,0.24330659,0.054999992,0.05999999,3980800
hardzero_plus_depr__c0p58__z1p00__lam0p005__nu1p00__psi0p50,hardzero_plus_depr,0.07,32,1244,0.0,14,0.1332313,0.1424826,0.86586684,0.13618621,0.13618621,1.0,0.009251292,0.06793119,-25.04722,1.9049451,0.63498175,0.208,0.0,0.23721263,0.05999999,0.06499999,3984000
hardzero_plus_depr__c0p58__z1p00__lam0p005__nu1p00__psi0p50,hardzero_plus_depr,0.07,32,1245,0.0,14,0.1424826,0.15251994,0.8293645,0.14812745,0.14812745,1.0,0.010037349,0.06776157,-23.96252,1.8246382,0.60821277,0.23200001,0.0,0.22127795,0.06499999,0.06999999,3987200
hardzero_plus_depr__c0p58__z1p00__lam0p005__nu1p00__psi0p50,hardzero_plus_depr,0.07,32,1246,0.0,14,0.15251994,0.16255397,0.8284224,0.14844911,0.14844911,1.0,0.010034028,0.06759238,-24.995337,1.8225658,0.60752195,0.256,0.008,0.24474168,0.06999999,0.074999996,3990400
hardzero_plus_depr__c0p58__z1p00__lam0p005__nu1p00__psi0p50,hardzero_plus_depr,0.07,32,1247,0.0,14,0.16255397,0.17178228,0.8636892,0.13687079,0.13687079,1.0,0.009228323,0.06742361,-25.714283,1.9001541,0.6333847,0.16800001,0.0,0.2513751,0.074999996,0.08,3993600
hardzero_plus_depr__c0p58__z1p00__lam0p005__nu1p00__psi0p50,hardzero_plus_depr,0.07,32,1248,0.0,14,0.17178228,0.18081269,0.8720193,0.13427053,0.13427053,1.0,0.009030401,0.067255266,-25.83796,1.9184808,0.6394936,0.25,0.0,0.22582912,0.08,0.085,3996800
hardzero_plus_depr__c0p58__z1p00__lam0p005__nu1p00__psi0p50,hardzero_plus_depr,0.07,32,1249,0.0,14,0.18081269,0.19068606,0.83217466,0.14717205,0.14717205,1.0,0.00987338,0.06708733,-24.505486,1.8308208,0.6102736,0.256,0.0,0.21808447,0.085,0.09,4000000
