mechanism_tag,mechanism,alpha,seed,update,update_u,update_counter,energy_E_pre,energy_E_post,funding_z,funding_g,funding_g_raw,funding_cut_active,funding_income,funding_alpha_eff,episode_return_end_mean,terminal_min_dists_end_mean,terminal_dbar_end,terminal_occupied_end_mean,terminal_CSR_train,vartd_VarTD,depr_F,depr_F_post,env_steps
hardzero_plus_depr__c0p52__z1p00__lam0p010__nu0p50__psi1p25,hardzero_plus_depr,0.1,34,0,1.0,1,1.0,0.48000002,1.0739973,0.0,0.084334016,0.0,0.0,0.1,-27.958464,2.3628411,0.78761375,0.17999999,0.0,0.15948392,0.0,0.0,3200
hardzero_plus_depr__c0p52__z1p00__lam0p010__nu0p50__psi1p25,hardzero_plus_depr,0.1,34,1,0.0,1,0.48000002,0.48000002,1.0724891,0.0,0.08462738,0.0,0.0,0.1,-28.132221,2.3595233,0.7865078,0.136,0.0,0.14916873,0.0,0.01,6400
hardzero_plus_depr__c0p52__z1p00__lam0p010__nu0p50__psi1p25,hardzero_plus_depr,0.1,34,2,0.0,1,0.48000002,0.48000002,1.0247953,0.0,0.094450586,0.0,0.0,0.09875778,-26.762012,2.2545946,0.75153154,0.128,0.0,0.13993247,0.01,0.02,9600
hardzero_plus_depr__c0p52__z1p00__lam0p010__nu0p50__psi1p25,hardzero_plus_depr,0.1,34,3,0.0,1,0.48000002,0.48000002,1.0218152,0.0,0.09510095,0.0,0.0,0.09753099,-27.811333,2.2480383,0.74934614,0.128,0.0,0.15757243,0.02,0.03,12800
hardzero_plus_depr__c0p52__z1p00__lam0p010__nu0p50__psi1p25,hardzero_plus_depr,0.1,34,4,0.0,1,0.48000002,0.48000002,1.0129087,0.0,0.097071394,0.0,0.0,0.096319444,-27.01932,2.2284436,0.74281454,0.216,0.0,0.14274544,0.03,0.04,16000
hardzero_plus_depr__c0p52__z1p00__lam0p010__nu0p50__psi1p25,hardzero_plus_depr,0.1,34,5,0.0,1,0.48000002,0.48000002,1.1063346,0.0,0.078282624,0.0,0.0,0.09512295,-28.404078,2.4339848,0.8113283,0.08800001,0.0,0.14422202,0.04,0.049999997,19200
hardzero_plus_depr__c0p52__z1p00__lam0p010__nu0p50__psi1p25,hardzero_plus_depr,0.1,34,6,0.0,1,0.48000002,0.48000002,1.0270176,0.0,0.093968526,0.0,0.0,0.09394131,-27.575981,2.2594838,0.7531613,0.120000005,0.0,0.15643002,0.049999997,0.059999995,22400
hardzero_plus_depr__c0p52__z1p00__lam0p010__nu0p50__psi1p25,hardzero_plus_depr,0.1,34,7,0.0,1,0.48000002,0.48000002,1.0223575,0.0,0.09498226,0.0,0.0,0.092774354,-27.840498,2.2492313,0.7497438,0.16000001,0.0,0.17608269,0.059999995,0.06999999,25600
hardzero_plus_depr__c0p52__z1p00__lam0p010__nu0p50__psi1p25,hardzero_plus_depr,0.1,34,8,0.0,1,0.48000002,0.4895743,0.98089254,0.10449787,0.10449787,1.0,0.009574292,0.09162189,-26.798449,2.1580067,0.71933556,0.2,0.0,0.15097676,0.06999999,0.07999999,28800
hardzero_plus_depr__c0p52__z1p00__lam0p010__nu0p50__psi1p25,hardzero_plus_depr,0.1,34,9,0.0,1,0.4895743,0.4895743,1.0424685,0.0,0.09068417,0.0,0.0,0.09048375,-27.740341,2.2934766,0.7644922,0.16800001,0.0,0.17796504,0.07999999,0.08999999,32000
hardzero_plus_depr__c0p52__z1p00__lam0p010__nu0p50__psi1p25,hardzero_plus_depr,0.1,34,10,0.0,1,0.4895743,0.4895743,1.0235703,0.0,0.094717376,0.0,0.0,0.08935974,-26.642384,2.2518997,0.75063324,0.136,0.0,0.15469615,0.08999999,0.09999999,35200
hardzero_plus_depr__c0p52__z1p00__lam0p010__nu0p50__psi1p25,hardzero_plus_depr,0.1,34,11,0.0,1,0.4895743,0.4990445,0.96935374,0.1073115,0.1073115,1.0,0.009470208,0.0882497,-26.187553,2.1326208,0.7108736,0.16800001,0.0,0.12549242,0.09999999,0.109999985,38400
hardzero_plus_depr__c0p52__z1p00__lam0p010__nu0p50__psi1p25,hardzero_plus_depr,0.1,34,12,0.0,1,0.4990445,0.4990445,1.0914868,0.0,0.08100525,0.0,0.0,0.08715344,-28.310148,2.401319,0.8004397,0.128,0.0,0.1475675,0.109999985,0.11999998,41600
hardzero_plus_depr__c0p52__z1p00__lam0p010__nu0p50__psi1p25,hardzero_plus_depr,0.1,34,13,0.0,1,0.4990445,0.4990445,1.0612545,0.0,0.08684513,0.0,0.0,0.0860708,-27.350943,2.3348064,0.7782688,0.14999999,0.0,0.12891199,0.11999998,0.12999998,44800
hardzero_plus_depr__c0p52__z1p00__lam0p010__nu0p50__psi1p25,hardzero_plus_depr,0.1,34,14,0.0,1,0.4990445,0.4990445,1.0059901,0.0,0.09863019,0.0,0.0,0.08500161,-25.963255,2.2132225,0.7377409,0.120000005,0.0,0.13114542,0.12999998,0.13999999,48000
hardzero_plus_depr__c0p52__z1p00__lam0p010__nu0p50__psi1p25,hardzero_plus_depr,0.1,34,15,0.0,1,0.4990445,0.4990445,1.0471925,0.0,0.08970311,0.0,0.0,0.08394571,-27.617239,2.3038695,0.7679565,0.17600001,0.0,0.14951156,0.13999999,0.14999999,51200
hardzero_plus_depr__c0p52__z1p00__lam0p010__nu0p50__psi1p25,hardzero_plus_depr,0.1,34,16,0.0,1,0.4990445,0.4990445,1.0489609,0.0,0.089338586,0.0,0.0,0.082902916,-27.37849,2.30776,0.7692534,0.15200001,0.0,0.144051,0.14999999,0.16,54400
hardzero_plus_depr__c0p52__z1p00__lam0p010__nu0p50__psi1p25,hardzero_plus_depr,0.1,34,17,0.0,1,0.4990445,0.4990445,1.0852445,0.0,0.08217797,0.0,0.0,0.08187308,-27.686272,2.3875856,0.7958619,0.15200001,0.0,0.15779619,0.16,0.17,57600
hardzero_plus_depr__c0p52__z1p00__lam0p010__nu0p50__psi1p25,hardzero_plus_depr,0.1,34,18,0.0,1,0.4990445,0.4990445,1.0476716,0.0,0.08960421,0.0,0.0,0.08085604,-27.862703,2.3049235,0.76830786,0.192,0.0,0.1634074,0.17,0.18,60800
hardzero_plus_depr__c0p52__z1p00__lam0p010__nu0p50__psi1p25,hardzero_plus_depr,0.1,34,19,0.0,1,0.4990445,0.4990445,1.0165049,0.0,0.09627091,0.0,0.0,0.07985162,-27.498524,2.2363553,0.7454518,0.112,0.0,0.14142181,0.18,0.19000001,64000
hardzero_plus_depr__c0p52__z1p00__lam0p010__nu0p50__psi1p25,hardzero_plus_depr,0.1,34,20,0.0,1,0.4990445,0.4990445,1.0236943,0.0,0.094690345,0.0,0.0,0.07885969,-26.530403,2.2521725,0.7507242,0.18400002,0.0,0.1292692,0.19000001,0.20000002,67200
hardzero_plus_depr__c0p52__z1p00__lam0p010__nu0p50__psi1p25,hardzero_plus_depr,0.1,34,21,0.0,1,0.4990445,0.4990445,1.0678238,0.0,0.08554138,0.0,0.0,0.07788008,-29.008583,2.3492591,0.7830864,0.17600001,0.0,0.18192236,0.20000002,0.21000002,70400
hardzero_plus_depr__c0p52__z1p00__lam0p010__nu0p50__psi1p25,hardzero_plus_depr,0.1,34,22,0.0,1,0.4990445,0.4990445,1.0657789,0.0,0.0859451,0.0,0.0,0.076912634,-28.070585,2.3447602,0.78158677,0.16000001,0.0,0.17606921,0.21000002,0.22000003,73600
hardzero_plus_depr__c0p52__z1p00__lam0p010__nu0p50__psi1p25,hardzero_plus_depr,0.1,34,23,0.0,1,0.4990445,0.4990445,1.0582811,0.0,0.08744177,0.0,0.0,0.07595721,-28.201874,2.328265,0.77608836,0.16000001,0.0,0.19864674,0.22000003,0.23000003,76800
hardzero_plus_depr__c0p52__z1p00__lam0p010__nu0p50__psi1p25,hardzero_plus_depr,0.1,34,24,0.0,1,0.4990445,0.4990445,1.0701562,0.0,0.08508319,0.0,0.0,0.07501366,-27.805704,2.3543906,0.7847969,0.104,0.0,0.15215553,0.23000003,0.24000004,80000
hardzero_plus_depr__c0p52__z1p00__lam0p010__nu0p50__psi1p25,hardzero_plus_depr,0.1,34,25,0.0,1,0.4990445,0.4990445,1.006638,0.0,0.09848314,0.0,0.0,0.074081816,-27.404003,2.214648,0.73821604,0.14400001,0.0,0.1281038,0.24000004,0.25000003,83200
hardzero_plus_depr__c0p52__z1p00__lam0p010__nu0p50__psi1p25,hardzero_plus_depr,0.1,34,26,0.0,1,0.4990445,0.4990445,1.0577745,0.0,0.0875438,0.0,0.0,0.073161565,-27.682913,2.3271506,0.7757169,0.16,0.0,0.15047352,0.25000003,0.26000002,86400
hardzero_plus_depr__c0p52__z1p00__lam0p010__nu0p50__psi1p25,hardzero_plus_depr,0.1,34,27,0.0,1,0.4990445,0.5064101,0.99164456,0.10194254,0.10194254,1.0,0.007365628,0.07225274,-28.060312,2.1816616,0.72722054,0.15200001,0.0,0.1508901,0.26000002,0.27,89600
hardzero_plus_depr__c0p52__z1p00__lam0p010__nu0p50__psi1p25,hardzero_plus_depr,0.1,34,28,0.0,1,0.5064101,0.5064101,1.0378326,0.0,0.09165736,0.0,0.0,0.0713552,-27.650118,2.2832773,0.7610924,0.128,0.0,0.13731693,0.27,0.28,92800
hardzero_plus_depr__c0p52__z1p00__lam0p010__nu0p50__psi1p25,hardzero_plus_depr,0.1,34,29,0.0,1,0.5064101,0.5064101,1.0428727,0.0,0.09059982,0.0,0.0,0.07046881,-27.068386,2.2943656,0.76478857,0.096,0.0,0.17879982,0.28,0.29,96000
hardzero_plus_depr__c0p52__z1p00__lam0p010__nu0p50__psi1p25,hardzero_plus_depr,0.1,34,30,0.0,1,0.5064101,0.5064101,1.0309938,0.0,0.09311212,0.0,0.0,0.06959343,-27.19631,2.2682316,0.75607723,0.15200001,0.0,0.16938676,0.29,0.29999998,99200
hardzero_plus_depr__c0p52__z1p00__lam0p010__nu0p50__psi1p25,hardzero_plus_depr,0.1,34,31,0.0,1,0.5064101,0.5064101,1.033921,0.0,0.09248664,0.0,0.0,0.06872893,-27.089926,2.2746716,0.7582239,0.136,0.0,0.15117773,0.29999998,0.30999997,102400
hardzero_plus_depr__c0p52__z1p00__lam0p010__nu0p50__psi1p25,hardzero_plus_depr,0.1,34,32,0.0,1,0.5064101,0.5064101,1.1131915,0.0,0.07705636,0.0,0.0,0.06787517,-28.870161,2.4490702,0.8163568,0.112,0.0,0.16183263,0.30999997,0.31999996,105600
hardzero_plus_depr__c0p52__z1p00__lam0p010__nu0p50__psi1p25,hardzero_plus_depr,0.1,34,33,0.0,1,0.5064101,0.5064101,1.0176055,0.0,0.09602724,0.0,0.0,0.06703201,-26.763002,2.238777,0.746259,0.128,0.0,0.15397178,0.31999996,0.32999995,108800
hardzero_plus_depr__c0p52__z1p00__lam0p010__nu0p50__psi1p25,hardzero_plus_depr,0.1,34,34,0.0,1,0.5064101,0.5064101,1.0108988,0.0,0.09752168,0.0,0.0,0.066199325,-26.810982,2.224022,0.74134064,0.24800001,0.0,0.16592914,0.32999995,0.33999994,112000
hardzero_plus_depr__c0p52__z1p00__lam0p010__nu0p50__psi1p25,hardzero_plus_depr,0.1,34,35,0.0,1,0.5064101,0.5064101,1.0298212,0.0,0.093363866,0.0,0.0,0.06537699,-27.569563,2.2656517,0.75521725,0.112,0.0,0.14904018,0.33999994,0.34999993,115200
hardzero_plus_depr__c0p52__z1p00__lam0p010__nu0p50__psi1p25,hardzero_plus_depr,0.1,34,36,0.0,1,0.5064101,0.5064101,1.0644271,0.0,0.08621301,0.0,0.0,0.06456486,-27.492233,2.3417864,0.7805955,0.136,0.0,0.19541006,0.34999993,0.35999992,118400
hardzero_plus_depr__c0p52__z1p00__lam0p010__nu0p50__psi1p25,hardzero_plus_depr,0.1,34,37,0.0,1,0.5064101,0.5064101,1.0739914,0.0,0.08433515,0.0,0.0,0.06376283,-28.164474,2.3628283,0.78760946,0.128,0.0,0.19273366,0.35999992,0.36999992,121600
hardzero_plus_depr__c0p52__z1p00__lam0p010__nu0p50__psi1p25,hardzero_plus_depr,0.1,34,38,0.0,1,0.5064101,0.5128596,0.98961467,0.10242013,0.10242013,1.0,0.006449472,0.06297075,-26.82825,2.1771958,0.72573197,0.112,0.0,0.15296903,0.36999992,0.3799999,124800
hardzero_plus_depr__c0p52__z1p00__lam0p010__nu0p50__psi1p25,hardzero_plus_depr,0.1,34,39,0.0,1,0.5128596,0.5128596,1.0378307,0.0,0.09165777,0.0,0.0,0.062188514,-26.69975,2.2832732,0.7610911,0.17,0.0,0.1341214,0.3799999,0.3899999,128000
hardzero_plus_depr__c0p52__z1p00__lam0p010__nu0p50__psi1p25,hardzero_plus_depr,0.1,34,40,0.0,1,0.5128596,0.5128596,1.0188084,0.0,0.09576166,0.0,0.0,0.061415996,-27.501106,2.2414231,0.74714106,0.224,0.0,0.15242472,0.3899999,0.3999999,131200
hardzero_plus_depr__c0p52__z1p00__lam0p010__nu0p50__psi1p25,hardzero_plus_depr,0.1,34,41,0.0,1,0.5128596,0.5190749,0.9893888,0.1024734,0.1024734,1.0,0.0062153274,0.06065308,-25.953022,2.176699,0.7255663,0.17600001,0.0,0.11540932,0.3999999,0.40999988,134400
hardzero_plus_depr__c0p52__z1p00__lam0p010__nu0p50__psi1p25,hardzero_plus_depr,0.1,34,42,0.0,1,0.5190749,0.5258413,0.94706875,0.11296169,0.11296169,1.0,0.006766363,0.05989963,-25.44798,2.083593,0.69453096,0.17600001,0.0,0.14044811,0.40999988,0.41999987,137600
hardzero_plus_depr__c0p52__z1p00__lam0p010__nu0p50__psi1p25,hardzero_plus_depr,0.1,34,43,1.0,2,0.5258413,0.005841315,1.0252197,0.0,0.09435835,0.0,0.0,0.05915555,-27.911892,2.2555285,0.75184286,0.16000001,0.0,0.18429565,0.41999987,0.20999993,140800
hardzero_plus_depr__c0p52__z1p00__lam0p010__nu0p50__psi1p25,hardzero_plus_depr,0.1,34,44,0.0,2,0.005841315,0.005841315,1.0568929,0.0,0.08772171,0.0,0.0,0.07691264,-28.179062,2.3252108,0.7750703,0.104,0.0,0.17163664,0.20999993,0.21999994,144000
hardzero_plus_depr__c0p52__z1p00__lam0p010__nu0p50__psi1p25,hardzero_plus_depr,0.1,34,45,0.0,2,0.005841315,0.013510952,0.99579424,0.10097311,0.10097311,1.0,0.007669637,0.075957224,-27.076681,2.1907911,0.7302637,0.16000001,0.0,0.1499901,0.21999994,0.22999994,147200
hardzero_plus_depr__c0p52__z1p00__lam0p010__nu0p50__psi1p25,hardzero_plus_depr,0.1,34,46,0.0,2,0.013510952,0.02131231,0.9829701,0.10399917,0.10399917,1.0,0.007801358,0.07501366,-26.255713,2.1625774,0.72085917,0.192,0.0,0.13122463,0.22999994,0.23999995,150400
hardzero_plus_depr__c0p52__z1p00__lam0p010__nu0p50__psi1p25,hardzero_plus_depr,0.1,34,47,0.0,2,0.02131231,0.02131231,1.0275995,0.0,0.093842715,0.0,0.0,0.07408182,-27.712435,2.260764,0.75358796,0.14400001,0.0,0.14379069,0.23999995,0.24999996,153600
hardzero_plus_depr__c0p52__z1p00__lam0p010__nu0p50__psi1p25,hardzero_plus_depr,0.1,34,48,0.0,2,0.02131231,0.02131231,1.0085541,0.0,0.09804962,0.0,0.0,0.073161565,-27.091179,2.2188632,0.7396211,0.136,0.0,0.16156495,0.24999996,0.25999996,156800
hardzero_plus_depr__c0p52__z1p00__lam0p010__nu0p50__psi1p25,hardzero_plus_depr,0.1,34,49,0.0,2,0.02131231,0.028646052,0.99352866,0.10150123,0.10150123,1.0,0.007333742,0.07225274,-26.714325,2.1858068,0.7286023,0.14400001,0.0,0.13342038,0.25999996,0.26999995,160000
hardzero_plus_depr__c0p52__z1p00__lam0p010__nu0p50__psi1p25,hardzero_plus_depr,0.1,34,50,0.0,2,0.028646052,0.028646052,1.0088339,0.0,0.097986475,0.0,0.0,0.07135521,-27.162947,2.2194788,0.7398263,0.120000005,0.0,0.134807,0.26999995,0.27999994,163200
hardzero_plus_depr__c0p52__z1p00__lam0p010__nu0p50__psi1p25,hardzero_plus_depr,0.1,34,51,0.0,2,0.028646052,0.035949107,0.9844925,0.10363527,0.10363527,1.0,0.0073030544,0.07046881,-26.618715,2.1659267,0.72197556,0.2,0.0,0.121095136,0.27999994,0.28999993,166400
hardzero_plus_depr__c0p52__z1p00__lam0p010__nu0p50__psi1p25,hardzero_plus_depr,0.1,34,52,0.0,2,0.035949107,0.035949107,1.0313861,0.0,0.09302804,0.0,0.0,0.06959344,-26.64279,2.2690947,0.75636494,0.14,0.0,0.12774034,0.28999993,0.29999992,169600
hardzero_plus_depr__c0p52__z1p00__lam0p010__nu0p50__psi1p25,hardzero_plus_depr,0.1,34,53,0.0,2,0.035949107,0.04301298,0.9880968,0.10277871,0.10277871,1.0,0.0070638717,0.06872894,-26.360332,2.1738563,0.7246188,0.15200001,0.0,0.1494652,0.29999992,0.3099999,172800
hardzero_plus_depr__c0p52__z1p00__lam0p010__nu0p50__psi1p25,hardzero_plus_depr,0.1,34,54,0.0,2,0.04301298,0.04991391,0.99280334,0.10167091,0.10167091,1.0,0.0069009303,0.06787517,-26.28262,2.184211,0.7280704,0.136,0.0,0.13145785,0.3099999,0.3199999,176000
hardzero_plus_depr__c0p52__z1p00__lam0p010__nu0p50__psi1p25,hardzero_plus_depr,0.1,34,55,0.0,2,0.04991391,0.04991391,1.0081704,0.0,0.09813629,0.0,0.0,0.06703202,-26.437614,2.218019,0.7393397,0.128,0.0,0.15436205,0.3199999,0.3299999,179200
hardzero_plus_depr__c0p52__z1p00__lam0p010__nu0p50__psi1p25,hardzero_plus_depr,0.1,34,56,0.0,2,0.04991391,0.05671909,0.98801386,0.10279835,0.10279835,1.0,0.0068051815,0.066199325,-26.811497,2.1736739,0.724558,0.16800001,0.0,0.16183707,0.3299999,0.33999988,182400
hardzero_plus_depr__c0p52__z1p00__lam0p010__nu0p50__psi1p25,hardzero_plus_depr,0.1,34,57,0.0,2,0.05671909,0.05671909,1.1094149,0.0,0.07772935,0.0,0.0,0.06537699,-28.594688,2.4407616,0.8135872,0.128,0.0,0.1711108,0.33999988,0.34999987,185600
hardzero_plus_depr__c0p52__z1p00__lam0p010__nu0p50__psi1p25,hardzero_plus_depr,0.1,34,58,0.0,2,0.05671909,0.05671909,1.0247623,0.0,0.09445776,0.0,0.0,0.06456487,-27.146404,2.254522,0.7515074,0.136,0.0,0.1444001,0.34999987,0.35999987,188800
hardzero_plus_depr__c0p52__z1p00__lam0p010__nu0p50__psi1p25,hardzero_plus_depr,0.1,34,59,0.0,2,0.05671909,0.05671909,1.0119625,0.0,0.09728312,0.0,0.0,0.06376283,-27.047451,2.226362,0.7421207,0.18400002,0.0,0.14181939,0.35999987,0.36999986,192000
hardzero_plus_depr__c0p52__z1p00__lam0p010__nu0p50__psi1p25,hardzero_plus_depr,0.1,34,60,0.0,2,0.05671909,0.05671909,1.0371118,0.0,0.09180963,0.0,0.0,0.06297075,-27.745619,2.2816913,0.7605638,0.128,0.0,0.14616418,0.36999986,0.37999985,195200
hardzero_plus_depr__c0p52__z1p00__lam0p010__nu0p50__psi1p25,hardzero_plus_depr,0.1,34,61,0.0,2,0.05671909,0.05671909,1.0446614,0.0,0.09022743,0.0,0.0,0.062188514,-28.701351,2.298301,0.76610035,0.17600001,0.0,0.17641172,0.37999985,0.38999984,198400
hardzero_plus_depr__c0p52__z1p00__lam0p010__nu0p50__psi1p25,hardzero_plus_depr,0.1,34,62,0.0,2,0.05671909,0.05671909,1.0360376,0.0,0.09203701,0.0,0.0,0.061416,-28.326342,2.279328,0.75977606,0.136,0.0,0.16551247,0.38999984,0.39999983,201600
hardzero_plus_depr__c0p52__z1p00__lam0p010__nu0p50__psi1p25,hardzero_plus_depr,0.1,34,63,0.0,2,0.05671909,0.062873475,0.99366826,0.10146861,0.10146861,1.0,0.0061543835,0.06065308,-26.644884,2.1861138,0.72870463,0.112,0.0,0.1444836,0.39999983,0.40999982,204800
hardzero_plus_depr__c0p52__z1p00__lam0p010__nu0p50__psi1p25,hardzero_plus_depr,0.1,34,64,0.0,2,0.062873475,0.062873475,1.0000935,0.0,0.09997847,0.0,0.0,0.05989964,-27.702719,2.2002497,0.73341656,0.128,0.0,0.17486957,0.40999982,0.4199998,208000
hardzero_plus_depr__c0p52__z1p00__lam0p010__nu0p50__psi1p25,hardzero_plus_depr,0.1,34,65,0.0,2,0.062873475,0.062873475,1.0373931,0.0,0.09175017,0.0,0.0,0.059155554,-27.086054,2.2823102,0.7607701,0.14,0.0,0.14894423,0.4199998,0.4299998,211200
hardzero_plus_depr__c0p52__z1p00__lam0p010__nu0p50__psi1p25,hardzero_plus_depr,0.1,34,66,0.0,2,0.062873475,0.06906879,0.9745034,0.10604657,0.10604657,1.0,0.0061953166,0.058420714,-26.711485,2.1439502,0.7146501,0.16000001,0.0,0.18215746,0.4299998,0.4399998,214400
hardzero_plus_depr__c0p52__z1p00__lam0p010__nu0p50__psi1p25,hardzero_plus_depr,0.1,34,67,0.0,2,0.06906879,0.06906879,1.0341573,0.0,0.092436336,0.0,0.0,0.057694998,-27.242659,2.2751915,0.7583972,0.136,0.0,0.17121081,0.4399998,0.44999978,217600
hardzero_plus_depr__c0p52__z1p00__lam0p010__nu0p50__psi1p25,hardzero_plus_depr,0.1,34,68,0.0,2,0.06906879,0.06906879,1.0389642,0.0,0.09141886,0.0,0.0,0.056978304,-28.241297,2.2857668,0.7619223,0.16800001,0.0,0.15508345,0.44999978,0.45999977,220800
hardzero_plus_depr__c0p52__z1p00__lam0p010__nu0p50__psi1p25,hardzero_plus_depr,0.1,34,69,0.0,2,0.06906879,0.07488316,0.98577774,0.103329,0.103329,1.0,0.0058143754,0.056270506,-27.26189,2.1687543,0.72291815,0.15200001,0.0,0.13401978,0.45999977,0.46999976,224000
hardzero_plus_depr__c0p52__z1p00__lam0p010__nu0p50__psi1p25,hardzero_plus_depr,0.1,34,70,0.0,2,0.07488316,0.07488316,1.0311632,0.0,0.093075804,0.0,0.0,0.055571504,-27.613432,2.2686043,0.75620145,0.128,0.0,0.16845688,0.46999976,0.47999975,227200
hardzero_plus_depr__c0p52__z1p00__lam0p010__nu0p50__psi1p25,hardzero_plus_depr,0.1,34,71,0.0,2,0.07488316,0.07488316,1.0195371,0.0,0.095601104,0.0,0.0,0.05488118,-27.201712,2.2430265,0.74767554,0.128,0.0,0.13376458,0.47999975,0.48999974,230400
hardzero_plus_depr__c0p52__z1p00__lam0p010__nu0p50__psi1p25,hardzero_plus_depr,0.1,34,72,0.0,2,0.07488316,0.08031297,0.99921083,0.100181885,0.100181885,1.0,0.005429802,0.05419944,-26.608673,2.1983078,0.73276925,0.2,0.0,0.15169246,0.48999974,0.49999973,233600
hardzero_plus_depr__c0p52__z1p00__lam0p010__nu0p50__psi1p25,hardzero_plus_depr,0.1,34,73,0.0,2,0.08031297,0.08031297,1.0283242,0.0,0.09368623,0.0,0.0,0.053526163,-26.787949,2.2623584,0.7541195,0.18400002,0.0,0.1432494,0.49999973,0.50999975,236800
hardzero_plus_depr__c0p52__z1p00__lam0p010__nu0p50__psi1p25,hardzero_plus_depr,0.1,34,74,0.0,2,0.08031297,0.08603932,0.96525973,0.1083279,0.1083279,1.0,0.0057263486,0.05286125,-26.701618,2.1236138,0.7078713,0.2,0.0,0.12921797,0.50999975,0.51999974,240000
hardzero_plus_depr__c0p52__z1p00__lam0p010__nu0p50__psi1p25,hardzero_plus_depr,0.1,34,75,0.0,2,0.08603932,0.08603932,1.0089934,0.0,0.09795048,0.0,0.0,0.05220459,-26.40705,2.2198298,0.73994327,0.15200001,0.0,0.116465494,0.51999974,0.52999973,243200
hardzero_plus_depr__c0p52__z1p00__lam0p010__nu0p50__psi1p25,hardzero_plus_depr,0.1,34,76,0.0,2,0.08603932,0.09144319,0.9795751,0.10481534,0.10481534,1.0,0.0054038703,0.0515561,-26.597927,2.1551082,0.7183694,0.192,0.0,0.13495089,0.52999973,0.5399997,246400
hardzero_plus_depr__c0p52__z1p00__lam0p010__nu0p50__psi1p25,hardzero_plus_depr,0.1,34,77,0.0,2,0.09144319,0.09675943,0.9812465,0.10441275,0.10441275,1.0,0.005316244,0.05091566,-27.00702,2.1587853,0.71959513,0.216,0.0,0.14103474,0.5399997,0.5499997,249600
hardzero_plus_depr__c0p52__z1p00__lam0p010__nu0p50__psi1p25,hardzero_plus_depr,0.1,34,78,0.0,2,0.09675943,0.101826586,0.9966585,0.100772366,0.100772366,1.0,0.0050671543,0.050283175,-26.90149,2.1926925,0.73089755,0.19,0.0,0.13455434,0.5499997,0.5599997,252800
hardzero_plus_depr__c0p52__z1p00__lam0p010__nu0p50__psi1p25,hardzero_plus_depr,0.1,34,79,0.0,2,0.101826586,0.101826586,1.0630158,0.0,0.086493626,0.0,0.0,0.049658548,-27.360199,2.3386815,0.7795605,0.16800001,0.0,0.15397687,0.5599997,0.5699997,256000
hardzero_plus_depr__c0p52__z1p00__lam0p010__nu0p50__psi1p25,hardzero_plus_depr,0.1,34,80,0.0,2,0.101826586,0.106960155,0.98014575,0.104677714,0.104677714,1.0,0.0051335716,0.049041685,-26.303434,2.1563637,0.7187879,0.128,0.0,0.13147002,0.5699997,0.5799997,259200
hardzero_plus_depr__c0p52__z1p00__lam0p010__nu0p50__psi1p25,hardzero_plus_depr,0.1,34,81,0.0,2,0.106960155,0.106960155,1.0302949,0.0,0.093262084,0.0,0.0,0.048432477,-27.158829,2.266694,0.7555647,0.17600001,0.0,0.13332488,0.5799997,0.5899997,262400
hardzero_plus_depr__c0p52__z1p00__lam0p010__nu0p50__psi1p25,hardzero_plus_depr,0.1,34,82,0.0,2,0.106960155,0.106960155,1.090551,0.0,0.08117999,0.0,0.0,0.047830842,-28.056435,2.39926,0.79975337,0.096,0.0,0.17839424,0.5899997,0.59999967,265600
hardzero_plus_depr__c0p52__z1p00__lam0p010__nu0p50__psi1p25,hardzero_plus_depr,0.1,34,83,0.0,2,0.106960155,0.106960155,1.0432041,0.0,0.0905307,0.0,0.0,0.047236677,-27.059696,2.2950947,0.7650316,0.23200001,0.0,0.14722303,0.59999967,0.60999966,268800
hardzero_plus_depr__c0p52__z1p00__lam0p010__nu0p50__psi1p25,hardzero_plus_depr,0.1,34,84,0.0,2,0.106960155,0.11279842,0.90256673,0.12515068,0.12515068,1.0,0.0058382656,0.046649892,-24.399939,1.9856864,0.6618955,0.16000001,0.0,0.12794864,0.60999966,0.61999965,272000
hardzero_plus_depr__c0p52__z1p00__lam0p010__nu0p50__psi1p25,hardzero_plus_depr,0.1,34,85,0.0,2,0.11279842,0.11749584,0.9915624,0.101961814,0.101961814,1.0,0.0046974216,0.0460704,-27.080338,2.181481,0.72716033,0.15200001,0.0,0.1440905,0.61999965,0.62999964,275200
hardzero_plus_depr__c0p52__z1p00__lam0p010__nu0p50__psi1p25,hardzero_plus_depr,0.1,34,86,0.0,2,0.11749584,0.11749584,1.0185665,0.0,0.095815,0.0,0.0,0.045498103,-28.226763,2.240891,0.7469637,0.16800001,0.0,0.18242875,0.62999964,0.6399996,278400
hardzero_plus_depr__c0p52__z1p00__lam0p010__nu0p50__psi1p25,hardzero_plus_depr,0.1,34,87,0.0,2,0.11749584,0.1225822,0.94615805,0.11319883,0.11319883,1.0,0.0050863535,0.044932917,-25.749516,2.0815892,0.6938631,0.18400002,0.0,0.1493317,0.6399996,0.6499996,281600
hardzero_plus_depr__c0p52__z1p00__lam0p010__nu0p50__psi1p25,hardzero_plus_depr,0.1,34,88,0.0,2,0.1225822,0.1225822,1.0586601,0.0,0.08736546,0.0,0.0,0.044374757,-28.536303,2.329099,0.77636635,0.104,0.0,0.15531807,0.6499996,0.6599996,284800
hardzero_plus_depr__c0p52__z1p00__lam0p010__nu0p50__psi1p25,hardzero_plus_depr,0.1,34,89,0.0,2,0.1225822,0.1225822,1.0027299,0.0,0.09937338,0.0,0.0,0.04382352,-26.91825,2.20605,0.73535,0.192,0.0,0.14830124,0.6599996,0.6699996,288000
hardzero_plus_depr__c0p52__z1p00__lam0p010__nu0p50__psi1p25,hardzero_plus_depr,0.1,34,90,0.0,2,0.1225822,0.12692049,0.99895996,0.10023976,0.10023976,1.0,0.0043382905,0.043279137,-27.04942,2.1977558,0.7325853,0.192,0.0,0.1339829,0.6699996,0.6799996,291200
hardzero_plus_depr__c0p52__z1p00__lam0p010__nu0p50__psi1p25,hardzero_plus_depr,0.1,34,91,0.0,2,0.12692049,0.13151467,0.9686422,0.10748746,0.10748746,1.0,0.004594177,0.042741515,-26.459015,2.1310554,0.7103518,0.19,0.0,0.12179457,0.6799996,0.6899996,294400
hardzero_plus_depr__c0p52__z1p00__lam0p010__nu0p50__psi1p25,hardzero_plus_depr,0.1,34,92,0.0,2,0.13151467,0.13580099,0.99333686,0.10154607,0.10154607,1.0,0.004286318,0.042210575,-26.448269,2.1853848,0.7284616,0.112,0.0,0.12546329,0.6899996,0.6999996,297600
hardzero_plus_depr__c0p52__z1p00__lam0p010__nu0p50__psi1p25,hardzero_plus_depr,0.1,34,93,0.0,2,0.13580099,0.13580099,1.000846,0.0,0.09980537,0.0,0.0,0.041686226,-27.052404,2.2019053,0.73396844,0.128,0.0,0.124864124,0.6999996,0.70999956,300800
hardzero_plus_depr__c0p52__z1p00__lam0p010__nu0p50__psi1p25,hardzero_plus_depr,0.1,34,94,0.0,2,0.13580099,0.13580099,1.0068312,0.0,0.09843936,0.0,0.0,0.041168388,-26.960999,2.2150729,0.73835766,0.208,0.0,0.13277216,0.70999956,0.71999955,304000
hardzero_plus_depr__c0p52__z1p00__lam0p010__nu0p50__psi1p25,hardzero_plus_depr,0.1,34,95,0.0,2,0.13580099,0.14011142,0.9746148,0.10601937,0.10601937,1.0,0.0043104286,0.04065699,-26.215178,2.1441953,0.7147318,0.17600001,0.0,0.14825246,0.71999955,0.72999954,307200
hardzero_plus_depr__c0p52__z1p00__lam0p010__nu0p50__psi1p25,hardzero_plus_depr,0.1,34,96,0.0,2,0.14011142,0.14011142,1.0166748,0.0,0.096233256,0.0,0.0,0.04015194,-27.522915,2.2367291,0.7455764,0.16800001,0.0,0.15021956,0.72999954,0.73999953,310400
hardzero_plus_depr__c0p52__z1p00__lam0p010__nu0p50__psi1p25,hardzero_plus_depr,0.1,34,97,0.0,2,0.14011142,0.14011142,1.0315007,0.0,0.09300349,0.0,0.0,0.039653167,-27.07581,2.269347,0.756449,0.112,0.0,0.15805702,0.73999953,0.7499995,313600
hardzero_plus_depr__c0p52__z1p00__lam0p010__nu0p50__psi1p25,hardzero_plus_depr,0.1,34,98,0.0,2,0.14011142,0.1440718,0.9951111,0.10113207,0.10113207,1.0,0.0039603915,0.039160587,-26.040813,2.1892881,0.72976273,0.16000001,0.0,0.1429458,0.7499995,0.7599995,316800
hardzero_plus_depr__c0p52__z1p00__lam0p010__nu0p50__psi1p25,hardzero_plus_depr,0.1,34,99,0.0,2,0.1440718,0.14810896,0.9813442,0.10438925,0.10438925,1.0,0.004037163,0.038674127,-25.866371,2.1590004,0.71966684,0.208,0.0,0.13123818,0.7599995,0.7699995,320000
hardzero_plus_depr__c0p52__z1p00__lam0p010__nu0p50__psi1p25,hardzero_plus_depr,0.1,34,100,0.0,2,0.14810896,0.15210295,0.9805847,0.10457197,0.10457197,1.0,0.0039939913,0.03819371,-26.014027,2.1573293,0.7191098,0.192,0.0,0.12486458,0.7699995,0.7799995,323200
hardzero_plus_depr__c0p52__z1p00__lam0p010__nu0p50__psi1p25,hardzero_plus_depr,0.1,34,101,0.0,2,0.15210295,0.15210295,1.0520209,0.0,0.088711314,0.0,0.0,0.03771926,-27.61586,2.3144922,0.7714974,0.14400001,0.0,0.1365311,0.7799995,0.7899995,326400
hardzero_plus_depr__c0p52__z1p00__lam0p010__nu0p50__psi1p25,hardzero_plus_depr,0.1,34,102,0.0,2,0.15210295,0.15584674,0.9978225,0.10050265,0.10050265,1.0,0.0037437945,0.037250705,-27.662771,2.1952534,0.73175114,0.128,0.0,0.14303172,0.7899995,0.7999995,329600
hardzero_plus_depr__c0p52__z1p00__lam0p010__nu0p50__psi1p25,hardzero_plus_depr,0.1,34,103,0.0,2,0.15584674,0.15982257,0.9662795,0.108073816,0.108073816,1.0,0.0039758165,0.03678797,-26.308252,2.1258574,0.7086191,0.2,0.0,0.15260419,0.7999995,0.80999947,332800
hardzero_plus_depr__c0p52__z1p00__lam0p010__nu0p50__psi1p25,hardzero_plus_depr,0.1,34,104,0.0,2,0.15982257,0.15982257,1.0380368,0.0,0.091614276,0.0,0.0,0.03633098,-27.096718,2.2837267,0.7612423,0.12,0.0,0.13906923,0.80999947,0.81999946,336000
hardzero_plus_depr__c0p52__z1p00__lam0p010__nu0p50__psi1p25,hardzero_plus_depr,0.1,34,105,0.0,2,0.15982257,0.16383822,0.95109177,0.111920126,0.111920126,1.0,0.0040156576,0.03587967,-25.963882,2.0924437,0.6974813,0.2,0.0,0.11860548,0.81999946,0.82999945,339200
hardzero_plus_depr__c0p52__z1p00__lam0p010__nu0p50__psi1p25,hardzero_plus_depr,0.1,34,106,0.0,2,0.16383822,0.16768256,0.9645993,0.108492754,0.108492754,1.0,0.0038443292,0.03543397,-25.948338,2.122161,0.707387,0.2,0.0,0.14886403,0.82999945,0.83999944,342400
hardzero_plus_depr__c0p52__z1p00__lam0p010__nu0p50__psi1p25,hardzero_plus_depr,0.1,34,107,0.0,2,0.16768256,0.16768256,1.0219553,0.0,0.09507027,0.0,0.0,0.0349938,-27.662325,2.2483463,0.7494488,0.18400002,0.0,0.17285343,0.83999944,0.8499994,345600
hardzero_plus_depr__c0p52__z1p00__lam0p010__nu0p50__psi1p25,hardzero_plus_depr,0.1,34,108,0.0,2,0.16768256,0.16768256,1.0369214,0.0,0.091849886,0.0,0.0,0.034559097,-28.07872,2.2812726,0.76042426,0.16800001,0.0,0.15865298,0.8499994,0.8599994,348800
hardzero_plus_depr__c0p52__z1p00__lam0p010__nu0p50__psi1p25,hardzero_plus_depr,0.1,34,109,0.0,2,0.16768256,0.16768256,1.0449697,0.0,0.090163395,0.0,0.0,0.0341298,-27.324743,2.2989793,0.7663264,0.096,0.0,0.13770014,0.8599994,0.8699994,352000
hardzero_plus_depr__c0p52__z1p00__lam0p010__nu0p50__psi1p25,hardzero_plus_depr,0.1,34,110,0.0,2,0.16768256,0.17148414,0.94774014,0.1127872,0.1127872,1.0,0.0038015873,0.033705838,-26.01243,2.08507,0.6950233,0.18400002,0.0,0.14053927,0.8699994,0.8799994,355200
hardzero_plus_depr__c0p52__z1p00__lam0p010__nu0p50__psi1p25,hardzero_plus_depr,0.1,34,111,0.0,2,0.17148414,0.17509295,0.964912,0.108414665,0.108414665,1.0,0.0036088135,0.033287134,-25.545874,2.1228487,0.70761627,0.120000005,0.0,0.13754103,0.8799994,0.8899994,358400
hardzero_plus_depr__c0p52__z1p00__lam0p010__nu0p50__psi1p25,hardzero_plus_depr,0.1,34,112,0.0,2,0.17509295,0.17509295,1.0082138,0.0,0.098126486,0.0,0.0,0.032873634,-27.02077,2.2181146,0.73937154,0.120000005,0.0,0.15958223,0.8899994,0.8999994,361600
hardzero_plus_depr__c0p52__z1p00__lam0p010__nu0p50__psi1p25,hardzero_plus_depr,0.1,34,113,0.0,2,0.17509295,0.17509295,1.0549971,0.0,0.08810547,0.0,0.0,0.03246527,-27.275166,2.32104,0.77368,0.14400001,0.0,0.16261409,0.8999994,0.9099994,364800
hardzero_plus_depr__c0p52__z1p00__lam0p010__nu0p50__psi1p25,hardzero_plus_depr,0.1,34,114,0.0,2,0.17509295,0.17509295,1.0366148,0.0,0.09191476,0.0,0.0,0.032061983,-27.41713,2.280598,0.7601993,0.136,0.0,0.14248733,0.9099994,0.91999936,368000
hardzero_plus_depr__c0p52__z1p00__lam0p010__nu0p50__psi1p25,hardzero_plus_depr,0.1,34,115,0.0,2,0.17509295,0.17509295,1.0312562,0.0,0.09305588,0.0,0.0,0.031663705,-27.19928,2.2688088,0.75626963,0.136,0.0,0.14581874,0.91999936,0.92999935,371200
hardzero_plus_depr__c0p52__z1p00__lam0p010__nu0p50__psi1p25,hardzero_plus_depr,0.1,34,116,0.0,2,0.17509295,0.17830624,0.98818266,0.1027584,0.1027584,1.0,0.0032132932,0.03127037,-26.679333,2.1740453,0.7246818,0.192,0.0,0.13251917,0.92999935,0.93999934,374400
hardzero_plus_depr__c0p52__z1p00__lam0p010__nu0p50__psi1p25,hardzero_plus_depr,0.1,34,117,0.0,2,0.17830624,0.17830624,1.0329369,0.0,0.09269645,0.0,0.0,0.03088192,-27.342089,2.2725067,0.75750226,0.14,0.0,0.1796032,0.93999934,0.94999933,377600
hardzero_plus_depr__c0p52__z1p00__lam0p010__nu0p50__psi1p25,hardzero_plus_depr,0.1,34,118,0.0,2,0.17830624,0.17830624,1.0738393,0.0,0.08436468,0.0,0.0,0.030498302,-28.083466,2.3624938,0.78749794,0.136,0.0,0.15030803,0.94999933,0.9599993,380800
hardzero_plus_depr__c0p52__z1p00__lam0p010__nu0p50__psi1p25,hardzero_plus_depr,0.1,34,119,0.0,2,0.17830624,0.17830624,1.0126625,0.0,0.09712645,0.0,0.0,0.030119449,-26.9244,2.227902,0.742634,0.16000001,0.0,0.12637073,0.9599993,0.9699993,384000
hardzero_plus_depr__c0p52__z1p00__lam0p010__nu0p50__psi1p25,hardzero_plus_depr,0.1,34,120,0.0,2,0.17830624,0.18136579,0.9877601,0.10285844,0.10285844,1.0,0.003059555,0.0297453,-26.413204,2.1731157,0.7243719,0.120000005,0.0,0.13404386,0.9699993,0.9799993,387200
hardzero_plus_depr__c0p52__z1p00__lam0p010__nu0p50__psi1p25,hardzero_plus_depr,0.1,34,121,0.0,2,0.18136579,0.18136579,1.09037,0.0,0.08121381,0.0,0.0,0.029375792,-28.074295,2.3988621,0.79962075,0.096,0.0,0.17830007,0.9799993,0.9899993,390400
hardzero_plus_depr__c0p52__z1p00__lam0p010__nu0p50__psi1p25,hardzero_plus_depr,0.1,34,122,0.0,2,0.18136579,0.1846322,0.9484912,0.11259233,0.11259233,1.0,0.0032664035,0.029010886,-26.362806,2.0867224,0.69557416,0.2,0.0,0.17635776,0.9899993,0.9999993,393600
hardzero_plus_depr__c0p52__z1p00__lam0p010__nu0p50__psi1p25,hardzero_plus_depr,0.1,34,123,0.0,2,0.1846322,0.1846322,1.0114993,0.0,0.09738694,0.0,0.0,0.028650507,-27.565428,2.225343,0.741781,0.14400001,0.0,0.16110401,0.9999993,1.0099993,396800
hardzero_plus_depr__c0p52__z1p00__lam0p010__nu0p50__psi1p25,hardzero_plus_depr,0.1,34,124,0.0,2,0.1846322,0.1846322,1.0067046,0.0,0.09846807,0.0,0.0,0.028294602,-26.751514,2.2147942,0.73826474,0.208,0.0,0.16336475,1.0099993,1.0199993,400000
hardzero_plus_depr__c0p52__z1p00__lam0p010__nu0p50__psi1p25,hardzero_plus_depr,0.1,34,125,0.0,2,0.1846322,0.18755485,0.98049784,0.10459289,0.10459289,1.0,0.0029226516,0.02794312,-26.247364,2.1571383,0.7190461,0.17600001,0.0,0.18298292,1.0199993,1.0299993,403200
hardzero_plus_depr__c0p52__z1p00__lam0p010__nu0p50__psi1p25,hardzero_plus_depr,0.1,34,126,0.0,2,0.18755485,0.18755485,1.0322467,0.0,0.09284389,0.0,0.0,0.027596006,-27.498932,2.270988,0.75699604,0.14400001,0.0,0.13912334,1.0299993,1.0399992,406400
hardzero_plus_depr__c0p52__z1p00__lam0p010__nu0p50__psi1p25,hardzero_plus_depr,0.1,34,127,0.0,2,0.18755485,0.19045597,0.97285235,0.10645048,0.10645048,1.0,0.0029011173,0.027253209,-25.45727,2.140318,0.71343935,0.17600001,0.0,0.121487364,1.0399992,1.0499992,409600
hardzero_plus_depr__c0p52__z1p00__lam0p010__nu0p50__psi1p25,hardzero_plus_depr,0.1,34,128,0.0,2,0.19045597,0.19045597,1.0045176,0.0,0.09896519,0.0,0.0,0.02691466,-26.500029,2.2099826,0.7366609,0.136,0.0,0.13829353,1.0499992,1.0599992,412800
hardzero_plus_depr__c0p52__z1p00__lam0p010__nu0p50__psi1p25,hardzero_plus_depr,0.1,34,129,0.0,2,0.19045597,0.19315651,0.9931098,0.10159919,0.10159919,1.0,0.002700539,0.026580323,-26.181744,2.1848853,0.7282951,0.15200001,0.0,0.12238187,1.0599992,1.0699992,416000
hardzero_plus_depr__c0p52__z1p00__lam0p010__nu0p50__psi1p25,hardzero_plus_depr,0.1,34,130,0.0,2,0.19315651,0.19593841,0.97478944,0.10597674,0.10597674,1.0,0.0027819038,0.026250137,-26.569206,2.1445796,0.7148599,0.16,0.0,0.12871459,1.0699992,1.0799992,419200
hardzero_plus_depr__c0p52__z1p00__lam0p010__nu0p50__psi1p25,hardzero_plus_depr,0.1,34,131,0.0,2,0.19593841,0.19593841,1.028594,0.0,0.09362804,0.0,0.0,0.025924055,-26.38463,2.262952,0.7543174,0.08800001,0.0,0.13681325,1.0799992,1.0899992,422400
hardzero_plus_depr__c0p52__z1p00__lam0p010__nu0p50__psi1p25,hardzero_plus_depr,0.1,34,132,0.0,2,0.19593841,0.19852918,0.9948434,0.10119443,0.10119443,1.0,0.0025907815,0.025602018,-26.814974,2.1886992,0.72956645,0.16000001,0.0,0.12719013,1.0899992,1.0999992,425600
hardzero_plus_depr__c0p52__z1p00__lam0p010__nu0p50__psi1p25,hardzero_plus_depr,0.1,34,133,0.0,2,0.19852918,0.19852918,1.0098997,0.0,0.097746275,0.0,0.0,0.025283983,-27.435099,2.2218237,0.7406079,0.136,0.0,0.1445567,1.0999992,1.1099992,428800
hardzero_plus_depr__c0p52__z1p00__lam0p010__nu0p50__psi1p25,hardzero_plus_depr,0.1,34,134,0.0,2,0.19852918,0.19852918,1.0966527,0.0,0.080047406,0.0,0.0,0.024969904,-29.260817,2.4126842,0.80422807,0.16000001,0.0,0.15785833,1.1099992,1.1199992,432000
hardzero_plus_depr__c0p52__z1p00__lam0p010__nu0p50__psi1p25,hardzero_plus_depr,0.1,34,135,0.0,2,0.19852918,0.20100865,0.9976315,0.100546844,0.100546844,1.0,0.0024794575,0.024659725,-27.436901,2.194833,0.731611,0.128,0.0,0.13110854,1.1199992,1.1299992,435200
hardzero_plus_depr__c0p52__z1p00__lam0p010__nu0p50__psi1p25,hardzero_plus_depr,0.1,34,136,0.0,2,0.20100865,0.20100865,1.0123109,0.0,0.09720512,0.0,0.0,0.024353396,-27.008677,2.2271283,0.7423761,0.18400002,0.0,0.12828228,1.1299992,1.1399992,438400
hardzero_plus_depr__c0p52__z1p00__lam0p010__nu0p50__psi1p25,hardzero_plus_depr,0.1,34,137,0.0,2,0.20100865,0.20347613,0.98887765,0.1025941,0.1025941,1.0,0.0024674777,0.024050873,-26.733671,2.1755743,0.7251915,0.208,0.0,0.1671511,1.1399992,1.1499991,441600
hardzero_plus_depr__c0p52__z1p00__lam0p010__nu0p50__psi1p25,hardzero_plus_depr,0.1,34,138,0.0,2,0.20347613,0.20347613,1.0067594,0.0,0.09845562,0.0,0.0,0.023752108,-27.320482,2.214915,0.73830503,0.216,0.0,0.1513015,1.1499991,1.1599991,444800
hardzero_plus_depr__c0p52__z1p00__lam0p010__nu0p50__psi1p25,hardzero_plus_depr,0.1,34,139,0.0,2,0.20347613,0.20347613,1.052763,0.0,0.08855988,0.0,0.0,0.023457056,-28.405529,2.316125,0.7720417,0.2,0.0,0.18190661,1.1599991,1.1699991,448000
hardzero_plus_depr__c0p52__z1p00__lam0p010__nu0p50__psi1p25,hardzero_plus_depr,0.1,34,140,0.0,2,0.20347613,0.20588163,0.98364174,0.103838466,0.103838466,1.0,0.0024054875,0.023165667,-26.741743,2.164055,0.72135174,0.136,0.0,0.148584,1.1699991,1.1799991,451200
hardzero_plus_depr__c0p52__z1p00__lam0p010__nu0p50__psi1p25,hardzero_plus_depr,0.1,34,141,0.0,2,0.20588163,0.20588163,1.0256867,0.0,0.09425692,0.0,0.0,0.022877898,-27.726694,2.2565558,0.7521853,0.192,0.0,0.13742949,1.1799991,1.1899991,454400
hardzero_plus_depr__c0p52__z1p00__lam0p010__nu0p50__psi1p25,hardzero_plus_depr,0.1,34,142,0.0,2,0.20588163,0.20818979,0.99072105,0.102159545,0.102159545,1.0,0.0023081626,0.022593705,-26.32834,2.1796298,0.7265433,0.23200001,0.0,0.14811546,1.1899991,1.1999991,457600
hardzero_plus_depr__c0p52__z1p00__lam0p010__nu0p50__psi1p25,hardzero_plus_depr,0.1,34,143,0.0,2,0.20818979,0.20818979,1.0374805,0.0,0.09173171,0.0,0.0,0.022313045,-28.092398,2.2825027,0.7608342,0.12,0.0,0.15404806,1.1999991,1.2099991,460800
hardzero_plus_depr__c0p52__z1p00__lam0p010__nu0p50__psi1p25,hardzero_plus_depr,0.1,34,144,0.0,2,0.20818979,0.21041459,0.9958391,0.10096268,0.10096268,1.0,0.0022248002,0.022035865,-26.803629,2.1908898,0.7302966,0.16000001,0.0,0.13525796,1.2099991,1.2199991,464000
hardzero_plus_depr__c0p52__z1p00__lam0p010__nu0p50__psi1p25,hardzero_plus_depr,0.1,34,145,0.0,2,0.21041459,0.21041459,1.0006098,0.0,0.09985969,0.0,0.0,0.02176213,-26.726454,2.2013855,0.73379517,0.16000001,0.0,0.15896617,1.2199991,1.2299991,467200
hardzero_plus_depr__c0p52__z1p00__lam0p010__nu0p50__psi1p25,hardzero_plus_depr,0.1,34,146,0.0,2,0.21041459,0.21041459,1.0161638,0.0,0.09634655,0.0,0.0,0.0214918,-26.693468,2.235605,0.7452017,0.128,0.0,0.13430023,1.2299991,1.239999,470400
hardzero_plus_depr__c0p52__z1p00__lam0p010__nu0p50__psi1p25,hardzero_plus_depr,0.1,34,147,0.0,2,0.21041459,0.21041459,1.0317917,0.0,0.0929412,0.0,0.0,0.021224825,-28.060877,2.269987,0.75666237,0.17600001,0.0,0.182287,1.239999,1.249999,473600
hardzero_plus_depr__c0p52__z1p00__lam0p010__nu0p50__psi1p25,hardzero_plus_depr,0.1,34,148,0.0,2,0.21041459,0.21262662,0.9766249,0.1055298,0.1055298,1.0,0.0022120273,0.020961164,-26.006708,2.1486177,0.71620595,0.224,0.0,0.14096448,1.249999,1.259999,476800
hardzero_plus_depr__c0p52__z1p00__lam0p010__nu0p50__psi1p25,hardzero_plus_depr,0.1,34,149,0.0,2,0.21262662,0.21262662,1.0078846,0.0,0.098200865,0.0,0.0,0.020700779,-26.358776,2.2173905,0.7391302,0.16000001,0.0,0.14929543,1.259999,1.269999,480000
hardzero_plus_depr__c0p52__z1p00__lam0p010__nu0p50__psi1p25,hardzero_plus_depr,0.1,34,150,0.0,2,0.21262662,0.21262662,1.030417,0.0,0.09323587,0.0,0.0,0.020443631,-27.447313,2.2669625,0.7556542,0.17600001,0.0,0.14864273,1.269999,1.279999,483200
hardzero_plus_depr__c0p52__z1p00__lam0p010__nu0p50__psi1p25,hardzero_plus_depr,0.1,34,151,0.0,2,0.21262662,0.2146849,0.9916244,0.101947255,0.101947255,1.0,0.0020582823,0.020189678,-26.412523,2.1816173,0.72720575,0.24800001,0.0,0.15316348,1.279999,1.289999,486400
hardzero_plus_depr__c0p52__z1p00__lam0p010__nu0p50__psi1p25,hardzero_plus_depr,0.1,34,152,0.0,2,0.2146849,0.21693239,0.94800365,0.11271878,0.11271878,1.0,0.002247486,0.019938877,-25.780098,2.0856497,0.6952166,0.16800001,0.0,0.1306647,1.289999,1.299999,489600
hardzero_plus_depr__c0p52__z1p00__lam0p010__nu0p50__psi1p25,hardzero_plus_depr,0.1,34,153,0.0,2,0.21693239,0.21693239,1.0177159,0.0,0.09600283,0.0,0.0,0.019691192,-27.912178,2.2390196,0.7463399,0.23200001,0.0,0.14960457,1.299999,1.309999,492800
hardzero_plus_depr__c0p52__z1p00__lam0p010__nu0p50__psi1p25,hardzero_plus_depr,0.1,34,154,0.0,2,0.21693239,0.21917613,0.9378695,0.115379974,0.115379974,1.0,0.0022437465,0.019446585,-26.717558,2.063354,0.6877847,0.17600001,0.0,0.15471143,1.309999,1.319999,496000
hardzero_plus_depr__c0p52__z1p00__lam0p010__nu0p50__psi1p25,hardzero_plus_depr,0.1,34,155,0.0,2,0.21917613,0.21917613,1.017113,0.0,0.09613621,0.0,0.0,0.019205017,-26.206821,2.2376933,0.74589777,0.14400001,0.0,0.13259868,1.319999,1.329999,499200
hardzero_plus_depr__c0p52__z1p00__lam0p010__nu0p50__psi1p25,hardzero_plus_depr,0.1,34,156,0.0,2,0.21917613,0.22127624,0.95574456,0.11072749,0.11072749,1.0,0.0021001068,0.018966446,-25.090258,2.10268,0.70089334,0.14999999,0.0,0.12590672,1.329999,1.339999,502400
hardzero_plus_depr__c0p52__z1p00__lam0p010__nu0p50__psi1p25,hardzero_plus_depr,0.1,34,157,0.0,2,0.22127624,0.22322418,0.9829802,0.10399676,0.10399676,1.0,0.0019479466,0.01873084,-26.74097,2.1625996,0.72086656,0.192,0.0,0.14320634,1.339999,1.349999,505600
hardzero_plus_depr__c0p52__z1p00__lam0p010__nu0p50__psi1p25,hardzero_plus_depr,0.1,34,158,0.0,2,0.22322418,0.2252349,0.963779,0.10869786,0.10869786,1.0,0.002010711,0.018498166,-25.630001,2.120356,0.7067854,0.18400002,0.0,0.1341697,1.349999,1.359999,508800
hardzero_plus_depr__c0p52__z1p00__lam0p010__nu0p50__psi1p25,hardzero_plus_depr,0.1,34,159,0.0,2,0.2252349,0.22718018,0.97271764,0.10648351,0.10648351,1.0,0.001945281,0.018268378,-26.04142,2.1400216,0.7133405,0.18400002,0.0,0.13185263,1.359999,1.3699989,512000
hardzero_plus_depr__c0p52__z1p00__lam0p010__nu0p50__psi1p25,hardzero_plus_depr,0.1,34,160,0.0,2,0.22718018,0.22910705,0.97142047,0.10680204,0.10680204,1.0,0.0019268631,0.018041445,-25.178106,2.1371677,0.71238923,0.192,0.0,0.12127374,1.3699989,1.3799989,515200
hardzero_plus_depr__c0p52__z1p00__lam0p010__nu0p50__psi1p25,hardzero_plus_depr,0.1,34,161,0.0,2,0.22910705,0.22910705,1.016411,0.0,0.096291736,0.0,0.0,0.01781733,-27.128351,2.2361488,0.74538296,0.18400002,0.0,0.13445511,1.3799989,1.3899989,518400
hardzero_plus_depr__c0p52__z1p00__lam0p010__nu0p50__psi1p25,hardzero_plus_depr,0.1,34,162,0.0,2,0.22910705,0.22910705,1.0724889,0.0,0.08462742,0.0,0.0,0.017595999,-28.791416,2.3595226,0.78650755,0.128,0.0,0.18254279,1.3899989,1.3999989,521600
hardzero_plus_depr__c0p52__z1p00__lam0p010__nu0p50__psi1p25,hardzero_plus_depr,0.1,34,163,0.0,2,0.22910705,0.23095776,0.9726483,0.10650049,0.10650049,1.0,0.0018507037,0.01737742,-26.09963,2.139869,0.7132897,0.216,0.0,0.14056252,1.3999989,1.4099989,524800
hardzero_plus_depr__c0p52__z1p00__lam0p010__nu0p50__psi1p25,hardzero_plus_depr,0.1,34,164,0.0,2,0.23095776,0.23095776,1.002386,0.0,0.099452116,0.0,0.0,0.017161554,-26.842873,2.2052932,0.73509777,0.120000005,0.0,0.13177662,1.4099989,1.4199989,528000
hardzero_plus_depr__c0p52__z1p00__lam0p010__nu0p50__psi1p25,hardzero_plus_depr,0.1,34,165,0.0,2,0.23095776,0.23095776,1.0016177,0.0,0.0996282,0.0,0.0,0.016948368,-26.50857,2.2036028,0.73453426,0.120000005,0.0,0.1304156,1.4199989,1.4299989,531200
hardzero_plus_depr__c0p52__z1p00__lam0p010__nu0p50__psi1p25,hardzero_plus_depr,0.1,34,166,0.0,2,0.23095776,0.23095776,1.009585,0.0,0.09781713,0.0,0.0,0.016737834,-26.49519,2.2211313,0.7403771,0.16800001,0.0,0.14347205,1.4299989,1.4399989,534400
hardzero_plus_depr__c0p52__z1p00__lam0p010__nu0p50__psi1p25,hardzero_plus_depr,0.1,34,167,0.0,2,0.23095776,0.23095776,1.0139251,0.0,0.09684449,0.0,0.0,0.016529914,-27.069042,2.2306798,0.74355996,0.15200001,0.0,0.14371637,1.4399989,1.4499989,537600
hardzero_plus_depr__c0p52__z1p00__lam0p010__nu0p50__psi1p25,hardzero_plus_depr,0.1,34,168,0.0,2,0.23095776,0.23095776,1.0430166,0.0,0.0905698,0.0,0.0,0.016324576,-28.21602,2.2946823,0.7648941,0.16800001,0.0,0.15902066,1.4499989,1.4599988,540800
hardzero_plus_depr__c0p52__z1p00__lam0p010__nu0p50__psi1p25,hardzero_plus_depr,0.1,34,169,0.0,2,0.23095776,0.23095776,1.0237616,0.0,0.09467565,0.0,0.0,0.016121788,-26.916,2.2523205,0.75077355,0.13,0.0,0.16441652,1.4599988,1.4699988,544000
hardzero_plus_depr__c0p52__z1p00__lam0p010__nu0p50__psi1p25,hardzero_plus_depr,0.1,34,170,0.0,2,0.23095776,0.23095776,1.0701576,0.0,0.08508292,0.0,0.0,0.01592152,-27.975737,2.3543937,0.7847979,0.16000001,0.0,0.15544128,1.4699988,1.4799988,547200
hardzero_plus_depr__c0p52__z1p00__lam0p010__nu0p50__psi1p25,hardzero_plus_depr,0.1,34,171,0.0,2,0.23095776,0.23095776,1.0706828,0.0,0.08498009,0.0,0.0,0.01572374,-28.927649,2.355549,0.7851831,0.192,0.0,0.18271165,1.4799988,1.4899988,550400
hardzero_plus_depr__c0p52__z1p00__lam0p010__nu0p50__psi1p25,hardzero_plus_depr,0.1,34,172,0.0,2,0.23095776,0.2326929,0.9517931,0.11173955,0.11173955,1.0,0.0017351384,0.015528417,-26.32792,2.0939865,0.69799554,0.18400002,0.0,0.13134418,1.4899988,1.4999988,553600
hardzero_plus_depr__c0p52__z1p00__lam0p010__nu0p50__psi1p25,hardzero_plus_depr,0.1,34,173,0.0,2,0.2326929,0.2326929,1.0321981,0.0,0.09285427,0.0,0.0,0.015335518,-27.294916,2.2708812,0.7569604,0.08800001,0.0,0.13151619,1.4999988,1.5099988,556800
hardzero_plus_depr__c0p52__z1p00__lam0p010__nu0p50__psi1p25,hardzero_plus_depr,0.1,34,174,0.0,2,0.2326929,0.23438585,0.9516244,0.11178295,0.11178295,1.0,0.0016929549,0.015145019,-25.929176,2.0936155,0.69787186,0.208,0.0,0.12364871,1.5099988,1.5199988,560000
hardzero_plus_depr__c0p52__z1p00__lam0p010__nu0p50__psi1p25,hardzero_plus_depr,0.1,34,175,0.0,2,0.23438585,0.23589763,0.9953498,0.10107649,0.10107649,1.0,0.0015117895,0.014956886,-27.104412,2.1898134,0.7299378,0.216,0.0,0.13092579,1.5199988,1.5299988,563200
hardzero_plus_depr__c0p52__z1p00__lam0p010__nu0p50__psi1p25,hardzero_plus_depr,0.1,34,176,0.0,2,0.23589763,0.23589763,1.0277767,0.0,0.09380442,0.0,0.0,0.014771088,-27.422415,2.261154,0.753718,0.24000001,0.0,0.12926732,1.5299988,1.5399988,566400
hardzero_plus_depr__c0p52__z1p00__lam0p010__nu0p50__psi1p25,hardzero_plus_depr,0.1,34,177,0.0,2,0.23589763,0.23589763,1.0283358,0.0,0.09368373,0.0,0.0,0.014587596,-27.29411,2.262384,0.754128,0.17600001,0.0,0.142976,1.5399988,1.5499988,569600
hardzero_plus_depr__c0p52__z1p00__lam0p010__nu0p50__psi1p25,hardzero_plus_depr,0.1,34,178,0.0,2,0.23589763,0.23589763,1.0305599,0.0,0.093205184,0.0,0.0,0.01440639,-27.485035,2.267277,0.755759,0.120000005,0.0,0.14227301,1.5499988,1.5599988,572800
hardzero_plus_depr__c0p52__z1p00__lam0p010__nu0p50__psi1p25,hardzero_plus_depr,0.1,34,179,0.0,2,0.23589763,0.23589763,1.0295061,0.0,0.09343163,0.0,0.0,0.01422743,-26.435246,2.2649586,0.7549862,0.16000001,0.0,0.1255321,1.5599988,1.5699987,576000
hardzero_plus_depr__c0p52__z1p00__lam0p010__nu0p50__psi1p25,hardzero_plus_depr,0.1,34,180,0.0,2,0.23589763,0.23589763,1.0078026,0.0,0.09821941,0.0,0.0,0.014050694,-26.466465,2.21721,0.73907006,0.17600001,0.0,0.1588586,1.5699987,1.5799987,579200
hardzero_plus_depr__c0p52__z1p00__lam0p010__nu0p50__psi1p25,hardzero_plus_depr,0.1,34,181,0.0,2,0.23589763,0.23589763,1.0189923,0.0,0.095721096,0.0,0.0,0.013876152,-26.88596,2.2418277,0.74727595,0.216,0.0,0.13210477,1.5799987,1.5899987,582400
hardzero_plus_depr__c0p52__z1p00__lam0p010__nu0p50__psi1p25,hardzero_plus_depr,0.1,34,182,0.0,2,0.23589763,0.23589763,1.0287658,0.0,0.09359101,0.0,0.0,0.01370378,-27.678017,2.26333,0.75444335,0.16,0.0,0.16945237,1.5899987,1.5999987,585600
hardzero_plus_depr__c0p52__z1p00__lam0p010__nu0p50__psi1p25,hardzero_plus_depr,0.1,34,183,0.0,2,0.23589763,0.23747753,0.93278456,0.11673885,0.11673885,1.0,0.0015798911,0.01353355,-25.694899,2.052167,0.6840557,0.192,0.0,0.12406327,1.5999987,1.6099987,588800
hardzero_plus_depr__c0p52__z1p00__lam0p010__nu0p50__psi1p25,hardzero_plus_depr,0.1,34,184,0.0,2,0.23747753,0.23889907,0.9732228,0.10635971,0.10635971,1.0,0.0014215435,0.013365433,-26.064047,2.1411328,0.71371096,0.136,0.0,0.13498226,1.6099987,1.6199987,592000
hardzero_plus_depr__c0p52__z1p00__lam0p010__nu0p50__psi1p25,hardzero_plus_depr,0.1,34,185,0.0,2,0.23889907,0.24023086,0.9961173,0.10089803,0.10089803,1.0,0.001331794,0.013199406,-27.256725,2.1915019,0.73050064,0.18400002,0.0,0.13454887,1.6199987,1.6299987,595200
hardzero_plus_depr__c0p52__z1p00__lam0p010__nu0p50__psi1p25,hardzero_plus_depr,0.1,34,186,0.0,2,0.24023086,0.24023086,1.0161563,0.0,0.0963482,0.0,0.0,0.013035439,-26.53918,2.2355886,0.7451962,0.15200001,0.0,0.11992559,1.6299987,1.6399987,598400
hardzero_plus_depr__c0p52__z1p00__lam0p010__nu0p50__psi1p25,hardzero_plus_depr,0.1,34,187,0.0,2,0.24023086,0.24023086,1.0354688,0.0,0.092157595,0.0,0.0,0.012873513,-27.56231,2.278077,0.759359,0.15200001,0.0,0.17162001,1.6399987,1.6499987,601600
hardzero_plus_depr__c0p52__z1p00__lam0p010__nu0p50__psi1p25,hardzero_plus_depr,0.1,34,188,0.0,2,0.24023086,0.24023086,1.020679,0.0,0.09535008,0.0,0.0,0.012713595,-27.684193,2.2455387,0.7485129,0.18400002,0.0,0.14187141,1.6499987,1.6599987,604800
hardzero_plus_depr__c0p52__z1p00__lam0p010__nu0p50__psi1p25,hardzero_plus_depr,0.1,34,189,0.0,2,0.24023086,0.24149449,0.9972172,0.10064282,0.10064282,1.0,0.0012636374,0.0125556635,-26.541262,2.1939216,0.7313072,0.16000001,0.0,0.1501192,1.6599987,1.6699986,608000
hardzero_plus_depr__c0p52__z1p00__lam0p010__nu0p50__psi1p25,hardzero_plus_depr,0.1,34,190,0.0,2,0.24149449,0.24149449,1.0461915,0.0,0.08991012,0.0,0.0,0.012399696,-28.02417,2.3016672,0.7672224,0.120000005,0.0,0.14690468,1.6699986,1.6799986,611200
hardzero_plus_depr__c0p52__z1p00__lam0p010__nu0p50__psi1p25,hardzero_plus_depr,0.1,34,191,0.0,2,0.24149449,0.24284527,0.95740044,0.110306114,0.110306114,1.0,0.0013507716,0.012245664,-26.928158,2.106323,0.70210767,0.18400002,0.0,0.13839312,1.6799986,1.6899986,614400
hardzero_plus_depr__c0p52__z1p00__lam0p010__nu0p50__psi1p25,hardzero_plus_depr,0.1,34,192,0.0,2,0.24284527,0.24408644,0.98871773,0.102631874,0.102631874,1.0,0.0012411833,0.012093546,-26.788214,2.1752224,0.7250742,0.192,0.0,0.15163983,1.6899986,1.6999986,617600
hardzero_plus_depr__c0p52__z1p00__lam0p010__nu0p50__psi1p25,hardzero_plus_depr,0.1,34,193,0.0,2,0.24408644,0.24408644,1.0158042,0.0,0.09642636,0.0,0.0,0.011943317,-27.944252,2.234814,0.744938,0.16000001,0.0,0.17702784,1.6999986,1.7099986,620800
hardzero_plus_depr__c0p52__z1p00__lam0p010__nu0p50__psi1p25,hardzero_plus_depr,0.1,34,194,0.0,2,0.24408644,0.24408644,1.061438,0.0,0.08680845,0.0,0.0,0.011794954,-27.929394,2.33521,0.7784034,0.120000005,0.0,0.15595716,1.7099986,1.7199986,624000
hardzero_plus_depr__c0p52__z1p00__lam0p010__nu0p50__psi1p25,hardzero_plus_depr,0.1,34,195,0.0,2,0.24408644,0.24408644,1.021649,0.0,0.09513734,0.0,0.0,0.011648437,-27.395376,2.2476728,0.7492243,0.11,0.0,0.14188007,1.7199986,1.7299986,627200
hardzero_plus_depr__c0p52__z1p00__lam0p010__nu0p50__psi1p25,hardzero_plus_depr,0.1,34,196,0.0,2,0.24408644,0.24408644,1.0466087,0.0,0.089823775,0.0,0.0,0.011503737,-27.635494,2.3025851,0.7675284,0.16000001,0.0,0.13789934,1.7299986,1.7399986,630400
hardzero_plus_depr__c0p52__z1p00__lam0p010__nu0p50__psi1p25,hardzero_plus_depr,0.1,34,197,0.0,2,0.24408644,0.24526957,0.9823826,0.10413994,0.10413994,1.0,0.0011831166,0.011360834,-26.22034,2.161285,0.72042835,0.16000001,0.0,0.13244444,1.7399986,1.7499986,633600
hardzero_plus_depr__c0p52__z1p00__lam0p010__nu0p50__psi1p25,hardzero_plus_depr,0.1,34,198,0.0,2,0.24526957,0.24639252,0.99962103,0.10008729,0.10008729,1.0,0.0011229505,0.01121971,-26.195225,2.1992102,0.7330701,0.128,0.0,0.11797244,1.7499986,1.7599986,636800
hardzero_plus_depr__c0p52__z1p00__lam0p010__nu0p50__psi1p25,hardzero_plus_depr,0.1,34,199,0.0,2,0.24639252,0.24639252,1.0217993,0.0,0.09510442,0.0,0.0,0.011080336,-26.897198,2.2480035,0.7493345,0.24000001,0.0,0.14738731,1.7599986,1.7699986,640000
hardzero_plus_depr__c0p52__z1p00__lam0p010__nu0p50__psi1p25,hardzero_plus_depr,0.1,34,200,0.0,2,0.24639252,0.24756408,0.9703604,0.10706305,0.10706305,1.0,0.0011715582,0.010942694,-25.715576,2.1348355,0.71161187,0.2,0.0,0.14833769,1.7699986,1.7799985,643200
hardzero_plus_depr__c0p52__z1p00__lam0p010__nu0p50__psi1p25,hardzero_plus_depr,0.1,34,201,0.0,2,0.24756408,0.24756408,1.0161048,0.0,0.09635965,0.0,0.0,0.010806761,-27.511244,2.2354753,0.74515843,0.16000001,0.0,0.14116754,1.7799985,1.7899985,646400
hardzero_plus_depr__c0p52__z1p00__lam0p010__nu0p50__psi1p25,hardzero_plus_depr,0.1,34,202,0.0,2,0.24756408,0.24756408,1.0070337,0.0,0.09839346,0.0,0.0,0.010672516,-27.314638,2.2155185,0.7385062,0.136,0.0,0.13585886,1.7899985,1.7999985,649600
hardzero_plus_depr__c0p52__z1p00__lam0p010__nu0p50__psi1p25,hardzero_plus_depr,0.1,34,203,0.0,2,0.24756408,0.24756408,1.0209447,0.0,0.095291734,0.0,0.0,0.010539943,-26.523289,2.2461233,0.7487078,0.16000001,0.0,0.13866897,1.7999985,1.8099985,652800
hardzero_plus_depr__c0p52__z1p00__lam0p010__nu0p50__psi1p25,hardzero_plus_depr,0.1,34,204,0.0,2,0.24756408,0.24756408,1.0272732,0.0,0.09391325,0.0,0.0,0.010409012,-27.507822,2.2600462,0.75334877,0.15200001,0.0,0.16193835,1.8099985,1.8199985,656000
hardzero_plus_depr__c0p52__z1p00__lam0p010__nu0p50__psi1p25,hardzero_plus_depr,0.1,34,205,0.0,2,0.24756408,0.2486127,0.9913615,0.10200898,0.10200898,1.0,0.0010486228,0.0102797095,-27.148329,2.1810389,0.727013,0.2,0.008,0.12235423,1.8199985,1.8299985,659200
hardzero_plus_depr__c0p52__z1p00__lam0p010__nu0p50__psi1p25,hardzero_plus_depr,0.1,34,206,0.0,2,0.2486127,0.2486127,1.0129888,0.0,0.09705349,0.0,0.0,0.010152015,-26.532799,2.2286198,0.7428733,0.17600001,0.008,0.1661031,1.8299985,1.8399985,662400
hardzero_plus_depr__c0p52__z1p00__lam0p010__nu0p50__psi1p25,hardzero_plus_depr,0.1,34,207,0.0,2,0.2486127,0.2486127,1.0447099,0.0,0.09021735,0.0,0.0,0.0100259045,-28.56069,2.2984078,0.76613593,0.120000005,0.0,0.16968557,1.8399985,1.8499985,665600
hardzero_plus_depr__c0p52__z1p00__lam0p010__nu0p50__psi1p25,hardzero_plus_depr,0.1,34,208,0.0,2,0.2486127,0.2486127,1.0454952,0.0,0.09005439,0.0,0.0,0.00990136,-27.348253,2.3001351,0.7667117,0.21,0.0,0.14939766,1.8499985,1.8599985,668800
hardzero_plus_depr__c0p52__z1p00__lam0p010__nu0p50__psi1p25,hardzero_plus_depr,0.1,34,209,0.0,2,0.2486127,0.2496181,0.98793095,0.10281798,0.10281798,1.0,0.0010053915,0.009778363,-26.410034,2.1734915,0.7244972,0.14400001,0.0,0.13198052,1.8599985,1.8699985,672000
hardzero_plus_depr__c0p52__z1p00__lam0p010__nu0p50__psi1p25,hardzero_plus_depr,0.1,34,210,0.0,2,0.2496181,0.2506087,0.98892695,0.10258245,0.10258245,1.0,0.0009906278,0.009656894,-26.543865,2.1756828,0.7252276,0.112,0.0,0.15053236,1.8699985,1.8799984,675200
hardzero_plus_depr__c0p52__z1p00__lam0p010__nu0p50__psi1p25,hardzero_plus_depr,0.1,34,211,0.0,2,0.2506087,0.2506087,1.0531809,0.0,0.08847468,0.0,0.0,0.009536935,-28.582106,2.3170443,0.7723481,0.17600001,0.0,0.15598148,1.8799984,1.8899984,678400
hardzero_plus_depr__c0p52__z1p00__lam0p010__nu0p50__psi1p25,hardzero_plus_depr,0.1,34,212,0.0,2,0.2506087,0.2515787,0.9872238,0.102985516,0.102985516,1.0,0.0009699655,0.009418465,-27.156067,2.1719358,0.72397864,0.136,0.0,0.13550961,1.8899984,1.8999984,681600
hardzero_plus_depr__c0p52__z1p00__lam0p010__nu0p50__psi1p25,hardzero_plus_depr,0.1,34,213,0.0,2,0.2515787,0.2515787,1.0030516,0.0,0.09929979,0.0,0.0,0.009301467,-26.9343,2.2067575,0.73558587,0.14400001,0.0,0.14726497,1.8999984,1.9099984,684800
hardzero_plus_depr__c0p52__z1p00__lam0p010__nu0p50__psi1p25,hardzero_plus_depr,0.1,34,214,0.0,2,0.2515787,0.2515787,1.0066155,0.0,0.09848826,0.0,0.0,0.009185924,-27.629675,2.2145984,0.7381995,0.16000001,0.0,0.13455628,1.9099984,1.9199984,688000
hardzero_plus_depr__c0p52__z1p00__lam0p010__nu0p50__psi1p25,hardzero_plus_depr,0.1,34,215,0.0,2,0.2515787,0.2515787,1.0154499,0.0,0.09650507,0.0,0.0,0.009071815,-26.941977,2.2340343,0.74467814,0.112,0.0,0.17027573,1.9199984,1.9299984,691200
hardzero_plus_depr__c0p52__z1p00__lam0p010__nu0p50__psi1p25,hardzero_plus_depr,0.1,34,216,0.0,2,0.2515787,0.2515787,1.0123736,0.0,0.09719108,0.0,0.0,0.008959122,-27.457947,2.2272663,0.7424221,0.120000005,0.0,0.13999948,1.9299984,1.9399984,694400
hardzero_plus_depr__c0p52__z1p00__lam0p010__nu0p50__psi1p25,hardzero_plus_depr,0.1,34,217,0.0,2,0.2515787,0.2524999,0.9824718,0.10411857,0.10411857,1.0,0.0009212234,0.00884783,-26.359188,2.1614811,0.72049373,0.18400002,0.0,0.12363592,1.9399984,1.9499984,697600
hardzero_plus_depr__c0p52__z1p00__lam0p010__nu0p50__psi1p25,hardzero_plus_depr,0.1,34,218,0.0,2,0.2524999,0.2524999,1.0163358,0.0,0.0963084,0.0,0.0,0.008737919,-27.260607,2.2359836,0.7453279,0.17600001,0.0,0.13114043,1.9499984,1.9599984,700800
hardzero_plus_depr__c0p52__z1p00__lam0p010__nu0p50__psi1p25,hardzero_plus_depr,0.1,34,219,0.0,2,0.2524999,0.2524999,1.0120063,0.0,0.097273305,0.0,0.0,0.008629377,-27.261717,2.2264583,0.7421528,0.128,0.0,0.17097662,1.9599984,1.9699984,704000
hardzero_plus_depr__c0p52__z1p00__lam0p010__nu0p50__psi1p25,hardzero_plus_depr,0.1,34,220,0.0,2,0.2524999,0.25348756,0.93594265,0.11589302,0.11589302,1.0,0.0009876613,0.008522181,-25.71772,2.059115,0.6863717,0.224,0.0,0.12997125,1.9699984,1.9799984,707200
hardzero_plus_depr__c0p52__z1p00__lam0p010__nu0p50__psi1p25,hardzero_plus_depr,0.1,34,221,0.0,2,0.25348756,0.25348756,1.0301294,0.0,0.09329762,0.0,0.0,0.0084163165,-28.109135,2.26633,0.75544333,0.19,0.0,0.14350118,1.9799984,1.9899983,710400
hardzero_plus_depr__c0p52__z1p00__lam0p010__nu0p50__psi1p25,hardzero_plus_depr,0.1,34,222,0.0,2,0.25348756,0.25348756,1.0470141,0.0,0.08973996,0.0,0.0,0.008311769,-27.404285,2.303477,0.7678257,0.120000005,0.0,0.16243942,1.9899983,1.9999983,713600
hardzero_plus_depr__c0p52__z1p00__lam0p010__nu0p50__psi1p25,hardzero_plus_depr,0.1,34,223,0.0,2,0.25348756,0.2543394,0.983906,0.10377531,0.10377531,1.0,0.00085184147,0.008208518,-26.17748,2.1646364,0.72154546,0.192,0.0,0.16057065,1.9999983,2.0099983,716800
hardzero_plus_depr__c0p52__z1p00__lam0p010__nu0p50__psi1p25,hardzero_plus_depr,0.1,34,224,0.0,2,0.2543394,0.25522247,0.96284676,0.10893143,0.10893143,1.0,0.000883058,0.008106549,-26.080402,2.1183052,0.7061018,0.14400001,0.0,0.1348011,2.0099983,2.0199983,720000
hardzero_plus_depr__c0p52__z1p00__lam0p010__nu0p50__psi1p25,hardzero_plus_depr,0.1,34,225,0.0,2,0.25522247,0.25522247,1.0569588,0.0,0.087708406,0.0,0.0,0.008005848,-28.109858,2.3253558,0.7751186,0.136,0.0,0.16994004,2.0199983,2.0299983,723200
hardzero_plus_depr__c0p52__z1p00__lam0p010__nu0p50__psi1p25,hardzero_plus_depr,0.1,34,226,0.0,2,0.25522247,0.25522247,1.0571595,0.0,0.08766787,0.0,0.0,0.007906397,-27.860163,2.3257973,0.7752658,0.14400001,0.0,0.1384907,2.0299983,2.0399983,726400
hardzero_plus_depr__c0p52__z1p00__lam0p010__nu0p50__psi1p25,hardzero_plus_depr,0.1,34,227,0.0,2,0.25522247,0.25522247,1.0068301,0.0,0.09843962,0.0,0.0,0.007808184,-27.16816,2.2150705,0.7383568,0.16000001,0.0,0.13246135,2.0399983,2.0499983,729600
hardzero_plus_depr__c0p52__z1p00__lam0p010__nu0p50__psi1p25,hardzero_plus_depr,0.1,34,228,0.0,2,0.25522247,0.25522247,1.0007492,0.0,0.099827625,0.0,0.0,0.0077111884,-26.613966,2.2016923,0.73389745,0.192,0.0,0.13521464,2.0499983,2.0599983,732800
hardzero_plus_depr__c0p52__z1p00__lam0p010__nu0p50__psi1p25,hardzero_plus_depr,0.1,34,229,0.0,2,0.25522247,0.25598934,0.99697465,0.10069904,0.10069904,1.0,0.0007668633,0.0076153986,-27.214682,2.193388,0.73112935,0.15200001,0.0,0.16964728,2.0599983,2.0699983,736000
hardzero_plus_depr__c0p52__z1p00__lam0p010__nu0p50__psi1p25,hardzero_plus_depr,0.1,34,230,0.0,2,0.25598934,0.25598934,1.0638827,0.0,0.08632116,0.0,0.0,0.0075208,-27.923384,2.3405886,0.7801962,0.136,0.0,0.19470073,2.0699983,2.0799983,739200
hardzero_plus_depr__c0p52__z1p00__lam0p010__nu0p50__psi1p25,hardzero_plus_depr,0.1,34,231,0.0,2,0.25598934,0.25598934,1.0293015,0.0,0.09347563,0.0,0.0,0.0074273753,-26.867739,2.2645085,0.7548362,0.120000005,0.0,0.13481249,2.0799983,2.0899982,742400
hardzero_plus_depr__c0p52__z1p00__lam0p010__nu0p50__psi1p25,hardzero_plus_depr,0.1,34,232,0.0,2,0.25598934,0.2567947,0.95942575,0.1097929,0.1097929,1.0,0.0008053429,0.007335109,-26.087986,2.1107788,0.70359296,0.136,0.0,0.14540775,2.0899982,2.0999982,745600
hardzero_plus_depr__c0p52__z1p00__lam0p010__nu0p50__psi1p25,hardzero_plus_depr,0.1,34,233,0.0,2,0.2567947,0.2575379,0.98886734,0.102596514,0.102596514,1.0,0.00074320834,0.007243992,-26.456833,2.1755517,0.7251839,0.136,0.0,0.14901148,2.0999982,2.1099982,748800
hardzero_plus_depr__c0p52__z1p00__lam0p010__nu0p50__psi1p25,hardzero_plus_depr,0.1,34,234,0.0,2,0.2575379,0.2575379,1.0005105,0.0,0.09988253,0.0,0.0,0.007154004,-25.910875,2.2011669,0.7337223,0.19,0.0,0.119209625,2.1099982,2.1199982,752000
hardzero_plus_depr__c0p52__z1p00__lam0p010__nu0p50__psi1p25,hardzero_plus_depr,0.1,34,235,0.0,2,0.2575379,0.25825962,0.9907501,0.1021527,0.1021527,1.0,0.00072172284,0.0070651374,-27.55264,2.1796937,0.7265646,0.2,0.0,0.15236886,2.1199982,2.1299982,755200
hardzero_plus_depr__c0p52__z1p00__lam0p010__nu0p50__psi1p25,hardzero_plus_depr,0.1,34,236,0.0,2,0.25825962,0.25825962,1.0005734,0.0,0.099868044,0.0,0.0,0.006977373,-26.626701,2.2013054,0.73376846,0.16000001,0.0,0.14443566,2.1299982,2.1399982,758400
hardzero_plus_depr__c0p52__z1p00__lam0p010__nu0p50__psi1p25,hardzero_plus_depr,0.1,34,237,0.0,2,0.25825962,0.25897887,0.9813805,0.10438052,0.10438052,1.0,0.0007192547,0.006890699,-25.905132,2.1590803,0.7196934,0.192,0.0,0.13093399,2.1399982,2.1499982,761600
hardzero_plus_depr__c0p52__z1p00__lam0p010__nu0p50__psi1p25,hardzero_plus_depr,0.1,34,238,0.0,2,0.25897887,0.25897887,1.0209695,0.0,0.0952863,0.0,0.0,0.006805101,-27.35335,2.2461777,0.7487259,0.136,0.0,0.14999951,2.1499982,2.1599982,764800
hardzero_plus_depr__c0p52__z1p00__lam0p010__nu0p50__psi1p25,hardzero_plus_depr,0.1,34,239,0.0,2,0.25897887,0.2596615,0.9932327,0.101570435,0.101570435,1.0,0.0006826109,0.0067205667,-26.809917,2.1851556,0.7283852,0.16800001,0.0,0.1596289,2.1599982,2.1699982,768000
hardzero_plus_depr__c0p52__z1p00__lam0p010__nu0p50__psi1p25,hardzero_plus_depr,0.1,34,240,0.0,2,0.2596615,0.26038203,0.96431875,0.10856284,0.10856284,1.0,0.0007205405,0.0066370824,-26.393274,2.1215436,0.7071812,0.216,0.0,0.1319027,2.1699982,2.1799982,771200
hardzero_plus_depr__c0p52__z1p00__lam0p010__nu0p50__psi1p25,hardzero_plus_depr,0.1,34,241,0.0,2,0.26038203,0.26038203,1.0338992,0.0,0.09249128,0.0,0.0,0.006554635,-27.259144,2.2746236,0.7582079,0.17600001,0.0,0.15539071,2.1799982,2.1899981,774400
hardzero_plus_depr__c0p52__z1p00__lam0p010__nu0p50__psi1p25,hardzero_plus_depr,0.1,34,242,0.0,2,0.26038203,0.26038203,1.0088277,0.0,0.09798785,0.0,0.0,0.006473211,-27.154987,2.2194653,0.7398218,0.15200001,0.0,0.13518848,2.1899981,2.1999981,777600
hardzero_plus_depr__c0p52__z1p00__lam0p010__nu0p50__psi1p25,hardzero_plus_depr,0.1,34,243,0.0,2,0.26038203,0.26038203,1.0310601,0.0,0.09309791,0.0,0.0,0.0063928016,-26.815458,2.2683775,0.75612587,0.16800001,0.0,0.15302733,2.1999981,2.2099981,780800
hardzero_plus_depr__c0p52__z1p00__lam0p010__nu0p50__psi1p25,hardzero_plus_depr,0.1,34,244,0.0,2,0.26038203,0.26038203,1.014655,0.0,0.09668186,0.0,0.0,0.0063133887,-27.263107,2.2322855,0.7440952,0.18400002,0.0,0.1499939,2.2099981,2.2199981,784000
hardzero_plus_depr__c0p52__z1p00__lam0p010__nu0p50__psi1p25,hardzero_plus_depr,0.1,34,245,0.0,2,0.26038203,0.26038203,1.1048334,0.0,0.07855369,0.0,0.0,0.006234962,-28.887451,2.430682,0.81022733,0.120000005,0.0,0.20915101,2.2199981,2.229998,787200
hardzero_plus_depr__c0p52__z1p00__lam0p010__nu0p50__psi1p25,hardzero_plus_depr,0.1,34,246,0.0,2,0.26038203,0.26038203,1.0255702,0.0,0.09428223,0.0,0.0,0.006157511,-27.654877,2.2562995,0.7520999,0.120000005,0.0,0.17690168,2.229998,2.239998,790400
hardzero_plus_depr__c0p52__z1p00__lam0p010__nu0p50__psi1p25,hardzero_plus_depr,0.1,34,247,0.0,2,0.26038203,0.26038203,1.0302136,0.0,0.09327954,0.0,0.0,0.006081021,-27.971598,2.2665153,0.7555051,0.11,0.0,0.16737577,2.239998,2.249998,793600
hardzero_plus_depr__c0p52__z1p00__lam0p010__nu0p50__psi1p25,hardzero_plus_depr,0.1,34,248,0.0,2,0.26038203,0.26038203,1.0164431,0.0,0.09628459,0.0,0.0,0.0060054814,-27.10084,2.2362196,0.74540657,0.17600001,0.0,0.12460381,2.249998,2.259998,796800
hardzero_plus_depr__c0p52__z1p00__lam0p010__nu0p50__psi1p25,hardzero_plus_depr,0.1,34,249,0.0,2,0.26038203,0.26102915,0.96213,0.10911137,0.10911137,1.0,0.0006471264,0.0059308796,-26.013306,2.1167283,0.7055761,0.16800001,0.0,0.14020804,2.259998,2.269998,800000
hardzero_plus_depr__c0p52__z1p00__lam0p010__nu0p50__psi1p25,hardzero_plus_depr,0.1,34,250,0.0,2,0.26102915,0.26102915,1.0401635,0.0,0.09116675,0.0,0.0,0.0058572046,-27.761562,2.2884054,0.7628018,0.224,0.0,0.18606548,2.269998,2.279998,803200
hardzero_plus_depr__c0p52__z1p00__lam0p010__nu0p50__psi1p25,hardzero_plus_depr,0.1,34,251,0.0,2,0.26102915,0.26102915,1.005328,0.0,0.09878066,0.0,0.0,0.005784447,-27.230536,2.2117658,0.7372553,0.120000005,0.0,0.1485476,2.279998,2.289998,806400
hardzero_plus_depr__c0p52__z1p00__lam0p010__nu0p50__psi1p25,hardzero_plus_depr,0.1,34,252,0.0,2,0.26102915,0.26102915,1.0173978,0.0,0.096073195,0.0,0.0,0.0057125906,-27.561277,2.2383199,0.7461066,0.192,0.0,0.17384744,2.289998,2.299998,809600
hardzero_plus_depr__c0p52__z1p00__lam0p010__nu0p50__psi1p25,hardzero_plus_depr,0.1,34,253,0.0,2,0.26102915,0.26102915,1.0189241,0.0,0.09573613,0.0,0.0,0.0056416276,-27.248299,2.2416778,0.74722594,0.128,0.0,0.12358546,2.299998,2.309998,812800
hardzero_plus_depr__c0p52__z1p00__lam0p010__nu0p50__psi1p25,hardzero_plus_depr,0.1,34,254,0.0,2,0.26102915,0.26102915,1.0310956,0.0,0.09309028,0.0,0.0,0.0055715474,-28.210407,2.2684557,0.7561519,0.14400001,0.0,0.12979119,2.309998,2.319998,816000
hardzero_plus_depr__c0p52__z1p00__lam0p010__nu0p50__psi1p25,hardzero_plus_depr,0.1,34,255,0.0,2,0.26102915,0.26158866,0.99273074,0.1016879,0.1016879,1.0,0.00055952097,0.0055023357,-26.899897,2.1840513,0.7280171,0.120000005,0.0,0.14234123,2.319998,2.329998,819200
hardzero_plus_depr__c0p52__z1p00__lam0p010__nu0p50__psi1p25,hardzero_plus_depr,0.1,34,256,0.0,2,0.26158866,0.26213256,0.99961007,0.100089826,0.100089826,1.0,0.00054388656,0.0054339846,-26.507809,2.199186,0.733062,0.096,0.0,0.13190332,2.329998,2.339998,822400
hardzero_plus_depr__c0p52__z1p00__lam0p010__nu0p50__psi1p25,hardzero_plus_depr,0.1,34,257,0.0,2,0.26213256,0.26213256,1.0329897,0.0,0.09268518,0.0,0.0,0.0053664823,-27.420221,2.2726228,0.75754094,0.16000001,0.0,0.13605401,2.339998,2.349998,825600
hardzero_plus_depr__c0p52__z1p00__lam0p010__nu0p50__psi1p25,hardzero_plus_depr,0.1,34,258,0.0,2,0.26213256,0.26213256,1.0567831,0.0,0.0877439,0.0,0.0,0.0052998187,-28.002884,2.3249693,0.7749898,0.120000005,0.0,0.14347695,2.349998,2.359998,828800
hardzero_plus_depr__c0p52__z1p00__lam0p010__nu0p50__psi1p25,hardzero_plus_depr,0.1,34,259,0.0,2,0.26213256,0.26267868,0.9815445,0.104341134,0.104341134,1.0,0.0005461199,0.0052339844,-26.887348,2.159441,0.7198137,0.17600001,0.0,0.15305437,2.359998,2.369998,832000
hardzero_plus_depr__c0p52__z1p00__lam0p010__nu0p50__psi1p25,hardzero_plus_depr,0.1,34,260,0.0,2,0.26267868,0.26267868,1.0283564,0.0,0.09367929,0.0,0.0,0.0051689665,-27.527779,2.2624292,0.7541431,0.22,0.0,0.14980699,2.369998,2.379998,835200
hardzero_plus_depr__c0p52__z1p00__lam0p010__nu0p50__psi1p25,hardzero_plus_depr,0.1,34,261,0.0,2,0.26267868,0.26322296,0.97214925,0.10662294,0.10662294,1.0,0.0005442841,0.005104756,-26.435303,2.138771,0.7129237,0.136,0.0,0.13252512,2.379998,2.389998,838400
hardzero_plus_depr__c0p52__z1p00__lam0p010__nu0p50__psi1p25,hardzero_plus_depr,0.1,34,262,0.0,2,0.26322296,0.26322296,1.0009114,0.0,0.09979036,0.0,0.0,0.005041345,-26.376747,2.202049,0.73401636,0.16000001,0.0,0.14149675,2.389998,2.399998,841600
hardzero_plus_depr__c0p52__z1p00__lam0p010__nu0p50__psi1p25,hardzero_plus_depr,0.1,34,263,0.0,2,0.26322296,0.26322296,1.0105977,0.0,0.097589314,0.0,0.0,0.00497872,-27.308886,2.2233593,0.7411198,0.136,0.0,0.15230633,2.399998,2.409998,844800
hardzero_plus_depr__c0p52__z1p00__lam0p010__nu0p50__psi1p25,hardzero_plus_depr,0.1,34,264,0.0,2,0.26322296,0.26373008,0.98658323,0.103137545,0.103137545,1.0,0.0005071142,0.0049168733,-26.189299,2.1705265,0.72350883,0.136,0.0,0.14117183,2.409998,2.419998,848000
hardzero_plus_depr__c0p52__z1p00__lam0p010__nu0p50__psi1p25,hardzero_plus_depr,0.1,34,265,0.0,2,0.26373008,0.26373008,1.0641979,0.0,0.08625853,0.0,0.0,0.0048557944,-28.119184,2.3412821,0.7804274,0.128,0.0,0.14379993,2.419998,2.429998,851200
hardzero_plus_depr__c0p52__z1p00__lam0p010__nu0p50__psi1p25,hardzero_plus_depr,0.1,34,266,0.0,2,0.26373008,0.26421958,0.99107116,0.10207721,0.10207721,1.0,0.0004895087,0.004795475,-26.857317,2.1804001,0.7268001,0.14400001,0.0,0.12851427,2.429998,2.439998,854400
hardzero_plus_depr__c0p52__z1p00__lam0p010__nu0p50__psi1p25,hardzero_plus_depr,0.1,34,267,0.0,2,0.26421958,0.26421958,1.0303515,0.0,0.093249924,0.0,0.0,0.004735905,-27.7137,2.2668185,0.7556062,0.14400001,0.0,0.1517376,2.439998,2.449998,857600
hardzero_plus_depr__c0p52__z1p00__lam0p010__nu0p50__psi1p25,hardzero_plus_depr,0.1,34,268,0.0,2,0.26421958,0.26421958,1.055221,0.0,0.088060066,0.0,0.0,0.0046770745,-28.298595,2.3215325,0.7738442,0.16000001,0.0,0.17362005,2.449998,2.459998,860800
hardzero_plus_depr__c0p52__z1p00__lam0p010__nu0p50__psi1p25,hardzero_plus_depr,0.1,34,269,0.0,2,0.26421958,0.26421958,1.052106,0.0,0.08869393,0.0,0.0,0.004618975,-27.696377,2.3146794,0.77155983,0.224,0.0,0.17342211,2.459998,2.469998,864000
hardzero_plus_depr__c0p52__z1p00__lam0p010__nu0p50__psi1p25,hardzero_plus_depr,0.1,34,270,0.0,2,0.26421958,0.26468244,0.9936778,0.10146638,0.10146638,1.0,0.00046284884,0.004561598,-26.926447,2.1861348,0.7287116,0.2,0.0,0.15417016,2.469998,2.4799979,867200
hardzero_plus_depr__c0p52__z1p00__lam0p010__nu0p50__psi1p25,hardzero_plus_depr,0.1,34,271,0.0,2,0.26468244,0.26468244,1.0039828,0.0,0.09908711,0.0,0.0,0.004504933,-26.673645,2.2088063,0.73626876,0.112,0.0,0.14806078,2.4799979,2.4899979,870400
hardzero_plus_depr__c0p52__z1p00__lam0p010__nu0p50__psi1p25,hardzero_plus_depr,0.1,34,272,0.0,2,0.26468244,0.26515394,0.9747824,0.10597845,0.10597845,1.0,0.0004714951,0.0044489712,-26.152004,2.1445642,0.7148547,0.136,0.0,0.14572047,2.4899979,2.4999979,873600
hardzero_plus_depr__c0p52__z1p00__lam0p010__nu0p50__psi1p25,hardzero_plus_depr,0.1,34,273,0.0,2,0.26515394,0.26515394,1.035036,0.0,0.092249505,0.0,0.0,0.0043937047,-27.502695,2.2771246,0.75904155,0.16,0.0,0.17376338,2.4999979,2.5099978,876800
hardzero_plus_depr__c0p52__z1p00__lam0p010__nu0p50__psi1p25,hardzero_plus_depr,0.1,34,274,0.0,2,0.26515394,0.26515394,1.0285486,0.0,0.09363784,0.0,0.0,0.004339125,-27.597656,2.2628522,0.7542841,0.192,0.0,0.15851901,2.5099978,2.5199978,880000
hardzero_plus_depr__c0p52__z1p00__lam0p010__nu0p50__psi1p25,hardzero_plus_depr,0.1,34,275,0.0,2,0.26515394,0.26515394,1.0281702,0.0,0.09371945,0.0,0.0,0.0042852247,-27.067295,2.2620196,0.75400656,0.2,0.0,0.15910773,2.5199978,2.5299978,883200
hardzero_plus_depr__c0p52__z1p00__lam0p010__nu0p50__psi1p25,hardzero_plus_depr,0.1,34,276,0.0,2,0.26515394,0.26557747,0.9996571,0.10007899,0.10007899,1.0,0.00042353355,0.0042319926,-27.216076,2.1992896,0.73309654,0.096,0.0,0.15750384,2.5299978,2.5399978,886400
hardzero_plus_depr__c0p52__z1p00__lam0p010__nu0p50__psi1p25,hardzero_plus_depr,0.1,34,277,0.0,2,0.26557747,0.26557747,1.0636762,0.0,0.086362205,0.0,0.0,0.0041794213,-27.959906,2.3401344,0.7800448,0.08800001,0.0,0.14257205,2.5399978,2.5499978,889600
hardzero_plus_depr__c0p52__z1p00__lam0p010__nu0p50__psi1p25,hardzero_plus_depr,0.1,34,278,0.0,2,0.26557747,0.26599967,0.9901695,0.10228936,0.10228936,1.0,0.00042219987,0.0041275052,-26.591686,2.1784165,0.72613883,0.16000001,0.0,0.1403165,2.5499978,2.5599978,892800
hardzero_plus_depr__c0p52__z1p00__lam0p010__nu0p50__psi1p25,hardzero_plus_depr,0.1,34,279,0.0,2,0.26599967,0.26642382,0.98275626,0.104050405,0.104050405,1.0,0.0004241336,0.004076232,-26.555206,2.162107,0.72070235,0.16000001,0.0,0.16248423,2.5599978,2.5699978,896000
hardzero_plus_depr__c0p52__z1p00__lam0p010__nu0p50__psi1p25,hardzero_plus_depr,0.1,34,280,0.0,2,0.26642382,0.26683125,0.9947747,0.101210445,0.101210445,1.0,0.00040743238,0.004025596,-26.934713,2.188548,0.729516,0.24000001,0.0,0.15345451,2.5699978,2.5799978,899200
hardzero_plus_depr__c0p52__z1p00__lam0p010__nu0p50__psi1p25,hardzero_plus_depr,0.1,34,281,0.0,2,0.26683125,0.26683125,1.0056928,0.0,0.09869773,0.0,0.0,0.003975589,-26.508717,2.2125685,0.73752284,0.17600001,0.0,0.13836278,2.5799978,2.5899978,902400
hardzero_plus_depr__c0p52__z1p00__lam0p010__nu0p50__psi1p25,hardzero_plus_depr,0.1,34,282,0.0,2,0.26683125,0.26726845,0.9532798,0.11135769,0.11135769,1.0,0.0004372129,0.003926203,-25.279013,2.0972574,0.69908583,0.296,0.0,0.13775107,2.5899978,2.5999978,905600
hardzero_plus_depr__c0p52__z1p00__lam0p010__nu0p50__psi1p25,hardzero_plus_depr,0.1,34,283,0.0,2,0.26726845,0.26726845,1.051142,0.0,0.088891044,0.0,0.0,0.0038774319,-27.464048,2.3125587,0.7708529,0.104,0.0,0.15994407,2.5999978,2.6099977,908800
hardzero_plus_depr__c0p52__z1p00__lam0p010__nu0p50__psi1p25,hardzero_plus_depr,0.1,34,284,0.0,2,0.26726845,0.26766774,0.9818125,0.10427674,0.10427674,1.0,0.00039930333,0.0038292657,-26.714872,2.1600306,0.7200102,0.216,0.0,0.13095151,2.6099977,2.6199977,912000
hardzero_plus_depr__c0p52__z1p00__lam0p010__nu0p50__psi1p25,hardzero_plus_depr,0.1,34,285,0.0,2,0.26766774,0.26766774,1.0083171,0.0,0.09810312,0.0,0.0,0.0037816975,-27.426313,2.2183418,0.7394473,0.136,0.0,0.1573929,2.6199977,2.6299977,915200
hardzero_plus_depr__c0p52__z1p00__lam0p010__nu0p50__psi1p25,hardzero_plus_depr,0.1,34,286,0.0,2,0.26766774,0.26766774,1.0738701,0.0,0.08435871,0.0,0.0,0.0037347213,-28.904741,2.3625612,0.7875204,0.089999996,0.0,0.18318176,2.6299977,2.6399977,918400
hardzero_plus_depr__c0p52__z1p00__lam0p010__nu0p50__psi1p25,hardzero_plus_depr,0.1,34,287,0.0,2,0.26766774,0.26766774,1.0253265,0.0,0.09433514,0.0,0.0,0.0036883273,-27.736933,2.2557633,0.7519211,0.18400002,0.0,0.1581127,2.6399977,2.6499977,921600
hardzero_plus_depr__c0p52__z1p00__lam0p010__nu0p50__psi1p25,hardzero_plus_depr,0.1,34,288,0.0,2,0.26766774,0.26807347,0.95317066,0.11138568,0.11138568,1.0,0.0004057235,0.0036425104,-26.04311,2.0970173,0.6990058,0.192,0.0,0.14234288,2.6499977,2.6599977,924800
hardzero_plus_depr__c0p52__z1p00__lam0p010__nu0p50__psi1p25,hardzero_plus_depr,0.1,34,289,0.0,2,0.26807347,0.26807347,1.0462344,0.0,0.08990122,0.0,0.0,0.003597262,-27.433441,2.3017616,0.7672539,0.128,0.0,0.14886671,2.6599977,2.6699977,928000
hardzero_plus_depr__c0p52__z1p00__lam0p010__nu0p50__psi1p25,hardzero_plus_depr,0.1,34,290,0.0,2,0.26807347,0.26807347,1.0340905,0.0,0.092450544,0.0,0.0,0.0035525758,-27.669657,2.2750444,0.75834817,0.14400001,0.008,0.1472784,2.6699977,2.6799977,931200
hardzero_plus_depr__c0p52__z1p00__lam0p010__nu0p50__psi1p25,hardzero_plus_depr,0.1,34,291,0.0,2,0.26807347,0.268425,0.99918246,0.100188434,0.100188434,1.0,0.0003515057,0.003508446,-26.19729,2.1982453,0.73274845,0.17600001,0.0,0.1334993,2.6799977,2.6899977,934400
hardzero_plus_depr__c0p52__z1p00__lam0p010__nu0p50__psi1p25,hardzero_plus_depr,0.1,34,292,0.0,2,0.268425,0.2687819,0.98711646,0.10301098,0.10301098,1.0,0.00035691896,0.0034648632,-27.546354,2.1716995,0.72389984,0.16800001,0.0,0.13449425,2.6899977,2.6999977,937600
hardzero_plus_depr__c0p52__z1p00__lam0p010__nu0p50__psi1p25,hardzero_plus_depr,0.1,34,293,0.0,2,0.2687819,0.26916605,0.94976676,0.11226213,0.11226213,1.0,0.00038414102,0.0034218219,-26.103271,2.0895286,0.69650954,0.224,0.0,0.12934123,2.6999977,2.7099977,940800
hardzero_plus_depr__c0p52__z1p00__lam0p010__nu0p50__psi1p25,hardzero_plus_depr,0.1,34,294,0.0,2,0.26916605,0.26951453,0.9866396,0.10312414,0.10312414,1.0,0.00034848903,0.0033793158,-26.567617,2.1706505,0.7235502,0.14400001,0.0,0.13913612,2.7099977,2.7199976,944000
hardzero_plus_depr__c0p52__z1p00__lam0p010__nu0p50__psi1p25,hardzero_plus_depr,0.1,34,295,0.0,2,0.26951453,0.2698486,0.9995675,0.10009964,0.10009964,1.0,0.00033406625,0.0033373372,-26.326395,2.1990924,0.7330308,0.16800001,0.0,0.15724336,2.7199976,2.7299976,947200
hardzero_plus_depr__c0p52__z1p00__lam0p010__nu0p50__psi1p25,hardzero_plus_depr,0.1,34,296,0.0,2,0.2698486,0.2698486,1.0424653,0.0,0.09068483,0.0,0.0,0.0032958798,-27.835361,2.2934694,0.7644898,0.15200001,0.0,0.1672216,2.7299976,2.7399976,950400
hardzero_plus_depr__c0p52__z1p00__lam0p010__nu0p50__psi1p25,hardzero_plus_depr,0.1,34,297,0.0,2,0.2698486,0.2698486,1.0345854,0.0,0.092345275,0.0,0.0,0.0032549377,-27.491823,2.2761333,0.7587111,0.15200001,0.0,0.14276299,2.7399976,2.7499976,953600
hardzero_plus_depr__c0p52__z1p00__lam0p010__nu0p50__psi1p25,hardzero_plus_depr,0.1,34,298,0.0,2,0.2698486,0.2698486,1.0575635,0.0,0.08758635,0.0,0.0,0.0032145039,-28.185598,2.3266861,0.77556205,0.120000005,0.0,0.12560835,2.7499976,2.7599976,956800
hardzero_plus_depr__c0p52__z1p00__lam0p010__nu0p50__psi1p25,hardzero_plus_depr,0.1,34,299,0.0,2,0.2698486,0.2698486,1.0288182,0.0,0.093579724,0.0,0.0,0.0031745732,-27.86051,2.2634454,0.7544818,0.14,0.01,0.1565512,2.7599976,2.7699976,960000
hardzero_plus_depr__c0p52__z1p00__lam0p010__nu0p50__psi1p25,hardzero_plus_depr,0.1,34,300,0.0,2,0.2698486,0.2698486,1.0784118,0.0,0.083481096,0.0,0.0,0.003135138,-28.113813,2.3725533,0.7908511,0.112,0.0,0.15570542,2.7699976,2.7799976,963200
hardzero_plus_depr__c0p52__z1p00__lam0p010__nu0p50__psi1p25,hardzero_plus_depr,0.1,34,301,0.0,2,0.2698486,0.2698486,1.0126027,0.0,0.097139835,0.0,0.0,0.0030961928,-26.817915,2.2277703,0.7425901,0.096,0.0,0.13793907,2.7799976,2.7899976,966400
hardzero_plus_depr__c0p52__z1p00__lam0p010__nu0p50__psi1p25,hardzero_plus_depr,0.1,34,302,0.0,2,0.2698486,0.27021477,0.9217168,0.11975212,0.11975212,1.0,0.0003661698,0.0030577315,-26.0924,2.0278175,0.6759392,0.272,0.0,0.12642096,2.7899976,2.7999976,969600
hardzero_plus_depr__c0p52__z1p00__lam0p010__nu0p50__psi1p25,hardzero_plus_depr,0.1,34,303,0.0,2,0.27021477,0.27021477,1.0608026,0.0,0.086935535,0.0,0.0,0.0030197478,-28.11713,2.3338122,0.7779374,0.16000001,0.0,0.14644924,2.7999976,2.8099976,972800
hardzero_plus_depr__c0p52__z1p00__lam0p010__nu0p50__psi1p25,hardzero_plus_depr,0.1,34,304,0.0,2,0.27021477,0.27021477,1.0080911,0.0,0.09815419,0.0,0.0,0.0029822357,-27.132812,2.2178447,0.7392816,0.224,0.0,0.14803962,2.8099976,2.8199975,976000
hardzero_plus_depr__c0p52__z1p00__lam0p010__nu0p50__psi1p25,hardzero_plus_depr,0.1,34,305,0.0,2,0.27021477,0.27051196,0.99610007,0.10090204,0.10090204,1.0,0.00029717566,0.0029451898,-26.61876,2.191464,0.730488,0.224,0.0,0.17633785,2.8199975,2.8299975,979200
hardzero_plus_depr__c0p52__z1p00__lam0p010__nu0p50__psi1p25,hardzero_plus_depr,0.1,34,306,0.0,2,0.27051196,0.27051196,1.0015334,0.0,0.099647544,0.0,0.0,0.0029086038,-27.4649,2.2034175,0.7344725,0.14400001,0.0,0.14386393,2.8299975,2.8399975,982400
hardzero_plus_depr__c0p52__z1p00__lam0p010__nu0p50__psi1p25,hardzero_plus_depr,0.1,34,307,0.0,2,0.27051196,0.2708196,0.97021735,0.10709831,0.10709831,1.0,0.000307637,0.002872473,-27.067251,2.1345208,0.71150696,0.192,0.0,0.137395,2.8399975,2.8499975,985600
hardzero_plus_depr__c0p52__z1p00__lam0p010__nu0p50__psi1p25,hardzero_plus_depr,0.1,34,308,0.0,2,0.2708196,0.27115595,0.92603827,0.11856641,0.11856641,1.0,0.00033634808,0.0028367906,-25.775896,2.037325,0.6791083,0.24800001,0.0,0.1533166,2.8499975,2.8599975,988800
hardzero_plus_depr__c0p52__z1p00__lam0p010__nu0p50__psi1p25,hardzero_plus_depr,0.1,34,309,0.0,2,0.27115595,0.27115595,1.0238817,0.0,0.0946495,0.0,0.0,0.0028015513,-27.364498,2.2525847,0.7508616,0.16000001,0.0,0.15473738,2.8599975,2.8699975,992000
hardzero_plus_depr__c0p52__z1p00__lam0p010__nu0p50__psi1p25,hardzero_plus_depr,0.1,34,310,0.0,2,0.27115595,0.27143353,0.998585,0.10032635,0.10032635,1.0,0.00027757796,0.0027667503,-27.282598,2.196931,0.7323103,0.128,0.0,0.14257026,2.8699975,2.8799975,995200
hardzero_plus_depr__c0p52__z1p00__lam0p010__nu0p50__psi1p25,hardzero_plus_depr,0.1,34,311,0.0,2,0.27143353,0.27143353,1.0194491,0.0,0.09562045,0.0,0.0,0.002732381,-27.571352,2.242833,0.747611,0.120000005,0.0,0.16428919,2.8799975,2.8899975,998400
hardzero_plus_depr__c0p52__z1p00__lam0p010__nu0p50__psi1p25,hardzero_plus_depr,0.1,34,312,0.0,2,0.27143353,0.27143353,1.0172212,0.0,0.09611226,0.0,0.0,0.002698439,-27.578491,2.2379313,0.7459771,0.07,0.0,0.15302041,2.8899975,2.8999975,1001600
hardzero_plus_depr__c0p52__z1p00__lam0p010__nu0p50__psi1p25,hardzero_plus_depr,0.1,34,313,0.0,2,0.27143353,0.27143353,1.0391266,0.0,0.09138467,0.0,0.0,0.002664918,-27.768524,2.2861242,0.76204145,0.224,0.0,0.14727333,2.8999975,2.9099975,1004800
hardzero_plus_depr__c0p52__z1p00__lam0p010__nu0p50__psi1p25,hardzero_plus_depr,0.1,34,314,0.0,2,0.27143353,0.27143353,1.0248053,0.0,0.094448425,0.0,0.0,0.002631814,-27.192219,2.2546167,0.75153893,0.2,0.0,0.1795498,2.9099975,2.9199975,1008000
hardzero_plus_depr__c0p52__z1p00__lam0p010__nu0p50__psi1p25,hardzero_plus_depr,0.1,34,315,0.0,2,0.27143353,0.27170688,0.978101,0.105171725,0.105171725,1.0,0.0002733541,0.0025991215,-26.458792,2.1518652,0.71728843,0.18400002,0.0,0.11923104,2.9199975,2.9299974,1011200
hardzero_plus_depr__c0p52__z1p00__lam0p010__nu0p50__psi1p25,hardzero_plus_depr,0.1,34,316,0.0,2,0.27170688,0.2719748,0.98136896,0.104383305,0.104383305,1.0,0.00026793467,0.0025668344,-26.892946,2.1590548,0.71968496,0.14400001,0.0,0.14479436,2.9299974,2.9399974,1014400
hardzero_plus_depr__c0p52__z1p00__lam0p010__nu0p50__psi1p25,hardzero_plus_depr,0.1,34,317,0.0,2,0.2719748,0.2719748,1.0511538,0.0,0.08888863,0.0,0.0,0.0025349485,-27.767923,2.3125844,0.7708615,0.16800001,0.0,0.13814317,2.9399974,2.9499974,1017600
hardzero_plus_depr__c0p52__z1p00__lam0p010__nu0p50__psi1p25,hardzero_plus_depr,0.1,34,318,0.0,2,0.2719748,0.27224422,0.9681261,0.10761527,0.10761527,1.0,0.0002694105,0.0025034596,-26.461622,2.12992,0.70997334,0.2,0.0,0.12207446,2.9499974,2.9599974,1020800
hardzero_plus_depr__c0p52__z1p00__lam0p010__nu0p50__psi1p25,hardzero_plus_depr,0.1,34,319,0.0,2,0.27224422,0.27224422,1.0330724,0.0,0.09266755,0.0,0.0,0.0024723609,-27.61089,2.2728045,0.7576015,0.18400002,0.0,0.16214603,2.9599974,2.9699974,1024000
hardzero_plus_depr__c0p52__z1p00__lam0p010__nu0p50__psi1p25,hardzero_plus_depr,0.1,34,320,0.0,2,0.27224422,0.272509,0.9647647,0.108451426,0.108451426,1.0,0.00026480027,0.0024416486,-26.397324,2.1225247,0.70750827,0.264,0.0,0.12239778,2.9699974,2.9799974,1027200
hardzero_plus_depr__c0p52__z1p00__lam0p010__nu0p50__psi1p25,hardzero_plus_depr,0.1,34,321,0.0,2,0.272509,0.272509,1.0047848,0.0,0.09890429,0.0,0.0,0.0024113178,-26.671377,2.2105708,0.73685694,0.14400001,0.0,0.11753312,2.9799974,2.9899974,1030400
hardzero_plus_depr__c0p52__z1p00__lam0p010__nu0p50__psi1p25,hardzero_plus_depr,0.1,34,322,0.0,2,0.272509,0.272509,1.0286907,0.0,0.09360722,0.0,0.0,0.002381364,-27.815315,2.2631648,0.7543883,0.14400001,0.0,0.14829028,2.9899974,2.9999974,1033600
hardzero_plus_depr__c0p52__z1p00__lam0p010__nu0p50__psi1p25,hardzero_plus_depr,0.1,34,323,0.0,2,0.272509,0.272509,1.0253575,0.0,0.09432841,0.0,0.0,0.0023517825,-27.331049,2.2558315,0.7519438,0.15200001,0.0,0.14180426,2.9999974,3.0099974,1036800
hardzero_plus_depr__c0p52__z1p00__lam0p010__nu0p50__psi1p25,hardzero_plus_depr,0.1,34,324,0.0,2,0.272509,0.27277112,0.9475004,0.1128495,0.1128495,1.0,0.00026210063,0.002322568,-25.426853,2.0845425,0.6948475,0.23200001,0.0,0.12207993,3.0099974,3.0199974,1040000
hardzero_plus_depr__c0p52__z1p00__lam0p010__nu0p50__psi1p25,hardzero_plus_depr,0.1,34,325,0.0,2,0.27277112,0.27277112,1.0963458,0.0,0.08010399,0.0,0.0,0.0022937167,-28.050398,2.4120088,0.80400294,0.14,0.0,0.18037224,3.0199974,3.0299973,1043200
hardzero_plus_depr__c0p52__z1p00__lam0p010__nu0p50__psi1p25,hardzero_plus_depr,0.1,34,326,0.0,2,0.27277112,0.27277112,1.0053045,0.0,0.09878603,0.0,0.0,0.002265224,-26.40921,2.211714,0.73723805,0.2,0.0,0.15187825,3.0299973,3.0399973,1046400
hardzero_plus_depr__c0p52__z1p00__lam0p010__nu0p50__psi1p25,hardzero_plus_depr,0.1,34,327,0.0,2,0.27277112,0.27277112,1.0462438,0.0,0.08989927,0.0,0.0,0.002237085,-26.431026,2.3017824,0.7672608,0.128,0.0,0.13379113,3.0399973,3.0499973,1049600
hardzero_plus_depr__c0p52__z1p00__lam0p010__nu0p50__psi1p25,hardzero_plus_depr,0.1,34,328,0.0,2,0.27277112,0.27277112,1.0051844,0.0,0.09881333,0.0,0.0,0.0022092953,-26.969486,2.2114499,0.73714995,0.16000001,0.0,0.13954706,3.0499973,3.0599973,1052800
hardzero_plus_depr__c0p52__z1p00__lam0p010__nu0p50__psi1p25,hardzero_plus_depr,0.1,34,329,0.0,2,0.27277112,0.27277112,1.10308,0.0,0.07887148,0.0,0.0,0.0021818506,-28.721342,2.4268246,0.80894154,0.136,0.0,0.18051115,3.0599973,3.0699973,1056000
hardzero_plus_depr__c0p52__z1p00__lam0p010__nu0p50__psi1p25,hardzero_plus_depr,0.1,34,330,0.0,2,0.27277112,0.27277112,1.006755,0.0,0.09845664,0.0,0.0,0.0021547473,-26.871092,2.2149053,0.73830175,0.15200001,0.0,0.14481825,3.0699973,3.0799973,1059200
hardzero_plus_depr__c0p52__z1p00__lam0p010__nu0p50__psi1p25,hardzero_plus_depr,0.1,34,331,0.0,2,0.27277112,0.27298483,0.99815047,0.10042676,0.10042676,1.0,0.00021370625,0.002127981,-26.636326,2.1959748,0.73199165,0.14400001,0.0,0.12922364,3.0799973,3.0899973,1062400
hardzero_plus_depr__c0p52__z1p00__lam0p010__nu0p50__psi1p25,hardzero_plus_depr,0.1,34,332,0.0,2,0.27298483,0.27320534,0.97910565,0.1049287,0.1049287,1.0,0.00022051258,0.0021015469,-26.835234,2.1540754,0.71802515,0.18400002,0.0,0.12596048,3.0899973,3.0999973,1065600
hardzero_plus_depr__c0p52__z1p00__lam0p010__nu0p50__psi1p25,hardzero_plus_depr,0.1,34,333,0.0,2,0.27320534,0.27320534,1.009789,0.0,0.0977712,0.0,0.0,0.002075441,-27.074303,2.22158,0.7405267,0.128,0.0,0.13948964,3.0999973,3.1099973,1068800
hardzero_plus_depr__c0p52__z1p00__lam0p010__nu0p50__psi1p25,hardzero_plus_depr,0.1,34,334,0.0,2,0.27320534,0.27341074,0.9990807,0.10021189,0.10021189,1.0,0.00020540024,0.0020496594,-27.734522,2.1980214,0.7326738,0.16800001,0.0,0.12772822,3.1099973,3.1199973,1072000
hardzero_plus_depr__c0p52__z1p00__lam0p010__nu0p50__psi1p25,hardzero_plus_depr,0.1,34,335,0.0,2,0.27341074,0.27341074,1.0343635,0.0,0.092392445,0.0,0.0,0.0020241982,-27.073093,2.2756453,0.75854844,0.208,0.0,0.1555355,3.1199973,3.1299973,1075200
hardzero_plus_depr__c0p52__z1p00__lam0p010__nu0p50__psi1p25,hardzero_plus_depr,0.1,34,336,0.0,2,0.27341074,0.27362317,0.9736259,0.10626104,0.10626104,1.0,0.00021242147,0.0019990532,-26.675228,2.1420197,0.7140066,0.192,0.0,0.13620092,3.1299973,3.1399972,1078400
hardzero_plus_depr__c0p52__z1p00__lam0p010__nu0p50__psi1p25,hardzero_plus_depr,0.1,34,337,0.0,2,0.27362317,0.27382788,0.9842751,0.10368714,0.10368714,1.0,0.00020470127,0.0019742204,-26.130384,2.1654484,0.7218162,0.16800001,0.0,0.15464321,3.1399972,3.1499972,1081600
hardzero_plus_depr__c0p52__z1p00__lam0p010__nu0p50__psi1p25,hardzero_plus_depr,0.1,34,338,0.0,2,0.27382788,0.27382788,1.0405928,0.0,0.09107668,0.0,0.0,0.0019496961,-26.963015,2.2893498,0.7631166,0.14,0.0,0.13755053,3.1499972,3.1599972,1084800
hardzero_plus_depr__c0p52__z1p00__lam0p010__nu0p50__psi1p25,hardzero_plus_depr,0.1,34,339,0.0,2,0.27382788,0.27403143,0.97586507,0.10571458,0.10571458,1.0,0.000203551,0.0019254771,-25.81822,2.146946,0.71564865,0.17600001,0.0,0.15118796,3.1599972,3.1699972,1088000
hardzero_plus_depr__c0p52__z1p00__lam0p010__nu0p50__psi1p25,hardzero_plus_depr,0.1,34,340,0.0,2,0.27403143,0.27422205,0.9989198,0.10024903,0.10024903,1.0,0.00019062938,0.0019015583,-26.538748,2.1976674,0.7325558,0.16000001,0.0,0.13779773,3.1699972,3.1799972,1091200
hardzero_plus_depr__c0p52__z1p00__lam0p010__nu0p50__psi1p25,hardzero_plus_depr,0.1,34,341,0.0,2,0.27422205,0.27422205,1.0705214,0.0,0.08501169,0.0,0.0,0.0018779365,-28.178137,2.355194,0.7850647,0.136,0.0,0.18140274,3.1799972,3.1899972,1094400
hardzero_plus_depr__c0p52__z1p00__lam0p010__nu0p50__psi1p25,hardzero_plus_depr,0.1,34,342,0.0,2,0.27422205,0.27422205,1.0162594,0.0,0.09632535,0.0,0.0,0.0018546088,-27.285406,2.2358153,0.7452718,0.128,0.0,0.15746687,3.1899972,3.1999972,1097600
hardzero_plus_depr__c0p52__z1p00__lam0p010__nu0p50__psi1p25,hardzero_plus_depr,0.1,34,343,0.0,2,0.27422205,0.2744138,0.980079,0.104693815,0.104693815,1.0,0.00019175411,0.0018315705,-26.068253,2.1562169,0.718739,0.216,0.0,0.12828466,3.1999972,3.2099972,1100800
hardzero_plus_depr__c0p52__z1p00__lam0p010__nu0p50__psi1p25,hardzero_plus_depr,0.1,34,344,0.0,2,0.2744138,0.2744138,1.055026,0.0,0.08809961,0.0,0.0,0.0018088183,-28.09231,2.3211036,0.7737012,0.120000005,0.0,0.18342875,3.2099972,3.2199972,1104000
hardzero_plus_depr__c0p52__z1p00__lam0p010__nu0p50__psi1p25,hardzero_plus_depr,0.1,34,345,0.0,2,0.2744138,0.2744138,1.0142325,0.0,0.09677595,0.0,0.0,0.0017863492,-27.596949,2.2313561,0.7437854,0.16800001,0.0,0.14295752,3.2199972,3.2299972,1107200
hardzero_plus_depr__c0p52__z1p00__lam0p010__nu0p50__psi1p25,hardzero_plus_depr,0.1,34,346,0.0,2,0.2744138,0.27459514,0.98801047,0.102799155,0.102799155,1.0,0.00018135397,0.0017641581,-26.861982,2.1736665,0.7245555,0.15200001,0.0,0.15974669,3.2299972,3.2399971,1110400
hardzero_plus_depr__c0p52__z1p00__lam0p010__nu0p50__psi1p25,hardzero_plus_depr,0.1,34,347,0.0,2,0.27459514,0.27459514,1.0134175,0.0,0.096957736,0.0,0.0,0.0017422438,-26.223501,2.229563,0.74318767,0.120000005,0.0,0.15030129,3.2399971,3.2499971,1113600
hardzero_plus_depr__c0p52__z1p00__lam0p010__nu0p50__psi1p25,hardzero_plus_depr,0.1,34,348,0.0,2,0.27459514,0.2747725,0.98681206,0.103083216,0.103083216,1.0,0.00017736515,0.0017206016,-27.20474,2.1710298,0.7236766,0.18400002,0.0,0.13591942,3.2499971,3.2599971,1116800
hardzero_plus_depr__c0p52__z1p00__lam0p010__nu0p50__psi1p25,hardzero_plus_depr,0.1,34,349,0.0,2,0.2747725,0.27495936,0.9587531,0.10996308,0.10996308,1.0,0.0001868523,0.0016992275,-27.074236,2.109299,0.70309967,0.2,0.0,0.16711667,3.2599971,3.2699971,1120000
hardzero_plus_depr__c0p52__z1p00__lam0p010__nu0p50__psi1p25,hardzero_plus_depr,0.1,34,350,0.0,2,0.27495936,0.27512866,0.9961827,0.10088284,0.10088284,1.0,0.00016929347,0.0016781196,-27.025337,2.1916456,0.73054856,0.18400002,0.0,0.13865916,3.2699971,3.279997,1123200
hardzero_plus_depr__c0p52__z1p00__lam0p010__nu0p50__psi1p25,hardzero_plus_depr,0.1,34,351,0.0,2,0.27512866,0.27512866,1.0324557,0.0,0.09279921,0.0,0.0,0.0016572733,-27.543722,2.271448,0.75714934,0.14999999,0.0,0.19391292,3.279997,3.289997,1126400
hardzero_plus_depr__c0p52__z1p00__lam0p010__nu0p50__psi1p25,hardzero_plus_depr,0.1,34,352,0.0,2,0.27512866,0.2752979,0.9854507,0.103406854,0.103406854,1.0,0.00016924461,0.0016366866,-26.382467,2.1680348,0.7226783,0.216,0.008,0.13419428,3.289997,3.299997,1129600
hardzero_plus_depr__c0p52__z1p00__lam0p010__nu0p50__psi1p25,hardzero_plus_depr,0.1,34,353,0.0,2,0.2752979,0.2752979,1.0080549,0.0,0.09816238,0.0,0.0,0.0016163556,-27.001776,2.2177649,0.73925495,0.136,0.0,0.12784457,3.299997,3.309997,1132800
hardzero_plus_depr__c0p52__z1p00__lam0p010__nu0p50__psi1p25,hardzero_plus_depr,0.1,34,354,0.0,2,0.2752979,0.27547693,0.95023185,0.11214196,0.11214196,1.0,0.00017900958,0.0015962766,-26.513998,2.0905519,0.69685066,0.16800001,0.0,0.15657543,3.309997,3.319997,1136000
hardzero_plus_depr__c0p52__z1p00__lam0p010__nu0p50__psi1p25,hardzero_plus_depr,0.1,34,355,0.0,2,0.27547693,0.27547693,1.0183564,0.0,0.095861346,0.0,0.0,0.0015764475,-27.195683,2.240429,0.74680966,0.192,0.0,0.15304546,3.319997,3.329997,1139200
hardzero_plus_depr__c0p52__z1p00__lam0p010__nu0p50__psi1p25,hardzero_plus_depr,0.1,34,356,0.0,2,0.27547693,0.27547693,1.0385846,0.0,0.0914988,0.0,0.0,0.0015568642,-27.484224,2.2849317,0.7616439,0.16800001,0.0,0.14338708,3.329997,3.339997,1142400
hardzero_plus_depr__c0p52__z1p00__lam0p010__nu0p50__psi1p25,hardzero_plus_depr,0.1,34,357,0.0,2,0.27547693,0.27563077,0.99972713,0.10006285,0.10006285,1.0,0.00015384912,0.0015375249,-27.311344,2.1994436,0.73314786,0.16000001,0.0,0.1295183,3.339997,3.349997,1145600
hardzero_plus_depr__c0p52__z1p00__lam0p010__nu0p50__psi1p25,hardzero_plus_depr,0.1,34,358,0.0,2,0.27563077,0.27563077,1.0065885,0.0,0.09849439,0.0,0.0,0.0015184255,-26.552486,2.2145388,0.7381796,0.112,0.0,0.1516426,3.349997,3.359997,1148800
hardzero_plus_depr__c0p52__z1p00__lam0p010__nu0p50__psi1p25,hardzero_plus_depr,0.1,34,359,0.0,2,0.27563077,0.2757891,0.9763915,0.10558653,0.10558653,1.0,0.00015833366,0.001499563,-26.491112,2.1481042,0.71603477,0.2,0.0,0.14549522,3.359997,3.369997,1152000
hardzero_plus_depr__c0p52__z1p00__lam0p010__nu0p50__psi1p25,hardzero_plus_depr,0.1,34,360,0.0,2,0.2757891,0.27593863,0.9958115,0.10096909,0.10096909,1.0,0.00014952871,0.0014809355,-26.678885,2.190829,0.73027635,0.104,0.0,0.12984802,3.369997,3.379997,1155200
hardzero_plus_depr__c0p52__z1p00__lam0p010__nu0p50__psi1p25,hardzero_plus_depr,0.1,34,361,0.0,2,0.27593863,0.27593863,1.0367672,0.0,0.091882475,0.0,0.0,0.0014625392,-28.010307,2.2809334,0.7603111,0.128,0.0,0.17425501,3.379997,3.389997,1158400
hardzero_plus_depr__c0p52__z1p00__lam0p010__nu0p50__psi1p25,hardzero_plus_depr,0.1,34,362,0.0,2,0.27593863,0.27593863,1.001727,0.0,0.099603124,0.0,0.0,0.0014443708,-26.464926,2.2038434,0.7346145,0.216,0.0,0.17703083,3.389997,3.399997,1161600
hardzero_plus_depr__c0p52__z1p00__lam0p010__nu0p50__psi1p25,hardzero_plus_depr,0.1,34,363,0.0,2,0.27593863,0.27593863,1.0280854,0.0,0.09373778,0.0,0.0,0.0014264289,-27.408417,2.261833,0.75394434,0.16800001,0.0,0.14541791,3.399997,3.409997,1164800
hardzero_plus_depr__c0p52__z1p00__lam0p010__nu0p50__psi1p25,hardzero_plus_depr,0.1,34,364,0.0,2,0.27593863,0.27593863,1.0144569,0.0,0.09672597,0.0,0.0,0.0014087097,-27.57822,2.2318497,0.7439499,0.19,0.0,0.13536972,3.409997,3.419997,1168000
hardzero_plus_depr__c0p52__z1p00__lam0p010__nu0p50__psi1p25,hardzero_plus_depr,0.1,34,365,0.0,2,0.27593863,0.27593863,1.0275843,0.0,0.093845986,0.0,0.0,0.00139121,-26.281258,2.2607307,0.75357693,0.17600001,0.0,0.14369443,3.419997,3.429997,1171200
hardzero_plus_depr__c0p52__z1p00__lam0p010__nu0p50__psi1p25,hardzero_plus_depr,0.1,34,366,0.0,2,0.27593863,0.27593863,1.0516157,0.0,0.08879414,0.0,0.0,0.0013739284,-28.249275,2.3136008,0.7712003,0.128,0.0,0.14598767,3.429997,3.439997,1174400
hardzero_plus_depr__c0p52__z1p00__lam0p010__nu0p50__psi1p25,hardzero_plus_depr,0.1,34,367,0.0,2,0.27593863,0.27593863,1.0284762,0.0,0.09365344,0.0,0.0,0.0013568609,-26.596697,2.262693,0.754231,0.18400002,0.0,0.15350297,3.439997,3.449997,1177600
hardzero_plus_depr__c0p52__z1p00__lam0p010__nu0p50__psi1p25,hardzero_plus_depr,0.1,34,368,0.0,2,0.27593863,0.27593863,1.0095589,0.0,0.09782301,0.0,0.0,0.0013400059,-27.142067,2.2210739,0.740358,0.136,0.0,0.16283643,3.449997,3.459997,1180800
hardzero_plus_depr__c0p52__z1p00__lam0p010__nu0p50__psi1p25,hardzero_plus_depr,0.1,34,369,0.0,2,0.27593863,0.2760733,0.99242896,0.10175857,0.10175857,1.0,0.00013466326,0.0013233604,-26.070438,2.1833873,0.7277958,0.17600001,0.0,0.13973753,3.459997,3.469997,1184000
hardzero_plus_depr__c0p52__z1p00__lam0p010__nu0p50__psi1p25,hardzero_plus_depr,0.1,34,370,0.0,2,0.2760733,0.27622077,0.94755906,0.11283424,0.11283424,1.0,0.00014746544,0.001306921,-25.98209,2.0846715,0.6948905,0.18400002,0.0,0.12309239,3.469997,3.479997,1187200
hardzero_plus_depr__c0p52__z1p00__lam0p010__nu0p50__psi1p25,hardzero_plus_depr,0.1,34,371,0.0,2,0.27622077,0.2763554,0.9816901,0.10430613,0.10430613,1.0,0.0001346265,0.0012906864,-26.524994,2.1597614,0.7199205,0.216,0.0,0.17274645,3.479997,3.489997,1190400
hardzero_plus_depr__c0p52__z1p00__lam0p010__nu0p50__psi1p25,hardzero_plus_depr,0.1,34,372,0.0,2,0.2763554,0.2763554,1.0094712,0.0,0.09784279,0.0,0.0,0.0012746529,-26.473116,2.220881,0.7402937,0.208,0.0,0.15022619,3.489997,3.499997,1193600
hardzero_plus_depr__c0p52__z1p00__lam0p010__nu0p50__psi1p25,hardzero_plus_depr,0.1,34,373,0.0,2,0.2763554,0.2763554,1.0481082,0.0,0.08951416,0.0,0.0,0.001258819,-28.216438,2.3058841,0.76862806,0.08800001,0.0,0.14366822,3.499997,3.509997,1196800
hardzero_plus_depr__c0p52__z1p00__lam0p010__nu0p50__psi1p25,hardzero_plus_depr,0.1,34,374,0.0,2,0.2763554,0.2763554,1.0477352,0.0,0.089591086,0.0,0.0,0.001243182,-28.267008,2.3050635,0.76835454,0.14400001,0.0,0.15943135,3.509997,3.519997,1200000
hardzero_plus_depr__c0p52__z1p00__lam0p010__nu0p50__psi1p25,hardzero_plus_depr,0.1,34,375,0.0,2,0.2763554,0.27648154,0.98817307,0.10276066,0.10276066,1.0,0.00012616323,0.0012277387,-26.489412,2.174024,0.7246747,0.17600001,0.0,0.13852894,3.519997,3.5299969,1203200
hardzero_plus_depr__c0p52__z1p00__lam0p010__nu0p50__psi1p25,hardzero_plus_depr,0.1,34,376,0.0,2,0.27648154,0.2766084,0.98032695,0.10463405,0.10463405,1.0,0.0001268675,0.0012124877,-27.038122,2.1567624,0.7189208,0.2,0.0,0.1625607,3.5299969,3.5399969,1206400
hardzero_plus_depr__c0p52__z1p00__lam0p010__nu0p50__psi1p25,hardzero_plus_depr,0.1,34,377,0.0,2,0.2766084,0.2766084,1.0515318,0.0,0.08881129,0.0,0.0,0.0011974261,-27.749214,2.3134162,0.7711388,0.21,0.0,0.13351738,3.5399969,3.5499969,1209600
hardzero_plus_depr__c0p52__z1p00__lam0p010__nu0p50__psi1p25,hardzero_plus_depr,0.1,34,378,0.0,2,0.2766084,0.27673194,0.98107994,0.10445279,0.10445279,1.0,0.00012352076,0.0011825511,-26.692715,2.158419,0.719473,0.136,0.0,0.12337718,3.5499969,3.5599968,1212800
hardzero_plus_depr__c0p52__z1p00__lam0p010__nu0p50__psi1p25,hardzero_plus_depr,0.1,34,379,0.0,2,0.27673194,0.27673194,1.0062199,0.0,0.09857802,0.0,0.0,0.0011678614,-26.955029,2.213728,0.7379093,0.14400001,0.0,0.13201338,3.5599968,3.5699968,1216000
hardzero_plus_depr__c0p52__z1p00__lam0p010__nu0p50__psi1p25,hardzero_plus_depr,0.1,34,380,0.0,2,0.27673194,0.27673194,1.0258642,0.0,0.09421841,0.0,0.0,0.0011533542,-27.431564,2.2569463,0.75231546,0.2,0.0,0.18062304,3.5699968,3.5799968,1219200
hardzero_plus_depr__c0p52__z1p00__lam0p010__nu0p50__psi1p25,hardzero_plus_depr,0.1,34,381,0.0,2,0.27673194,0.27673194,1.0434233,0.0,0.09048502,0.0,0.0,0.0011390267,-27.325195,2.295577,0.7651924,0.128,0.0,0.15607771,3.5799968,3.5899968,1222400
hardzero_plus_depr__c0p52__z1p00__lam0p010__nu0p50__psi1p25,hardzero_plus_depr,0.1,34,382,0.0,2,0.27673194,0.27673194,1.0104147,0.0,0.097630434,0.0,0.0,0.0011248778,-26.776283,2.2229567,0.7409856,0.16000001,0.0,0.13574593,3.5899968,3.5999968,1225600
hardzero_plus_depr__c0p52__z1p00__lam0p010__nu0p50__psi1p25,hardzero_plus_depr,0.1,34,383,0.0,2,0.27673194,0.27684644,0.9869199,0.10305761,0.10305761,1.0,0.0001144871,0.0011109039,-26.598923,2.171267,0.7237557,0.192,0.0,0.20832805,3.5999968,3.6099968,1228800
hardzero_plus_depr__c0p52__z1p00__lam0p010__nu0p50__psi1p25,hardzero_plus_depr,0.1,34,384,0.0,2,0.27684644,0.27696756,0.9570296,0.110400334,0.110400334,1.0,0.000121120676,0.0010971043,-25.92682,2.1055071,0.70183575,0.112,0.0,0.12763296,3.6099968,3.6199968,1232000
hardzero_plus_depr__c0p52__z1p00__lam0p010__nu0p50__psi1p25,hardzero_plus_depr,0.1,34,385,0.0,2,0.27696756,0.2770818,0.9770114,0.105435915,0.105435915,1.0,0.000114237286,0.001083476,-26.685215,2.149468,0.7164893,0.16000001,0.0,0.15840316,3.6199968,3.6299968,1235200
hardzero_plus_depr__c0p52__z1p00__lam0p010__nu0p50__psi1p25,hardzero_plus_depr,0.1,34,386,0.0,2,0.2770818,0.27719092,0.9914251,0.10199405,0.10199405,1.0,0.00010913532,0.0010700165,-26.660614,2.1811788,0.7270596,0.17600001,0.0,0.13850045,3.6299968,3.6399968,1238400
hardzero_plus_depr__c0p52__z1p00__lam0p010__nu0p50__psi1p25,hardzero_plus_depr,0.1,34,387,0.0,2,0.27719092,0.27729943,0.9884339,0.10269896,0.10269896,1.0,0.00010852454,0.0010567248,-27.22194,2.174598,0.72486603,0.2,0.0,0.15513873,3.6399968,3.6499968,1241600
hardzero_plus_depr__c0p52__z1p00__lam0p010__nu0p50__psi1p25,hardzero_plus_depr,0.1,34,388,0.0,2,0.27729943,0.27729943,1.0462972,0.0,0.08988824,0.0,0.0,0.0010435976,-28.114883,2.3018997,0.7672999,0.120000005,0.0,0.17226686,3.6499968,3.6599967,1244800
hardzero_plus_depr__c0p52__z1p00__lam0p010__nu0p50__psi1p25,hardzero_plus_depr,0.1,34,389,0.0,2,0.27729943,0.277409,0.97345704,0.106302366,0.106302366,1.0,0.00010955884,0.001030634,-26.222118,2.1416483,0.7138828,0.16000001,0.0,0.14389236,3.6599967,3.6699967,1248000
hardzero_plus_depr__c0p52__z1p00__lam0p010__nu0p50__psi1p25,hardzero_plus_depr,0.1,34,390,0.0,2,0.277409,0.27751234,0.99333274,0.10154705,0.10154705,1.0,0.00010335779,0.0010178315,-26.659584,2.1853757,0.7284586,0.16,0.0,0.14561714,3.6699967,3.6799967,1251200
hardzero_plus_depr__c0p52__z1p00__lam0p010__nu0p50__psi1p25,hardzero_plus_depr,0.1,34,391,0.0,2,0.27751234,0.27762732,0.94161,0.114390515,0.114390515,1.0,0.000114983915,0.0010051875,-25.723846,2.0715833,0.6905278,0.2,0.0,0.11069382,3.6799967,3.6899967,1254400
hardzero_plus_depr__c0p52__z1p00__lam0p010__nu0p50__psi1p25,hardzero_plus_depr,0.1,34,392,0.0,2,0.27762732,0.27762732,1.0660292,0.0,0.08589557,0.0,0.0,0.000992701,-28.51513,2.345311,0.78177035,0.112,0.0,0.16836645,3.6899967,3.6999967,1257600
hardzero_plus_depr__c0p52__z1p00__lam0p010__nu0p50__psi1p25,hardzero_plus_depr,0.1,34,393,0.0,2,0.27762732,0.27772856,0.9859984,0.10327653,0.10327653,1.0,0.000101249185,0.0009803697,-27.08687,2.1692398,0.7230799,0.16800001,0.0,0.15655988,3.6999967,3.7099967,1260800
hardzero_plus_depr__c0p52__z1p00__lam0p010__nu0p50__psi1p25,hardzero_plus_depr,0.1,34,394,0.0,2,0.27772856,0.27772856,1.0653216,0.0,0.08603564,0.0,0.0,0.00096819113,-27.573923,2.3437543,0.78125143,0.16000001,0.0,0.15045318,3.7099967,3.7199967,1264000
hardzero_plus_depr__c0p52__z1p00__lam0p010__nu0p50__psi1p25,hardzero_plus_depr,0.1,34,395,0.0,2,0.27772856,0.27783066,0.9714892,0.10678513,0.10678513,1.0,0.000102104124,0.0009561642,-26.825037,2.1373188,0.71243966,0.15200001,0.0,0.16147494,3.7199967,3.7299967,1267200
hardzero_plus_depr__c0p52__z1p00__lam0p010__nu0p50__psi1p25,hardzero_plus_depr,0.1,34,396,0.0,2,0.27783066,0.27783066,1.0148174,0.0,0.09664573,0.0,0.0,0.0009442867,-26.498611,2.2326427,0.74421424,0.18400002,0.0,0.12832576,3.7299967,3.7399967,1270400
hardzero_plus_depr__c0p52__z1p00__lam0p010__nu0p50__psi1p25,hardzero_plus_depr,0.1,34,397,0.0,2,0.27783066,0.27783066,1.0307088,0.0,0.09317323,0.0,0.0,0.0009325563,-27.748116,2.2676046,0.7558682,0.16800001,0.0,0.16952513,3.7399967,3.7499967,1273600
hardzero_plus_depr__c0p52__z1p00__lam0p010__nu0p50__psi1p25,hardzero_plus_depr,0.1,34,398,0.0,2,0.27783066,0.27783066,1.0014374,0.0,0.099669576,0.0,0.0,0.00092097215,-27.216932,2.2032063,0.7344021,0.224,0.0,0.14987491,3.7499967,3.7599967,1276800
hardzero_plus_depr__c0p52__z1p00__lam0p010__nu0p50__psi1p25,hardzero_plus_depr,0.1,34,399,0.0,2,0.27783066,0.27783066,1.0248367,0.0,0.0944416,0.0,0.0,0.00090953143,-27.687502,2.2546856,0.7515619,0.096,0.0,0.13031289,3.7599967,3.7699966,1280000
hardzero_plus_depr__c0p52__z1p00__lam0p010__nu0p50__psi1p25,hardzero_plus_depr,0.1,34,400,0.0,2,0.27783066,0.27792147,0.99519616,0.101112254,0.101112254,1.0,9.082238e-05,0.00089823315,-27.20634,2.1894753,0.72982514,0.16800001,0.0,0.1572683,3.7699966,3.7799966,1283200
hardzero_plus_depr__c0p52__z1p00__lam0p010__nu0p50__psi1p25,hardzero_plus_depr,0.1,34,401,0.0,2,0.27792147,0.27801397,0.9818474,0.104268365,0.104268365,1.0,9.249389e-05,0.00088707526,-26.513033,2.1601074,0.7200358,0.136,0.0,0.12260908,3.7799966,3.7899966,1286400
hardzero_plus_depr__c0p52__z1p00__lam0p010__nu0p50__psi1p25,hardzero_plus_depr,0.1,34,402,0.0,2,0.27801397,0.27811006,0.95983636,0.10968914,0.10968914,1.0,9.609379e-05,0.0008760557,-26.386993,2.1116822,0.7038941,0.2,0.0,0.1333838,3.7899966,3.7999966,1289600
hardzero_plus_depr__c0p52__z1p00__lam0p010__nu0p50__psi1p25,hardzero_plus_depr,0.1,34,403,0.0,2,0.27811006,0.2781966,0.99989945,0.10002315,0.10002315,1.0,8.6537344e-05,0.0008651732,-26.19596,2.1998227,0.7332742,0.14,0.0,0.13925041,3.7999966,3.8099966,1292800
hardzero_plus_depr__c0p52__z1p00__lam0p010__nu0p50__psi1p25,hardzero_plus_depr,0.1,34,404,0.0,2,0.2781966,0.2782847,0.9867771,0.1030915,0.1030915,1.0,8.8084016e-05,0.0008544256,-26.389784,2.170953,0.72365105,0.2,0.0,0.17813621,3.8099966,3.8199966,1296000
hardzero_plus_depr__c0p52__z1p00__lam0p010__nu0p50__psi1p25,hardzero_plus_depr,0.1,34,405,0.0,2,0.2782847,0.2782847,1.0031202,0.0,0.09928412,0.0,0.0,0.00084381195,-26.351051,2.2069085,0.7356362,0.128,0.0,0.14547239,3.8199966,3.8299966,1299200
hardzero_plus_depr__c0p52__z1p00__lam0p010__nu0p50__psi1p25,hardzero_plus_depr,0.1,34,406,0.0,2,0.2782847,0.2782847,1.0017098,0.0,0.099607065,0.0,0.0,0.00083333015,-26.795856,2.2038057,0.7346019,0.16800001,0.0,0.14275125,3.8299966,3.8399966,1302400
hardzero_plus_depr__c0p52__z1p00__lam0p010__nu0p50__psi1p25,hardzero_plus_depr,0.1,34,407,0.0,2,0.2782847,0.2782847,1.0350099,0.0,0.09225505,0.0,0.0,0.0008229781,-27.469364,2.2770672,0.7590224,0.14400001,0.0,0.15026408,3.8399966,3.8499966,1305600
hardzero_plus_depr__c0p52__z1p00__lam0p010__nu0p50__psi1p25,hardzero_plus_depr,0.1,34,408,0.0,2,0.2782847,0.27837276,0.96510285,0.10836703,0.10836703,1.0,8.807586e-05,0.0008127551,-25.280209,2.1232686,0.7077562,0.15200001,0.0,0.12474297,3.8499966,3.8599966,1308800
hardzero_plus_depr__c0p52__z1p00__lam0p010__nu0p50__psi1p25,hardzero_plus_depr,0.1,34,409,0.0,2,0.27837276,0.27837276,1.0299275,0.0,0.093341015,0.0,0.0,0.0008026591,-27.324806,2.2658858,0.7552953,0.120000005,0.0,0.1525968,3.8599966,3.8699965,1312000
hardzero_plus_depr__c0p52__z1p00__lam0p010__nu0p50__psi1p25,hardzero_plus_depr,0.1,34,410,0.0,2,0.27837276,0.27845538,0.9820019,0.10423128,0.10423128,1.0,8.262288e-05,0.00079268793,-26.608868,2.1604474,0.72014916,0.16000001,0.0,0.11648217,3.8699965,3.8799965,1315200
hardzero_plus_depr__c0p52__z1p00__lam0p010__nu0p50__psi1p25,hardzero_plus_depr,0.1,34,411,0.0,2,0.27845538,0.27845538,1.007035,0.0,0.09839318,0.0,0.0,0.0007828412,-26.743805,2.2155213,0.73850715,0.136,0.0,0.13417926,3.8799965,3.8899965,1318400
hardzero_plus_depr__c0p52__z1p00__lam0p010__nu0p50__psi1p25,hardzero_plus_depr,0.1,34,412,0.0,2,0.27845538,0.27853382,0.9936439,0.101474315,0.101474315,1.0,7.845149e-05,0.0007731167,-27.354248,2.1860602,0.72868675,0.120000005,0.0,0.1403163,3.8899965,3.8999965,1321600
hardzero_plus_depr__c0p52__z1p00__lam0p010__nu0p50__psi1p25,hardzero_plus_depr,0.1,34,413,0.0,2,0.27853382,0.27853382,1.0540154,0.0,0.088304855,0.0,0.0,0.0007635127,-27.876581,2.31888,0.77296007,0.24000001,0.0,0.17608239,3.8999965,3.9099965,1324800
hardzero_plus_depr__c0p52__z1p00__lam0p010__nu0p50__psi1p25,hardzero_plus_depr,0.1,34,414,0.0,2,0.27853382,0.27853382,1.0235518,0.0,0.094721414,0.0,0.0,0.0007540283,-27.12645,2.251859,0.75061965,0.120000005,0.0,0.14275315,3.9099965,3.9199965,1328000
hardzero_plus_depr__c0p52__z1p00__lam0p010__nu0p50__psi1p25,hardzero_plus_depr,0.1,34,415,0.0,2,0.27853382,0.27853382,1.0624708,0.0,0.08660225,0.0,0.0,0.00074466143,-28.27431,2.3374825,0.77916086,0.104,0.0,0.14899507,3.9199965,3.9299965,1331200
hardzero_plus_depr__c0p52__z1p00__lam0p010__nu0p50__psi1p25,hardzero_plus_depr,0.1,34,416,0.0,2,0.27853382,0.27861083,0.97999305,0.10471452,0.10471452,1.0,7.700824e-05,0.0007354113,-26.2829,2.1560278,0.718676,0.16,0.0,0.12589249,3.9299965,3.9399965,1334400
hardzero_plus_depr__c0p52__z1p00__lam0p010__nu0p50__psi1p25,hardzero_plus_depr,0.1,34,417,0.0,2,0.27861083,0.27868646,0.9824383,0.10412659,0.10412659,1.0,7.562464e-05,0.00072627596,-26.350485,2.1614075,0.7204692,0.14400001,0.0,0.12729794,3.9399965,3.9499965,1337600
hardzero_plus_depr__c0p52__z1p00__lam0p010__nu0p50__psi1p25,hardzero_plus_depr,0.1,34,418,0.0,2,0.27868646,0.27868646,1.0051101,0.0,0.09883025,0.0,0.0,0.0007172538,-26.550016,2.2112865,0.73709553,0.14400001,0.0,0.14331838,3.9499965,3.9599965,1340800
hardzero_plus_depr__c0p52__z1p00__lam0p010__nu0p50__psi1p25,hardzero_plus_depr,0.1,34,419,0.0,2,0.27868646,0.27868646,1.0153314,0.0,0.09653139,0.0,0.0,0.00070834404,-27.651884,2.2337737,0.74459124,0.16000001,0.0,0.15620516,3.9599965,3.9699965,1344000
hardzero_plus_depr__c0p52__z1p00__lam0p010__nu0p50__psi1p25,hardzero_plus_depr,0.1,34,420,0.0,2,0.27868646,0.27868646,1.0347235,0.0,0.09231588,0.0,0.0,0.0006995447,-27.243483,2.2764373,0.7588124,0.16000001,0.0,0.17353247,3.9699965,3.9799964,1347200
hardzero_plus_depr__c0p52__z1p00__lam0p010__nu0p50__psi1p25,hardzero_plus_depr,0.1,34,421,0.0,2,0.27868646,0.2787577,0.986769,0.103093415,0.103093415,1.0,7.1222596e-05,0.0006908549,-26.51579,2.1709352,0.7236451,0.16800001,0.0,0.1607685,3.9799964,3.9899964,1350400
hardzero_plus_depr__c0p52__z1p00__lam0p010__nu0p50__psi1p25,hardzero_plus_depr,0.1,34,422,0.0,2,0.2787577,0.2787577,1.0972718,0.0,0.07993338,0.0,0.0,0.0006822731,-28.35546,2.414046,0.804682,0.14400001,0.0,0.16057155,3.9899964,3.9999964,1353600
hardzero_plus_depr__c0p52__z1p00__lam0p010__nu0p50__psi1p25,hardzero_plus_depr,0.1,34,423,0.0,2,0.2787577,0.2787577,1.0076473,0.0,0.09825457,0.0,0.0,0.0006737976,-27.06097,2.2168682,0.7389561,0.15200001,0.0,0.13936844,3.9999964,4.0099964,1356800
hardzero_plus_depr__c0p52__z1p00__lam0p010__nu0p50__psi1p25,hardzero_plus_depr,0.1,34,424,0.0,2,0.2787577,0.27882913,0.96926814,0.10733264,0.10733264,1.0,7.14221e-05,0.0006654276,-26.450996,2.1324325,0.71081084,0.15200001,0.0,0.15394391,4.0099964,4.0199966,1360000
hardzero_plus_depr__c0p52__z1p00__lam0p010__nu0p50__psi1p25,hardzero_plus_depr,0.1,34,425,0.0,2,0.27882913,0.27882913,1.0553269,0.0,0.088038586,0.0,0.0,0.0006571614,-27.958244,2.3217657,0.7739219,0.136,0.0,0.14134024,4.0199966,4.029997,1363200
hardzero_plus_depr__c0p52__z1p00__lam0p010__nu0p50__psi1p25,hardzero_plus_depr,0.1,34,426,0.0,2,0.27882913,0.27889684,0.9816441,0.1043172,0.1043172,1.0,6.7701636e-05,0.00064899784,-26.820498,2.15966,0.7198867,0.14400001,0.0,0.12737636,4.029997,4.039997,1366400
hardzero_plus_depr__c0p52__z1p00__lam0p010__nu0p50__psi1p25,hardzero_plus_depr,0.1,34,427,0.0,2,0.27889684,0.27896154,0.99591607,0.1009448,0.1009448,1.0,6.4699125e-05,0.0006409357,-27.41556,2.191059,0.73035306,0.2,0.0,0.16115037,4.039997,4.0499973,1369600
hardzero_plus_depr__c0p52__z1p00__lam0p010__nu0p50__psi1p25,hardzero_plus_depr,0.1,34,428,0.0,2,0.27896154,0.27896154,1.0698525,0.0,0.08514272,0.0,0.0,0.0006329736,-27.60947,2.3537223,0.78457415,0.128,0.0,0.1571426,4.0499973,4.0599976,1372800
hardzero_plus_depr__c0p52__z1p00__lam0p010__nu0p50__psi1p25,hardzero_plus_depr,0.1,34,429,0.0,2,0.27896154,0.27896154,1.0052804,0.0,0.098791495,0.0,0.0,0.0006251105,-26.664162,2.2116609,0.7372203,0.11,0.0,0.14988208,4.0599976,4.069998,1376000
hardzero_plus_depr__c0p52__z1p00__lam0p010__nu0p50__psi1p25,hardzero_plus_depr,0.1,34,430,0.0,2,0.27896154,0.27896154,1.0582535,0.0,0.0874473,0.0,0.0,0.0006173451,-27.528814,2.3282042,0.7760681,0.120000005,0.0,0.14705215,4.069998,4.079998,1379200
hardzero_plus_depr__c0p52__z1p00__lam0p010__nu0p50__psi1p25,hardzero_plus_depr,0.1,34,431,0.0,2,0.27896154,0.2790243,0.9873528,0.102954954,0.102954954,1.0,6.276918e-05,0.0006096761,-26.80725,2.1722195,0.7240732,0.136,0.0,0.12368135,4.079998,4.0899982,1382400
hardzero_plus_depr__c0p52__z1p00__lam0p010__nu0p50__psi1p25,hardzero_plus_depr,0.1,34,432,0.0,2,0.2790243,0.27908507,0.9960994,0.100902185,0.100902185,1.0,6.075345e-05,0.00060210243,-26.373018,2.1914625,0.7304875,0.120000005,0.0,0.14963807,4.0899982,4.0999985,1385600
hardzero_plus_depr__c0p52__z1p00__lam0p010__nu0p50__psi1p25,hardzero_plus_depr,0.1,34,433,0.0,2,0.27908507,0.27908507,1.0661305,0.0,0.08587555,0.0,0.0,0.00059462286,-27.97981,2.3455338,0.7818446,0.128,0.0,0.15110756,4.0999985,4.1099987,1388800
hardzero_plus_depr__c0p52__z1p00__lam0p010__nu0p50__psi1p25,hardzero_plus_depr,0.1,34,434,0.0,2,0.27908507,0.2791495,0.9597084,0.10972147,0.10972147,1.0,6.443241e-05,0.00058723614,-26.086197,2.1114006,0.7038002,0.2,0.0,0.14506966,4.1099987,4.119999,1392000
hardzero_plus_depr__c0p52__z1p00__lam0p010__nu0p50__psi1p25,hardzero_plus_depr,0.1,34,435,0.0,2,0.2791495,0.2791495,1.0416573,0.0,0.0908537,0.0,0.0,0.00057994126,-27.629818,2.2916918,0.7638973,0.112,0.0,0.13602963,4.119999,4.129999,1395200
hardzero_plus_depr__c0p52__z1p00__lam0p010__nu0p50__psi1p25,hardzero_plus_depr,0.1,34,436,0.0,2,0.2791495,0.2791495,1.0479711,0.0,0.089542426,0.0,0.0,0.00057273696,-27.23689,2.3055825,0.7685275,0.18400002,0.0,0.14286034,4.129999,4.1399994,1398400
hardzero_plus_depr__c0p52__z1p00__lam0p010__nu0p50__psi1p25,hardzero_plus_depr,0.1,34,437,0.0,2,0.2791495,0.2791495,1.0749302,0.0,0.08415305,0.0,0.0,0.0005656221,-27.66647,2.3648937,0.7882979,0.15200001,0.0,0.17483613,4.1399994,4.1499996,1401600
hardzero_plus_depr__c0p52__z1p00__lam0p010__nu0p50__psi1p25,hardzero_plus_depr,0.1,34,438,0.0,2,0.2791495,0.27920905,0.9722454,0.10659936,0.10659936,1.0,5.9545946e-05,0.0005585957,-26.936264,2.1389825,0.7129942,0.2,0.0,0.13869706,4.1499996,4.16,1404800
hardzero_plus_depr__c0p52__z1p00__lam0p010__nu0p50__psi1p25,hardzero_plus_depr,0.1,34,439,0.0,2,0.27920905,0.27926436,0.9987468,0.10028898,0.10028898,1.0,5.5325076e-05,0.0005516566,-26.9693,2.1972868,0.73242897,0.16800001,0.0,0.12615098,4.16,4.17,1408000
hardzero_plus_depr__c0p52__z1p00__lam0p010__nu0p50__psi1p25,hardzero_plus_depr,0.1,34,440,0.0,2,0.27926436,0.27926436,1.0535904,0.0,0.08839131,0.0,0.0,0.0005448036,-27.744892,2.3179452,0.77264845,0.14400001,0.0,0.18028076,4.17,4.1800003,1411200
hardzero_plus_depr__c0p52__z1p00__lam0p010__nu0p50__psi1p25,hardzero_plus_depr,0.1,34,441,0.0,2,0.27926436,0.27926436,1.029915,0.0,0.093343705,0.0,0.0,0.0005380358,-28.078936,2.2658582,0.7552861,0.208,0.0,0.19604266,4.1800003,4.1900005,1414400
hardzero_plus_depr__c0p52__z1p00__lam0p010__nu0p50__psi1p25,hardzero_plus_depr,0.1,34,442,0.0,2,0.27926436,0.27926436,1.019779,0.0,0.09554787,0.0,0.0,0.00053135207,-28.03631,2.2435586,0.7478529,0.14999999,0.0,0.17664908,4.1900005,4.200001,1417600
hardzero_plus_depr__c0p52__z1p00__lam0p010__nu0p50__psi1p25,hardzero_plus_depr,0.1,34,443,0.0,2,0.27926436,0.27931923,0.9806704,0.10455132,0.10455132,1.0,5.486345e-05,0.0005247514,-26.738317,2.157518,0.71917266,0.208,0.0,0.14734288,4.200001,4.210001,1420800
hardzero_plus_depr__c0p52__z1p00__lam0p010__nu0p50__psi1p25,hardzero_plus_depr,0.1,34,444,0.0,2,0.27931923,0.27931923,1.0742456,0.0,0.084285796,0.0,0.0,0.00051823264,-29.048262,2.3633873,0.7877958,0.104,0.0,0.15581746,4.210001,4.220001,1424000
hardzero_plus_depr__c0p52__z1p00__lam0p010__nu0p50__psi1p25,hardzero_plus_depr,0.1,34,445,0.0,2,0.27931923,0.2793708,0.9964521,0.10082029,0.10082029,1.0,5.1599312e-05,0.00051179493,-27.374626,2.1922383,0.73074615,0.192,0.008,0.1470103,4.220001,4.2300014,1427200
hardzero_plus_depr__c0p52__z1p00__lam0p010__nu0p50__psi1p25,hardzero_plus_depr,0.1,34,446,0.0,2,0.2793708,0.2793708,1.0205852,0.0,0.09537067,0.0,0.0,0.00050543714,-27.293818,2.2453322,0.7484441,0.16000001,0.0,0.14625342,4.2300014,4.2400017,1430400
hardzero_plus_depr__c0p52__z1p00__lam0p010__nu0p50__psi1p25,hardzero_plus_depr,0.1,34,447,0.0,2,0.2793708,0.27942207,0.98854756,0.1026721,0.1026721,1.0,5.124964e-05,0.0004991584,-26.675652,2.174848,0.72494936,0.128,0.0,0.12503877,4.2400017,4.250002,1433600
hardzero_plus_depr__c0p52__z1p00__lam0p010__nu0p50__psi1p25,hardzero_plus_depr,0.1,34,448,0.0,2,0.27942207,0.27942207,1.094523,0.0,0.08044092,0.0,0.0,0.0004929576,-28.16216,2.4079986,0.8026662,0.120000005,0.0,0.16904727,4.250002,4.260002,1436800
hardzero_plus_depr__c0p52__z1p00__lam0p010__nu0p50__psi1p25,hardzero_plus_depr,0.1,34,449,0.0,2,0.27942207,0.27942207,1.014765,0.0,0.096657366,0.0,0.0,0.00048683383,-28.051443,2.2325277,0.7441759,0.18400002,0.0,0.15947111,4.260002,4.2700024,1440000
hardzero_plus_depr__c0p52__z1p00__lam0p010__nu0p50__psi1p25,hardzero_plus_depr,0.1,34,450,0.0,2,0.27942207,0.27942207,1.021601,0.0,0.09514785,0.0,0.0,0.00048078617,-27.817738,2.247567,0.749189,0.17600001,0.0,0.15242827,4.2700024,4.2800026,1443200
hardzero_plus_depr__c0p52__z1p00__lam0p010__nu0p50__psi1p25,hardzero_plus_depr,0.1,34,451,0.0,2,0.27942207,0.27942207,1.0339475,0.0,0.092480995,0.0,0.0,0.0004748136,-27.89864,2.2747297,0.75824326,0.16000001,0.0,0.16100904,4.2800026,4.290003,1446400
hardzero_plus_depr__c0p52__z1p00__lam0p010__nu0p50__psi1p25,hardzero_plus_depr,0.1,34,452,0.0,2,0.27942207,0.27942207,1.0617613,0.0,0.086743854,0.0,0.0,0.00046891524,-27.72783,2.3359213,0.77864045,0.14400001,0.0,0.15584901,4.290003,4.300003,1449600
hardzero_plus_depr__c0p52__z1p00__lam0p010__nu0p50__psi1p25,hardzero_plus_depr,0.1,34,453,0.0,2,0.27942207,0.27942207,1.0117601,0.0,0.09732848,0.0,0.0,0.0004630901,-27.039873,2.2259166,0.7419722,0.16800001,0.0,0.15168571,4.300003,4.3100033,1452800
hardzero_plus_depr__c0p52__z1p00__lam0p010__nu0p50__psi1p25,hardzero_plus_depr,0.1,34,454,0.0,2,0.27942207,0.27942207,1.025008,0.0,0.09440436,0.0,0.0,0.00045733736,-26.543278,2.2550626,0.7516875,0.14400001,0.0,0.14570263,4.3100033,4.3200035,1456000
hardzero_plus_depr__c0p52__z1p00__lam0p010__nu0p50__psi1p25,hardzero_plus_depr,0.1,34,455,0.0,2,0.27942207,0.27942207,1.0202868,0.0,0.09543621,0.0,0.0,0.00045165612,-27.531464,2.2446759,0.74822533,0.17999999,0.0,0.15380397,4.3200035,4.3300037,1459200
hardzero_plus_depr__c0p52__z1p00__lam0p010__nu0p50__psi1p25,hardzero_plus_depr,0.1,34,456,0.0,2,0.27942207,0.27942207,1.0130737,0.0,0.09703454,0.0,0.0,0.0004460454,-27.738415,2.2288067,0.7429356,0.17600001,0.0,0.15487576,4.3300037,4.340004,1462400
hardzero_plus_depr__c0p52__z1p00__lam0p010__nu0p50__psi1p25,hardzero_plus_depr,0.1,34,457,0.0,2,0.27942207,0.2794667,0.9943953,0.1012989,0.1012989,1.0,4.462261e-05,0.0004405044,-26.92579,2.1877134,0.7292378,0.18400002,0.0,0.14554513,4.340004,4.350004,1465600
hardzero_plus_depr__c0p52__z1p00__lam0p010__nu0p50__psi1p25,hardzero_plus_depr,0.1,34,458,0.0,2,0.2794667,0.27951142,0.9879871,0.10280467,0.10280467,1.0,4.4723347e-05,0.00043503227,-27.20201,2.173615,0.7245383,0.24000001,0.0,0.14827481,4.350004,4.3600044,1468800
hardzero_plus_depr__c0p52__z1p00__lam0p010__nu0p50__psi1p25,hardzero_plus_depr,0.1,34,459,0.0,2,0.27951142,0.27951142,1.0149839,0.0,0.09660865,0.0,0.0,0.0004296281,-27.560675,2.233009,0.74433637,0.192,0.0,0.15707749,4.3600044,4.3700047,1472000
hardzero_plus_depr__c0p52__z1p00__lam0p010__nu0p50__psi1p25,hardzero_plus_depr,0.1,34,460,0.0,2,0.27951142,0.27951142,1.042628,0.0,0.09065086,0.0,0.0,0.00042429107,-27.913126,2.2938275,0.7646092,0.136,0.0,0.16670269,4.3700047,4.380005,1475200
hardzero_plus_depr__c0p52__z1p00__lam0p010__nu0p50__psi1p25,hardzero_plus_depr,0.1,34,461,0.0,2,0.27951142,0.27955416,0.9913861,0.102003224,0.102003224,1.0,4.274142e-05,0.00041902027,-26.502115,2.181093,0.727031,0.192,0.0,0.13246904,4.380005,4.390005,1478400
hardzero_plus_depr__c0p52__z1p00__lam0p010__nu0p50__psi1p25,hardzero_plus_depr,0.1,34,462,0.0,2,0.27955416,0.27959812,0.9736703,0.106250174,0.106250174,1.0,4.3967917e-05,0.00041381503,-25.79096,2.1421175,0.7140392,0.17600001,0.0,0.12759447,4.390005,4.4000053,1481600
hardzero_plus_depr__c0p52__z1p00__lam0p010__nu0p50__psi1p25,hardzero_plus_depr,0.1,34,463,0.0,2,0.27959812,0.27964303,0.95900244,0.10989997,0.10989997,1.0,4.4913304e-05,0.00040867442,-26.28942,2.1098475,0.70328254,0.208,0.0,0.1330337,4.4000053,4.4100056,1484800
hardzero_plus_depr__c0p52__z1p00__lam0p010__nu0p50__psi1p25,hardzero_plus_depr,0.1,34,464,0.0,2,0.27964303,0.27964303,1.023434,0.0,0.0947471,0.0,0.0,0.00040359763,-26.917067,2.2515998,0.7505333,0.14400001,0.0,0.14868739,4.4100056,4.420006,1488000
hardzero_plus_depr__c0p52__z1p00__lam0p010__nu0p50__psi1p25,hardzero_plus_depr,0.1,34,465,0.0,2,0.27964303,0.27964303,1.0253094,0.0,0.09433885,0.0,0.0,0.000398584,-27.559818,2.2557259,0.75190866,0.136,0.0,0.15397029,4.420006,4.430006,1491200
hardzero_plus_depr__c0p52__z1p00__lam0p010__nu0p50__psi1p25,hardzero_plus_depr,0.1,34,466,0.0,2,0.27964303,0.27968368,0.98599917,0.10327633,0.10327633,1.0,4.0652925e-05,0.00039363257,-26.40151,2.1692414,0.7230805,0.18400002,0.0,0.1435503,4.430006,4.4400063,1494400
hardzero_plus_depr__c0p52__z1p00__lam0p010__nu0p50__psi1p25,hardzero_plus_depr,0.1,34,467,0.0,2,0.27968368,0.27968368,1.010629,0.0,0.097582266,0.0,0.0,0.00038874266,-27.517218,2.2234282,0.74114275,0.2,0.0,0.1755484,4.4400063,4.4500065,1497600
hardzero_plus_depr__c0p52__z1p00__lam0p010__nu0p50__psi1p25,hardzero_plus_depr,0.1,34,468,0.0,2,0.27968368,0.27968368,1.0510757,0.0,0.08890461,0.0,0.0,0.00038391352,-28.436747,2.3124127,0.7708043,0.11,0.0,0.17441803,4.4500065,4.4600067,1500800
hardzero_plus_depr__c0p52__z1p00__lam0p010__nu0p50__psi1p25,hardzero_plus_depr,0.1,34,469,0.0,2,0.27968368,0.27968368,1.0300157,0.0,0.093322046,0.0,0.0,0.00037914436,-27.782206,2.26608,0.75536,0.136,0.0,0.14972953,4.4600067,4.470007,1504000
hardzero_plus_depr__c0p52__z1p00__lam0p010__nu0p50__psi1p25,hardzero_plus_depr,0.1,34,470,0.0,2,0.27968368,0.27972448,0.9626131,0.10899006,0.10899006,1.0,4.0809635e-05,0.00037443446,-25.882113,2.1177912,0.7059304,0.24000001,0.0,0.16316178,4.470007,4.480007,1507200
hardzero_plus_depr__c0p52__z1p00__lam0p010__nu0p50__psi1p25,hardzero_plus_depr,0.1,34,471,0.0,2,0.27972448,0.27972448,1.0651093,0.0,0.08607772,0.0,0.0,0.00036978303,-28.7664,2.3432872,0.78109574,0.080000006,0.0,0.16779248,4.480007,4.4900074,1510400
hardzero_plus_depr__c0p52__z1p00__lam0p010__nu0p50__psi1p25,hardzero_plus_depr,0.1,34,472,0.0,2,0.27972448,0.27972448,1.0543203,0.0,0.088242866,0.0,0.0,0.00036518942,-27.417133,2.319551,0.7731837,0.120000005,0.0,0.1472261,4.4900074,4.5000076,1513600
hardzero_plus_depr__c0p52__z1p00__lam0p010__nu0p50__psi1p25,hardzero_plus_depr,0.1,34,473,0.0,2,0.27972448,0.27972448,1.0177578,0.0,0.095993586,0.0,0.0,0.00036065286,-27.46119,2.239112,0.7463707,0.192,0.0,0.15034664,4.5000076,4.510008,1516800
hardzero_plus_depr__c0p52__z1p00__lam0p010__nu0p50__psi1p25,hardzero_plus_depr,0.1,34,474,0.0,2,0.27972448,0.27972448,1.0281944,0.0,0.09371422,0.0,0.0,0.00035617265,-26.683868,2.2620728,0.75402427,0.136,0.0,0.14380994,4.510008,4.520008,1520000
hardzero_plus_depr__c0p52__z1p00__lam0p010__nu0p50__psi1p25,hardzero_plus_depr,0.1,34,475,0.0,2,0.27972448,0.27975985,0.99765843,0.100540616,0.100540616,1.0,3.536497e-05,0.0003517481,-27.166098,2.1948924,0.7316308,0.128,0.0,0.13452493,4.520008,4.5300083,1523200
hardzero_plus_depr__c0p52__z1p00__lam0p010__nu0p50__psi1p25,hardzero_plus_depr,0.1,34,476,0.0,2,0.27975985,0.27975985,1.0327371,0.0,0.09273909,0.0,0.0,0.00034737852,-27.130726,2.272067,0.7573557,0.128,0.0,0.13808219,4.5300083,4.5400085,1526400
hardzero_plus_depr__c0p52__z1p00__lam0p010__nu0p50__psi1p25,hardzero_plus_depr,0.1,34,477,0.0,2,0.27975985,0.2797942,0.9998551,0.10003336,0.10003336,1.0,3.4317767e-05,0.00034306324,-26.784197,2.1997252,0.73324174,0.14400001,0.0,0.14166652,4.5400085,4.550009,1529600
hardzero_plus_depr__c0p52__z1p00__lam0p010__nu0p50__psi1p25,hardzero_plus_depr,0.1,34,478,0.0,2,0.2797942,0.2797942,1.0601871,0.0,0.08705885,0.0,0.0,0.00033880153,-28.031055,2.3324583,0.7774861,0.15200001,0.0,0.15960667,4.550009,4.560009,1532800
hardzero_plus_depr__c0p52__z1p00__lam0p010__nu0p50__psi1p25,hardzero_plus_depr,0.1,34,479,0.0,2,0.2797942,0.27982774,0.9987364,0.100291386,0.100291386,1.0,3.355677e-05,0.00033459277,-26.793348,2.197264,0.73242134,0.14400001,0.0,0.16400312,4.560009,4.570009,1536000
hardzero_plus_depr__c0p52__z1p00__lam0p010__nu0p50__psi1p25,hardzero_plus_depr,0.1,34,480,0.0,2,0.27982774,0.27982774,1.0142725,0.0,0.096767046,0.0,0.0,0.0003304363,-26.145424,2.231444,0.74381465,0.15200001,0.0,0.15133622,4.570009,4.5800095,1539200
hardzero_plus_depr__c0p52__z1p00__lam0p010__nu0p50__psi1p25,hardzero_plus_depr,0.1,34,481,0.0,2,0.27982774,0.27982774,1.0001718,0.0,0.099960454,0.0,0.0,0.00032633144,-26.56368,2.2004218,0.73347396,0.21,0.0,0.12924601,4.5800095,4.5900097,1542400
hardzero_plus_depr__c0p52__z1p00__lam0p010__nu0p50__psi1p25,hardzero_plus_depr,0.1,34,482,0.0,2,0.27982774,0.27982774,1.0057373,0.0,0.098687634,0.0,0.0,0.00032227763,-27.57607,2.2126663,0.73755544,0.15200001,0.0,0.14028384,4.5900097,4.60001,1545600
hardzero_plus_depr__c0p52__z1p00__lam0p010__nu0p50__psi1p25,hardzero_plus_depr,0.1,34,483,0.0,2,0.27982774,0.27982774,1.0126979,0.0,0.097118534,0.0,0.0,0.0003182741,-26.500662,2.22798,0.74266,0.15200001,0.0,0.13451608,4.60001,4.61001,1548800
hardzero_plus_depr__c0p52__z1p00__lam0p010__nu0p50__psi1p25,hardzero_plus_depr,0.1,34,484,0.0,2,0.27982774,0.2798595,0.9955164,0.10103772,0.10103772,1.0,3.1758213e-05,0.00031432038,-26.646654,2.1901798,0.73006,0.17600001,0.0,0.13059753,4.61001,4.6200104,1552000
hardzero_plus_depr__c0p52__z1p00__lam0p010__nu0p50__psi1p25,hardzero_plus_depr,0.1,34,485,0.0,2,0.2798595,0.27989078,0.9968806,0.100720845,0.100720845,1.0,3.1265336e-05,0.00031041572,-27.032234,2.193181,0.7310604,0.136,0.0,0.1659897,4.6200104,4.6300106,1555200
hardzero_plus_depr__c0p52__z1p00__lam0p010__nu0p50__psi1p25,hardzero_plus_depr,0.1,34,486,0.0,2,0.27989078,0.27992165,0.9968797,0.10072106,0.10072106,1.0,3.0877007e-05,0.00030655958,-27.224863,2.1931791,0.73105973,0.192,0.0,0.16344689,4.6300106,4.640011,1558400
hardzero_plus_depr__c0p52__z1p00__lam0p010__nu0p50__psi1p25,hardzero_plus_depr,0.1,34,487,0.0,2,0.27992165,0.27992165,1.0140667,0.0,0.096812904,0.0,0.0,0.00030275137,-26.597946,2.2309914,0.7436638,0.208,0.0,0.14172971,4.640011,4.650011,1561600
hardzero_plus_depr__c0p52__z1p00__lam0p010__nu0p50__psi1p25,hardzero_plus_depr,0.1,34,488,0.0,2,0.27992165,0.27992165,1.0914882,0.0,0.08100498,0.0,0.0,0.00029899046,-28.814116,2.4013221,0.8004407,0.17600001,0.0,0.16724417,4.650011,4.6600113,1564800
hardzero_plus_depr__c0p52__z1p00__lam0p010__nu0p50__psi1p25,hardzero_plus_depr,0.1,34,489,0.0,2,0.27992165,0.27992165,1.0734178,0.0,0.08444661,0.0,0.0,0.00029527626,-27.89126,2.3615663,0.78718877,0.104,0.0,0.1694869,4.6600113,4.6700115,1568000
hardzero_plus_depr__c0p52__z1p00__lam0p010__nu0p50__psi1p25,hardzero_plus_depr,0.1,34,490,0.0,2,0.27992165,0.27995232,0.9779244,0.10521449,0.10521449,1.0,3.0681407e-05,0.0002916082,-26.53403,2.1514766,0.7171589,0.17600001,0.0,0.14482862,4.6700115,4.6800117,1571200
hardzero_plus_depr__c0p52__z1p00__lam0p010__nu0p50__psi1p25,hardzero_plus_depr,0.1,34,491,0.0,2,0.27995232,0.27995232,1.041413,0.0,0.09090484,0.0,0.0,0.0002879857,-27.77256,2.2911541,0.76371807,0.17600001,0.0,0.14791466,4.6800117,4.690012,1574400
hardzero_plus_depr__c0p52__z1p00__lam0p010__nu0p50__psi1p25,hardzero_plus_depr,0.1,34,492,0.0,2,0.27995232,0.27995232,1.0255191,0.0,0.09429331,0.0,0.0,0.0002844082,-27.53577,2.2561872,0.75206244,0.18400002,0.0,0.14306231,4.690012,4.700012,1577600
hardzero_plus_depr__c0p52__z1p00__lam0p010__nu0p50__psi1p25,hardzero_plus_depr,0.1,34,493,0.0,2,0.27995232,0.27995232,1.0049585,0.0,0.09886475,0.0,0.0,0.00028087513,-27.194672,2.210953,0.7369844,0.080000006,0.0,0.1449053,4.700012,4.7100124,1580800
hardzero_plus_depr__c0p52__z1p00__lam0p010__nu0p50__psi1p25,hardzero_plus_depr,0.1,34,494,0.0,2,0.27995232,0.27998182,0.9730003,0.106414214,0.106414214,1.0,2.9517809e-05,0.00027738596,-27.328714,2.1406434,0.7135478,0.16,0.0,0.13497296,4.7100124,4.7200127,1584000
hardzero_plus_depr__c0p52__z1p00__lam0p010__nu0p50__psi1p25,hardzero_plus_depr,0.1,34,495,0.0,2,0.27998182,0.28000975,0.99146,0.10198586,0.10198586,1.0,2.7938018e-05,0.00027394012,-26.615005,2.1812556,0.72708523,0.2,0.0,0.14030722,4.7200127,4.730013,1587200
hardzero_plus_depr__c0p52__z1p00__lam0p010__nu0p50__psi1p25,hardzero_plus_depr,0.1,34,496,0.0,2,0.28000975,0.28003815,0.9788854,0.10498192,0.10498192,1.0,2.8401508e-05,0.00027053713,-26.712612,2.153591,0.7178637,0.15200001,0.0,0.13923892,4.730013,4.740013,1590400
hardzero_plus_depr__c0p52__z1p00__lam0p010__nu0p50__psi1p25,hardzero_plus_depr,0.1,34,497,0.0,2,0.28003815,0.28003815,1.0322446,0.0,0.09284433,0.0,0.0,0.0002671764,-27.406582,2.2709835,0.7569945,0.16000001,0.0,0.14716686,4.740013,4.7500134,1593600
hardzero_plus_depr__c0p52__z1p00__lam0p010__nu0p50__psi1p25,hardzero_plus_depr,0.1,34,498,0.0,2,0.28003815,0.28003815,1.0021378,0.0,0.09950896,0.0,0.0,0.0002638574,-26.748547,2.2047472,0.73491573,0.2,0.0,0.12512963,4.7500134,4.7600136,1596800
hardzero_plus_depr__c0p52__z1p00__lam0p010__nu0p50__psi1p25,hardzero_plus_depr,0.1,34,499,0.0,2,0.28003815,0.28003815,1.0080025,0.0,0.09817422,0.0,0.0,0.00026057963,-27.625507,2.21765,0.7392167,0.16800001,0.0,0.15356192,4.7600136,4.770014,1600000
hardzero_plus_depr__c0p52__z1p00__lam0p010__nu0p50__psi1p25,hardzero_plus_depr,0.1,34,500,0.0,2,0.28003815,0.28006455,0.9890317,0.102557704,0.102557704,1.0,2.6392465e-05,0.0002573426,-27.171982,2.175913,0.72530437,0.192,0.0,0.16224825,4.770014,4.780014,1603200
hardzero_plus_depr__c0p52__z1p00__lam0p010__nu0p50__psi1p25,hardzero_plus_depr,0.1,34,501,0.0,2,0.28006455,0.28006455,1.0060892,0.0,0.09860769,0.0,0.0,0.00025414574,-27.13099,2.2134404,0.7378135,0.14400001,0.0,0.14567338,4.780014,4.7900143,1606400
hardzero_plus_depr__c0p52__z1p00__lam0p010__nu0p50__psi1p25,hardzero_plus_depr,0.1,34,502,0.0,2,0.28006455,0.2800899,0.9957276,0.10098862,0.10098862,1.0,2.5346993e-05,0.0002509886,-27.035336,2.1906445,0.73021483,0.17600001,0.0,0.14590013,4.7900143,4.8000145,1609600
hardzero_plus_depr__c0p52__z1p00__lam0p010__nu0p50__psi1p25,hardzero_plus_depr,0.1,34,503,0.0,2,0.2800899,0.2800899,1.0259603,0.0,0.094197564,0.0,0.0,0.00024787072,-26.99351,2.2571578,0.752386,0.136,0.0,0.16498029,4.8000145,4.8100147,1612800
hardzero_plus_depr__c0p52__z1p00__lam0p010__nu0p50__psi1p25,hardzero_plus_depr,0.1,34,504,0.0,2,0.2800899,0.2801159,0.9739784,0.106174834,0.106174834,1.0,2.5990703e-05,0.00024479156,-25.741568,2.1427953,0.7142651,0.208,0.0,0.14564909,4.8100147,4.820015,1616000
hardzero_plus_depr__c0p52__z1p00__lam0p010__nu0p50__psi1p25,hardzero_plus_depr,0.1,34,505,0.0,2,0.2801159,0.28014013,0.9990211,0.10022565,0.10022565,1.0,2.4229616e-05,0.00024175065,-26.662134,2.1978903,0.73263013,0.17600001,0.0,0.15952653,4.820015,4.830015,1619200
hardzero_plus_depr__c0p52__z1p00__lam0p010__nu0p50__psi1p25,hardzero_plus_depr,0.1,34,506,0.0,2,0.28014013,0.28014013,1.022337,0.0,0.094986744,0.0,0.0,0.0002387475,-27.665812,2.2491863,0.7497288,0.14400001,0.0,0.14215137,4.830015,4.8400154,1622400
hardzero_plus_depr__c0p52__z1p00__lam0p010__nu0p50__psi1p25,hardzero_plus_depr,0.1,34,507,0.0,2,0.28014013,0.28016466,0.983098,0.10396854,0.10396854,1.0,2.4513874e-05,0.00023578166,-26.372494,2.1628587,0.7209529,0.16,0.0,0.14198457,4.8400154,4.8500156,1625600
hardzero_plus_depr__c0p52__z1p00__lam0p010__nu0p50__psi1p25,hardzero_plus_depr,0.1,34,508,0.0,2,0.28016466,0.28016466,1.0288293,0.0,0.09357733,0.0,0.0,0.00023285265,-27.285002,2.2634697,0.7544899,0.120000005,0.0,0.14236344,4.8500156,4.860016,1628800
hardzero_plus_depr__c0p52__z1p00__lam0p010__nu0p50__psi1p25,hardzero_plus_depr,0.1,34,509,0.0,2,0.28016466,0.28016466,1.0186119,0.0,0.09580498,0.0,0.0,0.00022996006,-26.82249,2.2409909,0.746997,0.136,0.0,0.14101021,4.860016,4.870016,1632000
hardzero_plus_depr__c0p52__z1p00__lam0p010__nu0p50__psi1p25,hardzero_plus_depr,0.1,34,510,0.0,2,0.28016466,0.28016466,1.0051657,0.0,0.098817594,0.0,0.0,0.00022710339,-27.254341,2.2114086,0.73713624,0.2,0.0,0.13558663,4.870016,4.8800163,1635200
hardzero_plus_depr__c0p52__z1p00__lam0p010__nu0p50__psi1p25,hardzero_plus_depr,0.1,34,511,0.0,2,0.28016466,0.28018868,0.9704008,0.10705307,0.10705307,1.0,2.4010098e-05,0.0002242822,-26.63806,2.1349244,0.7116415,0.17600001,0.0,0.17034286,4.8800163,4.8900166,1638400
hardzero_plus_depr__c0p52__z1p00__lam0p010__nu0p50__psi1p25,hardzero_plus_depr,0.1,34,512,0.0,2,0.28018868,0.28018868,1.0146705,0.0,0.096678406,0.0,0.0,0.00022149606,-27.841234,2.2323196,0.74410653,0.120000005,0.0,0.14259328,4.8900166,4.900017,1641600
hardzero_plus_depr__c0p52__z1p00__lam0p010__nu0p50__psi1p25,hardzero_plus_depr,0.1,34,513,0.0,2,0.28018868,0.28018868,1.0701987,0.0,0.08507488,0.0,0.0,0.0002187445,-28.040556,2.354484,0.78482807,0.136,0.0,0.14025354,4.900017,4.910017,1644800
hardzero_plus_depr__c0p52__z1p00__lam0p010__nu0p50__psi1p25,hardzero_plus_depr,0.1,34,514,0.0,2,0.28018868,0.28018868,1.0300475,0.0,0.09331522,0.0,0.0,0.00021602717,-26.415447,2.2661498,0.75538325,0.120000005,0.0,0.15043531,4.910017,4.9200172,1648000
hardzero_plus_depr__c0p52__z1p00__lam0p010__nu0p50__psi1p25,hardzero_plus_depr,0.1,34,515,0.0,2,0.28018868,0.28018868,1.0549258,0.0,0.08811994,0.0,0.0,0.00021334358,-27.450884,2.320883,0.7736277,0.16000001,0.0,0.13121691,4.9200172,4.9300175,1651200
hardzero_plus_depr__c0p52__z1p00__lam0p010__nu0p50__psi1p25,hardzero_plus_depr,0.1,34,516,0.0,2,0.28018868,0.28021017,0.99131966,0.10201884,0.10201884,1.0,2.1494689e-05,0.00021069332,-26.081291,2.1809468,0.7269823,0.14400001,0.0,0.13618515,4.9300175,4.9400177,1654400
hardzero_plus_depr__c0p52__z1p00__lam0p010__nu0p50__psi1p25,hardzero_plus_depr,0.1,34,517,0.0,2,0.28021017,0.2802334,0.95197046,0.111693926,0.111693926,1.0,2.3240826e-05,0.000208076,-26.004908,2.0943768,0.6981256,0.208,0.0,0.13136134,4.9400177,4.950018,1657600
hardzero_plus_depr__c0p52__z1p00__lam0p010__nu0p50__psi1p25,hardzero_plus_depr,0.1,34,518,0.0,2,0.2802334,0.280255,0.978703,0.105026044,0.105026044,1.0,2.1581924e-05,0.00020549116,-27.611658,2.1531897,0.7177299,0.208,0.0,0.14535838,4.950018,4.960018,1660800
hardzero_plus_depr__c0p52__z1p00__lam0p010__nu0p50__psi1p25,hardzero_plus_depr,0.1,34,519,0.0,2,0.280255,0.280255,1.0443553,0.0,0.090291046,0.0,0.0,0.00020293845,-28.174925,2.2976274,0.7658758,0.16800001,0.0,0.18343562,4.960018,4.9700184,1664000
hardzero_plus_depr__c0p52__z1p00__lam0p010__nu0p50__psi1p25,hardzero_plus_depr,0.1,34,520,0.0,2,0.280255,0.280255,1.0036621,0.0,0.099160306,0.0,0.0,0.00020041746,-27.312426,2.2081008,0.7360336,0.21,0.0,0.14632547,4.9700184,4.9800186,1667200
hardzero_plus_depr__c0p52__z1p00__lam0p010__nu0p50__psi1p25,hardzero_plus_depr,0.1,34,521,0.0,2,0.280255,0.280255,1.0273823,0.0,0.093889646,0.0,0.0,0.00019792777,-27.209736,2.260286,0.7534287,0.16000001,0.0,0.15869266,4.9800186,4.990019,1670400
hardzero_plus_depr__c0p52__z1p00__lam0p010__nu0p50__psi1p25,hardzero_plus_depr,0.1,34,522,0.0,2,0.280255,0.280255,1.0573614,0.0,0.08762714,0.0,0.0,0.00019546901,-28.312626,2.3262415,0.7754139,0.104,0.0,0.15912466,4.990019,5.000019,1673600
hardzero_plus_depr__c0p52__z1p00__lam0p010__nu0p50__psi1p25,hardzero_plus_depr,0.1,34,523,0.0,2,0.280255,0.280255,1.0067744,0.0,0.098452225,0.0,0.0,0.0001930408,-26.818136,2.214948,0.738316,0.14400001,0.0,0.1539447,5.000019,5.0100193,1676800
hardzero_plus_depr__c0p52__z1p00__lam0p010__nu0p50__psi1p25,hardzero_plus_depr,0.1,34,524,0.0,2,0.280255,0.28027493,0.9803356,0.104631975,0.104631975,1.0,1.9947329e-05,0.00019064276,-27.83111,2.1567814,0.71892715,0.2,0.0,0.1516929,5.0100193,5.0200195,1680000
hardzero_plus_depr__c0p52__z1p00__lam0p010__nu0p50__psi1p25,hardzero_plus_depr,0.1,34,525,0.0,2,0.28027493,0.28027493,1.0299101,0.0,0.09334475,0.0,0.0,0.00018827451,-27.451347,2.2658474,0.7552825,0.136,0.0,0.13429144,5.0200195,5.0300198,1683200
hardzero_plus_depr__c0p52__z1p00__lam0p010__nu0p50__psi1p25,hardzero_plus_depr,0.1,34,526,0.0,2,0.28027493,0.28027493,1.0102128,0.0,0.09767586,0.0,0.0,0.00018593567,-27.602448,2.2225125,0.7408375,0.192,0.0,0.14057074,5.0300198,5.04002,1686400
hardzero_plus_depr__c0p52__z1p00__lam0p010__nu0p50__psi1p25,hardzero_plus_depr,0.1,34,527,0.0,2,0.28027493,0.28027493,1.0156063,0.0,0.096470326,0.0,0.0,0.00018362589,-27.175661,2.2343783,0.7447928,0.16800001,0.0,0.16108468,5.04002,5.05002,1689600
hardzero_plus_depr__c0p52__z1p00__lam0p010__nu0p50__psi1p25,hardzero_plus_depr,0.1,34,528,0.0,2,0.28027493,0.28027493,1.0150509,0.0,0.09659375,0.0,0.0,0.00018134479,-27.094515,2.2331564,0.7443855,0.136,0.0,0.1255966,5.05002,5.0600204,1692800
hardzero_plus_depr__c0p52__z1p00__lam0p010__nu0p50__psi1p25,hardzero_plus_depr,0.1,34,529,0.0,2,0.28027493,0.2802935,0.9842686,0.103688695,0.103688695,1.0,1.8569819e-05,0.00017909204,-26.952421,2.1654341,0.7218114,0.17600001,0.0,0.13784641,5.0600204,5.0700207,1696000
hardzero_plus_depr__c0p52__z1p00__lam0p010__nu0p50__psi1p25,hardzero_plus_depr,0.1,34,530,0.0,2,0.2802935,0.2802935,1.0429326,0.0,0.09058732,0.0,0.0,0.00017686728,-27.258081,2.2944975,0.7648325,0.136,0.0,0.15505596,5.0700207,5.080021,1699200
hardzero_plus_depr__c0p52__z1p00__lam0p010__nu0p50__psi1p25,hardzero_plus_depr,0.1,34,531,0.0,2,0.2802935,0.2802935,1.0454916,0.0,0.09005512,0.0,0.0,0.00017467015,-27.830917,2.3001273,0.7667091,0.15200001,0.0,0.20386574,5.080021,5.090021,1702400
hardzero_plus_depr__c0p52__z1p00__lam0p010__nu0p50__psi1p25,hardzero_plus_depr,0.1,34,532,0.0,2,0.2802935,0.2802935,1.0242325,0.0,0.09457307,0.0,0.0,0.00017250031,-27.434126,2.2533565,0.75111884,0.18400002,0.0,0.15951182,5.090021,5.1000214,1705600
hardzero_plus_depr__c0p52__z1p00__lam0p010__nu0p50__psi1p25,hardzero_plus_depr,0.1,34,533,0.0,2,0.2802935,0.2803113,0.98102355,0.104466364,0.104466364,1.0,1.7796621e-05,0.00017035744,-26.586313,2.158295,0.71943164,0.14,0.0,0.13362952,5.1000214,5.1100216,1708800
hardzero_plus_depr__c0p52__z1p00__lam0p010__nu0p50__psi1p25,hardzero_plus_depr,0.1,34,534,0.0,2,0.2803113,0.2803113,1.0414798,0.0,0.09089086,0.0,0.0,0.00016824117,-26.95683,2.2913013,0.7637671,0.128,0.0,0.14891146,5.1100216,5.120022,1712000
hardzero_plus_depr__c0p52__z1p00__lam0p010__nu0p50__psi1p25,hardzero_plus_depr,0.1,34,535,0.0,2,0.2803113,0.2803113,1.0042418,0.0,0.09902805,0.0,0.0,0.00016615119,-27.538826,2.209376,0.7364587,0.16800001,0.0,0.110049926,5.120022,5.130022,1715200
hardzero_plus_depr__c0p52__z1p00__lam0p010__nu0p50__psi1p25,hardzero_plus_depr,0.1,34,536,0.0,2,0.2803113,0.2803282,0.98627234,0.10321139,0.10321139,1.0,1.6935666e-05,0.00016408718,-26.18579,2.1698425,0.72328085,0.15200001,0.0,0.16336055,5.130022,5.1400223,1718400
hardzero_plus_depr__c0p52__z1p00__lam0p010__nu0p50__psi1p25,hardzero_plus_depr,0.1,34,537,0.0,2,0.2803282,0.2803282,1.0118166,0.0,0.0973158,0.0,0.0,0.00016204882,-27.118277,2.226041,0.7420137,0.112,0.0,0.14811783,5.1400223,5.1500225,1721600
hardzero_plus_depr__c0p52__z1p00__lam0p010__nu0p50__psi1p25,hardzero_plus_depr,0.1,34,538,0.0,2,0.2803282,0.2803447,0.9872697,0.102974646,0.102974646,1.0,1.6479626e-05,0.00016003576,-26.804539,2.1720366,0.72401226,0.16000001,0.0,0.16238825,5.1500225,5.1600227,1724800
hardzero_plus_depr__c0p52__z1p00__lam0p010__nu0p50__psi1p25,hardzero_plus_depr,0.1,34,539,0.0,2,0.2803447,0.28036064,0.99655634,0.10079608,0.10079608,1.0,1.5930591e-05,0.00015804773,-27.212372,2.1924677,0.73082256,0.15200001,0.0,0.15873958,5.1600227,5.170023,1728000
hardzero_plus_depr__c0p52__z1p00__lam0p010__nu0p50__psi1p25,hardzero_plus_depr,0.1,34,540,0.0,2,0.28036064,0.28036064,1.0065764,0.0,0.09849714,0.0,0.0,0.00015608438,-27.401146,2.2145123,0.7381708,0.136,0.0,0.15297897,5.170023,5.180023,1731200
hardzero_plus_depr__c0p52__z1p00__lam0p010__nu0p50__psi1p25,hardzero_plus_depr,0.1,34,541,0.0,2,0.28036064,0.28037676,0.98081714,0.104516014,0.104516014,1.0,1.6110665e-05,0.00015414543,-26.66218,2.1578407,0.71928024,0.136,0.0,0.13870734,5.180023,5.1900234,1734400
hardzero_plus_depr__c0p52__z1p00__lam0p010__nu0p50__psi1p25,hardzero_plus_depr,0.1,34,542,0.0,2,0.28037676,0.28037676,1.0367774,0.0,0.09188035,0.0,0.0,0.00015223055,-26.851398,2.2809558,0.76031864,0.08800001,0.0,0.14795591,5.1900234,5.2000237,1737600
hardzero_plus_depr__c0p52__z1p00__lam0p010__nu0p50__psi1p25,hardzero_plus_depr,0.1,34,543,0.0,2,0.28037676,0.28037676,1.0098188,0.0,0.09776451,0.0,0.0,0.00015033947,-27.140038,2.2216456,0.74054855,0.128,0.0,0.14364752,5.2000237,5.210024,1740800
hardzero_plus_depr__c0p52__z1p00__lam0p010__nu0p50__psi1p25,hardzero_plus_depr,0.1,34,544,0.0,2,0.28037676,0.28037676,1.018762,0.0,0.09577189,0.0,0.0,0.00014847188,-27.015823,2.241321,0.747107,0.14400001,0.0,0.14376539,5.210024,5.220024,1744000
hardzero_plus_depr__c0p52__z1p00__lam0p010__nu0p50__psi1p25,hardzero_plus_depr,0.1,34,545,0.0,2,0.28037676,0.28037676,1.0182592,0.0,0.09588283,0.0,0.0,0.0001466275,-27.18999,2.2402148,0.7467383,0.15200001,0.0,0.13691261,5.220024,5.2300243,1747200
hardzero_plus_depr__c0p52__z1p00__lam0p010__nu0p50__psi1p25,hardzero_plus_depr,0.1,34,546,0.0,2,0.28037676,0.28037676,1.0263419,0.0,0.09411484,0.0,0.0,0.00014480602,-26.766014,2.2579973,0.75266576,0.099999994,0.0,0.1334037,5.2300243,5.2400246,1750400
hardzero_plus_depr__c0p52__z1p00__lam0p010__nu0p50__psi1p25,hardzero_plus_depr,0.1,34,547,0.0,2,0.28037676,0.28039157,0.98512447,0.10348455,0.10348455,1.0,1.4799032e-05,0.00014300717,-27.123913,2.1673172,0.72243905,0.216,0.0,0.13562588,5.2400246,5.250025,1753600
hardzero_plus_depr__c0p52__z1p00__lam0p010__nu0p50__psi1p25,hardzero_plus_depr,0.1,34,548,0.0,2,0.28039157,0.28039157,1.027197,0.0,0.0939297,0.0,0.0,0.00014123067,-27.230621,2.2598786,0.7532929,0.16800001,0.0,0.12446122,5.250025,5.260025,1756800
hardzero_plus_depr__c0p52__z1p00__lam0p010__nu0p50__psi1p25,hardzero_plus_depr,0.1,34,549,0.0,2,0.28039157,0.28040648,0.9713798,0.10681202,0.10681202,1.0,1.4897739e-05,0.00013947624,-26.682966,2.1370783,0.7123594,0.136,0.0,0.12671255,5.260025,5.2700253,1760000
hardzero_plus_depr__c0p52__z1p00__lam0p010__nu0p50__psi1p25,hardzero_plus_depr,0.1,34,550,0.0,2,0.28040648,0.28042114,0.97310627,0.10638827,0.10638827,1.0,1.4654302e-05,0.00013774358,-26.28129,2.1408765,0.71362555,0.2,0.0,0.121506274,5.2700253,5.2800255,1763200
hardzero_plus_depr__c0p52__z1p00__lam0p010__nu0p50__psi1p25,hardzero_plus_depr,0.1,34,551,0.0,2,0.28042114,0.28042114,1.0213064,0.0,0.09521241,0.0,0.0,0.00013603247,-26.771399,2.246919,0.748973,0.18400002,0.0,0.13488239,5.2800255,5.2900257,1766400
hardzero_plus_depr__c0p52__z1p00__lam0p010__nu0p50__psi1p25,hardzero_plus_depr,0.1,34,552,0.0,2,0.28042114,0.2804346,0.9990895,0.100209884,0.100209884,1.0,1.3462458e-05,0.00013434261,-26.359993,2.1980407,0.73268026,0.16800001,0.0,0.14987521,5.2900257,5.300026,1769600
hardzero_plus_depr__c0p52__z1p00__lam0p010__nu0p50__psi1p25,hardzero_plus_depr,0.1,34,553,0.0,2,0.2804346,0.2804346,1.0048153,0.0,0.09889736,0.0,0.0,0.00013267374,-27.160503,2.2106378,0.7368793,0.16800001,0.0,0.1457879,5.300026,5.310026,1772800
hardzero_plus_depr__c0p52__z1p00__lam0p010__nu0p50__psi1p25,hardzero_plus_depr,0.1,34,554,0.0,2,0.2804346,0.2804346,1.0150422,0.0,0.09659568,0.0,0.0,0.0001310256,-27.888712,2.2331374,0.74437916,0.128,0.0,0.1584362,5.310026,5.3200264,1776000
hardzero_plus_depr__c0p52__z1p00__lam0p010__nu0p50__psi1p25,hardzero_plus_depr,0.1,34,555,0.0,2,0.2804346,0.2804346,1.005397,0.0,0.098765,0.0,0.0,0.00012939794,-26.488516,2.2119174,0.7373058,0.136,0.0,0.10576861,5.3200264,5.3300266,1779200
hardzero_plus_depr__c0p52__z1p00__lam0p010__nu0p50__psi1p25,hardzero_plus_depr,0.1,34,556,0.0,2,0.2804346,0.28044853,0.9627213,0.10896291,0.10896291,1.0,1.3924424e-05,0.0001277905,-26.863083,2.118029,0.70600975,0.2,0.0,0.14856024,5.3300266,5.340027,1782400
hardzero_plus_depr__c0p52__z1p00__lam0p010__nu0p50__psi1p25,hardzero_plus_depr,0.1,34,557,0.0,2,0.28044853,0.28044853,1.0021422,0.0,0.09950795,0.0,0.0,0.00012620303,-26.56576,2.2047567,0.73491895,0.15200001,0.0,0.12167333,5.340027,5.350027,1785600
hardzero_plus_depr__c0p52__z1p00__lam0p010__nu0p50__psi1p25,hardzero_plus_depr,0.1,34,558,0.0,2,0.28044853,0.28044853,1.0675031,0.0,0.08560456,0.0,0.0,0.00012463528,-27.903522,2.3485537,0.7828512,0.18400002,0.0,0.18707153,5.350027,5.3600273,1788800
hardzero_plus_depr__c0p52__z1p00__lam0p010__nu0p50__psi1p25,hardzero_plus_depr,0.1,34,559,0.0,2,0.28044853,0.28044853,1.0044994,0.0,0.098969325,0.0,0.0,0.000123087,-26.05482,2.2099428,0.7366476,0.099999994,0.0,0.11391115,5.3600273,5.3700275,1792000
hardzero_plus_depr__c0p52__z1p00__lam0p010__nu0p50__psi1p25,hardzero_plus_depr,0.1,34,560,0.0,2,0.28044853,0.28044853,1.0156342,0.0,0.09646412,0.0,0.0,0.00012155793,-27.004667,2.2344398,0.7448133,0.14400001,0.008,0.1606157,5.3700275,5.380028,1795200
hardzero_plus_depr__c0p52__z1p00__lam0p010__nu0p50__psi1p25,hardzero_plus_depr,0.1,34,561,0.0,2,0.28044853,0.28044853,1.0272963,0.0,0.09390823,0.0,0.0,0.00012004789,-27.20136,2.260097,0.7533657,0.14400001,0.0,0.14435029,5.380028,5.390028,1798400
hardzero_plus_depr__c0p52__z1p00__lam0p010__nu0p50__psi1p25,hardzero_plus_depr,0.1,34,562,0.0,2,0.28044853,0.28044853,1.0142,0.0,0.0967832,0.0,0.0,0.0001185566,-27.610298,2.2312844,0.7437615,0.192,0.0,0.14129278,5.390028,5.400028,1801600
hardzero_plus_depr__c0p52__z1p00__lam0p010__nu0p50__psi1p25,hardzero_plus_depr,0.1,34,563,0.0,2,0.28044853,0.28044853,1.01478,0.0,0.09665402,0.0,0.0,0.00011708383,-26.438353,2.2325606,0.7441869,0.216,0.0,0.12937632,5.400028,5.4100285,1804800
hardzero_plus_depr__c0p52__z1p00__lam0p010__nu0p50__psi1p25,hardzero_plus_depr,0.1,34,564,0.0,2,0.28044853,0.28044853,1.0779523,0.0,0.08356948,0.0,0.0,0.00011562936,-28.25761,2.3715422,0.7905141,0.14400001,0.0,0.17479943,5.4100285,5.4200287,1808000
hardzero_plus_depr__c0p52__z1p00__lam0p010__nu0p50__psi1p25,hardzero_plus_depr,0.1,34,565,0.0,2,0.28044853,0.28044853,1.0506784,0.0,0.08898598,0.0,0.0,0.00011419295,-27.960968,2.3115387,0.77051294,0.128,0.008,0.14203452,5.4200287,5.430029,1811200
hardzero_plus_depr__c0p52__z1p00__lam0p010__nu0p50__psi1p25,hardzero_plus_depr,0.1,34,566,0.0,2,0.28044853,0.28044853,1.0397414,0.0,0.091255404,0.0,0.0,0.000112774396,-26.19043,2.2874768,0.7624923,0.096,0.0,0.1405275,5.430029,5.440029,1814400
hardzero_plus_depr__c0p52__z1p00__lam0p010__nu0p50__psi1p25,hardzero_plus_depr,0.1,34,567,0.0,2,0.28044853,0.28044853,1.0022279,0.0,0.09948831,0.0,0.0,0.000111373454,-27.126982,2.2049453,0.7349818,0.17600001,0.0,0.1694152,5.440029,5.4500294,1817600
hardzero_plus_depr__c0p52__z1p00__lam0p010__nu0p50__psi1p25,hardzero_plus_depr,0.1,34,568,0.0,2,0.28044853,0.2804602,0.9739997,0.106169626,0.106169626,1.0,1.1677588e-05,0.00010998992,-26.709435,2.142842,0.7142807,0.2,0.0,0.16530994,5.4500294,5.4600296,1820800
hardzero_plus_depr__c0p52__z1p00__lam0p010__nu0p50__psi1p25,hardzero_plus_depr,0.1,34,569,0.0,2,0.2804602,0.28047255,0.9450371,0.11349137,0.11349137,1.0,1.2327839e-05,0.00010862358,-26.298025,2.0791233,0.6930411,0.208,0.0,0.1338509,5.4600296,5.47003,1824000
hardzero_plus_depr__c0p52__z1p00__lam0p010__nu0p50__psi1p25,hardzero_plus_depr,0.1,34,570,0.0,2,0.28047255,0.28047255,1.0448158,0.0,0.090195365,0.0,0.0,0.000107274194,-27.824177,2.2986405,0.76621354,0.16800001,0.0,0.15710752,5.47003,5.48003,1827200
hardzero_plus_depr__c0p52__z1p00__lam0p010__nu0p50__psi1p25,hardzero_plus_depr,0.1,34,571,0.0,2,0.28047255,0.28047255,1.0331825,0.0,0.092644036,0.0,0.0,0.00010594159,-27.839443,2.273047,0.7576823,0.14400001,0.0,0.13820422,5.48003,5.4900303,1830400
hardzero_plus_depr__c0p52__z1p00__lam0p010__nu0p50__psi1p25,hardzero_plus_depr,0.1,34,572,0.0,2,0.28047255,0.28047255,1.0086522,0.0,0.09802746,0.0,0.0,0.000104625535,-27.58241,2.2190793,0.7396931,0.19,0.0,0.18407023,5.4900303,5.5000305,1833600
hardzero_plus_depr__c0p52__z1p00__lam0p010__nu0p50__psi1p25,hardzero_plus_depr,0.1,34,573,0.0,2,0.28047255,0.2804838,0.961901,0.10916891,0.10916891,1.0,1.1279968e-05,0.00010332583,-26.106382,2.1162245,0.7054082,0.16000001,0.0,0.14673747,5.5000305,5.5100307,1836800
hardzero_plus_depr__c0p52__z1p00__lam0p010__nu0p50__psi1p25,hardzero_plus_depr,0.1,34,574,0.0,2,0.2804838,0.2804838,1.0332395,0.0,0.0926319,0.0,0.0,0.00010204226,-26.349531,2.2731721,0.75772405,0.112,0.0,0.11424525,5.5100307,5.520031,1840000
hardzero_plus_depr__c0p52__z1p00__lam0p010__nu0p50__psi1p25,hardzero_plus_depr,0.1,34,575,0.0,2,0.2804838,0.28049433,0.98185486,0.10426658,0.10426658,1.0,1.0507428e-05,0.00010077465,-26.73033,2.1601238,0.7200413,0.096,0.0,0.1352941,5.520031,5.530031,1843200
hardzero_plus_depr__c0p52__z1p00__lam0p010__nu0p50__psi1p25,hardzero_plus_depr,0.1,34,576,0.0,2,0.28049433,0.28049433,1.0769454,0.0,0.08376345,0.0,0.0,9.9522775e-05,-28.45385,2.3693273,0.7897758,0.15200001,0.0,0.14644128,5.530031,5.5400314,1846400
hardzero_plus_depr__c0p52__z1p00__lam0p010__nu0p50__psi1p25,hardzero_plus_depr,0.1,34,577,0.0,2,0.28049433,0.28049433,1.0722581,0.0,0.0846724,0.0,0.0,9.828645e-05,-27.75048,2.359015,0.7863383,0.120000005,0.0,0.16523293,5.5400314,5.5500317,1849600
hardzero_plus_depr__c0p52__z1p00__lam0p010__nu0p50__psi1p25,hardzero_plus_depr,0.1,34,578,0.0,2,0.28049433,0.28049433,1.0038103,0.0,0.09912648,0.0,0.0,9.706549e-05,-27.181574,2.2084267,0.7361423,0.15200001,0.0,0.16567008,5.5500317,5.560032,1852800
hardzero_plus_depr__c0p52__z1p00__lam0p010__nu0p50__psi1p25,hardzero_plus_depr,0.1,34,579,0.0,2,0.28049433,0.28049433,1.0200863,0.0,0.09548029,0.0,0.0,9.585969e-05,-27.393692,2.2442346,0.7480782,0.216,0.008,0.184695,5.560032,5.570032,1856000
hardzero_plus_depr__c0p52__z1p00__lam0p010__nu0p50__psi1p25,hardzero_plus_depr,0.1,34,580,0.0,2,0.28049433,0.28049433,1.0608482,0.0,0.0869264,0.0,0.0,9.4668874e-05,-27.333368,2.3339126,0.7779709,0.15200001,0.0,0.1641671,5.570032,5.5800323,1859200
hardzero_plus_depr__c0p52__z1p00__lam0p010__nu0p50__psi1p25,hardzero_plus_depr,0.1,34,581,0.0,2,0.28049433,0.28049433,1.0431094,0.0,0.09055043,0.0,0.0,9.3492854e-05,-28.115028,2.2948866,0.7649622,0.136,0.0,0.19930619,5.5800323,5.5900326,1862400
hardzero_plus_depr__c0p52__z1p00__lam0p010__nu0p50__psi1p25,hardzero_plus_depr,0.1,34,582,0.0,2,0.28049433,0.28049433,1.0081567,0.0,0.09813938,0.0,0.0,9.2331444e-05,-27.154291,2.217989,0.7393297,0.136,0.0,0.14149487,5.5900326,5.600033,1865600
hardzero_plus_depr__c0p52__z1p00__lam0p010__nu0p50__psi1p25,hardzero_plus_depr,0.1,34,583,0.0,2,0.28049433,0.28050375,0.9862203,0.10322376,0.10322376,1.0,9.4124025e-06,9.1184455e-05,-26.51042,2.169728,0.7232427,0.192,0.0,0.1340977,5.600033,5.610033,1868800
hardzero_plus_depr__c0p52__z1p00__lam0p010__nu0p50__psi1p25,hardzero_plus_depr,0.1,34,584,0.0,2,0.28050375,0.28050375,1.0120759,0.0,0.09725772,0.0,0.0,9.005172e-05,-27.928873,2.2266114,0.74220383,0.17600001,0.0,0.13320501,5.610033,5.6200333,1872000
hardzero_plus_depr__c0p52__z1p00__lam0p010__nu0p50__psi1p25,hardzero_plus_depr,0.1,34,585,0.0,2,0.28050375,0.28050375,1.0171272,0.0,0.09613307,0.0,0.0,8.8933055e-05,-27.566973,2.2377243,0.74590814,0.19,0.0,0.15743612,5.6200333,5.6300335,1875200
hardzero_plus_depr__c0p52__z1p00__lam0p010__nu0p50__psi1p25,hardzero_plus_depr,0.1,34,586,0.0,2,0.28050375,0.28050375,1.0557176,0.0,0.08795943,0.0,0.0,8.782828e-05,-28.59102,2.3226252,0.7742084,0.14400001,0.008,0.1645329,5.6300335,5.6400337,1878400
hardzero_plus_depr__c0p52__z1p00__lam0p010__nu0p50__psi1p25,hardzero_plus_depr,0.1,34,587,0.0,2,0.28050375,0.28050375,1.0341539,0.0,0.092437044,0.0,0.0,8.673724e-05,-26.651937,2.2751842,0.7583947,0.17600001,0.0,0.16467893,5.6400337,5.650034,1881600
hardzero_plus_depr__c0p52__z1p00__lam0p010__nu0p50__psi1p25,hardzero_plus_depr,0.1,34,588,0.0,2,0.28050375,0.28050375,1.0525125,0.0,0.08861097,0.0,0.0,8.565975e-05,-28.102123,2.3155737,0.7718579,0.112,0.0,0.15449104,5.650034,5.660034,1884800
hardzero_plus_depr__c0p52__z1p00__lam0p010__nu0p50__psi1p25,hardzero_plus_depr,0.1,34,589,0.0,2,0.28050375,0.28050375,1.0247657,0.0,0.09445702,0.0,0.0,8.459564e-05,-27.088276,2.2545297,0.7515099,0.16800001,0.0,0.14855039,5.660034,5.6700344,1888000
hardzero_plus_depr__c0p52__z1p00__lam0p010__nu0p50__psi1p25,hardzero_plus_depr,0.1,34,590,0.0,2,0.28050375,0.28050375,1.0525595,0.0,0.08860138,0.0,0.0,8.354475e-05,-28.26113,2.3156772,0.7718924,0.17600001,0.0,0.18673608,5.6700344,5.6800346,1891200
hardzero_plus_depr__c0p52__z1p00__lam0p010__nu0p50__psi1p25,hardzero_plus_depr,0.1,34,591,0.0,2,0.28050375,0.28050375,1.0458345,0.0,0.08998404,0.0,0.0,8.2506915e-05,-27.040602,2.3008819,0.7669606,0.096,0.0,0.1245836,5.6800346,5.690035,1894400
hardzero_plus_depr__c0p52__z1p00__lam0p010__nu0p50__psi1p25,hardzero_plus_depr,0.1,34,592,0.0,2,0.28050375,0.28050375,1.0120097,0.0,0.09727254,0.0,0.0,8.148198e-05,-26.755161,2.226466,0.7421553,0.104,0.0,0.14063789,5.690035,5.700035,1897600
hardzero_plus_depr__c0p52__z1p00__lam0p010__nu0p50__psi1p25,hardzero_plus_depr,0.1,34,593,0.0,2,0.28050375,0.28050375,1.025347,0.0,0.09433068,0.0,0.0,8.046977e-05,-27.403732,2.2558084,0.75193614,0.208,0.0,0.13837448,5.700035,5.7100353,1900800
hardzero_plus_depr__c0p52__z1p00__lam0p010__nu0p50__psi1p25,hardzero_plus_depr,0.1,34,594,0.0,2,0.28050375,0.28050375,1.002604,0.0,0.09940219,0.0,0.0,7.9470134e-05,-26.950106,2.2057729,0.7352576,0.256,0.0,0.16007017,5.7100353,5.7200356,1904000
hardzero_plus_depr__c0p52__z1p00__lam0p010__nu0p50__psi1p25,hardzero_plus_depr,0.1,34,595,0.0,2,0.28050375,0.28051174,0.9920955,0.10183674,0.10183674,1.0,7.992445e-06,7.8482924e-05,-26.845694,2.1826537,0.7275512,0.128,0.0,0.13791026,5.7200356,5.730036,1907200
hardzero_plus_depr__c0p52__z1p00__lam0p010__nu0p50__psi1p25,hardzero_plus_depr,0.1,34,596,0.0,2,0.28051174,0.28051174,1.0101337,0.0,0.09769362,0.0,0.0,7.750797e-05,-27.566906,2.2223387,0.7407796,0.128,0.0,0.16345437,5.730036,5.740036,1910400
hardzero_plus_depr__c0p52__z1p00__lam0p010__nu0p50__psi1p25,hardzero_plus_depr,0.1,34,597,0.0,2,0.28051174,0.2805195,0.99432415,0.10131549,0.10131549,1.0,7.755207e-06,7.6545126e-05,-26.862118,2.1875567,0.7291856,0.256,0.0,0.14742804,5.740036,5.7500362,1913600
hardzero_plus_depr__c0p52__z1p00__lam0p010__nu0p50__psi1p25,hardzero_plus_depr,0.1,34,598,0.0,2,0.2805195,0.2805195,1.0242351,0.0,0.094572484,0.0,0.0,7.5594246e-05,-26.645071,2.2533622,0.75112075,0.14999999,0.0,0.1374187,5.7500362,5.7600365,1916800
hardzero_plus_depr__c0p52__z1p00__lam0p010__nu0p50__psi1p25,hardzero_plus_depr,0.1,34,599,0.0,2,0.2805195,0.2805195,1.005143,0.0,0.09882275,0.0,0.0,7.465518e-05,-27.195877,2.2113588,0.7371196,0.16800001,0.0,0.17243458,5.7600365,5.7700367,1920000
hardzero_plus_depr__c0p52__z1p00__lam0p010__nu0p50__psi1p25,hardzero_plus_depr,0.1,34,600,0.0,2,0.2805195,0.2805195,1.0508912,0.0,0.08894239,0.0,0.0,7.372777e-05,-27.901003,2.3120067,0.7706689,0.128,0.0,0.14635456,5.7700367,5.780037,1923200
hardzero_plus_depr__c0p52__z1p00__lam0p010__nu0p50__psi1p25,hardzero_plus_depr,0.1,34,601,0.0,2,0.2805195,0.2805195,1.0222087,0.0,0.0950148,0.0,0.0,7.28119e-05,-26.282476,2.248904,0.7496347,0.216,0.0,0.13834807,5.780037,5.790037,1926400
hardzero_plus_depr__c0p52__z1p00__lam0p010__nu0p50__psi1p25,hardzero_plus_depr,0.1,34,602,0.0,2,0.2805195,0.2805195,1.0259109,0.0,0.0942083,0.0,0.0,7.190739e-05,-27.744522,2.2570488,0.7523496,0.192,0.0,0.16057193,5.790037,5.8000374,1929600
hardzero_plus_depr__c0p52__z1p00__lam0p010__nu0p50__psi1p25,hardzero_plus_depr,0.1,34,603,0.0,2,0.2805195,0.28052703,0.97363675,0.10625841,0.10625841,1.0,7.545848e-06,7.1014125e-05,-26.447392,2.1420436,0.71401453,0.24000001,0.0,0.13991766,5.8000374,5.8100376,1932800
hardzero_plus_depr__c0p52__z1p00__lam0p010__nu0p50__psi1p25,hardzero_plus_depr,0.1,34,604,0.0,2,0.28052703,0.28053457,0.96865356,0.107484646,0.107484646,1.0,7.538108e-06,7.013195e-05,-26.724384,2.1310804,0.71036017,0.18400002,0.0,0.15010063,5.8100376,5.820038,1936000
hardzero_plus_depr__c0p52__z1p00__lam0p010__nu0p50__psi1p25,hardzero_plus_depr,0.1,34,605,0.0,2,0.28053457,0.28053457,1.0099896,0.0,0.097726054,0.0,0.0,6.9260735e-05,-27.114166,2.2220216,0.7406739,0.14400001,0.0,0.14534187,5.820038,5.830038,1939200
hardzero_plus_depr__c0p52__z1p00__lam0p010__nu0p50__psi1p25,hardzero_plus_depr,0.1,34,606,0.0,2,0.28053457,0.28053457,1.0177032,0.0,0.09600565,0.0,0.0,6.8400346e-05,-26.932566,2.2389917,0.7463306,0.136,0.0,0.1418934,5.830038,5.8400383,1942400
hardzero_plus_depr__c0p52__z1p00__lam0p010__nu0p50__psi1p25,hardzero_plus_depr,0.1,34,607,0.0,2,0.28053457,0.28053457,1.0442548,0.0,0.09031195,0.0,0.0,6.7550645e-05,-28.174364,2.2974064,0.76580215,0.14400001,0.0,0.16695108,5.8400383,5.8500385,1945600
hardzero_plus_depr__c0p52__z1p00__lam0p010__nu0p50__psi1p25,hardzero_plus_depr,0.1,34,608,0.0,2,0.28053457,0.28054124,0.9992826,0.100165315,0.100165315,1.0,6.6821785e-06,6.67115e-05,-26.67683,2.1984656,0.7328219,0.14400001,0.0,0.14151695,5.8500385,5.8600388,1948800
hardzero_plus_depr__c0p52__z1p00__lam0p010__nu0p50__psi1p25,hardzero_plus_depr,0.1,34,609,0.0,2,0.28054124,0.28054124,1.0388136,0.0,0.09145056,0.0,0.0,6.588278e-05,-27.162981,2.2854354,0.76181185,0.136,0.0,0.15517104,5.8600388,5.870039,1952000
hardzero_plus_depr__c0p52__z1p00__lam0p010__nu0p50__psi1p25,hardzero_plus_depr,0.1,34,610,0.0,2,0.28054124,0.28054124,1.0527971,0.0,0.08855291,0.0,0.0,6.506435e-05,-28.083302,2.3161998,0.7720666,0.096,0.0,0.14126341,5.870039,5.880039,1955200
hardzero_plus_depr__c0p52__z1p00__lam0p010__nu0p50__psi1p25,hardzero_plus_depr,0.1,34,611,0.0,2,0.28054124,0.28054124,1.0635877,0.0,0.08637983,0.0,0.0,6.425609e-05,-27.486929,2.3399396,0.7799799,0.13,0.0,0.15181664,5.880039,5.8900394,1958400
hardzero_plus_depr__c0p52__z1p00__lam0p010__nu0p50__psi1p25,hardzero_plus_depr,0.1,34,612,0.0,2,0.28054124,0.28054807,0.9686373,0.10748867,0.10748867,1.0,6.821002e-06,6.345787e-05,-25.937992,2.1310446,0.71034825,0.17600001,0.0,0.14492963,5.8900394,5.9000397,1961600
hardzero_plus_depr__c0p52__z1p00__lam0p010__nu0p50__psi1p25,hardzero_plus_depr,0.1,34,613,0.0,2,0.28054807,0.28054807,1.0374146,0.0,0.091745645,0.0,0.0,6.266956e-05,-27.040268,2.2823575,0.7607858,0.18400002,0.0,0.16639046,5.9000397,5.91004,1964800
hardzero_plus_depr__c0p52__z1p00__lam0p010__nu0p50__psi1p25,hardzero_plus_depr,0.1,34,614,0.0,2,0.28054807,0.28054807,1.0169631,0.0,0.096169405,0.0,0.0,6.1891056e-05,-26.494917,2.2373636,0.74578786,0.216,0.0,0.15083614,5.91004,5.92004,1968000
hardzero_plus_depr__c0p52__z1p00__lam0p010__nu0p50__psi1p25,hardzero_plus_depr,0.1,34,615,0.0,2,0.28054807,0.28054807,1.050497,0.0,0.08902314,0.0,0.0,6.112221e-05,-28.076017,2.3111396,0.7703799,0.208,0.0,0.15389626,5.92004,5.9300404,1971200
hardzero_plus_depr__c0p52__z1p00__lam0p010__nu0p50__psi1p25,hardzero_plus_depr,0.1,34,616,0.0,2,0.28054807,0.28054807,1.0892751,0.0,0.081418835,0.0,0.0,6.0362923e-05,-29.426228,2.3964531,0.79881775,0.17600001,0.008,0.17892067,5.9300404,5.9400406,1974400
hardzero_plus_depr__c0p52__z1p00__lam0p010__nu0p50__psi1p25,hardzero_plus_depr,0.1,34,617,0.0,2,0.28054807,0.28054807,1.103181,0.0,0.07885313,0.0,0.0,5.9613063e-05,-29.17116,2.4270468,0.80901563,0.096,0.0,0.1761263,5.9400406,5.950041,1977600
hardzero_plus_depr__c0p52__z1p00__lam0p010__nu0p50__psi1p25,hardzero_plus_depr,0.1,34,618,0.0,2,0.28054807,0.28054807,1.0021799,0.0,0.099499315,0.0,0.0,5.887252e-05,-26.92131,2.2048397,0.7349466,0.18400002,0.0,0.13101596,5.950041,5.960041,1980800
hardzero_plus_depr__c0p52__z1p00__lam0p010__nu0p50__psi1p25,hardzero_plus_depr,0.1,34,619,0.0,2,0.28054807,0.28054807,1.0509824,0.0,0.08892374,0.0,0.0,5.8141177e-05,-27.933275,2.3122072,0.77073574,0.16000001,0.0,0.12720017,5.960041,5.9700413,1984000
hardzero_plus_depr__c0p52__z1p00__lam0p010__nu0p50__psi1p25,hardzero_plus_depr,0.1,34,620,0.0,2,0.28054807,0.28054807,1.0094299,0.0,0.097852066,0.0,0.0,5.7418918e-05,-26.295002,2.2207901,0.7402634,0.16800001,0.0,0.16651711,5.9700413,5.9800415,1987200
hardzero_plus_depr__c0p52__z1p00__lam0p010__nu0p50__psi1p25,hardzero_plus_depr,0.1,34,621,0.0,2,0.28054807,0.28055388,0.98858464,0.10266334,0.10266334,1.0,5.82159e-06,5.6705638e-05,-26.765627,2.1749296,0.72497654,0.128,0.0,0.1408842,5.9800415,5.9900417,1990400
hardzero_plus_depr__c0p52__z1p00__lam0p010__nu0p50__psi1p25,hardzero_plus_depr,0.1,34,622,0.0,2,0.28055388,0.28055388,1.034534,0.0,0.09235619,0.0,0.0,5.6001212e-05,-27.580717,2.2760203,0.7586734,0.136,0.0,0.13720864,5.9900417,6.000042,1993600
hardzero_plus_depr__c0p52__z1p00__lam0p010__nu0p50__psi1p25,hardzero_plus_depr,0.1,34,623,0.0,2,0.28055388,0.28055957,0.988298,0.102731116,0.102731116,1.0,5.681599e-06,5.5305532e-05,-25.992723,2.174299,0.7247664,0.16000001,0.0,0.13728335,6.000042,6.010042,1996800
hardzero_plus_depr__c0p52__z1p00__lam0p010__nu0p50__psi1p25,hardzero_plus_depr,0.1,34,624,0.0,2,0.28055957,0.28055957,1.0089362,0.0,0.09796339,0.0,0.0,5.46185e-05,-28.054073,2.219704,0.7399013,0.25,0.0,0.19500656,6.010042,6.0200424,2000000
hardzero_plus_depr__c0p52__z1p00__lam0p010__nu0p50__psi1p25,hardzero_plus_depr,0.1,34,625,0.0,2,0.28055957,0.28055957,1.005137,0.0,0.09882415,0.0,0.0,5.394001e-05,-27.29582,2.2113454,0.73711514,0.17600001,0.0,0.15534556,6.0200424,6.0300426,2003200
hardzero_plus_depr__c0p52__z1p00__lam0p010__nu0p50__psi1p25,hardzero_plus_depr,0.1,34,626,0.0,2,0.28055957,0.28055957,1.0084014,0.0,0.09808411,0.0,0.0,5.326994e-05,-26.788765,2.2185273,0.7395091,0.17600001,0.0,0.17476358,6.0300426,6.040043,2006400
hardzero_plus_depr__c0p52__z1p00__lam0p010__nu0p50__psi1p25,hardzero_plus_depr,0.1,34,627,0.0,2,0.28055957,0.28055957,1.0255543,0.0,0.09428567,0.0,0.0,5.2608197e-05,-27.540707,2.2562644,0.7520882,0.192,0.0,0.15859473,6.040043,6.050043,2009600
hardzero_plus_depr__c0p52__z1p00__lam0p010__nu0p50__psi1p25,hardzero_plus_depr,0.1,34,628,0.0,2,0.28055957,0.28056493,0.98705345,0.10302592,0.10302592,1.0,5.352678e-06,5.195467e-05,-26.60308,2.171561,0.7238537,0.128,0.0,0.1372596,6.050043,6.0600433,2012800
hardzero_plus_depr__c0p52__z1p00__lam0p010__nu0p50__psi1p25,hardzero_plus_depr,0.1,34,629,0.0,2,0.28056493,0.28057012,0.9954603,0.1010508,0.1010508,1.0,5.1848424e-06,5.1309264e-05,-26.157827,2.1900563,0.7300188,0.16000001,0.0,0.15109555,6.0600433,6.0700436,2016000
hardzero_plus_depr__c0p52__z1p00__lam0p010__nu0p50__psi1p25,hardzero_plus_depr,0.1,34,630,0.0,2,0.28057012,0.28057012,1.0293589,0.0,0.09346331,0.0,0.0,5.0671875e-05,-27.677752,2.2646348,0.7548783,0.08800001,0.0,0.14323789,6.0700436,6.080044,2019200
hardzero_plus_depr__c0p52__z1p00__lam0p010__nu0p50__psi1p25,hardzero_plus_depr,0.1,34,631,0.0,2,0.28057012,0.28057012,1.0342648,0.0,0.09241343,0.0,0.0,5.0042407e-05,-27.438793,2.275428,0.758476,0.14400001,0.0,0.15695058,6.080044,6.090044,2022400
hardzero_plus_depr__c0p52__z1p00__lam0p010__nu0p50__psi1p25,hardzero_plus_depr,0.1,34,632,0.0,2,0.28057012,0.28057536,0.9746046,0.106021844,0.106021844,1.0,5.239679e-06,4.942075e-05,-26.841127,2.144173,0.7147243,0.18400002,0.0,0.14568008,6.090044,6.1000443,2025600
hardzero_plus_depr__c0p52__z1p00__lam0p010__nu0p50__psi1p25,hardzero_plus_depr,0.1,34,633,0.0,2,0.28057536,0.28057536,1.0469577,0.0,0.08975161,0.0,0.0,4.8806825e-05,-27.861998,2.303353,0.76778436,0.112,0.0,0.15942642,6.1000443,6.1100445,2028800
hardzero_plus_depr__c0p52__z1p00__lam0p010__nu0p50__psi1p25,hardzero_plus_depr,0.1,34,634,0.0,2,0.28057536,0.28057536,1.0366395,0.0,0.09190954,0.0,0.0,4.8200523e-05,-27.582317,2.2806523,0.7602174,0.192,0.0,0.147687,6.1100445,6.1200447,2032000
hardzero_plus_depr__c0p52__z1p00__lam0p010__nu0p50__psi1p25,hardzero_plus_depr,0.1,34,635,0.0,2,0.28057536,0.28057536,1.0018512,0.0,0.09957466,0.0,0.0,4.7601752e-05,-26.442583,2.2041166,0.73470557,0.14400001,0.0,0.13176174,6.1200447,6.130045,2035200
hardzero_plus_depr__c0p52__z1p00__lam0p010__nu0p50__psi1p25,hardzero_plus_depr,0.1,34,636,0.0,2,0.28057536,0.28058016,0.99208736,0.10183864,0.10183864,1.0,4.787478e-06,4.7010424e-05,-27.095976,2.1826358,0.72754526,0.136,0.0,0.15860662,6.130045,6.140045,2038400
hardzero_plus_depr__c0p52__z1p00__lam0p010__nu0p50__psi1p25,hardzero_plus_depr,0.1,34,637,0.0,2,0.28058016,0.28058532,0.95374185,0.11123927,0.11123927,1.0,5.1644424e-06,4.6426434e-05,-26.602285,2.098274,0.6994247,0.19,0.0,0.17204258,6.140045,6.1500454,2041600
hardzero_plus_depr__c0p52__z1p00__lam0p010__nu0p50__psi1p25,hardzero_plus_depr,0.1,34,638,0.0,2,0.28058532,0.28059003,0.9892109,0.10251539,0.10251539,1.0,4.7003005e-06,4.5849705e-05,-27.051733,2.1763074,0.72543585,0.18400002,0.0,0.16660582,6.1500454,6.1600456,2044800
hardzero_plus_depr__c0p52__z1p00__lam0p010__nu0p50__psi1p25,hardzero_plus_depr,0.1,34,639,0.0,2,0.28059003,0.28059462,0.9927988,0.10167195,0.10167195,1.0,4.60372e-06,4.5280136e-05,-26.896603,2.184201,0.72806704,0.216,0.0,0.14932463,6.1600456,6.170046,2048000
hardzero_plus_depr__c0p52__z1p00__lam0p010__nu0p50__psi1p25,hardzero_plus_depr,0.1,34,640,0.0,2,0.28059462,0.28059462,1.0717101,0.0,0.08477931,0.0,0.0,4.4717643e-05,-28.446915,2.3578093,0.7859365,0.128,0.0,0.16196366,6.170046,6.180046,2051200
hardzero_plus_depr__c0p52__z1p00__lam0p010__nu0p50__psi1p25,hardzero_plus_depr,0.1,34,641,0.0,2,0.28059462,0.2805992,0.9819719,0.10423849,0.10423849,1.0,4.6033947e-06,4.416214e-05,-26.76726,2.1603813,0.7201271,0.2,0.0,0.14694312,6.180046,6.1900463,2054400
hardzero_plus_depr__c0p52__z1p00__lam0p010__nu0p50__psi1p25,hardzero_plus_depr,0.1,34,642,0.0,2,0.2805992,0.28060395,0.962852,0.108930126,0.108930126,1.0,4.7508283e-06,4.3613538e-05,-26.421486,2.1183167,0.7061056,0.216,0.008,0.1613702,6.1900463,6.2000465,2057600
hardzero_plus_depr__c0p52__z1p00__lam0p010__nu0p50__psi1p25,hardzero_plus_depr,0.1,34,643,0.0,2,0.28060395,0.28060833,0.9927767,0.101677135,0.101677135,1.0,4.379412e-06,4.307175e-05,-26.669104,2.1841524,0.7280508,0.2,0.0,0.14081779,6.2000465,6.210047,2060800
hardzero_plus_depr__c0p52__z1p00__lam0p010__nu0p50__psi1p25,hardzero_plus_depr,0.1,34,644,0.0,2,0.28060833,0.28060833,1.0065544,0.0,0.09850214,0.0,0.0,4.2536692e-05,-26.78329,2.214464,0.73815465,0.14400001,0.0,0.14392582,6.210047,6.220047,2064000
hardzero_plus_depr__c0p52__z1p00__lam0p010__nu0p50__psi1p25,hardzero_plus_depr,0.1,34,645,0.0,2,0.28060833,0.28060833,1.0479373,0.0,0.08954941,0.0,0.0,4.200828e-05,-27.969954,2.3055081,0.7685027,0.16800001,0.0,0.16488269,6.220047,6.230047,2067200
hardzero_plus_depr__c0p52__z1p00__lam0p010__nu0p50__psi1p25,hardzero_plus_depr,0.1,34,646,0.0,2,0.28060833,0.28060833,1.010956,0.0,0.097508825,0.0,0.0,4.1486433e-05,-26.904736,2.2241478,0.7413826,0.080000006,0.0,0.145077,6.230047,6.2400475,2070400
hardzero_plus_depr__c0p52__z1p00__lam0p010__nu0p50__psi1p25,hardzero_plus_depr,0.1,34,647,0.0,2,0.28060833,0.28060833,1.0189626,0.0,0.095727645,0.0,0.0,4.0971066e-05,-26.870415,2.2417624,0.74725413,0.16000001,0.0,0.13889237,6.2400475,6.2500477,2073600
hardzero_plus_depr__c0p52__z1p00__lam0p010__nu0p50__psi1p25,hardzero_plus_depr,0.1,34,648,0.0,2,0.28060833,0.28060833,1.0090041,0.0,0.097948074,0.0,0.0,4.0462106e-05,-27.2279,2.2198534,0.73995113,0.112,0.0,0.12835869,6.2500477,6.260048,2076800
hardzero_plus_depr__c0p52__z1p00__lam0p010__nu0p50__psi1p25,hardzero_plus_depr,0.1,34,649,0.0,2,0.28060833,0.28060833,1.0119605,0.0,0.09728358,0.0,0.0,3.9959465e-05,-27.39006,2.2263577,0.74211925,0.16000001,0.0,0.15397279,6.260048,6.270048,2080000
hardzero_plus_depr__c0p52__z1p00__lam0p010__nu0p50__psi1p25,hardzero_plus_depr,0.1,34,650,0.0,2,0.28060833,0.28060833,1.0105494,0.0,0.09760016,0.0,0.0,3.946307e-05,-28.271528,2.223253,0.74108434,0.14,0.0,0.16249703,6.270048,6.2800484,2083200
hardzero_plus_depr__c0p52__z1p00__lam0p010__nu0p50__psi1p25,hardzero_plus_depr,0.1,34,651,0.0,2,0.28060833,0.28061253,0.96846795,0.10753059,0.10753059,1.0,4.1907724e-06,3.897284e-05,-25.951677,2.130672,0.71022403,0.17600001,0.0,0.14676778,6.2800484,6.2900486,2086400
hardzero_plus_depr__c0p52__z1p00__lam0p010__nu0p50__psi1p25,hardzero_plus_depr,0.1,34,652,0.0,2,0.28061253,0.28061253,1.0515773,0.0,0.08880197,0.0,0.0,3.8488703e-05,-27.491257,2.3135164,0.77117217,0.120000005,0.0,0.16712731,6.2900486,6.300049,2089600
hardzero_plus_depr__c0p52__z1p00__lam0p010__nu0p50__psi1p25,hardzero_plus_depr,0.1,34,653,0.0,2,0.28061253,0.28061253,1.024021,0.0,0.094619125,0.0,0.0,3.8010578e-05,-27.19514,2.2528913,0.7509638,0.15200001,0.0,0.14106047,6.300049,6.310049,2092800
hardzero_plus_depr__c0p52__z1p00__lam0p010__nu0p50__psi1p25,hardzero_plus_depr,0.1,34,654,0.0,2,0.28061253,0.28061253,1.0052007,0.0,0.09880963,0.0,0.0,3.7538393e-05,-27.771646,2.2114859,0.737162,0.136,0.0,0.14073767,6.310049,6.3200493,2096000
hardzero_plus_depr__c0p52__z1p00__lam0p010__nu0p50__psi1p25,hardzero_plus_depr,0.1,34,655,0.0,2,0.28061253,0.28061253,1.0418402,0.0,0.090815455,0.0,0.0,3.707207e-05,-27.789785,2.2920942,0.7640314,0.16000001,0.0,0.15642694,6.3200493,6.3300495,2099200
hardzero_plus_depr__c0p52__z1p00__lam0p010__nu0p50__psi1p25,hardzero_plus_depr,0.1,34,656,0.0,2,0.28061253,0.2806162,0.9989226,0.10024838,0.10024838,1.0,3.670248e-06,3.6611542e-05,-26.041008,2.1976736,0.7325579,0.192,0.0,0.17397769,6.3300495,6.3400497,2102400
hardzero_plus_depr__c0p52__z1p00__lam0p010__nu0p50__psi1p25,hardzero_plus_depr,0.1,34,657,0.0,2,0.2806162,0.2806162,1.047531,0.0,0.08963322,0.0,0.0,3.6156736e-05,-27.423342,2.3046143,0.7682048,0.15200001,0.0,0.15725818,6.3400497,6.35005,2105600
hardzero_plus_depr__c0p52__z1p00__lam0p010__nu0p50__psi1p25,hardzero_plus_depr,0.1,34,658,0.0,2,0.2806162,0.2806162,1.0547165,0.0,0.088162415,0.0,0.0,3.570758e-05,-27.542576,2.3204226,0.7734742,0.128,0.0,0.16979887,6.35005,6.36005,2108800
hardzero_plus_depr__c0p52__z1p00__lam0p010__nu0p50__psi1p25,hardzero_plus_depr,0.1,34,659,0.0,2,0.2806162,0.2806162,1.0373743,0.0,0.09175415,0.0,0.0,3.5264e-05,-28.118002,2.282269,0.7607564,0.16000001,0.0,0.14580506,6.36005,6.3700504,2112000
hardzero_plus_depr__c0p52__z1p00__lam0p010__nu0p50__psi1p25,hardzero_plus_depr,0.1,34,660,0.0,2,0.2806162,0.2806162,1.039692,0.0,0.09126577,0.0,0.0,3.482594e-05,-26.774078,2.2873683,0.7624561,0.136,0.0,0.135688,6.3700504,6.3800507,2115200
hardzero_plus_depr__c0p52__z1p00__lam0p010__nu0p50__psi1p25,hardzero_plus_depr,0.1,34,661,0.0,2,0.2806162,0.28061965,0.9973645,0.100608684,0.100608684,1.0,3.460266e-06,3.4393313e-05,-26.975662,2.1942458,0.7314153,0.128,0.0,0.12943254,6.3800507,6.390051,2118400
hardzero_plus_depr__c0p52__z1p00__lam0p010__nu0p50__psi1p25,hardzero_plus_depr,0.1,34,662,0.0,2,0.28061965,0.28061965,1.0072356,0.0,0.09834773,0.0,0.0,3.3966062e-05,-27.251493,2.2159626,0.73865426,0.128,0.0,0.14564884,6.390051,6.400051,2121600
hardzero_plus_depr__c0p52__z1p00__lam0p010__nu0p50__psi1p25,hardzero_plus_depr,0.1,34,663,0.0,2,0.28061965,0.28062332,0.9604776,0.1095273,0.1095273,1.0,3.6739966e-06,3.354412e-05,-26.416904,2.113093,0.7043643,0.25,0.0,0.14496776,6.400051,6.4100513,2124800
hardzero_plus_depr__c0p52__z1p00__lam0p010__nu0p50__psi1p25,hardzero_plus_depr,0.1,34,664,0.0,2,0.28062332,0.28062332,1.043718,0.0,0.09042364,0.0,0.0,3.3127435e-05,-27.745415,2.2962253,0.76540846,0.096,0.0,0.12112895,6.4100513,6.4200516,2128000
hardzero_plus_depr__c0p52__z1p00__lam0p010__nu0p50__psi1p25,hardzero_plus_depr,0.1,34,665,0.0,2,0.28062332,0.28062332,1.0268823,0.0,0.09399781,0.0,0.0,3.2715892e-05,-27.101038,2.2591863,0.7530621,0.16000001,0.0,0.16202901,6.4200516,6.430052,2131200
hardzero_plus_depr__c0p52__z1p00__lam0p010__nu0p50__psi1p25,hardzero_plus_depr,0.1,34,666,0.0,2,0.28062332,0.2806266,0.99319655,0.101578884,0.101578884,1.0,3.2819596e-06,3.230947e-05,-26.755053,2.185076,0.7283587,0.208,0.008,0.15821347,6.430052,6.440052,2134400
hardzero_plus_depr__c0p52__z1p00__lam0p010__nu0p50__psi1p25,hardzero_plus_depr,0.1,34,667,0.0,2,0.2806266,0.2806266,1.0163317,0.0,0.09630932,0.0,0.0,3.1908115e-05,-26.56947,2.2359743,0.7453248,0.104,0.0,0.120353855,6.440052,6.4500523,2137600
hardzero_plus_depr__c0p52__z1p00__lam0p010__nu0p50__psi1p25,hardzero_plus_depr,0.1,34,668,0.0,2,0.2806266,0.28063014,0.9474714,0.11285703,0.11285703,1.0,3.5563232e-06,3.1511758e-05,-26.01432,2.0844786,0.69482625,0.17600001,0.0,0.15332901,6.4500523,6.4600525,2140800
hardzero_plus_depr__c0p52__z1p00__lam0p010__nu0p50__psi1p25,hardzero_plus_depr,0.1,34,669,0.0,2,0.28063014,0.28063342,0.9762862,0.10561213,0.10561213,1.0,3.2866797e-06,3.1120286e-05,-26.428066,2.1478724,0.7159575,0.192,0.008,0.12848923,6.4600525,6.4700527,2144000
hardzero_plus_depr__c0p52__z1p00__lam0p010__nu0p50__psi1p25,hardzero_plus_depr,0.1,34,670,0.0,2,0.28063342,0.28063342,1.0066605,0.0,0.09847807,0.0,0.0,3.0733678e-05,-26.566833,2.2146974,0.7382325,0.136,0.0,0.12746944,6.4700527,6.480053,2147200
hardzero_plus_depr__c0p52__z1p00__lam0p010__nu0p50__psi1p25,hardzero_plus_depr,0.1,34,671,0.0,2,0.28063342,0.28063342,1.0225123,0.0,0.09494841,0.0,0.0,3.0351905e-05,-27.092697,2.249572,0.74985737,0.18400002,0.0,0.14476994,6.480053,6.490053,2150400
hardzero_plus_depr__c0p52__z1p00__lam0p010__nu0p50__psi1p25,hardzero_plus_depr,0.1,34,672,0.0,2,0.28063342,0.28063342,1.0291572,0.0,0.09350673,0.0,0.0,2.9974874e-05,-27.581911,2.264191,0.75473034,0.16800001,0.0,0.16799909,6.490053,6.5000534,2153600
hardzero_plus_depr__c0p52__z1p00__lam0p010__nu0p50__psi1p25,hardzero_plus_depr,0.1,34,673,0.0,2,0.28063342,0.28063342,1.0039353,0.0,0.09909796,0.0,0.0,2.9602495e-05,-27.3069,2.2087018,0.73623395,0.16800001,0.0,0.14553246,6.5000534,6.5100536,2156800
hardzero_plus_depr__c0p52__z1p00__lam0p010__nu0p50__psi1p25,hardzero_plus_depr,0.1,34,674,0.0,2,0.28063342,0.28063646,0.98411846,0.10372455,0.10372455,1.0,3.0323606e-06,2.9234745e-05,-27.018036,2.165104,0.7217013,0.18400002,0.008,0.14281401,6.5100536,6.520054,2160000
hardzero_plus_depr__c0p52__z1p00__lam0p010__nu0p50__psi1p25,hardzero_plus_depr,0.1,34,675,0.0,2,0.28063646,0.28063646,1.0187433,0.0,0.095776,0.0,0.0,2.8871591e-05,-26.810598,2.2412798,0.7470933,0.14400001,0.0,0.14482574,6.520054,6.530054,2163200
hardzero_plus_depr__c0p52__z1p00__lam0p010__nu0p50__psi1p25,hardzero_plus_depr,0.1,34,676,0.0,2,0.28063646,0.28063935,0.9952042,0.10111038,0.10111038,1.0,2.8829552e-06,2.851295e-05,-26.485067,2.189493,0.729831,0.13,0.0,0.12190554,6.530054,6.5400543,2166400
hardzero_plus_depr__c0p52__z1p00__lam0p010__nu0p50__psi1p25,hardzero_plus_depr,0.1,34,677,0.0,2,0.28063935,0.28063935,1.0040557,0.0,0.09907048,0.0,0.0,2.8158733e-05,-26.458868,2.2089667,0.7363223,0.16000001,0.0,0.13827418,6.5400543,6.5500546,2169600
hardzero_plus_depr__c0p52__z1p00__lam0p010__nu0p50__psi1p25,hardzero_plus_depr,0.1,34,678,0.0,2,0.28063935,0.28063935,1.0098583,0.0,0.097755626,0.0,0.0,2.780892e-05,-27.885384,2.2217326,0.7405776,0.18400002,0.0,0.1721242,6.5500546,6.560055,2172800
hardzero_plus_depr__c0p52__z1p00__lam0p010__nu0p50__psi1p25,hardzero_plus_depr,0.1,34,679,0.0,2,0.28063935,0.2806422,0.98433065,0.10367387,0.10367387,1.0,2.847245e-06,2.7463479e-05,-25.923923,2.1655707,0.72185695,0.17600001,0.0,0.13690926,6.560055,6.570055,2176000
hardzero_plus_depr__c0p52__z1p00__lam0p010__nu0p50__psi1p25,hardzero_plus_depr,0.1,34,680,0.0,2,0.2806422,0.2806422,1.0164768,0.0,0.096277155,0.0,0.0,2.7122325e-05,-27.419828,2.2362936,0.7454312,0.104,0.0,0.1555348,6.570055,6.580055,2179200
hardzero_plus_depr__c0p52__z1p00__lam0p010__nu0p50__psi1p25,hardzero_plus_depr,0.1,34,681,0.0,2,0.2806422,0.2806422,1.0152823,0.0,0.09654232,0.0,0.0,2.6785385e-05,-26.940405,2.2336657,0.74455523,0.16000001,0.0,0.14337647,6.580055,6.5900555,2182400
hardzero_plus_depr__c0p52__z1p00__lam0p010__nu0p50__psi1p25,hardzero_plus_depr,0.1,34,682,0.0,2,0.2806422,0.2806422,1.0287921,0.0,0.09358534,0.0,0.0,2.6452632e-05,-27.169285,2.263388,0.75446266,0.14400001,0.0,0.14034058,6.5900555,6.6000557,2185600
hardzero_plus_depr__c0p52__z1p00__lam0p010__nu0p50__psi1p25,hardzero_plus_depr,0.1,34,683,0.0,2,0.2806422,0.2806422,1.0351083,0.0,0.092234135,0.0,0.0,2.6124038e-05,-26.965408,2.277284,0.75909466,0.192,0.0,0.17051876,6.6000557,6.610056,2188800
hardzero_plus_depr__c0p52__z1p00__lam0p010__nu0p50__psi1p25,hardzero_plus_depr,0.1,34,684,0.0,2,0.2806422,0.28064507,0.9552443,0.1108551,0.1108551,1.0,2.860009e-06,2.5799525e-05,-25.525675,2.1015794,0.7005265,0.224,0.0,0.14347118,6.610056,6.620056,2192000
hardzero_plus_depr__c0p52__z1p00__lam0p010__nu0p50__psi1p25,hardzero_plus_depr,0.1,34,685,0.0,2,0.28064507,0.28064507,1.0342484,0.0,0.09241694,0.0,0.0,2.547902e-05,-27.591995,2.2753918,0.758464,0.2,0.0,0.14711456,6.620056,6.6300564,2195200
hardzero_plus_depr__c0p52__z1p00__lam0p010__nu0p50__psi1p25,hardzero_plus_depr,0.1,34,686,0.0,2,0.28064507,0.2806476,0.9971008,0.1006698,0.1006698,1.0,2.5331033e-06,2.5162493e-05,-26.485188,2.1936655,0.73122185,0.16000001,0.0,0.120776355,6.6300564,6.6400566,2198400
hardzero_plus_depr__c0p52__z1p00__lam0p010__nu0p50__psi1p25,hardzero_plus_depr,0.1,34,687,0.0,2,0.2806476,0.28065047,0.93882495,0.11512644,0.11512644,1.0,2.8608833e-06,2.4849925e-05,-25.4825,2.0654562,0.6884854,0.192,0.0,0.1125728,6.6400566,6.650057,2201600
hardzero_plus_depr__c0p52__z1p00__lam0p010__nu0p50__psi1p25,hardzero_plus_depr,0.1,34,688,0.0,2,0.28065047,0.28065047,1.0665009,0.0,0.085802324,0.0,0.0,2.4541241e-05,-27.67877,2.3463488,0.7821163,0.096,0.0,0.14760704,6.650057,6.660057,2204800
hardzero_plus_depr__c0p52__z1p00__lam0p010__nu0p50__psi1p25,hardzero_plus_depr,0.1,34,689,0.0,2,0.28065047,0.28065047,1.0300696,0.0,0.09331048,0.0,0.0,2.4236364e-05,-26.996002,2.2661984,0.75539947,0.12,0.0,0.15247023,6.660057,6.6700573,2208000
hardzero_plus_depr__c0p52__z1p00__lam0p010__nu0p50__psi1p25,hardzero_plus_depr,0.1,34,690,0.0,2,0.28065047,0.28065315,0.95226,0.111619465,0.111619465,1.0,2.6716427e-06,2.3935276e-05,-25.310564,2.0950139,0.698338,0.14400001,0.0,0.1297472,6.6700573,6.6800575,2211200
hardzero_plus_depr__c0p52__z1p00__lam0p010__nu0p50__psi1p25,hardzero_plus_depr,0.1,34,691,0.0,2,0.28065315,0.28065574,0.96150494,0.10926852,0.10926852,1.0,2.582884e-06,2.3637953e-05,-25.006647,2.115353,0.7051177,0.15200001,0.0,0.14188193,6.6800575,6.6900578,2214400
hardzero_plus_depr__c0p52__z1p00__lam0p010__nu0p50__psi1p25,hardzero_plus_depr,0.1,34,692,0.0,2,0.28065574,0.28065574,1.057627,0.0,0.087573566,0.0,0.0,2.3344322e-05,-27.516361,2.3268259,0.77560866,0.080000006,0.0,0.16597296,6.6900578,6.700058,2217600
hardzero_plus_depr__c0p52__z1p00__lam0p010__nu0p50__psi1p25,hardzero_plus_depr,0.1,34,693,0.0,2,0.28065574,0.28065574,1.0280944,0.0,0.09373581,0.0,0.0,2.3054316e-05,-27.642715,2.2618527,0.75395095,0.16000001,0.0,0.1607237,6.700058,6.710058,2220800
hardzero_plus_depr__c0p52__z1p00__lam0p010__nu0p50__psi1p25,hardzero_plus_depr,0.1,34,694,0.0,2,0.28065574,0.28065822,0.96341616,0.10878871,0.10878871,1.0,2.4768917e-06,2.2767912e-05,-25.616228,2.1195579,0.7065193,0.136,0.0,0.14828497,6.710058,6.7200584,2224000
hardzero_plus_depr__c0p52__z1p00__lam0p010__nu0p50__psi1p25,hardzero_plus_depr,0.1,34,695,0.0,2,0.28065822,0.28065822,1.0357357,0.0,0.092101,0.0,0.0,2.248509e-05,-27.227985,2.278664,0.75955474,0.112,0.0,0.14565621,6.7200584,6.7300587,2227200
hardzero_plus_depr__c0p52__z1p00__lam0p010__nu0p50__psi1p25,hardzero_plus_depr,0.1,34,696,0.0,2,0.28065822,0.28065822,1.0473664,0.0,0.08966721,0.0,0.0,2.220578e-05,-28.25598,2.3042521,0.76808405,0.14400001,0.0,0.14637798,6.7300587,6.740059,2230400
hardzero_plus_depr__c0p52__z1p00__lam0p010__nu0p50__psi1p25,hardzero_plus_depr,0.1,34,697,0.0,2,0.28065822,0.28066054,0.9739341,0.106185675,0.106185675,1.0,2.3286432e-06,2.1929918e-05,-26.255854,2.1426978,0.7142326,0.208,0.0,0.12532079,6.740059,6.750059,2233600
hardzero_plus_depr__c0p52__z1p00__lam0p010__nu0p50__psi1p25,hardzero_plus_depr,0.1,34,698,0.0,2,0.28066054,0.28066054,1.0038143,0.0,0.09912556,0.0,0.0,2.1657483e-05,-26.526966,2.2084355,0.7361452,0.16000001,0.0,0.13931356,6.750059,6.7600594,2236800
hardzero_plus_depr__c0p52__z1p00__lam0p010__nu0p50__psi1p25,hardzero_plus_depr,0.1,34,699,0.0,2,0.28066054,0.28066054,1.0233419,0.0,0.094767205,0.0,0.0,2.1388454e-05,-27.874722,2.2513971,0.75046575,0.14400001,0.0,0.13911588,6.7600594,6.7700596,2240000
hardzero_plus_depr__c0p52__z1p00__lam0p010__nu0p50__psi1p25,hardzero_plus_depr,0.1,34,700,0.0,2,0.28066054,0.28066054,1.0462254,0.0,0.08990309,0.0,0.0,2.1122767e-05,-27.656982,2.3017418,0.7672473,0.216,0.0,0.15362167,6.7700596,6.78006,2243200
hardzero_plus_depr__c0p52__z1p00__lam0p010__nu0p50__psi1p25,hardzero_plus_depr,0.1,34,701,0.0,2,0.28066054,0.28066054,1.0470266,0.0,0.08973738,0.0,0.0,2.086036e-05,-28.215105,2.3035045,0.76783484,0.128,0.0,0.16209203,6.78006,6.79006,2246400
hardzero_plus_depr__c0p52__z1p00__lam0p010__nu0p50__psi1p25,hardzero_plus_depr,0.1,34,702,0.0,2,0.28066054,0.28066054,1.0049922,0.0,0.09885707,0.0,0.0,2.0601212e-05,-26.265995,2.2110271,0.73700905,0.21,0.0,0.1342622,6.79006,6.8000603,2249600
hardzero_plus_depr__c0p52__z1p00__lam0p010__nu0p50__psi1p25,hardzero_plus_depr,0.1,34,703,0.0,2,0.28066054,0.28066054,1.0212362,0.0,0.0952278,0.0,0.0,2.0345304e-05,-26.641794,2.2467644,0.7489215,0.16000001,0.0,0.14397901,6.8000603,6.8100605,2252800
hardzero_plus_depr__c0p52__z1p00__lam0p010__nu0p50__psi1p25,hardzero_plus_depr,0.1,34,704,0.0,2,0.28066054,0.2806626,0.99164695,0.10194198,0.10194198,1.0,2.0482769e-06,2.0092575e-05,-27.272615,2.1816669,0.7272223,0.216,0.016,0.16408898,6.8100605,6.8200607,2256000
hardzero_plus_depr__c0p52__z1p00__lam0p010__nu0p50__psi1p25,hardzero_plus_depr,0.1,34,705,0.0,2,0.2806626,0.2806646,0.99711066,0.1006675,0.1006675,1.0,1.9975419e-06,1.9842966e-05,-26.88941,2.1936872,0.73122907,0.18400002,0.0,0.1312188,6.8200607,6.830061,2259200
hardzero_plus_depr__c0p52__z1p00__lam0p010__nu0p50__psi1p25,hardzero_plus_depr,0.1,34,706,0.0,2,0.2806646,0.28066662,0.9883421,0.102720685,0.102720685,1.0,2.0129617e-06,1.9596459e-05,-27.204042,2.174396,0.7247987,0.17600001,0.0,0.14961912,6.830061,6.840061,2262400
hardzero_plus_depr__c0p52__z1p00__lam0p010__nu0p50__psi1p25,hardzero_plus_depr,0.1,34,707,0.0,2,0.28066662,0.28066877,0.957377,0.11031205,0.11031205,1.0,2.1348726e-06,1.935303e-05,-25.755156,2.1062715,0.7020905,0.224,0.0,0.13841096,6.840061,6.8500614,2265600
hardzero_plus_depr__c0p52__z1p00__lam0p010__nu0p50__psi1p25,hardzero_plus_depr,0.1,34,708,0.0,2,0.28066877,0.28066877,1.0223216,0.0,0.09499012,0.0,0.0,1.9112627e-05,-26.594664,2.2491524,0.7497175,0.128,0.0,0.13925266,6.8500614,6.8600616,2268800
hardzero_plus_depr__c0p52__z1p00__lam0p010__nu0p50__psi1p25,hardzero_plus_depr,0.1,34,709,0.0,2,0.28066877,0.28067085,0.9576099,0.110252924,0.110252924,1.0,2.081045e-06,1.8875191e-05,-25.534615,2.1067839,0.7022613,0.15200001,0.0,0.12754203,6.8600616,6.870062,2272000
hardzero_plus_depr__c0p52__z1p00__lam0p010__nu0p50__psi1p25,hardzero_plus_depr,0.1,34,710,0.0,2,0.28067085,0.28067273,0.9968005,0.10073943,0.10073943,1.0,1.877854e-06,1.8640705e-05,-27.169239,2.1930048,0.7310016,0.136,0.0,0.14975713,6.870062,6.880062,2275200
hardzero_plus_depr__c0p52__z1p00__lam0p010__nu0p50__psi1p25,hardzero_plus_depr,0.1,34,711,0.0,2,0.28067273,0.28067473,0.9647906,0.10844495,0.10844495,1.0,1.9963795e-06,1.8409151e-05,-25.668743,2.1225817,0.7075273,0.14400001,0.0,0.11761397,6.880062,6.8900623,2278400
hardzero_plus_depr__c0p52__z1p00__lam0p010__nu0p50__psi1p25,hardzero_plus_depr,0.1,34,712,0.0,2,0.28067473,0.2806766,0.98840874,0.10270491,0.10270491,1.0,1.8672238e-06,1.8180472e-05,-26.385384,2.1745427,0.72484756,0.112,0.0,0.15304238,6.8900623,6.9000626,2281600
hardzero_plus_depr__c0p52__z1p00__lam0p010__nu0p50__psi1p25,hardzero_plus_depr,0.1,34,713,0.0,2,0.2806766,0.2806766,1.0550622,0.0,0.088092275,0.0,0.0,1.7954617e-05,-28.780619,2.3211832,0.7737278,0.104,0.0,0.17548671,6.9000626,6.910063,2284800
hardzero_plus_depr__c0p52__z1p00__lam0p010__nu0p50__psi1p25,hardzero_plus_depr,0.1,34,714,0.0,2,0.2806766,0.2806766,1.0098051,0.0,0.097767584,0.0,0.0,1.7731567e-05,-27.138163,2.2216156,0.74053854,0.17600001,0.0,0.1474459,6.910063,6.920063,2288000
hardzero_plus_depr__c0p52__z1p00__lam0p010__nu0p50__psi1p25,hardzero_plus_depr,0.1,34,715,0.0,2,0.2806766,0.2806784,0.9921516,0.10182358,0.10182358,1.0,1.783064e-06,1.7511307e-05,-27.176521,2.1827772,0.7275924,0.16,0.0,0.1421305,6.920063,6.9300632,2291200
hardzero_plus_depr__c0p52__z1p00__lam0p010__nu0p50__psi1p25,hardzero_plus_depr,0.1,34,716,0.0,2,0.2806784,0.2806803,0.95465696,0.11100512,0.11100512,1.0,1.9196982e-06,1.729378e-05,-26.003048,2.1002872,0.7000958,0.18400002,0.008,0.13115509,6.9300632,6.9400635,2294400
hardzero_plus_depr__c0p52__z1p00__lam0p010__nu0p50__psi1p25,hardzero_plus_depr,0.1,34,717,0.0,2,0.2806803,0.2806803,1.0768933,0.0,0.0837735,0.0,0.0,1.707894e-05,-28.66501,2.3692126,0.7897376,0.208,0.0,0.15391368,6.9400635,6.9500637,2297600
hardzero_plus_depr__c0p52__z1p00__lam0p010__nu0p50__psi1p25,hardzero_plus_depr,0.1,34,718,0.0,2,0.2806803,0.28068206,0.98547775,0.103400394,0.103400394,1.0,1.7440306e-06,1.6866768e-05,-26.048758,2.1680944,0.72269815,0.18400002,0.0,0.15706584,6.9500637,6.960064,2300800
hardzero_plus_depr__c0p52__z1p00__lam0p010__nu0p50__psi1p25,hardzero_plus_depr,0.1,34,719,0.0,2,0.28068206,0.28068206,1.0595443,0.0,0.08718778,0.0,0.0,1.665725e-05,-28.188967,2.331044,0.7770147,0.136,0.0,0.14756422,6.960064,6.970064,2304000
hardzero_plus_depr__c0p52__z1p00__lam0p010__nu0p50__psi1p25,hardzero_plus_depr,0.1,34,720,0.0,2,0.28068206,0.28068206,1.0481323,0.0,0.08950921,0.0,0.0,1.6450334e-05,-27.639233,2.305937,0.7686457,0.14400001,0.0,0.14141583,6.970064,6.9800644,2307200
hardzero_plus_depr__c0p52__z1p00__lam0p010__nu0p50__psi1p25,hardzero_plus_depr,0.1,34,721,0.0,2,0.28068206,0.28068206,1.0329483,0.0,0.092694014,0.0,0.0,1.6245973e-05,-27.327286,2.2725315,0.75751054,0.128,0.0,0.16245233,6.9800644,6.9900646,2310400
hardzero_plus_depr__c0p52__z1p00__lam0p010__nu0p50__psi1p25,hardzero_plus_depr,0.1,34,722,0.0,2,0.28068206,0.28068206,1.008344,0.0,0.098097034,0.0,0.0,1.6044149e-05,-26.932938,2.2184012,0.7394671,0.16000001,0.0,0.1660685,6.9900646,7.000065,2313600
hardzero_plus_depr__c0p52__z1p00__lam0p010__nu0p50__psi1p25,hardzero_plus_depr,0.1,34,723,0.0,2,0.28068206,0.28068206,1.0404823,0.0,0.091099866,0.0,0.0,1.584485e-05,-27.371433,2.2891066,0.76303554,0.128,0.0,0.17072746,7.000065,7.010065,2316800
hardzero_plus_depr__c0p52__z1p00__lam0p010__nu0p50__psi1p25,hardzero_plus_depr,0.1,34,724,0.0,2,0.28068206,0.28068367,0.98451954,0.10362879,0.10362879,1.0,1.6215857e-06,1.5648024e-05,-27.083078,2.1659863,0.7219955,0.18400002,0.0,0.13870825,7.010065,7.0200653,2320000
hardzero_plus_depr__c0p52__z1p00__lam0p010__nu0p50__psi1p25,hardzero_plus_depr,0.1,34,725,0.0,2,0.28068367,0.28068367,1.0087074,0.0,0.098015,0.0,0.0,1.545363e-05,-27.024406,2.2192006,0.7397336,0.15200001,0.0,0.12346703,7.0200653,7.0300655,2323200
hardzero_plus_depr__c0p52__z1p00__lam0p010__nu0p50__psi1p25,hardzero_plus_depr,0.1,34,726,0.0,2,0.28068367,0.28068367,1.0281936,0.0,0.09371442,0.0,0.0,1.5261649e-05,-27.574327,2.2620711,0.75402373,0.14400001,0.0,0.17448872,7.0300655,7.040066,2326400
hardzero_plus_depr__c0p52__z1p00__lam0p010__nu0p50__psi1p25,hardzero_plus_depr,0.1,34,727,0.0,2,0.28068367,0.28068367,1.0030104,0.0,0.09930922,0.0,0.0,1.5072069e-05,-26.421852,2.206667,0.73555565,0.16000001,0.0,0.14430884,7.040066,7.050066,2329600
hardzero_plus_depr__c0p52__z1p00__lam0p010__nu0p50__psi1p25,hardzero_plus_depr,0.1,34,728,0.0,2,0.28068367,0.28068367,1.0483387,0.0,0.08946668,0.0,0.0,1.4884843e-05,-27.277807,2.306391,0.76879704,0.12,0.0,0.15266654,7.050066,7.060066,2332800
hardzero_plus_depr__c0p52__z1p00__lam0p010__nu0p50__psi1p25,hardzero_plus_depr,0.1,34,729,0.0,2,0.28068367,0.28068367,1.0806412,0.0,0.08305368,0.0,0.0,1.469993e-05,-28.478493,2.377458,0.7924861,0.16000001,0.0,0.13737121,7.060066,7.0700665,2336000
hardzero_plus_depr__c0p52__z1p00__lam0p010__nu0p50__psi1p25,hardzero_plus_depr,0.1,34,730,0.0,2,0.28068367,0.28068516,0.98457754,0.103614956,0.103614956,1.0,1.5042108e-06,1.45173135e-05,-26.663233,2.1661139,0.722038,0.208,0.0,0.13395478,7.0700665,7.0800667,2339200
hardzero_plus_depr__c0p52__z1p00__lam0p010__nu0p50__psi1p25,hardzero_plus_depr,0.1,34,731,0.0,2,0.28068516,0.2806867,0.96807337,0.10762833,0.10762833,1.0,1.5430651e-06,1.4336979e-05,-26.074335,2.129804,0.70993465,0.192,0.0,0.12204163,7.0800667,7.090067,2342400
hardzero_plus_depr__c0p52__z1p00__lam0p010__nu0p50__psi1p25,hardzero_plus_depr,0.1,34,732,0.0,2,0.2806867,0.2806883,0.9560675,0.11064518,0.11064518,1.0,1.5666125e-06,1.4158885e-05,-26.063686,2.1033905,0.70113015,0.16000001,0.0,0.13415164,7.090067,7.100067,2345600
hardzero_plus_depr__c0p52__z1p00__lam0p010__nu0p50__psi1p25,hardzero_plus_depr,0.1,34,733,0.0,2,0.2806883,0.2806883,1.0381659,0.0,0.091587044,0.0,0.0,1.3982989e-05,-27.375473,2.2840106,0.7613369,0.16000001,0.0,0.20234379,7.100067,7.1100674,2348800
hardzero_plus_depr__c0p52__z1p00__lam0p010__nu0p50__psi1p25,hardzero_plus_depr,0.1,34,734,0.0,2,0.2806883,0.28068975,0.9739887,0.1061723,0.1061723,1.0,1.466163e-06,1.3809279e-05,-25.98261,2.142818,0.7142727,0.16800001,0.0,0.114886045,7.1100674,7.1200676,2352000
hardzero_plus_depr__c0p52__z1p00__lam0p010__nu0p50__psi1p25,hardzero_plus_depr,0.1,34,735,0.0,2,0.28068975,0.28068975,1.033041,0.0,0.09267424,0.0,0.0,1.3637741e-05,-27.779476,2.2727356,0.75757855,0.16800001,0.0,0.13569163,7.1200676,7.130068,2355200
hardzero_plus_depr__c0p52__z1p00__lam0p010__nu0p50__psi1p25,hardzero_plus_depr,0.1,34,736,0.0,2,0.28068975,0.28068975,1.0229775,0.0,0.09484678,0.0,0.0,1.3468333e-05,-27.730227,2.2505953,0.7501985,0.14400001,0.0,0.14527974,7.130068,7.140068,2358400
hardzero_plus_depr__c0p52__z1p00__lam0p010__nu0p50__psi1p25,hardzero_plus_depr,0.1,34,737,0.0,2,0.28068975,0.2806912,0.96292275,0.10891236,0.10891236,1.0,1.448645e-06,1.3301015e-05,-26.715248,2.1184723,0.70615745,0.2,0.0,0.14112404,7.140068,7.1500683,2361600
hardzero_plus_depr__c0p52__z1p00__lam0p010__nu0p50__psi1p25,hardzero_plus_depr,0.1,34,738,0.0,2,0.2806912,0.2806912,1.0312662,0.0,0.09305372,0.0,0.0,1.3135778e-05,-27.478575,2.268831,0.756277,0.16000001,0.0,0.119164124,7.1500683,7.1600685,2364800
hardzero_plus_depr__c0p52__z1p00__lam0p010__nu0p50__psi1p25,hardzero_plus_depr,0.1,34,739,0.0,2,0.2806912,0.2806912,1.1065662,0.0,0.07824089,0.0,0.0,1.2972606e-05,-28.677757,2.4344943,0.8114981,0.104,0.0,0.18577284,7.1600685,7.1700687,2368000
hardzero_plus_depr__c0p52__z1p00__lam0p010__nu0p50__psi1p25,hardzero_plus_depr,0.1,34,740,0.0,2,0.2806912,0.28069252,0.990851,0.10212898,0.10212898,1.0,1.3084214e-06,1.281146e-05,-27.04049,2.1799157,0.72663856,0.192,0.0,0.16433658,7.1700687,7.180069,2371200
hardzero_plus_depr__c0p52__z1p00__lam0p010__nu0p50__psi1p25,hardzero_plus_depr,0.1,34,741,0.0,2,0.28069252,0.2806938,0.9989809,0.100234926,0.100234926,1.0,1.2682026e-06,1.2652303e-05,-26.670055,2.1978018,0.7326006,0.12,0.0,0.12881023,7.180069,7.190069,2374400
hardzero_plus_depr__c0p52__z1p00__lam0p010__nu0p50__psi1p25,hardzero_plus_depr,0.1,34,742,0.0,2,0.2806938,0.28069505,0.99677753,0.10074476,0.10074476,1.0,1.2588183e-06,1.2495125e-05,-26.638802,2.1929543,0.7309848,0.224,0.0,0.13751994,7.190069,7.2000694,2377600
hardzero_plus_depr__c0p52__z1p00__lam0p010__nu0p50__psi1p25,hardzero_plus_depr,0.1,34,743,0.0,2,0.28069505,0.28069505,1.0021814,0.0,0.09949895,0.0,0.0,1.23399095e-05,-27.002747,2.204843,0.7349477,0.14400001,0.0,0.11714559,7.2000694,7.2100697,2380800
hardzero_plus_depr__c0p52__z1p00__lam0p010__nu0p50__psi1p25,hardzero_plus_depr,0.1,34,744,0.0,2,0.28069505,0.28069505,1.0039278,0.0,0.09909966,0.0,0.0,1.2186624e-05,-27.196373,2.2086854,0.73622847,0.208,0.0,0.14407343,7.2100697,7.22007,2384000
hardzero_plus_depr__c0p52__z1p00__lam0p010__nu0p50__psi1p25,hardzero_plus_depr,0.1,34,745,0.0,2,0.28069505,0.2806964,0.9492175,0.11240418,0.11240418,1.0,1.3528102e-06,1.203523e-05,-25.658375,2.0883203,0.6961068,0.216,0.0,0.13245988,7.22007,7.23007,2387200
hardzero_plus_depr__c0p52__z1p00__lam0p010__nu0p50__psi1p25,hardzero_plus_depr,0.1,34,746,0.0,2,0.2806964,0.2806964,1.0642995,0.0,0.08623836,0.0,0.0,1.1885716e-05,-28.400803,2.3415055,0.78050184,0.136,0.0,0.17564817,7.23007,7.2400703,2390400
hardzero_plus_depr__c0p52__z1p00__lam0p010__nu0p50__psi1p25,hardzero_plus_depr,0.1,34,747,0.0,2,0.2806964,0.2806964,1.0589174,0.0,0.08731374,0.0,0.0,1.1738072e-05,-27.843801,2.3296647,0.77655494,0.16000001,0.0,0.15435347,7.2400703,7.2500706,2393600
hardzero_plus_depr__c0p52__z1p00__lam0p010__nu0p50__psi1p25,hardzero_plus_depr,0.1,34,748,0.0,2,0.2806964,0.2806964,1.0167857,0.0,0.096208684,0.0,0.0,1.1592261e-05,-26.864637,2.2369733,0.7456578,0.128,0.0,0.1397345,7.2500706,7.260071,2396800
hardzero_plus_depr__c0p52__z1p00__lam0p010__nu0p50__psi1p25,hardzero_plus_depr,0.1,34,749,0.0,2,0.2806964,0.2806964,1.0501075,0.0,0.089103036,0.0,0.0,1.1448252e-05,-27.956684,2.3102825,0.77009416,0.112,0.0,0.16466431,7.260071,7.270071,2400000
hardzero_plus_depr__c0p52__z1p00__lam0p010__nu0p50__psi1p25,hardzero_plus_depr,0.1,34,750,0.0,2,0.2806964,0.2806964,1.011932,0.0,0.09728996,0.0,0.0,1.130603e-05,-27.341282,2.226295,0.74209833,0.16000001,0.0,0.1411828,7.270071,7.2800713,2403200
hardzero_plus_depr__c0p52__z1p00__lam0p010__nu0p50__psi1p25,hardzero_plus_depr,0.1,34,751,0.0,2,0.2806964,0.2806964,1.0421298,0.0,0.09075494,0.0,0.0,1.1165586e-05,-27.215923,2.2927313,0.7642438,0.112,0.0,0.13277195,7.2800713,7.2900715,2406400
hardzero_plus_depr__c0p52__z1p00__lam0p010__nu0p50__psi1p25,hardzero_plus_depr,0.1,34,752,0.0,2,0.2806964,0.28069755,0.97702646,0.10543225,0.10543225,1.0,1.1625896e-06,1.10268875e-05,-25.192408,2.149501,0.7165004,0.17600001,0.0,0.10857379,7.2900715,7.3000717,2409600
hardzero_plus_depr__c0p52__z1p00__lam0p010__nu0p50__psi1p25,hardzero_plus_depr,0.1,34,753,0.0,2,0.28069755,0.28069755,1.0163083,0.0,0.09631451,0.0,0.0,1.0889901e-05,-27.214407,2.235923,0.7453077,0.256,0.008,0.14931108,7.3000717,7.310072,2412800
hardzero_plus_depr__c0p52__z1p00__lam0p010__nu0p50__psi1p25,hardzero_plus_depr,0.1,34,754,0.0,2,0.28069755,0.2806987,0.9795452,0.10482256,0.10482256,1.0,1.1273264e-06,1.0754616e-05,-25.76757,2.1550424,0.7183475,0.14,0.0,0.13108155,7.310072,7.320072,2416000
hardzero_plus_depr__c0p52__z1p00__lam0p010__nu0p50__psi1p25,hardzero_plus_depr,0.1,34,755,0.0,2,0.2806987,0.28069976,0.9976775,0.100536205,0.100536205,1.0,1.0677974e-06,1.0621023e-05,-27.168657,2.1949344,0.7316448,0.16000001,0.0,0.14668788,7.320072,7.3300724,2419200
hardzero_plus_depr__c0p52__z1p00__lam0p010__nu0p50__psi1p25,hardzero_plus_depr,0.1,34,756,0.0,2,0.28069976,0.28070092,0.9520542,0.11167239,0.11167239,1.0,1.1713415e-06,1.0489089e-05,-26.127441,2.094561,0.69818705,0.16000001,0.0,0.124109425,7.3300724,7.3400726,2422400
hardzero_plus_depr__c0p52__z1p00__lam0p010__nu0p50__psi1p25,hardzero_plus_depr,0.1,34,757,0.0,2,0.28070092,0.28070092,1.0101795,0.0,0.09768333,0.0,0.0,1.0358783e-05,-26.665071,2.2224393,0.74081314,0.208,0.0,0.14037009,7.3400726,7.350073,2425600
hardzero_plus_depr__c0p52__z1p00__lam0p010__nu0p50__psi1p25,hardzero_plus_depr,0.1,34,758,0.0,2,0.28070092,0.28070092,1.0136673,0.0,0.096901976,0.0,0.0,1.02300955e-05,-26.52992,2.2301128,0.74337095,0.18400002,0.0,0.13880104,7.350073,7.360073,2428800
hardzero_plus_depr__c0p52__z1p00__lam0p010__nu0p50__psi1p25,hardzero_plus_depr,0.1,34,759,0.0,2,0.28070092,0.28070092,1.0310473,0.0,0.09310064,0.0,0.0,1.0103017e-05,-27.941853,2.2683494,0.7561165,0.16800001,0.0,0.15827864,7.360073,7.3700733,2432000
hardzero_plus_depr__c0p52__z1p00__lam0p010__nu0p50__psi1p25,hardzero_plus_depr,0.1,34,760,0.0,2,0.28070092,0.28070092,1.0219246,0.0,0.09507698,0.0,0.0,9.977518e-06,-28.220135,2.248279,0.74942636,0.16800001,0.0,0.14795466,7.3700733,7.3800735,2435200
hardzero_plus_depr__c0p52__z1p00__lam0p010__nu0p50__psi1p25,hardzero_plus_depr,0.1,34,761,0.0,2,0.28070092,0.28070092,1.024429,0.0,0.094530284,0.0,0.0,9.8535675e-06,-27.90236,2.2537887,0.7512629,0.15200001,0.0,0.13544925,7.3800735,7.390074,2438400
hardzero_plus_depr__c0p52__z1p00__lam0p010__nu0p50__psi1p25,hardzero_plus_depr,0.1,34,762,0.0,2,0.28070092,0.28070194,0.98736733,0.1029515,0.1029515,1.0,1.0018372e-06,9.731157e-06,-26.336668,2.1722515,0.72408384,0.2,0.0,0.13113984,7.390074,7.400074,2441600
hardzero_plus_depr__c0p52__z1p00__lam0p010__nu0p50__psi1p25,hardzero_plus_depr,0.1,34,763,0.0,2,0.28070194,0.28070194,1.0120227,0.0,0.09726964,0.0,0.0,9.610277e-06,-27.687256,2.2264946,0.74216485,0.14400001,0.0,0.16207998,7.400074,7.410074,2444800
hardzero_plus_depr__c0p52__z1p00__lam0p010__nu0p50__psi1p25,hardzero_plus_depr,0.1,34,764,0.0,2,0.28070194,0.28070194,1.0007691,0.0,0.09982306,0.0,0.0,9.490897e-06,-26.563993,2.201736,0.733912,0.216,0.0,0.1395004,7.410074,7.4200745,2448000
hardzero_plus_depr__c0p52__z1p00__lam0p010__nu0p50__psi1p25,hardzero_plus_depr,0.1,34,765,0.0,2,0.28070194,0.28070194,1.0274479,0.0,0.09387545,0.0,0.0,9.372993e-06,-27.671263,2.2604306,0.75347686,0.14400001,0.0,0.16901577,7.4200745,7.4300747,2451200
hardzero_plus_depr__c0p52__z1p00__lam0p010__nu0p50__psi1p25,hardzero_plus_depr,0.1,34,766,0.0,2,0.28070194,0.28070194,1.015039,0.0,0.09659643,0.0,0.0,9.256552e-06,-26.881166,2.2331302,0.7443768,0.18400002,0.0,0.14195395,7.4300747,7.440075,2454400
hardzero_plus_depr__c0p52__z1p00__lam0p010__nu0p50__psi1p25,hardzero_plus_depr,0.1,34,767,0.0,2,0.28070194,0.28070194,1.0256145,0.0,0.094272606,0.0,0.0,9.141567e-06,-26.975473,2.256397,0.75213236,0.089999996,0.0,0.16928816,7.440075,7.450075,2457600
hardzero_plus_depr__c0p52__z1p00__lam0p010__nu0p50__psi1p25,hardzero_plus_depr,0.1,34,768,0.0,2,0.28070194,0.2807029,0.97888976,0.10498087,0.10498087,1.0,9.4776846e-07,9.028011e-06,-26.690863,2.1536005,0.71786684,0.18400002,0.0,0.1443516,7.450075,7.4600754,2460800
hardzero_plus_depr__c0p52__z1p00__lam0p010__nu0p50__psi1p25,hardzero_plus_depr,0.1,34,769,0.0,2,0.2807029,0.2807029,1.0069479,0.0,0.098412916,0.0,0.0,8.915856e-06,-27.31763,2.2153296,0.73844326,0.112,0.0,0.15835221,7.4600754,7.4700756,2464000
hardzero_plus_depr__c0p52__z1p00__lam0p010__nu0p50__psi1p25,hardzero_plus_depr,0.1,34,770,0.0,2,0.2807029,0.28070384,0.9646332,0.10848426,0.10848426,1.0,9.552142e-07,8.805095e-06,-26.516983,2.1222355,0.7074119,0.216,0.0,0.15539691,7.4700756,7.480076,2467200
hardzero_plus_depr__c0p52__z1p00__lam0p010__nu0p50__psi1p25,hardzero_plus_depr,0.1,34,771,0.0,2,0.28070384,0.2807047,0.99733126,0.10061639,0.10061639,1.0,8.7493174e-07,8.695718e-06,-27.102255,2.1941726,0.7313909,0.15200001,0.0,0.14222634,7.480076,7.490076,2470400
hardzero_plus_depr__c0p52__z1p00__lam0p010__nu0p50__psi1p25,hardzero_plus_depr,0.1,34,772,0.0,2,0.2807047,0.2807047,1.004601,0.0,0.09894618,0.0,0.0,8.5877e-06,-26.697746,2.2101665,0.7367222,0.15200001,0.0,0.15736325,7.490076,7.5000763,2473600
hardzero_plus_depr__c0p52__z1p00__lam0p010__nu0p50__psi1p25,hardzero_plus_depr,0.1,34,773,0.0,2,0.2807047,0.28070563,0.96219957,0.10909389,0.10909389,1.0,9.2522697e-07,8.481015e-06,-26.314268,2.1168814,0.70562714,0.104,0.0,0.15849811,7.5000763,7.5100765,2476800
hardzero_plus_depr__c0p52__z1p00__lam0p010__nu0p50__psi1p25,hardzero_plus_depr,0.1,34,774,0.0,2,0.28070563,0.2807065,0.9913524,0.10201113,0.10201113,1.0,8.5441013e-07,8.375656e-06,-26.917341,2.1810188,0.7270063,0.136,0.0,0.15814327,7.5100765,7.5200768,2480000
hardzero_plus_depr__c0p52__z1p00__lam0p010__nu0p50__psi1p25,hardzero_plus_depr,0.1,34,775,0.0,2,0.2807065,0.2807065,1.0541445,0.0,0.08827861,0.0,0.0,8.271613e-06,-28.211428,2.3191643,0.7730548,0.136,0.0,0.15252475,7.5200768,7.530077,2483200
hardzero_plus_depr__c0p52__z1p00__lam0p010__nu0p50__psi1p25,hardzero_plus_depr,0.1,34,776,0.0,2,0.2807065,0.28070736,0.9691552,0.10736056,0.10736056,1.0,8.770137e-07,8.168863e-06,-26.110327,2.132184,0.71072805,0.17600001,0.0,0.14659168,7.530077,7.540077,2486400
hardzero_plus_depr__c0p52__z1p00__lam0p010__nu0p50__psi1p25,hardzero_plus_depr,0.1,34,777,0.0,2,0.28070736,0.28070736,1.009853,0.0,0.097756796,0.0,0.0,8.067382e-06,-27.395296,2.221721,0.74057364,0.16000001,0.0,0.14756082,7.540077,7.5500774,2489600
hardzero_plus_depr__c0p52__z1p00__lam0p010__nu0p50__psi1p25,hardzero_plus_depr,0.1,34,778,0.0,2,0.28070736,0.28070736,1.0390246,0.0,0.09140615,0.0,0.0,7.967161e-06,-27.960632,2.2858996,0.7619666,0.136,0.0,0.13859269,7.5500774,7.5600777,2492800
hardzero_plus_depr__c0p52__z1p00__lam0p010__nu0p50__psi1p25,hardzero_plus_depr,0.1,34,779,0.0,2,0.28070736,0.28070736,1.0281707,0.0,0.09371936,0.0,0.0,7.868193e-06,-27.057602,2.2620206,0.75400686,0.208,0.008,0.1766316,7.5600777,7.570078,2496000
hardzero_plus_depr__c0p52__z1p00__lam0p010__nu0p50__psi1p25,hardzero_plus_depr,0.1,34,780,0.0,2,0.28070736,0.28070816,0.9812495,0.104412004,0.104412004,1.0,8.1132873e-07,7.770454e-06,-27.559715,2.158792,0.71959734,0.17999999,0.01,0.13893567,7.570078,7.580078,2499200
hardzero_plus_depr__c0p52__z1p00__lam0p010__nu0p50__psi1p25,hardzero_plus_depr,0.1,34,781,0.0,2,0.28070816,0.28070894,0.98997253,0.10233577,0.10233577,1.0,7.853168e-07,7.6739225e-06,-26.34369,2.177983,0.72599435,0.192,0.0,0.110656604,7.580078,7.5900784,2502400
hardzero_plus_depr__c0p52__z1p00__lam0p010__nu0p50__psi1p25,hardzero_plus_depr,0.1,34,782,0.0,2,0.28070894,0.28070894,1.00719,0.0,0.09835807,0.0,0.0,7.5785897e-06,-26.600677,2.2158623,0.73862076,0.112,0.0,0.12586172,7.5900784,7.6000786,2505600
hardzero_plus_depr__c0p52__z1p00__lam0p010__nu0p50__psi1p25,hardzero_plus_depr,0.1,34,783,0.0,2,0.28070894,0.28070894,1.0073851,0.0,0.098313875,0.0,0.0,7.484448e-06,-26.921555,2.2162917,0.7387639,0.112,0.0,0.14391951,7.6000786,7.610079,2508800
hardzero_plus_depr__c0p52__z1p00__lam0p010__nu0p50__psi1p25,hardzero_plus_depr,0.1,34,784,0.0,2,0.28070894,0.28070968,0.9997829,0.10005,0.10005,1.0,7.395172e-07,7.3914757e-06,-26.29982,2.1995664,0.7331888,0.16800001,0.0,0.11880223,7.610079,7.620079,2512000
hardzero_plus_depr__c0p52__z1p00__lam0p010__nu0p50__psi1p25,hardzero_plus_depr,0.1,34,785,0.0,2,0.28070968,0.28070968,1.039018,0.0,0.09140753,0.0,0.0,7.2996518e-06,-27.281572,2.2858853,0.7619618,0.08800001,0.0,0.12750992,7.620079,7.6300793,2515200
hardzero_plus_depr__c0p52__z1p00__lam0p010__nu0p50__psi1p25,hardzero_plus_depr,0.1,34,786,0.0,2,0.28070968,0.2807105,0.95766073,0.11024001,0.11024001,1.0,7.947168e-07,7.208969e-06,-25.542925,2.1068957,0.7022986,0.16800001,0.0,0.12196285,7.6300793,7.6400795,2518400
hardzero_plus_depr__c0p52__z1p00__lam0p010__nu0p50__psi1p25,hardzero_plus_depr,0.1,34,787,0.0,2,0.2807105,0.2807105,1.0160807,0.0,0.096364975,0.0,0.0,7.119419e-06,-26.7695,2.2354224,0.7451408,0.112,0.0,0.12322655,7.6400795,7.6500797,2521600
hardzero_plus_depr__c0p52__z1p00__lam0p010__nu0p50__psi1p25,hardzero_plus_depr,0.1,34,788,0.0,2,0.2807105,0.2807112,0.98622185,0.1032234,0.1032234,1.0,7.257619e-07,7.030982e-06,-26.38774,2.1697314,0.72324383,0.15200001,0.0,0.13018288,7.6500797,7.66008,2524800
hardzero_plus_depr__c0p52__z1p00__lam0p010__nu0p50__psi1p25,hardzero_plus_depr,0.1,34,789,0.0,2,0.2807112,0.28071192,0.99593896,0.10093949,0.10093949,1.0,7.0088714e-07,6.9436364e-06,-26.644068,2.1911094,0.7303698,0.18400002,0.0,0.13176975,7.66008,7.67008,2528000
hardzero_plus_depr__c0p52__z1p00__lam0p010__nu0p50__psi1p25,hardzero_plus_depr,0.1,34,790,0.0,2,0.28071192,0.28071192,1.0423112,0.0,0.09071702,0.0,0.0,6.8573754e-06,-27.39478,2.2931304,0.7643768,0.128,0.0,0.15191992,7.67008,7.6800804,2531200
hardzero_plus_depr__c0p52__z1p00__lam0p010__nu0p50__psi1p25,hardzero_plus_depr,0.1,34,791,0.0,2,0.28071192,0.28071263,0.9760809,0.10566207,0.10566207,1.0,7.1556394e-07,6.772193e-06,-26.057966,2.147421,0.71580696,0.120000005,0.0,0.12859035,7.6800804,7.6900806,2534400
hardzero_plus_depr__c0p52__z1p00__lam0p010__nu0p50__psi1p25,hardzero_plus_depr,0.1,34,792,0.0,2,0.28071263,0.28071263,1.0734774,0.0,0.084435016,0.0,0.0,6.688069e-06,-28.06423,2.3616974,0.7872325,0.120000005,0.0,0.22394395,7.6900806,7.700081,2537600
hardzero_plus_depr__c0p52__z1p00__lam0p010__nu0p50__psi1p25,hardzero_plus_depr,0.1,34,793,0.0,2,0.28071263,0.28071263,1.0772426,0.0,0.08370615,0.0,0.0,6.6049834e-06,-28.58688,2.369981,0.7899937,0.19999999,0.0,0.18649597,7.700081,7.710081,2540800
hardzero_plus_depr__c0p52__z1p00__lam0p010__nu0p50__psi1p25,hardzero_plus_depr,0.1,34,794,0.0,2,0.28071263,0.28071332,0.9775349,0.1053089,0.1053089,1.0,6.8692253e-07,6.5229297e-06,-26.141577,2.1506197,0.7168733,0.15200001,0.0,0.13300025,7.710081,7.7200813,2544000
hardzero_plus_depr__c0p52__z1p00__lam0p010__nu0p50__psi1p25,hardzero_plus_depr,0.1,34,795,0.0,2,0.28071332,0.28071332,1.0138472,0.0,0.09686185,0.0,0.0,6.4419023e-06,-27.242743,2.2305083,0.7435028,0.208,0.0,0.17150457,7.7200813,7.7300816,2547200
hardzero_plus_depr__c0p52__z1p00__lam0p010__nu0p50__psi1p25,hardzero_plus_depr,0.1,34,796,0.0,2,0.28071332,0.280714,0.97191465,0.10668057,0.10668057,1.0,6.7868905e-07,6.3618804e-06,-25.803942,2.138255,0.7127516,0.17600001,0.0,0.12783298,7.7300816,7.740082,2550400
hardzero_plus_depr__c0p52__z1p00__lam0p010__nu0p50__psi1p25,hardzero_plus_depr,0.1,34,797,0.0,2,0.280714,0.280714,1.0085891,0.0,0.0980417,0.0,0.0,6.2828476e-06,-27.117619,2.2189405,0.73964685,0.208,0.0,0.15787148,7.740082,7.750082,2553600
hardzero_plus_depr__c0p52__z1p00__lam0p010__nu0p50__psi1p25,hardzero_plus_depr,0.1,34,798,0.0,2,0.280714,0.28071466,0.98078376,0.10452404,0.10452404,1.0,6.485503e-07,6.2047957e-06,-27.402906,2.1577673,0.7192558,0.16000001,0.0,0.14121506,7.750082,7.7600822,2556800
hardzero_plus_depr__c0p52__z1p00__lam0p010__nu0p50__psi1p25,hardzero_plus_depr,0.1,34,799,0.0,2,0.28071466,0.28071466,1.0396284,0.0,0.09127914,0.0,0.0,6.12772e-06,-27.331602,2.287228,0.7624094,0.208,0.0,0.15153988,7.7600822,7.7700825,2560000
hardzero_plus_depr__c0p52__z1p00__lam0p010__nu0p50__psi1p25,hardzero_plus_depr,0.1,34,800,0.0,2,0.28071466,0.28071532,0.9573291,0.110324234,0.110324234,1.0,6.6763823e-07,6.051601e-06,-26.495152,2.1061661,0.7020554,0.23200001,0.0,0.16567703,7.7700825,7.7800827,2563200
hardzero_plus_depr__c0p52__z1p00__lam0p010__nu0p50__psi1p25,hardzero_plus_depr,0.1,34,801,0.0,2,0.28071532,0.28071532,1.0307816,0.0,0.09315761,0.0,0.0,5.976422e-06,-27.647537,2.2677648,0.7559216,0.136,0.0,0.14487474,7.7800827,7.790083,2566400
hardzero_plus_depr__c0p52__z1p00__lam0p010__nu0p50__psi1p25,hardzero_plus_depr,0.1,34,802,0.0,2,0.28071532,0.2807159,0.99018925,0.102284715,0.102284715,1.0,6.037026e-07,5.9021777e-06,-27.350143,2.17846,0.7261533,0.15200001,0.0,0.14561321,7.790083,7.800083,2569600
hardzero_plus_depr__c0p52__z1p00__lam0p010__nu0p50__psi1p25,hardzero_plus_depr,0.1,34,803,0.0,2,0.2807159,0.2807159,1.0232846,0.0,0.09477973,0.0,0.0,5.8288606e-06,-27.448957,2.251271,0.75042367,0.16000001,0.0,0.14344485,7.800083,7.8100834,2572800
hardzero_plus_depr__c0p52__z1p00__lam0p010__nu0p50__psi1p25,hardzero_plus_depr,0.1,34,804,0.0,2,0.2807159,0.28071648,0.9995042,0.10011422,0.10011422,1.0,5.7630297e-07,5.756455e-06,-26.882534,2.1989532,0.7329844,0.18400002,0.0,0.15006997,7.8100834,7.8200836,2576000
hardzero_plus_depr__c0p52__z1p00__lam0p010__nu0p50__psi1p25,hardzero_plus_depr,0.1,34,805,0.0,2,0.28071648,0.28071648,1.050769,0.0,0.08896742,0.0,0.0,5.684942e-06,-27.423294,2.3117378,0.7705793,0.16800001,0.0,0.17120081,7.8200836,7.830084,2579200
hardzero_plus_depr__c0p52__z1p00__lam0p010__nu0p50__psi1p25,hardzero_plus_depr,0.1,34,806,0.0,2,0.28071648,0.28071648,1.0405872,0.0,0.09107785,0.0,0.0,5.614318e-06,-27.843533,2.2893376,0.76311255,0.17,0.0,0.13681431,7.830084,7.840084,2582400
hardzero_plus_depr__c0p52__z1p00__lam0p010__nu0p50__psi1p25,hardzero_plus_depr,0.1,34,807,0.0,2,0.28071648,0.28071648,1.0173895,0.0,0.096075006,0.0,0.0,5.5445776e-06,-26.764206,2.2383018,0.7461006,0.136,0.0,0.1298142,7.840084,7.8500843,2585600
hardzero_plus_depr__c0p52__z1p00__lam0p010__nu0p50__psi1p25,hardzero_plus_depr,0.1,34,808,0.0,2,0.28071648,0.28071707,0.96554303,0.10825726,0.10825726,1.0,5.9278455e-07,5.475703e-06,-26.479975,2.124237,0.70807904,0.136,0.0,0.13567705,7.8500843,7.8600845,2588800
hardzero_plus_depr__c0p52__z1p00__lam0p010__nu0p50__psi1p25,hardzero_plus_depr,0.1,34,809,0.0,2,0.28071707,0.2807176,0.99761933,0.100549676,0.100549676,1.0,5.4374027e-07,5.407678e-06,-26.510387,2.1948063,0.73160213,0.16000001,0.0,0.16239294,7.8600845,7.870085,2592000
hardzero_plus_depr__c0p52__z1p00__lam0p010__nu0p50__psi1p25,hardzero_plus_depr,0.1,34,810,0.0,2,0.2807176,0.2807176,1.0225112,0.0,0.094948635,0.0,0.0,5.340499e-06,-27.239462,2.2495697,0.7498566,0.16000001,0.0,0.13571857,7.870085,7.880085,2595200
hardzero_plus_depr__c0p52__z1p00__lam0p010__nu0p50__psi1p25,hardzero_plus_depr,0.1,34,811,0.0,2,0.2807176,0.28071815,0.98200905,0.10422957,0.10422957,1.0,5.497234e-07,5.2741593e-06,-26.77197,2.160463,0.7201544,0.216,0.0,0.1541851,7.880085,7.890085,2598400
hardzero_plus_depr__c0p52__z1p00__lam0p010__nu0p50__psi1p25,hardzero_plus_depr,0.1,34,812,0.0,2,0.28071815,0.28071815,1.021781,0.0,0.09510843,0.0,0.0,5.2086434e-06,-27.460514,2.247963,0.749321,0.128,0.0,0.1460228,7.890085,7.9000854,2601600
hardzero_plus_depr__c0p52__z1p00__lam0p010__nu0p50__psi1p25,hardzero_plus_depr,0.1,34,813,0.0,2,0.28071815,0.28071868,0.9822865,0.10416299,0.10416299,1.0,5.358078e-07,5.1439365e-06,-27.081373,2.1610734,0.72035784,0.216,0.0,0.15218727,7.9000854,7.9100857,2604800
hardzero_plus_depr__c0p52__z1p00__lam0p010__nu0p50__psi1p25,hardzero_plus_depr,0.1,34,814,0.0,2,0.28071868,0.28071868,1.025497,0.0,0.094298124,0.0,0.0,5.0800336e-06,-27.03653,2.2561383,0.7520461,0.15200001,0.0,0.14591052,7.9100857,7.920086,2608000
hardzero_plus_depr__c0p52__z1p00__lam0p010__nu0p50__psi1p25,hardzero_plus_depr,0.1,34,815,0.0,2,0.28071868,0.28071922,0.97532797,0.10584541,0.10584541,1.0,5.3101894e-07,5.0169297e-06,-26.826107,2.1457644,0.7152548,0.16000001,0.008,0.17117855,7.920086,7.930086,2611200
hardzero_plus_depr__c0p52__z1p00__lam0p010__nu0p50__psi1p25,hardzero_plus_depr,0.1,34,816,0.0,2,0.28071922,0.28071922,1.0190758,0.0,0.0957027,0.0,0.0,4.9546097e-06,-26.955572,2.2420113,0.7473371,0.112,0.0,0.15539253,7.930086,7.9400864,2614400
hardzero_plus_depr__c0p52__z1p00__lam0p010__nu0p50__psi1p25,hardzero_plus_depr,0.1,34,817,0.0,2,0.28071922,0.28071922,1.0055175,0.0,0.0987376,0.0,0.0,4.8930588e-06,-25.662558,2.2121825,0.7373942,0.192,0.0,0.13343254,7.9400864,7.9500866,2617600
hardzero_plus_depr__c0p52__z1p00__lam0p010__nu0p50__psi1p25,hardzero_plus_depr,0.1,34,818,0.0,2,0.28071922,0.2807197,0.9987937,0.10027814,0.10027814,1.0,4.845713e-07,4.832272e-06,-27.162064,2.19739,0.73246336,0.120000005,0.0,0.16128917,7.9500866,7.960087,2620800
hardzero_plus_depr__c0p52__z1p00__lam0p010__nu0p50__psi1p25,hardzero_plus_depr,0.1,34,819,0.0,2,0.2807197,0.28072023,0.9556653,0.11074769,0.11074769,1.0,5.2851516e-07,4.7722456e-06,-26.302544,2.1025057,0.7008352,0.07,0.0,0.14967588,7.960087,7.970087,2624000
hardzero_plus_depr__c0p52__z1p00__lam0p010__nu0p50__psi1p25,hardzero_plus_depr,0.1,34,820,0.0,2,0.28072023,0.28072023,1.0126159,0.0,0.09713687,0.0,0.0,4.7129647e-06,-27.422472,2.2277994,0.74259984,0.136,0.0,0.13780846,7.970087,7.9800873,2627200
hardzero_plus_depr__c0p52__z1p00__lam0p010__nu0p50__psi1p25,hardzero_plus_depr,0.1,34,821,0.0,2,0.28072023,0.28072023,1.017901,0.0,0.09596194,0.0,0.0,4.654416e-06,-26.482075,2.2394269,0.74647564,0.112,0.0,0.12902349,7.9800873,7.9900875,2630400
hardzero_plus_depr__c0p52__z1p00__lam0p010__nu0p50__psi1p25,hardzero_plus_depr,0.1,34,822,0.0,2,0.28072023,0.28072023,1.0127318,0.0,0.09711096,0.0,0.0,4.5965944e-06,-26.914988,2.2280545,0.74268484,0.2,0.0,0.14823014,7.9900875,8.000088,2633600
hardzero_plus_depr__c0p52__z1p00__lam0p010__nu0p50__psi1p25,hardzero_plus_depr,0.1,34,823,0.0,2,0.28072023,0.28072023,1.0811702,0.0,0.08295256,0.0,0.0,4.539495e-06,-27.915297,2.378622,0.79287404,0.14400001,0.0,0.15649576,8.000088,8.010088,2636800
hardzero_plus_depr__c0p52__z1p00__lam0p010__nu0p50__psi1p25,hardzero_plus_depr,0.1,34,824,0.0,2,0.28072023,0.28072023,1.0356679,0.0,0.09211537,0.0,0.0,4.483106e-06,-27.148975,2.2785149,0.759505,0.112,0.0,0.15341388,8.010088,8.020088,2640000
hardzero_plus_depr__c0p52__z1p00__lam0p010__nu0p50__psi1p25,hardzero_plus_depr,0.1,34,825,0.0,2,0.28072023,0.2807207,0.9760755,0.10566338,0.10566338,1.0,4.6781537e-07,4.4274125e-06,-26.24541,2.147409,0.715803,0.2,0.0,0.1527761,8.020088,8.030088,2643200
hardzero_plus_depr__c0p52__z1p00__lam0p010__nu0p50__psi1p25,hardzero_plus_depr,0.1,34,826,0.0,2,0.2807207,0.2807212,0.95723474,0.1103482,0.1103482,1.0,4.824877e-07,4.372411e-06,-26.110659,2.1059585,0.7019862,0.2,0.0,0.14329709,8.030088,8.040089,2646400
hardzero_plus_depr__c0p52__z1p00__lam0p010__nu0p50__psi1p25,hardzero_plus_depr,0.1,34,827,0.0,2,0.2807212,0.2807217,0.9374231,0.115498625,0.115498625,1.0,4.987342e-07,4.3180967e-06,-26.105844,2.062372,0.6874573,0.23200001,0.0,0.121590875,8.040089,8.050089,2649600
hardzero_plus_depr__c0p52__z1p00__lam0p010__nu0p50__psi1p25,hardzero_plus_depr,0.1,34,828,0.0,2,0.2807217,0.2807217,1.0307869,0.0,0.09315648,0.0,0.0,4.2644565e-06,-27.140583,2.2677765,0.75592554,0.128,0.0,0.16225374,8.050089,8.060089,2652800
hardzero_plus_depr__c0p52__z1p00__lam0p010__nu0p50__psi1p25,hardzero_plus_depr,0.1,34,829,0.0,2,0.2807217,0.2807221,0.9988173,0.10027269,0.10027269,1.0,4.2229647e-07,4.2114802e-06,-27.182615,2.197442,0.7324807,0.17600001,0.0,0.1312859,8.060089,8.070089,2656000
hardzero_plus_depr__c0p52__z1p00__lam0p010__nu0p50__psi1p25,hardzero_plus_depr,0.1,34,830,0.0,2,0.2807221,0.2807221,1.0014552,0.0,0.09966548,0.0,0.0,4.1591607e-06,-27.051165,2.2032454,0.7344152,0.120000005,0.0,0.15540111,8.070089,8.08009,2659200
hardzero_plus_depr__c0p52__z1p00__lam0p010__nu0p50__psi1p25,hardzero_plus_depr,0.1,34,831,0.0,2,0.2807221,0.28072256,0.9687226,0.10746756,0.10746756,1.0,4.4142257e-07,4.107496e-06,-26.625204,2.1312323,0.7104108,0.2,0.0,0.1463631,8.08009,8.09009,2662400
hardzero_plus_depr__c0p52__z1p00__lam0p010__nu0p50__psi1p25,hardzero_plus_depr,0.1,34,832,0.0,2,0.28072256,0.28072256,1.1012055,0.0,0.07921265,0.0,0.0,4.056472e-06,-28.089785,2.4227004,0.8075668,0.12,0.0,0.17455325,8.09009,8.10009,2665600
hardzero_plus_depr__c0p52__z1p00__lam0p010__nu0p50__psi1p25,hardzero_plus_depr,0.1,34,833,0.0,2,0.28072256,0.28072256,1.0172029,0.0,0.09611631,0.0,0.0,4.006079e-06,-26.81074,2.237891,0.7459637,0.192,0.0,0.16129439,8.10009,8.11009,2668800
hardzero_plus_depr__c0p52__z1p00__lam0p010__nu0p50__psi1p25,hardzero_plus_depr,0.1,34,834,0.0,2,0.28072256,0.28072256,1.0031307,0.0,0.09928173,0.0,0.0,3.9563115e-06,-26.388346,2.2069316,0.73564386,0.2,0.0,0.13037324,8.11009,8.1200905,2672000
hardzero_plus_depr__c0p52__z1p00__lam0p010__nu0p50__psi1p25,hardzero_plus_depr,0.1,34,835,0.0,2,0.28072256,0.28072256,1.0476928,0.0,0.08959983,0.0,0.0,3.9071665e-06,-27.402884,2.30497,0.76832336,0.15200001,0.0,0.16377127,8.1200905,8.130091,2675200
hardzero_plus_depr__c0p52__z1p00__lam0p010__nu0p50__psi1p25,hardzero_plus_depr,0.1,34,836,0.0,2,0.28072256,0.28072256,1.0272151,0.0,0.09392578,0.0,0.0,3.8586313e-06,-27.61553,2.2599185,0.75330615,0.112,0.0,0.1204803,8.130091,8.140091,2678400
hardzero_plus_depr__c0p52__z1p00__lam0p010__nu0p50__psi1p25,hardzero_plus_depr,0.1,34,837,0.0,2,0.28072256,0.28072256,1.0449381,0.0,0.09016997,0.0,0.0,3.810696e-06,-27.48732,2.2989097,0.76630324,0.136,0.0,0.13118409,8.140091,8.150091,2681600
hardzero_plus_depr__c0p52__z1p00__lam0p010__nu0p50__psi1p25,hardzero_plus_depr,0.1,34,838,0.0,2,0.28072256,0.28072256,1.0480123,0.0,0.08953395,0.0,0.0,3.7633556e-06,-27.978516,2.305673,0.76855767,0.128,0.0,0.15141684,8.150091,8.160091,2684800
hardzero_plus_depr__c0p52__z1p00__lam0p010__nu0p50__psi1p25,hardzero_plus_depr,0.1,34,839,0.0,2,0.28072256,0.28072256,1.0364684,0.0,0.091945745,0.0,0.0,3.7166071e-06,-28.027744,2.280276,0.760092,0.192,0.0,0.14471626,8.160091,8.170092,2688000
hardzero_plus_depr__c0p52__z1p00__lam0p010__nu0p50__psi1p25,hardzero_plus_depr,0.1,34,840,0.0,2,0.28072256,0.28072256,1.0222551,0.0,0.095004655,0.0,0.0,3.6704394e-06,-27.36529,2.249006,0.7496687,0.15200001,0.0,0.12987442,8.170092,8.180092,2691200
hardzero_plus_depr__c0p52__z1p00__lam0p010__nu0p50__psi1p25,hardzero_plus_depr,0.1,34,841,0.0,2,0.28072256,0.28072256,1.0140551,0.0,0.09681549,0.0,0.0,3.624842e-06,-27.655506,2.2309659,0.7436553,0.14400001,0.0,0.14161304,8.180092,8.190092,2694400
hardzero_plus_depr__c0p52__z1p00__lam0p010__nu0p50__psi1p25,hardzero_plus_depr,0.1,34,842,0.0,2,0.28072256,0.28072256,1.0207567,0.0,0.095333,0.0,0.0,3.5798105e-06,-26.795557,2.2457097,0.7485699,0.120000005,0.0,0.11965073,8.190092,8.200092,2697600
hardzero_plus_depr__c0p52__z1p00__lam0p010__nu0p50__psi1p25,hardzero_plus_depr,0.1,34,843,0.0,2,0.28072256,0.28072256,1.0473084,0.0,0.08967916,0.0,0.0,3.5353423e-06,-27.42404,2.3041246,0.76804155,0.112,0.0,0.14769208,8.200092,8.210093,2700800
hardzero_plus_depr__c0p52__z1p00__lam0p010__nu0p50__psi1p25,hardzero_plus_depr,0.1,34,844,0.0,2,0.28072256,0.28072256,1.0370376,0.0,0.0918253,0.0,0.0,3.4914262e-06,-26.808296,2.2815282,0.76050943,0.136,0.0,0.12878366,8.210093,8.220093,2704000
hardzero_plus_depr__c0p52__z1p00__lam0p010__nu0p50__psi1p25,hardzero_plus_depr,0.1,34,845,0.0,2,0.28072256,0.28072292,0.96716154,0.10785454,0.10785454,1.0,3.718881e-07,3.4480524e-06,-26.31623,2.1277978,0.70926595,0.17999999,0.0,0.12916866,8.220093,8.230093,2707200
hardzero_plus_depr__c0p52__z1p00__lam0p010__nu0p50__psi1p25,hardzero_plus_depr,0.1,34,846,0.0,2,0.28072292,0.28072292,1.022934,0.0,0.09485628,0.0,0.0,3.4052173e-06,-26.852875,2.2504997,0.7501666,0.136,0.0,0.14292473,8.230093,8.240093,2710400
hardzero_plus_depr__c0p52__z1p00__lam0p010__nu0p50__psi1p25,hardzero_plus_depr,0.1,34,847,0.0,2,0.28072292,0.28072292,1.0447336,0.0,0.09021242,0.0,0.0,3.3629178e-06,-27.839298,2.29846,0.76615334,0.15200001,0.0,0.14931358,8.240093,8.250093,2713600
hardzero_plus_depr__c0p52__z1p00__lam0p010__nu0p50__psi1p25,hardzero_plus_depr,0.1,34,848,0.0,2,0.28072292,0.28072292,1.0465978,0.0,0.089826025,0.0,0.0,3.3211434e-06,-27.895588,2.3025613,0.7675204,0.136,0.0,0.1396608,8.250093,8.260094,2716800
hardzero_plus_depr__c0p52__z1p00__lam0p010__nu0p50__psi1p25,hardzero_plus_depr,0.1,34,849,0.0,2,0.28072292,0.28072292,1.0616685,0.0,0.086762376,0.0,0.0,3.2798853e-06,-27.771431,2.3357174,0.7785725,0.136,0.0,0.15425976,8.260094,8.270094,2720000
hardzero_plus_depr__c0p52__z1p00__lam0p010__nu0p50__psi1p25,hardzero_plus_depr,0.1,34,850,0.0,2,0.28072292,0.28072324,0.98075396,0.10453121,0.10453121,1.0,3.3859115e-07,3.2391392e-06,-26.033611,2.1577017,0.71923393,0.18400002,0.0,0.13965549,8.270094,8.280094,2723200
hardzero_plus_depr__c0p52__z1p00__lam0p010__nu0p50__psi1p25,hardzero_plus_depr,0.1,34,851,0.0,2,0.28072324,0.28072324,1.0006157,0.0,0.099858336,0.0,0.0,3.1989025e-06,-27.161402,2.2013986,0.7337996,0.16800001,0.0,0.14447235,8.280094,8.290094,2726400
hardzero_plus_depr__c0p52__z1p00__lam0p010__nu0p50__psi1p25,hardzero_plus_depr,0.1,34,852,0.0,2,0.28072324,0.28072324,1.01177,0.0,0.09732625,0.0,0.0,3.1591655e-06,-26.895136,2.2259386,0.74197954,0.16000001,0.0,0.14148173,8.290094,8.300095,2729600
hardzero_plus_depr__c0p52__z1p00__lam0p010__nu0p50__psi1p25,hardzero_plus_depr,0.1,34,853,0.0,2,0.28072324,0.28072324,1.0656606,0.0,0.0859685,0.0,0.0,3.1199197e-06,-28.146545,2.3445,0.78150004,0.096,0.0,0.18380082,8.300095,8.310095,2732800
hardzero_plus_depr__c0p52__z1p00__lam0p010__nu0p50__psi1p25,hardzero_plus_depr,0.1,34,854,0.0,2,0.28072324,0.28072357,0.9931925,0.10157984,0.10157984,1.0,3.1298384e-07,3.0811611e-06,-26.626646,2.1850672,0.72835577,0.192,0.0,0.146789,8.310095,8.320095,2736000
hardzero_plus_depr__c0p52__z1p00__lam0p010__nu0p50__psi1p25,hardzero_plus_depr,0.1,34,855,0.0,2,0.28072357,0.2807239,0.9747732,0.10598071,0.10598071,1.0,3.224873e-07,3.0428869e-06,-25.555399,2.144544,0.714848,0.192,0.0,0.119892366,8.320095,8.330095,2739200
hardzero_plus_depr__c0p52__z1p00__lam0p010__nu0p50__psi1p25,hardzero_plus_depr,0.1,34,856,0.0,2,0.2807239,0.2807239,1.0353389,0.0,0.09218518,0.0,0.0,3.005088e-06,-27.171368,2.277791,0.7592637,0.16000001,0.0,0.13822398,8.330095,8.3400955,2742400
hardzero_plus_depr__c0p52__z1p00__lam0p010__nu0p50__psi1p25,hardzero_plus_depr,0.1,34,857,0.0,2,0.2807239,0.2807239,1.0242621,0.0,0.09456663,0.0,0.0,2.9677558e-06,-27.595701,2.2534215,0.75114053,0.14400001,0.0,0.15127215,8.3400955,8.350096,2745600
hardzero_plus_depr__c0p52__z1p00__lam0p010__nu0p50__psi1p25,hardzero_plus_depr,0.1,34,858,0.0,2,0.2807239,0.2807239,1.0467056,0.0,0.089803725,0.0,0.0,2.9308876e-06,-27.176317,2.3027983,0.76759946,0.099999994,0.0,0.14833336,8.350096,8.360096,2748800
hardzero_plus_depr__c0p52__z1p00__lam0p010__nu0p50__psi1p25,hardzero_plus_depr,0.1,34,859,0.0,2,0.2807239,0.2807242,0.99728036,0.10062819,0.10062819,1.0,2.912663e-07,2.8944803e-06,-26.516861,2.1940606,0.7313535,0.208,0.0,0.17758442,8.360096,8.370096,2752000
hardzero_plus_depr__c0p52__z1p00__lam0p010__nu0p50__psi1p25,hardzero_plus_depr,0.1,34,860,0.0,2,0.2807242,0.2807242,1.0238619,0.0,0.09465381,0.0,0.0,2.858525e-06,-28.002337,2.252541,0.75084704,0.16000001,0.0,0.15144616,8.370096,8.380096,2755200
hardzero_plus_depr__c0p52__z1p00__lam0p010__nu0p50__psi1p25,hardzero_plus_depr,0.1,34,861,0.0,2,0.2807242,0.2807242,1.0280598,0.0,0.09374327,0.0,0.0,2.8230136e-06,-28.050917,2.2617767,0.75392556,0.112,0.0,0.13893905,8.380096,8.390097,2758400
hardzero_plus_depr__c0p52__z1p00__lam0p010__nu0p50__psi1p25,hardzero_plus_depr,0.1,34,862,0.0,2,0.2807242,0.2807245,0.992296,0.10178973,0.10178973,1.0,2.83784e-07,2.7879435e-06,-25.89364,2.1830947,0.72769827,0.104,0.0,0.1164197,8.390097,8.400097,2761600
hardzero_plus_depr__c0p52__z1p00__lam0p010__nu0p50__psi1p25,hardzero_plus_depr,0.1,34,863,0.0,2,0.2807245,0.2807245,1.0240707,0.0,0.0946083,0.0,0.0,2.7533115e-06,-27.77919,2.2530005,0.75100017,0.216,0.0,0.16930258,8.400097,8.410097,2764800
hardzero_plus_depr__c0p52__z1p00__lam0p010__nu0p50__psi1p25,hardzero_plus_depr,0.1,34,864,0.0,2,0.2807245,0.2807245,1.0426224,0.0,0.09065202,0.0,0.0,2.71911e-06,-28.140432,2.2938151,0.76460505,0.096,0.0,0.16929096,8.410097,8.420097,2768000
hardzero_plus_depr__c0p52__z1p00__lam0p010__nu0p50__psi1p25,hardzero_plus_depr,0.1,34,865,0.0,2,0.2807245,0.2807245,1.031389,0.0,0.09302742,0.0,0.0,2.6853304e-06,-28.226997,2.2691011,0.7563671,0.16800001,0.0,0.16211419,8.420097,8.430098,2771200
hardzero_plus_depr__c0p52__z1p00__lam0p010__nu0p50__psi1p25,hardzero_plus_depr,0.1,34,866,0.0,2,0.2807245,0.28072476,0.9878226,0.10284363,0.10284363,1.0,2.727383e-07,2.6519708e-06,-25.678999,2.173253,0.7244177,0.16000001,0.0,0.13847688,8.430098,8.440098,2774400
hardzero_plus_depr__c0p52__z1p00__lam0p010__nu0p50__psi1p25,hardzero_plus_depr,0.1,34,867,0.0,2,0.28072476,0.28072476,1.0121753,0.0,0.09723546,0.0,0.0,2.619028e-06,-26.920946,2.2268302,0.7422768,0.18400002,0.0,0.16414069,8.440098,8.450098,2777600
hardzero_plus_depr__c0p52__z1p00__lam0p010__nu0p50__psi1p25,hardzero_plus_depr,0.1,34,868,0.0,2,0.28072476,0.28072506,0.95192385,0.11170591,0.11170591,1.0,2.889267e-07,2.5864945e-06,-25.885315,2.0942743,0.69809145,0.23200001,0.0,0.13296437,8.450098,8.460098,2780800
hardzero_plus_depr__c0p52__z1p00__lam0p010__nu0p50__psi1p25,hardzero_plus_depr,0.1,34,869,0.0,2,0.28072506,0.28072506,1.0071282,0.0,0.09837205,0.0,0.0,2.5543625e-06,-26.553616,2.2157264,0.73857546,0.14400001,0.0,0.12856217,8.460098,8.4700985,2784000
hardzero_plus_depr__c0p52__z1p00__lam0p010__nu0p50__psi1p25,hardzero_plus_depr,0.1,34,870,0.0,2,0.28072506,0.28072506,1.0140404,0.0,0.09681879,0.0,0.0,2.5226298e-06,-27.161024,2.2309334,0.7436445,0.08800001,0.0,0.13027017,8.4700985,8.480099,2787200
hardzero_plus_depr__c0p52__z1p00__lam0p010__nu0p50__psi1p25,hardzero_plus_depr,0.1,34,871,0.0,2,0.28072506,0.28072506,1.0292759,0.0,0.09348115,0.0,0.0,2.4912936e-06,-28.1654,2.2644522,0.7548174,0.17,0.0,0.1563332,8.480099,8.490099,2790400
hardzero_plus_depr__c0p52__z1p00__lam0p010__nu0p50__psi1p25,hardzero_plus_depr,0.1,34,872,0.0,2,0.28072506,0.2807253,0.98812425,0.10277223,0.10277223,1.0,2.528553e-07,2.4603466e-06,-26.379595,2.1739168,0.72463894,0.216,0.0,0.12848899,8.490099,8.500099,2793600
hardzero_plus_depr__c0p52__z1p00__lam0p010__nu0p50__psi1p25,hardzero_plus_depr,0.1,34,873,0.0,2,0.2807253,0.28072554,0.99453825,0.10126555,0.10126555,1.0,2.460532e-07,2.429782e-06,-26.31399,2.1880279,0.72934264,0.208,0.0,0.15079054,8.500099,8.510099,2796800
hardzero_plus_depr__c0p52__z1p00__lam0p010__nu0p50__psi1p25,hardzero_plus_depr,0.1,34,874,0.0,2,0.28072554,0.28072578,0.9887934,0.102614,0.102614,1.0,2.4623225e-07,2.399597e-06,-26.081408,2.1753888,0.7251296,0.16000001,0.0,0.16198675,8.510099,8.5201,2800000
hardzero_plus_depr__c0p52__z1p00__lam0p010__nu0p50__psi1p25,hardzero_plus_depr,0.1,34,875,0.0,2,0.28072578,0.28072602,0.990108,0.10230384,0.10230384,1.0,2.4243855e-07,2.3697892e-06,-26.784416,2.178281,0.7260937,0.15200001,0.0,0.14833313,8.5201,8.5301,2803200
hardzero_plus_depr__c0p52__z1p00__lam0p010__nu0p50__psi1p25,hardzero_plus_depr,0.1,34,876,0.0,2,0.28072602,0.28072602,1.0174634,0.0,0.096058674,0.0,0.0,2.3403516e-06,-27.420544,2.2384644,0.7461548,0.16000001,0.0,0.15148264,8.5301,8.5401,2806400
hardzero_plus_depr__c0p52__z1p00__lam0p010__nu0p50__psi1p25,hardzero_plus_depr,0.1,34,877,0.0,2,0.28072602,0.28072602,1.043805,0.0,0.09040554,0.0,0.0,2.3112775e-06,-28.024439,2.2964168,0.7654723,0.120000005,0.0,0.15374182,8.5401,8.5501,2809600
hardzero_plus_depr__c0p52__z1p00__lam0p010__nu0p50__psi1p25,hardzero_plus_depr,0.1,34,878,0.0,2,0.28072602,0.28072602,1.0136418,0.0,0.096907675,0.0,0.0,2.2825645e-06,-27.470045,2.2300565,0.7433522,0.16000001,0.0,0.13792658,8.5501,8.560101,2812800
hardzero_plus_depr__c0p52__z1p00__lam0p010__nu0p50__psi1p25,hardzero_plus_depr,0.1,34,879,0.0,2,0.28072602,0.28072602,1.0308292,0.0,0.09314743,0.0,0.0,2.2542106e-06,-26.441462,2.2678695,0.75595653,0.17600001,0.0,0.150573,8.560101,8.570101,2816000
hardzero_plus_depr__c0p52__z1p00__lam0p010__nu0p50__psi1p25,hardzero_plus_depr,0.1,34,880,0.0,2,0.28072602,0.28072602,1.0655947,0.0,0.08598156,0.0,0.0,2.2262088e-06,-27.843153,2.344355,0.7814517,0.128,0.0,0.15087463,8.570101,8.580101,2819200
hardzero_plus_depr__c0p52__z1p00__lam0p010__nu0p50__psi1p25,hardzero_plus_depr,0.1,34,881,0.0,2,0.28072602,0.28072625,0.97991604,0.1047331,0.1047331,1.0,2.3026125e-07,2.1985527e-06,-27.60927,2.1558583,0.71861947,0.224,0.0,0.14361776,8.580101,8.590101,2822400
hardzero_plus_depr__c0p52__z1p00__lam0p010__nu0p50__psi1p25,hardzero_plus_depr,0.1,34,882,0.0,2,0.28072625,0.28072646,0.9981741,0.10042132,0.10042132,1.0,2.1803879e-07,2.17124e-06,-26.622822,2.1960268,0.73200893,0.17600001,0.0,0.14322594,8.590101,8.600101,2825600
hardzero_plus_depr__c0p52__z1p00__lam0p010__nu0p50__psi1p25,hardzero_plus_depr,0.1,34,883,0.0,2,0.28072646,0.28072646,1.041139,0.0,0.0909622,0.0,0.0,2.144269e-06,-28.232634,2.2905514,0.76351714,0.112,0.0,0.15771037,8.600101,8.610102,2828800
hardzero_plus_depr__c0p52__z1p00__lam0p010__nu0p50__psi1p25,hardzero_plus_depr,0.1,34,884,0.0,2,0.28072646,0.28072646,1.0724908,0.0,0.08462703,0.0,0.0,2.1176327e-06,-28.32019,2.3595269,0.786509,0.14999999,0.0,0.124354124,8.610102,8.620102,2832000
hardzero_plus_depr__c0p52__z1p00__lam0p010__nu0p50__psi1p25,hardzero_plus_depr,0.1,34,885,0.0,2,0.28072646,0.28072667,0.9935342,0.101499945,0.101499945,1.0,2.1226943e-07,2.0913255e-06,-26.62232,2.185819,0.72860634,0.2,0.0,0.15575285,8.620102,8.630102,2835200
hardzero_plus_depr__c0p52__z1p00__lam0p010__nu0p50__psi1p25,hardzero_plus_depr,0.1,34,886,0.0,2,0.28072667,0.28072688,0.99808013,0.10044306,0.10044306,1.0,2.0744956e-07,2.065345e-06,-26.753462,2.19582,0.73194003,0.14400001,0.0,0.15128826,8.630102,8.640102,2838400
hardzero_plus_depr__c0p52__z1p00__lam0p010__nu0p50__psi1p25,hardzero_plus_depr,0.1,34,887,0.0,2,0.28072688,0.28072688,1.0369964,0.0,0.09183404,0.0,0.0,2.0396894e-06,-27.83108,2.2814376,0.7604792,0.14400001,0.0,0.15955885,8.640102,8.650103,2841600
hardzero_plus_depr__c0p52__z1p00__lam0p010__nu0p50__psi1p25,hardzero_plus_depr,0.1,34,888,0.0,2,0.28072688,0.28072688,1.0263987,0.0,0.09410255,0.0,0.0,2.0143523e-06,-26.9137,2.2581222,0.7527074,0.192,0.0,0.16607568,8.650103,8.660103,2844800
hardzero_plus_depr__c0p52__z1p00__lam0p010__nu0p50__psi1p25,hardzero_plus_depr,0.1,34,889,0.0,2,0.28072688,0.28072688,1.0196764,0.0,0.09557043,0.0,0.0,1.9893282e-06,-27.672703,2.2433329,0.74777764,0.128,0.0,0.15467677,8.660103,8.670103,2848000
hardzero_plus_depr__c0p52__z1p00__lam0p010__nu0p50__psi1p25,hardzero_plus_depr,0.1,34,890,0.0,2,0.28072688,0.28072688,1.0221788,0.0,0.09502135,0.0,0.0,1.9646147e-06,-27.272572,2.2488382,0.74961275,0.24000001,0.0,0.1745102,8.670103,8.680103,2851200
hardzero_plus_depr__c0p52__z1p00__lam0p010__nu0p50__psi1p25,hardzero_plus_depr,0.1,34,891,0.0,2,0.28072688,0.2807271,0.97794443,0.10520965,0.10520965,1.0,2.0412884e-07,1.9402103e-06,-26.381529,2.1515207,0.7171736,0.136,0.0,0.12558715,8.680103,8.690104,2854400
hardzero_plus_depr__c0p52__z1p00__lam0p010__nu0p50__psi1p25,hardzero_plus_depr,0.1,34,892,0.0,2,0.2807271,0.2807273,0.959117,0.109870985,0.109870985,1.0,2.1052477e-07,1.9161089e-06,-25.621754,2.1100996,0.7033665,0.08800001,0.0,0.12570216,8.690104,8.700104,2857600
hardzero_plus_depr__c0p52__z1p00__lam0p010__nu0p50__psi1p25,hardzero_plus_depr,0.1,34,893,0.0,2,0.2807273,0.2807273,1.075179,0.0,0.08410485,0.0,0.0,1.8923052e-06,-27.401981,2.365441,0.7884804,0.120000005,0.0,0.16505489,8.700104,8.710104,2860800
hardzero_plus_depr__c0p52__z1p00__lam0p010__nu0p50__psi1p25,hardzero_plus_depr,0.1,34,894,0.0,2,0.2807273,0.2807273,1.0082508,0.0,0.09811811,0.0,0.0,1.8687972e-06,-26.935654,2.2181962,0.7393987,0.2,0.0,0.12923856,8.710104,8.720104,2864000
hardzero_plus_depr__c0p52__z1p00__lam0p010__nu0p50__psi1p25,hardzero_plus_depr,0.1,34,895,0.0,2,0.2807273,0.2807273,1.041488,0.0,0.090889126,0.0,0.0,1.845583e-06,-27.20837,2.2913194,0.76377314,0.16800001,0.0,0.1335915,8.720104,8.730104,2867200
hardzero_plus_depr__c0p52__z1p00__lam0p010__nu0p50__psi1p25,hardzero_plus_depr,0.1,34,896,0.0,2,0.2807273,0.2807273,1.0203682,0.0,0.09541832,0.0,0.0,1.822657e-06,-27.377096,2.244855,0.748285,0.136,0.0,0.14336045,8.730104,8.740105,2870400
hardzero_plus_depr__c0p52__z1p00__lam0p010__nu0p50__psi1p25,hardzero_plus_depr,0.1,34,897,0.0,2,0.2807273,0.2807273,1.0001297,0.0,0.099970125,0.0,0.0,1.8000145e-06,-26.189056,2.2003293,0.73344314,0.19,0.0,0.14849868,8.740105,8.750105,2873600
hardzero_plus_depr__c0p52__z1p00__lam0p010__nu0p50__psi1p25,hardzero_plus_depr,0.1,34,898,0.0,2,0.2807273,0.2807273,1.025859,0.0,0.09421953,0.0,0.0,1.7776529e-06,-27.712519,2.256935,0.75231165,0.136,0.0,0.14582881,8.750105,8.760105,2876800
hardzero_plus_depr__c0p52__z1p00__lam0p010__nu0p50__psi1p25,hardzero_plus_depr,0.1,34,899,0.0,2,0.2807273,0.2807273,1.0145186,0.0,0.096712224,0.0,0.0,1.7555709e-06,-26.787916,2.2319856,0.7439952,0.192,0.0,0.15630798,8.760105,8.770105,2880000
hardzero_plus_depr__c0p52__z1p00__lam0p010__nu0p50__psi1p25,hardzero_plus_depr,0.1,34,900,0.0,2,0.2807273,0.28072748,0.9791081,0.10492813,0.10492813,1.0,1.8192051e-07,1.733763e-06,-26.656832,2.1540809,0.718027,0.216,0.0,0.13539372,8.770105,8.780106,2883200
hardzero_plus_depr__c0p52__z1p00__lam0p010__nu0p50__psi1p25,hardzero_plus_depr,0.1,34,901,0.0,2,0.28072748,0.28072765,0.9777565,0.10525518,0.10525518,1.0,1.8022052e-07,1.7122247e-06,-26.011696,2.1511073,0.7170358,0.2,0.0,0.13792217,8.780106,8.790106,2886400
hardzero_plus_depr__c0p52__z1p00__lam0p010__nu0p50__psi1p25,hardzero_plus_depr,0.1,34,902,0.0,2,0.28072765,0.28072783,0.9955487,0.10103021,0.10103021,1.0,1.7083741e-07,1.6909538e-06,-27.283869,2.1902509,0.73008364,0.192,0.0,0.15471606,8.790106,8.800106,2889600
hardzero_plus_depr__c0p52__z1p00__lam0p010__nu0p50__psi1p25,hardzero_plus_depr,0.1,34,903,0.0,2,0.28072783,0.280728,0.98294073,0.1040062,0.1040062,1.0,1.7368502e-07,1.6699487e-06,-26.430496,2.1625128,0.7208376,0.192,0.0,0.15149279,8.800106,8.810106,2892800
hardzero_plus_depr__c0p52__z1p00__lam0p010__nu0p50__psi1p25,hardzero_plus_depr,0.1,34,904,0.0,2,0.280728,0.280728,1.0592345,0.0,0.08725,0.0,0.0,1.6492046e-06,-27.26696,2.3303623,0.77678746,0.14400001,0.0,0.14988938,8.810106,8.8201065,2896000
hardzero_plus_depr__c0p52__z1p00__lam0p010__nu0p50__psi1p25,hardzero_plus_depr,0.1,34,905,0.0,2,0.280728,0.2807282,0.9800492,0.104701,0.104701,1.0,1.7052825e-07,1.6287166e-06,-27.238457,2.1561513,0.7187171,0.14400001,0.0,0.14295934,8.8201065,8.830107,2899200
hardzero_plus_depr__c0p52__z1p00__lam0p010__nu0p50__psi1p25,hardzero_plus_depr,0.1,34,906,0.0,2,0.2807282,0.2807282,1.0497445,0.0,0.08917755,0.0,0.0,1.6084832e-06,-27.675072,2.309484,0.769828,0.16000001,0.0,0.18986197,8.830107,8.840107,2902400
hardzero_plus_depr__c0p52__z1p00__lam0p010__nu0p50__psi1p25,hardzero_plus_depr,0.1,34,907,0.0,2,0.2807282,0.2807282,1.002734,0.0,0.099372454,0.0,0.0,1.5885025e-06,-26.358189,2.2060587,0.73535293,0.216,0.0,0.14957424,8.840107,8.850107,2905600
hardzero_plus_depr__c0p52__z1p00__lam0p010__nu0p50__psi1p25,hardzero_plus_depr,0.1,34,908,0.0,2,0.2807282,0.28072837,0.9773561,0.10535227,0.10535227,1.0,1.6527349e-07,1.5687701e-06,-26.195107,2.1502264,0.71674216,0.216,0.0,0.12692083,8.850107,8.860107,2908800
hardzero_plus_depr__c0p52__z1p00__lam0p010__nu0p50__psi1p25,hardzero_plus_depr,0.1,34,909,0.0,2,0.28072837,0.28072837,1.0339869,0.0,0.0924726,0.0,0.0,1.5492814e-06,-27.245798,2.2748168,0.7582723,0.17600001,0.0,0.1579525,8.860107,8.870108,2912000
hardzero_plus_depr__c0p52__z1p00__lam0p010__nu0p50__psi1p25,hardzero_plus_depr,0.1,34,910,0.0,2,0.28072837,0.28072852,0.9750916,0.10590303,0.10590303,1.0,1.6203532e-07,1.5300348e-06,-26.131216,2.1452444,0.71508145,0.21,0.0,0.1332445,8.870108,8.880108,2915200
hardzero_plus_depr__c0p52__z1p00__lam0p010__nu0p50__psi1p25,hardzero_plus_depr,0.1,34,911,0.0,2,0.28072852,0.28072867,0.96934867,0.107312754,0.107312754,1.0,1.6215263e-07,1.5110285e-06,-26.089455,2.1326096,0.7108699,0.216,0.0,0.1369614,8.880108,8.890108,2918400
hardzero_plus_depr__c0p52__z1p00__lam0p010__nu0p50__psi1p25,hardzero_plus_depr,0.1,34,912,0.0,2,0.28072867,0.28072882,0.9847118,0.10358292,0.10358292,1.0,1.5457249e-07,1.4922585e-06,-27.173662,2.1664093,0.72213644,0.16000001,0.0,0.15306418,8.890108,8.900108,2921600
hardzero_plus_depr__c0p52__z1p00__lam0p010__nu0p50__psi1p25,hardzero_plus_depr,0.1,34,913,0.0,2,0.28072882,0.28072897,0.9757156,0.10575099,0.10575099,1.0,1.5584739e-07,1.4737203e-06,-27.15938,2.1466172,0.7155391,0.17600001,0.0,0.16361812,8.900108,8.910109,2924800
hardzero_plus_depr__c0p52__z1p00__lam0p010__nu0p50__psi1p25,hardzero_plus_depr,0.1,34,914,0.0,2,0.28072897,0.28072912,0.98653364,0.103149325,0.103149325,1.0,1.501248e-07,1.4554124e-06,-26.233282,2.1704173,0.7234725,0.15200001,0.0,0.15572868,8.910109,8.920109,2928000
hardzero_plus_depr__c0p52__z1p00__lam0p010__nu0p50__psi1p25,hardzero_plus_depr,0.1,34,915,0.0,2,0.28072912,0.28072926,0.9947331,0.10122012,0.10122012,1.0,1.4548704e-07,1.4373331e-06,-26.595533,2.1884565,0.7294855,0.17600001,0.008,0.14837462,8.920109,8.930109,2931200
hardzero_plus_depr__c0p52__z1p00__lam0p010__nu0p50__psi1p25,hardzero_plus_depr,0.1,34,916,0.0,2,0.28072926,0.28072926,1.0123229,0.0,0.09720243,0.0,0.0,1.4194786e-06,-26.88832,2.2271547,0.7423849,0.136,0.0,0.1373748,8.930109,8.940109,2934400
hardzero_plus_depr__c0p52__z1p00__lam0p010__nu0p50__psi1p25,hardzero_plus_depr,0.1,34,917,0.0,2,0.28072926,0.28072926,1.0057628,0.0,0.098681815,0.0,0.0,1.4018445e-06,-26.503847,2.2127223,0.7375741,0.17600001,0.0,0.13958955,8.940109,8.9501095,2937600
hardzero_plus_depr__c0p52__z1p00__lam0p010__nu0p50__psi1p25,hardzero_plus_depr,0.1,34,918,0.0,2,0.28072926,0.2807294,0.98583865,0.10331453,0.10331453,1.0,1.4303168e-07,1.3844295e-06,-26.20956,2.1688883,0.7229628,0.120000005,0.0,0.13334742,8.9501095,8.96011,2940800
hardzero_plus_depr__c0p52__z1p00__lam0p010__nu0p50__psi1p25,hardzero_plus_depr,0.1,34,919,0.0,2,0.2807294,0.2807294,1.0000631,0.0,0.09998547,0.0,0.0,1.367232e-06,-26.49562,2.2001827,0.73339427,0.216,0.0,0.14477758,8.96011,8.97011,2944000
hardzero_plus_depr__c0p52__z1p00__lam0p010__nu0p50__psi1p25,hardzero_plus_depr,0.1,34,920,0.0,2,0.2807294,0.2807294,1.0306833,0.0,0.09317872,0.0,0.0,1.3502483e-06,-26.914642,2.2675486,0.75584954,0.136,0.0,0.14730528,8.97011,8.98011,2947200
hardzero_plus_depr__c0p52__z1p00__lam0p010__nu0p50__psi1p25,hardzero_plus_depr,0.1,34,921,0.0,2,0.2807294,0.28072956,0.9892148,0.10251448,0.10251448,1.0,1.3670042e-07,1.3334742e-06,-26.606169,2.176316,0.7254387,0.16800001,0.0,0.15138784,8.98011,8.99011,2950400
hardzero_plus_depr__c0p52__z1p00__lam0p010__nu0p50__psi1p25,hardzero_plus_depr,0.1,34,922,0.0,2,0.28072956,0.2807297,0.9874282,0.10293706,0.10293706,1.0,1.3555871e-07,1.3169087e-06,-27.0475,2.1723855,0.7241285,0.16000001,0.0,0.15777636,8.99011,9.000111,2953600
hardzero_plus_depr__c0p52__z1p00__lam0p010__nu0p50__psi1p25,hardzero_plus_depr,0.1,34,923,0.0,2,0.2807297,0.2807297,1.0334184,0.0,0.09259374,0.0,0.0,1.3005498e-06,-27.084791,2.273566,0.75785536,0.13,0.0,0.1387026,9.000111,9.010111,2956800
hardzero_plus_depr__c0p52__z1p00__lam0p010__nu0p50__psi1p25,hardzero_plus_depr,0.1,34,924,0.0,2,0.2807297,0.2807297,1.0012035,0.0,0.09972327,0.0,0.0,1.2843944e-06,-26.635918,2.2026918,0.73423064,0.208,0.0,0.1392015,9.010111,9.020111,2960000
hardzero_plus_depr__c0p52__z1p00__lam0p010__nu0p50__psi1p25,hardzero_plus_depr,0.1,34,925,0.0,2,0.2807297,0.2807297,1.0419991,0.0,0.09078225,0.0,0.0,1.2684385e-06,-26.633497,2.2924438,0.76414794,0.16800001,0.0,0.16545998,9.020111,9.030111,2963200
hardzero_plus_depr__c0p52__z1p00__lam0p010__nu0p50__psi1p25,hardzero_plus_depr,0.1,34,926,0.0,2,0.2807297,0.28072983,0.98488575,0.10354146,0.10354146,1.0,1.297044e-07,1.2526808e-06,-26.906998,2.166792,0.722264,0.16000001,0.0,0.13063282,9.030111,9.040112,2966400
hardzero_plus_depr__c0p52__z1p00__lam0p010__nu0p50__psi1p25,hardzero_plus_depr,0.1,34,927,0.0,2,0.28072983,0.28072983,1.0514781,0.0,0.08882225,0.0,0.0,1.2371199e-06,-28.808023,2.313298,0.7710993,0.2,0.0,0.14361961,9.040112,9.050112,2969600
hardzero_plus_depr__c0p52__z1p00__lam0p010__nu0p50__psi1p25,hardzero_plus_depr,0.1,34,928,0.0,2,0.28072983,0.28072995,0.989417,0.10246676,0.10246676,1.0,1.2518902e-07,1.2217524e-06,-26.38706,2.176761,0.725587,0.112,0.0,0.13435222,9.050112,9.060112,2972800
hardzero_plus_depr__c0p52__z1p00__lam0p010__nu0p50__psi1p25,hardzero_plus_depr,0.1,34,929,0.0,2,0.28072995,0.28072995,1.01822,0.0,0.095891476,0.0,0.0,1.2065747e-06,-27.338097,2.2401285,0.7467095,0.128,0.0,0.15468803,9.060112,9.070112,2976000
hardzero_plus_depr__c0p52__z1p00__lam0p010__nu0p50__psi1p25,hardzero_plus_depr,0.1,34,930,0.0,2,0.28072995,0.28072995,1.0377296,0.0,0.09167911,0.0,0.0,1.1915854e-06,-27.014297,2.2830508,0.76101696,0.16800001,0.0,0.16524148,9.070112,9.080112,2979200
hardzero_plus_depr__c0p52__z1p00__lam0p010__nu0p50__psi1p25,hardzero_plus_depr,0.1,34,931,0.0,2,0.28072995,0.28072995,1.0296626,0.0,0.09339795,0.0,0.0,1.1767835e-06,-28.566996,2.265303,0.75510097,0.08800001,0.0,0.15047397,9.080112,9.090113,2982400
hardzero_plus_depr__c0p52__z1p00__lam0p010__nu0p50__psi1p25,hardzero_plus_depr,0.1,34,932,0.0,2,0.28072995,0.28073007,0.98647165,0.10316403,0.10316403,1.0,1.1989368e-07,1.1621655e-06,-26.784817,2.170281,0.723427,0.16800001,0.0,0.15015402,9.090113,9.100113,2985600
hardzero_plus_depr__c0p52__z1p00__lam0p010__nu0p50__psi1p25,hardzero_plus_depr,0.1,34,933,0.0,2,0.28073007,0.28073007,1.024571,0.0,0.094499394,0.0,0.0,1.147728e-06,-27.916761,2.254101,0.75136703,0.2,0.0,0.16529118,9.100113,9.110113,2988800
hardzero_plus_depr__c0p52__z1p00__lam0p010__nu0p50__psi1p25,hardzero_plus_depr,0.1,34,934,0.0,2,0.28073007,0.28073007,1.0587074,0.0,0.087355964,0.0,0.0,1.1334699e-06,-29.249678,2.3292027,0.7764009,0.16000001,0.0,0.15489389,9.110113,9.120113,2992000
hardzero_plus_depr__c0p52__z1p00__lam0p010__nu0p50__psi1p25,hardzero_plus_depr,0.1,34,935,0.0,2,0.28073007,0.2807302,0.9941879,0.10134728,0.10134728,1.0,1.13447115e-07,1.1193898e-06,-26.874756,2.187257,0.7290857,0.136,0.0,0.1481614,9.120113,9.130114,2995200
hardzero_plus_depr__c0p52__z1p00__lam0p010__nu0p50__psi1p25,hardzero_plus_depr,0.1,34,936,0.0,2,0.2807302,0.2807302,1.0491273,0.0,0.08930436,0.0,0.0,1.1054848e-06,-27.956766,2.3081262,0.76937544,0.12,0.0,0.17143923,9.130114,9.140114,2998400
hardzero_plus_depr__c0p52__z1p00__lam0p010__nu0p50__psi1p25,hardzero_plus_depr,0.1,34,937,0.0,2,0.2807302,0.2807303,0.9948997,0.1011813,0.1011813,1.0,1.10464825e-07,1.0917514e-06,-26.636856,2.188823,0.7296077,0.16800001,0.0,0.14937991,9.140114,9.150114,3001600
hardzero_plus_depr__c0p52__z1p00__lam0p010__nu0p50__psi1p25,hardzero_plus_depr,0.1,34,938,0.0,2,0.2807303,0.2807303,1.0275997,0.0,0.09384265,0.0,0.0,1.0781886e-06,-27.399088,2.2607644,0.75358814,0.136,0.0,0.15954074,9.150114,9.160114,3004800
hardzero_plus_depr__c0p52__z1p00__lam0p010__nu0p50__psi1p25,hardzero_plus_depr,0.1,34,939,0.0,2,0.2807303,0.28073043,0.9999551,0.10001032,0.10001032,1.0,1.06490525e-07,1.0647954e-06,-26.968334,2.1999452,0.7333151,0.128,0.0,0.1391066,9.160114,9.1701145,3008000
hardzero_plus_depr__c0p52__z1p00__lam0p010__nu0p50__psi1p25,hardzero_plus_depr,0.1,34,940,0.0,2,0.28073043,0.28073055,0.9864318,0.103173494,0.103173494,1.0,1.0849399e-07,1.0515685e-06,-26.757338,2.1701932,0.72339773,0.16000001,0.0,0.1409653,9.1701145,9.180115,3011200
hardzero_plus_depr__c0p52__z1p00__lam0p010__nu0p50__psi1p25,hardzero_plus_depr,0.1,34,941,0.0,2,0.28073055,0.28073066,0.9922564,0.10179902,0.10179902,1.0,1.0571878e-07,1.0385049e-06,-26.718306,2.1830077,0.72766924,0.16800001,0.008,0.14875527,9.180115,9.190115,3014400
hardzero_plus_depr__c0p52__z1p00__lam0p010__nu0p50__psi1p25,hardzero_plus_depr,0.1,34,942,0.0,2,0.28073066,0.28073066,1.0593513,0.0,0.08722653,0.0,0.0,1.0256036e-06,-27.972084,2.3306196,0.77687323,0.112,0.0,0.16801773,9.190115,9.200115,3017600
hardzero_plus_depr__c0p52__z1p00__lam0p010__nu0p50__psi1p25,hardzero_plus_depr,0.1,34,943,0.0,2,0.28073066,0.28073078,0.9849256,0.10353193,0.10353193,1.0,1.04863716e-07,1.0128635e-06,-25.843334,2.1668797,0.72229326,0.15200001,0.0,0.1446283,9.200115,9.210115,3020800
hardzero_plus_depr__c0p52__z1p00__lam0p010__nu0p50__psi1p25,hardzero_plus_depr,0.1,34,944,0.0,2,0.28073078,0.28073078,1.0234206,0.0,0.09475003,0.0,0.0,1.0002817e-06,-27.17294,2.2515702,0.75052345,0.16800001,0.0,0.16849934,9.210115,9.220116,3024000
hardzero_plus_depr__c0p52__z1p00__lam0p010__nu0p50__psi1p25,hardzero_plus_depr,0.1,34,945,0.0,2,0.28073078,0.28073087,0.9983698,0.10037607,0.10037607,1.0,9.915703e-08,9.878553e-07,-27.805382,2.1964574,0.73215246,0.136,0.0,0.15166834,9.220116,9.230116,3027200
hardzero_plus_depr__c0p52__z1p00__lam0p010__nu0p50__psi1p25,hardzero_plus_depr,0.1,34,946,0.0,2,0.28073087,0.28073087,1.002362,0.0,0.09945759,0.0,0.0,9.755832e-07,-27.057396,2.2052405,0.7350802,0.18400002,0.0,0.1498526,9.230116,9.240116,3030400
hardzero_plus_depr__c0p52__z1p00__lam0p010__nu0p50__psi1p25,hardzero_plus_depr,0.1,34,947,0.0,2,0.28073087,0.28073096,0.9805932,0.10456993,0.10456993,1.0,1.0074941e-07,9.634645e-07,-26.229446,2.1573482,0.7191161,0.216,0.0,0.15477999,9.240116,9.250116,3033600
hardzero_plus_depr__c0p52__z1p00__lam0p010__nu0p50__psi1p25,hardzero_plus_depr,0.1,34,948,0.0,2,0.28073096,0.28073105,0.9904307,0.10222787,0.10222787,1.0,9.726943e-08,9.5149625e-07,-26.586164,2.178991,0.7263304,0.208,0.0,0.1437168,9.250116,9.260117,3036800
hardzero_plus_depr__c0p52__z1p00__lam0p010__nu0p50__psi1p25,hardzero_plus_depr,0.1,34,949,0.0,2,0.28073105,0.28073105,1.0268143,0.0,0.094012514,0.0,0.0,9.3967594e-07,-27.91063,2.2590368,0.7530123,0.17999999,0.0,0.15223435,9.260117,9.270117,3040000
hardzero_plus_depr__c0p52__z1p00__lam0p010__nu0p50__psi1p25,hardzero_plus_depr,0.1,34,950,0.0,2,0.28073105,0.28073105,1.0248926,0.0,0.09442944,0.0,0.0,9.280024e-07,-27.24847,2.2548087,0.7516029,0.14400001,0.0,0.16622949,9.270117,9.280117,3043200
hardzero_plus_depr__c0p52__z1p00__lam0p010__nu0p50__psi1p25,hardzero_plus_depr,0.1,34,951,0.0,2,0.28073105,0.28073114,0.95282096,0.11147539,0.11147539,1.0,1.0216438e-07,9.1647473e-07,-26.02117,2.096248,0.6987493,0.15200001,0.0,0.12253838,9.280117,9.290117,3046400
hardzero_plus_depr__c0p52__z1p00__lam0p010__nu0p50__psi1p25,hardzero_plus_depr,0.1,34,952,0.0,2,0.28073114,0.28073123,0.97953856,0.104824156,0.104824156,1.0,9.487532e-08,9.050902e-07,-26.706865,2.1550279,0.71834266,0.15200001,0.0,0.15216765,9.290117,9.3001175,3049600
hardzero_plus_depr__c0p52__z1p00__lam0p010__nu0p50__psi1p25,hardzero_plus_depr,0.1,34,953,0.0,2,0.28073123,0.28073123,1.0129954,0.0,0.09705203,0.0,0.0,8.9384633e-07,-26.956432,2.2286344,0.74287814,0.192,0.0,0.15223746,9.3001175,9.310118,3052800
hardzero_plus_depr__c0p52__z1p00__lam0p010__nu0p50__psi1p25,hardzero_plus_depr,0.1,34,954,0.0,2,0.28073123,0.28073123,1.0510828,0.0,0.08890315,0.0,0.0,8.827422e-07,-27.294418,2.3124285,0.77080953,0.18400002,0.0,0.13749121,9.310118,9.320118,3056000
hardzero_plus_depr__c0p52__z1p00__lam0p010__nu0p50__psi1p25,hardzero_plus_depr,0.1,34,955,0.0,2,0.28073123,0.28073123,1.0081011,0.0,0.098151945,0.0,0.0,8.717767e-07,-27.039885,2.2178667,0.7392889,0.104,0.0,0.1495597,9.320118,9.330118,3059200
hardzero_plus_depr__c0p52__z1p00__lam0p010__nu0p50__psi1p25,hardzero_plus_depr,0.1,34,956,0.0,2,0.28073123,0.28073132,0.9992365,0.10017594,0.10017594,1.0,8.624622e-08,8.609474e-07,-26.973385,2.1983643,0.7327881,0.2,0.0,0.15363753,9.330118,9.340118,3062400
hardzero_plus_depr__c0p52__z1p00__lam0p010__nu0p50__psi1p25,hardzero_plus_depr,0.1,34,957,0.0,2,0.28073132,0.28073132,1.0046961,0.0,0.0989245,0.0,0.0,8.50252e-07,-27.172258,2.2103755,0.73679185,0.2,0.008,0.14659162,9.340118,9.350119,3065600
hardzero_plus_depr__c0p52__z1p00__lam0p010__nu0p50__psi1p25,hardzero_plus_depr,0.1,34,958,0.0,2,0.28073132,0.28073132,1.0441862,0.0,0.090326205,0.0,0.0,8.3968933e-07,-27.471376,2.2972555,0.76575184,0.136,0.0,0.20249687,9.350119,9.360119,3068800
hardzero_plus_depr__c0p52__z1p00__lam0p010__nu0p50__psi1p25,hardzero_plus_depr,0.1,34,959,0.0,2,0.28073132,0.2807314,0.97341794,0.106311955,0.106311955,1.0,8.8160114e-08,8.2925874e-07,-26.143457,2.1415622,0.7138541,0.128,0.0,0.115378395,9.360119,9.370119,3072000
hardzero_plus_depr__c0p52__z1p00__lam0p010__nu0p50__psi1p25,hardzero_plus_depr,0.1,34,960,0.0,2,0.2807314,0.2807315,0.99076664,0.10214881,0.10214881,1.0,8.365554e-08,8.1895763e-07,-26.779318,2.1797302,0.72657675,0.2,0.0,0.11726259,9.370119,9.380119,3075200
hardzero_plus_depr__c0p52__z1p00__lam0p010__nu0p50__psi1p25,hardzero_plus_depr,0.1,34,961,0.0,2,0.2807315,0.2807315,1.0076559,0.0,0.098252624,0.0,0.0,8.0878374e-07,-26.719297,2.2168872,0.7389624,0.216,0.0,0.12009764,9.380119,9.39012,3078400
hardzero_plus_depr__c0p52__z1p00__lam0p010__nu0p50__psi1p25,hardzero_plus_depr,0.1,34,962,0.0,2,0.2807315,0.2807315,1.0293512,0.0,0.09346494,0.0,0.0,7.987364e-07,-27.275625,2.264618,0.7548727,0.099999994,0.01,0.14045835,9.39012,9.40012,3081600
hardzero_plus_depr__c0p52__z1p00__lam0p010__nu0p50__psi1p25,hardzero_plus_depr,0.1,34,963,0.0,2,0.2807315,0.2807315,1.0193735,0.0,0.095637105,0.0,0.0,7.888143e-07,-26.56427,2.2426665,0.7475555,0.2,0.008,0.14928325,9.40012,9.41012,3084800
hardzero_plus_depr__c0p52__z1p00__lam0p010__nu0p50__psi1p25,hardzero_plus_depr,0.1,34,964,0.0,2,0.2807315,0.2807316,0.9535987,0.11127595,0.11127595,1.0,8.668571e-08,7.790157e-07,-26.794697,2.097959,0.6993197,0.15200001,0.0,0.12970167,9.41012,9.42012,3088000
hardzero_plus_depr__c0p52__z1p00__lam0p010__nu0p50__psi1p25,hardzero_plus_depr,0.1,34,965,0.0,2,0.2807316,0.2807316,1.0528606,0.0,0.08853997,0.0,0.0,7.6933804e-07,-27.030935,2.3163397,0.77211326,0.136,0.0,0.15663305,9.42012,9.43012,3091200
hardzero_plus_depr__c0p52__z1p00__lam0p010__nu0p50__psi1p25,hardzero_plus_depr,0.1,34,966,0.0,2,0.2807316,0.28073168,0.9831846,0.103947826,0.103947826,1.0,7.897754e-08,7.597806e-07,-26.421137,2.1630492,0.7210164,0.192,0.0,0.1558191,9.43012,9.440121,3094400
hardzero_plus_depr__c0p52__z1p00__lam0p010__nu0p50__psi1p25,hardzero_plus_depr,0.1,34,967,0.0,2,0.28073168,0.28073168,1.0494686,0.0,0.08923421,0.0,0.0,7.5034256e-07,-28.38754,2.3088772,0.7696258,0.16800001,0.0,0.19022386,9.440121,9.450121,3097600
hardzero_plus_depr__c0p52__z1p00__lam0p010__nu0p50__psi1p25,hardzero_plus_depr,0.1,34,968,0.0,2,0.28073168,0.28073168,1.0339143,0.0,0.09248806,0.0,0.0,7.410218e-07,-27.541782,2.274657,0.758219,0.120000005,0.0,0.17355128,9.450121,9.460121,3100800
hardzero_plus_depr__c0p52__z1p00__lam0p010__nu0p50__psi1p25,hardzero_plus_depr,0.1,34,969,0.0,2,0.28073168,0.28073168,1.0317194,0.0,0.09295667,0.0,0.0,7.318161e-07,-27.230453,2.269828,0.7566094,0.16800001,0.0,0.136725,9.460121,9.470121,3104000
hardzero_plus_depr__c0p52__z1p00__lam0p010__nu0p50__psi1p25,hardzero_plus_depr,0.1,34,970,0.0,2,0.28073168,0.28073168,1.004129,0.0,0.09905376,0.0,0.0,7.2272485e-07,-27.370863,2.2091281,0.73637605,0.18400002,0.0,0.15390076,9.470121,9.480122,3107200
hardzero_plus_depr__c0p52__z1p00__lam0p010__nu0p50__psi1p25,hardzero_plus_depr,0.1,34,971,0.0,2,0.28073168,0.28073177,0.951479,0.11182038,0.11182038,1.0,7.9811464e-08,7.1374706e-07,-25.97495,2.0932956,0.69776523,0.216,0.0,0.14749289,9.480122,9.490122,3110400
hardzero_plus_depr__c0p52__z1p00__lam0p010__nu0p50__psi1p25,hardzero_plus_depr,0.1,34,972,0.0,2,0.28073177,0.28073177,1.0061867,0.0,0.098585546,0.0,0.0,7.0488096e-07,-27.220064,2.213655,0.737885,0.15200001,0.0,0.14468148,9.490122,9.500122,3113600
hardzero_plus_depr__c0p52__z1p00__lam0p010__nu0p50__psi1p25,hardzero_plus_depr,0.1,34,973,0.0,2,0.28073177,0.28073177,1.0427694,0.0,0.09062136,0.0,0.0,6.9612423e-07,-27.442335,2.2941384,0.7647128,0.14400001,0.0,0.15110378,9.500122,9.510122,3116800
hardzero_plus_depr__c0p52__z1p00__lam0p010__nu0p50__psi1p25,hardzero_plus_depr,0.1,34,974,0.0,2,0.28073177,0.28073186,0.9618574,0.1091799,0.1091799,1.0,7.50586e-08,6.8747636e-07,-26.387028,2.1161284,0.70537615,0.2,0.0,0.14965133,9.510122,9.520123,3120000
hardzero_plus_depr__c0p52__z1p00__lam0p010__nu0p50__psi1p25,hardzero_plus_depr,0.1,34,975,0.0,2,0.28073186,0.28073186,1.0116345,0.0,0.097356625,0.0,0.0,6.789365e-07,-28.094408,2.2256403,0.7418801,0.19,0.0,0.13201126,9.520123,9.530123,3123200
hardzero_plus_depr__c0p52__z1p00__lam0p010__nu0p50__psi1p25,hardzero_plus_depr,0.1,34,976,0.0,2,0.28073186,0.28073186,1.0407444,0.0,0.091044895,0.0,0.0,6.7050274e-07,-28.658216,2.2896833,0.7632278,0.16800001,0.0,0.16109513,9.530123,9.540123,3126400
hardzero_plus_depr__c0p52__z1p00__lam0p010__nu0p50__psi1p25,hardzero_plus_depr,0.1,34,977,0.0,2,0.28073186,0.28073186,1.0220683,0.0,0.09504552,0.0,0.0,6.621731e-07,-27.424322,2.248595,0.7495317,0.136,0.0,0.14667109,9.540123,9.550123,3129600
hardzero_plus_depr__c0p52__z1p00__lam0p010__nu0p50__psi1p25,hardzero_plus_depr,0.1,34,978,0.0,2,0.28073186,0.28073186,1.0658782,0.0,0.08592545,0.0,0.0,6.53947e-07,-27.670694,2.3449788,0.7816596,0.16800001,0.0,0.15932211,9.550123,9.560123,3132800
hardzero_plus_depr__c0p52__z1p00__lam0p010__nu0p50__psi1p25,hardzero_plus_depr,0.1,34,979,0.0,2,0.28073186,0.28073186,1.0477326,0.0,0.08959163,0.0,0.0,6.458236e-07,-28.697382,2.3050578,0.7683526,0.15200001,0.0,0.1716266,9.560123,9.570124,3136000
hardzero_plus_depr__c0p52__z1p00__lam0p010__nu0p50__psi1p25,hardzero_plus_depr,0.1,34,980,0.0,2,0.28073186,0.28073192,0.9645382,0.10850801,0.10850801,1.0,6.9206536e-08,6.378012e-07,-26.883383,2.1220264,0.70734215,0.18400002,0.0,0.13862595,9.570124,9.580124,3139200
hardzero_plus_depr__c0p52__z1p00__lam0p010__nu0p50__psi1p25,hardzero_plus_depr,0.1,34,981,0.0,2,0.28073192,0.28073192,1.0002629,0.0,0.09993948,0.0,0.0,6.298778e-07,-25.76618,2.2006223,0.7335408,0.16800001,0.0,0.12451155,9.580124,9.590124,3142400
hardzero_plus_depr__c0p52__z1p00__lam0p010__nu0p50__psi1p25,hardzero_plus_depr,0.1,34,982,0.0,2,0.28073192,0.28073192,1.0096318,0.0,0.09780661,0.0,0.0,6.2205294e-07,-27.405308,2.2212343,0.74041146,0.128,0.0,0.1415578,9.590124,9.600124,3145600
hardzero_plus_depr__c0p52__z1p00__lam0p010__nu0p50__psi1p25,hardzero_plus_depr,0.1,34,983,0.0,2,0.28073192,0.28073198,0.9906788,0.102169484,0.102169484,1.0,6.276534e-08,6.143257e-07,-26.553392,2.1795368,0.7265123,0.18400002,0.0,0.12726659,9.600124,9.610125,3148800
hardzero_plus_depr__c0p52__z1p00__lam0p010__nu0p50__psi1p25,hardzero_plus_depr,0.1,34,984,0.0,2,0.28073198,0.28073204,0.98601884,0.10327164,0.10327164,1.0,6.265434e-08,6.066945e-07,-25.418613,2.1692848,0.72309494,0.136,0.0,0.12468627,9.610125,9.620125,3152000
hardzero_plus_depr__c0p52__z1p00__lam0p010__nu0p50__psi1p25,hardzero_plus_depr,0.1,34,985,0.0,2,0.28073204,0.2807321,0.98854876,0.10267182,0.10267182,1.0,6.15166e-08,5.991576e-07,-26.925953,2.1748507,0.72495025,0.128,0.0,0.1461906,9.620125,9.630125,3155200
hardzero_plus_depr__c0p52__z1p00__lam0p010__nu0p50__psi1p25,hardzero_plus_depr,0.1,34,986,0.0,2,0.2807321,0.2807321,1.0770997,0.0,0.0837337,0.0,0.0,5.9171435e-07,-28.321478,2.3696666,0.78988886,0.14400001,0.0,0.17121877,9.630125,9.640125,3158400
hardzero_plus_depr__c0p52__z1p00__lam0p010__nu0p50__psi1p25,hardzero_plus_depr,0.1,34,987,0.0,2,0.2807321,0.2807321,1.0100896,0.0,0.097703554,0.0,0.0,5.8436405e-07,-26.294678,2.2222416,0.7407472,0.15200001,0.008,0.1649383,9.640125,9.6501255,3161600
hardzero_plus_depr__c0p52__z1p00__lam0p010__nu0p50__psi1p25,hardzero_plus_depr,0.1,34,988,0.0,2,0.2807321,0.28073215,0.9743193,0.10609153,0.10609153,1.0,6.1225954e-08,5.77105e-07,-27.390615,2.1435452,0.7145151,0.19999999,0.0,0.14057048,9.6501255,9.660126,3164800
hardzero_plus_depr__c0p52__z1p00__lam0p010__nu0p50__psi1p25,hardzero_plus_depr,0.1,34,989,0.0,2,0.28073215,0.2807322,0.97247976,0.106541835,0.106541835,1.0,6.0721995e-08,5.699357e-07,-26.860342,2.1394982,0.7131661,0.128,0.0,0.13416283,9.660126,9.670126,3168000
hardzero_plus_depr__c0p52__z1p00__lam0p010__nu0p50__psi1p25,hardzero_plus_depr,0.1,34,990,0.0,2,0.2807322,0.2807322,1.0199945,0.0,0.095500454,0.0,0.0,5.6285546e-07,-26.639423,2.2440326,0.7480109,0.16000001,0.0,0.173355,9.670126,9.680126,3171200
hardzero_plus_depr__c0p52__z1p00__lam0p010__nu0p50__psi1p25,hardzero_plus_depr,0.1,34,991,0.0,2,0.2807322,0.28073227,0.96787155,0.107678354,0.107678354,1.0,5.985448e-08,5.558636e-07,-25.364927,2.12936,0.70978665,0.224,0.0,0.11825072,9.680126,9.690126,3174400
hardzero_plus_depr__c0p52__z1p00__lam0p010__nu0p50__psi1p25,hardzero_plus_depr,0.1,34,992,0.0,2,0.28073227,0.28073227,1.0665302,0.0,0.08579653,0.0,0.0,5.489587e-07,-28.536884,2.3464134,0.7821378,0.16000001,0.0,0.14215757,9.690126,9.700127,3177600
hardzero_plus_depr__c0p52__z1p00__lam0p010__nu0p50__psi1p25,hardzero_plus_depr,0.1,34,993,0.0,2,0.28073227,0.28073227,1.0201797,0.0,0.09545973,0.0,0.0,5.42139e-07,-28.68721,2.2444403,0.7481468,0.16000001,0.0,0.15559877,9.700127,9.710127,3180800
hardzero_plus_depr__c0p52__z1p00__lam0p010__nu0p50__psi1p25,hardzero_plus_depr,0.1,34,994,0.0,2,0.28073227,0.28073233,0.9963198,0.10085101,0.10085101,1.0,5.399604e-08,5.3540407e-07,-27.430723,2.1919472,0.7306491,0.17600001,0.0,0.13924041,9.710127,9.720127,3184000
hardzero_plus_depr__c0p52__z1p00__lam0p010__nu0p50__psi1p25,hardzero_plus_depr,0.1,34,995,0.0,2,0.28073233,0.2807324,0.9787428,0.105016425,0.105016425,1.0,5.5527774e-08,5.287532e-07,-26.963604,2.1532772,0.7177591,0.15200001,0.0,0.12669015,9.720127,9.730127,3187200
hardzero_plus_depr__c0p52__z1p00__lam0p010__nu0p50__psi1p25,hardzero_plus_depr,0.1,34,996,0.0,2,0.2807324,0.2807324,1.0265247,0.0,0.09407525,0.0,0.0,5.221851e-07,-27.830994,2.2583992,0.75279975,0.14400001,0.0,0.136534,9.730127,9.740128,3190400
hardzero_plus_depr__c0p52__z1p00__lam0p010__nu0p50__psi1p25,hardzero_plus_depr,0.1,34,997,0.0,2,0.2807324,0.28073245,0.9938749,0.10142036,0.10142036,1.0,5.2302276e-08,5.15698e-07,-26.551928,2.1865685,0.7288562,0.15200001,0.0,0.14374532,9.740128,9.750128,3193600
hardzero_plus_depr__c0p52__z1p00__lam0p010__nu0p50__psi1p25,hardzero_plus_depr,0.1,34,998,0.0,2,0.28073245,0.28073245,1.0606941,0.0,0.08695726,0.0,0.0,5.092915e-07,-28.677635,2.3335736,0.7778579,0.096,0.0,0.1478208,9.750128,9.760128,3196800
hardzero_plus_depr__c0p52__z1p00__lam0p010__nu0p50__psi1p25,hardzero_plus_depr,0.1,34,999,0.0,2,0.28073245,0.28073245,1.0514803,0.0,0.088821836,0.0,0.0,5.0296507e-07,-27.93286,2.3133028,0.77110094,0.16800001,0.0,0.15263622,9.760128,9.770128,3200000
hardzero_plus_depr__c0p52__z1p00__lam0p010__nu0p50__psi1p25,hardzero_plus_depr,0.1,34,1000,0.0,2,0.28073245,0.28073245,1.0167279,0.0,0.096221484,0.0,0.0,4.9671723e-07,-27.345871,2.2368462,0.7456154,0.17600001,0.0,0.15644823,9.770128,9.7801285,3203200
hardzero_plus_depr__c0p52__z1p00__lam0p010__nu0p50__psi1p25,hardzero_plus_depr,0.1,34,1001,0.0,2,0.28073245,0.28073245,1.0328479,0.0,0.09271546,0.0,0.0,4.9054654e-07,-27.667141,2.2723107,0.75743693,0.17,0.0,0.16472076,9.7801285,9.790129,3206400
hardzero_plus_depr__c0p52__z1p00__lam0p010__nu0p50__psi1p25,hardzero_plus_depr,0.1,34,1002,0.0,2,0.28073245,0.2807325,0.9493545,0.11236873,0.11236873,1.0,5.4437315e-08,4.844525e-07,-26.39907,2.0886216,0.6962072,0.15200001,0.0,0.15823352,9.790129,9.800129,3209600
hardzero_plus_depr__c0p52__z1p00__lam0p010__nu0p50__psi1p25,hardzero_plus_depr,0.1,34,1003,0.0,2,0.2807325,0.2807325,1.0455768,0.0,0.09003745,0.0,0.0,4.7843463e-07,-27.568344,2.300315,0.7667717,0.136,0.0,0.14982699,9.800129,9.810129,3212800
hardzero_plus_depr__c0p52__z1p00__lam0p010__nu0p50__psi1p25,hardzero_plus_depr,0.1,34,1004,0.0,2,0.2807325,0.2807325,1.0337162,0.0,0.092530265,0.0,0.0,4.724915e-07,-27.097286,2.274221,0.7580737,0.192,0.0,0.1410409,9.810129,9.820129,3216000
hardzero_plus_depr__c0p52__z1p00__lam0p010__nu0p50__psi1p25,hardzero_plus_depr,0.1,34,1005,0.0,2,0.2807325,0.2807325,1.0113504,0.0,0.097420335,0.0,0.0,4.6662177e-07,-26.943142,2.2250154,0.7416718,0.15200001,0.0,0.15363592,9.820129,9.83013,3219200
hardzero_plus_depr__c0p52__z1p00__lam0p010__nu0p50__psi1p25,hardzero_plus_depr,0.1,34,1006,0.0,2,0.2807325,0.2807325,1.0246812,0.0,0.0944754,0.0,0.0,4.6082496e-07,-27.498896,2.2543437,0.7514479,0.15200001,0.0,0.1725705,9.83013,9.84013,3222400
hardzero_plus_depr__c0p52__z1p00__lam0p010__nu0p50__psi1p25,hardzero_plus_depr,0.1,34,1007,0.0,2,0.2807325,0.2807325,1.0172677,0.0,0.09610197,0.0,0.0,4.5510055e-07,-26.961924,2.2380335,0.7460112,0.16800001,0.008,0.15406163,9.84013,9.85013,3225600
hardzero_plus_depr__c0p52__z1p00__lam0p010__nu0p50__psi1p25,hardzero_plus_depr,0.1,34,1008,0.0,2,0.2807325,0.2807325,1.0083331,0.0,0.098099515,0.0,0.0,4.4944733e-07,-27.510038,2.218377,0.73945904,0.23200001,0.0,0.16730359,9.85013,9.86013,3228800
hardzero_plus_depr__c0p52__z1p00__lam0p010__nu0p50__psi1p25,hardzero_plus_depr,0.1,34,1009,0.0,2,0.2807325,0.2807325,1.0403346,0.0,0.091130845,0.0,0.0,4.4386385e-07,-27.973372,2.288782,0.7629273,0.14400001,0.0,0.17840986,9.86013,9.870131,3232000
hardzero_plus_depr__c0p52__z1p00__lam0p010__nu0p50__psi1p25,hardzero_plus_depr,0.1,34,1010,0.0,2,0.2807325,0.2807325,1.0077145,0.0,0.09823935,0.0,0.0,4.3834982e-07,-27.373104,2.2170162,0.73900545,0.192,0.0,0.16791424,9.870131,9.880131,3235200
hardzero_plus_depr__c0p52__z1p00__lam0p010__nu0p50__psi1p25,hardzero_plus_depr,0.1,34,1011,0.0,2,0.2807325,0.2807325,1.0143855,0.0,0.096741885,0.0,0.0,4.3290456e-07,-27.960651,2.2316926,0.74389756,0.18400002,0.008,0.16772394,9.880131,9.890131,3238400
hardzero_plus_depr__c0p52__z1p00__lam0p010__nu0p50__psi1p25,hardzero_plus_depr,0.1,34,1012,0.0,2,0.2807325,0.2807325,1.0179118,0.0,0.09595957,0.0,0.0,4.27527e-07,-27.892452,2.2394507,0.74648356,0.136,0.0,0.15591073,9.890131,9.900131,3241600
hardzero_plus_depr__c0p52__z1p00__lam0p010__nu0p50__psi1p25,hardzero_plus_depr,0.1,34,1013,0.0,2,0.2807325,0.28073254,0.97997963,0.104717776,0.104717776,1.0,4.4213508e-08,4.2221586e-07,-25.959246,2.1559982,0.7186661,0.14400001,0.0,0.123906314,9.900131,9.910131,3244800
hardzero_plus_depr__c0p52__z1p00__lam0p010__nu0p50__psi1p25,hardzero_plus_depr,0.1,34,1014,0.0,2,0.28073254,0.28073254,1.0180341,0.0,0.09593252,0.0,0.0,4.1697072e-07,-26.428602,2.2397199,0.7465733,0.11,0.0,0.12143768,9.910131,9.920132,3248000
hardzero_plus_depr__c0p52__z1p00__lam0p010__nu0p50__psi1p25,hardzero_plus_depr,0.1,34,1015,0.0,2,0.28073254,0.28073254,1.0792323,0.0,0.08332354,0.0,0.0,4.117911e-07,-28.829325,2.3743587,0.7914529,0.112,0.0,0.17569008,9.920132,9.930132,3251200
hardzero_plus_depr__c0p52__z1p00__lam0p010__nu0p50__psi1p25,hardzero_plus_depr,0.1,34,1016,0.0,2,0.28073254,0.28073254,1.0706391,0.0,0.084988624,0.0,0.0,4.0667584e-07,-28.279196,2.3554533,0.7851511,0.15200001,0.0,0.1904863,9.930132,9.940132,3254400
hardzero_plus_depr__c0p52__z1p00__lam0p010__nu0p50__psi1p25,hardzero_plus_depr,0.1,34,1017,0.0,2,0.28073254,0.28073254,1.0918103,0.0,0.08094492,0.0,0.0,4.0162368e-07,-29.23614,2.4020307,0.80067694,0.096,0.0,0.15537298,9.940132,9.950132,3257600
hardzero_plus_depr__c0p52__z1p00__lam0p010__nu0p50__psi1p25,hardzero_plus_depr,0.1,34,1018,0.0,2,0.28073254,0.28073254,1.0546021,0.0,0.08818564,0.0,0.0,3.9663433e-07,-27.739376,2.320171,0.7733904,0.15200001,0.0,0.15122932,9.950132,9.960133,3260800
hardzero_plus_depr__c0p52__z1p00__lam0p010__nu0p50__psi1p25,hardzero_plus_depr,0.1,34,1019,0.0,2,0.28073254,0.28073254,1.0537195,0.0,0.08836504,0.0,0.0,3.9170732e-07,-28.223356,2.3182292,0.7727431,0.104,0.0,0.1452481,9.960133,9.970133,3264000
hardzero_plus_depr__c0p52__z1p00__lam0p010__nu0p50__psi1p25,hardzero_plus_depr,0.1,34,1020,0.0,2,0.28073254,0.28073254,1.0498034,0.0,0.08916546,0.0,0.0,3.8684152e-07,-27.811451,2.3096135,0.7698712,0.14400001,0.0,0.15185215,9.970133,9.980133,3267200
hardzero_plus_depr__c0p52__z1p00__lam0p010__nu0p50__psi1p25,hardzero_plus_depr,0.1,34,1021,0.0,2,0.28073254,0.28073254,1.0044084,0.0,0.09899006,0.0,0.0,3.8203584e-07,-27.743446,2.2097425,0.73658085,0.28,0.0,0.15360266,9.980133,9.990133,3270400
hardzero_plus_depr__c0p52__z1p00__lam0p010__nu0p50__psi1p25,hardzero_plus_depr,0.1,34,1022,0.0,2,0.28073254,0.28073254,1.023153,0.0,0.09480845,0.0,0.0,3.7728984e-07,-26.685877,2.2509813,0.7503271,0.120000005,0.0,0.14677493,9.990133,10.0001335,3273600
hardzero_plus_depr__c0p52__z1p00__lam0p010__nu0p50__psi1p25,hardzero_plus_depr,0.1,34,1023,0.0,2,0.28073254,0.28073254,1.0175945,0.0,0.09602969,0.0,0.0,3.7260313e-07,-27.438265,2.2387526,0.74625087,0.15200001,0.0,0.15998201,10.0001335,10.010134,3276800
hardzero_plus_depr__c0p52__z1p00__lam0p010__nu0p50__psi1p25,hardzero_plus_depr,0.1,34,1024,0.0,2,0.28073254,0.28073257,0.99089473,0.10211868,0.10211868,1.0,3.7577085e-08,3.6797465e-07,-26.754429,2.180012,0.7266707,0.16000001,0.0,0.13748655,10.010134,10.020134,3280000
hardzero_plus_depr__c0p52__z1p00__lam0p010__nu0p50__psi1p25,hardzero_plus_depr,0.1,34,1025,0.0,2,0.28073257,0.28073257,1.0474299,0.0,0.08965409,0.0,0.0,3.634033e-07,-27.233564,2.3043919,0.76813066,0.18400002,0.0,0.14955094,10.020134,10.030134,3283200
hardzero_plus_depr__c0p52__z1p00__lam0p010__nu0p50__psi1p25,hardzero_plus_depr,0.1,34,1026,0.0,2,0.28073257,0.2807326,0.991391,0.10200206,0.10200206,1.0,3.6607396e-08,3.588888e-07,-26.604996,2.1811037,0.72703457,0.128,0.0,0.1285236,10.030134,10.040134,3286400
hardzero_plus_depr__c0p52__z1p00__lam0p010__nu0p50__psi1p25,hardzero_plus_depr,0.1,34,1027,0.0,2,0.2807326,0.2807326,1.0022244,0.0,0.099489115,0.0,0.0,3.5443063e-07,-26.463144,2.2049377,0.7349793,0.16,0.0,0.17020096,10.040134,10.050135,3289600
hardzero_plus_depr__c0p52__z1p00__lam0p010__nu0p50__psi1p25,hardzero_plus_depr,0.1,34,1028,0.0,2,0.2807326,0.28073263,0.9817404,0.104294054,0.104294054,1.0,3.6505828e-08,3.500279e-07,-25.643963,2.159872,0.71995735,0.17600001,0.0,0.13078585,10.050135,10.060135,3292800
hardzero_plus_depr__c0p52__z1p00__lam0p010__nu0p50__psi1p25,hardzero_plus_depr,0.1,34,1029,0.0,2,0.28073263,0.28073263,1.0380048,0.0,0.09162105,0.0,0.0,3.4567952e-07,-27.80563,2.2836561,0.7612187,0.104,0.0,0.16904072,10.060135,10.070135,3296000
hardzero_plus_depr__c0p52__z1p00__lam0p010__nu0p50__psi1p25,hardzero_plus_depr,0.1,34,1030,0.0,2,0.28073263,0.28073263,1.0059341,0.0,0.098642915,0.0,0.0,3.4138517e-07,-27.403734,2.2130992,0.73769975,0.192,0.0,0.16514036,10.070135,10.080135,3299200
hardzero_plus_depr__c0p52__z1p00__lam0p010__nu0p50__psi1p25,hardzero_plus_depr,0.1,34,1031,0.0,2,0.28073263,0.28073266,0.99934024,0.10015203,0.10015203,1.0,3.37657e-08,3.3714446e-07,-27.337397,2.1985924,0.73286414,0.14400001,0.0,0.1438445,10.080135,10.090136,3302400
hardzero_plus_depr__c0p52__z1p00__lam0p010__nu0p50__psi1p25,hardzero_plus_depr,0.1,34,1032,0.0,2,0.28073266,0.28073266,1.089085,0.0,0.08145448,0.0,0.0,3.3295646e-07,-29.465391,2.3960347,0.7986783,0.112,0.0,0.15139031,10.090136,10.100136,3305600
hardzero_plus_depr__c0p52__z1p00__lam0p010__nu0p50__psi1p25,hardzero_plus_depr,0.1,34,1033,0.0,2,0.28073266,0.28073266,1.032995,0.0,0.09268405,0.0,0.0,3.2882016e-07,-27.372763,2.2726343,0.75754476,0.208,0.0,0.14419495,10.100136,10.110136,3308800
hardzero_plus_depr__c0p52__z1p00__lam0p010__nu0p50__psi1p25,hardzero_plus_depr,0.1,34,1034,0.0,2,0.28073266,0.28073266,1.009748,0.0,0.09778045,0.0,0.0,3.2473525e-07,-26.751083,2.22149,0.74049664,0.14400001,0.0,0.14705552,10.110136,10.120136,3312000
hardzero_plus_depr__c0p52__z1p00__lam0p010__nu0p50__psi1p25,hardzero_plus_depr,0.1,34,1035,0.0,2,0.28073266,0.2807327,0.9840017,0.10375243,0.10375243,1.0,3.3273544e-08,3.2070136e-07,-26.524584,2.164847,0.7216157,0.128,0.0,0.1277124,10.120136,10.1301365,3315200
hardzero_plus_depr__c0p52__z1p00__lam0p010__nu0p50__psi1p25,hardzero_plus_depr,0.1,34,1036,0.0,2,0.2807327,0.28073272,0.9992907,0.10016345,0.10016345,1.0,3.172353e-08,3.1671763e-07,-27.169365,2.1984835,0.73282784,0.16000001,0.0,0.12983683,10.1301365,10.140137,3318400
hardzero_plus_depr__c0p52__z1p00__lam0p010__nu0p50__psi1p25,hardzero_plus_depr,0.1,34,1037,0.0,2,0.28073272,0.28073275,0.98871946,0.10263147,0.10263147,1.0,3.2101383e-08,3.1278304e-07,-26.56215,2.1752262,0.7250754,0.16800001,0.0,0.14618169,10.140137,10.150137,3321600
hardzero_plus_depr__c0p52__z1p00__lam0p010__nu0p50__psi1p25,hardzero_plus_depr,0.1,34,1038,0.0,2,0.28073275,0.28073275,1.004568,0.0,0.0989537,0.0,0.0,3.088974e-07,-26.722279,2.2100937,0.7366979,0.16800001,0.0,0.12504894,10.150137,10.160137,3324800
hardzero_plus_depr__c0p52__z1p00__lam0p010__nu0p50__psi1p25,hardzero_plus_depr,0.1,34,1039,0.0,2,0.28073275,0.28073278,0.988349,0.102719046,0.102719046,1.0,3.1335496e-08,3.0506024e-07,-26.232834,2.1744113,0.7248038,0.16800001,0.0,0.122231804,10.160137,10.170137,3328000
hardzero_plus_depr__c0p52__z1p00__lam0p010__nu0p50__psi1p25,hardzero_plus_depr,0.1,34,1040,0.0,2,0.28073278,0.28073278,1.0155482,0.0,0.09648321,0.0,0.0,3.0127077e-07,-27.230913,2.2342508,0.74475026,0.19,0.0,0.16104594,10.170137,10.180138,3331200
hardzero_plus_depr__c0p52__z1p00__lam0p010__nu0p50__psi1p25,hardzero_plus_depr,0.1,34,1041,0.0,2,0.28073278,0.2807328,0.96999335,0.10715356,0.10715356,1.0,3.1881193e-08,2.975281e-07,-26.099918,2.134028,0.7113427,0.15200001,0.0,0.14284788,10.180138,10.190138,3334400
hardzero_plus_depr__c0p52__z1p00__lam0p010__nu0p50__psi1p25,hardzero_plus_depr,0.1,34,1042,0.0,2,0.2807328,0.2807328,1.0349916,0.0,0.09225892,0.0,0.0,2.9383193e-07,-27.95297,2.2770271,0.75900906,0.18400002,0.0,0.13959655,10.190138,10.200138,3337600
hardzero_plus_depr__c0p52__z1p00__lam0p010__nu0p50__psi1p25,hardzero_plus_depr,0.1,34,1043,0.0,2,0.2807328,0.28073284,0.9996286,0.10008556,0.10008556,1.0,2.9043022e-08,2.9018196e-07,-26.785147,2.1992269,0.7330756,0.15200001,0.0,0.14311774,10.200138,10.210138,3340800
hardzero_plus_depr__c0p52__z1p00__lam0p010__nu0p50__psi1p25,hardzero_plus_depr,0.1,34,1044,0.0,2,0.28073284,0.28073284,1.0124363,0.0,0.09717706,0.0,0.0,2.8657732e-07,-27.298668,2.2274044,0.7424681,0.14400001,0.0,0.15878735,10.210138,10.220139,3344000
hardzero_plus_depr__c0p52__z1p00__lam0p010__nu0p50__psi1p25,hardzero_plus_depr,0.1,34,1045,0.0,2,0.28073284,0.28073287,0.9760545,0.1056685,0.1056685,1.0,2.9905998e-08,2.8301716e-07,-25.77824,2.1473627,0.7157876,0.16000001,0.0,0.13694544,10.220139,10.230139,3347200
hardzero_plus_depr__c0p52__z1p00__lam0p010__nu0p50__psi1p25,hardzero_plus_depr,0.1,34,1046,0.0,2,0.28073287,0.28073287,1.0138096,0.0,0.09687025,0.0,0.0,2.7950128e-07,-26.579145,2.2304256,0.7434752,0.15200001,0.0,0.14593235,10.230139,10.240139,3350400
hardzero_plus_depr__c0p52__z1p00__lam0p010__nu0p50__psi1p25,hardzero_plus_depr,0.1,34,1047,0.0,2,0.28073287,0.28073287,1.0153855,0.0,0.09651937,0.0,0.0,2.7602928e-07,-26.966839,2.2338927,0.74463093,0.192,0.0,0.16533357,10.240139,10.250139,3353600
hardzero_plus_depr__c0p52__z1p00__lam0p010__nu0p50__psi1p25,hardzero_plus_depr,0.1,34,1048,0.0,2,0.28073287,0.28073287,1.0281256,0.0,0.09372908,0.0,0.0,2.7260046e-07,-27.623009,2.2619216,0.7539739,0.15200001,0.0,0.14857613,10.250139,10.260139,3356800
hardzero_plus_depr__c0p52__z1p00__lam0p010__nu0p50__psi1p25,hardzero_plus_depr,0.1,34,1049,0.0,2,0.28073287,0.28073287,1.040181,0.0,0.09116308,0.0,0.0,2.6921393e-07,-27.228468,2.288444,0.7628147,0.136,0.0,0.1625742,10.260139,10.27014,3360000
hardzero_plus_depr__c0p52__z1p00__lam0p010__nu0p50__psi1p25,hardzero_plus_depr,0.1,34,1050,0.0,2,0.28073287,0.28073287,1.0219826,0.0,0.0950643,0.0,0.0,2.6586952e-07,-27.135702,2.2484064,0.7494688,0.120000005,0.0,0.15890259,10.27014,10.28014,3363200
hardzero_plus_depr__c0p52__z1p00__lam0p010__nu0p50__psi1p25,hardzero_plus_depr,0.1,34,1051,0.0,2,0.28073287,0.28073287,1.0671028,0.0,0.08568351,0.0,0.0,2.6256689e-07,-28.049076,2.347673,0.78255767,0.136,0.0,0.18495812,10.28014,10.29014,3366400
hardzero_plus_depr__c0p52__z1p00__lam0p010__nu0p50__psi1p25,hardzero_plus_depr,0.1,34,1052,0.0,2,0.28073287,0.28073287,1.0020115,0.0,0.09953789,0.0,0.0,2.5930527e-07,-26.995209,2.2044694,0.73482317,0.15200001,0.0,0.12081716,10.29014,10.30014,3369600
hardzero_plus_depr__c0p52__z1p00__lam0p010__nu0p50__psi1p25,hardzero_plus_depr,0.1,34,1053,0.0,2,0.28073287,0.28073287,1.0150033,0.0,0.09660435,0.0,0.0,2.5608395e-07,-27.340761,2.233052,0.7443507,0.22999999,0.0,0.15483722,10.30014,10.310141,3372800
hardzero_plus_depr__c0p52__z1p00__lam0p010__nu0p50__psi1p25,hardzero_plus_depr,0.1,34,1054,0.0,2,0.28073287,0.28073287,1.01293,0.0,0.09706663,0.0,0.0,2.5290262e-07,-27.388134,2.2284906,0.7428302,0.16000001,0.0,0.14273204,10.310141,10.320141,3376000
hardzero_plus_depr__c0p52__z1p00__lam0p010__nu0p50__psi1p25,hardzero_plus_depr,0.1,34,1055,0.0,2,0.28073287,0.28073287,1.0382776,0.0,0.0915635,0.0,0.0,2.4976106e-07,-27.441532,2.2842565,0.7614188,0.128,0.0,0.15926303,10.320141,10.330141,3379200
hardzero_plus_depr__c0p52__z1p00__lam0p010__nu0p50__psi1p25,hardzero_plus_depr,0.1,34,1056,0.0,2,0.28073287,0.28073287,1.055228,0.0,0.088058636,0.0,0.0,2.4665854e-07,-27.984528,2.321548,0.77384937,0.136,0.0,0.1277628,10.330141,10.340141,3382400
hardzero_plus_depr__c0p52__z1p00__lam0p010__nu0p50__psi1p25,hardzero_plus_depr,0.1,34,1057,0.0,2,0.28073287,0.28073287,1.056019,0.0,0.0878984,0.0,0.0,2.435943e-07,-26.937313,2.3232882,0.77442944,0.14400001,0.0,0.14313531,10.340141,10.350142,3385600
hardzero_plus_depr__c0p52__z1p00__lam0p010__nu0p50__psi1p25,hardzero_plus_depr,0.1,34,1058,0.0,2,0.28073287,0.28073287,1.0324091,0.0,0.092809185,0.0,0.0,2.4056814e-07,-27.673544,2.2713454,0.7571151,0.136,0.0,0.13945578,10.350142,10.360142,3388800
hardzero_plus_depr__c0p52__z1p00__lam0p010__nu0p50__psi1p25,hardzero_plus_depr,0.1,34,1059,0.0,2,0.28073287,0.28073287,1.0074435,0.0,0.09830066,0.0,0.0,2.375798e-07,-26.568851,2.2164202,0.7388067,0.2,0.0,0.13452488,10.360142,10.370142,3392000
hardzero_plus_depr__c0p52__z1p00__lam0p010__nu0p50__psi1p25,hardzero_plus_depr,0.1,34,1060,0.0,2,0.28073287,0.2807329,0.9910743,0.10207648,0.10207648,1.0,2.395006e-08,2.3462859e-07,-26.707407,2.180407,0.72680235,0.192,0.0,0.14502405,10.370142,10.380142,3395200
hardzero_plus_depr__c0p52__z1p00__lam0p010__nu0p50__psi1p25,hardzero_plus_depr,0.1,34,1061,0.0,2,0.2807329,0.2807329,1.004993,0.0,0.0988569,0.0,0.0,2.3171378e-07,-27.283127,2.2110286,0.7370095,0.14400001,0.0,0.123017654,10.380142,10.390142,3398400
hardzero_plus_depr__c0p52__z1p00__lam0p010__nu0p50__psi1p25,hardzero_plus_depr,0.1,34,1062,0.0,2,0.2807329,0.2807329,1.0049715,0.0,0.098861784,0.0,0.0,2.2883523e-07,-27.550894,2.2109814,0.7369938,0.192,0.0,0.1852613,10.390142,10.400143,3401600
hardzero_plus_depr__c0p52__z1p00__lam0p010__nu0p50__psi1p25,hardzero_plus_depr,0.1,34,1063,0.0,2,0.2807329,0.2807329,1.0506747,0.0,0.08898674,0.0,0.0,2.2599264e-07,-27.781206,2.3115304,0.77051014,0.17600001,0.0,0.1415341,10.400143,10.410143,3404800
hardzero_plus_depr__c0p52__z1p00__lam0p010__nu0p50__psi1p25,hardzero_plus_depr,0.1,34,1064,0.0,2,0.2807329,0.2807329,1.0304625,0.0,0.0932261,0.0,0.0,2.2318534e-07,-27.938354,2.2670627,0.7556876,0.120000005,0.0,0.13939199,10.410143,10.420143,3408000
hardzero_plus_depr__c0p52__z1p00__lam0p010__nu0p50__psi1p25,hardzero_plus_depr,0.1,34,1065,0.0,2,0.2807329,0.28073293,0.96049005,0.10952416,0.10952416,1.0,2.4140519e-08,2.2041273e-07,-26.027025,2.1131203,0.7043735,0.17600001,0.0,0.13211973,10.420143,10.430143,3411200
hardzero_plus_depr__c0p52__z1p00__lam0p010__nu0p50__psi1p25,hardzero_plus_depr,0.1,34,1066,0.0,2,0.28073293,0.28073293,1.0370976,0.0,0.091812626,0.0,0.0,2.1767455e-07,-27.216557,2.2816603,0.7605535,0.17999999,0.0,0.17533925,10.430143,10.440144,3414400
hardzero_plus_depr__c0p52__z1p00__lam0p010__nu0p50__psi1p25,hardzero_plus_depr,0.1,34,1067,0.0,2,0.28073293,0.28073293,1.0385123,0.0,0.09151403,0.0,0.0,2.149706e-07,-27.605658,2.2847729,0.76159096,0.14400001,0.0,0.13475059,10.440144,10.450144,3417600
hardzero_plus_depr__c0p52__z1p00__lam0p010__nu0p50__psi1p25,hardzero_plus_depr,0.1,34,1068,0.0,2,0.28073293,0.28073293,1.0587387,0.0,0.087349676,0.0,0.0,2.1230024e-07,-28.039482,2.3292718,0.77642393,0.16800001,0.0,0.15956327,10.450144,10.460144,3420800
hardzero_plus_depr__c0p52__z1p00__lam0p010__nu0p50__psi1p25,hardzero_plus_depr,0.1,34,1069,0.0,2,0.28073293,0.28073293,1.0213143,0.0,0.09521069,0.0,0.0,2.0966284e-07,-27.36959,2.2469363,0.7489788,0.104,0.0,0.15079257,10.460144,10.470144,3424000
hardzero_plus_depr__c0p52__z1p00__lam0p010__nu0p50__psi1p25,hardzero_plus_depr,0.1,34,1070,0.0,2,0.28073293,0.28073293,1.0351323,0.0,0.09222904,0.0,0.0,2.070582e-07,-27.039646,2.2773366,0.75911224,0.14400001,0.0,0.17131905,10.470144,10.4801445,3427200
hardzero_plus_depr__c0p52__z1p00__lam0p010__nu0p50__psi1p25,hardzero_plus_depr,0.1,34,1071,0.0,2,0.28073293,0.28073293,1.0006825,0.0,0.09984298,0.0,0.0,2.0448613e-07,-26.670004,2.2015455,0.7338485,0.2,0.0,0.15622096,10.4801445,10.490145,3430400
hardzero_plus_depr__c0p52__z1p00__lam0p010__nu0p50__psi1p25,hardzero_plus_depr,0.1,34,1072,0.0,2,0.28073293,0.28073293,1.0463424,0.0,0.08987887,0.0,0.0,2.0194601e-07,-28.097124,2.301999,0.76733303,0.15200001,0.0,0.18102752,10.490145,10.500145,3433600
hardzero_plus_depr__c0p52__z1p00__lam0p010__nu0p50__psi1p25,hardzero_plus_depr,0.1,34,1073,0.0,2,0.28073293,0.28073293,1.0613416,0.0,0.0868277,0.0,0.0,1.9943722e-07,-28.296474,2.3349981,0.7783327,0.120000005,0.0,0.17437312,10.500145,10.510145,3436800
hardzero_plus_depr__c0p52__z1p00__lam0p010__nu0p50__psi1p25,hardzero_plus_depr,0.1,34,1074,0.0,2,0.28073293,0.28073293,1.0689421,0.0,0.08532139,0.0,0.0,1.9695963e-07,-28.340721,2.3517196,0.7839066,0.16800001,0.0,0.18831,10.510145,10.520145,3440000
hardzero_plus_depr__c0p52__z1p00__lam0p010__nu0p50__psi1p25,hardzero_plus_depr,0.1,34,1075,0.0,2,0.28073293,0.28073293,1.0363358,0.0,0.09197381,0.0,0.0,1.9451299e-07,-28.037392,2.2799842,0.75999475,0.136,0.0,0.15932071,10.520145,10.530146,3443200
hardzero_plus_depr__c0p52__z1p00__lam0p010__nu0p50__psi1p25,hardzero_plus_depr,0.1,34,1076,0.0,2,0.28073293,0.28073293,1.0210854,0.0,0.09526088,0.0,0.0,1.9209676e-07,-27.502516,2.2464328,0.74881095,0.192,0.0,0.14826377,10.530146,10.540146,3446400
hardzero_plus_depr__c0p52__z1p00__lam0p010__nu0p50__psi1p25,hardzero_plus_depr,0.1,34,1077,0.0,2,0.28073293,0.28073296,0.98615324,0.10323969,0.10323969,1.0,1.9585638e-08,1.8971035e-07,-27.235264,2.1695805,0.7231935,0.16800001,0.0,0.16383187,10.540146,10.550146,3449600
hardzero_plus_depr__c0p52__z1p00__lam0p010__nu0p50__psi1p25,hardzero_plus_depr,0.1,34,1078,0.0,2,0.28073296,0.280733,0.97809064,0.105174236,0.105174236,1.0,1.9704771e-08,1.8735359e-07,-27.323326,2.1518424,0.7172808,0.208,0.0,0.14853941,10.550146,10.560146,3452800
hardzero_plus_depr__c0p52__z1p00__lam0p010__nu0p50__psi1p25,hardzero_plus_depr,0.1,34,1079,0.0,2,0.280733,0.280733,1.0383267,0.0,0.09155314,0.0,0.0,1.8502627e-07,-28.431175,2.2843645,0.7614548,0.13,0.0,0.12349288,10.560146,10.570147,3456000
hardzero_plus_depr__c0p52__z1p00__lam0p010__nu0p50__psi1p25,hardzero_plus_depr,0.1,34,1080,0.0,2,0.280733,0.28073302,0.9722536,0.10659733,0.10659733,1.0,1.9478303e-08,1.8272787e-07,-26.901735,2.1390007,0.71300024,0.192,0.0,0.15909481,10.570147,10.580147,3459200
hardzero_plus_depr__c0p52__z1p00__lam0p010__nu0p50__psi1p25,hardzero_plus_depr,0.1,34,1081,0.0,2,0.28073302,0.28073302,1.0298561,0.0,0.09335637,0.0,0.0,1.8045785e-07,-27.330124,2.2657287,0.75524294,0.15200001,0.0,0.15321818,10.580147,10.590147,3462400
hardzero_plus_depr__c0p52__z1p00__lam0p010__nu0p50__psi1p25,hardzero_plus_depr,0.1,34,1082,0.0,2,0.28073302,0.28073302,1.010828,0.0,0.097537585,0.0,0.0,1.7821604e-07,-27.606617,2.223866,0.74128866,0.216,0.0,0.17619252,10.590147,10.600147,3465600
hardzero_plus_depr__c0p52__z1p00__lam0p010__nu0p50__psi1p25,hardzero_plus_depr,0.1,34,1083,0.0,2,0.28073302,0.28073302,1.0448536,0.0,0.09018752,0.0,0.0,1.7600223e-07,-27.390049,2.2987237,0.76624125,0.17600001,0.0,0.14747663,10.600147,10.610147,3468800
hardzero_plus_depr__c0p52__z1p00__lam0p010__nu0p50__psi1p25,hardzero_plus_depr,0.1,34,1084,0.0,2,0.28073302,0.28073302,1.0312824,0.0,0.09305024,0.0,0.0,1.7381593e-07,-26.77662,2.2688665,0.7562889,0.15200001,0.0,0.15863504,10.610147,10.620148,3472000
hardzero_plus_depr__c0p52__z1p00__lam0p010__nu0p50__psi1p25,hardzero_plus_depr,0.1,34,1085,0.0,2,0.28073302,0.28073305,0.98258734,0.10409087,0.10409087,1.0,1.7867887e-08,1.7165662e-07,-26.90264,2.1617353,0.72057843,0.17600001,0.0,0.1424391,10.620148,10.630148,3475200
hardzero_plus_depr__c0p52__z1p00__lam0p010__nu0p50__psi1p25,hardzero_plus_depr,0.1,34,1086,0.0,2,0.28073305,0.28073308,0.9572306,0.11034925,0.11034925,1.0,1.8706864e-08,1.6952416e-07,-26.479881,2.1059494,0.70198315,0.2,0.0,0.15423602,10.630148,10.640148,3478400
hardzero_plus_depr__c0p52__z1p00__lam0p010__nu0p50__psi1p25,hardzero_plus_depr,0.1,34,1087,0.0,2,0.28073308,0.2807331,0.9714947,0.106783785,0.106783785,1.0,1.787756e-08,1.674183e-07,-26.529133,2.137331,0.7124437,0.112,0.0,0.12985967,10.640148,10.650148,3481600
hardzero_plus_depr__c0p52__z1p00__lam0p010__nu0p50__psi1p25,hardzero_plus_depr,0.1,34,1088,0.0,2,0.2807331,0.28073314,0.97475535,0.105985045,0.105985045,1.0,1.7523424e-08,1.6533865e-07,-26.419428,2.1445045,0.71483487,0.17600001,0.0,0.12988782,10.650148,10.660149,3484800
hardzero_plus_depr__c0p52__z1p00__lam0p010__nu0p50__psi1p25,hardzero_plus_depr,0.1,34,1089,0.0,2,0.28073314,0.28073314,1.0123914,0.0,0.09718709,0.0,0.0,1.6328464e-07,-27.041702,2.2273057,0.7424352,0.17600001,0.0,0.14258954,10.660149,10.670149,3488000
hardzero_plus_depr__c0p52__z1p00__lam0p010__nu0p50__psi1p25,hardzero_plus_depr,0.1,34,1090,0.0,2,0.28073314,0.28073317,0.98562795,0.10336466,0.10336466,1.0,1.666819e-08,1.6125618e-07,-27.359388,2.1684248,0.7228083,0.14400001,0.0,0.16487926,10.670149,10.680149,3491200
hardzero_plus_depr__c0p52__z1p00__lam0p010__nu0p50__psi1p25,hardzero_plus_depr,0.1,34,1091,0.0,2,0.28073317,0.28073317,1.0219169,0.0,0.095078684,0.0,0.0,1.5925303e-07,-27.970581,2.248262,0.74942064,0.17600001,0.0,0.16228005,10.680149,10.690149,3494400
hardzero_plus_depr__c0p52__z1p00__lam0p010__nu0p50__psi1p25,hardzero_plus_depr,0.1,34,1092,0.0,2,0.28073317,0.2807332,0.93772155,0.11541929,0.11541929,1.0,1.8152548e-08,1.5727481e-07,-24.957516,2.0630286,0.6876762,0.17,0.0,0.112935625,10.690149,10.70015,3497600
hardzero_plus_depr__c0p52__z1p00__lam0p010__nu0p50__psi1p25,hardzero_plus_depr,0.1,34,1093,0.0,2,0.2807332,0.2807332,1.0185828,0.0,0.0958114,0.0,0.0,1.5532099e-07,-27.191898,2.240927,0.74697566,0.192,0.0,0.15930349,10.70015,10.71015,3500800
hardzero_plus_depr__c0p52__z1p00__lam0p010__nu0p50__psi1p25,hardzero_plus_depr,0.1,34,1094,0.0,2,0.2807332,0.2807332,1.040618,0.0,0.091071405,0.0,0.0,1.5339144e-07,-27.697062,2.289405,0.7631351,0.136,0.0,0.15785372,10.71015,10.72015,3504000
hardzero_plus_depr__c0p52__z1p00__lam0p010__nu0p50__psi1p25,hardzero_plus_depr,0.1,34,1095,0.0,2,0.2807332,0.2807332,1.071964,0.0,0.08472976,0.0,0.0,1.51486e-07,-28.447786,2.358368,0.7861227,0.104,0.0,0.1637088,10.72015,10.73015,3507200
hardzero_plus_depr__c0p52__z1p00__lam0p010__nu0p50__psi1p25,hardzero_plus_depr,0.1,34,1096,0.0,2,0.2807332,0.2807332,1.027204,0.0,0.09392818,0.0,0.0,1.4960425e-07,-26.822481,2.2598941,0.75329804,0.16000001,0.0,0.13751756,10.73015,10.74015,3510400
hardzero_plus_depr__c0p52__z1p00__lam0p010__nu0p50__psi1p25,hardzero_plus_depr,0.1,34,1097,0.0,2,0.2807332,0.2807332,1.0426002,0.0,0.09065669,0.0,0.0,1.4774572e-07,-28.03435,2.293766,0.7645887,0.2,0.0,0.1546502,10.74015,10.750151,3513600
hardzero_plus_depr__c0p52__z1p00__lam0p010__nu0p50__psi1p25,hardzero_plus_depr,0.1,34,1098,0.0,2,0.2807332,0.2807332,1.0414548,0.0,0.090896085,0.0,0.0,1.4591029e-07,-27.899784,2.2912464,0.7637488,0.17600001,0.0,0.15459351,10.750151,10.760151,3516800
hardzero_plus_depr__c0p52__z1p00__lam0p010__nu0p50__psi1p25,hardzero_plus_depr,0.1,34,1099,0.0,2,0.2807332,0.2807332,1.0206729,0.0,0.09535139,0.0,0.0,1.4409778e-07,-27.41601,2.2455254,0.74850845,0.208,0.0,0.15878788,10.760151,10.770151,3520000
hardzero_plus_depr__c0p52__z1p00__lam0p010__nu0p50__psi1p25,hardzero_plus_depr,0.1,34,1100,0.0,2,0.2807332,0.2807332,1.0486,0.0,0.08941287,0.0,0.0,1.423078e-07,-27.39129,2.306966,0.7689887,0.16000001,0.0,0.1272391,10.770151,10.780151,3523200
hardzero_plus_depr__c0p52__z1p00__lam0p010__nu0p50__psi1p25,hardzero_plus_depr,0.1,34,1101,0.0,2,0.2807332,0.2807332,1.1121151,0.0,0.077247575,0.0,0.0,1.4053992e-07,-28.707563,2.4467022,0.81556743,0.15200001,0.0,0.1679113,10.780151,10.790152,3526400
hardzero_plus_depr__c0p52__z1p00__lam0p010__nu0p50__psi1p25,hardzero_plus_depr,0.1,34,1102,0.0,2,0.2807332,0.2807332,1.0323602,0.0,0.09281963,0.0,0.0,1.38794e-07,-26.391117,2.2712379,0.7570793,0.16000001,0.0,0.14446154,10.790152,10.800152,3529600
hardzero_plus_depr__c0p52__z1p00__lam0p010__nu0p50__psi1p25,hardzero_plus_depr,0.1,34,1103,0.0,2,0.2807332,0.2807332,1.0144272,0.0,0.09673259,0.0,0.0,1.370699e-07,-26.875933,2.2317843,0.74392813,0.16800001,0.008,0.14743236,10.800152,10.810152,3532800
hardzero_plus_depr__c0p52__z1p00__lam0p010__nu0p50__psi1p25,hardzero_plus_depr,0.1,34,1104,0.0,2,0.2807332,0.2807332,1.0399672,0.0,0.091207966,0.0,0.0,1.3536722e-07,-27.693232,2.2879734,0.7626578,0.16800001,0.0,0.15693092,10.810152,10.820152,3536000
hardzero_plus_depr__c0p52__z1p00__lam0p010__nu0p50__psi1p25,hardzero_plus_depr,0.1,34,1105,0.0,2,0.2807332,0.2807332,0.97538173,0.10583231,0.10583231,1.0,1.414825e-08,1.3368555e-07,-26.906864,2.1458826,0.71529424,0.19,0.0,0.14839621,10.820152,10.8301525,3539200
hardzero_plus_depr__c0p52__z1p00__lam0p010__nu0p50__psi1p25,hardzero_plus_depr,0.1,34,1106,0.0,2,0.2807332,0.2807332,1.0645214,0.0,0.086194314,0.0,0.0,1.3202478e-07,-26.846663,2.3419938,0.7806646,0.16000001,0.0,0.15658335,10.8301525,10.840153,3542400
hardzero_plus_depr__c0p52__z1p00__lam0p010__nu0p50__psi1p25,hardzero_plus_depr,0.1,34,1107,0.0,2,0.2807332,0.2807332,1.025087,0.0,0.09438717,0.0,0.0,1.3038476e-07,-27.67495,2.2552364,0.75174546,0.128,0.0,0.15653667,10.840153,10.850153,3545600
hardzero_plus_depr__c0p52__z1p00__lam0p010__nu0p50__psi1p25,hardzero_plus_depr,0.1,34,1108,0.0,2,0.2807332,0.2807332,0.9892122,0.102515094,0.102515094,1.0,1.3200371e-08,1.2876514e-07,-26.665937,2.1763103,0.7254368,0.192,0.0,0.13243394,10.850153,10.860153,3548800
hardzero_plus_depr__c0p52__z1p00__lam0p010__nu0p50__psi1p25,hardzero_plus_depr,0.1,34,1109,0.0,2,0.2807332,0.2807332,1.0329779,0.0,0.092687696,0.0,0.0,1.2716548e-07,-27.019087,2.2725968,0.7575323,0.16000001,0.0,0.1429371,10.860153,10.870153,3552000
hardzero_plus_depr__c0p52__z1p00__lam0p010__nu0p50__psi1p25,hardzero_plus_depr,0.1,34,1110,0.0,2,0.2807332,0.2807332,0.9956951,0.10099615,0.10099615,1.0,1.2683674e-08,1.2558571e-07,-27.034344,2.190573,0.730191,0.15200001,0.0,0.14681812,10.870153,10.880154,3555200
hardzero_plus_depr__c0p52__z1p00__lam0p010__nu0p50__psi1p25,hardzero_plus_depr,0.1,34,1111,0.0,2,0.2807332,0.2807332,1.0244527,0.0,0.09452513,0.0,0.0,1.2402568e-07,-27.48791,2.253841,0.7512803,0.192,0.0,0.17572309,10.880154,10.890154,3558400
hardzero_plus_depr__c0p52__z1p00__lam0p010__nu0p50__psi1p25,hardzero_plus_depr,0.1,34,1112,0.0,2,0.2807332,0.2807332,1.0603694,0.0,0.087022305,0.0,0.0,1.2248505e-07,-27.576904,2.3328593,0.7776198,0.128,0.0,0.19720905,10.890154,10.900154,3561600
hardzero_plus_depr__c0p52__z1p00__lam0p010__nu0p50__psi1p25,hardzero_plus_depr,0.1,34,1113,0.0,2,0.2807332,0.2807332,1.0441536,0.0,0.09033299,0.0,0.0,1.209634e-07,-27.252157,2.2971838,0.76572794,0.2,0.0,0.16393602,10.900154,10.910154,3564800
hardzero_plus_depr__c0p52__z1p00__lam0p010__nu0p50__psi1p25,hardzero_plus_depr,0.1,34,1114,0.0,2,0.2807332,0.2807332,0.9855568,0.1033816,0.1033816,1.0,1.2350037e-08,1.194607e-07,-26.975304,2.1682682,0.7227561,0.18400002,0.0,0.17288184,10.910154,10.920155,3568000
hardzero_plus_depr__c0p52__z1p00__lam0p010__nu0p50__psi1p25,hardzero_plus_depr,0.1,34,1115,0.0,2,0.2807332,0.2807332,0.98787504,0.10283122,0.10283122,1.0,1.2131693e-08,1.1797675e-07,-26.796713,2.1733685,0.7244562,0.24800001,0.0,0.14656757,10.920155,10.930155,3571200
hardzero_plus_depr__c0p52__z1p00__lam0p010__nu0p50__psi1p25,hardzero_plus_depr,0.1,34,1116,0.0,2,0.2807332,0.2807332,1.0561681,0.0,0.08786823,0.0,0.0,1.1651124e-07,-27.751467,2.3236163,0.77453876,0.104,0.0,0.1855808,10.930155,10.940155,3574400
hardzero_plus_depr__c0p52__z1p00__lam0p010__nu0p50__psi1p25,hardzero_plus_depr,0.1,34,1117,0.0,2,0.2807332,0.2807332,1.0232992,0.0,0.09477652,0.0,0.0,1.1506383e-07,-27.46184,2.2513032,0.7504344,0.104,0.0,0.16850075,10.940155,10.950155,3577600
hardzero_plus_depr__c0p52__z1p00__lam0p010__nu0p50__psi1p25,hardzero_plus_depr,0.1,34,1118,0.0,2,0.2807332,0.2807332,1.0312551,0.0,0.0930561,0.0,0.0,1.13634385e-07,-27.311537,2.2688065,0.75626886,0.13,0.0,0.1379998,10.950155,10.9601555,3580800
hardzero_plus_depr__c0p52__z1p00__lam0p010__nu0p50__psi1p25,hardzero_plus_depr,0.1,34,1119,0.0,2,0.2807332,0.2807332,1.0236992,0.0,0.094689295,0.0,0.0,1.1222283e-07,-27.807697,2.2521832,0.7507278,0.18400002,0.0,0.17050314,10.9601555,10.970156,3584000
hardzero_plus_depr__c0p52__z1p00__lam0p010__nu0p50__psi1p25,hardzero_plus_depr,0.1,34,1120,0.0,2,0.2807332,0.2807332,1.0010291,0.0,0.09976331,0.0,0.0,1.10828786e-07,-27.001396,2.2023082,0.7341027,0.16000001,0.0,0.15792839,10.970156,10.980156,3587200
hardzero_plus_depr__c0p52__z1p00__lam0p010__nu0p50__psi1p25,hardzero_plus_depr,0.1,34,1121,0.0,2,0.2807332,0.2807332,0.9842467,0.10369394,0.10369394,1.0,1.1349505e-08,1.0945197e-07,-26.334719,2.165386,0.7217953,0.14400001,0.0,0.13449122,10.980156,10.990156,3590400
hardzero_plus_depr__c0p52__z1p00__lam0p010__nu0p50__psi1p25,hardzero_plus_depr,0.1,34,1122,0.0,2,0.2807332,0.2807332,1.0355219,0.0,0.09214635,0.0,0.0,1.0809225e-07,-27.869808,2.2781935,0.75939786,0.14400001,0.0,0.13613516,10.990156,11.000156,3593600
hardzero_plus_depr__c0p52__z1p00__lam0p010__nu0p50__psi1p25,hardzero_plus_depr,0.1,34,1123,0.0,2,0.2807332,0.2807332,1.0791959,0.0,0.08333053,0.0,0.0,1.0674953e-07,-27.804253,2.3742783,0.7914261,0.15200001,0.0,0.18811063,11.000156,11.010157,3596800
hardzero_plus_depr__c0p52__z1p00__lam0p010__nu0p50__psi1p25,hardzero_plus_depr,0.1,34,1124,0.0,2,0.2807332,0.2807332,0.9918888,0.10188522,0.10188522,1.0,1.0741095e-08,1.0542349e-07,-27.320032,2.182199,0.7273997,0.18400002,0.0,0.13264357,11.010157,11.020157,3600000
hardzero_plus_depr__c0p52__z1p00__lam0p010__nu0p50__psi1p25,hardzero_plus_depr,0.1,34,1125,0.0,2,0.2807332,0.2807332,1.009483,0.0,0.09784012,0.0,0.0,1.04113816e-07,-26.88381,2.220907,0.7403023,0.120000005,0.0,0.11646251,11.020157,11.030157,3603200
hardzero_plus_depr__c0p52__z1p00__lam0p010__nu0p50__psi1p25,hardzero_plus_depr,0.1,34,1126,0.0,2,0.2807332,0.2807332,0.9571738,0.11036368,0.11036368,1.0,1.1347639e-08,1.02820415e-07,-25.54095,2.1058245,0.7019415,0.2,0.0,0.12567778,11.030157,11.040157,3606400
hardzero_plus_depr__c0p52__z1p00__lam0p010__nu0p50__psi1p25,hardzero_plus_depr,0.1,34,1127,0.0,2,0.2807332,0.2807332,1.0026774,0.0,0.09938539,0.0,0.0,1.01543186e-07,-27.537395,2.2059345,0.7353115,0.048,0.0,0.13025533,11.040157,11.050158,3609600
hardzero_plus_depr__c0p52__z1p00__lam0p010__nu0p50__psi1p25,hardzero_plus_depr,0.1,34,1128,0.0,2,0.2807332,0.2807332,1.0013858,0.0,0.09968141,0.0,0.0,1.0028181e-07,-26.950195,2.2030928,0.7343643,0.192,0.0,0.13689655,11.050158,11.060158,3612800
hardzero_plus_depr__c0p52__z1p00__lam0p010__nu0p50__psi1p25,hardzero_plus_depr,0.1,34,1129,0.0,2,0.2807332,0.2807332,1.0531977,0.0,0.08847127,0.0,0.0,9.9036015e-08,-27.393005,2.3170812,0.77236044,0.18400002,0.0,0.1753157,11.060158,11.070158,3616000
hardzero_plus_depr__c0p52__z1p00__lam0p010__nu0p50__psi1p25,hardzero_plus_depr,0.1,34,1130,0.0,2,0.2807332,0.2807332,1.0099646,0.0,0.097731695,0.0,0.0,9.780569e-08,-27.172258,2.2219665,0.74065554,0.216,0.0,0.15704314,11.070158,11.080158,3619200
hardzero_plus_depr__c0p52__z1p00__lam0p010__nu0p50__psi1p25,hardzero_plus_depr,0.1,34,1131,0.0,2,0.2807332,0.2807332,0.97818047,0.105152465,0.105152465,1.0,1.0156755e-08,9.6590746e-08,-25.976498,2.15204,0.71734667,0.16,0.0,0.11414554,11.080158,11.090158,3622400
hardzero_plus_depr__c0p52__z1p00__lam0p010__nu0p50__psi1p25,hardzero_plus_depr,0.1,34,1132,0.0,2,0.2807332,0.2807332,0.9622166,0.1090896,0.1090896,1.0,1.0406154e-08,9.5390895e-08,-25.81195,2.1169188,0.7056396,0.192,0.0,0.13234787,11.090158,11.100159,3625600
hardzero_plus_depr__c0p52__z1p00__lam0p010__nu0p50__psi1p25,hardzero_plus_depr,0.1,34,1133,0.0,2,0.2807332,0.2807332,1.0240978,0.0,0.09460241,0.0,0.0,9.420586e-08,-26.218569,2.25306,0.7510201,0.16800001,0.0,0.15546022,11.100159,11.110159,3628800
hardzero_plus_depr__c0p52__z1p00__lam0p010__nu0p50__psi1p25,hardzero_plus_depr,0.1,34,1134,0.0,2,0.2807332,0.2807332,0.9922301,0.10180519,0.10180519,1.0,9.471502e-09,9.303555e-08,-26.53467,2.1829498,0.7276499,0.18400002,0.0,0.1491934,11.110159,11.120159,3632000
hardzero_plus_depr__c0p52__z1p00__lam0p010__nu0p50__psi1p25,hardzero_plus_depr,0.1,34,1135,0.0,2,0.2807332,0.2807332,1.0131773,0.0,0.09701138,0.0,0.0,9.1879855e-08,-26.593231,2.2290344,0.7430115,0.192,0.0,0.14274174,11.120159,11.130159,3635200
hardzero_plus_depr__c0p52__z1p00__lam0p010__nu0p50__psi1p25,hardzero_plus_depr,0.1,34,1136,0.0,2,0.2807332,0.2807332,1.0135618,0.0,0.09692552,0.0,0.0,9.0738524e-08,-27.47156,2.2298806,0.7432935,0.18400002,0.0,0.14085686,11.130159,11.14016,3638400
hardzero_plus_depr__c0p52__z1p00__lam0p010__nu0p50__psi1p25,hardzero_plus_depr,0.1,34,1137,0.0,2,0.2807332,0.2807332,0.9775285,0.105310455,0.105310455,1.0,9.437005e-09,8.9611284e-08,-26.604828,2.1506057,0.7168686,0.128,0.0,0.1454902,11.14016,11.15016,3641600
hardzero_plus_depr__c0p52__z1p00__lam0p010__nu0p50__psi1p25,hardzero_plus_depr,0.1,34,1138,0.0,2,0.2807332,0.2807332,1.0376793,0.0,0.09168973,0.0,0.0,8.849804e-08,-27.79015,2.2829401,0.76098007,0.128,0.0,0.13048905,11.15016,11.16016,3644800
hardzero_plus_depr__c0p52__z1p00__lam0p010__nu0p50__psi1p25,hardzero_plus_depr,0.1,34,1139,0.0,2,0.2807332,0.2807332,1.0051535,0.0,0.09882035,0.0,0.0,8.739872e-08,-26.630552,2.211382,0.7371273,0.216,0.0,0.16120532,11.16016,11.17016,3648000
hardzero_plus_depr__c0p52__z1p00__lam0p010__nu0p50__psi1p25,hardzero_plus_depr,0.1,34,1140,0.0,2,0.2807332,0.2807332,0.9234282,0.11928115,0.11928115,1.0,1.0295521e-08,8.631306e-08,-25.611256,2.0315826,0.67719424,0.24800001,0.0,0.15078677,11.17016,11.1801605,3651200
hardzero_plus_depr__c0p52__z1p00__lam0p010__nu0p50__psi1p25,hardzero_plus_depr,0.1,34,1141,0.0,2,0.2807332,0.2807332,1.0005345,0.0,0.099877,0.0,0.0,8.524079e-08,-26.36745,2.20122,0.73374003,0.128,0.0,0.1492819,11.1801605,11.190161,3654400
hardzero_plus_depr__c0p52__z1p00__lam0p010__nu0p50__psi1p25,hardzero_plus_depr,0.1,34,1142,0.0,2,0.2807332,0.2807332,0.95690954,0.11043087,0.11043087,1.0,9.296275e-09,8.418185e-08,-25.645512,2.105243,0.70174766,0.15200001,0.0,0.14086431,11.190161,11.200161,3657600
hardzero_plus_depr__c0p52__z1p00__lam0p010__nu0p50__psi1p25,hardzero_plus_depr,0.1,34,1143,0.0,2,0.2807332,0.2807332,1.0345888,0.0,0.09234452,0.0,0.0,8.313614e-08,-27.36483,2.276141,0.75871366,0.14400001,0.0,0.15376407,11.200161,11.210161,3660800
hardzero_plus_depr__c0p52__z1p00__lam0p010__nu0p50__psi1p25,hardzero_plus_depr,0.1,34,1144,0.0,2,0.2807332,0.2807332,0.991442,0.10199009,0.10199009,1.0,8.3737355e-09,8.2103426e-08,-27.326717,2.181216,0.727072,0.14,0.0,0.13700938,11.210161,11.220161,3664000
hardzero_plus_depr__c0p52__z1p00__lam0p010__nu0p50__psi1p25,hardzero_plus_depr,0.1,34,1145,0.0,2,0.2807332,0.2807332,1.04629,0.0,0.08988971,0.0,0.0,8.1083456e-08,-27.354979,2.301884,0.76729465,0.136,0.0,0.14278315,11.220161,11.230162,3667200
hardzero_plus_depr__c0p52__z1p00__lam0p010__nu0p50__psi1p25,hardzero_plus_depr,0.1,34,1146,0.0,2,0.2807332,0.2807332,1.0308934,0.0,0.09313363,0.0,0.0,8.007616e-08,-27.160892,2.2680109,0.7560036,0.16000001,0.0,0.15985337,11.230162,11.240162,3670400
hardzero_plus_depr__c0p52__z1p00__lam0p010__nu0p50__psi1p25,hardzero_plus_depr,0.1,34,1147,0.0,2,0.2807332,0.2807332,1.0407456,0.0,0.09104463,0.0,0.0,7.908145e-08,-27.632858,2.2896862,0.7632288,0.128,0.0,0.13595581,11.240162,11.250162,3673600
hardzero_plus_depr__c0p52__z1p00__lam0p010__nu0p50__psi1p25,hardzero_plus_depr,0.1,34,1148,0.0,2,0.2807332,0.2807332,0.9874719,0.10292671,0.10292671,1.0,8.038483e-09,7.80991e-08,-26.72672,2.1724815,0.72416055,0.136,0.0,0.12675402,11.250162,11.260162,3676800
hardzero_plus_depr__c0p52__z1p00__lam0p010__nu0p50__psi1p25,hardzero_plus_depr,0.1,34,1149,0.0,2,0.2807332,0.2807332,0.9847464,0.10357467,0.10357467,1.0,7.988598e-09,7.712888e-08,-26.633322,2.1664853,0.72216177,0.112,0.0,0.120186925,11.260162,11.270163,3680000
hardzero_plus_depr__c0p52__z1p00__lam0p010__nu0p50__psi1p25,hardzero_plus_depr,0.1,34,1150,0.0,2,0.2807332,0.2807332,1.0227346,0.0,0.09489982,0.0,0.0,7.6170714e-08,-27.299461,2.250061,0.7500204,0.16800001,0.0,0.15680772,11.270163,11.280163,3683200
hardzero_plus_depr__c0p52__z1p00__lam0p010__nu0p50__psi1p25,hardzero_plus_depr,0.1,34,1151,0.0,2,0.2807332,0.2807332,1.0381186,0.0,0.09159702,0.0,0.0,7.522452e-08,-28.299047,2.2839065,0.7613022,0.18400002,0.0,0.1565241,11.280163,11.290163,3686400
hardzero_plus_depr__c0p52__z1p00__lam0p010__nu0p50__psi1p25,hardzero_plus_depr,0.1,34,1152,0.0,2,0.2807332,0.2807332,0.94464874,0.113592915,0.113592915,1.0,8.4388265e-09,7.429008e-08,-26.23073,2.0782688,0.6927563,0.216,0.0,0.1382934,11.290163,11.300163,3689600
hardzero_plus_depr__c0p52__z1p00__lam0p010__nu0p50__psi1p25,hardzero_plus_depr,0.1,34,1153,0.0,2,0.2807332,0.2807332,0.96875143,0.10746043,0.10746043,1.0,7.8840685e-09,7.3367175e-08,-26.719458,2.1312957,0.71043193,0.2,0.0,0.14669439,11.300163,11.3101635,3692800
hardzero_plus_depr__c0p52__z1p00__lam0p010__nu0p50__psi1p25,hardzero_plus_depr,0.1,34,1154,0.0,2,0.2807332,0.2807332,1.0023007,0.0,0.09947163,0.0,0.0,7.245574e-08,-27.108358,2.2051058,0.7350353,0.16000001,0.0,0.13412255,11.3101635,11.320164,3696000
hardzero_plus_depr__c0p52__z1p00__lam0p010__nu0p50__psi1p25,hardzero_plus_depr,0.1,34,1155,0.0,2,0.2807332,0.2807332,1.0506635,0.0,0.088989034,0.0,0.0,7.15557e-08,-27.528114,2.3115058,0.770502,0.104,0.0,0.14981611,11.320164,11.330164,3699200
hardzero_plus_depr__c0p52__z1p00__lam0p010__nu0p50__psi1p25,hardzero_plus_depr,0.1,34,1156,0.0,2,0.2807332,0.2807332,0.96324915,0.10883055,0.10883055,1.0,7.690709e-09,7.066683e-08,-25.612556,2.1191905,0.7063968,0.17600001,0.0,0.12941289,11.330164,11.340164,3702400
hardzero_plus_depr__c0p52__z1p00__lam0p010__nu0p50__psi1p25,hardzero_plus_depr,0.1,34,1157,0.0,2,0.2807332,0.2807332,0.98891634,0.10258494,0.10258494,1.0,7.1592945e-09,6.978894e-08,-26.811611,2.1756594,0.72521985,0.17,0.0,0.14428754,11.340164,11.350164,3705600
hardzero_plus_depr__c0p52__z1p00__lam0p010__nu0p50__psi1p25,hardzero_plus_depr,0.1,34,1158,0.0,2,0.2807332,0.2807332,1.0103356,0.0,0.09764824,0.0,0.0,6.8921956e-08,-27.601389,2.2227826,0.7409276,0.18400002,0.0,0.1668447,11.350164,11.360165,3708800
hardzero_plus_depr__c0p52__z1p00__lam0p010__nu0p50__psi1p25,hardzero_plus_depr,0.1,34,1159,0.0,2,0.2807332,0.2807332,1.0257798,0.0,0.09423672,0.0,0.0,6.806581e-08,-27.284054,2.2567608,0.75225365,0.23200001,0.0,0.15112568,11.360165,11.370165,3712000
hardzero_plus_depr__c0p52__z1p00__lam0p010__nu0p50__psi1p25,hardzero_plus_depr,0.1,34,1160,0.0,2,0.2807332,0.2807332,1.0441811,0.0,0.09032727,0.0,0.0,6.722029e-08,-27.954857,2.2972443,0.76574814,0.16000001,0.0,0.15801592,11.370165,11.380165,3715200
hardzero_plus_depr__c0p52__z1p00__lam0p010__nu0p50__psi1p25,hardzero_plus_depr,0.1,34,1161,0.0,2,0.2807332,0.2807332,0.98977375,0.10238261,0.10238261,1.0,6.796691e-09,6.638521e-08,-26.54267,2.1775458,0.7258486,0.216,0.0,0.13523126,11.380165,11.390165,3718400
hardzero_plus_depr__c0p52__z1p00__lam0p010__nu0p50__psi1p25,hardzero_plus_depr,0.1,34,1162,0.0,2,0.2807332,0.2807332,1.0171996,0.0,0.09611703,0.0,0.0,6.556051e-08,-26.954329,2.2378838,0.7459613,0.15200001,0.0,0.1488166,11.390165,11.400166,3721600
hardzero_plus_depr__c0p52__z1p00__lam0p010__nu0p50__psi1p25,hardzero_plus_depr,0.1,34,1163,0.0,2,0.2807332,0.2807332,1.0285485,0.0,0.09363786,0.0,0.0,6.4746125e-08,-27.190853,2.2628517,0.7542839,0.120000005,0.0,0.13630389,11.400166,11.410166,3724800
hardzero_plus_depr__c0p52__z1p00__lam0p010__nu0p50__psi1p25,hardzero_plus_depr,0.1,34,1164,0.0,2,0.2807332,0.2807332,0.9870631,0.10302363,0.10302363,1.0,6.5875216e-09,6.394185e-08,-26.452583,2.1715822,0.72386074,0.16800001,0.0,0.14685771,11.410166,11.420166,3728000
hardzero_plus_depr__c0p52__z1p00__lam0p010__nu0p50__psi1p25,hardzero_plus_depr,0.1,34,1165,0.0,2,0.2807332,0.2807332,1.0340692,0.0,0.0924551,0.0,0.0,6.3147496e-08,-27.291891,2.2749977,0.7583326,0.208,0.0,0.16869642,11.420166,11.430166,3731200
hardzero_plus_depr__c0p52__z1p00__lam0p010__nu0p50__psi1p25,hardzero_plus_depr,0.1,34,1166,0.0,2,0.2807332,0.2807332,1.0330739,0.0,0.092667215,0.0,0.0,6.236302e-08,-27.648407,2.272808,0.7576027,0.192,0.0,0.19061159,11.430166,11.440166,3734400
hardzero_plus_depr__c0p52__z1p00__lam0p010__nu0p50__psi1p25,hardzero_plus_depr,0.1,34,1167,0.0,2,0.2807332,0.2807332,0.993108,0.1015996,0.1015996,1.0,6.2573515e-09,6.158835e-08,-26.671074,2.1848812,0.7282938,0.2,0.0,0.13955055,11.440166,11.450167,3737600
hardzero_plus_depr__c0p52__z1p00__lam0p010__nu0p50__psi1p25,hardzero_plus_depr,0.1,34,1168,0.0,2,0.2807332,0.2807332,1.0609127,0.0,0.08691351,0.0,0.0,6.08233e-08,-27.717428,2.3340547,0.77801824,0.17600001,0.0,0.14196151,11.450167,11.460167,3740800
hardzero_plus_depr__c0p52__z1p00__lam0p010__nu0p50__psi1p25,hardzero_plus_depr,0.1,34,1169,0.0,2,0.2807332,0.2807332,1.0405426,0.0,0.09108721,0.0,0.0,6.006769e-08,-27.373083,2.2892394,0.7630798,0.112,0.0,0.14741966,11.460167,11.470167,3744000
hardzero_plus_depr__c0p52__z1p00__lam0p010__nu0p50__psi1p25,hardzero_plus_depr,0.1,34,1170,0.0,2,0.2807332,0.2807332,0.965895,0.10816954,0.10816954,1.0,6.416776e-09,5.932147e-08,-26.55741,2.1250114,0.7083372,0.14999999,0.0,0.15255518,11.470167,11.480167,3747200
hardzero_plus_depr__c0p52__z1p00__lam0p010__nu0p50__psi1p25,hardzero_plus_depr,0.1,34,1171,0.0,2,0.2807332,0.2807332,1.027668,0.0,0.09382791,0.0,0.0,5.858458e-08,-27.614355,2.2609148,0.75363827,0.16000001,0.0,0.16250838,11.480167,11.490168,3750400
hardzero_plus_depr__c0p52__z1p00__lam0p010__nu0p50__psi1p25,hardzero_plus_depr,0.1,34,1172,0.0,2,0.2807332,0.2807332,0.9573895,0.11030887,0.11030887,1.0,6.382123e-09,5.785684e-08,-25.85394,2.106299,0.7020997,0.18400002,0.0,0.12511723,11.490168,11.500168,3753600
hardzero_plus_depr__c0p52__z1p00__lam0p010__nu0p50__psi1p25,hardzero_plus_depr,0.1,34,1173,0.0,2,0.2807332,0.2807332,0.9928975,0.10164885,0.10164885,1.0,5.8080216e-09,5.713809e-08,-26.497297,2.1844182,0.7281394,0.208,0.0,0.1518011,11.500168,11.510168,3756800
hardzero_plus_depr__c0p52__z1p00__lam0p010__nu0p50__psi1p25,hardzero_plus_depr,0.1,34,1174,0.0,2,0.2807332,0.2807332,1.0151415,0.0,0.096573606,0.0,0.0,5.6428263e-08,-26.882853,2.2333558,0.74445194,0.16000001,0.0,0.14838989,11.510168,11.520168,3760000
hardzero_plus_depr__c0p52__z1p00__lam0p010__nu0p50__psi1p25,hardzero_plus_depr,0.1,34,1175,0.0,2,0.2807332,0.2807332,1.0554982,0.0,0.08800386,0.0,0.0,5.572731e-08,-28.186625,2.3221426,0.77404755,0.18400002,0.0,0.15090092,11.520168,11.530169,3763200
hardzero_plus_depr__c0p52__z1p00__lam0p010__nu0p50__psi1p25,hardzero_plus_depr,0.1,34,1176,0.0,2,0.2807332,0.2807332,1.0640559,0.0,0.08628673,0.0,0.0,5.503507e-08,-28.074081,2.3409698,0.78032327,0.128,0.0,0.16961177,11.530169,11.540169,3766400
hardzero_plus_depr__c0p52__z1p00__lam0p010__nu0p50__psi1p25,hardzero_plus_depr,0.1,34,1177,0.0,2,0.2807332,0.2807332,0.9604837,0.109525785,0.109525785,1.0,5.9528764e-09,5.435137e-08,-25.786657,2.1131063,0.70436877,0.18400002,0.0,0.14132638,11.540169,11.550169,3769600
hardzero_plus_depr__c0p52__z1p00__lam0p010__nu0p50__psi1p25,hardzero_plus_depr,0.1,34,1178,0.0,2,0.2807332,0.2807332,0.9141529,0.12185604,0.12185604,1.0,6.5407653e-09,5.3676168e-08,-25.152563,2.0111766,0.6703922,0.23200001,0.0,0.12800123,11.550169,11.560169,3772800
hardzero_plus_depr__c0p52__z1p00__lam0p010__nu0p50__psi1p25,hardzero_plus_depr,0.1,34,1179,0.0,2,0.2807332,0.2807332,0.97221494,0.10660683,0.10660683,1.0,5.651164e-09,5.3009398e-08,-26.913607,2.1389155,0.71297187,0.16000001,0.0,0.15515582,11.560169,11.570169,3776000
hardzero_plus_depr__c0p52__z1p00__lam0p010__nu0p50__psi1p25,hardzero_plus_depr,0.1,34,1180,0.0,2,0.2807332,0.2807332,1.0002254,0.0,0.09994811,0.0,0.0,5.2350913e-08,-27.190697,2.2005398,0.7335133,0.16000001,0.0,0.15192652,11.570169,11.58017,3779200
hardzero_plus_depr__c0p52__z1p00__lam0p010__nu0p50__psi1p25,hardzero_plus_depr,0.1,34,1181,0.0,2,0.2807332,0.2807332,1.0357182,0.0,0.0921047,0.0,0.0,5.1700564e-08,-26.748835,2.2786255,0.75954187,0.14400001,0.0,0.1351094,11.58017,11.59017,3782400
hardzero_plus_depr__c0p52__z1p00__lam0p010__nu0p50__psi1p25,hardzero_plus_depr,0.1,34,1182,0.0,2,0.2807332,0.2807332,0.9910107,0.102091424,0.102091424,1.0,5.2126135e-09,5.105829e-08,-25.67707,2.180267,0.72675574,0.2,0.0,0.12556863,11.59017,11.60017,3785600
hardzero_plus_depr__c0p52__z1p00__lam0p010__nu0p50__psi1p25,hardzero_plus_depr,0.1,34,1183,0.0,2,0.2807332,0.2807332,1.0600427,0.0,0.08708779,0.0,0.0,5.0424042e-08,-27.116518,2.3321407,0.7773802,0.13,0.0,0.15713282,11.60017,11.61017,3788800
hardzero_plus_depr__c0p52__z1p00__lam0p010__nu0p50__psi1p25,hardzero_plus_depr,0.1,34,1184,0.0,2,0.2807332,0.2807332,1.0066452,0.0,0.09848152,0.0,0.0,4.9797677e-08,-27.071907,2.2146637,0.7382213,0.136,0.0,0.14012378,11.61017,11.620171,3792000
hardzero_plus_depr__c0p52__z1p00__lam0p010__nu0p50__psi1p25,hardzero_plus_depr,0.1,34,1185,0.0,2,0.2807332,0.2807332,1.0290267,0.0,0.093534805,0.0,0.0,4.917904e-08,-26.522326,2.263904,0.75463474,0.120000005,0.0,0.15118337,11.620171,11.630171,3795200
hardzero_plus_depr__c0p52__z1p00__lam0p010__nu0p50__psi1p25,hardzero_plus_depr,0.1,34,1186,0.0,2,0.2807332,0.2807332,1.0015184,0.0,0.09965099,0.0,0.0,4.8568094e-08,-26.18012,2.2033844,0.7344615,0.14400001,0.0,0.1228516,11.630171,11.640171,3798400
hardzero_plus_depr__c0p52__z1p00__lam0p010__nu0p50__psi1p25,hardzero_plus_depr,0.1,34,1187,0.0,2,0.2807332,0.2807332,1.0513296,0.0,0.08885265,0.0,0.0,4.796478e-08,-27.86571,2.3129714,0.7709905,0.14400001,0.0,0.15152591,11.640171,11.650171,3801600
hardzero_plus_depr__c0p52__z1p00__lam0p010__nu0p50__psi1p25,hardzero_plus_depr,0.1,34,1188,0.0,2,0.2807332,0.2807332,1.007016,0.0,0.09839749,0.0,0.0,4.7368957e-08,-27.2409,2.2154794,0.73849314,0.136,0.0,0.14187557,11.650171,11.6601715,3804800
hardzero_plus_depr__c0p52__z1p00__lam0p010__nu0p50__psi1p25,hardzero_plus_depr,0.1,34,1189,0.0,2,0.2807332,0.2807332,0.9942737,0.101327255,0.101327255,1.0,4.7401394e-09,4.6780496e-08,-27.330954,2.1874459,0.7291486,0.15200001,0.0,0.14387783,11.6601715,11.670172,3808000
hardzero_plus_depr__c0p52__z1p00__lam0p010__nu0p50__psi1p25,hardzero_plus_depr,0.1,34,1190,0.0,2,0.2807332,0.2807332,1.0080436,0.0,0.09816494,0.0,0.0,4.6199343e-08,-26.075863,2.2177403,0.7392468,0.064,0.0,0.12040325,11.670172,11.680172,3811200
hardzero_plus_depr__c0p52__z1p00__lam0p010__nu0p50__psi1p25,hardzero_plus_depr,0.1,34,1191,0.0,2,0.2807332,0.2807332,1.0403962,0.0,0.09111792,0.0,0.0,4.5625455e-08,-27.645485,2.2889173,0.7629725,0.096,0.0,0.16819525,11.680172,11.690172,3814400
hardzero_plus_depr__c0p52__z1p00__lam0p010__nu0p50__psi1p25,hardzero_plus_depr,0.1,34,1192,0.0,2,0.2807332,0.2807332,1.0202017,0.0,0.0954549,0.0,0.0,4.5058695e-08,-26.704082,2.2444885,0.74816287,0.120000005,0.0,0.14306432,11.690172,11.700172,3817600
hardzero_plus_depr__c0p52__z1p00__lam0p010__nu0p50__psi1p25,hardzero_plus_depr,0.1,34,1193,0.0,2,0.2807332,0.2807332,1.0385058,0.0,0.09151541,0.0,0.0,4.4498933e-08,-28.136934,2.2847583,0.7615861,0.15200001,0.0,0.1657321,11.700172,11.710173,3820800
hardzero_plus_depr__c0p52__z1p00__lam0p010__nu0p50__psi1p25,hardzero_plus_depr,0.1,34,1194,0.0,2,0.2807332,0.2807332,1.0402827,0.0,0.09114174,0.0,0.0,4.3946123e-08,-27.348541,2.2886677,0.76288927,0.16800001,0.0,0.15502046,11.710173,11.720173,3824000
hardzero_plus_depr__c0p52__z1p00__lam0p010__nu0p50__psi1p25,hardzero_plus_depr,0.1,34,1195,0.0,2,0.2807332,0.2807332,1.0395713,0.0,0.09129116,0.0,0.0,4.3400227e-08,-27.478554,2.2871025,0.7623675,0.104,0.0,0.13035432,11.720173,11.730173,3827200
hardzero_plus_depr__c0p52__z1p00__lam0p010__nu0p50__psi1p25,hardzero_plus_depr,0.1,34,1196,0.0,2,0.2807332,0.2807332,0.97358483,0.106271096,0.106271096,1.0,4.5548973e-09,4.286111e-08,-26.88623,2.1419294,0.7139765,0.16,0.0,0.12914857,11.730173,11.740173,3830400
hardzero_plus_depr__c0p52__z1p00__lam0p010__nu0p50__psi1p25,hardzero_plus_depr,0.1,34,1197,0.0,2,0.2807332,0.2807332,0.96844125,0.107537195,0.107537195,1.0,4.551904e-09,4.2328647e-08,-26.310633,2.1306133,0.7102045,0.112,0.0,0.1497862,11.740173,11.750174,3833600
hardzero_plus_depr__c0p52__z1p00__lam0p010__nu0p50__psi1p25,hardzero_plus_depr,0.1,34,1198,0.0,2,0.2807332,0.2807332,1.0259042,0.0,0.09420974,0.0,0.0,4.18028e-08,-27.157715,2.2570343,0.7523448,0.16000001,0.0,0.13074341,11.750174,11.760174,3836800
hardzero_plus_depr__c0p52__z1p00__lam0p010__nu0p50__psi1p25,hardzero_plus_depr,0.1,34,1199,0.0,2,0.2807332,0.2807332,1.0384101,0.0,0.09153557,0.0,0.0,4.1283524e-08,-27.448187,2.2845478,0.761516,0.128,0.0,0.12025738,11.760174,11.770174,3840000
hardzero_plus_depr__c0p52__z1p00__lam0p010__nu0p50__psi1p25,hardzero_plus_depr,0.1,34,1200,0.0,2,0.2807332,0.2807332,1.0486059,0.0,0.08941165,0.0,0.0,4.07707e-08,-26.899431,2.3069792,0.7689931,0.14400001,0.0,0.16202243,11.770174,11.780174,3843200
hardzero_plus_depr__c0p52__z1p00__lam0p010__nu0p50__psi1p25,hardzero_plus_depr,0.1,34,1201,0.0,2,0.2807332,0.2807332,1.0262088,0.0,0.094143696,0.0,0.0,4.0264208e-08,-27.872501,2.2577043,0.7525681,0.18400002,0.0,0.16838731,11.780174,11.7901745,3846400
hardzero_plus_depr__c0p52__z1p00__lam0p010__nu0p50__psi1p25,hardzero_plus_depr,0.1,34,1202,0.0,2,0.2807332,0.2807332,1.050447,0.0,0.08903341,0.0,0.0,3.9764007e-08,-27.17652,2.3110294,0.7703432,0.15200001,0.0,0.14635974,11.7901745,11.800175,3849600
hardzero_plus_depr__c0p52__z1p00__lam0p010__nu0p50__psi1p25,hardzero_plus_depr,0.1,34,1203,0.0,2,0.2807332,0.2807332,0.99243456,0.101757266,0.101757266,1.0,3.9960137e-09,3.927006e-08,-27.16803,2.1833997,0.7277999,0.16800001,0.0,0.15939693,11.800175,11.810175,3852800
hardzero_plus_depr__c0p52__z1p00__lam0p010__nu0p50__psi1p25,hardzero_plus_depr,0.1,34,1204,0.0,2,0.2807332,0.2807332,1.0053716,0.0,0.09877077,0.0,0.0,3.8782247e-08,-26.08604,2.2118616,0.7372872,0.128,0.0,0.13885894,11.810175,11.820175,3856000
hardzero_plus_depr__c0p52__z1p00__lam0p010__nu0p50__psi1p25,hardzero_plus_depr,0.1,34,1205,0.0,2,0.2807332,0.2807332,1.0345811,0.0,0.09234618,0.0,0.0,3.8300456e-08,-27.450312,2.2761238,0.75870794,0.128,0.0,0.19040222,11.820175,11.830175,3859200
hardzero_plus_depr__c0p52__z1p00__lam0p010__nu0p50__psi1p25,hardzero_plus_depr,0.1,34,1206,0.0,2,0.2807332,0.2807332,1.0083591,0.0,0.098093644,0.0,0.0,3.7824652e-08,-26.779367,2.2184343,0.7394781,0.128,0.0,0.12776612,11.830175,11.840176,3862400
hardzero_plus_depr__c0p52__z1p00__lam0p010__nu0p50__psi1p25,hardzero_plus_depr,0.1,34,1207,0.0,2,0.2807332,0.2807332,1.0315171,0.0,0.09299999,0.0,0.0,3.735479e-08,-27.524248,2.269383,0.756461,0.18400002,0.0,0.15618989,11.840176,11.850176,3865600
hardzero_plus_depr__c0p52__z1p00__lam0p010__nu0p50__psi1p25,hardzero_plus_depr,0.1,34,1208,0.0,2,0.2807332,0.2807332,0.98972684,0.102393694,0.102393694,1.0,3.7773824e-09,3.689077e-08,-26.524426,2.1774426,0.7258142,0.14400001,0.0,0.15480296,11.850176,11.860176,3868800
hardzero_plus_depr__c0p52__z1p00__lam0p010__nu0p50__psi1p25,hardzero_plus_depr,0.1,34,1209,0.0,2,0.2807332,0.2807332,1.0011053,0.0,0.09974581,0.0,0.0,3.643248e-08,-26.164398,2.2024758,0.73415864,0.14,0.0,0.1260254,11.860176,11.870176,3872000
hardzero_plus_depr__c0p52__z1p00__lam0p010__nu0p50__psi1p25,hardzero_plus_depr,0.1,34,1210,0.0,2,0.2807332,0.2807332,1.0245537,0.0,0.09450315,0.0,0.0,3.5979877e-08,-27.320654,2.2540631,0.7513544,0.096,0.0,0.15073866,11.870176,11.880177,3875200
hardzero_plus_depr__c0p52__z1p00__lam0p010__nu0p50__psi1p25,hardzero_plus_depr,0.1,34,1211,0.0,2,0.2807332,0.2807332,0.9857797,0.10332854,0.10332854,1.0,3.6715666e-09,3.553294e-08,-26.948729,2.1687586,0.7229196,0.128,0.0,0.14103717,11.880177,11.890177,3878400
hardzero_plus_depr__c0p52__z1p00__lam0p010__nu0p50__psi1p25,hardzero_plus_depr,0.1,34,1212,0.0,2,0.2807332,0.2807332,1.0290061,0.0,0.09353924,0.0,0.0,3.509155e-08,-27.91667,2.2638586,0.75461954,0.16800001,0.0,0.12625428,11.890177,11.900177,3881600
hardzero_plus_depr__c0p52__z1p00__lam0p010__nu0p50__psi1p25,hardzero_plus_depr,0.1,34,1213,0.0,2,0.2807332,0.2807332,1.0453975,0.0,0.09007462,0.0,0.0,3.4655606e-08,-27.883347,2.2999206,0.7666402,0.128,0.0,0.15016136,11.900177,11.910177,3884800
hardzero_plus_depr__c0p52__z1p00__lam0p010__nu0p50__psi1p25,hardzero_plus_depr,0.1,34,1214,0.0,2,0.2807332,0.2807332,0.9543122,0.11109328,0.11109328,1.0,3.802177e-09,3.422508e-08,-25.954374,2.0995288,0.69984293,0.128,0.0,0.11394641,11.910177,11.920177,3888000
hardzero_plus_depr__c0p52__z1p00__lam0p010__nu0p50__psi1p25,hardzero_plus_depr,0.1,34,1215,0.0,2,0.2807332,0.2807332,1.0100201,0.0,0.097719185,0.0,0.0,3.3799935e-08,-26.178614,2.2220886,0.7406962,0.112,0.0,0.1252018,11.920177,11.930178,3891200
hardzero_plus_depr__c0p52__z1p00__lam0p010__nu0p50__psi1p25,hardzero_plus_depr,0.1,34,1216,0.0,2,0.2807332,0.2807332,1.0504357,0.0,0.08903573,0.0,0.0,3.3380072e-08,-27.619856,2.3110046,0.7703349,0.14400001,0.0,0.1512318,11.930178,11.940178,3894400
hardzero_plus_depr__c0p52__z1p00__lam0p010__nu0p50__psi1p25,hardzero_plus_depr,0.1,34,1217,0.0,2,0.2807332,0.2807332,1.0176914,0.0,0.09600826,0.0,0.0,3.2965396e-08,-26.870056,2.2389657,0.7463219,0.128,0.0,0.11654139,11.940178,11.950178,3897600
hardzero_plus_depr__c0p52__z1p00__lam0p010__nu0p50__psi1p25,hardzero_plus_depr,0.1,34,1218,0.0,2,0.2807332,0.2807332,0.96997803,0.107157335,0.107157335,1.0,3.4886e-09,3.2555867e-08,-26.581955,2.1339943,0.7113315,0.17600001,0.0,0.14572383,11.950178,11.960178,3900800
hardzero_plus_depr__c0p52__z1p00__lam0p010__nu0p50__psi1p25,hardzero_plus_depr,0.1,34,1219,0.0,2,0.2807332,0.2807332,1.0104142,0.0,0.09763055,0.0,0.0,3.215146e-08,-27.00756,2.2229557,0.7409853,0.17600001,0.0,0.1566572,11.960178,11.970179,3904000
hardzero_plus_depr__c0p52__z1p00__lam0p010__nu0p50__psi1p25,hardzero_plus_depr,0.1,34,1220,0.0,2,0.2807332,0.2807332,1.0018741,0.0,0.09956941,0.0,0.0,3.1752073e-08,-27.312859,2.2041671,0.7347224,0.24800001,0.0,0.15728691,11.970179,11.980179,3907200
hardzero_plus_depr__c0p52__z1p00__lam0p010__nu0p50__psi1p25,hardzero_plus_depr,0.1,34,1221,0.0,2,0.2807332,0.2807332,1.0288703,0.0,0.0935685,0.0,0.0,3.135762e-08,-27.193493,2.26356,0.75452006,0.128,0.0,0.13791828,11.980179,11.990179,3910400
hardzero_plus_depr__c0p52__z1p00__lam0p010__nu0p50__psi1p25,hardzero_plus_depr,0.1,34,1222,0.0,2,0.2807332,0.2807332,1.0446,0.0,0.090240195,0.0,0.0,3.0968064e-08,-27.354898,2.2981658,0.7660553,0.12,0.0,0.15042235,11.990179,12.000179,3913600
hardzero_plus_depr__c0p52__z1p00__lam0p010__nu0p50__psi1p25,hardzero_plus_depr,0.1,34,1223,0.0,2,0.2807332,0.2807332,0.9726665,0.10649605,0.10649605,1.0,3.2570087e-09,3.0583376e-08,-26.137955,2.139909,0.713303,0.136,0.0,0.11778896,12.000179,12.0101795,3916800
hardzero_plus_depr__c0p52__z1p00__lam0p010__nu0p50__psi1p25,hardzero_plus_depr,0.1,34,1224,0.0,2,0.2807332,0.2807332,1.03754,0.0,0.09171916,0.0,0.0,3.0203474e-08,-26.553135,2.2826335,0.76087785,0.14400001,0.0,0.14183523,12.0101795,12.02018,3920000
hardzero_plus_depr__c0p52__z1p00__lam0p010__nu0p50__psi1p25,hardzero_plus_depr,0.1,34,1225,0.0,2,0.2807332,0.2807332,0.9719194,0.106679395,0.106679395,1.0,3.18206e-09,2.9828254e-08,-26.821896,2.1382654,0.71275514,0.208,0.008,0.13832264,12.02018,12.03018,3923200
hardzero_plus_depr__c0p52__z1p00__lam0p010__nu0p50__psi1p25,hardzero_plus_depr,0.1,34,1226,0.0,2,0.2807332,0.2807332,1.0473889,0.0,0.089662544,0.0,0.0,2.9457699e-08,-28.243647,2.3043017,0.7681006,0.136,0.0,0.16921896,12.03018,12.04018,3926400
hardzero_plus_depr__c0p52__z1p00__lam0p010__nu0p50__psi1p25,hardzero_plus_depr,0.1,34,1227,0.0,2,0.2807332,0.2807332,1.0407073,0.0,0.09105267,0.0,0.0,2.9091778e-08,-27.497059,2.2896018,0.76320064,0.104,0.0,0.1601486,12.04018,12.05018,3929600
hardzero_plus_depr__c0p52__z1p00__lam0p010__nu0p50__psi1p25,hardzero_plus_depr,0.1,34,1228,0.0,2,0.2807332,0.2807332,1.0718912,0.0,0.084743954,0.0,0.0,2.8730398e-08,-28.02013,2.3582077,0.7860693,0.120000005,0.0,0.15136074,12.05018,12.060181,3932800
hardzero_plus_depr__c0p52__z1p00__lam0p010__nu0p50__psi1p25,hardzero_plus_depr,0.1,34,1229,0.0,2,0.2807332,0.2807332,0.978176,0.10515357,0.10515357,1.0,2.9835727e-09,2.8373481e-08,-26.396662,2.1520302,0.71734345,0.14400001,0.0,0.13008982,12.060181,12.070181,3936000
hardzero_plus_depr__c0p52__z1p00__lam0p010__nu0p50__psi1p25,hardzero_plus_depr,0.1,34,1230,0.0,2,0.2807332,0.2807332,1.0067387,0.0,0.09846034,0.0,0.0,2.8020997e-08,-27.440035,2.2148693,0.7382898,0.112,0.0,0.13722125,12.070181,12.080181,3939200
hardzero_plus_depr__c0p52__z1p00__lam0p010__nu0p50__psi1p25,hardzero_plus_depr,0.1,34,1231,0.0,2,0.2807332,0.2807332,1.0727572,0.0,0.08457514,0.0,0.0,2.7672924e-08,-27.630342,2.3601131,0.7867044,0.056,0.0,0.14515162,12.080181,12.090181,3942400
hardzero_plus_depr__c0p52__z1p00__lam0p010__nu0p50__psi1p25,hardzero_plus_depr,0.1,34,1232,0.0,2,0.2807332,0.2807332,1.0189823,0.0,0.095723316,0.0,0.0,2.7329168e-08,-27.671686,2.2418058,0.7472686,0.16800001,0.0,0.17802356,12.090181,12.100182,3945600
hardzero_plus_depr__c0p52__z1p00__lam0p010__nu0p50__psi1p25,hardzero_plus_depr,0.1,34,1233,0.0,2,0.2807332,0.2807332,0.9957073,0.100993335,0.100993335,1.0,2.7257756e-09,2.6989659e-08,-27.708525,2.1905997,0.73019993,0.28800002,0.0,0.1453132,12.100182,12.110182,3948800
hardzero_plus_depr__c0p52__z1p00__lam0p010__nu0p50__psi1p25,hardzero_plus_depr,0.1,34,1234,0.0,2,0.2807332,0.2807332,1.0364078,0.0,0.09195857,0.0,0.0,2.6654366e-08,-26.681528,2.2801428,0.7600476,0.14400001,0.0,0.15916255,12.110182,12.120182,3952000
hardzero_plus_depr__c0p52__z1p00__lam0p010__nu0p50__psi1p25,hardzero_plus_depr,0.1,34,1235,0.0,2,0.2807332,0.2807332,0.941144,0.114513315,0.114513315,1.0,3.0143645e-09,2.6323267e-08,-25.92726,2.070558,0.690186,0.17999999,0.0,0.13976794,12.120182,12.130182,3955200
hardzero_plus_depr__c0p52__z1p00__lam0p010__nu0p50__psi1p25,hardzero_plus_depr,0.1,34,1236,0.0,2,0.2807332,0.2807332,1.0228428,0.0,0.09487618,0.0,0.0,2.5996277e-08,-26.880203,2.250299,0.75009966,0.16000001,0.0,0.1613178,12.130182,12.1401825,3958400
hardzero_plus_depr__c0p52__z1p00__lam0p010__nu0p50__psi1p25,hardzero_plus_depr,0.1,34,1237,0.0,2,0.2807332,0.2807332,1.0539991,0.0,0.08830818,0.0,0.0,2.5673328e-08,-28.556263,2.3188443,0.77294815,0.15200001,0.0,0.17537415,12.1401825,12.150183,3961600
hardzero_plus_depr__c0p52__z1p00__lam0p010__nu0p50__psi1p25,hardzero_plus_depr,0.1,34,1238,0.0,2,0.2807332,0.2807332,1.0476453,0.0,0.08960963,0.0,0.0,2.535439e-08,-28.31059,2.3048658,0.7682886,0.120000005,0.0,0.14751226,12.150183,12.160183,3964800
hardzero_plus_depr__c0p52__z1p00__lam0p010__nu0p50__psi1p25,hardzero_plus_depr,0.1,34,1239,0.0,2,0.2807332,0.2807332,0.94838023,0.112621084,0.112621084,1.0,2.8199687e-09,2.5039439e-08,-26.032095,2.0864782,0.69549274,0.18400002,0.0,0.13854112,12.160183,12.170183,3968000
hardzero_plus_depr__c0p52__z1p00__lam0p010__nu0p50__psi1p25,hardzero_plus_depr,0.1,34,1240,0.0,2,0.2807332,0.2807332,1.0045053,0.0,0.09896798,0.0,0.0,2.4728397e-08,-26.779846,2.2099557,0.7366519,0.16000001,0.0,0.124111585,12.170183,12.180183,3971200
hardzero_plus_depr__c0p52__z1p00__lam0p010__nu0p50__psi1p25,hardzero_plus_depr,0.1,34,1241,0.0,2,0.2807332,0.2807332,1.0446177,0.0,0.090236515,0.0,0.0,2.4421198e-08,-28.109613,2.2982047,0.7660682,0.136,0.0,0.14481346,12.180183,12.190184,3974400
hardzero_plus_depr__c0p52__z1p00__lam0p010__nu0p50__psi1p25,hardzero_plus_depr,0.1,34,1242,0.0,2,0.2807332,0.2807332,0.9999106,0.10002058,0.10002058,1.0,2.4122777e-09,2.4117814e-08,-26.46441,2.1998472,0.73328245,0.18400002,0.0,0.12215765,12.190184,12.200184,3977600
hardzero_plus_depr__c0p52__z1p00__lam0p010__nu0p50__psi1p25,hardzero_plus_depr,0.1,34,1243,0.0,2,0.2807332,0.2807332,1.0233408,0.0,0.09476744,0.0,0.0,2.3818222e-08,-27.625574,2.2513947,0.7504649,0.120000005,0.0,0.146808,12.200184,12.210184,3980800
hardzero_plus_depr__c0p52__z1p00__lam0p010__nu0p50__psi1p25,hardzero_plus_depr,0.1,34,1244,0.0,2,0.2807332,0.2807332,0.99241173,0.10176262,0.10176262,1.0,2.3936961e-09,2.3522352e-08,-26.553034,2.1833494,0.72778314,0.120000005,0.0,0.12769887,12.210184,12.220184,3984000
hardzero_plus_depr__c0p52__z1p00__lam0p010__nu0p50__psi1p25,hardzero_plus_depr,0.1,34,1245,0.0,2,0.2807332,0.2807332,0.971163,0.10686538,0.10686538,1.0,2.4824973e-09,2.3230134e-08,-26.767937,2.1366012,0.7122004,0.16800001,0.0,0.13096626,12.220184,12.230185,3987200
hardzero_plus_depr__c0p52__z1p00__lam0p010__nu0p50__psi1p25,hardzero_plus_depr,0.1,34,1246,0.0,2,0.2807332,0.2807332,0.9948017,0.10120415,0.10120415,1.0,2.3217799e-09,2.2941547e-08,-26.179363,2.1886075,0.7295358,0.216,0.0,0.15401793,12.230185,12.240185,3990400
hardzero_plus_depr__c0p52__z1p00__lam0p010__nu0p50__psi1p25,hardzero_plus_depr,0.1,34,1247,0.0,2,0.2807332,0.2807332,1.0369819,0.0,0.09183708,0.0,0.0,2.2656568e-08,-27.821632,2.281406,0.76046866,0.112,0.0,0.13758473,12.240185,12.250185,3993600
hardzero_plus_depr__c0p52__z1p00__lam0p010__nu0p50__psi1p25,hardzero_plus_depr,0.1,34,1248,0.0,2,0.2807332,0.2807332,1.0000416,0.0,0.09999041,0.0,0.0,2.237513e-08,-28.134062,2.2001355,0.7333785,0.17999999,0.0,0.15784684,12.250185,12.260185,3996800
hardzero_plus_depr__c0p52__z1p00__lam0p010__nu0p50__psi1p25,hardzero_plus_depr,0.1,34,1249,0.0,2,0.2807332,0.2807332,1.0218469,0.0,0.09509399,0.0,0.0,2.2097163e-08,-26.376677,2.2481081,0.7493694,0.2,0.0,0.12051976,12.260185,12.270185,4000000
