mechanism_tag,mechanism,alpha,seed,update,update_u,update_counter,energy_E_pre,energy_E_post,funding_z,funding_g,funding_g_raw,funding_cut_active,funding_income,funding_alpha_eff,episode_return_end_mean,terminal_min_dists_end_mean,terminal_dbar_end,terminal_occupied_end_mean,terminal_CSR_train,vartd_VarTD,depr_F,depr_F_post,env_steps
hardzero_plus_depr__c0p60__z1p10__lam0p010__nu0p50__psi1p00,hardzero_plus_depr,0.12,38,0,1.0,1,1.0,0.40993333,1.0820855,0.082777925,0.082777925,1.0,0.009933351,0.12,-27.605452,2.3806355,0.7935452,0.11,0.0,0.15982054,0.0,0.0,3200
hardzero_plus_depr__c0p60__z1p10__lam0p010__nu0p50__psi1p00,hardzero_plus_depr,0.12,38,1,0.0,1,0.40993333,0.42119676,1.0275104,0.09386196,0.09386196,1.0,0.011263435,0.12,-27.512161,2.260568,0.75352263,0.17600001,0.0,0.16420598,0.0,0.01,6400
hardzero_plus_depr__c0p60__z1p10__lam0p010__nu0p50__psi1p00,hardzero_plus_depr,0.12,38,2,0.0,1,0.42119676,0.43275917,1.0117905,0.097321644,0.097321644,1.0,0.011562393,0.118805975,-26.828037,2.2259836,0.74199456,0.17600001,0.0,0.14578708,0.01,0.02,9600
hardzero_plus_depr__c0p60__z1p10__lam0p010__nu0p50__psi1p00,hardzero_plus_depr,0.12,38,3,0.0,1,0.43275917,0.44419983,1.0120441,0.09726484,0.09726484,1.0,0.011440664,0.117623836,-26.771875,2.2265415,0.7421805,0.16800001,0.0,0.15549259,0.02,0.03,12800
hardzero_plus_depr__c0p60__z1p10__lam0p010__nu0p50__psi1p00,hardzero_plus_depr,0.12,38,4,0.0,1,0.44419983,0.454192,1.0664916,0.08580416,0.08580416,1.0,0.009992192,0.11645347,-27.259026,2.3463285,0.7821095,0.136,0.0,0.16018406,0.03,0.04,16000
hardzero_plus_depr__c0p60__z1p10__lam0p010__nu0p50__psi1p00,hardzero_plus_depr,0.12,38,5,0.0,1,0.454192,0.454192,1.1097598,0.0,0.07766765,0.0,0.0,0.11529474,-28.411482,2.4415202,0.8138401,0.096,0.0,0.18801689,0.04,0.049999997,19200
hardzero_plus_depr__c0p60__z1p10__lam0p010__nu0p50__psi1p00,hardzero_plus_depr,0.12,38,6,0.0,1,0.454192,0.46373776,1.077657,0.08362632,0.08362632,1.0,0.009545738,0.11414753,-27.629124,2.3708928,0.7902976,0.128,0.0,0.15429173,0.049999997,0.059999995,22400
hardzero_plus_depr__c0p60__z1p10__lam0p010__nu0p50__psi1p00,hardzero_plus_depr,0.12,38,7,0.0,1,0.46373776,0.47306177,1.08352,0.08250494,0.08250494,1.0,0.009324028,0.11301175,-27.47306,2.3837917,0.79459727,0.120000005,0.0,0.13392264,0.059999995,0.06999999,25600
hardzero_plus_depr__c0p60__z1p10__lam0p010__nu0p50__psi1p00,hardzero_plus_depr,0.12,38,8,0.0,1,0.47306177,0.48377237,1.0189674,0.095726594,0.095726594,1.0,0.010710587,0.11188726,-27.194399,2.2417731,0.7472577,0.16800001,0.0,0.15093914,0.06999999,0.07999999,28800
hardzero_plus_depr__c0p60__z1p10__lam0p010__nu0p50__psi1p00,hardzero_plus_depr,0.12,38,9,0.0,1,0.48377237,0.49411193,1.0299357,0.09333926,0.09333926,1.0,0.01033956,0.110773966,-27.1067,2.265904,0.75530136,0.14400001,0.0,0.14773187,0.07999999,0.08999999,32000
hardzero_plus_depr__c0p60__z1p10__lam0p010__nu0p50__psi1p00,hardzero_plus_depr,0.12,38,10,0.0,1,0.49411193,0.50382006,1.0529579,0.08852013,0.08852013,1.0,0.009708158,0.10967175,-27.50543,2.3165536,0.77218455,0.192,0.0,0.1664587,0.08999999,0.09999999,35200
hardzero_plus_depr__c0p60__z1p10__lam0p010__nu0p50__psi1p00,hardzero_plus_depr,0.12,38,11,0.0,1,0.50382006,0.5140391,1.026342,0.094114795,0.094114795,1.0,0.010219032,0.1085805,-27.74855,2.2579975,0.7526659,0.096,0.0,0.14521441,0.09999999,0.109999985,38400
hardzero_plus_depr__c0p60__z1p10__lam0p010__nu0p50__psi1p00,hardzero_plus_depr,0.12,38,12,0.0,1,0.5140391,0.5245689,1.0089883,0.09795164,0.09795164,1.0,0.010529812,0.107500106,-27.583681,2.2198186,0.7399396,0.15200001,0.0,0.17023255,0.109999985,0.11999998,41600
hardzero_plus_depr__c0p60__z1p10__lam0p010__nu0p50__psi1p00,hardzero_plus_depr,0.12,38,13,0.0,1,0.5245689,0.5245689,1.1193155,0.0,0.075977415,0.0,0.0,0.10643045,-28.83287,2.4625432,0.82084775,0.16,0.0,0.23039162,0.11999998,0.12999998,44800
hardzero_plus_depr__c0p60__z1p10__lam0p010__nu0p50__psi1p00,hardzero_plus_depr,0.12,38,14,0.0,1,0.5245689,0.5351404,0.9985879,0.10032569,0.10032569,1.0,0.010571464,0.10537145,-26.17145,2.1969373,0.73231244,0.192,0.0,0.15510246,0.12999998,0.13999999,48000
hardzero_plus_depr__c0p60__z1p10__lam0p010__nu0p50__psi1p00,hardzero_plus_depr,0.12,38,15,0.0,1,0.5351404,0.5445974,1.0426277,0.09065094,0.09065094,1.0,0.009456977,0.10432299,-27.519022,2.2938268,0.764609,0.14400001,0.0,0.16071431,0.13999999,0.14999999,51200
hardzero_plus_depr__c0p60__z1p10__lam0p010__nu0p50__psi1p00,hardzero_plus_depr,0.12,38,16,0.0,1,0.5445974,0.5530489,1.0871007,0.081827484,0.081827484,1.0,0.0084515475,0.10328495,-27.851978,2.3916695,0.7972232,0.136,0.0,0.16544615,0.14999999,0.16,54400
hardzero_plus_depr__c0p60__z1p10__lam0p010__nu0p50__psi1p00,hardzero_plus_depr,0.12,38,17,0.0,1,0.5530489,0.56147736,1.0839468,0.082423896,0.082423896,1.0,0.008428441,0.10225725,-28.236135,2.3847306,0.7949102,0.104,0.0,0.173383,0.16,0.17,57600
hardzero_plus_depr__c0p60__z1p10__lam0p010__nu0p50__psi1p00,hardzero_plus_depr,0.12,38,18,0.0,1,0.56147736,0.57014763,1.067319,0.08564084,0.08564084,1.0,0.008670259,0.10123978,-27.665398,2.3481488,0.7827163,0.104,0.0,0.18104815,0.17,0.18,60800
hardzero_plus_depr__c0p60__z1p10__lam0p010__nu0p50__psi1p00,hardzero_plus_depr,0.12,38,19,0.0,1,0.57014763,0.57982606,1.0152044,0.09655963,0.09655963,1.0,0.009678406,0.10023242,-27.815239,2.2334943,0.74449813,0.15200001,0.0,0.18656655,0.18,0.19000001,64000
hardzero_plus_depr__c0p60__z1p10__lam0p010__nu0p50__psi1p00,hardzero_plus_depr,0.12,38,20,0.0,1,0.57982606,0.58886623,1.040489,0.09109846,0.09109846,1.0,0.009040164,0.099235095,-27.263287,2.2891214,0.7630405,0.14400001,0.0,0.1738492,0.19000001,0.20000002,67200
hardzero_plus_depr__c0p60__z1p10__lam0p010__nu0p50__psi1p00,hardzero_plus_depr,0.12,38,21,0.0,1,0.58886623,0.597669,1.0477034,0.08959765,0.08959765,1.0,0.008802762,0.09824769,-27.6249,2.3049934,0.76833117,0.14400001,0.0,0.18873739,0.20000002,0.21000002,70400
hardzero_plus_depr__c0p60__z1p10__lam0p010__nu0p50__psi1p00,hardzero_plus_depr,0.12,38,22,0.0,1,0.597669,0.60689414,1.0230066,0.09484042,0.09484042,1.0,0.009225138,0.09727011,-27.026098,2.2506595,0.7502198,0.17600001,0.0,0.17418104,0.21000002,0.22000003,73600
hardzero_plus_depr__c0p60__z1p10__lam0p010__nu0p50__psi1p00,hardzero_plus_depr,0.12,38,23,1.0,2,0.60689414,0.015535022,1.047077,0.089726985,0.089726985,1.0,0.0086409105,0.09630225,-27.815641,2.3036153,0.7678718,0.15200001,0.0,0.14255652,0.22000003,0.110000014,76800
hardzero_plus_depr__c0p60__z1p10__lam0p010__nu0p50__psi1p00,hardzero_plus_depr,0.12,38,24,0.0,2,0.015535022,0.024398275,1.0838158,0.08244878,0.08244878,1.0,0.008863252,0.1075001,-28.690273,2.3844423,0.7948141,0.120000005,0.0,0.16479579,0.110000014,0.12000001,80000
hardzero_plus_depr__c0p60__z1p10__lam0p010__nu0p50__psi1p00,hardzero_plus_depr,0.12,38,25,0.0,2,0.024398275,0.034068726,1.0416192,0.0908617,0.0908617,1.0,0.009670451,0.10643044,-28.34481,2.2916079,0.7638693,0.192,0.0,0.19708303,0.12000001,0.13000001,83200
hardzero_plus_depr__c0p60__z1p10__lam0p010__nu0p50__psi1p00,hardzero_plus_depr,0.12,38,26,0.0,2,0.034068726,0.043922517,1.0291195,0.093514815,0.093514815,1.0,0.009853791,0.105371445,-27.450436,2.2641082,0.75470275,0.16,0.0,0.1976851,0.13000001,0.14000002,86400
hardzero_plus_depr__c0p60__z1p10__lam0p010__nu0p50__psi1p00,hardzero_plus_depr,0.12,38,27,0.0,2,0.043922517,0.05284148,1.0680656,0.08549376,0.08549376,1.0,0.008918964,0.104322985,-28.169067,2.3497913,0.7832638,0.15200001,0.0,0.15512967,0.14000002,0.15000002,89600
hardzero_plus_depr__c0p60__z1p10__lam0p010__nu0p50__psi1p00,hardzero_plus_depr,0.12,38,28,0.0,2,0.05284148,0.06356997,0.9834983,0.10387275,0.10387275,1.0,0.0107284915,0.10328495,-26.815035,2.1637394,0.7212465,0.17600001,0.0,0.16543241,0.15000002,0.16000003,92800
hardzero_plus_depr__c0p60__z1p10__lam0p010__nu0p50__psi1p00,hardzero_plus_depr,0.12,38,29,0.0,2,0.06356997,0.07251119,1.0582973,0.0874385,0.0874385,1.0,0.008941221,0.10225725,-28.09616,2.3283005,0.77610016,0.136,0.0,0.1628,0.16000003,0.17000003,96000
hardzero_plus_depr__c0p60__z1p10__lam0p010__nu0p50__psi1p00,hardzero_plus_depr,0.12,38,30,0.0,2,0.07251119,0.08311576,0.97985834,0.10474701,0.10474701,1.0,0.010604564,0.10123978,-26.51442,2.1557314,0.71857715,0.17600001,0.0,0.15654694,0.17000003,0.18000004,99200
hardzero_plus_depr__c0p60__z1p10__lam0p010__nu0p50__psi1p00,hardzero_plus_depr,0.12,38,31,0.0,2,0.08311576,0.09232153,1.036948,0.09184426,0.09184426,1.0,0.009205773,0.10023242,-28.249239,2.281331,0.7604437,0.104,0.0,0.17266287,0.18000004,0.19000004,102400
hardzero_plus_depr__c0p60__z1p10__lam0p010__nu0p50__psi1p00,hardzero_plus_depr,0.12,38,32,0.0,2,0.09232153,0.10140882,1.0382311,0.09157331,0.09157331,1.0,0.009087286,0.099235095,-27.04228,2.2841542,0.7613847,0.128,0.0,0.15069985,0.19000004,0.20000005,105600
hardzero_plus_depr__c0p60__z1p10__lam0p010__nu0p50__psi1p00,hardzero_plus_depr,0.12,38,33,0.0,2,0.10140882,0.1102696,1.0448505,0.09018816,0.09018816,1.0,0.008860779,0.09824769,-28.50136,2.298717,0.76623905,0.128,0.0,0.15053216,0.20000005,0.21000005,108800
hardzero_plus_depr__c0p60__z1p10__lam0p010__nu0p50__psi1p00,hardzero_plus_depr,0.12,38,34,0.0,2,0.1102696,0.119247355,1.0348116,0.09229716,0.09229716,1.0,0.008977754,0.0972701,-27.627493,2.276631,0.75887704,0.136,0.0,0.16842861,0.21000005,0.22000006,112000
hardzero_plus_depr__c0p60__z1p10__lam0p010__nu0p50__psi1p00,hardzero_plus_depr,0.12,38,35,0.0,2,0.119247355,0.12870714,1.0077549,0.098230205,0.098230205,1.0,0.00945979,0.09630225,-27.803928,2.2171052,0.73903507,0.2,0.0,0.15288168,0.22000006,0.23000006,115200
hardzero_plus_depr__c0p60__z1p10__lam0p010__nu0p50__psi1p00,hardzero_plus_depr,0.12,38,36,0.0,2,0.12870714,0.1368424,1.0689223,0.08532527,0.08532527,1.0,0.0081352545,0.09534402,-28.559174,2.351676,0.78389204,0.14400001,0.0,0.19720736,0.23000006,0.24000007,118400
hardzero_plus_depr__c0p60__z1p10__lam0p010__nu0p50__psi1p00,hardzero_plus_depr,0.12,38,37,0.0,2,0.1368424,0.14645845,0.9919536,0.101870015,0.101870015,1.0,0.009616055,0.09439534,-26.69729,2.1823416,0.7274472,0.224,0.0,0.13418071,0.24000007,0.25000006,121600
hardzero_plus_depr__c0p60__z1p10__lam0p010__nu0p50__psi1p00,hardzero_plus_depr,0.12,38,38,0.0,2,0.14645845,0.15512131,1.0329463,0.09269444,0.09269444,1.0,0.008662859,0.09345608,-27.543243,2.2725275,0.7575092,0.120000005,0.0,0.18558294,0.25000006,0.26000005,124800
hardzero_plus_depr__c0p60__z1p10__lam0p010__nu0p50__psi1p00,hardzero_plus_depr,0.12,38,39,0.0,2,0.15512131,0.16300529,1.0695194,0.08520805,0.08520805,1.0,0.007883975,0.09252618,-27.59323,2.3529897,0.7843299,0.17,0.0,0.17390244,0.26000005,0.27000004,128000
hardzero_plus_depr__c0p60__z1p10__lam0p010__nu0p50__psi1p00,hardzero_plus_depr,0.12,38,40,0.0,2,0.16300529,0.17184824,1.0153247,0.09653288,0.09653288,1.0,0.008842946,0.09160553,-27.349838,2.233759,0.74458635,0.16800001,0.0,0.14774315,0.27000004,0.28000003,131200
hardzero_plus_depr__c0p60__z1p10__lam0p010__nu0p50__psi1p00,hardzero_plus_depr,0.12,38,41,0.0,2,0.17184824,0.18100496,0.9958386,0.1009628,0.1009628,1.0,0.009156725,0.09069405,-26.095505,2.1908886,0.73029625,0.16000001,0.0,0.17147405,0.28000003,0.29000002,134400
hardzero_plus_depr__c0p60__z1p10__lam0p010__nu0p50__psi1p00,hardzero_plus_depr,0.12,38,42,0.0,2,0.18100496,0.18997277,1.0005491,0.09987364,0.09987364,1.0,0.008967817,0.08979163,-26.581234,2.201252,0.7337507,0.18400002,0.0,0.15308197,0.29000002,0.3,137600
hardzero_plus_depr__c0p60__z1p10__lam0p010__nu0p50__psi1p00,hardzero_plus_depr,0.12,38,43,0.0,2,0.18997277,0.19821179,1.0330179,0.092679165,0.092679165,1.0,0.008239009,0.08889818,-27.402678,2.2726848,0.7575616,0.120000005,0.0,0.13787982,0.3,0.31,140800
hardzero_plus_depr__c0p60__z1p10__lam0p010__nu0p50__psi1p00,hardzero_plus_depr,0.12,38,44,0.0,2,0.19821179,0.20575981,1.066717,0.08575964,0.08575964,1.0,0.0075480184,0.08801364,-28.42468,2.3468244,0.78227484,0.112,0.0,0.17526,0.31,0.32,144000
hardzero_plus_depr__c0p60__z1p10__lam0p010__nu0p50__psi1p00,hardzero_plus_depr,0.12,38,45,0.0,2,0.20575981,0.2151477,0.96763843,0.10773618,0.10773618,1.0,0.009387903,0.087137885,-26.651676,2.1288471,0.7096157,0.14400001,0.0,0.17703125,0.32,0.32999998,147200
hardzero_plus_depr__c0p60__z1p10__lam0p010__nu0p50__psi1p00,hardzero_plus_depr,0.12,38,46,0.0,2,0.2151477,0.22337557,1.0205765,0.09537258,0.09537258,1.0,0.008227874,0.086270854,-27.071247,2.2453132,0.74843776,0.23200001,0.0,0.16509609,0.32999998,0.33999997,150400
hardzero_plus_depr__c0p60__z1p10__lam0p010__nu0p50__psi1p00,hardzero_plus_depr,0.12,38,47,0.0,2,0.22337557,0.23174237,1.0089617,0.097957626,0.097957626,1.0,0.0083668,0.08541244,-27.353205,2.21976,0.73992,0.18400002,0.0,0.14482205,0.33999997,0.34999996,153600
hardzero_plus_depr__c0p60__z1p10__lam0p010__nu0p50__psi1p00,hardzero_plus_depr,0.12,38,48,0.0,2,0.23174237,0.23989716,1.0157655,0.096434936,0.096434936,1.0,0.008154787,0.08456258,-27.208897,2.2347288,0.74490964,0.14400001,0.0,0.15295184,0.34999996,0.35999995,156800
hardzero_plus_depr__c0p60__z1p10__lam0p010__nu0p50__psi1p00,hardzero_plus_depr,0.12,38,49,0.0,2,0.23989716,0.2486676,0.97981405,0.104757704,0.104757704,1.0,0.008770437,0.08372116,-26.384962,2.155634,0.71854466,0.18400002,0.0,0.15617636,0.35999995,0.36999995,160000
hardzero_plus_depr__c0p60__z1p10__lam0p010__nu0p50__psi1p00,hardzero_plus_depr,0.12,38,50,0.0,2,0.2486676,0.25601476,1.0523722,0.0886396,0.0886396,1.0,0.0073471707,0.08288813,-28.083231,2.3152652,0.7717551,0.16000001,0.0,0.15884309,0.36999995,0.37999994,163200
hardzero_plus_depr__c0p60__z1p10__lam0p010__nu0p50__psi1p00,hardzero_plus_depr,0.12,38,51,0.0,2,0.25601476,0.26380858,1.0223992,0.09497313,0.09497313,1.0,0.0077938153,0.08206337,-26.82281,2.2493231,0.7497744,0.08800001,0.0,0.13122188,0.37999994,0.38999993,166400
hardzero_plus_depr__c0p60__z1p10__lam0p010__nu0p50__psi1p00,hardzero_plus_depr,0.12,38,52,0.0,2,0.26380858,0.27232844,0.9793744,0.10486381,0.10486381,1.0,0.008519852,0.08124683,-26.32857,2.1546667,0.71822226,0.13,0.0,0.15435456,0.38999993,0.39999992,169600
hardzero_plus_depr__c0p60__z1p10__lam0p010__nu0p50__psi1p00,hardzero_plus_depr,0.12,38,53,0.0,2,0.27232844,0.2797566,1.0345823,0.092345916,0.092345916,1.0,0.007428159,0.08043841,-27.71636,2.2761264,0.75870883,0.15200001,0.0,0.1571565,0.39999992,0.4099999,172800
hardzero_plus_depr__c0p60__z1p10__lam0p010__nu0p50__psi1p00,hardzero_plus_depr,0.12,38,54,0.0,2,0.2797566,0.28712136,1.0339622,0.09247784,0.09247784,1.0,0.007364754,0.07963804,-28.226814,2.2747624,0.7582542,0.15200001,0.0,0.17970645,0.4099999,0.4199999,176000
hardzero_plus_depr__c0p60__z1p10__lam0p010__nu0p50__psi1p00,hardzero_plus_depr,0.12,38,55,0.0,2,0.28712136,0.2945889,1.0236009,0.09471069,0.09471069,1.0,0.007467524,0.07884563,-27.610893,2.251967,0.75065565,0.104,0.0,0.14069624,0.4199999,0.4299999,179200
hardzero_plus_depr__c0p60__z1p10__lam0p010__nu0p50__psi1p00,hardzero_plus_depr,0.12,38,56,0.0,2,0.2945889,0.30117112,1.0740618,0.084321484,0.084321484,1.0,0.0065822275,0.0780611,-27.56123,2.362983,0.787661,0.128,0.0,0.17312302,0.4299999,0.43999988,182400
hardzero_plus_depr__c0p60__z1p10__lam0p010__nu0p50__psi1p00,hardzero_plus_depr,0.12,38,57,0.0,2,0.30117112,0.30849722,1.0232198,0.09479385,0.09479385,1.0,0.0073260837,0.07728438,-26.674904,2.2511287,0.7503762,0.112,0.0,0.13936758,0.43999988,0.44999987,185600
hardzero_plus_depr__c0p60__z1p10__lam0p010__nu0p50__psi1p00,hardzero_plus_depr,0.12,38,58,0.0,2,0.30849722,0.31552485,1.0369396,0.091846034,0.091846034,1.0,0.0070276354,0.07651539,-27.807173,2.2813127,0.7604376,0.14400001,0.0,0.15497334,0.44999987,0.45999986,188800
hardzero_plus_depr__c0p60__z1p10__lam0p010__nu0p50__psi1p00,hardzero_plus_depr,0.12,38,59,0.0,2,0.31552485,0.322757,1.0201371,0.09546911,0.09546911,1.0,0.0072321715,0.07575405,-27.401423,2.2443464,0.7481155,0.208,0.0,0.15047498,0.45999986,0.46999985,192000
hardzero_plus_depr__c0p60__z1p10__lam0p010__nu0p50__psi1p00,hardzero_plus_depr,0.12,38,60,0.0,2,0.322757,0.32950094,1.0461495,0.0899188,0.0899188,1.0,0.006743936,0.075000286,-27.702024,2.301575,0.76719165,0.136,0.0,0.15547608,0.46999985,0.47999984,195200
hardzero_plus_depr__c0p60__z1p10__lam0p010__nu0p50__psi1p00,hardzero_plus_depr,0.12,38,61,0.0,2,0.32950094,0.3364315,1.029951,0.093335964,0.093335964,1.0,0.00693057,0.07425401,-28.24537,2.2659373,0.75531244,0.17600001,0.0,0.17980598,0.47999984,0.48999983,198400
hardzero_plus_depr__c0p60__z1p10__lam0p010__nu0p50__psi1p00,hardzero_plus_depr,0.12,38,62,0.0,2,0.3364315,0.34325132,1.0326046,0.092767395,0.092767395,1.0,0.0068198116,0.07351518,-26.733418,2.2717755,0.75725853,0.15200001,0.008,0.15086877,0.48999983,0.49999982,201600
hardzero_plus_depr__c0p60__z1p10__lam0p010__nu0p50__psi1p00,hardzero_plus_depr,0.12,38,63,0.0,2,0.34325132,0.3500732,1.0281312,0.09372787,0.09372787,1.0,0.0068218606,0.07278369,-27.234333,2.2619338,0.75397795,0.104,0.0,0.14283566,0.49999982,0.5099998,204800
hardzero_plus_depr__c0p60__z1p10__lam0p010__nu0p50__psi1p00,hardzero_plus_depr,0.12,38,64,0.0,2,0.3500732,0.35668087,1.0376421,0.09169758,0.09169758,1.0,0.00660768,0.07205948,-27.374653,2.2828584,0.76095283,0.136,0.0,0.1683691,0.5099998,0.5199998,208000
hardzero_plus_depr__c0p60__z1p10__lam0p010__nu0p50__psi1p00,hardzero_plus_depr,0.12,38,65,0.0,2,0.35668087,0.36365342,1.0099567,0.09773346,0.09773346,1.0,0.0069725476,0.07134248,-27.507006,2.221949,0.7406497,0.24,0.0,0.15714228,0.5199998,0.5299998,211200
hardzero_plus_depr__c0p60__z1p10__lam0p010__nu0p50__psi1p00,hardzero_plus_depr,0.12,38,66,0.0,2,0.36365342,0.3704317,1.0178865,0.09596515,0.09596515,1.0,0.006778269,0.070632614,-27.66321,2.2393951,0.7464651,0.16800001,0.0,0.18999743,0.5299998,0.5399998,214400
hardzero_plus_depr__c0p60__z1p10__lam0p010__nu0p50__psi1p00,hardzero_plus_depr,0.12,38,67,0.0,2,0.3704317,0.37712914,1.0187529,0.095773876,0.095773876,1.0,0.006697448,0.0699298,-27.317692,2.2413013,0.7471005,0.17600001,0.0,0.16216817,0.5399998,0.5499998,217600
hardzero_plus_depr__c0p60__z1p10__lam0p010__nu0p50__psi1p00,hardzero_plus_depr,0.12,38,68,0.0,2,0.37712914,0.3837796,1.0174688,0.09605748,0.09605748,1.0,0.0066504427,0.06923399,-26.487545,2.238476,0.7461587,0.18400002,0.008,0.14808989,0.5499998,0.55999976,220800
hardzero_plus_depr__c0p60__z1p10__lam0p010__nu0p50__psi1p00,hardzero_plus_depr,0.12,38,69,0.0,2,0.3837796,0.39076698,0.991662,0.101938434,0.101938434,1.0,0.0069873803,0.0685451,-26.80438,2.1817,0.72723335,0.15200001,0.0,0.13623318,0.55999976,0.56999975,224000
hardzero_plus_depr__c0p60__z1p10__lam0p010__nu0p50__psi1p00,hardzero_plus_depr,0.12,38,70,0.0,2,0.39076698,0.39740354,1.0096906,0.09779335,0.09779335,1.0,0.0066365567,0.06786307,-26.836737,2.2213638,0.7404546,0.14400001,0.0,0.15754293,0.56999975,0.57999974,227200
hardzero_plus_depr__c0p60__z1p10__lam0p010__nu0p50__psi1p00,hardzero_plus_depr,0.12,38,71,0.0,2,0.39740354,0.40326783,1.0590739,0.08728227,0.08728227,1.0,0.005864305,0.067187816,-27.931734,2.3300092,0.77666974,0.136,0.0,0.1874274,0.57999974,0.58999974,230400
hardzero_plus_depr__c0p60__z1p10__lam0p010__nu0p50__psi1p00,hardzero_plus_depr,0.12,38,72,0.0,2,0.40326783,0.40933478,1.0399776,0.09120579,0.09120579,1.0,0.0060669445,0.06651929,-27.658718,2.2879963,0.76266545,0.14400001,0.0,0.1445147,0.58999974,0.5999997,233600
hardzero_plus_depr__c0p60__z1p10__lam0p010__nu0p50__psi1p00,hardzero_plus_depr,0.12,38,73,0.0,2,0.40933478,0.41595778,0.9975494,0.10056586,0.10056586,1.0,0.006623007,0.06585741,-27.601759,2.1946526,0.7315509,0.224,0.0,0.1696073,0.5999997,0.6099997,236800
hardzero_plus_depr__c0p60__z1p10__lam0p010__nu0p50__psi1p00,hardzero_plus_depr,0.12,38,74,0.0,2,0.41595778,0.42359853,0.9311254,0.11718569,0.11718569,1.0,0.0076407557,0.065202124,-25.820816,2.0485168,0.6828389,0.216,0.0,0.12212166,0.6099997,0.6199997,240000
hardzero_plus_depr__c0p60__z1p10__lam0p010__nu0p50__psi1p00,hardzero_plus_depr,0.12,38,75,0.0,2,0.42359853,0.4303336,0.98157513,0.10433377,0.10433377,1.0,0.006735095,0.06455335,-26.982077,2.1595085,0.7198362,0.224,0.0,0.17353417,0.6199997,0.6299997,243200
hardzero_plus_depr__c0p60__z1p10__lam0p010__nu0p50__psi1p00,hardzero_plus_depr,0.12,38,76,0.0,2,0.4303336,0.43647304,1.0174483,0.09606202,0.09606202,1.0,0.006139423,0.063911036,-27.093058,2.238431,0.7461437,0.072000004,0.0,0.1477654,0.6299997,0.6399997,246400
hardzero_plus_depr__c0p60__z1p10__lam0p010__nu0p50__psi1p00,hardzero_plus_depr,0.12,38,77,0.0,2,0.43647304,0.44207132,1.0531796,0.08847496,0.08847496,1.0,0.005598263,0.06327511,-27.790361,2.3170414,0.77234715,0.16800001,0.0,0.17839812,0.6399997,0.6499997,249600
hardzero_plus_depr__c0p60__z1p10__lam0p010__nu0p50__psi1p00,hardzero_plus_depr,0.12,38,78,0.0,2,0.44207132,0.44822085,1.008047,0.09816416,0.09816416,1.0,0.006149544,0.06264551,-27.462782,2.2177477,0.7392492,0.12,0.0,0.13693765,0.6499997,0.65999967,252800
hardzero_plus_depr__c0p60__z1p10__lam0p010__nu0p50__psi1p00,hardzero_plus_depr,0.12,38,79,0.0,2,0.44822085,0.45387128,1.0404654,0.09110341,0.09110341,1.0,0.005650432,0.062022176,-28.169142,2.2890694,0.76302314,0.14400001,0.0,0.17663823,0.65999967,0.66999966,256000
hardzero_plus_depr__c0p60__z1p10__lam0p010__nu0p50__psi1p00,hardzero_plus_depr,0.12,38,80,0.0,2,0.45387128,0.45963314,1.0276421,0.09383348,0.09383348,1.0,0.0057618497,0.061405055,-27.363935,2.2608578,0.7536193,0.16000001,0.0,0.15757108,0.66999966,0.67999965,259200
hardzero_plus_depr__c0p60__z1p10__lam0p010__nu0p50__psi1p00,hardzero_plus_depr,0.12,38,81,0.0,2,0.45963314,0.46516538,1.0409596,0.0909998,0.0909998,1.0,0.0055322475,0.060794063,-27.805183,2.2901568,0.76338565,0.17600001,0.0,0.14896351,0.67999965,0.68999964,262400
hardzero_plus_depr__c0p60__z1p10__lam0p010__nu0p50__psi1p00,hardzero_plus_depr,0.12,38,82,0.0,2,0.46516538,0.4703457,1.0651609,0.08606748,0.08606748,1.0,0.005180328,0.060189147,-28.53974,2.3434007,0.7811336,0.136,0.0,0.15131539,0.68999964,0.69999963,265600
hardzero_plus_depr__c0p60__z1p10__lam0p010__nu0p50__psi1p00,hardzero_plus_depr,0.12,38,83,0.0,2,0.4703457,0.47624958,1.0040394,0.09907419,0.09907419,1.0,0.005903857,0.059590258,-26.42758,2.2089307,0.73631024,0.104,0.0,0.14382839,0.69999963,0.7099996,268800
hardzero_plus_depr__c0p60__z1p10__lam0p010__nu0p50__psi1p00,hardzero_plus_depr,0.12,38,84,0.0,2,0.47624958,0.48224065,0.99332744,0.10154828,0.10154828,1.0,0.0059910766,0.058997326,-26.81874,2.185364,0.7284547,0.18400002,0.0,0.15511864,0.7099996,0.7199996,272000
hardzero_plus_depr__c0p60__z1p10__lam0p010__nu0p50__psi1p00,hardzero_plus_depr,0.12,38,85,0.0,2,0.48224065,0.48772582,1.0272994,0.09390756,0.09390756,1.0,0.0054851677,0.05841029,-27.08459,2.2601037,0.7533679,0.128,0.0,0.15086465,0.7199996,0.7299996,275200
hardzero_plus_depr__c0p60__z1p10__lam0p010__nu0p50__psi1p00,hardzero_plus_depr,0.12,38,86,0.0,2,0.48772582,0.49372748,0.9838765,0.10378233,0.10378233,1.0,0.006001639,0.0578291,-26.213604,2.1645715,0.7215239,0.18400002,0.0,0.17168221,0.7299996,0.7399996,278400
hardzero_plus_depr__c0p60__z1p10__lam0p010__nu0p50__psi1p00,hardzero_plus_depr,0.12,38,87,0.0,2,0.49372748,0.49920538,1.0191888,0.09567781,0.09567781,1.0,0.0054779076,0.057253692,-27.062435,2.24226,0.74742,0.128,0.0,0.17213367,0.7399996,0.7499996,281600
hardzero_plus_depr__c0p60__z1p10__lam0p010__nu0p50__psi1p00,hardzero_plus_depr,0.12,38,88,0.0,2,0.49920538,0.504884,0.99921787,0.10018026,0.10018026,1.0,0.0056786193,0.056684013,-26.635048,2.1983232,0.73277444,0.16800001,0.0,0.15688834,0.7499996,0.7599996,284800
hardzero_plus_depr__c0p60__z1p10__lam0p010__nu0p50__psi1p00,hardzero_plus_depr,0.12,38,89,0.0,2,0.504884,0.5097312,1.0636294,0.08637153,0.08637153,1.0,0.0048471703,0.056119997,-27.40692,2.3400314,0.78001046,0.112,0.0,0.18883966,0.7599996,0.76999956,288000
hardzero_plus_depr__c0p60__z1p10__lam0p010__nu0p50__psi1p00,hardzero_plus_depr,0.12,38,90,0.0,2,0.5097312,0.5158797,0.95600367,0.11066143,0.11066143,1.0,0.0061485255,0.055561595,-26.729042,2.10325,0.70108336,0.192,0.0,0.1696048,0.76999956,0.77999955,291200
hardzero_plus_depr__c0p60__z1p10__lam0p010__nu0p50__psi1p00,hardzero_plus_depr,0.12,38,91,0.0,2,0.5158797,0.5209855,1.0323687,0.09281782,0.09281782,1.0,0.0051057916,0.055008743,-27.111332,2.2712564,0.7570855,0.17999999,0.0,0.18083943,0.77999955,0.78999954,294400
hardzero_plus_depr__c0p60__z1p10__lam0p010__nu0p50__psi1p00,hardzero_plus_depr,0.12,38,92,0.0,2,0.5209855,0.52579784,1.0537285,0.08836321,0.08836321,1.0,0.004812384,0.0544614,-27.616476,2.318249,0.77274966,0.14400001,0.0,0.16593984,0.78999954,0.79999954,297600
hardzero_plus_depr__c0p60__z1p10__lam0p010__nu0p50__psi1p00,hardzero_plus_depr,0.12,38,93,0.0,2,0.52579784,0.53066075,1.0448495,0.090188354,0.090188354,1.0,0.0048629106,0.053919498,-27.336845,2.2987149,0.76623833,0.136,0.0,0.16111988,0.79999954,0.8099995,300800
hardzero_plus_depr__c0p60__z1p10__lam0p010__nu0p50__psi1p00,hardzero_plus_depr,0.12,38,94,0.0,2,0.53066075,0.53525305,1.0653737,0.08602533,0.08602533,1.0,0.004592289,0.053382993,-27.638338,2.3438687,0.7812896,0.128,0.0,0.16999304,0.8099995,0.8199995,304000
hardzero_plus_depr__c0p60__z1p10__lam0p010__nu0p50__psi1p00,hardzero_plus_depr,0.12,38,95,0.0,2,0.53525305,0.5406906,0.9876561,0.10288306,0.10288306,1.0,0.0054375576,0.052851822,-26.136938,2.1728868,0.7242956,0.18400002,0.0,0.13593027,0.8199995,0.8299995,307200
hardzero_plus_depr__c0p60__z1p10__lam0p010__nu0p50__psi1p00,hardzero_plus_depr,0.12,38,96,0.0,2,0.5406906,0.54582834,1.007946,0.098186985,0.098186985,1.0,0.005137726,0.05232594,-26.442062,2.2175255,0.7391752,0.18400002,0.0,0.1473239,0.8299995,0.8399995,310400
hardzero_plus_depr__c0p60__z1p10__lam0p010__nu0p50__psi1p00,hardzero_plus_depr,0.12,38,97,0.0,2,0.54582834,0.550918,1.0076864,0.09824571,0.09824571,1.0,0.005089647,0.051805288,-26.303833,2.2169542,0.73898476,0.15200001,0.0,0.14686184,0.8399995,0.8499995,313600
hardzero_plus_depr__c0p60__z1p10__lam0p010__nu0p50__psi1p00,hardzero_plus_depr,0.12,38,98,0.0,2,0.550918,0.55651367,0.96217567,0.1090999,0.1090999,1.0,0.005595714,0.051289815,-26.385145,2.1168287,0.70560956,0.2,0.0,0.1410425,0.8499995,0.8599995,316800
hardzero_plus_depr__c0p60__z1p10__lam0p010__nu0p50__psi1p00,hardzero_plus_depr,0.12,38,99,0.0,2,0.55651367,0.5625318,0.9262229,0.11851602,0.11851602,1.0,0.006018181,0.050779473,-25.695087,2.0377312,0.67924374,0.192,0.0,0.14576864,0.8599995,0.86999947,320000
hardzero_plus_depr__c0p60__z1p10__lam0p010__nu0p50__psi1p00,hardzero_plus_depr,0.12,38,100,0.0,2,0.5625318,0.5670436,1.0469996,0.08974296,0.08974296,1.0,0.004511757,0.050274216,-28.495512,2.303445,0.76781505,0.14400001,0.0,0.16908354,0.86999947,0.87999946,323200
hardzero_plus_depr__c0p60__z1p10__lam0p010__nu0p50__psi1p00,hardzero_plus_depr,0.12,38,101,0.0,2,0.5670436,0.5713083,1.0671138,0.08568134,0.08568134,1.0,0.004264701,0.049773976,-28.09489,2.347697,0.7825657,0.17600001,0.0,0.18235327,0.87999946,0.88999945,326400
hardzero_plus_depr__c0p60__z1p10__lam0p010__nu0p50__psi1p00,hardzero_plus_depr,0.12,38,102,0.0,2,0.5713083,0.57629544,0.9948079,0.101202704,0.101202704,1.0,0.0049871397,0.04927872,-27.151503,2.188621,0.72954035,0.192,0.008,0.14992703,0.88999945,0.89999944,329600
hardzero_plus_depr__c0p60__z1p10__lam0p010__nu0p50__psi1p00,hardzero_plus_depr,0.12,38,103,0.0,2,0.57629544,0.5810146,1.0144526,0.09672694,0.09672694,1.0,0.004719151,0.048788387,-26.380037,2.2318401,0.74394673,0.14400001,0.0,0.14944716,0.89999944,0.90999943,332800
hardzero_plus_depr__c0p60__z1p10__lam0p010__nu0p50__psi1p00,hardzero_plus_depr,0.12,38,104,0.0,2,0.5810146,0.58496994,1.0867858,0.08188685,0.08188685,1.0,0.0039553754,0.048302937,-28.15384,2.3909764,0.7969922,0.13,0.0,0.21192747,0.90999943,0.9199994,336000
hardzero_plus_depr__c0p60__z1p10__lam0p010__nu0p50__psi1p00,hardzero_plus_depr,0.12,38,105,0.0,2,0.58496994,0.5899,0.98677635,0.103091694,0.103091694,1.0,0.004930083,0.04782231,-26.57793,2.1709514,0.72365046,0.2,0.0,0.14124896,0.9199994,0.9299994,339200
hardzero_plus_depr__c0p60__z1p10__lam0p010__nu0p50__psi1p00,hardzero_plus_depr,0.12,38,106,0.0,2,0.5899,0.594455,1.0167983,0.09620591,0.09620591,1.0,0.0045550107,0.047346473,-27.418226,2.2370007,0.7456669,0.16800001,0.0,0.16319461,0.9299994,0.9399994,342400
hardzero_plus_depr__c0p60__z1p10__lam0p010__nu0p50__psi1p00,hardzero_plus_depr,0.12,38,107,0.0,2,0.594455,0.5991315,1.0010232,0.09976467,0.09976467,1.0,0.0046765055,0.04687537,-26.510818,2.2022948,0.7340983,0.15200001,0.0,0.14792916,0.9399994,0.9499994,345600
hardzero_plus_depr__c0p60__z1p10__lam0p010__nu0p50__psi1p00,hardzero_plus_depr,0.12,38,108,0.0,2,0.5991315,0.6033757,1.0388088,0.091451555,0.091451555,1.0,0.0042441706,0.046408948,-27.285923,2.285425,0.76180834,0.15200001,0.0,0.14582668,0.9499994,0.9599994,348800
hardzero_plus_depr__c0p60__z1p10__lam0p010__nu0p50__psi1p00,hardzero_plus_depr,0.12,38,109,1.0,3,0.6033757,0.008335717,0.9667712,0.10795153,0.10795153,1.0,0.0049600676,0.04594717,-25.193275,2.126939,0.7089797,0.16000001,0.0,0.1445307,0.9599994,0.4799997,352000
hardzero_plus_depr__c0p60__z1p10__lam0p010__nu0p50__psi1p00,hardzero_plus_depr,0.12,38,110,0.0,3,0.008335717,0.016157664,0.9774052,0.10534036,0.10534036,1.0,0.007821946,0.07425403,-26.187847,2.1503344,0.71677816,0.14400001,0.0,0.1697191,0.4799997,0.48999968,355200
hardzero_plus_depr__c0p60__z1p10__lam0p010__nu0p50__psi1p00,hardzero_plus_depr,0.12,38,111,0.0,3,0.016157664,0.024173245,0.9624421,0.109032996,0.109032996,1.0,0.008015581,0.07351519,-25.98724,2.117415,0.705805,0.192,0.0,0.13104698,0.48999968,0.49999967,358400
hardzero_plus_depr__c0p60__z1p10__lam0p010__nu0p50__psi1p00,hardzero_plus_depr,0.12,38,112,0.0,3,0.024173245,0.031959478,0.9707068,0.10697768,0.10697768,1.0,0.0077862316,0.0727837,-25.582941,2.1355977,0.7118659,0.24800001,0.0,0.14966711,0.49999967,0.5099997,361600
hardzero_plus_depr__c0p60__z1p10__lam0p010__nu0p50__psi1p00,hardzero_plus_depr,0.12,38,113,0.0,3,0.031959478,0.03881274,1.0217937,0.09510565,0.09510565,1.0,0.0068532643,0.07205949,-27.276342,2.247991,0.7493304,0.136,0.0,0.16466737,0.5099997,0.5199997,364800
hardzero_plus_depr__c0p60__z1p10__lam0p010__nu0p50__psi1p00,hardzero_plus_depr,0.12,38,114,0.0,3,0.03881274,0.04586058,1.0052923,0.09878879,0.09878879,1.0,0.0070478385,0.07134249,-27.619453,2.211687,0.73722905,0.128,0.0,0.14804262,0.5199997,0.5299997,368000
hardzero_plus_depr__c0p60__z1p10__lam0p010__nu0p50__psi1p00,hardzero_plus_depr,0.12,38,115,0.0,3,0.04586058,0.052773923,1.0093173,0.09787746,0.09787746,1.0,0.0069133416,0.07063262,-27.336027,2.2205424,0.74018085,0.16800001,0.0,0.15485582,0.5299997,0.53999966,371200
hardzero_plus_depr__c0p60__z1p10__lam0p010__nu0p50__psi1p00,hardzero_plus_depr,0.12,38,116,0.0,3,0.052773923,0.060198545,0.97398794,0.10617251,0.10617251,1.0,0.007424624,0.069929816,-26.706835,2.1428163,0.71427214,0.16000001,0.0,0.16175407,0.53999966,0.54999965,374400
hardzero_plus_depr__c0p60__z1p10__lam0p010__nu0p50__psi1p00,hardzero_plus_depr,0.12,38,117,0.0,3,0.060198545,0.06665791,1.0301298,0.09329753,0.09329753,1.0,0.0064593614,0.069234,-28.233316,2.2663307,0.7554436,0.16,0.0,0.15940563,0.54999965,0.55999964,377600
hardzero_plus_depr__c0p60__z1p10__lam0p010__nu0p50__psi1p00,hardzero_plus_depr,0.12,38,118,0.0,3,0.06665791,0.074141204,0.9618836,0.10917328,0.10917328,1.0,0.0074832947,0.06854511,-26.076641,2.1161861,0.7053954,0.17600001,0.0,0.12902683,0.55999964,0.56999964,380800
hardzero_plus_depr__c0p60__z1p10__lam0p010__nu0p50__psi1p00,hardzero_plus_depr,0.12,38,119,0.0,3,0.074141204,0.08102095,0.99406123,0.10137684,0.10137684,1.0,0.0068797437,0.06786307,-26.74343,2.1869783,0.7289928,0.192,0.0,0.15050331,0.56999964,0.5799996,384000
hardzero_plus_depr__c0p60__z1p10__lam0p010__nu0p50__psi1p00,hardzero_plus_depr,0.12,38,120,0.0,3,0.08102095,0.08779686,0.9963228,0.100850284,0.100850284,1.0,0.006775911,0.06718782,-26.628876,2.191954,0.7306513,0.14400001,0.0,0.12941872,0.5799996,0.5899996,387200
hardzero_plus_depr__c0p60__z1p10__lam0p010__nu0p50__psi1p00,hardzero_plus_depr,0.12,38,121,0.0,3,0.08779686,0.094676234,0.98539865,0.10341924,0.10341924,1.0,0.006879375,0.0665193,-26.585354,2.1679204,0.72264016,0.18400002,0.0,0.13820443,0.5899996,0.5999996,390400
hardzero_plus_depr__c0p60__z1p10__lam0p010__nu0p50__psi1p00,hardzero_plus_depr,0.12,38,122,0.0,3,0.094676234,0.101348154,0.994354,0.10130853,0.10130853,1.0,0.0066719176,0.06585741,-26.69457,2.1876225,0.7292075,0.216,0.0,0.17979161,0.5999996,0.6099996,393600
hardzero_plus_depr__c0p60__z1p10__lam0p010__nu0p50__psi1p00,hardzero_plus_depr,0.12,38,123,0.0,3,0.101348154,0.10779823,1.0046967,0.09892435,0.09892435,1.0,0.006450078,0.065202124,-27.708838,2.210377,0.7367923,0.128,0.008,0.14384092,0.6099996,0.6199996,396800
hardzero_plus_depr__c0p60__z1p10__lam0p010__nu0p50__psi1p00,hardzero_plus_depr,0.12,38,124,0.0,3,0.10779823,0.11386579,1.026905,0.0939929,0.0939929,1.0,0.0060675573,0.06455336,-27.435741,2.2592359,0.75307864,0.17600001,0.0,0.14658667,0.6199996,0.6299996,400000
hardzero_plus_depr__c0p60__z1p10__lam0p010__nu0p50__psi1p00,hardzero_plus_depr,0.12,38,125,0.0,3,0.11386579,0.121121645,0.9448876,0.11353047,0.11353047,1.0,0.007255851,0.06391104,-25.611498,2.0787942,0.6929314,0.23200001,0.008,0.1513867,0.6299996,0.63999957,403200
hardzero_plus_depr__c0p60__z1p10__lam0p010__nu0p50__psi1p00,hardzero_plus_depr,0.12,38,126,0.0,3,0.121121645,0.12791774,0.96897334,0.10740552,0.10740552,1.0,0.0067960974,0.06327512,-26.697557,2.131784,0.71059465,0.296,0.008,0.16332138,0.63999957,0.64999956,406400
hardzero_plus_depr__c0p60__z1p10__lam0p010__nu0p50__psi1p00,hardzero_plus_depr,0.12,38,127,0.0,3,0.12791774,0.13471273,0.9647014,0.10846725,0.10846725,1.0,0.0067949877,0.062645525,-26.52592,2.1223855,0.70746183,0.2,0.0,0.15700434,0.64999956,0.65999955,409600
hardzero_plus_depr__c0p60__z1p10__lam0p010__nu0p50__psi1p00,hardzero_plus_depr,0.12,38,128,0.0,3,0.13471273,0.14119832,0.9805973,0.10456893,0.10456893,1.0,0.006485593,0.062022183,-26.984196,2.1573572,0.7191191,0.216,0.0,0.1545846,0.65999955,0.66999954,412800
hardzero_plus_depr__c0p60__z1p10__lam0p010__nu0p50__psi1p00,hardzero_plus_depr,0.12,38,129,0.0,3,0.14119832,0.1476914,0.9757534,0.10574176,0.10574176,1.0,0.0064930785,0.061405055,-26.37779,2.1467004,0.7155668,0.15200001,0.0,0.12831904,0.66999954,0.67999953,416000
hardzero_plus_depr__c0p60__z1p10__lam0p010__nu0p50__psi1p00,hardzero_plus_depr,0.12,38,130,0.0,3,0.1476914,0.15398878,0.98470074,0.103585556,0.103585556,1.0,0.0062973867,0.060794063,-26.96606,2.166385,0.72212833,0.089999996,0.0,0.17206633,0.67999953,0.6899995,419200
hardzero_plus_depr__c0p60__z1p10__lam0p010__nu0p50__psi1p00,hardzero_plus_depr,0.12,38,131,0.0,3,0.15398878,0.15974174,1.0196261,0.0955815,0.0955815,1.0,0.0057529695,0.060189154,-27.84146,2.2432222,0.74774075,0.17600001,0.0,0.16080417,0.6899995,0.6999995,422400
hardzero_plus_depr__c0p60__z1p10__lam0p010__nu0p50__psi1p00,hardzero_plus_depr,0.12,38,132,0.0,3,0.15974174,0.16641466,0.9508591,0.11198011,0.11198011,1.0,0.006672925,0.05959027,-25.750032,2.0919318,0.6973106,0.17600001,0.0,0.16944268,0.6999995,0.7099995,425600
hardzero_plus_depr__c0p60__z1p10__lam0p010__nu0p50__psi1p00,hardzero_plus_depr,0.12,38,133,0.0,3,0.16641466,0.17231905,0.9996568,0.10007907,0.10007907,1.0,0.005904398,0.058997333,-26.452654,2.1992888,0.7330963,0.128,0.0,0.12856804,0.7099995,0.7199995,428800
hardzero_plus_depr__c0p60__z1p10__lam0p010__nu0p50__psi1p00,hardzero_plus_depr,0.12,38,134,0.0,3,0.17231905,0.17745243,1.056086,0.08788485,0.08788485,1.0,0.00513338,0.058410298,-27.833462,2.3234355,0.77447855,0.072000004,0.0,0.14347985,0.7199995,0.7299995,432000
hardzero_plus_depr__c0p60__z1p10__lam0p010__nu0p50__psi1p00,hardzero_plus_depr,0.12,38,135,0.0,3,0.17745243,0.18350142,0.9804635,0.104601145,0.104601145,1.0,0.0060489913,0.05782911,-26.91633,2.1570628,0.71902096,0.17600001,0.0,0.17655732,0.7299995,0.7399995,435200
hardzero_plus_depr__c0p60__z1p10__lam0p010__nu0p50__psi1p00,hardzero_plus_depr,0.12,38,136,0.0,3,0.18350142,0.18933614,0.9917838,0.10190985,0.10190985,1.0,0.0058347164,0.0572537,-27.341497,2.181968,0.7273227,0.16800001,0.0,0.15180652,0.7399995,0.74999946,438400
hardzero_plus_depr__c0p60__z1p10__lam0p010__nu0p50__psi1p00,hardzero_plus_depr,0.12,38,137,0.0,3,0.18933614,0.19507529,0.9946126,0.10124821,0.10124821,1.0,0.005739155,0.056684017,-26.634825,2.1881914,0.7293972,0.18400002,0.0,0.15388168,0.74999946,0.75999945,441600
hardzero_plus_depr__c0p60__z1p10__lam0p010__nu0p50__psi1p00,hardzero_plus_depr,0.12,38,138,0.0,3,0.19507529,0.20100382,0.9761701,0.10564036,0.10564036,1.0,0.005928537,0.05612,-27.0664,2.147617,0.7158724,0.14400001,0.0,0.16047014,0.75999945,0.76999944,444800
hardzero_plus_depr__c0p60__z1p10__lam0p010__nu0p50__psi1p00,hardzero_plus_depr,0.12,38,139,0.0,3,0.20100382,0.20697035,0.96905315,0.1073858,0.1073858,1.0,0.0059665265,0.0555616,-25.894522,2.1319594,0.7106532,0.14400001,0.0,0.14523692,0.76999944,0.77999943,448000
hardzero_plus_depr__c0p60__z1p10__lam0p010__nu0p50__psi1p00,hardzero_plus_depr,0.12,38,140,0.0,3,0.20697035,0.21303156,0.95787185,0.110186435,0.110186435,1.0,0.006061218,0.05500875,-26.923466,2.1073601,0.7024534,0.2,0.0,0.15712056,0.77999943,0.7899994,451200
hardzero_plus_depr__c0p60__z1p10__lam0p010__nu0p50__psi1p00,hardzero_plus_depr,0.12,38,141,0.0,3,0.21303156,0.21786831,1.051535,0.08881063,0.08881063,1.0,0.0048367516,0.054461405,-29.03608,2.3134232,0.77114105,0.136,0.0,0.16779053,0.7899994,0.7999994,454400
hardzero_plus_depr__c0p60__z1p10__lam0p010__nu0p50__psi1p00,hardzero_plus_depr,0.12,38,142,0.0,3,0.21786831,0.22426763,0.9256124,0.118682735,0.118682735,1.0,0.0063993144,0.053919505,-26.513906,2.036388,0.678796,0.23200001,0.0,0.13981418,0.7999994,0.8099994,457600
hardzero_plus_depr__c0p60__z1p10__lam0p010__nu0p50__psi1p00,hardzero_plus_depr,0.12,38,143,0.0,3,0.22426763,0.22914001,1.0396622,0.091272034,0.091272034,1.0,0.004872375,0.053383004,-27.25389,2.2873027,0.76243424,0.17,0.0,0.15922903,0.8099994,0.8199994,460800
hardzero_plus_depr__c0p60__z1p10__lam0p010__nu0p50__psi1p00,hardzero_plus_depr,0.12,38,144,0.0,3,0.22914001,0.23440026,1.0020543,0.0995281,0.0995281,1.0,0.005260242,0.05285183,-26.568314,2.2045636,0.7348546,0.136,0.0,0.15165976,0.8199994,0.8299994,464000
hardzero_plus_depr__c0p60__z1p10__lam0p010__nu0p50__psi1p00,hardzero_plus_depr,0.12,38,145,0.0,3,0.23440026,0.23965578,0.9981015,0.100438096,0.100438096,1.0,0.0052555185,0.05232595,-27.15001,2.195867,0.7319557,0.208,0.0,0.19704978,0.8299994,0.8399994,467200
hardzero_plus_depr__c0p60__z1p10__lam0p010__nu0p50__psi1p00,hardzero_plus_depr,0.12,38,146,0.0,3,0.23965578,0.24463657,1.0170761,0.09614437,0.09614437,1.0,0.0049807876,0.051805295,-26.96016,2.2376122,0.74587077,0.112,0.0,0.14118767,0.8399994,0.84999937,470400
hardzero_plus_depr__c0p60__z1p10__lam0p010__nu0p50__psi1p00,hardzero_plus_depr,0.12,38,147,0.0,3,0.24463657,0.2498179,0.9955897,0.101020694,0.101020694,1.0,0.005181334,0.051289827,-27.108326,2.190341,0.7301137,0.15200001,0.0,0.1559048,0.84999937,0.85999936,473600
hardzero_plus_depr__c0p60__z1p10__lam0p010__nu0p50__psi1p00,hardzero_plus_depr,0.12,38,148,0.0,3,0.2498179,0.2550274,0.988891,0.10259093,0.10259093,1.0,0.005209515,0.050779484,-26.26854,2.1756036,0.72520125,0.17600001,0.0,0.13234736,0.85999936,0.86999935,476800
hardzero_plus_depr__c0p60__z1p10__lam0p010__nu0p50__psi1p00,hardzero_plus_depr,0.12,38,149,0.0,3,0.2550274,0.26016924,0.990229,0.10227536,0.10227536,1.0,0.005141814,0.05027422,-26.660082,2.1785474,0.72618246,0.112,0.0,0.17006947,0.86999935,0.87999934,480000
hardzero_plus_depr__c0p60__z1p10__lam0p010__nu0p50__psi1p00,hardzero_plus_depr,0.12,38,150,0.0,3,0.26016924,0.26551798,0.96875143,0.10746043,0.10746043,1.0,0.005348733,0.04977398,-27.017004,2.1312957,0.71043193,0.216,0.0,0.15664957,0.87999934,0.88999933,483200
hardzero_plus_depr__c0p60__z1p10__lam0p010__nu0p50__psi1p00,hardzero_plus_depr,0.12,38,151,0.0,3,0.26551798,0.27030492,1.0126029,0.09713977,0.09713977,1.0,0.004786924,0.049278725,-27.398375,2.2277708,0.7425903,0.16000001,0.0,0.16244401,0.88999933,0.8999993,486400
hardzero_plus_depr__c0p60__z1p10__lam0p010__nu0p50__psi1p00,hardzero_plus_depr,0.12,38,152,0.0,3,0.27030492,0.2752979,0.9899567,0.102339506,0.102339506,1.0,0.00499298,0.048788395,-27.73916,2.1779482,0.7259828,0.256,0.008,0.17252235,0.8999993,0.9099993,489600
hardzero_plus_depr__c0p60__z1p10__lam0p010__nu0p50__psi1p00,hardzero_plus_depr,0.12,38,153,0.0,3,0.2752979,0.28012335,1.0004351,0.09989986,0.09989986,1.0,0.0048254565,0.048302937,-27.6377,2.2010012,0.7336671,0.120000005,0.0,0.14280881,0.9099993,0.9199993,492800
hardzero_plus_depr__c0p60__z1p10__lam0p010__nu0p50__psi1p00,hardzero_plus_depr,0.12,38,154,0.0,3,0.28012335,0.28417286,1.0722291,0.084678054,0.084678054,1.0,0.0040495005,0.047822315,-28.030771,2.3589513,0.7863171,0.128,0.0,0.1557213,0.9199993,0.9299993,496000
hardzero_plus_depr__c0p60__z1p10__lam0p010__nu0p50__psi1p00,hardzero_plus_depr,0.12,38,155,0.0,3,0.28417286,0.28936294,0.9601144,0.10961894,0.10961894,1.0,0.0051900707,0.04734648,-25.557076,2.112294,0.704098,0.208,0.0,0.14391889,0.9299993,0.9399993,499200
hardzero_plus_depr__c0p60__z1p10__lam0p010__nu0p50__psi1p00,hardzero_plus_depr,0.12,38,156,0.0,3,0.28936294,0.2948277,0.9333723,0.11658097,0.11658097,1.0,0.005464777,0.046875376,-25.826208,2.0534601,0.68448675,0.26,0.0,0.13191535,0.9399993,0.9499993,502400
hardzero_plus_depr__c0p60__z1p10__lam0p010__nu0p50__psi1p00,hardzero_plus_depr,0.12,38,157,0.0,3,0.2948277,0.29951775,0.9954254,0.10105889,0.10105889,1.0,0.0046900376,0.046408955,-27.411589,2.1899796,0.7299932,0.16000001,0.0,0.16446641,0.9499993,0.95999926,505600
hardzero_plus_depr__c0p60__z1p10__lam0p010__nu0p50__psi1p00,hardzero_plus_depr,0.12,38,158,0.0,3,0.29951775,0.3048262,0.93729204,0.11553349,0.11553349,1.0,0.005308438,0.04594718,-25.50619,2.0620837,0.68736124,0.23200001,0.0,0.15902618,0.95999926,0.96999925,508800
hardzero_plus_depr__c0p60__z1p10__lam0p010__nu0p50__psi1p00,hardzero_plus_depr,0.12,38,159,0.0,3,0.3048262,0.30953634,0.9848811,0.10354255,0.10354255,1.0,0.004710151,0.04549,-27.11101,2.1667817,0.7222606,0.128,0.0,0.14018235,0.96999925,0.97999924,512000
hardzero_plus_depr__c0p60__z1p10__lam0p010__nu0p50__psi1p00,hardzero_plus_depr,0.12,38,160,0.0,3,0.30953634,0.3144782,0.95968235,0.10972805,0.10972805,1.0,0.004941862,0.045037363,-26.587938,2.1113434,0.7037811,0.17600001,0.0,0.1680938,0.97999924,0.98999923,515200
hardzero_plus_depr__c0p60__z1p10__lam0p010__nu0p50__psi1p00,hardzero_plus_depr,0.12,38,161,0.0,3,0.3144782,0.3190476,0.98936903,0.10247807,0.10247807,1.0,0.004569419,0.04458924,-27.160536,2.1766553,0.7255518,0.14400001,0.0,0.15035212,0.98999923,0.9999992,518400
hardzero_plus_depr__c0p60__z1p10__lam0p010__nu0p50__psi1p00,hardzero_plus_depr,0.12,38,162,0.0,3,0.3190476,0.32351908,0.99443495,0.10128965,0.10128965,1.0,0.004471489,0.04414557,-26.386274,2.1878006,0.7292669,0.15200001,0.0,0.16398054,0.9999992,1.0099993,521600
hardzero_plus_depr__c0p60__z1p10__lam0p010__nu0p50__psi1p00,hardzero_plus_depr,0.12,38,163,0.0,3,0.32351908,0.32740957,1.0505395,0.089014456,0.089014456,1.0,0.0038904934,0.04370631,-28.132174,2.311233,0.770411,0.136,0.0,0.17202741,1.0099993,1.0199993,524800
hardzero_plus_depr__c0p60__z1p10__lam0p010__nu0p50__psi1p00,hardzero_plus_depr,0.12,38,164,0.0,3,0.32740957,0.33190396,0.9835294,0.10386533,0.10386533,1.0,0.004494401,0.043271426,-26.56785,2.1638079,0.7212693,0.17600001,0.0,0.14560339,1.0199993,1.0299993,528000
hardzero_plus_depr__c0p60__z1p10__lam0p010__nu0p50__psi1p00,hardzero_plus_depr,0.12,38,165,0.0,3,0.33190396,0.3362653,0.9922382,0.101803266,0.101803266,1.0,0.004361341,0.042840872,-27.820496,2.1829677,0.7276559,0.264,0.0,0.19136176,1.0299993,1.0399992,531200
hardzero_plus_depr__c0p60__z1p10__lam0p010__nu0p50__psi1p00,hardzero_plus_depr,0.12,38,166,0.0,3,0.3362653,0.34064597,0.9859756,0.10328194,0.10328194,1.0,0.004380661,0.04241459,-26.999327,2.1691897,0.72306323,0.136,0.0,0.162722,1.0399992,1.0499992,534400
hardzero_plus_depr__c0p60__z1p10__lam0p010__nu0p50__psi1p00,hardzero_plus_depr,0.12,38,167,0.0,3,0.34064597,0.34486434,0.99802655,0.10045543,0.10045543,1.0,0.004218381,0.04199256,-27.015348,2.1957023,0.7319008,0.136,0.0,0.15060425,1.0499992,1.0599992,537600
hardzero_plus_depr__c0p60__z1p10__lam0p010__nu0p50__psi1p00,hardzero_plus_depr,0.12,38,168,0.0,3,0.34486434,0.34965482,0.9384487,0.115226194,0.115226194,1.0,0.0047904975,0.041574728,-26.056175,2.0646284,0.6882095,0.17600001,0.0,0.13081335,1.0599992,1.0699992,540800
hardzero_plus_depr__c0p60__z1p10__lam0p010__nu0p50__psi1p00,hardzero_plus_depr,0.12,38,169,0.0,3,0.34965482,0.35377666,0.9993944,0.10013954,0.10013954,1.0,0.004121849,0.041161053,-25.484005,2.1987116,0.7329039,0.099999994,0.0,0.11849579,1.0699992,1.0799992,544000
hardzero_plus_depr__c0p60__z1p10__lam0p010__nu0p50__psi1p00,hardzero_plus_depr,0.12,38,170,0.0,3,0.35377666,0.35773644,1.0124732,0.09716879,0.09716879,1.0,0.003959773,0.040751494,-26.96176,2.2274857,0.74249524,0.208,0.0,0.1663033,1.0799992,1.0899992,547200
hardzero_plus_depr__c0p60__z1p10__lam0p010__nu0p50__psi1p00,hardzero_plus_depr,0.12,38,171,0.0,3,0.35773644,0.36209142,0.9668133,0.10794105,0.10794105,1.0,0.0043549906,0.04034601,-26.436811,2.1270318,0.7090106,0.208,0.0,0.15559004,1.0899992,1.0999992,550400
hardzero_plus_depr__c0p60__z1p10__lam0p010__nu0p50__psi1p00,hardzero_plus_depr,0.12,38,172,0.0,3,0.36209142,0.36635837,0.97134006,0.1068218,0.1068218,1.0,0.00426695,0.03994456,-25.449547,2.1369908,0.7123303,0.17600001,0.0,0.14026354,1.0999992,1.1099992,553600
hardzero_plus_depr__c0p60__z1p10__lam0p010__nu0p50__psi1p00,hardzero_plus_depr,0.12,38,173,0.0,3,0.36635837,0.37021387,1.0110353,0.09749103,0.09749103,1.0,0.0038554885,0.039547108,-26.936262,2.224322,0.7414407,0.14400001,0.0,0.18095294,1.1099992,1.1199992,556800
hardzero_plus_depr__c0p60__z1p10__lam0p010__nu0p50__psi1p00,hardzero_plus_depr,0.12,38,174,0.0,3,0.37021387,0.37385252,1.0318308,0.09293283,0.09293283,1.0,0.0036386552,0.039153606,-27.713476,2.270073,0.756691,0.128,0.0,0.15126312,1.1199992,1.1299992,560000
hardzero_plus_depr__c0p60__z1p10__lam0p010__nu0p50__psi1p00,hardzero_plus_depr,0.12,38,175,0.0,3,0.37385252,0.3779279,0.9782625,0.10513262,0.10513262,1.0,0.0040753633,0.038764022,-26.900082,2.1522205,0.71740687,0.16000001,0.0,0.1512426,1.1299992,1.1399992,563200
hardzero_plus_depr__c0p60__z1p10__lam0p010__nu0p50__psi1p00,hardzero_plus_depr,0.12,38,176,0.0,3,0.3779279,0.38161746,1.017113,0.09613621,0.09613621,1.0,0.0036895461,0.038378317,-27.686974,2.2376933,0.74589777,0.080000006,0.0,0.1702062,1.1399992,1.1499991,566400
hardzero_plus_depr__c0p60__z1p10__lam0p010__nu0p50__psi1p00,hardzero_plus_depr,0.12,38,177,0.0,3,0.38161746,0.38564414,0.9747943,0.105975546,0.105975546,1.0,0.0040266938,0.037996445,-27.262554,2.1445904,0.7148635,0.18400002,0.0,0.14593884,1.1499991,1.1599991,569600
hardzero_plus_depr__c0p60__z1p10__lam0p010__nu0p50__psi1p00,hardzero_plus_depr,0.12,38,178,0.0,3,0.38564414,0.38923198,1.0205652,0.09537506,0.09537506,1.0,0.0035878546,0.037618373,-27.104784,2.2452881,0.7484294,0.24000001,0.0,0.16519055,1.1599991,1.1699991,572800
hardzero_plus_depr__c0p60__z1p10__lam0p010__nu0p50__psi1p00,hardzero_plus_depr,0.12,38,179,0.0,3,0.38923198,0.3931052,0.9829846,0.103995696,0.103995696,1.0,0.0038732225,0.037244067,-27.003817,2.1626093,0.7208698,0.2,0.0,0.1763753,1.1699991,1.1799991,576000
hardzero_plus_depr__c0p60__z1p10__lam0p010__nu0p50__psi1p00,hardzero_plus_depr,0.12,38,180,0.0,3,0.3931052,0.39635673,1.0546286,0.08818026,0.08818026,1.0,0.0032515132,0.036873482,-27.711096,2.3202293,0.7734098,0.128,0.0,0.17569159,1.1799991,1.1899991,579200
hardzero_plus_depr__c0p60__z1p10__lam0p010__nu0p50__psi1p00,hardzero_plus_depr,0.12,38,181,0.0,3,0.39635673,0.39974302,1.0326463,0.092758484,0.092758484,1.0,0.0033862956,0.036506586,-26.592722,2.2718673,0.7572891,0.16000001,0.0,0.1465304,1.1899991,1.1999991,582400
hardzero_plus_depr__c0p60__z1p10__lam0p010__nu0p50__psi1p00,hardzero_plus_depr,0.12,38,182,0.0,3,0.39974302,0.40316507,1.0237428,0.094679765,0.094679765,1.0,0.0034220426,0.036143336,-27.817648,2.252279,0.7507597,0.14,0.0,0.15076709,1.1999991,1.2099991,585600
hardzero_plus_depr__c0p60__z1p10__lam0p010__nu0p50__psi1p00,hardzero_plus_depr,0.12,38,183,0.0,3,0.40316507,0.40737808,0.92909336,0.11773528,0.11773528,1.0,0.004213005,0.035783708,-26.632006,2.0440462,0.68134874,0.272,0.0,0.17351383,1.2099991,1.2199991,588800
hardzero_plus_depr__c0p60__z1p10__lam0p010__nu0p50__psi1p00,hardzero_plus_depr,0.12,38,184,0.0,3,0.40737808,0.41097596,0.99329615,0.101555586,0.101555586,1.0,0.003597876,0.035427652,-27.257267,2.185295,0.7284317,0.16800001,0.0,0.15714915,1.2199991,1.2299991,592000
hardzero_plus_depr__c0p60__z1p10__lam0p010__nu0p50__psi1p00,hardzero_plus_depr,0.12,38,185,0.0,3,0.41097596,0.41481888,0.9603397,0.10956209,0.10956209,1.0,0.0038429056,0.03507514,-25.708033,2.1127896,0.7042632,0.128,0.0,0.1178419,1.2299991,1.239999,595200
hardzero_plus_depr__c0p60__z1p10__lam0p010__nu0p50__psi1p00,hardzero_plus_depr,0.12,38,186,0.0,3,0.41481888,0.4183501,0.99273056,0.10168792,0.10168792,1.0,0.003531229,0.03472614,-26.84836,2.1840508,0.728017,0.16000001,0.0,0.16016063,1.239999,1.249999,598400
hardzero_plus_depr__c0p60__z1p10__lam0p010__nu0p50__psi1p00,hardzero_plus_depr,0.12,38,187,0.0,3,0.4183501,0.4226071,0.9072093,0.12381998,0.12381998,1.0,0.004257006,0.034380607,-26.354303,1.9959003,0.66530013,0.23200001,0.0,0.12660831,1.249999,1.259999,601600
hardzero_plus_depr__c0p60__z1p10__lam0p010__nu0p50__psi1p00,hardzero_plus_depr,0.12,38,188,0.0,3,0.4226071,0.42603374,0.9971029,0.100669295,0.100669295,1.0,0.003426633,0.034038514,-27.33024,2.1936703,0.73122346,0.136,0.0,0.14710884,1.259999,1.269999,604800
hardzero_plus_depr__c0p60__z1p10__lam0p010__nu0p50__psi1p00,hardzero_plus_depr,0.12,38,189,0.0,3,0.42603374,0.42949146,0.98883593,0.10260395,0.10260395,1.0,0.0034577355,0.03369983,-26.570322,2.1754825,0.72516084,0.14400001,0.0,0.1452054,1.269999,1.279999,608000
hardzero_plus_depr__c0p60__z1p10__lam0p010__nu0p50__psi1p00,hardzero_plus_depr,0.12,38,190,0.0,3,0.42949146,0.4328374,0.99876654,0.100284405,0.100284405,1.0,0.0033459398,0.03336451,-27.66291,2.1973302,0.73244345,0.136,0.0,0.1702786,1.279999,1.289999,611200
hardzero_plus_depr__c0p60__z1p10__lam0p010__nu0p50__psi1p00,hardzero_plus_depr,0.12,38,191,0.0,3,0.4328374,0.43611318,1.0036255,0.09916868,0.09916868,1.0,0.0032757919,0.033032525,-26.656525,2.2080202,0.73600674,0.15200001,0.0,0.17049062,1.289999,1.299999,614400
hardzero_plus_depr__c0p60__z1p10__lam0p010__nu0p50__psi1p00,hardzero_plus_depr,0.12,38,192,0.0,3,0.43611318,0.4393867,0.99958277,0.10009613,0.10009613,1.0,0.0032735285,0.032703847,-27.243935,2.199126,0.733042,0.080000006,0.0,0.14578132,1.299999,1.309999,617600
hardzero_plus_depr__c0p60__z1p10__lam0p010__nu0p50__psi1p00,hardzero_plus_depr,0.12,38,193,0.0,3,0.4393867,0.44268358,0.9921539,0.101823054,0.101823054,1.0,0.0032968714,0.03237844,-27.108585,2.1827822,0.7275941,0.16000001,0.0,0.14007199,1.309999,1.319999,620800
hardzero_plus_depr__c0p60__z1p10__lam0p010__nu0p50__psi1p00,hardzero_plus_depr,0.12,38,194,0.0,3,0.44268358,0.44559553,1.041729,0.09083871,0.09083871,1.0,0.00291195,0.03205627,-28.22923,2.2918496,0.7639499,0.128,0.0,0.1433593,1.319999,1.329999,624000
hardzero_plus_depr__c0p60__z1p10__lam0p010__nu0p50__psi1p00,hardzero_plus_depr,0.12,38,195,0.0,3,0.44559553,0.44829324,1.0705748,0.08500123,0.08500123,1.0,0.00269771,0.031737305,-29.024975,2.3553116,0.7851039,0.099999994,0.0,0.15757853,1.329999,1.339999,627200
hardzero_plus_depr__c0p60__z1p10__lam0p010__nu0p50__psi1p00,hardzero_plus_depr,0.12,38,196,0.0,3,0.44829324,0.45188898,0.9414383,0.11443575,0.11443575,1.0,0.0035957443,0.031421512,-25.786474,2.0712056,0.6904019,0.16000001,0.0,0.13934216,1.339999,1.349999,630400
hardzero_plus_depr__c0p60__z1p10__lam0p010__nu0p50__psi1p00,hardzero_plus_depr,0.12,38,197,0.0,3,0.45188898,0.4552247,0.96969616,0.10722692,0.10722692,1.0,0.0033357078,0.031108864,-26.777798,2.1333742,0.7111248,0.17600001,0.0,0.14345826,1.349999,1.359999,633600
hardzero_plus_depr__c0p60__z1p10__lam0p010__nu0p50__psi1p00,hardzero_plus_depr,0.12,38,198,0.0,3,0.4552247,0.45844713,0.9803577,0.10462663,0.10462663,1.0,0.0032224297,0.030799326,-27.305841,2.15683,0.71894336,0.192,0.0,0.15034635,1.359999,1.3699989,636800
hardzero_plus_depr__c0p60__z1p10__lam0p010__nu0p50__psi1p00,hardzero_plus_depr,0.12,38,199,0.0,3,0.45844713,0.46158275,0.9878752,0.10283117,0.10283117,1.0,0.0031356174,0.030492868,-27.395426,2.173369,0.7244563,0.15200001,0.0,0.16904874,1.3699989,1.3799989,640000
hardzero_plus_depr__c0p60__z1p10__lam0p010__nu0p50__psi1p00,hardzero_plus_depr,0.12,38,200,0.0,3,0.46158275,0.4645301,1.010424,0.09762836,0.09762836,1.0,0.0029473475,0.03018946,-26.915258,2.2229772,0.7409924,0.14400001,0.0,0.17072046,1.3799989,1.3899989,643200
hardzero_plus_depr__c0p60__z1p10__lam0p010__nu0p50__psi1p00,hardzero_plus_depr,0.12,38,201,0.0,3,0.4645301,0.46733278,1.0279402,0.09376911,0.09376911,1.0,0.0028026714,0.02988907,-28.339098,2.2615135,0.7538378,0.17600001,0.0,0.16952579,1.3899989,1.3999989,646400
hardzero_plus_depr__c0p60__z1p10__lam0p010__nu0p50__psi1p00,hardzero_plus_depr,0.12,38,202,0.0,3,0.46733278,0.47058716,0.9586987,0.10997684,0.10997684,1.0,0.0032543982,0.029591668,-26.382723,2.1091793,0.7030598,0.23200001,0.0,0.16380101,1.3999989,1.4099989,649600
hardzero_plus_depr__c0p60__z1p10__lam0p010__nu0p50__psi1p00,hardzero_plus_depr,0.12,38,203,0.0,3,0.47058716,0.47337943,1.020869,0.09530834,0.09530834,1.0,0.0027922702,0.029297227,-27.338783,2.2459567,0.7486522,0.18400002,0.0,0.16131979,1.4099989,1.4199989,652800
hardzero_plus_depr__c0p60__z1p10__lam0p010__nu0p50__psi1p00,hardzero_plus_depr,0.12,38,204,0.0,3,0.47337943,0.4763576,0.9885334,0.10267546,0.10267546,1.0,0.0029781752,0.029005716,-27.082197,2.1748168,0.724939,0.120000005,0.0,0.15553564,1.4199989,1.4299989,656000
hardzero_plus_depr__c0p60__z1p10__lam0p010__nu0p50__psi1p00,hardzero_plus_depr,0.12,38,205,0.0,3,0.4763576,0.47941652,0.97257525,0.10651842,0.10651842,1.0,0.0030589004,0.028717102,-26.563662,2.1397083,0.7132361,0.2,0.0,0.15521131,1.4299989,1.4399989,659200
hardzero_plus_depr__c0p60__z1p10__lam0p010__nu0p50__psi1p00,hardzero_plus_depr,0.12,38,206,0.0,3,0.47941652,0.48256543,0.95563704,0.11075489,0.11075489,1.0,0.0031489127,0.028431363,-26.59957,2.1024435,0.7008145,0.17600001,0.0,0.15759903,1.4399989,1.4499989,662400
hardzero_plus_depr__c0p60__z1p10__lam0p010__nu0p50__psi1p00,hardzero_plus_depr,0.12,38,207,0.0,3,0.48256543,0.48542508,0.9931419,0.10159168,0.10159168,1.0,0.00285965,0.028148467,-27.797459,2.1849558,0.72831863,0.17600001,0.008,0.15864198,1.4499989,1.4599988,665600
hardzero_plus_depr__c0p60__z1p10__lam0p010__nu0p50__psi1p00,hardzero_plus_depr,0.12,38,208,0.0,3,0.48542508,0.48865116,0.93643594,0.11576147,0.11576147,1.0,0.0032260849,0.027868383,-26.51167,2.0602002,0.6867334,0.19,0.0,0.16855662,1.4599988,1.4699988,668800
hardzero_plus_depr__c0p60__z1p10__lam0p010__nu0p50__psi1p00,hardzero_plus_depr,0.12,38,209,0.0,3,0.48865116,0.4913114,1.0158451,0.09641728,0.09641728,1.0,0.0026602577,0.027591089,-27.221302,2.2349038,0.74496794,0.18400002,0.0,0.18722469,1.4699988,1.4799988,672000
hardzero_plus_depr__c0p60__z1p10__lam0p010__nu0p50__psi1p00,hardzero_plus_depr,0.12,38,210,0.0,3,0.4913114,0.49401724,1.0041238,0.09905494,0.09905494,1.0,0.00270584,0.027316557,-27.851046,2.2091165,0.7363722,0.17600001,0.0,0.1516808,1.4799988,1.4899988,675200
hardzero_plus_depr__c0p60__z1p10__lam0p010__nu0p50__psi1p00,hardzero_plus_depr,0.12,38,211,0.0,3,0.49401724,0.49670762,1.0022725,0.0994781,0.0994781,1.0,0.0026903606,0.027044753,-27.169216,2.2050436,0.73501456,0.15200001,0.0,0.15802622,1.4899988,1.4999988,678400
hardzero_plus_depr__c0p60__z1p10__lam0p010__nu0p50__psi1p00,hardzero_plus_depr,0.12,38,212,0.0,3,0.49670762,0.49959543,0.96717066,0.10785227,0.10785227,1.0,0.002887815,0.026775653,-26.3257,2.1278179,0.7092726,0.216,0.0,0.16246232,1.4999988,1.5099988,681600
hardzero_plus_depr__c0p60__z1p10__lam0p010__nu0p50__psi1p00,hardzero_plus_depr,0.12,38,213,0.0,3,0.49959543,0.5019901,1.0441569,0.09033231,0.09033231,1.0,0.00239464,0.02650923,-28.156197,2.2971911,0.7657304,0.136,0.0,0.16279809,1.5099988,1.5199988,684800
hardzero_plus_depr__c0p60__z1p10__lam0p010__nu0p50__psi1p00,hardzero_plus_depr,0.12,38,214,0.0,3,0.5019901,0.5047534,0.97762245,0.10528768,0.10528768,1.0,0.0027633235,0.02624546,-27.150919,2.1508124,0.7169375,0.16000001,0.0,0.1299283,1.5199988,1.5299988,688000
hardzero_plus_depr__c0p60__z1p10__lam0p010__nu0p50__psi1p00,hardzero_plus_depr,0.12,38,215,0.0,3,0.5047534,0.5072354,1.0199087,0.095519334,0.095519334,1.0,0.0024820042,0.025984311,-27.740486,2.2438438,0.74794793,0.15200001,0.0,0.16400509,1.5299988,1.5399988,691200
hardzero_plus_depr__c0p60__z1p10__lam0p010__nu0p50__psi1p00,hardzero_plus_depr,0.12,38,216,0.0,3,0.5072354,0.5099749,0.9726942,0.10648925,0.10648925,1.0,0.0027395173,0.025725763,-26.47456,2.13997,0.71332335,0.18400002,0.0,0.16205275,1.5399988,1.5499988,694400
hardzero_plus_depr__c0p60__z1p10__lam0p010__nu0p50__psi1p00,hardzero_plus_depr,0.12,38,217,0.0,3,0.5099749,0.5124335,1.0153275,0.09653226,0.09653226,1.0,0.0024586564,0.02546979,-27.279545,2.233765,0.7445883,0.15200001,0.0,0.14867158,1.5499988,1.5599988,697600
hardzero_plus_depr__c0p60__z1p10__lam0p010__nu0p50__psi1p00,hardzero_plus_depr,0.12,38,218,0.0,3,0.5124335,0.5153958,0.93005383,0.11747519,0.11747519,1.0,0.0029622966,0.02521636,-26.901789,2.0461593,0.6820531,0.24000001,0.0,0.13012174,1.5599988,1.5699987,700800
hardzero_plus_depr__c0p60__z1p10__lam0p010__nu0p50__psi1p00,hardzero_plus_depr,0.12,38,219,0.0,3,0.5153958,0.51783997,1.0092132,0.09790092,0.09790092,1.0,0.0024441406,0.024965452,-27.313068,2.2203133,0.74010444,0.15200001,0.0,0.14070587,1.5699987,1.5799987,704000
hardzero_plus_depr__c0p60__z1p10__lam0p010__nu0p50__psi1p00,hardzero_plus_depr,0.12,38,220,0.0,3,0.51783997,0.5205242,0.9641803,0.10859749,0.10859749,1.0,0.0026842086,0.024717042,-26.34777,2.121239,0.70707965,0.16800001,0.0,0.14809561,1.5799987,1.5899987,707200
hardzero_plus_depr__c0p60__z1p10__lam0p010__nu0p50__psi1p00,hardzero_plus_depr,0.12,38,221,0.0,3,0.5205242,0.5227787,1.0356102,0.09212761,0.09212761,1.0,0.0022544642,0.024471102,-27.532314,2.278388,0.7594627,0.16,0.0,0.15861174,1.5899987,1.5999987,710400
hardzero_plus_depr__c0p60__z1p10__lam0p010__nu0p50__psi1p00,hardzero_plus_depr,0.12,38,222,0.0,3,0.5227787,0.52537584,0.96981055,0.107198685,0.107198685,1.0,0.002597168,0.024227612,-26.544125,2.1336257,0.7112086,0.23200001,0.008,0.16232435,1.5999987,1.6099987,713600
hardzero_plus_depr__c0p60__z1p10__lam0p010__nu0p50__psi1p00,hardzero_plus_depr,0.12,38,223,0.0,3,0.52537584,0.5276775,1.0179356,0.09595428,0.09595428,1.0,0.0023016115,0.023986544,-27.518501,2.2395031,0.7465011,0.192,0.0,0.1682812,1.6099987,1.6199987,716800
hardzero_plus_depr__c0p60__z1p10__lam0p010__nu0p50__psi1p00,hardzero_plus_depr,0.12,38,224,0.0,3,0.5276775,0.5302664,0.96250063,0.10901829,0.10901829,1.0,0.0025889527,0.023747874,-26.508959,2.1175437,0.7058479,0.18400002,0.0,0.12729461,1.6199987,1.6299987,720000
hardzero_plus_depr__c0p60__z1p10__lam0p010__nu0p50__psi1p00,hardzero_plus_depr,0.12,38,225,0.0,3,0.5302664,0.53278446,0.97021776,0.10709821,0.10709821,1.0,0.002518048,0.02351158,-26.75291,2.1345217,0.71150726,0.208,0.0,0.17086895,1.6299987,1.6399987,723200
hardzero_plus_depr__c0p60__z1p10__lam0p010__nu0p50__psi1p00,hardzero_plus_depr,0.12,38,226,0.0,3,0.53278446,0.5354301,0.94441164,0.11365494,0.11365494,1.0,0.0026456183,0.023277635,-26.769793,2.077747,0.69258237,0.224,0.0,0.15585382,1.6399987,1.6499987,726400
hardzero_plus_depr__c0p60__z1p10__lam0p010__nu0p50__psi1p00,hardzero_plus_depr,0.12,38,227,0.0,3,0.5354301,0.53767025,1.0123074,0.097205885,0.097205885,1.0,0.0022402087,0.023046019,-27.024834,2.2271209,0.74237365,0.128,0.0,0.14276507,1.6499987,1.6599987,729600
hardzero_plus_depr__c0p60__z1p10__lam0p010__nu0p50__psi1p00,hardzero_plus_depr,0.12,38,228,0.0,3,0.53767025,0.5397716,1.0357484,0.09209832,0.09209832,1.0,0.0021013804,0.022816708,-27.688278,2.2786918,0.7595639,0.18400002,0.0,0.18599895,1.6599987,1.6699986,732800
hardzero_plus_depr__c0p60__z1p10__lam0p010__nu0p50__psi1p00,hardzero_plus_depr,0.12,38,229,0.0,3,0.5397716,0.5419291,1.0199533,0.095509544,0.095509544,1.0,0.0021575298,0.022589678,-27.39028,2.243942,0.7479807,0.16800001,0.0,0.13231653,1.6699986,1.6799986,736000
hardzero_plus_depr__c0p60__z1p10__lam0p010__nu0p50__psi1p00,hardzero_plus_depr,0.12,38,230,0.0,3,0.5419291,0.5441658,0.99997103,0.10000668,0.10000668,1.0,0.00223664,0.022364907,-28.387838,2.1999803,0.7333268,0.192,0.0,0.16887952,1.6799986,1.6899986,739200
hardzero_plus_depr__c0p60__z1p10__lam0p010__nu0p50__psi1p00,hardzero_plus_depr,0.12,38,231,0.0,3,0.5441658,0.5464978,0.9774898,0.10531982,0.10531982,1.0,0.0023320308,0.022142373,-26.976088,2.1505206,0.7168402,0.208,0.0,0.135766,1.6899986,1.6999986,742400
hardzero_plus_depr__c0p60__z1p10__lam0p010__nu0p50__psi1p00,hardzero_plus_depr,0.12,38,232,0.0,3,0.5464978,0.5489432,0.9525308,0.11154989,0.11154989,1.0,0.0024454028,0.021922054,-25.798618,2.0956097,0.6985366,0.112,0.0,0.13143748,1.6999986,1.7099986,745600
hardzero_plus_depr__c0p60__z1p10__lam0p010__nu0p50__psi1p00,hardzero_plus_depr,0.12,38,233,0.0,3,0.5489432,0.55101526,1.0201435,0.0954677,0.0954677,1.0,0.002072024,0.021703925,-26.634243,2.2443604,0.7481202,0.136,0.0,0.16281512,1.7099986,1.7199986,748800
hardzero_plus_depr__c0p60__z1p10__lam0p010__nu0p50__psi1p00,hardzero_plus_depr,0.12,38,234,0.0,3,0.55101526,0.5533515,0.9636783,0.108723074,0.108723074,1.0,0.002336238,0.021487968,-25.723907,2.1201346,0.70671153,0.14,0.0,0.13414836,1.7199986,1.7299986,752000
hardzero_plus_depr__c0p60__z1p10__lam0p010__nu0p50__psi1p00,hardzero_plus_depr,0.12,38,235,0.0,3,0.5533515,0.55557317,0.98117584,0.10442974,0.10442974,1.0,0.0022216549,0.021274159,-26.230919,2.15863,0.71954334,0.16800001,0.0,0.16252826,1.7299986,1.7399986,755200
hardzero_plus_depr__c0p60__z1p10__lam0p010__nu0p50__psi1p00,hardzero_plus_depr,0.12,38,236,0.0,3,0.55557317,0.5576513,1.0058335,0.09866575,0.09866575,1.0,0.002078145,0.021062477,-27.39531,2.212878,0.737626,0.208,0.0,0.15015745,1.7399986,1.7499986,758400
hardzero_plus_depr__c0p60__z1p10__lam0p010__nu0p50__psi1p00,hardzero_plus_depr,0.12,38,237,0.0,3,0.5576513,0.55956393,1.0375326,0.09172071,0.09172071,1.0,0.0019126429,0.020852901,-27.44629,2.2826173,0.7608725,0.15200001,0.0,0.17802401,1.7499986,1.7599986,761600
hardzero_plus_depr__c0p60__z1p10__lam0p010__nu0p50__psi1p00,hardzero_plus_depr,0.12,38,238,0.0,3,0.55956393,0.5618044,0.9644769,0.108523324,0.108523324,1.0,0.0022405088,0.020645414,-27.006033,2.1218915,0.7072972,0.17600001,0.0,0.14462104,1.7599986,1.7699986,764800
hardzero_plus_depr__c0p60__z1p10__lam0p010__nu0p50__psi1p00,hardzero_plus_depr,0.12,38,239,0.0,3,0.5618044,0.56362605,1.0500207,0.08912084,0.08912084,1.0,0.001821629,0.020439988,-28.143484,2.3100917,0.7700306,0.120000005,0.0,0.1691929,1.7699986,1.7799985,768000
hardzero_plus_depr__c0p60__z1p10__lam0p010__nu0p50__psi1p00,hardzero_plus_depr,0.12,38,240,0.0,3,0.56362605,0.5654806,1.0379062,0.09164184,0.09164184,1.0,0.0018545201,0.020236608,-27.444174,2.2834392,0.7611464,0.17600001,0.0,0.1582671,1.7799985,1.7899985,771200
hardzero_plus_depr__c0p60__z1p10__lam0p010__nu0p50__psi1p00,hardzero_plus_depr,0.12,38,241,0.0,3,0.5654806,0.5673115,1.0391235,0.09138532,0.09138532,1.0,0.0018309278,0.02003525,-27.916418,2.2861173,0.7620391,0.24800001,0.0,0.1998302,1.7899985,1.7999985,774400
hardzero_plus_depr__c0p60__z1p10__lam0p010__nu0p50__psi1p00,hardzero_plus_depr,0.12,38,242,0.0,3,0.5673115,0.56953293,0.95082086,0.11198996,0.11198996,1.0,0.002221421,0.019835895,-26.292192,2.0918477,0.69728255,0.104,0.0,0.13921653,1.7999985,1.8099985,777600
hardzero_plus_depr__c0p60__z1p10__lam0p010__nu0p50__psi1p00,hardzero_plus_depr,0.12,38,243,0.0,3,0.56953293,0.5713425,1.0355203,0.09214668,0.09214668,1.0,0.001809625,0.019638525,-27.044771,2.2781901,0.75939673,0.16800001,0.0,0.15148337,1.8099985,1.8199985,780800
hardzero_plus_depr__c0p60__z1p10__lam0p010__nu0p50__psi1p00,hardzero_plus_depr,0.12,38,244,0.0,3,0.5713425,0.57319146,1.0218468,0.09509403,0.09509403,1.0,0.0018489246,0.019443119,-27.142126,2.2481077,0.74936926,0.15200001,0.0,0.1464887,1.8199985,1.8299985,784000
hardzero_plus_depr__c0p60__z1p10__lam0p010__nu0p50__psi1p00,hardzero_plus_depr,0.12,38,245,0.0,3,0.57319146,0.57498807,1.0299737,0.09333106,0.09333106,1.0,0.0017965907,0.019249655,-27.55545,2.2659874,0.75532913,0.128,0.0,0.16344433,1.8299985,1.8399985,787200
hardzero_plus_depr__c0p60__z1p10__lam0p010__nu0p50__psi1p00,hardzero_plus_depr,0.12,38,246,0.0,3,0.57498807,0.5768893,1.0010493,0.09975868,0.09975868,1.0,0.0019012128,0.01905812,-26.849474,2.2023523,0.73411745,0.15200001,0.0,0.14678927,1.8399985,1.8499985,790400
hardzero_plus_depr__c0p60__z1p10__lam0p010__nu0p50__psi1p00,hardzero_plus_depr,0.12,38,247,0.0,3,0.5768893,0.57890016,0.9723519,0.10657322,0.10657322,1.0,0.0020108754,0.018868487,-26.910019,2.139217,0.7130723,0.21,0.0,0.14692739,1.8499985,1.8599985,793600
hardzero_plus_depr__c0p60__z1p10__lam0p010__nu0p50__psi1p00,hardzero_plus_depr,0.12,38,248,0.0,3,0.57890016,0.58063054,1.0332538,0.09262882,0.09262882,1.0,0.0017303753,0.018680744,-27.472067,2.2732036,0.75773454,0.14400001,0.0,0.16687888,1.8599985,1.8699985,796800
hardzero_plus_depr__c0p60__z1p10__lam0p010__nu0p50__psi1p00,hardzero_plus_depr,0.12,38,249,0.0,3,0.58063054,0.58260834,0.970875,0.10693624,0.10693624,1.0,0.0019777715,0.018494867,-26.378122,2.1359677,0.7119893,0.18400002,0.0,0.14449832,1.8699985,1.8799984,800000
hardzero_plus_depr__c0p60__z1p10__lam0p010__nu0p50__psi1p00,hardzero_plus_depr,0.12,38,250,0.0,3,0.58260834,0.5843793,1.0144942,0.09671767,0.09671767,1.0,0.0017709819,0.018310841,-28.099648,2.2319317,0.74397725,0.128,0.0,0.1633223,1.8799984,1.8899984,803200
hardzero_plus_depr__c0p60__z1p10__lam0p010__nu0p50__psi1p00,hardzero_plus_depr,0.12,38,251,0.0,3,0.5843793,0.5861856,1.0015801,0.09963684,0.09963684,1.0,0.0018062808,0.018128645,-26.42763,2.2035203,0.7345068,0.23200001,0.0,0.15422367,1.8899984,1.8999984,806400
hardzero_plus_depr__c0p60__z1p10__lam0p010__nu0p50__psi1p00,hardzero_plus_depr,0.12,38,252,0.0,3,0.5861856,0.58806545,0.9798964,0.104737826,0.104737826,1.0,0.0018798619,0.017948262,-26.363388,2.1558151,0.71860504,0.2,0.0,0.14074565,1.8999984,1.9099984,809600
hardzero_plus_depr__c0p60__z1p10__lam0p010__nu0p50__psi1p00,hardzero_plus_depr,0.12,38,253,0.0,3,0.58806545,0.58980215,1.0099523,0.097734444,0.097734444,1.0,0.0017367094,0.017769676,-27.35659,2.2219393,0.7406465,0.16800001,0.0,0.16920839,1.9099984,1.9199984,812800
hardzero_plus_depr__c0p60__z1p10__lam0p010__nu0p50__psi1p00,hardzero_plus_depr,0.12,38,254,0.0,3,0.58980215,0.59159386,0.99206126,0.10184476,0.10184476,1.0,0.0017917408,0.017592862,-27.1488,2.1825783,0.7275261,0.16800001,0.0,0.13929388,1.9199984,1.9299984,816000
hardzero_plus_depr__c0p60__z1p10__lam0p010__nu0p50__psi1p00,hardzero_plus_depr,0.12,38,255,0.0,3,0.59159386,0.5933378,0.99946195,0.10012396,0.10012396,1.0,0.0017439402,0.01741781,-26.600092,2.1988602,0.7329534,0.16800001,0.008,0.16854541,1.9299984,1.9399984,819200
hardzero_plus_depr__c0p60__z1p10__lam0p010__nu0p50__psi1p00,hardzero_plus_depr,0.12,38,256,0.0,3,0.5933378,0.5950178,1.0113301,0.09742489,0.09742489,1.0,0.0016800438,0.017244503,-26.787352,2.2249708,0.74165696,0.15200001,0.0,0.15125908,1.9399984,1.9499984,822400
hardzero_plus_depr__c0p60__z1p10__lam0p010__nu0p50__psi1p00,hardzero_plus_depr,0.12,38,257,0.0,3,0.5950178,0.596678,1.0121349,0.0972445,0.0972445,1.0,0.0016602472,0.017072916,-27.504087,2.2267413,0.7422471,0.192,0.0,0.18769339,1.9499984,1.9599984,825600
hardzero_plus_depr__c0p60__z1p10__lam0p010__nu0p50__psi1p00,hardzero_plus_depr,0.12,38,258,0.0,3,0.596678,0.5984093,0.9895966,0.102424376,0.102424376,1.0,0.001731283,0.016903037,-26.629501,2.177156,0.7257187,0.14400001,0.0,0.15088816,1.9599984,1.9699984,828800
hardzero_plus_depr__c0p60__z1p10__lam0p010__nu0p50__psi1p00,hardzero_plus_depr,0.12,38,259,0.0,3,0.5984093,0.5999566,1.0340526,0.09245862,0.09245862,1.0,0.0015472812,0.01673485,-28.093832,2.2749612,0.75832045,0.208,0.0,0.18575214,1.9699984,1.9799984,832000
hardzero_plus_depr__c0p60__z1p10__lam0p010__nu0p50__psi1p00,hardzero_plus_depr,0.12,38,260,0.0,3,0.5999566,0.60183495,0.9454937,0.113372125,0.113372125,1.0,0.0018783873,0.016568335,-26.423906,2.0801277,0.69337595,0.19999999,0.0,0.1490975,1.9799984,1.9899983,835200
hardzero_plus_depr__c0p60__z1p10__lam0p010__nu0p50__psi1p00,hardzero_plus_depr,0.12,38,261,1.0,4,0.60183495,0.0036118985,0.965256,0.10832882,0.10832882,1.0,0.0017769694,0.016403478,-26.093815,2.1236055,0.7078685,0.14400001,0.0,0.1655472,1.9899983,0.9949992,838400
hardzero_plus_depr__c0p60__z1p10__lam0p010__nu0p50__psi1p00,hardzero_plus_depr,0.12,38,262,0.0,4,0.0036118985,0.007936692,1.0110933,0.09747802,0.09747802,1.0,0.004324793,0.04436685,-27.323751,2.2244496,0.7414832,0.16000001,0.0,0.15357493,0.9949992,1.0049992,841600
hardzero_plus_depr__c0p60__z1p10__lam0p010__nu0p50__psi1p00,hardzero_plus_depr,0.12,38,263,0.0,4,0.007936692,0.012747129,0.960531,0.10951383,0.10951383,1.0,0.004810438,0.043925393,-26.430317,2.1132104,0.7044035,0.16800001,0.0,0.1669863,1.0049992,1.0149992,844800
hardzero_plus_depr__c0p60__z1p10__lam0p010__nu0p50__psi1p00,hardzero_plus_depr,0.12,38,264,0.0,4,0.012747129,0.01746161,0.96493906,0.108407915,0.108407915,1.0,0.0047144787,0.043488327,-26.496603,2.1229084,0.7076361,0.16000001,0.0,0.15617773,1.0149992,1.0249991,848000
hardzero_plus_depr__c0p60__z1p10__lam0p010__nu0p50__psi1p00,hardzero_plus_depr,0.12,38,265,0.0,4,0.01746161,0.022194818,0.9588743,0.109932415,0.109932415,1.0,0.004733208,0.043055616,-26.277319,2.1095655,0.70318854,0.216,0.0,0.13430454,1.0249991,1.0349991,851200
hardzero_plus_depr__c0p60__z1p10__lam0p010__nu0p50__psi1p00,hardzero_plus_depr,0.12,38,266,0.0,4,0.022194818,0.027115105,0.9376964,0.115425974,0.115425974,1.0,0.0049202866,0.042627204,-25.964401,2.0629733,0.6876578,0.23200001,0.0,0.15051949,1.0349991,1.0449991,854400
hardzero_plus_depr__c0p60__z1p10__lam0p010__nu0p50__psi1p00,hardzero_plus_depr,0.12,38,267,0.0,4,0.027115105,0.031808306,0.9538747,0.11120524,0.11120524,1.0,0.0046932013,0.042203058,-25.291302,2.0985663,0.69952214,0.16800001,0.0,0.13057612,1.0449991,1.0549991,857600
hardzero_plus_depr__c0p60__z1p10__lam0p010__nu0p50__psi1p00,hardzero_plus_depr,0.12,38,268,0.0,4,0.031808306,0.03612526,0.9858234,0.10331815,0.10331815,1.0,0.004316955,0.041783124,-26.37823,2.1688547,0.7229516,0.136,0.0,0.13917752,1.0549991,1.0649991,860800
hardzero_plus_depr__c0p60__z1p10__lam0p010__nu0p50__psi1p00,hardzero_plus_depr,0.12,38,269,0.0,4,0.03612526,0.04051041,0.97467405,0.106004916,0.106004916,1.0,0.0043851454,0.041367378,-26.754913,2.1443257,0.71477526,0.16800001,0.0,0.17643447,1.0649991,1.0749991,864000
hardzero_plus_depr__c0p60__z1p10__lam0p010__nu0p50__psi1p00,hardzero_plus_depr,0.12,38,270,0.0,4,0.04051041,0.04484635,0.9752317,0.105868876,0.105868876,1.0,0.004335941,0.040955767,-25.964384,2.1455526,0.7151842,0.096,0.0,0.13728671,1.0749991,1.0849991,867200
hardzero_plus_depr__c0p60__z1p10__lam0p010__nu0p50__psi1p00,hardzero_plus_depr,0.12,38,271,0.0,4,0.04484635,0.04923948,0.96519816,0.108343236,0.108343236,1.0,0.0043931287,0.04054825,-25.863398,2.1234784,0.70782614,0.17600001,0.0,0.13177456,1.0849991,1.0949991,870400
hardzero_plus_depr__c0p60__z1p10__lam0p010__nu0p50__psi1p00,hardzero_plus_depr,0.12,38,272,0.0,4,0.04923948,0.053432338,0.98111904,0.10444338,0.10444338,1.0,0.0041928575,0.04014479,-26.58645,2.158505,0.7195017,0.2,0.008,0.15221497,1.0949991,1.1049991,873600
hardzero_plus_depr__c0p60__z1p10__lam0p010__nu0p50__psi1p00,hardzero_plus_depr,0.12,38,273,0.0,4,0.053432338,0.058445346,0.8991878,0.1261282,0.1261282,1.0,0.005013008,0.039745342,-25.395325,1.9782526,0.65941757,0.14,0.0,0.1502074,1.1049991,1.114999,876800
hardzero_plus_depr__c0p60__z1p10__lam0p010__nu0p50__psi1p00,hardzero_plus_depr,0.12,38,274,0.0,4,0.058445346,0.062380802,0.9999483,0.10001189,0.10001189,1.0,0.003935455,0.03934987,-26.760696,2.1999302,0.7333101,0.16800001,0.0,0.14520615,1.114999,1.124999,880000
hardzero_plus_depr__c0p60__z1p10__lam0p010__nu0p50__psi1p00,hardzero_plus_depr,0.12,38,275,0.0,4,0.062380802,0.0663025,0.9971257,0.10066401,0.10066401,1.0,0.003921702,0.038958333,-27.38338,2.1937203,0.73124015,0.192,0.0,0.15708196,1.124999,1.134999,883200
hardzero_plus_depr__c0p60__z1p10__lam0p010__nu0p50__psi1p00,hardzero_plus_depr,0.12,38,276,0.0,4,0.0663025,0.070433654,0.970186,0.107106045,0.107106045,1.0,0.004131154,0.03857069,-26.954165,2.1344519,0.71148396,0.128,0.0,0.16892222,1.134999,1.144999,886400
hardzero_plus_depr__c0p60__z1p10__lam0p010__nu0p50__psi1p00,hardzero_plus_depr,0.12,38,277,0.0,4,0.070433654,0.07433047,0.99120414,0.10204596,0.10204596,1.0,0.0038968192,0.038186904,-26.151794,2.1806927,0.7268976,0.2,0.0,0.14290704,1.144999,1.154999,889600
hardzero_plus_depr__c0p60__z1p10__lam0p010__nu0p50__psi1p00,hardzero_plus_depr,0.12,38,278,0.0,4,0.07433047,0.07844048,0.9637288,0.10871043,0.10871043,1.0,0.0041100085,0.03780694,-26.372831,2.1202457,0.7067486,0.15200001,0.0,0.16097404,1.154999,1.164999,892800
hardzero_plus_depr__c0p60__z1p10__lam0p010__nu0p50__psi1p00,hardzero_plus_depr,0.12,38,279,0.0,4,0.07844048,0.08188933,1.035554,0.09213951,0.09213951,1.0,0.0034488516,0.037430756,-27.692192,2.2782645,0.7594215,0.15200001,0.0,0.18368436,1.164999,1.174999,896000
hardzero_plus_depr__c0p60__z1p10__lam0p010__nu0p50__psi1p00,hardzero_plus_depr,0.12,38,280,0.0,4,0.08188933,0.08591854,0.96366626,0.108726084,0.108726084,1.0,0.0040292055,0.037058316,-26.996756,2.1201081,0.7067027,0.18400002,0.0,0.15385374,1.174999,1.184999,899200
hardzero_plus_depr__c0p60__z1p10__lam0p010__nu0p50__psi1p00,hardzero_plus_depr,0.12,38,281,0.0,4,0.08591854,0.08990172,0.9643126,0.10856439,0.10856439,1.0,0.003983182,0.03668958,-25.653765,2.12153,0.7071767,0.14400001,0.0,0.14462431,1.184999,1.194999,902400
hardzero_plus_depr__c0p60__z1p10__lam0p010__nu0p50__psi1p00,hardzero_plus_depr,0.12,38,282,0.0,4,0.08990172,0.0938539,0.96336395,0.108801804,0.108801804,1.0,0.003952172,0.03632451,-26.61297,2.119443,0.706481,0.24000001,0.0,0.1572214,1.194999,1.204999,905600
hardzero_plus_depr__c0p60__z1p10__lam0p010__nu0p50__psi1p00,hardzero_plus_depr,0.12,38,283,0.0,4,0.0938539,0.097615466,0.9804884,0.10459516,0.10459516,1.0,0.003761564,0.035963077,-26.677063,2.1571176,0.7190392,0.28,0.0,0.17014816,1.204999,1.214999,908800
hardzero_plus_depr__c0p60__z1p10__lam0p010__nu0p50__psi1p00,hardzero_plus_depr,0.12,38,284,0.0,4,0.097615466,0.101580985,0.9532141,0.111374535,0.111374535,1.0,0.0039655166,0.035605237,-26.297962,2.097113,0.6990377,0.15200001,0.008,0.14493392,1.214999,1.224999,912000
hardzero_plus_depr__c0p60__z1p10__lam0p010__nu0p50__psi1p00,hardzero_plus_depr,0.12,38,285,0.0,4,0.101580985,0.10571456,0.93084484,0.11726143,0.11726143,1.0,0.004133578,0.035250958,-26.4988,2.0478995,0.68263316,0.216,0.0,0.14222346,1.224999,1.234999,915200
hardzero_plus_depr__c0p60__z1p10__lam0p010__nu0p50__psi1p00,hardzero_plus_depr,0.12,38,286,0.0,4,0.10571456,0.109841816,0.9271662,0.118258886,0.118258886,1.0,0.00412726,0.034900207,-25.28011,2.0398064,0.67993546,0.22,0.0,0.13299672,1.234999,1.2449989,918400
hardzero_plus_depr__c0p60__z1p10__lam0p010__nu0p50__psi1p00,hardzero_plus_depr,0.12,38,287,0.0,4,0.109841816,0.113327414,0.9962077,0.100877024,0.100877024,1.0,0.0034855984,0.034552947,-27.572376,2.1917007,0.7305669,0.24000001,0.0,0.15101457,1.2449989,1.2549989,921600
hardzero_plus_depr__c0p60__z1p10__lam0p010__nu0p50__psi1p00,hardzero_plus_depr,0.12,38,288,0.0,4,0.113327414,0.11642161,1.0435944,0.090449385,0.090449385,1.0,0.0030941956,0.03420914,-28.210241,2.2959535,0.76531786,0.136,0.0,0.18044066,1.2549989,1.2649989,924800
hardzero_plus_depr__c0p60__z1p10__lam0p010__nu0p50__psi1p00,hardzero_plus_depr,0.12,38,289,0.0,4,0.11642161,0.11962843,1.023725,0.09468365,0.09468365,1.0,0.003206817,0.033868752,-27.770678,2.25224,0.75074667,0.208,0.0,0.16532591,1.2649989,1.2749989,928000
hardzero_plus_depr__c0p60__z1p10__lam0p010__nu0p50__psi1p00,hardzero_plus_depr,0.12,38,290,0.0,4,0.11962843,0.12328732,0.9621067,0.10911723,0.10911723,1.0,0.003658892,0.03353175,-27.233322,2.116677,0.705559,0.16800001,0.0,0.15558411,1.2749989,1.2849989,931200
hardzero_plus_depr__c0p60__z1p10__lam0p010__nu0p50__psi1p00,hardzero_plus_depr,0.12,38,291,0.0,4,0.12328732,0.12737677,0.90944856,0.123183176,0.123183176,1.0,0.0040894477,0.033198103,-25.589512,2.0008268,0.6669423,0.18400002,0.0,0.16746657,1.2849989,1.2949989,934400
hardzero_plus_depr__c0p60__z1p10__lam0p010__nu0p50__psi1p00,hardzero_plus_depr,0.12,38,292,0.0,4,0.12737677,0.1309974,0.95798564,0.11015757,0.11015757,1.0,0.0036206346,0.032867778,-26.66498,2.1076105,0.7025368,0.15200001,0.0,0.1685789,1.2949989,1.3049989,937600
hardzero_plus_depr__c0p60__z1p10__lam0p010__nu0p50__psi1p00,hardzero_plus_depr,0.12,38,293,0.0,4,0.1309974,0.13467726,0.94659716,0.113084435,0.113084435,1.0,0.0036798515,0.032540742,-25.723555,2.0825553,0.69418514,0.208,0.0,0.14115253,1.3049989,1.3149989,940800
hardzero_plus_depr__c0p60__z1p10__lam0p010__nu0p50__psi1p00,hardzero_plus_depr,0.12,38,294,0.0,4,0.13467726,0.13815337,0.96699,0.107897155,0.107897155,1.0,0.0034761177,0.032216955,-26.581442,2.1274204,0.7091402,0.16800001,0.0,0.16057621,1.3149989,1.3249989,944000
hardzero_plus_depr__c0p60__z1p10__lam0p010__nu0p50__psi1p00,hardzero_plus_depr,0.12,38,295,0.0,4,0.13815337,0.14140269,0.9919496,0.10187096,0.10187096,1.0,0.0032493162,0.031896394,-26.92088,2.1823328,0.7274443,0.208,0.0,0.1434872,1.3249989,1.3349988,947200
hardzero_plus_depr__c0p60__z1p10__lam0p010__nu0p50__psi1p00,hardzero_plus_depr,0.12,38,296,0.0,4,0.14140269,0.1447486,0.97488385,0.10595369,0.10595369,1.0,0.0033459133,0.031579014,-26.089022,2.1447873,0.7149291,0.192,0.0,0.14277458,1.3349988,1.3449988,950400
hardzero_plus_depr__c0p60__z1p10__lam0p010__nu0p50__psi1p00,hardzero_plus_depr,0.12,38,297,0.0,4,0.1447486,0.14804378,0.9771751,0.10539618,0.10539618,1.0,0.0032951906,0.0312648,-27.734627,2.1498282,0.7166094,0.2,0.0,0.17861333,1.3449988,1.3549988,953600
hardzero_plus_depr__c0p60__z1p10__lam0p010__nu0p50__psi1p00,hardzero_plus_depr,0.12,38,298,0.0,4,0.14804378,0.15127636,0.9811637,0.10443264,0.10443264,1.0,0.0032325778,0.03095371,-26.14034,2.1586032,0.7195344,0.2,0.0,0.13918051,1.3549988,1.3649988,956800
hardzero_plus_depr__c0p60__z1p10__lam0p010__nu0p50__psi1p00,hardzero_plus_depr,0.12,38,299,0.0,4,0.15127636,0.15460825,0.9636792,0.10872284,0.10872284,1.0,0.0033318896,0.030645719,-27.664625,2.1201365,0.7067122,0.19999999,0.0,0.15734328,1.3649988,1.3749988,960000
hardzero_plus_depr__c0p60__z1p10__lam0p010__nu0p50__psi1p00,hardzero_plus_depr,0.12,38,300,0.0,4,0.15460825,0.1574926,1.0219799,0.095064886,0.095064886,1.0,0.0028843435,0.030340787,-27.525818,2.2484007,0.7494669,0.112,0.0,0.14996302,1.3749988,1.3849988,963200
hardzero_plus_depr__c0p60__z1p10__lam0p010__nu0p50__psi1p00,hardzero_plus_depr,0.12,38,301,0.0,4,0.1574926,0.160837,0.9533655,0.11133571,0.11133571,1.0,0.0033444013,0.030038891,-26.259407,2.097446,0.69914865,0.192,0.0,0.14361623,1.3849988,1.3949988,966400
hardzero_plus_depr__c0p60__z1p10__lam0p010__nu0p50__psi1p00,hardzero_plus_depr,0.12,38,302,0.0,4,0.160837,0.16444027,0.91664314,0.12115932,0.12115932,1.0,0.0036032782,0.02974,-25.080793,2.0166552,0.67221844,0.24800001,0.0,0.1695475,1.3949988,1.4049988,969600
hardzero_plus_depr__c0p60__z1p10__lam0p010__nu0p50__psi1p00,hardzero_plus_depr,0.12,38,303,0.0,4,0.16444027,0.16758645,0.9712161,0.10685231,0.10685231,1.0,0.003146168,0.029444082,-27.303139,2.136718,0.7122394,0.112,0.0,0.17201474,1.4049988,1.4149988,972800
hardzero_plus_depr__c0p60__z1p10__lam0p010__nu0p50__psi1p00,hardzero_plus_depr,0.12,38,304,0.0,4,0.16758645,0.17065223,0.9781133,0.105168745,0.105168745,1.0,0.0030657854,0.029151108,-26.852041,2.1518922,0.71729743,0.18400002,0.0,0.14864598,1.4149988,1.4249988,976000
hardzero_plus_depr__c0p60__z1p10__lam0p010__nu0p50__psi1p00,hardzero_plus_depr,0.12,38,305,0.0,4,0.17065223,0.17347488,1.0096539,0.09780162,0.09780162,1.0,0.0028226576,0.028861051,-27.121239,2.221283,0.7404277,0.16800001,0.0,0.15585865,1.4249988,1.4349988,979200
hardzero_plus_depr__c0p60__z1p10__lam0p010__nu0p50__psi1p00,hardzero_plus_depr,0.12,38,306,0.0,4,0.17347488,0.17665918,0.95295566,0.11144083,0.11144083,1.0,0.003184297,0.02857388,-26.416965,2.0965443,0.6988481,0.192,0.0,0.14563341,1.4349988,1.4449987,982400
hardzero_plus_depr__c0p60__z1p10__lam0p010__nu0p50__psi1p00,hardzero_plus_depr,0.12,38,307,0.0,4,0.17665918,0.17995973,0.93304104,0.11666992,0.11666992,1.0,0.0033005415,0.028289566,-26.465694,2.0527313,0.6842438,0.15200001,0.0,0.1297987,1.4449987,1.4549987,985600
hardzero_plus_depr__c0p60__z1p10__lam0p010__nu0p50__psi1p00,hardzero_plus_depr,0.12,38,308,0.0,4,0.17995973,0.18313992,0.94482976,0.11354558,0.11354558,1.0,0.003180194,0.028008081,-25.373148,2.078667,0.692889,0.192,0.0,0.15066282,1.4549987,1.4649987,988800
hardzero_plus_depr__c0p60__z1p10__lam0p010__nu0p50__psi1p00,hardzero_plus_depr,0.12,38,309,0.0,4,0.18313992,0.18618006,0.960048,0.109635696,0.109635696,1.0,0.0030401316,0.027729396,-25.971931,2.1121478,0.7040493,0.2,0.0,0.14559922,1.4649987,1.4749987,992000
hardzero_plus_depr__c0p60__z1p10__lam0p010__nu0p50__psi1p00,hardzero_plus_depr,0.12,38,310,0.0,4,0.18618006,0.18899627,0.9889325,0.10258113,0.10258113,1.0,0.0028162093,0.027453484,-26.285822,2.175695,0.72523165,0.08800001,0.0,0.15539803,1.4749987,1.4849987,995200
hardzero_plus_depr__c0p60__z1p10__lam0p010__nu0p50__psi1p00,hardzero_plus_depr,0.12,38,311,0.0,4,0.18899627,0.19211213,0.9406763,0.114636704,0.114636704,1.0,0.003115862,0.027180316,-26.23194,2.069529,0.68984306,0.16000001,0.0,0.146435,1.4849987,1.4949987,998400
hardzero_plus_depr__c0p60__z1p10__lam0p010__nu0p50__psi1p00,hardzero_plus_depr,0.12,38,312,0.0,4,0.19211213,0.19473147,1.0117183,0.09733784,0.09733784,1.0,0.0026193485,0.026909867,-27.343428,2.2258246,0.7419416,0.16,0.0,0.14540271,1.4949987,1.5049987,1001600
hardzero_plus_depr__c0p60__z1p10__lam0p010__nu0p50__psi1p00,hardzero_plus_depr,0.12,38,313,0.0,4,0.19473147,0.19780323,0.9381828,0.115296796,0.115296796,1.0,0.00307175,0.02664211,-26.138132,2.0640433,0.68801445,0.264,0.0,0.14025053,1.5049987,1.5149987,1004800
hardzero_plus_depr__c0p60__z1p10__lam0p010__nu0p50__psi1p00,hardzero_plus_depr,0.12,38,314,0.0,4,0.19780323,0.20043744,1.0005738,0.09986798,0.09986798,1.0,0.0026342194,0.026377017,-27.984756,2.2013063,0.7337688,0.18400002,0.0,0.1481897,1.5149987,1.5249987,1008000
hardzero_plus_depr__c0p60__z1p10__lam0p010__nu0p50__psi1p00,hardzero_plus_depr,0.12,38,315,0.0,4,0.20043744,0.20330842,0.9588541,0.10993752,0.10993752,1.0,0.0028709702,0.026114563,-26.892712,2.1095212,0.70317376,0.18400002,0.0,0.1670245,1.5249987,1.5349987,1011200
hardzero_plus_depr__c0p60__z1p10__lam0p010__nu0p50__psi1p00,hardzero_plus_depr,0.12,38,316,0.0,4,0.20330842,0.20609607,0.96730274,0.10781949,0.10781949,1.0,0.0027876424,0.025854716,-26.62557,2.1281085,0.70936954,0.18400002,0.0,0.16551283,1.5349987,1.5449986,1014400
hardzero_plus_depr__c0p60__z1p10__lam0p010__nu0p50__psi1p00,hardzero_plus_depr,0.12,38,317,0.0,4,0.20609607,0.20909984,0.93053013,0.11734642,0.11734642,1.0,0.0030037703,0.025597459,-25.339306,2.047207,0.6824024,0.264,0.0,0.13221765,1.5449986,1.5549986,1017600
hardzero_plus_depr__c0p60__z1p10__lam0p010__nu0p50__psi1p00,hardzero_plus_depr,0.12,38,318,0.0,4,0.20909984,0.21149327,1.0248352,0.09444191,0.09444191,1.0,0.0023934187,0.02534276,-27.741459,2.2546825,0.75156087,0.16800001,0.0,0.20682554,1.5549986,1.5649986,1020800
hardzero_plus_depr__c0p60__z1p10__lam0p010__nu0p50__psi1p00,hardzero_plus_depr,0.12,38,319,0.0,4,0.21149327,0.2141971,0.9675323,0.107762516,0.107762516,1.0,0.0027038257,0.025090596,-26.278461,2.1286135,0.70953786,0.18400002,0.0,0.16764173,1.5649986,1.5749986,1024000
hardzero_plus_depr__c0p60__z1p10__lam0p010__nu0p50__psi1p00,hardzero_plus_depr,0.12,38,320,0.0,4,0.2141971,0.21680333,0.9791546,0.10491689,0.10491689,1.0,0.0026062343,0.02484094,-26.71229,2.1541831,0.7180611,0.17600001,0.0,0.15023692,1.5749986,1.5849986,1027200
hardzero_plus_depr__c0p60__z1p10__lam0p010__nu0p50__psi1p00,hardzero_plus_depr,0.12,38,321,0.0,4,0.21680333,0.22001548,0.8840293,0.13060828,0.13060828,1.0,0.0032121495,0.024593767,-24.308428,1.9449034,0.6483011,0.16800001,0.0,0.14056218,1.5849986,1.5949986,1030400
hardzero_plus_depr__c0p60__z1p10__lam0p010__nu0p50__psi1p00,hardzero_plus_depr,0.12,38,322,0.0,4,0.22001548,0.22251807,0.98809135,0.102780014,0.102780014,1.0,0.0025025965,0.024349058,-27.249218,2.1738443,0.7246148,0.16800001,0.0,0.1544477,1.5949986,1.6049986,1033600
hardzero_plus_depr__c0p60__z1p10__lam0p010__nu0p50__psi1p00,hardzero_plus_depr,0.12,38,323,0.0,4,0.22251807,0.22528349,0.9403775,0.114715606,0.114715606,1.0,0.0027654239,0.02410678,-26.918453,2.0688717,0.68962395,0.128,0.0,0.15344167,1.6049986,1.6149986,1036800
hardzero_plus_depr__c0p60__z1p10__lam0p010__nu0p50__psi1p00,hardzero_plus_depr,0.12,38,324,0.0,4,0.22528349,0.22752388,1.0274715,0.09387035,0.09387035,1.0,0.0022403956,0.023866914,-27.487255,2.2604825,0.7534942,0.14400001,0.0,0.14471357,1.6149986,1.6249986,1040000
hardzero_plus_depr__c0p60__z1p10__lam0p010__nu0p50__psi1p00,hardzero_plus_depr,0.12,38,325,0.0,4,0.22752388,0.23039632,0.9152026,0.12156186,0.12156186,1.0,0.0028724382,0.023629434,-25.513758,2.013486,0.671162,0.16,0.0,0.14828807,1.6249986,1.6349986,1043200
hardzero_plus_depr__c0p60__z1p10__lam0p010__nu0p50__psi1p00,hardzero_plus_depr,0.12,38,326,0.0,4,0.23039632,0.23298043,0.95679814,0.11045918,0.11045918,1.0,0.0025841172,0.023394318,-26.730745,2.1049979,0.701666,0.2,0.0,0.1441989,1.6349986,1.6449986,1046400
hardzero_plus_depr__c0p60__z1p10__lam0p010__nu0p50__psi1p00,hardzero_plus_depr,0.12,38,327,0.0,4,0.23298043,0.23542692,0.9762238,0.10562728,0.10562728,1.0,0.0024464906,0.02316154,-26.50112,2.1477354,0.7159118,0.2,0.0,0.13536851,1.6449986,1.6549985,1049600
hardzero_plus_depr__c0p60__z1p10__lam0p010__nu0p50__psi1p00,hardzero_plus_depr,0.12,38,328,0.0,4,0.23542692,0.23791231,0.9650291,0.10838543,0.10838543,1.0,0.0024853947,0.022931078,-26.487988,2.1231065,0.70770216,0.16800001,0.0,0.15140314,1.6549985,1.6649985,1052800
hardzero_plus_depr__c0p60__z1p10__lam0p010__nu0p50__psi1p00,hardzero_plus_depr,0.12,38,329,0.0,4,0.23791231,0.24050763,0.94188976,0.11431685,0.11431685,1.0,0.0025953252,0.02270291,-25.981548,2.0721989,0.69073296,0.192,0.0,0.13214482,1.6649985,1.6749985,1056000
hardzero_plus_depr__c0p60__z1p10__lam0p010__nu0p50__psi1p00,hardzero_plus_depr,0.12,38,330,0.0,4,0.24050763,0.24287185,0.97805095,0.10518384,0.10518384,1.0,0.0023642185,0.022477012,-27.132084,2.151755,0.7172517,0.224,0.0,0.15754603,1.6749985,1.6849985,1059200
hardzero_plus_depr__c0p60__z1p10__lam0p010__nu0p50__psi1p00,hardzero_plus_depr,0.12,38,331,0.0,4,0.24287185,0.2454519,0.9357678,0.11593971,0.11593971,1.0,0.0025800483,0.022253362,-25.08489,2.0587304,0.6862435,0.17600001,0.0,0.12756242,1.6849985,1.6949985,1062400
hardzero_plus_depr__c0p60__z1p10__lam0p010__nu0p50__psi1p00,hardzero_plus_depr,0.12,38,332,0.0,4,0.2454519,0.24769877,0.9914746,0.10198243,0.10198243,1.0,0.002246871,0.02203194,-27.07705,2.1812878,0.72709596,0.224,0.0,0.1834856,1.6949985,1.7049985,1065600
hardzero_plus_depr__c0p60__z1p10__lam0p010__nu0p50__psi1p00,hardzero_plus_depr,0.12,38,333,0.0,4,0.24769877,0.25018582,0.94302374,0.11401874,0.11401874,1.0,0.0024870585,0.021812716,-26.422619,2.0746937,0.69156456,0.24800001,0.0,0.15602559,1.7049985,1.7149985,1068800
hardzero_plus_depr__c0p60__z1p10__lam0p010__nu0p50__psi1p00,hardzero_plus_depr,0.12,38,334,0.0,4,0.25018582,0.2526158,0.9487613,0.11252232,0.11252232,1.0,0.002429996,0.02159568,-26.04434,2.0873165,0.6957722,0.16000001,0.0,0.14823286,1.7149985,1.7249985,1072000
hardzero_plus_depr__c0p60__z1p10__lam0p010__nu0p50__psi1p00,hardzero_plus_depr,0.12,38,335,0.0,4,0.2526158,0.2547635,0.99805075,0.10044983,0.10044983,1.0,0.0021476976,0.021380799,-27.479773,2.1957555,0.7319185,0.192,0.0,0.1806063,1.7249985,1.7349985,1075200
hardzero_plus_depr__c0p60__z1p10__lam0p010__nu0p50__psi1p00,hardzero_plus_depr,0.12,38,336,0.0,4,0.2547635,0.2570498,0.96654904,0.108006775,0.108006775,1.0,0.0022862935,0.021168057,-26.567537,2.1264503,0.70881677,0.2,0.0,0.17576538,1.7349985,1.7449985,1078400
hardzero_plus_depr__c0p60__z1p10__lam0p010__nu0p50__psi1p00,hardzero_plus_depr,0.12,38,337,0.0,4,0.2570498,0.2591634,0.9963113,0.10085296,0.10085296,1.0,0.002113619,0.02095743,-26.904587,2.1919286,0.7306429,0.112,0.0,0.16853747,1.7449985,1.7549984,1081600
hardzero_plus_depr__c0p60__z1p10__lam0p010__nu0p50__psi1p00,hardzero_plus_depr,0.12,38,338,0.0,4,0.2591634,0.2611258,1.0242078,0.094578445,0.094578445,1.0,0.0019623989,0.020748902,-27.534199,2.253302,0.7511007,0.24,0.0,0.16129278,1.7549984,1.7649984,1084800
hardzero_plus_depr__c0p60__z1p10__lam0p010__nu0p50__psi1p00,hardzero_plus_depr,0.12,38,339,0.0,4,0.2611258,0.26318496,0.99896127,0.10023947,0.10023947,1.0,0.002059164,0.020542447,-27.756693,2.1977587,0.73258626,0.16800001,0.0,0.15129496,1.7649984,1.7749984,1088000
hardzero_plus_depr__c0p60__z1p10__lam0p010__nu0p50__psi1p00,hardzero_plus_depr,0.12,38,340,0.0,4,0.26318496,0.26530346,0.98228055,0.10416443,0.10416443,1.0,0.0021185006,0.020338044,-26.557419,2.1610603,0.7203535,0.192,0.0,0.15399516,1.7749984,1.7849984,1091200
hardzero_plus_depr__c0p60__z1p10__lam0p010__nu0p50__psi1p00,hardzero_plus_depr,0.12,38,341,0.0,4,0.26530346,0.26733926,0.99523216,0.10110389,0.10110389,1.0,0.0020357952,0.020135678,-27.233822,2.1895545,0.7298515,0.192,0.0,0.16068405,1.7849984,1.7949984,1094400
hardzero_plus_depr__c0p60__z1p10__lam0p010__nu0p50__psi1p00,hardzero_plus_depr,0.12,38,342,0.0,4,0.26733926,0.26943615,0.9780475,0.10518469,0.10518469,1.0,0.002096891,0.019935325,-26.045055,2.1517475,0.71724916,0.15200001,0.0,0.15754098,1.7949984,1.8049984,1097600
hardzero_plus_depr__c0p60__z1p10__lam0p010__nu0p50__psi1p00,hardzero_plus_depr,0.12,38,343,0.0,4,0.26943615,0.2716225,0.95555663,0.11077541,0.11077541,1.0,0.0021863703,0.019736964,-26.16919,2.1022666,0.70075554,0.128,0.0,0.1425097,1.8049984,1.8149984,1100800
hardzero_plus_depr__c0p60__z1p10__lam0p010__nu0p50__psi1p00,hardzero_plus_depr,0.12,38,344,0.0,4,0.2716225,0.27390254,0.9329991,0.11668122,0.11668122,1.0,0.0022800185,0.019540578,-26.14818,2.052639,0.68421304,0.192,0.0,0.1283724,1.8149984,1.8249984,1104000
hardzero_plus_depr__c0p60__z1p10__lam0p010__nu0p50__psi1p00,hardzero_plus_depr,0.12,38,345,0.0,4,0.27390254,0.27599502,0.9659327,0.108160146,0.108160146,1.0,0.0020924823,0.01934615,-26.491747,2.1250944,0.70836484,0.2,0.0,0.15858099,1.8249984,1.8349984,1107200
hardzero_plus_depr__c0p60__z1p10__lam0p010__nu0p50__psi1p00,hardzero_plus_depr,0.12,38,346,0.0,4,0.27599502,0.27800682,0.97866607,0.105034985,0.105034985,1.0,0.0020118037,0.019153653,-26.197937,2.1531084,0.7177028,0.16000001,0.0,0.1279904,1.8349984,1.8449984,1110400
hardzero_plus_depr__c0p60__z1p10__lam0p010__nu0p50__psi1p00,hardzero_plus_depr,0.12,38,347,0.0,4,0.27800682,0.2803623,0.90582633,0.12421488,0.12421488,1.0,0.0023554955,0.01896307,-25.308538,1.9928577,0.6642859,0.2,0.0,0.13772717,1.8449984,1.8549984,1113600
hardzero_plus_depr__c0p60__z1p10__lam0p010__nu0p50__psi1p00,hardzero_plus_depr,0.12,38,348,0.0,4,0.2803623,0.28236777,0.9713492,0.10681956,0.10681956,1.0,0.0020054716,0.018774385,-26.658026,2.1370108,0.71233696,0.17600001,0.0,0.1530009,1.8549984,1.8649983,1116800
hardzero_plus_depr__c0p60__z1p10__lam0p010__nu0p50__psi1p00,hardzero_plus_depr,0.12,38,349,0.0,4,0.28236777,0.28457913,0.9245608,0.11897046,0.11897046,1.0,0.0022113726,0.018587576,-26.152185,2.0340743,0.67802477,0.14400001,0.0,0.15079048,1.8649983,1.8749983,1120000
hardzero_plus_depr__c0p60__z1p10__lam0p010__nu0p50__psi1p00,hardzero_plus_depr,0.12,38,350,0.0,4,0.28457913,0.28651384,0.9782663,0.105131686,0.105131686,1.0,0.0019346991,0.018402627,-27.072832,2.1522288,0.7174096,0.224,0.008,0.14275348,1.8749983,1.8849983,1123200
hardzero_plus_depr__c0p60__z1p10__lam0p010__nu0p50__psi1p00,hardzero_plus_depr,0.12,38,351,0.0,4,0.28651384,0.28856578,0.9483713,0.11262342,0.11262342,1.0,0.0020519444,0.018219518,-26.51872,2.0864584,0.6954862,0.14,0.0,0.13108078,1.8849983,1.8949983,1126400
hardzero_plus_depr__c0p60__z1p10__lam0p010__nu0p50__psi1p00,hardzero_plus_depr,0.12,38,352,0.0,4,0.28856578,0.29035738,1.0029534,0.09932227,0.09932227,1.0,0.0017915979,0.01803823,-26.96586,2.2065415,0.73551387,0.16000001,0.0,0.14886302,1.8949983,1.9049983,1129600
hardzero_plus_depr__c0p60__z1p10__lam0p010__nu0p50__psi1p00,hardzero_plus_depr,0.12,38,353,0.0,4,0.29035738,0.29234982,0.952466,0.11156655,0.11156655,1.0,0.0019924387,0.017858746,-26.388529,2.095467,0.69848907,0.16800001,0.0,0.14783125,1.9049983,1.9149983,1132800
hardzero_plus_depr__c0p60__z1p10__lam0p010__nu0p50__psi1p00,hardzero_plus_depr,0.12,38,354,0.0,4,0.29234982,0.29430136,0.9571277,0.110375404,0.110375404,1.0,0.0019515529,0.01768105,-26.23201,2.105723,0.70190763,0.2,0.0,0.17059074,1.9149983,1.9249983,1136000
hardzero_plus_depr__c0p60__z1p10__lam0p010__nu0p50__psi1p00,hardzero_plus_depr,0.12,38,355,0.0,4,0.29430136,0.29641968,0.91717625,0.121010676,0.121010676,1.0,0.0021183065,0.01750512,-26.3754,2.017828,0.6726093,0.16800001,0.0,0.13135639,1.9249983,1.9349983,1139200
hardzero_plus_depr__c0p60__z1p10__lam0p010__nu0p50__psi1p00,hardzero_plus_depr,0.12,38,356,0.0,4,0.29641968,0.29821333,0.9850856,0.1034938,0.1034938,1.0,0.001793645,0.01733094,-26.943878,2.1672316,0.72241056,0.216,0.0,0.1492126,1.9349983,1.9449983,1142400
hardzero_plus_depr__c0p60__z1p10__lam0p010__nu0p50__psi1p00,hardzero_plus_depr,0.12,38,357,0.0,4,0.29821333,0.2999537,0.9938394,0.10142866,0.10142866,1.0,0.0017403632,0.017158495,-26.56063,2.1864903,0.7288301,0.16000001,0.0,0.14185624,1.9449983,1.9549983,1145600
hardzero_plus_depr__c0p60__z1p10__lam0p010__nu0p50__psi1p00,hardzero_plus_depr,0.12,38,358,0.0,4,0.2999537,0.30160922,1.0111984,0.097454436,0.097454436,1.0,0.0016555331,0.016987765,-27.580437,2.224681,0.74156034,0.128,0.0,0.1511035,1.9549983,1.9649982,1148800
hardzero_plus_depr__c0p60__z1p10__lam0p010__nu0p50__psi1p00,hardzero_plus_depr,0.12,38,359,0.0,4,0.30160922,0.30326483,1.0068382,0.09843777,0.09843777,1.0,0.0016555989,0.016818736,-27.215147,2.2150884,0.7383628,0.104,0.0,0.14843051,1.9649982,1.9749982,1152000
hardzero_plus_depr__c0p60__z1p10__lam0p010__nu0p50__psi1p00,hardzero_plus_depr,0.12,38,360,0.0,4,0.30326483,0.3051806,0.939105,0.11505221,0.11505221,1.0,0.001915779,0.016651388,-26.047705,2.0660722,0.6886908,0.24800001,0.008,0.14190748,1.9749982,1.9849982,1155200
hardzero_plus_depr__c0p60__z1p10__lam0p010__nu0p50__psi1p00,hardzero_plus_depr,0.12,38,361,0.0,4,0.3051806,0.30686817,0.98984814,0.102365084,0.102365084,1.0,0.0016875603,0.016485702,-25.930786,2.1777093,0.72590315,0.208,0.0,0.13919382,1.9849982,1.9949982,1158400
hardzero_plus_depr__c0p60__z1p10__lam0p010__nu0p50__psi1p00,hardzero_plus_depr,0.12,38,362,0.0,4,0.30686817,0.30872256,0.9445613,0.113615796,0.113615796,1.0,0.0018543991,0.016321667,-26.592371,2.0780764,0.69269216,0.16800001,0.0,0.13685475,1.9949982,2.0049982,1161600
hardzero_plus_depr__c0p60__z1p10__lam0p010__nu0p50__psi1p00,hardzero_plus_depr,0.12,38,363,0.0,4,0.30872256,0.31040242,0.98314273,0.10395784,0.10395784,1.0,0.0016798822,0.016159264,-26.80674,2.1629572,0.7209858,0.24800001,0.008,0.1515568,2.0049982,2.0149982,1164800
hardzero_plus_depr__c0p60__z1p10__lam0p010__nu0p50__psi1p00,hardzero_plus_depr,0.12,38,364,0.0,4,0.31040242,0.31220675,0.9477652,0.11278069,0.11278069,1.0,0.0018043193,0.015998477,-26.366787,2.085125,0.69504166,0.25,0.0,0.1330096,2.0149982,2.0249982,1168000
hardzero_plus_depr__c0p60__z1p10__lam0p010__nu0p50__psi1p00,hardzero_plus_depr,0.12,38,365,0.0,4,0.31220675,0.31410813,0.92066574,0.120042294,0.120042294,1.0,0.0019013847,0.01583929,-24.922544,2.025505,0.6751684,0.2,0.0,0.14987622,2.0249982,2.0349982,1171200
hardzero_plus_depr__c0p60__z1p10__lam0p010__nu0p50__psi1p00,hardzero_plus_depr,0.12,38,366,0.0,4,0.31410813,0.31568587,0.99736184,0.10060931,0.10060931,1.0,0.0015777235,0.015681686,-27.06892,2.1942399,0.7314133,0.15200001,0.0,0.16588023,2.0349982,2.0449982,1174400
hardzero_plus_depr__c0p60__z1p10__lam0p010__nu0p50__psi1p00,hardzero_plus_depr,0.12,38,367,0.0,4,0.31568587,0.31731308,0.9796102,0.10480687,0.10480687,1.0,0.0016271948,0.01552565,-26.597658,2.1551855,0.7183952,0.15200001,0.0,0.13954316,2.0449982,2.0549982,1177600
hardzero_plus_depr__c0p60__z1p10__lam0p010__nu0p50__psi1p00,hardzero_plus_depr,0.12,38,368,0.0,4,0.31731308,0.3189638,0.96903265,0.10739087,0.10739087,1.0,0.001650723,0.015371167,-26.959707,2.1319144,0.71063817,0.16000001,0.0,0.12960191,2.0549982,2.0649981,1180800
hardzero_plus_depr__c0p60__z1p10__lam0p010__nu0p50__psi1p00,hardzero_plus_depr,0.12,38,369,0.0,4,0.3189638,0.32060805,0.966399,0.108044095,0.108044095,1.0,0.0016442391,0.0152182225,-27.073137,2.1261203,0.7087068,0.15200001,0.0,0.16294374,2.0649981,2.0749981,1184000
hardzero_plus_depr__c0p60__z1p10__lam0p010__nu0p50__psi1p00,hardzero_plus_depr,0.12,38,370,0.0,4,0.32060805,0.32216954,0.9844812,0.10363793,0.10363793,1.0,0.0015614918,0.015066799,-27.636137,2.165902,0.72196734,0.18400002,0.0,0.1779395,2.0749981,2.0849981,1187200
hardzero_plus_depr__c0p60__z1p10__lam0p010__nu0p50__psi1p00,hardzero_plus_depr,0.12,38,371,0.0,4,0.32216954,0.32394505,0.92435616,0.11902655,0.11902655,1.0,0.0017755051,0.014916883,-25.468596,2.0336242,0.67787474,0.18400002,0.0,0.13477883,2.0849981,2.0949981,1190400
hardzero_plus_depr__c0p60__z1p10__lam0p010__nu0p50__psi1p00,hardzero_plus_depr,0.12,38,372,0.0,4,0.32394505,0.32553384,0.96826994,0.10757963,0.10757963,1.0,0.0015887852,0.014768457,-25.83028,2.1302364,0.71007884,0.15200001,0.0,0.13273796,2.0949981,2.104998,1193600
hardzero_plus_depr__c0p60__z1p10__lam0p010__nu0p50__psi1p00,hardzero_plus_depr,0.12,38,373,0.0,4,0.32553384,0.32708377,0.97468185,0.106002994,0.106002994,1.0,0.0015499236,0.014621507,-25.775576,2.144343,0.714781,0.16000001,0.0,0.15506269,2.104998,2.114998,1196800
hardzero_plus_depr__c0p60__z1p10__lam0p010__nu0p50__psi1p00,hardzero_plus_depr,0.12,38,374,0.0,4,0.32708377,0.3287499,0.938941,0.11509567,0.11509567,1.0,0.0016661274,0.014476022,-26.804007,2.0657115,0.6885705,0.15200001,0.0,0.14429228,2.114998,2.124998,1200000
hardzero_plus_depr__c0p60__z1p10__lam0p010__nu0p50__psi1p00,hardzero_plus_depr,0.12,38,375,0.0,4,0.3287499,0.3302065,0.99296343,0.101633415,0.101633415,1.0,0.0014566084,0.014331983,-26.904856,2.1845632,0.72818774,0.16800001,0.0,0.15390946,2.124998,2.134998,1203200
hardzero_plus_depr__c0p60__z1p10__lam0p010__nu0p50__psi1p00,hardzero_plus_depr,0.12,38,376,0.0,4,0.3302065,0.3317093,0.9750686,0.10590864,0.10590864,1.0,0.0015027777,0.014189377,-26.850597,2.1451938,0.71506464,0.18400002,0.0,0.16828871,2.134998,2.144998,1206400
hardzero_plus_depr__c0p60__z1p10__lam0p010__nu0p50__psi1p00,hardzero_plus_depr,0.12,38,377,0.0,4,0.3317093,0.33333558,0.9364263,0.11576407,0.11576407,1.0,0.0016262757,0.014048191,-26.071562,2.060179,0.68672633,0.17,0.0,0.1678697,2.144998,2.154998,1209600
hardzero_plus_depr__c0p60__z1p10__lam0p010__nu0p50__psi1p00,hardzero_plus_depr,0.12,38,378,0.0,4,0.33333558,0.33457783,1.0490645,0.089317285,0.089317285,1.0,0.0012422614,0.0139084095,-27.518126,2.307988,0.7693293,0.17600001,0.0,0.15093565,2.154998,2.164998,1212800
hardzero_plus_depr__c0p60__z1p10__lam0p010__nu0p50__psi1p00,hardzero_plus_depr,0.12,38,379,0.0,4,0.33457783,0.33617327,0.9360535,0.115863465,0.115863465,1.0,0.001595442,0.013770018,-26.183868,2.0593588,0.686453,0.18400002,0.0,0.14529717,2.164998,2.174998,1216000
hardzero_plus_depr__c0p60__z1p10__lam0p010__nu0p50__psi1p00,hardzero_plus_depr,0.12,38,380,0.0,4,0.33617327,0.3375949,0.98180926,0.104277514,0.104277514,1.0,0.0014216158,0.013633004,-26.6531,2.1600235,0.72000784,0.16000001,0.0,0.13649864,2.174998,2.184998,1219200
hardzero_plus_depr__c0p60__z1p10__lam0p010__nu0p50__psi1p00,hardzero_plus_depr,0.12,38,381,0.0,4,0.3375949,0.33889654,1.0157542,0.09643747,0.09643747,1.0,0.0013016507,0.0134973535,-26.971167,2.234704,0.74490136,0.15200001,0.0,0.15943456,2.184998,2.194998,1222400
hardzero_plus_depr__c0p60__z1p10__lam0p010__nu0p50__psi1p00,hardzero_plus_depr,0.12,38,382,0.0,4,0.33889654,0.34020332,1.0097065,0.09778978,0.09778978,1.0,0.0013067701,0.013363054,-26.871508,2.2213986,0.74046624,0.096,0.0,0.13562755,2.194998,2.204998,1225600
hardzero_plus_depr__c0p60__z1p10__lam0p010__nu0p50__psi1p00,hardzero_plus_depr,0.12,38,383,0.0,4,0.34020332,0.341704,0.9452719,0.113430046,0.113430046,1.0,0.0015006897,0.013230089,-26.384262,2.0796397,0.6932132,0.256,0.0,0.12865947,2.204998,2.214998,1228800
hardzero_plus_depr__c0p60__z1p10__lam0p010__nu0p50__psi1p00,hardzero_plus_depr,0.12,38,384,0.0,4,0.341704,0.34317917,0.94837785,0.11262171,0.11262171,1.0,0.0014751696,0.013098448,-26.222631,2.086473,0.695491,0.216,0.0,0.14572076,2.214998,2.224998,1232000
hardzero_plus_depr__c0p60__z1p10__lam0p010__nu0p50__psi1p00,hardzero_plus_depr,0.12,38,385,0.0,4,0.34317917,0.34448406,0.9973017,0.10062325,0.10062325,1.0,0.001304894,0.012968116,-27.009163,2.1941075,0.7313692,0.112,0.0,0.16615325,2.224998,2.234998,1235200
hardzero_plus_depr__c0p60__z1p10__lam0p010__nu0p50__psi1p00,hardzero_plus_depr,0.12,38,386,0.0,4,0.34448406,0.3459283,0.94888914,0.112489216,0.112489216,1.0,0.0014442583,0.012839082,-25.202877,2.0875978,0.695866,0.14400001,0.0,0.14135806,2.234998,2.244998,1238400
hardzero_plus_depr__c0p60__z1p10__lam0p010__nu0p50__psi1p00,hardzero_plus_depr,0.12,38,387,0.0,4,0.3459283,0.34743717,0.92554045,0.1187024,0.1187024,1.0,0.0015088654,0.01271133,-26.536766,2.0362296,0.67874324,0.216,0.0,0.1417417,2.244998,2.254998,1241600
hardzero_plus_depr__c0p60__z1p10__lam0p010__nu0p50__psi1p00,hardzero_plus_depr,0.12,38,388,0.0,4,0.34743717,0.34881362,0.9610913,0.10937264,0.10937264,1.0,0.0013764383,0.01258485,-26.177237,2.114443,0.7048144,0.16000001,0.0,0.1403172,2.254998,2.264998,1244800
hardzero_plus_depr__c0p60__z1p10__lam0p010__nu0p50__psi1p00,hardzero_plus_depr,0.12,38,389,0.0,4,0.34881362,0.35024124,0.9408926,0.11457962,0.11457962,1.0,0.0014276196,0.012459629,-25.772541,2.070005,0.69000167,0.17600001,0.0,0.13139173,2.264998,2.274998,1248000
hardzero_plus_depr__c0p60__z1p10__lam0p010__nu0p50__psi1p00,hardzero_plus_depr,0.12,38,390,0.0,4,0.35024124,0.3514597,1.0053447,0.09877688,0.09877688,1.0,0.0012184774,0.012335654,-28.112328,2.2118027,0.7372676,0.19999999,0.0,0.16357245,2.274998,2.284998,1251200
hardzero_plus_depr__c0p60__z1p10__lam0p010__nu0p50__psi1p00,hardzero_plus_depr,0.12,38,391,0.0,4,0.3514597,0.35277066,0.969238,0.10734011,0.10734011,1.0,0.0013109354,0.012212912,-26.793642,2.1323662,0.7107887,0.096,0.0,0.16998348,2.284998,2.294998,1254400
hardzero_plus_depr__c0p60__z1p10__lam0p010__nu0p50__psi1p00,hardzero_plus_depr,0.12,38,392,0.0,4,0.35277066,0.35408965,0.96223533,0.1090849,0.1090849,1.0,0.0013189883,0.012091392,-26.368319,2.11696,0.70565337,0.16800001,0.0,0.14741732,2.294998,2.304998,1257600
hardzero_plus_depr__c0p60__z1p10__lam0p010__nu0p50__psi1p00,hardzero_plus_depr,0.12,38,393,0.0,4,0.35408965,0.35537782,0.96815515,0.10760806,0.10760806,1.0,0.0012881848,0.011971081,-26.487318,2.129984,0.7099947,0.17600001,0.0,0.1333195,2.304998,2.314998,1260800
hardzero_plus_depr__c0p60__z1p10__lam0p010__nu0p50__psi1p00,hardzero_plus_depr,0.12,38,394,0.0,4,0.35537782,0.35669166,0.95524883,0.11085394,0.11085394,1.0,0.0013138372,0.011851967,-26.532145,2.1015894,0.7005298,0.2,0.0,0.13085517,2.314998,2.324998,1264000
hardzero_plus_depr__c0p60__z1p10__lam0p010__nu0p50__psi1p00,hardzero_plus_depr,0.12,38,395,0.0,4,0.35669166,0.3580066,0.95053875,0.11206274,0.11206274,1.0,0.0013149484,0.011734038,-26.50877,2.091227,0.6970757,0.216,0.0,0.1500172,2.324998,2.334998,1267200
hardzero_plus_depr__c0p60__z1p10__lam0p010__nu0p50__psi1p00,hardzero_plus_depr,0.12,38,396,0.0,4,0.3580066,0.35928255,0.9592645,0.10983367,0.10983367,1.0,0.0012759687,0.011617282,-26.26385,2.110424,0.7034747,0.24800001,0.0,0.17092192,2.334998,2.344998,1270400
hardzero_plus_depr__c0p60__z1p10__lam0p010__nu0p50__psi1p00,hardzero_plus_depr,0.12,38,397,0.0,4,0.35928255,0.36038408,1.0187694,0.09577024,0.09577024,1.0,0.0011015194,0.0115016885,-27.967367,2.2413373,0.74711245,0.16800001,0.0,0.18795894,2.344998,2.3549979,1273600
hardzero_plus_depr__c0p60__z1p10__lam0p010__nu0p50__psi1p00,hardzero_plus_depr,0.12,38,398,0.0,4,0.36038408,0.36159295,0.97403747,0.10616038,0.10616038,1.0,0.0012088743,0.011387245,-26.422363,2.1429253,0.71430844,0.216,0.0,0.14882572,2.3549979,2.3649979,1276800
hardzero_plus_depr__c0p60__z1p10__lam0p010__nu0p50__psi1p00,hardzero_plus_depr,0.12,38,399,0.0,4,0.36159295,0.36294007,0.9226644,0.1194911,0.1194911,1.0,0.0013471355,0.01127394,-25.872868,2.0299022,0.6766341,0.224,0.0,0.15680303,2.3649979,2.3749979,1280000
hardzero_plus_depr__c0p60__z1p10__lam0p010__nu0p50__psi1p00,hardzero_plus_depr,0.12,38,400,0.0,4,0.36294007,0.36417106,0.9574753,0.1102871,0.1102871,1.0,0.0012309984,0.011161762,-26.621334,2.1064878,0.7021626,0.14400001,0.0,0.14293626,2.3749979,2.3849978,1283200
hardzero_plus_depr__c0p60__z1p10__lam0p010__nu0p50__psi1p00,hardzero_plus_depr,0.12,38,401,0.0,4,0.36417106,0.3651611,1.0477388,0.08959034,0.08959034,1.0,0.0009900361,0.011050701,-27.967775,2.3050714,0.76835716,0.16800001,0.0,0.19823296,2.3849978,2.3949978,1286400
hardzero_plus_depr__c0p60__z1p10__lam0p010__nu0p50__psi1p00,hardzero_plus_depr,0.12,38,402,0.0,4,0.3651611,0.36643872,0.93263966,0.116777815,0.116777815,1.0,0.0012776363,0.010940745,-25.397713,2.0518482,0.6839494,0.256,0.0,0.16893202,2.3949978,2.4049978,1289600
hardzero_plus_depr__c0p60__z1p10__lam0p010__nu0p50__psi1p00,hardzero_plus_depr,0.12,38,403,0.0,4,0.36643872,0.36771375,0.9291834,0.117710866,0.117710866,1.0,0.0012750303,0.010831883,-26.234753,2.0442443,0.6814148,0.19999999,0.0,0.16674174,2.4049978,2.4149978,1292800
hardzero_plus_depr__c0p60__z1p10__lam0p010__nu0p50__psi1p00,hardzero_plus_depr,0.12,38,404,0.0,4,0.36771375,0.36891192,0.95184344,0.1117266,0.1117266,1.0,0.0011981676,0.010724103,-26.332232,2.0940974,0.6980325,0.120000005,0.0,0.15086518,2.4149978,2.4249978,1296000
hardzero_plus_depr__c0p60__z1p10__lam0p010__nu0p50__psi1p00,hardzero_plus_depr,0.12,38,405,0.0,4,0.36891192,0.36991236,1.0258249,0.09422695,0.09422695,1.0,0.0010004449,0.010617397,-27.298859,2.2568598,0.7522866,0.120000005,0.0,0.1731262,2.4249978,2.4349978,1299200
hardzero_plus_depr__c0p60__z1p10__lam0p010__nu0p50__psi1p00,hardzero_plus_depr,0.12,38,406,0.0,4,0.36991236,0.37099037,0.98905104,0.10255314,0.10255314,1.0,0.0010780132,0.010511752,-27.105701,2.1759558,0.7253186,0.096,0.0,0.15093136,2.4349978,2.4449978,1302400
hardzero_plus_depr__c0p60__z1p10__lam0p010__nu0p50__psi1p00,hardzero_plus_depr,0.12,38,407,0.0,4,0.37099037,0.3720337,0.99891055,0.10025118,0.10025118,1.0,0.0010433301,0.010407159,-28.44649,2.197647,0.7325491,0.16000001,0.0,0.18076706,2.4449978,2.4549978,1305600
hardzero_plus_depr__c0p60__z1p10__lam0p010__nu0p50__psi1p00,hardzero_plus_depr,0.12,38,408,0.0,4,0.3720337,0.37315422,0.9635673,0.108750835,0.108750835,1.0,0.0011205258,0.010303606,-26.300245,2.1198905,0.7066302,0.128,0.0,0.1363361,2.4549978,2.4649978,1308800
hardzero_plus_depr__c0p60__z1p10__lam0p010__nu0p50__psi1p00,hardzero_plus_depr,0.12,38,409,0.0,4,0.37315422,0.37422317,0.97969246,0.10478703,0.10478703,1.0,0.0010689412,0.0102010835,-25.908669,2.1553664,0.7184555,0.18400002,0.0,0.16631436,2.4649978,2.4749978,1312000
hardzero_plus_depr__c0p60__z1p10__lam0p010__nu0p50__psi1p00,hardzero_plus_depr,0.12,38,410,0.0,4,0.37422317,0.37530088,0.9718002,0.106708676,0.106708676,1.0,0.001077713,0.010099581,-26.869556,2.138003,0.7126677,0.224,0.0,0.17881365,2.4749978,2.4849977,1315200
hardzero_plus_depr__c0p60__z1p10__lam0p010__nu0p50__psi1p00,hardzero_plus_depr,0.12,38,411,0.0,4,0.37530088,0.376318,0.99258816,0.101721294,0.101721294,1.0,0.0010171203,0.009999089,-27.058777,2.1837375,0.72791255,0.128,0.0,0.16390446,2.4849977,2.4949977,1318400
hardzero_plus_depr__c0p60__z1p10__lam0p010__nu0p50__psi1p00,hardzero_plus_depr,0.12,38,412,0.0,4,0.376318,0.37727714,1.0137458,0.09688448,0.09688448,1.0,0.0009591172,0.009899596,-27.747314,2.2302852,0.7434284,0.120000005,0.0,0.1405885,2.4949977,2.5049977,1321600
hardzero_plus_depr__c0p60__z1p10__lam0p010__nu0p50__psi1p00,hardzero_plus_depr,0.12,38,413,0.0,4,0.37727714,0.37823716,1.0089945,0.09795024,0.09795024,1.0,0.0009600195,0.0098010935,-26.973885,2.2198322,0.7399441,0.18400002,0.0,0.16299714,2.5049977,2.5149977,1324800
hardzero_plus_depr__c0p60__z1p10__lam0p010__nu0p50__psi1p00,hardzero_plus_depr,0.12,38,414,0.0,4,0.37823716,0.37930858,0.95697236,0.110414885,0.110414885,1.0,0.0010714186,0.009703571,-26.847227,2.1053813,0.7017938,0.15200001,0.0,0.14051905,2.5149977,2.5249977,1328000
hardzero_plus_depr__c0p60__z1p10__lam0p010__nu0p50__psi1p00,hardzero_plus_depr,0.12,38,415,0.0,4,0.37930858,0.38034874,0.9654841,0.10827194,0.10827194,1.0,0.0010401706,0.009607019,-26.288925,2.1241074,0.7080358,0.15200001,0.0,0.13599388,2.5249977,2.5349977,1331200
hardzero_plus_depr__c0p60__z1p10__lam0p010__nu0p50__psi1p00,hardzero_plus_depr,0.12,38,416,0.0,4,0.38034874,0.38131997,0.99092466,0.102111645,0.102111645,1.0,0.00097122754,0.009511428,-26.181625,2.1800778,0.7266926,0.14999999,0.0,0.14907011,2.5349977,2.5449977,1334400
hardzero_plus_depr__c0p60__z1p10__lam0p010__nu0p50__psi1p00,hardzero_plus_depr,0.12,38,417,0.0,4,0.38131997,0.38231286,0.9770008,0.1054385,0.1054385,1.0,0.000992892,0.009416788,-26.928452,2.1494446,0.71648157,0.16800001,0.0,0.15818663,2.5449977,2.5549977,1337600
hardzero_plus_depr__c0p60__z1p10__lam0p010__nu0p50__psi1p00,hardzero_plus_depr,0.12,38,418,0.0,4,0.38231286,0.3832689,0.9890954,0.10254267,0.10254267,1.0,0.00095601444,0.009323089,-26.864227,2.1760533,0.7253511,0.28,0.008,0.20090406,2.5549977,2.5649977,1340800
hardzero_plus_depr__c0p60__z1p10__lam0p010__nu0p50__psi1p00,hardzero_plus_depr,0.12,38,419,0.0,4,0.3832689,0.38427,0.9647373,0.10845827,0.10845827,1.0,0.001001105,0.009230323,-26.933342,2.1224644,0.7074882,0.15200001,0.0,0.14042173,2.5649977,2.5749977,1344000
hardzero_plus_depr__c0p60__z1p10__lam0p010__nu0p50__psi1p00,hardzero_plus_depr,0.12,38,420,0.0,4,0.38427,0.385193,0.9956771,0.10100034,0.10100034,1.0,0.00092298957,0.00913848,-26.660826,2.1905334,0.7301778,0.18400002,0.0,0.16121659,2.5749977,2.5849977,1347200
hardzero_plus_depr__c0p60__z1p10__lam0p010__nu0p50__psi1p00,hardzero_plus_depr,0.12,38,421,0.0,4,0.385193,0.38606116,1.017921,0.095957525,0.095957525,1.0,0.00086818053,0.00904755,-27.129059,2.239471,0.74649036,0.17600001,0.0,0.16037627,2.5849977,2.5949976,1350400
hardzero_plus_depr__c0p60__z1p10__lam0p010__nu0p50__psi1p00,hardzero_plus_depr,0.12,38,422,0.0,4,0.38606116,0.387061,0.9522595,0.11161962,0.11161962,1.0,0.0009998357,0.008957526,-26.83285,2.0950127,0.69833755,0.18400002,0.0,0.1489324,2.5949976,2.6049976,1353600
hardzero_plus_depr__c0p60__z1p10__lam0p010__nu0p50__psi1p00,hardzero_plus_depr,0.12,38,423,0.0,4,0.387061,0.38809553,0.9331025,0.116653435,0.116653435,1.0,0.001034529,0.008868397,-26.612259,2.0528665,0.68428886,0.128,0.0,0.14436722,2.6049976,2.6149976,1356800
hardzero_plus_depr__c0p60__z1p10__lam0p010__nu0p50__psi1p00,hardzero_plus_depr,0.12,38,424,0.0,4,0.38809553,0.3890347,0.9707644,0.1069635,0.1069635,1.0,0.00093915605,0.008780154,-26.123228,2.1357243,0.7119081,0.16800001,0.0,0.1636146,2.6149976,2.6249976,1360000
hardzero_plus_depr__c0p60__z1p10__lam0p010__nu0p50__psi1p00,hardzero_plus_depr,0.12,38,425,0.0,4,0.3890347,0.38990045,1.0017649,0.09959444,0.09959444,1.0,0.0008657537,0.008692792,-27.207415,2.2039268,0.73464227,0.18400002,0.0,0.14710164,2.6249976,2.6349976,1363200
hardzero_plus_depr__c0p60__z1p10__lam0p010__nu0p50__psi1p00,hardzero_plus_depr,0.12,38,426,0.0,4,0.38990045,0.39090472,0.9329606,0.11669154,0.11669154,1.0,0.001004282,0.008606297,-26.390291,2.0525544,0.6841848,0.24800001,0.0,0.14707908,2.6349976,2.6449976,1366400
hardzero_plus_depr__c0p60__z1p10__lam0p010__nu0p50__psi1p00,hardzero_plus_depr,0.12,38,427,0.0,4,0.39090472,0.39172995,1.013897,0.09685077,0.09685077,1.0,0.0008252327,0.008520663,-27.360144,2.2306178,0.7435393,0.14400001,0.0,0.15385213,2.6449976,2.6549976,1369600
hardzero_plus_depr__c0p60__z1p10__lam0p010__nu0p50__psi1p00,hardzero_plus_depr,0.12,38,428,0.0,4,0.39172995,0.39264038,0.9668788,0.10792479,0.10792479,1.0,0.00091044063,0.008435881,-27.605034,2.1271758,0.70905864,0.15200001,0.0,0.16159204,2.6549976,2.6649976,1372800
hardzero_plus_depr__c0p60__z1p10__lam0p010__nu0p50__psi1p00,hardzero_plus_depr,0.12,38,429,0.0,4,0.39264038,0.39346507,1.0054998,0.0987416,0.0987416,1.0,0.00082468416,0.0083519425,-25.681206,2.212144,0.73738134,0.16,0.0,0.12147863,2.6649976,2.6749976,1376000
hardzero_plus_depr__c0p60__z1p10__lam0p010__nu0p50__psi1p00,hardzero_plus_depr,0.12,38,430,0.0,4,0.39346507,0.39445397,0.9222926,0.11959344,0.11959344,1.0,0.000988899,0.00826884,-26.324041,2.0290842,0.67636144,0.224,0.0,0.16503482,2.6749976,2.6849976,1379200
hardzero_plus_depr__c0p60__z1p10__lam0p010__nu0p50__psi1p00,hardzero_plus_depr,0.12,38,431,0.0,4,0.39445397,0.39539143,0.9411513,0.11451138,0.11451138,1.0,0.0009374547,0.008186564,-25.89148,2.0705743,0.69019145,0.18400002,0.0,0.13330933,2.6849976,2.6949975,1382400
hardzero_plus_depr__c0p60__z1p10__lam0p010__nu0p50__psi1p00,hardzero_plus_depr,0.12,38,432,0.0,4,0.39539143,0.3962965,0.9520787,0.1116661,0.1116661,1.0,0.0009050655,0.008105106,-26.632912,2.094615,0.698205,0.17600001,0.0,0.15260464,2.6949975,2.7049975,1385600
hardzero_plus_depr__c0p60__z1p10__lam0p010__nu0p50__psi1p00,hardzero_plus_depr,0.12,38,433,0.0,4,0.3962965,0.3972318,0.9334746,0.11655351,0.11655351,1.0,0.00093527883,0.008024459,-26.756052,2.0536852,0.6845617,0.28,0.0,0.14809099,2.7049975,2.7149975,1388800
hardzero_plus_depr__c0p60__z1p10__lam0p010__nu0p50__psi1p00,hardzero_plus_depr,0.12,38,434,0.0,4,0.3972318,0.39810252,0.96018803,0.109600365,0.109600365,1.0,0.00087073265,0.007944615,-26.27378,2.1124558,0.704152,0.23200001,0.0,0.14190346,2.7149975,2.7249975,1392000
hardzero_plus_depr__c0p60__z1p10__lam0p010__nu0p50__psi1p00,hardzero_plus_depr,0.12,38,435,0.0,4,0.39810252,0.39894432,0.97051555,0.1070248,0.1070248,1.0,0.0008418103,0.007865563,-27.42772,2.135177,0.71172565,0.18400002,0.0,0.17579801,2.7249975,2.7349975,1395200
hardzero_plus_depr__c0p60__z1p10__lam0p010__nu0p50__psi1p00,hardzero_plus_depr,0.12,38,436,0.0,4,0.39894432,0.3997291,0.9966315,0.10077863,0.10077863,1.0,0.00078479346,0.0077873003,-26.848658,2.1926332,0.73087776,0.16800001,0.0,0.14828245,2.7349975,2.7449975,1398400
hardzero_plus_depr__c0p60__z1p10__lam0p010__nu0p50__psi1p00,hardzero_plus_depr,0.12,38,437,0.0,4,0.3997291,0.40057445,0.9600054,0.10964647,0.10964647,1.0,0.00084535393,0.0077098147,-27.00819,2.112054,0.70401806,0.2,0.0,0.17720856,2.7449975,2.7549975,1401600
hardzero_plus_depr__c0p60__z1p10__lam0p010__nu0p50__psi1p00,hardzero_plus_depr,0.12,38,438,0.0,4,0.40057445,0.4014844,0.92368525,0.119210556,0.119210556,1.0,0.00090994616,0.0076331007,-25.12222,2.0321481,0.6773827,0.24000001,0.0,0.1457504,2.7549975,2.7649975,1404800
hardzero_plus_depr__c0p60__z1p10__lam0p010__nu0p50__psi1p00,hardzero_plus_depr,0.12,38,439,0.0,4,0.4014844,0.4023524,0.93984234,0.11485704,0.11485704,1.0,0.00086799194,0.0075571504,-26.602371,2.0676944,0.6892315,0.224,0.0,0.1660376,2.7649975,2.7749975,1408000
hardzero_plus_depr__c0p60__z1p10__lam0p010__nu0p50__psi1p00,hardzero_plus_depr,0.12,38,440,0.0,4,0.4023524,0.40315315,0.9705084,0.107026555,0.107026555,1.0,0.00080076803,0.0074819564,-26.9072,2.1351612,0.7117204,0.14400001,0.0,0.14898688,2.7749975,2.7849975,1411200
hardzero_plus_depr__c0p60__z1p10__lam0p010__nu0p50__psi1p00,hardzero_plus_depr,0.12,38,441,0.0,4,0.40315315,0.4038434,1.0306736,0.09318078,0.09318078,1.0,0.00069023756,0.0074075097,-27.429888,2.2675273,0.75584245,0.120000005,0.0,0.1550002,2.7849975,2.7949975,1414400
hardzero_plus_depr__c0p60__z1p10__lam0p010__nu0p50__psi1p00,hardzero_plus_depr,0.12,38,442,0.0,4,0.4038434,0.4046688,0.94865704,0.11254933,0.11254933,1.0,0.00082541467,0.0073338035,-26.232073,2.0870872,0.69569576,0.13,0.0,0.1418298,2.7949975,2.8049974,1417600
hardzero_plus_depr__c0p60__z1p10__lam0p010__nu0p50__psi1p00,hardzero_plus_depr,0.12,38,443,0.0,4,0.4046688,0.4055099,0.93614095,0.11584012,0.11584012,1.0,0.0008410956,0.007260831,-25.946644,2.0595512,0.6865171,0.16000001,0.0,0.12758863,2.8049974,2.8149974,1420800
hardzero_plus_depr__c0p60__z1p10__lam0p010__nu0p50__psi1p00,hardzero_plus_depr,0.12,38,444,0.0,4,0.4055099,0.4062973,0.96043915,0.10953701,0.10953701,1.0,0.00078741607,0.0071885847,-26.582731,2.1130083,0.7043361,0.17600001,0.0,0.13556668,2.8149974,2.8249974,1424000
hardzero_plus_depr__c0p60__z1p10__lam0p010__nu0p50__psi1p00,hardzero_plus_depr,0.12,38,445,0.0,4,0.4062973,0.4071612,0.9158329,0.12138557,0.12138557,1.0,0.000863908,0.0071170568,-25.629261,2.0148726,0.6716242,0.14400001,0.0,0.12749219,2.8249974,2.8349974,1427200
hardzero_plus_depr__c0p60__z1p10__lam0p010__nu0p50__psi1p00,hardzero_plus_depr,0.12,38,446,0.0,4,0.4071612,0.40788758,0.98679435,0.10308742,0.10308742,1.0,0.0007263788,0.0070462413,-26.570469,2.170991,0.7236637,0.17600001,0.0,0.16373047,2.8349974,2.8449974,1430400
hardzero_plus_depr__c0p60__z1p10__lam0p010__nu0p50__psi1p00,hardzero_plus_depr,0.12,38,447,0.0,4,0.40788758,0.4085953,0.99374866,0.10144983,0.10144983,1.0,0.0007077272,0.00697613,-26.807516,2.1862907,0.7287636,0.24000001,0.0,0.1441228,2.8449974,2.8549974,1433600
hardzero_plus_depr__c0p60__z1p10__lam0p010__nu0p50__psi1p00,hardzero_plus_depr,0.12,38,448,0.0,4,0.4085953,0.40937003,0.95012265,0.112170175,0.112170175,1.0,0.00077472755,0.006906716,-25.806517,2.0903115,0.69677055,0.136,0.0,0.13799815,2.8549974,2.8649974,1436800
hardzero_plus_depr__c0p60__z1p10__lam0p010__nu0p50__psi1p00,hardzero_plus_depr,0.12,38,449,0.0,4,0.40937003,0.41003147,1.0144455,0.0967285,0.0967285,1.0,0.00066142884,0.0068379934,-26.656235,2.2318246,0.74394155,0.136,0.0,0.16212402,2.8649974,2.8749974,1440000
hardzero_plus_depr__c0p60__z1p10__lam0p010__nu0p50__psi1p00,hardzero_plus_depr,0.12,38,450,0.0,4,0.41003147,0.41078103,0.95577323,0.11072018,0.11072018,1.0,0.0007495705,0.0067699538,-26.358677,2.1027431,0.7009144,0.224,0.0,0.16704237,2.8749974,2.8849974,1443200
hardzero_plus_depr__c0p60__z1p10__lam0p010__nu0p50__psi1p00,hardzero_plus_depr,0.12,38,451,0.0,4,0.41078103,0.41143447,1.0110358,0.09749092,0.09749092,1.0,0.0006534419,0.006702592,-28.522385,2.2243233,0.74144113,0.14400001,0.0,0.16481553,2.8849974,2.8949974,1446400
hardzero_plus_depr__c0p60__z1p10__lam0p010__nu0p50__psi1p00,hardzero_plus_depr,0.12,38,452,0.0,4,0.41143447,0.41213292,0.97776747,0.10525252,0.10525252,1.0,0.00069844525,0.0066359006,-26.864712,2.1511314,0.7170438,0.136,0.0,0.14498106,2.8949974,2.9049973,1449600
hardzero_plus_depr__c0p60__z1p10__lam0p010__nu0p50__psi1p00,hardzero_plus_depr,0.12,38,453,0.0,4,0.41213292,0.41288522,0.9411611,0.1145088,0.1145088,1.0,0.0007523082,0.006569872,-26.154024,2.0705957,0.6901986,0.2,0.0,0.12483423,2.9049973,2.9149973,1452800
hardzero_plus_depr__c0p60__z1p10__lam0p010__nu0p50__psi1p00,hardzero_plus_depr,0.12,38,454,0.0,4,0.41288522,0.41361386,0.9507063,0.112019524,0.112019524,1.0,0.0007286311,0.006504501,-26.43321,2.0915956,0.69719857,0.14400001,0.0,0.15648906,2.9149973,2.9249973,1456000
hardzero_plus_depr__c0p60__z1p10__lam0p010__nu0p50__psi1p00,hardzero_plus_depr,0.12,38,455,0.0,4,0.41361386,0.4143161,0.9623848,0.10904737,0.10904737,1.0,0.0007022411,0.0064397804,-25.873798,2.1172888,0.705763,0.14,0.0,0.15497446,2.9249973,2.9349973,1459200
hardzero_plus_depr__c0p60__z1p10__lam0p010__nu0p50__psi1p00,hardzero_plus_depr,0.12,38,456,0.0,4,0.4143161,0.41503698,0.94666433,0.11306694,0.11306694,1.0,0.0007208812,0.006375703,-26.58078,2.082703,0.6942344,0.216,0.0,0.15269017,2.9349973,2.9449973,1462400
hardzero_plus_depr__c0p60__z1p10__lam0p010__nu0p50__psi1p00,hardzero_plus_depr,0.12,38,457,0.0,4,0.41503698,0.41576728,0.9366799,0.11569645,0.11569645,1.0,0.00073030655,0.006312264,-25.804903,2.060737,0.6869123,0.296,0.0,0.1367042,2.9449973,2.9549973,1465600
hardzero_plus_depr__c0p60__z1p10__lam0p010__nu0p50__psi1p00,hardzero_plus_depr,0.12,38,458,0.0,4,0.41576728,0.4164112,0.9870243,0.10303284,0.10303284,1.0,0.00064389926,0.006249456,-27.166124,2.1714969,0.7238323,0.16000001,0.0,0.15494741,2.9549973,2.9649973,1468800
hardzero_plus_depr__c0p60__z1p10__lam0p010__nu0p50__psi1p00,hardzero_plus_depr,0.12,38,459,0.0,4,0.4164112,0.41707024,0.97259045,0.106514685,0.106514685,1.0,0.0006590354,0.0061872727,-26.824942,2.1397417,0.71324724,0.224,0.0,0.1446819,2.9649973,2.9749973,1472000
hardzero_plus_depr__c0p60__z1p10__lam0p010__nu0p50__psi1p00,hardzero_plus_depr,0.12,38,460,0.0,4,0.41707024,0.41768724,0.99686366,0.10072478,0.10072478,1.0,0.00061701064,0.0061257086,-26.7567,2.1931438,0.731048,0.17600001,0.0,0.14269732,2.9749973,2.9849973,1475200
hardzero_plus_depr__c0p60__z1p10__lam0p010__nu0p50__psi1p00,hardzero_plus_depr,0.12,38,461,0.0,4,0.41768724,0.41835985,0.9550566,0.110903025,0.110903025,1.0,0.0006725998,0.0060647563,-26.332512,2.1011665,0.70038885,0.16800001,0.0,0.14835198,2.9849973,2.9949973,1478400
hardzero_plus_depr__c0p60__z1p10__lam0p010__nu0p50__psi1p00,hardzero_plus_depr,0.12,38,462,0.0,4,0.41835985,0.41899016,0.97890794,0.10497649,0.10497649,1.0,0.000630322,0.0060044113,-26.998636,2.1536405,0.7178802,0.15200001,0.0,0.14918426,2.9949973,3.0049973,1481600
hardzero_plus_depr__c0p60__z1p10__lam0p010__nu0p50__psi1p00,hardzero_plus_depr,0.12,38,463,0.0,4,0.41899016,0.41964245,0.9596982,0.10972403,0.10972403,1.0,0.0006522728,0.0059446665,-27.155407,2.1113782,0.70379275,0.192,0.0,0.1583927,3.0049973,3.0149972,1484800
hardzero_plus_depr__c0p60__z1p10__lam0p010__nu0p50__psi1p00,hardzero_plus_depr,0.12,38,464,0.0,4,0.41964245,0.4203223,0.93737745,0.11551077,0.11551077,1.0,0.00067984057,0.0058855168,-26.551085,2.0622716,0.6874239,0.208,0.0,0.14200966,3.0149972,3.0249972,1488000
hardzero_plus_depr__c0p60__z1p10__lam0p010__nu0p50__psi1p00,hardzero_plus_depr,0.12,38,465,0.0,4,0.4203223,0.420972,0.95273715,0.1114969,0.1114969,1.0,0.0006496875,0.005826955,-26.017118,2.0960636,0.6986879,0.18400002,0.0,0.13977093,3.0249972,3.0349972,1491200
hardzero_plus_depr__c0p60__z1p10__lam0p010__nu0p50__psi1p00,hardzero_plus_depr,0.12,38,466,0.0,4,0.420972,0.42165437,0.9270741,0.11828398,0.11828398,1.0,0.00068237743,0.0057689757,-25.2801,2.0396037,0.6798679,0.18400002,0.0,0.14830658,3.0349972,3.0449972,1494400
hardzero_plus_depr__c0p60__z1p10__lam0p010__nu0p50__psi1p00,hardzero_plus_depr,0.12,38,467,0.0,4,0.42165437,0.42225146,0.9807109,0.10454158,0.10454158,1.0,0.0005970969,0.0057115736,-26.59651,2.157607,0.7192024,0.15200001,0.008,0.15065369,3.0449972,3.0549972,1497600
hardzero_plus_depr__c0p60__z1p10__lam0p010__nu0p50__psi1p00,hardzero_plus_depr,0.12,38,468,0.0,4,0.42225146,0.42293334,0.91869766,0.120587505,0.120587505,1.0,0.0006818913,0.0056547425,-25.158142,2.0211751,0.67372507,0.22999999,0.0,0.13363537,3.0549972,3.0649972,1500800
hardzero_plus_depr__c0p60__z1p10__lam0p010__nu0p50__psi1p00,hardzero_plus_depr,0.12,38,469,0.0,4,0.42293334,0.42348212,1.0086749,0.09802234,0.09802234,1.0,0.0005487758,0.0055984766,-26.87423,2.219129,0.73970973,0.14400001,0.0,0.17763439,3.0649972,3.0749972,1504000
hardzero_plus_depr__c0p60__z1p10__lam0p010__nu0p50__psi1p00,hardzero_plus_depr,0.12,38,470,0.0,4,0.42348212,0.42400122,1.0284909,0.093650274,0.093650274,1.0,0.000519082,0.005542771,-27.25852,2.262725,0.7542417,0.112,0.0,0.1559637,3.0749972,3.0849972,1507200
hardzero_plus_depr__c0p60__z1p10__lam0p010__nu0p50__psi1p00,hardzero_plus_depr,0.12,38,471,0.0,4,0.42400122,0.42452717,1.0184315,0.095844775,0.095844775,1.0,0.00052595965,0.0054876194,-27.585379,2.2405941,0.74686474,0.136,0.0,0.15002322,3.0849972,3.0949972,1510400
hardzero_plus_depr__c0p60__z1p10__lam0p010__nu0p50__psi1p00,hardzero_plus_depr,0.12,38,472,0.0,4,0.42452717,0.42513236,0.9531484,0.111391366,0.111391366,1.0,0.00060519116,0.005433017,-25.530006,2.0969684,0.6989895,0.192,0.0,0.13214906,3.0949972,3.1049972,1513600
hardzero_plus_depr__c0p60__z1p10__lam0p010__nu0p50__psi1p00,hardzero_plus_depr,0.12,38,473,0.0,4,0.42513236,0.42575216,0.9384481,0.11522638,0.11522638,1.0,0.0006197978,0.0053789574,-26.106846,2.064627,0.688209,0.2,0.0,0.14583655,3.1049972,3.1149971,1516800
hardzero_plus_depr__c0p60__z1p10__lam0p010__nu0p50__psi1p00,hardzero_plus_depr,0.12,38,474,0.0,4,0.42575216,0.42631257,0.97785234,0.10523195,0.10523195,1.0,0.00056040596,0.0053254357,-26.6767,2.151318,0.71710604,0.16000001,0.0,0.16147748,3.1149971,3.1249971,1520000
hardzero_plus_depr__c0p60__z1p10__lam0p010__nu0p50__psi1p00,hardzero_plus_depr,0.12,38,475,0.0,4,0.42631257,0.42692217,0.93695414,0.11562344,0.11562344,1.0,0.0006096184,0.0052724467,-26.106358,2.0613403,0.68711346,0.18400002,0.008,0.14103775,3.1249971,3.1349971,1523200
hardzero_plus_depr__c0p60__z1p10__lam0p010__nu0p50__psi1p00,hardzero_plus_depr,0.12,38,476,0.0,4,0.42692217,0.42748967,0.96371365,0.10871421,0.10871421,1.0,0.0005674865,0.005219985,-26.718931,2.1202123,0.70673746,0.2,0.0,0.15394625,3.1349971,3.1449971,1526400
hardzero_plus_depr__c0p60__z1p10__lam0p010__nu0p50__psi1p00,hardzero_plus_depr,0.12,38,477,0.0,4,0.42748967,0.42801,0.99705017,0.10068154,0.10068154,1.0,0.00052032684,0.005168046,-27.074894,2.1935542,0.7311847,0.16000001,0.0,0.16200493,3.1449971,3.154997,1529600
hardzero_plus_depr__c0p60__z1p10__lam0p010__nu0p50__psi1p00,hardzero_plus_depr,0.12,38,478,0.0,4,0.42801,0.42850873,1.011102,0.097476065,0.097476065,1.0,0.00049874827,0.005116623,-27.244606,2.2244687,0.7414896,0.096,0.0,0.1272963,3.154997,3.164997,1532800
hardzero_plus_depr__c0p60__z1p10__lam0p010__nu0p50__psi1p00,hardzero_plus_depr,0.12,38,479,0.0,4,0.42850873,0.4290075,1.0067394,0.09846018,0.09846018,1.0,0.00049877097,0.005065712,-27.530926,2.214871,0.7382903,0.17600001,0.0,0.14432003,3.164997,3.174997,1536000
hardzero_plus_depr__c0p60__z1p10__lam0p010__nu0p50__psi1p00,hardzero_plus_depr,0.12,38,480,0.0,4,0.4290075,0.42952487,0.9864929,0.10315899,0.10315899,1.0,0.000517374,0.005015307,-26.305977,2.1703277,0.72344255,0.136,0.0,0.13790497,3.174997,3.184997,1539200
hardzero_plus_depr__c0p60__z1p10__lam0p010__nu0p50__psi1p00,hardzero_plus_depr,0.12,38,481,0.0,4,0.42952487,0.43006778,0.96123314,0.10933692,0.10933692,1.0,0.000542902,0.004965404,-25.9209,2.1147552,0.7049184,0.21,0.0,0.14671825,3.184997,3.194997,1542400
hardzero_plus_depr__c0p60__z1p10__lam0p010__nu0p50__psi1p00,hardzero_plus_depr,0.12,38,482,0.0,4,0.43006778,0.43059656,0.9683252,0.10756595,0.10756595,1.0,0.0005287939,0.0049159974,-26.616726,2.130358,0.71011937,0.104,0.0,0.148971,3.194997,3.204997,1545600
hardzero_plus_depr__c0p60__z1p10__lam0p010__nu0p50__psi1p00,hardzero_plus_depr,0.12,38,483,0.0,4,0.43059656,0.4311135,0.9738163,0.10621449,0.10621449,1.0,0.0005169547,0.0048670825,-27.161762,2.1424387,0.71414626,0.18400002,0.0,0.13121562,3.204997,3.214997,1548800
hardzero_plus_depr__c0p60__z1p10__lam0p010__nu0p50__psi1p00,hardzero_plus_depr,0.12,38,484,0.0,4,0.4311135,0.43163416,0.96637756,0.10804942,0.10804942,1.0,0.0005206528,0.004818654,-26.77374,2.1260731,0.70869106,0.224,0.0,0.15489577,3.214997,3.224997,1552000
hardzero_plus_depr__c0p60__z1p10__lam0p010__nu0p50__psi1p00,hardzero_plus_depr,0.12,38,485,0.0,4,0.43163416,0.43219927,0.9264583,0.11845181,0.11845181,1.0,0.000565099,0.004770708,-25.0954,2.038249,0.67941636,0.16800001,0.0,0.12207668,3.224997,3.234997,1555200
hardzero_plus_depr__c0p60__z1p10__lam0p010__nu0p50__psi1p00,hardzero_plus_depr,0.12,38,486,0.0,4,0.43219927,0.4326413,1.0287986,0.093583964,0.093583964,1.0,0.0004420194,0.0047232388,-27.769186,2.263402,0.75446737,0.224,0.0,0.15941918,3.234997,3.244997,1558400
hardzero_plus_depr__c0p60__z1p10__lam0p010__nu0p50__psi1p00,hardzero_plus_depr,0.12,38,487,0.0,4,0.4326413,0.43317556,0.9421463,0.114249334,0.114249334,1.0,0.00053425744,0.0046762414,-25.951769,2.0727632,0.69092107,0.16000001,0.0,0.13406795,3.244997,3.254997,1561600
hardzero_plus_depr__c0p60__z1p10__lam0p010__nu0p50__psi1p00,hardzero_plus_depr,0.12,38,488,0.0,4,0.43317556,0.43370876,0.9386625,0.11516948,0.11516948,1.0,0.00053320156,0.004629712,-26.101435,2.0650988,0.6883663,0.120000005,0.0,0.13731942,3.254997,3.264997,1564800
hardzero_plus_depr__c0p60__z1p10__lam0p010__nu0p50__psi1p00,hardzero_plus_depr,0.12,38,489,0.0,4,0.43370876,0.43419424,0.97503555,0.105916694,0.105916694,1.0,0.00048548463,0.004583646,-26.194214,2.145121,0.7150404,0.136,0.0,0.14771815,3.264997,3.274997,1568000
hardzero_plus_depr__c0p60__z1p10__lam0p010__nu0p50__psi1p00,hardzero_plus_depr,0.12,38,490,0.0,4,0.43419424,0.43466234,0.9865335,0.10314935,0.10314935,1.0,0.00046809565,0.004538038,-26.663004,2.170417,0.72347236,0.17600001,0.0,0.14594631,3.274997,3.284997,1571200
hardzero_plus_depr__c0p60__z1p10__lam0p010__nu0p50__psi1p00,hardzero_plus_depr,0.12,38,491,0.0,4,0.43466234,0.4351212,0.9908515,0.102128856,0.102128856,1.0,0.00045885306,0.0044928836,-26.191303,2.1799169,0.726639,0.16800001,0.0,0.17717166,3.284997,3.294997,1574400
hardzero_plus_depr__c0p60__z1p10__lam0p010__nu0p50__psi1p00,hardzero_plus_depr,0.12,38,492,0.0,4,0.4351212,0.43561524,0.9544301,0.11106312,0.11106312,1.0,0.0004940286,0.0044481787,-25.60022,2.0997882,0.6999294,0.17600001,0.0,0.15074138,3.294997,3.304997,1577600
hardzero_plus_depr__c0p60__z1p10__lam0p010__nu0p50__psi1p00,hardzero_plus_depr,0.12,38,493,0.0,4,0.43561524,0.43605804,0.99762636,0.100548044,0.100548044,1.0,0.00044280538,0.0044039185,-27.576138,2.1948218,0.7316073,0.16000001,0.0,0.19625698,3.304997,3.314997,1580800
hardzero_plus_depr__c0p60__z1p10__lam0p010__nu0p50__psi1p00,hardzero_plus_depr,0.12,38,494,0.0,4,0.43605804,0.43651578,0.9788789,0.1049835,0.1049835,1.0,0.0004577385,0.0043600993,-26.481956,2.1535766,0.7178589,0.22,0.0,0.1601678,3.314997,3.324997,1584000
hardzero_plus_depr__c0p60__z1p10__lam0p010__nu0p50__psi1p00,hardzero_plus_depr,0.12,38,495,0.0,4,0.43651578,0.43699253,0.95686954,0.11044104,0.11044104,1.0,0.00047674254,0.0043167155,-26.121746,2.105155,0.70171833,0.16800001,0.0,0.15468287,3.324997,3.334997,1587200
hardzero_plus_depr__c0p60__z1p10__lam0p010__nu0p50__psi1p00,hardzero_plus_depr,0.12,38,496,0.0,4,0.43699253,0.43743727,0.9827023,0.104063325,0.104063325,1.0,0.00044474204,0.0042737634,-27.01271,2.1619883,0.7206628,0.136,0.0,0.14415358,3.334997,3.344997,1590400
hardzero_plus_depr__c0p60__z1p10__lam0p010__nu0p50__psi1p00,hardzero_plus_depr,0.12,38,497,0.0,4,0.43743727,0.4378565,1.0040228,0.09907797,0.09907797,1.0,0.00041922255,0.0042312387,-26.994953,2.2088943,0.7362981,0.224,0.0,0.16304195,3.344997,3.354997,1593600
hardzero_plus_depr__c0p60__z1p10__lam0p010__nu0p50__psi1p00,hardzero_plus_depr,0.12,38,498,0.0,4,0.4378565,0.43831363,0.96206856,0.1091268,0.1091268,1.0,0.0004571471,0.004189137,-25.842178,2.1165931,0.70553106,0.2,0.0,0.15420018,3.354997,3.364997,1596800
hardzero_plus_depr__c0p60__z1p10__lam0p010__nu0p50__psi1p00,hardzero_plus_depr,0.12,38,499,0.0,4,0.43831363,0.4387722,0.956391,0.1105628,0.1105628,1.0,0.0004585542,0.0041474546,-26.854502,2.1041021,0.7013674,0.14400001,0.0,0.16512106,3.364997,3.374997,1600000
hardzero_plus_depr__c0p60__z1p10__lam0p010__nu0p50__psi1p00,hardzero_plus_depr,0.12,38,500,0.0,4,0.4387722,0.4392769,0.9103964,0.12291462,0.12291462,1.0,0.0005047103,0.0041061863,-24.519741,2.002912,0.66763735,0.224,0.0,0.12832789,3.374997,3.384997,1603200
hardzero_plus_depr__c0p60__z1p10__lam0p010__nu0p50__psi1p00,hardzero_plus_depr,0.12,38,501,0.0,4,0.4392769,0.43971056,0.97194463,0.10667322,0.10667322,1.0,0.0004336618,0.0040653297,-27.280529,2.138321,0.7127737,0.2,0.0,0.15858965,3.384997,3.394997,1606400
hardzero_plus_depr__c0p60__z1p10__lam0p010__nu0p50__psi1p00,hardzero_plus_depr,0.12,38,502,0.0,4,0.43971056,0.44017896,0.93412244,0.116379775,0.116379775,1.0,0.0004684145,0.004024879,-26.773148,2.0551105,0.68503684,0.224,0.0,0.14227384,3.394997,3.4049969,1609600
hardzero_plus_depr__c0p60__z1p10__lam0p010__nu0p50__psi1p00,hardzero_plus_depr,0.12,38,503,0.0,4,0.44017896,0.4406487,0.92856014,0.117879935,0.117879935,1.0,0.0004697316,0.003984831,-25.733704,2.0428731,0.68095773,0.24000001,0.0,0.14185892,3.4049969,3.4149969,1612800
hardzero_plus_depr__c0p60__z1p10__lam0p010__nu0p50__psi1p00,hardzero_plus_depr,0.12,38,504,0.0,4,0.4406487,0.44111595,0.9265278,0.118432865,0.118432865,1.0,0.0004672391,0.003945181,-26.53903,2.0384018,0.6794673,0.23200001,0.0,0.13487631,3.4149969,3.4249969,1616000
hardzero_plus_depr__c0p60__z1p10__lam0p010__nu0p50__psi1p00,hardzero_plus_depr,0.12,38,505,0.0,4,0.44111595,0.44153255,0.9720095,0.106657274,0.106657274,1.0,0.00041659543,0.0039059261,-26.994768,2.1384635,0.7128212,0.104,0.0,0.16949087,3.4249969,3.4349968,1619200
hardzero_plus_depr__c0p60__z1p10__lam0p010__nu0p50__psi1p00,hardzero_plus_depr,0.12,38,506,0.0,4,0.44153255,0.44188794,1.0366626,0.09190463,0.09190463,1.0,0.00035540084,0.0038670613,-28.231972,2.2807033,0.7602345,0.18400002,0.0,0.15978417,3.4349968,3.4449968,1622400
hardzero_plus_depr__c0p60__z1p10__lam0p010__nu0p50__psi1p00,hardzero_plus_depr,0.12,38,507,0.0,4,0.44188794,0.44228458,0.9846587,0.10359559,0.10359559,1.0,0.0003966244,0.0038285838,-28.090034,2.1662924,0.7220975,0.17999999,0.0,0.17860243,3.4449968,3.4549968,1625600
hardzero_plus_depr__c0p60__z1p10__lam0p010__nu0p50__psi1p00,hardzero_plus_depr,0.12,38,508,0.0,4,0.44228458,0.4426892,0.9716568,0.10674392,0.10674392,1.0,0.00040461155,0.0037904882,-26.718897,2.1376877,0.71256256,0.16800001,0.0,0.16297963,3.4549968,3.4649968,1628800
hardzero_plus_depr__c0p60__z1p10__lam0p010__nu0p50__psi1p00,hardzero_plus_depr,0.12,38,509,0.0,4,0.4426892,0.443079,0.98353535,0.10386389,0.10386389,1.0,0.00038977753,0.0037527725,-26.844696,2.163821,0.72127366,0.14400001,0.008,0.15442368,3.4649968,3.4749968,1632000
hardzero_plus_depr__c0p60__z1p10__lam0p010__nu0p50__psi1p00,hardzero_plus_depr,0.12,38,510,0.0,4,0.443079,0.44342273,1.0337621,0.092520475,0.092520475,1.0,0.0003437535,0.0037154316,-27.56044,2.274322,0.75810736,0.104,0.0,0.19386452,3.4749968,3.4849968,1635200
hardzero_plus_depr__c0p60__z1p10__lam0p010__nu0p50__psi1p00,hardzero_plus_depr,0.12,38,511,0.0,4,0.44342273,0.44379944,0.9896847,0.1024036,0.1024036,1.0,0.00037668782,0.0036784627,-27.15138,2.1773498,0.7257833,0.16800001,0.0,0.16903692,3.4849968,3.4949968,1638400
hardzero_plus_depr__c0p60__z1p10__lam0p010__nu0p50__psi1p00,hardzero_plus_depr,0.12,38,512,0.0,4,0.44379944,0.44417068,0.99164987,0.10194127,0.10194127,1.0,0.000371256,0.0036418615,-26.760698,2.1816733,0.72722447,0.16800001,0.0,0.14975928,3.4949968,3.5049968,1641600
hardzero_plus_depr__c0p60__z1p10__lam0p010__nu0p50__psi1p00,hardzero_plus_depr,0.12,38,513,0.0,4,0.44417068,0.44456375,0.9625193,0.1090136,0.1090136,1.0,0.0003930621,0.0036056244,-26.203081,2.1175847,0.70586157,0.136,0.0,0.14758416,3.5049968,3.5149968,1644800
hardzero_plus_depr__c0p60__z1p10__lam0p010__nu0p50__psi1p00,hardzero_plus_depr,0.12,38,514,0.0,4,0.44456375,0.44492117,0.99945307,0.100126006,0.100126006,1.0,0.00035742458,0.0035697478,-27.113459,2.1988406,0.7329469,0.18400002,0.0,0.15858458,3.5149968,3.5249968,1648000
hardzero_plus_depr__c0p60__z1p10__lam0p010__nu0p50__psi1p00,hardzero_plus_depr,0.12,38,515,0.0,4,0.44492117,0.44530553,0.96356994,0.108750194,0.108750194,1.0,0.00038434804,0.0035342285,-26.855597,2.1198962,0.7066321,0.14400001,0.0,0.17370027,3.5249968,3.5349967,1651200
hardzero_plus_depr__c0p60__z1p10__lam0p010__nu0p50__psi1p00,hardzero_plus_depr,0.12,38,516,0.0,4,0.44530553,0.44568273,0.9673731,0.10780201,0.10780201,1.0,0.00037720593,0.003499062,-26.792812,2.1282632,0.7094211,0.14400001,0.0,0.1369151,3.5349967,3.5449967,1654400
hardzero_plus_depr__c0p60__z1p10__lam0p010__nu0p50__psi1p00,hardzero_plus_depr,0.12,38,517,0.0,4,0.44568273,0.44604585,0.9795796,0.10481427,0.10481427,1.0,0.00036310242,0.003464246,-26.8762,2.1551182,0.71837276,0.14400001,0.0,0.12998866,3.5449967,3.5549967,1657600
hardzero_plus_depr__c0p60__z1p10__lam0p010__nu0p50__psi1p00,hardzero_plus_depr,0.12,38,518,0.0,4,0.44604585,0.4463712,1.0229131,0.09486082,0.09486082,1.0,0.00032535137,0.003429776,-27.72251,2.2504537,0.7501513,0.096,0.0,0.17316656,3.5549967,3.5649967,1660800
hardzero_plus_depr__c0p60__z1p10__lam0p010__nu0p50__psi1p00,hardzero_plus_depr,0.12,38,519,0.0,4,0.4463712,0.44669107,1.0259563,0.09419844,0.09419844,1.0,0.0003198649,0.0033956494,-27.295252,2.257149,0.752383,0.208,0.0,0.17216828,3.5649967,3.5749967,1664000
hardzero_plus_depr__c0p60__z1p10__lam0p010__nu0p50__psi1p00,hardzero_plus_depr,0.12,38,520,0.0,4,0.44669107,0.44706255,0.95664823,0.11049732,0.11049732,1.0,0.00037147672,0.003361862,-26.746305,2.1046681,0.7015561,0.16,0.0,0.18253276,3.5749967,3.5849967,1667200
hardzero_plus_depr__c0p60__z1p10__lam0p010__nu0p50__psi1p00,hardzero_plus_depr,0.12,38,521,0.0,4,0.44706255,0.44739106,1.0056756,0.098701656,0.098701656,1.0,0.00032851967,0.003328411,-27.605436,2.2125304,0.73751014,0.128,0.0,0.15120438,3.5849967,3.5949967,1670400
hardzero_plus_depr__c0p60__z1p10__lam0p010__nu0p50__psi1p00,hardzero_plus_depr,0.12,38,522,0.0,4,0.44739106,0.44776118,0.949562,0.11231505,0.11231505,1.0,0.00037011103,0.003295293,-26.849867,2.0890782,0.6963594,0.192,0.0,0.1657571,3.5949967,3.6049967,1673600
hardzero_plus_depr__c0p60__z1p10__lam0p010__nu0p50__psi1p00,hardzero_plus_depr,0.12,38,523,0.0,4,0.44776118,0.44812918,0.9476962,0.11279863,0.11279863,1.0,0.00036800603,0.0032625045,-25.372192,2.0849733,0.6949911,0.224,0.0,0.1669289,3.6049967,3.6149967,1676800
hardzero_plus_depr__c0p60__z1p10__lam0p010__nu0p50__psi1p00,hardzero_plus_depr,0.12,38,524,0.0,4,0.44812918,0.44846585,0.98197883,0.10423682,0.10423682,1.0,0.0003366893,0.0032300418,-26.81395,2.1603966,0.72013223,0.16800001,0.0,0.15199679,3.6149967,3.6249967,1680000
hardzero_plus_depr__c0p60__z1p10__lam0p010__nu0p50__psi1p00,hardzero_plus_depr,0.12,38,525,0.0,4,0.44846585,0.44882622,0.94810414,0.112692714,0.112692714,1.0,0.0003603803,0.0031979023,-26.278872,2.0858707,0.69529027,0.18400002,0.0,0.16399883,3.6249967,3.6349967,1683200
hardzero_plus_depr__c0p60__z1p10__lam0p010__nu0p50__psi1p00,hardzero_plus_depr,0.12,38,526,0.0,4,0.44882622,0.44916025,0.976745,0.105500616,0.105500616,1.0,0.00033402367,0.0031660828,-26.5676,2.148882,0.716294,0.16000001,0.0,0.14449556,3.6349967,3.6449966,1686400
hardzero_plus_depr__c0p60__z1p10__lam0p010__nu0p50__psi1p00,hardzero_plus_depr,0.12,38,527,0.0,4,0.44916025,0.44949323,0.9737631,0.10622748,0.10622748,1.0,0.0003329785,0.0031345796,-26.639925,2.1423216,0.7141072,0.17600001,0.0,0.13383758,3.6449966,3.6549966,1689600
hardzero_plus_depr__c0p60__z1p10__lam0p010__nu0p50__psi1p00,hardzero_plus_depr,0.12,38,528,0.0,4,0.44949323,0.44983163,0.96241516,0.10903975,0.10903975,1.0,0.00033839289,0.00310339,-26.348244,2.1173556,0.7057852,0.17600001,0.0,0.16467932,3.6549966,3.6649966,1692800
hardzero_plus_depr__c0p60__z1p10__lam0p010__nu0p50__psi1p00,hardzero_plus_depr,0.12,38,529,0.0,4,0.44983163,0.450163,0.96719676,0.1078458,0.1078458,1.0,0.00033135738,0.0030725107,-26.74622,2.1278753,0.7092918,0.120000005,0.0,0.12234406,3.6649966,3.6749966,1696000
hardzero_plus_depr__c0p60__z1p10__lam0p010__nu0p50__psi1p00,hardzero_plus_depr,0.12,38,530,0.0,4,0.450163,0.45050126,0.9539199,0.11119369,0.11119369,1.0,0.00033824443,0.003041939,-25.853172,2.0986657,0.6995553,0.208,0.0,0.12950915,3.6749966,3.6849966,1699200
hardzero_plus_depr__c0p60__z1p10__lam0p010__nu0p50__psi1p00,hardzero_plus_depr,0.12,38,531,0.0,4,0.45050126,0.45082596,0.96731853,0.107815556,0.107815556,1.0,0.000324705,0.0030116711,-26.524319,2.1281433,0.7093811,0.16800001,0.0,0.15291674,3.6849966,3.6949966,1702400
hardzero_plus_depr__c0p60__z1p10__lam0p010__nu0p50__psi1p00,hardzero_plus_depr,0.12,38,532,0.0,4,0.45082596,0.45115972,0.9510405,0.11193334,0.11193334,1.0,0.00033375213,0.0029817044,-26.217424,2.092331,0.69744366,0.15200001,0.0,0.16046028,3.6949966,3.7049966,1705600
hardzero_plus_depr__c0p60__z1p10__lam0p010__nu0p50__psi1p00,hardzero_plus_depr,0.12,38,533,0.0,4,0.45115972,0.4514718,0.9758321,0.105722606,0.105722606,1.0,0.00031209693,0.002952036,-27.29874,2.1468735,0.7156245,0.12,0.0,0.14457476,3.7049966,3.7149966,1708800
hardzero_plus_depr__c0p60__z1p10__lam0p010__nu0p50__psi1p00,hardzero_plus_depr,0.12,38,534,0.0,4,0.4514718,0.45178336,0.97226,0.10659578,0.10659578,1.0,0.00031154355,0.0029226632,-27.096388,2.1390147,0.71300495,0.16800001,0.0,0.16192694,3.7149966,3.7249966,1712000
hardzero_plus_depr__c0p60__z1p10__lam0p010__nu0p50__psi1p00,hardzero_plus_depr,0.12,38,535,0.0,4,0.45178336,0.4520425,1.0478979,0.08955752,0.08955752,1.0,0.00025914202,0.002893582,-27.883276,2.3054216,0.76847386,0.192,0.0,0.15340866,3.7249966,3.7349966,1715200
hardzero_plus_depr__c0p60__z1p10__lam0p010__nu0p50__psi1p00,hardzero_plus_depr,0.12,38,536,0.0,4,0.4520425,0.4523733,0.93753004,0.11547021,0.11547021,1.0,0.00033079795,0.0028647904,-25.12126,2.0626073,0.68753576,0.112,0.0,0.15405935,3.7349966,3.7449965,1718400
hardzero_plus_depr__c0p60__z1p10__lam0p010__nu0p50__psi1p00,hardzero_plus_depr,0.12,38,537,0.0,4,0.4523733,0.4527043,0.93291545,0.116703674,0.116703674,1.0,0.00033100494,0.0028362854,-25.402056,2.052455,0.68415165,0.256,0.0,0.1374206,3.7449965,3.7549965,1721600
hardzero_plus_depr__c0p60__z1p10__lam0p010__nu0p50__psi1p00,hardzero_plus_depr,0.12,38,538,0.0,4,0.4527043,0.4530217,0.9468077,0.11302964,0.11302964,1.0,0.0003173944,0.0028080638,-26.38434,2.0830185,0.6943395,0.2,0.0,0.15549535,3.7549965,3.7649965,1724800
hardzero_plus_depr__c0p60__z1p10__lam0p010__nu0p50__psi1p00,hardzero_plus_depr,0.12,38,539,0.0,4,0.4530217,0.45332038,0.9688469,0.10743679,0.10743679,1.0,0.0002986875,0.002780123,-26.070934,2.1315057,0.7105019,0.18400002,0.0,0.14985524,3.7649965,3.7749965,1728000
hardzero_plus_depr__c0p60__z1p10__lam0p010__nu0p50__psi1p00,hardzero_plus_depr,0.12,38,540,0.0,4,0.45332038,0.45362884,0.9505224,0.11206696,0.11206696,1.0,0.0003084599,0.0027524605,-26.193413,2.091191,0.6970637,0.2,0.0,0.14581785,3.7749965,3.7849965,1731200
hardzero_plus_depr__c0p60__z1p10__lam0p010__nu0p50__psi1p00,hardzero_plus_depr,0.12,38,541,0.0,4,0.45362884,0.45394906,0.9299235,0.11751046,0.11751046,1.0,0.0003202246,0.0027250731,-25.75639,2.0458724,0.6819575,0.15200001,0.0,0.15334031,3.7849965,3.7949965,1734400
hardzero_plus_depr__c0p60__z1p10__lam0p010__nu0p50__psi1p00,hardzero_plus_depr,0.12,38,542,0.0,4,0.45394906,0.4542411,0.9656065,0.1082414,0.1082414,1.0,0.00029203077,0.0026979581,-26.323416,2.1243768,0.7081256,0.2,0.0,0.15248369,3.7949965,3.8049965,1737600
hardzero_plus_depr__c0p60__z1p10__lam0p010__nu0p50__psi1p00,hardzero_plus_depr,0.12,38,543,0.0,4,0.4542411,0.45451263,0.9928751,0.10165408,0.10165408,1.0,0.00027152954,0.002671113,-27.551659,2.1843688,0.72812295,0.23200001,0.0,0.17537737,3.8049965,3.8149965,1740800
hardzero_plus_depr__c0p60__z1p10__lam0p010__nu0p50__psi1p00,hardzero_plus_depr,0.12,38,544,0.0,4,0.45451263,0.45480472,0.9568481,0.11044648,0.11044648,1.0,0.0002920796,0.0026445352,-26.491365,2.1051078,0.7017026,0.208,0.0,0.14276998,3.8149965,3.8249965,1744000
hardzero_plus_depr__c0p60__z1p10__lam0p010__nu0p50__psi1p00,hardzero_plus_depr,0.12,38,545,0.0,4,0.45480472,0.45506093,1.0094167,0.09785506,0.09785506,1.0,0.0002562062,0.0026182213,-27.329819,2.220761,0.7402537,0.192,0.0,0.15479666,3.8249965,3.8349965,1747200
hardzero_plus_depr__c0p60__z1p10__lam0p010__nu0p50__psi1p00,hardzero_plus_depr,0.12,38,546,0.0,4,0.45506093,0.45535055,0.95181525,0.11173385,0.11173385,1.0,0.00028963308,0.0025921697,-26.122484,2.0940354,0.6980118,0.14999999,0.0,0.16319229,3.8349965,3.8449965,1750400
hardzero_plus_depr__c0p60__z1p10__lam0p010__nu0p50__psi1p00,hardzero_plus_depr,0.12,38,547,0.0,4,0.45535055,0.4556124,0.9912814,0.10202781,0.10202781,1.0,0.00026184187,0.0025663774,-27.698133,2.1808627,0.7269542,0.16000001,0.0,0.15957516,3.8449965,3.8549964,1753600
hardzero_plus_depr__c0p60__z1p10__lam0p010__nu0p50__psi1p00,hardzero_plus_depr,0.12,38,548,0.0,4,0.4556124,0.45588067,0.97637457,0.10559063,0.10559063,1.0,0.000268289,0.0025408412,-26.863794,2.148067,0.7160224,0.120000005,0.008,0.140921,3.8549964,3.8649964,1756800
hardzero_plus_depr__c0p60__z1p10__lam0p010__nu0p50__psi1p00,hardzero_plus_depr,0.12,38,549,0.0,4,0.45588067,0.45614195,0.9835191,0.10386778,0.10386778,1.0,0.0002612856,0.0025155598,-26.542582,2.1637852,0.72126174,0.16000001,0.0,0.14139512,3.8649964,3.8749964,1760000
hardzero_plus_depr__c0p60__z1p10__lam0p010__nu0p50__psi1p00,hardzero_plus_depr,0.12,38,550,0.0,4,0.45614195,0.4564268,0.9416716,0.11437429,0.11437429,1.0,0.00028485252,0.0024905293,-25.53532,2.071719,0.690573,0.16800001,0.0,0.15046576,3.8749964,3.8849964,1763200
hardzero_plus_depr__c0p60__z1p10__lam0p010__nu0p50__psi1p00,hardzero_plus_depr,0.12,38,551,0.0,4,0.4564268,0.45672756,0.9137008,0.12198295,0.12198295,1.0,0.00030077924,0.0024657482,-25.882692,2.010182,0.67006063,0.16000001,0.0,0.13884969,3.8849964,3.8949964,1766400
hardzero_plus_depr__c0p60__z1p10__lam0p010__nu0p50__psi1p00,hardzero_plus_depr,0.12,38,552,0.0,4,0.45672756,0.4569657,1.0107772,0.09754898,0.09754898,1.0,0.0002381379,0.0024412137,-27.698296,2.2237544,0.74125147,0.23200001,0.0,0.1656435,3.8949964,3.9049964,1769600
hardzero_plus_depr__c0p60__z1p10__lam0p010__nu0p50__psi1p00,hardzero_plus_depr,0.12,38,553,0.0,4,0.4569657,0.4572231,0.97272384,0.10648198,0.10648198,1.0,0.00025735877,0.0024169232,-26.92888,2.1400352,0.71334505,0.16000001,0.0,0.13459481,3.9049964,3.9149964,1772800
hardzero_plus_depr__c0p60__z1p10__lam0p010__nu0p50__psi1p00,hardzero_plus_depr,0.12,38,554,0.0,4,0.4572231,0.4574545,1.0145284,0.096710056,0.096710056,1.0,0.000231415,0.0023928743,-27.975958,2.232007,0.74400234,0.120000005,0.0,0.17382391,3.9149964,3.9249964,1776000
hardzero_plus_depr__c0p60__z1p10__lam0p010__nu0p50__psi1p00,hardzero_plus_depr,0.12,38,555,0.0,4,0.4574545,0.4577121,0.9635991,0.10874291,0.10874291,1.0,0.000257619,0.0023690648,-25.992165,2.1199603,0.7066535,0.128,0.0,0.14842854,3.9249964,3.9349964,1779200
hardzero_plus_depr__c0p60__z1p10__lam0p010__nu0p50__psi1p00,hardzero_plus_depr,0.12,38,556,0.0,4,0.4577121,0.4579758,0.9491277,0.112427436,0.112427436,1.0,0.00026369773,0.0023454926,-26.023876,2.0881226,0.69604087,0.18400002,0.0,0.15256539,3.9349964,3.9449964,1782400
hardzero_plus_depr__c0p60__z1p10__lam0p010__nu0p50__psi1p00,hardzero_plus_depr,0.12,38,557,0.0,4,0.4579758,0.45823675,0.94934106,0.11237221,0.11237221,1.0,0.0002609456,0.0023221544,-26.811245,2.088592,0.6961974,0.18400002,0.0,0.16325241,3.9449964,3.9549963,1785600
hardzero_plus_depr__c0p60__z1p10__lam0p010__nu0p50__psi1p00,hardzero_plus_depr,0.12,38,558,0.0,4,0.45823675,0.45849955,0.94195217,0.114300415,0.114300415,1.0,0.00026278218,0.0022990485,-26.485039,2.0723362,0.69077873,0.18400002,0.0,0.1413913,3.9549963,3.9649963,1788800
hardzero_plus_depr__c0p60__z1p10__lam0p010__nu0p50__psi1p00,hardzero_plus_depr,0.12,38,559,0.0,4,0.45849955,0.45873985,0.9764496,0.1055724,0.1055724,1.0,0.00024030101,0.0022761726,-26.227163,2.148232,0.7160773,0.17,0.0,0.16921517,3.9649963,3.9749963,1792000
hardzero_plus_depr__c0p60__z1p10__lam0p010__nu0p50__psi1p00,hardzero_plus_depr,0.12,38,560,0.0,4,0.45873985,0.45897734,0.97723377,0.105381936,0.105381936,1.0,0.00023748075,0.0022535243,-27.369556,2.1499572,0.7166524,0.18400002,0.0,0.18734057,3.9749963,3.9849963,1795200
hardzero_plus_depr__c0p60__z1p10__lam0p010__nu0p50__psi1p00,hardzero_plus_depr,0.12,38,561,0.0,4,0.45897734,0.45921075,0.9803921,0.104618356,0.104618356,1.0,0.00023341418,0.0022311015,-26.63476,2.1569057,0.7189686,0.18400002,0.0,0.13365601,3.9849963,3.9949963,1798400
hardzero_plus_depr__c0p60__z1p10__lam0p010__nu0p50__psi1p00,hardzero_plus_depr,0.12,38,562,0.0,4,0.45921075,0.45943066,1.0019146,0.099560104,0.099560104,1.0,0.00021991847,0.0022089016,-27.31679,2.2042563,0.7347521,0.192,0.0,0.16970037,3.9949963,4.0049963,1801600
hardzero_plus_depr__c0p60__z1p10__lam0p010__nu0p50__psi1p00,hardzero_plus_depr,0.12,38,563,0.0,4,0.45943066,0.45966107,0.97732025,0.105360955,0.105360955,1.0,0.00023041628,0.0021869228,-27.756968,2.1501474,0.7167158,0.208,0.0,0.1815166,4.0049963,4.0149965,1804800
hardzero_plus_depr__c0p60__z1p10__lam0p010__nu0p50__psi1p00,hardzero_plus_depr,0.12,38,564,0.0,4,0.45966107,0.45990875,0.941604,0.11439208,0.11439208,1.0,0.00024767738,0.002165162,-26.278793,2.0715702,0.6905234,0.208,0.0,0.15833876,4.0149965,4.0249968,1808000
hardzero_plus_depr__c0p60__z1p10__lam0p010__nu0p50__psi1p00,hardzero_plus_depr,0.12,38,565,0.0,4,0.45990875,0.46012112,1.0040692,0.09906741,0.09906741,1.0,0.00021236266,0.0021436177,-27.274298,2.2089963,0.7363321,0.128,0.0,0.18324035,4.0249968,4.034997,1811200
hardzero_plus_depr__c0p60__z1p10__lam0p010__nu0p50__psi1p00,hardzero_plus_depr,0.12,38,566,0.0,4,0.46012112,0.46036068,0.9474151,0.11287165,0.11287165,1.0,0.00023954613,0.0021222879,-26.039457,2.0843549,0.694785,0.208,0.0,0.14657389,4.034997,4.044997,1814400
hardzero_plus_depr__c0p60__z1p10__lam0p010__nu0p50__psi1p00,hardzero_plus_depr,0.12,38,567,0.0,4,0.46036068,0.46057072,1.0001456,0.09996648,0.09996648,1.0,0.00021004664,0.0021011706,-27.078842,2.200364,0.7334547,0.136,0.0,0.14381132,4.044997,4.0549974,1817600
hardzero_plus_depr__c0p60__z1p10__lam0p010__nu0p50__psi1p00,hardzero_plus_depr,0.12,38,568,0.0,4,0.46057072,0.460782,0.9932837,0.1015585,0.1015585,1.0,0.00021126837,0.0020802629,-26.932749,2.1852677,0.7284226,0.15200001,0.0,0.16084191,4.0549974,4.0649977,1820800
hardzero_plus_depr__c0p60__z1p10__lam0p010__nu0p50__psi1p00,hardzero_plus_depr,0.12,38,569,0.0,4,0.460782,0.46099347,0.98849696,0.10268405,0.10268405,1.0,0.00021148432,0.0020595635,-27.137375,2.1747367,0.7249123,0.18400002,0.0,0.14251421,4.0649977,4.074998,1824000
hardzero_plus_depr__c0p60__z1p10__lam0p010__nu0p50__psi1p00,hardzero_plus_depr,0.12,38,570,0.0,4,0.46099347,0.46121538,0.96325606,0.10882881,0.10882881,1.0,0.00022190956,0.00203907,-25.22902,2.1192057,0.70640194,0.17600001,0.0,0.14293174,4.074998,4.084998,1827200
hardzero_plus_depr__c0p60__z1p10__lam0p010__nu0p50__psi1p00,hardzero_plus_depr,0.12,38,571,0.0,4,0.46121538,0.46145856,0.9191259,0.120468654,0.120468654,1.0,0.00024319976,0.0020187804,-25.090202,2.0221174,0.6740391,0.24000001,0.0,0.13623156,4.084998,4.0949984,1830400
hardzero_plus_depr__c0p60__z1p10__lam0p010__nu0p50__psi1p00,hardzero_plus_depr,0.12,38,572,0.0,4,0.46145856,0.46168104,0.9534592,0.1113117,0.1113117,1.0,0.00022247789,0.0019986928,-26.609842,2.0976522,0.69921744,0.14999999,0.0,0.17692314,4.0949984,4.1049986,1833600
hardzero_plus_depr__c0p60__z1p10__lam0p010__nu0p50__psi1p00,hardzero_plus_depr,0.12,38,573,0.0,4,0.46168104,0.46190333,0.94944674,0.11234486,0.11234486,1.0,0.00022230858,0.001978805,-26.26593,2.0888245,0.6962749,0.24800001,0.0,0.13859382,4.1049986,4.114999,1836800
hardzero_plus_depr__c0p60__z1p10__lam0p010__nu0p50__psi1p00,hardzero_plus_depr,0.12,38,574,0.0,4,0.46190333,0.46212542,0.94551563,0.113366395,0.113366395,1.0,0.0002220978,0.001959115,-26.744576,2.0801759,0.693392,0.24800001,0.008,0.16385664,4.114999,4.124999,1840000
hardzero_plus_depr__c0p60__z1p10__lam0p010__nu0p50__psi1p00,hardzero_plus_depr,0.12,38,575,0.0,4,0.46212542,0.46234417,0.94778824,0.11277473,0.11277473,1.0,0.00021874024,0.001939621,-26.628292,2.0851758,0.6950586,0.192,0.0,0.14470671,4.124999,4.1349993,1843200
hardzero_plus_depr__c0p60__z1p10__lam0p010__nu0p50__psi1p00,hardzero_plus_depr,0.12,38,576,0.0,4,0.46234417,0.462574,0.9219616,0.11968464,0.11968464,1.0,0.00022983295,0.0019203213,-25.551321,2.028356,0.67611873,0.256,0.0,0.15765952,4.1349993,4.1449995,1846400
hardzero_plus_depr__c0p60__z1p10__lam0p010__nu0p50__psi1p00,hardzero_plus_depr,0.12,38,577,0.0,4,0.462574,0.4627737,0.9786596,0.105036534,0.105036534,1.0,0.00019969685,0.0019012132,-27.826494,2.153094,0.71769804,0.2,0.0,0.15668043,4.1449995,4.1549997,1849600
hardzero_plus_depr__c0p60__z1p10__lam0p010__nu0p50__psi1p00,hardzero_plus_depr,0.12,38,578,0.0,4,0.4627737,0.4629638,0.995747,0.10098409,0.10098409,1.0,0.0001900819,0.0018822956,-27.033686,2.1906872,0.7302291,0.16000001,0.0,0.16315386,4.1549997,4.165,1852800
hardzero_plus_depr__c0p60__z1p10__lam0p010__nu0p50__psi1p00,hardzero_plus_depr,0.12,38,579,0.0,4,0.4629638,0.46317935,0.9367762,0.11567081,0.11567081,1.0,0.00021556015,0.0018635658,-25.055767,2.0609488,0.686983,0.15200001,0.0,0.14446637,4.165,4.175,1856000
hardzero_plus_depr__c0p60__z1p10__lam0p010__nu0p50__psi1p00,hardzero_plus_depr,0.12,38,580,0.0,4,0.46317935,0.46339953,0.9232187,0.11933869,0.11933869,1.0,0.00022018257,0.0018450225,-26.443045,2.0311217,0.6770406,0.264,0.0,0.14674687,4.175,4.1850004,1859200
hardzero_plus_depr__c0p60__z1p10__lam0p010__nu0p50__psi1p00,hardzero_plus_depr,0.12,38,581,0.0,4,0.46339953,0.46358076,1.0034498,0.0992088,0.0992088,1.0,0.00018122114,0.001826664,-27.228178,2.2076337,0.73587793,0.104,0.0,0.16916855,4.1850004,4.1950006,1862400
hardzero_plus_depr__c0p60__z1p10__lam0p010__nu0p50__psi1p00,hardzero_plus_depr,0.12,38,582,0.0,4,0.46358076,0.46378106,0.95564234,0.11075354,0.11075354,1.0,0.00020029646,0.001808488,-25.730984,2.1024551,0.7008184,0.17600001,0.0,0.1417667,4.1950006,4.205001,1865600
hardzero_plus_depr__c0p60__z1p10__lam0p010__nu0p50__psi1p00,hardzero_plus_depr,0.12,38,583,0.0,4,0.46378106,0.4639872,0.9387777,0.11513895,0.11513895,1.0,0.00020615544,0.0017904927,-25.361893,2.0653522,0.68845075,0.14400001,0.0,0.12096282,4.205001,4.215001,1868800
hardzero_plus_depr__c0p60__z1p10__lam0p010__nu0p50__psi1p00,hardzero_plus_depr,0.12,38,584,0.0,4,0.4639872,0.46417573,0.9732194,0.10636055,0.10636055,1.0,0.00018854285,0.0017726766,-26.609442,2.1411254,0.7137085,0.2,0.0,0.17097034,4.215001,4.2250013,1872000
hardzero_plus_depr__c0p60__z1p10__lam0p010__nu0p50__psi1p00,hardzero_plus_depr,0.12,38,585,0.0,4,0.46417573,0.46437895,0.9363207,0.11579219,0.11579219,1.0,0.00020321966,0.0017550377,-26.590761,2.0599468,0.68664896,0.14,0.0,0.14927165,4.2250013,4.2350016,1875200
hardzero_plus_depr__c0p60__z1p10__lam0p010__nu0p50__psi1p00,hardzero_plus_depr,0.12,38,586,0.0,4,0.46437895,0.4645684,0.96243465,0.109034844,0.109034844,1.0,0.00018945617,0.0017375746,-26.341084,2.1173985,0.7057995,0.23200001,0.0,0.14406106,4.2350016,4.245002,1878400
hardzero_plus_depr__c0p60__z1p10__lam0p010__nu0p50__psi1p00,hardzero_plus_depr,0.12,38,587,0.0,4,0.4645684,0.46477526,0.91994387,0.12024197,0.12024197,1.0,0.00020685047,0.001720285,-26.309368,2.023917,0.674639,0.216,0.0,0.15826146,4.245002,4.255002,1881600
hardzero_plus_depr__c0p60__z1p10__lam0p010__nu0p50__psi1p00,hardzero_plus_depr,0.12,38,588,0.0,4,0.46477526,0.464962,0.9600263,0.10964116,0.10964116,1.0,0.00018673725,0.0017031675,-26.229273,2.1121001,0.7040334,0.136,0.0,0.15534219,4.255002,4.2650023,1884800
hardzero_plus_depr__c0p60__z1p10__lam0p010__nu0p50__psi1p00,hardzero_plus_depr,0.12,38,589,0.0,4,0.464962,0.46515173,0.948805,0.112510994,0.112510994,1.0,0.00018971831,0.0016862202,-25.361897,2.0874126,0.69580424,0.208,0.0,0.14523843,4.2650023,4.2750025,1888000
hardzero_plus_depr__c0p60__z1p10__lam0p010__nu0p50__psi1p00,hardzero_plus_depr,0.12,38,590,0.0,4,0.46515173,0.46533263,0.9651062,0.108366184,0.108366184,1.0,0.00018091103,0.0016694417,-27.749746,2.123276,0.70775867,0.17600001,0.0,0.15354827,4.2750025,4.2850027,1891200
hardzero_plus_depr__c0p60__z1p10__lam0p010__nu0p50__psi1p00,hardzero_plus_depr,0.12,38,591,0.0,4,0.46533263,0.46549532,1.006851,0.09843488,0.09843488,1.0,0.00016269615,0.0016528302,-27.642626,2.2151163,0.7383721,0.112,0.0,0.15985708,4.2850027,4.295003,1894400
hardzero_plus_depr__c0p60__z1p10__lam0p010__nu0p50__psi1p00,hardzero_plus_depr,0.12,38,592,0.0,4,0.46549532,0.46566105,0.99451953,0.101269916,0.101269916,1.0,0.00016571645,0.0016363838,-26.968994,2.1879866,0.7293289,0.104,0.0,0.15247947,4.295003,4.305003,1897600
hardzero_plus_depr__c0p60__z1p10__lam0p010__nu0p50__psi1p00,hardzero_plus_depr,0.12,38,593,0.0,4,0.46566105,0.4658172,1.015992,0.09638467,0.09638467,1.0,0.0001561529,0.0016201012,-27.29649,2.235227,0.7450757,0.216,0.0,0.15800424,4.305003,4.3150034,1900800
hardzero_plus_depr__c0p60__z1p10__lam0p010__nu0p50__psi1p00,hardzero_plus_depr,0.12,38,594,0.0,4,0.4658172,0.46598428,0.98230267,0.10415912,0.10415912,1.0,0.00016706919,0.0016039804,-27.022722,2.161109,0.7203697,0.192,0.0,0.17015086,4.3150034,4.3250036,1904000
hardzero_plus_depr__c0p60__z1p10__lam0p010__nu0p50__psi1p00,hardzero_plus_depr,0.12,38,595,0.0,4,0.46598428,0.4661572,0.96299297,0.108894765,0.108894765,1.0,0.00017292709,0.0015880202,-26.37866,2.1186268,0.70620894,0.192,0.0,0.15877803,4.3250036,4.335004,1907200
hardzero_plus_depr__c0p60__z1p10__lam0p010__nu0p50__psi1p00,hardzero_plus_depr,0.12,38,596,0.0,4,0.4661572,0.46631268,1.0048168,0.098897025,0.098897025,1.0,0.00015548778,0.001572219,-27.459429,2.2106411,0.7368804,0.216,0.0,0.15635629,4.335004,4.345004,1910400
hardzero_plus_depr__c0p60__z1p10__lam0p010__nu0p50__psi1p00,hardzero_plus_depr,0.12,38,597,0.0,4,0.46631268,0.46647167,0.9907836,0.10214484,0.10214484,1.0,0.00015899607,0.0015565747,-27.051825,2.1797674,0.72658914,0.16000001,0.0,0.17509975,4.345004,4.3550043,1913600
hardzero_plus_depr__c0p60__z1p10__lam0p010__nu0p50__psi1p00,hardzero_plus_depr,0.12,38,598,0.0,4,0.46647167,0.46665442,0.9259443,0.118592076,0.118592076,1.0,0.0001827606,0.0015410861,-25.633223,2.0371182,0.6790394,0.14,0.0,0.13307744,4.3550043,4.3650045,1916800
hardzero_plus_depr__c0p60__z1p10__lam0p010__nu0p50__psi1p00,hardzero_plus_depr,0.12,38,599,0.0,4,0.46665442,0.46681723,0.97180367,0.10670784,0.10670784,1.0,0.00016280967,0.0015257517,-26.737755,2.1380107,0.71267027,0.18400002,0.0,0.14044179,4.3650045,4.375005,1920000
hardzero_plus_depr__c0p60__z1p10__lam0p010__nu0p50__psi1p00,hardzero_plus_depr,0.12,38,600,0.0,4,0.46681723,0.46698293,0.95978045,0.109703265,0.109703265,1.0,0.00016571445,0.0015105698,-26.637756,2.1115592,0.7038531,0.24800001,0.0,0.1524281,4.375005,4.385005,1923200
hardzero_plus_depr__c0p60__z1p10__lam0p010__nu0p50__psi1p00,hardzero_plus_depr,0.12,38,601,0.0,4,0.46698293,0.46713808,0.98407924,0.10373392,0.10373392,1.0,0.00015513813,0.0014955391,-27.651785,2.1650176,0.72167253,0.224,0.0,0.15874895,4.385005,4.395005,1926400
hardzero_plus_depr__c0p60__z1p10__lam0p010__nu0p50__psi1p00,hardzero_plus_depr,0.12,38,602,0.0,4,0.46713808,0.46732426,0.90056187,0.12572978,0.12572978,1.0,0.00018616281,0.001480658,-25.661415,1.9812757,0.66042525,0.256,0.008,0.12878133,4.395005,4.4050055,1929600
hardzero_plus_depr__c0p60__z1p10__lam0p010__nu0p50__psi1p00,hardzero_plus_depr,0.12,38,603,0.0,4,0.46732426,0.46748093,0.97109157,0.106882945,0.106882945,1.0,0.00015668236,0.0014659248,-26.141941,2.136444,0.7121481,0.2,0.0,0.14770854,4.4050055,4.4150057,1932800
hardzero_plus_depr__c0p60__z1p10__lam0p010__nu0p50__psi1p00,hardzero_plus_depr,0.12,38,604,0.0,4,0.46748093,0.46764025,0.9594665,0.10978259,0.10978259,1.0,0.00015933168,0.0014513383,-27.00506,2.1108685,0.7036228,0.208,0.008,0.14630169,4.4150057,4.425006,1936000
hardzero_plus_depr__c0p60__z1p10__lam0p010__nu0p50__psi1p00,hardzero_plus_depr,0.12,38,605,0.0,4,0.46764025,0.4678071,0.9350777,0.116124086,0.116124086,1.0,0.00016685831,0.0014368967,-26.83383,2.057212,0.6857374,0.18400002,0.0,0.14261003,4.425006,4.435006,1939200
hardzero_plus_depr__c0p60__z1p10__lam0p010__nu0p50__psi1p00,hardzero_plus_depr,0.12,38,606,0.0,4,0.4678071,0.46795604,0.98016125,0.104674,0.104674,1.0,0.00014890914,0.0014225992,-26.372513,2.1563978,0.7187993,0.216,0.0,0.13644002,4.435006,4.4450064,1942400
hardzero_plus_depr__c0p60__z1p10__lam0p010__nu0p50__psi1p00,hardzero_plus_depr,0.12,38,607,0.0,4,0.46795604,0.4680915,1.0170016,0.096160874,0.096160874,1.0,0.00013543718,0.0014084438,-26.936693,2.2374482,0.7458161,0.120000005,0.0,0.1635577,4.4450064,4.4550066,1945600
hardzero_plus_depr__c0p60__z1p10__lam0p010__nu0p50__psi1p00,hardzero_plus_depr,0.12,38,608,0.0,4,0.4680915,0.46825185,0.93925357,0.11501285,0.11501285,1.0,0.00016037727,0.0013944291,-25.492062,2.066399,0.68879974,0.14400001,0.0,0.16825047,4.4550066,4.465007,1948800
hardzero_plus_depr__c0p60__z1p10__lam0p010__nu0p50__psi1p00,hardzero_plus_depr,0.12,38,609,0.0,4,0.46825185,0.4683975,0.97680515,0.105486006,0.105486006,1.0,0.00014562914,0.001380554,-26.040417,2.1490142,0.7163381,0.112,0.0,0.13758154,4.465007,4.475007,1952000
hardzero_plus_depr__c0p60__z1p10__lam0p010__nu0p50__psi1p00,hardzero_plus_depr,0.12,38,610,0.0,4,0.4683975,0.46854246,0.97443706,0.106062755,0.106062755,1.0,0.00014496836,0.0013668169,-26.768139,2.1438043,0.71460146,0.2,0.0,0.16454794,4.475007,4.4850073,1955200
hardzero_plus_depr__c0p60__z1p10__lam0p010__nu0p50__psi1p00,hardzero_plus_depr,0.12,38,611,0.0,4,0.46854246,0.46869373,0.9515706,0.11179681,0.11179681,1.0,0.00015128532,0.0013532167,-26.377678,2.093497,0.69783235,0.16,0.0,0.15456605,4.4850073,4.4950075,1958400
hardzero_plus_depr__c0p60__z1p10__lam0p010__nu0p50__psi1p00,hardzero_plus_depr,0.12,38,612,0.0,4,0.46869373,0.4688514,0.9292961,0.117680326,0.117680326,1.0,0.0001576624,0.0013397516,-25.593447,2.0444922,0.68149745,0.14400001,0.0,0.14031054,4.4950075,4.5050077,1961600
hardzero_plus_depr__c0p60__z1p10__lam0p010__nu0p50__psi1p00,hardzero_plus_depr,0.12,38,613,0.0,4,0.4688514,0.468992,0.9747041,0.105997555,0.105997555,1.0,0.00014059733,0.0013264205,-26.203447,2.1443918,0.71479726,0.2,0.0,0.14137241,4.5050077,4.515008,1964800
hardzero_plus_depr__c0p60__z1p10__lam0p010__nu0p50__psi1p00,hardzero_plus_depr,0.12,38,614,0.0,4,0.468992,0.4691278,0.98542196,0.10341369,0.10341369,1.0,0.00013580515,0.0013132221,-27.093718,2.1679716,0.7226572,0.2,0.0,0.17202975,4.515008,4.525008,1968000
hardzero_plus_depr__c0p60__z1p10__lam0p010__nu0p50__psi1p00,hardzero_plus_depr,0.12,38,615,0.0,4,0.4691278,0.4692591,0.9957208,0.100990176,0.100990176,1.0,0.00013130288,0.001300155,-27.1537,2.1906295,0.7302098,0.2,0.0,0.15874279,4.525008,4.5350084,1971200
hardzero_plus_depr__c0p60__z1p10__lam0p010__nu0p50__psi1p00,hardzero_plus_depr,0.12,38,616,0.0,4,0.4692591,0.469402,0.95466256,0.11100369,0.11100369,1.0,0.00014288594,0.001287218,-27.068863,2.1002996,0.7000999,0.224,0.0,0.15658793,4.5350084,4.5450087,1974400
hardzero_plus_depr__c0p60__z1p10__lam0p010__nu0p50__psi1p00,hardzero_plus_depr,0.12,38,617,0.0,4,0.469402,0.4695482,0.9402872,0.11473946,0.11473946,1.0,0.00014622507,0.0012744096,-26.178783,2.0686731,0.68955773,0.24000001,0.0,0.1349049,4.5450087,4.555009,1977600
hardzero_plus_depr__c0p60__z1p10__lam0p010__nu0p50__psi1p00,hardzero_plus_depr,0.12,38,618,0.0,4,0.4695482,0.46968326,0.97042584,0.107046925,0.107046925,1.0,0.00013506418,0.0012617288,-26.587622,2.1349795,0.71165985,0.18400002,0.0,0.12863144,4.555009,4.565009,1980800
hardzero_plus_depr__c0p60__z1p10__lam0p010__nu0p50__psi1p00,hardzero_plus_depr,0.12,38,619,0.0,4,0.46968326,0.46982035,0.9596309,0.10974103,0.10974103,1.0,0.00013708566,0.0012491741,-26.423914,2.1112301,0.7037434,0.18400002,0.0,0.14315245,4.565009,4.5750093,1984000
hardzero_plus_depr__c0p60__z1p10__lam0p010__nu0p50__psi1p00,hardzero_plus_depr,0.12,38,620,0.0,4,0.46982035,0.469982,0.8837431,0.13069437,0.13069437,1.0,0.00016163553,0.0012367443,-25.408497,1.9442737,0.64809126,0.216,0.0,0.12224251,4.5750093,4.5850096,1987200
hardzero_plus_depr__c0p60__z1p10__lam0p010__nu0p50__psi1p00,hardzero_plus_depr,0.12,38,621,0.0,4,0.469982,0.47011358,0.96876377,0.107457355,0.107457355,1.0,0.0001315749,0.0012244382,-26.355595,2.1313229,0.710441,0.16800001,0.0,0.15959348,4.5850096,4.59501,1990400
hardzero_plus_depr__c0p60__z1p10__lam0p010__nu0p50__psi1p00,hardzero_plus_depr,0.12,38,622,0.0,4,0.47011358,0.4702417,0.97600985,0.10567936,0.10567936,1.0,0.0001281103,0.0012122546,-27.171032,2.1472645,0.71575487,0.16800001,0.0,0.15867902,4.59501,4.60501,1993600
hardzero_plus_depr__c0p60__z1p10__lam0p010__nu0p50__psi1p00,hardzero_plus_depr,0.12,38,623,0.0,4,0.4702417,0.47036928,0.9734628,0.10630094,0.10630094,1.0,0.00012758157,0.0012001923,-27.168488,2.141661,0.713887,0.17600001,0.0,0.14970231,4.60501,4.6150103,1996800
hardzero_plus_depr__c0p60__z1p10__lam0p010__nu0p50__psi1p00,hardzero_plus_depr,0.12,38,624,0.0,4,0.47036928,0.47049218,0.9853876,0.10342188,0.10342188,1.0,0.00012289104,0.0011882499,-26.680285,2.167896,0.72263205,0.22,0.0,0.14552544,4.6150103,4.6250105,2000000
hardzero_plus_depr__c0p60__z1p10__lam0p010__nu0p50__psi1p00,hardzero_plus_depr,0.12,38,625,0.0,4,0.47049218,0.47063264,0.9230337,0.11938956,0.11938956,1.0,0.000140453,0.0011764262,-25.772942,2.0307148,0.6769049,0.192,0.0,0.14074197,4.6250105,4.6350107,2003200
hardzero_plus_depr__c0p60__z1p10__lam0p010__nu0p50__psi1p00,hardzero_plus_depr,0.12,38,626,0.0,4,0.47063264,0.4707575,0.9697182,0.107221484,0.107221484,1.0,0.00012488304,0.0011647203,-26.353361,2.1334226,0.7111409,0.23200001,0.0,0.16157489,4.6350107,4.645011,2006400
hardzero_plus_depr__c0p60__z1p10__lam0p010__nu0p50__psi1p00,hardzero_plus_depr,0.12,38,627,0.0,4,0.4707575,0.47088107,0.9700185,0.10714737,0.10714737,1.0,0.00012355494,0.0011531309,-26.449001,2.1340833,0.7113611,0.128,0.0,0.1520471,4.645011,4.655011,2009600
hardzero_plus_depr__c0p60__z1p10__lam0p010__nu0p50__psi1p00,hardzero_plus_depr,0.12,38,628,0.0,4,0.47088107,0.4709957,0.9983313,0.10038498,0.10038498,1.0,0.0001146052,0.0011416569,-27.007915,2.1963727,0.73212427,0.14400001,0.0,0.19372185,4.655011,4.6650114,2012800
hardzero_plus_depr__c0p60__z1p10__lam0p010__nu0p50__psi1p00,hardzero_plus_depr,0.12,38,629,0.0,4,0.4709957,0.4711136,0.98166424,0.104312345,0.104312345,1.0,0.00011790392,0.0011302968,-26.62582,2.1597044,0.7199015,0.15200001,0.0,0.1545957,4.6650114,4.6750116,2016000
hardzero_plus_depr__c0p60__z1p10__lam0p010__nu0p50__psi1p00,hardzero_plus_depr,0.12,38,630,0.0,4,0.4711136,0.4712339,0.9685525,0.10750966,0.10750966,1.0,0.00012030868,0.00111905,-26.240273,2.130858,0.710286,0.15200001,0.0,0.16467637,4.6750116,4.685012,2019200
hardzero_plus_depr__c0p60__z1p10__lam0p010__nu0p50__psi1p00,hardzero_plus_depr,0.12,38,631,0.0,4,0.4712339,0.47133976,1.0198373,0.09553505,0.09553505,1.0,0.00010584471,0.001107915,-27.537252,2.2436867,0.7478956,0.16000001,0.0,0.1617525,4.685012,4.695012,2022400
hardzero_plus_depr__c0p60__z1p10__lam0p010__nu0p50__psi1p00,hardzero_plus_depr,0.12,38,632,0.0,4,0.47133976,0.47145325,0.9852193,0.10346195,0.10346195,1.0,0.00011348645,0.0010968907,-26.722101,2.1675258,0.7225086,0.208,0.0,0.14621511,4.695012,4.7050123,2025600
hardzero_plus_depr__c0p60__z1p10__lam0p010__nu0p50__psi1p00,hardzero_plus_depr,0.12,38,633,0.0,4,0.47145325,0.47157127,0.9638554,0.10867873,0.10867873,1.0,0.00011802253,0.0010859764,-26.083044,2.1205242,0.7068414,0.17600001,0.0,0.14009663,4.7050123,4.7150126,2028800
hardzero_plus_depr__c0p60__z1p10__lam0p010__nu0p50__psi1p00,hardzero_plus_depr,0.12,38,634,0.0,4,0.47157127,0.47168976,0.9577284,0.110222824,0.110222824,1.0,0.000118508324,0.0010751705,-25.842657,2.1070445,0.7023482,0.15200001,0.0,0.14292093,4.7150126,4.725013,2032000
hardzero_plus_depr__c0p60__z1p10__lam0p010__nu0p50__psi1p00,hardzero_plus_depr,0.12,38,635,0.0,4,0.47168976,0.47180152,0.9788399,0.10499294,0.10499294,1.0,0.00011176205,0.001064472,-26.905144,2.1534908,0.7178303,0.192,0.0,0.14743185,4.725013,4.735013,2035200
hardzero_plus_depr__c0p60__z1p10__lam0p010__nu0p50__psi1p00,hardzero_plus_depr,0.12,38,636,0.0,4,0.47180152,0.47191802,0.95649683,0.11053584,0.11053584,1.0,0.000116491516,0.0010538801,-26.494442,2.104335,0.70144504,0.216,0.0,0.14862154,4.735013,4.745013,2038400
hardzero_plus_depr__c0p60__z1p10__lam0p010__nu0p50__psi1p00,hardzero_plus_depr,0.12,38,637,0.0,4,0.47191802,0.47203383,0.95473,0.11098646,0.11098646,1.0,0.00011580256,0.0010433936,-26.20919,2.100448,0.7001493,0.11,0.0,0.13680878,4.745013,4.7550135,2041600
hardzero_plus_depr__c0p60__z1p10__lam0p010__nu0p50__psi1p00,hardzero_plus_depr,0.12,38,638,0.0,4,0.47203383,0.47213945,0.9903516,0.102246486,0.102246486,1.0,0.000105621795,0.0010330115,-26.93009,2.178817,0.72627234,0.192,0.0,0.16537341,4.7550135,4.7650137,2044800
hardzero_plus_depr__c0p60__z1p10__lam0p010__nu0p50__psi1p00,hardzero_plus_depr,0.12,38,639,0.0,4,0.47213945,0.47224313,0.9940566,0.10137793,0.10137793,1.0,0.00010368252,0.0010227327,-26.768358,2.186968,0.72898936,0.17600001,0.0,0.15430868,4.7650137,4.775014,2048000
hardzero_plus_depr__c0p60__z1p10__lam0p010__nu0p50__psi1p00,hardzero_plus_depr,0.12,38,640,0.0,4,0.47224313,0.47235537,0.9552381,0.11085669,0.11085669,1.0,0.00011224861,0.001012556,-24.920086,2.1015658,0.70052195,0.16000001,0.0,0.13890119,4.775014,4.785014,2051200
hardzero_plus_depr__c0p60__z1p10__lam0p010__nu0p50__psi1p00,hardzero_plus_depr,0.12,38,641,0.0,4,0.47235537,0.47245663,0.9956567,0.101005085,0.101005085,1.0,0.00010125564,0.0010024806,-26.208279,2.1904886,0.73016286,0.112,0.0,0.13989826,4.785014,4.7950144,2054400
hardzero_plus_depr__c0p60__z1p10__lam0p010__nu0p50__psi1p00,hardzero_plus_depr,0.12,38,642,0.0,4,0.47245663,0.4725642,0.9650951,0.10836894,0.10836894,1.0,0.00010755678,0.0009925056,-26.265343,2.1232517,0.70775056,0.2,0.0,0.14640552,4.7950144,4.8050146,2057600
hardzero_plus_depr__c0p60__z1p10__lam0p010__nu0p50__psi1p00,hardzero_plus_depr,0.12,38,643,0.0,4,0.4725642,0.47267103,0.96366423,0.108726576,0.108726576,1.0,0.00010683798,0.0009826298,-26.101513,2.1201036,0.7067012,0.216,0.0,0.14934571,4.8050146,4.815015,2060800
hardzero_plus_depr__c0p60__z1p10__lam0p010__nu0p50__psi1p00,hardzero_plus_depr,0.12,38,644,0.0,4,0.47267103,0.4727747,0.97237325,0.10656797,0.10656797,1.0,0.00010367488,0.00097285217,-26.987421,2.1392639,0.713088,0.16000001,0.0,0.14102519,4.815015,4.825015,2064000
hardzero_plus_depr__c0p60__z1p10__lam0p010__nu0p50__psi1p00,hardzero_plus_depr,0.12,38,645,0.0,4,0.4727747,0.4728768,0.9748001,0.10597414,0.10597414,1.0,0.00010207132,0.00096317194,-26.87098,2.144603,0.7148677,0.15200001,0.0,0.15892202,4.825015,4.8350153,2067200
hardzero_plus_depr__c0p60__z1p10__lam0p010__nu0p50__psi1p00,hardzero_plus_depr,0.12,38,646,0.0,4,0.4728768,0.472967,1.0240895,0.09460422,0.09460422,1.0,9.021344e-05,0.000953588,-27.437515,2.2530417,0.75101393,0.136,0.0,0.17577219,4.8350153,4.8450155,2070400
hardzero_plus_depr__c0p60__z1p10__lam0p010__nu0p50__psi1p00,hardzero_plus_depr,0.12,38,647,0.0,4,0.472967,0.47306687,0.9755639,0.10578793,0.10578793,1.0,9.987433e-05,0.00094409945,-26.953747,2.1462834,0.7154278,0.224,0.0,0.17484924,4.8450155,4.8550158,2073600
hardzero_plus_depr__c0p60__z1p10__lam0p010__nu0p50__psi1p00,hardzero_plus_depr,0.12,38,648,0.0,4,0.47306687,0.47317347,0.9429139,0.114047594,0.114047594,1.0,0.00010660089,0.0009347053,-25.805,2.074452,0.691484,0.192,0.0,0.14672537,4.8550158,4.865016,2076800
hardzero_plus_depr__c0p60__z1p10__lam0p010__nu0p50__psi1p00,hardzero_plus_depr,0.12,38,649,0.0,4,0.47317347,0.47327507,0.95948094,0.109778956,0.109778956,1.0,0.00010158995,0.00092540454,-26.056416,2.1109002,0.7036334,0.14400001,0.0,0.14769426,4.865016,4.875016,2080000
hardzero_plus_depr__c0p60__z1p10__lam0p010__nu0p50__psi1p00,hardzero_plus_depr,0.12,38,650,0.0,4,0.47327507,0.4733754,0.96044594,0.109535284,0.109535284,1.0,0.000100355835,0.00091619644,-26.048038,2.1130233,0.7043411,0.17,0.0,0.15939125,4.875016,4.8850164,2083200
hardzero_plus_depr__c0p60__z1p10__lam0p010__nu0p50__psi1p00,hardzero_plus_depr,0.12,38,651,0.0,4,0.4733754,0.4734749,0.9599606,0.10965776,0.10965776,1.0,9.946835e-05,0.0009070799,-25.972525,2.1119554,0.70398515,0.14400001,0.0,0.13090058,4.8850164,4.8950167,2086400
hardzero_plus_depr__c0p60__z1p10__lam0p010__nu0p50__psi1p00,hardzero_plus_depr,0.12,38,652,0.0,4,0.4734749,0.47357538,0.95110434,0.1119169,0.1119169,1.0,0.00010050742,0.00089805404,-26.085403,2.0924714,0.69749045,0.192,0.0,0.1477361,4.8950167,4.905017,2089600
hardzero_plus_depr__c0p60__z1p10__lam0p010__nu0p50__psi1p00,hardzero_plus_depr,0.12,38,653,0.0,4,0.47357538,0.47366408,1.0011133,0.09974398,0.09974398,1.0,8.868418e-05,0.0008891181,-27.187695,2.2024932,0.7341644,0.136,0.0,0.1638896,4.905017,4.915017,2092800
hardzero_plus_depr__c0p60__z1p10__lam0p010__nu0p50__psi1p00,hardzero_plus_depr,0.12,38,654,0.0,4,0.47366408,0.47376272,0.9505553,0.11205847,0.11205847,1.0,9.864183e-05,0.0008802711,-26.39866,2.0912635,0.6970879,0.208,0.0,0.16429868,4.915017,4.9250174,2096000
hardzero_plus_depr__c0p60__z1p10__lam0p010__nu0p50__psi1p00,hardzero_plus_depr,0.12,38,655,0.0,4,0.47376272,0.4738517,0.990982,0.10209819,0.10209819,1.0,8.8979796e-05,0.000871512,-26.774343,2.180204,0.72673464,0.16000001,0.0,0.13686587,4.9250174,4.9350176,2099200
hardzero_plus_depr__c0p60__z1p10__lam0p010__nu0p50__psi1p00,hardzero_plus_depr,0.12,38,656,0.0,4,0.4738517,0.47394142,0.98313874,0.1039588,0.1039588,1.0,8.9699824e-05,0.0008628401,-27.179317,2.1629484,0.7209828,0.2,0.0,0.16986232,4.9350176,4.945018,2102400
hardzero_plus_depr__c0p60__z1p10__lam0p010__nu0p50__psi1p00,hardzero_plus_depr,0.12,38,657,0.0,4,0.47394142,0.4740335,0.9673622,0.107804716,0.107804716,1.0,9.209266e-05,0.00085425447,-26.083233,2.1282394,0.7094132,0.17600001,0.0,0.13162099,4.945018,4.955018,2105600
hardzero_plus_depr__c0p60__z1p10__lam0p010__nu0p50__psi1p00,hardzero_plus_depr,0.12,38,658,0.0,4,0.4740335,0.47412097,0.98539,0.10342131,0.10342131,1.0,8.746902e-05,0.0008457544,-26.620014,2.1679013,0.7226338,0.136,0.0,0.13954312,4.955018,4.9650183,2108800
hardzero_plus_depr__c0p60__z1p10__lam0p010__nu0p50__psi1p00,hardzero_plus_depr,0.12,38,659,0.0,4,0.47412097,0.47421634,0.94345844,0.11390468,0.11390468,1.0,9.53768e-05,0.0008373388,-26.636986,2.07565,0.6918833,0.224,0.0,0.15292837,4.9650183,4.9750185,2112000
hardzero_plus_depr__c0p60__z1p10__lam0p010__nu0p50__psi1p00,hardzero_plus_depr,0.12,38,660,0.0,4,0.47421634,0.47431138,0.94062424,0.11465045,0.11465045,1.0,9.5046016e-05,0.0008290069,-26.597134,2.0694146,0.6898049,0.17600001,0.0,0.14516321,4.9750185,4.9850187,2115200
hardzero_plus_depr__c0p60__z1p10__lam0p010__nu0p50__psi1p00,hardzero_plus_depr,0.12,38,661,0.0,4,0.47431138,0.47440004,0.9664961,0.108019926,0.108019926,1.0,8.865821e-05,0.00082075794,-26.277737,2.126334,0.708778,0.23200001,0.0,0.13069613,4.9850187,4.995019,2118400
hardzero_plus_depr__c0p60__z1p10__lam0p010__nu0p50__psi1p00,hardzero_plus_depr,0.12,38,662,0.0,4,0.47440004,0.47448683,0.97136825,0.10681487,0.10681487,1.0,8.6796805e-05,0.00081259105,-26.857805,2.1370528,0.71235096,0.17600001,0.0,0.13934508,4.995019,5.005019,2121600
hardzero_plus_depr__c0p60__z1p10__lam0p010__nu0p50__psi1p00,hardzero_plus_depr,0.12,38,663,0.0,4,0.47448683,0.47456902,0.99067336,0.10217075,0.10217075,1.0,8.219694e-05,0.00080450554,-26.747238,2.179525,0.7265083,0.22,0.0,0.15656579,5.005019,5.0150194,2124800
hardzero_plus_depr__c0p60__z1p10__lam0p010__nu0p50__psi1p00,hardzero_plus_depr,0.12,38,664,0.0,4,0.47456902,0.47465327,0.9756095,0.10577681,0.10577681,1.0,8.425127e-05,0.00079650036,-26.358076,2.1463838,0.71546125,0.192,0.0,0.15394282,5.0150194,5.0250196,2128000
hardzero_plus_depr__c0p60__z1p10__lam0p010__nu0p50__psi1p00,hardzero_plus_depr,0.12,38,665,0.0,4,0.47465327,0.47473237,0.998713,0.100296766,0.100296766,1.0,7.909151e-05,0.00078857486,-27.264927,2.1972125,0.7324042,0.18400002,0.0,0.17933121,5.0250196,5.03502,2131200
hardzero_plus_depr__c0p60__z1p10__lam0p010__nu0p50__psi1p00,hardzero_plus_depr,0.12,38,666,0.0,4,0.47473237,0.47481686,0.96569747,0.10821875,0.10821875,1.0,8.448944e-05,0.00078072824,-26.390646,2.1245768,0.7081923,0.16000001,0.0,0.14359628,5.03502,5.04502,2134400
hardzero_plus_depr__c0p60__z1p10__lam0p010__nu0p50__psi1p00,hardzero_plus_depr,0.12,38,667,0.0,4,0.47481686,0.4749012,0.96212274,0.109113194,0.109113194,1.0,8.43401e-05,0.00077295967,-25.688915,2.1167123,0.7055708,0.14400001,0.0,0.13852166,5.04502,5.0550203,2137600
hardzero_plus_depr__c0p60__z1p10__lam0p010__nu0p50__psi1p00,hardzero_plus_depr,0.12,38,668,0.0,4,0.4749012,0.4749828,0.9720698,0.10664247,0.10664247,1.0,8.161012e-05,0.00076526846,-26.514826,2.1385963,0.7128655,0.17600001,0.0,0.14302051,5.0550203,5.0650206,2140800
hardzero_plus_depr__c0p60__z1p10__lam0p010__nu0p50__psi1p00,hardzero_plus_depr,0.12,38,669,0.0,4,0.4749828,0.47506353,0.97248745,0.10653996,0.10653996,1.0,8.07204e-05,0.00075765373,-27.241486,2.1395152,0.7131717,0.17600001,0.0,0.14417991,5.0650206,5.075021,2144000
hardzero_plus_depr__c0p60__z1p10__lam0p010__nu0p50__psi1p00,hardzero_plus_depr,0.12,38,670,0.0,4,0.47506353,0.47514609,0.95845747,0.11003795,0.11003795,1.0,8.25411e-05,0.0007501148,-27.11043,2.1086485,0.7028829,0.16800001,0.0,0.16172236,5.075021,5.085021,2147200
hardzero_plus_depr__c0p60__z1p10__lam0p010__nu0p50__psi1p00,hardzero_plus_depr,0.12,38,671,0.0,4,0.47514609,0.47522536,0.9716853,0.10673692,0.10673692,1.0,7.926826e-05,0.0007426508,-26.400906,2.1377504,0.7125835,0.208,0.0,0.1502844,5.085021,5.0950212,2150400
hardzero_plus_depr__c0p60__z1p10__lam0p010__nu0p50__psi1p00,hardzero_plus_depr,0.12,38,672,0.0,4,0.47522536,0.4753061,0.9594118,0.10979642,0.10979642,1.0,8.072904e-05,0.0007352611,-26.419847,2.110748,0.7035827,0.2,0.0,0.18001862,5.0950212,5.1050215,2153600
hardzero_plus_depr__c0p60__z1p10__lam0p010__nu0p50__psi1p00,hardzero_plus_depr,0.12,38,673,0.0,4,0.4753061,0.47537634,1.0155631,0.09647989,0.09647989,1.0,7.0232054e-05,0.000727945,-27.383396,2.2342834,0.74476117,0.2,0.0,0.17077158,5.1050215,5.1150217,2156800
hardzero_plus_depr__c0p60__z1p10__lam0p010__nu0p50__psi1p00,hardzero_plus_depr,0.12,38,674,0.0,4,0.47537634,0.47544986,0.9913708,0.10200682,0.10200682,1.0,7.3516494e-05,0.0007207017,-27.694748,2.1810594,0.7270198,0.2,0.0,0.1772267,5.1150217,5.125022,2160000
hardzero_plus_depr__c0p60__z1p10__lam0p010__nu0p50__psi1p00,hardzero_plus_depr,0.12,38,675,0.0,4,0.47544986,0.4755308,0.9453106,0.11341993,0.11341993,1.0,8.092857e-05,0.00071353046,-25.570904,2.0797248,0.6932416,0.17600001,0.0,0.14934601,5.125022,5.135022,2163200
hardzero_plus_depr__c0p60__z1p10__lam0p010__nu0p50__psi1p00,hardzero_plus_depr,0.12,38,676,0.0,4,0.4755308,0.47560468,0.9805567,0.104578696,0.104578696,1.0,7.387758e-05,0.00070643047,-26.359716,2.1572678,0.71908927,0.24,0.0,0.19750828,5.135022,5.1450224,2166400
hardzero_plus_depr__c0p60__z1p10__lam0p010__nu0p50__psi1p00,hardzero_plus_depr,0.12,38,677,0.0,4,0.47560468,0.47568834,0.92228925,0.119594365,0.119594365,1.0,8.3644445e-05,0.00069940125,-25.863083,2.0290768,0.67635894,0.24000001,0.0,0.146642,5.1450224,5.1550226,2169600
hardzero_plus_depr__c0p60__z1p10__lam0p010__nu0p50__psi1p00,hardzero_plus_depr,0.12,38,678,0.0,4,0.47568834,0.47576642,0.94777536,0.11277806,0.11277806,1.0,7.809226e-05,0.00069244194,-25.659716,2.0851474,0.69504917,0.18400002,0.0,0.15000716,5.1550226,5.165023,2172800
hardzero_plus_depr__c0p60__z1p10__lam0p010__nu0p50__psi1p00,hardzero_plus_depr,0.12,38,679,0.0,4,0.47576642,0.47583777,0.9827489,0.10405214,0.10405214,1.0,7.133315e-05,0.0006855519,-26.616545,2.1620908,0.7206969,0.192,0.0,0.16580287,5.165023,5.175023,2176000
hardzero_plus_depr__c0p60__z1p10__lam0p010__nu0p50__psi1p00,hardzero_plus_depr,0.12,38,680,0.0,4,0.47583777,0.47591424,0.9481713,0.11267529,0.11267529,1.0,7.647614e-05,0.0006787304,-25.709646,2.0860186,0.69533956,0.17600001,0.0,0.12502265,5.175023,5.1850233,2179200
hardzero_plus_depr__c0p60__z1p10__lam0p010__nu0p50__psi1p00,hardzero_plus_depr,0.12,38,681,0.0,4,0.47591424,0.47598517,0.9765936,0.1055374,0.1055374,1.0,7.091867e-05,0.0006719767,-26.463636,2.1485488,0.71618295,0.16000001,0.0,0.15362793,5.1850233,5.1950235,2182400
hardzero_plus_depr__c0p60__z1p10__lam0p010__nu0p50__psi1p00,hardzero_plus_depr,0.12,38,682,0.0,4,0.47598517,0.47605923,0.95349306,0.11130301,0.11130301,1.0,7.40488e-05,0.0006652902,-26.386982,2.0977266,0.69924223,0.192,0.0,0.15390308,5.1950235,5.205024,2185600
hardzero_plus_depr__c0p60__z1p10__lam0p010__nu0p50__psi1p00,hardzero_plus_depr,0.12,38,683,0.0,4,0.47605923,0.4761406,0.90833294,0.123500034,0.123500034,1.0,8.134582e-05,0.0006586704,-26.732723,1.9983724,0.66612417,0.2,0.0,0.15735804,5.205024,5.215024,2188800
hardzero_plus_depr__c0p60__z1p10__lam0p010__nu0p50__psi1p00,hardzero_plus_depr,0.12,38,684,0.0,4,0.4761406,0.47621313,0.9538082,0.11122229,0.11122229,1.0,7.2529874e-05,0.0006521164,-26.389835,2.09842,0.6994733,0.312,0.008,0.17629674,5.215024,5.225024,2192000
hardzero_plus_depr__c0p60__z1p10__lam0p010__nu0p50__psi1p00,hardzero_plus_depr,0.12,38,685,0.0,4,0.47621313,0.4762814,0.97570574,0.105753385,0.105753385,1.0,6.82773e-05,0.00064562756,-26.705383,2.1465955,0.7155318,0.208,0.0,0.18222778,5.225024,5.2350245,2195200
hardzero_plus_depr__c0p60__z1p10__lam0p010__nu0p50__psi1p00,hardzero_plus_depr,0.12,38,686,0.0,4,0.4762814,0.47634894,0.9761406,0.105647534,0.105647534,1.0,6.753025e-05,0.0006392033,-26.840986,2.1475523,0.7158508,0.14400001,0.0,0.18354337,5.2350245,5.2450247,2198400
hardzero_plus_depr__c0p60__z1p10__lam0p010__nu0p50__psi1p00,hardzero_plus_depr,0.12,38,687,0.0,4,0.47634894,0.47641167,1.0038593,0.0991153,0.0991153,1.0,6.2724415e-05,0.00063284294,-27.204533,2.2085345,0.73617816,0.120000005,0.0,0.14932077,5.2450247,5.255025,2201600
hardzero_plus_depr__c0p60__z1p10__lam0p010__nu0p50__psi1p00,hardzero_plus_depr,0.12,38,688,0.0,4,0.47641167,0.47647914,0.9678786,0.1076766,0.1076766,1.0,6.7464345e-05,0.000626546,-26.253962,2.1293755,0.70979184,0.14400001,0.0,0.1541859,5.255025,5.265025,2204800
hardzero_plus_depr__c0p60__z1p10__lam0p010__nu0p50__psi1p00,hardzero_plus_depr,0.12,38,689,0.0,4,0.47647914,0.47654426,0.97881097,0.10499992,0.10499992,1.0,6.513266e-05,0.00062031153,-27.16401,2.1534271,0.7178091,0.13,0.0,0.16737084,5.265025,5.2750254,2208000
hardzero_plus_depr__c0p60__z1p10__lam0p010__nu0p50__psi1p00,hardzero_plus_depr,0.12,38,690,0.0,4,0.47654426,0.47661287,0.9519597,0.11169669,0.11169669,1.0,6.8597314e-05,0.0006141392,-26.382002,2.0943532,0.69811773,0.17600001,0.0,0.14434703,5.2750254,5.2850256,2211200
hardzero_plus_depr__c0p60__z1p10__lam0p010__nu0p50__psi1p00,hardzero_plus_depr,0.12,38,691,0.0,4,0.47661287,0.47667795,0.9704666,0.107036866,0.107036866,1.0,6.508144e-05,0.00060802826,-26.47402,2.1350691,0.7116897,0.16800001,0.0,0.1629922,5.2850256,5.295026,2214400
hardzero_plus_depr__c0p60__z1p10__lam0p010__nu0p50__psi1p00,hardzero_plus_depr,0.12,38,692,0.0,4,0.47667795,0.47673512,1.0225747,0.094934784,0.094934784,1.0,5.7148667e-05,0.00060197816,-27.593517,2.2497091,0.7499031,0.17600001,0.0,0.14456263,5.295026,5.305026,2217600
hardzero_plus_depr__c0p60__z1p10__lam0p010__nu0p50__psi1p00,hardzero_plus_depr,0.12,38,693,0.0,4,0.47673512,0.47679546,0.99450237,0.101273924,0.101273924,1.0,6.0358074e-05,0.0005959883,-26.699894,2.187949,0.72931635,0.2,0.0,0.17513047,5.305026,5.3150263,2220800
hardzero_plus_depr__c0p60__z1p10__lam0p010__nu0p50__psi1p00,hardzero_plus_depr,0.12,38,694,0.0,4,0.47679546,0.476858,0.97487235,0.1059565,0.1059565,1.0,6.252048e-05,0.0005900579,-26.72188,2.144762,0.7149207,0.17600001,0.0,0.1462466,5.3150263,5.3250265,2224000
hardzero_plus_depr__c0p60__z1p10__lam0p010__nu0p50__psi1p00,hardzero_plus_depr,0.12,38,695,0.0,4,0.476858,0.4769178,0.9898455,0.102365695,0.102365695,1.0,5.980067e-05,0.00058418664,-26.718155,2.1777036,0.72590125,0.18400002,0.0,0.14749207,5.3250265,5.3350267,2227200
hardzero_plus_depr__c0p60__z1p10__lam0p010__nu0p50__psi1p00,hardzero_plus_depr,0.12,38,696,0.0,4,0.4769178,0.47698355,0.94437283,0.113665104,0.113665104,1.0,6.574091e-05,0.0005783737,-26.090467,2.0776618,0.69255394,0.096,0.0,0.1450327,5.3350267,5.345027,2230400
hardzero_plus_depr__c0p60__z1p10__lam0p010__nu0p50__psi1p00,hardzero_plus_depr,0.12,38,697,0.0,4,0.47698355,0.47705054,0.93179476,0.11700522,0.11700522,1.0,6.6999375e-05,0.0005726187,-26.244528,2.0499895,0.6833298,0.16000001,0.0,0.15108114,5.345027,5.355027,2233600
hardzero_plus_depr__c0p60__z1p10__lam0p010__nu0p50__psi1p00,hardzero_plus_depr,0.12,38,698,0.0,4,0.47705054,0.47711676,0.9325084,0.11681309,0.11681309,1.0,6.622379e-05,0.0005669209,-26.113134,2.0515594,0.68385315,0.224,0.0,0.1451151,5.355027,5.3650274,2236800
hardzero_plus_depr__c0p60__z1p10__lam0p010__nu0p50__psi1p00,hardzero_plus_depr,0.12,38,699,0.0,4,0.47711676,0.47717744,0.96620774,0.10809168,0.10809168,1.0,6.066968e-05,0.0005612798,-27.111914,2.1256995,0.70856655,0.2,0.0,0.16087942,5.3650274,5.3750277,2240000
hardzero_plus_depr__c0p60__z1p10__lam0p010__nu0p50__psi1p00,hardzero_plus_depr,0.12,38,700,0.0,4,0.47717744,0.47724268,0.9302968,0.1174095,0.1174095,1.0,6.5243854e-05,0.00055569486,-25.075302,2.0466938,0.6822313,0.16800001,0.0,0.1431203,5.3750277,5.385028,2243200
hardzero_plus_depr__c0p60__z1p10__lam0p010__nu0p50__psi1p00,hardzero_plus_depr,0.12,38,701,0.0,4,0.47724268,0.47729656,1.0090237,0.09794366,0.09794366,1.0,5.3885222e-05,0.0005501655,-27.057209,2.2198963,0.73996544,0.120000005,0.0,0.16059926,5.385028,5.395028,2246400
hardzero_plus_depr__c0p60__z1p10__lam0p010__nu0p50__psi1p00,hardzero_plus_depr,0.12,38,702,0.0,4,0.47729656,0.47736055,0.9300794,0.11746827,0.11746827,1.0,6.398392e-05,0.0005446911,-26.300566,2.0462155,0.68207186,0.17999999,0.0,0.165971,5.395028,5.4050283,2249600
hardzero_plus_depr__c0p60__z1p10__lam0p010__nu0p50__psi1p00,hardzero_plus_depr,0.12,38,703,0.0,4,0.47736055,0.47742006,0.9572338,0.11034844,0.11034844,1.0,5.950774e-05,0.0005392712,-26.038582,2.1059563,0.7019855,0.18400002,0.0,0.14024186,5.4050283,5.4150286,2252800
hardzero_plus_depr__c0p60__z1p10__lam0p010__nu0p50__psi1p00,hardzero_plus_depr,0.12,38,704,0.0,4,0.47742006,0.47747925,0.9551675,0.11087471,0.11087471,1.0,5.9196595e-05,0.0005339053,-25.514719,2.1014104,0.70047015,0.208,0.0,0.1342764,5.4150286,5.425029,2256000
hardzero_plus_depr__c0p60__z1p10__lam0p010__nu0p50__psi1p00,hardzero_plus_depr,0.12,38,705,0.0,4,0.47747925,0.47753957,0.9427405,0.11409312,0.11409312,1.0,6.0308786e-05,0.0005285927,-26.726244,2.0740705,0.69135684,0.15200001,0.0,0.15073246,5.425029,5.435029,2259200
hardzero_plus_depr__c0p60__z1p10__lam0p010__nu0p50__psi1p00,hardzero_plus_depr,0.12,38,706,0.0,4,0.47753957,0.4775883,1.0309678,0.09311769,0.09311769,1.0,4.873156e-05,0.000523333,-28.075417,2.2681746,0.7560582,0.17600001,0.0,0.1862518,5.435029,5.4450293,2262400
hardzero_plus_depr__c0p60__z1p10__lam0p010__nu0p50__psi1p00,hardzero_plus_depr,0.12,38,707,0.0,4,0.4775883,0.4776466,0.9487974,0.11251295,0.11251295,1.0,5.8295842e-05,0.0005181256,-26.067106,2.087396,0.69579864,0.208,0.0,0.1422871,5.4450293,5.4550295,2265600
hardzero_plus_depr__c0p60__z1p10__lam0p010__nu0p50__psi1p00,hardzero_plus_depr,0.12,38,708,0.0,4,0.4776466,0.47770134,0.97176313,0.10671779,0.10671779,1.0,5.474303e-05,0.0005129701,-27.671982,2.1379216,0.7126405,0.2,0.0,0.1803103,5.4550295,5.4650297,2268800
hardzero_plus_depr__c0p60__z1p10__lam0p010__nu0p50__psi1p00,hardzero_plus_depr,0.12,38,709,0.0,4,0.47770134,0.47775444,0.980518,0.10458803,0.10458803,1.0,5.311669e-05,0.00050786586,-26.41061,2.1571827,0.7190609,0.192,0.0,0.13926156,5.4650297,5.47503,2272000
hardzero_plus_depr__c0p60__z1p10__lam0p010__nu0p50__psi1p00,hardzero_plus_depr,0.12,38,710,0.0,4,0.47775444,0.47780988,0.9577587,0.11021513,0.11021513,1.0,5.541753e-05,0.0005028124,-26.588768,2.1071112,0.7023704,0.16000001,0.0,0.1411262,5.47503,5.48503,2275200
hardzero_plus_depr__c0p60__z1p10__lam0p010__nu0p50__psi1p00,hardzero_plus_depr,0.12,38,711,0.0,4,0.47780988,0.47787163,0.90633756,0.12406876,0.12406876,1.0,6.176257e-05,0.0004978092,-25.298798,1.9939824,0.6646608,0.192,0.0,0.13332967,5.48503,5.4950304,2278400
hardzero_plus_depr__c0p60__z1p10__lam0p010__nu0p50__psi1p00,hardzero_plus_depr,0.12,38,712,0.0,4,0.47787163,0.47793466,0.89315647,0.12789203,0.12789203,1.0,6.303233e-05,0.0004928558,-25.674114,1.9649835,0.6549945,0.264,0.0,0.1512508,5.4950304,5.5050306,2281600
hardzero_plus_depr__c0p60__z1p10__lam0p010__nu0p50__psi1p00,hardzero_plus_depr,0.12,38,713,0.0,4,0.47793466,0.47798568,0.98059833,0.104568675,0.104568675,1.0,5.1024457e-05,0.00048795165,-26.576618,2.1573594,0.7191198,0.18400002,0.0,0.15287597,5.5050306,5.515031,2284800
hardzero_plus_depr__c0p60__z1p10__lam0p010__nu0p50__psi1p00,hardzero_plus_depr,0.12,38,714,0.0,4,0.47798568,0.47803742,0.97021043,0.10710002,0.10710002,1.0,5.1739633e-05,0.0004830964,-26.756887,2.1345055,0.71150184,0.120000005,0.0,0.125981,5.515031,5.525031,2288000
hardzero_plus_depr__c0p60__z1p10__lam0p010__nu0p50__psi1p00,hardzero_plus_depr,0.12,38,715,0.0,4,0.47803742,0.47808895,0.9677452,0.107709706,0.107709706,1.0,5.151641e-05,0.00047828938,-26.968569,2.129082,0.709694,0.17999999,0.0,0.16301563,5.525031,5.5350313,2291200
hardzero_plus_depr__c0p60__z1p10__lam0p010__nu0p50__psi1p00,hardzero_plus_depr,0.12,38,716,0.0,4,0.47808895,0.47814277,0.9444939,0.11363343,0.11363343,1.0,5.380886e-05,0.00047353018,-25.918432,2.077928,0.6926427,0.16800001,0.0,0.13509041,5.5350313,5.5450315,2294400
hardzero_plus_depr__c0p60__z1p10__lam0p010__nu0p50__psi1p00,hardzero_plus_depr,0.12,38,717,0.0,4,0.47814277,0.47819257,0.973811,0.10621578,0.10621578,1.0,4.979591e-05,0.00046881838,-26.467207,2.142427,0.7141423,0.15200001,0.0,0.168375,5.5450315,5.555032,2297600
hardzero_plus_depr__c0p60__z1p10__lam0p010__nu0p50__psi1p00,hardzero_plus_depr,0.12,38,718,0.0,4,0.47819257,0.47823808,1.0085679,0.09804648,0.09804648,1.0,4.5508616e-05,0.00046415348,-27.50952,2.2188938,0.7396313,0.18400002,0.0,0.17203984,5.555032,5.565032,2300800
hardzero_plus_depr__c0p60__z1p10__lam0p010__nu0p50__psi1p00,hardzero_plus_depr,0.12,38,719,0.0,4,0.47823808,0.47828585,0.9830637,0.10397675,0.10397675,1.0,4.778095e-05,0.00045953496,-27.140322,2.1627834,0.72092783,0.128,0.0,0.161421,5.565032,5.575032,2304000
hardzero_plus_depr__c0p60__z1p10__lam0p010__nu0p50__psi1p00,hardzero_plus_depr,0.12,38,720,0.0,4,0.47828585,0.47834584,0.8799533,0.13183984,0.13183984,1.0,5.9982172e-05,0.0004549624,-25.055008,1.935936,0.645312,0.18400002,0.0,0.13928473,5.575032,5.5850325,2307200
hardzero_plus_depr__c0p60__z1p10__lam0p010__nu0p50__psi1p00,hardzero_plus_depr,0.12,38,721,0.0,4,0.47834584,0.47839764,0.9394117,0.11497099,0.11497099,1.0,5.1786996e-05,0.00045043533,-25.467482,2.066747,0.68891567,0.16000001,0.0,0.14466724,5.5850325,5.5950327,2310400
hardzero_plus_depr__c0p60__z1p10__lam0p010__nu0p50__psi1p00,hardzero_plus_depr,0.12,38,722,0.0,4,0.47839764,0.47844318,0.99089444,0.10211876,0.10211876,1.0,4.55402e-05,0.0004459533,-26.842733,2.1800113,0.72667044,0.128,0.0,0.16453318,5.5950327,5.605033,2313600
hardzero_plus_depr__c0p60__z1p10__lam0p010__nu0p50__psi1p00,hardzero_plus_depr,0.12,38,723,0.0,4,0.47844318,0.47848907,0.9831114,0.10396534,0.10396534,1.0,4.5902358e-05,0.00044151596,-27.139322,2.1628883,0.72096276,0.16000001,0.0,0.16276342,5.605033,5.615033,2316800
hardzero_plus_depr__c0p60__z1p10__lam0p010__nu0p50__psi1p00,hardzero_plus_depr,0.12,38,724,0.0,4,0.47848907,0.47853255,1.0024046,0.09944785,0.09944785,1.0,4.3470907e-05,0.00043712265,-27.127485,2.2053342,0.7351114,0.15200001,0.0,0.14440177,5.615033,5.6250334,2320000
hardzero_plus_depr__c0p60__z1p10__lam0p010__nu0p50__psi1p00,hardzero_plus_depr,0.12,38,725,0.0,4,0.47853255,0.47858238,0.9387698,0.11514104,0.11514104,1.0,4.9829952e-05,0.00043277314,-26.103365,2.0653348,0.688445,0.23200001,0.0,0.1285663,5.6250334,5.6350336,2323200
hardzero_plus_depr__c0p60__z1p10__lam0p010__nu0p50__psi1p00,hardzero_plus_depr,0.12,38,726,0.0,4,0.47858238,0.4786238,1.0146313,0.096687146,0.096687146,1.0,4.142724e-05,0.00042846688,-27.626848,2.2322333,0.7440778,0.24000001,0.0,0.1518453,5.6350336,5.645034,2326400
hardzero_plus_depr__c0p60__z1p10__lam0p010__nu0p50__psi1p00,hardzero_plus_depr,0.12,38,727,0.0,4,0.4786238,0.4786674,0.98819864,0.10275463,0.10275463,1.0,4.358887e-05,0.00042420343,-27.132486,2.1740804,0.7246935,0.14400001,0.0,0.16918139,5.645034,5.655034,2329600
hardzero_plus_depr__c0p60__z1p10__lam0p010__nu0p50__psi1p00,hardzero_plus_depr,0.12,38,728,0.0,4,0.4786674,0.47871086,0.9853642,0.103427455,0.103427455,1.0,4.3437718e-05,0.00041998248,-27.399624,2.1678445,0.7226149,0.19,0.0,0.1638557,5.655034,5.6650343,2332800
hardzero_plus_depr__c0p60__z1p10__lam0p010__nu0p50__psi1p00,hardzero_plus_depr,0.12,38,729,0.0,4,0.47871086,0.4787561,0.9632637,0.10882691,0.10882691,1.0,4.5250606e-05,0.00041580346,-26.440193,2.1192224,0.7064075,0.23200001,0.0,0.13920966,5.6650343,5.6750345,2336000
hardzero_plus_depr__c0p60__z1p10__lam0p010__nu0p50__psi1p00,hardzero_plus_depr,0.12,38,730,0.0,4,0.4787561,0.47880298,0.94347703,0.11389979,0.11389979,1.0,4.688868e-05,0.0004116661,-26.153952,2.075691,0.69189703,0.192,0.0,0.13810407,5.6750345,5.6850348,2339200
hardzero_plus_depr__c0p60__z1p10__lam0p010__nu0p50__psi1p00,hardzero_plus_depr,0.12,38,731,0.0,4,0.47880298,0.4788509,0.9295537,0.11761055,0.11761055,1.0,4.793451e-05,0.0004075698,-26.178171,2.045059,0.68168634,0.15200001,0.0,0.13783969,5.6850348,5.695035,2342400
hardzero_plus_depr__c0p60__z1p10__lam0p010__nu0p50__psi1p00,hardzero_plus_depr,0.12,38,732,0.0,4,0.4788509,0.4788905,1.0082399,0.09812059,0.09812059,1.0,3.9593066e-05,0.00040351434,-27.760601,2.218172,0.73939073,0.104,0.0,0.16264105,5.695035,5.705035,2345600
hardzero_plus_depr__c0p60__z1p10__lam0p010__nu0p50__psi1p00,hardzero_plus_depr,0.12,38,733,0.0,4,0.4788905,0.4789362,0.94160765,0.11439112,0.11439112,1.0,4.5699162e-05,0.0003994992,-25.583963,2.0715783,0.6905261,0.28800002,0.008,0.15647462,5.705035,5.7150354,2348800
hardzero_plus_depr__c0p60__z1p10__lam0p010__nu0p50__psi1p00,hardzero_plus_depr,0.12,38,734,0.0,4,0.4789362,0.47897872,0.96860534,0.1074966,0.1074966,1.0,4.2517488e-05,0.00039552402,-26.880013,2.1309743,0.71032476,0.128,0.0,0.17665732,5.7150354,5.7250357,2352000
hardzero_plus_depr__c0p60__z1p10__lam0p010__nu0p50__psi1p00,hardzero_plus_depr,0.12,38,735,0.0,4,0.47897872,0.47902,0.9772034,0.1053893,0.1053893,1.0,4.1269228e-05,0.00039158843,-27.242014,2.1498904,0.71663016,0.16000001,0.0,0.17725778,5.7250357,5.735036,2355200
hardzero_plus_depr__c0p60__z1p10__lam0p010__nu0p50__psi1p00,hardzero_plus_depr,0.12,38,736,0.0,4,0.47902,0.479063,0.95487344,0.11094981,0.11094981,1.0,4.301435e-05,0.00038769195,-26.368172,2.1007636,0.70025456,0.216,0.0,0.15353605,5.735036,5.745036,2358400
hardzero_plus_depr__c0p60__z1p10__lam0p010__nu0p50__psi1p00,hardzero_plus_depr,0.12,38,737,0.0,4,0.479063,0.47910586,0.95216787,0.11164316,0.11164316,1.0,4.285247e-05,0.00038383427,-26.366768,2.0948112,0.69827044,0.224,0.0,0.16009335,5.745036,5.7550364,2361600
hardzero_plus_depr__c0p60__z1p10__lam0p010__nu0p50__psi1p00,hardzero_plus_depr,0.12,38,738,0.0,4,0.47910586,0.47914952,0.9396617,0.114904836,0.114904836,1.0,4.366556e-05,0.000380015,-26.61285,2.067297,0.689099,0.23200001,0.0,0.16609485,5.7550364,5.7650366,2364800
hardzero_plus_depr__c0p60__z1p10__lam0p010__nu0p50__psi1p00,hardzero_plus_depr,0.12,38,739,0.0,4,0.47914952,0.47919384,0.9288699,0.11779588,0.11779588,1.0,4.4318782e-05,0.00037623371,-25.564499,2.0435545,0.6811849,0.192,0.0,0.1460965,5.7650366,5.775037,2368000
hardzero_plus_depr__c0p60__z1p10__lam0p010__nu0p50__psi1p00,hardzero_plus_depr,0.12,38,740,0.0,4,0.47919384,0.4792354,0.95229274,0.11161105,0.11161105,1.0,4.1574e-05,0.00037249,-26.550673,2.0950859,0.698362,0.2,0.0,0.13778645,5.775037,5.785037,2371200
hardzero_plus_depr__c0p60__z1p10__lam0p010__nu0p50__psi1p00,hardzero_plus_depr,0.12,38,741,0.0,4,0.4792354,0.47927314,0.9900876,0.102308646,0.102308646,1.0,3.772975e-05,0.0003687836,-26.752548,2.1782362,0.72607875,0.14,0.0,0.14706442,5.785037,5.7950373,2374400
hardzero_plus_depr__c0p60__z1p10__lam0p010__nu0p50__psi1p00,hardzero_plus_depr,0.12,38,742,0.0,4,0.47927314,0.47931874,0.90337443,0.124918155,0.124918155,1.0,4.5609373e-05,0.00036511404,-26.58856,1.9874635,0.66248786,0.2,0.0,0.14265722,5.7950373,5.8050375,2377600
hardzero_plus_depr__c0p60__z1p10__lam0p010__nu0p50__psi1p00,hardzero_plus_depr,0.12,38,743,0.0,4,0.47931874,0.47935715,0.9737046,0.106241785,0.106241785,1.0,3.840439e-05,0.000361481,-27.121037,2.1421928,0.7140643,0.208,0.0,0.13699934,5.8050375,5.8150377,2380800
hardzero_plus_depr__c0p60__z1p10__lam0p010__nu0p50__psi1p00,hardzero_plus_depr,0.12,38,744,0.0,4,0.47935715,0.47939068,1.0283828,0.09367359,0.09367359,1.0,3.352429e-05,0.00035788413,-27.865364,2.2624874,0.7541625,0.24000001,0.0,0.17242864,5.8150377,5.825038,2384000
hardzero_plus_depr__c0p60__z1p10__lam0p010__nu0p50__psi1p00,hardzero_plus_depr,0.12,38,745,0.0,4,0.47939068,0.47942144,1.0615759,0.08678088,0.08678088,1.0,3.0748466e-05,0.00035432304,-27.973873,2.3355136,0.77850455,0.08800001,0.0,0.15780278,5.825038,5.835038,2387200
hardzero_plus_depr__c0p60__z1p10__lam0p010__nu0p50__psi1p00,hardzero_plus_depr,0.12,38,746,0.0,4,0.47942144,0.47946364,0.91978294,0.12028655,0.12028655,1.0,4.2196207e-05,0.0003507974,-25.557043,2.023563,0.67452097,0.18400002,0.0,0.14323942,5.835038,5.8450384,2390400
hardzero_plus_depr__c0p60__z1p10__lam0p010__nu0p50__psi1p00,hardzero_plus_depr,0.12,38,747,0.0,4,0.47946364,0.4795043,0.93177974,0.11700927,0.11700927,1.0,4.0638115e-05,0.0003473068,-25.46253,2.0499563,0.6833188,0.192,0.0,0.13675044,5.8450384,5.8550386,2393600
hardzero_plus_depr__c0p60__z1p10__lam0p010__nu0p50__psi1p00,hardzero_plus_depr,0.12,38,748,0.0,4,0.4795043,0.4795456,0.92037636,0.120122306,0.120122306,1.0,4.1304174e-05,0.000343851,-25.588102,2.0248685,0.6749562,0.192,0.0,0.14957924,5.8550386,5.865039,2396800
hardzero_plus_depr__c0p60__z1p10__lam0p010__nu0p50__psi1p00,hardzero_plus_depr,0.12,38,749,0.0,4,0.4795456,0.47958833,0.9010841,0.12557867,0.12557867,1.0,4.275069e-05,0.00034042954,-25.456442,1.9824246,0.6608082,0.18400002,0.0,0.14151263,5.865039,5.875039,2400000
hardzero_plus_depr__c0p60__z1p10__lam0p010__nu0p50__psi1p00,hardzero_plus_depr,0.12,38,750,0.0,4,0.47958833,0.47962958,0.9123684,0.12235777,0.12235777,1.0,4.1239724e-05,0.00033704212,-25.770033,2.0072505,0.66908354,0.16800001,0.0,0.13272034,5.875039,5.8850393,2403200
hardzero_plus_depr__c0p60__z1p10__lam0p010__nu0p50__psi1p00,hardzero_plus_depr,0.12,38,751,0.0,4,0.47962958,0.47966665,0.9541374,0.111138,0.111138,1.0,3.7085465e-05,0.00033368843,-26.364922,2.0991442,0.6997148,0.14400001,0.0,0.14623772,5.8850393,5.8950396,2406400
hardzero_plus_depr__c0p60__z1p10__lam0p010__nu0p50__psi1p00,hardzero_plus_depr,0.12,38,752,0.0,4,0.47966665,0.47970447,0.9411405,0.11451425,0.11451425,1.0,3.783185e-05,0.0003303681,-26.417164,2.0705504,0.6901835,0.272,0.0,0.16248584,5.8950396,5.90504,2409600
hardzero_plus_depr__c0p60__z1p10__lam0p010__nu0p50__psi1p00,hardzero_plus_depr,0.12,38,753,0.0,4,0.47970447,0.47974023,0.9610836,0.10937459,0.10937459,1.0,3.5774327e-05,0.00032708078,-26.658735,2.1144261,0.7048087,0.17600001,0.0,0.14839843,5.90504,5.91504,2412800
hardzero_plus_depr__c0p60__z1p10__lam0p010__nu0p50__psi1p00,hardzero_plus_depr,0.12,38,754,0.0,4,0.47974023,0.47976968,1.0411901,0.09095149,0.09095149,1.0,2.9452476e-05,0.0003238262,-27.945967,2.290664,0.7635547,0.14,0.0,0.16348292,5.91504,5.9250402,2416000
hardzero_plus_depr__c0p60__z1p10__lam0p010__nu0p50__psi1p00,hardzero_plus_depr,0.12,38,755,0.0,4,0.47976968,0.4798074,0.92929554,0.117680475,0.117680475,1.0,3.7728834e-05,0.000320604,-25.8455,2.044491,0.68149704,0.15200001,0.0,0.14043494,5.9250402,5.9350405,2419200
hardzero_plus_depr__c0p60__z1p10__lam0p010__nu0p50__psi1p00,hardzero_plus_depr,0.12,38,756,0.0,4,0.4798074,0.47984174,0.9658187,0.10818854,0.10818854,1.0,3.434054e-05,0.00031741385,-26.324009,2.1248436,0.7082812,0.17600001,0.0,0.15097055,5.9350405,5.9450407,2422400
hardzero_plus_depr__c0p60__z1p10__lam0p010__nu0p50__psi1p00,hardzero_plus_depr,0.12,38,757,0.0,4,0.47984174,0.47987846,0.932512,0.11681215,0.11681215,1.0,3.6708858e-05,0.00031425548,-25.472597,2.0515673,0.6838558,0.16800001,0.0,0.12014754,5.9450407,5.955041,2425600
hardzero_plus_depr__c0p60__z1p10__lam0p010__nu0p50__psi1p00,hardzero_plus_depr,0.12,38,758,0.0,4,0.47987846,0.47991234,0.9629312,0.10891026,0.10891026,1.0,3.3885088e-05,0.0003111285,-25.266693,2.118491,0.70616364,0.192,0.0,0.14904134,5.955041,5.965041,2428800
hardzero_plus_depr__c0p60__z1p10__lam0p010__nu0p50__psi1p00,hardzero_plus_depr,0.12,38,759,0.0,4,0.47991234,0.4799472,0.94614434,0.1132024,0.1132024,1.0,3.4870038e-05,0.00030803267,-25.478382,2.0815592,0.6938531,0.216,0.0,0.13864243,5.965041,5.9750414,2432000
hardzero_plus_depr__c0p60__z1p10__lam0p010__nu0p50__psi1p00,hardzero_plus_depr,0.12,38,760,0.0,4,0.4799472,0.47997934,0.9775074,0.10531557,0.10531557,1.0,3.211784e-05,0.00030496763,-27.249226,2.1505592,0.7168531,0.224,0.0,0.16190636,5.9750414,5.9850416,2435200
hardzero_plus_depr__c0p60__z1p10__lam0p010__nu0p50__psi1p00,hardzero_plus_depr,0.12,38,761,0.0,4,0.47997934,0.48000884,1.0100787,0.09770602,0.09770602,1.0,2.9500681e-05,0.0003019331,-26.881224,2.2222173,0.7407391,0.104,0.0,0.1655692,5.9850416,5.995042,2438400
hardzero_plus_depr__c0p60__z1p10__lam0p010__nu0p50__psi1p00,hardzero_plus_depr,0.12,38,762,0.0,4,0.48000884,0.48004058,0.9740943,0.106146514,0.106146514,1.0,3.1730244e-05,0.00029892873,-26.137337,2.1430502,0.7143501,0.192,0.0,0.13265023,5.995042,6.005042,2441600
hardzero_plus_depr__c0p60__z1p10__lam0p010__nu0p50__psi1p00,hardzero_plus_depr,0.12,38,763,0.0,4,0.48004058,0.48007378,0.9502024,0.11214955,0.11214955,1.0,3.3191136e-05,0.00029595426,-26.244213,2.090487,0.696829,0.208,0.008,0.14063515,6.005042,6.0150423,2444800
hardzero_plus_depr__c0p60__z1p10__lam0p010__nu0p50__psi1p00,hardzero_plus_depr,0.12,38,764,0.0,4,0.48007378,0.48010215,1.0141102,0.09680321,0.09680321,1.0,2.8364253e-05,0.00029300942,-27.701694,2.231087,0.7436957,0.15200001,0.0,0.1650798,6.0150423,6.0250425,2448000
hardzero_plus_depr__c0p60__z1p10__lam0p010__nu0p50__psi1p00,hardzero_plus_depr,0.12,38,765,0.0,4,0.48010215,0.48013073,1.0065142,0.09851126,0.09851126,1.0,2.857751e-05,0.00029009386,-27.0598,2.2143755,0.7381252,0.136,0.0,0.143915,6.0250425,6.035043,2451200
hardzero_plus_depr__c0p60__z1p10__lam0p010__nu0p50__psi1p00,hardzero_plus_depr,0.12,38,766,0.0,4,0.48013073,0.48016417,0.934128,0.1163783,0.1163783,1.0,3.3424698e-05,0.0002872073,-25.725622,2.0551226,0.6850409,0.16000001,0.0,0.13197795,6.035043,6.045043,2454400
hardzero_plus_depr__c0p60__z1p10__lam0p010__nu0p50__psi1p00,hardzero_plus_depr,0.12,38,767,0.0,4,0.48016417,0.48019513,0.96310526,0.108866625,0.108866625,1.0,3.0956166e-05,0.00028434946,-27.059814,2.1188738,0.7062913,0.21,0.0,0.15305796,6.045043,6.055043,2457600
hardzero_plus_depr__c0p60__z1p10__lam0p010__nu0p50__psi1p00,hardzero_plus_depr,0.12,38,768,0.0,4,0.48019513,0.48022687,0.94803303,0.112711184,0.112711184,1.0,3.1730462e-05,0.00028152007,-25.789654,2.0857143,0.6952381,0.16800001,0.0,0.13904244,6.055043,6.0650434,2460800
hardzero_plus_depr__c0p60__z1p10__lam0p010__nu0p50__psi1p00,hardzero_plus_depr,0.12,38,769,0.0,4,0.48022687,0.48025548,0.98881567,0.102608725,0.102608725,1.0,2.8598986e-05,0.00027871886,-27.483173,2.175438,0.725146,0.104,0.0,0.17597994,6.0650434,6.0750437,2464000
hardzero_plus_depr__c0p60__z1p10__lam0p010__nu0p50__psi1p00,hardzero_plus_depr,0.12,38,770,0.0,4,0.48025548,0.480283,1.0011753,0.09972974,0.09972974,1.0,2.7519973e-05,0.0002759455,-26.264677,2.2026296,0.7342099,0.096,0.0,0.15740548,6.0750437,6.085044,2467200
hardzero_plus_depr__c0p60__z1p10__lam0p010__nu0p50__psi1p00,hardzero_plus_depr,0.12,38,771,0.0,4,0.480283,0.48031044,0.9978678,0.10049216,0.10049216,1.0,2.7454429e-05,0.00027319972,-26.9205,2.195353,0.73178434,0.24800001,0.0,0.15171014,6.085044,6.095044,2470400
hardzero_plus_depr__c0p60__z1p10__lam0p010__nu0p50__psi1p00,hardzero_plus_depr,0.12,38,772,0.0,4,0.48031044,0.48034093,0.94822323,0.11266182,0.11266182,1.0,3.0472915e-05,0.00027048128,-26.839624,2.0861328,0.6953776,0.16800001,0.0,0.1501901,6.095044,6.1050444,2473600
hardzero_plus_depr__c0p60__z1p10__lam0p010__nu0p50__psi1p00,hardzero_plus_depr,0.12,38,773,0.0,4,0.48034093,0.48036733,1.0063307,0.09855285,0.09855285,1.0,2.6391455e-05,0.00026778987,-26.591372,2.2139719,0.7379906,0.17600001,0.0,0.15079227,6.1050444,6.1150446,2476800
hardzero_plus_depr__c0p60__z1p10__lam0p010__nu0p50__psi1p00,hardzero_plus_depr,0.12,38,774,0.0,4,0.48036733,0.48039493,0.9827002,0.104063824,0.104063824,1.0,2.758995e-05,0.00026512527,-26.621338,2.1619837,0.7206613,0.2,0.0,0.14831182,6.1150446,6.125045,2480000
hardzero_plus_depr__c0p60__z1p10__lam0p010__nu0p50__psi1p00,hardzero_plus_depr,0.12,38,775,0.0,4,0.48039493,0.48042345,0.96373963,0.1087077,0.1087077,1.0,2.853438e-05,0.00026248718,-26.717007,2.1202695,0.70675653,0.216,0.0,0.15872505,6.125045,6.135045,2483200
hardzero_plus_depr__c0p60__z1p10__lam0p010__nu0p50__psi1p00,hardzero_plus_depr,0.12,38,776,0.0,4,0.48042345,0.48045135,0.96911335,0.107370906,0.107370906,1.0,2.7903048e-05,0.00025987532,-26.602552,2.132092,0.71069735,0.14400001,0.0,0.14661665,6.135045,6.1450453,2486400
hardzero_plus_depr__c0p60__z1p10__lam0p010__nu0p50__psi1p00,hardzero_plus_depr,0.12,38,777,0.0,4,0.48045135,0.4804789,0.9700723,0.10713409,0.10713409,1.0,2.756447e-05,0.00025728944,-26.827166,2.1342018,0.7114006,0.17600001,0.0,0.16581187,6.1450453,6.1550455,2489600
hardzero_plus_depr__c0p60__z1p10__lam0p010__nu0p50__psi1p00,hardzero_plus_depr,0.12,38,778,0.0,4,0.4804789,0.48050788,0.9441225,0.113730654,0.113730654,1.0,2.8970533e-05,0.00025472933,-26.555279,2.077111,0.69237036,0.16000001,0.0,0.1505543,6.1550455,6.1650457,2492800
hardzero_plus_depr__c0p60__z1p10__lam0p010__nu0p50__psi1p00,hardzero_plus_depr,0.12,38,779,0.0,4,0.48050788,0.48053297,1.0022134,0.099491656,0.099491656,1.0,2.5091265e-05,0.00025219467,-26.400246,2.2049134,0.73497117,0.17600001,0.0,0.13788722,6.1650457,6.175046,2496000
hardzero_plus_depr__c0p60__z1p10__lam0p010__nu0p50__psi1p00,hardzero_plus_depr,0.12,38,780,0.0,4,0.48053297,0.48055992,0.9671935,0.10784662,0.10784662,1.0,2.6927706e-05,0.00024968522,-27.293985,2.1278682,0.70928943,0.14999999,0.0,0.1400774,6.175046,6.185046,2499200
hardzero_plus_depr__c0p60__z1p10__lam0p010__nu0p50__psi1p00,hardzero_plus_depr,0.12,38,781,0.0,4,0.48055992,0.4805888,0.9326868,0.11676513,0.11676513,1.0,2.8864426e-05,0.00024720075,-26.025215,2.051952,0.683984,0.136,0.0,0.13654998,6.185046,6.1950464,2502400
hardzero_plus_depr__c0p60__z1p10__lam0p010__nu0p50__psi1p00,hardzero_plus_depr,0.12,38,782,0.0,4,0.4805888,0.4806125,1.0141174,0.096801616,0.096801616,1.0,2.3691326e-05,0.000244741,-27.45415,2.2311027,0.7437009,0.15200001,0.0,0.16175312,6.1950464,6.2050467,2505600
hardzero_plus_depr__c0p60__z1p10__lam0p010__nu0p50__psi1p00,hardzero_plus_depr,0.12,38,783,0.0,4,0.4806125,0.48063904,0.96005917,0.10963287,0.10963287,1.0,2.6564672e-05,0.00024230573,-25.80197,2.1121724,0.70405746,0.16000001,0.0,0.15267189,6.2050467,6.215047,2508800
hardzero_plus_depr__c0p60__z1p10__lam0p010__nu0p50__psi1p00,hardzero_plus_depr,0.12,38,784,0.0,4,0.48063904,0.48066378,0.98681515,0.10308248,0.10308248,1.0,2.4728939e-05,0.0002398947,-26.592775,2.1710367,0.72367895,0.112,0.0,0.15374632,6.215047,6.225047,2512000
hardzero_plus_depr__c0p60__z1p10__lam0p010__nu0p50__psi1p00,hardzero_plus_depr,0.12,38,785,0.0,4,0.48066378,0.4806866,1.0169901,0.09616342,0.09616342,1.0,2.2839547e-05,0.00023750764,-27.582935,2.2374227,0.7458076,0.112,0.0,0.14561479,6.225047,6.2350473,2515200
hardzero_plus_depr__c0p60__z1p10__lam0p010__nu0p50__psi1p00,hardzero_plus_depr,0.12,38,786,0.0,4,0.4806866,0.4807117,0.9717705,0.10671598,0.10671598,1.0,2.5093661e-05,0.00023514437,-26.379107,2.1379378,0.71264595,0.17600001,0.0,0.14598446,6.2350473,6.2450476,2518400
hardzero_plus_depr__c0p60__z1p10__lam0p010__nu0p50__psi1p00,hardzero_plus_depr,0.12,38,787,0.0,4,0.4807117,0.48073897,0.9315114,0.11708157,0.11708157,1.0,2.7257125e-05,0.00023280458,-26.663765,2.049366,0.68312204,0.216,0.0,0.16190284,6.2450476,6.255048,2521600
hardzero_plus_depr__c0p60__z1p10__lam0p010__nu0p50__psi1p00,hardzero_plus_depr,0.12,38,788,0.0,4,0.48073897,0.480762,1.0001591,0.09996336,0.09996336,1.0,2.3040364e-05,0.00023048809,-26.260517,2.2003942,0.7334647,0.096,0.0,0.16595386,6.255048,6.265048,2524800
hardzero_plus_depr__c0p60__z1p10__lam0p010__nu0p50__psi1p00,hardzero_plus_depr,0.12,38,789,0.0,4,0.480762,0.4807884,0.9367152,0.11568705,0.11568705,1.0,2.6399166e-05,0.00022819465,-25.893192,2.0608146,0.6869382,0.17600001,0.008,0.1640095,6.265048,6.2750483,2528000
hardzero_plus_depr__c0p60__z1p10__lam0p010__nu0p50__psi1p00,hardzero_plus_depr,0.12,38,790,0.0,4,0.4807884,0.48081294,0.96446335,0.108526714,0.108526714,1.0,2.4518793e-05,0.00022592403,-26.58163,2.1218617,0.70728725,0.224,0.0,0.15937594,6.2750483,6.2850485,2531200
hardzero_plus_depr__c0p60__z1p10__lam0p010__nu0p50__psi1p00,hardzero_plus_depr,0.12,38,791,0.0,4,0.48081294,0.48083574,0.9918414,0.101896346,0.101896346,1.0,2.2791766e-05,0.00022367599,-26.597546,2.1820946,0.7273649,0.16800001,0.0,0.1563431,6.2850485,6.2950487,2534400
hardzero_plus_depr__c0p60__z1p10__lam0p010__nu0p50__psi1p00,hardzero_plus_depr,0.12,38,792,0.0,4,0.48083574,0.480859,0.9781005,0.10517185,0.10517185,1.0,2.329034e-05,0.00022145032,-27.212305,2.151864,0.717288,0.208,0.0,0.1257042,6.2950487,6.305049,2537600
hardzero_plus_depr__c0p60__z1p10__lam0p010__nu0p50__psi1p00,hardzero_plus_depr,0.12,38,793,0.0,4,0.480859,0.48088178,0.9836498,0.10383654,0.10383654,1.0,2.2765831e-05,0.00021924682,-26.055527,2.1640728,0.7213576,0.12,0.0,0.14340496,6.305049,6.315049,2540800
hardzero_plus_depr__c0p60__z1p10__lam0p010__nu0p50__psi1p00,hardzero_plus_depr,0.12,38,794,0.0,4,0.48088178,0.48090452,0.979906,0.1047355,0.1047355,1.0,2.2734434e-05,0.00021706522,-27.013908,2.1558363,0.71861213,0.120000005,0.0,0.16126217,6.315049,6.3250494,2544000
hardzero_plus_depr__c0p60__z1p10__lam0p010__nu0p50__psi1p00,hardzero_plus_depr,0.12,38,795,0.0,4,0.48090452,0.48092923,0.93941706,0.11496956,0.11496956,1.0,2.4707571e-05,0.00021490533,-25.935507,2.0667589,0.68891966,0.17600001,0.0,0.13669686,6.3250494,6.3350496,2547200
hardzero_plus_depr__c0p60__z1p10__lam0p010__nu0p50__psi1p00,hardzero_plus_depr,0.12,38,796,0.0,4,0.48092923,0.48095068,0.9960461,0.10091455,0.10091455,1.0,2.1471282e-05,0.00021276694,-26.199993,2.1913452,0.7304484,0.192,0.0,0.14669421,6.3350496,6.34505,2550400
hardzero_plus_depr__c0p60__z1p10__lam0p010__nu0p50__psi1p00,hardzero_plus_depr,0.12,38,797,0.0,4,0.48095068,0.48097172,1.0002246,0.099948294,0.099948294,1.0,2.1054091e-05,0.00021064983,-27.521229,2.2005382,0.73351276,0.15200001,0.0,0.15958859,6.34505,6.35505,2553600
hardzero_plus_depr__c0p60__z1p10__lam0p010__nu0p50__psi1p00,hardzero_plus_depr,0.12,38,798,0.0,4,0.48097172,0.4809957,0.9391006,0.11505336,0.11505336,1.0,2.3994815e-05,0.00020855379,-26.080929,2.0660627,0.68868756,0.17600001,0.0,0.14619483,6.35505,6.3650503,2556800
hardzero_plus_depr__c0p60__z1p10__lam0p010__nu0p50__psi1p00,hardzero_plus_depr,0.12,38,799,0.0,4,0.4809957,0.4810175,0.97664434,0.10552507,0.10552507,1.0,2.1788666e-05,0.00020647858,-26.611729,2.1486604,0.71622014,0.24800001,0.0,0.17127134,6.3650503,6.3750505,2560000
hardzero_plus_depr__c0p60__z1p10__lam0p010__nu0p50__psi1p00,hardzero_plus_depr,0.12,38,800,0.0,4,0.4810175,0.48104036,0.9516743,0.11177011,0.11177011,1.0,2.2848499e-05,0.00020442405,-25.900173,2.0937252,0.6979084,0.2,0.0,0.1409674,6.3750505,6.385051,2563200
hardzero_plus_depr__c0p60__z1p10__lam0p010__nu0p50__psi1p00,hardzero_plus_depr,0.12,38,801,0.0,4,0.48104036,0.48106268,0.95738405,0.110310264,0.110310264,1.0,2.2325688e-05,0.00020238994,-27.33486,2.106287,0.7020957,0.24000001,0.0,0.17360565,6.385051,6.395051,2566400
hardzero_plus_depr__c0p60__z1p10__lam0p010__nu0p50__psi1p00,hardzero_plus_depr,0.12,38,802,0.0,4,0.48106268,0.4810838,0.9768734,0.10546943,0.10546943,1.0,2.113355e-05,0.00020037607,-27.079996,2.1491644,0.71638817,0.136,0.0,0.1764897,6.395051,6.405051,2569600
hardzero_plus_depr__c0p60__z1p10__lam0p010__nu0p50__psi1p00,hardzero_plus_depr,0.12,38,803,0.0,4,0.4810838,0.48110464,0.9787971,0.10500328,0.10500328,1.0,2.0830788e-05,0.00019838226,-26.642874,2.1533966,0.7177989,0.128,0.0,0.13135669,6.405051,6.4150515,2572800
hardzero_plus_depr__c0p60__z1p10__lam0p010__nu0p50__psi1p00,hardzero_plus_depr,0.12,38,804,0.0,4,0.48110464,0.4811261,0.96165526,0.10923072,0.10923072,1.0,2.145382e-05,0.00019640829,-26.893343,2.1156838,0.705228,0.15200001,0.0,0.15624876,6.4150515,6.4250517,2576000
hardzero_plus_depr__c0p60__z1p10__lam0p010__nu0p50__psi1p00,hardzero_plus_depr,0.12,38,805,0.0,4,0.4811261,0.48114607,0.9886501,0.10264788,0.10264788,1.0,1.9960284e-05,0.00019445394,-27.243397,2.1750736,0.7250246,0.120000005,0.0,0.1536512,6.4250517,6.435052,2579200
hardzero_plus_depr__c0p60__z1p10__lam0p010__nu0p50__psi1p00,hardzero_plus_depr,0.12,38,806,0.0,4,0.48114607,0.4811657,0.9911166,0.10206655,0.10206655,1.0,1.9649755e-05,0.00019251904,-26.425581,2.1805,0.72683334,0.13,0.0,0.17804429,6.435052,6.445052,2582400
hardzero_plus_depr__c0p60__z1p10__lam0p010__nu0p50__psi1p00,hardzero_plus_depr,0.12,38,807,0.0,4,0.4811657,0.481187,0.95205986,0.11167092,0.11167092,1.0,2.1284857e-05,0.0001906034,-26.126272,2.0945735,0.69819117,0.208,0.0,0.1441693,6.445052,6.4550524,2585600
hardzero_plus_depr__c0p60__z1p10__lam0p010__nu0p50__psi1p00,hardzero_plus_depr,0.12,38,808,0.0,4,0.481187,0.481208,0.95324963,0.11136542,0.11136542,1.0,2.1015416e-05,0.00018870684,-26.919054,2.097191,0.6990637,0.18400002,0.0,0.1514814,6.4550524,6.4650526,2588800
hardzero_plus_depr__c0p60__z1p10__lam0p010__nu0p50__psi1p00,hardzero_plus_depr,0.12,38,809,0.0,4,0.481208,0.48122546,1.0291568,0.0935068,0.0935068,1.0,1.7469794e-05,0.00018682913,-28.086748,2.2641902,0.7547301,0.2,0.0,0.17170428,6.4650526,6.475053,2592000
hardzero_plus_depr__c0p60__z1p10__lam0p010__nu0p50__psi1p00,hardzero_plus_depr,0.12,38,810,0.0,4,0.48122546,0.48124406,0.9975412,0.10056777,0.10056777,1.0,1.8602032e-05,0.00018497011,-26.885885,2.1946344,0.73154485,0.216,0.0,0.15795799,6.475053,6.485053,2595200
hardzero_plus_depr__c0p60__z1p10__lam0p010__nu0p50__psi1p00,hardzero_plus_depr,0.12,38,811,0.0,4,0.48124406,0.48126066,1.0430335,0.09056628,0.09056628,1.0,1.6585363e-05,0.00018312957,-27.557728,2.2947195,0.7649065,0.15200001,0.0,0.16379298,6.485053,6.4950533,2598400
hardzero_plus_depr__c0p60__z1p10__lam0p010__nu0p50__psi1p00,hardzero_plus_depr,0.12,38,812,0.0,4,0.48126066,0.48128244,0.9200958,0.12019992,0.12019992,1.0,2.1793128e-05,0.00018130735,-25.672459,2.0242512,0.67475045,0.17600001,0.0,0.13749257,6.4950533,6.5050535,2601600
hardzero_plus_depr__c0p60__z1p10__lam0p010__nu0p50__psi1p00,hardzero_plus_depr,0.12,38,813,0.0,4,0.48128244,0.48130387,0.9230044,0.1193976,0.1193976,1.0,2.1432263e-05,0.00017950329,-25.362171,2.0306501,0.6768834,0.2,0.0,0.14437084,6.5050535,6.5150537,2604800
hardzero_plus_depr__c0p60__z1p10__lam0p010__nu0p50__psi1p00,hardzero_plus_depr,0.12,38,814,0.0,4,0.48130387,0.48132655,0.8941406,0.12760258,0.12760258,1.0,2.2677168e-05,0.00017771716,-25.579552,1.9671485,0.6557162,0.16000001,0.0,0.12512968,6.5150537,6.525054,2608000
hardzero_plus_depr__c0p60__z1p10__lam0p010__nu0p50__psi1p00,hardzero_plus_depr,0.12,38,815,0.0,4,0.48132655,0.48134723,0.92966306,0.11758094,0.11758094,1.0,2.0688225e-05,0.0001759488,-26.293463,2.0452995,0.6817665,0.16000001,0.0,0.1404543,6.525054,6.535054,2611200
hardzero_plus_depr__c0p60__z1p10__lam0p010__nu0p50__psi1p00,hardzero_plus_depr,0.12,38,816,0.0,4,0.48134723,0.4813681,0.92189837,0.11970205,0.11970205,1.0,2.0851861e-05,0.00017419804,-25.816824,2.0282168,0.6760723,0.15200001,0.0,0.13329548,6.535054,6.5450544,2614400
hardzero_plus_depr__c0p60__z1p10__lam0p010__nu0p50__psi1p00,hardzero_plus_depr,0.12,38,817,0.0,4,0.4813681,0.48138744,0.9503279,0.11211718,0.11211718,1.0,1.9336256e-05,0.0001724647,-26.777622,2.090763,0.69692105,0.24800001,0.0,0.13847296,6.5450544,6.5550547,2617600
hardzero_plus_depr__c0p60__z1p10__lam0p010__nu0p50__psi1p00,hardzero_plus_depr,0.12,38,818,0.0,4,0.48138744,0.48140675,0.9463494,0.11314897,0.11314897,1.0,1.932003e-05,0.00017074861,-26.252193,2.0820103,0.69400346,0.14400001,0.0,0.12975022,6.5550547,6.565055,2620800
hardzero_plus_depr__c0p60__z1p10__lam0p010__nu0p50__psi1p00,hardzero_plus_depr,0.12,38,819,0.0,4,0.48140675,0.48142654,0.9315808,0.117062874,0.117062874,1.0,1.9789431e-05,0.0001690496,-26.055859,2.0495186,0.6831729,0.19999999,0.0,0.14883557,6.565055,6.575055,2624000
hardzero_plus_depr__c0p60__z1p10__lam0p010__nu0p50__psi1p00,hardzero_plus_depr,0.12,38,820,0.0,4,0.48142654,0.48144376,0.98779666,0.102849774,0.102849774,1.0,1.7213708e-05,0.00016736749,-27.038559,2.173196,0.72439873,0.14400001,0.0,0.15251556,6.575055,6.5850554,2627200
hardzero_plus_depr__c0p60__z1p10__lam0p010__nu0p50__psi1p00,hardzero_plus_depr,0.12,38,821,0.0,4,0.48144376,0.4814616,0.9674944,0.107771896,0.107771896,1.0,1.785803e-05,0.0001657021,-26.688282,2.1285303,0.7095101,0.192,0.0,0.17232631,6.5850554,6.5950556,2630400
hardzero_plus_depr__c0p60__z1p10__lam0p010__nu0p50__psi1p00,hardzero_plus_depr,0.12,38,822,0.0,4,0.4814616,0.48147762,1.0109757,0.0975044,0.0975044,1.0,1.5995918e-05,0.0001640533,-26.824121,2.224191,0.741397,0.208,0.0,0.1531313,6.5950556,6.605056,2633600
hardzero_plus_depr__c0p60__z1p10__lam0p010__nu0p50__psi1p00,hardzero_plus_depr,0.12,38,823,0.0,4,0.48147762,0.48149627,0.9394887,0.11495059,0.11495059,1.0,1.867038e-05,0.00016242091,-26.266417,2.0669165,0.6889722,0.18400002,0.0,0.12943843,6.605056,6.615056,2636800
hardzero_plus_depr__c0p60__z1p10__lam0p010__nu0p50__psi1p00,hardzero_plus_depr,0.12,38,824,0.0,4,0.48149627,0.4815144,0.94840825,0.112613834,0.112613834,1.0,1.8108842e-05,0.00016080478,-26.618765,2.0865397,0.69551325,0.136,0.0,0.1410881,6.615056,6.6250563,2640000
hardzero_plus_depr__c0p60__z1p10__lam0p010__nu0p50__psi1p00,hardzero_plus_depr,0.12,38,825,0.0,4,0.4815144,0.48152953,1.0216888,0.09512861,0.09512861,1.0,1.5144921e-05,0.00015920469,-27.48402,2.2477603,0.74925345,0.14400001,0.0,0.15643562,6.6250563,6.6350565,2643200
hardzero_plus_depr__c0p60__z1p10__lam0p010__nu0p50__psi1p00,hardzero_plus_depr,0.12,38,826,0.0,4,0.48152953,0.48154673,0.9622684,0.109076604,0.109076604,1.0,1.7192713e-05,0.00015762054,-26.863295,2.1170328,0.7056776,0.16000001,0.008,0.1513547,6.6350565,6.6450567,2646400
hardzero_plus_depr__c0p60__z1p10__lam0p010__nu0p50__psi1p00,hardzero_plus_depr,0.12,38,827,0.0,4,0.48154673,0.4815642,0.95117414,0.11189892,0.11189892,1.0,1.7462067e-05,0.00015605215,-26.209963,2.092625,0.69754165,0.17600001,0.0,0.15621626,6.6450567,6.655057,2649600
hardzero_plus_depr__c0p60__z1p10__lam0p010__nu0p50__psi1p00,hardzero_plus_depr,0.12,38,828,0.0,4,0.4815642,0.4815803,0.9820134,0.10422853,0.10422853,1.0,1.6103242e-05,0.00015449937,-26.560482,2.1604726,0.72015756,0.2,0.0,0.15659301,6.655057,6.665057,2652800
hardzero_plus_depr__c0p60__z1p10__lam0p010__nu0p50__psi1p00,hardzero_plus_depr,0.12,38,829,0.0,4,0.4815803,0.4815961,0.98486894,0.10354546,0.10354546,1.0,1.5838525e-05,0.00015296205,-26.721832,2.166755,0.72225165,0.136,0.0,0.13632597,6.665057,6.6750574,2656000
hardzero_plus_depr__c0p60__z1p10__lam0p010__nu0p50__psi1p00,hardzero_plus_depr,0.12,38,830,0.0,4,0.4815961,0.4816137,0.93502754,0.11613748,0.11613748,1.0,1.7587863e-05,0.00015144002,-26.994337,2.0571017,0.6857006,0.208,0.0,0.15259829,6.6750574,6.6850576,2659200
hardzero_plus_depr__c0p60__z1p10__lam0p010__nu0p50__psi1p00,hardzero_plus_depr,0.12,38,831,0.0,4,0.4816137,0.4816295,0.97761434,0.105289645,0.105289645,1.0,1.5786405e-05,0.00014993313,-26.9706,2.1507945,0.7169315,0.15200001,0.0,0.14166214,6.6850576,6.695058,2662400
hardzero_plus_depr__c0p60__z1p10__lam0p010__nu0p50__psi1p00,hardzero_plus_depr,0.12,38,832,0.0,4,0.4816295,0.4816469,0.93125576,0.117150515,0.117150515,1.0,1.7389968e-05,0.00014844124,-26.358925,2.0488036,0.6829345,0.22,0.0,0.14526166,6.695058,6.705058,2665600
hardzero_plus_depr__c0p60__z1p10__lam0p010__nu0p50__psi1p00,hardzero_plus_depr,0.12,38,833,0.0,4,0.4816469,0.48166296,0.9610835,0.10937462,0.10937462,1.0,1.6074153e-05,0.00014696419,-27.543634,2.114426,0.70480865,0.2,0.0,0.1673952,6.705058,6.7150583,2668800
hardzero_plus_depr__c0p60__z1p10__lam0p010__nu0p50__psi1p00,hardzero_plus_depr,0.12,38,834,0.0,4,0.48166296,0.4816779,0.9889245,0.10258302,0.10258302,1.0,1.49260195e-05,0.00014550185,-26.198215,2.1756773,0.7252258,0.224,0.0,0.15311778,6.7150583,6.7250586,2672000
hardzero_plus_depr__c0p60__z1p10__lam0p010__nu0p50__psi1p00,hardzero_plus_depr,0.12,38,835,0.0,4,0.4816779,0.48169425,0.94448286,0.1136363,0.1136363,1.0,1.6369768e-05,0.00014405404,-25.969841,2.0779037,0.6926346,0.136,0.0,0.14585862,6.7250586,6.735059,2675200
hardzero_plus_depr__c0p60__z1p10__lam0p010__nu0p50__psi1p00,hardzero_plus_depr,0.12,38,836,0.0,4,0.48169425,0.4817087,0.9940561,0.101378046,0.101378046,1.0,1.4458601e-05,0.00014262063,-26.912472,2.1869671,0.72898906,0.14400001,0.0,0.15591963,6.735059,6.745059,2678400
hardzero_plus_depr__c0p60__z1p10__lam0p010__nu0p50__psi1p00,hardzero_plus_depr,0.12,38,837,0.0,4,0.4817087,0.48172677,0.8933302,0.12784088,0.12784088,1.0,1.8051325e-05,0.00014120151,-25.13455,1.9653658,0.6551219,0.24800001,0.0,0.13375774,6.745059,6.7550592,2681600
hardzero_plus_depr__c0p60__z1p10__lam0p010__nu0p50__psi1p00,hardzero_plus_depr,0.12,38,838,0.0,4,0.48172677,0.4817403,1.01378,0.09687684,0.09687684,1.0,1.3543043e-05,0.0001397965,-27.928478,2.2303605,0.7434535,0.16800001,0.0,0.17416735,6.7550592,6.7650595,2684800
hardzero_plus_depr__c0p60__z1p10__lam0p010__nu0p50__psi1p00,hardzero_plus_depr,0.12,38,839,0.0,4,0.4817403,0.48175624,0.938235,0.115282945,0.115282945,1.0,1.595579e-05,0.00013840546,-26.051628,2.0641582,0.6880528,0.15200001,0.0,0.14019574,6.7650595,6.7750597,2688000
hardzero_plus_depr__c0p60__z1p10__lam0p010__nu0p50__psi1p00,hardzero_plus_depr,0.12,38,840,0.0,4,0.48175624,0.4817719,0.9421601,0.11424571,0.11424571,1.0,1.5654892e-05,0.00013702827,-26.417154,2.0727937,0.69093126,0.2,0.0,0.1538868,6.7750597,6.78506,2691200
hardzero_plus_depr__c0p60__z1p10__lam0p010__nu0p50__psi1p00,hardzero_plus_depr,0.12,38,841,0.0,4,0.4817719,0.4817852,1.0079161,0.09819375,0.09819375,1.0,1.3321435e-05,0.0001356648,-27.200768,2.2174597,0.73915327,0.16000001,0.0,0.15341902,6.78506,6.79506,2694400
hardzero_plus_depr__c0p60__z1p10__lam0p010__nu0p50__psi1p00,hardzero_plus_depr,0.12,38,842,0.0,4,0.4817852,0.48179916,0.9836445,0.103837796,0.103837796,1.0,1.3946959e-05,0.00013431486,-26.618235,2.164061,0.7213537,0.128,0.0,0.14441176,6.79506,6.8050604,2697600
hardzero_plus_depr__c0p60__z1p10__lam0p010__nu0p50__psi1p00,hardzero_plus_depr,0.12,38,843,0.0,4,0.48179916,0.4818146,0.9351807,0.11609654,0.11609654,1.0,1.543833e-05,0.00013297838,-25.450638,2.0574386,0.6858129,0.14400001,0.0,0.13437676,6.8050604,6.8150606,2700800
hardzero_plus_depr__c0p60__z1p10__lam0p010__nu0p50__psi1p00,hardzero_plus_depr,0.12,38,844,0.0,4,0.4818146,0.48182848,0.97715116,0.105401985,0.105401985,1.0,1.3876719e-05,0.0001316552,-26.105814,2.1497755,0.71659184,0.208,0.0,0.1603784,6.8150606,6.825061,2704000
hardzero_plus_depr__c0p60__z1p10__lam0p010__nu0p50__psi1p00,hardzero_plus_depr,0.12,38,845,0.0,4,0.48182848,0.4818418,0.9905912,0.10219007,0.10219007,1.0,1.3319984e-05,0.00013034519,-26.13206,2.1793442,0.72644806,0.14999999,0.0,0.13961007,6.825061,6.835061,2707200
hardzero_plus_depr__c0p60__z1p10__lam0p010__nu0p50__psi1p00,hardzero_plus_depr,0.12,38,846,0.0,4,0.4818418,0.4818557,0.96778196,0.10770059,0.10770059,1.0,1.3898567e-05,0.0001290482,-27.28495,2.1291628,0.70972097,0.18400002,0.0,0.17791742,6.835061,6.8450613,2710400
hardzero_plus_depr__c0p60__z1p10__lam0p010__nu0p50__psi1p00,hardzero_plus_depr,0.12,38,847,0.0,4,0.4818557,0.4818694,0.96937734,0.10730567,0.10730567,1.0,1.3709812e-05,0.0001277641,-26.871723,2.1326728,0.71089095,0.2,0.0,0.15116972,6.8450613,6.8550615,2713600
hardzero_plus_depr__c0p60__z1p10__lam0p010__nu0p50__psi1p00,hardzero_plus_depr,0.12,38,848,0.0,4,0.4818694,0.48188266,0.9791712,0.10491287,0.10491287,1.0,1.3270723e-05,0.0001264928,-27.066755,2.1542196,0.71807325,0.14400001,0.0,0.16323304,6.8550615,6.8650618,2716800
hardzero_plus_depr__c0p60__z1p10__lam0p010__nu0p50__psi1p00,hardzero_plus_depr,0.12,38,849,0.0,4,0.48188266,0.4818962,0.96614796,0.10810655,0.10810655,1.0,1.3538632e-05,0.00012523415,-26.570147,2.125568,0.7085227,0.112,0.0,0.13191627,6.8650618,6.875062,2720000
hardzero_plus_depr__c0p60__z1p10__lam0p010__nu0p50__psi1p00,hardzero_plus_depr,0.12,38,850,0.0,4,0.4818962,0.48190966,0.96417236,0.10859945,0.10859945,1.0,1.3465031e-05,0.00012398802,-27.034609,2.1212215,0.70707387,0.17600001,0.0,0.16129717,6.875062,6.885062,2723200
hardzero_plus_depr__c0p60__z1p10__lam0p010__nu0p50__psi1p00,hardzero_plus_depr,0.12,38,851,0.0,4,0.48190966,0.48192286,0.96852934,0.10751538,0.10751538,1.0,1.3197975e-05,0.0001227543,-26.376265,2.1308072,0.7102691,0.14400001,0.0,0.15539913,6.885062,6.8950624,2726400
hardzero_plus_depr__c0p60__z1p10__lam0p010__nu0p50__psi1p00,hardzero_plus_depr,0.12,38,852,0.0,4,0.48192286,0.4819369,0.9373674,0.11551347,0.11551347,1.0,1.403868e-05,0.000121532845,-25.683197,2.0622494,0.6874165,0.24800001,0.0,0.12319174,6.8950624,6.9050627,2729600
hardzero_plus_depr__c0p60__z1p10__lam0p010__nu0p50__psi1p00,hardzero_plus_depr,0.12,38,853,0.0,4,0.4819369,0.48194873,1.007782,0.098224096,0.098224096,1.0,1.1818672e-05,0.000120323544,-26.819628,2.2171648,0.7390549,0.18400002,0.008,0.13818942,6.9050627,6.915063,2732800
hardzero_plus_depr__c0p60__z1p10__lam0p010__nu0p50__psi1p00,hardzero_plus_depr,0.12,38,854,0.0,4,0.48194873,0.48196113,0.9826956,0.10406494,0.10406494,1.0,1.2396868e-05,0.00011912627,-26.877321,2.1619735,0.7206578,0.16800001,0.0,0.15683655,6.915063,6.925063,2736000
hardzero_plus_depr__c0p60__z1p10__lam0p010__nu0p50__psi1p00,hardzero_plus_depr,0.12,38,855,0.0,4,0.48196113,0.48197478,0.93679756,0.11566513,0.11566513,1.0,1.3641653e-05,0.00011794093,-25.786013,2.0609958,0.6869986,0.2,0.0,0.17649242,6.925063,6.9350634,2739200
hardzero_plus_depr__c0p60__z1p10__lam0p010__nu0p50__psi1p00,hardzero_plus_depr,0.12,38,856,0.0,4,0.48197478,0.48198938,0.9032589,0.12495138,0.12495138,1.0,1.4590244e-05,0.00011676737,-25.890713,1.9872093,0.6624031,0.18400002,0.0,0.15026055,6.9350634,6.9450636,2742400
hardzero_plus_depr__c0p60__z1p10__lam0p010__nu0p50__psi1p00,hardzero_plus_depr,0.12,38,857,0.0,4,0.48198938,0.48200315,0.9245158,0.1189828,0.1189828,1.0,1.3755064e-05,0.000115605486,-25.12167,2.0339754,0.6779918,0.192,0.0,0.13829671,6.9450636,6.955064,2745600
hardzero_plus_depr__c0p60__z1p10__lam0p010__nu0p50__psi1p00,hardzero_plus_depr,0.12,38,858,0.0,4,0.48200315,0.4820159,0.95272255,0.11150066,0.11150066,1.0,1.2761827e-05,0.00011445517,-26.674805,2.0960314,0.6986772,0.17,0.0,0.14759985,6.955064,6.965064,2748800
hardzero_plus_depr__c0p60__z1p10__lam0p010__nu0p50__psi1p00,hardzero_plus_depr,0.12,38,859,0.0,4,0.4820159,0.48202813,0.9668393,0.10793459,0.10793459,1.0,1.2230747e-05,0.000113316295,-26.525831,2.127089,0.7090297,0.17600001,0.0,0.16702116,6.965064,6.9750643,2752000
hardzero_plus_depr__c0p60__z1p10__lam0p010__nu0p50__psi1p00,hardzero_plus_depr,0.12,38,860,0.0,4,0.48202813,0.48204145,0.9252161,0.1187911,0.1187911,1.0,1.3327026e-05,0.000112188754,-25.732834,2.035516,0.67850536,0.15200001,0.0,0.1339805,6.9750643,6.9850645,2755200
hardzero_plus_depr__c0p60__z1p10__lam0p010__nu0p50__psi1p00,hardzero_plus_depr,0.12,38,861,0.0,4,0.48204145,0.4820526,0.9986002,0.100322835,0.100322835,1.0,1.1143101e-05,0.000111072426,-26.883568,2.1969643,0.73232144,0.14400001,0.0,0.17284252,6.9850645,6.9950647,2758400
hardzero_plus_depr__c0p60__z1p10__lam0p010__nu0p50__psi1p00,hardzero_plus_depr,0.12,38,862,0.0,4,0.4820526,0.48206487,0.95208865,0.11166352,0.11166352,1.0,1.2279326e-05,0.000109967215,-26.437035,2.094637,0.6982123,0.18400002,0.0,0.1718998,6.9950647,7.005065,2761600
hardzero_plus_depr__c0p60__z1p10__lam0p010__nu0p50__psi1p00,hardzero_plus_depr,0.12,38,863,0.0,4,0.48206487,0.48207644,0.9733802,0.10632118,0.10632118,1.0,1.1575506e-05,0.000108873,-27.622602,2.1414793,0.7138264,0.208,0.0,0.15240207,7.005065,7.015065,2764800
hardzero_plus_depr__c0p60__z1p10__lam0p010__nu0p50__psi1p00,hardzero_plus_depr,0.12,38,864,0.0,4,0.48207644,0.4820879,0.9729481,0.106427036,0.106427036,1.0,1.1471736e-05,0.000107789674,-27.619322,2.1405284,0.7135095,0.14400001,0.0,0.13787813,7.015065,7.0250654,2768000
hardzero_plus_depr__c0p60__z1p10__lam0p010__nu0p50__psi1p00,hardzero_plus_depr,0.12,38,865,0.0,4,0.4820879,0.4821002,0.9387944,0.11513453,0.11513453,1.0,1.2286826e-05,0.000106717125,-25.702717,2.065389,0.688463,0.23200001,0.0,0.13679318,7.0250654,7.0350657,2771200
hardzero_plus_depr__c0p60__z1p10__lam0p010__nu0p50__psi1p00,hardzero_plus_depr,0.12,38,866,0.0,4,0.4821002,0.48211238,0.9383465,0.11525334,0.11525334,1.0,1.2177119e-05,0.00010565524,-25.788841,2.0644035,0.68813455,0.216,0.008,0.16887444,7.0350657,7.045066,2774400
hardzero_plus_depr__c0p60__z1p10__lam0p010__nu0p50__psi1p00,hardzero_plus_depr,0.12,38,867,0.0,4,0.48211238,0.48212326,0.9830529,0.10397935,0.10397935,1.0,1.0876648e-05,0.000104603925,-26.517006,2.1627595,0.72091985,0.16000001,0.0,0.1474305,7.045066,7.055066,2777600
hardzero_plus_depr__c0p60__z1p10__lam0p010__nu0p50__psi1p00,hardzero_plus_depr,0.12,38,868,0.0,4,0.48212326,0.4821356,0.9239796,0.119129814,0.119129814,1.0,1.2337451e-05,0.000103563085,-26.19265,2.0327957,0.6775986,0.208,0.0,0.12848622,7.055066,7.0650663,2780800
hardzero_plus_depr__c0p60__z1p10__lam0p010__nu0p50__psi1p00,hardzero_plus_depr,0.12,38,869,0.0,4,0.4821356,0.48214704,0.9521643,0.11164409,0.11164409,1.0,1.1447158e-05,0.00010253259,-26.010305,2.0948033,0.6982678,0.15200001,0.0,0.13042489,7.0650663,7.0750666,2784000
hardzero_plus_depr__c0p60__z1p10__lam0p010__nu0p50__psi1p00,hardzero_plus_depr,0.12,38,870,0.0,4,0.48214704,0.4821577,0.9789576,0.10496448,0.10496448,1.0,1.06551915e-05,0.000101512356,-27.103237,2.1537497,0.7179166,0.15200001,0.0,0.16063538,7.0750666,7.085067,2787200
hardzero_plus_depr__c0p60__z1p10__lam0p010__nu0p50__psi1p00,hardzero_plus_depr,0.12,38,871,0.0,4,0.4821577,0.48216915,0.9438242,0.1138088,0.1138088,1.0,1.1438042e-05,0.00010050226,-26.582851,2.0764546,0.69215155,0.19999999,0.0,0.15076187,7.085067,7.095067,2790400
hardzero_plus_depr__c0p60__z1p10__lam0p010__nu0p50__psi1p00,hardzero_plus_depr,0.12,38,872,0.0,4,0.48216915,0.48217964,0.9772126,0.105387084,0.105387084,1.0,1.0486249e-05,9.950222e-05,-28.072998,2.1499107,0.7166369,0.120000005,0.0,0.15102135,7.095067,7.1050673,2793600
hardzero_plus_depr__c0p60__z1p10__lam0p010__nu0p50__psi1p00,hardzero_plus_depr,0.12,38,873,0.0,4,0.48217964,0.4821899,0.9823796,0.10414066,0.10414066,1.0,1.025912e-05,9.8512144e-05,-26.512348,2.1612782,0.7204261,0.136,0.0,0.1669313,7.1050673,7.1150675,2796800
hardzero_plus_depr__c0p60__z1p10__lam0p010__nu0p50__psi1p00,hardzero_plus_depr,0.12,38,874,0.0,4,0.4821899,0.48219976,0.9954881,0.10104433,0.10104433,1.0,9.855045e-06,9.7531905e-05,-27.694399,2.1901176,0.73003924,0.18400002,0.0,0.15026699,7.1150675,7.1250677,2800000
hardzero_plus_depr__c0p60__z1p10__lam0p010__nu0p50__psi1p00,hardzero_plus_depr,0.12,38,875,0.0,4,0.48219976,0.48220992,0.97828287,0.105127685,0.105127685,1.0,1.0151279e-05,9.656142e-05,-26.64067,2.1522653,0.71742177,0.208,0.0,0.16054378,7.1250677,7.135068,2803200
hardzero_plus_depr__c0p60__z1p10__lam0p010__nu0p50__psi1p00,hardzero_plus_depr,0.12,38,876,0.0,4,0.48220992,0.4822196,0.9947923,0.10120634,0.10120634,1.0,9.6753865e-06,9.56006e-05,-27.247728,2.1885867,0.7295289,0.17600001,0.0,0.14886524,7.135068,7.145068,2806400
hardzero_plus_depr__c0p60__z1p10__lam0p010__nu0p50__psi1p00,hardzero_plus_depr,0.12,38,877,0.0,4,0.4822196,0.48223102,0.9182081,0.120723516,0.120723516,1.0,1.1426401e-05,9.464934e-05,-25.777155,2.0200982,0.67336607,0.192,0.0,0.16302855,7.145068,7.1550684,2809600
hardzero_plus_depr__c0p60__z1p10__lam0p010__nu0p50__psi1p00,hardzero_plus_depr,0.12,38,878,0.0,4,0.48223102,0.48224038,1.000564,0.09987021,0.09987021,1.0,9.358591e-06,9.370754e-05,-27.67294,2.2012846,0.73376155,0.096,0.0,0.15052997,7.1550684,7.1650686,2812800
hardzero_plus_depr__c0p60__z1p10__lam0p010__nu0p50__psi1p00,hardzero_plus_depr,0.12,38,879,0.0,4,0.48224038,0.48225075,0.9519942,0.111687824,0.111687824,1.0,1.0361851e-05,9.277512e-05,-27.035444,2.094429,0.698143,0.23200001,0.0,0.17367065,7.1650686,7.175069,2816000
hardzero_plus_depr__c0p60__z1p10__lam0p010__nu0p50__psi1p00,hardzero_plus_depr,0.12,38,880,0.0,4,0.48225075,0.4822608,0.96126956,0.10932777,0.10932777,1.0,1.004197e-05,9.185196e-05,-26.268667,2.1148353,0.7049451,0.15200001,0.0,0.14116861,7.175069,7.185069,2819200
hardzero_plus_depr__c0p60__z1p10__lam0p010__nu0p50__psi1p00,hardzero_plus_depr,0.12,38,881,0.0,4,0.4822608,0.4822726,0.88631546,0.12992255,0.12992255,1.0,1.1814896e-05,9.0937996e-05,-24.367025,1.9499329,0.6499777,0.23200001,0.0,0.13913889,7.185069,7.1950693,2822400
hardzero_plus_depr__c0p60__z1p10__lam0p010__nu0p50__psi1p00,hardzero_plus_depr,0.12,38,882,0.0,4,0.4822726,0.48228145,1.0079669,0.098182276,0.098182276,1.0,8.839657e-06,9.003313e-05,-27.305079,2.2175715,0.7391905,0.17600001,0.0,0.14357904,7.1950693,7.2050695,2825600
hardzero_plus_depr__c0p60__z1p10__lam0p010__nu0p50__psi1p00,hardzero_plus_depr,0.12,38,883,0.0,4,0.48228145,0.48229057,0.9894047,0.10246967,0.10246967,1.0,9.133866e-06,8.913727e-05,-27.008337,2.1767337,0.72557795,0.16800001,0.0,0.12410575,7.2050695,7.21507,2828800
hardzero_plus_depr__c0p60__z1p10__lam0p010__nu0p50__psi1p00,hardzero_plus_depr,0.12,38,884,0.0,4,0.48229057,0.4822994,1.0003831,0.099911824,0.099911824,1.0,8.81725e-06,8.8250315e-05,-27.626808,2.2008867,0.7336289,0.26,0.0,0.16576011,7.21507,7.22507,2832000
hardzero_plus_depr__c0p60__z1p10__lam0p010__nu0p50__psi1p00,hardzero_plus_depr,0.12,38,885,0.0,4,0.4822994,0.48230875,0.96963227,0.107242696,0.107242696,1.0,9.370029e-06,8.737219e-05,-26.963167,2.1332335,0.71107787,0.16000001,0.0,0.16860898,7.22507,7.23507,2835200
hardzero_plus_depr__c0p60__z1p10__lam0p010__nu0p50__psi1p00,hardzero_plus_depr,0.12,38,886,0.0,4,0.48230875,0.48231673,1.0348793,0.09228277,0.09228277,1.0,7.982718e-06,8.65028e-05,-27.338734,2.27678,0.75892663,0.17600001,0.0,0.16222528,7.23507,7.2450705,2838400
hardzero_plus_depr__c0p60__z1p10__lam0p010__nu0p50__psi1p00,hardzero_plus_depr,0.12,38,887,0.0,4,0.48231673,0.48232526,1.001345,0.099690765,0.099690765,1.0,8.537722e-06,8.564206e-05,-26.44637,2.2030032,0.7343344,0.2,0.0,0.16331403,7.2450705,7.2550707,2841600
hardzero_plus_depr__c0p60__z1p10__lam0p010__nu0p50__psi1p00,hardzero_plus_depr,0.12,38,888,0.0,4,0.48232526,0.48233354,1.0094837,0.09783997,0.09783997,1.0,8.295841e-06,8.47899e-05,-27.499432,2.2209084,0.7403028,0.128,0.0,0.1578714,7.2550707,7.265071,2844800
hardzero_plus_depr__c0p60__z1p10__lam0p010__nu0p50__psi1p00,hardzero_plus_depr,0.12,38,889,0.0,4,0.48233354,0.4823422,0.9858771,0.103305355,0.103305355,1.0,8.672092e-06,8.39462e-05,-27.117348,2.168973,0.722991,0.256,0.0,0.15198131,7.265071,7.275071,2848000
hardzero_plus_depr__c0p60__z1p10__lam0p010__nu0p50__psi1p00,hardzero_plus_depr,0.12,38,890,0.0,4,0.4823422,0.48235136,0.9587939,0.109952755,0.109952755,1.0,9.138273e-06,8.31109e-05,-26.161608,2.1093886,0.70312953,0.256,0.008,0.14935993,7.275071,7.2850714,2851200
hardzero_plus_depr__c0p60__z1p10__lam0p010__nu0p50__psi1p00,hardzero_plus_depr,0.12,38,891,0.0,4,0.48235136,0.48236,0.9784307,0.105091915,0.105091915,1.0,8.647374e-06,8.2283914e-05,-27.194918,2.1525905,0.7175302,0.17600001,0.008,0.19771743,7.2850714,7.2950716,2854400
hardzero_plus_depr__c0p60__z1p10__lam0p010__nu0p50__psi1p00,hardzero_plus_depr,0.12,38,892,0.0,4,0.48236,0.48236856,0.979204,0.10490494,0.10490494,1.0,8.546098e-06,8.146516e-05,-27.674576,2.1542919,0.7180973,0.14400001,0.0,0.16776456,7.2950716,7.305072,2857600
hardzero_plus_depr__c0p60__z1p10__lam0p010__nu0p50__psi1p00,hardzero_plus_depr,0.12,38,893,0.0,4,0.48236856,0.48237732,0.96402067,0.108637385,0.108637385,1.0,8.762099e-06,8.065455e-05,-26.666222,2.1208878,0.7069626,0.136,0.0,0.1354168,7.305072,7.315072,2860800
hardzero_plus_depr__c0p60__z1p10__lam0p010__nu0p50__psi1p00,hardzero_plus_depr,0.12,38,894,0.0,4,0.48237732,0.48238495,1.020105,0.095476165,0.095476165,1.0,7.6239626e-06,7.9852e-05,-26.96682,2.2442758,0.74809194,0.14400001,0.0,0.14322866,7.315072,7.3250723,2864000
hardzero_plus_depr__c0p60__z1p10__lam0p010__nu0p50__psi1p00,hardzero_plus_depr,0.12,38,895,0.0,4,0.48238495,0.48239377,0.95181656,0.1117335,0.1117335,1.0,8.833365e-06,7.905745e-05,-25.954664,2.0940382,0.69801277,0.16800001,0.0,0.120879926,7.3250723,7.3350725,2867200
hardzero_plus_depr__c0p60__z1p10__lam0p010__nu0p50__psi1p00,hardzero_plus_depr,0.12,38,896,0.0,4,0.48239377,0.4824019,0.9832907,0.10392243,0.10392243,1.0,8.13409e-06,7.827079e-05,-26.641626,2.1632826,0.72109425,0.224,0.008,0.17886773,7.3350725,7.3450727,2870400
hardzero_plus_depr__c0p60__z1p10__lam0p010__nu0p50__psi1p00,hardzero_plus_depr,0.12,38,897,0.0,4,0.4824019,0.48241112,0.9249265,0.11887032,0.11887032,1.0,9.211494e-06,7.749196e-05,-26.198368,2.034879,0.678293,0.19999999,0.0,0.14226411,7.3450727,7.355073,2873600
hardzero_plus_depr__c0p60__z1p10__lam0p010__nu0p50__psi1p00,hardzero_plus_depr,0.12,38,898,0.0,4,0.48241112,0.4824194,0.967077,0.10787555,0.10787555,1.0,8.276307e-06,7.6720884e-05,-26.331436,2.1276119,0.70920396,0.208,0.0,0.14948812,7.355073,7.365073,2876800
hardzero_plus_depr__c0p60__z1p10__lam0p010__nu0p50__psi1p00,hardzero_plus_depr,0.12,38,899,0.0,4,0.4824194,0.4824277,0.96169895,0.10921972,0.10921972,1.0,8.296055e-06,7.595748e-05,-26.144375,2.1157799,0.70526,0.14400001,0.0,0.13987565,7.365073,7.3750734,2880000
hardzero_plus_depr__c0p60__z1p10__lam0p010__nu0p50__psi1p00,hardzero_plus_depr,0.12,38,900,0.0,4,0.4824277,0.48243526,0.9969612,0.10070216,0.10070216,1.0,7.5729713e-06,7.520168e-05,-26.762058,2.1933584,0.7311195,0.16800001,0.0,0.14496881,7.3750734,7.3850737,2883200
hardzero_plus_depr__c0p60__z1p10__lam0p010__nu0p50__psi1p00,hardzero_plus_depr,0.12,38,901,0.0,4,0.48243526,0.48244378,0.9415405,0.11440882,0.11440882,1.0,8.518125e-06,7.445339e-05,-27.071793,2.0714304,0.69047683,0.17600001,0.0,0.15566209,7.3850737,7.395074,2886400
hardzero_plus_depr__c0p60__z1p10__lam0p010__nu0p50__psi1p00,hardzero_plus_depr,0.12,38,902,0.0,4,0.48244378,0.48245126,0.9928225,0.1016664,0.1016664,1.0,7.4940895e-06,7.371255e-05,-27.244406,2.1842532,0.72808444,0.15200001,0.0,0.17645144,7.395074,7.405074,2889600
hardzero_plus_depr__c0p60__z1p10__lam0p010__nu0p50__psi1p00,hardzero_plus_depr,0.12,38,903,0.0,4,0.48245126,0.48245975,0.9340582,0.116397,0.116397,1.0,8.494546e-06,7.297908e-05,-25.771412,2.054969,0.6849897,0.192,0.0,0.14101681,7.405074,7.4150743,2892800
hardzero_plus_depr__c0p60__z1p10__lam0p010__nu0p50__psi1p00,hardzero_plus_depr,0.12,38,904,0.0,4,0.48245975,0.4824678,0.95311123,0.11140093,0.11140093,1.0,8.049042e-06,7.2252915e-05,-26.75367,2.0968866,0.6989622,0.2,0.0,0.16189604,7.4150743,7.4250746,2896000
hardzero_plus_depr__c0p60__z1p10__lam0p010__nu0p50__psi1p00,hardzero_plus_depr,0.12,38,905,0.0,4,0.4824678,0.4824755,0.9683925,0.10754927,0.10754927,1.0,7.6934275e-06,7.153398e-05,-27.134903,2.130506,0.7101687,0.16000001,0.0,0.14651176,7.4250746,7.435075,2899200
hardzero_plus_depr__c0p60__z1p10__lam0p010__nu0p50__psi1p00,hardzero_plus_depr,0.12,38,906,0.0,4,0.4824755,0.48248354,0.9450908,0.11347736,0.11347736,1.0,8.036714e-06,7.082218e-05,-26.322979,2.0792413,0.6930804,0.208,0.0,0.14270145,7.435075,7.445075,2902400
hardzero_plus_depr__c0p60__z1p10__lam0p010__nu0p50__psi1p00,hardzero_plus_depr,0.12,38,907,0.0,4,0.48248354,0.4824912,0.9618753,0.10917536,0.10917536,1.0,7.6551e-06,7.0117465e-05,-26.07828,2.116168,0.7053894,0.192,0.0,0.15371965,7.445075,7.4550753,2905600
hardzero_plus_depr__c0p60__z1p10__lam0p010__nu0p50__psi1p00,hardzero_plus_depr,0.12,38,908,0.0,4,0.4824912,0.4824982,0.99691266,0.10071342,0.10071342,1.0,6.9915027e-06,6.941977e-05,-27.28961,2.1932516,0.73108387,0.16800001,0.0,0.16111436,7.4550753,7.4650755,2908800
hardzero_plus_depr__c0p60__z1p10__lam0p010__nu0p50__psi1p00,hardzero_plus_depr,0.12,38,909,0.0,4,0.4824982,0.48250592,0.9488259,0.11250558,0.11250558,1.0,7.7323975e-06,6.8729016e-05,-26.32381,2.0874586,0.69581956,0.2,0.0,0.13252462,7.4650755,7.4750757,2912000
hardzero_plus_depr__c0p60__z1p10__lam0p010__nu0p50__psi1p00,hardzero_plus_depr,0.12,38,910,0.0,4,0.48250592,0.48251316,0.9720878,0.106638044,0.106638044,1.0,7.2562e-06,6.8045134e-05,-26.078066,2.1386359,0.71287864,0.19,0.0,0.12915722,7.4750757,7.485076,2915200
hardzero_plus_depr__c0p60__z1p10__lam0p010__nu0p50__psi1p00,hardzero_plus_depr,0.12,38,911,0.0,4,0.48251316,0.48252058,0.95831335,0.11007448,0.11007448,1.0,7.4155046e-06,6.736806e-05,-26.843916,2.1083314,0.70277715,0.16800001,0.0,0.15348494,7.485076,7.495076,2918400
hardzero_plus_depr__c0p60__z1p10__lam0p010__nu0p50__psi1p00,hardzero_plus_depr,0.12,38,912,0.0,4,0.48252058,0.48252758,0.97875637,0.10501315,0.10501315,1.0,7.0041374e-06,6.669772e-05,-26.279009,2.153307,0.717769,0.16000001,0.0,0.14311805,7.495076,7.5050764,2921600
hardzero_plus_depr__c0p60__z1p10__lam0p010__nu0p50__psi1p00,hardzero_plus_depr,0.12,38,913,0.0,4,0.48252758,0.48253486,0.95780617,0.11020309,0.11020309,1.0,7.2771572e-06,6.603406e-05,-26.267399,2.1072156,0.7024052,0.18400002,0.0,0.15852647,7.5050764,7.5150766,2924800
hardzero_plus_depr__c0p60__z1p10__lam0p010__nu0p50__psi1p00,hardzero_plus_depr,0.12,38,914,0.0,4,0.48253486,0.48254105,1.0233856,0.094757654,0.094757654,1.0,6.1949695e-06,6.537698e-05,-27.508404,2.2514935,0.7504978,0.15200001,0.0,0.14733241,7.5150766,7.525077,2928000
hardzero_plus_depr__c0p60__z1p10__lam0p010__nu0p50__psi1p00,hardzero_plus_depr,0.12,38,915,0.0,4,0.48254105,0.48254812,0.96229714,0.10906936,0.10906936,1.0,7.059674e-06,6.472646e-05,-26.240248,2.117096,0.70569867,0.28,0.0,0.13589597,7.525077,7.535077,2931200
hardzero_plus_depr__c0p60__z1p10__lam0p010__nu0p50__psi1p00,hardzero_plus_depr,0.12,38,916,0.0,4,0.48254812,0.48255622,0.89850104,0.12632781,0.12632781,1.0,8.0953905e-06,6.408241e-05,-25.07556,1.9767418,0.65891397,0.192,0.0,0.13682984,7.535077,7.5450773,2934400
hardzero_plus_depr__c0p60__z1p10__lam0p010__nu0p50__psi1p00,hardzero_plus_depr,0.12,38,917,0.0,4,0.48255622,0.48256305,0.96827036,0.10757954,0.10757954,1.0,6.825359e-06,6.344477e-05,-27.170364,2.1302373,0.71007913,0.256,0.0,0.16259833,7.5450773,7.5550776,2937600
hardzero_plus_depr__c0p60__z1p10__lam0p010__nu0p50__psi1p00,hardzero_plus_depr,0.12,38,918,0.0,4,0.48256305,0.4825691,1.0167618,0.09621399,0.09621399,1.0,6.043534e-06,6.2813466e-05,-27.702826,2.2369206,0.7456402,0.17600001,0.0,0.18071029,7.5550776,7.565078,2940800
hardzero_plus_depr__c0p60__z1p10__lam0p010__nu0p50__psi1p00,hardzero_plus_depr,0.12,38,919,0.0,4,0.4825691,0.4825763,0.9351936,0.11609311,0.11609311,1.0,7.21965e-06,6.218845e-05,-26.480337,2.057467,0.68582237,0.15200001,0.0,0.12960039,7.565078,7.575078,2944000
hardzero_plus_depr__c0p60__z1p10__lam0p010__nu0p50__psi1p00,hardzero_plus_depr,0.12,38,920,0.0,4,0.4825763,0.48258212,1.0258465,0.09422225,0.09422225,1.0,5.8012306e-06,6.156965e-05,-27.74379,2.2569072,0.7523024,0.104,0.0,0.1807771,7.575078,7.5850782,2947200
hardzero_plus_depr__c0p60__z1p10__lam0p010__nu0p50__psi1p00,hardzero_plus_depr,0.12,38,921,0.0,4,0.48258212,0.48258922,0.9343157,0.116328,0.116328,1.0,7.0910064e-06,6.0957005e-05,-25.684353,2.0555356,0.6851785,0.192,0.0,0.13942236,7.5850782,7.5950785,2950400
hardzero_plus_depr__c0p60__z1p10__lam0p010__nu0p50__psi1p00,hardzero_plus_depr,0.12,38,922,0.0,4,0.48258922,0.4825957,0.96777827,0.10770148,0.10770148,1.0,6.4998335e-06,6.0350456e-05,-27.116299,2.1291547,0.7097182,0.18400002,0.0,0.16049713,7.5950785,7.6050787,2953600
hardzero_plus_depr__c0p60__z1p10__lam0p010__nu0p50__psi1p00,hardzero_plus_depr,0.12,38,923,0.0,4,0.4825957,0.4826027,0.9323909,0.11684471,0.11684471,1.0,6.9814655e-06,5.974995e-05,-26.24144,2.051301,0.683767,0.21,0.0,0.14261404,7.6050787,7.615079,2956800
hardzero_plus_depr__c0p60__z1p10__lam0p010__nu0p50__psi1p00,hardzero_plus_depr,0.12,38,924,0.0,4,0.4826027,0.48260924,0.955379,0.11082072,0.11082072,1.0,6.555645e-06,5.9155413e-05,-25.833279,2.1018758,0.7006253,0.208,0.0,0.15551232,7.615079,7.625079,2960000
hardzero_plus_depr__c0p60__z1p10__lam0p010__nu0p50__psi1p00,hardzero_plus_depr,0.12,38,925,0.0,4,0.48260924,0.48261538,0.9800839,0.10469264,0.10469264,1.0,6.1315122e-06,5.8566795e-05,-26.917484,2.1562276,0.71874255,0.120000005,0.0,0.1518741,7.625079,7.6350794,2963200
hardzero_plus_depr__c0p60__z1p10__lam0p010__nu0p50__psi1p00,hardzero_plus_depr,0.12,38,926,0.0,4,0.48261538,0.48262182,0.95488787,0.110946104,0.110946104,1.0,6.4331025e-06,5.798403e-05,-25.949278,2.1007953,0.7002651,0.16000001,0.0,0.13147753,7.6350794,7.6450796,2966400
hardzero_plus_depr__c0p60__z1p10__lam0p010__nu0p50__psi1p00,hardzero_plus_depr,0.12,38,927,0.0,4,0.48262182,0.4826285,0.9348935,0.11617335,0.11617335,1.0,6.6691705e-06,5.7407062e-05,-25.470348,2.0568068,0.6856023,0.17600001,0.0,0.12548722,7.6450796,7.65508,2969600
hardzero_plus_depr__c0p60__z1p10__lam0p010__nu0p50__psi1p00,hardzero_plus_depr,0.12,38,928,0.0,4,0.4826285,0.48263443,0.9809185,0.10449162,0.10449162,1.0,5.9388694e-06,5.6835845e-05,-26.729355,2.158064,0.7193546,0.15200001,0.0,0.16267723,7.65508,7.66508,2972800
hardzero_plus_depr__c0p60__z1p10__lam0p010__nu0p50__psi1p00,hardzero_plus_depr,0.12,38,929,0.0,4,0.48263443,0.4826409,0.93876934,0.11514117,0.11514117,1.0,6.479029e-06,5.6270306e-05,-25.385094,2.0653338,0.6884446,0.224,0.0,0.11618864,7.66508,7.6750803,2976000
hardzero_plus_depr__c0p60__z1p10__lam0p010__nu0p50__psi1p00,hardzero_plus_depr,0.12,38,930,0.0,4,0.4826409,0.4826465,0.9966819,0.100766934,0.100766934,1.0,5.6137656e-06,5.5710392e-05,-27.373415,2.192744,0.7309147,0.17600001,0.0,0.166456,7.6750803,7.6850805,2979200
hardzero_plus_depr__c0p60__z1p10__lam0p010__nu0p50__psi1p00,hardzero_plus_depr,0.12,38,931,0.0,4,0.4826465,0.48265213,0.9907103,0.102162056,0.102162056,1.0,5.634856e-06,5.5156055e-05,-26.592474,2.1796062,0.72653544,0.18400002,0.0,0.15864009,7.6850805,7.6950808,2982400
hardzero_plus_depr__c0p60__z1p10__lam0p010__nu0p50__psi1p00,hardzero_plus_depr,0.12,38,932,0.0,4,0.48265213,0.48265827,0.9495371,0.11232151,0.11232151,1.0,6.1335663e-06,5.4607226e-05,-26.242395,2.0890234,0.69634116,0.17600001,0.0,0.13184693,7.6950808,7.705081,2985600
hardzero_plus_depr__c0p60__z1p10__lam0p010__nu0p50__psi1p00,hardzero_plus_depr,0.12,38,933,0.0,4,0.48265827,0.4826641,0.9658342,0.10818467,0.10818467,1.0,5.8488818e-06,5.406387e-05,-26.611586,2.1248777,0.7082926,0.15200001,0.0,0.15144607,7.705081,7.715081,2988800
hardzero_plus_depr__c0p60__z1p10__lam0p010__nu0p50__psi1p00,hardzero_plus_depr,0.12,38,934,0.0,4,0.4826641,0.48266935,1.0095726,0.097819924,0.097819924,1.0,5.2359005e-06,5.352591e-05,-27.53029,2.2211041,0.74036807,0.16000001,0.008,0.17180875,7.715081,7.7250814,2992000
hardzero_plus_depr__c0p60__z1p10__lam0p010__nu0p50__psi1p00,hardzero_plus_depr,0.12,38,935,0.0,4,0.48266935,0.4826755,0.9357334,0.115948886,0.115948886,1.0,6.144515e-06,5.2993306e-05,-25.984041,2.0586545,0.6862182,0.15200001,0.0,0.13993026,7.7250814,7.7350817,2995200
hardzero_plus_depr__c0p60__z1p10__lam0p010__nu0p50__psi1p00,hardzero_plus_depr,0.12,38,936,0.0,4,0.4826755,0.48268119,0.9641647,0.10860137,0.10860137,1.0,5.6978797e-06,5.2466003e-05,-26.530247,2.1212046,0.7070682,0.19,0.0,0.15267523,7.7350817,7.745082,2998400
hardzero_plus_depr__c0p60__z1p10__lam0p010__nu0p50__psi1p00,hardzero_plus_depr,0.12,38,937,0.0,4,0.48268119,0.48268667,0.9754966,0.105804324,0.105804324,1.0,5.4958937e-06,5.194394e-05,-25.956768,2.1461353,0.71537846,0.096,0.0,0.10699679,7.745082,7.755082,3001600
hardzero_plus_depr__c0p60__z1p10__lam0p010__nu0p50__psi1p00,hardzero_plus_depr,0.12,38,938,0.0,4,0.48268667,0.48269224,0.96460354,0.10849168,0.10849168,1.0,5.5794103e-06,5.142708e-05,-26.569548,2.1221702,0.70739007,0.256,0.0,0.14508732,7.755082,7.7650824,3004800
hardzero_plus_depr__c0p60__z1p10__lam0p010__nu0p50__psi1p00,hardzero_plus_depr,0.12,38,939,0.0,4,0.48269224,0.48269784,0.9581302,0.110120915,0.110120915,1.0,5.606846e-06,5.091536e-05,-26.683985,2.1079285,0.70264286,0.14400001,0.008,0.18111095,7.7650824,7.7750826,3008000
hardzero_plus_depr__c0p60__z1p10__lam0p010__nu0p50__psi1p00,hardzero_plus_depr,0.12,38,940,0.0,4,0.48269784,0.48270285,1.0040967,0.09906113,0.09906113,1.0,4.9935456e-06,5.040873e-05,-27.446896,2.2090569,0.7363523,0.17600001,0.0,0.15114963,7.7750826,7.785083,3011200
hardzero_plus_depr__c0p60__z1p10__lam0p010__nu0p50__psi1p00,hardzero_plus_depr,0.12,38,941,0.0,4,0.48270285,0.48270845,0.9507958,0.11199642,0.11199642,1.0,5.5894216e-06,4.9907147e-05,-26.25361,2.0917926,0.6972642,0.208,0.0,0.16646378,7.785083,7.795083,3014400
hardzero_plus_depr__c0p60__z1p10__lam0p010__nu0p50__psi1p00,hardzero_plus_depr,0.12,38,942,0.0,4,0.48270845,0.48271334,1.0046374,0.0989379,0.0989379,1.0,4.888576e-06,4.9410548e-05,-27.341898,2.2102463,0.7367488,0.120000005,0.0,0.16245809,7.795083,7.8050833,3017600
hardzero_plus_depr__c0p60__z1p10__lam0p010__nu0p50__psi1p00,hardzero_plus_depr,0.12,38,943,0.0,4,0.48271334,0.4827194,0.9084954,0.12345384,0.12345384,1.0,6.039226e-06,4.8918897e-05,-25.421602,1.9987298,0.6662433,0.216,0.0,0.1241648,7.8050833,7.8150835,3020800
hardzero_plus_depr__c0p60__z1p10__lam0p010__nu0p50__psi1p00,hardzero_plus_depr,0.12,38,944,0.0,4,0.4827194,0.48272473,0.9590253,0.10989418,0.10989418,1.0,5.3224094e-06,4.843213e-05,-27.113033,2.1098979,0.7032993,0.16000001,0.0,0.13762154,7.8150835,7.8250837,3024000
hardzero_plus_depr__c0p60__z1p10__lam0p010__nu0p50__psi1p00,hardzero_plus_depr,0.12,38,945,0.0,4,0.48272473,0.48273006,0.9534759,0.11130742,0.11130742,1.0,5.3372146e-06,4.7950212e-05,-26.581514,2.097689,0.69922966,0.208,0.0,0.1668749,7.8250837,7.835084,3027200
hardzero_plus_depr__c0p60__z1p10__lam0p010__nu0p50__psi1p00,hardzero_plus_depr,0.12,38,946,0.0,4,0.48273006,0.48273486,0.9961496,0.100890525,0.100890525,1.0,4.7895855e-06,4.7473095e-05,-27.372566,2.191573,0.7305243,0.16000001,0.0,0.15266888,7.835084,7.845084,3030400
hardzero_plus_depr__c0p60__z1p10__lam0p010__nu0p50__psi1p00,hardzero_plus_depr,0.12,38,947,0.0,4,0.48273486,0.48273954,1.0006698,0.099845886,0.099845886,1.0,4.692828e-06,4.7000714e-05,-27.369398,2.2015176,0.7338392,0.24800001,0.0,0.17571595,7.845084,7.8550844,3033600
hardzero_plus_depr__c0p60__z1p10__lam0p010__nu0p50__psi1p00,hardzero_plus_depr,0.12,38,948,0.0,4,0.48273954,0.4827444,0.98132133,0.104394756,0.104394756,1.0,4.857805e-06,4.6533038e-05,-26.286219,2.15895,0.71965003,0.2,0.0,0.1332531,7.8550844,7.8650846,3036800
hardzero_plus_depr__c0p60__z1p10__lam0p010__nu0p50__psi1p00,hardzero_plus_depr,0.12,38,949,0.0,4,0.4827444,0.48274907,0.99281704,0.10166769,0.10166769,1.0,4.683832e-06,4.6070014e-05,-26.678757,2.184241,0.7280804,0.17,0.0,0.19337358,7.8650846,7.875085,3040000
hardzero_plus_depr__c0p60__z1p10__lam0p010__nu0p50__psi1p00,hardzero_plus_depr,0.12,38,950,0.0,4,0.48274907,0.482754,0.96681064,0.10794172,0.10794172,1.0,4.923395e-06,4.5611603e-05,-26.311005,2.1270258,0.70900863,0.15200001,0.0,0.15431298,7.875085,7.885085,3043200
hardzero_plus_depr__c0p60__z1p10__lam0p010__nu0p50__psi1p00,hardzero_plus_depr,0.12,38,951,0.0,4,0.482754,0.4827587,0.98104715,0.10446068,0.10446068,1.0,4.7172093e-06,4.515775e-05,-26.808361,2.158347,0.719449,0.208,0.0,0.16001615,7.885085,7.8950853,3046400
hardzero_plus_depr__c0p60__z1p10__lam0p010__nu0p50__psi1p00,hardzero_plus_depr,0.12,38,952,0.0,4,0.4827587,0.48276427,0.90505195,0.12443657,0.12443657,1.0,5.5633614e-06,4.470841e-05,-25.820282,1.9911541,0.66371804,0.192,0.0,0.16089785,7.8950853,7.9050856,3049600
hardzero_plus_depr__c0p60__z1p10__lam0p010__nu0p50__psi1p00,hardzero_plus_depr,0.12,38,953,0.0,4,0.48276427,0.48276904,0.96671355,0.107965864,0.107965864,1.0,4.7789517e-06,4.4263543e-05,-25.973537,2.1268122,0.7089374,0.136,0.0,0.14187175,7.9050856,7.915086,3052800
hardzero_plus_depr__c0p60__z1p10__lam0p010__nu0p50__psi1p00,hardzero_plus_depr,0.12,38,954,0.0,4,0.48276904,0.48277372,0.97144103,0.106796965,0.106796965,1.0,4.6801742e-06,4.3823104e-05,-26.580662,2.137213,0.7124044,0.16000001,0.0,0.13867186,7.915086,7.925086,3056000
hardzero_plus_depr__c0p60__z1p10__lam0p010__nu0p50__psi1p00,hardzero_plus_depr,0.12,38,955,0.0,4,0.48277372,0.4827784,0.96811444,0.10761817,0.10761817,1.0,4.6692344e-06,4.3387045e-05,-26.774096,2.1298943,0.70996475,0.16800001,0.0,0.17922235,7.925086,7.9350863,3059200
hardzero_plus_depr__c0p60__z1p10__lam0p010__nu0p50__psi1p00,hardzero_plus_depr,0.12,38,956,0.0,4,0.4827784,0.48278284,0.9847632,0.10357066,0.10357066,1.0,4.4489125e-06,4.2955333e-05,-27.28144,2.1665223,0.7221741,0.16000001,0.0,0.16725561,7.9350863,7.9450865,3062400
hardzero_plus_depr__c0p60__z1p10__lam0p010__nu0p50__psi1p00,hardzero_plus_depr,0.12,38,957,0.0,4,0.48278284,0.48278722,0.9866382,0.10312449,0.10312449,1.0,4.385669e-06,4.2527907e-05,-27.32553,2.1706474,0.7235491,0.192,0.0,0.14241685,7.9450865,7.9550867,3065600
hardzero_plus_depr__c0p60__z1p10__lam0p010__nu0p50__psi1p00,hardzero_plus_depr,0.12,38,958,0.0,4,0.48278722,0.4827915,0.99032277,0.102253266,0.102253266,1.0,4.3053474e-06,4.210474e-05,-27.316547,2.1787536,0.72625124,0.16000001,0.0,0.16521211,7.9550867,7.965087,3068800
hardzero_plus_depr__c0p60__z1p10__lam0p010__nu0p50__psi1p00,hardzero_plus_depr,0.12,38,959,0.0,4,0.4827915,0.4827963,0.93914354,0.115042,0.115042,1.0,4.7956155e-06,4.168578e-05,-26.118849,2.066157,0.68871903,0.18400002,0.0,0.1605071,7.965087,7.975087,3072000
hardzero_plus_depr__c0p60__z1p10__lam0p010__nu0p50__psi1p00,hardzero_plus_depr,0.12,38,960,0.0,4,0.4827963,0.48280084,0.958161,0.11011309,0.11011309,1.0,4.5444767e-06,4.1270992e-05,-26.41601,2.1079962,0.70266545,0.208,0.0,0.12920299,7.975087,7.9850874,3075200
hardzero_plus_depr__c0p60__z1p10__lam0p010__nu0p50__psi1p00,hardzero_plus_depr,0.12,38,961,0.0,4,0.48280084,0.4828047,1.0275137,0.09386122,0.09386122,1.0,3.8352e-06,4.0860326e-05,-28.24844,2.2605753,0.75352514,0.14400001,0.0,0.1299612,7.9850874,7.9950876,3078400
hardzero_plus_depr__c0p60__z1p10__lam0p010__nu0p50__psi1p00,hardzero_plus_depr,0.12,38,962,0.0,4,0.4828047,0.4828091,0.96182203,0.109188765,0.109188765,1.0,4.417095e-06,4.0453753e-05,-26.543322,2.1160507,0.7053503,0.14,0.0,0.13886207,7.9950876,8.005088,3081600
hardzero_plus_depr__c0p60__z1p10__lam0p010__nu0p50__psi1p00,hardzero_plus_depr,0.12,38,963,0.0,4,0.4828091,0.482813,1.0097528,0.097779356,0.097779356,1.0,3.9161823e-06,4.0051218e-05,-27.037079,2.2215004,0.74050015,0.17600001,0.0,0.15362214,8.005088,8.015088,3084800
hardzero_plus_depr__c0p60__z1p10__lam0p010__nu0p50__psi1p00,hardzero_plus_depr,0.12,38,964,0.0,4,0.482813,0.48281747,0.947789,0.11277451,0.11277451,1.0,4.4718136e-06,3.9652696e-05,-26.004784,2.0851774,0.6950592,0.18400002,0.0,0.14975534,8.015088,8.025088,3088000
hardzero_plus_depr__c0p60__z1p10__lam0p010__nu0p50__psi1p00,hardzero_plus_depr,0.12,38,965,0.0,4,0.48281747,0.48282182,0.955903,0.11068711,0.11068711,1.0,4.3453697e-06,3.925814e-05,-25.801714,2.1030285,0.7010095,0.2,0.0,0.15227333,8.025088,8.035089,3091200
hardzero_plus_depr__c0p60__z1p10__lam0p010__nu0p50__psi1p00,hardzero_plus_depr,0.12,38,966,0.0,4,0.48282182,0.48282614,0.9539806,0.11117812,0.11117812,1.0,4.3212162e-06,3.8867503e-05,-25.548452,2.0987992,0.69959974,0.2,0.0,0.13698205,8.035089,8.045089,3094400
hardzero_plus_depr__c0p60__z1p10__lam0p010__nu0p50__psi1p00,hardzero_plus_depr,0.12,38,967,0.0,4,0.48282614,0.48283005,0.9938137,0.10143465,0.10143465,1.0,3.9032816e-06,3.8480754e-05,-27.345526,2.1864338,0.72881126,0.136,0.0,0.20758393,8.045089,8.055089,3097600
hardzero_plus_depr__c0p60__z1p10__lam0p010__nu0p50__psi1p00,hardzero_plus_depr,0.12,38,968,0.0,4,0.48283005,0.4828336,1.0321572,0.092863016,0.092863016,1.0,3.5378819e-06,3.8097856e-05,-26.98779,2.270791,0.75693035,0.2,0.0,0.13787015,8.055089,8.065089,3100800
hardzero_plus_depr__c0p60__z1p10__lam0p010__nu0p50__psi1p00,hardzero_plus_depr,0.12,38,969,0.0,4,0.4828336,0.48283738,0.99961203,0.10008937,0.10008937,1.0,3.7752475e-06,3.7718764e-05,-27.553314,2.1991904,0.73306346,0.18400002,0.0,0.15817225,8.065089,8.075089,3104000
hardzero_plus_depr__c0p60__z1p10__lam0p010__nu0p50__psi1p00,hardzero_plus_depr,0.12,38,970,0.0,4,0.48283738,0.4828417,0.9357813,0.115936115,0.115936115,1.0,4.329455e-06,3.7343452e-05,-26.36744,2.05876,0.6862533,0.18400002,0.0,0.14913821,8.075089,8.08509,3107200
hardzero_plus_depr__c0p60__z1p10__lam0p010__nu0p50__psi1p00,hardzero_plus_depr,0.12,38,971,0.0,4,0.4828417,0.4828458,0.95295197,0.111441776,0.111441776,1.0,4.1202106e-06,3.697187e-05,-25.94553,2.0965362,0.6988454,0.16000001,0.0,0.15015188,8.08509,8.09509,3110400
hardzero_plus_depr__c0p60__z1p10__lam0p010__nu0p50__psi1p00,hardzero_plus_depr,0.12,38,972,0.0,4,0.4828458,0.48285004,0.936444,0.115759335,0.115759335,1.0,4.2372526e-06,3.6603982e-05,-26.402708,2.0602179,0.6867393,0.14400001,0.0,0.15697864,8.09509,8.10509,3113600
hardzero_plus_depr__c0p60__z1p10__lam0p010__nu0p50__psi1p00,hardzero_plus_depr,0.12,38,973,0.0,4,0.48285004,0.4828538,0.98606676,0.10326027,0.10326027,1.0,3.7421278e-06,3.6239762e-05,-27.228603,2.1693902,0.7231301,0.16000001,0.0,0.17547844,8.10509,8.11509,3116800
hardzero_plus_depr__c0p60__z1p10__lam0p010__nu0p50__psi1p00,hardzero_plus_depr,0.12,38,974,0.0,4,0.4828538,0.48285776,0.9563718,0.11056768,0.11056768,1.0,3.9670754e-06,3.587916e-05,-27.581888,2.10406,0.7013533,0.16800001,0.0,0.16062927,8.11509,8.125091,3120000
hardzero_plus_depr__c0p60__z1p10__lam0p010__nu0p50__psi1p00,hardzero_plus_depr,0.12,38,975,0.0,4,0.48285776,0.4828614,0.9885241,0.102677636,0.102677636,1.0,3.6473302e-06,3.552215e-05,-26.26372,2.1747963,0.72493213,0.17,0.0,0.15086778,8.125091,8.135091,3123200
hardzero_plus_depr__c0p60__z1p10__lam0p010__nu0p50__psi1p00,hardzero_plus_depr,0.12,38,976,0.0,4,0.4828614,0.48286536,0.94761324,0.11282017,0.11282017,1.0,3.9677375e-06,3.516869e-05,-26.59015,2.0847907,0.69493026,0.17600001,0.0,0.1472597,8.135091,8.145091,3126400
hardzero_plus_depr__c0p60__z1p10__lam0p010__nu0p50__psi1p00,hardzero_plus_depr,0.12,38,977,0.0,4,0.48286536,0.48286885,0.999536,0.10010689,0.10010689,1.0,3.4855964e-06,3.4818746e-05,-27.196224,2.199023,0.73300767,0.14400001,0.0,0.1536644,8.145091,8.155091,3129600
hardzero_plus_depr__c0p60__z1p10__lam0p010__nu0p50__psi1p00,hardzero_plus_depr,0.12,38,978,0.0,4,0.48286885,0.4828722,1.0148715,0.09663367,0.09663367,1.0,3.3311837e-06,3.4472287e-05,-27.13302,2.2327619,0.744254,0.16800001,0.0,0.14182523,8.155091,8.1650915,3132800
hardzero_plus_depr__c0p60__z1p10__lam0p010__nu0p50__psi1p00,hardzero_plus_depr,0.12,38,979,0.0,4,0.4828722,0.48287603,0.94829744,0.112642564,0.112642564,1.0,3.844409e-06,3.4129276e-05,-26.430723,2.086296,0.69543207,0.18400002,0.0,0.14697324,8.1650915,8.175092,3136000
hardzero_plus_depr__c0p60__z1p10__lam0p010__nu0p50__psi1p00,hardzero_plus_depr,0.12,38,980,0.0,4,0.48287603,0.4828794,1.0000947,0.09997821,0.09997821,1.0,3.3782308e-06,3.378967e-05,-27.253475,2.2002523,0.73341745,0.136,0.0,0.16440514,8.175092,8.185092,3139200
hardzero_plus_depr__c0p60__z1p10__lam0p010__nu0p50__psi1p00,hardzero_plus_depr,0.12,38,981,0.0,4,0.4828794,0.48288286,0.9849117,0.103535265,0.103535265,1.0,3.463612e-06,3.3453452e-05,-26.92816,2.166849,0.722283,0.128,0.0,0.17954536,8.185092,8.195092,3142400
hardzero_plus_depr__c0p60__z1p10__lam0p010__nu0p50__psi1p00,hardzero_plus_depr,0.12,38,982,0.0,4,0.48288286,0.48288646,0.9645087,0.10851538,0.10851538,1.0,3.5940925e-06,3.312058e-05,-27.192295,2.1219616,0.7073206,0.2,0.0,0.16368505,8.195092,8.205092,3145600
hardzero_plus_depr__c0p60__z1p10__lam0p010__nu0p50__psi1p00,hardzero_plus_depr,0.12,38,983,0.0,4,0.48288646,0.4828901,0.95624334,0.110600404,0.110600404,1.0,3.6266993e-06,3.2791013e-05,-26.81248,2.1037774,0.70125914,0.216,0.0,0.15321164,8.205092,8.215093,3148800
hardzero_plus_depr__c0p60__z1p10__lam0p010__nu0p50__psi1p00,hardzero_plus_depr,0.12,38,984,0.0,4,0.4828901,0.48289362,0.96711135,0.107867,0.107867,1.0,3.5018732e-06,3.246473e-05,-27.254923,2.1276875,0.7092292,0.17600001,0.0,0.13540007,8.215093,8.225093,3152000
hardzero_plus_depr__c0p60__z1p10__lam0p010__nu0p50__psi1p00,hardzero_plus_depr,0.12,38,985,0.0,4,0.48289362,0.48289734,0.9355943,0.11598601,0.11598601,1.0,3.7279867e-06,3.2141692e-05,-25.849012,2.0583487,0.6861162,0.23200001,0.0,0.1359548,8.225093,8.235093,3155200
hardzero_plus_depr__c0p60__z1p10__lam0p010__nu0p50__psi1p00,hardzero_plus_depr,0.12,38,986,0.0,4,0.48289734,0.48290083,0.95908886,0.109878086,0.109878086,1.0,3.4965265e-06,3.1821874e-05,-26.132412,2.1100376,0.7033459,0.18400002,0.0,0.14297183,8.235093,8.245093,3158400
hardzero_plus_depr__c0p60__z1p10__lam0p010__nu0p50__psi1p00,hardzero_plus_depr,0.12,38,987,0.0,4,0.48290083,0.4829041,0.98085004,0.10450809,0.10450809,1.0,3.2925518e-06,3.1505235e-05,-26.864113,2.1579132,0.71930444,0.18400002,0.0,0.19946478,8.245093,8.255094,3161600
hardzero_plus_depr__c0p60__z1p10__lam0p010__nu0p50__psi1p00,hardzero_plus_depr,0.12,38,988,0.0,4,0.4829041,0.48290753,0.96045345,0.109533384,0.109533384,1.0,3.416537e-06,3.1191743e-05,-24.873705,2.1130397,0.7043466,0.14999999,0.0,0.14534889,8.255094,8.265094,3164800
hardzero_plus_depr__c0p60__z1p10__lam0p010__nu0p50__psi1p00,hardzero_plus_depr,0.12,38,989,0.0,4,0.48290753,0.48291075,0.9828044,0.10403884,0.10403884,1.0,3.212862e-06,3.0881372e-05,-26.68369,2.1622128,0.72073764,0.192,0.0,0.15208457,8.265094,8.275094,3168000
hardzero_plus_depr__c0p60__z1p10__lam0p010__nu0p50__psi1p00,hardzero_plus_depr,0.12,38,990,0.0,4,0.48291075,0.482914,0.9744507,0.10605942,0.10605942,1.0,3.2426701e-06,3.057409e-05,-26.394472,2.1438344,0.7146115,0.17600001,0.008,0.16439381,8.275094,8.285094,3171200
hardzero_plus_depr__c0p60__z1p10__lam0p010__nu0p50__psi1p00,hardzero_plus_depr,0.12,38,991,0.0,4,0.482914,0.48291695,1.0127306,0.09711122,0.09711122,1.0,2.9395435e-06,3.0269866e-05,-27.927223,2.228052,0.742684,0.16800001,0.0,0.16410561,8.285094,8.2950945,3174400
hardzero_plus_depr__c0p60__z1p10__lam0p010__nu0p50__psi1p00,hardzero_plus_depr,0.12,38,992,0.0,4,0.48291695,0.48292023,0.9616558,0.10923056,0.10923056,1.0,3.2734947e-06,2.996867e-05,-26.981369,2.115685,0.7052283,0.208,0.0,0.16868821,8.2950945,8.305095,3177600
hardzero_plus_depr__c0p60__z1p10__lam0p010__nu0p50__psi1p00,hardzero_plus_depr,0.12,38,993,0.0,4,0.48292023,0.48292357,0.9495474,0.11231883,0.11231883,1.0,3.3325523e-06,2.967047e-05,-25.851137,2.089046,0.69634867,0.208,0.0,0.13499759,8.305095,8.315095,3180800
hardzero_plus_depr__c0p60__z1p10__lam0p010__nu0p50__psi1p00,hardzero_plus_depr,0.12,38,994,0.0,4,0.48292357,0.48292705,0.92461985,0.11895429,0.11895429,1.0,3.4943107e-06,2.9375238e-05,-25.602957,2.0342042,0.6780681,0.216,0.0,0.15215938,8.315095,8.325095,3184000
hardzero_plus_depr__c0p60__z1p10__lam0p010__nu0p50__psi1p00,hardzero_plus_depr,0.12,38,995,0.0,4,0.48292705,0.4829303,0.95179814,0.11173824,0.11173824,1.0,3.2496764e-06,2.908294e-05,-26.837337,2.0939977,0.69799924,0.216,0.008,0.16622712,8.325095,8.335095,3187200
hardzero_plus_depr__c0p60__z1p10__lam0p010__nu0p50__psi1p00,hardzero_plus_depr,0.12,38,996,0.0,4,0.4829303,0.4829337,0.9287536,0.117827415,0.117827415,1.0,3.3926701e-06,2.8793555e-05,-26.979101,2.0432987,0.6810996,0.23200001,0.0,0.16787605,8.335095,8.345096,3190400
hardzero_plus_depr__c0p60__z1p10__lam0p010__nu0p50__psi1p00,hardzero_plus_depr,0.12,38,997,0.0,4,0.4829337,0.48293692,0.9481995,0.11266798,0.11266798,1.0,3.2118314e-06,2.8507047e-05,-25.54567,2.0860806,0.6953602,0.16000001,0.0,0.13564864,8.345096,8.355096,3193600
hardzero_plus_depr__c0p60__z1p10__lam0p010__nu0p50__psi1p00,hardzero_plus_depr,0.12,38,998,0.0,4,0.48293692,0.48293978,0.99457043,0.10125804,0.10125804,1.0,2.8578454e-06,2.8223392e-05,-27.169968,2.1880987,0.72936624,0.18400002,0.0,0.20396915,8.355096,8.365096,3196800
hardzero_plus_depr__c0p60__z1p10__lam0p010__nu0p50__psi1p00,hardzero_plus_depr,0.12,38,999,0.0,4,0.48293978,0.48294294,0.9477863,0.11277524,0.11277524,1.0,3.1512286e-06,2.7942559e-05,-26.184546,2.0851715,0.69505715,0.16800001,0.0,0.15207309,8.365096,8.375096,3200000
hardzero_plus_depr__c0p60__z1p10__lam0p010__nu0p50__psi1p00,hardzero_plus_depr,0.12,38,1000,0.0,4,0.48294294,0.48294583,0.97956955,0.10481669,0.10481669,1.0,2.8997033e-06,2.7664519e-05,-26.143957,2.155096,0.7183654,0.136,0.0,0.1530869,8.375096,8.385097,3203200
hardzero_plus_depr__c0p60__z1p10__lam0p010__nu0p50__psi1p00,hardzero_plus_depr,0.12,38,1001,0.0,4,0.48294583,0.48294884,0.96097803,0.10940117,0.10940117,1.0,2.9964153e-06,2.7389246e-05,-26.96197,2.114194,0.70473135,0.22999999,0.0,0.13702475,8.385097,8.395097,3206400
hardzero_plus_depr__c0p60__z1p10__lam0p010__nu0p50__psi1p00,hardzero_plus_depr,0.12,38,1002,0.0,4,0.48294884,0.482952,0.9344805,0.116283886,0.116283886,1.0,3.1532365e-06,2.7116712e-05,-25.50817,2.0558982,0.6852994,0.15200001,0.0,0.14275236,8.395097,8.405097,3209600
hardzero_plus_depr__c0p60__z1p10__lam0p010__nu0p50__psi1p00,hardzero_plus_depr,0.12,38,1003,0.0,4,0.482952,0.48295486,0.97179663,0.10670957,0.10670957,1.0,2.86482e-06,2.684689e-05,-26.962015,2.1379952,0.7126651,0.136,0.0,0.14898004,8.405097,8.415097,3212800
hardzero_plus_depr__c0p60__z1p10__lam0p010__nu0p50__psi1p00,hardzero_plus_depr,0.12,38,1004,0.0,4,0.48295486,0.48295784,0.9485149,0.112586185,0.112586185,1.0,2.9925131e-06,2.6579753e-05,-26.838963,2.0867743,0.69559145,0.216,0.0,0.17144716,8.415097,8.425097,3216000
hardzero_plus_depr__c0p60__z1p10__lam0p010__nu0p50__psi1p00,hardzero_plus_depr,0.12,38,1005,0.0,4,0.48295784,0.48296043,1.0074642,0.098296,0.098296,1.0,2.5866862e-06,2.6315272e-05,-27.30599,2.2164655,0.73882186,0.104,0.0,0.1438609,8.425097,8.435098,3219200
hardzero_plus_depr__c0p60__z1p10__lam0p010__nu0p50__psi1p00,hardzero_plus_depr,0.12,38,1006,0.0,4,0.48296043,0.48296326,0.9656286,0.10823591,0.10823591,1.0,2.8199163e-06,2.6053427e-05,-26.456917,2.1244254,0.7081418,0.17600001,0.0,0.14374506,8.435098,8.445098,3222400
hardzero_plus_depr__c0p60__z1p10__lam0p010__nu0p50__psi1p00,hardzero_plus_depr,0.12,38,1007,0.0,4,0.48296326,0.48296595,0.98175776,0.1042899,0.1042899,1.0,2.690073e-06,2.5794185e-05,-26.66692,2.1599102,0.7199701,0.120000005,0.0,0.16222489,8.445098,8.455098,3225600
hardzero_plus_depr__c0p60__z1p10__lam0p010__nu0p50__psi1p00,hardzero_plus_depr,0.12,38,1008,0.0,4,0.48296595,0.48296866,0.9752518,0.10586397,0.10586397,1.0,2.7035037e-06,2.5537523e-05,-27.28328,2.1455967,0.71519893,0.216,0.0,0.1930243,8.455098,8.465098,3228800
hardzero_plus_depr__c0p60__z1p10__lam0p010__nu0p50__psi1p00,hardzero_plus_depr,0.12,38,1009,0.0,4,0.48296866,0.4829715,0.94952357,0.11232499,0.11232499,1.0,2.839959e-06,2.5283412e-05,-26.18634,2.0889935,0.6963312,0.2,0.0,0.18891571,8.465098,8.475099,3232000
hardzero_plus_depr__c0p60__z1p10__lam0p010__nu0p50__psi1p00,hardzero_plus_depr,0.12,38,1010,0.0,4,0.4829715,0.4829745,0.91873306,0.12057767,0.12057767,1.0,3.0182803e-06,2.5031834e-05,-25.598684,2.021253,0.67375106,0.16800001,0.0,0.12991433,8.475099,8.485099,3235200
hardzero_plus_depr__c0p60__z1p10__lam0p010__nu0p50__psi1p00,hardzero_plus_depr,0.12,38,1011,0.0,4,0.4829745,0.4829772,0.9604238,0.10954085,0.10954085,1.0,2.7147246e-06,2.478276e-05,-26.074299,2.1129746,0.7043249,0.16800001,0.0,0.14830425,8.485099,8.495099,3238400
hardzero_plus_depr__c0p60__z1p10__lam0p010__nu0p50__psi1p00,hardzero_plus_depr,0.12,38,1012,0.0,4,0.4829772,0.48297963,1.0083007,0.09810683,0.09810683,1.0,2.4071649e-06,2.4536159e-05,-26.768204,2.2183058,0.7394353,0.16000001,0.0,0.16008888,8.495099,8.505099,3241600
hardzero_plus_depr__c0p60__z1p10__lam0p010__nu0p50__psi1p00,hardzero_plus_depr,0.12,38,1013,0.0,4,0.48297963,0.48298222,0.9738026,0.10621781,0.10621781,1.0,2.5802447e-06,2.4292016e-05,-27.31331,2.1424086,0.71413624,0.2,0.0,0.16907986,8.505099,8.5151,3244800
hardzero_plus_depr__c0p60__z1p10__lam0p010__nu0p50__psi1p00,hardzero_plus_depr,0.12,38,1014,0.0,4,0.48298222,0.4829847,0.98651487,0.10315377,0.10315377,1.0,2.4808792e-06,2.40503e-05,-26.402029,2.170376,0.7234587,0.14999999,0.0,0.15330002,8.5151,8.5251,3248000
hardzero_plus_depr__c0p60__z1p10__lam0p010__nu0p50__psi1p00,hardzero_plus_depr,0.12,38,1015,0.0,4,0.4829847,0.4829871,0.99365157,0.10147253,0.10147253,1.0,2.4161614e-06,2.381099e-05,-27.163818,2.186077,0.7286924,0.16000001,0.0,0.16727869,8.5251,8.5351,3251200
hardzero_plus_depr__c0p60__z1p10__lam0p010__nu0p50__psi1p00,hardzero_plus_depr,0.12,38,1016,0.0,4,0.4829871,0.48298967,0.96567976,0.10822316,0.10822316,1.0,2.5512595e-06,2.3574063e-05,-26.287674,2.124538,0.70817935,0.17600001,0.0,0.13563904,8.5351,8.5451,3254400
hardzero_plus_depr__c0p60__z1p10__lam0p010__nu0p50__psi1p00,hardzero_plus_depr,0.12,38,1017,0.0,4,0.48298967,0.48299217,0.9697328,0.10721788,0.10721788,1.0,2.5024108e-06,2.3339491e-05,-26.611113,2.1334548,0.7111516,0.192,0.0,0.1535991,8.5451,8.5551,3257600
hardzero_plus_depr__c0p60__z1p10__lam0p010__nu0p50__psi1p00,hardzero_plus_depr,0.12,38,1018,0.0,4,0.48299217,0.4829946,0.98059833,0.104568675,0.104568675,1.0,2.4162948e-06,2.3107254e-05,-27.58613,2.1573594,0.7191198,0.136,0.008,0.15374759,8.5551,8.565101,3260800
hardzero_plus_depr__c0p60__z1p10__lam0p010__nu0p50__psi1p00,hardzero_plus_depr,0.12,38,1019,0.0,4,0.4829946,0.48299697,0.98299587,0.10399301,0.10399301,1.0,2.379082e-06,2.2877324e-05,-26.784538,2.1626341,0.72087806,0.15200001,0.0,0.15921907,8.565101,8.575101,3264000
hardzero_plus_depr__c0p60__z1p10__lam0p010__nu0p50__psi1p00,hardzero_plus_depr,0.12,38,1020,0.0,4,0.48299697,0.48299962,0.9299268,0.11750956,0.11750956,1.0,2.6615548e-06,2.2649689e-05,-25.287611,2.0458798,0.68196,0.264,0.0,0.14567026,8.575101,8.585101,3267200
hardzero_plus_depr__c0p60__z1p10__lam0p010__nu0p50__psi1p00,hardzero_plus_depr,0.12,38,1021,0.0,4,0.48299962,0.483002,0.9748877,0.10595276,0.10595276,1.0,2.3759183e-06,2.2424316e-05,-26.91697,2.144796,0.71493196,0.208,0.0,0.16506907,8.585101,8.595101,3270400
hardzero_plus_depr__c0p60__z1p10__lam0p010__nu0p50__psi1p00,hardzero_plus_depr,0.12,38,1022,0.0,4,0.483002,0.48300463,0.9299784,0.11749561,0.11749561,1.0,2.6085418e-06,2.2201184e-05,-26.137888,2.0459933,0.6819978,0.208,0.0,0.14571105,8.595101,8.605102,3273600
hardzero_plus_depr__c0p60__z1p10__lam0p010__nu0p50__psi1p00,hardzero_plus_depr,0.12,38,1023,0.0,4,0.48300463,0.48300672,1.0224413,0.09496394,0.09496394,1.0,2.0873335e-06,2.1980275e-05,-28.06412,2.2494156,0.7498052,0.104,0.0,0.15387179,8.605102,8.615102,3276800
hardzero_plus_depr__c0p60__z1p10__lam0p010__nu0p50__psi1p00,hardzero_plus_depr,0.12,38,1024,0.0,4,0.48300672,0.48300925,0.93237424,0.1168492,0.1168492,1.0,2.542821e-06,2.1761562e-05,-26.466177,2.0512643,0.6837548,0.24800001,0.0,0.14788455,8.615102,8.625102,3280000
hardzero_plus_depr__c0p60__z1p10__lam0p010__nu0p50__psi1p00,hardzero_plus_depr,0.12,38,1025,0.0,4,0.48300925,0.4830115,0.9777885,0.10524742,0.10524742,1.0,2.2675583e-06,2.1545025e-05,-27.597416,2.1511776,0.71705925,0.14400001,0.0,0.15767558,8.625102,8.635102,3283200
hardzero_plus_depr__c0p60__z1p10__lam0p010__nu0p50__psi1p00,hardzero_plus_depr,0.12,38,1026,0.0,4,0.4830115,0.48301363,1.00317,0.099272735,0.099272735,1.0,2.1175515e-06,2.1330645e-05,-26.656553,2.2070181,0.7356727,0.15200001,0.0,0.12567507,8.635102,8.6451025,3286400
hardzero_plus_depr__c0p60__z1p10__lam0p010__nu0p50__psi1p00,hardzero_plus_depr,0.12,38,1027,0.0,4,0.48301363,0.48301595,0.95782846,0.11019745,0.11019745,1.0,2.3271934e-06,2.1118396e-05,-27.258718,2.1072648,0.7024216,0.14,0.0,0.16935626,8.6451025,8.655103,3289600
hardzero_plus_depr__c0p60__z1p10__lam0p010__nu0p50__psi1p00,hardzero_plus_depr,0.12,38,1028,0.0,4,0.48301595,0.4830181,0.9866154,0.1031299,0.1031299,1.0,2.1562669e-06,2.0908261e-05,-27.03876,2.1705973,0.72353244,0.16000001,0.008,0.17693056,8.655103,8.665103,3292800
hardzero_plus_depr__c0p60__z1p10__lam0p010__nu0p50__psi1p00,hardzero_plus_depr,0.12,38,1029,0.0,4,0.4830181,0.4830204,0.9556516,0.110751204,0.110751204,1.0,2.2925735e-06,2.0700212e-05,-26.093248,2.1024754,0.70082515,0.15200001,0.0,0.14834835,8.665103,8.675103,3296000
hardzero_plus_depr__c0p60__z1p10__lam0p010__nu0p50__psi1p00,hardzero_plus_depr,0.12,38,1030,0.0,4,0.4830204,0.48302263,0.96112955,0.10936301,0.10936301,1.0,2.2413117e-06,2.0494239e-05,-25.760172,2.1145272,0.70484245,0.15200001,0.0,0.14477679,8.675103,8.685103,3299200
hardzero_plus_depr__c0p60__z1p10__lam0p010__nu0p50__psi1p00,hardzero_plus_depr,0.12,38,1031,0.0,4,0.48302263,0.48302484,0.9628537,0.10892968,0.10892968,1.0,2.2102174e-06,2.0290314e-05,-26.163149,2.1183205,0.70610684,0.2,0.0,0.13910519,8.685103,8.695104,3302400
hardzero_plus_depr__c0p60__z1p10__lam0p010__nu0p50__psi1p00,hardzero_plus_depr,0.12,38,1032,0.0,4,0.48302484,0.48302692,0.9838505,0.10378857,0.10378857,1.0,2.0849482e-06,2.0088417e-05,-26.625551,2.1645143,0.7215048,0.16000001,0.0,0.15341027,8.695104,8.705104,3305600
hardzero_plus_depr__c0p60__z1p10__lam0p010__nu0p50__psi1p00,hardzero_plus_depr,0.12,38,1033,0.0,4,0.48302692,0.48302895,0.9945388,0.10126543,0.10126543,1.0,2.0140203e-06,1.9888528e-05,-27.98074,2.188029,0.72934306,0.23200001,0.0,0.17708932,8.705104,8.715104,3308800
hardzero_plus_depr__c0p60__z1p10__lam0p010__nu0p50__psi1p00,hardzero_plus_depr,0.12,38,1034,0.0,4,0.48302895,0.483031,0.9837278,0.103817895,0.103817895,1.0,2.0442396e-06,1.969063e-05,-26.509623,2.1642444,0.7214148,0.24000001,0.0,0.14069737,8.715104,8.725104,3312000
hardzero_plus_depr__c0p60__z1p10__lam0p010__nu0p50__psi1p00,hardzero_plus_depr,0.12,38,1035,0.0,4,0.483031,0.4830331,0.9690132,0.10739566,0.10739566,1.0,2.0936461e-06,1.94947e-05,-26.910885,2.1318717,0.7106239,0.192,0.0,0.15598978,8.725104,8.735105,3315200
hardzero_plus_depr__c0p60__z1p10__lam0p010__nu0p50__psi1p00,hardzero_plus_depr,0.12,38,1036,0.0,4,0.4830331,0.4830351,0.9862754,0.10321067,0.10321067,1.0,1.9920406e-06,1.9300722e-05,-27.946787,2.1698492,0.72328305,0.112,0.0,0.1788068,8.735105,8.745105,3318400
hardzero_plus_depr__c0p60__z1p10__lam0p010__nu0p50__psi1p00,hardzero_plus_depr,0.12,38,1037,0.0,4,0.4830351,0.48303717,0.9633648,0.108801596,0.108801596,1.0,2.079054e-06,1.9108671e-05,-26.671522,2.1194448,0.70648164,0.120000005,0.0,0.1486688,8.745105,8.755105,3321600
hardzero_plus_depr__c0p60__z1p10__lam0p010__nu0p50__psi1p00,hardzero_plus_depr,0.12,38,1038,0.0,4,0.48303717,0.48303905,1.0017982,0.099586815,0.099586815,1.0,1.8840366e-06,1.8918534e-05,-26.864439,2.204,0.7346667,0.18400002,0.0,0.16742687,8.755105,8.765105,3324800
hardzero_plus_depr__c0p60__z1p10__lam0p010__nu0p50__psi1p00,hardzero_plus_depr,0.12,38,1039,0.0,4,0.48303905,0.48304084,1.0196788,0.09556991,0.09556991,1.0,1.7900518e-06,1.8730287e-05,-27.644217,2.2433383,0.7477795,0.17600001,0.0,0.15545742,8.765105,8.775105,3328000
hardzero_plus_depr__c0p60__z1p10__lam0p010__nu0p50__psi1p00,hardzero_plus_depr,0.12,38,1040,0.0,4,0.48304084,0.48304296,0.93968856,0.11489772,0.11489772,1.0,2.1306532e-06,1.8543911e-05,-25.808933,2.067356,0.68911874,0.14999999,0.0,0.1573215,8.775105,8.785106,3331200
hardzero_plus_depr__c0p60__z1p10__lam0p010__nu0p50__psi1p00,hardzero_plus_depr,0.12,38,1041,0.0,4,0.48304296,0.48304477,1.0056802,0.0987006,0.0987006,1.0,1.812083e-06,1.8359393e-05,-27.545717,2.2125406,0.73751354,0.18400002,0.0,0.19091381,8.785106,8.795106,3334400
hardzero_plus_depr__c0p60__z1p10__lam0p010__nu0p50__psi1p00,hardzero_plus_depr,0.12,38,1042,0.0,4,0.48304477,0.48304677,0.95941025,0.10979681,0.10979681,1.0,1.9957447e-06,1.817671e-05,-26.40486,2.1107447,0.7035816,0.15200001,0.0,0.1699855,8.795106,8.805106,3337600
hardzero_plus_depr__c0p60__z1p10__lam0p010__nu0p50__psi1p00,hardzero_plus_depr,0.12,38,1043,0.0,4,0.48304677,0.4830487,0.9665499,0.10800657,0.10800657,1.0,1.9436693e-06,1.7995844e-05,-26.692324,2.1264522,0.7088174,0.24000001,0.0,0.15615176,8.805106,8.815106,3340800
hardzero_plus_depr__c0p60__z1p10__lam0p010__nu0p50__psi1p00,hardzero_plus_depr,0.12,38,1044,0.0,4,0.4830487,0.48305058,0.97443295,0.10606377,0.10606377,1.0,1.8897146e-06,1.7816777e-05,-26.628008,2.1437953,0.7145984,0.16000001,0.0,0.14764753,8.815106,8.825107,3344000
hardzero_plus_depr__c0p60__z1p10__lam0p010__nu0p50__psi1p00,hardzero_plus_depr,0.12,38,1045,0.0,4,0.48305058,0.48305255,0.9531871,0.11138146,0.11138146,1.0,1.9647125e-06,1.7639493e-05,-26.688553,2.0970535,0.6990179,0.16800001,0.0,0.14609665,8.825107,8.835107,3347200
hardzero_plus_depr__c0p60__z1p10__lam0p010__nu0p50__psi1p00,hardzero_plus_depr,0.12,38,1046,0.0,4,0.48305255,0.4830542,1.0267236,0.094032146,0.094032146,1.0,1.6421749e-06,1.7463974e-05,-27.5441,2.258837,0.75294566,0.14400001,0.0,0.18656626,8.835107,8.845107,3350400
hardzero_plus_depr__c0p60__z1p10__lam0p010__nu0p50__psi1p00,hardzero_plus_depr,0.12,38,1047,0.0,4,0.4830542,0.48305607,0.96459293,0.10849433,0.10849433,1.0,1.8758888e-06,1.7290202e-05,-26.530785,2.1221468,0.7073823,0.216,0.0,0.1901937,8.845107,8.855107,3353600
hardzero_plus_depr__c0p60__z1p10__lam0p010__nu0p50__psi1p00,hardzero_plus_depr,0.12,38,1048,0.0,4,0.48305607,0.48305795,0.95923287,0.10984166,0.10984166,1.0,1.8802867e-06,1.7118156e-05,-26.200026,2.1103544,0.7034515,0.2,0.0,0.1236851,8.855107,8.865108,3356800
hardzero_plus_depr__c0p60__z1p10__lam0p010__nu0p50__psi1p00,hardzero_plus_depr,0.12,38,1049,0.0,4,0.48305795,0.4830599,0.934101,0.11638554,0.11638554,1.0,1.9724816e-06,1.6947824e-05,-25.91553,2.0550632,0.6850211,0.17600001,0.0,0.1353757,8.865108,8.875108,3360000
hardzero_plus_depr__c0p60__z1p10__lam0p010__nu0p50__psi1p00,hardzero_plus_depr,0.12,38,1050,0.0,4,0.4830599,0.48306167,0.9777679,0.10525242,0.10525242,1.0,1.76605e-06,1.6779186e-05,-26.96712,2.1511323,0.7170441,0.104,0.0,0.1765918,8.875108,8.885108,3363200
hardzero_plus_depr__c0p60__z1p10__lam0p010__nu0p50__psi1p00,hardzero_plus_depr,0.12,38,1051,0.0,4,0.48306167,0.4830637,0.9131098,0.122149065,0.122149065,1.0,2.0291682e-06,1.6612228e-05,-25.814566,2.0088816,0.6696272,0.16000001,0.0,0.14495683,8.885108,8.895108,3366400
hardzero_plus_depr__c0p60__z1p10__lam0p010__nu0p50__psi1p00,hardzero_plus_depr,0.12,38,1052,0.0,4,0.4830637,0.48306563,0.9297126,0.11756754,0.11756754,1.0,1.933625e-06,1.644693e-05,-26.836195,2.0454085,0.68180287,0.24800001,0.0,0.14892,8.895108,8.905108,3369600
hardzero_plus_depr__c0p60__z1p10__lam0p010__nu0p50__psi1p00,hardzero_plus_depr,0.12,38,1053,0.0,4,0.48306563,0.48306718,1.0224824,0.09495495,0.09495495,1.0,1.5461777e-06,1.6283277e-05,-26.805883,2.2495062,0.74983543,0.11,0.0,0.17752522,8.905108,8.915109,3372800
hardzero_plus_depr__c0p60__z1p10__lam0p010__nu0p50__psi1p00,hardzero_plus_depr,0.12,38,1054,0.0,4,0.48306718,0.48306882,0.9940922,0.10136961,0.10136961,1.0,1.6342049e-06,1.612125e-05,-27.057343,2.1870465,0.7290155,0.136,0.0,0.14767481,8.915109,8.925109,3376000
hardzero_plus_depr__c0p60__z1p10__lam0p010__nu0p50__psi1p00,hardzero_plus_depr,0.12,38,1055,0.0,4,0.48306882,0.48307043,0.992813,0.10166863,0.10166863,1.0,1.6227165e-06,1.5960837e-05,-27.052576,2.1842322,0.7280774,0.14400001,0.0,0.1565986,8.925109,8.935109,3379200
hardzero_plus_depr__c0p60__z1p10__lam0p010__nu0p50__psi1p00,hardzero_plus_depr,0.12,38,1056,0.0,4,0.48307043,0.48307213,0.9716418,0.10674761,0.10674761,1.0,1.686828e-06,1.5802021e-05,-26.100027,2.1376545,0.71255153,0.16800001,0.0,0.13700433,8.935109,8.945109,3382400
hardzero_plus_depr__c0p60__z1p10__lam0p010__nu0p50__psi1p00,hardzero_plus_depr,0.12,38,1057,0.0,4,0.48307213,0.48307398,0.92767394,0.1181207,0.1181207,1.0,1.8479731e-06,1.5644786e-05,-25.937954,2.0409234,0.6803078,0.17600001,0.0,0.1275503,8.945109,8.95511,3385600
hardzero_plus_depr__c0p60__z1p10__lam0p010__nu0p50__psi1p00,hardzero_plus_depr,0.12,38,1058,0.0,4,0.48307398,0.48307565,0.96901727,0.107394665,0.107394665,1.0,1.6634483e-06,1.5489115e-05,-26.495481,2.1318805,0.71062684,0.17600001,0.0,0.13754348,8.95511,8.96511,3388800
hardzero_plus_depr__c0p60__z1p10__lam0p010__nu0p50__psi1p00,hardzero_plus_depr,0.12,38,1059,0.0,4,0.48307565,0.48307735,0.95411843,0.11114285,0.11114285,1.0,1.7043745e-06,1.533499e-05,-26.628784,2.0991025,0.69970083,0.18400002,0.0,0.17564492,8.96511,8.97511,3392000
hardzero_plus_depr__c0p60__z1p10__lam0p010__nu0p50__psi1p00,hardzero_plus_depr,0.12,38,1060,0.0,4,0.48307735,0.48307896,0.9723224,0.10658045,0.10658045,1.0,1.6181472e-06,1.51824015e-05,-27.387947,2.139152,0.7130507,0.24800001,0.0,0.17221323,8.97511,8.98511,3395200
hardzero_plus_depr__c0p60__z1p10__lam0p010__nu0p50__psi1p00,hardzero_plus_depr,0.12,38,1061,0.0,4,0.48307896,0.4830808,0.9096121,0.12313681,0.12313681,1.0,1.85091e-06,1.503133e-05,-25.078989,2.0011866,0.6670622,0.24000001,0.0,0.1460544,8.98511,8.9951105,3398400
hardzero_plus_depr__c0p60__z1p10__lam0p010__nu0p50__psi1p00,hardzero_plus_depr,0.12,38,1062,0.0,4,0.4830808,0.48308226,1.0111228,0.09747139,0.09747139,1.0,1.4505463e-06,1.48817635e-05,-27.172165,2.2245147,0.7415049,0.16000001,0.0,0.17420545,8.9951105,9.005111,3401600
hardzero_plus_depr__c0p60__z1p10__lam0p010__nu0p50__psi1p00,hardzero_plus_depr,0.12,38,1063,0.0,4,0.48308226,0.48308372,1.0001612,0.09996288,0.09996288,1.0,1.4728216e-06,1.4733685e-05,-27.3353,2.2003984,0.73346615,0.120000005,0.0,0.18274263,9.005111,9.015111,3404800
hardzero_plus_depr__c0p60__z1p10__lam0p010__nu0p50__psi1p00,hardzero_plus_depr,0.12,38,1064,0.0,4,0.48308372,0.48308533,0.9588502,0.10993849,0.10993849,1.0,1.6036812e-06,1.4587077e-05,-26.1729,2.1095126,0.7031709,0.18400002,0.0,0.19368762,9.015111,9.025111,3408000
hardzero_plus_depr__c0p60__z1p10__lam0p010__nu0p50__psi1p00,hardzero_plus_depr,0.12,38,1065,0.0,4,0.48308533,0.48308674,1.0118291,0.097312994,0.097312994,1.0,1.4053875e-06,1.444193e-05,-27.529154,2.2260685,0.7420229,0.23200001,0.0,0.15564544,9.025111,9.035111,3411200
hardzero_plus_depr__c0p60__z1p10__lam0p010__nu0p50__psi1p00,hardzero_plus_depr,0.12,38,1066,0.0,4,0.48308674,0.48308823,0.98135406,0.10438689,0.10438689,1.0,1.4925475e-06,1.4298228e-05,-25.985039,2.159022,0.71967405,0.14999999,0.0,0.13886839,9.035111,9.045112,3414400
hardzero_plus_depr__c0p60__z1p10__lam0p010__nu0p50__psi1p00,hardzero_plus_depr,0.12,38,1067,0.0,4,0.48308823,0.48308977,0.96394587,0.108656116,0.108656116,1.0,1.5381311e-06,1.4155955e-05,-27.335005,2.1207232,0.70690775,0.18400002,0.0,0.14539918,9.045112,9.055112,3417600
hardzero_plus_depr__c0p60__z1p10__lam0p010__nu0p50__psi1p00,hardzero_plus_depr,0.12,38,1068,0.0,4,0.48308977,0.4830912,0.9878333,0.1028411,0.1028411,1.0,1.441328e-06,1.4015097e-05,-26.215366,2.1732767,0.72442555,0.15200001,0.0,0.14355554,9.055112,9.065112,3420800
hardzero_plus_depr__c0p60__z1p10__lam0p010__nu0p50__psi1p00,hardzero_plus_depr,0.12,38,1069,0.0,4,0.4830912,0.4830925,1.0326076,0.09276678,0.09276678,1.0,1.2871984e-06,1.387564e-05,-27.979519,2.271782,0.7572607,0.16000001,0.0,0.16199234,9.065112,9.075112,3424000
hardzero_plus_depr__c0p60__z1p10__lam0p010__nu0p50__psi1p00,hardzero_plus_depr,0.12,38,1070,0.0,4,0.4830925,0.4830939,0.9875993,0.10289653,0.10289653,1.0,1.4135485e-06,1.3737573e-05,-26.786142,2.172762,0.724254,0.17600001,0.0,0.15714525,9.075112,9.085113,3427200
hardzero_plus_depr__c0p60__z1p10__lam0p010__nu0p50__psi1p00,hardzero_plus_depr,0.12,38,1071,0.0,4,0.4830939,0.48309526,0.99825,0.10040376,0.10040376,1.0,1.3655795e-06,1.3600879e-05,-28.070826,2.196194,0.73206466,0.136,0.0,0.15314768,9.085113,9.095113,3430400
hardzero_plus_depr__c0p60__z1p10__lam0p010__nu0p50__psi1p00,hardzero_plus_depr,0.12,38,1072,0.0,4,0.48309526,0.48309645,1.0483505,0.089464255,0.089464255,1.0,1.204685e-06,1.3465545e-05,-28.069927,2.306417,0.7688057,0.104,0.0,0.16956101,9.095113,9.105113,3433600
hardzero_plus_depr__c0p60__z1p10__lam0p010__nu0p50__psi1p00,hardzero_plus_depr,0.12,38,1073,0.0,4,0.48309645,0.48309794,0.95472556,0.1109876,0.1109876,1.0,1.4796376e-06,1.3331557e-05,-26.999052,2.100438,0.7001461,0.24000001,0.0,0.18548211,9.105113,9.115113,3436800
hardzero_plus_depr__c0p60__z1p10__lam0p010__nu0p50__psi1p00,hardzero_plus_depr,0.12,38,1074,0.0,4,0.48309794,0.48309925,1.0004189,0.099903576,0.099903576,1.0,1.3186177e-06,1.3198904e-05,-27.813902,2.2009654,0.73365515,0.23200001,0.0,0.15009533,9.115113,9.1251135,3440000
hardzero_plus_depr__c0p60__z1p10__lam0p010__nu0p50__psi1p00,hardzero_plus_depr,0.12,38,1075,0.0,4,0.48309925,0.4831006,0.98893833,0.102579765,0.102579765,1.0,1.3404682e-06,1.3067569e-05,-27.478369,2.1757078,0.72523594,0.24800001,0.0,0.19113135,9.1251135,9.135114,3443200
hardzero_plus_depr__c0p60__z1p10__lam0p010__nu0p50__psi1p00,hardzero_plus_depr,0.12,38,1076,0.0,4,0.4831006,0.48310202,0.9524934,0.111559495,0.111559495,1.0,1.4433056e-06,1.2937541e-05,-27.225937,2.0955274,0.69850916,0.216,0.0,0.16863059,9.135114,9.145114,3446400
hardzero_plus_depr__c0p60__z1p10__lam0p010__nu0p50__psi1p00,hardzero_plus_depr,0.12,38,1077,0.0,4,0.48310202,0.4831035,0.9325527,0.1168012,0.1168012,1.0,1.4960842e-06,1.2808809e-05,-26.246788,2.051657,0.6838857,0.16800001,0.0,0.162018,9.145114,9.155114,3449600
hardzero_plus_depr__c0p60__z1p10__lam0p010__nu0p50__psi1p00,hardzero_plus_depr,0.12,38,1078,0.0,4,0.4831035,0.48310497,0.9377066,0.115423284,0.115423284,1.0,1.4637237e-06,1.2681356e-05,-26.09077,2.0629957,0.6876652,0.17600001,0.008,0.135864,9.155114,9.165114,3452800
hardzero_plus_depr__c0p60__z1p10__lam0p010__nu0p50__psi1p00,hardzero_plus_depr,0.12,38,1079,0.0,4,0.48310497,0.48310632,0.97482705,0.10596756,0.10596756,1.0,1.3304408e-06,1.25551705e-05,-26.931143,2.1446624,0.7148875,0.14,0.0,0.13439462,9.165114,9.175115,3456000
hardzero_plus_depr__c0p60__z1p10__lam0p010__nu0p50__psi1p00,hardzero_plus_depr,0.12,38,1080,0.0,4,0.48310632,0.48310775,0.93910533,0.11505213,0.11505213,1.0,1.4301257e-06,1.2430241e-05,-25.872995,2.066073,0.688691,0.15200001,0.0,0.1361308,9.175115,9.185115,3459200
hardzero_plus_depr__c0p60__z1p10__lam0p010__nu0p50__psi1p00,hardzero_plus_depr,0.12,38,1081,0.0,4,0.48310775,0.48310912,0.94999856,0.11220221,0.11220221,1.0,1.3808228e-06,1.23065565e-05,-26.326527,2.0900385,0.69667953,0.192,0.008,0.15970004,9.185115,9.195115,3462400
hardzero_plus_depr__c0p60__z1p10__lam0p010__nu0p50__psi1p00,hardzero_plus_depr,0.12,38,1082,0.0,4,0.48310912,0.48311034,0.99998784,0.10000279,0.10000279,1.0,1.2184441e-06,1.2184101e-05,-27.474243,2.2000172,0.7333391,0.14400001,0.0,0.1941725,9.195115,9.205115,3465600
hardzero_plus_depr__c0p60__z1p10__lam0p010__nu0p50__psi1p00,hardzero_plus_depr,0.12,38,1083,0.0,4,0.48311034,0.48311168,0.9570308,0.11040004,0.11040004,1.0,1.3317408e-06,1.2062865e-05,-26.92417,2.1055098,0.7018366,0.23200001,0.0,0.15296753,9.205115,9.215116,3468800
hardzero_plus_depr__c0p60__z1p10__lam0p010__nu0p50__psi1p00,hardzero_plus_depr,0.12,38,1084,0.0,4,0.48311168,0.48311287,0.9971176,0.10066591,0.10066591,1.0,1.2022363e-06,1.1942834e-05,-27.360674,2.1937025,0.7312342,0.136,0.0,0.16014203,9.215116,9.225116,3472000
hardzero_plus_depr__c0p60__z1p10__lam0p010__nu0p50__psi1p00,hardzero_plus_depr,0.12,38,1085,0.0,4,0.48311287,0.48311424,0.9386676,0.115168154,0.115168154,1.0,1.361748e-06,1.1823998e-05,-26.088032,2.06511,0.68837,0.216,0.0,0.15278858,9.225116,9.235116,3475200
hardzero_plus_depr__c0p60__z1p10__lam0p010__nu0p50__psi1p00,hardzero_plus_depr,0.12,38,1086,0.0,4,0.48311424,0.48311552,0.96282554,0.10893675,0.10893675,1.0,1.2752512e-06,1.17063455e-05,-25.970684,2.1182585,0.70608616,0.136,0.0,0.14540657,9.235116,9.245116,3478400
hardzero_plus_depr__c0p60__z1p10__lam0p010__nu0p50__psi1p00,hardzero_plus_depr,0.12,38,1087,0.0,4,0.48311552,0.48311672,0.9830157,0.10398825,0.10398825,1.0,1.2052096e-06,1.1589863e-05,-26.723236,2.1626778,0.7208926,0.136,0.0,0.15671024,9.245116,9.255116,3481600
hardzero_plus_depr__c0p60__z1p10__lam0p010__nu0p50__psi1p00,hardzero_plus_depr,0.12,38,1088,0.0,4,0.48311672,0.48311794,0.9733049,0.10633961,0.10633961,1.0,1.2201979e-06,1.1474538e-05,-26.097893,2.1413136,0.7137712,0.24800001,0.0,0.13844213,9.255116,9.265117,3484800
hardzero_plus_depr__c0p60__z1p10__lam0p010__nu0p50__psi1p00,hardzero_plus_depr,0.12,38,1089,0.0,4,0.48311794,0.48311907,0.99828756,0.10039507,0.10039507,1.0,1.1405244e-06,1.1360363e-05,-27.029776,2.1962764,0.73209214,0.14400001,0.0,0.16141538,9.265117,9.275117,3488000
hardzero_plus_depr__c0p60__z1p10__lam0p010__nu0p50__psi1p00,hardzero_plus_depr,0.12,38,1090,0.0,4,0.48311907,0.4831204,0.92661273,0.11840968,0.11840968,1.0,1.3317917e-06,1.1247322e-05,-26.094913,2.0385888,0.6795296,0.24800001,0.0,0.16884334,9.275117,9.285117,3491200
hardzero_plus_depr__c0p60__z1p10__lam0p010__nu0p50__psi1p00,hardzero_plus_depr,0.12,38,1091,0.0,4,0.4831204,0.48312157,0.97744054,0.10533177,0.10533177,1.0,1.1729121e-06,1.1135407e-05,-26.537243,2.150412,0.716804,0.16000001,0.0,0.15676408,9.285117,9.295117,3494400
hardzero_plus_depr__c0p60__z1p10__lam0p010__nu0p50__psi1p00,hardzero_plus_depr,0.12,38,1092,0.0,4,0.48312157,0.4831227,0.98814476,0.10276737,0.10276737,1.0,1.1329697e-06,1.1024606e-05,-27.182495,2.1739619,0.72465396,0.14,0.0,0.14639717,9.295117,9.305118,3497600
hardzero_plus_depr__c0p60__z1p10__lam0p010__nu0p50__psi1p00,hardzero_plus_depr,0.12,38,1093,0.0,4,0.4831227,0.48312393,0.94622165,0.11318224,0.11318224,1.0,1.2353735e-06,1.0914906e-05,-26.147268,2.0817292,0.69390976,0.192,0.0,0.14803356,9.305118,9.315118,3500800
hardzero_plus_depr__c0p60__z1p10__lam0p010__nu0p50__psi1p00,hardzero_plus_depr,0.12,38,1094,0.0,4,0.48312393,0.48312506,0.97861135,0.1050482,0.1050482,1.0,1.1351823e-06,1.0806299e-05,-26.383635,2.152988,0.7176627,0.18400002,0.0,0.13943739,9.315118,9.325118,3504000
hardzero_plus_depr__c0p60__z1p10__lam0p010__nu0p50__psi1p00,hardzero_plus_depr,0.12,38,1095,0.0,4,0.48312506,0.48312625,0.95740724,0.11030438,0.11030438,1.0,1.1801212e-06,1.0698771e-05,-26.484718,2.106338,0.7021127,0.17600001,0.0,0.14203049,9.325118,9.335118,3507200
hardzero_plus_depr__c0p60__z1p10__lam0p010__nu0p50__psi1p00,hardzero_plus_depr,0.12,38,1096,0.0,4,0.48312625,0.48312744,0.952584,0.11153623,0.11153623,1.0,1.1814269e-06,1.0592315e-05,-25.540146,2.0957267,0.6985756,0.2,0.0,0.12707406,9.335118,9.3451185,3510400
hardzero_plus_depr__c0p60__z1p10__lam0p010__nu0p50__psi1p00,hardzero_plus_depr,0.12,38,1097,0.0,4,0.48312744,0.48312846,1.0086557,0.098026685,0.098026685,1.0,1.0279978e-06,1.0486918e-05,-27.145626,2.2190866,0.73969555,0.16800001,0.0,0.16911373,9.3451185,9.355119,3513600
hardzero_plus_depr__c0p60__z1p10__lam0p010__nu0p50__psi1p00,hardzero_plus_depr,0.12,38,1098,0.0,4,0.48312846,0.48312962,0.9516179,0.11178464,0.11178464,1.0,1.1606115e-06,1.0382568e-05,-25.823591,2.0936012,0.6978671,0.192,0.0,0.14556293,9.355119,9.365119,3516800
hardzero_plus_depr__c0p60__z1p10__lam0p010__nu0p50__psi1p00,hardzero_plus_depr,0.12,38,1099,0.0,4,0.48312962,0.48313066,0.9922341,0.10180424,0.10180424,1.0,1.046472e-06,1.0279257e-05,-27.483545,2.1829586,0.7276529,0.15200001,0.0,0.17462815,9.365119,9.375119,3520000
hardzero_plus_depr__c0p60__z1p10__lam0p010__nu0p50__psi1p00,hardzero_plus_depr,0.12,38,1100,0.0,4,0.48313066,0.48313165,1.0202419,0.09544608,0.09544608,1.0,9.713523e-07,1.0176974e-05,-27.403364,2.244577,0.7481923,0.15200001,0.0,0.2004794,9.375119,9.385119,3523200
hardzero_plus_depr__c0p60__z1p10__lam0p010__nu0p50__psi1p00,hardzero_plus_depr,0.12,38,1101,0.0,4,0.48313165,0.48313272,0.972873,0.106445424,0.106445424,1.0,1.0725132e-06,1.007571e-05,-27.099512,2.1403632,0.7134544,0.16800001,0.0,0.1478638,9.385119,9.39512,3526400
hardzero_plus_depr__c0p60__z1p10__lam0p010__nu0p50__psi1p00,hardzero_plus_depr,0.12,38,1102,0.0,4,0.48313272,0.4831338,0.972145,0.10662399,0.10662399,1.0,1.0636226e-06,9.9754525e-06,-26.32386,2.1387618,0.7129206,0.2,0.0,0.15250808,9.39512,9.40512,3529600
hardzero_plus_depr__c0p60__z1p10__lam0p010__nu0p50__psi1p00,hardzero_plus_depr,0.12,38,1103,0.0,4,0.4831338,0.4831349,0.9523366,0.111599796,0.111599796,1.0,1.1021813e-06,9.876194e-06,-25.872124,2.0951824,0.6983942,0.2,0.0,0.14245334,9.40512,9.41512,3532800
hardzero_plus_depr__c0p60__z1p10__lam0p010__nu0p50__psi1p00,hardzero_plus_depr,0.12,38,1104,0.0,4,0.4831349,0.48313588,0.9989937,0.10023199,0.10023199,1.0,9.800605e-07,9.777921e-06,-26.883688,2.19783,0.73261,0.17600001,0.0,0.15426402,9.41512,9.42512,3536000
hardzero_plus_depr__c0p60__z1p10__lam0p010__nu0p50__psi1p00,hardzero_plus_depr,0.12,38,1105,0.0,4,0.48313588,0.48313686,0.989097,0.10254227,0.10254227,1.0,9.926734e-07,9.680626e-06,-26.866623,2.1760569,0.7253523,0.14999999,0.0,0.16417316,9.42512,9.435121,3539200
hardzero_plus_depr__c0p60__z1p10__lam0p010__nu0p50__psi1p00,hardzero_plus_depr,0.12,38,1106,0.0,4,0.48313686,0.48313794,0.9555161,0.110785745,0.110785745,1.0,1.0618039e-06,9.584301e-06,-26.032745,2.1021774,0.7007258,0.192,0.0,0.13649788,9.435121,9.445121,3542400
hardzero_plus_depr__c0p60__z1p10__lam0p010__nu0p50__psi1p00,hardzero_plus_depr,0.12,38,1107,0.0,4,0.48313794,0.48313895,0.97173375,0.10672501,0.10672501,1.0,1.0127064e-06,9.488933e-06,-25.745481,2.137857,0.712619,0.14400001,0.0,0.1585879,9.445121,9.455121,3545600
hardzero_plus_depr__c0p60__z1p10__lam0p010__nu0p50__psi1p00,hardzero_plus_depr,0.12,38,1108,0.0,4,0.48313895,0.48313996,0.96997136,0.107158996,0.107158996,1.0,1.0067067e-06,9.394515e-06,-25.79303,2.1339796,0.71132654,0.16800001,0.0,0.14752857,9.455121,9.465121,3548800
hardzero_plus_depr__c0p60__z1p10__lam0p010__nu0p50__psi1p00,hardzero_plus_depr,0.12,38,1109,0.0,4,0.48313996,0.48314092,0.9830012,0.103991725,0.103991725,1.0,9.672308e-07,9.301036e-06,-26.521486,2.1626458,0.72088194,0.136,0.0,0.14251556,9.465121,9.4751215,3552000
hardzero_plus_depr__c0p60__z1p10__lam0p010__nu0p50__psi1p00,hardzero_plus_depr,0.12,38,1110,0.0,4,0.48314092,0.48314193,0.9535327,0.11129285,0.11129285,1.0,1.0248386e-06,9.2084865e-06,-26.608555,2.0978138,0.6992713,0.15200001,0.0,0.123924434,9.4751215,9.485122,3555200
hardzero_plus_depr__c0p60__z1p10__lam0p010__nu0p50__psi1p00,hardzero_plus_depr,0.12,38,1111,0.0,4,0.48314193,0.483143,0.93527365,0.116071686,0.116071686,1.0,1.0582091e-06,9.116859e-06,-26.570267,2.0576432,0.6858811,0.272,0.0,0.16088575,9.485122,9.495122,3558400
hardzero_plus_depr__c0p60__z1p10__lam0p010__nu0p50__psi1p00,hardzero_plus_depr,0.12,38,1112,0.0,4,0.483143,0.483144,0.9563788,0.110565886,0.110565886,1.0,9.979834e-07,9.026142e-06,-25.62158,2.1040754,0.7013585,0.192,0.0,0.15288404,9.495122,9.505122,3561600
hardzero_plus_depr__c0p60__z1p10__lam0p010__nu0p50__psi1p00,hardzero_plus_depr,0.12,38,1113,0.0,4,0.483144,0.4831449,0.98007023,0.10469593,0.10469593,1.0,9.355972e-07,8.936328e-06,-26.708984,2.1561975,0.71873254,0.18400002,0.0,0.14092171,9.505122,9.515122,3564800
hardzero_plus_depr__c0p60__z1p10__lam0p010__nu0p50__psi1p00,hardzero_plus_depr,0.12,38,1114,0.0,4,0.4831449,0.48314592,0.941368,0.11445427,0.11445427,1.0,1.0126237e-06,8.847409e-06,-25.854063,2.071051,0.6903503,0.17600001,0.0,0.14747317,9.515122,9.525123,3568000
hardzero_plus_depr__c0p60__z1p10__lam0p010__nu0p50__psi1p00,hardzero_plus_depr,0.12,38,1115,0.0,4,0.48314592,0.4831469,0.95102143,0.11193825,0.11193825,1.0,9.80509e-07,8.7593735e-06,-26.435648,2.092289,0.69742966,0.18400002,0.0,0.13323052,9.525123,9.535123,3571200
hardzero_plus_depr__c0p60__z1p10__lam0p010__nu0p50__psi1p00,hardzero_plus_depr,0.12,38,1116,0.0,4,0.4831469,0.4831478,0.99264127,0.10170885,0.10170885,1.0,8.820409e-07,8.672214e-06,-26.871012,2.1838543,0.72795147,0.14400001,0.0,0.14621563,9.535123,9.545123,3574400
hardzero_plus_depr__c0p60__z1p10__lam0p010__nu0p50__psi1p00,hardzero_plus_depr,0.12,38,1117,0.0,4,0.4831478,0.4831487,0.9831618,0.10395328,0.10395328,1.0,8.9253473e-07,8.585922e-06,-26.5874,2.1629992,0.7209997,0.15200001,0.0,0.14351903,9.545123,9.555123,3577600
hardzero_plus_depr__c0p60__z1p10__lam0p010__nu0p50__psi1p00,hardzero_plus_depr,0.12,38,1118,0.0,4,0.4831487,0.48314962,0.96138203,0.10929943,0.10929943,1.0,9.2909863e-07,8.5004895e-06,-26.359072,2.1150827,0.7050276,0.26,0.0,0.12578583,9.555123,9.565124,3580800
hardzero_plus_depr__c0p60__z1p10__lam0p010__nu0p50__psi1p00,hardzero_plus_depr,0.12,38,1119,0.0,4,0.48314962,0.4831505,0.97251564,0.10653305,0.10653305,1.0,8.965721e-07,8.4159055e-06,-26.320585,2.1395772,0.7131924,0.16000001,0.0,0.14217196,9.565124,9.575124,3584000
hardzero_plus_depr__c0p60__z1p10__lam0p010__nu0p50__psi1p00,hardzero_plus_depr,0.12,38,1120,0.0,4,0.4831505,0.48315135,0.9996385,0.10008327,0.10008327,1.0,8.339102e-07,8.332164e-06,-26.948372,2.1992486,0.7330829,0.14400001,0.0,0.13684149,9.575124,9.585124,3587200
hardzero_plus_depr__c0p60__z1p10__lam0p010__nu0p50__psi1p00,hardzero_plus_depr,0.12,38,1121,0.0,4,0.48315135,0.4831523,0.94031775,0.114731394,0.114731394,1.0,9.4644867e-07,8.249256e-06,-25.987644,2.0687404,0.68958014,0.2,0.0,0.14864503,9.585124,9.595124,3590400
hardzero_plus_depr__c0p60__z1p10__lam0p010__nu0p50__psi1p00,hardzero_plus_depr,0.12,38,1122,0.0,4,0.4831523,0.48315316,0.976732,0.10550376,0.10550376,1.0,8.616674e-07,8.167172e-06,-27.154438,2.1488533,0.71628445,0.16000001,0.0,0.1618164,9.595124,9.605124,3593600
hardzero_plus_depr__c0p60__z1p10__lam0p010__nu0p50__psi1p00,hardzero_plus_depr,0.12,38,1123,0.0,4,0.48315316,0.48315397,0.99736273,0.1006091,0.1006091,1.0,8.1351567e-07,8.085905e-06,-26.44144,2.1942418,0.73141396,0.136,0.0,0.15531798,9.605124,9.615125,3596800
hardzero_plus_depr__c0p60__z1p10__lam0p010__nu0p50__psi1p00,hardzero_plus_depr,0.12,38,1124,0.0,4,0.48315397,0.4831548,0.9867077,0.103108,0.103108,1.0,8.254257e-07,8.005448e-06,-26.833908,2.1708002,0.7236001,0.104,0.0,0.14971268,9.615125,9.625125,3600000
hardzero_plus_depr__c0p60__z1p10__lam0p010__nu0p50__psi1p00,hardzero_plus_depr,0.12,38,1125,0.0,4,0.4831548,0.48315573,0.9394275,0.114966825,0.114966825,1.0,9.1120296e-07,7.925791e-06,-26.34743,2.0667818,0.6889273,0.264,0.0,0.1569108,9.625125,9.635125,3603200
hardzero_plus_depr__c0p60__z1p10__lam0p010__nu0p50__psi1p00,hardzero_plus_depr,0.12,38,1126,0.0,4,0.48315573,0.48315653,0.989197,0.10251866,0.10251866,1.0,8.044563e-07,7.846926e-06,-26.330032,2.176277,0.72542566,0.18400002,0.0,0.1705801,9.635125,9.645125,3606400
hardzero_plus_depr__c0p60__z1p10__lam0p010__nu0p50__psi1p00,hardzero_plus_depr,0.12,38,1127,0.0,4,0.48315653,0.48315737,0.97360325,0.10626659,0.10626659,1.0,8.255688e-07,7.768846e-06,-26.358719,2.14197,0.71399,0.14400001,0.0,0.1469592,9.645125,9.655126,3609600
hardzero_plus_depr__c0p60__z1p10__lam0p010__nu0p50__psi1p00,hardzero_plus_depr,0.12,38,1128,0.0,4,0.48315737,0.4831582,0.963172,0.10884988,0.10884988,1.0,8.372236e-07,7.691543e-06,-26.881882,2.1190207,0.70634025,0.16000001,0.0,0.16072758,9.655126,9.665126,3612800
hardzero_plus_depr__c0p60__z1p10__lam0p010__nu0p50__psi1p00,hardzero_plus_depr,0.12,38,1129,0.0,4,0.4831582,0.48315912,0.9182864,0.12070176,0.12070176,1.0,9.1914495e-07,7.6150086e-06,-26.214462,2.0202703,0.67342347,0.14400001,0.0,0.13254897,9.665126,9.675126,3616000
hardzero_plus_depr__c0p60__z1p10__lam0p010__nu0p50__psi1p00,hardzero_plus_depr,0.12,38,1130,0.0,4,0.48315912,0.48316002,0.9232088,0.119341426,0.119341426,1.0,8.997432e-07,7.5392363e-06,-25.536945,2.0310998,0.6770333,0.16000001,0.0,0.13455501,9.675126,9.685126,3619200
hardzero_plus_depr__c0p60__z1p10__lam0p010__nu0p50__psi1p00,hardzero_plus_depr,0.12,38,1131,0.0,4,0.48316002,0.4831607,1.0379306,0.09163669,0.09163669,1.0,6.8399623e-07,7.464218e-06,-26.630924,2.2834928,0.7611643,0.19999999,0.0,0.17231202,9.685126,9.695127,3622400
hardzero_plus_depr__c0p60__z1p10__lam0p010__nu0p50__psi1p00,hardzero_plus_depr,0.12,38,1132,0.0,4,0.4831607,0.4831615,0.96410763,0.10861563,0.10861563,1.0,8.0266375e-07,7.389947e-06,-26.1041,2.1210792,0.7070264,0.208,0.0,0.14632443,9.695127,9.705127,3625600
hardzero_plus_depr__c0p60__z1p10__lam0p010__nu0p50__psi1p00,hardzero_plus_depr,0.12,38,1133,0.0,4,0.4831615,0.4831622,1.0367206,0.09189236,0.09189236,1.0,6.7232247e-07,7.3164133e-06,-26.986378,2.2808309,0.760277,0.14400001,0.0,0.15441373,9.705127,9.715127,3628800
hardzero_plus_depr__c0p60__z1p10__lam0p010__nu0p50__psi1p00,hardzero_plus_depr,0.12,38,1134,0.0,4,0.4831622,0.48316294,0.9963415,0.100845955,0.100845955,1.0,7.3048903e-07,7.2436123e-06,-26.733217,2.1919951,0.7306651,0.16800001,0.0,0.15901749,9.715127,9.725127,3632000
hardzero_plus_depr__c0p60__z1p10__lam0p010__nu0p50__psi1p00,hardzero_plus_depr,0.12,38,1135,0.0,4,0.48316294,0.4831637,0.9672131,0.10784173,0.10784173,1.0,7.7339075e-07,7.1715353e-06,-27.029968,2.1279113,0.7093038,0.208,0.0,0.148015,9.725127,9.735127,3635200
hardzero_plus_depr__c0p60__z1p10__lam0p010__nu0p50__psi1p00,hardzero_plus_depr,0.12,38,1136,0.0,4,0.4831637,0.48316443,0.9880405,0.10279205,0.10279205,1.0,7.2984164e-07,7.100176e-06,-26.708252,2.1737325,0.72457755,0.15200001,0.0,0.15781721,9.735127,9.745128,3638400
hardzero_plus_depr__c0p60__z1p10__lam0p010__nu0p50__psi1p00,hardzero_plus_depr,0.12,38,1137,0.0,4,0.48316443,0.48316512,1.0058507,0.09866188,0.09866188,1.0,6.9354627e-07,7.0295264e-06,-27.00752,2.2129157,0.7376386,0.128,0.0,0.15476789,9.745128,9.755128,3641600
hardzero_plus_depr__c0p60__z1p10__lam0p010__nu0p50__psi1p00,hardzero_plus_depr,0.12,38,1138,0.0,4,0.48316512,0.48316592,0.94402814,0.11375536,0.11375536,1.0,7.9168944e-07,6.9595794e-06,-26.440453,2.0769033,0.69230115,0.16800001,0.0,0.14271179,9.755128,9.765128,3644800
hardzero_plus_depr__c0p60__z1p10__lam0p010__nu0p50__psi1p00,hardzero_plus_depr,0.12,38,1139,0.0,4,0.48316592,0.4831667,0.9414708,0.11442718,0.11442718,1.0,7.8844096e-07,6.8903296e-06,-26.222164,2.0712771,0.69042575,0.15200001,0.0,0.13068481,9.765128,9.775128,3648000
hardzero_plus_depr__c0p60__z1p10__lam0p010__nu0p50__psi1p00,hardzero_plus_depr,0.12,38,1140,0.0,4,0.4831667,0.48316738,1.0039419,0.09909645,0.09909645,1.0,6.76013e-07,6.821768e-06,-27.464241,2.2087164,0.73623884,0.24800001,0.0,0.18035206,9.775128,9.785129,3651200
hardzero_plus_depr__c0p60__z1p10__lam0p010__nu0p50__psi1p00,hardzero_plus_depr,0.12,38,1141,0.0,4,0.48316738,0.48316818,0.92803174,0.11802344,0.11802344,1.0,7.9711714e-07,6.7538886e-06,-25.709291,2.0417106,0.68057024,0.15200001,0.0,0.15109363,9.785129,9.795129,3654400
hardzero_plus_depr__c0p60__z1p10__lam0p010__nu0p50__psi1p00,hardzero_plus_depr,0.12,38,1142,0.0,4,0.48316818,0.48316896,0.9430464,0.114012785,0.114012785,1.0,7.6236756e-07,6.686685e-06,-25.794907,2.0747435,0.6915812,0.16000001,0.0,0.14507148,9.795129,9.805129,3657600
hardzero_plus_depr__c0p60__z1p10__lam0p010__nu0p50__psi1p00,hardzero_plus_depr,0.12,38,1143,0.0,4,0.48316896,0.4831696,1.0209073,0.09529996,0.09529996,1.0,6.309e-07,6.6201496e-06,-27.966478,2.2460408,0.7486803,0.128,0.0,0.17929277,9.805129,9.815129,3660800
hardzero_plus_depr__c0p60__z1p10__lam0p010__nu0p50__psi1p00,hardzero_plus_depr,0.12,38,1144,0.0,4,0.4831696,0.4831703,0.9684619,0.10753209,0.10753209,1.0,7.0479507e-07,6.5542768e-06,-26.131926,2.1306586,0.71021956,0.089999996,0.0,0.1576442,9.815129,9.8251295,3664000
hardzero_plus_depr__c0p60__z1p10__lam0p010__nu0p50__psi1p00,hardzero_plus_depr,0.12,38,1145,0.0,4,0.4831703,0.483171,0.9818062,0.10427826,0.10427826,1.0,6.766677e-07,6.4890583e-06,-26.298227,2.1600168,0.72000563,0.15200001,0.0,0.15061128,9.8251295,9.83513,3667200
hardzero_plus_depr__c0p60__z1p10__lam0p010__nu0p50__psi1p00,hardzero_plus_depr,0.12,38,1146,0.0,4,0.483171,0.4831717,0.9509713,0.111951165,0.111951165,1.0,7.192292e-07,6.4244905e-06,-26.506142,2.0921786,0.6973929,0.192,0.0,0.1718239,9.83513,9.84513,3670400
hardzero_plus_depr__c0p60__z1p10__lam0p010__nu0p50__psi1p00,hardzero_plus_depr,0.12,38,1147,0.0,4,0.4831717,0.4831724,0.97187483,0.10669036,0.10669036,1.0,6.786109e-07,6.360564e-06,-26.764332,2.1381674,0.7127225,0.18400002,0.0,0.14711577,9.84513,9.85513,3673600
hardzero_plus_depr__c0p60__z1p10__lam0p010__nu0p50__psi1p00,hardzero_plus_depr,0.12,38,1148,0.0,4,0.4831724,0.4831731,0.9377515,0.115411334,0.115411334,1.0,7.267768e-07,6.297274e-06,-25.936056,2.0630944,0.6876981,0.216,0.0,0.15111189,9.85513,9.86513,3676800
hardzero_plus_depr__c0p60__z1p10__lam0p010__nu0p50__psi1p00,hardzero_plus_depr,0.12,38,1149,0.0,4,0.4831731,0.48317382,0.9448101,0.11355072,0.11355072,1.0,7.079448e-07,6.234613e-06,-26.088087,2.0786238,0.6928746,0.136,0.0,0.14964913,9.86513,9.875131,3680000
hardzero_plus_depr__c0p60__z1p10__lam0p010__nu0p50__psi1p00,hardzero_plus_depr,0.12,38,1150,0.0,4,0.48317382,0.48317456,0.91393226,0.12191797,0.12191797,1.0,7.52548e-07,6.1725764e-06,-25.52168,2.0106912,0.6702304,0.2,0.0,0.16129567,9.875131,9.885131,3683200
hardzero_plus_depr__c0p60__z1p10__lam0p010__nu0p50__psi1p00,hardzero_plus_depr,0.12,38,1151,0.0,4,0.48317456,0.48317522,0.9687084,0.10747107,0.10747107,1.0,6.567726e-07,6.1111573e-06,-26.793251,2.131201,0.71040034,0.216,0.0,0.15508862,9.885131,9.895131,3686400
hardzero_plus_depr__c0p60__z1p10__lam0p010__nu0p50__psi1p00,hardzero_plus_depr,0.12,38,1152,0.0,4,0.48317522,0.48317593,0.9314134,0.11710801,0.11710801,1.0,7.0854435e-07,6.050349e-06,-25.54663,2.0491505,0.68305016,0.192,0.0,0.12293425,9.895131,9.905131,3689600
hardzero_plus_depr__c0p60__z1p10__lam0p010__nu0p50__psi1p00,hardzero_plus_depr,0.12,38,1153,0.0,4,0.48317593,0.48317656,0.98036975,0.104623735,0.104623735,1.0,6.2671137e-07,5.9901454e-06,-26.952171,2.1568565,0.7189522,0.15200001,0.0,0.17389096,9.905131,9.915132,3692800
hardzero_plus_depr__c0p60__z1p10__lam0p010__nu0p50__psi1p00,hardzero_plus_depr,0.12,38,1154,0.0,4,0.48317656,0.4831772,0.9631514,0.10885505,0.10885505,1.0,6.455693e-07,5.9305407e-06,-26.44223,2.1189754,0.7063252,0.14400001,0.0,0.14754823,9.915132,9.925132,3696000
hardzero_plus_depr__c0p60__z1p10__lam0p010__nu0p50__psi1p00,hardzero_plus_depr,0.12,38,1155,0.0,4,0.4831772,0.48317787,0.9477033,0.112796776,0.112796776,1.0,6.622896e-07,5.8715295e-06,-26.411781,2.0849888,0.6949963,0.2,0.0,0.16547023,9.925132,9.935132,3699200
hardzero_plus_depr__c0p60__z1p10__lam0p010__nu0p50__psi1p00,hardzero_plus_depr,0.12,38,1156,0.0,4,0.48317787,0.48317844,1.0073845,0.09831402,0.09831402,1.0,5.715098e-07,5.813106e-06,-27.038235,2.2162902,0.73876345,0.15200001,0.0,0.14048193,9.935132,9.945132,3702400
hardzero_plus_depr__c0p60__z1p10__lam0p010__nu0p50__psi1p00,hardzero_plus_depr,0.12,38,1157,0.0,4,0.48317844,0.48317903,0.9816604,0.10431327,0.10431327,1.0,6.003503e-07,5.755263e-06,-26.881144,2.159696,0.7198987,0.21,0.0,0.15588589,9.945132,9.9551325,3705600
hardzero_plus_depr__c0p60__z1p10__lam0p010__nu0p50__psi1p00,hardzero_plus_depr,0.12,38,1158,0.0,4,0.48317903,0.48317966,0.95432013,0.11109124,0.11109124,1.0,6.3299746e-07,5.697996e-06,-26.364864,2.0995462,0.6998488,0.192,0.0,0.15613052,9.9551325,9.965133,3708800
hardzero_plus_depr__c0p60__z1p10__lam0p010__nu0p50__psi1p00,hardzero_plus_depr,0.12,38,1159,0.0,4,0.48317966,0.48318034,0.91749114,0.120922975,0.120922975,1.0,6.821626e-07,5.6412982e-06,-25.921947,2.0185208,0.6728403,0.24800001,0.0,0.13533491,9.965133,9.975133,3712000
hardzero_plus_depr__c0p60__z1p10__lam0p010__nu0p50__psi1p00,hardzero_plus_depr,0.12,38,1160,0.0,4,0.48318034,0.4831809,0.995211,0.10110881,0.10110881,1.0,5.6470947e-07,5.5851656e-06,-27.218775,2.189508,0.729836,0.104,0.0,0.15655269,9.975133,9.985133,3715200
hardzero_plus_depr__c0p60__z1p10__lam0p010__nu0p50__psi1p00,hardzero_plus_depr,0.12,38,1161,0.0,4,0.4831809,0.4831815,0.9719724,0.10666638,0.10666638,1.0,5.8982147e-07,5.5295914e-06,-26.197786,2.138382,0.712794,0.2,0.0,0.15585047,9.985133,9.995133,3718400
hardzero_plus_depr__c0p60__z1p10__lam0p010__nu0p50__psi1p00,hardzero_plus_depr,0.12,38,1162,0.0,4,0.4831815,0.48318207,0.9800818,0.10469314,0.10469314,1.0,5.731498e-07,5.474569e-06,-25.835413,2.156223,0.71874106,0.2,0.0,0.15019162,9.995133,10.005134,3721600
hardzero_plus_depr__c0p60__z1p10__lam0p010__nu0p50__psi1p00,hardzero_plus_depr,0.12,38,1163,0.0,4,0.48318207,0.4831827,0.92835534,0.11793554,0.11793554,1.0,6.392218e-07,5.420095e-06,-26.235426,2.0424225,0.68080753,0.192,0.0,0.15641011,10.005134,10.015134,3724800
hardzero_plus_depr__c0p60__z1p10__lam0p010__nu0p50__psi1p00,hardzero_plus_depr,0.12,38,1164,0.0,4,0.4831827,0.4831833,0.9453893,0.11339939,0.11339939,1.0,6.0851966e-07,5.3661634e-06,-26.399963,2.0798979,0.6932993,0.192,0.0,0.17108922,10.015134,10.025134,3728000
hardzero_plus_depr__c0p60__z1p10__lam0p010__nu0p50__psi1p00,hardzero_plus_depr,0.12,38,1165,0.0,4,0.4831833,0.48318386,0.9643586,0.10855287,0.10855287,1.0,5.7671616e-07,5.3127674e-06,-26.098099,2.1216314,0.7072105,0.120000005,0.0,0.14255486,10.025134,10.035134,3731200
hardzero_plus_depr__c0p60__z1p10__lam0p010__nu0p50__psi1p00,hardzero_plus_depr,0.12,38,1166,0.0,4,0.48318386,0.4831844,0.99085987,0.10212689,0.10212689,1.0,5.3717764e-07,5.259904e-06,-26.72078,2.1799352,0.7266451,0.18400002,0.0,0.18427755,10.035134,10.045135,3734400
hardzero_plus_depr__c0p60__z1p10__lam0p010__nu0p50__psi1p00,hardzero_plus_depr,0.12,38,1167,0.0,4,0.4831844,0.48318496,0.96029913,0.10957233,0.10957233,1.0,5.706051e-07,5.2075657e-06,-26.508287,2.1127002,0.7042334,0.14400001,0.0,0.17958888,10.045135,10.055135,3737600
hardzero_plus_depr__c0p60__z1p10__lam0p010__nu0p50__psi1p00,hardzero_plus_depr,0.12,38,1168,0.0,4,0.48318496,0.4831855,0.97091657,0.10692602,0.10692602,1.0,5.512836e-07,5.155748e-06,-26.254923,2.136059,0.7120197,0.15200001,0.0,0.1645569,10.055135,10.065135,3740800
hardzero_plus_depr__c0p60__z1p10__lam0p010__nu0p50__psi1p00,hardzero_plus_depr,0.12,38,1169,0.0,4,0.4831855,0.48318607,0.95709777,0.11038301,0.11038301,1.0,5.6344413e-07,5.1044462e-06,-26.792028,2.105657,0.7018857,0.16000001,0.0,0.15404788,10.065135,10.075135,3744000
hardzero_plus_depr__c0p60__z1p10__lam0p010__nu0p50__psi1p00,hardzero_plus_depr,0.12,38,1170,0.0,4,0.48318607,0.48318666,0.92657286,0.11842055,0.11842055,1.0,5.984566e-07,5.053655e-06,-25.787764,2.038501,0.67950034,0.17,0.0,0.12799045,10.075135,10.085135,3747200
hardzero_plus_depr__c0p60__z1p10__lam0p010__nu0p50__psi1p00,hardzero_plus_depr,0.12,38,1171,0.0,4,0.48318666,0.48318717,0.99441123,0.10129518,0.10129518,1.0,5.068172e-07,5.003369e-06,-26.917065,2.1877484,0.7292495,0.18400002,0.0,0.16740651,10.085135,10.095136,3750400
hardzero_plus_depr__c0p60__z1p10__lam0p010__nu0p50__psi1p00,hardzero_plus_depr,0.12,38,1172,0.0,4,0.48318717,0.48318774,0.9344622,0.11628877,0.11628877,1.0,5.760462e-07,4.953584e-06,-26.304075,2.055858,0.685286,0.208,0.0,0.13552663,10.095136,10.105136,3753600
hardzero_plus_depr__c0p60__z1p10__lam0p010__nu0p50__psi1p00,hardzero_plus_depr,0.12,38,1173,0.0,4,0.48318774,0.48318815,1.0782952,0.083503515,0.083503515,1.0,4.0952577e-07,4.9042937e-06,-28.648752,2.3722968,0.79076564,0.120000005,0.0,0.18000384,10.105136,10.115136,3756800
hardzero_plus_depr__c0p60__z1p10__lam0p010__nu0p50__psi1p00,hardzero_plus_depr,0.12,38,1174,0.0,4,0.48318815,0.48318872,0.92849004,0.11789896,0.11789896,1.0,5.724577e-07,4.855494e-06,-26.391867,2.042719,0.6809063,0.17600001,0.0,0.1712018,10.115136,10.125136,3760000
hardzero_plus_depr__c0p60__z1p10__lam0p010__nu0p50__psi1p00,hardzero_plus_depr,0.12,38,1175,0.0,4,0.48318872,0.48318923,0.97879535,0.10500371,0.10500371,1.0,5.047717e-07,4.8071797e-06,-26.073133,2.1533928,0.71779764,0.192,0.0,0.14863993,10.125136,10.135137,3763200
hardzero_plus_depr__c0p60__z1p10__lam0p010__nu0p50__psi1p00,hardzero_plus_depr,0.12,38,1176,0.0,4,0.48318923,0.48318973,0.9781903,0.10515009,0.10515009,1.0,5.0044565e-07,4.759346e-06,-26.76523,2.1520617,0.71735394,0.16800001,0.0,0.17276677,10.135137,10.145137,3766400
hardzero_plus_depr__c0p60__z1p10__lam0p010__nu0p50__psi1p00,hardzero_plus_depr,0.12,38,1177,0.0,4,0.48318973,0.48319027,0.94363075,0.1138595,0.1138595,1.0,5.365047e-07,4.711989e-06,-25.677763,2.076029,0.6920097,0.216,0.0,0.13147326,10.145137,10.155137,3769600
hardzero_plus_depr__c0p60__z1p10__lam0p010__nu0p50__psi1p00,hardzero_plus_depr,0.12,38,1178,0.0,4,0.48319027,0.48319077,0.9714479,0.10679529,0.10679529,1.0,4.98211e-07,4.665103e-06,-27.10245,2.137228,0.7124094,0.112,0.0,0.1609586,10.155137,10.165137,3772800
hardzero_plus_depr__c0p60__z1p10__lam0p010__nu0p50__psi1p00,hardzero_plus_depr,0.12,38,1179,0.0,4,0.48319077,0.4831913,0.94551206,0.11336734,0.11336734,1.0,5.2360787e-07,4.6186833e-06,-26.968319,2.080168,0.69338936,0.192,0.0,0.13178052,10.165137,10.1751375,3776000
hardzero_plus_depr__c0p60__z1p10__lam0p010__nu0p50__psi1p00,hardzero_plus_depr,0.12,38,1180,0.0,4,0.4831913,0.48319173,1.026993,0.09397383,0.09397383,1.0,4.2971655e-07,4.5727256e-06,-28.07816,2.2594297,0.75314325,0.16800001,0.0,0.17211036,10.1751375,10.185138,3779200
hardzero_plus_depr__c0p60__z1p10__lam0p010__nu0p50__psi1p00,hardzero_plus_depr,0.12,38,1181,0.0,4,0.48319173,0.48319218,0.9951653,0.10111944,0.10111944,1.0,4.5779043e-07,4.527225e-06,-27.477385,2.1894073,0.7298025,0.17600001,0.0,0.17284407,10.185138,10.195138,3782400
hardzero_plus_depr__c0p60__z1p10__lam0p010__nu0p50__psi1p00,hardzero_plus_depr,0.12,38,1182,0.0,4,0.48319218,0.48319262,0.99704444,0.100682855,0.100682855,1.0,4.5127845e-07,4.4821777e-06,-26.699406,2.1935415,0.73118055,0.16800001,0.0,0.1592817,10.195138,10.205138,3785600
hardzero_plus_depr__c0p60__z1p10__lam0p010__nu0p50__psi1p00,hardzero_plus_depr,0.12,38,1183,0.0,4,0.48319262,0.48319316,0.917331,0.12096758,0.12096758,1.0,5.368031e-07,4.4375784e-06,-26.125166,2.0181684,0.6727228,0.17999999,0.0,0.16463827,10.205138,10.215138,3788800
hardzero_plus_depr__c0p60__z1p10__lam0p010__nu0p50__psi1p00,hardzero_plus_depr,0.12,38,1184,0.0,4,0.48319316,0.48319358,1.0084947,0.098063014,0.098063014,1.0,4.3083224e-07,4.3934224e-06,-27.598684,2.2187328,0.73957765,0.208,0.0,0.18671095,10.215138,10.225139,3792000
hardzero_plus_depr__c0p60__z1p10__lam0p010__nu0p50__psi1p00,hardzero_plus_depr,0.12,38,1185,0.0,4,0.48319358,0.48319408,0.9363033,0.11579682,0.11579682,1.0,5.036822e-07,4.3497066e-06,-26.365923,2.0599084,0.68663615,0.14400001,0.0,0.14889728,10.225139,10.235139,3795200
hardzero_plus_depr__c0p60__z1p10__lam0p010__nu0p50__psi1p00,hardzero_plus_depr,0.12,38,1186,0.0,4,0.48319408,0.4831946,0.9301815,0.117440656,0.117440656,1.0,5.057493e-07,4.3064247e-06,-25.82231,2.0464401,0.6821467,0.23200001,0.0,0.12849408,10.235139,10.245139,3798400
hardzero_plus_depr__c0p60__z1p10__lam0p010__nu0p50__psi1p00,hardzero_plus_depr,0.12,38,1187,0.0,4,0.4831946,0.48319507,0.9512683,0.11187465,0.11187465,1.0,4.769859e-07,4.2635747e-06,-27.072035,2.092832,0.69761074,0.16000001,0.0,0.16201843,10.245139,10.255139,3801600
hardzero_plus_depr__c0p60__z1p10__lam0p010__nu0p50__psi1p00,hardzero_plus_depr,0.12,38,1188,0.0,4,0.48319507,0.4831955,0.96931094,0.107322074,0.107322074,1.0,4.5302264e-07,4.2211504e-06,-26.871851,2.1325266,0.71084225,0.18400002,0.0,0.1678751,10.255139,10.26514,3804800
hardzero_plus_depr__c0p60__z1p10__lam0p010__nu0p50__psi1p00,hardzero_plus_depr,0.12,38,1189,0.0,4,0.4831955,0.483196,0.94802046,0.11271443,0.11271443,1.0,4.710503e-07,4.179148e-06,-25.398666,2.0856867,0.69522893,0.24000001,0.008,0.14441638,10.26514,10.27514,3808000
hardzero_plus_depr__c0p60__z1p10__lam0p010__nu0p50__psi1p00,hardzero_plus_depr,0.12,38,1190,0.0,4,0.483196,0.48319644,0.9543186,0.111091636,0.111091636,1.0,4.5964873e-07,4.137564e-06,-26.945852,2.0995429,0.69984764,0.136,0.0,0.13955773,10.27514,10.28514,3811200
hardzero_plus_depr__c0p60__z1p10__lam0p010__nu0p50__psi1p00,hardzero_plus_depr,0.12,38,1191,0.0,4,0.48319644,0.48319688,0.9643027,0.10856685,0.10856685,1.0,4.4473256e-07,4.0963937e-06,-26.513937,2.1215084,0.7071695,0.14400001,0.0,0.14991865,10.28514,10.29514,3814400
hardzero_plus_depr__c0p60__z1p10__lam0p010__nu0p50__psi1p00,hardzero_plus_depr,0.12,38,1192,0.0,4,0.48319688,0.48319736,0.92859334,0.11787092,0.11787092,1.0,4.7804116e-07,4.055633e-06,-25.462679,2.042946,0.68098205,0.16800001,0.0,0.14439712,10.29514,10.3051405,3817600
hardzero_plus_depr__c0p60__z1p10__lam0p010__nu0p50__psi1p00,hardzero_plus_depr,0.12,38,1193,0.0,4,0.48319736,0.48319784,0.93553865,0.11600089,0.11600089,1.0,4.657758e-07,4.0152777e-06,-25.960825,2.058226,0.6860754,0.24800001,0.0,0.13392204,10.3051405,10.315141,3820800
hardzero_plus_depr__c0p60__z1p10__lam0p010__nu0p50__psi1p00,hardzero_plus_depr,0.12,38,1194,0.0,4,0.48319784,0.48319831,0.9292978,0.11767988,0.11767988,1.0,4.678157e-07,3.9753245e-06,-25.735327,2.044496,0.6814987,0.24000001,0.0,0.13048725,10.315141,10.325141,3824000
hardzero_plus_depr__c0p60__z1p10__lam0p010__nu0p50__psi1p00,hardzero_plus_depr,0.12,38,1195,0.0,4,0.48319831,0.48319876,0.9329054,0.11670639,0.11670639,1.0,4.5932927e-07,3.935768e-06,-26.616821,2.0524328,0.68414426,0.16000001,0.0,0.16286606,10.325141,10.335141,3827200
hardzero_plus_depr__c0p60__z1p10__lam0p010__nu0p50__psi1p00,hardzero_plus_depr,0.12,38,1196,0.0,4,0.48319876,0.48319915,1.0046034,0.09894563,0.09894563,1.0,3.8555214e-07,3.896606e-06,-27.880219,2.2101717,0.7367239,0.22,0.0,0.16166131,10.335141,10.345141,3830400
hardzero_plus_depr__c0p60__z1p10__lam0p010__nu0p50__psi1p00,hardzero_plus_depr,0.12,38,1197,0.0,4,0.48319915,0.48319957,0.9756818,0.1057592,0.1057592,1.0,4.080013e-07,3.857833e-06,-27.281055,2.1465428,0.7155143,0.16000001,0.0,0.18054321,10.345141,10.355142,3833600
hardzero_plus_depr__c0p60__z1p10__lam0p010__nu0p50__psi1p00,hardzero_plus_depr,0.12,38,1198,0.0,4,0.48319957,0.48319995,0.9974831,0.10058123,0.10058123,1.0,3.8416454e-07,3.8194457e-06,-27.073404,2.1945066,0.73150223,0.128,0.0,0.1332547,10.355142,10.365142,3836800
hardzero_plus_depr__c0p60__z1p10__lam0p010__nu0p50__psi1p00,hardzero_plus_depr,0.12,38,1199,0.0,4,0.48319995,0.48320037,0.9649817,0.10839727,0.10839727,1.0,4.0989786e-07,3.781441e-06,-26.005705,2.123002,0.70766735,0.17600001,0.0,0.15413553,10.365142,10.375142,3840000
hardzero_plus_depr__c0p60__z1p10__lam0p010__nu0p50__psi1p00,hardzero_plus_depr,0.12,38,1200,0.0,4,0.48320037,0.48320076,0.979893,0.10473865,0.10473865,1.0,3.9212202e-07,3.743814e-06,-26.946674,2.1558077,0.7186026,0.16000001,0.0,0.14668244,10.375142,10.385142,3843200
hardzero_plus_depr__c0p60__z1p10__lam0p010__nu0p50__psi1p00,hardzero_plus_depr,0.12,38,1201,0.0,4,0.48320076,0.48320112,1.0051994,0.09880992,0.09880992,1.0,3.6624502e-07,3.7065613e-06,-27.215696,2.211483,0.73716104,0.224,0.0,0.14481382,10.385142,10.395143,3846400
hardzero_plus_depr__c0p60__z1p10__lam0p010__nu0p50__psi1p00,hardzero_plus_depr,0.12,38,1202,0.0,4,0.48320112,0.4832016,0.8739943,0.13366131,0.13366131,1.0,4.904942e-07,3.6696797e-06,-24.592762,1.9228258,0.640942,0.24800001,0.0,0.116962485,10.395143,10.405143,3849600
hardzero_plus_depr__c0p60__z1p10__lam0p010__nu0p50__psi1p00,hardzero_plus_depr,0.12,38,1203,0.0,4,0.4832016,0.48320198,0.9742229,0.10611509,0.10611509,1.0,3.8553364e-07,3.633165e-06,-27.50139,2.1433332,0.7144444,0.208,0.008,0.14313783,10.405143,10.415143,3852800
hardzero_plus_depr__c0p60__z1p10__lam0p010__nu0p50__psi1p00,hardzero_plus_depr,0.12,38,1204,0.0,4,0.48320198,0.48320234,0.98777837,0.102854095,0.102854095,1.0,3.699676e-07,3.5970138e-06,-27.266226,2.1731558,0.72438526,0.15200001,0.0,0.15061125,10.415143,10.425143,3856000
hardzero_plus_depr__c0p60__z1p10__lam0p010__nu0p50__psi1p00,hardzero_plus_depr,0.12,38,1205,0.0,4,0.48320234,0.48320273,0.97096664,0.1069137,0.1069137,1.0,3.8074342e-07,3.561222e-06,-26.789993,2.1361692,0.7120564,0.17600001,0.0,0.137598,10.425143,10.435143,3859200
hardzero_plus_depr__c0p60__z1p10__lam0p010__nu0p50__psi1p00,hardzero_plus_depr,0.12,38,1206,0.0,4,0.48320273,0.4832031,0.9589383,0.10991619,0.10991619,1.0,3.8754104e-07,3.5257867e-06,-26.766245,2.1097064,0.7032355,0.14400001,0.0,0.14377075,10.435143,10.445144,3862400
hardzero_plus_depr__c0p60__z1p10__lam0p010__nu0p50__psi1p00,hardzero_plus_depr,0.12,38,1207,0.0,4,0.4832031,0.48320347,0.9821688,0.10419123,0.10419123,1.0,3.6370068e-07,3.4907034e-06,-27.313938,2.1608145,0.7202715,0.224,0.0,0.17959371,10.445144,10.455144,3865600
hardzero_plus_depr__c0p60__z1p10__lam0p010__nu0p50__psi1p00,hardzero_plus_depr,0.12,38,1208,0.0,4,0.48320347,0.4832038,1.0056137,0.0987157,0.0987157,1.0,3.4115848e-07,3.4559698e-06,-27.444868,2.2123942,0.7374648,0.128,0.0,0.14220737,10.455144,10.465144,3868800
hardzero_plus_depr__c0p60__z1p10__lam0p010__nu0p50__psi1p00,hardzero_plus_depr,0.12,38,1209,0.0,4,0.4832038,0.48320413,1.0307689,0.093160346,0.093160346,1.0,3.187557e-07,3.4215814e-06,-27.532343,2.2677367,0.75591224,0.14,0.0,0.16345206,10.465144,10.475144,3872000
hardzero_plus_depr__c0p60__z1p10__lam0p010__nu0p50__psi1p00,hardzero_plus_depr,0.12,38,1210,0.0,4,0.48320413,0.48320448,0.9661779,0.1080991,0.1080991,1.0,3.661895e-07,3.3875351e-06,-25.844975,2.1256337,0.7085446,0.112,0.0,0.14894275,10.475144,10.485145,3875200
hardzero_plus_depr__c0p60__z1p10__lam0p010__nu0p50__psi1p00,hardzero_plus_depr,0.12,38,1211,0.0,4,0.48320448,0.48320484,0.9549676,0.11092575,0.11092575,1.0,3.7202588e-07,3.353828e-06,-26.835411,2.1009707,0.7003236,0.16800001,0.0,0.15459791,10.485145,10.495145,3878400
hardzero_plus_depr__c0p60__z1p10__lam0p010__nu0p50__psi1p00,hardzero_plus_depr,0.12,38,1212,0.0,4,0.48320484,0.48320523,0.92994696,0.1175041,0.1175041,1.0,3.901672e-07,3.3204562e-06,-25.643772,2.0459242,0.68197477,0.18400002,0.0,0.13554192,10.495145,10.505145,3881600
hardzero_plus_depr__c0p60__z1p10__lam0p010__nu0p50__psi1p00,hardzero_plus_depr,0.12,38,1213,0.0,4,0.48320523,0.48320556,0.9841472,0.10371768,0.10371768,1.0,3.409632e-07,3.2874163e-06,-25.89263,2.165167,0.72172236,0.23200001,0.0,0.15249687,10.505145,10.515145,3884800
hardzero_plus_depr__c0p60__z1p10__lam0p010__nu0p50__psi1p00,hardzero_plus_depr,0.12,38,1214,0.0,4,0.48320556,0.48320588,1.0036819,0.09915579,0.09915579,1.0,3.2272288e-07,3.2547052e-06,-26.782068,2.2081442,0.7360481,0.136,0.0,0.1495431,10.515145,10.525146,3888000
hardzero_plus_depr__c0p60__z1p10__lam0p010__nu0p50__psi1p00,hardzero_plus_depr,0.12,38,1215,0.0,4,0.48320588,0.48320624,0.9629058,0.108916625,0.108916625,1.0,3.5096417e-07,3.2223195e-06,-26.463465,2.1184351,0.70614505,0.216,0.0,0.17432474,10.525146,10.535146,3891200
hardzero_plus_depr__c0p60__z1p10__lam0p010__nu0p50__psi1p00,hardzero_plus_depr,0.12,38,1216,0.0,4,0.48320624,0.4832066,0.9634331,0.10878448,0.10878448,1.0,3.470504e-07,3.1902564e-06,-26.96987,2.119595,0.7065317,0.16000001,0.0,0.15792692,10.535146,10.545146,3894400
hardzero_plus_depr__c0p60__z1p10__lam0p010__nu0p50__psi1p00,hardzero_plus_depr,0.12,38,1217,0.0,4,0.4832066,0.48320696,0.94901663,0.11245619,0.11245619,1.0,3.5519423e-07,3.158512e-06,-26.697155,2.0878782,0.69595945,0.192,0.0,0.1291913,10.545146,10.555146,3897600
hardzero_plus_depr__c0p60__z1p10__lam0p010__nu0p50__psi1p00,hardzero_plus_depr,0.12,38,1218,0.0,4,0.48320696,0.4832073,0.9783912,0.10510148,0.10510148,1.0,3.2866112e-07,3.1270836e-06,-27.376282,2.1525035,0.71750116,0.24000001,0.0,0.15809333,10.555146,10.565146,3900800
hardzero_plus_depr__c0p60__z1p10__lam0p010__nu0p50__psi1p00,hardzero_plus_depr,0.12,38,1219,0.0,4,0.4832073,0.4832076,0.9826096,0.104085535,0.104085535,1.0,3.2224548e-07,3.095968e-06,-26.864578,2.1617844,0.7205948,0.072000004,0.0,0.1383567,10.565146,10.575147,3904000
hardzero_plus_depr__c0p60__z1p10__lam0p010__nu0p50__psi1p00,hardzero_plus_depr,0.12,38,1220,0.0,4,0.4832076,0.48320794,0.95223075,0.111627,0.111627,1.0,3.421548e-07,3.0651618e-06,-25.652082,2.0949495,0.6983165,0.216,0.0,0.15723757,10.575147,10.585147,3907200
hardzero_plus_depr__c0p60__z1p10__lam0p010__nu0p50__psi1p00,hardzero_plus_depr,0.12,38,1221,0.0,4,0.48320794,0.48320827,0.9639223,0.108661994,0.108661994,1.0,3.2975245e-07,3.0346623e-06,-26.04785,2.1206715,0.7068905,0.17600001,0.0,0.14830136,10.585147,10.595147,3910400
hardzero_plus_depr__c0p60__z1p10__lam0p010__nu0p50__psi1p00,hardzero_plus_depr,0.12,38,1222,0.0,4,0.48320827,0.48320866,0.8862225,0.12995036,0.12995036,1.0,3.9043147e-07,3.0044662e-06,-25.33114,1.9497284,0.6499095,0.28,0.0,0.14099061,10.595147,10.605147,3913600
hardzero_plus_depr__c0p60__z1p10__lam0p010__nu0p50__psi1p00,hardzero_plus_depr,0.12,38,1223,0.0,4,0.48320866,0.48320898,0.9693078,0.107322864,0.107322864,1.0,3.1923943e-07,2.9745706e-06,-26.346218,2.1325197,0.7108399,0.17600001,0.0,0.1389092,10.605147,10.615148,3916800
hardzero_plus_depr__c0p60__z1p10__lam0p010__nu0p50__psi1p00,hardzero_plus_depr,0.12,38,1224,0.0,4,0.48320898,0.48320925,1.0330389,0.09267469,0.09267469,1.0,2.729244e-07,2.9449725e-06,-27.694046,2.2727308,0.75757694,0.112,0.0,0.1773921,10.615148,10.625148,3920000
hardzero_plus_depr__c0p60__z1p10__lam0p010__nu0p50__psi1p00,hardzero_plus_depr,0.12,38,1225,0.0,4,0.48320925,0.48320958,0.95186836,0.11172018,0.11172018,1.0,3.2573902e-07,2.9156686e-06,-26.005487,2.0941522,0.69805074,0.18400002,0.0,0.13132359,10.625148,10.635148,3923200
hardzero_plus_depr__c0p60__z1p10__lam0p010__nu0p50__psi1p00,hardzero_plus_depr,0.12,38,1226,0.0,4,0.48320958,0.4832099,0.93345207,0.116559565,0.116559565,1.0,3.3646745e-07,2.8866568e-06,-25.95286,2.0536356,0.6845452,0.16000001,0.0,0.12229538,10.635148,10.645148,3926400
hardzero_plus_depr__c0p60__z1p10__lam0p010__nu0p50__psi1p00,hardzero_plus_depr,0.12,38,1227,0.0,4,0.4832099,0.4832102,0.96989095,0.10717883,0.10717883,1.0,3.0630994e-07,2.8579334e-06,-26.643154,2.1338027,0.7112676,0.16800001,0.0,0.1401899,10.645148,10.6551485,3929600
hardzero_plus_depr__c0p60__z1p10__lam0p010__nu0p50__psi1p00,hardzero_plus_depr,0.12,38,1228,0.0,4,0.4832102,0.48321053,0.93755245,0.11546424,0.11546424,1.0,3.267056e-07,2.8294958e-06,-26.537136,2.0626566,0.6875522,0.14400001,0.0,0.14583607,10.6551485,10.665149,3932800
hardzero_plus_depr__c0p60__z1p10__lam0p010__nu0p50__psi1p00,hardzero_plus_depr,0.12,38,1229,0.0,4,0.48321053,0.48321086,0.9337605,0.11647681,0.11647681,1.0,3.2629129e-07,2.8013412e-06,-26.130716,2.0543141,0.6847714,0.216,0.0,0.15875389,10.665149,10.675149,3936000
hardzero_plus_depr__c0p60__z1p10__lam0p010__nu0p50__psi1p00,hardzero_plus_depr,0.12,38,1230,0.0,4,0.48321086,0.48321116,0.9609457,0.10940931,0.10940931,1.0,3.0344307e-07,2.7734666e-06,-26.536058,2.1141229,0.7047076,0.15200001,0.0,0.14144821,10.675149,10.685149,3939200
hardzero_plus_depr__c0p60__z1p10__lam0p010__nu0p50__psi1p00,hardzero_plus_depr,0.12,38,1231,0.0,4,0.48321116,0.4832115,0.91576415,0.12140479,0.12140479,1.0,3.3336175e-07,2.7458698e-06,-25.47399,2.0147214,0.6715738,0.208,0.0,0.13351932,10.685149,10.695149,3942400
hardzero_plus_depr__c0p60__z1p10__lam0p010__nu0p50__psi1p00,hardzero_plus_depr,0.12,38,1232,0.0,4,0.4832115,0.48321176,1.0145252,0.09671077,0.09671077,1.0,2.629128e-07,2.7185472e-06,-27.366152,2.2319999,0.74399996,0.16000001,0.0,0.15812002,10.695149,10.70515,3945600
hardzero_plus_depr__c0p60__z1p10__lam0p010__nu0p50__psi1p00,hardzero_plus_depr,0.12,38,1233,0.0,4,0.48321176,0.48321202,0.9806937,0.10454572,0.10454572,1.0,2.8138447e-07,2.6914968e-06,-25.711851,2.1575692,0.71918976,0.208,0.0,0.1550322,10.70515,10.71515,3948800
hardzero_plus_depr__c0p60__z1p10__lam0p010__nu0p50__psi1p00,hardzero_plus_depr,0.12,38,1234,0.0,4,0.48321202,0.48321232,0.96798134,0.107651144,0.107651144,1.0,2.8685963e-07,2.664715e-06,-26.809494,2.1296015,0.7098672,0.2,0.0,0.14478898,10.71515,10.72515,3952000
hardzero_plus_depr__c0p60__z1p10__lam0p010__nu0p50__psi1p00,hardzero_plus_depr,0.12,38,1235,0.0,4,0.48321232,0.48321262,0.94766957,0.11280554,0.11280554,1.0,2.9760355e-07,2.6382e-06,-26.49879,2.0849147,0.69497156,0.26999998,0.0,0.15654215,10.72515,10.73515,3955200
hardzero_plus_depr__c0p60__z1p10__lam0p010__nu0p50__psi1p00,hardzero_plus_depr,0.12,38,1236,0.0,4,0.48321262,0.48321292,0.94589156,0.11326829,0.11326829,1.0,2.9585104e-07,2.6119492e-06,-25.988087,2.081003,0.69366765,0.14400001,0.0,0.14450045,10.73515,10.745151,3958400
hardzero_plus_depr__c0p60__z1p10__lam0p010__nu0p50__psi1p00,hardzero_plus_depr,0.12,38,1237,0.0,4,0.48321292,0.48321322,0.9250118,0.118847,0.118847,1.0,3.0733347e-07,2.585959e-06,-25.64585,2.0350666,0.6783556,0.224,0.0,0.14725839,10.745151,10.755151,3961600
hardzero_plus_depr__c0p60__z1p10__lam0p010__nu0p50__psi1p00,hardzero_plus_depr,0.12,38,1238,0.0,4,0.48321322,0.48321345,1.0226666,0.09491468,0.09491468,1.0,2.430032e-07,2.5602278e-06,-27.51011,2.2499113,0.74997044,0.120000005,0.0,0.17901327,10.755151,10.765151,3964800
hardzero_plus_depr__c0p60__z1p10__lam0p010__nu0p50__psi1p00,hardzero_plus_depr,0.12,38,1239,0.0,4,0.48321345,0.48321375,0.9504212,0.11209307,0.11209307,1.0,2.8412816e-07,2.5347524e-06,-26.860336,2.0909684,0.6969895,0.16800001,0.0,0.15088625,10.765151,10.775151,3968000
hardzero_plus_depr__c0p60__z1p10__lam0p010__nu0p50__psi1p00,hardzero_plus_depr,0.12,38,1240,0.0,4,0.48321375,0.483214,1.0392137,0.091366366,0.091366366,1.0,2.2928668e-07,2.5095305e-06,-28.082088,2.2863157,0.7621052,0.17600001,0.0,0.16820163,10.775151,10.7851515,3971200
hardzero_plus_depr__c0p60__z1p10__lam0p010__nu0p50__psi1p00,hardzero_plus_depr,0.12,38,1241,0.0,4,0.483214,0.48321423,0.9956356,0.10101,0.10101,1.0,2.5096537e-07,2.4845597e-06,-26.915127,2.190442,0.73014736,0.18400002,0.0,0.15023421,10.7851515,10.795152,3974400
hardzero_plus_depr__c0p60__z1p10__lam0p010__nu0p50__psi1p00,hardzero_plus_depr,0.12,38,1242,0.0,4,0.48321423,0.48321453,0.9362685,0.1158061,0.1158061,1.0,2.848642e-07,2.4598376e-06,-25.959505,2.0598319,0.68661064,0.192,0.0,0.14795244,10.795152,10.805152,3977600
hardzero_plus_depr__c0p60__z1p10__lam0p010__nu0p50__psi1p00,hardzero_plus_depr,0.12,38,1243,0.0,4,0.48321453,0.48321477,1.0106806,0.0975707,0.0975707,1.0,2.376199e-07,2.4353612e-06,-27.85792,2.2235415,0.74118054,0.128,0.0,0.16190231,10.805152,10.815152,3980800
hardzero_plus_depr__c0p60__z1p10__lam0p010__nu0p50__psi1p00,hardzero_plus_depr,0.12,38,1244,0.0,4,0.48321477,0.483215,0.97980905,0.1047589,0.1047589,1.0,2.5258717e-07,2.4111284e-06,-26.69869,2.155623,0.718541,0.15200001,0.0,0.14847463,10.815152,10.825152,3984000
hardzero_plus_depr__c0p60__z1p10__lam0p010__nu0p50__psi1p00,hardzero_plus_depr,0.12,38,1245,0.0,4,0.483215,0.48321524,0.99044937,0.10222348,0.10222348,1.0,2.440214e-07,2.3871366e-06,-26.647652,2.179032,0.72634405,0.15200001,0.0,0.15295061,10.825152,10.835153,3987200
hardzero_plus_depr__c0p60__z1p10__lam0p010__nu0p50__psi1p00,hardzero_plus_depr,0.12,38,1246,0.0,4,0.48321524,0.48321554,0.9182116,0.12072254,0.12072254,1.0,2.853137e-07,2.3633838e-06,-25.859554,2.0201058,0.67336863,0.216,0.0,0.14627653,10.835153,10.845153,3990400
hardzero_plus_depr__c0p60__z1p10__lam0p010__nu0p50__psi1p00,hardzero_plus_depr,0.12,38,1247,0.0,4,0.48321554,0.48321578,0.98723346,0.10298324,0.10298324,1.0,2.409671e-07,2.3398673e-06,-25.829111,2.171957,0.7239857,0.120000005,0.0,0.12977694,10.845153,10.855153,3993600
hardzero_plus_depr__c0p60__z1p10__lam0p010__nu0p50__psi1p00,hardzero_plus_depr,0.12,38,1248,0.0,4,0.48321578,0.48321602,0.9675133,0.10776722,0.10776722,1.0,2.496519e-07,2.3165846e-06,-26.49839,2.1285717,0.7095239,0.24,0.01,0.1537183,10.855153,10.865153,3996800
hardzero_plus_depr__c0p60__z1p10__lam0p010__nu0p50__psi1p00,hardzero_plus_depr,0.12,38,1249,0.0,4,0.48321602,0.48321626,0.98301834,0.103987634,0.103987634,1.0,2.3849913e-07,2.2935335e-06,-27.332727,2.1626835,0.7208945,0.192,0.0,0.20332724,10.865153,10.875154,4000000
