update,update_u_mean,update_u_q25,update_u_q75,update_u_std,update_counter_mean,update_counter_q25,update_counter_q75,update_counter_std,energy_E_pre_mean,energy_E_pre_q25,energy_E_pre_q75,energy_E_pre_std,energy_E_post_mean,energy_E_post_q25,energy_E_post_q75,energy_E_post_std,funding_z_mean,funding_z_q25,funding_z_q75,funding_z_std,funding_g_mean,funding_g_q25,funding_g_q75,funding_g_std,funding_g_raw_mean,funding_g_raw_q25,funding_g_raw_q75,funding_g_raw_std,funding_cut_active_mean,funding_cut_active_q25,funding_cut_active_q75,funding_cut_active_std,funding_income_mean,funding_income_q25,funding_income_q75,funding_income_std,funding_alpha_eff_mean,funding_alpha_eff_q25,funding_alpha_eff_q75,funding_alpha_eff_std,episode_return_end_mean_mean,episode_return_end_mean_q25,episode_return_end_mean_q75,episode_return_end_mean_std,terminal_min_dists_end_mean_mean,terminal_min_dists_end_mean_q25,terminal_min_dists_end_mean_q75,terminal_min_dists_end_mean_std,terminal_dbar_end_mean,terminal_dbar_end_q25,terminal_dbar_end_q75,terminal_dbar_end_std,terminal_occupied_end_mean_mean,terminal_occupied_end_mean_q25,terminal_occupied_end_mean_q75,terminal_occupied_end_mean_std,terminal_CSR_train_mean,terminal_CSR_train_q25,terminal_CSR_train_q75,terminal_CSR_train_std,vartd_VarTD_mean,vartd_VarTD_q25,vartd_VarTD_q75,vartd_VarTD_std,depr_F_mean,depr_F_q25,depr_F_q75,depr_F_std,depr_F_post_mean,depr_F_post_q25,depr_F_post_q75,depr_F_post_std,env_steps_mean,env_steps_q25,env_steps_q75,env_steps_std
0,1.0,1.0,1.0,0.0,1.0,1.0,1.0,0.0,1.0,1.0,1.0,0.0,0.42265746,0.42252854257822037,0.4227575436234474,0.00016263175,1.0533929,1.0366127490997314,1.0742522776126862,0.026218692,0.0885807,0.08428455144166946,0.09191753156483173,0.005421039,0.0885807,0.08428455144166946,0.09191753156483173,0.005421039,1.0,1.0,1.0,0.0,0.002657421,0.0025285364827141166,0.0027575258864089847,0.00016263119,0.03,0.029999999329447746,0.029999999329447746,0.0,-27.56038,-27.963791847229004,-27.32027244567871,0.64814734,2.3175106,2.280593514442444,2.3634021878242493,0.057682253,0.7725036,0.7601978480815887,0.7878007590770721,0.019227425,0.14833333,0.1249999962747097,0.17249999940395355,0.043658454,0.0,0.0,0.0,0.0,0.15948011,0.14002614468336105,0.16236314550042152,0.026216622,0.0,0.0,0.0,0.0,0.0,0.0,0.0,0.0,3200.0,3200.0,3200.0,0.0
1,0.0,0.0,0.0,0.0,1.0,1.0,1.0,0.0,0.42265746,0.42252854257822037,0.4227575436234474,0.00016263175,0.425486,0.4252888187766075,0.42567426711320877,0.00025167697,1.0263995,1.0094584822654724,1.0397501289844513,0.028258143,0.09428588,0.09125498682260513,0.09785563312470913,0.0061753346,0.09428588,0.09125498682260513,0.09785563312470913,0.0061753346,1.0,1.0,1.0,0.0,0.0028285766,0.002737649600021541,0.002935668977443129,0.00018526003,0.03,0.029999999329447746,0.029999999329447746,0.0,-27.208511,-27.759219646453857,-26.655034065246582,0.81955147,2.2581236,2.2208529710769653,2.2874959111213684,0.06216915,0.75270796,0.7402843236923218,0.7624986469745636,0.020723049,0.16400002,0.13600000739097595,0.17800001427531242,0.032807983,0.0,0.0,0.0,0.0,0.15070619,0.14210711792111397,0.15778414905071259,0.014236025,0.0,0.0,0.0,0.0,0.01,0.009999999776482582,0.009999999776482582,0.0,6400.0,6400.0,6400.0,0.0
2,0.0,0.0,0.0,0.0,1.0,1.0,1.0,0.0,0.425486,0.4252888187766075,0.42567426711320877,0.00025167697,0.42807326,0.428123377263546,0.4284827634692192,0.0009147036,1.0313622,1.0106301605701447,1.0415782928466797,0.0350767,0.086890616,0.09089690633118153,0.09758306667208672,0.027834885,0.09330434,0.09089690633118153,0.09758306667208672,0.007245694,0.9166667,1.0,1.0,0.28867513,0.002587241,0.0027065317844972014,0.0029056177590973675,0.00082880707,0.029775837,0.029775839298963547,0.029775839298963547,0.0,-27.20481,-27.86267614364624,-26.715025424957275,0.76144654,2.2690423,2.223430812358856,2.2915180921554565,0.077170275,0.7563474,0.7411436289548874,0.76383937895298,0.02572342,0.15466668,0.1340000070631504,0.17600001394748688,0.029607536,0.0,0.0,0.0,0.0,0.15834306,0.1396571584045887,0.17205850780010223,0.023473708,0.01,0.009999999776482582,0.009999999776482582,0.0,0.02,0.019999999552965164,0.019999999552965164,0.0,9600.0,9600.0,9600.0,0.0
3,0.0,0.0,0.0,0.0,1.0,1.0,1.0,0.0,0.42807326,0.428123377263546,0.4284827634692192,0.0009147036,0.43078175,0.4306804835796356,0.4312833398580551,0.0009378801,1.0387949,1.01738640666008,1.0625931918621063,0.029683435,0.09164827,0.08658700250089169,0.09607794880867004,0.0061564627,0.09164827,0.08658700250089169,0.09607794880867004,0.0061564627,1.0,1.0,1.0,0.0,0.0027085142,0.002558936655987054,0.0028394259279593825,0.00018194412,0.02955336,0.029553357511758804,0.029553357511758804,0.0,-27.687738,-27.92843723297119,-27.402888298034668,0.5403161,2.2853944,2.238294839859009,2.3377516865730286,0.06530483,0.76179814,0.7460982799530029,0.7792505770921707,0.021768283,0.136,0.1080000028014183,0.15600001066923141,0.037211925,0.0,0.0,0.0,0.0,0.15644775,0.13702184334397316,0.1670125238597393,0.019217066,0.02,0.019999999552965164,0.019999999552965164,0.0,0.03,0.029999999329447746,0.029999999329447746,0.0,12800.0,12800.0,12800.0,0.0
4,0.0,0.0,0.0,0.0,1.0,1.0,1.0,0.0,0.43078175,0.4306804835796356,0.4312833398580551,0.0009378801,0.4330882,0.4333937391638756,0.4339269697666168,0.0017831578,1.0410565,1.0096108615398407,1.0742417573928833,0.04802367,0.07863173,0.08432632125914097,0.09781982377171516,0.037447687,0.091484405,0.08432632125914097,0.09781982377171516,0.009933451,0.8333333,1.0,1.0,0.38924947,0.002306468,0.0024735047481954098,0.002869303512852639,0.0010984356,0.029332535,0.029332535341382027,0.029332535341382027,0.0,-27.289642,-28.13055658340454,-26.65029811859131,0.99446326,2.2903702,2.221188247203827,2.363379120826721,0.10565418,0.76345676,0.7403960824012756,0.7877930402755737,0.03521806,0.14266668,0.11800000444054604,0.16200001165270805,0.034926765,0.0,0.0,0.0,0.0,0.15497878,0.14226104319095612,0.16352161392569542,0.015645947,0.03,0.029999999329447746,0.029999999329447746,0.0,0.04,0.03999999910593033,0.03999999910593033,0.0,16000.0,16000.0,16000.0,0.0
5,0.0,0.0,0.0,0.0,1.0,1.0,1.0,0.0,0.4330882,0.4333937391638756,0.4339269697666168,0.0017831578,0.43529657,0.43364136666059494,0.43653763085603714,0.0019773457,1.0524902,1.0377328991889954,1.0637443661689758,0.03310421,0.07585263,0.08639872819185257,0.0916786938905716,0.03568656,0.088848494,0.08639872819185257,0.0916786938905716,0.0066338307,0.8333333,1.0,1.0,0.38924947,0.0022083255,0.002515357860829681,0.0026690755039453506,0.001038956,0.029113367,0.029113367199897766,0.029113367199897766,0.0,-27.659746,-28.03201723098755,-27.41155481338501,0.67632407,2.3155248,2.283057987689972,2.34028422832489,0.07283071,0.7718416,0.7610193490982056,0.7800947576761246,0.024276901,0.13866667,0.11800000444054604,0.16200001165270805,0.03187856,0.0,0.0,0.0,0.0,0.16539504,0.15484772250056267,0.17798113822937012,0.020246735,0.04,0.03999999910593033,0.03999999910593033,0.0,0.049999997,0.04999999701976776,0.04999999701976776,0.0,19200.0,19200.0,19200.0,0.0
6,0.0,0.0,0.0,0.0,1.0,1.0,1.0,0.0,0.43529657,0.43364136666059494,0.43653763085603714,0.0019773457,0.43793896,0.43636151403188705,0.4391525685787201,0.0020311903,1.039581,1.0224510729312897,1.0570680797100067,0.026553541,0.091445416,0.08770711161196232,0.09496243111789227,0.005578256,0.091445416,0.08770711161196232,0.09496243111789227,0.005578256,1.0,1.0,1.0,0.0,0.0026423912,0.0025343699380755424,0.002744018565863371,0.00016118838,0.028895833,0.02889583259820938,0.02889583259820938,0.0,-27.45101,-27.636024951934814,-27.3078351020813,0.27717528,2.2871237,2.2494372725486755,2.3255961537361145,0.05841894,0.76237464,0.7498124241828918,0.7751987278461456,0.019472983,0.15666668,0.1340000070631504,0.17000001296401024,0.03851171,0.0006666667,0.0,0.0,0.0023094013,0.15553202,0.14520493149757385,0.16290764138102531,0.017338246,0.049999997,0.04999999701976776,0.04999999701976776,0.0,0.05999999,0.059999994933605194,0.059999994933605194,0.0,22400.0,22400.0,22400.0,0.0
7,0.0,0.0,0.0,0.0,1.0,1.0,1.0,0.0,0.43793896,0.43636151403188705,0.4391525685787201,0.0020311903,0.4405398,0.4389684796333313,0.44197267293930054,0.002105856,1.0434597,1.026367723941803,1.0668469071388245,0.030592125,0.0906845,0.08573493361473083,0.09411056898534298,0.0064403764,0.0906845,0.08573493361473083,0.09411056898534298,0.0064403764,1.0,1.0,1.0,0.0,0.002600825,0.0024588715750724077,0.002699084172490984,0.00018470951,0.028679928,0.028679925948381424,0.028679925948381424,0.0,-27.423677,-27.87770366668701,-26.941593647003174,0.5126925,2.2956572,2.25805401802063,2.3471100330352783,0.06730403,0.76521903,0.7526846826076508,0.7823700308799744,0.022434676,0.158,0.1420000083744526,0.17800001427531242,0.024628146,0.0006666667,0.0,0.0,0.0023094013,0.1614059,0.15352784097194672,0.16995405033230782,0.01416451,0.05999999,0.059999994933605194,0.059999994933605194,0.0,0.06999999,0.06999999284744263,0.06999999284744263,0.0,25600.0,25600.0,25600.0,0.0
8,0.0,0.0,0.0,0.0,1.0,1.0,1.0,0.0,0.4405398,0.4389684796333313,0.44197267293930054,0.002105856,0.44319978,0.44185683131217957,0.4444703385233879,0.0020739757,1.0304494,1.0279705822467804,1.045930176973343,0.030593386,0.09344695,0.08996422402560711,0.09376929700374603,0.0068553826,0.09344695,0.08996422402560711,0.09376929700374603,0.0068553826,1.0,1.0,1.0,0.0,0.002660026,0.002560888126026839,0.0026692020474001765,0.00019514275,0.028465629,0.028465628623962402,0.028465628623962402,0.0,-27.353561,-27.773791313171387,-27.120267391204834,0.69742835,2.267034,2.261580526828766,2.301092267036438,0.06730679,0.755678,0.7538601905107498,0.7670307755470276,0.02243561,0.15533334,0.12800000607967377,0.19200000166893005,0.0335026,0.0,0.0,0.0,0.0,0.15946017,0.15034237131476402,0.17149269580841064,0.016851602,0.06999999,0.06999999284744263,0.06999999284744263,0.0,0.07999999,0.07999999076128006,0.07999999076128006,0.0,28800.0,28800.0,28800.0,0.0
9,0.0,0.0,0.0,0.0,1.0,1.0,1.0,0.0,0.44319978,0.44185683131217957,0.4444703385233879,0.0020739757,0.44580308,0.4443906620144844,0.44718756526708603,0.002187026,1.0369924,1.0054122507572174,1.062318503856659,0.037186313,0.09214201,0.08663266152143478,0.09876341558992863,0.007815019,0.09214201,0.08663266152143478,0.09876341558992863,0.007815019,1.0,1.0,1.0,0.0,0.0026032822,0.002447627135552466,0.002790356462355703,0.0002207972,0.028252937,0.028252936899662018,0.028252936899662018,0.0,-27.336561,-27.776227951049805,-26.929415225982666,0.97855055,2.2814288,2.2119510769844055,2.337147355079651,0.08181152,0.7604763,0.7373170405626297,0.7790491282939911,0.027270505,0.14933334,0.12600000575184822,0.16200001165270805,0.03113996,0.0,0.0,0.0,0.0,0.16822569,0.1543445698916912,0.17862389981746674,0.018822648,0.07999999,0.07999999076128006,0.07999999076128006,0.0,0.089999996,0.08999998867511749,0.08999998867511749,0.0,32000.0,32000.0,32000.0,0.0
10,0.0,0.0,0.0,0.0,1.0,1.0,1.0,0.0,0.44580308,0.4443906620144844,0.44718756526708603,0.002187026,0.44850028,0.447047621011734,0.4498591497540474,0.0021037809,1.0179048,1.0110722482204437,1.0326321423053741,0.03051073,0.096184246,0.09276295639574528,0.09749261662364006,0.007035944,0.096184246,0.09276295639574528,0.09749261662364006,0.007035944,1.0,1.0,1.0,0.0,0.0026971821,0.0026012433227151632,0.0027338715153746307,0.00019730079,0.028041832,0.028041832149028778,0.028041832149028778,0.0,-27.191702,-27.6382474899292,-26.639164447784424,0.76755583,2.2394352,2.2244033813476562,2.271836042404175,0.06712495,0.7464784,0.7414678186178207,0.757278710603714,0.022374982,0.16266668,0.13600000739097595,0.19200000166893005,0.03260043,0.0,0.0,0.0,0.0,0.1535796,0.1325712651014328,0.16489383950829506,0.026694996,0.089999996,0.08999998867511749,0.08999998867511749,0.0,0.09999999,0.09999998658895493,0.09999998658895493,0.0,35200.0,35200.0,35200.0,0.0
11,0.0,0.0,0.0,0.0,1.0,1.0,1.0,0.0,0.44850028,0.447047621011734,0.4498591497540474,0.0021037809,0.45111907,0.4499235525727272,0.4526444748044014,0.002104632,1.0270354,1.0237763822078705,1.0412180423736572,0.023332091,0.09409237,0.09094568155705929,0.09467741474509239,0.005258492,0.09409237,0.09094568155705929,0.09467741474509239,0.005258492,1.0,1.0,1.0,0.0,0.0026188076,0.002531228179577738,0.002635090844705701,0.00014635596,0.027832307,0.027832306921482086,0.027832306921482086,0.0,-27.263414,-27.84261989593506,-26.912063121795654,0.7054238,2.259523,2.2523529529571533,2.290725350379944,0.051331628,0.7531743,0.7507843524217606,0.7635751217603683,0.017110543,0.15200001,0.13200000673532486,0.17000001296401024,0.037211925,0.0,0.0,0.0,0.0,0.16089629,0.14147623628377914,0.17900696769356728,0.028823743,0.09999999,0.09999998658895493,0.09999998658895493,0.0,0.109999985,0.10999998450279236,0.10999998450279236,0.0,38400.0,38400.0,38400.0,0.0
12,0.0,0.0,0.0,0.0,1.0,1.0,1.0,0.0,0.45111907,0.4499235525727272,0.4526444748044014,0.002104632,0.45370984,0.4522751644253731,0.4551508203148842,0.0020900357,1.0290482,1.0104987025260925,1.0453202724456787,0.033698704,0.093785144,0.09009433910250664,0.09761176817119122,0.007135251,0.093785144,0.09009433910250664,0.09761176817119122,0.007135251,1.0,1.0,1.0,0.0,0.0025907531,0.002488796890247613,0.002696460927836597,0.00019710665,0.027624344,0.02762434259057045,0.02762434259057045,0.0,-27.454176,-27.79021453857422,-27.171198844909668,0.5875837,2.2639513,2.2231414914131165,2.299750506877899,0.07413864,0.7546504,0.7410471886396408,0.7665835320949554,0.024712887,0.156,0.13600000739097595,0.17400000989437103,0.033683013,0.0,0.0,0.0,0.0,0.160805,0.14681752771139145,0.17335789278149605,0.018185254,0.109999985,0.10999998450279236,0.10999998450279236,0.0,0.11999998,0.11999998241662979,0.11999998241662979,0.0,41600.0,41600.0,41600.0,0.0
13,0.0,0.0,0.0,0.0,1.0,1.0,1.0,0.0,0.45370984,0.4522751644253731,0.4551508203148842,0.0020900357,0.4561,0.45469067990779877,0.45774049311876297,0.002557331,1.0318228,0.9974622130393982,1.0581736266613007,0.050018016,0.08717483,0.08746412768959999,0.10062111914157867,0.029027533,0.093506284,0.08746412768959999,0.10062111914157867,0.01092727,0.9166667,1.0,1.0,0.28867513,0.0023901542,0.002398085896857083,0.0027588235097937286,0.0007958751,0.027417937,0.02741793729364872,0.02741793729364872,0.0,-27.367212,-27.870713710784912,-27.175972938537598,0.88516146,2.2700555,2.1944607496261597,2.3280285000801086,0.11004183,0.7566851,0.7314869314432144,0.7760095000267029,0.036680598,0.14916666,0.12999999523162842,0.17000000178813934,0.032321773,0.0,0.0,0.0,0.0,0.16540055,0.1533426232635975,0.17437059804797173,0.026219696,0.11999998,0.11999998241662979,0.11999998241662979,0.0,0.12999998,0.12999998033046722,0.12999998033046722,0.0,44800.0,44800.0,44800.0,0.0
14,0.0,0.0,0.0,0.0,1.0,1.0,1.0,0.0,0.4561,0.45469067990779877,0.45774049311876297,0.002557331,0.45862126,0.45731838792562485,0.46030624210834503,0.0024621447,1.0341808,1.005809485912323,1.059187114238739,0.031295653,0.09265005,0.08726991340517998,0.09867125190794468,0.0066065895,0.09265005,0.08726991340517998,0.09867125190794468,0.0066065895,1.0,1.0,1.0,0.0,0.002521292,0.0023748822859488428,0.0026851476868614554,0.00017978561,0.027213072,0.027213070541620255,0.027213070541620255,0.0,-27.267073,-27.808990478515625,-26.69717788696289,0.80664647,2.275243,2.212825059890747,2.3302581906318665,0.0688518,0.7584143,0.7376083880662918,0.7767527550458908,0.0229506,0.14400001,0.11000000312924385,0.1860000118613243,0.039634697,0.0,0.0,0.0,0.0,0.1498358,0.13369730859994888,0.16358670219779015,0.02067422,0.12999998,0.12999998033046722,0.12999998033046722,0.0,0.13999999,0.13999998569488525,0.13999998569488525,0.0,48000.0,48000.0,48000.0,0.0
15,0.0,0.0,0.0,0.0,1.0,1.0,1.0,0.0,0.45862126,0.45731838792562485,0.46030624210834503,0.0024621447,0.4611113,0.4597496762871742,0.4630352854728699,0.002568083,1.0375977,1.0186038315296173,1.0694155097007751,0.045913525,0.09218946,0.08522849902510643,0.09585719183087349,0.010109325,0.09218946,0.08522849902510643,0.09585719183087349,0.010109325,1.0,1.0,1.0,0.0,0.0024900131,0.002301999309565872,0.0025890774559229612,0.00027305022,0.027009735,0.027009736746549606,0.027009736746549606,0.0,-27.40257,-28.038084983825684,-26.59941530227661,0.91238576,2.2827604,2.240973114967346,2.352761149406433,0.10101179,0.7609201,0.7469910532236099,0.784253716468811,0.033670597,0.14800002,0.12800000607967377,0.17000001296401024,0.031171085,0.0,0.0,0.0,0.0,0.15457766,0.1430060975253582,0.16315748170018196,0.017780678,0.13999999,0.13999998569488525,0.13999998569488525,0.0,0.14999999,0.14999999105930328,0.14999999105930328,0.0,51200.0,51200.0,51200.0,0.0
16,0.0,0.0,0.0,0.0,1.0,1.0,1.0,0.0,0.4611113,0.4597496762871742,0.4630352854728699,0.002568083,0.46359172,0.4622031897306442,0.4654185548424721,0.0026460288,1.0347798,1.0068355202674866,1.0515596866607666,0.03144198,0.09252605,0.08881033957004547,0.09844042547047138,0.0067058797,0.09252605,0.08881033957004547,0.09844042547047138,0.0067058797,1.0,1.0,1.0,0.0,0.002480431,0.002380820515099913,0.0026389831909909844,0.0001797707,0.026807921,0.02680792100727558,0.02680792100727558,0.0,-27.441734,-27.86472988128662,-27.032034397125244,0.8566272,2.276561,2.215082347393036,2.313477396965027,0.06917374,0.7588537,0.7383607923984528,0.7711591720581055,0.023057915,0.16133334,0.1420000083744526,0.17000001296401024,0.03509295,0.0,0.0,0.0,0.0,0.16017236,0.14972415193915367,0.16877711564302444,0.016749786,0.14999999,0.14999999105930328,0.14999999105930328,0.0,0.16,0.1599999964237213,0.1599999964237213,0.0,54400.0,54400.0,54400.0,0.0
17,0.0,0.0,0.0,0.0,1.0,1.0,1.0,0.0,0.46359172,0.4622031897306442,0.4654185548424721,0.0026460288,0.46603855,0.46470389515161514,0.4679320827126503,0.0027114982,1.0374583,1.0230022966861725,1.0571432709693909,0.03166292,0.09196019,0.08768558502197266,0.09484265744686127,0.006711811,0.09196019,0.08768558502197266,0.09484265744686127,0.006711811,1.0,1.0,1.0,0.0,0.0024468408,0.0023331039119511843,0.002523536386433989,0.00017858525,0.02660761,0.026607610285282135,0.026607610285282135,0.0,-27.325834,-27.723024368286133,-26.826346397399902,0.74961853,2.2824538,2.2506499886512756,2.3257616758346558,0.06965981,0.760818,0.7502166628837585,0.7752539217472076,0.023219928,0.13200001,0.10400000214576721,0.14600000903010368,0.028025966,0.0,0.0,0.0,0.0,0.15712215,0.1417314074933529,0.1678699292242527,0.01861308,0.16,0.1599999964237213,0.1599999964237213,0.0,0.17,0.17000000178813934,0.17000000178813934,0.0,57600.0,57600.0,57600.0,0.0
18,0.0,0.0,0.0,0.0,1.0,1.0,1.0,0.0,0.46603855,0.46470389515161514,0.4679320827126503,0.0027114982,0.46839288,0.46693260967731476,0.4703204929828644,0.002734228,1.0504616,1.0295996367931366,1.0698846578598022,0.023481125,0.08914924,0.08514084480702877,0.0934115331619978,0.0047887457,0.08914924,0.08514084480702877,0.0934115331619978,0.0047887457,1.0,1.0,1.0,0.0,0.0023543246,0.0022484678775072098,0.002466886769980192,0.00012646502,0.0264088,0.026408802717924118,0.026408802717924118,0.0,-27.6396,-27.870750904083252,-27.53882122039795,0.68955255,2.3110619,2.2651644945144653,2.3537932634353638,0.051659502,0.770354,0.7550548315048218,0.7845977544784546,0.017219832,0.15333335,0.11000000312924385,0.17600001394748688,0.03871888,0.0,0.0,0.0,0.0,0.16502377,0.15091175213456154,0.18187197670340538,0.01766867,0.17,0.17000000178813934,0.17000000178813934,0.0,0.18,0.18000000715255737,0.18000000715255737,0.0,60800.0,60800.0,60800.0,0.0
19,0.0,0.0,0.0,0.0,1.0,1.0,1.0,0.0,0.46839288,0.46693260967731476,0.4703204929828644,0.002734228,0.47085968,0.4693906232714653,0.47270791232585907,0.0027209034,1.0268034,1.0151993036270142,1.0389416217803955,0.020525921,0.094111025,0.09142387472093105,0.0965607687830925,0.0044389963,0.094111025,0.09142387472093105,0.0965607687830925,0.0044389963,1.0,1.0,1.0,0.0,0.002466789,0.0023963548010215163,0.0025310004712082446,0.000116352676,0.026211478,0.02621147781610489,0.02621147781610489,0.0,-27.079786,-27.526865005493164,-26.582059383392334,0.6354238,2.2590127,2.2334830164909363,2.285717189311981,0.04515794,0.75300425,0.7444943785667419,0.7619057297706604,0.015052644,0.14466667,0.12800000607967377,0.15200001001358032,0.026742319,0.0,0.0,0.0,0.0,0.1585372,0.141074076294899,0.1685294285416603,0.020454735,0.18,0.18000000715255737,0.18000000715255737,0.0,0.19000001,0.1900000125169754,0.1900000125169754,0.0,64000.0,64000.0,64000.0,0.0
20,0.0,0.0,0.0,0.0,1.0,1.0,1.0,0.0,0.47085968,0.4693906232714653,0.47270791232585907,0.0027209034,0.47339115,0.4720086380839348,0.4751996323466301,0.0028087308,1.0128372,0.9886300265789032,1.0294504165649414,0.030406363,0.09730507,0.09345360472798347,0.10265263356268406,0.006783645,0.09730507,0.09345360472798347,0.10265263356268406,0.006783645,1.0,1.0,1.0,0.0,0.0025314523,0.0024312540190294385,0.002670572546776384,0.00017648081,0.026015626,0.0260156262665987,0.0260156262665987,0.0,-26.875372,-27.30919075012207,-26.509560585021973,0.73132396,2.2282863,2.175029456615448,2.2648361325263977,0.06689534,0.7427621,0.7250098288059235,0.7549453973770142,0.022298448,0.158,0.12800000607967377,0.1860000118613243,0.03738741,0.0,0.0,0.0,0.0,0.15420564,0.13848413154482841,0.16705089062452316,0.017555812,0.19000001,0.1900000125169754,0.1900000125169754,0.0,0.2,0.20000001788139343,0.20000001788139343,0.0,67200.0,67200.0,67200.0,0.0
21,0.0,0.0,0.0,0.0,1.0,1.0,1.0,0.0,0.47339115,0.4720086380839348,0.4751996323466301,0.0028087308,0.47583666,0.47458235174417496,0.4776185005903244,0.0028724002,1.0252248,0.9999333322048187,1.0562355518341064,0.039055552,0.09470991,0.08786495216190815,0.10002319514751434,0.008605177,0.09470991,0.08786495216190815,0.10002319514751434,0.008605177,1.0,1.0,1.0,0.0,0.0024455271,0.00226878171088174,0.0025827225181274116,0.00022219628,0.025821237,0.02582123689353466,0.02582123689353466,0.0,-27.114462,-27.64584493637085,-26.25816059112549,0.9285687,2.2555397,2.1998971700668335,2.3237645626068115,0.08592392,0.75184655,0.7332990765571594,0.7745881974697113,0.028641313,0.16200002,0.14400000870227814,0.18000001087784767,0.036917597,0.0006666667,0.0,0.0,0.0023094013,0.1538013,0.1375504732131958,0.17102019861340523,0.021613158,0.2,0.20000001788139343,0.20000001788139343,0.0,0.21000002,0.21000002324581146,0.21000002324581146,0.0,70400.0,70400.0,70400.0,0.0
22,0.0,0.0,0.0,0.0,1.0,1.0,1.0,0.0,0.47583666,0.47458235174417496,0.4776185005903244,0.0028724002,0.47826055,0.47690530121326447,0.4801856130361557,0.0029147123,1.0247366,1.0088704526424408,1.0381675958633423,0.0224334,0.094578505,0.09159289114177227,0.09798091650009155,0.0048584216,0.094578505,0.09159289114177227,0.09798091650009155,0.0048584216,1.0,1.0,1.0,0.0,0.0024238867,0.0023473704350180924,0.0025110846618190408,0.0001245131,0.025628304,0.025628304108977318,0.025628304108977318,0.0,-27.086119,-27.397459030151367,-26.778062343597412,0.6151164,2.2544656,2.21955943107605,2.284014403820038,0.049354438,0.7514885,0.7398531585931778,0.7613381445407867,0.016451485,0.16133334,0.15000000968575478,0.1640000119805336,0.024794916,0.0,0.0,0.0,0.0,0.15359326,0.1329818032681942,0.1746530868113041,0.024937304,0.21000002,0.21000002324581146,0.21000002324581146,0.0,0.22000003,0.2200000286102295,0.2200000286102295,0.0,73600.0,73600.0,73600.0,0.0
23,0.0,0.0,0.0,0.0,1.0,1.0,1.0,0.0,0.47826055,0.47690530121326447,0.4801856130361557,0.0029147123,0.4805896,0.47933077067136765,0.4824598953127861,0.0029425102,1.0401071,1.0155564546585083,1.0748902559280396,0.04086056,0.09156159,0.08416221477091312,0.09648195281624794,0.009059601,0.09156159,0.08416221477091312,0.09648195281624794,0.009059601,1.0,1.0,1.0,0.0,0.002329035,0.0021408183383755386,0.0024541931925341487,0.0002304474,0.025436811,0.02543681114912033,0.02543681114912033,0.0,-27.655466,-28.08909797668457,-27.214860439300537,0.9244053,2.2882812,2.2342687845230103,2.36480575799942,0.08989504,0.76276046,0.744756281375885,0.7882686257362366,0.029965013,0.16200002,0.15000000968575478,0.17600001394748688,0.018090684,0.0,0.0,0.0,0.0,0.174181,0.1470499187707901,0.19837848469614983,0.028936401,0.22000003,0.2200000286102295,0.2200000286102295,0.0,0.23000003,0.23000003397464752,0.23000003397464752,0.0,76800.0,76800.0,76800.0,0.0
24,0.0,0.0,0.0,0.0,1.0,1.0,1.0,0.0,0.4805896,0.47933077067136765,0.4824598953127861,0.0029425102,0.48276627,0.4815107062458992,0.48494403809309006,0.003389713,1.0354459,0.9884805381298065,1.0637759566307068,0.045530006,0.08621579,0.08634547330439091,0.10268802754580975,0.028423294,0.09262893,0.08634547330439091,0.10268802754580975,0.009750193,0.9166667,1.0,1.0,0.28867513,0.0021766683,0.002179942326620221,0.0025925387162715197,0.00071759574,0.025246747,0.025246746838092804,0.025246746838092804,0.0,-27.391592,-27.59315013885498,-26.98255491256714,0.8025098,2.2780266,2.174700617790222,2.3403539061546326,0.10016803,0.7593422,0.7249002158641815,0.780118003487587,0.03338934,0.15666668,0.1340000070631504,0.18400001525878906,0.04198124,0.0006666667,0.0,0.0,0.0023094013,0.15359686,0.13933131471276283,0.1605297140777111,0.01838817,0.23000003,0.23000003397464752,0.23000003397464752,0.0,0.24000005,0.24000003933906555,0.24000003933906555,0.0,80000.0,80000.0,80000.0,0.0
25,0.0,0.0,0.0,0.0,1.0,1.0,1.0,0.0,0.48276627,0.4815107062458992,0.48494403809309006,0.003389713,0.48493373,0.48389512300491333,0.48695653676986694,0.0032030516,1.033058,1.0128446817398071,1.0610628426074982,0.042236477,0.08649724,0.0868870411068201,0.0970890261232853,0.028404292,0.093077175,0.0868870411068201,0.0970890261232853,0.009196568,0.9166667,1.0,1.0,0.28867513,0.002167457,0.002177224727347493,0.0024328670115210116,0.00071175775,0.025058106,0.02505810558795929,0.02505810558795929,0.0,-27.424713,-28.12565803527832,-27.02088165283203,0.932394,2.272773,2.228302776813507,2.3343849182128906,0.09292212,0.757591,0.7427676171064377,0.7781283408403397,0.030974045,0.15933333,0.12000000476837158,0.1860000118613243,0.039111342,0.0,0.0,0.0,0.0,0.16262813,0.145863588899374,0.18116991594433784,0.024078641,0.24000005,0.24000003933906555,0.24000003933906555,0.0,0.25000003,0.2500000298023224,0.2500000298023224,0.0,83200.0,83200.0,83200.0,0.0
26,0.0,0.0,0.0,0.0,1.0,1.0,1.0,0.0,0.48493373,0.48389512300491333,0.48695653676986694,0.0032030516,0.48705104,0.4850728288292885,0.4893002361059189,0.0033819473,1.0406673,1.0140637159347534,1.0567563772201538,0.04098638,0.08513254,0.08774936385452747,0.09682484716176987,0.02772517,0.091433614,0.08774936385452747,0.09682484716176987,0.008645371,0.9166667,1.0,1.0,0.28867513,0.0021173204,0.0021824032301083207,0.0024081183946691453,0.00068954914,0.024870872,0.024870872497558594,0.024870872497558594,0.0,-27.600477,-27.952311992645264,-27.212663173675537,0.82538515,2.2895138,2.230984687805176,2.3249104022979736,0.090171814,0.76317126,0.7436615824699402,0.7749701738357544,0.030057276,0.1575,0.13499999977648258,0.19249999523162842,0.03720337,0.0,0.0,0.0,0.0,0.16609085,0.14197491854429245,0.18976019695401192,0.025371738,0.25000003,0.2500000298023224,0.2500000298023224,0.0,0.26000002,0.2600000202655792,0.2600000202655792,0.0,86400.0,86400.0,86400.0,0.0
27,0.0,0.0,0.0,0.0,1.0,1.0,1.0,0.0,0.48705104,0.4850728288292885,0.4893002361059189,0.0033819473,0.48935583,0.48747189342975616,0.4917910397052765,0.003466597,1.0309671,1.0089682042598724,1.0505852103233337,0.03338194,0.09336904,0.08901445381343365,0.09796970151364803,0.0071238326,0.09336904,0.08901445381343365,0.09796970151364803,0.0071238326,1.0,1.0,1.0,0.0,0.0023048182,0.0021973253460600972,0.0024183859350159764,0.0001758521,0.02468504,0.02468504011631012,0.02468504011631012,0.0,-27.294441,-27.64011859893799,-27.012123107910156,0.60991365,2.268173,2.219774305820465,2.31133371591568,0.07344174,0.75605756,0.7399247735738754,0.7704446017742157,0.02448058,0.142,0.11800000444054604,0.15600001066923141,0.03413343,0.0,0.0,0.0,0.0,0.15526655,0.14976823329925537,0.16359912604093552,0.013083282,0.26000002,0.2600000202655792,0.2600000202655792,0.0,0.27,0.27000001072883606,0.27000001072883606,0.0,89600.0,89600.0,89600.0,0.0
28,0.0,0.0,0.0,0.0,1.0,1.0,1.0,0.0,0.48935583,0.48747189342975616,0.4917910397052765,0.003466597,0.49158978,0.48967645317316055,0.4940026253461838,0.0034539027,1.0406879,1.0341802537441254,1.0577349066734314,0.023389217,0.09117935,0.08755338005721569,0.09243346564471722,0.005004191,0.09117935,0.08755338005721569,0.09243346564471722,0.005004191,1.0,1.0,1.0,0.0,0.0022339483,0.002145109814591706,0.0022646746947430074,0.00012260565,0.024500594,0.024500593543052673,0.024500593543052673,0.0,-27.748428,-27.968732357025146,-27.516108512878418,0.39454564,2.2895591,2.27524197101593,2.3270633220672607,0.051457334,0.76318645,0.758414015173912,0.7756878137588501,0.017152451,0.15133335,0.12800000607967377,0.17600001394748688,0.030976044,0.0,0.0,0.0,0.0,0.1617598,0.14548319205641747,0.17897095903754234,0.023151273,0.27,0.27000001072883606,0.27000001072883606,0.0,0.28,0.2800000011920929,0.2800000011920929,0.0,92800.0,92800.0,92800.0,0.0
29,0.0,0.0,0.0,0.0,1.0,1.0,1.0,0.0,0.49158978,0.48967645317316055,0.4940026253461838,0.0034539027,0.49384448,0.491838201880455,0.49633076041936874,0.0035501109,1.0340117,1.0199587941169739,1.0489581823349,0.03324239,0.09271824,0.08934878744184971,0.09550912491977215,0.0071994876,0.09271824,0.08934878744184971,0.09550912491977215,0.0071994876,1.0,1.0,1.0,0.0,0.0022546784,0.002172741515096277,0.0023225456825457513,0.00017507376,0.024317527,0.024317527189850807,0.024317527189850807,0.0,-27.41924,-27.929885387420654,-26.98826503753662,0.61338156,2.274871,2.243954122066498,2.3077539801597595,0.07313472,0.75829035,0.7479847222566605,0.7692513316869736,0.024378246,0.13933334,0.11400000378489494,0.17000001296401024,0.042668562,0.0,0.0,0.0,0.0,0.16105218,0.1504412516951561,0.17145556584000587,0.016257754,0.28,0.2800000011920929,0.2800000011920929,0.0,0.29,0.28999999165534973,0.28999999165534973,0.0,96000.0,96000.0,96000.0,0.0
30,0.0,0.0,0.0,0.0,1.0,1.0,1.0,0.0,0.49384448,0.491838201880455,0.49633076041936874,0.0035501109,0.49610654,0.4940371885895729,0.49875135719776154,0.0035196291,1.0297107,1.0100995898246765,1.05657160282135,0.038052127,0.093722306,0.08779594860970974,0.09770538099110126,0.008421965,0.093722306,0.08779594860970974,0.09770538099110126,0.008421965,1.0,1.0,1.0,0.0,0.0022620654,0.0021190280094742775,0.0023582002031616867,0.00020327109,0.024135828,0.024135828018188477,0.024135828018188477,0.0,-27.364655,-27.79259967803955,-27.135096549987793,0.77601266,2.2654085,2.222263514995575,2.3245038986206055,0.08371636,0.7551362,0.7407545447349548,0.7748346626758575,0.027905453,0.17133336,0.15800001099705696,0.18400001525878906,0.020024227,0.0013333334,0.0,0.0,0.003113996,0.16627179,0.16095708683133125,0.17426232248544693,0.020274943,0.29,0.28999999165534973,0.28999999165534973,0.0,0.29999998,0.29999998211860657,0.29999998211860657,0.0,99200.0,99200.0,99200.0,0.0
31,0.0,0.0,0.0,0.0,1.0,1.0,1.0,0.0,0.49610654,0.4940371885895729,0.49875135719776154,0.0035196291,0.4983501,0.49623285979032516,0.5008415132761002,0.0036155668,1.0303918,1.011791706085205,1.053676187992096,0.042434804,0.09365579,0.08838430605828762,0.09733127988874912,0.009354149,0.09365579,0.08838430605828762,0.09733127988874912,0.009354149,1.0,1.0,1.0,0.0,0.0022435698,0.0021172889973968267,0.002331618219614029,0.0002240832,0.023955487,0.023955486714839935,0.023955486714839935,0.0,-27.248571,-27.902517318725586,-26.749497413635254,0.84240437,2.266907,2.2259862422943115,2.3181338906288147,0.09335842,0.75563574,0.7419954240322113,0.772711306810379,0.031119477,0.15133335,0.12600000575184822,0.17400000989437103,0.037439242,0.0013333334,0.0,0.0,0.003113996,0.15293114,0.14205652847886086,0.16223471984267235,0.021517813,0.29999998,0.29999998211860657,0.29999998211860657,0.0,0.30999997,0.3099999725818634,0.3099999725818634,0.0,102400.0,102400.0,102400.0,0.0
32,0.0,0.0,0.0,0.0,1.0,1.0,1.0,0.0,0.4983501,0.49623285979032516,0.5008415132761002,0.0036155668,0.5004366,0.49711696803569794,0.5029749125242233,0.0038333617,1.0280228,1.0013209730386734,1.0541836619377136,0.043286044,0.087753005,0.08828554674983025,0.09972630999982357,0.028636446,0.09417438,0.08828554674983025,0.09972630999982357,0.009241836,0.9166667,1.0,1.0,0.28867513,0.002086459,0.002099120756611228,0.002371142094489187,0.0006808743,0.023776494,0.023776493966579437,0.023776493966579437,0.0,-27.411959,-27.77433729171753,-27.129123210906982,0.77076924,2.2616951,2.2029500603675842,2.3192503452301025,0.09523123,0.75389844,0.7343167215585709,0.7730834633111954,0.031743743,0.17000002,0.14600000903010368,0.1940000131726265,0.042895224,0.0,0.0,0.0,0.0,0.15966748,0.1523376926779747,0.1650979481637478,0.014662412,0.30999997,0.3099999725818634,0.3099999725818634,0.0,0.31999996,0.31999996304512024,0.31999996304512024,0.0,105600.0,105600.0,105600.0,0.0
33,0.0,0.0,0.0,0.0,1.0,1.0,1.0,0.0,0.5004366,0.49711696803569794,0.5029749125242233,0.0038333617,0.50262254,0.4993690550327301,0.5051781982183456,0.0038934157,1.0345706,1.0177607536315918,1.0515353977680206,0.03501164,0.092629515,0.08883022516965866,0.09599294140934944,0.007710239,0.092629515,0.08883022516965866,0.09599294140934944,0.007710239,1.0,1.0,1.0,0.0,0.0021859487,0.0020962898852303624,0.0022653217311017215,0.00018195267,0.023598837,0.023598836734890938,0.023598836734890938,0.0,-27.495989,-27.804770946502686,-27.14956569671631,0.79814357,2.2761009,2.239118278026581,2.3134241104125977,0.07702715,0.7587003,0.746372789144516,0.7711414098739624,0.025675716,0.15666668,0.12600000575184822,0.18800001218914986,0.03970192,0.0,0.0,0.0,0.0,0.16469222,0.14735670015215874,0.18919719755649567,0.026124764,0.31999996,0.31999996304512024,0.31999996304512024,0.0,0.32999995,0.3299999535083771,0.3299999535083771,0.0,108800.0,108800.0,108800.0,0.0
34,0.0,0.0,0.0,0.0,1.0,1.0,1.0,0.0,0.50262254,0.4993690550327301,0.5051781982183456,0.0038934157,0.5045541,0.5014282912015915,0.5071215033531189,0.0038472135,1.0549561,1.0364766418933868,1.0745807588100433,0.04296789,0.08246467,0.08422103151679039,0.09199785813689232,0.026969545,0.08851191,0.08422103151679039,0.09199785813689232,0.008840187,0.9166667,1.0,1.0,0.28867513,0.0019315294,0.0019726675236597657,0.002154820365831256,0.00063169433,0.023422504,0.02342250570654869,0.02342250570654869,0.0,-27.65616,-27.955621242523193,-27.118680953979492,0.70968145,2.3209498,2.280294120311737,2.3641249537467957,0.09453121,0.77364993,0.7600980401039124,0.7880416661500931,0.031510405,0.14733334,0.12600000575184822,0.15800001099705696,0.04184242,0.0,0.0,0.0,0.0,0.1575519,0.14901522547006607,0.16671152412891388,0.0147241475,0.32999995,0.3299999535083771,0.3299999535083771,0.0,0.33999994,0.3399999439716339,0.3399999439716339,0.0,112000.0,112000.0,112000.0,0.0
35,0.0,0.0,0.0,0.0,1.0,1.0,1.0,0.0,0.5045541,0.5014282912015915,0.5071215033531189,0.0038472135,0.5067026,0.5036886483430862,0.5093415826559067,0.0038266096,1.0348492,1.0187285244464874,1.0471255779266357,0.024337275,0.09242022,0.08971737138926983,0.0957794226706028,0.005069373,0.09242022,0.08971737138926983,0.0957794226706028,0.005069373,1.0,1.0,1.0,0.0,0.0021485386,0.0020857041236013174,0.002226631622761488,0.00011785024,0.023247495,0.02324749529361725,0.02324749529361725,0.0,-27.480011,-27.967498302459717,-27.02973461151123,0.521767,2.2767136,2.2412474751472473,2.3037222027778625,0.053543128,0.7589045,0.7470825016498566,0.767907440662384,0.017847706,0.142,0.12000000476837158,0.16200001165270805,0.02688697,0.0,0.0,0.0,0.0,0.15701932,0.14504806324839592,0.16298849508166313,0.020255169,0.33999994,0.3399999439716339,0.3399999439716339,0.0,0.34999993,0.34999993443489075,0.34999993443489075,0.0,115200.0,115200.0,115200.0,0.0
36,0.0,0.0,0.0,0.0,1.0,1.0,1.0,0.0,0.5067026,0.5036886483430862,0.5093415826559067,0.0038266096,0.50825036,0.5056038349866867,0.5110650658607483,0.003969055,1.066206,1.0403173565864563,1.085841566324234,0.038138896,0.067077585,0.06255005300045013,0.09113473258912563,0.040707417,0.08616338,0.08209679648280144,0.09113473258912563,0.0075242333,0.75,0.75,1.0,0.45226702,0.0015477341,0.001443266897695139,0.0021028239862062037,0.00093927444,0.023073792,0.023073792457580566,0.023073792457580566,0.0,-28.144783,-28.290456295013428,-27.664535522460938,0.8957944,2.3457,2.2887439727783203,2.3888991475105286,0.083907254,0.7819,0.7629146873950958,0.7962997555732727,0.027969081,0.15400001,0.14800000935792923,0.16200001165270805,0.015303003,0.0,0.0,0.0,0.0,0.17749827,0.16650239750742912,0.1961689107120037,0.023822473,0.34999993,0.34999993443489075,0.34999993443489075,0.0,0.35999992,0.3599999248981476,0.3599999248981476,0.0,118400.0,118400.0,118400.0,0.0
37,0.0,0.0,0.0,0.0,1.0,1.0,1.0,0.0,0.50825036,0.5056038349866867,0.5110650658607483,0.003969055,0.51029754,0.5075987279415131,0.5130285769701004,0.003993499,1.049311,1.0404977202415466,1.06682950258255,0.02383976,0.08939266,0.08573752455413342,0.091108787804842,0.0050710794,0.08939266,0.08573752455413342,0.091108787804842,0.0050710794,1.0,1.0,1.0,0.0,0.002047216,0.001963508198969066,0.002086517517454922,0.00011613475,0.022901386,0.02290138602256775,0.02290138602256775,0.0,-27.53347,-27.922007083892822,-27.039555072784424,0.6402505,2.3085303,2.28914076089859,2.3470717072486877,0.05244849,0.7695101,0.7630469352006912,0.78235724568367,0.017482832,0.15266667,0.14000000804662704,0.17000001296401024,0.027598862,0.0,0.0,0.0,0.0,0.15667179,0.14131472259759903,0.17880725488066673,0.023503039,0.35999992,0.3599999248981476,0.3599999248981476,0.0,0.36999992,0.3699999153614044,0.3699999153614044,0.0,121600.0,121600.0,121600.0,0.0
38,0.0,0.0,0.0,0.0,1.0,1.0,1.0,0.0,0.51029754,0.5075987279415131,0.5130285769701004,0.003993499,0.5119136,0.5092123448848724,0.5151049941778183,0.004052256,1.0478082,1.0101861953735352,1.0738291442394257,0.050162528,0.07109702,0.06468533724546432,0.0976867787539959,0.043202993,0.090114675,0.08442726358771324,0.0976867787539959,0.010112782,0.75,0.75,1.0,0.45226702,0.0016160542,0.0014703150372952223,0.002220446534920484,0.0009820155,0.022730267,0.02273026667535305,0.02273026667535305,0.0,-27.80754,-28.3132061958313,-27.056679248809814,0.9494744,2.305224,2.222454071044922,2.362471282482147,0.11035977,0.768408,0.7408180236816406,0.7874904572963715,0.036786586,0.15533334,0.13200000673532486,0.17600001022219658,0.0341902,0.0,0.0,0.0,0.0,0.17090212,0.15191344171762466,0.18842781707644463,0.025089717,0.36999992,0.3699999153614044,0.3699999153614044,0.0,0.3799999,0.37999990582466125,0.37999990582466125,0.0,124800.0,124800.0,124800.0,0.0
39,0.0,0.0,0.0,0.0,1.0,1.0,1.0,0.0,0.5119136,0.5092123448848724,0.5151049941778183,0.004052256,0.51385355,0.5112692564725876,0.5172808021306992,0.004515279,1.0355978,1.005605161190033,1.055923879146576,0.042146243,0.08598875,0.08794003911316395,0.09873500280082226,0.028171383,0.0925274,0.08794003911316395,0.09873500280082226,0.008941268,0.9166667,1.0,1.0,0.28867513,0.0019399431,0.0019839650485664606,0.002227503922767937,0.00063555845,0.022560427,0.022560428828001022,0.022560428828001022,0.0,-27.23506,-27.72449493408203,-26.892423629760742,0.6494756,2.2783606,2.212375521659851,2.3230788707733154,0.09272361,0.7594536,0.7374585419893265,0.7743596434593201,0.03090787,0.16583332,0.14999999105930328,0.1824999935925007,0.031176426,0.0,0.0,0.0,0.0,0.15503402,0.13403888046741486,0.1726273074746132,0.023353795,0.3799999,0.37999990582466125,0.37999990582466125,0.0,0.3899999,0.3899998962879181,0.3899998962879181,0.0,128000.0,128000.0,128000.0,0.0
40,0.0,0.0,0.0,0.0,1.0,1.0,1.0,0.0,0.51385355,0.5112692564725876,0.5172808021306992,0.004515279,0.51590854,0.5134287178516388,0.5193630009889603,0.0045053773,1.03752,1.0299374759197235,1.05143141746521,0.0151467165,0.09177483,0.08883184753358364,0.09333905205130577,0.0032327387,0.09177483,0.08883184753358364,0.09333905205130577,0.0032327387,1.0,1.0,1.0,0.0,0.002055009,0.001989110140129924,0.0020900348317809403,7.238705e-05,0.022391858,0.02239185757935047,0.02239185757935047,0.0,-27.338552,-27.50852918624878,-27.1630916595459,0.47809967,2.2825897,2.2659077048301697,2.313195288181305,0.033323437,0.7608633,0.7553025782108307,0.7710651159286499,0.01110781,0.15933333,0.1420000083744526,0.17400000989437103,0.03536134,0.0,0.0,0.0,0.0,0.15331763,0.1451040618121624,0.1542598195374012,0.015678836,0.3899999,0.3899998962879181,0.3899998962879181,0.0,0.3999999,0.3999998867511749,0.3999998867511749,0.0,131200.0,131200.0,131200.0,0.0
41,0.0,0.0,0.0,0.0,1.0,1.0,1.0,0.0,0.51590854,0.5134287178516388,0.5193630009889603,0.0045053773,0.5178422,0.5154300630092621,0.5210688263177872,0.0044318144,1.0299915,1.0161863267421722,1.045034021139145,0.034628358,0.08700412,0.09015266969799995,0.09634178690612316,0.028018322,0.0935983,0.09015266969799995,0.09634178690612316,0.0074209357,0.9166667,1.0,1.0,0.28867513,0.0019336272,0.0020036023925058544,0.0021411527413874865,0.00062269456,0.022224551,0.0222245492041111,0.0222245492041111,0.0,-26.833197,-27.36375665664673,-26.14169454574585,0.78121316,2.2660263,2.2356544733047485,2.2991206645965576,0.076183945,0.7553422,0.7452181726694107,0.7663735747337341,0.025394645,0.15133335,0.14000000804662704,0.17600001394748688,0.04170314,0.0006666667,0.0,0.0,0.0023094013,0.1570947,0.1420912705361843,0.1680721715092659,0.023386339,0.3999999,0.3999998867511749,0.3999998867511749,0.0,0.40999988,0.40999987721443176,0.40999987721443176,0.0,134400.0,134400.0,134400.0,0.0
42,0.0,0.0,0.0,0.0,1.0,1.0,1.0,0.0,0.5178422,0.5154300630092621,0.5210688263177872,0.0044318144,0.51975214,0.5174253731966019,0.523328572511673,0.004425362,1.0362898,1.0070481300354004,1.0571479201316833,0.05124976,0.086586125,0.08767021261155605,0.09839042089879513,0.028559666,0.09256432,0.08767021261155605,0.09839042089879513,0.010730726,0.9166667,1.0,1.0,0.28867513,0.0019099591,0.0019338724378030747,0.002170344057958573,0.0006299831,0.022058489,0.02205848880112171,0.02205848880112171,0.0,-27.245447,-27.782165050506592,-26.831034183502197,0.97750753,2.2798831,2.2155500650405884,2.325771927833557,0.11275172,0.75996107,0.7385166883468628,0.775257334113121,0.03758391,0.16600001,0.13600000739097595,0.18200001120567322,0.038157567,0.0,0.0,0.0,0.0,0.16331477,0.14670074731111526,0.18568255379796028,0.021791436,0.40999988,0.40999987721443176,0.40999987721443176,0.0,0.41999987,0.4199998676776886,0.4199998676776886,0.0,137600.0,137600.0,137600.0,0.0
43,0.0,0.0,0.0,0.0,1.0,1.0,1.0,0.0,0.51975214,0.5174253731966019,0.523328572511673,0.004425362,0.5215362,0.5193577408790588,0.5239441841840744,0.0042973976,1.055954,1.0390981435775757,1.0693684816360474,0.026399033,0.08148843,0.08525017835199833,0.0914063360542059,0.026047979,0.08805999,0.08525017835199833,0.0914063360542059,0.0053239986,0.9166667,1.0,1.0,0.28867513,0.0017840806,0.0018664391536731273,0.002001220011152327,0.00057028583,0.02189367,0.021893668919801712,0.021893668919801712,0.0,-27.52945,-28.129201889038086,-27.013568878173828,0.6769009,2.3231452,2.286061644554138,2.3526576161384583,0.05807899,0.7743818,0.7620205879211426,0.7842192202806473,0.019359652,0.13133334,0.1120000034570694,0.15200001001358032,0.022227477,0.0006666667,0.0,0.0,0.0023094013,0.16360256,0.1463048979640007,0.178453017026186,0.021200396,0.41999987,0.4199998676776886,0.4199998676776886,0.0,0.42999986,0.42999985814094543,0.42999985814094543,0.0,140800.0,140800.0,140800.0,0.0
44,0.0,0.0,0.0,0.0,1.0,1.0,1.0,0.0,0.5215362,0.5193577408790588,0.5239441841840744,0.0042973976,0.52341944,0.5214507132768631,0.5262713879346848,0.00473509,1.032308,1.0073507130146027,1.0588195323944092,0.041730274,0.08666399,0.08734452165663242,0.09833969175815582,0.02836589,0.09322474,0.08734452165663242,0.09833969175815582,0.008978034,0.9166667,1.0,1.0,0.28867513,0.0018832153,0.001898003334645182,0.002136929251719266,0.000616393,0.021730078,0.021730078384280205,0.021730078384280205,0.0,-27.382355,-27.818152904510498,-26.859477519989014,0.8890711,2.271123,2.21621572971344,2.329449415206909,0.091808446,0.757041,0.7387385815382004,0.7764831781387329,0.030602818,0.15933333,0.12400000542402267,0.18800001218914986,0.04334499,0.0,0.0,0.0,0.0,0.15696274,0.14189433678984642,0.17245161160826683,0.01665095,0.42999986,0.42999985814094543,0.42999985814094543,0.0,0.43999985,0.43999984860420227,0.43999984860420227,0.0,144000.0,144000.0,144000.0,0.0
45,0.0,0.0,0.0,0.0,1.0,1.0,1.0,0.0,0.52341944,0.5214507132768631,0.5262713879346848,0.00473509,0.52544314,0.5233670175075531,0.5281074494123459,0.0047339117,1.0284339,1.0025219768285751,1.0513060092926025,0.027289681,0.09383143,0.08885751478374004,0.09942228347063065,0.0058547375,0.09383143,0.08885751478374004,0.09942228347063065,0.0058547375,1.0,1.0,1.0,0.0,0.0020237295,0.0019164536206517369,0.0021443115547299385,0.00012627331,0.021567715,0.02156771533191204,0.02156771533191204,0.0,-27.45054,-28.041260242462158,-26.93250274658203,0.54828465,2.2625997,2.2055923342704773,2.312919497489929,0.060038522,0.7541999,0.7351974844932556,0.7709732055664062,0.020012837,0.16266668,0.13600000739097595,0.18000001087784767,0.035340767,0.0006666667,0.0,0.0,0.0023094013,0.1645481,0.15588370710611343,0.1723584681749344,0.021066003,0.43999985,0.43999984860420227,0.43999984860420227,0.0,0.44999984,0.4499998390674591,0.4499998390674591,0.0,147200.0,147200.0,147200.0,0.0
46,0.0,0.0,0.0,0.0,1.0,1.0,1.0,0.0,0.52544314,0.5233670175075531,0.5281074494123459,0.0047339117,0.52743053,0.5254181772470474,0.5300752222537994,0.0047151055,1.0329446,1.0313545167446136,1.0488119721412659,0.024922404,0.092839204,0.08936966583132744,0.09303993545472622,0.005580209,0.092839204,0.08936966583132744,0.09303993545472622,0.005580209,1.0,1.0,1.0,0.0,0.001987368,0.0019130973669234663,0.0019916652818210423,0.00011945313,0.021406563,0.021406562998890877,0.021406562998890877,0.0,-27.294012,-27.582841396331787,-27.123676300048828,0.58779454,2.2725232,2.269025206565857,2.307432472705841,0.05483042,0.7575078,0.756341740489006,0.7691441774368286,0.018276809,0.16066667,0.13200000673532486,0.1860000118613243,0.03805578,0.0,0.0,0.0,0.0,0.15637703,0.1412949562072754,0.1681399643421173,0.023536643,0.44999984,0.4499998390674591,0.4499998390674591,0.0,0.45999983,0.45999982953071594,0.45999982953071594,0.0,150400.0,150400.0,150400.0,0.0
47,0.0,0.0,0.0,0.0,1.0,1.0,1.0,0.0,0.52743053,0.5254181772470474,0.5300752222537994,0.0047151055,0.52922946,0.527114674448967,0.5320935547351837,0.004718902,1.0428516,1.0277415812015533,1.0514024794101715,0.03832932,0.084669165,0.08884777314960957,0.09381343238055706,0.02733564,0.090922624,0.08884777314960957,0.09381343238055706,0.007828642,0.9166667,1.0,1.0,0.28867513,0.0017989329,0.001887714141048491,0.0019932175637222826,0.0005807897,0.021246612,0.021246612071990967,0.021246612071990967,0.0,-27.639425,-27.997663021087646,-27.212405681610107,0.88215864,2.2943192,2.261076509952545,2.313131630420685,0.084326155,0.76477313,0.7536922097206116,0.7710438966751099,0.028108722,0.14733334,0.12400000542402267,0.17600001394748688,0.040571675,0.0,0.0,0.0,0.0,0.16446806,0.14954238012433052,0.18105202913284302,0.021613188,0.45999983,0.45999982953071594,0.45999982953071594,0.0,0.46999982,0.4699998199939728,0.4699998199939728,0.0,153600.0,153600.0,153600.0,0.0
48,0.0,0.0,0.0,0.0,1.0,1.0,1.0,0.0,0.52922946,0.527114674448967,0.5320935547351837,0.004718902,0.53107566,0.52911576628685,0.5340296775102615,0.004929495,1.0295774,1.015408992767334,1.035375028848648,0.03592855,0.087549575,0.09217767603695393,0.09651492349803448,0.027788755,0.09369484,0.09217767603695393,0.09651492349803448,0.007178766,0.9166667,1.0,1.0,0.28867513,0.001846233,0.0019438298477325588,0.0020352930878289044,0.00058600534,0.02108786,0.021087858825922012,0.021087858825922012,0.0,-27.302551,-27.70830202102661,-27.01479721069336,0.7787563,2.2651155,2.233944296836853,2.2778706550598145,0.079044364,0.7550385,0.7446481138467789,0.7592902481555939,0.026348121,0.13866667,0.12600000575184822,0.15400001034140587,0.028198434,0.0,0.0,0.0,0.0,0.14962058,0.14168310910463333,0.15704866126179695,0.017246058,0.46999982,0.4699998199939728,0.4699998199939728,0.0,0.4799998,0.4799998104572296,0.4799998104572296,0.0,156800.0,156800.0,156800.0,0.0
49,0.0,0.0,0.0,0.0,1.0,1.0,1.0,0.0,0.53107566,0.52911576628685,0.5340296775102615,0.004929495,0.5330657,0.5309423804283142,0.535976231098175,0.00492991,1.0224494,1.008313536643982,1.031518667936325,0.022432238,0.09507647,0.09300168976187706,0.09810725785791874,0.0047934805,0.09507647,0.09300168976187706,0.09810725785791874,0.0047934805,1.0,1.0,1.0,0.0,0.0019899781,0.0019465525110717863,0.002053413540124893,0.000100328936,0.020930292,0.020930292084813118,0.020930292084813118,0.0,-27.46846,-27.85261583328247,-27.015368938446045,0.6038505,2.2494335,2.2183340787887573,2.2693864703178406,0.049351912,0.7498112,0.7394447028636932,0.7564621567726135,0.016450634,0.16200002,0.14800000935792923,0.18200001120567322,0.03184051,0.0,0.0,0.0,0.0,0.16798152,0.15154585242271423,0.1821279153227806,0.032199685,0.4799998,0.4799998104572296,0.4799998104572296,0.0,0.4899998,0.48999980092048645,0.48999980092048645,0.0,160000.0,160000.0,160000.0,0.0
50,0.0,0.0,0.0,0.0,1.0,1.0,1.0,0.0,0.5330657,0.5309423804283142,0.535976231098175,0.00492991,0.5347981,0.5328988879919052,0.5378317981958389,0.005279012,1.047005,1.028981626033783,1.0714601278305054,0.030798275,0.08339404,0.0848281942307949,0.09354521334171295,0.026785092,0.0899483,0.0848281942307949,0.09354521334171295,0.0063552754,0.9166667,1.0,1.0,0.28867513,0.0017324197,0.0017622126615606248,0.0019432991684880108,0.0005564309,0.020773903,0.020773902535438538,0.020773902535438538,0.0,-27.596098,-28.075305938720703,-27.182762622833252,0.6013266,2.3034573,2.263804852962494,2.3572592735290527,0.06775754,0.7678191,0.7546016424894333,0.7857531011104584,0.022585848,0.14733334,0.11800000444054604,0.18000001087784767,0.036013465,0.0,0.0,0.0,0.0,0.16025628,0.14700371026992798,0.16769607737660408,0.01892734,0.4899998,0.48999980092048645,0.48999980092048645,0.0,0.4999998,0.4999997913837433,0.4999997913837433,0.0,163200.0,163200.0,163200.0,0.0
51,0.0,0.0,0.0,0.0,1.0,1.0,1.0,0.0,0.5347981,0.5328988879919052,0.5378317981958389,0.005279012,0.5365754,0.5343416482210159,0.5395656675100327,0.005377497,1.0339726,1.0023549497127533,1.0593372583389282,0.03815724,0.086199075,0.08724543265998363,0.09946486167609692,0.02798731,0.09280037,0.08724543265998363,0.09946486167609692,0.008043899,0.9166667,1.0,1.0,0.28867513,0.0017773112,0.0017988857289310545,0.0020508343004621565,0.00057706144,0.02061868,0.020618680864572525,0.020618680864572525,0.0,-27.304634,-27.79473114013672,-26.664629459381104,0.85621613,2.2747853,2.2052249908447266,2.3305885195732117,0.0839476,0.75826174,0.7350750267505646,0.7768628597259521,0.027982535,0.15,0.13200000673532486,0.18800001218914986,0.04475387,0.0,0.0,0.0,0.0,0.1572163,0.1392361745238304,0.1850038878619671,0.02711414,0.4999998,0.4999997913837433,0.4999997913837433,0.0,0.5099998,0.5099998116493225,0.5099998116493225,0.0,166400.0,166400.0,166400.0,0.0
52,0.0,0.0,0.0,0.0,1.0,1.0,1.0,0.0,0.5365754,0.5343416482210159,0.5395656675100327,0.005377497,0.5384663,0.5360869914293289,0.5416278541088104,0.005348802,1.0362623,1.0002390146255493,1.060816615819931,0.042616438,0.0923957,0.08693280816078186,0.0999520979821682,0.009049646,0.0923957,0.08693280816078186,0.0999520979821682,0.009049646,1.0,1.0,1.0,0.0,0.0018908429,0.0017790468409657478,0.0020454817567951977,0.00018519755,0.02046462,0.020464619621634483,0.020464619621634483,0.0,-27.217676,-27.675827980041504,-26.724486827850342,0.765134,2.2798226,2.200569808483124,2.333843231201172,0.09375804,0.75994086,0.7335232794284821,0.7779477685689926,0.031252682,0.1625,0.14000000059604645,0.17249999940395355,0.03333712,0.0008333333,0.0,0.0,0.0028867512,0.15254866,0.1325908601284027,0.1611788645386696,0.028487034,0.5099998,0.5099998116493225,0.5099998116493225,0.0,0.5199998,0.5199998021125793,0.5199998021125793,0.0,169600.0,169600.0,169600.0,0.0
53,0.0,0.0,0.0,0.0,1.0,1.0,1.0,0.0,0.5384663,0.5360869914293289,0.5416278541088104,0.005348802,0.54035825,0.5381471961736679,0.5433531403541565,0.0053645037,1.0320879,1.0013774782419205,1.056209236383438,0.034562413,0.093146734,0.08786352723836899,0.09968592040240765,0.007369099,0.093146734,0.08786352723836899,0.09968592040240765,0.007369099,1.0,1.0,1.0,0.0,0.0018919692,0.001784658437827602,0.0020247913780622184,0.00014967899,0.02031171,0.020311709493398666,0.020311709493398666,0.0,-27.516655,-28.072478771209717,-27.136919021606445,0.76078695,2.270639,2.2030744552612305,2.3237067461013794,0.076038845,0.7568796,0.7343581765890121,0.7745689153671265,0.025346274,0.18066667,0.15800001099705696,0.1980000026524067,0.037283514,0.0,0.0,0.0,0.0,0.16383053,0.15486790612339973,0.17690538242459297,0.015834248,0.5199998,0.5199998021125793,0.5199998021125793,0.0,0.5299998,0.5299997925758362,0.5299997925758362,0.0,172800.0,172800.0,172800.0,0.0
54,0.0,0.0,0.0,0.0,1.0,1.0,1.0,0.0,0.54035825,0.5381471961736679,0.5433531403541565,0.0053645037,0.5422305,0.5401703715324402,0.5451365411281586,0.005386269,1.0333313,1.0107553154230118,1.057002454996109,0.033627078,0.09287051,0.08770066127181053,0.09758053533732891,0.007332531,0.09287051,0.08770066127181053,0.09758053533732891,0.007332531,1.0,1.0,1.0,0.0,0.0018722642,0.0017680401215329766,0.0019672178314067423,0.0001478234,0.020159941,0.020159941166639328,0.020159941166639328,0.0,-27.23635,-27.708285331726074,-26.687696933746338,0.69640106,2.2733738,2.2237061262130737,2.3254517316818237,0.07398106,0.75779134,0.7412354052066803,0.7751506119966507,0.024660353,0.12866667,0.11800000444054604,0.14000000804662704,0.02923676,0.0,0.0,0.0,0.0,0.15182653,0.14474521204829216,0.16008376330137253,0.012999954,0.5299998,0.5299997925758362,0.5299997925758362,0.0,0.5399998,0.539999783039093,0.539999783039093,0.0,176000.0,176000.0,176000.0,0.0
55,0.0,0.0,0.0,0.0,1.0,1.0,1.0,0.0,0.5422305,0.5401703715324402,0.5451365411281586,0.005386269,0.5440931,0.5419707298278809,0.5470634698867798,0.005414635,1.0317603,1.0229899883270264,1.0409176349639893,0.0246887,0.09308664,0.09101675264537334,0.09484681859612465,0.0053516165,0.09308664,0.09101675264537334,0.09484681859612465,0.0053516165,1.0,1.0,1.0,0.0,0.0018625992,0.0018211821734439582,0.0018978191365022212,0.00010708214,0.020009307,0.02000930719077587,0.02000930719077587,0.0,-27.245878,-27.775522232055664,-26.76740550994873,0.63918424,2.2699182,2.2506229281425476,2.2900646328926086,0.05431624,0.7566394,0.7502076625823975,0.7633548825979233,0.018105412,0.15733334,0.13600000739097595,0.1640000119805336,0.033480886,0.0,0.0,0.0,0.0,0.1597368,0.14398029819130898,0.16854330152273178,0.022074504,0.5399998,0.539999783039093,0.539999783039093,0.0,0.5499998,0.5499997735023499,0.5499997735023499,0.0,179200.0,179200.0,179200.0,0.0
56,0.0,0.0,0.0,0.0,1.0,1.0,1.0,0.0,0.5440931,0.5419707298278809,0.5470634698867798,0.005414635,0.5459304,0.543896809220314,0.54890576004982,0.005440161,1.0348206,1.0162447690963745,1.048454225063324,0.031359598,0.0925127,0.08945553004741669,0.09633396379649639,0.006530662,0.0925127,0.08945553004741669,0.09633396379649639,0.006530662,1.0,1.0,1.0,0.0,0.0018372837,0.001776568911736831,0.0019131732697132975,0.00012969763,0.0198598,0.0198598001152277,0.0198598001152277,0.0,-27.504196,-27.849061489105225,-27.08132314682007,0.5607234,2.2766507,2.2357831597328186,2.306645393371582,0.068992525,0.75888354,0.7452610731124878,0.7688818126916885,0.022997502,0.15,0.12600000575184822,0.17000001296401024,0.028768672,0.0,0.0,0.0,0.0,0.16212314,0.15080716833472252,0.17810231819748878,0.02052592,0.5499998,0.5499997735023499,0.5499997735023499,0.0,0.55999976,0.5599997639656067,0.5599997639656067,0.0,182400.0,182400.0,182400.0,0.0
57,0.0,0.0,0.0,0.0,1.0,1.0,1.0,0.0,0.5459304,0.543896809220314,0.54890576004982,0.005440161,0.54766345,0.5459004789590836,0.5506150424480438,0.005486914,1.0283892,0.9897983372211456,1.0549286901950836,0.046344522,0.08792349,0.08812096528708935,0.10237784869968891,0.02872544,0.094153345,0.08812096528708935,0.10237784869968891,0.009787318,0.9166667,1.0,1.0,0.28867513,0.0017330957,0.001736988197080791,0.0020180114079266787,0.00056621886,0.019711407,0.019711406901478767,0.019711406901478767,0.0,-27.070938,-27.33862018585205,-26.63213586807251,0.8070573,2.2625015,2.177599847316742,2.3208895325660706,0.10195999,0.75416714,0.7258666455745697,0.7736298441886902,0.033986665,0.16333334,0.1340000070631504,0.19200000166893005,0.044667117,0.0,0.0,0.0,0.0,0.15357019,0.1412537768483162,0.16646629571914673,0.017010577,0.55999976,0.5599997639656067,0.5599997639656067,0.0,0.56999975,0.5699997544288635,0.5699997544288635,0.0,185600.0,185600.0,185600.0,0.0
58,0.0,0.0,0.0,0.0,1.0,1.0,1.0,0.0,0.54766345,0.5459004789590836,0.5506150424480438,0.005486914,0.5494302,0.5476846247911453,0.5522495359182358,0.0055042827,1.0447516,1.0374058187007904,1.0498490035533905,0.021024644,0.09030465,0.08915696293115616,0.09174748882651329,0.004307991,0.09030465,0.08915696293115616,0.09174748882651329,0.004307991,1.0,1.0,1.0,0.0,0.0017667316,0.0017442780663259327,0.0017949594475794584,8.428208e-05,0.019564126,0.019564125686883926,0.019564125686883926,0.0,-27.573599,-27.977336883544922,-27.259908199310303,0.61710113,2.2984993,2.2823383808135986,2.309713840484619,0.046255115,0.7661665,0.7607795000076294,0.7699046283960342,0.015418361,0.14466667,0.12800000607967377,0.15400001034140587,0.02517334,0.0,0.0,0.0,0.0,0.15900864,0.14890161529183388,0.1705719530582428,0.01451112,0.56999975,0.5699997544288635,0.5699997544288635,0.0,0.57999974,0.5799997448921204,0.5799997448921204,0.0,188800.0,188800.0,188800.0,0.0
59,0.0,0.0,0.0,0.0,1.0,1.0,1.0,0.0,0.5494302,0.5476846247911453,0.5522495359182358,0.0055042827,0.5510945,0.549560546875,0.5540618151426315,0.0055121575,1.0366752,1.0159744918346405,1.0570373237133026,0.035869434,0.08570802,0.08769749104976654,0.09639018960297108,0.027634608,0.092186004,0.08769749104976654,0.09639018960297108,0.0074742357,0.9166667,1.0,1.0,0.28867513,0.0016642736,0.0017029049049597234,0.001871699292678386,0.00053660723,0.019417943,0.01941794343292713,0.01941794343292713,0.0,-27.369204,-27.8973708152771,-26.926340103149414,0.701172,2.280731,2.2351884841918945,2.325528621673584,0.07891432,0.7602437,0.7450628280639648,0.7751762270927429,0.026304776,0.158,0.1420000083744526,0.17600001394748688,0.019031078,0.0006666667,0.0,0.0,0.0023094013,0.15636481,0.13904370367527008,0.17859920486807823,0.027890014,0.57999974,0.5799997448921204,0.5799997448921204,0.0,0.58999974,0.5899997353553772,0.5899997353553772,0.0,192000.0,192000.0,192000.0,0.0
60,0.0,0.0,0.0,0.0,1.0,1.0,1.0,0.0,0.5510945,0.549560546875,0.5540618151426315,0.0055121575,0.5528213,0.5513010770082474,0.5557541400194168,0.0055418178,1.0483389,1.0313290059566498,1.0672515034675598,0.024617018,0.08959826,0.08566426113247871,0.09304632991552353,0.0050668926,0.08959826,0.08566426113247871,0.09304632991552353,0.0050668926,1.0,1.0,1.0,0.0,0.0017268141,0.0016509947017766535,0.0017932682239916176,9.765347e-05,0.019272853,0.019272852689027786,0.019272852689027786,0.0,-27.647863,-28.119734287261963,-27.442718029022217,0.5562157,2.3063917,2.2689691185951233,2.348000228404999,0.054158524,0.7687972,0.7563230693340302,0.7826667428016663,0.018052835,0.14133334,0.12000000476837158,0.1680000126361847,0.025603034,0.0,0.0,0.0,0.0,0.1592305,0.14757101982831955,0.1676870584487915,0.021132492,0.58999974,0.5899997353553772,0.5899997353553772,0.0,0.5999997,0.599999725818634,0.599999725818634,0.0,195200.0,195200.0,195200.0,0.0
61,0.0,0.0,0.0,0.0,1.0,1.0,1.0,0.0,0.5528213,0.5513010770082474,0.5557541400194168,0.0055418178,0.5546482,0.5530123263597488,0.5576241314411163,0.0056201643,1.0212704,1.0011673420667648,1.0582782328128815,0.035014495,0.09550553,0.08744234032928944,0.09973381087183952,0.00775082,0.09550553,0.08744234032928944,0.09973381087183952,0.00775082,1.0,1.0,1.0,0.0,0.0018269108,0.0016726713511161506,0.0019077930774074048,0.00014826427,0.01912885,0.019128849729895592,0.019128849729895592,0.0,-27.261337,-27.92501401901245,-26.679047107696533,0.97854155,2.2468398,2.202612042427063,2.328258693218231,0.077033415,0.7489466,0.7342040538787842,0.7760862708091736,0.025677819,0.17066668,0.14800000935792923,0.1940000019967556,0.03879394,0.0006666667,0.0,0.0,0.0023094013,0.1594225,0.14491086825728416,0.1753789186477661,0.021279382,0.5999997,0.599999725818634,0.599999725818634,0.0,0.6099997,0.6099997162818909,0.6099997162818909,0.0,198400.0,198400.0,198400.0,0.0
62,0.0,0.0,0.0,0.0,1.0,1.0,1.0,0.0,0.5546482,0.5530123263597488,0.5576241314411163,0.0056201643,0.55638814,0.5547490268945694,0.559393897652626,0.0056682737,1.0385326,1.0354710817337036,1.0461872816085815,0.024420269,0.09164337,0.08991105481982231,0.09216207824647427,0.005213491,0.09164337,0.08991105481982231,0.09216207824647427,0.005213491,1.0,1.0,1.0,0.0,0.0017399336,0.0017070439353119582,0.001749781658872962,9.898289e-05,0.018985918,0.018985917791724205,0.018985917791724205,0.0,-27.544107,-27.901874542236328,-27.091679096221924,0.66270983,2.2848172,2.2780818939208984,2.3016579151153564,0.053725645,0.76160574,0.759360671043396,0.7672193348407745,0.017908543,0.15866667,0.14000000804662704,0.17000001296401024,0.033567663,0.0006666667,0.0,0.0,0.0023094013,0.15820672,0.14450562372803688,0.16924306005239487,0.019231211,0.6099997,0.6099997162818909,0.6099997162818909,0.0,0.6199997,0.6199997067451477,0.6199997067451477,0.0,201600.0,201600.0,201600.0,0.0
63,0.0,0.0,0.0,0.0,1.0,1.0,1.0,0.0,0.55638814,0.5547490268945694,0.559393897652626,0.0056682737,0.55784965,0.5561104267835617,0.5609933435916901,0.0059890747,1.0451143,1.012164294719696,1.0929482281208038,0.04334018,0.07755758,0.0807335115969181,0.09723997488617897,0.036800224,0.0905379,0.0807335115969181,0.09723997488617897,0.008775593,0.8333333,1.0,1.0,0.38924947,0.0014614994,0.001521346828667447,0.0018323956173844635,0.0006934655,0.018844057,0.018844056874513626,0.018844056874513626,0.0,-27.423693,-27.97818660736084,-26.842190742492676,0.9910944,2.2992973,2.2268059253692627,2.404534101486206,0.0953503,0.76643246,0.7422686815261841,0.8015113770961761,0.031783428,0.14400001,0.11600000411272049,0.17000001296401024,0.04064928,0.0,0.0,0.0,0.0,0.1593364,0.14833726733922958,0.1694621667265892,0.019546185,0.6199997,0.6199997067451477,0.6199997067451477,0.0,0.6299997,0.6299996972084045,0.6299996972084045,0.0,204800.0,204800.0,204800.0,0.0
64,0.0,0.0,0.0,0.0,1.0,1.0,1.0,0.0,0.55784965,0.5561104267835617,0.5609933435916901,0.0059890747,0.5595555,0.5579021573066711,0.5627611428499222,0.0059969155,1.0408491,1.0200676023960114,1.0592005848884583,0.028733768,0.091205694,0.08725737035274506,0.09548519551753998,0.0060335738,0.091205694,0.08725737035274506,0.09548519551753998,0.0060335738,1.0,1.0,1.0,0.0,0.0017058434,0.0016319967689923942,0.0017858838255051523,0.000112847476,0.018703254,0.01870325393974781,0.01870325393974781,0.0,-27.645111,-28.0981183052063,-26.790863037109375,0.75094444,2.2899137,2.2441935539245605,2.3302878737449646,0.06321555,0.76330453,0.7480645179748535,0.7767626643180847,0.021071853,0.15933333,0.13600000739097595,0.18400001153349876,0.043210547,0.0006666667,0.0,0.0,0.0023094013,0.16453958,0.14823495969176292,0.17775125429034233,0.023718936,0.6299997,0.6299996972084045,0.6299996972084045,0.0,0.6399997,0.6399996876716614,0.6399996876716614,0.0,208000.0,208000.0,208000.0,0.0
65,0.0,0.0,0.0,0.0,1.0,1.0,1.0,0.0,0.5595555,0.5579021573066711,0.5627611428499222,0.0059969155,0.56132007,0.5595510303974152,0.5646699517965317,0.0060139513,1.0231704,1.0065879225730896,1.0394252240657806,0.032975934,0.095056176,0.09132192842662334,0.09849525056779385,0.007254731,0.095056176,0.09132192842662334,0.09849525056779385,0.007254731,1.0,1.0,1.0,0.0,0.0017645758,0.0016952551086433232,0.0018284170946571976,0.00013467322,0.018563505,0.01856350526213646,0.01856350526213646,0.0,-27.224192,-27.4700608253479,-26.923333168029785,0.5224703,2.2510197,2.214537739753723,2.2867811918258667,0.0725485,0.7503399,0.7381792515516281,0.7622604370117188,0.024182832,0.1475,0.12999999523162842,0.1549999937415123,0.035707142,0.0008333333,0.0,0.0,0.0028867512,0.1532715,0.14710325002670288,0.1591932475566864,0.013945553,0.6399997,0.6399996876716614,0.6399996876716614,0.0,0.6499997,0.6499996781349182,0.6499996781349182,0.0,211200.0,211200.0,211200.0,0.0
66,0.0,0.0,0.0,0.0,1.0,1.0,1.0,0.0,0.56132007,0.5595510303974152,0.5646699517965317,0.0060139513,0.562879,0.5614020079374313,0.5664116591215134,0.0058347275,1.0434576,1.024447351694107,1.0543017387390137,0.035420876,0.08461218,0.08825019933283329,0.09452975913882256,0.027037557,0.090745844,0.08825019933283329,0.09452975913882256,0.0070827696,0.9166667,1.0,1.0,0.28867513,0.0015589624,0.0016259922413155437,0.0017416918417438865,0.00049816153,0.0184248,0.018424799665808678,0.018424799665808678,0.0,-27.799385,-28.172024726867676,-27.186625957489014,0.8363281,2.2956526,2.2538291215896606,2.319510042667389,0.077927455,0.76521754,0.7512763738632202,0.7731700539588928,0.025975816,0.13466667,0.10400000214576721,0.16200001165270805,0.029112117,0.0,0.0,0.0,0.0,0.1638069,0.14626814797520638,0.17469460144639015,0.03361428,0.6499997,0.6499996781349182,0.6499996781349182,0.0,0.65999967,0.659999668598175,0.659999668598175,0.0,214400.0,214400.0,214400.0,0.0
67,0.0,0.0,0.0,0.0,1.0,1.0,1.0,0.0,0.562879,0.5614020079374313,0.5664116591215134,0.0058347275,0.56442416,0.5624003559350967,0.5680510401725769,0.0058842353,1.0421629,1.0295698046684265,1.0614212155342102,0.034421008,0.08449456,0.08681190013885498,0.0934179313480854,0.027295174,0.09101147,0.08681190013885498,0.0934179313480854,0.0072982293,0.9166667,1.0,1.0,0.28867513,0.0015451632,0.0015875406097620726,0.0017083459824789315,0.0004991505,0.018287132,0.018287131562829018,0.018287131562829018,0.0,-27.559301,-27.759794235229492,-27.26605224609375,0.58077985,2.2928042,2.265098750591278,2.335173189640045,0.075727716,0.7642681,0.755032941699028,0.7783910632133484,0.02524256,0.15066667,0.1120000034570694,0.18200001120567322,0.042719666,0.0,0.0,0.0,0.0,0.1565613,0.13987109810113907,0.16775697469711304,0.020323634,0.65999967,0.659999668598175,0.659999668598175,0.0,0.66999966,0.6699996590614319,0.6699996590614319,0.0,217600.0,217600.0,217600.0,0.0
68,0.0,0.0,0.0,0.0,1.0,1.0,1.0,0.0,0.56442416,0.5624003559350967,0.5680510401725769,0.0058842353,0.56602585,0.5640409290790558,0.5696401000022888,0.005844998,1.0547113,1.04767245054245,1.061830312013626,0.019583374,0.08824515,0.08673577755689621,0.08960561826825142,0.0039433786,0.08824515,0.08673577755689621,0.08960561826825142,0.0039433786,1.0,1.0,1.0,0.0,0.0016016929,0.0015742969699203968,0.0016263860161416233,7.157428e-05,0.018150492,0.018150491639971733,0.018150491639971733,0.0,-27.578058,-28.05767297744751,-27.052249908447266,0.6871593,2.3204112,2.3049254417419434,2.336073338985443,0.043084264,0.7734704,0.7683085054159164,0.7786911427974701,0.014361417,0.13933334,0.12600000575184822,0.15400001034140587,0.026742317,0.0006666667,0.0,0.0,0.0023094013,0.1629632,0.14651568606495857,0.17601652070879936,0.032855615,0.66999966,0.6699996590614319,0.6699996590614319,0.0,0.67999965,0.6799996495246887,0.6799996495246887,0.0,220800.0,220800.0,220800.0,0.0
69,0.0,0.0,0.0,0.0,1.0,1.0,1.0,0.0,0.56602585,0.5640409290790558,0.5696401000022888,0.005844998,0.56770104,0.5657111555337906,0.5713177770376205,0.0058231745,1.0321683,1.0255981385707855,1.0505074560642242,0.023868747,0.09299085,0.08902117051184177,0.09427906386554241,0.0052067228,0.09299085,0.08902117051184177,0.09427906386554241,0.0052067228,1.0,1.0,1.0,0.0,0.0016752183,0.0016037050809245557,0.0016984253015834838,9.379845e-05,0.018014872,0.018014872446656227,0.018014872446656227,0.0,-27.472366,-27.935123443603516,-27.15704107284546,0.65056235,2.2708156,2.256360948085785,2.3111624717712402,0.05251232,0.7569385,0.752120316028595,0.7703875005245209,0.017504105,0.158,0.14400000870227814,0.1680000126361847,0.018722858,0.0,0.0,0.0,0.0,0.15741324,0.1446419209241867,0.166799146682024,0.020482382,0.67999965,0.6799996495246887,0.6799996495246887,0.0,0.68999964,0.6899996399879456,0.6899996399879456,0.0,224000.0,224000.0,224000.0,0.0
70,0.0,0.0,0.0,0.0,1.0,1.0,1.0,0.0,0.56770104,0.5657111555337906,0.5713177770376205,0.0058231745,0.56932694,0.5673487037420273,0.5728801786899567,0.0058359127,1.0421606,1.0228995084762573,1.0611547529697418,0.028919304,0.090932064,0.08686566911637783,0.0948638878762722,0.00600821,0.090932064,0.08686566911637783,0.0948638878762722,0.00600821,1.0,1.0,1.0,0.0,0.0016258894,0.0015531812969129533,0.0016961915825959295,0.00010742839,0.017880267,0.017880266532301903,0.017880266532301903,0.0,-27.461502,-27.908520221710205,-27.048566818237305,0.65687984,2.2927992,2.2504239082336426,2.3345870971679688,0.06362375,0.76426643,0.7501413077116013,0.778195708990097,0.02120792,0.14866668,0.13200000673532486,0.17000001296401024,0.030407337,0.0,0.0,0.0,0.0,0.16367938,0.15198055282235146,0.17398972064256668,0.018660419,0.68999964,0.6899996399879456,0.6899996399879456,0.0,0.69999963,0.6999996304512024,0.6999996304512024,0.0,227200.0,227200.0,227200.0,0.0
71,0.0,0.0,0.0,0.0,1.0,1.0,1.0,0.0,0.56932694,0.5673487037420273,0.5728801786899567,0.0058359127,0.5709899,0.5689767003059387,0.5744450837373734,0.0058775106,1.0289135,1.0107766389846802,1.0407101511955261,0.025347073,0.09370313,0.09105268307030201,0.09755049459636211,0.0053458554,0.09370313,0.09105268307030201,0.09755049459636211,0.0053458554,1.0,1.0,1.0,0.0,0.0016629183,0.0016158815997187048,0.0017311960691586137,9.48711e-05,0.017746666,0.017746666446328163,0.017746666446328163,0.0,-27.319086,-27.601234436035156,-26.920581817626953,0.44332668,2.263655,2.223753035068512,2.289608120918274,0.05576465,0.75455165,0.7412510365247726,0.7632027119398117,0.018588211,0.13933334,0.12600000575184822,0.15200001001358032,0.018514534,0.0,0.0,0.0,0.0,0.15640944,0.14088014513254166,0.17020852863788605,0.019617526,0.69999963,0.6999996304512024,0.6999996304512024,0.0,0.7099996,0.7099996209144592,0.7099996209144592,0.0,230400.0,230400.0,230400.0,0.0
72,0.0,0.0,0.0,0.0,1.0,1.0,1.0,0.0,0.5709899,0.5689767003059387,0.5744450837373734,0.0058775106,0.57266355,0.5707280933856964,0.5761326849460602,0.005922061,1.0232273,1.007503017783165,1.0449180901050568,0.031105885,0.09501774,0.09017453156411648,0.098293736577034,0.0069207083,0.09501774,0.09017453156411648,0.098293736577034,0.0069207083,1.0,1.0,1.0,0.0,0.0016736485,0.0015883398882579058,0.0017313520365860313,0.00012190179,0.017614063,0.017614062875509262,0.017614062875509262,0.0,-27.141432,-27.799710273742676,-26.528037548065186,0.8881254,2.2511451,2.216550827026367,2.298865795135498,0.06843431,0.7503817,0.7388502955436707,0.766288623213768,0.022811435,0.15933333,0.1340000070631504,0.18000001087784767,0.037902586,0.0006666667,0.0,0.0,0.0023094013,0.1592477,0.144653107970953,0.16918089613318443,0.02593527,0.7099996,0.7099996209144592,0.7099996209144592,0.0,0.7199996,0.7199996113777161,0.7199996113777161,0.0,233600.0,233600.0,233600.0,0.0
73,0.083333336,0.0,0.0,0.28867513,1.0833333333333333,1.0,1.0,0.2886751345948129,0.57266355,0.5707280933856964,0.5761326849460602,0.005922061,0.52599066,0.5698667466640472,0.5769738107919693,0.16472206,1.0236645,1.0101445317268372,1.0443308055400848,0.034447182,0.09497722,0.09029854834079742,0.09769120626151562,0.007834029,0.09497722,0.09029854834079742,0.09769120626151562,0.007834029,1.0,1.0,1.0,0.0,0.0016604346,0.0015786400181241333,0.001707881805486977,0.00013695803,0.017482452,0.0174824520945549,0.0174824520945549,0.0,-27.325472,-27.809398651123047,-26.795423984527588,0.93505174,2.2521067,2.2223622798919678,2.297573745250702,0.07578535,0.7507023,0.7407874464988708,0.7658579498529434,0.02526179,0.176,0.1600000113248825,0.1940000019967556,0.032181304,0.0,0.0,0.0,0.0,0.16045596,0.14610470831394196,0.1724238060414791,0.020047871,0.7199996,0.7199996113777161,0.7199996113777161,0.0,0.6991663,0.7299996018409729,0.7299996018409729,0.10680974,236800.0,236800.0,236800.0,0.0
74,0.083333336,0.0,0.0,0.28867513,1.1666666666666667,1.0,1.0,0.38924947208076144,0.52599066,0.5698667466640472,0.5769738107919693,0.16472206,0.47942305,0.5670722723007202,0.5766071975231171,0.2220249,1.00552,0.9912863075733185,1.0216623544692993,0.026218222,0.0989011,0.09514512866735458,0.10202696174383163,0.0059199496,0.0989011,0.09514512866735458,0.10202696174383163,0.0059199496,1.0,1.0,1.0,0.0,0.0017657382,0.0016509416163899004,0.0017703539633657783,0.0002364027,0.017814288,0.017351824790239334,0.017351824790239334,0.0016020209,-26.890337,-27.292377948760986,-26.537638664245605,0.62231547,2.2121885,2.180873453617096,2.2477020621299744,0.05768124,0.73739606,0.7269578576087952,0.7492340207099915,0.019227076,0.17266667,0.1600000113248825,0.18800001218914986,0.026742317,0.0006666667,0.0,0.0,0.0023094013,0.14861298,0.1346004530787468,0.15949945524334908,0.016876362,0.6991663,0.7299996018409729,0.7299996018409729,0.10680974,0.6779163,0.7399995923042297,0.7399995923042297,0.14499927,240000.0,240000.0,240000.0,0.0
75,0.083333336,0.0,0.0,0.28867513,1.25,1.0,1.25,0.4522670168666454,0.47942305,0.5670722723007202,0.5766071975231171,0.2220249,0.43281043,0.4263417827896774,0.577189490199089,0.25799254,1.024838,1.0009818971157074,1.0460070967674255,0.031691294,0.09467036,0.08996311761438847,0.09977898374199867,0.006832507,0.09467036,0.08996311761438847,0.09977898374199867,0.006832507,1.0,1.0,1.0,0.0,0.0017206911,0.0015599261678289622,0.0017499653331469744,0.00026434162,0.018147305,0.017222171649336815,0.017222171649336815,0.0021607212,-27.20984,-27.57430934906006,-26.707465648651123,0.53629524,2.2546885,2.202204167842865,2.3012615442276,0.06972226,0.75156283,0.7340680658817291,0.7670871913433075,0.023240747,0.17000002,0.15200001001358032,0.1860000118613243,0.038309745,0.0006666667,0.0,0.0,0.0023094013,0.16534041,0.15436042100191116,0.17786366119980812,0.021422174,0.6779163,0.7399995923042297,0.7399995923042297,0.14499927,0.65624964,0.6574996337294579,0.7499995827674866,0.16961344,243200.0,243200.0,243200.0,0.0
76,0.16666667,0.0,0.0,0.38924947,1.4166666666666667,1.0,2.0,0.5149286505444373,0.43281043,0.4263417827896774,0.577189490199089,0.25799254,0.33788157,0.0064659122144803405,0.5780187696218491,0.29381782,1.02841,1.0032894760370255,1.043045461177826,0.032687355,0.09390906,0.09056438133120537,0.09925105795264244,0.006978476,0.09390906,0.09056438133120537,0.09925105795264244,0.006978476,1.0,1.0,1.0,0.0,0.0017377906,0.001559853961225599,0.001829853339586407,0.00028657386,0.018481443,0.017093490809202194,0.01846022577956319,0.0025111597,-27.290125,-27.590588092803955,-26.980253219604492,0.8475972,2.262547,2.207280933856964,2.2947458028793335,0.07191362,0.7541824,0.7357603162527084,0.7649153023958206,0.023971211,0.14533333,0.12200000509619713,0.17200001329183578,0.036234926,0.0006666667,0.0,0.0,0.0023094013,0.14919041,0.13945503532886505,0.15467214956879616,0.013373111,0.65624964,0.6574996337294579,0.7499995827674866,0.16961344,0.602083,0.383749783039093,0.7599995732307434,0.19519743,246400.0,246400.0,246400.0,0.0
77,0.0,0.0,0.0,0.0,1.4166666666666667,1.0,2.0,0.5149286505444373,0.33788157,0.0064659122144803405,0.5780187696218491,0.29381782,0.33973143,0.008772589731961489,0.579762190580368,0.29344434,1.0236213,0.9891679733991623,1.0618119835853577,0.046764765,0.0952167,0.08673909679055214,0.10253056697547436,0.0104329875,0.0952167,0.08673909679055214,0.10253056697547436,0.0104329875,1.0,1.0,1.0,0.0,0.0018498664,0.0014728433743584901,0.002185399702284485,0.0004157529,0.01928992,0.016965767368674278,0.022497098427265882,0.0028730214,-27.044716,-27.77833890914917,-26.388139247894287,0.8951262,2.252012,2.176212966442108,2.33603298664093,0.10288455,0.7506707,0.7254043519496918,0.7786776721477509,0.034294855,0.15466668,0.13600000739097595,0.17800001427531242,0.033654213,0.0006666667,0.0,0.0,0.0023094013,0.15772775,0.1413366049528122,0.17150144651532173,0.022160994,0.602083,0.383749783039093,0.7599995732307434,0.19519743,0.612083,0.39374977350234985,0.7699995636940002,0.19519743,249600.0,249600.0,249600.0,0.0
78,0.25,0.0,0.25,0.45226702,1.6666666666666667,1.0,2.0,0.4923659639173309,0.33973143,0.008772589731961489,0.579762190580368,0.29344434,0.19653201,0.00500047707464546,0.5712604820728302,0.28041074,1.0314708,1.0212668478488922,1.0520290434360504,0.043378927,0.09345754,0.08875140734016895,0.09522108174860477,0.010066337,0.09345754,0.08875140734016895,0.09522108174860477,0.010066337,1.0,1.0,1.0,0.0,0.0018005847,0.0015209643170237541,0.0020744778448715806,0.00040466155,0.019145787,0.016839001327753067,0.022329000756144524,0.002851554,-27.484583,-27.89903974533081,-27.175757884979248,0.81138,2.2692811,2.246831953525543,2.31451016664505,0.09543555,0.75642705,0.7489439845085144,0.7715034037828445,0.031811856,0.14166667,0.11999999731779099,0.16249999776482582,0.030401357,0.0008333333,0.0,0.0,0.0028867512,0.14788376,0.14138875529170036,0.1566319540143013,0.012627679,0.612083,0.39374977350234985,0.7699995636940002,0.19519743,0.523333,0.39249977469444275,0.7799995541572571,0.18971659,252800.0,252800.0,252800.0,0.0
79,0.083333336,0.0,0.0,0.28867513,1.75,1.75,2.0,0.45226701686664544,0.19653201,0.00500047707464546,0.5712604820728302,0.28041074,0.1500131,0.004309491254389286,0.15531813260167837,0.25661424,1.031364,1.0141768008470535,1.0464418828487396,0.04242467,0.08709982,0.08986641094088554,0.09681893326342106,0.028402768,0.09344118,0.08986641094088554,0.09681893326342106,0.009175241,0.9166667,1.0,1.0,0.28867513,0.001814418,0.0015803467249497771,0.0021065521286800504,0.00065127556,0.020443432,0.016713181510567665,0.022350032813847065,0.0027579684,-27.561508,-27.978114128112793,-27.376601696014404,0.8963933,2.269046,2.231233596801758,2.3022181391716003,0.09333611,0.7563488,0.7437445521354675,0.7674060612916946,0.031112043,0.17666668,0.14800000935792923,0.19600000232458115,0.043745823,0.0,0.0,0.0,0.0,0.1607796,0.14583590254187584,0.17087442055344582,0.021535706,0.523333,0.39249977469444275,0.7799995541572571,0.18971659,0.49999973,0.39499977231025696,0.5124996975064278,0.17509727,256000.0,256000.0,256000.0,0.0
80,0.083333336,0.0,0.0,0.28867513,1.8333333333333333,2.0,2.0,0.38924947208076144,0.1500131,0.004309491254389286,0.15531813260167837,0.25661424,0.103718616,0.0062761412700638175,0.01648373482748866,0.21989733,1.01102,0.9938865900039673,1.0276641547679901,0.03121384,0.09772265,0.09382889978587627,0.10141822136938572,0.00689489,0.09772265,0.09382889978587627,0.10141822136938572,0.00689489,1.0,1.0,1.0,0.0,0.0020388593,0.0019701599376276135,0.0022228655288927257,0.00033502377,0.02077431,0.020567328203469515,0.022308047860860825,0.0025284777,-26.98262,-27.467957973480225,-26.335442543029785,0.77279395,2.2242882,2.1865941882133484,2.260906219482422,0.06867182,0.7414295,0.7288647443056107,0.7536354213953018,0.022890616,0.16666667,0.1340000070631504,0.18400001525878906,0.038113073,0.0,0.0,0.0,0.0,0.15069513,0.13076619058847427,0.16627877578139305,0.022986716,0.49999973,0.39499977231025696,0.5124996975064278,0.17509727,0.47624972,0.4049997627735138,0.42624974250793457,0.15156935,259200.0,259200.0,259200.0,0.0
81,0.0,0.0,0.0,0.0,1.8333333333333333,2.0,2.0,0.38924947208076144,0.103718616,0.0062761412700638175,0.01648373482748866,0.21989733,0.10572042,0.008279138943180442,0.01876140758395195,0.21963857,1.0252095,1.003122627735138,1.0471114814281464,0.030542586,0.09457656,0.08972450159490108,0.09928422048687935,0.006740888,0.09457656,0.08972450159490108,0.09928422048687935,0.006740888,1.0,1.0,1.0,0.0,0.0020018013,0.0019789485377259552,0.0021798081579618156,0.00028613434,0.021106059,0.02179131330922246,0.022141365334391594,0.002174716,-27.323896,-27.68992280960083,-27.068376541137695,0.62008065,2.2555063,2.2069138884544373,2.303691267967224,0.06719501,0.7518354,0.7356379926204681,0.7678970992565155,0.022398334,0.15733334,0.1420000083744526,0.1640000119805336,0.03330666,0.0,0.0,0.0,0.0,0.1532905,0.14613163843750954,0.1516379676759243,0.016890489,0.47624972,0.4049997627735138,0.42624974250793457,0.15156935,0.48624972,0.41499975323677063,0.4362497329711914,0.15156935,262400.0,262400.0,262400.0,0.0
82,0.0,0.0,0.0,0.0,1.8333333333333333,2.0,2.0,0.38924947208076144,0.10572042,0.008279138943180442,0.01876140758395195,0.21963857,0.10778165,0.01019722898490727,0.021103868260979652,0.21929832,1.0128744,0.9803192466497421,1.046347588300705,0.051722586,0.09769321,0.09001513756811619,0.1046359483152628,0.0111158695,0.09769321,0.09001513756811619,0.1046359483152628,0.0111158695,1.0,1.0,1.0,0.0,0.0020612339,0.0019665116269607097,0.0023061995743773878,0.0003838284,0.020948358,0.021628488786518574,0.0219759251922369,0.0021584665,-27.183874,-27.761173248291016,-26.497070789337158,0.94817775,2.228368,2.1567453742027283,2.302010655403137,0.113791935,0.74278945,0.7189151346683502,0.7673369199037552,0.037930656,0.15200001,0.12000000476837158,0.17800001427531242,0.038442403,0.0,0.0,0.0,0.0,0.15786214,0.1490699164569378,0.16774005815386772,0.01410817,0.48624972,0.41499975323677063,0.4362497329711914,0.15156935,0.4962497,0.42499974370002747,0.44624972343444824,0.15156935,265600.0,265600.0,265600.0,0.0
83,0.0,0.0,0.0,0.0,1.8333333333333333,2.0,2.0,0.38924947208076144,0.10778165,0.01019722898490727,0.021103868260979652,0.21929832,0.10983905,0.012346253031864762,0.023325359914451838,0.21907572,1.0057355,0.9881052076816559,1.034975379705429,0.030426929,0.09891119,0.0922626182436943,0.10280569642782211,0.006972361,0.09891119,0.0922626182436943,0.10280569642782211,0.006972361,1.0,1.0,1.0,0.0,0.0020574015,0.0019787210621871054,0.0022252522758208215,0.00026422617,0.020791834,0.021466883830726147,0.021811723709106445,0.0021423374,-26.717825,-27.03562355041504,-26.249197959899902,0.48574996,2.2126622,2.1738749146461487,2.2769911885261536,0.06694054,0.7375541,0.7246250063180923,0.7589970827102661,0.022313511,0.17933333,0.15400001034140587,0.21000000461935997,0.04239497,0.0006666667,0.0,0.0,0.0023094013,0.14447537,0.13776415213942528,0.14931054785847664,0.010326705,0.4962497,0.42499974370002747,0.44624972343444824,0.15156935,0.5062497,0.4349997341632843,0.4562497138977051,0.15156935,268800.0,268800.0,268800.0,0.0
84,0.0,0.0,0.0,0.0,1.8333333333333333,2.0,2.0,0.38924947208076144,0.10983905,0.012346253031864762,0.023325359914451838,0.21907572,0.11193483,0.014756449731066823,0.02548131439834833,0.21878533,0.9973367,0.9717469215393066,1.027967482805252,0.04538496,0.101124465,0.09376486763358116,0.10672204196453094,0.010725254,0.101124465,0.09376486763358116,0.10672204196453094,0.010725254,1.0,1.0,1.0,0.0,0.002095768,0.0019606768619269133,0.0023116471711546183,0.00035971584,0.020636477,0.021306481678038836,0.021648745983839035,0.0021263307,-26.652758,-27.149492263793945,-26.219990730285645,0.93140525,2.1941845,2.1378859281539917,2.261573553085327,0.099848896,0.7313948,0.7126286774873734,0.7538578659296036,0.033282965,0.17466669,0.15800001099705696,0.19600000232458115,0.034591995,0.0,0.0,0.0,0.0,0.15005459,0.1362430565059185,0.1636127233505249,0.02213614,0.5062497,0.4349997341632843,0.4562497138977051,0.15156935,0.5162497,0.44499972462654114,0.4662497043609619,0.15156935,272000.0,272000.0,272000.0,0.0
85,0.083333336,0.0,0.0,0.28867513,1.9166666666666667,2.0,2.0,0.28867513459481287,0.11193483,0.014756449731066823,0.02548131439834833,0.21878533,0.06559979,0.01651844009757042,0.025618421845138073,0.16230968,1.0136229,0.9952505975961685,1.035297304391861,0.03342375,0.09717796,0.0922092366963625,0.10109958983957767,0.007594602,0.09717796,0.0922092366963625,0.10109958983957767,0.007594602,1.0,1.0,1.0,0.0,0.0019982997,0.0019889782706741244,0.002148071303963661,0.00030465872,0.020482283,0.021147282794117928,0.02148699015378952,0.002110443,-27.275566,-27.72003698348999,-26.9346923828125,0.73671025,2.2300148,2.1895949840545654,2.2776995301246643,0.07353371,0.7433383,0.7298649996519089,0.7592331916093826,0.02451124,0.14466667,0.12600000575184822,0.1640000119805336,0.029037075,0.0006666667,0.0,0.0,0.0023094013,0.15223615,0.14413319900631905,0.15830986946821213,0.012742814,0.5162497,0.44499972462654114,0.4662497043609619,0.15156935,0.49041638,0.45374971628189087,0.47124969959259033,0.114325196,275200.0,275200.0,275200.0,0.0
86,0.083333336,0.0,0.0,0.28867513,2.0,2.0,2.0,0.0,0.06559979,0.01651844009757042,0.025618421845138073,0.16230968,0.019275539,0.016983737470582128,0.024757726583629847,0.008908276,1.016704,0.9884226024150848,1.0335690081119537,0.034098007,0.09649598,0.0925825946033001,0.10270250402390957,0.007451984,0.09649598,0.0925825946033001,0.10270250402390957,0.007451984,1.0,1.0,1.0,0.0,0.002009079,0.001922010094858706,0.002161701791919768,0.00020974617,0.020832181,0.02106812782585621,0.021346469409763813,0.0015865238,-27.402475,-27.76236915588379,-26.810081481933594,0.6443919,2.2367933,2.1745731234550476,2.273897171020508,0.07501711,0.7455978,0.7248577177524567,0.7579657286405563,0.025005696,0.15733334,0.13600000739097595,0.17800001427531242,0.029607534,0.0,0.0,0.0,0.0,0.15441509,0.14552480354905128,0.15965314209461212,0.014136431,0.49041638,0.45374971628189087,0.47124969959259033,0.114325196,0.46416637,0.4587497115135193,0.47624969482421875,0.019981032,278400.0,278400.0,278400.0,0.0
87,0.0,0.0,0.0,0.0,2.0,2.0,2.0,0.0,0.019275539,0.016983737470582128,0.024757726583629847,0.008908276,0.02121112,0.018946813885122538,0.026706102769821882,0.008925575,1.0107936,0.9831726551055908,1.029374212026596,0.04180772,0.09139394,0.09346321411430836,0.10395420715212822,0.02961403,0.097954124,0.09346321411430836,0.10395420715212822,0.009235234,0.9166667,1.0,1.0,0.28867513,0.0019355812,0.001994660182390362,0.0021759552182629704,0.0006261794,0.021182513,0.02098927041515708,0.02126656984910369,0.00031928672,-26.845694,-27.298518657684326,-26.418593406677246,0.69315684,2.2237904,2.163023054599762,2.2646684646606445,0.09197881,0.74126345,0.7210077196359634,0.7548895180225372,0.030659607,0.15333334,0.1340000070631504,0.1680000089108944,0.031233236,0.0,0.0,0.0,0.0,0.15896623,0.1464228816330433,0.1724843531847,0.017449765,0.46416637,0.4587497115135193,0.47624969482421875,0.019981032,0.47416636,0.4687497019767761,0.4862496852874756,0.019981032,281600.0,281600.0,281600.0,0.0
88,0.0,0.0,0.0,0.0,2.0,2.0,2.0,0.0,0.02121112,0.018946813885122538,0.026706102769821882,0.008925575,0.023272507,0.020874132867902517,0.028700034134089947,0.0089663835,1.009878,0.9826163053512573,1.0417931973934174,0.03771404,0.098089494,0.09082888625562191,0.10411037690937519,0.008512581,0.098089494,0.09082888625562191,0.10411037690937519,0.008512581,1.0,1.0,1.0,0.0,0.0020613866,0.0019072428694926202,0.0021914290846325457,0.00016976199,0.021024236,0.02083243941888213,0.021107668057084084,0.00031690073,-27.01651,-27.294929027557373,-26.719276905059814,0.69360745,2.2217758,2.1617990136146545,2.2919906973838806,0.08297253,0.740592,0.7205996811389923,0.7639969289302826,0.027657501,0.15133335,0.14400000870227814,0.16200001165270805,0.045697294,0.0,0.0,0.0,0.0,0.15699191,0.15097353607416153,0.15988117083907127,0.011858275,0.47416636,0.4687497019767761,0.4862496852874756,0.019981032,0.48416638,0.47874969244003296,0.4962496757507324,0.01998104,284800.0,284800.0,284800.0,0.0
89,0.0,0.0,0.0,0.0,2.0,2.0,2.0,0.0,0.023272507,0.020874132867902517,0.028700034134089947,0.0089663835,0.02528155,0.023025426547974348,0.030679738149046898,0.009019217,1.0171597,0.9918645322322845,1.0305041372776031,0.030167015,0.09633482,0.09321742504835129,0.10189235024154186,0.006512652,0.09633482,0.09321742504835129,0.10189235024154186,0.006512652,1.0,1.0,1.0,0.0,0.0020090442,0.0019238688691984862,0.0020956918597221375,0.000120663884,0.020867145,0.02067678328603506,0.020949952770024538,0.0003145331,-27.114775,-27.516799449920654,-26.75958824157715,0.60267633,2.237796,2.1821455359458923,2.267154335975647,0.06636871,0.74593204,0.7273818701505661,0.7557181119918823,0.022122893,0.16333334,0.1420000083744526,0.18000001087784767,0.035030723,0.0,0.0,0.0,0.0,0.16384034,0.1457742042839527,0.17966201528906822,0.019430244,0.48416638,0.47874969244003296,0.4962496757507324,0.01998104,0.49416637,0.4887496829032898,0.5062496960163116,0.019981043,288000.0,288000.0,288000.0,0.0
90,0.0,0.0,0.0,0.0,2.0,2.0,2.0,0.0,0.02528155,0.023025426547974348,0.030679738149046898,0.009019217,0.027344791,0.025053614750504494,0.0326116718351841,0.008934248,1.0023371,0.9874174296855927,1.0185737907886505,0.022407653,0.09958432,0.09581366181373596,0.10294794104993343,0.005113885,0.09958432,0.09581366181373596,0.10294794104993343,0.005113885,1.0,1.0,1.0,0.0,0.0020632383,0.001969643752090633,0.002175465226173401,0.00012436834,0.020711226,0.0205222861841321,0.02079341607168317,0.00031218232,-26.947641,-27.29450559616089,-26.863951683044434,0.5948192,2.2051857,2.172361671924591,2.2409070134162903,0.049297836,0.73506194,0.7241205722093582,0.7469690144062042,0.016432617,0.18266667,0.15800001099705696,0.20200000330805779,0.033219196,0.0006666667,0.0,0.0,0.0023094013,0.15053497,0.13703572005033493,0.15810663253068924,0.019911945,0.49416637,0.4887496829032898,0.5062496960163116,0.019981043,0.50416636,0.49874967336654663,0.5162496864795685,0.019981043,291200.0,291200.0,291200.0,0.0
91,0.0,0.0,0.0,0.0,2.0,2.0,2.0,0.0,0.027344791,0.025053614750504494,0.0326116718351841,0.008934248,0.029366368,0.026894218288362026,0.03453500475734472,0.008943601,1.007996,0.9801702946424484,1.02675461769104,0.028142633,0.098363854,0.0940256267786026,0.10467196442186832,0.0063280854,0.098363854,0.0940256267786026,0.10467196442186832,0.0063280854,1.0,1.0,1.0,0.0,0.0020215781,0.0019316529505886137,0.0021278177737258375,0.00012596477,0.020556474,0.020368942990899086,0.020638049580156803,0.0003098503,-26.797045,-27.114779949188232,-26.487022876739502,0.50771123,2.2176354,2.156417667865753,2.258905291557312,0.061915025,0.73921186,0.7188059091567993,0.752968430519104,0.020638335,0.14833333,0.11749999783933163,0.17500000074505806,0.043658454,0.0,0.0,0.0,0.0,0.15310764,0.14206502586603165,0.16032519564032555,0.017751126,0.50416636,0.49874967336654663,0.5162496864795685,0.019981043,0.51416636,0.5087496936321259,0.5262496769428253,0.019981043,294400.0,294400.0,294400.0,0.0
92,0.0,0.0,0.0,0.0,2.0,2.0,2.0,0.0,0.029366368,0.026894218288362026,0.03453500475734472,0.008943601,0.031381395,0.02882544184103608,0.03659647051244974,0.008989371,1.0064479,0.9840302616357803,1.0203124284744263,0.034619216,0.098810755,0.0954438392072916,0.1037457026541233,0.0077643767,0.098810755,0.0954438392072916,0.1037457026541233,0.0077643767,1.0,1.0,1.0,0.0,0.0020150251,0.0019352133094798774,0.002101096499245614,0.00014761327,0.020402877,0.020216749981045723,0.02048384305089712,0.00030753494,-26.708906,-26.886502742767334,-26.547669887542725,0.6792568,2.2142296,2.164909780025482,2.2447322010993958,0.07616378,0.7380765,0.7216366082429886,0.7482440918684006,0.02538793,0.15866667,0.1340000070631504,0.17600001394748688,0.034423392,0.0,0.0,0.0,0.0,0.14600717,0.135490033775568,0.15778199583292007,0.017817868,0.51416636,0.5087496936321259,0.5262496769428253,0.019981043,0.52416635,0.5187496840953827,0.5362496674060822,0.019981043,297600.0,297600.0,297600.0,0.0
93,0.0,0.0,0.0,0.0,2.0,2.0,2.0,0.0,0.031381395,0.02882544184103608,0.03659647051244974,0.008989371,0.033305682,0.03069003066048026,0.038590033538639545,0.009003431,1.0227126,1.0072429776191711,1.042779117822647,0.025501512,0.095054,0.09061997942626476,0.09835172817111015,0.0055424976,0.095054,0.09061997942626476,0.09835172817111015,0.0055424976,1.0,1.0,1.0,0.0,0.001924289,0.001836932438891381,0.0019961862708441913,0.00010405874,0.020250427,0.020065688528120518,0.02033078856766224,0.0003052369,-27.25678,-27.487374305725098,-27.19488000869751,0.5625398,2.2500126,2.2159788012504578,2.2941598892211914,0.056104437,0.75000423,0.7386596202850342,0.7647199779748917,0.018701477,0.14133334,0.12000000476837158,0.1600000113248825,0.02582928,0.0,0.0,0.0,0.0,0.14596955,0.13363413512706757,0.15951278433203697,0.018456,0.52416635,0.5187496840953827,0.5362496674060822,0.019981043,0.53416634,0.5287496745586395,0.546249657869339,0.019981043,300800.0,300800.0,300800.0,0.0
94,0.0,0.0,0.0,0.0,2.0,2.0,2.0,0.0,0.033305682,0.03069003066048026,0.038590033538639545,0.009003431,0.035282392,0.03250415902584791,0.040550392121076584,0.009071119,1.0085891,0.9878560155630112,1.029375672340393,0.039337777,0.098410666,0.09345990233123302,0.10283591412007809,0.00890926,0.098410666,0.09345990233123302,0.10283591412007809,0.00890926,1.0,1.0,1.0,0.0,0.0019767093,0.0018823897116817534,0.002069306676276028,0.0001659472,0.020099118,0.019915760960429907,0.02017887867987156,0.0003029566,-26.918997,-27.637928009033203,-26.210793018341064,0.8779121,2.2189403,2.17332661151886,2.2646716237068176,0.08654485,0.73964673,0.7244422137737274,0.7548905611038208,0.028848281,0.17133333,0.1420000083744526,0.20200000330805779,0.034864236,0.0006666667,0.0,0.0,0.0023094013,0.15276809,0.14324138313531876,0.1696486696600914,0.016592138,0.53416634,0.5287496745586395,0.546249657869339,0.019981043,0.5441663,0.5387496650218964,0.5562496483325958,0.019981032,304000.0,304000.0,304000.0,0.0
95,0.0,0.0,0.0,0.0,2.0,2.0,2.0,0.0,0.035282392,0.03250415902584791,0.040550392121076584,0.009071119,0.037230346,0.03457561135292053,0.04255655687302351,0.009024995,1.0116893,0.9770649522542953,1.041313350200653,0.035643354,0.09764331,0.09092600457370281,0.10542341321706772,0.007935089,0.09764331,0.09092600457370281,0.10542341321706772,0.007935089,1.0,1.0,1.0,0.0,0.001947954,0.0018144272617064416,0.0020971422200091183,0.00016107889,0.019948939,0.01976695191115141,0.020028102211654186,0.0003006925,-26.878061,-27.38399028778076,-26.190118312835693,0.8052203,2.2257607,2.1495858430862427,2.2909350991249084,0.07841696,0.74192023,0.7165286540985107,0.7636450380086899,0.026138982,0.172,0.15600001066923141,0.1940000019967556,0.031171082,0.0,0.0,0.0,0.0,0.14971243,0.14256718009710312,0.16123437136411667,0.010870363,0.5441663,0.5387496650218964,0.5562496483325958,0.019981032,0.5541663,0.5487496554851532,0.5662496387958527,0.019981032,307200.0,307200.0,307200.0,0.0
96,0.0,0.0,0.0,0.0,2.0,2.0,2.0,0.0,0.037230346,0.03457561135292053,0.04255655687302351,0.009024995,0.039167225,0.03642251621931791,0.04459287133067846,0.009040863,1.010043,0.9880411028862,1.0274004936218262,0.024096733,0.097851716,0.09388572908937931,0.10279329307377338,0.0054127374,0.097851716,0.09388572908937931,0.10279329307377338,0.0054127374,1.0,1.0,1.0,0.0,0.0019368787,0.0018506650812923908,0.002011347678489983,9.915561e-05,0.019799883,0.019619253929704428,0.019878454972058535,0.0002984452,-26.992495,-27.56002140045166,-26.5828800201416,0.62341124,2.2221391,2.1737338304519653,2.2603261470794678,0.05301388,0.74071306,0.7245779633522034,0.7534420788288116,0.01767129,0.14933334,0.12800000607967377,0.16200001165270805,0.030764012,0.0,0.0,0.0,0.0,0.14698674,0.12918781861662865,0.15855718404054642,0.018188108,0.5541663,0.5487496554851532,0.5662496387958527,0.019981032,0.5641663,0.55874964594841,0.5762496292591095,0.019981032,310400.0,310400.0,310400.0,0.0
97,0.0,0.0,0.0,0.0,2.0,2.0,2.0,0.0,0.039167225,0.03642251621931791,0.04459287133067846,0.009040863,0.041032214,0.03827811684459448,0.04652136005461216,0.009036512,1.0234889,1.0090946555137634,1.0457047820091248,0.028017897,0.094916485,0.09001127444207668,0.0979323759675026,0.006149562,0.094916485,0.09001127444207668,0.0979323759675026,0.006149562,1.0,1.0,1.0,0.0,0.0018649893,0.0017725969955790788,0.0019386460189707577,0.000118866665,0.019651938,0.019472661428153515,0.019729924388229847,0.0002962159,-27.243286,-27.77033042907715,-26.827934741973877,0.69054717,2.2517204,2.220052659511566,2.3005964756011963,0.061640587,0.75057346,0.7400175631046295,0.7668654918670654,0.020546857,0.142,0.12400000542402267,0.1640000119805336,0.036759663,0.0,0.0,0.0,0.0,0.1572427,0.14799384027719498,0.1647249199450016,0.0127393585,0.5641663,0.55874964594841,0.5762496292591095,0.019981032,0.5741663,0.5687496364116669,0.5862496197223663,0.019981032,313600.0,313600.0,313600.0,0.0
98,0.0,0.0,0.0,0.0,2.0,2.0,2.0,0.0,0.041032214,0.03827811684459448,0.04652136005461216,0.009036512,0.042963713,0.040201340802013874,0.04847224336117506,0.009020732,1.0046238,0.9908745288848877,1.0151739418506622,0.019836077,0.09903427,0.09656649269163609,0.10212346725165844,0.0044264174,0.09903427,0.09656649269163609,0.10212346725165844,0.0044264174,1.0,1.0,1.0,0.0,0.0019314996,0.0018790096801239997,0.001965619041584432,8.7524764e-05,0.0195051,0.0193271622993052,0.019582503009587526,0.0002940017,-26.95188,-27.3016676902771,-26.618929386138916,0.6743888,2.2102163,2.179967522621155,2.2334272265434265,0.043640215,0.73673886,0.7266558408737183,0.744475781917572,0.014546746,0.16866668,0.15200001001358032,0.18800001218914986,0.035030723,0.0,0.0,0.0,0.0,0.15357746,0.14675333723425865,0.16760588809847832,0.016470995,0.5741663,0.5687496364116669,0.5862496197223663,0.019981032,0.5841663,0.5787496268749237,0.5962496101856232,0.019981032,316800.0,316800.0,316800.0,0.0
99,0.0,0.0,0.0,0.0,2.0,2.0,2.0,0.0,0.042963713,0.040201340802013874,0.04847224336117506,0.009020732,0.044803318,0.04207833670079708,0.050284018740057945,0.008947691,1.0242081,1.0005092769861221,1.050455242395401,0.04214131,0.09499078,0.08905224688351154,0.09989948943257332,0.009342108,0.09499078,0.08905224688351154,0.09989948943257332,0.009342108,1.0,1.0,1.0,0.0,0.0018396034,0.001714299141895026,0.0019155637419316918,0.00019234516,0.01935936,0.019182751420885324,0.019436185248196125,0.00029180566,-27.14857,-27.875091552734375,-26.309340953826904,0.91762877,2.2533028,2.201164424419403,2.3110477328300476,0.09271272,0.75110096,0.7337214797735214,0.7703492492437363,0.030904239,0.15866667,0.12800000607967377,0.18400001525878906,0.030858427,0.0,0.0,0.0,0.0,0.15653513,0.14393660053610802,0.16369766369462013,0.01703074,0.5841663,0.5787496268749237,0.5962496101856232,0.019981032,0.5941663,0.5887496173381805,0.60624960064888,0.019981032,320000.0,320000.0,320000.0,0.0
100,0.0,0.0,0.0,0.0,2.0,2.0,2.0,0.0,0.044803318,0.04207833670079708,0.050284018740057945,0.008947691,0.046730876,0.04408591520041227,0.052303506061434746,0.009009352,0.9993481,0.9757956713438034,1.0146938860416412,0.031187683,0.10038342,0.0966735240072012,0.10573535412549973,0.007038283,0.10038342,0.0966735240072012,0.10573535412549973,0.007038283,1.0,1.0,1.0,0.0,0.001927558,0.0018524018523748964,0.0020263458136469126,0.000118556185,0.019214706,0.01903941761702299,0.019290957134217024,0.00028962558,-26.751663,-27.122742176055908,-26.183072090148926,0.85238385,2.1986096,2.1467933654785156,2.232371151447296,0.06861426,0.73286986,0.7155978232622147,0.7441237568855286,0.022871416,0.17533334,0.13600000739097595,0.20800000429153442,0.036812384,0.0,0.0,0.0,0.0,0.14984114,0.13604552671313286,0.15691718459129333,0.022002954,0.5941663,0.5887496173381805,0.60624960064888,0.019981032,0.60416627,0.5987496078014374,0.6162495911121368,0.019981032,323200.0,323200.0,323200.0,0.0
101,0.0,0.0,0.0,0.0,2.0,2.0,2.0,0.0,0.046730876,0.04408591520041227,0.052303506061434746,0.009009352,0.04859486,0.046069915406405926,0.05421250872313976,0.009098839,1.0114719,0.9787236899137497,1.0365595519542694,0.04288167,0.09782463,0.09196282923221588,0.10502858087420464,0.0095116785,0.09782463,0.09196282923221588,0.10502858087420464,0.0095116785,1.0,1.0,1.0,0.0,0.0018639803,0.0017601831932552159,0.002012778539210558,0.00016546114,0.019071136,0.018897156696766615,0.019146818201988935,0.00028746124,-27.16269,-27.532630443572998,-26.698071002960205,0.69230986,2.2252827,2.153235137462616,2.2804765701293945,0.09434156,0.7417609,0.7177450805902481,0.7601588815450668,0.031447195,0.17333335,0.15200001001358032,0.18800001218914986,0.031695522,0.0,0.0,0.0,0.0,0.16329145,0.14479618147015572,0.18182002753019333,0.02148679,0.60416627,0.5987496078014374,0.6162495911121368,0.019981032,0.61416626,0.6087495982646942,0.6262495815753937,0.019981032,326400.0,326400.0,326400.0,0.0
102,0.0,0.0,0.0,0.0,2.0,2.0,2.0,0.0,0.04859486,0.046069915406405926,0.05421250872313976,0.009098839,0.05046886,0.047730219550430775,0.05619931127876043,0.009093992,1.005105,0.9896005839109421,1.016704499721527,0.028158348,0.099019475,0.09622757323086262,0.1024241279810667,0.006298249,0.099019475,0.09622757323086262,0.1024241279810667,0.006298249,1.0,1.0,1.0,0.0,0.0018740013,0.0018144756031688303,0.0019563910900615156,0.0001173204,0.018928638,0.018755958881229162,0.019003753550350666,0.00028531387,-27.017569,-27.394804000854492,-26.430351734161377,0.8488767,2.2112753,2.1771647930145264,2.236794590950012,0.061949637,0.7370918,0.7257215976715088,0.7455981969833374,0.02064988,0.16933334,0.15000000968575478,0.19200000166893005,0.02525986,0.0006666667,0.0,0.0,0.0023094013,0.15611617,0.1457945518195629,0.16534984484314919,0.014117979,0.61416626,0.6087495982646942,0.6262495815753937,0.019981032,0.62416625,0.618749588727951,0.6362495720386505,0.019981032,329600.0,329600.0,329600.0,0.0
103,0.0,0.0,0.0,0.0,2.0,2.0,2.0,0.0,0.05046886,0.047730219550430775,0.05619931127876043,0.009093992,0.052253287,0.04955150932073593,0.05806087329983711,0.009098477,1.023034,1.0048340111970901,1.0414246320724487,0.02679362,0.09499981,0.09090240858495235,0.09889615140855312,0.005852393,0.09499981,0.09090240858495235,0.09889615140855312,0.005852393,1.0,1.0,1.0,0.0,0.0017844298,0.00172739994013682,0.0018542735488153994,0.00010665659,0.018787203,0.0186158143915236,0.018861758057028055,0.00028318167,-27.131233,-27.386175632476807,-26.683236598968506,0.71323663,2.2507198,2.2106789350509644,2.2911799550056458,0.058947142,0.7502399,0.7368929982185364,0.763726681470871,0.019649046,0.15533334,0.1340000070631504,0.17200001329183578,0.03728352,0.0006666667,0.0,0.0,0.0023094013,0.1536653,0.1439303644001484,0.16135963052511215,0.014907375,0.62416625,0.618749588727951,0.6362495720386505,0.019981032,0.63416624,0.6287495791912079,0.6462495625019073,0.019981032,332800.0,332800.0,332800.0,0.0
104,0.0,0.0,0.0,0.0,2.0,2.0,2.0,0.0,0.052253287,0.04955150932073593,0.05806087329983711,0.009098477,0.053896043,0.051264792680740356,0.05996281746774912,0.009460098,1.0240377,0.9923324137926102,1.045702040195465,0.039044973,0.08837951,0.09002204611897469,0.10178197920322418,0.02863759,0.09496295,0.09002204611897469,0.10178197920322418,0.0084107155,0.9166667,1.0,1.0,0.28867513,0.0016427605,0.0016778985154815018,0.0018749507726170123,0.0005298725,0.018646827,0.018476718105375767,0.018720824737101793,0.00028106602,-26.979216,-27.570269107818604,-26.309125423431396,0.8352681,2.252928,2.1831748485565186,2.300590395927429,0.08590067,0.750976,0.7277249842882156,0.7668634653091431,0.028633557,0.15416665,0.1424999926239252,0.17500000074505806,0.030587679,0.0,0.0,0.0,0.0,0.15710567,0.140419851988554,0.1687597818672657,0.025807606,0.63416624,0.6287495791912079,0.6462495625019073,0.019981032,0.64416623,0.6387495696544647,0.6562495529651642,0.019981032,336000.0,336000.0,336000.0,0.0
105,0.0,0.0,0.0,0.0,2.0,2.0,2.0,0.0,0.053896043,0.051264792680740356,0.05996281746774912,0.009460098,0.05571675,0.052979860454797745,0.061687334440648556,0.009445299,1.0082057,0.9900117218494415,1.0305442810058594,0.032874327,0.09839111,0.09320907853543758,0.10239137336611748,0.007653137,0.09839111,0.09320907853543758,0.10239137336611748,0.007653137,1.0,1.0,1.0,0.0,0.0018207036,0.001719612191664055,0.0019079858320765197,0.00013988552,0.0185075,0.018338662572205067,0.018580942880362272,0.00027896528,-26.934626,-27.26445484161377,-26.606350421905518,0.7353625,2.2180967,2.178069233894348,2.267242670059204,0.07232498,0.7393656,0.7260230928659439,0.7557475566864014,0.024108326,0.17000002,0.14800000935792923,0.18200001120567322,0.03480857,0.0,0.0,0.0,0.0,0.15117803,0.14337171614170074,0.15881431475281715,0.01810723,0.64416623,0.6387495696544647,0.6562495529651642,0.019981032,0.6541662,0.6487495601177216,0.666249543428421,0.019981032,339200.0,339200.0,339200.0,0.0
106,0.0,0.0,0.0,0.0,2.0,2.0,2.0,0.0,0.05571675,0.052979860454797745,0.061687334440648556,0.009445299,0.05756144,0.05487489514052868,0.06369775719940662,0.0094780065,0.9988499,0.9841536581516266,1.0263173282146454,0.028811846,0.100466676,0.09412291273474693,0.10371626727283001,0.0066202944,0.100466676,0.09412291273474693,0.10371626727283001,0.0066202944,1.0,1.0,1.0,0.0,0.0018446852,0.0017371932626701891,0.0019037991005461663,0.000111118665,0.018369213,0.01820163708180189,0.018442108295857906,0.0002768809,-26.860115,-27.10115146636963,-26.50770616531372,0.5568571,2.1975138,2.165181338787079,2.2579432129859924,0.06338732,0.7325046,0.7217271476984024,0.7526477724313736,0.021129107,0.17800002,0.1600000113248825,0.1940000019967556,0.026006991,0.0,0.0,0.0,0.0,0.15457506,0.1457933783531189,0.1585427261888981,0.018938513,0.6541662,0.6487495601177216,0.666249543428421,0.019981032,0.6641662,0.6587495505809784,0.6762495338916779,0.019981032,342400.0,342400.0,342400.0,0.0
107,0.0,0.0,0.0,0.0,2.0,2.0,2.0,0.0,0.05756144,0.05487489514052868,0.06369775719940662,0.0094780065,0.059330586,0.0567075302824378,0.06528143212199211,0.009455424,1.0145231,0.9806462675333023,1.04670649766922,0.03712042,0.0970366,0.089808139950037,0.10455961152911186,0.008335066,0.0970366,0.089808139950037,0.10455961152911186,0.008335066,1.0,1.0,1.0,0.0,0.0017691534,0.001633183186640963,0.0018837525567505509,0.00015358024,0.01823196,0.01806563511490822,0.0183043098077178,0.00027481242,-27.115171,-27.835213661193848,-26.536476612091064,0.86650485,2.2319956,2.157464861869812,2.302800238132477,0.08166656,0.7439986,0.7191549688577652,0.7676001191139221,0.02722219,0.16733335,0.14400000870227814,0.18800001218914986,0.030215388,0.0,0.0,0.0,0.0,0.15647364,0.14618951082229614,0.1703229807317257,0.017911203,0.6641662,0.6587495505809784,0.6762495338916779,0.019981032,0.6741662,0.6687495410442352,0.6862495243549347,0.019981032,345600.0,345600.0,345600.0,0.0
108,0.0,0.0,0.0,0.0,2.0,2.0,2.0,0.0,0.059330586,0.0567075302824378,0.06528143212199211,0.009455424,0.06105281,0.058254159055650234,0.06711501069366932,0.0095013045,1.0225757,0.9950749576091766,1.0465026199817657,0.035662342,0.09523078,0.08984572999179363,0.10117883794009686,0.007915353,0.09523078,0.08984572999179363,0.10117883794009686,0.007915353,1.0,1.0,1.0,0.0,0.0017222231,0.0016194847412407398,0.0018206663080491126,0.00013059693,0.01809573,0.01793064922094345,0.01816754136234522,0.00027275865,-27.195597,-27.544546604156494,-26.859344482421875,0.6869661,2.2497113,2.1892086267471313,2.302351653575897,0.07845871,0.74990386,0.7297362089157104,0.7674505710601807,0.026152909,0.15266667,0.1420000083744526,0.17600001394748688,0.024231214,0.0,0.0,0.0,0.0,0.15197223,0.1441672407090664,0.16393568366765976,0.017213112,0.6741662,0.6687495410442352,0.6862495243549347,0.019981032,0.6841662,0.6787495315074921,0.6962495148181915,0.019981032,348800.0,348800.0,348800.0,0.0
109,0.0,0.0,0.0,0.0,2.0,2.0,2.0,0.0,0.06105281,0.058254159055650234,0.06711501069366932,0.0095013045,0.06277226,0.06006381195038557,0.0688516404479742,0.009462346,1.020415,0.9928061068058014,1.0554737150669098,0.036736324,0.09572186,0.08800883404910564,0.10167346708476543,0.008114412,0.09572186,0.08800883404910564,0.10167346708476543,0.008114412,1.0,1.0,1.0,0.0,0.0017194477,0.001576137525262311,0.0018240306817460805,0.00015092055,0.01796052,0.017796673346310854,0.01803179457783699,0.0002707209,-27.001787,-27.52197551727295,-26.636317253112793,0.7778863,2.2449577,2.1842170357704163,2.322088599205017,0.08082153,0.7483192,0.7280723452568054,0.7740295380353928,0.026940512,0.17000002,0.15200001001358032,0.20000000298023224,0.041094128,0.0006666667,0.0,0.0,0.0023094013,0.15709777,0.14175546169281006,0.1706538423895836,0.019116025,0.6841662,0.6787495315074921,0.6962495148181915,0.019981032,0.6941662,0.6887495219707489,0.7062495052814484,0.019981032,352000.0,352000.0,352000.0,0.0
110,0.0,0.0,0.0,0.0,2.0,2.0,2.0,0.0,0.06277226,0.06006381195038557,0.0688516404479742,0.009462346,0.06454022,0.06170577276498079,0.07070245780050755,0.009428934,1.0046209,0.9854951351881027,1.0187033414840698,0.030903436,0.09917012,0.09579341672360897,0.10340658202767372,0.0069968314,0.09917012,0.09579341672360897,0.10340658202767372,0.0069968314,1.0,1.0,1.0,0.0,0.0017679633,0.0016824452031869441,0.0018398795218672603,0.0001290465,0.01782632,0.01766369678080082,0.01789706200361252,0.00026869844,-26.99898,-27.621767044067383,-26.1982741355896,0.8885093,2.21021,2.1681326031684875,2.241192042827606,0.06798893,0.7367367,0.7227108776569366,0.7470640242099762,0.022662982,0.15933333,0.12000000476837158,0.1940000019967556,0.038662486,0.0,0.0,0.0,0.0,0.1531869,0.1403069980442524,0.16379938647150993,0.019064875,0.6941662,0.6887495219707489,0.7062495052814484,0.019981032,0.7041662,0.6987495124340057,0.7162494957447052,0.019981032,355200.0,355200.0,355200.0,0.0
111,0.0,0.0,0.0,0.0,2.0,2.0,2.0,0.0,0.06454022,0.06170577276498079,0.07070245780050755,0.009428934,0.06625286,0.06339896842837334,0.07236907258629799,0.009407321,1.0149447,1.0054834485054016,1.0391713678836823,0.02760501,0.0967992,0.09137527272105217,0.0987476222217083,0.006296129,0.0967992,0.09137527272105217,0.0987476222217083,0.006296129,1.0,1.0,1.0,0.0,0.0017126343,0.0016447618836537004,0.0017593320517335087,0.00011281235,0.017693123,0.017531714402139187,0.017763336654752493,0.00026669065,-26.945845,-27.370225429534912,-26.632980346679688,0.5707367,2.2329228,2.2121077179908752,2.2862226963043213,0.060732257,0.7443077,0.7373692393302917,0.7620742470026016,0.02024409,0.15466668,0.12000000476837158,0.20000000298023224,0.044910684,0.0,0.0,0.0,0.0,0.15012176,0.14214792847633362,0.15484480187296867,0.012291193,0.7041662,0.6987495124340057,0.7162494957447052,0.019981032,0.71416616,0.7087495028972626,0.726249486207962,0.019981032,358400.0,358400.0,358400.0,0.0
112,0.0,0.0,0.0,0.0,2.0,2.0,2.0,0.0,0.06625286,0.06339896842837334,0.07236907258629799,0.009407321,0.067935735,0.06495390087366104,0.0740739144384861,0.00936843,1.0192744,1.0019454061985016,1.0398533642292023,0.026389668,0.095819026,0.09123467840254307,0.09955328144133091,0.0057188235,0.095819026,0.09123467840254307,0.09955328144133091,0.0057188235,1.0,1.0,1.0,0.0,0.0016828772,0.0015997575246728957,0.001733194279950112,0.00010788309,0.017560922,0.017400719691067934,0.01763060875236988,0.00026469745,-27.363535,-28.02513027191162,-26.81240463256836,1.0393459,2.242448,2.2043240070343018,2.287723183631897,0.058058415,0.7474828,0.7347747087478638,0.7625744044780731,0.019352805,0.15133335,0.11800000444054604,0.17600001394748688,0.03435995,0.0,0.0,0.0,0.0,0.15783477,0.1517532356083393,0.15924986079335213,0.013186787,0.71416616,0.7087495028972626,0.726249486207962,0.019981032,0.72416615,0.7187494933605194,0.7362494766712189,0.019981032,361600.0,361600.0,361600.0,0.0
113,0.0,0.0,0.0,0.0,2.0,2.0,2.0,0.0,0.067935735,0.06495390087366104,0.0740739144384861,0.00936843,0.06959555,0.06669418327510357,0.07587307691574097,0.009413424,1.022838,0.9898627698421478,1.0654714107513428,0.042020652,0.09528393,0.08600633591413498,0.10236174613237381,0.009177565,0.09528393,0.08600633591413498,0.10236174613237381,0.009177565,1.0,1.0,1.0,0.0,0.0016598223,0.0015050572983454913,0.001772854127921164,0.00015124922,0.017429708,0.017270703800022602,0.017498874105513096,0.0002627197,-27.191305,-27.827558040618896,-26.808470249176025,0.7441599,2.2502885,2.177741587162018,2.344083845615387,0.092447266,0.75009614,0.7259138822555542,0.781361311674118,0.030815752,0.16133334,0.14000000804662704,0.18000001087784767,0.03796011,0.0,0.0,0.0,0.0,0.15278064,0.14076852798461914,0.1639142483472824,0.015338521,0.72416615,0.7187494933605194,0.7362494766712189,0.019981032,0.73416615,0.7287494838237762,0.7462494671344757,0.019981032,364800.0,364800.0,364800.0,0.0
114,0.0,0.0,0.0,0.0,2.0,2.0,2.0,0.0,0.06959555,0.06669418327510357,0.07587307691574097,0.009413424,0.071326904,0.06838465109467506,0.07785659469664097,0.009428529,1.0009102,0.9863464683294296,1.024449348449707,0.035565518,0.10010612,0.09453998692333698,0.10319526307284832,0.008542466,0.10010612,0.09453998692333698,0.10319526307284832,0.008542466,1.0,1.0,1.0,0.0,0.0017313535,0.0016506928659509867,0.0017732834385242313,0.0001443984,0.017299473,0.017141656018793583,0.017368124332278967,0.00026075717,-26.758696,-27.115379333496094,-26.432015895843506,0.6675917,2.2020464,2.1700055599212646,2.253833532333374,0.0782457,0.73401546,0.7233352065086365,0.7512778490781784,0.026081903,0.16600001,0.1420000083744526,0.19600000232458115,0.03861229,0.0,0.0,0.0,0.0,0.14813356,0.13768301904201508,0.1533573716878891,0.014190936,0.73416615,0.7287494838237762,0.7462494671344757,0.019981032,0.74416614,0.7387494742870331,0.7562494575977325,0.019981032,368000.0,368000.0,368000.0,0.0
115,0.0,0.0,0.0,0.0,2.0,2.0,2.0,0.0,0.071326904,0.06838465109467506,0.07785659469664097,0.009428529,0.072972916,0.07000040076673031,0.07954107224941254,0.009426598,1.0185975,1.0017579644918442,1.0303943753242493,0.018099431,0.09588504,0.09324123151600361,0.09959767572581768,0.004040433,0.09588504,0.09324123151600361,0.09959767572581768,0.004040433,1.0,1.0,1.0,0.0,0.001646013,0.0016094027960207313,0.0017056441865861416,6.433577e-05,0.017170213,0.017013575416058302,0.01723835151642561,0.00025880843,-27.506424,-27.81140661239624,-27.149567127227783,0.45691386,2.2409592,2.203911602497101,2.266912877559662,0.039819524,0.7469864,0.7346372008323669,0.7556376308202744,0.013273177,0.16533335,0.14400000870227814,0.1860000118613243,0.03260043,0.0006666667,0.0,0.0,0.0023094013,0.15407877,0.1448996290564537,0.16236131265759468,0.016278623,0.74416614,0.7387494742870331,0.7562494575977325,0.019981032,0.7541661,0.7487494647502899,0.7662494480609894,0.019981032,371200.0,371200.0,371200.0,0.0
116,0.0,0.0,0.0,0.0,2.0,2.0,2.0,0.0,0.072972916,0.07000040076673031,0.07954107224941254,0.009426598,0.074652314,0.0716641116887331,0.0812908336520195,0.009393688,1.0071024,0.9949065148830414,1.014085739850998,0.026124483,0.09853652,0.09681596793234348,0.10118007473647594,0.005679589,0.09853652,0.09681596793234348,0.10118007473647594,0.005679589,1.0,1.0,1.0,0.0,0.0016793952,0.0016545406833756715,0.0017229605291504413,0.00010149522,0.017041918,0.016886450350284576,0.01710954587906599,0.00025687454,-26.927866,-27.256585121154785,-26.699086666107178,0.5298526,2.2156696,2.1888380646705627,2.231033205986023,0.05747503,0.73855656,0.7296126931905746,0.7436777651309967,0.019158345,0.18333334,0.1600000113248825,0.21000000461935997,0.035851546,0.0,0.0,0.0,0.0,0.15452895,0.1460299864411354,0.16562001407146454,0.014987733,0.7541661,0.7487494647502899,0.7662494480609894,0.019981032,0.7641661,0.7587494552135468,0.7762494385242462,0.019981032,374400.0,374400.0,374400.0,0.0
117,0.0,0.0,0.0,0.0,2.0,2.0,2.0,0.0,0.074652314,0.0716641116887331,0.0812908336520195,0.009393688,0.07629461,0.07323535718023777,0.08286220394074917,0.009408448,1.0135313,0.9910266846418381,1.0367602109909058,0.028652359,0.097124256,0.0918845646083355,0.10208826884627342,0.0063266056,0.097124256,0.0918845646083355,0.10208826884627342,0.0063266056,1.0,1.0,1.0,0.0,0.0016422933,0.0015487408090848476,0.00170928641455248,0.00010141413,0.016914582,0.01676027663052082,0.016981704626232386,0.00025495538,-27.28179,-27.62414264678955,-26.81719398498535,0.69488627,2.2298133,2.1803022027015686,2.2809179425239563,0.06303647,0.7432712,0.7267674058675766,0.7603060007095337,0.021012155,0.16666667,0.14000000059604645,0.17249999940395355,0.043969683,0.0,0.0,0.0,0.0,0.15707906,0.14496412128210068,0.16941234096884727,0.014933308,0.7641661,0.7587494552135468,0.7762494385242462,0.019981032,0.7741661,0.7687494456768036,0.786249428987503,0.019981032,377600.0,377600.0,377600.0,0.0
118,0.0,0.0,0.0,0.0,2.0,2.0,2.0,0.0,0.07629461,0.07323535718023777,0.08286220394074917,0.009408448,0.07794569,0.07481964491307735,0.08465943858027458,0.009463271,1.0089248,0.9842222481966019,1.0329001247882843,0.043569524,0.098412134,0.09280318208038807,0.10370202176272869,0.00965845,0.098412134,0.09280318208038807,0.10370202176272869,0.00965845,1.0,1.0,1.0,0.0,0.001651083,0.0015574501012451947,0.0017428479040972888,0.00015182422,0.016788198,0.01663504447788,0.016854818910360336,0.00025305088,-27.078445,-27.8578462600708,-26.256633281707764,0.95795524,2.2196789,2.1653321981430054,2.272425651550293,0.095854856,0.73989296,0.7217774391174316,0.7574752569198608,0.031951614,0.17066668,0.14000000804662704,0.21000000461935997,0.040839672,0.0006666667,0.0,0.0,0.0023094013,0.15204993,0.1483404077589512,0.1579335406422615,0.0098797465,0.7741661,0.7687494456768036,0.786249428987503,0.019981032,0.7841661,0.7787494361400604,0.7962494194507599,0.019981032,380800.0,380800.0,380800.0,0.0
119,0.0,0.0,0.0,0.0,2.0,2.0,2.0,0.0,0.07794569,0.07481964491307735,0.08465943858027458,0.009463271,0.07956367,0.07640070095658302,0.08636663109064102,0.009477542,1.0131502,0.9964829981327057,1.0320103168487549,0.022088671,0.09713197,0.09289481863379478,0.10081320628523827,0.004905142,0.09713197,0.09289481863379478,0.10081320628523827,0.004905142,1.0,1.0,1.0,0.0,0.0016179811,0.0015733365144114941,0.001684495626250282,7.426441e-05,0.016662756,0.01651074830442667,0.016728879883885384,0.0002511593,-27.139433,-27.414645195007324,-26.85991668701172,0.5561274,2.228975,2.192306399345398,2.27046799659729,0.048596047,0.7429917,0.7307688295841217,0.7568226903676987,0.016198674,0.16133334,0.15000000968575478,0.17800001427531242,0.024794918,0.0,0.0,0.0,0.0,0.14938095,0.136069655418396,0.16492277011275291,0.017454972,0.7841661,0.7787494361400604,0.7962494194507599,0.019981032,0.7941661,0.7887494266033173,0.8062494099140167,0.019981032,384000.0,384000.0,384000.0,0.0
120,0.0,0.0,0.0,0.0,2.0,2.0,2.0,0.0,0.07956367,0.07640070095658302,0.08636663109064102,0.009477542,0.08115914,0.07809577509760857,0.08791633322834969,0.009439406,1.0164629,0.9904998689889908,1.0346867740154266,0.027222225,0.09645391,0.09233130514621735,0.10221157222986221,0.006055827,0.09645391,0.09233130514621735,0.10221157222986221,0.006055827,1.0,1.0,1.0,0.0,0.0015954649,0.00152538251131773,0.001674048398854211,0.00010826909,0.016538253,0.016387382056564093,0.016603884287178516,0.00024928266,-26.992208,-27.34120798110962,-26.59901189804077,0.49925438,2.2362633,2.179143190383911,2.2763563990592957,0.05989008,0.7454211,0.7263810634613037,0.7587854713201523,0.019963363,0.15200001,0.12800000607967377,0.18400001525878906,0.033941127,0.0,0.0,0.0,0.0,0.15007912,0.14200127124786377,0.1605914868414402,0.016044054,0.7941661,0.7887494266033173,0.8062494099140167,0.019981032,0.8041661,0.7987494170665741,0.8162494003772736,0.019981032,387200.0,387200.0,387200.0,0.0
121,0.0,0.0,0.0,0.0,2.0,2.0,2.0,0.0,0.08115914,0.07809577509760857,0.08791633322834969,0.009439406,0.08264161,0.07966580428183079,0.089470773935318,0.009418891,1.0154091,0.9942071884870529,1.0269953310489655,0.035597146,0.09030157,0.09397381916642189,0.10134505107998848,0.028812619,0.09680104,0.09397381916642189,0.10134505107998848,0.0075198705,0.9166667,1.0,1.0,0.28867513,0.0014824743,0.0015357285155914724,0.0016654282226227224,0.00047408562,0.016414681,0.016264936421066523,0.01647981908172369,0.00024741972,-27.172857,-27.416158199310303,-26.888007164001465,0.5061553,2.2339447,2.1872995495796204,2.259434759616852,0.0783153,0.7446482,0.7290998697280884,0.7531449347734451,0.026105095,0.156,0.1420000083744526,0.17000001296401024,0.02904542,0.0006666667,0.0,0.0,0.0023094013,0.15456805,0.13997559249401093,0.1666097640991211,0.018533347,0.8041661,0.7987494170665741,0.8162494003772736,0.019981032,0.81416607,0.8087494075298309,0.8262493908405304,0.019981032,390400.0,390400.0,390400.0,0.0
122,0.0,0.0,0.0,0.0,2.0,2.0,2.0,0.0,0.08264161,0.07966580428183079,0.089470773935318,0.009418891,0.08422347,0.08130082301795483,0.09116330556571484,0.009425352,1.014272,0.9837146103382111,1.0393615365028381,0.0385641,0.0971199,0.09133757278323174,0.10384480841457844,0.00871456,0.0971199,0.09133757278323174,0.10384480841457844,0.00871456,1.0,1.0,1.0,0.0,0.0015818564,0.0014820826763752848,0.001693297439487651,0.00013813889,0.016292032,0.016143406741321087,0.016356684733182192,0.00024557128,-27.198542,-27.702799320220947,-26.826695442199707,0.8788736,2.231443,2.164215326309204,2.2866411209106445,0.08484272,0.7438143,0.7214051187038422,0.7622137367725372,0.02828091,0.14466667,0.12400000542402267,0.18400001525878906,0.039555106,0.0,0.0,0.0,0.0,0.15667002,0.15008961036801338,0.17075856402516365,0.021098169,0.81416607,0.8087494075298309,0.8262493908405304,0.019981032,0.82416606,0.8187493979930878,0.8362493813037872,0.019981032,393600.0,393600.0,393600.0,0.0
123,0.0,0.0,0.0,0.0,2.0,2.0,2.0,0.0,0.08422347,0.08130082301795483,0.09116330556571484,0.009425352,0.085772365,0.08292386494576931,0.09281513653695583,0.009442041,1.0198907,0.9923902153968811,1.0546735227108002,0.035735976,0.09582091,0.0881721954792738,0.10177960805594921,0.007912512,0.09582091,0.0881721954792738,0.10177960805594921,0.007912512,1.0,1.0,1.0,0.0,0.0015488932,0.0014412094606086612,0.0016187463188543916,0.00012268104,0.016170299,0.016022782772779465,0.016234468203037977,0.00024373675,-27.32488,-27.67198657989502,-26.98878288269043,0.83411753,2.2438042,2.1833020448684692,2.3203279972076416,0.07862073,0.74793476,0.7277673482894897,0.7734427005052567,0.026206912,0.148,0.12400000542402267,0.16600001230835915,0.030983867,0.0013333334,0.0,0.0,0.003113996,0.15533602,0.14342857152223587,0.16561419889330864,0.020334968,0.82416606,0.8187493979930878,0.8362493813037872,0.019981032,0.83416605,0.8287493884563446,0.8462493717670441,0.019981032,396800.0,396800.0,396800.0,0.0
124,0.0,0.0,0.0,0.0,2.0,2.0,2.0,0.0,0.085772365,0.08292386494576931,0.09281513653695583,0.009442041,0.08731691,0.08441962860524654,0.09447261318564415,0.009507894,1.0176698,0.9847090244293213,1.048456072807312,0.03536836,0.09630719,0.08944255113601685,0.10358932055532932,0.0079174545,0.09630719,0.08944255113601685,0.10358932055532932,0.0079174545,1.0,1.0,1.0,0.0,0.0015445476,0.0014326502569019794,0.0016442343185190111,0.0001128731,0.016049476,0.015903061721473932,0.016113166697323322,0.00024191514,-27.28067,-27.779251098632812,-26.89481830596924,0.75763375,2.2389183,2.166403114795685,2.3066495060920715,0.07781193,0.7463061,0.7221343815326691,0.7688831984996796,0.025937311,0.17400001,0.1340000070631504,0.21200000494718552,0.045654833,0.0,0.0,0.0,0.0,0.15297994,0.14293861016631126,0.16484885662794113,0.016158216,0.83416605,0.8287493884563446,0.8462493717670441,0.019981032,0.84416604,0.8387493789196014,0.8562493622303009,0.019981032,400000.0,400000.0,400000.0,0.0
125,0.0,0.0,0.0,0.0,2.0,2.0,2.0,0.0,0.08731691,0.08441962860524654,0.09447261318564415,0.009507894,0.088938914,0.08604636415839195,0.09615317359566689,0.009521364,0.9931038,0.9808637499809265,1.014218807220459,0.0315718,0.10185259,0.09678406082093716,0.1045092698186636,0.007664148,0.10185259,0.09678406082093716,0.1045092698186636,0.007664148,1.0,1.0,1.0,0.0,0.0016220013,0.001520809280918911,0.0017035393393598497,0.0001169665,0.015929556,0.015784235671162605,0.015992768108844757,0.00024010807,-26.660011,-27.02984380722046,-26.380614280700684,0.5454937,2.1848722,2.157943308353424,2.2313260436058044,0.069459364,0.72829074,0.719314455986023,0.7437753826379776,0.023153117,0.158,0.11800000444054604,0.18800001218914986,0.044362146,0.0013333334,0.0,0.0,0.003113996,0.1579108,0.14620009809732437,0.1653311662375927,0.015982581,0.84416604,0.8387493789196014,0.8562493622303009,0.019981032,0.85416603,0.8487493693828583,0.8662493526935577,0.019981032,403200.0,403200.0,403200.0,0.0
126,0.0,0.0,0.0,0.0,2.0,2.0,2.0,0.0,0.088938914,0.08604636415839195,0.09615317359566689,0.009521364,0.09047348,0.0875747948884964,0.0976401325315237,0.009526643,1.0135125,1.0067079812288284,1.0303471684455872,0.024407774,0.09707876,0.09325106628239155,0.09847472608089447,0.0055657807,0.09707876,0.09325106628239155,0.09847472608089447,0.0055657807,1.0,1.0,1.0,0.0,0.0015345671,0.0014631414669565856,0.0015789646131452173,8.453036e-05,0.015810529,0.01566629554145038,0.015873271506279707,0.00023831404,-27.02865,-27.146481037139893,-26.887256622314453,0.35294095,2.229772,2.214801847934723,2.266809046268463,0.05369816,0.74325734,0.7382673174142838,0.7556030303239822,0.017899388,0.15733334,0.1340000070631504,0.16200001165270805,0.03894363,0.0006666667,0.0,0.0,0.0023094013,0.15524913,0.14711260795593262,0.16702517122030258,0.014554144,0.85416603,0.8487493693828583,0.8662493526935577,0.019981032,0.864166,0.8587493598461151,0.8762493431568146,0.019981032,406400.0,406400.0,406400.0,0.0
127,0.0,0.0,0.0,0.0,2.0,2.0,2.0,0.0,0.09047348,0.0875747948884964,0.0976401325315237,0.009526643,0.09198228,0.0891600139439106,0.09916216880083084,0.0094776,1.0180389,1.004381075501442,1.032705545425415,0.028665325,0.096120946,0.09276844747364521,0.09900132566690445,0.006234303,0.096120946,0.09276844747364521,0.09900132566690445,0.006234303,1.0,1.0,1.0,0.0,0.0015088086,0.0014340780908241868,0.0015789564640726894,0.000107124884,0.015692394,0.015549238305538893,0.015754668042063713,0.00023653373,-27.06489,-27.335465908050537,-26.987889289855957,0.5401821,2.2397301,2.2096824645996094,2.271997630596161,0.06306497,0.7465768,0.7365608364343643,0.7573325634002686,0.021021659,0.15666668,0.14400000870227814,0.17600001394748688,0.024470147,0.0,0.0,0.0,0.0,0.15258564,0.13514162972569466,0.1663881614804268,0.021958776,0.864166,0.8587493598461151,0.8762493431568146,0.019981032,0.874166,0.868749350309372,0.8862493336200714,0.019981032,409600.0,409600.0,409600.0,0.0
128,0.0,0.0,0.0,0.0,2.0,2.0,2.0,0.0,0.09198228,0.0891600139439106,0.09916216880083084,0.0094776,0.09350121,0.09073203429579735,0.10071896202862263,0.009444353,1.0117059,0.9961730539798737,1.0184595584869385,0.026828097,0.0975056,0.09584441967308521,0.1008855551481247,0.0057401336,0.0975056,0.09584441967308521,0.1008855551481247,0.0057401336,1.0,1.0,1.0,0.0,0.0015189191,0.0014791086432524025,0.00157519054482691,9.652941e-05,0.015575142,0.015433055581524968,0.01563694910146296,0.00023476561,-27.040123,-27.196072101593018,-26.664801597595215,0.501367,2.2257974,2.1916244626045227,2.2406557202339172,0.059023015,0.74193245,0.7305415272712708,0.7468852549791336,0.019674338,0.16733335,0.1420000083744526,0.18400001525878906,0.028429605,0.0006666667,0.0,0.0,0.0023094013,0.15126543,0.13879485055804253,0.16074861213564873,0.014474922,0.874166,0.868749350309372,0.8862493336200714,0.019981032,0.884166,0.8787493407726288,0.8962493240833282,0.019981032,412800.0,412800.0,412800.0,0.0
129,0.0,0.0,0.0,0.0,2.0,2.0,2.0,0.0,0.09350121,0.09073203429579735,0.10071896202862263,0.009444353,0.095012285,0.09232864156365395,0.10214447043836117,0.009377764,1.0108471,0.9928915351629257,1.0166210234165192,0.028080992,0.09771457,0.09625229798257351,0.10165037401020527,0.006030346,0.09771457,0.09625229798257351,0.10165037401020527,0.006030346,1.0,1.0,1.0,0.0,0.001511083,0.0014811483270023018,0.001576610200572759,0.000103882434,0.015458765,0.015317741082981229,0.015520111192017794,0.00023301158,-27.04289,-27.40666151046753,-26.414819717407227,0.760236,2.223908,2.184404969215393,2.2366109490394592,0.06177942,0.74130267,0.7281350195407867,0.7455369830131531,0.020593133,0.17066668,0.15000000968575478,0.19200000166893005,0.0396836,0.0013333334,0.0,0.0,0.003113996,0.15339738,0.14053935557603836,0.16534976288676262,0.020918554,0.884166,0.8787493407726288,0.8962493240833282,0.019981032,0.894166,0.8887493312358856,0.9062493145465851,0.019981032,416000.0,416000.0,416000.0,0.0
130,0.0,0.0,0.0,0.0,2.0,2.0,2.0,0.0,0.095012285,0.09232864156365395,0.10214447043836117,0.009377764,0.096503496,0.09373588114976883,0.10361452773213387,0.009407441,1.0127741,0.9959610253572464,1.037823885679245,0.024187958,0.09723998,0.0916599202901125,0.1009365413337946,0.0054378044,0.09723998,0.0916599202901125,0.1009365413337946,0.0054378044,1.0,1.0,1.0,0.0,0.0014912091,0.001435077516362071,0.0015260903746820986,7.0701266e-05,0.015343259,0.015203287359327078,0.015404145931825042,0.0002312706,-27.027666,-27.382604122161865,-26.674640655517578,0.49289456,2.2281477,2.1911579966545105,2.2832581996917725,0.053214613,0.7427159,0.730386033654213,0.7610860764980316,0.017738197,0.1575,0.12999999523162842,0.1824999935925007,0.05154433,0.0,0.0,0.0,0.0,0.15924332,0.1485106237232685,0.1673474982380867,0.01783787,0.894166,0.8887493312358856,0.9062493145465851,0.019981032,0.904166,0.8987493216991425,0.9162493050098419,0.019981032,419200.0,419200.0,419200.0,0.0
131,0.0,0.0,0.0,0.0,2.0,2.0,2.0,0.0,0.096503496,0.09373588114976883,0.10361452773213387,0.009407441,0.097975075,0.09518174268305302,0.10522124171257019,0.009438429,1.0155603,0.9957146942615509,1.0333224534988403,0.02873371,0.096673705,0.09261632896959782,0.10099922120571136,0.006370631,0.096673705,0.09261632896959782,0.10099922120571136,0.006370631,1.0,1.0,1.0,0.0,0.0014715745,0.0014133784861769527,0.001545481791254133,8.909067e-05,0.015228614,0.01508969091810286,0.015289047500118613,0.00022954214,-27.008345,-27.553472995758057,-26.510780811309814,0.7419946,2.2342775,2.1906160712242126,2.2733548879623413,0.06321541,0.7447591,0.7302053570747375,0.757784977555275,0.021071808,0.13666667,0.12800000607967377,0.15400001034140587,0.02196416,0.0006666667,0.0,0.0,0.0023094013,0.15545961,0.13968049362301826,0.16532519832253456,0.014928938,0.904166,0.8987493216991425,0.9162493050098419,0.019981032,0.914166,0.9087493121623993,0.9262492954730988,0.019981032,422400.0,422400.0,422400.0,0.0
132,0.0,0.0,0.0,0.0,2.0,2.0,2.0,0.0,0.097975075,0.09518174268305302,0.10522124171257019,0.009438429,0.09946687,0.09666165709495544,0.10676764510571957,0.009381194,1.0064572,0.9927105009555817,1.0197032988071442,0.024284331,0.09866602,0.09556887298822403,0.10169610381126404,0.0055522406,0.09866602,0.09556887298822403,0.10169610381126404,0.0055522406,1.0,1.0,1.0,0.0,0.0014917986,0.0014299058238975704,0.001528764609247446,9.5850475e-05,0.015114828,0.014976940816268325,0.015174808446317911,0.00022782742,-26.853659,-27.084989547729492,-26.645765781402588,0.4692658,2.2142498,2.184006690979004,2.2433919310569763,0.053426582,0.73808336,0.7280022352933884,0.7477973103523254,0.017808856,0.156,0.13200000673532486,0.1940000019967556,0.035532314,0.0006666667,0.0,0.0,0.0023094013,0.1544364,0.14080118015408516,0.16186915338039398,0.019757602,0.914166,0.9087493121623993,0.9262492954730988,0.019981032,0.92416596,0.9187493026256561,0.9362492859363556,0.019981032,425600.0,425600.0,425600.0,0.0
133,0.0,0.0,0.0,0.0,2.0,2.0,2.0,0.0,0.09946687,0.09666165709495544,0.10676764510571957,0.009381194,0.10090365,0.09814381413161755,0.1082363948225975,0.009391895,1.0192798,1.006194680929184,1.0386725664138794,0.024844093,0.09580178,0.0914804246276617,0.0985915157943964,0.0055087195,0.09580178,0.0914804246276617,0.0985915157943964,0.0055087195,1.0,1.0,1.0,0.0,0.001436778,0.0013668886967934668,0.0014714192075189203,7.755584e-05,0.01500189,0.014865032862871885,0.015061423880979419,0.00022612525,-27.386042,-27.58553457260132,-26.946943283081055,0.5152327,2.2424605,2.2136725783348083,2.285125255584717,0.054658093,0.7474869,0.7378908693790436,0.761708453297615,0.018219363,0.16533335,0.1420000083744526,0.1900000125169754,0.0396836,0.0,0.0,0.0,0.0,0.15718684,0.14328837394714355,0.16707037389278412,0.016667835,0.92416596,0.9187493026256561,0.9362492859363556,0.019981032,0.93416595,0.928749293088913,0.9462492763996124,0.019981032,428800.0,428800.0,428800.0,0.0
134,0.0,0.0,0.0,0.0,2.0,2.0,2.0,0.0,0.10090365,0.09814381413161755,0.1082363948225975,0.009391895,0.10222747,0.09952052123844624,0.10966711677610874,0.009456556,1.0225779,0.9926573932170868,1.0586914718151093,0.049466163,0.08894527,0.08737386763095856,0.10170505940914154,0.029564187,0.09549841,0.08737386763095856,0.10170505940914154,0.010846508,0.9166667,1.0,1.0,0.28867513,0.0013238228,0.0012926700001116842,0.0014865610864944756,0.00043848556,0.014889796,0.0147539630997926,0.014948885189369321,0.00022443586,-27.28361,-27.91807508468628,-26.55506420135498,1.0193151,2.2497163,2.183889865875244,2.3291677832603455,0.10882775,0.7499054,0.7279632985591888,0.7763892859220505,0.036275916,0.16066667,0.13200000673532486,0.19200000166893005,0.033328485,0.0006666667,0.0,0.0,0.0023094013,0.15094608,0.14018142223358154,0.1594390869140625,0.017674994,0.93416595,0.928749293088913,0.9462492763996124,0.019981032,0.94416595,0.9387492835521698,0.9562492668628693,0.019981032,432000.0,432000.0,432000.0,0.0
135,0.0,0.0,0.0,0.0,2.0,2.0,2.0,0.0,0.10222747,0.09952052123844624,0.10966711677610874,0.009456556,0.1037046,0.10097680799663067,0.11117047630250454,0.009424009,1.0011067,0.9921403378248215,1.0022422075271606,0.028657485,0.0999417,0.09948556311428547,0.10182948783040047,0.006452267,0.0999417,0.09948556311428547,0.10182948783040047,0.006452267,1.0,1.0,1.0,0.0,0.0014771334,0.0014729921822436154,0.0015088033105712384,9.9433775e-05,0.0147785405,0.014643721282482147,0.014837187249213457,0.00022275858,-26.923258,-27.26425838470459,-26.631367206573486,0.5276509,2.202479,2.182752311229706,2.2049768567085266,0.063047744,0.73415965,0.7275841385126114,0.7349922955036163,0.02101592,0.15733334,0.14000000804662704,0.1680000126361847,0.029012015,0.0006666667,0.0,0.0,0.0023094013,0.15467472,0.1447979360818863,0.1652982011437416,0.017793821,0.94416595,0.9387492835521698,0.9562492668628693,0.019981032,0.95416594,0.9487492740154266,0.9662492573261261,0.019981032,435200.0,435200.0,435200.0,0.0
136,0.0,0.0,0.0,0.0,2.0,2.0,2.0,0.0,0.1037046,0.10097680799663067,0.11117047630250454,0.009424009,0.10516425,0.10237517952919006,0.11271501705050468,0.009461728,1.0025992,0.9832819998264313,1.0095663666725159,0.025846956,0.099562265,0.09782176464796066,0.10392671264708042,0.0057892865,0.099562265,0.09782176464796066,0.10392671264708042,0.0057892865,1.0,1.0,1.0,0.0,0.0014596399,0.0014364303497131914,0.0015189907571766526,7.3300056e-05,0.014668117,0.014534305781126022,0.014726325636729598,0.00022109432,-26.98554,-27.384707927703857,-26.603354454040527,0.60206217,2.2057624,2.1632635593414307,2.221090316772461,0.056864418,0.7352541,0.7210878878831863,0.7403634637594223,0.018954806,0.17,0.14400000870227814,0.20200000330805779,0.039210387,0.0,0.0,0.0,0.0,0.1504108,0.13594012334942818,0.159698024392128,0.020123832,0.95416594,0.9487492740154266,0.9662492573261261,0.019981032,0.9641659,0.9587492644786835,0.9762492477893829,0.019981032,438400.0,438400.0,438400.0,0.0
137,0.0,0.0,0.0,0.0,2.0,2.0,2.0,0.0,0.10516425,0.10237517952919006,0.11271501705050468,0.009461728,0.10659873,0.10379836149513721,0.11423143185675144,0.009499481,1.0068953,0.9840382188558578,1.0278676748275757,0.026332999,0.0985899,0.09378689154982567,0.10374630428850651,0.0059286123,0.0985899,0.09378689154982567,0.10374630428850651,0.0059286123,1.0,1.0,1.0,0.0,0.0014344797,0.001365670672385022,0.0015050198999233544,7.29786e-05,0.014558517,0.014425705885514617,0.014616290107369423,0.00021944211,-26.82942,-27.346396446228027,-26.387299060821533,0.76877093,2.2152138,2.164927303791046,2.261354148387909,0.057933748,0.7384046,0.7216424643993378,0.7537847310304642,0.019311247,0.16066667,0.1420000083744526,0.18200001120567322,0.029827788,0.0013333334,0.0,0.0,0.003113996,0.15398207,0.13902214914560318,0.16831987351179123,0.022466563,0.9641659,0.9587492644786835,0.9762492477893829,0.019981032,0.9741659,0.9687492549419403,0.9862492382526398,0.019981032,441600.0,441600.0,441600.0,0.0
138,0.0,0.0,0.0,0.0,2.0,2.0,2.0,0.0,0.10659873,0.10379836149513721,0.11423143185675144,0.009499481,0.10794833,0.10513400286436081,0.11559553071856499,0.009483455,1.0305716,1.0122801959514618,1.04204860329628,0.030030103,0.0934028,0.0907736737281084,0.09721927903592587,0.0062555987,0.0934028,0.0907736737281084,0.09721927903592587,0.0062555987,1.0,1.0,1.0,0.0,0.0013496085,0.001312106935074553,0.0014075542276259512,9.159414e-05,0.014449738,0.014317918103188276,0.014507079496979713,0.00021780201,-27.196327,-27.689703464508057,-26.52361822128296,0.81475013,2.2673028,2.227060914039612,2.2925527691841125,0.06606756,0.7557676,0.7423536628484726,0.7641842663288116,0.022022517,0.15200001,0.12800000607967377,0.16200001165270805,0.03411212,0.0006666667,0.0,0.0,0.0023094013,0.16102709,0.14550398290157318,0.17381653562188148,0.016578274,0.9741659,0.9687492549419403,0.9862492382526398,0.019981032,0.9841659,0.9787492454051971,0.9962492287158966,0.019981045,444800.0,444800.0,444800.0,0.0
139,0.0,0.0,0.0,0.0,2.0,2.0,2.0,0.0,0.10794833,0.10513400286436081,0.11559553071856499,0.009483455,0.10932615,0.10638036392629147,0.11710517667233944,0.009513559,1.0185276,0.9927321821451187,1.0493752360343933,0.035073213,0.09611107,0.08925367519259453,0.10169092006981373,0.00778758,0.09611107,0.08925367519259453,0.10169092006981373,0.00778758,1.0,1.0,1.0,0.0,0.0013778112,0.001280320022488013,0.0014682808832731098,0.00010520583,0.014341771,0.014210936147719622,0.014398684026673436,0.00021617499,-27.224451,-27.569831371307373,-26.738196849822998,0.7301198,2.2408056,2.184054434299469,2.308671534061432,0.077162586,0.7469352,0.7280181497335434,0.7695572078227997,0.025720863,0.172,0.15800001099705696,0.1860000118613243,0.020889318,0.0,0.0,0.0,0.0,0.16354541,0.14864781498908997,0.18661626800894737,0.021590725,0.9841659,0.9787492454051971,0.9962492287158966,0.019981045,0.9941659,0.988749235868454,1.0062492787837982,0.019981055,448000.0,448000.0,448000.0,0.0
140,0.0,0.0,0.0,0.0,2.0,2.0,2.0,0.0,0.10932615,0.10638036392629147,0.11710517667233944,0.009513559,0.11068455,0.10774263553321362,0.11851245537400246,0.009454721,1.0211209,0.9986022561788559,1.0422603785991669,0.024182897,0.095388204,0.09072769060730934,0.10032272525131702,0.0052902885,0.095388204,0.09072769060730934,0.10032272525131702,0.0052902885,1.0,1.0,1.0,0.0,0.0013584103,0.0012918419379275292,0.0014234591508284211,8.892496e-05,0.014234609,0.014104751404374838,0.014291096944361925,0.0002145596,-27.317816,-27.5756516456604,-26.83479070663452,0.5700317,2.2465107,2.1969687938690186,2.293018639087677,0.053203426,0.74883693,0.7323229312896729,0.7643395662307739,0.017734485,0.16866668,0.15000000968575478,0.18400001153349876,0.038662486,0.0,0.0,0.0,0.0,0.16713388,0.15864379331469536,0.17292949929833412,0.018972764,0.9941659,0.988749235868454,1.0062492787837982,0.019981055,1.004166,0.9987492263317108,1.016249269247055,0.019981056,451200.0,451200.0,451200.0,0.0
141,0.0,0.0,0.0,0.0,2.0,2.0,2.0,0.0,0.11068455,0.10774263553321362,0.11851245537400246,0.009454721,0.1120644,0.10909548215568066,0.1200022604316473,0.009502777,1.0124992,0.9878861606121063,1.046323001384735,0.048405237,0.09771154,0.08988310769200325,0.10284462384879589,0.010721662,0.09771154,0.08988310769200325,0.10284462384879589,0.010721662,1.0,1.0,1.0,0.0,0.0013798495,0.0012689662398770452,0.0014599949936382473,0.00014640701,0.014128249,0.01399936224333942,0.014184316154569387,0.00021295698,-27.278444,-27.66711187362671,-26.50635004043579,1.1532627,2.2275426,2.1733930110931396,2.3019566535949707,0.10649363,0.7425143,0.7244643419981003,0.767318919301033,0.035497885,0.15866667,0.12800000607967377,0.18400001525878906,0.0300948,0.0,0.0,0.0,0.0,0.15977636,0.14698370546102524,0.17767629027366638,0.019965056,1.004166,0.9987492263317108,1.016249269247055,0.019981056,1.0141659,1.0087492763996124,1.026249259710312,0.019981053,454400.0,454400.0,454400.0,0.0
142,0.0,0.0,0.0,0.0,2.0,2.0,2.0,0.0,0.1120644,0.10909548215568066,0.1200022604316473,0.009502777,0.113443196,0.11046653799712658,0.12126046232879162,0.009440901,1.0095371,0.9773251712322235,1.0468197166919708,0.043872565,0.09828628,0.0897807851433754,0.1053746473044157,0.009922646,0.09828628,0.0897807851433754,0.1053746473044157,0.009922646,1.0,1.0,1.0,0.0,0.001378792,0.0012490702501963824,0.0014989303599577397,0.00014611031,0.014022683,0.01389475935138762,0.014078330714255571,0.00021136568,-26.913527,-27.372047424316406,-26.317465782165527,0.82787865,2.2210262,2.1501583456993103,2.303049385547638,0.09652156,0.74034196,0.7167194485664368,0.767683133482933,0.03217385,0.17333335,0.14800000935792923,0.1980000026524067,0.050519723,0.0,0.0,0.0,0.0,0.15455726,0.14229948818683624,0.163115743547678,0.025087435,1.0141659,1.0087492763996124,1.026249259710312,0.019981053,1.024166,1.0187492668628693,1.0362492501735687,0.019981053,457600.0,457600.0,457600.0,0.0
143,0.0,0.0,0.0,0.0,2.0,2.0,2.0,0.0,0.113443196,0.11046653799712658,0.12126046232879162,0.009440901,0.114776246,0.11168300732970238,0.12264988012611866,0.00944415,1.0206395,0.988669142127037,1.0631983578205109,0.043038134,0.09578962,0.08645736984908581,0.10264347493648529,0.009520626,0.09578962,0.08645736984908581,0.10264347493648529,0.009520626,1.0,1.0,1.0,0.0,0.0013330503,0.0012209259439259768,0.0014190379879437387,0.00013244049,0.013917907,0.013790939236059785,0.01397313759662211,0.00020978619,-27.342857,-28.075589179992676,-26.672773361206055,1.0494479,2.2454517,2.1751155257225037,2.3390831351280212,0.09468579,0.74848396,0.7250385284423828,0.7796943932771683,0.03156193,0.16083333,0.14499999210238457,0.17749999836087227,0.03502164,0.0,0.0,0.0,0.0,0.150472,0.1430615819990635,0.1586185358464718,0.014748408,1.024166,1.0187492668628693,1.0362492501735687,0.019981053,1.0341659,1.028749257326126,1.0462492406368256,0.019981053,460800.0,460800.0,460800.0,0.0
144,0.0,0.0,0.0,0.0,2.0,2.0,2.0,0.0,0.114776246,0.11168300732970238,0.12264988012611866,0.00944415,0.116140105,0.11301260069012642,0.12398951128125191,0.009454817,1.005999,0.9853061586618423,1.0249218046665192,0.023030028,0.098756075,0.0944230817258358,0.10344131663441658,0.005280515,0.098756075,0.0944230817258358,0.10344131663441658,0.005280515,1.0,1.0,1.0,0.0,0.0013638575,0.0013060866622254252,0.0014136963000055403,6.848809e-05,0.013813913,0.01368789398111403,0.013868731213733554,0.00020821902,-26.907381,-27.039854526519775,-26.7261905670166,0.42688718,2.213242,2.1677168011665344,2.254873037338257,0.050667096,0.7377474,0.7225722968578339,0.7516243606805801,0.01688903,0.16200002,0.14400000870227814,0.17800001427531242,0.031657256,0.0,0.0,0.0,0.0,0.14808337,0.1390109546482563,0.15969108045101166,0.012601389,1.0341659,1.028749257326126,1.0462492406368256,0.019981053,1.044166,1.038749247789383,1.0562492311000824,0.019981032,464000.0,464000.0,464000.0,0.0
145,0.0,0.0,0.0,0.0,2.0,2.0,2.0,0.0,0.116140105,0.11301260069012642,0.12398951128125191,0.009454817,0.11749458,0.11435446888208389,0.1253555230796337,0.009484387,1.0064716,0.9932422786951065,1.032334178686142,0.03625562,0.098837584,0.09283438138663769,0.10156919620931149,0.008317413,0.098837584,0.09283438138663769,0.10156919620931149,0.008317413,1.0,1.0,1.0,0.0,0.0013544786,0.0012950239470228553,0.0013780080189462751,0.000107517095,0.013710696,0.013585618697106838,0.013765104813501239,0.00020666287,-26.898155,-27.284815311431885,-26.708406448364258,0.68186057,2.2142818,2.1851766109466553,2.27118057012558,0.07976398,0.7380939,0.7283922135829926,0.7570601999759674,0.026587991,0.16066667,0.1420000083744526,0.17000001296401024,0.032977495,0.0,0.0,0.0,0.0,0.15351297,0.14505910128355026,0.15620028600096703,0.022161731,1.044166,1.038749247789383,1.0562492311000824,0.019981032,1.054166,1.0487492382526398,1.0662492215633392,0.019981032,467200.0,467200.0,467200.0,0.0
146,0.0,0.0,0.0,0.0,2.0,2.0,2.0,0.0,0.11749458,0.11435446888208389,0.1253555230796337,0.009484387,0.11885077,0.11571390926837921,0.12675278261303902,0.009523935,1.0024511,0.9790155291557312,1.029349446296692,0.033698004,0.09971257,0.09346664324402809,0.10498837381601334,0.0077639287,0.09971257,0.09346664324402809,0.10498837381601334,0.0077639287,1.0,1.0,1.0,0.0,0.0013561879,0.0012598326429724693,0.001422104425728321,9.72956e-05,0.013608251,0.013484107563272119,0.013662253273651004,0.0002051185,-26.90695,-27.37797260284424,-26.68463659286499,0.67417973,2.2054365,2.1538771986961365,2.264613926410675,0.07413707,0.7351455,0.7179590910673141,0.7548713386058807,0.024712354,0.15666668,0.14400000870227814,0.17000001296401024,0.019731533,0.0,0.0,0.0,0.0,0.15158553,0.14712101593613625,0.15756040811538696,0.017512066,1.054166,1.0487492382526398,1.0662492215633392,0.019981032,1.064166,1.0587492287158966,1.076249212026596,0.019981032,470400.0,470400.0,470400.0,0.0
147,0.0,0.0,0.0,0.0,2.0,2.0,2.0,0.0,0.11885077,0.11571390926837921,0.12675278261303902,0.009523935,0.12013998,0.11698413640260696,0.12795278802514076,0.009498969,1.02194,1.014354795217514,1.046566218137741,0.03924586,0.09543801,0.08983294293284416,0.09675629623234272,0.00892058,0.09543801,0.08983294293284416,0.09675629623234272,0.00892058,1.0,1.0,1.0,0.0,0.0012892098,0.0012233657180331647,0.0013144672848284245,0.0001245061,0.013506572,0.013383356388658285,0.013560169376432896,0.0002035859,-27.483284,-27.993213176727295,-27.295722484588623,0.7093423,2.248313,2.2316250801086426,2.30249160528183,0.08634259,0.74943763,0.7438750267028809,0.7674972265958786,0.028780859,0.17333335,0.15000000968575478,0.19200001284480095,0.031878557,0.0006666667,0.0,0.0,0.0023094013,0.15765055,0.14610785990953445,0.17082592472434044,0.0191016,1.064166,1.0587492287158966,1.076249212026596,0.019981032,1.0741659,1.0687492191791534,1.086249202489853,0.019981032,473600.0,473600.0,473600.0,0.0
148,0.0,0.0,0.0,0.0,2.0,2.0,2.0,0.0,0.12013998,0.11698413640260696,0.12795278802514076,0.009498969,0.12145569,0.11831457912921906,0.12925825640559196,0.009529329,1.0084195,0.9920878857374191,1.0228043794631958,0.021879973,0.098194085,0.0948988851159811,0.10183924250304699,0.0049409796,0.098194085,0.0948988851159811,0.10183924250304699,0.0049409796,1.0,1.0,1.0,0.0,0.0013157064,0.0012691669689957052,0.0013578632206190377,5.4122887e-05,0.013405651,0.01328335516154766,0.013458848698064685,0.00020206497,-26.940887,-27.139282703399658,-26.814648151397705,0.40154484,2.2185671,2.1826369166374207,2.2502145171165466,0.048136882,0.7395224,0.7275456786155701,0.7500715404748917,0.016045623,0.18066669,0.15200001001358032,0.20400000363588333,0.035851546,0.0,0.0,0.0,0.0,0.1569986,0.14852648973464966,0.1629835180938244,0.01358119,1.0741659,1.0687492191791534,1.086249202489853,0.019981032,1.0841659,1.0787492096424103,1.0962491929531097,0.019981032,476800.0,476800.0,476800.0,0.0
149,0.0,0.0,0.0,0.0,2.0,2.0,2.0,0.0,0.12145569,0.11831457912921906,0.12925825640559196,0.009529329,0.12274345,0.11960774473845959,0.1305384375154972,0.009529431,1.0145134,0.9975201338529587,1.0269310176372528,0.019943863,0.09680728,0.09398764930665493,0.10057360120117664,0.004471307,0.09680728,0.09398764930665493,0.10057360120117664,0.004471307,1.0,1.0,1.0,0.0,0.0012877561,0.001256332005141303,0.001319889648584649,5.4782067e-05,0.013305484,0.013184103183448315,0.013358286116272211,0.00020055517,-26.888826,-27.361926555633545,-26.57215452194214,0.6100143,2.231974,2.1945881247520447,2.2592933773994446,0.04387739,0.7439913,0.7315293997526169,0.7530978173017502,0.014625792,0.15933333,0.15000000968575478,0.18400001525878906,0.034528866,0.0,0.0,0.0,0.0,0.16142876,0.1512816734611988,0.1777803599834442,0.017953902,1.0841659,1.0787492096424103,1.0962491929531097,0.019981032,1.0941659,1.0887492001056671,1.1062491834163666,0.019981032,480000.0,480000.0,480000.0,0.0
150,0.0,0.0,0.0,0.0,2.0,2.0,2.0,0.0,0.12274345,0.11960774473845959,0.1305384375154972,0.009529431,0.12403255,0.12083094194531441,0.13191082328557968,0.009556631,1.0110239,0.9928117245435715,1.0320084989070892,0.026401224,0.09765995,0.09289645589888096,0.1016748659312725,0.0059966757,0.09765995,0.09289645589888096,0.1016748659312725,0.0059966757,1.0,1.0,1.0,0.0,0.001289108,0.0012269867584109306,0.001342903298791498,7.044905e-05,0.013206066,0.013085592538118362,0.013258472084999084,0.00019905642,-26.993225,-27.30703639984131,-26.607595920562744,0.45026535,2.2242968,2.1842294335365295,2.270464062690735,0.05808381,0.74143225,0.7280765175819397,0.7568213641643524,0.019361276,0.156,0.1420000083744526,0.16600001230835915,0.035695683,0.0006666667,0.0,0.0,0.0023094013,0.15130685,0.13820893689990044,0.16688284277915955,0.017494615,1.0941659,1.0887492001056671,1.1062491834163666,0.019981032,1.1041659,1.098749190568924,1.1162491738796234,0.019981032,483200.0,483200.0,483200.0,0.0
151,0.0,0.0,0.0,0.0,2.0,2.0,2.0,0.0,0.12403255,0.12083094194531441,0.13191082328557968,0.009556631,0.12528072,0.12208274193108082,0.13311947137117386,0.009559368,1.021632,1.0143500864505768,1.036119669675827,0.021392526,0.09524897,0.09201964549720287,0.09675063192844391,0.0048283422,0.09524897,0.09201964549720287,0.09675063192844391,0.0048283422,1.0,1.0,1.0,0.0,0.0012481626,0.0012150179245509207,0.0012591323466040194,5.939736e-05,0.013107392,0.012987817870453,0.013159406371414661,0.0001975692,-27.236143,-27.568535804748535,-26.8534836769104,0.6218173,2.2476351,2.231614828109741,2.2795087099075317,0.04706449,0.7492117,0.7438716441392899,0.75983627140522,0.01568817,0.17000002,0.15400001034140587,0.1860000118613243,0.039653044,0.0,0.0,0.0,0.0,0.15750478,0.15232708677649498,0.164639201015234,0.012232886,1.1041659,1.098749190568924,1.1162491738796234,0.019981032,1.1141659,1.1087491810321808,1.1262491643428802,0.019981032,486400.0,486400.0,486400.0,0.0
152,0.0,0.0,0.0,0.0,2.0,2.0,2.0,0.0,0.12528072,0.12208274193108082,0.13311947137117386,0.009559368,0.12654597,0.12347132712602615,0.13424036651849747,0.009578191,1.0136889,0.9820440411567688,1.0319557189941406,0.04129832,0.09729526,0.0929760318249464,0.10422170534729958,0.009110293,0.09729526,0.0929760318249464,0.10422170534729958,0.009110293,1.0,1.0,1.0,0.0,0.001265254,0.0012202214275021106,0.0013498657499440014,0.00011367163,0.013009454,0.012890772894024849,0.013061080127954483,0.0001960935,-27.390207,-28.0127215385437,-27.125353813171387,1.0054234,2.23016,2.1605400443077087,2.270348012447357,0.09085815,0.74338675,0.7201800495386124,0.7567826956510544,0.030286055,0.15266667,0.13600000739097595,0.17000001296401024,0.025857423,0.0006666667,0.0,0.0,0.0023094013,0.15632801,0.1403706930577755,0.17230670154094696,0.02013556,1.1141659,1.1087491810321808,1.1262491643428802,0.019981032,1.1241659,1.1187491714954376,1.136249154806137,0.019981032,489600.0,489600.0,489600.0,0.0
153,0.0,0.0,0.0,0.0,2.0,2.0,2.0,0.0,0.12654597,0.12347132712602615,0.13424036651849747,0.009578191,0.12778537,0.12468720227479935,0.13558143749833107,0.009591527,1.0182463,1.0120322406291962,1.034081757068634,0.02338242,0.09601566,0.09245348162949085,0.09726814366877079,0.0053250967,0.09601566,0.09245348162949085,0.09726814366877079,0.0053250967,1.0,1.0,1.0,0.0,0.0012394018,0.0012002578587271273,0.0012433925003279,6.3376254e-05,0.012912247,0.012794453650712967,0.012963488465175033,0.0001946278,-27.161581,-27.36397695541382,-26.87691307067871,0.5337214,2.2401867,2.2265153527259827,2.2750253677368164,0.051442377,0.7467289,0.7421718239784241,0.7583418041467667,0.017147457,0.18133335,0.1420000083744526,0.21200000494718552,0.05131956,0.0,0.0,0.0,0.0,0.15301235,0.14470594748854637,0.15556537732481956,0.015597785,1.1241659,1.1187491714954376,1.136249154806137,0.019981032,1.1341659,1.1287491619586945,1.146249145269394,0.019981032,492800.0,492800.0,492800.0,0.0
154,0.0,0.0,0.0,0.0,2.0,2.0,2.0,0.0,0.12778537,0.12468720227479935,0.13558143749833107,0.009591527,0.12893045,0.12602045387029648,0.13684586808085442,0.009840838,1.0186646,0.99436354637146,1.0334959626197815,0.040999483,0.08962461,0.09258222579956055,0.10131299495697021,0.029014975,0.09617456,0.09258222579956055,0.10131299495697021,0.008711115,0.9166667,1.0,1.0,0.28867513,0.0011450815,0.0011802416120190173,0.0013022631464991719,0.00036961946,0.012815769,0.012698854319751263,0.012866625562310219,0.0001931735,-27.365433,-27.900598526000977,-26.887948513031006,0.7046665,2.2411067,2.187643527984619,2.2737364172935486,0.09020065,0.7470357,0.7292145490646362,0.7579121589660645,0.030066881,0.164,0.14400000870227814,0.19200000166893005,0.030030288,0.0006666667,0.0,0.0,0.0023094013,0.1634452,0.15498333051800728,0.1674647107720375,0.015787557,1.1341659,1.1287491619586945,1.146249145269394,0.019981032,1.1441659,1.1387491524219513,1.1562491357326508,0.019981032,496000.0,496000.0,496000.0,0.0
155,0.0,0.0,0.0,0.0,2.0,2.0,2.0,0.0,0.12893045,0.12602045387029648,0.13684586808085442,0.009840838,0.13018058,0.12722282484173775,0.13810478895902634,0.00983993,1.0084118,0.9923569113016129,1.029033750295639,0.030335478,0.098300494,0.09354006499052048,0.101801548153162,0.0068301847,0.098300494,0.09354006499052048,0.101801548153162,0.0068301847,1.0,1.0,1.0,0.0,0.0012501247,0.0012000795686617494,0.001291038963245228,8.5032276e-05,0.01272001,0.012603970477357507,0.012770486995577812,0.00019173003,-27.037125,-27.60487174987793,-26.25153160095215,0.92530054,2.2185504,2.183228850364685,2.263919472694397,0.0667394,0.7395168,0.7277429550886154,0.7546398341655731,0.022246461,0.15666668,0.1340000070631504,0.17600001394748688,0.04128247,0.0,0.0,0.0,0.0,0.15411748,0.1492648646235466,0.15933086723089218,0.01441518,1.1441659,1.1387491524219513,1.1562491357326508,0.019981032,1.1541659,1.1487491428852081,1.1662491261959076,0.019981032,499200.0,499200.0,499200.0,0.0
156,0.0,0.0,0.0,0.0,2.0,2.0,2.0,0.0,0.13018058,0.12722282484173775,0.13810478895902634,0.00983993,0.13142616,0.1285877823829651,0.1392720714211464,0.009812499,1.0072292,0.9813176542520523,1.027602195739746,0.03567637,0.09865213,0.09384378790855408,0.1043979749083519,0.008039487,0.09865213,0.09384378790855408,0.1043979749083519,0.008039487,1.0,1.0,1.0,0.0,0.0012455767,0.001184629712952301,0.0013237824605312198,0.00010434384,0.012624967,0.012509793508797884,0.012675066478550434,0.00019029739,-26.87475,-27.51829957962036,-26.424498081207275,0.86436737,2.2159483,2.1589419841766357,2.260770082473755,0.07848962,0.7386494,0.7196473479270935,0.7535900622606277,0.026163198,0.17666666,0.14999999105930328,0.19749999791383743,0.040526833,0.0,0.0,0.0,0.0,0.14466615,0.1395253874361515,0.14975524321198463,0.0107495515,1.1541659,1.1487491428852081,1.1662491261959076,0.019981032,1.1641659,1.158749133348465,1.1762491166591644,0.019981032,502400.0,502400.0,502400.0,0.0
157,0.0,0.0,0.0,0.0,2.0,2.0,2.0,0.0,0.13142616,0.1285877823829651,0.1392720714211464,0.009812499,0.13264768,0.12985986843705177,0.14052075520157814,0.009802086,1.0116575,0.9974309653043747,1.0319627821445465,0.024026304,0.09748855,0.09290613792836666,0.10059629939496517,0.0054202485,0.09748855,0.09290613792836666,0.10059629939496517,0.0054202485,1.0,1.0,1.0,0.0,0.00122153,0.0011512732016853988,0.001271088665816933,6.902751e-05,0.012530633,0.01241632248274982,0.012580360053107142,0.00018887529,-27.188787,-27.710215091705322,-26.905012607574463,0.68197566,2.225691,2.194391965866089,2.270363450050354,0.052858923,0.74189705,0.7314640134572983,0.7567878216505051,0.017619636,0.17000002,0.14400000870227814,0.18200001120567322,0.03128752,0.0006666667,0.0,0.0,0.0023094013,0.15748386,0.1464902125298977,0.16984036937355995,0.0129155535,1.1641659,1.158749133348465,1.1762491166591644,0.019981032,1.1741658,1.1687491238117218,1.1862491071224213,0.019981032,505600.0,505600.0,505600.0,0.0
158,0.0,0.0,0.0,0.0,2.0,2.0,2.0,0.0,0.13264768,0.12985986843705177,0.14052075520157814,0.009802086,0.13388385,0.13109134137630463,0.14180847629904747,0.009783201,1.0037078,0.9929539263248444,1.0277307331562042,0.031540174,0.099393256,0.09381552040576935,0.10165905207395554,0.007377506,0.099393256,0.09381552040576935,0.10165905207395554,0.007377506,1.0,1.0,1.0,0.0,0.0012361708,0.001182267878903076,0.001258298143511638,9.383165e-05,0.0124370055,0.01232354762032628,0.012486360501497984,0.00018746394,-26.873247,-27.53076410293579,-26.267043113708496,0.8158304,2.2082012,2.1845422983169556,2.2610528469085693,0.069389775,0.7360671,0.7281807959079742,0.7536842823028564,0.023129925,0.17066668,0.14800000935792923,0.18800001218914986,0.03206055,0.0006666667,0.0,0.0,0.0023094013,0.146933,0.13599643111228943,0.15622016414999962,0.017652063,1.1741658,1.1687491238117218,1.1862491071224213,0.019981032,1.1841658,1.1787491142749786,1.196249097585678,0.019981032,508800.0,508800.0,508800.0,0.0
159,0.0,0.0,0.0,0.0,2.0,2.0,2.0,0.0,0.13388385,0.13109134137630463,0.14180847629904747,0.009783201,0.13507907,0.1322816237807274,0.1429455429315567,0.009815707,1.015773,0.980693981051445,1.0371016561985016,0.04401516,0.09688643,0.09181651659309864,0.10455397516489029,0.009769359,0.09688643,0.09181651659309864,0.10455397516489029,0.009769359,1.0,1.0,1.0,0.0,0.0011952111,0.0011230069503653795,0.0012872207153122872,0.0001132503,0.012344077,0.012231467291712761,0.012393063167110085,0.00018606335,-27.200975,-27.535562992095947,-26.271865844726562,1.0287936,2.2347455,2.1575698852539062,2.28166925907135,0.0968353,0.7449152,0.7191899865865707,0.7605564296245575,0.032278433,0.17333335,0.14800000935792923,0.20000000298023224,0.03151142,0.0006666667,0.0,0.0,0.0023094013,0.16075595,0.14161968603730202,0.1804916076362133,0.02566882,1.1841658,1.1787491142749786,1.196249097585678,0.019981032,1.1941658,1.1887491047382355,1.206249088048935,0.019981032,512000.0,512000.0,512000.0,0.0
160,0.0,0.0,0.0,0.0,2.0,2.0,2.0,0.0,0.13507907,0.1322816237807274,0.1429455429315567,0.009815707,0.13618739,0.13333246856927872,0.14417242631316185,0.009804326,1.0162839,0.9823126941919327,1.0332906544208527,0.0463571,0.09041392,0.09263475798070431,0.10415672697126865,0.029466396,0.09680883,0.09263475798070431,0.10415672697126865,0.0098744,0.9166667,1.0,1.0,0.28867513,0.0011083315,0.001136245351517573,0.001278760377317667,0.00036082152,0.012251843,0.01214007381349802,0.012300462927669287,0.00018467357,-27.162933,-27.667885303497314,-26.69728994369507,1.0098044,2.235869,2.1611310839653015,2.2732847929000854,0.10198766,0.7452896,0.720377042889595,0.757761612534523,0.03399588,0.16133334,0.14400000870227814,0.18000001087784767,0.027887218,0.0,0.0,0.0,0.0,0.16109075,0.14171140640974045,0.17271116748452187,0.026565554,1.1941658,1.1887491047382355,1.206249088048935,0.019981032,1.2041658,1.1987490952014923,1.2162490785121918,0.019981032,515200.0,515200.0,515200.0,0.0
161,0.0,0.0,0.0,0.0,2.0,2.0,2.0,0.0,0.13618739,0.13333246856927872,0.14417242631316185,0.009804326,0.13731089,0.13448049128055573,0.14524010941386223,0.009757952,1.0352789,1.0114534795284271,1.0552606582641602,0.026607601,0.09235535,0.08805207163095474,0.09739911556243896,0.005589032,0.09235535,0.08805207163095474,0.09739911556243896,0.005589032,1.0,1.0,1.0,0.0,0.0011234948,0.001057002053130418,0.0011896754149347544,7.690924e-05,0.0121602975,0.012049363926053047,0.012208554893732071,0.00018329357,-27.524857,-27.936058044433594,-27.090548992156982,0.647789,2.2776592,2.225242018699646,2.3216198682785034,0.058537923,0.7592197,0.7417473644018173,0.7738732993602753,0.019512642,0.15,0.11000000312924385,0.17400000989437103,0.05118238,0.0006666667,0.0,0.0,0.0023094013,0.16013941,0.1519559659063816,0.17173635587096214,0.013987882,1.2041658,1.1987490952014923,1.2162490785121918,0.019981032,1.2141658,1.2087490856647491,1.2262490689754486,0.019981032,518400.0,518400.0,518400.0,0.0
162,0.0,0.0,0.0,0.0,2.0,2.0,2.0,0.0,0.13731089,0.13448049128055573,0.14524010941386223,0.009757952,0.13848363,0.1357136033475399,0.14653921872377396,0.00980312,1.0140685,0.9779244363307953,1.0523664057254791,0.0418542,0.09722599,0.08864105865359306,0.10522557608783245,0.00938624,0.09722599,0.08864105865359306,0.10522557608783245,0.00938624,1.0,1.0,1.0,0.0,0.0011727436,0.001093522208975628,0.0012571938568726182,0.00010619627,0.012069438,0.01195933180861175,0.01211733277887106,0.0001819241,-27.065979,-27.803078174591064,-26.412534713745117,0.9041774,2.230995,2.151476740837097,2.315252423286438,0.09208108,0.74366504,0.7171589136123657,0.7717508375644684,0.030693699,0.17466669,0.1600000113248825,0.20000000298023224,0.02408067,0.0,0.0,0.0,0.0,0.1530783,0.14119476452469826,0.17075783386826515,0.021595722,1.2141658,1.2087490856647491,1.2262490689754486,0.019981032,1.2241658,1.218749076128006,1.2362490594387054,0.019981032,521600.0,521600.0,521600.0,0.0
163,0.0,0.0,0.0,0.0,2.0,2.0,2.0,0.0,0.13848363,0.1357136033475399,0.14653921872377396,0.00980312,0.13965482,0.13695969805121422,0.14769641309976578,0.009851806,1.0105765,0.9901664108037949,1.0241549909114838,0.03237769,0.09784015,0.09459671564400196,0.10229145735502243,0.007173675,0.09784015,0.09459671564400196,0.10229145735502243,0.007173675,1.0,1.0,1.0,0.0,0.0011711895,0.0011258333979640156,0.0012271652522031218,7.474743e-05,0.011979255,0.011869973037391901,0.012026792392134666,0.00018056465,-27.021128,-27.18966007232666,-26.61796998977661,0.723147,2.2233126,2.1784096360206604,2.253186047077179,0.07123233,0.7411043,0.7261365652084351,0.7510620206594467,0.02374411,0.17666668,0.15800001099705696,0.20200000330805779,0.03078764,0.0006666667,0.0,0.0,0.0023094013,0.15534157,0.13972213864326477,0.1718917079269886,0.01953629,1.2241658,1.218749076128006,1.2362490594387054,0.019981032,1.2341658,1.2287490665912628,1.2462490499019623,0.019981032,524800.0,524800.0,524800.0,0.0
164,0.0,0.0,0.0,0.0,2.0,2.0,2.0,0.0,0.13965482,0.13695969805121422,0.14769641309976578,0.009851806,0.14083537,0.13808665052056313,0.14884966239333153,0.009880187,1.0036335,0.9840519726276398,1.0223990082740784,0.027365627,0.09934614,0.09497785940766335,0.10374045744538307,0.006192126,0.09934614,0.09497785940766335,0.10374045744538307,0.006192126,1.0,1.0,1.0,0.0,0.0011805583,0.0011210059456061572,0.0012308268051128834,6.390424e-05,0.011889747,0.011781280627474189,0.011936929309740663,0.00017921563,-26.865767,-27.497297286987305,-26.155773162841797,0.848896,2.2080379,2.1649575233459473,2.2493226528167725,0.060205575,0.73601264,0.7216525226831436,0.7497742176055908,0.02006853,0.17400001,0.15400001034140587,0.1860000118613243,0.041935015,0.0,0.0,0.0,0.0,0.16259603,0.14066795259714127,0.18109385296702385,0.027636414,1.2341658,1.2287490665912628,1.2462490499019623,0.019981032,1.2441658,1.2387490570545197,1.2562490403652191,0.019981032,528000.0,528000.0,528000.0,0.0
165,0.0,0.0,0.0,0.0,2.0,2.0,2.0,0.0,0.14083537,0.13808665052056313,0.14884966239333153,0.009880187,0.14197133,0.13920672610402107,0.14998814091086388,0.009934503,1.0177059,0.995549276471138,1.0351841151714325,0.038045015,0.09633588,0.09225676581263542,0.10103016532957554,0.0081681255,0.09633588,0.09225676581263542,0.10103016532957554,0.0081681255,1.0,1.0,1.0,0.0,0.0011359636,0.001085517113097012,0.0011779491323977709,8.636153e-05,0.011800908,0.01169325178489089,0.011847737710922956,0.00017787647,-27.13164,-27.316184520721436,-26.711012840270996,0.73892665,2.2389977,2.190252184867859,2.277450442314148,0.083700724,0.7463326,0.7300840765237808,0.7591501772403717,0.027900245,0.16266668,0.13600000739097595,0.20200000330805779,0.04970702,0.002,0.0,0.0020000000949949026,0.0036181363,0.16053475,0.1441860869526863,0.17001327872276306,0.02465798,1.2441658,1.2387490570545197,1.2562490403652191,0.019981032,1.2541658,1.2487490475177765,1.266249030828476,0.019981032,531200.0,531200.0,531200.0,0.0
166,0.0,0.0,0.0,0.0,2.0,2.0,2.0,0.0,0.14197133,0.13920672610402107,0.14998814091086388,0.009934503,0.14309837,0.14034853875637054,0.15103037282824516,0.009923605,1.0177971,1.0010776966810226,1.0267193913459778,0.03207177,0.096223235,0.09403342381119728,0.09977666102349758,0.0070277406,0.096223235,0.09403342381119728,0.09977666102349758,0.0070277406,1.0,1.0,1.0,0.0,0.0011270227,0.0010919326450675726,0.0011902081314474344,8.3292995e-05,0.011712731,0.011605880223214626,0.011759211542084813,0.00017654728,-27.323929,-27.372554302215576,-26.871497631072998,0.7235215,2.2391982,2.202414810657501,2.258827805519104,0.070559315,0.7463994,0.7341382950544357,0.7529426217079163,0.02351977,0.15533334,0.14800000935792923,0.17800001427531242,0.032443892,0.0013333334,0.0,0.0,0.003113996,0.15473036,0.13801837712526321,0.17470931261777878,0.026227525,1.2541658,1.2487490475177765,1.266249030828476,0.019981032,1.2641658,1.2587490379810333,1.2762490212917328,0.019981032,534400.0,534400.0,534400.0,0.0
167,0.0,0.0,0.0,0.0,2.0,2.0,2.0,0.0,0.14309837,0.14034853875637054,0.15103037282824516,0.009923605,0.14420153,0.14134568348526955,0.1520620621740818,0.009957344,1.0241237,0.9908619672060013,1.0512847304344177,0.039745275,0.09496228,0.08886183053255081,0.10212932713329792,0.008753319,0.09496228,0.08886183053255081,0.10212932713329792,0.008753319,1.0,1.0,1.0,0.0,0.0011031654,0.0010326628107577562,0.0011819370556622744,9.343391e-05,0.0116252145,0.011519162217155099,0.011671348009258509,0.00017522814,-27.39987,-27.930232048034668,-27.106696128845215,0.63718826,2.2531173,2.179939866065979,2.3128726482391357,0.087441355,0.7510391,0.7266466468572617,0.7709575891494751,0.029147128,0.156,0.12800000607967377,0.1680000126361847,0.026312804,0.0006666667,0.0,0.0,0.0023094013,0.15250696,0.14233138784766197,0.1600310429930687,0.016297786,1.2641658,1.2587490379810333,1.2762490212917328,0.019981032,1.2741657,1.2687490284442902,1.2862490117549896,0.019981032,537600.0,537600.0,537600.0,0.0
168,0.0,0.0,0.0,0.0,2.0,2.0,2.0,0.0,0.14420153,0.14134568348526955,0.1520620621740818,0.009957344,0.14532392,0.14246727526187897,0.15317563712596893,0.009963671,1.0139643,0.9881397783756256,1.045168548822403,0.04344356,0.0972873,0.09012281894683838,0.10278449021279812,0.009948582,0.0972873,0.09012281894683838,0.10278449021279812,0.009948582,1.0,1.0,1.0,0.0,0.0011223814,0.00103327541728504,0.0011663302429951727,0.00011513932,0.011538352,0.011433091713115573,0.011584139429032803,0.00017391909,-27.271416,-27.949928283691406,-26.887520790100098,0.8379116,2.230766,2.1739509105682373,2.2994167804718018,0.095577754,0.74358875,0.7246503084897995,0.766472265124321,0.031859253,0.15066667,0.12800000607967377,0.17800001427531242,0.03251107,0.0006666667,0.0,0.0,0.0023094013,0.15847178,0.14274341985583305,0.17578017711639404,0.022975095,1.2741657,1.2687490284442902,1.2862490117549896,0.019981032,1.2841657,1.278749018907547,1.2962490022182465,0.019981032,540800.0,540800.0,540800.0,0.0
169,0.0,0.0,0.0,0.0,2.0,2.0,2.0,0.0,0.14532392,0.14246727526187897,0.15317563712596893,0.009963671,0.14642964,0.14358379319310188,0.15434184297919273,0.00998975,1.0167338,0.9908941835165024,1.0325928628444672,0.04018567,0.09659461,0.09277152456343174,0.10212136618793011,0.008810682,0.09659461,0.09277152456343174,0.10212136618793011,0.008810682,1.0,1.0,1.0,0.0,0.0011057395,0.001083055482013151,0.0011611176014412194,9.577476e-05,0.0114521375,0.011347663588821888,0.011497583938762546,0.00017261952,-27.117655,-27.333040714263916,-26.574778079986572,0.8731391,2.2368588,2.180010735988617,2.2717496156692505,0.08841026,0.7456196,0.7266702502965927,0.7572499066591263,0.029470075,0.16833334,0.14000000059604645,0.1899999976158142,0.045092493,0.0,0.0,0.0,0.0,0.15167801,0.1367616280913353,0.16976778954267502,0.017579598,1.2841657,1.278749018907547,1.2962490022182465,0.019981032,1.2941657,1.2887490093708038,1.3062489926815033,0.019981032,544000.0,544000.0,544000.0,0.0
170,0.0,0.0,0.0,0.0,2.0,2.0,2.0,0.0,0.14642964,0.14358379319310188,0.15434184297919273,0.00998975,0.14753783,0.1445850022137165,0.15549062192440033,0.009998059,1.0117179,0.9963840544223785,1.0182272493839264,0.027942369,0.09751725,0.09589077346026897,0.10083621740341187,0.0059995423,0.09751725,0.09589077346026897,0.10083621740341187,0.0059995423,1.0,1.0,1.0,0.0,0.0011081798,0.0010891553538385779,0.0011383832024876028,6.5774155e-05,0.0113665685,0.01126287435181439,0.011411674553528428,0.00017132956,-27.003874,-27.161417484283447,-26.65997886657715,0.4688388,2.2258239,2.1920887231826782,2.2401446104049683,0.06147447,0.7419413,0.7306962460279465,0.7467148900032043,0.020491494,0.17133336,0.15800001099705696,0.1900000125169754,0.044143017,0.0006666667,0.0,0.0,0.0023094013,0.15437049,0.14378396421670914,0.1630096323788166,0.017810995,1.2941657,1.2887490093708038,1.3062489926815033,0.019981032,1.3041657,1.2987489998340607,1.3162489831447601,0.019981032,547200.0,547200.0,547200.0,0.0
171,0.0,0.0,0.0,0.0,2.0,2.0,2.0,0.0,0.14753783,0.1445850022137165,0.15549062192440033,0.009998059,0.14855711,0.1455175206065178,0.15654868260025978,0.009997452,1.0453441,1.0226762294769287,1.0765067338943481,0.03497664,0.09035588,0.08384828083217144,0.09492289461195469,0.0073600793,0.09035588,0.08384828083217144,0.09492289461195469,0.0073600793,1.0,1.0,1.0,0.0,0.0010192825,0.000944968473049812,0.0010835803113877773,8.3168394e-05,0.011281638,0.011178720509633422,0.011326407082378864,0.00017004904,-27.673073,-28.37826681137085,-26.7834415435791,1.0595279,2.299803,2.249932587146759,2.368362069129944,0.076950096,0.766601,0.7499775290489197,0.7894540578126907,0.025650037,0.14333333,0.10400000214576721,0.17000001296401024,0.041423168,0.0,0.0,0.0,0.0,0.16309004,0.1438983753323555,0.17476465925574303,0.017948825,1.3041657,1.2987489998340607,1.3162489831447601,0.019981032,1.3141657,1.3087489902973175,1.326248973608017,0.019981032,550400.0,550400.0,550400.0,0.0
172,0.0,0.0,0.0,0.0,2.0,2.0,2.0,0.0,0.14855711,0.1455175206065178,0.15654868260025978,0.009997452,0.14966016,0.14668161422014236,0.1576651930809021,0.010001434,1.0081466,0.9708829522132874,1.0432475209236145,0.039866522,0.09852218,0.09052256494760513,0.10693713836371899,0.009069031,0.09852218,0.09052256494760513,0.10693713836371899,0.009069031,1.0,1.0,1.0,0.0,0.0011030433,0.0010029094119090587,0.0011942764976993203,0.00010108832,0.011197343,0.011095192516222596,0.011241776635870337,0.00016877853,-26.936806,-27.79412269592285,-26.285844326019287,0.8854591,2.2179668,2.1359851360321045,2.295190393924713,0.0877081,0.73932225,0.7119950652122498,0.7650634944438934,0.029236034,0.16133334,0.13600000739097595,0.1860000118613243,0.033740543,0.0,0.0,0.0,0.0,0.1517208,0.1403013914823532,0.15978847444057465,0.017772043,1.3141657,1.3087489902973175,1.326248973608017,0.019981032,1.3241657,1.3187489807605743,1.3362489640712738,0.019981032,553600.0,553600.0,553600.0,0.0
173,0.0,0.0,0.0,0.0,2.0,2.0,2.0,0.0,0.14966016,0.14668161422014236,0.1576651930809021,0.010001434,0.15069781,0.14770562201738358,0.15887774899601936,0.01001184,1.0315877,1.027560442686081,1.0528890788555145,0.042565912,0.09340775,0.08854704536497593,0.09386656805872917,0.009591665,0.09340775,0.08854704536497593,0.09386656805872917,0.009591665,1.0,1.0,1.0,0.0,0.0010376574,0.000999801413854584,0.0010351069213356823,0.00010223963,0.011113676,0.01101229153573513,0.01115778018720448,0.00016751759,-27.409613,-27.746674060821533,-27.031141757965088,0.621359,2.2695382,2.260678231716156,2.3164021372795105,0.09364685,0.7565128,0.753559410572052,0.7721340507268906,0.031215617,0.15266667,0.12800000607967377,0.17000001296401024,0.035030723,0.0,0.0,0.0,0.0,0.16003624,0.1452597789466381,0.17132290825247765,0.021296026,1.3241657,1.3187489807605743,1.3362489640712738,0.019981032,1.3341656,1.3287489712238312,1.3462489545345306,0.019981032,556800.0,556800.0,556800.0,0.0
174,0.0,0.0,0.0,0.0,2.0,2.0,2.0,0.0,0.15069781,0.14770562201738358,0.15887774899601936,0.01001184,0.1517585,0.14886143803596497,0.15997722372412682,0.010021594,1.0183882,0.9916458874940872,1.0423403680324554,0.03856872,0.09619773,0.09071097522974014,0.10194442979991436,0.008410837,0.09619773,0.09071097522974014,0.10194442979991436,0.008410837,1.0,1.0,1.0,0.0,0.0010606911,0.001002690551104024,0.00111424142960459,8.9497145e-05,0.011030636,0.01093000709079206,0.011074409587308764,0.00016626575,-27.199183,-27.515788078308105,-26.981325149536133,0.6406052,2.2404985,2.181664526462555,2.293194532394409,0.084852874,0.74683285,0.7272215485572815,0.7643982172012329,0.028284285,0.17000002,0.15600001066923141,0.20200000330805779,0.03530645,0.0,0.0,0.0,0.0,0.15777615,0.14606401324272156,0.17313050106167793,0.018106222,1.3341656,1.3287489712238312,1.3462489545345306,0.019981032,1.3441657,1.338748961687088,1.3562489449977875,0.019981032,560000.0,560000.0,560000.0,0.0
175,0.0,0.0,0.0,0.0,2.0,2.0,2.0,0.0,0.1517585,0.14886143803596497,0.15997722372412682,0.010021594,0.15282395,0.14993073046207428,0.16105053946375847,0.0100176865,1.0121278,0.9983946979045868,1.026123285293579,0.019861327,0.097339444,0.09416992031037807,0.10037233680486679,0.0044566873,0.097339444,0.09416992031037807,0.10037233680486679,0.0044566873,1.0,1.0,1.0,0.0,0.0010654535,0.0010413186391815543,0.0010797509748954326,4.5629058e-05,0.010948216,0.010848339414224029,0.010991662740707397,0.00016502336,-27.047285,-27.385168075561523,-26.7319016456604,0.582262,2.2267253,2.1965121626853943,2.2575162053108215,0.043695778,0.7422418,0.7321707308292389,0.7525054067373276,0.014565263,0.16066667,0.1420000083744526,0.1860000118613243,0.030022215,0.0,0.0,0.0,0.0,0.15461825,0.14458001777529716,0.1661449633538723,0.0152128795,1.3441657,1.338748961687088,1.3562489449977875,0.019981032,1.3541656,1.3487489521503448,1.3662489354610443,0.019981032,563200.0,563200.0,563200.0,0.0
176,0.0,0.0,0.0,0.0,2.0,2.0,2.0,0.0,0.15282395,0.14993073046207428,0.16105053946375847,0.0100176865,0.15388216,0.1509321704506874,0.1621403805911541,0.010063658,1.012379,0.98856420814991,1.0324627757072449,0.03312317,0.097448535,0.09279948100447655,0.10266815312206745,0.0074037286,0.097448535,0.09279948100447655,0.10266815312206745,0.0074037286,1.0,1.0,1.0,0.0,0.001058202,0.0010105126129928976,0.0010972470336128026,7.1596114e-05,0.010866411,0.010767281288281083,0.010909532429650426,0.0001637906,-27.037704,-27.49539613723755,-26.64332914352417,0.78757,2.2272782,2.1748847365379333,2.2714633345603943,0.072872415,0.7424261,0.724961593747139,0.7571544647216797,0.024290796,0.16733335,0.14400000870227814,0.18800001218914986,0.039407738,0.0,0.0,0.0,0.0,0.15243724,0.12877005711197853,0.17356954887509346,0.023042614,1.3541656,1.3487489521503448,1.3662489354610443,0.019981032,1.3641657,1.3587489426136017,1.3762489259243011,0.019981032,566400.0,566400.0,566400.0,0.0
177,0.0,0.0,0.0,0.0,2.0,2.0,2.0,0.0,0.15388216,0.1509321704506874,0.1621403805911541,0.010063658,0.15490614,0.15195365250110626,0.1632104180753231,0.010054671,1.0228535,1.0115878283977509,1.037152647972107,0.017520064,0.09494487,0.0918009877204895,0.09736730717122555,0.0038505842,0.09494487,0.0918009877204895,0.09736730717122555,0.0038505842,1.0,1.0,1.0,0.0,0.0010239829,0.0009995164000429213,0.0010618716478347778,4.3663444e-05,0.010785218,0.010686829220503569,0.010828017489984632,0.0001625666,-27.317635,-27.47620439529419,-27.097108364105225,0.40139648,2.2503226,2.2255377173423767,2.281781315803528,0.038544904,0.7501076,0.7418459355831146,0.7605938017368317,0.012848309,0.17533334,0.13600000739097595,0.19200001284480095,0.05322565,0.0,0.0,0.0,0.0,0.15775014,0.15265057981014252,0.15958111360669136,0.011192665,1.3641657,1.3587489426136017,1.3762489259243011,0.019981032,1.3741655,1.3687489330768585,1.386248916387558,0.019981032,569600.0,569600.0,569600.0,0.0
178,0.0,0.0,0.0,0.0,2.0,2.0,2.0,0.0,0.15490614,0.15195365250110626,0.1632104180753231,0.010054671,0.15595722,0.15294169262051582,0.16426953673362732,0.010066967,1.0089678,0.988219678401947,1.022597312927246,0.033104274,0.098215945,0.09496107697486877,0.10274981334805489,0.007424961,0.098215945,0.09496107697486877,0.10274981334805489,0.007424961,1.0,1.0,1.0,0.0,0.001051089,0.0010100073559442535,0.0011064306308981031,7.6835626e-05,0.010704632,0.010606976924464107,0.010747111169621348,0.00016135251,-27.296621,-27.80111074447632,-26.576871871948242,0.8249147,2.2197733,2.17412668466568,2.2497589588165283,0.07283086,0.73992443,0.7247089147567749,0.7499196827411652,0.024276951,0.158,0.12600000575184822,0.18800001218914986,0.049682632,0.0,0.0,0.0,0.0,0.15309113,0.14192021265625954,0.16295522823929787,0.021958726,1.3741655,1.3687489330768585,1.386248916387558,0.019981032,1.3841656,1.3787489235401154,1.3962489068508148,0.019981032,572800.0,572800.0,572800.0,0.0
179,0.0,0.0,0.0,0.0,2.0,2.0,2.0,0.0,0.15595722,0.15294169262051582,0.16426953673362732,0.010066967,0.15696657,0.1538996510207653,0.1652238629758358,0.010073426,1.0234412,0.9956117421388626,1.050514280796051,0.0344206,0.095018506,0.08903747797012329,0.10101567208766937,0.0075245476,0.095018506,0.08903747797012329,0.10101567208766937,0.0075245476,1.0,1.0,1.0,0.0,0.0010093438,0.0009469907090533525,0.0010676600213628262,7.84222e-05,0.010624647,0.010527722537517548,0.010666810441762209,0.00016014648,-27.077215,-27.95541763305664,-26.284926891326904,1.0494173,2.2516158,2.190389573574066,2.3111775517463684,0.07572682,0.75053865,0.7301298975944519,0.7703925520181656,0.025242275,0.14666668,0.1340000070631504,0.15600001066923141,0.025829278,0.0,0.0,0.0,0.0,0.15669335,0.13039890676736832,0.1711227335035801,0.024297515,1.3841656,1.3787489235401154,1.3962489068508148,0.019981032,1.3941655,1.3887489140033722,1.4062488973140717,0.019981032,576000.0,576000.0,576000.0,0.0
180,0.0,0.0,0.0,0.0,2.0,2.0,2.0,0.0,0.15696657,0.1538996510207653,0.1652238629758358,0.010073426,0.15800278,0.15494170784950256,0.16630620881915092,0.010111675,1.0091279,0.9840763956308365,1.0354302823543549,0.041575253,0.09832717,0.09216584265232086,0.1037727203220129,0.009248009,0.09832717,0.09216584265232086,0.1037727203220129,0.009248009,1.0,1.0,1.0,0.0,0.0010362143,0.0009911794331856072,0.001086283242329955,9.156435e-05,0.010545261,0.010449059773236513,0.010587107622995973,0.00015894987,-27.075247,-27.744944095611572,-26.638034343719482,0.78695023,2.2201257,2.1650112867355347,2.277992069721222,0.09146736,0.7400419,0.7216704338788986,0.759330689907074,0.030489119,0.14400001,0.12800000607967377,0.15400001034140587,0.027289694,0.0,0.0,0.0,0.0,0.15553774,0.14615975320339203,0.16445055603981018,0.0155450385,1.3941655,1.3887489140033722,1.4062488973140717,0.019981032,1.4041656,1.398748904466629,1.4162488877773285,0.019981032,579200.0,579200.0,579200.0,0.0
181,0.0,0.0,0.0,0.0,2.0,2.0,2.0,0.0,0.15800278,0.15494170784950256,0.16630620881915092,0.010111675,0.15901043,0.1559101939201355,0.1673334836959839,0.010129226,1.016972,1.0048379302024841,1.0390780568122864,0.024782756,0.096312314,0.09139535017311573,0.09889736212790012,0.005568069,0.096312314,0.09139535017311573,0.09889736212790012,0.005568069,1.0,1.0,1.0,0.0,0.001007642,0.0009684811229817569,0.0010301528091076761,5.2061238e-05,0.010466467,0.010370985604822636,0.01050800085067749,0.00015776226,-27.0504,-27.190138339996338,-26.890419960021973,0.4421462,2.237383,2.210687577724457,2.286017417907715,0.054523163,0.7457943,0.736895889043808,0.7620058208703995,0.018174388,0.16266668,0.15000000968575478,0.1940000019967556,0.033306655,0.0,0.0,0.0,0.0,0.15448365,0.1412854567170143,0.16939429566264153,0.019610079,1.4041656,1.398748904466629,1.4162488877773285,0.019981032,1.4141655,1.4087488949298859,1.4262488782405853,0.019981032,582400.0,582400.0,582400.0,0.0
182,0.0,0.0,0.0,0.0,2.0,2.0,2.0,0.0,0.15901043,0.1559101939201355,0.1673334836959839,0.010129226,0.1600446,0.1568782851099968,0.16845007613301277,0.010169389,1.0043787,0.9933730065822601,1.0299705564975739,0.048991203,0.09959144,0.0933319590985775,0.10155442170798779,0.011702603,0.09959144,0.0933319590985775,0.10155442170798779,0.011702603,1.0,1.0,1.0,0.0,0.0010341614,0.0009735582862049341,0.001045950106345117,0.00011888924,0.010388263,0.01029349328018725,0.01042948616668582,0.00015658379,-26.899353,-27.492916584014893,-26.322908401489258,1.0154666,2.2096772,2.1854642629623413,2.2659804821014404,0.10778283,0.7365591,0.728488102555275,0.7553268373012543,0.035927605,0.15833333,0.12749999575316906,0.19249999523162842,0.044890437,0.0,0.0,0.0,0.0,0.14852928,0.13370408862829208,0.16184677928686142,0.017222228,1.4141655,1.4087488949298859,1.4262488782405853,0.019981032,1.4241656,1.4187488853931427,1.4362488687038422,0.019981032,585600.0,585600.0,585600.0,0.0
183,0.0,0.0,0.0,0.0,2.0,2.0,2.0,0.0,0.1600446,0.1568782851099968,0.16845007613301277,0.010169389,0.16105057,0.15798445418477058,0.16948435083031654,0.010172059,1.0123097,0.9862430989742279,1.0365744829177856,0.040389813,0.09759029,0.09192348085343838,0.10323002748191357,0.0090444805,0.09759029,0.09192348085343838,0.10323002748191357,0.0090444805,1.0,1.0,1.0,0.0,0.0010059864,0.0009435877436771989,0.0010876739979721606,9.225891e-05,0.0103106415,0.010216581635177135,0.010351558215916157,0.0001554134,-27.152502,-27.5147442817688,-26.89491319656372,0.6245044,2.2271256,2.1697781085968018,2.2805094718933105,0.08885938,0.7423752,0.7232594043016434,0.7601698338985443,0.029619796,0.15466668,0.12600000575184822,0.17800001427531242,0.04237781,0.0,0.0,0.0,0.0,0.15116175,0.14554903283715248,0.1558406725525856,0.014461577,1.4241656,1.4187488853931427,1.4362488687038422,0.019981032,1.4341655,1.4287488758563995,1.446248859167099,0.019981032,588800.0,588800.0,588800.0,0.0
184,0.0,0.0,0.0,0.0,2.0,2.0,2.0,0.0,0.16105057,0.15798445418477058,0.16948435083031654,0.010172059,0.16204558,0.15902040526270866,0.17051192000508308,0.01019422,1.0129414,0.9887800812721252,1.0337187051773071,0.030271191,0.097279854,0.09253004007041454,0.10261815972626209,0.0067541916,0.097279854,0.09253004007041454,0.10261815972626209,0.0067541916,1.0,1.0,1.0,0.0,0.0009950082,0.0009662340307841077,0.001045941113261506,6.210578e-05,0.010233601,0.010140243452042341,0.010274211643263698,0.00015425203,-27.07485,-27.758615016937256,-26.321964740753174,0.81365335,2.2285154,2.175359606742859,2.2742265462875366,0.066597976,0.74283844,0.7251199036836624,0.7580755352973938,0.022199325,0.15466668,0.1340000070631504,0.17000001296401024,0.032241516,0.0,0.0,0.0,0.0,0.15820095,0.1441686935722828,0.17079563811421394,0.018014451,1.4341655,1.4287488758563995,1.446248859167099,0.019981032,1.4441656,1.4387488663196564,1.4562488496303558,0.019981032,592000.0,592000.0,592000.0,0.0
185,0.0,0.0,0.0,0.0,2.0,2.0,2.0,0.0,0.16204558,0.15902040526270866,0.17051192000508308,0.01019422,0.1630844,0.160044576972723,0.1715337634086609,0.010186934,0.9910343,0.9747596681118011,1.012945145368576,0.027999673,0.102281876,0.0970682930201292,0.10598796419799328,0.00666387,0.102281876,0.0970682930201292,0.10598796419799328,0.00666387,1.0,1.0,1.0,0.0,0.0010388268,0.0009852179937297478,0.0010860271577257663,6.8131754e-05,0.010157136,0.010064476635307074,0.010197442956268787,0.0001530996,-26.7656,-27.195432662963867,-26.179551124572754,0.743482,2.180319,2.1445140838623047,2.2285237908363342,0.061600514,0.726773,0.714838057756424,0.7428412735462189,0.020533511,0.16933334,0.14800000935792923,0.1940000019967556,0.037497476,0.0,0.0,0.0,0.0,0.15392558,0.1437452957034111,0.16510505229234695,0.014490975,1.4441656,1.4387488663196564,1.4562488496303558,0.019981032,1.4541655,1.4487488567829132,1.4662488400936127,0.019981032,595200.0,595200.0,595200.0,0.0
186,0.0,0.0,0.0,0.0,2.0,2.0,2.0,0.0,0.1630844,0.160044576972723,0.1715337634086609,0.010186934,0.16403724,0.161014586687088,0.1725558117032051,0.010192356,1.0250385,1.0064294189214706,1.0387075543403625,0.025024952,0.09454147,0.09147381968796253,0.09854215197265148,0.005448318,0.09454147,0.09147381968796253,0.09854215197265148,0.005448318,1.0,1.0,1.0,0.0,0.0009528436,0.0009208486007992178,0.0009770937613211572,5.1795134e-05,0.010081243,0.009989275364205241,0.010121249128133059,0.00015195581,-27.285164,-27.67081356048584,-26.667426586151123,0.7805638,2.2551298,2.2141889929771423,2.2852023243904114,0.055056017,0.75170994,0.7380630373954773,0.761734127998352,0.018352006,0.16666667,0.15000000968575478,0.18400001525878906,0.029112114,0.0006666667,0.0,0.0,0.0023094013,0.16102047,0.14540449157357216,0.17558657005429268,0.022541568,1.4541655,1.4487488567829132,1.4662488400936127,0.019981032,1.4641656,1.45874884724617,1.4762488305568695,0.019981032,598400.0,598400.0,598400.0,0.0
187,0.0,0.0,0.0,0.0,2.0,2.0,2.0,0.0,0.16403724,0.161014586687088,0.1725558117032051,0.010192356,0.1650512,0.16193733364343643,0.17363935708999634,0.010188666,0.9958422,0.9579856395721436,1.0290828049182892,0.03988749,0.10135422,0.09352586045861244,0.11015862412750721,0.009353031,0.10135422,0.09352586045861244,0.11015862412750721,0.009353031,1.0,1.0,1.0,0.0,0.0010139601,0.0009455851395614445,0.0011078215029556304,9.260265e-05,0.0100059165,0.009914636379107833,0.010045623872429132,0.00015082034,-26.982042,-27.407314777374268,-26.562988758087158,0.7579712,2.1908967,2.107610523700714,2.26402747631073,0.08775425,0.73029894,0.7025368511676788,0.7546758651733398,0.029251415,0.17866667,0.16200001165270805,0.20800000429153442,0.035340764,0.0,0.0,0.0,0.0,0.14743619,0.13179443404078484,0.1610472835600376,0.020158822,1.4641656,1.45874884724617,1.4762488305568695,0.019981032,1.4741654,1.4687488377094269,1.4862488210201263,0.019981032,601600.0,601600.0,601600.0,0.0
188,0.0,0.0,0.0,0.0,2.0,2.0,2.0,0.0,0.1650512,0.16193733364343643,0.17363935708999634,0.010188666,0.16600311,0.16284767910838127,0.17456944659352303,0.010204558,1.0190467,1.0060489475727081,1.0378855466842651,0.027487293,0.09588798,0.09164739958941936,0.09861684590578079,0.0062286346,0.09588798,0.09164739958941936,0.09861684590578079,0.0062286346,1.0,1.0,1.0,0.0,0.0009518995,0.0009164765215246007,0.0009805095323827118,5.6369925e-05,0.009931153,0.00984055339358747,0.00997056276537478,0.00014969344,-27.34355,-27.745205879211426,-26.976593017578125,0.54813755,2.2419474,2.2133519053459167,2.2833937406539917,0.060473215,0.7473158,0.7377839833498001,0.7611312866210938,0.020157738,0.17533334,0.13200000673532486,0.20200000330805779,0.05526356,0.0006666667,0.0,0.0,0.0023094013,0.15447403,0.14499008283019066,0.16052430868148804,0.01510788,1.4741654,1.4687488377094269,1.4862488210201263,0.019981032,1.4841655,1.4787488281726837,1.4962488114833832,0.019981032,604800.0,604800.0,604800.0,0.0
189,0.0,0.0,0.0,0.0,2.0,2.0,2.0,0.0,0.16600311,0.16284767910838127,0.17456944659352303,0.010204558,0.16697282,0.16380269825458527,0.17557359114289284,0.010225826,1.0076983,0.9925932437181473,1.0239574909210205,0.027525218,0.09842273,0.09463386796414852,0.10172232612967491,0.0061731115,0.09842273,0.09463386796414852,0.10172232612967491,0.0061731115,1.0,1.0,1.0,0.0,0.00096971117,0.0009451039513805881,0.0009917287388816476,5.506811e-05,0.009856948,0.009767026407644153,0.009896063478663564,0.00014857497,-27.067863,-27.3184552192688,-26.900275230407715,0.36349723,2.2169807,2.183748781681061,2.252751410007477,0.0605567,0.7389936,0.7279162704944611,0.7509171515703201,0.020185554,0.16000001,0.1420000083744526,0.17200001329183578,0.034620017,0.0013333334,0.0,0.0,0.003113996,0.16077597,0.14459550753235817,0.17271802201867104,0.018497566,1.4841655,1.4787488281726837,1.4962488114833832,0.019981032,1.4941654,1.4887488186359406,1.50624880194664,0.019981032,608000.0,608000.0,608000.0,0.0
190,0.0,0.0,0.0,0.0,2.0,2.0,2.0,0.0,0.16697282,0.16380269825458527,0.17557359114289284,0.010225826,0.16789617,0.164683036506176,0.1765539050102234,0.010217655,1.0264951,1.0015365332365036,1.0515088737010956,0.035811033,0.094380505,0.0888177677989006,0.09965537674725056,0.007992368,0.094380505,0.0888177677989006,0.09965537674725056,0.007992368,1.0,1.0,1.0,0.0,0.0009233551,0.0008666937501402572,0.0009742483089212328,7.9269914e-05,0.009783297,0.009694047272205353,0.009822120191529393,0.00014746479,-27.416113,-27.867722988128662,-27.150010108947754,0.6273138,2.2583344,2.2034242749214172,2.3133656978607178,0.07878585,0.7527781,0.7344747930765152,0.7711219191551208,0.026261948,0.14133334,0.11000000312924385,0.14800000935792923,0.051545803,0.0006666667,0.0,0.0,0.0023094013,0.15762624,0.14160607382655144,0.17223065719008446,0.019004937,1.4941654,1.4887488186359406,1.50624880194664,0.019981032,1.5041655,1.4987488090991974,1.5162487924098969,0.019981032,611200.0,611200.0,611200.0,0.0
191,0.0,0.0,0.0,0.0,2.0,2.0,2.0,0.0,0.16789617,0.164683036506176,0.1765539050102234,0.010217655,0.16884488,0.16569042205810547,0.17745987698435783,0.01021533,1.0109363,0.9938845187425613,1.0278806388378143,0.028848516,0.097711295,0.0937819629907608,0.10142064653337002,0.006524929,0.097711295,0.0937819629907608,0.10142064653337002,0.006524929,1.0,1.0,1.0,0.0,0.0009487052,0.0009139240864897147,0.0009828861511778086,6.3384025e-05,0.009710197,0.009621615055948496,0.009748731041327119,0.00014636274,-26.829538,-27.11052370071411,-26.53168821334839,0.42556065,2.2241042,2.1865895986557007,2.2613826394081116,0.063467994,0.7413681,0.7288632392883301,0.7537942379713058,0.021155989,0.17733334,0.1640000119805336,0.1940000019967556,0.030858425,0.0,0.0,0.0,0.0,0.15982671,0.14780541881918907,0.16993246227502823,0.016079273,1.5041655,1.4987488090991974,1.5162487924098969,0.019981032,1.5141654,1.5087487995624542,1.5262487828731537,0.019981032,614400.0,614400.0,614400.0,0.0
192,0.0,0.0,0.0,0.0,2.0,2.0,2.0,0.0,0.16884488,0.16569042205810547,0.17745987698435783,0.01021533,0.169793,0.1666594184935093,0.17847590520977974,0.010226837,1.0077947,0.9856956154108047,1.0325401425361633,0.028581524,0.09841766,0.09278162755072117,0.1033486183732748,0.00654237,0.09841766,0.09278162755072117,0.1033486183732748,0.00654237,1.0,1.0,1.0,0.0,0.0009481138,0.0009029378270497546,0.0009953119733836502,5.7940822e-05,0.009637644,0.009549722308292985,0.0096758883446455,0.00014526912,-27.274008,-27.74176549911499,-26.77383041381836,0.66987294,2.2171926,2.1685736775398254,2.271633565425873,0.06288059,0.7390642,0.7228579223155975,0.757211223244667,0.020960204,0.16866668,0.14400000870227814,0.18800001218914986,0.032800592,0.0,0.0,0.0,0.0,0.15555932,0.14877956360578537,0.1645069159567356,0.012815483,1.5141654,1.5087487995624542,1.5262487828731537,0.019981032,1.5241655,1.518748790025711,1.5362487733364105,0.019981032,617600.0,617600.0,617600.0,0.0
193,0.0,0.0,0.0,0.0,2.0,2.0,2.0,0.0,0.169793,0.1666594184935093,0.17847590520977974,0.010226837,0.17070472,0.16760069504380226,0.17933452501893044,0.010216933,1.0213577,1.0052347481250763,1.0357380211353302,0.02251775,0.09531781,0.09210051409900188,0.09880376979708672,0.0048965514,0.09531781,0.09210051409900188,0.09880376979708672,0.0048965514,1.0,1.0,1.0,0.0,0.00091172283,0.0008852979954099283,0.0009451004443690181,4.7439335e-05,0.009565632,0.009478368330746889,0.009603591170161963,0.00014418336,-27.33489,-27.7041654586792,-26.959978103637695,0.52763927,2.2470317,2.211560606956482,2.2786691188812256,0.049540028,0.74901056,0.7371868938207626,0.7595564126968384,0.016513336,0.16866668,0.15200001001358032,0.18400001525878906,0.021154553,0.0,0.0,0.0,0.0,0.15552722,0.14606990665197372,0.16510000452399254,0.018924624,1.5241655,1.518748790025711,1.5362487733364105,0.019981032,1.5341654,1.528748780488968,1.5462487637996674,0.019981032,620800.0,620800.0,620800.0,0.0
194,0.0,0.0,0.0,0.0,2.0,2.0,2.0,0.0,0.17070472,0.16760069504380226,0.17933452501893044,0.010216933,0.17160593,0.16840744018554688,0.18027378246188164,0.010260884,1.024525,1.0038661360740662,1.0481515228748322,0.044490192,0.09497881,0.0895076859742403,0.09911416471004486,0.010199046,0.09497881,0.0895076859742403,0.09911416471004486,0.010199046,1.0,1.0,1.0,0.0,0.0009012018,0.0008570866630179808,0.000940320489462465,9.207e-05,0.009494158,0.009407545672729611,0.009531833929941058,0.00014310646,-27.201468,-27.860710620880127,-26.648502349853516,1.0237615,2.2540002,2.2085496187210083,2.305979311466217,0.097880386,0.7513334,0.7361832112073898,0.7686598002910614,0.032626797,0.15,0.12200000509619713,0.18000001087784767,0.036441736,0.0,0.0,0.0,0.0,0.15420584,0.1489248275756836,0.15987695381045341,0.017499754,1.5341654,1.528748780488968,1.5462487637996674,0.019981032,1.5441655,1.5387487709522247,1.5562487542629242,0.019981032,624000.0,624000.0,624000.0,0.0
195,0.0,0.0,0.0,0.0,2.0,2.0,2.0,0.0,0.17160593,0.16840744018554688,0.18027378246188164,0.010260884,0.17244576,0.16906829178333282,0.18114200234413147,0.01031035,1.0224161,0.9965051263570786,1.0372980535030365,0.04949631,0.08916247,0.09178661741316319,0.10081574134528637,0.029462766,0.095531195,0.09178661741316319,0.10081574134528637,0.010762639,0.9166667,1.0,1.0,0.28867513,0.0008398418,0.0008497855742461979,0.0009644092642702162,0.0002776254,0.009423218,0.009337253402918577,0.009460612665861845,0.00014203713,-27.354616,-27.702545166015625,-26.819167613983154,1.1153123,2.2493603,2.1923550367355347,2.282101333141327,0.10889406,0.7497868,0.7307850271463394,0.7607004791498184,0.03629802,0.145,0.10749999806284904,0.17999999225139618,0.039886203,0.0,0.0,0.0,0.0,0.15787746,0.1408383622765541,0.16728652268648148,0.02700798,1.5441655,1.5387487709522247,1.5562487542629242,0.019981032,1.5541654,1.5487487614154816,1.566248744726181,0.019981032,627200.0,627200.0,627200.0,0.0
196,0.0,0.0,0.0,0.0,2.0,2.0,2.0,0.0,0.17244576,0.16906829178333282,0.18114200234413147,0.01031035,0.17336123,0.16991760209202766,0.1819862648844719,0.010277649,1.0101627,0.9937081038951874,1.027579128742218,0.026615992,0.097855,0.0938471183180809,0.10146983154118061,0.0059764856,0.097855,0.0938471183180809,0.10146983154118061,0.0059764856,1.0,1.0,1.0,0.0,0.00091545185,0.0008784017991274595,0.0009650005667936057,6.174309e-05,0.009352808,0.009267485467717052,0.009389923652634025,0.00014097588,-27.050056,-27.467292308807373,-26.553573608398438,0.64574903,2.2224023,2.1862014532089233,2.2607191801071167,0.05855634,0.7408008,0.7287338376045227,0.7535730600357056,0.019518768,0.15333335,0.1300000064074993,0.1680000126361847,0.042446405,0.0006666667,0.0,0.0,0.0023094013,0.15162688,0.14049896597862244,0.16253673657774925,0.015960563,1.5541654,1.5487487614154816,1.566248744726181,0.019981032,1.5641655,1.5587487518787384,1.5762487351894379,0.019981032,630400.0,630400.0,630400.0,0.0
197,0.0,0.0,0.0,0.0,2.0,2.0,2.0,0.0,0.17336123,0.16991760209202766,0.1819862648844719,0.010277649,0.17426795,0.170859657227993,0.18285713717341423,0.010272068,1.0107261,1.0024902671575546,1.0282290875911713,0.022308946,0.097679615,0.09370691888034344,0.09944814071059227,0.0050891363,0.097679615,0.09370691888034344,0.09944814071059227,0.0050891363,1.0,1.0,1.0,0.0,0.000906725,0.0008721605117898434,0.0009390401100972667,4.8272064e-05,0.009282925,0.009198240470141172,0.009319762233644724,0.0001399224,-27.107635,-27.48019552230835,-26.750513553619385,0.5837742,2.2236419,2.20552259683609,2.262149155139923,0.049080655,0.741214,0.7351742386817932,0.7540497332811356,0.01636022,0.16000001,0.14400000870227814,0.17600001394748688,0.01989061,0.0013333334,0.0,0.0,0.003113996,0.15432969,0.1339888796210289,0.16949273645877838,0.024672085,1.5641655,1.5587487518787384,1.5762487351894379,0.019981032,1.5741653,1.5687487423419952,1.5862487256526947,0.019981032,633600.0,633600.0,633600.0,0.0
198,0.0,0.0,0.0,0.0,2.0,2.0,2.0,0.0,0.17426795,0.170859657227993,0.18285713717341423,0.010272068,0.17517121,0.1717512421309948,0.18371210992336273,0.010260539,1.009113,0.9974656254053116,1.021868348121643,0.022223908,0.098041855,0.09509462304413319,0.10058528557419777,0.005066146,0.098041855,0.09509462304413319,0.10058528557419777,0.005066146,1.0,1.0,1.0,0.0,0.00090327533,0.0008723232167540118,0.0009267888526665047,4.750808e-05,0.009213563,0.009129510959610343,0.009250125149264932,0.00013887722,-26.867857,-27.430227279663086,-26.2899808883667,0.722151,2.2200928,2.194468140602112,2.2481552362442017,0.048893575,0.74003094,0.7314893901348114,0.7493850886821747,0.01629786,0.16666667,0.15400001034140587,0.18000001087784767,0.031787172,0.0013333334,0.0,0.0,0.003113996,0.14635134,0.13381314277648926,0.1494779884815216,0.020026859,1.5741653,1.5687487423419952,1.5862487256526947,0.019981032,1.5841655,1.578748732805252,1.5962487161159515,0.019981032,636800.0,636800.0,636800.0,0.0
199,0.0,0.0,0.0,0.0,2.0,2.0,2.0,0.0,0.17517121,0.1717512421309948,0.18371210992336273,0.010260539,0.17609333,0.17263615503907204,0.18471118435263634,0.010282567,0.9976902,0.9753257036209106,1.0264038741588593,0.037494726,0.10088655,0.09410162083804607,0.10584630444645882,0.009072443,0.10088655,0.09410162083804607,0.10584630444645882,0.009072443,1.0,1.0,1.0,0.0,0.00092210335,0.0008686068904353306,0.0009628422849345952,7.793748e-05,0.00914472,0.009061296237632632,0.009181010071188211,0.00013783944,-27.002459,-27.31631565093994,-26.809673309326172,0.628674,2.1949623,2.145759403705597,2.2581335306167603,0.08249004,0.7316541,0.715253159403801,0.7527111768722534,0.027496671,0.18266667,0.16600001230835915,0.20400000363588333,0.037185855,0.0006666667,0.0,0.0,0.0023094013,0.15190332,0.13854734227061272,0.16794393584132195,0.023552552,1.5841655,1.578748732805252,1.5962487161159515,0.019981032,1.5941653,1.588748723268509,1.6062487065792084,0.019981032,640000.0,640000.0,640000.0,0.0
200,0.0,0.0,0.0,0.0,2.0,2.0,2.0,0.0,0.17609333,0.17263615503907204,0.18471118435263634,0.010282567,0.17699571,0.17356808856129646,0.18565154448151588,0.010304068,1.0033467,0.9762537330389023,1.0133590400218964,0.03149227,0.09946734,0.09697168320417404,0.1056207399815321,0.007015624,0.09946734,0.09697168320417404,0.1056207399815321,0.007015624,1.0,1.0,1.0,0.0,0.0009024039,0.0008680364990141243,0.0009525238128844649,5.9171874e-05,0.009076391,0.008993590483441949,0.009112409548833966,0.00013680938,-26.79817,-27.009271144866943,-26.520109176635742,0.6744263,2.2074068,2.1478010416030884,2.229434370994568,0.069284424,0.73580235,0.7159336805343628,0.7431448101997375,0.023094818,0.164,0.14800000935792923,0.1940000019967556,0.03896852,0.0,0.0,0.0,0.0,0.15185954,0.1373756006360054,0.15887772664427757,0.020660304,1.5941653,1.588748723268509,1.6062487065792084,0.019981032,1.6041654,1.5987487137317657,1.6162486970424652,0.019981032,643200.0,643200.0,643200.0,0.0
201,0.0,0.0,0.0,0.0,2.0,2.0,2.0,0.0,0.17699571,0.17356808856129646,0.18565154448151588,0.010304068,0.17781115,0.17442726716399193,0.18651354685425758,0.010446728,1.0127572,0.9914050996303558,1.0188483595848083,0.032301806,0.09073231,0.09575342386960983,0.10200143419206142,0.028826775,0.09734237,0.09575342386960983,0.10200143419206142,0.006838213,0.9166667,1.0,1.0,0.28867513,0.000815426,0.0008507289894623682,0.0009207947732647881,0.00026030786,0.009008572,0.008926391368731856,0.009044321486726403,0.00013578689,-27.083923,-27.356536865234375,-26.721566200256348,0.7990277,2.2281103,2.181134819984436,2.2415112257003784,0.071065396,0.74270344,0.7270449697971344,0.7471704334020615,0.02368847,0.16733335,0.1420000083744526,0.19200000166893005,0.03280059,0.0,0.0,0.0,0.0,0.15353967,0.14433390274643898,0.15964819863438606,0.0146913575,1.6041654,1.5987487137317657,1.6162486970424652,0.019981032,1.6141653,1.6087487041950226,1.626248687505722,0.019981032,646400.0,646400.0,646400.0,0.0
202,0.0,0.0,0.0,0.0,2.0,2.0,2.0,0.0,0.17781115,0.17442726716399193,0.18651354685425758,0.010446728,0.17869823,0.17530582472682,0.1874283403158188,0.010444109,1.0038333,0.9881877601146698,1.0202930271625519,0.021796549,0.09923569,0.09543518908321857,0.1027581188827753,0.0049803425,0.09923569,0.09543518908321857,0.1027581188827753,0.0049803425,1.0,1.0,1.0,0.0,0.00088707934,0.000868949995492585,0.0009109460370382294,4.1652285e-05,0.008941262,0.008859694004058838,0.008976743323728442,0.00013477291,-27.01046,-27.296523094177246,-26.62944269180298,0.46664384,2.2084775,2.1740564703941345,2.244689404964447,0.047953352,0.73615915,0.7246854901313782,0.7482298165559769,0.015984455,0.15666668,0.1340000070631504,0.17000001296401024,0.02759886,0.0,0.0,0.0,0.0,0.15476935,0.1426575407385826,0.16487833485007286,0.017217362,1.6141653,1.6087487041950226,1.626248687505722,0.019981032,1.6241654,1.6187486946582794,1.6362486779689789,0.019981032,649600.0,649600.0,649600.0,0.0
203,0.0,0.0,0.0,0.0,2.0,2.0,2.0,0.0,0.17869823,0.17530582472682,0.1874283403158188,0.010444109,0.17955999,0.17611004784703255,0.1883471943438053,0.01050041,1.0140307,0.9874339997768402,1.0429488718509674,0.040749613,0.09720563,0.09060617722570896,0.10293571278452873,0.008888665,0.09720563,0.09060617722570896,0.10293571278452873,0.008888665,1.0,1.0,1.0,0.0,0.0008617514,0.0008055735524976626,0.0009034562681335956,6.927776e-05,0.008874453,0.008793493965640664,0.008909669937565923,0.00013376586,-26.728897,-27.36692714691162,-26.17583656311035,0.9283673,2.230912,2.1723981499671936,2.294533371925354,0.08965096,0.7436374,0.7241327166557312,0.7648444622755051,0.029883657,0.16266668,0.1340000070631504,0.17600001022219658,0.04452034,0.0,0.0,0.0,0.0,0.15347223,0.13951925188302994,0.1704241931438446,0.017543182,1.6241654,1.6187486946582794,1.6362486779689789,0.019981032,1.6341653,1.6287486851215363,1.6462486684322357,0.019981032,652800.0,652800.0,652800.0,0.0
204,0.0,0.0,0.0,0.0,2.0,2.0,2.0,0.0,0.17955999,0.17611004784703255,0.1883471943438053,0.01050041,0.18041055,0.17692000791430473,0.1892065592110157,0.0105078,1.016312,1.003568410873413,1.0402432084083557,0.034291096,0.09659497,0.09115201607346535,0.09918172657489777,0.007866376,0.09659497,0.09115201607346535,0.09918172657489777,0.007866376,1.0,1.0,1.0,0.0,0.0008505736,0.0008099639089778066,0.0008695339492987841,6.666821e-05,0.008808143,0.008727789390832186,0.00884309783577919,0.00013276609,-27.266607,-27.885135650634766,-26.34603452682495,0.9649368,2.235931,2.2078946828842163,2.2885807752609253,0.075441934,0.7453103,0.7359648942947388,0.7628602683544159,0.02514731,0.14866668,0.12600000575184822,0.1600000113248825,0.024470145,0.0,0.0,0.0,0.0,0.15210229,0.14728472009301186,0.15658926591277122,0.010629089,1.6341653,1.6287486851215363,1.6462486684322357,0.019981032,1.6441654,1.638748675584793,1.6562486588954926,0.019981032,656000.0,656000.0,656000.0,0.0
205,0.0,0.0,0.0,0.0,2.0,2.0,2.0,0.0,0.18041055,0.17692000791430473,0.1892065592110157,0.0105078,0.18125851,0.17780350148677826,0.19002841413021088,0.010506775,1.0142,0.9955232292413712,1.0282032191753387,0.030535845,0.09700325,0.0937147531658411,0.10103747993707657,0.006848456,0.09700325,0.0937147531658411,0.10103747993707657,0.006848456,1.0,1.0,1.0,0.0,0.0008479626,0.0008085177978500724,0.0008834962063701823,5.965367e-05,0.00874233,0.008662577020004392,0.008777021197602153,0.00013177408,-27.169264,-27.539929389953613,-26.705172538757324,0.665525,2.2312844,2.19019478559494,2.2620922327041626,0.067180224,0.74376154,0.7300649285316467,0.7540307492017746,0.022393415,0.16533335,0.12800000607967377,0.21000000461935997,0.048161346,0.0013333334,0.0,0.0,0.003113996,0.14877439,0.13726594299077988,0.16250700131058693,0.016328186,1.6441654,1.638748675584793,1.6562486588954926,0.019981032,1.6541653,1.64874866604805,1.6662486493587494,0.019981032,659200.0,659200.0,659200.0,0.0
206,0.0,0.0,0.0,0.0,2.0,2.0,2.0,0.0,0.18125851,0.17780350148677826,0.19002841413021088,0.010506775,0.18212141,0.17860796302556992,0.19097431376576424,0.010514687,1.0036203,0.9970312118530273,1.0156817138195038,0.03550812,0.09947737,0.0964573509991169,0.10070564225316048,0.00827153,0.09947737,0.0964573509991169,0.10070564225316048,0.00827153,1.0,1.0,1.0,0.0,0.00086289947,0.00082815506902989,0.0008989089110400528,6.89759e-05,0.008677007,0.008597849868237972,0.008711440023034811,0.00013078979,-26.99714,-27.429870128631592,-26.664128303527832,0.557081,2.2080085,2.193512499332428,2.2345443964004517,0.07811945,0.7360029,0.7311708480119705,0.7448481470346451,0.026039818,0.16000001,0.13600000739097595,0.1680000089108944,0.029145403,0.0006666667,0.0,0.0,0.0023094013,0.15715557,0.14352277666330338,0.1659190021455288,0.019331591,1.6541653,1.64874866604805,1.6662486493587494,0.019981032,1.6641654,1.6587486565113068,1.6762486398220062,0.019981032,662400.0,662400.0,662400.0,0.0
207,0.0,0.0,0.0,0.0,2.0,2.0,2.0,0.0,0.18212141,0.17860796302556992,0.19097431376576424,0.010514687,0.18296432,0.17938902974128723,0.19187556952238083,0.010546727,1.0100173,0.9906968176364899,1.0290549397468567,0.030910209,0.09794534,0.09353626519441605,0.10217260196805,0.006898124,0.09794534,0.09353626519441605,0.10217260196805,0.006898124,1.0,1.0,1.0,0.0,0.0008429136,0.0008155368268489838,0.0008775793539825827,5.0727685e-05,0.008612174,0.008533607004210353,0.008646350121125579,0.00012981273,-27.169188,-27.55591106414795,-26.527538299560547,0.8340097,2.2220824,2.1795765161514282,2.263966143131256,0.068003826,0.7406941,0.7265255153179169,0.7546554207801819,0.022667943,0.168,0.13600000739097595,0.1940000019967556,0.037367947,0.0,0.0,0.0,0.0,0.15637368,0.14923085272312164,0.163009624928236,0.012660179,1.6641654,1.6587486565113068,1.6762486398220062,0.019981032,1.6741652,1.6687486469745636,1.686248630285263,0.019981032,665600.0,665600.0,665600.0,0.0
208,0.0,0.0,0.0,0.0,2.0,2.0,2.0,0.0,0.18296432,0.17938902974128723,0.19187556952238083,0.010546727,0.18379325,0.18014876917004585,0.19265054538846016,0.01051171,1.0149056,0.9898690283298492,1.0378752946853638,0.036041886,0.09692943,0.09165219403803349,0.10236137174069881,0.007966076,0.09692943,0.09165219403803349,0.10236137174069881,0.007966076,1.0,1.0,1.0,0.0,0.0008289093,0.0007829189416952431,0.0008764874219195917,7.374782e-05,0.008547823,0.008469844236969948,0.008581743575632572,0.00012884216,-27.161102,-27.451810359954834,-26.70946168899536,0.7692189,2.232837,2.177755355834961,2.2833712100982666,0.07929373,0.74427897,0.7259184867143631,0.761123776435852,0.02643125,0.16583334,0.13749999925494194,0.1824999935925007,0.04273775,0.0,0.0,0.0,0.0,0.1522234,0.13730334118008614,0.16441971436142921,0.018980952,1.6741652,1.6687486469745636,1.686248630285263,0.019981032,1.6841654,1.6787486374378204,1.69624862074852,0.019981032,668800.0,668800.0,668800.0,0.0
209,0.0,0.0,0.0,0.0,2.0,2.0,2.0,0.0,0.18379325,0.18014876917004585,0.19265054538846016,0.01051171,0.18462472,0.18099956586956978,0.19344502687454224,0.0105083985,1.0091504,1.00502210855484,1.023720145225525,0.021471221,0.098026045,0.09468474984169006,0.09885035455226898,0.004927836,0.098026045,0.09468474984169006,0.09885035455226898,0.004927836,1.0,1.0,1.0,0.0,0.0008314783,0.0008061158296186477,0.0008483440615236759,3.9695482e-05,0.008483955,0.008406558772549033,0.008517621317878366,0.00012787941,-27.259447,-27.72802495956421,-26.813351154327393,0.6875163,2.220175,2.211092710494995,2.2522292733192444,0.047237635,0.74005836,0.7370309233665466,0.7507431209087372,0.015745882,0.18133335,0.16600001230835915,0.20000000298023224,0.029410366,0.0006666667,0.0,0.0,0.0023094013,0.16462038,0.13826675340533257,0.1891443282365799,0.030244734,1.6841654,1.6787486374378204,1.69624862074852,0.019981032,1.6941652,1.6887486279010773,1.7062486112117767,0.019981032,672000.0,672000.0,672000.0,0.0
210,0.0,0.0,0.0,0.0,2.0,2.0,2.0,0.0,0.18462472,0.18099956586956978,0.19344502687454224,0.0105083985,0.18540417,0.18179886788129807,0.19420543685555458,0.010495054,1.0348804,1.0084565579891205,1.0581890046596527,0.034134474,0.0925434,0.08746044896543026,0.09807163290679455,0.0072452514,0.0925434,0.08746044896543026,0.09807163290679455,0.0072452514,1.0,1.0,1.0,0.0,0.0007794414,0.0007484792295144871,0.0008160037250490859,6.433983e-05,0.008420563,0.008343745023012161,0.008453978225588799,0.00012692438,-27.785065,-28.124807357788086,-27.248762130737305,0.7311239,2.2767823,2.2186487913131714,2.328062415122986,0.075097375,0.7589274,0.7395496070384979,0.7760208249092102,0.025032453,0.15266667,0.1340000070631504,0.17000001296401024,0.021154558,0.0,0.0,0.0,0.0,0.16031247,0.15239816904067993,0.16825923323631287,0.014115832,1.6941652,1.6887486279010773,1.7062486112117767,0.019981032,1.7041653,1.698748618364334,1.7162486016750336,0.019981032,675200.0,675200.0,675200.0,0.0
211,0.0,0.0,0.0,0.0,2.0,2.0,2.0,0.0,0.18540417,0.18179886788129807,0.19420543685555458,0.010495054,0.18619978,0.1825360469520092,0.19498416781425476,0.010498519,1.0225304,0.9903051555156708,1.0462086498737335,0.033431496,0.095204316,0.08990664966404438,0.10225755348801613,0.007399604,0.095204316,0.08990664966404438,0.10225755348801613,0.007399604,1.0,1.0,1.0,0.0,0.00079563266,0.0007517031481256709,0.0008608195930719376,6.219869e-05,0.008357645,0.00828140159137547,0.008390811504796147,0.00012597552,-27.126993,-27.71370506286621,-26.377893447875977,0.80693334,2.2496119,2.178714871406555,2.301705062389374,0.07355076,0.7498706,0.7262383252382278,0.767235055565834,0.024516916,0.15333334,0.12600000575184822,0.1860000118613243,0.037185855,0.0,0.0,0.0,0.0,0.15612616,0.13813678175210953,0.16637162491679192,0.016398106,1.7041653,1.698748618364334,1.7162486016750336,0.019981032,1.7141652,1.708748608827591,1.7262485921382904,0.019981032,678400.0,678400.0,678400.0,0.0
212,0.0,0.0,0.0,0.0,2.0,2.0,2.0,0.0,0.18619978,0.1825360469520092,0.19498416781425476,0.010498519,0.18701869,0.18337930738925934,0.1957690678536892,0.010474797,1.0063235,0.9921907335519791,1.019074946641922,0.02493424,0.098702975,0.09572889097034931,0.10181625932455063,0.0056371554,0.098702975,0.09572889097034931,0.10181625932455063,0.0056371554,1.0,1.0,1.0,0.0,0.0008189085,0.0007823097839718685,0.0008578532579122111,5.0662395e-05,0.008295198,0.0082195233553648,0.008328115567564964,0.00012503403,-26.865486,-27.02495813369751,-26.785093307495117,0.39580834,2.2139556,2.182863175868988,2.242009699344635,0.054856416,0.7379853,0.7276210784912109,0.7473365813493729,0.018285472,0.15266667,0.13200000673532486,0.16600001230835915,0.029037073,0.0,0.0,0.0,0.0,0.14804251,0.13536963239312172,0.1622946411371231,0.01897085,1.7141652,1.708748608827591,1.7262485921382904,0.019981032,1.7241653,1.7187485992908478,1.7362485826015472,0.019981032,681600.0,681600.0,681600.0,0.0
213,0.0,0.0,0.0,0.0,2.0,2.0,2.0,0.0,0.18701869,0.18337930738925934,0.1957690678536892,0.010474797,0.1877249,0.18396305665373802,0.1966545768082142,0.010542597,1.0362126,1.0168296992778778,1.0792812407016754,0.043624245,0.085849084,0.0833143312484026,0.09619956836104393,0.028287921,0.09242789,0.0833143312484026,0.09619956836104393,0.009344395,0.9166667,1.0,1.0,0.28867513,0.0007062167,0.0006981075857765973,0.0007916282484075055,0.00023148576,0.008233217,0.008158107986673713,0.008265888085588813,0.00012409981,-27.690527,-28.09558343887329,-27.066814422607422,0.9155061,2.2797134,2.2370700240135193,2.374466121196747,0.09597525,0.75990444,0.7456900328397751,0.7914887368679047,0.03199175,0.13933334,0.10400000214576721,0.1600000113248825,0.034528866,0.0,0.0,0.0,0.0,0.16556661,0.14875466376543045,0.18151605129241943,0.01879735,1.7241653,1.7187485992908478,1.7362485826015472,0.019981032,1.7341652,1.7287485897541046,1.746248573064804,0.019981032,684800.0,684800.0,684800.0,0.0
214,0.0,0.0,0.0,0.0,2.0,2.0,2.0,0.0,0.1877249,0.18396305665373802,0.1966545768082142,0.010542597,0.18852885,0.18475977331399918,0.1974545530974865,0.0105401585,1.0076715,0.9886011928319931,1.0201722979545593,0.024713444,0.09839482,0.09546141885221004,0.10266186855733395,0.0055890973,0.09839482,0.09546141885221004,0.10266186855733395,0.0055890973,1.0,1.0,1.0,0.0,0.000803944,0.0007774599071126431,0.0008380087529076263,4.497751e-05,0.008171698,0.00809715106151998,0.008204126730561256,0.00012317293,-27.243567,-27.44708013534546,-27.054908275604248,0.42223263,2.2169213,2.1749660968780518,2.244423985481262,0.054370653,0.7389738,0.7249887138605118,0.7481413632631302,0.018123552,0.15066667,0.13600000739097595,0.16200001165270805,0.021257441,0.0,0.0,0.0,0.0,0.15335013,0.13596158474683762,0.16229159384965897,0.020554632,1.7341652,1.7287485897541046,1.746248573064804,0.019981032,1.7441653,1.7387485802173615,1.756248563528061,0.019981032,688000.0,688000.0,688000.0,0.0
215,0.0,0.0,0.0,0.0,2.0,2.0,2.0,0.0,0.18852885,0.18475977331399918,0.1974545530974865,0.0105401585,0.18933712,0.18550823628902435,0.19827811792492867,0.01056726,1.0023475,0.9744135737419128,1.0325499176979065,0.03220597,0.09970803,0.09277908504009247,0.1060688029974699,0.007223549,0.09970803,0.09277908504009247,0.1060688029974699,0.007223549,1.0,1.0,1.0,0.0,0.0008082438,0.0007558086945209652,0.0008520248520653695,5.318489e-05,0.00811064,0.008036649320274591,0.008142826380208135,0.00012225252,-26.959219,-27.21928834915161,-26.54416275024414,0.6067996,2.2052085,2.143752694129944,2.2716552019119263,0.07085452,0.7350695,0.7145842611789703,0.7572184354066849,0.023618178,0.16533335,0.1420000083744526,0.18800001218914986,0.041963913,0.0,0.0,0.0,0.0,0.15042622,0.13868891447782516,0.15816251188516617,0.015977439,1.7441653,1.7387485802173615,1.756248563528061,0.019981032,1.7541652,1.7487485706806183,1.7662485539913177,0.019981032,691200.0,691200.0,691200.0,0.0
216,0.0,0.0,0.0,0.0,2.0,2.0,2.0,0.0,0.18933712,0.18550823628902435,0.19827811792492867,0.01056726,0.19013079,0.186294574290514,0.19914694130420685,0.010566868,1.0072361,0.9818801432847977,1.0373777747154236,0.032215927,0.098597735,0.09175389260053635,0.1042605359107256,0.0073938514,0.098597735,0.09175389260053635,0.1042605359107256,0.0073938514,1.0,1.0,1.0,0.0,0.00079367915,0.00074997432238888,0.0008448565349681303,5.9951315e-05,0.008050038,0.007976599968969822,0.008081983076408505,0.00012133913,-26.871447,-27.357654571533203,-26.587952136993408,0.57076436,2.2159636,2.1601794362068176,2.2822765707969666,0.070876434,0.7386546,0.7200598120689392,0.7607588917016983,0.023625482,0.15733334,0.13600000739097595,0.18800001218914986,0.029607533,0.0,0.0,0.0,0.0,0.14878292,0.13849101588129997,0.15453318879008293,0.020921124,1.7541652,1.7487485706806183,1.7662485539913177,0.019981032,1.7641653,1.7587485611438751,1.7762485444545746,0.019981032,694400.0,694400.0,694400.0,0.0
217,0.0,0.0,0.0,0.0,2.0,2.0,2.0,0.0,0.19013079,0.186294574290514,0.19914694130420685,0.010566868,0.19091958,0.18711229786276817,0.19988196715712547,0.010549217,1.006265,0.9849095046520233,1.0261636972427368,0.024234477,0.09870872,0.09415938891470432,0.10353687778115273,0.0055191675,0.09870872,0.09415938891470432,0.10353687778115273,0.0055191675,1.0,1.0,1.0,0.0,0.0007887908,0.0007549699948867783,0.0008326066745212302,4.7819278e-05,0.007989888,0.00791699904948473,0.008021594490855932,0.00012043249,-26.959417,-27.374281883239746,-26.487687587738037,0.5841918,2.2138274,2.1668441891670227,2.2576051354408264,0.053316906,0.7379425,0.7222814112901688,0.7525350451469421,0.017772298,0.15933333,0.11600000411272049,0.18800001218914986,0.052676257,0.0,0.0,0.0,0.0,0.14341238,0.13417090103030205,0.15265916660428047,0.01930221,1.7641653,1.7587485611438751,1.7762485444545746,0.019981032,1.7741652,1.768748551607132,1.7862485349178314,0.019981032,697600.0,697600.0,697600.0,0.0
218,0.0,0.0,0.0,0.0,2.0,2.0,2.0,0.0,0.19091958,0.18711229786276817,0.19988196715712547,0.010549217,0.19169033,0.18790099397301674,0.2006329894065857,0.010550704,1.0134232,0.9923509657382965,1.0386399030685425,0.03359058,0.09722096,0.09148715250194073,0.10178332403302193,0.0074531315,0.09722096,0.09148715250194073,0.10178332403302193,0.0074531315,1.0,1.0,1.0,0.0,0.0007707513,0.0007226062589325011,0.0008117620018310845,5.72652e-05,0.007930188,0.007857844000682235,0.007961657829582691,0.00011953272,-27.168367,-27.48533535003662,-26.562756538391113,0.8175606,2.2295756,2.1832157373428345,2.2850533723831177,0.07390076,0.7431919,0.7277385890483856,0.7616844773292542,0.02463359,0.15533334,0.14400000870227814,0.16600001230835915,0.020024229,0.0,0.0,0.0,0.0,0.15059683,0.1315849907696247,0.1714281551539898,0.025745679,1.7741652,1.768748551607132,1.7862485349178314,0.019981032,1.7841653,1.7787485420703888,1.7962485253810883,0.019981032,700800.0,700800.0,700800.0,0.0
219,0.0,0.0,0.0,0.0,2.0,2.0,2.0,0.0,0.19169033,0.18790099397301674,0.2006329894065857,0.010550704,0.19244821,0.18863427266478539,0.20141498371958733,0.010551914,1.0171182,1.003951296210289,1.0351334810256958,0.025922079,0.09629533,0.09222880937159061,0.09909629821777344,0.005925589,0.09629533,0.09222880937159061,0.09909629821777344,0.005925589,1.0,1.0,1.0,0.0,0.0007578987,0.000728782411897555,0.000776323868194595,4.7404676e-05,0.007870934,0.0077991310972720385,0.007902168668806553,0.00011863954,-27.196993,-27.81222105026245,-26.989241123199463,0.75956964,2.2377048,2.2087368965148926,2.2773391008377075,0.057029728,0.7459016,0.7362456619739532,0.759113073348999,0.019009918,0.15333335,0.14000000804662704,0.16200001165270805,0.026605994,0.0,0.0,0.0,0.0,0.15992074,0.14924582839012146,0.1716296672821045,0.014140692,1.7841653,1.7787485420703888,1.7962485253810883,0.019981032,1.7941651,1.7887485325336456,1.806248515844345,0.019981032,704000.0,704000.0,704000.0,0.0
220,0.0,0.0,0.0,0.0,2.0,2.0,2.0,0.0,0.19244821,0.18863427266478539,0.20141498371958733,0.010551914,0.19321333,0.18948706984519958,0.20221177488565445,0.010526035,1.0106181,0.9838259518146515,1.037919282913208,0.037922222,0.09792668,0.09166661277413368,0.10379508510231972,0.008570329,0.09792668,0.09166661277413368,0.10379508510231972,0.008570329,1.0,1.0,1.0,0.0,0.0007650989,0.0007183548586908728,0.0008022242545848712,6.886328e-05,0.0078121237,0.00774085579905659,0.007843124913051724,0.00011775283,-27.08043,-27.674448013305664,-26.526527404785156,0.79684937,2.2234042,2.1644603610038757,2.2834681272506714,0.083430566,0.7411348,0.7214867919683456,0.7611560523509979,0.027810188,0.17666668,0.1640000119805336,0.1940000019967556,0.026303587,0.0,0.0,0.0,0.0,0.15813209,0.1374163143336773,0.17325850948691368,0.021429397,1.7941651,1.7887485325336456,1.806248515844345,0.019981032,1.8041652,1.7987485229969025,1.816248506307602,0.019981032,707200.0,707200.0,707200.0,0.0
221,0.0,0.0,0.0,0.0,2.0,2.0,2.0,0.0,0.19321333,0.18948706984519958,0.20221177488565445,0.010526035,0.19394632,0.1902070716023445,0.20306576788425446,0.010561606,1.0266246,0.9918889999389648,1.0642459690570831,0.04917,0.094608605,0.08625979907810688,0.10190298780798912,0.010739629,0.094608605,0.08625979907810688,0.10190298780798912,0.010739629,1.0,1.0,1.0,0.0,0.0007329954,0.0006693070608889684,0.0007909290143288672,7.836333e-05,0.0077537517,0.007683017291128635,0.007784520974382758,0.00011687319,-27.36065,-28.051772594451904,-26.257957458496094,1.0921513,2.2586193,2.1821993589401245,2.341387987136841,0.10817616,0.7528731,0.7273998111486435,0.7804626673460007,0.03605872,0.14916666,0.13499999977648258,0.16249999776482582,0.022343732,0.0,0.0,0.0,0.0,0.15139583,0.13137809187173843,0.17643950507044792,0.025482722,1.8041652,1.7987485229969025,1.816248506307602,0.019981032,1.8141651,1.8087485134601593,1.8262484967708588,0.019981032,710400.0,710400.0,710400.0,0.0
222,0.0,0.0,0.0,0.0,2.0,2.0,2.0,0.0,0.19394632,0.1902070716023445,0.20306576788425446,0.010561606,0.19468333,0.19088809192180634,0.2037659026682377,0.010550841,1.0202013,0.9960408508777618,1.0536229312419891,0.03553284,0.09574771,0.08838602341711521,0.10094575770199299,0.0078093926,0.09574771,0.08838602341711521,0.10094575770199299,0.0078093926,1.0,1.0,1.0,0.0,0.0007370093,0.0006683251558570191,0.000792177117546089,6.27625e-05,0.007695816,0.007625609170645475,0.00772635533940047,0.00011599989,-27.249031,-27.570443630218506,-26.78178310394287,0.68385947,2.2444875,2.191333532333374,2.318016767501831,0.07817382,0.7481625,0.7304445207118988,0.7726722657680511,0.026057946,0.16733335,0.1420000083744526,0.1940000131726265,0.041141294,0.0,0.0,0.0,0.0,0.1534747,0.14770832285284996,0.16262025013566017,0.0142052965,1.8141651,1.8087485134601593,1.8262484967708588,0.019981032,1.8241652,1.8187485039234161,1.8362484872341156,0.019981032,713600.0,713600.0,713600.0,0.0
223,0.0,0.0,0.0,0.0,2.0,2.0,2.0,0.0,0.19468333,0.19088809192180634,0.2037659026682377,0.010550841,0.19542122,0.19164852052927017,0.20453593507409096,0.010576475,1.0158144,0.9899539351463318,1.0451048016548157,0.031513873,0.09665751,0.0901353619992733,0.10234272666275501,0.0070329234,0.09665751,0.0901353619992733,0.10234272666275501,0.0070329234,1.0,1.0,1.0,0.0,0.00073788926,0.0007012908172328025,0.0007796794379828498,4.859168e-05,0.0076383133,0.007568631670437753,0.007668625563383102,0.000115133196,-27.197962,-27.766677856445312,-26.927534580230713,0.62989396,2.2348363,2.177942156791687,2.2992764711380005,0.069331914,0.74494547,0.725980743765831,0.7664254903793335,0.023110626,0.14466667,0.12000000476837158,0.17000001296401024,0.03059808,0.0006666667,0.0,0.0,0.0023094013,0.15966229,0.15173879638314247,0.17042652890086174,0.01624849,1.8241652,1.8187485039234161,1.8362484872341156,0.019981032,1.8341651,1.828748494386673,1.8462484776973724,0.019981032,716800.0,716800.0,716800.0,0.0
224,0.0,0.0,0.0,0.0,2.0,2.0,2.0,0.0,0.19542122,0.19164852052927017,0.20453593507409096,0.010576475,0.19614883,0.19243627786636353,0.20518802851438522,0.010555959,1.0190629,0.9905728548765182,1.0402878522872925,0.03329229,0.09596485,0.09115380421280861,0.10219631344079971,0.00740835,0.09596485,0.09115380421280861,0.10219631344079971,0.00740835,1.0,1.0,1.0,0.0,0.00072761904,0.0006879098655190319,0.000784818606916815,5.8210175e-05,0.00758124,0.007512079435400665,0.007611324544996023,0.000114272734,-27.015436,-27.341705322265625,-26.301751613616943,0.87910485,2.241983,2.179303824901581,2.2886788845062256,0.07324448,0.7473276,0.7264346182346344,0.7628929615020752,0.024414822,0.14600001,0.13600000739097595,0.15400001034140587,0.01282044,0.0,0.0,0.0,0.0,0.15791129,0.1399073339998722,0.1782791055738926,0.020763593,1.8341651,1.828748494386673,1.8462484776973724,0.019981032,1.8441652,1.8387484848499298,1.8562484681606293,0.019981032,720000.0,720000.0,720000.0,0.0
225,0.0,0.0,0.0,0.0,2.0,2.0,2.0,0.0,0.19614883,0.19243627786636353,0.20518802851438522,0.010555959,0.1968913,0.19307317957282066,0.20596268400549889,0.010559837,1.0083601,0.9894995540380478,1.0380403399467468,0.048994508,0.09866717,0.09166071750223637,0.10248272493481636,0.011144381,0.09866717,0.09166071750223637,0.10248272493481636,0.011144381,1.0,1.0,1.0,0.0,0.0007424573,0.000679430173477158,0.0007735993567621335,8.480347e-05,0.007524594,0.0074559502536430955,0.007554453914053738,0.00011341883,-27.021385,-27.38857078552246,-26.34452247619629,1.0258262,2.2184367,2.176942467689514,2.283734440803528,0.10779006,0.7394789,0.7256475239992142,0.7612448334693909,0.035930015,0.16666667,0.12600000575184822,0.1900000125169754,0.044585638,0.0013333334,0.0,0.0,0.003113996,0.15539055,0.14650459587574005,0.17281032726168633,0.018070117,1.8441652,1.8387484848499298,1.8562484681606293,0.019981032,1.8541651,1.8487484753131866,1.866248458623886,0.019981032,723200.0,723200.0,723200.0,0.0
226,0.0,0.0,0.0,0.0,2.0,2.0,2.0,0.0,0.1968913,0.19307317957282066,0.20596268400549889,0.010559837,0.19762373,0.19374042004346848,0.20666606724262238,0.0105490405,1.0091366,0.9897661507129669,1.0250673294067383,0.024986638,0.09806475,0.09439187683165073,0.10238783434033394,0.0055248183,0.09806475,0.09439187683165073,0.10238783434033394,0.0055248183,1.0,1.0,1.0,0.0,0.0007324445,0.0006985258805798367,0.0007671125640626997,4.389189e-05,0.0074683707,0.007400239119306207,0.007498007849790156,0.00011257177,-27.257559,-27.764623641967773,-26.735398769378662,0.6033993,2.220145,2.177529036998749,2.2551931738853455,0.05497169,0.74004835,0.7258430272340775,0.7517310976982117,0.018323902,0.17533334,0.15600001066923141,0.20000000298023224,0.031349447,0.0,0.0,0.0,0.0,0.15558621,0.14720043540000916,0.16459275409579277,0.019082732,1.8541651,1.8487484753131866,1.866248458623886,0.019981032,1.8641652,1.8587484657764435,1.876248449087143,0.019981032,726400.0,726400.0,726400.0,0.0
227,0.0,0.0,0.0,0.0,2.0,2.0,2.0,0.0,0.19762373,0.19374042004346848,0.20666606724262238,0.0105490405,0.1982738,0.19426537305116653,0.207414198666811,0.010602955,1.0271775,1.0010537803173065,1.0473502576351166,0.03822921,0.087758906,0.08969307504594326,0.09975768439471722,0.02829995,0.09425885,0.08969307504594326,0.09975768439471722,0.007956647,0.9166667,1.0,1.0,0.28867513,0.00065005064,0.0006580605695489794,0.0007372610562015325,0.0002089218,0.0074125673,0.007344945101067424,0.007441983441822231,0.00011173023,-27.349915,-27.639616012573242,-26.880565643310547,0.8550199,2.2598355,2.202362358570099,2.3042165637016296,0.08410592,0.7532785,0.7341208159923553,0.7680722177028656,0.028035304,0.158,0.12200000509619713,0.1860000118613243,0.04221159,0.0,0.0,0.0,0.0,0.15814202,0.14778771251440048,0.15880471095442772,0.02358087,1.8641652,1.8587484657764435,1.876248449087143,0.019981032,1.874165,1.8687484562397003,1.8862484395503998,0.019981032,729600.0,729600.0,729600.0,0.0
228,0.0,0.0,0.0,0.0,2.0,2.0,2.0,0.0,0.1982738,0.19426537305116653,0.207414198666811,0.010602955,0.19899519,0.19496147334575653,0.20818061381578445,0.010631154,1.0097777,0.985175296664238,1.0424140095710754,0.03839116,0.098118536,0.09070188365876675,0.10347245633602142,0.008451496,0.098118536,0.09070188365876675,0.10347245633602142,0.008451496,1.0,1.0,1.0,0.0,0.00072139356,0.0006676839984720573,0.0007583236583741382,5.7012414e-05,0.0073571815,0.007290064007975161,0.007386376848444343,0.000110895475,-26.927002,-27.194074153900146,-26.45572280883789,0.71619755,2.221555,2.1674289107322693,2.2933565378189087,0.084462225,0.7405184,0.7224763333797455,0.7644522041082382,0.028154077,0.16000001,0.1340000070631504,0.18400001525878906,0.036261678,0.0,0.0,0.0,0.0,0.15411226,0.13832054659724236,0.16296686232089996,0.024962712,1.874165,1.8687484562397003,1.8862484395503998,0.019981032,1.8841652,1.8787484467029572,1.8962484300136566,0.019981032,732800.0,732800.0,732800.0,0.0
229,0.0,0.0,0.0,0.0,2.0,2.0,2.0,0.0,0.19899519,0.19496147334575653,0.20818061381578445,0.010631154,0.19968595,0.1956549696624279,0.20885232463479042,0.010632059,1.0253481,1.0044992715120316,1.0532593429088593,0.035510316,0.094622105,0.08846783451735973,0.09898667968809605,0.007825204,0.094622105,0.08846783451735973,0.09898667968809605,0.007825204,1.0,1.0,1.0,0.0,0.00069077266,0.000648068540613167,0.000733744353055954,5.552163e-05,0.0073022083,0.007235593511722982,0.007331186207011342,0.000110066976,-27.503664,-27.865461349487305,-27.38451862335205,0.6744239,2.2558107,2.2099425196647644,2.3172168135643005,0.07812424,0.7519369,0.7366475313901901,0.7724056243896484,0.026041409,0.15200001,0.14000000804662704,0.18400001525878906,0.031449817,0.0006666667,0.0,0.0,0.0023094013,0.15373148,0.14042805507779121,0.16523265838623047,0.012318324,1.8841652,1.8787484467029572,1.8962484300136566,0.019981032,1.894165,1.888748437166214,1.9062484204769135,0.019981032,736000.0,736000.0,736000.0,0.0
230,0.0,0.0,0.0,0.0,2.0,2.0,2.0,0.0,0.19968595,0.1956549696624279,0.20885232463479042,0.010632059,0.20037119,0.19628439471125603,0.2095235139131546,0.010648626,1.0250365,1.0065887570381165,1.0377480387687683,0.0293157,0.09459669,0.09168556705117226,0.09849566034972668,0.0064497814,0.09459669,0.09168556705117226,0.09849566034972668,0.0064497814,1.0,1.0,1.0,0.0,0.0006852183,0.000661534970276989,0.0007096006156643853,4.1110365e-05,0.0072476473,0.007181529188528657,0.007276408257894218,0.000109244786,-27.242044,-27.597392559051514,-26.8016300201416,0.6958147,2.2551253,2.2145394682884216,2.2830913066864014,0.064495794,0.7517085,0.7381798475980759,0.761030450463295,0.021498604,0.15733333,0.1380000077188015,0.19200000166893005,0.039389275,0.0,0.0,0.0,0.0,0.16188633,0.1450709104537964,0.1741478629410267,0.024293983,1.894165,1.888748437166214,1.9062484204769135,0.019981032,1.9041651,1.8987484276294708,1.9162484109401703,0.019981032,739200.0,739200.0,739200.0,0.0
231,0.0,0.0,0.0,0.0,2.0,2.0,2.0,0.0,0.20037119,0.19628439471125603,0.2095235139131546,0.010648626,0.20105125,0.1969573237001896,0.21022853255271912,0.010630219,1.0248976,1.0102159082889557,1.037436693906784,0.021448234,0.09453276,0.09174132905900478,0.09767607785761356,0.004589808,0.09453276,0.09174132905900478,0.09767607785761356,0.004589808,1.0,1.0,1.0,0.0,0.0006800709,0.0006610195268876851,0.0007081764924805611,3.5381563e-05,0.0071934927,0.007127869408577681,0.007222039741463959,0.00010842834,-27.344797,-27.799256801605225,-26.816343307495117,0.6252614,2.2548196,2.222519338130951,2.282406270503998,0.047187056,0.7516065,0.7408397942781448,0.7608021199703217,0.015729018,0.12733334,0.09600000083446503,0.14600000903010368,0.03134945,0.0,0.0,0.0,0.0,0.14971969,0.1401638239622116,0.15447070449590683,0.014769214,1.9041651,1.8987484276294708,1.9162484109401703,0.019981032,1.914165,1.9087484180927277,1.9262484014034271,0.019981032,742400.0,742400.0,742400.0,0.0
232,0.0,0.0,0.0,0.0,2.0,2.0,2.0,0.0,0.20105125,0.1969573237001896,0.21022853255271912,0.010630219,0.20175402,0.19769757986068726,0.21096402406692505,0.010608118,1.0075053,0.9892633855342865,1.0287910103797913,0.02201565,0.098402165,0.09358728118240833,0.10250346921384335,0.0049649794,0.098402165,0.09358728118240833,0.10250346921384335,0.0049649794,1.0,1.0,1.0,0.0,0.0007027614,0.0006605810631299391,0.0007317044219234958,4.0680792e-05,0.007139744,0.007074610097333789,0.007168076699599624,0.000107617954,-26.836142,-27.320455074310303,-26.227932453155518,0.79021,2.2165558,2.176422894001007,2.2633854746818542,0.048435386,0.73885196,0.7254743278026581,0.7544618397951126,0.016145129,0.15,0.12000000476837158,0.17200001329183578,0.040809985,0.0006666667,0.0,0.0,0.0023094013,0.14732887,0.13299788162112236,0.1508045196533203,0.024550533,1.914165,1.9087484180927277,1.9262484014034271,0.019981032,1.9241651,1.9187484085559845,1.936248391866684,0.019981032,745600.0,745600.0,745600.0,0.0
233,0.0,0.0,0.0,0.0,2.0,2.0,2.0,0.0,0.20175402,0.19769757986068726,0.21096402406692505,0.010608118,0.20242871,0.19838380813598633,0.21158241480588913,0.010609892,1.0228245,1.0061985552310944,1.0494080781936646,0.038476437,0.09522464,0.0892682746052742,0.09859415143728256,0.008542,0.09522464,0.0892682746052742,0.09859415143728256,0.008542,1.0,1.0,1.0,0.0,0.00067470834,0.0006446544866776094,0.0006947324436623603,6.0219936e-05,0.007086396,0.007021750207059085,0.0071145170368254185,0.00010681385,-27.277498,-27.798376083374023,-26.79267120361328,0.7120246,2.250259,2.2136809825897217,2.3087437748908997,0.084649846,0.7500863,0.737893670797348,0.7695812582969666,0.02821661,0.15200001,0.12800000607967377,0.1640000119805336,0.029145405,0.0006666667,0.0,0.0,0.0023094013,0.16145743,0.14222072437405586,0.17701372876763344,0.029318113,1.9241651,1.9187484085559845,1.936248391866684,0.019981032,1.934165,1.9287483990192413,1.9462483823299408,0.019981032,748800.0,748800.0,748800.0,0.0
234,0.0,0.0,0.0,0.0,2.0,2.0,2.0,0.0,0.20242871,0.19838380813598633,0.21158241480588913,0.010609892,0.2031097,0.19911053031682968,0.21222717687487602,0.010599967,1.0147406,0.9978949129581451,1.0344807803630829,0.026800143,0.09683403,0.0923676285892725,0.10049283504486084,0.0061022774,0.09683403,0.0923676285892725,0.10049283504486084,0.0061022774,1.0,1.0,1.0,0.0,0.0006809829,0.0006467369676101953,0.0007212701748358086,4.235084e-05,0.007033447,0.006969283102080226,0.007061357842758298,0.000106016036,-26.971773,-27.465262413024902,-26.571805953979492,0.95583606,2.232474,2.1954126358032227,2.2759031653404236,0.058961473,0.744158,0.7318042367696762,0.7586343884468079,0.01965382,0.14666666,0.11749999783933163,0.19249999523162842,0.051757004,0.0,0.0,0.0,0.0,0.14767154,0.12769689224660397,0.16508928313851357,0.022479216,1.934165,1.9287483990192413,1.9462483823299408,0.019981032,1.9441651,1.9387483894824982,1.9562483727931976,0.019981032,752000.0,752000.0,752000.0,0.0
235,0.0,0.0,0.0,0.0,2.0,2.0,2.0,0.0,0.2031097,0.19911053031682968,0.21222717687487602,0.010599967,0.20380665,0.1997990719974041,0.2128719724714756,0.010581392,1.001116,0.9908119440078735,1.0113219022750854,0.018465381,0.09982583,0.09743134677410126,0.10213821940124035,0.004230394,0.09982583,0.09743134677410126,0.10213821940124035,0.004230394,1.0,1.0,1.0,0.0,0.00069696247,0.0006784144061384723,0.0007165984570747241,3.3181517e-05,0.0069808937,0.0069172094808891416,0.007008596905507147,0.000105223684,-27.042847,-27.290119171142578,-26.68727445602417,0.45718727,2.2024992,2.179829776287079,2.2249526977539062,0.040624633,0.73416644,0.72660993039608,0.7416509091854095,0.013541548,0.16133334,0.13600000739097595,0.17800001427531242,0.03160361,0.0006666667,0.0,0.0,0.0023094013,0.15068355,0.14168719202280045,0.15788599103689194,0.0138711175,1.9441651,1.9387483894824982,1.9562483727931976,0.019981032,1.954165,1.948748379945755,1.9662483632564545,0.019981032,755200.0,755200.0,755200.0,0.0
236,0.0,0.0,0.0,0.0,2.0,2.0,2.0,0.0,0.20380665,0.1997990719974041,0.2128719724714756,0.010581392,0.20448118,0.20045307278633118,0.21359523013234138,0.010604174,1.0124131,0.9881951957941055,1.0425370037555695,0.031466253,0.09741766,0.09066996350884438,0.10276001878082752,0.0071177287,0.09741766,0.09066996350884438,0.10276001878082752,0.0071177287,1.0,1.0,1.0,0.0,0.0006745202,0.000641019141767174,0.0007048214465612546,4.296157e-05,0.0069287326,0.006865524686872959,0.0069562282878905535,0.000104437306,-27.122454,-27.662688732147217,-26.617082118988037,0.8113933,2.2273533,2.174072802066803,2.293627142906189,0.06922713,0.74245113,0.7246909588575363,0.7645424008369446,0.023075707,0.17066668,0.15800001099705696,0.1860000118613243,0.019396968,0.0,0.0,0.0,0.0,0.16173175,0.14830883592367172,0.17621228843927383,0.01755209,1.954165,1.948748379945755,1.9662483632564545,0.019981032,1.9641651,1.9587483704090118,1.9762483537197113,0.019981032,758400.0,758400.0,758400.0,0.0
237,0.0,0.0,0.0,0.0,2.0,2.0,2.0,0.0,0.20448118,0.20045307278633118,0.21359523013234138,0.010604174,0.20514578,0.20114229246973991,0.21426979452371597,0.010620618,1.0153655,1.0003118515014648,1.0299538671970367,0.026555818,0.09668953,0.0933354739099741,0.09993039630353451,0.005926783,0.09668953,0.0933354739099741,0.09993039630353451,0.005926783,1.0,1.0,1.0,0.0,0.00066459575,0.0006437109841499478,0.0006822889117756858,3.5904977e-05,0.006876962,0.006814226042479277,0.0069042512914165854,0.000103656996,-27.100914,-27.672138214111328,-26.259665966033936,0.7681831,2.2338488,2.20073002576828,2.265943765640259,0.058423992,0.74461627,0.7335766851902008,0.7553146183490753,0.019474667,0.16000001,0.14400000870227814,0.18400001525878906,0.021028122,0.0,0.0,0.0,0.0,0.15845259,0.14568567648530006,0.16455908119678497,0.017165791,1.9641651,1.9587483704090118,1.9762483537197113,0.019981032,1.974165,1.9687483608722687,1.9862483441829681,0.019981032,761600.0,761600.0,761600.0,0.0
238,0.0,0.0,0.0,0.0,2.0,2.0,2.0,0.0,0.20514578,0.20114229246973991,0.21426979452371597,0.010620618,0.205788,0.20176713541150093,0.21494672819972038,0.010626984,1.0275252,1.0076207220554352,1.0572478473186493,0.034092195,0.094122626,0.08765213936567307,0.09826231747865677,0.0073248907,0.094122626,0.08765213936567307,0.09826231747865677,0.0073248907,1.0,1.0,1.0,0.0,0.0006422073,0.0006020772270858288,0.0006783805729355663,4.749275e-05,0.0068255775,0.006763310288079083,0.006852664053440094,0.000102882914,-27.52149,-28.127309799194336,-27.111446380615234,0.6885428,2.2606006,2.216809928417206,2.325991690158844,0.07500433,0.75353354,0.7389366626739502,0.7753305733203888,0.025001446,0.15466668,0.1340000070631504,0.17200001329183578,0.033998217,0.0006666667,0.0,0.0,0.0023094013,0.16366923,0.1544286459684372,0.16690276190638542,0.014191103,1.974165,1.9687483608722687,1.9862483441829681,0.019981032,1.9841651,1.9787483513355255,1.996248334646225,0.019981043,764800.0,764800.0,764800.0,0.0
239,0.0,0.0,0.0,0.0,2.0,2.0,2.0,0.0,0.205788,0.20176713541150093,0.21494672819972038,0.010626984,0.20642813,0.20247115567326546,0.215600848197937,0.010646502,1.0258278,1.0040112882852554,1.0344619452953339,0.039289903,0.09457239,0.09238969534635544,0.09908375330269337,0.008272491,0.09457239,0.09238969534635544,0.09908375330269337,0.008272491,1.0,1.0,1.0,0.0,0.00064014905,0.0006177700270200148,0.0006638896156800911,5.0646475e-05,0.006774577,0.006712775211781263,0.006801461335271597,0.00010211397,-27.336496,-27.68419599533081,-26.88082456588745,0.5997172,2.256866,2.2088688611984253,2.2758617997169495,0.086439535,0.75228864,0.7362896203994751,0.7586206346750259,0.028813172,0.156,0.12800000607967377,0.17800001427531242,0.03985428,0.0,0.0,0.0,0.0,0.16389902,0.154189333319664,0.17714766040444374,0.017202381,1.9841651,1.9787483513355255,1.996248334646225,0.019981043,1.9941651,1.9887483417987823,2.006248414516449,0.019981056,768000.0,768000.0,768000.0,0.0
240,0.0,0.0,0.0,0.0,2.0,2.0,2.0,0.0,0.20642813,0.20247115567326546,0.215600848197937,0.010646502,0.20710726,0.2031661532819271,0.2163117192685604,0.010672227,0.99664944,0.9786422252655029,1.0075049698352814,0.034549356,0.10106207,0.09828675165772438,0.10504098422825336,0.007841703,0.10106207,0.09828675165772438,0.10504098422825336,0.007841703,1.0,1.0,1.0,0.0,0.00067913166,0.0006573291757376865,0.0007091170700732619,4.8242782e-05,0.0067239576,0.006662616855464876,0.006750640808604658,0.00010135101,-26.757166,-27.001076221466064,-26.43891477584839,0.500553,2.1926725,2.1530559062957764,2.216555178165436,0.076010086,0.7308909,0.7176853269338608,0.7388517260551453,0.0253367,0.16333334,0.13600000739097595,0.17800001427531242,0.027387235,0.0,0.0,0.0,0.0,0.15085433,0.1395244002342224,0.1605520322918892,0.014277062,1.9941651,1.9887483417987823,2.006248414516449,0.019981056,2.004165,1.9987483322620392,2.016248404979706,0.019981056,771200.0,771200.0,771200.0,0.0
241,0.0,0.0,0.0,0.0,2.0,2.0,2.0,0.0,0.20710726,0.2031661532819271,0.2163117192685604,0.010672227,0.2077515,0.2037506215274334,0.21708911657333374,0.0106940195,1.0175343,0.9852090030908585,1.0539017617702484,0.04715752,0.09657597,0.08833338506519794,0.10346733406186104,0.010880166,0.09657597,0.08833338506519794,0.10346733406186104,0.010880166,1.0,1.0,1.0,0.0,0.0006442293,0.0005932082422077656,0.0006874745449749753,6.997789e-05,0.0066737165,0.006612834753468633,0.006700200494378805,0.00010059375,-27.204971,-27.82970094680786,-26.81491184234619,0.94430566,2.23862,2.1675031185150146,2.318630278110504,0.10374864,0.7462067,0.7225010395050049,0.7728767842054367,0.034582887,0.156,0.14000000804662704,0.17600001394748688,0.039265994,0.0,0.0,0.0,0.0,0.16151786,0.15348831936717033,0.17179488763213158,0.029279387,2.004165,1.9987483322620392,2.016248404979706,0.019981056,2.0141652,2.0087483525276184,2.0262483954429626,0.019981053,774400.0,774400.0,774400.0,0.0
242,0.0,0.0,0.0,0.0,2.0,2.0,2.0,0.0,0.2077515,0.2037506215274334,0.21708911657333374,0.0106940195,0.20840667,0.20436692237854004,0.21770378574728966,0.010687877,1.0055739,0.9922377616167068,1.0294608175754547,0.02740325,0.09890636,0.09344207495450974,0.10180416889488697,0.006310195,0.09890636,0.09344207495450974,0.10180416889488697,0.006310195,1.0,1.0,1.0,0.0,0.0006551582,0.000620242499280721,0.0006825697055319324,4.315179e-05,0.006623851,0.006563424482010305,0.006650136900134385,9.984216e-05,-26.948486,-27.353179454803467,-26.615973472595215,0.71171707,2.2123067,2.182966709136963,2.2648589611053467,0.060288344,0.7374356,0.7276556044816971,0.754952996969223,0.020096121,0.14400001,0.1120000034570694,0.1860000118613243,0.042194355,0.0,0.0,0.0,0.0,0.14532574,0.13705864176154137,0.1559794805943966,0.01606055,2.0141652,2.0087483525276184,2.0262483954429626,0.019981053,2.024165,2.0187483429908752,2.0362483859062195,0.019981053,777600.0,777600.0,777600.0,0.0
243,0.0,0.0,0.0,0.0,2.0,2.0,2.0,0.0,0.20840667,0.20436692237854004,0.21770378574728966,0.010687877,0.20902258,0.2049686796963215,0.21825433149933815,0.010683518,1.0294479,1.0087915360927582,1.0477032661437988,0.03322376,0.093694866,0.08959770947694778,0.0979962982237339,0.0071609677,0.093694866,0.08959770947694778,0.0979962982237339,0.0071609677,1.0,1.0,1.0,0.0,0.0006159258,0.000585889647481963,0.0006460679287556559,4.7125053e-05,0.0065743583,0.006514382548630238,0.0066004476975649595,9.9096134e-05,-27.329859,-27.734405994415283,-26.89434242248535,0.7936413,2.2648306,2.2193856835365295,2.304993212223053,0.07309372,0.7549436,0.7397952675819397,0.7683310955762863,0.02436457,0.158,0.1420000083744526,0.17200001329183578,0.033270244,0.0,0.0,0.0,0.0,0.15669274,0.1502968780696392,0.16261032223701477,0.013134848,2.024165,2.0187483429908752,2.0362483859062195,0.019981053,2.0341651,2.028748333454132,2.0462483763694763,0.019981053,780800.0,780800.0,780800.0,0.0
244,0.0,0.0,0.0,0.0,2.0,2.0,2.0,0.0,0.20902258,0.2049686796963215,0.21825433149933815,0.010683518,0.20963474,0.20555420219898224,0.21884777769446373,0.010690297,1.0289726,0.999326154589653,1.0547697246074677,0.03489299,0.093827106,0.08815620094537735,0.10015680640935898,0.007681348,0.093827106,0.08815620094537735,0.10015680640935898,0.007681348,1.0,1.0,1.0,0.0,0.00061216083,0.0005672964471159503,0.0006494228000519797,4.9735358e-05,0.0065252353,0.006465707207098603,0.006551129859872162,9.8355675e-05,-27.37546,-27.699748516082764,-26.713351726531982,0.8701577,2.2637851,2.1985614895820618,2.3205397725105286,0.0767661,0.75459504,0.7328538447618484,0.7735132724046707,0.0255887,0.15133335,0.11800000444054604,0.18200001120567322,0.048176445,0.0,0.0,0.0,0.0,0.1600037,0.15228090807795525,0.16606856510043144,0.013077462,2.0341651,2.028748333454132,2.0462483763694763,0.019981053,2.044165,2.038748323917389,2.056248366832733,0.01998103,784000.0,784000.0,784000.0,0.0
245,0.0,0.0,0.0,0.0,2.0,2.0,2.0,0.0,0.20963474,0.20555420219898224,0.21884777769446373,0.010690297,0.21020152,0.20569969341158867,0.21942665800452232,0.010709069,1.0290812,0.9913407564163208,1.0552837550640106,0.04565972,0.08752804,0.08805468864738941,0.10202254354953766,0.028786184,0.09399439,0.08805468864738941,0.10202254354953766,0.009773842,0.9166667,1.0,1.0,0.28867513,0.0005667681,0.0005619004077743739,0.0006571300327777863,0.00018614721,0.0064764787,0.006417396245524287,0.006502179428935051,9.762053e-05,-27.257769,-27.54027223587036,-26.899226665496826,0.7998658,2.2640238,2.1809932589530945,2.321670651435852,0.10045341,0.7546746,0.7269977629184723,0.7738902568817139,0.03348447,0.15333335,0.1300000064074993,0.1860000118613243,0.04175542,0.0,0.0,0.0,0.0,0.1566796,0.14323997870087624,0.16111166030168533,0.022706939,2.044165,2.038748323917389,2.056248366832733,0.01998103,2.0541651,2.0487483143806458,2.06624835729599,0.01998103,787200.0,787200.0,787200.0,0.0
246,0.0,0.0,0.0,0.0,2.0,2.0,2.0,0.0,0.21020152,0.20569969341158867,0.21942665800452232,0.010709069,0.21081068,0.20630637928843498,0.220036368817091,0.010708522,1.0239352,1.0148522555828094,1.0450128018856049,0.025125638,0.09478605,0.09015479497611523,0.09664266370236874,0.005651991,0.09478605,0.09015479497611523,0.09664266370236874,0.005651991,1.0,1.0,1.0,0.0,0.0006091679,0.0005876015784451738,0.0006172705616336316,3.5107078e-05,0.0064280867,0.006369445822201669,0.006453595822677016,9.689134e-05,-27.32055,-27.485058307647705,-27.127734661102295,0.40934646,2.2527025,2.2327194213867188,2.299074113368988,0.05527753,0.7509008,0.7442398071289062,0.7663580477237701,0.018425845,0.15733334,0.1420000083744526,0.17200001329183578,0.030574301,0.0006666667,0.0,0.0,0.0023094013,0.15395166,0.14331041276454926,0.16155922412872314,0.015162642,2.0541651,2.0487483143806458,2.06624835729599,0.01998103,2.0641649,2.0587483048439026,2.076248347759247,0.01998103,790400.0,790400.0,790400.0,0.0
247,0.0,0.0,0.0,0.0,2.0,2.0,2.0,0.0,0.21081068,0.20630637928843498,0.220036368817091,0.010708522,0.21136715,0.20688773691654205,0.2206120267510414,0.01077755,1.0301448,1.0126200318336487,1.0465985536575317,0.044182353,0.0874356,0.08982620947062969,0.0971389040350914,0.028596386,0.09373862,0.08982620947062969,0.0971389040350914,0.009595409,0.9166667,1.0,1.0,0.28867513,0.0005564759,0.0005727013049181551,0.0006238517526071519,0.00018196748,0.0063800565,0.006321853259578347,0.006405375199392438,9.616763e-05,-27.501656,-28.028003692626953,-27.12885093688965,0.7669646,2.2663639,2.2278084754943848,2.3025628328323364,0.097203106,0.7554547,0.7426028549671173,0.7675209641456604,0.03240103,0.15666667,0.11999999731779099,0.17999999225139618,0.04119429,0.0,0.0,0.0,0.0,0.15121648,0.1402035728096962,0.15991505980491638,0.015751861,2.0641649,2.0587483048439026,2.076248347759247,0.01998103,2.074165,2.0687482953071594,2.0862483382225037,0.01998103,793600.0,793600.0,793600.0,0.0
248,0.0,0.0,0.0,0.0,2.0,2.0,2.0,0.0,0.21136715,0.20688773691654205,0.2206120267510414,0.01077755,0.21196908,0.20747260376811028,0.2211822234094143,0.010786987,1.0225255,1.0135761499404907,1.0399752259254456,0.025602724,0.09509983,0.09120628610253334,0.096925538033247,0.005772793,0.09509983,0.09120628610253334,0.096925538033247,0.005772793,1.0,1.0,1.0,0.0,0.00060191867,0.0005848626315128058,0.0006104344938648865,3.2013137e-05,0.006332385,0.0062746163457632065,0.006357514415867627,9.544879e-05,-27.352676,-27.837682723999023,-27.100642204284668,0.639896,2.2496011,2.229911983013153,2.287991225719452,0.05632712,0.749867,0.7433039993047714,0.7626637518405914,0.018775703,0.15266667,0.1340000070631504,0.1680000126361847,0.035525493,0.0,0.0,0.0,0.0,0.15579313,0.13995428383350372,0.17375625297427177,0.021954363,2.074165,2.0687482953071594,2.0862483382225037,0.01998103,2.0841649,2.0787482857704163,2.0962483286857605,0.01998103,796800.0,796800.0,796800.0,0.0
249,0.0,0.0,0.0,0.0,2.0,2.0,2.0,0.0,0.21196908,0.20747260376811028,0.2211822234094143,0.010786987,0.2125907,0.2081034630537033,0.22183005884289742,0.010800526,1.0060254,0.9829764068126678,1.016919583082199,0.036657788,0.09893462,0.09617908298969269,0.10401186533272266,0.007970062,0.09893462,0.09617908298969269,0.10401186533272266,0.007970062,1.0,1.0,1.0,0.0,0.00062161003,0.0006102125043980777,0.0006500866293208674,4.809608e-05,0.0062850695,0.006227733567357063,0.006310011027380824,9.473554e-05,-27.02254,-27.332472324371338,-26.462335109710693,0.8876448,2.2133002,2.162591278553009,2.2372677326202393,0.080648765,0.73776674,0.7208637893199921,0.7457559257745743,0.026882922,0.14866666,0.12600000575184822,0.18000001087784767,0.03665399,0.0,0.0,0.0,0.0,0.14870828,0.13890669494867325,0.15923435613512993,0.018972276,2.0841649,2.0787482857704163,2.0962483286857605,0.01998103,2.094165,2.088748276233673,2.1062483191490173,0.01998103,800000.0,800000.0,800000.0,0.0
250,0.0,0.0,0.0,0.0,2.0,2.0,2.0,0.0,0.2125907,0.2081034630537033,0.22183005884289742,0.010800526,0.21318196,0.20867082476615906,0.22242360562086105,0.010816078,1.0238023,1.0083629339933395,1.0407989919185638,0.02656353,0.09483143,0.09103750251233578,0.09810841083526611,0.005917675,0.09483143,0.09103750251233578,0.09810841083526611,0.005917675,1.0,1.0,1.0,0.0,0.0005912563,0.0005740807246183977,0.0006041402666596696,3.1966207e-05,0.006238108,0.006181200151331723,0.006262863054871559,9.402788e-05,-27.509811,-28.000950813293457,-26.967957019805908,0.7222234,2.2524102,2.2184427976608276,2.2898035049438477,0.05844095,0.7508034,0.7394809424877167,0.76326784491539,0.019480318,0.14800002,0.1340000070631504,0.15800001099705696,0.029835917,0.0,0.0,0.0,0.0,0.16390626,0.14999418333172798,0.1752002350986004,0.020017175,2.094165,2.088748276233673,2.1062483191490173,0.01998103,2.1041648,2.09874826669693,2.116248309612274,0.01998103,803200.0,803200.0,803200.0,0.0
251,0.0,0.0,0.0,0.0,2.0,2.0,2.0,0.0,0.21318196,0.20867082476615906,0.22242360562086105,0.010816078,0.21375942,0.209273312240839,0.2230401150882244,0.0109115215,1.0038338,0.9609362781047821,1.0227230191230774,0.055450432,0.09352285,0.09494571760296822,0.10941432975232601,0.030975467,0.099842705,0.09494571760296822,0.10941432975232601,0.012214772,0.9166667,1.0,1.0,0.28867513,0.0005774725,0.000591669260757044,0.0006731669855071232,0.00019065458,0.0061914977,0.006135014351457357,0.00621606782078743,9.332526e-05,-27.028753,-27.421019077301025,-26.061311721801758,1.2295171,2.2084785,2.114102005958557,2.250035524368286,0.1219934,0.7361595,0.7047006785869598,0.7500118613243103,0.04066447,0.18066669,0.16200001165270805,0.1940000019967556,0.037283514,0.0,0.0,0.0,0.0,0.15513647,0.1424383707344532,0.16945289075374603,0.019703701,2.1041648,2.09874826669693,2.116248309612274,0.01998103,2.114165,2.1087482571601868,2.126248300075531,0.01998103,806400.0,806400.0,806400.0,0.0
252,0.0,0.0,0.0,0.0,2.0,2.0,2.0,0.0,0.21375942,0.209273312240839,0.2230401150882244,0.0109115215,0.2143488,0.20986104756593704,0.22357381507754326,0.010910152,1.0189503,1.00502347946167,1.0362087786197662,0.029558133,0.09593591,0.09200387448072433,0.09891321137547493,0.00663235,0.09593591,0.09200387448072433,0.09891321137547493,0.00663235,1.0,1.0,1.0,0.0,0.0005893858,0.0005667085788445547,0.0006200455100042745,3.881802e-05,0.006145235,0.006089174072258174,0.006169621250592172,9.262771e-05,-27.187529,-27.455910682678223,-26.877552032470703,0.65100014,2.2417357,2.2110957503318787,2.279704749584198,0.06502919,0.74724525,0.737031951546669,0.7599015980958939,0.021676399,0.16266668,0.15000000968575478,0.17600001394748688,0.01939697,0.0,0.0,0.0,0.0,0.15886493,0.13939230516552925,0.178944181650877,0.021157028,2.114165,2.1087482571601868,2.126248300075531,0.01998103,2.1241648,2.1187482476234436,2.136248290538788,0.01998103,809600.0,809600.0,809600.0,0.0
253,0.0,0.0,0.0,0.0,2.0,2.0,2.0,0.0,0.2143488,0.20986104756593704,0.22357381507754326,0.010910152,0.21493524,0.2104395069181919,0.2241845242679119,0.010904247,1.0181526,0.9821162819862366,1.035159707069397,0.03185789,0.096143894,0.09222427755594254,0.10420384630560875,0.007085519,0.096143894,0.09222427755594254,0.10420384630560875,0.007085519,1.0,1.0,1.0,0.0,0.0005864481,0.0005564703315030783,0.0006309793097898364,4.4848035e-05,0.0060993177,0.006043676054105163,0.006123521830886602,9.193546e-05,-27.16932,-27.743013858795166,-26.695773124694824,0.6873807,2.2399805,2.1606990098953247,2.277396857738495,0.07008876,0.7466602,0.7202330380678177,0.7591323107481003,0.023362918,0.15933333,0.12400000542402267,0.18400001525878906,0.047934297,0.0,0.0,0.0,0.0,0.16179743,0.14979469031095505,0.17533425241708755,0.021538712,2.1241648,2.1187482476234436,2.136248290538788,0.01998103,2.134165,2.1287482380867004,2.1462482810020447,0.01998103,812800.0,812800.0,812800.0,0.0
254,0.0,0.0,0.0,0.0,2.0,2.0,2.0,0.0,0.21493524,0.2104395069181919,0.2241845242679119,0.010904247,0.21551909,0.2110101319849491,0.22477665543556213,0.010915,1.0162153,1.0008613914251328,1.0359969735145569,0.025540601,0.09648728,0.09204649180173874,0.09980199672281742,0.0056401673,0.09648728,0.09204649180173874,0.09980199672281742,0.0056401673,1.0,1.0,1.0,0.0,0.00058384496,0.0005651933315675706,0.0005992441292619333,3.0098752e-05,0.0060537443,0.005998518667183816,0.006077767931856215,9.12488e-05,-27.326523,-27.77100419998169,-27.02931833267212,0.67448944,2.2357185,2.201939046382904,2.2792389392852783,0.056190472,0.7452395,0.7339797019958496,0.759746327996254,0.018730156,0.17400001,0.15800001099705696,0.1980000026524067,0.032918632,0.0,0.0,0.0,0.0,0.15873776,0.13943782448768616,0.17708979919552803,0.019308986,2.134165,2.1287482380867004,2.1462482810020447,0.01998103,2.1441648,2.1387482285499573,2.1562482714653015,0.01998103,816000.0,816000.0,816000.0,0.0
255,0.0,0.0,0.0,0.0,2.0,2.0,2.0,0.0,0.21551909,0.2110101319849491,0.22477665543556213,0.010915,0.21611108,0.21161102876067162,0.2254122756421566,0.010911684,1.0074772,0.9799371659755707,1.030787855386734,0.031133283,0.09852836,0.09315642155706882,0.10472801700234413,0.0072255866,0.09852836,0.09315642155706882,0.10472801700234413,0.0072255866,1.0,1.0,1.0,0.0,0.00059198274,0.0005592888628598303,0.0006241177034098655,4.3599735e-05,0.0060085114,0.005953697487711906,0.006032355362549424,9.0567e-05,-27.053503,-27.741997718811035,-26.492419719696045,0.6986584,2.2164938,2.1559048295021057,2.2677785754203796,0.06849459,0.7388313,0.7186349481344223,0.7559262067079544,0.022831535,0.15200001,0.1340000070631504,0.17200001329183578,0.03721193,0.0006666667,0.0,0.0,0.0023094013,0.16043386,0.14506910368800163,0.17767759039998055,0.024863554,2.1441648,2.1387482285499573,2.1562482714653015,0.01998103,2.154165,2.148748219013214,2.1662482619285583,0.01998103,819200.0,819200.0,819200.0,0.0
256,0.0,0.0,0.0,0.0,2.0,2.0,2.0,0.0,0.21611108,0.21161102876067162,0.2254122756421566,0.010911684,0.21667959,0.21221667155623436,0.22599979117512703,0.01092739,1.022108,1.0011213421821594,1.0494946241378784,0.03860359,0.09538469,0.08923057280480862,0.09976126626133919,0.008593856,0.09538469,0.08923057280480862,0.09976126626133919,0.008593856,1.0,1.0,1.0,0.0,0.00056850753,0.0005347624828573316,0.0005916495865676552,4.788497e-05,0.005963616,0.00590921170078218,0.005987282027490437,8.9890134e-05,-27.412687,-27.65556812286377,-27.05955696105957,0.7538154,2.2486823,2.202510952949524,2.308934271335602,0.084929615,0.74956083,0.7341703325510025,0.7696447968482971,0.02830988,0.15266667,0.12800000607967377,0.17000001296401024,0.032800592,0.0006666667,0.0,0.0,0.0023094013,0.15731579,0.1530059166252613,0.16787205263972282,0.021195812,2.154165,2.148748219013214,2.1662482619285583,0.01998103,2.1641648,2.158748209476471,2.176248252391815,0.01998103,822400.0,822400.0,822400.0,0.0
257,0.0,0.0,0.0,0.0,2.0,2.0,2.0,0.0,0.21667959,0.21221667155623436,0.22599979117512703,0.01092739,0.2172391,0.2127746380865574,0.22655276209115982,0.010918012,1.0250854,1.0089416205883026,1.0406630635261536,0.024718037,0.09452694,0.09107676520943642,0.09796294569969177,0.0053334767,0.09452694,0.09107676520943642,0.09796294569969177,0.0053334767,1.0,1.0,1.0,0.0,0.0005595107,0.0005387909477576613,0.000579425977775827,3.2989876e-05,0.005919056,0.0058650587452575564,0.005942544899880886,8.9218476e-05,-27.375185,-27.771042346954346,-26.97246217727661,0.5116431,2.255233,2.2197158336639404,2.2895045280456543,0.054380752,0.75174433,0.7399052828550339,0.7631681859493256,0.018126922,0.15533334,0.15000000968575478,0.17000001296401024,0.028224213,0.0,0.0,0.0,0.0,0.15507944,0.14532791823148727,0.16521305963397026,0.018068323,2.1641648,2.158748209476471,2.176248252391815,0.01998103,2.174165,2.168748199939728,2.186248242855072,0.01998103,825600.0,825600.0,825600.0,0.0
258,0.0,0.0,0.0,0.0,2.0,2.0,2.0,0.0,0.2172391,0.2127746380865574,0.22655276209115982,0.010918012,0.21779841,0.21328812465071678,0.2270730771124363,0.010928978,1.0228573,0.9958233386278152,1.058195024728775,0.03920799,0.095230125,0.08746575750410557,0.10096847638487816,0.008677446,0.095230125,0.08746575750410557,0.10096847638487816,0.008677446,1.0,1.0,1.0,0.0,0.00055932126,0.000515523599460721,0.0005904979479964823,4.9673814e-05,0.0058748294,0.005821235710754991,0.0058981424663215876,8.855197e-05,-27.327234,-27.804609298706055,-26.85075283050537,0.7067425,2.250331,2.190855085849762,2.3280755281448364,0.0862593,0.7501103,0.7302850484848022,0.7760252058506012,0.028753096,0.15666668,0.13600000739097595,0.17800001427531242,0.025857419,0.0,0.0,0.0,0.0,0.15242837,0.14631376788020134,0.15730031952261925,0.012525059,2.174165,2.168748199939728,2.186248242855072,0.01998103,2.1841648,2.1787481904029846,2.196248233318329,0.01998103,828800.0,828800.0,828800.0,0.0
259,0.0,0.0,0.0,0.0,2.0,2.0,2.0,0.0,0.21779841,0.21328812465071678,0.2270730771124363,0.010928978,0.21835808,0.21388466283679008,0.22765247896313667,0.010942132,1.0185765,0.9924904108047485,1.0344910621643066,0.031237705,0.09603857,0.09236532635986805,0.1017454918473959,0.0068352004,0.09603857,0.09236532635986805,0.1017454918473959,0.0068352004,1.0,1.0,1.0,0.0,0.0005596686,0.0005402181559475139,0.0005829317087773234,3.5780646e-05,0.005830933,0.005777738988399506,0.005854072631336749,8.789049e-05,-27.20179,-27.50023889541626,-26.78077507019043,0.6760372,2.240913,2.1835224628448486,2.2759258151054382,0.06872434,0.74697095,0.727840855717659,0.7586419433355331,0.02290812,0.16266668,0.14400000870227814,0.18000001087784767,0.025374766,0.0006666667,0.0,0.0,0.0023094013,0.15819618,0.1467529721558094,0.16767871379852295,0.018960021,2.1841648,2.1787481904029846,2.196248233318329,0.01998103,2.194165,2.1887481808662415,2.2062482237815857,0.01998103,832000.0,832000.0,832000.0,0.0
260,0.0,0.0,0.0,0.0,2.0,2.0,2.0,0.0,0.21835808,0.21388466283679008,0.22765247896313667,0.010942132,0.2188509,0.21443090215325356,0.22818370908498764,0.010995694,1.038283,1.0190376341342926,1.045480877161026,0.02995183,0.085344754,0.09006587974727154,0.09571339376270771,0.027150342,0.09175613,0.09006587974727154,0.09571339376270771,0.006047206,0.9166667,1.0,1.0,0.28867513,0.0004927996,0.0005186062480788678,0.0005491930933203548,0.00015708013,0.0057873647,0.00573456846177578,0.005810331320390105,8.723359e-05,-27.341316,-27.67067003250122,-26.934430599212646,0.7387272,2.2842681,2.2419275045394897,2.300103783607483,0.065895356,0.7614228,0.7473091930150986,0.7667012959718704,0.021965113,0.15833333,0.13749999925494194,0.1824999935925007,0.033529725,0.0008333333,0.0,0.0,0.0028867512,0.16281646,0.15024735406041145,0.1721627563238144,0.01640697,2.194165,2.1887481808662415,2.2062482237815857,0.01998103,2.2041647,2.1987481713294983,2.2162482142448425,0.01998103,835200.0,835200.0,835200.0,0.0
261,0.0,0.0,0.0,0.0,2.0,2.0,2.0,0.0,0.2188509,0.21443090215325356,0.22818370908498764,0.010995694,0.2194026,0.21501850709319115,0.22874585166573524,0.011003459,1.0186898,1.0037685930728912,1.043550282716751,0.03551413,0.09608272,0.09047511033713818,0.09913627803325653,0.007900438,0.09608272,0.09047511033713818,0.09913627803325653,0.007900438,1.0,1.0,1.0,0.0,0.00055171206,0.0005197191785555333,0.0005681266629835591,4.3485634e-05,0.0057441215,0.005691719823516905,0.005766916088759899,8.658165e-05,-27.112268,-27.790892124176025,-26.530011653900146,0.93694377,2.241162,2.208334982395172,2.295856535434723,0.07813264,0.7470541,0.7361116856336594,0.7652855217456818,0.026044214,0.15133335,0.1340000070631504,0.16600001230835915,0.03021539,0.0006666667,0.0,0.0,0.0023094013,0.15355015,0.13978447020053864,0.16781743243336678,0.016304368,2.2041647,2.1987481713294983,2.2162482142448425,0.01998103,2.214165,2.208748161792755,2.2262482047080994,0.01998103,838400.0,838400.0,838400.0,0.0
262,0.0,0.0,0.0,0.0,2.0,2.0,2.0,0.0,0.2194026,0.21501850709319115,0.22874585166573524,0.011003459,0.21991046,0.2154548577964306,0.2293240837752819,0.01106053,1.0208229,0.996394082903862,1.0405345559120178,0.04110751,0.08918611,0.09114152193069458,0.10083647072315216,0.028883677,0.09570044,0.09114152193069458,0.10083647072315216,0.00871177,0.9166667,1.0,1.0,0.28867513,0.0005078635,0.0005224899650784209,0.0005720322951674461,0.00016305721,0.0057012024,0.005649192375130951,0.005723826587200165,8.593488e-05,-27.169207,-27.54453706741333,-26.69342279434204,0.6352825,2.2458553,2.192110776901245,2.289221704006195,0.09043833,0.7486184,0.7307036221027374,0.7630739063024521,0.030146115,0.14800002,0.12800000607967377,0.1640000119805336,0.026533002,0.0,0.0,0.0,0.0,0.151823,0.14259669929742813,0.16652432084083557,0.014682757,2.214165,2.208748161792755,2.2262482047080994,0.01998103,2.2241647,2.218748152256012,2.236248195171356,0.01998103,841600.0,841600.0,841600.0,0.0
263,0.0,0.0,0.0,0.0,2.0,2.0,2.0,0.0,0.21991046,0.2154548577964306,0.2293240837752819,0.01106053,0.22047536,0.21600796654820442,0.22992216423153877,0.011070968,1.001532,0.9775872081518173,1.0186646580696106,0.031142928,0.09988132,0.09579485096037388,0.10531040467321873,0.007088625,0.09988132,0.09579485096037388,0.10531040467321873,0.007088625,1.0,1.0,1.0,0.0,0.0005648906,0.0005461176624521613,0.0005866769643034786,3.6362344e-05,0.005658603,0.005606981576420367,0.005681058275513351,8.5292944e-05,-26.997488,-27.293099880218506,-26.64323091506958,0.62940603,2.2034144,2.150734782218933,2.2411071062088013,0.068515815,0.7344715,0.7169116139411926,0.7470357269048691,0.022838607,0.15266667,0.13600000739097595,0.16600001230835915,0.02608146,0.0006666667,0.0,0.0,0.0023094013,0.15525264,0.13793016597628593,0.1770516075193882,0.024253557,2.2241647,2.218748152256012,2.236248195171356,0.01998103,2.234165,2.228748142719269,2.246248185634613,0.01998103,844800.0,844800.0,844800.0,0.0
264,0.0,0.0,0.0,0.0,2.0,2.0,2.0,0.0,0.22047536,0.21600796654820442,0.22992216423153877,0.011070968,0.22102547,0.21658162027597427,0.23053105920553207,0.0110665085,1.0106373,0.9775863885879517,1.0510839521884918,0.04026873,0.09796342,0.08890349417924881,0.10529641434550285,0.009003028,0.09796342,0.08890349417924881,0.10529641434550285,0.009003028,1.0,1.0,1.0,0.0,0.00055011635,0.0004961451923009008,0.0005937807582085952,5.0225466e-05,0.005616322,0.005565085913985968,0.005638609989546239,8.465531e-05,-26.981062,-27.823538303375244,-26.26670789718628,0.8123851,2.2234464,2.15073299407959,2.3124307990074158,0.08859296,0.74114877,0.7169110029935837,0.7708102762699127,0.02953099,0.16533335,0.15200001001358032,0.17000001296401024,0.019396968,0.0,0.0,0.0,0.0,0.15359041,0.1446947120130062,0.15800701826810837,0.0138690565,2.234165,2.228748142719269,2.246248185634613,0.01998103,2.2441647,2.2387481331825256,2.25624817609787,0.01998103,848000.0,848000.0,848000.0,0.0
265,0.0,0.0,0.0,0.0,2.0,2.0,2.0,0.0,0.22102547,0.21658162027597427,0.23053105920553207,0.0110665085,0.22157751,0.21706851199269295,0.23099912703037262,0.011066037,1.0065051,0.9902007877826691,1.0266772210597992,0.04619208,0.09902448,0.09413431398570538,0.10229378007352352,0.010520423,0.09902448,0.09413431398570538,0.10229378007352352,0.010520423,1.0,1.0,1.0,0.0,0.00055204844,0.0005236192446318455,0.0005827070272061974,5.9204893e-05,0.005574357,0.005523504922166467,0.005596478353254497,8.402286e-05,-26.834991,-27.393074989318848,-26.458856105804443,0.8238645,2.2143557,2.1784852147102356,2.258734941482544,0.10162461,0.7381186,0.726161777973175,0.7529116868972778,0.033874873,0.16533335,0.12800000607967377,0.20000000298023224,0.03647498,0.0,0.0,0.0,0.0,0.14776663,0.13608703389763832,0.15316511318087578,0.017271858,2.2441647,2.2387481331825256,2.25624817609787,0.01998103,2.254165,2.2487481236457825,2.2662481665611267,0.01998103,851200.0,851200.0,851200.0,0.0
266,0.0,0.0,0.0,0.0,2.0,2.0,2.0,0.0,0.22157751,0.21706851199269295,0.23099912703037262,0.011066037,0.22214253,0.21761461347341537,0.23154739663004875,0.011067695,0.9916654,0.9622777700424194,1.0169876217842102,0.028986782,0.1021461,0.0961653646081686,0.10907425545156002,0.006824235,0.1021461,0.0961653646081686,0.10907425545156002,0.006824235,1.0,1.0,1.0,0.0,0.0005650251,0.0005267102824291214,0.0005996305117150769,3.652449e-05,0.005532706,0.00548223324585706,0.005554661620408297,8.339501e-05,-27.035408,-27.49529790878296,-26.635611057281494,0.58622223,2.1817076,2.1170533895492554,2.237417459487915,0.0637722,0.72723585,0.7056844979524612,0.7458058595657349,0.021257404,0.156,0.13200000673532486,0.17600001394748688,0.031542182,0.0,0.0,0.0,0.0,0.14996123,0.14009495452046394,0.15637757256627083,0.016905494,2.254165,2.2487481236457825,2.2662481665611267,0.01998103,2.2641647,2.2587481141090393,2.2762481570243835,0.01998103,854400.0,854400.0,854400.0,0.0
267,0.0,0.0,0.0,0.0,2.0,2.0,2.0,0.0,0.22214253,0.21761461347341537,0.23154739663004875,0.011067695,0.22268371,0.2181468941271305,0.23209595680236816,0.011043753,1.0079865,0.983594536781311,1.0390866696834564,0.03798735,0.09852376,0.0913938581943512,0.10385040752589703,0.008663428,0.09852376,0.0913938581943512,0.10385040752589703,0.008663428,1.0,1.0,1.0,0.0,0.00054116553,0.0004967956920154393,0.0005694987485185266,4.9744125e-05,0.005491366,0.005441270186565816,0.005513158394023776,8.277212e-05,-27.26928,-27.846283435821533,-26.90106439590454,0.7215969,2.2176147,2.1639512181282043,2.286036252975464,0.08357379,0.7392049,0.7213170975446701,0.7620120942592621,0.027857928,0.156,0.1420000083744526,0.16200001165270805,0.024241213,0.0,0.0,0.0,0.0,0.15208404,0.1418391615152359,0.16025079786777496,0.016874123,2.2641647,2.2587481141090393,2.2762481570243835,0.01998103,2.274165,2.268748104572296,2.2862481474876404,0.01998103,857600.0,857600.0,857600.0,0.0
268,0.0,0.0,0.0,0.0,2.0,2.0,2.0,0.0,0.22268371,0.2181468941271305,0.23209595680236816,0.011043753,0.22321843,0.21863706782460213,0.2326454520225525,0.011047137,1.0089285,0.9938365668058395,1.016342282295227,0.026277717,0.09812733,0.09630716778337955,0.10143723152577877,0.00581631,0.09812733,0.09630716778337955,0.10143723152577877,0.00581631,1.0,1.0,1.0,0.0,0.0005347201,0.0005206049099797383,0.0005524310836335644,3.0856245e-05,0.005450335,0.005400613299570978,0.005471963784657419,8.215338e-05,-26.989115,-27.307706832885742,-26.492772579193115,0.62807906,2.2196872,2.186484158039093,2.23599773645401,0.05781212,0.73989576,0.7288280576467514,0.7453325986862183,0.019270716,0.15866669,0.1420000083744526,0.1640000119805336,0.028709624,0.0,0.0,0.0,0.0,0.15318422,0.1363109052181244,0.16283873468637466,0.018315453,2.274165,2.268748104572296,2.2862481474876404,0.01998103,2.2841647,2.278748095035553,2.296248137950897,0.01998103,860800.0,860800.0,860800.0,0.0
269,0.0,0.0,0.0,0.0,2.0,2.0,2.0,0.0,0.22321843,0.21863706782460213,0.2326454520225525,0.011047137,0.2237596,0.21912145614624023,0.23319695889949799,0.011052233,1.0009931,0.9726699441671371,1.0221338272094727,0.035009466,0.100066364,0.09504909068346024,0.10649591498076916,0.007954422,0.100066364,0.09504909068346024,0.10649591498076916,0.007954422,1.0,1.0,1.0,0.0,0.00054120057,0.0005120038840686902,0.0005732635472668335,4.212924e-05,0.00540961,0.005360260955058038,0.005431077559478581,8.153938e-05,-26.833445,-27.41585636138916,-26.32747507095337,0.6474719,2.2022288,2.1399166584014893,2.248739242553711,0.077022344,0.73407626,0.7133055627346039,0.7495797574520111,0.025674108,0.158,0.11800000444054604,0.19200001284480095,0.044753876,0.0,0.0,0.0,0.0,0.15391795,0.13428641110658646,0.17109320312738419,0.021460798,2.2841647,2.278748095035553,2.296248137950897,0.01998103,2.294165,2.28874808549881,2.306248128414154,0.01998103,864000.0,864000.0,864000.0,0.0
270,0.0,0.0,0.0,0.0,2.0,2.0,2.0,0.0,0.2237596,0.21912145614624023,0.23319695889949799,0.011052233,0.2242835,0.21966607123613358,0.23367832228541374,0.011057083,1.0122331,0.9829619526863098,1.0390012562274933,0.039417885,0.09758996,0.09142779931426048,0.10400654375553131,0.008850532,0.09758996,0.09142779931426048,0.10400654375553131,0.008850532,1.0,1.0,1.0,0.0,0.00052387355,0.0004929573769913986,0.0005528018373297527,4.692144e-05,0.00536919,0.005320209078490734,0.005390497040934861,8.093056e-05,-27.169352,-27.39156150817871,-26.863487243652344,0.63833416,2.226957,2.1625595092773438,2.285848319530487,0.08672105,0.7423191,0.720853179693222,0.7619494646787643,0.028907016,0.15933333,0.13200000673532486,0.17800001427531242,0.036653996,0.0006666667,0.0,0.0,0.0023094013,0.1562241,0.14707548543810844,0.16015977784991264,0.01581214,2.294165,2.28874808549881,2.306248128414154,0.01998103,2.3041646,2.2987480759620667,2.316248118877411,0.01998103,867200.0,867200.0,867200.0,0.0
271,0.0,0.0,0.0,0.0,2.0,2.0,2.0,0.0,0.2242835,0.21966607123613358,0.23367832228541374,0.011057083,0.2248028,0.22019153833389282,0.23418553918600082,0.011052614,1.0122212,1.0040080845355988,1.0250027775764465,0.030298661,0.097447656,0.09442165493965149,0.09908271208405495,0.0070587057,0.097447656,0.09442165493965149,0.09908271208405495,0.0070587057,1.0,1.0,1.0,0.0,0.000519309,0.0004976176569471136,0.0005266398948151618,3.8641545e-05,0.005329072,0.005280456505715847,0.005350220133550465,8.0325706e-05,-26.940031,-27.54413080215454,-26.6882586479187,0.7519465,2.2269313,2.2088618874549866,2.255051076412201,0.06665837,0.74231046,0.7362873256206512,0.7516837120056152,0.022219451,0.15933333,0.1300000064074993,0.18800001218914986,0.040283844,0.0,0.0,0.0,0.0,0.14673552,0.12854738906025887,0.16169017553329468,0.02126693,2.3041646,2.2987480759620667,2.316248118877411,0.01998103,2.3141649,2.3087480664253235,2.3262481093406677,0.01998103,870400.0,870400.0,870400.0,0.0
272,0.0,0.0,0.0,0.0,2.0,2.0,2.0,0.0,0.2248028,0.22019153833389282,0.23418553918600082,0.011052614,0.22531636,0.22075066342949867,0.23466884344816208,0.011050243,1.013955,0.9844360500574112,1.037026971578598,0.034308564,0.09711581,0.09182804264128208,0.10365046374499798,0.007697015,0.09711581,0.09182804264128208,0.10365046374499798,0.007697015,1.0,1.0,1.0,0.0,0.0005135568,0.00048472066555405036,0.0005478343955473974,3.9830673e-05,0.0052892533,0.005241001374088228,0.005310242995619774,7.972535e-05,-27.107233,-27.34853982925415,-26.411614894866943,0.8284513,2.2307456,2.1658025979995728,2.281504809856415,0.07548036,0.74358183,0.7219342142343521,0.7605016380548477,0.025160115,0.15466668,0.12800000607967377,0.18000001087784767,0.040839672,0.0,0.0,0.0,0.0,0.15419246,0.14293266460299492,0.16112706437706947,0.01806656,2.3141649,2.3087480664253235,2.3262481093406677,0.01998103,2.3241646,2.3187480568885803,2.3362480998039246,0.01998103,873600.0,873600.0,873600.0,0.0
273,0.0,0.0,0.0,0.0,2.0,2.0,2.0,0.0,0.22531636,0.22075066342949867,0.23466884344816208,0.011050243,0.22583716,0.22123011946678162,0.23520547524094582,0.01106282,1.0049168,0.9748451709747314,1.0153903365135193,0.040162206,0.09925097,0.09654799476265907,0.10596567206084728,0.008779864,0.09925097,0.09654799476265907,0.10596567206084728,0.008779864,1.0,1.0,1.0,0.0,0.0005207945,0.0004993259717593901,0.0005501903069671243,4.417996e-05,0.0052497326,0.005201841122470796,0.005270564928650856,7.9129626e-05,-26.784775,-27.177392959594727,-26.233420848846436,0.76158136,2.210861,2.144702196121216,2.2339033484458923,0.08835857,0.73695374,0.7149007469415665,0.7446344643831253,0.02945286,0.14166667,0.10749999806284904,0.16249999776482582,0.03857303,0.0,0.0,0.0,0.0,0.16093926,0.14633244648575783,0.16843806579709053,0.025071902,2.3241646,2.3187480568885803,2.3362480998039246,0.01998103,2.3341649,2.328748047351837,2.3462480902671814,0.01998103,876800.0,876800.0,876800.0,0.0
274,0.0,0.0,0.0,0.0,2.0,2.0,2.0,0.0,0.22583716,0.22123011946678162,0.23520547524094582,0.01106282,0.22633868,0.22170614823698997,0.23571819439530373,0.011087038,1.0184594,0.9825844615697861,1.0514190196990967,0.045328215,0.09632044,0.08883581310510635,0.10410086624324322,0.010122945,0.09632044,0.08883581310510635,0.10410086624324322,0.010122945,1.0,1.0,1.0,0.0,0.0005015221,0.00045522199070546776,0.0005354465974960476,4.9655868e-05,0.005210507,0.005162973538972437,0.005231184069998562,7.853866e-05,-27.323317,-27.932973384857178,-26.305378913879395,0.98327696,2.2406557,2.1617289185523987,2.3131681084632874,0.099724054,0.74688524,0.7205763459205627,0.7710560411214828,0.03324135,0.15200001,0.13600000739097595,0.1680000126361847,0.028540242,0.0,0.0,0.0,0.0,0.15180166,0.148777037858963,0.15922123566269875,0.012387466,2.3341649,2.328748047351837,2.3462480902671814,0.01998103,2.3441646,2.338748037815094,2.3562480807304382,0.01998103,880000.0,880000.0,880000.0,0.0
275,0.0,0.0,0.0,0.0,2.0,2.0,2.0,0.0,0.22633868,0.22170614823698997,0.23571819439530373,0.011087038,0.2268442,0.2221977859735489,0.2362229824066162,0.011091083,1.01046,0.9991345256567001,1.021682322025299,0.027009541,0.09779195,0.09513058327138424,0.10022838041186333,0.006005873,0.09779195,0.09513058327138424,0.10022838041186333,0.006005873,1.0,1.0,1.0,0.0,0.00050553755,0.00048786451952764764,0.0005236556171439588,2.851044e-05,0.005171574,0.005124395713210106,0.005192097392864525,7.795179e-05,-27.104378,-27.452460765838623,-26.634506225585938,0.6727866,2.2230563,2.198139786720276,2.247745990753174,0.059422135,0.7410188,0.7327132821083069,0.7492486834526062,0.019807383,0.16133334,0.1340000070631504,0.20000000298023224,0.0424464,0.0,0.0,0.0,0.0,0.15312043,0.15036461874842644,0.1628548800945282,0.016474204,2.3441646,2.338748037815094,2.3562480807304382,0.01998103,2.3541648,2.348748028278351,2.366248071193695,0.01998103,883200.0,883200.0,883200.0,0.0
276,0.0,0.0,0.0,0.0,2.0,2.0,2.0,0.0,0.2268442,0.2221977859735489,0.2362229824066162,0.011091083,0.22734858,0.22270456701517105,0.23667343705892563,0.011083768,1.0087718,0.9882899224758148,1.028679758310318,0.03362843,0.09827033,0.09363123960793018,0.10273724421858788,0.007620016,0.09827033,0.09363123960793018,0.10273724421858788,0.007620016,1.0,1.0,1.0,0.0,0.0005043734,0.0004804294221685268,0.0005290730478009209,3.9041373e-05,0.0051329327,0.005086106015369296,0.005153301986865699,7.7369186e-05,-27.105913,-27.367615222930908,-26.629519939422607,0.6582601,2.2193422,2.1742812395095825,2.2631407380104065,0.07398403,0.7397807,0.7247604429721832,0.7543802708387375,0.024661342,0.158,0.13600000739097595,0.17000001296401024,0.03738741,0.0013333334,0.0,0.0,0.003113996,0.16278781,0.15479566901922226,0.17076626047492027,0.010774838,2.3541648,2.348748028278351,2.366248071193695,0.01998103,2.3641646,2.3587480187416077,2.376248061656952,0.01998103,886400.0,886400.0,886400.0,0.0
277,0.0,0.0,0.0,0.0,2.0,2.0,2.0,0.0,0.22734858,0.22270456701517105,0.23667343705892563,0.011083768,0.22782023,0.22313479706645012,0.23711945116519928,0.011093934,1.0344619,1.0081984996795654,1.063985526561737,0.03272473,0.09261318,0.08630075491964817,0.09813250415027142,0.0070196707,0.09261318,0.08630075491964817,0.09813250415027142,0.0070196707,1.0,1.0,1.0,0.0,0.00047165123,0.00044736835116054863,0.0004958470381097868,3.4013367e-05,0.0050945794,0.005048103863373399,0.005114796571433544,7.679105e-05,-27.317972,-27.77001428604126,-26.935194492340088,0.63776255,2.2758615,2.2180809378623962,2.3408148884773254,0.07199584,0.7586205,0.7393603175878525,0.7802716344594955,0.023998613,0.15866667,0.13600000739097595,0.19200000166893005,0.045617647,0.0,0.0,0.0,0.0,0.15760046,0.143580861389637,0.16393083706498146,0.016248576,2.3641646,2.3587480187416077,2.376248061656952,0.01998103,2.3741648,2.3687480092048645,2.3862480521202087,0.01998103,889600.0,889600.0,889600.0,0.0
278,0.0,0.0,0.0,0.0,2.0,2.0,2.0,0.0,0.22782023,0.22313479706645012,0.23711945116519928,0.011093934,0.22830214,0.22363527119159698,0.23759661987423897,0.011099833,1.0211673,1.0109081268310547,1.0351090133190155,0.02095473,0.095345266,0.09223627485334873,0.09751974418759346,0.0046473662,0.095345266,0.09223627485334873,0.09751974418759346,0.0046473662,1.0,1.0,1.0,0.0,0.00048190833,0.0004709566564997658,0.0004927508707623929,1.9611925e-05,0.005056513,0.005010384717024863,0.005076579051092267,7.621742e-05,-26.976088,-27.294808387756348,-26.63271474838257,0.54526556,2.2466128,2.2240421772003174,2.277285397052765,0.046101347,0.748871,0.7413474023342133,0.7590951472520828,0.015367118,0.15866667,0.13600000739097595,0.17800001427531242,0.050462108,0.0,0.0,0.0,0.0,0.15381531,0.13922809436917305,0.16310076043009758,0.015918769,2.3741648,2.3687480092048645,2.3862480521202087,0.01998103,2.3841646,2.3787479996681213,2.3962480425834656,0.01998103,892800.0,892800.0,892800.0,0.0
279,0.0,0.0,0.0,0.0,2.0,2.0,2.0,0.0,0.22830214,0.22363527119159698,0.23759661987423897,0.011099833,0.22878592,0.224138293415308,0.2380434162914753,0.011122157,1.0176114,0.9881315529346466,1.0495924055576324,0.04374776,0.096471645,0.08923761360347271,0.10280274227261543,0.009660498,0.096471645,0.08923761360347271,0.10280274227261543,0.009660498,1.0,1.0,1.0,0.0,0.0004837641,0.0004598495506797917,0.0005130646750330925,4.4330183e-05,0.005018731,0.004972947062924504,0.0050386476796120405,7.5647986e-05,-27.007874,-27.698228359222412,-26.494259357452393,0.8360074,2.2387898,2.1739327907562256,2.3091493248939514,0.09624701,0.7462633,0.724644273519516,0.7697164416313171,0.032082327,0.15266667,0.1340000070631504,0.1680000089108944,0.03536134,0.0006666667,0.0,0.0,0.0023094013,0.15931381,0.1509062834084034,0.17064227536320686,0.01480585,2.3841646,2.3787479996681213,2.3962480425834656,0.01998103,2.3941648,2.388747990131378,2.4062480330467224,0.01998103,896000.0,896000.0,896000.0,0.0
280,0.0,0.0,0.0,0.0,2.0,2.0,2.0,0.0,0.22878592,0.224138293415308,0.2380434162914753,0.011122157,0.22928081,0.22464151680469513,0.23854591697454453,0.011124763,1.0035702,0.9839600026607513,1.0229933261871338,0.027624492,0.09936607,0.09485960565507412,0.10376281291246414,0.0063586454,0.09936607,0.09485960565507412,0.10376281291246414,0.0063586454,1.0,1.0,1.0,0.0,0.00049489626,0.00046972529526101425,0.0005138249398441985,3.128252e-05,0.0049812314,0.004935789620503783,0.005000999080948532,7.508262e-05,-26.890726,-27.423941135406494,-26.560189247131348,0.7732569,2.2078986,2.1647552847862244,2.25063019990921,0.060775097,0.7359662,0.7215851247310638,0.7502100765705109,0.02025837,0.17866667,0.1600000113248825,0.1860000118613243,0.033654213,0.0006666667,0.0,0.0,0.0023094013,0.15669194,0.15046095848083496,0.16547829657793045,0.012155554,2.3941648,2.388747990131378,2.4062480330467224,0.01998103,2.4041646,2.398747980594635,2.4162480235099792,0.01998103,899200.0,899200.0,899200.0,0.0
281,0.0,0.0,0.0,0.0,2.0,2.0,2.0,0.0,0.22928081,0.22464151680469513,0.23854591697454453,0.011124763,0.22976649,0.22512869536876678,0.23902928084135056,0.0111248335,1.0081446,0.9852162152528763,1.0201212763786316,0.022423964,0.09826217,0.09547258913516998,0.10346272401511669,0.0050799367,0.09826217,0.09547258913516998,0.10346272401511669,0.0050799367,1.0,1.0,1.0,0.0,0.0004856723,0.00047138230002019554,0.000504219438880682,2.3331893e-05,0.004944012,0.004898909712210298,0.004963631508871913,7.452142e-05,-26.829805,-27.290842533111572,-26.210498809814453,0.56717837,2.2179625,2.167518973350525,2.244311571121216,0.049333688,0.7393208,0.7225063592195511,0.7481038719415665,0.016444564,0.16333334,0.14400000870227814,0.18400001525878906,0.0341902,0.0,0.0,0.0,0.0,0.14891396,0.1388126201927662,0.1550811342895031,0.011185754,2.4041646,2.398747980594635,2.4162480235099792,0.01998103,2.4141648,2.408747971057892,2.426248013973236,0.01998103,902400.0,902400.0,902400.0,0.0
282,0.0,0.0,0.0,0.0,2.0,2.0,2.0,0.0,0.22976649,0.22512869536876678,0.23902928084135056,0.0111248335,0.23024265,0.22565201297402382,0.23951029404997826,0.011120829,1.0147696,0.9955115020275116,1.0496277213096619,0.04060735,0.097046115,0.08920932374894619,0.10103897005319595,0.009138835,0.097046115,0.08920932374894619,0.10103897005319595,0.009138835,1.0,1.0,1.0,0.0,0.00047616728,0.00043251617898931727,0.0004972553433617577,4.5110613e-05,0.004907071,0.004862305708229542,0.004926543915644288,7.3964926e-05,-27.381126,-27.956421375274658,-26.84933376312256,0.9139321,2.2325375,2.190169095993042,2.3092271089553833,0.08933793,0.7441792,0.7300563752651215,0.7697423696517944,0.029779311,0.17466669,0.1340000070631504,0.20400000363588333,0.046124995,0.0006666667,0.0,0.0,0.0023094013,0.15457411,0.13836012408137321,0.16550114378333092,0.023380574,2.4141648,2.408747971057892,2.426248013973236,0.01998103,2.4241645,2.4187479615211487,2.436248004436493,0.01998103,905600.0,905600.0,905600.0,0.0
283,0.0,0.0,0.0,0.0,2.0,2.0,2.0,0.0,0.23024265,0.22565201297402382,0.23951029404997826,0.011120829,0.23071699,0.22611555829644203,0.24000609293580055,0.011124851,1.0124043,0.9895847737789154,1.032365769147873,0.03258333,0.097432405,0.09282783418893814,0.10242901183664799,0.00718959,0.097432405,0.09282783418893814,0.10242901183664799,0.00718959,1.0,1.0,1.0,0.0,0.00047433365,0.00045435169158736244,0.0004988960281480104,3.2904518e-05,0.0048704054,0.004825974348932505,0.004889732925221324,7.341227e-05,-26.99206,-27.45980405807495,-26.49980592727661,0.59385777,2.227334,2.1771299839019775,2.271250009536743,0.071684755,0.7424447,0.7257100343704224,0.7570833712816238,0.023894915,0.154,0.12600000575184822,0.17800001427531242,0.045142204,0.0,0.0,0.0,0.0,0.15326977,0.13644300401210785,0.17132701352238655,0.022920802,2.4241645,2.4187479615211487,2.436248004436493,0.01998103,2.4341648,2.4287479519844055,2.4462479948997498,0.01998103,908800.0,908800.0,908800.0,0.0
284,0.0,0.0,0.0,0.0,2.0,2.0,2.0,0.0,0.23071699,0.22611555829644203,0.24000609293580055,0.011124851,0.23119342,0.2266036905348301,0.24046583101153374,0.011116637,1.0069166,0.9949119538068771,1.0239198505878448,0.023350153,0.09855195,0.09464139118790627,0.10117887891829014,0.0053909365,0.09855195,0.09464139118790627,0.10117887891829014,0.0053909365,1.0,1.0,1.0,0.0,0.00047643992,0.00045760358625557274,0.000488439058244694,2.7742479e-05,0.004834014,0.004789914935827255,0.004853197373449802,7.286353e-05,-27.072176,-27.658125400543213,-26.541707515716553,0.76354015,2.2152607,2.188849985599518,2.252668619155884,0.05137136,0.7384203,0.7296166718006134,0.7508895397186279,0.017123787,0.16266668,0.14000000804662704,0.17800001427531242,0.03132624,0.0,0.0,0.0,0.0,0.15195292,0.14029141142964363,0.15651869773864746,0.020826204,2.4341648,2.4287479519844055,2.4462479948997498,0.01998103,2.4441645,2.4387479424476624,2.4562479853630066,0.01998103,912000.0,912000.0,912000.0,0.0
285,0.0,0.0,0.0,0.0,2.0,2.0,2.0,0.0,0.23119342,0.2266036905348301,0.24046583101153374,0.011116637,0.2316534,0.22706330195069313,0.2409348338842392,0.01111293,1.0186684,1.001782774925232,1.0314308106899261,0.02016174,0.09588683,0.09303560294210911,0.0995904989540577,0.0044264887,0.09588683,0.09303560294210911,0.0995904989540577,0.0044264887,1.0,1.0,1.0,0.0,0.0004599852,0.00044639101542998105,0.00047169219033094123,2.0850559e-05,0.0047978945,0.004754125257022679,0.004816934000700712,7.2319075e-05,-27.279099,-27.642231464385986,-26.976365566253662,0.5712577,2.2411153,2.2039661407470703,2.2691930532455444,0.044356707,0.7470384,0.7346553802490234,0.7563977092504501,0.014785573,0.16133334,0.13600000739097595,0.17600001394748688,0.031969685,0.0,0.0,0.0,0.0,0.15281187,0.14665109664201736,0.1588457189500332,0.0131605035,2.4441645,2.4387479424476624,2.4562479853630066,0.01998103,2.4541647,2.448747932910919,2.4662479758262634,0.01998103,915200.0,915200.0,915200.0,0.0
286,0.0,0.0,0.0,0.0,2.0,2.0,2.0,0.0,0.2316534,0.22706330195069313,0.2409348338842392,0.01111293,0.23211326,0.22749735414981842,0.2414044737815857,0.011109355,1.0164996,0.9873707890510559,1.043927401304245,0.03503007,0.096561424,0.09038365073502064,0.10295067727565765,0.007865502,0.096561424,0.09038365073502064,0.10295067727565765,0.007865502,1.0,1.0,1.0,0.0,0.00045984823,0.00042493853834457695,0.00048825474368641153,3.826718e-05,0.004762045,0.004718602867797017,0.00478094257414341,7.177877e-05,-26.85289,-27.50802516937256,-26.026726722717285,1.1365793,2.2363439,2.1722590923309326,2.296686053276062,0.07706768,0.74544793,0.7240864038467407,0.7655620574951172,0.025689222,0.15166666,0.12749999575316906,0.17249999940395355,0.0399621,0.0,0.0,0.0,0.0,0.15228836,0.1419561728835106,0.16108513996005058,0.013289396,2.4541647,2.448747932910919,2.4662479758262634,0.01998103,2.4641645,2.458747923374176,2.4762479662895203,0.01998103,918400.0,918400.0,918400.0,0.0
287,0.0,0.0,0.0,0.0,2.0,2.0,2.0,0.0,0.23211326,0.22749735414981842,0.2414044737815857,0.011109355,0.2325877,0.22797131910920143,0.2419002503156662,0.0111106895,0.99982333,0.9616387039422989,1.0315091609954834,0.039036363,0.10041482,0.09300208650529385,0.10923613794147968,0.0091367345,0.10041482,0.09300208650529385,0.10923613794147968,0.0091367345,1.0,1.0,1.0,0.0,0.0004744392,0.000436552036262583,0.0005153814126970246,4.1823663e-05,0.0047264635,0.004683345556259155,0.004745220183394849,7.124256e-05,-26.778357,-27.242751598358154,-26.22929334640503,0.81705236,2.1996553,2.1156474351882935,2.2693654894828796,0.08588169,0.73321843,0.7052158117294312,0.7564551830291748,0.028627228,0.18933333,0.18200001493096352,0.1980000026524067,0.034507796,0.0,0.0,0.0,0.0,0.15229055,0.1454090066254139,0.16346704587340355,0.017088786,2.4641645,2.458747923374176,2.4762479662895203,0.01998103,2.4741647,2.468747913837433,2.486247956752777,0.01998103,921600.0,921600.0,921600.0,0.0
288,0.0,0.0,0.0,0.0,2.0,2.0,2.0,0.0,0.2325877,0.22797131910920143,0.2419002503156662,0.0111106895,0.23303747,0.22846028953790665,0.24231037497520447,0.011120158,1.0200338,0.992982879281044,1.0496068596839905,0.042584915,0.09591206,0.08921355940401554,0.1016723234206438,0.0093612345,0.09591206,0.08921355940401554,0.1016723234206438,0.0093612345,1.0,1.0,1.0,0.0,0.00044977196,0.00041274065006291494,0.0004751121668959968,4.2404623e-05,0.0046911477,0.0046483519254252315,0.004709764150902629,7.0710084e-05,-27.190086,-27.448975086212158,-26.871363639831543,0.70145905,2.2441194,2.1846060156822205,2.309181272983551,0.093688704,0.7480398,0.7282020151615143,0.7697271257638931,0.031229569,0.16400002,0.14400000870227814,0.18400001525878906,0.029245049,0.0,0.0,0.0,0.0,0.15443946,0.14029787853360176,0.1666589379310608,0.02259517,2.4741647,2.468747913837433,2.486247956752777,0.01998103,2.4841645,2.4787479043006897,2.496247947216034,0.01998103,924800.0,924800.0,924800.0,0.0
289,0.0,0.0,0.0,0.0,2.0,2.0,2.0,0.0,0.23303747,0.22846028953790665,0.24231037497520447,0.011120158,0.2334925,0.2288958914577961,0.24280951544642448,0.011140975,1.0110923,0.9817564338445663,1.0321313738822937,0.037845448,0.09781153,0.09287291578948498,0.1042903084307909,0.008287138,0.09781153,0.09287291578948498,0.1042903084307909,0.008287138,1.0,1.0,1.0,0.0,0.00045502724,0.00043325621663825586,0.0004807507648365572,3.414194e-05,0.0046560955,0.004613619297742844,0.0046745724976062775,7.018173e-05,-27.059446,-27.27121877670288,-26.51464080810547,0.66742164,2.2244475,2.159907281398773,2.2707343697547913,0.083261654,0.7414825,0.7199691236019135,0.7569114863872528,0.027753884,0.15733334,0.13600000739097595,0.17000001296401024,0.028608117,0.0006666667,0.0,0.0,0.0023094013,0.157784,0.14925022795796394,0.16614346578717232,0.018020079,2.4841645,2.4787479043006897,2.496247947216034,0.01998103,2.4941647,2.4887478947639465,2.5062479376792908,0.01998103,928000.0,928000.0,928000.0,0.0
290,0.0,0.0,0.0,0.0,2.0,2.0,2.0,0.0,0.2334925,0.2288958914577961,0.24280951544642448,0.011140975,0.23393954,0.2293153591454029,0.24324104934930801,0.011147233,1.015327,0.9847624748945236,1.040625274181366,0.03046503,0.096752994,0.0910699050873518,0.10357192903757095,0.0069106827,0.096752994,0.0910699050873518,0.10357192903757095,0.0069106827,1.0,1.0,1.0,0.0,0.00044705396,0.0004200166222290136,0.00047791794349905103,3.139063e-05,0.0046213055,0.00457914755679667,0.004639644757844508,6.96575e-05,-26.992424,-27.83452320098877,-25.958187580108643,1.011369,2.233764,2.1665207147598267,2.289421260356903,0.0670244,0.7445881,0.7221735715866089,0.7631404399871826,0.022341477,0.154,0.12800000607967377,0.1640000119805336,0.03361818,0.0006666667,0.0,0.0,0.0023094013,0.14912112,0.14003866910934448,0.15900425612926483,0.017047996,2.4941647,2.4887478947639465,2.5062479376792908,0.01998103,2.5041645,2.4987478852272034,2.5162479281425476,0.01998103,931200.0,931200.0,931200.0,0.0
291,0.0,0.0,0.0,0.0,2.0,2.0,2.0,0.0,0.23393954,0.2293153591454029,0.24324104934930801,0.011147233,0.23438595,0.22976361587643623,0.24362575262784958,0.011133405,1.013235,0.9990182369947433,1.02364182472229,0.035734203,0.09729577,0.09470220282673836,0.10025845281779766,0.007852458,0.09729577,0.09470220282673836,0.10025845281779766,0.007852458,1.0,1.0,1.0,0.0,0.00044639755,0.00043245420238235965,0.00046114937867969275,3.81229e-05,0.0045867753,0.004544931696727872,0.004604977555572987,6.913706e-05,-27.19677,-27.62724256515503,-26.486934661865234,0.7275327,2.2291615,2.1978840231895447,2.2520569562911987,0.078616805,0.74305385,0.7326280325651169,0.7506856620311737,0.026205601,0.16933334,0.1600000113248825,0.18400001525878906,0.034253955,0.0013333334,0.0,0.0,0.003113996,0.15942511,0.13971420377492905,0.17568590492010117,0.020307908,2.5041645,2.4987478852272034,2.5162479281425476,0.01998103,2.5141647,2.50874787569046,2.5262479186058044,0.01998103,934400.0,934400.0,934400.0,0.0
292,0.0,0.0,0.0,0.0,2.0,2.0,2.0,0.0,0.23438595,0.22976361587643623,0.24362575262784958,0.011133405,0.23483591,0.23020672798156738,0.2440984919667244,0.011147245,1.0063316,0.983480840921402,1.02644482254982,0.037521463,0.09888775,0.09414971247315407,0.10389469936490059,0.008448485,0.09888775,0.09414971247315407,0.10389469936490059,0.008448485,1.0,1.0,1.0,0.0,0.0004499551,0.00043421924056019634,0.00047127211291808635,3.5900805e-05,0.0045525036,0.004510972299613059,0.004570569610223174,6.862037e-05,-26.978231,-27.284743785858154,-26.898407459259033,0.6441845,2.2139738,2.163701057434082,2.2582236528396606,0.08254883,0.73799133,0.7212337255477905,0.7527412325143814,0.027516272,0.15866667,0.13200000673532486,0.18400001153349876,0.038417168,0.0,0.0,0.0,0.0,0.15350525,0.14279429614543915,0.16140925884246826,0.013943399,2.5141647,2.50874787569046,2.5262479186058044,0.01998103,2.5241644,2.518747866153717,2.5362479090690613,0.01998103,937600.0,937600.0,937600.0,0.0
293,0.0,0.0,0.0,0.0,2.0,2.0,2.0,0.0,0.23483591,0.23020672798156738,0.2440984919667244,0.011147245,0.23528166,0.23067425936460495,0.24453186988830566,0.011149832,1.0070648,0.9706569314002991,1.0330838859081268,0.034736678,0.0986776,0.09266525134444237,0.10699026100337505,0.007985614,0.0986776,0.09266525134444237,0.10699026100337505,0.007985614,1.0,1.0,1.0,0.0,0.0004457727,0.0004148883745074272,0.000485296273836866,3.5179095e-05,0.004518487,0.004477266920730472,0.0045364180114120245,6.810761e-05,-27.018158,-27.38241195678711,-26.624212741851807,0.58116937,2.215587,2.135487914085388,2.272830009460449,0.07642221,0.73852897,0.7118293046951294,0.7576100081205368,0.02547407,0.17666668,0.1340000070631504,0.1940000019967556,0.05245489,0.0,0.0,0.0,0.0,0.1581166,0.1496523693203926,0.16772178187966347,0.01665412,2.5241644,2.518747866153717,2.5362479090690613,0.01998103,2.5341647,2.528747856616974,2.546247899532318,0.01998103,940800.0,940800.0,940800.0,0.0
294,0.0,0.0,0.0,0.0,2.0,2.0,2.0,0.0,0.23528166,0.23067425936460495,0.24453186988830566,0.011149832,0.23571314,0.23111067339777946,0.24495407193899155,0.011138317,1.0174767,0.9964148849248886,1.0344188213348389,0.022981418,0.09617909,0.09238068014383316,0.10083246417343616,0.005089318,0.09617909,0.09238068014383316,0.10083246417343616,0.005089318,1.0,1.0,1.0,0.0,0.00043146242,0.00041090702870860696,0.0004518767018453218,2.6163681e-05,0.0044847257,0.004443813348188996,0.004502522642724216,6.759864e-05,-27.110527,-27.38749933242798,-26.87504816055298,0.563318,2.2384932,2.1921565532684326,2.2757667303085327,0.050560094,0.7461645,0.7307188659906387,0.7585889399051666,0.016853364,0.172,0.1420000083744526,0.1940000019967556,0.037133664,0.0013333334,0.0,0.0,0.003113996,0.15384376,0.1382204033434391,0.16350625827908516,0.023707315,2.5341647,2.528747856616974,2.546247899532318,0.01998103,2.5441644,2.5387478470802307,2.556247889995575,0.01998103,944000.0,944000.0,944000.0,0.0
295,0.0,0.0,0.0,0.0,2.0,2.0,2.0,0.0,0.23571314,0.23111067339777946,0.24495407193899155,0.011138317,0.23613806,0.23154402524232864,0.24536089226603508,0.011140743,1.0212339,0.9964713752269745,1.039681851863861,0.03287774,0.09547702,0.09127300046384335,0.10081694833934307,0.0071575334,0.09547702,0.09127300046384335,0.10081694833934307,0.0071575334,1.0,1.0,1.0,0.0,0.00042492207,0.00040255309431813657,0.0004475867244764231,3.1933323e-05,0.004451216,0.004410609253682196,0.004468879895284772,6.70938e-05,-27.286142,-27.746292114257812,-26.84217882156372,0.79462683,2.2467594,2.1922808289527893,2.287345767021179,0.072332464,0.7489198,0.7307603061199188,0.7624486088752747,0.02411082,0.14533333,0.1340000070631504,0.15400001034140587,0.02594166,0.0,0.0,0.0,0.0,0.15465176,0.1430543027818203,0.16133442521095276,0.019661922,2.5441644,2.5387478470802307,2.556247889995575,0.01998103,2.5541646,2.5487478375434875,2.566247880458832,0.01998103,947200.0,947200.0,947200.0,0.0
296,0.0,0.0,0.0,0.0,2.0,2.0,2.0,0.0,0.23613806,0.23154402524232864,0.24536089226603508,0.011140743,0.23657732,0.23194433003664017,0.24582147970795631,0.011148632,1.0031801,0.9765543043613434,1.0254569053649902,0.028548358,0.09946551,0.09430755116045475,0.10554694756865501,0.0064547015,0.09946551,0.09430755116045475,0.10554694756865501,0.0064547015,1.0,1.0,1.0,0.0,0.0004392604,0.00041796843288466334,0.00046124115760903805,2.6310056e-05,0.004417957,0.0043776530073955655,0.004435488721355796,6.659227e-05,-26.808434,-27.00259256362915,-26.405442237854004,0.5095206,2.2070405,2.148462414741516,2.2560502886772156,0.062807634,0.73568016,0.7161541730165482,0.7520167678594589,0.020935878,0.16600001,0.13600000739097595,0.20200000330805779,0.03830974,0.0006666667,0.0,0.0,0.0023094013,0.15038057,0.14217058196663857,0.15709521621465683,0.014259051,2.5541646,2.5487478375434875,2.566247880458832,0.01998103,2.5641644,2.5587478280067444,2.5762478709220886,0.01998103,950400.0,950400.0,950400.0,0.0
297,0.0,0.0,0.0,0.0,2.0,2.0,2.0,0.0,0.23657732,0.23194433003664017,0.24582147970795631,0.011148632,0.23698807,0.23234032467007637,0.24624372273683548,0.011152268,1.0298616,1.0105432868003845,1.0437292754650116,0.03773321,0.09368449,0.0904221273958683,0.0976080521941185,0.0083728265,0.09368449,0.0904221273958683,0.0976080521941185,0.0083728265,1.0,1.0,1.0,0.0,0.00041074856,0.0003987383170169778,0.00042224123171763495,3.6618672e-05,0.004384946,0.004344943794421852,0.004402346792630851,6.609472e-05,-27.239008,-27.808196544647217,-26.951858520507812,0.8378676,2.2657406,2.2232396006584167,2.296250283718109,0.08301472,0.7552469,0.7410798668861389,0.7654168009757996,0.027671574,0.14333335,0.12800000607967377,0.14800000935792923,0.03925982,0.0,0.0,0.0,0.0,0.1574586,0.14585304260253906,0.1691516786813736,0.019712122,2.5641644,2.5587478280067444,2.5762478709220886,0.01998103,2.5741646,2.568747818470001,2.5862478613853455,0.01998103,953600.0,953600.0,953600.0,0.0
298,0.0,0.0,0.0,0.0,2.0,2.0,2.0,0.0,0.23698807,0.23234032467007637,0.24624372273683548,0.011152268,0.23740093,0.23272526636719704,0.2466353476047516,0.011150831,1.0237057,1.0147485136985779,1.0395042598247528,0.027176037,0.09485996,0.09131223522126675,0.09666105732321739,0.0060469834,0.09485996,0.09131223522126675,0.09666105732321739,0.0060469834,1.0,1.0,1.0,0.0,0.00041285602,0.0003992314523202367,0.0004194221110083163,2.7223241e-05,0.0043521817,0.004312478587962687,0.00436945294495672,6.560096e-05,-27.227114,-27.398315906524658,-27.01999568939209,0.52552176,2.2521975,2.2324912548065186,2.2869549989700317,0.05978847,0.7507326,0.7441637814044952,0.7623183727264404,0.019929497,0.16400002,0.14400000870227814,0.17200001329183578,0.030030288,0.0006666667,0.0,0.0,0.0023094013,0.15288351,0.14240775257349014,0.16192617639899254,0.020583166,2.5741646,2.568747818470001,2.5862478613853455,0.01998103,2.5841644,2.578747808933258,2.5962478518486023,0.01998103,956800.0,956800.0,956800.0,0.0
299,0.0,0.0,0.0,0.0,2.0,2.0,2.0,0.0,0.23740093,0.23272526636719704,0.2466353476047516,0.011150831,0.23781799,0.23311729356646538,0.247073233127594,0.011170527,1.0163236,0.9960322678089142,1.0422283709049225,0.03560762,0.09660905,0.09073540568351746,0.10092092305421829,0.007956884,0.09660905,0.09073540568351746,0.10092092305421829,0.007956884,1.0,1.0,1.0,0.0,0.00041706557,0.00039202575135277584,0.00043671549792634323,3.1411717e-05,0.0043196627,0.004280255641788244,0.004336804733611643,6.511088e-05,-27.24835,-27.826510429382324,-26.614004135131836,0.78401935,2.2359564,2.1913147568702698,2.2929481267929077,0.0783383,0.7453189,0.7304382622241974,0.7643160820007324,0.026112778,0.14583333,0.12749999575316906,0.16249999776482582,0.026443193,0.0008333333,0.0,0.0,0.0028867512,0.15390706,0.14842195063829422,0.1590231955051422,0.016502023,2.5841644,2.578747808933258,2.5962478518486023,0.01998103,2.5941646,2.588747799396515,2.606247842311859,0.01998103,960000.0,960000.0,960000.0,0.0
300,0.0,0.0,0.0,0.0,2.0,2.0,2.0,0.0,0.23781799,0.23311729356646538,0.247073233127594,0.011170527,0.23823322,0.2334960177540779,0.2475128509104252,0.0111759305,1.0160173,0.9780524671077728,1.0459283292293549,0.047046743,0.09689092,0.08998903445899487,0.10518588311970234,0.010260483,0.09689092,0.08998903445899487,0.10518588311970234,0.010260483,1.0,1.0,1.0,0.0,0.00041523785,0.0003862334124278277,0.00044435686140786856,4.301049e-05,0.0042873863,0.0042482741409912705,0.004304400528781116,6.462422e-05,-27.201075,-28.019641399383545,-26.69715404510498,0.86450064,2.2352827,2.151758372783661,2.3010882139205933,0.10350492,0.7450943,0.717252790927887,0.7670294344425201,0.034501646,0.14800002,0.12800000607967377,0.15800001099705696,0.027396087,0.0,0.0,0.0,0.0,0.15485664,0.14141135290265083,0.16544612124562263,0.020479709,2.5941646,2.588747799396515,2.606247842311859,0.01998103,2.6041644,2.5987477898597717,2.616247832775116,0.01998103,963200.0,963200.0,963200.0,0.0
301,0.0,0.0,0.0,0.0,2.0,2.0,2.0,0.0,0.23823322,0.2334960177540779,0.2475128509104252,0.0111759305,0.23866518,0.23390958830714226,0.24792594835162163,0.011177059,0.9938104,0.984788566827774,1.0087368786334991,0.019808128,0.10153296,0.09800914488732815,0.10356531292200089,0.004688138,0.10153296,0.09800914488732815,0.10356531292200089,0.004688138,1.0,1.0,1.0,0.0,0.0004319741,0.00042208778904750943,0.0004368050940684043,1.8947005e-05,0.004255351,0.004216531408019364,0.00427223788574338,6.414134e-05,-26.804749,-27.039610385894775,-26.77626371383667,0.7040262,2.1864264,2.1665780544281006,2.2192654609680176,0.04357875,0.7288089,0.7221926897764206,0.7397551536560059,0.014526254,0.14733334,0.11800000444054604,0.17600001394748688,0.030407341,0.0,0.0,0.0,0.0,0.14728649,0.13666214793920517,0.15602245181798935,0.015962746,2.6041644,2.5987477898597717,2.616247832775116,0.01998103,2.6141646,2.6087477803230286,2.626247823238373,0.01998103,966400.0,966400.0,966400.0,0.0
302,0.0,0.0,0.0,0.0,2.0,2.0,2.0,0.0,0.23866518,0.23390958830714226,0.24792594835162163,0.011177059,0.23907763,0.23436971753835678,0.2483513168990612,0.011181206,1.0123527,0.9835160225629807,1.0446825623512268,0.04564872,0.097686894,0.09026483446359634,0.1038686502724886,0.010210894,0.097686894,0.09026483446359634,0.1038686502724886,0.010210894,1.0,1.0,1.0,0.0,0.0004124354,0.0003788410540437326,0.00043063785415142775,4.220535e-05,0.004223556,0.004185025347396731,0.004240316222421825,6.366226e-05,-27.07795,-27.45022439956665,-26.770236015319824,0.7003988,2.2272203,2.1637784242630005,2.2983476519584656,0.10042922,0.74240685,0.7212595045566559,0.7661159038543701,0.033476416,0.172,0.14000000804662704,0.18400001153349876,0.052125726,0.0,0.0,0.0,0.0,0.15825002,0.13855678960680962,0.17455686256289482,0.025859328,2.6141646,2.6087477803230286,2.626247823238373,0.01998103,2.6241643,2.6187477707862854,2.6362478137016296,0.01998103,969600.0,969600.0,969600.0,0.0
303,0.0,0.0,0.0,0.0,2.0,2.0,2.0,0.0,0.23907763,0.23436971753835678,0.2483513168990612,0.011181206,0.23948012,0.2347336746752262,0.24878337979316711,0.011181052,1.0187731,0.985752522945404,1.0462462604045868,0.032082677,0.09600847,0.08990168012678623,0.10333568044006824,0.0070574777,0.09600847,0.08990168012678623,0.10333568044006824,0.0070574777,1.0,1.0,1.0,0.0,0.0004024765,0.0003769656686927192,0.0004266391842975281,3.0358879e-05,0.0041919975,0.00415375514421612,0.004208633094094694,6.318658e-05,-27.459,-27.856303215026855,-27.028526782989502,0.73863363,2.2413456,2.1686988472938538,2.3017876744270325,0.07058329,0.7471152,0.7228996455669403,0.7672625631093979,0.023527758,0.16733335,0.1340000070631504,0.1900000125169754,0.032977495,0.0,0.0,0.0,0.0,0.16368766,0.15039803832769394,0.17501091212034225,0.01895412,2.6241643,2.6187477707862854,2.6362478137016296,0.01998103,2.6341646,2.6287477612495422,2.6462478041648865,0.01998103,972800.0,972800.0,972800.0,0.0
304,0.0,0.0,0.0,0.0,2.0,2.0,2.0,0.0,0.23948012,0.2347336746752262,0.24878337979316711,0.011181052,0.23988886,0.23513494431972504,0.2492104470729828,0.011178921,1.0087801,0.9815823137760162,1.0366015136241913,0.032684937,0.09825394,0.09191778302192688,0.10433369874954224,0.007423416,0.09825394,0.09191778302192688,0.10433369874954224,0.007423416,1.0,1.0,1.0,0.0,0.0004087484,0.00038054540345910937,0.00043032185203628615,3.072545e-05,0.0041606748,0.004122718586586416,0.004177185939624906,6.2714214e-05,-27.013216,-27.575590133666992,-26.30068349838257,0.81247693,2.2193606,2.1595242023468018,2.280568778514862,0.0719083,0.73978686,0.7198414206504822,0.7601895928382874,0.02396943,0.16066667,0.13200000673532486,0.18800001218914986,0.047934297,0.0006666667,0.0,0.0,0.0023094013,0.15269756,0.1362057477235794,0.15475893393158913,0.024648149,2.6341646,2.6287477612495422,2.6462478041648865,0.01998103,2.6441643,2.638747751712799,2.6562477946281433,0.01998103,976000.0,976000.0,976000.0,0.0
305,0.0,0.0,0.0,0.0,2.0,2.0,2.0,0.0,0.23988886,0.23513494431972504,0.2492104470729828,0.011178921,0.24024819,0.23554044216871262,0.24963119253516197,0.011234829,1.0305823,1.0033230036497116,1.0552667081356049,0.042241685,0.08724656,0.08805637434124947,0.09923997148871422,0.028317995,0.093595475,0.08805637434124947,0.09923997148871422,0.00877831,0.9166667,1.0,1.0,0.28867513,0.00035933463,0.00037081879418110475,0.0004087478664587252,0.00011633296,0.0041295867,0.004091914161108434,0.004145974176935852,6.2245585e-05,-27.369568,-27.92103862762451,-26.683592796325684,0.95222175,2.2673264,2.2073546648025513,2.321633040904999,0.09293354,0.75577545,0.7357848882675171,0.7738776803016663,0.030977843,0.17400001,0.15000000968575478,0.1940000019967556,0.032384057,0.0006666667,0.0,0.0,0.0023094013,0.1574146,0.14627036079764366,0.17191334813833237,0.01650424,2.6441643,2.638747751712799,2.6562477946281433,0.01998103,2.6541646,2.648747742176056,2.6662477850914,0.01998103,979200.0,979200.0,979200.0,0.0
306,0.0,0.0,0.0,0.0,2.0,2.0,2.0,0.0,0.24024819,0.23554044216871262,0.24963119253516197,0.011234829,0.24064289,0.23595180362462997,0.24999333545565605,0.011226172,1.0183109,0.9985709637403488,1.0478254854679108,0.041741483,0.09628769,0.08957369439303875,0.10033892281353474,0.009587619,0.09628769,0.08957369439303875,0.10033892281353474,0.009587619,1.0,1.0,1.0,0.0,0.00039469777,0.0003643392992671579,0.0004134376722504385,3.988913e-05,0.0040987306,0.004061340005137026,0.0041149958269670606,6.178066e-05,-27.189196,-27.63298749923706,-26.639107704162598,0.8981061,2.2403288,2.1969000697135925,2.3052621483802795,0.09183309,0.7467763,0.7323000431060791,0.7684207409620285,0.030611025,0.14266668,0.12800000607967377,0.16200001165270805,0.036234926,0.0,0.0,0.0,0.0,0.14886811,0.14158956333994865,0.1517748050391674,0.015763525,2.6541646,2.648747742176056,2.6662477850914,0.01998103,2.6641643,2.6587477326393127,2.676247775554657,0.01998103,982400.0,982400.0,982400.0,0.0
307,0.0,0.0,0.0,0.0,2.0,2.0,2.0,0.0,0.24064289,0.23595180362462997,0.24999333545565605,0.011226172,0.24104206,0.23637520894408226,0.25038299337029457,0.011220445,1.0090679,0.9928916841745377,1.0247166752815247,0.0290237,0.09813241,0.09446783736348152,0.10165136493742466,0.006470481,0.09813241,0.09446783736348152,0.10165136493742466,0.006470481,1.0,1.0,1.0,0.0,0.00039916215,0.0003912347965524532,0.0004109180154046044,2.6115991e-05,0.004068105,0.004030992975458503,0.004084249143488705,6.131902e-05,-26.96736,-27.37015151977539,-26.57820701599121,0.6260729,2.2199938,2.1844053268432617,2.254421651363373,0.0638534,0.7399979,0.7281351089477539,0.7514739036560059,0.02128447,0.156,0.13600000739097595,0.17600001394748688,0.034871195,0.0006666667,0.0,0.0,0.0023094013,0.14878374,0.13765068724751472,0.156314168125391,0.0154857,2.6641643,2.6587477326393127,2.676247775554657,0.01998103,2.6741645,2.6687477231025696,2.686247766017914,0.01998103,985600.0,985600.0,985600.0,0.0
308,0.0,0.0,0.0,0.0,2.0,2.0,2.0,0.0,0.24104206,0.23637520894408226,0.25038299337029457,0.011220445,0.24142963,0.23681366816163063,0.25074338912963867,0.011219101,1.0193616,1.004192978143692,1.0438075065612793,0.04029017,0.09602124,0.09042163006961346,0.09904003702104092,0.00904095,0.09602124,0.09042163006961346,0.09904003702104092,0.00904095,1.0,1.0,1.0,0.0,0.00038758517,0.0003641301882453263,0.0003981544286943972,3.565731e-05,0.0040377085,0.004000873537734151,0.004053732263855636,6.0860802e-05,-27.041117,-27.66716241836548,-26.531153202056885,0.7806794,2.2426403,2.2092686891555786,2.2964224219322205,0.08864016,0.74754673,0.7364228963851929,0.7654741555452347,0.02954673,0.15733334,0.13200000673532486,0.18000001087784767,0.037883393,0.0006666667,0.0,0.0,0.0023094013,0.15607949,0.1467330865561962,0.1624087691307068,0.017106626,2.6741645,2.6687477231025696,2.686247766017914,0.01998103,2.6841643,2.6787477135658264,2.6962477564811707,0.01998103,988800.0,988800.0,988800.0,0.0
309,0.0,0.0,0.0,0.0,2.0,2.0,2.0,0.0,0.24142963,0.23681366816163063,0.25074338912963867,0.011219101,0.241817,0.23718960583209991,0.2511388212442398,0.01123168,1.015587,0.9985552579164505,1.031508982181549,0.03121523,0.09670519,0.0930024366825819,0.10033361241221428,0.0070404294,0.09670519,0.0930024366825819,0.10033361241221428,0.0070404294,1.0,1.0,1.0,0.0,0.00038737163,0.0003745531357708387,0.00039618975279154256,2.6126803e-05,0.004007539,0.003970979829318821,0.004023442277684808,6.0406048e-05,-27.069326,-27.509456634521484,-26.613234996795654,0.6989183,2.234336,2.1968653798103333,2.2693650126457214,0.0686749,0.74477863,0.7322884649038315,0.7564550042152405,0.022891626,0.15133335,0.12600000575184822,0.1860000118613243,0.038962297,0.0,0.0,0.0,0.0,0.14704353,0.13465078547596931,0.15620756149291992,0.016511163,2.6841643,2.6787477135658264,2.6962477564811707,0.01998103,2.6941643,2.6887477040290833,2.7062477469444275,0.01998103,992000.0,992000.0,992000.0,0.0
310,0.0,0.0,0.0,0.0,2.0,2.0,2.0,0.0,0.241817,0.23718960583209991,0.2511388212442398,0.01123168,0.24219148,0.23757696524262428,0.2514919340610504,0.0112314215,1.0269545,1.010061353445053,1.0461216866970062,0.028311633,0.094164275,0.08992920070886612,0.0977170318365097,0.006085113,0.094164275,0.08992920070886612,0.0977170318365097,0.006085113,1.0,1.0,1.0,0.0,0.00037447808,0.00036363134859129786,0.0003862344892695546,2.381613e-05,0.003977595,0.003941308823414147,0.0039933796506375074,5.995474e-05,-27.450647,-27.815272331237793,-26.85125207901001,0.64096117,2.259345,2.222179353237152,2.3015137314796448,0.062286824,0.753115,0.7407264560461044,0.767171248793602,0.020762274,0.14400001,0.12000000476837158,0.16600001230835915,0.037678063,0.0006666667,0.0,0.0,0.0023094013,0.15405278,0.14171592891216278,0.16233428567647934,0.021618865,2.6941643,2.6887477040290833,2.7062477469444275,0.01998103,2.7041645,2.69874769449234,2.7162477374076843,0.01998103,995200.0,995200.0,995200.0,0.0
311,0.0,0.0,0.0,0.0,2.0,2.0,2.0,0.0,0.24219148,0.23757696524262428,0.2514919340610504,0.0112314215,0.24257864,0.23795045167207718,0.25190403312444687,0.011221542,1.0098977,0.9856274127960205,1.03995680809021,0.03568868,0.09804969,0.09121164120733738,0.10336503572762012,0.008057938,0.09804969,0.09121164120733738,0.10336503572762012,0.008057938,1.0,1.0,1.0,0.0,0.0003871586,0.00036456350062508136,0.00041016056638909504,3.323299e-05,0.003947875,0.00391186005435884,0.003963541588746011,5.9506907e-05,-27.180008,-27.432851314544678,-26.991409301757812,0.4680157,2.2218192,2.168423652648926,2.2879506945610046,0.078516625,0.7406065,0.722807914018631,0.7626502513885498,0.026172213,0.164,0.14600000903010368,0.1860000118613243,0.04142902,0.0,0.0,0.0,0.0,0.1544247,0.14945905283093452,0.162246223539114,0.01509271,2.7041645,2.69874769449234,2.7162477374076843,0.01998103,2.7141645,2.708747684955597,2.726247727870941,0.01998103,998400.0,998400.0,998400.0,0.0
312,0.0,0.0,0.0,0.0,2.0,2.0,2.0,0.0,0.24257864,0.23795045167207718,0.25190403312444687,0.011221542,0.24295737,0.23832940682768822,0.25228141248226166,0.011226939,1.0156096,0.9943952858448029,1.0231614410877228,0.030951379,0.09668958,0.09480866976082325,0.10130062326788902,0.0066731144,0.09668958,0.09480866976082325,0.10130062326788902,0.0066731144,1.0,1.0,1.0,0.0,0.00037873615,0.0003687313655973412,0.000398959506128449,2.4830819e-05,0.0039183763,0.003882630087900907,0.003933925530873239,5.9061993e-05,-27.232529,-27.742929458618164,-26.743241786956787,0.6806124,2.2343857,2.1877132654190063,2.2510000467300415,0.06809439,0.7447953,0.7292377650737762,0.75033338367939,0.022698136,0.15249999,0.12999999523162842,0.17500000074505806,0.03744693,0.0,0.0,0.0,0.0,0.15588368,0.1385447457432747,0.17688193917274475,0.021550821,2.7141645,2.708747684955597,2.726247727870941,0.01998103,2.7241642,2.7187476754188538,2.736247718334198,0.01998103,1001600.0,1001600.0,1001600.0,0.0
313,0.0,0.0,0.0,0.0,2.0,2.0,2.0,0.0,0.24295737,0.23832940682768822,0.25228141248226166,0.011226939,0.24333227,0.23867566883563995,0.25265489518642426,0.011231845,1.0178094,0.9935845285654068,1.0505431294441223,0.043274496,0.09642442,0.08901780843734741,0.10153905302286148,0.009759667,0.09642442,0.08901780843734741,0.10153905302286148,0.009759667,1.0,1.0,1.0,0.0,0.00037487588,0.000346893175446894,0.0003916682762792334,3.688789e-05,0.0038890985,0.0038536199717782438,0.003904531942680478,5.8620586e-05,-27.224428,-27.753315448760986,-26.715214252471924,0.8103951,2.2392254,2.185929536819458,2.311241090297699,0.095205784,0.74640846,0.7286431789398193,0.770413726568222,0.03173526,0.16466667,0.15000000968575478,0.18800001218914986,0.034528866,0.0,0.0,0.0,0.0,0.15507269,0.1446370668709278,0.16343162208795547,0.016456498,2.7241642,2.7187476754188538,2.736247718334198,0.01998103,2.7341642,2.7287476658821106,2.746247708797455,0.01998103,1004800.0,1004800.0,1004800.0,0.0
314,0.0,0.0,0.0,0.0,2.0,2.0,2.0,0.0,0.24333227,0.23867566883563995,0.25265489518642426,0.011231845,0.24369736,0.2390212118625641,0.2530105337500572,0.011243766,1.0258001,1.0006682574748993,1.04530468583107,0.04083068,0.09461851,0.09012993238866329,0.09986680001020432,0.00902959,0.09461851,0.09012993238866329,0.09986680001020432,0.00902959,1.0,1.0,1.0,0.0,0.00036510304,0.00034483578929211944,0.0003830759524134919,3.3855802e-05,0.0038600396,0.003824826155323535,0.0038753575063310564,5.818279e-05,-27.516052,-28.709126472473145,-26.594550132751465,1.1857728,2.2568052,2.2015141248703003,2.2997161746025085,0.0898293,0.7522684,0.7338380813598633,0.7665720731019974,0.029943088,0.16466667,0.13200000673532486,0.1860000118613243,0.04321055,0.0,0.0,0.0,0.0,0.15749128,0.15621885657310486,0.1725129745900631,0.022292327,2.7341642,2.7287476658821106,2.746247708797455,0.01998103,2.7441645,2.7387476563453674,2.7562476992607117,0.01998103,1008000.0,1008000.0,1008000.0,0.0
315,0.0,0.0,0.0,0.0,2.0,2.0,2.0,0.0,0.24369736,0.2390212118625641,0.2530105337500572,0.011243766,0.24402906,0.23932019993662834,0.25337252765893936,0.011268483,1.0318018,1.0120140612125397,1.0461766719818115,0.036502816,0.0866446,0.08995533175766468,0.09727653488516808,0.027977591,0.093234785,0.08995533175766468,0.09727653488516808,0.00762137,0.9166667,1.0,1.0,0.28867513,0.00033169662,0.00035007306723855436,0.00036757233465323225,0.000106669475,0.0038311975,0.0037962464266456664,0.0038464011740870774,5.7748017e-05,-27.560396,-27.966693878173828,-27.052720546722412,0.61103815,2.2700093,2.226475477218628,2.301634669303894,0.08030778,0.7566698,0.742158517241478,0.7672115713357925,0.026769258,0.16133334,0.14400000870227814,0.17800001427531242,0.032331616,0.0,0.0,0.0,0.0,0.1618642,0.15603462234139442,0.17258992418646812,0.017010937,2.7441645,2.7387476563453674,2.7562476992607117,0.01998103,2.7541645,2.7487476468086243,2.7662476897239685,0.01998103,1011200.0,1011200.0,1011200.0,0.0
316,0.0,0.0,0.0,0.0,2.0,2.0,2.0,0.0,0.24402906,0.23932019993662834,0.25337252765893936,0.011268483,0.24439625,0.23971005901694298,0.2537500187754631,0.0112656085,1.0158385,0.9919165521860123,1.0420273840427399,0.026346631,0.09658066,0.09078098274767399,0.101879071444273,0.0058127404,0.09658066,0.09078098274767399,0.101879071444273,0.0058127404,1.0,1.0,1.0,0.0,0.00036719287,0.00034608257556101307,0.00038300841697491705,2.1573316e-05,0.0038025712,0.00376788160065189,0.00381766160717234,5.7316614e-05,-27.189962,-27.37206220626831,-26.940566539764404,0.7578508,2.2348893,2.182259976863861,2.2925060391426086,0.057963744,0.74496317,0.7274200320243835,0.7641686797142029,0.01932124,0.17666668,0.15800001099705696,0.1940000019967556,0.030215388,0.0,0.0,0.0,0.0,0.16183007,0.153604406863451,0.16903897002339363,0.013099332,2.7541645,2.7487476468086243,2.7662476897239685,0.01998103,2.7641642,2.758747637271881,2.7762476801872253,0.01998103,1014400.0,1014400.0,1014400.0,0.0
317,0.0,0.0,0.0,0.0,2.0,2.0,2.0,0.0,0.24439625,0.23971005901694298,0.2537500187754631,0.0112656085,0.24476434,0.24006186798214912,0.25410088896751404,0.011259871,1.012159,0.9738912880420685,1.0457929968833923,0.034980305,0.09752911,0.08999264054000378,0.10619613155722618,0.007871724,0.09752911,0.08999264054000378,0.10619613155722618,0.007871724,1.0,1.0,1.0,0.0,0.00036809777,0.00033962683664867654,0.0004017655737698078,3.0386522e-05,0.0037741584,0.0037397281266748905,0.0037891354295425117,5.6888206e-05,-27.167513,-27.605595111846924,-26.85289764404297,0.60877454,2.2267945,2.142603635787964,2.300790548324585,0.07695821,0.7422648,0.7142012268304825,0.7669302225112915,0.025652744,0.182,0.14800000935792923,0.22600000724196434,0.05208385,0.0006666667,0.0,0.0,0.0023094013,0.14898993,0.1357128769159317,0.15489837527275085,0.02246,2.7641642,2.758747637271881,2.7762476801872253,0.01998103,2.7741642,2.768747627735138,2.786247670650482,0.01998103,1017600.0,1017600.0,1017600.0,0.0
318,0.0,0.0,0.0,0.0,2.0,2.0,2.0,0.0,0.24476434,0.24006186798214912,0.25410088896751404,0.011259871,0.24513446,0.24046461656689644,0.2544803097844124,0.0112653235,1.0062253,0.9868525862693787,1.0114334225654602,0.034064814,0.09884871,0.09740479290485382,0.10307376086711884,0.007493159,0.09884871,0.09740479290485382,0.10307376086711884,0.007493159,1.0,1.0,1.0,0.0,0.00037009988,0.00036188431113259867,0.00038160235999384895,2.6190844e-05,0.0037459582,0.003711785189807415,0.0037608236889354885,5.646331e-05,-26.965464,-27.27223014831543,-26.616392135620117,0.68214923,2.21374,2.1711190342903137,2.225197970867157,0.07494407,0.73791337,0.7237063646316528,0.741732656955719,0.024981359,0.16666667,0.1420000083744526,0.1940000019967556,0.03251107,0.0,0.0,0.0,0.0,0.1623259,0.14431624487042427,0.17059506475925446,0.024030868,2.7741642,2.768747627735138,2.786247670650482,0.01998103,2.7841644,2.7787476181983948,2.796247661113739,0.01998103,1020800.0,1020800.0,1020800.0,0.0
319,0.0,0.0,0.0,0.0,2.0,2.0,2.0,0.0,0.24513446,0.24046461656689644,0.2544803097844124,0.0112653235,0.2454967,0.24081005528569221,0.25487248599529266,0.011264506,1.0120019,1.0047936737537384,1.0290972292423248,0.02708382,0.09745105,0.09352667815983295,0.09890354610979557,0.0062510073,0.09745105,0.09352667815983295,0.09890354610979557,0.0062510073,1.0,1.0,1.0,0.0,0.0003622709,0.0003455151163507253,0.0003740719403140247,2.2814103e-05,0.003717969,0.003684051043819636,0.00373272318392992,5.604152e-05,-26.998825,-27.412121772766113,-26.776168823242188,0.6990463,2.2264488,2.210590183734894,2.2640591263771057,0.05958559,0.7421496,0.7368634194135666,0.7546863853931427,0.019861866,0.15933333,0.14000000804662704,0.17200001329183578,0.030976042,0.0,0.0,0.0,0.0,0.15990217,0.15187567844986916,0.17220855504274368,0.01499098,2.7841644,2.7787476181983948,2.796247661113739,0.01998103,2.7941644,2.7887476086616516,2.806247651576996,0.01998103,1024000.0,1024000.0,1024000.0,0.0
320,0.0,0.0,0.0,0.0,2.0,2.0,2.0,0.0,0.2454967,0.24081005528569221,0.25487248599529266,0.011264506,0.24585314,0.24117151647806168,0.2552546188235283,0.011283221,1.0161546,0.9884493947029114,1.0550183355808258,0.037708625,0.09667898,0.08810555934906006,0.1027032732963562,0.008276358,0.09667898,0.08810555934906006,0.1027032732963562,0.008276358,1.0,1.0,1.0,0.0,0.00035641994,0.0003333980785100721,0.0003769216491491534,2.6409407e-05,0.003690188,0.003656523651443422,0.003704831935465336,5.56225e-05,-27.176218,-27.44325351715088,-26.837055683135986,0.70757824,2.2355847,2.1746321320533752,2.3210867643356323,0.082960665,0.7451949,0.7248773872852325,0.7736955881118774,0.02765355,0.18,0.15200001001358032,0.20000000298023224,0.03453588,0.0,0.0,0.0,0.0,0.15370114,0.1427067033946514,0.16476940363645554,0.01627514,2.7941644,2.7887476086616516,2.806247651576996,0.01998103,2.8041642,2.7987475991249084,2.8162476420402527,0.01998103,1027200.0,1027200.0,1027200.0,0.0
321,0.0,0.0,0.0,0.0,2.0,2.0,2.0,0.0,0.24585314,0.24117151647806168,0.2552546188235283,0.011283221,0.24621093,0.24152783676981926,0.25561267882585526,0.01127042,1.0112739,0.995740994811058,1.0299031734466553,0.031278864,0.097670145,0.0933474488556385,0.10098551027476788,0.0070773778,0.097670145,0.0933474488556385,0.10098551027476788,0.0070773778,1.0,1.0,1.0,0.0,0.00035780377,0.00034480624162824824,0.000365683481504675,2.7946286e-05,0.0036626153,0.003629202547017485,0.0036771498271264136,5.5206943e-05,-26.931414,-27.520799160003662,-26.539348602294922,0.9021682,2.2248468,2.1906738877296448,2.265832245349884,0.06881487,0.7416156,0.7302246689796448,0.7552774548530579,0.022938292,0.156,0.12800000607967377,0.1600000113248825,0.045319073,0.0,0.0,0.0,0.0,0.15038072,0.1412539817392826,0.1620655208826065,0.020527031,2.8041642,2.7987475991249084,2.8162476420402527,0.01998103,2.8141642,2.8087475895881653,2.8262476325035095,0.01998103,1030400.0,1030400.0,1030400.0,0.0
322,0.0,0.0,0.0,0.0,2.0,2.0,2.0,0.0,0.24621093,0.24152783676981926,0.25561267882585526,0.01127042,0.24655403,0.2418667934834957,0.25596795231103897,0.011275302,1.0255811,1.0068973004817963,1.032938927412033,0.024801252,0.09441852,0.09269659779965878,0.09842486307024956,0.0052581164,0.09441852,0.09269659779965878,0.09842486307024956,0.0052581164,1.0,1.0,1.0,0.0,0.0003431055,0.0003341362753417343,0.0003530693065840751,1.7241373e-05,0.0036352484,0.003602085867896676,0.003649674472399056,5.4794495e-05,-27.467638,-27.900043964385986,-26.77492618560791,0.6666638,2.2563236,2.2152183651924133,2.272511065006256,0.05456383,0.75210786,0.7384061366319656,0.7575037032365799,0.018187942,0.14400001,0.11800000444054604,0.1640000119805336,0.037523326,0.0,0.0,0.0,0.0,0.15807675,0.14889957755804062,0.16645130515098572,0.01982698,2.8141642,2.8087475895881653,2.8262476325035095,0.01998103,2.8241644,2.818747580051422,2.8362476229667664,0.01998103,1033600.0,1033600.0,1033600.0,0.0
323,0.0,0.0,0.0,0.0,2.0,2.0,2.0,0.0,0.24655403,0.2418667934834957,0.25596795231103897,0.011275302,0.2469094,0.24220259860157967,0.25630734115839005,0.011282904,1.0080907,0.9733225852251053,1.0256138145923615,0.038492166,0.09850717,0.09431661106646061,0.106336684897542,0.008694536,0.09850717,0.09431661106646061,0.106336684897542,0.008694536,1.0,1.0,1.0,0.0,0.0003553475,0.00034117313771275803,0.00038135208160383627,3.091415e-05,0.0036080861,0.003575170529074967,0.003622404474299401,5.438511e-05,-27.117971,-27.451807975769043,-26.554794788360596,0.69901675,2.217844,2.141352415084839,2.25639545917511,0.08468446,0.73928136,0.7137841582298279,0.7521318197250366,0.02822815,0.16333334,0.14400000870227814,0.17800001427531242,0.03633514,0.0,0.0,0.0,0.0,0.15120001,0.13968560099601746,0.1661156564950943,0.017552773,2.8241644,2.818747580051422,2.8362476229667664,0.01998103,2.8341644,2.828747570514679,2.846247613430023,0.01998103,1036800.0,1036800.0,1036800.0,0.0
324,0.0,0.0,0.0,0.0,2.0,2.0,2.0,0.0,0.2469094,0.24220259860157967,0.25630734115839005,0.011282904,0.24726325,0.24257678911089897,0.25666191428899765,0.011292641,1.0068005,0.9717931002378464,1.0294092297554016,0.04178904,0.0988667,0.09348655305802822,0.10671049356460571,0.009580648,0.0988667,0.09348655305802822,0.10671049356460571,0.009580648,1.0,1.0,1.0,0.0,0.00035385683,0.0003319929674034938,0.00037999300548108295,3.2483058e-05,0.0035811265,0.0035484571126289666,0.003595338435843587,5.3978747e-05,-27.064316,-27.63034200668335,-26.527329921722412,0.78514653,2.2150052,2.1379875540733337,2.264745593070984,0.09193773,0.73833513,0.7126625329256058,0.7549152374267578,0.030645913,0.16933334,0.15600001066923141,0.18200001120567322,0.034926765,0.0,0.0,0.0,0.0,0.15452236,0.13849276676774025,0.1650565080344677,0.022841336,2.8341644,2.828747570514679,2.846247613430023,0.01998103,2.8441641,2.838747560977936,2.85624760389328,0.01998103,1040000.0,1040000.0,1040000.0,0.0
325,0.0,0.0,0.0,0.0,2.0,2.0,2.0,0.0,0.24726325,0.24257678911089897,0.25666191428899765,0.011292641,0.24755591,0.242661464959383,0.2570307329297066,0.011342874,1.025698,0.9864190220832825,1.0483244955539703,0.058389686,0.08252479,0.08958741463720798,0.1031775213778019,0.039278455,0.0950104,0.08958741463720798,0.1031775213778019,0.012103369,0.8333333,1.0,1.0,0.38924947,0.00029265007,0.0003176522150170058,0.0003635387620306574,0.00013956364,0.0035543686,0.003521943755913526,0.0035684736212715507,5.3575306e-05,-27.371473,-27.84723472595215,-26.80672550201416,0.9386649,2.2565806,2.170165240764618,2.306359887123108,0.12845984,0.7521935,0.7233884185552597,0.7687866687774658,0.04281995,0.15499999,0.13749999925494194,0.17249999940395355,0.022360679,0.0,0.0,0.0,0.0,0.15586509,0.1456984542310238,0.17184114083647728,0.01854036,2.8441641,2.838747560977936,2.85624760389328,0.01998103,2.8541641,2.8487475514411926,2.866247594356537,0.01998103,1043200.0,1043200.0,1043200.0,0.0
326,0.0,0.0,0.0,0.0,2.0,2.0,2.0,0.0,0.24755591,0.242661464959383,0.2570307329297066,0.011342874,0.24787165,0.24300061911344528,0.2573724165558815,0.011346816,1.0195329,1.0052358508110046,1.0279076099395752,0.035080567,0.08946049,0.09377703443169594,0.09880177490413189,0.02850145,0.095878,0.09377703443169594,0.09880177490413189,0.007344031,0.9166667,1.0,1.0,0.28867513,0.000315757,0.00033427347807446495,0.00034692038025241345,0.000100430865,0.0035278108,0.0034956278977915645,0.0035418103798292577,5.3175052e-05,-27.268843,-27.686577796936035,-26.84159564971924,0.60118544,2.2430172,2.2115630507469177,2.261441946029663,0.077178776,0.7476724,0.7371876984834671,0.7538139820098877,0.025726262,0.14600001,0.1300000064074993,0.17200001329183578,0.0397995,0.0,0.0,0.0,0.0,0.15576935,0.14996227994561195,0.16142646223306656,0.014765516,2.8541641,2.8487475514411926,2.866247594356537,0.01998103,2.8641644,2.8587475419044495,2.8762475848197937,0.01998103,1046400.0,1046400.0,1046400.0,0.0
327,0.0,0.0,0.0,0.0,2.0,2.0,2.0,0.0,0.24787165,0.24300061911344528,0.2573724165558815,0.011346816,0.24821346,0.24331792443990707,0.25769686698913574,0.0113619575,1.0122063,0.9967310130596161,1.041982263326645,0.04233087,0.097665615,0.09078747406601906,0.10077719949185848,0.009956473,0.097665615,0.09078747406601906,0.10077719949185848,0.009956473,1.0,1.0,1.0,0.0,0.0003417877,0.0003218240599380806,0.00035321650648256764,3.3186323e-05,0.0035014513,0.0034695088397711515,0.0035153463832102716,5.277791e-05,-26.739449,-27.530577659606934,-26.029680252075195,0.8456106,2.2268984,2.192852020263672,2.2924068570137024,0.09312979,0.7422995,0.7309506833553314,0.7641356438398361,0.031043269,0.15066667,0.13200000673532486,0.16200001165270805,0.034926765,0.0,0.0,0.0,0.0,0.14335378,0.13507721573114395,0.15392302721738815,0.014165015,2.8641644,2.8587475419044495,2.8762475848197937,0.01998103,2.8741643,2.8687475323677063,2.8862475752830505,0.01998103,1049600.0,1049600.0,1049600.0,0.0
328,0.0,0.0,0.0,0.0,2.0,2.0,2.0,0.0,0.24821346,0.24331792443990707,0.25769686698913574,0.0113619575,0.24855204,0.24364973604679108,0.2580658793449402,0.0113683,1.0122453,0.9905327707529068,1.0361284911632538,0.032997094,0.09747576,0.09201775304973125,0.10220433212816715,0.007342111,0.09747576,0.09201775304973125,0.10220433212816715,0.007342111,1.0,1.0,1.0,0.0,0.00033859184,0.00032136048685060814,0.0003522788902046159,2.3409752e-05,0.0034752886,0.003443584544584155,0.0034890795359387994,5.2383315e-05,-27.045477,-27.790571212768555,-26.443121910095215,0.8175162,2.2269843,2.1792156100273132,2.2795282006263733,0.07259508,0.7423281,0.7264052182435989,0.7598427385091782,0.02419836,0.14866668,0.13200000673532486,0.17200001329183578,0.028633527,0.0006666667,0.0,0.0,0.0023094013,0.15595381,0.14170553162693977,0.16656434908509254,0.01927199,2.8741643,2.8687475323677063,2.8862475752830505,0.01998103,2.884164,2.878747522830963,2.8962475657463074,0.01998103,1052800.0,1052800.0,1052800.0,0.0
329,0.0,0.0,0.0,0.0,2.0,2.0,2.0,0.0,0.24855204,0.24364973604679108,0.2580658793449402,0.0113683,0.24887039,0.24373310431838036,0.25839095562696457,0.01138483,1.0086657,0.9712907522916794,1.026829570531845,0.052162796,0.09229288,0.09401332959532738,0.1068340614438057,0.030398834,0.098655365,0.09401332959532738,0.1068340614438057,0.011343466,0.9166667,1.0,1.0,0.28867513,0.00031834494,0.0003289119340479374,0.0003682366877910681,0.00010486514,0.0034493215,0.003417854488361627,0.0034630096051841974,5.199187e-05,-26.993734,-27.134263038635254,-26.750539779663086,0.9472162,2.2191086,2.1368823051452637,2.2590702176094055,0.11476044,0.73970294,0.7122941166162491,0.7530234456062317,0.038253482,0.17666668,0.15400001034140587,0.19200000166893005,0.040571675,0.0006666667,0.0,0.0,0.0023094013,0.15208699,0.1459023281931877,0.15698018297553062,0.013087193,2.884164,2.878747522830963,2.8962475657463074,0.01998103,2.894164,2.88874751329422,2.906247556209564,0.01998103,1056000.0,1056000.0,1056000.0,0.0
330,0.0,0.0,0.0,0.0,2.0,2.0,2.0,0.0,0.24887039,0.24373310431838036,0.25839095562696457,0.01138483,0.24920021,0.24405886605381966,0.2587317153811455,0.011397066,1.0168093,0.9965092837810516,1.026932567358017,0.029224725,0.09640045,0.09406582452356815,0.10081031732261181,0.0063475473,0.09640045,0.09406582452356815,0.10081031732261181,0.0063475473,1.0,1.0,1.0,0.0,0.00032982006,0.0003209960341337137,0.00034582582156872377,1.8772702e-05,0.0034235483,0.003392316692043096,0.0034371342044323683,5.160358e-05,-27.122915,-27.39127206802368,-26.711276054382324,0.55240214,2.237025,2.19236421585083,2.2592968344688416,0.06429569,0.745675,0.7307880818843842,0.7530989646911621,0.021431897,0.17133336,0.15000000968575478,0.17800001427531242,0.036812384,0.0,0.0,0.0,0.0,0.15941596,0.14511559903621674,0.17334945872426033,0.015976613,2.894164,2.88874751329422,2.906247556209564,0.01998103,2.9041643,2.898747503757477,2.916247546672821,0.01998103,1059200.0,1059200.0,1059200.0,0.0
331,0.0,0.0,0.0,0.0,2.0,2.0,2.0,0.0,0.24920021,0.24405886605381966,0.2587317153811455,0.011397066,0.24953116,0.24440034106373787,0.2590687870979309,0.011389808,1.0132567,0.9858620762825012,1.0295889973640442,0.04188831,0.09739551,0.09344479441642761,0.10331130214035511,0.008972027,0.09739551,0.09344479441642761,0.10331130214035511,0.008972027,1.0,1.0,1.0,0.0,0.00033096768,0.0003231472510378808,0.00035102235415251926,3.1001422e-05,0.0033979677,0.0033669688855297863,0.0034114522277377546,5.1217983e-05,-27.065004,-27.279117584228516,-26.806519031524658,0.71765465,2.2292092,2.1689398884773254,2.265140950679779,0.09215614,0.7430697,0.7229799777269363,0.755047008395195,0.03071871,0.15266667,0.12800000607967377,0.17600001394748688,0.031718463,0.0006666667,0.0,0.0,0.0023094013,0.15222974,0.13773774728178978,0.16228383406996727,0.01802964,2.9041643,2.898747503757477,2.916247546672821,0.01998103,2.9141643,2.9087474942207336,2.926247537136078,0.01998103,1062400.0,1062400.0,1062400.0,0.0
332,0.0,0.0,0.0,0.0,2.0,2.0,2.0,0.0,0.24953116,0.24440034106373787,0.2590687870979309,0.011389808,0.24986388,0.24474046006798744,0.2594295144081116,0.011402118,1.0075563,0.9869008660316467,1.0328213274478912,0.04267066,0.09870472,0.09272203408181667,0.10306238383054733,0.009502269,0.09870472,0.09272203408181667,0.10306238383054733,0.009502269,1.0,1.0,1.0,0.0,0.00033270192,0.00031395106634590775,0.00034538894396973774,3.0296038e-05,0.0033725782,0.003341811476275325,0.0033859623945318162,5.083527e-05,-26.931252,-27.290818214416504,-26.438209533691406,0.78373736,2.2166681,2.1712252497673035,2.272252380847931,0.09387734,0.7388894,0.7237417697906494,0.7574175000190735,0.03129245,0.17666668,0.15800001099705696,0.21000000461935997,0.041563388,0.0006666667,0.0,0.0,0.0023094013,0.15370663,0.14448411762714386,0.15892770513892174,0.018923858,2.9141643,2.9087474942207336,2.926247537136078,0.01998103,2.924164,2.9187474846839905,2.9362475275993347,0.01998103,1065600.0,1065600.0,1065600.0,0.0
333,0.0,0.0,0.0,0.0,2.0,2.0,2.0,0.0,0.24986388,0.24474046006798744,0.2594295144081116,0.011402118,0.25019294,0.24505841732025146,0.2597380131483078,0.011408484,1.0086615,0.9876781105995178,1.0224378108978271,0.03724293,0.09834807,0.0949685238301754,0.10288345254957676,0.008133266,0.09834807,0.0949685238301754,0.10288345254957676,0.008133266,1.0,1.0,1.0,0.0,0.00032907256,0.00031795788527233526,0.000344700223649852,2.6091104e-05,0.0033473785,0.0033168417285196483,0.003360662085469812,5.0455365e-05,-27.257858,-27.272687911987305,-26.8263578414917,0.7600763,2.2190998,2.1729352474212646,2.2494081258773804,0.0819361,0.7396999,0.7243117839097977,0.7498027235269547,0.02731202,0.16533335,0.12800000607967377,0.1860000118613243,0.041545887,0.0,0.0,0.0,0.0,0.16009758,0.143637765198946,0.17038363218307495,0.02572564,2.924164,2.9187474846839905,2.9362475275993347,0.01998103,2.934164,2.9287474751472473,2.9462475180625916,0.01998103,1068800.0,1068800.0,1068800.0,0.0
334,0.0,0.0,0.0,0.0,2.0,2.0,2.0,0.0,0.25019294,0.24505841732025146,0.2597380131483078,0.011408484,0.25052226,0.2453959546983242,0.26005060970783234,0.011403427,1.0044085,0.9763952642679214,1.019194632768631,0.02428435,0.099132724,0.09567761793732643,0.1055856142193079,0.0055858144,0.099132724,0.09567761793732643,0.1055856142193079,0.0055858144,1.0,1.0,1.0,0.0,0.0003293062,0.0003198219128535129,0.00034940130717586726,1.8139237e-05,0.0033223673,0.0032920584781095386,0.003335551591590047,5.0078397e-05,-26.867159,-27.15309476852417,-26.615904808044434,0.6758498,2.2097428,2.148112416267395,2.242272973060608,0.053426664,0.7365809,0.7160374969244003,0.7474243342876434,0.017808892,0.16133334,0.13600000739097595,0.1860000118613243,0.0332192,0.0,0.0,0.0,0.0,0.14881606,0.1311723254621029,0.1585133634507656,0.018388558,2.934164,2.9287474751472473,2.9462475180625916,0.01998103,2.9441643,2.938747465610504,2.9562475085258484,0.01998103,1072000.0,1072000.0,1072000.0,0.0
335,0.0,0.0,0.0,0.0,2.0,2.0,2.0,0.0,0.25052226,0.2453959546983242,0.26005060970783234,0.011403427,0.25084546,0.2457219958305359,0.26037126034498215,0.011410074,1.0102888,0.9889356344938278,1.046786367893219,0.041877165,0.09807938,0.08978702686727047,0.10258582979440689,0.00958448,0.09807938,0.08978702686727047,0.10258582979440689,0.00958448,1.0,1.0,1.0,0.0,0.00032322266,0.0003017638882738538,0.0003355091466801241,2.9897827e-05,0.003297543,0.003267460793722421,0.0033106287592090666,4.9704267e-05,-27.08094,-27.482866287231445,-26.587926864624023,0.6558841,2.2226799,2.175701856613159,2.3029759526252747,0.09213158,0.7408933,0.7252339869737625,0.7676586806774139,0.030710516,0.18733335,0.17000001296401024,0.21000000461935997,0.029632086,0.0006666667,0.0,0.0,0.0023094013,0.15831283,0.14562839269638062,0.16698173806071281,0.017206088,2.9441643,2.938747465610504,2.9562475085258484,0.01998103,2.9541643,2.948747456073761,2.9662474989891052,0.01998103,1075200.0,1075200.0,1075200.0,0.0
336,0.0,0.0,0.0,0.0,2.0,2.0,2.0,0.0,0.25084546,0.2457219958305359,0.26037126034498215,0.011410074,0.2511597,0.24605431780219078,0.260672964155674,0.011405629,1.0182164,1.0069052278995514,1.0323550403118134,0.02273341,0.09601427,0.09282072074711323,0.09842409379780293,0.0051219244,0.09601427,0.09282072074711323,0.09842409379780293,0.0051219244,1.0,1.0,1.0,0.0,0.00031421098,0.0003029098443221301,0.00032219507556874305,1.67058e-05,0.0032729039,0.0032430460560135543,0.0032858914928510785,4.9332684e-05,-27.157976,-27.347849369049072,-27.057433128356934,0.41674232,2.2401206,2.215235710144043,2.271226406097412,0.050014514,0.74670696,0.7384119182825089,0.7570754885673523,0.016671505,0.15266667,0.1420000083744526,0.17600001394748688,0.028836008,0.0,0.0,0.0,0.0,0.15169762,0.13701819255948067,0.16500545665621758,0.02060852,2.9541643,2.948747456073761,2.9662474989891052,0.01998103,2.964164,2.958747446537018,2.976247489452362,0.01998103,1078400.0,1078400.0,1078400.0,0.0
337,0.0,0.0,0.0,0.0,2.0,2.0,2.0,0.0,0.2511597,0.24605431780219078,0.260672964155674,0.011405629,0.25147405,0.24639196693897247,0.26100820302963257,0.011413707,1.0156895,0.9817073047161102,1.0580109059810638,0.041027516,0.0968455,0.08749969489872456,0.10430406965315342,0.009091069,0.0968455,0.08749969489872456,0.10430406965315342,0.009091069,1.0,1.0,1.0,0.0,0.00031435778,0.00029212456865934655,0.00033510998764541,2.7106586e-05,0.0032484487,0.0032188143231905997,0.0032613397925160825,4.8964157e-05,-27.174559,-27.865997314453125,-26.497156620025635,0.9010424,2.2345612,2.1597991585731506,2.327670454978943,0.09026236,0.7448538,0.7199330776929855,0.7758901715278625,0.030087456,0.14266668,0.10200000181794167,0.1640000119805336,0.0473696,0.0,0.0,0.0,0.0,0.1556033,0.14742568507790565,0.1638839989900589,0.015761906,2.964164,2.958747446537018,2.976247489452362,0.01998103,2.974164,2.9687474370002747,2.986247479915619,0.01998103,1081600.0,1081600.0,1081600.0,0.0
338,0.0,0.0,0.0,0.0,2.0,2.0,2.0,0.0,0.25147405,0.24639196693897247,0.26100820302963257,0.011413707,0.25176433,0.24668793752789497,0.2613476887345314,0.011418137,1.0169597,0.9959961175918579,1.0312936007976532,0.042511664,0.08998444,0.0930545125156641,0.10094959661364555,0.029316774,0.096588045,0.0930545125156641,0.10094959661364555,0.009288739,0.9166667,1.0,1.0,0.28867513,0.00029027773,0.0003005151738761924,0.0003223607345717028,9.453651e-05,0.0032241766,0.0031947637326084077,0.003236971388105303,4.8598387e-05,-27.28537,-28.103797912597656,-26.451087474822998,1.0795429,2.237356,2.191235303878784,2.268891215324402,0.093527526,0.7457853,0.7304117679595947,0.7562970966100693,0.03117585,0.17416666,0.13749999925494194,0.2149999924004078,0.04907477,0.0,0.0,0.0,0.0,0.15104385,0.13792784512043,0.16850903257727623,0.0211198,2.974164,2.9687474370002747,2.986247479915619,0.01998103,2.9841642,2.9787474274635315,2.9962474703788757,0.01998103,1084800.0,1084800.0,1084800.0,0.0
339,0.0,0.0,0.0,0.0,2.0,2.0,2.0,0.0,0.25176433,0.24668793752789497,0.2613476887345314,0.011418137,0.25208434,0.247013159096241,0.26165714114904404,0.011429701,1.0014939,0.9699463397264481,1.0216200053691864,0.04046953,0.10004761,0.09518123976886272,0.10718398354947567,0.009105064,0.10004761,0.09518123976886272,0.10718398354947567,0.009105064,1.0,1.0,1.0,0.0,0.0003200089,0.0003012305169249885,0.00034149546263506636,2.786583e-05,0.0032000856,0.0031708921305835247,0.003212785057257861,4.823525e-05,-26.96277,-27.425909519195557,-26.534927368164062,0.8367858,2.2033305,2.1339245438575745,2.2476089000701904,0.089034736,0.7344435,0.7113081812858582,0.7492029815912247,0.029678253,0.16200002,0.12800000607967377,0.18400001525878906,0.037542704,0.0,0.0,0.0,0.0,0.15434629,0.14205221831798553,0.169030100107193,0.021516008,2.9841642,2.9787474274635315,2.9962474703788757,0.01998103,2.9941642,2.9887474179267883,3.0062474608421326,0.01998103,1088000.0,1088000.0,1088000.0,0.0
340,0.0,0.0,0.0,0.0,2.0,2.0,2.0,0.0,0.25208434,0.247013159096241,0.26165714114904404,0.011429701,0.25238928,0.24733120203018188,0.261927992105484,0.011420735,1.0184437,0.9995179623365402,1.03106027841568,0.025195692,0.09598806,0.0930983480066061,0.10011105798184872,0.005459338,0.09598806,0.0930983480066061,0.10011105798184872,0.005459338,1.0,1.0,1.0,0.0,0.00030492592,0.0002920191764133051,0.0003180373169016093,1.8738643e-05,0.0031761748,0.0031471995753236115,0.003188779402989894,4.787492e-05,-27.099874,-27.573796272277832,-26.59920310974121,0.6530578,2.2406209,2.198983371257782,2.268377959728241,0.055431616,0.7468736,0.732994481921196,0.7561260163784027,0.018477203,0.15466668,0.14800000935792923,0.17000001296401024,0.02056181,0.0,0.0,0.0,0.0,0.1489214,0.136419877409935,0.1641313061118126,0.019571017,2.9941642,2.9887474179267883,3.0062474608421326,0.01998103,3.004164,2.998747408390045,3.0162474513053894,0.01998103,1091200.0,1091200.0,1091200.0,0.0
341,0.0,0.0,0.0,0.0,2.0,2.0,2.0,0.0,0.25238928,0.24733120203018188,0.261927992105484,0.011420735,0.25269604,0.24759441614151,0.2622665837407112,0.011445114,1.0142212,0.9752677828073502,1.0599646866321564,0.051481467,0.09740666,0.08710370771586895,0.10590500198304653,0.011630274,0.09740666,0.08710370771586895,0.10590500198304653,0.011630274,1.0,1.0,1.0,0.0,0.00030677006,0.0002792962986859493,0.00033231129054911435,3.4089193e-05,0.0031524424,0.003123684029560536,0.0031649526208639145,4.7517082e-05,-27.365679,-27.99342918395996,-26.86350727081299,0.8790252,2.231331,2.145632028579712,2.3319689631462097,0.11326149,0.74377704,0.7152106910943985,0.7773230224847794,0.037753835,0.17733334,0.14800000935792923,0.20000000298023224,0.039167084,0.0,0.0,0.0,0.0,0.16339938,0.15211845561861992,0.1835794821381569,0.02076165,3.004164,2.998747408390045,3.0162474513053894,0.01998103,3.014164,3.008747398853302,3.0262474417686462,0.01998103,1094400.0,1094400.0,1094400.0,0.0
342,0.0,0.0,0.0,0.0,2.0,2.0,2.0,0.0,0.25269604,0.24759441614151,0.2622665837407112,0.011445114,0.25300446,0.24789386987686157,0.2625776380300522,0.011446519,1.0069236,0.9965548366308212,1.0203839838504791,0.027853105,0.098602645,0.0954149141907692,0.10079909861087799,0.006254851,0.098602645,0.0954149141907692,0.10079909861087799,0.006254851,1.0,1.0,1.0,0.0,0.0003084416,0.00029735891439486295,0.00031402739841723815,1.8808567e-05,0.0031288879,0.0031003442127257586,0.0031413044198416173,4.7162066e-05,-26.9383,-27.113677978515625,-26.6346755027771,0.37387156,2.215276,2.1924644112586975,2.2448896765708923,0.061278034,0.73842543,0.730821505188942,0.7482965737581253,0.020426005,0.18,0.16600001230835915,0.19200000166893005,0.031908963,0.0,0.0,0.0,0.0,0.15300928,0.14810585230588913,0.15773194655776024,0.01408851,3.014164,3.008747398853302,3.0262474417686462,0.01998103,3.0241642,3.018747389316559,3.036247432231903,0.01998103,1097600.0,1097600.0,1097600.0,0.0
343,0.0,0.0,0.0,0.0,2.0,2.0,2.0,0.0,0.25300446,0.24789386987686157,0.2625776380300522,0.011446519,0.25331047,0.24821564927697182,0.2628853917121887,0.011446388,1.0073005,0.9859946370124817,1.0344119668006897,0.030748028,0.09855724,0.09238853678107262,0.10328305698931217,0.0068872166,0.09855724,0.09238853678107262,0.10328305698931217,0.0068872166,1.0,1.0,1.0,0.0,0.0003059928,0.0002924624932347797,0.0003221312799723819,2.0634492e-05,0.003105509,0.003077178727835417,0.0031178328790701926,4.6809728e-05,-26.969591,-27.483619213104248,-26.3492169380188,0.7788635,2.2161052,2.1692315340042114,2.275751769542694,0.06764702,0.7387018,0.7230771780014038,0.7585839480161667,0.02254901,0.16933334,0.15000000968575478,0.1860000118613243,0.029311286,0.0006666667,0.0,0.0,0.0023094013,0.15237957,0.1392834074795246,0.16145826503634453,0.020537654,3.0241642,3.018747389316559,3.036247432231903,0.01998103,3.0341642,3.0287473797798157,3.04624742269516,0.01998103,1100800.0,1100800.0,1100800.0,0.0
344,0.0,0.0,0.0,0.0,2.0,2.0,2.0,0.0,0.25331047,0.24821564927697182,0.2628853917121887,0.011446388,0.25360748,0.24849360808730125,0.26319286972284317,0.0114532765,1.017084,1.0039529651403427,1.0409795641899109,0.032591425,0.09639371,0.09099853783845901,0.09913110919296741,0.0073509,0.09639371,0.09099853783845901,0.09913110919296741,0.0073509,1.0,1.0,1.0,0.0,0.00029699891,0.00027968572976533324,0.00031129748094826937,2.1396434e-05,0.003082305,0.0030541858868673444,0.0030945364851504564,4.6459812e-05,-27.124685,-27.562387466430664,-26.632118701934814,0.72145563,2.2376294,2.208740711212158,2.2902007699012756,0.07170258,0.7458765,0.7362469136714935,0.7634002864360809,0.023900863,0.17533334,0.15000000968575478,0.1940000019967556,0.03226406,0.0006666667,0.0,0.0,0.0023094013,0.15424772,0.1425035521388054,0.162953719496727,0.017265568,3.0341642,3.0287473797798157,3.04624742269516,0.01998103,3.044164,3.0387473702430725,3.0562474131584167,0.01998103,1104000.0,1104000.0,1104000.0,0.0
345,0.0,0.0,0.0,0.0,2.0,2.0,2.0,0.0,0.25360748,0.24849360808730125,0.26319286972284317,0.0114532765,0.25391254,0.2487749643623829,0.26349328458309174,0.011468005,1.0029222,0.9783014208078384,1.036469280719757,0.042661667,0.09977859,0.09194906055927277,0.10512406937777996,0.010114705,0.09977859,0.09194906055927277,0.10512406937777996,0.010114705,1.0,1.0,1.0,0.0,0.0003050544,0.0002813525788951665,0.00032136915251612663,2.9078408e-05,0.0030592738,0.0030313655151985586,0.0030714143067598343,4.611265e-05,-26.866188,-27.224403381347656,-26.25998067855835,0.7618503,2.2064729,2.152306079864502,2.280277907848358,0.093857504,0.735491,0.7174353748559952,0.7600926756858826,0.03128584,0.15666668,0.14000000804662704,0.17800001427531242,0.036812384,0.0,0.0,0.0,0.0,0.152597,0.14266140758991241,0.17220282182097435,0.01843331,3.044164,3.0387473702430725,3.0562474131584167,0.01998103,3.054164,3.0487473607063293,3.0662474036216736,0.01998103,1107200.0,1107200.0,1107200.0,0.0
346,0.0,0.0,0.0,0.0,2.0,2.0,2.0,0.0,0.25391254,0.2487749643623829,0.26349328458309174,0.011468005,0.25420198,0.24907870590686798,0.2637646198272705,0.011464247,1.0214157,1.0011743605136871,1.041319727897644,0.025456503,0.0953376,0.09092997759580612,0.09973435662686825,0.005540259,0.0953376,0.09092997759580612,0.09973435662686825,0.005540259,1.0,1.0,1.0,0.0,0.0002894559,0.0002777721456368454,0.0003031384840141982,1.6740169e-05,0.0030364154,0.0030087154009379447,0.003048465005122125,4.5768196e-05,-27.221628,-27.638943195343018,-26.791921615600586,0.52268165,2.2471595,2.202627658843994,2.29094922542572,0.056005415,0.7490532,0.7342092245817184,0.7636497765779495,0.018668473,0.17333335,0.1680000126361847,0.18400001525878906,0.025374766,0.0006666667,0.0,0.0,0.0023094013,0.1517139,0.13203304260969162,0.1670629307627678,0.025603907,3.054164,3.0487473607063293,3.0662474036216736,0.01998103,3.0641642,3.058747351169586,3.0762473940849304,0.01998103,1110400.0,1110400.0,1110400.0,0.0
347,0.0,0.0,0.0,0.0,2.0,2.0,2.0,0.0,0.25420198,0.24907870590686798,0.2637646198272705,0.011464247,0.25449374,0.2493610680103302,0.2640417292714119,0.011450165,1.0150405,1.006244957447052,1.0352356433868408,0.02575242,0.096755564,0.09220713935792446,0.09857280179858208,0.0059472015,0.096755564,0.09220713935792446,0.09857280179858208,0.0059472015,1.0,1.0,1.0,0.0,0.00029174951,0.0002774028107523918,0.0002990148786921054,2.125465e-05,0.0030137275,0.002986234030686319,0.003025687125045806,4.54263e-05,-26.969034,-27.461668491363525,-26.551936626434326,0.71350807,2.2331338,2.2137831449508667,2.2775638103485107,0.056656454,0.7443779,0.737927719950676,0.7591879367828369,0.018885477,0.15066667,0.14000000804662704,0.17000001296401024,0.027887221,0.0,0.0,0.0,0.0,0.15223254,0.1392732933163643,0.16410579904913902,0.016513145,3.0641642,3.058747351169586,3.0762473940849304,0.01998103,3.0741642,3.068747341632843,3.0862473845481873,0.01998103,1113600.0,1113600.0,1113600.0,0.0
348,0.0,0.0,0.0,0.0,2.0,2.0,2.0,0.0,0.25449374,0.2493610680103302,0.2640417292714119,0.011450165,0.2547749,0.2496587187051773,0.2643233686685562,0.011450265,1.027248,1.005062848329544,1.0483368933200836,0.021309491,0.09402249,0.08946715109050274,0.0988410022109747,0.0046219933,0.09402249,0.08946715109050274,0.0988410022109747,0.0046219933,1.0,1.0,1.0,0.0,0.00028115738,0.00026948498270940036,0.00029121179977664724,1.2524595e-05,0.002991209,0.0029639212880283594,0.003003079618792981,4.5086857e-05,-27.244492,-27.68525266647339,-27.04021978378296,0.51909804,2.259991,2.211182415485382,2.3063873052597046,0.04688183,0.7533303,0.7370608299970627,0.7687957733869553,0.015627274,0.16733335,0.1420000083744526,0.1900000125169754,0.040571675,0.0,0.0,0.0,0.0,0.15925315,0.14587394148111343,0.1693882867693901,0.021076286,3.0741642,3.068747341632843,3.0862473845481873,0.01998103,3.084164,3.0787473320961,3.096247375011444,0.01998103,1116800.0,1116800.0,1116800.0,0.0
349,0.0,0.0,0.0,0.0,2.0,2.0,2.0,0.0,0.2547749,0.2496587187051773,0.2643233686685562,0.011450265,0.25507724,0.24997450411319733,0.2646101117134094,0.011444696,0.9925571,0.9808434247970581,1.0100849866867065,0.020639818,0.10183427,0.09770492836833,0.10452477633953094,0.0048648603,0.10183427,0.09770492836833,0.10452477633953094,0.0048648603,1.0,1.0,1.0,0.0,0.00030235437,0.00028955627931281924,0.0003165097878081724,1.5609774e-05,0.002968859,0.0029417750192806125,0.0029806402744725347,4.4749933e-05,-26.760498,-27.079233646392822,-26.397406578063965,0.47732222,2.1836693,2.1578986644744873,2.2222312688827515,0.04540849,0.7278898,0.7192995846271515,0.7407437711954117,0.0151361665,0.168,0.13600000739097595,0.1940000019967556,0.033072922,0.0006666667,0.0,0.0,0.0023094013,0.15131676,0.13896504417061806,0.1632029041647911,0.02081034,3.084164,3.0787473320961,3.096247375011444,0.01998103,3.094164,3.0887473225593567,3.106247365474701,0.01998103,1120000.0,1120000.0,1120000.0,0.0
350,0.0,0.0,0.0,0.0,2.0,2.0,2.0,0.0,0.25507724,0.24997450411319733,0.2646101117134094,0.011444696,0.25536427,0.2502683736383915,0.26491158455610275,0.0114348335,1.0130795,0.9897671788930893,1.0408318638801575,0.036604118,0.09735154,0.09103934839367867,0.10241295211017132,0.008280851,0.09735154,0.09103934839367867,0.10241295211017132,0.008280851,1.0,1.0,1.0,0.0,0.00028700096,0.0002668591550900601,0.00030224125657696277,2.6403852e-05,0.0029466758,0.0029197942931205034,0.0029583692084997892,4.4415618e-05,-27.150444,-27.599963188171387,-26.50908374786377,0.84860986,2.2288194,2.1775312423706055,2.2898757457733154,0.08053068,0.7429398,0.7258437722921371,0.7632919251918793,0.026843565,0.158,0.14400000870227814,0.17000001296401024,0.021608079,0.0,0.0,0.0,0.0,0.15621231,0.145071592181921,0.15788254141807556,0.023790883,3.094164,3.0887473225593567,3.106247365474701,0.01998103,3.1041641,3.0987473130226135,3.1162473559379578,0.01998103,1123200.0,1123200.0,1123200.0,0.0
351,0.0,0.0,0.0,0.0,2.0,2.0,2.0,0.0,0.25536427,0.2502683736383915,0.26491158455610275,0.0114348335,0.25564596,0.2505265586078167,0.2651713714003563,0.011431194,1.017551,0.9974225908517838,1.0395922362804413,0.033293802,0.096299045,0.09129191003739834,0.10059524141252041,0.0074171387,0.096299045,0.09129191003739834,0.10059524141252041,0.0074171387,1.0,1.0,1.0,0.0,0.00028169397,0.00026306361542083323,0.0002926652887254022,2.2848251e-05,0.0029246584,0.002897978003602475,0.0029362646164372563,4.408376e-05,-27.220606,-27.561177253723145,-26.714821338653564,0.5769953,2.2386568,2.1943735480308533,2.2871485352516174,0.0732478,0.746219,0.7314578592777252,0.7623828649520874,0.02441594,0.15416665,0.13749999925494194,0.1599999964237213,0.033154827,0.0,0.0,0.0,0.0,0.1464585,0.1422179490327835,0.15021749585866928,0.021267276,3.1041641,3.0987473130226135,3.1162473559379578,0.01998103,3.114164,3.1087473034858704,3.1262473464012146,0.01998103,1126400.0,1126400.0,1126400.0,0.0
352,0.0,0.0,0.0,0.0,2.0,2.0,2.0,0.0,0.25564596,0.2505265586078167,0.2651713714003563,0.011431194,0.2559351,0.250817209482193,0.2654561325907707,0.011433689,1.0023447,0.9833317846059799,1.0201740562915802,0.026692709,0.099632986,0.09546510688960552,0.1039155088365078,0.006074916,0.099632986,0.09546510688960552,0.1039155088365078,0.006074916,1.0,1.0,1.0,0.0,0.0002891747,0.0002771903164102696,0.0002975053357658908,1.7628663e-05,0.0029028056,0.002876324113458395,0.0029143246356397867,4.375423e-05,-26.971436,-27.6495680809021,-26.39447546005249,0.65726036,2.2052023,2.1633731722831726,2.244427800178528,0.05872512,0.7350674,0.7211244255304337,0.7481426000595093,0.019575039,0.17466669,0.15800001099705696,0.21200000494718552,0.045104593,0.0006666667,0.0,0.0,0.0023094013,0.15289928,0.13988501578569412,0.16176587715744972,0.018286927,3.114164,3.1087473034858704,3.1262473464012146,0.01998103,3.1241639,3.118747293949127,3.1362473368644714,0.01998103,1129600.0,1129600.0,1129600.0,0.0
353,0.0,0.0,0.0,0.0,2.0,2.0,2.0,0.0,0.2559351,0.250817209482193,0.2654561325907707,0.011433689,0.25621286,0.2510860115289688,0.26576117426157,0.01144121,1.0168985,1.0056040585041046,1.0375909209251404,0.033726763,0.096451275,0.09170996956527233,0.09877958334982395,0.0075529316,0.096451275,0.09170996956527233,0.09877958334982395,0.0075529316,1.0,1.0,1.0,0.0,0.00027774062,0.0002688983513507992,0.0002841378955054097,1.9976476e-05,0.002881116,0.002854832506272942,0.0028925492078997195,4.3427306e-05,-27.171486,-27.47306537628174,-27.012305736541748,0.55052817,2.2372212,2.2123730182647705,2.282745599746704,0.07420037,0.7457404,0.7374576926231384,0.7609152346849442,0.024733461,0.15533334,0.13600000739097595,0.18400001525878906,0.031718463,0.0006666667,0.0,0.0,0.0023094013,0.14787556,0.1376674622297287,0.1621311604976654,0.018179994,3.1241639,3.118747293949127,3.1362473368644714,0.01998103,3.1341639,3.128747284412384,3.1462473273277283,0.01998103,1132800.0,1132800.0,1132800.0,0.0
354,0.0,0.0,0.0,0.0,2.0,2.0,2.0,0.0,0.25621286,0.2510860115289688,0.26576117426157,0.01144121,0.25648472,0.2513864114880562,0.26603803783655167,0.011444673,1.0228442,1.001162976026535,1.0398434698581696,0.03236538,0.09511819,0.09123498201370239,0.09974408708512783,0.007113503,0.09511819,0.09123498201370239,0.09974408708512783,0.007113503,1.0,1.0,1.0,0.0,0.0002718791,0.0002617666468722746,0.00028445679345168173,1.896154e-05,0.0028595885,0.0028335016686469316,0.0028709364123642445,4.31029e-05,-27.302725,-27.618051052093506,-27.152116298675537,0.34153676,2.250302,2.2026025652885437,2.2877013087272644,0.07120525,0.7501007,0.7342008650302887,0.7625671029090881,0.023735074,0.16666667,0.14400000870227814,0.18800001218914986,0.037185855,0.0006666667,0.0,0.0,0.0023094013,0.1630071,0.14271719753742218,0.17571285367012024,0.017950274,3.1341639,3.128747284412384,3.1462473273277283,0.01998103,3.144164,3.138747274875641,3.156247317790985,0.01998103,1136000.0,1136000.0,1136000.0,0.0
355,0.0,0.0,0.0,0.0,2.0,2.0,2.0,0.0,0.25648472,0.2513864114880562,0.26603803783655167,0.011444673,0.25676253,0.25165919587016106,0.26630759984254837,0.01143885,1.0100528,0.9900604337453842,1.024936467409134,0.026212567,0.09787402,0.09442413970828056,0.10231775976717472,0.0058495137,0.09787402,0.09442413970828056,0.10231775976717472,0.0058495137,1.0,1.0,1.0,0.0,0.00027782007,0.00026626217004377395,0.0002909754330175929,1.780419e-05,0.0028382216,0.002812329272273928,0.0028494849684648216,4.278087e-05,-27.221388,-27.361823558807373,-27.03230571746826,0.38936728,2.2221606,2.178176462650299,2.2549051642417908,0.057668794,0.7407202,0.726058840751648,0.7516350597143173,0.01922293,0.16066667,0.1340000070631504,0.18400001153349876,0.039407738,0.0006666667,0.0,0.0,0.0023094013,0.15212537,0.1428719013929367,0.16033487394452095,0.011106911,3.144164,3.138747274875641,3.156247317790985,0.01998103,3.154164,3.1487472653388977,3.166247308254242,0.01998103,1139200.0,1139200.0,1139200.0,0.0
356,0.0,0.0,0.0,0.0,2.0,2.0,2.0,0.0,0.25676253,0.25165919587016106,0.26630759984254837,0.01143885,0.25703105,0.2519260123372078,0.2665843367576599,0.011436359,1.0220195,1.0115038603544235,1.0389571785926819,0.033566654,0.0953208,0.09142832830548286,0.09741134569048882,0.0075416886,0.0953208,0.09142832830548286,0.09741134569048882,0.0075416886,1.0,1.0,1.0,0.0,0.00026852507,0.00025596860359655693,0.0002788090569083579,2.1729265e-05,0.0028170145,0.002791315782815218,0.002828194061294198,4.2461244e-05,-27.218643,-27.732523441314697,-26.900511264801025,0.69778186,2.2484877,2.2253528237342834,2.285751521587372,0.07384812,0.749496,0.7417843043804169,0.7619171887636185,0.024616042,0.14666668,0.13600000739097595,0.14600000903010368,0.017834254,0.0,0.0,0.0,0.0,0.15124108,0.14187870547175407,0.16558482497930527,0.017770763,3.154164,3.1487472653388977,3.166247308254242,0.01998103,3.1641638,3.1587472558021545,3.176247298717499,0.01998103,1142400.0,1142400.0,1142400.0,0.0
357,0.0,0.0,0.0,0.0,2.0,2.0,2.0,0.0,0.25703105,0.2519260123372078,0.2665843367576599,0.011436359,0.25729844,0.2522069364786148,0.26686494797468185,0.01143519,1.0202161,0.9936295300722122,1.0446799993515015,0.029667549,0.09565634,0.09023070521652699,0.10147907212376595,0.0065452578,0.09565634,0.09023070521652699,0.10147907212376595,0.0065452578,1.0,1.0,1.0,0.0,0.0002673874,0.0002527130563976243,0.0002806214615702629,1.7641107e-05,0.002795966,0.002770459628663957,0.0028070613625459373,4.2143885e-05,-27.305841,-27.701439380645752,-26.875572204589844,0.8162566,2.2445202,2.1860286593437195,2.298341989517212,0.065269925,0.7481734,0.7286762446165085,0.7661140263080597,0.021756645,0.14400001,0.13200000673532486,0.15400001034140587,0.021028124,0.0,0.0,0.0,0.0,0.15248318,0.1344369389116764,0.161401204764843,0.022825379,3.1641638,3.1587472558021545,3.176247298717499,0.01998103,3.1741638,3.1687472462654114,3.1862472891807556,0.01998103,1145600.0,1145600.0,1145600.0,0.0
358,0.0,0.0,0.0,0.0,2.0,2.0,2.0,0.0,0.25729844,0.2522069364786148,0.26686494797468185,0.01143519,0.25757208,0.252484455704689,0.2671374976634979,0.011439784,1.0068821,0.9923064559698105,1.0239094197750092,0.030725611,0.09865416,0.09464346803724766,0.1017907727509737,0.006999423,0.09865416,0.09464346803724766,0.1017907727509737,0.006999423,1.0,1.0,1.0,0.0,0.00027364303,0.00026508059090701863,0.00027729202702175826,1.7967392e-05,0.002775075,0.0027497588307596743,0.0027860873378813267,4.1828996e-05,-27.20622,-27.683049201965332,-26.866830348968506,0.56060404,2.2151845,2.1831177473068237,2.25264573097229,0.06759768,0.7383949,0.7277059555053711,0.7508819401264191,0.02253256,0.17066668,0.1420000083744526,0.1860000118613243,0.051206063,0.0006666667,0.0,0.0,0.0023094013,0.16184646,0.14878106862306595,0.17371714487671852,0.016782915,3.1741638,3.1687472462654114,3.1862472891807556,0.01998103,3.184164,3.178747236728668,3.1962472796440125,0.01998103,1148800.0,1148800.0,1148800.0,0.0
359,0.0,0.0,0.0,0.0,2.0,2.0,2.0,0.0,0.25757208,0.252484455704689,0.2671374976634979,0.011439784,0.2578351,0.25275973230600357,0.2673945799469948,0.011448965,1.0212111,1.0030720680952072,1.0418166518211365,0.03599058,0.09553391,0.09082080982625484,0.09929659590125084,0.007936905,0.09553391,0.09082080982625484,0.09929659590125084,0.007936905,1.0,1.0,1.0,0.0,0.00026298655,0.00024927383492467925,0.0002740651325439103,2.015052e-05,0.00275434,0.002729213039856404,0.002765270066447556,4.1516545e-05,-27.29998,-27.877495288848877,-26.992658615112305,0.7116201,2.2467093,2.2068026065826416,2.2920424342155457,0.079180844,0.7489031,0.7356008738279343,0.7640141695737839,0.026393615,0.154,0.13200000673532486,0.17600001394748688,0.03238406,0.0,0.0,0.0,0.0,0.1653251,0.1557183526456356,0.1730664186179638,0.016107947,3.184164,3.178747236728668,3.1962472796440125,0.01998103,3.194164,3.188747227191925,3.2062472701072693,0.01998103,1152000.0,1152000.0,1152000.0,0.0
360,0.0,0.0,0.0,0.0,2.0,2.0,2.0,0.0,0.2578351,0.25275973230600357,0.2673945799469948,0.011448965,0.25810957,0.25303373485803604,0.26767370104789734,0.011447023,0.998518,0.9898139238357544,1.0108489096164703,0.017886426,0.10042038,0.09753292426466942,0.10237794183194637,0.004176256,0.10042038,0.09753292426466942,0.10237794183194637,0.004176256,1.0,1.0,1.0,0.0,0.00027448835,0.00027092725213151425,0.0002763571101240814,1.1147504e-05,0.0027337596,0.0027088202768936753,0.002744607802014798,4.1206127e-05,-26.65278,-26.825396060943604,-26.30312967300415,0.47134912,2.1967833,2.177634060382843,2.223911941051483,0.039350905,0.7322611,0.725878044962883,0.7413039952516556,0.013116966,0.176,0.14800000935792923,0.22600000724196434,0.053284828,0.0013333334,0.0,0.0,0.003113996,0.15083979,0.1466882973909378,0.1590549647808075,0.013495743,3.194164,3.188747227191925,3.2062472701072693,0.01998103,3.2041638,3.198747217655182,3.216247260570526,0.01998103,1155200.0,1155200.0,1155200.0,0.0
361,0.0,0.0,0.0,0.0,2.0,2.0,2.0,0.0,0.25810957,0.25303373485803604,0.26767370104789734,0.011447023,0.2583737,0.2532833069562912,0.26793868094682693,0.01145968,1.0127252,0.9908499121665955,1.0488831102848053,0.035781737,0.09741578,0.08935537002980709,0.10212966799736023,0.008062368,0.09741578,0.08935537002980709,0.10212966799736023,0.008062368,1.0,1.0,1.0,0.0,0.00026412852,0.0002471189327479806,0.0002776889959932305,1.9615902e-05,0.002713333,0.0026885803090408444,0.0027241004281677306,4.0898227e-05,-27.033493,-27.779501914978027,-26.599623680114746,0.85394406,2.22804,2.179913341999054,2.3075889348983765,0.07872137,0.74268,0.7266377955675125,0.7691963464021683,0.026240455,0.16333334,0.1420000083744526,0.18200001120567322,0.03262273,0.0,0.0,0.0,0.0,0.14827454,0.13677535206079483,0.1563977412879467,0.019837439,3.2041638,3.198747217655182,3.216247260570526,0.01998103,3.2141638,3.2087472081184387,3.226247251033783,0.01998103,1158400.0,1158400.0,1158400.0,0.0
362,0.0,0.0,0.0,0.0,2.0,2.0,2.0,0.0,0.2583737,0.2532833069562912,0.26793868094682693,0.01145968,0.2586371,0.25355304777622223,0.268187053501606,0.011456289,1.0106894,1.001635804772377,1.0252037346363068,0.029828703,0.097783774,0.09437222592532635,0.09962537884712219,0.0069080936,0.097783774,0.09437222592532635,0.09962537884712219,0.0069080936,1.0,1.0,1.0,0.0,0.00026339685,0.0002513537183403969,0.00027147943183081225,1.9731899e-05,0.0026930592,0.002668491506483406,0.0027037461986765265,4.0592822e-05,-27.17282,-27.60497808456421,-26.708821773529053,0.7348081,2.223561,2.203642785549164,2.2554932236671448,0.06562446,0.74118704,0.7345476001501083,0.7518310993909836,0.021874815,0.156,0.12600000575184822,0.17200001329183578,0.04170895,0.0,0.0,0.0,0.0,0.15107144,0.13349900022149086,0.16342849284410477,0.020015558,3.2141638,3.2087472081184387,3.226247251033783,0.01998103,3.224164,3.2187471985816956,3.23624724149704,0.01998103,1161600.0,1161600.0,1161600.0,0.0
363,0.0,0.0,0.0,0.0,2.0,2.0,2.0,0.0,0.2586371,0.25355304777622223,0.268187053501606,0.011456289,0.25889447,0.25380321592092514,0.26844872534275055,0.011464578,1.017722,0.9932997673749924,1.0501271486282349,0.037149884,0.09632617,0.08910125866532326,0.10155821591615677,0.008328093,0.09632617,0.08910125866532326,0.10155821591615677,0.008328093,1.0,1.0,1.0,0.0,0.0002573494,0.0002414043337921612,0.00027538596623344347,2.0922016e-05,0.0026729368,0.0026485520065762103,0.0026835439493879676,4.0289524e-05,-27.276505,-27.751155853271484,-26.837151527404785,0.64084464,2.2390332,2.1853030920028687,2.310325801372528,0.08173136,0.7463444,0.7284343838691711,0.7701086103916168,0.027243784,0.168,0.15400001034140587,0.17800001427531242,0.032896534,0.0,0.0,0.0,0.0,0.15740094,0.14430192112922668,0.17277323082089424,0.016790666,3.224164,3.2187471985816956,3.23624724149704,0.01998103,3.234164,3.2287471890449524,3.2462472319602966,0.01998103,1164800.0,1164800.0,1164800.0,0.0
364,0.0,0.0,0.0,0.0,2.0,2.0,2.0,0.0,0.25889447,0.25380321592092514,0.26844872534275055,0.011464578,0.25915563,0.25404734909534454,0.26867830753326416,0.011470012,1.0087372,0.9947191476821899,1.034591943025589,0.043841828,0.09847779,0.09234854392707348,0.10123852081596851,0.010305996,0.09847779,0.09234854392707348,0.10123852081596851,0.010305996,1.0,1.0,1.0,0.0,0.0002611836,0.0002467690355842933,0.0002713368958211504,2.6682157e-05,0.0026529646,0.0026287625660188496,0.0026634929818101227,3.9988492e-05,-27.086176,-27.31056833267212,-26.926960468292236,0.7918628,2.2192662,2.188425838947296,2.276147723197937,0.09645393,0.73975545,0.7294752895832062,0.7587159425020218,0.032151308,0.1675,0.1574999950826168,0.1824999935925007,0.0330633,0.0,0.0,0.0,0.0,0.15110809,0.13901816308498383,0.1537926159799099,0.019218663,3.234164,3.2287471890449524,3.2462472319602966,0.01998103,3.2441638,3.2387471795082092,3.2562472224235535,0.01998103,1168000.0,1168000.0,1168000.0,0.0
365,0.0,0.0,0.0,0.0,2.0,2.0,2.0,0.0,0.25915563,0.25404734909534454,0.26867830753326416,0.011470012,0.2594103,0.25429972261190414,0.2689260393381119,0.0114691835,1.0150596,1.0098451972007751,1.0277897417545319,0.024530988,0.09673444,0.0938092079013586,0.09775865264236927,0.0055392343,0.09673444,0.0938092079013586,0.09775865264236927,0.0055392343,1.0,1.0,1.0,0.0,0.00025465537,0.00024336919886991382,0.00025957934121834114,1.3969708e-05,0.0026331416,0.0026091206236742437,0.0026435909676365554,3.9689643e-05,-26.982613,-27.47108745574951,-26.454479694366455,0.64648736,2.2331755,2.221703827381134,2.2611826062202454,0.053969283,0.7443919,0.7405679821968079,0.7537275403738022,0.017989766,0.16533335,0.15000000968575478,0.18400001525878906,0.026496427,0.0,0.0,0.0,0.0,0.15408532,0.14319465681910515,0.16549027338624,0.01365443,3.2441638,3.2387471795082092,3.2562472224235535,0.01998103,3.2541637,3.248747169971466,3.2662472128868103,0.01998103,1171200.0,1171200.0,1171200.0,0.0
366,0.0,0.0,0.0,0.0,2.0,2.0,2.0,0.0,0.2594103,0.25429972261190414,0.2689260393381119,0.0114691835,0.25966203,0.25453250855207443,0.2691643685102463,0.011474611,1.0181063,0.9813008606433868,1.0548715591430664,0.042313565,0.096333295,0.08813238143920898,0.10440049134194851,0.009340243,0.096333295,0.08813238143920898,0.10440049134194851,0.009340243,1.0,1.0,1.0,0.0,0.00025173152,0.0002347535228182096,0.00027264859818387777,2.4196912e-05,0.0026134672,0.0025896254228428006,0.002623838314320892,3.9393126e-05,-27.198584,-27.639450073242188,-26.79431676864624,0.826261,2.239879,2.1589049696922302,2.3207637667655945,0.09309171,0.7466263,0.7196350246667862,0.7735879421234131,0.03103057,0.16466667,0.1420000083744526,0.17600001394748688,0.040428016,0.0006666667,0.0,0.0,0.0023094013,0.15061827,0.14304019138216972,0.15169526636600494,0.012845446,3.2541637,3.248747169971466,3.2662472128868103,0.01998103,3.264164,3.258747160434723,3.276247203350067,0.01998103,1174400.0,1174400.0,1174400.0,0.0
367,0.0,0.0,0.0,0.0,2.0,2.0,2.0,0.0,0.25966203,0.25453250855207443,0.2691643685102463,0.011474611,0.2599171,0.25477275997400284,0.2694396674633026,0.01147957,1.0078795,0.989623099565506,1.0289312899112701,0.026701007,0.098372586,0.09355907514691353,0.102421460673213,0.0060640974,0.098372586,0.09355907514691353,0.102421460673213,0.0060640974,1.0,1.0,1.0,0.0,0.000255098,0.0002411990863038227,0.000263807422015816,1.48260915e-05,0.0025939397,0.0025702761486172676,0.002604233392048627,3.909881e-05,-27.032837,-27.264791011810303,-26.820374011993408,0.3823853,2.217379,2.1772143244743347,2.2636940479278564,0.058743406,0.7391264,0.7257381081581116,0.7545646876096725,0.019581135,0.15866669,0.14800000935792923,0.17600001394748688,0.020419838,0.0006666667,0.0,0.0,0.0023094013,0.15299474,0.1406790353357792,0.15572526678442955,0.016481481,3.264164,3.258747160434723,3.276247203350067,0.01998103,3.274164,3.2687471508979797,3.286247193813324,0.01998103,1177600.0,1177600.0,1177600.0,0.0
368,0.0,0.0,0.0,0.0,2.0,2.0,2.0,0.0,0.2599171,0.25477275997400284,0.2694396674633026,0.01147957,0.26016963,0.25501924753189087,0.26967620104551315,0.011480224,1.0096341,1.0044005513191223,1.0270573794841766,0.03272801,0.09806847,0.09396607615053654,0.09901132807135582,0.0077226437,0.09806847,0.09396607615053654,0.09901132807135582,0.0077226437,1.0,1.0,1.0,0.0,0.00025249043,0.00024098643552861176,0.0002537439067964442,2.0320926e-05,0.0025745577,0.0025510709383524954,0.0025847743963822722,3.8806436e-05,-27.070158,-27.51540184020996,-26.704509735107422,0.6628048,2.2212393,2.2097253799438477,2.2595712542533875,0.07200307,0.7404131,0.7365751415491104,0.7531904578208923,0.024001028,0.14,0.10400000214576721,0.17800001427531242,0.04043401,0.0,0.0,0.0,0.0,0.15032546,0.13813886046409607,0.16190602257847786,0.021414338,3.274164,3.2687471508979797,3.286247193813324,0.01998103,3.2841637,3.2787471413612366,3.296247184276581,0.01998103,1180800.0,1180800.0,1180800.0,0.0
369,0.0,0.0,0.0,0.0,2.0,2.0,2.0,0.0,0.26016963,0.25501924753189087,0.26967620104551315,0.011480224,0.26042542,0.2552754282951355,0.2699218764901161,0.011481974,0.9997902,0.9811237454414368,1.0096167027950287,0.0178558,0.10012588,0.09781216457486153,0.1044422835111618,0.0041174544,0.10012588,0.09781216457486153,0.1044422835111618,0.0041174544,1.0,1.0,1.0,0.0,0.00025579246,0.00025103508232859895,0.0002630452945595607,9.581498e-06,0.0025553207,0.0025320096756331623,0.0025654612109065056,3.8516533e-05,-26.74186,-26.881959438323975,-26.486204147338867,0.43331173,2.1995823,2.1585153341293335,2.2212010622024536,0.039283577,0.7331941,0.7195051312446594,0.7404003888368607,0.013094533,0.16000001,0.12800000607967377,0.1860000118613243,0.03610087,0.0006666667,0.0,0.0,0.0023094013,0.15123227,0.14214764535427094,0.16110793128609657,0.017429555,3.2841637,3.2787471413612366,3.296247184276581,0.01998103,3.2941637,3.2887471318244934,3.3062471747398376,0.01998103,1184000.0,1184000.0,1184000.0,0.0
370,0.0,0.0,0.0,0.0,2.0,2.0,2.0,0.0,0.26042542,0.2552754282951355,0.2699218764901161,0.011481974,0.260677,0.2555471137166023,0.27016906440258026,0.011480277,1.0043832,0.989115446805954,1.0168431997299194,0.029920775,0.09920884,0.09619595855474472,0.10254100896418095,0.006719585,0.09920884,0.09619595855474472,0.10254100896418095,0.006719585,1.0,1.0,1.0,0.0,0.00025158466,0.0002442295153741725,0.0002583175810286775,1.68812e-05,0.0025362277,0.0025130907888524234,0.0025462924386374652,3.8228845e-05,-26.863853,-27.21991539001465,-26.353127479553223,0.700321,2.2096872,2.1760973930358887,2.237099766731262,0.06582707,0.73656243,0.7253658324480057,0.7456999272108078,0.021942358,0.17400001,0.17000001296401024,0.1860000118613243,0.022401297,0.0,0.0,0.0,0.0,0.15456326,0.13704902678728104,0.170920018106699,0.024602845,3.2941637,3.2887471318244934,3.3062471747398376,0.01998103,3.304164,3.2987471222877502,3.3162471652030945,0.01998103,1187200.0,1187200.0,1187200.0,0.0
371,0.0,0.0,0.0,0.0,2.0,2.0,2.0,0.0,0.260677,0.2555471137166023,0.27016906440258026,0.011480277,0.26092413,0.2558143362402916,0.270393542945385,0.01147896,1.0096184,0.9772027730941772,1.038870096206665,0.040380333,0.098190986,0.09144465066492558,0.10538986138999462,0.0088892905,0.098190986,0.09144465066492558,0.10538986138999462,0.0088892905,1.0,1.0,1.0,0.0,0.0002471425,0.00022808129142504185,0.0002659631791175343,2.2325874e-05,0.0025172771,0.0024943126481957734,0.002527266799006611,3.7943224e-05,-27.112465,-27.74017333984375,-26.447925567626953,0.65856993,2.2212048,2.149889051914215,2.285559892654419,0.0888385,0.7404017,0.7166297137737274,0.7618533372879028,0.029612837,0.17533334,0.14800000935792923,0.20200000330805779,0.045056194,0.0006666667,0.0,0.0,0.0023094013,0.16725373,0.15060482919216156,0.18586517125368118,0.023572613,3.304164,3.2987471222877502,3.3162471652030945,0.01998103,3.314164,3.308747112751007,3.3262471556663513,0.01998103,1190400.0,1190400.0,1190400.0,0.0
372,0.0,0.0,0.0,0.0,2.0,2.0,2.0,0.0,0.26092413,0.2558143362402916,0.270393542945385,0.01147896,0.2611625,0.25604987889528275,0.2706332877278328,0.011478996,1.0205464,1.012315958738327,1.029325932264328,0.014519899,0.09542825,0.09347432292997837,0.09720810689032078,0.003209366,0.09542825,0.09347432292997837,0.09720810689032078,0.003209366,1.0,1.0,1.0,0.0,0.00023836059,0.00023397951372317038,0.0002442699551465921,6.6092553e-06,0.0024984682,0.002475675311870873,0.0025083833024837077,3.765974e-05,-27.254272,-27.553101539611816,-26.71906852722168,0.5317522,2.245247,2.22713965177536,2.2645623683929443,0.03194442,0.74841565,0.7423799186944962,0.754854142665863,0.010648135,0.15066667,0.1340000070631504,0.17600001394748688,0.02638641,0.0,0.0,0.0,0.0,0.15850316,0.1450386792421341,0.16575078666210175,0.020801926,3.314164,3.308747112751007,3.3262471556663513,0.01998103,3.3241637,3.318747103214264,3.336247146129608,0.01998103,1193600.0,1193600.0,1193600.0,0.0
373,0.0,0.0,0.0,0.0,2.0,2.0,2.0,0.0,0.2611625,0.25604987889528275,0.2706332877278328,0.011478996,0.26140615,0.2562748119235039,0.2708568498492241,0.011479111,1.0083636,0.9863689839839935,1.0197511911392212,0.027005559,0.09826683,0.09555468894541264,0.1031902264803648,0.0061246944,0.09826683,0.09555468894541264,0.1031902264803648,0.0061246944,1.0,1.0,1.0,0.0,0.00024365471,0.00023667726054554805,0.0002523767980164848,1.50701335e-05,0.0024797998,0.0024571774411015213,0.0024896403192542493,3.7378286e-05,-26.999908,-27.303470611572266,-26.468907833099365,0.7490437,2.2184443,2.1700551509857178,2.2434974312782288,0.0594134,0.73948145,0.7233517318964005,0.7478324770927429,0.019804472,0.16333334,0.11800000444054604,0.20400000363588333,0.050992575,0.0,0.0,0.0,0.0,0.1568921,0.14460927620530128,0.1662362553179264,0.014542916,3.3241637,3.318747103214264,3.336247146129608,0.01998103,3.3341637,3.3287470936775208,3.346247136592865,0.01998103,1196800.0,1196800.0,1196800.0,0.0
374,0.0,0.0,0.0,0.0,2.0,2.0,2.0,0.0,0.26140615,0.2562748119235039,0.2708568498492241,0.011479111,0.26164147,0.2564929500222206,0.2711101174354553,0.0114809675,1.0203232,0.9978374093770981,1.0404032766819,0.030631997,0.09564617,0.09111937135457993,0.10050422325730324,0.006753282,0.09564617,0.09111937135457993,0.10050422325730324,0.006753282,1.0,1.0,1.0,0.0,0.00023533746,0.0002224454474344384,0.00024991321697598323,1.5754347e-05,0.002461271,0.0024388176389038563,0.002471038023941219,3.7099e-05,-27.19784,-27.544363021850586,-27.001564025878906,0.7059594,2.244756,2.1952860951423645,2.2889329195022583,0.06739172,0.748252,0.7317620664834976,0.7629776746034622,0.022463901,0.14133334,0.11800000444054604,0.1680000126361847,0.03566851,0.0,0.0,0.0,0.0,0.14798717,0.14634283632040024,0.15357612445950508,0.012611121,3.3341637,3.3287470936775208,3.346247136592865,0.01998103,3.344164,3.3387470841407776,3.356247127056122,0.01998103,1200000.0,1200000.0,1200000.0,0.0
375,0.0,0.0,0.0,0.0,2.0,2.0,2.0,0.0,0.26164147,0.2564929500222206,0.2711101174354553,0.0114809675,0.26188335,0.2567421942949295,0.271347813308239,0.011477825,1.0049924,0.9865592569112778,1.0217365026474,0.024096726,0.098995686,0.09511834383010864,0.10314385779201984,0.005438488,0.098995686,0.09511834383010864,0.10314385779201984,0.005438488,1.0,1.0,1.0,0.0,0.00024183818,0.00023002953093964607,0.0002487607780494727,1.3962122e-05,0.0024428805,0.002420595206785947,0.0024525747285224497,3.6821875e-05,-26.890007,-27.320432662963867,-26.506958961486816,0.5427734,2.2110274,2.1704736948013306,2.2478652000427246,0.053013857,0.7370091,0.7234912514686584,0.7492884397506714,0.01767129,0.158,0.13600000739097595,0.17200001329183578,0.033962548,0.0,0.0,0.0,0.0,0.15042828,0.13983875885605812,0.1556096151471138,0.016605634,3.344164,3.3387470841407776,3.356247127056122,0.01998103,3.354164,3.3487470746040344,3.3662471175193787,0.01998103,1203200.0,1203200.0,1203200.0,0.0
376,0.0,0.0,0.0,0.0,2.0,2.0,2.0,0.0,0.26188335,0.2567421942949295,0.271347813308239,0.011477825,0.262125,0.2569866180419922,0.27156515419483185,0.011475899,1.0027237,0.9785438477993011,1.023614913225174,0.03535022,0.099675655,0.09470764733850956,0.10508360341191292,0.008064314,0.099675655,0.09470764733850956,0.10508360341191292,0.008064314,1.0,1.0,1.0,0.0,0.00024165167,0.00022860981334815733,0.00025338149134768173,1.9425817e-05,0.0024246273,0.0024025081074796617,0.00243424903601408,3.6546586e-05,-27.0553,-27.2417254447937,-26.72819232940674,0.6972251,2.206036,2.152839422225952,2.2519978284835815,0.077772036,0.73534536,0.7176131755113602,0.7506659626960754,0.025924014,0.18333334,0.16600001230835915,0.19200001284480095,0.022487706,0.0,0.0,0.0,0.0,0.15855616,0.13884654268622398,0.17787329107522964,0.02214902,3.354164,3.3487470746040344,3.3662471175193787,0.01998103,3.3641636,3.3587470650672913,3.3762471079826355,0.01998103,1206400.0,1206400.0,1206400.0,0.0
377,0.0,0.0,0.0,0.0,2.0,2.0,2.0,0.0,0.262125,0.2569866180419922,0.27156515419483185,0.011475899,0.26235005,0.2571941837668419,0.2717725560069084,0.011477301,1.0300006,1.0134893953800201,1.0575566589832306,0.030430172,0.09353599,0.08759060874581337,0.09694178961217403,0.0065778233,0.09353599,0.08759060874581337,0.09694178961217403,0.0065778233,1.0,1.0,1.0,0.0,0.00022509274,0.0002094483897963073,0.00023258427609107457,1.608467e-05,0.0024065108,0.002384557097684592,0.002416060713585466,3.6273505e-05,-27.262915,-27.701280117034912,-26.63589334487915,0.7523792,2.2660465,2.229721188545227,2.326671004295349,0.066947676,0.75534886,0.7432404309511185,0.7755570262670517,0.022315884,0.14916666,0.1249999962747097,0.17249999940395355,0.032321773,0.0,0.0,0.0,0.0,0.15510374,0.13707037642598152,0.16719293594360352,0.022117378,3.3641636,3.3587470650672913,3.3762471079826355,0.01998103,3.3741636,3.368747055530548,3.3862470984458923,0.01998103,1209600.0,1209600.0,1209600.0,0.0
378,0.0,0.0,0.0,0.0,2.0,2.0,2.0,0.0,0.26235005,0.2571941837668419,0.2717725560069084,0.011477301,0.26258135,0.25743620842695236,0.2720106989145279,0.011486469,1.0148226,0.9928646087646484,1.0179278552532196,0.03403803,0.09690701,0.09595894254744053,0.10165657661855221,0.0071821725,0.09690701,0.09595894254744053,0.10165657661855221,0.0071821725,1.0,1.0,1.0,0.0,0.00023127557,0.00022861183606437407,0.00024085855693556368,1.4835717e-05,0.0023885292,0.0023667397326789796,0.002398007840383798,3.6002573e-05,-26.936844,-27.18392848968506,-26.59183692932129,0.6872889,2.2326543,2.184345781803131,2.2394860982894897,0.07488516,0.7442181,0.7281152606010437,0.7464953660964966,0.024961716,0.16133334,0.15000000968575478,0.17000001296401024,0.026164977,0.0,0.0,0.0,0.0,0.15024059,0.13792510703206062,0.16530999168753624,0.018910328,3.3741636,3.368747055530548,3.3862470984458923,0.01998103,3.3841639,3.378747045993805,3.396247088909149,0.01998103,1212800.0,1212800.0,1212800.0,0.0
379,0.0,0.0,0.0,0.0,2.0,2.0,2.0,0.0,0.26258135,0.25743620842695236,0.2720106989145279,0.011486469,0.26281163,0.25765520334243774,0.2722475677728653,0.011489485,1.0142776,0.9959814995527267,1.037790060043335,0.039676804,0.09713309,0.09167259559035301,0.10092961601912975,0.0087636765,0.09713309,0.09167259559035301,0.10092961601912975,0.0087636765,1.0,1.0,1.0,0.0,0.00023026134,0.00021472718435688876,0.0002384724939474836,2.0886822e-05,0.0023706823,0.0023490553139708936,0.0023800903582014143,3.5733596e-05,-27.057009,-27.427316188812256,-26.659321308135986,0.79606014,2.231455,2.1912030577659607,2.2831836938858032,0.08729069,0.74381846,0.7304010391235352,0.7610612511634827,0.029096896,0.14866666,0.1340000070631504,0.1680000126361847,0.03805578,0.0,0.0,0.0,0.0,0.15222403,0.13714514672756195,0.16890503838658333,0.020487363,3.3841639,3.378747045993805,3.396247088909149,0.01998103,3.3941638,3.3887470364570618,3.406247079372406,0.01998103,1216000.0,1216000.0,1216000.0,0.0
380,0.0,0.0,0.0,0.0,2.0,2.0,2.0,0.0,0.26281163,0.25765520334243774,0.2722475677728653,0.011489485,0.26303813,0.25787754356861115,0.27248186618089676,0.011493406,1.0176868,0.9970850795507431,1.0420522689819336,0.03704068,0.09632519,0.09077120013535023,0.10070675611495972,0.008042216,0.09632519,0.09077120013535023,0.10070675611495972,0.008042216,1.0,1.0,1.0,0.0,0.00022650948,0.0002130285429302603,0.00023593107107444666,1.7383141e-05,0.0023529688,0.0023315034923143685,0.002362306520808488,3.5466608e-05,-27.232489,-27.606494426727295,-26.95176124572754,0.59505767,2.2389557,2.193630874156952,2.2925607562065125,0.08149112,0.7463186,0.7312103062868118,0.7641869336366653,0.027163703,0.17466669,0.14400000870227814,0.19200000166893005,0.029705625,0.0,0.0,0.0,0.0,0.15409109,0.14274144545197487,0.16347746923565865,0.019659447,3.3941638,3.3887470364570618,3.406247079372406,0.01998103,3.4041636,3.3987470269203186,3.416247069835663,0.01998103,1219200.0,1219200.0,1219200.0,0.0
381,0.0,0.0,0.0,0.0,2.0,2.0,2.0,0.0,0.26303813,0.25787754356861115,0.27248186618089676,0.011493406,0.2632623,0.25808607786893845,0.2726941928267479,0.011493965,1.0186766,0.9985573887825012,1.0363161861896515,0.02924823,0.09599086,0.09199138171970844,0.10033280588686466,0.0065074987,0.09599086,0.09199138171970844,0.10033280588686466,0.0065074987,1.0,1.0,1.0,0.0,0.0002241747,0.00021339582599466667,0.00023422182857757434,1.5591308e-05,0.0023353875,0.0023140828707255423,0.002344655164051801,3.5201447e-05,-27.358765,-27.86537218093872,-26.94730234146118,0.64441645,2.2411332,2.1968700885772705,2.279941141605377,0.06434743,0.7470444,0.732290044426918,0.7599803954362869,0.021449136,0.16666667,0.15000000968575478,0.1680000126361847,0.034591995,0.0006666667,0.0,0.0,0.0023094013,0.15481512,0.14413956925272942,0.16183188930153847,0.01432172,3.4041636,3.3987470269203186,3.416247069835663,0.01998103,3.4141636,3.4087470173835754,3.4262470602989197,0.01998103,1222400.0,1222400.0,1222400.0,0.0
382,0.0,0.0,0.0,0.0,2.0,2.0,2.0,0.0,0.2632623,0.25808607786893845,0.2726941928267479,0.011493965,0.26348153,0.25831327587366104,0.27289247512817383,0.011490443,1.0249968,1.0015606880187988,1.0348447263240814,0.027184697,0.094573736,0.09229026362299919,0.09964150562882423,0.005778421,0.094573736,0.09229026362299919,0.09964150562882423,0.005778421,1.0,1.0,1.0,0.0,0.00021922738,0.00021217009634710848,0.00023179133495432325,1.4083901e-05,0.0023179378,0.002296792168635875,0.002327136171516031,3.4938563e-05,-27.305727,-27.534811973571777,-26.94213628768921,0.5442738,2.2550378,2.203477442264557,2.2767037749290466,0.059807524,0.75167924,0.7344924956560135,0.7589012980461121,0.019935843,0.15533334,0.1340000070631504,0.17600001022219658,0.037283517,0.0,0.0,0.0,0.0,0.1531342,0.14066212996840477,0.16183624416589737,0.016808644,3.4141636,3.4087470173835754,3.4262470602989197,0.01998103,3.4241638,3.4187470078468323,3.4362470507621765,0.01998103,1225600.0,1225600.0,1225600.0,0.0
383,0.0,0.0,0.0,0.0,2.0,2.0,2.0,0.0,0.26348153,0.25831327587366104,0.27289247512817383,0.011490443,0.26371023,0.25854019075632095,0.27311188727617264,0.011492342,1.0033036,0.9924503266811371,1.0228561758995056,0.027689748,0.09943045,0.09487646259367466,0.10176529921591282,0.0065075047,0.09943045,0.09487646259367466,0.10176529921591282,0.0065075047,1.0,1.0,1.0,0.0,0.00022870116,0.00021668158296961337,0.00023209906794363633,1.44956575e-05,0.0023006184,0.0022796306875534356,0.0023097481462173164,3.4677505e-05,-27.122284,-27.480867862701416,-26.869648933410645,0.59612805,2.2073123,2.183434307575226,2.250328540802002,0.06091867,0.73577076,0.7278114706277847,0.750109538435936,0.02030622,0.16466667,0.1380000077188015,0.20200000330805779,0.052676257,0.0,0.0,0.0,0.0,0.15799217,0.14176711440086365,0.16917262226343155,0.02112473,3.4241638,3.4187470078468323,3.4362470507621765,0.01998103,3.4341638,3.428746998310089,3.4462470412254333,0.01998103,1228800.0,1228800.0,1228800.0,0.0
384,0.0,0.0,0.0,0.0,2.0,2.0,2.0,0.0,0.26371023,0.25854019075632095,0.27311188727617264,0.011492342,0.26393422,0.25877589732408524,0.2733277529478073,0.011490084,1.0097384,0.9875093102455139,1.0228051245212555,0.03574677,0.09808299,0.09489309787750244,0.10291886888444424,0.007933823,0.09808299,0.09489309787750244,0.10291886888444424,0.007933823,1.0,1.0,1.0,0.0,0.0002239863,0.00021710807777708396,0.0002364103820582386,1.8635345e-05,0.002283428,0.002262597146909684,0.0022924895747564733,3.4418303e-05,-27.000814,-27.493427276611328,-26.700361728668213,0.7052849,2.221469,2.172563910484314,2.2502161860466003,0.07864446,0.74048966,0.7241879850625992,0.7500720918178558,0.026214823,0.16000001,0.14400000870227814,0.1680000126361847,0.03545035,0.0,0.0,0.0,0.0,0.15111832,0.14180203154683113,0.16344133019447327,0.014151635,3.4341638,3.428746998310089,3.4462470412254333,0.01998103,3.4441636,3.438746988773346,3.45624703168869,0.01998103,1232000.0,1232000.0,1232000.0,0.0
385,0.0,0.0,0.0,0.0,2.0,2.0,2.0,0.0,0.26393422,0.25877589732408524,0.2733277529478073,0.011490084,0.26415995,0.2590024694800377,0.2735280692577362,0.011491277,1.0036424,0.9770868122577667,1.0387616455554962,0.04339491,0.09961828,0.09146172739565372,0.10543500445783138,0.009918235,0.09961828,0.09146172739565372,0.10543500445783138,0.009918235,1.0,1.0,1.0,0.0,0.00022572007,0.00020813387527596205,0.00023963106286828406,2.2114808e-05,0.0022663665,0.0022456912556663156,0.002275360224302858,3.416113e-05,-27.026924,-27.38175868988037,-26.53113603591919,0.77732944,2.2080576,2.1496338844299316,2.2853211760520935,0.09547073,0.7360192,0.7165446430444717,0.7617737501859665,0.03182358,0.15733334,0.12800000607967377,0.18400001525878906,0.032778412,0.0,0.0,0.0,0.0,0.15829456,0.14245865866541862,0.17288342490792274,0.019395031,3.4441636,3.438746988773346,3.45624703168869,0.01998103,3.4541636,3.448746979236603,3.466247022151947,0.01998103,1235200.0,1235200.0,1235200.0,0.0
386,0.0,0.0,0.0,0.0,2.0,2.0,2.0,0.0,0.26415995,0.2590024694800377,0.2735280692577362,0.011491277,0.2643849,0.25922931730747223,0.27373188734054565,0.011495782,1.0013714,0.9803717136383057,1.0066989064216614,0.03923504,0.10004712,0.09846973791718483,0.10463040694594383,0.008652315,0.10004712,0.09846973791718483,0.10463040694594383,0.008652315,1.0,1.0,1.0,0.0,0.00022495336,0.00022021241238689981,0.0002388098873780109,1.8656827e-05,0.0022494325,0.002228911907877773,0.0022583590471185744,3.3905977e-05,-26.876451,-27.227756023406982,-26.344761848449707,0.99505347,2.203061,2.156860828399658,2.2147817611694336,0.08631879,0.7343537,0.7189536243677139,0.7382606118917465,0.028772933,0.15733334,0.1300000064074993,0.1940000019967556,0.047061533,0.0006666667,0.0,0.0,0.0023094013,0.15893532,0.13724234327673912,0.16878578439354897,0.028723288,3.4541636,3.448746979236603,3.466247022151947,0.01998103,3.4641638,3.4587469696998596,3.476247012615204,0.01998103,1238400.0,1238400.0,1238400.0,0.0
387,0.0,0.0,0.0,0.0,2.0,2.0,2.0,0.0,0.2643849,0.25922931730747223,0.27373188734054565,0.011495782,0.2646009,0.25945303589105606,0.2739511951804161,0.011490704,1.0159618,0.985265389084816,1.0453664064407349,0.038560014,0.09673888,0.09009112045168877,0.1034511923789978,0.00853987,0.09673888,0.09009112045168877,0.1034511923789978,0.00853987,1.0,1.0,1.0,0.0,0.00021599815,0.00019949139095842838,0.00023535834770882502,1.9498018e-05,0.002232625,0.0022122571244835854,0.002241484704427421,3.3652657e-05,-27.23082,-27.83568000793457,-26.72472906112671,0.68900055,2.2351606,2.1676271557807922,2.299852132797241,0.08483373,0.7450535,0.7225424200296402,0.7666173875331879,0.0282779,0.15200001,0.14400000870227814,0.1680000126361847,0.038593456,0.0,0.0,0.0,0.0,0.15303333,0.14566651359200478,0.16387005895376205,0.017094202,3.4641638,3.4587469696998596,3.476247012615204,0.01998103,3.4741638,3.4687469601631165,3.4862470030784607,0.01998103,1241600.0,1241600.0,1241600.0,0.0
388,0.0,0.0,0.0,0.0,2.0,2.0,2.0,0.0,0.2646009,0.25945303589105606,0.2739511951804161,0.011490704,0.2648137,0.25964778661727905,0.2741920053958893,0.011494891,1.0186276,0.9982425421476364,1.0409290790557861,0.033391114,0.09606498,0.09100713022053242,0.10040562227368355,0.007545886,0.09606498,0.09100713022053242,0.10040562227368355,0.007545886,1.0,1.0,1.0,0.0,0.00021279453,0.00020369670892250724,0.0002209284903074149,1.5793037e-05,0.0022159426,0.002195727254729718,0.00222473667236045,3.340117e-05,-27.15172,-27.850414752960205,-26.815073490142822,0.90431505,2.2410254,2.1961774826049805,2.2900896668434143,0.073461935,0.7470085,0.7320591956377029,0.7633632570505142,0.02448732,0.15533334,0.13600000739097595,0.18400001525878906,0.034019604,0.0006666667,0.0,0.0,0.0023094013,0.15723126,0.13856112957000732,0.1733938567340374,0.022184275,3.4741638,3.4687469601631165,3.4862470030784607,0.01998103,3.4841635,3.4787469506263733,3.4962469935417175,0.01998103,1244800.0,1244800.0,1244800.0,0.0
389,0.0,0.0,0.0,0.0,2.0,2.0,2.0,0.0,0.2648137,0.25964778661727905,0.2741920053958893,0.011494891,0.2650294,0.2598651871085167,0.27440258860588074,0.011497371,1.0093237,0.997589498758316,1.0276095271110535,0.03128924,0.09811037,0.09384055249392986,0.10055659338831902,0.007133235,0.09811037,0.09384055249392986,0.10055659338831902,0.007133235,1.0,1.0,1.0,0.0,0.00021573722,0.00020611101717804559,0.00022319675190374255,1.5250462e-05,0.0021993853,0.0021793212508782744,0.002208113204687834,3.3151515e-05,-27.04318,-27.634169101715088,-26.595720767974854,0.7990006,2.2205565,2.1947407722473145,2.26078599691391,0.06883769,0.74018556,0.7315802872180939,0.7535953670740128,0.022945901,0.182,0.1640000119805336,0.20200000330805779,0.036281727,0.0,0.0,0.0,0.0,0.15303974,0.14232665672898293,0.16531984135508537,0.017272757,3.4841635,3.4787469506263733,3.4962469935417175,0.01998103,3.4941635,3.48874694108963,3.5062469840049744,0.01998103,1248000.0,1248000.0,1248000.0,0.0
390,0.0,0.0,0.0,0.0,2.0,2.0,2.0,0.0,0.2650294,0.2598651871085167,0.27440258860588074,0.011497371,0.26523647,0.2600817382335663,0.27461326867341995,0.011499237,1.0239193,1.0063878744840622,1.0340271890163422,0.03220605,0.0948773,0.09247284568846226,0.09854450821876526,0.0069162073,0.0948773,0.09247284568846226,0.09854450821876526,0.0069162073,1.0,1.0,1.0,0.0,0.00020704874,0.00020289728126954287,0.000213167819310911,1.44382375e-05,0.0021829517,0.00216303754132241,0.002191614417824894,3.290382e-05,-27.31569,-27.65399169921875,-26.7662615776062,0.84466326,2.2526677,2.214097499847412,2.2749053239822388,0.07085476,0.75088924,0.7380325049161911,0.7583017945289612,0.02361826,0.13833334,0.11749999783933163,0.17999999225139618,0.05219427,0.0,0.0,0.0,0.0,0.15570708,0.142439853399992,0.1637769415974617,0.023340935,3.4941635,3.48874694108963,3.5062469840049744,0.01998103,3.5041637,3.498746931552887,3.516246974468231,0.01998103,1251200.0,1251200.0,1251200.0,0.0
391,0.0,0.0,0.0,0.0,2.0,2.0,2.0,0.0,0.26523647,0.2600817382335663,0.27461326867341995,0.011499237,0.26545617,0.2603210285305977,0.2748218700289726,0.011497704,0.9947062,0.9806324690580368,1.005885049700737,0.027354185,0.10140875,0.09868439100682735,0.1045610811561346,0.0062947557,0.10140875,0.09868439100682735,0.1045610811561346,0.0062947557,1.0,1.0,1.0,0.0,0.00021967995,0.00021398856551968493,0.00022744660964235663,1.3335484e-05,0.002166641,0.002146875543985516,0.002175239031203091,3.2658063e-05,-26.773653,-27.04182004928589,-26.131649494171143,0.83554,2.1883974,2.1574344635009766,2.2129912972450256,0.060180414,0.7294658,0.7191448509693146,0.7376637905836105,0.02006014,0.16000001,0.12000000476837158,0.18800001218914986,0.05025028,0.0,0.0,0.0,0.0,0.14403452,0.13077147491276264,0.15492885932326317,0.018983684,3.5041637,3.498746931552887,3.516246974468231,0.01998103,3.5141637,3.508746922016144,3.526246964931488,0.01998103,1254400.0,1254400.0,1254400.0,0.0
392,0.0,0.0,0.0,0.0,2.0,2.0,2.0,0.0,0.26545617,0.2603210285305977,0.2748218700289726,0.011497704,0.26566914,0.2605146989226341,0.27503663301467896,0.011505069,1.0055588,0.9812213182449341,1.0227277874946594,0.039052118,0.09908735,0.09497101604938507,0.10441887378692627,0.008644362,0.09908735,0.09497101604938507,0.10441887378692627,0.008644362,1.0,1.0,1.0,0.0,0.0002129946,0.00020948874225723557,0.00022576151241082698,1.7700047e-05,0.002150452,0.0021308340365067124,0.002158985589630902,3.2413904e-05,-27.114145,-27.243820190429688,-26.496872901916504,0.9541605,2.2122736,2.1587300300598145,2.250046133995056,0.08591639,0.73742455,0.7195766866207123,0.7500154078006744,0.028638797,0.15,0.11800000444054604,0.17200001329183578,0.040952303,0.0,0.0,0.0,0.0,0.15262587,0.14462512731552124,0.1621285043656826,0.015969139,3.5141637,3.508746922016144,3.526246964931488,0.01998103,3.5241635,3.5187469124794006,3.536246955394745,0.01998103,1257600.0,1257600.0,1257600.0,0.0
393,0.0,0.0,0.0,0.0,2.0,2.0,2.0,0.0,0.26566914,0.2605146989226341,0.27503663301467896,0.011505069,0.26587418,0.26071878522634506,0.2752383425831795,0.011513231,1.0190214,0.994488537311554,1.0509814023971558,0.042379715,0.09613194,0.08892720937728882,0.10127715021371841,0.009342964,0.09613194,0.08892720937728882,0.10127715021371841,0.009342964,1.0,1.0,1.0,0.0,0.0002050285,0.00019134638205287047,0.00021439293414005078,1.845158e-05,0.002134384,0.0021149126114323735,0.0021428537438623607,3.217169e-05,-27.082397,-27.622026443481445,-26.68837022781372,0.8048493,2.2418919,2.187918484210968,2.312205195426941,0.093237236,0.7472973,0.729306161403656,0.7707350850105286,0.03107908,0.15666668,0.13600000739097595,0.18000001087784767,0.03519642,0.0,0.0,0.0,0.0,0.15737155,0.14485324174165726,0.1689920574426651,0.02075225,3.5241635,3.5187469124794006,3.536246955394745,0.01998103,3.5341635,3.5287469029426575,3.5462469458580017,0.01998103,1260800.0,1260800.0,1260800.0,0.0
394,0.0,0.0,0.0,0.0,2.0,2.0,2.0,0.0,0.26587418,0.26071878522634506,0.2752383425831795,0.011513231,0.266071,0.26090091466903687,0.2754349857568741,0.011519758,1.0342228,1.0188376754522324,1.067721277475357,0.047663826,0.092948765,0.0855689961463213,0.09580940194427967,0.010655806,0.092948765,0.0855689961463213,0.09580940194427967,0.010655806,1.0,1.0,1.0,0.0,0.00019681692,0.00017991445201914757,0.00020727599985548295,2.1691658e-05,0.002118436,0.0020991102792322636,0.002126842620782554,3.193144e-05,-27.544939,-27.7657790184021,-27.253252506256104,0.81616896,2.2753356,2.2414876222610474,2.349033772945404,0.10486253,0.75844526,0.7471625655889511,0.7830112725496292,0.034954175,0.14600001,0.1340000070631504,0.1680000126361847,0.0271025,0.0,0.0,0.0,0.0,0.16231173,0.14761539176106453,0.17317642271518707,0.018587409,3.5341635,3.5287469029426575,3.5462469458580017,0.01998103,3.5441637,3.5387468934059143,3.5562469363212585,0.01998103,1264000.0,1264000.0,1264000.0,0.0
395,0.0,0.0,0.0,0.0,2.0,2.0,2.0,0.0,0.266071,0.26090091466903687,0.2754349857568741,0.011519758,0.2662786,0.2611178830265999,0.2756374627351761,0.011520504,1.0062274,0.9892908483743668,1.0288874208927155,0.027361503,0.09875733,0.09356613643467426,0.1024981439113617,0.0063015386,0.09875733,0.09356613643467426,0.1024981439113617,0.0063015386,1.0,1.0,1.0,0.0,0.00020758284,0.00019962432270403951,0.00021596128135570325,1.2428364e-05,0.002102607,0.002083425468299538,0.002110950998030603,3.1692867e-05,-27.116722,-27.660444736480713,-26.784340858459473,0.7754664,2.2137444,2.1764832735061646,2.2635974884033203,0.060196523,0.7379148,0.7254944294691086,0.7545325011014938,0.02006551,0.15533334,0.12400000542402267,0.17800001427531242,0.03486424,0.0,0.0,0.0,0.0,0.1522189,0.13570548593997955,0.16277998313307762,0.020907411,3.5441637,3.5387468934059143,3.5562469363212585,0.01998103,3.5541637,3.548746883869171,3.5662469267845154,0.01998103,1267200.0,1267200.0,1267200.0,0.0
396,0.0,0.0,0.0,0.0,2.0,2.0,2.0,0.0,0.2662786,0.2611178830265999,0.2756374627351761,0.011520504,0.2664839,0.2613125741481781,0.2758357897400856,0.011524004,1.0078119,1.0041226297616959,1.024338811635971,0.028297216,0.09841338,0.09455037862062454,0.09907742589712143,0.006652785,0.09841338,0.09455037862062454,0.09907742589712143,0.006652785,1.0,1.0,1.0,0.0,0.00020531652,0.00019739131312235259,0.00020962400594726205,1.3137399e-05,0.0020868964,0.002067858469672501,0.002095178235322237,3.1456024e-05,-26.899149,-27.294601917266846,-26.556398391723633,0.50733185,2.2172306,2.209113895893097,2.25359046459198,0.062255096,0.73907685,0.7363713085651398,0.7511968612670898,0.020751702,0.18333334,0.1640000119805336,0.21000000461935997,0.031534493,0.0,0.0,0.0,0.0,0.14847659,0.13535679876804352,0.16221516579389572,0.018550484,3.5541637,3.548746883869171,3.5662469267845154,0.01998103,3.5641634,3.558746874332428,3.576246917247772,0.01998103,1270400.0,1270400.0,1270400.0,0.0
397,0.0,0.0,0.0,0.0,2.0,2.0,2.0,0.0,0.2664839,0.2613125741481781,0.2758357897400856,0.011524004,0.2666804,0.2615067884325981,0.27603746950626373,0.011533175,1.024047,0.9947321265935898,1.045993983745575,0.03912937,0.09496075,0.08995654806494713,0.10122107341885567,0.00836392,0.09496075,0.08995654806494713,0.10122107341885567,0.00836392,1.0,1.0,1.0,0.0,0.00019650854,0.00018653533334145322,0.00021009596093790606,1.5339876e-05,0.0020713033,0.0020524075371213257,0.0020795228774659336,3.122096e-05,-27.217962,-27.7303786277771,-26.533230781555176,0.71199685,2.2529485,2.188454329967499,2.301232635974884,0.08608634,0.7509828,0.7294847965240479,0.7670775651931763,0.02869545,0.14333335,0.12800000607967377,0.15400001034140587,0.021427825,0.0006666667,0.0,0.0,0.0023094013,0.15510452,0.14418154954910278,0.1638074852526188,0.021464573,3.5641634,3.558746874332428,3.576246917247772,0.01998103,3.5741634,3.568746864795685,3.586246907711029,0.01998103,1273600.0,1273600.0,1273600.0,0.0
398,0.0,0.0,0.0,0.0,2.0,2.0,2.0,0.0,0.2666804,0.2615067884325981,0.27603746950626373,0.011533175,0.26687664,0.26170237362384796,0.27623145282268524,0.011539883,1.0211731,0.9928224235773087,1.0374599695205688,0.03373585,0.09550605,0.09173609875142574,0.1016674991697073,0.007448872,0.09550605,0.09173609875142574,0.1016674991697073,0.007448872,1.0,1.0,1.0,0.0,0.00019624653,0.00018709544019657187,0.00020925476928823628,1.4206232e-05,0.0020558266,0.0020370721467770636,0.0020639848662540317,3.0987714e-05,-27.041374,-27.400842666625977,-26.52260684967041,0.58119136,2.2466257,2.184252977371216,2.2824575304985046,0.07422033,0.7488752,0.7280843257904053,0.7608191817998886,0.024740113,0.16466667,0.14800000935792923,0.1940000019967556,0.034528863,0.0,0.0,0.0,0.0,0.15268138,0.1485508382320404,0.15728440135717392,0.0083781425,3.5741634,3.568746864795685,3.586246907711029,0.01998103,3.5841637,3.5787468552589417,3.596246898174286,0.01998103,1276800.0,1276800.0,1276800.0,0.0
399,0.0,0.0,0.0,0.0,2.0,2.0,2.0,0.0,0.26687664,0.26170237362384796,0.27623145282268524,0.011539883,0.26707426,0.26189273595809937,0.2764146327972412,0.0115378285,1.0145034,1.0003938972949982,1.030216008424759,0.024856532,0.096860684,0.09327901899814606,0.09991236217319965,0.00553241,0.096860684,0.09327901899814606,0.09991236217319965,0.00553241,1.0,1.0,1.0,0.0,0.00019761913,0.00019069791233050637,0.00020162401779089123,1.1288117e-05,0.0020404656,0.002021851309109479,0.002048563153948635,3.075622e-05,-27.224611,-27.550074100494385,-26.897645473480225,0.53695464,2.231952,2.2009105682373047,2.2665204405784607,0.054685432,0.74398404,0.733636885881424,0.7555068135261536,0.018228473,0.15466668,0.14000000804662704,0.18400001525878906,0.037574977,0.0,0.0,0.0,0.0,0.15896036,0.1481085643172264,0.16438508033752441,0.02065205,3.5841637,3.5787468552589417,3.596246898174286,0.01998103,3.5941637,3.5887468457221985,3.6062468886375427,0.01998103,1280000.0,1280000.0,1280000.0,0.0
400,0.0,0.0,0.0,0.0,2.0,2.0,2.0,0.0,0.26707426,0.26189273595809937,0.2764146327972412,0.0115378285,0.2672743,0.2620972692966461,0.2765921652317047,0.011538592,1.0068864,0.9913122653961182,1.018675982952118,0.04040529,0.09881351,0.09580425173044205,0.1020418293774128,0.009043977,0.09881351,0.09580425173044205,0.1020418293774128,0.009043977,1.0,1.0,1.0,0.0,0.00020002738,0.00019373550821910612,0.0002057562378467992,1.7490534e-05,0.0020252194,0.002006743976380676,0.0020332561689428985,3.0526273e-05,-27.161871,-27.40546989440918,-26.74464178085327,0.61917,2.215194,2.1809305548667908,2.2411319613456726,0.08889345,0.7383981,0.7269768714904785,0.7470440119504929,0.029631153,0.16466667,0.14400000870227814,0.19200000166893005,0.031163303,0.0,0.0,0.0,0.0,0.156864,0.14786161109805107,0.16597829014062881,0.014679384,3.5941637,3.5887468457221985,3.6062468886375427,0.01998103,3.6041634,3.5987468361854553,3.6162468791007996,0.01998103,1283200.0,1283200.0,1283200.0,0.0
401,0.0,0.0,0.0,0.0,2.0,2.0,2.0,0.0,0.2672743,0.2620972692966461,0.2765921652317047,0.011538592,0.26742133,0.2622964084148407,0.2767942473292351,0.011598498,1.0332493,0.9909596145153046,1.0537545680999756,0.049021985,0.073516876,0.06876234523952007,0.10210847854614258,0.04465156,0.09316396,0.08853447064757347,0.10210847854614258,0.0102808215,0.75,0.75,1.0,0.45226702,0.00014702599,0.00013644938371726312,0.00020509748355834745,8.9380555e-05,0.0020100872,0.0019917497993446887,0.00201806373661384,3.0298204e-05,-27.356842,-27.727949142456055,-26.885628700256348,0.74908686,2.273194,2.1801546812057495,2.3183063864707947,0.10785053,0.7577314,0.7267182469367981,0.7727688103914261,0.03595018,0.16066667,0.14000000804662704,0.17800001427531242,0.029236758,0.0,0.0,0.0,0.0,0.16426356,0.14825790002942085,0.1843959279358387,0.026501583,3.6041634,3.5987468361854553,3.6162468791007996,0.01998103,3.6141634,3.608746826648712,3.6262468695640564,0.01998103,1286400.0,1286400.0,1286400.0,0.0
402,0.0,0.0,0.0,0.0,2.0,2.0,2.0,0.0,0.26742133,0.2622964084148407,0.2767942473292351,0.011598498,0.2676162,0.2624987065792084,0.27697622030973434,0.01159616,1.0107433,0.9959030896425247,1.0326756536960602,0.022252439,0.097674824,0.09275223687291145,0.10095028206706047,0.005052452,0.097674824,0.09275223687291145,0.10095028206706047,0.005052452,1.0,1.0,1.0,0.0,0.0001948875,0.00018673150043468922,0.0002030800678767264,1.0857402e-05,0.0019950678,0.0019768676720559597,0.002002985042054206,3.0071891e-05,-26.910452,-27.071409225463867,-26.636690139770508,0.3759605,2.2236795,2.191030502319336,2.271931767463684,0.04895633,0.7412265,0.7303435206413269,0.7573106288909912,0.016318776,0.17066668,0.14400000870227814,0.20000000298023224,0.03997575,0.0013333334,0.0,0.0,0.003113996,0.15573536,0.13686556741595268,0.17156119272112846,0.022902943,3.6141634,3.608746826648712,3.6262468695640564,0.01998103,3.6241636,3.618746817111969,3.6362468600273132,0.01998103,1289600.0,1289600.0,1289600.0,0.0
403,0.0,0.0,0.0,0.0,2.0,2.0,2.0,0.0,0.2676162,0.2624987065792084,0.27697622030973434,0.01159616,0.2678164,0.2626992389559746,0.27717597782611847,0.011596435,0.9959654,0.984968826174736,1.0115571320056915,0.027384179,0.10111799,0.09737762995064259,0.1035474892705679,0.006408968,0.10111799,0.09737762995064259,0.1035474892705679,0.006408968,1.0,1.0,1.0,0.0,0.00020017628,0.0001945461190189235,0.00020852180023211986,1.2117487e-05,0.0019801608,0.001962096313945949,0.001988019037526101,2.9847226e-05,-26.86363,-26.98707389831543,-26.43182134628296,0.6628628,2.1911676,2.166974663734436,2.2254700660705566,0.0602464,0.7303892,0.7223249077796936,0.741823360323906,0.020082131,0.1625,0.13499999977648258,0.19749999791383743,0.045552164,0.0,0.0,0.0,0.0,0.15048876,0.14067485928535461,0.1564735732972622,0.021610333,3.6241636,3.618746817111969,3.6362468600273132,0.01998103,3.6341636,3.628746807575226,3.64624685049057,0.01998103,1292800.0,1292800.0,1292800.0,0.0
404,0.0,0.0,0.0,0.0,2.0,2.0,2.0,0.0,0.2678164,0.2626992389559746,0.27717597782611847,0.011596435,0.26800567,0.26289884746074677,0.27734074741601944,0.011588389,1.017677,0.9949468076229095,1.0395116209983826,0.034439087,0.09628519,0.09133953414857388,0.10117090493440628,0.007497584,0.09628519,0.09133953414857388,0.10117090493440628,0.007497584,1.0,1.0,1.0,0.0,0.0001892858,0.0001785917665984016,0.0002007881303143222,1.5560567e-05,0.0019653651,0.0019474356668069959,0.0019731647334992886,2.9624214e-05,-27.127028,-27.496861457824707,-26.629271030426025,0.72526604,2.238934,2.1889266967773438,2.286971151828766,0.07576748,0.74631137,0.7296422570943832,0.7623237520456314,0.025255824,0.16066667,0.14000000804662704,0.18000001087784767,0.03262273,0.0006666667,0.0,0.0,0.0023094013,0.15803654,0.1491636373102665,0.16701690107584,0.017667584,3.6341636,3.628746807575226,3.64624685049057,0.01998103,3.6441634,3.6387467980384827,3.656246840953827,0.01998103,1296000.0,1296000.0,1296000.0,0.0
405,0.0,0.0,0.0,0.0,2.0,2.0,2.0,0.0,0.26800567,0.26289884746074677,0.27734074741601944,0.011588389,0.26818886,0.2630851939320564,0.27751780301332474,0.011593701,1.0281595,1.0120148956775665,1.041859894990921,0.032962874,0.09396703,0.09082037210464478,0.09728522785007954,0.007031766,0.09396703,0.09082037210464478,0.09728522785007954,0.007031766,1.0,1.0,1.0,0.0,0.00018320371,0.00017818106061895378,0.00018963415641337633,1.2602283e-05,0.0019506799,0.0019328846246935427,0.0019584210822358727,2.9402843e-05,-27.41704,-27.924265384674072,-26.84086799621582,0.6761306,2.2619963,2.2264771461486816,2.2921374440193176,0.07251974,0.75399876,0.7421590685844421,0.7640458196401596,0.024173247,0.154,0.1340000070631504,0.17000001296401024,0.031287525,0.0006666667,0.0,0.0,0.0023094013,0.15864259,0.14695976674556732,0.16415230557322502,0.016048713,3.6441634,3.6387467980384827,3.656246840953827,0.01998103,3.6541634,3.6487467885017395,3.6662468314170837,0.01998103,1299200.0,1299200.0,1299200.0,0.0
406,0.0,0.0,0.0,0.0,2.0,2.0,2.0,0.0,0.26818886,0.2630851939320564,0.27751780301332474,0.011593701,0.26837698,0.26327910274267197,0.2777116894721985,0.011596421,1.0142546,0.9898007214069366,1.0386472046375275,0.042861674,0.097202994,0.09150526858866215,0.10244950093328953,0.009564498,0.097202994,0.09150526858866215,0.10244950093328953,0.009564498,1.0,1.0,1.0,0.0,0.00018808995,0.0001754939730744809,0.00019693540525622666,1.7577247e-05,0.0019361046,0.0019184422853868455,0.0019437879091128707,2.9183144e-05,-27.118818,-27.58511781692505,-26.737544536590576,0.78906196,2.2314045,2.1776050329208374,2.285069525241852,0.094297595,0.74380153,0.725868359208107,0.7616898417472839,0.03143252,0.16733335,0.1380000077188015,0.1900000125169754,0.042804703,0.0006666667,0.0,0.0,0.0023094013,0.15176618,0.14026572182774544,0.1623462773859501,0.01860928,3.6541634,3.6487467885017395,3.6662468314170837,0.01998103,3.6641636,3.6587467789649963,3.6762468218803406,0.01998103,1302400.0,1302400.0,1302400.0,0.0
407,0.0,0.0,0.0,0.0,2.0,2.0,2.0,0.0,0.26837698,0.26327910274267197,0.2777116894721985,0.011596421,0.26856086,0.2634543776512146,0.27789878100156784,0.0115977805,1.0208632,1.011029690504074,1.0468920767307281,0.040943224,0.09571726,0.08976557850837708,0.09750531055033207,0.009692139,0.09571726,0.08976557850837708,0.09750531055033207,0.009692139,1.0,1.0,1.0,0.0,0.00018389516,0.00017446570200263523,0.00019039450489799492,1.8407069e-05,0.0019216384,0.001904108008602634,0.0019292639917694032,2.8965094e-05,-27.37293,-27.72002649307251,-27.046977996826172,0.8641257,2.2459438,2.2243096232414246,2.3032085299491882,0.09007689,0.7486479,0.741436555981636,0.7677362114191055,0.030025639,0.16466667,0.13600000739097595,0.20400000363588333,0.0421196,0.0006666667,0.0,0.0,0.0023094013,0.15970562,0.14765876904129982,0.17088603228330612,0.022191672,3.6641636,3.6587467789649963,3.6762468218803406,0.01998103,3.6741636,3.668746769428253,3.6862468123435974,0.01998103,1305600.0,1305600.0,1305600.0,0.0
408,0.0,0.0,0.0,0.0,2.0,2.0,2.0,0.0,0.26856086,0.2634543776512146,0.27789878100156784,0.0115977805,0.26874623,0.2636483311653137,0.2780984416604042,0.011596629,1.0135497,0.9908170104026794,1.0431238412857056,0.03345494,0.09718961,0.09055429883301258,0.10214268043637276,0.0073783305,0.09718961,0.09055429883301258,0.10214268043637276,0.0073783305,1.0,1.0,1.0,0.0,0.00018535153,0.00017307638700003736,0.00019383694234420545,1.4122774e-05,0.0019072798,0.0018898804555647075,0.001914848486194387,2.874856e-05,-26.970335,-27.443941116333008,-26.229293823242188,1.0028337,2.2298539,2.1798409819602966,2.2949183583259583,0.07360235,0.7432847,0.7266136854887009,0.7649728208780289,0.024534121,0.15533334,0.13600000739097595,0.17000001296401024,0.02248771,0.0006666667,0.0,0.0,0.0023094013,0.15763448,0.14311541616916656,0.1721636839210987,0.020030009,3.6741636,3.668746769428253,3.6862468123435974,0.01998103,3.6841633,3.67874675989151,3.6962468028068542,0.01998103,1308800.0,1308800.0,1308800.0,0.0
409,0.0,0.0,0.0,0.0,2.0,2.0,2.0,0.0,0.26874623,0.2636483311653137,0.2780984416604042,0.011596629,0.26891866,0.26382309943437576,0.2782663255929947,0.011600786,1.0408489,1.0278552174568176,1.0552871227264404,0.023235725,0.09114238,0.08804691024124622,0.09378828853368759,0.0048699374,0.09114238,0.08804691024124622,0.09378828853368759,0.0048699374,1.0,1.0,1.0,0.0,0.0001724557,0.00016465929365949705,0.0001774146585376002,7.889112e-06,0.001893029,0.0018757594807539135,0.0019005411013495177,2.8533756e-05,-27.47109,-27.561226844787598,-27.283801078796387,0.37011296,2.2899132,2.2613266110420227,2.321678102016449,0.051119633,0.7633044,0.7537755370140076,0.7738927155733109,0.017039878,0.17000002,0.15800001099705696,0.18800001218914986,0.03579741,0.0,0.0,0.0,0.0,0.16417305,0.1526087448000908,0.17647236585617065,0.017568117,3.6841633,3.67874675989151,3.6962468028068542,0.01998103,3.6941633,3.688746750354767,3.706246793270111,0.01998103,1312000.0,1312000.0,1312000.0,0.0
410,0.0,0.0,0.0,0.0,2.0,2.0,2.0,0.0,0.26891866,0.26382309943437576,0.2782663255929947,0.011600786,0.26910684,0.2640194073319435,0.2784527838230133,0.011596834,1.000348,0.9872389882802963,1.0155921578407288,0.03131974,0.10015645,0.09647656604647636,0.10299249738454819,0.0071416576,0.10015645,0.09647656604647636,0.10299249738454819,0.0071416576,1.0,1.0,1.0,0.0,0.0001881827,0.00018354189160163514,0.00019352656818227842,1.3706601e-05,0.0018788842,0.0018617438909132034,0.0018863403820432723,2.8320623e-05,-26.855103,-27.53924322128296,-26.319804668426514,0.7580776,2.2008095,2.1719691157341003,2.2343474626541138,0.068904825,0.7336032,0.7239897102117538,0.7447825223207474,0.02296828,0.164,0.1340000070631504,0.1860000118613243,0.034703944,0.0,0.0,0.0,0.0,0.14805876,0.13181806355714798,0.158791683614254,0.023504814,3.6941633,3.688746750354767,3.706246793270111,0.01998103,3.7041636,3.6987467408180237,3.716246783733368,0.01998103,1315200.0,1315200.0,1315200.0,0.0
411,0.0,0.0,0.0,0.0,2.0,2.0,2.0,0.0,0.26910684,0.2640194073319435,0.2784527838230133,0.011596834,0.26928663,0.26420074701309204,0.2786308825016022,0.011596274,1.0163064,1.003389224410057,1.037859708070755,0.021491313,0.096423805,0.09165185876190662,0.09922726824879646,0.004819791,0.096423805,0.09165185876190662,0.09922726824879646,0.004819791,1.0,1.0,1.0,0.0,0.00017977446,0.00017419814685126767,0.00018380475012236275,8.478956e-06,0.0018648453,0.0018478327838238329,0.0018722458917181939,2.810904e-05,-27.255499,-27.668826580047607,-26.74059295654297,0.5772254,2.2359188,2.2075003385543823,2.2833369374275208,0.047281843,0.74530625,0.735833466053009,0.761112317442894,0.015760612,0.15266667,0.1300000064074993,0.17200001329183578,0.039111342,0.0,0.0,0.0,0.0,0.15505795,0.14571456983685493,0.16464104503393173,0.022627385,3.7041636,3.6987467408180237,3.716246783733368,0.01998103,3.7141635,3.7087467312812805,3.7262467741966248,0.01998103,1318400.0,1318400.0,1318400.0,0.0
412,0.0,0.0,0.0,0.0,2.0,2.0,2.0,0.0,0.26928663,0.26420074701309204,0.2786308825016022,0.011596274,0.269465,0.26437822729349136,0.27880582213401794,0.011603806,1.0176344,0.9956185817718506,1.0440899431705475,0.041356258,0.09641844,0.09035154432058334,0.10101454891264439,0.009110759,0.09641844,0.09035154432058334,0.10101454891264439,0.009110759,1.0,1.0,1.0,0.0,0.00017836259,0.0001660087364143692,0.00018601728152134456,1.5822921e-05,0.0018509113,0.0018340259557589889,0.0018582566117402166,2.789904e-05,-27.306467,-27.877580165863037,-26.923030853271484,0.8919236,2.2388403,2.1904045939445496,2.2970436811447144,0.09098556,0.74628013,0.7301348745822906,0.765681266784668,0.030328533,0.13533334,0.10200000181794167,0.1600000113248825,0.036812384,0.0,0.0,0.0,0.0,0.14886099,0.13899539038538933,0.1565300077199936,0.018037498,3.7141635,3.7087467312812805,3.7262467741966248,0.01998103,3.7241633,3.7187467217445374,3.7362467646598816,0.01998103,1321600.0,1321600.0,1321600.0,0.0
413,0.0,0.0,0.0,0.0,2.0,2.0,2.0,0.0,0.269465,0.26437822729349136,0.27880582213401794,0.011603806,0.26964298,0.26453983038663864,0.27897411584854126,0.011609394,1.0148077,0.9837299436330795,1.038817971944809,0.035395727,0.09693939,0.09145072475075722,0.10382057726383209,0.007777378,0.09693939,0.09145072475075722,0.10382057726383209,0.007777378,1.0,1.0,1.0,0.0,0.0001780055,0.0001678009757597465,0.00019076171156484634,1.3407369e-05,0.0018370813,0.0018203223880846053,0.0018443714652676135,2.7690538e-05,-27.263947,-27.742578506469727,-26.758869171142578,0.6286266,2.2326217,2.1642491221427917,2.285445213317871,0.07787212,0.7442072,0.7214163839817047,0.7618150860071182,0.025957368,0.18066669,0.15200001001358032,0.21200000494718552,0.03536134,0.0,0.0,0.0,0.0,0.15483454,0.14628202840685844,0.16828888654708862,0.015612925,3.7241633,3.7187467217445374,3.7362467646598816,0.01998103,3.7341633,3.728746712207794,3.7462467551231384,0.01998103,1324800.0,1324800.0,1324800.0,0.0
414,0.0,0.0,0.0,0.0,2.0,2.0,2.0,0.0,0.26964298,0.26453983038663864,0.27897411584854126,0.011609394,0.26982543,0.2647057995200157,0.279163621366024,0.011614988,1.0011982,0.9790348410606384,1.0323151648044586,0.038660664,0.10009428,0.09282957389950752,0.10496655479073524,0.009172475,0.10009428,0.09282957389950752,0.10496655479073524,0.009172475,1.0,1.0,1.0,0.0,0.00018244951,0.0001689704877207987,0.00019176583009539172,1.6246211e-05,0.0018233549,0.001806720974855125,0.001830590539611876,2.7483675e-05,-26.94555,-27.359846115112305,-26.437694549560547,0.70319515,2.2026799,2.1539196372032166,2.2711387872695923,0.085055135,0.7342267,0.7179732322692871,0.7570462673902512,0.028351711,0.15266667,0.14600000903010368,0.17600001394748688,0.036494914,0.0006666667,0.0,0.0,0.0023094013,0.15446098,0.1414543315768242,0.16486885026097298,0.014606821,3.7341633,3.728746712207794,3.7462467551231384,0.01998103,3.7441635,3.738746702671051,3.7562467455863953,0.01998103,1328000.0,1328000.0,1328000.0,0.0
415,0.0,0.0,0.0,0.0,2.0,2.0,2.0,0.0,0.26982543,0.2647057995200157,0.279163621366024,0.011614988,0.26999855,0.26485785096883774,0.27933739125728607,0.01161746,1.0215684,0.9904709309339523,1.0462144017219543,0.047440078,0.095679514,0.08992522209882736,0.1022187601774931,0.010556183,0.095679514,0.08992522209882736,0.1022187601774931,0.010556183,1.0,1.0,1.0,0.0,0.0001731149,0.0001631151171750389,0.0001828082458814606,1.8898883e-05,0.0018097308,0.0017932214541360736,0.0018169126415159553,2.7278313e-05,-27.397707,-28.240199089050293,-26.725064277648926,0.8951779,2.2474954,2.179079592227936,2.301717698574066,0.10437025,0.7491651,0.7263598740100861,0.7672392427921295,0.03479008,0.154,0.14000000804662704,0.1680000126361847,0.028155414,0.0,0.0,0.0,0.0,0.15123238,0.14186428114771843,0.15889277309179306,0.016972784,3.7441635,3.738746702671051,3.7562467455863953,0.01998103,3.7541635,3.748746693134308,3.766246736049652,0.01998103,1331200.0,1331200.0,1331200.0,0.0
416,0.0,0.0,0.0,0.0,2.0,2.0,2.0,0.0,0.26999855,0.26485785096883774,0.27933739125728607,0.01161746,0.27016994,0.2650362104177475,0.27952712029218674,0.011619024,1.0218302,0.9907145649194717,1.0503758788108826,0.039218735,0.09545585,0.08906166441738605,0.10218564979732037,0.008696111,0.09545585,0.08906166441738605,0.10218564979732037,0.008696111,1.0,1.0,1.0,0.0,0.00017138291,0.00016042685092543252,0.00018252875815960579,1.4863932e-05,0.0017962087,0.0017798223998397589,0.0018033365486189723,2.7074379e-05,-27.132952,-27.360225677490234,-26.86812925338745,0.62440205,2.2480714,2.179615557193756,2.3108730912208557,0.08628295,0.7493572,0.7265385240316391,0.7702910453081131,0.028760985,0.145,0.09999999403953552,0.17249999940395355,0.041669697,0.0,0.0,0.0,0.0,0.15114361,0.13296479731798172,0.1647425778210163,0.023761999,3.7541635,3.748746693134308,3.766246736049652,0.01998103,3.7641633,3.7587466835975647,3.776246726512909,0.01998103,1334400.0,1334400.0,1334400.0,0.0
417,0.0,0.0,0.0,0.0,2.0,2.0,2.0,0.0,0.27016994,0.2650362104177475,0.27952712029218674,0.011619024,0.27034894,0.2652106136083603,0.2797112688422203,0.011621163,0.99992436,0.9663765877485275,1.0251474678516388,0.040623784,0.1004147,0.09437656961381435,0.10805094614624977,0.009236711,0.1004147,0.09437656961381435,0.10805094614624977,0.009236711,1.0,1.0,1.0,0.0,0.0001789847,0.00016987194612738676,0.00019111234723823145,1.6224161e-05,0.0017827875,0.0017665237246546894,0.0017898621736094356,2.687209e-05,-26.929214,-27.564949989318848,-26.395833492279053,0.90378696,2.1998775,2.1260709166526794,2.2553694248199463,0.089374095,0.7332925,0.7086903303861618,0.7517898231744766,0.029791363,0.16200002,0.13600000739097595,0.17800001427531242,0.038309745,0.0,0.0,0.0,0.0,0.15389213,0.1345503143966198,0.1660127490758896,0.02205341,3.7641633,3.7587466835975647,3.776246726512909,0.01998103,3.7741632,3.7687466740608215,3.7862467169761658,0.01998103,1337600.0,1337600.0,1337600.0,0.0
418,0.0,0.0,0.0,0.0,2.0,2.0,2.0,0.0,0.27034894,0.2652106136083603,0.2797112688422203,0.011621163,0.27052006,0.26537852734327316,0.2798652872443199,0.011621053,1.0152854,1.004593700170517,1.0221201479434967,0.027557638,0.09671873,0.09505155682563782,0.09894847497344017,0.0060804714,0.09671873,0.09505155682563782,0.09894847497344017,0.0060804714,1.0,1.0,1.0,0.0,0.00017113202,0.00016930563651840203,0.0001739576800900977,1.0904072e-05,0.0017694667,0.001753324526362121,0.0017764884978532791,2.6671385e-05,-26.993704,-27.428288459777832,-26.59329128265381,0.5812878,2.2336724,2.2101502418518066,2.248709201812744,0.06062802,0.74455744,0.7367167472839355,0.7495697438716888,0.020209335,0.15266667,0.14400000870227814,0.15600001066923141,0.022999343,0.0,0.0,0.0,0.0,0.15559907,0.13814355432987213,0.1705939844250679,0.02356103,3.7741632,3.7687466740608215,3.7862467169761658,0.01998103,3.7841635,3.7787466645240784,3.7962467074394226,0.01998103,1340800.0,1340800.0,1340800.0,0.0
419,0.0,0.0,0.0,0.0,2.0,2.0,2.0,0.0,0.27052006,0.26537852734327316,0.2798652872443199,0.011621053,0.2706911,0.2655491828918457,0.28003156930208206,0.01162068,1.0119328,1.0025587975978851,1.0206059217453003,0.020430088,0.09738917,0.09536629356443882,0.09941344521939754,0.0046330695,0.09738917,0.09536629356443882,0.09941344521939754,0.0046330695,1.0,1.0,1.0,0.0,0.00017104215,0.0001667348697083071,0.00017403037782059982,8.591782e-06,0.0017562453,0.0017402234661858529,0.0017632147937547415,2.6472104e-05,-27.026955,-27.42704153060913,-26.62597417831421,0.6539446,2.2262967,2.2056734561920166,2.245377838611603,0.0449471,0.742099,0.7352245002985001,0.7484592795372009,0.014982361,0.15200001,0.13600000739097595,0.1680000126361847,0.021303013,0.0,0.0,0.0,0.0,0.14965723,0.1379915326833725,0.15675316378474236,0.016623413,3.7841635,3.7787466645240784,3.7962467074394226,0.01998103,3.7941635,3.788746654987335,3.8062466979026794,0.01998103,1344000.0,1344000.0,1344000.0,0.0
420,0.0,0.0,0.0,0.0,2.0,2.0,2.0,0.0,0.2706911,0.2655491828918457,0.28003156930208206,0.01162068,0.27086112,0.2657167315483093,0.2801910936832428,0.011621941,1.0122391,0.9860030263662338,1.0399267077445984,0.03771586,0.09756044,0.09121759422123432,0.10327808745205402,0.00857923,0.09756044,0.09121759422123432,0.10327808745205402,0.00857923,1.0,1.0,1.0,0.0,0.00016999763,0.00015859268023632467,0.00017855111218523234,1.445863e-05,0.0017431226,0.0017272206314373761,0.0017500402173027396,2.6274309e-05,-26.89422,-27.3411808013916,-26.41126775741577,0.7111076,2.2269704,2.169249951839447,2.2878843545913696,0.082976535,0.74232346,0.7230833470821381,0.7626281231641769,0.027658837,0.17333335,0.13600000739097595,0.2160000056028366,0.041545887,0.0,0.0,0.0,0.0,0.15444522,0.14057209342718124,0.17184852436184883,0.021769386,3.7941635,3.788746654987335,3.8062466979026794,0.01998103,3.8041632,3.798746645450592,3.8162466883659363,0.01998103,1347200.0,1347200.0,1347200.0,0.0
421,0.0,0.0,0.0,0.0,2.0,2.0,2.0,0.0,0.27086112,0.2657167315483093,0.2801910936832428,0.011621941,0.2710248,0.2658860608935356,0.2803490161895752,0.011626066,1.0253783,1.0105892717838287,1.0464563369750977,0.038839187,0.09467363,0.08987392671406269,0.09760240837931633,0.008607717,0.09467363,0.08987392671406269,0.09760240837931633,0.008607717,1.0,1.0,1.0,0.0,0.0001636962,0.00015610262926202267,0.00016945718380156904,1.383376e-05,0.001730098,0.0017143152363132685,0.0017369637789670378,2.607792e-05,-27.256075,-27.80707550048828,-26.90035629272461,0.68043375,2.2558773,2.22334086894989,2.3022499680519104,0.08544794,0.7519591,0.7411136627197266,0.7674166560173035,0.028482642,0.16333334,0.1300000064074993,0.19200000166893005,0.04294041,0.0,0.0,0.0,0.0,0.16307576,0.14999115839600563,0.17149411141872406,0.016962003,3.8041632,3.798746645450592,3.8162466883659363,0.01998103,3.8141632,3.808746635913849,3.826246678829193,0.01998103,1350400.0,1350400.0,1350400.0,0.0
422,0.0,0.0,0.0,0.0,2.0,2.0,2.0,0.0,0.2710248,0.2658860608935356,0.2803490161895752,0.011626066,0.27118847,0.2660297378897667,0.28051450103521347,0.011626947,1.0220453,1.0016500353813171,1.0405980944633484,0.035473064,0.09534159,0.09107936732470989,0.09962566755712032,0.0077946023,0.09534159,0.09107936732470989,0.09962566755712032,0.0077946023,1.0,1.0,1.0,0.0,0.00016369345,0.0001564294689160306,0.00017024951375788078,1.3332741e-05,0.001717171,0.0017015059711411595,0.0017239852750208229,2.5883079e-05,-27.260687,-27.72123908996582,-26.809438705444336,0.6542383,2.2485447,2.2036741375923157,2.289361596107483,0.07804229,0.7495149,0.7345580458641052,0.76312056183815,0.026014097,0.15200001,0.12800000607967377,0.18000001087784767,0.038593452,0.0,0.0,0.0,0.0,0.1493398,0.14288828149437904,0.16278506442904472,0.014336747,3.8141632,3.808746635913849,3.826246678829193,0.01998103,3.8241634,3.8187466263771057,3.83624666929245,0.01998103,1353600.0,1353600.0,1353600.0,0.0
423,0.0,0.0,0.0,0.0,2.0,2.0,2.0,0.0,0.27118847,0.2660297378897667,0.28051450103521347,0.011626947,0.27134275,0.2661931663751602,0.28069058060646057,0.011650217,1.0134958,0.9841176718473434,1.0312246978282928,0.040518746,0.09074374,0.09308319538831711,0.10372550785541534,0.029333046,0.09731939,0.09308319538831711,0.10372550785541534,0.008798239,0.9166667,1.0,1.0,0.28867513,0.00015427418,0.00015886707478784956,0.00017517601372674108,4.98205e-05,0.0017043405,0.0016887924575712532,0.0017111039778683335,2.5689735e-05,-27.024694,-27.26688003540039,-26.567562103271484,0.7467087,2.2297354,2.1651021242141724,2.2687395811080933,0.08914304,0.7432451,0.7217007130384445,0.7562465667724609,0.029714355,0.15533334,0.12000000476837158,0.18000001087784767,0.037902586,0.0,0.0,0.0,0.0,0.15422677,0.14223114028573036,0.15821142867207527,0.021176767,3.8241634,3.8187466263771057,3.83624666929245,0.01998103,3.8341634,3.8287466168403625,3.846246659755707,0.01998103,1356800.0,1356800.0,1356800.0,0.0
424,0.0,0.0,0.0,0.0,2.0,2.0,2.0,0.0,0.27134275,0.2661931663751602,0.28069058060646057,0.011650217,0.2714993,0.2663680836558342,0.2808447703719139,0.011647658,1.034331,1.022128164768219,1.0545253157615662,0.026125936,0.09255464,0.08820141851902008,0.09503313526511192,0.0056750462,0.09255464,0.08820141851902008,0.09503313526511192,0.0056750462,1.0,1.0,1.0,0.0,0.00015655368,0.00014931191981304437,0.00016079345004982315,9.705674e-06,0.0016916058,0.0016761738224886358,0.001698318519629538,2.5497671e-05,-27.446526,-27.80757236480713,-27.191516876220703,0.5411308,2.2755735,2.2487269043922424,2.32000195980072,0.057478216,0.7585245,0.749575674533844,0.7733340263366699,0.019159408,0.14133334,0.11600000411272049,0.1680000126361847,0.038189325,0.0,0.0,0.0,0.0,0.16257885,0.15001671016216278,0.17114461585879326,0.018051548,3.8341634,3.8287466168403625,3.846246659755707,0.01998103,3.8441632,3.8387466073036194,3.8562466502189636,0.01998103,1360000.0,1360000.0,1360000.0,0.0
425,0.0,0.0,0.0,0.0,2.0,2.0,2.0,0.0,0.2714993,0.2663680836558342,0.2808447703719139,0.011647658,0.27166456,0.2665148600935936,0.2810044437646866,0.011651631,1.0079368,0.9795233458280563,1.0302077531814575,0.03401166,0.09846258,0.09330017492175102,0.10482784919440746,0.0075923847,0.09846258,0.09330017492175102,0.10482784919440746,0.0075923847,1.0,1.0,1.0,0.0,0.0001652582,0.00015534699559793808,0.00017456015484640375,1.2215102e-05,0.0016789661,0.0016636496293358505,0.0016856289294082671,2.5307132e-05,-26.810226,-27.326985836029053,-26.16378927230835,0.7281577,2.2175052,2.1549943685531616,2.266502320766449,0.07482714,0.7391684,0.7183314859867096,0.7555007785558701,0.024942387,0.15733334,0.1340000070631504,0.1860000118613243,0.033998217,0.0,0.0,0.0,0.0,0.1507874,0.14280877262353897,0.15729474648833275,0.019119507,3.8441632,3.8387466073036194,3.8562466502189636,0.01998103,3.8541632,3.848746597766876,3.8662466406822205,0.01998103,1363200.0,1363200.0,1363200.0,0.0
426,0.0,0.0,0.0,0.0,2.0,2.0,2.0,0.0,0.27166456,0.2665148600935936,0.2810044437646866,0.011651631,0.27182728,0.26668374985456467,0.2811756059527397,0.011647904,1.011241,0.99134162068367,1.0332981944084167,0.028420351,0.09763532,0.09261971525847912,0.10201374627649784,0.0063403957,0.09763532,0.09261971525847912,0.10201374627649784,0.0063403957,1.0,1.0,1.0,0.0,0.0001627274,0.00015344706844189204,0.0001720899308566004,1.1212878e-05,0.0016664211,0.0016512189467903227,0.0016730339848436415,2.5118175e-05,-27.222023,-27.33506727218628,-26.796748638153076,0.6112864,2.2247746,2.1809951066970825,2.273301362991333,0.06252602,0.7415915,0.7269983887672424,0.7577671408653259,0.020842,0.16933334,0.1340000070631504,0.1940000019967556,0.03591235,0.0006666667,0.0,0.0,0.0023094013,0.15573321,0.1493494100868702,0.16274458914995193,0.014410058,3.8541632,3.848746597766876,3.8662466406822205,0.01998103,3.8641634,3.858746588230133,3.8762466311454773,0.01998103,1366400.0,1366400.0,1366400.0,0.0
427,0.0,0.0,0.0,0.0,2.0,2.0,2.0,0.0,0.27182728,0.26668374985456467,0.2811756059527397,0.011647904,0.27198437,0.26683543622493744,0.2813378870487213,0.011656334,1.0246471,1.0004260689020157,1.0495739877223969,0.049186386,0.09504274,0.08925517089664936,0.09990529343485832,0.010862287,0.09504274,0.08925517089664936,0.09990529343485832,0.010862287,1.0,1.0,1.0,0.0,0.00015709049,0.00014774034934816882,0.0001663764560362324,1.7041646e-05,0.0016539696,0.0016388809017371386,0.0016605333075858653,2.4930487e-05,-27.249567,-28.03373384475708,-26.674586296081543,1.2249888,2.2542686,2.2009811997413635,2.3091089129447937,0.1082122,0.75142294,0.7336603999137878,0.7697030007839203,0.036070738,0.168,0.1420000083744526,0.18000001087784767,0.043684825,0.0,0.0,0.0,0.0,0.14904447,0.14230654388666153,0.1579304076731205,0.013205921,3.8641634,3.858746588230133,3.8762466311454773,0.01998103,3.8741634,3.86874657869339,3.886246621608734,0.01998103,1369600.0,1369600.0,1369600.0,0.0
428,0.0,0.0,0.0,0.0,2.0,2.0,2.0,0.0,0.27198437,0.26683543622493744,0.2813378870487213,0.011656334,0.27213913,0.2669752612709999,0.28149835765361786,0.011660379,1.0267521,1.0038637965917587,1.039085328578949,0.03544169,0.09430797,0.09139510802924633,0.09911571256816387,0.0074852146,0.09430797,0.09139510802924633,0.09911571256816387,0.0074852146,1.0,1.0,1.0,0.0,0.00015475419,0.0001485307548136916,0.000161881122039631,1.1688857e-05,0.0016416112,0.0016266353777609766,0.0016481259663123637,2.474421e-05,-27.415457,-27.878036499023438,-26.734183311462402,0.6850732,2.2589,2.208544373512268,2.286033272743225,0.07797328,0.75296664,0.7361814677715302,0.7620111107826233,0.0259911,0.14400001,0.12000000476837158,0.17000001296401024,0.024360927,0.0,0.0,0.0,0.0,0.15369524,0.13768097013235092,0.16843732818961143,0.019463992,3.8741634,3.86874657869339,3.886246621608734,0.01998103,3.8841631,3.8787465691566467,3.896246612071991,0.01998103,1372800.0,1372800.0,1372800.0,0.0
429,0.0,0.0,0.0,0.0,2.0,2.0,2.0,0.0,0.27213913,0.2669752612709999,0.28149835765361786,0.011660379,0.2723002,0.2671327590942383,0.28164922446012497,0.011658779,1.0060167,0.9816083759069443,1.0269435346126556,0.030769128,0.09885022,0.09398550167679787,0.10432900302112103,0.0069564553,0.09885022,0.09398550167679787,0.10432900302112103,0.0069564553,1.0,1.0,1.0,0.0,0.0001610631,0.00015262996748788282,0.00016993107419693843,1.1673469e-05,0.0016293451,0.001614481268916279,0.0016358109714929014,2.4559315e-05,-26.853468,-27.332003593444824,-26.34518337249756,0.8211646,2.213281,2.1595816016197205,2.259320914745331,0.06769341,0.73776037,0.7198605388402939,0.7531070113182068,0.022564486,0.17416666,0.14000000059604645,0.19249999523162842,0.0425245,0.0,0.0,0.0,0.0,0.15236223,0.1387663669884205,0.16399376466870308,0.01823339,3.8841631,3.8787465691566467,3.896246612071991,0.01998103,3.8941631,3.8887465596199036,3.906246602535248,0.01998103,1376000.0,1376000.0,1376000.0,0.0
430,0.0,0.0,0.0,0.0,2.0,2.0,2.0,0.0,0.2723002,0.2671327590942383,0.28164922446012497,0.011658779,0.27246106,0.2672809809446335,0.28180786222219467,0.011654504,1.003477,0.9827673137187958,1.0287697911262512,0.032513168,0.0994549,0.09359370358288288,0.10404941625893116,0.0073244073,0.0994549,0.09359370358288288,0.10404941625893116,0.0073244073,1.0,1.0,1.0,0.0,0.00016087251,0.0001540000557724852,0.00016659141692798585,1.26739105e-05,0.0016171709,0.0016024179640226066,0.0016235884395428002,2.437583e-05,-27.112177,-27.609248161315918,-26.66899061203003,0.63134086,2.2076933,2.1621312499046326,2.263338625431061,0.071530364,0.7358978,0.720710426568985,0.7544462382793427,0.023843454,0.16133334,0.14400000870227814,0.17000001296401024,0.038417168,0.0,0.0,0.0,0.0,0.15497608,0.1476786993443966,0.167012769728899,0.021327453,3.8941631,3.8887465596199036,3.906246602535248,0.01998103,3.9041634,3.8987465500831604,3.9162465929985046,0.01998103,1379200.0,1379200.0,1379200.0,0.0
431,0.0,0.0,0.0,0.0,2.0,2.0,2.0,0.0,0.27246106,0.2672809809446335,0.28180786222219467,0.011654504,0.27260086,0.26743871718645096,0.2819570451974869,0.01167023,1.0301229,0.9958288818597794,1.0487282276153564,0.039515413,0.08727073,0.08939413540065289,0.1009692158550024,0.02819048,0.09364665,0.08939413540065289,0.1009692158550024,0.008276445,0.9166667,1.0,1.0,0.28867513,0.00013979204,0.00014257141447160393,0.0001614855027582962,4.5362518e-05,0.0016050875,0.0015904449974186718,0.0016114571481011808,2.4193689e-05,-27.573631,-28.496355533599854,-26.799866199493408,0.9484088,2.2663155,2.190867304801941,2.3072481751441956,0.086935654,0.75543857,0.7302891314029694,0.7690827548503876,0.028978556,0.14666668,0.12600000575184822,0.16600001230835915,0.038036667,0.0,0.0,0.0,0.0,0.15807757,0.1380862034857273,0.18175306171178818,0.024384676,3.9041634,3.8987465500831604,3.9162465929985046,0.01998103,3.9141634,3.9087465405464172,3.9262465834617615,0.01998103,1382400.0,1382400.0,1382400.0,0.0
432,0.0,0.0,0.0,0.0,2.0,2.0,2.0,0.0,0.27260086,0.26743871718645096,0.2819570451974869,0.01167023,0.27276388,0.26759854704141617,0.2821221426129341,0.011677773,0.9911788,0.9760621041059494,1.0024850070476532,0.038205303,0.10241381,0.09942946955561638,0.10566707327961922,0.008999163,0.10241381,0.09942946955561638,0.10566707327961922,0.008999163,1.0,1.0,1.0,0.0,0.0001630399,0.00015798514505149797,0.0001672015387157444,1.3036731e-05,0.0015930943,0.0015785610594321042,0.001599416194949299,2.401283e-05,-26.703032,-27.14174795150757,-26.334015369415283,0.7127508,2.1806371,2.147379517555237,2.205510973930359,0.084053345,0.72687906,0.7157932072877884,0.7351703494787216,0.028017784,0.17400001,0.1420000083744526,0.1860000118613243,0.03238406,0.0006666667,0.0,0.0,0.0023094013,0.15111919,0.1353239342570305,0.15665266290307045,0.019148681,3.9141634,3.9087465405464172,3.9262465834617615,0.01998103,3.924163,3.918746531009674,3.9362465739250183,0.01998103,1385600.0,1385600.0,1385600.0,0.0
433,0.0,0.0,0.0,0.0,2.0,2.0,2.0,0.0,0.27276388,0.26759854704141617,0.2821221426129341,0.011677773,0.2729108,0.267736092209816,0.2822667062282562,0.011674481,1.033147,1.0171909630298615,1.055261343717575,0.03312561,0.09290105,0.08806018531322479,0.09611901082098484,0.007178541,0.09290105,0.08806018531322479,0.09611901082098484,0.007178541,1.0,1.0,1.0,0.0,0.00014689652,0.00014004187323735096,0.00015201477071968839,1.17117725e-05,0.001581191,0.0015667662082705647,0.001587465580087155,2.3833434e-05,-27.645538,-27.950044631958008,-27.361491680145264,0.48262534,2.2729688,2.237864851951599,2.3216212391853333,0.07287781,0.7576563,0.7459549754858017,0.7738737761974335,0.024292603,0.16266668,0.13600000739097595,0.18000001087784767,0.03818932,0.0,0.0,0.0,0.0,0.15838544,0.15573817491531372,0.1646009236574173,0.01458646,3.924163,3.918746531009674,3.9362465739250183,0.01998103,3.934163,3.928746521472931,3.946246564388275,0.01998103,1388800.0,1388800.0,1388800.0,0.0
434,0.0,0.0,0.0,0.0,2.0,2.0,2.0,0.0,0.2729108,0.267736092209816,0.2822667062282562,0.011674481,0.27306297,0.26789695024490356,0.28240595757961273,0.011673495,1.0150319,1.0046938955783844,1.0402425229549408,0.03903565,0.09696854,0.09115021489560604,0.09893060475587845,0.009175891,0.09696854,0.09115021489560604,0.09893060475587845,0.009175891,1.0,1.0,1.0,0.0,0.00015220548,0.00014121370986686088,0.00015851951684453525,1.47513465e-05,0.0015693763,0.0015550595708191395,0.001575604168465361,2.3655375e-05,-27.33651,-27.759171962738037,-27.065353870391846,0.67404556,2.233115,2.210370719432831,2.2885793447494507,0.08588017,0.74437165,0.7367902547121048,0.7628597915172577,0.028626725,0.16333334,0.1340000070631504,0.1940000019967556,0.05300658,0.0,0.0,0.0,0.0,0.1561441,0.1495058536529541,0.1606251560151577,0.015195504,3.934163,3.928746521472931,3.946246564388275,0.01998103,3.9441633,3.9387465119361877,3.956246554851532,0.01998103,1392000.0,1392000.0,1392000.0,0.0
435,0.0,0.0,0.0,0.0,2.0,2.0,2.0,0.0,0.27306297,0.26789695024490356,0.28240595757961273,0.011673495,0.27320766,0.268037773668766,0.2825517877936363,0.011675433,1.0326477,1.0112834572792053,1.0539635121822357,0.02552539,0.09290566,0.08831691928207874,0.09744293056428432,0.005487922,0.09290566,0.08831691928207874,0.09744293056428432,0.005487922,1.0,1.0,1.0,0.0,0.00014466752,0.0001370523386867717,0.00015045629334053956,7.923264e-06,0.00155765,0.0015434400120284408,0.0015638314362149686,2.3478638e-05,-27.66981,-28.077284812927246,-27.38001823425293,0.54786795,2.2718704,2.224868059158325,2.3187660574913025,0.05615698,0.7572901,0.7416226863861084,0.7729220539331436,0.018718997,0.14600001,0.12600000575184822,0.16200001165270805,0.022140054,0.0,0.0,0.0,0.0,0.15884288,0.1475745551288128,0.16607703268527985,0.014740108,3.9441633,3.9387465119361877,3.956246554851532,0.01998103,3.9541633,3.9487465023994446,3.966246545314789,0.01998103,1395200.0,1395200.0,1395200.0,0.0
436,0.0,0.0,0.0,0.0,2.0,2.0,2.0,0.0,0.27320766,0.268037773668766,0.2825517877936363,0.011675433,0.27335313,0.268176905810833,0.28269249200820923,0.01167918,1.0273252,0.9951755106449127,1.0520775318145752,0.031271223,0.0941276,0.08869977295398712,0.10111976601183414,0.006877263,0.0941276,0.08869977295398712,0.10111976601183414,0.006877263,1.0,1.0,1.0,0.0,0.00014545188,0.00013827261500409804,0.0001540497542009689,9.785069e-06,0.0015460113,0.0015319074445869774,0.001552146626636386,2.3303253e-05,-27.087294,-27.500985145568848,-26.794459342956543,0.45540234,2.2601604,2.1894298791885376,2.314616858959198,0.06879808,0.7533869,0.7298099845647812,0.7715389579534531,0.022932682,0.14866666,0.11800000444054604,0.18400001525878906,0.038812686,0.0,0.0,0.0,0.0,0.15473942,0.14577146992087364,0.16278932243585587,0.013438495,3.9541633,3.9487465023994446,3.966246545314789,0.01998103,3.964163,3.9587464928627014,3.9762465357780457,0.01998103,1398400.0,1398400.0,1398400.0,0.0
437,0.0,0.0,0.0,0.0,2.0,2.0,2.0,0.0,0.27335313,0.268176905810833,0.28269249200820923,0.01167918,0.27350128,0.2683049365878105,0.2828775867819786,0.011688036,1.0185028,0.9954807758331299,1.057929515838623,0.058544584,0.096664585,0.08751988224685192,0.10106400586664677,0.013892192,0.096664585,0.08751988224685192,0.10106400586664677,0.013892192,1.0,1.0,1.0,0.0,0.00014817152,0.00013609576126327738,0.00015380785043817014,2.006621e-05,0.0015344596,0.0015204614028334618,0.0015405488957185298,2.3129056e-05,-26.967398,-27.69026470184326,-26.63493585586548,1.0631332,2.240751,2.190101385116577,2.327491343021393,0.12880066,0.746917,0.7300338000059128,0.7758304476737976,0.042933546,0.18533333,0.14400000870227814,0.21400000527501106,0.056551397,0.0006666667,0.0,0.0,0.0023094013,0.15646255,0.14078344404697418,0.17010918632149696,0.020816164,3.964163,3.9587464928627014,3.9762465357780457,0.01998103,3.974163,3.9687464833259583,3.9862465262413025,0.01998103,1401600.0,1401600.0,1401600.0,0.0
438,0.0,0.0,0.0,0.0,2.0,2.0,2.0,0.0,0.27350128,0.2683049365878105,0.2828775867819786,0.011688036,0.27365717,0.2684625834226608,0.28302937746047974,0.011686262,0.99061614,0.9776087999343872,1.0006063282489777,0.02639528,0.10235771,0.09986051917076111,0.10529098846018314,0.00624836,0.10235771,0.09986051917076111,0.10529098846018314,0.00624836,1.0,1.0,1.0,0.0,0.00015588729,0.0001504154315625783,0.00016264918303932063,9.69683e-06,0.0015229943,0.0015091005770955235,0.0015290379815269262,2.2956243e-05,-26.693398,-26.97509002685547,-26.419350147247314,0.75458115,2.179399,2.150782287120819,2.2013778686523438,0.058070783,0.72646636,0.7169274389743805,0.7337926477193832,0.019356934,0.17466669,0.14400000870227814,0.20200000330805779,0.03509295,0.0,0.0,0.0,0.0,0.15084569,0.14248113706707954,0.15349096432328224,0.012406381,3.974163,3.9687464833259583,3.9862465262413025,0.01998103,3.9841633,3.978746473789215,3.9962465167045593,0.019981053,1404800.0,1404800.0,1404800.0,0.0
439,0.0,0.0,0.0,0.0,2.0,2.0,2.0,0.0,0.27365717,0.2684625834226608,0.28302937746047974,0.011686262,0.27380612,0.26860764622688293,0.2831740155816078,0.011687867,1.0069045,1.0054519176483154,1.0182611644268036,0.023713082,0.09856143,0.09588400274515152,0.09875260107219219,0.00563074,0.09856143,0.09588400274515152,0.09875260107219219,0.00563074,1.0,1.0,1.0,0.0,0.00014895869,0.0001441686908947304,0.00015098191579454578,8.20585e-06,0.0015116147,0.0014978247054386884,0.001517613185569644,2.2784778e-05,-27.050003,-27.293352603912354,-26.79705047607422,0.42890003,2.215234,2.2120383977890015,2.240219235420227,0.052169792,0.73841137,0.7373461574316025,0.7467397451400757,0.01738994,0.18400002,0.17400001361966133,0.20000000298023224,0.037523326,0.0006666667,0.0,0.0,0.0023094013,0.15141623,0.1344715878367424,0.16749215498566628,0.016815694,3.9841633,3.978746473789215,3.9962465167045593,0.019981053,3.9941633,3.988746464252472,4.0062466859817505,0.019981127,1408000.0,1408000.0,1408000.0,0.0
440,0.0,0.0,0.0,0.0,2.0,2.0,2.0,0.0,0.27380612,0.26860764622688293,0.2831740155816078,0.011687867,0.2739493,0.2687373086810112,0.2833159863948822,0.011692057,1.0217866,0.9887675344944,1.0575942397117615,0.03824104,0.09544473,0.08758033625781536,0.10262029431760311,0.008365107,0.09544473,0.08758033625781536,0.10262029431760311,0.008365107,1.0,1.0,1.0,0.0,0.00014316289,0.00013415691137197427,0.0001538814940431621,1.2277738e-05,0.0015003198,0.0014866329147480428,0.001506273605627939,2.2614524e-05,-27.221214,-27.846713542938232,-26.791834831237793,0.74999124,2.247975,2.175331950187683,2.326753795146942,0.08413198,0.7493251,0.725110650062561,0.7755846381187439,0.028044004,0.14666668,0.12400000542402267,0.17000001296401024,0.031878557,0.0006666667,0.0,0.0,0.0023094013,0.16140814,0.15322170034050941,0.17892088368535042,0.019366447,3.9941633,3.988746464252472,4.0062466859817505,0.019981127,4.0041633,3.9987464547157288,4.016246914863586,0.019981222,1411200.0,1411200.0,1411200.0,0.0
441,0.0,0.0,0.0,0.0,2.0,2.0,2.0,0.0,0.2739493,0.2687373086810112,0.2833159863948822,0.011692057,0.27408132,0.2688724249601364,0.2834688127040863,0.011720425,1.0213481,0.991409957408905,1.0366255342960358,0.036943432,0.088919036,0.09191270545125008,0.10199843719601631,0.028618854,0.09551213,0.09191270545125008,0.10199843719601631,0.00784672,0.9166667,1.0,1.0,0.28867513,0.00013200566,0.00013708761980524287,0.00014993992954259738,4.2346473e-05,0.0014891094,0.0014755245647393167,0.0014950189215596765,2.2445653e-05,-26.952675,-27.53179121017456,-26.273478984832764,0.80900586,2.2470105,2.181145429611206,2.2806217670440674,0.08127717,0.7490036,0.7270484864711761,0.7602072954177856,0.02709239,0.15333335,0.1340000070631504,0.1720000095665455,0.038568318,0.0013333334,0.0,0.0,0.003113996,0.15441014,0.1423846147954464,0.16264913976192474,0.019352872,4.0041633,3.9987464547157288,4.016246914863586,0.019981222,4.0141635,4.00874650478363,4.026247143745422,0.019981306,1414400.0,1414400.0,1414400.0,0.0
442,0.0,0.0,0.0,0.0,2.0,2.0,2.0,0.0,0.27408132,0.2688724249601364,0.2834688127040863,0.011720425,0.2742215,0.26901473850011826,0.28358984738588333,0.011719973,1.0240451,1.0042255520820618,1.0394136309623718,0.0330222,0.094863616,0.09134304523468018,0.09903247840702534,0.007163146,0.094863616,0.09134304523468018,0.09903247840702534,0.007163146,1.0,1.0,1.0,0.0,0.00014020114,0.00013500614659278654,0.00014558217299054377,1.0624084e-05,0.0014779825,0.0014644991897512227,0.0014838481438346207,2.2278122e-05,-27.268005,-27.939780712127686,-26.854323863983154,0.74924445,2.252944,2.2093403339385986,2.2867555618286133,0.07265028,0.75098133,0.7364467829465866,0.7622518688440323,0.024216756,0.14083333,0.11749999783933163,0.16249999776482582,0.029374799,0.0,0.0,0.0,0.0,0.15829086,0.15032605081796646,0.1654289774596691,0.011870779,4.0141635,4.00874650478363,4.026247143745422,0.019981306,4.0241637,4.018746733665466,4.036247372627258,0.019981384,1417600.0,1417600.0,1417600.0,0.0
443,0.0,0.0,0.0,0.0,2.0,2.0,2.0,0.0,0.2742215,0.26901473850011826,0.28358984738588333,0.011719973,0.27436695,0.26915768533945084,0.28373129665851593,0.011718683,1.0057263,0.9646486341953278,1.0457067787647247,0.04258942,0.09912312,0.09001056663691998,0.10848353244364262,0.009623582,0.09912312,0.09001056663691998,0.10848353244364262,0.009623582,1.0,1.0,1.0,0.0,0.00014542173,0.00013129020226188004,0.00015978712690412067,1.445741e-05,0.0014669389,0.0014535563241224736,0.0014727607485838234,2.2111713e-05,-26.866148,-27.327670097351074,-26.33244752883911,0.7631475,2.212642,2.12226939201355,2.300600826740265,0.09369859,0.7375474,0.7074231505393982,0.7668669819831848,0.031232858,0.16933334,0.13200000673532486,0.20800000429153442,0.05034668,0.0,0.0,0.0,0.0,0.14997019,0.13753894716501236,0.16229281201958656,0.021657353,4.0241637,4.018746733665466,4.036247372627258,0.019981384,4.034164,4.028746962547302,4.046247601509094,0.019981464,1420800.0,1420800.0,1420800.0,0.0
444,0.0,0.0,0.0,0.0,2.0,2.0,2.0,0.0,0.27436695,0.26915768533945084,0.28373129665851593,0.011718683,0.27449772,0.26928846538066864,0.28387127071619034,0.011736766,1.0170363,0.9837953001260757,1.056890070438385,0.046749815,0.09006367,0.0877226423472166,0.10380424000322819,0.029636094,0.096658595,0.0877226423472166,0.10380424000322819,0.010212476,0.9166667,1.0,1.0,0.28867513,0.00013080476,0.00012732899995171465,0.00015032722149044275,4.3017095e-05,0.0014559779,0.0014426952111534774,0.0014617560373153538,2.1946586e-05,-27.225807,-27.602999687194824,-26.637818813323975,0.7713062,2.2375247,2.16439288854599,2.325204610824585,0.102851644,0.74584156,0.7214643210172653,0.7750682383775711,0.03428388,0.15466668,0.13200000673532486,0.1860000118613243,0.033480886,0.0,0.0,0.0,0.0,0.15016128,0.1452677808701992,0.15596643462777138,0.013318691,4.034164,4.028746962547302,4.046247601509094,0.019981464,4.044164,4.038747191429138,4.05624783039093,0.019981502,1424000.0,1424000.0,1424000.0,0.0
445,0.0,0.0,0.0,0.0,2.0,2.0,2.0,0.0,0.27449772,0.26928846538066864,0.28387127071619034,0.011736766,0.27464256,0.26943352073431015,0.28402137756347656,0.011733977,0.9999067,0.9874865263700485,1.015151172876358,0.0294487,0.10023423,0.09657476097345352,0.10292349383234978,0.0068885167,0.10023423,0.09657476097345352,0.10292349383234978,0.0068885167,1.0,1.0,1.0,0.0,0.00014483316,0.00013923720325692557,0.00014830860163783655,9.969397e-06,0.0014450987,0.0014319152978714556,0.0014508335443679243,2.1782656e-05,-26.788284,-27.336811065673828,-26.482327461242676,0.66653496,2.1998386,2.172513723373413,2.23337721824646,0.06478846,0.7332795,0.7241712510585785,0.7444591075181961,0.021596156,0.15333335,0.12800000607967377,0.17000001296401024,0.038868856,0.0006666667,0.0,0.0,0.0023094013,0.14698686,0.13151736557483673,0.1537170708179474,0.018005569,4.044164,4.038747191429138,4.05624783039093,0.019981502,4.0541644,4.048747420310974,4.066248059272766,0.019981502,1427200.0,1427200.0,1427200.0,0.0
446,0.0,0.0,0.0,0.0,2.0,2.0,2.0,0.0,0.27464256,0.26943352073431015,0.28402137756347656,0.011733977,0.27478594,0.2695671394467354,0.2841728404164314,0.011741354,1.0013677,0.9754734039306641,1.0267641246318817,0.038929544,0.10005092,0.09402656368911266,0.10581539943814278,0.008884464,0.10005092,0.09402656368911266,0.10581539943814278,0.008884464,1.0,1.0,1.0,0.0,0.00014336927,0.00013479624612955377,0.00015068606444401667,1.1245623e-05,0.0014343007,0.0014212157402653247,0.0014399928622879088,2.1619908e-05,-26.74211,-27.312556743621826,-26.125229835510254,0.66024,2.2030532,2.1460843086242676,2.2589260935783386,0.08564669,0.7343511,0.715361475944519,0.7529754042625427,0.028548894,0.17866667,0.15800001099705696,0.20200000330805779,0.03818932,0.0,0.0,0.0,0.0,0.14567105,0.12860720604658127,0.15931983664631844,0.018847061,4.0541644,4.048747420310974,4.066248059272766,0.019981502,4.0641646,4.05874764919281,4.076248288154602,0.019981502,1430400.0,1430400.0,1430400.0,0.0
447,0.0,0.0,0.0,0.0,2.0,2.0,2.0,0.0,0.27478594,0.2695671394467354,0.2841728404164314,0.011741354,0.27491438,0.2697068303823471,0.2843124344944954,0.011763855,1.0142546,0.9988591969013214,1.0266143381595612,0.036157757,0.09048375,0.09405798278748989,0.1002769023180008,0.028987268,0.097070895,0.09405798278748989,0.1002769023180008,0.0077794045,0.9166667,1.0,1.0,0.28867513,0.00012844283,0.00013435622895485722,0.0001419669461029116,4.0942534e-05,0.0014235835,0.0014105963346082717,0.001429233030648902,2.1458323e-05,-27.01555,-27.465062141418457,-26.494051933288574,0.8541133,2.2314045,2.1975340247154236,2.258596658706665,0.07954864,0.74380153,0.7325113713741302,0.7528655827045441,0.026516208,0.16266668,0.12600000575184822,0.19600000232458115,0.05109231,0.0,0.0,0.0,0.0,0.1523192,0.13669723644852638,0.15808039531111717,0.022135504,4.0641646,4.05874764919281,4.076248288154602,0.019981502,4.074165,4.068747878074646,4.086248517036438,0.019981502,1433600.0,1433600.0,1433600.0,0.0
448,0.0,0.0,0.0,0.0,2.0,2.0,2.0,0.0,0.27491438,0.2697068303823471,0.2843124344944954,0.011763855,0.27504164,0.26973675936460495,0.28445351123809814,0.011768943,1.017572,0.9970444440841675,1.0194003283977509,0.03982992,0.090069026,0.09563424251973629,0.10068516619503498,0.02880331,0.09638702,0.09563424251973629,0.10068516619503498,0.008188989,0.9166667,1.0,1.0,0.28867513,0.00012725593,0.0001365394527965691,0.00014245036072679795,4.0696512e-05,0.0014129463,0.0014000562077853829,0.0014185536128934473,2.1297968e-05,-27.069422,-27.414583206176758,-26.443285942077637,0.7031381,2.238703,2.1935415863990784,2.2427254915237427,0.087627575,0.7462344,0.7311805635690689,0.74757519364357,0.029209195,0.15,0.12800000607967377,0.16600001230835915,0.03738741,0.0,0.0,0.0,0.0,0.15302475,0.13842034712433815,0.17164884135127068,0.018005261,4.074165,4.068747878074646,4.086248517036438,0.019981502,4.084165,4.078748106956482,4.096248745918274,0.019981502,1436800.0,1436800.0,1436800.0,0.0
449,0.0,0.0,0.0,0.0,2.0,2.0,2.0,0.0,0.27504164,0.26973675936460495,0.28445351123809814,0.011768943,0.27517146,0.26987341046333313,0.28458791971206665,0.011767518,1.0346645,1.0115053057670593,1.0567193031311035,0.034351222,0.09259152,0.08775792270898819,0.09740923531353474,0.007241307,0.09259152,0.08775792270898819,0.09740923531353474,0.007241307,1.0,1.0,1.0,0.0,0.0001298201,0.00012197586329421028,0.00013847688023815863,9.936254e-06,0.0014023887,0.0013895948068238795,0.0014079539978411049,2.1138841e-05,-27.405153,-27.875669479370117,-26.897372722625732,0.88758755,2.2763073,2.225356161594391,2.324828863143921,0.07557419,0.7587692,0.741785392165184,0.7749429643154144,0.025191389,0.164,0.1420000083744526,0.1860000118613243,0.04086341,0.0,0.0,0.0,0.0,0.16381012,0.15356435254216194,0.17698581889271736,0.026657343,4.084165,4.078748106956482,4.096248745918274,0.019981502,4.0941653,4.088748335838318,4.10624897480011,0.019981502,1440000.0,1440000.0,1440000.0,0.0
450,0.0,0.0,0.0,0.0,2.0,2.0,2.0,0.0,0.27517146,0.26987341046333313,0.28458791971206665,0.011767518,0.27530482,0.2699999362230301,0.2847224846482277,0.011769025,1.0196353,0.9936811774969101,1.0426569879055023,0.03192565,0.095818155,0.09064781665802002,0.10146921314299107,0.007118864,0.095818155,0.09064781665802002,0.10146921314299107,0.007118864,1.0,1.0,1.0,0.0,0.00013336398,0.00012619848348549567,0.00014077264131628908,9.945472e-06,0.0013919099,0.0013792116660624743,0.0013974336616229266,2.0980904e-05,-27.368425,-28.099775791168213,-27.091694831848145,0.73719704,2.2432425,2.1861422657966614,2.2938912510871887,0.07023783,0.7477476,0.7287141233682632,0.7646304368972778,0.02341261,0.16133334,0.14600000903010368,0.17800001427531242,0.030858427,0.0006666667,0.0,0.0,0.0023094013,0.15525632,0.14684199914336205,0.1634170599281788,0.0148175955,4.0941653,4.088748335838318,4.10624897480011,0.019981502,4.1041656,4.098748564720154,4.116249203681946,0.019981502,1443200.0,1443200.0,1443200.0,0.0
451,0.0,0.0,0.0,0.0,2.0,2.0,2.0,0.0,0.27530482,0.2699999362230301,0.2847224846482277,0.011769025,0.27543864,0.27012892812490463,0.2848556563258171,0.011774365,1.0148048,0.9997470527887344,1.0334534347057343,0.034007084,0.09691814,0.09259177930653095,0.10005931183695793,0.0074981656,0.09691814,0.09259177930653095,0.10005931183695793,0.0074981656,1.0,1.0,1.0,0.0,0.00013379751,0.00012603130744537339,0.00013904086154070683,9.196826e-06,0.0013815094,0.0013689059123862535,0.001386991876643151,2.0824124e-05,-27.306479,-27.63197898864746,-26.972307205200195,0.9103578,2.2326152,2.1994873881340027,2.2736430168151855,0.074817084,0.74420506,0.7331624627113342,0.7578810155391693,0.024939025,0.168,0.14800000935792923,0.20000000298023224,0.042742357,0.0006666667,0.0,0.0,0.0023094013,0.15743421,0.14463979378342628,0.17040002718567848,0.020261081,4.1041656,4.098748564720154,4.116249203681946,0.019981502,4.114166,4.10874879360199,4.126249432563782,0.019981502,1446400.0,1446400.0,1446400.0,0.0
452,0.0,0.0,0.0,0.0,2.0,2.0,2.0,0.0,0.27543864,0.27012892812490463,0.2848556563258171,0.011774365,0.27556694,0.27024950087070465,0.2849816679954529,0.011776554,1.0299668,1.0082140862941742,1.05265474319458,0.033560596,0.09359131,0.08858460187911987,0.09813550114631653,0.0073624514,0.09359131,0.08858460187911987,0.09813550114631653,0.0073624514,1.0,1.0,1.0,0.0,0.00012831039,0.00012221880933793727,0.00013496018073055893,9.900429e-06,0.0013711866,0.0013586773129645735,0.001376628177240491,2.066852e-05,-27.421547,-27.871373653411865,-26.900859355926514,0.8478375,2.2659724,2.218115270137787,2.3158867359161377,0.0738348,0.7553241,0.7393717914819717,0.7719622701406479,0.024611603,0.16266668,0.14000000804662704,0.18400001525878906,0.030952556,0.0006666667,0.0,0.0,0.0023094013,0.16457327,0.15696273744106293,0.16883300989866257,0.020749953,4.114166,4.10874879360199,4.126249432563782,0.019981502,4.124166,4.118749022483826,4.136249661445618,0.019981502,1449600.0,1449600.0,1449600.0,0.0
453,0.0,0.0,0.0,0.0,2.0,2.0,2.0,0.0,0.27556694,0.27024950087070465,0.2849816679954529,0.011776554,0.27569613,0.2703789472579956,0.28511644154787064,0.011776624,1.0229939,1.0052214562892914,1.0379738211631775,0.021761565,0.094952606,0.09163207374513149,0.0988050289452076,0.004773973,0.094952606,0.09163207374513149,0.0988050289452076,0.004773973,1.0,1.0,1.0,0.0,0.0001291884,0.0001233464281540364,0.00013436988592729904,5.953448e-06,0.0013609409,0.0013485252566169947,0.0013663418067153543,2.0514075e-05,-27.15944,-27.30832004547119,-26.946484088897705,0.5087943,2.2506316,2.2115312814712524,2.2835880517959595,0.047876388,0.7502106,0.7371771335601807,0.7611960470676422,0.015958788,0.16000001,0.14400000870227814,0.17800001427531242,0.025979014,0.0006666667,0.0,0.0,0.0023094013,0.15557054,0.14216789975762367,0.16691575199365616,0.019674309,4.124166,4.118749022483826,4.136249661445618,0.019981502,4.1341662,4.128749251365662,4.146249890327454,0.019981502,1452800.0,1452800.0,1452800.0,0.0
454,0.0,0.0,0.0,0.0,2.0,2.0,2.0,0.0,0.27569613,0.2703789472579956,0.28511644154787064,0.011776624,0.2758309,0.2705065384507179,0.2852441295981407,0.011777289,1.0018781,0.9857188612222672,1.0218036770820618,0.030912533,0.099803865,0.09510987810790539,0.10334322787821293,0.0072877314,0.099803865,0.09510987810790539,0.10334322787821293,0.0072877314,1.0,1.0,1.0,0.0,0.00013478183,0.00012733973926515318,0.00013975494584883563,9.555129e-06,0.0013507718,0.001338448841124773,0.001356132299406454,2.0360801e-05,-26.865372,-27.091896057128906,-26.60491180419922,0.6381256,2.204176,2.1686248183250427,2.2480130791664124,0.06800896,0.7347254,0.7228749543428421,0.7493377178907394,0.022669658,0.16133334,0.14600000903010368,0.1680000126361847,0.03304359,0.0,0.0,0.0,0.0,0.15284516,0.14165055006742477,0.1702117584645748,0.02691883,4.1341662,4.128749251365662,4.146249890327454,0.019981502,4.1441665,4.138749480247498,4.1562501192092896,0.019981502,1456000.0,1456000.0,1456000.0,0.0
455,0.0,0.0,0.0,0.0,2.0,2.0,2.0,0.0,0.2758309,0.2705065384507179,0.2852441295981407,0.011777289,0.27596018,0.2706293687224388,0.2853657826781273,0.011778276,1.0165383,0.999756708741188,1.040305107831955,0.027530648,0.09643973,0.09114614315330982,0.10005882196128368,0.006050386,0.09643973,0.09114614315330982,0.10005882196128368,0.006050386,1.0,1.0,1.0,0.0,0.00012926558,0.00012149707072239835,0.0001345111923001241,7.836817e-06,0.0013406785,0.0013284477754496038,0.001345999218756333,2.0208687e-05,-27.211166,-27.72048330307007,-26.732419967651367,0.5680012,2.236429,2.1995086073875427,2.2887168526649475,0.060568627,0.7454763,0.7331695407629013,0.7629056423902512,0.020189544,0.16416666,0.14000000059604645,0.19499999657273293,0.04273775,0.0,0.0,0.0,0.0,0.15336184,0.14264792576432228,0.1661689393222332,0.017253263,4.1441665,4.138749480247498,4.1562501192092896,0.019981502,4.1541667,4.1487497091293335,4.1662503480911255,0.019981502,1459200.0,1459200.0,1459200.0,0.0
456,0.0,0.0,0.0,0.0,2.0,2.0,2.0,0.0,0.27596018,0.2706293687224388,0.2853657826781273,0.011778276,0.27608678,0.2707546129822731,0.2854883596301079,0.011778152,1.0219465,1.0079197883605957,1.0328298807144165,0.020690635,0.09517079,0.09271956607699394,0.098203144967556,0.0045114695,0.09517079,0.09271956607699394,0.098203144967556,0.0045114695,1.0,1.0,1.0,0.0,0.00012662967,0.00012294025509618223,0.00013300188584253192,6.0920615e-06,0.001330661,0.0013185215648263693,0.0013359417207539082,2.005766e-05,-27.455963,-28.02340269088745,-26.844972610473633,0.7851608,2.2483275,2.217467725276947,2.2722710371017456,0.045520306,0.7494425,0.7391559481620789,0.7574237138032913,0.01517343,0.156,0.13600000739097595,0.18000001087784767,0.027396083,0.0,0.0,0.0,0.0,0.14738506,0.1360999308526516,0.15484600141644478,0.01362997,4.1541667,4.1487497091293335,4.1662503480911255,0.019981502,4.164167,4.158749938011169,4.176250576972961,0.019981502,1462400.0,1462400.0,1462400.0,0.0
457,0.0,0.0,0.0,0.0,2.0,2.0,2.0,0.0,0.27608678,0.2707546129822731,0.2854883596301079,0.011778152,0.27621472,0.2708902955055237,0.2856154814362526,0.01177591,1.015293,0.9828242510557175,1.0391086637973785,0.03859044,0.096886545,0.09140844084322453,0.10403410345315933,0.008489206,0.096886545,0.09140844084322453,0.10403410345315933,0.008489206,1.0,1.0,1.0,0.0,0.00012794144,0.00011927367449970916,0.0001371353973809164,1.1226208e-05,0.001320718,0.0013086692779324949,0.001325959397945553,1.9907799e-05,-27.071203,-27.47048568725586,-26.690808296203613,0.74860066,2.233689,2.1622564792633057,2.286084771156311,0.08490064,0.7445631,0.7207521796226501,0.7620282620191574,0.02830021,0.17133333,0.1420000083744526,0.20200000330805779,0.043745823,0.0006666667,0.0,0.0,0.0023094013,0.15724117,0.14733873307704926,0.16516652703285217,0.012731598,4.164167,4.158749938011169,4.176250576972961,0.019981502,4.174167,4.168750166893005,4.186250805854797,0.019981502,1465600.0,1465600.0,1465600.0,0.0
458,0.0,0.0,0.0,0.0,2.0,2.0,2.0,0.0,0.27621472,0.2708902955055237,0.2856154814362526,0.01177591,0.27634224,0.2710225284099579,0.2857460528612137,0.011774052,1.0127034,0.9925583750009537,1.0437022745609283,0.027761908,0.09729739,0.09042892046272755,0.10172832943499088,0.006119227,0.09729739,0.09042892046272755,0.10172832943499088,0.006119227,1.0,1.0,1.0,0.0,0.00012751258,0.0001211541639349889,0.00013283958469401114,7.73841e-06,0.0013108496,0.0012988907983526587,0.001316051697358489,1.975908e-05,-27.194075,-27.716004848480225,-26.793228149414062,0.6354603,2.227992,2.18367201089859,2.296190917491913,0.06107743,0.74266404,0.7278906852006912,0.7653969824314117,0.020359151,0.14333333,0.12800000607967377,0.15600001066923141,0.036970098,0.0,0.0,0.0,0.0,0.15336598,0.14302382618188858,0.16417106613516808,0.019897884,4.174167,4.168750166893005,4.186250805854797,0.019981502,4.1841674,4.178750395774841,4.196251034736633,0.019981502,1468800.0,1468800.0,1468800.0,0.0
459,0.0,0.0,0.0,0.0,2.0,2.0,2.0,0.0,0.27634224,0.2710225284099579,0.2857460528612137,0.011774052,0.27646953,0.27114415913820267,0.2858802154660225,0.011778665,1.0101892,0.9855182617902756,1.0290603935718536,0.031031653,0.09790599,0.09353828616440296,0.10339212790131569,0.0068143895,0.09790599,0.09353828616440296,0.10339212790131569,0.0068143895,1.0,1.0,1.0,0.0,0.00012728621,0.00012174483526905533,0.0001325573139183689,7.5625003e-06,0.0013010547,0.001289185311179608,0.0013062179205007851,1.9611414e-05,-27.156036,-27.421751976013184,-26.744808673858643,0.5896537,2.2224605,2.168183445930481,2.263978064060211,0.06827098,0.7408202,0.7227278500795364,0.7546593695878983,0.022756994,0.17266667,0.15200001001358032,0.19200000166893005,0.029632086,0.0,0.0,0.0,0.0,0.15201256,0.14040584862232208,0.1597592532634735,0.017244784,4.1841674,4.178750395774841,4.196251034736633,0.019981502,4.1941676,4.188750624656677,4.206251263618469,0.019981502,1472000.0,1472000.0,1472000.0,0.0
460,0.0,0.0,0.0,0.0,2.0,2.0,2.0,0.0,0.27646953,0.27114415913820267,0.2858802154660225,0.011778665,0.27659294,0.27125973254442215,0.2860037088394165,0.011783046,1.0206152,1.0031976997852325,1.0400576889514923,0.03206507,0.09560403,0.09118908457458019,0.0992671437561512,0.0071273255,0.09560403,0.09118908457458019,0.0992671437561512,0.0071273255,1.0,1.0,1.0,0.0,0.00012339838,0.00011855666889459826,0.0001276200455322396,8.530452e-06,0.0012913331,0.0012795524089597166,0.0012964577181264758,1.9464866e-05,-27.176147,-27.919806003570557,-26.75111484527588,0.7713607,2.2453983,2.20707905292511,2.288172662258148,0.07054454,0.7484661,0.7356930375099182,0.7627242207527161,0.023514843,0.15866667,0.14400000870227814,0.1860000118613243,0.027254134,0.0,0.0,0.0,0.0,0.15470952,0.13770602270960808,0.16961104422807693,0.018624632,4.1941676,4.188750624656677,4.206251263618469,0.019981502,4.204168,4.198750853538513,4.216251492500305,0.019981502,1475200.0,1475200.0,1475200.0,0.0
461,0.0,0.0,0.0,0.0,2.0,2.0,2.0,0.0,0.27659294,0.27125973254442215,0.2860037088394165,0.011783046,0.27671933,0.2713846415281296,0.28614532947540283,0.011788524,1.00727,0.982324630022049,1.0354879796504974,0.0394848,0.09871739,0.09216145984828472,0.10416513122618198,0.009128886,0.09871739,0.09216145984828472,0.10416513122618198,0.009128886,1.0,1.0,1.0,0.0,0.00012642128,0.00011947449638682883,0.00013105755351716653,1.0583779e-05,0.0012816841,0.0012699913932010531,0.001286770508158952,1.9319446e-05,-26.700743,-27.14261531829834,-26.19018840789795,0.80272675,2.2160382,2.1611573696136475,2.2781190276145935,0.08686829,0.7386794,0.720385804772377,0.7593730092048645,0.028956097,0.15333335,0.1340000070631504,0.17600001394748688,0.028709626,0.0,0.0,0.0,0.0,0.1588407,0.14813034236431122,0.16841165721416473,0.018601429,4.204168,4.198750853538513,4.216251492500305,0.019981502,4.214168,4.208751082420349,4.226251721382141,0.019981502,1478400.0,1478400.0,1478400.0,0.0
462,0.0,0.0,0.0,0.0,2.0,2.0,2.0,0.0,0.27671933,0.2713846415281296,0.28614532947540283,0.011788524,0.27684414,0.2715146914124489,0.2862652912735939,0.011789267,1.0099591,0.986481249332428,1.0372792780399323,0.04092567,0.098130204,0.09177585504949093,0.10316180810332298,0.009213048,0.098130204,0.09177585504949093,0.10316180810332298,0.009213048,1.0,1.0,1.0,0.0,0.00012479907,0.00011872019604197703,0.0001314015571551863,1.1395999e-05,0.0012721071,0.0012605019146576524,0.0012771555338986218,1.917505e-05,-27.104027,-27.809446811676025,-26.376020431518555,0.7864838,2.2219546,2.1703020334243774,2.2820600271224976,0.09003829,0.74065155,0.7234340310096741,0.7606866955757141,0.030012766,0.14600001,0.12800000607967377,0.17800001427531242,0.04221159,0.0,0.0,0.0,0.0,0.15594535,0.14350936189293861,0.17127859964966774,0.016734997,4.214168,4.208751082420349,4.226251721382141,0.019981502,4.2241683,4.218751311302185,4.236251950263977,0.019981502,1481600.0,1481600.0,1481600.0,0.0
463,0.0,0.0,0.0,0.0,2.0,2.0,2.0,0.0,0.27684414,0.2715146914124489,0.2862652912735939,0.011789267,0.27696925,0.2716533988714218,0.286393865942955,0.011786692,1.0052207,0.9678664207458496,1.0299739241600037,0.033985347,0.099083655,0.09333465434610844,0.1076799463480711,0.007790469,0.099083655,0.09333465434610844,0.1076799463480711,0.007790469,1.0,1.0,1.0,0.0,0.00012511785,0.00011912469744856935,0.000134847763547441,1.0175191e-05,0.0012626018,0.0012510833039414138,0.0012676125625148416,1.9031786e-05,-27.050064,-27.830520629882812,-26.346770763397217,0.8318513,2.2115295,2.129348635673523,2.2659879326820374,0.07476924,0.7371766,0.7097828835248947,0.7553293108940125,0.024923086,0.172,0.15800001099705696,0.18200001120567322,0.022238376,0.0006666667,0.0,0.0,0.0023094013,0.15642218,0.14477044716477394,0.1662592627108097,0.015839959,4.2241683,4.218751311302185,4.236251950263977,0.019981502,4.2341685,4.228751540184021,4.246252179145813,0.019981502,1484800.0,1484800.0,1484800.0,0.0
464,0.0,0.0,0.0,0.0,2.0,2.0,2.0,0.0,0.27696925,0.2716533988714218,0.286393865942955,0.011786692,0.27708977,0.27177155762910843,0.2865147888660431,0.011785142,1.0173508,1.0045153200626373,1.0341425836086273,0.018472418,0.09616349,0.09243986010551453,0.0989663228392601,0.0041071186,0.09616349,0.09243986010551453,0.0989663228392601,0.0041071186,1.0,1.0,1.0,0.0,0.000120508856,0.00011651880049612373,0.00012446942128008232,5.4608854e-06,0.0012531675,0.0012417349789757282,0.0012581407791003585,1.8889585e-05,-27.232489,-27.630471229553223,-26.847187519073486,0.68449706,2.2382166,2.209977924823761,2.2751591205596924,0.04064013,0.74607223,0.7366593331098557,0.7583863735198975,0.013546705,0.16933334,0.1420000083744526,0.19600000232458115,0.039167084,0.0,0.0,0.0,0.0,0.15162836,0.13875025883316994,0.16809683293104172,0.017485537,4.2341685,4.228751540184021,4.246252179145813,0.019981502,4.2441688,4.238751769065857,4.256252408027649,0.019981502,1488000.0,1488000.0,1488000.0,0.0
465,0.0,0.0,0.0,0.0,2.0,2.0,2.0,0.0,0.27708977,0.27177155762910843,0.2865147888660431,0.011785142,0.277215,0.27188631892204285,0.2866488844156265,0.011790426,0.99810785,0.9747458696365356,1.0185205042362213,0.03620933,0.1007554,0.0958282332867384,0.10599364340305328,0.008339706,0.1007554,0.0958282332867384,0.10599364340305328,0.008339706,1.0,1.0,1.0,0.0,0.00012524464,0.00011969153456448112,0.00013100566138746217,9.490212e-06,0.0012438038,0.001232456706929952,0.0012487398053053766,1.8748418e-05,-26.797981,-27.175044059753418,-26.544652462005615,0.7115042,2.1958811,2.1444836854934692,2.2407898902893066,0.07966212,0.73196036,0.7148279249668121,0.7469299733638763,0.02655404,0.14933334,0.1340000070631504,0.1600000113248825,0.034507796,0.0,0.0,0.0,0.0,0.14334935,0.1370314545929432,0.1510339081287384,0.010669444,4.2441688,4.238751769065857,4.256252408027649,0.019981502,4.254169,4.248751997947693,4.266252636909485,0.019981502,1491200.0,1491200.0,1491200.0,0.0
466,0.0,0.0,0.0,0.0,2.0,2.0,2.0,0.0,0.277215,0.27188631892204285,0.2866488844156265,0.011790426,0.27733937,0.272010862827301,0.28676995635032654,0.011787628,0.99727315,0.9853252023458481,1.0105781853199005,0.020529542,0.10073265,0.09759370237588882,0.10343884862959385,0.0047412626,0.10073265,0.09759370237588882,0.10343884862959385,0.0047412626,1.0,1.0,1.0,0.0,0.00012435696,0.00012036390944558661,0.00012921577581437305,6.160886e-06,0.0012345099,0.0012232476146891713,0.001239409059053287,1.8608334e-05,-26.676966,-26.968021869659424,-26.24168300628662,0.54285336,2.1940448,2.1677587032318115,2.2233163118362427,0.04516591,0.7313483,0.7225862592458725,0.7411054521799088,0.015055297,0.17000002,0.1600000113248825,0.1860000118613243,0.020502768,0.0,0.0,0.0,0.0,0.15125458,0.14222914725542068,0.16142387315630913,0.014277081,4.254169,4.248751997947693,4.266252636909485,0.019981502,4.264169,4.258752226829529,4.276252865791321,0.019981502,1494400.0,1494400.0,1494400.0,0.0
467,0.0,0.0,0.0,0.0,2.0,2.0,2.0,0.0,0.27733937,0.272010862827301,0.28676995635032654,0.011787628,0.27746007,0.27213386446237564,0.28688234090805054,0.011785831,1.0079104,0.9846620261669159,1.0318185687065125,0.036012504,0.09850409,0.0929361879825592,0.10359501279890537,0.008136168,0.09850409,0.0929361879825592,0.10359501279890537,0.008136168,1.0,1.0,1.0,0.0,0.000120705045,0.00011348119733156636,0.0001267320039914921,1.0225473e-05,0.0012252855,0.0012141073239035904,0.001230148074682802,1.84693e-05,-27.076979,-27.601868152618408,-26.57735252380371,0.87350667,2.217447,2.1662997007369995,2.27004611492157,0.07922906,0.73914903,0.7220999151468277,0.7566820532083511,0.026409674,0.17266667,0.15200001001358032,0.19600000232458115,0.05300658,0.0006666667,0.0,0.0,0.0023094013,0.16160528,0.1520734280347824,0.17283853515982628,0.02146082,4.264169,4.258752226829529,4.276252865791321,0.019981502,4.2741694,4.268752455711365,4.286253094673157,0.019981502,1497600.0,1497600.0,1497600.0,0.0
468,0.0,0.0,0.0,0.0,2.0,2.0,2.0,0.0,0.27746007,0.27213386446237564,0.28688234090805054,0.011785831,0.27757874,0.2722429856657982,0.2870063930749893,0.011783674,1.0118576,0.9809792339801788,1.036923348903656,0.032835968,0.097562276,0.09185232222080231,0.1044777724891901,0.0073935334,0.097562276,0.09185232222080231,0.1044777724891901,0.0073935334,1.0,1.0,1.0,0.0,0.00011867224,0.0001105977480619913,0.00012705567860393785,9.511113e-06,0.00121613,0.0012050354853272438,0.0012209563283249736,1.8331288e-05,-26.902092,-27.48096513748169,-26.150866985321045,0.9046049,2.2261312,2.1581974029541016,2.281276822090149,0.07224057,0.7420438,0.7193991392850876,0.7604256421327591,0.024080196,0.14583333,0.11749999783933163,0.17000000178813934,0.039876703,0.0,0.0,0.0,0.0,0.14657234,0.13962219282984734,0.15409695357084274,0.014083905,4.2741694,4.268752455711365,4.286253094673157,0.019981502,4.2841697,4.278752684593201,4.296253323554993,0.019981502,1500800.0,1500800.0,1500800.0,0.0
469,0.0,0.0,0.0,0.0,2.0,2.0,2.0,0.0,0.27757874,0.2722429856657982,0.2870063930749893,0.011783674,0.27769595,0.2723521664738655,0.28712617605924606,0.011784069,1.0143951,0.9849581122398376,1.0419284999370575,0.04014302,0.09711888,0.09081234782934189,0.10352450795471668,0.008964394,0.09711888,0.09081234782934189,0.10352450795471668,0.008964394,1.0,1.0,1.0,0.0,0.000117211406,0.0001086643933376763,0.00012382137356325984,1.082802e-05,0.001207043,0.0011960312840528786,0.0012118331505917013,1.8194287e-05,-27.084396,-27.571566581726074,-26.6038818359375,0.85964566,2.231714,2.1669511198997498,2.2922884821891785,0.088316396,0.74390465,0.7223170548677444,0.7640961706638336,0.029438801,0.15733333,0.1340000070631504,0.18000001087784767,0.04292347,0.0,0.0,0.0,0.0,0.15687524,0.14579439908266068,0.1617150455713272,0.015978456,4.2841697,4.278752684593201,4.296253323554993,0.019981502,4.29417,4.288752913475037,4.306253552436829,0.019981502,1504000.0,1504000.0,1504000.0,0.0
470,0.0,0.0,0.0,0.0,2.0,2.0,2.0,0.0,0.27769595,0.2723521664738655,0.28712617605924606,0.011784069,0.27780965,0.2724768817424774,0.28723594546318054,0.011785531,1.0232592,1.0097708702087402,1.0375878810882568,0.027123228,0.09495536,0.09170911833643913,0.097779905423522,0.005960271,0.09495536,0.09170911833643913,0.097779905423522,0.005960271,1.0,1.0,1.0,0.0,0.00011372185,0.00010927353832812514,0.0001176093992398819,6.729574e-06,0.0011980239,0.0011870944290421903,0.0012027781922370195,1.8058367e-05,-27.193426,-27.549970149993896,-26.92269992828369,0.5373678,2.251215,2.221540331840515,2.282738983631134,0.05967227,0.750405,0.7405134439468384,0.7609130293130875,0.019890761,0.16266668,0.14400000870227814,0.17800001427531242,0.035009958,0.0,0.0,0.0,0.0,0.15526605,0.13649972155690193,0.17086109519004822,0.02267907,4.29417,4.288752913475037,4.306253552436829,0.019981502,4.30417,4.298753142356873,4.3162537813186646,0.019981502,1507200.0,1507200.0,1507200.0,0.0
471,0.0,0.0,0.0,0.0,2.0,2.0,2.0,0.0,0.27780965,0.2724768817424774,0.28723594546318054,0.011785531,0.2779249,0.27257847785949707,0.287354551255703,0.011787241,1.0151393,0.9861738383769989,1.0308319628238678,0.038654607,0.09692174,0.09315054677426815,0.10323505848646164,0.008498555,0.09692174,0.09315054677426815,0.10323505848646164,0.008498555,1.0,1.0,1.0,0.0,0.0001152394,0.00010933703379123472,0.00012217333642183803,1.02579015e-05,0.001189072,0.0011782242509070784,0.0011937908711843193,1.7923454e-05,-27.27947,-27.50857400894165,-26.730553150177002,0.73883325,2.233351,2.169625759124756,2.2678756713867188,0.085041836,0.7444504,0.7232086062431335,0.7559585720300674,0.02834728,0.14466667,0.1340000070631504,0.16200001165270805,0.03059808,0.0006666667,0.0,0.0,0.0023094013,0.14989191,0.13944697752594948,0.1572897844016552,0.015622198,4.30417,4.298753142356873,4.3162537813186646,0.019981502,4.3141704,4.3087533712387085,4.3262540102005005,0.019981502,1510400.0,1510400.0,1510400.0,0.0
472,0.0,0.0,0.0,0.0,2.0,2.0,2.0,0.0,0.2779249,0.27257847785949707,0.287354551255703,0.011787241,0.2780387,0.27268125861883163,0.2874743640422821,0.011787511,1.01645,0.9908472299575806,1.0291877388954163,0.027699145,0.096461155,0.09351319074630737,0.10212991200387478,0.006073806,0.096461155,0.09351319074630737,0.10212991200387478,0.006073806,1.0,1.0,1.0,0.0,0.000113816226,0.0001103710055758711,0.00011889674351550639,6.9218145e-06,0.0011801871,0.0011694204004015774,0.001184870779979974,1.7789514e-05,-26.916903,-27.46046018600464,-26.494813442230225,0.6327351,2.2362347,2.179907441139221,2.2642581462860107,0.060939316,0.7454116,0.7266358137130737,0.7547527253627777,0.02031311,0.15666668,0.1340000070631504,0.17200001329183578,0.04321055,0.0006666667,0.0,0.0,0.0023094013,0.15373436,0.14555317163467407,0.15395058691501617,0.019961704,4.3141704,4.3087533712387085,4.3262540102005005,0.019981502,4.3241706,4.318753600120544,4.336254239082336,0.019981502,1513600.0,1513600.0,1513600.0,0.0
473,0.0,0.0,0.0,0.0,2.0,2.0,2.0,0.0,0.2780387,0.27268125861883163,0.2874743640422821,0.011787511,0.27815112,0.27278879284858704,0.28758419305086136,0.011787279,1.0183358,1.0063958764076233,1.0287154912948608,0.021746445,0.09597507,0.09360186755657196,0.09854556620121002,0.004738176,0.09597507,0.09360186755657196,0.09854556620121002,0.004738176,1.0,1.0,1.0,0.0,0.00011241602,0.0001089606921595987,0.00011589717905735597,5.702166e-06,0.0011713686,0.0011606824118644,0.0011760173074435443,1.7656605e-05,-27.247316,-27.726252555847168,-26.729922771453857,0.7870197,2.2403834,2.2141151428222656,2.2632193565368652,0.04784315,0.7467945,0.7380383908748627,0.7544064670801163,0.015947716,0.16733335,0.15200001001358032,0.18400001525878906,0.031534493,0.0006666667,0.0,0.0,0.0023094013,0.16197337,0.15318705514073372,0.16166740655899048,0.02313663,4.3241706,4.318753600120544,4.336254239082336,0.019981502,4.334171,4.32875382900238,4.346254467964172,0.019981502,1516800.0,1516800.0,1516800.0,0.0
474,0.0,0.0,0.0,0.0,2.0,2.0,2.0,0.0,0.27815112,0.27278879284858704,0.28758419305086136,0.011787279,0.2782638,0.2728940173983574,0.2877000868320465,0.011789871,1.0143248,0.9900166690349579,1.040173053741455,0.028546957,0.09694603,0.09116489067673683,0.10232540592551231,0.00631426,0.09694603,0.09116489067673683,0.10232540592551231,0.00631426,1.0,1.0,1.0,0.0,0.000112665,0.00010591258978820406,0.00011832150812551845,6.7589854e-06,0.0011626161,0.001152009586803615,0.0011672298714984208,1.7524659e-05,-27.197695,-27.608641147613525,-26.775673389434814,0.6740759,2.231559,2.178080141544342,2.288426399230957,0.06280457,0.7438531,0.726026713848114,0.7628088295459747,0.020934863,0.15066667,0.12000000476837158,0.17600001394748688,0.0332192,0.0,0.0,0.0,0.0,0.15197015,0.1400739811360836,0.16110172495245934,0.015863,4.334171,4.32875382900238,4.346254467964172,0.019981502,4.344171,4.338754057884216,4.356254696846008,0.019981502,1520000.0,1520000.0,1520000.0,0.0
475,0.0,0.0,0.0,0.0,2.0,2.0,2.0,0.0,0.2782638,0.2728940173983574,0.2877000868320465,0.011789871,0.27837452,0.2730056196451187,0.287799708545208,0.011788622,1.0190278,0.9956433475017548,1.0385027825832367,0.03380682,0.095978834,0.09153724275529385,0.1010094154626131,0.007448643,0.095978834,0.09153724275529385,0.1010094154626131,0.007448643,1.0,1.0,1.0,0.0,0.00011073758,0.0001059384630934801,0.00011586101209104527,8.513306e-06,0.0011539288,0.0011434017214924097,0.00115850823931396,1.7393706e-05,-27.134216,-27.395304679870605,-26.809489250183105,0.6984729,2.241906,2.1904590725898743,2.284751772880554,0.07437647,0.74730206,0.7301530539989471,0.7615839391946793,0.024792157,0.14600001,0.13600000739097595,0.16200001165270805,0.024628147,0.0013333334,0.0,0.0,0.003113996,0.15109047,0.13667820021510124,0.15884849801659584,0.01593229,4.344171,4.338754057884216,4.356254696846008,0.019981502,4.3541713,4.348754286766052,4.366254925727844,0.019981502,1523200.0,1523200.0,1523200.0,0.0
476,0.0,0.0,0.0,0.0,2.0,2.0,2.0,0.0,0.27837452,0.2730056196451187,0.287799708545208,0.011788622,0.2784836,0.27311141788959503,0.2879052981734276,0.011789848,1.0223936,1.000786617398262,1.0464770793914795,0.0331048,0.09523031,0.08985519967973232,0.09984267316758633,0.0073765507,0.09523031,0.08985519967973232,0.09984267316758633,0.0073765507,1.0,1.0,1.0,0.0,0.00010905261,0.00010139589539903682,0.0001136349565058481,8.391667e-06,0.0011453066,0.0011348581174388528,0.001149851712398231,1.7263725e-05,-27.200796,-27.75432252883911,-26.83021354675293,0.8178036,2.249311,2.201774537563324,2.3022955656051636,0.072832,0.74977034,0.7339248806238174,0.7674318850040436,0.02427733,0.14600001,0.1340000070631504,0.16600001230835915,0.032741413,0.0,0.0,0.0,0.0,0.15486495,0.13627534732222557,0.16831819713115692,0.020968879,4.3541713,4.348754286766052,4.366254925727844,0.019981502,4.3641715,4.358754515647888,4.37625515460968,0.019981502,1526400.0,1526400.0,1526400.0,0.0
477,0.0,0.0,0.0,0.0,2.0,2.0,2.0,0.0,0.2784836,0.27311141788959503,0.2879052981734276,0.011789848,0.2785945,0.27322813123464584,0.28801630437374115,0.011792049,1.011011,0.9985241144895554,1.0145860016345978,0.023030061,0.0976201,0.09671438857913017,0.10034102201461792,0.0050464193,0.0976201,0.09671438857913017,0.10034102201461792,0.0050464193,1.0,1.0,1.0,0.0,0.00011090711,0.00010892819773289375,0.00011377664122846909,4.6179885e-06,0.0011367487,0.001126378308981657,0.0011412599124014378,1.7134735e-05,-27.30361,-27.59384775161743,-26.93261957168579,0.45446417,2.2242687,2.196796953678131,2.2321338653564453,0.050667137,0.7414229,0.7322656810283661,0.7440446466207504,0.016889041,0.16333334,0.12800000607967377,0.1940000019967556,0.03836033,0.0,0.0,0.0,0.0,0.16118808,0.15256545692682266,0.17159724235534668,0.016342403,4.3641715,4.358754515647888,4.37625515460968,0.019981502,4.3741717,4.368754744529724,4.386255383491516,0.019981502,1529600.0,1529600.0,1529600.0,0.0
478,0.0,0.0,0.0,0.0,2.0,2.0,2.0,0.0,0.2785945,0.27322813123464584,0.28801630437374115,0.011792049,0.2787014,0.27332378923892975,0.28812508285045624,0.011797096,1.0245609,1.0074072182178497,1.0600123405456543,0.036193807,0.09480232,0.08709789253771305,0.09832304529845715,0.0078830505,0.09480232,0.08709789253771305,0.09832304529845715,0.0078830505,1.0,1.0,1.0,0.0,0.00010688844,9.941062307916582e-05,0.00011035639181500301,8.081593e-06,0.0011282548,0.0011179618013557047,0.001132732373662293,1.7006732e-05,-27.358215,-27.984703540802002,-26.968843936920166,0.8977798,2.254079,2.2163400650024414,2.332073748111725,0.07962798,0.7513597,0.7387800365686417,0.7773579508066177,0.026542658,0.15466668,0.12000000476837158,0.18200001120567322,0.053971935,0.0,0.0,0.0,0.0,0.15822504,0.14830955117940903,0.16479158774018288,0.014862942,4.3741717,4.368754744529724,4.386255383491516,0.019981502,4.384172,4.37875497341156,4.396255612373352,0.019981502,1532800.0,1532800.0,1532800.0,0.0
479,0.0,0.0,0.0,0.0,2.0,2.0,2.0,0.0,0.2787014,0.27332378923892975,0.28812508285045624,0.011797096,0.2788085,0.2734328731894493,0.28822675347328186,0.011795137,1.0205477,0.998745322227478,1.0460641980171204,0.031966448,0.09561795,0.08993679285049438,0.100311029702425,0.007125985,0.09561795,0.08993679285049438,0.100311029702425,0.007125985,1.0,1.0,1.0,0.0,0.000107108084,0.00010168751759920269,0.00011210519551241305,8.6404525e-06,0.0011198242,0.0011096083035226911,0.0011242683976888657,1.6879621e-05,-27.417051,-28.101557731628418,-26.9255690574646,0.7730719,2.24525,2.197283625602722,2.301387131214142,0.07032759,0.74841666,0.7324278801679611,0.767129048705101,0.02344253,0.15200001,0.12600000575184822,0.17200001329183578,0.030700903,0.0006666667,0.0,0.0,0.0023094013,0.16184272,0.14395015686750412,0.17581353709101677,0.028634,4.384172,4.37875497341156,4.396255612373352,0.019981502,4.394172,4.388755202293396,4.406255841255188,0.019981502,1536000.0,1536000.0,1536000.0,0.0
480,0.0,0.0,0.0,0.0,2.0,2.0,2.0,0.0,0.2788085,0.2734328731894493,0.28822675347328186,0.011795137,0.27891234,0.27353814989328384,0.2883249372243881,0.011795079,1.030164,1.0101260542869568,1.0460871458053589,0.025955692,0.09344215,0.08993180096149445,0.09770363755524158,0.0055389027,0.09344215,0.08993180096149445,0.09770363755524158,0.0055389027,1.0,1.0,1.0,0.0,0.000103843166,0.00010084381938213482,0.00010861048394872341,6.066881e-06,0.0011114569,0.0011013172043021768,0.0011158676643390208,1.6753505e-05,-27.492683,-28.036107063293457,-27.123536109924316,0.61982256,2.266406,2.222321569919586,2.3014376759529114,0.057103693,0.75546867,0.7407738566398621,0.7671459317207336,0.019034566,0.15333335,0.12600000575184822,0.17000001296401024,0.03841717,0.0,0.0,0.0,0.0,0.15946974,0.15140245109796524,0.166597168892622,0.014708484,4.394172,4.388755202293396,4.406255841255188,0.019981502,4.4041724,4.398755431175232,4.416256070137024,0.019981502,1539200.0,1539200.0,1539200.0,0.0
481,0.0,0.0,0.0,0.0,2.0,2.0,2.0,0.0,0.27891234,0.27353814989328384,0.2883249372243881,0.011795079,0.27901253,0.27364540100097656,0.28842684626579285,0.011798696,1.0141926,0.9734384268522263,1.0387200713157654,0.04463437,0.09078064,0.09147029928863049,0.10631866008043289,0.029564125,0.09724635,0.09147029928863049,0.10631866008043289,0.009749832,0.9166667,1.0,1.0,0.28867513,0.00010017268,0.00010274080887029413,0.00011708501551765949,3.2486365e-05,0.0011031519,0.0010930880380328745,0.0011075297661591321,1.6628339e-05,-27.0401,-27.330949306488037,-26.78560495376587,0.49415144,2.2312682,2.1416072845458984,2.2852298617362976,0.098197564,0.74375606,0.713869109749794,0.7617432922124863,0.032732528,0.1675,0.14000000059604645,0.19249999523162842,0.03720337,0.0,0.0,0.0,0.0,0.14753044,0.13163239136338234,0.16341779753565788,0.017040163,4.4041724,4.398755431175232,4.416256070137024,0.019981502,4.4141726,4.408755660057068,4.42625629901886,0.019981502,1542400.0,1542400.0,1542400.0,0.0
482,0.0,0.0,0.0,0.0,2.0,2.0,2.0,0.0,0.27901253,0.27364540100097656,0.28842684626579285,0.011798696,0.27911642,0.2737519219517708,0.2885338068008423,0.011796893,1.0234579,1.0077796280384064,1.0357138812541962,0.027288577,0.09491164,0.09212169609963894,0.0982277113944292,0.005871193,0.09491164,0.09212169609963894,0.0982277113944292,0.005871193,1.0,1.0,1.0,0.0,0.000103912,0.00010133344221685547,0.00010711439972510561,6.4194965e-06,0.001094909,0.0010849203390534967,0.0010992542665917426,1.6504084e-05,-27.17077,-27.545886516571045,-26.68950128555298,0.7132006,2.2516525,2.2171595096588135,2.2786160111427307,0.060036026,0.7505508,0.7390532046556473,0.7595386952161789,0.02001201,0.154,0.13200000673532486,0.17000001296401024,0.030913372,0.0,0.0,0.0,0.0,0.15585594,0.13928542658686638,0.17120323330163956,0.020775614,4.4141726,4.408755660057068,4.42625629901886,0.019981502,4.424173,4.418755888938904,4.436256527900696,0.019981502,1545600.0,1545600.0,1545600.0,0.0
483,0.0,0.0,0.0,0.0,2.0,2.0,2.0,0.0,0.27911642,0.2737519219517708,0.2885338068008423,0.011796893,0.2792219,0.27385664731264114,0.2886328026652336,0.01179826,1.0135468,0.993280366063118,1.0284503698349,0.026577113,0.097094715,0.09366938099265099,0.1015593558549881,0.005906263,0.097094715,0.09366938099265099,0.1015593558549881,0.005906263,1.0,1.0,1.0,0.0,0.00010547528,0.00010180315621255431,0.00010982015373883769,5.834271e-06,0.0010867278,0.0010768137290142477,0.0010910404671449214,1.6380734e-05,-27.227793,-27.790679454803467,-26.594419956207275,0.867285,2.2298474,2.1852604150772095,2.2626360058784485,0.058470815,0.7432825,0.7284201681613922,0.754212036728859,0.01949027,0.14866668,0.1340000070631504,0.1680000126361847,0.035030723,0.0,0.0,0.0,0.0,0.15395786,0.14130477234721184,0.16271064803004265,0.016668074,4.424173,4.418755888938904,4.436256527900696,0.019981502,4.434173,4.42875611782074,4.446256756782532,0.019981502,1548800.0,1548800.0,1548800.0,0.0
484,0.0,0.0,0.0,0.0,2.0,2.0,2.0,0.0,0.2792219,0.27385664731264114,0.2886328026652336,0.01179826,0.2793276,0.27396319061517715,0.28873954713344574,0.011798555,1.0089637,1.0017412304878235,1.016468346118927,0.012418803,0.09799387,0.09628066420555115,0.09960282407701015,0.0027980166,0.09799387,0.09628066420555115,0.09960282407701015,0.0027980166,1.0,1.0,1.0,0.0,0.0001056793,0.00010427902998344507,0.00010716312317526899,2.7372898e-06,0.0010786076,0.0010687675967346877,0.0010828881349880248,1.6258344e-05,-26.841307,-27.32114028930664,-26.59139347076416,0.65466,2.2197645,2.2038747668266296,2.2362748980522156,0.02732189,0.7399215,0.7346249371767044,0.7454249709844589,0.009107296,0.15733334,0.14400000870227814,0.17600001394748688,0.03416892,0.0,0.0,0.0,0.0,0.15258999,0.14123792573809624,0.16640914231538773,0.015131305,4.434173,4.42875611782074,4.446256756782532,0.019981502,4.4441733,4.438756346702576,4.456256985664368,0.019981502,1552000.0,1552000.0,1552000.0,0.0
485,0.0,0.0,0.0,0.0,2.0,2.0,2.0,0.0,0.2793276,0.27396319061517715,0.28873954713344574,0.011798555,0.27943355,0.27406972646713257,0.28883884847164154,0.011799339,1.0055193,0.9740848988294601,1.0252677202224731,0.034258597,0.09901797,0.09436681494116783,0.10614885576069355,0.007762328,0.09901797,0.09436681494116783,0.10614885576069355,0.007762328,1.0,1.0,1.0,0.0,0.00010597426,0.00010017207750934176,0.0001120750075642718,8.04448e-06,0.0010705482,0.0010607817093841732,0.0010747966007329524,1.6136886e-05,-26.863016,-27.191542625427246,-26.25198221206665,0.75989133,2.2121866,2.143029570579529,2.2556339502334595,0.07537042,0.73739547,0.7143431901931763,0.7518780082464218,0.02512348,0.15533334,0.13200000673532486,0.1640000119805336,0.03866249,0.0,0.0,0.0,0.0,0.15716173,0.14461420848965645,0.16413145139813423,0.014844232,4.4441733,4.438756346702576,4.456256985664368,0.019981502,4.4541736,4.448756575584412,4.466257214546204,0.019981502,1555200.0,1555200.0,1555200.0,0.0
486,0.0,0.0,0.0,0.0,2.0,2.0,2.0,0.0,0.27943355,0.27406972646713257,0.28883884847164154,0.011799339,0.27953777,0.274176649749279,0.28894712775945663,0.011804333,1.009433,0.987487867474556,1.0179211795330048,0.037311245,0.09817364,0.09603100828826427,0.10292347893118858,0.008083247,0.09817364,0.09603100828826427,0.10292347893118858,0.008083247,1.0,1.0,1.0,0.0,0.00010422789,0.00010178559205087367,0.00010852601917576976,7.6351125e-06,0.0010625488,0.0010528553393669426,0.0010667656606528908,1.6016305e-05,-27.217703,-27.502002716064453,-26.888996601104736,0.77833897,2.220797,2.172516644001007,2.2394713163375854,0.08208637,0.74026567,0.7241722345352173,0.7464904636144638,0.027362125,0.16400002,0.14800000935792923,0.18400001525878906,0.029045422,0.0,0.0,0.0,0.0,0.15303439,0.1426990069448948,0.16403689235448837,0.014336063,4.4541736,4.448756575584412,4.466257214546204,0.019981502,4.464174,4.458756804466248,4.4762574434280396,0.019981502,1558400.0,1558400.0,1558400.0,0.0
487,0.0,0.0,0.0,0.0,2.0,2.0,2.0,0.0,0.27953777,0.274176649749279,0.28894712775945663,0.011804333,0.27963758,0.27427538484334946,0.2890532836318016,0.01180255,1.0245359,1.0089891254901886,1.0359675586223602,0.020592038,0.09460455,0.09205206483602524,0.09795213304460049,0.004493781,0.09460455,0.09205206483602524,0.09795213304460049,0.004493781,1.0,1.0,1.0,0.0,9.977936e-05,9.585866428096779e-05,0.00010249634033243638,5.1387196e-06,0.0010546093,0.001044988282956183,0.0010587946162559092,1.589663e-05,-27.300322,-27.522340297698975,-26.852830410003662,0.597457,2.254024,2.2198203802108765,2.2791741490364075,0.045303386,0.75134134,0.7399401515722275,0.7597247213125229,0.015101132,0.13933334,0.1120000034570694,0.15600001066923141,0.032800592,0.0,0.0,0.0,0.0,0.15401398,0.13356592133641243,0.17409247159957886,0.022514954,4.464174,4.458756804466248,4.4762574434280396,0.019981502,4.474174,4.4687570333480835,4.4862576723098755,0.019981502,1561600.0,1561600.0,1561600.0,0.0
488,0.0,0.0,0.0,0.0,2.0,2.0,2.0,0.0,0.27963758,0.27427538484334946,0.2890532836318016,0.01180255,0.27973127,0.27430178970098495,0.2891511917114258,0.011804601,1.0184532,0.9956379532814026,1.0293507277965546,0.03524993,0.08951047,0.09349161200225353,0.10101165063679218,0.028684705,0.096121944,0.09349161200225353,0.10101165063679218,0.007493971,0.9166667,1.0,1.0,0.28867513,9.371242e-05,9.785730981093366e-05,0.00010573252984613646,3.011974e-05,0.0010467292,0.0010371800453867763,0.0010508831473998725,1.5777834e-05,-27.313324,-27.565452098846436,-26.945948123931885,0.81635,2.2406418,2.1904472708702087,2.2646167874336243,0.07755142,0.7468807,0.7301490902900696,0.754872277379036,0.025850475,0.16266668,0.14400000870227814,0.17000001296401024,0.030952556,0.0006666667,0.0,0.0,0.0023094013,0.1531854,0.14031238481402397,0.1672084592282772,0.016053718,4.474174,4.4687570333480835,4.4862576723098755,0.019981502,4.4841743,4.478757262229919,4.496257901191711,0.019981502,1564800.0,1564800.0,1564800.0,0.0
489,0.0,0.0,0.0,0.0,2.0,2.0,2.0,0.0,0.27973127,0.27430178970098495,0.2891511917114258,0.011804601,0.27983138,0.27439267188310623,0.2892574667930603,0.011807935,1.0170571,0.9960681647062302,1.0287311375141144,0.032693036,0.096397825,0.09361180663108826,0.10091056302189827,0.007227132,0.096397825,0.09361180663108826,0.10091056302189827,0.007227132,1.0,1.0,1.0,0.0,0.00010009541,9.608756045054179e-05,0.00010376996578997932,6.861484e-06,0.0010389079,0.0010294301027897745,0.0010430308757349849,1.565994e-05,-27.0146,-27.65876579284668,-26.460180282592773,0.71252584,2.2375703,2.191393733024597,2.263253688812256,0.07192611,0.74585676,0.7304645925760269,0.754417896270752,0.023975376,0.15,0.1340000070631504,0.17200001329183578,0.03238406,0.0006666667,0.0,0.0,0.0023094013,0.15039918,0.14113223925232887,0.15439067408442497,0.015939517,4.4841743,4.478757262229919,4.496257901191711,0.019981502,4.4941745,4.488757491111755,4.506258130073547,0.019981502,1568000.0,1568000.0,1568000.0,0.0
490,0.0,0.0,0.0,0.0,2.0,2.0,2.0,0.0,0.27983138,0.27439267188310623,0.2892574667930603,0.011807935,0.27993086,0.27449650317430496,0.28936324268579483,0.011810437,1.0166533,0.9843675941228867,1.0456629693508148,0.03575463,0.09653491,0.09002260118722916,0.10366533510386944,0.007847136,0.09653491,0.09002260118722916,0.10366533510386944,0.007847136,1.0,1.0,1.0,0.0,9.949395e-05,9.311959911428858e-05,0.00010577737339190207,7.5572375e-06,0.0010311451,0.0010217381350230426,0.0010352372482884675,1.5542935e-05,-27.287527,-27.67156982421875,-26.66964101791382,0.73612434,2.2366817,2.1656519770622253,2.300504505634308,0.07866175,0.74556065,0.7218839973211288,0.7668348401784897,0.026220586,0.16666667,0.1420000083744526,0.1980000026524067,0.040481947,0.0,0.0,0.0,0.0,0.15486102,0.15145452320575714,0.1642683893442154,0.012846519,4.4941745,4.488757491111755,4.506258130073547,0.019981502,4.5041747,4.498757719993591,4.516258358955383,0.019981502,1571200.0,1571200.0,1571200.0,0.0
491,0.0,0.0,0.0,0.0,2.0,2.0,2.0,0.0,0.27993086,0.27449650317430496,0.28936324268579483,0.011810437,0.28002897,0.2745886892080307,0.28946783393621445,0.011815541,1.0193576,0.996073380112648,1.0454956889152527,0.034583993,0.095918484,0.09005455859005451,0.10091692581772804,0.0076205004,0.095918484,0.09005455859005451,0.10091692581772804,0.0076205004,1.0,1.0,1.0,0.0,9.809118e-05,9.21844839467667e-05,0.00010312090307706967,6.8728127e-06,0.0010234403,0.0010141035600099713,0.001027501857606694,1.5426785e-05,-27.127535,-27.570468425750732,-26.730907440185547,0.6575028,2.2426317,2.191405177116394,2.3001365065574646,0.07608628,0.7475439,0.7304684221744537,0.7667121887207031,0.025362091,0.15866667,0.1420000083744526,0.1860000118613243,0.035749972,0.0,0.0,0.0,0.0,0.1514806,0.13975636288523674,0.15252122282981873,0.020167695,4.5041747,4.498757719993591,4.516258358955383,0.019981502,4.514175,4.508757948875427,4.526258587837219,0.019981502,1574400.0,1574400.0,1574400.0,0.0
492,0.0,0.0,0.0,0.0,2.0,2.0,2.0,0.0,0.28002897,0.2745886892080307,0.28946783393621445,0.011815541,0.2801248,0.27468426525592804,0.28956882655620575,0.01181235,1.0265387,0.9989339262247086,1.0522443354129791,0.033861607,0.094333164,0.08867407590150833,0.10024720430374146,0.007290941,0.094333164,0.08867407590150833,0.10024720430374146,0.007290941,1.0,1.0,1.0,0.0,9.584422e-05,8.92800308065489e-05,0.00010282459516020026,7.844952e-06,0.001015793,0.0010065260576084256,0.0010198242089245468,1.5311516e-05,-27.341059,-27.770612716674805,-26.831226348876953,0.61356944,2.2584302,2.1976985931396484,2.3149836659431458,0.07449699,0.75281006,0.7325662225484848,0.7716612368822098,0.024832325,0.16466667,0.15000000968575478,0.17600001394748688,0.028429607,0.0006666667,0.0,0.0,0.0023094013,0.15747207,0.14119503647089005,0.16929735243320465,0.022875488,4.514175,4.508757948875427,4.526258587837219,0.019981502,4.524175,4.518758177757263,4.536258816719055,0.019981502,1577600.0,1577600.0,1577600.0,0.0
493,0.0,0.0,0.0,0.0,2.0,2.0,2.0,0.0,0.2801248,0.27468426525592804,0.28956882655620575,0.01181235,0.28022322,0.274782232940197,0.289667971432209,0.011817614,1.0113246,0.993114709854126,1.0239638984203339,0.03439393,0.097705744,0.09463373012840748,0.10159805975854397,0.007715764,0.097705744,0.09463373012840748,0.10159805975854397,0.007715764,1.0,1.0,1.0,0.0,9.841751e-05,9.470232362218667e-05,0.00010197388837696053,6.612077e-06,0.0010082029,0.0009990051621571183,0.0010122039529960603,1.5197109e-05,-27.201452,-27.26423215866089,-26.977798461914062,0.52290934,2.2249587,2.1848959922790527,2.252765655517578,0.07566814,0.7416529,0.7282986640930176,0.7509219199419022,0.025222724,0.16333334,0.1420000083744526,0.19200001284480095,0.043878622,0.0,0.0,0.0,0.0,0.1606568,0.145961195230484,0.16682887077331543,0.020034647,4.524175,4.518758177757263,4.536258816719055,0.019981502,4.5341754,4.528758406639099,4.546259045600891,0.019981502,1580800.0,1580800.0,1580800.0,0.0
494,0.0,0.0,0.0,0.0,2.0,2.0,2.0,0.0,0.28022322,0.274782232940197,0.289667971432209,0.011817614,0.28031933,0.27488379925489426,0.28976400941610336,0.011819862,1.0180167,0.9960079342126846,1.0362489521503448,0.026823778,0.096105546,0.0919981449842453,0.10093303211033344,0.006004646,0.096105546,0.0919981449842453,0.10093303211033344,0.006004646,1.0,1.0,1.0,0.0,9.612207e-05,9.167639836960007e-05,9.973541091312654e-05,5.2888154e-06,0.0010006694,0.0009915404953062534,0.0010046405950561166,1.50835685e-05,-27.212675,-27.691226482391357,-26.674871921539307,0.77168506,2.2396815,2.1912611722946167,2.2797932624816895,0.059013512,0.7465605,0.7304204255342484,0.7599310874938965,0.019671172,0.16499999,0.14499999210238457,0.1849999912083149,0.034771983,0.0,0.0,0.0,0.0,0.15181251,0.13740860298275948,0.17344970256090164,0.01994981,4.5341754,4.528758406639099,4.546259045600891,0.019981502,4.5441756,4.538758635520935,4.556259274482727,0.019981502,1584000.0,1584000.0,1584000.0,0.0
495,0.0,0.0,0.0,0.0,2.0,2.0,2.0,0.0,0.28031933,0.27488379925489426,0.28976400941610336,0.011819862,0.28041422,0.27497948706150055,0.2898639813065529,0.011820261,1.0209035,1.0001723617315292,1.0514573454856873,0.03326217,0.09555799,0.08882983028888702,0.09996760077774525,0.007347151,0.09555799,0.08882983028888702,0.09996760077774525,0.007347151,1.0,1.0,1.0,0.0,9.4895244e-05,8.77781531016808e-05,9.984435564547312e-05,7.267279e-06,0.0009931923,0.0009841315331868827,0.0009971339022740722,1.49708785e-05,-27.211487,-27.788142204284668,-26.632660388946533,0.77531296,2.2460325,2.2004231810569763,2.3132523894309998,0.073178224,0.7486775,0.7334744185209274,0.7710841447114944,0.024392735,0.172,0.1640000119805336,0.1940000019967556,0.039265994,0.0006666667,0.0,0.0,0.0023094013,0.15703058,0.14004983752965927,0.16650386154651642,0.023561103,4.5441756,4.538758635520935,4.556259274482727,0.019981502,4.554176,4.548758864402771,4.566259503364563,0.019981502,1587200.0,1587200.0,1587200.0,0.0
496,0.0,0.0,0.0,0.0,2.0,2.0,2.0,0.0,0.28041422,0.27497948706150055,0.2898639813065529,0.011820261,0.28051394,0.27508311718702316,0.2899615913629532,0.011819886,0.99559766,0.9821440875530243,1.0069377422332764,0.02548488,0.101177394,0.09842233546078205,0.10419720597565174,0.005886402,0.101177394,0.09842233546078205,0.10419720597565174,0.005886402,1.0,1.0,1.0,0.0,9.971115e-05,9.712278915685602e-05,0.00010217728959105443,5.507578e-06,0.0009857711,0.0009767780284164473,0.0009896832052618265,1.4859002e-05,-27.041855,-27.495474815368652,-26.563899040222168,0.56504667,2.1903586,2.1607601046562195,2.215307354927063,0.05606788,0.7301195,0.7202533930540085,0.7384357899427414,0.018689295,0.15733334,0.12600000575184822,0.18800001218914986,0.0396836,0.0,0.0,0.0,0.0,0.1504998,0.14059432595968246,0.16003083437681198,0.014471975,4.554176,4.548758864402771,4.566259503364563,0.019981502,4.564176,4.558759093284607,4.576259732246399,0.019981502,1590400.0,1590400.0,1590400.0,0.0
497,0.0,0.0,0.0,0.0,2.0,2.0,2.0,0.0,0.28051394,0.27508311718702316,0.2899615913629532,0.011819886,0.28060815,0.27517466247081757,0.29005059599876404,0.011821755,1.0172373,0.9981057643890381,1.0383245348930359,0.02923389,0.096310586,0.09155384264886379,0.10045004449784756,0.006585829,0.096310586,0.09155384264886379,0.10045004449784756,0.006585829,1.0,1.0,1.0,0.0,9.4200135e-05,8.893700942280702e-05,9.78335265244823e-05,6.088795e-06,0.0009784052,0.0009694793552625924,0.0009822880965657532,1.47479495e-05,-27.301468,-27.53727912902832,-27.092803955078125,0.43337795,2.2379668,2.1958765983581543,2.284359574317932,0.064315826,0.745989,0.7319588661193848,0.7614531964063644,0.021438604,0.17533334,0.15800001099705696,0.18800001218914986,0.029236756,0.0,0.0,0.0,0.0,0.15489371,0.14563630893826485,0.16250885277986526,0.010607238,4.564176,4.558759093284607,4.576259732246399,0.019981502,4.5741763,4.568759322166443,4.586259961128235,0.019981502,1593600.0,1593600.0,1593600.0,0.0
498,0.0,0.0,0.0,0.0,2.0,2.0,2.0,0.0,0.28060815,0.27517466247081757,0.29005059599876404,0.011821755,0.28069976,0.2752663865685463,0.290136493742466,0.011823781,1.0267327,0.9971178025007248,1.0596124827861786,0.038651224,0.09437275,0.08717474713921547,0.10068093985319138,0.008420712,0.09437275,0.08717474713921547,0.10068093985319138,0.008420712,1.0,1.0,1.0,0.0,9.160776e-05,8.513357170158997e-05,9.972064981411677e-05,7.837249e-06,0.00097109453,0.0009622354409657419,0.000974948299699463,1.4637761e-05,-27.187584,-27.863197803497314,-26.492918014526367,0.84790915,2.258857,2.19370299577713,2.331194043159485,0.0850344,0.75295234,0.7312343567609787,0.7770646959543228,0.028344797,0.16000001,0.12000000476837158,0.19600000232458115,0.047390066,0.0006666667,0.0,0.0,0.0023094013,0.15561268,0.14184051752090454,0.17001555487513542,0.018387463,4.5741763,4.568759322166443,4.586259961128235,0.019981502,4.5841765,4.578759551048279,4.596260190010071,0.019981502,1596800.0,1596800.0,1596800.0,0.0
499,0.0,0.0,0.0,0.0,2.0,2.0,2.0,0.0,0.28069976,0.2752663865685463,0.290136493742466,0.011823781,0.2807926,0.2753603234887123,0.2902308776974678,0.01182322,1.0166186,1.0005391836166382,1.0343246459960938,0.020536557,0.09634447,0.09240080416202545,0.0998761709779501,0.0045623532,0.09634447,0.09240080416202545,0.0998761709779501,0.0045623532,1.0,1.0,1.0,0.0,9.283845e-05,9.086949830816593e-05,9.477521780354436e-05,4.0960035e-06,0.0009638385,0.0009550454415148124,0.000967663450865075,1.4528395e-05,-27.029306,-27.75413227081299,-26.33832311630249,0.677802,2.2366056,2.2012301683425903,2.275559663772583,0.04518132,0.7455353,0.7337433993816376,0.7585199177265167,0.015060442,0.16000001,0.1340000070631504,0.18000001087784767,0.032361593,0.0006666667,0.0,0.0,0.0023094013,0.15909918,0.1445310413837433,0.1696266159415245,0.018755695,4.5841765,4.578759551048279,4.596260190010071,0.019981502,4.594177,4.588759779930115,4.606260418891907,0.019981502,1600000.0,1600000.0,1600000.0,0.0
500,0.0,0.0,0.0,0.0,2.0,2.0,2.0,0.0,0.2807926,0.2753603234887123,0.2902308776974678,0.01182322,0.28088567,0.27545590698719025,0.29032135754823685,0.011823585,1.0136963,0.9898489117622375,1.0503720343112946,0.04086852,0.09728607,0.08904882706701756,0.1023978739976883,0.0090364115,0.09728607,0.08904882706701756,0.1023978739976883,0.0090364115,1.0,1.0,1.0,0.0,9.306771e-05,8.666572830406949e-05,9.978592242987361e-05,8.712939e-06,0.00095663645,0.0009479091968387365,0.0009604329825378954,1.4419831e-05,-27.201118,-27.586533546447754,-26.748127937316895,0.94307846,2.2301764,2.1777111291885376,2.3108646869659424,0.08991258,0.74339217,0.7259037345647812,0.7702882587909698,0.029970855,0.15200001,0.12400000542402267,0.17800001427531242,0.039927207,0.0,0.0,0.0,0.0,0.15394235,0.13967425376176834,0.16003765910863876,0.019644022,4.594177,4.588759779930115,4.606260418891907,0.019981502,4.604177,4.598760008811951,4.616260647773743,0.019981502,1603200.0,1603200.0,1603200.0,0.0
501,0.0,0.0,0.0,0.0,2.0,2.0,2.0,0.0,0.28088567,0.27545590698719025,0.29032135754823685,0.011823585,0.28096926,0.27552519738674164,0.29041286557912827,0.011830368,1.0259609,1.0045526027679443,1.036309391260147,0.04071942,0.0881206,0.09205510653555393,0.09896165132522583,0.02851948,0.09456756,0.09205510653555393,0.09896165132522583,0.008521015,0.9166667,1.0,1.0,0.28867513,8.3597806e-05,8.881009307515342e-05,9.28529061638983e-05,2.6920643e-05,0.0009494883,0.0009408262994838879,0.0009532564581604674,1.4312092e-05,-27.687346,-28.141306400299072,-27.234200477600098,0.68634593,2.2571592,2.2100598216056824,2.279926300048828,0.08958453,0.7523864,0.7366866171360016,0.7599754631519318,0.02986151,0.164,0.13600000739097595,0.1940000019967556,0.035203304,0.0,0.0,0.0,0.0,0.16190822,0.15819422155618668,0.16646858304738998,0.012990173,4.604177,4.598760008811951,4.616260647773743,0.019981502,4.614177,4.608760237693787,4.626260876655579,0.019981502,1606400.0,1606400.0,1606400.0,0.0
502,0.0,0.0,0.0,0.0,2.0,2.0,2.0,0.0,0.28096926,0.27552519738674164,0.29041286557912827,0.011830368,0.28105277,0.2756164148449898,0.2905011475086212,0.011831566,1.0237553,1.0018596649169922,1.0398804545402527,0.040011454,0.08868685,0.0912288036197424,0.09960879571735859,0.028579473,0.095037766,0.0912288036197424,0.09960879571735859,0.008479554,0.9166667,1.0,1.0,0.28867513,8.349868e-05,8.669431190355681e-05,9.343675992568024e-05,2.6837582e-05,0.0009423937,0.0009337963274447247,0.0009461336303502321,1.420514e-05,-27.44406,-27.805545330047607,-27.069401264190674,1.031873,2.2523067,2.2041353583335876,2.2877827286720276,0.088026956,0.7507689,0.7347118109464645,0.7625942826271057,0.029342314,0.16600001,0.14000000804662704,0.1940000019967556,0.04921197,0.0,0.0,0.0,0.0,0.15343432,0.14451723918318748,0.16602277383208275,0.01231693,4.614177,4.608760237693787,4.626260876655579,0.019981502,4.6241775,4.618760466575623,4.6362611055374146,0.019981502,1609600.0,1609600.0,1609600.0,0.0
503,0.0,0.0,0.0,0.0,2.0,2.0,2.0,0.0,0.28105277,0.2756164148449898,0.2905011475086212,0.011831566,0.28114057,0.27570706605911255,0.2905926778912544,0.011829612,1.0294449,1.0031879395246506,1.0639081001281738,0.042745776,0.09386598,0.08631870895624161,0.09927359037101269,0.0094302045,0.09386598,0.08631870895624161,0.09927359037101269,0.0094302045,1.0,1.0,1.0,0.0,8.779828e-05,8.229623381339479e-05,9.377350761496928e-05,8.927505e-06,0.000935352,0.0009268189314752817,0.0009390639752382413,1.4099024e-05,-27.210228,-28.00158977508545,-26.6105637550354,1.056096,2.264824,2.2070575952529907,2.3406444787979126,0.09404258,0.7549414,0.7356858998537064,0.7802148312330246,0.03134752,0.15,0.12400000542402267,0.17200001329183578,0.04356813,0.0,0.0,0.0,0.0,0.1587165,0.14540059864521027,0.16776296123862267,0.018261442,4.6241775,4.618760466575623,4.6362611055374146,0.019981502,4.6341777,4.6287606954574585,4.6462613344192505,0.019981502,1612800.0,1612800.0,1612800.0,0.0
504,0.0,0.0,0.0,0.0,2.0,2.0,2.0,0.0,0.28114057,0.27570706605911255,0.2905926778912544,0.011829612,0.28123242,0.27580276131629944,0.2906910255551338,0.011828277,1.0053099,0.9877480268478394,1.02663853764534,0.025942383,0.09894604,0.0940508022904396,0.102861437946558,0.0058878902,0.09894604,0.0940508022904396,0.102861437946558,0.0058878902,1.0,1.0,1.0,0.0,9.185235e-05,8.686515138833784e-05,9.574975956638809e-05,5.4817633e-06,0.000928363,0.0009198936022585258,0.0009320471581304446,1.3993655e-05,-27.156229,-27.610233306884766,-26.85657787322998,0.6710066,2.211726,2.173089027404785,2.2586498856544495,0.05707438,0.737242,0.7243630141019821,0.7528833150863647,0.01902479,0.16533335,0.12600000575184822,0.1940000019967556,0.043058805,0.0013333334,0.0,0.0,0.003113996,0.15515138,0.14752094447612762,0.16679807752370834,0.012940148,4.6341777,4.6287606954574585,4.6462613344192505,0.019981502,4.644178,4.638760924339294,4.656261563301086,0.019981502,1616000.0,1616000.0,1616000.0,0.0
505,0.0,0.0,0.0,0.0,2.0,2.0,2.0,0.0,0.28123242,0.27580276131629944,0.2906910255551338,0.011828277,0.2813233,0.2758905589580536,0.2907776013016701,0.011830213,1.0063459,0.9947094768285751,1.0210493803024292,0.02356658,0.098682486,0.09527816995978355,0.10122848488390446,0.0053550866,0.098682486,0.09527816995978355,0.10122848488390446,0.0053550866,1.0,1.0,1.0,0.0,9.089653e-05,8.779901509115007e-05,9.268229769077152e-05,4.455981e-06,0.0009214261,0.0009130200633080676,0.0009250828297808766,1.3889082e-05,-27.153183,-27.59718084335327,-26.651053428649902,0.5678486,2.2140052,2.1884045004844666,2.246353507041931,0.051847525,0.73800176,0.7294681817293167,0.7487845420837402,0.017282506,0.16466667,0.1340000070631504,0.17800001427531242,0.036174662,0.0006666667,0.0,0.0,0.0023094013,0.15778556,0.14981307461857796,0.16575025394558907,0.0121571105,4.644178,4.638760924339294,4.656261563301086,0.019981502,4.654178,4.64876115322113,4.666261792182922,0.019981502,1619200.0,1619200.0,1619200.0,0.0
506,0.0,0.0,0.0,0.0,2.0,2.0,2.0,0.0,0.2813233,0.2758905589580536,0.2907776013016701,0.011830213,0.28140655,0.2759779021143913,0.2908630967140198,0.011846611,1.0109068,0.9881525486707687,1.025576114654541,0.03950801,0.091301344,0.09428161382675171,0.10277868993580341,0.029393269,0.09787982,0.09428161382675171,0.10277868993580341,0.00853397,0.9166667,1.0,1.0,0.28867513,8.326148e-05,8.553930092602968e-05,9.37465392780723e-05,2.6792575e-05,0.00091454113,0.0009061978926183656,0.0009181705099763349,1.3785291e-05,-27.038841,-27.478699207305908,-26.38212251663208,0.8683483,2.2240393,2.1739790439605713,2.256312608718872,0.08691935,0.7413464,0.7246596962213516,0.7521042078733444,0.028973116,0.16400002,0.15800001099705696,0.17800001427531242,0.037755195,0.0,0.0,0.0,0.0,0.15271308,0.14837616309523582,0.16100754588842392,0.0165232,4.654178,4.64876115322113,4.666261792182922,0.019981502,4.6641784,4.658761382102966,4.676262021064758,0.019981502,1622400.0,1622400.0,1622400.0,0.0
507,0.0,0.0,0.0,0.0,2.0,2.0,2.0,0.0,0.28140655,0.2759779021143913,0.2908630967140198,0.011846611,0.28149578,0.2760719880461693,0.29094207286834717,0.011847635,1.0087434,0.9876429587602615,1.020163506269455,0.036759052,0.098320685,0.09546493738889694,0.10288946703076363,0.007998282,0.098320685,0.09546493738889694,0.10288946703076363,0.007998282,1.0,1.0,1.0,0.0,8.920938e-05,8.80053030414274e-05,9.314878479926847e-05,6.890721e-06,0.00090770755,0.0008994266536319628,0.0009113098349189386,1.3682296e-05,-27.153734,-27.585408687591553,-26.540017127990723,0.82946527,2.2192798,2.172857880592346,2.24440461397171,0.080871575,0.7397599,0.7242859750986099,0.7481349110603333,0.026957192,0.15666667,0.1424999926239252,0.17000000178813934,0.035760146,0.0,0.0,0.0,0.0,0.15432681,0.1433185115456581,0.1647832728922367,0.018528141,4.6641784,4.658761382102966,4.676262021064758,0.019981502,4.6741786,4.668761610984802,4.686262249946594,0.019981502,1625600.0,1625600.0,1625600.0,0.0
508,0.0,0.0,0.0,0.0,2.0,2.0,2.0,0.0,0.28149578,0.2760719880461693,0.29094207286834717,0.011847635,0.28158343,0.27615613490343094,0.2910200282931328,0.011848745,1.0130512,0.9895990490913391,1.0284399390220642,0.034224734,0.09731587,0.09366222284734249,0.10242686048150063,0.007669691,0.09731587,0.09366222284734249,0.10242686048150063,0.007669691,1.0,1.0,1.0,0.0,8.765503e-05,8.53074379847385e-05,9.21087121241726e-05,6.7082765e-06,0.0009009251,0.0008927060262067243,0.0009045004699146375,1.3580062e-05,-27.283857,-27.335453510284424,-27.021605968475342,0.6929082,2.228757,2.1771613359451294,2.26261305809021,0.07529593,0.74291897,0.7257204800844193,0.7542043924331665,0.025098637,0.14533333,0.1340000070631504,0.15400001034140587,0.028709624,0.0,0.0,0.0,0.0,0.1615837,0.14126357063651085,0.17442084848880768,0.026270404,4.6741786,4.668761610984802,4.686262249946594,0.019981502,4.684179,4.678761839866638,4.69626247882843,0.019981502,1628800.0,1628800.0,1628800.0,0.0
509,0.0,0.0,0.0,0.0,2.0,2.0,2.0,0.0,0.28158343,0.27615613490343094,0.2910200282931328,0.011848745,0.2816715,0.2762395888566971,0.2911076173186302,0.011852312,1.0079887,0.9926252514123917,1.0346538424491882,0.037359342,0.09852337,0.09233217872679234,0.10171915404498577,0.008961505,0.09852337,0.09233217872679234,0.10171915404498577,0.008961505,1.0,1.0,1.0,0.0,8.8048015e-05,8.358300328836776e-05,8.978780351753812e-05,7.459166e-06,0.00089419325,0.0008860356610966846,0.0008977419201983139,1.3478576e-05,-27.202988,-27.724562644958496,-26.933573722839355,0.9891572,2.2176192,2.1838191151618958,2.276283860206604,0.08219217,0.7392065,0.7279397249221802,0.7587613165378571,0.027397394,0.172,0.15000000968575478,0.1860000118613243,0.039413888,0.0,0.0,0.0,0.0,0.1483176,0.1425934061408043,0.15719635784626007,0.015304393,4.684179,4.678761839866638,4.69626247882843,0.019981502,4.694179,4.688762068748474,4.706262707710266,0.019981502,1632000.0,1632000.0,1632000.0,0.0
510,0.0,0.0,0.0,0.0,2.0,2.0,2.0,0.0,0.2816715,0.2762395888566971,0.2911076173186302,0.011852312,0.28175107,0.27632685005664825,0.2911946177482605,0.011868474,1.0165367,0.9973666071891785,1.02456733584404,0.03463258,0.08992902,0.09451086446642876,0.10060874372720718,0.0287717,0.09653797,0.09451086446642876,0.10060874372720718,0.0074307257,0.9166667,1.0,1.0,0.28867513,7.959123e-05,8.32633759273449e-05,8.863026414474007e-05,2.5458405e-05,0.00088751176,0.0008794151217443869,0.0008910338074201718,1.3377867e-05,-27.198837,-27.92573833465576,-26.690641403198242,0.8685298,2.2364254,2.1942503452301025,2.2540931701660156,0.076193206,0.7454751,0.7314168214797974,0.7513643950223923,0.025397737,0.15466668,0.14400000870227814,0.18800001218914986,0.0492366,0.0,0.0,0.0,0.0,0.15235963,0.1347319893538952,0.1588723212480545,0.02381255,4.694179,4.688762068748474,4.706262707710266,0.019981502,4.7041793,4.69876229763031,4.716262936592102,0.019981502,1635200.0,1635200.0,1635200.0,0.0
511,0.0,0.0,0.0,0.0,2.0,2.0,2.0,0.0,0.28175107,0.27632685005664825,0.2911946177482605,0.011868474,0.28183547,0.2764173522591591,0.29127755016088486,0.011870124,1.0200483,0.9842328429222107,1.0431255996227264,0.039909866,0.09585767,0.090547701343894,0.10370040312409401,0.008764979,0.09585767,0.090547701343894,0.10370040312409401,0.008764979,1.0,1.0,1.0,0.0,8.441072e-05,8.013642400328536e-05,9.094190136238467e-05,7.4836553e-06,0.0008808802,0.0008728440006962046,0.0008843760151648894,1.3277927e-05,-27.268557,-27.80666160583496,-26.77297878265381,0.7429434,2.244151,2.1653554439544678,2.294922113418579,0.08780347,0.7480504,0.7217851877212524,0.764974057674408,0.029267818,0.16533335,0.15000000968575478,0.1860000118613243,0.035340767,0.0013333334,0.0,0.0,0.003113996,0.15303802,0.14055997133255005,0.166388887912035,0.017135518,4.7041793,4.69876229763031,4.716262936592102,0.019981502,4.7141795,4.708762526512146,4.726263165473938,0.019981502,1638400.0,1638400.0,1638400.0,0.0
512,0.0,0.0,0.0,0.0,2.0,2.0,2.0,0.0,0.28183547,0.2764173522591591,0.29127755016088486,0.011870124,0.28191897,0.2764974385499954,0.2913566082715988,0.011871898,1.0209314,1.0021445751190186,1.0456023812294006,0.030087054,0.09550381,0.09003251045942307,0.0995133500546217,0.0065845293,0.09550381,0.09003251045942307,0.0995133500546217,0.0065845293,1.0,1.0,1.0,0.0,8.347627e-05,7.817891309969127e-05,8.883110785973258e-05,5.560395e-06,0.0008742981,0.0008663219632580876,0.0008777678158367053,1.3178713e-05,-27.186487,-27.774470806121826,-26.743988513946533,0.65480566,2.2460938,2.204762041568756,2.3003711104393005,0.06619285,0.74869794,0.7349207103252411,0.7667903900146484,0.022064285,0.14133334,0.11800000444054604,0.15600001066923141,0.044258196,0.0006666667,0.0,0.0,0.0023094013,0.15056758,0.13264482840895653,0.16880711168050766,0.020389369,4.7141795,4.708762526512146,4.726263165473938,0.019981502,4.7241797,4.718762755393982,4.736263394355774,0.019981502,1641600.0,1641600.0,1641600.0,0.0
513,0.0,0.0,0.0,0.0,2.0,2.0,2.0,0.0,0.28191897,0.2764974385499954,0.2913566082715988,0.011871898,0.28200343,0.2765701115131378,0.29144027829170227,0.01187282,1.0131601,0.9926283806562424,1.0363701283931732,0.037936747,0.097353786,0.09196888096630573,0.10171218402683735,0.008469772,0.097353786,0.09196888096630573,0.10171218402683735,0.008469772,1.0,1.0,1.0,0.0,8.446025e-05,7.915141577541362e-05,8.780368079897016e-05,7.164211e-06,0.0008677652,0.0008598487329436466,0.0008712090348126367,1.3080219e-05,-26.989195,-27.620363235473633,-26.567368507385254,0.7409273,2.2289968,2.1838260293006897,2.280059814453125,0.08346249,0.7429989,0.7279420346021652,0.7600199431180954,0.027820831,0.15666668,0.1340000070631504,0.17800001427531242,0.03633514,0.0,0.0,0.0,0.0,0.15163721,0.14238747209310532,0.15858924016356468,0.012098731,4.7241797,4.718762755393982,4.736263394355774,0.019981502,4.73418,4.728762984275818,4.74626362323761,0.019981502,1644800.0,1644800.0,1644800.0,0.0
514,0.0,0.0,0.0,0.0,2.0,2.0,2.0,0.0,0.28200343,0.2765701115131378,0.29144027829170227,0.01187282,0.28208518,0.27664734423160553,0.2915262058377266,0.0118752895,1.0229145,0.9969455748796463,1.0422245264053345,0.023326913,0.0949864,0.09073629975318909,0.10070578008890152,0.005123722,0.0949864,0.09073629975318909,0.10070578008890152,0.005123722,1.0,1.0,1.0,0.0,8.1770595e-05,7.904666563263163e-05,8.583642556914128e-05,3.7345465e-06,0.00086128124,0.0008534238586435094,0.000864699250087142,1.2982502e-05,-27.294807,-27.675952434539795,-26.980725288391113,0.4525418,2.2504568,2.193324029445648,2.2929396629333496,0.051320218,0.7501523,0.7311080396175385,0.7643132358789444,0.017106738,0.15733334,0.14600000903010368,0.17000001296401024,0.022455346,0.0006666667,0.0,0.0,0.0023094013,0.1610716,0.15182459726929665,0.1677507683634758,0.011979394,4.73418,4.728762984275818,4.74626362323761,0.019981502,4.74418,4.738763213157654,4.756263852119446,0.019981502,1648000.0,1648000.0,1648000.0,0.0
515,0.0,0.0,0.0,0.0,2.0,2.0,2.0,0.0,0.28208518,0.27664734423160553,0.2915262058377266,0.0118752895,0.2821583,0.2767210081219673,0.2916121929883957,0.01188658,1.0370041,1.003128558397293,1.056883543729782,0.042491805,0.085701905,0.0877488013356924,0.09928401373326778,0.028104577,0.09223435,0.0877488013356924,0.09928401373326778,0.008970255,0.9166667,1.0,1.0,0.28867513,7.3075695e-05,7.410859507217538e-05,8.481070290144999e-05,2.3932402e-05,0.0008548456,0.0008470469911117107,0.0008582380978623405,1.2885487e-05,-27.632355,-28.0381178855896,-27.30574083328247,0.6876711,2.2814548,2.2069268226623535,2.325190246105194,0.09348388,0.76048493,0.7356422990560532,0.7750634551048279,0.031161297,0.15266667,0.12800000607967377,0.17200001329183578,0.027808873,0.0,0.0,0.0,0.0,0.16116577,0.1495734192430973,0.17417576909065247,0.019268235,4.74418,4.738763213157654,4.756263852119446,0.019981502,4.7541804,4.74876344203949,4.766264081001282,0.019981502,1651200.0,1651200.0,1651200.0,0.0
516,0.0,0.0,0.0,0.0,2.0,2.0,2.0,0.0,0.2821583,0.2767210081219673,0.2916121929883957,0.01188658,0.2822328,0.27678439766168594,0.2916942611336708,0.011892166,1.0270821,1.008427619934082,1.0343378782272339,0.0359205,0.08791736,0.09239845350384712,0.0980781801044941,0.028067576,0.09423917,0.09239845350384712,0.0980781801044941,0.0073976056,0.9166667,1.0,1.0,0.28867513,7.453672e-05,7.96209460531827e-05,8.18192056613043e-05,2.3692184e-05,0.00084845815,0.0008407177811022848,0.0008518252725480124,1.27892035e-05,-27.390358,-27.363720893859863,-26.97512674331665,1.0943273,2.2596257,2.2185850143432617,2.275588870048523,0.07902667,0.75320864,0.7395283430814743,0.7585296630859375,0.026342226,0.14466667,0.12800000607967377,0.16200001165270805,0.028836006,0.0,0.0,0.0,0.0,0.15424307,0.13884883373975754,0.1651536338031292,0.01777045,4.7541804,4.74876344203949,4.766264081001282,0.019981502,4.7641807,4.758763670921326,4.776264309883118,0.019981502,1654400.0,1654400.0,1654400.0,0.0
517,0.0,0.0,0.0,0.0,2.0,2.0,2.0,0.0,0.2822328,0.27678439766168594,0.2916942611336708,0.011892166,0.28231364,0.2768700271844864,0.2917712926864624,0.01189361,1.0185571,0.9988715499639511,1.0394784808158875,0.03178647,0.09605026,0.09131530858576298,0.10026317276060581,0.0069284053,0.09605026,0.09131530858576298,0.10026317276060581,0.0069284053,1.0,1.0,1.0,0.0,8.084894e-05,7.83964842412388e-05,8.424581210420001e-05,5.4068164e-06,0.00084211834,0.000834435792057775,0.0008454603084828705,1.2693649e-05,-27.200659,-27.41820764541626,-26.97386074066162,0.67099,2.2408705,2.1975613236427307,2.286898374557495,0.06993164,0.7469568,0.7325204759836197,0.7622994929552078,0.023310538,0.16000001,0.15200001001358032,0.17600001394748688,0.029541958,0.0,0.0,0.0,0.0,0.15034388,0.14021990075707436,0.16218186542391777,0.014872563,4.7641807,4.758763670921326,4.776264309883118,0.019981502,4.774181,4.768763899803162,4.786264538764954,0.019981502,1657600.0,1657600.0,1657600.0,0.0
518,0.0,0.0,0.0,0.0,2.0,2.0,2.0,0.0,0.28231364,0.2768700271844864,0.2917712926864624,0.01189361,0.28239417,0.27695320546627045,0.29186463356018066,0.011898208,1.0183202,0.9879060536623001,1.0483258366584778,0.04959847,0.09644105,0.08948620781302452,0.10282517597079277,0.010933912,0.09644105,0.08948620781302452,0.10282517597079277,0.010933912,1.0,1.0,1.0,0.0,8.05154e-05,7.508936687372625e-05,8.541599345335271e-05,8.274665e-06,0.0008358259,0.0008282007620437071,0.0008391429728362709,1.2598798e-05,-27.15286,-27.989978313446045,-26.326056480407715,1.0285485,2.2403493,2.17343670129776,2.306362807750702,0.10911883,0.7467831,0.7244789153337479,0.7687876373529434,0.03637294,0.16000001,0.14400000870227814,0.18400001525878906,0.027502067,0.0,0.0,0.0,0.0,0.15188937,0.13915544003248215,0.1656031422317028,0.020259615,4.774181,4.768763899803162,4.786264538764954,0.019981502,4.784181,4.778764128684998,4.7962647676467896,0.019981502,1660800.0,1660800.0,1660800.0,0.0
519,0.0,0.0,0.0,0.0,2.0,2.0,2.0,0.0,0.28239417,0.27695320546627045,0.29186463356018066,0.011898208,0.28247324,0.27702977508306503,0.2919457256793976,0.0119029,1.0220037,1.0015266835689545,1.0406855344772339,0.039272115,0.09541473,0.09105753339827061,0.09970959834754467,0.008567728,0.09541473,0.09105753339827061,0.09970959834754467,0.008567728,1.0,1.0,1.0,0.0,7.907478e-05,7.54845495976042e-05,8.219325536629185e-05,6.2147074e-06,0.00082958053,0.0008220123709179461,0.0008328727708430961,1.2504652e-05,-27.348955,-27.929142475128174,-26.919384956359863,0.682228,2.248453,2.2034027576446533,2.2895538806915283,0.08640037,0.74948436,0.7344675958156586,0.7631846517324448,0.028800113,0.15133335,0.12800000607967377,0.17000001296401024,0.028429605,0.0,0.0,0.0,0.0,0.15832463,0.1450440175831318,0.16575730592012405,0.018756447,4.784181,4.778764128684998,4.7962647676467896,0.019981502,4.7941813,4.7887643575668335,4.8062649965286255,0.019981502,1664000.0,1664000.0,1664000.0,0.0
520,0.0,0.0,0.0,0.0,2.0,2.0,2.0,0.0,0.28247324,0.27702977508306503,0.2919457256793976,0.0119029,0.28254542,0.27710792422294617,0.292022705078125,0.011914292,1.0282646,1.008207231760025,1.032971054315567,0.040643536,0.08785036,0.09268916584551334,0.09814669750630856,0.028242104,0.09406293,0.09268916584551334,0.09814669750630856,0.008365617,0.9166667,1.0,1.0,0.28867513,7.215156e-05,7.610207649122458e-05,8.084628825599793e-05,2.3167695e-05,0.0008233818,0.0008158702548826113,0.0008266493823612109,1.2411204e-05,-27.466234,-27.954834461212158,-26.82628059387207,0.95620334,2.2622273,2.2181003093719482,2.2725817561149597,0.08941755,0.75407577,0.7393667995929718,0.7575272619724274,0.029805856,0.16083333,0.14749999716877937,0.17500000074505806,0.0382476,0.0,0.0,0.0,0.0,0.15829353,0.1508944034576416,0.16074789687991142,0.01845264,4.7941813,4.7887643575668335,4.8062649965286255,0.019981502,4.8041816,4.798764586448669,4.816265225410461,0.019981502,1667200.0,1667200.0,1667200.0,0.0
521,0.0,0.0,0.0,0.0,2.0,2.0,2.0,0.0,0.28254542,0.27710792422294617,0.292022705078125,0.011914292,0.28262082,0.277185782790184,0.2920982390642166,0.011928866,1.0056986,0.9819634556770325,1.0281612575054169,0.042582422,0.09253901,0.09372157417237759,0.10424058698117733,0.029971218,0.09912329,0.09372157417237759,0.10424058698117733,0.009440293,0.9166667,1.0,1.0,0.28867513,7.543661e-05,7.553916293545626e-05,8.485540820402093e-05,2.4501875e-05,0.00081722945,0.0008097739628283307,0.0008204726618714631,1.2318492e-05,-27.178255,-27.874784469604492,-26.345938682556152,0.9425012,2.212581,2.1603627800941467,2.2619999647140503,0.09368318,0.7375271,0.7201209366321564,0.7539999932050705,0.03122773,0.16866668,0.15000000968575478,0.1940000019967556,0.036013465,0.0,0.0,0.0,0.0,0.15113896,0.14086928963661194,0.15615518018603325,0.021417027,4.8041816,4.798764586448669,4.816265225410461,0.019981502,4.814182,4.808764815330505,4.826265454292297,0.019981502,1670400.0,1670400.0,1670400.0,0.0
522,0.0,0.0,0.0,0.0,2.0,2.0,2.0,0.0,0.28262082,0.277185782790184,0.2920982390642166,0.011928866,0.2827,0.27725739032030106,0.2921864241361618,0.011931238,1.011824,0.9705029726028442,1.0398996770381927,0.039046798,0.09767944,0.09122469462454319,0.10703188180923462,0.008930661,0.09767944,0.09122469462454319,0.10703188180923462,0.008930661,1.0,1.0,1.0,0.0,7.917438e-05,7.42326501494972e-05,8.626640010334086e-05,6.61697e-06,0.000811123,0.0008037231746129692,0.0008143419836414978,1.2226445e-05,-26.937628,-27.70965814590454,-26.28932809829712,0.9143106,2.2260573,2.135149121284485,2.2878249287605286,0.085904665,0.7420192,0.7117164134979248,0.7626083493232727,0.02863489,0.15333334,0.11800000444054604,0.1860000118613243,0.042446405,0.0,0.0,0.0,0.0,0.15453357,0.1448907069861889,0.1605720892548561,0.016787622,4.814182,4.808764815330505,4.826265454292297,0.019981502,4.824182,4.818765044212341,4.836265683174133,0.019981502,1673600.0,1673600.0,1673600.0,0.0
523,0.0,0.0,0.0,0.0,2.0,2.0,2.0,0.0,0.2827,0.27725739032030106,0.2921864241361618,0.011931238,0.2827776,0.27733246237039566,0.29226361960172653,0.011932899,1.0172817,1.0006622076034546,1.033829689025879,0.03761337,0.09642746,0.09251406230032444,0.09984762780368328,0.008270452,0.09642746,0.09251406230032444,0.09984762780368328,0.008270452,1.0,1.0,1.0,0.0,7.760001e-05,7.428945355059113e-05,8.140003592416178e-05,6.397174e-06,0.0008050622,0.0007977176865097135,0.0008082571584964171,1.2135068e-05,-27.022673,-27.570054531097412,-26.361144542694092,0.7370173,2.2380643,2.2015007734298706,2.274470627307892,0.082751036,0.7460215,0.7338336110115051,0.7581569105386734,0.027583687,0.14400001,0.1120000034570694,0.17000001296401024,0.04107643,0.0,0.0,0.0,0.0,0.15750846,0.15330958366394043,0.16766557842493057,0.014846152,4.824182,4.818765044212341,4.836265683174133,0.019981502,4.8341823,4.828765273094177,4.846265912055969,0.019981502,1676800.0,1676800.0,1676800.0,0.0
524,0.0,0.0,0.0,0.0,2.0,2.0,2.0,0.0,0.2827776,0.27733246237039566,0.29226361960172653,0.011932899,0.28285518,0.2774110361933708,0.29233822226524353,0.011935861,1.0136269,0.9898250699043274,1.0398680567741394,0.033235192,0.09716817,0.09122924320399761,0.1023712307214737,0.007295253,0.09716817,0.09122924320399761,0.1023712307214737,0.007295253,1.0,1.0,1.0,0.0,7.7588054e-05,7.338668547163252e-05,8.129214438667987e-05,5.1490774e-06,0.00079904665,0.0007917570474091917,0.0008022176916711032,1.20444065e-05,-27.270393,-27.64379072189331,-26.90972375869751,0.40749472,2.2300239,2.1776586771011353,2.2877554297447205,0.07311889,0.74334127,0.7258862406015396,0.7625851631164551,0.024372965,0.17000002,0.15200001001358032,0.18200001120567322,0.03128752,0.0,0.0,0.0,0.0,0.15498093,0.1445537805557251,0.16878007724881172,0.019064253,4.8341823,4.828765273094177,4.846265912055969,0.019981502,4.8441825,4.838765501976013,4.856266140937805,0.019981502,1680000.0,1680000.0,1680000.0,0.0
525,0.0,0.0,0.0,0.0,2.0,2.0,2.0,0.0,0.28285518,0.2774110361933708,0.29233822226524353,0.011935861,0.28293458,0.27748528867959976,0.29241426289081573,0.011937113,0.9999893,0.9818599224090576,1.0195062160491943,0.023068583,0.10013237,0.09560791775584221,0.10426870547235012,0.00534921,0.10013237,0.09560791775584221,0.10426870547235012,0.00534921,1.0,1.0,1.0,0.0,7.939757e-05,7.600070603075437e-05,8.263280142273288e-05,4.1032895e-06,0.0007930761,0.0007858409808250144,0.0007962234376464039,1.195441e-05,-26.68409,-27.043588161468506,-26.5507550239563,0.56989527,2.2000203,2.160134971141815,2.2429585456848145,0.050751917,0.7333401,0.7200450301170349,0.7476528882980347,0.016917316,0.172,0.15000000968575478,0.18000001087784767,0.033160765,0.0,0.0,0.0,0.0,0.14672524,0.13437623158097267,0.1616785041987896,0.018544931,4.8441825,4.838765501976013,4.856266140937805,0.019981502,4.8541827,4.848765730857849,4.866266369819641,0.019981502,1683200.0,1683200.0,1683200.0,0.0
526,0.0,0.0,0.0,0.0,2.0,2.0,2.0,0.0,0.28293458,0.27748528867959976,0.29241426289081573,0.011937113,0.28301033,0.277558296918869,0.2924872934818268,0.01193793,1.0171142,1.0023981630802155,1.0324035286903381,0.024019802,0.09627115,0.09281053207814693,0.09945483133196831,0.0053456086,0.09627115,0.09281053207814693,0.09945483133196831,0.0053456086,1.0,1.0,1.0,0.0,7.5755874e-05,7.413284947688226e-05,7.74153922975529e-05,3.8670823e-06,0.0007871501,0.00077996906475164,0.0007902739744167775,1.1865094e-05,-27.461561,-27.758092880249023,-27.299262523651123,0.5398274,2.237696,2.2053199410438538,2.27133309841156,0.05284464,0.74589866,0.7351066470146179,0.7571110725402832,0.017614884,0.17066668,0.1420000083744526,0.1940000019967556,0.037419815,0.0006666667,0.0,0.0,0.0023094013,0.15804818,0.14747633412480354,0.16787173599004745,0.014105224,4.8541827,4.848765730857849,4.866266369819641,0.019981502,4.864183,4.858765959739685,4.876266598701477,0.019981502,1686400.0,1686400.0,1686400.0,0.0
527,0.0,0.0,0.0,0.0,2.0,2.0,2.0,0.0,0.28301033,0.277558296918869,0.2924872934818268,0.01193793,0.28308645,0.27763283252716064,0.29256077110767365,0.011938428,1.0133711,0.9833605140447617,1.0368981659412384,0.04206077,0.09738886,0.091858034953475,0.10390831902623177,0.009549916,0.09738886,0.091858034953475,0.10390831902623177,0.009549916,1.0,1.0,1.0,0.0,7.608148e-05,7.23465400369605e-05,8.082297426881269e-05,7.46371e-06,0.0007812684,0.0007741410372545943,0.0007843689381843433,1.1776417e-05,-27.319849,-27.539608001708984,-26.784563541412354,0.9132669,2.229461,2.1634363532066345,2.281221568584442,0.092535526,0.74315363,0.7211454808712006,0.7604072242975235,0.030845178,0.182,0.16600001230835915,0.1940000019967556,0.034808565,0.0006666667,0.0,0.0,0.0023094013,0.15092063,0.13720375671982765,0.16099778562784195,0.021273248,4.864183,4.858765959739685,4.876266598701477,0.019981502,4.874183,4.868766188621521,4.886266827583313,0.019981502,1689600.0,1689600.0,1689600.0,0.0
528,0.0,0.0,0.0,0.0,2.0,2.0,2.0,0.0,0.28308645,0.27763283252716064,0.29256077110767365,0.011938428,0.283161,0.27771078795194626,0.29263848811388016,0.011938254,1.0181015,1.0013167262077332,1.0418009757995605,0.035537288,0.09621451,0.09082426875829697,0.09976997412741184,0.007959678,0.09621451,0.09082426875829697,0.09976997412741184,0.007959678,1.0,1.0,1.0,0.0,7.460059e-05,7.07204089849256e-05,7.729816570645198e-05,6.136536e-06,0.00077543076,0.0007683565927436575,0.0007785081106703728,1.1688421e-05,-27.271582,-27.794747352600098,-26.986552715301514,0.6674956,2.239868,2.2029407620429993,2.292007863521576,0.07818356,0.7466226,0.7343135923147202,0.7640026360750198,0.026061185,0.16466667,0.14800000935792923,0.18400001525878906,0.030022215,0.0006666667,0.0,0.0,0.0023094013,0.1581511,0.1483272649347782,0.16327032819390297,0.02450863,4.874183,4.868766188621521,4.886266827583313,0.019981502,4.8841834,4.878766417503357,4.896267056465149,0.019981502,1692800.0,1692800.0,1692800.0,0.0
529,0.0,0.0,0.0,0.0,2.0,2.0,2.0,0.0,0.283161,0.27771078795194626,0.29263848811388016,0.011938254,0.28323805,0.27778954803943634,0.2927161231637001,0.011939075,1.0012292,0.9812496900558472,1.0251911580562592,0.039498396,0.10008598,0.09436926431953907,0.10441218689084053,0.008752985,0.10008598,0.09436926431953907,0.10441218689084053,0.008752985,1.0,1.0,1.0,0.0,7.702903e-05,7.322712008317467e-05,8.040370448725298e-05,6.8228696e-06,0.0007696366,0.0007626153237652034,0.0007726909389020875,1.1601083e-05,-26.879099,-27.302230834960938,-26.652931213378906,0.890194,2.202748,2.1587924361228943,2.255465507507324,0.086898185,0.7342494,0.7195975035429001,0.7518218457698822,0.028966071,0.17666668,0.1640000119805336,0.1940000019967556,0.021427818,0.0,0.0,0.0,0.0,0.14384674,0.1330680064857006,0.1564273238182068,0.017876105,4.8841834,4.878766417503357,4.896267056465149,0.019981502,4.8941836,4.888766646385193,4.906267285346985,0.019981502,1696000.0,1696000.0,1696000.0,0.0
530,0.0,0.0,0.0,0.0,2.0,2.0,2.0,0.0,0.28323805,0.27778954803943634,0.2927161231637001,0.011939075,0.28331295,0.27785877138376236,0.29279395937919617,0.011941051,1.009924,0.9844141006469727,1.0244168043136597,0.036833674,0.098061286,0.09453903697431087,0.10365422256290913,0.008238562,0.098061286,0.09453903697431087,0.10365422256290913,0.008238562,1.0,1.0,1.0,0.0,7.488393e-05,7.10203566995915e-05,7.9480538261123e-05,6.104114e-06,0.00076388585,0.0007569169974885881,0.0007669173210160807,1.1514402e-05,-27.008436,-27.487915992736816,-26.384953498840332,0.75234854,2.2218773,2.16575425863266,2.253761887550354,0.081035696,0.7406258,0.7219180911779404,0.7512539774179459,0.027011888,0.15200001,0.1340000070631504,0.1680000089108944,0.03948763,0.0006666667,0.0,0.0,0.0023094013,0.14857253,0.13766439259052277,0.1576051227748394,0.016208913,4.8941836,4.888766646385193,4.906267285346985,0.019981502,4.904184,4.898766875267029,4.916267514228821,0.019981502,1699200.0,1699200.0,1699200.0,0.0
531,0.0,0.0,0.0,0.0,2.0,2.0,2.0,0.0,0.28331295,0.27785877138376236,0.29279395937919617,0.011941051,0.28338525,0.27792689949274063,0.29287080466747284,0.011942965,1.0210085,1.0016289353370667,1.040511429309845,0.025117563,0.09542501,0.09109671786427498,0.09963460452854633,0.005579916,0.09542501,0.09109671786427498,0.09963460452854633,0.005579916,1.0,1.0,1.0,0.0,7.231966e-05,6.961489998502657e-05,7.512701995437965e-05,3.773923e-06,0.000758178,0.0007512612064601853,0.000761186849558726,1.1428377e-05,-27.230766,-27.396320343017578,-26.9062237739563,0.5601834,2.2462635,2.2036277055740356,2.289170742034912,0.05525973,0.7487545,0.7345426082611084,0.7630569338798523,0.018419899,0.15466668,0.14400000870227814,0.17000001296401024,0.026932016,0.0,0.0,0.0,0.0,0.1601014,0.14511146023869514,0.17350711673498154,0.020054467,4.904184,4.898766875267029,4.916267514228821,0.019981502,4.914184,4.908767104148865,4.926267743110657,0.019981502,1702400.0,1702400.0,1702400.0,0.0
532,0.0,0.0,0.0,0.0,2.0,2.0,2.0,0.0,0.28338525,0.27792689949274063,0.29287080466747284,0.011942965,0.28345972,0.2779942899942398,0.29294637590646744,0.01194304,1.0053961,0.9874559789896011,1.0250628292560577,0.028675223,0.09896275,0.09440414793789387,0.10293076932430267,0.006538025,0.09896275,0.09440414793789387,0.10293076932430267,0.006538025,1.0,1.0,1.0,0.0,7.44622e-05,7.031873246887699e-05,7.742124944343232e-05,4.9073988e-06,0.0007525128,0.0007456476741936058,0.0007554991752840579,1.1342976e-05,-27.0516,-27.453341960906982,-26.552836894989014,0.67245716,2.2119157,2.1724464893341064,2.2551832795143127,0.06308673,0.7373052,0.7241488546133041,0.7517277896404266,0.021028906,0.16666667,0.14800000935792923,0.18400001525878906,0.033393886,0.0,0.0,0.0,0.0,0.15639234,0.15167317539453506,0.16312551125884056,0.012048015,4.914184,4.908767104148865,4.926267743110657,0.019981502,4.9241843,4.918767333030701,4.936267971992493,0.019981502,1705600.0,1705600.0,1705600.0,0.0
533,0.0,0.0,0.0,0.0,2.0,2.0,2.0,0.0,0.28345972,0.2779942899942398,0.29294637590646744,0.01194304,0.28353202,0.27807144075632095,0.293017141520977,0.011945117,1.016889,0.9943641424179077,1.0517371892929077,0.052151,0.096832864,0.08877416886389256,0.10135573334991932,0.011896102,0.096832864,0.08877416886389256,0.10135573334991932,0.011896102,1.0,1.0,1.0,0.0,7.22906e-05,6.681975719402544e-05,7.56464487494668e-05,8.665677e-06,0.0007468899,0.00074007612420246,0.0007498540071537718,1.1258225e-05,-27.150496,-27.874505043029785,-26.65210199356079,1.0571529,2.2372005,2.1876447796821594,2.31386798620224,0.11473447,0.7457335,0.7292149364948273,0.7712893337011337,0.038244825,0.16666667,0.11749999783933163,0.20499999076128006,0.05280037,0.0008333333,0.0,0.0,0.0028867512,0.15014024,0.13878970965743065,0.16267161443829536,0.016296513,4.9241843,4.918767333030701,4.936267971992493,0.019981502,4.9341846,4.928767561912537,4.946268200874329,0.019981502,1708800.0,1708800.0,1708800.0,0.0
534,0.0,0.0,0.0,0.0,2.0,2.0,2.0,0.0,0.28353202,0.27807144075632095,0.293017141520977,0.011945117,0.28360286,0.27814003080129623,0.2930896580219269,0.011945652,1.0202109,1.0007334500551224,1.0422272682189941,0.028286565,0.09563952,0.09073461033403873,0.09983148239552975,0.006275584,0.09563952,0.09073461033403873,0.09983148239552975,0.006275584,1.0,1.0,1.0,0.0,7.086737e-05,6.721341014781501e-05,7.350975829467643e-05,4.2127904e-06,0.0007413091,0.0007345462072407827,0.0007442509813699871,1.11741e-05,-27.180254,-27.59613037109375,-26.73721170425415,0.6273629,2.2445087,2.201657474040985,2.2929458022117615,0.0622317,0.7481696,0.7338858395814896,0.764315277338028,0.020743905,0.15000002,0.14000000804662704,0.17000001296401024,0.026006995,0.0,0.0,0.0,0.0,0.15460771,0.14629416540265083,0.15721317753195763,0.014209764,4.9341846,4.928767561912537,4.946268200874329,0.019981502,4.944185,4.938767790794373,4.9562684297561646,0.019981502,1712000.0,1712000.0,1712000.0,0.0
535,0.0,0.0,0.0,0.0,2.0,2.0,2.0,0.0,0.28360286,0.27814003080129623,0.2930896580219269,0.011945652,0.28366747,0.2782105877995491,0.29316435754299164,0.01195838,1.0259796,0.9916966110467911,1.0502759516239166,0.039563734,0.08805544,0.08906904421746731,0.10193294286727905,0.028505312,0.094547,0.08906904421746731,0.10193294286727905,0.008430435,0.9166667,1.0,1.0,0.28867513,6.459221e-05,6.655725337623153e-05,7.424390605592635e-05,2.0845539e-05,0.0007357699,0.0007290575886145234,0.0007386898505501449,1.1090607e-05,-27.43064,-27.85301446914673,-26.883745193481445,0.7153024,2.2572,2.1817761063575745,2.3106531500816345,0.08704195,0.7524001,0.727258712053299,0.7702177464962006,0.02901399,0.154,0.1340000070631504,0.17000001296401024,0.037074868,0.0,0.0,0.0,0.0,0.14666332,0.1409199722111225,0.15826799720525742,0.016060142,4.944185,4.938767790794373,4.9562684297561646,0.019981502,4.954185,4.9487680196762085,4.9662686586380005,0.019981502,1715200.0,1715200.0,1715200.0,0.0
536,0.0,0.0,0.0,0.0,2.0,2.0,2.0,0.0,0.28366747,0.2782105877995491,0.29316435754299164,0.01195838,0.28374073,0.27828582376241684,0.2932320609688759,0.011956987,0.99989754,0.9793274849653244,1.0197769701480865,0.03451895,0.10030972,0.09555314853787422,0.10487906634807587,0.007815602,0.10030972,0.09555314853787422,0.10487906634807587,0.007815602,1.0,1.0,1.0,0.0,7.32711e-05,6.914056575624272e-05,7.802362051734235e-05,6.0043963e-06,0.00073027215,0.0007236099918372929,0.0007331702654482797,1.1007741e-05,-26.469946,-27.05473041534424,-26.106361865997314,0.6268156,2.1998186,2.154563546180725,2.243554174900055,0.07594316,0.73327285,0.7181878834962845,0.7478514313697815,0.025314389,0.16133334,0.1420000083744526,0.1860000118613243,0.025716402,0.0,0.0,0.0,0.0,0.15600646,0.1419203132390976,0.16765301302075386,0.017393516,4.954185,4.9487680196762085,4.9662686586380005,0.019981502,4.964185,4.958768248558044,4.976268887519836,0.019981502,1718400.0,1718400.0,1718400.0,0.0
537,0.0,0.0,0.0,0.0,2.0,2.0,2.0,0.0,0.28374073,0.27828582376241684,0.2932320609688759,0.011956987,0.28381258,0.27835459262132645,0.2933092340826988,0.011955865,1.0054166,0.9747800081968307,1.0368342101573944,0.038321212,0.09911168,0.09188601560890675,0.10597906447947025,0.008676585,0.09911168,0.09188601560890675,0.10597906447947025,0.008676585,1.0,1.0,1.0,0.0,7.183147e-05,6.692668102914467e-05,7.708801422268152e-05,6.3052726e-06,0.0007248155,0.0007182030676631257,0.0007276919204741716,1.0925489e-05,-27.138254,-27.615004539489746,-26.467005729675293,0.8371331,2.2119608,2.1445587873458862,2.2810808420181274,0.08430834,0.73732024,0.7148529589176178,0.7603603154420853,0.028102782,0.17,0.13600000739097595,0.2160000056028366,0.04813617,0.0,0.0,0.0,0.0,0.15118149,0.13956760615110397,0.16360066831111908,0.019644538,4.964185,4.958768248558044,4.976268887519836,0.019981502,4.9741855,4.96876847743988,4.986269116401672,0.019981502,1721600.0,1721600.0,1721600.0,0.0
538,0.0,0.0,0.0,0.0,2.0,2.0,2.0,0.0,0.28381258,0.27835459262132645,0.2933092340826988,0.011955865,0.28388128,0.2784232646226883,0.29338807612657547,0.0119580915,1.0224972,0.9725404381752014,1.0650097131729126,0.0520806,0.09557452,0.08609755709767342,0.10652732104063034,0.011326539,0.09557452,0.08609755709767342,0.10652732104063034,0.011326539,1.0,1.0,1.0,0.0,6.868876e-05,6.206802390806843e-05,7.536885095760226e-05,7.569458e-06,0.0007193996,0.0007128365687094629,0.0007222545682452619,1.084385e-05,-27.165903,-27.96686029434204,-26.537940979003906,0.9827178,2.2495387,2.1396316289901733,2.3430681228637695,0.1145796,0.7498463,0.7132105827331543,0.7810227125883102,0.0381932,0.16466667,0.14400000870227814,0.17400000989437103,0.03851171,0.0006666667,0.0,0.0,0.0023094013,0.15449923,0.14968373626470566,0.16067145392298698,0.010488544,4.9741855,4.96876847743988,4.986269116401672,0.019981502,4.9841857,4.978768706321716,4.996269345283508,0.019981502,1724800.0,1724800.0,1724800.0,0.0
539,0.0,0.0,0.0,0.0,2.0,2.0,2.0,0.0,0.28388128,0.2784232646226883,0.29338807612657547,0.0119580915,0.28394917,0.27849017083644867,0.29345932602882385,0.011958684,1.0232172,1.0097391605377197,1.0409912467002869,0.036238994,0.0950976,0.0909932516515255,0.09778384864330292,0.007951231,0.0950976,0.0909932516515255,0.09778384864330292,0.007951231,1.0,1.0,1.0,0.0,6.7895475e-05,6.611499702557921e-05,6.96376428095391e-05,5.6680096e-06,0.0007140241,0.0007075102039379999,0.0007168577431002632,1.07628175e-05,-27.246483,-27.468815326690674,-26.88973379135132,0.60462713,2.2511227,2.2214704751968384,2.290226399898529,0.07972738,0.7503743,0.740490198135376,0.763408824801445,0.026575793,0.15,0.12800000607967377,0.1640000119805336,0.035959575,0.0,0.0,0.0,0.0,0.15585506,0.148147813975811,0.16058336570858955,0.013629892,4.9841857,4.978768706321716,4.996269345283508,0.019981502,4.994186,4.988768935203552,5.006269574165344,0.019981502,1728000.0,1728000.0,1728000.0,0.0
540,0.0,0.0,0.0,0.0,2.0,2.0,2.0,0.0,0.28394917,0.27849017083644867,0.29345932602882385,0.011958684,0.2840193,0.27855847030878067,0.2935231328010559,0.011958859,1.0055255,0.9980319887399673,1.0253445506095886,0.029783461,0.09895272,0.09433204121887684,0.10046079009771347,0.006975831,0.09895272,0.09433204121887684,0.10046079009771347,0.006975831,1.0,1.0,1.0,0.0,7.0125905e-05,6.658072561549488e-05,7.324033322220203e-05,5.0013323e-06,0.0007086889,0.000702223609550856,0.0007115012849681079,1.0682393e-05,-27.100998,-27.646489143371582,-26.823647499084473,0.7141351,2.2122004,2.195714235305786,2.2558029890060425,0.06552492,0.7374001,0.7319047451019287,0.7519343495368958,0.021841645,0.16200002,0.15000000968575478,0.17000001296401024,0.025326952,0.0006666667,0.0,0.0,0.0023094013,0.15464099,0.14738022908568382,0.1606491357088089,0.016427422,4.994186,4.988768935203552,5.006269574165344,0.019981502,5.004186,4.998769164085388,5.01626980304718,0.019981502,1731200.0,1731200.0,1731200.0,0.0
541,0.0,0.0,0.0,0.0,2.0,2.0,2.0,0.0,0.2840193,0.27855847030878067,0.2935231328010559,0.011958859,0.28408757,0.2786265015602112,0.29359202086925507,0.011958953,1.014229,0.9982093870639801,1.0339033901691437,0.036809586,0.09710061,0.09250197373330593,0.10041330941021442,0.008418976,0.09710061,0.09250197373330593,0.10041330941021442,0.008418976,1.0,1.0,1.0,0.0,6.828875e-05,6.526139077323023e-05,7.081952935550362e-05,5.8289543e-06,0.0007033935,0.000696976509061642,0.0007061849028104916,1.0602582e-05,-27.196142,-27.92823839187622,-26.832696437835693,1.095175,2.2313485,2.1961044669151306,2.2746328711509705,0.08098269,0.7437828,0.732034832239151,0.7582109868526459,0.026994227,0.15733334,0.1420000083744526,0.17800001427531242,0.026275925,0.0013333334,0.0,0.0,0.003113996,0.15721811,0.14901338145136833,0.16679375246167183,0.01796095,5.004186,4.998769164085388,5.01626980304718,0.019981502,5.0141864,5.008769392967224,5.026270031929016,0.019981502,1734400.0,1734400.0,1734400.0,0.0
542,0.0,0.0,0.0,0.0,2.0,2.0,2.0,0.0,0.28408757,0.2786265015602112,0.29359202086925507,0.011958953,0.284152,0.2786897048354149,0.2936513274908066,0.011957344,1.0356222,1.0153686702251434,1.0465102791786194,0.026070753,0.092276044,0.0898453090339899,0.09652637504041195,0.0054717925,0.092276044,0.0898453090339899,0.09652637504041195,0.0054717925,1.0,1.0,1.0,0.0,6.443364e-05,6.273981671256479e-05,6.77180341881467e-05,4.1415437e-06,0.0006981376,0.0006917686114320531,0.0007009082037257031,1.0523344e-05,-27.317755,-27.581982612609863,-26.934635639190674,0.66038007,2.2784145,2.2338557839393616,2.302368700504303,0.05735679,0.7594715,0.744618609547615,0.7674562633037567,0.019118935,0.14333335,0.10400000214576721,0.17600001394748688,0.04170314,0.0,0.0,0.0,0.0,0.15831569,0.14522643759846687,0.16608767211437225,0.016032062,5.0141864,5.008769392967224,5.026270031929016,0.019981502,5.0241866,5.01876962184906,5.036270260810852,0.019981502,1737600.0,1737600.0,1737600.0,0.0
543,0.0,0.0,0.0,0.0,2.0,2.0,2.0,0.0,0.284152,0.2786897048354149,0.2936513274908066,0.011957344,0.2842182,0.2787545695900917,0.2937210872769356,0.01195872,1.0214094,0.9938107877969742,1.0524453520774841,0.03956594,0.09555581,0.08862916566431522,0.10150370001792908,0.008821783,0.09555581,0.08862916566431522,0.10150370001792908,0.008821783,1.0,1.0,1.0,0.0,6.6181754e-05,6.185561687743757e-05,7.007360181887634e-05,5.7855223e-06,0.00069292105,0.0006865996547276154,0.0006956709403311834,1.0444704e-05,-27.150236,-27.830800533294678,-26.534298419952393,0.92788243,2.2471457,2.186427354812622,2.3154261112213135,0.08704684,0.74904853,0.7288091480731964,0.7718087136745453,0.029015616,0.16400002,0.1420000083744526,0.17800001427531242,0.031726103,0.0,0.0,0.0,0.0,0.15405157,0.14538350328803062,0.1606878750026226,0.018959465,5.0241866,5.01876962184906,5.036270260810852,0.019981502,5.034187,5.028769850730896,5.046270489692688,0.019981502,1740800.0,1740800.0,1740800.0,0.0
544,0.0,0.0,0.0,0.0,2.0,2.0,2.0,0.0,0.2842182,0.2787545695900917,0.2937210872769356,0.01195872,0.2842851,0.27881960570812225,0.29379022121429443,0.011955994,1.0138819,0.9861824065446854,1.0359055995941162,0.042589143,0.09727497,0.09208136424422264,0.10325977206230164,0.009313628,0.09727497,0.09208136424422264,0.10325977206230164,0.009313628,1.0,1.0,1.0,0.0,6.692138e-05,6.316786948445952e-05,7.018316136964131e-05,6.706533e-06,0.00068774354,0.0006814692897023633,0.000690472821588628,1.0366668e-05,-27.051445,-27.36665391921997,-26.479332447052002,0.7449446,2.2305849,2.1696446537971497,2.2790377736091614,0.09369799,0.7435283,0.7232148945331573,0.7596792727708817,0.031232659,0.14933334,0.1340000070631504,0.17000001296401024,0.029410368,0.0,0.0,0.0,0.0,0.15687026,0.14613932371139526,0.16701190918684006,0.020031521,5.034187,5.028769850730896,5.046270489692688,0.019981502,5.044187,5.038770079612732,5.056270718574524,0.019981502,1744000.0,1744000.0,1744000.0,0.0
545,0.0,0.0,0.0,0.0,2.0,2.0,2.0,0.0,0.2842851,0.27881960570812225,0.29379022121429443,0.011955994,0.28434873,0.2788868322968483,0.2938597574830055,0.011958316,1.0315018,1.0126113593578339,1.0492532849311829,0.03415435,0.09326589,0.08927852101624012,0.09714112803339958,0.00728585,0.09326589,0.08927852101624012,0.09714112803339958,0.00728585,1.0,1.0,1.0,0.0,6.361382e-05,6.0850375120935496e-05,6.57655928080203e-05,4.3586797e-06,0.00068260456,0.0006763773126294836,0.0006853135273559019,1.0289202e-05,-27.32458,-27.570693969726562,-26.993496894836426,0.4898831,2.269349,2.2277894616127014,2.308403432369232,0.07514106,0.7564497,0.7425965219736099,0.769467830657959,0.02504702,0.15466668,0.1340000070631504,0.17600001394748688,0.037574977,0.0006666667,0.0,0.0,0.0023094013,0.15349975,0.13819504156708717,0.16497649624943733,0.017585188,5.044187,5.038770079612732,5.056270718574524,0.019981502,5.0541873,5.048770308494568,5.06627094745636,0.019981502,1747200.0,1747200.0,1747200.0,0.0
546,0.0,0.0,0.0,0.0,2.0,2.0,2.0,0.0,0.28434873,0.2788868322968483,0.2938597574830055,0.011958316,0.28441435,0.2789507359266281,0.2939240485429764,0.011960651,1.0154393,0.9958134740591049,1.0387228727340698,0.041001253,0.0969103,0.091485895216465,0.10102616995573044,0.009425275,0.0969103,0.091485895216465,0.10102616995573044,0.009425275,1.0,1.0,1.0,0.0,6.5618835e-05,6.160582597658504e-05,6.762373232049868e-05,6.016471e-06,0.0006775041,0.0006713233451591805,0.0006801928248023614,1.0212322e-05,-26.91514,-27.2560772895813,-26.50600290298462,0.84529114,2.234011,2.1908334493637085,2.2852360606193542,0.09020455,0.7446704,0.7302778512239456,0.7617453634738922,0.030068185,0.13916667,0.11749999783933163,0.1524999924004078,0.03800917,0.0,0.0,0.0,0.0,0.14394222,0.12897727265954018,0.15491776540875435,0.01927433,5.0541873,5.048770308494568,5.06627094745636,0.019981502,5.0641875,5.058770537376404,5.076271176338196,0.019981502,1750400.0,1750400.0,1750400.0,0.0
547,0.0,0.0,0.0,0.0,2.0,2.0,2.0,0.0,0.28441435,0.2789507359266281,0.2939240485429764,0.011960651,0.28448126,0.2790215015411377,0.2939932942390442,0.011961423,1.0038701,0.9885501563549042,1.0368018448352814,0.04145836,0.09953454,0.09187517501413822,0.10268235206604004,0.009745838,0.09953454,0.09187517501413822,0.10268235206604004,0.009745838,1.0,1.0,1.0,0.0,6.6895824e-05,6.20448226982262e-05,6.861421388748568e-05,6.223732e-06,0.00067244173,0.0006663071108050644,0.0006751103355782107,1.0136026e-05,-27.054771,-27.412408351898193,-26.609344005584717,0.765287,2.2085583,2.17485374212265,2.281009614467621,0.09121019,0.7361861,0.7249512821435928,0.7603365480899811,0.030403394,0.17133336,0.14000000804662704,0.21000000461935997,0.04607767,0.0006666667,0.0,0.0,0.0023094013,0.15097882,0.14393757283687592,0.15552831813693047,0.012109498,5.0641875,5.058770537376404,5.076271176338196,0.019981502,5.0741878,5.06877076625824,5.086271405220032,0.019981502,1753600.0,1753600.0,1753600.0,0.0
548,0.0,0.0,0.0,0.0,2.0,2.0,2.0,0.0,0.28448126,0.2790215015411377,0.2939932942390442,0.011961423,0.28454676,0.2790835425257683,0.2940640226006508,0.011963913,1.0093318,0.9724984616041183,1.0393874645233154,0.036388204,0.098191045,0.09133235178887844,0.10653726942837238,0.008283384,0.098191045,0.09133235178887844,0.10653726942837238,0.008283384,1.0,1.0,1.0,0.0,6.5503504e-05,6.164803653518902e-05,6.994658360781614e-05,5.2066925e-06,0.00066741713,0.0006613283767364919,0.0006700658559566364,1.0060292e-05,-26.94069,-27.52219581604004,-26.4619779586792,0.65477246,2.2205741,2.139539361000061,2.2866979837417603,0.0800556,0.74019146,0.7131797969341278,0.7622326761484146,0.026685195,0.168,0.12600000575184822,0.20000000298023224,0.047267135,0.0006666667,0.0,0.0,0.0023094013,0.14831309,0.13439062237739563,0.16015156358480453,0.018074363,5.0741878,5.06877076625824,5.086271405220032,0.019981502,5.084188,5.078770995140076,5.096271634101868,0.019981502,1756800.0,1756800.0,1756800.0,0.0
549,0.0,0.0,0.0,0.0,2.0,2.0,2.0,0.0,0.28454676,0.2790835425257683,0.2940640226006508,0.011963913,0.28461212,0.2791507840156555,0.29412686079740524,0.011964587,1.0059589,0.9897871911525726,1.0166136622428894,0.021145836,0.0987433,0.09626066870987415,0.10237952135503292,0.004726984,0.0987433,0.09626066870987415,0.10237952135503292,0.004726984,1.0,1.0,1.0,0.0,6.538103e-05,6.3649560615886e-05,6.716751340718474e-05,2.5804368e-06,0.00066243013,0.0006563868664670736,0.0006650590221397579,9.98512e-06,-26.926535,-27.148985862731934,-26.62466335296631,0.52444726,2.2131538,2.1775752902030945,2.2365947365760803,0.046521757,0.7377179,0.7258584350347519,0.7455315887928009,0.015507258,0.16266668,0.12800000607967377,0.18000001087784767,0.0377295,0.002,0.0,0.0020000000949949026,0.0036181363,0.15527311,0.14404873549938202,0.1590857394039631,0.020596424,5.084188,5.078770995140076,5.096271634101868,0.019981502,5.094188,5.088771224021912,5.106271862983704,0.019981502,1760000.0,1760000.0,1760000.0,0.0
550,0.0,0.0,0.0,0.0,2.0,2.0,2.0,0.0,0.28461212,0.2791507840156555,0.29412686079740524,0.011964587,0.284675,0.2792174965143204,0.29418662190437317,0.011963902,1.0210901,1.0034274905920029,1.0466000139713287,0.038895972,0.09561145,0.08982761390507221,0.09923245385289192,0.008602385,0.09561145,0.08982761390507221,0.09923245385289192,0.008602385,1.0,1.0,1.0,0.0,6.2874016e-05,5.8519793128652964e-05,6.645144276262727e-05,5.854202e-06,0.0006574804,0.0006514822744065896,0.0006600896012969315,9.910511e-06,-27.54663,-28.215457916259766,-26.496309757232666,0.99013436,2.246443,2.2075846195220947,2.3025660514831543,0.08557283,0.7488144,0.7358615696430206,0.7675220370292664,0.02852428,0.16866668,0.14400000870227814,0.18200001120567322,0.03970192,0.0,0.0,0.0,0.0,0.15632442,0.14542976766824722,0.16678572446107864,0.022041064,5.094188,5.088771224021912,5.106271862983704,0.019981502,5.1041884,5.098771452903748,5.1162720918655396,0.019981502,1763200.0,1763200.0,1763200.0,0.0
551,0.0,0.0,0.0,0.0,2.0,2.0,2.0,0.0,0.284675,0.2792174965143204,0.29418662190437317,0.011963902,0.28473866,0.2792786732316017,0.2942558377981186,0.011966262,1.012216,0.9767325222492218,1.035939335823059,0.041336153,0.09763216,0.09207141771912575,0.10550380125641823,0.009341359,0.09763216,0.09207141771912575,0.10550380125641823,0.009341359,1.0,1.0,1.0,0.0,6.367085e-05,6.0123119510535616e-05,6.822008617746178e-05,5.6438353e-06,0.00065256766,0.0006466143386205658,0.0006551573460455984,9.8364635e-06,-27.293932,-28.202056407928467,-26.7477068901062,0.8495959,2.2269197,2.1488544940948486,2.2791121006011963,0.0909414,0.74230653,0.716284841299057,0.7597040385007858,0.030313803,0.15733334,0.12800000607967377,0.17600001394748688,0.053539,0.0,0.0,0.0,0.0,0.15730901,0.1467140167951584,0.17077579349279404,0.020830547,5.1041884,5.098771452903748,5.1162720918655396,0.019981502,5.1141887,5.1087716817855835,5.1262723207473755,0.019981502,1766400.0,1766400.0,1766400.0,0.0
552,0.0,0.0,0.0,0.0,2.0,2.0,2.0,0.0,0.28473866,0.2792786732316017,0.2942558377981186,0.011966262,0.2848004,0.2793414816260338,0.2943224385380745,0.01196766,1.0221027,0.9979200959205627,1.0500877797603607,0.03742024,0.095363505,0.08911097049713135,0.10049705021083355,0.008281448,0.095363505,0.08911097049713135,0.10049705021083355,0.008281448,1.0,1.0,1.0,0.0,6.174319e-05,5.7944593208958395e-05,6.539880996569991e-05,5.175374e-06,0.00064769154,0.0006417827389668673,0.0006502619216917083,9.762965e-06,-27.432215,-27.903696537017822,-26.730844497680664,0.8220745,2.2486708,2.1954680681228638,2.310239255428314,0.08232617,0.749557,0.7318227142095566,0.7700797915458679,0.027442053,0.16066667,0.15000000968575478,0.18000001087784767,0.032083225,0.0,0.0,0.0,0.0,0.16075368,0.15287809073925018,0.1651010811328888,0.01617116,5.1141887,5.1087716817855835,5.1262723207473755,0.019981502,5.124189,5.118771910667419,5.136272549629211,0.019981502,1769600.0,1769600.0,1769600.0,0.0
553,0.0,0.0,0.0,0.0,2.0,2.0,2.0,0.0,0.2848004,0.2793414816260338,0.2943224385380745,0.01196766,0.28486434,0.2794025242328644,0.29438912123441696,0.011970765,1.0040444,0.9807482212781906,1.0379729270935059,0.041646097,0.09949684,0.09162815846502781,0.10453437827527523,0.009728811,0.09949684,0.09162815846502781,0.10453437827527523,0.009728811,1.0,1.0,1.0,0.0,6.391503e-05,5.966272874502465e-05,6.658643178525381e-05,5.7993734e-06,0.0006428519,0.0006369872426148504,0.0006454031245084479,9.690005e-06,-26.819572,-27.332991123199463,-26.31204891204834,0.85622686,2.2089417,2.1576892137527466,2.283586084842682,0.091623224,0.7363139,0.7192297577857971,0.7611953765153885,0.030541062,0.14600001,0.11800000444054604,0.1680000126361847,0.028970208,0.0,0.0,0.0,0.0,0.14887138,0.138418260961771,0.16051242500543594,0.015677424,5.124189,5.118771910667419,5.136272549629211,0.019981502,5.134189,5.128772139549255,5.146272778511047,0.019981502,1772800.0,1772800.0,1772800.0,0.0
554,0.0,0.0,0.0,0.0,2.0,2.0,2.0,0.0,0.28486434,0.2794025242328644,0.29438912123441696,0.011970765,0.28491914,0.27944640070199966,0.2944471910595894,0.011976072,1.0350412,1.013787716627121,1.056152492761612,0.037509512,0.085965395,0.08787189796566963,0.09687616862356663,0.027920837,0.09256492,0.08787189796566963,0.09687616862356663,0.0080252895,0.9166667,1.0,1.0,0.28867513,5.4804925e-05,5.5450675972679164e-05,6.165036757010967e-05,1.7711749e-05,0.00063804846,0.0006322276458377019,0.0006405805761460215,9.6176e-06,-27.790495,-28.529418468475342,-27.307380199432373,0.7685533,2.277136,2.230377435684204,2.3235819339752197,0.08252257,0.7590454,0.7434591501951218,0.7745273411273956,0.027507527,0.15133335,0.11800000444054604,0.17000001296401024,0.030976044,0.0,0.0,0.0,0.0,0.16989541,0.15607868880033493,0.18987161666154861,0.018625027,5.134189,5.128772139549255,5.146272778511047,0.019981502,5.1441894,5.138772368431091,5.156273007392883,0.019981502,1776000.0,1776000.0,1776000.0,0.0
555,0.0,0.0,0.0,0.0,2.0,2.0,2.0,0.0,0.28491914,0.27944640070199966,0.2944471910595894,0.011976072,0.2849806,0.2795078828930855,0.29450707137584686,0.011976025,1.0136085,1.0024320185184479,1.0329726338386536,0.025966935,0.097074606,0.09268938563764095,0.0994588490575552,0.005837423,0.097074606,0.09268938563764095,0.0994588490575552,0.005837423,1.0,1.0,1.0,0.0,6.145711e-05,5.947125919192331e-05,6.301891698967665e-05,3.4676164e-06,0.0006332809,0.0006275035557337105,0.0006357940437737852,9.545747e-06,-27.057749,-27.42509651184082,-26.7572922706604,0.5952113,2.229983,2.205394446849823,2.272585153579712,0.0571284,0.7433278,0.7351314872503281,0.7575283944606781,0.019042796,0.15733334,0.1420000083744526,0.1680000126361847,0.03132624,0.0,0.0,0.0,0.0,0.14867987,0.13268429785966873,0.1648864634335041,0.021524228,5.1441894,5.138772368431091,5.156273007392883,0.019981502,5.1541896,5.148772597312927,5.166273236274719,0.019981502,1779200.0,1779200.0,1779200.0,0.0
556,0.0,0.0,0.0,0.0,2.0,2.0,2.0,0.0,0.2849806,0.2795078828930855,0.29450707137584686,0.011976025,0.28504303,0.2795731872320175,0.29457317292690277,0.01197592,1.0035833,0.9836294054985046,1.0278327763080597,0.028299622,0.09937338,0.09379284456372261,0.10386451333761215,0.006569081,0.09937338,0.09379284456372261,0.10386451333761215,0.006569081,1.0,1.0,1.0,0.0,6.2450556e-05,5.8579686083248816e-05,6.545301766891498e-05,4.0334435e-06,0.00062854897,0.0006228147249203175,0.0006310433818725869,9.474435e-06,-27.04261,-27.286417484283447,-26.70463275909424,0.40586895,2.2079272,2.1640278697013855,2.261277198791504,0.062260404,0.73597574,0.7213426530361176,0.7537590861320496,0.020753471,0.17866667,0.17200001329183578,0.19200000166893005,0.030191308,0.0,0.0,0.0,0.0,0.15697786,0.14710203185677528,0.16178130730986595,0.013421622,5.1541896,5.148772597312927,5.166273236274719,0.019981502,5.16419,5.158772826194763,5.176273465156555,0.019981502,1782400.0,1782400.0,1782400.0,0.0
557,0.0,0.0,0.0,0.0,2.0,2.0,2.0,0.0,0.28504303,0.2795731872320175,0.29457317292690277,0.01197592,0.2851044,0.2796347960829735,0.2946324199438095,0.011975841,1.0084144,0.9789143800735474,1.0300148725509644,0.03216344,0.09832559,0.09332267194986343,0.10497505590319633,0.007177159,0.09832559,0.09332267194986343,0.10497505590319633,0.007177159,1.0,1.0,1.0,0.0,6.1335064e-05,5.8242111663275864e-05,6.546110853378195e-05,4.4999206e-06,0.0006238523,0.0006181609787745401,0.000626328110229224,9.403632e-06,-27.049139,-27.418205738067627,-26.6767520904541,0.7273482,2.2185562,2.153654634952545,2.2660780549049377,0.070760995,0.7395187,0.71788489818573,0.7553593665361404,0.023587,0.16066667,0.15000000968575478,0.1680000126361847,0.020877711,0.0,0.0,0.0,0.0,0.15489559,0.13512588664889336,0.17668992653489113,0.023595128,5.16419,5.158772826194763,5.176273465156555,0.019981502,5.17419,5.168773055076599,5.186273694038391,0.019981502,1785600.0,1785600.0,1785600.0,0.0
558,0.0,0.0,0.0,0.0,2.0,2.0,2.0,0.0,0.2851044,0.2796347960829735,0.2946324199438095,0.011975841,0.28516468,0.27968838065862656,0.29469437897205353,0.011975328,1.0124995,0.9887800514698029,1.0222189128398895,0.030317014,0.097375564,0.09503090381622314,0.10261939652264118,0.0065869596,0.097375564,0.09503090381622314,0.10261939652264118,0.0065869596,1.0,1.0,1.0,0.0,6.029187e-05,5.884398615307873e-05,6.33362760709133e-05,4.1411154e-06,0.0006191908,0.0006135420262580737,0.0006216480687726289,9.333346e-06,-27.144455,-27.2818922996521,-26.79335117340088,0.62605536,2.2275434,2.175359547138214,2.248926520347595,0.06669877,0.74251443,0.7251198887825012,0.7496422082185745,0.022232924,0.15866667,0.14600000903010368,0.17600001394748688,0.035258356,0.0,0.0,0.0,0.0,0.15545523,0.1405617892742157,0.16005650162696838,0.026135776,5.17419,5.168773055076599,5.186273694038391,0.019981502,5.1841903,5.178773283958435,5.196273922920227,0.019981502,1788800.0,1788800.0,1788800.0,0.0
559,0.0,0.0,0.0,0.0,2.0,2.0,2.0,0.0,0.28516468,0.27968838065862656,0.29469437897205353,0.011975328,0.28522462,0.2797485217452049,0.2947552427649498,0.011976822,1.0118102,0.9824378490447998,1.040980577468872,0.032375477,0.0975658,0.09099816903471947,0.10412967018783092,0.007290869,0.0975658,0.09099816903471947,0.10412967018783092,0.007290869,1.0,1.0,1.0,0.0,5.9934016e-05,5.64969368497259e-05,6.378912985383067e-05,4.163935e-06,0.00061456417,0.000608957590884529,0.000617003082879819,9.263623e-06,-27.183775,-27.52763032913208,-26.498074531555176,0.8054882,2.2260268,2.161406397819519,2.290203034877777,0.07122745,0.742009,0.7204688191413879,0.7634010463953018,0.023742486,0.15249999,0.1249999962747097,0.1899999976158142,0.035194267,0.0,0.0,0.0,0.0,0.15623167,0.1411258466541767,0.17445531114935875,0.024778923,5.1841903,5.178773283958435,5.196273922920227,0.019981502,5.1941905,5.188773512840271,5.206274151802063,0.019981502,1792000.0,1792000.0,1792000.0,0.0
560,0.0,0.0,0.0,0.0,2.0,2.0,2.0,0.0,0.28522462,0.2797485217452049,0.2947552427649498,0.011976822,0.2852827,0.2798067629337311,0.2948107644915581,0.01197678,1.0219728,1.0074553787708282,1.03193199634552,0.027843773,0.09524623,0.09291163831949234,0.09830085374414921,0.0061389427,0.09524623,0.09291163831949234,0.09830085374414921,0.0061389427,1.0,1.0,1.0,0.0,5.8092042e-05,5.66428325328161e-05,5.9691139540518634e-05,3.7654459e-06,0.0006099721,0.0006044073816156015,0.0006123927450971678,9.194398e-06,-27.44581,-27.899280548095703,-27.057997703552246,0.56426513,2.2483847,2.2164461612701416,2.2702956795692444,0.061257496,0.74946165,0.738815426826477,0.7567652612924576,0.020419162,0.15200001,0.13600000739097595,0.17000001296401024,0.02750207,0.0006666667,0.0,0.0,0.0023094013,0.15750597,0.14018631353974342,0.16988660022616386,0.025308792,5.1941905,5.188773512840271,5.206274151802063,0.019981502,5.2041907,5.198773741722107,5.216274380683899,0.019981502,1795200.0,1795200.0,1795200.0,0.0
561,0.0,0.0,0.0,0.0,2.0,2.0,2.0,0.0,0.2852827,0.2798067629337311,0.2948107644915581,0.01197678,0.2853419,0.2798633575439453,0.29486846178770065,0.011978576,1.0106051,0.9979854375123978,1.02863010764122,0.028035738,0.09777697,0.09363144636154175,0.10046498477458954,0.0064536035,0.09777697,0.09363144636154175,0.10046498477458954,0.0064536035,1.0,1.0,1.0,0.0,5.916739e-05,5.6961971495184116e-05,6.033559657225851e-05,3.5018625e-06,0.00060541433,0.0005998911947244778,0.0006078169244574383,9.125686e-06,-27.222464,-27.50541877746582,-27.057059288024902,0.46491408,2.2233756,2.1956117749214172,2.2630314230918884,0.061679836,0.7411253,0.7318706065416336,0.7543438374996185,0.020559944,0.16333334,0.13600000739097595,0.1860000118613243,0.027598858,0.0,0.0,0.0,0.0,0.15485363,0.14504362642765045,0.1631948985159397,0.014805916,5.2041907,5.198773741722107,5.216274380683899,0.019981502,5.214191,5.208773970603943,5.226274609565735,0.019981502,1798400.0,1798400.0,1798400.0,0.0
562,0.0,0.0,0.0,0.0,2.0,2.0,2.0,0.0,0.2853419,0.2798633575439453,0.29486846178770065,0.011978576,0.28539923,0.27992068231105804,0.2949226051568985,0.011980717,1.0217735,0.9952170848846436,1.0534504055976868,0.039358884,0.095473625,0.08842027746140957,0.10113478638231754,0.00883064,0.095473625,0.08842027746140957,0.10113478638231754,0.00883064,1.0,1.0,1.0,0.0,5.733609e-05,5.389247598941438e-05,6.083987773308763e-05,4.961073e-06,0.00060089055,0.0005954086664132774,0.0006032752135070041,9.057505e-06,-27.271334,-27.850569248199463,-26.804789066314697,0.8809474,2.2479463,2.1895212531089783,2.317637264728546,0.08659127,0.7493155,0.7298404425382614,0.7725457847118378,0.028863758,0.148,0.12000000476837158,0.15800001099705696,0.03487119,0.0006666667,0.0,0.0,0.0023094013,0.16077988,0.15475868433713913,0.16611937433481216,0.014161224,5.214191,5.208773970603943,5.226274609565735,0.019981502,5.224191,5.218774199485779,5.236274838447571,0.019981502,1801600.0,1801600.0,1801600.0,0.0
563,0.0,0.0,0.0,0.0,2.0,2.0,2.0,0.0,0.28539923,0.27992068231105804,0.2949226051568985,0.011980717,0.28545067,0.27997568249702454,0.29497869312763214,0.011981632,1.0340585,1.0046797841787338,1.0584323406219482,0.0391059,0.08623063,0.08741202391684055,0.09893050789833069,0.02805384,0.09279996,0.08741202391684055,0.09893050789833069,0.008303022,0.9166667,1.0,1.0,0.28867513,5.1462182e-05,5.270087876851903e-05,5.860493638465414e-05,1.675161e-05,0.00059640064,0.0005909597530262545,0.0005987674667267129,8.989818e-06,-27.515554,-28.301390171051025,-27.081279277801514,0.94730824,2.2749739,2.210339665412903,2.328597664833069,0.08603468,0.7583246,0.7367799282073975,0.7761992514133453,0.028678223,0.18066669,0.17200001329183578,0.20200000330805779,0.026303587,0.0,0.0,0.0,0.0,0.16151063,0.14964089170098305,0.16914520412683487,0.02202267,5.224191,5.218774199485779,5.236274838447571,0.019981502,5.2341914,5.228774428367615,5.246275067329407,0.019981502,1804800.0,1804800.0,1804800.0,0.0
564,0.0,0.0,0.0,0.0,2.0,2.0,2.0,0.0,0.28545067,0.27997568249702454,0.29497869312763214,0.011981632,0.285508,0.2800240218639374,0.2950427904725075,0.0119831255,1.0161692,0.9908330738544464,1.0388843715190887,0.0477709,0.096883684,0.09146692045032978,0.10220726393163204,0.010745096,0.096883684,0.09146692045032978,0.10220726393163204,0.010745096,1.0,1.0,1.0,0.0,5.7332814e-05,5.392546790972119e-05,6.180707987368805e-05,6.228488e-06,0.00059194426,0.0005865440616616979,0.0005942934076301754,8.922658e-06,-27.120424,-27.545825958251953,-26.657909870147705,0.70821697,2.235617,2.1798762679100037,2.285591185092926,0.105098106,0.7452057,0.7266254276037216,0.7618637681007385,0.03503271,0.158,0.12400000542402267,0.19200000166893005,0.035959575,0.0,0.0,0.0,0.0,0.16422494,0.1474364921450615,0.17694547399878502,0.020994944,5.2341914,5.228774428367615,5.246275067329407,0.019981502,5.2441916,5.238774657249451,5.256275296211243,0.019981502,1808000.0,1808000.0,1808000.0,0.0
565,0.0,0.0,0.0,0.0,2.0,2.0,2.0,0.0,0.285508,0.2800240218639374,0.2950427904725075,0.0119831255,0.28556418,0.2800755873322487,0.29509879648685455,0.011985208,1.0210818,0.983790248632431,1.0550605356693268,0.041252475,0.09565589,0.08809377253055573,0.10380378551781178,0.009068135,0.09565589,0.08809377253055573,0.10380378551781178,0.009068135,1.0,1.0,1.0,0.0,5.6164234e-05,5.154470090928953e-05,6.0367558035068214e-05,4.981628e-06,0.0005875212,0.0005821612867293879,0.0005898527888348326,8.855991e-06,-27.217192,-27.83076524734497,-26.662518978118896,0.80300695,2.246425,2.1643818020820618,2.3211795687675476,0.09075725,0.7488083,0.721460610628128,0.7737265378236771,0.030252412,0.14466667,0.11600000411272049,0.17000001296401024,0.035030726,0.0006666667,0.0,0.0,0.0023094013,0.15436833,0.138013806194067,0.1606188826262951,0.025956174,5.2441916,5.238774657249451,5.256275296211243,0.019981502,5.254192,5.248774886131287,5.266275525093079,0.019981502,1811200.0,1811200.0,1811200.0,0.0
566,0.0,0.0,0.0,0.0,2.0,2.0,2.0,0.0,0.28556418,0.2800755873322487,0.29509879648685455,0.011985208,0.28562182,0.28012920171022415,0.2951555922627449,0.011986423,1.0062486,0.9720977544784546,1.0357758700847626,0.035021525,0.0988678,0.09209363162517548,0.10664545372128487,0.008056197,0.0988678,0.09209363162517548,0.10664545372128487,0.008056197,1.0,1.0,1.0,0.0,5.7640314e-05,5.366355981095694e-05,6.156358176667709e-05,4.5794372e-06,0.00058313116,0.0005778113118140027,0.0005854453629581258,8.789821e-06,-26.94545,-27.369957447052002,-26.38122797012329,0.79959834,2.2137911,2.1386577486991882,2.2787525057792664,0.07704889,0.73793036,0.7128859460353851,0.7595841884613037,0.02568297,0.14066668,0.12600000575184822,0.15400001034140587,0.039848197,0.0,0.0,0.0,0.0,0.15155144,0.14815567061305046,0.16189168021082878,0.01870091,5.254192,5.248774886131287,5.266275525093079,0.019981502,5.264192,5.258775115013123,5.2762757539749146,0.019981502,1814400.0,1814400.0,1814400.0,0.0
567,0.0,0.0,0.0,0.0,2.0,2.0,2.0,0.0,0.28562182,0.28012920171022415,0.2951555922627449,0.011986423,0.2856779,0.2801855504512787,0.2952171489596367,0.011987863,1.0145379,1.002950757741928,1.0187101066112518,0.033153415,0.09696313,0.09578707814216614,0.09932455234229565,0.007264643,0.09696313,0.09578707814216614,0.09932455234229565,0.007264643,1.0,1.0,1.0,0.0,5.608676e-05,5.5740885727573186e-05,5.755939764640061e-05,3.7967368e-06,0.0005787739,0.0005734938458772376,0.0005810707953060046,8.724125e-06,-27.260675,-27.34744644165039,-26.923546314239502,0.64207846,2.2320278,2.206535816192627,2.2412070631980896,0.07293894,0.7440093,0.7355119735002518,0.7470690310001373,0.024312984,0.15333335,0.14800000935792923,0.1680000126361847,0.019246412,0.0006666667,0.0,0.0,0.0023094013,0.15305917,0.14618491008877754,0.16544635966420174,0.016276818,5.264192,5.258775115013123,5.2762757539749146,0.019981502,5.2741923,5.2687753438949585,5.2862759828567505,0.019981502,1817600.0,1817600.0,1817600.0,0.0
568,0.0,0.0,0.0,0.0,2.0,2.0,2.0,0.0,0.2856779,0.2801855504512787,0.2952171489596367,0.011987863,0.28573516,0.28024347871541977,0.2952808737754822,0.011987831,1.002274,0.9875016212463379,1.0240720212459564,0.029646404,0.09969374,0.09461048804223537,0.1029380951076746,0.0069663976,0.09969374,0.09461048804223537,0.1029380951076746,0.0069663976,1.0,1.0,1.0,0.0,5.72468e-05,5.471864642458968e-05,5.976882312097587e-05,3.715996e-06,0.00057444925,0.0005692086415365338,0.0005767289694631472,8.6589425e-06,-27.052301,-27.59489631652832,-26.35511875152588,0.84504944,2.205047,2.172546923160553,2.253003478050232,0.06522337,0.73501563,0.7241823375225067,0.751001164317131,0.021741122,0.17400001,0.15600001066923141,0.20200000330805779,0.03891249,0.0,0.0,0.0,0.0,0.1555629,0.14009279385209084,0.1678605154156685,0.020339703,5.2741923,5.2687753438949585,5.2862759828567505,0.019981502,5.2841926,5.278775572776794,5.296276211738586,0.019981502,1820800.0,1820800.0,1820800.0,0.0
569,0.0,0.0,0.0,0.0,2.0,2.0,2.0,0.0,0.28573516,0.28024347871541977,0.2952808737754822,0.011987831,0.28579023,0.2803044766187668,0.29533688724040985,0.011988903,1.0159137,1.006740689277649,1.0382874608039856,0.034373615,0.09668622,0.09156174398958683,0.0984678603708744,0.007945433,0.09668622,0.09156174398958683,0.0984678603708744,0.007945433,1.0,1.0,1.0,0.0,5.509239e-05,5.267158940114314e-05,5.5682055972283706e-05,4.1164903e-06,0.0005701569,0.0005649554514093325,0.0005724195943912491,8.594244e-06,-27.152847,-27.753268241882324,-26.753336906433105,0.6037072,2.2350547,2.214873731136322,2.284278094768524,0.07562345,0.74501824,0.7382912635803223,0.7614260464906693,0.025207812,0.16266668,0.13600000739097595,0.18400001525878906,0.03330666,0.0,0.0,0.0,0.0,0.1555323,0.14309750497341156,0.1638646423816681,0.015829133,5.2841926,5.278775572776794,5.296276211738586,0.019981502,5.294193,5.28877580165863,5.306276440620422,0.019981502,1824000.0,1824000.0,1824000.0,0.0
570,0.0,0.0,0.0,0.0,2.0,2.0,2.0,0.0,0.28579023,0.2803044766187668,0.29533688724040985,0.011988903,0.28584442,0.2803557515144348,0.29539112746715546,0.011989821,1.0194527,1.0124562680721283,1.0344865322113037,0.021344753,0.09572669,0.09236638620495796,0.09718586318194866,0.00477998,0.09572669,0.09236638620495796,0.09718586318194866,0.00477998,1.0,1.0,1.0,0.0,5.4151093e-05,5.294098809827119e-05,5.5100375902839005e-05,2.3403422e-06,0.0005658967,0.0005607340572169051,0.0005681423936039209,8.530007e-06,-26.974382,-27.565092086791992,-26.43283462524414,0.7731174,2.242841,2.227448344230652,2.275915801525116,0.046959385,0.74761367,0.7424827814102173,0.7586386352777481,0.015653128,0.15266667,0.13600000739097595,0.1680000126361847,0.023250937,0.0,0.0,0.0,0.0,0.15071148,0.14480163156986237,0.16061664372682571,0.014276797,5.294193,5.28877580165863,5.306276440620422,0.019981502,5.304193,5.298776030540466,5.316276669502258,0.019981502,1827200.0,1827200.0,1827200.0,0.0
571,0.0,0.0,0.0,0.0,2.0,2.0,2.0,0.0,0.28584442,0.2803557515144348,0.29539112746715546,0.011989821,0.28589883,0.28040723502635956,0.29544375091791153,0.011988733,1.0147575,1.0050407946109772,1.0274900197982788,0.033095267,0.0969176,0.09386636130511761,0.09884624183177948,0.0074366205,0.0969176,0.09386636130511761,0.09884624183177948,0.0074366205,1.0,1.0,1.0,0.0,5.4448814e-05,5.228180543781491e-05,5.5406148931069765e-05,4.4868193e-06,0.00056166825,0.0005565442115766928,0.0005638972070300952,8.466272e-06,-27.256033,-27.880051612854004,-26.92002296447754,0.75201505,2.232511,2.211133897304535,2.26052325963974,0.07281105,0.74417037,0.737044632434845,0.7535077780485153,0.024270348,0.16266668,0.1340000070631504,0.19200000166893005,0.034843374,0.0,0.0,0.0,0.0,0.15498386,0.14624451100826263,0.16491054370999336,0.012562816,5.304193,5.298776030540466,5.316276669502258,0.019981502,5.3141932,5.308776259422302,5.326276898384094,0.019981502,1830400.0,1830400.0,1830400.0,0.0
572,0.0,0.0,0.0,0.0,2.0,2.0,2.0,0.0,0.28589883,0.28040723502635956,0.29544375091791153,0.011988733,0.28595406,0.2804599553346634,0.2954968139529228,0.011988133,1.0054334,0.9855879694223404,1.0217056274414062,0.034811724,0.099042095,0.09513347409665585,0.10337417386472225,0.0077103693,0.099042095,0.09513347409665585,0.10337417386472225,0.0077103693,1.0,1.0,1.0,0.0,5.52056e-05,5.2696288548759185e-05,5.815786153107183e-05,4.254597e-06,0.00055747136,0.0005523855943465605,0.000559683729079552,8.403017e-06,-27.117037,-27.71219539642334,-26.664771556854248,0.8279131,2.2119977,2.168336808681488,2.2477972507476807,0.07658733,0.7373326,0.7227789759635925,0.7492657750844955,0.025529107,0.1675,0.13749999925494194,0.17749999836087227,0.04433857,0.0,0.0,0.0,0.0,0.15661477,0.1416189894080162,0.16537682339549065,0.023745824,5.3141932,5.308776259422302,5.326276898384094,0.019981502,5.3241935,5.318776488304138,5.33627712726593,0.019981502,1833600.0,1833600.0,1833600.0,0.0
573,0.0,0.0,0.0,0.0,2.0,2.0,2.0,0.0,0.28595406,0.2804599553346634,0.2954968139529228,0.011988133,0.2860082,0.2805165499448776,0.2955486997961998,0.011989544,1.0107969,0.9877814650535583,1.0218906998634338,0.039813764,0.09791393,0.09508737921714783,0.10285344906151295,0.008733488,0.09791393,0.09508737921714783,0.10285344906151295,0.008733488,1.0,1.0,1.0,0.0,5.4147516e-05,5.189016701478977e-05,5.6736223996267654e-05,4.558643e-06,0.0005533059,0.0005482581473188475,0.0005555016832659021,8.3402265e-06,-27.141386,-27.46845293045044,-26.761616706848145,0.5514415,2.2237976,2.1731626391410828,2.248204529285431,0.08759206,0.74126583,0.7243875861167908,0.7494015246629715,0.029197354,0.18466668,0.17400001361966133,0.20200000330805779,0.029632086,0.0006666667,0.0,0.0,0.0023094013,0.15390716,0.1479794830083847,0.16452152654528618,0.01559572,5.3241935,5.318776488304138,5.33627712726593,0.019981502,5.3341937,5.328776717185974,5.346277356147766,0.019981502,1836800.0,1836800.0,1836800.0,0.0
574,0.0,0.0,0.0,0.0,2.0,2.0,2.0,0.0,0.2860082,0.2805165499448776,0.2955486997961998,0.011989544,0.28606176,0.2805667594075203,0.29559871554374695,0.011989819,1.0116168,0.9916970282793045,1.0385892391204834,0.027585963,0.0975399,0.09149912744760513,0.10193711519241333,0.00615038,0.0975399,0.09149912744760513,0.10193711519241333,0.00615038,1.0,1.0,1.0,0.0,5.3556887e-05,5.021180732001085e-05,5.6728484196355566e-05,3.322979e-06,0.0005491715,0.0005441614921437576,0.0005513509240699932,8.277909e-06,-27.065964,-27.496135234832764,-26.44813346862793,0.717985,2.2256014,2.181777000427246,2.2849419713020325,0.06069037,0.7418671,0.7272590398788452,0.7616473436355591,0.020230116,0.16333334,0.13600000739097595,0.1900000125169754,0.046203766,0.0013333334,0.0,0.0,0.003113996,0.15658379,0.1395595334470272,0.1740270033478737,0.024734532,5.3341937,5.328776717185974,5.346277356147766,0.019981502,5.344194,5.33877694606781,5.356277585029602,0.019981502,1840000.0,1840000.0,1840000.0,0.0
575,0.0,0.0,0.0,0.0,2.0,2.0,2.0,0.0,0.28606176,0.2805667594075203,0.29559871554374695,0.011989819,0.28611523,0.2806217670440674,0.2956544756889343,0.011990259,1.0089003,0.9905397742986679,1.0260235965251923,0.02512769,0.09811986,0.09418730810284615,0.10220583900809288,0.00556258,0.09811986,0.09418730810284615,0.10220583900809288,0.00556258,1.0,1.0,1.0,0.0,5.3466163e-05,5.108249024488032e-05,5.5267625612032134e-05,2.855989e-06,0.000545068,0.0005400954396463931,0.0005472311604535207,8.216072e-06,-26.944315,-27.16008424758911,-26.742638111114502,0.4462949,2.219625,2.17923104763031,2.257296919822693,0.055282053,0.739875,0.726410374045372,0.7524323165416718,0.018427353,0.15266667,0.1120000034570694,0.18000001087784767,0.044405844,0.0,0.0,0.0,0.0,0.14805107,0.13528051227331161,0.16077947616577148,0.016441245,5.344194,5.33877694606781,5.356277585029602,0.019981502,5.354194,5.348777174949646,5.366277813911438,0.019981502,1843200.0,1843200.0,1843200.0,0.0
576,0.0,0.0,0.0,0.0,2.0,2.0,2.0,0.0,0.28611523,0.2806217670440674,0.2956544756889343,0.011990259,0.28616467,0.2806692495942116,0.29571060091257095,0.011991514,1.0112125,0.982056587934494,1.02351975440979,0.043553337,0.09132597,0.09474098309874535,0.10422241687774658,0.02961409,0.09788513,0.09474098309874535,0.10422241687774658,0.009290255,0.9166667,1.0,1.0,0.28867513,4.9432634e-05,5.154811788088409e-05,5.6728099480096716e-05,1.6009593e-05,0.0005409952,0.0005360598006518558,0.0005431421886896715,8.154682e-06,-26.930649,-27.157617568969727,-26.356784343719482,0.88653314,2.2247117,2.1605676412582397,2.251788377761841,0.09581925,0.74157065,0.7201892286539078,0.7505961507558823,0.031939756,0.16666667,0.1340000070631504,0.2240000069141388,0.046626825,0.0,0.0,0.0,0.0,0.15335408,0.14451982080936432,0.16063259169459343,0.0119951945,5.354194,5.348777174949646,5.366277813911438,0.019981502,5.3641944,5.358777403831482,5.376278042793274,0.019981502,1846400.0,1846400.0,1846400.0,0.0
577,0.0,0.0,0.0,0.0,2.0,2.0,2.0,0.0,0.28616467,0.2806692495942116,0.29571060091257095,0.011991514,0.28621575,0.28071579337120056,0.29576538503170013,0.011993663,1.0229028,0.9875660240650177,1.0491470098495483,0.038914226,0.0952168,0.08930032327771187,0.10291388630867004,0.008678112,0.0952168,0.08930032327771187,0.10291388630867004,0.008678112,1.0,1.0,1.0,0.0,5.110628e-05,4.8385724767285865e-05,5.4714305406378116e-05,4.4524545e-06,0.00053695287,0.0005320542841218412,0.000539083790499717,8.0937425e-06,-27.376883,-27.886820793151855,-26.743177890777588,0.8072381,2.2504313,2.172688663005829,2.3081694841384888,0.08561304,0.75014377,0.72422955930233,0.7693898528814316,0.028537681,0.16333334,0.13600000739097595,0.1900000125169754,0.038962297,0.0006666667,0.0,0.0,0.0023094013,0.15800281,0.14747491851449013,0.1708381623029709,0.017506447,5.3641944,5.358777403831482,5.376278042793274,0.019981502,5.3741946,5.368777632713318,5.38627827167511,0.019981502,1849600.0,1849600.0,1849600.0,0.0
578,0.0,0.0,0.0,0.0,2.0,2.0,2.0,0.0,0.28621575,0.28071579337120056,0.29576538503170013,0.011993663,0.28626898,0.28076718747615814,0.2958226576447487,0.011996201,1.0020052,0.9746923744678497,1.0266412496566772,0.041090444,0.09994834,0.09405908733606339,0.10603025928139687,0.009458257,0.09994834,0.09405908733606339,0.10603025928139687,0.009458257,1.0,1.0,1.0,0.0,5.3228305e-05,5.031748514738865e-05,5.552641596295871e-05,4.670261e-06,0.00053294067,0.0005280787008814514,0.0005350556311896071,8.033276e-06,-26.970778,-27.55380392074585,-26.56308650970459,0.8134782,2.2044556,2.1443660259246826,2.2586559653282166,0.09040079,0.7348185,0.7147887051105499,0.7528853416442871,0.0301336,0.17733334,0.16600001230835915,0.19600000232458115,0.029112112,0.0,0.0,0.0,0.0,0.15263209,0.13806382566690445,0.16186144948005676,0.021918464,5.3741946,5.368777632713318,5.38627827167511,0.019981502,5.384195,5.378777861595154,5.396278500556946,0.019981502,1852800.0,1852800.0,1852800.0,0.0
579,0.0,0.0,0.0,0.0,2.0,2.0,2.0,0.0,0.28626898,0.28076718747615814,0.2958226576447487,0.011996201,0.28632203,0.2808172106742859,0.2958734408020973,0.011996383,0.9997545,0.9787716120481491,1.011635184288025,0.029656077,0.10026608,0.09735953062772751,0.10500948876142502,0.0066338736,0.10026608,0.09735953062772751,0.10500948876142502,0.0066338736,1.0,1.0,1.0,0.0,5.3025073e-05,5.079219499748433e-05,5.5928904657776e-05,3.4384864e-06,0.00052895845,0.0005241328326519579,0.0005310576525516808,7.973244e-06,-26.788681,-26.948997974395752,-26.615638732910156,0.46153215,2.199504,2.153340518474579,2.2256418466567993,0.06524466,0.73316795,0.7177801877260208,0.7418806403875351,0.021748226,0.16266668,0.14800000935792923,0.17600001394748688,0.032955434,0.0,0.0,0.0,0.0,0.1568575,0.14035742729902267,0.1686841994524002,0.019312294,5.384195,5.378777861595154,5.396278500556946,0.019981502,5.394195,5.38877809047699,5.406278729438782,0.019981502,1856000.0,1856000.0,1856000.0,0.0
580,0.0,0.0,0.0,0.0,2.0,2.0,2.0,0.0,0.28632203,0.2808172106742859,0.2958734408020973,0.011996383,0.28637168,0.28086328506469727,0.29591917246580124,0.011996821,1.0249175,1.0055002272129059,1.04289311170578,0.02817071,0.09460569,0.09059611894190311,0.0987435057759285,0.006106912,0.09460569,0.09059611894190311,0.0987435057759285,0.006106912,1.0,1.0,1.0,0.0,4.9662234e-05,4.75386941616307e-05,5.1896727200073656e-05,3.168195e-06,0.00052500603,0.0005202164611546323,0.0005270895198918879,7.913669e-06,-27.184893,-27.310152053833008,-26.96826457977295,0.54937255,2.2548633,2.212144672870636,2.2944105863571167,0.061976764,0.75162107,0.7373815774917603,0.764803558588028,0.020658923,0.15266667,0.12800000607967377,0.17200001329183578,0.03435995,0.0006666667,0.0,0.0,0.0023094013,0.1557639,0.1493527889251709,0.16221041977405548,0.008976423,5.394195,5.38877809047699,5.406278729438782,0.019981502,5.4041953,5.398778319358826,5.416278958320618,0.019981502,1859200.0,1859200.0,1859200.0,0.0
581,0.0,0.0,0.0,0.0,2.0,2.0,2.0,0.0,0.28637168,0.28086328506469727,0.29591917246580124,0.011996821,0.28642187,0.28090813010931015,0.29597603529691696,0.011999778,1.0177462,0.9960860460996628,1.054416835308075,0.041384995,0.09640177,0.08822339959442616,0.10090585798025131,0.009373865,0.09640177,0.08822339959442616,0.10090585798025131,0.009373865,1.0,1.0,1.0,0.0,5.0194154e-05,4.6805541387584526e-05,5.2008599595865235e-05,4.4772255e-06,0.00052108313,0.0005163293535588309,0.0005231510440353304,7.854538e-06,-27.139177,-27.804622650146484,-26.603919982910156,0.9250235,2.2390864,2.191433072090149,2.3197633028030396,0.09104878,0.74636215,0.7304777204990387,0.7732544541358948,0.030349592,0.16200002,0.14000000804662704,0.18200001120567322,0.0369176,0.0013333334,0.0,0.0,0.003113996,0.16135904,0.14776918292045593,0.17577839270234108,0.021301119,5.4041953,5.398778319358826,5.416278958320618,0.019981502,5.4141955,5.408778548240662,5.426279187202454,0.019981502,1862400.0,1862400.0,1862400.0,0.0
582,0.0,0.0,0.0,0.0,2.0,2.0,2.0,0.0,0.28642187,0.28090813010931015,0.29597603529691696,0.011999778,0.2864721,0.2809573784470558,0.29602452367544174,0.01200005,1.0140616,0.9969847947359085,1.0476486384868622,0.037866235,0.09715536,0.08960894495248795,0.10072387754917145,0.008603241,0.09715536,0.08960894495248795,0.10072387754917145,0.008603241,1.0,1.0,1.0,0.0,5.023218e-05,4.710540088126436e-05,5.3127138926356565e-05,4.300268e-06,0.00051718956,0.0005124712479300797,0.0005192420358071104,7.795842e-06,-26.998331,-27.329067707061768,-26.68025541305542,0.69365615,2.23098,2.1934103965759277,2.304872989654541,0.08330737,0.74366,0.7311367988586426,0.7682910114526749,0.027769122,0.15466668,0.14000000804662704,0.1680000126361847,0.035668507,0.0006666667,0.0,0.0,0.0023094013,0.16118968,0.1492004357278347,0.16734667494893074,0.02005411,5.4141955,5.408778548240662,5.426279187202454,0.019981502,5.424196,5.418778777122498,5.4362794160842896,0.019981502,1865600.0,1865600.0,1865600.0,0.0
583,0.0,0.0,0.0,0.0,2.0,2.0,2.0,0.0,0.2864721,0.2809573784470558,0.29602452367544174,0.01200005,0.28652406,0.28100796043872833,0.2960744947195053,0.011999748,0.9956281,0.9793401509523392,1.0132552981376648,0.02549292,0.10116991,0.09699692204594612,0.10487214662134647,0.005857862,0.10116991,0.09699692204594612,0.10487214662134647,0.005857862,1.0,1.0,1.0,0.0,5.1934778e-05,4.994520168111194e-05,5.4725718655390665e-05,3.1327124e-06,0.00051332504,0.000508642042404972,0.0005153621459612623,7.7375835e-06,-26.66755,-26.969242572784424,-26.315680027008057,0.4349673,2.1904256,2.154591381549835,2.229206144809723,0.056085538,0.7301419,0.7181971371173859,0.743068739771843,0.018695189,0.16866668,0.15400001034140587,0.19200000166893005,0.027598858,0.0006666667,0.0,0.0,0.0023094013,0.1506905,0.1354423202574253,0.1644587703049183,0.021101572,5.424196,5.418778777122498,5.4362794160842896,0.019981502,5.434196,5.4287790060043335,5.4462796449661255,0.019981502,1868800.0,1868800.0,1868800.0,0.0
584,0.0,0.0,0.0,0.0,2.0,2.0,2.0,0.0,0.28652406,0.28100796043872833,0.2960744947195053,0.011999748,0.28657392,0.281057208776474,0.29612524807453156,0.011999282,1.010192,0.9932131171226501,1.029980480670929,0.030382974,0.09789447,0.0933296401053667,0.10157501325011253,0.006600285,0.09789447,0.0933296401053667,0.10157501325011253,0.006600285,1.0,1.0,1.0,0.0,4.9863793e-05,4.8564958888164256e-05,5.164257345313672e-05,3.2380424e-06,0.0005094894,0.0005048413877375424,0.0005115112871862948,7.6797705e-06,-26.921682,-27.495230197906494,-26.394773960113525,0.7175627,2.2224667,2.1851125359535217,2.266002357006073,0.06684388,0.74082226,0.7283708453178406,0.7553341388702393,0.022281297,0.154,0.1420000083744526,0.17600001394748688,0.03430346,0.0,0.0,0.0,0.0,0.15276767,0.13701378926634789,0.16708213463425636,0.019485874,5.434196,5.4287790060043335,5.4462796449661255,0.019981502,5.444196,5.438779234886169,5.456279873847961,0.019981502,1872000.0,1872000.0,1872000.0,0.0
585,0.0,0.0,0.0,0.0,2.0,2.0,2.0,0.0,0.28657392,0.281057208776474,0.29612524807453156,0.011999282,0.28662285,0.2811063751578331,0.2961692661046982,0.011998321,1.015986,1.0035810768604279,1.0474888384342194,0.03913496,0.09674895,0.08964411169290543,0.09917938522994518,0.008859791,0.09674895,0.08964411169290543,0.09917938522994518,0.008859791,1.0,1.0,1.0,0.0,4.893538e-05,4.538001940090908e-05,5.041342228651047e-05,4.6296445e-06,0.00050568243,0.0005010691529605538,0.0005076892703073099,7.622392e-06,-27.41458,-27.715500831604004,-27.15045976638794,0.73174435,2.235214,2.207922577857971,2.3045215010643005,0.086098626,0.74507135,0.7359741926193237,0.76817387342453,0.028699543,0.16083333,0.11749999783933163,0.1899999938905239,0.051071845,0.0,0.0,0.0,0.0,0.15416454,0.13077497482299805,0.16409717872738838,0.027406536,5.444196,5.438779234886169,5.456279873847961,0.019981502,5.4541965,5.448779463768005,5.466280102729797,0.019981502,1875200.0,1875200.0,1875200.0,0.0
586,0.0,0.0,0.0,0.0,2.0,2.0,2.0,0.0,0.28662285,0.2811063751578331,0.2961692661046982,0.011998321,0.28666997,0.28115060925483704,0.2962135523557663,0.011997768,1.0278409,1.0164716243743896,1.036217361688614,0.02031217,0.093883775,0.0920112133026123,0.09627848491072655,0.0043308414,0.093883775,0.0920112133026123,0.09627848491072655,0.0043308414,1.0,1.0,1.0,0.0,4.712665e-05,4.554325369099388e-05,4.86718381580431e-05,2.4122107e-06,0.00050190394,0.0004973251343471929,0.0005038957460783422,7.565433e-06,-27.363764,-27.712023735046387,-27.013516902923584,0.61610186,2.261295,2.236282169818878,2.279723644256592,0.044687655,0.75376505,0.7454274147748947,0.75990791618824,0.014895878,0.158,0.1380000077188015,0.17800001427531242,0.038004786,0.0006666667,0.0,0.0,0.0023094013,0.15573747,0.14833906665444374,0.1617899164557457,0.010491574,5.4541965,5.448779463768005,5.466280102729797,0.019981502,5.4641967,5.458779692649841,5.476280331611633,0.019981502,1878400.0,1878400.0,1878400.0,0.0
587,0.0,0.0,0.0,0.0,2.0,2.0,2.0,0.0,0.28666997,0.28115060925483704,0.2962135523557663,0.011997768,0.28671858,0.28119777143001556,0.2962607517838478,0.0119968355,1.0113479,0.9892095774412155,1.0333062708377838,0.02371629,0.0975551,0.09261773712933064,0.10251606069505215,0.0053857104,0.0975551,0.09261773712933064,0.10251606069505215,0.0053857104,1.0,1.0,1.0,0.0,4.8596765e-05,4.6591650061600376e-05,5.1175149565096945e-05,2.7699036e-06,0.0004981536,0.0004936090263072401,0.0005001305544283241,7.508898e-06,-26.976883,-27.507291316986084,-26.442782402038574,0.58913565,2.2250097,2.176304578781128,2.2733190655708313,0.052176833,0.74166995,0.7254348695278168,0.7577730268239975,0.017392278,0.16266668,0.14400000870227814,0.17000001296401024,0.02999798,0.0006666667,0.0,0.0,0.0023094013,0.159913,0.14694886282086372,0.176016915589571,0.020488726,5.4641967,5.458779692649841,5.476280331611633,0.019981502,5.474197,5.468779921531677,5.486280560493469,0.019981502,1881600.0,1881600.0,1881600.0,0.0
588,0.0,0.0,0.0,0.0,2.0,2.0,2.0,0.0,0.28671858,0.28119777143001556,0.2962607517838478,0.0119968355,0.2867675,0.2812422662973404,0.2963057607412338,0.01199655,1.0056581,0.9867987632751465,1.0346793234348297,0.03444031,0.098990224,0.09232731908559799,0.10311966948211193,0.007840921,0.098990224,0.09232731908559799,0.10311966948211193,0.007840921,1.0,1.0,1.0,0.0,4.8936927e-05,4.587483454088215e-05,5.1897824960178696e-05,3.830594e-06,0.0004944314,0.0004899207269772887,0.0004963935498381034,7.4528043e-06,-26.997896,-27.594021320343018,-26.275567054748535,0.9602292,2.212492,2.171000599861145,2.276339888572693,0.07577018,0.7374974,0.7236669063568115,0.7587800025939941,0.025256723,0.14733334,0.12600000575184822,0.16200001165270805,0.036970094,0.0,0.0,0.0,0.0,0.15607375,0.14951201900839806,0.16603298112750053,0.015948508,5.474197,5.468779921531677,5.486280560493469,0.019981502,5.484197,5.478780150413513,5.496280789375305,0.019981502,1884800.0,1884800.0,1884800.0,0.0
589,0.0,0.0,0.0,0.0,2.0,2.0,2.0,0.0,0.2867675,0.2812422662973404,0.2963057607412338,0.01199655,0.28681362,0.2812874764204025,0.29635366052389145,0.011995944,1.0275846,1.0152482390403748,1.0426509976387024,0.02309888,0.093968205,0.09065122529864311,0.09655961394309998,0.005030507,0.093968205,0.09065122529864311,0.09655961394309998,0.005030507,1.0,1.0,1.0,0.0,4.6114266e-05,4.435346727404976e-05,4.821672791877063e-05,2.5602014e-06,0.0004907369,0.00048626000352669507,0.0004926843976136297,7.3971055e-06,-27.189596,-27.657195568084717,-26.769749641418457,0.7160257,2.260731,2.2335907220840454,2.2938780784606934,0.050818548,0.75357705,0.7445302456617355,0.7646260559558868,0.016939515,0.14533333,0.12000000476837158,0.1680000126361847,0.042719666,0.0006666667,0.0,0.0,0.0023094013,0.15516289,0.1357293576002121,0.17104139551520348,0.022273114,5.484197,5.478780150413513,5.496280789375305,0.019981502,5.4941974,5.488780379295349,5.506281018257141,0.019981502,1888000.0,1888000.0,1888000.0,0.0
590,0.0,0.0,0.0,0.0,2.0,2.0,2.0,0.0,0.28681362,0.2812874764204025,0.29635366052389145,0.011995944,0.28685912,0.28132982552051544,0.29639798402786255,0.011995087,1.0300553,1.0164700150489807,1.0436948239803314,0.019249277,0.09339747,0.09042894281446934,0.09627865068614483,0.004130127,0.09339747,0.09042894281446934,0.09627865068614483,0.004130127,1.0,1.0,1.0,0.0,4.549956e-05,4.3235939301666804e-05,4.740695203508949e-05,2.3156222e-06,0.00048707006,0.0004826266012969427,0.000489003024995327,7.341828e-06,-27.724737,-28.22169017791748,-27.271812438964844,0.67296124,2.266167,2.2362786531448364,2.296174466609955,0.04234927,0.755389,0.7454262375831604,0.7653915286064148,0.014116428,0.15066667,0.1340000070631504,0.16600001230835915,0.029112114,0.0,0.0,0.0,0.0,0.16278204,0.1462111435830593,0.16944336146116257,0.019207768,5.4941974,5.488780379295349,5.506281018257141,0.019981502,5.5041976,5.498780608177185,5.516281247138977,0.019981502,1891200.0,1891200.0,1891200.0,0.0
591,0.0,0.0,0.0,0.0,2.0,2.0,2.0,0.0,0.28685912,0.28132982552051544,0.29639798402786255,0.011995087,0.2869046,0.28137147426605225,0.2964455857872963,0.011996273,1.0276892,1.0016673505306244,1.0494312942028046,0.035224847,0.094106786,0.08924758993089199,0.09961880557239056,0.007644897,0.094106786,0.08924758993089199,0.09961880557239056,0.007644897,1.0,1.0,1.0,0.0,4.5467026e-05,4.335861831350485e-05,4.750299376610201e-05,3.3823521e-06,0.00048343066,0.0004790203893207945,0.0004853491409448907,7.2869825e-06,-27.30797,-27.616913318634033,-26.964277267456055,0.58756864,2.2609613,2.2037121057510376,2.3087950348854065,0.0774962,0.7536538,0.7345707416534424,0.7695983797311783,0.025832063,0.14466667,0.12000000476837158,0.1600000113248825,0.027808873,0.0,0.0,0.0,0.0,0.15613686,0.15085701644420624,0.1654294766485691,0.01526133,5.5041976,5.498780608177185,5.516281247138977,0.019981502,5.514198,5.508780837059021,5.526281476020813,0.019981502,1894400.0,1894400.0,1894400.0,0.0
592,0.0,0.0,0.0,0.0,2.0,2.0,2.0,0.0,0.2869046,0.28137147426605225,0.2964455857872963,0.011996273,0.28694996,0.2814158722758293,0.29649003595113754,0.011997063,1.0249054,1.016284167766571,1.0379680693149567,0.026101682,0.094584115,0.09163209609687328,0.09632550552487373,0.0057440996,0.094584115,0.09163209609687328,0.09632550552487373,0.0057440996,1.0,1.0,1.0,0.0,4.5370656e-05,4.370910482975887e-05,4.7076742703211494e-05,2.6023301e-06,0.0004798184,0.0004754410474561155,0.0004817225635633804,7.232519e-06,-27.263,-27.575852870941162,-26.920817375183105,0.44267792,2.254837,2.235869824886322,2.2835752964019775,0.057424866,0.75161237,0.7452899515628815,0.761191800236702,0.019141626,0.14666668,0.1340000070631504,0.15400001034140587,0.023715487,0.0,0.0,0.0,0.0,0.16130467,0.14875077828764915,0.17041228711605072,0.015319601,5.514198,5.508780837059021,5.526281476020813,0.019981502,5.524198,5.518781065940857,5.536281704902649,0.019981502,1897600.0,1897600.0,1897600.0,0.0
593,0.0,0.0,0.0,0.0,2.0,2.0,2.0,0.0,0.28694996,0.2814158722758293,0.29649003595113754,0.011997063,0.2869968,0.2814600467681885,0.2965397909283638,0.011999015,1.0079812,0.9807493388652802,1.0335377752780914,0.03634032,0.098490804,0.09256991557776928,0.1045325268059969,0.008101485,0.098490804,0.09256991557776928,0.1045325268059969,0.008101485,1.0,1.0,1.0,0.0,4.6874295e-05,4.427279873198131e-05,4.93275410917704e-05,3.5261567e-06,0.0004762331,0.00047188851021928713,0.0004781230745720677,7.178479e-06,-27.029844,-27.433189392089844,-26.896710872650146,0.67068934,2.217603,2.1576916575431824,2.273828446865082,0.07995027,0.739201,0.719230592250824,0.7579428553581238,0.02665009,0.17000002,0.16600001230835915,0.17600001394748688,0.017766159,0.0,0.0,0.0,0.0,0.14504777,0.13136067241430283,0.15373347327113152,0.016383857,5.524198,5.518781065940857,5.536281704902649,0.019981502,5.5341983,5.528781294822693,5.546281933784485,0.019981502,1900800.0,1900800.0,1900800.0,0.0
594,0.0,0.0,0.0,0.0,2.0,2.0,2.0,0.0,0.2869968,0.2814600467681885,0.2965397909283638,0.011999015,0.28704354,0.28150632232427597,0.2965848445892334,0.011999752,1.005921,0.9809317290782928,1.0259732604026794,0.031145379,0.09887705,0.09419478476047516,0.10448844358325005,0.00702187,0.09887705,0.09419478476047516,0.10448844358325005,0.00702187,1.0,1.0,1.0,0.0,4.671822e-05,4.445640297490172e-05,4.889499359705951e-05,3.1214315e-06,0.00047267464,0.0004683625229517929,0.00047455047024413943,7.124843e-06,-27.146273,-27.691296100616455,-26.76948356628418,0.6338071,2.2130704,2.1580928564071655,2.257186233997345,0.068521224,0.73769015,0.7193643152713776,0.752395436167717,0.022840407,0.168,0.1380000077188015,0.20200000330805779,0.05001818,0.0006666667,0.0,0.0,0.0023094013,0.15975758,0.1519141048192978,0.16419478505849838,0.01545104,5.5341983,5.528781294822693,5.546281933784485,0.019981502,5.5441985,5.538781523704529,5.556282162666321,0.019981502,1904000.0,1904000.0,1904000.0,0.0
595,0.0,0.0,0.0,0.0,2.0,2.0,2.0,0.0,0.28704354,0.28150632232427597,0.2965848445892334,0.011999752,0.28708956,0.2815519943833351,0.29663050919771194,0.011999107,1.0096719,0.9938192665576935,1.0160289108753204,0.032379303,0.09804068,0.09637740813195705,0.1014362033456564,0.0070420625,0.09804068,0.09637740813195705,0.1014362033456564,0.0070420625,1.0,1.0,1.0,0.0,4.5993977e-05,4.528329282038612e-05,4.746341892314376e-05,3.3205686e-06,0.0004691428,0.00046486286009894684,0.0004710046123364009,7.0716046e-06,-27.008005,-27.289625644683838,-26.770620346069336,0.75880307,2.2213228,2.1864460706710815,2.2353081703186035,0.07123589,0.7404409,0.7288153916597366,0.745102733373642,0.023745298,0.16933334,0.15600001066923141,0.18800001218914986,0.03286704,0.0,0.0,0.0,0.0,0.15214343,0.14480335265398026,0.15962182730436325,0.021328645,5.5441985,5.538781523704529,5.556282162666321,0.019981502,5.5541987,5.548781752586365,5.566282391548157,0.019981502,1907200.0,1907200.0,1907200.0,0.0
596,0.0,0.0,0.0,0.0,2.0,2.0,2.0,0.0,0.28708956,0.2815519943833351,0.29663050919771194,0.011999107,0.28713423,0.28159478306770325,0.2966770753264427,0.012001495,1.0190772,0.9880078881978989,1.0523931086063385,0.038336735,0.09604312,0.08863548934459686,0.10280016623437405,0.0084188795,0.09604312,0.08863548934459686,0.10280016623437405,0.0084188795,1.0,1.0,1.0,0.0,4.4689947e-05,4.2378543184895534e-05,4.753845587401884e-05,3.5533928e-06,0.0004656373,0.00046138934703776613,0.0004674852025345899,7.0187702e-06,-27.177847,-27.68559741973877,-26.590613842010498,0.79814625,2.2420146,2.1736607551574707,2.3153111338615417,0.08434252,0.74733824,0.7245536148548126,0.7717704176902771,0.028114177,0.15866667,0.12600000575184822,0.1940000019967556,0.039902914,0.0,0.0,0.0,0.0,0.15097909,0.14350830763578415,0.16458141431212425,0.019546548,5.5541987,5.548781752586365,5.566282391548157,0.019981502,5.564199,5.558781981468201,5.576282620429993,0.019981502,1910400.0,1910400.0,1910400.0,0.0
597,0.0,0.0,0.0,0.0,2.0,2.0,2.0,0.0,0.28713423,0.28159478306770325,0.2966770753264427,0.012001495,0.28717887,0.2816406711935997,0.2967204228043556,0.012002525,1.016324,0.9892857521772385,1.0461903512477875,0.039041046,0.0966625,0.08991921693086624,0.10249914973974228,0.008481599,0.0966625,0.08991921693086624,0.10249914973974228,0.008481599,1.0,1.0,1.0,0.0,4.4642584e-05,4.157439161645016e-05,4.732368051918456e-05,3.603255e-06,0.000462158,0.0004579417945933528,0.0004639920880435966,6.9663147e-06,-27.085615,-27.725343227386475,-26.693603515625,0.7518965,2.2359576,2.1764721274375916,2.301664710044861,0.085892044,0.7453192,0.7254907190799713,0.7672215849161148,0.028630683,0.158,0.12000000476837158,0.17600001394748688,0.041376323,0.0,0.0,0.0,0.0,0.15756015,0.13633397221565247,0.1689062975347042,0.029573329,5.564199,5.558781981468201,5.576282620429993,0.019981502,5.574199,5.568782210350037,5.586282849311829,0.019981502,1913600.0,1913600.0,1913600.0,0.0
598,0.0,0.0,0.0,0.0,2.0,2.0,2.0,0.0,0.28717887,0.2816406711935997,0.2967204228043556,0.012002525,0.2872253,0.2816849499940872,0.29676587134599686,0.0120036295,0.9951904,0.9844114482402802,1.010248750448227,0.027228493,0.10129729,0.09767119586467743,0.10370412655174732,0.0064241784,0.10129729,0.09767119586467743,0.10370412655174732,0.0064241784,1.0,1.0,1.0,0.0,4.644701e-05,4.5200169552117586e-05,4.7200788685586303e-05,2.6986688e-06,0.0004587047,0.00045451999903889373,0.0004605250942404382,6.9142698e-06,-26.875443,-27.034345149993896,-26.588658332824707,0.6027224,2.1894624,2.165748417377472,2.2225915789604187,0.05990384,0.7298209,0.721916139125824,0.7408638596534729,0.019967943,0.1775,0.1424999926239252,0.20999999344348907,0.0557796,0.0008333333,0.0,0.0,0.0028867512,0.140364,0.1337609924376011,0.14428726583719254,0.020112379,5.574199,5.568782210350037,5.586282849311829,0.019981502,5.5841994,5.578782439231873,5.5962830781936646,0.019981502,1916800.0,1916800.0,1916800.0,0.0
599,0.0,0.0,0.0,0.0,2.0,2.0,2.0,0.0,0.2872253,0.2816849499940872,0.29676587134599686,0.0120036295,0.28726932,0.2817285805940628,0.29681143164634705,0.012002605,1.0152446,0.9997507333755493,1.0248988568782806,0.024196379,0.096685685,0.09442824125289917,0.10006009228527546,0.0052472167,0.096685685,0.09442824125289917,0.10006009228527546,0.0052472167,1.0,1.0,1.0,0.0,4.402098e-05,4.302954675949877e-05,4.593637549987761e-05,2.511732e-06,0.0004552772,0.0004511237857514061,0.0004570840028463863,6.862607e-06,-27.258272,-27.638195514678955,-26.701929569244385,0.71322846,2.2335827,2.199495553970337,2.2548224329948425,0.053233083,0.74452764,0.7331651896238327,0.7516075074672699,0.017744362,0.16266668,0.13200000673532486,0.1900000125169754,0.049589835,0.0,0.0,0.0,0.0,0.15488571,0.1430475302040577,0.17145396023988724,0.020280825,5.5841994,5.578782439231873,5.5962830781936646,0.019981502,5.5941997,5.5887826681137085,5.6062833070755005,0.019981502,1920000.0,1920000.0,1920000.0,0.0
600,0.0,0.0,0.0,0.0,2.0,2.0,2.0,0.0,0.28726932,0.2817285805940628,0.29681143164634705,0.012002605,0.2873122,0.2817678302526474,0.2968554049730301,0.012002993,1.023532,1.017763465642929,1.0390065908432007,0.02866756,0.09491769,0.09141143970191479,0.09599805995821953,0.0063997866,0.09491769,0.09141143970191479,0.09599805995821953,0.0063997866,1.0,1.0,1.0,0.0,4.2882148e-05,4.124109182157554e-05,4.392866048874566e-05,2.7944777e-06,0.00045187536,0.0004477529364521615,0.00045366861013462767,6.8113227e-06,-27.13662,-27.502817153930664,-26.896718502044678,0.7558612,2.2518156,2.239124298095703,2.2858601212501526,0.06306991,0.75060517,0.746374785900116,0.7619533836841583,0.0210233,0.16600001,0.1420000083744526,0.19200000166893005,0.03344466,0.0,0.0,0.0,0.0,0.15826388,0.14648259803652763,0.16964218020439148,0.018998796,5.5941997,5.5887826681137085,5.6062833070755005,0.019981502,5.6042,5.598782896995544,5.616283535957336,0.019981502,1923200.0,1923200.0,1923200.0,0.0
601,0.0,0.0,0.0,0.0,2.0,2.0,2.0,0.0,0.2873122,0.2817678302526474,0.2968554049730301,0.012002993,0.2873554,0.28181105107069016,0.29689741134643555,0.012002128,1.0178155,1.002822533249855,1.034659892320633,0.034523644,0.09626147,0.09233932942152023,0.09937801398336887,0.0077512516,0.09626147,0.09233932942152023,0.09937801398336887,0.0077512516,1.0,1.0,1.0,0.0,4.316887e-05,4.1691069782245904e-05,4.471211195777869e-05,3.4605137e-06,0.00044849887,0.00044440727651817724,0.0004502787414821796,6.760429e-06,-27.052078,-27.59107494354248,-26.274389266967773,0.9782915,2.239239,2.2062536478042603,2.2762972712516785,0.07595356,0.746413,0.735417902469635,0.7587657868862152,0.025317846,0.16266668,0.14000000804662704,0.18800001218914986,0.03953671,0.0,0.0,0.0,0.0,0.15660511,0.1414494849741459,0.17092832550406456,0.020761063,5.6042,5.598782896995544,5.616283535957336,0.019981502,5.6142,5.60878312587738,5.626283764839172,0.019981502,1926400.0,1926400.0,1926400.0,0.0
602,0.0,0.0,0.0,0.0,2.0,2.0,2.0,0.0,0.2873554,0.28181105107069016,0.29689741134643555,0.012002128,0.28739986,0.2818518206477165,0.29693955928087234,0.012002625,1.002237,0.9620591998100281,1.0401772260665894,0.040821254,0.09989037,0.09116699174046516,0.10912924446165562,0.009404946,0.09989037,0.09116699174046516,0.10912924446165562,0.009404946,1.0,1.0,1.0,0.0,4.446399e-05,4.056093985127518e-05,4.816231648874236e-05,4.223288e-06,0.00044514763,0.0004410866094985977,0.00044691420771414414,6.7099204e-06,-26.958506,-27.596055030822754,-26.453278064727783,0.7507464,2.2049654,2.1165724396705627,2.2884355187416077,0.089808546,0.73498845,0.7055241465568542,0.7628118395805359,0.029936185,0.16000001,0.14800000935792923,0.18400001525878906,0.028540244,0.0,0.0,0.0,0.0,0.14955045,0.1406051516532898,0.16381292417645454,0.013573191,5.6142,5.60878312587738,5.626283764839172,0.019981502,5.6242003,5.618783354759216,5.636283993721008,0.019981502,1929600.0,1929600.0,1929600.0,0.0
603,0.0,0.0,0.0,0.0,2.0,2.0,2.0,0.0,0.28739986,0.2818518206477165,0.29693955928087234,0.012002625,0.28744376,0.2818969488143921,0.29698534309864044,0.012003969,1.0033768,0.9846357107162476,1.0300789177417755,0.03038074,0.09944729,0.09330850653350353,0.10360152833163738,0.006913539,0.09944729,0.09330850653350353,0.10360152833163738,0.006913539,1.0,1.0,1.0,0.0,4.3912747e-05,4.2093505726370495e-05,4.566780353343347e-05,2.6987577e-06,0.00044182144,0.0004377907462185249,0.0004435748342075385,6.6597804e-06,-26.94452,-27.335259437561035,-26.691481590270996,0.61027914,2.207473,2.166241765022278,2.266218841075897,0.06683894,0.7358244,0.7220806032419205,0.7554062902927399,0.022279643,0.17133333,0.14000000804662704,0.21800000593066216,0.04239497,0.0,0.0,0.0,0.0,0.15703167,0.14594747498631477,0.16794554889202118,0.015397267,5.6242003,5.618783354759216,5.636283993721008,0.019981502,5.6342006,5.628783583641052,5.646284222602844,0.019981502,1932800.0,1932800.0,1932800.0,0.0
604,0.0,0.0,0.0,0.0,2.0,2.0,2.0,0.0,0.28744376,0.2818969488143921,0.29698534309864044,0.012003969,0.28748718,0.2819420173764229,0.297028623521328,0.012004919,1.0050427,0.9882507622241974,1.0258552432060242,0.03196494,0.09909258,0.094220370054245,0.10274233669042587,0.0073542814,0.09909258,0.094220370054245,0.10274233669042587,0.0073542814,1.0,1.0,1.0,0.0,4.3432072e-05,4.107611675863154e-05,4.506412642513169e-05,2.9428577e-06,0.0004385201,0.00043451954115880653,0.00044026038085576147,6.6100197e-06,-27.008842,-27.552138805389404,-26.719334602355957,0.6487006,2.211138,2.1741950511932373,2.2569265365600586,0.07032428,0.73704606,0.7247316837310791,0.7523088604211807,0.023441423,0.17266667,0.1600000113248825,0.1860000118613243,0.029435085,0.0,0.0,0.0,0.0,0.15865274,0.14607616141438484,0.17620272934436798,0.019031733,5.6342006,5.628783583641052,5.646284222602844,0.019981502,5.644201,5.638783812522888,5.65628445148468,0.019981502,1936000.0,1936000.0,1936000.0,0.0
605,0.0,0.0,0.0,0.0,2.0,2.0,2.0,0.0,0.28748718,0.2819420173764229,0.297028623521328,0.012004919,0.28752908,0.2819816693663597,0.29706989973783493,0.012006009,1.0177119,0.9899621903896332,1.0318158268928528,0.034108408,0.096273966,0.09293869324028492,0.10234146751463413,0.0075008385,0.096273966,0.09293869324028492,0.10234146751463413,0.0075008385,1.0,1.0,1.0,0.0,4.187864e-05,4.018193794763647e-05,4.439587428350933e-05,2.97795e-06,0.00043524345,0.0004312727542128414,0.0004369706875877455,6.5606246e-06,-27.160913,-27.541194438934326,-26.69197416305542,0.7816893,2.2390108,2.1779603362083435,2.270040214061737,0.07503999,0.74633694,0.7259868085384369,0.7566801011562347,0.025013328,0.16333334,0.14000000804662704,0.1860000118613243,0.04361262,0.0,0.0,0.0,0.0,0.15521298,0.14765766635537148,0.16139043867588043,0.010877738,5.644201,5.638783812522888,5.65628445148468,0.019981502,5.654201,5.648784041404724,5.666284680366516,0.019981502,1939200.0,1939200.0,1939200.0,0.0
606,0.0,0.0,0.0,0.0,2.0,2.0,2.0,0.0,0.28752908,0.2819816693663597,0.29706989973783493,0.012006009,0.287571,0.2820230647921562,0.29710984975099564,0.012006254,1.0147036,1.0092870593070984,1.0392460525035858,0.043874912,0.09714559,0.09136128425598145,0.0978922750800848,0.010521539,0.09714559,0.09136128425598145,0.0978922750800848,0.010521539,1.0,1.0,1.0,0.0,4.195188e-05,3.9621349969820585e-05,4.206332778267097e-05,4.4340527e-06,0.00043199127,0.00042805023986147717,0.0004337056088843383,6.5116096e-06,-27.376638,-27.83772087097168,-27.041998386383057,0.7909989,2.2323925,2.220475912094116,2.2863868474960327,0.09652671,0.7441309,0.7401586472988129,0.7621289789676666,0.032175563,0.14466667,0.1340000070631504,0.16200001165270805,0.02423121,0.0,0.0,0.0,0.0,0.16232352,0.1510663889348507,0.1718187816441059,0.014217492,5.654201,5.648784041404724,5.666284680366516,0.019981502,5.6642013,5.65878427028656,5.676284909248352,0.019981502,1942400.0,1942400.0,1942400.0,0.0
607,0.0,0.0,0.0,0.0,2.0,2.0,2.0,0.0,0.287571,0.2820230647921562,0.29710984975099564,0.012006254,0.28761035,0.28206125646829605,0.29714950919151306,0.012006079,1.0380405,1.0224741399288177,1.0557413697242737,0.027033716,0.09177861,0.08796011283993721,0.0949675627052784,0.005835246,0.09177861,0.08796011283993721,0.0949675627052784,0.005835246,1.0,1.0,1.0,0.0,3.934029e-05,3.797201134148054e-05,4.0958587305794936e-05,2.3581752e-06,0.00042876333,0.00042485177982598543,0.0004304648900870234,6.4629576e-06,-27.340155,-27.990195274353027,-26.857404232025146,0.7599831,2.2837348,2.249488115310669,2.322677433490753,0.05947536,0.76124495,0.7498293817043304,0.7742258310317993,0.019825118,0.142,0.12600000575184822,0.15200001001358032,0.028565714,0.0,0.0,0.0,0.0,0.15437922,0.14432727545499802,0.1631200984120369,0.016868306,5.6642013,5.65878427028656,5.676284909248352,0.019981502,5.6742015,5.668784499168396,5.686285138130188,0.019981502,1945600.0,1945600.0,1945600.0,0.0
608,0.0,0.0,0.0,0.0,2.0,2.0,2.0,0.0,0.28761035,0.28206125646829605,0.29714950919151306,0.012006079,0.28765208,0.28210099041461945,0.29719124734401703,0.012007086,1.0091492,0.9879387021064758,1.0241992473602295,0.027635299,0.098095365,0.09458962827920914,0.10281621851027012,0.006147638,0.098095365,0.09458962827920914,0.10281621851027012,0.006147638,1.0,1.0,1.0,0.0,4.172682e-05,4.029808405903168e-05,4.376121887617046e-05,2.3604252e-06,0.00042555958,0.00042167724313912913,0.0004272484438843094,6.4146584e-06,-27.072405,-27.61049222946167,-26.796103477478027,0.7374897,2.2201726,2.1735085248947144,2.2532833218574524,0.060798876,0.7400575,0.7245028614997864,0.7510944753885269,0.02026629,0.17533334,0.15000000968575478,0.20400000363588333,0.034190197,0.0,0.0,0.0,0.0,0.15335657,0.14607268199324608,0.15844377130270004,0.011569061,5.6742015,5.668784499168396,5.686285138130188,0.019981502,5.6842017,5.678784728050232,5.696285367012024,0.019981502,1948800.0,1948800.0,1948800.0,0.0
609,0.0,0.0,0.0,0.0,2.0,2.0,2.0,0.0,0.28765208,0.28210099041461945,0.29719124734401703,0.012007086,0.28769088,0.2821384146809578,0.2972286716103554,0.012006158,1.0375259,1.0226556360721588,1.049338847398758,0.021911288,0.091828674,0.08927375450730324,0.0949173029512167,0.0046004127,0.091828674,0.08927375450730324,0.0949173029512167,0.0046004127,1.0,1.0,1.0,0.0,3.8794497e-05,3.757766808121232e-05,4.052333952131448e-05,2.1885048e-06,0.00042237973,0.00041852642607409507,0.0004240559646859765,6.366731e-06,-27.654696,-28.12185573577881,-27.217560291290283,0.65446204,2.2826025,2.2498873472213745,2.3085915446281433,0.048205774,0.76086754,0.7499624788761139,0.7695305198431015,0.016068589,0.15533334,0.14400000870227814,0.1600000113248825,0.020597147,0.0,0.0,0.0,0.0,0.16149831,0.1454295590519905,0.16915543749928474,0.024305338,5.6842017,5.678784728050232,5.696285367012024,0.019981502,5.694202,5.688784956932068,5.70628559589386,0.019981502,1952000.0,1952000.0,1952000.0,0.0
610,0.0,0.0,0.0,0.0,2.0,2.0,2.0,0.0,0.28769088,0.2821384146809578,0.2972286716103554,0.012006158,0.2877325,0.2821773290634155,0.2972671762108803,0.012006593,1.0037212,0.9942678660154343,1.0236725211143494,0.027651506,0.099332534,0.09470994956791401,0.1013318132609129,0.006396064,0.099332534,0.09470994956791401,0.1013318132609129,0.006396064,1.0,1.0,1.0,0.0,4.163219e-05,4.006074868811993e-05,4.288000945962267e-05,2.5683967e-06,0.00041922368,0.0004153991467319429,0.00042088735062861815,6.3191533e-06,-26.994192,-27.62637948989868,-26.799535274505615,0.7591965,2.208231,2.1874329447746277,2.252124607563019,0.060834557,0.736077,0.729144349694252,0.7507082223892212,0.02027819,0.17266667,0.14800000935792923,0.1940000019967556,0.03486424,0.0006666667,0.0,0.0,0.0023094013,0.14473717,0.13690649718046188,0.15052736550569534,0.012094253,5.694202,5.688784956932068,5.70628559589386,0.019981502,5.704202,5.698785185813904,5.716285824775696,0.019981502,1955200.0,1955200.0,1955200.0,0.0
611,0.0,0.0,0.0,0.0,2.0,2.0,2.0,0.0,0.2877325,0.2821773290634155,0.2972671762108803,0.012006593,0.2877711,0.2822125554084778,0.2973053604364395,0.012006323,1.0334778,1.0167591571807861,1.0503102838993073,0.030038295,0.09278532,0.08906759321689606,0.09621507674455643,0.0064715403,0.09278532,0.08906759321689606,0.09621507674455643,0.0064715403,1.0,1.0,1.0,0.0,3.8605966e-05,3.730916887434432e-05,4.023890051030321e-05,2.7314404e-06,0.00041609118,0.00041229523048968986,0.00041774245619308203,6.2719428e-06,-27.313684,-27.6787748336792,-27.044179916381836,0.52634054,2.2736964,2.236914873123169,2.3107288479804993,0.06608558,0.7578988,0.7456383109092712,0.7702429592609406,0.022028528,0.16916667,0.14999999105930328,0.1899999976158142,0.028431203,0.0,0.0,0.0,0.0,0.15375103,0.14105259627103806,0.1652328409254551,0.017469604,5.704202,5.698785185813904,5.716285824775696,0.019981502,5.7142024,5.70878541469574,5.726286053657532,0.019981502,1958400.0,1958400.0,1958400.0,0.0
612,0.0,0.0,0.0,0.0,2.0,2.0,2.0,0.0,0.2877711,0.2822125554084778,0.2973053604364395,0.012006323,0.2878123,0.28225503861904144,0.297345295548439,0.012006428,1.0020223,0.9744216203689575,1.0268147885799408,0.030649083,0.09976306,0.09401371888816357,0.10606656037271023,0.0070473184,0.09976306,0.09401371888816357,0.10606656037271023,0.0070473184,1.0,1.0,1.0,0.0,4.118623e-05,3.879771156789502e-05,4.382810857350705e-05,2.7505673e-06,0.0004129821,0.00040921452455222607,0.00041462102672085166,6.225068e-06,-26.904799,-27.344916343688965,-26.344645977020264,0.63996273,2.2044928,2.143770396709442,2.259037673473358,0.06742933,0.73483104,0.7145901620388031,0.7530125975608826,0.022476451,0.16266668,0.14000000804662704,0.1860000118613243,0.039092742,0.0,0.0,0.0,0.0,0.14949892,0.13284888863563538,0.16239287331700325,0.020036627,5.7142024,5.70878541469574,5.726286053657532,0.019981502,5.7242026,5.718785643577576,5.736286282539368,0.019981502,1961600.0,1961600.0,1961600.0,0.0
613,0.0,0.0,0.0,0.0,2.0,2.0,2.0,0.0,0.2878123,0.28225503861904144,0.297345295548439,0.012006428,0.28785145,0.28229375928640366,0.29738566279411316,0.012007932,1.021249,1.0005697160959244,1.0415987372398376,0.041009575,0.09561855,0.09086947701871395,0.09986899048089981,0.009173393,0.09561855,0.09086947701871395,0.09986899048089981,0.009173393,1.0,1.0,1.0,0.0,3.9159768e-05,3.764443135878537e-05,4.042341424792539e-05,3.4000348e-06,0.00040989625,0.00040615683246869594,0.0004115229457966052,6.1785527e-06,-27.184122,-27.75494909286499,-27.003050327301025,0.7609546,2.2467928,2.201297342777252,2.2915629148483276,0.090222865,0.74893093,0.7337658107280731,0.7638543248176575,0.030074297,0.14666668,0.1380000077188015,0.15400001034140587,0.029012017,0.0,0.0,0.0,0.0,0.16056909,0.14989318698644638,0.16997290402650833,0.015732776,5.7242026,5.718785643577576,5.736286282539368,0.019981502,5.734203,5.728785872459412,5.746286511421204,0.019981502,1964800.0,1964800.0,1964800.0,0.0
614,0.0,0.0,0.0,0.0,2.0,2.0,2.0,0.0,0.28785145,0.28229375928640366,0.29738566279411316,0.012007932,0.28789175,0.28233280777931213,0.2974260747432709,0.012008452,1.0050023,0.9914399534463882,1.0184027552604675,0.027884113,0.099041164,0.09585395641624928,0.10202830098569393,0.0063336403,0.099041164,0.09585395641624928,0.10202830098569393,0.0063336403,1.0,1.0,1.0,0.0,4.0283434e-05,3.878339339280501e-05,4.19848583987914e-05,2.4683668e-06,0.00040683345,0.0004031219650642015,0.0004084479878656566,6.1323926e-06,-26.916983,-27.37654161453247,-26.37864112854004,0.69895023,2.211049,2.1812114119529724,2.240530848503113,0.061346296,0.7370164,0.7270704954862595,0.7468436360359192,0.020448763,0.17000002,0.15000000968575478,0.1940000019967556,0.03769736,0.0,0.0,0.0,0.0,0.15546371,0.14554546773433685,0.17006130144000053,0.0143865645,5.734203,5.728785872459412,5.746286511421204,0.019981502,5.744203,5.738786101341248,5.7562867403030396,0.019981502,1968000.0,1968000.0,1968000.0,0.0
615,0.0,0.0,0.0,0.0,2.0,2.0,2.0,0.0,0.28789175,0.28233280777931213,0.2974260747432709,0.012008452,0.28793034,0.28236860036849976,0.29746273159980774,0.012008958,1.0200704,1.0104398131370544,1.0314195156097412,0.02335478,0.0956114,0.0930209830403328,0.09762848541140556,0.0052046087,0.0956114,0.0930209830403328,0.09762848541140556,0.0052046087,1.0,1.0,1.0,0.0,3.8600763e-05,3.7507143133552745e-05,3.924421071133111e-05,2.0403525e-06,0.00040379356,0.0004001097986474633,0.00040539602923672646,6.0865664e-06,-27.091133,-27.3408203125,-26.810270309448242,0.5672534,2.2441998,2.2230119705200195,2.2691683173179626,0.051381547,0.7480666,0.7410040199756622,0.7563894391059875,0.017127182,0.154,0.14400000870227814,0.1600000113248825,0.020217005,0.0,0.0,0.0,0.0,0.15047677,0.13838297873735428,0.15997124463319778,0.015470124,5.744203,5.738786101341248,5.7562867403030396,0.019981502,5.7542033,5.7487863302230835,5.7662869691848755,0.019981502,1971200.0,1971200.0,1971200.0,0.0
616,0.0,0.0,0.0,0.0,2.0,2.0,2.0,0.0,0.28793034,0.28236860036849976,0.29746273159980774,0.012008958,0.28796688,0.28237752616405487,0.297500804066658,0.012012245,1.0141782,0.9432272613048553,1.0570275485515594,0.06246492,0.091205366,0.08769677020609379,0.11396682262420654,0.031467225,0.09771886,0.08769677020609379,0.11396682262420654,0.014253096,0.9166667,1.0,1.0,0.28867513,3.6536807e-05,3.5121201108267996e-05,4.5173090256867e-05,1.2545277e-05,0.00040077636,0.0003971201440435834,0.0004023668516310863,6.0410866e-06,-27.212555,-27.744277000427246,-26.138123035430908,1.1800787,2.2312367,2.075141429901123,2.32550710439682,0.13742559,0.74374557,0.6917138397693634,0.7751690447330475,0.045808528,0.176,0.15400001034140587,0.19200000166893005,0.038593452,0.0013333334,0.0,0.0,0.003113996,0.15532017,0.14400912076234818,0.1717999093234539,0.020789566,5.7542033,5.7487863302230835,5.7662869691848755,0.019981502,5.7642035,5.758786559104919,5.776287198066711,0.019981502,1974400.0,1974400.0,1974400.0,0.0
617,0.0,0.0,0.0,0.0,2.0,2.0,2.0,0.0,0.28796688,0.28237752616405487,0.297500804066658,0.012012245,0.28800163,0.28238780051469803,0.2975393831729889,0.012013135,1.0302159,0.9984469264745712,1.0455272793769836,0.043169517,0.08741421,0.09004785493016243,0.10036934912204742,0.028387934,0.0936932,0.09004785493016243,0.10036934912204742,0.009024542,0.9166667,1.0,1.0,0.28867513,3.476803e-05,3.6027782698511146e-05,3.9557671698275954e-05,1.1278297e-05,0.00039778173,0.0003941527975257486,0.0003993603168055415,5.9959507e-06,-27.35005,-27.53854513168335,-27.08274555206299,0.8613994,2.2665203,2.1966270208358765,2.3002060651779175,0.094974846,0.75550675,0.7322090268135071,0.766735389828682,0.031658284,0.15733334,0.11800000444054604,0.1860000118613243,0.035831258,0.0,0.0,0.0,0.0,0.15867025,0.13519394025206566,0.17047860845923424,0.028430916,5.7642035,5.758786559104919,5.776287198066711,0.019981502,5.774204,5.768786787986755,5.786287426948547,0.019981502,1977600.0,1977600.0,1977600.0,0.0
618,0.0,0.0,0.0,0.0,2.0,2.0,2.0,0.0,0.28800163,0.28238780051469803,0.2975393831729889,0.012013135,0.28804013,0.2824276238679886,0.29757310450077057,0.012013058,1.0126842,0.9888901710510254,1.0433221757411957,0.037184063,0.09744269,0.09050646051764488,0.10259452648460865,0.008128427,0.09744269,0.09050646051764488,0.10259452648460865,0.008128427,1.0,1.0,1.0,0.0,3.8465354e-05,3.675998959806748e-05,4.030998388770968e-05,3.1550587e-06,0.00039480944,0.00039120764995459467,0.00039637626468902454,5.9511513e-06,-26.932913,-27.454967975616455,-26.628224849700928,0.83429044,2.2279499,2.175601840019226,2.295354664325714,0.0818066,0.74265,0.7252006530761719,0.7651182264089584,0.02726886,0.16600001,0.15600001066923141,0.18400001525878906,0.03110101,0.0013333334,0.0,0.0,0.003113996,0.15889616,0.13560951873660088,0.17985526099801064,0.023915952,5.774204,5.768786787986755,5.786287426948547,0.019981502,5.784204,5.778787016868591,5.796287655830383,0.019981502,1980800.0,1980800.0,1980800.0,0.0
619,0.0,0.0,0.0,0.0,2.0,2.0,2.0,0.0,0.28804013,0.2824276238679886,0.29757310450077057,0.012013058,0.28807816,0.2824631780385971,0.2976125627756119,0.012012785,1.0139862,0.9945045709609985,1.028277426958084,0.034017857,0.097099744,0.09370487742125988,0.10127394646406174,0.0074560135,0.097099744,0.09370487742125988,0.10127394646406174,0.0074560135,1.0,1.0,1.0,0.0,3.804605e-05,3.717404433700722e-05,3.953822670155205e-05,2.9123592e-06,0.00039185936,0.0003882844976033084,0.0003934144915547222,5.906676e-06,-27.086594,-27.42807102203369,-26.656389713287354,0.75062996,2.2308145,2.1879537105560303,2.2622554898262024,0.07484079,0.74360484,0.729317918419838,0.7540851831436157,0.024946922,0.16400002,0.1420000083744526,0.17800001427531242,0.024,0.0,0.0,0.0,0.0,0.15586986,0.14697561040520668,0.16342109069228172,0.019300494,5.784204,5.778787016868591,5.796287655830383,0.019981502,5.794204,5.788787245750427,5.806287884712219,0.019981502,1984000.0,1984000.0,1984000.0,0.0
620,0.0,0.0,0.0,0.0,2.0,2.0,2.0,0.0,0.28807816,0.2824631780385971,0.2976125627756119,0.012012785,0.2881179,0.2825004309415817,0.29765233397483826,0.012011251,0.99150825,0.9769028872251511,1.0035580694675446,0.02325148,0.10210946,0.09918960556387901,0.10546241328120232,0.0055220663,0.10210946,0.09918960556387901,0.10546241328120232,0.0055220663,1.0,1.0,1.0,0.0,3.973035e-05,3.8156753362272866e-05,4.0935578908829484e-05,2.5618458e-06,0.00038893137,0.00038538320222869515,0.0003904748446075246,5.8625424e-06,-26.693283,-27.071895122528076,-26.08465576171875,0.6697785,2.1813614,2.1492292284965515,2.2078718543052673,0.0511543,0.7271206,0.7164097428321838,0.7359573096036911,0.017051436,0.168,0.15000000968575478,0.18000001087784767,0.029738251,0.0,0.0,0.0,0.0,0.14434238,0.12765928730368614,0.1585674099624157,0.019216279,5.794204,5.788787245750427,5.806287884712219,0.019981502,5.8042045,5.798787474632263,5.816288113594055,0.019981502,1987200.0,1987200.0,1987200.0,0.0
621,0.0,0.0,0.0,0.0,2.0,2.0,2.0,0.0,0.2881179,0.2825004309415817,0.29765233397483826,0.012011251,0.28815523,0.28253914415836334,0.2976892292499542,0.012011363,1.0155059,1.0037290155887604,1.0230778455734253,0.031550977,0.09672254,0.09482634253799915,0.09914523549377918,0.0068725105,0.09672254,0.09482634253799915,0.09914523549377918,0.0068725105,1.0,1.0,1.0,0.0,3.7338337e-05,3.641048533609137e-05,3.8462715565401595e-05,2.707375e-06,0.0003860252,0.0003825035528279841,0.0003875571783282794,5.8187443e-06,-27.027298,-27.409634590148926,-26.779545783996582,0.8406155,2.2341576,2.2082478404045105,2.250816226005554,0.06941353,0.7447192,0.7360826283693314,0.7502720803022385,0.023137845,0.16466667,0.13600000739097595,0.18400001153349876,0.037439246,0.0006666667,0.0,0.0,0.0023094013,0.14714095,0.14022042602300644,0.1568613052368164,0.016248716,5.8042045,5.798787474632263,5.816288113594055,0.019981502,5.8142047,5.808787703514099,5.826288342475891,0.019981502,1990400.0,1990400.0,1990400.0,0.0
622,0.0,0.0,0.0,0.0,2.0,2.0,2.0,0.0,0.28815523,0.28253914415836334,0.2976892292499542,0.012011363,0.28819153,0.2825741544365883,0.2977263033390045,0.012010945,1.0239085,1.0171394348144531,1.0358612835407257,0.017331729,0.09471318,0.09207437932491302,0.09613486751914024,0.0038146293,0.09471318,0.09207437932491302,0.09613486751914024,0.0038146293,1.0,1.0,1.0,0.0,3.6287154e-05,3.547658616298577e-05,3.7333388718252536e-05,1.5184231e-06,0.00038314078,0.00037964545481372625,0.00038466131081804633,5.77526e-06,-27.337486,-27.776236534118652,-27.059014320373535,0.50199705,2.2526438,2.2377514839172363,2.2789403200149536,0.03813057,0.75088125,0.7459172010421753,0.7596467882394791,0.012710196,0.14866668,0.12800000607967377,0.1680000126361847,0.029236758,0.0,0.0,0.0,0.0,0.15927736,0.14177295938134193,0.17980491742491722,0.021383308,5.8142047,5.808787703514099,5.826288342475891,0.019981502,5.824205,5.818787932395935,5.836288571357727,0.019981502,1993600.0,1993600.0,1993600.0,0.0
623,0.0,0.0,0.0,0.0,2.0,2.0,2.0,0.0,0.28819153,0.2825741544365883,0.2977263033390045,0.012010945,0.2882285,0.28261154890060425,0.2977638840675354,0.0120110065,1.0126657,0.9966187477111816,1.0327794253826141,0.025722016,0.09728319,0.09273006394505501,0.10078162886202335,0.0058298386,0.09728319,0.09273006394505501,0.10078162886202335,0.0058298386,1.0,1.0,1.0,0.0,3.698911e-05,3.524366456986172e-05,3.840317913272884e-05,2.178629e-06,0.00038027795,0.000376808711735066,0.0003817870747298002,5.7321017e-06,-27.153223,-27.641629219055176,-26.420770168304443,0.8159238,2.227909,2.1926050782203674,2.2721601128578186,0.056589536,0.74263644,0.7308683693408966,0.757386714220047,0.018863179,0.15066667,0.1420000083744526,0.1600000113248825,0.017337998,0.0,0.0,0.0,0.0,0.14926627,0.14370471984148026,0.15251770615577698,0.017523162,5.824205,5.818787932395935,5.836288571357727,0.019981502,5.834205,5.828788161277771,5.846288800239563,0.019981502,1996800.0,1996800.0,1996800.0,0.0
624,0.0,0.0,0.0,0.0,2.0,2.0,2.0,0.0,0.2882285,0.28261154890060425,0.2977638840675354,0.0120110065,0.28826308,0.2826468348503113,0.2977985814213753,0.012011425,1.0390363,1.0184900760650635,1.0603797137737274,0.03260741,0.09163914,0.08702288940548897,0.09583225287497044,0.006842141,0.09163914,0.08702288940548897,0.09583225287497044,0.006842141,1.0,1.0,1.0,0.0,3.458263e-05,3.342438958497951e-05,3.587953597161686e-05,2.5438492e-06,0.00037743643,0.0003739931489690207,0.00037893430271651596,5.689274e-06,-27.735163,-28.285128593444824,-27.369036197662354,0.7782408,2.2859256,2.240722954273224,2.3328819274902344,0.07173775,0.7619752,0.746907651424408,0.7776273488998413,0.02391259,0.17583333,0.13749999925494194,0.2199999988079071,0.04209477,0.0008333333,0.0,0.0,0.0028867512,0.1654238,0.15231454372406006,0.17266329005360603,0.016202519,5.834205,5.828788161277771,5.846288800239563,0.019981502,5.8442054,5.838788390159607,5.856289029121399,0.019981502,2000000.0,2000000.0,2000000.0,0.0
625,0.0,0.0,0.0,0.0,2.0,2.0,2.0,0.0,0.28826308,0.2826468348503113,0.2977985814213753,0.012011425,0.2883006,0.2826833873987198,0.2978360280394554,0.012010853,1.0000731,0.9853471964597702,1.0180739760398865,0.027606567,0.10016751,0.09592452645301819,0.10343486443161964,0.0063200225,0.10016751,0.09592452645301819,0.10343486443161964,0.0063200225,1.0,1.0,1.0,0.0,3.7521244e-05,3.590871619962854e-05,3.9156000639195554e-05,2.380568e-06,0.0003746162,0.00037119862099643797,0.0003761028710869141,5.646767e-06,-26.950167,-27.446889400482178,-26.55816125869751,0.6245999,2.2002046,2.167807161808014,2.239807426929474,0.06073567,0.7334016,0.7226024270057678,0.7466025054454803,0.02024523,0.16133334,0.14800000935792923,0.17600001394748688,0.030669304,0.0006666667,0.0,0.0,0.0023094013,0.15163219,0.14514541625976562,0.15524213388562202,0.011757097,5.8442054,5.838788390159607,5.856289029121399,0.019981502,5.8542056,5.848788619041443,5.866289258003235,0.019981502,2003200.0,2003200.0,2003200.0,0.0
626,0.0,0.0,0.0,0.0,2.0,2.0,2.0,0.0,0.2883006,0.2826833873987198,0.2978360280394554,0.012010853,0.28833535,0.2827184870839119,0.29787181317806244,0.012011699,1.0298791,1.0098021030426025,1.0495043396949768,0.026489025,0.093508564,0.08923068083822727,0.0977688655257225,0.005588245,0.093508564,0.08923068083822727,0.0977688655257225,0.005588245,1.0,1.0,1.0,0.0,3.4753677e-05,3.34512669724063e-05,3.604729863582179e-05,1.8697089e-06,0.00037181703,0.00036842498229816556,0.0003732926052180119,5.604569e-06,-27.282843,-27.613882064819336,-26.743680477142334,0.65889215,2.2657793,2.2216089367866516,2.308955729007721,0.05827705,0.75525975,0.7405363172292709,0.769651934504509,0.01942569,0.156,0.1420000083744526,0.17600001394748688,0.020608915,0.0,0.0,0.0,0.0,0.16097274,0.14569639042019844,0.17734574154019356,0.019327238,5.8542056,5.848788619041443,5.866289258003235,0.019981502,5.864206,5.858788847923279,5.876289486885071,0.019981502,2006400.0,2006400.0,2006400.0,0.0
627,0.0,0.0,0.0,0.0,2.0,2.0,2.0,0.0,0.28833535,0.2827184870839119,0.29787181317806244,0.012011699,0.28836998,0.28275304287672043,0.2979039400815964,0.012011604,1.0283979,1.0143913924694061,1.0388346314430237,0.025460212,0.09381703,0.09145174734294415,0.09674439579248428,0.005450748,0.09381703,0.09145174734294415,0.09674439579248428,0.005450748,1.0,1.0,1.0,0.0,3.461485e-05,3.4040279388136696e-05,3.602535343816271e-05,1.9251745e-06,0.00036903875,0.00036567206552717835,0.00037050330138299614,5.562691e-06,-27.302576,-27.660142421722412,-26.920881271362305,0.6107251,2.2625208,2.231705605983734,2.285481810569763,0.056013577,0.7541736,0.7439018934965134,0.761827290058136,0.018671192,0.16733335,0.14600000903010368,0.1940000019967556,0.041141294,0.0,0.0,0.0,0.0,0.16034798,0.14435817673802376,0.17452741041779518,0.02015014,5.864206,5.858788847923279,5.876289486885071,0.019981502,5.874206,5.868789076805115,5.886289715766907,0.019981502,2009600.0,2009600.0,2009600.0,0.0
628,0.0,0.0,0.0,0.0,2.0,2.0,2.0,0.0,0.28836998,0.28275304287672043,0.2979039400815964,0.012011604,0.2884051,0.28278957307338715,0.2979380339384079,0.012012978,1.0200325,0.9972686618566513,1.0440418720245361,0.04221326,0.09591768,0.0903562605381012,0.10063181258738041,0.009716683,0.09591768,0.0903562605381012,0.10063181258738041,0.009716683,1.0,1.0,1.0,0.0,3.5107445e-05,3.328219918330433e-05,3.632084008131642e-05,3.312368e-06,0.00036628125,0.00036293973244028166,0.0003677348722703755,5.521126e-06,-27.407537,-27.88132381439209,-26.70493793487549,0.8180781,2.2441165,2.1940348744392395,2.2969380617141724,0.09287104,0.7480388,0.731344997882843,0.7656460404396057,0.030957012,0.158,0.13600000739097595,0.1860000118613243,0.03361818,0.0006666667,0.0,0.0,0.0023094013,0.16465355,0.1466575786471367,0.19222810491919518,0.030387856,5.874206,5.868789076805115,5.886289715766907,0.019981502,5.8842063,5.878789305686951,5.896289944648743,0.019981502,2012800.0,2012800.0,2012800.0,0.0
629,0.0,0.0,0.0,0.0,2.0,2.0,2.0,0.0,0.2884051,0.28278957307338715,0.2979380339384079,0.012012978,0.28844017,0.28282520920038223,0.29797058552503586,0.012012936,1.0161101,0.9906228184700012,1.0342320203781128,0.028636767,0.09654778,0.09242061153054237,0.10218292474746704,0.0062227603,0.09654778,0.09242061153054237,0.10218292474746704,0.0062227603,1.0,1.0,1.0,0.0,3.509465e-05,3.340128114359686e-05,3.6949969398847315e-05,2.237387e-06,0.00036354436,0.00036022780113853514,0.0003649871068773791,5.4798743e-06,-27.209867,-27.880730152130127,-26.420319080352783,0.737195,2.2354867,2.179413676261902,2.2753559350967407,0.06300214,0.74516225,0.7264712303876877,0.758451983332634,0.021000711,0.16133334,0.14800000935792923,0.18400001525878906,0.028709624,0.0,0.0,0.0,0.0,0.1562771,0.1457427777349949,0.16876472532749176,0.019202517,5.8842063,5.878789305686951,5.896289944648743,0.019981502,5.8942065,5.888789534568787,5.906290173530579,0.019981502,2016000.0,2016000.0,2016000.0,0.0
630,0.0,0.0,0.0,0.0,2.0,2.0,2.0,0.0,0.28844017,0.28282520920038223,0.29797058552503586,0.012012936,0.28847533,0.28285790979862213,0.29800547659397125,0.012013555,1.0126606,0.983818531036377,1.039776086807251,0.039664883,0.09750383,0.09125549159944057,0.10381978191435337,0.009085662,0.09750383,0.09125549159944057,0.10381978191435337,0.009085662,1.0,1.0,1.0,0.0,3.517218e-05,3.302766435808735e-05,3.75700110453181e-05,3.196762e-06,0.00036082792,0.00035753615520661697,0.0003622598815127276,5.4389247e-06,-27.060026,-27.502652645111084,-26.68235206604004,0.5331045,2.227898,2.1644440293312073,2.287553071975708,0.0872645,0.7426327,0.7214813530445099,0.7625177055597305,0.029088167,0.14733334,0.1340000070631504,0.17200001329183578,0.032443896,0.0,0.0,0.0,0.0,0.15106581,0.14413826167583466,0.15642249584197998,0.015881345,5.8942065,5.888789534568787,5.906290173530579,0.019981502,5.9042068,5.898789763450623,5.9162904024124146,0.019981502,2019200.0,2019200.0,2019200.0,0.0
631,0.0,0.0,0.0,0.0,2.0,2.0,2.0,0.0,0.28847533,0.28285790979862213,0.29800547659397125,0.012013555,0.28850907,0.2828901931643486,0.29803843051195145,0.01201436,1.0270975,1.0055573880672455,1.0570603907108307,0.036981322,0.09426125,0.0876878947019577,0.09872901998460293,0.007925148,0.09426125,0.0876878947019577,0.09872901998460293,0.007925148,1.0,1.0,1.0,0.0,3.373729e-05,3.136639588774415e-05,3.566920349840075e-05,2.6141208e-06,0.0003581318,0.0003548645836417563,0.00035955305793322623,5.398287e-06,-27.481665,-27.794407844543457,-27.23889970779419,0.6261274,2.2596595,2.212270498275757,2.3255792260169983,0.0813605,0.75321984,0.7374235242605209,0.7751931101083755,0.02712017,0.14800002,0.12600000575184822,0.16200001165270805,0.02781759,0.0,0.0,0.0,0.0,0.16020477,0.14800915867090225,0.1669645719230175,0.018922549,5.9042068,5.898789763450623,5.9162904024124146,0.019981502,5.914207,5.9087899923324585,5.9262906312942505,0.019981502,2022400.0,2022400.0,2022400.0,0.0
632,0.0,0.0,0.0,0.0,2.0,2.0,2.0,0.0,0.28850907,0.2828901931643486,0.29803843051195145,0.01201436,0.2885442,0.2829262390732765,0.2980743870139122,0.012015475,1.0055758,0.986457571387291,1.0219113230705261,0.027748067,0.09890901,0.09508003666996956,0.10316751338541508,0.0063117975,0.09890901,0.09508003666996956,0.10316751338541508,0.0063117975,1.0,1.0,1.0,0.0,3.5140365e-05,3.3804508348111995e-05,3.633759934018599e-05,2.0168516e-06,0.0003554558,0.00035221299913246185,0.0003568664033082314,5.3579533e-06,-27.051569,-27.43851661682129,-26.686403274536133,0.6009377,2.2123108,2.1702499389648438,2.2482497692108154,0.061046977,0.737437,0.723416656255722,0.7494165897369385,0.020348994,0.16266668,0.13600000739097595,0.1940000019967556,0.038036663,0.0,0.0,0.0,0.0,0.14803125,0.13780051842331886,0.1494225636124611,0.01740092,5.914207,5.9087899923324585,5.9262906312942505,0.019981502,5.924207,5.918790221214294,5.936290860176086,0.019981502,2025600.0,2025600.0,2025600.0,0.0
633,0.0,0.0,0.0,0.0,2.0,2.0,2.0,0.0,0.2885442,0.2829262390732765,0.2980743870139122,0.012015475,0.28857931,0.2829578146338463,0.29811160266399384,0.01201513,1.0031228,0.9792233258485794,1.0181980431079865,0.030706849,0.099509634,0.09589722938835621,0.10490273125469685,0.0069634467,0.099509634,0.09589722938835621,0.10490273125469685,0.0069634467,1.0,1.0,1.0,0.0,3.5111243e-05,3.357599962328095e-05,3.684670809889212e-05,2.5783615e-06,0.00035279978,0.00034958121250383556,0.00035419986670603976,5.3179187e-06,-26.750769,-27.408514499664307,-26.104544162750244,0.8010361,2.2069142,2.1543343663215637,2.24008047580719,0.06755644,0.7356381,0.7181114703416824,0.7466935217380524,0.022518823,0.15866667,0.12800000607967377,0.18000001087784767,0.029311286,0.0,0.0,0.0,0.0,0.14468904,0.13504619896411896,0.1531684547662735,0.011810576,5.924207,5.918790221214294,5.936290860176086,0.019981502,5.9342074,5.92879045009613,5.946291089057922,0.019981502,2028800.0,2028800.0,2028800.0,0.0
634,0.0,0.0,0.0,0.0,2.0,2.0,2.0,0.0,0.28857931,0.2829578146338463,0.29811160266399384,0.01201513,0.28861406,0.2829899862408638,0.29814761132001877,0.012015557,1.0044364,0.9822757393121719,1.0221522450447083,0.028415024,0.09917888,0.09502719342708588,0.10416557639837265,0.00653247,0.09917888,0.09502719342708588,0.10416557639837265,0.00653247,1.0,1.0,1.0,0.0,3.4714983e-05,3.332530650368426e-05,3.611024203564739e-05,2.114057e-06,0.00035016364,0.000346969100064598,0.00035155324439983815,5.2781825e-06,-26.869188,-27.19443416595459,-26.69499635696411,0.54182154,2.2098043,2.161049723625183,2.248779833316803,0.062514305,0.7366014,0.7203499227762222,0.7495932877063751,0.020838102,0.17066668,0.14400000870227814,0.20000000298023224,0.03615455,0.0,0.0,0.0,0.0,0.14489058,0.13257255032658577,0.15569287538528442,0.014793095,5.9342074,5.92879045009613,5.946291089057922,0.019981502,5.9442077,5.938790678977966,5.956291317939758,0.019981502,2032000.0,2032000.0,2032000.0,0.0
635,0.0,0.0,0.0,0.0,2.0,2.0,2.0,0.0,0.28861406,0.2829899862408638,0.29814761132001877,0.012015557,0.2886481,0.28302372246980667,0.2981811463832855,0.012016338,1.0101357,0.9834326356649399,1.0364812910556793,0.03549948,0.097992815,0.09194925241172314,0.10389616899192333,0.008011494,0.097992815,0.09194925241172314,0.10389616899192333,0.008011494,1.0,1.0,1.0,0.0,3.4046607e-05,3.1704742468718905e-05,3.6252835343475454e-05,2.6921357e-06,0.00034754715,0.0003443765308475122,0.00034892637631855905,5.2387386e-06,-27.226053,-27.560357570648193,-26.910151958465576,0.6413769,2.2223427,2.163594961166382,2.2803043723106384,0.07810043,0.740781,0.7211983352899551,0.7601014673709869,0.026033476,0.15533334,0.14400000870227814,0.17400000989437103,0.030598078,0.0,0.0,0.0,0.0,0.15729992,0.1497155874967575,0.16068100184202194,0.012648536,5.9442077,5.938790678977966,5.956291317939758,0.019981502,5.954208,5.948790907859802,5.966291546821594,0.019981502,2035200.0,2035200.0,2035200.0,0.0
636,0.0,0.0,0.0,0.0,2.0,2.0,2.0,0.0,0.2886481,0.28302372246980667,0.2981811463832855,0.012016338,0.28868225,0.28305870294570923,0.2982131168246269,0.012015108,1.004908,0.9849144816398621,1.0183009207248688,0.024850443,0.099022955,0.0958743579685688,0.1035346444696188,0.0055647357,0.099022955,0.0958743579685688,0.1035346444696188,0.0055647357,1.0,1.0,1.0,0.0,3.4169323e-05,3.314302557555493e-05,3.543054481269792e-05,2.1730873e-06,0.00034495024,0.00034180329384980723,0.0003463191824266687,5.199597e-06,-27.08123,-27.3445782661438,-27.01265525817871,0.47797328,2.2108417,2.1668551564216614,2.240306794643402,0.054672062,0.73694724,0.7222850769758224,0.7467689365148544,0.018224021,0.16733335,0.13200000673532486,0.1940000019967556,0.042531986,0.0,0.0,0.0,0.0,0.15249133,0.14556221291422844,0.16447366774082184,0.016741505,5.954208,5.948790907859802,5.966291546821594,0.019981502,5.964208,5.958791136741638,5.97629177570343,0.019981502,2038400.0,2038400.0,2038400.0,0.0
637,0.0,0.0,0.0,0.0,2.0,2.0,2.0,0.0,0.28868225,0.28305870294570923,0.2982131168246269,0.012015108,0.2887164,0.2830945923924446,0.2982494756579399,0.01201575,1.002079,0.9705063998699188,1.0272387862205505,0.03009054,0.09974331,0.09392254240810871,0.10702842101454735,0.006988933,0.09974331,0.09392254240810871,0.10702842101454735,0.006988933,1.0,1.0,1.0,0.0,3.4131113e-05,3.226941498724045e-05,3.600497711886419e-05,2.1446765e-06,0.00034237272,0.00033924928720807657,0.0003437314444454387,5.1607462e-06,-26.989586,-27.36241912841797,-26.67478322982788,0.5198193,2.2046177,2.1351566910743713,2.259970545768738,0.06620052,0.73487264,0.7117189168930054,0.7533235549926758,0.022066846,0.17,0.12999999523162842,0.19999998807907104,0.043275017,0.0,0.0,0.0,0.0,0.14972013,0.1436670832335949,0.15706264972686768,0.012696035,5.964208,5.958791136741638,5.97629177570343,0.019981502,5.9742084,5.968791365623474,5.986292004585266,0.019981502,2041600.0,2041600.0,2041600.0,0.0
638,0.0,0.0,0.0,0.0,2.0,2.0,2.0,0.0,0.2887164,0.2830945923924446,0.2982494756579399,0.01201575,0.28874913,0.28312885016202927,0.2982820197939873,0.012016309,1.0168844,0.9965954571962357,1.0441001057624817,0.028117271,0.096370995,0.09034574218094349,0.10078703239560127,0.006199921,0.096370995,0.09034574218094349,0.10078703239560127,0.006199921,1.0,1.0,1.0,0.0,3.2738717e-05,3.104055667790817e-05,3.425614249863429e-05,1.999941e-06,0.00033981446,0.0003367144090589136,0.0003411630532355048,5.1221737e-06,-27.305147,-27.732235431671143,-26.882524490356445,0.6479097,2.2371905,2.1925538182258606,2.2970662117004395,0.061859235,0.74573016,0.7308513075113297,0.7656887471675873,0.020619748,0.16066667,0.13600000739097595,0.19200000166893005,0.03226406,0.0,0.0,0.0,0.0,0.15935846,0.15161437541246414,0.16690832376480103,0.0126995705,5.9742084,5.968791365623474,5.986292004585266,0.019981502,5.9842086,5.97879159450531,5.996292233467102,0.019981502,2044800.0,2044800.0,2044800.0,0.0
639,0.0,0.0,0.0,0.0,2.0,2.0,2.0,0.0,0.28874913,0.28312885016202927,0.2982820197939873,0.012016309,0.28877985,0.2831629514694214,0.2983172610402107,0.012016855,1.0131866,0.9888948351144791,1.019226312637329,0.041781377,0.09104934,0.09568075463175774,0.10259008221328259,0.029253978,0.097405195,0.09568075463175774,0.10259008221328259,0.008828795,0.9166667,1.0,1.0,0.28867513,3.0720883e-05,3.189812287018867e-05,3.460844345681835e-05,9.845486e-06,0.00033727536,0.0003341984411235899,0.000338613819621969,5.0839035e-06,-27.00033,-27.33098030090332,-26.588420867919922,0.75542194,2.2290547,2.1756120920181274,2.2423426508903503,0.09192085,0.7430183,0.7252040505409241,0.7474475800991058,0.030640287,0.16600001,0.1420000083744526,0.18800001218914986,0.05038037,0.0,0.0,0.0,0.0,0.14844964,0.13986922055482864,0.15088563784956932,0.015667373,5.9842086,5.97879159450531,5.996292233467102,0.019981502,5.994209,5.988791823387146,6.006292462348938,0.019981502,2048000.0,2048000.0,2048000.0,0.0
640,0.0,0.0,0.0,0.0,2.0,2.0,2.0,0.0,0.28877985,0.2831629514694214,0.2983172610402107,0.012016855,0.28881237,0.2831927761435509,0.2983508035540581,0.012018275,1.0158654,0.9684358537197113,1.054530531167984,0.055146035,0.09712998,0.08820689283311367,0.10756410472095013,0.012390232,0.09712998,0.08820689283311367,0.10756410472095013,0.012390232,1.0,1.0,1.0,0.0,3.2492186e-05,2.9703326163144084e-05,3.584240039344877e-05,3.9767524e-06,0.0003347552,0.000331701259710826,0.00033608367084525526,5.045929e-06,-26.914484,-27.475191116333008,-25.979496955871582,0.9970593,2.2349486,2.130601406097412,2.3200135231018066,0.121323705,0.7449829,0.7102004736661911,0.7733378559350967,0.040441237,0.14866666,0.12400000542402267,0.18000001087784767,0.04028384,0.0013333334,0.0,0.0,0.003113996,0.15633456,0.13916804641485214,0.1689094454050064,0.02416491,5.994209,5.988791823387146,6.006292462348938,0.019981502,6.004209,5.998792052268982,6.016292691230774,0.019981502,2051200.0,2051200.0,2051200.0,0.0
641,0.0,0.0,0.0,0.0,2.0,2.0,2.0,0.0,0.28881237,0.2831927761435509,0.2983508035540581,0.012018275,0.28884414,0.2832268327474594,0.2983800917863846,0.012018351,1.0202188,0.9993816167116165,1.0447368323802948,0.02978892,0.09565633,0.09021343477070332,0.10015567764639854,0.0065213316,0.09565633,0.09021343477070332,0.10015567764639854,0.0065213316,1.0,1.0,1.0,0.0,3.177348e-05,3.0243737001001136e-05,3.341374122101115e-05,2.071727e-06,0.00033225387,0.00032922273385338485,0.00033357241773046553,5.0082244e-06,-27.330122,-27.896694660186768,-26.913143157958984,0.66320205,2.2445261,2.198683500289917,2.2984668612480164,0.06553695,0.74817544,0.7328945398330688,0.7661556452512741,0.021845654,0.158,0.12800000607967377,0.1940000019967556,0.03965304,0.0,0.0,0.0,0.0,0.1617391,0.15313659608364105,0.17167024314403534,0.010642121,6.004209,5.998792052268982,6.016292691230774,0.019981502,6.0142093,6.008792281150818,6.02629292011261,0.019981502,2054400.0,2054400.0,2054400.0,0.0
642,0.0,0.0,0.0,0.0,2.0,2.0,2.0,0.0,0.28884414,0.2832268327474594,0.2983800917863846,0.012018351,0.2888753,0.28325997292995453,0.29841163754463196,0.012017806,1.0248864,1.0120802819728851,1.0422759652137756,0.01905635,0.09451436,0.09072468429803848,0.09725680574774742,0.004163205,0.09451436,0.09072468429803848,0.09725680574774742,0.004163205,1.0,1.0,1.0,0.0,3.1170246e-05,3.0343991056724917e-05,3.232262042729417e-05,1.4953437e-06,0.0003297712,0.00032676274713594466,0.00033107992203440517,4.970791e-06,-27.004683,-27.13577938079834,-26.644025802612305,0.5086235,2.254795,2.226621091365814,2.2930529713630676,0.041924857,0.75159836,0.7422070503234863,0.764351025223732,0.013974955,0.16600001,0.13200000673532486,0.20000000298023224,0.040090807,0.0006666667,0.0,0.0,0.0023094013,0.16016625,0.1558636613190174,0.16834580898284912,0.018584259,6.0142093,6.008792281150818,6.02629292011261,0.019981502,6.0242095,6.018792510032654,6.036293148994446,0.019981502,2057600.0,2057600.0,2057600.0,0.0
643,0.0,0.0,0.0,0.0,2.0,2.0,2.0,0.0,0.2888753,0.28325997292995453,0.29841163754463196,0.012017806,0.28890684,0.28329168260097504,0.2984408810734749,0.012017427,1.0170665,0.9917559176683426,1.0459029376506805,0.028043183,0.09632938,0.0899714957922697,0.10191640816628933,0.006168033,0.09632938,0.0899714957922697,0.10191640816628933,0.006168033,1.0,1.0,1.0,0.0,3.153294e-05,2.942686887763557e-05,3.291473421995761e-05,2.139335e-06,0.00032730712,0.00032432115403935313,0.00032860602368600667,4.933655e-06,-27.004608,-27.214680671691895,-26.763671398162842,0.5740127,2.237591,2.1819066405296326,2.3010324239730835,0.061696246,0.7458637,0.727302223443985,0.767010822892189,0.020565415,0.15333335,0.12600000575184822,0.17800001427531242,0.036713473,0.0,0.0,0.0,0.0,0.15317379,0.1437155343592167,0.16423798352479935,0.014854828,6.0242095,6.018792510032654,6.036293148994446,0.019981502,6.0342097,6.02879273891449,6.046293377876282,0.019981502,2060800.0,2060800.0,2060800.0,0.0
644,0.0,0.0,0.0,0.0,2.0,2.0,2.0,0.0,0.28890684,0.28329168260097504,0.2984408810734749,0.012017427,0.28893957,0.2833253964781761,0.29847119003534317,0.012016899,0.9991908,0.9924580752849579,1.018500179052353,0.047083016,0.100748904,0.0958314798772335,0.10176640376448631,0.011600088,0.100748904,0.0958314798772335,0.10176640376448631,0.011600088,1.0,1.0,1.0,0.0,3.2725806e-05,3.112669855909189e-05,3.2991861189657357e-05,3.7568077e-06,0.00032486147,0.0003218977726646699,0.0003261506644776091,4.896795e-06,-27.008049,-27.54741382598877,-26.702317714691162,0.9173448,2.1982636,2.1834513545036316,2.2407451272010803,0.10358469,0.7327545,0.7278171479701996,0.7469150424003601,0.034528226,0.16333334,0.12800000607967377,0.1900000125169754,0.038962297,0.0,0.0,0.0,0.0,0.14852189,0.13751181960105896,0.1571936309337616,0.016591145,6.0342097,6.02879273891449,6.046293377876282,0.019981502,6.04421,6.038792967796326,6.056293606758118,0.019981502,2064000.0,2064000.0,2064000.0,0.0
645,0.0,0.0,0.0,0.0,2.0,2.0,2.0,0.0,0.28893957,0.2833253964781761,0.29847119003534317,0.012016899,0.28897,0.2833547443151474,0.2985028997063637,0.012016204,1.0259916,1.0089568048715591,1.056097388267517,0.029156776,0.09438512,0.08788260258734226,0.09796594642102718,0.0063161817,0.09438512,0.08788260258734226,0.09796594642102718,0.0063161817,1.0,1.0,1.0,0.0,3.0437477e-05,2.8921883767907275e-05,3.159483094350435e-05,2.1521817e-06,0.00032243403,0.00031949250114848837,0.0003237136406823993,4.860205e-06,-27.459478,-27.895954608917236,-27.08592700958252,0.63203806,2.2572267,2.219749391078949,2.3234607577323914,0.064146236,0.7524089,0.7399165034294128,0.7744869291782379,0.021382071,0.164,0.13200000673532486,0.19600000232458115,0.03744572,0.0,0.0,0.0,0.0,0.16093501,0.13968269899487495,0.17448969185352325,0.021837285,6.04421,6.038792967796326,6.056293606758118,0.019981502,6.05421,6.048793196678162,6.066293835639954,0.019981502,2067200.0,2067200.0,2067200.0,0.0
646,0.0,0.0,0.0,0.0,2.0,2.0,2.0,0.0,0.28897,0.2833547443151474,0.2985028997063637,0.012016204,0.28900054,0.28338417410850525,0.29853614419698715,0.012017638,1.0214459,0.9964814484119415,1.045034497976303,0.03829434,0.09551821,0.09016146697103977,0.1008144672960043,0.008303793,0.09551821,0.09016146697103977,0.1008144672960043,0.008303793,1.0,1.0,1.0,0.0,3.0545616e-05,2.872818140531308e-05,3.217894209228689e-05,2.4148621e-06,0.00032002476,0.0003171052230754867,0.0003212948140571825,4.823881e-06,-27.200201,-27.585204124450684,-27.00927448272705,0.60833275,2.247226,2.1923030018806458,2.2991217374801636,0.08424924,0.74907535,0.7307676672935486,0.766373947262764,0.02808309,0.16266668,0.1340000070631504,0.1860000118613243,0.0396836,0.0006666667,0.0,0.0,0.0023094013,0.15692843,0.14983492717146873,0.16787178814411163,0.015632153,6.05421,6.048793196678162,6.066293835639954,0.019981502,6.0642104,6.058793425559998,6.0762940645217896,0.019981502,2070400.0,2070400.0,2070400.0,0.0
647,0.0,0.0,0.0,0.0,2.0,2.0,2.0,0.0,0.28900054,0.28338417410850525,0.29853614419698715,0.012017638,0.28903112,0.28341418504714966,0.2985651046037674,0.012018333,1.0177214,1.001696914434433,1.0291601121425629,0.036056116,0.096300215,0.09350962564349174,0.09961033798754215,0.007803528,0.096300215,0.09350962564349174,0.09961033798754215,0.007803528,1.0,1.0,1.0,0.0,3.0578576e-05,2.9966198326292215e-05,3.1606776246917434e-05,2.3707016e-06,0.0003176335,0.0003147357710986398,0.0003188940536347218,4.7878407e-06,-27.20881,-27.590499877929688,-26.742106437683105,0.93077683,2.2390318,2.2037771940231323,2.2641974091529846,0.07932505,0.7463439,0.7345924377441406,0.7547325044870377,0.026441673,0.16000001,0.1420000083744526,0.18800001218914986,0.038743917,0.0006666667,0.0,0.0,0.0023094013,0.15448974,0.1445303112268448,0.16519791260361671,0.021447321,6.0642104,6.058793425559998,6.0762940645217896,0.019981502,6.0742106,6.0687936544418335,6.0862942934036255,0.019981502,2073600.0,2073600.0,2073600.0,0.0
648,0.0,0.0,0.0,0.0,2.0,2.0,2.0,0.0,0.28903112,0.28341418504714966,0.2985651046037674,0.012018333,0.2890613,0.2834451273083687,0.2985936999320984,0.012017616,1.0203973,0.9919092804193497,1.053469181060791,0.039259985,0.09577211,0.08841605857014656,0.10190102085471153,0.008737481,0.09577211,0.08841605857014656,0.10190102085471153,0.008737481,1.0,1.0,1.0,0.0,3.0190553e-05,2.830635003192583e-05,3.270479010097915e-05,2.7555384e-06,0.0003152601,0.00031238404335454106,0.00031651124299969524,4.7520666e-06,-27.208466,-27.917209148406982,-26.56879186630249,0.9340565,2.2449188,2.1822440028190613,2.3176785111427307,0.08637369,0.7483063,0.7274146974086761,0.7725595235824585,0.028791226,0.15666668,0.12600000575184822,0.18200001120567322,0.042668562,0.0013333334,0.0,0.0,0.003113996,0.14960138,0.13623202964663506,0.16018717736005783,0.026984734,6.0742106,6.0687936544418335,6.0862942934036255,0.019981502,6.084211,6.078793883323669,6.096294522285461,0.019981502,2076800.0,2076800.0,2076800.0,0.0
649,0.0,0.0,0.0,0.0,2.0,2.0,2.0,0.0,0.2890613,0.2834451273083687,0.2985936999320984,0.012017616,0.2890897,0.283474400639534,0.29862647503614426,0.012022354,1.0124098,0.9847959876060486,1.027141660451889,0.039989945,0.09093385,0.093971012160182,0.1035690475255251,0.029374963,0.09755268,0.093971012160182,0.1035690475255251,0.008684016,0.9166667,1.0,1.0,0.28867513,2.837384e-05,2.9435468604788184e-05,3.212163301213877e-05,9.12625e-06,0.00031290445,0.00031004987249616534,0.000314146229356993,4.7165563e-06,-27.075579,-27.441627502441406,-26.632683277130127,0.6426065,2.227346,2.166594386100769,2.259756863117218,0.08797964,0.7424486,0.7221981436014175,0.753252312541008,0.029326547,0.15,0.12400000542402267,0.17600001394748688,0.036441736,0.0013333334,0.0,0.0,0.003113996,0.15925862,0.14901460334658623,0.170707106590271,0.017770125,6.084211,6.078793883323669,6.096294522285461,0.019981502,6.094211,6.088794112205505,6.106294751167297,0.019981502,2080000.0,2080000.0,2080000.0,0.0
650,0.0,0.0,0.0,0.0,2.0,2.0,2.0,0.0,0.2890897,0.283474400639534,0.29862647503614426,0.012022354,0.28911933,0.28350405395030975,0.29865480959415436,0.0120219365,1.0209479,1.00254625082016,1.0363452434539795,0.024483932,0.09542993,0.09197183884680271,0.09941797703504562,0.0053795404,0.09542993,0.09197183884680271,0.09941797703504562,0.0053795404,1.0,1.0,1.0,0.0,2.9638877e-05,2.8302808914304478e-05,3.143215872114524e-05,1.767442e-06,0.0003105664,0.0003077331348322332,0.000311798881739378,4.6813134e-06,-27.367989,-27.890471935272217,-27.04714822769165,0.7956704,2.2461302,2.2056458592414856,2.280005097389221,0.053865734,0.74871016,0.7352153062820435,0.7600017189979553,0.017955247,0.16083333,0.14000000059604645,0.1824999935925007,0.03872005,0.0,0.0,0.0,0.0,0.15510719,0.13992734253406525,0.17436892166733742,0.020231098,6.094211,6.088794112205505,6.106294751167297,0.019981502,6.1042113,6.098794341087341,6.116294980049133,0.019981502,2083200.0,2083200.0,2083200.0,0.0
651,0.0,0.0,0.0,0.0,2.0,2.0,2.0,0.0,0.28911933,0.28350405395030975,0.29865480959415436,0.0120219365,0.28914994,0.2835349217057228,0.2986835613846779,0.012021418,1.0039922,0.9883269220590591,1.0219580829143524,0.027356524,0.09926564,0.09507074393332005,0.10274056531488895,0.0062699546,0.09926564,0.09507074393332005,0.10274056531488895,0.0062699546,1.0,1.0,1.0,0.0,3.0603318e-05,2.8793502224289114e-05,3.236164957343135e-05,2.0672992e-06,0.0003082458,0.0003054337212233804,0.0003094691055594012,4.6463288e-06,-26.602419,-27.076326847076416,-26.27932596206665,0.75713044,2.2088268,2.1743626594543457,2.248352587223053,0.06018554,0.7362756,0.7247875928878784,0.7494508773088455,0.020061847,0.154,0.13200000673532486,0.17400000989437103,0.038461316,0.0,0.0,0.0,0.0,0.15145291,0.13748953118920326,0.16374703496694565,0.019388901,6.1042113,6.098794341087341,6.116294980049133,0.019981502,6.1142116,6.108794569969177,6.126295208930969,0.019981502,2086400.0,2086400.0,2086400.0,0.0
652,0.0,0.0,0.0,0.0,2.0,2.0,2.0,0.0,0.28914994,0.2835349217057228,0.2986835613846779,0.012021418,0.2891795,0.28356223553419113,0.2987111583352089,0.012020874,1.0166677,1.0035416930913925,1.0473513901233673,0.038207177,0.09658357,0.08967136777937412,0.09919679537415504,0.008753145,0.09658357,0.08967136777937412,0.09919679537415504,0.008753145,1.0,1.0,1.0,0.0,2.9559773e-05,2.7136410608363803e-05,3.085527350776829e-05,2.8388665e-06,0.00030594258,0.00030315150797832757,0.0003071567043662071,4.611609e-06,-27.099342,-27.59993886947632,-26.581665992736816,0.78924996,2.2367136,2.207835853099823,2.304219126701355,0.084057465,0.7455712,0.7359452843666077,0.7680730819702148,0.028019154,0.15933333,0.1340000070631504,0.17400000989437103,0.029632086,0.0,0.0,0.0,0.0,0.15085751,0.12971452809870243,0.17056609690189362,0.023004586,6.1142116,6.108794569969177,6.126295208930969,0.019981502,6.124212,6.118794798851013,6.136295437812805,0.019981502,2089600.0,2089600.0,2089600.0,0.0
653,0.0,0.0,0.0,0.0,2.0,2.0,2.0,0.0,0.2891795,0.28356223553419113,0.2987111583352089,0.012020874,0.2892064,0.28359080106019974,0.2987394407391548,0.012025303,1.0231642,0.9918424785137177,1.0369822680950165,0.0414891,0.088803925,0.09183959662914276,0.10189645923674107,0.028705018,0.095191985,0.09183959662914276,0.10189645923674107,0.008715134,0.9166667,1.0,1.0,0.28867513,2.6890548e-05,2.7756426788982935e-05,3.0611786314693745e-05,8.660473e-06,0.00030365653,0.0003008863131981343,0.0003048615835723467,4.5771562e-06,-27.035624,-27.316093921661377,-26.488447189331055,0.82790005,2.2510061,2.18209707736969,2.281406581401825,0.091277845,0.7503354,0.7273657321929932,0.7604688704013824,0.030425949,0.15133335,0.1300000064074993,0.17600001394748688,0.031901367,0.0,0.0,0.0,0.0,0.15254006,0.1407572738826275,0.16650081053376198,0.016381912,6.124212,6.118794798851013,6.136295437812805,0.019981502,6.134212,6.128795027732849,6.146295666694641,0.019981502,2092800.0,2092800.0,2092800.0,0.0
654,0.0,0.0,0.0,0.0,2.0,2.0,2.0,0.0,0.2892064,0.28359080106019974,0.2987394407391548,0.012025303,0.28923634,0.28361886739730835,0.2987687215209007,0.012026069,1.0032183,0.9838969558477402,1.014151781797409,0.02930972,0.09946544,0.09679513052105904,0.10378442890942097,0.006542436,0.09946544,0.09679513052105904,0.10378442890942097,0.006542436,1.0,1.0,1.0,0.0,2.9966579e-05,2.9377792088780552e-05,3.137229214189574e-05,1.826135e-06,0.00030138757,0.000298638035019394,0.00030258366314228624,4.542962e-06,-27.030745,-27.26676368713379,-26.61573839187622,0.6195264,2.2071242,2.1646165251731873,2.231178402900696,0.06448266,0.73570806,0.7215388417243958,0.7437261343002319,0.021494217,0.16466667,0.15600001066923141,0.18400001525878906,0.025403412,0.0006666667,0.0,0.0,0.0023094013,0.14656152,0.12946758419275284,0.16203216090798378,0.016811406,6.134212,6.128795027732849,6.146295666694641,0.019981502,6.1442122,6.138795256614685,6.156295895576477,0.019981502,2096000.0,2096000.0,2096000.0,0.0
655,0.0,0.0,0.0,0.0,2.0,2.0,2.0,0.0,0.28923634,0.28361886739730835,0.2987687215209007,0.012026069,0.28926483,0.28364575654268265,0.2987980395555496,0.012027156,1.0223339,0.9979826062917709,1.0515559613704681,0.034378044,0.09525933,0.08881360106170177,0.10046564601361752,0.0074886037,0.09525933,0.08881360106170177,0.10046564601361752,0.0074886037,1.0,1.0,1.0,0.0,2.8475311e-05,2.7101801606477238e-05,2.9812813409080263e-05,1.9898248e-06,0.00029913554,0.0002964065788546577,0.0003003226884175092,4.5090087e-06,-27.428726,-27.83372735977173,-27.006435871124268,0.94233763,2.2491796,2.1956055760383606,2.313469350337982,0.07563319,0.74972653,0.73186856508255,0.7711564600467682,0.025211053,0.16600001,0.15200001001358032,0.17600001394748688,0.019334378,0.0,0.0,0.0,0.0,0.15548821,0.14470107108354568,0.1572534330189228,0.020087853,6.1442122,6.138795256614685,6.156295895576477,0.019981502,6.1542125,6.148795485496521,6.166296124458313,0.019981502,2099200.0,2099200.0,2099200.0,0.0
656,0.0,0.0,0.0,0.0,2.0,2.0,2.0,0.0,0.28926483,0.28364575654268265,0.2987980395555496,0.012027156,0.28929374,0.2836753651499748,0.29882606863975525,0.012027127,1.0119442,0.9971724301576614,1.0194489359855652,0.023961272,0.097422116,0.09562085568904877,0.10065322369337082,0.005325744,0.097422116,0.09562085568904877,0.10065322369337082,0.005325744,1.0,1.0,1.0,0.0,2.8917058e-05,2.8029167424392654e-05,2.9989294034749037e-05,1.4976814e-06,0.00029690037,0.00029419181373668835,0.00029807864484610036,4.475314e-06,-27.078753,-27.348690032958984,-26.710676193237305,0.65279746,2.226322,2.1938230991363525,2.2428325414657593,0.052715834,0.74210733,0.7312743961811066,0.747610867023468,0.017571937,0.16466667,0.15000000968575478,0.18000001087784767,0.030976042,0.0006666667,0.0,0.0,0.0023094013,0.15944932,0.1455703265964985,0.1713472306728363,0.016777707,6.1542125,6.148795485496521,6.166296124458313,0.019981502,6.1642127,6.158795714378357,6.176296353340149,0.019981502,2102400.0,2102400.0,2102400.0,0.0
657,0.0,0.0,0.0,0.0,2.0,2.0,2.0,0.0,0.28929374,0.2836753651499748,0.29882606863975525,0.012027127,0.28932148,0.2837011367082596,0.298853799700737,0.012027261,1.0269979,1.01061549782753,1.0530106127262115,0.026724808,0.094136484,0.08850943297147751,0.09758544526994228,0.0058190543,0.094136484,0.08850943297147751,0.09758544526994228,0.0058190543,1.0,1.0,1.0,0.0,2.7736234e-05,2.610544743220089e-05,2.8759272481693188e-05,1.6908492e-06,0.0002946819,0.0002919935650425032,0.0002958513650810346,4.4418857e-06,-27.208307,-27.68818950653076,-26.902060985565186,0.8429812,2.2594407,2.2233985662460327,2.3166697025299072,0.058795743,0.7531469,0.7411328703165054,0.7722232341766357,0.01959858,0.14800002,0.12800000607967377,0.1680000126361847,0.030223412,0.0,0.0,0.0,0.0,0.15808578,0.14314322173595428,0.16619965806603432,0.020614237,6.1642127,6.158795714378357,6.176296353340149,0.019981502,6.174213,6.168795943260193,6.186296582221985,0.019981502,2105600.0,2105600.0,2105600.0,0.0
658,0.0,0.0,0.0,0.0,2.0,2.0,2.0,0.0,0.28932148,0.2837011367082596,0.298853799700737,0.012027261,0.2893488,0.28372664004564285,0.29888128489255905,0.012027716,1.0304857,1.021226316690445,1.0477513670921326,0.028841143,0.09341482,0.08958940021693707,0.09523481130599976,0.0064624883,0.09341482,0.08958940021693707,0.09523481130599976,0.0064624883,1.0,1.0,1.0,0.0,2.7316562e-05,2.6208366307400865e-05,2.794630790958763e-05,1.8342611e-06,0.00029248002,0.0002898117672884837,0.0002936407472589053,4.408688e-06,-27.380394,-27.829333782196045,-27.094703197479248,0.714782,2.267114,2.2467427253723145,2.305099070072174,0.06345179,0.75570464,0.7489142566919327,0.7683663815259933,0.0211506,0.13266666,0.1120000034570694,0.14800000935792923,0.02982779,0.0,0.0,0.0,0.0,0.16225593,0.1502823643386364,0.17105545848608017,0.01540964,6.174213,6.168795943260193,6.186296582221985,0.019981502,6.184213,6.178796172142029,6.196296811103821,0.019981502,2108800.0,2108800.0,2108800.0,0.0
659,0.0,0.0,0.0,0.0,2.0,2.0,2.0,0.0,0.2893488,0.28372664004564285,0.29888128489255905,0.012027716,0.28937638,0.283751517534256,0.29890940338373184,0.012027232,1.0236877,0.9955861270427704,1.0519933700561523,0.032050703,0.09492799,0.08871695585548878,0.10102151706814766,0.0069849286,0.09492799,0.08871695585548878,0.10102151706814766,0.0069849286,1.0,1.0,1.0,0.0,2.7563256e-05,2.555631226641708e-05,2.9058780455670785e-05,2.156917e-06,0.00029029456,0.00028764626040356234,0.0002914466167567298,4.3757427e-06,-27.342634,-27.84534740447998,-26.86930274963379,0.78435105,2.252158,2.1903331875801086,2.314431607723236,0.070512965,0.7507193,0.7301110923290253,0.7714772075414658,0.023504319,0.14666668,0.12600000575184822,0.15600001066923141,0.034507796,0.0006666667,0.0,0.0,0.0023094013,0.14632708,0.14173473790287971,0.15105633810162544,0.009129868,6.184213,6.178796172142029,6.196296811103821,0.019981502,6.1942134,6.188796401023865,6.206297039985657,0.019981502,2112000.0,2112000.0,2112000.0,0.0
660,0.0,0.0,0.0,0.0,2.0,2.0,2.0,0.0,0.28937638,0.283751517534256,0.29890940338373184,0.012027232,0.28940478,0.2837791442871094,0.29893823713064194,0.012027445,1.0065546,0.9920820742845535,1.0272195041179657,0.0263877,0.098671585,0.09392675757408142,0.10184215568006039,0.0061435616,0.098671585,0.09392675757408142,0.10184215568006039,0.0061435616,1.0,1.0,1.0,0.0,2.8422226e-05,2.7243934709986206e-05,2.949354211523314e-05,1.6790387e-06,0.00028812545,0.0002854969206964597,0.0002892688935389742,4.343048e-06,-26.936472,-27.18630886077881,-26.726354598999023,0.6111911,2.2144644,2.1826241612434387,2.2599281072616577,0.05805412,0.7381548,0.7275414168834686,0.7533093839883804,0.019351378,0.15533334,0.1340000070631504,0.17800001427531242,0.028224211,0.0,0.0,0.0,0.0,0.15453531,0.1442229337990284,0.16498275101184845,0.016851429,6.1942134,6.188796401023865,6.206297039985657,0.019981502,6.2042136,6.198796629905701,6.216297268867493,0.019981502,2115200.0,2115200.0,2115200.0,0.0
661,0.0,0.0,0.0,0.0,2.0,2.0,2.0,0.0,0.28940478,0.2837791442871094,0.29893823713064194,0.012027445,0.28943253,0.2838064357638359,0.29896465688943863,0.012027256,1.0140667,1.0070635080337524,1.027463972568512,0.026132422,0.09697276,0.09387202374637127,0.09838740341365337,0.005792646,0.09697276,0.09387202374637127,0.09838740341365337,0.005792646,1.0,1.0,1.0,0.0,2.773251e-05,2.7086644877272192e-05,2.8438401386665646e-05,1.7261931e-06,0.00028597255,0.00028336367540759966,0.0002871074466384016,4.3106024e-06,-27.019888,-27.12035036087036,-26.70736312866211,0.67714196,2.2309914,2.215583920478821,2.2604658603668213,0.057492465,0.7436638,0.7385279834270477,0.7534886598587036,0.01916415,0.15933333,0.1340000070631504,0.18800001218914986,0.04170314,0.0006666667,0.0,0.0,0.0023094013,0.14709555,0.13738315179944038,0.14927948266267776,0.01734771,6.2042136,6.198796629905701,6.216297268867493,0.019981502,6.214214,6.208796858787537,6.226297497749329,0.019981502,2118400.0,2118400.0,2118400.0,0.0
662,0.0,0.0,0.0,0.0,2.0,2.0,2.0,0.0,0.28943253,0.2838064357638359,0.29896465688943863,0.012027256,0.28945956,0.28383349627256393,0.29899321496486664,0.012028349,1.0224209,0.9984689950942993,1.0421930849552155,0.036484223,0.09527778,0.09074875339865685,0.1003663819283247,0.008075427,0.09527778,0.09074875339865685,0.1003663819283247,0.008075427,1.0,1.0,1.0,0.0,2.7024167e-05,2.5814358195930254e-05,2.8175548777653603e-05,2.0679988e-06,0.00028383572,0.0002812463280861266,0.00028496213781181723,4.2783868e-06,-27.176958,-27.67070960998535,-26.739278316497803,0.6565777,2.2493708,2.196675658226013,2.29287052154541,0.08026692,0.7497904,0.732225239276886,0.7642901986837387,0.026755644,0.15466668,0.14000000804662704,0.18400001525878906,0.035175752,0.0,0.0,0.0,0.0,0.15698966,0.14431825652718544,0.16543908417224884,0.018232455,6.214214,6.208796858787537,6.226297497749329,0.019981502,6.224214,6.218797087669373,6.2362977266311646,0.019981502,2121600.0,2121600.0,2121600.0,0.0
663,0.0,0.0,0.0,0.0,2.0,2.0,2.0,0.0,0.28945956,0.28383349627256393,0.29899321496486664,0.012028349,0.28948775,0.2838628515601158,0.29902246594429016,0.012028252,1.000413,0.9785050302743912,1.0263470709323883,0.034749854,0.10019484,0.09411494247615337,0.10507839173078537,0.007869666,0.10019484,0.09411494247615337,0.10507839173078537,0.007869666,1.0,1.0,1.0,0.0,2.8220204e-05,2.6543697458691895e-05,2.9832995551259955e-05,2.179672e-06,0.00028171486,0.00027914484235225245,0.0002828328651958145,4.246422e-06,-26.853415,-27.4507155418396,-26.315963745117188,0.66747147,2.2009525,2.152754068374634,2.258008658885956,0.0764512,0.73365086,0.7175847291946411,0.752669557929039,0.02548374,0.19,0.14999999105930328,0.21249999478459358,0.05116817,0.0,0.0,0.0,0.0,0.15219645,0.143749438226223,0.15608274191617966,0.018899234,6.224214,6.218797087669373,6.2362977266311646,0.019981502,6.2342143,6.2287973165512085,6.2462979555130005,0.019981502,2124800.0,2124800.0,2124800.0,0.0
664,0.0,0.0,0.0,0.0,2.0,2.0,2.0,0.0,0.28948775,0.2838628515601158,0.29902246594429016,0.012028252,0.28951547,0.28388913720846176,0.29904934763908386,0.01202883,1.0052423,0.9865046739578247,1.0185213387012482,0.03345528,0.09907236,0.09582765772938728,0.10315794870257378,0.007770096,0.09907236,0.09582765772938728,0.10315794870257378,0.007770096,1.0,1.0,1.0,0.0,2.7693532e-05,2.6448095923115034e-05,2.874673691621865e-05,2.0985638e-06,0.00027960987,0.00027705902903107926,0.00028071950509911403,4.2146903e-06,-26.879366,-27.057493686676025,-26.690621376037598,0.4841834,2.2115774,2.170353591442108,2.2407917380332947,0.073603086,0.73719245,0.7234512269496918,0.7469305843114853,0.024534356,0.16600001,0.1340000070631504,0.20000000298023224,0.045527212,0.0,0.0,0.0,0.0,0.1532035,0.13678860291838646,0.16416718438267708,0.026044581,6.2342143,6.2287973165512085,6.2462979555130005,0.019981502,6.2442145,6.238797545433044,6.256298184394836,0.019981502,2128000.0,2128000.0,2128000.0,0.0
665,0.0,0.0,0.0,0.0,2.0,2.0,2.0,0.0,0.28951547,0.28388913720846176,0.29904934763908386,0.01202883,0.28954154,0.28391434252262115,0.29907746613025665,0.012030101,1.0283481,0.992605909705162,1.0572370290756226,0.04253494,0.09409008,0.08767601288855076,0.10171714425086975,0.009091298,0.09409008,0.08767601288855076,0.10171714425086975,0.009091298,1.0,1.0,1.0,0.0,2.6093328e-05,2.4336326077900594e-05,2.80500184999255e-05,2.349586e-06,0.0002775206,0.0002749888153630309,0.00027862194838235155,4.1831963e-06,-27.003717,-27.74976348876953,-26.473289012908936,0.9460086,2.2624109,2.183776617050171,2.3259679675102234,0.093578726,0.754137,0.7279255390167236,0.7753226608037949,0.031192908,0.148,0.12000000476837158,0.17600001394748688,0.036181364,0.0,0.0,0.0,0.0,0.15851559,0.15004606544971466,0.15837664902210236,0.0171224,6.2442145,6.238797545433044,6.256298184394836,0.019981502,6.254215,6.24879777431488,6.266298413276672,0.019981502,2131200.0,2131200.0,2131200.0,0.0
666,0.0,0.0,0.0,0.0,2.0,2.0,2.0,0.0,0.28954154,0.28391434252262115,0.29907746613025665,0.012030101,0.28956768,0.2839408591389656,0.2991025596857071,0.012029655,1.0238832,1.0120193660259247,1.0328647792339325,0.023325143,0.09477383,0.0927129965275526,0.09727038256824017,0.005061109,0.09477383,0.0927129965275526,0.09727038256824017,0.005061109,1.0,1.0,1.0,0.0,2.610959e-05,2.518588689781609e-05,2.6862849153985735e-05,1.529009e-06,0.00027544695,0.000272934055828955,0.00027654003497445956,4.1519384e-06,-27.31404,-27.53877878189087,-26.898043632507324,0.6138321,2.2525883,2.2264870405197144,2.2723479866981506,0.051316325,0.7508628,0.7421623468399048,0.7574493288993835,0.017105436,0.15533334,0.12800000607967377,0.1940000019967556,0.035851546,0.0013333334,0.0,0.0,0.003113996,0.15338255,0.14491194859147072,0.1584079973399639,0.010950209,6.254215,6.24879777431488,6.266298413276672,0.019981502,6.264215,6.258798003196716,6.276298642158508,0.019981502,2134400.0,2134400.0,2134400.0,0.0
667,0.0,0.0,0.0,0.0,2.0,2.0,2.0,0.0,0.28956768,0.2839408591389656,0.2991025596857071,0.012029655,0.28959525,0.28396639972925186,0.2991318628191948,0.012031152,0.9978287,0.9608276635408401,1.0295632779598236,0.045894846,0.10101676,0.09342402406036854,0.1094412300735712,0.010675072,0.10101676,0.09342402406036854,0.1094412300735712,0.010675072,1.0,1.0,1.0,0.0,2.759044e-05,2.5546039523760555e-05,2.9646743314515334e-05,2.6593468e-06,0.00027338878,0.00027089468494523317,0.0002744737212196924,4.120911e-06,-26.837984,-27.425654411315918,-26.405579090118408,0.68559337,2.195267,2.1138630509376526,2.265084445476532,0.10097068,0.7317557,0.7046210318803787,0.7550281584262848,0.033656895,0.15200001,0.12000000476837158,0.17800001427531242,0.04079216,0.0,0.0,0.0,0.0,0.15290447,0.14067097753286362,0.16003789752721786,0.017004449,6.264215,6.258798003196716,6.276298642158508,0.019981502,6.274215,6.268798232078552,6.286298871040344,0.019981502,2137600.0,2137600.0,2137600.0,0.0
668,0.0,0.0,0.0,0.0,2.0,2.0,2.0,0.0,0.28959525,0.28396639972925186,0.2991318628191948,0.012031152,0.2896218,0.28399620205163956,0.29915639013051987,0.012031243,1.0107485,0.9977001845836639,1.029823750257492,0.03205192,0.09780403,0.09336581453680992,0.10053159855306149,0.007434889,0.09780403,0.09336581453680992,0.10053159855306149,0.007434889,1.0,1.0,1.0,0.0,2.6533271e-05,2.5381394607393304e-05,2.6903990146820433e-05,1.9787788e-06,0.00027134598,0.00026887051353696734,0.0002724228033912368,4.090128e-06,-27.056314,-27.43246841430664,-26.664306640625,0.57431716,2.2236912,2.194984197616577,2.2656575441360474,0.070515655,0.7412304,0.7316614240407944,0.7552191913127899,0.023505218,0.16200002,0.1340000070631504,0.18400001153349876,0.0337908,0.0,0.0,0.0,0.0,0.15756284,0.14428459107875824,0.17298384755849838,0.019516375,6.274215,6.268798232078552,6.286298871040344,0.019981502,6.2842155,6.278798460960388,6.29629909992218,0.019981502,2140800.0,2140800.0,2140800.0,0.0
669,0.0,0.0,0.0,0.0,2.0,2.0,2.0,0.0,0.2896218,0.28399620205163956,0.29915639013051987,0.012031243,0.2896476,0.2840227708220482,0.29918208718299866,0.012032004,1.0194212,0.9996593594551086,1.039809137582779,0.033977207,0.09589975,0.09124117158353329,0.10008416883647442,0.007695832,0.09589975,0.09124117158353329,0.10008416883647442,0.007695832,1.0,1.0,1.0,0.0,2.5815702e-05,2.4609249066998018e-05,2.6934884772344958e-05,1.9346735e-06,0.00026931844,0.0002668614688445814,0.00027038725966122,4.0595633e-06,-27.392614,-28.02136993408203,-26.589291095733643,0.7896785,2.2427714,2.1992944478988647,2.287625789642334,0.07475136,0.7475905,0.7330981492996216,0.7625419497489929,0.02491712,0.15200001,0.13600000739097595,0.1680000126361847,0.023878485,0.0013333334,0.0,0.0,0.003113996,0.15408821,0.14731518179178238,0.15952027589082718,0.015165127,6.2842155,6.278798460960388,6.29629909992218,0.019981502,6.2942157,6.288798689842224,6.306299328804016,0.019981502,2144000.0,2144000.0,2144000.0,0.0
670,0.0,0.0,0.0,0.0,2.0,2.0,2.0,0.0,0.2896476,0.2840227708220482,0.29918208718299866,0.012032004,0.28967348,0.2840479165315628,0.29920903593301773,0.012031962,1.0157151,0.9891704320907593,1.0457360744476318,0.042235434,0.09686614,0.09000610746443272,0.10252498276531696,0.009466211,0.09686614,0.09000610746443272,0.10252498276531696,0.009466211,1.0,1.0,1.0,0.0,2.5896688e-05,2.4065207526291488e-05,2.7390023660700535e-05,2.590351e-06,0.00026730605,0.00026486745628062636,0.00026836687175091356,4.02923e-06,-27.294054,-27.80861806869507,-26.7487211227417,0.72067225,2.234618,2.1762184500694275,2.3006651997566223,0.09291979,0.7448726,0.7254061698913574,0.766888439655304,0.03097327,0.164,0.14800000935792923,0.1860000118613243,0.045575112,0.0013333334,0.0,0.0,0.003113996,0.15656987,0.1497206687927246,0.169035192579031,0.01867432,6.2942157,6.288798689842224,6.306299328804016,0.019981502,6.304216,6.29879891872406,6.316299557685852,0.019981502,2147200.0,2147200.0,2147200.0,0.0
671,0.0,0.0,0.0,0.0,2.0,2.0,2.0,0.0,0.28967348,0.2840479165315628,0.29920903593301773,0.012031962,0.2896988,0.2840723395347595,0.29923202097415924,0.012031684,1.0218021,1.0000939667224884,1.0439821183681488,0.03498346,0.095390044,0.09037115424871445,0.09998723119497299,0.00780982,0.095390044,0.09037115424871445,0.09998723119497299,0.00780982,1.0,1.0,1.0,0.0,2.531195e-05,2.4111694074235857e-05,2.6310096927772975e-05,2.1548135e-06,0.0002653087,0.0002628883521538228,0.00026636159600457177,3.9991137e-06,-27.409414,-27.798523902893066,-26.883427143096924,0.9614886,2.2480094,2.2002506852149963,2.296806514263153,0.07696514,0.7493365,0.7334169149398804,0.7656022012233734,0.02565505,0.156,0.13600000739097595,0.17600001394748688,0.040000003,0.0,0.0,0.0,0.0,0.15845746,0.14372339844703674,0.17581750079989433,0.02028569,6.304216,6.29879891872406,6.316299557685852,0.019981502,6.314216,6.308799147605896,6.326299786567688,0.019981502,2150400.0,2150400.0,2150400.0,0.0
672,0.0,0.0,0.0,0.0,2.0,2.0,2.0,0.0,0.2896988,0.2840723395347595,0.29923202097415924,0.012031684,0.2897243,0.2840964198112488,0.29925913363695145,0.012032324,1.0153909,1.0073619186878204,1.0387403964996338,0.033543266,0.09678926,0.09146673604846,0.09834844432771206,0.0077673183,0.09678926,0.09146673604846,0.09834844432771206,0.0077673183,1.0,1.0,1.0,0.0,2.5480325e-05,2.4090510578389512e-05,2.6287350465281634e-05,1.9695278e-06,0.0002633263,0.0002609240254969336,0.0002643713232828304,3.969247e-06,-26.947344,-27.120285511016846,-26.855741500854492,0.49801022,2.2339046,2.216240406036377,2.285274565219879,0.07379668,0.74463487,0.7387468069791794,0.7617582082748413,0.024598897,0.15133335,0.1340000070631504,0.17600001394748688,0.035030723,0.0,0.0,0.0,0.0,0.16083188,0.14689024537801743,0.16884443536400795,0.01665222,6.314216,6.308799147605896,6.326299786567688,0.019981502,6.3242164,6.318799376487732,6.336300015449524,0.019981502,2153600.0,2153600.0,2153600.0,0.0
673,0.0,0.0,0.0,0.0,2.0,2.0,2.0,0.0,0.2897243,0.2840964198112488,0.29925913363695145,0.012032324,0.28974926,0.2841222733259201,0.29928211122751236,0.012033294,1.0208783,1.0046292841434479,1.0416400134563446,0.037418902,0.0956335,0.09085760824382305,0.09894021414220333,0.008338159,0.0956335,0.09085760824382305,0.09894021414220333,0.008338159,1.0,1.0,1.0,0.0,2.498045e-05,2.3700495603407035e-05,2.592977352833259e-05,2.0258242e-06,0.00026135868,0.00025897433079080656,0.00026239591534249485,3.9395904e-06,-27.488083,-27.9619197845459,-27.09441900253296,0.54121226,2.2459772,2.210228681564331,2.2916537523269653,0.08232323,0.7486591,0.7367428988218307,0.7638846039772034,0.027441079,0.14333333,0.13200000673532486,0.1600000113248825,0.028224211,0.0006666667,0.0,0.0,0.0023094013,0.15608165,0.1403394229710102,0.1689150519669056,0.018505143,6.3242164,6.318799376487732,6.336300015449524,0.019981502,6.3342166,6.328799605369568,6.34630024433136,0.019981502,2156800.0,2156800.0,2156800.0,0.0
674,0.0,0.0,0.0,0.0,2.0,2.0,2.0,0.0,0.28974926,0.2841222733259201,0.29928211122751236,0.012033294,0.28977346,0.28414831310510635,0.29930391907691956,0.012033296,1.0311022,1.006756067276001,1.0569826364517212,0.03128203,0.09330797,0.08770360611379147,0.0984604973345995,0.00660884,0.09330797,0.08770360611379147,0.0984604973345995,0.00660884,1.0,1.0,1.0,0.0,2.4197454e-05,2.322146792721469e-05,2.519329018468852e-05,1.6389992e-06,0.0002594058,0.0002570392462075688,0.00026043527032015845,3.9101456e-06,-27.442259,-27.962603092193604,-26.987516403198242,0.7311708,2.26847,2.214907467365265,2.3254082202911377,0.06882185,0.75615674,0.7383025139570236,0.7751360982656479,0.022940615,0.14666668,0.14400000870227814,0.15200001001358032,0.015755713,0.0013333334,0.0,0.0,0.003113996,0.15589367,0.1419803686439991,0.17222999036312103,0.019761655,6.3342166,6.328799605369568,6.34630024433136,0.019981502,6.344217,6.338799834251404,6.356300473213196,0.019981502,2160000.0,2160000.0,2160000.0,0.0
675,0.0,0.0,0.0,0.0,2.0,2.0,2.0,0.0,0.28977346,0.28414831310510635,0.29930391907691956,0.012033296,0.28979847,0.28417307883501053,0.2993275821208954,0.01203346,1.0132879,0.9949269592761993,1.0265935361385345,0.032791983,0.09724047,0.09410060197114944,0.10119188390672207,0.0073469505,0.09724047,0.09410060197114944,0.10119188390672207,0.0073469505,1.0,1.0,1.0,0.0,2.5030191e-05,2.4151563138730126e-05,2.5988503693952225e-05,1.8332894e-06,0.00025746747,0.00025511864805594087,0.00025848924269666895,3.880929e-06,-27.034431,-27.38243055343628,-26.425883293151855,0.7974262,2.2292778,2.188883066177368,2.2585508823394775,0.0721438,0.7430926,0.7296277284622192,0.7528502941131592,0.024047932,0.15733334,0.14000000804662704,0.18400001525878906,0.03187856,0.0,0.0,0.0,0.0,0.14926824,0.14065657556056976,0.15583738312125206,0.01746621,6.344217,6.338799834251404,6.356300473213196,0.019981502,6.354217,6.34880006313324,6.366300702095032,0.019981502,2163200.0,2163200.0,2163200.0,0.0
676,0.0,0.0,0.0,0.0,2.0,2.0,2.0,0.0,0.28979847,0.28417307883501053,0.2993275821208954,0.01203346,0.28982273,0.2841983214020729,0.29935023933649063,0.012033192,1.0233411,1.0109991133213043,1.0343111753463745,0.028282877,0.09494942,0.09240413457155228,0.09750958904623985,0.006069769,0.09494942,0.09240413457155228,0.09750958904623985,0.006069769,1.0,1.0,1.0,0.0,2.4261566e-05,2.3436219180439366e-05,2.5053750050574308e-05,1.5401325e-06,0.00025554365,0.0002532123544369824,0.0002565577669884078,3.8519315e-06,-27.09913,-27.42962884902954,-26.50141143798828,0.7811443,2.251395,2.2242425680160522,2.275529980659485,0.06222356,0.7504651,0.7414141893386841,0.758510023355484,0.020741187,0.1625,0.14000000059604645,0.1874999925494194,0.038405728,0.0,0.0,0.0,0.0,0.1563884,0.13920524716377258,0.17244873940944672,0.026226545,6.354217,6.34880006313324,6.366300702095032,0.019981502,6.3642173,6.358800292015076,6.376300930976868,0.019981502,2166400.0,2166400.0,2166400.0,0.0
677,0.0,0.0,0.0,0.0,2.0,2.0,2.0,0.0,0.28982273,0.2841983214020729,0.29935023933649063,0.012033192,0.28984714,0.28422196209430695,0.2993742749094963,0.012033646,1.0184331,0.9988868534564972,1.0478003919124603,0.03873383,0.09619519,0.08958449028432369,0.10027230717241764,0.008612604,0.09619519,0.08958449028432369,0.10027230717241764,0.008612604,1.0,1.0,1.0,0.0,2.4389758e-05,2.2811407234257786e-05,2.5332567474833922e-05,2.121878e-06,0.0002536342,0.0002513203435228206,0.0002546407631598413,3.8231524e-06,-27.298233,-27.818944454193115,-26.671086311340332,0.73326695,2.2405977,2.1975948810577393,2.3052070140838623,0.085216135,0.7468659,0.7325316667556763,0.7684023380279541,0.028405368,0.17666668,0.14800000935792923,0.1940000019967556,0.035030723,0.0006666667,0.0,0.0,0.0023094013,0.15753287,0.13767169415950775,0.16881007328629494,0.021807188,6.3642173,6.358800292015076,6.376300930976868,0.019981502,6.3742175,6.368800520896912,6.386301159858704,0.019981502,2169600.0,2169600.0,2169600.0,0.0
678,0.0,0.0,0.0,0.0,2.0,2.0,2.0,0.0,0.28984714,0.28422196209430695,0.2993742749094963,0.012033646,0.2898719,0.2842462807893753,0.29939553886651993,0.012033822,1.0092173,0.9843368828296661,1.027707189321518,0.041890766,0.09831458,0.09381942823529243,0.10367432795464993,0.0093762325,0.09831458,0.09381942823529243,0.10367432795464993,0.0093762325,1.0,1.0,1.0,0.0,2.4746265e-05,2.3552477614430245e-05,2.5813783395278733e-05,2.334509e-06,0.00025173902,0.0002494424334145151,0.0002527380347601138,3.794573e-06,-27.082903,-27.852624893188477,-26.316048622131348,0.88469994,2.2203224,2.16558438539505,2.2610009908676147,0.09216149,0.7401075,0.7218614816665649,0.753667026758194,0.0307205,0.17866667,0.16600001230835915,0.20200000330805779,0.04224029,0.0,0.0,0.0,0.0,0.1562786,0.14783068746328354,0.1645413637161255,0.01446653,6.3742175,6.368800520896912,6.386301159858704,0.019981502,6.3842177,6.378800749778748,6.3963013887405396,0.019981502,2172800.0,2172800.0,2172800.0,0.0
679,0.0,0.0,0.0,0.0,2.0,2.0,2.0,0.0,0.2898719,0.2842462807893753,0.29939553886651993,0.012033822,0.28989422,0.28427213430404663,0.29942087084054947,0.012036824,1.0193561,0.9953863322734833,1.034507155418396,0.040471185,0.08962849,0.09237224608659744,0.10107351467013359,0.028874276,0.096012585,0.09237224608659744,0.10107351467013359,0.008624059,0.9166667,1.0,1.0,0.28867513,2.2335067e-05,2.3320286800299073e-05,2.5025186005223077e-05,7.1760323e-06,0.00024985799,0.0002475785877322778,0.0002508495745132677,3.7662214e-06,-27.11547,-27.522016525268555,-26.409955501556396,0.9916137,2.242628,2.189893662929535,2.2759611010551453,0.08903837,0.7475428,0.7299645841121674,0.7586537152528763,0.029679459,0.17066668,0.15000000968575478,0.1940000019967556,0.030383406,0.0,0.0,0.0,0.0,0.15769677,0.13970984145998955,0.17207906767725945,0.026913578,6.3842177,6.378800749778748,6.3963013887405396,0.019981502,6.394218,6.3888009786605835,6.4063016176223755,0.019981502,2176000.0,2176000.0,2176000.0,0.0
680,0.0,0.0,0.0,0.0,2.0,2.0,2.0,0.0,0.28989422,0.28427213430404663,0.29942087084054947,0.012036824,0.28991878,0.28429705649614334,0.29944439232349396,0.012036862,1.0046577,0.9867692291736603,1.0193606317043304,0.020184377,0.09903157,0.09564055874943733,0.10309866070747375,0.0046264403,0.09903157,0.09564055874943733,0.10309866070747375,0.0046264403,1.0,1.0,1.0,0.0,2.4554276e-05,2.363485600653803e-05,2.550516137489467e-05,1.0918197e-06,0.00024799103,0.0002457286245771684,0.0002489751859684475,3.738089e-06,-26.905928,-27.294846534729004,-26.441144943237305,0.53923935,2.2102911,2.17093563079834,2.242638111114502,0.04440654,0.7367637,0.7236452251672745,0.747546061873436,0.014802183,0.16066667,0.1340000070631504,0.1900000125169754,0.04347901,0.0,0.0,0.0,0.0,0.14673953,0.13395123928785324,0.1540222503244877,0.020924436,6.394218,6.3888009786605835,6.4063016176223755,0.019981502,6.404218,6.398801207542419,6.416301846504211,0.019981502,2179200.0,2179200.0,2179200.0,0.0
681,0.0,0.0,0.0,0.0,2.0,2.0,2.0,0.0,0.28991878,0.28429705649614334,0.29944439232349396,0.012036862,0.28994262,0.28432054072618484,0.29947008937597275,0.012036831,1.0147637,0.9963047951459885,1.0375087261199951,0.034163173,0.09693349,0.09172786772251129,0.10085994191467762,0.007683923,0.09693349,0.09172786772251129,0.10085994191467762,0.007683923,1.0,1.0,1.0,0.0,2.3855324e-05,2.287218921992462e-05,2.504481517462409e-05,1.8684995e-06,0.000246138,0.00024389253303525038,0.00024711481819394976,3.71015e-06,-26.953789,-27.11565399169922,-26.553147792816162,0.6088736,2.2325246,2.1919143199920654,2.2825648188591003,0.07516047,0.74417496,0.7306381464004517,0.7608549445867538,0.025053483,0.17733334,0.15000000968575478,0.1940000019967556,0.027677799,0.0,0.0,0.0,0.0,0.1523486,0.14032753556966782,0.16817307844758034,0.018421868,6.404218,6.398801207542419,6.416301846504211,0.019981502,6.4142184,6.408801436424255,6.426302075386047,0.019981502,2182400.0,2182400.0,2182400.0,0.0
682,0.0,0.0,0.0,0.0,2.0,2.0,2.0,0.0,0.28994262,0.28432054072618484,0.29947008937597275,0.012036831,0.28996673,0.28434401005506516,0.29949235171079636,0.012036466,1.0066634,0.987539067864418,1.0279635787010193,0.025734205,0.0986375,0.09376420453190804,0.10291260480880737,0.0059306654,0.0986375,0.09376420453190804,0.10291260480880737,0.0059306654,1.0,1.0,1.0,0.0,2.410171e-05,2.3230681563291e-05,2.5246365112252533e-05,1.568915e-06,0.00024429883,0.00024207012393162586,0.0002452683329465799,3.682436e-06,-27.147245,-27.544438362121582,-26.74439764022827,0.6189073,2.2147038,2.1726293563842773,2.2615650296211243,0.05661639,0.7382346,0.7242097854614258,0.7538550347089767,0.018872134,0.176,0.14800000935792923,0.20000000298023224,0.034620013,0.0,0.0,0.0,0.0,0.15740205,0.14991526305675507,0.1609366461634636,0.014220509,6.4142184,6.408801436424255,6.426302075386047,0.019981502,6.4242187,6.418801665306091,6.436302304267883,0.019981502,2185600.0,2185600.0,2185600.0,0.0
683,0.0,0.0,0.0,0.0,2.0,2.0,2.0,0.0,0.28996673,0.28434401005506516,0.29949235171079636,0.012036466,0.28999075,0.2843663990497589,0.29951686412096024,0.0120365005,1.0049126,0.9906343370676041,1.0226772129535675,0.022325005,0.09899491,0.0949128195643425,0.10218402184545994,0.005082894,0.09899491,0.0949128195643425,0.10218402184545994,0.005082894,1.0,1.0,1.0,0.0,2.4001603e-05,2.2952273411647184e-05,2.4914229015848832e-05,1.2466726e-06,0.0002424734,0.00024026134997257032,0.0002434356683806982,3.65492e-06,-27.140564,-27.408796787261963,-26.77072238922119,0.5175696,2.210852,2.179439067840576,2.2499349117279053,0.04911599,0.73695064,0.7264796942472458,0.749978318810463,0.016371995,0.14266668,0.12200000509619713,0.17000001296401024,0.036554653,0.0006666667,0.0,0.0,0.0023094013,0.15467851,0.1383846439421177,0.17030425742268562,0.019858606,6.4242187,6.418801665306091,6.436302304267883,0.019981502,6.434219,6.428801894187927,6.446302533149719,0.019981502,2188800.0,2188800.0,2188800.0,0.0
684,0.0,0.0,0.0,0.0,2.0,2.0,2.0,0.0,0.28999075,0.2843663990497589,0.29951686412096024,0.0120365005,0.2900147,0.28439172357320786,0.29954133182764053,0.012036392,1.0030078,0.9728791862726212,1.0142735242843628,0.033948082,0.09958132,0.09677640534937382,0.10644487291574478,0.007501225,0.09958132,0.09677640534937382,0.10644487291574478,0.007501225,1.0,1.0,1.0,0.0,2.3964114e-05,2.3367633275483968e-05,2.5367814942001132e-05,1.8181328e-06,0.00024066161,0.0002384660838288255,0.00024161669352906756,3.6276094e-06,-27.080183,-27.41228723526001,-26.496888637542725,0.97221226,2.206661,2.1403769850730896,2.2314462065696716,0.07468729,0.73555374,0.7134589999914169,0.7438154220581055,0.024895761,0.186,0.17200001329183578,0.2160000056028366,0.032203894,0.0013333334,0.0,0.0,0.003113996,0.15127172,0.14268497750163078,0.15825527533888817,0.017871637,6.434219,6.428801894187927,6.446302533149719,0.019981502,6.444219,6.438802123069763,6.456302762031555,0.019981502,2192000.0,2192000.0,2192000.0,0.0
685,0.0,0.0,0.0,0.0,2.0,2.0,2.0,0.0,0.2900147,0.28439172357320786,0.29954133182764053,0.012036392,0.29003796,0.28441353887319565,0.29956338554620743,0.012036311,1.0128725,0.9919178038835526,1.0381081998348236,0.0378672,0.097418725,0.09160147979855537,0.10188263282179832,0.008521755,0.097418725,0.09160147979855537,0.10188263282179832,0.008521755,1.0,1.0,1.0,0.0,2.3271275e-05,2.2120004814496497e-05,2.459707229718333e-05,2.09025e-06,0.00023886336,0.00023668424182687886,0.000239811295614345,3.6004933e-06,-27.200445,-27.703888416290283,-26.698995113372803,0.8024455,2.228364,2.1822627782821655,2.2838836908340454,0.0833095,0.742788,0.7274209409952164,0.7612945735454559,0.027769832,0.172,0.14400000870227814,0.21000000461935997,0.045190506,0.0006666667,0.0,0.0,0.0023094013,0.15859683,0.14681008458137512,0.17408915609121323,0.022074692,6.444219,6.438802123069763,6.456302762031555,0.019981502,6.4542193,6.448802351951599,6.466302990913391,0.019981502,2195200.0,2195200.0,2195200.0,0.0
686,0.0,0.0,0.0,0.0,2.0,2.0,2.0,0.0,0.29003796,0.28441353887319565,0.29956338554620743,0.012036311,0.29006085,0.28443683683872223,0.29958584904670715,0.0120371105,1.0156838,0.9956922233104706,1.0294667780399323,0.029235555,0.09665031,0.09344290569424629,0.10099721699953079,0.00634643,0.09665031,0.09344290569424629,0.10099721699953079,0.00634643,1.0,1.0,1.0,0.0,2.2898113e-05,2.1958941033517476e-05,2.3814141968614422e-05,1.2824903e-06,0.00023707854,0.0002349157221033238,0.00023801938368706033,3.5735936e-06,-27.290955,-27.55190086364746,-26.923197746276855,0.49513236,2.2345488,2.190566658973694,2.264872193336487,0.064319484,0.7448496,0.7301889210939407,0.7549574077129364,0.021439828,0.15866669,0.15000000968575478,0.17600001394748688,0.029311288,0.0,0.0,0.0,0.0,0.16228652,0.1403144933283329,0.18134870752692223,0.024187692,6.4542193,6.448802351951599,6.466302990913391,0.019981502,6.4642196,6.458802580833435,6.476303219795227,0.019981502,2198400.0,2198400.0,2198400.0,0.0
687,0.0,0.0,0.0,0.0,2.0,2.0,2.0,0.0,0.29006085,0.28443683683872223,0.29958584904670715,0.0120371105,0.2900833,0.2844614163041115,0.29961004108190536,0.012037097,1.0220479,0.9961149543523788,1.0488650798797607,0.038199667,0.0953922,0.08936927653849125,0.10092350468039513,0.008562321,0.0953922,0.08936927653849125,0.10092350468039513,0.008562321,1.0,1.0,1.0,0.0,2.2442226e-05,2.1110362013132544e-05,2.359945438001887e-05,1.9814286e-06,0.00023530707,0.00023316040096688084,0.00023624091045348905,3.546891e-06,-27.064253,-27.430763721466064,-26.890623092651367,0.6802819,2.2485502,2.191496729850769,2.3075491786003113,0.08404094,0.7495167,0.7304989099502563,0.7691830694675446,0.028013645,0.15266667,0.14000000804662704,0.18000001087784767,0.038812682,0.0,0.0,0.0,0.0,0.14995505,0.13907961174845695,0.15661971271038055,0.020551233,6.4642196,6.458802580833435,6.476303219795227,0.019981502,6.47422,6.468802809715271,6.486303448677063,0.019981502,2201600.0,2201600.0,2201600.0,0.0
688,0.0,0.0,0.0,0.0,2.0,2.0,2.0,0.0,0.2900833,0.2844614163041115,0.29961004108190536,0.012037097,0.29010648,0.2844812646508217,0.29963331669569016,0.012037187,1.0045625,0.9858247935771942,1.0147100389003754,0.033196077,0.09921435,0.09667780064046383,0.10332894511520863,0.0073361173,0.09921435,0.09667780064046383,0.10332894511520863,0.0073361173,1.0,1.0,1.0,0.0,2.3171082e-05,2.260879955429118e-05,2.3965184482221957e-05,1.7449627e-06,0.00023354882,0.00023141819838201627,0.0002344756867387332,3.5203925e-06,-26.881256,-27.261125087738037,-26.58133602142334,0.7955616,2.2100813,2.1688578724861145,2.2324066162109375,0.07303282,0.73669386,0.7229526340961456,0.7441355586051941,0.024344265,0.16533335,0.1600000113248825,0.1860000118613243,0.040981892,0.0,0.0,0.0,0.0,0.14416088,0.12967345491051674,0.1578201875090599,0.019323576,6.47422,6.468802809715271,6.486303448677063,0.019981502,6.48422,6.478803038597107,6.496303677558899,0.019981502,2204800.0,2204800.0,2204800.0,0.0
689,0.0,0.0,0.0,0.0,2.0,2.0,2.0,0.0,0.29010648,0.2844812646508217,0.29963331669569016,0.012037187,0.29012874,0.28450360894203186,0.29965513199567795,0.012036818,1.0179993,1.009823352098465,1.0323046147823334,0.026791923,0.096111365,0.09283643215894699,0.0977649837732315,0.0061312267,0.096111365,0.09283643215894699,0.0977649837732315,0.0061312267,1.0,1.0,1.0,0.0,2.2278311e-05,2.1378598376031732e-05,2.2790717594034504e-05,1.457371e-06,0.00023180373,0.00022968899793340825,0.00023272366161108948,3.494085e-06,-27.111654,-27.41540813446045,-26.825398445129395,0.5196215,2.239643,2.221655786037445,2.27111554145813,0.0589434,0.7465477,0.7405519336462021,0.7570385187864304,0.019647794,0.145,0.11999999731779099,0.1524999924004078,0.041231055,0.0,0.0,0.0,0.0,0.16141509,0.15546666830778122,0.1739414893090725,0.01658617,6.48422,6.478803038597107,6.496303677558899,0.019981502,6.4942203,6.488803267478943,6.506303906440735,0.019981502,2208000.0,2208000.0,2208000.0,0.0
690,0.0,0.0,0.0,0.0,2.0,2.0,2.0,0.0,0.29012874,0.28450360894203186,0.29965513199567795,0.012036818,0.2901518,0.28452812880277634,0.2996789440512657,0.012036361,0.9998973,0.974815621972084,1.014040470123291,0.030855237,0.10025289,0.09682241268455982,0.105970349162817,0.0070160334,0.10025289,0.09682241268455982,0.105970349162817,0.0070160334,1.0,1.0,1.0,0.0,2.3064955e-05,2.2030667423678096e-05,2.432061683066422e-05,1.6504612e-06,0.00023007166,0.00022797274141339585,0.00023098471137927845,3.4679804e-06,-26.818481,-27.373899459838867,-26.333181858062744,0.83908325,2.199818,2.1446372270584106,2.2309334874153137,0.06788289,0.73327273,0.714879110455513,0.7436445206403732,0.022627633,0.16466667,0.1420000083744526,0.18800001218914986,0.036970094,0.0,0.0,0.0,0.0,0.15185209,0.143119964748621,0.15997528284788132,0.016670264,6.4942203,6.488803267478943,6.506303906440735,0.019981502,6.5042205,6.498803496360779,6.516304135322571,0.019981502,2211200.0,2211200.0,2211200.0,0.0
691,0.0,0.0,0.0,0.0,2.0,2.0,2.0,0.0,0.2901518,0.28452812880277634,0.2996789440512657,0.012036361,0.29017398,0.28455134481191635,0.2996997833251953,0.012037161,1.0137467,0.9917908906936646,1.0426241755485535,0.032983024,0.09713953,0.09065250866115093,0.10190824791789055,0.0073266677,0.09713953,0.09065250866115093,0.10190824791789055,0.0073266677,1.0,1.0,1.0,0.0,2.2168177e-05,2.0792185296159005e-05,2.303460178154637e-05,1.5029775e-06,0.00022835254,0.00022626931240665726,0.00022925874873180874,3.4420655e-06,-26.982744,-27.50391435623169,-26.353895664215088,0.8030175,2.2302873,2.181983530521393,2.293818950653076,0.0725641,0.7434291,0.7273278534412384,0.7646063268184662,0.024188042,0.15466668,0.12600000575184822,0.17800001427531242,0.032241516,0.0,0.0,0.0,0.0,0.15093873,0.14235368743538857,0.1606464572250843,0.015482559,6.5042205,6.498803496360779,6.516304135322571,0.019981502,6.5142207,6.508803725242615,6.526304364204407,0.019981502,2214400.0,2214400.0,2214400.0,0.0
692,0.0,0.0,0.0,0.0,2.0,2.0,2.0,0.0,0.29017398,0.28455134481191635,0.2996997833251953,0.012037161,0.29019484,0.28457111120224,0.29971979558467865,0.012037494,1.0370849,1.0117165446281433,1.056428611278534,0.03506154,0.092092685,0.08783122152090073,0.09734558686614037,0.0075488724,0.092092685,0.08783122152090073,0.09734558686614037,0.0075488724,1.0,1.0,1.0,0.0,2.0867685e-05,2.003865711230901e-05,2.1840459339728113e-05,1.6747839e-06,0.00022664627,0.00022457860177382827,0.00022754571546101943,3.4163484e-06,-27.648783,-27.692805767059326,-27.383700370788574,0.55920005,2.2816324,2.2258208990097046,2.3241894245147705,0.07713692,0.7605441,0.7419403195381165,0.7747298330068588,0.025712311,0.15933333,0.12400000542402267,0.18200001120567322,0.04544194,0.0,0.0,0.0,0.0,0.16075116,0.141494482755661,0.1746702678501606,0.023031203,6.5142207,6.508803725242615,6.526304364204407,0.019981502,6.524221,6.518803954124451,6.536304593086243,0.019981502,2217600.0,2217600.0,2217600.0,0.0
693,0.0,0.0,0.0,0.0,2.0,2.0,2.0,0.0,0.29019484,0.28457111120224,0.29971979558467865,0.012037494,0.29021624,0.28459205478429794,0.2997400090098381,0.012037151,1.0229234,1.003471776843071,1.048102229833603,0.031839553,0.095093675,0.08951550722122192,0.09924410842359066,0.007024094,0.095093675,0.08951550722122192,0.09924410842359066,0.007024094,1.0,1.0,1.0,0.0,2.1394037e-05,1.9928802430513315e-05,2.2186036403581966e-05,1.6605867e-06,0.00022495275,0.00022290051492745988,0.00022584546604775824,3.3908195e-06,-27.155748,-27.558477878570557,-26.567347049713135,0.56994116,2.2504764,2.2076820135116577,2.3058709502220154,0.070048384,0.7501588,0.7358940243721008,0.7686236798763275,0.023349458,0.15866667,0.15000000968575478,0.16600001230835915,0.026386406,0.0,0.0,0.0,0.0,0.1586835,0.14510104432702065,0.16788597777485847,0.023491614,6.524221,6.518803954124451,6.536304593086243,0.019981502,6.534221,6.528804183006287,6.546304821968079,0.019981502,2220800.0,2220800.0,2220800.0,0.0
694,0.0,0.0,0.0,0.0,2.0,2.0,2.0,0.0,0.29021624,0.28459205478429794,0.2997400090098381,0.012037151,0.29023793,0.2846152186393738,0.299761138856411,0.012037069,1.0129372,1.0015350133180618,1.0182071328163147,0.026686354,0.09722823,0.09590038284659386,0.09964818507432938,0.005718177,0.09722823,0.09590038284659386,0.09964818507432938,0.005718177,1.0,1.0,1.0,0.0,2.1708425e-05,2.1267177999106934e-05,2.230336031061597e-05,1.3132645e-06,0.00022327185,0.00022123499002191238,0.00022415793500840664,3.3654755e-06,-27.24819,-27.51822280883789,-27.010759353637695,0.5809801,2.228506,2.2034210562705994,2.2401003241539,0.05871111,0.74283546,0.7344736903905869,0.7467001378536224,0.01957037,0.164,0.13600000739097595,0.1860000118613243,0.043484587,0.0006666667,0.0,0.0,0.0023094013,0.15405042,0.14422015845775604,0.16530364379286766,0.017535454,6.534221,6.528804183006287,6.546304821968079,0.019981502,6.5442214,6.538804411888123,6.5563050508499146,0.019981502,2224000.0,2224000.0,2224000.0,0.0
695,0.0,0.0,0.0,0.0,2.0,2.0,2.0,0.0,0.29023793,0.2846152186393738,0.299761138856411,0.012037069,0.2902595,0.28463515639305115,0.2997816577553749,0.012037023,1.0134603,0.989562377333641,1.048042744398117,0.03880061,0.09730933,0.08952831290662289,0.10243472829461098,0.008913923,0.09730933,0.08952831290662289,0.10243472829461098,0.008913923,1.0,1.0,1.0,0.0,2.1561886e-05,2.0007562397950096e-05,2.259422399220057e-05,1.9776494e-06,0.00022160355,0.0002195818888139911,0.00022248298409976996,3.3403307e-06,-27.153824,-27.58940887451172,-26.754303455352783,0.6561868,2.229657,2.1770806908607483,2.3057401180267334,0.08536307,0.7432191,0.7256935834884644,0.7685800641775131,0.028454361,0.15933333,0.11800000444054604,0.1940000019967556,0.044536673,0.0,0.0,0.0,0.0,0.15481214,0.13983239233493805,0.17145037651062012,0.021539878,6.5442214,6.538804411888123,6.5563050508499146,0.019981502,6.5542216,6.5488046407699585,6.5663052797317505,0.019981502,2227200.0,2227200.0,2227200.0,0.0
696,0.0,0.0,0.0,0.0,2.0,2.0,2.0,0.0,0.2902595,0.28463515639305115,0.2997816577553749,0.012037023,0.29028,0.2846545949578285,0.29980120807886124,0.012036677,1.0312729,1.0084112584590912,1.052826166152954,0.029776435,0.093253784,0.08854755200445652,0.09808214381337166,0.006434626,0.093253784,0.08854755200445652,0.09808214381337166,0.006434626,1.0,1.0,1.0,0.0,2.0512545e-05,1.9804145267698914e-05,2.1628907234116923e-05,1.4678042e-06,0.0002199477,0.00021794115309603512,0.00022082057330408134,3.3153744e-06,-27.626474,-28.19374370574951,-27.1228609085083,0.8622256,2.2688456,2.218549132347107,2.3162638545036316,0.06550947,0.75628185,0.7395163774490356,0.7720879763364792,0.021836497,0.15466668,0.12800000607967377,0.17800001427531242,0.02941037,0.0006666667,0.0,0.0,0.0023094013,0.16284828,0.14371352270245552,0.17755654826760292,0.024368018,6.5542216,6.5488046407699585,6.5663052797317505,0.019981502,6.564222,6.558804869651794,6.576305508613586,0.019981502,2230400.0,2230400.0,2230400.0,0.0
697,0.0,0.0,0.0,0.0,2.0,2.0,2.0,0.0,0.29028,0.2846545949578285,0.29980120807886124,0.012036677,0.2903009,0.28467661887407303,0.29982181638479233,0.012036352,1.0199925,0.9942768514156342,1.0284189283847809,0.031643234,0.09572932,0.0936680156737566,0.1013303492218256,0.0067884,0.09572932,0.0936680156737566,0.1013303492218256,0.0067884,1.0,1.0,1.0,0.0,2.089505e-05,2.0330438928795047e-05,2.199634991484345e-05,1.4811711e-06,0.00021830422,0.00021631266281474382,0.0002191705789300613,3.2906048e-06,-27.053627,-27.437193870544434,-26.48032522201538,0.65083766,2.2440283,2.187452793121338,2.262566864490509,0.069616474,0.74800944,0.7291509360074997,0.7541889846324921,0.023205496,0.14466667,0.12800000607967377,0.15400001034140587,0.02608146,0.0,0.0,0.0,0.0,0.15970266,0.15066856145858765,0.17408572137355804,0.01960951,6.564222,6.558804869651794,6.576305508613586,0.019981502,6.574222,6.56880509853363,6.586305737495422,0.019981502,2233600.0,2233600.0,2233600.0,0.0
698,0.0,0.0,0.0,0.0,2.0,2.0,2.0,0.0,0.2903009,0.28467661887407303,0.29982181638479233,0.012036352,0.29032198,0.2846969738602638,0.2998455837368965,0.012036333,1.0133492,0.9937548935413361,1.034007579088211,0.032284528,0.097225875,0.0924706980586052,0.10144837014377117,0.007543692,0.097225875,0.0924706980586052,0.10144837014377117,0.007543692,1.0,1.0,1.0,0.0,2.1065187e-05,2.009452191487071e-05,2.190958321079961e-05,1.639293e-06,0.00021667303,0.00021469634157256223,0.00021753291366621852,3.266013e-06,-26.922617,-26.99950075149536,-26.528555393218994,0.69749063,2.2294126,2.186304450035095,2.2748621702194214,0.07102738,0.74313754,0.7287681847810745,0.7582874298095703,0.0236758,0.15866667,0.12600000575184822,0.18800001218914986,0.0473696,0.0,0.0,0.0,0.0,0.14744286,0.1347891390323639,0.15558252856135368,0.017352993,6.574222,6.56880509853363,6.586305737495422,0.019981502,6.5842223,6.578805327415466,6.596305966377258,0.019981502,2236800.0,2236800.0,2236800.0,0.0
699,0.0,0.0,0.0,0.0,2.0,2.0,2.0,0.0,0.29032198,0.2846969738602638,0.2998455837368965,0.012036333,0.29034287,0.28471629321575165,0.2998664900660515,0.01203716,1.0142773,0.9933840036392212,1.0496419370174408,0.041911617,0.0971879,0.08919939585030079,0.10153506882488728,0.009663219,0.0971879,0.08919939585030079,0.10153506882488728,0.009663219,1.0,1.0,1.0,0.0,2.0887537e-05,1.9543080270523205e-05,2.1754545286967186e-05,1.95814e-06,0.00021505402,0.00021309212024789304,0.00021590747928712517,3.241612e-06,-27.22403,-27.93089246749878,-26.734856128692627,0.8190317,2.2314546,2.18548846244812,2.309258460998535,0.092207395,0.7438182,0.728496178984642,0.7697528600692749,0.030735794,0.14400001,0.13200000673532486,0.1600000113248825,0.025979014,0.0,0.0,0.0,0.0,0.14696987,0.13454828038811684,0.15607690811157227,0.016548557,6.5842223,6.578805327415466,6.596305966377258,0.019981502,6.5942225,6.588805556297302,6.606306195259094,0.019981502,2240000.0,2240000.0,2240000.0,0.0
700,0.0,0.0,0.0,0.0,2.0,2.0,2.0,0.0,0.29034287,0.28471629321575165,0.2998664900660515,0.01203716,0.29036382,0.2847346141934395,0.2998872697353363,0.012037531,1.009174,0.985832154750824,1.033781498670578,0.03915983,0.09827248,0.09251917339861393,0.1033417135477066,0.008766082,0.09827248,0.09251917339861393,0.1033417135477066,0.008766082,1.0,1.0,1.0,0.0,2.0973028e-05,1.9907395198970335e-05,2.2453630663221702e-05,1.865563e-06,0.00021344713,0.00021149986059754156,0.0002142941921192687,3.2173862e-06,-26.914797,-27.34491729736328,-26.50544834136963,0.70526284,2.2202272,2.1688740849494934,2.274364709854126,0.08615335,0.74007577,0.7229580283164978,0.7581216096878052,0.028717788,0.16266668,0.1340000070631504,0.20000000298023224,0.04098189,0.0,0.0,0.0,0.0,0.15928105,0.1552601419389248,0.16235622391104698,0.011213113,6.5942225,6.588805556297302,6.606306195259094,0.019981502,6.604223,6.598805785179138,6.61630642414093,0.019981502,2243200.0,2243200.0,2243200.0,0.0
701,0.0,0.0,0.0,0.0,2.0,2.0,2.0,0.0,0.29036382,0.2847346141934395,0.2998872697353363,0.012037531,0.29038465,0.2847539782524109,0.2999087795615196,0.012038313,1.0092202,0.9818450212478638,1.025580108165741,0.042909596,0.09832603,0.09436975605785847,0.10426946729421616,0.009314028,0.09832603,0.09436975605785847,0.10426946729421616,0.009314028,1.0,1.0,1.0,0.0,2.0815176e-05,2.0050776129210135e-05,2.199448726969422e-05,1.820953e-06,0.00021185221,0.00020991952987969853,0.00021269296121317893,3.1933462e-06,-27.06433,-27.699257850646973,-26.43253183364868,0.77231395,2.2203288,2.160102128982544,2.2563213109970093,0.09440298,0.7401096,0.7200340777635574,0.7521071434020996,0.03146766,0.158,0.1340000070631504,0.19200000166893005,0.031101007,0.0,0.0,0.0,0.0,0.15392756,0.14523375779390335,0.16392932087183,0.016488306,6.604223,6.598805785179138,6.61630642414093,0.019981502,6.614223,6.608806014060974,6.626306653022766,0.019981502,2246400.0,2246400.0,2246400.0,0.0
702,0.0,0.0,0.0,0.0,2.0,2.0,2.0,0.0,0.29038465,0.2847539782524109,0.2999087795615196,0.012038313,0.29040545,0.2847740352153778,0.2999277412891388,0.012037958,1.0054629,0.9952589869499207,1.016341358423233,0.025376583,0.09890463,0.09631050005555153,0.1011011078953743,0.0057806526,0.09890463,0.09631050005555153,0.1011011078953743,0.0057806526,1.0,1.0,1.0,0.0,2.080058e-05,2.009349600484711e-05,2.125793253071606e-05,1.3264828e-06,0.00021026924,0.00020835097893723287,0.00021110369198140688,3.1694854e-06,-26.924726,-27.526841640472412,-26.529619693756104,0.7974697,2.2120626,2.1896135210990906,2.235995650291443,0.05582958,0.7373542,0.7298711836338043,0.745331883430481,0.018609853,0.1575,0.14000000059604645,0.17000000178813934,0.03816829,0.0,0.0,0.0,0.0,0.14706086,0.13529222086071968,0.16177428141236305,0.018298244,6.614223,6.608806014060974,6.626306653022766,0.019981502,6.624223,6.61880624294281,6.636306881904602,0.019981502,2249600.0,2249600.0,2249600.0,0.0
703,0.0,0.0,0.0,0.0,2.0,2.0,2.0,0.0,0.29040545,0.2847740352153778,0.2999277412891388,0.012037958,0.2904257,0.2847936376929283,0.2999469190835953,0.012037597,1.0141264,0.9912720769643784,1.032993495464325,0.027225666,0.09697718,0.09268437884747982,0.10203352198004723,0.00624053,0.09697718,0.09268437884747982,0.10203352198004723,0.00624053,1.0,1.0,1.0,0.0,2.0243146e-05,1.93078722077189e-05,2.1042233584012138e-05,1.409742e-06,0.00020869808,0.00020679414592450485,0.00020952631530235521,3.1458019e-06,-27.26903,-27.678486824035645,-26.88448143005371,0.5168605,2.2311225,2.180842101573944,2.2726311683654785,0.05989766,0.7437075,0.7269473671913147,0.757543757557869,0.0199659,0.16266668,0.12800000607967377,0.19600000232458115,0.04359594,0.0,0.0,0.0,0.0,0.1583645,0.14916220679879189,0.16726621240377426,0.015386178,6.624223,6.61880624294281,6.636306881904602,0.019981502,6.6342235,6.628806471824646,6.646307110786438,0.019981502,2252800.0,2252800.0,2252800.0,0.0
704,0.0,0.0,0.0,0.0,2.0,2.0,2.0,0.0,0.2904257,0.2847936376929283,0.2999469190835953,0.012037597,0.29044574,0.2848137095570564,0.29996808618307114,0.012036983,1.0150286,0.9980219900608063,1.0276921391487122,0.02495386,0.09674501,0.09382463246583939,0.10046301409602165,0.005561351,0.09674501,0.09382463246583939,0.10046301409602165,0.005561351,1.0,1.0,1.0,0.0,2.0042413e-05,1.9439613424765412e-05,2.102867711073486e-05,1.2352554e-06,0.00020713866,0.00020524896899587475,0.00020796070384676568,3.1222967e-06,-27.162725,-27.564871311187744,-26.598979473114014,0.7489652,2.2331076,2.195692241191864,2.2609679102897644,0.05489958,0.7443692,0.7318974286317825,0.7536559998989105,0.018299865,0.15933333,0.13600000739097595,0.1860000118613243,0.032443892,0.0013333334,0.0,0.0,0.0046188026,0.15203379,0.13965504989027977,0.16179971396923065,0.019261146,6.6342235,6.628806471824646,6.646307110786438,0.019981502,6.6442237,6.638806700706482,6.656307339668274,0.019981502,2256000.0,2256000.0,2256000.0,0.0
705,0.0,0.0,0.0,0.0,2.0,2.0,2.0,0.0,0.29044574,0.2848137095570564,0.29996808618307114,0.012036983,0.2904652,0.28483326733112335,0.29998694360256195,0.012036547,1.0242411,1.0088652968406677,1.039305180311203,0.025566196,0.09471894,0.09135148860514164,0.09798252582550049,0.0054360935,0.09471894,0.09135148860514164,0.09798252582550049,0.0054360935,1.0,1.0,1.0,0.0,1.9475372e-05,1.8626342352945358e-05,2.020909778366331e-05,1.1937507e-06,0.0002055909,0.00020371532446006313,0.00020640678849304095,3.0989656e-06,-27.194092,-27.65124273300171,-26.876439094543457,0.5680936,2.2533755,2.2195480465888977,2.286517024040222,0.05624672,0.75112516,0.7398493736982346,0.7621723413467407,0.018748907,0.14666668,0.14000000804662704,0.1600000113248825,0.036474984,0.0006666667,0.0,0.0,0.0023094013,0.15770604,0.14162271097302437,0.16956622153520584,0.02364717,6.6442237,6.638806700706482,6.656307339668274,0.019981502,6.654224,6.648806929588318,6.66630756855011,0.019981502,2259200.0,2259200.0,2259200.0,0.0
706,0.0,0.0,0.0,0.0,2.0,2.0,2.0,0.0,0.2904652,0.28483326733112335,0.29998694360256195,0.012036547,0.29048467,0.2848530411720276,0.30000948160886765,0.012037883,1.023085,0.9783657938241959,1.061278909444809,0.05005153,0.0954042,0.08686938509345055,0.10511719062924385,0.01105046,0.0954042,0.08686938509345055,0.10511719062924385,0.01105046,1.0,1.0,1.0,0.0,1.9446103e-05,1.774133761500707e-05,2.147245959349675e-05,2.0613188e-06,0.0002040547,0.00020219313228153624,0.00020486450011958368,3.075817e-06,-27.52746,-28.24406337738037,-26.710519790649414,1.0299649,2.2508318,2.152447760105133,2.3348602056503296,0.110115565,0.75027734,0.7174826115369797,0.7782867699861526,0.036705185,0.16133334,0.14400000870227814,0.1860000118613243,0.03492676,0.0,0.0,0.0,0.0,0.15978265,0.1489141583442688,0.17074544355273247,0.021618513,6.654224,6.648806929588318,6.66630756855011,0.019981502,6.664224,6.658807158470154,6.676307797431946,0.019981502,2262400.0,2262400.0,2262400.0,0.0
707,0.0,0.0,0.0,0.0,2.0,2.0,2.0,0.0,0.29048467,0.2848530411720276,0.30000948160886765,0.012037883,0.29050508,0.2848750948905945,0.3000292181968689,0.012038011,0.99687296,0.9769794940948486,1.0143963396549225,0.029121624,0.10092997,0.09675282798707485,0.10544405691325665,0.006748073,0.10092997,0.09675282798707485,0.10544405691325665,0.006748073,1.0,1.0,1.0,0.0,2.043248e-05,1.9341479855938815e-05,2.1226867829682305e-05,1.2532126e-06,0.00020252999,0.00020068231970071793,0.00020333372958702967,3.0528317e-06,-26.512016,-27.184531211853027,-26.146048069000244,0.60526603,2.1931643,2.149397850036621,2.2317164540290833,0.06406887,0.7310548,0.7164659649133682,0.7439054846763611,0.02135629,0.16933334,0.1340000070631504,0.20800000429153442,0.04822171,0.0,0.0,0.0,0.0,0.14848162,0.14295651391148567,0.15554038062691689,0.010367324,6.664224,6.658807158470154,6.676307797431946,0.019981502,6.6742244,6.66880738735199,6.686308026313782,0.019981502,2265600.0,2265600.0,2265600.0,0.0
708,0.0,0.0,0.0,0.0,2.0,2.0,2.0,0.0,0.29050508,0.2848750948905945,0.3000292181968689,0.012038011,0.29052427,0.28489383310079575,0.30004753917455673,0.012038509,1.0215403,1.0033166855573654,1.0427687764167786,0.036210313,0.0954676,0.09062151238322258,0.09927062503993511,0.008076487,0.0954676,0.09062151238322258,0.09927062503993511,0.008076487,1.0,1.0,1.0,0.0,1.9181092e-05,1.825325580284698e-05,2.0299385596445063e-05,1.5192089e-06,0.00020101665,0.00019918279576813802,0.00020181438230792992,3.0300175e-06,-27.193846,-27.62668514251709,-26.75195598602295,0.92712677,2.2474334,2.2073408365249634,2.294137179851532,0.07966425,0.74914455,0.7357802987098694,0.764712393283844,0.026554748,0.15266667,0.12600000575184822,0.17200001329183578,0.032443892,0.0,0.0,0.0,0.0,0.15716179,0.1432790756225586,0.16942664235830307,0.021121498,6.6742244,6.66880738735199,6.686308026313782,0.019981502,6.6842246,6.678807616233826,6.696308255195618,0.019981502,2268800.0,2268800.0,2268800.0,0.0
709,0.0,0.0,0.0,0.0,2.0,2.0,2.0,0.0,0.29052427,0.28489383310079575,0.30004753917455673,0.012038509,0.290544,0.2849145531654358,0.30006764829158783,0.012038647,1.0049754,0.9935398250818253,1.0202698707580566,0.023123758,0.0989896,0.09544055722653866,0.10149972699582577,0.0052831457,0.0989896,0.09544055722653866,0.10149972699582577,0.0052831457,1.0,1.0,1.0,0.0,1.9743e-05,1.9337508092576172e-05,2.019782687057159e-05,9.433402e-07,0.00019951463,0.00019769448772422038,0.00020030641462653875,3.0073793e-06,-26.884422,-27.28514575958252,-26.582561016082764,0.5298334,2.2109902,2.185831308364868,2.244638442993164,0.05087327,0.7369967,0.7286104708909988,0.7482128441333771,0.016957765,0.16466667,0.15200001001358032,0.1860000118613243,0.027598858,0.0,0.0,0.0,0.0,0.14550555,0.13631102070212364,0.15001735463738441,0.013693384,6.6842246,6.678807616233826,6.696308255195618,0.019981502,6.694225,6.688807845115662,6.706308484077454,0.019981502,2272000.0,2272000.0,2272000.0,0.0
710,0.0,0.0,0.0,0.0,2.0,2.0,2.0,0.0,0.290544,0.2849145531654358,0.30006764829158783,0.012038647,0.29056406,0.2849341556429863,0.30008725821971893,0.012039192,0.9955928,0.9801783710718155,1.0097989737987518,0.026616886,0.10119737,0.09777179546654224,0.10467205010354519,0.006385675,0.10119737,0.09777179546654224,0.10467205010354519,0.006385675,1.0,1.0,1.0,0.0,2.0031966e-05,1.9343188341736095e-05,2.0482053514569998e-05,1.1638813e-06,0.00019802384,0.0001962172864296008,0.00019880969921359792,2.9849084e-06,-27.028748,-27.306140422821045,-26.802711963653564,0.5814449,2.1903477,2.156435489654541,2.221602141857147,0.058558322,0.7301159,0.7188118547201157,0.7405340671539307,0.019519437,0.16666667,0.15000000968575478,0.17000001296401024,0.034759782,0.0,0.0,0.0,0.0,0.1498649,0.14294064417481422,0.16083991900086403,0.014081743,6.694225,6.688807845115662,6.706308484077454,0.019981502,6.704225,6.698808073997498,6.7163087129592896,0.019981502,2275200.0,2275200.0,2275200.0,0.0
711,0.0,0.0,0.0,0.0,2.0,2.0,2.0,0.0,0.29056406,0.2849341556429863,0.30008725821971893,0.012039192,0.29058307,0.28495416790246964,0.30010588467121124,0.012039031,1.0148033,0.998975083231926,1.0279573798179626,0.027929667,0.09683148,0.09378451481461525,0.10024281591176987,0.0061906716,0.09683148,0.09378451481461525,0.10024281591176987,0.0061906716,1.0,1.0,1.0,0.0,1.9031768e-05,1.842173196564545e-05,1.9503457679093117e-05,1.258439e-06,0.00019654418,0.00019475112640066072,0.00019732416330953129,2.9626003e-06,-26.910143,-27.421504020690918,-26.363030910491943,0.8036977,2.232612,2.1977891325950623,2.2615514397621155,0.061446495,0.744204,0.7325963973999023,0.7538504898548126,0.020482158,0.14266668,0.12400000728666782,0.17000001296401024,0.043261014,0.0,0.0,0.0,0.0,0.14649709,0.13052625581622124,0.15487591177225113,0.019990021,6.704225,6.698808073997498,6.7163087129592896,0.019981502,6.7142253,6.7088083028793335,6.7263089418411255,0.019981502,2278400.0,2278400.0,2278400.0,0.0
712,0.0,0.0,0.0,0.0,2.0,2.0,2.0,0.0,0.29058307,0.28495416790246964,0.30010588467121124,0.012039031,0.2906027,0.28497396409511566,0.30012592673301697,0.012038315,0.99815655,0.975486621260643,1.0277584195137024,0.03406197,0.10071188,0.09380869939923286,0.1058096569031477,0.008027655,0.10071188,0.09380869939923286,0.1058096569031477,0.008027655,1.0,1.0,1.0,0.0,1.964847e-05,1.848668262027786e-05,2.038491038547363e-05,1.6401182e-06,0.00019507558,0.00019329593123984523,0.00019584974143072031,2.9404644e-06,-26.743326,-27.17450189590454,-26.396356105804443,0.5773562,2.1959884,2.146113395690918,2.261113703250885,0.074937806,0.7319961,0.715371161699295,0.7537046074867249,0.024979275,0.15533334,0.11800000444054604,0.19600000232458115,0.047323518,0.0006666667,0.0,0.0,0.0023094013,0.14867099,0.137525025755167,0.15667259693145752,0.012542542,6.7142253,6.7088083028793335,6.7263089418411255,0.019981502,6.7242255,6.718808531761169,6.736309170722961,0.019981502,2281600.0,2281600.0,2281600.0,0.0
713,0.0,0.0,0.0,0.0,2.0,2.0,2.0,0.0,0.2906027,0.28497396409511566,0.30012592673301697,0.012038315,0.29062083,0.28499045222997665,0.30014660209417343,0.012039088,1.0300468,1.0136519223451614,1.054138332605362,0.035144374,0.09360161,0.08827985636889935,0.09692472405731678,0.0078131,0.09360161,0.08827985636889935,0.09692472405731678,0.0078131,1.0,1.0,1.0,0.0,1.8110173e-05,1.716158203635132e-05,1.876723581517581e-05,1.3533362e-06,0.00019361795,0.0001918515954457689,0.0001943863244378008,2.9184926e-06,-27.303648,-27.697793006896973,-27.00034236907959,0.8455758,2.2661483,2.2300787568092346,2.3191505670547485,0.07731915,0.7553828,0.7433595955371857,0.7730501890182495,0.025773047,0.15933333,0.1340000070631504,0.20000000298023224,0.04057167,0.0006666667,0.0,0.0,0.0023094013,0.15971671,0.14741403982043266,0.17114436626434326,0.020797959,6.7242255,6.718808531761169,6.736309170722961,0.019981502,6.7342257,6.728808760643005,6.746309399604797,0.019981502,2284800.0,2284800.0,2284800.0,0.0
714,0.0,0.0,0.0,0.0,2.0,2.0,2.0,0.0,0.29062083,0.28499045222997665,0.30014660209417343,0.012039088,0.29063952,0.2850084528326988,0.3001655489206314,0.012039541,1.0132598,1.0023519098758698,1.0295898020267487,0.03438292,0.0972819,0.09341372922062874,0.09946007840335369,0.0081291245,0.0972819,0.09341372922062874,0.09946007840335369,0.0081291245,1.0,1.0,1.0,0.0,1.868576e-05,1.7991306322073797e-05,1.9126402548863553e-05,1.4468313e-06,0.00019217121,0.00019041806808672845,0.00019293385776109062,2.8966847e-06,-27.068146,-27.401195526123047,-26.79543161392212,0.6006784,2.229216,2.2052183151245117,2.265142798423767,0.07564394,0.74307203,0.7350728064775467,0.755047619342804,0.02521465,0.14266667,0.10200000181794167,0.16600001230835915,0.055617746,0.0006666667,0.0,0.0,0.0023094013,0.15319821,0.1437346190214157,0.1578141190111637,0.021238817,6.7342257,6.728808760643005,6.746309399604797,0.019981502,6.744226,6.738808989524841,6.756309628486633,0.019981502,2288000.0,2288000.0,2288000.0,0.0
715,0.0,0.0,0.0,0.0,2.0,2.0,2.0,0.0,0.29063952,0.2850084528326988,0.3001655489206314,0.012039541,0.29065683,0.28502731770277023,0.30018400400877,0.012039098,1.0138581,0.9867281317710876,1.02219358086586,0.042059045,0.09083191,0.0950416624546051,0.10310346633195877,0.02928755,0.097261615,0.0950416624546051,0.10310346633195877,0.008923196,0.9166667,1.0,1.0,0.28867513,1.7313574e-05,1.8110216387867695e-05,1.973420194190112e-05,5.586367e-06,0.00019073529,0.00018899524002335966,0.00019149222862324677,2.8750399e-06,-27.312963,-27.73529863357544,-26.640846252441406,1.0682746,2.2305324,2.1708452701568604,2.2488707900047302,0.09253174,0.7435108,0.7236150950193405,0.7496236115694046,0.030843917,0.16833334,0.13749999925494194,0.19249999523162842,0.046482317,0.0016666666,0.0,0.0,0.0057735024,0.152144,0.1420053094625473,0.1670137159526348,0.021039166,6.744226,6.738808989524841,6.756309628486633,0.019981502,6.754226,6.748809218406677,6.766309857368469,0.019981502,2291200.0,2291200.0,2291200.0,0.0
716,0.0,0.0,0.0,0.0,2.0,2.0,2.0,0.0,0.29065683,0.28502731770277023,0.30018400400877,0.012039098,0.29067552,0.28504782915115356,0.3002014085650444,0.012038801,1.0064439,0.9904627501964569,1.018370807170868,0.029027829,0.098727904,0.09587737172842026,0.1022263802587986,0.0065418826,0.098727904,0.09587737172842026,0.1022263802587986,0.0065418826,1.0,1.0,1.0,0.0,1.868692e-05,1.8015016394201666e-05,1.9230703856010223e-05,1.2190285e-06,0.0001893101,0.000187583045772044,0.00019006137154065073,2.8535571e-06,-26.939379,-27.315340518951416,-26.529420852661133,0.68913335,2.2142208,2.179061532020569,2.240460455417633,0.06386247,0.7380736,0.7263538539409637,0.7468201667070389,0.021287495,0.15733334,0.14800000935792923,0.17000001296401024,0.029607536,0.0,0.0,0.0,0.0,0.15491503,0.14170027524232864,0.16587421298027039,0.018973634,6.754226,6.748809218406677,6.766309857368469,0.019981502,6.7642264,6.758809447288513,6.776310086250305,0.019981502,2294400.0,2294400.0,2294400.0,0.0
717,0.0,0.0,0.0,0.0,2.0,2.0,2.0,0.0,0.29067552,0.28504782915115356,0.3002014085650444,0.012038801,0.2906932,0.28506364673376083,0.30021947622299194,0.012039224,1.0272939,1.0132895410060883,1.0557934641838074,0.036245804,0.09421095,0.08794902823865414,0.09698782488703728,0.007944672,0.09421095,0.08794902823865414,0.09698782488703728,0.007944672,1.0,1.0,1.0,0.0,1.7692924e-05,1.6560016774747055e-05,1.8236235518998e-05,1.3866027e-06,0.00018789555,0.00018618139802129008,0.00018864122102968395,2.8322388e-06,-27.24436,-27.88239097595215,-26.672039031982422,0.92179054,2.2600918,2.229281485080719,2.322791874408722,0.07974235,0.7533639,0.7430938631296158,0.7742639929056168,0.026580784,0.17000002,0.15800001099705696,0.18800001218914986,0.032741413,0.0013333334,0.0,0.0,0.0046188026,0.1527984,0.14524177089333534,0.1604865938425064,0.01568034,6.7642264,6.758809447288513,6.776310086250305,0.019981502,6.7742267,6.768809676170349,6.786310315132141,0.019981502,2297600.0,2297600.0,2297600.0,0.0
718,0.0,0.0,0.0,0.0,2.0,2.0,2.0,0.0,0.2906932,0.28506364673376083,0.30021947622299194,0.012039224,0.29071096,0.2850823327898979,0.3002385273575783,0.01203985,1.0225282,0.999590128660202,1.0569462478160858,0.035473,0.09523489,0.08771251328289509,0.10009467974305153,0.0077472455,0.09523489,0.08771251328289509,0.10009467974305153,0.0077472455,1.0,1.0,1.0,0.0,1.774916e-05,1.6438216334790923e-05,1.873677501862403e-05,1.3132943e-06,0.00018649157,0.0001847902276495006,0.00018723166795098223,2.8110755e-06,-27.061949,-27.669536590576172,-26.422217845916748,0.8691343,2.2496068,2.1991421580314636,2.3253281712532043,0.07804215,0.7498689,0.7330474108457565,0.7751094102859497,0.026014054,0.168,0.1420000083744526,0.1940000019967556,0.038743913,0.0,0.0,0.0,0.0,0.15114361,0.13983504846692085,0.15864602476358414,0.017671542,6.7742267,6.768809676170349,6.786310315132141,0.019981502,6.784227,6.778809905052185,6.796310544013977,0.019981502,2300800.0,2300800.0,2300800.0,0.0
719,0.0,0.0,0.0,0.0,2.0,2.0,2.0,0.0,0.29071096,0.2850823327898979,0.3002385273575783,0.01203985,0.29072854,0.2850986048579216,0.300256572663784,0.012040641,1.0236907,1.0056196302175522,1.0546489357948303,0.04103213,0.095085114,0.0881844200193882,0.0987279824912548,0.00919712,0.095085114,0.0881844200193882,0.0987279824912548,0.00919712,1.0,1.0,1.0,0.0,1.758808e-05,1.6432134543720167e-05,1.832806538004661e-05,1.5888012e-06,0.00018509808,0.00018340945098316297,0.00018583265409688465,2.7900712e-06,-27.230906,-27.95365619659424,-26.712058544158936,0.82382274,2.2521646,2.212407350540161,2.320273995399475,0.09027248,0.7507215,0.7374691516160965,0.7734246701002121,0.030090827,0.16333334,0.1380000077188015,0.18800001218914986,0.040139154,0.0,0.0,0.0,0.0,0.15760158,0.143109530210495,0.17021068185567856,0.023633994,6.784227,6.778809905052185,6.796310544013977,0.019981502,6.794227,6.788810133934021,6.806310772895813,0.019981502,2304000.0,2304000.0,2304000.0,0.0
720,0.0,0.0,0.0,0.0,2.0,2.0,2.0,0.0,0.29072854,0.2850986048579216,0.300256572663784,0.012040641,0.29074684,0.2851150929927826,0.30027496814727783,0.01204029,1.0036042,0.9899867922067642,1.0181509256362915,0.04233764,0.09960874,0.09590702503919601,0.10233254544436932,0.009803556,0.09960874,0.09590702503919601,0.10233254544436932,0.009803556,1.0,1.0,1.0,0.0,1.8301169e-05,1.756552046572324e-05,1.8562654986453708e-05,1.8645939e-06,0.00018371502,0.00018203899890067987,0.00018444408851792105,2.7692213e-06,-27.035196,-27.576987743377686,-26.693840980529785,0.7822427,2.2079732,2.178014397621155,2.239976704120636,0.09314467,0.73599106,0.7260048240423203,0.7466589361429214,0.03104821,0.14533333,0.12600000575184822,0.16200001165270805,0.026164979,0.0,0.0,0.0,0.0,0.1461442,0.14159712567925453,0.15395094826817513,0.008239827,6.794227,6.788810133934021,6.806310772895813,0.019981502,6.8042274,6.798810362815857,6.816311001777649,0.019981502,2307200.0,2307200.0,2307200.0,0.0
721,0.0,0.0,0.0,0.0,2.0,2.0,2.0,0.0,0.29074684,0.2851150929927826,0.30027496814727783,0.01204029,0.29076406,0.2851327508687973,0.30029137432575226,0.012039861,1.0261753,0.9979797601699829,1.0575893819332123,0.03581281,0.09444502,0.08758217468857765,0.10046777129173279,0.007797024,0.09444502,0.08758217468857765,0.10046777129173279,0.007797024,1.0,1.0,1.0,0.0,1.7225278e-05,1.600283985681017e-05,1.8199416899733478e-05,1.5070505e-06,0.00018234226,0.00018067879500449635,0.00018306589481653646,2.7485278e-06,-27.171873,-27.957134246826172,-26.48131036758423,0.9619087,2.2576306,2.195599317550659,2.326743006706238,0.07878975,0.7525436,0.7318664789199829,0.7755810171365738,0.02626324,0.16000001,0.13600000739097595,0.17800001427531242,0.032540884,0.0006666667,0.0,0.0,0.0023094013,0.15900947,0.1504414789378643,0.17158577218651772,0.018608093,6.8042274,6.798810362815857,6.816311001777649,0.019981502,6.8142276,6.808810591697693,6.826311230659485,0.019981502,2310400.0,2310400.0,2310400.0,0.0
722,0.0,0.0,0.0,0.0,2.0,2.0,2.0,0.0,0.29076406,0.2851327508687973,0.30029137432575226,0.012039861,0.29078132,0.28515077382326126,0.300307534635067,0.0120401485,1.0217699,0.9997371286153793,1.0490632355213165,0.030959995,0.095331214,0.08931906707584858,0.10006321966648102,0.0067322208,0.095331214,0.08931906707584858,0.10006321966648102,0.0067322208,1.0,1.0,1.0,0.0,1.7244449e-05,1.6478660654684063e-05,1.7927039152709767e-05,1.1126142e-06,0.00018097978,0.0001793287374312058,0.00018169801114709117,2.7279925e-06,-27.246252,-27.428802490234375,-26.978057861328125,0.42409956,2.2479389,2.19946551322937,2.3079851865768433,0.06811334,0.74931294,0.7331551760435104,0.7693284153938293,0.022704445,0.16466667,0.14800000935792923,0.17800001427531242,0.029435087,0.0006666667,0.0,0.0,0.0023094013,0.16426937,0.15597374364733696,0.17379193380475044,0.015380277,6.8142276,6.808810591697693,6.826311230659485,0.019981502,6.824228,6.818810820579529,6.836311459541321,0.019981502,2313600.0,2313600.0,2313600.0,0.0
723,0.0,0.0,0.0,0.0,2.0,2.0,2.0,0.0,0.29078132,0.28515077382326126,0.300307534635067,0.0120401485,0.2907987,0.28516703099012375,0.3003263548016548,0.012040479,1.015119,0.9940554052591324,1.0375780165195465,0.029237408,0.09677938,0.09172330610454082,0.10138058848679066,0.0065138033,0.09677938,0.09172330610454082,0.10138058848679066,0.0065138033,1.0,1.0,1.0,0.0,1.7374861e-05,1.6545453945582267e-05,1.8085679585055914e-05,1.0395024e-06,0.00017962749,0.00017798876069718972,0.0001803403538360726,2.707609e-06,-27.058334,-27.439422130584717,-26.78461742401123,0.69102865,2.2333062,2.186965584754944,2.2827171683311462,0.06432359,0.7444355,0.7289885580539703,0.7609057575464249,0.021441197,0.17000002,0.15000000968575478,0.17600001394748688,0.031287525,0.0006666667,0.0,0.0,0.0023094013,0.16749752,0.15804898366332054,0.18077050521969795,0.018326938,6.824228,6.818810820579529,6.836311459541321,0.019981502,6.834228,6.828811049461365,6.846311688423157,0.019981502,2316800.0,2316800.0,2316800.0,0.0
724,0.0,0.0,0.0,0.0,2.0,2.0,2.0,0.0,0.2907987,0.28516703099012375,0.3003263548016548,0.012040479,0.29081592,0.28518521040678024,0.3003419265151024,0.012040658,1.0159181,0.9918281584978104,1.0469033420085907,0.038762502,0.09675735,0.08976596966385841,0.10191143862903118,0.008774806,0.09675735,0.08976596966385841,0.10191143862903118,0.008774806,1.0,1.0,1.0,0.0,1.724306e-05,1.604492581464001e-05,1.8173589978687232e-05,1.49329e-06,0.00017828529,0.0001766588211467024,0.0001789928210200742,2.6873745e-06,-27.151453,-27.737035751342773,-26.63146686553955,0.7484802,2.2350647,2.182065486907959,2.3032334446907043,0.085279204,0.7450216,0.7273551821708679,0.7677444815635681,0.028426405,0.168,0.1340000070631504,0.18000001087784767,0.040505894,0.0,0.0,0.0,0.0,0.15702948,0.14141982793807983,0.16917139291763306,0.023026109,6.834228,6.828811049461365,6.846311688423157,0.019981502,6.8442283,6.838811278343201,6.856311917304993,0.019981502,2320000.0,2320000.0,2320000.0,0.0
725,0.0,0.0,0.0,0.0,2.0,2.0,2.0,0.0,0.29081592,0.28518521040678024,0.3003419265151024,0.012040658,0.2908335,0.2852030247449875,0.30035988986492157,0.012041173,1.00338,0.9839004874229431,1.0249595642089844,0.028678704,0.09942164,0.09442422166466713,0.10377986915409565,0.006486307,0.09942164,0.09442422166466713,0.10377986915409565,0.006486307,1.0,1.0,1.0,0.0,1.7581107e-05,1.6729256913095014e-05,1.8316048226552084e-05,9.756807e-07,0.00017695311,0.0001753387950884644,0.0001776553617673926,2.6672942e-06,-26.890894,-27.084496021270752,-26.594063758850098,0.5534593,2.2074802,2.164624333381653,2.2549561262130737,0.063094445,0.73582673,0.7215414643287659,0.7516520768404007,0.021031488,0.16533335,0.14400000870227814,0.17600001394748688,0.026275925,0.0,0.0,0.0,0.0,0.14613876,0.13005856983363628,0.14798640832304955,0.025874801,6.8442283,6.838811278343201,6.856311917304993,0.019981502,6.8542285,6.848811507225037,6.866312146186829,0.019981502,2323200.0,2323200.0,2323200.0,0.0
726,0.0,0.0,0.0,0.0,2.0,2.0,2.0,0.0,0.2908335,0.2852030247449875,0.30035988986492157,0.012041173,0.29085112,0.2852194756269455,0.3003774657845497,0.012042178,1.0001863,0.9832332730293274,1.029562622308731,0.038008314,0.1003111,0.09341959469020367,0.10397595167160034,0.008878958,0.1003111,0.09341959469020367,0.10397595167160034,0.008878958,1.0,1.0,1.0,0.0,1.7602935e-05,1.672002099439851e-05,1.8097458450938575e-05,1.3917766e-06,0.0001756309,0.00017402865705662407,0.00017632790331845172,2.647367e-06,-26.825521,-27.152368545532227,-26.42579984664917,0.71534944,2.2004538,2.1631563901901245,2.2650829553604126,0.08361994,0.73348457,0.7210521548986435,0.7550276666879654,0.027873304,0.16666667,0.12800000607967377,0.18000001087784767,0.046125,0.0,0.0,0.0,0.0,0.14932969,0.13807937502861023,0.1613835170865059,0.01898871,6.8542285,6.848811507225037,6.866312146186829,0.019981502,6.8642287,6.858811736106873,6.8763123750686646,0.019981502,2326400.0,2326400.0,2326400.0,0.0
727,0.0,0.0,0.0,0.0,2.0,2.0,2.0,0.0,0.29085112,0.2852194756269455,0.3003774657845497,0.012042178,0.29086864,0.2852363958954811,0.30039530247449875,0.012042658,0.998785,0.977468878030777,1.0290299654006958,0.035409726,0.10058529,0.09354216791689396,0.10535416938364506,0.008168912,0.10058529,0.09354216791689396,0.10535416938364506,0.008168912,1.0,1.0,1.0,0.0,1.7527018e-05,1.6743021660658997e-05,1.8199953956354875e-05,1.3534443e-06,0.00017431857,0.0001727282942738384,0.00017501036563771777,2.6275843e-06,-26.912855,-27.53053045272827,-26.380874156951904,0.8260581,2.1973708,2.150474488735199,2.2639111280441284,0.07790292,0.732457,0.7168248444795609,0.7546370625495911,0.025967646,0.15466668,0.14400000870227814,0.1680000126361847,0.022455342,0.0,0.0,0.0,0.0,0.15760894,0.1414780430495739,0.17220820486545563,0.023529287,6.8642287,6.858811736106873,6.8763123750686646,0.019981502,6.874229,6.8688119649887085,6.8863126039505005,0.019981502,2329600.0,2329600.0,2329600.0,0.0
728,0.0,0.0,0.0,0.0,2.0,2.0,2.0,0.0,0.29086864,0.2852363958954811,0.30039530247449875,0.012042658,0.29088607,0.28525248169898987,0.30041297525167465,0.012043468,0.99848515,0.9760091304779053,1.0148582458496094,0.03671803,0.10067871,0.09668509103357792,0.10568310134112835,0.008517922,0.10067871,0.09668509103357792,0.10568310134112835,0.008517922,1.0,1.0,1.0,0.0,1.7406428e-05,1.6620523183519254e-05,1.833961277952767e-05,1.3234426e-06,0.00017301604,0.00017143764125648886,0.0001737026723276358,2.6079506e-06,-26.902008,-27.423965454101562,-26.36296033859253,0.87799066,2.1967113,2.147262930870056,2.2327327132225037,0.08078126,0.7322371,0.7157543450593948,0.744244247674942,0.02692709,0.15916666,0.14499999210238457,0.1824999935925007,0.029987369,0.0,0.0,0.0,0.0,0.15091065,0.13971791416406631,0.16119082272052765,0.01674217,6.874229,6.8688119649887085,6.8863126039505005,0.019981502,6.884229,6.878812193870544,6.896312832832336,0.019981502,2332800.0,2332800.0,2332800.0,0.0
729,0.0,0.0,0.0,0.0,2.0,2.0,2.0,0.0,0.29088607,0.28525248169898987,0.30041297525167465,0.012043468,0.2909023,0.28526724874973297,0.3004307970404625,0.012043839,1.0254705,1.0120334923267365,1.0419010519981384,0.030002888,0.09451181,0.09080514311790466,0.09726939536631107,0.006603102,0.09451181,0.09080514311790466,0.09726939536631107,0.006603102,1.0,1.0,1.0,0.0,1.622451e-05,1.577345074110781e-05,1.672303233135608e-05,1.0690821e-06,0.00017172325,0.00017015663979691453,0.0001724047469906509,2.5884663e-06,-27.43896,-27.919578552246094,-26.93893527984619,0.79674333,2.2560802,2.226518154144287,2.2922281622886658,0.06600766,0.75202674,0.7421727180480957,0.7640760689973831,0.02200255,0.15266667,0.13600000739097595,0.1680000126361847,0.021427825,0.0,0.0,0.0,0.0,0.15840493,0.13905680552124977,0.1671815924346447,0.026429066,6.884229,6.878812193870544,6.896312832832336,0.019981502,6.8942294,6.88881242275238,6.906313061714172,0.019981502,2336000.0,2336000.0,2336000.0,0.0
730,0.0,0.0,0.0,0.0,2.0,2.0,2.0,0.0,0.2909023,0.28526724874973297,0.3004307970404625,0.012043839,0.29091874,0.2852840945124626,0.30044710636138916,0.012044225,1.0161293,0.9895676970481873,1.0306517779827118,0.03856819,0.09669349,0.0931861661374569,0.10243451222777367,0.008237342,0.09669349,0.0931861661374569,0.10243451222777367,0.008237342,1.0,1.0,1.0,0.0,1.6469357e-05,1.591591990290908e-05,1.7361431218887446e-05,1.2877018e-06,0.00017044012,0.00016888520985958166,0.00017111650959122926,2.5691202e-06,-27.012514,-27.44459819793701,-26.577874660491943,0.9441077,2.235529,2.1770923733711243,2.267479181289673,0.08485176,0.7451763,0.7256974875926971,0.755826398730278,0.028283913,0.168,0.14800000935792923,0.1940000019967556,0.029933259,0.002,0.0,0.0020000000949949026,0.0036181363,0.14932817,0.14347398653626442,0.15370585396885872,0.011001322,6.8942294,6.88881242275238,6.906313061714172,0.019981502,6.9042296,6.898812651634216,6.916313290596008,0.019981502,2339200.0,2339200.0,2339200.0,0.0
731,0.0,0.0,0.0,0.0,2.0,2.0,2.0,0.0,0.29091874,0.2852840945124626,0.30044710636138916,0.012044225,0.29093483,0.28530093282461166,0.3004644811153412,0.012044306,1.0230371,0.9990204721689224,1.0572489202022552,0.03418993,0.095103614,0.08764993585646152,0.10024065710604191,0.0074926172,0.095103614,0.08764993585646152,0.10024065710604191,0.0074926172,1.0,1.0,1.0,0.0,1.6081738e-05,1.5111942047951743e-05,1.7222072983713588e-05,1.1956674e-06,0.00016916658,0.00016762329687480815,0.00016983790192171,2.549925e-06,-27.331686,-27.903462886810303,-26.86934518814087,0.7302596,2.2507265,2.197888970375061,2.32599413394928,0.07521935,0.75024223,0.732629656791687,0.7753313928842545,0.025073117,0.14400001,0.12400000542402267,0.1640000119805336,0.031449817,0.0,0.0,0.0,0.0,0.1590969,0.14948202297091484,0.17211966961622238,0.02022815,6.9042296,6.898812651634216,6.916313290596008,0.019981502,6.91423,6.908812880516052,6.926313519477844,0.019981502,2342400.0,2342400.0,2342400.0,0.0
732,0.0,0.0,0.0,0.0,2.0,2.0,2.0,0.0,0.29093483,0.28530093282461166,0.3004644811153412,0.012044306,0.29095107,0.28531814366579056,0.3004789352416992,0.01204414,1.0156124,0.9943924695253372,1.0388596653938293,0.029206565,0.09666734,0.09144094027578831,0.10130025260150433,0.006415435,0.09666734,0.09144094027578831,0.10130025260150433,0.006415435,1.0,1.0,1.0,0.0,1.6231197e-05,1.530571967123251e-05,1.715231337584555e-05,1.1131865e-06,0.00016790254,0.00016637078442727216,0.00016856885849847458,2.5308746e-06,-27.188232,-27.620512008666992,-26.82016086578369,0.6966713,2.234392,2.1877071261405945,2.2855369448661804,0.0642557,0.7447973,0.7292357087135315,0.7618456780910492,0.021418566,0.15200001,0.12000000476837158,0.17600001394748688,0.04538322,0.0,0.0,0.0,0.0,0.15633602,0.14218606799840927,0.16595255583524704,0.02186112,6.91423,6.908812880516052,6.926313519477844,0.019981502,6.92423,6.918813109397888,6.93631374835968,0.019981502,2345600.0,2345600.0,2345600.0,0.0
733,0.0,0.0,0.0,0.0,2.0,2.0,2.0,0.0,0.29095107,0.28531814366579056,0.3004789352416992,0.01204414,0.29096678,0.28533370792865753,0.3004937320947647,0.01204395,1.0266389,1.020417958498001,1.0424539148807526,0.03386586,0.09431667,0.09069613367319107,0.0954073928296566,0.007521027,0.09431667,0.09069613367319107,0.0954073928296566,0.007521027,1.0,1.0,1.0,0.0,1.571856e-05,1.5125652453207294e-05,1.590519741512253e-05,1.2840812e-06,0.00016664795,0.00016512763977516443,0.00016730930292396806,2.5119634e-06,-27.338205,-27.790025234222412,-26.85898447036743,0.65441406,2.2586505,2.244964301586151,2.293444335460663,0.07450635,0.7528835,0.748321458697319,0.7644814848899841,0.024835452,0.15533334,0.12800000607967377,0.18400001525878906,0.044405844,0.0006666667,0.0,0.0,0.0023094013,0.15960741,0.14494973048567772,0.16793224215507507,0.0186745,6.92423,6.918813109397888,6.93631374835968,0.019981502,6.9342303,6.928813338279724,6.946313977241516,0.019981502,2348800.0,2348800.0,2348800.0,0.0
734,0.0,0.0,0.0,0.0,2.0,2.0,2.0,0.0,0.29096678,0.28533370792865753,0.3004937320947647,0.01204395,0.2909829,0.2853506729006767,0.3005095422267914,0.012044504,1.0130244,0.9755080938339233,1.0429328083992004,0.042775095,0.09747502,0.09059054404497147,0.10580600798130035,0.009503821,0.09747502,0.09059054404497147,0.10580600798130035,0.009503821,1.0,1.0,1.0,0.0,1.610857e-05,1.5143859400268411e-05,1.7390378616255475e-05,1.4316154e-06,0.00016540273,0.0001638937792449724,0.00016605914788669907,2.4931937e-06,-26.977388,-27.591749668121338,-26.524088859558105,0.7964827,2.2286983,2.146160662174225,2.2944979071617126,0.09410708,0.7428994,0.7153869271278381,0.7648326456546783,0.031369016,0.17400001,0.14000000804662704,0.20800000429153442,0.050264753,0.0013333334,0.0,0.0,0.003113996,0.15131988,0.13670282438397408,0.16283206269145012,0.02232772,6.9342303,6.928813338279724,6.946313977241516,0.019981502,6.9442306,6.93881356716156,6.956314206123352,0.019981502,2352000.0,2352000.0,2352000.0,0.0
735,0.0,0.0,0.0,0.0,2.0,2.0,2.0,0.0,0.2909829,0.2853506729006767,0.3005095422267914,0.012044504,0.2909985,0.2853652313351631,0.30052436888217926,0.012044844,1.0236098,1.0072397887706757,1.0500507652759552,0.033042863,0.09496517,0.08911472372710705,0.09837434254586697,0.0074355123,0.09496517,0.08911472372710705,0.09837434254586697,0.0074355123,1.0,1.0,1.0,0.0,1.5587748e-05,1.4626073834733688e-05,1.6075492112577194e-05,1.2094135e-06,0.00016416684,0.00016266914462903515,0.00016481832426507026,2.474562e-06,-27.412405,-27.96471643447876,-27.058352947235107,0.60098594,2.2519867,2.215971887111664,2.3101577162742615,0.07269572,0.75066227,0.7386572957038879,0.770052582025528,0.024231913,0.16733335,0.15200001001358032,0.1860000118613243,0.024706764,0.0006666667,0.0,0.0,0.0023094013,0.15998684,0.1457519493997097,0.16954631358385086,0.017196625,6.9442306,6.93881356716156,6.956314206123352,0.019981502,6.954231,6.948813796043396,6.966314435005188,0.019981502,2355200.0,2355200.0,2355200.0,0.0
736,0.0,0.0,0.0,0.0,2.0,2.0,2.0,0.0,0.2909985,0.2853652313351631,0.30052436888217926,0.012044844,0.2910148,0.2853805795311928,0.3005411922931671,0.0120454375,1.000982,0.9807034134864807,1.0277348458766937,0.031441834,0.10001493,0.09382052533328533,0.10454350709915161,0.0072825653,0.10001493,0.09382052533328533,0.10454350709915161,0.0072825653,1.0,1.0,1.0,0.0,1.6288575e-05,1.5430980965902563e-05,1.6737264559196774e-05,1.0881349e-06,0.00016294017,0.00016145368135767058,0.00016358678476535715,2.4560761e-06,-26.986925,-27.28974962234497,-26.594548225402832,0.50016296,2.2022045,2.1575905680656433,2.2610618472099304,0.06917341,0.73406816,0.7191968858242035,0.7536873072385788,0.023057804,0.16933334,0.14800000935792923,0.1860000118613243,0.035258353,0.0,0.0,0.0,0.0,0.14575236,0.13297150284051895,0.15378356352448463,0.016054345,6.954231,6.948813796043396,6.966314435005188,0.019981502,6.964231,6.958814024925232,6.976314663887024,0.019981502,2358400.0,2358400.0,2358400.0,0.0
737,0.0,0.0,0.0,0.0,2.0,2.0,2.0,0.0,0.2910148,0.2853805795311928,0.3005411922931671,0.0120454375,0.2910308,0.28539714217185974,0.30055664479732513,0.012045705,1.0050877,0.9841252416372299,1.0250398516654968,0.027519675,0.09901772,0.0944006759673357,0.1037229597568512,0.00629265,0.09901772,0.0944006759673357,0.1037229597568512,0.00629265,1.0,1.0,1.0,0.0,1.600747e-05,1.5218411363093765e-05,1.6589477127126884e-05,9.420127e-07,0.00016172265,0.00016024726573959924,0.00016236444207606837,2.4377216e-06,-27.01797,-27.38923692703247,-26.626361846923828,0.6144123,2.2112372,2.1651188135147095,2.2551326155662537,0.060544476,0.7370791,0.7217063009738922,0.751710906624794,0.020181488,0.16733335,0.15800001099705696,0.17800001427531242,0.021154555,0.0,0.0,0.0,0.0,0.14988463,0.14321529120206833,0.1611095741391182,0.01707624,6.964231,6.958814024925232,6.976314663887024,0.019981502,6.9742312,6.968814253807068,6.98631489276886,0.019981502,2361600.0,2361600.0,2361600.0,0.0
738,0.0,0.0,0.0,0.0,2.0,2.0,2.0,0.0,0.2910308,0.28539714217185974,0.30055664479732513,0.012045705,0.29104617,0.2854122817516327,0.30057138204574585,0.012045057,1.0196756,1.00902359187603,1.0384138524532318,0.029345015,0.09577316,0.09153494797647,0.09799455851316452,0.006586456,0.09577316,0.09153494797647,0.09799455851316452,0.006586456,1.0,1.0,1.0,0.0,1.538125e-05,1.463283592784137e-05,1.6085928109532688e-05,1.2112557e-06,0.00016051425,0.00015904989049886353,0.00016115124890347943,2.4195028e-06,-27.253729,-27.63155221939087,-26.919532775878906,0.63272715,2.243331,2.2198963165283203,2.2845560908317566,0.064560294,0.747777,0.7399654537439346,0.7615187168121338,0.0215201,0.15733334,0.14800000935792923,0.1680000126361847,0.026053559,0.0006666667,0.0,0.0,0.0023094013,0.15332913,0.14103446900844574,0.16712165996432304,0.019977266,6.9742312,6.968814253807068,6.98631489276886,0.019981502,6.9842315,6.978814482688904,6.996315121650696,0.019981502,2364800.0,2364800.0,2364800.0,0.0
739,0.0,0.0,0.0,0.0,2.0,2.0,2.0,0.0,0.29104617,0.2854122817516327,0.30057138204574585,0.012045057,0.29105973,0.28542543947696686,0.3005867302417755,0.012045171,1.0391139,1.0150744020938873,1.047767996788025,0.034878697,0.08504202,0.08959371596574783,0.09659021347761154,0.027469734,0.091654696,0.08959371596574783,0.09659021347761154,0.0072359564,0.9166667,1.0,1.0,0.28867513,1.3558726e-05,1.4128800330581726e-05,1.5496540981985163e-05,4.385403e-06,0.00015931485,0.00015786145741003565,0.0001599470961082261,2.4014232e-06,-27.607477,-28.030012607574463,-26.99836015701294,0.75988,2.2860963,2.2332082986831665,2.3051356077194214,0.07673466,0.7620321,0.7444027960300446,0.7683785557746887,0.025578214,0.15266667,0.12600000575184822,0.1940000019967556,0.043210547,0.0,0.0,0.0,0.0,0.17253393,0.1584351658821106,0.1808529831469059,0.018886548,6.9842315,6.978814482688904,6.996315121650696,0.019981502,6.9942317,6.98881471157074,7.006315350532532,0.019981502,2368000.0,2368000.0,2368000.0,0.0
740,0.0,0.0,0.0,0.0,2.0,2.0,2.0,0.0,0.29105973,0.28542543947696686,0.3005867302417755,0.012045171,0.2910752,0.28544076532125473,0.3006027117371559,0.012045416,1.0109817,0.9888914078474045,1.0167573988437653,0.039036904,0.09785231,0.09621535800397396,0.10260565020143986,0.0083504645,0.09785231,0.09621535800397396,0.10260565020143986,0.0083504645,1.0,1.0,1.0,0.0,1.5467363e-05,1.5209501043500495e-05,1.6101274468383053e-05,1.2664358e-06,0.00015812444,0.00015668189007556066,0.00015875196186243556,2.3834818e-06,-27.03782,-27.393858909606934,-26.563072204589844,0.81001043,2.2242043,2.1756045818328857,2.236910879611969,0.08588288,0.74140143,0.7252015471458435,0.745636984705925,0.028627628,0.17733334,0.15400001034140587,0.20800000429153442,0.042033177,0.0006666667,0.0,0.0,0.0023094013,0.15197836,0.14318378642201424,0.15683862566947937,0.01583559,6.9942317,6.98881471157074,7.006315350532532,0.019981502,7.004232,6.998814940452576,7.016315579414368,0.019981502,2371200.0,2371200.0,2371200.0,0.0
741,0.0,0.0,0.0,0.0,2.0,2.0,2.0,0.0,0.2910752,0.28544076532125473,0.3006027117371559,0.012045416,0.29108998,0.28545647114515305,0.3006177619099617,0.012045526,1.0263567,1.0015985667705536,1.050661712884903,0.031609733,0.094342686,0.08898957446217537,0.099632753059268,0.0069702575,0.094342686,0.08898957446217537,0.099632753059268,0.0069702575,1.0,1.0,1.0,0.0,1.4803228e-05,1.3863664889868232e-05,1.556499273647205e-05,1.0653167e-06,0.00015694292,0.00015551113756373525,0.00015756575521663763,2.365679e-06,-27.257622,-27.720725059509277,-26.845903873443604,0.65309817,2.25803,2.2035608887672424,2.311501920223236,0.06954278,0.75267667,0.7345203161239624,0.770500659942627,0.023180936,0.14083333,0.11749999783933163,0.16249999776482582,0.033427894,0.0,0.0,0.0,0.0,0.14675106,0.13214799389243126,0.15717914327979088,0.01767273,7.004232,6.998814940452576,7.016315579414368,0.019981502,7.014232,7.008815169334412,7.026315808296204,0.019981502,2374400.0,2374400.0,2374400.0,0.0
742,0.0,0.0,0.0,0.0,2.0,2.0,2.0,0.0,0.29108998,0.28545647114515305,0.3006177619099617,0.012045526,0.29110572,0.28547243773937225,0.30063363909721375,0.01204541,0.9971263,0.9765107035636902,1.0158334374427795,0.031983364,0.10091329,0.09642365202307701,0.10556242801249027,0.007388183,0.10091329,0.09642365202307701,0.10556242801249027,0.007388183,1.0,1.0,1.0,0.0,1.5717093e-05,1.4953985100873979e-05,1.6486678305227542e-05,1.1494743e-06,0.0001557702,0.0001543491380289197,0.00015638839249731973,2.3479963e-06,-26.873335,-27.22990894317627,-26.55334234237671,0.47378656,2.1937215,2.1483664512634277,2.2348782420158386,0.070364825,0.7312405,0.7161221653223038,0.7449594289064407,0.02345494,0.158,0.12800000607967377,0.19200000166893005,0.036281727,0.0,0.0,0.0,0.0,0.14856623,0.13689792156219482,0.15834036096930504,0.020587672,7.014232,7.008815169334412,7.026315808296204,0.019981502,7.0242324,7.018815398216248,7.0363160371780396,0.019981502,2377600.0,2377600.0,2377600.0,0.0
743,0.0,0.0,0.0,0.0,2.0,2.0,2.0,0.0,0.29110572,0.28547243773937225,0.30063363909721375,0.01204541,0.29112068,0.28548794984817505,0.30064738541841507,0.012044991,1.0146855,0.9987634122371674,1.0390220880508423,0.028013349,0.09686065,0.09140907973051071,0.10030196607112885,0.0063014287,0.09686065,0.09140907973051071,0.10030196607112885,0.0063014287,1.0,1.0,1.0,0.0,1.49761945e-05,1.3952722156318487e-05,1.5523996808042284e-05,1.0101186e-06,0.00015460628,0.0001531958369014319,0.0001552198373246938,2.3304535e-06,-27.09485,-27.71798086166382,-26.498287677764893,0.69754237,2.2323525,2.1973233222961426,2.285894274711609,0.0616306,0.74411756,0.7324411422014236,0.7619647830724716,0.020543532,0.156,0.12800000607967377,0.18000001087784767,0.04414851,0.0006666667,0.0,0.0,0.0023094013,0.14436807,0.13066605478525162,0.15200234949588776,0.015383034,7.0242324,7.018815398216248,7.0363160371780396,0.019981502,7.0342326,7.0288156270980835,7.0463162660598755,0.019981502,2380800.0,2380800.0,2380800.0,0.0
744,0.0,0.0,0.0,0.0,2.0,2.0,2.0,0.0,0.29112068,0.28548794984817505,0.30064738541841507,0.012044991,0.29113445,0.2855035960674286,0.3006613925099373,0.01204732,1.0165229,0.99848872423172,1.0266310274600983,0.036254536,0.0899646,0.09405224211513996,0.10036782920360565,0.028886722,0.09656892,0.09405224211513996,0.10036782920360565,0.007842769,0.9166667,1.0,1.0,0.28867513,1.3767167e-05,1.4361388821271248e-05,1.531642124064092e-05,4.4210756e-06,0.00015345105,0.00015205112867988646,0.0001540600205771625,2.3130444e-06,-27.30116,-27.819523811340332,-26.873788833618164,0.7498366,2.236395,2.1967191100120544,2.2586333751678467,0.07976157,0.74546504,0.7322397232055664,0.752877801656723,0.026587196,0.17666668,0.1420000083744526,0.20400000363588333,0.04028384,0.0006666667,0.0,0.0,0.0023094013,0.1569212,0.14556797966361046,0.1681237742304802,0.018270994,7.0342326,7.0288156270980835,7.0463162660598755,0.019981502,7.044233,7.038815855979919,7.056316494941711,0.019981502,2384000.0,2384000.0,2384000.0,0.0
745,0.0,0.0,0.0,0.0,2.0,2.0,2.0,0.0,0.29113445,0.2855035960674286,0.3006613925099373,0.01204732,0.2911492,0.28551922738552094,0.30067679286003113,0.01204787,1.0153056,0.9881063550710678,1.0339881479740143,0.037444267,0.096856795,0.0924767330288887,0.10277646407485008,0.007985944,0.096856795,0.0924767330288887,0.10277646407485008,0.007985944,1.0,1.0,1.0,0.0,1.4742528e-05,1.4100404996497673e-05,1.55056404764764e-05,1.1211747e-06,0.00015230443,0.0001509149842604529,0.0001529088658571709,2.2957586e-06,-27.100471,-27.47591781616211,-26.575140476226807,0.8006726,2.233717,2.1738773584365845,2.274819254875183,0.082379,0.74457234,0.7246257960796356,0.7582730948925018,0.027459666,0.16600001,0.14400000870227814,0.20000000298023224,0.040380012,0.0,0.0,0.0,0.0,0.1510895,0.13917122036218643,0.15713419765233994,0.017566694,7.044233,7.038815855979919,7.056316494941711,0.019981502,7.054233,7.048816084861755,7.066316723823547,0.019981502,2387200.0,2387200.0,2387200.0,0.0
746,0.0,0.0,0.0,0.0,2.0,2.0,2.0,0.0,0.2911492,0.28551922738552094,0.30067679286003113,0.01204787,0.29116404,0.2855321615934372,0.30069176852703094,0.012047835,1.0093588,0.9775818139314651,1.036640703678131,0.035631664,0.098168105,0.09190971590578556,0.10529813542962074,0.0079602655,0.098168105,0.09190971590578556,0.10529813542962074,0.0079602655,1.0,1.0,1.0,0.0,1.4838738e-05,1.403595433657756e-05,1.577527291374281e-05,1.2170931e-06,0.0001511664,0.00014978733452153392,0.00015176631859503686,2.2785987e-06,-27.121855,-28.17335796356201,-26.155742645263672,0.9844898,2.2206335,2.1507229804992676,2.280655086040497,0.07839124,0.7402112,0.7169076949357986,0.7602183818817139,0.026130406,0.17000002,0.1420000083744526,0.18200001120567322,0.03547086,0.0,0.0,0.0,0.0,0.15653124,0.14805632829666138,0.1699569933116436,0.019232495,7.054233,7.048816084861755,7.066316723823547,0.019981502,7.0642333,7.058816313743591,7.076316952705383,0.019981502,2390400.0,2390400.0,2390400.0,0.0
747,0.0,0.0,0.0,0.0,2.0,2.0,2.0,0.0,0.29116404,0.2855321615934372,0.30069176852703094,0.012047835,0.29117754,0.2855454087257385,0.30070705711841583,0.012049477,1.016514,0.9856534600257874,1.0422685146331787,0.045413475,0.090218134,0.0907736886292696,0.10335892252624035,0.029457923,0.09673962,0.0907736886292696,0.10335892252624035,0.009718031,0.9166667,1.0,1.0,0.28867513,1.3506998e-05,1.3628052329295315e-05,1.565561706229346e-05,4.4234807e-06,0.00015003687,0.00014866811034153216,0.00015063229147926904,2.2615711e-06,-27.23041,-28.029310703277588,-26.528066635131836,0.92881876,2.2363753,2.168480932712555,2.2930365800857544,0.099911615,0.7454584,0.7228270024061203,0.7643455266952515,0.03330386,0.158,0.1420000083744526,0.17800001427531242,0.029170347,0.0,0.0,0.0,0.0,0.15418066,0.14443950727581978,0.16390885412693024,0.014690642,7.0642333,7.058816313743591,7.076316952705383,0.019981502,7.0742335,7.068816542625427,7.086317181587219,0.019981502,2393600.0,2393600.0,2393600.0,0.0
748,0.0,0.0,0.0,0.0,2.0,2.0,2.0,0.0,0.29117754,0.2855454087257385,0.30070705711841583,0.012049477,0.29119214,0.28555939346551895,0.3007211685180664,0.012049328,1.0094756,1.0010210573673248,1.0271532535552979,0.027702872,0.098028384,0.09393919818103313,0.09980594366788864,0.0064570876,0.098028384,0.09393919818103313,0.09980594366788864,0.0064570876,1.0,1.0,1.0,0.0,1.4600092e-05,1.4011192433827091e-05,1.4794210756008397e-05,1.0261413e-06,0.00014891579,0.0001475572498748079,0.00014950675176805817,2.2446757e-06,-27.006475,-27.271145820617676,-26.7038893699646,0.6196219,2.2208905,2.20229035615921,2.259782314300537,0.06094753,0.74029684,0.7340968102216721,0.7532607913017273,0.020315839,0.15,0.1340000070631504,0.17000001296401024,0.021608083,0.0,0.0,0.0,0.0,0.14524184,0.13877949118614197,0.15240953490138054,0.013165213,7.0742335,7.068816542625427,7.086317181587219,0.019981502,7.0842338,7.078816771507263,7.096317410469055,0.019981502,2396800.0,2396800.0,2396800.0,0.0
749,0.0,0.0,0.0,0.0,2.0,2.0,2.0,0.0,0.29119214,0.28555939346551895,0.3007211685180664,0.012049328,0.2912065,0.2855729013681412,0.3007357269525528,0.012049084,1.0130376,0.9988719373941422,1.0215578377246857,0.023759143,0.09717435,0.09515770711004734,0.10026033222675323,0.005232277,0.09717435,0.09515770711004734,0.10026033222675323,0.005232277,1.0,1.0,1.0,0.0,1.4363434e-05,1.4047305285203038e-05,1.4656144230684731e-05,8.2647864e-07,0.00014780306,0.000146454680361785,0.00014838963761576451,2.2279041e-06,-26.866846,-27.041972160339355,-26.366557121276855,0.67130286,2.228727,2.1975621581077576,2.247472107410431,0.05227118,0.74290913,0.7325207591056824,0.7491573840379715,0.017423725,0.17066668,0.15800001099705696,0.17800001427531242,0.03038341,0.0,0.0,0.0,0.0,0.15546708,0.14232668280601501,0.16877522692084312,0.018109564,7.0842338,7.078816771507263,7.096317410469055,0.019981502,7.094234,7.088817000389099,7.106317639350891,0.019981502,2400000.0,2400000.0,2400000.0,0.0
750,0.0,0.0,0.0,0.0,2.0,2.0,2.0,0.0,0.2912065,0.2855729013681412,0.3007357269525528,0.012049084,0.2912214,0.28558696061372757,0.30075153708457947,0.012049165,0.99468666,0.9628828465938568,1.0184084475040436,0.03696854,0.10156229,0.09585022553801537,0.10892240889370441,0.00844175,0.10156229,0.09585022553801537,0.10892240889370441,0.00844175,1.0,1.0,1.0,0.0,1.4895807e-05,1.406399906045408e-05,1.5930510016914923e-05,1.2202274e-06,0.00014669866,0.00014536035087076016,0.0001472808507969603,2.2112572e-06,-26.929556,-27.388968467712402,-26.329275608062744,0.81282455,2.1883545,2.118384540081024,2.240543305873871,0.081332445,0.7294515,0.7061281949281693,0.7468477934598923,0.027110817,0.17333335,0.15800001099705696,0.19600000232458115,0.030952552,0.0,0.0,0.0,0.0,0.14585789,0.13822122290730476,0.15264616906642914,0.013493554,7.094234,7.088817000389099,7.106317639350891,0.019981502,7.104234,7.098817229270935,7.116317868232727,0.019981502,2403200.0,2403200.0,2403200.0,0.0
751,0.0,0.0,0.0,0.0,2.0,2.0,2.0,0.0,0.2912214,0.28558696061372757,0.30075153708457947,0.012049165,0.2912355,0.2856004163622856,0.3007652312517166,0.012048709,1.0147732,0.9942913055419922,1.0320018231868744,0.023998315,0.0967904,0.09289662912487984,0.10132768377661705,0.0053190007,0.0967904,0.09289662912487984,0.10132768377661705,0.0053190007,1.0,1.0,1.0,0.0,1.4095607e-05,1.3485026101989206e-05,1.4740441656613257e-05,8.551347e-07,0.00014560252,0.00014427419591811486,0.00014618034765589982,2.1947344e-06,-27.297058,-27.577780723571777,-26.96703863143921,0.47135413,2.2325456,2.187484562397003,2.27044939994812,0.052797355,0.7441819,0.7291615605354309,0.756816491484642,0.017599126,0.15866667,0.12400000542402267,0.20400000363588333,0.048821256,0.0,0.0,0.0,0.0,0.15009353,0.14101924374699593,0.15327021107077599,0.016352043,7.104234,7.098817229270935,7.116317868232727,0.019981502,7.1142344,7.108817458152771,7.126318097114563,0.019981502,2406400.0,2406400.0,2406400.0,0.0
752,0.0,0.0,0.0,0.0,2.0,2.0,2.0,0.0,0.2912355,0.2856004163622856,0.3007652312517166,0.012048709,0.2912493,0.2856159880757332,0.3007785379886627,0.012048364,1.0217246,1.0117590129375458,1.0424685776233673,0.03692899,0.095446,0.09068560972809792,0.0973448920994997,0.008492713,0.095446,0.09068560972809792,0.0973448920994997,0.008492713,1.0,1.0,1.0,0.0,1.3794034e-05,1.313054985985218e-05,1.4348103832162451e-05,1.2537873e-06,0.00014451456,0.0001431961682101246,0.00014508806270896457,2.1783374e-06,-27.071703,-27.59995412826538,-26.789133548736572,0.7343621,2.2478387,2.225914239883423,2.293476700782776,0.0812454,0.7492797,0.7419714480638504,0.7644922584295273,0.027081791,0.15533334,0.13200000673532486,0.1860000118613243,0.050992575,0.0,0.0,0.0,0.0,0.15825243,0.14728107675909996,0.173762246966362,0.022707017,7.1142344,7.108817458152771,7.126318097114563,0.019981502,7.1242347,7.118817687034607,7.136318325996399,0.019981502,2409600.0,2409600.0,2409600.0,0.0
753,0.0,0.0,0.0,0.0,2.0,2.0,2.0,0.0,0.2912493,0.2856159880757332,0.3007785379886627,0.012048364,0.2912632,0.28562966734170914,0.3007930815219879,0.012048556,1.01546,0.9909586906433105,1.0390703976154327,0.034772567,0.09679111,0.09139660000801086,0.1021116953343153,0.007931855,0.09679111,0.09139660000801086,0.1021116953343153,0.007931855,1.0,1.0,1.0,0.0,1.3877235e-05,1.3207588381192181e-05,1.461624287912855e-05,1.0667897e-06,0.00014343472,0.00014212619134923443,0.00014400394502445124,2.1620588e-06,-27.218893,-27.734278202056885,-26.963101387023926,0.8261665,2.2340567,2.180152654647827,2.286000609397888,0.07650121,0.7446856,0.7267175614833832,0.7620002180337906,0.025500404,0.16600001,0.1340000070631504,0.1940000019967556,0.036441732,0.0,0.0,0.0,0.0,0.1572152,0.1482832245528698,0.16973818093538284,0.015402329,7.1242347,7.118817687034607,7.136318325996399,0.019981502,7.134235,7.128817915916443,7.146318554878235,0.019981502,2412800.0,2412800.0,2412800.0,0.0
754,0.0,0.0,0.0,0.0,2.0,2.0,2.0,0.0,0.2912632,0.28562966734170914,0.3007930815219879,0.012048556,0.2912769,0.28564396500587463,0.30080653727054596,0.0120490445,1.0166878,0.9972514659166336,1.03827103972435,0.03663573,0.096545905,0.09156850166618824,0.10066637024283409,0.008195531,0.096545905,0.09156850166618824,0.10066637024283409,0.008195531,1.0,1.0,1.0,0.0,1.3737813e-05,1.3149066944606602e-05,1.4124125073067262e-05,1.1051939e-06,0.00014236297,0.00014106421440374106,0.00014292794003267772,2.1459034e-06,-27.013632,-27.645282745361328,-26.387319087982178,0.8862952,2.2367578,2.193997025489807,2.2842418551445007,0.08060022,0.7455859,0.7313323765993118,0.7614139914512634,0.02686674,0.14166667,0.10999999940395355,0.1574999913573265,0.041523993,0.0,0.0,0.0,0.0,0.15133415,0.13988734036684036,0.16927113384008408,0.018502755,7.134235,7.128817915916443,7.146318554878235,0.019981502,7.144235,7.138818144798279,7.156318783760071,0.019981502,2416000.0,2416000.0,2416000.0,0.0
755,0.0,0.0,0.0,0.0,2.0,2.0,2.0,0.0,0.2912769,0.28564396500587463,0.30080653727054596,0.0120490445,0.29129028,0.2856569290161133,0.3008199632167816,0.0120484745,1.0249934,1.0041913986206055,1.0438860356807709,0.029857423,0.09461376,0.09038867615163326,0.0990429688245058,0.006580749,0.09461376,0.09038867615163326,0.0990429688245058,0.006580749,1.0,1.0,1.0,0.0,1.3375946e-05,1.2762955520884134e-05,1.4021219158166787e-05,1.0626536e-06,0.00014129921,0.00014001015733811073,0.00014185996406013146,2.1298672e-06,-27.40228,-27.766418933868408,-26.995089530944824,0.58966297,2.2550304,2.209265112876892,2.29659503698349,0.06568763,0.75167686,0.7364217191934586,0.7655317187309265,0.021895876,0.14800002,0.1340000070631504,0.1600000113248825,0.027817588,0.0,0.0,0.0,0.0,0.15841277,0.1465146690607071,0.17254620417952538,0.01634375,7.144235,7.138818144798279,7.156318783760071,0.019981502,7.1542354,7.148818373680115,7.166319012641907,0.019981502,2419200.0,2419200.0,2419200.0,0.0
756,0.0,0.0,0.0,0.0,2.0,2.0,2.0,0.0,0.29129028,0.2856569290161133,0.3008199632167816,0.0120484745,0.29130414,0.28567222505807877,0.3008333817124367,0.012048375,1.0071056,0.9839498102664948,1.0386671721935272,0.03557448,0.09868187,0.09148310124874115,0.10379162430763245,0.008153132,0.09868187,0.09148310124874115,0.10379162430763245,0.008153132,1.0,1.0,1.0,0.0,1.38358555e-05,1.284293125536351e-05,1.4533940884575713e-05,1.1139982e-06,0.00014024341,0.0001389639946864918,0.00014079998072702438,2.1139517e-06,-26.789621,-26.958012580871582,-26.501783847808838,0.497766,2.2156765,2.164732813835144,2.2851134538650513,0.07826542,0.73855895,0.7215776443481445,0.7617045044898987,0.026088478,0.17533334,0.15200001001358032,0.18800001218914986,0.0340196,0.0,0.0,0.0,0.0,0.15726988,0.1436447538435459,0.17005564272403717,0.016922351,7.1542354,7.148818373680115,7.166319012641907,0.019981502,7.1642356,7.158818602561951,7.176319241523743,0.019981502,2422400.0,2422400.0,2422400.0,0.0
757,0.0,0.0,0.0,0.0,2.0,2.0,2.0,0.0,0.29130414,0.28567222505807877,0.3008333817124367,0.012048375,0.29131815,0.2856857627630234,0.3008464500308037,0.012048192,0.99825555,0.9711497724056244,1.011332243680954,0.03264187,0.10065815,0.09742935746908188,0.10686862282454967,0.0073692393,0.10065815,0.09742935746908188,0.10686862282454967,0.0073692393,1.0,1.0,1.0,0.0,1.4009751e-05,1.3551853498938726e-05,1.467105130359414e-05,1.0262718e-06,0.00013919549,0.00013792562822345644,0.0001397478954459075,2.098159e-06,-26.848753,-27.22833776473999,-26.30912160873413,0.68862075,2.1962063,2.1365721225738525,2.2249754071235657,0.07181356,0.7320688,0.712190717458725,0.7416584938764572,0.02393785,0.17333335,0.15000000968575478,0.19200000166893005,0.027572492,0.0,0.0,0.0,0.0,0.15119912,0.14213338866829872,0.15881413593888283,0.015220515,7.1642356,7.158818602561951,7.176319241523743,0.019981502,7.174236,7.168818831443787,7.186319470405579,0.019981502,2425600.0,2425600.0,2425600.0,0.0
758,0.0,0.0,0.0,0.0,2.0,2.0,2.0,0.0,0.29131815,0.2856857627630234,0.3008464500308037,0.012048192,0.29133144,0.28569894284009933,0.3008604943752289,0.012048392,1.0168778,0.997272789478302,1.0334948897361755,0.026188347,0.09635127,0.09257744625210762,0.10062994062900543,0.005952681,0.09635127,0.09257744625210762,0.10062994062900543,0.005952681,1.0,1.0,1.0,0.0,1.3305457e-05,1.2810829957743408e-05,1.3776865216641454e-05,7.309118e-07,0.0001381554,0.00013689503612113185,0.00013870369002688676,2.0824814e-06,-27.190758,-27.59148073196411,-26.576679229736328,0.6607365,2.2371757,2.1940439343452454,2.2737340927124023,0.05761553,0.74572533,0.7313479781150818,0.7579113990068436,0.019205173,0.16266668,0.1420000083744526,0.18200001120567322,0.041405607,0.0006666667,0.0,0.0,0.0023094013,0.1573586,0.13959626108407974,0.17016666755080223,0.020843865,7.174236,7.168818831443787,7.186319470405579,0.019981502,7.184236,7.178819060325623,7.1963196992874146,0.019981502,2428800.0,2428800.0,2428800.0,0.0
759,0.0,0.0,0.0,0.0,2.0,2.0,2.0,0.0,0.29133144,0.28569894284009933,0.3008604943752289,0.012048392,0.2913448,0.2857118993997574,0.30087267607450485,0.012048158,1.0121961,0.979967936873436,1.0360048711299896,0.030169576,0.09744528,0.09204601310193539,0.104720588773489,0.006731082,0.09744528,0.09204601310193539,0.104720588773489,0.006731082,1.0,1.0,1.0,0.0,1.336253e-05,1.2455531759769656e-05,1.4298588439487503e-05,9.544989e-07,0.00013712309,0.00013587213834398426,0.00013766727352049202,2.0669236e-06,-26.90983,-27.44413471221924,-26.36726951599121,0.7088118,2.2268758,2.155972480773926,2.279256224632263,0.0663744,0.7422919,0.7186574935913086,0.7597520798444748,0.0221248,0.15266667,0.12600000575184822,0.17200001329183578,0.04720041,0.0,0.0,0.0,0.0,0.15236443,0.14110132306814194,0.16111942753195763,0.01673217,7.184236,7.178819060325623,7.1963196992874146,0.019981502,7.1942363,7.1888192892074585,7.2063199281692505,0.019981502,2432000.0,2432000.0,2432000.0,0.0
760,0.0,0.0,0.0,0.0,2.0,2.0,2.0,0.0,0.2913448,0.2857118993997574,0.30087267607450485,0.012048158,0.29135814,0.28572459518909454,0.30088743567466736,0.012048445,1.0103604,0.9862572103738785,1.0405293405056,0.038703196,0.0980015,0.0910899918526411,0.10321914404630661,0.00883856,0.0980015,0.0910899918526411,0.10321914404630661,0.00883856,1.0,1.0,1.0,0.0,1.3334676e-05,1.2399985280353576e-05,1.4211390407581348e-05,1.1780039e-06,0.00013609849,0.00013485688396031037,0.00013663860954693519,2.051477e-06,-27.10089,-27.859366416931152,-26.433345794677734,0.85689837,2.2228372,2.1698091626167297,2.289210319519043,0.08514874,0.74094576,0.7232697308063507,0.7630701065063477,0.028382914,0.17,0.12800000607967377,0.20000000298023224,0.04080998,0.0006666667,0.0,0.0,0.0023094013,0.15597115,0.14759502187371254,0.1658276841044426,0.013375213,7.1942363,7.1888192892074585,7.2063199281692505,0.019981502,7.2042365,7.198819518089294,7.216320157051086,0.019981502,2435200.0,2435200.0,2435200.0,0.0
761,0.0,0.0,0.0,0.0,2.0,2.0,2.0,0.0,0.29135814,0.28572459518909454,0.30088743567466736,0.012048445,0.29137114,0.2857370898127556,0.30090052634477615,0.0120485285,1.0172197,1.0051367580890656,1.0410596132278442,0.024692813,0.09625562,0.09097989648580551,0.09882430173456669,0.00550333,0.09625562,0.09097989648580551,0.09882430173456669,0.00550333,1.0,1.0,1.0,0.0,1.2998181e-05,1.2592739722094848e-05,1.3277491689223098e-05,6.8784215e-07,0.00013508154,0.00013384921840042807,0.00013561763262259774,2.0361524e-06,-27.303856,-27.555006980895996,-27.008317470550537,0.6060494,2.237928,2.2113450169563293,2.290376842021942,0.05432524,0.745976,0.7371150106191635,0.7634589821100235,0.01810842,0.14533333,0.12800000607967377,0.15400001034140587,0.0235925,0.0006666667,0.0,0.0,0.0023094013,0.15688626,0.14414744824171066,0.16736599057912827,0.016374428,7.2042365,7.198819518089294,7.216320157051086,0.019981502,7.2142367,7.20881974697113,7.226320385932922,0.019981502,2438400.0,2438400.0,2438400.0,0.0
762,0.0,0.0,0.0,0.0,2.0,2.0,2.0,0.0,0.29137114,0.2857370898127556,0.30090052634477615,0.0120485285,0.29138297,0.2857501432299614,0.30091388523578644,0.012049265,1.0274326,0.9951804876327515,1.0485323071479797,0.04619791,0.08824494,0.08943643048405647,0.1011171005666256,0.028580535,0.09434662,0.08943643048405647,0.1011171005666256,0.009424946,0.9166667,1.0,1.0,0.28867513,1.1830375e-05,1.2269176295376383e-05,1.3508458096112008e-05,3.8027224e-06,0.00013407221,0.00013284907254274003,0.00013460427726386115,2.0209347e-06,-27.284254,-27.605929851531982,-26.637337684631348,0.8829174,2.2603967,2.1894407868385315,2.306817054748535,0.10163743,0.7534656,0.7298136204481125,0.7689390331506729,0.03387914,0.15733334,0.13600000739097595,0.18400001525878906,0.03038341,0.0,0.0,0.0,0.0,0.1593762,0.14155974984169006,0.17314376309514046,0.025867643,7.2142367,7.20881974697113,7.226320385932922,0.019981502,7.224237,7.218819975852966,7.236320614814758,0.019981502,2441600.0,2441600.0,2441600.0,0.0
763,0.0,0.0,0.0,0.0,2.0,2.0,2.0,0.0,0.29138297,0.2857501432299614,0.30091388523578644,0.012049265,0.29139602,0.2857630178332329,0.3009267672896385,0.012049155,1.0095972,0.9782353490591049,1.0307104885578156,0.035058953,0.09810544,0.09317776001989841,0.10513979382812977,0.007861642,0.09810544,0.09317776001989841,0.10513979382812977,0.007861642,1.0,1.0,1.0,0.0,1.3053311e-05,1.2379081226754352e-05,1.3799617590848356e-05,1.0449096e-06,0.0001330704,0.000131856413645437,0.00013359849617700092,2.0058337e-06,-27.089045,-27.476693630218506,-26.722830295562744,0.7667297,2.2211583,2.1521607041358948,2.267608344554901,0.077131204,0.74038607,0.717386931180954,0.755869448184967,0.025710393,0.16666667,0.14600000903010368,0.18800001218914986,0.035422985,0.0006666667,0.0,0.0,0.0023094013,0.15417941,0.1376325748860836,0.16505920141935349,0.020931859,7.224237,7.218819975852966,7.236320614814758,0.019981502,7.234237,7.228820204734802,7.246320843696594,0.019981502,2444800.0,2444800.0,2444800.0,0.0
764,0.0,0.0,0.0,0.0,2.0,2.0,2.0,0.0,0.29139602,0.2857630178332329,0.3009267672896385,0.012049155,0.29140922,0.2857759818434715,0.3009401336312294,0.012049606,1.0011646,0.9770864695310593,1.012965351343155,0.03761819,0.1000736,0.09706909954547882,0.10541779547929764,0.008596021,0.1000736,0.09706909954547882,0.10541779547929764,0.008596021,1.0,1.0,1.0,0.0,1.3213313e-05,1.2706859706668183e-05,1.3822641449223738e-05,1.1019407e-06,0.00013207608,0.0001308711762249004,0.00013260022751637734,1.9908434e-06,-26.887022,-27.13515329360962,-26.37232494354248,0.80202013,2.202606,2.1496331095695496,2.228568375110626,0.082761675,0.73420197,0.7165443748235703,0.7428561598062515,0.027587224,0.15333335,0.1420000083744526,0.1680000126361847,0.022063274,0.0006666667,0.0,0.0,0.0023094013,0.1476442,0.13872220367193222,0.15720782801508904,0.018293308,7.234237,7.228820204734802,7.246320843696594,0.019981502,7.2442374,7.238820433616638,7.25632107257843,0.019981502,2448000.0,2448000.0,2448000.0,0.0
765,0.0,0.0,0.0,0.0,2.0,2.0,2.0,0.0,0.29140922,0.2857759818434715,0.3009401336312294,0.012049606,0.2914216,0.2857881262898445,0.30095237493515015,0.012049937,1.0264487,1.001732587814331,1.0418811738491058,0.027789438,0.094266154,0.0908069796860218,0.09960185177624226,0.005918708,0.094266154,0.0908069796860218,0.09960185177624226,0.005918708,1.0,1.0,1.0,0.0,1.2350506e-05,1.200184578920016e-05,1.2852413192376844e-05,6.800356e-07,0.0001310892,0.00012989329115953296,0.00013160943126422353,1.9759675e-06,-27.166788,-27.649933338165283,-26.8943772315979,0.68547404,2.2582324,2.2038556933403015,2.2921844124794006,0.061137956,0.75274414,0.734618604183197,0.7640614956617355,0.020379314,0.15200001,0.13200000673532486,0.17800001427531242,0.040362,0.0,0.0,0.0,0.0,0.15321006,0.142617117613554,0.16188377887010574,0.016871603,7.2442374,7.238820433616638,7.25632107257843,0.019981502,7.2542377,7.248820662498474,7.266321301460266,0.019981502,2451200.0,2451200.0,2451200.0,0.0
766,0.0,0.0,0.0,0.0,2.0,2.0,2.0,0.0,0.2914216,0.2857881262898445,0.30095237493515015,0.012049937,0.291434,0.28580088168382645,0.30096444487571716,0.012049307,1.0219693,1.0028612166643143,1.0484520494937897,0.027133929,0.09523734,0.08944380469620228,0.09934898838400841,0.005945959,0.09523734,0.08944380469620228,0.09934898838400841,0.005945959,1.0,1.0,1.0,0.0,1.239504e-05,1.1477331781861722e-05,1.2857271713073715e-05,8.622302e-07,0.00013010968,0.00012892271115561016,0.00013062602738500573,1.9612032e-06,-27.218191,-27.481782913208008,-26.847212314605713,0.5573415,2.2483773,2.2063388228416443,2.3066405653953552,0.059695855,0.7494591,0.7354462742805481,0.7688801884651184,0.019898614,0.15066667,0.12000000476837158,0.17800001427531242,0.033912547,0.0,0.0,0.0,0.0,0.15477467,0.14347440376877785,0.15630516782402992,0.018839413,7.2542377,7.248820662498474,7.266321301460266,0.019981502,7.264238,7.25882089138031,7.276321530342102,0.019981502,2454400.0,2454400.0,2454400.0,0.0
767,0.0,0.0,0.0,0.0,2.0,2.0,2.0,0.0,0.291434,0.28580088168382645,0.30096444487571716,0.012049307,0.2914467,0.2858128771185875,0.30097756534814835,0.012050071,1.0092942,0.9590411186218262,1.0388819873332977,0.047573168,0.09842158,0.09143671207129955,0.10989193804562092,0.0107593965,0.09842158,0.09143671207129955,0.10989193804562092,0.0107593965,1.0,1.0,1.0,0.0,1.2701245e-05,1.2001525192317786e-05,1.4154427844914608e-05,1.315043e-06,0.0001291375,0.0001279593889194075,0.00012964998313691467,1.9465456e-06,-27.176657,-27.986720085144043,-26.356966972351074,1.099913,2.2204916,2.109932601451874,2.2855860590934753,0.10466309,0.74016386,0.7033108919858932,0.76186203956604,0.034887686,0.175,0.1549999974668026,0.19249999523162842,0.044415392,0.0008333333,0.0,0.0,0.0028867512,0.15585802,0.1411510817706585,0.1704801358282566,0.019198358,7.264238,7.25882089138031,7.276321530342102,0.019981502,7.274238,7.268821120262146,7.286321759223938,0.019981502,2457600.0,2457600.0,2457600.0,0.0
768,0.0,0.0,0.0,0.0,2.0,2.0,2.0,0.0,0.2914467,0.2858128771185875,0.30097756534814835,0.012050071,0.2914596,0.28582580387592316,0.30099060386419296,0.012050543,0.99888253,0.9803337305784225,1.02921861410141,0.034436394,0.100547105,0.09350195527076721,0.10463396459817886,0.007984035,0.100547105,0.09350195527076721,0.10463396459817886,0.007984035,1.0,1.0,1.0,0.0,1.2880274e-05,1.2312409126025159e-05,1.3434962966130115e-05,9.374415e-07,0.00012817256,0.00012700325532932766,0.0001286812148464378,1.9320046e-06,-26.656801,-27.078346729278564,-26.195672035217285,0.7614848,2.1975853,2.156777322292328,2.2643262147903442,0.07576157,0.7325285,0.718925803899765,0.7547754347324371,0.025253858,0.15666668,0.14800000935792923,0.1640000119805336,0.022744965,0.0,0.0,0.0,0.0,0.1499405,0.14097731560468674,0.16014305502176285,0.014685585,7.274238,7.268821120262146,7.286321759223938,0.019981502,7.2842383,7.278821349143982,7.296321988105774,0.019981502,2460800.0,2460800.0,2460800.0,0.0
769,0.0,0.0,0.0,0.0,2.0,2.0,2.0,0.0,0.2914596,0.28582580387592316,0.30099060386419296,0.012050543,0.29147252,0.28583820909261703,0.30100391060113907,0.012051168,0.9925432,0.982016921043396,1.0095324516296387,0.032558348,0.101994686,0.097829669713974,0.10423619672656059,0.0076770284,0.101994686,0.097829669713974,0.10423619672656059,0.0076770284,1.0,1.0,1.0,0.0,1.29653745e-05,1.2471445188566577e-05,1.323522542406863e-05,8.429224e-07,0.00012721484,0.00012605427400558256,0.00012771969704772346,1.9175684e-06,-27.019697,-27.434051513671875,-26.49105453491211,0.7086878,2.1836388,2.1604803800582886,2.221015691757202,0.07162981,0.7278796,0.7201601266860962,0.7403385788202286,0.023876606,0.15666668,0.13200000673532486,0.17800001427531242,0.040139154,0.0,0.0,0.0,0.0,0.1568291,0.1486930511891842,0.1626891940832138,0.013722731,7.2842383,7.278821349143982,7.296321988105774,0.019981502,7.2942386,7.288821578025818,7.30632221698761,0.019981502,2464000.0,2464000.0,2464000.0,0.0
770,0.0,0.0,0.0,0.0,2.0,2.0,2.0,0.0,0.29147252,0.28583820909261703,0.30100391060113907,0.012051168,0.2914847,0.2858513742685318,0.30101510882377625,0.012051204,1.0166733,0.9918140918016434,1.0541141331195831,0.03325707,0.096490294,0.08828485198318958,0.1019032709300518,0.0072915093,0.096490294,0.08828485198318958,0.1019032709300518,0.0072915093,1.0,1.0,1.0,0.0,1.2178782e-05,1.1414648042773479e-05,1.2737204542645486e-05,8.7031947e-07,0.00012626428,0.00012511238674051128,0.00012676536789513193,1.9032395e-06,-27.242035,-27.315484523773193,-26.788991451263428,0.67344797,2.2367258,2.1820345520973206,2.319097399711609,0.073167026,0.74557525,0.7273448556661606,0.77303247153759,0.024389002,0.13666667,0.10200000181794167,0.16200001165270805,0.04294041,0.0,0.0,0.0,0.0,0.15478273,0.1405956707894802,0.16025227680802345,0.022450615,7.2942386,7.288821578025818,7.30632221698761,0.019981502,7.304239,7.298821806907654,7.316322445869446,0.019981502,2467200.0,2467200.0,2467200.0,0.0
771,0.0,0.0,0.0,0.0,2.0,2.0,2.0,0.0,0.2914847,0.2858513742685318,0.30101510882377625,0.012051204,0.29149577,0.28586047142744064,0.3010280802845955,0.012052258,1.0247871,1.007833868265152,1.0329738855361938,0.034611493,0.088106096,0.09271980635821819,0.09821408800780773,0.028290763,0.09472232,0.09271980635821819,0.09821408800780773,0.007335796,0.9166667,1.0,1.0,0.28867513,1.1031734e-05,1.1650209216895746e-05,1.2172913102403982e-05,3.5228275e-06,0.00012532082,0.00012417753896443173,0.00012581814735312946,1.889018e-06,-27.152313,-27.51129961013794,-26.78266143798828,0.75391525,2.2545767,2.217278778553009,2.2725879549980164,0.07614681,0.7515256,0.7390929460525513,0.7575293183326721,0.02538228,0.13266668,0.10200000181794167,0.15600001066923141,0.036335144,0.0006666667,0.0,0.0,0.0023094013,0.1540734,0.14117581397294998,0.1639724113047123,0.02234297,7.304239,7.298821806907654,7.316322445869446,0.019981502,7.314239,7.30882203578949,7.326322674751282,0.019981502,2470400.0,2470400.0,2470400.0,0.0
772,0.0,0.0,0.0,0.0,2.0,2.0,2.0,0.0,0.29149577,0.28586047142744064,0.3010280802845955,0.012052258,0.291508,0.2858726233243942,0.3010397106409073,0.0120522585,1.0071175,0.9881453961133957,1.023527979850769,0.026131462,0.09853809,0.09472674690186977,0.10277348197996616,0.0059430837,0.09853809,0.09472674690186977,0.10277348197996616,0.0059430837,1.0,1.0,1.0,0.0,1.2255189e-05,1.1675071391437086e-05,1.2925254623041837e-05,7.3862026e-07,0.0001243844,0.00012324966155574657,0.00012487803542171605,1.8749048e-06,-27.107347,-27.299180030822754,-26.691708087921143,0.64748687,2.2157028,2.1739633083343506,2.2518064379692078,0.057490356,0.7385676,0.7246544361114502,0.7506021708250046,0.019163452,0.15933333,0.1420000083744526,0.18400001525878906,0.033848148,0.0,0.0,0.0,0.0,0.15992433,0.15573189035058022,0.16330808773636818,0.013393617,7.314239,7.30882203578949,7.326322674751282,0.019981502,7.3242393,7.318822264671326,7.336322903633118,0.019981502,2473600.0,2473600.0,2473600.0,0.0
773,0.0,0.0,0.0,0.0,2.0,2.0,2.0,0.0,0.291508,0.2858726233243942,0.3010397106409073,0.0120522585,0.29152027,0.2858857661485672,0.3010520040988922,0.012052698,1.0038038,0.9712940901517868,1.021105408668518,0.03799969,0.09947004,0.09535207971930504,0.10683314688503742,0.0084672095,0.09947004,0.09535207971930504,0.10683314688503742,0.0084672095,1.0,1.0,1.0,0.0,1.2271833e-05,1.177825834020041e-05,1.308639366470743e-05,9.574485e-07,0.00012345499,0.00012232872359163594,0.0001239449265995063,1.8608971e-06,-27.037445,-27.38191795349121,-26.575164318084717,0.521514,2.2084124,2.136889636516571,2.2464768290519714,0.08360098,0.73613745,0.7122965604066849,0.7488256245851517,0.027866988,0.168,0.15000000968575478,0.18400001525878906,0.027502066,0.0006666667,0.0,0.0,0.0023094013,0.15970704,0.1566564105451107,0.16667845845222473,0.015216536,7.3242393,7.318822264671326,7.336322903633118,0.019981502,7.3342395,7.328822493553162,7.346323132514954,0.019981502,2476800.0,2476800.0,2476800.0,0.0
774,0.0,0.0,0.0,0.0,2.0,2.0,2.0,0.0,0.29152027,0.2858857661485672,0.3010520040988922,0.012052698,0.29153267,0.2858981415629387,0.3010644465684891,0.012053096,0.99562955,0.9810517430305481,1.0107881724834442,0.030047443,0.10123222,0.0975600965321064,0.10447251051664352,0.0069595897,0.10123222,0.0975600965321064,0.10447251051664352,0.0069595897,1.0,1.0,1.0,0.0,1.239609e-05,1.1986704976152396e-05,1.2747735581797315e-05,7.426316e-07,0.00012253252,0.00012141466686443891,0.00012301878814469092,1.8469889e-06,-26.974503,-27.335349559783936,-26.80955934524536,0.69717187,2.1904287,2.1583569049835205,2.2237784266471863,0.06610572,0.7301429,0.7194523364305496,0.7412595152854919,0.022035237,0.172,0.1340000070631504,0.1940000131726265,0.045447275,0.0006666667,0.0,0.0,0.0023094013,0.1537692,0.1422877386212349,0.16638829186558723,0.016977822,7.3342395,7.328822493553162,7.346323132514954,0.019981502,7.3442397,7.338822722434998,7.3563233613967896,0.019981502,2480000.0,2480000.0,2480000.0,0.0
775,0.0,0.0,0.0,0.0,2.0,2.0,2.0,0.0,0.29153267,0.2858981415629387,0.3010644465684891,0.012053096,0.29154456,0.28590933978557587,0.30107617378234863,0.012052842,1.011349,0.9926120191812515,1.0415453910827637,0.03542522,0.09772175,0.0908802654594183,0.10172407515347004,0.008118647,0.09772175,0.0908802654594183,0.10172407515347004,0.008118647,1.0,1.0,1.0,0.0,1.1887531e-05,1.1136535022160388e-05,1.2316372021814459e-05,1.0515536e-06,0.00012161694,0.00012050744589942042,0.00012209958549647126,1.8331916e-06,-26.892433,-27.249341011047363,-26.481751918792725,0.7912684,2.225012,2.1837900280952454,2.291445553302765,0.07793704,0.7416708,0.7279300391674042,0.7638152092695236,0.02597901,0.15333335,0.13600000739097595,0.1680000126361847,0.03123324,0.0,0.0,0.0,0.0,0.1474625,0.12969272024929523,0.16502653062343597,0.02147556,7.3442397,7.338822722434998,7.3563233613967896,0.019981502,7.35424,7.3488229513168335,7.3663235902786255,0.019981502,2483200.0,2483200.0,2483200.0,0.0
776,0.0,0.0,0.0,0.0,2.0,2.0,2.0,0.0,0.29154456,0.28590933978557587,0.30107617378234863,0.012052842,0.2915564,0.2859218046069145,0.3010888993740082,0.01205308,1.0091192,0.9940006732940674,1.0235581994056702,0.026586099,0.098090015,0.09473053552210331,0.10139159858226776,0.005984829,0.098090015,0.09473053552210331,0.10139159858226776,0.005984829,1.0,1.0,1.0,0.0,1.1833196e-05,1.1496455044834875e-05,1.2138502370362403e-05,6.121882e-07,0.0001207082,0.00011960699339397252,0.00012118723134335596,1.8194938e-06,-26.787256,-27.175943851470947,-26.492245197296143,0.63718575,2.2201066,2.186845123767853,2.251872956752777,0.058490593,0.74003553,0.7289483845233917,0.7506243288516998,0.019496875,0.16600001,0.14400000870227814,0.18400001525878906,0.036441736,0.0,0.0,0.0,0.0,0.15264273,0.14168598875403404,0.16042698174715042,0.019679569,7.35424,7.3488229513168335,7.3663235902786255,0.019981502,7.36424,7.358823180198669,7.376323819160461,0.019981502,2486400.0,2486400.0,2486400.0,0.0
777,0.0,0.0,0.0,0.0,2.0,2.0,2.0,0.0,0.2915564,0.2859218046069145,0.3010888993740082,0.01205308,0.29156822,0.28593355417251587,0.30110159516334534,0.012053353,1.0073023,0.972681924700737,1.0364849865436554,0.03747021,0.098668404,0.09194457717239857,0.1064935103058815,0.008501361,0.098668404,0.09194457717239857,0.1064935103058815,0.008501361,1.0,1.0,1.0,0.0,1.1811552e-05,1.1074183248638292e-05,1.2630199762497796e-05,9.097172e-07,0.00011980626,0.00011871328570123296,0.0001202817202283768,1.8058945e-06,-27.124191,-27.68793821334839,-26.724920749664307,0.7676067,2.2161095,2.139942944049835,2.2803125977516174,0.08243614,0.7387032,0.7133143395185471,0.7601042091846466,0.027478714,0.15466668,0.13600000739097595,0.1640000119805336,0.023715487,0.0,0.0,0.0,0.0,0.15742867,0.14443357288837433,0.1718137003481388,0.018049913,7.36424,7.358823180198669,7.376323819160461,0.019981502,7.3742404,7.368823409080505,7.386324048042297,0.019981502,2489600.0,2489600.0,2489600.0,0.0
778,0.0,0.0,0.0,0.0,2.0,2.0,2.0,0.0,0.29156822,0.28593355417251587,0.30110159516334534,0.012053353,0.2915795,0.28594422340393066,0.30111342668533325,0.012053586,1.0229166,1.0115595310926437,1.0430682599544525,0.028799217,0.09505353,0.09056255035102367,0.09740575589239597,0.006408344,0.09505353,0.09056255035102367,0.09740575589239597,0.006408344,1.0,1.0,1.0,0.0,1.1299271e-05,1.0809660125232767e-05,1.1789565405706526e-05,7.1599743e-07,0.000118911055,0.00011782624642364681,0.00011938295210711658,1.7924016e-06,-27.24005,-27.71849298477173,-26.93392562866211,0.810052,2.2504613,2.2254753708839417,2.2947959303855896,0.06335956,0.75015384,0.741825133562088,0.7649319767951965,0.02111985,0.14666668,0.13600000739097595,0.1640000119805336,0.035175752,0.0,0.0,0.0,0.0,0.15412448,0.15066463500261307,0.15679597109556198,0.008450009,7.3742404,7.368823409080505,7.386324048042297,0.019981502,7.3842406,7.378823637962341,7.396324276924133,0.019981502,2492800.0,2492800.0,2492800.0,0.0
779,0.0,0.0,0.0,0.0,2.0,2.0,2.0,0.0,0.2915795,0.28594422340393066,0.30111342668533325,0.012053586,0.29159096,0.2859552949666977,0.3011251464486122,0.0120539935,1.0138849,0.9913315922021866,1.0389121174812317,0.030208848,0.097064316,0.09143129177391529,0.10201627016067505,0.0065583144,0.097064316,0.09143129177391529,0.10201627016067505,0.0065583144,1.0,1.0,1.0,0.0,1.1449115e-05,1.0998908919646055e-05,1.1994162150585908e-05,6.871883e-07,0.00011802253,0.00011694583372445777,0.00011849091424664948,1.779007e-06,-26.712603,-27.10596227645874,-26.257484912872314,0.5660446,2.230591,2.1809730529785156,2.285652220249176,0.06646079,0.74353045,0.7269910573959351,0.7618841081857681,0.022153603,0.158,0.14800000935792923,0.17800001427531242,0.026229758,0.0013333334,0.0,0.0,0.003113996,0.15508427,0.14538580551743507,0.16715588048100471,0.014964719,7.3842406,7.378823637962341,7.396324276924133,0.019981502,7.394241,7.388823866844177,7.406324505805969,0.019981502,2496000.0,2496000.0,2496000.0,0.0
780,0.0,0.0,0.0,0.0,2.0,2.0,2.0,0.0,0.29159096,0.2859552949666977,0.3011251464486122,0.0120539935,0.29160258,0.2859671115875244,0.3011366203427315,0.012054026,1.0046325,0.9938596934080124,1.0144765079021454,0.021203602,0.09904771,0.0967216044664383,0.10143214091658592,0.0048750006,0.09904771,0.0967216044664383,0.10143214091658592,0.0048750006,1.0,1.0,1.0,0.0,1.160023e-05,1.1290127076790668e-05,1.2108278951927787e-05,5.444408e-07,0.000117140655,0.00011607199849095196,0.00011760553752537817,1.7657181e-06,-27.199091,-27.55594778060913,-27.088012218475342,0.6994056,2.2102356,2.1865349411964417,2.2318928837776184,0.04664886,0.7367452,0.72884501516819,0.7439642995595932,0.015549615,0.17583333,0.14749999344348907,0.19999998807907104,0.037769236,0.0008333333,0.0,0.0,0.0028867512,0.14987403,0.13915517926216125,0.15726589038968086,0.014399852,7.394241,7.388823866844177,7.406324505805969,0.019981502,7.404241,7.398824095726013,7.416324734687805,0.019981502,2499200.0,2499200.0,2499200.0,0.0
781,0.0,0.0,0.0,0.0,2.0,2.0,2.0,0.0,0.29160258,0.2859671115875244,0.3011366203427315,0.012054026,0.29161263,0.2859756723046303,0.3011479005217552,0.012054269,1.0329674,1.0113256573677063,1.0517922341823578,0.031086551,0.08643541,0.08875804580748081,0.09742705710232258,0.027539754,0.09290183,0.08875804580748081,0.09742705710232258,0.0063823443,0.9166667,1.0,1.0,0.28867513,1.004941e-05,1.023474601424823e-05,1.1440387652328354e-05,3.2163734e-06,0.00011626537,0.00011520469161041547,0.00011672676919260994,1.7525222e-06,-27.372864,-27.697947025299072,-26.924458026885986,0.74550354,2.2725737,2.2249608039855957,2.313989043235779,0.06839176,0.75752455,0.741653636097908,0.7713296860456467,0.022797251,0.14133334,0.10400000214576721,0.17200001329183578,0.039092742,0.0,0.0,0.0,0.0,0.151041,0.147969588637352,0.1603172831237316,0.014537886,7.404241,7.398824095726013,7.416324734687805,0.019981502,7.4142413,7.408824324607849,7.426324963569641,0.019981502,2502400.0,2502400.0,2502400.0,0.0
782,0.0,0.0,0.0,0.0,2.0,2.0,2.0,0.0,0.29161263,0.2859756723046303,0.3011479005217552,0.012054269,0.2916241,0.2859872132539749,0.30115947127342224,0.012054552,1.0025955,0.9877249151468277,1.0051063299179077,0.032655288,0.09965447,0.09883113577961922,0.10286680422723293,0.0071760328,0.09965447,0.09883113577961922,0.10286680422723293,0.0071760328,1.0,1.0,1.0,0.0,1.1494664e-05,1.1364025567672797e-05,1.1806560905824881e-05,7.7951466e-07,0.00011539662,0.00011434386760811321,0.00011585457832552493,1.7394302e-06,-26.993608,-27.372947216033936,-26.62883424758911,0.6816916,2.205754,2.1730382442474365,2.211278021335602,0.07184306,0.7352514,0.7243461012840271,0.7370926737785339,0.023947677,0.154,0.14400000870227814,0.17600001394748688,0.030343492,0.0006666667,0.0,0.0,0.0023094013,0.15556157,0.13975264132022858,0.16407153382897377,0.021012265,7.4142413,7.408824324607849,7.426324963569641,0.019981502,7.4242415,7.418824553489685,7.436325192451477,0.019981502,2505600.0,2505600.0,2505600.0,0.0
783,0.0,0.0,0.0,0.0,2.0,2.0,2.0,0.0,0.2916241,0.2859872132539749,0.30115947127342224,0.012054552,0.29163545,0.2859986424446106,0.3011702001094818,0.012054287,1.00578,0.9938511848449707,1.0318507254123688,0.036401715,0.09900361,0.09292868711054325,0.10142777301371098,0.008594864,0.09900361,0.09292868711054325,0.10142777301371098,0.008594864,1.0,1.0,1.0,0.0,1.13411725e-05,1.0646900591382291e-05,1.1801078244388918e-05,1.0197192e-06,0.00011453436,0.0001134894737333525,0.00011498889034555759,1.7264329e-06,-27.087595,-27.515108585357666,-26.631376266479492,0.83504075,2.2127602,2.186516284942627,2.2701169848442078,0.08008538,0.73758674,0.7288387715816498,0.7567056864500046,0.026695123,0.17866667,0.15800001099705696,0.19600000232458115,0.04196391,0.0,0.0,0.0,0.0,0.15668859,0.14475968852639198,0.17080913856625557,0.015462303,7.4242415,7.418824553489685,7.436325192451477,0.019981502,7.434242,7.428824782371521,7.446325421333313,0.019981502,2508800.0,2508800.0,2508800.0,0.0
784,0.0,0.0,0.0,0.0,2.0,2.0,2.0,0.0,0.29163545,0.2859986424446106,0.3011702001094818,0.012054287,0.29164633,0.28600987792015076,0.3011801168322563,0.0120540075,1.0196913,0.9958914071321487,1.0456186532974243,0.031066867,0.09579227,0.09003232978284359,0.10095282830297947,0.006885141,0.09579227,0.09003232978284359,0.10095282830297947,0.006885141,1.0,1.0,1.0,0.0,1.08906215e-05,1.0186274721490918e-05,1.1620181339822011e-05,8.1384894e-07,0.00011367854,0.00011264147360634524,0.0001141296852438245,1.713531e-06,-27.115921,-27.645562171936035,-26.49050760269165,0.77078044,2.2433655,2.1910048127174377,2.3004070520401,0.06834849,0.7477886,0.7303349524736404,0.7668023854494095,0.022782836,0.16466667,0.14800000935792923,0.19200000166893005,0.026959002,0.0,0.0,0.0,0.0,0.15585588,0.13965321704745293,0.17627347633242607,0.025670853,7.434242,7.428824782371521,7.446325421333313,0.019981502,7.444242,7.438825011253357,7.456325650215149,0.019981502,2512000.0,2512000.0,2512000.0,0.0
785,0.0,0.0,0.0,0.0,2.0,2.0,2.0,0.0,0.29164633,0.28600987792015076,0.3011801168322563,0.0120540075,0.2916573,0.286020927131176,0.3011912629008293,0.012054198,1.0142912,1.0001776963472366,1.0349731743335724,0.03627681,0.097079694,0.09226503409445286,0.09995930641889572,0.008394977,0.097079694,0.09226503409445286,0.09995930641889572,0.008394977,1.0,1.0,1.0,0.0,1.094731e-05,1.0476732995812199e-05,1.1160857411596226e-05,8.891459e-07,0.000112829126,0.00011179980174347293,0.0001132768920797389,1.7007269e-06,-27.127127,-27.560414791107178,-26.930509090423584,0.8353811,2.2314851,2.200434923171997,2.2769864797592163,0.07981057,0.74382836,0.7334783226251602,0.7589955180883408,0.026603526,0.14466667,0.11600000411272049,0.17800001427531242,0.043075692,0.0,0.0,0.0,0.0,0.15274467,0.13224207609891891,0.1591273732483387,0.031064516,7.444242,7.438825011253357,7.456325650215149,0.019981502,7.454242,7.448825240135193,7.466325879096985,0.019981502,2515200.0,2515200.0,2515200.0,0.0
786,0.0,0.0,0.0,0.0,2.0,2.0,2.0,0.0,0.2916573,0.286020927131176,0.3011912629008293,0.012054198,0.29166803,0.2860324904322624,0.301201693713665,0.012054112,1.0187353,1.0052857249975204,1.036442220211029,0.033355363,0.096039675,0.09196959249675274,0.09882049262523651,0.007492862,0.096039675,0.09196959249675274,0.09882049262523651,0.007492862,1.0,1.0,1.0,0.0,1.07542555e-05,1.031155306918663e-05,1.1110885452580987e-05,8.4281993e-07,0.00011198606,0.00011096442358393688,0.00011243047447351273,1.6880156e-06,-27.194273,-27.663609981536865,-26.852863311767578,0.62930435,2.2412624,2.211672842502594,2.2802183628082275,0.07338326,0.7470875,0.7372243106365204,0.7600728124380112,0.02446109,0.16066667,0.15000000968575478,0.18200001120567322,0.028633526,0.0,0.0,0.0,0.0,0.15331466,0.14285876974463463,0.16136013716459274,0.014183189,7.454242,7.448825240135193,7.466325879096985,0.019981502,7.4642425,7.458825469017029,7.476326107978821,0.019981502,2518400.0,2518400.0,2518400.0,0.0
787,0.0,0.0,0.0,0.0,2.0,2.0,2.0,0.0,0.29166803,0.2860324904322624,0.301201693713665,0.012054112,0.2916789,0.28604303300380707,0.30121205747127533,0.012054088,1.0099694,0.999862402677536,1.0243829488754272,0.020222273,0.09782916,0.09454038366675377,0.10003193467855453,0.0046535116,0.09782916,0.09454038366675377,0.10003193467855453,0.0046535116,1.0,1.0,1.0,0.0,1.087335e-05,1.0500444432182121e-05,1.1139502930745948e-05,5.3286925e-07,0.00011114928,0.0001101352900150232,0.00011159038149344269,1.6754033e-06,-26.908966,-27.277764320373535,-26.628095626831055,0.5412081,2.221977,2.199741244316101,2.2536874413490295,0.044489894,0.740659,0.7332471013069153,0.7512291520833969,0.014829958,0.14600001,0.12600000575184822,0.1640000119805336,0.030343488,0.0,0.0,0.0,0.0,0.14637057,0.13181255012750626,0.1688920557498932,0.02215281,7.4642425,7.458825469017029,7.476326107978821,0.019981502,7.4742427,7.468825697898865,7.486326336860657,0.019981502,2521600.0,2521600.0,2521600.0,0.0
788,0.0,0.0,0.0,0.0,2.0,2.0,2.0,0.0,0.2916789,0.28604303300380707,0.30121205747127533,0.012054088,0.29168972,0.28605400025844574,0.3012222498655319,0.01205437,1.0111378,0.9941879510879517,1.0285647213459015,0.038498133,0.09782338,0.09364797547459602,0.10134727135300636,0.008828311,0.09782338,0.09364797547459602,0.10134727135300636,0.008828311,1.0,1.0,1.0,0.0,1.0786447e-05,1.0203946430920041e-05,1.118195154958812e-05,9.2768533e-07,0.00011031877,0.00010931233737210277,0.00011075656766479369,1.6628846e-06,-26.954348,-27.371145725250244,-26.725297927856445,0.55410403,2.2245476,2.187257170677185,2.26288765668869,0.084697604,0.74151593,0.7290857583284378,0.7542959153652191,0.02823254,0.158,0.15200001001358032,0.17800001427531242,0.038309745,0.0006666667,0.0,0.0,0.0023094013,0.15242049,0.14115352928638458,0.16020767018198967,0.016783776,7.4742427,7.468825697898865,7.486326336860657,0.019981502,7.484243,7.478825926780701,7.496326565742493,0.019981502,2524800.0,2524800.0,2524800.0,0.0
789,0.0,0.0,0.0,0.0,2.0,2.0,2.0,0.0,0.29168972,0.28605400025844574,0.3012222498655319,0.01205437,0.29170054,0.2860649451613426,0.30123358219861984,0.012054233,1.004736,0.9957283735275269,1.0128274261951447,0.02287249,0.09904035,0.09709335304796696,0.1009910237044096,0.0051637045,0.09904035,0.09709335304796696,0.1009910237044096,0.0051637045,1.0,1.0,1.0,0.0,1.0843781e-05,1.0504213605599944e-05,1.1153361128890538e-05,5.737754e-07,0.00010949445,0.00010849554928427096,0.00010992898751283064,1.650461e-06,-27.03955,-27.48343276977539,-26.56270980834961,0.6521629,2.210463,2.190646171569824,2.2282647490501404,0.050320476,0.7368211,0.7302154153585434,0.7427549213171005,0.01677349,0.15866667,0.14400000870227814,0.1680000089108944,0.031787172,0.0013333334,0.0,0.0,0.003113996,0.15902694,0.1422741636633873,0.1772906519472599,0.023586685,7.484243,7.478825926780701,7.496326565742493,0.019981502,7.494243,7.488826155662537,7.506326794624329,0.019981502,2528000.0,2528000.0,2528000.0,0.0
790,0.0,0.0,0.0,0.0,2.0,2.0,2.0,0.0,0.29170054,0.2860649451613426,0.30123358219861984,0.012054233,0.29171106,0.28607482463121414,0.30124422907829285,0.012054197,1.0149742,0.9908461421728134,1.0376842319965363,0.031091927,0.096838,0.09168916754424572,0.10213124379515648,0.006934298,0.096838,0.09168916754424572,0.10213124379515648,0.006934298,1.0,1.0,1.0,0.0,1.05223035e-05,1.0020671197707998e-05,1.0937064644167549e-05,7.4430204e-07,0.00010867629,0.00010768485299195163,0.00010910758101090323,1.6381267e-06,-27.38408,-27.56238079071045,-27.173702239990234,0.51301175,2.232988,2.17990505695343,2.2829508185386658,0.0684036,0.7443294,0.7266350388526917,0.7609836161136627,0.022801211,0.17733334,0.15400001034140587,0.20200000330805779,0.036073998,0.0006666667,0.0,0.0,0.0023094013,0.16591503,0.15218017250299454,0.17847253009676933,0.014980112,7.494243,7.488826155662537,7.506326794624329,0.019981502,7.5042434,7.498826384544373,7.5163270235061646,0.019981502,2531200.0,2531200.0,2531200.0,0.0
791,0.0,0.0,0.0,0.0,2.0,2.0,2.0,0.0,0.29171106,0.28607482463121414,0.30124422907829285,0.012054197,0.29172087,0.2860858216881752,0.30124660581350327,0.012053303,1.0131327,0.9832248836755753,1.0417727828025818,0.03865744,0.090750135,0.0908314622938633,0.10393846780061722,0.029217059,0.09736433,0.0908314622938633,0.10393846780061722,0.008306341,0.9166667,1.0,1.0,0.28867513,9.799848e-06,9.96983249024197e-06,1.1166930335093639e-05,3.1604732e-06,0.00010786426,0.00010688022848626133,0.00010829231359821279,1.6258873e-06,-27.08018,-27.3067307472229,-26.574506282806396,0.75481325,2.2289362,2.163137972354889,2.2919458150863647,0.08504806,0.7429788,0.7210460156202316,0.7639819383621216,0.02834935,0.158,0.13200000673532486,0.17400000989437103,0.037231464,0.0006666667,0.0,0.0,0.0023094013,0.150608,0.13912900164723396,0.16440113633871078,0.019326402,7.5042434,7.498826384544373,7.5163270235061646,0.019981502,7.5142436,7.5088266134262085,7.5263272523880005,0.019981502,2534400.0,2534400.0,2534400.0,0.0
792,0.0,0.0,0.0,0.0,2.0,2.0,2.0,0.0,0.29172087,0.2860858216881752,0.30124660581350327,0.012053303,0.29173115,0.28609512001276016,0.30125635117292404,0.012053336,1.0179428,0.9999972581863403,1.0340140461921692,0.028668417,0.0961409,0.09248637408018112,0.10000147297978401,0.0061689843,0.0961409,0.09248637408018112,0.10000147297978401,0.0061689843,1.0,1.0,1.0,0.0,1.0291426e-05,1.0081395885208622e-05,1.0705809017963475e-05,6.55209e-07,0.00010705829,0.00010608159936964512,0.00010748314161901362,1.6137408e-06,-27.095312,-27.550936698913574,-26.638039588928223,0.65327525,2.239519,2.2000378370285034,2.274876356124878,0.06307177,0.7465064,0.7333459556102753,0.7582921534776688,0.021023925,0.16066667,0.1420000083744526,0.17400000989437103,0.031163303,0.0,0.0,0.0,0.0,0.15686734,0.13882961496710777,0.16441895812749863,0.025485637,7.5142436,7.5088266134262085,7.5263272523880005,0.019981502,7.524244,7.518826842308044,7.536327481269836,0.019981502,2537600.0,2537600.0,2537600.0,0.0
793,0.0,0.0,0.0,0.0,2.0,2.0,2.0,0.0,0.29173115,0.28609512001276016,0.30125635117292404,0.012053336,0.29174125,0.2861040309071541,0.30126768350601196,0.012053363,1.0237921,1.0069109052419662,1.0557203590869904,0.041135803,0.095065355,0.0879611149430275,0.09847935289144516,0.00923142,0.095065355,0.0879611149430275,0.09847935289144516,0.00923142,1.0,1.0,1.0,0.0,1.0099364e-05,9.219236972057843e-06,1.0630764336383436e-05,9.625024e-07,0.000106258325,0.00010528894381423015,0.00010668001959857065,1.6016817e-06,-27.373636,-27.91439151763916,-26.622557163238525,0.8248801,2.2523878,2.215248227119446,2.322631061077118,0.09050057,0.750796,0.7384160757064819,0.7742103785276413,0.030166863,0.15833333,0.12749999575316906,0.1824999935925007,0.035118844,0.0,0.0,0.0,0.0,0.1549863,0.14215582609176636,0.1750447377562523,0.017386783,7.524244,7.518826842308044,7.536327481269836,0.019981502,7.534244,7.52882707118988,7.546327710151672,0.019981502,2540800.0,2540800.0,2540800.0,0.0
794,0.0,0.0,0.0,0.0,2.0,2.0,2.0,0.0,0.29174125,0.2861040309071541,0.30126768350601196,0.012053363,0.2917513,0.28611455112695694,0.301277719438076,0.012053603,1.0219253,0.9980774074792862,1.0537084341049194,0.035193782,0.09536511,0.08836730569601059,0.1004533264786005,0.007799732,0.09536511,0.08836730569601059,0.1004533264786005,0.007799732,1.0,1.0,1.0,0.0,1.0053963e-05,9.36818514674087e-06,1.0686490895750467e-05,7.863835e-07,0.00010546434,0.00010450221452629194,0.00010588289296720177,1.5897149e-06,-27.06894,-27.806212425231934,-26.466774463653564,0.73687047,2.2482805,2.1958141922950745,2.3182048201560974,0.07742788,0.74942684,0.7319380789995193,0.7727349400520325,0.025809286,0.15533334,0.1380000077188015,0.17200001329183578,0.03536134,0.0,0.0,0.0,0.0,0.15204532,0.13553143665194511,0.16216206178069115,0.022906521,7.534244,7.52882707118988,7.546327710151672,0.019981502,7.5442443,7.538827300071716,7.556327939033508,0.019981502,2544000.0,2544000.0,2544000.0,0.0
795,0.0,0.0,0.0,0.0,2.0,2.0,2.0,0.0,0.2917513,0.28611455112695694,0.301277719438076,0.012053603,0.29176176,0.2861247882246971,0.30128780752420425,0.012053402,1.002287,0.9887621104717255,1.0169342160224915,0.025088068,0.09962883,0.09617581404745579,0.10262567363679409,0.005859683,0.09962883,0.09617581404745579,0.10262567363679409,0.005859683,1.0,1.0,1.0,0.0,1.0428269e-05,9.96756216409267e-06,1.0762013062048936e-05,6.2067465e-07,0.000104676314,0.00010372135693614837,0.0001050917253451189,1.5778347e-06,-26.9251,-27.370359420776367,-26.594794273376465,0.5561323,2.2050755,2.175320088863373,2.237299919128418,0.055194847,0.73502517,0.7251067161560059,0.7457666397094727,0.018398276,0.17733334,0.15200001001358032,0.19600000232458115,0.027254133,0.0,0.0,0.0,0.0,0.15300898,0.14192935079336166,0.1614924892783165,0.0181922,7.5442443,7.538827300071716,7.556327939033508,0.019981502,7.5542445,7.548827528953552,7.566328167915344,0.019981502,2547200.0,2547200.0,2547200.0,0.0
796,0.0,0.0,0.0,0.0,2.0,2.0,2.0,0.0,0.29176176,0.2861247882246971,0.30128780752420425,0.012053402,0.2917721,0.28613557666540146,0.3012980669736862,0.012053444,1.0028713,0.9966531842947006,1.022398442029953,0.029936116,0.09956503,0.09497331269085407,0.10077359899878502,0.0072226548,0.09956503,0.09497331269085407,0.10077359899878502,0.0072226548,1.0,1.0,1.0,0.0,1.034082e-05,9.902452802634798e-06,1.0296871323589585e-05,7.155969e-07,0.000103894155,0.0001029463473969372,0.00010430646216263995,1.5660459e-06,-26.86735,-27.311594009399414,-26.504724979400635,0.5526716,2.2063608,2.192680776119232,2.2493215203285217,0.0658608,0.7354536,0.730893611907959,0.7497738599777222,0.021953592,0.176,0.15200001001358032,0.1940000019967556,0.02771281,0.0,0.0,0.0,0.0,0.15639687,0.1428779475390911,0.16717156022787094,0.017148932,7.5542445,7.548827528953552,7.566328167915344,0.019981502,7.5642447,7.558827757835388,7.57632839679718,0.019981502,2550400.0,2550400.0,2550400.0,0.0
797,0.0,0.0,0.0,0.0,2.0,2.0,2.0,0.0,0.2917721,0.28613557666540146,0.3012980669736862,0.012053444,0.29178208,0.2861455976963043,0.3013084679841995,0.0120536825,1.0152614,0.9901492148637772,1.0395416021347046,0.041821808,0.09695897,0.09129845350980759,0.10230964794754982,0.009374346,0.09695897,0.09129845350980759,0.10230964794754982,0.009374346,1.0,1.0,1.0,0.0,9.991646e-06,9.337350093119312e-06,1.0404269005448441e-05,9.0203594e-07,0.00010311785,0.0001021771204250399,0.00010352707067795563,1.5543426e-06,-27.279686,-27.878177165985107,-27.017373085021973,0.7724144,2.2336197,2.178371787071228,2.287037193775177,0.09200984,0.7445399,0.7261239588260651,0.7623457312583923,0.030669942,0.16066667,0.1380000077188015,0.1860000118613243,0.0340196,0.0,0.0,0.0,0.0,0.15671708,0.14718061685562134,0.16664766520261765,0.013017182,7.5642447,7.558827757835388,7.57632839679718,0.019981502,7.574245,7.568827986717224,7.586328625679016,0.019981502,2553600.0,2553600.0,2553600.0,0.0
798,0.0,0.0,0.0,0.0,2.0,2.0,2.0,0.0,0.29178208,0.2861455976963043,0.3013084679841995,0.0120536825,0.29179204,0.28615572303533554,0.30131813883781433,0.012053655,1.0133735,0.9927278161048889,1.023209571838379,0.035203874,0.09725594,0.09480000287294388,0.1016991063952446,0.007725542,0.09725594,0.09480000287294388,0.1016991063952446,0.007725542,1.0,1.0,1.0,0.0,9.953296e-06,9.613691645427025e-06,1.0656710401235614e-05,7.98953e-07,0.000102347345,0.0001014136360026896,0.00010275350905430969,1.5427294e-06,-27.253561,-27.642547130584717,-26.75780153274536,0.6589111,2.2294662,2.1840447783470154,2.251106023788452,0.077450074,0.7431555,0.7280149459838867,0.7503686845302582,0.0258167,0.16400002,0.1600000113248825,0.17600001394748688,0.01914538,0.0006666667,0.0,0.0,0.0023094013,0.15648673,0.14511887356638908,0.16754718497395515,0.024614489,7.574245,7.568827986717224,7.586328625679016,0.019981502,7.584245,7.57882821559906,7.596328854560852,0.019981502,2556800.0,2556800.0,2556800.0,0.0
799,0.0,0.0,0.0,0.0,2.0,2.0,2.0,0.0,0.29179204,0.28615572303533554,0.30131813883781433,0.012053655,0.29180157,0.28616493195295334,0.3013279363512993,0.012053776,1.0277928,1.0078374147415161,1.0455833971500397,0.029299885,0.093998075,0.09003773517906666,0.09821155108511448,0.006406143,0.093998075,0.09003773517906666,0.09821155108511448,0.006406143,1.0,1.0,1.0,0.0,9.545067e-06,9.275926686314051e-06,9.928755844157422e-06,6.0336436e-07,0.00010158259,0.00010065586684504524,0.00010198572635999881,1.5312015e-06,-27.191908,-27.34095859527588,-26.952221393585205,0.50680995,2.2611895,2.2172865867614746,2.3003295063972473,0.064461045,0.7537298,0.7390955537557602,0.766776517033577,0.02148701,0.154,0.13600000739097595,0.1860000118613243,0.03675966,0.0,0.0,0.0,0.0,0.15690024,0.1394716463983059,0.16791364550590515,0.027412293,7.584245,7.57882821559906,7.596328854560852,0.019981502,7.5942454,7.588828444480896,7.606329083442688,0.019981502,2560000.0,2560000.0,2560000.0,0.0
800,0.0,0.0,0.0,0.0,2.0,2.0,2.0,0.0,0.29180157,0.28616493195295334,0.3013279363512993,0.012053776,0.29181156,0.2861754074692726,0.3013371229171753,0.012053512,1.0057563,0.9815504550933838,1.0278691053390503,0.032253645,0.0989339,0.09378684125840664,0.10434246435761452,0.0073879594,0.0989339,0.09378684125840664,0.10434246435761452,0.0073879594,1.0,1.0,1.0,0.0,9.977396e-06,9.351998642159742e-06,1.057162353390595e-05,7.9026165e-07,0.000100823556,9.99037511064671e-05,0.0001012236753012985,1.5197584e-06,-26.910662,-27.258675575256348,-26.465155601501465,0.6198943,2.212708,2.1594541668891907,2.2613571286201477,0.07095942,0.73756933,0.7198180854320526,0.7537857443094254,0.023653138,0.17400001,0.14400000870227814,0.20000000298023224,0.047159303,0.0,0.0,0.0,0.0,0.16285238,0.15699895843863487,0.17100191488862038,0.014848031,7.5942454,7.588828444480896,7.606329083442688,0.019981502,7.6042457,7.598828673362732,7.616329312324524,0.019981502,2563200.0,2563200.0,2563200.0,0.0
801,0.0,0.0,0.0,0.0,2.0,2.0,2.0,0.0,0.29181156,0.2861754074692726,0.3013371229171753,0.012053512,0.29182112,0.28618475049734116,0.30134689807891846,0.012053463,1.0194508,1.0019384920597076,1.035593032836914,0.019638008,0.09570936,0.09213390573859215,0.09955484792590141,0.004300281,0.09570936,0.09213390573859215,0.09955484792590141,0.004300281,1.0,1.0,1.0,0.0,9.5763435e-06,9.293666607845807e-06,9.853128403847222e-06,4.2567603e-07,0.000100070196,9.915726514009293e-05,0.00010046731767943129,1.5084039e-06,-27.163126,-27.4597110748291,-26.77196502685547,0.5091501,2.2428367,2.2043086290359497,2.2783501148223877,0.043204464,0.74761224,0.7347695678472519,0.7594500780105591,0.014401489,0.16000001,0.1340000070631504,0.17400000989437103,0.036897894,0.0013333334,0.0,0.0,0.003113996,0.1503121,0.14022037014365196,0.15957488492131233,0.017213704,7.6042457,7.598828673362732,7.616329312324524,0.019981502,7.614246,7.608828902244568,7.62632954120636,0.019981502,2566400.0,2566400.0,2566400.0,0.0
802,0.0,0.0,0.0,0.0,2.0,2.0,2.0,0.0,0.29182112,0.28618475049734116,0.30134689807891846,0.012053463,0.2918308,0.2861946299672127,0.30135613679885864,0.012053411,1.0123774,0.9991592764854431,1.0295502841472626,0.026189104,0.09735086,0.09342212416231632,0.10019715875387192,0.005793566,0.09735086,0.09342212416231632,0.10019715875387192,0.005793566,1.0,1.0,1.0,0.0,9.668771e-06,9.344301815872313e-06,1.0105330147780478e-05,5.891173e-07,9.932246e-05,9.841634710028302e-05,9.97166134766303e-05,1.4971348e-06,-27.15204,-27.446722507476807,-26.747492790222168,0.72710884,2.2272747,2.1981943249702454,2.265055775642395,0.057617188,0.7424249,0.7327314615249634,0.7550185918807983,0.019205725,0.16200002,0.14400000870227814,0.17000001296401024,0.025326952,0.0006666667,0.0,0.0,0.0023094013,0.15356813,0.1386013925075531,0.1643439121544361,0.018722095,7.614246,7.608828902244568,7.62632954120636,0.019981502,7.624246,7.618829131126404,7.636329770088196,0.019981502,2569600.0,2569600.0,2569600.0,0.0
803,0.0,0.0,0.0,0.0,2.0,2.0,2.0,0.0,0.2918308,0.2861946299672127,0.30135613679885864,0.012053411,0.2918402,0.28620418161153793,0.30136507004499435,0.012053217,1.0211015,1.0087911486625671,1.036978304386139,0.030062104,0.09547188,0.09183790907263756,0.09802870638668537,0.006851744,0.09547188,0.09183790907263756,0.09802870638668537,0.006851744,1.0,1.0,1.0,0.0,9.410778e-06,8.98418056749506e-06,9.569449730406632e-06,6.77494e-07,9.85803e-05,9.76809624262387e-05,9.897152085613925e-05,1.4859486e-06,-27.313934,-27.710915565490723,-27.05171537399292,0.6528873,2.246468,2.2193849086761475,2.281397759914398,0.066137925,0.7488227,0.739794984459877,0.7604659348726273,0.022045977,0.15333335,0.1340000070631504,0.17200001329183578,0.031418968,0.0,0.0,0.0,0.0,0.16026685,0.14552658423781395,0.16711854934692383,0.025456466,7.624246,7.618829131126404,7.636329770088196,0.019981502,7.6342463,7.62882936000824,7.646329998970032,0.019981502,2572800.0,2572800.0,2572800.0,0.0
804,0.0,0.0,0.0,0.0,2.0,2.0,2.0,0.0,0.2918402,0.28620418161153793,0.30136507004499435,0.012053217,0.2918499,0.2862134426832199,0.3013744056224823,0.0120533975,1.0039767,0.9828619658946991,1.0250478982925415,0.030304896,0.0993133,0.09439567849040031,0.10402519069612026,0.007091193,0.0993133,0.09439567849040031,0.10402519069612026,0.007091193,1.0,1.0,1.0,0.0,9.713766e-06,9.256700423065922e-06,1.0010176765717915e-05,6.567287e-07,9.78437e-05,9.69510801951401e-05,9.823199980019126e-05,1.4748449e-06,-26.927889,-27.47730016708374,-26.550222873687744,0.65126354,2.2087927,2.162339448928833,2.255150318145752,0.066672094,0.7362642,0.7207798510789871,0.7517167925834656,0.022224026,0.15266667,0.13600000739097595,0.17000001296401024,0.0239899,0.0,0.0,0.0,0.0,0.14635484,0.13714900240302086,0.15189121663570404,0.017229678,7.6342463,7.62882936000824,7.646329998970032,0.019981502,7.6442466,7.638829588890076,7.656330227851868,0.019981502,2576000.0,2576000.0,2576000.0,0.0
805,0.0,0.0,0.0,0.0,2.0,2.0,2.0,0.0,0.2918499,0.2862134426832199,0.3013744056224823,0.0120533975,0.29185915,0.2862220034003258,0.301383912563324,0.012053794,1.0228772,1.0048505365848541,1.051533430814743,0.03345058,0.09512791,0.08881096728146076,0.09888934902846813,0.0073725083,0.09512791,0.08881096728146076,0.09888934902846813,0.0073725083,1.0,1.0,1.0,0.0,9.2311275e-06,8.786640364633058e-06,9.557168141327566e-06,6.243223e-07,9.711259e-05,9.622665311326273e-05,9.749799028213602e-05,1.4638232e-06,-27.260971,-27.56374502182007,-26.94625186920166,0.50304675,2.2503748,2.210715413093567,2.313419818878174,0.07359275,0.75012493,0.7369051426649094,0.7711399495601654,0.024530921,0.15133335,0.11800000444054604,0.18400001525878906,0.03805578,0.0,0.0,0.0,0.0,0.1609278,0.1433868631720543,0.17479634657502174,0.020437792,7.6442466,7.638829588890076,7.656330227851868,0.019981502,7.654247,7.648829817771912,7.666330456733704,0.019981502,2579200.0,2579200.0,2579200.0,0.0
806,0.0,0.0,0.0,0.0,2.0,2.0,2.0,0.0,0.29185915,0.2862220034003258,0.301383912563324,0.012053794,0.29186866,0.2862306609749794,0.3013942688703537,0.01205403,1.0079179,0.9674447029829025,1.039806991815567,0.045053434,0.09867818,0.09125031717121601,0.10779118165373802,0.010221294,0.09867818,0.09125031717121601,0.10779118165373802,0.010221294,1.0,1.0,1.0,0.0,9.505716e-06,8.86426914803451e-06,1.027578719003941e-05,9.280599e-07,9.638696e-05,9.550763752486091e-05,9.676947229309008e-05,1.4528858e-06,-26.903864,-27.30492067337036,-26.338597774505615,0.76714826,2.2174637,2.128420829772949,2.2876211404800415,0.09911952,0.7391546,0.7094736099243164,0.7625403851270676,0.03303984,0.16499999,0.14499999210238457,0.19999998807907104,0.04358899,0.0,0.0,0.0,0.0,0.15100887,0.1430944800376892,0.15251417458057404,0.0170337,7.654247,7.648829817771912,7.666330456733704,0.019981502,7.664247,7.658830046653748,7.6763306856155396,0.019981502,2582400.0,2582400.0,2582400.0,0.0
807,0.0,0.0,0.0,0.0,2.0,2.0,2.0,0.0,0.29186866,0.2862306609749794,0.3013942688703537,0.01205403,0.29187712,0.286239393055439,0.30140385776758194,0.0120554,1.0233489,0.9928266406059265,1.0394990742206573,0.039045956,0.088664085,0.09130659885704517,0.10166856460273266,0.028598547,0.09511107,0.09130659885704517,0.10166856460273266,0.0083353445,0.9166667,1.0,1.0,0.28867513,8.4608e-06,8.736810514164972e-06,9.59229259933636e-06,2.7258563e-06,9.566676e-05,9.479399705014657e-05,9.604640581528656e-05,1.4420309e-06,-27.0495,-27.216742992401123,-26.91722869873047,0.35207963,2.2514126,2.184262275695801,2.2869436144828796,0.08590284,0.7504709,0.728087455034256,0.762314572930336,0.028634282,0.14333333,0.12600000575184822,0.1600000113248825,0.028224213,0.0,0.0,0.0,0.0,0.1560559,0.14627894759178162,0.1720389761030674,0.020497957,7.664247,7.658830046653748,7.6763306856155396,0.019981502,7.6742473,7.6688302755355835,7.6863309144973755,0.019981502,2585600.0,2585600.0,2585600.0,0.0
808,0.0,0.0,0.0,0.0,2.0,2.0,2.0,0.0,0.29187712,0.286239393055439,0.30140385776758194,0.0120554,0.29188618,0.28624915331602097,0.3014123812317848,0.012055288,1.0215446,0.9944701939821243,1.042487233877182,0.038038984,0.09549821,0.09068029932677746,0.10129809752106667,0.00847389,0.09549821,0.09068029932677746,0.10129809752106667,0.00847389,1.0,1.0,1.0,0.0,9.068382e-06,8.5322442373581e-06,9.828668225964066e-06,8.282432e-07,9.4951916e-05,9.40856771194376e-05,9.532873264106456e-05,1.4312544e-06,-27.449099,-27.893752574920654,-26.878374099731445,0.7024749,2.247443,2.1878780722618103,2.2935177087783813,0.08368741,0.74914765,0.729292705655098,0.7645059376955032,0.027895814,0.15466668,0.14800000935792923,0.1680000126361847,0.01612076,0.0,0.0,0.0,0.0,0.15701936,0.14466216415166855,0.16646144911646843,0.015746897,7.6742473,7.6688302755355835,7.6863309144973755,0.019981502,7.6842475,7.678830504417419,7.696331143379211,0.019981502,2588800.0,2588800.0,2588800.0,0.0
809,0.0,0.0,0.0,0.0,2.0,2.0,2.0,0.0,0.29188618,0.28624915331602097,0.3014123812317848,0.012055288,0.2918945,0.28625891357660294,0.3014209344983101,0.012056884,1.0236361,0.9971840977668762,1.0494969487190247,0.03614657,0.08842015,0.08922867476940155,0.10065113194286823,0.02843874,0.09499826,0.08922867476940155,0.10065113194286823,0.0076806913,0.9166667,1.0,1.0,0.28867513,8.307908e-06,8.516840807715198e-06,9.339025154986302e-06,2.665208e-06,9.424242e-05,9.338266136182938e-05,9.461643094255123e-05,1.4205591e-06,-27.410774,-27.947739124298096,-26.76964521408081,0.79644907,2.2520444,2.1938487887382507,2.3089393973350525,0.079524055,0.75068146,0.7312829345464706,0.7696464955806732,0.026508015,0.14800002,0.12800000607967377,0.16200001165270805,0.020889321,0.0006666667,0.0,0.0,0.0023094013,0.16423634,0.15812448412179947,0.17463859915733337,0.0136326365,7.6842475,7.678830504417419,7.696331143379211,0.019981502,7.6942477,7.688830733299255,7.706331372261047,0.019981502,2592000.0,2592000.0,2592000.0,0.0
810,0.0,0.0,0.0,0.0,2.0,2.0,2.0,0.0,0.2918945,0.28625891357660294,0.3014209344983101,0.012056884,0.29190326,0.28626759350299835,0.30143023282289505,0.012057275,1.0293713,1.0109254121780396,1.0441454648971558,0.03491028,0.09373792,0.09034058637917042,0.09751594066619873,0.0075492132,0.09373792,0.09034058637917042,0.09751594066619873,0.0075492132,1.0,1.0,1.0,0.0,8.761019e-06,8.333773166668834e-06,9.052122322827927e-06,6.1841644e-07,9.3538234e-05,9.268489338865038e-05,9.390943887410685e-05,1.4099461e-06,-27.339317,-27.711775302886963,-27.223065853118896,0.61089563,2.264662,2.2240803241729736,2.2971659898757935,0.076804176,0.75488734,0.7413601130247116,0.7657220363616943,0.025601396,0.16333334,0.14400000870227814,0.18400001153349876,0.0340196,0.0006666667,0.0,0.0,0.0023094013,0.15267302,0.1439690962433815,0.15820317715406418,0.015158906,7.6942477,7.688830733299255,7.706331372261047,0.019981502,7.704248,7.698830962181091,7.716331601142883,0.019981502,2595200.0,2595200.0,2595200.0,0.0
811,0.0,0.0,0.0,0.0,2.0,2.0,2.0,0.0,0.29190326,0.28626759350299835,0.30143023282289505,0.012057275,0.29191214,0.2862771078944206,0.30143947154283524,0.012057608,1.0202862,0.9945360124111176,1.0458979606628418,0.035127383,0.09571571,0.0899708978831768,0.1012663934379816,0.007452448,0.09571571,0.0899708978831768,0.1012663934379816,0.007452448,1.0,1.0,1.0,0.0,8.8800325e-06,8.52897142067377e-06,9.264819254894974e-06,6.200873e-07,9.28393e-05,9.199234227708075e-05,9.320773642684799e-05,1.3994095e-06,-27.133026,-27.316044330596924,-26.786210536956787,0.60045767,2.2446744,2.1880229115486145,2.301021456718445,0.077281825,0.7482248,0.7293410003185272,0.7670071870088577,0.025760606,0.16400002,0.14800000935792923,0.17000001296401024,0.030415308,0.0,0.0,0.0,0.0,0.15360542,0.14330516383051872,0.16061654314398766,0.017216733,7.704248,7.698830962181091,7.716331601142883,0.019981502,7.714248,7.708831191062927,7.726331830024719,0.019981502,2598400.0,2598400.0,2598400.0,0.0
812,0.0,0.0,0.0,0.0,2.0,2.0,2.0,0.0,0.29191214,0.2862771078944206,0.30143947154283524,0.012057608,0.29192114,0.28628597408533096,0.30144838988780975,0.012057556,1.0110732,0.9836085587739944,1.0249821245670319,0.028553054,0.09767597,0.09441349282860756,0.10384647361934185,0.006431041,0.09767597,0.09441349282860756,0.10384647361934185,0.006431041,1.0,1.0,1.0,0.0,8.998472e-06,8.620150993010611e-06,9.513999430055264e-06,5.772464e-07,9.21456e-05,9.130496800935362e-05,9.251128540199716e-05,1.3889546e-06,-27.04474,-27.535025596618652,-26.842215538024902,0.5408897,2.2244055,2.1639820337295532,2.2550055980682373,0.06281795,0.7414686,0.7213273644447327,0.7516685724258423,0.020939322,0.16733335,0.14800000935792923,0.1860000118613243,0.025857419,0.0006666667,0.0,0.0,0.0023094013,0.15485361,0.13926595076918602,0.17232149839401245,0.018162357,7.714248,7.708831191062927,7.726331830024719,0.019981502,7.7242484,7.718831419944763,7.736332058906555,0.019981502,2601600.0,2601600.0,2601600.0,0.0
813,0.0,0.0,0.0,0.0,2.0,2.0,2.0,0.0,0.29192114,0.28628597408533096,0.30144838988780975,0.012057556,0.29193005,0.2862950786948204,0.3014571890234947,0.012057574,1.012375,0.9803107380867004,1.0348953604698181,0.028329285,0.0973812,0.09228126332163811,0.10463805124163628,0.006386904,0.0973812,0.09228126332163811,0.10463805124163628,0.006386904,1.0,1.0,1.0,0.0,8.904651e-06,8.485703801852651e-06,9.455671715841163e-06,5.734937e-07,9.145707e-05,9.062272147275507e-05,9.182002213492524e-05,1.3785743e-06,-27.072212,-27.405710220336914,-26.52428960800171,0.7498543,2.2272694,2.156726658344269,2.2768152356147766,0.062325697,0.74242324,0.7189089208841324,0.7589384317398071,0.020775227,0.172,0.14800000935792923,0.19200000166893005,0.029640267,0.0,0.0,0.0,0.0,0.15044142,0.14222603291273117,0.15765495598316193,0.0150548685,7.7242484,7.718831419944763,7.736332058906555,0.019981502,7.7342486,7.728831648826599,7.746332287788391,0.019981502,2604800.0,2604800.0,2604800.0,0.0
814,0.0,0.0,0.0,0.0,2.0,2.0,2.0,0.0,0.29193005,0.2862950786948204,0.3014571890234947,0.012057574,0.29193932,0.28630366921424866,0.3014664426445961,0.012057293,0.992536,0.9750415831804276,1.022877275943756,0.032545276,0.1019954,0.09486871026456356,0.10592422261834145,0.0076332656,0.1019954,0.09486871026456356,0.10592422261834145,0.0076332656,1.0,1.0,1.0,0.0,9.2616565e-06,8.513860166203813e-06,9.79835249381722e-06,7.54158e-07,9.077369e-05,8.994558265840169e-05,9.113394298765343e-05,1.3682746e-06,-26.82924,-27.21323823928833,-26.612345695495605,0.47446603,2.1836226,2.1451342701911926,2.2503748536109924,0.07160102,0.7278743,0.715044766664505,0.7501249760389328,0.023867013,0.17533334,0.15200001001358032,0.19600000232458115,0.030022211,0.0006666667,0.0,0.0,0.0023094013,0.15058361,0.13951103016734123,0.15520862489938736,0.01500606,7.7342486,7.728831648826599,7.746332287788391,0.019981502,7.744249,7.738831877708435,7.756332516670227,0.019981502,2608000.0,2608000.0,2608000.0,0.0
815,0.0,0.0,0.0,0.0,2.0,2.0,2.0,0.0,0.29193932,0.28630366921424866,0.3014664426445961,0.012057293,0.2919479,0.28631260246038437,0.3014751672744751,0.012057143,1.0218413,0.993518128991127,1.036877155303955,0.03168944,0.09532601,0.09186729975044727,0.10150821693241596,0.0068884315,0.09532601,0.09186729975044727,0.10150821693241596,0.0068884315,1.0,1.0,1.0,0.0,8.587728e-06,8.286007641800097e-06,9.106467359742965e-06,6.279272e-07,9.0095426e-05,8.927349335863255e-05,9.045297338161618e-05,1.3580504e-06,-27.407831,-27.63710927963257,-26.881675720214844,0.7364111,2.2480958,2.185783565044403,2.2811752557754517,0.069718115,0.74936527,0.7285945415496826,0.7603917717933655,0.023239367,0.158,0.13600000739097595,0.17800001427531242,0.0271025,0.0006666667,0.0,0.0,0.0023094013,0.1619907,0.15175268426537514,0.16991228610277176,0.018675344,7.744249,7.738831877708435,7.756332516670227,0.019981502,7.754249,7.748832106590271,7.766332745552063,0.019981502,2611200.0,2611200.0,2611200.0,0.0
816,0.0,0.0,0.0,0.0,2.0,2.0,2.0,0.0,0.2919479,0.28631260246038437,0.3014751672744751,0.012057143,0.2919567,0.2863212004303932,0.3014838397502899,0.01205693,1.0084306,0.9966809749603271,1.0184423327445984,0.022407638,0.098197214,0.09584607928991318,0.10076717101037502,0.0050684544,0.098197214,0.09584607928991318,0.10076717101037502,0.0050684544,1.0,1.0,1.0,0.0,8.7814215e-06,8.65189122123411e-06,8.886917612471734e-06,4.815248e-07,8.9422225e-05,8.860643902153242e-05,8.977709694590885e-05,1.3479009e-06,-27.126661,-27.575133323669434,-26.48349905014038,0.69338787,2.2185915,2.1927419304847717,2.24061781167984,0.049297787,0.73953056,0.7309140115976334,0.7468726336956024,0.016432602,0.14,0.1120000034570694,0.17200001329183578,0.03744572,0.0,0.0,0.0,0.0,0.15490055,0.1416788548231125,0.1607111245393753,0.017204128,7.754249,7.748832106590271,7.766332745552063,0.019981502,7.7642493,7.758832335472107,7.776332974433899,0.019981502,2614400.0,2614400.0,2614400.0,0.0
817,0.0,0.0,0.0,0.0,2.0,2.0,2.0,0.0,0.2919567,0.2863212004303932,0.3014838397502899,0.01205693,0.29196534,0.28632986545562744,0.3014925494790077,0.012056971,1.0112346,0.990266889333725,1.031237781047821,0.026204443,0.097608745,0.09305981546640396,0.10227212682366371,0.0058739055,0.097608745,0.09305981546640396,0.10227212682366371,0.0058739055,1.0,1.0,1.0,0.0,8.661166e-06,8.376300684176385e-06,8.977564220913337e-06,5.000211e-07,8.875405e-05,8.7944359620451e-05,8.910627002478577e-05,1.3378324e-06,-26.85607,-27.41701602935791,-26.132417678833008,0.8894878,2.2247605,2.1786306500434875,2.2687683701515198,0.057650886,0.74158686,0.7262102216482162,0.7562561631202698,0.019216971,0.15866667,0.1340000070631504,0.17800001427531242,0.0300948,0.0,0.0,0.0,0.0,0.15069236,0.13588790595531464,0.16084887459874153,0.017111061,7.7642493,7.758832335472107,7.776332974433899,0.019981502,7.7742496,7.768832564353943,7.786333203315735,0.019981502,2617600.0,2617600.0,2617600.0,0.0
818,0.0,0.0,0.0,0.0,2.0,2.0,2.0,0.0,0.29196534,0.28632986545562744,0.3014925494790077,0.012056971,0.29197377,0.2863384783267975,0.30150073766708374,0.012056997,1.0205175,1.0112686455249786,1.0312531888484955,0.026837641,0.09555175,0.09306151978671551,0.09743877314031124,0.0058644293,0.09555175,0.09306151978671551,0.09743877314031124,0.0058644293,1.0,1.0,1.0,0.0,8.415673e-06,8.092813004623167e-06,8.691071798239136e-06,5.068677e-07,8.809087e-05,8.728722605155781e-05,8.844046351441648e-05,1.3278345e-06,-27.162842,-27.41621160507202,-26.91822385787964,0.48933104,2.2451832,2.224835515022278,2.268802285194397,0.059044026,0.7483945,0.7416118681430817,0.7562674432992935,0.019681342,0.15933333,0.1340000070631504,0.1900000125169754,0.040714826,0.0,0.0,0.0,0.0,0.15256554,0.1430939994752407,0.16278552636504173,0.016172066,7.7742496,7.768832564353943,7.786333203315735,0.019981502,7.78425,7.778832793235779,7.796333432197571,0.019981502,2620800.0,2620800.0,2620800.0,0.0
819,0.0,0.0,0.0,0.0,2.0,2.0,2.0,0.0,0.29197377,0.2863384783267975,0.30150073766708374,0.012056997,0.29198232,0.286347433924675,0.3015088140964508,0.012057,1.0107626,0.9724905490875244,1.0388174653053284,0.044383574,0.09801995,0.09149644710123539,0.10654085874557495,0.0100079365,0.09801995,0.09149644710123539,0.10654085874557495,0.0100079365,1.0,1.0,1.0,0.0,8.568032e-06,7.894776558714511e-06,9.238813163392479e-06,8.6095775e-07,8.743264e-05,8.663500921102241e-05,8.777962830208708e-05,1.3179131e-06,-26.94678,-27.26881170272827,-26.539764881134033,0.86755246,2.223722,2.139521896839142,2.285444140434265,0.097645834,0.7412407,0.713173970580101,0.7618147432804108,0.03254861,0.14583333,0.11499999649822712,0.16499999538064003,0.047950417,0.0,0.0,0.0,0.0,0.1485697,0.14065901190042496,0.1597304865717888,0.018452184,7.78425,7.778832793235779,7.796333432197571,0.019981502,7.79425,7.788833022117615,7.806333661079407,0.019981502,2624000.0,2624000.0,2624000.0,0.0
820,0.0,0.0,0.0,0.0,2.0,2.0,2.0,0.0,0.29198232,0.286347433924675,0.3015088140964508,0.012057,0.29199025,0.2863553613424301,0.3015165328979492,0.012056856,1.0401298,1.0277879238128662,1.0511839091777802,0.025384353,0.09131407,0.08888353034853935,0.09380202181637287,0.0051932246,0.09131407,0.08888353034853935,0.09380202181637287,0.0051932246,1.0,1.0,1.0,0.0,7.92385e-06,7.642785703865229e-06,8.15271346255031e-06,4.6281218e-07,8.6779335e-05,8.59876618051203e-05,8.712372073205188e-05,1.3080646e-06,-27.303743,-27.569883823394775,-26.822163581848145,0.6138635,2.2883313,2.2611785531044006,2.312650740146637,0.055846702,0.7627771,0.7537261843681335,0.7708836197853088,0.01861558,0.14866668,0.1340000070631504,0.1680000126361847,0.032622732,0.0,0.0,0.0,0.0,0.16069804,0.1427047736942768,0.17708507180213928,0.0254518,7.79425,7.788833022117615,7.806333661079407,0.019981502,7.8042502,7.798833250999451,7.816333889961243,0.019981502,2627200.0,2627200.0,2627200.0,0.0
821,0.0,0.0,0.0,0.0,2.0,2.0,2.0,0.0,0.29199025,0.2863553613424301,0.3015165328979492,0.012056856,0.29199854,0.2863638177514076,0.301525317132473,0.012056836,1.0189985,1.0002584159374237,1.0473608672618866,0.02727113,0.09589285,0.08966836147010326,0.09995375201106071,0.006019635,0.09589285,0.08966836147010326,0.09995375201106071,0.006019635,1.0,1.0,1.0,0.0,8.25663e-06,7.871594107200508e-06,8.561755294067552e-06,4.8387176e-07,8.6130916e-05,8.534514927305281e-05,8.647272625239566e-05,1.2982928e-06,-27.186203,-27.55508327484131,-26.75432586669922,0.50473535,2.2418413,2.200612485408783,2.3042399883270264,0.05999767,0.74728054,0.7335375100374222,0.7680800259113312,0.01999922,0.16466667,0.1420000083744526,0.18800001218914986,0.033153456,0.0,0.0,0.0,0.0,0.1609434,0.15064727887511253,0.1717451959848404,0.016658729,7.8042502,7.798833250999451,7.816333889961243,0.019981502,7.8142505,7.808833479881287,7.826334118843079,0.019981502,2630400.0,2630400.0,2630400.0,0.0
822,0.0,0.0,0.0,0.0,2.0,2.0,2.0,0.0,0.29199854,0.2863638177514076,0.301525317132473,0.012056836,0.2920067,0.2863718047738075,0.3015342578291893,0.012057318,1.019953,0.9940381348133087,1.0519584715366364,0.037878282,0.09584416,0.08872441574931145,0.10140647366642952,0.00840173,0.09584416,0.08872441574931145,0.10140647366642952,0.00840173,1.0,1.0,1.0,0.0,8.185932e-06,7.700815785938175e-06,8.629182048025541e-06,6.3105773e-07,8.548733e-05,8.47074425109895e-05,8.582659029343631e-05,1.2885902e-06,-26.898645,-27.187324047088623,-26.595040321350098,0.6245221,2.2439415,2.186927556991577,2.3143547773361206,0.083333865,0.74798054,0.7289758622646332,0.7714515924453735,0.027777951,0.16466667,0.1420000083744526,0.1860000118613243,0.030407336,0.0,0.0,0.0,0.0,0.15776762,0.1390976570546627,0.17469169571995735,0.018092446,7.8142505,7.808833479881287,7.826334118843079,0.019981502,7.8242507,7.818833708763123,7.8363343477249146,0.019981502,2633600.0,2633600.0,2633600.0,0.0
823,0.0,0.0,0.0,0.0,2.0,2.0,2.0,0.0,0.2920067,0.2863718047738075,0.3015342578291893,0.012057318,0.29201427,0.2863793149590492,0.3015422224998474,0.0120572895,1.0212834,0.9947453886270523,1.0270217657089233,0.038398724,0.08902224,0.09398389421403408,0.10121727176010609,0.028661314,0.09554854,0.09398389421403408,0.10121727176010609,0.008060812,0.9166667,1.0,1.0,0.28867513,7.5595526e-06,7.886611683716183e-06,8.549993253836874e-06,2.4385793e-06,8.484856e-05,8.407450332015287e-05,8.518528193235397e-05,1.2789602e-06,-27.20553,-27.51296091079712,-26.762840270996094,0.60176575,2.2468684,2.1884835362434387,2.2594929933547974,0.08447886,0.74895614,0.7294945120811462,0.7531643509864807,0.028159626,0.16533335,0.14400000870227814,0.19200000166893005,0.024911964,0.0,0.0,0.0,0.0,0.16376589,0.15601258724927902,0.1718660555779934,0.016440257,7.8242507,7.818833708763123,7.8363343477249146,0.019981502,7.834251,7.8288339376449585,7.8463345766067505,0.019981502,2636800.0,2636800.0,2636800.0,0.0
824,0.0,0.0,0.0,0.0,2.0,2.0,2.0,0.0,0.29201427,0.2863793149590492,0.3015422224998474,0.0120572895,0.2920226,0.28638696670532227,0.3015500456094742,0.012057284,1.0062684,0.9865338653326035,1.0343105494976044,0.034067627,0.098847814,0.09240402281284332,0.1032028328627348,0.00785598,0.098847814,0.09240402281284332,0.1032028328627348,0.00785598,1.0,1.0,1.0,0.0,8.322606e-06,7.812614285285235e-06,8.818399464871618e-06,6.4514273e-07,8.421456e-05,8.344628622580785e-05,8.454877206531819e-05,1.2694053e-06,-26.903969,-27.294108867645264,-26.40725326538086,0.577906,2.2138345,2.1704177856445312,2.2755287289619446,0.07495032,0.7379449,0.7234726250171661,0.7585095912218094,0.024983447,0.14866668,0.13600000739097595,0.17800001427531242,0.030598084,0.0,0.0,0.0,0.0,0.15021898,0.14618242904543877,0.15482653304934502,0.015604564,7.834251,7.8288339376449585,7.8463345766067505,0.019981502,7.844251,7.838834166526794,7.856334805488586,0.019981502,2640000.0,2640000.0,2640000.0,0.0
825,0.0,0.0,0.0,0.0,2.0,2.0,2.0,0.0,0.2920226,0.28638696670532227,0.3015500456094742,0.012057284,0.2920306,0.2863956615328789,0.30155788362026215,0.012057349,1.0185246,0.9862604737281799,1.044019490480423,0.037552007,0.09614796,0.09039519727230072,0.10321511328220367,0.008118969,0.09614796,0.09039519727230072,0.10321511328220367,0.008118969,1.0,1.0,1.0,0.0,8.033429e-06,7.485863534384407e-06,8.611764769739239e-06,6.496738e-07,8.3585306e-05,8.282276394311339e-05,8.391701885557268e-05,1.2599207e-06,-27.350952,-28.09633207321167,-26.758915424346924,0.73849016,2.240799,2.169816315174103,2.2968887090682983,0.08261606,0.746933,0.7232721447944641,0.7656295746564865,0.027538687,0.17066668,0.14600000903010368,0.19600000232458115,0.03615455,0.0006666667,0.0,0.0,0.0023094013,0.15626633,0.1391359269618988,0.1738957315683365,0.025329538,7.844251,7.838834166526794,7.856334805488586,0.019981502,7.8542514,7.84883439540863,7.866335034370422,0.019981502,2643200.0,2643200.0,2643200.0,0.0
826,0.0,0.0,0.0,0.0,2.0,2.0,2.0,0.0,0.2920306,0.2863956615328789,0.30155788362026215,0.012057349,0.29203895,0.2864045426249504,0.3015662357211113,0.01205749,0.99988747,0.9663861244916916,1.0176177620887756,0.038999677,0.10039169,0.09610206261277199,0.10804763995110989,0.008851428,0.10039169,0.09610206261277199,0.10804763995110989,0.008851428,1.0,1.0,1.0,0.0,8.324668e-06,7.977730319908005e-06,9.000816817206214e-06,6.9612224e-07,8.296074e-05,8.2203898273292e-05,8.328997319040354e-05,1.250507e-06,-26.781876,-27.42985200881958,-26.081366062164307,0.82624334,2.1997964,2.126091957092285,2.238803803920746,0.08580098,0.73326546,0.7086973488330841,0.7462679445743561,0.028600331,0.15133335,0.12000000476837158,0.17000000923871994,0.043075692,0.0,0.0,0.0,0.0,0.15161626,0.14406323805451393,0.15735939517617226,0.013409716,7.8542514,7.84883439540863,7.866335034370422,0.019981502,7.8642516,7.858834624290466,7.876335263252258,0.019981502,2646400.0,2646400.0,2646400.0,0.0
827,0.0,0.0,0.0,0.0,2.0,2.0,2.0,0.0,0.29203895,0.2864045426249504,0.3015662357211113,0.01205749,0.292047,0.2864134684205055,0.3015739768743515,0.0120573975,1.0108528,0.9849074929952621,1.0334489345550537,0.031905383,0.0977738,0.0925875622779131,0.10353703983128071,0.0071972515,0.0977738,0.0925875622779131,0.10353703983128071,0.0071972515,1.0,1.0,1.0,0.0,8.049966e-06,7.747853260298143e-06,8.408184612562764e-06,5.920332e-07,8.234085e-05,8.158966011251323e-05,8.266762597486377e-05,1.241164e-06,-26.988066,-27.205670833587646,-26.543039321899414,0.68116766,2.2239206,2.1668397784233093,2.273633062839508,0.070193276,0.74130684,0.722279965877533,0.7578777074813843,0.023397753,0.15866669,0.1420000083744526,0.17000001296401024,0.027466785,0.0,0.0,0.0,0.0,0.14971928,0.13408270478248596,0.16079169139266014,0.017390652,7.8642516,7.858834624290466,7.876335263252258,0.019981502,7.874252,7.868834853172302,7.886335492134094,0.019981502,2649600.0,2649600.0,2649600.0,0.0
828,0.0,0.0,0.0,0.0,2.0,2.0,2.0,0.0,0.292047,0.2864134684205055,0.3015739768743515,0.0120573975,0.29205474,0.28642092645168304,0.3015817105770111,0.012057565,1.0251535,1.004035323858261,1.0500272512435913,0.035252653,0.09466203,0.08912742137908936,0.09907829016447067,0.007844937,0.09466203,0.08912742137908936,0.09907829016447067,0.007844937,1.0,1.0,1.0,0.0,7.734636e-06,7.237583872665709e-06,7.963306870806264e-06,6.296548e-07,8.172559e-05,8.098001308098901e-05,8.204992082028184e-05,1.2318905e-06,-27.311554,-27.856921195983887,-26.919050216674805,0.74505764,2.2553828,2.2089218497276306,2.310106039047241,0.07755738,0.75179434,0.7363073229789734,0.7700353562831879,0.02585246,0.156,0.1340000070631504,0.16600001230835915,0.02675138,0.0,0.0,0.0,0.0,0.16073671,0.14649810269474983,0.1745392307639122,0.020532878,7.874252,7.868834853172302,7.886335492134094,0.019981502,7.884252,7.878835082054138,7.89633572101593,0.019981502,2652800.0,2652800.0,2652800.0,0.0
829,0.0,0.0,0.0,0.0,2.0,2.0,2.0,0.0,0.29205474,0.28642092645168304,0.3015817105770111,0.012057565,0.29206273,0.28642894327640533,0.3015894517302513,0.012057846,1.0071089,0.9857750236988068,1.0229789316654205,0.027459217,0.09855419,0.09484756737947464,0.10333002917468548,0.0060946033,0.09855419,0.09484756737947464,0.10333002917468548,0.0060946033,1.0,1.0,1.0,0.0,7.989011e-06,7.688355935897562e-06,8.303283493660274e-06,4.149553e-07,8.111493e-05,8.037492625589948e-05,8.14368286228273e-05,1.2226832e-06,-27.155882,-27.486919403076172,-26.776700973510742,0.49849313,2.2156837,2.1687483191490173,2.2505986094474792,0.060411498,0.73856133,0.7229161411523819,0.7501995712518692,0.020137165,0.16133334,0.1420000083744526,0.17600001394748688,0.026386406,0.0006666667,0.0,0.0,0.0023094013,0.15210795,0.1340249925851822,0.16629735752940178,0.018472962,7.884252,7.878835082054138,7.89633572101593,0.019981502,7.8942523,7.888835310935974,7.906335949897766,0.019981502,2656000.0,2656000.0,2656000.0,0.0
830,0.0,0.0,0.0,0.0,2.0,2.0,2.0,0.0,0.29206273,0.28642894327640533,0.3015894517302513,0.012057846,0.29207078,0.28643670678138733,0.3015977144241333,0.012057742,1.0009031,0.9830311983823776,1.0203535854816437,0.02460067,0.09993885,0.09542316384613514,0.10398669727146626,0.0056454353,0.09993885,0.09542316384613514,0.10398669727146626,0.0056454353,1.0,1.0,1.0,0.0,8.045906e-06,7.75523835727654e-06,8.434055189354694e-06,4.6836186e-07,8.050883e-05,7.977435234352015e-05,8.082832755462732e-05,1.2135472e-06,-27.094187,-27.433620929718018,-26.8523850440979,0.5437703,2.202031,2.162711799144745,2.2448227405548096,0.054122582,0.7340103,0.7209039330482483,0.7482742816209793,0.018040864,0.17400001,0.14400000870227814,0.18800001218914986,0.032563224,0.0006666667,0.0,0.0,0.0023094013,0.16086599,0.14720768481492996,0.1705809012055397,0.014948175,7.8942523,7.888835310935974,7.906335949897766,0.019981502,7.9042525,7.89883553981781,7.916336178779602,0.019981502,2659200.0,2659200.0,2659200.0,0.0
831,0.0,0.0,0.0,0.0,2.0,2.0,2.0,0.0,0.29207078,0.28643670678138733,0.3015977144241333,0.012057742,0.29207882,0.2864447981119156,0.30160555243492126,0.012057878,0.99746734,0.9871592223644257,1.01158607006073,0.03153497,0.10082724,0.09737184457480907,0.1030042003840208,0.00728544,0.10082724,0.09737184457480907,0.1030042003840208,0.00728544,1.0,1.0,1.0,0.0,8.053146e-06,7.715683295828057e-06,8.163608981703874e-06,5.4274153e-07,7.990725e-05,7.917827315395698e-05,8.022436850296799e-05,1.2044785e-06,-26.880625,-27.205668926239014,-26.693186283111572,0.5261368,2.194472,2.1717936396598816,2.225533664226532,0.06937831,0.7314907,0.7239312380552292,0.741844579577446,0.023126103,0.17466669,0.15200001001358032,0.20000000298023224,0.023837833,0.0,0.0,0.0,0.0,0.15387069,0.1441575177013874,0.16311990469694138,0.019194286,7.9042525,7.89883553981781,7.916336178779602,0.019981502,7.9142528,7.908835768699646,7.926336407661438,0.019981502,2662400.0,2662400.0,2662400.0,0.0
832,0.0,0.0,0.0,0.0,2.0,2.0,2.0,0.0,0.29207882,0.2864447981119156,0.30160555243492126,0.012057878,0.29208583,0.286446675658226,0.3016124963760376,0.012058201,1.0259544,0.9965050369501114,1.0391004085540771,0.03975995,0.088150166,0.09144203551113605,0.10080866143107414,0.028430793,0.09455121,0.09144203551113605,0.10080866143107414,0.008300159,0.9166667,1.0,1.0,0.28867513,6.990454e-06,7.3501970518918824e-06,7.878260248617153e-06,2.2525737e-06,7.931018e-05,7.858664321247488e-05,7.962492600199766e-05,1.1954779e-06,-27.370216,-28.059665203094482,-26.610276222229004,0.85256237,2.2571447,2.1923548579216003,2.286066472530365,0.08747359,0.75238156,0.7307849824428558,0.7620221823453903,0.029157868,0.15916666,0.12749999575316906,0.1899999976158142,0.046408918,0.0,0.0,0.0,0.0,0.16012828,0.1488538309931755,0.1789410300552845,0.02181992,7.9142528,7.908835768699646,7.926336407661438,0.019981502,7.924253,7.918835997581482,7.936336636543274,0.019981502,2665600.0,2665600.0,2665600.0,0.0
833,0.0,0.0,0.0,0.0,2.0,2.0,2.0,0.0,0.29208583,0.286446675658226,0.3016124963760376,0.012058201,0.2920936,0.2864542081952095,0.3016205504536629,0.012058162,1.0061375,0.9784794747829437,1.0245031714439392,0.026066989,0.09875906,0.09452180191874504,0.10508021526038647,0.0058962326,0.09875906,0.09452180191874504,0.10508021526038647,0.0058962326,1.0,1.0,1.0,0.0,7.772306e-06,7.526598892582115e-06,8.218418543037842e-06,4.450861e-07,7.871757e-05,7.79994334152434e-05,7.902996003394946e-05,1.1865452e-06,-26.87137,-27.097601413726807,-26.521366119384766,0.60511965,2.213547,2.1526978611946106,2.2539520859718323,0.057348542,0.737849,0.7175659835338593,0.7513173967599869,0.019116182,0.16466667,0.15000000968575478,0.17600001394748688,0.03171846,0.0,0.0,0.0,0.0,0.15199748,0.1412421315908432,0.1599297784268856,0.019203512,7.924253,7.918835997581482,7.936336636543274,0.019981502,7.934253,7.928836226463318,7.94633686542511,0.019981502,2668800.0,2668800.0,2668800.0,0.0
834,0.0,0.0,0.0,0.0,2.0,2.0,2.0,0.0,0.2920936,0.2864542081952095,0.3016205504536629,0.012058162,0.2921011,0.28646159917116165,0.30162767320871353,0.012058093,1.0178828,1.002798154950142,1.0350505411624908,0.020741854,0.096066415,0.09224641881883144,0.09936060570180416,0.0045935255,0.096066415,0.09224641881883144,0.09936060570180416,0.0045935255,1.0,1.0,1.0,0.0,7.506464e-06,7.2605087098054355e-06,7.735335202596616e-06,3.942218e-07,7.812938e-05,7.741661647742148e-05,7.843943603802472e-05,1.1776796e-06,-27.37957,-27.6396746635437,-27.11033344268799,0.4909172,2.2393868,2.2062000036239624,2.2771567702293396,0.045632992,0.7464623,0.7354000061750412,0.7590522915124893,0.015211006,0.16133334,0.1380000077188015,0.18400001525878906,0.036074,0.0006666667,0.0,0.0,0.0023094013,0.16277175,0.1505899727344513,0.16934514045715332,0.018457493,7.934253,7.928836226463318,7.94633686542511,0.019981502,7.9442534,7.938836455345154,7.956337094306946,0.019981502,2672000.0,2672000.0,2672000.0,0.0
835,0.0,0.0,0.0,0.0,2.0,2.0,2.0,0.0,0.2921011,0.28646159917116165,0.30162767320871353,0.012058093,0.2921086,0.28646833449602127,0.3016355037689209,0.012058201,1.0146254,0.9966343194246292,1.032926082611084,0.02951787,0.09689357,0.0926995649933815,0.10078728944063187,0.00659879,0.09689357,0.0926995649933815,0.10078728944063187,0.00659879,1.0,1.0,1.0,0.0,7.5116386e-06,7.271698450495023e-06,7.714971843597596e-06,4.922637e-07,7.7545585e-05,7.683815056225285e-05,7.785332491039298e-05,1.1688801e-06,-27.10302,-27.705154418945312,-26.88144016265869,0.73003787,2.2322204,2.1926392316818237,2.2724826335906982,0.06494063,0.74407345,0.7308797687292099,0.7574942260980606,0.02164687,0.15866667,0.12000000476837158,0.18000001087784767,0.037806526,0.0006666667,0.0,0.0,0.0023094013,0.15889688,0.1471245475113392,0.1705527864396572,0.018899677,7.9442534,7.938836455345154,7.956337094306946,0.019981502,7.9542537,7.94883668422699,7.966337323188782,0.019981502,2675200.0,2675200.0,2675200.0,0.0
836,0.0,0.0,0.0,0.0,2.0,2.0,2.0,0.0,0.2921086,0.28646833449602127,0.3016355037689209,0.012058201,0.29211608,0.2864755168557167,0.30164235830307007,0.012058231,1.0142473,0.9869257211685181,1.0314587652683258,0.034735937,0.097053975,0.09301341883838177,0.1030565146356821,0.0076526594,0.097053975,0.09301341883838177,0.1030565146356821,0.0076526594,1.0,1.0,1.0,0.0,7.4693394e-06,7.1536728682985995e-06,7.836668828531401e-06,5.987719e-07,7.696616e-05,7.626400474691764e-05,7.7271603004192e-05,1.1601471e-06,-27.142408,-27.750855922698975,-26.5151104927063,0.7742092,2.2313888,2.1712799668312073,2.269254684448242,0.076420605,0.7437963,0.7237600237131119,0.7564182281494141,0.025473528,0.15733334,0.12600000575184822,0.1860000118613243,0.03997575,0.0,0.0,0.0,0.0,0.15659128,0.14817624166607857,0.16895470395684242,0.016269958,7.9542537,7.94883668422699,7.966337323188782,0.019981502,7.964254,7.958836913108826,7.976337552070618,0.019981502,2678400.0,2678400.0,2678400.0,0.0
837,0.0,0.0,0.0,0.0,2.0,2.0,2.0,0.0,0.29211608,0.2864755168557167,0.30164235830307007,0.012058231,0.29212353,0.28648240119218826,0.30165015906095505,0.012058269,1.0123761,0.9908641874790192,1.0292333960533142,0.039023068,0.097557686,0.0934967752546072,0.10216018371284008,0.009024712,0.097557686,0.0934967752546072,0.10216018371284008,0.009024712,1.0,1.0,1.0,0.0,7.4529144e-06,7.050174531286757e-06,7.689878543715167e-06,7.018838e-07,7.639106e-05,7.569415356556419e-05,7.669421756872907e-05,1.151478e-06,-26.912819,-27.492493629455566,-26.290257453918457,0.8346171,2.2272718,2.179944694042206,2.2643585801124573,0.085852444,0.74242395,0.7266482412815094,0.7547862082719803,0.028617479,0.17400001,0.15600001066923141,0.1860000118613243,0.028565712,0.0006666667,0.0,0.0,0.0023094013,0.15284957,0.13955582305788994,0.17006901651620865,0.023723949,7.964254,7.958836913108826,7.976337552070618,0.019981502,7.974254,7.968837141990662,7.986337780952454,0.019981502,2681600.0,2681600.0,2681600.0,0.0
838,0.0,0.0,0.0,0.0,2.0,2.0,2.0,0.0,0.29212353,0.28648240119218826,0.30165015906095505,0.012058269,0.29213068,0.28648943454027176,0.30165717750787735,0.0120582245,1.0256469,1.0088736712932587,1.0338815450668335,0.03193547,0.09449638,0.09251335076987743,0.09797754883766174,0.006815897,0.09449638,0.09251335076987743,0.09797754883766174,0.006815897,1.0,1.0,1.0,0.0,7.164355e-06,6.949798489586101e-06,7.4402030350029236e-06,5.233732e-07,7.582025e-05,7.512855154345743e-05,7.612114859512076e-05,1.1428739e-06,-27.403212,-27.96776580810547,-26.664483070373535,0.7815778,2.2564683,2.2195664048194885,2.2745848298072815,0.07025943,0.7521561,0.7398554682731628,0.7581949532032013,0.023419807,0.14733334,0.12600000575184822,0.1600000113248825,0.03866249,0.0006666667,0.0,0.0,0.0023094013,0.16394696,0.15290067344903946,0.16816218197345734,0.024524756,7.974254,7.968837141990662,7.986337780952454,0.019981502,7.9842544,7.978837370872498,7.9963380098342896,0.019981457,2684800.0,2684800.0,2684800.0,0.0
839,0.0,0.0,0.0,0.0,2.0,2.0,2.0,0.0,0.29213068,0.28648943454027176,0.30165717750787735,0.0120582245,0.292138,0.28649644553661346,0.3016648069024086,0.012058365,1.0122586,0.9929940402507782,1.0358390808105469,0.036421772,0.097526096,0.09208159521222115,0.1016263347119093,0.008004934,0.097526096,0.09208159521222115,0.1016263347119093,0.008004934,1.0,1.0,1.0,0.0,7.3353135e-06,6.885466177664057e-06,7.642008199582051e-06,5.624391e-07,7.5253716e-05,7.456718776666094e-05,7.55523633415578e-05,1.1343325e-06,-27.179968,-27.597383975982666,-26.69237518310547,0.9499086,2.2270133,2.184630513191223,2.278891444206238,0.080129504,0.7423379,0.7282101958990097,0.759630486369133,0.026709825,0.16200002,0.14800000935792923,0.18400001525878906,0.025782306,0.0,0.0,0.0,0.0,0.15788664,0.14403364807367325,0.1724589541554451,0.020521212,7.9842544,7.978837370872498,7.9963380098342896,0.019981457,7.9942546,7.9888375997543335,8.006337881088257,0.01998141,2688000.0,2688000.0,2688000.0,0.0
840,0.0,0.0,0.0,0.0,2.0,2.0,2.0,0.0,0.292138,0.28649644553661346,0.3016648069024086,0.012058365,0.2921451,0.28650324791669846,0.30167216807603836,0.012058314,1.0242952,1.0094420611858368,1.04018434882164,0.029412081,0.094753064,0.0911625474691391,0.09784936532378197,0.0061671166,0.094753064,0.0911625474691391,0.09784936532378197,0.0061671166,1.0,1.0,1.0,0.0,7.075474e-06,6.823296871516504e-06,7.311905847018352e-06,4.4323414e-07,7.4691416e-05,7.401003676932305e-05,7.498782724724151e-05,1.1258566e-06,-27.295668,-27.529025554656982,-26.93811321258545,0.93829936,2.2534943,2.2208168506622314,2.288451373577118,0.0647079,0.75116485,0.7402722984552383,0.7628171443939209,0.021569308,0.15266667,0.13600000739097595,0.16200001165270805,0.034696955,0.0,0.0,0.0,0.0,0.15278684,0.13720069825649261,0.16511965543031693,0.018095009,7.9942546,7.9888375997543335,8.006337881088257,0.01998141,8.004254,7.998837828636169,8.016338109970093,0.019981405,2691200.0,2691200.0,2691200.0,0.0
841,0.0,0.0,0.0,0.0,2.0,2.0,2.0,0.0,0.2921451,0.28650324791669846,0.30167216807603836,0.012058314,0.29215237,0.2865104377269745,0.3016798421740532,0.012058575,1.0098984,0.9783737510442734,1.035942554473877,0.03573158,0.09804671,0.09209110774099827,0.1051073782145977,0.0079242205,0.09804671,0.09209110774099827,0.1051073782145977,0.0079242205,1.0,1.0,1.0,0.0,7.2641556e-06,6.826474532317661e-06,7.684655429329723e-06,5.390797e-07,7.413332e-05,7.345699486904778e-05,7.442750757036265e-05,1.1174435e-06,-27.012705,-27.612621307373047,-26.72624444961548,0.64838415,2.2218208,2.152465283870697,2.27911913394928,0.07861102,0.74060696,0.7174884527921677,0.7597063928842545,0.02620367,0.17000002,0.15200001001358032,0.18200001120567322,0.027948003,0.0,0.0,0.0,0.0,0.15669514,0.14722692593932152,0.16274233534932137,0.016967691,8.004254,7.998837828636169,8.016338109970093,0.019981405,8.014255,8.008837938308716,8.026338338851929,0.019981423,2694400.0,2694400.0,2694400.0,0.0
842,0.0,0.0,0.0,0.0,2.0,2.0,2.0,0.0,0.29215237,0.2865104377269745,0.3016798421740532,0.012058575,0.29215938,0.28651731461286545,0.301687091588974,0.012058387,1.0218812,1.0065009593963623,1.0324979722499847,0.023284033,0.09521178,0.09279283881187439,0.09851568751037121,0.0051047094,0.09521178,0.09279283881187439,0.09851568751037121,0.0051047094,1.0,1.0,1.0,0.0,7.006933e-06,6.822666932748689e-06,7.228088406918687e-06,4.1288575e-07,7.357938e-05,7.290814392035827e-05,7.387138612102717e-05,1.109095e-06,-27.304193,-27.87006187438965,-26.74045181274414,0.81366223,2.2481835,2.214346408843994,2.271540939807892,0.051225897,0.7493946,0.7381154894828796,0.757180318236351,0.01707529,0.14933334,0.13600000739097595,0.15400001034140587,0.034338776,0.0,0.0,0.0,0.0,0.14365512,0.13974054902791977,0.15487820655107498,0.011938867,8.014255,8.008837938308716,8.026338338851929,0.019981423,8.024255,8.018838167190552,8.036338567733765,0.019981423,2697600.0,2697600.0,2697600.0,0.0
843,0.0,0.0,0.0,0.0,2.0,2.0,2.0,0.0,0.29215938,0.28651731461286545,0.301687091588974,0.012058387,0.29216635,0.2865239381790161,0.30169394612312317,0.012058488,1.0210022,0.9946974366903305,1.0413180887699127,0.031038804,0.095504366,0.09092916920781136,0.10122951865196228,0.006913397,0.095504366,0.09092916920781136,0.10122951865196228,0.006913397,1.0,1.0,1.0,0.0,6.972616e-06,6.6776467519957805e-06,7.379057024081703e-06,4.834433e-07,7.3029594e-05,7.236334386107046e-05,7.331939923460595e-05,1.100805e-06,-27.194603,-27.6238112449646,-26.691036701202393,0.80481434,2.2462494,2.1883780360221863,2.290945589542389,0.06828673,0.7487498,0.7294593751430511,0.7636485695838928,0.022762243,0.15200001,0.12600000575184822,0.18400001525878906,0.049784996,0.0,0.0,0.0,0.0,0.15753163,0.15144427493214607,0.1651276908814907,0.013172652,8.024255,8.018838167190552,8.036338567733765,0.019981423,8.034255,8.028838396072388,8.0463387966156,0.019981423,2700800.0,2700800.0,2700800.0,0.0
844,0.0,0.0,0.0,0.0,2.0,2.0,2.0,0.0,0.29216635,0.2865239381790161,0.30169394612312317,0.012058488,0.2921733,0.28653066605329514,0.3017007187008858,0.012058547,1.0178617,1.0063723921775818,1.0334994196891785,0.022672666,0.09609184,0.09257645718753338,0.09854506701231003,0.005096642,0.09609184,0.09257645718753338,0.09854506701231003,0.005096642,1.0,1.0,1.0,0.0,6.9632133e-06,6.675251825072337e-06,7.171346055656613e-06,3.4308573e-07,7.2483905e-05,7.182265653682407e-05,7.277155964402482e-05,1.0925819e-06,-26.970865,-27.391589641571045,-26.727415561676025,0.46516135,2.2393405,2.21406352519989,2.2737441658973694,0.04988088,0.74644685,0.738021194934845,0.757914736866951,0.01662695,0.16000001,0.1340000070631504,0.18000001087784767,0.036897894,0.0,0.0,0.0,0.0,0.1537636,0.14659316092729568,0.16164037585258484,0.016384246,8.034255,8.028838396072388,8.0463387966156,0.019981423,8.044255,8.038838624954224,8.056339025497437,0.01998151,2704000.0,2704000.0,2704000.0,0.0
845,0.0,0.0,0.0,0.0,2.0,2.0,2.0,0.0,0.2921733,0.28653066605329514,0.3017007187008858,0.012058547,0.2921796,0.2865365445613861,0.3017081096768379,0.01205914,1.0280453,0.9980240911245346,1.0557717084884644,0.044630345,0.08772504,0.08796852082014084,0.10046693310141563,0.028761588,0.094196826,0.08796852082014084,0.10046693310141563,0.009546551,0.9166667,1.0,1.0,0.28867513,6.30402e-06,6.381827688528574e-06,7.095723049133085e-06,2.0504556e-06,7.1942304e-05,7.128596917027608e-05,7.222779640869703e-05,1.0844217e-06,-27.335722,-27.73057222366333,-26.872095584869385,0.76897746,2.2617447,2.195696771144867,2.3227440118789673,0.09818873,0.7539149,0.7318989336490631,0.774248018860817,0.03272957,0.15249999,0.12749999575316906,0.1824999935925007,0.035707142,0.0,0.0,0.0,0.0,0.15085132,0.14119325578212738,0.15840260311961174,0.015760014,8.044255,8.038838624954224,8.056339025497437,0.01998151,8.0542555,8.04883885383606,8.066339254379272,0.01998151,2707200.0,2707200.0,2707200.0,0.0
846,0.0,0.0,0.0,0.0,2.0,2.0,2.0,0.0,0.2921796,0.2865365445613861,0.3017081096768379,0.01205914,0.2921864,0.28654342889785767,0.3017151206731796,0.012059141,1.0234718,1.0076042115688324,1.0359556376934052,0.030404897,0.09494693,0.09205435961484909,0.09826571494340897,0.0064244806,0.09494693,0.09205435961484909,0.09826571494340897,0.0064244806,1.0,1.0,1.0,0.0,6.778929e-06,6.649968440797238e-06,7.042710990390333e-06,4.5523214e-07,7.1404735e-05,7.075333633110859e-05,7.168810589064378e-05,1.0763135e-06,-27.190987,-27.532930850982666,-26.848883152008057,0.60452336,2.251683,2.2167734503746033,2.2791478633880615,0.0668921,0.750561,0.7389244884252548,0.7597159892320633,0.022297371,0.168,0.13600000739097595,0.1860000118613243,0.037055243,0.0006666667,0.0,0.0,0.0023094013,0.15950406,0.14663972333073616,0.16711056977510452,0.01773171,8.0542555,8.04883885383606,8.066339254379272,0.01998151,8.064256,8.058839082717896,8.076339483261108,0.01998151,2710400.0,2710400.0,2710400.0,0.0
847,0.0,0.0,0.0,0.0,2.0,2.0,2.0,0.0,0.2921864,0.28654342889785767,0.3017151206731796,0.012059141,0.29219308,0.28654995560646057,0.3017217665910721,0.012059406,1.0254205,1.0168855786323547,1.0402557253837585,0.03198753,0.094554454,0.09115605056285858,0.0961865745484829,0.0071946494,0.094554454,0.09115605056285858,0.0961865745484829,0.0071946494,1.0,1.0,1.0,0.0,6.6978014e-06,6.467410685218056e-06,6.7373933916314854e-06,4.704914e-07,7.0871196e-05,7.022463432804216e-05,7.115244079614058e-05,1.0682763e-06,-27.340322,-27.732186794281006,-27.047967433929443,0.59953535,2.2559702,2.2371928691864014,2.2886083722114563,0.07037399,0.7519901,0.7457309663295746,0.7628694772720337,0.023457997,0.15866667,0.1340000070631504,0.17800001427531242,0.035586856,0.0006666667,0.0,0.0,0.0023094013,0.15719406,0.13922888040542603,0.16909531503915787,0.021150861,8.064256,8.058839082717896,8.076339483261108,0.01998151,8.074256,8.068839311599731,8.086339712142944,0.01998151,2713600.0,2713600.0,2713600.0,0.0
848,0.0,0.0,0.0,0.0,2.0,2.0,2.0,0.0,0.29219308,0.28654995560646057,0.3017217665910721,0.012059406,0.29219925,0.28655633330345154,0.3017284423112869,0.012059335,1.0296609,1.005435973405838,1.051791787147522,0.042556167,0.08760027,0.08875837177038193,0.09876000881195068,0.02832509,0.0937999,0.08875837177038193,0.09876000881195068,0.008866439,0.9166667,1.0,1.0,0.28867513,6.158143e-06,6.293314754657331e-06,6.918895337548747e-06,1.9936174e-06,7.034164e-05,6.969993410166353e-05,7.0620790211251e-05,1.0602912e-06,-27.428858,-27.881422519683838,-26.953190803527832,0.7839118,2.2652993,2.212003231048584,2.3139880895614624,0.093625434,0.7550998,0.7373344451189041,0.7713293880224228,0.031208474,0.15733334,0.13200000673532486,0.17800001427531242,0.03433878,0.0,0.0,0.0,0.0,0.15612404,0.14130200818181038,0.1679055653512478,0.01866025,8.074256,8.068839311599731,8.086339712142944,0.01998151,8.084256,8.078839540481567,8.09633994102478,0.01998151,2716800.0,2716800.0,2716800.0,0.0
849,0.0,0.0,0.0,0.0,2.0,2.0,2.0,0.0,0.29219925,0.28655633330345154,0.3017284423112869,0.012059335,0.29220602,0.2865625321865082,0.30173512548208237,0.0120595135,1.0137885,0.9926613718271255,1.0234973430633545,0.0318331,0.09711211,0.09473508037626743,0.10170738399028778,0.0070486898,0.09711211,0.09473508037626743,0.10170738399028778,0.0070486898,1.0,1.0,1.0,0.0,6.776512e-06,6.580809440492885e-06,7.0676685481885215e-06,4.478793e-07,6.981604e-05,6.917909922776744e-05,7.009308865235653e-05,1.0523717e-06,-27.140167,-27.541736125946045,-26.792412281036377,0.58396274,2.230379,2.183898627758026,2.251739025115967,0.07003423,0.7434597,0.727966234087944,0.7505796998739243,0.023344748,0.16933334,0.15000000968575478,0.17800001427531242,0.027254134,0.0,0.0,0.0,0.0,0.15593688,0.14398561045527458,0.15924132242798805,0.016506553,8.084256,8.078839540481567,8.09633994102478,0.01998151,8.094256,8.088839769363403,8.106340169906616,0.01998151,2720000.0,2720000.0,2720000.0,0.0
850,0.0,0.0,0.0,0.0,2.0,2.0,2.0,0.0,0.29220602,0.2865625321865082,0.30173512548208237,0.0120595135,0.29221293,0.2865694761276245,0.301742285490036,0.012059697,1.0015522,0.98451729118824,1.0284964442253113,0.026351608,0.099809766,0.09364939294755459,0.10362943261861801,0.0059639732,0.099809766,0.09364939294755459,0.10362943261861801,0.0059639732,1.0,1.0,1.0,0.0,6.9125113e-06,6.6182202544951e-06,7.147521728256834e-06,3.5579777e-07,6.929436e-05,6.866221156087704e-05,6.95693597663194e-05,1.0445052e-06,-26.794554,-27.079277992248535,-26.35591983795166,0.5961608,2.203459,2.1659812927246094,2.262737452983856,0.05797471,0.7344864,0.7219938039779663,0.7542458474636078,0.01932491,0.16333334,0.13600000739097595,0.19200000166893005,0.033153452,0.0006666667,0.0,0.0,0.0023094013,0.15328464,0.14143569394946098,0.1624983549118042,0.016400244,8.094256,8.088839769363403,8.106340169906616,0.01998151,8.104257,8.09883999824524,8.116340398788452,0.01998151,2723200.0,2723200.0,2723200.0,0.0
851,0.0,0.0,0.0,0.0,2.0,2.0,2.0,0.0,0.29221293,0.2865694761276245,0.301742285490036,0.012059697,0.2922196,0.28657613694667816,0.30174875259399414,0.012059544,1.0147351,1.0031623244285583,1.034851610660553,0.025904067,0.09682524,0.09228904917836189,0.09928387217223644,0.0059682084,0.09682524,0.09228904917836189,0.09928387217223644,0.0059682084,1.0,1.0,1.0,0.0,6.659284e-06,6.3964193941501435e-06,6.829455742263235e-06,4.2117568e-07,6.877659e-05,6.814913467678707e-05,6.904951442265883e-05,1.0367044e-06,-27.262178,-27.576680183410645,-26.98149347305298,0.66132504,2.2324617,2.2070011496543884,2.276719033718109,0.056990106,0.7441539,0.7356670647859573,0.7589063793420792,0.018996699,0.186,0.17400001361966133,0.19600000232458115,0.026450638,0.0006666667,0.0,0.0,0.0023094013,0.16451468,0.14842550083994865,0.1766628995537758,0.021049302,8.104257,8.09883999824524,8.116340398788452,0.01998151,8.114257,8.108840227127075,8.126340627670288,0.01998151,2726400.0,2726400.0,2726400.0,0.0
852,0.0,0.0,0.0,0.0,2.0,2.0,2.0,0.0,0.2922196,0.28657613694667816,0.30174875259399414,0.012059544,0.29222608,0.28658267110586166,0.3017551302909851,0.012059384,1.0232558,1.0094904005527496,1.0438697040081024,0.023767741,0.09491692,0.09039206430315971,0.09784245677292347,0.00523763,0.09491692,0.09039206430315971,0.09784245677292347,0.00523763,1.0,1.0,1.0,0.0,6.479846e-06,6.1882882391728344e-06,6.72573798965459e-06,3.8171618e-07,6.826268e-05,6.763994315406308e-05,6.853357990621589e-05,1.0289523e-06,-27.06616,-27.388583660125732,-26.663025379180908,0.49538475,2.2512076,2.2209232449531555,2.2965592741966248,0.052290086,0.7504026,0.7403077781200409,0.7655197829008102,0.017430032,0.16733335,0.15800001099705696,0.17600001394748688,0.019434428,0.0,0.0,0.0,0.0,0.15998162,0.1437692940235138,0.17189214006066322,0.022419427,8.114257,8.108840227127075,8.126340627670288,0.01998151,8.124257,8.118840456008911,8.136340856552124,0.01998151,2729600.0,2729600.0,2729600.0,0.0
853,0.0,0.0,0.0,0.0,2.0,2.0,2.0,0.0,0.29222608,0.28658267110586166,0.3017551302909851,0.012059384,0.29223248,0.286588616669178,0.3017616719007492,0.012059534,1.0252686,0.9944022297859192,1.0562734305858612,0.034796488,0.09462593,0.08784767054021358,0.1012972816824913,0.007592096,0.09462593,0.08784767054021358,0.1012972816824913,0.007592096,1.0,1.0,1.0,0.0,6.4085166e-06,6.0481970649561845e-06,6.807993827351311e-06,4.8412795e-07,6.775262e-05,6.7134506025468e-05,6.802148163842503e-05,1.0212697e-06,-27.417505,-27.73274326324463,-26.874874114990234,0.6367196,2.255636,2.1877285838127136,2.3238479495048523,0.07655383,0.7518787,0.7292428761720657,0.7746160179376602,0.025517944,0.15666668,0.1300000064074993,0.1860000118613243,0.04361262,0.0006666667,0.0,0.0,0.0023094013,0.15748332,0.14288600534200668,0.16926762834191322,0.020745754,8.124257,8.118840456008911,8.136340856552124,0.01998151,8.134257,8.128840684890747,8.14634108543396,0.01998151,2732800.0,2732800.0,2732800.0,0.0
854,0.0,0.0,0.0,0.0,2.0,2.0,2.0,0.0,0.29223248,0.286588616669178,0.3017616719007492,0.012059534,0.29223895,0.28659504652023315,0.30176878720521927,0.012059827,1.0180093,0.9832776635885239,1.051402062177658,0.04104007,0.09632847,0.08884226717054844,0.10392577946186066,0.009000435,0.09632847,0.08884226717054844,0.10392577946186066,0.009000435,1.0,1.0,1.0,0.0,6.473527e-06,6.042885274837317e-06,6.892562055327289e-06,5.6080125e-07,6.724636e-05,6.663289059360977e-05,6.751322507625446e-05,1.0136324e-06,-27.091545,-27.623878955841064,-26.58682870864868,0.6941224,2.239665,2.1632540225982666,2.3131306171417236,0.09028996,0.74655503,0.7210846990346909,0.7710435539484024,0.03009665,0.15266667,0.12000000476837158,0.18200001120567322,0.044274624,0.0,0.0,0.0,0.0,0.15002376,0.14578330516815186,0.153927531093359,0.010063658,8.134257,8.128840684890747,8.14634108543396,0.01998151,8.144258,8.138840913772583,8.156341314315796,0.01998151,2736000.0,2736000.0,2736000.0,0.0
855,0.0,0.0,0.0,0.0,2.0,2.0,2.0,0.0,0.29223895,0.28659504652023315,0.30176878720521927,0.012059827,0.29224518,0.2866017296910286,0.30177491158246994,0.012059837,1.0322571,1.0182664692401886,1.054593563079834,0.03597379,0.09313815,0.08818741142749786,0.0959071908146143,0.007881914,0.09313815,0.08818741142749786,0.0959071908146143,0.007881914,1.0,1.0,1.0,0.0,6.2162494e-06,5.876411250937963e-06,6.509770742013643e-06,5.2931216e-07,6.674389e-05,6.613497862417717e-05,6.700875201204326e-05,1.0060638e-06,-27.391706,-28.03994846343994,-27.00388765335083,0.84752685,2.2710109,2.240230977535248,2.320152163505554,0.07914393,0.7570036,0.746743693947792,0.7733840644359589,0.026381316,0.16133334,0.1340000070631504,0.1940000019967556,0.03459199,0.0,0.0,0.0,0.0,0.1669755,0.15568523108959198,0.1891334056854248,0.024223406,8.144258,8.138840913772583,8.156341314315796,0.01998151,8.154258,8.148841142654419,8.166341543197632,0.01998151,2739200.0,2739200.0,2739200.0,0.0
856,0.0,0.0,0.0,0.0,2.0,2.0,2.0,0.0,0.29224518,0.2866017296910286,0.30177491158246994,0.012059837,0.29225177,0.28660770505666733,0.3017814829945564,0.012059745,1.0031816,0.993073120713234,1.0119456052780151,0.022570215,0.09939161,0.09728969633579254,0.10161048173904419,0.0050784405,0.09939161,0.09728969633579254,0.10161048173904419,0.0050784405,1.0,1.0,1.0,0.0,6.5847357e-06,6.446248676184041e-06,6.740402113791788e-06,3.6431e-07,6.6245164e-05,6.56408337817993e-05,6.650806062680203e-05,9.985423e-07,-26.87736,-27.26599931716919,-26.482861518859863,0.5664184,2.2070436,2.1848044395446777,2.226324737071991,0.049655456,0.73568124,0.728268176317215,0.7421082556247711,0.016551819,0.16200002,0.15400001034140587,0.17000001296401024,0.021062678,0.0,0.0,0.0,0.0,0.15302303,0.14540234580636024,0.16273833438754082,0.01700409,8.154258,8.148841142654419,8.166341543197632,0.01998151,8.164258,8.158841371536255,8.176341772079468,0.01998151,2742400.0,2742400.0,2742400.0,0.0
857,0.0,0.0,0.0,0.0,2.0,2.0,2.0,0.0,0.29225177,0.28660770505666733,0.3017814829945564,0.012059745,0.29225823,0.2866136506199837,0.30178777128458023,0.012059515,1.0078532,0.9812837094068527,1.0333820283412933,0.038091876,0.09855645,0.09260609932243824,0.10443052835762501,0.008706911,0.09855645,0.09260609932243824,0.10443052835762501,0.008706911,1.0,1.0,1.0,0.0,6.481678e-06,6.044344104338961e-06,6.8285992256278405e-06,5.995589e-07,6.575018e-05,6.515033419418614e-05,6.601110180781689e-05,9.910859e-07,-26.943499,-27.35381031036377,-26.564017295837402,0.6597917,2.2173212,2.158867299556732,2.2734859585762024,0.08380385,0.7391071,0.7196224480867386,0.7578286826610565,0.027934626,0.14333333,0.11800000444054604,0.17000001296401024,0.036653996,0.0,0.0,0.0,0.0,0.14633214,0.13558370247483253,0.16018804535269737,0.015161334,8.164258,8.158841371536255,8.176341772079468,0.01998151,8.174258,8.16884160041809,8.186342000961304,0.01998151,2745600.0,2745600.0,2745600.0,0.0
858,0.0,0.0,0.0,0.0,2.0,2.0,2.0,0.0,0.29225823,0.2866136506199837,0.30178777128458023,0.012059515,0.2922645,0.2866195812821388,0.3017949163913727,0.012059668,1.0195762,0.9988289773464203,1.0539728701114655,0.04247955,0.096013635,0.08831378817558289,0.10029654204845428,0.009435459,0.096013635,0.08831378817558289,0.10029654204845428,0.009435459,1.0,1.0,1.0,0.0,6.2623662e-06,5.863410706297145e-06,6.546863914991263e-06,5.807348e-07,6.525888e-05,6.466354716394562e-05,6.551786282216199e-05,9.83676e-07,-27.376581,-27.534632205963135,-27.02279281616211,0.82194513,2.2431126,2.1974676847457886,2.3187866806983948,0.09345692,0.7477042,0.7324892282485962,0.7729288935661316,0.031152306,0.13416666,0.10749999806284904,0.14999999105930328,0.032879483,0.0,0.0,0.0,0.0,0.15190887,0.13651804253458977,0.16853632032871246,0.017589131,8.174258,8.16884160041809,8.186342000961304,0.01998151,8.184258,8.178841829299927,8.19634222984314,0.01998151,2748800.0,2748800.0,2748800.0,0.0
859,0.0,0.0,0.0,0.0,2.0,2.0,2.0,0.0,0.2922645,0.2866195812821388,0.3017949163913727,0.012059668,0.29227087,0.28662629425525665,0.30180077999830246,0.012059702,1.0086082,0.9843462705612183,1.0371963381767273,0.03420449,0.09831735,0.09180262498557568,0.10367269441485405,0.0077802553,0.09831735,0.09180262498557568,0.10367269441485405,0.0077802553,1.0,1.0,1.0,0.0,6.3676257e-06,6.078763249206531e-06,6.716502753079112e-06,5.0529326e-07,6.4771266e-05,6.41803526377771e-05,6.502829819510225e-05,9.763284e-07,-26.94695,-27.42603302001953,-26.477224826812744,0.6358062,2.2189825,2.1656050086021423,2.2818774580955505,0.07525134,0.7396608,0.7218683362007141,0.7606258243322372,0.025083777,0.164,0.14400000870227814,0.18000001087784767,0.02760764,0.0,0.0,0.0,0.0,0.15656321,0.1390327475965023,0.1715671569108963,0.019048806,8.184258,8.178841829299927,8.19634222984314,0.01998151,8.194259,8.188842058181763,8.206342458724976,0.01998151,2752000.0,2752000.0,2752000.0,0.0
860,0.0,0.0,0.0,0.0,2.0,2.0,2.0,0.0,0.29227087,0.28662629425525665,0.30180077999830246,0.012059702,0.29227713,0.28663232922554016,0.30180706083774567,0.012059596,1.011538,0.9945620447397232,1.0274038016796112,0.025555536,0.09753405,0.09388616867363453,0.10126655176281929,0.0058041555,0.09753405,0.09388616867363453,0.10126655176281929,0.0058041555,1.0,1.0,1.0,0.0,6.2712247e-06,5.986967039461888e-06,6.4628916334186215e-06,4.0305414e-07,6.4287284e-05,6.370081428030971e-05,6.454240610764828e-05,9.690302e-07,-27.225706,-27.545837879180908,-26.81445074081421,0.5703413,2.225428,2.1880801916122437,2.260333478450775,0.056223243,0.74180937,0.7293601036071777,0.7534445077180862,0.018741073,0.14666668,0.12000000476837158,0.17000001296401024,0.029607536,0.0,0.0,0.0,0.0,0.15065208,0.14002323150634766,0.1600736640393734,0.015343539,8.194259,8.188842058181763,8.206342458724976,0.01998151,8.204259,8.198842287063599,8.216342687606812,0.01998151,2755200.0,2755200.0,2755200.0,0.0
861,0.0,0.0,0.0,0.0,2.0,2.0,2.0,0.0,0.29227713,0.28663232922554016,0.30180706083774567,0.012059596,0.2922834,0.28663819283246994,0.30181315541267395,0.012059808,1.0100521,0.99364073574543,1.0283782184123993,0.03735717,0.09804841,0.09367614053189754,0.10148177482187748,0.008620231,0.09804841,0.09367614053189754,0.10148177482187748,0.008620231,1.0,1.0,1.0,0.0,6.253704e-06,5.931218197474664e-06,6.482948379016307e-06,5.295763e-07,6.3806925e-05,6.322480840026401e-05,6.406013199011795e-05,9.617946e-07,-27.062363,-27.457056045532227,-27.001014232635498,0.7494161,2.2221591,2.186053216457367,2.262477219104767,0.082187414,0.74071974,0.7286844253540039,0.7541591078042984,0.027395798,0.15,0.13200000673532486,0.16200001165270805,0.030724583,0.0006666667,0.0,0.0,0.0023094013,0.150136,0.1378391906619072,0.1604262813925743,0.018427541,8.204259,8.198842287063599,8.216342687606812,0.01998151,8.214259,8.208842515945435,8.226342916488647,0.01998151,2758400.0,2758400.0,2758400.0,0.0
862,0.0,0.0,0.0,0.0,2.0,2.0,2.0,0.0,0.2922834,0.28663819283246994,0.30181315541267395,0.012059808,0.29228953,0.2866445630788803,0.3018195629119873,0.012059933,1.0153931,0.9962729513645172,1.021395057439804,0.033416484,0.0967726,0.09519951418042183,0.1008630096912384,0.0071401796,0.0967726,0.09519951418042183,0.1008630096912384,0.0071401796,1.0,1.0,1.0,0.0,6.1247156e-06,6.064789431547979e-06,6.347346470647608e-06,4.0613355e-07,6.3330146e-05,6.275240593822673e-05,6.358147766150068e-05,9.546023e-07,-27.105902,-27.365169048309326,-26.62586498260498,0.70388484,2.2339094,2.1918442249298096,2.2471139430999756,0.073517695,0.7446365,0.7306147813796997,0.7490380108356476,0.024505902,0.17000002,0.15000000968575478,0.1860000118613243,0.025096178,0.0,0.0,0.0,0.0,0.15341608,0.14917094632983208,0.15864979475736618,0.017213445,8.214259,8.208842515945435,8.226342916488647,0.01998151,8.224259,8.21884274482727,8.236343145370483,0.01998151,2761600.0,2761600.0,2761600.0,0.0
863,0.0,0.0,0.0,0.0,2.0,2.0,2.0,0.0,0.29228953,0.2866445630788803,0.3018195629119873,0.012059933,0.29229555,0.28665024042129517,0.3018254190683365,0.012059944,1.0179415,0.9934696555137634,1.031242460012436,0.030966345,0.09617579,0.09306094981729984,0.1015172153711319,0.0068127047,0.09617579,0.09306094981729984,0.1015172153711319,0.0068127047,1.0,1.0,1.0,0.0,6.0454827e-06,5.796750542685913e-06,6.503448844341619e-06,4.4057646e-07,6.285694e-05,6.228349775483366e-05,6.310637763817795e-05,9.474737e-07,-27.245672,-27.899511337280273,-26.410913467407227,0.85197765,2.239516,2.185676872730255,2.268778681755066,0.068127304,0.7465053,0.7285589724779129,0.756259560585022,0.022709105,0.16333334,0.1340000070631504,0.1940000019967556,0.035525493,0.0006666667,0.0,0.0,0.0023094013,0.16129607,0.1523665450513363,0.17254164814949036,0.012337043,8.224259,8.21884274482727,8.236343145370483,0.01998151,8.23426,8.228842973709106,8.24634337425232,0.01998151,2764800.0,2764800.0,2764800.0,0.0
864,0.0,0.0,0.0,0.0,2.0,2.0,2.0,0.0,0.29229555,0.28665024042129517,0.3018254190683365,0.012059944,0.2923018,0.2866557240486145,0.3018316626548767,0.012059972,1.001701,0.9673652797937393,1.042384684085846,0.040369745,0.1000022,0.09070288017392159,0.1078046727925539,0.009219908,0.1000022,0.09070288017392159,0.1078046727925539,0.009219908,1.0,1.0,1.0,0.0,6.2398044e-06,5.72653073049878e-06,6.6831582898885245e-06,5.971403e-07,6.238726e-05,6.181812022987287e-05,6.263484101509675e-05,9.4039103e-07,-27.135717,-27.633731842041016,-26.62932586669922,0.77040625,2.2037861,2.1282460689544678,2.2932920455932617,0.08881519,0.7345955,0.7094153761863708,0.7644306868314743,0.029605055,0.142,0.12400000542402267,0.16200001165270805,0.035959575,0.0,0.0,0.0,0.0,0.148391,0.13328974694013596,0.15807314962148666,0.01667653,8.23426,8.228842973709106,8.24634337425232,0.01998151,8.24426,8.238843202590942,8.256343603134155,0.01998151,2768000.0,2768000.0,2768000.0,0.0
865,0.0,0.0,0.0,0.0,2.0,2.0,2.0,0.0,0.2923018,0.2866557240486145,0.3018316626548767,0.012059972,0.29230782,0.28666143119335175,0.30183733254671097,0.012059925,1.0121926,0.9886589497327805,1.0383560061454773,0.028358143,0.09742247,0.09154749102890491,0.10264826938509941,0.0063962894,0.09742247,0.09154749102890491,0.10264826938509941,0.0063962894,1.0,1.0,1.0,0.0,6.032111e-06,5.6931053222797345e-06,6.458614052462508e-06,3.9920474e-07,6.19211e-05,6.135619332781062e-05,6.216683141246904e-05,9.3336894e-07,-26.92299,-27.59976100921631,-26.3250994682312,0.7826898,2.2268684,2.175093173980713,2.2844289541244507,0.06238916,0.74228936,0.7250310629606247,0.7614763230085373,0.020796387,0.17533334,0.1600000113248825,0.1940000019967556,0.03171846,0.0,0.0,0.0,0.0,0.15817823,0.1464945450425148,0.16698997095227242,0.01470693,8.24426,8.238843202590942,8.256343603134155,0.01998151,8.25426,8.248843431472778,8.266343832015991,0.01998151,2771200.0,2771200.0,2771200.0,0.0
866,0.0,0.0,0.0,0.0,2.0,2.0,2.0,0.0,0.29230782,0.28666143119335175,0.30183733254671097,0.012059925,0.29231393,0.28666769713163376,0.3018435090780258,0.012059959,1.0030016,0.9865289479494095,1.0180063545703888,0.022686532,0.099436484,0.0959393922239542,0.10315098613500595,0.0052549597,0.099436484,0.0959393922239542,0.10315098613500595,0.0052549597,1.0,1.0,1.0,0.0,6.1090777e-06,5.8446977391213295e-06,6.3747555714144255e-06,2.8919249e-07,6.145841e-05,6.089775342843495e-05,6.170231245050672e-05,9.2638896e-07,-26.705442,-27.191763401031494,-26.142756938934326,0.78414345,2.2066474,2.170406997203827,2.239658772945404,0.049911372,0.73554915,0.7234690189361572,0.7465529441833496,0.016637124,0.16266668,0.15000000968575478,0.20000000298023224,0.041825034,0.0006666667,0.0,0.0,0.0023094013,0.15488483,0.14398977160453796,0.1634058691561222,0.013807098,8.25426,8.248843431472778,8.266343832015991,0.01998151,8.26426,8.258843660354614,8.276344060897827,0.01998151,2774400.0,2774400.0,2774400.0,0.0
867,0.0,0.0,0.0,0.0,2.0,2.0,2.0,0.0,0.29231393,0.28666769713163376,0.3018435090780258,0.012059959,0.2923198,0.2866736054420471,0.30184905230998993,0.012060016,1.0176076,1.001563012599945,1.0406597554683685,0.032462697,0.09627777,0.09106265008449554,0.09965782053768635,0.007406188,0.09627777,0.09106265008449554,0.09965782053768635,0.007406188,1.0,1.0,1.0,0.0,5.8722767e-06,5.5679352044535335e-06,6.074622319829359e-06,4.4993666e-07,6.0999195e-05,6.044269503036048e-05,6.124126230133697e-05,9.194704e-07,-27.025946,-27.653881072998047,-26.567115783691406,0.9674779,2.2387812,2.2034826278686523,2.289497137069702,0.07141939,0.74626046,0.734494224190712,0.7631657421588898,0.023806462,0.15200001,0.12800000607967377,0.17800001427531242,0.030700905,0.0,0.0,0.0,0.0,0.15703677,0.13863996416330338,0.16334719583392143,0.021488454,8.26426,8.258843660354614,8.276344060897827,0.01998151,8.2742605,8.26884388923645,8.286344289779663,0.01998151,2777600.0,2777600.0,2777600.0,0.0
868,0.0,0.0,0.0,0.0,2.0,2.0,2.0,0.0,0.2923198,0.2866736054420471,0.30184905230998993,0.012060016,0.29232568,0.2866799384355545,0.3018549382686615,0.0120601645,1.015267,0.9911427348852158,1.049348533153534,0.03573022,0.096845694,0.08925960585474968,0.10207875072956085,0.0079698805,0.096845694,0.08925960585474968,0.10207875072956085,0.0079698805,1.0,1.0,1.0,0.0,5.860391e-06,5.405181582318619e-06,6.186433665789082e-06,4.4967152e-07,6.05434e-05,5.9991080888721626e-05,6.078366641304456e-05,9.125998e-07,-26.961496,-27.41922378540039,-26.504374027252197,0.56281126,2.2336318,2.1805575489997864,2.3086129426956177,0.07860808,0.744544,0.726852536201477,0.7695376724004745,0.026202697,0.14400001,0.12600000575184822,0.15400001034140587,0.03528585,0.0,0.0,0.0,0.0,0.14906345,0.13841063156723976,0.1622302271425724,0.01750138,8.2742605,8.26884388923645,8.286344289779663,0.01998151,8.284261,8.278844118118286,8.296344518661499,0.01998151,2780800.0,2780800.0,2780800.0,0.0
869,0.0,0.0,0.0,0.0,2.0,2.0,2.0,0.0,0.29232568,0.2866799384355545,0.3018549382686615,0.0120601645,0.292331,0.28668592125177383,0.3018565997481346,0.0120596895,1.0225435,0.9931452125310898,1.0600371956825256,0.04442072,0.08883974,0.08708933182060719,0.10159596242010593,0.029127773,0.09539475,0.08708933182060719,0.10159596242010593,0.009668145,0.9166667,1.0,1.0,0.28867513,5.3432855e-06,5.190824481360323e-06,6.101742087594175e-06,1.7490108e-06,6.0091013e-05,5.954280277364887e-05,6.032947749190498e-05,9.057797e-07,-27.254927,-27.793951511383057,-26.727425575256348,0.7063333,2.2496407,2.184963047504425,2.3321282863616943,0.09772752,0.74988025,0.7283210307359695,0.7773761004209518,0.032575842,0.16000001,0.1420000083744526,0.19200000166893005,0.041217826,0.002,0.0,0.0020000000949949026,0.0036181363,0.15881865,0.14021914824843407,0.17160379141569138,0.02845028,8.284261,8.278844118118286,8.296344518661499,0.01998151,8.294261,8.288844347000122,8.306344747543335,0.01998151,2784000.0,2784000.0,2784000.0,0.0
870,0.0,0.0,0.0,0.0,2.0,2.0,2.0,0.0,0.292331,0.28668592125177383,0.3018565997481346,0.0120596895,0.29233685,0.28669165074825287,0.3018623813986778,0.01205966,1.0103236,0.9908354133367538,1.0278986096382141,0.025770873,0.0978092,0.09378036856651306,0.10213356465101242,0.0058357557,0.0978092,0.09378036856651306,0.10213356465101242,0.0058357557,1.0,1.0,1.0,0.0,5.8326586e-06,5.596864639301202e-06,6.143519613033277e-06,3.427087e-07,5.9642003e-05,5.909791434532963e-05,5.9878694628423546e-05,8.9901e-07,-27.050354,-27.38273525238037,-26.574536323547363,0.54952526,2.2227564,2.1798813939094543,2.261422097682953,0.056697097,0.7409188,0.7266271561384201,0.7538073807954788,0.018899037,0.16266668,0.13600000739097595,0.18800001218914986,0.03879394,0.0,0.0,0.0,0.0,0.14899321,0.1382986605167389,0.16344335302710533,0.015967622,8.294261,8.288844347000122,8.306344747543335,0.01998151,8.304261,8.298844575881958,8.316344976425171,0.01998151,2787200.0,2787200.0,2787200.0,0.0
871,0.0,0.0,0.0,0.0,2.0,2.0,2.0,0.0,0.29233685,0.28669165074825287,0.3018623813986778,0.01205966,0.29234225,0.28669578582048416,0.30186912417411804,0.01206005,1.0122484,0.9902296215295792,1.0333536565303802,0.045167394,0.09118038,0.0926122535020113,0.10228097066283226,0.029804265,0.09769851,0.0926122535020113,0.10228097066283226,0.010070556,0.9166667,1.0,1.0,0.28867513,5.393502e-06,5.478317802953825e-06,6.130196425147005e-06,1.7551948e-06,5.9196358e-05,5.865630373591557e-05,5.943126234342344e-05,8.922964e-07,-27.300262,-27.743794918060303,-26.854429721832275,0.8101264,2.226991,2.1785486936569214,2.2734233736991882,0.09937023,0.7423303,0.7261829227209091,0.7578077912330627,0.033123408,0.1675,0.14499999210238457,0.19999998807907104,0.033063296,0.0,0.0,0.0,0.0,0.1536043,0.13240938261151314,0.16277559846639633,0.022786481,8.304261,8.298844575881958,8.316344976425171,0.01998151,8.314261,8.308844804763794,8.326345205307007,0.01998151,2790400.0,2790400.0,2790400.0,0.0
872,0.0,0.0,0.0,0.0,2.0,2.0,2.0,0.0,0.29234225,0.28669578582048416,0.30186912417411804,0.01206005,0.29234794,0.28670161217451096,0.3018745332956314,0.012059937,1.0132786,0.9959033727645874,1.0272850096225739,0.023945209,0.09712268,0.093910813331604,0.10094773955643177,0.005280773,0.09712268,0.093910813331604,0.10094773955643177,0.005280773,1.0,1.0,1.0,0.0,5.707705e-06,5.486308623403602e-06,5.954625976301031e-06,3.466783e-07,5.875403e-05,5.821804006700404e-05,5.898720337427221e-05,8.856256e-07,-27.164253,-27.697490692138672,-26.58985948562622,0.7401282,2.2292576,2.1910312175750732,2.260072112083435,0.052680507,0.7430859,0.7303437739610672,0.7533574104309082,0.017560171,0.17266667,0.14400000870227814,0.20400000363588333,0.038662486,0.0,0.0,0.0,0.0,0.15367591,0.13724082708358765,0.16387641802430153,0.01654957,8.314261,8.308844804763794,8.326345205307007,0.01998151,8.324262,8.31884503364563,8.336345434188843,0.01998151,2793600.0,2793600.0,2793600.0,0.0
873,0.0,0.0,0.0,0.0,2.0,2.0,2.0,0.0,0.29234794,0.28670161217451096,0.3018745332956314,0.012059937,0.2923535,0.28670747578144073,0.3018800839781761,0.01205998,1.0209961,1.000788152217865,1.031168669462204,0.027688628,0.095455736,0.09307711198925972,0.09981927834451199,0.005968061,0.095455736,0.09307711198925972,0.09981927834451199,0.005968061,1.0,1.0,1.0,0.0,5.564416e-06,5.378141850087559e-06,5.7841915577228065e-06,3.222108e-07,5.8315014e-05,5.77830032852944e-05,5.854642949998379e-05,8.7901185e-07,-27.230621,-27.73035478591919,-26.538235664367676,0.6941544,2.246236,2.201777935028076,2.2686163187026978,0.06091619,0.74874544,0.733925998210907,0.7562054395675659,0.020305399,0.15866667,0.1420000083744526,0.17800001055002213,0.041615847,0.0,0.0,0.0,0.0,0.16229661,0.1477108746767044,0.1700369082391262,0.019116133,8.324262,8.31884503364563,8.336345434188843,0.01998151,8.334262,8.328845262527466,8.346345663070679,0.01998151,2796800.0,2796800.0,2796800.0,0.0
874,0.0,0.0,0.0,0.0,2.0,2.0,2.0,0.0,0.2923535,0.28670747578144073,0.3018800839781761,0.01205998,0.29235908,0.2867133542895317,0.3018857538700104,0.012059913,1.0206445,0.9896566867828369,1.0597975552082062,0.048632413,0.095900945,0.08713988773524761,0.10241056606173515,0.010564146,0.095900945,0.08713988773524761,0.10241056606173515,0.010564146,1.0,1.0,1.0,0.0,5.550942e-06,5.155582925908675e-06,5.98029407683498e-06,6.1891325e-07,5.787928e-05,5.735126524086809e-05,5.810897346236743e-05,8.7243967e-07,-27.251627,-27.956095695495605,-26.515072345733643,0.83777106,2.245463,2.177288234233856,2.3316012024879456,0.106993414,0.74848765,0.7257627695798874,0.7772004306316376,0.035664473,0.15333335,0.12800000607967377,0.18000001087784767,0.03946306,0.0013333334,0.0,0.0,0.003113996,0.15539956,0.14233733713626862,0.16389185190200806,0.019702649,8.334262,8.328845262527466,8.346345663070679,0.01998151,8.344262,8.338845491409302,8.356345891952515,0.01998151,2800000.0,2800000.0,2800000.0,0.0
875,0.0,0.0,0.0,0.0,2.0,2.0,2.0,0.0,0.29235908,0.2867133542895317,0.3018857538700104,0.012059913,0.29236463,0.28671903908252716,0.30189133435487747,0.012059863,1.0142039,0.9994996041059494,1.0327997505664825,0.018383645,0.09686192,0.0927259773015976,0.10011804290115833,0.0041068187,0.09686192,0.0927259773015976,0.10011804290115833,0.0041068187,1.0,1.0,1.0,0.0,5.563205e-06,5.405089382293227e-06,5.752523406954424e-06,2.1811432e-07,5.74468e-05,5.692270769941388e-05,5.7674766139825806e-05,8.6592604e-07,-27.273346,-27.57075595855713,-27.00390386581421,0.49618757,2.2312932,2.1989429593086243,2.2722048163414,0.040444825,0.74376446,0.7329810112714767,0.7574016153812408,0.013481604,0.16333334,0.15000000968575478,0.18200001120567322,0.040571675,0.0,0.0,0.0,0.0,0.16109957,0.15027500689029694,0.1720649041235447,0.014844036,8.344262,8.338845491409302,8.356345891952515,0.01998151,8.354262,8.348845720291138,8.36634612083435,0.01998151,2803200.0,2803200.0,2803200.0,0.0
876,0.0,0.0,0.0,0.0,2.0,2.0,2.0,0.0,0.29236463,0.28671903908252716,0.30189133435487747,0.012059863,0.29237023,0.28672437369823456,0.3018968626856804,0.012060021,1.0098755,0.9912543594837189,1.038475126028061,0.043325663,0.09819981,0.09153608977794647,0.1021307073533535,0.0098437155,0.09819981,0.09153608977794647,0.1021307073533535,0.0098437155,1.0,1.0,1.0,0.0,5.597492e-06,5.239980282567558e-06,5.908441266910813e-06,5.4961174e-07,5.7017547e-05,5.6497396144550294e-05,5.724381935579004e-05,8.5945e-07,-27.286667,-28.00652551651001,-26.726244926452637,0.8398045,2.2217705,2.180803060531616,2.2846909165382385,0.09531837,0.74059016,0.7269343584775925,0.7615636736154556,0.03177279,0.16466667,0.14000000804662704,0.18400001525878906,0.037439246,0.0,0.0,0.0,0.0,0.15499021,0.14732156321406364,0.16441935300827026,0.015789764,8.354262,8.348845720291138,8.36634612083435,0.01998151,8.364263,8.358845949172974,8.376346349716187,0.01998151,2806400.0,2806400.0,2806400.0,0.0
877,0.0,0.0,0.0,0.0,2.0,2.0,2.0,0.0,0.29237023,0.28672437369823456,0.3018968626856804,0.012060021,0.29237553,0.28672946244478226,0.30190229415893555,0.012060039,1.027402,1.0106793940067291,1.041379690170288,0.024852067,0.09402589,0.09093813598155975,0.09757392108440399,0.0053529693,0.09402589,0.09093813598155975,0.09757392108440399,0.0053529693,1.0,1.0,1.0,0.0,5.319635e-06,5.135342348694394e-06,5.5514982477689045e-06,2.8566512e-07,5.659151e-05,5.607522234640783e-05,5.681608399754623e-05,8.5303293e-07,-27.213951,-27.521746158599854,-26.81974697113037,0.722375,2.2603295,2.2235389947891235,2.291080951690674,0.054675613,0.75344324,0.7411796897649765,0.7636936753988266,0.018225206,0.15933333,0.12800000607967377,0.1860000118613243,0.03633514,0.0,0.0,0.0,0.0,0.16008,0.15128187835216522,0.17075150460004807,0.0117669,8.364263,8.358845949172974,8.376346349716187,0.01998151,8.374263,8.36884617805481,8.386346578598022,0.01998151,2809600.0,2809600.0,2809600.0,0.0
878,0.0,0.0,0.0,0.0,2.0,2.0,2.0,0.0,0.29237553,0.28672946244478226,0.30190229415893555,0.012060039,0.292381,0.2867348939180374,0.3019079864025116,0.012060083,1.0147964,1.003610521554947,1.0192821025848389,0.02321006,0.09677569,0.09565791673958302,0.09917210601270199,0.005093454,0.09677569,0.09565791673958302,0.09917210601270199,0.005093454,1.0,1.0,1.0,0.0,5.4339857e-06,5.375902674131794e-06,5.576794592343504e-06,2.5850667e-07,5.6168647e-05,5.565623905567918e-05,5.639155278913677e-05,8.466539e-07,-27.130508,-27.556137561798096,-26.601964950561523,0.77562034,2.2325964,2.2079872488975525,2.2424654960632324,0.05106314,0.74419886,0.7359957844018936,0.7474885135889053,0.017021045,0.15333335,0.12800000607967377,0.17800001427531242,0.02931129,0.0006666667,0.0,0.0,0.0023094013,0.15072386,0.1421966888010502,0.15795909985899925,0.017266346,8.374263,8.36884617805481,8.386346578598022,0.01998151,8.384263,8.378846406936646,8.396346807479858,0.01998151,2812800.0,2812800.0,2812800.0,0.0
879,0.0,0.0,0.0,0.0,2.0,2.0,2.0,0.0,0.292381,0.2867348939180374,0.3019079864025116,0.012060083,0.29238647,0.2867400720715523,0.30191340297460556,0.012060269,1.0072956,1.0034039318561554,1.0242664515972137,0.030673418,0.09856627,0.09456983208656311,0.09922568500041962,0.007297228,0.09856627,0.09456983208656311,0.09922568500041962,0.007297228,1.0,1.0,1.0,0.0,5.493104e-06,5.238646167526895e-06,5.599783094112354e-06,3.8623008e-07,5.574895e-05,5.524035259441007e-05,5.597018480330007e-05,8.403319e-07,-26.959923,-27.360347747802734,-26.496129512786865,0.6690374,2.2160945,2.2075327038764954,2.25343120098114,0.06748288,0.7386982,0.7358442395925522,0.751143753528595,0.022494294,0.172,0.15800001099705696,0.19200000166893005,0.03154218,0.0006666667,0.0,0.0,0.0023094013,0.15569918,0.14140622317790985,0.16477639600634575,0.017975725,8.384263,8.378846406936646,8.396346807479858,0.01998151,8.394263,8.388846635818481,8.406347036361694,0.01998151,2816000.0,2816000.0,2816000.0,0.0
880,0.0,0.0,0.0,0.0,2.0,2.0,2.0,0.0,0.29238647,0.2867400720715523,0.30191340297460556,0.012060269,0.29239175,0.2867448478937149,0.3019191026687622,0.01206053,1.0244087,1.0060070157051086,1.0577735304832458,0.040315736,0.09491529,0.08754960261285305,0.09864572994410992,0.009043765,0.09491529,0.08754960261285305,0.09864572994410992,0.009043765,1.0,1.0,1.0,0.0,5.248549e-06,4.88609248350258e-06,5.4385465091399965e-06,4.6334597e-07,5.5332388e-05,5.482760479935678e-05,5.5551970945089124e-05,8.340496e-07,-27.33847,-27.957141399383545,-26.876232147216797,0.90186614,2.253744,2.2132595777511597,2.327148139476776,0.08869637,0.75124806,0.737753227353096,0.7757160663604736,0.029565461,0.15333335,0.13600000739097595,0.16200001165270805,0.017670386,0.0,0.0,0.0,0.0,0.16223834,0.1478649117052555,0.1793859452009201,0.023486353,8.394263,8.388846635818481,8.406347036361694,0.01998151,8.4042635,8.398846864700317,8.41634726524353,0.01998151,2819200.0,2819200.0,2819200.0,0.0
881,0.0,0.0,0.0,0.0,2.0,2.0,2.0,0.0,0.29239175,0.2867448478937149,0.3019191026687622,0.01206053,0.29239678,0.2867501676082611,0.3019251376390457,0.012060492,1.0076762,0.9834283739328384,1.0206289291381836,0.044835217,0.09215859,0.09538955613970757,0.10388978756964207,0.029997014,0.09871805,0.09538955613970757,0.10388978756964207,0.009859362,0.9166667,1.0,1.0,0.28867513,5.0657363e-06,5.186284965930099e-06,5.744952545683191e-06,1.6537518e-06,5.491894e-05,5.441791017801734e-05,5.513687756319996e-05,8.2782066e-07,-26.985071,-27.444573879241943,-26.4521222114563,0.93534106,2.2169318,2.163585603237152,2.245428502559662,0.09863949,0.7389774,0.7211952209472656,0.7484762072563171,0.032879837,0.14866668,0.12600000575184822,0.17200001329183578,0.03134945,0.0,0.0,0.0,0.0,0.1488846,0.1390879936516285,0.1572747901082039,0.015799966,8.4042635,8.398846864700317,8.41634726524353,0.01998151,8.414264,8.408847093582153,8.426347494125366,0.01998151,2822400.0,2822400.0,2822400.0,0.0
882,0.0,0.0,0.0,0.0,2.0,2.0,2.0,0.0,0.29239678,0.2867501676082611,0.3019251376390457,0.012060492,0.29240224,0.2867555543780327,0.30193081498146057,0.012060741,1.0011882,0.9681302011013031,1.032117873430252,0.035552926,0.10003132,0.09287454932928085,0.10761433467268944,0.008100171,0.10003132,0.09287454932928085,0.10761433467268944,0.008100171,1.0,1.0,1.0,0.0,5.4495613e-06,5.164849881111877e-06,5.823547326144762e-06,4.091619e-07,5.4508575e-05,5.401131238613743e-05,5.472489192470675e-05,8.216322e-07,-26.849535,-27.25743055343628,-26.42393732070923,0.65558904,2.202658,2.129929006099701,2.2707045674324036,0.07821799,0.7342193,0.7099763751029968,0.7569015622138977,0.026072662,0.16600001,0.14800000935792923,0.19200000166893005,0.0497996,0.0,0.0,0.0,0.0,0.14586234,0.14103590324521065,0.1496538408100605,0.014450453,8.414264,8.408847093582153,8.426347494125366,0.01998151,8.424264,8.41884732246399,8.436347723007202,0.01998151,2825600.0,2825600.0,2825600.0,0.0
883,0.0,0.0,0.0,0.0,2.0,2.0,2.0,0.0,0.29240224,0.2867555543780327,0.30193081498146057,0.012060741,0.29240766,0.28676050901412964,0.3019365295767784,0.01206086,1.0009207,0.9790418297052383,1.0354959666728973,0.033876345,0.10006695,0.09215185232460499,0.1049447301775217,0.0078092,0.10006695,0.09215185232460499,0.1049447301775217,0.0078092,1.0,1.0,1.0,0.0,5.411712e-06,5.087811246085039e-06,5.664078344125301e-06,3.9923071e-07,5.4101285e-05,5.3607713198289275e-05,5.431597583083203e-05,8.1549547e-07,-27.060928,-27.532554626464844,-26.619450569152832,0.7022512,2.2020693,2.1539350152015686,2.2781365513801575,0.07452943,0.7340231,0.7179783433675766,0.7593788504600525,0.02484315,0.15533334,0.1340000070631504,0.17600001394748688,0.026959006,0.0,0.0,0.0,0.0,0.15090473,0.13461213931441307,0.16243839636445045,0.018493813,8.424264,8.41884732246399,8.436347723007202,0.01998151,8.434264,8.428847551345825,8.446347951889038,0.01998151,2828800.0,2828800.0,2828800.0,0.0
884,0.0,0.0,0.0,0.0,2.0,2.0,2.0,0.0,0.29240766,0.28676050901412964,0.3019365295767784,0.01206086,0.2924125,0.2867651581764221,0.30194196105003357,0.012061865,1.0175378,0.9932616800069809,1.0306200683116913,0.046372574,0.09015104,0.09325212799012661,0.10157281346619129,0.029412253,0.09653246,0.09325212799012661,0.10157281346619129,0.009928211,0.9166667,1.0,1.0,0.28867513,4.8272823e-06,4.957619580636674e-06,5.443638087854197e-06,1.5738401e-06,5.369703e-05,5.320717173162848e-05,5.391012928157579e-05,8.093991e-07,-27.219328,-27.523849964141846,-26.741103649139404,0.86034024,2.2386281,2.1852193474769592,2.267409384250641,0.10202169,0.7462094,0.7284064590930939,0.7558031529188156,0.034007233,0.1675,0.15750000067055225,0.19499999657273293,0.04515126,0.0,0.0,0.0,0.0,0.14593929,0.13819963857531548,0.15113095939159393,0.016616713,8.434264,8.428847551345825,8.446347951889038,0.01998151,8.444264,8.438847780227661,8.456348180770874,0.01998151,2832000.0,2832000.0,2832000.0,0.0
885,0.0,0.0,0.0,0.0,2.0,2.0,2.0,0.0,0.2924125,0.2867651581764221,0.30194196105003357,0.012061865,0.29241762,0.2867704704403877,0.3019474744796753,0.012062008,1.0181104,0.9945676475763321,1.0450295805931091,0.038114984,0.09625875,0.09015680849552155,0.10125902108848095,0.008596143,0.09625875,0.09015680849552155,0.10125902108848095,0.008596143,1.0,1.0,1.0,0.0,5.127886e-06,4.837922119804716e-06,5.337710263120243e-06,4.334033e-07,5.3295804e-05,5.2809582484769635e-05,5.350729770725593e-05,8.0335326e-07,-27.286707,-27.973877906799316,-26.81098985671997,1.0524875,2.2398877,2.1880924701690674,2.2991109490394592,0.083854616,0.74662924,0.7293641567230225,0.7663703411817551,0.027951544,0.17733334,0.1600000113248825,0.1940000019967556,0.02455914,0.0,0.0,0.0,0.0,0.15876542,0.14529631659388542,0.17234662547707558,0.019262819,8.444264,8.438847780227661,8.456348180770874,0.01998151,8.454265,8.448848009109497,8.46634840965271,0.01998151,2835200.0,2835200.0,2835200.0,0.0
886,0.0,0.0,0.0,0.0,2.0,2.0,2.0,0.0,0.29241762,0.2867704704403877,0.3019474744796753,0.012062008,0.2924222,0.28677550703287125,0.301952488720417,0.012062841,1.0303236,1.0137240588665009,1.0349141955375671,0.03521983,0.087166004,0.09227560833096504,0.09688940271735191,0.02789702,0.09353092,0.09227560833096504,0.09688940271735191,0.0073421504,0.9166667,1.0,1.0,0.28867513,4.598694e-06,4.8515292974116164e-06,5.104614615447645e-06,1.474137e-06,5.2897565e-05,5.2415000027394854e-05,5.3107491112314165e-05,7.9734764e-07,-27.103407,-27.43567657470703,-26.79621171951294,0.5672311,2.2667572,2.2302374243736267,2.2768566012382507,0.077485174,0.75558585,0.743412509560585,0.7589522004127502,0.02582838,0.15133335,0.12800000607967377,0.17000001296401024,0.027173964,0.0006666667,0.0,0.0,0.0023094013,0.15738048,0.14076606184244156,0.17883439362049103,0.02323588,8.454265,8.448848009109497,8.46634840965271,0.01998151,8.464265,8.458848237991333,8.476348638534546,0.01998151,2838400.0,2838400.0,2838400.0,0.0
887,0.0,0.0,0.0,0.0,2.0,2.0,2.0,0.0,0.2924222,0.28677550703287125,0.301952488720417,0.012062841,0.29242727,0.2867802083492279,0.3019578978419304,0.012062935,1.0153446,0.9859285056591034,1.0429733395576477,0.038141813,0.09686797,0.09057882986962795,0.10329323634505272,0.008423743,0.09686797,0.09057882986962795,0.10329323634505272,0.008423743,1.0,1.0,1.0,0.0,5.0847175e-06,4.806901984011347e-06,5.398561938818602e-06,4.3603643e-07,5.2502317e-05,5.2023333410033956e-05,5.2710662203026004e-05,7.9139363e-07,-27.103895,-27.48675012588501,-26.671069622039795,1.1109375,2.2338028,2.1690860390663147,2.294587194919586,0.083913654,0.74460095,0.7230287194252014,0.7648624032735825,0.027971216,0.16666667,0.15400001034140587,0.1860000118613243,0.028301409,0.0006666667,0.0,0.0,0.0023094013,0.15421915,0.13757095485925674,0.16800999268889427,0.022039808,8.464265,8.458848237991333,8.476348638534546,0.01998151,8.474265,8.468848466873169,8.486348867416382,0.01998151,2841600.0,2841600.0,2841600.0,0.0
888,0.0,0.0,0.0,0.0,2.0,2.0,2.0,0.0,0.29242727,0.2867802083492279,0.3019578978419304,0.012062935,0.29243222,0.2867850884795189,0.30196308344602585,0.01206305,1.0255479,1.0013409852981567,1.0350904166698456,0.027203685,0.09445406,0.09223858825862408,0.0996917076408863,0.0057760305,0.09445406,0.09223858825862408,0.0996917076408863,0.0057760305,1.0,1.0,1.0,0.0,4.9193336e-06,4.871506916970247e-06,5.115982162351429e-06,2.608767e-07,5.2110005e-05,5.163462628843263e-05,5.231680734141264e-05,7.8547623e-07,-27.372215,-27.85382604598999,-26.98892879486084,0.6062073,2.2562501,2.2029941082000732,2.2772443890571594,0.059849333,0.75208336,0.7343313992023468,0.7590814977884293,0.019949773,0.15866667,0.13200000673532486,0.19200000166893005,0.03509295,0.0006666667,0.0,0.0,0.0023094013,0.15682702,0.1454853154718876,0.16829007863998413,0.017656153,8.474265,8.468848466873169,8.486348867416382,0.01998151,8.484265,8.478848695755005,8.496349096298218,0.01998151,2844800.0,2844800.0,2844800.0,0.0
889,0.0,0.0,0.0,0.0,2.0,2.0,2.0,0.0,0.29243222,0.2867850884795189,0.30196308344602585,0.01206305,0.2924372,0.28678978234529495,0.30196768045425415,0.012063236,1.0170686,1.0054911971092224,1.0450295209884644,0.048681475,0.0967221,0.09015554748475552,0.09874374978244305,0.011462621,0.0967221,0.09015554748475552,0.09874374978244305,0.011462621,1.0,1.0,1.0,0.0,4.998678e-06,4.6633263082185294e-06,5.0955987944689696e-06,5.576562e-07,5.172064e-05,5.1248789532110095e-05,5.19258865097072e-05,7.796108e-07,-27.214684,-27.8256573677063,-26.704599857330322,0.9438964,2.2375958,2.2121248841285706,2.2991109490394592,0.107101396,0.7458653,0.7373749613761902,0.7663703262805939,0.035700474,0.15533334,0.12000000476837158,0.17800001055002213,0.044926878,0.0006666667,0.0,0.0,0.0023094013,0.15116124,0.14735088497400284,0.1590300090610981,0.011509034,8.484265,8.478848695755005,8.496349096298218,0.01998151,8.494266,8.48884892463684,8.506349325180054,0.01998151,2848000.0,2848000.0,2848000.0,0.0
890,0.0,0.0,0.0,0.0,2.0,2.0,2.0,0.0,0.2924372,0.28678978234529495,0.30196768045425415,0.012063236,0.29244223,0.2867947518825531,0.3019724264740944,0.012063148,1.010751,0.9870745986700058,1.024703025817871,0.03115477,0.09778271,0.0944706741720438,0.10302175395190716,0.006907087,0.09778271,0.0944706741720438,0.10302175395190716,0.006907087,1.0,1.0,1.0,0.0,5.0188028e-06,4.925858092974522e-06,5.284698659124842e-06,3.4786106e-07,5.1334177e-05,5.086587043479085e-05,5.153789243195206e-05,7.737825e-07,-27.149378,-27.391547679901123,-26.841270923614502,0.7784027,2.2236967,2.171607494354248,2.254391670227051,0.06854184,0.7412322,0.7238691747188568,0.751463919878006,0.02284728,0.17066668,0.15800001099705696,0.18400001525878906,0.02560303,0.0006666667,0.0,0.0,0.0023094013,0.16045831,0.1532362625002861,0.17393497750163078,0.017993703,8.494266,8.48884892463684,8.506349325180054,0.01998151,8.504266,8.498849153518677,8.51634955406189,0.01998151,2851200.0,2851200.0,2851200.0,0.0
891,0.0,0.0,0.0,0.0,2.0,2.0,2.0,0.0,0.29244223,0.2867947518825531,0.3019724264740944,0.012063148,0.2924473,0.28679995238780975,0.30197762697935104,0.012063244,1.0012332,0.9769695401191711,1.0178760290145874,0.035708196,0.10001785,0.09596772119402885,0.1054469607770443,0.00792011,0.10001785,0.09596772119402885,0.1054469607770443,0.00792011,1.0,1.0,1.0,0.0,5.0944564e-06,4.84052111460187e-06,5.379891035772744e-06,3.9387808e-07,5.0950603e-05,5.048577622801531e-05,5.115279054734856e-05,7.680038e-07,-27.015633,-27.429529666900635,-26.496052265167236,0.79736304,2.2027571,2.1493759155273438,2.2393720149993896,0.07855959,0.7342524,0.7164586782455444,0.7464573532342911,0.026186526,0.16133334,0.1380000077188015,0.18000001087784767,0.04033797,0.0,0.0,0.0,0.0,0.15290208,0.13468128070235252,0.16589566320180893,0.026700681,8.504266,8.498849153518677,8.51634955406189,0.01998151,8.514266,8.508849382400513,8.526349782943726,0.01998151,2854400.0,2854400.0,2854400.0,0.0
892,0.0,0.0,0.0,0.0,2.0,2.0,2.0,0.0,0.2924473,0.28679995238780975,0.30197762697935104,0.012063244,0.29245237,0.28680500388145447,0.30198270827531815,0.012063411,1.0014466,0.9769746661186218,1.0193946957588196,0.033631597,0.09993738,0.09563389234244823,0.10544487833976746,0.0075608334,0.09993738,0.09563389234244823,0.10544487833976746,0.0075608334,1.0,1.0,1.0,0.0,5.050592e-06,4.823731615033466e-06,5.2642978971562115e-06,3.4385593e-07,5.0569888e-05,5.010855693399208e-05,5.077057721791789e-05,7.6226314e-07,-26.843796,-27.251508235931396,-26.19713592529297,0.8574546,2.2032266,2.149387240409851,2.242713153362274,0.073990986,0.73440886,0.7164624333381653,0.7475710809230804,0.02466367,0.156,0.13600000739097595,0.17600001394748688,0.030983869,0.0,0.0,0.0,0.0,0.15385602,0.1354595124721527,0.17051738128066063,0.023123398,8.514266,8.508849382400513,8.526349782943726,0.01998151,8.524266,8.518849611282349,8.536350011825562,0.01998151,2857600.0,2857600.0,2857600.0,0.0
893,0.0,0.0,0.0,0.0,2.0,2.0,2.0,0.0,0.29245237,0.28680500388145447,0.30198270827531815,0.012063411,0.2924571,0.28680913895368576,0.30198779702186584,0.012063472,1.0256873,0.9985619336366653,1.0496169030666351,0.035762306,0.09454948,0.0892045833170414,0.10034280456602573,0.0077655306,0.09454948,0.0892045833170414,0.10034280456602573,0.0077655306,1.0,1.0,1.0,0.0,4.744925e-06,4.4513293460113346e-06,4.983938197256066e-06,3.8613635e-07,5.019203e-05,4.973412160325097e-05,5.039120696892496e-05,7.565701e-07,-27.076262,-27.404465675354004,-26.52064609527588,0.5172985,2.2565572,2.1968802213668823,2.309203267097473,0.078678615,0.75218576,0.732293426990509,0.7697344422340393,0.026226202,0.15933333,0.1340000070631504,0.18400001525878906,0.034019604,0.0,0.0,0.0,0.0,0.154643,0.1445096842944622,0.16458424553275108,0.015346733,8.524266,8.518849611282349,8.536350011825562,0.01998151,8.534266,8.528849840164185,8.546350240707397,0.01998151,2860800.0,2860800.0,2860800.0,0.0
894,0.0,0.0,0.0,0.0,2.0,2.0,2.0,0.0,0.2924571,0.28680913895368576,0.30198779702186584,0.012063472,0.29246172,0.286813847720623,0.30199235677719116,0.012063457,1.0343555,1.0158694982528687,1.0527299344539642,0.024578847,0.09252957,0.08856791071593761,0.09641188569366932,0.005220365,0.09252957,0.08856791071593761,0.09641188569366932,0.005220365,1.0,1.0,1.0,0.0,4.6088176e-06,4.421506332619174e-06,4.806474294127838e-06,2.5503854e-07,4.9816983e-05,4.936252207698999e-05,5.0014684347843286e-05,7.509133e-07,-27.487097,-27.627792835235596,-27.31056499481201,0.4086543,2.2756279,2.234957456588745,2.3160520792007446,0.054074544,0.7585426,0.744985818862915,0.7720173597335815,0.018024841,0.15066667,0.12400000542402267,0.18400001525878906,0.034253955,0.0,0.0,0.0,0.0,0.15583561,0.13994770497083664,0.17143012210726738,0.01786751,8.534266,8.528849840164185,8.546350240707397,0.01998151,8.544267,8.53885006904602,8.556350469589233,0.01998151,2864000.0,2864000.0,2864000.0,0.0
895,0.0,0.0,0.0,0.0,2.0,2.0,2.0,0.0,0.29246172,0.286813847720623,0.30199235677719116,0.012063457,0.2924666,0.28681840002536774,0.30199695378541946,0.012063463,1.0060894,0.9878193438053131,1.022931158542633,0.027495617,0.098790824,0.09486174583435059,0.10284449718892574,0.006355354,0.098790824,0.09486174583435059,0.10284449718892574,0.006355354,1.0,1.0,1.0,0.0,4.883851e-06,4.7340007540697115e-06,5.048790512773849e-06,3.0762527e-07,4.944475e-05,4.8993663767760154e-05,4.964096206094837e-05,7.453056e-07,-27.172403,-27.47555160522461,-26.89742422103882,0.820262,2.213441,2.173245906829834,2.2504934072494507,0.06049157,0.73781365,0.7244153171777725,0.7501645088195801,0.020163866,0.17133336,0.15000000968575478,0.1860000118613243,0.025857417,0.0,0.0,0.0,0.0,0.15288426,0.14151732996106148,0.15841253846883774,0.01614305,8.544267,8.53885006904602,8.556350469589233,0.01998151,8.554267,8.548850297927856,8.56635069847107,0.01998151,2867200.0,2867200.0,2867200.0,0.0
896,0.0,0.0,0.0,0.0,2.0,2.0,2.0,0.0,0.2924666,0.28681840002536774,0.30199695378541946,0.012063463,0.29247138,0.2868231162428856,0.30200161039829254,0.012063537,1.0144876,0.9823109805583954,1.043028473854065,0.039798416,0.0970938,0.09056745283305645,0.10416049510240555,0.008962239,0.0970938,0.09056745283305645,0.10416049510240555,0.008962239,1.0,1.0,1.0,0.0,4.762e-06,4.4941542682863656e-06,5.112848953103821e-06,4.0927011e-07,4.907529e-05,4.862759124080185e-05,4.9270042836724315e-05,7.3973325e-07,-27.210648,-27.639545917510986,-26.668325901031494,0.86347836,2.2319171,2.161127269268036,2.294708490371704,0.087558284,0.7439725,0.7203757911920547,0.7649028599262238,0.029186094,0.16000001,0.14400000870227814,0.17000001296401024,0.024120906,0.0006666667,0.0,0.0,0.0023094013,0.15781741,0.14683780819177628,0.17063907533884048,0.016607806,8.554267,8.548850297927856,8.56635069847107,0.01998151,8.564267,8.558850526809692,8.576350927352905,0.01998151,2870400.0,2870400.0,2870400.0,0.0
897,0.0,0.0,0.0,0.0,2.0,2.0,2.0,0.0,0.29247138,0.2868231162428856,0.30200161039829254,0.012063537,0.29247612,0.2868279740214348,0.30200614035129547,0.012063564,1.0115751,0.9850320965051651,1.0397868156433105,0.037345216,0.09769093,0.0912458561360836,0.10350679233670235,0.008044936,0.09769093,0.0912458561360836,0.10350679233670235,0.008044936,1.0,1.0,1.0,0.0,4.756918e-06,4.428994088812033e-06,4.996661573386518e-06,3.8325786e-07,4.8708596e-05,4.826422446058132e-05,4.8901890295383055e-05,7.342087e-07,-27.128517,-27.486239910125732,-26.54042100906372,0.7447263,2.2255094,2.1671138405799866,2.287576675415039,0.08216111,0.7418365,0.7223713099956512,0.7625255733728409,0.027387036,0.16916667,0.14000000059604645,0.17999999225139618,0.038247596,0.0,0.0,0.0,0.0,0.15161394,0.1403971202671528,0.16192886978387833,0.014075454,8.564267,8.558850526809692,8.576350927352905,0.01998151,8.574267,8.568850755691528,8.586351156234741,0.01998151,2873600.0,2873600.0,2873600.0,0.0
898,0.0,0.0,0.0,0.0,2.0,2.0,2.0,0.0,0.29247612,0.2868279740214348,0.30200614035129547,0.012063564,0.29248065,0.2868323028087616,0.3020104318857193,0.012063518,1.0275275,1.0112753808498383,1.036862075328827,0.024266362,0.09399054,0.09186301566660404,0.09743762388825417,0.0051306267,0.09399054,0.09186301566660404,0.09743762388825417,0.0051306267,1.0,1.0,1.0,0.0,4.5443735e-06,4.429611180967186e-06,4.736658638648805e-06,2.6601708e-07,4.8344635e-05,4.7903606173349544e-05,4.8536492613493465e-05,7.2871904e-07,-27.485832,-27.661243438720703,-27.1771240234375,0.5417498,2.2606053,2.224850296974182,2.2811420559883118,0.05338703,0.7535351,0.7416167706251144,0.7603807002305984,0.017795678,0.17000002,0.1600000113248825,0.18400001525878906,0.0271025,0.0,0.0,0.0,0.0,0.16585182,0.15034295618534088,0.17130965739488602,0.029385215,8.574267,8.568850755691528,8.586351156234741,0.01998151,8.584268,8.578850984573364,8.596351385116577,0.01998151,2876800.0,2876800.0,2876800.0,0.0
899,0.0,0.0,0.0,0.0,2.0,2.0,2.0,0.0,0.29248065,0.2868323028087616,0.3020104318857193,0.012063518,0.29248518,0.28683682531118393,0.3020147979259491,0.012063499,1.0274714,1.0034925639629364,1.060756266117096,0.03385401,0.09413344,0.0869448184967041,0.09920314326882362,0.007390407,0.09413344,0.0869448184967041,0.09920314326882362,0.007390407,1.0,1.0,1.0,0.0,4.516786e-06,4.190038225715398e-06,4.75211879802373e-06,3.5963023e-07,4.79834e-05,4.754564906761516e-05,4.817382068722509e-05,7.2327754e-07,-27.549562,-28.396800994873047,-26.890448570251465,0.9144773,2.260482,2.2077276706695557,2.3337104320526123,0.07448031,0.753494,0.7359092533588409,0.7779034972190857,0.024826778,0.14333333,0.1120000034570694,0.17000001296401024,0.040139154,0.0006666667,0.0,0.0,0.0023094013,0.16490747,0.14783749356865883,0.17877580225467682,0.022081675,8.584268,8.578850984573364,8.596351385116577,0.01998151,8.594268,8.5888512134552,8.606351613998413,0.01998151,2880000.0,2880000.0,2880000.0,0.0
900,0.0,0.0,0.0,0.0,2.0,2.0,2.0,0.0,0.29248518,0.28683682531118393,0.3020147979259491,0.012063499,0.2924898,0.28684161603450775,0.3020198568701744,0.012063543,1.0127321,0.9902333319187164,1.0407546162605286,0.037512094,0.09744853,0.09104335494339466,0.10227824561297894,0.008611635,0.09744853,0.09104335494339466,0.10227824561297894,0.008611635,1.0,1.0,1.0,0.0,4.6395085e-06,4.318576543482777e-06,4.867439997724432e-06,3.9693987e-07,4.7624864e-05,4.7190396799123846e-05,4.7813864512136206e-05,7.178711e-07,-27.078897,-27.506192207336426,-26.654730319976807,0.6734922,2.2280552,2.178556799888611,2.289705812931061,0.08252826,0.74268514,0.7261856347322464,0.7632352858781815,0.027509421,0.168,0.1420000083744526,0.20000000298023224,0.042742357,0.0013333334,0.0,0.0,0.003113996,0.15248509,0.14191097393631935,0.15559472143650055,0.01827239,8.594268,8.5888512134552,8.606351613998413,0.01998151,8.604268,8.598851442337036,8.616351842880249,0.01998151,2883200.0,2883200.0,2883200.0,0.0
901,0.0,0.0,0.0,0.0,2.0,2.0,2.0,0.0,0.2924898,0.28684161603450775,0.3020198568701744,0.012063543,0.29249454,0.28684645891189575,0.30202433466911316,0.012063503,1.001316,0.9889579713344574,1.0183194875717163,0.027650986,0.09988446,0.09586954116821289,0.10257614217698574,0.0064501646,0.09988446,0.09586954116821289,0.10257614217698574,0.0064501646,1.0,1.0,1.0,0.0,4.7202543e-06,4.613918349605228e-06,4.84347606288793e-06,2.8901965e-07,4.726901e-05,4.683777115133125e-05,4.745658770843875e-05,7.12508e-07,-26.985949,-27.56463384628296,-26.285765647888184,0.9202282,2.2029393,2.175750970840454,2.2403475642204285,0.06083338,0.7343131,0.7252503633499146,0.7467825412750244,0.020277789,0.15866669,0.15200001001358032,0.17600001394748688,0.026386408,0.0006666667,0.0,0.0,0.0023094013,0.14725919,0.13844211772084236,0.15446314960718155,0.016690966,8.604268,8.598851442337036,8.616351842880249,0.01998151,8.614268,8.608851671218872,8.626352071762085,0.01998151,2886400.0,2886400.0,2886400.0,0.0
902,0.0,0.0,0.0,0.0,2.0,2.0,2.0,0.0,0.29249454,0.28684645891189575,0.30202433466911316,0.012063503,0.29249904,0.2868511453270912,0.302029050886631,0.012063431,1.016697,0.9962133020162582,1.0365982055664062,0.022632036,0.096348725,0.09191839583218098,0.10087608359754086,0.0050562127,0.096348725,0.09191839583218098,0.10087608359754086,0.0050562127,1.0,1.0,1.0,0.0,4.5201673e-06,4.286465468794631e-06,4.689617981057381e-06,2.442739e-07,4.6915808e-05,4.648781214200426e-05,4.710199027613271e-05,7.071821e-07,-27.403677,-27.77186393737793,-26.971275806427002,0.6150463,2.2367783,2.191713035106659,2.2805615663528442,0.04979148,0.74559283,0.7305710464715958,0.7601871937513351,0.016597154,0.16000001,0.14400000870227814,0.19200000166893005,0.039487626,0.0,0.0,0.0,0.0,0.15313534,0.14472367614507675,0.16662663593888283,0.024221318,8.614268,8.608851671218872,8.626352071762085,0.01998151,8.624269,8.618851900100708,8.636352300643921,0.01998151,2889600.0,2889600.0,2889600.0,0.0
903,0.0,0.0,0.0,0.0,2.0,2.0,2.0,0.0,0.29249904,0.2868511453270912,0.302029050886631,0.012063431,0.2925036,0.2868557721376419,0.3020336925983429,0.012063439,1.0122224,0.9872170388698578,1.0384904146194458,0.028834082,0.09742107,0.09152028523385525,0.1029873676598072,0.006443582,0.09742107,0.09152028523385525,0.1029873676598072,0.006443582,1.0,1.0,1.0,0.0,4.5361867e-06,4.2917339442283264e-06,4.761445325129898e-06,3.047157e-07,4.6565252e-05,4.6140428821672685e-05,4.675003401644062e-05,7.0190185e-07,-27.133856,-27.306605339050293,-26.777942657470703,0.57121384,2.2269337,2.171920895576477,2.284724473953247,0.063436255,0.74231124,0.7239736616611481,0.7615748345851898,0.02114542,0.17133333,0.15200001001358032,0.20200000330805779,0.040714826,0.0,0.0,0.0,0.0,0.15787014,0.14941681921482086,0.16492538899183273,0.015384426,8.624269,8.618851900100708,8.636352300643921,0.01998151,8.634269,8.628852128982544,8.646352529525757,0.01998151,2892800.0,2892800.0,2892800.0,0.0
904,0.0,0.0,0.0,0.0,2.0,2.0,2.0,0.0,0.2925036,0.2868557721376419,0.3020336925983429,0.012063439,0.29250804,0.28686001151800156,0.3020375669002533,0.012063343,1.0193721,0.9983138591051102,1.0360913276672363,0.03300286,0.095884554,0.09203450940549374,0.10039043799042702,0.0070217308,0.095884554,0.09203450940549374,0.10039043799042702,0.0070217308,1.0,1.0,1.0,0.0,4.4323074e-06,4.3296497551637e-06,4.588765136759321e-06,3.406813e-07,4.6217305e-05,4.5795679397997446e-05,4.640072256734129e-05,6.966544e-07,-27.127615,-27.324632167816162,-26.735394954681396,0.5377682,2.2426634,2.1963343024253845,2.2794464230537415,0.07260777,0.74755454,0.7321114540100098,0.759815514087677,0.024202595,0.15466668,0.1380000077188015,0.17000001296401024,0.037107542,0.0006666667,0.0,0.0,0.0023094013,0.15586947,0.14790097251534462,0.16413623094558716,0.015614695,8.634269,8.628852128982544,8.646352529525757,0.01998151,8.644269,8.63885235786438,8.656352758407593,0.01998151,2896000.0,2896000.0,2896000.0,0.0
905,0.0,0.0,0.0,0.0,2.0,2.0,2.0,0.0,0.29250804,0.28686001151800156,0.3020375669002533,0.012063343,0.2925125,0.28686465322971344,0.3020419329404831,0.012063293,1.010927,0.9958996623754501,1.022957056760788,0.022908224,0.09764028,0.09485124424099922,0.10095750354230404,0.0051824395,0.09764028,0.09485124424099922,0.10095750354230404,0.0051824395,1.0,1.0,1.0,0.0,4.478776e-06,4.317937168707431e-06,4.576471383188618e-06,2.4664533e-07,4.5871962e-05,4.545347201201366e-05,4.605400135915261e-05,6.9145057e-07,-27.230688,-27.691926956176758,-27.084365367889404,0.52521664,2.2240837,2.191023051738739,2.2505504488945007,0.0503991,0.7413613,0.7303410172462463,0.7501835078001022,0.016799707,0.14266668,0.1340000070631504,0.1600000113248825,0.027887221,0.0,0.0,0.0,0.0,0.14958195,0.13835180550813675,0.1645260602235794,0.016959842,8.644269,8.63885235786438,8.656352758407593,0.01998151,8.654269,8.648852586746216,8.666352987289429,0.01998151,2899200.0,2899200.0,2899200.0,0.0
906,0.0,0.0,0.0,0.0,2.0,2.0,2.0,0.0,0.2925125,0.28686465322971344,0.3020419329404831,0.012063293,0.29251698,0.28686871379613876,0.3020464554429054,0.012063327,1.0083327,0.9865016490221024,1.0290648341178894,0.032991443,0.09835862,0.09352743439376354,0.10315707139670849,0.00744174,0.09835862,0.09352743439376354,0.10315707139670849,0.00744174,1.0,1.0,1.0,0.0,4.478179e-06,4.194674374957685e-06,4.727800273940375e-06,3.4470114e-07,4.5529203e-05,4.511385577643523e-05,4.57098849437898e-05,6.862813e-07,-26.801191,-27.27689027786255,-26.365870475769043,0.6431612,2.2183764,2.170346975326538,2.263987898826599,0.072582625,0.7394588,0.7234489917755127,0.7546626329421997,0.024194209,0.15133335,0.1340000070631504,0.17200001329183578,0.036812384,0.0,0.0,0.0,0.0,0.15186867,0.14351894333958626,0.14957062155008316,0.016495485,8.654269,8.648852586746216,8.666352987289429,0.01998151,8.664269,8.658852815628052,8.676353216171265,0.01998151,2902400.0,2902400.0,2902400.0,0.0
907,0.0,0.0,0.0,0.0,2.0,2.0,2.0,0.0,0.29251698,0.28686871379613876,0.3020464554429054,0.012063327,0.29252145,0.2868731841444969,0.302050918340683,0.012063389,1.0065029,0.9978523552417755,1.0128124952316284,0.019118601,0.098600715,0.09709782153367996,0.10049892961978912,0.004294427,0.098600715,0.09709782153367996,0.10049892961978912,0.004294427,1.0,1.0,1.0,0.0,4.454263e-06,4.351773441158002e-06,4.5085133706379565e-06,1.7094509e-07,4.518901e-05,4.477674428926548e-05,4.536833057500189e-05,6.811576e-07,-26.89466,-27.165913581848145,-26.69064998626709,0.45503384,2.2143505,2.1953189969062805,2.2282320261001587,0.04206176,0.7381169,0.7317730188369751,0.7427440285682678,0.014020586,0.16733335,0.14400000870227814,0.18400001525878906,0.04128247,0.0,0.0,0.0,0.0,0.15078582,0.1388097144663334,0.16366785019636154,0.014423278,8.664269,8.658852815628052,8.676353216171265,0.01998151,8.67427,8.668853044509888,8.6863534450531,0.01998151,2905600.0,2905600.0,2905600.0,0.0
908,0.0,0.0,0.0,0.0,2.0,2.0,2.0,0.0,0.29252145,0.2868731841444969,0.302050918340683,0.012063389,0.29252556,0.2868775799870491,0.30205514281988144,0.012063502,1.0348582,1.0192495286464691,1.0522101819515228,0.03528397,0.09256648,0.08867283724248409,0.09566443786025047,0.0075126872,0.09256648,0.08867283724248409,0.09566443786025047,0.0075126872,1.0,1.0,1.0,0.0,4.149645e-06,3.972734589297033e-06,4.254645887158404e-06,3.161723e-07,4.4851346e-05,4.44421821157448e-05,4.502934007177828e-05,6.7606396e-07,-27.841806,-28.244750499725342,-27.51784610748291,0.74408287,2.2767336,2.2423937916755676,2.3149086833000183,0.07762628,0.7589112,0.7474645972251892,0.7716362625360489,0.025875423,0.16066667,0.1340000070631504,0.17800001427531242,0.032443892,0.0013333334,0.0,0.0,0.003113996,0.16581361,0.15731316059827805,0.18414193764328957,0.020954413,8.67427,8.668853044509888,8.6863534450531,0.01998151,8.68427,8.678853273391724,8.696353673934937,0.01998151,2908800.0,2908800.0,2908800.0,0.0
909,0.0,0.0,0.0,0.0,2.0,2.0,2.0,0.0,0.29252556,0.2868775799870491,0.30205514281988144,0.012063502,0.29252994,0.2868816927075386,0.3020596355199814,0.012063502,1.0091255,0.9972370117902756,1.0186205506324768,0.020167522,0.098017186,0.09580723010003567,0.1006410252302885,0.004529125,0.098017186,0.09580723010003567,0.1006410252302885,0.004529125,1.0,1.0,1.0,0.0,4.362741e-06,4.284219585315441e-06,4.497990971685795e-06,1.9727555e-07,4.4516215e-05,4.411008922033943e-05,4.4692872506857384e-05,6.710153e-07,-27.02881,-27.34163808822632,-26.876291751861572,0.49820507,2.2201204,2.193965256214142,2.2410099506378174,0.044369414,0.7400401,0.7313217669725418,0.7470033466815948,0.014789802,0.15866667,0.1340000070631504,0.18400001525878906,0.03304359,0.0006666667,0.0,0.0,0.0023094013,0.1567562,0.1470739282667637,0.16252462938427925,0.015778502,8.68427,8.678853273391724,8.696353673934937,0.01998151,8.69427,8.68885350227356,8.706353902816772,0.01998151,2912000.0,2912000.0,2912000.0,0.0
910,0.0,0.0,0.0,0.0,2.0,2.0,2.0,0.0,0.29252994,0.2868816927075386,0.3020596355199814,0.012063502,0.2925342,0.2868860885500908,0.3020634278655052,0.012063503,1.0157248,0.9974039644002914,1.029667615890503,0.027445616,0.096618384,0.09339852444827557,0.10060302913188934,0.005992143,0.096618384,0.09339852444827557,0.10060302913188934,0.005992143,1.0,1.0,1.0,0.0,4.2682527e-06,4.171000796304725e-06,4.439937697497953e-06,2.5827228e-07,4.4183576e-05,4.378050834930036e-05,4.43589233327657e-05,6.659984e-07,-26.896927,-27.41688632965088,-26.394577503204346,0.6288031,2.2346392,2.194332540035248,2.265313982963562,0.06038155,0.7448797,0.7314442098140717,0.7551046758890152,0.020127188,0.15166666,0.12999999523162842,0.17000000178813934,0.022087978,0.0,0.0,0.0,0.0,0.14988586,0.13819127157330513,0.1563517451286316,0.015193872,8.69427,8.68885350227356,8.706353902816772,0.01998151,8.70427,8.698853731155396,8.716354131698608,0.01998151,2915200.0,2915200.0,2915200.0,0.0
911,0.0,0.0,0.0,0.0,2.0,2.0,2.0,0.0,0.2925342,0.2868860885500908,0.3020634278655052,0.012063503,0.29253846,0.28689059615135193,0.3020676299929619,0.012063385,1.0136503,1.0002631098031998,1.0262812376022339,0.025124406,0.09705487,0.09413228929042816,0.09994181245565414,0.005636751,0.09705487,0.09413228929042816,0.09994181245565414,0.005636751,1.0,1.0,1.0,0.0,4.2564734e-06,4.1083951600739965e-06,4.381613621262659e-06,2.6051018e-07,4.3853437e-05,4.3453361286083236e-05,4.4027463445672765e-05,6.610245e-07,-27.16365,-27.68464708328247,-26.865890502929688,0.57175595,2.2300751,2.200622856616974,2.257863759994507,0.05527479,0.74335843,0.7335409671068192,0.7526212632656097,0.018424932,0.164,0.14800000935792923,0.1860000118613243,0.029835915,0.0006666667,0.0,0.0,0.0023094013,0.14630808,0.13577793166041374,0.15231984481215477,0.016030371,8.70427,8.698853731155396,8.716354131698608,0.01998151,8.714271,8.708853960037231,8.726354360580444,0.01998151,2918400.0,2918400.0,2918400.0,0.0
912,0.0,0.0,0.0,0.0,2.0,2.0,2.0,0.0,0.29253846,0.28689059615135193,0.3020676299929619,0.012063385,0.29254285,0.28689495474100113,0.3020721301436424,0.012063457,0.99651337,0.9832087457180023,1.0099260210990906,0.024528641,0.10095411,0.09774108231067657,0.10394496284425259,0.0057364833,0.10095411,0.09774108231067657,0.10394496284425259,0.0057364833,1.0,1.0,1.0,0.0,4.3928535e-06,4.20767059949867e-06,4.516345256888599e-06,2.3560945e-07,4.3525757e-05,4.312869077693904e-05,4.369849011709448e-05,6.560833e-07,-26.801893,-27.10687494277954,-26.552674293518066,0.354705,2.192373,2.163102447986603,2.221881628036499,0.053964086,0.7307911,0.7210341840982437,0.7406272143125534,0.01798803,0.16200002,0.1420000083744526,0.17200001329183578,0.031287525,0.0,0.0,0.0,0.0,0.1452703,0.12314070947468281,0.15630006790161133,0.022467943,8.714271,8.708853960037231,8.726354360580444,0.01998151,8.724271,8.718854188919067,8.73635458946228,0.01998151,2921600.0,2921600.0,2921600.0,0.0
913,0.0,0.0,0.0,0.0,2.0,2.0,2.0,0.0,0.29254285,0.28689495474100113,0.3020721301436424,0.012063457,0.2925466,0.2868982180953026,0.3020760267972946,0.01206358,1.0303844,1.0054938942193985,1.050918310880661,0.034673117,0.08706171,0.08893695287406445,0.09874903410673141,0.027885756,0.09350884,0.08893695287406445,0.09874903410673141,0.0071938112,0.9166667,1.0,1.0,0.28867513,3.760475e-06,3.8212095319067885e-06,4.27870088515192e-06,1.2073051e-06,4.3200533e-05,4.2806407691386994e-05,4.3371965148253366e-05,6.5118326e-07,-27.431921,-28.075974941253662,-26.971603393554688,0.7206171,2.2668908,2.212130844593048,2.3120664954185486,0.07628237,0.7556303,0.7373769730329514,0.7706888318061829,0.025427453,0.15200001,0.12800000607967377,0.17200001329183578,0.028540244,0.0,0.0,0.0,0.0,0.15811269,0.141880102455616,0.16728656366467476,0.020081192,8.724271,8.718854188919067,8.73635458946228,0.01998151,8.734271,8.728854417800903,8.746354818344116,0.01998151,2924800.0,2924800.0,2924800.0,0.0
914,0.0,0.0,0.0,0.0,2.0,2.0,2.0,0.0,0.2925466,0.2868982180953026,0.3020760267972946,0.01206358,0.2925507,0.28690262138843536,0.30208033323287964,0.012063771,1.0202835,0.9837161898612976,1.0586350858211517,0.047920372,0.095975526,0.0873723179101944,0.10382081940770149,0.010727332,0.095975526,0.0873723179101944,0.10382081940770149,0.010727332,1.0,1.0,1.0,0.0,4.1117905e-06,3.7517598912018e-06,4.4483588226285065e-06,4.282536e-07,4.2877728e-05,4.248657296557212e-05,4.3047893086622935e-05,6.463148e-07,-27.200798,-27.955410957336426,-26.565062522888184,0.8727408,2.2446685,2.164218783378601,2.329043686389923,0.10542695,0.7482228,0.7214062809944153,0.7763479351997375,0.03514232,0.15133335,0.12800000607967377,0.16200001165270805,0.02801731,0.0006666667,0.0,0.0,0.0023094013,0.1598073,0.15439320355653763,0.16610823944211006,0.022533048,8.734271,8.728854417800903,8.746354818344116,0.01998151,8.744271,8.73885464668274,8.756355047225952,0.01998151,2928000.0,2928000.0,2928000.0,0.0
915,0.0,0.0,0.0,0.0,2.0,2.0,2.0,0.0,0.2925507,0.28690262138843536,0.30208033323287964,0.012063771,0.292555,0.28690677136182785,0.3020846024155617,0.012063757,0.9995952,0.9878004491329193,1.0056430399417877,0.020359252,0.10019324,0.09870930202305317,0.10284954309463501,0.0046377447,0.10019324,0.09870930202305317,0.10284954309463501,0.0046377447,1.0,1.0,1.0,0.0,4.2640017e-06,4.195242013338429e-06,4.375509433884872e-06,2.0776307e-07,4.255734e-05,4.2169089283561334e-05,4.272622481948929e-05,6.4148804e-07,-26.697206,-26.9144868850708,-26.30351686477661,0.5770733,2.1991534,2.1732043623924255,2.212458908557892,0.044791255,0.7330511,0.7244014739990234,0.7374863177537918,0.014930414,0.15266667,0.12400000542402267,0.17000001296401024,0.04085748,0.0006666667,0.0,0.0,0.0023094013,0.14812835,0.14083446562290192,0.15438330173492432,0.017262325,8.744271,8.73885464668274,8.756355047225952,0.01998151,8.7542715,8.748854875564575,8.766355276107788,0.01998151,2931200.0,2931200.0,2931200.0,0.0
916,0.0,0.0,0.0,0.0,2.0,2.0,2.0,0.0,0.292555,0.28690677136182785,0.3020846024155617,0.012063757,0.29255915,0.28691086918115616,0.3020886853337288,0.012063661,1.0084733,0.9983315020799637,1.0146858990192413,0.019881148,0.09816205,0.09667539410293102,0.10038541071116924,0.0044928896,0.09816205,0.09667539410293102,0.10038541071116924,0.0044928896,1.0,1.0,1.0,0.0,4.1466587e-06,4.080354756297311e-06,4.179758661848609e-06,2.1044771e-07,4.2239346e-05,4.185401303402614e-05,4.240697580826236e-05,6.36693e-07,-27.194098,-27.416293621063232,-26.964808464050293,0.6357943,2.2186856,2.196373164653778,2.232353448867798,0.04373943,0.73956186,0.7321244031190872,0.7441178411245346,0.0145798195,0.16066667,0.14400000870227814,0.17200001329183578,0.022487707,0.0006666667,0.0,0.0,0.0023094013,0.1501668,0.1415487863123417,0.15688908845186234,0.008914487,8.7542715,8.748854875564575,8.766355276107788,0.01998151,8.764272,8.758855104446411,8.776355504989624,0.01998151,2934400.0,2934400.0,2934400.0,0.0
917,0.0,0.0,0.0,0.0,2.0,2.0,2.0,0.0,0.29255915,0.28691086918115616,0.3020886853337288,0.012063661,0.2925633,0.28691498935222626,0.3020925521850586,0.012063562,1.0053381,0.9836682379245758,1.0246552526950836,0.031330235,0.099015094,0.09448342211544514,0.10385515540838242,0.007182778,0.099015094,0.09448342211544514,0.10385515540838242,0.007182778,1.0,1.0,1.0,0.0,4.151699e-06,4.004106699539989e-06,4.3545090875340975e-06,3.17639e-07,4.1923733e-05,4.154125872446457e-05,4.209010148770176e-05,6.319391e-07,-26.85954,-27.64507246017456,-26.255349159240723,0.9739428,2.211788,2.1641133427619934,2.254286527633667,0.068927914,0.73726267,0.7213711142539978,0.7514288574457169,0.022975974,0.18266667,0.17200001329183578,0.1940000019967556,0.024321083,0.0,0.0,0.0,0.0,0.15321545,0.1362825706601143,0.17248953878879547,0.020182094,8.764272,8.758855104446411,8.776355504989624,0.01998151,8.774272,8.768855333328247,8.78635573387146,0.01998151,2937600.0,2937600.0,2937600.0,0.0
918,0.0,0.0,0.0,0.0,2.0,2.0,2.0,0.0,0.2925633,0.28691498935222626,0.3020925521850586,0.012063562,0.29256737,0.28691913187503815,0.30209626257419586,0.012063674,1.0102435,0.9790937602519989,1.033871442079544,0.037213612,0.09800103,0.0924971904605627,0.10494187660515308,0.008508834,0.09800103,0.0924971904605627,0.10494187660515308,0.008508834,1.0,1.0,1.0,0.0,4.0754135e-06,3.853298608191835e-06,4.346863420323643e-06,3.267414e-07,4.161047e-05,4.123087273910642e-05,4.177560367679689e-05,6.272126e-07,-26.91131,-27.463441848754883,-26.38066530227661,0.76618683,2.2225802,2.154049336910248,2.2745625376701355,0.081871584,0.74086016,0.7180164605379105,0.7581875324249268,0.027290525,0.15,0.12600000575184822,0.16200001165270805,0.033270244,0.0,0.0,0.0,0.0,0.14775924,0.13593745604157448,0.1547854170203209,0.016601972,8.774272,8.768855333328247,8.78635573387146,0.01998151,8.784272,8.778855562210083,8.796355962753296,0.01998151,2940800.0,2940800.0,2940800.0,0.0
919,0.0,0.0,0.0,0.0,2.0,2.0,2.0,0.0,0.29256737,0.28691913187503815,0.30209626257419586,0.012063674,0.29257146,0.28692327439785004,0.302100732922554,0.012063673,1.0054067,0.9917293787002563,1.0294638276100159,0.032669097,0.09902281,0.09344075061380863,0.1019229032099247,0.00761535,0.09902281,0.09344075061380863,0.1019229032099247,0.00761535,1.0,1.0,1.0,0.0,4.089054e-06,3.940462079299323e-06,4.2195667901978595e-06,3.097152e-07,4.1299558e-05,4.092277777090203e-05,4.146344417677028e-05,6.225296e-07,-26.828161,-27.259491443634033,-26.474802494049072,0.8409553,2.211939,2.181848168373108,2.2648655772209167,0.071873456,0.73731303,0.7272827625274658,0.7549552023410797,0.02395782,0.17066668,0.15200001001358032,0.18400001525878906,0.025829276,0.0006666667,0.0,0.0,0.0023094013,0.15009739,0.1409483663737774,0.16264812648296356,0.015747242,8.784272,8.778855562210083,8.796355962753296,0.01998151,8.794272,8.788855791091919,8.806356191635132,0.01998151,2944000.0,2944000.0,2944000.0,0.0
920,0.0,0.0,0.0,0.0,2.0,2.0,2.0,0.0,0.29257146,0.28692327439785004,0.302100732922554,0.012063673,0.29257542,0.28692710399627686,0.3021049499511719,0.012063713,1.0151163,0.991915300488472,1.035647451877594,0.035474088,0.09687228,0.0921205673366785,0.10188289731740952,0.0078108073,0.09687228,0.0921205673366785,0.10188289731740952,0.0078108073,1.0,1.0,1.0,0.0,3.969938e-06,3.7733602198386507e-06,4.178141352895182e-06,3.1448923e-07,4.099096e-05,4.061701110913418e-05,4.1153631173074245e-05,6.1787443e-07,-27.170591,-27.400489330291748,-26.813640594482422,0.6445281,2.2333004,2.1822572350502014,2.2784698605537415,0.07804458,0.7444336,0.7274190783500671,0.759489968419075,0.02601487,0.16133334,0.1340000070631504,0.1860000118613243,0.038868856,0.0,0.0,0.0,0.0,0.15729667,0.144643846899271,0.16505031287670135,0.022396715,8.794272,8.788855791091919,8.806356191635132,0.01998151,8.804273,8.798856019973755,8.816356420516968,0.01998151,2947200.0,2947200.0,2947200.0,0.0
921,0.0,0.0,0.0,0.0,2.0,2.0,2.0,0.0,0.29257542,0.28692710399627686,0.3021049499511719,0.012063713,0.2925794,0.286931075155735,0.30210912972688675,0.012063781,1.0096356,0.988293394446373,1.0275695621967316,0.03410677,0.09808043,0.09384933486580849,0.10275563411414623,0.0076171877,0.09808043,0.09384933486580849,0.10275563411414623,0.0076171877,1.0,1.0,1.0,0.0,3.9892907e-06,3.826108581961307e-06,4.223143150738906e-06,2.9903043e-07,4.068467e-05,4.031350363220554e-05,4.08461219194578e-05,6.132605e-07,-26.995058,-27.218385696411133,-26.65633249282837,0.87212485,2.2212427,2.1742888689041138,2.2606981992721558,0.07503639,0.7404142,0.724762961268425,0.753566101193428,0.02501213,0.16066667,0.1420000083744526,0.19200000166893005,0.037127137,0.0,0.0,0.0,0.0,0.15091951,0.1412096880376339,0.15657233074307442,0.012583343,8.804273,8.798856019973755,8.816356420516968,0.01998151,8.814273,8.80885624885559,8.826356649398804,0.01998151,2950400.0,2950400.0,2950400.0,0.0
922,0.0,0.0,0.0,0.0,2.0,2.0,2.0,0.0,0.2925794,0.286931075155735,0.30210912972688675,0.012063781,0.292583,0.28693418204784393,0.30211296677589417,0.012064035,1.023965,1.0095313489437103,1.0299714803695679,0.03572623,0.088536076,0.0933359432965517,0.09783016704022884,0.02826449,0.09491501,0.0933359432965517,0.09783016704022884,0.007413132,0.9166667,1.0,1.0,0.28867513,3.5733217e-06,3.731533695372491e-06,3.9437868508684915e-06,1.1392602e-06,4.0380666e-05,4.0012289900914766e-05,4.054091914440505e-05,6.0867455e-07,-27.2004,-27.427031993865967,-26.872968196868896,0.59805524,2.2527678,2.2210132479667664,2.265982449054718,0.07859928,0.7509226,0.7403377741575241,0.7553275227546692,0.02619976,0.15533334,0.14400000870227814,0.17000001296401024,0.02982779,0.0,0.0,0.0,0.0,0.1547825,0.14018894731998444,0.16292722150683403,0.023998816,8.814273,8.80885624885559,8.826356649398804,0.01998151,8.824273,8.818856477737427,8.83635687828064,0.01998151,2953600.0,2953600.0,2953600.0,0.0
923,0.0,0.0,0.0,0.0,2.0,2.0,2.0,0.0,0.292583,0.28693418204784393,0.30211296677589417,0.012064035,0.292587,0.2869379296898842,0.30211637914180756,0.012064042,1.0005563,0.9808194786310196,1.0161585211753845,0.040443834,0.10027107,0.09638499654829502,0.10452810674905777,0.009396868,0.10027107,0.09638499654829502,0.10452810674905777,0.009396868,1.0,1.0,1.0,0.0,4.019431e-06,3.866825409204466e-06,4.186326464150625e-06,3.8613481e-07,4.0078943e-05,3.971330079366453e-05,4.0237990106106736e-05,6.041295e-07,-26.878038,-27.119293689727783,-26.458329677581787,0.83024985,2.201268,2.157845973968506,2.2355933785438538,0.08897823,0.733756,0.7192820012569427,0.7451978176832199,0.029659402,0.19,0.1574999950826168,0.2224999964237213,0.047290206,0.0,0.0,0.0,0.0,0.14838327,0.13743046671152115,0.15595272183418274,0.02357285,8.824273,8.818856477737427,8.83635687828064,0.01998151,8.834273,8.828856706619263,8.846357107162476,0.01998151,2956800.0,2956800.0,2956800.0,0.0
924,0.0,0.0,0.0,0.0,2.0,2.0,2.0,0.0,0.292587,0.2869379296898842,0.30211637914180756,0.012064042,0.29259086,0.2869418188929558,0.30212032049894333,0.012064146,1.014582,0.9984735548496246,1.0333368480205536,0.0230899,0.096822925,0.09261917695403099,0.10035583563148975,0.0051158033,0.096822925,0.09261917695403099,0.10035583563148975,0.0051158033,1.0,1.0,1.0,0.0,3.8496405e-06,3.6815014823332604e-06,3.956865157306311e-06,1.6981971e-07,3.9779465e-05,3.9416569961758796e-05,3.993732934759464e-05,5.996133e-07,-27.2033,-27.489945888519287,-26.868000507354736,0.4651069,2.232125,2.1966856122016907,2.2733863592147827,0.050798777,0.7440417,0.732228547334671,0.7577954828739166,0.01693292,0.15066667,0.1340000070631504,0.1600000113248825,0.024794916,0.0,0.0,0.0,0.0,0.16052407,0.14874998480081558,0.17266060039401054,0.016773462,8.834273,8.828856706619263,8.846357107162476,0.01998151,8.844274,8.838856935501099,8.856357336044312,0.01998151,2960000.0,2960000.0,2960000.0,0.0
925,0.0,0.0,0.0,0.0,2.0,2.0,2.0,0.0,0.29259086,0.2869418188929558,0.30212032049894333,0.012064146,0.29259476,0.28694547712802887,0.30212435126304626,0.012064204,1.0089194,0.9827014356851578,1.0291755199432373,0.030774329,0.0981954,0.09350488893687725,0.10406380146741867,0.007076209,0.0981954,0.09350488893687725,0.10406380146741867,0.007076209,1.0,1.0,1.0,0.0,3.876377e-06,3.6728416716869106e-06,4.128705882067152e-06,2.7626865e-07,3.948223e-05,3.912203192157904e-05,3.963891140301712e-05,5.9513536e-07,-27.086464,-27.533634662628174,-26.71401596069336,0.6961962,2.2196667,2.161986291408539,2.264231324195862,0.067704864,0.73988897,0.7206621319055557,0.7547438144683838,0.022568293,0.17533334,0.15000000968575478,0.20200000330805779,0.032083225,0.0006666667,0.0,0.0,0.0023094013,0.15270518,0.1339453160762787,0.16468974575400352,0.020039925,8.844274,8.838856935501099,8.856357336044312,0.01998151,8.854274,8.848857164382935,8.866357564926147,0.01998151,2963200.0,2963200.0,2963200.0,0.0
926,0.0,0.0,0.0,0.0,2.0,2.0,2.0,0.0,0.29259476,0.28694547712802887,0.30212435126304626,0.012064204,0.29259858,0.28694935888051987,0.30212782323360443,0.012064146,1.009539,0.9894177466630936,1.019428789615631,0.026844867,0.09799551,0.0956281702965498,0.10246689431369305,0.0058771507,0.09799551,0.0956281702965498,0.10246689431369305,0.0058771507,1.0,1.0,1.0,0.0,3.8407184e-06,3.7209803736004687e-06,4.023607516501215e-06,2.4565273e-07,3.9187213e-05,3.882972032442922e-05,3.934272808692185e-05,5.9068634e-07,-26.880049,-27.50464391708374,-26.390843868255615,0.7370432,2.2210302,2.1767625212669373,2.2427881360054016,0.05905992,0.7403434,0.7255875170230865,0.7475960701704025,0.019686643,0.14466667,0.11800000444054604,0.17600001394748688,0.030787643,0.0,0.0,0.0,0.0,0.15459898,0.13631736487150192,0.1667056381702423,0.024530297,8.854274,8.848857164382935,8.866357564926147,0.01998151,8.864274,8.85885739326477,8.876357793807983,0.01998151,2966400.0,2966400.0,2966400.0,0.0
927,0.0,0.0,0.0,0.0,2.0,2.0,2.0,0.0,0.29259858,0.28694935888051987,0.30212782323360443,0.012064146,0.2926023,0.2869526818394661,0.3021315187215805,0.012064271,1.0199748,1.0079248249530792,1.0354743897914886,0.034111198,0.09577844,0.09216022491455078,0.09819180704653263,0.0076710586,0.09577844,0.09216022491455078,0.09819180704653263,0.0076710586,1.0,1.0,1.0,0.0,3.7236869e-06,3.5852193036589597e-06,3.849560926028062e-06,2.814042e-07,3.8894403e-05,3.853956877719611e-05,3.9048750295478385e-05,5.8627427e-07,-27.289152,-27.87887144088745,-26.694793701171875,0.93144304,2.2439895,2.217478930950165,2.278089225292206,0.07504616,0.7479965,0.7391596585512161,0.7593631148338318,0.025015399,0.16533335,0.15000000968575478,0.1860000118613243,0.03132624,0.0,0.0,0.0,0.0,0.15168428,0.13477205112576485,0.16877437010407448,0.020532643,8.864274,8.85885739326477,8.876357793807983,0.01998151,8.874274,8.868857622146606,8.88635802268982,0.01998151,2969600.0,2969600.0,2969600.0,0.0
928,0.0,0.0,0.0,0.0,2.0,2.0,2.0,0.0,0.2926023,0.2869526818394661,0.3021315187215805,0.012064271,0.29260606,0.28695647418498993,0.3021354302763939,0.012064419,1.0131813,0.9873910695314407,1.0468436181545258,0.034885652,0.09729757,0.08977866172790527,0.10296494327485561,0.0078070527,0.09729757,0.08977866172790527,0.10296494327485561,0.0078070527,1.0,1.0,1.0,0.0,3.7538432e-06,3.4908244970210944e-06,3.9199238699438865e-06,2.7543066e-07,3.8603775e-05,3.8251609112194274e-05,3.8756977119192015e-05,5.818921e-07,-27.160639,-27.75725269317627,-26.667905807495117,0.798822,2.2290435,2.1723036766052246,2.3031020164489746,0.07674998,0.7430145,0.724101260304451,0.7677006870508194,0.02558333,0.14866666,0.12000000476837158,0.17400000989437103,0.048895683,0.0006666667,0.0,0.0,0.0023094013,0.15668213,0.14115913584828377,0.17465966194868088,0.017164048,8.874274,8.868857622146606,8.88635802268982,0.01998151,8.8842745,8.878857851028442,8.896358251571655,0.01998151,2972800.0,2972800.0,2972800.0,0.0
929,0.0,0.0,0.0,0.0,2.0,2.0,2.0,0.0,0.29260606,0.28695647418498993,0.3021354302763939,0.012064419,0.29260978,0.286960132420063,0.3021392598748207,0.012064406,1.0106307,0.9968318939208984,1.0187424719333649,0.016142655,0.09764386,0.09577706083655357,0.10073256492614746,0.0036432794,0.09764386,0.09577706083655357,0.10073256492614746,0.0036432794,1.0,1.0,1.0,0.0,3.7405307e-06,3.6464558661464253e-06,3.833277446574357e-06,1.2854568e-07,3.8315327e-05,3.796577493631048e-05,3.846737672574818e-05,5.7754613e-07,-27.004381,-27.33783531188965,-26.666458129882812,0.5205484,2.223432,2.1930739283561707,2.241278111934662,0.035514552,0.741144,0.7310246825218201,0.7470927089452744,0.011838177,0.16666667,0.15000000968575478,0.19200000166893005,0.035912354,0.0013333334,0.0,0.0,0.003113996,0.1499118,0.13837843760848045,0.15999983996152878,0.021594165,8.8842745,8.878857851028442,8.896358251571655,0.01998151,8.894275,8.888858079910278,8.906358480453491,0.01998151,2976000.0,2976000.0,2976000.0,0.0
930,0.0,0.0,0.0,0.0,2.0,2.0,2.0,0.0,0.29260978,0.286960132420063,0.3021392598748207,0.012064406,0.2926134,0.28696369379758835,0.3021431118249893,0.012064512,1.0268999,1.0079037994146347,1.0477294027805328,0.031281933,0.09421793,0.08960232138633728,0.09821092151105404,0.0067973696,0.09421793,0.08960232138633728,0.09821092151105404,0.0067973696,1.0,1.0,1.0,0.0,3.5810835e-06,3.4094757666025544e-06,3.7497931089092162e-06,2.3440235e-07,3.802903e-05,3.7682103538827505e-05,3.8179950024641585e-05,5.732287e-07,-27.316175,-28.02107000350952,-26.72184658050537,0.86719155,2.2592251,2.217432677745819,2.3050506114959717,0.0688216,0.75307506,0.7391442358493805,0.7683502286672592,0.022940537,0.14600001,0.12600000575184822,0.16200001165270805,0.02341717,0.0,0.0,0.0,0.0,0.16146374,0.14835736528038979,0.17455150559544563,0.02309997,8.894275,8.888858079910278,8.906358480453491,0.01998151,8.904275,8.898858308792114,8.916358709335327,0.01998151,2979200.0,2979200.0,2979200.0,0.0
931,0.0,0.0,0.0,0.0,2.0,2.0,2.0,0.0,0.2926134,0.28696369379758835,0.3021431118249893,0.012064512,0.292617,0.2869671732187271,0.30214695632457733,0.012064577,1.0191656,0.9982766658067703,1.0336350798606873,0.026711406,0.09584749,0.0925496332347393,0.10039814747869968,0.005818804,0.09584749,0.0925496332347393,0.10039814747869968,0.005818804,1.0,1.0,1.0,0.0,3.6164765e-06,3.4723394719549106e-06,3.774851506932464e-06,2.0443375e-07,3.7744874e-05,3.7400523069663905e-05,3.789465790760005e-05,5.689469e-07,-27.121439,-27.560519695281982,-26.439146041870117,0.7372457,2.2422092,2.1962525248527527,2.274042546749115,0.058766264,0.7474031,0.7320842146873474,0.7580141872167587,0.019588757,0.154,0.11800000444054604,0.17600001394748688,0.04303065,0.0,0.0,0.0,0.0,0.15764393,0.14755429700016975,0.16739926859736443,0.013684027,8.904275,8.898858308792114,8.916358709335327,0.01998151,8.914275,8.90885853767395,8.926358938217163,0.01998151,2982400.0,2982400.0,2982400.0,0.0
932,0.0,0.0,0.0,0.0,2.0,2.0,2.0,0.0,0.292617,0.2869671732187271,0.30214695632457733,0.012064577,0.2926207,0.28697091341018677,0.3021506294608116,0.012064534,1.0099496,0.9977065175771713,1.0242643654346466,0.029516844,0.097943,0.09460673108696938,0.100529495626688,0.0067007774,0.097943,0.09460673108696938,0.100529495626688,0.0067007774,1.0,1.0,1.0,0.0,3.6697247e-06,3.5014469403904513e-06,3.7838279354218685e-06,2.6507243e-07,3.746284e-05,3.712108082254417e-05,3.7611510379065294e-05,5.646932e-07,-26.958246,-27.28589105606079,-26.545006275177002,0.7710249,2.2219331,2.1949981451034546,2.2534266114234924,0.06493837,0.74064445,0.7316660732030869,0.7511422038078308,0.021646112,0.15666668,0.1340000070631504,0.17000001296401024,0.024706768,0.0,0.0,0.0,0.0,0.15218665,0.1416490264236927,0.1671256646513939,0.021036875,8.914275,8.90885853767395,8.926358938217163,0.01998151,8.924275,8.918858766555786,8.936359167098999,0.01998151,2985600.0,2985600.0,2985600.0,0.0
933,0.0,0.0,0.0,0.0,2.0,2.0,2.0,0.0,0.2926207,0.28697091341018677,0.3021506294608116,0.012064534,0.29262424,0.28697438538074493,0.3021542802453041,0.012064589,1.0198017,1.0046049803495407,1.034320205450058,0.024906766,0.095686205,0.09240174107253551,0.0989502314478159,0.005443935,0.095686205,0.09240174107253551,0.0989502314478159,0.005443935,1.0,1.0,1.0,0.0,3.5562114e-06,3.4332654763602477e-06,3.6479299865277426e-06,1.749372e-07,3.7182916e-05,3.6843692214461043e-05,3.733046651177574e-05,5.6047685e-07,-27.238174,-27.656288146972656,-26.90162181854248,0.80025655,2.2436087,2.2101751565933228,2.27554988861084,0.054795973,0.74786955,0.7367250770330429,0.7585166543722153,0.018265337,0.15466668,0.12400000542402267,0.17800001427531242,0.037883397,0.0,0.0,0.0,0.0,0.15529045,0.14304181933403015,0.16397292166948318,0.019588025,8.924275,8.918858766555786,8.936359167098999,0.01998151,8.934276,8.928858995437622,8.946359395980835,0.01998151,2988800.0,2988800.0,2988800.0,0.0
934,0.0,0.0,0.0,0.0,2.0,2.0,2.0,0.0,0.29262424,0.28697438538074493,0.3021542802453041,0.012064589,0.29262736,0.286977581679821,0.3021577224135399,0.012064564,1.0370216,1.0132145583629608,1.0544235408306122,0.035219327,0.08557317,0.08822340331971645,0.09700839407742023,0.027622739,0.09210515,0.08822340331971645,0.09700839407742023,0.007447331,0.9166667,1.0,1.0,0.28867513,3.158115e-06,3.2328075008081214e-06,3.593878147967189e-06,1.0200202e-06,3.6905076e-05,3.656840362964431e-05,3.705153721966781e-05,5.562868e-07,-27.645113,-27.95064640045166,-27.22069549560547,0.97402245,2.2814932,2.2291164994239807,2.3197782039642334,0.0774841,0.76049775,0.7430388629436493,0.7732594311237335,0.025828041,0.14666668,0.13600000739097595,0.15400001034140587,0.025144432,0.0,0.0,0.0,0.0,0.15785135,0.13692816346883774,0.17274486646056175,0.021247666,8.934276,8.928858995437622,8.946359395980835,0.01998151,8.944276,8.938859224319458,8.956359624862671,0.01998151,2992000.0,2992000.0,2992000.0,0.0
935,0.0,0.0,0.0,0.0,2.0,2.0,2.0,0.0,0.29262736,0.286977581679821,0.3021577224135399,0.012064564,0.29263094,0.28698109835386276,0.30216115713119507,0.012064694,1.0120554,1.0038411319255829,1.028602123260498,0.03951113,0.09763635,0.09362636879086494,0.09911943972110748,0.009061928,0.09763635,0.09362636879086494,0.09911943972110748,0.009061928,1.0,1.0,1.0,0.0,3.5738967e-06,3.4254699130542576e-06,3.5920058394367516e-06,3.0699832e-07,3.662932e-05,3.6295146855991334e-05,3.6774679756490514e-05,5.5213246e-07,-26.896095,-27.258695125579834,-26.81362771987915,0.80339944,2.2265663,2.208494484424591,2.2629697918891907,0.086926214,0.74218875,0.7361648380756378,0.7543232887983322,0.028975407,0.14400001,0.10400000214576721,0.18400001525878906,0.047634978,0.0,0.0,0.0,0.0,0.15132962,0.14066097140312195,0.1656240113079548,0.018793246,8.944276,8.938859224319458,8.956359624862671,0.01998151,8.954276,8.948859453201294,8.966359853744507,0.01998151,2995200.0,2995200.0,2995200.0,0.0
936,0.0,0.0,0.0,0.0,2.0,2.0,2.0,0.0,0.29263094,0.28698109835386276,0.30216115713119507,0.012064694,0.29263422,0.28698451071977615,0.30216479301452637,0.0120647615,1.0208099,0.9849371165037155,1.0475889146327972,0.045776814,0.08918727,0.0896212849766016,0.10352923721075058,0.029339759,0.09580234,0.0896212849766016,0.10352923721075058,0.00993491,0.9166667,1.0,1.0,0.28867513,3.2438695e-06,3.2437557706543885e-06,3.7330554505388136e-06,1.0652185e-06,3.6355617e-05,3.602395918278489e-05,3.649989503173856e-05,5.480038e-07,-27.204687,-27.56020498275757,-26.74927282333374,0.7361418,2.2458265,2.166904926300049,2.304741680622101,0.100710995,0.7486089,0.72230164706707,0.7682472616434097,0.03357034,0.15666667,0.13250000029802322,0.1824999935925007,0.035760142,0.0008333333,0.0,0.0,0.0028867512,0.15500651,0.13980990648269653,0.1714089848101139,0.021128668,8.954276,8.948859453201294,8.966359853744507,0.01998151,8.964276,8.95885968208313,8.976360082626343,0.01998151,2998400.0,2998400.0,2998400.0,0.0
937,0.0,0.0,0.0,0.0,2.0,2.0,2.0,0.0,0.29263422,0.28698451071977615,0.30216479301452637,0.0120647615,0.29263768,0.28698810935020447,0.30216821283102036,0.012064769,1.0154629,0.9981782138347626,1.0347797870635986,0.026023185,0.09666213,0.09230605512857437,0.10042306035757065,0.005848825,0.09666213,0.09230605512857437,0.10042306035757065,0.005848825,1.0,1.0,1.0,0.0,3.4875657e-06,3.3314336747025663e-06,3.6423085703063407e-06,2.0912276e-07,3.6083966e-05,3.575477148842765e-05,3.6227160308044404e-05,5.439127e-07,-26.901665,-27.191621780395508,-26.65068817138672,0.6680321,2.234063,2.1960359811782837,2.27656090259552,0.057252117,0.7446876,0.7320120334625244,0.7588536441326141,0.019084038,0.14933334,0.12000000476837158,0.16200001165270805,0.02582928,0.0,0.0,0.0,0.0,0.1497275,0.1418345794081688,0.15882154926657677,0.018645583,8.964276,8.95885968208313,8.976360082626343,0.01998151,8.974277,8.968859910964966,8.986360311508179,0.01998151,3001600.0,3001600.0,3001600.0,0.0
938,0.0,0.0,0.0,0.0,2.0,2.0,2.0,0.0,0.29263768,0.28698810935020447,0.30216821283102036,0.012064769,0.29264113,0.28699158877134323,0.302171528339386,0.012064773,1.0191787,1.0035232603549957,1.0293514132499695,0.031193571,0.095903456,0.09346622787415981,0.09919986128807068,0.006757498,0.095903456,0.09346622787415981,0.09919986128807068,0.006757498,1.0,1.0,1.0,0.0,3.434081e-06,3.3045064924408507e-06,3.5669501130541903e-06,2.3721502e-07,3.581434e-05,3.548762015270768e-05,3.5956471037934534e-05,5.3984553e-07,-27.27398,-27.476844310760498,-26.826383113861084,0.82120967,2.242238,2.2077953219413757,2.2646182775497437,0.06862724,0.7474127,0.735931783914566,0.7548727691173553,0.022875754,0.16000001,0.14400000870227814,0.17000001296401024,0.019595917,0.0,0.0,0.0,0.0,0.15152404,0.14000803232192993,0.1626330427825451,0.017311353,8.974277,8.968859910964966,8.986360311508179,0.01998151,8.984277,8.978860139846802,8.996360540390015,0.01998151,3004800.0,3004800.0,3004800.0,0.0
939,0.0,0.0,0.0,0.0,2.0,2.0,2.0,0.0,0.29264113,0.28699158877134323,0.302171528339386,0.012064773,0.29264468,0.2869950234889984,0.30217528343200684,0.012064866,0.99993443,0.9880664050579071,1.015861451625824,0.02260079,0.10013961,0.09641437791287899,0.10280042327940464,0.0052323746,0.10013961,0.09641437791287899,0.10280042327940464,0.0052323746,1.0,1.0,1.0,0.0,3.5577384e-06,3.4622373732418055e-06,3.651235601864755e-06,1.5043844e-07,3.5546735e-05,3.522244151099585e-05,3.568779447959969e-05,5.358126e-07,-26.569159,-26.664419651031494,-26.323416233062744,0.45938578,2.1998997,2.1737894415855408,2.2349398732185364,0.049722712,0.7332999,0.7245965152978897,0.744979977607727,0.01657423,0.17066668,0.15000000968575478,0.19600001350045204,0.048282,0.0,0.0,0.0,0.0,0.14933743,0.14010363817214966,0.16120414808392525,0.01923834,8.984277,8.978860139846802,8.996360540390015,0.01998151,8.994277,8.988860368728638,9.00636076927185,0.01998151,3008000.0,3008000.0,3008000.0,0.0
940,0.0,0.0,0.0,0.0,2.0,2.0,2.0,0.0,0.29264468,0.2869950234889984,0.30217528343200684,0.012064866,0.2926481,0.286998488008976,0.3021788001060486,0.012064925,1.0126411,0.9900444597005844,1.0322396457195282,0.030481258,0.097349085,0.0928630568087101,0.10232064314186573,0.006755703,0.097349085,0.0928630568087101,0.10232064314186573,0.006755703,1.0,1.0,1.0,0.0,3.43368e-06,3.277345683727617e-06,3.627657292781805e-06,2.2902525e-07,3.5281122e-05,3.4959269214596134e-05,3.542113790899748e-05,5.318075e-07,-27.035517,-27.563902854919434,-26.480692863464355,0.7588364,2.227855,2.1781413555145264,2.2709725499153137,0.0670601,0.7426183,0.726047158241272,0.7569908499717712,0.022353353,0.16333334,0.14400000870227814,0.17600001022219658,0.03633514,0.0,0.0,0.0,0.0,0.15429284,0.1466287188231945,0.1621476486325264,0.012092467,8.994277,8.988860368728638,9.00636076927185,0.01998151,9.004277,8.998860597610474,9.016360998153687,0.01998151,3011200.0,3011200.0,3011200.0,0.0
941,0.0,0.0,0.0,0.0,2.0,2.0,2.0,0.0,0.2926481,0.286998488008976,0.3021788001060486,0.012064925,0.2926515,0.287001870572567,0.302182100713253,0.012064939,1.0170797,1.0038100183010101,1.0340171456336975,0.030960131,0.09637228,0.092482790350914,0.09912715665996075,0.0070869373,0.09637228,0.092482790350914,0.09912715665996075,0.0070869373,1.0,1.0,1.0,0.0,3.3735344e-06,3.2356890073970135e-06,3.4927978731502662e-06,2.3344498e-07,3.50175e-05,3.469803141342709e-05,3.5156463127350435e-05,5.278369e-07,-27.022528,-27.431344032287598,-26.8472318649292,0.4897741,2.23762,2.2084261178970337,2.2748830914497375,0.06811367,0.7458734,0.7361420392990112,0.7582943737506866,0.022704566,0.16133334,0.14400000870227814,0.17600001022219658,0.04846242,0.0006666667,0.0,0.0,0.0023094013,0.15129967,0.13885614275932312,0.16258932277560234,0.019946039,9.004277,8.998860597610474,9.016360998153687,0.01998151,9.014277,9.00886082649231,9.026361227035522,0.01998151,3014400.0,3014400.0,3014400.0,0.0
942,0.0,0.0,0.0,0.0,2.0,2.0,2.0,0.0,0.2926515,0.287001870572567,0.302182100713253,0.012064939,0.29265478,0.2870050370693207,0.3021854981780052,0.01206495,1.0234238,1.0077923238277435,1.043283849954605,0.03050238,0.09496531,0.0905230138450861,0.09823596104979515,0.0067420974,0.09496531,0.0905230138450861,0.09823596104979515,0.0067420974,1.0,1.0,1.0,0.0,3.2998894e-06,3.1456089573111967e-06,3.448114966886351e-06,2.2839089e-07,3.475584e-05,3.4438779039192013e-05,3.4893776501121465e-05,5.2389026e-07,-27.218622,-27.63689088821411,-26.74933671951294,0.5976765,2.2515774,2.217187464237213,2.295270264148712,0.067106575,0.7505258,0.739062488079071,0.7650901228189468,0.022368867,0.14866666,0.12600000575184822,0.1680000089108944,0.039407738,0.0,0.0,0.0,0.0,0.16266967,0.13996994495391846,0.1822972483932972,0.03150322,9.014277,9.00886082649231,9.026361227035522,0.01998151,9.024278,9.018861055374146,9.036361455917358,0.01998151,3017600.0,3017600.0,3017600.0,0.0
943,0.0,0.0,0.0,0.0,2.0,2.0,2.0,0.0,0.29265478,0.2870050370693207,0.3021854981780052,0.01206495,0.29265812,0.2870083898305893,0.30218876898288727,0.012064933,1.0161895,1.0042744129896164,1.0280141830444336,0.02551391,0.09649242,0.093764653429389,0.0990291852504015,0.0056183944,0.09649242,0.093764653429389,0.0990291852504015,0.0056183944,1.0,1.0,1.0,0.0,3.3285096e-06,3.209066790077486e-06,3.4009262321887945e-06,1.9951123e-07,3.4496148e-05,3.418143478484126e-05,3.463303710304899e-05,5.199777e-07,-27.273157,-27.650771617889404,-26.85024356842041,0.68603104,2.2356615,2.209447741508484,2.26167631149292,0.05613171,0.7452206,0.7364826053380966,0.7538921386003494,0.01871057,0.14866668,0.1340000070631504,0.17200001329183578,0.02982779,0.0006666667,0.0,0.0,0.0023094013,0.15573238,0.1458899788558483,0.16721172630786896,0.017051252,9.024278,9.018861055374146,9.036361455917358,0.01998151,9.034278,9.028861284255981,9.046361684799194,0.01998151,3020800.0,3020800.0,3020800.0,0.0
944,0.0,0.0,0.0,0.0,2.0,2.0,2.0,0.0,0.29265812,0.2870083898305893,0.30218876898288727,0.012064933,0.29266134,0.2870115041732788,0.3021919056773186,0.012064996,1.028435,1.010453850030899,1.050446093082428,0.03856928,0.09400862,0.08904522657394409,0.09762630611658096,0.008621847,0.09400862,0.08904522657394409,0.09762630611658096,0.008621847,1.0,1.0,1.0,0.0,3.2180603e-06,3.0551921099686297e-06,3.324357862766192e-06,2.8985605e-07,3.4238386e-05,3.392604230612051e-05,3.437425948504824e-05,5.1609004e-07,-27.438469,-27.87681293487549,-27.303747177124023,0.5569838,2.262602,2.2230427861213684,2.3110276460647583,0.084854126,0.75420076,0.7410142719745636,0.7703425735235214,0.028284714,0.14,0.12000000476837158,0.15200001001358032,0.03419729,0.0,0.0,0.0,0.0,0.1585943,0.15325992181897163,0.16653317213058472,0.012555282,9.034278,9.028861284255981,9.046361684799194,0.01998151,9.044278,9.038861513137817,9.05636191368103,0.01998151,3024000.0,3024000.0,3024000.0,0.0
945,0.0,0.0,0.0,0.0,2.0,2.0,2.0,0.0,0.29266134,0.2870115041732788,0.3021919056773186,0.012064996,0.29266474,0.287014864385128,0.30219558626413345,0.012064961,1.0013725,0.9943063408136368,1.0208275616168976,0.02817473,0.09988046,0.09531748481094837,0.10133065283298492,0.0066631483,0.09988046,0.09531748481094837,0.10133065283298492,0.0066631483,1.0,1.0,1.0,0.0,3.394017e-06,3.222012480819103e-06,3.50381117186771e-06,2.2703156e-07,3.3982556e-05,3.3672531571937725e-05,3.411740817682585e-05,5.1223685e-07,-27.122171,-27.77426528930664,-26.631763458251953,0.8255765,2.2030637,2.1875175833702087,2.245865523815155,0.06198563,0.73435456,0.7291725426912308,0.7486218810081482,0.020661877,0.16866668,0.15200001001358032,0.19200000166893005,0.032800592,0.0006666667,0.0,0.0,0.0023094013,0.15740034,0.14706752449274063,0.16804589331150055,0.019727843,9.044278,9.038861513137817,9.05636191368103,0.01998151,9.054278,9.048861742019653,9.066362142562866,0.01998151,3027200.0,3027200.0,3027200.0,0.0
946,0.0,0.0,0.0,0.0,2.0,2.0,2.0,0.0,0.29266474,0.287014864385128,0.30219558626413345,0.012064961,0.292668,0.2870180532336235,0.3021989092230797,0.01206505,1.0142986,0.9983285218477249,1.0295150876045227,0.02610207,0.09692065,0.09343639202415943,0.10038786567747593,0.005776811,0.09692065,0.09343639202415943,0.10038786567747593,0.005776811,1.0,1.0,1.0,0.0,3.2668506e-06,3.1812644465389894e-06,3.36198155537204e-06,1.592012e-07,3.372863e-05,3.3420935324102174e-05,3.386248317838181e-05,5.0840623e-07,-27.005173,-27.397536754608154,-26.346550464630127,0.6932536,2.2315013,2.196366548538208,2.264978349208832,0.05742571,0.7438338,0.7321221977472305,0.754992812871933,0.019141903,0.16933334,0.15200001001358032,0.17800001427531242,0.026605992,0.0,0.0,0.0,0.0,0.15612696,0.14924370124936104,0.16486148536205292,0.01713894,9.054278,9.048861742019653,9.066362142562866,0.01998151,9.064279,9.05886197090149,9.076362371444702,0.01998151,3030400.0,3030400.0,3030400.0,0.0
947,0.0,0.0,0.0,0.0,2.0,2.0,2.0,0.0,0.292668,0.2870180532336235,0.3021989092230797,0.01206505,0.29267135,0.2870215028524399,0.3022023066878319,0.012065077,1.0009335,0.9836143106222153,1.0122764110565186,0.027885333,0.09997208,0.0972178690135479,0.10384775884449482,0.0063252896,0.09997208,0.0972178690135479,0.10384775884449482,0.0063252896,1.0,1.0,1.0,0.0,3.3457675e-06,3.222567897864792e-06,3.4449142276571365e-06,2.0283878e-07,3.347661e-05,3.3171197173942346e-05,3.360945629538037e-05,5.0461e-07,-26.939241,-27.346474647521973,-26.506011486053467,0.61127573,2.202098,2.1639946699142456,2.2270525693893433,0.061348934,0.73403263,0.7213315814733505,0.7423508614301682,0.020449642,0.18666667,0.15000000968575478,0.20800000429153442,0.057216235,0.0,0.0,0.0,0.0,0.15571935,0.14568963274359703,0.1646522767841816,0.014052735,9.064279,9.05886197090149,9.076362371444702,0.01998151,9.074279,9.068862199783325,9.086362600326538,0.01998151,3033600.0,3033600.0,3033600.0,0.0
948,0.0,0.0,0.0,0.0,2.0,2.0,2.0,0.0,0.29267135,0.2870215028524399,0.3022023066878319,0.012065077,0.29267457,0.28702476620674133,0.3022052273154259,0.012065109,1.0159303,0.9851192981004715,1.0484602451324463,0.034587063,0.096677095,0.08944164402782917,0.10348640382289886,0.0076194666,0.096677095,0.08944164402782917,0.10348640382289886,0.0076194666,1.0,1.0,1.0,0.0,3.2115233e-06,3.014931280631572e-06,3.416684194235131e-06,2.4680116e-07,3.3226464e-05,3.292335168225691e-05,3.335832388984272e-05,5.0083696e-07,-27.1253,-27.50663661956787,-26.646820545196533,0.8296015,2.2350912,2.1673057079315186,2.3066585659980774,0.07609306,0.7450304,0.7224352359771729,0.7688862085342407,0.025364354,0.16333334,0.12600000575184822,0.1940000131726265,0.05122026,0.0,0.0,0.0,0.0,0.15647529,0.14062056317925453,0.16567203775048256,0.018567149,9.074279,9.068862199783325,9.086362600326538,0.01998151,9.084279,9.078862428665161,9.096362829208374,0.01998151,3036800.0,3036800.0,3036800.0,0.0
949,0.0,0.0,0.0,0.0,2.0,2.0,2.0,0.0,0.29267457,0.28702476620674133,0.3022052273154259,0.012065109,0.29267785,0.2870279774069786,0.3022087663412094,0.012065172,0.9998314,0.9637486636638641,1.0288538932800293,0.036858913,0.10037046,0.09357602521777153,0.10870838724076748,0.008551396,0.10037046,0.09357602521777153,0.10870838724076748,0.008551396,1.0,1.0,1.0,0.0,3.3078195e-06,3.144874085592164e-06,3.5456885143503314e-06,2.5723045e-07,3.2978194e-05,3.2677331546437927e-05,3.310906231490662e-05,4.9709706e-07,-26.93889,-27.27264928817749,-26.58433723449707,0.7176935,2.199673,2.120289444923401,2.2635236978530884,0.081091225,0.73322433,0.7067631483078003,0.754507914185524,0.02703041,0.16083333,0.14999999105930328,0.1824999935925007,0.035791907,0.0,0.0,0.0,0.0,0.14932372,0.1371459625661373,0.15839878842234612,0.022559697,9.084279,9.078862428665161,9.096362829208374,0.01998151,9.094279,9.088862657546997,9.10636305809021,0.01998151,3040000.0,3040000.0,3040000.0,0.0
950,0.0,0.0,0.0,0.0,2.0,2.0,2.0,0.0,0.29267785,0.2870279774069786,0.3022087663412094,0.012065172,0.29268107,0.2870310768485069,0.3022121340036392,0.012065141,1.011103,0.987573891878128,1.0329566299915314,0.027471036,0.097656004,0.0926928985863924,0.10290256887674332,0.0062421844,0.097656004,0.0926928985863924,0.10290256887674332,0.0062421844,1.0,1.0,1.0,0.0,3.1965974e-06,3.0346228072630765e-06,3.3532792258483823e-06,2.1103813e-07,3.2731776e-05,3.2433177693746984e-05,3.2861673389561474e-05,4.9338104e-07,-26.967432,-27.2437801361084,-26.454505920410156,0.72031003,2.224471,2.1727059483528137,2.2725499868392944,0.060437486,0.74149036,0.7242353409528732,0.7575166970491409,0.02014583,0.16333334,0.1420000083744526,0.18800001218914986,0.036174662,0.0006666667,0.0,0.0,0.0023094013,0.16100378,0.15329797938466072,0.17140309512615204,0.018347884,9.094279,9.088862657546997,9.10636305809021,0.01998151,9.1042795,9.098862886428833,9.116363286972046,0.01998151,3043200.0,3043200.0,3043200.0,0.0
951,0.0,0.0,0.0,0.0,2.0,2.0,2.0,0.0,0.29268107,0.2870310768485069,0.3022121340036392,0.012065141,0.29268435,0.28703439235687256,0.30221571028232574,0.012065221,0.996649,0.9707660973072052,1.0290870070457458,0.033777185,0.10105342,0.09352534636855125,0.106971500441432,0.007821058,0.10105342,0.09352534636855125,0.106971500441432,0.007821058,1.0,1.0,1.0,0.0,3.2810956e-06,3.0770327157370048e-06,3.420131349685107e-06,2.3216353e-07,3.24872e-05,3.219081827410264e-05,3.261612255300861e-05,4.8969605e-07,-26.827742,-27.117216110229492,-26.55711078643799,0.55311406,2.1926715,2.135728120803833,2.2640365958213806,0.074311286,0.7308906,0.7119094133377075,0.754678875207901,0.02477042,0.18066669,0.15600001066923141,0.21000000461935997,0.035525493,0.0,0.0,0.0,0.0,0.1503024,0.1308053508400917,0.16562160104513168,0.02189835,9.1042795,9.098862886428833,9.116363286972046,0.01998151,9.11428,9.108863115310669,9.126363515853882,0.01998151,3046400.0,3046400.0,3046400.0,0.0
952,0.0,0.0,0.0,0.0,2.0,2.0,2.0,0.0,0.29268435,0.28703439235687256,0.30221571028232574,0.012065221,0.29268757,0.28703756630420685,0.30221861600875854,0.012065149,0.9999059,0.9627911746501923,1.0370216369628906,0.037439674,0.10036384,0.09182987175881863,0.1089465320110321,0.008685124,0.10036384,0.09182987175881863,0.1089465320110321,0.008685124,1.0,1.0,1.0,0.0,3.2368064e-06,2.987524794662022e-06,3.5158489026798634e-06,2.9265678e-07,3.224445e-05,3.1950296033755876e-05,3.237241617171094e-05,4.8603454e-07,-26.836143,-27.376336574554443,-26.293653964996338,0.6759892,2.199837,2.118182897567749,2.281493067741394,0.08236893,0.733279,0.706060990691185,0.7604976892471313,0.0274563,0.14666668,0.12800000607967377,0.1600000113248825,0.020276874,0.0,0.0,0.0,0.0,0.15778361,0.14438888058066368,0.16657176986336708,0.022371849,9.11428,9.108863115310669,9.126363515853882,0.01998151,9.12428,9.118863344192505,9.136363744735718,0.01998151,3049600.0,3049600.0,3049600.0,0.0
953,0.0,0.0,0.0,0.0,2.0,2.0,2.0,0.0,0.29268757,0.28703756630420685,0.30221861600875854,0.012065149,0.29269072,0.2870406061410904,0.30222202837467194,0.012065229,1.0082554,0.9852745682001114,1.0246669948101044,0.028311906,0.09830762,0.09447958692908287,0.10345049016177654,0.0063732252,0.09830762,0.09447958692908287,0.10345049016177654,0.0063732252,1.0,1.0,1.0,0.0,3.144197e-06,3.027117315923533e-06,3.2743728866080346e-06,1.7396282e-07,3.200352e-05,3.1711549127066974e-05,3.21305205943645e-05,4.8240526e-07,-26.991173,-27.62811279296875,-26.310454845428467,0.94374895,2.218206,2.1676473021507263,2.2543123960494995,0.062287424,0.739402,0.7225491404533386,0.7514375001192093,0.020762475,0.14733334,0.12600000575184822,0.17800001427531242,0.029037077,0.0,0.0,0.0,0.0,0.15236013,0.1420920453965664,0.16524117067456245,0.015427186,9.12428,9.118863344192505,9.136363744735718,0.01998151,9.13428,9.12886357307434,9.146363973617554,0.01998151,3052800.0,3052800.0,3052800.0,0.0
954,0.0,0.0,0.0,0.0,2.0,2.0,2.0,0.0,0.29269072,0.2870406061410904,0.30222202837467194,0.012065229,0.29269373,0.2870434448122978,0.3022249639034271,0.012065188,1.0213073,1.004850596189499,1.037090390920639,0.022885654,0.09533221,0.09181427210569382,0.09889049828052521,0.0049481303,0.09533221,0.09181427210569382,0.09889049828052521,0.0049481303,1.0,1.0,1.0,0.0,3.028009e-06,2.918573670740443e-06,3.1299766192205425e-06,1.6053143e-07,3.1764383e-05,3.1474609386350494e-05,3.1890440368442796e-05,4.7879837e-07,-27.291084,-27.56956386566162,-27.01370143890381,0.61095333,2.2469213,2.210715413093567,2.2816444039344788,0.05034944,0.7489738,0.7369051724672318,0.7605481743812561,0.016783154,0.14800002,0.13600000739097595,0.1600000113248825,0.024000002,0.0,0.0,0.0,0.0,0.15670477,0.14476807788014412,0.16928612813353539,0.022462439,9.13428,9.12886357307434,9.146363973617554,0.01998151,9.14428,9.138863801956177,9.15636420249939,0.01998151,3056000.0,3056000.0,3056000.0,0.0
955,0.0,0.0,0.0,0.0,2.0,2.0,2.0,0.0,0.29269373,0.2870434448122978,0.3022249639034271,0.012065188,0.2926968,0.28704657405614853,0.3022276982665062,0.012065095,1.0133909,1.004487693309784,1.028298944234848,0.026283648,0.09712643,0.09369186498224735,0.09897307492792606,0.0058741295,0.09712643,0.09369186498224735,0.09897307492792606,0.0058741295,1.0,1.0,1.0,0.0,3.0628182e-06,2.9573097890533973e-06,3.176323161824257e-06,2.0206511e-07,3.152704e-05,3.123941587546142e-05,3.1652150028094184e-05,4.752232e-07,-27.236605,-27.638559818267822,-27.109983444213867,0.6313951,2.2295043,2.2099170684814453,2.262302875518799,0.05782515,0.7431682,0.7366390526294708,0.75410096347332,0.019275058,0.16133334,0.13200000673532486,0.18200001120567322,0.038868856,0.0,0.0,0.0,0.0,0.1547376,0.1486808806657791,0.1663416400551796,0.017279621,9.14428,9.138863801956177,9.15636420249939,0.01998151,9.154281,9.148864030838013,9.166364431381226,0.01998151,3059200.0,3059200.0,3059200.0,0.0
956,0.0,0.0,0.0,0.0,2.0,2.0,2.0,0.0,0.2926968,0.28704657405614853,0.3022276982665062,0.012065095,0.29269987,0.28704970329999924,0.30223076045513153,0.012065143,1.0106436,0.9865918457508087,1.0377276241779327,0.02929709,0.0977819,0.09168016724288464,0.1031432393938303,0.006554748,0.0977819,0.09168016724288464,0.1031432393938303,0.006554748,1.0,1.0,1.0,0.0,3.0581093e-06,2.873636560707382e-06,3.196667137217446e-06,1.828799e-07,3.1291464e-05,3.1006004064693116e-05,3.141564320685575e-05,4.7166975e-07,-27.24659,-27.612083435058594,-26.86518430709839,0.6856437,2.2234602,2.1705453991889954,2.283046305179596,0.06445488,0.7411534,0.7235151678323746,0.7610154449939728,0.021484958,0.16266668,0.1420000083744526,0.18200001120567322,0.035009954,0.0006666667,0.0,0.0,0.0023094013,0.15380257,0.13978742808103561,0.16122614964842796,0.019178238,9.154281,9.148864030838013,9.166364431381226,0.01998151,9.164281,9.158864259719849,9.176364660263062,0.01998151,3062400.0,3062400.0,3062400.0,0.0
957,0.0,0.0,0.0,0.0,2.0,2.0,2.0,0.0,0.29269987,0.28704970329999924,0.30223076045513153,0.012065143,0.29270288,0.2870527282357216,0.3022339269518852,0.012065235,1.0147263,0.9797172695398331,1.0514885187149048,0.04380616,0.09711564,0.08884907700121403,0.1047873217612505,0.009727611,0.09711564,0.08884907700121403,0.1047873217612505,0.009727611,1.0,1.0,1.0,0.0,3.0145256e-06,2.7847558499161096e-06,3.224965439585503e-06,2.8706344e-07,3.1057654e-05,3.077431028941646e-05,3.1180897167359944e-05,4.6814722e-07,-27.005186,-27.469233512878418,-26.452489376068115,0.87907106,2.2324426,2.155421018600464,2.3133209943771362,0.096375495,0.74414754,0.7184736728668213,0.7711070030927658,0.032125164,0.14466667,0.11800000444054604,0.17000001296401024,0.033502605,0.0013333334,0.0,0.0,0.003113996,0.14218071,0.13063208758831024,0.1462392546236515,0.016819878,9.164281,9.158864259719849,9.176364660263062,0.01998151,9.174281,9.168864488601685,9.186364889144897,0.01998151,3065600.0,3065600.0,3065600.0,0.0
958,0.0,0.0,0.0,0.0,2.0,2.0,2.0,0.0,0.29270288,0.2870527282357216,0.3022339269518852,0.012065235,0.29270554,0.28705545514822006,0.30223681777715683,0.012065692,1.0320635,1.0130948722362518,1.0442006289958954,0.037664633,0.086733915,0.09033951349556446,0.09703663736581802,0.02803791,0.09320149,0.09033951349556446,0.09703663736581802,0.008010628,0.9166667,1.0,1.0,0.28867513,2.6667358e-06,2.7753573590416636e-06,2.964126508686604e-06,8.604198e-07,3.0825584e-05,3.054437320315628e-05,3.094791645708028e-05,4.6464774e-07,-27.544966,-27.88615846633911,-27.006834506988525,0.66105425,2.2705848,2.2288532853126526,2.297287166118622,0.08286382,0.7568617,0.7429510951042175,0.7657623887062073,0.02762127,0.15533334,0.13600000739097595,0.16200001165270805,0.02822421,0.0,0.0,0.0,0.0,0.15992785,0.14253927394747734,0.17341119050979614,0.023467723,9.174281,9.168864488601685,9.186364889144897,0.01998151,9.184281,9.17886471748352,9.196365118026733,0.01998151,3068800.0,3068800.0,3068800.0,0.0
959,0.0,0.0,0.0,0.0,2.0,2.0,2.0,0.0,0.29270554,0.28705545514822006,0.30223681777715683,0.012065692,0.29270858,0.2870585545897484,0.3022398054599762,0.012065682,1.0033742,0.9836951941251755,1.0182985365390778,0.029059695,0.09942929,0.0958746038377285,0.10382660292088985,0.006627363,0.09942929,0.0958746038377285,0.10382660292088985,0.006627363,1.0,1.0,1.0,0.0,3.041505e-06,2.932113545739412e-06,3.174289133767161e-06,1.9770593e-07,3.0595253e-05,3.0316128686536103e-05,3.071666287723929e-05,4.6117768e-07,-26.866728,-27.547729969024658,-26.439716815948486,0.7192916,2.2074673,2.164172649383545,2.240301549434662,0.063932635,0.7358225,0.7213909029960632,0.7467672228813171,0.021310888,0.17666668,0.15200001001358032,0.1940000019967556,0.030598078,0.0,0.0,0.0,0.0,0.14089856,0.13389363884925842,0.14772603288292885,0.015491992,9.184281,9.17886471748352,9.196365118026733,0.01998151,9.194282,9.188864946365356,9.20636534690857,0.01998151,3072000.0,3072000.0,3072000.0,0.0
960,0.0,0.0,0.0,0.0,2.0,2.0,2.0,0.0,0.29270858,0.2870585545897484,0.3022398054599762,0.012065682,0.29271153,0.28706158697605133,0.302242673933506,0.012065682,1.0145427,0.9980494827032089,1.0286851525306702,0.03073924,0.09692902,0.0936151072382927,0.10045050270855427,0.006861859,0.09692902,0.0936151072382927,0.10045050270855427,0.006861859,1.0,1.0,1.0,0.0,2.9428718e-06,2.849268867066712e-06,3.0038227123441175e-06,2.046861e-07,3.0366638e-05,3.00896158478281e-05,3.0487150525004836e-05,4.5772924e-07,-27.029236,-27.26475191116333,-26.749662399291992,0.657324,2.2320385,2.195752739906311,2.263152599334717,0.06762769,0.74401283,0.731917604804039,0.7543842047452927,0.022542557,0.16733335,0.15000000968575478,0.18800001218914986,0.030215388,0.002,0.0,0.0020000000949949026,0.0036181363,0.15282749,0.14061634987592697,0.16803691908717155,0.02217713,9.194282,9.188864946365356,9.20636534690857,0.01998151,9.204282,9.198865175247192,9.216365575790405,0.01998151,3075200.0,3075200.0,3075200.0,0.0
961,0.0,0.0,0.0,0.0,2.0,2.0,2.0,0.0,0.29271153,0.28706158697605133,0.302242673933506,0.012065682,0.2927142,0.28706464916467667,0.3022458553314209,0.012066176,1.0237519,0.9823308885097504,1.078277051448822,0.053687852,0.0887419,0.08352030254900455,0.10415385849773884,0.029806245,0.09533443,0.08352030254900455,0.10415385849773884,0.011554774,0.9166667,1.0,1.0,0.28867513,2.6658545e-06,2.5340122533634712e-06,3.1327450642493204e-06,8.876703e-07,3.013974e-05,2.98647732961399e-05,3.025934347533621e-05,4.543116e-07,-27.25878,-28.149376392364502,-26.4780535697937,1.1988217,2.252299,2.1611711382865906,2.3722569346427917,0.11811562,0.75076634,0.7203903794288635,0.7907523363828659,0.03937187,0.15733333,0.11800000444054604,0.1940000019967556,0.04947237,0.0,0.0,0.0,0.0,0.14747283,0.13747629895806313,0.1605282574892044,0.018956214,9.204282,9.198865175247192,9.216365575790405,0.01998151,9.214282,9.208865404129028,9.226365804672241,0.01998151,3078400.0,3078400.0,3078400.0,0.0
962,0.0,0.0,0.0,0.0,2.0,2.0,2.0,0.0,0.2927142,0.28706464916467667,0.3022458553314209,0.012066176,0.29271704,0.28706739097833633,0.30224865674972534,0.012066184,1.0227209,1.001761257648468,1.040085881948471,0.033713978,0.09516408,0.09118582308292389,0.09961486980319023,0.0073413453,0.09516408,0.09118582308292389,0.09961486980319023,0.0073413453,1.0,1.0,1.0,0.0,2.8463849e-06,2.725794445268548e-06,2.947311145362619e-06,2.1656018e-07,2.991453e-05,2.9641629225807264e-05,3.0033246275706915e-05,4.5091423e-07,-27.27987,-27.373225688934326,-26.81779670715332,0.9826689,2.2500312,2.203918695449829,2.28823459148407,0.07417223,0.75001043,0.7346395701169968,0.7627449035644531,0.024724074,0.1625,0.13499999977648258,0.1849999912083149,0.0517204,0.0,0.0,0.0,0.0,0.15115081,0.13882064446806908,0.15570322051644325,0.01851358,9.214282,9.208865404129028,9.226365804672241,0.01998151,9.224282,9.218865633010864,9.236366033554077,0.01998151,3081600.0,3081600.0,3081600.0,0.0
963,0.0,0.0,0.0,0.0,2.0,2.0,2.0,0.0,0.29271704,0.28706739097833633,0.30224865674972534,0.012066184,0.29271984,0.28707023710012436,0.30225150287151337,0.012066214,1.0241857,1.0131933689117432,1.0358515977859497,0.022273159,0.09469784,0.09208541736006737,0.09700781293213367,0.0048907273,0.09469784,0.09208541736006737,0.09700781293213367,0.0048907273,1.0,1.0,1.0,0.0,2.8105799e-06,2.743995878518035e-06,2.8612845426323474e-06,1.2778264e-07,2.9691008e-05,2.9420134069368942e-05,2.980883118652855e-05,4.4754736e-07,-27.192282,-27.479623317718506,-26.76809310913086,0.71816415,2.2532537,2.229069948196411,2.278919041156769,0.049001947,0.75108457,0.7430233210325241,0.7596396952867508,0.016333986,0.15533334,0.1340000070631504,0.17800001427531242,0.029236758,0.0006666667,0.0,0.0,0.0023094013,0.15590054,0.14496901258826256,0.1755424402654171,0.019742815,9.224282,9.218865633010864,9.236366033554077,0.01998151,9.2342825,9.2288658618927,9.246366262435913,0.01998151,3084800.0,3084800.0,3084800.0,0.0
964,0.0,0.0,0.0,0.0,2.0,2.0,2.0,0.0,0.29271984,0.28707023710012436,0.30225150287151337,0.012066214,0.29272273,0.2870733439922333,0.30225424468517303,0.012066202,1.0127122,0.9977795034646988,1.030908465385437,0.029960586,0.09733034,0.09313121065497398,0.10051399655640125,0.0068578394,0.09733034,0.09313121065497398,0.10051399655640125,0.0068578394,1.0,1.0,1.0,0.0,2.867676e-06,2.7180001325177727e-06,2.9543255664066237e-06,1.9883605e-07,2.9469149e-05,2.9200314656918636e-05,2.9586099117295817e-05,4.4420096e-07,-27.191038,-27.791297912597656,-26.86501407623291,0.74375117,2.2280114,2.1951587200164795,2.2680439352989197,0.065914616,0.7426705,0.7317196130752563,0.7560146450996399,0.021971526,0.15,0.1340000070631504,0.15400001034140587,0.025326954,0.0006666667,0.0,0.0,0.0023094013,0.15178801,0.130995012819767,0.16818379238247871,0.023124805,9.2342825,9.2288658618927,9.246366262435913,0.01998151,9.244283,9.238866090774536,9.256366491317749,0.01998151,3088000.0,3088000.0,3088000.0,0.0
965,0.0,0.0,0.0,0.0,2.0,2.0,2.0,0.0,0.29272273,0.2870733439922333,0.30225424468517303,0.012066202,0.2927256,0.28707586973905563,0.30225720256567,0.012066169,1.0077032,0.9905593395233154,1.0153061151504517,0.027735967,0.098421454,0.09654982574284077,0.10219773836433887,0.006068134,0.098421454,0.09654982574284077,0.10219773836433887,0.006068134,1.0,1.0,1.0,0.0,2.8788436e-06,2.8111247729611932e-06,2.9772667744509818e-06,1.8572024e-07,2.9248955e-05,2.8982113690290134e-05,2.9365025056904415e-05,4.4088452e-07,-27.05657,-27.472341537475586,-26.798404693603516,0.5668622,2.2169912,2.179274022579193,2.233717978000641,0.061020385,0.73899704,0.7264247089624405,0.7445726841688156,0.02034013,0.16533335,0.12600000575184822,0.1940000019967556,0.04196391,0.0,0.0,0.0,0.0,0.1518514,0.14564165845513344,0.1567070335149765,0.01649075,9.244283,9.238866090774536,9.256366491317749,0.01998151,9.254283,9.248866319656372,9.266366720199585,0.01998151,3091200.0,3091200.0,3091200.0,0.0
966,0.0,0.0,0.0,0.0,2.0,2.0,2.0,0.0,0.2927256,0.28707586973905563,0.30225720256567,0.012066169,0.29272833,0.28707874566316605,0.30225979536771774,0.012066203,1.023317,1.0078446865081787,1.042712241411209,0.027794449,0.09495297,0.09063335135579109,0.0982252899557352,0.006193225,0.09495297,0.09063335135579109,0.0982252899557352,0.006193225,1.0,1.0,1.0,0.0,2.7559454e-06,2.650035071383172e-06,2.8494426942415885e-06,1.7412292e-07,2.9030401e-05,2.8765566185029456e-05,2.9145609460101696e-05,4.3758834e-07,-27.06862,-27.392379760742188,-26.715797424316406,0.48311606,2.2513423,2.217302620410919,2.294012665748596,0.061148994,0.75044745,0.7391009032726288,0.7646708935499191,0.020382991,0.16066667,0.14400000870227814,0.17600001394748688,0.026081458,0.0006666667,0.0,0.0,0.0023094013,0.15545784,0.14877940714359283,0.16203473508358002,0.011270098,9.254283,9.248866319656372,9.266366720199585,0.01998151,9.264283,9.258866548538208,9.276366949081421,0.01998151,3094400.0,3094400.0,3094400.0,0.0
967,0.0,0.0,0.0,0.0,2.0,2.0,2.0,0.0,0.29272833,0.28707874566316605,0.30225979536771774,0.012066203,0.29273126,0.28708137571811676,0.3022630587220192,0.012066392,1.0000361,0.9654838740825653,1.0349101126194,0.050075855,0.100597024,0.0923060905188322,0.10827786847949028,0.01144234,0.100597024,0.0923060905188322,0.10827786847949028,0.01144234,1.0,1.0,1.0,0.0,2.895976e-06,2.71151253627977e-06,3.1028511671138403e-06,3.0777082e-07,2.8813485e-05,2.8550618480949197e-05,2.892782595154131e-05,4.3431953e-07,-26.96961,-27.826600074768066,-26.165002822875977,1.0684713,2.2001235,2.1241069436073303,2.2768476605415344,0.11016906,0.73337454,0.7080356776714325,0.7589492201805115,0.03672302,0.17800002,0.14800000935792923,0.20400000363588333,0.0409523,0.0,0.0,0.0,0.0,0.1611558,0.1400686763226986,0.18027717992663383,0.02696432,9.264283,9.258866548538208,9.276366949081421,0.01998151,9.274283,9.268866777420044,9.286367177963257,0.01998151,3097600.0,3097600.0,3097600.0,0.0
968,0.0,0.0,0.0,0.0,2.0,2.0,2.0,0.0,0.29273126,0.28708137571811676,0.3022630587220192,0.012066392,0.29273397,0.2870838865637779,0.30226608365774155,0.012066591,1.0241481,0.9719038158655167,1.0725516378879547,0.05312961,0.095240444,0.08461601473391056,0.10668325796723366,0.011595499,0.095240444,0.08461601473391056,0.10668325796723366,0.011595499,1.0,1.0,1.0,0.0,2.7209928e-06,2.4204515511883073e-06,3.023154420134233e-06,3.1057837e-07,2.8598186e-05,2.8337295134406304e-05,2.871167771445471e-05,4.310729e-07,-27.093222,-27.687705993652344,-26.147104740142822,1.2603418,2.2531707,2.138231039047241,2.3596606850624084,0.11688749,0.7510569,0.7127436995506287,0.7865535616874695,0.03896249,0.15733334,0.1420000083744526,0.17000001296401024,0.017834257,0.0,0.0,0.0,0.0,0.15512651,0.14319384098052979,0.16328995302319527,0.018607689,9.274283,9.268866777420044,9.286367177963257,0.01998151,9.284284,9.27886700630188,9.296367406845093,0.01998151,3100800.0,3100800.0,3100800.0,0.0
969,0.0,0.0,0.0,0.0,2.0,2.0,2.0,0.0,0.29273397,0.2870838865637779,0.30226608365774155,0.012066591,0.29273668,0.28708645701408386,0.3022688925266266,0.012066763,1.0223829,0.9920192956924438,1.0449374318122864,0.039831363,0.09533589,0.09023362584412098,0.10185736790299416,0.008470707,0.09533589,0.09023362584412098,0.10185736790299416,0.008470707,1.0,1.0,1.0,0.0,2.7034584e-06,2.590059011708945e-06,2.870180026093294e-06,2.1184222e-07,2.83845e-05,2.8125545213697478e-05,2.8497138373495545e-05,4.2785376e-07,-27.401533,-27.774588584899902,-27.035740852355957,0.74185574,2.2492874,2.1824859976768494,2.298908233642578,0.08763076,0.7497625,0.7274953722953796,0.7663027793169022,0.02921025,0.18066669,0.16600001230835915,0.19600000232458115,0.031901363,0.0,0.0,0.0,0.0,0.16203247,0.1515347920358181,0.1729905866086483,0.016895654,9.284284,9.27886700630188,9.296367406845093,0.01998151,9.294284,9.288867235183716,9.306367635726929,0.01998151,3104000.0,3104000.0,3104000.0,0.0
970,0.0,0.0,0.0,0.0,2.0,2.0,2.0,0.0,0.29273668,0.28708645701408386,0.3022688925266266,0.012066763,0.29273948,0.28708935528993607,0.30227140337228775,0.012066739,1.0048857,0.9816344380378723,1.0227327048778534,0.028538013,0.09907421,0.09490068256855011,0.10431989841163158,0.006364058,0.09907421,0.09490068256855011,0.10431989841163158,0.006364058,1.0,1.0,1.0,0.0,2.7910153e-06,2.6897022280536476e-06,2.94209525009137e-06,1.8096402e-07,2.8172406e-05,2.7915398732147878e-05,2.828420883815852e-05,4.246543e-07,-27.017763,-27.183879375457764,-26.669607162475586,0.4820792,2.2107925,2.1596388816833496,2.2500568628311157,0.06278486,0.7369309,0.7198796421289444,0.7500189542770386,0.020928288,0.17400001,0.15000000968575478,0.20000000298023224,0.041094128,0.0,0.0,0.0,0.0,0.15328117,0.13784563541412354,0.15962288156151772,0.018633476,9.294284,9.288867235183716,9.306367635726929,0.01998151,9.304284,9.298867464065552,9.316367864608765,0.01998151,3107200.0,3107200.0,3107200.0,0.0
971,0.0,0.0,0.0,0.0,2.0,2.0,2.0,0.0,0.29273948,0.28708935528993607,0.30227140337228775,0.012066739,0.29274222,0.28709227591753006,0.3022742122411728,0.012066663,1.0115305,0.9823670536279678,1.033788651227951,0.038681407,0.097732365,0.09252366051077843,0.1041460633277893,0.008623385,0.097732365,0.09252366051077843,0.1041460633277893,0.008623385,1.0,1.0,1.0,0.0,2.7332833e-06,2.573806341388263e-06,2.9405995292108855e-06,2.5054985e-07,2.79619e-05,2.7706801120075397e-05,2.8072860004613176e-05,4.21483e-07,-27.000526,-27.55083179473877,-26.314369201660156,0.743818,2.2254117,2.161250650882721,2.2743804454803467,0.08510083,0.7418039,0.7204168885946274,0.7581268399953842,0.02836695,0.16266668,0.14800000935792923,0.18800001218914986,0.035993267,0.0,0.0,0.0,0.0,0.15802659,0.14785025641322136,0.16776714846491814,0.013159696,9.304284,9.298867464065552,9.316367864608765,0.01998151,9.314284,9.308867692947388,9.3263680934906,0.01998151,3110400.0,3110400.0,3110400.0,0.0
972,0.0,0.0,0.0,0.0,2.0,2.0,2.0,0.0,0.29274222,0.28709227591753006,0.3022742122411728,0.012066663,0.29274485,0.287094883620739,0.3022771179676056,0.0120667275,1.0215442,1.0006790310144424,1.0488170683383942,0.03461229,0.0954414,0.0893690176308155,0.09985977038741112,0.0077628954,0.0954414,0.0893690176308155,0.09985977038741112,0.0077628954,1.0,1.0,1.0,0.0,2.6474145e-06,2.5188587073898816e-06,2.764051544090762e-06,1.9820888e-07,2.7752962e-05,2.7499783300299896e-05,2.7863101877301233e-05,4.1833275e-07,-27.397318,-27.935407638549805,-26.976439952850342,0.7069914,2.2474422,2.201537847518921,2.3074437379837036,0.076148555,0.7491474,0.7338459640741348,0.7691479325294495,0.025382858,0.16000001,0.13600000739097595,0.1860000118613243,0.036261674,0.0,0.0,0.0,0.0,0.16302253,0.15070949867367744,0.16596496850252151,0.020240696,9.314284,9.308867692947388,9.3263680934906,0.01998151,9.324285,9.318867921829224,9.336368322372437,0.01998151,3113600.0,3113600.0,3113600.0,0.0
973,0.0,0.0,0.0,0.0,2.0,2.0,2.0,0.0,0.29274485,0.287094883620739,0.3022771179676056,0.0120667275,0.29274747,0.2870973274111748,0.3022797554731369,0.0120667815,1.0212764,1.0058858096599579,1.0323642790317535,0.025259765,0.09536538,0.09283558093011379,0.09865724481642246,0.005471413,0.09536538,0.09283558093011379,0.09865724481642246,0.005471413,1.0,1.0,1.0,0.0,2.6262953e-06,2.5432514121348504e-06,2.7189977913621988e-06,1.4528692e-07,2.7545591e-05,2.7294289793644566e-05,2.7654901714413427e-05,4.1520917e-07,-27.06984,-27.362459659576416,-26.814329147338867,0.55448353,2.2468529,2.2129929065704346,2.27124685049057,0.055572607,0.74895096,0.7376643121242523,0.7570823132991791,0.018524196,0.13733335,0.12400000542402267,0.15400001034140587,0.034926765,0.0,0.0,0.0,0.0,0.1642963,0.14730632305145264,0.18489711359143257,0.024631118,9.324285,9.318867921829224,9.336368322372437,0.01998151,9.334285,9.32886815071106,9.346368551254272,0.01998151,3116800.0,3116800.0,3116800.0,0.0
974,0.0,0.0,0.0,0.0,2.0,2.0,2.0,0.0,0.29274747,0.2870973274111748,0.3022797554731369,0.0120667815,0.2927502,0.2871001064777374,0.3022826537489891,0.0120667685,0.99935824,0.9723531156778336,1.0296077728271484,0.036102403,0.10046103,0.09344618208706379,0.106575608253479,0.008172225,0.10046103,0.09344618208706379,0.106575608253479,0.008172225,1.0,1.0,1.0,0.0,2.7465846e-06,2.5552194529154804e-06,2.903386473462888e-06,2.2708647e-07,2.7339765e-05,2.7090353796666022e-05,2.744826497291797e-05,4.1210427e-07,-27.00023,-27.644380569458008,-26.38151264190674,0.86397874,2.198632,2.139219582080841,2.265182375907898,0.0794269,0.73287743,0.713073194026947,0.7550608217716217,0.026475633,0.17866667,0.17200001329183578,0.19200000166893005,0.019396966,0.0,0.0,0.0,0.0,0.15447417,0.14700552448630333,0.1621759869158268,0.015887795,9.334285,9.32886815071106,9.346368551254272,0.01998151,9.344285,9.338868379592896,9.356368780136108,0.01998151,3120000.0,3120000.0,3120000.0,0.0
975,0.0,0.0,0.0,0.0,2.0,2.0,2.0,0.0,0.2927502,0.2871001064777374,0.3022826537489891,0.0120667685,0.29275283,0.28710268437862396,0.3022853136062622,0.012066812,1.0172703,0.9957604259252548,1.0382437109947205,0.0404757,0.096482195,0.09157191216945648,0.10099552571773529,0.008914185,0.096482195,0.09157191216945648,0.10099552571773529,0.008914185,1.0,1.0,1.0,0.0,2.6173022e-06,2.513378831281443e-06,2.7486091198625218e-06,2.3436388e-07,2.713548e-05,2.6887922558671562e-05,2.7243163458479103e-05,4.090272e-07,-27.08738,-27.514211654663086,-26.485058307647705,0.90796363,2.2380393,2.1907167434692383,2.284181833267212,0.08904833,0.74601316,0.7302389144897461,0.7613939791917801,0.029682789,0.1625,0.14000000059604645,0.17249999940395355,0.043090813,0.0,0.0,0.0,0.0,0.14543578,0.13338199630379677,0.15727639570832253,0.0198878,9.344285,9.338868379592896,9.356368780136108,0.01998151,9.354285,9.348868608474731,9.366369009017944,0.01998151,3123200.0,3123200.0,3123200.0,0.0
976,0.0,0.0,0.0,0.0,2.0,2.0,2.0,0.0,0.29275283,0.28710268437862396,0.3022853136062622,0.012066812,0.29275557,0.2871051952242851,0.3022879958152771,0.01206686,0.99674815,0.983587309718132,1.0124509632587433,0.028210374,0.10094523,0.09717410616576672,0.10385439731180668,0.0064934166,0.10094523,0.09717410616576672,0.10385439731180668,0.0064934166,1.0,1.0,1.0,0.0,2.7176002e-06,2.652362468325009e-06,2.766300440271152e-06,1.5959569e-07,2.693272e-05,2.6687021545512835e-05,2.703960217331769e-05,4.0596905e-07,-26.886114,-27.343056678771973,-26.434571743011475,0.89049673,2.1928897,2.1639353036880493,2.2274364829063416,0.062064048,0.73096323,0.7213117778301239,0.7424788326025009,0.02068801,0.16000001,0.13600000739097595,0.18400001153349876,0.03658117,0.0006666667,0.0,0.0,0.0023094013,0.15197189,0.143472358584404,0.16079076752066612,0.010536013,9.354285,9.348868608474731,9.366369009017944,0.01998151,9.364285,9.358868837356567,9.37636923789978,0.01998151,3126400.0,3126400.0,3126400.0,0.0
977,0.0,0.0,0.0,0.0,2.0,2.0,2.0,0.0,0.29275557,0.2871051952242851,0.3022879958152771,0.01206686,0.29275814,0.2871076837182045,0.30229049921035767,0.012066911,1.0183402,1.0160073339939117,1.0355064272880554,0.034215245,0.096145816,0.0921503808349371,0.09638296253979206,0.007914431,0.096145816,0.0921503808349371,0.09638296253979206,0.007914431,1.0,1.0,1.0,0.0,2.5691215e-06,2.494398529506725e-06,2.5802469849622867e-06,2.007944e-07,2.6731477e-05,2.6487603463465348e-05,2.6837557470571483e-05,4.029374e-07,-27.070215,-27.566067695617676,-26.58469867706299,0.77346134,2.2403934,2.235260844230652,2.2781595587730408,0.07527503,0.7467978,0.7450869679450989,0.7593865394592285,0.025091676,0.13800001,0.12600000575184822,0.16200001165270805,0.031101013,0.0,0.0,0.0,0.0,0.1542324,0.1468719132244587,0.1690090149641037,0.015602658,9.364285,9.358868837356567,9.37636923789978,0.01998151,9.374286,9.368869066238403,9.386369466781616,0.01998151,3129600.0,3129600.0,3129600.0,0.0
978,0.0,0.0,0.0,0.0,2.0,2.0,2.0,0.0,0.29275814,0.2871076837182045,0.30229049921035767,0.012066911,0.29276064,0.28710995614528656,0.3022930175065994,0.012066921,1.0274183,1.0108855366706848,1.0381109714508057,0.030919071,0.09409804,0.09163253381848335,0.09752692468464375,0.006602747,0.09409804,0.09163253381848335,0.09752692468464375,0.006602747,1.0,1.0,1.0,0.0,2.4957155e-06,2.4173045858333353e-06,2.58540228514903e-06,1.6590018e-07,2.6531734e-05,2.6289695597370155e-05,2.6637025712261675e-05,3.99924e-07,-27.167757,-27.668816089630127,-26.76900053024292,0.6749786,2.2603652,2.2239925861358643,2.2838897705078125,0.06802334,0.75345516,0.7413308620452881,0.7612966150045395,0.022674449,0.15133335,0.12400000542402267,0.17600001394748688,0.03469696,0.0,0.0,0.0,0.0,0.1515023,0.13867025077342987,0.16206995025277138,0.01590713,9.374286,9.368869066238403,9.386369466781616,0.01998151,9.384286,9.37886929512024,9.396369695663452,0.01998151,3132800.0,3132800.0,3132800.0,0.0
979,0.0,0.0,0.0,0.0,2.0,2.0,2.0,0.0,0.29276064,0.28710995614528656,0.3022930175065994,0.012066921,0.29276326,0.2871122807264328,0.30229583382606506,0.012066976,1.0002487,0.9732191562652588,1.02336585521698,0.03652561,0.100269295,0.0947631374001503,0.10636308044195175,0.008518076,0.100269295,0.0947631374001503,0.10636308044195175,0.008518076,1.0,1.0,1.0,0.0,2.6393811e-06,2.474993891610211e-06,2.773305425307626e-06,2.120823e-07,2.6333488e-05,2.6093247470271308e-05,2.643798870849423e-05,3.9693748e-07,-26.970057,-27.500808238983154,-26.30903196334839,0.91760206,2.2005908,2.141124904155731,2.251449763774872,0.08035794,0.73353034,0.7137083411216736,0.7504832744598389,0.026785975,0.17000002,0.1640000119805336,0.19200000166893005,0.028565712,0.0006666667,0.0,0.0,0.0023094013,0.14803137,0.13485417887568474,0.15470261871814728,0.015275337,9.384286,9.37886929512024,9.396369695663452,0.01998151,9.394286,9.388869524002075,9.406369924545288,0.01998151,3136000.0,3136000.0,3136000.0,0.0
980,0.0,0.0,0.0,0.0,2.0,2.0,2.0,0.0,0.29276326,0.2871122807264328,0.30229583382606506,0.012066976,0.2927658,0.2871150001883507,0.302298441529274,0.01206698,1.0157515,0.9804195612668991,1.0456776320934296,0.034126174,0.09671173,0.09001768752932549,0.10461191460490227,0.007614058,0.09671173,0.09001768752932549,0.10461191460490227,0.007614058,1.0,1.0,1.0,0.0,2.5273202e-06,2.3828089865673974e-06,2.715106973028014e-06,1.9688646e-07,2.6136719e-05,2.5898283183778403e-05,2.6240444640279748e-05,3.9397017e-07,-27.187286,-27.32407283782959,-27.05427837371826,0.44063953,2.2346978,2.1569660902023315,2.300536811351776,0.075079106,0.7448993,0.7189887017011642,0.766845628619194,0.025026366,0.15666668,0.12600000575184822,0.17600001394748688,0.04184242,0.0006666667,0.0,0.0,0.0023094013,0.15387814,0.14564569294452667,0.1599142625927925,0.012031573,9.394286,9.388869524002075,9.406369924545288,0.01998151,9.404286,9.398869752883911,9.416370153427124,0.01998151,3139200.0,3139200.0,3139200.0,0.0
981,0.0,0.0,0.0,0.0,2.0,2.0,2.0,0.0,0.2927658,0.2871150001883507,0.302298441529274,0.01206698,0.2927684,0.2871175929903984,0.30230116099119186,0.01206701,0.9995375,0.9735115021467209,1.0246604084968567,0.034091327,0.10038919,0.09447992779314518,0.10628944262862206,0.007864212,0.10038919,0.09447992779314518,0.10628944262862206,0.007864212,1.0,1.0,1.0,0.0,2.6028638e-06,2.4658512529640575e-06,2.7433754326011695e-06,1.880035e-07,2.5941425e-05,2.570476090113516e-05,2.6044369406008627e-05,3.9102758e-07,-26.964401,-27.749586582183838,-26.292690753936768,0.9476995,2.1990263,2.1417680382728577,2.254297971725464,0.075002424,0.73300886,0.7139226794242859,0.7514326870441437,0.025000814,0.15733334,0.15200001001358032,0.17000001296401024,0.02941037,0.0,0.0,0.0,0.0,0.16111109,0.1439645066857338,0.17359111085534096,0.023969958,9.404286,9.398869752883911,9.416370153427124,0.01998151,9.414287,9.408869981765747,9.42637038230896,0.01998151,3142400.0,3142400.0,3142400.0,0.0
982,0.0,0.0,0.0,0.0,2.0,2.0,2.0,0.0,0.2927684,0.2871175929903984,0.30230116099119186,0.01206701,0.2927709,0.28712014108896255,0.30230365693569183,0.012067024,1.0127668,1.0034174174070358,1.0329343676567078,0.027207568,0.09727955,0.09269708395004272,0.09921795129776001,0.0061809313,0.09727955,0.09269708395004272,0.09921795129776001,0.0061809313,1.0,1.0,1.0,0.0,2.5040217e-06,2.410088995929982e-06,2.5663384803920053e-06,1.504327e-07,2.5747586e-05,2.5512701085972367e-05,2.5849766188912326e-05,3.8810424e-07,-27.027021,-27.507365703582764,-26.64406108856201,0.7441644,2.2281315,2.207562506198883,2.2725009322166443,0.059857827,0.74271053,0.7358542084693909,0.7575003206729889,0.019952612,0.15533334,0.1340000070631504,0.17600001394748688,0.026959006,0.0013333334,0.0,0.0,0.003113996,0.15697181,0.14152992144227028,0.1751323714852333,0.023789985,9.414287,9.408869981765747,9.42637038230896,0.01998151,9.424287,9.418870210647583,9.436370611190796,0.01998151,3145600.0,3145600.0,3145600.0,0.0
983,0.0,0.0,0.0,0.0,2.0,2.0,2.0,0.0,0.2927709,0.28712014108896255,0.30230365693569183,0.012067024,0.29277346,0.2871227562427521,0.3023061603307724,0.012067116,1.003357,0.9863137006759644,1.0255177021026611,0.040468004,0.09963264,0.0942950937896967,0.1032025758177042,0.009547659,0.09963264,0.0942950937896967,0.1032025758177042,0.009547659,1.0,1.0,1.0,0.0,2.544374e-06,2.407976069207507e-06,2.598820003640867e-06,2.2639556e-07,2.55552e-05,2.5322056899312884e-05,2.56566113421286e-05,3.852064e-07,-26.91646,-27.40058660507202,-26.5064640045166,0.5681417,2.2074294,2.169933497905731,2.2561840415000916,0.0890314,0.7358098,0.7233111709356308,0.7520613819360733,0.02967714,0.14600001,0.12600000575184822,0.1640000119805336,0.025326958,0.0006666667,0.0,0.0,0.0023094013,0.15237482,0.13789401203393936,0.16482285410165787,0.019986045,9.424287,9.418870210647583,9.436370611190796,0.01998151,9.434287,9.428870439529419,9.446370840072632,0.01998151,3148800.0,3148800.0,3148800.0,0.0
984,0.0,0.0,0.0,0.0,2.0,2.0,2.0,0.0,0.29277346,0.2871227562427521,0.3023061603307724,0.012067116,0.29277593,0.28712527453899384,0.30230873078107834,0.012067223,1.009941,0.9863942712545395,1.0344096720218658,0.039955758,0.098120905,0.09240127541124821,0.10323181003332138,0.009174596,0.098120905,0.09240127541124821,0.10323181003332138,0.009174596,1.0,1.0,1.0,0.0,2.4869703e-06,2.335744738957146e-06,2.613132210171898e-06,2.1320275e-07,2.5364245e-05,2.5132857444987167e-05,2.5464904410910094e-05,3.8232653e-07,-26.962425,-27.48346757888794,-26.437371730804443,0.94892895,2.2219143,2.170110762119293,2.275746703147888,0.08790439,0.7406381,0.7233702689409256,0.7585822492837906,0.02930147,0.14533333,0.13200000673532486,0.16200001165270805,0.034423392,0.002,0.0,0.0020000000949949026,0.0036181363,0.15124916,0.13693784177303314,0.16257377713918686,0.024247449,9.434287,9.428870439529419,9.446370840072632,0.01998151,9.444287,9.438870668411255,9.456371068954468,0.01998151,3152000.0,3152000.0,3152000.0,0.0
985,0.0,0.0,0.0,0.0,2.0,2.0,2.0,0.0,0.29277593,0.28712527453899384,0.30230873078107834,0.012067223,0.29277834,0.28712768852710724,0.30231085419654846,0.012067122,1.0242676,0.9941727370023727,1.0499274134635925,0.039275482,0.09491265,0.0891425795853138,0.10135124810039997,0.008299913,0.09491265,0.0891425795853138,0.10135124810039997,0.008299913,1.0,1.0,1.0,0.0,2.3905493e-06,2.234269345535722e-06,2.5568774049133935e-06,2.2597341e-07,2.5174724e-05,2.4945051791291917e-05,2.5274624931626022e-05,3.7947126e-07,-27.316198,-28.049997806549072,-26.825270652770996,0.73231333,2.2534335,2.1872236728668213,2.309886336326599,0.08640776,0.7511446,0.7290745824575424,0.7699621170759201,0.028802587,0.15133335,0.12400000542402267,0.17800001427531242,0.03940774,0.0013333334,0.0,0.0,0.003113996,0.1557926,0.1406913474202156,0.16734880954027176,0.02173911,9.444287,9.438870668411255,9.456371068954468,0.01998151,9.454288,9.44887089729309,9.466371297836304,0.01998151,3155200.0,3155200.0,3155200.0,0.0
986,0.0,0.0,0.0,0.0,2.0,2.0,2.0,0.0,0.29277834,0.28712768852710724,0.30231085419654846,0.012067122,0.2927808,0.2871297150850296,0.30231335759162903,0.012067164,1.0104418,0.9778513461351395,1.0302076041698456,0.045838654,0.09810992,0.09331975318491459,0.10523639246821404,0.00992316,0.09810992,0.09331975318491459,0.10523639246821404,0.00992316,1.0,1.0,1.0,0.0,2.450728e-06,2.379275770181266e-06,2.6571750595394406e-06,2.432551e-07,2.4986613e-05,2.4758667677815538e-05,2.5085772904276382e-05,3.766346e-07,-26.996138,-27.443557739257812,-26.507148265838623,0.8209499,2.2230165,2.151315927505493,2.2665019631385803,0.10084706,0.7410055,0.7171053439378738,0.7555006742477417,0.03361568,0.16000001,0.14800000935792923,0.17800001427531242,0.027075654,0.0006666667,0.0,0.0,0.0023094013,0.15356793,0.1461513340473175,0.1621037907898426,0.016643636,9.454288,9.44887089729309,9.466371297836304,0.01998151,9.464288,9.458871126174927,9.47637152671814,0.01998151,3158400.0,3158400.0,3158400.0,0.0
987,0.0,0.0,0.0,0.0,2.0,2.0,2.0,0.0,0.2927808,0.2871297150850296,0.30231335759162903,0.012067164,0.29278317,0.2871321514248848,0.30231571197509766,0.012067104,1.014972,1.0040820240974426,1.0332185626029968,0.039695725,0.09698412,0.09263651818037033,0.09913172200322151,0.008959035,0.09698412,0.09263651818037033,0.09913172200322151,0.008959035,1.0,1.0,1.0,0.0,2.4051694e-06,2.3282349843611883e-06,2.4355497316719266e-06,2.2409863e-07,2.4799912e-05,2.4573660084570292e-05,2.4898326500988333e-05,3.7382188e-07,-27.08845,-27.619725227355957,-26.664040565490723,0.7168717,2.2329829,2.209024667739868,2.2731263041496277,0.08733233,0.7443277,0.7363415658473969,0.7577087730169296,0.029110769,0.148,0.10400000214576721,0.1860000118613243,0.04028986,0.0,0.0,0.0,0.0,0.16848499,0.14509829878807068,0.18502141162753105,0.030639093,9.464288,9.458871126174927,9.47637152671814,0.01998151,9.474288,9.468871355056763,9.486371755599976,0.01998151,3161600.0,3161600.0,3161600.0,0.0
988,0.0,0.0,0.0,0.0,2.0,2.0,2.0,0.0,0.29278317,0.2871321514248848,0.30231571197509766,0.012067104,0.29278558,0.28713463246822357,0.3023183345794678,0.012067146,1.0081376,0.9933154284954071,1.0193467140197754,0.029277826,0.09834605,0.09564432874321938,0.10155190899968147,0.0065268804,0.09834605,0.09564432874321938,0.10155190899968147,0.0065268804,1.0,1.0,1.0,0.0,2.4193353e-06,2.3658565737605386e-06,2.478445594533696e-06,1.4092923e-07,2.4614601e-05,2.4390050839429023e-05,2.4712285267014522e-05,3.7102672e-07,-26.884462,-27.4438533782959,-26.60699224472046,0.8670889,2.2179468,2.1853376030921936,2.2426076531410217,0.0644125,0.7393157,0.7284458726644516,0.7475358992815018,0.021470826,0.15916666,0.14749999716877937,0.1899999976158142,0.040554862,0.0,0.0,0.0,0.0,0.15054369,0.14006992429494858,0.1656714528799057,0.018916637,9.474288,9.468871355056763,9.486371755599976,0.01998151,9.484288,9.478871583938599,9.496371984481812,0.01998151,3164800.0,3164800.0,3164800.0,0.0
989,0.0,0.0,0.0,0.0,2.0,2.0,2.0,0.0,0.29278558,0.28713463246822357,0.3023183345794678,0.012067146,0.29278776,0.287136971950531,0.30232059955596924,0.012067092,1.0257229,0.9997278451919556,1.0546704530715942,0.04706791,0.08827027,0.08817458897829056,0.10009835660457611,0.029113749,0.09475413,0.08817458897829056,0.10009835660457611,0.010167162,0.9166667,1.0,1.0,0.28867513,2.156453e-06,2.1364462554629426e-06,2.484045182882255e-06,7.1102426e-07,2.4430681e-05,2.420779901513015e-05,2.4527630557713564e-05,3.6825588e-07,-27.397764,-27.908356189727783,-26.774640560150146,0.98046297,2.2566352,2.1994452476501465,2.3203213214874268,0.1035515,0.7522118,0.7331484407186508,0.7734404802322388,0.034517165,0.16266668,0.12800000607967377,0.18200001120567322,0.043058805,0.0,0.0,0.0,0.0,0.1518379,0.13952909782528877,0.15556063875555992,0.022106078,9.484288,9.478871583938599,9.496371984481812,0.01998151,9.494288,9.488871812820435,9.506372213363647,0.01998151,3168000.0,3168000.0,3168000.0,0.0
990,0.0,0.0,0.0,0.0,2.0,2.0,2.0,0.0,0.29278776,0.287136971950531,0.30232059955596924,0.012067092,0.2927901,0.28713931143283844,0.30232299119234085,0.012067126,1.0134726,0.985916405916214,1.0331090688705444,0.030459007,0.09716424,0.0926677081733942,0.10329637303948402,0.006813801,0.09716424,0.0926677081733942,0.10329637303948402,0.006813801,1.0,1.0,1.0,0.0,2.3555265e-06,2.2620909589932126e-06,2.4710765842428373e-06,1.6006732e-07,2.4248131e-05,2.402692371106241e-05,2.4344358735106653e-05,3.6550247e-07,-27.193502,-27.404879570007324,-26.82276725769043,0.53464323,2.229684,2.1690593957901,2.272885262966156,0.067011125,0.743228,0.7230198234319687,0.7576284259557724,0.022337038,0.15733334,0.14600000903010368,0.17000001296401024,0.021393854,0.0,0.0,0.0,0.0,0.1562252,0.1539631076157093,0.16321060061454773,0.017270897,9.494288,9.488871812820435,9.506372213363647,0.01998151,9.504289,9.49887204170227,9.516372442245483,0.01998151,3171200.0,3171200.0,3171200.0,0.0
991,0.0,0.0,0.0,0.0,2.0,2.0,2.0,0.0,0.2927901,0.28713931143283844,0.30232299119234085,0.012067126,0.2927925,0.2871417999267578,0.30232537537813187,0.012067178,1.0041133,0.9805289804935455,1.018153429031372,0.034946512,0.099348396,0.09591002203524113,0.10458538681268692,0.007864116,0.099348396,0.09591002203524113,0.10458538681268692,0.007864116,1.0,1.0,1.0,0.0,2.3900438e-06,2.3281111225514906e-06,2.480183184161433e-06,1.7951496e-07,2.4066947e-05,2.384738263572217e-05,2.4162452518794453e-05,3.627729e-07,-26.961561,-27.420161247253418,-26.486409664154053,0.84883386,2.2090933,2.1572068333625793,2.2399822473526,0.07688386,0.73636454,0.7190689742565155,0.7466607689857483,0.025627958,0.17133333,0.15800001099705696,0.1940000019967556,0.029632088,0.0,0.0,0.0,0.0,0.15023758,0.14145368337631226,0.15999040007591248,0.017608613,9.504289,9.49887204170227,9.516372442245483,0.01998151,9.514289,9.508872270584106,9.52637267112732,0.01998151,3174400.0,3174400.0,3174400.0,0.0
992,0.0,0.0,0.0,0.0,2.0,2.0,2.0,0.0,0.2927925,0.2871417999267578,0.30232537537813187,0.012067178,0.29279482,0.28714391589164734,0.3023277521133423,0.012067206,1.0144643,0.9935760647058487,1.0268104076385498,0.031750184,0.09695705,0.09401353448629379,0.10149057023227215,0.006894138,0.09695705,0.09401353448629379,0.10149057023227215,0.006894138,1.0,1.0,1.0,0.0,2.3153543e-06,2.263246415168396e-06,2.3977115120032977e-06,1.5756251e-07,2.3887114e-05,2.366920034546638e-05,2.3981910999282263e-05,3.6006097e-07,-27.332283,-27.5697078704834,-26.88287591934204,0.5460505,2.2318661,2.185910999774933,2.2590280771255493,0.06985179,0.7439554,0.7286370396614075,0.7530093789100647,0.023283929,0.15933333,0.14400000870227814,0.16600001230835915,0.027387233,0.0,0.0,0.0,0.0,0.15499464,0.1392795480787754,0.1640513278543949,0.020649265,9.514289,9.508872270584106,9.52637267112732,0.01998151,9.524289,9.518872499465942,9.536372900009155,0.01998151,3177600.0,3177600.0,3177600.0,0.0
993,0.0,0.0,0.0,0.0,2.0,2.0,2.0,0.0,0.29279482,0.28714391589164734,0.3023277521133423,0.012067206,0.29279712,0.2871461510658264,0.3023301213979721,0.012067191,1.0091261,1.0064540207386017,1.0213539600372314,0.018103717,0.09799992,0.09520250931382179,0.09852560982108116,0.0041910587,0.09799992,0.09520250931382179,0.09852560982108116,0.0041910587,1.0,1.0,1.0,0.0,2.3232806e-06,2.251288606203161e-06,2.3723960111965425e-06,1.0108405e-07,2.3708628e-05,2.3492333639296703e-05,2.3802712803444592e-05,3.573719e-07,-27.157503,-27.43214178085327,-26.483750343322754,0.81349957,2.2201216,2.2142430543899536,2.247023582458496,0.039828986,0.74004054,0.7380810528993607,0.7490078806877136,0.013276328,0.16933334,0.15200001001358032,0.18400001525878906,0.022840686,0.0,0.0,0.0,0.0,0.14935635,0.14251133054494858,0.15571149438619614,0.017581742,9.524289,9.518872499465942,9.536372900009155,0.01998151,9.534289,9.528872728347778,9.546373128890991,0.01998151,3180800.0,3180800.0,3180800.0,0.0
994,0.0,0.0,0.0,0.0,2.0,2.0,2.0,0.0,0.29279712,0.2871461510658264,0.3023301213979721,0.012067191,0.2927995,0.2871485576033592,0.30233246088027954,0.012067153,0.9940981,0.9783564954996109,1.0045301020145416,0.028040456,0.101558685,0.09896677546203136,0.10511243157088757,0.0063873995,0.101558685,0.09896677546203136,0.10511243157088757,0.0063873995,1.0,1.0,1.0,0.0,2.3901137e-06,2.336074430786539e-06,2.5064043711608974e-06,1.5829386e-07,2.3531473e-05,2.3316803890338633e-05,2.3624858840776142e-05,3.5470046e-07,-26.691587,-27.03475284576416,-26.31855583190918,0.6902368,2.1870596,2.152427315711975,2.2100104093551636,0.061690215,0.7290199,0.7174757868051529,0.7366701364517212,0.020563403,0.15133335,0.1420000083744526,0.17000001296401024,0.026081461,0.0,0.0,0.0,0.0,0.14723778,0.13364822417497635,0.15791255980730057,0.016463563,9.534289,9.528872728347778,9.546373128890991,0.01998151,9.54429,9.538872957229614,9.556373357772827,0.01998151,3184000.0,3184000.0,3184000.0,0.0
995,0.0,0.0,0.0,0.0,2.0,2.0,2.0,0.0,0.2927995,0.2871485576033592,0.30233246088027954,0.012067153,0.2928018,0.28715091198682785,0.30233461409807205,0.012067188,1.0113226,0.9964433312416077,1.0263603627681732,0.024208844,0.09756554,0.09411618486046791,0.10082915425300598,0.0054468177,0.09756554,0.09411618486046791,0.10082915425300598,0.0054468177,1.0,1.0,1.0,0.0,2.2781294e-06,2.208597322805872e-06,2.35321584796111e-06,1.2016281e-07,2.3355644e-05,2.314256971658324e-05,2.344832864764612e-05,3.5205176e-07,-27.150324,-27.659404754638672,-26.595876693725586,0.82107395,2.2249541,2.1922191381454468,2.2580379247665405,0.053260516,0.74165136,0.7307397127151489,0.7526793479919434,0.01775351,0.17800002,0.15800001099705696,0.18800001218914986,0.027102498,0.0,0.0,0.0,0.0,0.15475884,0.1434587799012661,0.16838255524635315,0.015836505,9.54429,9.538872957229614,9.556373357772827,0.01998151,9.55429,9.54887318611145,9.566373586654663,0.01998151,3187200.0,3187200.0,3187200.0,0.0
996,0.0,0.0,0.0,0.0,2.0,2.0,2.0,0.0,0.2928018,0.28715091198682785,0.30233461409807205,0.012067188,0.2928041,0.28715306520462036,0.302337147295475,0.012067178,1.0082946,0.9997021555900574,1.0260153412818909,0.027638331,0.0982968,0.09418571181595325,0.10007330030202866,0.006586494,0.0982968,0.09418571181595325,0.10007330030202866,0.006586494,1.0,1.0,1.0,0.0,2.2784466e-06,2.1664059772774635e-06,2.3177950652097934e-06,1.5240387e-07,2.3181126e-05,2.2969653400650714e-05,2.327312085981248e-05,3.4941948e-07,-27.20614,-27.862483978271484,-26.896411418914795,0.83970916,2.2182922,2.199388563632965,2.257278859615326,0.060805533,0.73943084,0.733129546046257,0.7524263262748718,0.02026851,0.16933334,0.1600000113248825,0.18400001525878906,0.03718586,0.0,0.0,0.0,0.0,0.1553883,0.1444503776729107,0.16140741854906082,0.014447175,9.55429,9.54887318611145,9.566373586654663,0.01998151,9.56429,9.558873414993286,9.576373815536499,0.01998151,3190400.0,3190400.0,3190400.0,0.0
997,0.0,0.0,0.0,0.0,2.0,2.0,2.0,0.0,0.2928041,0.28715306520462036,0.302337147295475,0.012067178,0.29280636,0.28715527057647705,0.30233919620513916,0.01206714,1.008145,0.9727349132299423,1.043291449546814,0.046427745,0.09866944,0.0905143953859806,0.10649954713881016,0.010921789,0.09866944,0.0905143953859806,0.10649954713881016,0.010921789,1.0,1.0,1.0,0.0,2.2702613e-06,2.0577076043082343e-06,2.4991126679196896e-06,2.5394058e-07,2.3007917e-05,2.279801492477418e-05,2.3099220470612636e-05,3.4680974e-07,-27.187593,-27.985167503356934,-26.51075267791748,0.8808423,2.2179635,2.1400595903396606,2.2952869534492493,0.10214308,0.7393212,0.7133532017469406,0.7650956809520721,0.0340477,0.17400001,0.12600000575184822,0.21800000593066216,0.04691191,0.0,0.0,0.0,0.0,0.15106267,0.13845116272568703,0.15800091996788979,0.018140623,9.56429,9.558873414993286,9.576373815536499,0.01998151,9.57429,9.568873643875122,9.586374044418335,0.01998151,3193600.0,3193600.0,3193600.0,0.0
998,0.0,0.0,0.0,0.0,2.0,2.0,2.0,0.0,0.29280636,0.28715527057647705,0.30233919620513916,0.01206714,0.2928084,0.28715725243091583,0.3023415580391884,0.012067463,1.0158423,0.9725980162620544,1.0316137969493866,0.049594622,0.09058461,0.09301921352744102,0.10651315562427044,0.029834267,0.0969857,0.09301921352744102,0.10651315562427044,0.010801163,0.9166667,1.0,1.0,0.28867513,2.0633174e-06,2.107923535277223e-06,2.432888209114026e-06,6.788556e-07,2.2835999e-05,2.2627672933595022e-05,2.292662156833103e-05,3.4421714e-07,-27.120066,-27.356597423553467,-26.767624855041504,0.9988126,2.2348979,2.139758348464966,2.269595742225647,0.10911036,0.744966,0.7132528126239777,0.7565319389104843,0.036370125,0.158,0.13600000739097595,0.17800001427531242,0.033962548,0.0,0.0,0.0,0.0,0.16547471,0.13992224261164665,0.17970846220850945,0.03707461,9.57429,9.568873643875122,9.586374044418335,0.01998151,9.5842905,9.578873872756958,9.596374273300171,0.01998151,3196800.0,3196800.0,3196800.0,0.0
999,0.0,0.0,0.0,0.0,2.0,2.0,2.0,0.0,0.2928084,0.28715725243091583,0.3023415580391884,0.012067463,0.29281065,0.287159226834774,0.30234404653310776,0.012067482,1.0079633,0.9628897160291672,1.0391398072242737,0.047492635,0.09872827,0.09140678495168686,0.10892980173230171,0.010965922,0.09872827,0.09140678495168686,0.10892980173230171,0.010965922,1.0,1.0,1.0,0.0,2.2378565e-06,2.0648676581913605e-06,2.462239649503317e-06,2.519742e-07,2.2665365e-05,2.2458587864093715e-05,2.275530960105243e-05,3.4164623e-07,-27.117002,-27.599491596221924,-26.833245277404785,0.7872464,2.2175636,2.118399679660797,2.2861531376838684,0.10448591,0.73918796,0.7061332613229752,0.762051060795784,0.03482863,0.17533334,0.1600000113248825,0.19200000166893005,0.03665399,0.0,0.0,0.0,0.0,0.15628251,0.1471286676824093,0.16423623636364937,0.024051597,9.5842905,9.578873872756958,9.596374273300171,0.01998151,9.594291,9.588874101638794,9.606374502182007,0.01998151,3200000.0,3200000.0,3200000.0,0.0
1000,0.0,0.0,0.0,0.0,2.0,2.0,2.0,0.0,0.29281065,0.287159226834774,0.30234404653310776,0.012067482,0.29281285,0.28716130554676056,0.3023460879921913,0.012067531,1.0082868,0.9838421940803528,1.0385282933712006,0.03524941,0.09840437,0.09152581915259361,0.10379057936370373,0.007894336,0.09840437,0.09152581915259361,0.10379057936370373,0.007894336,1.0,1.0,1.0,0.0,2.2133859e-06,2.071315805096674e-06,2.3555188590762555e-06,1.7573541e-07,2.2496008e-05,2.2290783817879856e-05,2.2585282295040088e-05,3.3909217e-07,-26.987349,-27.547152042388916,-26.390188694000244,0.98688334,2.2182753,2.164496064186096,2.284807860851288,0.07755027,0.7394251,0.7214986979961395,0.7616026252508163,0.025850086,0.16133334,0.1420000083744526,0.18800001218914986,0.036871605,0.0,0.0,0.0,0.0,0.15467413,0.14279337599873543,0.1677551381289959,0.019161014,9.594291,9.588874101638794,9.606374502182007,0.01998151,9.604291,9.59887433052063,9.616374731063843,0.01998151,3203200.0,3203200.0,3203200.0,0.0
1001,0.0,0.0,0.0,0.0,2.0,2.0,2.0,0.0,0.29281285,0.28716130554676056,0.3023460879921913,0.012067531,0.29281506,0.2871634066104889,0.30234815180301666,0.012067614,1.0111934,0.9959864467382431,1.038786917924881,0.031353816,0.09768811,0.09145618788897991,0.10094061121344566,0.007031142,0.09768811,0.09145618788897991,0.10094061121344566,0.007031142,1.0,1.0,1.0,0.0,2.179894e-06,2.052250579254178e-06,2.2669261170449317e-06,1.4051062e-07,2.2327915e-05,2.2124215774965705e-05,2.241651918666321e-05,3.3655934e-07,-26.975607,-27.798572063446045,-26.079455375671387,0.85278505,2.22467,2.19121390581131,2.2853769063949585,0.06897979,0.74155664,0.7304046750068665,0.761792317032814,0.022993257,0.15583332,0.13749999925494194,0.17999999225139618,0.028109632,0.0,0.0,0.0,0.0,0.15014727,0.13801267370581627,0.160629253834486,0.014178589,9.604291,9.59887433052063,9.616374731063843,0.01998151,9.614291,9.608874559402466,9.626374959945679,0.01998151,3206400.0,3206400.0,3206400.0,0.0
1002,0.0,0.0,0.0,0.0,2.0,2.0,2.0,0.0,0.29281506,0.2871634066104889,0.30234815180301666,0.012067614,0.29281723,0.28716569393873215,0.30235037207603455,0.012067613,1.0086788,0.9950273185968399,1.0268711149692535,0.023484545,0.09815281,0.09400058165192604,0.10116421803832054,0.0052998797,0.09815281,0.09400058165192604,0.10116421803832054,0.0052998797,1.0,1.0,1.0,0.0,2.174909e-06,2.0835828991039307e-06,2.2852389065519674e-06,1.1651104e-07,2.2161077e-05,2.1958909655950265e-05,2.224902345915325e-05,3.340438e-07,-27.035965,-27.41392469406128,-26.71687602996826,0.40504837,2.2191374,2.189103841781616,2.2591614723205566,0.05166704,0.7397125,0.7297012805938721,0.753053829073906,0.017222349,0.15,0.1340000070631504,0.16200001165270805,0.02876867,0.0,0.0,0.0,0.0,0.15247409,0.1405150704085827,0.15885412693023682,0.016799463,9.614291,9.608874559402466,9.626374959945679,0.01998151,9.624291,9.618874788284302,9.636375188827515,0.01998151,3209600.0,3209600.0,3209600.0,0.0
1003,0.0,0.0,0.0,0.0,2.0,2.0,2.0,0.0,0.29281723,0.28716569393873215,0.30235037207603455,0.012067613,0.29281932,0.28716761618852615,0.3023523837327957,0.012067596,1.022676,0.9999322295188904,1.042116791009903,0.028216684,0.09509469,0.09077786281704903,0.10001839511096478,0.006091286,0.09509469,0.09077786281704903,0.10001839511096478,0.006091286,1.0,1.0,1.0,0.0,2.091682e-06,1.9783063294198655e-06,2.198322363256011e-06,1.3800297e-07,2.1995487e-05,2.1794820440845797e-05,2.208277282989002e-05,3.3154927e-07,-27.207634,-27.556228160858154,-26.71855640411377,0.570502,2.249932,2.1998947858810425,2.292702794075012,0.06207796,0.7499774,0.7332982867956161,0.7642343044281006,0.02069266,0.16000001,0.1420000083744526,0.18400001525878906,0.029541958,0.0,0.0,0.0,0.0,0.15390247,0.15254222974181175,0.15870586037635803,0.0104349265,9.624291,9.618874788284302,9.636375188827515,0.01998151,9.634292,9.628875017166138,9.64637541770935,0.01998151,3212800.0,3212800.0,3212800.0,0.0
1004,0.0,0.0,0.0,0.0,2.0,2.0,2.0,0.0,0.29281932,0.28716761618852615,0.3023523837327957,0.012067596,0.2928215,0.2871696576476097,0.30235452950000763,0.01206766,1.0050322,0.9892507642507553,1.026159793138504,0.024103962,0.09898794,0.09415633417665958,0.10250847414135933,0.0055114455,0.09898794,0.09415633417665958,0.10250847414135933,0.0055114455,1.0,1.0,1.0,0.0,2.159905e-06,2.0862863721049507e-06,2.223765761755203e-06,1.0146109e-07,2.1831132e-05,2.1631976778735407e-05,2.1917772301094374e-05,3.2907002e-07,-26.992228,-27.265910148620605,-26.694912910461426,0.4474658,2.211115,2.1763951778411865,2.2575966119766235,0.053029772,0.7370383,0.7254650890827179,0.7525322139263153,0.017676601,0.17533334,0.15000000968575478,0.20400000363588333,0.03536134,0.0006666667,0.0,0.0,0.0023094013,0.15135825,0.13860220089554787,0.1595630832016468,0.014241851,9.634292,9.628875017166138,9.64637541770935,0.01998151,9.644292,9.638875246047974,9.656375646591187,0.01998151,3216000.0,3216000.0,3216000.0,0.0
1005,0.0,0.0,0.0,0.0,2.0,2.0,2.0,0.0,0.2928215,0.2871696576476097,0.30235452950000763,0.01206766,0.29282352,0.28717175126075745,0.3023564890027046,0.012067665,1.027068,1.0070368498563766,1.0389106273651123,0.027924776,0.094132744,0.0914303082972765,0.09839842841029167,0.005898297,0.094132744,0.0914303082972765,0.09839842841029167,0.005898297,1.0,1.0,1.0,0.0,2.039291e-06,1.9538792912499048e-06,2.131826022377936e-06,1.2589302e-07,2.1668011e-05,2.1470331375894602e-05,2.1753995952167315e-05,3.26613e-07,-27.34745,-27.777822017669678,-26.758838653564453,0.61469454,2.2595947,2.215525209903717,2.285649001598358,0.06143572,0.7531982,0.7385084331035614,0.761883020401001,0.020478565,0.154,0.1340000070631504,0.17800001427531242,0.031472933,0.0,0.0,0.0,0.0,0.15681988,0.14941970258951187,0.162861667573452,0.01711953,9.644292,9.638875246047974,9.656375646591187,0.01998151,9.654292,9.64887547492981,9.666375875473022,0.01998151,3219200.0,3219200.0,3219200.0,0.0
1006,0.0,0.0,0.0,0.0,2.0,2.0,2.0,0.0,0.29282352,0.28717175126075745,0.3023564890027046,0.012067665,0.29282558,0.28717369586229324,0.3023584857583046,0.012067701,1.0184171,1.0052100121974945,1.0365599691867828,0.01886928,0.09593112,0.09192636422812939,0.09880857169628143,0.004183525,0.09593112,0.09192636422812939,0.09880857169628143,0.004183525,1.0,1.0,1.0,0.0,2.0623838e-06,2.016812857164041e-06,2.1033442294537963e-06,7.5987934e-08,2.1506103e-05,2.1309909243427683e-05,2.1591449694824405e-05,3.2417086e-07,-27.02839,-27.34092140197754,-26.551137447357178,0.56722,2.2405624,2.2115062475204468,2.280477523803711,0.04151328,0.7468541,0.7371687591075897,0.7601591795682907,0.013837765,0.15266667,0.12800000607967377,0.17000001296401024,0.032977495,0.0006666667,0.0,0.0,0.0023094013,0.15704416,0.1404266022145748,0.17020902782678604,0.022657625,9.654292,9.64887547492981,9.666375875473022,0.01998151,9.664292,9.658875703811646,9.676376104354858,0.01998151,3222400.0,3222400.0,3222400.0,0.0
1007,0.0,0.0,0.0,0.0,2.0,2.0,2.0,0.0,0.29282558,0.28717369586229324,0.3023584857583046,0.012067701,0.29282767,0.2871757298707962,0.3023606166243553,0.012067796,1.011121,0.988087609410286,1.0282116830348969,0.033571962,0.097735874,0.09371973760426044,0.10278568789362907,0.007423752,0.097735874,0.09371973760426044,0.10278568789362907,0.007423752,1.0,1.0,1.0,0.0,2.0847333e-06,2.0008620822409284e-06,2.169834601772891e-06,1.4085497e-07,2.134541e-05,2.1150673546799226e-05,2.1430115339171607e-05,3.217501e-07,-27.056906,-27.35804510116577,-26.671871185302734,0.6747589,2.2245107,2.1738361716270447,2.2621108889579773,0.07385978,0.74150354,0.7246120572090149,0.7540369778871536,0.024619933,0.15533334,0.1340000070631504,0.17200001329183578,0.030407336,0.0006666667,0.0,0.0,0.0023094013,0.16146183,0.1537221111357212,0.16308673843741417,0.015623018,9.664292,9.658875703811646,9.676376104354858,0.01998151,9.674293,9.668875932693481,9.686376333236694,0.01998151,3225600.0,3225600.0,3225600.0,0.0
1008,0.0,0.0,0.0,0.0,2.0,2.0,2.0,0.0,0.29282767,0.2871757298707962,0.3023606166243553,0.012067796,0.29282984,0.28717774897813797,0.30236274749040604,0.012067885,0.99324155,0.9648433178663254,1.0233691036701202,0.037650086,0.10191517,0.09476435370743275,0.10843181423842907,0.008698726,0.10191517,0.09476435370743275,0.10843181423842907,0.008698726,1.0,1.0,1.0,0.0,2.1583298e-06,2.008065337122389e-06,2.29658559192103e-06,1.7651776e-07,2.118591e-05,2.0992641111661214e-05,2.1269987882988062e-05,3.1934414e-07,-26.749395,-27.523468494415283,-26.15742778778076,0.8568193,2.185175,2.122697651386261,2.2514570355415344,0.08283187,0.72839165,0.7075658887624741,0.7504857033491135,0.027610632,0.16266668,0.14400000870227814,0.17800001427531242,0.03517575,0.0,0.0,0.0,0.0,0.14493617,0.12326818145811558,0.16766056418418884,0.027207565,9.674293,9.668875932693481,9.686376333236694,0.01998151,9.684293,9.678876161575317,9.69637656211853,0.01998151,3228800.0,3228800.0,3228800.0,0.0
1009,0.0,0.0,0.0,0.0,2.0,2.0,2.0,0.0,0.29282984,0.28717774897813797,0.30236274749040604,0.012067885,0.29283187,0.2871796190738678,0.30236467719078064,0.012067905,1.0137724,0.9844613075256348,1.040507197380066,0.033714928,0.09714643,0.09110280498862267,0.10364426672458649,0.007541253,0.09714643,0.09110280498862267,0.10364426672458649,0.007541253,1.0,1.0,1.0,0.0,2.042739e-06,1.8980942115831567e-06,2.175482052280131e-06,1.6079795e-07,2.102761e-05,2.0835773284488823e-05,2.1111055048095295e-05,3.1695987e-07,-27.082388,-27.360880374908447,-26.76615285873413,0.5877818,2.2303438,2.1658580899238586,2.289161503314972,0.074174345,0.743448,0.7219527065753937,0.763053834438324,0.024724783,0.16333334,0.12600000575184822,0.1860000118613243,0.040714826,0.0,0.0,0.0,0.0,0.16657029,0.15093201771378517,0.1827024482190609,0.022055916,9.684293,9.678876161575317,9.69637656211853,0.01998151,9.694293,9.688876390457153,9.706376791000366,0.01998151,3232000.0,3232000.0,3232000.0,0.0
1010,0.0,0.0,0.0,0.0,2.0,2.0,2.0,0.0,0.29283187,0.2871796190738678,0.30236467719078064,0.012067905,0.29283395,0.28718166798353195,0.3023666813969612,0.012067868,0.99917954,0.9868391752243042,1.0231732428073883,0.02664623,0.10036408,0.09480408951640129,0.10308863408863544,0.006265781,0.10036408,0.09480408951640129,0.10308863408863544,0.006265781,1.0,1.0,1.0,0.0,2.0948492e-06,1.9982643948424084e-06,2.1760102413281857e-06,1.3792858e-07,2.0870488e-05,2.0680093257396948e-05,2.095331274176715e-05,3.145904e-07,-26.906965,-27.411847591400146,-26.745779514312744,0.7174052,2.1982388,2.17108952999115,2.2510260939598083,0.05862288,0.7327463,0.7236965149641037,0.7503420412540436,0.019540958,0.154,0.1120000034570694,0.1860000118613243,0.055123005,0.0,0.0,0.0,0.0,0.14644463,0.13937002420425415,0.15090207755565643,0.01376287,9.694293,9.688876390457153,9.706376791000366,0.01998151,9.704293,9.69887661933899,9.716377019882202,0.01998151,3235200.0,3235200.0,3235200.0,0.0
1011,0.0,0.0,0.0,0.0,2.0,2.0,2.0,0.0,0.29283395,0.28718166798353195,0.3023666813969612,0.012067868,0.292836,0.2871836796402931,0.30236850678920746,0.012067765,1.0066358,0.992199257016182,1.0262605845928192,0.032806322,0.09874401,0.09413640759885311,0.10183843038976192,0.007569948,0.09874401,0.09413640759885311,0.10183843038976192,0.007569948,1.0,1.0,1.0,0.0,2.046247e-06,1.925616004427866e-06,2.160680651286384e-06,1.705079e-07,2.0714542e-05,2.052556101261871e-05,2.079674322885694e-05,3.1224087e-07,-26.957346,-27.40965986251831,-26.32987403869629,0.9672498,2.2146432,2.1828819513320923,2.2578184604644775,0.07217535,0.73821443,0.7276273220777512,0.7526061683893204,0.024058448,0.15266667,0.12000000476837158,0.17200001329183578,0.045697294,0.0006666667,0.0,0.0,0.0023094013,0.15546383,0.14037979021668434,0.17089978232979774,0.017200857,9.704293,9.69887661933899,9.716377019882202,0.01998151,9.7142935,9.708876848220825,9.726377248764038,0.01998151,3238400.0,3238400.0,3238400.0,0.0
1012,0.0,0.0,0.0,0.0,2.0,2.0,2.0,0.0,0.292836,0.2871836796402931,0.30236850678920746,0.012067765,0.29283795,0.2871856614947319,0.3023705258965492,0.012067832,1.0270996,1.0059654116630554,1.0657771527767181,0.044581663,0.09441522,0.0859462358057499,0.0986659936606884,0.010009883,0.09441522,0.0859462358057499,0.0986659936606884,0.010009883,1.0,1.0,1.0,0.0,1.9392744e-06,1.8045045067083265e-06,2.019200280756195e-06,1.8648954e-07,2.0559759e-05,2.03721979232796e-05,2.0641350602090824e-05,3.0990682e-07,-27.21211,-27.71305227279663,-26.823205947875977,0.8327138,2.2596643,2.213168203830719,2.3447564840316772,0.09808161,0.75322145,0.7377227544784546,0.7815855145454407,0.032693878,0.15266667,0.12800000607967377,0.1600000113248825,0.03866249,0.0,0.0,0.0,0.0,0.15350327,0.1433894857764244,0.1619197130203247,0.020446477,9.7142935,9.708876848220825,9.726377248764038,0.01998151,9.724294,9.718877077102661,9.736377477645874,0.01998151,3241600.0,3241600.0,3241600.0,0.0
1013,0.0,0.0,0.0,0.0,2.0,2.0,2.0,0.0,0.29283795,0.2871856614947319,0.3023705258965492,0.012067832,0.2928399,0.28718771040439606,0.30237238109111786,0.012067877,1.0197388,0.9963700473308563,1.0366372168064117,0.028191965,0.095739216,0.09191006980836391,0.10084152966737747,0.006106922,0.095739216,0.09191006980836391,0.10084152966737747,0.006106922,1.0,1.0,1.0,0.0,1.952787e-06,1.8738517155725276e-06,2.0544804328892496e-06,1.131033e-07,2.0406136e-05,2.021996851908625e-05,2.048711303359596e-05,3.075924e-07,-27.04659,-27.350987434387207,-26.802959442138672,0.6545593,2.24347,2.1920579075813293,2.280647337436676,0.062023565,0.7478234,0.7306860089302063,0.7602158039808273,0.020674514,0.16533335,0.14400000870227814,0.18400001525878906,0.02819843,0.0006666667,0.0,0.0,0.0023094013,0.15190065,0.13277807086706161,0.16846154630184174,0.020458844,9.724294,9.718877077102661,9.736377477645874,0.01998151,9.734294,9.728877305984497,9.74637770652771,0.01998151,3244800.0,3244800.0,3244800.0,0.0
1014,0.0,0.0,0.0,0.0,2.0,2.0,2.0,0.0,0.2928399,0.28718771040439606,0.30237238109111786,0.012067877,0.2928418,0.2871896028518677,0.3023742586374283,0.012067875,1.0301327,1.0078538358211517,1.0526054799556732,0.036494706,0.093595795,0.08859248086810112,0.09820995293557644,0.007730115,0.093595795,0.08859248086810112,0.09820995293557644,0.007730115,1.0,1.0,1.0,0.0,1.8956207e-06,1.7863433754428115e-06,2.0266987235117995e-06,1.5868733e-07,2.0253656e-05,2.0068889170943294e-05,2.0334032797109103e-05,3.052924e-07,-27.376396,-27.92790460586548,-26.77318525314331,0.90747195,2.266337,2.217322826385498,2.3157781958580017,0.08028996,0.75544566,0.7391076236963272,0.7719261050224304,0.026763318,0.14583333,0.10999999940395355,0.16499999538064003,0.045218322,0.0,0.0,0.0,0.0,0.15852953,0.13097090646624565,0.17351949587464333,0.026436767,9.734294,9.728877305984497,9.74637770652771,0.01998151,9.744294,9.738877534866333,9.756377935409546,0.01998151,3248000.0,3248000.0,3248000.0,0.0
1015,0.0,0.0,0.0,0.0,2.0,2.0,2.0,0.0,0.2928418,0.2871896028518677,0.3023742586374283,0.012067875,0.2928438,0.28719136118888855,0.30237625539302826,0.012067859,1.0046281,0.9666049927473068,1.020809143781662,0.035869822,0.09924889,0.09532180801033974,0.1079975888133049,0.0081674475,0.09924889,0.09532180801033974,0.1079975888133049,0.0081674475,1.0,1.0,1.0,0.0,1.995367e-06,1.8969523978284997e-06,2.17734429952543e-06,1.6998604e-07,2.0102321e-05,1.9918926227546763e-05,2.018209443122032e-05,3.0301229e-07,-26.974157,-27.33305788040161,-26.56139039993286,0.9053804,2.210226,2.1265734434127808,2.2458250522613525,0.078915216,0.736742,0.7088578194379807,0.7486083805561066,0.02630507,0.14666668,0.11800000444054604,0.17000001296401024,0.042787712,0.0,0.0,0.0,0.0,0.14734872,0.13609101250767708,0.1607806384563446,0.020351341,9.744294,9.738877534866333,9.756377935409546,0.01998151,9.754294,9.748877763748169,9.766378164291382,0.01998151,3251200.0,3251200.0,3251200.0,0.0
1016,0.0,0.0,0.0,0.0,2.0,2.0,2.0,0.0,0.2928438,0.28719136118888855,0.30237625539302826,0.012067859,0.29284573,0.2871931418776512,0.30237842351198196,0.012067891,1.0139067,0.9881425648927689,1.0388634502887726,0.03880028,0.097203344,0.09144316054880619,0.10278577357530594,0.008682163,0.097203344,0.09144316054880619,0.10278577357530594,0.008682163,1.0,1.0,1.0,0.0,1.93868e-06,1.8647499189228256e-06,2.0589947666849184e-06,1.6540488e-07,1.9952113e-05,1.977009651454864e-05,2.0031292478961404e-05,3.0074654e-07,-27.245012,-27.667428016662598,-27.0048508644104,0.7482612,2.2306392,2.173957049846649,2.2855451703071594,0.085362315,0.7435465,0.7246523499488831,0.7618484199047089,0.028454104,0.16733335,0.1300000064074993,0.20400000363588333,0.054414794,0.0,0.0,0.0,0.0,0.15362316,0.137519471347332,0.1666579768061638,0.023480559,9.754294,9.748877763748169,9.766378164291382,0.01998151,9.764295,9.758877992630005,9.776378393173218,0.01998151,3254400.0,3254400.0,3254400.0,0.0
1017,0.0,0.0,0.0,0.0,2.0,2.0,2.0,0.0,0.29284573,0.2871931418776512,0.30237842351198196,0.012067891,0.29284748,0.2871936187148094,0.3023803010582924,0.012067976,1.0247754,1.0068000853061676,1.038749486207962,0.042286072,0.08851433,0.09147650562226772,0.09845045767724514,0.028710574,0.094860174,0.09147650562226772,0.09845045767724514,0.009055958,0.9166667,1.0,1.0,0.28867513,1.7524368e-06,1.8065563551772357e-06,1.9554430537027656e-06,5.670653e-07,1.980303e-05,1.962236547115026e-05,1.9881613297911827e-05,2.985004e-07,-27.111847,-27.41976022720337,-26.43830966949463,0.9338316,2.254551,2.215004324913025,2.2852945923805237,0.093031205,0.751517,0.7383347898721695,0.7617648839950562,0.031010402,0.13800001,0.1120000034570694,0.17200001329183578,0.045527216,0.0006666667,0.0,0.0,0.0023094013,0.1504625,0.1365228369832039,0.1578189991414547,0.021102432,9.764295,9.758877992630005,9.776378393173218,0.01998151,9.774295,9.76887822151184,9.786378622055054,0.01998151,3257600.0,3257600.0,3257600.0,0.0
1018,0.0,0.0,0.0,0.0,2.0,2.0,2.0,0.0,0.29284748,0.2871936187148094,0.3023803010582924,0.012067976,0.29284933,0.2871953994035721,0.30238214135169983,0.0120680155,1.0317562,1.0047161877155304,1.0556087791919708,0.032608733,0.093190044,0.08798243850469589,0.09891992062330246,0.007032678,0.093190044,0.08798243850469589,0.09891992062330246,0.007032678,1.0,1.0,1.0,0.0,1.8305171e-06,1.7299209105203772e-06,1.917622427072274e-06,1.241224e-07,1.9655057e-05,1.9475751741993008e-05,1.9733060071303044e-05,2.9626935e-07,-27.508245,-27.85508441925049,-27.10748052597046,0.643373,2.269909,2.2104198336601257,2.322385609149933,0.07174065,0.7566363,0.7368066310882568,0.7741285413503647,0.023913544,0.14133334,0.12600000575184822,0.15200001001358032,0.02321964,0.0,0.0,0.0,0.0,0.1583791,0.14510952308773994,0.1717660278081894,0.01815671,9.774295,9.76887822151184,9.786378622055054,0.01998151,9.784295,9.778878450393677,9.79637885093689,0.01998151,3260800.0,3260800.0,3260800.0,0.0
1019,0.0,0.0,0.0,0.0,2.0,2.0,2.0,0.0,0.29284933,0.2871953994035721,0.30238214135169983,0.0120680155,0.2928512,0.28719713538885117,0.3023839294910431,0.012068032,1.0128862,1.0010215044021606,1.0288945734500885,0.027110863,0.09724989,0.09356326796114445,0.09976508654654026,0.0060721356,0.09724989,0.09356326796114445,0.09976508654654026,0.0060721356,1.0,1.0,1.0,0.0,1.8969286e-06,1.8173090836626216e-06,1.9563922819543222e-06,1.1696856e-07,1.9508194e-05,1.9330219856783515e-05,1.958560915227281e-05,2.9405655e-07,-27.016226,-27.360838890075684,-26.562883377075195,0.6317082,2.228394,2.2022913694381714,2.263613283634186,0.059645094,0.74279803,0.7340971529483795,0.7545377761125565,0.01988169,0.142,0.12600000575184822,0.16200001165270805,0.031287525,0.0,0.0,0.0,0.0,0.15125231,0.14342780783772469,0.1619914509356022,0.015035372,9.784295,9.778878450393677,9.79637885093689,0.01998151,9.794295,9.788878679275513,9.806379079818726,0.01998151,3264000.0,3264000.0,3264000.0,0.0
1020,0.0,0.0,0.0,0.0,2.0,2.0,2.0,0.0,0.2928512,0.28719713538885117,0.3023839294910431,0.012068032,0.29285297,0.28719840943813324,0.30238591879606247,0.012068149,1.0145601,0.9866892397403717,1.0309812724590302,0.038922247,0.09051929,0.09311491437256336,0.1031123660504818,0.029113479,0.09704957,0.09311491437256336,0.1031123660504818,0.008343906,0.9166667,1.0,1.0,0.28867513,1.7517729e-06,1.8018969853983435e-06,1.9843576524181117e-06,5.6251884e-07,1.9362426e-05,1.9185788914910518e-05,1.9439265543041984e-05,2.9185847e-07,-27.035723,-27.57453489303589,-26.659233570098877,0.83033335,2.232077,2.170759677886963,2.2682040333747864,0.08563067,0.74402565,0.7235865592956543,0.7560680508613586,0.02854357,0.15200001,0.1420000083744526,0.17000001296401024,0.032896534,0.0,0.0,0.0,0.0,0.15468942,0.13802677765488625,0.16286519542336464,0.020098656,9.794295,9.788878679275513,9.806379079818726,0.01998151,9.804296,9.798878908157349,9.816379308700562,0.01998151,3267200.0,3267200.0,3267200.0,0.0
1021,0.0,0.0,0.0,0.0,2.0,2.0,2.0,0.0,0.29285297,0.28719840943813324,0.30238591879606247,0.012068149,0.29285482,0.28720028698444366,0.30238787829875946,0.012068197,1.0188187,0.9935750812292099,1.047461062669754,0.030088553,0.095969856,0.08964788168668747,0.10149442404508591,0.006629401,0.095969856,0.08964788168668747,0.10149442404508591,0.006629401,1.0,1.0,1.0,0.0,1.8431139e-06,1.7370065563682147e-06,1.9398828499106457e-06,1.09976135e-07,1.9217749e-05,1.9042422081838595e-05,1.929401014422183e-05,2.896792e-07,-27.389925,-27.861165046691895,-26.827750205993652,0.7693585,2.2414458,2.185908794403076,2.304460287094116,0.06619616,0.7471487,0.7286362797021866,0.7681534588336945,0.022065382,0.16866668,0.12800000607967377,0.19600000232458115,0.048537396,0.0013333334,0.0,0.0,0.003113996,0.16114777,0.14688122272491455,0.17587605491280556,0.020539701,9.804296,9.798878908157349,9.816379308700562,0.01998151,9.814296,9.808879137039185,9.826379537582397,0.01998151,3270400.0,3270400.0,3270400.0,0.0
1022,0.0,0.0,0.0,0.0,2.0,2.0,2.0,0.0,0.29285482,0.28720028698444366,0.30238787829875946,0.012068197,0.29285663,0.2872020825743675,0.3023897558450699,0.012068187,1.0199944,1.0020299851894379,1.0343378484249115,0.027061583,0.09566873,0.09240038134157658,0.09953371435403824,0.0058655636,0.09566873,0.09240038134157658,0.09953371435403824,0.0058655636,1.0,1.0,1.0,0.0,1.8245723e-06,1.7579268103418144e-06,1.8916746569175302e-06,1.116474e-07,1.907415e-05,1.890014254968264e-05,1.914984568429645e-05,2.875131e-07,-27.105543,-27.632838249206543,-26.68831777572632,0.74384844,2.2440324,2.204509973526001,2.2755886912345886,0.05953666,0.7480108,0.7348366677761078,0.7585295885801315,0.01984555,0.164,0.14000000804662704,0.1940000019967556,0.03487119,0.0,0.0,0.0,0.0,0.15418841,0.1447920724749565,0.16138042509555817,0.010827761,9.814296,9.808879137039185,9.826379537582397,0.01998151,9.824296,9.81887936592102,9.836379766464233,0.01998151,3273600.0,3273600.0,3273600.0,0.0
1023,0.0,0.0,0.0,0.0,2.0,2.0,2.0,0.0,0.29285663,0.2872020825743675,0.3023897558450699,0.012068187,0.29285848,0.2872038409113884,0.3023916482925415,0.012068255,1.0133823,0.993091955780983,1.0317062437534332,0.035325456,0.09725467,0.09296045638620853,0.10160457342863083,0.007703833,0.09725467,0.09296045638620853,0.10160457342863083,0.007703833,1.0,1.0,1.0,0.0,1.8402826e-06,1.7635797462389746e-06,1.934921669999312e-06,1.3671138e-07,1.8931627e-05,1.8758912574412534e-05,1.9006752609129762e-05,2.8536573e-07,-27.143957,-27.64935874938965,-26.375889778137207,0.8497368,2.2294858,2.184845983982086,2.269799053668976,0.07771756,0.7431619,0.7282820343971252,0.7565997093915939,0.025905853,0.15133335,0.12600000575184822,0.1940000019967556,0.03970192,0.0,0.0,0.0,0.0,0.14832781,0.1406368426978588,0.15752573683857918,0.013828259,9.824296,9.81887936592102,9.836379766464233,0.01998151,9.834296,9.828879594802856,9.84637999534607,0.01998151,3276800.0,3276800.0,3276800.0,0.0
1024,0.0,0.0,0.0,0.0,2.0,2.0,2.0,0.0,0.29285848,0.2872038409113884,0.3023916482925415,0.012068255,0.2928603,0.28720568865537643,0.3023933917284012,0.012068233,1.0152179,0.9907425045967102,1.05832177400589,0.04529836,0.09704209,0.0874346662312746,0.10216380655765533,0.010215986,0.09704209,0.0874346662312746,0.10216380655765533,0.010215986,1.0,1.0,1.0,0.0,1.8232417e-06,1.6558217055262503e-06,1.9617498310253723e-06,1.9170757e-07,1.8790166e-05,1.8618750345922308e-05,1.886473501144792e-05,2.832324e-07,-27.337183,-28.15726375579834,-26.882179737091064,0.9017432,2.2335238,2.1796770095825195,2.3283544182777405,0.09965836,0.74450797,0.7265590280294418,0.7761181443929672,0.033219453,0.17,0.13600000739097595,0.1940000019967556,0.037851386,0.0,0.0,0.0,0.0,0.15668772,0.14697301760315895,0.1640196181833744,0.018312369,9.834296,9.828879594802856,9.84637999534607,0.01998151,9.844296,9.838879823684692,9.856380224227905,0.01998151,3280000.0,3280000.0,3280000.0,0.0
1025,0.0,0.0,0.0,0.0,2.0,2.0,2.0,0.0,0.2928603,0.28720568865537643,0.3023933917284012,0.012068233,0.29286212,0.28720730543136597,0.302395261824131,0.0120683275,1.0102403,0.979934886097908,1.0388829410076141,0.03562775,0.09796866,0.09143689833581448,0.10473172180354595,0.007929523,0.09796866,0.09143689833581448,0.10473172180354595,0.007929523,1.0,1.0,1.0,0.0,1.8258988e-06,1.713917725965075e-06,1.9317242845318106e-06,1.3358952e-07,1.8649765e-05,1.8479622212907998e-05,1.8723774246609537e-05,2.8111725e-07,-27.046309,-27.64542293548584,-26.632380962371826,0.80433536,2.222573,2.1558998227119446,2.2855881452560425,0.078382604,0.7408578,0.7186332792043686,0.7618627399206161,0.02612754,0.16266668,0.14400000870227814,0.19200000166893005,0.02799134,0.0,0.0,0.0,0.0,0.15648817,0.14833908900618553,0.1656823456287384,0.016980419,9.844296,9.838879823684692,9.856380224227905,0.01998151,9.854297,9.848880052566528,9.866380453109741,0.01998151,3283200.0,3283200.0,3283200.0,0.0
1026,0.0,0.0,0.0,0.0,2.0,2.0,2.0,0.0,0.29286212,0.28720730543136597,0.302395261824131,0.0120683275,0.29286394,0.28720904141664505,0.30239709466695786,0.0120684095,1.0088276,0.9802549332380295,1.0165192782878876,0.0400997,0.09835899,0.0963044986128807,0.10465290956199169,0.008648266,0.09835899,0.0963044986128807,0.10465290956199169,0.008648266,1.0,1.0,1.0,0.0,1.8193335e-06,1.7891841253003804e-06,1.939561002473056e-06,1.4583874e-07,1.851041e-05,1.834154682001099e-05,1.8583870314614614e-05,2.7901524e-07,-26.808334,-26.97385597229004,-26.434566974639893,0.5109638,2.219465,2.1566039323806763,2.236387073993683,0.08822112,0.73982173,0.7188679873943329,0.7454623878002167,0.029407047,0.17066668,0.14000000804662704,0.19200000166893005,0.040839672,0.0,0.0,0.0,0.0,0.15639739,0.1420942321419716,0.1672704592347145,0.028279252,9.854297,9.848880052566528,9.866380453109741,0.01998151,9.864297,9.858880281448364,9.876380681991577,0.01998151,3286400.0,3286400.0,3286400.0,0.0
1027,0.0,0.0,0.0,0.0,2.0,2.0,2.0,0.0,0.29286394,0.28720904141664505,0.30239709466695786,0.0120684095,0.29286572,0.2872108519077301,0.3023989275097847,0.012068443,1.018971,0.999775156378746,1.0367294251918793,0.031434543,0.09595743,0.09191353060305119,0.10005946829915047,0.0070163384,0.09595743,0.09191353060305119,0.10005946829915047,0.0070163384,1.0,1.0,1.0,0.0,1.7619194e-06,1.6989437767733762e-06,1.8190332582435076e-06,1.15540296e-07,1.83721e-05,1.8204489151685266e-05,1.844500593506382e-05,2.7693176e-07,-27.262566,-27.810375213623047,-26.819852352142334,0.78780043,2.241781,2.1995491981506348,2.280850350856781,0.0691574,0.74726033,0.7331830710172653,0.7602834850549698,0.023052474,0.1725,0.14499999210238457,0.20499999076128006,0.038405728,0.0008333333,0.0,0.0,0.0028867512,0.15304993,0.1350608542561531,0.16894207522273064,0.020912485,9.864297,9.858880281448364,9.876380681991577,0.01998151,9.874297,9.8688805103302,9.886380910873413,0.01998151,3289600.0,3289600.0,3289600.0,0.0
1028,0.0,0.0,0.0,0.0,2.0,2.0,2.0,0.0,0.29286572,0.2872108519077301,0.3023989275097847,0.012068443,0.2928675,0.2872127667069435,0.30240073055028915,0.012068448,1.0100302,0.9879060089588165,1.031395047903061,0.024498966,0.09785972,0.09302621707320213,0.10282471962273121,0.0055301953,0.09785972,0.09302621707320213,0.10282471962273121,0.0055301953,1.0,1.0,1.0,0.0,1.784023e-06,1.722547040117206e-06,1.852639201160855e-06,9.5631876e-08,1.823482e-05,1.8068470581056317e-05,1.830718611017801e-05,2.7486175e-07,-26.889984,-27.21667242050171,-26.50944471359253,0.71930254,2.222111,2.1734365820884705,2.2691144347190857,0.053898808,0.74070364,0.7244788855314255,0.7563715130090714,0.017966278,0.15200001,0.1420000083744526,0.1680000126361847,0.023386091,0.0006666667,0.0,0.0,0.0023094013,0.15110122,0.13419613242149353,0.1580106019973755,0.023329265,9.874297,9.8688805103302,9.886380910873413,0.01998151,9.884297,9.878880739212036,9.896381139755249,0.01998151,3292800.0,3292800.0,3292800.0,0.0
1029,0.0,0.0,0.0,0.0,2.0,2.0,2.0,0.0,0.2928675,0.2872127667069435,0.30240073055028915,0.012068448,0.2928693,0.2872144877910614,0.3024023398756981,0.012068433,1.0017915,0.9781149923801422,1.0131820142269135,0.042105895,0.10000711,0.09714961983263493,0.10516865365207195,0.009322915,0.10000711,0.09714961983263493,0.10516865365207195,0.009322915,1.0,1.0,1.0,0.0,1.8097508e-06,1.7766113558081997e-06,1.8927936196178052e-06,1.6792093e-07,1.8098568e-05,1.793345336409402e-05,1.8170389466831693e-05,2.7280913e-07,-26.879744,-27.349151134490967,-26.015319347381592,1.0292661,2.2039852,2.1518959403038025,2.2290449142456055,0.09263486,0.7346618,0.7172986716032028,0.7430149763822556,0.030878277,0.15333334,0.10400000214576721,0.20200000330805779,0.050577275,0.0,0.0,0.0,0.0,0.15969974,0.15035808458924294,0.16625455766916275,0.016843077,9.884297,9.878880739212036,9.896381139755249,0.01998151,9.894298,9.888880968093872,9.906381368637085,0.01998151,3296000.0,3296000.0,3296000.0,0.0
1030,0.0,0.0,0.0,0.0,2.0,2.0,2.0,0.0,0.2928693,0.2872144877910614,0.3024023398756981,0.012068433,0.29287106,0.2872161865234375,0.30240409821271896,0.012068477,1.0098943,0.9956776946783066,1.0305297672748566,0.024864446,0.09789663,0.09321172721683979,0.10101346112787724,0.005728376,0.09789663,0.09321172721683979,0.10101346112787724,0.005728376,1.0,1.0,1.0,0.0,1.7576725e-06,1.7030208709911676e-06,1.8062773392557574e-06,8.827818e-08,1.7963333e-05,1.779946023816592e-05,1.8034621916740434e-05,2.707693e-07,-27.150091,-27.577844619750977,-26.62283945083618,0.5139597,2.2218118,2.1905347108840942,2.2672107815742493,0.05470286,0.7406039,0.7301782369613647,0.7557369619607925,0.018234292,0.17466669,0.1340000070631504,0.21000000461935997,0.039610222,0.0,0.0,0.0,0.0,0.15660818,0.1499229148030281,0.16441798955202103,0.011996307,9.894298,9.888880968093872,9.906381368637085,0.01998151,9.904298,9.898881196975708,9.916381597518921,0.01998151,3299200.0,3299200.0,3299200.0,0.0
1031,0.0,0.0,0.0,0.0,2.0,2.0,2.0,0.0,0.29287106,0.2872161865234375,0.30240409821271896,0.012068477,0.29287276,0.2872179374098778,0.30240587145090103,0.01206848,1.0204175,1.0039059817790985,1.0342467427253723,0.019426152,0.09549538,0.09241735190153122,0.09910512156784534,0.004297653,0.09549538,0.09241735190153122,0.09910512156784534,0.004297653,1.0,1.0,1.0,0.0,1.7023532e-06,1.646332663085559e-06,1.755791998903078e-06,7.488077e-08,1.782911e-05,1.766645254974719e-05,1.7899861177284038e-05,2.6874721e-07,-27.216192,-27.499094009399414,-27.067505836486816,0.3757959,2.2449634,2.2086371779441833,2.275388240814209,0.04273841,0.7483211,0.736212432384491,0.7584627568721771,0.014246137,0.15733334,0.14400000870227814,0.18000001087784767,0.032421466,0.0,0.0,0.0,0.0,0.15948196,0.15044434368610382,0.16728638485074043,0.016097296,9.904298,9.898881196975708,9.916381597518921,0.01998151,9.914298,9.908881425857544,9.926381826400757,0.01998151,3302400.0,3302400.0,3302400.0,0.0
1032,0.0,0.0,0.0,0.0,2.0,2.0,2.0,0.0,0.29287276,0.2872179374098778,0.30240587145090103,0.01206848,0.29287443,0.2872193679213524,0.3024075999855995,0.012068535,1.0317055,1.0002945363521576,1.0542308688163757,0.03842706,0.09329047,0.08826912380754948,0.09993231296539307,0.00813432,0.09329047,0.08826912380754948,0.09993231296539307,0.00813432,1.0,1.0,1.0,0.0,1.6499647e-06,1.5710001548541186e-06,1.7453996576932695e-06,1.3450911e-07,1.7695887e-05,1.753445485519478e-05,1.7766113614925416e-05,2.667377e-07,-27.352991,-27.69945001602173,-26.76055383682251,0.939914,2.2697973,2.2006919384002686,2.319354295730591,0.08454122,0.7565991,0.7335640043020248,0.7731181085109711,0.028180398,0.158,0.1380000077188015,0.17800001427531242,0.037542704,0.0,0.0,0.0,0.0,0.15606357,0.14749330282211304,0.1636185497045517,0.017026972,9.914298,9.908881425857544,9.926381826400757,0.01998151,9.924298,9.91888165473938,9.936382055282593,0.01998151,3305600.0,3305600.0,3305600.0,0.0
1033,0.0,0.0,0.0,0.0,2.0,2.0,2.0,0.0,0.29287443,0.2872193679213524,0.3024075999855995,0.012068535,0.29287615,0.2872209921479225,0.302409403026104,0.012068599,1.0093306,0.9932046979665756,1.0279492735862732,0.034544,0.09815698,0.09376860223710537,0.10157698206603527,0.007749472,0.09815698,0.09376860223710537,0.10157698206603527,0.007749472,1.0,1.0,1.0,0.0,1.7229544e-06,1.6457213973808393e-06,1.791618274182838e-06,1.2398601e-07,1.7563663e-05,1.7403428500983864e-05,1.7633361494517885e-05,2.6474603e-07,-27.336494,-27.747578144073486,-26.68486738204956,0.88618207,2.2205718,2.185093939304352,2.261533558368683,0.07599829,0.74019057,0.7283646762371063,0.7538445442914963,0.025332764,0.18133335,0.15200001001358032,0.21000000461935997,0.03818932,0.0006666667,0.0,0.0,0.0023094013,0.15607183,0.1407339684665203,0.16991816088557243,0.019918498,9.924298,9.91888165473938,9.936382055282593,0.01998151,9.9342985,9.928881883621216,9.946382284164429,0.01998151,3308800.0,3308800.0,3308800.0,0.0
1034,0.0,0.0,0.0,0.0,2.0,2.0,2.0,0.0,0.29287615,0.2872209921479225,0.302409403026104,0.012068599,0.29287782,0.2872226685285568,0.30241112411022186,0.012068621,1.0143975,1.0052082240581512,1.0238648653030396,0.023433723,0.09686744,0.0946531742811203,0.09881629049777985,0.0051716054,0.09686744,0.0946531742811203,0.09881629049777985,0.0051716054,1.0,1.0,1.0,0.0,1.6881057e-06,1.660316229390446e-06,1.7216266599007213e-06,8.233342e-08,1.7432425e-05,1.727339440549258e-05,1.7501605725556146e-05,2.6276646e-07,-27.070236,-27.626937866210938,-26.46148157119751,0.74325407,2.2317188,2.211502254009247,2.252547562122345,0.051555205,0.7439063,0.7371674180030823,0.7508492022752762,0.017185066,0.168,0.1420000083744526,0.20200000330805779,0.03289653,0.0013333334,0.0,0.0,0.003113996,0.15337199,0.1457301676273346,0.15578264743089676,0.01329527,9.9342985,9.928881883621216,9.946382284164429,0.01998151,9.944299,9.938882112503052,9.956382513046265,0.01998151,3312000.0,3312000.0,3312000.0,0.0
1035,0.0,0.0,0.0,0.0,2.0,2.0,2.0,0.0,0.29287782,0.2872226685285568,0.30241112411022186,0.012068621,0.29287955,0.2872243896126747,0.30241282284259796,0.012068648,1.005326,0.9927931874990463,1.0165026783943176,0.020270154,0.09887943,0.09628876484930515,0.10167337954044342,0.004589616,0.09887943,0.09628876484930515,0.10167337954044342,0.004589616,1.0,1.0,1.0,0.0,1.7102108e-06,1.675342872431429e-06,1.750862224980665e-06,6.888689e-08,1.7302167e-05,1.714431937216432e-05,1.7370828572893515e-05,2.6080428e-07,-26.927187,-27.152284145355225,-26.571585655212402,0.44528764,2.2117615,2.184188663959503,2.2363505363464355,0.04459522,0.73725384,0.7280629128217697,0.7454501986503601,0.014865075,0.16266668,0.1420000083744526,0.19200000166893005,0.035340764,0.0,0.0,0.0,0.0,0.15690596,0.13725925609469414,0.17146529629826546,0.022931663,9.944299,9.938882112503052,9.956382513046265,0.01998151,9.954299,9.948882341384888,9.9663827419281,0.01998151,3315200.0,3315200.0,3315200.0,0.0
1036,0.0,0.0,0.0,0.0,2.0,2.0,2.0,0.0,0.29287955,0.2872243896126747,0.30241282284259796,0.012068648,0.2928811,0.28722603619098663,0.30241449922323227,0.012068879,1.0161817,0.9945204257965088,1.0275679528713226,0.031717766,0.08996934,0.09384950622916222,0.10127007402479649,0.028589603,0.096569665,0.09384950622916222,0.10127007402479649,0.006671916,0.9166667,1.0,1.0,0.28867513,1.5409937e-06,1.6208192334943305e-06,1.7245637025098404e-06,4.88622e-07,1.7172884e-05,1.701622113614576e-05,1.72410345840035e-05,2.5885404e-07,-27.276682,-27.679144382476807,-26.6771821975708,0.84823596,2.2356443,2.187988579273224,2.2606946229934692,0.069780506,0.74521476,0.7293295413255692,0.7535648941993713,0.023260169,0.16666667,0.14600000903010368,0.1900000125169754,0.037806526,0.0006666667,0.0,0.0,0.0023094013,0.15642713,0.13962537795305252,0.17099468410015106,0.022258056,9.954299,9.948882341384888,9.9663827419281,0.01998151,9.964299,9.958882570266724,9.976382970809937,0.01998151,3318400.0,3318400.0,3318400.0,0.0
1037,0.0,0.0,0.0,0.0,2.0,2.0,2.0,0.0,0.2928811,0.28722603619098663,0.30241449922323227,0.012068879,0.2928827,0.28722769767045975,0.3024161383509636,0.012068959,1.0204726,0.9922841489315033,1.0422155261039734,0.033145662,0.095650375,0.0907371249049902,0.10179264098405838,0.0073017725,0.095650375,0.0907371249049902,0.10179264098405838,0.0073017725,1.0,1.0,1.0,0.0,1.6290722e-06,1.5470596963496064e-06,1.717677946544427e-06,1.08216334e-07,1.7044567e-05,1.6889068774617044e-05,1.7112204204750014e-05,2.569213e-07,-27.325125,-27.585071563720703,-26.98082208633423,0.7094354,2.2450845,2.1830686926841736,2.292919874191284,0.072921924,0.7483615,0.7276895940303802,0.7643066644668579,0.02430731,0.15933335,0.14800000935792923,0.1680000126361847,0.022487707,0.0,0.0,0.0,0.0,0.15964933,0.14394277334213257,0.17708294838666916,0.020745996,9.964299,9.958882570266724,9.976382970809937,0.01998151,9.974299,9.96888279914856,9.986383199691772,0.01998151,3321600.0,3321600.0,3321600.0,0.0
1038,0.0,0.0,0.0,0.0,2.0,2.0,2.0,0.0,0.2928827,0.28722769767045975,0.3024161383509636,0.012068959,0.29288438,0.2872292697429657,0.3024178296327591,0.012069012,1.0112914,0.9960249960422516,1.0288061201572418,0.02879158,0.097628534,0.09358284249901772,0.10092350840568542,0.006402734,0.097628534,0.09358284249901772,0.10092350840568542,0.006402734,1.0,1.0,1.0,0.0,1.6507461e-06,1.5790693623785046e-06,1.702084460930564e-06,9.695526e-08,1.6917207e-05,1.67628768394934e-05,1.6984343346848618e-05,2.550007e-07,-26.92792,-27.342828273773193,-26.685720443725586,0.66593885,2.2248852,2.191298723220825,2.2634186148643494,0.06334275,0.74162847,0.7304329425096512,0.7544728815555573,0.021114253,0.16066667,0.1300000064074993,0.1940000019967556,0.04518514,0.0006666667,0.0,0.0,0.0023094013,0.14877795,0.14007721468806267,0.1531352624297142,0.013850486,9.974299,9.96888279914856,9.986383199691772,0.01998151,9.9843,9.978883028030396,9.996383428573608,0.01998151,3324800.0,3324800.0,3324800.0,0.0
1039,0.0,0.0,0.0,0.0,2.0,2.0,2.0,0.0,0.29288438,0.2872292697429657,0.3024178296327591,0.012069012,0.29288602,0.2872309386730194,0.3024194613099098,0.01206905,1.0072573,0.9944285601377487,1.0173773765563965,0.032658186,0.098594226,0.09607947617769241,0.10129114054143429,0.007261512,0.098594226,0.09607947617769241,0.10129114054143429,0.007261512,1.0,1.0,1.0,0.0,1.6545373e-06,1.6325915339621133e-06,1.6852620774443494e-06,1.10723356e-07,1.67908e-05,1.663761486270232e-05,1.6857432001415873e-05,2.530964e-07,-26.792479,-27.151344776153564,-26.4076886177063,0.58037376,2.2160103,2.1877865195274353,2.238274872303009,0.07184944,0.7386701,0.7292621731758118,0.7460916638374329,0.02394981,0.164,0.1420000083744526,0.20000000298023224,0.03775519,0.0,0.0,0.0,0.0,0.1477289,0.14603181183338165,0.15624762699007988,0.012570972,9.9843,9.978883028030396,9.996383428573608,0.01998151,9.9943,9.988883256912231,10.006383657455444,0.01998151,3328000.0,3328000.0,3328000.0,0.0
1040,0.0,0.0,0.0,0.0,2.0,2.0,2.0,0.0,0.29288602,0.2872309386730194,0.3024194613099098,0.01206905,0.29288772,0.28723248839378357,0.30242112278938293,0.012069101,0.9991093,0.9766125082969666,1.019338220357895,0.040897086,0.100609355,0.09564710408449173,0.10553304478526115,0.009354341,0.100609355,0.09564710408449173,0.10553304478526115,0.009354341,1.0,1.0,1.0,0.0,1.6759656e-06,1.5987459107691393e-06,1.7364520488172275e-06,1.4937766e-07,1.6665335e-05,1.65133060363587e-05,1.6731473806430586e-05,2.5120377e-07,-26.748533,-27.029519081115723,-26.444464683532715,0.7727942,2.1980846,2.1485904455184937,2.2425889372825623,0.08997537,0.73269486,0.716196820139885,0.7475296556949615,0.029991794,0.17583333,0.1574999950826168,0.20249998942017555,0.029987369,0.0,0.0,0.0,0.0,0.1478607,0.13884496688842773,0.15946262329816818,0.012426618,9.9943,9.988883256912231,10.006383657455444,0.01998151,10.0043,9.998883485794067,10.01638388633728,0.01998151,3331200.0,3331200.0,3331200.0,0.0
1041,0.0,0.0,0.0,0.0,2.0,2.0,2.0,0.0,0.29288772,0.28723248839378357,0.30242112278938293,0.012069101,0.29288933,0.2872341722249985,0.3024226799607277,0.012069147,1.009877,0.9907986670732498,1.0208529233932495,0.038154878,0.09809368,0.09531372040510178,0.1021414939314127,0.00848345,0.09809368,0.09531372040510178,0.1021414939314127,0.00848345,1.0,1.0,1.0,0.0,1.6213904e-06,1.5641204242911044e-06,1.6914620175612072e-06,1.2860255e-07,1.6540813e-05,1.6389908978453605e-05,1.660645011725137e-05,2.4932797e-07,-26.92301,-27.215261936187744,-26.546154975891113,0.8374352,2.2217736,2.179800570011139,2.245921313762665,0.08394244,0.7405912,0.7266001999378204,0.7486404776573181,0.027980821,0.16200002,0.1420000083744526,0.18000001087784767,0.03128752,0.0,0.0,0.0,0.0,0.15440851,0.13981937244534492,0.1632014587521553,0.021356303,10.0043,9.998883485794067,10.01638388633728,0.01998151,10.0143,10.008883714675903,10.026384115219116,0.01998151,3334400.0,3334400.0,3334400.0,0.0
1042,0.0,0.0,0.0,0.0,2.0,2.0,2.0,0.0,0.29288933,0.2872341722249985,0.3024226799607277,0.012069147,0.29289094,0.28723572939634323,0.30242425203323364,0.012069116,1.0043801,0.9917436093091965,1.0122374594211578,0.019411119,0.0990868,0.0972258634865284,0.1019192785024643,0.0044016265,0.0990868,0.0972258634865284,0.1019192785024643,0.0044016265,1.0,1.0,1.0,0.0,1.6267794e-06,1.597007582176957e-06,1.6735968983994098e-06,7.737556e-08,1.6417216e-05,1.6267447790596634e-05,1.648236866458319e-05,2.4746393e-07,-27.04363,-27.11817455291748,-26.816389083862305,0.3580026,2.2096803,2.181879460811615,2.2269667983055115,0.04270533,0.7365601,0.7272931933403015,0.7423222810029984,0.014235103,0.14733334,0.11800000444054604,0.1680000126361847,0.032622732,0.0,0.0,0.0,0.0,0.1440696,0.13685790821909904,0.14707185328006744,0.013919685,10.0143,10.008883714675903,10.026384115219116,0.01998151,10.024301,10.01888394355774,10.036384344100952,0.01998151,3337600.0,3337600.0,3337600.0,0.0
1043,0.0,0.0,0.0,0.0,2.0,2.0,2.0,0.0,0.29289094,0.28723572939634323,0.30242425203323364,0.012069116,0.2928925,0.28723733127117157,0.3024258017539978,0.012069121,1.0214821,1.0075230598449707,1.0303798913955688,0.022381522,0.095288545,0.09324896708130836,0.09828338027000427,0.004831338,0.095288545,0.09324896708130836,0.09828338027000427,0.004831338,1.0,1.0,1.0,0.0,1.5520285e-06,1.5254633183303667e-06,1.5894170246610884e-06,6.717529e-08,1.6294545e-05,1.6145891095220577e-05,1.6359207165805856e-05,2.456155e-07,-27.167486,-27.66471242904663,-26.823189735412598,0.57880974,2.2473056,2.216594934463501,2.266880989074707,0.04924031,0.7491019,0.7388649880886078,0.7556270211935043,0.016413443,0.16000001,0.14000000804662704,0.17000000923871994,0.035614092,0.0,0.0,0.0,0.0,0.15393241,0.13898875191807747,0.16800370812416077,0.0179135,10.024301,10.01888394355774,10.036384344100952,0.01998151,10.034301,10.028884172439575,10.046384572982788,0.01998151,3340800.0,3340800.0,3340800.0,0.0
1044,0.0,0.0,0.0,0.0,2.0,2.0,2.0,0.0,0.2928925,0.28723733127117157,0.3024258017539978,0.012069121,0.29289404,0.28723881393671036,0.3024272993206978,0.012069129,1.0242643,1.009665995836258,1.0396468043327332,0.023144132,0.09468794,0.09127549454569817,0.09779983758926392,0.004964297,0.09468794,0.09127549454569817,0.09779983758926392,0.004964297,1.0,1.0,1.0,0.0,1.5312668e-06,1.5023442188066838e-06,1.594887606870543e-06,8.15355e-08,1.617279e-05,1.602525253474596e-05,1.6236972442129627e-05,2.437787e-07,-27.329689,-27.65839958190918,-26.956771850585938,0.6024444,2.2534263,2.221309542655945,2.2872686982154846,0.050918087,0.7511422,0.7404365390539169,0.7624229341745377,0.016972698,0.16200002,0.14400000870227814,0.17800001427531242,0.025096178,0.0,0.0,0.0,0.0,0.1600601,0.15524445846676826,0.17002495750784874,0.013084157,10.034301,10.028884172439575,10.046384572982788,0.01998151,10.044301,10.038884401321411,10.056384801864624,0.01998151,3344000.0,3344000.0,3344000.0,0.0
1045,0.0,0.0,0.0,0.0,2.0,2.0,2.0,0.0,0.29289404,0.28723881393671036,0.3024272993206978,0.012069129,0.29289562,0.28724048286676407,0.30242885649204254,0.012069165,1.0047324,0.981552928686142,1.0195579826831818,0.027441498,0.09909556,0.09559757262468338,0.10433908551931381,0.0061694505,0.09909556,0.09559757262468338,0.10433908551931381,0.0061694505,1.0,1.0,1.0,0.0,1.5898391e-06,1.5349915543083625e-06,1.6685299044638668e-06,8.702702e-08,1.6051947e-05,1.5905503914837027e-05,1.611564675840782e-05,2.419593e-07,-27.046974,-27.571771144866943,-26.65836000442505,0.68947476,2.2104552,2.1594595313072205,2.2430723905563354,0.060372513,0.7368185,0.7198198735713959,0.747690811753273,0.020124167,0.16533335,0.15400001034140587,0.19200000166893005,0.038643673,0.0,0.0,0.0,0.0,0.15776646,0.14885009452700615,0.1609485186636448,0.015712671,10.044301,10.038884401321411,10.056384801864624,0.01998151,10.054301,10.048884630203247,10.06638503074646,0.01998151,3347200.0,3347200.0,3347200.0,0.0
1046,0.0,0.0,0.0,0.0,2.0,2.0,2.0,0.0,0.29289562,0.28724048286676407,0.30242885649204254,0.012069165,0.29289708,0.28724196553230286,0.3024304062128067,0.012069195,1.0331004,1.0255616009235382,1.0403525829315186,0.020967087,0.092758864,0.09112730249762535,0.09428411722183228,0.004364421,0.092758864,0.09112730249762535,0.09428411722183228,0.004364421,1.0,1.0,1.0,0.0,1.4771626e-06,1.4536001913256769e-06,1.5099298593668209e-06,5.7044407e-08,1.5932002e-05,1.578666115165106e-05,1.5995231024135137e-05,2.401499e-07,-27.327934,-27.55061674118042,-27.014445304870605,0.4007634,2.2728662,2.256280541419983,2.288821280002594,0.04612849,0.75762206,0.7520935535430908,0.7629404366016388,0.015376168,0.15533334,0.15000000968575478,0.16200001165270805,0.025403414,0.0,0.0,0.0,0.0,0.1603848,0.14755184575915337,0.16712042316794395,0.020978048,10.054301,10.048884630203247,10.06638503074646,0.01998151,10.0643015,10.058884859085083,10.076385259628296,0.01998151,3350400.0,3350400.0,3350400.0,0.0
1047,0.0,0.0,0.0,0.0,2.0,2.0,2.0,0.0,0.29289708,0.28724196553230286,0.3024304062128067,0.012069195,0.29289857,0.28724340349435806,0.3024319037795067,0.012069257,1.0321232,1.0197785198688507,1.0571473836898804,0.035145957,0.09315395,0.08767074532806873,0.09554862789809704,0.0077274404,0.09315395,0.08767074532806873,0.09554862789809704,0.0077274404,1.0,1.0,1.0,0.0,1.4723124e-06,1.3866189192413003e-06,1.5098242442945775e-06,1.1368215e-07,1.5812959e-05,1.5668696505599655e-05,1.5875709777901648e-05,2.3835639e-07,-27.610445,-27.889641284942627,-27.293474674224854,0.7022059,2.2707164,2.2435575127601624,2.3257707357406616,0.07732265,0.7569055,0.7478525042533875,0.7752569317817688,0.025774226,0.16333334,0.15200001001358032,0.17600001394748688,0.025857419,0.0006666667,0.0,0.0,0.0023094013,0.16331446,0.15254463255405426,0.17371950671076775,0.018393086,10.0643015,10.058884859085083,10.076385259628296,0.01998151,10.074302,10.068885087966919,10.086385488510132,0.01998151,3353600.0,3353600.0,3353600.0,0.0
1048,0.0,0.0,0.0,0.0,2.0,2.0,2.0,0.0,0.29289857,0.28724340349435806,0.3024319037795067,0.012069257,0.29290012,0.2872448265552521,0.30243343114852905,0.012069269,1.0089097,0.992644190788269,1.0218085944652557,0.024967846,0.09811681,0.0951237604022026,0.10171038471162319,0.005580327,0.09811681,0.0951237604022026,0.10171038471162319,0.005580327,1.0,1.0,1.0,0.0,1.5395894e-06,1.4970452753004793e-06,1.5832433177820349e-06,8.510765e-08,1.5694803e-05,1.555162407385069e-05,1.575708711243351e-05,2.365748e-07,-26.946014,-27.278465747833252,-26.588119506835938,0.69427264,2.2196457,2.1838608384132385,2.248023748397827,0.054930337,0.73988193,0.7279536426067352,0.7493412643671036,0.018310105,0.16333334,0.13600000739097595,0.19600000232458115,0.040857475,0.0,0.0,0.0,0.0,0.15230699,0.14307670295238495,0.16192647069692612,0.012071685,10.074302,10.068885087966919,10.086385488510132,0.01998151,10.084302,10.078885316848755,10.096385717391968,0.01998151,3356800.0,3356800.0,3356800.0,0.0
1049,0.0,0.0,0.0,0.0,2.0,2.0,2.0,0.0,0.29290012,0.2872448265552521,0.30243343114852905,0.012069269,0.29290164,0.2872462347149849,0.30243493616580963,0.012069205,1.010885,0.9884910881519318,1.0326133072376251,0.029401802,0.097729445,0.09277493506669998,0.10268745943903923,0.0065967413,0.097729445,0.09277493506669998,0.10268745943903923,0.0065967413,1.0,1.0,1.0,0.0,1.5232807e-06,1.4333606941363541e-06,1.6107553335587e-06,1.1904302e-07,1.5577529e-05,1.5435413843079004e-05,1.563934529258404e-05,2.3480823e-07,-27.10797,-27.370556831359863,-26.77974271774292,0.57863915,2.2239914,2.17472380399704,2.271794617176056,0.06468524,0.74133044,0.7249079644680023,0.7572649121284485,0.021561751,0.15200001,0.1420000083744526,0.16200001165270805,0.01836994,0.0,0.0,0.0,0.0,0.15357894,0.14076771587133408,0.16258231550455093,0.021014847,10.084302,10.078885316848755,10.096385717391968,0.01998151,10.094302,10.08888554573059,10.106385946273804,0.01998151,3360000.0,3360000.0,3360000.0,0.0
1050,0.0,0.0,0.0,0.0,2.0,2.0,2.0,0.0,0.29290164,0.2872462347149849,0.30243493616580963,0.012069205,0.29290313,0.2872476950287819,0.3024364188313484,0.012069242,1.0150428,1.0052064657211304,1.0249665677547455,0.022196975,0.096710004,0.09441370144486427,0.0988113284111023,0.00486427,0.096710004,0.09441370144486427,0.0988113284111023,0.00486427,1.0,1.0,1.0,0.0,1.4946945e-06,1.4523768072649546e-06,1.5505180215313885e-06,6.666736e-08,1.5461132e-05,1.5320084912673337e-05,1.5522490230068797e-05,2.3305242e-07,-27.021461,-27.271081924438477,-26.924967765808105,0.43481246,2.2331388,2.2114983797073364,2.254971444606781,0.048834287,0.7443796,0.737166166305542,0.751657173037529,0.016278092,0.15200001,0.1120000034570694,0.18400001525878906,0.045126088,0.0,0.0,0.0,0.0,0.15853049,0.14734642207622528,0.16699425503611565,0.017937114,10.094302,10.08888554573059,10.106385946273804,0.01998151,10.104302,10.098885774612427,10.11638617515564,0.01998151,3363200.0,3363200.0,3363200.0,0.0
1051,0.0,0.0,0.0,0.0,2.0,2.0,2.0,0.0,0.29290313,0.2872476950287819,0.3024364188313484,0.012069242,0.29290465,0.28724900633096695,0.30243784189224243,0.012069247,1.0045507,0.9796190410852432,1.018116533756256,0.037669692,0.09929126,0.09594401344656944,0.10480805858969688,0.008311997,0.09929126,0.09594401344656944,0.10480805858969688,0.008311997,1.0,1.0,1.0,0.0,1.5239233e-06,1.471512376838291e-06,1.630993267554004e-06,1.3230036e-07,1.5345604e-05,1.5205605905066477e-05,1.5406501006509643e-05,2.3131201e-07,-27.00662,-27.347968578338623,-26.64928674697876,0.75074726,2.2100556,2.1552048921585083,2.2399011850357056,0.082875,0.7366852,0.7184016555547714,0.7466337531805038,0.027624993,0.16600001,0.15000000968575478,0.1860000118613243,0.039506044,0.0,0.0,0.0,0.0,0.15757613,0.14663000404834747,0.16496403142809868,0.018998224,10.104302,10.098885774612427,10.11638617515564,0.01998151,10.114303,10.108886003494263,10.126386404037476,0.01998151,3366400.0,3366400.0,3366400.0,0.0
1052,0.0,0.0,0.0,0.0,2.0,2.0,2.0,0.0,0.29290465,0.28724900633096695,0.30243784189224243,0.012069247,0.2929061,0.28725045174360275,0.302439421415329,0.012069271,1.0182978,0.9965029358863831,1.0459606051445007,0.030036388,0.09608454,0.08995791338384151,0.10082813911139965,0.006637938,0.09608454,0.08995791338384151,0.10082813911139965,0.006637938,1.0,1.0,1.0,0.0,1.4630408e-06,1.3759140813363047e-06,1.5657101641863846e-06,9.643971e-08,1.5230939e-05,1.5091992736415705e-05,1.529138398836949e-05,2.295827e-07,-27.275824,-27.706719875335693,-26.78452205657959,0.65485287,2.2402997,2.1923502683639526,2.3011593222618103,0.06608138,0.7467666,0.7307834476232529,0.7670531272888184,0.02202712,0.15466668,0.12800000607967377,0.18400001525878906,0.033480886,0.0,0.0,0.0,0.0,0.15319325,0.13428086042404175,0.16249961405992508,0.025294924,10.114303,10.108886003494263,10.126386404037476,0.01998151,10.124303,10.118886232376099,10.136386632919312,0.01998151,3369600.0,3369600.0,3369600.0,0.0
1053,0.0,0.0,0.0,0.0,2.0,2.0,2.0,0.0,0.2929061,0.28725045174360275,0.302439421415329,0.012069271,0.29290754,0.287251852452755,0.3024408742785454,0.012069356,1.0278443,1.0056192278862,1.0610556900501251,0.042341825,0.094202764,0.0868854746222496,0.09871647134423256,0.009313793,0.094202764,0.0868854746222496,0.09871647134423256,0.009313793,1.0,1.0,1.0,0.0,1.422537e-06,1.3341834232960537e-06,1.4912238270881062e-06,1.2417647e-07,1.5117133e-05,1.4979218349253642e-05,1.5177123259491054e-05,2.2786858e-07,-27.313211,-27.544286727905273,-27.2880597114563,0.5851887,2.2613027,2.212406575679779,2.3343690633773804,0.0931539,0.75376755,0.7374688982963562,0.7781230509281158,0.031051299,0.17999999,0.1574999950826168,0.1849999912083149,0.034112114,0.0008333333,0.0,0.0,0.0028867512,0.15828581,0.14706522226333618,0.17383532971143723,0.024116047,10.124303,10.118886232376099,10.136386632919312,0.01998151,10.134303,10.128886461257935,10.146386861801147,0.01998151,3372800.0,3372800.0,3372800.0,0.0
1054,0.0,0.0,0.0,0.0,2.0,2.0,2.0,0.0,0.29290754,0.287251852452755,0.3024408742785454,0.012069356,0.29290897,0.2872532233595848,0.30244236439466476,0.012069454,1.0219978,1.0023805648088455,1.040317952632904,0.03893901,0.09541736,0.09114032052457333,0.09946045652031898,0.00876447,0.09541736,0.09114032052457333,0.09946045652031898,0.00876447,1.0,1.0,1.0,0.0,1.4303463e-06,1.3726318002227345e-06,1.4731442945503659e-06,1.16597384e-07,1.5004174e-05,1.4867297068121843e-05,1.506371927462169e-05,2.2616446e-07,-27.208254,-27.598529815673828,-26.959954261779785,0.6513008,2.24844,2.2052813172340393,2.288745105266571,0.08566753,0.74948,0.7350937873125076,0.7629150450229645,0.028555848,0.14600001,0.1300000064074993,0.15200001001358032,0.032203898,0.0006666667,0.0,0.0,0.0023094013,0.15394963,0.149307020008564,0.1573323793709278,0.0129566565,10.134303,10.128886461257935,10.146386861801147,0.01998151,10.144303,10.13888669013977,10.156387090682983,0.01998151,3376000.0,3376000.0,3376000.0,0.0
1055,0.0,0.0,0.0,0.0,2.0,2.0,2.0,0.0,0.29290897,0.2872532233595848,0.30244236439466476,0.012069454,0.29291037,0.28725457191467285,0.30244380980730057,0.012069504,1.032138,1.021800458431244,1.0510818660259247,0.03252626,0.09310877,0.0889036376029253,0.0951111875474453,0.007094785,0.09310877,0.0889036376029253,0.0951111875474453,0.007094785,1.0,1.0,1.0,0.0,1.3857207e-06,1.3258116382530716e-06,1.407494522709385e-06,9.469408e-08,1.48920635e-05,1.475620274504763e-05,1.4951159982956597e-05,2.244756e-07,-27.144693,-27.52486515045166,-26.877688884735107,0.558769,2.2707489,2.2480059266090393,2.3124263882637024,0.0715592,0.75691634,0.7493353486061096,0.7708088159561157,0.023853067,0.15466668,0.13600000739097595,0.16200001165270805,0.03260043,0.0,0.0,0.0,0.0,0.15917371,0.146766509860754,0.17327821627259254,0.014819365,10.144303,10.13888669013977,10.156387090682983,0.01998151,10.154304,10.148886919021606,10.16638731956482,0.01998151,3379200.0,3379200.0,3379200.0,0.0
1056,0.0,0.0,0.0,0.0,2.0,2.0,2.0,0.0,0.29291037,0.28725457191467285,0.30244380980730057,0.012069504,0.2929118,0.2872558981180191,0.3024452105164528,0.012069582,1.0168828,0.9946053624153137,1.0441852509975433,0.039901536,0.09656375,0.09033340774476528,0.10125281289219856,0.00900796,0.09656375,0.09033340774476528,0.10125281289219856,0.00900796,1.0,1.0,1.0,0.0,1.42619e-06,1.3383988175519335e-06,1.4955064671084983e-06,1.2127937e-07,1.4780788e-05,1.4645946976088453e-05,1.4839444702374749e-05,2.2279725e-07,-27.16967,-27.937206745147705,-26.765730381011963,0.76431525,2.2371867,2.1881754994392395,2.297253370285034,0.08778511,0.7457289,0.729391872882843,0.7657511383295059,0.029261705,0.14333333,0.12600000575184822,0.1600000113248825,0.035525493,0.0,0.0,0.0,0.0,0.1501845,0.13810500875115395,0.15998324751853943,0.017542986,10.154304,10.148886919021606,10.16638731956482,0.01998151,10.164304,10.158887147903442,10.176387548446655,0.01998151,3382400.0,3382400.0,3382400.0,0.0
1057,0.0,0.0,0.0,0.0,2.0,2.0,2.0,0.0,0.2929118,0.2872558981180191,0.3024452105164528,0.012069582,0.29291323,0.28725726157426834,0.3024466559290886,0.012069577,1.005237,0.9782792627811432,1.0182106494903564,0.036516372,0.09911701,0.09589353762567043,0.10513414815068245,0.008145017,0.09911701,0.09589353762567043,0.10513414815068245,0.008145017,1.0,1.0,1.0,0.0,1.4540577e-06,1.38874059985028e-06,1.5441841014762758e-06,1.2055388e-07,1.4670345e-05,1.4536505659634713e-05,1.4728560472576646e-05,2.2113336e-07,-26.671938,-26.949695110321045,-26.191402435302734,0.65650225,2.2115653,2.1522573232650757,2.240108072757721,0.08033764,0.7371885,0.7174191474914551,0.7467027008533478,0.026779218,0.164,0.1420000083744526,0.18000001087784767,0.02609075,0.0,0.0,0.0,0.0,0.15016441,0.1392611600458622,0.16089852154254913,0.01900497,10.164304,10.158887147903442,10.176387548446655,0.01998151,10.174304,10.168887376785278,10.186387777328491,0.01998151,3385600.0,3385600.0,3385600.0,0.0
1058,0.0,0.0,0.0,0.0,2.0,2.0,2.0,0.0,0.29291323,0.28725726157426834,0.3024466559290886,0.012069577,0.29291466,0.2872586250305176,0.30244799703359604,0.0120695755,1.0135211,0.982433095574379,1.0478373169898987,0.037396863,0.09726864,0.08957014419138432,0.10413023829460144,0.008529351,0.09726864,0.08957014419138432,0.10413023829460144,0.008529351,1.0,1.0,1.0,0.0,1.4161127e-06,1.3032563117576501e-06,1.5164970079695195e-06,1.2363607e-07,1.4560724e-05,1.4427892438106937e-05,1.4618509339925367e-05,2.1948024e-07,-27.237457,-27.773654460906982,-26.888526916503906,0.8475185,2.229791,2.1613959670066833,2.3052881956100464,0.08227477,0.74326366,0.720465362071991,0.7684294134378433,0.027424915,0.16000001,0.15000000968575478,0.17600001394748688,0.02102812,0.0,0.0,0.0,0.0,0.15183383,0.13860753178596497,0.16089773178100586,0.022626264,10.174304,10.168887376785278,10.186387777328491,0.01998151,10.184304,10.178887605667114,10.196388006210327,0.01998151,3388800.0,3388800.0,3388800.0,0.0
1059,0.0,0.0,0.0,0.0,2.0,2.0,2.0,0.0,0.29291466,0.2872586250305176,0.30244799703359604,0.0120695755,0.29291606,0.287260040640831,0.30244947224855423,0.012069581,1.0106649,0.9901165068149567,1.03622767329216,0.04044288,0.09796197,0.0920037291944027,0.10233775898814201,0.009103921,0.09796197,0.0920037291944027,0.10233775898814201,0.009103921,1.0,1.0,1.0,0.0,1.4156352e-06,1.356844336442009e-06,1.5000250357388722e-06,1.312389e-07,1.4451926e-05,1.4320080481411424e-05,1.4509277207253035e-05,2.17841e-07,-27.178846,-27.485958099365234,-26.701024055480957,0.59524107,2.2235072,2.178299844264984,2.2797464728355408,0.08897612,0.74116915,0.7260999828577042,0.7599155157804489,0.029658707,0.164,0.14400000870227814,0.18400001153349876,0.047939356,0.0006666667,0.0,0.0,0.0023094013,0.14650817,0.13183284550905228,0.159318495541811,0.023418372,10.184304,10.178887605667114,10.196388006210327,0.01998151,10.194304,10.18888783454895,10.206388235092163,0.01998151,3392000.0,3392000.0,3392000.0,0.0
1060,0.0,0.0,0.0,0.0,2.0,2.0,2.0,0.0,0.29291606,0.287260040640831,0.30244947224855423,0.012069581,0.2929175,0.2872614786028862,0.3024509474635124,0.012069622,1.0044336,0.9825656563043594,1.0320852398872375,0.03761302,0.09932328,0.09290683269500732,0.104103559628129,0.008533037,0.09932328,0.09290683269500732,0.104103559628129,0.008533037,1.0,1.0,1.0,0.0,1.4239923e-06,1.3325908696515398e-06,1.4825897949322098e-06,1.159142e-07,1.4343939e-05,1.4213084568837075e-05,1.4400863165064948e-05,2.1621243e-07,-27.090277,-27.726322650909424,-26.611000537872314,0.82873094,2.209798,2.1616876125335693,2.270632803440094,0.08275028,0.73659945,0.7205625474452972,0.7568776309490204,0.027583426,0.16600001,0.14800000935792923,0.1860000118613243,0.038157567,0.0,0.0,0.0,0.0,0.14837818,0.13756487891077995,0.1571860872209072,0.018558227,10.194304,10.18888783454895,10.206388235092163,0.01998151,10.204305,10.198888063430786,10.216388463973999,0.01998151,3395200.0,3395200.0,3395200.0,0.0
1061,0.0,0.0,0.0,0.0,2.0,2.0,2.0,0.0,0.2929175,0.2872614786028862,0.3024509474635124,0.012069622,0.29291886,0.28726285696029663,0.30245231091976166,0.012069614,1.0161002,1.0046367943286896,1.0297353565692902,0.025914006,0.09651747,0.09338614530861378,0.09893889538943768,0.005732242,0.09651747,0.09338614530861378,0.09893889538943768,0.005732242,1.0,1.0,1.0,0.0,1.3739703e-06,1.3425345173345704e-06,1.4048954426471028e-06,8.218218e-08,1.4236761e-05,1.4106878097663866e-05,1.4293255844677333e-05,2.1459758e-07,-26.986307,-27.35128688812256,-26.794393062591553,0.69585043,2.2354648,2.2102450132369995,2.2654629349708557,0.057011943,0.74515504,0.7367483377456665,0.7551543414592743,0.01900398,0.15066667,0.12600000575184822,0.18400001525878906,0.031233242,0.0,0.0,0.0,0.0,0.15084068,0.13894090056419373,0.16426539421081543,0.018533776,10.204305,10.198888063430786,10.216388463973999,0.01998151,10.214305,10.208888292312622,10.226388692855835,0.01998151,3398400.0,3398400.0,3398400.0,0.0
1062,0.0,0.0,0.0,0.0,2.0,2.0,2.0,0.0,0.29291886,0.28726285696029663,0.30245231091976166,0.012069614,0.29292026,0.28726421296596527,0.30245375633239746,0.012069707,1.0023506,0.9783298969268799,1.0325259566307068,0.04292081,0.09991094,0.0927845910191536,0.1051228754222393,0.010032995,0.09991094,0.0927845910191536,0.1051228754222393,0.010032995,1.0,1.0,1.0,0.0,1.4102561e-06,1.316278456897635e-06,1.4815179838478798e-06,1.258249e-07,1.4130382e-05,1.4001474482938647e-05,1.418645774720062e-05,2.129935e-07,-26.918755,-27.671757221221924,-26.28407049179077,0.9076644,2.2052152,2.1523687839508057,2.271602511405945,0.094427645,0.7350717,0.7174562960863113,0.7572008520364761,0.031475883,0.15866669,0.15000000968575478,0.17000001296401024,0.025259864,0.0,0.0,0.0,0.0,0.15481012,0.13815005123615265,0.1645832695066929,0.023560861,10.214305,10.208888292312622,10.226388692855835,0.01998151,10.224305,10.218888521194458,10.236388921737671,0.01998151,3401600.0,3401600.0,3401600.0,0.0
1063,0.0,0.0,0.0,0.0,2.0,2.0,2.0,0.0,0.29292026,0.28726421296596527,0.30245375633239746,0.012069707,0.29292157,0.2872653901576996,0.3024551644921303,0.012069725,1.0294055,1.0084099471569061,1.0472026467323303,0.039258536,0.09380591,0.08973289839923382,0.09809780679643154,0.008560455,0.09380591,0.08973289839923382,0.09809780679643154,0.008560455,1.0,1.0,1.0,0.0,1.3149651e-06,1.2595516807323293e-06,1.3708355766084424e-06,1.13009236e-07,1.4024798e-05,1.3896848258809769e-05,1.4080452729103854e-05,2.1140279e-07,-27.538988,-28.08774185180664,-27.18353509902954,0.7447664,2.2647374,2.218546211719513,2.3038918375968933,0.0863705,0.75491244,0.7395154386758804,0.7679639756679535,0.028790174,0.16733335,0.13600000739097595,0.18000001087784767,0.03697009,0.0,0.0,0.0,0.0,0.15601389,0.14105086773633957,0.17632751166820526,0.025115818,10.224305,10.218888521194458,10.236388921737671,0.01998151,10.234305,10.228888750076294,10.246389150619507,0.01998151,3404800.0,3404800.0,3404800.0,0.0
1064,0.0,0.0,0.0,0.0,2.0,2.0,2.0,0.0,0.29292157,0.2872653901576996,0.3024551644921303,0.012069725,0.2929229,0.28726673126220703,0.30245646089315414,0.012069729,1.0192791,0.9995180070400238,1.027262955904007,0.027513508,0.09583107,0.09391544945538044,0.10011547617614269,0.0059214933,0.09583107,0.09391544945538044,0.10011547617614269,0.0059214933,1.0,1.0,1.0,0.0,1.3336775e-06,1.3022486484715046e-06,1.395824966721193e-06,7.9887734e-08,1.3920002e-05,1.3793015568808187e-05,1.3975244655739516e-05,2.0982208e-07,-27.077515,-27.626282215118408,-26.659895420074463,0.6949516,2.242459,2.1989835500717163,2.260023534297943,0.060530905,0.74748635,0.732994556427002,0.7533411979675293,0.020176964,0.16933334,0.1420000083744526,0.19600000232458115,0.034591995,0.0006666667,0.0,0.0,0.0023094013,0.16379815,0.142283346503973,0.16834891587495804,0.032881275,10.234305,10.228888750076294,10.246389150619507,0.01998151,10.244306,10.23888897895813,10.256389379501343,0.01998151,3408000.0,3408000.0,3408000.0,0.0
1065,0.0,0.0,0.0,0.0,2.0,2.0,2.0,0.0,0.2929229,0.28726673126220703,0.30245646089315414,0.012069729,0.29292426,0.28726813942193985,0.3024577721953392,0.012069739,1.0114125,0.9896247535943985,1.0304715037345886,0.03006353,0.09761789,0.09324394352734089,0.10241798125207424,0.0066303248,0.09761789,0.09324394352734089,0.10241798125207424,0.0066303248,1.0,1.0,1.0,0.0,1.3484042e-06,1.2775572599821317e-06,1.3978915660572966e-06,8.9989065e-08,1.3815991e-05,1.3689946626982419e-05,1.3870817156202975e-05,2.0825546e-07,-27.075205,-27.452451705932617,-26.71913480758667,0.6226335,2.2251518,2.1772179007530212,2.2670825719833374,0.06614107,0.7417173,0.7257393002510071,0.7556941956281662,0.02204703,0.16666667,0.1420000083744526,0.17600001394748688,0.034253955,0.0,0.0,0.0,0.0,0.15712126,0.13315625861287117,0.17429453507065773,0.02422915,10.244306,10.23888897895813,10.256389379501343,0.01998151,10.254306,10.248889207839966,10.266389608383179,0.01998151,3411200.0,3411200.0,3411200.0,0.0
1066,0.0,0.0,0.0,0.0,2.0,2.0,2.0,0.0,0.29292426,0.28726813942193985,0.3024577721953392,0.012069739,0.29292563,0.2872694358229637,0.30245913565158844,0.01206978,1.0107498,0.9863114506006241,1.0337941348552704,0.03182822,0.09779798,0.0925204697996378,0.10320699587464333,0.0072754296,0.09779798,0.0925204697996378,0.10320699587464333,0.0072754296,1.0,1.0,1.0,0.0,1.3405819e-06,1.273019563541311e-06,1.4142817121864937e-06,9.3945545e-08,1.37127545e-05,1.3587658258984447e-05,1.3767175005341414e-05,2.0669854e-07,-26.902689,-27.11048936843872,-26.561384677886963,0.43259868,2.223694,2.169928550720215,2.2743924856185913,0.07002346,0.7412314,0.7233095318078995,0.7581308633089066,0.02334116,0.16166666,0.13749999925494194,0.1824999935925007,0.03613946,0.0,0.0,0.0,0.0,0.14491479,0.13132298737764359,0.15763141587376595,0.0184955,10.254306,10.248889207839966,10.266389608383179,0.01998151,10.264306,10.258889436721802,10.276389837265015,0.01998151,3414400.0,3414400.0,3414400.0,0.0
1067,0.0,0.0,0.0,0.0,2.0,2.0,2.0,0.0,0.29292563,0.2872694358229637,0.30245913565158844,0.01206978,0.29292694,0.2872707173228264,0.3024605065584183,0.012069768,1.0148327,0.9892334192991257,1.0430147349834442,0.036914386,0.09696514,0.09057175368070602,0.10252736322581768,0.008335962,0.09696514,0.09057175368070602,0.10252736322581768,0.008335962,1.0,1.0,1.0,0.0,1.31951e-06,1.2183712385649415e-06,1.3981755557779252e-06,1.1254113e-07,1.36102935e-05,1.3486125226336299e-05,1.3664303423865931e-05,2.0515485e-07,-27.002794,-27.63044023513794,-26.387759685516357,0.72954804,2.2326767,2.1763569712638855,2.294678211212158,0.081213266,0.74422556,0.7254523485898972,0.7648927420377731,0.027071083,0.15266667,0.1340000070631504,0.1680000126361847,0.023499839,0.0,0.0,0.0,0.0,0.14497785,0.1326243057847023,0.15511320903897285,0.01323539,10.264306,10.258889436721802,10.276389837265015,0.01998151,10.274306,10.268889665603638,10.28639006614685,0.01998151,3417600.0,3417600.0,3417600.0,0.0
1068,0.0,0.0,0.0,0.0,2.0,2.0,2.0,0.0,0.29292694,0.2872707173228264,0.3024605065584183,0.012069768,0.29292822,0.2872718498110771,0.3024618625640869,0.012069797,1.0224591,0.992314025759697,1.0512709021568298,0.03712648,0.09527684,0.08886852860450745,0.10179541446268559,0.008079122,0.09527684,0.08886852860450745,0.10179541446268559,0.008079122,1.0,1.0,1.0,0.0,1.2863874e-06,1.2052348665747559e-06,1.3574369575053424e-06,1.0147412e-07,1.3508594e-05,1.3385360489337472e-05,1.3562203776018578e-05,2.0362073e-07,-27.116003,-27.52876901626587,-26.704066276550293,0.7189502,2.2494552,2.183134436607361,2.3128421306610107,0.08167989,0.7498184,0.727711483836174,0.7709474116563797,0.027226632,0.16000001,0.14800000935792923,0.17800001427531242,0.025067184,0.0006666667,0.0,0.0,0.0023094013,0.16116445,0.15377674251794815,0.16565589234232903,0.019207463,10.274306,10.268889665603638,10.28639006614685,0.01998151,10.284307,10.278889894485474,10.296390295028687,0.01998151,3420800.0,3420800.0,3420800.0,0.0
1069,0.0,0.0,0.0,0.0,2.0,2.0,2.0,0.0,0.29292822,0.2872718498110771,0.3024618625640869,0.012069797,0.29292947,0.2872731536626816,0.3024630472064018,0.012069824,1.030042,1.0008140057325363,1.069533258676529,0.038371503,0.093647175,0.08520532585680485,0.09981977380812168,0.008139274,0.093647175,0.08520532585680485,0.09981977380812168,0.008139274,1.0,1.0,1.0,0.0,1.2549925e-06,1.133011721776711e-06,1.3420275877251697e-06,1.0329635e-07,1.3407658e-05,1.328533903688367e-05,1.3460864010994555e-05,2.0210035e-07,-27.440699,-27.766489505767822,-26.808655738830566,0.80918574,2.2661378,2.201834738254547,2.3530202507972717,0.08441904,0.75537926,0.7339449375867844,0.7843400835990906,0.028139682,0.14733334,0.1340000070631504,0.15800001099705696,0.030022217,0.0006666667,0.0,0.0,0.0023094013,0.15660419,0.147011648863554,0.16876023262739182,0.01851854,10.284307,10.278889894485474,10.296390295028687,0.01998151,10.294307,10.28889012336731,10.306390523910522,0.01998151,3424000.0,3424000.0,3424000.0,0.0
1070,0.0,0.0,0.0,0.0,2.0,2.0,2.0,0.0,0.29292947,0.2872731536626816,0.3024630472064018,0.012069824,0.29293075,0.2872743159532547,0.3024643808603287,0.012069836,1.0190264,0.9974354356527328,1.0405002236366272,0.035232067,0.095997036,0.09109632298350334,0.1005947906523943,0.007566149,0.095997036,0.09109632298350334,0.1005947906523943,0.007566149,1.0,1.0,1.0,0.0,1.2772431e-06,1.2390848951326916e-06,1.3385661077336408e-06,9.8883035e-08,1.3307473e-05,1.3186074056648067e-05,1.336028481091489e-05,2.0058917e-07,-27.398874,-27.676668643951416,-27.031180381774902,0.6208459,2.241903,2.194401741027832,2.289146304130554,0.077512115,0.74730104,0.7314672619104385,0.7630487978458405,0.025837371,0.16733335,0.15400001034140587,0.18800001218914986,0.038360335,0.0,0.0,0.0,0.0,0.15704398,0.1431226283311844,0.168427474796772,0.015906403,10.294307,10.28889012336731,10.306390523910522,0.01998151,10.304307,10.298890352249146,10.316390752792358,0.01998151,3427200.0,3427200.0,3427200.0,0.0
1071,0.0,0.0,0.0,0.0,2.0,2.0,2.0,0.0,0.29293075,0.2872743159532547,0.3024643808603287,0.012069836,0.29293197,0.28727561980485916,0.3024655506014824,0.012069849,1.0294384,1.0077026784420013,1.0564424991607666,0.029627487,0.09364501,0.08781273663043976,0.09824206493794918,0.0063553145,0.09364501,0.08781273663043976,0.09824206493794918,0.0063553145,1.0,1.0,1.0,0.0,1.2364404e-06,1.1557496861769323e-06,1.2741594730414363e-06,7.9452875e-08,1.3208039e-05,1.3087541901768418e-05,1.3260452988106408e-05,1.990913e-07,-27.402166,-27.709011554718018,-26.894394874572754,0.70178324,2.2648094,2.216990113258362,2.3242198824882507,0.06518177,0.7549365,0.7389967292547226,0.7747399806976318,0.021727255,0.15,0.1340000070631504,0.17400000989437103,0.040090807,0.0,0.0,0.0,0.0,0.16119158,0.1537897028028965,0.16764603555202484,0.012716776,10.304307,10.298890352249146,10.316390752792358,0.01998151,10.314307,10.308890581130981,10.326390981674194,0.01998151,3430400.0,3430400.0,3430400.0,0.0
1072,0.0,0.0,0.0,0.0,2.0,2.0,2.0,0.0,0.29293197,0.28727561980485916,0.3024655506014824,0.012069849,0.29293317,0.2872767895460129,0.3024667501449585,0.0120701045,1.0164585,0.9841818660497665,1.0442804396152496,0.04649555,0.09050884,0.09030767530202866,0.10373214446008205,0.029402992,0.09677321,0.09030767530202866,0.10373214446008205,0.009919418,0.9166667,1.0,1.0,0.28867513,1.1829756e-06,1.1764017244786373e-06,1.348717148630385e-06,3.8342378e-07,1.3109347e-05,1.2989753486181144e-05,1.3161371725800564e-05,1.9760321e-07,-27.19049,-27.693918704986572,-26.63338565826416,0.8894311,2.2362535,2.1652433276176453,2.297462821006775,0.10229228,0.74541783,0.7217477858066559,0.7658209651708603,0.03409743,0.16666667,0.14400000870227814,0.18800001218914986,0.034926765,0.0,0.0,0.0,0.0,0.15440847,0.14233452826738358,0.1622091345489025,0.0196788,10.314307,10.308890581130981,10.326390981674194,0.01998151,10.324307,10.318890810012817,10.33639121055603,0.01998151,3433600.0,3433600.0,3433600.0,0.0
1073,0.0,0.0,0.0,0.0,2.0,2.0,2.0,0.0,0.29293317,0.2872767895460129,0.3024667501449585,0.0120701045,0.29293442,0.2872779369354248,0.30246804654598236,0.012070113,1.0123698,1.0015786737203598,1.0227771699428558,0.024736289,0.097334206,0.0948912501335144,0.09964708425104618,0.0054141697,0.097334206,0.0948912501335144,0.09964708425104618,0.0054141697,1.0,1.0,1.0,0.0,1.2660547e-06,1.24913543686489e-06,1.2948400751611189e-06,6.4644254e-08,1.3011392e-05,1.2892687891508103e-05,1.3063026472082129e-05,1.9612753e-07,-27.145727,-27.54953145980835,-26.573451042175293,0.72893965,2.227258,2.2035171389579773,2.250154733657837,0.054420955,0.7424193,0.7345057427883148,0.7500515878200531,0.018140314,0.15466668,0.1340000070631504,0.17000001296401024,0.028810773,0.0,0.0,0.0,0.0,0.15855955,0.14650551602244377,0.16279858723282814,0.017949702,10.324307,10.318890810012817,10.33639121055603,0.01998151,10.334308,10.328891038894653,10.346391439437866,0.01998151,3436800.0,3436800.0,3436800.0,0.0
1074,0.0,0.0,0.0,0.0,2.0,2.0,2.0,0.0,0.29293442,0.2872779369354248,0.30246804654598236,0.012070113,0.29293567,0.28727901726961136,0.30246927589178085,0.012070147,1.0180091,0.9956733882427216,1.0455748736858368,0.047771957,0.096474014,0.09007071703672409,0.10105970501899719,0.010697819,0.096474014,0.09007071703672409,0.10105970501899719,0.010697819,1.0,1.0,1.0,0.0,1.2454274e-06,1.164560842425999e-06,1.297013625389809e-06,1.3522929e-07,1.2914169e-05,1.2796357623301446e-05,1.2965419045940507e-05,1.94661e-07,-27.229162,-28.152409553527832,-26.675342082977295,1.0495781,2.2396648,2.190525233745575,2.3003106713294983,0.1051004,0.7465549,0.7301750779151917,0.7667702436447144,0.035033472,0.17000002,0.15000000968575478,0.17800001427531242,0.03547086,0.0,0.0,0.0,0.0,0.15833075,0.1342494934797287,0.1689934842288494,0.027408367,10.334308,10.328891038894653,10.346391439437866,0.01998151,10.344308,10.33889126777649,10.356391668319702,0.01998151,3440000.0,3440000.0,3440000.0,0.0
1075,0.0,0.0,0.0,0.0,2.0,2.0,2.0,0.0,0.29293567,0.28727901726961136,0.30246927589178085,0.012070147,0.29293692,0.28728022426366806,0.3024705946445465,0.012070163,1.0155302,0.9981817752122879,1.0374492704868317,0.025638696,0.09664104,0.09173869527876377,0.10042051039636135,0.005682398,0.09664104,0.09173869527876377,0.10042051039636135,0.005682398,1.0,1.0,1.0,0.0,1.2381594e-06,1.1976363794019562e-06,1.2725958242754132e-06,6.4744654e-08,1.2817673e-05,1.2700736988335848e-05,1.2868537623944576e-05,1.932074e-07,-27.189264,-27.84373712539673,-26.64167070388794,0.686131,2.234211,2.1960437893867493,2.2824339866638184,0.056406267,0.74473697,0.7320146262645721,0.7608113288879395,0.01880209,0.15133335,0.13600000739097595,0.16200001165270805,0.022487707,0.0,0.0,0.0,0.0,0.15405418,0.1400805041193962,0.1625809147953987,0.017501526,10.344308,10.33889126777649,10.356391668319702,0.01998151,10.354308,10.348891496658325,10.366391897201538,0.01998151,3443200.0,3443200.0,3443200.0,0.0
1076,0.0,0.0,0.0,0.0,2.0,2.0,2.0,0.0,0.29293692,0.28728022426366806,0.3024705946445465,0.012070163,0.29293814,0.2872813940048218,0.3024718388915062,0.012070207,1.0099937,0.9919228553771973,1.02562415599823,0.028222963,0.09791189,0.09427167288959026,0.10188981890678406,0.006236646,0.09791189,0.09427167288959026,0.10188981890678406,0.006236646,1.0,1.0,1.0,0.0,1.2450189e-06,1.1995571469469724e-06,1.2942980447405716e-06,7.12568e-08,1.2721898e-05,1.260584031115286e-05,1.2772385161952116e-05,1.9176301e-07,-27.092382,-27.57253408432007,-26.693032264709473,0.63207144,2.2220304,2.1822738647460938,2.256418228149414,0.062091783,0.7406769,0.7274246513843536,0.7521394342184067,0.020697266,0.16600001,0.14800000935792923,0.18400001525878906,0.030151136,0.0006666667,0.0,0.0,0.0023094013,0.15635332,0.13850584253668785,0.1716524176299572,0.01827035,10.354308,10.348891496658325,10.366391897201538,0.01998151,10.364308,10.358891725540161,10.376392126083374,0.01998151,3446400.0,3446400.0,3446400.0,0.0
1077,0.0,0.0,0.0,0.0,2.0,2.0,2.0,0.0,0.29293814,0.2872813940048218,0.3024718388915062,0.012070207,0.29293942,0.28728267550468445,0.30247312039136887,0.012070234,0.99776715,0.9826517403125763,1.0122170448303223,0.02797053,0.10070595,0.09722788259387016,0.10407560504972935,0.006452548,0.10070595,0.09722788259387016,0.10407560504972935,0.006452548,1.0,1.0,1.0,0.0,1.2709744e-06,1.2290718700569414e-06,1.301797851738229e-06,7.290439e-08,1.2626839e-05,1.2511643490142887e-05,1.2676946425926872e-05,1.903307e-07,-26.920052,-27.16132354736328,-26.47224998474121,0.637437,2.1951315,2.1618769764900208,2.2269219160079956,0.0615364,0.7317105,0.7206256985664368,0.7423073053359985,0.020512128,0.15200001,0.13600000739097595,0.17600001394748688,0.027921971,0.0,0.0,0.0,0.0,0.15728168,0.15090499073266983,0.16391970962285995,0.011513966,10.364308,10.358891725540161,10.376392126083374,0.01998151,10.374309,10.368891954421997,10.38639235496521,0.01998151,3449600.0,3449600.0,3449600.0,0.0
1078,0.0,0.0,0.0,0.0,2.0,2.0,2.0,0.0,0.29293942,0.28728267550468445,0.30247312039136887,0.012070234,0.29294068,0.2872839570045471,0.3024744614958763,0.012070247,1.0007958,0.9902250021696091,1.0122700035572052,0.020238686,0.09991693,0.09722641482949257,0.10227629914879799,0.0047011753,0.09991693,0.09722641482949257,0.10227629914879799,0.0047011753,1.0,1.0,1.0,0.0,1.2518518e-06,1.2284793342587363e-06,1.2706469476597704e-06,5.3135512e-08,1.2532489e-05,1.2418159485605429e-05,1.2582224371726625e-05,1.8890766e-07,-26.951101,-27.309751987457275,-26.721338272094727,0.4875389,2.2017949,2.17853844165802,2.2270383834838867,0.044525985,0.7339316,0.7261794954538345,0.7423461377620697,0.014842,0.17000002,0.14600000903010368,0.19600000232458115,0.036441736,0.0,0.0,0.0,0.0,0.1517534,0.13753372803330421,0.15542145818471909,0.020344153,10.374309,10.368891954421997,10.38639235496521,0.01998151,10.384309,10.378892183303833,10.396392583847046,0.01998151,3452800.0,3452800.0,3452800.0,0.0
1079,0.0,0.0,0.0,0.0,2.0,2.0,2.0,0.0,0.29294068,0.2872839570045471,0.3024744614958763,0.012070247,0.29294187,0.28728508949279785,0.3024757206439972,0.012070273,1.0167929,0.9989596605300903,1.0315310657024384,0.028224954,0.096393846,0.09301135316491127,0.10024309530854225,0.0062843296,0.096393846,0.09301135316491127,0.10024309530854225,0.0062843296,1.0,1.0,1.0,0.0,1.1984739e-06,1.1617816539910564e-06,1.235516521091995e-06,6.997665e-08,1.2438845e-05,1.2325364423304563e-05,1.2488206721172901e-05,1.8749726e-07,-27.382975,-28.027472972869873,-26.83433961868286,0.778809,2.2369893,2.1977551579475403,2.269413650035858,0.06209612,0.7456631,0.7325850576162338,0.7564712315797806,0.020698711,0.15249999,0.12999999523162842,0.17249999940395355,0.04114829,0.0,0.0,0.0,0.0,0.1484762,0.14003808796405792,0.1574864573776722,0.016425444,10.384309,10.378892183303833,10.396392583847046,0.01998151,10.394309,10.388892412185669,10.406392812728882,0.01998151,3456000.0,3456000.0,3456000.0,0.0
1080,0.0,0.0,0.0,0.0,2.0,2.0,2.0,0.0,0.29294187,0.28728508949279785,0.3024757206439972,0.012070273,0.2929431,0.28728629648685455,0.3024769127368927,0.012070245,1.0087372,0.9911963939666748,1.014834851026535,0.029624734,0.09821564,0.09664336033165455,0.10204788483679295,0.006614321,0.09821564,0.09664336033165455,0.10204788483679295,0.006614321,1.0,1.0,1.0,0.0,1.212706e-06,1.1889782172147534e-06,1.270261009267415e-06,8.664763e-08,1.2345899e-05,1.2233272173034493e-05,1.2394894156386727e-05,1.8609524e-07,-27.063501,-27.63064956665039,-26.62721347808838,0.7363113,2.2192662,2.1806756258010864,2.2326812744140625,0.065175705,0.7397554,0.7268919050693512,0.7442270964384079,0.02172524,0.156,0.12600000575184822,0.17600001022219658,0.042537685,0.0,0.0,0.0,0.0,0.15672547,0.14278178289532661,0.16666878759860992,0.022735637,10.394309,10.388892412185669,10.406392812728882,0.01998151,10.404309,10.398892641067505,10.416393041610718,0.01998151,3459200.0,3459200.0,3459200.0,0.0
1081,0.0,0.0,0.0,0.0,2.0,2.0,2.0,0.0,0.2929431,0.28728629648685455,0.3024769127368927,0.012070245,0.29294428,0.2872874215245247,0.302478089928627,0.012070271,1.0158151,1.0006766468286514,1.03079491853714,0.022515766,0.096543014,0.09315511398017406,0.09985440410673618,0.0050198142,0.096543014,0.09315511398017406,0.09985440410673618,0.0050198142,1.0,1.0,1.0,0.0,1.1825618e-06,1.1385385221274191e-06,1.2168714818017179e-06,5.4066035e-08,1.2253651e-05,1.2141860224801349e-05,1.2302276900300058e-05,1.8470539e-07,-27.125084,-27.59492826461792,-26.59427499771118,0.6543872,2.2348378,2.2015326023101807,2.267794132232666,0.04953568,0.744946,0.7338442355394363,0.7559314072132111,0.016511895,0.15666668,0.14000000804662704,0.1640000082552433,0.034696955,0.0,0.0,0.0,0.0,0.15296556,0.14618903771042824,0.15964104235172272,0.013921552,10.404309,10.398892641067505,10.416393041610718,0.01998151,10.4143095,10.40889286994934,10.426393270492554,0.01998151,3462400.0,3462400.0,3462400.0,0.0
1082,0.0,0.0,0.0,0.0,2.0,2.0,2.0,0.0,0.29294428,0.2872874215245247,0.302478089928627,0.012070271,0.29294547,0.2872885689139366,0.3024792745709419,0.012070325,1.0086488,0.9814691543579102,1.0196881294250488,0.035031226,0.09831477,0.09557242505252361,0.10435923002660275,0.0076828627,0.09831477,0.09557242505252361,0.10435923002660275,0.0076828627,1.0,1.0,1.0,0.0,1.1947529e-06,1.1615138362230937e-06,1.2512306852840993e-06,8.216716e-08,1.216209e-05,1.20511390377942e-05,1.2210354725539219e-05,1.8332466e-07,-27.115273,-27.805027961730957,-26.428200721740723,0.748211,2.2190716,2.159275233745575,2.243358612060547,0.07707023,0.7396906,0.7197584509849548,0.747786208987236,0.025690071,0.15733334,0.1340000070631504,0.18200001120567322,0.035831254,0.0,0.0,0.0,0.0,0.16032232,0.1431099735200405,0.17438443005084991,0.024703426,10.4143095,10.40889286994934,10.426393270492554,0.01998151,10.42431,10.418893098831177,10.43639349937439,0.01998151,3465600.0,3465600.0,3465600.0,0.0
1083,0.0,0.0,0.0,0.0,2.0,2.0,2.0,0.0,0.29294547,0.2872885689139366,0.3024792745709419,0.012070325,0.2929466,0.28728965669870377,0.3024802953004837,0.0120703075,1.0210396,1.000847965478897,1.0434346497058868,0.034311857,0.0955408,0.09051440097391605,0.09980598650872707,0.007424619,0.0955408,0.09051440097391605,0.09980598650872707,0.007424619,1.0,1.0,1.0,0.0,1.15319e-06,1.0925420781404682e-06,1.1977311658029066e-06,8.983114e-08,1.2071214e-05,1.1961086329392856e-05,1.2119116490794113e-05,1.8195558e-07,-27.144335,-27.64276695251465,-26.68090009689331,0.6684539,2.246332,2.2019094228744507,2.295601963996887,0.075487554,0.74877733,0.7339698225259781,0.7652006894350052,0.025162525,0.15533334,0.1420000083744526,0.17000001296401024,0.024706764,0.0006666667,0.0,0.0,0.0023094013,0.15295328,0.13907820731401443,0.16411815211176872,0.021141307,10.42431,10.418893098831177,10.43639349937439,0.01998151,10.43431,10.428893327713013,10.446393728256226,0.01998151,3468800.0,3468800.0,3468800.0,0.0
1084,0.0,0.0,0.0,0.0,2.0,2.0,2.0,0.0,0.2929466,0.28728965669870377,0.3024802953004837,0.0120703075,0.29294777,0.2872907593846321,0.30248138308525085,0.012070359,1.0136298,0.9823822528123856,1.0335093438625336,0.03230271,0.09715731,0.09257488697767258,0.10414894111454487,0.007268159,0.09715731,0.09257488697767258,0.10414894111454487,0.007268159,1.0,1.0,1.0,0.0,1.1634395e-06,1.115034166332407e-06,1.227785418222993e-06,7.958694e-08,1.1981015e-05,1.1871716424138867e-05,1.2028562650812091e-05,1.8059495e-07,-27.19246,-27.58674192428589,-27.043912887573242,0.7157606,2.2300303,2.1612841486930847,2.273765981197357,0.071067415,0.7433434,0.7204280644655228,0.7579220086336136,0.023689134,0.16333334,0.14600000903010368,0.1900000125169754,0.04184242,0.0,0.0,0.0,0.0,0.15163635,0.1385517381131649,0.16547440364956856,0.016364591,10.43431,10.428893327713013,10.446393728256226,0.01998151,10.44431,10.438893556594849,10.456393957138062,0.01998151,3472000.0,3472000.0,3472000.0,0.0
1085,0.0,0.0,0.0,0.0,2.0,2.0,2.0,0.0,0.29294777,0.2872907593846321,0.30248138308525085,0.012070359,0.2929488,0.2872919738292694,0.30248258262872696,0.0120705,1.0215145,0.9947962164878845,1.046084702014923,0.03742719,0.0888729,0.08993456698954105,0.10120577551424503,0.028654223,0.095484436,0.08993456698954105,0.10120577551424503,0.007975391,0.9166667,1.0,1.0,0.28867513,1.0542959e-06,1.0708087359034835e-06,1.200702172354795e-06,3.3995568e-07,1.1891493e-05,1.1783005902543664e-05,1.193868092741468e-05,1.7924616e-07,-27.443497,-27.926900386810303,-26.90030002593994,0.6284737,2.2473772,2.1885953545570374,2.301432251930237,0.08234145,0.7491257,0.7295318096876144,0.767144113779068,0.027447145,0.15,0.13600000739097595,0.17000001296401024,0.040090807,0.0,0.0,0.0,0.0,0.16412559,0.15360992029309273,0.17789464443922043,0.017991161,10.44431,10.438893556594849,10.456393957138062,0.01998151,10.45431,10.448893785476685,10.466394186019897,0.01998151,3475200.0,3475200.0,3475200.0,0.0
1086,0.0,0.0,0.0,0.0,2.0,2.0,2.0,0.0,0.2929488,0.2872919738292694,0.30248258262872696,0.0120705,0.29294997,0.2872931882739067,0.3024837002158165,0.012070524,1.0150281,0.9965032637119293,1.0257713198661804,0.030952383,0.09681994,0.0942411907017231,0.10081006214022636,0.0067241834,0.09681994,0.0942411907017231,0.10081006214022636,0.0067241834,1.0,1.0,1.0,0.0,1.1421882e-06,1.1128798291792918e-06,1.170205905509647e-06,7.334282e-08,1.1802637e-05,1.1694966133291018e-05,1.1849476095449063e-05,1.7790636e-07,-27.157503,-27.336177349090576,-26.838838577270508,0.7541997,2.2331064,2.192350924015045,2.256741940975189,0.0680966,0.7443688,0.7307836562395096,0.7522473335266113,0.022698866,0.16466667,0.14400000870227814,0.19200000166893005,0.040857475,0.0,0.0,0.0,0.0,0.15406403,0.15117624774575233,0.16712551563978195,0.01999844,10.45431,10.448893785476685,10.466394186019897,0.01998151,10.464311,10.45889401435852,10.476394414901733,0.01998151,3478400.0,3478400.0,3478400.0,0.0
1087,0.0,0.0,0.0,0.0,2.0,2.0,2.0,0.0,0.29294997,0.2872931882739067,0.3024837002158165,0.012070524,0.29295108,0.28729435056447983,0.30248477309942245,0.012070532,1.0258802,0.98964624106884,1.06104576587677,0.03936484,0.094570845,0.08688738942146301,0.10241612233221531,0.008590502,0.094570845,0.08688738942146301,0.10241612233221531,0.008590502,1.0,1.0,1.0,0.0,1.1077276e-06,1.0152079710223916e-06,1.1891842461864144e-06,1.0046821e-07,1.1714447e-05,1.1607575743255438e-05,1.1760934285121039e-05,1.765778e-07,-27.250856,-27.939108848571777,-26.85071611404419,0.7846175,2.2569816,2.177265226840973,2.3343472480773926,0.08660438,0.75232726,0.7257550805807114,0.7781157791614532,0.02886812,0.134,0.11000000312924385,0.14800000935792923,0.027739048,0.0,0.0,0.0,0.0,0.15752132,0.13431375473737717,0.17450956627726555,0.019639174,10.464311,10.45889401435852,10.476394414901733,0.01998151,10.474311,10.468894243240356,10.48639464378357,0.01998151,3481600.0,3481600.0,3481600.0,0.0
1088,0.0,0.0,0.0,0.0,2.0,2.0,2.0,0.0,0.29295108,0.28729435056447983,0.30248477309942245,0.012070532,0.29295218,0.28729553520679474,0.3024859055876732,0.012070492,1.0200785,1.0027881562709808,1.032221645116806,0.02456465,0.09561942,0.09284928068518639,0.09936132282018661,0.0052573606,0.09561942,0.09284928068518639,0.09936132282018661,0.0052573606,1.0,1.0,1.0,0.0,1.1119104e-06,1.0735906528225314e-06,1.16364566338234e-06,6.594478e-08,1.1626915e-05,1.1520847010615398e-05,1.167305686067266e-05,1.7525721e-07,-27.180077,-27.600900173187256,-26.749142169952393,0.6476706,2.2442176,2.2061780095100403,2.270932972431183,0.054043315,0.7480726,0.735392689704895,0.7569776624441147,0.018014448,0.16333334,0.1340000070631504,0.18400001525878906,0.032264065,0.0,0.0,0.0,0.0,0.1527292,0.142080157995224,0.1592094488441944,0.01744519,10.474311,10.468894243240356,10.48639464378357,0.01998151,10.484311,10.478894472122192,10.496394872665405,0.01998151,3484800.0,3484800.0,3484800.0,0.0
1089,0.0,0.0,0.0,0.0,2.0,2.0,2.0,0.0,0.29295218,0.28729553520679474,0.3024859055876732,0.012070492,0.29295328,0.2872966155409813,0.30248700827360153,0.012070518,1.0278026,1.0180725157260895,1.052577018737793,0.030885346,0.09401893,0.08860522881150246,0.09594661928713322,0.006800765,0.09401893,0.08860522881150246,0.09594661928713322,0.006800765,1.0,1.0,1.0,0.0,1.0844628e-06,1.0289344061220618e-06,1.1076838291046442e-06,7.177676e-08,1.1540037e-05,1.1434757425377029e-05,1.1585832453420153e-05,1.7394879e-07,-27.129,-27.652072429656982,-26.74791431427002,0.6928769,2.261211,2.2398043274879456,2.315715730190277,0.067949094,0.753737,0.7466014623641968,0.7719052731990814,0.022649696,0.156,0.1420000083744526,0.17800001427531242,0.030606002,0.0006666667,0.0,0.0,0.0023094013,0.15573871,0.14430858194828033,0.16831660270690918,0.016177291,10.484311,10.478894472122192,10.496394872665405,0.01998151,10.494311,10.488894701004028,10.506395101547241,0.01998151,3488000.0,3488000.0,3488000.0,0.0
1090,0.0,0.0,0.0,0.0,2.0,2.0,2.0,0.0,0.29295328,0.2872966155409813,0.30248700827360153,0.012070518,0.29295442,0.287297785282135,0.30248814821243286,0.012070533,0.99872494,0.9771959483623505,1.012702763080597,0.038244724,0.10064673,0.09711888805031776,0.10545400716364384,0.008711355,0.10064673,0.09711888805031776,0.10545400716364384,0.008711355,1.0,1.0,1.0,0.0,1.1523683e-06,1.110112179958378e-06,1.201025668251532e-06,9.551424e-08,1.1453809e-05,1.134931903834513e-05,1.1499263337100274e-05,1.7264836e-07,-26.813185,-27.307295322418213,-26.282555103302002,0.826654,2.1972387,2.1498740315437317,2.2279906272888184,0.08414008,0.732413,0.7166246771812439,0.742663562297821,0.028046694,0.16600001,0.1340000070631504,0.1860000118613243,0.032741413,0.0006666667,0.0,0.0,0.0023094013,0.15320532,0.13919030129909515,0.16662630066275597,0.019086141,10.494311,10.488894701004028,10.506395101547241,0.01998151,10.504312,10.498894929885864,10.516395330429077,0.01998151,3491200.0,3491200.0,3491200.0,0.0
1091,0.0,0.0,0.0,0.0,2.0,2.0,2.0,0.0,0.29295442,0.287297785282135,0.30248814821243286,0.012070533,0.29295555,0.28729888051748276,0.3024892434477806,0.012070532,1.0121943,0.9982026815414429,1.0284541249275208,0.020795109,0.09733319,0.09365825168788433,0.10041471756994724,0.0046457774,0.09733319,0.09365825168788433,0.10041471756994724,0.0046457774,1.0,1.0,1.0,0.0,1.1061494e-06,1.0688895031307766e-06,1.1450750605490612e-06,4.7115368e-08,1.1368225e-05,1.126451229538361e-05,1.1413338370402926e-05,1.7135913e-07,-27.148325,-27.659915924072266,-26.644969940185547,0.56736284,2.2268722,2.196089744567871,2.262644350528717,0.045750145,0.74229074,0.7320299446582794,0.7542148232460022,0.015250052,0.14733334,0.11800000444054604,0.17000001296401024,0.03171846,0.0,0.0,0.0,0.0,0.15300597,0.1472298428416252,0.16317632049322128,0.015846726,10.504312,10.498894929885864,10.516395330429077,0.01998151,10.514312,10.5088951587677,10.526395559310913,0.01998151,3494400.0,3494400.0,3494400.0,0.0
1092,0.0,0.0,0.0,0.0,2.0,2.0,2.0,0.0,0.29295555,0.28729888051748276,0.3024892434477806,0.012070532,0.29295662,0.28730013221502304,0.3024904206395149,0.012070582,1.0172802,0.9825479239225388,1.0563327372074127,0.05166316,0.096723385,0.08787148632109165,0.10410423018038273,0.011478272,0.096723385,0.08787148632109165,0.10410423018038273,0.011478272,1.0,1.0,1.0,0.0,1.0903378e-06,9.979272306281928e-07,1.1737404861378309e-06,1.2142026e-07,1.12832795e-05,1.118034583669214e-05,1.1328057325954433e-05,1.700778e-07,-27.257376,-28.257201194763184,-26.508180618286133,1.1719687,2.2380612,2.1616486310958862,2.3239784836769104,0.11366123,0.7460204,0.7205495834350586,0.7746595293283463,0.03788707,0.14999999,0.12999999523162842,0.16249999776482582,0.033844564,0.0,0.0,0.0,0.0,0.14961804,0.13357847929000854,0.16112035140395164,0.016837621,10.514312,10.5088951587677,10.526395559310913,0.01998151,10.524312,10.518895387649536,10.536395788192749,0.01998151,3497600.0,3497600.0,3497600.0,0.0
1093,0.0,0.0,0.0,0.0,2.0,2.0,2.0,0.0,0.29295662,0.28730013221502304,0.3024904206395149,0.012070582,0.29295775,0.2873011752963066,0.3024914935231209,0.01207061,1.0064744,0.9817856699228287,1.0207026302814484,0.029148597,0.098721154,0.09535203501582146,0.10428503528237343,0.0064968574,0.098721154,0.09535203501582146,0.10428503528237343,0.0064968574,1.0,1.0,1.0,0.0,1.1051453e-06,1.0610449976411473e-06,1.1540483626504283e-06,6.7873415e-08,1.1198971e-05,1.1096801927124034e-05,1.124341247304983e-05,1.6880776e-07,-27.09552,-27.355525493621826,-26.835273265838623,0.43224245,2.2142878,2.159971594810486,2.245590567588806,0.064128175,0.73809594,0.7199905663728714,0.7485301941633224,0.021376058,0.172,0.15800001099705696,0.18400001525878906,0.020324638,0.0006666667,0.0,0.0,0.0023094013,0.14986654,0.14235744252800941,0.15818331763148308,0.014809048,10.524312,10.518895387649536,10.536395788192749,0.01998151,10.534312,10.528895616531372,10.546396017074585,0.01998151,3500800.0,3500800.0,3500800.0,0.0
1094,0.0,0.0,0.0,0.0,2.0,2.0,2.0,0.0,0.29295775,0.2873011752963066,0.3024914935231209,0.01207061,0.2929588,0.2873021513223648,0.3024926111102104,0.012070627,1.0192649,1.0069239735603333,1.0240375995635986,0.025169311,0.095806,0.09465466253459454,0.09842024743556976,0.0054185707,0.095806,0.09465466253459454,0.09842024743556976,0.0054185707,1.0,1.0,1.0,0.0,1.064543e-06,1.0608306126869138e-06,1.0891525903389265e-06,5.5073517e-08,1.111529e-05,1.1013888752131606e-05,1.115940062845766e-05,1.6754566e-07,-27.079283,-27.645957469940186,-26.80031108856201,0.6106682,2.2424276,2.2152769565582275,2.2529277205467224,0.05537356,0.7474759,0.738425686955452,0.7509759068489075,0.018457856,0.15866667,0.1420000083744526,0.17600001394748688,0.025941659,0.0,0.0,0.0,0.0,0.15166213,0.13316639512777328,0.15984460338950157,0.02118936,10.534312,10.528895616531372,10.546396017074585,0.01998151,10.5443125,10.538895845413208,10.556396245956421,0.01998151,3504000.0,3504000.0,3504000.0,0.0
1095,0.0,0.0,0.0,0.0,2.0,2.0,2.0,0.0,0.2929588,0.2873021513223648,0.3024926111102104,0.012070627,0.29295975,0.2873028442263603,0.3024936094880104,0.012070686,1.0326232,1.0119383931159973,1.0492208302021027,0.039259963,0.086623676,0.08931731060147285,0.09729351475834846,0.02812084,0.09310946,0.08931731060147285,0.09729351475834846,0.008352965,0.9166667,1.0,1.0,0.28867513,9.553142e-07,9.81656370413475e-07,1.0556892959812103e-06,3.103578e-07,1.1032236e-05,1.0931588349194499e-05,1.1076015880462364e-05,1.6629424e-07,-27.392975,-27.89504051208496,-27.03410530090332,0.6233538,2.2718165,2.2263089418411255,2.3083319664001465,0.08637363,0.7572722,0.7421030104160309,0.76944400370121,0.028791204,0.16333334,0.13200000673532486,0.1980000026524067,0.040428013,0.0013333334,0.0,0.0,0.003113996,0.16483851,0.15389760956168175,0.16223017498850822,0.021223877,10.5443125,10.538895845413208,10.556396245956421,0.01998151,10.554313,10.548896074295044,10.566396474838257,0.01998151,3507200.0,3507200.0,3507200.0,0.0
1096,0.0,0.0,0.0,0.0,2.0,2.0,2.0,0.0,0.29295975,0.2873028442263603,0.3024936094880104,0.012070686,0.29296082,0.2873038724064827,0.3024946376681328,0.012070663,1.0077842,1.000154659152031,1.0269426703453064,0.024704902,0.098371334,0.09398477710783482,0.09998409636318684,0.005710774,0.098371334,0.09398477710783482,0.09998409636318684,0.005710774,1.0,1.0,1.0,0.0,1.0774071e-06,1.0214335190994461e-06,1.1162555892951787e-06,6.937296e-08,1.09498005e-05,1.0849909585886053e-05,1.0993255500579835e-05,1.6505123e-07,-26.868246,-27.155017375946045,-26.616833209991455,0.58732563,2.2171695,2.200384199619293,2.2593190670013428,0.054351863,0.7390565,0.7334614396095276,0.7531063556671143,0.018117283,0.17066668,0.13600000739097595,0.20000000298023224,0.035505015,0.0,0.0,0.0,0.0,0.15031622,0.13870735466480255,0.15952302888035774,0.015733792,10.554313,10.548896074295044,10.566396474838257,0.01998151,10.564313,10.55889630317688,10.576396703720093,0.01998151,3510400.0,3510400.0,3510400.0,0.0
1097,0.0,0.0,0.0,0.0,2.0,2.0,2.0,0.0,0.29296082,0.2873038724064827,0.3024946376681328,0.012070663,0.29296187,0.2873048633337021,0.30249568074941635,0.012070706,1.018355,1.0060000121593475,1.0342310667037964,0.030239593,0.09607423,0.09242201782763004,0.09863217361271381,0.0066656307,0.09607423,0.09242201782763004,0.09863217361271381,0.0066656307,1.0,1.0,1.0,0.0,1.0434599e-06,1.0190838395374158e-06,1.0605192812818132e-06,6.3252756e-08,1.0867984e-05,1.0768834727059584e-05,1.0911111075984081e-05,1.638183e-07,-27.184334,-27.364672660827637,-26.930129528045654,0.5549975,2.2404258,2.213244318962097,2.2753536701202393,0.06652845,0.7468087,0.7377481311559677,0.7584512382745743,0.022176139,0.16933334,0.15800001099705696,0.1860000118613243,0.029509116,0.0,0.0,0.0,0.0,0.15157242,0.1326231099665165,0.16253262385725975,0.018365847,10.564313,10.55889630317688,10.576396703720093,0.01998151,10.574313,10.568896532058716,10.586396932601929,0.01998151,3513600.0,3513600.0,3513600.0,0.0
1098,0.0,0.0,0.0,0.0,2.0,2.0,2.0,0.0,0.29296187,0.2873048633337021,0.30249568074941635,0.012070706,0.29296294,0.2873058468103409,0.3024967312812805,0.012070674,1.0136644,0.996635913848877,1.0333865880966187,0.028208947,0.09708977,0.09260156005620956,0.10077806003391743,0.006289147,0.09708977,0.09260156005620956,0.10077806003391743,0.006289147,1.0,1.0,1.0,0.0,1.0474852e-06,9.879390745481942e-07,1.0880696947879187e-06,7.300811e-08,1.0786775e-05,1.068837241291476e-05,1.082958374354348e-05,1.6259384e-07,-27.17676,-27.70729160308838,-26.58142900466919,0.80138713,2.2301064,2.1926428079605103,2.27349591255188,0.062060937,0.7433688,0.7308809757232666,0.7578320056200027,0.020686978,0.16866668,0.14400000870227814,0.17800001427531242,0.023250936,0.0006666667,0.0,0.0,0.0023094013,0.15749468,0.15044942125678062,0.15845638141036034,0.020063184,10.574313,10.568896532058716,10.586396932601929,0.01998151,10.584313,10.578896760940552,10.596397161483765,0.01998151,3516800.0,3516800.0,3516800.0,0.0
1099,0.0,0.0,0.0,0.0,2.0,2.0,2.0,0.0,0.29296294,0.2873058468103409,0.3024967312812805,0.012070674,0.2929639,0.28730690479278564,0.3024977222084999,0.012070585,1.0169597,0.9843692928552628,1.0357325077056885,0.045459107,0.09011193,0.09210582263767719,0.10370061546564102,0.029563038,0.09665231,0.09210582263767719,0.10370061546564102,0.010069862,0.9166667,1.0,1.0,0.28867513,9.658364e-07,9.887010321563139e-07,1.105490923691832e-06,3.1629173e-07,1.0706176e-05,1.0608503316689166e-05,1.074866213457426e-05,1.6137962e-07,-27.064865,-27.57009792327881,-26.395434379577637,0.8386034,2.237356,2.165655732154846,2.278657078742981,0.10001203,0.7457853,0.7218852639198303,0.7595523595809937,0.033337332,0.15666668,0.14800000935792923,0.17000001296401024,0.026959006,0.0,0.0,0.0,0.0,0.1599631,0.15120606869459152,0.1726476065814495,0.01924316,10.584313,10.578896760940552,10.596397161483765,0.01998151,10.594314,10.588896989822388,10.6063973903656,0.01998151,3520000.0,3520000.0,3520000.0,0.0
1100,0.0,0.0,0.0,0.0,2.0,2.0,2.0,0.0,0.2929639,0.28730690479278564,0.3024977222084999,0.012070585,0.29296488,0.28730785846710205,0.30249881744384766,0.01207063,1.0336882,1.0087087750434875,1.0529549419879913,0.035637695,0.0928264,0.0885207299143076,0.09804577007889748,0.007785421,0.0928264,0.0885207299143076,0.09804577007889748,0.007785421,1.0,1.0,1.0,0.0,9.856047e-07,9.423106632766576e-07,1.0302971418241214e-06,7.306303e-08,1.0626179e-05,1.0529239034440252e-05,1.0668348522813176e-05,1.6017299e-07,-27.384333,-27.90195608139038,-26.73811674118042,0.7377652,2.2741597,2.2192037105560303,2.316547214984894,0.078404486,0.75805324,0.7397346049547195,0.7721824198961258,0.02613482,0.16000001,0.12800000607967377,0.17800001427531242,0.03736795,0.0006666667,0.0,0.0,0.0023094013,0.16438289,0.1462627686560154,0.18120844662189484,0.026986983,10.594314,10.588896989822388,10.6063973903656,0.01998151,10.604314,10.598897218704224,10.616397619247437,0.01998151,3523200.0,3523200.0,3523200.0,0.0
1101,0.0,0.0,0.0,0.0,2.0,2.0,2.0,0.0,0.29296488,0.28730785846710205,0.30249881744384766,0.01207063,0.2929658,0.28730812668800354,0.30249982327222824,0.012070684,1.0198053,0.9868314564228058,1.0341533422470093,0.046360824,0.08959737,0.09244421683251858,0.10307879745960236,0.029315919,0.09603113,0.09244421683251858,0.10307879745960236,0.00992157,0.9166667,1.0,1.0,0.28867513,9.44467e-07,9.702129375455115e-07,1.0727921448960842e-06,3.0759114e-07,1.054678e-05,1.0450560239405604e-05,1.058863222169748e-05,1.5897677e-07,-27.43447,-27.800920486450195,-26.693808555603027,0.8954354,2.2436166,2.1710726022720337,2.275182783603668,0.10199584,0.7478722,0.7236908674240112,0.7583943009376526,0.03399862,0.16200002,0.14000000804662704,0.18200001120567322,0.039061725,0.0,0.0,0.0,0.0,0.15452255,0.14633135125041008,0.16473793610930443,0.017605493,10.604314,10.598897218704224,10.616397619247437,0.01998151,10.614314,10.60889744758606,10.626397848129272,0.01998151,3526400.0,3526400.0,3526400.0,0.0
1102,0.0,0.0,0.0,0.0,2.0,2.0,2.0,0.0,0.2929658,0.28730812668800354,0.30249982327222824,0.012070684,0.2929668,0.28730907291173935,0.30250080674886703,0.012070723,1.0282103,1.0055612325668335,1.0522785186767578,0.033003993,0.09396408,0.08866396173834801,0.09872769564390182,0.00735622,0.09396408,0.08866396173834801,0.09872769564390182,0.00735622,1.0,1.0,1.0,0.0,9.831448e-07,9.390310111712097e-07,1.025323228986963e-06,7.132693e-08,1.0467971e-05,1.037247602653224e-05,1.050951345860085e-05,1.577882e-07,-27.181564,-27.488601207733154,-26.804271697998047,0.71691835,2.2621076,2.2122787833213806,2.315059006214142,0.072610244,0.75403595,0.7374262660741806,0.7716863751411438,0.024203422,0.15866669,0.15000000968575478,0.1680000126361847,0.018317075,0.0006666667,0.0,0.0,0.0023094013,0.16028392,0.15121731907129288,0.17589595913887024,0.02080263,10.614314,10.60889744758606,10.626397848129272,0.01998151,10.624314,10.618897676467896,10.636398077011108,0.01998151,3529600.0,3529600.0,3529600.0,0.0
1103,0.0,0.0,0.0,0.0,2.0,2.0,2.0,0.0,0.2929668,0.28730907291173935,0.30250080674886703,0.012070723,0.29296783,0.28731004893779755,0.3025018647313118,0.012070731,1.0081044,0.9917383193969727,1.02788245677948,0.024716085,0.098297395,0.0937829464673996,0.10192727111279964,0.0056180493,0.098297395,0.0937829464673996,0.10192727111279964,0.0056180493,1.0,1.0,1.0,0.0,1.0210316e-06,9.93156220374658e-07,1.0491374666798947e-06,5.5071393e-08,1.0389755e-05,1.02949684332998e-05,1.0430985184939345e-05,1.5661004e-07,-26.773588,-27.125997066497803,-26.3703293800354,0.5646055,2.217874,2.1818678975105286,2.2613865733146667,0.054376483,0.73929137,0.7272893339395523,0.7537955492734909,0.018125499,0.16866668,0.1420000083744526,0.19200000166893005,0.035525493,0.0,0.0,0.0,0.0,0.14572427,0.13062117621302605,0.1565852202475071,0.015546556,10.624314,10.618897676467896,10.636398077011108,0.01998151,10.634315,10.628897905349731,10.646398305892944,0.01998151,3532800.0,3532800.0,3532800.0,0.0
1104,0.0,0.0,0.0,0.0,2.0,2.0,2.0,0.0,0.29296783,0.28731004893779755,0.3025018647313118,0.012070731,0.2929688,0.28731100261211395,0.302502878010273,0.0120707685,1.0182968,0.9955397993326187,1.0384660065174103,0.034987476,0.09615767,0.09153327532112598,0.10104310512542725,0.0076545333,0.09615767,0.09153327532112598,0.10104310512542725,0.0076545333,1.0,1.0,1.0,0.0,9.907666e-07,9.532077172025311e-07,1.0421245235647802e-06,6.865999e-08,1.031212e-05,1.0218045872534276e-05,1.035304376273416e-05,1.5543921e-07,-27.361761,-27.758102893829346,-26.85597038269043,0.65185404,2.2402978,2.1902312636375427,2.2846707701683044,0.07697398,0.7467659,0.7300771176815033,0.761556938290596,0.025657993,0.17000002,0.15000000968575478,0.1860000118613243,0.031101007,0.0,0.0,0.0,0.0,0.15395327,0.14239253848791122,0.1608853042125702,0.014551129,10.634315,10.628897905349731,10.646398305892944,0.01998151,10.644315,10.638898134231567,10.65639853477478,0.01998151,3536000.0,3536000.0,3536000.0,0.0
1105,0.0,0.0,0.0,0.0,2.0,2.0,2.0,0.0,0.2929688,0.28731100261211395,0.302502878010273,0.0120707685,0.29296973,0.2873118072748184,0.3025040030479431,0.012070856,1.0303941,0.99980029463768,1.0633409321308136,0.05071846,0.08738167,0.08642902970314026,0.10006592236459255,0.029234359,0.0938314,0.08642902970314026,0.10006592236459255,0.011144014,0.9166667,1.0,1.0,0.28867513,8.9346713e-07,8.800729176527966e-07,1.017766720678992e-06,2.9693055e-07,1.0235068e-05,1.0141691973331035e-05,1.0275684417138109e-05,1.5427767e-07,-27.626205,-27.9443302154541,-27.12422800064087,0.59882873,2.2669122,2.199604630470276,2.3393967151641846,0.11158285,0.7556374,0.7332015633583069,0.7797989100217819,0.03719428,0.17333333,0.14999999105930328,0.19499999657273293,0.039848197,0.0,0.0,0.0,0.0,0.16230197,0.14626701921224594,0.17315931618213654,0.022057487,10.644315,10.638898134231567,10.65639853477478,0.01998151,10.654315,10.648898363113403,10.666398763656616,0.01998151,3539200.0,3539200.0,3539200.0,0.0
1106,0.0,0.0,0.0,0.0,2.0,2.0,2.0,0.0,0.29296973,0.2873118072748184,0.3025040030479431,0.012070856,0.2929707,0.28731268644332886,0.3025049418210983,0.012070885,1.0232633,1.006969392299652,1.0356811583042145,0.031371295,0.09501147,0.09212104044854641,0.09841035306453705,0.006878795,0.09501147,0.09212104044854641,0.09841035306453705,0.006878795,1.0,1.0,1.0,0.0,9.646214e-07,9.387864707832705e-07,9.888288445836224e-07,6.239306e-08,1.0158589e-05,1.0065917422252824e-05,1.019890328279871e-05,1.5312467e-07,-27.088522,-27.470436573028564,-26.765724658966064,0.5625874,2.2512243,2.215376913547516,2.2785441279411316,0.06901823,0.7504082,0.738458976149559,0.7595147341489792,0.023006083,0.15733334,0.1340000070631504,0.17000001296401024,0.033480886,0.0006666667,0.0,0.0,0.0023094013,0.15717697,0.14656368643045425,0.16177808493375778,0.018752133,10.654315,10.648898363113403,10.666398763656616,0.01998151,10.664315,10.65889859199524,10.676398992538452,0.01998151,3542400.0,3542400.0,3542400.0,0.0
1107,0.0,0.0,0.0,0.0,2.0,2.0,2.0,0.0,0.2929707,0.28731268644332886,0.3025049418210983,0.012070885,0.29297164,0.28731362521648407,0.30250588059425354,0.012070901,1.0308264,1.0161646604537964,1.0476327240467072,0.027095009,0.09331533,0.08961599878966808,0.09636131674051285,0.0058769253,0.09331533,0.08961599878966808,0.09636131674051285,0.0058769253,1.0,1.0,1.0,0.0,9.4067815e-07,8.931625359309692e-07,9.841326402693085e-07,5.775309e-08,1.0082684e-05,9.99069879981107e-06,1.0122694902747753e-05,1.519818e-07,-27.494905,-27.933377742767334,-26.942037105560303,0.6201364,2.2678635,2.235606849193573,2.3048381209373474,0.059610248,0.7559545,0.7452022880315781,0.7682793885469437,0.019870082,0.15733334,0.1340000070631504,0.18800001218914986,0.04278771,0.0006666667,0.0,0.0,0.0023094013,0.16452076,0.15615292266011238,0.1744382120668888,0.018914137,10.664315,10.65889859199524,10.676398992538452,0.01998151,10.674315,10.668898820877075,10.686399221420288,0.01998151,3545600.0,3545600.0,3545600.0,0.0
1108,0.0,0.0,0.0,0.0,2.0,2.0,2.0,0.0,0.29297164,0.28731362521648407,0.30250588059425354,0.012070901,0.2929726,0.28731459379196167,0.30250686407089233,0.012070921,1.0125879,1.002501741051674,1.0309016406536102,0.03723366,0.09747837,0.09313288889825344,0.09942688792943954,0.008657252,0.09747837,0.09313288889825344,0.09942688792943954,0.008657252,1.0,1.0,1.0,0.0,9.75016e-07,9.262948736932231e-07,9.925606718752533e-07,8.0836834e-08,1.0007344e-05,9.916049293678952e-06,1.0047062232843018e-05,1.5084579e-07,-27.0802,-27.635537147521973,-26.608510971069336,0.66914076,2.2277381,2.205547869205475,2.2680289149284363,0.08191568,0.7425794,0.7351826280355453,0.7560096681118011,0.027305223,0.16533335,0.12800000607967377,0.19200000166893005,0.032241512,0.0,0.0,0.0,0.0,0.14989331,0.1357043832540512,0.16170038655400276,0.015434531,10.674315,10.668898820877075,10.686399221420288,0.01998151,10.684316,10.678899049758911,10.696399450302124,0.01998151,3548800.0,3548800.0,3548800.0,0.0
1109,0.0,0.0,0.0,0.0,2.0,2.0,2.0,0.0,0.2929726,0.28731459379196167,0.30250686407089233,0.012070921,0.29297355,0.2873155027627945,0.30250775814056396,0.012070926,1.0172716,0.993594765663147,1.0431822836399078,0.0287646,0.09629565,0.09053527191281319,0.1014911737293005,0.0064334483,0.09629565,0.09053527191281319,0.1014911737293005,0.0064334483,1.0,1.0,1.0,0.0,9.565186e-07,8.991561770699263e-07,1.0110721291312075e-06,6.667697e-08,9.932569e-06,9.841952987699187e-06,9.97198412733269e-06,1.4971793e-07,-27.031641,-27.254669666290283,-26.667625904083252,0.51927626,2.238042,2.185952126979828,2.295046806335449,0.06328339,0.74601406,0.7286507338285446,0.7650156319141388,0.021094453,0.172,0.1420000083744526,0.1980000026524067,0.03470394,0.0,0.0,0.0,0.0,0.151341,0.1418158821761608,0.1550988294184208,0.0149894105,10.684316,10.678899049758911,10.696399450302124,0.01998151,10.694316,10.688899278640747,10.70639967918396,0.01998151,3552000.0,3552000.0,3552000.0,0.0
1110,0.0,0.0,0.0,0.0,2.0,2.0,2.0,0.0,0.29297355,0.2873155027627945,0.30250775814056396,0.012070926,0.29297456,0.2873164936900139,0.302508682012558,0.012070944,0.9927785,0.9626558274030685,1.018818885087967,0.03585711,0.10199415,0.09577232971787453,0.10897945053875446,0.008395548,0.10199415,0.09577232971787453,0.10897945053875446,0.008395548,1.0,1.0,1.0,0.0,1.0051752e-06,9.488473580177015e-07,1.0675642272417463e-06,8.013949e-08,9.8583505e-06,9.76841761257674e-06,9.897471045405837e-06,1.4859859e-07,-26.743515,-27.213862419128418,-25.926109790802002,0.79961735,2.1841562,2.117885112762451,2.2414461970329285,0.07888723,0.7280521,0.7059617042541504,0.7471487671136856,0.026295748,0.17333335,0.14000000804662704,0.20200000330805779,0.045681376,0.0013333334,0.0,0.0,0.003113996,0.14594008,0.131057508289814,0.16119443625211716,0.018285891,10.694316,10.688899278640747,10.70639967918396,0.01998151,10.704316,10.698899507522583,10.716399908065796,0.01998151,3555200.0,3555200.0,3555200.0,0.0
1111,0.0,0.0,0.0,0.0,2.0,2.0,2.0,0.0,0.29297456,0.2873164936900139,0.302508682012558,0.012070944,0.29297552,0.2873174250125885,0.3025096505880356,0.01207096,1.0098394,0.9981646686792374,1.0181931853294373,0.020106507,0.09785604,0.09589740261435509,0.1004276666790247,0.0045386404,0.09785604,0.09589740261435509,0.1004276666790247,0.0045386404,1.0,1.0,1.0,0.0,9.570674e-07,9.401073981507579e-07,9.764640935827629e-07,3.5974313e-08,9.784689e-06,9.695422704680823e-06,9.8235170753469e-06,1.4749097e-07,-27.287916,-27.48032808303833,-27.12666368484497,0.25253803,2.221691,2.196006178855896,2.2400697469711304,0.044235207,0.7405637,0.7320020943880081,0.7466899454593658,0.014745067,0.15866667,0.1340000070631504,0.17800001427531242,0.033740543,0.0,0.0,0.0,0.0,0.15144275,0.13929298147559166,0.16570572555065155,0.017467309,10.704316,10.698899507522583,10.716399908065796,0.01998151,10.714316,10.708899736404419,10.726400136947632,0.01998151,3558400.0,3558400.0,3558400.0,0.0
1112,0.0,0.0,0.0,0.0,2.0,2.0,2.0,0.0,0.29297552,0.2873174250125885,0.3025096505880356,0.01207096,0.29297647,0.28731830418109894,0.3025105893611908,0.01207095,1.0198824,1.00527785718441,1.035009652376175,0.031133493,0.09575156,0.092258146032691,0.09879603981971741,0.006925488,0.09575156,0.092258146032691,0.09879603981971741,0.006925488,1.0,1.0,1.0,0.0,9.298096e-07,9.011630339728072e-07,9.578164394952182e-07,6.7252756e-08,9.711575e-06,9.622978495826828e-06,9.750119943419122e-06,1.4638732e-07,-27.151484,-27.574371337890625,-26.83183765411377,0.48212954,2.243786,2.2116554975509644,2.277066648006439,0.06849505,0.7479288,0.7372185289859772,0.7590222209692001,0.022831682,0.154,0.13200000673532486,0.17200001329183578,0.031472933,0.0,0.0,0.0,0.0,0.16067491,0.14634482190012932,0.18010082468390465,0.02268524,10.714316,10.708899736404419,10.726400136947632,0.01998151,10.724317,10.718899965286255,10.736400365829468,0.01998151,3561600.0,3561600.0,3561600.0,0.0
1113,0.0,0.0,0.0,0.0,2.0,2.0,2.0,0.0,0.29297647,0.28731830418109894,0.3025105893611908,0.01207095,0.29297742,0.2873191758990288,0.302511528134346,0.012070957,0.9968223,0.9791709184646606,1.023968756198883,0.03572834,0.101049356,0.09463178366422653,0.10491330921649933,0.008402087,0.101049356,0.09463178366422653,0.10491330921649933,0.008402087,1.0,1.0,1.0,0.0,9.739382e-07,9.133345884038135e-07,1.0117980764334789e-06,8.1595566e-08,9.63901e-06,9.55107338995731e-06,9.677261914475821e-06,1.4529247e-07,-26.589132,-27.034471035003662,-26.244685649871826,0.60961574,2.1930528,2.1542190313339233,2.252776324748993,0.07860392,0.7310176,0.7180730253458023,0.7509254813194275,0.026201311,0.17533334,0.15000000968575478,0.1980000026524067,0.037439242,0.0,0.0,0.0,0.0,0.14954513,0.1392792910337448,0.1583409458398819,0.021901986,10.724317,10.718899965286255,10.736400365829468,0.01998151,10.734317,10.72890019416809,10.746400594711304,0.01998151,3564800.0,3564800.0,3564800.0,0.0
1114,0.0,0.0,0.0,0.0,2.0,2.0,2.0,0.0,0.29297742,0.2873191758990288,0.302511528134346,0.012070957,0.29297838,0.2873201370239258,0.30251242220401764,0.012070958,1.0091501,0.9805709272623062,1.0291036665439606,0.038246214,0.098263346,0.09351979941129684,0.10457590408623219,0.008645292,0.098263346,0.09351979941129684,0.10457590408623219,0.008645292,1.0,1.0,1.0,0.0,9.4013404e-07,8.786333296484372e-07,1.0056719759177213e-06,8.4976435e-08,9.566986e-06,9.479710570303723e-06,9.604948218111531e-06,1.4420691e-07,-27.099777,-27.63945722579956,-26.554240703582764,0.7128482,2.2201746,2.1572991013526917,2.2640731930732727,0.08414336,0.74005824,0.7190997302532196,0.75469109416008,0.028047798,0.14733334,0.13600000739097595,0.1680000126361847,0.029236758,0.0006666667,0.0,0.0,0.0023094013,0.15859725,0.1519991084933281,0.16577542573213577,0.013047035,10.734317,10.72890019416809,10.746400594711304,0.01998151,10.744317,10.738900423049927,10.75640082359314,0.01998151,3568000.0,3568000.0,3568000.0,0.0
1115,0.0,0.0,0.0,0.0,2.0,2.0,2.0,0.0,0.29297838,0.2873201370239258,0.30251242220401764,0.012070958,0.2929793,0.287321075797081,0.3025132268667221,0.012070923,1.0100237,0.990668311715126,1.0162988007068634,0.042765677,0.09814123,0.09631950408220291,0.10217742063105106,0.009266838,0.09814123,0.09631950408220291,0.10217742063105106,0.009266838,1.0,1.0,1.0,0.0,9.3222707e-07,9.040689263883905e-07,9.878460502932285e-07,9.185432e-08,9.4955e-06,9.40887252909306e-06,9.533182264931384e-06,1.431319e-07,-27.18923,-27.536485195159912,-26.694451808929443,0.8942673,2.2220964,2.1795137524604797,2.235901892185211,0.09408637,0.7406988,0.7265046089887619,0.7453006654977798,0.03136212,0.168,0.15000000968575478,0.18400001525878906,0.04107643,0.0,0.0,0.0,0.0,0.16015667,0.13940994441509247,0.1694870963692665,0.038713496,10.744317,10.738900423049927,10.75640082359314,0.01998151,10.754317,10.748900651931763,10.766401052474976,0.01998151,3571200.0,3571200.0,3571200.0,0.0
1116,0.0,0.0,0.0,0.0,2.0,2.0,2.0,0.0,0.2929793,0.287321075797081,0.3025132268667221,0.012070923,0.2929802,0.28732191026210785,0.3025141581892967,0.01207096,1.0204506,0.99571593105793,1.0308171808719635,0.036594864,0.09570394,0.09323731251060963,0.10099348425865173,0.0077864877,0.09570394,0.09323731251060963,0.10099348425865173,0.0077864877,1.0,1.0,1.0,0.0,9.0129316e-07,8.769704749056473e-07,9.427212432910892e-07,6.584426e-08,9.424549e-06,9.338570407635416e-06,9.461953595746309e-06,1.4206107e-07,-27.117846,-27.657618045806885,-26.565150260925293,0.7495047,2.2450361,2.1906187534332275,2.2678430676460266,0.08051034,0.7483454,0.7302062660455704,0.7559477090835571,0.026836779,0.15266667,0.1300000064074993,0.1640000119805336,0.03633514,0.0006666667,0.0,0.0,0.0023094013,0.15249477,0.14437882602214813,0.158913042396307,0.014640976,10.754317,10.748900651931763,10.766401052474976,0.01998151,10.7643175,10.758900880813599,10.776401281356812,0.01998151,3574400.0,3574400.0,3574400.0,0.0
1117,0.0,0.0,0.0,0.0,2.0,2.0,2.0,0.0,0.2929802,0.28732191026210785,0.3025141581892967,0.01207096,0.29298112,0.2873228192329407,0.3025151193141937,0.012070965,1.0052801,0.9967508316040039,1.0264632403850555,0.025828354,0.09895453,0.09408869780600071,0.10075575299561024,0.0060345638,0.09895453,0.09408869780600071,0.10075575299561024,0.0060345638,1.0,1.0,1.0,0.0,9.253058e-07,8.978966121730991e-07,9.391173989570234e-07,5.2007856e-08,9.3541275e-06,9.268789654015563e-06,9.391247886014753e-06,1.4099788e-07,-26.820318,-27.581099033355713,-26.08556032180786,0.982989,2.2116604,2.1928955912590027,2.2582642436027527,0.05682352,0.7372201,0.7309652268886566,0.7527547627687454,0.018941171,0.15200001,0.1300000064074993,0.17600001394748688,0.03462002,0.0,0.0,0.0,0.0,0.14360912,0.1306335423141718,0.14953676238656044,0.024295472,10.7643175,10.758900880813599,10.776401281356812,0.01998151,10.774318,10.768901109695435,10.786401510238647,0.01998151,3577600.0,3577600.0,3577600.0,0.0
1118,0.0,0.0,0.0,0.0,2.0,2.0,2.0,0.0,0.29298112,0.2873228192329407,0.3025151193141937,0.012070965,0.29298204,0.2873237058520317,0.30251603573560715,0.012070961,1.0008264,0.9888047277927399,1.0101885795593262,0.02031447,0.09990921,0.09768446907401085,0.1026114970445633,0.0046149986,0.09990921,0.09768446907401085,0.1026114970445633,0.0046149986,1.0,1.0,1.0,0.0,9.274479e-07,8.994990281507853e-07,9.53586393848127e-07,4.1876163e-08,9.284232e-06,9.199537316817441e-06,9.321073093815357e-06,1.3994497e-07,-26.865278,-27.056936740875244,-26.660662174224854,0.5209212,2.2018619,2.1754137873649597,2.2224591970443726,0.04469273,0.73395395,0.7251379489898682,0.7408197671175003,0.014897584,0.17416666,0.13749999925494194,0.20749998837709427,0.05299371,0.0,0.0,0.0,0.0,0.14801039,0.14005772396922112,0.1508530154824257,0.016949536,10.774318,10.768901109695435,10.786401510238647,0.01998151,10.784318,10.77890133857727,10.796401739120483,0.01998151,3580800.0,3580800.0,3580800.0,0.0
1119,0.0,0.0,0.0,0.0,2.0,2.0,2.0,0.0,0.29298204,0.2873237058520317,0.30251603573560715,0.012070961,0.2929829,0.28732454776763916,0.3025169298052788,0.012070965,1.0249349,1.01081383228302,1.038634866476059,0.03002254,0.09462607,0.09149226546287537,0.09754343889653683,0.006490461,0.09462607,0.09149226546287537,0.09754343889653683,0.006490461,1.0,1.0,1.0,0.0,8.718517e-07,8.438595955340134e-07,8.99884156524422e-07,5.9041703e-08,9.21486e-06,9.130791568168206e-06,9.251427400158718e-06,1.3890148e-07,-27.182257,-27.727763175964355,-26.509882926940918,0.71737576,2.254902,2.2238348722457886,2.2850423455238342,0.06605092,0.75163394,0.7412783205509186,0.7616808116436005,0.022016976,0.16066667,0.14000000804662704,0.19200000166893005,0.043210547,0.0,0.0,0.0,0.0,0.16039738,0.14963552728295326,0.16745521500706673,0.024854861,10.784318,10.77890133857727,10.796401739120483,0.01998151,10.794318,10.788901567459106,10.80640196800232,0.01998151,3584000.0,3584000.0,3584000.0,0.0
1120,0.0,0.0,0.0,0.0,2.0,2.0,2.0,0.0,0.2929829,0.28732454776763916,0.3025169298052788,0.012070965,0.2929838,0.2873254269361496,0.3025178834795952,0.012070993,1.0143105,0.9831610172986984,1.0427386462688446,0.041443165,0.09716728,0.09062874503433704,0.10397403500974178,0.00941486,0.09716728,0.09062874503433704,0.10397403500974178,0.00941486,1.0,1.0,1.0,0.0,8.8806064e-07,8.341787633980857e-07,9.475044038254055e-07,7.9907046e-08,9.146005e-06,9.062568096851464e-06,9.182304665955598e-06,1.3786203e-07,-27.1154,-27.58189821243286,-26.496195316314697,0.6637063,2.2315276,2.1629973649978638,2.294070780277252,0.09117678,0.74384254,0.720999151468277,0.7646902948617935,0.030392263,0.15,0.13200000673532486,0.17800001427531242,0.032741413,0.0,0.0,0.0,0.0,0.1529767,0.1437893696129322,0.1654992364346981,0.013636265,10.794318,10.788901567459106,10.80640196800232,0.01998151,10.804318,10.798901796340942,10.816402196884155,0.01998151,3587200.0,3587200.0,3587200.0,0.0
1121,0.0,0.0,0.0,0.0,2.0,2.0,2.0,0.0,0.2929838,0.2873254269361496,0.3025178834795952,0.012070993,0.2929847,0.2873263284564018,0.30251869559288025,0.012070977,1.009098,0.9867311269044876,1.025420069694519,0.029467987,0.098131515,0.09431708231568336,0.10310241766273975,0.006556355,0.098131515,0.09431708231568336,0.10310241766273975,0.006556355,1.0,1.0,1.0,0.0,8.9099586e-07,8.483485629540155e-07,9.417314572601754e-07,6.3546274e-08,9.077666e-06,8.994849395094207e-06,9.113688520301366e-06,1.3683076e-07,-26.95102,-27.177146911621094,-26.707446098327637,0.5805082,2.22006,2.1708518266677856,2.255969285964966,0.06483089,0.74002004,0.7236173152923584,0.7519897818565369,0.021610295,0.15733334,0.1420000083744526,0.1680000126361847,0.025374768,0.0,0.0,0.0,0.0,0.15926796,0.1447310373187065,0.16714411228895187,0.018561497,10.804318,10.798901796340942,10.816402196884155,0.01998151,10.814319,10.808902025222778,10.826402425765991,0.01998151,3590400.0,3590400.0,3590400.0,0.0
1122,0.0,0.0,0.0,0.0,2.0,2.0,2.0,0.0,0.2929847,0.2873263284564018,0.30251869559288025,0.012070977,0.29298553,0.2873271480202675,0.30251964181661606,0.012070987,1.0284959,1.0186150670051575,1.0476670265197754,0.030234192,0.09385993,0.0896071009337902,0.09580462984740734,0.0066592097,0.09385993,0.0896071009337902,0.09580462984740734,0.0066592097,1.0,1.0,1.0,0.0,8.4546417e-07,8.188396662944797e-07,8.610799255848178e-07,5.7878392e-08,9.009836e-06,8.927643193601398e-06,9.045587830769364e-06,1.3580869e-07,-27.500366,-27.815470695495605,-27.213086128234863,0.49227393,2.262736,2.2409979104995728,2.3049134612083435,0.06651654,0.75424534,0.7469993084669113,0.7683044970035553,0.022172177,0.14,0.12400000542402267,0.16200001165270805,0.03985428,0.0,0.0,0.0,0.0,0.15584178,0.14176398515701294,0.16172662377357483,0.017761694,10.814319,10.808902025222778,10.826402425765991,0.01998151,10.824319,10.818902254104614,10.836402654647827,0.01998151,3593600.0,3593600.0,3593600.0,0.0
1123,0.0,0.0,0.0,0.0,2.0,2.0,2.0,0.0,0.29298553,0.2873271480202675,0.30251964181661606,0.012070987,0.29298642,0.28732793033123016,0.3025205507874489,0.012071019,1.0027977,0.9716711640357971,1.038661777973175,0.04306682,0.099795245,0.09148339740931988,0.1067432388663292,0.009523311,0.099795245,0.09148339740931988,0.1067432388663292,0.009523311,1.0,1.0,1.0,0.0,8.918119e-07,8.338449077882615e-07,9.548460013775184e-07,7.926729e-08,8.942514e-06,8.860930620357976e-06,8.978001005743863e-06,1.347963e-07,-26.766367,-27.268956661224365,-26.225181102752686,0.7026338,2.206199,2.137719213962555,2.285101532936096,0.09474889,0.7353997,0.7125731110572815,0.7617005258798599,0.031582966,0.16866668,0.1420000083744526,0.19600000232458115,0.03244389,0.0,0.0,0.0,0.0,0.15435424,0.13766052573919296,0.169062290340662,0.023428062,10.824319,10.818902254104614,10.836402654647827,0.01998151,10.834319,10.82890248298645,10.846402883529663,0.01998151,3596800.0,3596800.0,3596800.0,0.0
1124,0.0,0.0,0.0,0.0,2.0,2.0,2.0,0.0,0.29298642,0.28732793033123016,0.3025205507874489,0.012071019,0.2929873,0.2873287945985794,0.30252140760421753,0.012071032,1.0194703,1.0013470649719238,1.039070338010788,0.025733987,0.09576902,0.09139773063361645,0.0996934212744236,0.005631795,0.09576902,0.09139773063361645,0.0996934212744236,0.005631795,1.0,1.0,1.0,0.0,8.497581e-07,8.158726245710568e-07,8.825295196857041e-07,4.6939345e-08,8.875693e-06,8.794722816674039e-06,8.910920314519899e-06,1.3378741e-07,-27.126114,-27.464683532714844,-26.7929744720459,0.5583028,2.2428794,2.2030075788497925,2.286000430583954,0.0566159,0.7476265,0.7343358844518661,0.762000173330307,0.018871969,0.168,0.14400000870227814,0.17600001394748688,0.030127004,0.0006666667,0.0,0.0,0.0023094013,0.15497775,0.14106816053390503,0.1583024561405182,0.021684583,10.834319,10.82890248298645,10.846402883529663,0.01998151,10.844319,10.838902711868286,10.856403112411499,0.01998151,3600000.0,3600000.0,3600000.0,0.0
1125,0.0,0.0,0.0,0.0,2.0,2.0,2.0,0.0,0.2929873,0.2873287945985794,0.30252140760421753,0.012071032,0.29298815,0.28732969611883163,0.30252228677272797,0.012071005,1.0058467,0.9812208861112595,1.0377600193023682,0.037433747,0.09900203,0.09167268499732018,0.10441945493221283,0.008643082,0.09900203,0.09167268499732018,0.10441945493221283,0.008643082,1.0,1.0,1.0,0.0,8.722229e-07,8.054839213400555e-07,9.221469099429669e-07,7.819519e-08,8.809374e-06,8.729005458008032e-06,8.844332796797971e-06,1.3278694e-07,-26.998095,-27.40389919281006,-26.699782848358154,0.6338909,2.212907,2.158729076385498,2.2831175327301025,0.08235588,0.7376357,0.7195763885974884,0.7610391825437546,0.027451959,0.16200002,0.13200000673532486,0.1940000019967556,0.039358493,0.0006666667,0.0,0.0,0.0023094013,0.15207808,0.14441342279314995,0.1622452810406685,0.01628589,10.844319,10.838902711868286,10.856403112411499,0.01998151,10.85432,10.848902940750122,10.866403341293335,0.01998151,3603200.0,3603200.0,3603200.0,0.0
1126,0.0,0.0,0.0,0.0,2.0,2.0,2.0,0.0,0.29298815,0.28732969611883163,0.30252228677272797,0.012071005,0.29298902,0.28733059763908386,0.3025231808423996,0.012071041,1.0068918,0.9832332879304886,1.0211730897426605,0.03862009,0.098779134,0.09524344839155674,0.10393665172159672,0.008652851,0.098779134,0.09524344839155674,0.10393665172159672,0.008652851,1.0,1.0,1.0,0.0,8.630261e-07,8.435054610345105e-07,9.011193782271221e-07,6.835706e-08,8.743548e-06,8.663785592943896e-06,8.778244591667317e-06,1.3179508e-07,-26.85364,-27.241087913513184,-26.09524631500244,0.8284303,2.2152064,2.1631564497947693,2.2466256618499756,0.08496588,0.7384021,0.7210521847009659,0.7488752603530884,0.028321965,0.15866667,0.1420000083744526,0.17800001427531242,0.029900847,0.0,0.0,0.0,0.0,0.15361072,0.13364093005657196,0.17064766585826874,0.022002585,10.85432,10.848902940750122,10.866403341293335,0.01998151,10.86432,10.858903169631958,10.876403570175171,0.01998151,3606400.0,3606400.0,3606400.0,0.0
1127,0.0,0.0,0.0,0.0,2.0,2.0,2.0,0.0,0.29298902,0.28733059763908386,0.3025231808423996,0.012071041,0.29298988,0.2873314395546913,0.30252398550510406,0.0120710675,1.0107602,0.9927179515361786,1.023351937532425,0.029490978,0.0977593,0.09478059969842434,0.10169111751019955,0.006649733,0.0977593,0.09478059969842434,0.10169111751019955,0.006649733,1.0,1.0,1.0,0.0,8.4789207e-07,8.279907746100434e-07,8.715819745930276e-07,5.102067e-08,8.678217e-06,8.599044122092891e-06,8.712654562259559e-06,1.3081232e-07,-27.060913,-27.506268978118896,-26.51032543182373,0.67741495,2.223717,2.184023082256317,2.251419186592102,0.06488142,0.741239,0.7280077338218689,0.7504730969667435,0.021627137,0.16866668,0.15000000968575478,0.1940000019967556,0.043878622,0.0006666667,0.0,0.0,0.0023094013,0.15103258,0.13254354149103165,0.16751514747738838,0.02312671,10.86432,10.858903169631958,10.876403570175171,0.01998151,10.87432,10.868903398513794,10.886403799057007,0.01998151,3609600.0,3609600.0,3609600.0,0.0
1128,0.0,0.0,0.0,0.0,2.0,2.0,2.0,0.0,0.29298988,0.2873314395546913,0.30252398550510406,0.0120710675,0.29299068,0.28733227401971817,0.30252470076084137,0.012071025,1.0249697,1.0060702562332153,1.0327917039394379,0.03170635,0.09463788,0.09276086091995239,0.09861873835325241,0.006656228,0.09463788,0.09276086091995239,0.09861873835325241,0.006656228,1.0,1.0,1.0,0.0,8.154935e-07,8.014844610215732e-07,8.489011520396161e-07,6.32815e-08,8.613371e-06,8.53479355100717e-06,8.64755656948546e-06,1.2983347e-07,-27.361025,-27.88566541671753,-27.025650024414062,0.68349785,2.2549782,2.2133986949920654,2.272187113761902,0.06975537,0.7516594,0.7377995997667313,0.7573957145214081,0.023251787,0.16200002,0.14800000935792923,0.18400001525878906,0.031840514,0.0,0.0,0.0,0.0,0.15527268,0.14132777601480484,0.1681518703699112,0.018280534,10.87432,10.868903398513794,10.886403799057007,0.01998151,10.88432,10.87890362739563,10.896404027938843,0.01998151,3612800.0,3612800.0,3612800.0,0.0
1129,0.0,0.0,0.0,0.0,2.0,2.0,2.0,0.0,0.29299068,0.28733227401971817,0.30252470076084137,0.012071025,0.29299152,0.28733300417661667,0.30252552777528763,0.012071023,1.0141859,0.9946970492601395,1.026055008172989,0.029044703,0.09698367,0.09417730011045933,0.1012564729899168,0.0064283544,0.09698367,0.09417730011045933,0.1012564729899168,0.0064283544,1.0,1.0,1.0,0.0,8.290101e-07,8.111335603189218e-07,8.560492119613627e-07,5.4775576e-08,8.549012e-06,8.47101887302415e-06,8.582936970924493e-06,1.2886237e-07,-27.318436,-27.742138862609863,-26.83897304534912,0.7237136,2.2312534,2.1883772015571594,2.257366180419922,0.063899614,0.7437512,0.7294590771198273,0.7524554282426834,0.02129987,0.15866667,0.14000000804662704,0.18000001087784767,0.028301407,0.0,0.0,0.0,0.0,0.16465527,0.15447506681084633,0.17459509894251823,0.014194588,10.88432,10.87890362739563,10.896404027938843,0.01998151,10.8943205,10.888903856277466,10.906404256820679,0.01998151,3616000.0,3616000.0,3616000.0,0.0
1130,0.0,0.0,0.0,0.0,2.0,2.0,2.0,0.0,0.29299152,0.28733300417661667,0.30252552777528763,0.012071023,0.29299232,0.28733380883932114,0.3025263696908951,0.012071018,1.0189925,0.99137082695961,1.0409311354160309,0.043762855,0.09617064,0.09101186692714691,0.10201711021363735,0.009807321,0.09617064,0.09101186692714691,0.10201711021363735,0.009807321,1.0,1.0,1.0,0.0,8.1602167e-07,7.811005389157799e-07,8.596967973062419e-07,8.376394e-08,8.485132e-06,8.40772622723307e-06,8.518802360413247e-06,1.2789975e-07,-27.338125,-27.933366775512695,-26.844337940216064,0.8435648,2.2418284,2.1810593605041504,2.290094256401062,0.09628022,0.7472761,0.727019801735878,0.7633647620677948,0.032093406,0.15866667,0.1340000070631504,0.17600001022219658,0.034253955,0.0,0.0,0.0,0.0,0.15982221,0.14265385642647743,0.1698533222079277,0.020841047,10.8943205,10.888903856277466,10.906404256820679,0.01998151,10.904321,10.898904085159302,10.916404485702515,0.01998151,3619200.0,3619200.0,3619200.0,0.0
1131,0.0,0.0,0.0,0.0,2.0,2.0,2.0,0.0,0.29299232,0.28733380883932114,0.3025263696908951,0.012071018,0.2929932,0.28733474016189575,0.30252715945243835,0.012071017,1.0011393,0.9728156179189682,1.03289595246315,0.03821572,0.10008953,0.09270524047315121,0.10646331496536732,0.0086962795,0.10008953,0.09270524047315121,0.10646331496536732,0.0086962795,1.0,1.0,1.0,0.0,8.426732e-07,7.924468548026198e-07,8.942543416878834e-07,7.134744e-08,8.421731e-06,8.344898333234596e-06,8.455151373709668e-06,1.2694619e-07,-26.668877,-27.303911685943604,-26.077768802642822,0.7938033,2.2025506,2.1402370929718018,2.272416412830353,0.084076256,0.73418355,0.7134124040603638,0.7574721425771713,0.02802541,0.15499999,0.12999999523162842,0.17249999940395355,0.03849439,0.0008333333,0.0,0.0,0.0028867512,0.1489881,0.12948038801550865,0.1691226027905941,0.02511506,10.904321,10.898904085159302,10.916404485702515,0.01998151,10.914321,10.908904314041138,10.92640471458435,0.01998151,3622400.0,3622400.0,3622400.0,0.0
1132,0.0,0.0,0.0,0.0,2.0,2.0,2.0,0.0,0.2929932,0.28733474016189575,0.30252715945243835,0.012071017,0.29299402,0.2873356193304062,0.30252793431282043,0.012071043,1.0022907,0.9749608337879181,1.0330353379249573,0.043035384,0.09991614,0.09268483147025108,0.10593515262007713,0.009699989,0.09991614,0.09268483147025108,0.10593515262007713,0.009699989,1.0,1.0,1.0,0.0,8.346588e-07,7.967020110299927e-07,8.845018584224817e-07,7.5850146e-08,8.358801e-06,8.28254610496515e-06,8.391976962229819e-06,1.259963e-07,-26.948288,-27.378807067871094,-26.179211616516113,0.9818935,2.2050836,2.144956648349762,2.2727230191230774,0.09467972,0.73502785,0.7149855494499207,0.7575743794441223,0.031559914,0.164,0.13600000739097595,0.1860000118613243,0.034703944,0.0006666667,0.0,0.0,0.0023094013,0.15306336,0.13543138653039932,0.16906467080116272,0.018643668,10.914321,10.908904314041138,10.92640471458435,0.01998151,10.924321,10.918904542922974,10.936404943466187,0.01998151,3625600.0,3625600.0,3625600.0,0.0
1133,0.0,0.0,0.0,0.0,2.0,2.0,2.0,0.0,0.29299402,0.2873356193304062,0.30252793431282043,0.012071043,0.2929948,0.28733640909194946,0.3025287613272667,0.012071083,1.0254486,0.9979826360940933,1.0535590052604675,0.035663612,0.09459921,0.08839943073689938,0.10046564042568207,0.007719416,0.09459921,0.08839943073689938,0.10046564042568207,0.007719416,1.0,1.0,1.0,0.0,7.8420226e-07,7.319492283386353e-07,8.230503709683035e-07,5.6589414e-08,8.296344e-06,8.220656354751554e-06,8.329267302542576e-06,1.2505384e-07,-27.102018,-27.49936819076538,-26.81794548034668,0.615284,2.2560318,2.1956056356430054,2.3178760409355164,0.07846148,0.75201064,0.7318685799837112,0.7726253569126129,0.026153829,0.148,0.12000000476837158,0.1640000119805336,0.035858307,0.0,0.0,0.0,0.0,0.15226877,0.1409400887787342,0.1631569117307663,0.01605479,10.924321,10.918904542922974,10.936404943466187,0.01998151,10.934321,10.92890477180481,10.946405172348022,0.01998151,3628800.0,3628800.0,3628800.0,0.0
1134,0.0,0.0,0.0,0.0,2.0,2.0,2.0,0.0,0.2929948,0.28733640909194946,0.3025287613272667,0.012071083,0.29299563,0.2873372510075569,0.30252955853939056,0.012071111,0.9945266,0.9765364974737167,1.0151600241661072,0.03668047,0.10160314,0.0965694971382618,0.10555179417133331,0.008724832,0.10160314,0.0965694971382618,0.10555179417133331,0.008724832,1.0,1.0,1.0,0.0,8.363191e-07,7.931247694159538e-07,8.652754246440963e-07,6.893136e-08,8.234353e-06,8.159234994309372e-06,8.267027851616149e-06,1.2411961e-07,-26.672102,-27.12019634246826,-26.186301708221436,0.6613469,2.1880023,2.148423194885254,2.2333966493606567,0.08069863,0.7293341,0.71614108979702,0.744465559720993,0.026899543,0.17866667,0.15600001066923141,0.19600000232458115,0.037107542,0.0,0.0,0.0,0.0,0.16075279,0.14946823567152023,0.1733909398317337,0.019093487,10.934321,10.92890477180481,10.946405172348022,0.01998151,10.944322,10.938905000686646,10.956405401229858,0.01998151,3632000.0,3632000.0,3632000.0,0.0
1135,0.0,0.0,0.0,0.0,2.0,2.0,2.0,0.0,0.29299563,0.2873372510075569,0.30252955853939056,0.012071111,0.2929964,0.287338025867939,0.30253034085035324,0.012071114,1.0229033,1.0012059211730957,1.0435984432697296,0.03245879,0.09510823,0.09045484848320484,0.09973328560590744,0.0072053797,0.09510823,0.09045484848320484,0.09973328560590744,0.0072053797,1.0,1.0,1.0,0.0,7.772069e-07,7.491698710282435e-07,8.092927572533881e-07,5.8176447e-08,8.172826e-06,8.098264288491919e-06,8.205257245208486e-06,1.2319411e-07,-27.142,-27.705599308013916,-26.711010456085205,0.67193323,2.2504323,2.202696919441223,2.295962393283844,0.07141074,0.75014406,0.7342323362827301,0.7653208076953888,0.023803575,0.16333334,0.14000000804662704,0.18400001525878906,0.035688892,0.0006666667,0.0,0.0,0.0023094013,0.1532309,0.1433272883296013,0.161258764564991,0.0148916505,10.944322,10.938905000686646,10.956405401229858,0.01998151,10.954322,10.948905229568481,10.966405630111694,0.01998151,3635200.0,3635200.0,3635200.0,0.0
1136,0.0,0.0,0.0,0.0,2.0,2.0,2.0,0.0,0.2929964,0.287338025867939,0.30253034085035324,0.012071114,0.2929972,0.2873388081789017,0.30253107100725174,0.012071118,1.0145887,0.9967238306999207,1.038976937532425,0.03789703,0.09703425,0.09143705293536186,0.10075848922133446,0.008458901,0.09703425,0.09143705293536186,0.10075848922133446,0.008458901,1.0,1.0,1.0,0.0,7.8695103e-07,7.583115575471311e-07,8.245067277812268e-07,6.707735e-08,8.111757e-06,8.037754696488264e-06,8.143951390593429e-06,1.2227235e-07,-27.165953,-27.616501808166504,-26.737401008605957,0.7821487,2.2321398,2.1928361654281616,2.2857949137687683,0.08337515,0.7440466,0.73094542324543,0.7619316428899765,0.027791712,0.17066668,0.15000000968575478,0.18400001525878906,0.028810773,0.0006666667,0.0,0.0,0.0023094013,0.15017058,0.13805171847343445,0.16235900297760963,0.018427242,10.954322,10.948905229568481,10.966405630111694,0.01998151,10.964322,10.958905458450317,10.97640585899353,0.01998151,3638400.0,3638400.0,3638400.0,0.0
1137,0.0,0.0,0.0,0.0,2.0,2.0,2.0,0.0,0.2929972,0.2873388081789017,0.30253107100725174,0.012071118,0.292998,0.2873396724462509,0.30253178626298904,0.012071111,1.0105479,0.9888430088758469,1.0288808643817902,0.03123701,0.097829156,0.09359188750386238,0.10260239988565445,0.006900686,0.097829156,0.09359188750386238,0.10260239988565445,0.006900686,1.0,1.0,1.0,0.0,7.8750253e-07,7.651199069869108e-07,8.270231290907759e-07,5.4930652e-08,8.0511445e-06,7.977693712746259e-06,8.083095281108399e-06,1.2135776e-07,-26.983046,-27.532538890838623,-26.600584030151367,0.77255356,2.2232497,2.1754980087280273,2.263583183288574,0.0687228,0.7410833,0.7251660078763962,0.7545277327299118,0.022907607,0.16200002,0.12800000607967377,0.1900000125169754,0.040090807,0.0,0.0,0.0,0.0,0.15459403,0.14002327248454094,0.16712751239538193,0.018048221,10.964322,10.958905458450317,10.97640585899353,0.01998151,10.974322,10.968905687332153,10.986406087875366,0.01998151,3641600.0,3641600.0,3641600.0,0.0
1138,0.0,0.0,0.0,0.0,2.0,2.0,2.0,0.0,0.292998,0.2873396724462509,0.30253178626298904,0.012071111,0.2929988,0.28734041005373,0.3025326356291771,0.012071095,0.99823433,0.9840520769357681,1.0177220404148102,0.030453637,0.10063315,0.09600171446800232,0.10374538227915764,0.007027208,0.10063315,0.09600171446800232,0.10374538227915764,0.007027208,1.0,1.0,1.0,0.0,8.0419903e-07,7.608619938537231e-07,8.353117948445288e-07,5.809786e-08,7.990985e-06,7.918087931102491e-06,8.022694828468957e-06,1.2045113e-07,-26.90893,-27.151633262634277,-26.80724000930786,0.6368678,2.1961594,2.1649577617645264,2.2390332221984863,0.066999346,0.7320531,0.7216525971889496,0.7463444173336029,0.022333115,0.17066668,0.15400001034140587,0.19200000166893005,0.033998217,0.0006666667,0.0,0.0,0.0023094013,0.14707457,0.13565941900014877,0.15281860902905464,0.016163105,10.974322,10.968905687332153,10.986406087875366,0.01998151,10.984323,10.97890591621399,10.996406316757202,0.01998151,3644800.0,3644800.0,3644800.0,0.0
1139,0.0,0.0,0.0,0.0,2.0,2.0,2.0,0.0,0.2929988,0.28734041005373,0.3025326356291771,0.012071095,0.29299954,0.2873411700129509,0.3025333359837532,0.012071085,1.014611,0.9996757358312607,1.0200745165348053,0.025435142,0.09684207,0.09548488259315491,0.10007637925446033,0.005580607,0.09684207,0.09548488259315491,0.10007637925446033,0.005580607,1.0,1.0,1.0,0.0,7.6797005e-07,7.583759185081362e-07,7.929056522471001e-07,4.3298947e-08,7.931277e-06,7.858918479541899e-06,7.96275071479613e-06,1.195532e-07,-26.797987,-27.23475933074951,-26.447121143341064,0.6913645,2.232189,2.1993305683135986,2.244208812713623,0.055958454,0.74406296,0.7331101894378662,0.7480696439743042,0.01865281,0.158,0.1380000077188015,0.18000001087784767,0.033270244,0.0,0.0,0.0,0.0,0.15060896,0.14319166168570518,0.15792018547654152,0.013024092,10.984323,10.97890591621399,10.996406316757202,0.01998151,10.994323,10.988906145095825,11.006406545639038,0.01998151,3648000.0,3648000.0,3648000.0,0.0
1140,0.0,0.0,0.0,0.0,2.0,2.0,2.0,0.0,0.29299954,0.2873411700129509,0.3025333359837532,0.012071085,0.2930003,0.28734206408262253,0.3025340437889099,0.01207109,1.01692,0.9991772174835205,1.0432411432266235,0.04149404,0.096583456,0.09052743762731552,0.1001945361495018,0.009290364,0.096583456,0.09052743762731552,0.1001945361495018,0.009290364,1.0,1.0,1.0,0.0,7.5990846e-07,7.102039916162539e-07,7.838450670760722e-07,6.989055e-08,7.872012e-06,7.800198090990307e-06,7.903255436758627e-06,1.18658726e-07,-27.128988,-27.569822311401367,-26.52934741973877,0.78339046,2.2372684,2.1982338428497314,2.2951762676239014,0.09128873,0.74575615,0.7327446490526199,0.7650587856769562,0.030429572,0.182,0.1420000083744526,0.24000000953674316,0.05384152,0.0,0.0,0.0,0.0,0.15375136,0.140985369682312,0.16134550049901009,0.01955217,10.994323,10.988906145095825,11.006406545639038,0.01998151,11.004323,10.998906373977661,11.016406774520874,0.01998151,3651200.0,3651200.0,3651200.0,0.0
1141,0.0,0.0,0.0,0.0,2.0,2.0,2.0,0.0,0.2930003,0.28734206408262253,0.3025340437889099,0.01207109,0.2930011,0.287342794239521,0.30253487825393677,0.012071095,1.0074095,0.970543771982193,1.0376533567905426,0.04288585,0.09874619,0.09169647097587585,0.10701794922351837,0.009674497,0.09874619,0.09169647097587585,0.10701794922351837,0.009674497,1.0,1.0,1.0,0.0,7.7146325e-07,7.245545106115969e-07,8.228981016600301e-07,7.5479754e-08,7.8131925e-06,7.741912213532487e-06,7.844197853046353e-06,1.1777104e-07,-26.944448,-27.525357246398926,-26.446242809295654,0.6627734,2.216345,2.1352389454841614,2.2828829884529114,0.09435076,0.73878175,0.711746335029602,0.7609610259532928,0.031450253,0.15933333,0.1340000070631504,0.17600001394748688,0.031901363,0.0,0.0,0.0,0.0,0.1557423,0.1437697373330593,0.16401725262403488,0.019522537,11.004323,10.998906373977661,11.016406774520874,0.01998151,11.014323,11.008906602859497,11.02640700340271,0.01998151,3654400.0,3654400.0,3654400.0,0.0
1142,0.0,0.0,0.0,0.0,2.0,2.0,2.0,0.0,0.2930011,0.287342794239521,0.30253487825393677,0.012071095,0.29300186,0.2873436361551285,0.30253563821315765,0.012071087,1.0026072,0.9760153293609619,1.0260150134563446,0.031496827,0.09964257,0.09418696910142899,0.10567860119044781,0.0072821616,0.09964257,0.09418696910142899,0.10567860119044781,0.0072821616,1.0,1.0,1.0,0.0,7.726019e-07,7.396942578452581e-07,8.105980384698341e-07,5.5951475e-08,7.754811e-06,7.684067213631351e-06,7.785583420627518e-06,1.1689131e-07,-26.989538,-27.288193225860596,-26.978598594665527,0.79235065,2.20578,2.1472766399383545,2.2572781443595886,0.06929441,0.73526007,0.7157589197158813,0.7524260580539703,0.023098128,0.156,0.13600000739097595,0.17800001427531242,0.026967999,0.0,0.0,0.0,0.0,0.15645741,0.1451997570693493,0.1638253927230835,0.023650847,11.014323,11.008906602859497,11.02640700340271,0.01998151,11.024323,11.018906831741333,11.036407232284546,0.01998151,3657600.0,3657600.0,3657600.0,0.0
1143,0.0,0.0,0.0,0.0,2.0,2.0,2.0,0.0,0.29300186,0.2873436361551285,0.30253563821315765,0.012071087,0.2930026,0.2873443365097046,0.3025364279747009,0.012071112,1.0199441,0.9870335608720779,1.0528667867183685,0.044654816,0.095974535,0.0885479561984539,0.10303066112101078,0.0098410435,0.095974535,0.0885479561984539,0.10303066112101078,0.0098410435,1.0,1.0,1.0,0.0,7.3810764e-07,6.733778121770229e-07,7.865145335017587e-07,7.0093165e-08,7.696867e-06,7.626647857250646e-06,7.727410320512718e-06,1.16019784e-07,-27.283525,-27.79525899887085,-26.60846996307373,0.89564264,2.2439215,2.171517252922058,2.31635320186615,0.098242536,0.7479739,0.7238391041755676,0.7721177637577057,0.03274752,0.15733334,0.12600000575184822,0.1860000118613243,0.03818932,0.0006666667,0.0,0.0,0.0023094013,0.15587561,0.14411425963044167,0.15947023406624794,0.026578588,11.024323,11.018906831741333,11.036407232284546,0.01998151,11.034324,11.028907060623169,11.046407461166382,0.01998151,3660800.0,3660800.0,3660800.0,0.0
1144,0.0,0.0,0.0,0.0,2.0,2.0,2.0,0.0,0.2930026,0.2873443365097046,0.3025364279747009,0.012071112,0.29300326,0.2873450815677643,0.30253709107637405,0.0120711345,1.033512,1.0102931559085846,1.0605274736881256,0.040483877,0.08634444,0.08699371479451656,0.09765779413282871,0.028273892,0.09294855,0.08699371479451656,0.09765779413282871,0.008868489,0.9166667,1.0,1.0,0.28867513,6.5982084e-07,6.59107570299966e-07,7.417635004003387e-07,2.1514269e-07,7.639354e-06,7.569661761408497e-06,7.669674005228444e-06,1.1515162e-07,-27.527527,-28.088966369628906,-27.01177453994751,0.9841102,2.2737718,2.2226892709732056,2.3332070112228394,0.089066304,0.7579239,0.7408964335918427,0.777735710144043,0.02968876,0.14,0.11999999731779099,0.16249999776482582,0.032752514,0.0,0.0,0.0,0.0,0.1552268,0.14776382967829704,0.16016142815351486,0.01026014,11.034324,11.028907060623169,11.046407461166382,0.01998151,11.044324,11.038907289505005,11.056407690048218,0.01998151,3664000.0,3664000.0,3664000.0,0.0
1145,0.0,0.0,0.0,0.0,2.0,2.0,2.0,0.0,0.29300326,0.2873450815677643,0.30253709107637405,0.0120711345,0.293004,0.2873457595705986,0.3025378957390785,0.012071141,1.0136657,1.0001277476549149,1.028749942779541,0.029931918,0.09711429,0.09359979629516602,0.10003500618040562,0.006731936,0.09711429,0.09359979629516602,0.10003500618040562,0.006731936,1.0,1.0,1.0,0.0,7.3598284e-07,7.112455477908952e-07,7.591267348061592e-07,4.5972588e-08,7.5822722e-06,7.5130991490368615e-06,7.612361514475197e-06,1.1429052e-07,-26.920837,-27.38150978088379,-26.565389156341553,0.5029728,2.230109,2.2003249526023865,2.2632951736450195,0.06585156,0.74336964,0.7334416508674622,0.754431739449501,0.021950522,0.14266668,0.12000000476837158,0.15400001034140587,0.038568318,0.0006666667,0.0,0.0,0.0023094013,0.14455096,0.1377672143280506,0.14865703135728836,0.009914793,11.044324,11.038907289505005,11.056407690048218,0.01998151,11.054324,11.04890751838684,11.066407918930054,0.01998151,3667200.0,3667200.0,3667200.0,0.0
1146,0.0,0.0,0.0,0.0,2.0,2.0,2.0,0.0,0.293004,0.2873457595705986,0.3025378957390785,0.012071141,0.29300472,0.2873464524745941,0.3025386556982994,0.012071134,1.0123174,0.9964952617883682,1.027140498161316,0.02541954,0.09735637,0.09395179897546768,0.10082333907485008,0.005698376,0.09735637,0.09395179897546768,0.10082333907485008,0.005698376,1.0,1.0,1.0,0.0,7.3260827e-07,7.084755537789533e-07,7.753615420824644e-07,4.322523e-08,7.525616e-06,7.4569634307408705e-06,7.5554793284027255e-06,1.1343667e-07,-26.97671,-27.40864610671997,-26.541670322418213,0.52185947,2.2271428,2.192333459854126,2.259754180908203,0.055924114,0.7423809,0.7307778596878052,0.7532514184713364,0.018641368,0.15466668,0.14800000935792923,0.1680000126361847,0.014998992,0.0,0.0,0.0,0.0,0.15676297,0.1428719311952591,0.16225512325763702,0.02234158,11.054324,11.04890751838684,11.066407918930054,0.01998151,11.064324,11.058907747268677,11.07640814781189,0.01998151,3670400.0,3670400.0,3670400.0,0.0
1147,0.0,0.0,0.0,0.0,2.0,2.0,2.0,0.0,0.29300472,0.2873464524745941,0.3025386556982994,0.012071134,0.29300544,0.28734713047742844,0.3025393560528755,0.0120711345,1.0221828,0.9968505054712296,1.0491012930870056,0.035152614,0.09531004,0.08930980414152145,0.10073340497910976,0.007874888,0.09531004,0.08930980414152145,0.10073340497910976,0.007874888,1.0,1.0,1.0,0.0,7.118778e-07,6.692754510595478e-07,7.523158274125308e-07,5.935136e-08,7.469385e-06,7.401240509352647e-06,7.499025400647952e-06,1.12590826e-07,-27.230095,-27.82611083984375,-26.71017074584961,0.76796466,2.2488472,2.193114936351776,2.3080689907073975,0.077337295,0.7496157,0.7310383170843124,0.7693563550710678,0.025779102,0.13800001,0.10200000181794167,0.1600000113248825,0.044362146,0.0006666667,0.0,0.0,0.0023094013,0.15189737,0.14133676886558533,0.1633383370935917,0.0151291005,11.064324,11.058907747268677,11.07640814781189,0.01998151,11.074325,11.068907976150513,11.086408376693726,0.01998151,3673600.0,3673600.0,3673600.0,0.0
1148,0.0,0.0,0.0,0.0,2.0,2.0,2.0,0.0,0.29300544,0.28734713047742844,0.3025393560528755,0.0120711345,0.29300615,0.28734786808490753,0.3025400787591934,0.012071117,1.0179842,0.9979308694601059,1.038116693496704,0.026959835,0.09611151,0.09159757383167744,0.10047757998108864,0.0058822017,0.09611151,0.09159757383167744,0.10047757998108864,0.0058822017,1.0,1.0,1.0,0.0,7.126509e-07,6.852977065818777e-07,7.3768526931417e-07,4.7212616e-08,7.413572e-06,7.345939820879721e-06,7.442995411111042e-06,1.1174843e-07,-27.210531,-27.896233081817627,-26.51273202896118,0.69819236,2.23961,2.1954917907714844,2.28390234708786,0.0593128,0.7465367,0.7318306118249893,0.761300802230835,0.019770939,0.16000001,0.1420000083744526,0.1680000126361847,0.027712813,0.0,0.0,0.0,0.0,0.14969893,0.13578974828124046,0.16087615862488747,0.018821327,11.074325,11.068907976150513,11.086408376693726,0.01998151,11.084325,11.078908205032349,11.096408605575562,0.01998151,3676800.0,3676800.0,3676800.0,0.0
1149,0.0,0.0,0.0,0.0,2.0,2.0,2.0,0.0,0.29300615,0.28734786808490753,0.3025400787591934,0.012071117,0.29300687,0.28734859079122543,0.30254073441028595,0.012071131,1.018229,0.9979715943336487,1.0440244674682617,0.028397031,0.096078515,0.09035998769104481,0.10046815499663353,0.0063302843,0.096078515,0.09035998769104481,0.10046815499663353,0.0063302843,1.0,1.0,1.0,0.0,7.0671905e-07,6.679606912030067e-07,7.345849866169374e-07,4.3392955e-08,7.3581773e-06,7.291048177648918e-06,7.387377081613522e-06,1.109125e-07,-27.25055,-27.681113719940186,-26.912642002105713,0.574803,2.2401485,2.195581316947937,2.2968997955322266,0.06247474,0.7467162,0.7318604737520218,0.7656332850456238,0.020824902,0.15200001,0.1340000070631504,0.19200000166893005,0.03428225,0.0,0.0,0.0,0.0,0.14884526,0.12858524546027184,0.16220801323652267,0.02443011,11.084325,11.078908205032349,11.096408605575562,0.01998151,11.094325,11.088908433914185,11.106408834457397,0.01998151,3680000.0,3680000.0,3680000.0,0.0
1150,0.0,0.0,0.0,0.0,2.0,2.0,2.0,0.0,0.29300687,0.28734859079122543,0.30254073441028595,0.012071131,0.29300758,0.28734924644231796,0.30254141241312027,0.012071128,1.0115715,1.0010730624198914,1.0266639292240143,0.025185416,0.09752256,0.09405049309134483,0.09975648485124111,0.005747985,0.09752256,0.09405049309134483,0.09975648485124111,0.005747985,1.0,1.0,1.0,0.0,7.1224275e-07,6.791043603016078e-07,7.403508135439552e-07,4.337959e-08,7.3031956e-06,7.236571946123149e-06,7.3321759828104405e-06,1.1008404e-07,-27.1617,-27.32151460647583,-26.996254920959473,0.3466662,2.2255018,2.2024046778678894,2.2587056756019592,0.05540902,0.7418339,0.7341348975896835,0.7529019266366959,0.01846967,0.15266667,0.1340000070631504,0.17000001296401024,0.032800592,0.0,0.0,0.0,0.0,0.15941475,0.1513969786465168,0.16801052913069725,0.016373796,11.094325,11.088908433914185,11.106408834457397,0.01998151,11.104325,11.09890866279602,11.116409063339233,0.01998151,3683200.0,3683200.0,3683200.0,0.0
1151,0.0,0.0,0.0,0.0,2.0,2.0,2.0,0.0,0.29300758,0.28734924644231796,0.30254141241312027,0.012071128,0.29300824,0.2873499467968941,0.3025420531630516,0.012071101,1.0224276,1.0079436302185059,1.0347185134887695,0.023213957,0.095092185,0.0923191960901022,0.09819041192531586,0.005133747,0.095092185,0.0923191960901022,0.09819041192531586,0.005133747,1.0,1.0,1.0,0.0,6.8950794e-07,6.676116584003466e-07,7.076942409867115e-07,4.2862016e-08,7.2486255e-06,7.182495892266161e-06,7.277390750459745e-06,1.0926316e-07,-27.361944,-28.06184673309326,-26.979758262634277,0.86167246,2.2493856,2.2175203561782837,2.276426076889038,0.051071703,0.7497952,0.739173486828804,0.7588087171316147,0.017023904,0.16000001,0.14800000935792923,0.1680000126361847,0.022627417,0.0006666667,0.0,0.0,0.0023094013,0.15709476,0.143529511988163,0.16767647862434387,0.016190004,11.104325,11.09890866279602,11.116409063339233,0.01998151,11.114326,11.108908891677856,11.12640929222107,0.01998151,3686400.0,3686400.0,3686400.0,0.0
1152,0.0,0.0,0.0,0.0,2.0,2.0,2.0,0.0,0.29300824,0.2873499467968941,0.3025420531630516,0.012071101,0.29300895,0.28735074400901794,0.30254272371530533,0.012071068,1.0039316,0.9740692526102066,1.026339828968048,0.034360602,0.099381685,0.09412596561014652,0.10615352727472782,0.007789163,0.099381685,0.09412596561014652,0.10615352727472782,0.007789163,1.0,1.0,1.0,0.0,7.15173e-07,6.766925508827626e-07,7.67573780535713e-07,5.9225652e-08,7.194463e-06,7.12882911102497e-06,7.2230168370879255e-06,1.0844565e-07,-27.17592,-27.8828763961792,-26.564615726470947,0.8139347,2.2086937,2.1429951786994934,2.257992684841156,0.075594835,0.73623127,0.7143317461013794,0.752664253115654,0.025198279,0.17666668,0.16200001165270805,0.19600000232458115,0.032800592,0.0,0.0,0.0,0.0,0.15604006,0.13814932480454445,0.165363360196352,0.024413884,11.114326,11.108908891677856,11.12640929222107,0.01998151,11.124326,11.118909120559692,11.136409521102905,0.01998151,3689600.0,3689600.0,3689600.0,0.0
1153,0.0,0.0,0.0,0.0,2.0,2.0,2.0,0.0,0.29300895,0.28735074400901794,0.30254272371530533,0.012071068,0.29300967,0.28735146671533585,0.30254340171813965,0.012071104,1.0074873,0.9848683923482895,1.0324465334415436,0.04145778,0.098700635,0.09280146658420563,0.10355162806808949,0.009389453,0.098700635,0.09280146658420563,0.10355162806808949,0.009389453,1.0,1.0,1.0,0.0,7.041624e-07,6.593475490035416e-07,7.388824769805069e-07,6.038422e-08,7.1407053e-06,7.0755601200289675e-06,7.169042191890185e-06,1.0763454e-07,-26.906494,-27.39836597442627,-26.56445598602295,0.76554656,2.2165163,2.1667537093162537,2.271427631378174,0.09120892,0.73883885,0.7222512513399124,0.757142573595047,0.030402968,0.16666667,0.15000000968575478,0.18400001525878906,0.029705629,0.0006666667,0.0,0.0,0.0023094013,0.158415,0.14488578215241432,0.16929695010185242,0.018556498,11.124326,11.118909120559692,11.136409521102905,0.01998151,11.134326,11.128909349441528,11.146409749984741,0.01998151,3692800.0,3692800.0,3692800.0,0.0
1154,0.0,0.0,0.0,0.0,2.0,2.0,2.0,0.0,0.29300967,0.28735146671533585,0.30254340171813965,0.012071104,0.29301035,0.28735214471817017,0.3025441840291023,0.012071118,1.021571,1.008461594581604,1.0382466316223145,0.037205175,0.09548389,0.0915706418454647,0.09807051718235016,0.008544927,0.09548389,0.0915706418454647,0.09807051718235016,0.008544927,1.0,1.0,1.0,0.0,6.7631254e-07,6.447237410611706e-07,6.872800497603748e-07,5.6037017e-08,7.0873484e-06,7.022694376246363e-06,7.115472271834733e-06,1.0683042e-07,-27.38224,-27.705849170684814,-27.094077587127686,0.8532314,2.2475011,2.21865975856781,2.2841880917549133,0.08185302,0.74916714,0.7395532876253128,0.7613960355520248,0.027284341,0.15,0.12400000542402267,0.17000001296401024,0.03480857,0.0,0.0,0.0,0.0,0.15212724,0.13797947764396667,0.162356935441494,0.013868525,11.134326,11.128909349441528,11.146409749984741,0.01998151,11.144326,11.138909578323364,11.156409978866577,0.01998151,3696000.0,3696000.0,3696000.0,0.0
1155,0.0,0.0,0.0,0.0,2.0,2.0,2.0,0.0,0.29301035,0.28735214471817017,0.3025441840291023,0.012071118,0.293011,0.2873527854681015,0.30254481732845306,0.012071107,1.0299755,1.005755990743637,1.0440544188022614,0.03151865,0.09355453,0.0903673954308033,0.09868363104760647,0.006715955,0.09355453,0.0903673954308033,0.09868363104760647,0.006715955,1.0,1.0,1.0,0.0,6.583081e-07,6.362701014950289e-07,6.925368438714941e-07,5.1027982e-08,7.0343917e-06,6.970216418267228e-06,7.062306281113706e-06,1.0603382e-07,-27.299698,-27.683048725128174,-26.649136543273926,0.8822721,2.2659914,2.212707281112671,2.2969656586647034,0.06934245,0.75533056,0.737569123506546,0.7656552195549011,0.023114152,0.14600001,0.12600000575184822,0.15800001099705696,0.043300223,0.0,0.0,0.0,0.0,0.15797879,0.15018011257052422,0.16707730665802956,0.021409363,11.144326,11.138909578323364,11.156409978866577,0.01998151,11.154326,11.1489098072052,11.166410207748413,0.01998151,3699200.0,3699200.0,3699200.0,0.0
1156,0.0,0.0,0.0,0.0,2.0,2.0,2.0,0.0,0.293011,0.2873527854681015,0.30254481732845306,0.012071107,0.2930117,0.2873535081744194,0.3025454506278038,0.012071118,1.0209635,0.9924841523170471,1.0454494655132294,0.035338067,0.09557891,0.09006408601999283,0.101745730265975,0.00784851,0.09557891,0.09006408601999283,0.101745730265975,0.00784851,1.0,1.0,1.0,0.0,6.6710214e-07,6.258918716639528e-07,7.006043034607501e-07,5.3011018e-08,6.9818293e-06,6.9181360231596045e-06,7.009539672253595e-06,1.0524041e-07,-27.073698,-27.62684202194214,-26.67746591567993,0.7578968,2.2461648,2.1835086941719055,2.300034761428833,0.0777453,0.7487216,0.7278362363576889,0.7666782885789871,0.025915096,0.13533334,0.1120000034570694,0.14600000903010368,0.03021539,0.0,0.0,0.0,0.0,0.1488928,0.14043353497982025,0.16142744570970535,0.020061333,11.154326,11.1489098072052,11.166410207748413,0.01998151,11.164327,11.158910036087036,11.176410436630249,0.01998151,3702400.0,3702400.0,3702400.0,0.0
1157,0.0,0.0,0.0,0.0,2.0,2.0,2.0,0.0,0.2930117,0.2873535081744194,0.3025454506278038,0.012071118,0.29301235,0.2873542308807373,0.30254610627889633,0.012071136,1.0054609,0.9816423952579498,1.0297382473945618,0.042094685,0.09917202,0.0934014543890953,0.10433860868215561,0.009466928,0.09917202,0.0934014543890953,0.10433860868215561,0.009466928,1.0,1.0,1.0,0.0,6.8675985e-07,6.412785751308547e-07,7.224538052241769e-07,6.157706e-08,6.9296607e-06,6.866441253805533e-06,6.9571597123285756e-06,1.0445326e-07,-27.054802,-27.488657474517822,-26.756208896636963,0.65760386,2.2120583,2.1596564054489136,2.265469491481781,0.09261014,0.7373528,0.7198854833841324,0.7551565170288086,0.03087004,0.15416665,0.14000000059604645,0.17249999940395355,0.033154823,0.0,0.0,0.0,0.0,0.15249716,0.14010531827807426,0.16348159313201904,0.018284855,11.164327,11.158910036087036,11.176410436630249,0.01998151,11.174327,11.168910264968872,11.186410665512085,0.01998151,3705600.0,3705600.0,3705600.0,0.0
1158,0.0,0.0,0.0,0.0,2.0,2.0,2.0,0.0,0.29301235,0.2873542308807373,0.30254610627889633,0.012071136,0.29301307,0.28735488653182983,0.30254675447940826,0.012071136,1.0007995,0.9841180741786957,1.0223842561244965,0.0257035,0.0999765,0.09497748874127865,0.10372591018676758,0.005921978,0.0999765,0.09497748874127865,0.10372591018676758,0.005921978,1.0,1.0,1.0,0.0,6.8749887e-07,6.496966733493537e-07,7.165516109353121e-07,3.9595317e-08,6.877881e-06,6.815137453486386e-06,6.905173904669937e-06,1.0367298e-07,-26.955269,-27.254958629608154,-26.667929649353027,0.5210574,2.201803,2.165103018283844,2.2492902278900146,0.0565488,0.7339344,0.7217010259628296,0.7497634142637253,0.018849606,0.168,0.15200001001358032,0.18400001525878906,0.01989061,0.0,0.0,0.0,0.0,0.1550927,0.14182399213314056,0.16941490396857262,0.017504346,11.174327,11.168910264968872,11.186410665512085,0.01998151,11.184327,11.178910493850708,11.196410894393921,0.01998151,3708800.0,3708800.0,3708800.0,0.0
1159,0.0,0.0,0.0,0.0,2.0,2.0,2.0,0.0,0.29301307,0.28735488653182983,0.30254675447940826,0.012071136,0.2930137,0.2873554900288582,0.302547387778759,0.012071106,1.0282032,1.0013434141874313,1.0522664189338684,0.039802175,0.09407293,0.08866564184427261,0.09969214722514153,0.008599169,0.09407293,0.08866564184427261,0.09969214722514153,0.008599169,1.0,1.0,1.0,0.0,6.4246893e-07,5.992128535581287e-07,6.818491442572849e-07,6.331467e-08,6.8264894e-06,6.764210752407962e-06,6.85357917973306e-06,1.029e-07,-27.273972,-28.014942169189453,-26.485870838165283,0.81319493,2.2620924,2.2029995918273926,2.3150323629379272,0.087566525,0.75403076,0.7343332022428513,0.7716774940490723,0.029188849,0.17133333,0.14400000870227814,0.20800000429153442,0.044274624,0.0006666667,0.0,0.0,0.0023094013,0.15886606,0.14801274240016937,0.16658541932702065,0.016142763,11.184327,11.178910493850708,11.196410894393921,0.01998151,11.194327,11.188910722732544,11.206411123275757,0.01998151,3712000.0,3712000.0,3712000.0,0.0
1160,0.0,0.0,0.0,0.0,2.0,2.0,2.0,0.0,0.2930137,0.2873554900288582,0.302547387778759,0.012071106,0.29301435,0.28735610842704773,0.30254804342985153,0.012071122,1.0204653,0.9917355179786682,1.059367299079895,0.045305826,0.09587976,0.08722474239766598,0.10192228294909,0.010193616,0.09587976,0.08722474239766598,0.10192228294909,0.010193616,1.0,1.0,1.0,0.0,6.4938257e-07,5.939047014180687e-07,7.0029743426403e-07,6.727051e-08,6.7754804e-06,6.713669563396252e-06,6.802371558478626e-06,1.0212993e-07,-27.162773,-28.02914047241211,-26.589809894561768,0.86788183,2.2450683,2.1818617582321167,2.330654561519623,0.0996748,0.74835616,0.7272872626781464,0.7768848538398743,0.03322493,0.16533335,0.14600000903010368,0.17600001394748688,0.03260043,0.0,0.0,0.0,0.0,0.1592674,0.1478205770254135,0.16808205842971802,0.021413976,11.194327,11.188910722732544,11.206411123275757,0.01998151,11.204328,11.19891095161438,11.216411352157593,0.01998151,3715200.0,3715200.0,3715200.0,0.0
1161,0.0,0.0,0.0,0.0,2.0,2.0,2.0,0.0,0.29301435,0.28735610842704773,0.30254804342985153,0.012071122,0.293015,0.28735676407814026,0.30254872888326645,0.012071135,1.0093142,0.9882564693689346,1.0232816934585571,0.028714087,0.09807026,0.09478207677602768,0.1027443166822195,0.00627989,0.09807026,0.09478207677602768,0.1027443166822195,0.00627989,1.0,1.0,1.0,0.0,6.5928106e-07,6.515307262588976e-07,6.785389530250541e-07,3.928175e-08,6.7248543e-06,6.663502631454321e-06,6.751540354343888e-06,1.0136626e-07,-26.871885,-27.122193336486816,-26.46458148956299,0.48531115,2.2205355,2.174207627773285,2.2512646913528442,0.06317229,0.7401785,0.7247358858585358,0.7504215836524963,0.021057423,0.15466668,0.1340000070631504,0.17600001022219658,0.032600425,0.0006666667,0.0,0.0,0.0023094013,0.15312736,0.14039960876107216,0.16109444200992584,0.013791308,11.204328,11.19891095161438,11.216411352157593,0.01998151,11.214328,11.208911180496216,11.226411581039429,0.01998151,3718400.0,3718400.0,3718400.0,0.0
1162,0.0,0.0,0.0,0.0,2.0,2.0,2.0,0.0,0.293015,0.28735676407814026,0.30254872888326645,0.012071135,0.29301563,0.2873573899269104,0.3025493770837784,0.012071135,1.0208758,1.0185998976230621,1.0299853384494781,0.021107653,0.095412694,0.09332883544266224,0.0958076398819685,0.004814115,0.095412694,0.09332883544266224,0.0958076398819685,0.004814115,1.0,1.0,1.0,0.0,6.367279e-07,6.23145325562291e-07,6.399226748499132e-07,3.0735094e-08,6.6746047e-06,6.613715186176705e-06,6.701090796923381e-06,1.0060894e-07,-26.95217,-27.258781909942627,-26.644418716430664,0.5727361,2.2459714,2.2409645915031433,2.2660129070281982,0.046437755,0.7486572,0.7469882220029831,0.7553376704454422,0.015479245,0.16000001,0.12800000607967377,0.16200001165270805,0.05594803,0.0,0.0,0.0,0.0,0.1559452,0.15000568330287933,0.16190489754080772,0.010742609,11.214328,11.208911180496216,11.226411581039429,0.01998151,11.224328,11.218911409378052,11.236411809921265,0.01998151,3721600.0,3721600.0,3721600.0,0.0
1163,0.0,0.0,0.0,0.0,2.0,2.0,2.0,0.0,0.29301563,0.2873573899269104,0.3025493770837784,0.012071135,0.29301623,0.28735800087451935,0.30254989117383957,0.012071073,1.025514,1.0069683492183685,1.0341052114963531,0.037202187,0.08817453,0.09244770556688309,0.09840828739106655,0.028302852,0.09460282,0.09244770556688309,0.09840828739106655,0.0077618714,0.9166667,1.0,1.0,0.28867513,5.850576e-07,6.132412835313517e-07,6.514539592217261e-07,1.8772475e-07,6.6247317e-06,6.564294039890228e-06,6.651020953540865e-06,9.985865e-08,-27.469103,-27.79934787750244,-26.9521427154541,0.7528865,2.2561758,2.215374529361725,2.275076985359192,0.08184645,0.7520587,0.7384582161903381,0.7583590298891068,0.027282147,0.15666668,0.14400000870227814,0.17400000989437103,0.0335026,0.0,0.0,0.0,0.0,0.15681316,0.1500217504799366,0.16114604473114014,0.014487568,11.224328,11.218911409378052,11.236411809921265,0.01998151,11.234328,11.228911638259888,11.2464120388031,0.01998151,3724800.0,3724800.0,3724800.0,0.0
1164,0.0,0.0,0.0,0.0,2.0,2.0,2.0,0.0,0.29301623,0.28735800087451935,0.30254989117383957,0.012071073,0.29301688,0.2873586565256119,0.3025505542755127,0.012071074,1.0138491,0.994388148188591,1.0236689448356628,0.029290901,0.09705921,0.09474517032504082,0.10130058415234089,0.0063358857,0.09705921,0.09474517032504082,0.10130058415234089,0.0063358857,1.0,1.0,1.0,0.0,6.38091e-07,6.214190193531977e-07,6.631196640682901e-07,4.1269725e-08,6.57523e-06,6.515246241178829e-06,6.601326504096505e-06,9.9111574e-08,-26.98677,-27.338796615600586,-26.56301212310791,0.5106108,2.2305126,2.187697649002075,2.2521166801452637,0.06444123,0.7435042,0.7292325496673584,0.7507055848836899,0.021480411,0.16466667,0.15200001001358032,0.17000001296401024,0.021154553,0.0,0.0,0.0,0.0,0.15824284,0.14529649913311005,0.1677280105650425,0.01821252,11.234328,11.228911638259888,11.2464120388031,0.01998151,11.2443285,11.238911867141724,11.256412267684937,0.01998151,3728000.0,3728000.0,3728000.0,0.0
1165,0.0,0.0,0.0,0.0,2.0,2.0,2.0,0.0,0.29301688,0.2873586565256119,0.3025505542755127,0.012071074,0.29301748,0.28735926002264023,0.30255118757486343,0.0120710675,1.0217133,1.0106109082698822,1.0315987765789032,0.016910931,0.09518898,0.09298620373010635,0.09758708067238331,0.0036732296,0.09518898,0.09298620373010635,0.09758708067238331,0.0036732296,1.0,1.0,1.0,0.0,6.212019e-07,6.052801779787842e-07,6.444780069614353e-07,2.5428996e-08,6.5260997e-06,6.466562012974464e-06,6.551997898895934e-06,9.83704e-08,-27.11618,-27.355372428894043,-26.939175605773926,0.42235303,2.247814,2.223388433456421,2.269562602043152,0.037204765,0.7492714,0.7411294877529144,0.7565208971500397,0.012401594,0.16266668,0.1340000070631504,0.1940000019967556,0.032955434,0.0,0.0,0.0,0.0,0.1589226,0.14383521676063538,0.1705280803143978,0.019014424,11.2443285,11.238911867141724,11.256412267684937,0.01998151,11.254329,11.24891209602356,11.266412496566772,0.01998151,3731200.0,3731200.0,3731200.0,0.0
1166,0.0,0.0,0.0,0.0,2.0,2.0,2.0,0.0,0.29301748,0.28735926002264023,0.30255118757486343,0.0120710675,0.29301813,0.287359856069088,0.30255185067653656,0.012071101,1.0094376,0.981359526515007,1.0382321178913116,0.03704865,0.09817713,0.09157353825867176,0.10439873859286308,0.008369362,0.09817713,0.09157353825867176,0.10439873859286308,0.008369362,1.0,1.0,1.0,0.0,6.354696e-07,5.894984838050732e-07,6.668913243856878e-07,4.9209042e-08,6.477336e-06,6.418246016437479e-06,6.503039003291633e-06,9.763546e-08,-27.14718,-27.538349151611328,-26.640060424804688,0.5001477,2.220807,2.1590340733528137,2.2841562628746033,0.081508644,0.740269,0.719678059220314,0.761385440826416,0.027169554,0.18533336,0.16600001230835915,0.21000000461935997,0.03871888,0.0013333334,0.0,0.0,0.003113996,0.15913291,0.14113138988614082,0.1765679568052292,0.028327597,11.254329,11.24891209602356,11.266412496566772,0.01998151,11.264329,11.258912324905396,11.276412725448608,0.01998151,3734400.0,3734400.0,3734400.0,0.0
1167,0.0,0.0,0.0,0.0,2.0,2.0,2.0,0.0,0.29301813,0.287359856069088,0.30255185067653656,0.012071101,0.29301876,0.2873605117201805,0.3025524243712425,0.012071113,1.0046351,0.9853386580944061,1.034039467573166,0.037019774,0.09927205,0.0924630407243967,0.10343353822827339,0.0086104525,0.09927205,0.0924630407243967,0.10343353822827339,0.0086104525,1.0,1.0,1.0,0.0,6.379125e-07,5.904997664174516e-07,6.654148592133424e-07,5.2053196e-08,6.4289366e-06,6.3702854049552116e-06,6.454448680415226e-06,9.6907335e-08,-26.916336,-27.32875680923462,-26.530735969543457,0.6190611,2.2102413,2.1677883863449097,2.2749322652816772,0.08144512,0.7367471,0.7225961536169052,0.7583107948303223,0.027148385,0.15200001,0.12600000575184822,0.1860000118613243,0.04499697,0.0,0.0,0.0,0.0,0.14831506,0.13324731588363647,0.15748218074440956,0.018655429,11.264329,11.258912324905396,11.276412725448608,0.01998151,11.274329,11.268912553787231,11.286412954330444,0.01998151,3737600.0,3737600.0,3737600.0,0.0
1168,0.0,0.0,0.0,0.0,2.0,2.0,2.0,0.0,0.29301876,0.2873605117201805,0.3025524243712425,0.012071113,0.29301938,0.2873610556125641,0.30255303531885147,0.012071122,1.0211912,0.9987705647945404,1.0391597151756287,0.033120394,0.09549148,0.09138965792953968,0.10029920190572739,0.0072701597,0.09549148,0.09138965792953968,0.10029920190572739,0.0072701597,1.0,1.0,1.0,0.0,6.0924106e-07,5.884357108243421e-07,6.368888421093288e-07,4.587338e-08,6.3808984e-06,6.3226873407984385e-06,6.406223633348418e-06,9.618244e-08,-27.113176,-27.633499145507812,-26.77297019958496,0.77703536,2.2466657,2.197339177131653,2.286197066307068,0.07286632,0.74888855,0.7324464023113251,0.7620656937360764,0.02428878,0.16066667,0.1420000083744526,0.1860000118613243,0.035030723,0.0006666667,0.0,0.0,0.0023094013,0.15559337,0.14311794191598892,0.16055700555443764,0.017074682,11.274329,11.268912553787231,11.286412954330444,0.01998151,11.284329,11.278912782669067,11.29641318321228,0.01998151,3740800.0,3740800.0,3740800.0,0.0
1169,0.0,0.0,0.0,0.0,2.0,2.0,2.0,0.0,0.29301938,0.2873610556125641,0.30255303531885147,0.012071122,0.29301998,0.28736162930727005,0.3025536462664604,0.012071129,1.0119976,0.9998329430818558,1.0354388058185577,0.033516396,0.09755062,0.09216403774917126,0.10004037618637085,0.0079411585,0.09755062,0.09216403774917126,0.10004037618637085,0.0079411585,1.0,1.0,1.0,0.0,6.177207e-07,5.838275001224247e-07,6.376401699981216e-07,4.9452353e-08,6.3332204e-06,6.2754417058386025e-06,6.358352607094275e-06,9.546307e-08,-27.02649,-27.540678024291992,-26.535048961639404,0.7258821,2.2264392,2.1996764540672302,2.278010904788971,0.07373756,0.74214643,0.7332255244255066,0.7593369781970978,0.02457918,0.16066667,0.1340000070631504,0.17000001296401024,0.043878622,0.0006666667,0.0,0.0,0.0023094013,0.15494835,0.15010327100753784,0.15714887529611588,0.009644812,11.284329,11.278912782669067,11.29641318321228,0.01998151,11.29433,11.288913011550903,11.306413412094116,0.01998151,3744000.0,3744000.0,3744000.0,0.0
1170,0.0,0.0,0.0,0.0,2.0,2.0,2.0,0.0,0.29301998,0.28736162930727005,0.3025536462664604,0.012071129,0.2930206,0.2873622849583626,0.3025542050600052,0.012071121,1.0139549,0.9785568118095398,1.0393227636814117,0.043382365,0.09727784,0.09134356305003166,0.10506275109946728,0.009598437,0.09727784,0.09134356305003166,0.10506275109946728,0.009598437,1.0,1.0,1.0,0.0,6.1160114e-07,5.741559760963355e-07,6.725694277065486e-07,6.225701e-08,6.2858967e-06,6.228553615983401e-06,6.310840717560495e-06,9.47499e-08,-26.918722,-27.27001428604126,-26.48682928085327,0.6852797,2.2307453,2.1528679728507996,2.2865557074546814,0.09544314,0.7435818,0.7176226824522018,0.7621852606534958,0.03181437,0.13916667,0.09999999403953552,0.1599999964237213,0.04122187,0.0,0.0,0.0,0.0,0.14518572,0.12930363789200783,0.1570826768875122,0.019518135,11.29433,11.288913011550903,11.306413412094116,0.01998151,11.30433,11.29891324043274,11.316413640975952,0.01998151,3747200.0,3747200.0,3747200.0,0.0
1171,0.0,0.0,0.0,0.0,2.0,2.0,2.0,0.0,0.2930206,0.2873622849583626,0.3025542050600052,0.012071121,0.29302117,0.28736285120248795,0.30255482345819473,0.012071121,1.0227765,1.003034308552742,1.0489647090435028,0.040401794,0.09527699,0.08933780156075954,0.09932815656065941,0.009194856,0.09527699,0.08933780156075954,0.09932815656065941,0.009194856,1.0,1.0,1.0,0.0,5.943832e-07,5.657098114397741e-07,6.124247278194161e-07,5.7487767e-08,6.2389286e-06,6.182010110933334e-06,6.263686714191863e-06,9.404342e-08,-27.375051,-27.705896854400635,-26.879515647888184,0.57336044,2.2501533,2.2067195773124695,2.3077683448791504,0.088885695,0.7500511,0.7355732172727585,0.769256129860878,0.029628552,0.15066667,0.12600000575184822,0.17800001427531242,0.04133529,0.0006666667,0.0,0.0,0.0023094013,0.16286811,0.14731433615088463,0.16597112640738487,0.025723543,11.30433,11.29891324043274,11.316413640975952,0.01998151,11.31433,11.308913469314575,11.326413869857788,0.01998151,3750400.0,3750400.0,3750400.0,0.0
1172,0.0,0.0,0.0,0.0,2.0,2.0,2.0,0.0,0.29302117,0.28736285120248795,0.30255482345819473,0.012071121,0.29302177,0.2873634919524193,0.3025553598999977,0.012071127,1.020433,0.9943306148052216,1.039361596107483,0.0378486,0.09573429,0.09133533388376236,0.1013167779892683,0.008256793,0.09573429,0.09133533388376236,0.1013167779892683,0.008256793,1.0,1.0,1.0,0.0,5.926459e-07,5.754335177243775e-07,6.263984175802761e-07,4.9520583e-08,6.1923097e-06,6.135819262453879e-06,6.216886845322733e-06,9.333975e-08,-27.271933,-27.630122184753418,-26.74699640274048,0.7450344,2.2449973,2.1875710487365723,2.2866411209106445,0.0832686,0.7483325,0.7291903495788574,0.7622137069702148,0.0277562,0.16933334,0.15000000968575478,0.1860000118613243,0.035749976,0.0,0.0,0.0,0.0,0.15379655,0.14660056680440903,0.15969020128250122,0.017120052,11.31433,11.308913469314575,11.326413869857788,0.01998151,11.32433,11.318913698196411,11.336414098739624,0.01998151,3753600.0,3753600.0,3753600.0,0.0
1173,0.0,0.0,0.0,0.0,2.0,2.0,2.0,0.0,0.29302177,0.2873634919524193,0.3025553598999977,0.012071127,0.29302233,0.28736407309770584,0.30255597084760666,0.012071257,1.0185294,0.9970393478870392,1.0275113880634308,0.053632587,0.0906145,0.09386182576417923,0.10074426606297493,0.029505277,0.09646505,0.09386182576417923,0.10074426606297493,0.0111637525,0.9166667,1.0,1.0,0.28867513,5.551374e-07,5.777001774731616e-07,6.136031487358196e-07,1.7984763e-07,6.146041e-06,6.089970270295453e-06,6.170430424390361e-06,9.264154e-08,-27.028427,-27.19123077392578,-26.551974773406982,1.0118442,2.2408094,2.193530321121216,2.2605701684951782,0.11799405,0.7469365,0.7311768084764481,0.7535234093666077,0.03933134,0.14933334,0.12800000607967377,0.17800001427531242,0.03631512,0.0,0.0,0.0,0.0,0.15908934,0.14552880451083183,0.1629524640738964,0.02009461,11.32433,11.318913698196411,11.336414098739624,0.01998151,11.334331,11.328913927078247,11.34641432762146,0.01998151,3756800.0,3756800.0,3756800.0,0.0
1174,0.0,0.0,0.0,0.0,2.0,2.0,2.0,0.0,0.29302233,0.28736407309770584,0.30255597084760666,0.012071257,0.2930229,0.2873646467924118,0.3025565519928932,0.012071265,1.020767,1.0090118050575256,1.0324305295944214,0.026121825,0.0954868,0.09280869923532009,0.09794632531702518,0.005632073,0.0954868,0.09280869923532009,0.09794632531702518,0.005632073,1.0,1.0,1.0,0.0,5.823576e-07,5.593802399062042e-07,6.032649650933308e-07,3.3413556e-08,6.100117e-06,6.044468250365753e-06,6.124322567302443e-06,9.194942e-08,-27.17433,-27.365768909454346,-26.746004581451416,0.6876923,2.2457323,2.2198702692985535,2.271392583847046,0.05746918,0.7485774,0.7399567812681198,0.7571308612823486,0.019156393,0.156,0.1340000070631504,0.17200001329183578,0.032807983,0.0,0.0,0.0,0.0,0.15599175,0.14826036989688873,0.15726877748966217,0.014889212,11.334331,11.328913927078247,11.34641432762146,0.01998151,11.344331,11.338914155960083,11.356414556503296,0.01998151,3760000.0,3760000.0,3760000.0,0.0
1175,0.0,0.0,0.0,0.0,2.0,2.0,2.0,0.0,0.2930229,0.2873646467924118,0.3025565519928932,0.012071265,0.2930235,0.2873651906847954,0.302557110786438,0.012071261,1.033207,1.0168448388576508,1.0491709411144257,0.025941446,0.09279218,0.08930193074047565,0.09620929695665836,0.005640494,0.09279218,0.08930193074047565,0.09620929695665836,0.005640494,1.0,1.0,1.0,0.0,5.61715e-07,5.372391882474403e-07,5.828702853705181e-07,3.3296608e-08,6.0545367e-06,5.999300356052117e-06,6.07856270562479e-06,9.126373e-08,-27.503916,-27.98141574859619,-26.895668506622314,0.6647287,2.273101,2.237103283405304,2.308222234249115,0.057072338,0.7577004,0.7457011044025421,0.7694074511528015,0.019024117,0.156,0.1340000070631504,0.17600001394748688,0.025866792,0.0006666667,0.0,0.0,0.0023094013,0.16199458,0.1479896530508995,0.1763547547161579,0.019494666,11.344331,11.338914155960083,11.356414556503296,0.01998151,11.354331,11.348914384841919,11.366414785385132,0.01998151,3763200.0,3763200.0,3763200.0,0.0
1176,0.0,0.0,0.0,0.0,2.0,2.0,2.0,0.0,0.2930235,0.2873651906847954,0.302557110786438,0.012071261,0.29302403,0.28736569732427597,0.30255769193172455,0.012071297,1.0246785,1.0025721341371536,1.0678976774215698,0.046348445,0.09497547,0.08552992902696133,0.09941672906279564,0.010299668,0.09497547,0.08552992902696133,0.09941672906279564,0.010299668,1.0,1.0,1.0,0.0,5.70145e-07,5.177572859338397e-07,5.969894374402429e-07,5.6032437e-08,6.0092957e-06,5.954474659120024e-06,6.0331461781970575e-06,9.0580784e-08,-27.457458,-28.193276405334473,-27.031636238098145,1.0054857,2.2543375,2.205702841281891,2.3494218587875366,0.10196862,0.75144595,0.7352343052625656,0.7831406444311142,0.033989545,0.154,0.13600000739097595,0.1640000119805336,0.036441736,0.0006666667,0.0,0.0,0.0023094013,0.1650611,0.15227564424276352,0.17609060928225517,0.013671255,11.354331,11.348914384841919,11.366414785385132,0.01998151,11.364331,11.358914613723755,11.376415014266968,0.01998151,3766400.0,3766400.0,3766400.0,0.0
1177,0.0,0.0,0.0,0.0,2.0,2.0,2.0,0.0,0.29302403,0.28736569732427597,0.30255769193172455,0.012071297,0.29302463,0.2873663082718849,0.30255820602178574,0.012071304,1.0220135,0.9914608597755432,1.0462161898612976,0.03381018,0.09532142,0.08990598283708096,0.1019956823438406,0.007399936,0.09532142,0.08990598283708096,0.1019956823438406,0.007399936,1.0,1.0,1.0,0.0,5.683972e-07,5.368446664988369e-07,6.081871930518901e-07,4.3026702e-08,5.964394e-06,5.909980700380402e-06,5.988062639517011e-06,8.990336e-08,-27.11453,-27.80191659927368,-26.629342555999756,0.8346884,2.2484746,2.181257486343384,2.3017216324806213,0.07438385,0.7494915,0.7270858436822891,0.767240583896637,0.024794616,0.16066667,0.13600000739097595,0.17800001427531242,0.031163305,0.0,0.0,0.0,0.0,0.15053798,0.1410992294549942,0.15261274203658104,0.015116631,11.364331,11.358914613723755,11.376415014266968,0.01998151,11.374331,11.36891484260559,11.386415243148804,0.01998151,3769600.0,3769600.0,3769600.0,0.0
1178,0.0,0.0,0.0,0.0,2.0,2.0,2.0,0.0,0.29302463,0.2873663082718849,0.30255820602178574,0.012071304,0.29302523,0.28736700117588043,0.3025587573647499,0.012071303,0.99448484,0.9778634160757065,1.011605978012085,0.03781448,0.10163441,0.09736689925193787,0.10523847863078117,0.0090141455,0.10163441,0.09736689925193787,0.10523847863078117,0.0090141455,1.0,1.0,1.0,0.0,6.0149995e-07,5.75975434458087e-07,6.349925172344228e-07,5.2403436e-08,5.919827e-06,5.865823595740949e-06,5.943318114987051e-06,8.923181e-08,-26.752043,-27.15864610671997,-26.42331314086914,0.7315633,2.1879103,2.151342451572418,2.225577473640442,0.083193496,0.7293034,0.7171141654253006,0.741859182715416,0.027731165,0.18333334,0.1420000083744526,0.21800000593066216,0.051785104,0.0,0.0,0.0,0.0,0.15380716,0.14140649139881134,0.16163862496614456,0.017689485,11.374331,11.36891484260559,11.386415243148804,0.01998151,11.384332,11.378915071487427,11.39641547203064,0.01998151,3772800.0,3772800.0,3772800.0,0.0
1179,0.0,0.0,0.0,0.0,2.0,2.0,2.0,0.0,0.29302523,0.28736700117588043,0.3025587573647499,0.012071303,0.29302582,0.2873675972223282,0.3025593012571335,0.0120712975,0.99281484,0.9809152781963348,1.009596824645996,0.030166473,0.10189394,0.09781453758478165,0.104499327018857,0.00711665,0.10189394,0.09781453758478165,0.104499327018857,0.00711665,1.0,1.0,1.0,0.0,5.9857337e-07,5.805744649478584e-07,6.129532579279839e-07,4.077585e-08,5.875594e-06,5.821990384902165e-06,5.898910330870422e-06,8.856653e-08,-26.867033,-27.205809593200684,-26.39642858505249,0.567722,2.1842363,2.158056676387787,2.2211573123931885,0.06636754,0.7280788,0.7193522453308105,0.7403857856988907,0.022122512,0.182,0.16200001165270805,0.20800000429153442,0.036441732,0.0,0.0,0.0,0.0,0.15228868,0.1391853764653206,0.16705705970525742,0.01689048,11.384332,11.378915071487427,11.39641547203064,0.01998151,11.394332,11.388915300369263,11.406415700912476,0.01998151,3776000.0,3776000.0,3776000.0,0.0
1180,0.0,0.0,0.0,0.0,2.0,2.0,2.0,0.0,0.29302582,0.2873675972223282,0.3025593012571335,0.0120712975,0.29302636,0.28736817091703415,0.30255985260009766,0.012071314,1.0241697,1.0000721365213394,1.036175698041916,0.033172417,0.09483766,0.0920089352875948,0.09998679906129837,0.0071492246,0.09483766,0.0920089352875948,0.09998679906129837,0.0071492246,1.0,1.0,1.0,0.0,5.526861e-07,5.331633445848638e-07,5.854141704730864e-07,3.710644e-08,5.8316905e-06,5.778489139629528e-06,5.854835535501479e-06,8.7903864e-08,-27.285645,-27.596737384796143,-26.877031803131104,0.64287555,2.2532184,2.200202703475952,2.279632031917572,0.07298077,0.7510728,0.7334009110927582,0.7598773837089539,0.024326932,0.158,0.15000000968575478,0.1640000119805336,0.020217005,0.0,0.0,0.0,0.0,0.15759523,0.14724266529083252,0.1638360433280468,0.014858931,11.394332,11.388915300369263,11.406415700912476,0.01998151,11.404332,11.398915529251099,11.416415929794312,0.01998151,3779200.0,3779200.0,3779200.0,0.0
1181,0.0,0.0,0.0,0.0,2.0,2.0,2.0,0.0,0.29302636,0.28736817091703415,0.30255985260009766,0.012071314,0.29302695,0.28736869990825653,0.30256037414073944,0.01207132,1.0008711,0.9700093120336533,1.0446626543998718,0.042383946,0.10023767,0.09022730402648449,0.10717246308922768,0.00983092,0.10023767,0.09022730402648449,0.10717246308922768,0.00983092,1.0,1.0,1.0,0.0,5.802114e-07,5.253453423392784e-07,6.241453576194544e-07,5.805197e-08,5.7881152e-06,5.735309969168156e-06,5.811084861306881e-06,8.724659e-08,-27.10216,-27.84991979598999,-26.73294448852539,0.8004492,2.2019603,2.1340631246566772,2.298303782939911,0.09324654,0.7339868,0.7113543897867203,0.7661013007164001,0.031082185,0.16200002,0.15000000968575478,0.17600001394748688,0.036441736,0.0013333334,0.0,0.0,0.003113996,0.14924304,0.13906392082571983,0.1544901728630066,0.020293185,11.404332,11.398915529251099,11.416415929794312,0.01998151,11.414332,11.408915758132935,11.426416158676147,0.01998151,3782400.0,3782400.0,3782400.0,0.0
1182,0.0,0.0,0.0,0.0,2.0,2.0,2.0,0.0,0.29302695,0.28736869990825653,0.30256037414073944,0.01207132,0.2930275,0.2873692587018013,0.3025609254837036,0.0120713245,1.0173988,0.9993096590042114,1.0380302965641022,0.03519476,0.09635941,0.09161890111863613,0.10019571706652641,0.0076880236,0.09635941,0.09161890111863613,0.10019571706652641,0.0076880236,1.0,1.0,1.0,0.0,5.535092e-07,5.284196902266558e-07,5.723941569613089e-07,4.4259384e-08,5.7448656e-06,5.692457762052072e-06,5.767662514699623e-06,8.659481e-08,-27.168402,-27.51825714111328,-26.610578060150146,0.84144855,2.238322,2.198525071144104,2.283712327480316,0.07743001,0.7461074,0.7328417003154755,0.7612374573945999,0.025810001,0.164,0.14000000804662704,0.18000001087784767,0.0317261,0.0013333334,0.0,0.0,0.003113996,0.15401787,0.14338313788175583,0.16014623269438744,0.017449535,11.414332,11.408915758132935,11.426416158676147,0.01998151,11.424333,11.41891598701477,11.436416387557983,0.01998151,3785600.0,3785600.0,3785600.0,0.0
1183,0.0,0.0,0.0,0.0,2.0,2.0,2.0,0.0,0.2930275,0.2873692587018013,0.3025609254837036,0.0120713245,0.29302806,0.2873697578907013,0.3025614470243454,0.012071331,1.0068358,0.9801360815763474,1.0310859680175781,0.04224026,0.098864205,0.09316722676157951,0.10468276217579842,0.009564258,0.098864205,0.09316722676157951,0.10468276217579842,0.009564258,1.0,1.0,1.0,0.0,5.6356936e-07,5.301868242213459e-07,5.958774949021972e-07,5.3067936e-08,5.70194e-06,5.649920467476477e-06,5.7245670177508146e-06,8.59491e-08,-26.828644,-27.566433429718018,-26.37371063232422,0.88359284,2.215083,2.1563424468040466,2.268434464931488,0.09293042,0.73836106,0.7187808454036713,0.7561448365449905,0.030976804,0.15083332,0.11999999731779099,0.17249999940395355,0.031176427,0.0008333333,0.0,0.0,0.0028867512,0.15375568,0.14313581585884094,0.16519400477409363,0.0178443,11.424333,11.41891598701477,11.436416387557983,0.01998151,11.434333,11.428916215896606,11.44641661643982,0.01998151,3788800.0,3788800.0,3788800.0,0.0
1184,0.0,0.0,0.0,0.0,2.0,2.0,2.0,0.0,0.29302806,0.2873697578907013,0.3025614470243454,0.012071331,0.2930286,0.2873702868819237,0.3025619834661484,0.012071332,1.021582,1.0095775425434113,1.0250735878944397,0.023646878,0.095279545,0.09439141489565372,0.09781882911920547,0.005080215,0.095279545,0.09439141489565372,0.09781882911920547,0.005080215,1.0,1.0,1.0,0.0,5.391071e-07,5.299542635839316e-07,5.487500942535917e-07,2.7950914e-08,5.659334e-06,5.607704906651634e-06,5.681794846168486e-06,8.530593e-08,-27.184805,-27.44048547744751,-26.804851531982422,0.6872069,2.2475255,2.221114933490753,2.2552069425582886,0.052024174,0.74917513,0.7403716742992401,0.751735657453537,0.017341385,0.16066667,0.13600000739097595,0.18800001218914986,0.035851546,0.0,0.0,0.0,0.0,0.1539024,0.14371075853705406,0.15978292748332024,0.01780829,11.434333,11.428916215896606,11.44641661643982,0.01998151,11.444333,11.438916444778442,11.456416845321655,0.01998151,3792000.0,3792000.0,3792000.0,0.0
1185,0.0,0.0,0.0,0.0,2.0,2.0,2.0,0.0,0.2930286,0.2873702868819237,0.3025619834661484,0.012071332,0.29302913,0.28737082332372665,0.30256248265504837,0.012071338,1.0229863,1.0079875588417053,1.0374553799629211,0.027159868,0.09501437,0.09175758250057697,0.09817900322377682,0.005912312,0.09501437,0.09175758250057697,0.09817900322377682,0.005912312,1.0,1.0,1.0,0.0,5.334911e-07,5.174078268055382e-07,5.504393811861519e-07,3.019148e-08,5.617047e-06,5.565802325691038e-06,5.639337132379296e-06,8.466787e-08,-27.223747,-27.553712368011475,-26.950063705444336,0.48869792,2.250615,2.2176167964935303,2.2824475169181824,0.059752952,0.750205,0.7392055988311768,0.7608158737421036,0.019917652,0.14400001,0.12400000542402267,0.15400001034140587,0.030319512,0.0006666667,0.0,0.0,0.0023094013,0.14962946,0.13714290782809258,0.1596352830529213,0.017518874,11.444333,11.438916444778442,11.456416845321655,0.01998151,11.454333,11.448916673660278,11.466417074203491,0.01998151,3795200.0,3795200.0,3795200.0,0.0
1186,0.0,0.0,0.0,0.0,2.0,2.0,2.0,0.0,0.29302913,0.28737082332372665,0.30256248265504837,0.012071338,0.2930297,0.28737135231494904,0.30256304144859314,0.012071337,0.9925821,0.9770761430263519,1.0140639543533325,0.029490093,0.10194024,0.09681416675448418,0.10543500073254108,0.0070370627,0.10194024,0.09681416675448418,0.10543500073254108,0.0070370627,1.0,1.0,1.0,0.0,5.6835046e-07,5.383521255453161e-07,5.905046975840378e-07,4.052609e-08,5.575075e-06,5.524216817320848e-06,5.597197969109402e-06,8.4035236e-08,-26.684595,-27.138699054718018,-26.362029552459717,0.7408129,2.1837242,2.14961040019989,2.2309852242469788,0.06487949,0.7279081,0.716536819934845,0.7436617761850357,0.021626493,0.16333334,0.15400001034140587,0.17000001296401024,0.027808873,0.0006666667,0.0,0.0,0.0023094013,0.15103297,0.13996074348688126,0.15870297700166702,0.016164161,11.454333,11.448916673660278,11.466417074203491,0.01998151,11.464334,11.458916902542114,11.476417303085327,0.01998151,3798400.0,3798400.0,3798400.0,0.0
1187,0.0,0.0,0.0,0.0,2.0,2.0,2.0,0.0,0.2930297,0.28737135231494904,0.30256304144859314,0.012071337,0.29303023,0.28737184405326843,0.3025635704398155,0.012071354,1.023538,1.0064653754234314,1.0529280006885529,0.04025367,0.09510427,0.08852632530033588,0.09852234087884426,0.00904169,0.09510427,0.08852632530033588,0.09852234087884426,0.00904169,1.0,1.0,1.0,0.0,5.2595226e-07,4.912468938300663e-07,5.428401266271976e-07,4.7043816e-08,5.5334185e-06,5.482936671796779e-06,5.55537656055094e-06,8.3408615e-08,-27.15777,-27.598403453826904,-26.844509601593018,0.7839963,2.2518284,2.2142679691314697,2.3164877891540527,0.08855986,0.75060946,0.7380893379449844,0.7721626311540604,0.029519951,0.15066667,0.1340000070631504,0.17400000989437103,0.03286704,0.0,0.0,0.0,0.0,0.15476845,0.1434982232749462,0.16723807901144028,0.017573016,11.464334,11.458916902542114,11.476417303085327,0.01998151,11.474334,11.46891713142395,11.486417531967163,0.01998151,3801600.0,3801600.0,3801600.0,0.0
1188,0.0,0.0,0.0,0.0,2.0,2.0,2.0,0.0,0.29303023,0.28737184405326843,0.3025635704398155,0.012071354,0.29303077,0.2873723804950714,0.3025641292333603,0.012071379,1.0105579,0.9830438196659088,1.0303033292293549,0.035051584,0.09788764,0.09329773671925068,0.10398456826806068,0.0078048958,0.09788764,0.09329773671925068,0.10398456826806068,0.0078048958,1.0,1.0,1.0,0.0,5.3720834e-07,5.182021567406991e-07,5.659076975916832e-07,3.8068755e-08,5.4920715e-06,5.4419687103290926e-06,5.513868813977751e-06,8.278461e-08,-27.139017,-27.584200859069824,-26.63520574569702,0.5544745,2.2232718,2.162739634513855,2.2667125463485718,0.07711503,0.7410906,0.7209132462739944,0.7555708736181259,0.025705006,0.17133333,0.14800000935792923,0.19200000166893005,0.03536134,0.0006666667,0.0,0.0,0.0023094013,0.15148601,0.13737551495432854,0.1560940332710743,0.0214747,11.474334,11.46891713142395,11.486417531967163,0.01998151,11.484334,11.478917360305786,11.496417760848999,0.01998151,3804800.0,3804800.0,3804800.0,0.0
1189,0.0,0.0,0.0,0.0,2.0,2.0,2.0,0.0,0.29303077,0.2873723804950714,0.3025641292333603,0.012071379,0.2930313,0.2873729094862938,0.3025645911693573,0.012071371,1.0157899,0.9969836920499802,1.0363972783088684,0.038614888,0.09677959,0.09196200035512447,0.10073749348521233,0.008615189,0.09677959,0.09196200035512447,0.10073749348521233,0.008615189,1.0,1.0,1.0,0.0,5.2768115e-07,5.010884365219681e-07,5.523502437654315e-07,4.906547e-08,5.4510347e-06,5.40130395165761e-06,5.4726659755033324e-06,8.2165435e-08,-27.081467,-27.557718753814697,-26.639421463012695,0.83775884,2.2347822,2.193407952785492,2.28011953830719,0.08495441,0.7449274,0.7311360239982605,0.7600398808717728,0.028318144,0.14533333,0.13600000739097595,0.15000000968575478,0.026164979,0.0,0.0,0.0,0.0,0.15726778,0.14510266482830048,0.1618560031056404,0.019569539,11.484334,11.478917360305786,11.496417760848999,0.01998151,11.494334,11.488917589187622,11.506417989730835,0.01998151,3808000.0,3808000.0,3808000.0,0.0
1190,0.0,0.0,0.0,0.0,2.0,2.0,2.0,0.0,0.2930313,0.2873729094862938,0.3025645911693573,0.012071371,0.2930318,0.2873734012246132,0.30256516486406326,0.01207138,1.0183574,1.0005908608436584,1.033108115196228,0.037460756,0.09618872,0.09266080148518085,0.09986438415944576,0.008314497,0.09618872,0.09266080148518085,0.09986438415944576,0.008314497,1.0,1.0,1.0,0.0,5.2015116e-07,5.028652054761551e-07,5.354988559247431e-07,4.1966356e-08,5.4103034e-06,5.360947739063704e-06,5.431772137853841e-06,8.155165e-08,-27.012465,-27.749774932861328,-26.469534873962402,0.79297453,2.240431,2.2013437747955322,2.272883355617523,0.08241528,0.74681044,0.7337812930345535,0.7576278001070023,0.027471762,0.136,0.11000000312924385,0.17000001296401024,0.041217826,0.0,0.0,0.0,0.0,0.15021403,0.13679303601384163,0.15966325625777245,0.020053891,11.494334,11.488917589187622,11.506417989730835,0.01998151,11.504334,11.498917818069458,11.516418218612671,0.01998151,3811200.0,3811200.0,3811200.0,0.0
1191,0.0,0.0,0.0,0.0,2.0,2.0,2.0,0.0,0.2930318,0.2873734012246132,0.30256516486406326,0.01207138,0.29303232,0.287373885512352,0.30256568640470505,0.012071379,1.0173565,0.9971924424171448,1.0431905388832092,0.024795419,0.09622619,0.09053375385701656,0.10064861178398132,0.0055060354,0.09622619,0.09053375385701656,0.10064861178398132,0.0055060354,1.0,1.0,1.0,0.0,5.1672e-07,4.882957114205055e-07,5.400772948860322e-07,3.0323832e-08,5.3698773e-06,5.320887453308387e-06,5.391186732595088e-06,8.094359e-08,-27.00656,-27.432239055633545,-26.67493486404419,0.556416,2.2382288,2.1938672065734863,2.2950650453567505,0.054551005,0.7460763,0.7312890887260437,0.7650217115879059,0.018183665,0.16733335,0.1340000070631504,0.1940000019967556,0.03536134,0.0013333334,0.0,0.0,0.003113996,0.15050708,0.1325651817023754,0.1608305647969246,0.016639154,11.504334,11.498917818069458,11.516418218612671,0.01998151,11.514335,11.508918046951294,11.526418447494507,0.01998151,3814400.0,3814400.0,3814400.0,0.0
1192,0.0,0.0,0.0,0.0,2.0,2.0,2.0,0.0,0.29303232,0.287373885512352,0.30256568640470505,0.012071379,0.29303285,0.2873743772506714,0.30256615579128265,0.012071381,0.99825764,0.9790223240852356,1.017802357673645,0.032537077,0.100657314,0.09598866291344166,0.10494967363774776,0.007403277,0.100657314,0.09598866291344166,0.10494967363774776,0.007403277,1.0,1.0,1.0,0.0,5.3644595e-07,5.15281982416127e-07,5.579905177910405e-07,3.964533e-08,5.329752e-06,5.281130370349274e-06,5.350905780687754e-06,8.033797e-08,-27.055834,-27.41810941696167,-26.560760021209717,0.7833394,2.1962106,2.1538920998573303,2.2392098903656006,0.071582966,0.7320702,0.7179640680551529,0.746403306722641,0.023860995,0.13933334,0.12400000542402267,0.1600000113248825,0.024231214,0.0,0.0,0.0,0.0,0.14621235,0.13346487656235695,0.15919937565922737,0.016492968,11.514335,11.508918046951294,11.526418447494507,0.01998151,11.524335,11.51891827583313,11.536418676376343,0.01998151,3817600.0,3817600.0,3817600.0,0.0
1193,0.0,0.0,0.0,0.0,2.0,2.0,2.0,0.0,0.29303285,0.2873743772506714,0.30256615579128265,0.012071381,0.29303336,0.2873748689889908,0.30256667733192444,0.012071385,1.0172514,0.9960135668516159,1.0414147078990936,0.029870354,0.09631261,0.09090467728674412,0.10092604719102383,0.00655144,0.09631261,0.09090467728674412,0.10092604719102383,0.00655144,1.0,1.0,1.0,0.0,5.0945977e-07,4.771639439127284e-07,5.3844873093567e-07,3.5302048e-08,5.2899286e-06,5.241668191047211e-06,5.310920528245333e-06,7.9737006e-08,-27.037163,-27.572770595550537,-26.230400562286377,0.80132294,2.2379975,2.1912736296653748,2.2911580204963684,0.065716065,0.74599916,0.7304245680570602,0.7637193500995636,0.021905353,0.15333335,0.14000000804662704,0.17000001296401024,0.031969685,0.0,0.0,0.0,0.0,0.16006778,0.14362715557217598,0.17341336980462074,0.019423407,11.524335,11.51891827583313,11.536418676376343,0.01998151,11.534335,11.528918504714966,11.546418905258179,0.01998151,3820800.0,3820800.0,3820800.0,0.0
1194,0.0,0.0,0.0,0.0,2.0,2.0,2.0,0.0,0.29303336,0.2873748689889908,0.30256667733192444,0.012071385,0.29303387,0.2873753532767296,0.30256714671850204,0.012071373,1.0258268,1.010731965303421,1.045127809047699,0.020993674,0.094327964,0.09013064950704575,0.09755915217101574,0.0045922026,0.094327964,0.09013064950704575,0.09755915217101574,0.0045922026,1.0,1.0,1.0,0.0,4.9534844e-07,4.7590836516064883e-07,5.094940007666082e-07,2.728151e-08,5.2504015e-06,5.202504326007329e-06,5.2712355227413354e-06,7.914124e-08,-27.16672,-27.571135997772217,-26.928773403167725,0.49229923,2.2568638,2.2236547470092773,2.29932701587677,0.04618703,0.75228804,0.7412182688713074,0.7664423584938049,0.015395669,0.16066667,0.14400000870227814,0.17600001394748688,0.026742319,0.0,0.0,0.0,0.0,0.15361856,0.14515642821788788,0.16137850657105446,0.015993718,11.534335,11.528918504714966,11.546418905258179,0.01998151,11.544335,11.538918733596802,11.556419134140015,0.01998151,3824000.0,3824000.0,3824000.0,0.0
1195,0.0,0.0,0.0,0.0,2.0,2.0,2.0,0.0,0.29303387,0.2873753532767296,0.30256714671850204,0.012071373,0.2930344,0.2873758301138878,0.3025677278637886,0.012071362,1.0053381,0.9887208938598633,1.0191893577575684,0.030056152,0.09899769,0.09567776136100292,0.1026329044252634,0.006960394,0.09899769,0.09567776136100292,0.1026329044252634,0.006960394,1.0,1.0,1.0,0.0,5.159542e-07,4.928279793148249e-07,5.341079969412021e-07,3.810629e-08,5.21117e-06,5.163628088666883e-06,5.231849513620546e-06,7.855124e-08,-27.08687,-27.443909168243408,-26.897395133972168,0.5232936,2.211788,2.1752293705940247,2.2422614693641663,0.066124886,0.73726267,0.7250764667987823,0.7474205046892166,0.022041619,0.15333335,0.12800000607967377,0.17000001296401024,0.02891157,0.0006666667,0.0,0.0,0.0023094013,0.14629985,0.13412563875317574,0.15605444461107254,0.013082134,11.544335,11.538918733596802,11.556419134140015,0.01998151,11.554336,11.548918962478638,11.56641936302185,0.01998151,3827200.0,3827200.0,3827200.0,0.0
1196,0.0,0.0,0.0,0.0,2.0,2.0,2.0,0.0,0.2930344,0.2873758301138878,0.3025677278637886,0.012071362,0.29303488,0.28737635910511017,0.3025681674480438,0.012071356,1.0236336,0.9958949834108353,1.0481492280960083,0.041628145,0.09509949,0.08953355439007282,0.1009497120976448,0.008995304,0.09509949,0.08953355439007282,0.1009497120976448,0.008995304,1.0,1.0,1.0,0.0,4.9194085e-07,4.59642926387005e-07,5.213551048655063e-07,4.7784585e-08,5.172231e-06,5.125046186549298e-06,5.192759090277832e-06,7.796349e-08,-27.237738,-27.750930786132812,-26.716125965118408,0.91790855,2.252039,2.191012740135193,2.305974304676056,0.09158376,0.7506797,0.730337604880333,0.7686581313610077,0.030527916,0.16083333,0.12999999523162842,0.1824999935925007,0.03528026,0.0008333333,0.0,0.0,0.0028867512,0.15084891,0.13909734040498734,0.15758347138762474,0.021717774,11.554336,11.548918962478638,11.56641936302185,0.01998151,11.564336,11.558919191360474,11.576419591903687,0.01998151,3830400.0,3830400.0,3830400.0,0.0
1197,0.0,0.0,0.0,0.0,2.0,2.0,2.0,0.0,0.29303488,0.28737635910511017,0.3025681674480438,0.012071356,0.2930354,0.28737690299749374,0.3025686517357826,0.0120713515,1.012765,1.0091865956783295,1.0287419855594635,0.027697595,0.09728817,0.09359616227447987,0.09790757298469543,0.006386198,0.09728817,0.09359616227447987,0.09790757298469543,0.006386198,1.0,1.0,1.0,0.0,4.992868e-07,4.811545011307317e-07,5.027898026810362e-07,3.1088945e-08,5.133584e-06,5.0867496383943944e-06,5.153955839887203e-06,7.7380406e-08,-27.106493,-27.428847312927246,-26.962570190429688,0.75930905,2.2281277,2.220254957675934,2.2632776498794556,0.060935944,0.7427092,0.7400850206613541,0.7544259130954742,0.020311976,0.16333334,0.1420000083744526,0.1860000118613243,0.032083225,0.0,0.0,0.0,0.0,0.16269426,0.14704247191548347,0.17996954917907715,0.019508954,11.564336,11.558919191360474,11.576419591903687,0.01998151,11.574336,11.56891942024231,11.586419820785522,0.01998151,3833600.0,3833600.0,3833600.0,0.0
1198,0.0,0.0,0.0,0.0,2.0,2.0,2.0,0.0,0.2930354,0.28737690299749374,0.3025686517357826,0.0120713515,0.29303586,0.28737738728523254,0.30256912112236023,0.012071355,1.0197922,0.9961072951555252,1.0427375435829163,0.032207616,0.09578409,0.09062991477549076,0.10090577602386475,0.0070187473,0.09578409,0.09062991477549076,0.10090577602386475,0.0070187473,1.0,1.0,1.0,0.0,4.879293e-07,4.575576042498142e-07,5.166467644812656e-07,3.5094466e-08,5.0952244e-06,5.048743332736194e-06,5.115443514114304e-06,7.680237e-08,-27.103357,-27.663145065307617,-26.437928676605225,0.71506774,2.2435877,2.1914798617362976,2.294068455696106,0.070858136,0.7478626,0.7304932922124863,0.7646895200014114,0.023619378,0.15866667,0.12800000607967377,0.1860000118613243,0.039167088,0.0,0.0,0.0,0.0,0.14864887,0.13530855625867844,0.1565636545419693,0.018851202,11.574336,11.56891942024231,11.586419820785522,0.01998151,11.584336,11.578919649124146,11.596420049667358,0.01998151,3836800.0,3836800.0,3836800.0,0.0
1199,0.0,0.0,0.0,0.0,2.0,2.0,2.0,0.0,0.29303586,0.28737738728523254,0.30256912112236023,0.012071355,0.29303637,0.28737784177064896,0.3025696352124214,0.012071356,1.0137357,0.9860017001628876,1.0396524965763092,0.031054864,0.09711478,0.09127561189234257,0.10327590070664883,0.006977147,0.09711478,0.09127561189234257,0.10327590070664883,0.006977147,1.0,1.0,1.0,0.0,4.909956e-07,4.586650703686246e-07,5.219018675006737e-07,3.3881776e-08,5.057153e-06,5.011016355638276e-06,5.077221544524946e-06,7.622974e-08,-26.900438,-27.245676517486572,-26.53458881378174,0.6440867,2.230263,2.169247090816498,2.2872811555862427,0.06832207,0.743421,0.7230823636054993,0.7624270915985107,0.02277404,0.16200002,0.13600000739097595,0.1940000019967556,0.03147293,0.0,0.0,0.0,0.0,0.15455477,0.14062826707959175,0.16727736219763756,0.019863823,11.584336,11.578919649124146,11.596420049667358,0.01998151,11.5943365,11.588919878005981,11.606420278549194,0.01998151,3840000.0,3840000.0,3840000.0,0.0
1200,0.0,0.0,0.0,0.0,2.0,2.0,2.0,0.0,0.29303637,0.28737784177064896,0.3025696352124214,0.012071356,0.29303685,0.287378266453743,0.3025701195001602,0.0120713785,1.0233858,1.0015579909086227,1.0607532560825348,0.04726552,0.09528641,0.08694836683571339,0.0996954794973135,0.010773324,0.09528641,0.08694836683571339,0.0996954794973135,0.010773324,1.0,1.0,1.0,0.0,4.7793793e-07,4.3610776145897034e-07,5.00394961022721e-07,5.0708756e-08,5.019365e-06,4.97357416406885e-06,5.039286406827159e-06,7.565936e-08,-27.279823,-27.599689483642578,-27.03052520751953,0.68233705,2.2514937,2.203471601009369,2.3337036967277527,0.10398621,0.7504979,0.7344905436038971,0.7779012471437454,0.034662068,0.15866667,0.1340000070631504,0.17600001022219658,0.03671347,0.0,0.0,0.0,0.0,0.15923701,0.1500805765390396,0.16606233268976212,0.014373699,11.5943365,11.588919878005981,11.606420278549194,0.01998151,11.604337,11.598920106887817,11.61642050743103,0.01998151,3843200.0,3843200.0,3843200.0,0.0
1201,0.0,0.0,0.0,0.0,2.0,2.0,2.0,0.0,0.29303685,0.287378266453743,0.3025701195001602,0.0120713785,0.2930373,0.2873787209391594,0.3025706112384796,0.012071381,1.0231252,1.0145310163497925,1.0374507009983063,0.023723401,0.094944425,0.09173969738185406,0.0967103224247694,0.005197547,0.094944425,0.09173969738185406,0.0967103224247694,0.005197547,1.0,1.0,1.0,0.0,4.728722e-07,4.517948326565602e-07,4.878995412127551e-07,2.4353696e-08,4.98186e-06,4.936410391565005e-06,5.001629915568628e-06,7.5093524e-08,-27.40079,-27.578733444213867,-27.029366970062256,0.61481327,2.2509203,2.2320128679275513,2.282437026500702,0.052192498,0.7503068,0.7440043240785599,0.760812371969223,0.017397497,0.16533335,0.15000000968575478,0.18800001218914986,0.03313151,0.0,0.0,0.0,0.0,0.1600439,0.15137619152665138,0.17079195380210876,0.012690273,11.604337,11.598920106887817,11.61642050743103,0.01998151,11.614337,11.608920335769653,11.626420736312866,0.01998151,3846400.0,3846400.0,3846400.0,0.0
1202,0.0,0.0,0.0,0.0,2.0,2.0,2.0,0.0,0.2930373,0.2873787209391594,0.3025706112384796,0.012071381,0.29303777,0.287379190325737,0.30257103592157364,0.012071353,1.0289397,1.022297739982605,1.0506461262702942,0.037133962,0.093877934,0.08899269625544548,0.09499673917889595,0.008433423,0.093877934,0.08899269625544548,0.09499673917889595,0.008433423,1.0,1.0,1.0,0.0,4.6449432e-07,4.406872591289357e-07,4.6676007769974603e-07,4.636168e-08,4.944635e-06,4.8995267434293055e-06,4.96425570872816e-06,7.453247e-08,-27.13047,-27.51576805114746,-26.96712064743042,0.812033,2.2637126,2.249099850654602,2.3114675879478455,0.08169636,0.7545709,0.7496999800205231,0.7704892009496689,0.027232118,0.15866667,0.12600000575184822,0.18400001153349876,0.043395296,0.0,0.0,0.0,0.0,0.15389498,0.14360345900058746,0.1673598699271679,0.020223161,11.614337,11.608920335769653,11.626420736312866,0.01998151,11.624337,11.61892056465149,11.636420965194702,0.01998151,3849600.0,3849600.0,3849600.0,0.0
1203,0.0,0.0,0.0,0.0,2.0,2.0,2.0,0.0,0.29303777,0.287379190325737,0.30257103592157364,0.012071353,0.29303825,0.2873796820640564,0.3025715500116348,0.012071369,1.0142299,0.9985105097293854,1.041299045085907,0.0322683,0.097022444,0.09092882461845875,0.10034551098942757,0.0072449897,0.097022444,0.09092882461845875,0.10034551098942757,0.0072449897,1.0,1.0,1.0,0.0,4.758308e-07,4.553430983378348e-07,4.87966758555558e-07,3.137254e-08,4.907688e-06,4.862915034209436e-06,4.927163786305755e-06,7.397672e-08,-27.334793,-27.6353702545166,-26.935546875,0.6502111,2.2313502,2.1967670917510986,2.2909035682678223,0.07099166,0.7437834,0.7322556972503662,0.7636345475912094,0.023663891,0.17466669,0.15000000968575478,0.1900000125169754,0.029900845,0.0006666667,0.0,0.0,0.0023094013,0.15865965,0.14751563221216202,0.16237324848771095,0.015784923,11.624337,11.61892056465149,11.636420965194702,0.01998151,11.634337,11.628920793533325,11.646421194076538,0.01998151,3852800.0,3852800.0,3852800.0,0.0
1204,0.0,0.0,0.0,0.0,2.0,2.0,2.0,0.0,0.29303825,0.2873796820640564,0.3025715500116348,0.012071369,0.29303873,0.2873801589012146,0.30257200449705124,0.012071366,1.0145772,1.0018325001001358,1.0334837138652802,0.024233965,0.09683648,0.09257988817989826,0.09957981668412685,0.005358246,0.09683648,0.09257988817989826,0.09957981668412685,0.005358246,1.0,1.0,1.0,0.0,4.717075e-07,4.539921363289068e-07,4.916372375873834e-07,2.7228229e-08,4.8710167e-06,4.826579697692068e-06,4.89034925976739e-06,7.3423195e-08,-27.00418,-27.530847549438477,-26.57433557510376,0.77189726,2.2321143,2.204075574874878,2.273709535598755,0.053315777,0.7440381,0.7346918731927872,0.7579031884670258,0.017771928,0.14600001,0.12000000476837158,0.15400001034140587,0.038157567,0.0,0.0,0.0,0.0,0.14845349,0.1387893110513687,0.1560012698173523,0.020899251,11.634337,11.628920793533325,11.646421194076538,0.01998151,11.644338,11.638921022415161,11.656421422958374,0.01998151,3856000.0,3856000.0,3856000.0,0.0
1205,0.0,0.0,0.0,0.0,2.0,2.0,2.0,0.0,0.29303873,0.2873801589012146,0.30257200449705124,0.012071366,0.29303917,0.2873806059360504,0.30257243663072586,0.012071373,1.0173072,1.009584680199623,1.0361524820327759,0.029114094,0.09629553,0.09201327711343765,0.09782601520419121,0.006661094,0.09629553,0.09201327711343765,0.09782601520419121,0.006661094,1.0,1.0,1.0,0.0,4.6547905e-07,4.445254688789646e-07,4.7679598935701506e-07,3.177391e-08,4.8346205e-06,4.790514026353776e-06,4.853805762650154e-06,7.287391e-08,-27.310926,-27.59122896194458,-26.986831188201904,0.49607456,2.2381203,2.221130609512329,2.2795810103416443,0.06405229,0.7460401,0.7403769046068192,0.7598603665828705,0.02135076,0.15866667,0.1340000070631504,0.1860000118613243,0.031418968,0.0006666667,0.0,0.0,0.0023094013,0.15818505,0.14805421233177185,0.1622573360800743,0.020598628,11.644338,11.638921022415161,11.656421422958374,0.01998151,11.654338,11.648921251296997,11.66642165184021,0.01998151,3859200.0,3859200.0,3859200.0,0.0
1206,0.0,0.0,0.0,0.0,2.0,2.0,2.0,0.0,0.29303917,0.2873806059360504,0.30257243663072586,0.012071373,0.29303965,0.2873810678720474,0.30257292836904526,0.012071387,1.0153025,1.0047238320112228,1.0319821536540985,0.02964665,0.096747816,0.09290537796914577,0.09892099909484386,0.0067821797,0.096747816,0.09290537796914577,0.09892099909484386,0.0067821797,1.0,1.0,1.0,0.0,4.6404526e-07,4.442280356897754e-07,4.7253766410904063e-07,2.9974675e-08,4.7984954e-06,4.754721089739178e-06,4.81753659187234e-06,7.232966e-08,-27.244566,-27.56956672668457,-27.06293773651123,0.6145231,2.23371,2.2104365825653076,2.270406126976013,0.06522393,0.74457,0.7368122041225433,0.7568020820617676,0.021741316,0.14066668,0.12600000575184822,0.1600000113248825,0.028017312,0.0,0.0,0.0,0.0,0.15448044,0.14678775146603584,0.16184455901384354,0.021064902,11.654338,11.648921251296997,11.66642165184021,0.01998151,11.664338,11.658921480178833,11.676421880722046,0.01998151,3862400.0,3862400.0,3862400.0,0.0
1207,0.0,0.0,0.0,0.0,2.0,2.0,2.0,0.0,0.29303965,0.2873810678720474,0.30257292836904526,0.012071387,0.29304013,0.28738150745630264,0.30257339030504227,0.012071395,1.0033613,0.9720853865146637,1.0307477414608002,0.037345804,0.09956265,0.09318024478852749,0.10663933679461479,0.008442518,0.09956265,0.09318024478852749,0.10663933679461479,0.008442518,1.0,1.0,1.0,0.0,4.7399365e-07,4.53695705004975e-07,5.07252593706653e-07,3.8470027e-08,4.762641e-06,4.719190883406554e-06,4.781540724252409e-06,7.179019e-08,-27.177427,-27.785120010375977,-26.506227016448975,0.80482423,2.2074392,2.1386305689811707,2.2676903009414673,0.082162425,0.7358131,0.7128768712282181,0.7558967769145966,0.02738747,0.16333334,0.12800000607967377,0.1940000019967556,0.044405844,0.0,0.0,0.0,0.0,0.15290709,0.127313531935215,0.17742226272821426,0.028325927,11.664338,11.658921480178833,11.676421880722046,0.01998151,11.674338,11.668921709060669,11.686422109603882,0.01998151,3865600.0,3865600.0,3865600.0,0.0
1208,0.0,0.0,0.0,0.0,2.0,2.0,2.0,0.0,0.29304013,0.28738150745630264,0.30257339030504227,0.012071395,0.2930406,0.28738198429346085,0.30257387459278107,0.012071411,1.0160904,0.9966753870248795,1.0443520247936249,0.036378924,0.09667116,0.09029381163418293,0.10076900757849216,0.008020387,0.09667116,0.09029381163418293,0.10076900757849216,0.008020387,1.0,1.0,1.0,0.0,4.5665982e-07,4.273061975368364e-07,4.738973871099006e-07,3.4359125e-08,4.7270537e-06,4.683929773818818e-06,4.745814635498391e-06,7.12531e-08,-27.341118,-28.135537147521973,-26.74469804763794,0.7315094,2.2354434,2.192729651927948,2.2976203560829163,0.080035195,0.7451479,0.7309098839759827,0.7658734619617462,0.026678395,0.16733335,0.15000000968575478,0.1900000125169754,0.040428013,0.0006666667,0.0,0.0,0.0023094013,0.16241135,0.1527559868991375,0.16753073036670685,0.015716927,11.674338,11.668921709060669,11.686422109603882,0.01998151,11.684339,11.678921937942505,11.696422338485718,0.01998151,3868800.0,3868800.0,3868800.0,0.0
1209,0.0,0.0,0.0,0.0,2.0,2.0,2.0,0.0,0.2930406,0.28738198429346085,0.30257387459278107,0.012071411,0.29304105,0.28738244622945786,0.30257435142993927,0.012071424,1.0078009,0.9910085201263428,1.0251327753067017,0.04380127,0.09868365,0.09438022971153259,0.10210285149514675,0.010145004,0.09868365,0.09438022971153259,0.10210285149514675,0.010145004,1.0,1.0,1.0,0.0,4.6265166e-07,4.3793954773718724e-07,4.760305927220543e-07,4.4235982e-08,4.6917326e-06,4.64892968921049e-06,4.710351049652672e-06,7.072016e-08,-26.806479,-27.311992645263672,-26.40059804916382,0.8697693,2.2172062,2.180262327194214,2.2553370594978333,0.09636471,0.7390688,0.7267541289329529,0.7517790347337723,0.032121573,0.16333333,0.14749999344348907,0.1824999935925007,0.03025147,0.0,0.0,0.0,0.0,0.14469112,0.12733529321849346,0.15516048669815063,0.020849109,11.684339,11.678921937942505,11.696422338485718,0.01998151,11.694339,11.68892216682434,11.706422567367554,0.01998151,3872000.0,3872000.0,3872000.0,0.0
1210,0.0,0.0,0.0,0.0,2.0,2.0,2.0,0.0,0.29304105,0.28738244622945786,0.30257435142993927,0.012071424,0.2930415,0.28738289326429367,0.30257485806941986,0.012071424,1.0256207,1.0037913620471954,1.0481607615947723,0.039422076,0.09463248,0.08950493112206459,0.0991311464458704,0.008770235,0.09463248,0.08950493112206459,0.0991311464458704,0.008770235,1.0,1.0,1.0,0.0,4.4061497e-07,4.1380626214504446e-07,4.619044347009549e-07,4.047816e-08,4.656675e-06,4.614194494934054e-06,4.67515360469406e-06,7.019196e-08,-27.279364,-27.70853614807129,-26.564878940582275,0.8083282,2.2564106,2.208385169506073,2.3059996962547302,0.0867303,0.7521369,0.7361283898353577,0.7686665952205658,0.028910097,0.14866666,0.12000000476837158,0.15800001099705696,0.046077672,0.0,0.0,0.0,0.0,0.1552292,0.1490924097597599,0.16265735030174255,0.012089091,11.694339,11.68892216682434,11.706422567367554,0.01998151,11.704339,11.698922395706177,11.71642279624939,0.01998151,3875200.0,3875200.0,3875200.0,0.0
1211,0.0,0.0,0.0,0.0,2.0,2.0,2.0,0.0,0.2930415,0.28738289326429367,0.30257485806941986,0.012071424,0.29304197,0.2873833626508713,0.3025753125548363,0.0120714335,0.99159,0.9780197292566299,1.0118201076984406,0.026959388,0.10213824,0.09731562994420528,0.10519425943493843,0.006485888,0.10213824,0.09731562994420528,0.10519425943493843,0.006485888,1.0,1.0,1.0,0.0,4.7184878e-07,4.561256545798642e-07,4.813268645875723e-07,2.664048e-08,4.62188e-06,4.579714527608303e-06,4.640221732188365e-06,6.966859e-08,-26.612366,-27.07438898086548,-26.191335201263428,0.5963737,2.1815417,2.151686370372772,2.226048707962036,0.059311837,0.72718054,0.7172288298606873,0.7420162707567215,0.01977061,0.16000001,0.1340000070631504,0.17000001296401024,0.053611398,0.0,0.0,0.0,0.0,0.15173717,0.1414027102291584,0.1561281569302082,0.016447118,11.704339,11.698922395706177,11.71642279624939,0.01998151,11.714339,11.708922624588013,11.726423025131226,0.01998151,3878400.0,3878400.0,3878400.0,0.0
1212,0.0,0.0,0.0,0.0,2.0,2.0,2.0,0.0,0.29304197,0.2873833626508713,0.3025753125548363,0.0120714335,0.2930424,0.2873837947845459,0.3025757670402527,0.012071444,1.0180526,0.9957436472177505,1.0397960543632507,0.026544187,0.09609284,0.09124393202364445,0.10099784098565578,0.0058737085,0.09609284,0.09124393202364445,0.10099784098565578,0.0058737085,1.0,1.0,1.0,0.0,4.406637e-07,4.266094961735689e-07,4.5565889195131604e-07,2.4992351e-08,4.5873444e-06,4.545495357888285e-06,4.605551566783106e-06,6.914726e-08,-27.32235,-27.747642993927002,-27.048505783081055,0.6087018,2.2397602,2.1906797885894775,2.2875970005989075,0.058398385,0.7465868,0.7302266061306,0.7625323385000229,0.019466132,0.15266667,0.12600000575184822,0.1640000119805336,0.036970094,0.0,0.0,0.0,0.0,0.15114065,0.13856255635619164,0.15684978663921356,0.018980851,11.714339,11.708922624588013,11.726423025131226,0.01998151,11.7243395,11.718922853469849,11.736423254013062,0.01998151,3881600.0,3881600.0,3881600.0,0.0
1213,0.0,0.0,0.0,0.0,2.0,2.0,2.0,0.0,0.2930424,0.2873837947845459,0.3025757670402527,0.012071444,0.29304287,0.28738420456647873,0.3025762364268303,0.012071465,1.0120445,0.9803906977176666,1.0543630421161652,0.04433062,0.09773702,0.08823446929454803,0.10462045110762119,0.0101989545,0.09773702,0.08823446929454803,0.10462045110762119,0.0101989545,1.0,1.0,1.0,0.0,4.445825e-07,4.071647055070571e-07,4.7333854524822527e-07,4.2165333e-08,4.553068e-06,4.511529937190062e-06,4.571135946207505e-06,6.863005e-08,-27.042768,-27.98945665359497,-26.329906940460205,0.9150132,2.2265422,2.156902551651001,2.319645047187805,0.0975293,0.7421808,0.7189675569534302,0.7732150256633759,0.032509774,0.16266668,0.1420000083744526,0.1860000118613243,0.031878557,0.0,0.0,0.0,0.0,0.15381478,0.14138516411185265,0.16727379709482193,0.017780812,11.7243395,11.718922853469849,11.736423254013062,0.01998151,11.73434,11.728923082351685,11.746423482894897,0.01998151,3884800.0,3884800.0,3884800.0,0.0
1214,0.0,0.0,0.0,0.0,2.0,2.0,2.0,0.0,0.29304287,0.28738420456647873,0.3025762364268303,0.012071465,0.2930433,0.28738465905189514,0.30257663130760193,0.01207147,1.0203795,0.9932978600263596,1.0483736991882324,0.036662288,0.095729314,0.08946366421878338,0.10157434083521366,0.008135088,0.095729314,0.08946366421878338,0.10157434083521366,0.008135088,1.0,1.0,1.0,0.0,4.3249634e-07,4.055658422430497e-07,4.595774640847594e-07,3.6068354e-08,4.519047e-06,4.477821562431927e-06,4.536978849500883e-06,6.8117394e-08,-27.213358,-27.494324207305908,-26.903452396392822,0.5558461,2.24488,2.1852989196777344,2.30646812915802,0.08065867,0.74829334,0.7284329980611801,0.7688227146863937,0.026886214,0.168,0.1420000083744526,0.1940000019967556,0.036897894,0.0006666667,0.0,0.0,0.0023094013,0.15184724,0.1468161754310131,0.1628161258995533,0.018150814,11.73434,11.728923082351685,11.746423482894897,0.01998151,11.74434,11.73892331123352,11.756423711776733,0.01998151,3888000.0,3888000.0,3888000.0,0.0
1215,0.0,0.0,0.0,0.0,2.0,2.0,2.0,0.0,0.2930433,0.28738465905189514,0.30257663130760193,0.01207147,0.2930437,0.28738508373498917,0.30257705599069595,0.012071475,1.0136546,1.002244621515274,1.0346877872943878,0.026266076,0.09707117,0.09232368506491184,0.09948480129241943,0.0060783667,0.09707117,0.09232368506491184,0.09948480129241943,0.0060783667,1.0,1.0,1.0,0.0,4.3524315e-07,4.191590292634828e-07,4.4815612199045063e-07,2.5186656e-08,4.48528e-06,4.444360570232675e-06,4.503079139794863e-06,6.760944e-08,-27.135376,-27.48820447921753,-26.659881591796875,0.65888065,2.2300847,2.2049821615219116,2.2763585448265076,0.057786513,0.74336165,0.7349940538406372,0.758786216378212,0.019262174,0.136,0.10200000181794167,0.15400001034140587,0.033072926,0.0,0.0,0.0,0.0,0.1483352,0.1305781826376915,0.168474018573761,0.02505294,11.74434,11.73892331123352,11.756423711776733,0.01998151,11.75434,11.748923540115356,11.76642394065857,0.01998151,3891200.0,3891200.0,3891200.0,0.0
1216,0.0,0.0,0.0,0.0,2.0,2.0,2.0,0.0,0.2930437,0.28738508373498917,0.30257705599069595,0.012071475,0.29304415,0.2873854711651802,0.3025774732232094,0.012071495,1.0201843,1.0002686828374863,1.053806334733963,0.03894087,0.0958148,0.08834738470613956,0.09997022524476051,0.008729657,0.0958148,0.08834738470613956,0.09997022524476051,0.008729657,1.0,1.0,1.0,0.0,4.262774e-07,3.930153837927719e-07,4.454653321772639e-07,3.6024698e-08,4.451765e-06,4.411152872307866e-06,4.469433974918502e-06,6.710354e-08,-27.05658,-27.756859302520752,-26.60163974761963,0.8849102,2.2444503,2.200635015964508,2.3184203505516052,0.08567166,0.7481501,0.7335450202226639,0.7728068232536316,0.028557228,0.15333335,0.12000000476837158,0.17000001296401024,0.04033797,0.0,0.0,0.0,0.0,0.15520123,0.13882112503051758,0.17127569019794464,0.018667094,11.75434,11.748923540115356,11.76642394065857,0.01998151,11.76434,11.758923768997192,11.776424169540405,0.01998151,3894400.0,3894400.0,3894400.0,0.0
1217,0.0,0.0,0.0,0.0,2.0,2.0,2.0,0.0,0.29304415,0.2873854711651802,0.3025774732232094,0.012071495,0.29304457,0.28738587349653244,0.3025778830051422,0.012071502,1.0052996,0.9817356020212173,1.0399264693260193,0.038433287,0.09914877,0.09121654741466045,0.10429836995899677,0.009014614,0.09914877,0.09121654741466045,0.10429836995899677,0.009014614,1.0,1.0,1.0,0.0,4.3791763e-07,4.027470836831526e-07,4.5987358276988743e-07,3.7971674e-08,4.4185012e-06,4.37819107901305e-06,4.436035283106321e-06,6.660164e-08,-27.002287,-27.38904571533203,-26.605473041534424,0.6135313,2.2117033,2.159861445426941,2.2878838777542114,0.084554896,0.7372344,0.7199538201093674,0.7626279890537262,0.028184969,0.15733334,0.12600000575184822,0.18400001525878906,0.047919128,0.0,0.0,0.0,0.0,0.14621682,0.13795743882656097,0.1585865467786789,0.016626118,11.76434,11.758923768997192,11.776424169540405,0.01998151,11.774341,11.768923997879028,11.786424398422241,0.01998151,3897600.0,3897600.0,3897600.0,0.0
1218,0.0,0.0,0.0,0.0,2.0,2.0,2.0,0.0,0.29304457,0.28738587349653244,0.3025778830051422,0.012071502,0.293045,0.28738632053136826,0.3025783449411392,0.01207151,1.0043339,0.9904146045446396,1.0198292136192322,0.030524448,0.0992327,0.09553714282810688,0.1022372655570507,0.0070373607,0.0992327,0.09553714282810688,0.1022372655570507,0.0070373607,1.0,1.0,1.0,0.0,4.3501436e-07,4.155724937504601e-07,4.5054803621269457e-07,2.8995697e-08,4.3854857e-06,4.3454789420138695e-06,4.40288806657918e-06,6.610413e-08,-26.836594,-27.17294931411743,-26.466586112976074,0.6564034,2.2095785,2.178955614566803,2.243669033050537,0.06715511,0.7365262,0.7263185679912567,0.7478896826505661,0.022385033,0.15933335,0.1420000083744526,0.17200001329183578,0.028836006,0.0,0.0,0.0,0.0,0.15229903,0.14526532962918282,0.1578882932662964,0.012791104,11.774341,11.768923997879028,11.786424398422241,0.01998151,11.784341,11.778924226760864,11.796424627304077,0.01998151,3900800.0,3900800.0,3900800.0,0.0
1219,0.0,0.0,0.0,0.0,2.0,2.0,2.0,0.0,0.293045,0.28738632053136826,0.3025783449411392,0.01207151,0.29304543,0.2873867228627205,0.30257871747016907,0.012071526,1.0202895,0.9924049526453018,1.0538200736045837,0.037883382,0.095763065,0.08835208229720592,0.10176441073417664,0.008131116,0.095763065,0.08835208229720592,0.10176441073417664,0.008131116,1.0,1.0,1.0,0.0,4.1658814e-07,3.948754780935815e-07,4.419819887857557e-07,3.275332e-08,4.352717e-06,4.31300679792912e-06,4.369990165287163e-06,6.5611346e-08,-27.291124,-27.796470642089844,-26.830615520477295,0.7909384,2.2446816,2.183334469795227,2.3184505105018616,0.0833451,0.7482273,0.7277781665325165,0.7728168666362762,0.027781699,0.15866667,0.13600000739097595,0.17800001427531242,0.03841717,0.0,0.0,0.0,0.0,0.1583853,0.14353539794683456,0.17503460869193077,0.02335687,11.784341,11.778924226760864,11.796424627304077,0.01998151,11.794341,11.7889244556427,11.806424856185913,0.01998151,3904000.0,3904000.0,3904000.0,0.0
1220,0.0,0.0,0.0,0.0,2.0,2.0,2.0,0.0,0.29304543,0.2873867228627205,0.30257871747016907,0.012071526,0.29304585,0.2873871326446533,0.3025791272521019,0.012071528,0.99795175,0.9822405129671097,1.0143459737300873,0.026764307,0.10064677,0.09675297141075134,0.10419010557234287,0.0061510494,0.10064677,0.09675297141075134,0.10419010557234287,0.0061510494,1.0,1.0,1.0,0.0,4.348362e-07,4.1533719752351317e-07,4.4917900510199615e-07,2.755019e-08,4.3201926e-06,4.280780558474362e-06,4.337339191806677e-06,6.5120354e-08,-26.864006,-27.156564235687256,-26.540652751922607,0.55006975,2.1955378,2.160972237586975,2.2316057682037354,0.058882695,0.7318459,0.7203240990638733,0.7438686043024063,0.019627567,0.17266667,0.15400001034140587,0.21000000461935997,0.041423168,0.0,0.0,0.0,0.0,0.1564094,0.1422669179737568,0.17179276049137115,0.020974644,11.794341,11.7889244556427,11.806424856185913,0.01998151,11.804341,11.798924684524536,11.816425085067749,0.01998151,3907200.0,3907200.0,3907200.0,0.0
1221,0.0,0.0,0.0,0.0,2.0,2.0,2.0,0.0,0.29304585,0.2873871326446533,0.3025791272521019,0.012071528,0.29304627,0.28738753497600555,0.3025795817375183,0.012071533,1.0162047,0.9853246808052063,1.0371401607990265,0.03430452,0.09661466,0.09180779196321964,0.10343827493488789,0.0076894187,0.09661466,0.09180779196321964,0.10343827493488789,0.0076894187,1.0,1.0,1.0,0.0,4.1416857e-07,3.93340414461818e-07,4.39070248603457e-07,3.1904328e-08,4.287912e-06,4.248792947691982e-06,4.304927983866946e-06,6.463334e-08,-27.194387,-27.395605087280273,-26.91689968109131,0.7239253,2.2356951,2.167757570743561,2.2817540168762207,0.075471416,0.7452317,0.7225858569145203,0.760584682226181,0.02515714,0.16733335,0.14400000870227814,0.1940000019967556,0.039555103,0.0,0.0,0.0,0.0,0.15380986,0.1437128745019436,0.1626311056315899,0.01892123,11.804341,11.798924684524536,11.816425085067749,0.01998151,11.814342,11.808924913406372,11.826425313949585,0.01998151,3910400.0,3910400.0,3910400.0,0.0
1222,0.0,0.0,0.0,0.0,2.0,2.0,2.0,0.0,0.29304627,0.28738753497600555,0.3025795817375183,0.012071533,0.29304668,0.2873879373073578,0.30257999897003174,0.012071515,0.99903774,0.98748978972435,1.0120075047016144,0.034000967,0.10049883,0.09727303497493267,0.10292272828519344,0.0076761944,0.10049883,0.09727303497493267,0.10292272828519344,0.0076761944,1.0,1.0,1.0,0.0,4.2780866e-07,4.1601609979124987e-07,4.3963555640402774e-07,3.496577e-08,4.2558718e-06,4.217047603560786e-06,4.2727597246994264e-06,6.415043e-08,-26.923164,-27.177570343017578,-26.592225074768066,0.64036375,2.1979268,2.172520875930786,2.2264609932899475,0.07480362,0.73264235,0.7241736352443695,0.74215367436409,0.02493454,0.17,0.13749999925494194,0.21249999478459358,0.050090827,0.0,0.0,0.0,0.0,0.15759328,0.14147687703371048,0.16535727307200432,0.02753161,11.814342,11.808924913406372,11.826425313949585,0.01998151,11.824342,11.818925142288208,11.836425542831421,0.01998151,3913600.0,3913600.0,3913600.0,0.0
1223,0.0,0.0,0.0,0.0,2.0,2.0,2.0,0.0,0.29304668,0.2873879373073578,0.30257999897003174,0.012071515,0.2930471,0.2873883694410324,0.3025803714990616,0.0120715,1.0198671,0.9871126711368561,1.0605885088443756,0.041012622,0.09591494,0.0869824681431055,0.1030157022178173,0.008891525,0.09591494,0.0869824681431055,0.1030157022178173,0.008891525,1.0,1.0,1.0,0.0,4.0531825e-07,3.683082070438104e-07,4.367930372950468e-07,3.9890576e-08,4.2240717e-06,4.185535431133758e-06,4.240834414304118e-06,6.367214e-08,-27.343954,-28.328584671020508,-26.69947099685669,0.8762878,2.2437522,2.1716912388801575,2.3333412408828735,0.09022955,0.7479175,0.7238970994949341,0.7777804285287857,0.030076522,0.15266667,0.1340000070631504,0.1640000119805336,0.036812384,0.0006666667,0.0,0.0,0.0023094013,0.15433444,0.14724039658904076,0.16362691298127174,0.017881608,11.824342,11.818925142288208,11.836425542831421,0.01998151,11.834342,11.828925371170044,11.846425771713257,0.01998151,3916800.0,3916800.0,3916800.0,0.0
1224,0.0,0.0,0.0,0.0,2.0,2.0,2.0,0.0,0.2930471,0.2873883694410324,0.3025803714990616,0.0120715,0.2930475,0.28738876432180405,0.3025807812809944,0.012071573,1.0208973,1.0010169446468353,1.0376287996768951,0.037193008,0.08909553,0.0917004682123661,0.09976619854569435,0.028663825,0.09561798,0.0917004682123661,0.09976619854569435,0.008013895,0.9166667,1.0,1.0,0.28867513,3.725239e-07,3.8274281166650326e-07,4.190338245280145e-07,1.1993555e-07,4.1925086e-06,4.154261546318594e-06,4.209148414702213e-06,6.3195706e-08,-27.321829,-27.725784301757812,-26.90316677093506,0.7845806,2.2460191,2.202281355857849,2.282828986644745,0.08182623,0.74867296,0.7340937852859497,0.7609430253505707,0.027275415,0.13200001,0.09400000236928463,0.1640000119805336,0.050308146,0.0,0.0,0.0,0.0,0.15056382,0.14074350520968437,0.15513010323047638,0.020451486,11.834342,11.828925371170044,11.846425771713257,0.01998151,11.844342,11.83892560005188,11.856426000595093,0.01998151,3920000.0,3920000.0,3920000.0,0.0
1225,0.0,0.0,0.0,0.0,2.0,2.0,2.0,0.0,0.2930475,0.28738876432180405,0.3025807812809944,0.012071573,0.29304788,0.2873891741037369,0.30258117616176605,0.01207157,1.0135295,0.9952160716056824,1.023096889257431,0.026246699,0.09709239,0.09483514726161957,0.10110775381326675,0.005720407,0.09709239,0.09483514726161957,0.10110775381326675,0.005720407,1.0,1.0,1.0,0.0,4.039779e-07,3.980046869855869e-07,4.176841486014382e-07,2.3712115e-08,4.1611825e-06,4.123219582652382e-06,4.1776953594308e-06,6.272305e-08,-27.089884,-27.20658254623413,-26.941713333129883,0.3277538,2.2298095,2.1895191073417664,2.2508581280708313,0.057743873,0.74326986,0.7298397421836853,0.7502860724925995,0.019247951,0.16533335,0.15600001066923141,0.18000001087784767,0.024201177,0.0013333334,0.0,0.0,0.003113996,0.14801532,0.13973309472203255,0.15323467180132866,0.011840275,11.844342,11.83892560005188,11.856426000595093,0.01998151,11.854342,11.848925828933716,11.866426229476929,0.01998151,3923200.0,3923200.0,3923200.0,0.0
1226,0.0,0.0,0.0,0.0,2.0,2.0,2.0,0.0,0.29304788,0.2873891741037369,0.30258117616176605,0.01207157,0.2930483,0.2873895391821861,0.3025815859436989,0.012071566,1.0139774,0.994940921664238,1.0330824255943298,0.0316308,0.09706882,0.09266544878482819,0.10117709822952747,0.0070862854,0.09706882,0.09266544878482819,0.10117709822952747,0.0070862854,1.0,1.0,1.0,0.0,4.0094383e-07,3.811727324887215e-07,4.221569014362103e-07,3.0410867e-08,4.130089e-06,4.092412041245552e-06,4.146477863287146e-06,6.225452e-08,-27.178139,-27.677059650421143,-26.51821231842041,0.7825028,2.2307947,2.1889137029647827,2.272826671600342,0.06958913,0.7435983,0.7296379208564758,0.7576089203357697,0.023196377,0.16533335,0.13600000739097595,0.1860000118613243,0.037419815,0.0,0.0,0.0,0.0,0.1525742,0.13147277012467384,0.168693445622921,0.027414832,11.854342,11.848925828933716,11.866426229476929,0.01998151,11.864343,11.858926057815552,11.876426458358765,0.01998151,3926400.0,3926400.0,3926400.0,0.0
1227,0.0,0.0,0.0,0.0,2.0,2.0,2.0,0.0,0.2930483,0.2873895391821861,0.3025815859436989,0.012071566,0.2930487,0.28738994151353836,0.3025819808244705,0.0120715555,1.0108074,0.9874056130647659,1.0333365201950073,0.03251719,0.0977921,0.09261330775916576,0.10294243320822716,0.007280545,0.0977921,0.09261330775916576,0.10294243320822716,0.007280545,1.0,1.0,1.0,0.0,4.008268e-07,3.8514706091064e-07,4.2448414916407273e-07,2.981437e-08,4.0992286e-06,4.061831191393139e-06,4.115495926271251e-06,6.17903e-08,-27.183062,-27.663716316223145,-26.800801277160645,0.86938244,2.2238207,2.1723357439041138,2.273385763168335,0.071539246,0.7412736,0.7241119146347046,0.7577952593564987,0.023846423,0.17266667,0.15200001001358032,0.17800001427531242,0.027808871,0.0,0.0,0.0,0.0,0.15173817,0.13630415871739388,0.1658296249806881,0.017543493,11.864343,11.858926057815552,11.876426458358765,0.01998151,11.874343,11.868926286697388,11.8864266872406,0.01998151,3929600.0,3929600.0,3929600.0,0.0
1228,0.0,0.0,0.0,0.0,2.0,2.0,2.0,0.0,0.2930487,0.28738994151353836,0.3025819808244705,0.0120715555,0.29304907,0.2873902842402458,0.30258238315582275,0.012071546,1.0121493,0.9898402094841003,1.0259172022342682,0.03562827,0.09753724,0.09421146661043167,0.10237150266766548,0.007832423,0.09753724,0.09421146661043167,0.10237150266766548,0.007832423,1.0,1.0,1.0,0.0,3.9698497e-07,3.8236648691736264e-07,4.2438151837131954e-07,3.4263042e-08,4.0685986e-06,4.03148169425549e-06,4.084746137777984e-06,6.132796e-08,-27.122658,-27.5429949760437,-26.696634769439697,0.66124487,2.226773,2.17769193649292,2.2570630311965942,0.07838378,0.7422578,0.725897341966629,0.7523543536663055,0.026127929,0.17133333,0.15800001099705696,0.1940000019967556,0.03805578,0.0006666667,0.0,0.0,0.0023094013,0.14747697,0.13725728914141655,0.15315094217658043,0.010281645,11.874343,11.868926286697388,11.8864266872406,0.01998151,11.884343,11.878926515579224,11.896426916122437,0.01998151,3932800.0,3932800.0,3932800.0,0.0
1229,0.0,0.0,0.0,0.0,2.0,2.0,2.0,0.0,0.29304907,0.2873902842402458,0.30258238315582275,0.012071546,0.29304948,0.28739069402217865,0.3025827631354332,0.012071536,1.0140326,0.9893619418144226,1.0372386872768402,0.030036416,0.09703299,0.09178299456834793,0.10248248837888241,0.006711945,0.09703299,0.09178299456834793,0.10248248837888241,0.006711945,1.0,1.0,1.0,0.0,3.9191286e-07,3.740351317560453e-07,4.12760947199331e-07,2.8726998e-08,4.038198e-06,4.001357069682854e-06,4.0542225860917824e-06,6.086927e-08,-27.109056,-27.346609115600586,-26.74471139907837,0.49849787,2.2309163,2.1766397953033447,2.2819706797599792,0.06608145,0.74363875,0.7255466133356094,0.7606569081544876,0.022027139,0.16866668,0.14400000870227814,0.20200000330805779,0.033675816,0.0,0.0,0.0,0.0,0.15010746,0.13734784349799156,0.15841615945100784,0.01852315,11.884343,11.878926515579224,11.896426916122437,0.01998151,11.894343,11.88892674446106,11.906427145004272,0.01998151,3936000.0,3936000.0,3936000.0,0.0
1230,0.0,0.0,0.0,0.0,2.0,2.0,2.0,0.0,0.29304948,0.28739069402217865,0.3025827631354332,0.012071536,0.29304987,0.2873910814523697,0.30258315801620483,0.012071542,1.0139773,1.0161438584327698,1.0223165452480316,0.019940095,0.09692863,0.09499153681099415,0.09635099209845066,0.004606992,0.09692863,0.09499153681099415,0.09635099209845066,0.004606992,1.0,1.0,1.0,0.0,3.8834347e-07,3.7864838020595926e-07,3.880455210492073e-07,1.5580504e-08,4.0080236e-06,3.971460273533012e-06,4.023928340757266e-06,6.0414514e-08,-27.238012,-27.506577491760254,-27.064131259918213,0.508195,2.2307947,2.235561192035675,2.2491413950920105,0.04386908,0.7435982,0.7451870739459991,0.7497138231992722,0.01462303,0.142,0.12000000476837158,0.16200000792741776,0.039210387,0.0,0.0,0.0,0.0,0.15328911,0.1402779556810856,0.1603144034743309,0.014531357,11.894343,11.88892674446106,11.906427145004272,0.01998151,11.904344,11.898926973342896,11.916427373886108,0.01998151,3939200.0,3939200.0,3939200.0,0.0
1231,0.0,0.0,0.0,0.0,2.0,2.0,2.0,0.0,0.29304987,0.2873910814523697,0.30258315801620483,0.012071542,0.29305026,0.28739142417907715,0.30258356034755707,0.012071543,1.0183681,0.9746922701597214,1.053687572479248,0.050719127,0.09646299,0.08838105387985706,0.10600549355149269,0.011358186,0.09646299,0.08838105387985706,0.10600549355149269,0.011358186,1.0,1.0,1.0,0.0,3.8370695e-07,3.499894773995038e-07,4.2465370597710717e-07,4.5167518e-08,3.9780757e-06,3.941783575100999e-06,3.9938621512192185e-06,5.9963945e-08,-26.947823,-27.375000953674316,-26.18520164489746,0.7830751,2.2404547,2.1443658471107483,2.31815904378891,0.111584306,0.74681824,0.7147886157035828,0.7727196961641312,0.037194774,0.14933334,0.13600000739097595,0.17400000989437103,0.046439275,0.0,0.0,0.0,0.0,0.15438253,0.14247185736894608,0.1601385585963726,0.024084955,11.904344,11.898926973342896,11.916427373886108,0.01998151,11.914344,11.908927202224731,11.926427602767944,0.01998151,3942400.0,3942400.0,3942400.0,0.0
1232,0.0,0.0,0.0,0.0,2.0,2.0,2.0,0.0,0.29305026,0.28739142417907715,0.30258356034755707,0.012071543,0.29305062,0.2873918116092682,0.3025839328765869,0.012071506,1.0360521,0.9983088970184326,1.0641969740390778,0.0480797,0.08645037,0.08628980442881584,0.10039086267352104,0.028285079,0.09253784,0.08628980442881584,0.10039086267352104,0.00982449,0.9166667,1.0,1.0,0.28867513,3.4180837e-07,3.418501393070983e-07,3.9691165198973977e-07,1.11922766e-07,3.9483507e-06,3.91233072605246e-06,3.96402106161986e-06,5.9515337e-08,-27.5507,-28.24154758453369,-26.65764331817627,1.0593586,2.27936,2.1963233947753906,2.341279983520508,0.105777435,0.75978667,0.7321078181266785,0.7804266959428787,0.035259146,0.15533334,0.1380000077188015,0.17200001329183578,0.036812384,0.0,0.0,0.0,0.0,0.16672225,0.14747591689229012,0.17394225299358368,0.0281997,11.914344,11.908927202224731,11.926427602767944,0.01998151,11.924344,11.918927431106567,11.93642783164978,0.01998151,3945600.0,3945600.0,3945600.0,0.0
1233,0.0,0.0,0.0,0.0,2.0,2.0,2.0,0.0,0.29305062,0.2873918116092682,0.3025839328765869,0.012071506,0.29305097,0.2873922064900398,0.30258433520793915,0.012071516,1.0093364,0.9865796118974686,1.0482258796691895,0.046464466,0.091805935,0.08948994055390358,0.10314011573791504,0.03010443,0.09838276,0.08948994055390358,0.10314011573791504,0.010390793,0.9166667,1.0,1.0,0.28867513,3.594856e-07,3.59860891308017e-07,4.014785019990086e-07,1.16870666e-07,3.9188485e-06,3.883096496792859e-06,3.934400069738331e-06,5.9070246e-08,-26.802572,-27.04008197784424,-26.483019828796387,0.7619884,2.2205842,2.1705185174942017,2.3061429262161255,0.10222388,0.7401948,0.7235061824321747,0.7687143087387085,0.034074623,0.17866667,0.1600000113248825,0.20200000330805779,0.052772813,0.0,0.0,0.0,0.0,0.152135,0.14363755658268929,0.15962884947657585,0.016485013,11.924344,11.918927431106567,11.93642783164978,0.01998151,11.934344,11.928927659988403,11.946428060531616,0.01998151,3948800.0,3948800.0,3948800.0,0.0
1234,0.0,0.0,0.0,0.0,2.0,2.0,2.0,0.0,0.29305097,0.2873922064900398,0.30258433520793915,0.012071516,0.29305133,0.2873925715684891,0.3025847002863884,0.012071521,1.0100595,0.9867443293333054,1.0315183103084564,0.025290156,0.0978624,0.09300024807453156,0.10309931077063084,0.0057034483,0.0978624,0.09300024807453156,0.10309931077063084,0.0057034483,1.0,1.0,1.0,0.0,3.8062913e-07,3.6619959331574137e-07,4.005919791438828e-07,2.277181e-08,3.8895664e-06,3.854083502119465e-06,3.9050004261298454e-06,5.8628913e-08,-27.03373,-27.32817316055298,-26.631531238555908,0.594519,2.2221754,2.1708808541297913,2.2693856954574585,0.055639453,0.7407251,0.7236269861459732,0.7564619034528732,0.018546483,0.168,0.14000000804662704,0.1900000125169754,0.037832167,0.0,0.0,0.0,0.0,0.15529935,0.15041689947247505,0.16409360989928246,0.016116215,11.934344,11.928927659988403,11.946428060531616,0.01998151,11.9443445,11.93892788887024,11.956428289413452,0.01998151,3952000.0,3952000.0,3952000.0,0.0
1235,0.0,0.0,0.0,0.0,2.0,2.0,2.0,0.0,0.29305133,0.2873925715684891,0.3025847002863884,0.012071521,0.29305172,0.2873929962515831,0.30258508026599884,0.012071517,1.0132824,1.004387229681015,1.0281265676021576,0.024033662,0.097128294,0.09372887760400772,0.098994892090559,0.005626934,0.097128294,0.09372887760400772,0.098994892090559,0.005626934,1.0,1.0,1.0,0.0,3.7493535e-07,3.6463495689531555e-07,3.80200894767313e-07,2.1854348e-08,3.860503e-06,3.82528361342338e-06,3.87582281291543e-06,5.819169e-08,-27.376513,-27.702898502349854,-26.886497020721436,0.7190235,2.229266,2.209696054458618,2.261923670768738,0.052875116,0.74308866,0.7365653812885284,0.7539745569229126,0.01762503,0.1625,0.14749999344348907,0.1824999935925007,0.02767506,0.0008333333,0.0,0.0,0.0028867512,0.15266679,0.1415860429406166,0.15998904779553413,0.010629874,11.9443445,11.93892788887024,11.956428289413452,0.01998151,11.954345,11.948928117752075,11.966428518295288,0.01998151,3955200.0,3955200.0,3955200.0,0.0
1236,0.0,0.0,0.0,0.0,2.0,2.0,2.0,0.0,0.29305172,0.2873929962515831,0.30258508026599884,0.012071517,0.2930521,0.28739336878061295,0.3025854453444481,0.012071518,1.004332,0.9836359471082687,1.0200988352298737,0.035010096,0.09930103,0.09548365138471127,0.10384074598550797,0.007937418,0.09930103,0.09548365138471127,0.10384074598550797,0.007937418,1.0,1.0,1.0,0.0,3.8036504e-07,3.625066185009018e-07,3.940798833923509e-07,2.926354e-08,3.8316566e-06,3.796701491864951e-06,3.846864160550467e-06,5.775651e-08,-26.738615,-27.0282301902771,-26.671517372131348,0.86630344,2.2095745,2.164042294025421,2.2442622780799866,0.07702375,0.7365248,0.7213474363088608,0.7480874359607697,0.025674583,0.16000001,0.1340000070631504,0.1860000118613243,0.040505894,0.0006666667,0.0,0.0,0.0023094013,0.1519027,0.1488799788057804,0.15717895328998566,0.015265654,11.954345,11.948928117752075,11.966428518295288,0.01998151,11.964345,11.958928346633911,11.976428747177124,0.01998151,3958400.0,3958400.0,3958400.0,0.0
1237,0.0,0.0,0.0,0.0,2.0,2.0,2.0,0.0,0.2930521,0.28739336878061295,0.3025854453444481,0.012071518,0.29305246,0.2873937040567398,0.30258582532405853,0.012071506,1.0127424,1.0022232085466385,1.0261411368846893,0.02917709,0.09731183,0.09415987506508827,0.09949727728962898,0.006652787,0.09731183,0.09415987506508827,0.09949727728962898,0.006652787,1.0,1.0,1.0,0.0,3.701958e-07,3.5752465521454724e-07,3.790508245060664e-07,2.803788e-08,3.8030264e-06,3.768330941511522e-06,3.8181182731023e-06,5.7324396e-08,-27.105791,-27.606038093566895,-26.678450107574463,0.72430575,2.228078,2.204935073852539,2.257555603981018,0.06419088,0.74269265,0.7349783629179001,0.7525185644626617,0.021396955,0.16666667,0.14400000870227814,0.17800001055002213,0.03215116,0.0006666667,0.0,0.0,0.0023094013,0.15182495,0.13331887871026993,0.1723112128674984,0.022935444,11.964345,11.958928346633911,11.976428747177124,0.01998151,11.974345,11.968928575515747,11.98642897605896,0.01998151,3961600.0,3961600.0,3961600.0,0.0
1238,0.0,0.0,0.0,0.0,2.0,2.0,2.0,0.0,0.29305246,0.2873937040567398,0.30258582532405853,0.012071506,0.29305282,0.28739403933286667,0.3025861606001854,0.012071516,1.025671,1.0051474571228027,1.0507592558860779,0.035937957,0.09456286,0.08897065557539463,0.09883083961904049,0.008080568,0.09456286,0.08897065557539463,0.09883083961904049,0.008080568,1.0,1.0,1.0,0.0,3.568391e-07,3.3702396962098646e-07,3.7201611036152826e-07,2.9682308e-08,3.7746095e-06,3.7401756571853184e-06,3.7895877653681964e-06,5.6896173e-08,-27.548769,-28.119075298309326,-27.30659818649292,0.75737816,2.2565212,2.211368501186371,2.3117164373397827,0.07906509,0.7521737,0.7371228486299515,0.7705721706151962,0.02635503,0.14266668,0.12000000476837158,0.15800001099705696,0.040193472,0.0006666667,0.0,0.0,0.0023094013,0.16674416,0.14777042716741562,0.17899760603904724,0.020023324,11.974345,11.968928575515747,11.98642897605896,0.01998151,11.984345,11.978928804397583,11.996429204940796,0.01998151,3964800.0,3964800.0,3964800.0,0.0
1239,0.0,0.0,0.0,0.0,2.0,2.0,2.0,0.0,0.29305282,0.28739403933286667,0.3025861606001854,0.012071516,0.29305318,0.2873944342136383,0.30258651822805405,0.012071515,1.0095136,0.9885974824428558,1.0301888287067413,0.032957904,0.098092936,0.09328503347933292,0.1026659719645977,0.007497341,0.098092936,0.09328503347933292,0.1026659719645977,0.007497341,1.0,1.0,1.0,0.0,3.6742983e-07,3.4777460200530186e-07,3.8289164194793557e-07,2.7666175e-08,3.7464054e-06,3.712226543939323e-06,3.7612722394442244e-06,5.647197e-08,-27.12401,-27.43201732635498,-26.75110101699829,0.7227138,2.2209742,2.1749578714370728,2.266460597515106,0.072508805,0.7403248,0.7249859869480133,0.7554868757724762,0.024169602,0.15866667,0.12800000607967377,0.1860000118613243,0.03975684,0.0,0.0,0.0,0.0,0.15766884,0.14064579457044601,0.16591699421405792,0.016046202,11.984345,11.978928804397583,11.996429204940796,0.01998151,11.994346,11.988929033279419,12.006429433822632,0.01998151,3968000.0,3968000.0,3968000.0,0.0
1240,0.0,0.0,0.0,0.0,2.0,2.0,2.0,0.0,0.29305318,0.2873944342136383,0.30258651822805405,0.012071515,0.29305354,0.28739479184150696,0.3025869056582451,0.01207159,1.0214934,0.9897368997335434,1.0272361636161804,0.041976318,0.089329846,0.09392631612718105,0.10239185579121113,0.028691188,0.095561676,0.09392631612718105,0.10239185579121113,0.008638272,0.9166667,1.0,1.0,0.28867513,3.3106338e-07,3.509848198746113e-07,3.773184218403003e-07,1.05698845e-07,3.7184116e-06,3.6844894566456787e-06,3.733169592123886e-06,5.6049473e-08,-27.19735,-27.55316686630249,-26.508959770202637,0.8971197,2.2473304,2.1774646043777466,2.25996470451355,0.09234975,0.74911016,0.7258215397596359,0.7533216029405594,0.030783258,0.156,0.14400000870227814,0.1680000126361847,0.017888546,0.0,0.0,0.0,0.0,0.1487904,0.13430309668183327,0.16170089319348335,0.019713318,11.994346,11.988929033279419,12.006429433822632,0.01998151,12.004346,11.998929262161255,12.016429662704468,0.01998151,3971200.0,3971200.0,3971200.0,0.0
1241,0.0,0.0,0.0,0.0,2.0,2.0,2.0,0.0,0.29305354,0.28739479184150696,0.3025869056582451,0.01207159,0.29305387,0.2873951271176338,0.30258726328611374,0.0120715955,1.0242529,1.0074555277824402,1.0336293876171112,0.021703446,0.09467564,0.09257154166698456,0.09829816594719887,0.004646887,0.09467564,0.09257154166698456,0.09829816594719887,0.004646887,1.0,1.0,1.0,0.0,3.4927925e-07,3.4237254453728383e-07,3.6159445215844244e-07,1.4925718e-08,3.6906274e-06,3.656957574094122e-06,3.7052730021969182e-06,5.5630213e-08,-27.36425,-27.4789137840271,-27.193758010864258,0.33236462,2.2534015,2.216446340084076,2.2740299701690674,0.047748543,0.75113386,0.7388154715299606,0.7580099999904633,0.015916185,0.158,0.1340000070631504,0.18000001087784767,0.03361818,0.0,0.0,0.0,0.0,0.15724058,0.14168277382850647,0.16990314796566963,0.022684904,12.004346,11.998929262161255,12.016429662704468,0.01998151,12.014346,12.00892949104309,12.026429891586304,0.01998151,3974400.0,3974400.0,3974400.0,0.0
1242,0.0,0.0,0.0,0.0,2.0,2.0,2.0,0.0,0.29305387,0.2873951271176338,0.30258726328611374,0.0120715955,0.29305425,0.28739548474550247,0.3025875762104988,0.012071595,1.0046713,0.9750149846076965,1.0198690593242645,0.031964406,0.099171884,0.09552818723022938,0.10592182911932468,0.007116267,0.099171884,0.09552818723022938,0.10592182911932468,0.007116267,1.0,1.0,1.0,0.0,3.6321134e-07,3.5065588832594585e-07,3.8619254638661005e-07,2.5740976e-08,3.6630502e-06,3.6296340226726898e-06,3.6775859371118713e-06,5.5214624e-08,-27.085764,-27.40088939666748,-26.670278549194336,0.7219169,2.2103212,2.145075798034668,2.2437567710876465,0.07032312,0.7367737,0.7150252759456635,0.7479189485311508,0.023441046,0.15533334,0.13600000739097595,0.18400001525878906,0.03469696,0.0006666667,0.0,0.0,0.0023094013,0.15786858,0.14398175477981567,0.17261601984500885,0.022153208,12.014346,12.00892949104309,12.026429891586304,0.01998151,12.024346,12.018929719924927,12.03643012046814,0.01998151,3977600.0,3977600.0,3977600.0,0.0
1243,0.0,0.0,0.0,0.0,2.0,2.0,2.0,0.0,0.29305425,0.28739548474550247,0.3025875762104988,0.012071595,0.29305455,0.28739581257104874,0.3025879040360451,0.012071662,1.0388303,1.0228912234306335,1.0603457689285278,0.04792679,0.08546855,0.087099589407444,0.09487199038267136,0.028504578,0.091965705,0.087099589407444,0.09487199038267136,0.010368151,0.9166667,1.0,1.0,0.28867513,3.098336e-07,3.137190560664749e-07,3.4400898840658556e-07,1.03126546e-07,3.6356798e-06,3.6025111285198363e-06,3.6501074873740436e-06,5.4803028e-08,-27.43289,-28.088536262512207,-26.72781276702881,1.0484269,2.2854722,2.2504056692123413,2.332807242870331,0.10544107,0.76182413,0.7501352578401566,0.7776024490594864,0.03514703,0.12866668,0.11600000411272049,0.15400001034140587,0.040999632,0.0,0.0,0.0,0.0,0.1599239,0.1486821360886097,0.16871627047657967,0.018548882,12.024346,12.018929719924927,12.03643012046814,0.01998151,12.034347,12.028929948806763,12.046430349349976,0.01998151,3980800.0,3980800.0,3980800.0,0.0
1244,0.0,0.0,0.0,0.0,2.0,2.0,2.0,0.0,0.29305455,0.28739581257104874,0.3025879040360451,0.012071662,0.2930549,0.2873961701989174,0.3025882691144943,0.012071658,1.0113935,0.9997577965259552,1.0213811099529266,0.028164124,0.097599715,0.0951978974044323,0.10006329976022243,0.0063931923,0.097599715,0.0951978974044323,0.10006329976022243,0.0063931923,1.0,1.0,1.0,0.0,3.521203e-07,3.440799858367427e-07,3.6796349434098374e-07,2.2226212e-08,3.6085132e-06,3.575593609639327e-06,3.622835208716424e-06,5.439283e-08,-27.15331,-27.470348834991455,-27.068469524383545,0.54925174,2.2251103,2.199511170387268,2.247083306312561,0.06196228,0.74170345,0.7331703901290894,0.7490278035402298,0.020654088,0.15933333,0.1340000070631504,0.17600001394748688,0.029632088,0.0,0.0,0.0,0.0,0.1492971,0.13951485604047775,0.1591225117444992,0.016584562,12.034347,12.028929948806763,12.046430349349976,0.01998151,12.044347,12.038930177688599,12.056430578231812,0.01998151,3984000.0,3984000.0,3984000.0,0.0
1245,0.0,0.0,0.0,0.0,2.0,2.0,2.0,0.0,0.2930549,0.2873961701989174,0.3025882691144943,0.012071658,0.29305527,0.28739655017852783,0.3025885969400406,0.01207166,1.0036808,0.9743398576974869,1.031148999929428,0.033836726,0.099434786,0.09307979047298431,0.10608875565230846,0.007854388,0.099434786,0.09307979047298431,0.10608875565230846,0.007854388,1.0,1.0,1.0,0.0,3.5610228e-07,3.29845015301089e-07,3.796856375970492e-07,2.8021958e-08,3.5815503e-06,3.5488757816892758e-06,3.5957629052063567e-06,5.398603e-08,-27.019518,-27.43989324569702,-26.68429946899414,0.9487695,2.208142,2.1435904502868652,2.2685731649398804,0.07444229,0.7360473,0.7145301699638367,0.7561910599470139,0.0248141,0.17400001,0.1680000126361847,0.1860000118613243,0.020217003,0.0,0.0,0.0,0.0,0.15213507,0.1443197950720787,0.16188306733965874,0.011533911,12.044347,12.038930177688599,12.056430578231812,0.01998151,12.054347,12.048930406570435,12.066430807113647,0.01998151,3987200.0,3987200.0,3987200.0,0.0
1246,0.0,0.0,0.0,0.0,2.0,2.0,2.0,0.0,0.29305527,0.28739655017852783,0.3025885969400406,0.01207166,0.2930556,0.2873969003558159,0.30258868634700775,0.012071641,1.0040153,0.9843041300773621,1.0028767436742783,0.039917964,0.093018435,0.09935448691248894,0.10368824005126953,0.029660562,0.099443756,0.09935448691248894,0.10368824005126953,0.008435131,0.9166667,1.0,1.0,0.28867513,3.3090797e-07,3.5553453159309356e-07,3.6952888393670946e-07,1.0523266e-07,3.5547885e-06,3.522359861563018e-06,3.5688942716660677e-06,5.3582713e-08,-26.80361,-27.126744747161865,-26.275251865386963,0.72410434,2.2088778,2.1655123829841614,2.206372857093811,0.087821245,0.7362926,0.7218374609947205,0.735457643866539,0.029273748,0.16533335,0.14400000870227814,0.17600001022219658,0.025603028,0.0,0.0,0.0,0.0,0.15147431,0.13878827542066574,0.16442487016320229,0.019771434,12.054347,12.048930406570435,12.066430807113647,0.01998151,12.064347,12.05893063545227,12.076431035995483,0.01998151,3990400.0,3990400.0,3990400.0,0.0
1247,0.0,0.0,0.0,0.0,2.0,2.0,2.0,0.0,0.2930556,0.2873969003558159,0.30258868634700775,0.012071641,0.29305592,0.28739721328020096,0.3025890439748764,0.012071646,1.0127152,0.998240202665329,1.0302926003932953,0.027108956,0.097287826,0.09326959773898125,0.10041699558496475,0.0060535823,0.097287826,0.09326959773898125,0.10041699558496475,0.0060535823,1.0,1.0,1.0,0.0,3.4321036e-07,3.322636317193428e-07,3.520668130363447e-07,2.120529e-08,3.5282271e-06,3.4960387438331963e-06,3.5422281712271797e-06,5.318316e-08,-27.008553,-27.205727100372314,-26.57750940322876,0.5892598,2.228018,2.1961722373962402,2.2666889429092407,0.059640903,0.7426727,0.7320574522018433,0.7555629909038544,0.019880295,0.14400001,0.12000000476837158,0.15800001099705696,0.033422913,0.0,0.0,0.0,0.0,0.15272379,0.14219683781266212,0.16238653287291527,0.01775626,12.064347,12.05893063545227,12.076431035995483,0.01998151,12.0743475,12.068930864334106,12.08643126487732,0.01998151,3993600.0,3993600.0,3993600.0,0.0
1248,0.0,0.0,0.0,0.0,2.0,2.0,2.0,0.0,0.29305592,0.28739721328020096,0.3025890439748764,0.012071646,0.29305628,0.2873975485563278,0.3025893419981003,0.012071643,1.0158242,0.9891154617071152,1.0412977933883667,0.036804624,0.096738726,0.09093566983938217,0.10254802741110325,0.008161455,0.096738726,0.09093566983938217,0.10254802741110325,0.008161455,1.0,1.0,1.0,0.0,3.3875492e-07,3.2738511634988754e-07,3.5985076607403244e-07,2.8718903e-08,3.5018631e-06,3.469916748599644e-06,3.515761704875331e-06,5.27852e-08,-27.453636,-27.811660766601562,-27.186343669891357,0.78932816,2.2348578,2.1760974526405334,2.2909008264541626,0.0809718,0.7449526,0.7253658175468445,0.7636336386203766,0.026990607,0.1775,0.14499999210238457,0.19249999523162842,0.043090813,0.0008333333,0.0,0.0,0.0028867512,0.1536894,0.13574276491999626,0.16586794704198837,0.016815362,12.0743475,12.068930864334106,12.08643126487732,0.01998151,12.084348,12.078931093215942,12.096431493759155,0.01998151,3996800.0,3996800.0,3996800.0,0.0
1249,0.0,0.0,0.0,0.0,2.0,2.0,2.0,0.0,0.29305628,0.2873975485563278,0.3025893419981003,0.012071643,0.29305658,0.2873978763818741,0.30258967727422714,0.0120717045,1.0289521,1.0160342454910278,1.0486860275268555,0.04820814,0.08797396,0.08940132893621922,0.09637682139873505,0.028852766,0.09407732,0.08940132893621922,0.09637682139873505,0.010392109,0.9166667,1.0,1.0,0.28867513,3.0488187e-07,3.1151797230677403e-07,3.331311333454323e-07,9.944755e-08,3.475697e-06,3.4439880778336374e-06,3.4894899272330804e-06,5.239046e-08,-27.426172,-28.03403377532959,-26.63923931121826,0.8644999,2.2637398,2.235319972038269,2.3071552515029907,0.10606001,0.75458,0.7451066821813583,0.7690517902374268,0.03535334,0.15866667,0.14000000804662704,0.18400001525878906,0.0300948,0.0,0.0,0.0,0.0,0.15960816,0.13068704679608345,0.18560758233070374,0.034518775,12.084348,12.078931093215942,12.096431493759155,0.01998151,12.094348,12.088931322097778,12.106431722640991,0.01998151,4000000.0,4000000.0,4000000.0,0.0
