mechanism_tag,mechanism,alpha,seed,update,update_u,update_counter,energy_E_pre,energy_E_post,funding_z,funding_g,funding_g_raw,funding_cut_active,funding_income,funding_alpha_eff,episode_return_end_mean,terminal_min_dists_end_mean,terminal_dbar_end,terminal_occupied_end_mean,terminal_CSR_train,vartd_VarTD,depr_F,depr_F_post,env_steps
hardzero_plus_depr__c0p58__z1p00__lam0p010__nu0p50__psi1p00,hardzero_plus_depr,0.01,40,0,1.0,1,1.0,0.42000002,1.0384048,0.0,0.09153668,0.0,0.0,0.01,-27.009108,2.2845361,0.76151204,0.14,0.0,0.1360506,0.0,0.0,3200
hardzero_plus_depr__c0p58__z1p00__lam0p010__nu0p50__psi1p00,hardzero_plus_depr,0.01,40,1,0.0,1,0.42000002,0.42000002,1.0130329,0.0,0.097043626,0.0,0.0,0.01,-27.20836,2.2287169,0.7429056,0.18400002,0.0,0.14540449,0.0,0.01,6400
hardzero_plus_depr__c0p58__z1p00__lam0p010__nu0p50__psi1p00,hardzero_plus_depr,0.01,40,2,0.0,1,0.42000002,0.42000002,1.0256903,0.0,0.094256155,0.0,0.0,0.009900498,-27.97767,2.2565637,0.7521879,0.17600001,0.0,0.1601904,0.01,0.02,9600
hardzero_plus_depr__c0p58__z1p00__lam0p010__nu0p50__psi1p00,hardzero_plus_depr,0.01,40,3,0.0,1,0.42000002,0.42000002,1.0190952,0.0,0.09569844,0.0,0.0,0.009801987,-27.111416,2.2420542,0.7473514,0.14400001,0.0,0.13702832,0.02,0.03,12800
hardzero_plus_depr__c0p58__z1p00__lam0p010__nu0p50__psi1p00,hardzero_plus_depr,0.01,40,4,0.0,1,0.42000002,0.42000002,1.0324534,0.0,0.092799686,0.0,0.0,0.009704456,-26.730387,2.271443,0.75714767,0.104,0.0,0.14613195,0.03,0.04,16000
hardzero_plus_depr__c0p58__z1p00__lam0p010__nu0p50__psi1p00,hardzero_plus_depr,0.01,40,5,0.0,1,0.42000002,0.42000002,1.035862,0.0,0.09207421,0.0,0.0,0.009607894,-27.58127,2.2789419,0.7596473,0.192,0.0,0.16662627,0.04,0.049999997,19200
hardzero_plus_depr__c0p58__z1p00__lam0p010__nu0p50__psi1p00,hardzero_plus_depr,0.01,40,6,0.0,1,0.42000002,0.42000002,1.0355352,0.0,0.09214351,0.0,0.0,0.009512294,-27.202803,2.278223,0.7594077,0.16000001,0.0,0.15380596,0.049999997,0.059999995,22400
hardzero_plus_depr__c0p58__z1p00__lam0p010__nu0p50__psi1p00,hardzero_plus_depr,0.01,40,7,0.0,1,0.42000002,0.42000002,1.0396727,0.0,0.09126983,0.0,0.0,0.009417646,-26.882572,2.2873256,0.7624419,0.18400002,0.0,0.15167265,0.059999995,0.06999999,25600
hardzero_plus_depr__c0p58__z1p00__lam0p010__nu0p50__psi1p00,hardzero_plus_depr,0.01,40,8,0.0,1,0.42000002,0.42000002,1.069803,0.0,0.085152425,0.0,0.0,0.009323938,-26.897873,2.3536136,0.7845379,0.136,0.0,0.16542348,0.06999999,0.07999999,28800
hardzero_plus_depr__c0p58__z1p00__lam0p010__nu0p50__psi1p00,hardzero_plus_depr,0.01,40,9,0.0,1,0.42000002,0.42000002,1.007592,0.0,0.09826708,0.0,0.0,0.009231163,-26.411423,2.2167466,0.73891556,0.16000001,0.0,0.15798897,0.07999999,0.08999999,32000
hardzero_plus_depr__c0p58__z1p00__lam0p010__nu0p50__psi1p00,hardzero_plus_depr,0.01,40,10,0.0,1,0.42000002,0.42000002,1.0548267,0.0,0.088140056,0.0,0.0,0.009139312,-27.555937,2.3206651,0.77355504,0.128,0.0,0.15782511,0.08999999,0.09999999,35200
hardzero_plus_depr__c0p58__z1p00__lam0p010__nu0p50__psi1p00,hardzero_plus_depr,0.01,40,11,0.0,1,0.42000002,0.42000002,1.0319643,0.0,0.09290427,0.0,0.0,0.009048374,-26.70791,2.270367,0.75678897,0.14400001,0.0,0.16121104,0.09999999,0.109999985,38400
hardzero_plus_depr__c0p58__z1p00__lam0p010__nu0p50__psi1p00,hardzero_plus_depr,0.01,40,12,0.0,1,0.42000002,0.42000002,1.0430465,0.0,0.090563565,0.0,0.0,0.008958342,-27.72838,2.294748,0.76491606,0.16000001,0.0,0.16626732,0.109999985,0.11999998,41600
hardzero_plus_depr__c0p58__z1p00__lam0p010__nu0p50__psi1p00,hardzero_plus_depr,0.01,40,13,0.0,1,0.42000002,0.42093366,0.97770095,0.10526863,0.10526863,1.0,0.000933649,0.008869205,-26.326015,2.150985,0.716995,0.099999994,0.0,0.15204346,0.11999998,0.12999998,44800
hardzero_plus_depr__c0p58__z1p00__lam0p010__nu0p50__psi1p00,hardzero_plus_depr,0.01,40,14,0.0,1,0.42093366,0.42093366,1.0553068,0.0,0.08804266,0.0,0.0,0.008780954,-28.568493,2.3217213,0.7739071,0.104,0.0,0.15134194,0.12999998,0.13999999,48000
hardzero_plus_depr__c0p58__z1p00__lam0p010__nu0p50__psi1p00,hardzero_plus_depr,0.01,40,15,0.0,1,0.42093366,0.42187595,0.965017,0.10838845,0.10838845,1.0,0.00094228395,0.008693582,-26.04179,2.1230798,0.7076933,0.208,0.0,0.14232512,0.13999999,0.14999999,51200
hardzero_plus_depr__c0p58__z1p00__lam0p010__nu0p50__psi1p00,hardzero_plus_depr,0.01,40,16,0.0,1,0.42187595,0.42187595,1.0446703,0.0,0.09022556,0.0,0.0,0.008607079,-27.539032,2.2983208,0.76610696,0.14400001,0.0,0.16771589,0.14999999,0.16,54400
hardzero_plus_depr__c0p58__z1p00__lam0p010__nu0p50__psi1p00,hardzero_plus_depr,0.01,40,17,0.0,1,0.42187595,0.42187595,1.0243266,0.0,0.09455258,0.0,0.0,0.008521438,-26.906958,2.2535634,0.7511878,0.17600001,0.0,0.1491034,0.16,0.17,57600
hardzero_plus_depr__c0p58__z1p00__lam0p010__nu0p50__psi1p00,hardzero_plus_depr,0.01,40,18,0.0,1,0.42187595,0.42187595,1.0486385,0.0,0.08940493,0.0,0.0,0.008436648,-27.7028,2.3070507,0.7690169,0.104,0.0,0.14380911,0.17,0.18,60800
hardzero_plus_depr__c0p58__z1p00__lam0p010__nu0p50__psi1p00,hardzero_plus_depr,0.01,40,19,0.0,1,0.42187595,0.42187595,1.0383365,0.0,0.09155108,0.0,0.0,0.0083527025,-26.548635,2.284386,0.761462,0.14400001,0.0,0.12703446,0.18,0.19000001,64000
hardzero_plus_depr__c0p58__z1p00__lam0p010__nu0p50__psi1p00,hardzero_plus_depr,0.01,40,20,0.0,1,0.42187595,0.42187595,1.016416,0.0,0.09629063,0.0,0.0,0.008269591,-27.123865,2.2361598,0.7453866,0.128,0.0,0.14004433,0.19000001,0.20000002,67200
hardzero_plus_depr__c0p58__z1p00__lam0p010__nu0p50__psi1p00,hardzero_plus_depr,0.01,40,21,0.0,1,0.42187595,0.42187595,1.0347552,0.0,0.09230915,0.0,0.0,0.008187308,-27.683071,2.276507,0.7588357,0.17600001,0.0,0.15303047,0.20000002,0.21000002,70400
hardzero_plus_depr__c0p58__z1p00__lam0p010__nu0p50__psi1p00,hardzero_plus_depr,0.01,40,22,0.0,1,0.42187595,0.42270505,0.99019027,0.10228447,0.10228447,1.0,0.0008291018,0.008105842,-25.836634,2.178462,0.726154,0.128,0.0,0.1297257,0.21000002,0.22000003,73600
hardzero_plus_depr__c0p58__z1p00__lam0p010__nu0p50__psi1p00,hardzero_plus_depr,0.01,40,23,0.0,1,0.42270505,0.42270505,1.0164198,0.0,0.096289776,0.0,0.0,0.008025188,-27.557991,2.2361681,0.7453894,0.17600001,0.0,0.14270394,0.22000003,0.23000003,76800
hardzero_plus_depr__c0p58__z1p00__lam0p010__nu0p50__psi1p00,hardzero_plus_depr,0.01,40,24,0.0,1,0.42270505,0.42270505,1.0427599,0.0,0.09062334,0.0,0.0,0.0079453355,-27.402317,2.2941177,0.7647059,0.16800001,0.0,0.16277726,0.23000003,0.24000004,80000
hardzero_plus_depr__c0p58__z1p00__lam0p010__nu0p50__psi1p00,hardzero_plus_depr,0.01,40,25,0.0,1,0.42270505,0.42270505,1.0262883,0.0,0.09412646,0.0,0.0,0.007866278,-26.852139,2.2578793,0.7526264,0.120000005,0.0,0.1406068,0.24000004,0.25000003,83200
hardzero_plus_depr__c0p58__z1p00__lam0p010__nu0p50__psi1p00,hardzero_plus_depr,0.01,40,26,0.0,1,0.42270505,0.42270505,1.0504218,0.0,0.089038566,0.0,0.0,0.0077880076,-27.152145,2.3109741,0.7703247,0.14,0.0,0.15330423,0.25000003,0.26000002,86400
hardzero_plus_depr__c0p58__z1p00__lam0p010__nu0p50__psi1p00,hardzero_plus_depr,0.01,40,27,0.0,1,0.42270505,0.42270505,1.0202734,0.0,0.095439136,0.0,0.0,0.0077105155,-26.478596,2.2446463,0.74821544,0.16800001,0.0,0.16232951,0.26000002,0.27,89600
hardzero_plus_depr__c0p58__z1p00__lam0p010__nu0p50__psi1p00,hardzero_plus_depr,0.01,40,28,0.0,1,0.42270505,0.42270505,1.0693902,0.0,0.08523341,0.0,0.0,0.007633795,-27.937752,2.3527055,0.7842352,0.208,0.0,0.17509156,0.27,0.28,92800
hardzero_plus_depr__c0p58__z1p00__lam0p010__nu0p50__psi1p00,hardzero_plus_depr,0.01,40,29,0.0,1,0.42270505,0.42270505,1.0329872,0.0,0.09268571,0.0,0.0,0.0075578373,-27.144608,2.2726173,0.75753915,0.16800001,0.0,0.15612596,0.28,0.29,96000
hardzero_plus_depr__c0p58__z1p00__lam0p010__nu0p50__psi1p00,hardzero_plus_depr,0.01,40,30,0.0,1,0.42270505,0.42270505,1.003253,0.0,0.09925378,0.0,0.0,0.007482636,-27.548897,2.2072008,0.7357336,0.192,0.0,0.16067806,0.29,0.29999998,99200
hardzero_plus_depr__c0p58__z1p00__lam0p010__nu0p50__psi1p00,hardzero_plus_depr,0.01,40,31,0.0,1,0.42270505,0.42270505,1.0723165,0.0,0.08466102,0.0,0.0,0.0074081817,-27.902832,2.3591435,0.7863812,0.112,0.0,0.15695505,0.29999998,0.30999997,102400
hardzero_plus_depr__c0p58__z1p00__lam0p010__nu0p50__psi1p00,hardzero_plus_depr,0.01,40,32,0.0,1,0.42270505,0.42270505,1.0495602,0.0,0.08921539,0.0,0.0,0.00733447,-27.406992,2.3090785,0.76969284,0.18400002,0.0,0.13817437,0.30999997,0.31999996,105600
hardzero_plus_depr__c0p58__z1p00__lam0p010__nu0p50__psi1p00,hardzero_plus_depr,0.01,40,33,0.0,1,0.42270505,0.42270505,1.0349936,0.0,0.092258476,0.0,0.0,0.0072614904,-27.173307,2.2770314,0.7590105,0.18400002,0.0,0.15484893,0.31999996,0.32999995,108800
hardzero_plus_depr__c0p58__z1p00__lam0p010__nu0p50__psi1p00,hardzero_plus_depr,0.01,40,34,0.0,1,0.42270505,0.42270505,1.1392622,0.0,0.07256678,0.0,0.0,0.007189238,-29.163118,2.5064268,0.8354756,0.104,0.0,0.17203775,0.32999995,0.33999994,112000
hardzero_plus_depr__c0p58__z1p00__lam0p010__nu0p50__psi1p00,hardzero_plus_depr,0.01,40,35,0.0,1,0.42270505,0.42270505,1.0494748,0.0,0.08923294,0.0,0.0,0.0071177036,-28.028708,2.3088908,0.7696303,0.120000005,0.0,0.14099778,0.33999994,0.34999993,115200
hardzero_plus_depr__c0p58__z1p00__lam0p010__nu0p50__psi1p00,hardzero_plus_depr,0.01,40,36,0.0,1,0.42270505,0.42270505,1.0409257,0.0,0.09100689,0.0,0.0,0.007046881,-28.009903,2.2900825,0.76336086,0.15200001,0.0,0.1686946,0.34999993,0.35999992,118400
hardzero_plus_depr__c0p58__z1p00__lam0p010__nu0p50__psi1p00,hardzero_plus_depr,0.01,40,37,0.0,1,0.42270505,0.42270505,1.0487487,0.0,0.08938224,0.0,0.0,0.0069767633,-27.33123,2.3072932,0.76909775,0.096,0.0,0.122649975,0.35999992,0.36999992,121600
hardzero_plus_depr__c0p58__z1p00__lam0p010__nu0p50__psi1p00,hardzero_plus_depr,0.01,40,38,0.0,1,0.42270505,0.42270505,1.1025505,0.0,0.078967705,0.0,0.0,0.0069073443,-29.326271,2.4256597,0.8085532,0.15200001,0.0,0.18271635,0.36999992,0.3799999,124800
hardzero_plus_depr__c0p58__z1p00__lam0p010__nu0p50__psi1p00,hardzero_plus_depr,0.01,40,39,0.0,1,0.42270505,0.42270505,1.0502433,0.0,0.0890752,0.0,0.0,0.0068386146,-27.237549,2.3105812,0.77019376,0.19999999,0.0,0.13379131,0.3799999,0.3899999,128000
hardzero_plus_depr__c0p58__z1p00__lam0p010__nu0p50__psi1p00,hardzero_plus_depr,0.01,40,40,0.0,1,0.42270505,0.42270505,1.0512238,0.0,0.0888743,0.0,0.0,0.0067705694,-26.71347,2.3127384,0.7709128,0.136,0.0,0.15097451,0.3899999,0.3999999,131200
hardzero_plus_depr__c0p58__z1p00__lam0p010__nu0p50__psi1p00,hardzero_plus_depr,0.01,40,41,0.0,1,0.42270505,0.42270505,1.0214362,0.0,0.095183976,0.0,0.0,0.006703201,-26.076708,2.2472045,0.7490682,0.17600001,0.0,0.12452782,0.3999999,0.40999988,134400
hardzero_plus_depr__c0p58__z1p00__lam0p010__nu0p50__psi1p00,hardzero_plus_depr,0.01,40,42,0.0,1,0.42270505,0.42270505,1.0557609,0.0,0.08795067,0.0,0.0,0.006636503,-27.688648,2.3227203,0.77424014,0.112,0.0,0.14241366,0.40999988,0.41999987,137600
hardzero_plus_depr__c0p58__z1p00__lam0p010__nu0p50__psi1p00,hardzero_plus_depr,0.01,40,43,0.0,1,0.42270505,0.42270505,1.0181843,0.0,0.09589936,0.0,0.0,0.006570469,-27.072638,2.2400503,0.7466835,0.136,0.0,0.1362704,0.41999987,0.42999986,140800
hardzero_plus_depr__c0p58__z1p00__lam0p010__nu0p50__psi1p00,hardzero_plus_depr,0.01,40,44,0.0,1,0.42270505,0.42270505,1.054808,0.0,0.08814383,0.0,0.0,0.0065050917,-27.222723,2.3206239,0.77354133,0.18400002,0.0,0.14061849,0.42999986,0.43999985,144000
hardzero_plus_depr__c0p58__z1p00__lam0p010__nu0p50__psi1p00,hardzero_plus_depr,0.01,40,45,0.0,1,0.42270505,0.42270505,1.0234511,0.0,0.09474337,0.0,0.0,0.006440365,-28.070747,2.2516375,0.75054586,0.112,0.0,0.17363068,0.43999985,0.44999984,147200
hardzero_plus_depr__c0p58__z1p00__lam0p010__nu0p50__psi1p00,hardzero_plus_depr,0.01,40,46,0.0,1,0.42270505,0.42270505,1.0234798,0.0,0.09473712,0.0,0.0,0.0063762823,-27.534883,2.2517006,0.7505669,0.192,0.0,0.1378901,0.44999984,0.45999983,150400
hardzero_plus_depr__c0p58__z1p00__lam0p010__nu0p50__psi1p00,hardzero_plus_depr,0.01,40,47,0.0,1,0.42270505,0.42270505,1.1246983,0.0,0.07504153,0.0,0.0,0.0063128374,-29.310036,2.4743855,0.8247952,0.080000006,0.0,0.15932679,0.45999983,0.46999982,153600
hardzero_plus_depr__c0p58__z1p00__lam0p010__nu0p50__psi1p00,hardzero_plus_depr,0.01,40,48,0.0,1,0.42270505,0.42270505,1.0348914,0.0,0.09228022,0.0,0.0,0.006250024,-27.573338,2.2768066,0.7589356,0.096,0.0,0.14311859,0.46999982,0.4799998,156800
hardzero_plus_depr__c0p58__z1p00__lam0p010__nu0p50__psi1p00,hardzero_plus_depr,0.01,40,49,0.0,1,0.42270505,0.42270505,1.0766797,0.0,0.08381471,0.0,0.0,0.006187835,-28.536507,2.3687427,0.78958094,0.15200001,0.0,0.17969213,0.4799998,0.4899998,160000
hardzero_plus_depr__c0p58__z1p00__lam0p010__nu0p50__psi1p00,hardzero_plus_depr,0.01,40,50,0.0,1,0.42270505,0.42270505,1.0317975,0.0,0.09293996,0.0,0.0,0.0061262655,-26.663708,2.27,0.75666666,0.192,0.0,0.15792234,0.4899998,0.4999998,163200
hardzero_plus_depr__c0p58__z1p00__lam0p010__nu0p50__psi1p00,hardzero_plus_depr,0.01,40,51,0.0,1,0.42270505,0.42270505,1.1011891,0.0,0.079215616,0.0,0.0,0.0060653077,-28.78254,2.4226644,0.80755484,0.14400001,0.0,0.1746451,0.4999998,0.5099998,166400
hardzero_plus_depr__c0p58__z1p00__lam0p010__nu0p50__psi1p00,hardzero_plus_depr,0.01,40,52,0.0,1,0.42270505,0.42331773,0.9912783,0.10202854,0.10202854,1.0,0.000612677,0.006004957,-27.513235,2.1808558,0.72695196,0.17,0.0,0.14339803,0.5099998,0.5199998,169600
hardzero_plus_depr__c0p58__z1p00__lam0p010__nu0p50__psi1p00,hardzero_plus_depr,0.01,40,53,0.0,1,0.42331773,0.42392957,0.9875327,0.1029123,0.1029123,1.0,0.00061183487,0.0059452066,-26.451977,2.1726153,0.72420514,0.16800001,0.0,0.14731316,0.5199998,0.5299998,172800
hardzero_plus_depr__c0p58__z1p00__lam0p010__nu0p50__psi1p00,hardzero_plus_depr,0.01,40,54,0.0,1,0.42392957,0.42392957,1.0607466,0.0,0.08694675,0.0,0.0,0.005886051,-27.845549,2.333689,0.77789634,0.136,0.0,0.13578133,0.5299998,0.5399998,176000
hardzero_plus_depr__c0p58__z1p00__lam0p010__nu0p50__psi1p00,hardzero_plus_depr,0.01,40,55,0.0,1,0.42392957,0.42392957,1.0249054,0.0,0.094426654,0.0,0.0,0.0058274833,-27.329939,2.254837,0.75161237,0.208,0.0,0.16801496,0.5399998,0.5499998,179200
hardzero_plus_depr__c0p58__z1p00__lam0p010__nu0p50__psi1p00,hardzero_plus_depr,0.01,40,56,0.0,1,0.42392957,0.42451698,0.9922029,0.10181157,0.10181157,1.0,0.00058740185,0.0057694996,-27.246971,2.18289,0.72763,0.192,0.0,0.16532688,0.5499998,0.55999976,182400
hardzero_plus_depr__c0p58__z1p00__lam0p010__nu0p50__psi1p00,hardzero_plus_depr,0.01,40,57,0.0,1,0.42451698,0.42451698,1.0209062,0.0,0.09530018,0.0,0.0,0.005712092,-27.205141,2.2460384,0.7486795,0.128,0.0,0.14125602,0.55999976,0.56999975,185600
hardzero_plus_depr__c0p58__z1p00__lam0p010__nu0p50__psi1p00,hardzero_plus_depr,0.01,40,58,0.0,1,0.42451698,0.42451698,1.0487331,0.0,0.08938546,0.0,0.0,0.0056552556,-26.53289,2.3072588,0.7690863,0.104,0.0,0.15692613,0.56999975,0.57999974,188800
hardzero_plus_depr__c0p58__z1p00__lam0p010__nu0p50__psi1p00,hardzero_plus_depr,0.01,40,59,0.0,1,0.42451698,0.42451698,1.025523,0.0,0.09429248,0.0,0.0,0.0055989847,-27.18218,2.2561955,0.7520652,0.136,0.0,0.13585997,0.57999974,0.58999974,192000
hardzero_plus_depr__c0p58__z1p00__lam0p010__nu0p50__psi1p00,hardzero_plus_depr,0.01,40,60,0.0,1,0.42451698,0.42451698,1.0460411,0.0,0.08994125,0.0,0.0,0.0055432743,-27.546238,2.3013365,0.7671122,0.120000005,0.0,0.13370806,0.58999974,0.5999997,195200
hardzero_plus_depr__c0p58__z1p00__lam0p010__nu0p50__psi1p00,hardzero_plus_depr,0.01,40,61,0.0,1,0.42451698,0.42451698,1.0189501,0.0,0.09573041,0.0,0.0,0.0054881177,-27.135103,2.241735,0.747245,0.2,0.0,0.14494295,0.5999997,0.6099997,198400
hardzero_plus_depr__c0p58__z1p00__lam0p010__nu0p50__psi1p00,hardzero_plus_depr,0.01,40,62,0.0,1,0.42451698,0.42451698,1.0179226,0.0,0.09595716,0.0,0.0,0.0054335105,-26.792376,2.2394745,0.74649155,0.17600001,0.0,0.14679837,0.6099997,0.6199997,201600
hardzero_plus_depr__c0p58__z1p00__lam0p010__nu0p50__psi1p00,hardzero_plus_depr,0.01,40,63,0.0,1,0.42451698,0.42451698,1.1145971,0.0,0.07680737,0.0,0.0,0.005379446,-28.987738,2.4521625,0.8173875,0.104,0.0,0.16708745,0.6199997,0.6299997,204800
hardzero_plus_depr__c0p58__z1p00__lam0p010__nu0p50__psi1p00,hardzero_plus_depr,0.01,40,64,0.0,1,0.42451698,0.42451698,1.00168,0.0,0.099613905,0.0,0.0,0.00532592,-26.792044,2.2037401,0.73458004,0.08800001,0.0,0.14905009,0.6299997,0.6399997,208000
hardzero_plus_depr__c0p58__z1p00__lam0p010__nu0p50__psi1p00,hardzero_plus_depr,0.01,40,65,0.0,1,0.42451698,0.42451698,1.0390098,0.0,0.09140925,0.0,0.0,0.005272926,-26.497726,2.2858672,0.76195574,0.17,0.0,0.13471125,0.6399997,0.6499997,211200
hardzero_plus_depr__c0p58__z1p00__lam0p010__nu0p50__psi1p00,hardzero_plus_depr,0.01,40,66,0.0,1,0.42451698,0.42451698,1.0086913,0.0,0.09801865,0.0,0.0,0.005220459,-27.800283,2.2191653,0.7397218,0.136,0.0,0.17173043,0.6499997,0.65999967,214400
hardzero_plus_depr__c0p58__z1p00__lam0p010__nu0p50__psi1p00,hardzero_plus_depr,0.01,40,67,0.0,1,0.42451698,0.42451698,1.029671,0.0,0.09339617,0.0,0.0,0.005168515,-27.599209,2.2653213,0.7551071,0.216,0.0,0.13966285,0.65999967,0.66999966,217600
hardzero_plus_depr__c0p58__z1p00__lam0p010__nu0p50__psi1p00,hardzero_plus_depr,0.01,40,68,0.0,1,0.42451698,0.42451698,1.0273943,0.0,0.09388705,0.0,0.0,0.0051170876,-27.006496,2.2603126,0.7534375,0.120000005,0.0,0.11616688,0.66999966,0.67999965,220800
hardzero_plus_depr__c0p58__z1p00__lam0p010__nu0p50__psi1p00,hardzero_plus_depr,0.01,40,69,0.0,1,0.42451698,0.4250471,0.98029155,0.10464258,0.10464258,1.0,0.0005301373,0.0050661718,-25.89383,2.1566844,0.71889484,0.17600001,0.0,0.1256397,0.67999965,0.68999964,224000
hardzero_plus_depr__c0p58__z1p00__lam0p010__nu0p50__psi1p00,hardzero_plus_depr,0.01,40,70,0.0,1,0.4250471,0.4250471,1.0292786,0.0,0.09348056,0.0,0.0,0.0050157625,-26.544022,2.2644582,0.7548194,0.17600001,0.0,0.15363117,0.68999964,0.69999963,227200
hardzero_plus_depr__c0p58__z1p00__lam0p010__nu0p50__psi1p00,hardzero_plus_depr,0.01,40,71,0.0,1,0.4250471,0.4250471,1.0199676,0.0,0.09550638,0.0,0.0,0.004965855,-27.262403,2.2439735,0.7479912,0.136,0.0,0.1516934,0.69999963,0.7099996,230400
hardzero_plus_depr__c0p58__z1p00__lam0p010__nu0p50__psi1p00,hardzero_plus_depr,0.01,40,72,0.0,1,0.4250471,0.4250471,1.0135481,0.0,0.09692859,0.0,0.0,0.0049164435,-26.570744,2.2298503,0.74328345,0.15200001,0.008,0.1472113,0.7099996,0.7199996,233600
hardzero_plus_depr__c0p58__z1p00__lam0p010__nu0p50__psi1p00,hardzero_plus_depr,0.01,40,73,0.0,1,0.4250471,0.4250471,1.0162228,0.0,0.09633345,0.0,0.0,0.004867524,-27.666212,2.235735,0.745245,0.23200001,0.0,0.15727215,0.7199996,0.7299996,236800
hardzero_plus_depr__c0p58__z1p00__lam0p010__nu0p50__psi1p00,hardzero_plus_depr,0.01,40,74,0.0,1,0.4250471,0.4250471,1.0028701,0.0,0.09934131,0.0,0.0,0.004819092,-26.543467,2.2063582,0.7354528,0.17600001,0.0,0.14037451,0.7299996,0.7399996,240000
hardzero_plus_depr__c0p58__z1p00__lam0p010__nu0p50__psi1p00,hardzero_plus_depr,0.01,40,75,0.0,1,0.4250471,0.4250471,1.0034454,0.0,0.09920979,0.0,0.0,0.004771141,-26.509098,2.207624,0.73587465,0.17600001,0.0,0.17658034,0.7399996,0.7499996,243200
hardzero_plus_depr__c0p58__z1p00__lam0p010__nu0p50__psi1p00,hardzero_plus_depr,0.01,40,76,0.0,1,0.4250471,0.42552477,0.99514914,0.1011232,0.1011232,1.0,0.00047767238,0.0047236676,-26.189169,2.1893718,0.7297906,0.18400002,0.0,0.16116601,0.7499996,0.7599996,246400
hardzero_plus_depr__c0p58__z1p00__lam0p010__nu0p50__psi1p00,hardzero_plus_depr,0.01,40,77,0.0,1,0.42552477,0.42552477,1.0585284,0.0,0.08739198,0.0,0.0,0.0046766666,-26.963833,2.328809,0.7762697,0.16800001,0.0,0.13361783,0.7599996,0.76999956,249600
hardzero_plus_depr__c0p58__z1p00__lam0p010__nu0p50__psi1p00,hardzero_plus_depr,0.01,40,78,0.0,1,0.42552477,0.42552477,1.0765156,0.0,0.083846405,0.0,0.0,0.0046301326,-27.059513,2.3683815,0.78946054,0.13,0.0,0.15129368,0.76999956,0.77999955,252800
hardzero_plus_depr__c0p58__z1p00__lam0p010__nu0p50__psi1p00,hardzero_plus_depr,0.01,40,79,0.0,1,0.42552477,0.42552477,1.0360976,0.0,0.09202426,0.0,0.0,0.004584062,-27.35861,2.2794604,0.75982016,0.192,0.0,0.14659852,0.77999955,0.78999954,256000
hardzero_plus_depr__c0p58__z1p00__lam0p010__nu0p50__psi1p00,hardzero_plus_depr,0.01,40,80,0.0,1,0.42552477,0.4259878,0.99128306,0.10202742,0.10202742,1.0,0.00046304637,0.00453845,-26.440868,2.1808662,0.7269554,0.17600001,0.0,0.12121231,0.78999954,0.79999954,259200
hardzero_plus_depr__c0p58__z1p00__lam0p010__nu0p50__psi1p00,hardzero_plus_depr,0.01,40,81,0.0,1,0.4259878,0.4259878,1.0875748,0.0,0.08173822,0.0,0.0,0.0044932915,-27.836285,2.3927124,0.7975708,0.17600001,0.0,0.14902705,0.79999954,0.8099995,262400
hardzero_plus_depr__c0p58__z1p00__lam0p010__nu0p50__psi1p00,hardzero_plus_depr,0.01,40,82,0.0,1,0.4259878,0.4259878,1.0029358,0.0,0.09932629,0.0,0.0,0.004448583,-27.467571,2.2065027,0.73550093,0.112,0.0,0.15961297,0.8099995,0.8199995,265600
hardzero_plus_depr__c0p58__z1p00__lam0p010__nu0p50__psi1p00,hardzero_plus_depr,0.01,40,83,0.0,1,0.4259878,0.4259878,1.0677692,0.0,0.085552126,0.0,0.0,0.0044043185,-27.29554,2.349139,0.78304636,0.120000005,0.0,0.1428784,0.8199995,0.8299995,268800
hardzero_plus_depr__c0p58__z1p00__lam0p010__nu0p50__psi1p00,hardzero_plus_depr,0.01,40,84,0.0,1,0.4259878,0.42642656,0.9973151,0.100620136,0.100620136,1.0,0.0004387536,0.004360495,-26.007828,2.194137,0.73137903,0.136,0.0,0.11863393,0.8299995,0.8399995,272000
hardzero_plus_depr__c0p58__z1p00__lam0p010__nu0p50__psi1p00,hardzero_plus_depr,0.01,40,85,0.0,1,0.42642656,0.42642656,1.0578818,0.0,0.08752218,0.0,0.0,0.0043171076,-27.911161,2.3273864,0.77579546,0.128,0.0,0.15965445,0.8399995,0.8499995,275200
hardzero_plus_depr__c0p58__z1p00__lam0p010__nu0p50__psi1p00,hardzero_plus_depr,0.01,40,86,0.0,1,0.42642656,0.42642656,1.0360854,0.0,0.092026874,0.0,0.0,0.0042741513,-28.060215,2.2794333,0.7598111,0.120000005,0.0,0.15484804,0.8499995,0.8599995,278400
hardzero_plus_depr__c0p58__z1p00__lam0p010__nu0p50__psi1p00,hardzero_plus_depr,0.01,40,87,0.0,1,0.42642656,0.42686632,0.9832888,0.103922874,0.103922874,1.0,0.0004397624,0.004231623,-26.151897,2.1632786,0.7210929,0.14400001,0.0,0.13876262,0.8599995,0.86999947,281600
hardzero_plus_depr__c0p58__z1p00__lam0p010__nu0p50__psi1p00,hardzero_plus_depr,0.01,40,88,0.0,1,0.42686632,0.42686632,1.0209694,0.0,0.095286325,0.0,0.0,0.004189518,-27.00075,2.2461774,0.74872583,0.17600001,0.0,0.16032682,0.86999947,0.87999946,284800
hardzero_plus_depr__c0p58__z1p00__lam0p010__nu0p50__psi1p00,hardzero_plus_depr,0.01,40,89,0.0,1,0.42686632,0.42686632,1.0057132,0.0,0.09869309,0.0,0.0,0.0041478314,-27.069803,2.2126133,0.7375378,0.192,0.0,0.14976503,0.87999946,0.88999945,288000
hardzero_plus_depr__c0p58__z1p00__lam0p010__nu0p50__psi1p00,hardzero_plus_depr,0.01,40,90,0.0,1,0.42686632,0.42727762,0.99931186,0.10015858,0.10015858,1.0,0.0004113072,0.00410656,-27.116854,2.19853,0.73284334,0.16000001,0.0,0.12607458,0.88999945,0.89999944,291200
hardzero_plus_depr__c0p58__z1p00__lam0p010__nu0p50__psi1p00,hardzero_plus_depr,0.01,40,91,0.0,1,0.42727762,0.42727762,1.0184458,0.0,0.095841624,0.0,0.0,0.004065699,-26.825922,2.2406256,0.7468752,0.099999994,0.0,0.14539725,0.89999944,0.90999943,294400
hardzero_plus_depr__c0p58__z1p00__lam0p010__nu0p50__psi1p00,hardzero_plus_depr,0.01,40,92,0.0,1,0.42727762,0.42727762,1.0792966,0.0,0.0833112,0.0,0.0,0.0040252446,-27.163403,2.3744998,0.7915,0.14400001,0.0,0.15773065,0.90999943,0.9199994,297600
hardzero_plus_depr__c0p58__z1p00__lam0p010__nu0p50__psi1p00,hardzero_plus_depr,0.01,40,93,0.0,1,0.42727762,0.42727762,1.0252165,0.0,0.09435905,0.0,0.0,0.0039851926,-27.461187,2.2555213,0.7518405,0.16000001,0.0,0.16526133,0.9199994,0.9299994,300800
hardzero_plus_depr__c0p58__z1p00__lam0p010__nu0p50__psi1p00,hardzero_plus_depr,0.01,40,94,0.0,1,0.42727762,0.42727762,1.0189419,0.0,0.09573221,0.0,0.0,0.0039455397,-27.227581,2.2417169,0.747239,0.136,0.0,0.14659213,0.9299994,0.9399994,304000
hardzero_plus_depr__c0p58__z1p00__lam0p010__nu0p50__psi1p00,hardzero_plus_depr,0.01,40,95,0.0,1,0.42727762,0.42727762,1.0704389,0.0,0.085027836,0.0,0.0,0.0039062807,-27.717014,2.3550124,0.78500414,0.136,0.0,0.14727816,0.9399994,0.9499994,307200
hardzero_plus_depr__c0p58__z1p00__lam0p010__nu0p50__psi1p00,hardzero_plus_depr,0.01,40,96,0.0,1,0.42727762,0.42727762,1.0234987,0.0,0.09473301,0.0,0.0,0.0038674125,-26.918755,2.2517421,0.7505807,0.16000001,0.0,0.12489245,0.9499994,0.9599994,310400
hardzero_plus_depr__c0p58__z1p00__lam0p010__nu0p50__psi1p00,hardzero_plus_depr,0.01,40,97,0.0,1,0.42727762,0.42727762,1.0929986,0.0,0.08072375,0.0,0.0,0.0038289311,-28.388676,2.404645,0.80154836,0.136,0.0,0.16785711,0.9599994,0.9699994,313600
hardzero_plus_depr__c0p58__z1p00__lam0p010__nu0p50__psi1p00,hardzero_plus_depr,0.01,40,98,0.0,1,0.42727762,0.42727762,1.0118771,0.0,0.09730225,0.0,0.0,0.0037908326,-27.212557,2.2261739,0.742058,0.18400002,0.0,0.14622796,0.9699994,0.97999936,316800
hardzero_plus_depr__c0p58__z1p00__lam0p010__nu0p50__psi1p00,hardzero_plus_depr,0.01,40,99,0.0,1,0.42727762,0.42727762,1.0081981,0.0,0.098129995,0.0,0.0,0.0037531133,-26.418568,2.2180803,0.7393601,0.18400002,0.0,0.16623269,0.97999936,0.98999935,320000
hardzero_plus_depr__c0p58__z1p00__lam0p010__nu0p50__psi1p00,hardzero_plus_depr,0.01,40,100,0.0,1,0.42727762,0.42727762,1.009736,0.0,0.097783156,0.0,0.0,0.0037157696,-27.177177,2.2214634,0.7404878,0.17600001,0.0,0.14206858,0.98999935,0.99999934,323200
hardzero_plus_depr__c0p58__z1p00__lam0p010__nu0p50__psi1p00,hardzero_plus_depr,0.01,40,101,0.0,1,0.42727762,0.42766082,0.98227155,0.10416659,0.10416659,1.0,0.00038320775,0.003678797,-26.376057,2.1610405,0.72034687,0.17600001,0.0,0.14497353,0.99999934,1.0099994,326400
hardzero_plus_depr__c0p58__z1p00__lam0p010__nu0p50__psi1p00,hardzero_plus_depr,0.01,40,102,0.0,1,0.42766082,0.42766082,1.0663215,0.0,0.08583778,0.0,0.0,0.003642192,-28.517164,2.3459542,0.78198475,0.120000005,0.0,0.14283581,1.0099994,1.0199994,329600
hardzero_plus_depr__c0p58__z1p00__lam0p010__nu0p50__psi1p00,hardzero_plus_depr,0.01,40,103,0.0,1,0.42766082,0.42766082,1.0511408,0.0,0.088891275,0.0,0.0,0.0036059516,-26.981794,2.3125558,0.77085197,0.208,0.0,0.13416265,1.0199994,1.0299994,332800
hardzero_plus_depr__c0p58__z1p00__lam0p010__nu0p50__psi1p00,hardzero_plus_depr,0.01,40,104,0.0,1,0.42766082,0.42766082,1.0417343,0.0,0.090837605,0.0,0.0,0.003570072,-28.183624,2.2918613,0.7639538,0.17999999,0.0,0.14678568,1.0299994,1.0399994,336000
hardzero_plus_depr__c0p58__z1p00__lam0p010__nu0p50__psi1p00,hardzero_plus_depr,0.01,40,105,0.0,1,0.42766082,0.42766082,1.0576689,0.0,0.087565094,0.0,0.0,0.003534549,-27.276766,2.3269181,0.7756394,0.128,0.0,0.14516702,1.0399994,1.0499994,339200
hardzero_plus_depr__c0p58__z1p00__lam0p010__nu0p50__psi1p00,hardzero_plus_depr,0.01,40,106,0.0,1,0.42766082,0.42766082,1.0291505,0.0,0.093508154,0.0,0.0,0.0034993796,-27.055717,2.2641764,0.75472546,0.14400001,0.0,0.14005768,1.0499994,1.0599993,342400
hardzero_plus_depr__c0p58__z1p00__lam0p010__nu0p50__psi1p00,hardzero_plus_depr,0.01,40,107,0.0,1,0.42766082,0.4280324,0.96961033,0.10724812,0.10724812,1.0,0.00037156756,0.00346456,-26.394985,2.1331854,0.71106184,0.15200001,0.0,0.12282504,1.0599993,1.0699993,345600
hardzero_plus_depr__c0p58__z1p00__lam0p010__nu0p50__psi1p00,hardzero_plus_depr,0.01,40,108,0.0,1,0.4280324,0.4280324,1.0920889,0.0,0.080893025,0.0,0.0,0.0034300871,-28.25197,2.4026437,0.80088127,0.112,0.0,0.15966652,1.0699993,1.0799993,348800
hardzero_plus_depr__c0p58__z1p00__lam0p010__nu0p50__psi1p00,hardzero_plus_depr,0.01,40,109,0.0,1,0.4280324,0.4283785,0.99175704,0.10191613,0.10191613,1.0,0.0003461028,0.0033959572,-26.88654,2.181909,0.727303,0.16000001,0.0,0.14921908,1.0799993,1.0899993,352000
hardzero_plus_depr__c0p58__z1p00__lam0p010__nu0p50__psi1p00,hardzero_plus_depr,0.01,40,110,0.0,1,0.4283785,0.4283785,1.0136425,0.0,0.09690751,0.0,0.0,0.0033621672,-26.554924,2.2300582,0.7433528,0.16000001,0.0,0.13765672,1.0899993,1.0999993,355200
hardzero_plus_depr__c0p58__z1p00__lam0p010__nu0p50__psi1p00,hardzero_plus_depr,0.01,40,111,0.0,1,0.4283785,0.4283785,1.0442251,0.0,0.090318106,0.0,0.0,0.003328713,-27.639013,2.297341,0.7657804,0.064,0.0,0.15010804,1.0999993,1.1099993,358400
hardzero_plus_depr__c0p58__z1p00__lam0p010__nu0p50__psi1p00,hardzero_plus_depr,0.01,40,112,0.0,1,0.4283785,0.4283785,1.1009009,0.0,0.07926822,0.0,0.0,0.003295592,-28.80748,2.4220302,0.8073434,0.136,0.0,0.16700938,1.1099993,1.1199993,361600
hardzero_plus_depr__c0p58__z1p00__lam0p010__nu0p50__psi1p00,hardzero_plus_depr,0.01,40,113,0.0,1,0.4283785,0.4283785,1.03156,0.0,0.09299081,0.0,0.0,0.0032628002,-27.279222,2.2694771,0.7564924,0.15200001,0.0,0.14353216,1.1199993,1.1299993,364800
hardzero_plus_depr__c0p58__z1p00__lam0p010__nu0p50__psi1p00,hardzero_plus_depr,0.01,40,114,0.0,1,0.4283785,0.4283785,1.00686,0.0,0.09843284,0.0,0.0,0.003230335,-26.389046,2.2151363,0.73837876,0.216,0.0,0.13690656,1.1299993,1.1399993,368000
hardzero_plus_depr__c0p58__z1p00__lam0p010__nu0p50__psi1p00,hardzero_plus_depr,0.01,40,115,0.0,1,0.4283785,0.4283785,1.040716,0.0,0.09105083,0.0,0.0,0.0031981927,-27.098494,2.289621,0.7632071,0.17600001,0.0,0.16108814,1.1399993,1.1499993,371200
hardzero_plus_depr__c0p58__z1p00__lam0p010__nu0p50__psi1p00,hardzero_plus_depr,0.01,40,116,0.0,1,0.4283785,0.42870137,0.99153185,0.10196898,0.10196898,1.0,0.00032287152,0.00316637,-26.12644,2.1814137,0.7271379,0.208,0.0,0.14523077,1.1499993,1.1599993,374400
hardzero_plus_depr__c0p58__z1p00__lam0p010__nu0p50__psi1p00,hardzero_plus_depr,0.01,40,117,0.0,1,0.42870137,0.42870137,1.0002246,0.0,0.099948294,0.0,0.0,0.0031348641,-26.915127,2.200538,0.73351264,0.16,0.0,0.14734553,1.1599993,1.1699992,377600
hardzero_plus_depr__c0p58__z1p00__lam0p010__nu0p50__psi1p00,hardzero_plus_depr,0.01,40,118,0.0,1,0.42870137,0.42870137,1.0917562,0.0,0.08095501,0.0,0.0,0.0031036718,-27.947723,2.4019117,0.80063725,0.18400002,0.0,0.15564889,1.1699992,1.1799992,380800
hardzero_plus_depr__c0p58__z1p00__lam0p010__nu0p50__psi1p00,hardzero_plus_depr,0.01,40,119,0.0,1,0.42870137,0.42870137,1.0155662,0.0,0.09647921,0.0,0.0,0.0030727896,-27.30676,2.2342904,0.7447635,0.16800001,0.0,0.14599581,1.1799992,1.1899992,384000
hardzero_plus_depr__c0p58__z1p00__lam0p010__nu0p50__psi1p00,hardzero_plus_depr,0.01,40,120,0.0,1,0.42870137,0.42870137,1.0144544,0.0,0.09672652,0.0,0.0,0.0030422148,-27.83391,2.2318442,0.7439481,0.192,0.0,0.16380745,1.1899992,1.1999992,387200
hardzero_plus_depr__c0p58__z1p00__lam0p010__nu0p50__psi1p00,hardzero_plus_depr,0.01,40,121,0.0,1,0.42870137,0.42870137,1.012545,0.0,0.09715273,0.0,0.0,0.0030119442,-27.097736,2.2276435,0.74254787,0.128,0.0,0.1402202,1.1999992,1.2099992,390400
hardzero_plus_depr__c0p58__z1p00__lam0p010__nu0p50__psi1p00,hardzero_plus_depr,0.01,40,122,0.0,1,0.42870137,0.42870137,1.051124,0.0,0.08889473,0.0,0.0,0.002981975,-27.87492,2.3125188,0.77083963,0.14400001,0.0,0.1721684,1.2099992,1.2199992,393600
hardzero_plus_depr__c0p58__z1p00__lam0p010__nu0p50__psi1p00,hardzero_plus_depr,0.01,40,123,0.0,1,0.42870137,0.42900544,0.98720163,0.10299078,0.10299078,1.0,0.00030406006,0.0029523037,-25.829185,2.171887,0.7239623,0.17600001,0.0,0.13154595,1.2199992,1.2299992,396800
hardzero_plus_depr__c0p58__z1p00__lam0p010__nu0p50__psi1p00,hardzero_plus_depr,0.01,40,124,0.0,1,0.42900544,0.42900544,1.0589559,0.0,0.08730599,0.0,0.0,0.002922928,-27.373865,2.3297496,0.7765832,0.15200001,0.0,0.14685854,1.2299992,1.2399992,400000
hardzero_plus_depr__c0p58__z1p00__lam0p010__nu0p50__psi1p00,hardzero_plus_depr,0.01,40,125,0.0,1,0.42900544,0.42929932,0.9932983,0.10155509,0.10155509,1.0,0.00029388466,0.0028938449,-26.966333,2.1852999,0.7284333,0.17600001,0.0,0.15318912,1.2399992,1.2499992,403200
hardzero_plus_depr__c0p58__z1p00__lam0p010__nu0p50__psi1p00,hardzero_plus_depr,0.01,40,126,0.0,1,0.42929932,0.42929932,1.042795,0.0,0.09061602,0.0,0.0,0.0028650505,-27.23181,2.2941947,0.7647316,0.120000005,0.0,0.14155175,1.2499992,1.2599992,406400
hardzero_plus_depr__c0p58__z1p00__lam0p010__nu0p50__psi1p00,hardzero_plus_depr,0.01,40,127,0.0,1,0.42929932,0.42929932,1.0107412,0.0,0.09755707,0.0,0.0,0.0028365427,-27.501177,2.223675,0.741225,0.120000005,0.0,0.14712189,1.2599992,1.2699991,409600
hardzero_plus_depr__c0p58__z1p00__lam0p010__nu0p50__psi1p00,hardzero_plus_depr,0.01,40,128,0.0,1,0.42929932,0.42929932,1.0374463,0.0,0.091738954,0.0,0.0,0.0028083187,-27.129221,2.2824273,0.7608091,0.104,0.0,0.13818145,1.2699991,1.2799991,412800
hardzero_plus_depr__c0p58__z1p00__lam0p010__nu0p50__psi1p00,hardzero_plus_depr,0.01,40,129,0.0,1,0.42929932,0.42929932,1.0266683,0.0,0.09404412,0.0,0.0,0.0027803753,-27.281487,2.2587154,0.75290513,0.17600001,0.0,0.17122015,1.2799991,1.2899991,416000
hardzero_plus_depr__c0p58__z1p00__lam0p010__nu0p50__psi1p00,hardzero_plus_depr,0.01,40,130,0.0,1,0.42929932,0.42929932,1.0921407,0.0,0.080883384,0.0,0.0,0.0027527101,-27.969929,2.4027574,0.8009192,0.12,0.0,0.1739671,1.2899991,1.2999991,419200
hardzero_plus_depr__c0p58__z1p00__lam0p010__nu0p50__psi1p00,hardzero_plus_depr,0.01,40,131,0.0,1,0.42929932,0.42929932,1.0456262,0.0,0.09002721,0.0,0.0,0.0027253202,-27.733435,2.3004236,0.7668079,0.128,0.008,0.1393505,1.2999991,1.3099991,422400
hardzero_plus_depr__c0p58__z1p00__lam0p010__nu0p50__psi1p00,hardzero_plus_depr,0.01,40,132,0.0,1,0.42929932,0.42929932,1.0460432,0.0,0.08994082,0.0,0.0,0.002698203,-27.438974,2.3013408,0.7671136,0.14400001,0.0,0.15185462,1.3099991,1.3199991,425600
hardzero_plus_depr__c0p58__z1p00__lam0p010__nu0p50__psi1p00,hardzero_plus_depr,0.01,40,133,0.0,1,0.42929932,0.42929932,1.0434145,0.0,0.090486854,0.0,0.0,0.0026713551,-27.945038,2.2955577,0.76518595,0.128,0.0,0.14928807,1.3199991,1.3299991,428800
hardzero_plus_depr__c0p58__z1p00__lam0p010__nu0p50__psi1p00,hardzero_plus_depr,0.01,40,134,0.0,1,0.42929932,0.42929932,1.0320351,0.0,0.092889115,0.0,0.0,0.002644775,-26.940973,2.2705226,0.7568409,0.15200001,0.0,0.13975477,1.3299991,1.3399991,432000
hardzero_plus_depr__c0p58__z1p00__lam0p010__nu0p50__psi1p00,hardzero_plus_depr,0.01,40,135,0.0,1,0.42929932,0.42929932,1.044022,0.0,0.090360366,0.0,0.0,0.0026184588,-27.07169,2.296894,0.7656314,0.096,0.0,0.12641078,1.3399991,1.3499991,435200
hardzero_plus_depr__c0p58__z1p00__lam0p010__nu0p50__psi1p00,hardzero_plus_depr,0.01,40,136,0.0,1,0.42929932,0.42929932,1.0214447,0.0,0.095182106,0.0,0.0,0.0025924048,-27.066048,2.2472231,0.7490744,0.192,0.0,0.13836025,1.3499991,1.3599991,438400
hardzero_plus_depr__c0p58__z1p00__lam0p010__nu0p50__psi1p00,hardzero_plus_depr,0.01,40,137,0.0,1,0.42929932,0.42929932,1.0637051,0.0,0.08635648,0.0,0.0,0.0025666102,-28.163174,2.3401978,0.78006595,0.08800001,0.0,0.1388768,1.3599991,1.369999,441600
hardzero_plus_depr__c0p58__z1p00__lam0p010__nu0p50__psi1p00,hardzero_plus_depr,0.01,40,138,0.0,1,0.42929932,0.42929932,1.054044,0.0,0.088299036,0.0,0.0,0.002541072,-27.65361,2.318943,0.77298105,0.08800001,0.0,0.15352632,1.369999,1.379999,444800
hardzero_plus_depr__c0p58__z1p00__lam0p010__nu0p50__psi1p00,hardzero_plus_depr,0.01,40,139,0.0,1,0.42929932,0.42929932,1.0787996,0.0,0.0834066,0.0,0.0,0.002515788,-28.16999,2.3734066,0.79113555,0.14400001,0.0,0.1623335,1.379999,1.389999,448000
hardzero_plus_depr__c0p58__z1p00__lam0p010__nu0p50__psi1p00,hardzero_plus_depr,0.01,40,140,0.0,1,0.42929932,0.42929932,1.0643601,0.0,0.086226314,0.0,0.0,0.0024907554,-28.046087,2.341639,0.78054637,0.16800001,0.0,0.16206409,1.389999,1.399999,451200
hardzero_plus_depr__c0p58__z1p00__lam0p010__nu0p50__psi1p00,hardzero_plus_depr,0.01,40,141,0.0,1,0.42929932,0.42929932,1.0200536,0.0,0.09548745,0.0,0.0,0.002465972,-27.23973,2.2441628,0.74805427,0.136,0.0,0.16176796,1.399999,1.409999,454400
hardzero_plus_depr__c0p58__z1p00__lam0p010__nu0p50__psi1p00,hardzero_plus_depr,0.01,40,142,0.0,1,0.42929932,0.42929932,1.064941,0.0,0.08611106,0.0,0.0,0.0024414351,-27.34877,2.342917,0.78097236,0.192,0.0,0.16454618,1.409999,1.419999,457600
hardzero_plus_depr__c0p58__z1p00__lam0p010__nu0p50__psi1p00,hardzero_plus_depr,0.01,40,143,0.0,1,0.42929932,0.42954195,0.9983477,0.100381166,0.100381166,1.0,0.00024263561,0.0024171427,-26.0094,2.1964087,0.73213625,0.22,0.0,0.11702449,1.419999,1.429999,460800
hardzero_plus_depr__c0p58__z1p00__lam0p010__nu0p50__psi1p00,hardzero_plus_depr,0.01,40,144,0.0,1,0.42954195,0.42954195,1.0540352,0.0,0.08830083,0.0,0.0,0.0023930918,-27.875607,2.3189237,0.7729746,0.120000005,0.0,0.1622247,1.429999,1.439999,464000
hardzero_plus_depr__c0p58__z1p00__lam0p010__nu0p50__psi1p00,hardzero_plus_depr,0.01,40,145,0.0,1,0.42954195,0.4298017,0.96003556,0.10963883,0.10963883,1.0,0.0002597651,0.0023692802,-25.833805,2.1121204,0.70404017,0.17600001,0.0,0.13269995,1.439999,1.449999,467200
hardzero_plus_depr__c0p58__z1p00__lam0p010__nu0p50__psi1p00,hardzero_plus_depr,0.01,40,146,0.0,1,0.4298017,0.4298017,1.0310912,0.0,0.093091235,0.0,0.0,0.0023457052,-26.769123,2.268446,0.7561487,0.14400001,0.0,0.16397329,1.449999,1.459999,470400
hardzero_plus_depr__c0p58__z1p00__lam0p010__nu0p50__psi1p00,hardzero_plus_depr,0.01,40,147,0.0,1,0.4298017,0.4298017,1.0361446,0.0,0.09201432,0.0,0.0,0.002322365,-27.613884,2.2795637,0.75985456,0.17600001,0.0,0.14575782,1.459999,1.469999,473600
hardzero_plus_depr__c0p58__z1p00__lam0p010__nu0p50__psi1p00,hardzero_plus_depr,0.01,40,148,0.0,1,0.4298017,0.4298017,1.0219862,0.0,0.0950635,0.0,0.0,0.002299257,-27.211794,2.2484145,0.74947155,0.14400001,0.0,0.14796595,1.469999,1.479999,476800
hardzero_plus_depr__c0p58__z1p00__lam0p010__nu0p50__psi1p00,hardzero_plus_depr,0.01,40,149,0.0,1,0.4298017,0.4298017,1.0179789,0.0,0.09594471,0.0,0.0,0.0022763794,-27.562607,2.2395983,0.7465328,0.192,0.0,0.15807003,1.479999,1.4899989,480000
hardzero_plus_depr__c0p58__z1p00__lam0p010__nu0p50__psi1p00,hardzero_plus_depr,0.01,40,150,0.0,1,0.4298017,0.4298017,1.0612047,0.0,0.08685509,0.0,0.0,0.002253729,-27.558832,2.3346968,0.7782323,0.15200001,0.0,0.13846491,1.4899989,1.4999989,483200
hardzero_plus_depr__c0p58__z1p00__lam0p010__nu0p50__psi1p00,hardzero_plus_depr,0.01,40,151,0.0,1,0.4298017,0.4298017,1.0616636,0.0,0.08676336,0.0,0.0,0.002231304,-28.629648,2.3357067,0.7785689,0.192,0.0,0.16136985,1.4999989,1.5099989,486400
hardzero_plus_depr__c0p58__z1p00__lam0p010__nu0p50__psi1p00,hardzero_plus_depr,0.01,40,152,0.0,1,0.4298017,0.4298017,1.010151,0.0,0.09768974,0.0,0.0,0.002209102,-27.471539,2.2223766,0.7407922,0.16800001,0.0,0.14378256,1.5099989,1.5199989,489600
hardzero_plus_depr__c0p58__z1p00__lam0p010__nu0p50__psi1p00,hardzero_plus_depr,0.01,40,153,0.0,1,0.4298017,0.4298017,1.0602145,0.0,0.08705334,0.0,0.0,0.0021871214,-27.24324,2.3325186,0.77750623,0.16800001,0.0,0.1541349,1.5199989,1.5299989,492800
hardzero_plus_depr__c0p58__z1p00__lam0p010__nu0p50__psi1p00,hardzero_plus_depr,0.01,40,154,0.0,1,0.4298017,0.4298017,1.0180734,0.0,0.09592383,0.0,0.0,0.002165359,-27.480114,2.2398062,0.74660206,0.16000001,0.008,0.20619339,1.5299989,1.5399989,496000
hardzero_plus_depr__c0p58__z1p00__lam0p010__nu0p50__psi1p00,hardzero_plus_depr,0.01,40,155,0.0,1,0.4298017,0.4298017,1.051665,0.0,0.08878406,0.0,0.0,0.0021438135,-27.611849,2.313709,0.77123636,0.136,0.0,0.16532512,1.5399989,1.5499989,499200
hardzero_plus_depr__c0p58__z1p00__lam0p010__nu0p50__psi1p00,hardzero_plus_depr,0.01,40,156,0.0,1,0.4298017,0.4298017,1.0242977,0.0,0.094558865,0.0,0.0,0.002122482,-27.362572,2.2535,0.7511667,0.16,0.0,0.1616819,1.5499989,1.5599989,502400
hardzero_plus_depr__c0p58__z1p00__lam0p010__nu0p50__psi1p00,hardzero_plus_depr,0.01,40,157,0.0,1,0.4298017,0.4298017,1.0745455,0.0,0.08422762,0.0,0.0,0.002101363,-27.456871,2.3640473,0.7880158,0.16000001,0.0,0.15509003,1.5599989,1.5699989,505600
hardzero_plus_depr__c0p58__z1p00__lam0p010__nu0p50__psi1p00,hardzero_plus_depr,0.01,40,158,0.0,1,0.4298017,0.4298017,1.0259405,0.0,0.094201855,0.0,0.0,0.002080454,-27.094757,2.2571142,0.75237143,0.17600001,0.008,0.12194138,1.5699989,1.5799989,508800
hardzero_plus_depr__c0p58__z1p00__lam0p010__nu0p50__psi1p00,hardzero_plus_depr,0.01,40,159,0.0,1,0.4298017,0.4298017,1.057189,0.0,0.08766193,0.0,0.0,0.0020597533,-26.957111,2.3258622,0.7752874,0.120000005,0.0,0.17883441,1.5799989,1.5899988,512000
hardzero_plus_depr__c0p58__z1p00__lam0p010__nu0p50__psi1p00,hardzero_plus_depr,0.01,40,160,0.0,1,0.4298017,0.4298017,1.1046934,0.0,0.078579016,0.0,0.0,0.0020392584,-28.05199,2.430374,0.81012464,0.08800001,0.0,0.13988228,1.5899988,1.5999988,515200
hardzero_plus_depr__c0p58__z1p00__lam0p010__nu0p50__psi1p00,hardzero_plus_depr,0.01,40,161,0.0,1,0.4298017,0.4298017,1.0339832,0.0,0.09247339,0.0,0.0,0.0020189674,-27.471262,2.2748086,0.75826955,0.136,0.0,0.14529026,1.5999988,1.6099988,518400
hardzero_plus_depr__c0p58__z1p00__lam0p010__nu0p50__psi1p00,hardzero_plus_depr,0.01,40,162,0.0,1,0.4298017,0.4300107,0.98065543,0.104554944,0.104554944,1.0,0.00020899263,0.0019988785,-26.039385,2.157485,0.7191617,0.256,0.0,0.12588777,1.6099988,1.6199988,521600
hardzero_plus_depr__c0p58__z1p00__lam0p010__nu0p50__psi1p00,hardzero_plus_depr,0.01,40,163,0.0,1,0.4300107,0.4300107,1.0251399,0.0,0.09437567,0.0,0.0,0.0019789895,-26.50516,2.255353,0.7517843,0.224,0.0,0.14942966,1.6199988,1.6299988,524800
hardzero_plus_depr__c0p58__z1p00__lam0p010__nu0p50__psi1p00,hardzero_plus_depr,0.01,40,164,0.0,1,0.4300107,0.4300107,1.0582979,0.0,0.087438375,0.0,0.0,0.001959298,-27.763416,2.328302,0.77610064,0.136,0.0,0.16215047,1.6299988,1.6399988,528000
hardzero_plus_depr__c0p58__z1p00__lam0p010__nu0p50__psi1p00,hardzero_plus_depr,0.01,40,165,0.0,1,0.4300107,0.4300107,1.0190498,0.0,0.09570843,0.0,0.0,0.0019398028,-26.808556,2.2419543,0.74731815,0.192,0.0,0.14303093,1.6399988,1.6499988,531200
hardzero_plus_depr__c0p58__z1p00__lam0p010__nu0p50__psi1p00,hardzero_plus_depr,0.01,40,166,0.0,1,0.4300107,0.4300107,1.0517272,0.0,0.08877134,0.0,0.0,0.0019205014,-27.577368,2.313846,0.7712821,0.18400002,0.0,0.141176,1.6499988,1.6599988,534400
hardzero_plus_depr__c0p58__z1p00__lam0p010__nu0p50__psi1p00,hardzero_plus_depr,0.01,40,167,0.0,1,0.4300107,0.4300107,1.0941391,0.0,0.080512054,0.0,0.0,0.001901392,-27.355078,2.407154,0.80238473,0.112,0.0,0.13623515,1.6599988,1.6699988,537600
hardzero_plus_depr__c0p58__z1p00__lam0p010__nu0p50__psi1p00,hardzero_plus_depr,0.01,40,168,0.0,1,0.4300107,0.4300107,1.0366954,0.0,0.09189771,0.0,0.0,0.0018824729,-27.525513,2.2807753,0.76025844,0.128,0.0,0.13859911,1.6699988,1.6799988,540800
hardzero_plus_depr__c0p58__z1p00__lam0p010__nu0p50__psi1p00,hardzero_plus_depr,0.01,40,169,0.0,1,0.4300107,0.4300107,1.0155876,0.0,0.09647446,0.0,0.0,0.001863742,-26.471178,2.2343373,0.7447791,0.17,0.0,0.14081027,1.6799988,1.6899987,544000
hardzero_plus_depr__c0p58__z1p00__lam0p010__nu0p50__psi1p00,hardzero_plus_depr,0.01,40,170,0.0,1,0.4300107,0.4300107,1.0367576,0.0,0.09188454,0.0,0.0,0.0018451975,-27.015398,2.2809122,0.7603041,0.128,0.0,0.14396563,1.6899987,1.6999987,547200
hardzero_plus_depr__c0p58__z1p00__lam0p010__nu0p50__psi1p00,hardzero_plus_depr,0.01,40,171,0.0,1,0.4300107,0.4300107,1.0301224,0.0,0.093299136,0.0,0.0,0.0018268374,-27.031862,2.2663145,0.7554382,0.17600001,0.0,0.15912077,1.6999987,1.7099987,550400
hardzero_plus_depr__c0p58__z1p00__lam0p010__nu0p50__psi1p00,hardzero_plus_depr,0.01,40,172,0.0,1,0.4300107,0.4301991,0.98233145,0.10415221,0.10415221,1.0,0.00018837597,0.0018086603,-26.018051,2.1611724,0.7203908,0.17600001,0.0,0.131999,1.7099987,1.7199987,553600
hardzero_plus_depr__c0p58__z1p00__lam0p010__nu0p50__psi1p00,hardzero_plus_depr,0.01,40,173,0.0,1,0.4301991,0.4301991,1.0553756,0.0,0.08802872,0.0,0.0,0.0017906638,-27.097212,2.3218727,0.7739576,0.104,0.0,0.15746064,1.7199987,1.7299987,556800
hardzero_plus_depr__c0p58__z1p00__lam0p010__nu0p50__psi1p00,hardzero_plus_depr,0.01,40,174,0.0,1,0.4301991,0.4301991,1.1187963,0.0,0.0760683,0.0,0.0,0.0017728464,-28.495504,2.461401,0.820467,0.128,0.0,0.1504897,1.7299987,1.7399987,560000
hardzero_plus_depr__c0p58__z1p00__lam0p010__nu0p50__psi1p00,hardzero_plus_depr,0.01,40,175,0.0,1,0.4301991,0.43037498,0.99909467,0.10020867,0.10020867,1.0,0.00017588689,0.0017552063,-26.696848,2.1980522,0.7326841,0.2,0.0,0.1507315,1.7399987,1.7499987,563200
hardzero_plus_depr__c0p58__z1p00__lam0p010__nu0p50__psi1p00,hardzero_plus_depr,0.01,40,176,0.0,1,0.43037498,0.43055272,0.9901874,0.10228513,0.10228513,1.0,0.00017774513,0.0017377416,-25.836752,2.1784558,0.72615194,0.192,0.0,0.13376175,1.7499987,1.7599987,566400
hardzero_plus_depr__c0p58__z1p00__lam0p010__nu0p50__psi1p00,hardzero_plus_depr,0.01,40,177,0.0,1,0.43055272,0.43055272,1.071744,0.0,0.08477269,0.0,0.0,0.0017204509,-27.81701,2.357884,0.78596133,0.16000001,0.0,0.15390186,1.7599987,1.7699987,569600
hardzero_plus_depr__c0p58__z1p00__lam0p010__nu0p50__psi1p00,hardzero_plus_depr,0.01,40,178,0.0,1,0.43055272,0.43055272,1.0214736,0.0,0.09517575,0.0,0.0,0.0017033322,-26.228397,2.2472868,0.7490956,0.2,0.0,0.14107366,1.7699987,1.7799987,572800
hardzero_plus_depr__c0p58__z1p00__lam0p010__nu0p50__psi1p00,hardzero_plus_depr,0.01,40,179,0.0,1,0.43055272,0.43055272,1.0895154,0.0,0.08137379,0.0,0.0,0.0016863837,-29.02436,2.3969817,0.79899395,0.136,0.0,0.15993655,1.7799987,1.7899987,576000
hardzero_plus_depr__c0p58__z1p00__lam0p010__nu0p50__psi1p00,hardzero_plus_depr,0.01,40,180,0.0,1,0.43055272,0.43055272,1.0720758,0.0,0.08470794,0.0,0.0,0.0016696039,-28.456745,2.358614,0.7862047,0.128,0.0,0.14643988,1.7899987,1.7999986,579200
hardzero_plus_depr__c0p58__z1p00__lam0p010__nu0p50__psi1p00,hardzero_plus_depr,0.01,40,181,0.0,1,0.43055272,0.43055272,1.0287063,0.0,0.09360384,0.0,0.0,0.0016529912,-27.29151,2.263199,0.7543997,0.16800001,0.0,0.14453071,1.7999986,1.8099986,582400
hardzero_plus_depr__c0p58__z1p00__lam0p010__nu0p50__psi1p00,hardzero_plus_depr,0.01,40,182,0.0,1,0.43055272,0.4307377,0.9467666,0.11304031,0.11304031,1.0,0.00018499541,0.0016365437,-25.681597,2.0829282,0.6943094,0.11,0.0,0.14180048,1.8099986,1.8199986,585600
hardzero_plus_depr__c0p58__z1p00__lam0p010__nu0p50__psi1p00,hardzero_plus_depr,0.01,40,183,0.0,1,0.4307377,0.4307377,1.026694,0.0,0.09403856,0.0,0.0,0.0016202597,-27.108126,2.2587721,0.7529241,0.120000005,0.0,0.15143903,1.8199986,1.8299986,588800
hardzero_plus_depr__c0p58__z1p00__lam0p010__nu0p50__psi1p00,hardzero_plus_depr,0.01,40,184,0.0,1,0.4307377,0.4307377,1.0593094,0.0,0.08723496,0.0,0.0,0.0016041378,-27.74899,2.330527,0.77684236,0.096,0.0,0.15581428,1.8299986,1.8399986,592000
hardzero_plus_depr__c0p58__z1p00__lam0p010__nu0p50__psi1p00,hardzero_plus_depr,0.01,40,185,0.0,1,0.4307377,0.43090066,0.9888281,0.10260579,0.10260579,1.0,0.0001629561,0.0015881765,-27.340391,2.1754653,0.7251551,0.18400002,0.0,0.16675715,1.8399986,1.8499986,595200
hardzero_plus_depr__c0p58__z1p00__lam0p010__nu0p50__psi1p00,hardzero_plus_depr,0.01,40,186,0.0,1,0.43090066,0.43090066,1.1049579,0.0,0.07853116,0.0,0.0,0.0015723739,-27.888334,2.4309561,0.8103187,0.096,0.0,0.1786431,1.8499986,1.8599986,598400
hardzero_plus_depr__c0p58__z1p00__lam0p010__nu0p50__psi1p00,hardzero_plus_depr,0.01,40,187,0.0,1,0.43090066,0.43105713,0.9977654,0.10051585,0.10051585,1.0,0.00015647589,0.0015567285,-26.199022,2.1951277,0.73170924,0.18400002,0.0,0.11596523,1.8599986,1.8699986,601600
hardzero_plus_depr__c0p58__z1p00__lam0p010__nu0p50__psi1p00,hardzero_plus_depr,0.01,40,188,0.0,1,0.43105713,0.43105713,1.0087141,0.0,0.098013505,0.0,0.0,0.0015412389,-26.955256,2.2192154,0.73973846,0.17600001,0.0,0.15495242,1.8699986,1.8799986,604800
hardzero_plus_depr__c0p58__z1p00__lam0p010__nu0p50__psi1p00,hardzero_plus_depr,0.01,40,189,0.0,1,0.43105713,0.43121818,0.9765515,0.10554764,0.10554764,1.0,0.00016105548,0.0015259031,-26.352596,2.148456,0.7161521,0.208,0.0,0.13981143,1.8799986,1.8899986,608000
hardzero_plus_depr__c0p58__z1p00__lam0p010__nu0p50__psi1p00,hardzero_plus_depr,0.01,40,190,0.0,1,0.43121818,0.43137583,0.98145056,0.104363695,0.104363695,1.0,0.00015766434,0.0015107202,-26.773624,2.1592343,0.7197448,0.16000001,0.0,0.13849638,1.8899986,1.8999985,611200
hardzero_plus_depr__c0p58__z1p00__lam0p010__nu0p50__psi1p00,hardzero_plus_depr,0.01,40,191,0.0,1,0.43137583,0.43137583,1.0316073,0.0,0.092980675,0.0,0.0,0.0014956883,-27.261383,2.2695813,0.7565271,0.16800001,0.0,0.16079968,1.8999985,1.9099985,614400
hardzero_plus_depr__c0p58__z1p00__lam0p010__nu0p50__psi1p00,hardzero_plus_depr,0.01,40,192,0.0,1,0.43137583,0.43137583,1.0061172,0.0,0.09860132,0.0,0.0,0.001480806,-27.107563,2.2135022,0.7378341,0.18400002,0.0,0.14432925,1.9099985,1.9199985,617600
hardzero_plus_depr__c0p58__z1p00__lam0p010__nu0p50__psi1p00,hardzero_plus_depr,0.01,40,193,0.0,1,0.43137583,0.43137583,1.0344563,0.0,0.09237271,0.0,0.0,0.0014660717,-27.866516,2.275849,0.7586164,0.16800001,0.0,0.14555414,1.9199985,1.9299985,620800
hardzero_plus_depr__c0p58__z1p00__lam0p010__nu0p50__psi1p00,hardzero_plus_depr,0.01,40,194,0.0,1,0.43137583,0.43137583,1.0001093,0.0,0.099974826,0.0,0.0,0.001451484,-26.42711,2.2002845,0.7334282,0.16000001,0.0,0.1546042,1.9299985,1.9399985,624000
hardzero_plus_depr__c0p58__z1p00__lam0p010__nu0p50__psi1p00,hardzero_plus_depr,0.01,40,195,0.0,1,0.43137583,0.43153495,0.9557337,0.11073024,0.11073024,1.0,0.00015912396,0.0014370416,-25.73919,2.1026561,0.7008854,0.17,0.0,0.13616492,1.9399985,1.9499985,627200
hardzero_plus_depr__c0p58__z1p00__lam0p010__nu0p50__psi1p00,hardzero_plus_depr,0.01,40,196,0.0,1,0.43153495,0.43153495,1.0338432,0.0,0.092503205,0.0,0.0,0.0014227428,-27.075846,2.2745004,0.7581668,0.128,0.0,0.13148963,1.9499985,1.9599985,630400
hardzero_plus_depr__c0p58__z1p00__lam0p010__nu0p50__psi1p00,hardzero_plus_depr,0.01,40,197,0.0,1,0.43153495,0.43153495,1.0620973,0.0,0.086676754,0.0,0.0,0.0014085863,-28.405146,2.3366609,0.778887,0.128,0.0,0.15435867,1.9599985,1.9699985,633600
hardzero_plus_depr__c0p58__z1p00__lam0p010__nu0p50__psi1p00,hardzero_plus_depr,0.01,40,198,0.0,1,0.43153495,0.43153495,1.0065818,0.0,0.098495916,0.0,0.0,0.0013945706,-26.328922,2.214524,0.7381747,0.18400002,0.0,0.13893189,1.9699985,1.9799985,636800
hardzero_plus_depr__c0p58__z1p00__lam0p010__nu0p50__psi1p00,hardzero_plus_depr,0.01,40,199,0.0,1,0.43153495,0.43153495,1.0545648,0.0,0.088193215,0.0,0.0,0.0013806944,-26.831821,2.3200889,0.773363,0.16800001,0.0,0.18595749,1.9799985,1.9899985,640000
hardzero_plus_depr__c0p58__z1p00__lam0p010__nu0p50__psi1p00,hardzero_plus_depr,0.01,40,200,0.0,1,0.43153495,0.43167835,0.97920305,0.10490519,0.10490519,1.0,0.00014340082,0.0013669564,-27.046848,2.1542897,0.7180966,0.15200001,0.0,0.14446,1.9899985,1.9999985,643200
hardzero_plus_depr__c0p58__z1p00__lam0p010__nu0p50__psi1p00,hardzero_plus_depr,0.01,40,201,0.0,1,0.43167835,0.43181527,0.99495226,0.101169065,0.101169065,1.0,0.00013691765,0.0013533549,-27.47923,2.1889386,0.7296462,0.14400001,0.0,0.14203419,1.9999985,2.0099986,646400
hardzero_plus_depr__c0p58__z1p00__lam0p010__nu0p50__psi1p00,hardzero_plus_depr,0.01,40,202,0.0,1,0.43181527,0.43181527,1.0351143,0.0,0.09223286,0.0,0.0,0.0013398887,-27.241804,2.277297,0.759099,0.16800001,0.0,0.14179954,2.0099986,2.0199986,649600
hardzero_plus_depr__c0p58__z1p00__lam0p010__nu0p50__psi1p00,hardzero_plus_depr,0.01,40,203,0.0,1,0.43181527,0.43181527,1.0489327,0.0,0.0893444,0.0,0.0,0.0013265567,-27.567595,2.307698,0.7692327,0.112,0.0,0.15361923,2.0199986,2.0299985,652800
hardzero_plus_depr__c0p58__z1p00__lam0p010__nu0p50__psi1p00,hardzero_plus_depr,0.01,40,204,0.0,1,0.43181527,0.43181527,1.0605733,0.0,0.086981446,0.0,0.0,0.0013133571,-27.537493,2.333308,0.7777693,0.15200001,0.0,0.14492658,2.0299985,2.0399985,656000
hardzero_plus_depr__c0p58__z1p00__lam0p010__nu0p50__psi1p00,hardzero_plus_depr,0.01,40,205,0.0,1,0.43181527,0.43181527,1.0288688,0.0,0.09356884,0.0,0.0,0.0013002891,-28.207966,2.2635565,0.75451887,0.120000005,0.0,0.15857722,2.0399985,2.0499985,659200
hardzero_plus_depr__c0p58__z1p00__lam0p010__nu0p50__psi1p00,hardzero_plus_depr,0.01,40,206,0.0,1,0.43181527,0.43181527,1.0650657,0.0,0.08608634,0.0,0.0,0.0012873509,-27.450241,2.3431914,0.7810638,0.104,0.0,0.14153892,2.0499985,2.0599985,662400
hardzero_plus_depr__c0p58__z1p00__lam0p010__nu0p50__psi1p00,hardzero_plus_depr,0.01,40,207,0.0,1,0.43181527,0.43181527,1.0332689,0.0,0.092625596,0.0,0.0,0.0012745416,-26.550146,2.273237,0.7577457,0.192,0.0,0.15308456,2.0599985,2.0699985,665600
hardzero_plus_depr__c0p58__z1p00__lam0p010__nu0p50__psi1p00,hardzero_plus_depr,0.01,40,208,0.0,1,0.43181527,0.43181527,1.0138464,0.0,0.09686203,0.0,0.0,0.0012618597,-27.712769,2.2305067,0.74350226,0.099999994,0.0,0.14529377,2.0699985,2.0799985,668800
hardzero_plus_depr__c0p58__z1p00__lam0p010__nu0p50__psi1p00,hardzero_plus_depr,0.01,40,209,0.0,1,0.43181527,0.43181527,1.0288433,0.0,0.09357433,0.0,0.0,0.0012493039,-27.134932,2.2635005,0.75450015,0.2,0.008,0.1366159,2.0799985,2.0899985,672000
hardzero_plus_depr__c0p58__z1p00__lam0p010__nu0p50__psi1p00,hardzero_plus_depr,0.01,40,210,0.0,1,0.43181527,0.43181527,1.0482318,0.0,0.089488685,0.0,0.0,0.0012368732,-28.44682,2.3061562,0.7687187,0.16000001,0.0,0.1748643,2.0899985,2.0999985,675200
hardzero_plus_depr__c0p58__z1p00__lam0p010__nu0p50__psi1p00,hardzero_plus_depr,0.01,40,211,0.0,1,0.43181527,0.43181527,1.0022355,0.0,0.099486575,0.0,0.0,0.001224566,-26.48682,2.2049623,0.73498744,0.112,0.0,0.14043373,2.0999985,2.1099985,678400
hardzero_plus_depr__c0p58__z1p00__lam0p010__nu0p50__psi1p00,hardzero_plus_depr,0.01,40,212,0.0,1,0.43181527,0.43181527,1.0357965,0.0,0.09208808,0.0,0.0,0.0012123815,-27.188303,2.2787979,0.7595993,0.18400002,0.0,0.12174281,2.1099985,2.1199985,681600
hardzero_plus_depr__c0p58__z1p00__lam0p010__nu0p50__psi1p00,hardzero_plus_depr,0.01,40,213,0.0,1,0.43181527,0.43181527,1.0692396,0.0,0.08526296,0.0,0.0,0.0012003181,-27.905329,2.352374,0.78412473,0.096,0.0,0.15770164,2.1199985,2.1299984,684800
hardzero_plus_depr__c0p58__z1p00__lam0p010__nu0p50__psi1p00,hardzero_plus_depr,0.01,40,214,0.0,1,0.43181527,0.43181527,1.0119271,0.0,0.097291045,0.0,0.0,0.0011883747,-27.556433,2.226284,0.7420947,0.16800001,0.0,0.12719065,2.1299984,2.1399984,688000
hardzero_plus_depr__c0p58__z1p00__lam0p010__nu0p50__psi1p00,hardzero_plus_depr,0.01,40,215,0.0,1,0.43181527,0.43181527,1.0583236,0.0,0.087433204,0.0,0.0,0.0011765503,-27.472443,2.3283584,0.7761195,0.224,0.0,0.15830104,2.1399984,2.1499984,691200
hardzero_plus_depr__c0p58__z1p00__lam0p010__nu0p50__psi1p00,hardzero_plus_depr,0.01,40,216,0.0,1,0.43181527,0.43181527,1.0569259,0.0,0.08771504,0.0,0.0,0.0011648434,-27.556175,2.3252833,0.77509445,0.14400001,0.0,0.150143,2.1499984,2.1599984,694400
hardzero_plus_depr__c0p58__z1p00__lam0p010__nu0p50__psi1p00,hardzero_plus_depr,0.01,40,217,0.0,1,0.43181527,0.43193284,0.9915853,0.10195645,0.10195645,1.0,0.000117581585,0.001153253,-27.179358,2.1815312,0.7271771,0.24000001,0.0,0.13408132,2.1599984,2.1699984,697600
hardzero_plus_depr__c0p58__z1p00__lam0p010__nu0p50__psi1p00,hardzero_plus_depr,0.01,40,218,0.0,1,0.43193284,0.43193284,1.0267228,0.0,0.094032325,0.0,0.0,0.001141778,-27.270435,2.2588353,0.7529451,0.14400001,0.0,0.1366327,2.1699984,2.1799984,700800
hardzero_plus_depr__c0p58__z1p00__lam0p010__nu0p50__psi1p00,hardzero_plus_depr,0.01,40,219,0.0,1,0.43193284,0.43205133,0.9795383,0.10482424,0.10482424,1.0,0.00011849511,0.0011304171,-25.938457,2.1550274,0.7183425,0.17600001,0.0,0.15523975,2.1799984,2.1899984,704000
hardzero_plus_depr__c0p58__z1p00__lam0p010__nu0p50__psi1p00,hardzero_plus_depr,0.01,40,220,0.0,1,0.43205133,0.43205133,1.0662497,0.0,0.08585197,0.0,0.0,0.0011191693,-28.683931,2.3457963,0.7819321,0.16800001,0.0,0.17925923,2.1899984,2.1999984,707200
hardzero_plus_depr__c0p58__z1p00__lam0p010__nu0p50__psi1p00,hardzero_plus_depr,0.01,40,221,0.0,1,0.43205133,0.43205133,1.0871483,0.0,0.08181853,0.0,0.0,0.0011080333,-27.953508,2.391774,0.797258,0.099999994,0.0,0.14272955,2.1999984,2.2099984,710400
hardzero_plus_depr__c0p58__z1p00__lam0p010__nu0p50__psi1p00,hardzero_plus_depr,0.01,40,222,0.0,1,0.43205133,0.43205133,1.0638115,0.0,0.08633532,0.0,0.0,0.0010970082,-27.71066,2.3404322,0.7801441,0.2,0.0,0.13347952,2.2099984,2.2199984,713600
hardzero_plus_depr__c0p58__z1p00__lam0p010__nu0p50__psi1p00,hardzero_plus_depr,0.01,40,223,0.0,1,0.43205133,0.43205133,1.0009652,0.0,0.09977799,0.0,0.0,0.0010860928,-27.280602,2.2021675,0.7340559,0.128,0.0,0.17451708,2.2199984,2.2299984,716800
hardzero_plus_depr__c0p58__z1p00__lam0p010__nu0p50__psi1p00,hardzero_plus_depr,0.01,40,224,0.0,1,0.43205133,0.43205133,1.0754085,0.0,0.08406042,0.0,0.0,0.0010752861,-28.371965,2.3659458,0.7886486,0.14400001,0.0,0.17524189,2.2299984,2.2399983,720000
hardzero_plus_depr__c0p58__z1p00__lam0p010__nu0p50__psi1p00,hardzero_plus_depr,0.01,40,225,0.0,1,0.43205133,0.43205133,1.0328871,0.0,0.092707075,0.0,0.0,0.0010645868,-27.594404,2.272397,0.7574657,0.14400001,0.0,0.13520119,2.2399983,2.2499983,723200
hardzero_plus_depr__c0p58__z1p00__lam0p010__nu0p50__psi1p00,hardzero_plus_depr,0.01,40,226,0.0,1,0.43205133,0.43205133,1.0740877,0.0,0.08431644,0.0,0.0,0.0010539939,-27.946577,2.3630402,0.7876801,0.128,0.0,0.14483902,2.2499983,2.2599983,726400
hardzero_plus_depr__c0p58__z1p00__lam0p010__nu0p50__psi1p00,hardzero_plus_depr,0.01,40,227,0.0,1,0.43205133,0.43205133,1.0831013,0.0,0.08258452,0.0,0.0,0.0010435067,-28.829802,2.3828704,0.7942902,0.16000001,0.0,0.15859546,2.2599983,2.2699983,729600
hardzero_plus_depr__c0p58__z1p00__lam0p010__nu0p50__psi1p00,hardzero_plus_depr,0.01,40,228,0.0,1,0.43205133,0.43205133,1.011289,0.0,0.09743411,0.0,0.0,0.0010331236,-26.64869,2.2248802,0.74162674,0.072000004,0.0,0.12531935,2.2699983,2.2799983,732800
hardzero_plus_depr__c0p58__z1p00__lam0p010__nu0p50__psi1p00,hardzero_plus_depr,0.01,40,229,0.0,1,0.43205133,0.43205133,1.0444179,0.0,0.09027805,0.0,0.0,0.0010228438,-27.60573,2.2977653,0.7659218,0.15200001,0.0,0.15177289,2.2799983,2.2899983,736000
hardzero_plus_depr__c0p58__z1p00__lam0p010__nu0p50__psi1p00,hardzero_plus_depr,0.01,40,230,0.0,1,0.43205133,0.43205133,1.045213,0.0,0.09011292,0.0,0.0,0.0010126664,-27.993622,2.2995145,0.7665049,0.128,0.0,0.150813,2.2899983,2.2999983,739200
hardzero_plus_depr__c0p58__z1p00__lam0p010__nu0p50__psi1p00,hardzero_plus_depr,0.01,40,231,0.0,1,0.43205133,0.43205133,1.0646306,0.0,0.086172625,0.0,0.0,0.00100259,-27.630821,2.3422341,0.78074473,0.104,0.0,0.14881277,2.2999983,2.3099983,742400
hardzero_plus_depr__c0p58__z1p00__lam0p010__nu0p50__psi1p00,hardzero_plus_depr,0.01,40,232,0.0,1,0.43205133,0.43205133,1.0217552,0.0,0.095114075,0.0,0.0,0.0009926142,-27.600042,2.2479064,0.74930215,0.120000005,0.0,0.1638648,2.3099983,2.3199983,745600
hardzero_plus_depr__c0p58__z1p00__lam0p010__nu0p50__psi1p00,hardzero_plus_depr,0.01,40,233,0.0,1,0.43205133,0.43205133,1.0181034,0.0,0.095917225,0.0,0.0,0.0009827375,-27.015806,2.2398722,0.7466241,0.18400002,0.0,0.14714468,2.3199983,2.3299983,748800
hardzero_plus_depr__c0p58__z1p00__lam0p010__nu0p50__psi1p00,hardzero_plus_depr,0.01,40,234,0.0,1,0.43205133,0.43205133,1.0348562,0.0,0.0922877,0.0,0.0,0.00097295915,-28.617575,2.276729,0.7589097,0.11,0.0,0.1277618,2.3299983,2.3399982,752000
hardzero_plus_depr__c0p58__z1p00__lam0p010__nu0p50__psi1p00,hardzero_plus_depr,0.01,40,235,0.0,1,0.43205133,0.43205133,1.0162411,0.0,0.09632941,0.0,0.0,0.000963278,-27.11622,2.235775,0.74525833,0.16800001,0.0,0.138387,2.3399982,2.3499982,755200
hardzero_plus_depr__c0p58__z1p00__lam0p010__nu0p50__psi1p00,hardzero_plus_depr,0.01,40,236,0.0,1,0.43205133,0.43205133,1.0320837,0.0,0.092878714,0.0,0.0,0.0009536933,-27.462286,2.2706296,0.7568766,0.16800001,0.0,0.14268379,2.3499982,2.3599982,758400
hardzero_plus_depr__c0p58__z1p00__lam0p010__nu0p50__psi1p00,hardzero_plus_depr,0.01,40,237,0.0,1,0.43205133,0.43205133,1.0476297,0.0,0.089612864,0.0,0.0,0.00094420393,-27.77586,2.3048315,0.76827717,0.15200001,0.0,0.14195794,2.3599982,2.3699982,761600
hardzero_plus_depr__c0p58__z1p00__lam0p010__nu0p50__psi1p00,hardzero_plus_depr,0.01,40,238,0.0,1,0.43205133,0.43205133,1.0850013,0.0,0.082224004,0.0,0.0,0.0009348089,-28.674833,2.3870506,0.79568356,0.120000005,0.0,0.19721527,2.3699982,2.3799982,764800
hardzero_plus_depr__c0p58__z1p00__lam0p010__nu0p50__psi1p00,hardzero_plus_depr,0.01,40,239,0.0,1,0.43205133,0.43205133,1.0934137,0.0,0.080646634,0.0,0.0,0.00092550745,-28.23457,2.405558,0.8018527,0.18400002,0.0,0.1868847,2.3799982,2.3899982,768000
hardzero_plus_depr__c0p58__z1p00__lam0p010__nu0p50__psi1p00,hardzero_plus_depr,0.01,40,240,0.0,1,0.43205133,0.43205133,1.0588639,0.0,0.0873245,0.0,0.0,0.0009162985,-27.393587,2.3295472,0.7765157,0.14400001,0.0,0.17532255,2.3899982,2.3999982,771200
hardzero_plus_depr__c0p58__z1p00__lam0p010__nu0p50__psi1p00,hardzero_plus_depr,0.01,40,241,0.0,1,0.43205133,0.43214253,0.99769235,0.10053277,0.10053277,1.0,9.120144e-05,0.0009071812,-26.653677,2.194967,0.7316557,0.128,0.0,0.11524109,2.3999982,2.4099982,774400
hardzero_plus_depr__c0p58__z1p00__lam0p010__nu0p50__psi1p00,hardzero_plus_depr,0.01,40,242,0.0,1,0.43214253,0.43223318,0.9959682,0.10093267,0.10093267,1.0,9.065314e-05,0.00089815457,-26.86233,2.1911738,0.73039126,0.096,0.0,0.14142516,2.4099982,2.4199982,777600
hardzero_plus_depr__c0p58__z1p00__lam0p010__nu0p50__psi1p00,hardzero_plus_depr,0.01,40,243,0.0,1,0.43223318,0.43223318,1.0642909,0.0,0.08624006,0.0,0.0,0.0008892178,-28.667889,2.3414867,0.7804956,0.14400001,0.0,0.17629285,2.4199982,2.4299982,780800
hardzero_plus_depr__c0p58__z1p00__lam0p010__nu0p50__psi1p00,hardzero_plus_depr,0.01,40,244,0.0,1,0.43223318,0.43232164,0.9978824,0.10048878,0.10048878,1.0,8.84673e-05,0.0008803699,-26.772455,2.1953852,0.7317951,0.192,0.0,0.13808171,2.4299982,2.4399981,784000
hardzero_plus_depr__c0p58__z1p00__lam0p010__nu0p50__psi1p00,hardzero_plus_depr,0.01,40,245,0.0,1,0.43232164,0.43232164,1.0087675,0.0,0.09800145,0.0,0.0,0.00087161,-26.757679,2.2193327,0.73977757,0.16000001,0.0,0.13232073,2.4399981,2.4499981,787200
hardzero_plus_depr__c0p58__z1p00__lam0p010__nu0p50__psi1p00,hardzero_plus_depr,0.01,40,246,0.0,1,0.43232164,0.43232164,1.025125,0.0,0.09437891,0.0,0.0,0.0008629374,-28.119486,2.25532,0.75177336,0.17600001,0.0,0.13623342,2.4499981,2.4599981,790400
hardzero_plus_depr__c0p58__z1p00__lam0p010__nu0p50__psi1p00,hardzero_plus_depr,0.01,40,247,0.0,1,0.43232164,0.43232164,1.0721928,0.0,0.08468515,0.0,0.0,0.00085435103,-28.230038,2.3588712,0.7862904,0.14999999,0.0,0.1458896,2.4599981,2.4699981,793600
hardzero_plus_depr__c0p58__z1p00__lam0p010__nu0p50__psi1p00,hardzero_plus_depr,0.01,40,248,0.0,1,0.43232164,0.43232164,1.0628265,0.0,0.08653135,0.0,0.0,0.0008458501,-28.36562,2.338265,0.7794217,0.14400001,0.0,0.13208605,2.4699981,2.479998,796800
hardzero_plus_depr__c0p58__z1p00__lam0p010__nu0p50__psi1p00,hardzero_plus_depr,0.01,40,249,0.0,1,0.43232164,0.43232164,1.0471625,0.0,0.0897093,0.0,0.0,0.00083743385,-27.44164,2.3038034,0.7679345,0.128,0.0,0.1469039,2.479998,2.489998,800000
hardzero_plus_depr__c0p58__z1p00__lam0p010__nu0p50__psi1p00,hardzero_plus_depr,0.01,40,250,0.0,1,0.43232164,0.43232164,1.0441196,0.0,0.090340056,0.0,0.0,0.00082910125,-26.991926,2.297109,0.76570296,0.16000001,0.0,0.15017128,2.489998,2.499998,803200
hardzero_plus_depr__c0p58__z1p00__lam0p010__nu0p50__psi1p00,hardzero_plus_depr,0.01,40,251,0.0,1,0.43232164,0.43232164,1.0001218,0.0,0.09997194,0.0,0.0,0.00082085154,-26.997143,2.200312,0.7334373,0.16000001,0.0,0.14386429,2.499998,2.509998,806400
hardzero_plus_depr__c0p58__z1p00__lam0p010__nu0p50__psi1p00,hardzero_plus_depr,0.01,40,252,0.0,1,0.43232164,0.43232164,1.0497876,0.0,0.08916868,0.0,0.0,0.0008126839,-27.35195,2.309579,0.7698597,0.136,0.0,0.16153629,2.509998,2.519998,809600
hardzero_plus_depr__c0p58__z1p00__lam0p010__nu0p50__psi1p00,hardzero_plus_depr,0.01,40,253,0.0,1,0.43232164,0.43232164,1.0053151,0.0,0.098783605,0.0,0.0,0.0008045976,-26.90797,2.2117374,0.7372458,0.192,0.0,0.17141315,2.519998,2.529998,812800
hardzero_plus_depr__c0p58__z1p00__lam0p010__nu0p50__psi1p00,hardzero_plus_depr,0.01,40,254,0.0,1,0.43232164,0.43232164,1.014157,0.0,0.09679278,0.0,0.0,0.0007965917,-27.381851,2.23119,0.74373,0.192,0.0,0.16089654,2.529998,2.539998,816000
hardzero_plus_depr__c0p58__z1p00__lam0p010__nu0p50__psi1p00,hardzero_plus_depr,0.01,40,255,0.0,1,0.43232164,0.43232164,1.0784667,0.0,0.08347055,0.0,0.0,0.0007886655,-28.581537,2.372674,0.79089135,0.120000005,0.0,0.17104335,2.539998,2.549998,819200
hardzero_plus_depr__c0p58__z1p00__lam0p010__nu0p50__psi1p00,hardzero_plus_depr,0.01,40,256,0.0,1,0.43232164,0.43232164,1.0529381,0.0,0.08852416,0.0,0.0,0.00078081817,-27.310415,2.31651,0.77217,0.14400001,0.008,0.15493971,2.549998,2.559998,822400
hardzero_plus_depr__c0p58__z1p00__lam0p010__nu0p50__psi1p00,hardzero_plus_depr,0.01,40,257,0.0,1,0.43232164,0.43232164,1.083922,0.0,0.08242862,0.0,0.0,0.0007730489,-28.378016,2.384676,0.794892,0.096,0.0,0.14949405,2.559998,2.569998,825600
hardzero_plus_depr__c0p58__z1p00__lam0p010__nu0p50__psi1p00,hardzero_plus_depr,0.01,40,258,0.0,1,0.43232164,0.43232164,1.0779003,0.0,0.08357948,0.0,0.0,0.00076535693,-28.062849,2.371428,0.790476,0.136,0.0,0.15636261,2.569998,2.579998,828800
hardzero_plus_depr__c0p58__z1p00__lam0p010__nu0p50__psi1p00,hardzero_plus_depr,0.01,40,259,0.0,1,0.43232164,0.43232164,1.0537119,0.0,0.08836658,0.0,0.0,0.00075774145,-27.221014,2.3182125,0.7727375,0.104,0.0,0.15048638,2.579998,2.589998,832000
hardzero_plus_depr__c0p58__z1p00__lam0p010__nu0p50__psi1p00,hardzero_plus_depr,0.01,40,260,0.0,1,0.43232164,0.43232164,1.0500638,0.0,0.089111984,0.0,0.0,0.00075020187,-26.821947,2.3101866,0.7700622,0.17999999,0.0,0.18795931,2.589998,2.599998,835200
hardzero_plus_depr__c0p58__z1p00__lam0p010__nu0p50__psi1p00,hardzero_plus_depr,0.01,40,261,0.0,1,0.43232164,0.43232164,1.1016457,0.0,0.079132386,0.0,0.0,0.00074273726,-29.513048,2.4236689,0.80788964,0.16000001,0.0,0.17701721,2.599998,2.609998,838400
hardzero_plus_depr__c0p58__z1p00__lam0p010__nu0p50__psi1p00,hardzero_plus_depr,0.01,40,262,0.0,1,0.43232164,0.43232164,1.0273114,0.0,0.09390496,0.0,0.0,0.000735347,-27.309689,2.2601304,0.75337684,0.18400002,0.0,0.12831816,2.609998,2.619998,841600
hardzero_plus_depr__c0p58__z1p00__lam0p010__nu0p50__psi1p00,hardzero_plus_depr,0.01,40,263,0.0,1,0.43232164,0.4323962,0.9895913,0.10242565,0.10242565,1.0,7.4568954e-05,0.0007280301,-26.730232,2.1771443,0.7257148,0.16000001,0.0,0.1290647,2.619998,2.629998,844800
hardzero_plus_depr__c0p58__z1p00__lam0p010__nu0p50__psi1p00,hardzero_plus_depr,0.01,40,264,0.0,1,0.4323962,0.4323962,1.0007089,0.0,0.09983688,0.0,0.0,0.00072078605,-26.277561,2.2016037,0.7338679,0.136,0.0,0.15589814,2.629998,2.639998,848000
hardzero_plus_depr__c0p58__z1p00__lam0p010__nu0p50__psi1p00,hardzero_plus_depr,0.01,40,265,0.0,1,0.4323962,0.4323962,1.0077367,0.0,0.098234326,0.0,0.0,0.0007136141,-26.08904,2.217065,0.7390217,0.17600001,0.0,0.14524142,2.639998,2.649998,851200
hardzero_plus_depr__c0p58__z1p00__lam0p010__nu0p50__psi1p00,hardzero_plus_depr,0.01,40,266,0.0,1,0.4323962,0.4323962,1.0512778,0.0,0.08886327,0.0,0.0,0.0007065136,-28.0827,2.3128572,0.7709524,0.128,0.0,0.15267523,2.649998,2.659998,854400
hardzero_plus_depr__c0p58__z1p00__lam0p010__nu0p50__psi1p00,hardzero_plus_depr,0.01,40,267,0.0,1,0.4323962,0.4323962,1.0099268,0.0,0.097740196,0.0,0.0,0.0006994837,-27.511627,2.2218833,0.74062777,0.112,0.0,0.16328825,2.659998,2.669998,857600
hardzero_plus_depr__c0p58__z1p00__lam0p010__nu0p50__psi1p00,hardzero_plus_depr,0.01,40,268,0.0,1,0.4323962,0.4324658,0.9978209,0.10050301,0.10050301,1.0,6.960071e-05,0.0006925236,-27.23745,2.1952498,0.73174995,0.14400001,0.0,0.13209678,2.669998,2.679998,860800
hardzero_plus_depr__c0p58__z1p00__lam0p010__nu0p50__psi1p00,hardzero_plus_depr,0.01,40,269,0.0,1,0.4324658,0.43253613,0.988891,0.10259093,0.10259093,1.0,7.033973e-05,0.000685633,-26.743486,2.1756036,0.72520125,0.136,0.0,0.12898692,2.679998,2.689998,864000
hardzero_plus_depr__c0p58__z1p00__lam0p010__nu0p50__psi1p00,hardzero_plus_depr,0.01,40,270,0.0,1,0.43253613,0.43260795,0.97547054,0.105810665,0.105810665,1.0,7.182542e-05,0.0006788108,-27.302526,2.146078,0.7153594,0.15200001,0.0,0.14982143,2.689998,2.699998,867200
hardzero_plus_depr__c0p58__z1p00__lam0p010__nu0p50__psi1p00,hardzero_plus_depr,0.01,40,271,0.0,1,0.43260795,0.4326805,0.96690553,0.10791814,0.10791814,1.0,7.2527095e-05,0.0006720565,-25.498724,2.1272347,0.70907825,0.16800001,0.0,0.12140198,2.699998,2.709998,870400
hardzero_plus_depr__c0p58__z1p00__lam0p010__nu0p50__psi1p00,hardzero_plus_depr,0.01,40,272,0.0,1,0.4326805,0.4326805,1.0796494,0.0,0.083243534,0.0,0.0,0.00066536944,-27.69322,2.3752763,0.7917588,0.112,0.0,0.15953887,2.709998,2.719998,873600
hardzero_plus_depr__c0p58__z1p00__lam0p010__nu0p50__psi1p00,hardzero_plus_depr,0.01,40,273,0.0,1,0.4326805,0.4326805,1.0312155,0.0,0.09306458,0.0,0.0,0.00065874896,-27.20227,2.2687194,0.75623983,0.07,0.0,0.14889917,2.719998,2.7299979,876800
hardzero_plus_depr__c0p58__z1p00__lam0p010__nu0p50__psi1p00,hardzero_plus_depr,0.01,40,274,0.0,1,0.4326805,0.4326805,1.0532665,0.0,0.088457264,0.0,0.0,0.0006521943,-28.25603,2.3172326,0.77241087,0.136,0.0,0.14355125,2.7299979,2.7399979,880000
hardzero_plus_depr__c0p58__z1p00__lam0p010__nu0p50__psi1p00,hardzero_plus_depr,0.01,40,275,0.0,1,0.4326805,0.4326805,1.036281,0.0,0.091985434,0.0,0.0,0.00064570486,-27.874973,2.2798636,0.7599546,0.128,0.0,0.12829152,2.7399979,2.7499979,883200
hardzero_plus_depr__c0p58__z1p00__lam0p010__nu0p50__psi1p00,hardzero_plus_depr,0.01,40,276,0.0,1,0.4326805,0.4326805,1.0739167,0.0,0.08434966,0.0,0.0,0.00063928,-28.296787,2.3626637,0.7875546,0.15200001,0.008,0.16188525,2.7499979,2.7599978,886400
hardzero_plus_depr__c0p58__z1p00__lam0p010__nu0p50__psi1p00,hardzero_plus_depr,0.01,40,277,0.0,1,0.4326805,0.43274453,0.99484915,0.10119309,0.10119309,1.0,6.4047024e-05,0.00063291896,-26.70532,2.188712,0.7295706,0.16000001,0.0,0.1446354,2.7599978,2.7699978,889600
hardzero_plus_depr__c0p58__z1p00__lam0p010__nu0p50__psi1p00,hardzero_plus_depr,0.01,40,278,0.0,1,0.43274453,0.43274453,1.0944551,0.0,0.080453485,0.0,0.0,0.00062662136,-28.493448,2.4078493,0.8026165,0.080000006,0.0,0.18071212,2.7699978,2.7799978,892800
hardzero_plus_depr__c0p58__z1p00__lam0p010__nu0p50__psi1p00,hardzero_plus_depr,0.01,40,279,0.0,1,0.43274453,0.43274453,1.1215106,0.0,0.07559436,0.0,0.0,0.0006203864,-28.352777,2.4673727,0.82245755,0.112,0.0,0.17222089,2.7799978,2.7899978,896000
hardzero_plus_depr__c0p58__z1p00__lam0p010__nu0p50__psi1p00,hardzero_plus_depr,0.01,40,280,0.0,1,0.43274453,0.43274453,1.006277,0.0,0.09856507,0.0,0.0,0.00061421347,-26.976852,2.2138536,0.7379512,0.15200001,0.0,0.15302545,2.7899978,2.7999978,899200
hardzero_plus_depr__c0p58__z1p00__lam0p010__nu0p50__psi1p00,hardzero_plus_depr,0.01,40,281,0.0,1,0.43274453,0.43280727,0.98651433,0.1031539,0.1031539,1.0,6.272808e-05,0.0006081019,-26.26449,2.1703749,0.7234583,0.16000001,0.0,0.13196808,2.7999978,2.8099978,902400
hardzero_plus_depr__c0p58__z1p00__lam0p010__nu0p50__psi1p00,hardzero_plus_depr,0.01,40,282,0.0,1,0.43280727,0.4328749,0.94949734,0.11233179,0.11233179,1.0,6.7629495e-05,0.0006020512,-26.685568,2.0889359,0.69631195,0.24000001,0.0,0.14172009,2.8099978,2.8199978,905600
hardzero_plus_depr__c0p58__z1p00__lam0p010__nu0p50__psi1p00,hardzero_plus_depr,0.01,40,283,0.0,1,0.4328749,0.4328749,1.063021,0.0,0.08649262,0.0,0.0,0.00059606077,-27.839052,2.338693,0.7795643,0.096,0.0,0.13450216,2.8199978,2.8299978,908800
hardzero_plus_depr__c0p58__z1p00__lam0p010__nu0p50__psi1p00,hardzero_plus_depr,0.01,40,284,0.0,1,0.4328749,0.4329366,0.9806026,0.104567654,0.104567654,1.0,6.1708495e-05,0.0005901299,-26.09665,2.157369,0.719123,0.112,0.0,0.1317399,2.8299978,2.8399978,912000
hardzero_plus_depr__c0p58__z1p00__lam0p010__nu0p50__psi1p00,hardzero_plus_depr,0.01,40,285,0.0,1,0.4329366,0.4329366,1.0596176,0.0,0.08717307,0.0,0.0,0.000584258,-28.080267,2.3312054,0.7770685,0.15200001,0.0,0.1424028,2.8399978,2.8499978,915200
hardzero_plus_depr__c0p58__z1p00__lam0p010__nu0p50__psi1p00,hardzero_plus_depr,0.01,40,286,0.0,1,0.4329366,0.4329366,1.0805111,0.0,0.08307855,0.0,0.0,0.0005784445,-27.494652,2.377172,0.7923907,0.07,0.0,0.1383766,2.8499978,2.8599977,918400
hardzero_plus_depr__c0p58__z1p00__lam0p010__nu0p50__psi1p00,hardzero_plus_depr,0.01,40,287,0.0,1,0.4329366,0.4329366,1.0217608,0.0,0.09511285,0.0,0.0,0.0005726889,-26.358997,2.2479186,0.7493062,0.16800001,0.0,0.1456036,2.8599977,2.8699977,921600
hardzero_plus_depr__c0p58__z1p00__lam0p010__nu0p50__psi1p00,hardzero_plus_depr,0.01,40,288,0.0,1,0.4329366,0.4329366,1.0480276,0.0,0.089530766,0.0,0.0,0.0005669905,-27.539259,2.3057067,0.76856893,0.136,0.0,0.13607651,2.8699977,2.8799977,924800
hardzero_plus_depr__c0p58__z1p00__lam0p010__nu0p50__psi1p00,hardzero_plus_depr,0.01,40,289,0.0,1,0.4329366,0.4329366,1.0686631,0.0,0.0853762,0.0,0.0,0.0005613489,-27.4612,2.3511057,0.7837019,0.14400001,0.0,0.16809884,2.8799977,2.8899977,928000
hardzero_plus_depr__c0p58__z1p00__lam0p010__nu0p50__psi1p00,hardzero_plus_depr,0.01,40,290,0.0,1,0.4329366,0.4329366,1.010621,0.0,0.097584106,0.0,0.0,0.00055576337,-26.153416,2.2234104,0.7411368,0.14400001,0.0,0.12787199,2.8899977,2.8999977,931200
hardzero_plus_depr__c0p58__z1p00__lam0p010__nu0p50__psi1p00,hardzero_plus_depr,0.01,40,291,0.0,1,0.4329366,0.4329366,1.0358452,0.0,0.09207779,0.0,0.0,0.00055023347,-27.859701,2.278905,0.759635,0.136,0.0,0.16288245,2.8999977,2.9099977,934400
hardzero_plus_depr__c0p58__z1p00__lam0p010__nu0p50__psi1p00,hardzero_plus_depr,0.01,40,292,0.0,1,0.4329366,0.4329366,1.0640502,0.0,0.086287886,0.0,0.0,0.0005447585,-27.288443,2.3409572,0.7803191,0.15200001,0.0,0.1634732,2.9099977,2.9199977,937600
hardzero_plus_depr__c0p58__z1p00__lam0p010__nu0p50__psi1p00,hardzero_plus_depr,0.01,40,293,0.0,1,0.4329366,0.4329366,1.0069084,0.0,0.09842185,0.0,0.0,0.0005393381,-26.404152,2.2152429,0.7384143,0.24800001,0.0,0.1393293,2.9199977,2.9299977,940800
hardzero_plus_depr__c0p58__z1p00__lam0p010__nu0p50__psi1p00,hardzero_plus_depr,0.01,40,294,0.0,1,0.4329366,0.4329366,1.0130949,0.0,0.09702979,0.0,0.0,0.00053397164,-26.800173,2.2288532,0.7429511,0.18400002,0.0,0.16537715,2.9299977,2.9399977,944000
hardzero_plus_depr__c0p58__z1p00__lam0p010__nu0p50__psi1p00,hardzero_plus_depr,0.01,40,295,0.0,1,0.4329366,0.4329366,1.0414498,0.0,0.09089714,0.0,0.0,0.00052865857,-28.015146,2.2912352,0.76374507,0.2,0.0,0.16766405,2.9399977,2.9499977,947200
hardzero_plus_depr__c0p58__z1p00__lam0p010__nu0p50__psi1p00,hardzero_plus_depr,0.01,40,296,0.0,1,0.4329366,0.4329366,1.0480933,0.0,0.089517236,0.0,0.0,0.0005233983,-27.205389,2.3058515,0.76861715,0.14400001,0.0,0.13484134,2.9499977,2.9599977,950400
hardzero_plus_depr__c0p58__z1p00__lam0p010__nu0p50__psi1p00,hardzero_plus_depr,0.01,40,297,0.0,1,0.4329366,0.43299258,0.9666293,0.10798679,0.10798679,1.0,5.5957717e-05,0.0005181904,-25.469162,2.126627,0.70887566,0.28,0.0,0.1353983,2.9599977,2.9699976,953600
hardzero_plus_depr__c0p58__z1p00__lam0p010__nu0p50__psi1p00,hardzero_plus_depr,0.01,40,298,0.0,1,0.43299258,0.43304622,0.9806007,0.1045681,0.1045681,1.0,5.364702e-05,0.0005130343,-26.395424,2.1573646,0.7191216,0.208,0.008,0.12170415,2.9699976,2.9799976,956800
hardzero_plus_depr__c0p58__z1p00__lam0p010__nu0p50__psi1p00,hardzero_plus_depr,0.01,40,299,0.0,1,0.43304622,0.43304622,1.0173584,0.0,0.0960819,0.0,0.0,0.00050792954,-26.888979,2.2382333,0.7460778,0.14999999,0.0,0.16023754,2.9799976,2.9899976,960000
hardzero_plus_depr__c0p58__z1p00__lam0p010__nu0p50__psi1p00,hardzero_plus_depr,0.01,40,300,0.0,1,0.43304622,0.43304622,1.0860661,0.0,0.082022674,0.0,0.0,0.00050287554,-28.643044,2.389393,0.7964644,0.14400001,0.0,0.15927745,2.9899976,2.9999976,963200
hardzero_plus_depr__c0p58__z1p00__lam0p010__nu0p50__psi1p00,hardzero_plus_depr,0.01,40,301,0.0,1,0.43304622,0.43304622,1.0381778,0.0,0.09158453,0.0,0.0,0.00049787184,-26.310362,2.2840369,0.7613456,0.18400002,0.0,0.120921746,2.9999976,3.0099976,966400
hardzero_plus_depr__c0p58__z1p00__lam0p010__nu0p50__psi1p00,hardzero_plus_depr,0.01,40,302,0.0,1,0.43304622,0.43304622,1.040975,0.0,0.09099656,0.0,0.0,0.00049291796,-27.66282,2.2901907,0.7633969,0.16000001,0.0,0.15538464,3.0099976,3.0199976,969600
hardzero_plus_depr__c0p58__z1p00__lam0p010__nu0p50__psi1p00,hardzero_plus_depr,0.01,40,303,0.0,1,0.43304622,0.43304622,1.0149145,0.0,0.09662409,0.0,0.0,0.00048801332,-27.097452,2.2328565,0.7442855,0.17600001,0.0,0.16496718,3.0199976,3.0299976,972800
hardzero_plus_depr__c0p58__z1p00__lam0p010__nu0p50__psi1p00,hardzero_plus_depr,0.01,40,304,0.0,1,0.43304622,0.4330981,0.96902376,0.10739305,0.10739305,1.0,5.188776e-05,0.00048315752,-26.297037,2.1318948,0.7106316,0.256,0.0,0.1262967,3.0299976,3.0399976,976000
hardzero_plus_depr__c0p58__z1p00__lam0p010__nu0p50__psi1p00,hardzero_plus_depr,0.01,40,305,0.0,1,0.4330981,0.4330981,1.014834,0.0,0.09664202,0.0,0.0,0.00047835003,-26.403416,2.2326794,0.74422646,0.14400001,0.0,0.13371715,3.0399976,3.0499976,979200
hardzero_plus_depr__c0p58__z1p00__lam0p010__nu0p50__psi1p00,hardzero_plus_depr,0.01,40,306,0.0,1,0.4330981,0.43314698,0.9862732,0.103211194,0.103211194,1.0,4.8879832e-05,0.00047359042,-26.535536,2.1698444,0.7232815,0.16800001,0.0,0.14395408,3.0499976,3.0599976,982400
hardzero_plus_depr__c0p58__z1p00__lam0p010__nu0p50__psi1p00,hardzero_plus_depr,0.01,40,307,0.0,1,0.43314698,0.43314698,1.0166832,0.0,0.0962314,0.0,0.0,0.0004688781,-26.96502,2.2367477,0.7455826,0.18400002,0.0,0.1346913,3.0599976,3.0699975,985600
hardzero_plus_depr__c0p58__z1p00__lam0p010__nu0p50__psi1p00,hardzero_plus_depr,0.01,40,308,0.0,1,0.43314698,0.43314698,1.0897928,0.0,0.08132183,0.0,0.0,0.0004642127,-27.31791,2.397592,0.7991974,0.136,0.0,0.14534044,3.0699975,3.0799975,988800
hardzero_plus_depr__c0p58__z1p00__lam0p010__nu0p50__psi1p00,hardzero_plus_depr,0.01,40,309,0.0,1,0.43314698,0.43319353,0.99436593,0.10130573,0.10130573,1.0,4.655948e-05,0.00045959372,-27.351168,2.1876488,0.7292163,0.128,0.0,0.13678013,3.0799975,3.0899975,992000
hardzero_plus_depr__c0p58__z1p00__lam0p010__nu0p50__psi1p00,hardzero_plus_depr,0.01,40,310,0.0,1,0.43319353,0.43319353,1.0097723,0.0,0.09777497,0.0,0.0,0.00045502066,-26.990686,2.2215436,0.7405145,0.120000005,0.0,0.15098168,3.0899975,3.0999975,995200
hardzero_plus_depr__c0p58__z1p00__lam0p010__nu0p50__psi1p00,hardzero_plus_depr,0.01,40,311,0.0,1,0.43319353,0.4332389,0.9970034,0.10069239,0.10069239,1.0,4.5361234e-05,0.00045049316,-27.0918,2.1934512,0.7311504,0.14400001,0.0,0.12812997,3.0999975,3.1099975,998400
hardzero_plus_depr__c0p58__z1p00__lam0p010__nu0p50__psi1p00,hardzero_plus_depr,0.01,40,312,0.0,1,0.4332389,0.4332389,1.0237147,0.0,0.094685905,0.0,0.0,0.00044601067,-26.765215,2.2522173,0.7507391,0.12,0.0,0.14116262,3.1099975,3.1199975,1001600
hardzero_plus_depr__c0p58__z1p00__lam0p010__nu0p50__psi1p00,hardzero_plus_depr,0.01,40,313,0.0,1,0.4332389,0.4332389,1.0417881,0.0,0.09082635,0.0,0.0,0.00044157277,-28.137096,2.2919796,0.7639932,0.15200001,0.0,0.1347202,3.1199975,3.1299975,1004800
hardzero_plus_depr__c0p58__z1p00__lam0p010__nu0p50__psi1p00,hardzero_plus_depr,0.01,40,314,0.0,1,0.4332389,0.43328327,0.9934249,0.1015255,0.1015255,1.0,4.4384822e-05,0.00043717906,-26.17069,2.1855783,0.7285261,0.24000001,0.0,0.15171824,3.1299975,3.1399975,1008000
hardzero_plus_depr__c0p58__z1p00__lam0p010__nu0p50__psi1p00,hardzero_plus_depr,0.01,40,315,0.0,1,0.43328327,0.43328327,1.1377349,0.0,0.07282242,0.0,0.0,0.00043282905,-28.74298,2.5030668,0.8343556,0.104,0.0,0.17364304,3.1399975,3.1499975,1011200
hardzero_plus_depr__c0p58__z1p00__lam0p010__nu0p50__psi1p00,hardzero_plus_depr,0.01,40,316,0.0,1,0.43328327,0.43328327,1.0515944,0.0,0.0887985,0.0,0.0,0.00042852233,-26.771805,2.3135538,0.7711846,0.112,0.0,0.19267763,3.1499975,3.1599975,1014400
hardzero_plus_depr__c0p58__z1p00__lam0p010__nu0p50__psi1p00,hardzero_plus_depr,0.01,40,317,0.0,1,0.43328327,0.43332618,0.9950787,0.10113962,0.10113962,1.0,4.290934e-05,0.00042425847,-26.60459,2.1892169,0.72973895,0.15200001,0.0,0.12197503,3.1599975,3.1699975,1017600
hardzero_plus_depr__c0p58__z1p00__lam0p010__nu0p50__psi1p00,hardzero_plus_depr,0.01,40,318,0.0,1,0.43332618,0.43332618,1.0409542,0.0,0.09100092,0.0,0.0,0.00042003705,-27.09686,2.2901452,0.7633817,0.192,0.0,0.15142551,3.1699975,3.1799974,1020800
hardzero_plus_depr__c0p58__z1p00__lam0p010__nu0p50__psi1p00,hardzero_plus_depr,0.01,40,319,0.0,1,0.43332618,0.43332618,1.0308473,0.0,0.09314354,0.0,0.0,0.00041585762,-27.20754,2.2679093,0.75596976,0.16000001,0.0,0.15618844,3.1799974,3.1899974,1024000
hardzero_plus_depr__c0p58__z1p00__lam0p010__nu0p50__psi1p00,hardzero_plus_depr,0.01,40,320,0.0,1,0.43332618,0.43332618,1.0768188,0.0,0.08378788,0.0,0.0,0.00041171978,-27.675055,2.3690488,0.789683,0.16800001,0.0,0.17386925,3.1899974,3.1999974,1027200
hardzero_plus_depr__c0p58__z1p00__lam0p010__nu0p50__psi1p00,hardzero_plus_depr,0.01,40,321,0.0,1,0.43332618,0.43332618,1.046049,0.0,0.08993962,0.0,0.0,0.00040762307,-27.555962,2.3013537,0.7671179,0.120000005,0.0,0.17411238,3.1999974,3.2099974,1030400
hardzero_plus_depr__c0p58__z1p00__lam0p010__nu0p50__psi1p00,hardzero_plus_depr,0.01,40,322,0.0,1,0.43332618,0.43332618,1.0465572,0.0,0.08983444,0.0,0.0,0.00040356716,-28.002619,2.3024719,0.7674906,0.136,0.0,0.12770735,3.2099974,3.2199974,1033600
hardzero_plus_depr__c0p58__z1p00__lam0p010__nu0p50__psi1p00,hardzero_plus_depr,0.01,40,323,0.0,1,0.43332618,0.43336806,0.9796791,0.104790255,0.104790255,1.0,4.186912e-05,0.00039955165,-26.54561,2.155337,0.7184457,0.14400001,0.0,0.14357166,3.2199974,3.2299974,1036800
hardzero_plus_depr__c0p58__z1p00__lam0p010__nu0p50__psi1p00,hardzero_plus_depr,0.01,40,324,0.0,1,0.43336806,0.43336806,1.0439659,0.0,0.090372026,0.0,0.0,0.000395576,-27.226046,2.296771,0.76559037,0.18400002,0.0,0.14417309,3.2299974,3.2399974,1040000
hardzero_plus_depr__c0p58__z1p00__lam0p010__nu0p50__psi1p00,hardzero_plus_depr,0.01,40,325,0.0,1,0.43336806,0.43336806,1.046309,0.0,0.08988579,0.0,0.0,0.00039163997,-28.004622,2.3019257,0.7673086,0.16,0.0,0.1562135,3.2399974,3.2499974,1043200
hardzero_plus_depr__c0p58__z1p00__lam0p010__nu0p50__psi1p00,hardzero_plus_depr,0.01,40,326,0.0,1,0.43336806,0.43336806,1.0457408,0.0,0.09000345,0.0,0.0,0.00038774312,-28.248507,2.3006759,0.76689196,0.17600001,0.0,0.14904752,3.2499974,3.2599974,1046400
hardzero_plus_depr__c0p58__z1p00__lam0p010__nu0p50__psi1p00,hardzero_plus_depr,0.01,40,327,0.0,1,0.43336806,0.43336806,1.033225,0.0,0.09263497,0.0,0.0,0.00038388497,-26.26479,2.2731404,0.7577135,0.120000005,0.0,0.13472967,3.2599974,3.2699974,1049600
hardzero_plus_depr__c0p58__z1p00__lam0p010__nu0p50__psi1p00,hardzero_plus_depr,0.01,40,328,0.0,1,0.43336806,0.43336806,1.0544924,0.0,0.08820794,0.0,0.0,0.00038006523,-28.404667,2.3199296,0.7733099,0.120000005,0.0,0.14262432,3.2699974,3.2799973,1052800
hardzero_plus_depr__c0p58__z1p00__lam0p010__nu0p50__psi1p00,hardzero_plus_depr,0.01,40,329,0.0,1,0.43336806,0.43340918,0.9615394,0.109259866,0.109259866,1.0,4.1112693e-05,0.00037628357,-25.298138,2.115429,0.705143,0.136,0.008,0.14183559,3.2799973,3.2899973,1056000
hardzero_plus_depr__c0p58__z1p00__lam0p010__nu0p50__psi1p00,hardzero_plus_depr,0.01,40,330,0.0,1,0.43340918,0.43340918,1.0138708,0.0,0.09685659,0.0,0.0,0.00037253945,-26.647526,2.2305603,0.74352014,0.16000001,0.0,0.13614938,3.2899973,3.2999973,1059200
hardzero_plus_depr__c0p58__z1p00__lam0p010__nu0p50__psi1p00,hardzero_plus_depr,0.01,40,331,0.0,1,0.43340918,0.43340918,1.1254677,0.0,0.07490871,0.0,0.0,0.00036883264,-28.50326,2.4760783,0.82535946,0.104,0.008,0.14235888,3.2999973,3.3099973,1062400
hardzero_plus_depr__c0p58__z1p00__lam0p010__nu0p50__psi1p00,hardzero_plus_depr,0.01,40,332,0.0,1,0.43340918,0.43340918,1.0566946,0.0,0.08776177,0.0,0.0,0.0003651627,-28.686436,2.3247745,0.7749249,0.16800001,0.0,0.15126503,3.3099973,3.3199973,1065600
hardzero_plus_depr__c0p58__z1p00__lam0p010__nu0p50__psi1p00,hardzero_plus_depr,0.01,40,333,0.0,1,0.43340918,0.43340918,1.0097609,0.0,0.09777754,0.0,0.0,0.00036152932,-26.986303,2.2215183,0.7405061,0.2,0.0,0.18391739,3.3199973,3.3299973,1068800
hardzero_plus_depr__c0p58__z1p00__lam0p010__nu0p50__psi1p00,hardzero_plus_depr,0.01,40,334,0.0,1,0.43340918,0.43340918,1.0452461,0.0,0.09010604,0.0,0.0,0.00035793203,-27.24978,2.2995875,0.7665292,0.112,0.0,0.15717585,3.3299973,3.3399973,1072000
hardzero_plus_depr__c0p58__z1p00__lam0p010__nu0p50__psi1p00,hardzero_plus_depr,0.01,40,335,0.0,1,0.43340918,0.43340918,1.0907304,0.0,0.08114646,0.0,0.0,0.00035437054,-27.794014,2.3996549,0.799885,0.16800001,0.0,0.15283163,3.3399973,3.3499973,1075200
hardzero_plus_depr__c0p58__z1p00__lam0p010__nu0p50__psi1p00,hardzero_plus_depr,0.01,40,336,0.0,1,0.43340918,0.43340918,1.06969,0.0,0.08517458,0.0,0.0,0.0003508445,-28.087442,2.353365,0.784455,0.112,0.0,0.14647968,3.3499973,3.3599973,1078400
hardzero_plus_depr__c0p58__z1p00__lam0p010__nu0p50__psi1p00,hardzero_plus_depr,0.01,40,337,0.0,1,0.43340918,0.43340918,1.0800468,0.0,0.08316742,0.0,0.0,0.00034735355,-28.344927,2.3761504,0.7920501,0.104,0.0,0.1537647,3.3599973,3.3699973,1081600
hardzero_plus_depr__c0p58__z1p00__lam0p010__nu0p50__psi1p00,hardzero_plus_depr,0.01,40,338,0.0,1,0.43340918,0.43340918,1.022831,0.0,0.094878756,0.0,0.0,0.0003438973,-26.78537,2.250273,0.750091,0.12,0.0,0.16655312,3.3699973,3.3799973,1084800
hardzero_plus_depr__c0p58__z1p00__lam0p010__nu0p50__psi1p00,hardzero_plus_depr,0.01,40,339,0.0,1,0.43340918,0.43344456,0.98339164,0.103898264,0.103898264,1.0,3.537481e-05,0.00034047547,-26.806515,2.1635048,0.7211683,0.18400002,0.0,0.12908837,3.3799973,3.3899972,1088000
hardzero_plus_depr__c0p58__z1p00__lam0p010__nu0p50__psi1p00,hardzero_plus_depr,0.01,40,340,0.0,1,0.43344456,0.43344456,1.0313071,0.0,0.09304497,0.0,0.0,0.0003370877,-27.93238,2.268921,0.756307,0.15200001,0.0,0.15212902,3.3899972,3.3999972,1091200
hardzero_plus_depr__c0p58__z1p00__lam0p010__nu0p50__psi1p00,hardzero_plus_depr,0.01,40,341,0.0,1,0.43344456,0.43344456,1.0113019,0.0,0.0974312,0.0,0.0,0.0003337336,-27.126575,2.2249086,0.7416362,0.16800001,0.0,0.1235742,3.3999972,3.4099972,1094400
hardzero_plus_depr__c0p58__z1p00__lam0p010__nu0p50__psi1p00,hardzero_plus_depr,0.01,40,342,0.0,1,0.43344456,0.43344456,1.0925756,0.0,0.08080243,0.0,0.0,0.0003304129,-27.924978,2.4037142,0.80123806,0.17600001,0.0,0.16126463,3.4099972,3.4199972,1097600
hardzero_plus_depr__c0p58__z1p00__lam0p010__nu0p50__psi1p00,hardzero_plus_depr,0.01,40,343,0.0,1,0.43344456,0.43344456,1.0662367,0.0,0.08585454,0.0,0.0,0.00032712525,-27.943497,2.3457677,0.7819226,0.14400001,0.0,0.14912175,3.4199972,3.4299972,1100800
hardzero_plus_depr__c0p58__z1p00__lam0p010__nu0p50__psi1p00,hardzero_plus_depr,0.01,40,344,0.0,1,0.43344456,0.43344456,1.0762416,0.0,0.083899304,0.0,0.0,0.00032387028,-27.966606,2.3677788,0.7892596,0.15200001,0.0,0.16851537,3.4299972,3.4399972,1104000
hardzero_plus_depr__c0p58__z1p00__lam0p010__nu0p50__psi1p00,hardzero_plus_depr,0.01,40,345,0.0,1,0.43344456,0.43344456,1.0571244,0.0,0.087674975,0.0,0.0,0.00032064776,-28.471273,2.32572,0.77524006,0.16000001,0.0,0.14755654,3.4399972,3.4499972,1107200
hardzero_plus_depr__c0p58__z1p00__lam0p010__nu0p50__psi1p00,hardzero_plus_depr,0.01,40,346,0.0,1,0.43344456,0.43344456,1.0272554,0.0,0.09391707,0.0,0.0,0.00031745725,-26.840286,2.2600071,0.7533357,0.2,0.0,0.12623294,3.4499972,3.4599972,1110400
hardzero_plus_depr__c0p58__z1p00__lam0p010__nu0p50__psi1p00,hardzero_plus_depr,0.01,40,347,0.0,1,0.43344456,0.43344456,1.0361873,0.0,0.09200525,0.0,0.0,0.00031429852,-26.324343,2.2796576,0.7598859,0.17600001,0.0,0.14312884,3.4599972,3.4699972,1113600
hardzero_plus_depr__c0p58__z1p00__lam0p010__nu0p50__psi1p00,hardzero_plus_depr,0.01,40,348,0.0,1,0.43344456,0.43344456,1.0639197,0.0,0.086313814,0.0,0.0,0.00031117117,-27.404541,2.34067,0.78022337,0.112,0.0,0.16132239,3.4699972,3.4799972,1116800
hardzero_plus_depr__c0p58__z1p00__lam0p010__nu0p50__psi1p00,hardzero_plus_depr,0.01,40,349,0.0,1,0.43344456,0.43344456,1.045912,0.0,0.089967966,0.0,0.0,0.000308075,-26.522066,2.3010523,0.7670175,0.080000006,0.0,0.13424183,3.4799972,3.4899971,1120000
hardzero_plus_depr__c0p58__z1p00__lam0p010__nu0p50__psi1p00,hardzero_plus_depr,0.01,40,350,0.0,1,0.43344456,0.43347663,0.978103,0.10517125,0.10517125,1.0,3.207824e-05,0.00030500957,-25.797161,2.1518695,0.71728987,0.136,0.0,0.14964284,3.4899971,3.4999971,1123200
hardzero_plus_depr__c0p58__z1p00__lam0p010__nu0p50__psi1p00,hardzero_plus_depr,0.01,40,351,0.0,1,0.43347663,0.43350792,0.9845325,0.1036257,0.1036257,1.0,3.1292337e-05,0.00030197468,-26.529812,2.1660147,0.7220049,0.14,0.0,0.10784638,3.4999971,3.5099971,1126400
hardzero_plus_depr__c0p58__z1p00__lam0p010__nu0p50__psi1p00,hardzero_plus_depr,0.01,40,352,0.0,1,0.43350792,0.43353793,0.9982762,0.100397706,0.100397706,1.0,3.0015899e-05,0.00029896997,-27.121227,2.1962514,0.7320838,0.128,0.0,0.142351,3.5099971,3.5199971,1129600
hardzero_plus_depr__c0p58__z1p00__lam0p010__nu0p50__psi1p00,hardzero_plus_depr,0.01,40,353,0.0,1,0.43353793,0.43353793,1.0315967,0.0,0.09298296,0.0,0.0,0.0002959952,-27.298985,2.269558,0.7565193,0.15200001,0.0,0.14515351,3.5199971,3.529997,1132800
hardzero_plus_depr__c0p58__z1p00__lam0p010__nu0p50__psi1p00,hardzero_plus_depr,0.01,40,354,0.0,1,0.43353793,0.43353793,1.0497507,0.0,0.089176275,0.0,0.0,0.00029305002,-27.42599,2.3094976,0.76983255,0.120000005,0.0,0.14392604,3.529997,3.539997,1136000
hardzero_plus_depr__c0p58__z1p00__lam0p010__nu0p50__psi1p00,hardzero_plus_depr,0.01,40,355,0.0,1,0.43353793,0.43353793,1.1082369,0.0,0.07794048,0.0,0.0,0.0002901341,-28.283934,2.43817,0.81272334,0.104,0.0,0.16427052,3.539997,3.549997,1139200
hardzero_plus_depr__c0p58__z1p00__lam0p010__nu0p50__psi1p00,hardzero_plus_depr,0.01,40,356,0.0,1,0.43353793,0.43353793,1.0126944,0.0,0.09711932,0.0,0.0,0.00028724724,-25.802273,2.227972,0.74265736,0.112,0.0,0.12556954,3.549997,3.559997,1142400
hardzero_plus_depr__c0p58__z1p00__lam0p010__nu0p50__psi1p00,hardzero_plus_depr,0.01,40,357,0.0,1,0.43353793,0.43353793,1.0451947,0.0,0.090116695,0.0,0.0,0.0002843891,-27.568434,2.2994742,0.7664914,0.104,0.0,0.1300623,3.559997,3.569997,1145600
hardzero_plus_depr__c0p58__z1p00__lam0p010__nu0p50__psi1p00,hardzero_plus_depr,0.01,40,358,0.0,1,0.43353793,0.43353793,1.0575266,0.0,0.0875938,0.0,0.0,0.00028155936,-26.835627,2.326605,0.77553505,0.14400001,0.0,0.1527634,3.569997,3.579997,1148800
hardzero_plus_depr__c0p58__z1p00__lam0p010__nu0p50__psi1p00,hardzero_plus_depr,0.01,40,359,0.0,1,0.43353793,0.43353793,1.0643904,0.0,0.08622031,0.0,0.0,0.0002787578,-28.205263,2.3417056,0.78056854,0.16800001,0.0,0.1568991,3.579997,3.589997,1152000
hardzero_plus_depr__c0p58__z1p00__lam0p010__nu0p50__psi1p00,hardzero_plus_depr,0.01,40,360,0.0,1,0.43353793,0.43353793,1.0384799,0.0,0.09152085,0.0,0.0,0.00027598412,-26.597511,2.2847013,0.7615671,0.2,0.0,0.14971332,3.589997,3.599997,1155200
hardzero_plus_depr__c0p58__z1p00__lam0p010__nu0p50__psi1p00,hardzero_plus_depr,0.01,40,361,0.0,1,0.43353793,0.43353793,1.0449048,0.0,0.09017688,0.0,0.0,0.00027323802,-28.011488,2.2988365,0.76627886,0.17600001,0.0,0.12839873,3.599997,3.609997,1158400
hardzero_plus_depr__c0p58__z1p00__lam0p010__nu0p50__psi1p00,hardzero_plus_depr,0.01,40,362,0.0,1,0.43353793,0.43353793,1.0061768,0.0,0.0985878,0.0,0.0,0.00027051926,-26.916632,2.2136333,0.7378778,0.096,0.0,0.12837319,3.609997,3.619997,1161600
hardzero_plus_depr__c0p58__z1p00__lam0p010__nu0p50__psi1p00,hardzero_plus_depr,0.01,40,363,0.0,1,0.43353793,0.43353793,1.0729852,0.0,0.08453077,0.0,0.0,0.00026782756,-27.8525,2.3606145,0.78687155,0.136,0.0,0.18549347,3.619997,3.629997,1164800
hardzero_plus_depr__c0p58__z1p00__lam0p010__nu0p50__psi1p00,hardzero_plus_depr,0.01,40,364,0.0,1,0.43353793,0.43353793,1.0074522,0.0,0.098298684,0.0,0.0,0.0002651626,-27.162811,2.2164392,0.7388131,0.19,0.0,0.14779612,3.629997,3.639997,1168000
hardzero_plus_depr__c0p58__z1p00__lam0p010__nu0p50__psi1p00,hardzero_plus_depr,0.01,40,365,0.0,1,0.43353793,0.43353793,1.0614728,0.0,0.0868015,0.0,0.0,0.00026252423,-28.104729,2.3352866,0.7784289,0.136,0.0,0.16703089,3.639997,3.649997,1171200
hardzero_plus_depr__c0p58__z1p00__lam0p010__nu0p50__psi1p00,hardzero_plus_depr,0.01,40,366,0.0,1,0.43353793,0.43353793,1.0587107,0.0,0.0873553,0.0,0.0,0.00025991208,-27.475643,2.32921,0.77640337,0.120000005,0.008,0.14454496,3.649997,3.659997,1174400
hardzero_plus_depr__c0p58__z1p00__lam0p010__nu0p50__psi1p00,hardzero_plus_depr,0.01,40,367,0.0,1,0.43353793,0.43353793,1.0158386,0.0,0.09641873,0.0,0.0,0.0002573259,-27.247105,2.2348895,0.74496317,0.120000005,0.0,0.16250002,3.659997,3.669997,1177600
hardzero_plus_depr__c0p58__z1p00__lam0p010__nu0p50__psi1p00,hardzero_plus_depr,0.01,40,368,0.0,1,0.43353793,0.43353793,1.0577799,0.0,0.08754274,0.0,0.0,0.00025476547,-27.543194,2.3271623,0.7757208,0.136,0.0,0.144178,3.669997,3.679997,1180800
hardzero_plus_depr__c0p58__z1p00__lam0p010__nu0p50__psi1p00,hardzero_plus_depr,0.01,40,369,0.0,1,0.43353793,0.4335634,0.9957651,0.100979894,0.100979894,1.0,2.5470212e-05,0.00025223053,-27.108356,2.190727,0.7302424,0.14400001,0.0,0.17720301,3.679997,3.689997,1184000
hardzero_plus_depr__c0p58__z1p00__lam0p010__nu0p50__psi1p00,hardzero_plus_depr,0.01,40,370,0.0,1,0.4335634,0.4335634,1.0251346,0.0,0.09437684,0.0,0.0,0.0002497208,-26.518513,2.255341,0.7517804,0.192,0.0,0.14076777,3.689997,3.699997,1187200
hardzero_plus_depr__c0p58__z1p00__lam0p010__nu0p50__psi1p00,hardzero_plus_depr,0.01,40,371,0.0,1,0.4335634,0.4335634,1.019488,0.0,0.09561191,0.0,0.0,0.00024723602,-27.711607,2.2429183,0.7476394,0.16000001,0.0,0.19170076,3.699997,3.709997,1190400
hardzero_plus_depr__c0p58__z1p00__lam0p010__nu0p50__psi1p00,hardzero_plus_depr,0.01,40,372,0.0,1,0.4335634,0.4335634,1.0491879,0.0,0.0892919,0.0,0.0,0.00024477596,-28.105448,2.3082595,0.76941985,0.18400002,0.0,0.16470979,3.709997,3.719997,1193600
hardzero_plus_depr__c0p58__z1p00__lam0p010__nu0p50__psi1p00,hardzero_plus_depr,0.01,40,373,0.0,1,0.4335634,0.4335634,1.0342946,0.0,0.092407115,0.0,0.0,0.00024234041,-27.098095,2.2754936,0.7584979,0.16000001,0.0,0.15847316,3.719997,3.729997,1196800
hardzero_plus_depr__c0p58__z1p00__lam0p010__nu0p50__psi1p00,hardzero_plus_depr,0.01,40,374,0.0,1,0.4335634,0.4335634,1.0779052,0.0,0.08357855,0.0,0.0,0.00023992908,-28.22742,2.3714387,0.7904796,0.16000001,0.0,0.15243086,3.729997,3.739997,1200000
hardzero_plus_depr__c0p58__z1p00__lam0p010__nu0p50__psi1p00,hardzero_plus_depr,0.01,40,375,0.0,1,0.4335634,0.4335634,1.0049744,0.0,0.09886115,0.0,0.0,0.00023754175,-26.84409,2.2109878,0.73699594,0.16800001,0.0,0.14657801,3.739997,3.749997,1203200
hardzero_plus_depr__c0p58__z1p00__lam0p010__nu0p50__psi1p00,hardzero_plus_depr,0.01,40,376,0.0,1,0.4335634,0.43358755,0.98856807,0.10266726,0.10266726,1.0,2.4145102e-05,0.0002351782,-27.101328,2.1748931,0.7249644,0.17600001,0.0,0.14351797,3.749997,3.759997,1206400
hardzero_plus_depr__c0p58__z1p00__lam0p010__nu0p50__psi1p00,hardzero_plus_depr,0.01,40,377,0.0,1,0.43358755,0.43358755,1.029161,0.0,0.093505904,0.0,0.0,0.00023283812,-26.855747,2.2641993,0.7547331,0.12,0.0,0.1256823,3.759997,3.769997,1209600
hardzero_plus_depr__c0p58__z1p00__lam0p010__nu0p50__psi1p00,hardzero_plus_depr,0.01,40,378,0.0,1,0.43358755,0.43358755,1.0239234,0.0,0.094640404,0.0,0.0,0.00023052137,-26.937714,2.2526765,0.75089216,0.18400002,0.0,0.16534549,3.769997,3.7799969,1212800
hardzero_plus_depr__c0p58__z1p00__lam0p010__nu0p50__psi1p00,hardzero_plus_depr,0.01,40,379,0.0,1,0.43358755,0.43358755,1.0179757,0.0,0.095945425,0.0,0.0,0.00022822763,-27.233562,2.2395911,0.7465304,0.104,0.0,0.15663096,3.7799969,3.7899969,1216000
hardzero_plus_depr__c0p58__z1p00__lam0p010__nu0p50__psi1p00,hardzero_plus_depr,0.01,40,380,0.0,1,0.43358755,0.43358755,1.0421227,0.0,0.09075641,0.0,0.0,0.00022595673,-27.504133,2.2927158,0.7642386,0.15200001,0.0,0.1509903,3.7899969,3.7999969,1219200
hardzero_plus_depr__c0p58__z1p00__lam0p010__nu0p50__psi1p00,hardzero_plus_depr,0.01,40,381,0.0,1,0.43358755,0.43358755,1.0168931,0.0,0.09618488,0.0,0.0,0.00022370843,-27.031689,2.2372096,0.74573654,0.128,0.0,0.14325018,3.7999969,3.8099968,1222400
hardzero_plus_depr__c0p58__z1p00__lam0p010__nu0p50__psi1p00,hardzero_plus_depr,0.01,40,382,0.0,1,0.43358755,0.43358755,1.0223262,0.0,0.0949891,0.0,0.0,0.00022148249,-27.186775,2.2491627,0.74972093,0.120000005,0.0,0.13568042,3.8099968,3.8199968,1225600
hardzero_plus_depr__c0p58__z1p00__lam0p010__nu0p50__psi1p00,hardzero_plus_depr,0.01,40,383,0.0,1,0.43358755,0.43358755,1.0468247,0.0,0.08977911,0.0,0.0,0.0002192787,-27.711704,2.3030603,0.7676868,0.128,0.0,0.1860397,3.8199968,3.8299968,1228800
hardzero_plus_depr__c0p58__z1p00__lam0p010__nu0p50__psi1p00,hardzero_plus_depr,0.01,40,384,0.0,1,0.43358755,0.43358755,1.0513389,0.0,0.088850744,0.0,0.0,0.00021709684,-27.389818,2.3129919,0.7709973,0.16000001,0.0,0.14147444,3.8299968,3.8399968,1232000
hardzero_plus_depr__c0p58__z1p00__lam0p010__nu0p50__psi1p00,hardzero_plus_depr,0.01,40,385,0.0,1,0.43358755,0.43358755,1.0547817,0.0,0.08814919,0.0,0.0,0.00021493669,-27.659264,2.320566,0.773522,0.112,0.0,0.14528927,3.8399968,3.8499968,1235200
hardzero_plus_depr__c0p58__z1p00__lam0p010__nu0p50__psi1p00,hardzero_plus_depr,0.01,40,386,0.0,1,0.43358755,0.43358755,1.0272846,0.0,0.093910754,0.0,0.0,0.00021279804,-28.079294,2.2600713,0.7533571,0.23200001,0.0,0.16159534,3.8499968,3.8599968,1238400
hardzero_plus_depr__c0p58__z1p00__lam0p010__nu0p50__psi1p00,hardzero_plus_depr,0.01,40,387,0.0,1,0.43358755,0.43358755,1.0292742,0.0,0.09348152,0.0,0.0,0.00021068068,-27.78631,2.2644484,0.7548162,0.120000005,0.0,0.1470042,3.8599968,3.8699968,1241600
hardzero_plus_depr__c0p58__z1p00__lam0p010__nu0p50__psi1p00,hardzero_plus_depr,0.01,40,388,0.0,1,0.43358755,0.43358755,1.0283633,0.0,0.09367778,0.0,0.0,0.00020858436,-26.450603,2.2624445,0.7541482,0.16000001,0.0,0.110159926,3.8699968,3.8799968,1244800
hardzero_plus_depr__c0p58__z1p00__lam0p010__nu0p50__psi1p00,hardzero_plus_depr,0.01,40,389,0.0,1,0.43358755,0.43358755,1.0174161,0.0,0.09606914,0.0,0.0,0.0002065089,-26.931932,2.2383602,0.7461201,0.208,0.0,0.14886646,3.8799968,3.8899968,1248000
hardzero_plus_depr__c0p58__z1p00__lam0p010__nu0p50__psi1p00,hardzero_plus_depr,0.01,40,390,0.0,1,0.43358755,0.43358755,1.0797538,0.0,0.08322355,0.0,0.0,0.00020445412,-27.975998,2.3755057,0.79183525,0.11,0.0,0.18456265,3.8899968,3.8999968,1251200
hardzero_plus_depr__c0p58__z1p00__lam0p010__nu0p50__psi1p00,hardzero_plus_depr,0.01,40,391,0.0,1,0.43358755,0.43360808,0.993498,0.10150839,0.10150839,1.0,2.0547302e-05,0.00020241976,-26.94938,2.1857393,0.72857976,0.18400002,0.0,0.1247314,3.8999968,3.9099967,1254400
hardzero_plus_depr__c0p58__z1p00__lam0p010__nu0p50__psi1p00,hardzero_plus_depr,0.01,40,392,0.0,1,0.43360808,0.43360808,1.020547,0.0,0.09537904,0.0,0.0,0.00020040567,-26.40974,2.2452483,0.7484161,0.17600001,0.0,0.14032678,3.9099967,3.9199967,1257600
hardzero_plus_depr__c0p58__z1p00__lam0p010__nu0p50__psi1p00,hardzero_plus_depr,0.01,40,393,0.0,1,0.43360808,0.43360808,1.036921,0.0,0.09184996,0.0,0.0,0.00019841158,-27.57122,2.281272,0.760424,0.14400001,0.0,0.16714321,3.9199967,3.9299967,1260800
hardzero_plus_depr__c0p58__z1p00__lam0p010__nu0p50__psi1p00,hardzero_plus_depr,0.01,40,394,0.0,1,0.43360808,0.43360808,1.003845,0.0,0.09911857,0.0,0.0,0.00019643737,-27.054396,2.208503,0.73616767,0.136,0.0,0.14841828,3.9299967,3.9399967,1264000
hardzero_plus_depr__c0p58__z1p00__lam0p010__nu0p50__psi1p00,hardzero_plus_depr,0.01,40,395,0.0,1,0.43360808,0.43360808,1.0590805,0.0,0.08728095,0.0,0.0,0.00019448278,-28.277449,2.3300235,0.7766745,0.112,0.0,0.13114296,3.9399967,3.9499967,1267200
hardzero_plus_depr__c0p58__z1p00__lam0p010__nu0p50__psi1p00,hardzero_plus_depr,0.01,40,396,0.0,1,0.43360808,0.43360808,1.0524089,0.0,0.08863211,0.0,0.0,0.00019254764,-27.519278,2.3153458,0.7717819,0.192,0.0,0.14197479,3.9499967,3.9599967,1270400
hardzero_plus_depr__c0p58__z1p00__lam0p010__nu0p50__psi1p00,hardzero_plus_depr,0.01,40,397,0.0,1,0.43360808,0.43360808,1.0799986,0.0,0.083176635,0.0,0.0,0.00019063176,-27.356525,2.3760443,0.7920148,0.104,0.0,0.14692625,3.9599967,3.9699967,1273600
hardzero_plus_depr__c0p58__z1p00__lam0p010__nu0p50__psi1p00,hardzero_plus_depr,0.01,40,398,0.0,1,0.43360808,0.43360808,1.0194557,0.0,0.09561902,0.0,0.0,0.00018873495,-26.654287,2.2428472,0.74761575,0.16000001,0.0,0.16364263,3.9699967,3.9799967,1276800
hardzero_plus_depr__c0p58__z1p00__lam0p010__nu0p50__psi1p00,hardzero_plus_depr,0.01,40,399,0.0,1,0.43360808,0.43360808,1.0670758,0.0,0.085688815,0.0,0.0,0.000186857,-28.312199,2.3476138,0.78253794,0.17600001,0.0,0.15077345,3.9799967,3.9899967,1280000
hardzero_plus_depr__c0p58__z1p00__lam0p010__nu0p50__psi1p00,hardzero_plus_depr,0.01,40,400,0.0,1,0.43360808,0.43360808,1.0284541,0.0,0.093658224,0.0,0.0,0.00018499774,-27.487951,2.262644,0.7542147,0.104,0.0,0.14993523,3.9899967,3.9999967,1283200
hardzero_plus_depr__c0p58__z1p00__lam0p010__nu0p50__psi1p00,hardzero_plus_depr,0.01,40,401,0.0,1,0.43360808,0.43362668,0.99356955,0.10149169,0.10149169,1.0,1.8588911e-05,0.00018315698,-27.187551,2.1858966,0.7286322,0.18400002,0.0,0.13162984,3.9999967,4.009997,1286400
hardzero_plus_depr__c0p58__z1p00__lam0p010__nu0p50__psi1p00,hardzero_plus_depr,0.01,40,402,0.0,1,0.43362668,0.43362668,1.0263066,0.0,0.09412247,0.0,0.0,0.00018133452,-27.09829,2.2579195,0.7526399,0.16800001,0.0,0.12669581,4.009997,4.019997,1289600
hardzero_plus_depr__c0p58__z1p00__lam0p010__nu0p50__psi1p00,hardzero_plus_depr,0.01,40,403,0.0,1,0.43362668,0.43362668,1.0784703,0.0,0.08346985,0.0,0.0,0.00017953018,-26.720009,2.372682,0.79089403,0.14,0.0,0.15013032,4.019997,4.0299973,1292800
hardzero_plus_depr__c0p58__z1p00__lam0p010__nu0p50__psi1p00,hardzero_plus_depr,0.01,40,404,0.0,1,0.43362668,0.43362668,1.0222012,0.0,0.09501646,0.0,0.0,0.00017774377,-26.797447,2.2488875,0.7496292,0.18400002,0.008,0.14944968,4.0299973,4.0399976,1296000
hardzero_plus_depr__c0p58__z1p00__lam0p010__nu0p50__psi1p00,hardzero_plus_depr,0.01,40,405,0.0,1,0.43362668,0.43362668,1.0305712,0.0,0.093202755,0.0,0.0,0.00017597515,-27.23963,2.267302,0.75576735,0.136,0.0,0.15166837,4.0399976,4.049998,1299200
hardzero_plus_depr__c0p58__z1p00__lam0p010__nu0p50__psi1p00,hardzero_plus_depr,0.01,40,406,0.0,1,0.43362668,0.43362668,1.0972497,0.0,0.07993744,0.0,0.0,0.00017422411,-28.357136,2.4139977,0.8046659,0.128,0.0,0.123764336,4.049998,4.059998,1302400
hardzero_plus_depr__c0p58__z1p00__lam0p010__nu0p50__psi1p00,hardzero_plus_depr,0.01,40,407,0.0,1,0.43362668,0.43362668,1.089065,0.0,0.08145825,0.0,0.0,0.00017249053,-28.33951,2.3959908,0.7986636,0.15200001,0.0,0.17613548,4.059998,4.0699983,1305600
hardzero_plus_depr__c0p58__z1p00__lam0p010__nu0p50__psi1p00,hardzero_plus_depr,0.01,40,408,0.0,1,0.43362668,0.43362668,1.0669342,0.0,0.08571675,0.0,0.0,0.00017077418,-28.348534,2.3473022,0.7824341,0.16800001,0.0,0.16185087,4.0699983,4.0799985,1308800
hardzero_plus_depr__c0p58__z1p00__lam0p010__nu0p50__psi1p00,hardzero_plus_depr,0.01,40,409,0.0,1,0.43362668,0.43362668,1.0783085,0.0,0.08350097,0.0,0.0,0.00016907492,-28.13172,2.372326,0.7907753,0.18400002,0.0,0.1697799,4.0799985,4.0899987,1312000
hardzero_plus_depr__c0p58__z1p00__lam0p010__nu0p50__psi1p00,hardzero_plus_depr,0.01,40,410,0.0,1,0.43362668,0.43364412,0.98199105,0.10423389,0.10423389,1.0,1.7447976e-05,0.00016739254,-26.092306,2.1604235,0.7201412,0.16800001,0.0,0.12949905,4.0899987,4.099999,1315200
hardzero_plus_depr__c0p58__z1p00__lam0p010__nu0p50__psi1p00,hardzero_plus_depr,0.01,40,411,0.0,1,0.43364412,0.43364412,1.0482328,0.0,0.08948849,0.0,0.0,0.00016572693,-27.877247,2.3061583,0.76871943,0.128,0.0,0.1549562,4.099999,4.109999,1318400
hardzero_plus_depr__c0p58__z1p00__lam0p010__nu0p50__psi1p00,hardzero_plus_depr,0.01,40,412,0.0,1,0.43364412,0.43364412,1.070751,0.0,0.084966764,0.0,0.0,0.00016407788,-28.111511,2.355699,0.785233,0.08800001,0.0,0.1466581,4.109999,4.1199994,1321600
hardzero_plus_depr__c0p58__z1p00__lam0p010__nu0p50__psi1p00,hardzero_plus_depr,0.01,40,413,0.0,1,0.43364412,0.43364412,1.0181793,0.0,0.09590046,0.0,0.0,0.00016244524,-26.327406,2.240039,0.7466797,0.17600001,0.0,0.13156216,4.1199994,4.1299996,1324800
hardzero_plus_depr__c0p58__z1p00__lam0p010__nu0p50__psi1p00,hardzero_plus_depr,0.01,40,414,0.0,1,0.43364412,0.43364412,1.0110213,0.0,0.0974942,0.0,0.0,0.00016082884,-27.44798,2.224291,0.7414304,0.128,0.0,0.13376155,4.1299996,4.14,1328000
hardzero_plus_depr__c0p58__z1p00__lam0p010__nu0p50__psi1p00,hardzero_plus_depr,0.01,40,415,0.0,1,0.43364412,0.43364412,1.0153772,0.0,0.09652121,0.0,0.0,0.00015922854,-26.980627,2.2338743,0.7446248,0.15200001,0.0,0.13347326,4.14,4.15,1331200
hardzero_plus_depr__c0p58__z1p00__lam0p010__nu0p50__psi1p00,hardzero_plus_depr,0.01,40,416,0.0,1,0.43364412,0.43366018,0.99208724,0.10183866,0.10183866,1.0,1.605427e-05,0.00015764414,-26.676342,2.1826355,0.7275452,0.14,0.0,0.14252435,4.15,4.1600003,1334400
hardzero_plus_depr__c0p58__z1p00__lam0p010__nu0p50__psi1p00,hardzero_plus_depr,0.01,40,417,0.0,1,0.43366018,0.43366018,1.0075107,0.0,0.098285474,0.0,0.0,0.00015607553,-26.817623,2.2165678,0.73885596,0.208,0.0,0.14840396,4.1600003,4.1700006,1337600
hardzero_plus_depr__c0p58__z1p00__lam0p010__nu0p50__psi1p00,hardzero_plus_depr,0.01,40,418,0.0,1,0.43366018,0.43366018,1.0024213,0.0,0.09944403,0.0,0.0,0.00015452251,-26.46571,2.205371,0.73512363,0.14400001,0.0,0.13608925,4.1700006,4.180001,1340800
hardzero_plus_depr__c0p58__z1p00__lam0p010__nu0p50__psi1p00,hardzero_plus_depr,0.01,40,419,0.0,1,0.43366018,0.43367574,0.9930371,0.1016162,0.1016162,1.0,1.554575e-05,0.00015298495,-26.212368,2.1847253,0.7282418,0.16800001,0.0,0.1257133,4.180001,4.190001,1344000
hardzero_plus_depr__c0p58__z1p00__lam0p010__nu0p50__psi1p00,hardzero_plus_depr,0.01,40,420,0.0,1,0.43367574,0.43367574,1.0177997,0.0,0.09598432,0.0,0.0,0.0001514627,-26.59865,2.2392042,0.7464014,0.128,0.0,0.14891319,4.190001,4.2000012,1347200
hardzero_plus_depr__c0p58__z1p00__lam0p010__nu0p50__psi1p00,hardzero_plus_depr,0.01,40,421,0.0,1,0.43367574,0.43367574,1.0958503,0.0,0.080195434,0.0,0.0,0.0001499556,-28.154917,2.410919,0.80363965,0.096,0.0,0.15004915,4.2000012,4.2100015,1350400
hardzero_plus_depr__c0p58__z1p00__lam0p010__nu0p50__psi1p00,hardzero_plus_depr,0.01,40,422,0.0,1,0.43367574,0.43369147,0.97466755,0.10600648,0.10600648,1.0,1.573809e-05,0.00014846346,-26.347454,2.1443114,0.7147705,0.16000001,0.0,0.114599064,4.2100015,4.2200017,1353600
hardzero_plus_depr__c0p58__z1p00__lam0p010__nu0p50__psi1p00,hardzero_plus_depr,0.01,40,423,0.0,1,0.43369147,0.43369147,1.0544984,0.0,0.088206686,0.0,0.0,0.00014698619,-27.543451,2.319943,0.77331436,0.17600001,0.0,0.15464836,4.2200017,4.230002,1356800
hardzero_plus_depr__c0p58__z1p00__lam0p010__nu0p50__psi1p00,hardzero_plus_depr,0.01,40,424,0.0,1,0.43369147,0.43369147,1.1045575,0.0,0.07860361,0.0,0.0,0.00014552362,-28.50806,2.430075,0.810025,0.14400001,0.0,0.1689262,4.230002,4.240002,1360000
hardzero_plus_depr__c0p58__z1p00__lam0p010__nu0p50__psi1p00,hardzero_plus_depr,0.01,40,425,0.0,1,0.43369147,0.43369147,1.0128666,0.0,0.09708081,0.0,0.0,0.0001440756,-26.34355,2.228351,0.7427837,0.192,0.0,0.14593622,4.240002,4.2500024,1363200
hardzero_plus_depr__c0p58__z1p00__lam0p010__nu0p50__psi1p00,hardzero_plus_depr,0.01,40,426,0.0,1,0.43369147,0.43369147,1.0071949,0.0,0.09835696,0.0,0.0,0.000142642,-27.021816,2.215873,0.73862433,0.208,0.0,0.15627702,4.2500024,4.2600026,1366400
hardzero_plus_depr__c0p58__z1p00__lam0p010__nu0p50__psi1p00,hardzero_plus_depr,0.01,40,427,0.0,1,0.43369147,0.43369147,1.1148391,0.0,0.07676459,0.0,0.0,0.00014122266,-28.817343,2.452695,0.81756496,0.112,0.0,0.15723069,4.2600026,4.270003,1369600
hardzero_plus_depr__c0p58__z1p00__lam0p010__nu0p50__psi1p00,hardzero_plus_depr,0.01,40,428,0.0,1,0.43369147,0.43369147,1.0565844,0.0,0.08778405,0.0,0.0,0.00013981744,-26.678871,2.324532,0.77484405,0.14400001,0.0,0.14093208,4.270003,4.280003,1372800
hardzero_plus_depr__c0p58__z1p00__lam0p010__nu0p50__psi1p00,hardzero_plus_depr,0.01,40,429,0.0,1,0.43369147,0.43369147,1.0102988,0.0,0.09765648,0.0,0.0,0.00013842619,-26.244576,2.2227018,0.74090064,0.22999999,0.0,0.14236054,4.280003,4.2900033,1376000
hardzero_plus_depr__c0p58__z1p00__lam0p010__nu0p50__psi1p00,hardzero_plus_depr,0.01,40,430,0.0,1,0.43369147,0.43370518,0.9997295,0.10006229,0.10006229,1.0,1.3713417e-05,0.0001370488,-26.969799,2.1994488,0.73314965,0.08800001,0.0,0.10571488,4.2900033,4.3000035,1379200
hardzero_plus_depr__c0p58__z1p00__lam0p010__nu0p50__psi1p00,hardzero_plus_depr,0.01,40,431,0.0,1,0.43370518,0.43370518,1.0283995,0.0,0.09366999,0.0,0.0,0.00013568511,-27.23724,2.262524,0.75417465,0.120000005,0.0,0.13323809,4.3000035,4.3100038,1382400
hardzero_plus_depr__c0p58__z1p00__lam0p010__nu0p50__psi1p00,hardzero_plus_depr,0.01,40,432,0.0,1,0.43370518,0.43370518,1.0003505,0.0,0.09991933,0.0,0.0,0.00013433499,-26.220516,2.200815,0.733605,0.2,0.0,0.13933694,4.3100038,4.320004,1385600
hardzero_plus_depr__c0p58__z1p00__lam0p010__nu0p50__psi1p00,hardzero_plus_depr,0.01,40,433,0.0,1,0.43370518,0.43370518,1.0888917,0.0,0.081490725,0.0,0.0,0.0001329983,-28.190176,2.3956096,0.79853654,0.112,0.0,0.14008676,4.320004,4.330004,1388800
hardzero_plus_depr__c0p58__z1p00__lam0p010__nu0p50__psi1p00,hardzero_plus_depr,0.01,40,434,0.0,1,0.43370518,0.43370518,1.0015663,0.0,0.09963999,0.0,0.0,0.00013167491,-27.225744,2.2034898,0.7344966,0.16800001,0.0,0.15962651,4.330004,4.3400044,1392000
hardzero_plus_depr__c0p58__z1p00__lam0p010__nu0p50__psi1p00,hardzero_plus_depr,0.01,40,435,0.0,1,0.43370518,0.43370518,1.0976579,0.0,0.07986234,0.0,0.0,0.0001303647,-28.963322,2.4148955,0.8049652,0.128,0.0,0.17438768,4.3400044,4.3500047,1395200
hardzero_plus_depr__c0p58__z1p00__lam0p010__nu0p50__psi1p00,hardzero_plus_depr,0.01,40,436,0.0,1,0.43370518,0.43370518,1.0103712,0.0,0.09764023,0.0,0.0,0.00012906753,-26.756647,2.222861,0.7409537,0.16000001,0.0,0.14401522,4.3500047,4.360005,1398400
hardzero_plus_depr__c0p58__z1p00__lam0p010__nu0p50__psi1p00,hardzero_plus_depr,0.01,40,437,0.0,1,0.43370518,0.43370518,1.1054265,0.0,0.078446485,0.0,0.0,0.00012778325,-27.923918,2.431987,0.8106624,0.08800001,0.0,0.14362721,4.360005,4.370005,1401600
hardzero_plus_depr__c0p58__z1p00__lam0p010__nu0p50__psi1p00,hardzero_plus_depr,0.01,40,438,0.0,1,0.43370518,0.43370518,1.0092552,0.0,0.09789146,0.0,0.0,0.00012651176,-26.826942,2.2204058,0.7401353,0.192,0.0,0.156662,4.370005,4.3800054,1404800
hardzero_plus_depr__c0p58__z1p00__lam0p010__nu0p50__psi1p00,hardzero_plus_depr,0.01,40,439,0.0,1,0.43370518,0.43370518,1.0360463,0.0,0.09203514,0.0,0.0,0.00012525292,-27.047451,2.2793474,0.7597825,0.15200001,0.0,0.148383,4.3800054,4.3900056,1408000
hardzero_plus_depr__c0p58__z1p00__lam0p010__nu0p50__psi1p00,hardzero_plus_depr,0.01,40,440,0.0,1,0.43370518,0.43370518,1.0142903,0.0,0.09676308,0.0,0.0,0.00012400659,-27.134315,2.2314832,0.74382776,0.14400001,0.0,0.1343983,4.3900056,4.400006,1411200
hardzero_plus_depr__c0p58__z1p00__lam0p010__nu0p50__psi1p00,hardzero_plus_depr,0.01,40,441,0.0,1,0.43370518,0.43370518,1.0248367,0.0,0.0944416,0.0,0.0,0.00012277269,-26.70297,2.2546856,0.7515619,0.136,0.0,0.14790453,4.400006,4.410006,1414400
hardzero_plus_depr__c0p58__z1p00__lam0p010__nu0p50__psi1p00,hardzero_plus_depr,0.01,40,442,0.0,1,0.43370518,0.43370518,1.0233432,0.0,0.094766915,0.0,0.0,0.00012155105,-27.241323,2.2514,0.7504667,0.099999994,0.0,0.15218341,4.410006,4.4200063,1417600
hardzero_plus_depr__c0p58__z1p00__lam0p010__nu0p50__psi1p00,hardzero_plus_depr,0.01,40,443,0.0,1,0.43370518,0.43371752,0.98958564,0.10242697,0.10242697,1.0,1.2326222e-05,0.00012034157,-27.072628,2.177132,0.72571063,0.23200001,0.0,0.15543719,4.4200063,4.4300065,1420800
hardzero_plus_depr__c0p58__z1p00__lam0p010__nu0p50__psi1p00,hardzero_plus_depr,0.01,40,444,0.0,1,0.43371752,0.43371752,1.065525,0.0,0.08599534,0.0,0.0,0.00011914412,-27.766226,2.344202,0.7814007,0.208,0.0,0.15918617,4.4300065,4.4400067,1424000
hardzero_plus_depr__c0p58__z1p00__lam0p010__nu0p50__psi1p00,hardzero_plus_depr,0.01,40,445,0.0,1,0.43371752,0.43371752,1.0149486,0.0,0.096616514,0.0,0.0,0.00011795859,-26.661236,2.2329316,0.74431056,0.120000005,0.0,0.12938462,4.4400067,4.450007,1427200
hardzero_plus_depr__c0p58__z1p00__lam0p010__nu0p50__psi1p00,hardzero_plus_depr,0.01,40,446,0.0,1,0.43371752,0.43372956,0.98642546,0.103175,0.103175,1.0,1.2049278e-05,0.00011678486,-26.323273,2.1701794,0.72339314,0.096,0.0,0.124331325,4.450007,4.460007,1430400
hardzero_plus_depr__c0p58__z1p00__lam0p010__nu0p50__psi1p00,hardzero_plus_depr,0.01,40,447,0.0,1,0.43372956,0.43372956,1.0446167,0.0,0.09023671,0.0,0.0,0.0001156228,-27.868639,2.2982028,0.7660676,0.14400001,0.0,0.1526518,4.460007,4.4700074,1433600
hardzero_plus_depr__c0p58__z1p00__lam0p010__nu0p50__psi1p00,hardzero_plus_depr,0.01,40,448,0.0,1,0.43372956,0.4337413,0.98915565,0.10252844,0.10252844,1.0,1.1736667e-05,0.000114472314,-27.279755,2.1761858,0.7253953,0.192,0.0,0.15155727,4.4700074,4.4800076,1436800
hardzero_plus_depr__c0p58__z1p00__lam0p010__nu0p50__psi1p00,hardzero_plus_depr,0.01,40,449,0.0,1,0.4337413,0.4337413,1.067155,0.0,0.08567319,0.0,0.0,0.00011333326,-27.159267,2.3477879,0.782596,0.120000005,0.0,0.16705488,4.4800076,4.490008,1440000
hardzero_plus_depr__c0p58__z1p00__lam0p010__nu0p50__psi1p00,hardzero_plus_depr,0.01,40,450,0.0,1,0.4337413,0.4337413,1.0079409,0.0,0.098188154,0.0,0.0,0.000112205555,-27.48147,2.2175143,0.73917145,0.18400002,0.0,0.14760934,4.490008,4.500008,1443200
hardzero_plus_depr__c0p58__z1p00__lam0p010__nu0p50__psi1p00,hardzero_plus_depr,0.01,40,451,0.0,1,0.4337413,0.4337413,1.0261703,0.0,0.09415203,0.0,0.0,0.000111089066,-27.51386,2.2576196,0.7525399,0.17600001,0.0,0.16669063,4.500008,4.5100083,1446400
hardzero_plus_depr__c0p58__z1p00__lam0p010__nu0p50__psi1p00,hardzero_plus_depr,0.01,40,452,0.0,1,0.4337413,0.4337413,1.0466481,0.0,0.08981561,0.0,0.0,0.00010998368,-27.213423,2.302672,0.7675573,0.128,0.0,0.13497782,4.5100083,4.5200086,1449600
hardzero_plus_depr__c0p58__z1p00__lam0p010__nu0p50__psi1p00,hardzero_plus_depr,0.01,40,453,0.0,1,0.4337413,0.4337413,1.0625561,0.0,0.08658524,0.0,0.0,0.000108889304,-27.45633,2.33767,0.7792234,0.08800001,0.0,0.1428846,4.5200086,4.530009,1452800
hardzero_plus_depr__c0p58__z1p00__lam0p010__nu0p50__psi1p00,hardzero_plus_depr,0.01,40,454,0.0,1,0.4337413,0.4337413,1.0096539,0.0,0.09780162,0.0,0.0,0.00010780581,-27.143883,2.221283,0.7404277,0.15200001,0.0,0.14138785,4.530009,4.540009,1456000
hardzero_plus_depr__c0p58__z1p00__lam0p010__nu0p50__psi1p00,hardzero_plus_depr,0.01,40,455,0.0,1,0.4337413,0.4337413,1.0267655,0.0,0.09402309,0.0,0.0,0.0001067331,-27.101837,2.2589293,0.7529764,0.17,0.0,0.15169978,4.540009,4.5500093,1459200
hardzero_plus_depr__c0p58__z1p00__lam0p010__nu0p50__psi1p00,hardzero_plus_depr,0.01,40,456,0.0,1,0.4337413,0.4337413,1.0199429,0.0,0.095511824,0.0,0.0,0.00010567106,-27.094786,2.2439191,0.7479731,0.16800001,0.0,0.13875231,4.5500093,4.5600095,1462400
hardzero_plus_depr__c0p58__z1p00__lam0p010__nu0p50__psi1p00,hardzero_plus_depr,0.01,40,457,0.0,1,0.4337413,0.4337413,1.0554175,0.0,0.08802023,0.0,0.0,0.00010461959,-27.37697,2.321965,0.77398837,0.14400001,0.0,0.17540523,4.5600095,4.5700097,1465600
hardzero_plus_depr__c0p58__z1p00__lam0p010__nu0p50__psi1p00,hardzero_plus_depr,0.01,40,458,0.0,1,0.4337413,0.4337413,1.0601255,0.0,0.0870712,0.0,0.0,0.00010357859,-28.120258,2.3323226,0.7774409,0.14400001,0.0,0.14861551,4.5700097,4.58001,1468800
hardzero_plus_depr__c0p58__z1p00__lam0p010__nu0p50__psi1p00,hardzero_plus_depr,0.01,40,459,0.0,1,0.4337413,0.4337413,1.013567,0.0,0.09692439,0.0,0.0,0.00010254794,-27.049707,2.2298918,0.7432973,0.128,0.0,0.1435247,4.58001,4.59001,1472000
hardzero_plus_depr__c0p58__z1p00__lam0p010__nu0p50__psi1p00,hardzero_plus_depr,0.01,40,460,0.0,1,0.4337413,0.4337413,1.0024198,0.0,0.09944436,0.0,0.0,0.00010152755,-25.920898,2.2053676,0.73512256,0.16800001,0.0,0.133752,4.59001,4.6000104,1475200
hardzero_plus_depr__c0p58__z1p00__lam0p010__nu0p50__psi1p00,hardzero_plus_depr,0.01,40,461,0.0,1,0.4337413,0.4337413,1.0543814,0.0,0.08823048,0.0,0.0,0.00010051731,-27.612963,2.3196855,0.7732285,0.120000005,0.0,0.17181672,4.6000104,4.6100106,1478400
hardzero_plus_depr__c0p58__z1p00__lam0p010__nu0p50__psi1p00,hardzero_plus_depr,0.01,40,462,0.0,1,0.4337413,0.4337413,1.0580046,0.0,0.087497436,0.0,0.0,9.951712e-05,-28.12567,2.3276567,0.7758856,0.136,0.0,0.15439306,4.6100106,4.620011,1481600
hardzero_plus_depr__c0p58__z1p00__lam0p010__nu0p50__psi1p00,hardzero_plus_depr,0.01,40,463,0.0,1,0.4337413,0.4337413,1.0172795,0.0,0.09609936,0.0,0.0,9.852689e-05,-26.266548,2.2380595,0.74601984,0.16800001,0.0,0.1616651,4.620011,4.630011,1484800
hardzero_plus_depr__c0p58__z1p00__lam0p010__nu0p50__psi1p00,hardzero_plus_depr,0.01,40,464,0.0,1,0.4337413,0.4337413,1.0501193,0.0,0.089100614,0.0,0.0,9.754651e-05,-27.687885,2.3103085,0.77010286,0.128,0.0,0.12908348,4.630011,4.6400113,1488000
hardzero_plus_depr__c0p58__z1p00__lam0p010__nu0p50__psi1p00,hardzero_plus_depr,0.01,40,465,0.0,1,0.4337413,0.4337413,1.0056345,0.0,0.09871097,0.0,0.0,9.657589e-05,-26.712778,2.2124403,0.7374801,0.16800001,0.0,0.13778892,4.6400113,4.6500115,1491200
hardzero_plus_depr__c0p58__z1p00__lam0p010__nu0p50__psi1p00,hardzero_plus_depr,0.01,40,466,0.0,1,0.4337413,0.4337413,1.0576133,0.0,0.08757632,0.0,0.0,9.561491e-05,-27.30691,2.3267956,0.7755985,0.17600001,0.0,0.15687345,4.6500115,4.660012,1494400
hardzero_plus_depr__c0p58__z1p00__lam0p010__nu0p50__psi1p00,hardzero_plus_depr,0.01,40,467,0.0,1,0.4337413,0.4337413,1.0522755,0.0,0.088659324,0.0,0.0,9.4663505e-05,-26.833513,2.3150525,0.77168417,0.112,0.0,0.16608979,4.660012,4.670012,1497600
hardzero_plus_depr__c0p58__z1p00__lam0p010__nu0p50__psi1p00,hardzero_plus_depr,0.01,40,468,0.0,1,0.4337413,0.43375134,0.97040397,0.10705231,0.10705231,1.0,1.003311e-05,9.372157e-05,-26.4185,2.1349313,0.7116438,0.14999999,0.0,0.121892154,4.670012,4.680012,1500800
hardzero_plus_depr__c0p58__z1p00__lam0p010__nu0p50__psi1p00,hardzero_plus_depr,0.01,40,469,0.0,1,0.43375134,0.43375134,1.0918751,0.0,0.08093286,0.0,0.0,9.278901e-05,-28.81463,2.402173,0.8007244,0.16800001,0.0,0.14384992,4.680012,4.6900125,1504000
hardzero_plus_depr__c0p58__z1p00__lam0p010__nu0p50__psi1p00,hardzero_plus_depr,0.01,40,470,0.0,1,0.43375134,0.43375134,1.0284042,0.0,0.09366897,0.0,0.0,9.186571e-05,-27.197258,2.2625346,0.7541782,0.112,0.0,0.17582825,4.6900125,4.7000127,1507200
hardzero_plus_depr__c0p58__z1p00__lam0p010__nu0p50__psi1p00,hardzero_plus_depr,0.01,40,471,0.0,1,0.43375134,0.43375134,1.0143086,0.0,0.096759014,0.0,0.0,9.095162e-05,-27.532106,2.2315235,0.7438412,0.120000005,0.0,0.15250829,4.7000127,4.710013,1510400
hardzero_plus_depr__c0p58__z1p00__lam0p010__nu0p50__psi1p00,hardzero_plus_depr,0.01,40,472,0.0,1,0.43375134,0.43375134,1.040291,0.0,0.091139995,0.0,0.0,9.0046604e-05,-27.695467,2.2886858,0.7628953,0.08800001,0.0,0.12898059,4.710013,4.720013,1513600
hardzero_plus_depr__c0p58__z1p00__lam0p010__nu0p50__psi1p00,hardzero_plus_depr,0.01,40,473,0.0,1,0.43375134,0.43375134,1.0475293,0.0,0.08963357,0.0,0.0,8.915062e-05,-28.349775,2.3046105,0.7682035,0.15200001,0.0,0.14254595,4.720013,4.7300134,1516800
hardzero_plus_depr__c0p58__z1p00__lam0p010__nu0p50__psi1p00,hardzero_plus_depr,0.01,40,474,0.0,1,0.43375134,0.43375134,1.011617,0.0,0.097360566,0.0,0.0,8.826352e-05,-26.854118,2.2256017,0.74186724,0.16000001,0.0,0.16596289,4.7300134,4.7400136,1520000
hardzero_plus_depr__c0p58__z1p00__lam0p010__nu0p50__psi1p00,hardzero_plus_depr,0.01,40,475,0.0,1,0.43375134,0.43375134,1.0535548,0.0,0.08839857,0.0,0.0,8.738527e-05,-27.704256,2.3178668,0.7726223,0.136,0.0,0.15489385,4.7400136,4.750014,1523200
hardzero_plus_depr__c0p58__z1p00__lam0p010__nu0p50__psi1p00,hardzero_plus_depr,0.01,40,476,0.0,1,0.43375134,0.43375134,1.016612,0.0,0.09624716,0.0,0.0,8.651575e-05,-27.29432,2.236591,0.74553037,0.104,0.0,0.14229281,4.750014,4.760014,1526400
hardzero_plus_depr__c0p58__z1p00__lam0p010__nu0p50__psi1p00,hardzero_plus_depr,0.01,40,477,0.0,1,0.43375134,0.43375134,1.0304983,0.0,0.09321842,0.0,0.0,8.565488e-05,-27.988398,2.2671416,0.7557139,0.136,0.0,0.14640702,4.760014,4.7700143,1529600
hardzero_plus_depr__c0p58__z1p00__lam0p010__nu0p50__psi1p00,hardzero_plus_depr,0.01,40,478,0.0,1,0.43375134,0.43375134,1.0316669,0.0,0.09296791,0.0,0.0,8.480259e-05,-27.850088,2.2697124,0.7565708,0.096,0.0,0.15108621,4.7700143,4.7800145,1532800
hardzero_plus_depr__c0p58__z1p00__lam0p010__nu0p50__psi1p00,hardzero_plus_depr,0.01,40,479,0.0,1,0.43375134,0.43375134,1.0274519,0.0,0.0938746,0.0,0.0,8.3958774e-05,-27.271889,2.2604392,0.7534797,0.216,0.0,0.17121065,4.7800145,4.7900147,1536000
hardzero_plus_depr__c0p58__z1p00__lam0p010__nu0p50__psi1p00,hardzero_plus_depr,0.01,40,480,0.0,1,0.43375134,0.43375134,1.0690731,0.0,0.085295655,0.0,0.0,8.312335e-05,-28.865658,2.3520079,0.78400266,0.15200001,0.0,0.16348065,4.7900147,4.800015,1539200
hardzero_plus_depr__c0p58__z1p00__lam0p010__nu0p50__psi1p00,hardzero_plus_depr,0.01,40,481,0.0,1,0.43375134,0.43375134,1.0492266,0.0,0.08928394,0.0,0.0,8.229623e-05,-27.620728,2.3083446,0.7694482,0.17999999,0.0,0.13267866,4.800015,4.810015,1542400
hardzero_plus_depr__c0p58__z1p00__lam0p010__nu0p50__psi1p00,hardzero_plus_depr,0.01,40,482,0.0,1,0.43375134,0.43375134,1.0576255,0.0,0.08757384,0.0,0.0,8.147736e-05,-27.395473,2.3268228,0.7756076,0.136,0.0,0.13621737,4.810015,4.8200154,1545600
hardzero_plus_depr__c0p58__z1p00__lam0p010__nu0p50__psi1p00,hardzero_plus_depr,0.01,40,483,0.0,1,0.43375134,0.43375134,1.069498,0.0,0.08521225,0.0,0.0,8.066662e-05,-28.798756,2.3529425,0.78431416,0.112,0.0,0.16431573,4.8200154,4.8300157,1548800
hardzero_plus_depr__c0p58__z1p00__lam0p010__nu0p50__psi1p00,hardzero_plus_depr,0.01,40,484,0.0,1,0.43375134,0.43375134,1.0499772,0.0,0.08912977,0.0,0.0,7.986397e-05,-27.911669,2.309996,0.76999867,0.080000006,0.0,0.14775765,4.8300157,4.840016,1552000
hardzero_plus_depr__c0p58__z1p00__lam0p010__nu0p50__psi1p00,hardzero_plus_depr,0.01,40,485,0.0,1,0.43375134,0.43375134,1.0441035,0.0,0.09034342,0.0,0.0,7.906927e-05,-27.43172,2.2970736,0.7656912,0.16800001,0.0,0.14631677,4.840016,4.850016,1555200
hardzero_plus_depr__c0p58__z1p00__lam0p010__nu0p50__psi1p00,hardzero_plus_depr,0.01,40,486,0.0,1,0.43375134,0.43375134,1.0254763,0.0,0.094302595,0.0,0.0,7.8282515e-05,-26.818811,2.256093,0.752031,0.192,0.0,0.14375137,4.850016,4.8600163,1558400
hardzero_plus_depr__c0p58__z1p00__lam0p010__nu0p50__psi1p00,hardzero_plus_depr,0.01,40,487,0.0,1,0.43375134,0.43375134,1.0391208,0.0,0.091385886,0.0,0.0,7.7503566e-05,-27.199602,2.2861114,0.76203716,0.16800001,0.0,0.12919685,4.8600163,4.8700166,1561600
hardzero_plus_depr__c0p58__z1p00__lam0p010__nu0p50__psi1p00,hardzero_plus_depr,0.01,40,488,0.0,1,0.43375134,0.43375134,1.0023557,0.0,0.09945904,0.0,0.0,7.673238e-05,-26.542864,2.2052267,0.7350756,0.224,0.0,0.16292673,4.8700166,4.880017,1564800
hardzero_plus_depr__c0p58__z1p00__lam0p010__nu0p50__psi1p00,hardzero_plus_depr,0.01,40,489,0.0,1,0.43375134,0.43375134,1.0465455,0.0,0.08983686,0.0,0.0,7.596886e-05,-28.376291,2.3024461,0.76748204,0.14400001,0.0,0.14505093,4.880017,4.890017,1568000
hardzero_plus_depr__c0p58__z1p00__lam0p010__nu0p50__psi1p00,hardzero_plus_depr,0.01,40,490,0.0,1,0.43375134,0.43375134,1.0502945,0.0,0.08906468,0.0,0.0,7.521294e-05,-27.730778,2.310694,0.77023137,0.23200001,0.0,0.15457836,4.890017,4.9000173,1571200
hardzero_plus_depr__c0p58__z1p00__lam0p010__nu0p50__psi1p00,hardzero_plus_depr,0.01,40,491,0.0,1,0.43375134,0.43375134,1.0698916,0.0,0.08513505,0.0,0.0,7.4464544e-05,-27.46098,2.3538084,0.7846028,0.136,0.0,0.14168069,4.9000173,4.9100175,1574400
hardzero_plus_depr__c0p58__z1p00__lam0p010__nu0p50__psi1p00,hardzero_plus_depr,0.01,40,492,0.0,1,0.43375134,0.43375134,1.1026326,0.0,0.07895276,0.0,0.0,7.372359e-05,-28.384434,2.4258404,0.8086135,0.16800001,0.0,0.18655002,4.9100175,4.9200177,1577600
hardzero_plus_depr__c0p58__z1p00__lam0p010__nu0p50__psi1p00,hardzero_plus_depr,0.01,40,493,0.0,1,0.43375134,0.43375134,1.0282363,0.0,0.0937052,0.0,0.0,7.299001e-05,-27.612,2.262165,0.754055,0.128,0.0,0.13858318,4.9200177,4.930018,1580800
hardzero_plus_depr__c0p58__z1p00__lam0p010__nu0p50__psi1p00,hardzero_plus_depr,0.01,40,494,0.0,1,0.43375134,0.43375134,1.0641526,0.0,0.08626754,0.0,0.0,7.2263734e-05,-27.051775,2.3411825,0.7803942,0.14999999,0.0,0.13697325,4.930018,4.940018,1584000
hardzero_plus_depr__c0p58__z1p00__lam0p010__nu0p50__psi1p00,hardzero_plus_depr,0.01,40,495,0.0,1,0.43375134,0.43375874,0.9860397,0.10326669,0.10326669,1.0,7.3881824e-06,7.154468e-05,-26.546177,2.1693306,0.7231102,0.208,0.0,0.15888256,4.940018,4.9500184,1587200
hardzero_plus_depr__c0p58__z1p00__lam0p010__nu0p50__psi1p00,hardzero_plus_depr,0.01,40,496,0.0,1,0.43375874,0.43375874,1.0607316,0.0,0.086949736,0.0,0.0,7.083278e-05,-28.11488,2.3336563,0.77788544,0.104,0.0,0.15987645,4.9500184,4.9600186,1590400
hardzero_plus_depr__c0p58__z1p00__lam0p010__nu0p50__psi1p00,hardzero_plus_depr,0.01,40,497,0.0,1,0.43375874,0.43375874,1.0535635,0.0,0.0883968,0.0,0.0,7.012797e-05,-28.033049,2.3178859,0.77262866,0.16000001,0.0,0.14986591,4.9600186,4.970019,1593600
hardzero_plus_depr__c0p58__z1p00__lam0p010__nu0p50__psi1p00,hardzero_plus_depr,0.01,40,498,0.0,1,0.43375874,0.43375874,1.1008883,0.0,0.07927052,0.0,0.0,6.943017e-05,-28.326607,2.4220026,0.8073342,0.096,0.0,0.15800008,4.970019,4.980019,1596800
hardzero_plus_depr__c0p58__z1p00__lam0p010__nu0p50__psi1p00,hardzero_plus_depr,0.01,40,499,0.0,1,0.43375874,0.43375874,1.0384872,0.0,0.091519326,0.0,0.0,6.873931e-05,-26.768663,2.2847176,0.76157254,0.15200001,0.0,0.1447191,4.980019,4.9900193,1600000
hardzero_plus_depr__c0p58__z1p00__lam0p010__nu0p50__psi1p00,hardzero_plus_depr,0.01,40,500,0.0,1,0.43375874,0.4337656,0.9966919,0.100764625,0.100764625,1.0,6.8575696e-06,6.805533e-05,-26.743826,2.192766,0.730922,0.15200001,0.0,0.1413015,4.9900193,5.0000196,1603200
hardzero_plus_depr__c0p58__z1p00__lam0p010__nu0p50__psi1p00,hardzero_plus_depr,0.01,40,501,0.0,1,0.4337656,0.4337656,1.1210746,0.0,0.075670294,0.0,0.0,6.7378154e-05,-28.602583,2.4664133,0.8221378,0.16000001,0.0,0.1650013,5.0000196,5.01002,1606400
hardzero_plus_depr__c0p58__z1p00__lam0p010__nu0p50__psi1p00,hardzero_plus_depr,0.01,40,502,0.0,1,0.4337656,0.4337656,1.1429976,0.0,0.071945295,0.0,0.0,6.670771e-05,-30.171602,2.514645,0.83821505,0.104,0.0,0.16971171,5.01002,5.02002,1609600
hardzero_plus_depr__c0p58__z1p00__lam0p010__nu0p50__psi1p00,hardzero_plus_depr,0.01,40,503,0.0,1,0.4337656,0.4337656,1.0486172,0.0,0.08940931,0.0,0.0,6.604395e-05,-27.454283,2.307004,0.76900136,0.08800001,0.0,0.1502685,5.02002,5.03002,1612800
hardzero_plus_depr__c0p58__z1p00__lam0p010__nu0p50__psi1p00,hardzero_plus_depr,0.01,40,504,0.0,1,0.4337656,0.4337656,1.0034065,0.0,0.09921869,0.0,0.0,6.538678e-05,-28.00972,2.2075384,0.73584616,0.16000001,0.0,0.17254126,5.03002,5.0400205,1616000
hardzero_plus_depr__c0p58__z1p00__lam0p010__nu0p50__psi1p00,hardzero_plus_depr,0.01,40,505,0.0,1,0.4337656,0.43377218,0.9922005,0.10181213,0.10181213,1.0,6.590926e-06,6.473616e-05,-26.772255,2.1828847,0.72762823,0.15200001,0.0,0.13749103,5.0400205,5.0500207,1619200
hardzero_plus_depr__c0p58__z1p00__lam0p010__nu0p50__psi1p00,hardzero_plus_depr,0.01,40,506,0.0,1,0.43377218,0.43377897,0.97456634,0.1060312,0.1060312,1.0,6.795752e-06,6.4092004e-05,-25.803423,2.1440887,0.7146963,0.15200001,0.0,0.12727657,5.0500207,5.060021,1622400
hardzero_plus_depr__c0p58__z1p00__lam0p010__nu0p50__psi1p00,hardzero_plus_depr,0.01,40,507,0.0,1,0.43377897,0.43377897,1.0390817,0.0,0.09139413,0.0,0.0,6.345427e-05,-26.524643,2.2860253,0.7620084,0.12,0.0,0.16034877,5.060021,5.070021,1625600
hardzero_plus_depr__c0p58__z1p00__lam0p010__nu0p50__psi1p00,hardzero_plus_depr,0.01,40,508,0.0,1,0.43377897,0.43377897,1.0248139,0.0,0.09444655,0.0,0.0,6.282287e-05,-27.267874,2.2546356,0.7515452,0.136,0.0,0.13794595,5.070021,5.0800214,1628800
hardzero_plus_depr__c0p58__z1p00__lam0p010__nu0p50__psi1p00,hardzero_plus_depr,0.01,40,509,0.0,1,0.43377897,0.43377897,1.032442,0.0,0.09280215,0.0,0.0,6.219776e-05,-27.649252,2.2714176,0.7571392,0.23200001,0.0,0.15772358,5.0800214,5.0900216,1632000
hardzero_plus_depr__c0p58__z1p00__lam0p010__nu0p50__psi1p00,hardzero_plus_depr,0.01,40,510,0.0,1,0.43377897,0.43377897,1.0424486,0.0,0.09068832,0.0,0.0,6.157887e-05,-28.157253,2.2934327,0.7644776,0.15200001,0.0,0.15281256,5.0900216,5.100022,1635200
hardzero_plus_depr__c0p58__z1p00__lam0p010__nu0p50__psi1p00,hardzero_plus_depr,0.01,40,511,0.0,1,0.43377897,0.43377897,1.0151951,0.0,0.096561685,0.0,0.0,6.096613e-05,-26.724134,2.2334738,0.7444913,0.16000001,0.0,0.14588284,5.100022,5.110022,1638400
hardzero_plus_depr__c0p58__z1p00__lam0p010__nu0p50__psi1p00,hardzero_plus_depr,0.01,40,512,0.0,1,0.43377897,0.43377897,1.0149245,0.0,0.09662188,0.0,0.0,6.0359493e-05,-26.902143,2.2328784,0.74429286,0.216,0.008,0.1589109,5.110022,5.1200223,1641600
hardzero_plus_depr__c0p58__z1p00__lam0p010__nu0p50__psi1p00,hardzero_plus_depr,0.01,40,513,0.0,1,0.43377897,0.43377897,1.0471388,0.0,0.08971421,0.0,0.0,5.97589e-05,-27.487434,2.3037515,0.76791716,0.17600001,0.0,0.16604972,5.1200223,5.1300225,1644800
hardzero_plus_depr__c0p58__z1p00__lam0p010__nu0p50__psi1p00,hardzero_plus_depr,0.01,40,514,0.0,1,0.43377897,0.43377897,1.0103391,0.0,0.09764743,0.0,0.0,5.916427e-05,-27.07554,2.2227905,0.7409302,0.16000001,0.0,0.17066821,5.1300225,5.1400228,1648000
hardzero_plus_depr__c0p58__z1p00__lam0p010__nu0p50__psi1p00,hardzero_plus_depr,0.01,40,515,0.0,1,0.43377897,0.43377897,1.1242727,0.0,0.0751151,0.0,0.0,5.857556e-05,-28.935568,2.4734495,0.82448316,0.104,0.0,0.17219809,5.1400228,5.150023,1651200
hardzero_plus_depr__c0p58__z1p00__lam0p010__nu0p50__psi1p00,hardzero_plus_depr,0.01,40,516,0.0,1,0.43377897,0.43377897,1.048159,0.0,0.089503706,0.0,0.0,5.799271e-05,-27.238497,2.305996,0.7686653,0.15200001,0.0,0.13378996,5.150023,5.160023,1654400
hardzero_plus_depr__c0p58__z1p00__lam0p010__nu0p50__psi1p00,hardzero_plus_depr,0.01,40,517,0.0,1,0.43377897,0.43377897,1.030528,0.0,0.093212046,0.0,0.0,5.7415662e-05,-27.733276,2.2672067,0.7557356,0.15200001,0.0,0.15151699,5.160023,5.1700234,1657600
hardzero_plus_depr__c0p58__z1p00__lam0p010__nu0p50__psi1p00,hardzero_plus_depr,0.01,40,518,0.0,1,0.43377897,0.43377897,1.0747908,0.0,0.08418004,0.0,0.0,5.6844357e-05,-27.997124,2.364587,0.7881957,0.16800001,0.0,0.16934142,5.1700234,5.1800237,1660800
hardzero_plus_depr__c0p58__z1p00__lam0p010__nu0p50__psi1p00,hardzero_plus_depr,0.01,40,519,0.0,1,0.43377897,0.43377897,1.0573503,0.0,0.08762938,0.0,0.0,5.627873e-05,-27.985607,2.3262172,0.77540576,0.120000005,0.0,0.16277567,5.1800237,5.190024,1664000
hardzero_plus_depr__c0p58__z1p00__lam0p010__nu0p50__psi1p00,hardzero_plus_depr,0.01,40,520,0.0,1,0.43377897,0.43377897,1.0291362,0.0,0.09351123,0.0,0.0,5.5718738e-05,-26.798483,2.264145,0.75471497,0.12,0.0,0.14039083,5.190024,5.200024,1667200
hardzero_plus_depr__c0p58__z1p00__lam0p010__nu0p50__psi1p00,hardzero_plus_depr,0.01,40,521,0.0,1,0.43377897,0.43377897,1.0170242,0.0,0.096155874,0.0,0.0,5.5164313e-05,-26.741331,2.2374978,0.7458326,0.128,0.0,0.1480238,5.200024,5.2100244,1670400
hardzero_plus_depr__c0p58__z1p00__lam0p010__nu0p50__psi1p00,hardzero_plus_depr,0.01,40,522,0.0,1,0.43377897,0.43377897,1.0659734,0.0,0.08590661,0.0,0.0,5.4615404e-05,-27.129246,2.3451884,0.78172946,0.128,0.0,0.14493926,5.2100244,5.2200246,1673600
hardzero_plus_depr__c0p58__z1p00__lam0p010__nu0p50__psi1p00,hardzero_plus_depr,0.01,40,523,0.0,1,0.43377897,0.43377897,1.0161457,0.0,0.096350566,0.0,0.0,5.4071963e-05,-27.460794,2.2355652,0.7451884,0.120000005,0.0,0.16099915,5.2200246,5.230025,1676800
hardzero_plus_depr__c0p58__z1p00__lam0p010__nu0p50__psi1p00,hardzero_plus_depr,0.01,40,524,0.0,1,0.43377897,0.43377897,1.0767064,0.0,0.08380956,0.0,0.0,5.3533924e-05,-28.106117,2.3688014,0.7896005,0.136,0.0,0.13913092,5.230025,5.240025,1680000
hardzero_plus_depr__c0p58__z1p00__lam0p010__nu0p50__psi1p00,hardzero_plus_depr,0.01,40,525,0.0,1,0.43377897,0.43378443,0.9884719,0.10268998,0.10268998,1.0,5.4426964e-06,5.300124e-05,-26.044155,2.1746817,0.7248939,0.192,0.0,0.12504134,5.240025,5.2500253,1683200
hardzero_plus_depr__c0p58__z1p00__lam0p010__nu0p50__psi1p00,hardzero_plus_depr,0.01,40,526,0.0,1,0.43378443,0.43378443,1.0387837,0.0,0.09145685,0.0,0.0,5.2473857e-05,-27.955484,2.2853696,0.7617899,0.16800001,0.0,0.14684992,5.2500253,5.2600255,1686400
hardzero_plus_depr__c0p58__z1p00__lam0p010__nu0p50__psi1p00,hardzero_plus_depr,0.01,40,527,0.0,1,0.43378443,0.43378443,1.0016708,0.0,0.099616,0.0,0.0,5.195172e-05,-26.433395,2.2037199,0.7345733,0.216,0.0,0.14078029,5.2600255,5.2700257,1689600
hardzero_plus_depr__c0p58__z1p00__lam0p010__nu0p50__psi1p00,hardzero_plus_depr,0.01,40,528,0.0,1,0.43378443,0.43378443,1.0365087,0.0,0.091937214,0.0,0.0,5.1434785e-05,-27.523136,2.2803645,0.7601215,0.208,0.0,0.15779307,5.2700257,5.280026,1692800
hardzero_plus_depr__c0p58__z1p00__lam0p010__nu0p50__psi1p00,hardzero_plus_depr,0.01,40,529,0.0,1,0.43378443,0.43378443,1.028409,0.0,0.09366794,0.0,0.0,5.0922987e-05,-27.718056,2.262545,0.75418174,0.17600001,0.0,0.14995815,5.280026,5.290026,1696000
hardzero_plus_depr__c0p58__z1p00__lam0p010__nu0p50__psi1p00,hardzero_plus_depr,0.01,40,530,0.0,1,0.43378443,0.43378443,1.0098644,0.0,0.097754225,0.0,0.0,5.0416285e-05,-26.638748,2.2217462,0.7405821,0.080000006,0.0,0.13110279,5.290026,5.3000264,1699200
hardzero_plus_depr__c0p58__z1p00__lam0p010__nu0p50__psi1p00,hardzero_plus_depr,0.01,40,531,0.0,1,0.43378443,0.43378443,1.0593048,0.0,0.08723587,0.0,0.0,4.991462e-05,-27.587309,2.330517,0.776839,0.08800001,0.0,0.1726809,5.3000264,5.3100266,1702400
hardzero_plus_depr__c0p58__z1p00__lam0p010__nu0p50__psi1p00,hardzero_plus_depr,0.01,40,532,0.0,1,0.43378443,0.43378443,1.0604877,0.0,0.0869986,0.0,0.0,4.9417948e-05,-28.286446,2.3331196,0.77770656,0.120000005,0.0,0.16801211,5.3100266,5.320027,1705600
hardzero_plus_depr__c0p58__z1p00__lam0p010__nu0p50__psi1p00,hardzero_plus_depr,0.01,40,533,0.0,1,0.43378443,0.43378443,1.0312419,0.0,0.09305894,0.0,0.0,4.8926224e-05,-26.481834,2.2687774,0.75625914,0.17999999,0.0,0.17606811,5.320027,5.330027,1708800
hardzero_plus_depr__c0p58__z1p00__lam0p010__nu0p50__psi1p00,hardzero_plus_depr,0.01,40,534,0.0,1,0.43378443,0.43378443,1.0462917,0.0,0.08988937,0.0,0.0,4.843939e-05,-26.694002,2.3018878,0.76729596,0.16000001,0.0,0.15676795,5.330027,5.3400273,1712000
hardzero_plus_depr__c0p58__z1p00__lam0p010__nu0p50__psi1p00,hardzero_plus_depr,0.01,40,535,0.0,1,0.43378443,0.43378443,1.0263085,0.0,0.09412207,0.0,0.0,4.7957397e-05,-26.955765,2.2579238,0.7526413,0.18400002,0.0,0.14529279,5.3400273,5.3500276,1715200
hardzero_plus_depr__c0p58__z1p00__lam0p010__nu0p50__psi1p00,hardzero_plus_depr,0.01,40,536,0.0,1,0.43378443,0.43378443,1.0071988,0.0,0.09835608,0.0,0.0,4.7480196e-05,-26.946444,2.2158816,0.7386272,0.128,0.0,0.14368261,5.3500276,5.360028,1718400
hardzero_plus_depr__c0p58__z1p00__lam0p010__nu0p50__psi1p00,hardzero_plus_depr,0.01,40,537,0.0,1,0.43378443,0.43378443,1.0521259,0.0,0.08868987,0.0,0.0,4.700775e-05,-27.822506,2.3147233,0.77157444,0.15200001,0.0,0.12945276,5.360028,5.370028,1721600
hardzero_plus_depr__c0p58__z1p00__lam0p010__nu0p50__psi1p00,hardzero_plus_depr,0.01,40,538,0.0,1,0.43378443,0.43378443,1.1213616,0.0,0.07562029,0.0,0.0,4.6540008e-05,-28.90842,2.4670448,0.8223483,0.08800001,0.0,0.1568713,5.370028,5.3800282,1724800
hardzero_plus_depr__c0p58__z1p00__lam0p010__nu0p50__psi1p00,hardzero_plus_depr,0.01,40,539,0.0,1,0.43378443,0.43378937,0.9695696,0.10725817,0.10725817,1.0,4.942126e-06,4.607692e-05,-26.433332,2.1330957,0.7110319,0.24000001,0.0,0.14897941,5.3800282,5.3900285,1728000
hardzero_plus_depr__c0p58__z1p00__lam0p010__nu0p50__psi1p00,hardzero_plus_depr,0.01,40,540,0.0,1,0.43378937,0.43378937,1.0693343,0.0,0.08524438,0.0,0.0,4.561843e-05,-28.39488,2.3525825,0.7841942,0.128,0.0,0.13859849,5.3900285,5.4000287,1731200
hardzero_plus_depr__c0p58__z1p00__lam0p010__nu0p50__psi1p00,hardzero_plus_depr,0.01,40,541,0.0,1,0.43378937,0.43378937,1.0646429,0.0,0.08617018,0.0,0.0,4.516451e-05,-27.663088,2.342261,0.78075373,0.104,0.0,0.16596885,5.4000287,5.410029,1734400
hardzero_plus_depr__c0p58__z1p00__lam0p010__nu0p50__psi1p00,hardzero_plus_depr,0.01,40,542,0.0,1,0.43378937,0.43378937,1.0217187,0.0,0.09512206,0.0,0.0,4.4715107e-05,-27.395899,2.247826,0.7492754,0.120000005,0.0,0.13327986,5.410029,5.420029,1737600
hardzero_plus_depr__c0p58__z1p00__lam0p010__nu0p50__psi1p00,hardzero_plus_depr,0.01,40,543,0.0,1,0.43378937,0.43378937,1.0796127,0.0,0.08325058,0.0,0.0,4.427017e-05,-28.483837,2.3751955,0.79173183,0.120000005,0.0,0.16899137,5.420029,5.4300294,1740800
hardzero_plus_depr__c0p58__z1p00__lam0p010__nu0p50__psi1p00,hardzero_plus_depr,0.01,40,544,0.0,1,0.43378937,0.43378937,1.0985067,0.0,0.07970642,0.0,0.0,4.382967e-05,-28.80966,2.416763,0.8055877,0.120000005,0.0,0.17269155,5.4300294,5.4400296,1744000
hardzero_plus_depr__c0p58__z1p00__lam0p010__nu0p50__psi1p00,hardzero_plus_depr,0.01,40,545,0.0,1,0.43378937,0.43378937,1.0585445,0.0,0.08738873,0.0,0.0,4.3393546e-05,-27.592764,2.3288443,0.7762815,0.120000005,0.0,0.1431351,5.4400296,5.45003,1747200
hardzero_plus_depr__c0p58__z1p00__lam0p010__nu0p50__psi1p00,hardzero_plus_depr,0.01,40,546,0.0,1,0.43378937,0.43378937,1.0775864,0.0,0.083639905,0.0,0.0,4.296176e-05,-29.17676,2.3707373,0.7902458,0.11,0.0,0.15753685,5.45003,5.46003,1750400
hardzero_plus_depr__c0p58__z1p00__lam0p010__nu0p50__psi1p00,hardzero_plus_depr,0.01,40,547,0.0,1,0.43378937,0.43378937,1.0524322,0.0,0.08862737,0.0,0.0,4.2534273e-05,-27.195585,2.315397,0.771799,0.080000006,0.0,0.15261994,5.46003,5.4700303,1753600
hardzero_plus_depr__c0p58__z1p00__lam0p010__nu0p50__psi1p00,hardzero_plus_depr,0.01,40,548,0.0,1,0.43378937,0.43379387,0.9720098,0.10665719,0.10665719,1.0,4.491446e-06,4.2111045e-05,-26.21055,2.1384642,0.7128214,0.23200001,0.0,0.13472301,5.4700303,5.4800305,1756800
hardzero_plus_depr__c0p58__z1p00__lam0p010__nu0p50__psi1p00,hardzero_plus_depr,0.01,40,549,0.0,1,0.43379387,0.43379387,1.0223464,0.0,0.09498467,0.0,0.0,4.1692023e-05,-26.826267,2.249207,0.7497357,0.192,0.008,0.13979243,5.4800305,5.490031,1760000
hardzero_plus_depr__c0p58__z1p00__lam0p010__nu0p50__psi1p00,hardzero_plus_depr,0.01,40,550,0.0,1,0.43379387,0.43379387,1.0499195,0.0,0.08914161,0.0,0.0,4.127717e-05,-26.75751,2.309869,0.76995635,0.16000001,0.0,0.15438475,5.490031,5.500031,1763200
hardzero_plus_depr__c0p58__z1p00__lam0p010__nu0p50__psi1p00,hardzero_plus_depr,0.01,40,551,0.0,1,0.43379387,0.43379387,1.0295116,0.0,0.093430445,0.0,0.0,4.086645e-05,-27.241148,2.2649708,0.7549903,0.104,0.0,0.15127772,5.500031,5.510031,1766400
hardzero_plus_depr__c0p58__z1p00__lam0p010__nu0p50__psi1p00,hardzero_plus_depr,0.01,40,552,0.0,1,0.43379387,0.43379387,1.0984063,0.0,0.07972484,0.0,0.0,4.045981e-05,-27.83717,2.416542,0.80551404,0.104,0.0,0.16306216,5.510031,5.5200315,1769600
hardzero_plus_depr__c0p58__z1p00__lam0p010__nu0p50__psi1p00,hardzero_plus_depr,0.01,40,553,0.0,1,0.43379387,0.43379387,1.0608289,0.0,0.08693027,0.0,0.0,4.0057217e-05,-28.212551,2.3338702,0.7779567,0.120000005,0.0,0.14280127,5.5200315,5.5300317,1772800
hardzero_plus_depr__c0p58__z1p00__lam0p010__nu0p50__psi1p00,hardzero_plus_depr,0.01,40,554,0.0,1,0.43379387,0.43379387,1.0945535,0.0,0.08043527,0.0,0.0,3.9658633e-05,-28.92597,2.4080658,0.8026886,0.096,0.0,0.19503531,5.5300317,5.540032,1776000
hardzero_plus_depr__c0p58__z1p00__lam0p010__nu0p50__psi1p00,hardzero_plus_depr,0.01,40,555,0.0,1,0.43379387,0.43379387,1.0384232,0.0,0.09153281,0.0,0.0,3.9264014e-05,-26.967718,2.2845767,0.7615256,0.18400002,0.0,0.13110489,5.540032,5.550032,1779200
hardzero_plus_depr__c0p58__z1p00__lam0p010__nu0p50__psi1p00,hardzero_plus_depr,0.01,40,556,0.0,1,0.43379387,0.43379387,1.0233365,0.0,0.09476838,0.0,0.0,3.887332e-05,-27.817814,2.2513855,0.7504618,0.120000005,0.0,0.15300402,5.550032,5.5600324,1782400
hardzero_plus_depr__c0p58__z1p00__lam0p010__nu0p50__psi1p00,hardzero_plus_depr,0.01,40,557,0.0,1,0.43379387,0.43379787,0.98415077,0.103716835,0.103716835,1.0,3.9916995e-06,3.8486516e-05,-26.397635,2.165175,0.721725,0.16000001,0.0,0.1318216,5.5600324,5.5700326,1785600
hardzero_plus_depr__c0p58__z1p00__lam0p010__nu0p50__psi1p00,hardzero_plus_depr,0.01,40,558,0.0,1,0.43379787,0.43379787,1.0379596,0.0,0.09163057,0.0,0.0,3.8103564e-05,-27.367567,2.2835567,0.7611856,0.14400001,0.0,0.13620597,5.5700326,5.580033,1788800
hardzero_plus_depr__c0p58__z1p00__lam0p010__nu0p50__psi1p00,hardzero_plus_depr,0.01,40,559,0.0,1,0.43379787,0.43379787,1.0337439,0.0,0.09252438,0.0,0.0,3.7724418e-05,-27.51602,2.274282,0.758094,0.13,0.0,0.13977076,5.580033,5.590033,1792000
hardzero_plus_depr__c0p58__z1p00__lam0p010__nu0p50__psi1p00,hardzero_plus_depr,0.01,40,560,0.0,1,0.43379787,0.43380168,0.9895385,0.10243811,0.10243811,1.0,3.8259655e-06,3.7349044e-05,-27.15651,2.1770282,0.72567606,0.14400001,0.0,0.12673958,5.590033,5.6000333,1795200
hardzero_plus_depr__c0p58__z1p00__lam0p010__nu0p50__psi1p00,hardzero_plus_depr,0.01,40,561,0.0,1,0.43380168,0.43380168,1.0351369,0.0,0.09222807,0.0,0.0,3.6977406e-05,-27.737896,2.2773468,0.75911564,0.18400002,0.0,0.18372656,5.6000333,5.6100335,1798400
hardzero_plus_depr__c0p58__z1p00__lam0p010__nu0p50__psi1p00,hardzero_plus_depr,0.01,40,562,0.0,1,0.43380168,0.43380168,1.0314732,0.0,0.09300938,0.0,0.0,3.6609465e-05,-27.299301,2.2692862,0.7564287,0.120000005,0.0,0.16310593,5.6100335,5.6200337,1801600
hardzero_plus_depr__c0p58__z1p00__lam0p010__nu0p50__psi1p00,hardzero_plus_depr,0.01,40,563,0.0,1,0.43380168,0.43380544,0.98426795,0.10368884,0.10368884,1.0,3.7582215e-06,3.6245186e-05,-25.634302,2.1654327,0.72181094,0.17600001,0.0,0.1600469,5.6200337,5.630034,1804800
hardzero_plus_depr__c0p58__z1p00__lam0p010__nu0p50__psi1p00,hardzero_plus_depr,0.01,40,564,0.0,1,0.43380544,0.43380544,1.0919195,0.0,0.080924585,0.0,0.0,3.5884532e-05,-28.302622,2.402271,0.80075705,0.17600001,0.0,0.20273215,5.630034,5.640034,1808000
hardzero_plus_depr__c0p58__z1p00__lam0p010__nu0p50__psi1p00,hardzero_plus_depr,0.01,40,565,0.0,1,0.43380544,0.43380544,1.0774212,0.0,0.083671734,0.0,0.0,3.5527468e-05,-27.701975,2.370374,0.79012465,0.16000001,0.0,0.13974582,5.640034,5.6500344,1811200
hardzero_plus_depr__c0p58__z1p00__lam0p010__nu0p50__psi1p00,hardzero_plus_depr,0.01,40,566,0.0,1,0.43380544,0.433809,0.9945855,0.10125454,0.10125454,1.0,3.5615226e-06,3.5173955e-05,-27.078634,2.1881318,0.72937727,0.16000001,0.0,0.13825145,5.6500344,5.6600347,1814400
hardzero_plus_depr__c0p58__z1p00__lam0p010__nu0p50__psi1p00,hardzero_plus_depr,0.01,40,567,0.0,1,0.433809,0.433809,1.0112989,0.0,0.097431876,0.0,0.0,3.4823963e-05,-26.557102,2.224902,0.741634,0.136,0.0,0.13021912,5.6600347,5.670035,1817600
hardzero_plus_depr__c0p58__z1p00__lam0p010__nu0p50__psi1p00,hardzero_plus_depr,0.01,40,568,0.0,1,0.433809,0.433809,1.0473177,0.0,0.08967723,0.0,0.0,3.447745e-05,-26.833765,2.304145,0.7680484,0.14400001,0.0,0.1384886,5.670035,5.680035,1820800
hardzero_plus_depr__c0p58__z1p00__lam0p010__nu0p50__psi1p00,hardzero_plus_depr,0.01,40,569,0.0,1,0.433809,0.433809,1.0753001,0.0,0.08408139,0.0,0.0,3.4134388e-05,-28.278725,2.3657074,0.78856915,0.096,0.0,0.17598471,5.680035,5.6900353,1824000
hardzero_plus_depr__c0p58__z1p00__lam0p010__nu0p50__psi1p00,hardzero_plus_depr,0.01,40,570,0.0,1,0.433809,0.433809,1.0563909,0.0,0.08782316,0.0,0.0,3.3794735e-05,-28.205622,2.3241062,0.7747021,0.112,0.0,0.17159297,5.6900353,5.7000356,1827200
hardzero_plus_depr__c0p58__z1p00__lam0p010__nu0p50__psi1p00,hardzero_plus_depr,0.01,40,571,0.0,1,0.433809,0.433809,1.0411843,0.0,0.090952724,0.0,0.0,3.3458462e-05,-27.839409,2.290651,0.7635504,0.17600001,0.0,0.16925734,5.7000356,5.710036,1830400
hardzero_plus_depr__c0p58__z1p00__lam0p010__nu0p50__psi1p00,hardzero_plus_depr,0.01,40,572,0.0,1,0.433809,0.433809,1.0285084,0.0,0.093646504,0.0,0.0,3.312554e-05,-27.107277,2.2627637,0.7542546,0.17,0.0,0.12977771,5.710036,5.720036,1833600
hardzero_plus_depr__c0p58__z1p00__lam0p010__nu0p50__psi1p00,hardzero_plus_depr,0.01,40,573,0.0,1,0.433809,0.433809,1.0240555,0.0,0.094611615,0.0,0.0,3.2795928e-05,-27.268452,2.2529671,0.7509891,0.15200001,0.0,0.14177945,5.720036,5.7300363,1836800
hardzero_plus_depr__c0p58__z1p00__lam0p010__nu0p50__psi1p00,hardzero_plus_depr,0.01,40,574,0.0,1,0.433809,0.433809,1.0125968,0.0,0.09714113,0.0,0.0,3.2469594e-05,-26.8457,2.2277575,0.74258584,0.048,0.0,0.12353315,5.7300363,5.7400365,1840000
hardzero_plus_depr__c0p58__z1p00__lam0p010__nu0p50__psi1p00,hardzero_plus_depr,0.01,40,575,0.0,1,0.433809,0.433809,1.0582901,0.0,0.08743994,0.0,0.0,3.214651e-05,-27.42177,2.3282847,0.7760949,0.096,0.0,0.14472015,5.7400365,5.7500367,1843200
hardzero_plus_depr__c0p58__z1p00__lam0p010__nu0p50__psi1p00,hardzero_plus_depr,0.01,40,576,0.0,1,0.433809,0.433809,1.0069059,0.0,0.09842242,0.0,0.0,3.1826636e-05,-26.721817,2.2152371,0.7384124,0.192,0.0,0.15484565,5.7500367,5.760037,1846400
hardzero_plus_depr__c0p58__z1p00__lam0p010__nu0p50__psi1p00,hardzero_plus_depr,0.01,40,577,0.0,1,0.433809,0.433809,1.0107684,0.0,0.09755095,0.0,0.0,3.150995e-05,-27.820173,2.2237349,0.741245,0.17600001,0.0,0.12407043,5.760037,5.770037,1849600
hardzero_plus_depr__c0p58__z1p00__lam0p010__nu0p50__psi1p00,hardzero_plus_depr,0.01,40,578,0.0,1,0.433809,0.433809,1.0219573,0.0,0.095069826,0.0,0.0,3.1196418e-05,-27.256393,2.2483509,0.7494503,0.16000001,0.0,0.13910617,5.770037,5.7800374,1852800
hardzero_plus_depr__c0p58__z1p00__lam0p010__nu0p50__psi1p00,hardzero_plus_depr,0.01,40,579,0.0,1,0.433809,0.433809,1.043915,0.0,0.09038263,0.0,0.0,3.0886e-05,-27.342854,2.296659,0.765553,0.16000001,0.0,0.16318303,5.7800374,5.7900376,1856000
hardzero_plus_depr__c0p58__z1p00__lam0p010__nu0p50__psi1p00,hardzero_plus_depr,0.01,40,580,0.0,1,0.433809,0.433809,1.0407395,0.0,0.09104591,0.0,0.0,3.057867e-05,-27.50086,2.2896726,0.76322424,0.104,0.0,0.16674045,5.7900376,5.800038,1859200
hardzero_plus_depr__c0p58__z1p00__lam0p010__nu0p50__psi1p00,hardzero_plus_depr,0.01,40,581,0.0,1,0.433809,0.433809,1.0460445,0.0,0.08994054,0.0,0.0,3.02744e-05,-27.688581,2.3013437,0.7671146,0.136,0.0,0.16621326,5.800038,5.810038,1862400
hardzero_plus_depr__c0p58__z1p00__lam0p010__nu0p50__psi1p00,hardzero_plus_depr,0.01,40,582,0.0,1,0.433809,0.433809,1.0942906,0.0,0.08048397,0.0,0.0,2.9973158e-05,-28.273176,2.4074874,0.80249584,0.15200001,0.0,0.21454638,5.810038,5.8200383,1865600
hardzero_plus_depr__c0p58__z1p00__lam0p010__nu0p50__psi1p00,hardzero_plus_depr,0.01,40,583,0.0,1,0.433809,0.433809,1.0272512,0.0,0.09391799,0.0,0.0,2.9674915e-05,-27.043905,2.2599978,0.7533326,0.192,0.0,0.16256692,5.8200383,5.8300385,1868800
hardzero_plus_depr__c0p58__z1p00__lam0p010__nu0p50__psi1p00,hardzero_plus_depr,0.01,40,584,0.0,1,0.433809,0.433809,1.0264587,0.0,0.09408951,0.0,0.0,2.9379637e-05,-27.032892,2.2582543,0.75275147,0.080000006,0.0,0.14555582,5.8300385,5.840039,1872000
hardzero_plus_depr__c0p58__z1p00__lam0p010__nu0p50__psi1p00,hardzero_plus_depr,0.01,40,585,0.0,1,0.433809,0.433809,1.0667495,0.0,0.08575324,0.0,0.0,2.90873e-05,-28.044243,2.3468957,0.78229856,0.13,0.0,0.12537165,5.840039,5.850039,1875200
hardzero_plus_depr__c0p58__z1p00__lam0p010__nu0p50__psi1p00,hardzero_plus_depr,0.01,40,586,0.0,1,0.433809,0.433809,1.0344342,0.0,0.0923774,0.0,0.0,2.8797867e-05,-26.810455,2.2758007,0.75860023,0.104,0.0,0.13886312,5.850039,5.860039,1878400
hardzero_plus_depr__c0p58__z1p00__lam0p010__nu0p50__psi1p00,hardzero_plus_depr,0.01,40,587,0.0,1,0.433809,0.433809,1.0479798,0.0,0.08954063,0.0,0.0,2.8511318e-05,-27.62873,2.3056016,0.7685339,0.16000001,0.0,0.1799781,5.860039,5.8700395,1881600
hardzero_plus_depr__c0p58__z1p00__lam0p010__nu0p50__psi1p00,hardzero_plus_depr,0.01,40,588,0.0,1,0.433809,0.433809,1.0516543,0.0,0.08878624,0.0,0.0,2.8227621e-05,-28.357485,2.3136857,0.77122855,0.136,0.0,0.16690522,5.8700395,5.8800397,1884800
hardzero_plus_depr__c0p58__z1p00__lam0p010__nu0p50__psi1p00,hardzero_plus_depr,0.01,40,589,0.0,1,0.433809,0.433809,1.0752773,0.0,0.0840858,0.0,0.0,2.7946742e-05,-28.014006,2.3656573,0.78855246,0.072000004,0.0,0.17899911,5.8800397,5.89004,1888000
hardzero_plus_depr__c0p58__z1p00__lam0p010__nu0p50__psi1p00,hardzero_plus_depr,0.01,40,590,0.0,1,0.433809,0.433809,1.0423373,0.0,0.090711564,0.0,0.0,2.7668662e-05,-27.61088,2.2931879,0.76439595,0.120000005,0.0,0.14196198,5.89004,5.90004,1891200
hardzero_plus_depr__c0p58__z1p00__lam0p010__nu0p50__psi1p00,hardzero_plus_depr,0.01,40,591,0.0,1,0.433809,0.433809,1.054959,0.0,0.088113196,0.0,0.0,2.7393347e-05,-26.932713,2.3209562,0.7736521,0.192,0.0,0.15720287,5.90004,5.9100404,1894400
hardzero_plus_depr__c0p58__z1p00__lam0p010__nu0p50__psi1p00,hardzero_plus_depr,0.01,40,592,0.0,1,0.433809,0.433809,1.0234253,0.0,0.094749,0.0,0.0,2.7120772e-05,-27.506708,2.2515807,0.7505269,0.15200001,0.0,0.16986732,5.9100404,5.9200406,1897600
hardzero_plus_depr__c0p58__z1p00__lam0p010__nu0p50__psi1p00,hardzero_plus_depr,0.01,40,593,0.0,1,0.433809,0.433809,1.0593634,0.0,0.08722412,0.0,0.0,2.685091e-05,-27.783438,2.330646,0.77688205,0.136,0.0,0.12866092,5.9200406,5.930041,1900800
hardzero_plus_depr__c0p58__z1p00__lam0p010__nu0p50__psi1p00,hardzero_plus_depr,0.01,40,594,0.0,1,0.433809,0.4338117,0.99541885,0.10106044,0.10106044,1.0,2.686564e-06,2.6583733e-05,-26.445122,2.1899652,0.72998846,0.224,0.0,0.1639615,5.930041,5.940041,1904000
hardzero_plus_depr__c0p58__z1p00__lam0p010__nu0p50__psi1p00,hardzero_plus_depr,0.01,40,595,0.0,1,0.4338117,0.4338117,1.0202278,0.0,0.09544917,0.0,0.0,2.6319218e-05,-27.757011,2.244546,0.748182,0.17600001,0.0,0.15515049,5.940041,5.9500413,1907200
hardzero_plus_depr__c0p58__z1p00__lam0p010__nu0p50__psi1p00,hardzero_plus_depr,0.01,40,596,0.0,1,0.4338117,0.4338117,1.0237234,0.0,0.094684005,0.0,0.0,2.6057329e-05,-26.935703,2.2522364,0.7507455,0.16000001,0.0,0.129139,5.9500413,5.9600415,1910400
hardzero_plus_depr__c0p58__z1p00__lam0p010__nu0p50__psi1p00,hardzero_plus_depr,0.01,40,597,0.0,1,0.4338117,0.4338117,1.0171067,0.0,0.096137606,0.0,0.0,2.5798046e-05,-25.876207,2.2376792,0.7458931,0.17600001,0.0,0.118529566,5.9600415,5.9700418,1913600
hardzero_plus_depr__c0p58__z1p00__lam0p010__nu0p50__psi1p00,hardzero_plus_depr,0.01,40,598,0.0,1,0.4338117,0.4338117,1.0333449,0.0,0.09260941,0.0,0.0,2.5541347e-05,-27.08476,2.2734041,0.7578014,0.21,0.01,0.13477157,5.9700418,5.980042,1916800
hardzero_plus_depr__c0p58__z1p00__lam0p010__nu0p50__psi1p00,hardzero_plus_depr,0.01,40,599,0.0,1,0.4338117,0.4338117,1.0106828,0.0,0.09757019,0.0,0.0,2.5287203e-05,-26.35189,2.2235465,0.7411822,0.224,0.0,0.13047467,5.980042,5.990042,1920000
hardzero_plus_depr__c0p58__z1p00__lam0p010__nu0p50__psi1p00,hardzero_plus_depr,0.01,40,600,0.0,1,0.4338117,0.4338117,1.0484307,0.0,0.08944773,0.0,0.0,2.5035584e-05,-27.463915,2.3065937,0.7688646,0.128,0.0,0.17846514,5.990042,6.0000424,1923200
hardzero_plus_depr__c0p58__z1p00__lam0p010__nu0p50__psi1p00,hardzero_plus_depr,0.01,40,601,0.0,1,0.4338117,0.4338117,1.0269724,0.0,0.09397829,0.0,0.0,2.478647e-05,-27.579418,2.2593844,0.7531282,0.15200001,0.0,0.17542976,6.0000424,6.0100427,1926400
hardzero_plus_depr__c0p58__z1p00__lam0p010__nu0p50__psi1p00,hardzero_plus_depr,0.01,40,602,0.0,1,0.4338117,0.43381432,0.97044396,0.107042454,0.107042454,1.0,2.6268042e-06,2.4539835e-05,-26.637344,2.1350193,0.71167314,0.17600001,0.0,0.13736041,6.0100427,6.020043,1929600
hardzero_plus_depr__c0p58__z1p00__lam0p010__nu0p50__psi1p00,hardzero_plus_depr,0.01,40,603,0.0,1,0.43381432,0.43381432,1.0223244,0.0,0.09498948,0.0,0.0,2.4295652e-05,-27.657305,2.2491586,0.74971956,0.136,0.0,0.1395685,6.020043,6.030043,1932800
hardzero_plus_depr__c0p58__z1p00__lam0p010__nu0p50__psi1p00,hardzero_plus_depr,0.01,40,604,0.0,1,0.43381432,0.43381432,1.0491004,0.0,0.0893099,0.0,0.0,2.4053903e-05,-27.87817,2.308067,0.7693557,0.14400001,0.0,0.15415615,6.030043,6.0400434,1936000
hardzero_plus_depr__c0p58__z1p00__lam0p010__nu0p50__psi1p00,hardzero_plus_depr,0.01,40,605,0.0,1,0.43381432,0.43381432,1.0652997,0.0,0.08603997,0.0,0.0,2.3814555e-05,-27.775736,2.3437064,0.78123546,0.112,0.0,0.16805129,6.0400434,6.0500436,1939200
hardzero_plus_depr__c0p58__z1p00__lam0p010__nu0p50__psi1p00,hardzero_plus_depr,0.01,40,606,0.0,1,0.43381432,0.43381432,1.1046501,0.0,0.07858685,0.0,0.0,2.3577591e-05,-28.354166,2.4302788,0.8100929,0.120000005,0.0,0.1421889,6.0500436,6.060044,1942400
hardzero_plus_depr__c0p58__z1p00__lam0p010__nu0p50__psi1p00,hardzero_plus_depr,0.01,40,607,0.0,1,0.43381432,0.43381432,1.0727739,0.0,0.08457189,0.0,0.0,2.3342986e-05,-28.09264,2.3601499,0.78671664,0.112,0.0,0.15164366,6.060044,6.070044,1945600
hardzero_plus_depr__c0p58__z1p00__lam0p010__nu0p50__psi1p00,hardzero_plus_depr,0.01,40,608,0.0,1,0.43381432,0.43381432,1.0592972,0.0,0.08723741,0.0,0.0,2.3110713e-05,-27.889408,2.3305004,0.7768335,0.16800001,0.0,0.14377612,6.070044,6.0800443,1948800
hardzero_plus_depr__c0p58__z1p00__lam0p010__nu0p50__psi1p00,hardzero_plus_depr,0.01,40,609,0.0,1,0.43381432,0.43381432,1.0332648,0.0,0.0926265,0.0,0.0,2.2880753e-05,-28.0495,2.273228,0.75774264,0.14400001,0.0,0.14108884,6.0800443,6.0900445,1952000
hardzero_plus_depr__c0p58__z1p00__lam0p010__nu0p50__psi1p00,hardzero_plus_depr,0.01,40,610,0.0,1,0.43381432,0.43381432,1.0523654,0.0,0.08864098,0.0,0.0,2.2653083e-05,-27.183533,2.3152502,0.7717501,0.14400001,0.0,0.14153603,6.0900445,6.1000447,1955200
hardzero_plus_depr__c0p58__z1p00__lam0p010__nu0p50__psi1p00,hardzero_plus_depr,0.01,40,611,0.0,1,0.43381432,0.43381432,1.0416118,0.0,0.090863235,0.0,0.0,2.2427674e-05,-27.818472,2.2915916,0.7638639,0.14,0.0,0.16028656,6.1000447,6.110045,1958400
hardzero_plus_depr__c0p58__z1p00__lam0p010__nu0p50__psi1p00,hardzero_plus_depr,0.01,40,612,0.0,1,0.43381432,0.43381432,1.080402,0.0,0.08309941,0.0,0.0,2.220451e-05,-27.926138,2.376932,0.79231066,0.072000004,0.0,0.16479579,6.110045,6.120045,1961600
hardzero_plus_depr__c0p58__z1p00__lam0p010__nu0p50__psi1p00,hardzero_plus_depr,0.01,40,613,0.0,1,0.43381432,0.43381432,1.0554456,0.0,0.08801454,0.0,0.0,2.1983566e-05,-27.54947,2.3220265,0.77400887,0.15200001,0.0,0.15334909,6.120045,6.1300454,1964800
hardzero_plus_depr__c0p58__z1p00__lam0p010__nu0p50__psi1p00,hardzero_plus_depr,0.01,40,614,0.0,1,0.43381432,0.43381432,1.0578564,0.0,0.08752729,0.0,0.0,2.1764821e-05,-28.4835,2.3273306,0.77577686,0.14400001,0.0,0.14945394,6.1300454,6.1400456,1968000
hardzero_plus_depr__c0p58__z1p00__lam0p010__nu0p50__psi1p00,hardzero_plus_depr,0.01,40,615,0.0,1,0.43381432,0.43381432,1.043725,0.0,0.09042218,0.0,0.0,2.1548252e-05,-27.274923,2.2962408,0.76541364,0.128,0.0,0.12971401,6.1400456,6.150046,1971200
hardzero_plus_depr__c0p58__z1p00__lam0p010__nu0p50__psi1p00,hardzero_plus_depr,0.01,40,616,0.0,1,0.43381432,0.4338166,0.968852,0.10743556,0.10743556,1.0,2.292013e-06,2.1333839e-05,-26.190966,2.131517,0.71050566,0.192,0.0,0.13543406,6.150046,6.160046,1974400
hardzero_plus_depr__c0p58__z1p00__lam0p010__nu0p50__psi1p00,hardzero_plus_depr,0.01,40,617,0.0,1,0.4338166,0.4338166,1.06699,0.0,0.08570576,0.0,0.0,2.112156e-05,-28.058983,2.347425,0.782475,0.104,0.0,0.13742328,6.160046,6.1700463,1977600
hardzero_plus_depr__c0p58__z1p00__lam0p010__nu0p50__psi1p00,hardzero_plus_depr,0.01,40,618,0.0,1,0.4338166,0.4338166,1.030945,0.0,0.093122594,0.0,0.0,2.091139e-05,-27.140226,2.268124,0.7560414,0.096,0.0,0.15044403,6.1700463,6.1800466,1980800
hardzero_plus_depr__c0p58__z1p00__lam0p010__nu0p50__psi1p00,hardzero_plus_depr,0.01,40,619,0.0,1,0.4338166,0.4338166,1.0461437,0.0,0.08992002,0.0,0.0,2.0703314e-05,-26.835154,2.301562,0.76718736,0.112,0.0,0.14481214,6.1800466,6.190047,1984000
hardzero_plus_depr__c0p58__z1p00__lam0p010__nu0p50__psi1p00,hardzero_plus_depr,0.01,40,620,0.0,1,0.4338166,0.4338187,0.9920955,0.10183674,0.10183674,1.0,2.087379e-06,2.0497308e-05,-26.239676,2.1826537,0.7275512,0.192,0.008,0.11896111,6.190047,6.200047,1987200
hardzero_plus_depr__c0p58__z1p00__lam0p010__nu0p50__psi1p00,hardzero_plus_depr,0.01,40,621,0.0,1,0.4338187,0.4338187,1.0113657,0.0,0.0974169,0.0,0.0,2.0293352e-05,-25.890602,2.2250488,0.74168295,0.128,0.0,0.110073216,6.200047,6.2100472,1990400
hardzero_plus_depr__c0p58__z1p00__lam0p010__nu0p50__psi1p00,hardzero_plus_depr,0.01,40,622,0.0,1,0.4338187,0.4338187,1.0543171,0.0,0.08824352,0.0,0.0,2.0091424e-05,-27.421787,2.319544,0.7731814,0.120000005,0.0,0.136436,6.2100472,6.2200475,1993600
hardzero_plus_depr__c0p58__z1p00__lam0p010__nu0p50__psi1p00,hardzero_plus_depr,0.01,40,623,0.0,1,0.4338187,0.4338187,1.019054,0.0,0.09570749,0.0,0.0,1.9891506e-05,-26.608465,2.2419636,0.74732125,0.128,0.0,0.14727616,6.2200475,6.2300477,1996800
hardzero_plus_depr__c0p58__z1p00__lam0p010__nu0p50__psi1p00,hardzero_plus_depr,0.01,40,624,0.0,1,0.4338187,0.4338187,1.0197406,0.0,0.095556326,0.0,0.0,1.969358e-05,-27.458252,2.243474,0.74782467,0.21,0.0,0.15610722,6.2300477,6.240048,2000000
hardzero_plus_depr__c0p58__z1p00__lam0p010__nu0p50__psi1p00,hardzero_plus_depr,0.01,40,625,0.0,1,0.4338187,0.4338187,1.0725626,0.0,0.084613055,0.0,0.0,1.949762e-05,-27.703653,2.3596847,0.7865616,0.14400001,0.0,0.14917675,6.240048,6.250048,2003200
hardzero_plus_depr__c0p58__z1p00__lam0p010__nu0p50__psi1p00,hardzero_plus_depr,0.01,40,626,0.0,1,0.4338187,0.4338187,1.0396171,0.0,0.09128154,0.0,0.0,1.930361e-05,-27.504236,2.2872033,0.7624011,0.192,0.0,0.159762,6.250048,6.2600484,2006400
hardzero_plus_depr__c0p58__z1p00__lam0p010__nu0p50__psi1p00,hardzero_plus_depr,0.01,40,627,0.0,1,0.4338187,0.4338187,1.0810726,0.0,0.08297121,0.0,0.0,1.9111532e-05,-27.618643,2.3784072,0.79280245,0.104,0.0,0.14753988,6.2600484,6.2700486,2009600
hardzero_plus_depr__c0p58__z1p00__lam0p010__nu0p50__psi1p00,hardzero_plus_depr,0.01,40,628,0.0,1,0.4338187,0.4338187,1.0810853,0.0,0.08296877,0.0,0.0,1.8921366e-05,-27.753853,2.3784351,0.79281175,0.128,0.0,0.16763695,6.2700486,6.280049,2012800
hardzero_plus_depr__c0p58__z1p00__lam0p010__nu0p50__psi1p00,hardzero_plus_depr,0.01,40,629,0.0,1,0.4338187,0.4338187,1.0330354,0.0,0.09267543,0.0,0.0,1.8733092e-05,-26.624622,2.2727232,0.75757444,0.16000001,0.0,0.1144613,6.280049,6.290049,2016000
hardzero_plus_depr__c0p58__z1p00__lam0p010__nu0p50__psi1p00,hardzero_plus_depr,0.01,40,630,0.0,1,0.4338187,0.4338187,1.009496,0.0,0.097837195,0.0,0.0,1.8546689e-05,-27.207363,2.2209356,0.74031186,0.15200001,0.0,0.13744101,6.290049,6.3000493,2019200
hardzero_plus_depr__c0p58__z1p00__lam0p010__nu0p50__psi1p00,hardzero_plus_depr,0.01,40,631,0.0,1,0.4338187,0.4338187,1.0966437,0.0,0.08004907,0.0,0.0,1.8362141e-05,-28.299599,2.4126642,0.8042214,0.104,0.0,0.15277071,6.3000493,6.3100495,2022400
hardzero_plus_depr__c0p58__z1p00__lam0p010__nu0p50__psi1p00,hardzero_plus_depr,0.01,40,632,0.0,1,0.4338187,0.43382064,0.975548,0.10579179,0.10579179,1.0,1.9232345e-06,1.8179431e-05,-26.940027,2.1462486,0.7154162,0.224,0.0,0.13468122,6.3100495,6.32005,2025600
hardzero_plus_depr__c0p58__z1p00__lam0p010__nu0p50__psi1p00,hardzero_plus_depr,0.01,40,633,0.0,1,0.43382064,0.43382248,0.9889985,0.10256555,0.10256555,1.0,1.8460302e-06,1.799854e-05,-26.386282,2.1758401,0.72528005,0.2,0.0,0.13492365,6.32005,6.33005,2028800
hardzero_plus_depr__c0p58__z1p00__lam0p010__nu0p50__psi1p00,hardzero_plus_depr,0.01,40,634,0.0,1,0.43382248,0.43382248,1.0579772,0.0,0.087502964,0.0,0.0,1.7819448e-05,-27.808413,2.3275962,0.77586544,0.128,0.0,0.15315743,6.33005,6.34005,2032000
hardzero_plus_depr__c0p58__z1p00__lam0p010__nu0p50__psi1p00,hardzero_plus_depr,0.01,40,635,0.0,1,0.43382248,0.43382424,0.99854827,0.10033482,0.10033482,1.0,1.7701207e-06,1.7642136e-05,-26.603628,2.19685,0.73228335,0.14400001,0.0,0.15294999,6.34005,6.3500504,2035200
hardzero_plus_depr__c0p58__z1p00__lam0p010__nu0p50__psi1p00,hardzero_plus_depr,0.01,40,636,0.0,1,0.43382424,0.43382424,1.0401068,0.0,0.09117866,0.0,0.0,1.746659e-05,-27.881863,2.2882805,0.76276016,0.17600001,0.0,0.16970633,6.3500504,6.3600507,2038400
hardzero_plus_depr__c0p58__z1p00__lam0p010__nu0p50__psi1p00,hardzero_plus_depr,0.01,40,637,0.0,1,0.43382424,0.43382424,1.0411396,0.0,0.090962075,0.0,0.0,1.729279e-05,-27.603237,2.2905529,0.7635176,0.16,0.0,0.16586667,6.3600507,6.370051,2041600
hardzero_plus_depr__c0p58__z1p00__lam0p010__nu0p50__psi1p00,hardzero_plus_depr,0.01,40,638,0.0,1,0.43382424,0.43382424,1.020249,0.0,0.09544451,0.0,0.0,1.7120721e-05,-26.67388,2.2445927,0.74819756,0.15200001,0.0,0.1595913,6.370051,6.380051,2044800
hardzero_plus_depr__c0p58__z1p00__lam0p010__nu0p50__psi1p00,hardzero_plus_depr,0.01,40,639,0.0,1,0.43382424,0.43382424,1.0226266,0.0,0.094923414,0.0,0.0,1.6950362e-05,-27.627094,2.2498236,0.74994123,0.112,0.0,0.13497584,6.380051,6.3900514,2048000
hardzero_plus_depr__c0p58__z1p00__lam0p010__nu0p50__psi1p00,hardzero_plus_depr,0.01,40,640,0.0,1,0.43382424,0.43382424,1.0848283,0.0,0.082256794,0.0,0.0,1.67817e-05,-27.789328,2.3866699,0.79555666,0.120000005,0.0,0.15021071,6.3900514,6.4000516,2051200
hardzero_plus_depr__c0p58__z1p00__lam0p010__nu0p50__psi1p00,hardzero_plus_depr,0.01,40,641,0.0,1,0.43382424,0.43382424,1.0585358,0.0,0.08739048,0.0,0.0,1.6614715e-05,-27.509304,2.3288252,0.7762751,0.120000005,0.0,0.15450433,6.4000516,6.410052,2054400
hardzero_plus_depr__c0p58__z1p00__lam0p010__nu0p50__psi1p00,hardzero_plus_depr,0.01,40,642,0.0,1,0.43382424,0.43382424,1.0190355,0.0,0.09571158,0.0,0.0,1.6449392e-05,-26.729235,2.2419229,0.74730766,0.18400002,0.0,0.15491079,6.410052,6.420052,2057600
hardzero_plus_depr__c0p58__z1p00__lam0p010__nu0p50__psi1p00,hardzero_plus_depr,0.01,40,643,0.0,1,0.43382424,0.43382424,1.0095245,0.0,0.09783077,0.0,0.0,1.6285716e-05,-26.9531,2.220998,0.7403327,0.17600001,0.0,0.13242736,6.420052,6.4300523,2060800
hardzero_plus_depr__c0p58__z1p00__lam0p010__nu0p50__psi1p00,hardzero_plus_depr,0.01,40,644,0.0,1,0.43382424,0.43382424,1.0245132,0.0,0.09451195,0.0,0.0,1.6123666e-05,-27.2945,2.2539742,0.7513248,0.208,0.0,0.17446503,6.4300523,6.4400525,2064000
hardzero_plus_depr__c0p58__z1p00__lam0p010__nu0p50__psi1p00,hardzero_plus_depr,0.01,40,645,0.0,1,0.43382424,0.43382424,1.0650007,0.0,0.08609923,0.0,0.0,1.5963229e-05,-28.295673,2.343048,0.78101605,0.192,0.0,0.18303026,6.4400525,6.4500527,2067200
hardzero_plus_depr__c0p58__z1p00__lam0p010__nu0p50__psi1p00,hardzero_plus_depr,0.01,40,646,0.0,1,0.43382424,0.43382424,1.0353442,0.0,0.09218403,0.0,0.0,1.5804388e-05,-27.366991,2.277803,0.7592677,0.18400002,0.0,0.16274905,6.4500527,6.460053,2070400
hardzero_plus_depr__c0p58__z1p00__lam0p010__nu0p50__psi1p00,hardzero_plus_depr,0.01,40,647,0.0,1,0.43382424,0.43382424,1.0224024,0.0,0.094972424,0.0,0.0,1.5647129e-05,-27.179184,2.2493303,0.7497768,0.192,0.0,0.15323222,6.460053,6.470053,2073600
hardzero_plus_depr__c0p58__z1p00__lam0p010__nu0p50__psi1p00,hardzero_plus_depr,0.01,40,648,0.0,1,0.43382424,0.43382424,1.064358,0.0,0.08622675,0.0,0.0,1.5491434e-05,-27.003077,2.3416343,0.78054476,0.224,0.0,0.16118017,6.470053,6.4800534,2076800
hardzero_plus_depr__c0p58__z1p00__lam0p010__nu0p50__psi1p00,hardzero_plus_depr,0.01,40,649,0.0,1,0.43382424,0.43382424,1.0691546,0.0,0.08527965,0.0,0.0,1.5337288e-05,-27.300934,2.3521872,0.7840624,0.112,0.0,0.16764428,6.4800534,6.4900537,2080000
hardzero_plus_depr__c0p58__z1p00__lam0p010__nu0p50__psi1p00,hardzero_plus_depr,0.01,40,650,0.0,1,0.43382424,0.43382424,1.024441,0.0,0.09452768,0.0,0.0,1.5184675e-05,-26.979477,2.2538152,0.7512717,0.12,0.0,0.14759041,6.4900537,6.500054,2083200
hardzero_plus_depr__c0p58__z1p00__lam0p010__nu0p50__psi1p00,hardzero_plus_depr,0.01,40,651,0.0,1,0.43382424,0.43382424,1.0805516,0.0,0.083070785,0.0,0.0,1.5033582e-05,-27.558088,2.3772612,0.7924204,0.14400001,0.0,0.13570793,6.500054,6.510054,2086400
hardzero_plus_depr__c0p58__z1p00__lam0p010__nu0p50__psi1p00,hardzero_plus_depr,0.01,40,652,0.0,1,0.43382424,0.43382588,0.95654887,0.11052261,0.11052261,1.0,1.6450176e-06,1.4883992e-05,-26.498734,2.1044495,0.7014832,0.16000001,0.0,0.13424233,6.510054,6.5200543,2089600
hardzero_plus_depr__c0p58__z1p00__lam0p010__nu0p50__psi1p00,hardzero_plus_depr,0.01,40,653,0.0,1,0.43382588,0.43382588,1.062877,0.0,0.08652128,0.0,0.0,1.47358905e-05,-26.839771,2.3383763,0.77945876,0.096,0.0,0.13983202,6.5200543,6.5300546,2092800
hardzero_plus_depr__c0p58__z1p00__lam0p010__nu0p50__psi1p00,hardzero_plus_depr,0.01,40,654,0.0,1,0.43382588,0.43382588,1.0072429,0.0,0.09834609,0.0,0.0,1.4589262e-05,-26.472946,2.2159786,0.73865956,0.17600001,0.0,0.14871925,6.5300546,6.540055,2096000
hardzero_plus_depr__c0p58__z1p00__lam0p010__nu0p50__psi1p00,hardzero_plus_depr,0.01,40,655,0.0,1,0.43382588,0.43382588,1.0972462,0.0,0.07993811,0.0,0.0,1.4444094e-05,-28.55139,2.4139898,0.8046633,0.17600001,0.0,0.16194224,6.540055,6.550055,2099200
hardzero_plus_depr__c0p58__z1p00__lam0p010__nu0p50__psi1p00,hardzero_plus_depr,0.01,40,656,0.0,1,0.43382588,0.43382588,1.0192698,0.0,0.09565996,0.0,0.0,1.4300368e-05,-27.140144,2.2424383,0.74747944,0.18400002,0.0,0.14844362,6.550055,6.5600553,2102400
hardzero_plus_depr__c0p58__z1p00__lam0p010__nu0p50__psi1p00,hardzero_plus_depr,0.01,40,657,0.0,1,0.43382588,0.43382588,1.0505446,0.0,0.08901339,0.0,0.0,1.4158074e-05,-27.37515,2.3112442,0.77041477,0.16800001,0.0,0.13965023,6.5600553,6.5700555,2105600
hardzero_plus_depr__c0p58__z1p00__lam0p010__nu0p50__psi1p00,hardzero_plus_depr,0.01,40,658,0.0,1,0.43382588,0.43382588,1.0617247,0.0,0.08675116,0.0,0.0,1.4017197e-05,-28.402763,2.335841,0.7786137,0.104,0.0,0.16858679,6.5700555,6.5800557,2108800
hardzero_plus_depr__c0p58__z1p00__lam0p010__nu0p50__psi1p00,hardzero_plus_depr,0.01,40,659,0.0,1,0.43382588,0.43382588,1.0394377,0.0,0.09131924,0.0,0.0,1.387772e-05,-28.181402,2.2868085,0.7622695,0.136,0.0,0.16266218,6.5800557,6.590056,2112000
hardzero_plus_depr__c0p58__z1p00__lam0p010__nu0p50__psi1p00,hardzero_plus_depr,0.01,40,660,0.0,1,0.43382588,0.43382588,1.0123372,0.0,0.09719921,0.0,0.0,1.3739632e-05,-27.165825,2.2271862,0.7423954,0.14400001,0.0,0.14605002,6.590056,6.600056,2115200
hardzero_plus_depr__c0p58__z1p00__lam0p010__nu0p50__psi1p00,hardzero_plus_depr,0.01,40,661,0.0,1,0.43382588,0.43382725,0.99940103,0.10013802,0.10013802,1.0,1.3621691e-06,1.3602916e-05,-26.429579,2.1987262,0.7329087,0.224,0.008,0.14473452,6.600056,6.6100564,2118400
hardzero_plus_depr__c0p58__z1p00__lam0p010__nu0p50__psi1p00,hardzero_plus_depr,0.01,40,662,0.0,1,0.43382725,0.43382725,1.0667814,0.0,0.08574692,0.0,0.0,1.3467562e-05,-27.967936,2.346966,0.78232205,0.096,0.0,0.13936813,6.6100564,6.6200566,2121600
hardzero_plus_depr__c0p58__z1p00__lam0p010__nu0p50__psi1p00,hardzero_plus_depr,0.01,40,663,0.0,1,0.43382725,0.43382725,1.0617272,0.0,0.086750664,0.0,0.0,1.3333554e-05,-27.76507,2.3358464,0.7786155,0.17,0.0,0.14004163,6.6200566,6.630057,2124800
hardzero_plus_depr__c0p58__z1p00__lam0p010__nu0p50__psi1p00,hardzero_plus_depr,0.01,40,664,0.0,1,0.43382725,0.43382725,1.0150063,0.0,0.096603684,0.0,0.0,1.320088e-05,-27.093748,2.2330585,0.7443528,0.18400002,0.0,0.13699555,6.630057,6.640057,2128000
hardzero_plus_depr__c0p58__z1p00__lam0p010__nu0p50__psi1p00,hardzero_plus_depr,0.01,40,665,0.0,1,0.43382725,0.43382725,1.0343162,0.0,0.09240251,0.0,0.0,1.3069526e-05,-27.096489,2.275541,0.7585137,0.14400001,0.0,0.15204516,6.640057,6.6500573,2131200
hardzero_plus_depr__c0p58__z1p00__lam0p010__nu0p50__psi1p00,hardzero_plus_depr,0.01,40,666,0.0,1,0.43382725,0.43382725,1.0066286,0.0,0.09848528,0.0,0.0,1.2939479e-05,-26.947292,2.2146273,0.7382091,0.16800001,0.0,0.14277232,6.6500573,6.6600575,2134400
hardzero_plus_depr__c0p58__z1p00__lam0p010__nu0p50__psi1p00,hardzero_plus_depr,0.01,40,667,0.0,1,0.43382725,0.43382725,1.0764134,0.0,0.08386612,0.0,0.0,1.2810726e-05,-27.851757,2.3681567,0.78938556,0.120000005,0.0,0.15058689,6.6600575,6.670058,2137600
hardzero_plus_depr__c0p58__z1p00__lam0p010__nu0p50__psi1p00,hardzero_plus_depr,0.01,40,668,0.0,1,0.43382725,0.43382725,1.003483,0.0,0.09920121,0.0,0.0,1.2683254e-05,-27.205534,2.2077067,0.73590225,0.136,0.0,0.12448939,6.670058,6.680058,2140800
hardzero_plus_depr__c0p58__z1p00__lam0p010__nu0p50__psi1p00,hardzero_plus_depr,0.01,40,669,0.0,1,0.43382725,0.43382725,1.0850419,0.0,0.08221632,0.0,0.0,1.2557051e-05,-28.859486,2.3871398,0.7957133,0.17600001,0.0,0.17836949,6.680058,6.690058,2144000
hardzero_plus_depr__c0p58__z1p00__lam0p010__nu0p50__psi1p00,hardzero_plus_depr,0.01,40,670,0.0,1,0.43382725,0.4338285,0.997079,0.10067484,0.10067484,1.0,1.2516001e-06,1.2432104e-05,-26.374098,2.1936176,0.7312059,0.14400001,0.0,0.12038965,6.690058,6.7000585,2147200
hardzero_plus_depr__c0p58__z1p00__lam0p010__nu0p50__psi1p00,hardzero_plus_depr,0.01,40,671,0.0,1,0.4338285,0.43382978,0.9802219,0.10465937,0.10465937,1.0,1.2881893e-06,1.2308399e-05,-26.402891,2.1565313,0.7188438,0.192,0.0,0.1359049,6.7000585,6.7100587,2150400
hardzero_plus_depr__c0p58__z1p00__lam0p010__nu0p50__psi1p00,hardzero_plus_depr,0.01,40,672,0.0,1,0.43382978,0.43382978,1.0532775,0.0,0.08845503,0.0,0.0,1.2185926e-05,-27.121737,2.3172567,0.7724189,0.14400001,0.0,0.14652576,6.7100587,6.720059,2153600
hardzero_plus_depr__c0p58__z1p00__lam0p010__nu0p50__psi1p00,hardzero_plus_depr,0.01,40,673,0.0,1,0.43382978,0.43382978,1.0458024,0.0,0.08999071,0.0,0.0,1.206467e-05,-28.288427,2.300811,0.766937,0.136,0.0,0.16511938,6.720059,6.730059,2156800
hardzero_plus_depr__c0p58__z1p00__lam0p010__nu0p50__psi1p00,hardzero_plus_depr,0.01,40,674,0.0,1,0.43382978,0.43382978,1.042058,0.0,0.09076993,0.0,0.0,1.1944624e-05,-27.381601,2.2925735,0.76419115,0.15200001,0.0,0.1601841,6.730059,6.7400594,2160000
hardzero_plus_depr__c0p58__z1p00__lam0p010__nu0p50__psi1p00,hardzero_plus_depr,0.01,40,675,0.0,1,0.43382978,0.43382978,1.0152645,0.0,0.09654626,0.0,0.0,1.1825769e-05,-27.52243,2.2336266,0.74454224,0.14400001,0.0,0.15437411,6.7400594,6.7500596,2163200
hardzero_plus_depr__c0p58__z1p00__lam0p010__nu0p50__psi1p00,hardzero_plus_depr,0.01,40,676,0.0,1,0.43382978,0.43382978,1.0515112,0.0,0.0888155,0.0,0.0,1.1708098e-05,-27.57246,2.3133707,0.7711236,0.17999999,0.0,0.15014091,6.7500596,6.76006,2166400
hardzero_plus_depr__c0p58__z1p00__lam0p010__nu0p50__psi1p00,hardzero_plus_depr,0.01,40,677,0.0,1,0.43382978,0.43382978,1.0949548,0.0,0.08036097,0.0,0.0,1.1591598e-05,-28.977772,2.4089487,0.8029829,0.16800001,0.008,0.14616585,6.76006,6.77006,2169600
hardzero_plus_depr__c0p58__z1p00__lam0p010__nu0p50__psi1p00,hardzero_plus_depr,0.01,40,678,0.0,1,0.43382978,0.43382978,1.0566084,0.0,0.08777918,0.0,0.0,1.1476256e-05,-27.751171,2.324585,0.7748617,0.17600001,0.0,0.15056886,6.77006,6.7800603,2172800
hardzero_plus_depr__c0p58__z1p00__lam0p010__nu0p50__psi1p00,hardzero_plus_depr,0.01,40,679,0.0,1,0.43382978,0.43382978,1.0775793,0.0,0.0836413,0.0,0.0,1.1362063e-05,-28.152983,2.3707216,0.7902405,0.16000001,0.0,0.15729906,6.7800603,6.7900605,2176000
hardzero_plus_depr__c0p58__z1p00__lam0p010__nu0p50__psi1p00,hardzero_plus_depr,0.01,40,680,0.0,1,0.43382978,0.43382978,1.0603338,0.0,0.08702942,0.0,0.0,1.1249007e-05,-28.150732,2.332781,0.77759373,0.128,0.0,0.13891979,6.7900605,6.8000607,2179200
hardzero_plus_depr__c0p58__z1p00__lam0p010__nu0p50__psi1p00,hardzero_plus_depr,0.01,40,681,0.0,1,0.43382978,0.43382978,1.0890207,0.0,0.08146654,0.0,0.0,1.11370755e-05,-28.277948,2.3958933,0.79863113,0.128,0.0,0.16610855,6.8000607,6.810061,2182400
hardzero_plus_depr__c0p58__z1p00__lam0p010__nu0p50__psi1p00,hardzero_plus_depr,0.01,40,682,0.0,1,0.43382978,0.43382978,1.0073038,0.0,0.09833228,0.0,0.0,1.1026256e-05,-26.851604,2.2161126,0.7387042,0.208,0.0,0.1631941,6.810061,6.820061,2185600
hardzero_plus_depr__c0p58__z1p00__lam0p010__nu0p50__psi1p00,hardzero_plus_depr,0.01,40,683,0.0,1,0.43382978,0.4338309,0.99534184,0.10107835,0.10107835,1.0,1.1034258e-06,1.091654e-05,-27.22277,2.1897957,0.72993195,0.128,0.0,0.17774391,6.820061,6.8300614,2188800
hardzero_plus_depr__c0p58__z1p00__lam0p010__nu0p50__psi1p00,hardzero_plus_depr,0.01,40,684,0.0,1,0.4338309,0.43383202,0.9809023,0.10449553,0.10449553,1.0,1.129379e-06,1.0807917e-05,-26.3156,2.1580281,0.7193427,0.18400002,0.0,0.123992614,6.8300614,6.8400617,2192000
hardzero_plus_depr__c0p58__z1p00__lam0p010__nu0p50__psi1p00,hardzero_plus_depr,0.01,40,685,0.0,1,0.43383202,0.4338332,0.95760375,0.110254474,0.110254474,1.0,1.179764e-06,1.0700373e-05,-26.292414,2.1067703,0.7022568,0.14400001,0.0,0.1203641,6.8400617,6.850062,2195200
hardzero_plus_depr__c0p58__z1p00__lam0p010__nu0p50__psi1p00,hardzero_plus_depr,0.01,40,686,0.0,1,0.4338332,0.4338332,1.0596733,0.0,0.0871619,0.0,0.0,1.0593901e-05,-27.20725,2.331328,0.7771093,0.136,0.0,0.13890284,6.850062,6.860062,2198400
hardzero_plus_depr__c0p58__z1p00__lam0p010__nu0p50__psi1p00,hardzero_plus_depr,0.01,40,687,0.0,1,0.4338332,0.4338332,1.0594004,0.0,0.087216675,0.0,0.0,1.04884875e-05,-27.739738,2.3307276,0.77690923,0.128,0.0,0.14107017,6.860062,6.8700624,2201600
hardzero_plus_depr__c0p58__z1p00__lam0p010__nu0p50__psi1p00,hardzero_plus_depr,0.01,40,688,0.0,1,0.4338332,0.4338332,1.027346,0.0,0.09389748,0.0,0.0,1.0384123e-05,-27.487497,2.2602065,0.7534022,0.104,0.0,0.13028699,6.8700624,6.8800626,2204800
hardzero_plus_depr__c0p58__z1p00__lam0p010__nu0p50__psi1p00,hardzero_plus_depr,0.01,40,689,0.0,1,0.4338332,0.4338332,1.0254742,0.0,0.094303064,0.0,0.0,1.0280796e-05,-27.15743,2.2560883,0.7520294,0.13,0.0,0.17526169,6.8800626,6.890063,2208000
hardzero_plus_depr__c0p58__z1p00__lam0p010__nu0p50__psi1p00,hardzero_plus_depr,0.01,40,690,0.0,1,0.4338332,0.4338332,1.0969387,0.0,0.07999471,0.0,0.0,1.01785e-05,-28.268412,2.4133134,0.8044378,0.104,0.0,0.15227655,6.890063,6.900063,2211200
hardzero_plus_depr__c0p58__z1p00__lam0p010__nu0p50__psi1p00,hardzero_plus_depr,0.01,40,691,0.0,1,0.4338332,0.4338332,1.0288763,0.0,0.09356721,0.0,0.0,1.0077219e-05,-27.778145,2.2635732,0.7545244,0.112,0.0,0.14999281,6.900063,6.9100633,2214400
hardzero_plus_depr__c0p58__z1p00__lam0p010__nu0p50__psi1p00,hardzero_plus_depr,0.01,40,692,0.0,1,0.4338332,0.43383422,0.99879926,0.10027686,0.10027686,1.0,1.0004569e-06,9.976947e-06,-27.250622,2.1974022,0.7324674,0.2,0.0,0.12812951,6.9100633,6.9200635,2217600
hardzero_plus_depr__c0p58__z1p00__lam0p010__nu0p50__psi1p00,hardzero_plus_depr,0.01,40,693,0.0,1,0.43383422,0.43383422,1.051318,0.0,0.08885502,0.0,0.0,9.877671e-06,-27.577208,2.3129458,0.77098197,0.17600001,0.0,0.15828475,6.9200635,6.9300637,2220800
hardzero_plus_depr__c0p58__z1p00__lam0p010__nu0p50__psi1p00,hardzero_plus_depr,0.01,40,694,0.0,1,0.43383422,0.43383422,1.0212276,0.0,0.095229685,0.0,0.0,9.779385e-06,-27.80661,2.2467456,0.7489152,0.15200001,0.0,0.16550444,6.9300637,6.940064,2224000
hardzero_plus_depr__c0p58__z1p00__lam0p010__nu0p50__psi1p00,hardzero_plus_depr,0.01,40,695,0.0,1,0.43383422,0.43383422,1.0603825,0.0,0.08701969,0.0,0.0,9.682077e-06,-27.874481,2.3328881,0.7776294,0.136,0.0,0.1929879,6.940064,6.950064,2227200
hardzero_plus_depr__c0p58__z1p00__lam0p010__nu0p50__psi1p00,hardzero_plus_depr,0.01,40,696,0.0,1,0.43383422,0.43383422,1.062937,0.0,0.086509325,0.0,0.0,9.585736e-06,-28.070206,2.3385081,0.77950275,0.120000005,0.0,0.20978881,6.950064,6.9600644,2230400
hardzero_plus_depr__c0p58__z1p00__lam0p010__nu0p50__psi1p00,hardzero_plus_depr,0.01,40,697,0.0,1,0.43383422,0.43383422,1.0410402,0.0,0.090982914,0.0,0.0,9.4903535e-06,-26.156168,2.2903342,0.7634448,0.15200001,0.0,0.16061908,6.9600644,6.9700646,2233600
hardzero_plus_depr__c0p58__z1p00__lam0p010__nu0p50__psi1p00,hardzero_plus_depr,0.01,40,698,0.0,1,0.43383422,0.43383422,1.0496389,0.0,0.089199245,0.0,0.0,9.3959225e-06,-27.302439,2.3092515,0.76975054,0.16800001,0.0,0.12259028,6.9700646,6.980065,2236800
hardzero_plus_depr__c0p58__z1p00__lam0p010__nu0p50__psi1p00,hardzero_plus_depr,0.01,40,699,0.0,1,0.43383422,0.43383422,1.0004852,0.0,0.09988834,0.0,0.0,9.302428e-06,-27.326878,2.2011113,0.7337038,0.17600001,0.0,0.1346472,6.980065,6.990065,2240000
hardzero_plus_depr__c0p58__z1p00__lam0p010__nu0p50__psi1p00,hardzero_plus_depr,0.01,40,700,0.0,1,0.43383422,0.43383518,0.9901444,0.10229528,0.10229528,1.0,9.4212584e-07,9.209866e-06,-26.823875,2.1783612,0.7261204,0.17600001,0.0,0.18317203,6.990065,7.0000653,2243200
hardzero_plus_depr__c0p58__z1p00__lam0p010__nu0p50__psi1p00,hardzero_plus_depr,0.01,40,701,0.0,1,0.43383518,0.43383518,1.1175319,0.0,0.07629008,0.0,0.0,9.118224e-06,-28.375708,2.4586194,0.8195398,0.104,0.0,0.16185004,7.0000653,7.0100656,2246400
hardzero_plus_depr__c0p58__z1p00__lam0p010__nu0p50__psi1p00,hardzero_plus_depr,0.01,40,702,0.0,1,0.43383518,0.43383518,1.0152371,0.0,0.09655236,0.0,0.0,9.027493e-06,-26.880829,2.2335663,0.7445221,0.19,0.0,0.1444942,7.0100656,7.020066,2249600
hardzero_plus_depr__c0p58__z1p00__lam0p010__nu0p50__psi1p00,hardzero_plus_depr,0.01,40,703,0.0,1,0.43383518,0.43383613,0.9711785,0.10686156,0.10686156,1.0,9.550931e-07,8.937667e-06,-26.510067,2.1366353,0.7122118,0.216,0.0,0.14003049,7.020066,7.030066,2252800
hardzero_plus_depr__c0p58__z1p00__lam0p010__nu0p50__psi1p00,hardzero_plus_depr,0.01,40,704,0.0,1,0.43383613,0.43383613,1.0449262,0.0,0.09017245,0.0,0.0,8.848734e-06,-27.933413,2.2988834,0.7662945,0.15200001,0.0,0.12840058,7.030066,7.0400662,2256000
hardzero_plus_depr__c0p58__z1p00__lam0p010__nu0p50__psi1p00,hardzero_plus_depr,0.01,40,705,0.0,1,0.43383613,0.43383613,1.0191674,0.0,0.09568252,0.0,0.0,8.760685e-06,-27.19008,2.242213,0.74740434,0.15200001,0.0,0.14177214,7.0400662,7.0500665,2259200
hardzero_plus_depr__c0p58__z1p00__lam0p010__nu0p50__psi1p00,hardzero_plus_depr,0.01,40,706,0.0,1,0.43383613,0.43383613,1.0120419,0.0,0.09726533,0.0,0.0,8.673513e-06,-26.72995,2.2265368,0.7421789,0.16000001,0.0,0.12475427,7.0500665,7.0600667,2262400
hardzero_plus_depr__c0p58__z1p00__lam0p010__nu0p50__psi1p00,hardzero_plus_depr,0.01,40,707,0.0,1,0.43383613,0.43383613,1.0538933,0.0,0.08832968,0.0,0.0,8.587208e-06,-27.582268,2.3186116,0.77287054,0.16000001,0.0,0.15066426,7.0600667,7.070067,2265600
hardzero_plus_depr__c0p58__z1p00__lam0p010__nu0p50__psi1p00,hardzero_plus_depr,0.01,40,708,0.0,1,0.43383613,0.43383613,1.1043788,0.0,0.07863595,0.0,0.0,8.501763e-06,-28.710045,2.429682,0.809894,0.104,0.0,0.16561241,7.070067,7.080067,2268800
hardzero_plus_depr__c0p58__z1p00__lam0p010__nu0p50__psi1p00,hardzero_plus_depr,0.01,40,709,0.0,1,0.43383613,0.43383613,1.0431494,0.0,0.090542115,0.0,0.0,8.417166e-06,-27.619467,2.2949743,0.76499146,0.14400001,0.0,0.13907123,7.080067,7.0900674,2272000
hardzero_plus_depr__c0p58__z1p00__lam0p010__nu0p50__psi1p00,hardzero_plus_depr,0.01,40,710,0.0,1,0.43383613,0.43383613,1.0398908,0.0,0.09122402,0.0,0.0,8.333412e-06,-27.653782,2.2878053,0.7626018,0.216,0.0,0.16288285,7.0900674,7.1000676,2275200
hardzero_plus_depr__c0p58__z1p00__lam0p010__nu0p50__psi1p00,hardzero_plus_depr,0.01,40,711,0.0,1,0.43383613,0.43383613,1.0602136,0.0,0.08705353,0.0,0.0,8.250491e-06,-27.817715,2.3325164,0.7775055,0.17600001,0.0,0.16654745,7.1000676,7.110068,2278400
hardzero_plus_depr__c0p58__z1p00__lam0p010__nu0p50__psi1p00,hardzero_plus_depr,0.01,40,712,0.0,1,0.43383613,0.43383613,1.0362973,0.0,0.09198196,0.0,0.0,8.168396e-06,-27.746267,2.2798996,0.75996655,0.2,0.0,0.15232222,7.110068,7.120068,2281600
hardzero_plus_depr__c0p58__z1p00__lam0p010__nu0p50__psi1p00,hardzero_plus_depr,0.01,40,713,0.0,1,0.43383613,0.43383613,1.0443485,0.0,0.09029247,0.0,0.0,8.087117e-06,-27.446766,2.2976124,0.7658708,0.23200001,0.0,0.17037837,7.120068,7.1300683,2284800
hardzero_plus_depr__c0p58__z1p00__lam0p010__nu0p50__psi1p00,hardzero_plus_depr,0.01,40,714,0.0,1,0.43383613,0.43383613,1.0539237,0.0,0.088323504,0.0,0.0,8.006647e-06,-27.563473,2.3186784,0.77289283,0.15200001,0.0,0.1622558,7.1300683,7.1400685,2288000
hardzero_plus_depr__c0p58__z1p00__lam0p010__nu0p50__psi1p00,hardzero_plus_depr,0.01,40,715,0.0,1,0.43383613,0.43383613,1.1474361,0.0,0.07121375,0.0,0.0,7.9269785e-06,-29.66473,2.52441,0.84147,0.099999994,0.0,0.1478834,7.1400685,7.1500688,2291200
hardzero_plus_depr__c0p58__z1p00__lam0p010__nu0p50__psi1p00,hardzero_plus_depr,0.01,40,716,0.0,1,0.43383613,0.43383613,1.095163,0.0,0.08032245,0.0,0.0,7.848101e-06,-28.580109,2.4094067,0.8031356,0.120000005,0.0,0.15737258,7.1500688,7.160069,2294400
hardzero_plus_depr__c0p58__z1p00__lam0p010__nu0p50__psi1p00,hardzero_plus_depr,0.01,40,717,0.0,1,0.43383613,0.43383613,1.096866,0.0,0.080008104,0.0,0.0,7.770009e-06,-28.643272,2.4131534,0.80438447,0.104,0.0,0.14977098,7.160069,7.170069,2297600
hardzero_plus_depr__c0p58__z1p00__lam0p010__nu0p50__psi1p00,hardzero_plus_depr,0.01,40,718,0.0,1,0.43383613,0.43383613,1.034634,0.0,0.092334926,0.0,0.0,7.692695e-06,-27.648064,2.2762403,0.7587468,0.136,0.0,0.1449969,7.170069,7.1800694,2300800
hardzero_plus_depr__c0p58__z1p00__lam0p010__nu0p50__psi1p00,hardzero_plus_depr,0.01,40,719,0.0,1,0.43383613,0.43383613,1.0501,0.0,0.08910457,0.0,0.0,7.61615e-06,-26.896423,2.310266,0.7700887,0.16000001,0.0,0.14149383,7.1800694,7.1900697,2304000
hardzero_plus_depr__c0p58__z1p00__lam0p010__nu0p50__psi1p00,hardzero_plus_depr,0.01,40,720,0.0,1,0.43383613,0.43383613,1.0361181,0.0,0.092019916,0.0,0.0,7.540366e-06,-27.856209,2.2795055,0.7598352,0.14400001,0.0,0.16628098,7.1900697,7.20007,2307200
hardzero_plus_depr__c0p58__z1p00__lam0p010__nu0p50__psi1p00,hardzero_plus_depr,0.01,40,721,0.0,1,0.43383613,0.43383613,1.0231824,0.0,0.094802015,0.0,0.0,7.4653362e-06,-27.754345,2.2510462,0.75034875,0.16800001,0.0,0.13601807,7.20007,7.21007,2310400
hardzero_plus_depr__c0p58__z1p00__lam0p010__nu0p50__psi1p00,hardzero_plus_depr,0.01,40,722,0.0,1,0.43383613,0.43383613,1.0505916,0.0,0.08900376,0.0,0.0,7.391053e-06,-27.098011,2.3113477,0.7704493,0.2,0.0,0.16328429,7.21007,7.2200704,2313600
hardzero_plus_depr__c0p58__z1p00__lam0p010__nu0p50__psi1p00,hardzero_plus_depr,0.01,40,723,0.0,1,0.43383613,0.43383613,1.0683618,0.0,0.08543547,0.0,0.0,7.3175097e-06,-27.964231,2.350443,0.783481,0.136,0.0,0.1734515,7.2200704,7.2300706,2316800
hardzero_plus_depr__c0p58__z1p00__lam0p010__nu0p50__psi1p00,hardzero_plus_depr,0.01,40,724,0.0,1,0.43383613,0.43383613,1.0865327,0.0,0.08193458,0.0,0.0,7.244697e-06,-28.400822,2.3904197,0.7968066,0.112,0.0,0.15397036,7.2300706,7.240071,2320000
hardzero_plus_depr__c0p58__z1p00__lam0p010__nu0p50__psi1p00,hardzero_plus_depr,0.01,40,725,0.0,1,0.43383613,0.43383613,1.0592291,0.0,0.08725108,0.0,0.0,7.17261e-06,-27.854525,2.3303506,0.7767836,0.128,0.0,0.15273361,7.240071,7.250071,2323200
hardzero_plus_depr__c0p58__z1p00__lam0p010__nu0p50__psi1p00,hardzero_plus_depr,0.01,40,726,0.0,1,0.43383613,0.43383613,1.0397277,0.0,0.09125828,0.0,0.0,7.101239e-06,-26.851633,2.2874465,0.76248217,0.136,0.0,0.1222403,7.250071,7.2600713,2326400
hardzero_plus_depr__c0p58__z1p00__lam0p010__nu0p50__psi1p00,hardzero_plus_depr,0.01,40,727,0.0,1,0.43383613,0.43383613,1.02242,0.0,0.09496858,0.0,0.0,7.0305796e-06,-27.119244,2.2493691,0.7497897,0.15200001,0.0,0.14628115,7.2600713,7.2700715,2329600
hardzero_plus_depr__c0p58__z1p00__lam0p010__nu0p50__psi1p00,hardzero_plus_depr,0.01,40,728,0.0,1,0.43383613,0.43383613,1.000767,0.0,0.09982356,0.0,0.0,6.9606226e-06,-26.676949,2.2017314,0.7339105,0.17999999,0.0,0.13459326,7.2700715,7.2800717,2332800
hardzero_plus_depr__c0p58__z1p00__lam0p010__nu0p50__psi1p00,hardzero_plus_depr,0.01,40,729,0.0,1,0.43383613,0.43383613,1.0142442,0.0,0.09677335,0.0,0.0,6.891361e-06,-26.951405,2.231382,0.74379396,0.16000001,0.0,0.14049602,7.2800717,7.290072,2336000
hardzero_plus_depr__c0p58__z1p00__lam0p010__nu0p50__psi1p00,hardzero_plus_depr,0.01,40,730,0.0,1,0.43383613,0.43383613,1.122377,0.0,0.075443685,0.0,0.0,6.822789e-06,-28.78553,2.4692788,0.82309294,0.120000005,0.0,0.1661063,7.290072,7.300072,2339200
hardzero_plus_depr__c0p58__z1p00__lam0p010__nu0p50__psi1p00,hardzero_plus_depr,0.01,40,731,0.0,1,0.43383613,0.43383613,1.0865463,0.0,0.081932016,0.0,0.0,6.7549e-06,-28.191956,2.3904495,0.7968165,0.128,0.0,0.18977776,7.300072,7.3100724,2342400
hardzero_plus_depr__c0p58__z1p00__lam0p010__nu0p50__psi1p00,hardzero_plus_depr,0.01,40,732,0.0,1,0.43383613,0.43383613,1.0146636,0.0,0.09667995,0.0,0.0,6.687686e-06,-27.239769,2.2323043,0.74410146,0.16000001,0.0,0.13901377,7.3100724,7.3200727,2345600
hardzero_plus_depr__c0p58__z1p00__lam0p010__nu0p50__psi1p00,hardzero_plus_depr,0.01,40,733,0.0,1,0.43383613,0.43383613,1.056386,0.0,0.087824166,0.0,0.0,6.6211405e-06,-28.103186,2.3240955,0.7746985,0.104,0.0,0.16510153,7.3200727,7.330073,2348800
hardzero_plus_depr__c0p58__z1p00__lam0p010__nu0p50__psi1p00,hardzero_plus_depr,0.01,40,734,0.0,1,0.43383613,0.43383613,1.0664707,0.0,0.08580829,0.0,0.0,6.5552576e-06,-28.36553,2.3462825,0.7820942,0.14400001,0.0,0.15901886,7.330073,7.340073,2352000
hardzero_plus_depr__c0p58__z1p00__lam0p010__nu0p50__psi1p00,hardzero_plus_depr,0.01,40,735,0.0,1,0.43383613,0.43383613,1.0332255,0.0,0.09263485,0.0,0.0,6.4900305e-06,-27.845922,2.2731416,0.7577139,0.2,0.008,0.18481998,7.340073,7.3500733,2355200
hardzero_plus_depr__c0p58__z1p00__lam0p010__nu0p50__psi1p00,hardzero_plus_depr,0.01,40,736,0.0,1,0.43383613,0.43383613,1.0554025,0.0,0.08802327,0.0,0.0,6.4254523e-06,-27.465794,2.3219318,0.7739773,0.128,0.0,0.15202,7.3500733,7.3600736,2358400
hardzero_plus_depr__c0p58__z1p00__lam0p010__nu0p50__psi1p00,hardzero_plus_depr,0.01,40,737,0.0,1,0.43383613,0.4338368,0.992352,0.1017766,0.1017766,1.0,6.474535e-07,6.361516e-06,-25.9083,2.183218,0.72773933,0.136,0.0,0.12456312,7.3600736,7.370074,2361600
hardzero_plus_depr__c0p58__z1p00__lam0p010__nu0p50__psi1p00,hardzero_plus_depr,0.01,40,738,0.0,1,0.4338368,0.43383744,0.99148166,0.101980776,0.101980776,1.0,6.422971e-07,6.298217e-06,-25.99853,2.1813033,0.7271011,0.15200001,0.0,0.122636795,7.370074,7.380074,2364800
hardzero_plus_depr__c0p58__z1p00__lam0p010__nu0p50__psi1p00,hardzero_plus_depr,0.01,40,739,0.0,1,0.43383744,0.43383744,1.082989,0.0,0.08260589,0.0,0.0,6.2355466e-06,-27.885742,2.3826232,0.79420775,0.112,0.0,0.1695606,7.380074,7.3900743,2368000
hardzero_plus_depr__c0p58__z1p00__lam0p010__nu0p50__psi1p00,hardzero_plus_depr,0.01,40,740,0.0,1,0.43383744,0.43383744,1.0284455,0.0,0.09366008,0.0,0.0,6.1735013e-06,-27.71029,2.2626252,0.75420845,0.192,0.0,0.12460063,7.3900743,7.4000745,2371200
hardzero_plus_depr__c0p58__z1p00__lam0p010__nu0p50__psi1p00,hardzero_plus_depr,0.01,40,741,0.0,1,0.43383744,0.43383744,1.0589896,0.0,0.08729921,0.0,0.0,6.1120727e-06,-28.186079,2.3298237,0.77660793,0.14999999,0.0,0.15206814,7.4000745,7.4100747,2374400
hardzero_plus_depr__c0p58__z1p00__lam0p010__nu0p50__psi1p00,hardzero_plus_depr,0.01,40,742,0.0,1,0.43383744,0.43383744,1.0157305,0.0,0.09644273,0.0,0.0,6.051255e-06,-26.711164,2.2346518,0.74488395,0.2,0.0,0.14565283,7.4100747,7.420075,2377600
hardzero_plus_depr__c0p58__z1p00__lam0p010__nu0p50__psi1p00,hardzero_plus_depr,0.01,40,743,0.0,1,0.43383744,0.43383744,1.0815543,0.0,0.08287923,0.0,0.0,5.9910426e-06,-28.256857,2.379467,0.79315567,0.112,0.0,0.14206503,7.420075,7.430075,2380800
hardzero_plus_depr__c0p58__z1p00__lam0p010__nu0p50__psi1p00,hardzero_plus_depr,0.01,40,744,0.0,1,0.43383744,0.43383744,1.0519235,0.0,0.08873122,0.0,0.0,5.9314293e-06,-27.02612,2.314278,0.77142596,0.104,0.0,0.1505626,7.430075,7.4400754,2384000
hardzero_plus_depr__c0p58__z1p00__lam0p010__nu0p50__psi1p00,hardzero_plus_depr,0.01,40,745,0.0,1,0.43383744,0.43383744,1.0627407,0.0,0.086548455,0.0,0.0,5.8724095e-06,-28.280998,2.338076,0.77935874,0.080000006,0.0,0.14036348,7.4400754,7.4500756,2387200
hardzero_plus_depr__c0p58__z1p00__lam0p010__nu0p50__psi1p00,hardzero_plus_depr,0.01,40,746,0.0,1,0.43383744,0.43383744,1.0334424,0.0,0.09258861,0.0,0.0,5.8139767e-06,-26.425837,2.2736187,0.75787294,0.16000001,0.0,0.14753741,7.4500756,7.460076,2390400
hardzero_plus_depr__c0p58__z1p00__lam0p010__nu0p50__psi1p00,hardzero_plus_depr,0.01,40,747,0.0,1,0.43383744,0.43383744,1.0597045,0.0,0.087155625,0.0,0.0,5.756125e-06,-28.502098,2.3313966,0.7771322,0.104,0.0,0.14856905,7.460076,7.470076,2393600
hardzero_plus_depr__c0p58__z1p00__lam0p010__nu0p50__psi1p00,hardzero_plus_depr,0.01,40,748,0.0,1,0.43383744,0.43383804,0.9706906,0.10698169,0.10698169,1.0,6.0967244e-07,5.698849e-06,-25.962496,2.135562,0.711854,0.17600001,0.0,0.12387324,7.470076,7.4800763,2396800
hardzero_plus_depr__c0p58__z1p00__lam0p010__nu0p50__psi1p00,hardzero_plus_depr,0.01,40,749,0.0,1,0.43383804,0.43383804,1.0791489,0.0,0.08333953,0.0,0.0,5.6421436e-06,-28.452175,2.3741748,0.7913916,0.14400001,0.0,0.1891671,7.4800763,7.4900765,2400000
hardzero_plus_depr__c0p58__z1p00__lam0p010__nu0p50__psi1p00,hardzero_plus_depr,0.01,40,750,0.0,1,0.43383804,0.43383864,0.96123934,0.109335355,0.109335355,1.0,6.107476e-07,5.5860023e-06,-26.521006,2.1147687,0.7049229,0.23200001,0.0,0.12880982,7.4900765,7.500077,2403200
hardzero_plus_depr__c0p58__z1p00__lam0p010__nu0p50__psi1p00,hardzero_plus_depr,0.01,40,751,0.0,1,0.43383864,0.43383864,1.0467489,0.0,0.08979478,0.0,0.0,5.530419e-06,-27.761448,2.3028934,0.7676312,0.136,0.0,0.14274283,7.500077,7.510077,2406400
hardzero_plus_depr__c0p58__z1p00__lam0p010__nu0p50__psi1p00,hardzero_plus_depr,0.01,40,752,0.0,1,0.43383864,0.43383864,1.085065,0.0,0.08221196,0.0,0.0,5.475389e-06,-27.403744,2.3871906,0.79573023,0.048,0.0,0.14110626,7.510077,7.520077,2409600
hardzero_plus_depr__c0p58__z1p00__lam0p010__nu0p50__psi1p00,hardzero_plus_depr,0.01,40,753,0.0,1,0.43383864,0.43383864,1.0751845,0.0,0.084103785,0.0,0.0,5.4209067e-06,-28.09068,2.365453,0.78848433,0.128,0.0,0.16943492,7.520077,7.5300775,2412800
hardzero_plus_depr__c0p58__z1p00__lam0p010__nu0p50__psi1p00,hardzero_plus_depr,0.01,40,754,0.0,1,0.43383864,0.4338392,0.9664358,0.108034916,0.108034916,1.0,5.7981975e-07,5.3669664e-06,-26.824945,2.1262012,0.70873374,0.12,0.0,0.14696197,7.5300775,7.5400777,2416000
hardzero_plus_depr__c0p58__z1p00__lam0p010__nu0p50__psi1p00,hardzero_plus_depr,0.01,40,755,0.0,1,0.4338392,0.4338392,1.0620866,0.0,0.0866789,0.0,0.0,5.3135636e-06,-28.326202,2.3366373,0.7788791,0.136,0.0,0.14317672,7.5400777,7.550078,2419200
hardzero_plus_depr__c0p58__z1p00__lam0p010__nu0p50__psi1p00,hardzero_plus_depr,0.01,40,756,0.0,1,0.4338392,0.4338392,1.0721867,0.0,0.08468631,0.0,0.0,5.260691e-06,-27.015032,2.3588579,0.786286,0.15200001,0.0,0.13917854,7.550078,7.560078,2422400
hardzero_plus_depr__c0p58__z1p00__lam0p010__nu0p50__psi1p00,hardzero_plus_depr,0.01,40,757,0.0,1,0.4338392,0.4338392,1.0839053,0.0,0.08243178,0.0,0.0,5.208345e-06,-28.386587,2.3846393,0.7948798,0.136,0.0,0.14431562,7.560078,7.5700784,2425600
hardzero_plus_depr__c0p58__z1p00__lam0p010__nu0p50__psi1p00,hardzero_plus_depr,0.01,40,758,0.0,1,0.4338392,0.4338392,1.0175078,0.0,0.096048854,0.0,0.0,5.15652e-06,-26.989904,2.2385619,0.7461873,0.17600001,0.0,0.15866911,7.5700784,7.5800786,2428800
hardzero_plus_depr__c0p58__z1p00__lam0p010__nu0p50__psi1p00,hardzero_plus_depr,0.01,40,759,0.0,1,0.4338392,0.4338397,0.99287045,0.10165518,0.10165518,1.0,5.1897115e-07,5.105211e-06,-25.876348,2.1843586,0.72811955,0.128,0.0,0.14193021,7.5800786,7.590079,2432000
hardzero_plus_depr__c0p58__z1p00__lam0p010__nu0p50__psi1p00,hardzero_plus_depr,0.01,40,760,0.0,1,0.4338397,0.4338397,1.0067297,0.0,0.098462366,0.0,0.0,5.054412e-06,-26.894003,2.2148497,0.7382833,0.192,0.0,0.14369382,7.590079,7.600079,2435200
hardzero_plus_depr__c0p58__z1p00__lam0p010__nu0p50__psi1p00,hardzero_plus_depr,0.01,40,761,0.0,1,0.4338397,0.4338397,1.0324062,0.0,0.09280978,0.0,0.0,5.004119e-06,-27.323738,2.271339,0.757113,0.15200001,0.0,0.17595828,7.600079,7.6100793,2438400
hardzero_plus_depr__c0p58__z1p00__lam0p010__nu0p50__psi1p00,hardzero_plus_depr,0.01,40,762,0.0,1,0.4338397,0.4338397,1.0363938,0.0,0.09196153,0.0,0.0,4.954326e-06,-27.275246,2.2801118,0.7600373,0.112,0.0,0.16403817,7.6100793,7.6200795,2441600
hardzero_plus_depr__c0p58__z1p00__lam0p010__nu0p50__psi1p00,hardzero_plus_depr,0.01,40,763,0.0,1,0.4338397,0.43384022,0.99140584,0.101998575,0.101998575,1.0,5.0030593e-07,4.9050286e-06,-26.089792,2.1811364,0.7270455,0.17600001,0.0,0.13619433,7.6200795,7.6300797,2444800
hardzero_plus_depr__c0p58__z1p00__lam0p010__nu0p50__psi1p00,hardzero_plus_depr,0.01,40,764,0.0,1,0.43384022,0.43384072,0.9926087,0.10171646,0.10171646,1.0,4.9395766e-07,4.8562215e-06,-27.108356,2.1837828,0.7279276,0.120000005,0.0,0.12900323,7.6300797,7.64008,2448000
hardzero_plus_depr__c0p58__z1p00__lam0p010__nu0p50__psi1p00,hardzero_plus_depr,0.01,40,765,0.0,1,0.43384072,0.43384072,1.0138481,0.0,0.09686167,0.0,0.0,4.8079e-06,-27.263945,2.2305102,0.74350345,0.192,0.0,0.15598333,7.64008,7.65008,2451200
hardzero_plus_depr__c0p58__z1p00__lam0p010__nu0p50__psi1p00,hardzero_plus_depr,0.01,40,766,0.0,1,0.43384072,0.43384072,1.0742679,0.0,0.084281474,0.0,0.0,4.7600593e-06,-27.861729,2.3634365,0.7878122,0.15200001,0.0,0.17438114,7.65008,7.6600804,2454400
hardzero_plus_depr__c0p58__z1p00__lam0p010__nu0p50__psi1p00,hardzero_plus_depr,0.01,40,767,0.0,1,0.43384072,0.43384123,0.95980775,0.10969636,0.10969636,1.0,5.169655e-07,4.712695e-06,-26.065859,2.1116192,0.7038731,0.17999999,0.0,0.12864748,7.6600804,7.6700807,2457600
hardzero_plus_depr__c0p58__z1p00__lam0p010__nu0p50__psi1p00,hardzero_plus_depr,0.01,40,768,0.0,1,0.43384123,0.43384123,1.0094889,0.0,0.097838774,0.0,0.0,4.665802e-06,-26.829351,2.22092,0.74030674,0.16000001,0.0,0.15165734,7.6700807,7.680081,2460800
hardzero_plus_depr__c0p58__z1p00__lam0p010__nu0p50__psi1p00,hardzero_plus_depr,0.01,40,769,0.0,1,0.43384123,0.43384123,1.0261525,0.0,0.09415589,0.0,0.0,4.6193754e-06,-27.81799,2.2575805,0.7525269,0.17600001,0.0,0.16972652,7.680081,7.690081,2464000
hardzero_plus_depr__c0p58__z1p00__lam0p010__nu0p50__psi1p00,hardzero_plus_depr,0.01,40,770,0.0,1,0.43384123,0.43384123,1.0782893,0.0,0.083504654,0.0,0.0,4.573411e-06,-27.569662,2.3722837,0.79076123,0.08800001,0.0,0.1390975,7.690081,7.7000813,2467200
hardzero_plus_depr__c0p58__z1p00__lam0p010__nu0p50__psi1p00,hardzero_plus_depr,0.01,40,771,0.0,1,0.43384123,0.43384123,1.0123577,0.0,0.09719462,0.0,0.0,4.5279035e-06,-26.292906,2.2272315,0.74241054,0.16800001,0.0,0.15053764,7.7000813,7.7100816,2470400
hardzero_plus_depr__c0p58__z1p00__lam0p010__nu0p50__psi1p00,hardzero_plus_depr,0.01,40,772,0.0,1,0.43384123,0.43384123,1.0263227,0.0,0.094119,0.0,0.0,4.482849e-06,-27.363714,2.257955,0.7526517,0.128,0.0,0.1432052,7.7100816,7.720082,2473600
hardzero_plus_depr__c0p58__z1p00__lam0p010__nu0p50__psi1p00,hardzero_plus_depr,0.01,40,773,0.0,1,0.43384123,0.43384168,0.9848889,0.103540696,0.103540696,1.0,4.595388e-07,4.438243e-06,-27.525185,2.1667988,0.7222663,0.208,0.0,0.17152995,7.720082,7.730082,2476800
hardzero_plus_depr__c0p58__z1p00__lam0p010__nu0p50__psi1p00,hardzero_plus_depr,0.01,40,774,0.0,1,0.43384168,0.43384168,1.0366877,0.0,0.091899306,0.0,0.0,4.394081e-06,-28.319506,2.2807586,0.7602529,0.112,0.0,0.17202197,7.730082,7.7400823,2480000
hardzero_plus_depr__c0p58__z1p00__lam0p010__nu0p50__psi1p00,hardzero_plus_depr,0.01,40,775,0.0,1,0.43384168,0.43384168,1.01451,0.0,0.09671413,0.0,0.0,4.3503574e-06,-26.58427,2.2319667,0.74398893,0.208,0.0,0.12694132,7.7400823,7.7500825,2483200
hardzero_plus_depr__c0p58__z1p00__lam0p010__nu0p50__psi1p00,hardzero_plus_depr,0.01,40,776,0.0,1,0.43384168,0.43384168,1.0182859,0.0,0.09587694,0.0,0.0,4.30707e-06,-26.800072,2.2402737,0.7467579,0.120000005,0.0,0.14190811,7.7500825,7.7600827,2486400
hardzero_plus_depr__c0p58__z1p00__lam0p010__nu0p50__psi1p00,hardzero_plus_depr,0.01,40,777,0.0,1,0.43384168,0.43384168,1.0675689,0.0,0.085591584,0.0,0.0,4.264213e-06,-28.433723,2.3486984,0.7828995,0.14400001,0.0,0.15883309,7.7600827,7.770083,2489600
hardzero_plus_depr__c0p58__z1p00__lam0p010__nu0p50__psi1p00,hardzero_plus_depr,0.01,40,778,0.0,1,0.43384168,0.43384168,1.0515507,0.0,0.08880741,0.0,0.0,4.2217825e-06,-27.923563,2.3134577,0.7711526,0.104,0.0,0.15206636,7.770083,7.780083,2492800
hardzero_plus_depr__c0p58__z1p00__lam0p010__nu0p50__psi1p00,hardzero_plus_depr,0.01,40,779,0.0,1,0.43384168,0.43384168,1.0380683,0.0,0.09160763,0.0,0.0,4.179774e-06,-26.526075,2.2837958,0.7612653,0.120000005,0.0,0.17750144,7.780083,7.7900834,2496000
hardzero_plus_depr__c0p58__z1p00__lam0p010__nu0p50__psi1p00,hardzero_plus_depr,0.01,40,780,0.0,1,0.43384168,0.43384168,1.055926,0.0,0.08791723,0.0,0.0,4.138183e-06,-27.795567,2.3230836,0.77436125,0.19,0.0,0.15515031,7.7900834,7.8000836,2499200
hardzero_plus_depr__c0p58__z1p00__lam0p010__nu0p50__psi1p00,hardzero_plus_depr,0.01,40,781,0.0,1,0.43384168,0.43384168,1.0588253,0.0,0.08733227,0.0,0.0,4.097007e-06,-27.781494,2.329462,0.77648735,0.104,0.0,0.13981964,7.8000836,7.810084,2502400
hardzero_plus_depr__c0p58__z1p00__lam0p010__nu0p50__psi1p00,hardzero_plus_depr,0.01,40,782,0.0,1,0.43384168,0.4338421,0.9781627,0.10515679,0.10515679,1.0,4.2654122e-07,4.0562404e-06,-26.317978,2.152001,0.7173337,0.16800001,0.0,0.13089114,7.810084,7.820084,2505600
hardzero_plus_depr__c0p58__z1p00__lam0p010__nu0p50__psi1p00,hardzero_plus_depr,0.01,40,783,0.0,1,0.4338421,0.4338421,1.0619926,0.0,0.08669765,0.0,0.0,4.015879e-06,-28.813965,2.3364305,0.7788102,0.18400002,0.0,0.16120672,7.820084,7.8300843,2508800
hardzero_plus_depr__c0p58__z1p00__lam0p010__nu0p50__psi1p00,hardzero_plus_depr,0.01,40,784,0.0,1,0.4338421,0.4338421,1.0509938,0.0,0.088921376,0.0,0.0,3.9759193e-06,-28.12386,2.3122325,0.7707442,0.136,0.0,0.19060037,7.8300843,7.8400846,2512000
hardzero_plus_depr__c0p58__z1p00__lam0p010__nu0p50__psi1p00,hardzero_plus_depr,0.01,40,785,0.0,1,0.4338421,0.4338421,1.0534407,0.0,0.0884218,0.0,0.0,3.936357e-06,-27.85961,2.3176157,0.7725386,0.104,0.0,0.14280026,7.8400846,7.850085,2515200
hardzero_plus_depr__c0p58__z1p00__lam0p010__nu0p50__psi1p00,hardzero_plus_depr,0.01,40,786,0.0,1,0.4338421,0.4338421,1.0109022,0.0,0.09752093,0.0,0.0,3.8971893e-06,-26.915527,2.2240293,0.74134314,0.16800001,0.0,0.14485799,7.850085,7.860085,2518400
hardzero_plus_depr__c0p58__z1p00__lam0p010__nu0p50__psi1p00,hardzero_plus_depr,0.01,40,787,0.0,1,0.4338421,0.4338421,1.0222651,0.0,0.09500248,0.0,0.0,3.8584108e-06,-26.945469,2.2490282,0.7496761,0.120000005,0.0,0.113980815,7.860085,7.8700852,2521600
hardzero_plus_depr__c0p58__z1p00__lam0p010__nu0p50__psi1p00,hardzero_plus_depr,0.01,40,788,0.0,1,0.4338421,0.4338421,1.0210029,0.0,0.09527899,0.0,0.0,3.820018e-06,-27.06091,2.246251,0.7487504,0.17600001,0.0,0.13716184,7.8700852,7.8800855,2524800
hardzero_plus_depr__c0p58__z1p00__lam0p010__nu0p50__psi1p00,hardzero_plus_depr,0.01,40,789,0.0,1,0.4338421,0.4338421,1.014938,0.0,0.09661888,0.0,0.0,3.782007e-06,-26.711239,2.2329082,0.74430275,0.120000005,0.0,0.13129613,7.8800855,7.8900857,2528000
hardzero_plus_depr__c0p58__z1p00__lam0p010__nu0p50__psi1p00,hardzero_plus_depr,0.01,40,790,0.0,1,0.4338421,0.43384248,0.9786993,0.10502692,0.10502692,1.0,3.9326017e-07,3.7443747e-06,-26.88617,2.1531816,0.7177272,0.208,0.0,0.15558848,7.8900857,7.900086,2531200
hardzero_plus_depr__c0p58__z1p00__lam0p010__nu0p50__psi1p00,hardzero_plus_depr,0.01,40,791,0.0,1,0.43384248,0.43384248,1.0161536,0.0,0.09634882,0.0,0.0,3.707117e-06,-27.362324,2.2355826,0.7451942,0.216,0.0,0.14293729,7.900086,7.910086,2534400
hardzero_plus_depr__c0p58__z1p00__lam0p010__nu0p50__psi1p00,hardzero_plus_depr,0.01,40,792,0.0,1,0.43384248,0.43384248,1.0197866,0.0,0.09554619,0.0,0.0,3.6702295e-06,-26.79877,2.2435753,0.74785846,0.120000005,0.0,0.12699234,7.910086,7.9200864,2537600
hardzero_plus_depr__c0p58__z1p00__lam0p010__nu0p50__psi1p00,hardzero_plus_depr,0.01,40,793,0.0,1,0.43384248,0.43384248,1.0346185,0.0,0.092338204,0.0,0.0,3.6337092e-06,-26.600222,2.2762063,0.7587354,0.16,0.0,0.17339356,7.9200864,7.9300866,2540800
hardzero_plus_depr__c0p58__z1p00__lam0p010__nu0p50__psi1p00,hardzero_plus_depr,0.01,40,794,0.0,1,0.43384248,0.43384248,1.0773458,0.0,0.08368626,0.0,0.0,3.5975524e-06,-28.063553,2.3702083,0.79006946,0.2,0.0,0.1590054,7.9300866,7.940087,2544000
hardzero_plus_depr__c0p58__z1p00__lam0p010__nu0p50__psi1p00,hardzero_plus_depr,0.01,40,795,0.0,1,0.43384248,0.43384248,1.0062493,0.0,0.09857135,0.0,0.0,3.5617552e-06,-27.742044,2.2137926,0.7379309,0.17600001,0.0,0.1356461,7.940087,7.950087,2547200
hardzero_plus_depr__c0p58__z1p00__lam0p010__nu0p50__psi1p00,hardzero_plus_depr,0.01,40,796,0.0,1,0.43384248,0.43384248,1.0503778,0.0,0.089047596,0.0,0.0,3.5263147e-06,-27.812572,2.3108773,0.77029246,0.17600001,0.0,0.154938,7.950087,7.9600873,2550400
hardzero_plus_depr__c0p58__z1p00__lam0p010__nu0p50__psi1p00,hardzero_plus_depr,0.01,40,797,0.0,1,0.43384248,0.43384248,1.1268638,0.0,0.07466829,0.0,0.0,3.4912264e-06,-28.309107,2.47915,0.82638335,0.112,0.0,0.16655304,7.9600873,7.9700875,2553600
hardzero_plus_depr__c0p58__z1p00__lam0p010__nu0p50__psi1p00,hardzero_plus_depr,0.01,40,798,0.0,1,0.43384248,0.43384248,1.0125735,0.0,0.09714637,0.0,0.0,3.4564873e-06,-26.524046,2.2277062,0.74256873,0.128,0.0,0.14448781,7.9700875,7.9800878,2556800
hardzero_plus_depr__c0p58__z1p00__lam0p010__nu0p50__psi1p00,hardzero_plus_depr,0.01,40,799,0.0,1,0.43384248,0.43384248,1.0216246,0.0,0.0951427,0.0,0.0,3.4220939e-06,-27.35199,2.247619,0.7492063,0.08800001,0.0,0.15481316,7.9800878,7.990088,2560000
hardzero_plus_depr__c0p58__z1p00__lam0p010__nu0p50__psi1p00,hardzero_plus_depr,0.01,40,800,0.0,1,0.43384248,0.43384248,1.0222185,0.0,0.09501268,0.0,0.0,3.3880426e-06,-27.401297,2.2489254,0.74964184,0.16800001,0.0,0.15755942,7.990088,8.000088,2563200
hardzero_plus_depr__c0p58__z1p00__lam0p010__nu0p50__psi1p00,hardzero_plus_depr,0.01,40,801,0.0,1,0.43384248,0.43384248,1.0639566,0.0,0.08630646,0.0,0.0,3.354332e-06,-28.093483,2.3407512,0.78025043,0.15200001,0.0,0.1527896,8.000088,8.010088,2566400
hardzero_plus_depr__c0p58__z1p00__lam0p010__nu0p50__psi1p00,hardzero_plus_depr,0.01,40,802,0.0,1,0.43384248,0.4338428,0.98980284,0.102375776,0.102375776,1.0,3.3998535e-07,3.320955e-06,-26.317156,2.1776097,0.7258699,0.208,0.0,0.13992557,8.010088,8.020088,2569600
hardzero_plus_depr__c0p58__z1p00__lam0p010__nu0p50__psi1p00,hardzero_plus_depr,0.01,40,803,0.0,1,0.4338428,0.43384314,0.99881196,0.10027394,0.10027394,1.0,3.296917e-07,3.2879102e-06,-26.9381,2.1974301,0.7324767,0.192,0.0,0.15686768,8.020088,8.030088,2572800
hardzero_plus_depr__c0p58__z1p00__lam0p010__nu0p50__psi1p00,hardzero_plus_depr,0.01,40,804,0.0,1,0.43384314,0.43384314,1.0579504,0.0,0.087508366,0.0,0.0,3.255194e-06,-27.884253,2.3275373,0.77584577,0.18400002,0.0,0.14221944,8.030088,8.040089,2576000
hardzero_plus_depr__c0p58__z1p00__lam0p010__nu0p50__psi1p00,hardzero_plus_depr,0.01,40,805,0.0,1,0.43384314,0.43384314,1.0213156,0.0,0.09521041,0.0,0.0,3.2228036e-06,-26.813599,2.2469392,0.74897975,0.136,0.0,0.14569798,8.040089,8.050089,2579200
hardzero_plus_depr__c0p58__z1p00__lam0p010__nu0p50__psi1p00,hardzero_plus_depr,0.01,40,806,0.0,1,0.43384314,0.43384314,1.027274,0.0,0.09391306,0.0,0.0,3.1907357e-06,-26.932077,2.260048,0.7533493,0.14,0.0,0.15268095,8.050089,8.060089,2582400
hardzero_plus_depr__c0p58__z1p00__lam0p010__nu0p50__psi1p00,hardzero_plus_depr,0.01,40,807,0.0,1,0.43384314,0.43384314,1.004406,0.0,0.09899061,0.0,0.0,3.1589868e-06,-27.526535,2.2097373,0.7365791,0.136,0.008,0.1227444,8.060089,8.070089,2585600
hardzero_plus_depr__c0p58__z1p00__lam0p010__nu0p50__psi1p00,hardzero_plus_depr,0.01,40,808,0.0,1,0.43384314,0.43384346,0.9669606,0.10790446,0.10790446,1.0,3.3747693e-07,3.1275533e-06,-26.421228,2.1273558,0.7091186,0.17600001,0.0,0.13516259,8.070089,8.08009,2588800
hardzero_plus_depr__c0p58__z1p00__lam0p010__nu0p50__psi1p00,hardzero_plus_depr,0.01,40,809,0.0,1,0.43384346,0.43384346,1.042261,0.0,0.0907275,0.0,0.0,3.096433e-06,-27.417503,2.29302,0.76434004,0.16000001,0.0,0.15626788,8.08009,8.09009,2592000
hardzero_plus_depr__c0p58__z1p00__lam0p010__nu0p50__psi1p00,hardzero_plus_depr,0.01,40,810,0.0,1,0.43384346,0.43384346,1.0557944,0.0,0.087943874,0.0,0.0,3.0656222e-06,-28.235676,2.322794,0.7742647,0.192,0.0,0.15523882,8.09009,8.10009,2595200
hardzero_plus_depr__c0p58__z1p00__lam0p010__nu0p50__psi1p00,hardzero_plus_depr,0.01,40,811,0.0,1,0.43384346,0.43384346,1.0735896,0.0,0.084413216,0.0,0.0,3.0351182e-06,-27.31431,2.3619442,0.7873148,0.16000001,0.0,0.171466,8.10009,8.11009,2598400
hardzero_plus_depr__c0p58__z1p00__lam0p010__nu0p50__psi1p00,hardzero_plus_depr,0.01,40,812,0.0,1,0.43384346,0.43384346,1.0278803,0.0,0.09378204,0.0,0.0,3.0049175e-06,-26.993221,2.2613819,0.75379395,0.18400002,0.0,0.1434187,8.11009,8.1200905,2601600
hardzero_plus_depr__c0p58__z1p00__lam0p010__nu0p50__psi1p00,hardzero_plus_depr,0.01,40,813,0.0,1,0.43384346,0.43384346,1.0602059,0.0,0.08705507,0.0,0.0,2.9750174e-06,-27.397049,2.3324995,0.77749985,0.16000001,0.0,0.15322584,8.1200905,8.130091,2604800
hardzero_plus_depr__c0p58__z1p00__lam0p010__nu0p50__psi1p00,hardzero_plus_depr,0.01,40,814,0.0,1,0.43384346,0.43384346,1.0711037,0.0,0.08489777,0.0,0.0,2.9454147e-06,-27.48523,2.356475,0.7854917,0.120000005,0.0,0.14697583,8.130091,8.140091,2608000
hardzero_plus_depr__c0p58__z1p00__lam0p010__nu0p50__psi1p00,hardzero_plus_depr,0.01,40,815,0.0,1,0.43384346,0.43384346,1.0779673,0.0,0.08356659,0.0,0.0,2.9161065e-06,-28.806185,2.3715754,0.79052514,0.16000001,0.0,0.17728002,8.140091,8.150091,2611200
hardzero_plus_depr__c0p58__z1p00__lam0p010__nu0p50__psi1p00,hardzero_plus_depr,0.01,40,816,0.0,1,0.43384346,0.43384346,1.0362866,0.0,0.09198422,0.0,0.0,2.8870902e-06,-27.02234,2.279876,0.7599587,0.136,0.0,0.13560295,8.150091,8.160091,2614400
hardzero_plus_depr__c0p58__z1p00__lam0p010__nu0p50__psi1p00,hardzero_plus_depr,0.01,40,817,0.0,1,0.43384346,0.43384376,0.99063295,0.10218027,0.10218027,1.0,2.9206825e-07,2.8583624e-06,-25.704922,2.179436,0.7264787,0.096,0.0,0.13006632,8.160091,8.170092,2617600
hardzero_plus_depr__c0p58__z1p00__lam0p010__nu0p50__psi1p00,hardzero_plus_depr,0.01,40,818,0.0,1,0.43384376,0.43384376,1.0466136,0.0,0.08982276,0.0,0.0,2.8299207e-06,-27.872087,2.3025959,0.767532,0.16000001,0.0,0.12804654,8.170092,8.180092,2620800
hardzero_plus_depr__c0p58__z1p00__lam0p010__nu0p50__psi1p00,hardzero_plus_depr,0.01,40,819,0.0,1,0.43384376,0.43384376,1.0995743,0.0,0.07951072,0.0,0.0,2.8017619e-06,-28.945364,2.4191117,0.8063706,0.14,0.0,0.14589715,8.180092,8.190092,2624000
hardzero_plus_depr__c0p58__z1p00__lam0p010__nu0p50__psi1p00,hardzero_plus_depr,0.01,40,820,0.0,1,0.43384376,0.43384376,1.1084145,0.0,0.0779086,0.0,0.0,2.7738834e-06,-28.457087,2.4385607,0.8128536,0.136,0.0,0.19214752,8.190092,8.200092,2627200
hardzero_plus_depr__c0p58__z1p00__lam0p010__nu0p50__psi1p00,hardzero_plus_depr,0.01,40,821,0.0,1,0.43384376,0.43384376,1.0873415,0.0,0.08178214,0.0,0.0,2.746282e-06,-28.461966,2.3921993,0.79739976,0.192,0.0,0.18057163,8.200092,8.210093,2630400
hardzero_plus_depr__c0p58__z1p00__lam0p010__nu0p50__psi1p00,hardzero_plus_depr,0.01,40,822,0.0,1,0.43384376,0.43384376,1.0502311,0.0,0.08907768,0.0,0.0,2.7189558e-06,-27.062363,2.3105545,0.7701849,0.16000001,0.0,0.12675299,8.210093,8.220093,2633600
hardzero_plus_depr__c0p58__z1p00__lam0p010__nu0p50__psi1p00,hardzero_plus_depr,0.01,40,823,0.0,1,0.43384376,0.43384376,1.0259181,0.0,0.094206706,0.0,0.0,2.6919008e-06,-27.508884,2.2570648,0.752355,0.136,0.0,0.13708737,8.220093,8.230093,2636800
hardzero_plus_depr__c0p58__z1p00__lam0p010__nu0p50__psi1p00,hardzero_plus_depr,0.01,40,824,0.0,1,0.43384376,0.43384376,1.0645084,0.0,0.08619688,0.0,0.0,2.6651153e-06,-27.24916,2.3419654,0.78065515,0.080000006,0.0,0.12965226,8.230093,8.240093,2640000
hardzero_plus_depr__c0p58__z1p00__lam0p010__nu0p50__psi1p00,hardzero_plus_depr,0.01,40,825,0.0,1,0.43384376,0.43384376,1.0427837,0.0,0.09061838,0.0,0.0,2.6385962e-06,-28.458418,2.2941701,0.7647234,0.17600001,0.0,0.1622909,8.240093,8.250093,2643200
hardzero_plus_depr__c0p58__z1p00__lam0p010__nu0p50__psi1p00,hardzero_plus_depr,0.01,40,826,0.0,1,0.43384376,0.43384403,0.9911701,0.10205396,0.10205396,1.0,2.6659976e-07,2.6123412e-06,-26.688742,2.1806178,0.7268726,0.16800001,0.0,0.1573089,8.250093,8.260094,2646400
hardzero_plus_depr__c0p58__z1p00__lam0p010__nu0p50__psi1p00,hardzero_plus_depr,0.01,40,827,0.0,1,0.43384403,0.43384403,1.0447248,0.0,0.090214245,0.0,0.0,2.5863476e-06,-27.53158,2.2984405,0.76614684,0.16000001,0.0,0.13940448,8.260094,8.270094,2649600
hardzero_plus_depr__c0p58__z1p00__lam0p010__nu0p50__psi1p00,hardzero_plus_depr,0.01,40,828,0.0,1,0.43384403,0.4338443,0.991086,0.10207372,0.10207372,1.0,2.6137124e-07,2.5606123e-06,-27.011097,2.1804328,0.72681093,0.120000005,0.0,0.13924569,8.270094,8.280094,2652800
hardzero_plus_depr__c0p58__z1p00__lam0p010__nu0p50__psi1p00,hardzero_plus_depr,0.01,40,829,0.0,1,0.4338443,0.4338443,1.0249296,0.0,0.09442139,0.0,0.0,2.5351333e-06,-27.027853,2.2548902,0.75163007,0.14400001,0.0,0.14090401,8.280094,8.290094,2656000
hardzero_plus_depr__c0p58__z1p00__lam0p010__nu0p50__psi1p00,hardzero_plus_depr,0.01,40,830,0.0,1,0.4338443,0.4338443,1.0197493,0.0,0.09555442,0.0,0.0,2.5099075e-06,-26.55035,2.2434933,0.7478311,0.16000001,0.0,0.15047847,8.290094,8.300095,2659200
hardzero_plus_depr__c0p58__z1p00__lam0p010__nu0p50__psi1p00,hardzero_plus_depr,0.01,40,831,0.0,1,0.4338443,0.43384457,0.9790111,0.10495155,0.10495155,1.0,2.6079758e-07,2.484933e-06,-26.12355,2.1538675,0.7179558,0.18400002,0.0,0.16090791,8.300095,8.310095,2662400
hardzero_plus_depr__c0p58__z1p00__lam0p010__nu0p50__psi1p00,hardzero_plus_depr,0.01,40,832,0.0,1,0.43384457,0.43384483,0.9752518,0.10586397,0.10586397,1.0,2.604473e-07,2.4602073e-06,-26.246826,2.1455967,0.71519893,0.21,0.0,0.14866532,8.310095,8.320095,2665600
hardzero_plus_depr__c0p58__z1p00__lam0p010__nu0p50__psi1p00,hardzero_plus_depr,0.01,40,833,0.0,1,0.43384483,0.43384483,1.073057,0.0,0.08451678,0.0,0.0,2.435727e-06,-27.865614,2.3607726,0.78692424,0.16000001,0.0,0.1461568,8.320095,8.330095,2668800
hardzero_plus_depr__c0p58__z1p00__lam0p010__nu0p50__psi1p00,hardzero_plus_depr,0.01,40,834,0.0,1,0.43384483,0.43384483,1.039224,0.0,0.09136417,0.0,0.0,2.4114904e-06,-28.082813,2.2863386,0.76211286,0.136,0.0,0.17303213,8.330095,8.3400955,2672000
hardzero_plus_depr__c0p58__z1p00__lam0p010__nu0p50__psi1p00,hardzero_plus_depr,0.01,40,835,0.0,1,0.43384483,0.43384507,0.99665993,0.10077203,0.10077203,1.0,2.4059275e-07,2.3874952e-06,-26.242048,2.1926956,0.73089856,0.16000001,0.0,0.14592166,8.3400955,8.350096,2675200
hardzero_plus_depr__c0p58__z1p00__lam0p010__nu0p50__psi1p00,hardzero_plus_depr,0.01,40,836,0.0,1,0.43384507,0.43384507,1.0214771,0.0,0.095175005,0.0,0.0,2.3637388e-06,-27.974236,2.2472944,0.7490982,0.120000005,0.0,0.15388697,8.350096,8.360096,2678400
hardzero_plus_depr__c0p58__z1p00__lam0p010__nu0p50__psi1p00,hardzero_plus_depr,0.01,40,837,0.0,1,0.43384507,0.43384507,1.0648035,0.0,0.08613835,0.0,0.0,2.3402188e-06,-27.217085,2.3426144,0.7808715,0.192,0.0,0.15323247,8.360096,8.370096,2681600
hardzero_plus_depr__c0p58__z1p00__lam0p010__nu0p50__psi1p00,hardzero_plus_depr,0.01,40,838,0.0,1,0.43384507,0.43384507,1.0596471,0.0,0.08716716,0.0,0.0,2.3169325e-06,-28.332813,2.3312702,0.7770901,0.16000001,0.0,0.16483782,8.370096,8.380096,2684800
hardzero_plus_depr__c0p58__z1p00__lam0p010__nu0p50__psi1p00,hardzero_plus_depr,0.01,40,839,0.0,1,0.43384507,0.43384507,1.1052457,0.0,0.07847915,0.0,0.0,2.2938782e-06,-29.128632,2.4315891,0.8105297,0.18400002,0.0,0.19487302,8.380096,8.390097,2688000
hardzero_plus_depr__c0p58__z1p00__lam0p010__nu0p50__psi1p00,hardzero_plus_depr,0.01,40,840,0.0,1,0.43384507,0.43384507,1.1379799,0.0,0.072781354,0.0,0.0,2.2710533e-06,-29.904081,2.5036056,0.83453524,0.18400002,0.0,0.18333305,8.390097,8.400097,2691200
hardzero_plus_depr__c0p58__z1p00__lam0p010__nu0p50__psi1p00,hardzero_plus_depr,0.01,40,841,0.0,1,0.43384507,0.4338453,0.9972151,0.10064331,0.10064331,1.0,2.2629197e-07,2.2484553e-06,-26.995615,2.193917,0.7313057,0.16800001,0.0,0.13841543,8.400097,8.410097,2694400
hardzero_plus_depr__c0p58__z1p00__lam0p010__nu0p50__psi1p00,hardzero_plus_depr,0.01,40,842,0.0,1,0.4338453,0.4338453,1.0574144,0.0,0.08761642,0.0,0.0,2.2260824e-06,-26.740732,2.326358,0.77545273,0.120000005,0.0,0.13852867,8.410097,8.420097,2697600
hardzero_plus_depr__c0p58__z1p00__lam0p010__nu0p50__psi1p00,hardzero_plus_depr,0.01,40,843,0.0,1,0.4338453,0.4338453,1.0651635,0.0,0.08606697,0.0,0.0,2.203932e-06,-28.054304,2.3434064,0.7811355,0.104,0.0,0.17401063,8.420097,8.430098,2700800
hardzero_plus_depr__c0p58__z1p00__lam0p010__nu0p50__psi1p00,hardzero_plus_depr,0.01,40,844,0.0,1,0.4338453,0.4338453,1.0312222,0.0,0.09306316,0.0,0.0,2.182002e-06,-27.772562,2.2687342,0.7562448,0.136,0.0,0.14983235,8.430098,8.440098,2704000
hardzero_plus_depr__c0p58__z1p00__lam0p010__nu0p50__psi1p00,hardzero_plus_depr,0.01,40,845,0.0,1,0.4338453,0.4338453,1.0996501,0.0,0.079496846,0.0,0.0,2.16029e-06,-28.745443,2.4192786,0.8064262,0.11,0.0,0.14755473,8.440098,8.450098,2707200
hardzero_plus_depr__c0p58__z1p00__lam0p010__nu0p50__psi1p00,hardzero_plus_depr,0.01,40,846,0.0,1,0.4338453,0.4338453,1.0625967,0.0,0.08657715,0.0,0.0,2.1387943e-06,-27.329239,2.3377593,0.7792531,0.112,0.0,0.14916654,8.450098,8.460098,2710400
hardzero_plus_depr__c0p58__z1p00__lam0p010__nu0p50__psi1p00,hardzero_plus_depr,0.01,40,847,0.0,1,0.4338453,0.4338453,1.0193659,0.0,0.09563879,0.0,0.0,2.1175126e-06,-26.702578,2.2426498,0.74754995,0.120000005,0.0,0.13332546,8.460098,8.4700985,2713600
hardzero_plus_depr__c0p58__z1p00__lam0p010__nu0p50__psi1p00,hardzero_plus_depr,0.01,40,848,0.0,1,0.4338453,0.4338453,1.123634,0.0,0.075225666,0.0,0.0,2.0964426e-06,-29.035448,2.4720442,0.8240148,0.136,0.0,0.19271779,8.4700985,8.480099,2716800
hardzero_plus_depr__c0p58__z1p00__lam0p010__nu0p50__psi1p00,hardzero_plus_depr,0.01,40,849,0.0,1,0.4338453,0.4338453,1.0531646,0.0,0.088478014,0.0,0.0,2.0755822e-06,-27.683584,2.3170085,0.7723362,0.17600001,0.0,0.15644692,8.480099,8.490099,2720000
hardzero_plus_depr__c0p58__z1p00__lam0p010__nu0p50__psi1p00,hardzero_plus_depr,0.01,40,850,0.0,1,0.4338453,0.4338453,1.0393066,0.0,0.09134681,0.0,0.0,2.0549292e-06,-26.883055,2.2865202,0.7621734,0.16800001,0.008,0.14563727,8.490099,8.500099,2723200
hardzero_plus_depr__c0p58__z1p00__lam0p010__nu0p50__psi1p00,hardzero_plus_depr,0.01,40,851,0.0,1,0.4338453,0.4338453,1.0667336,0.0,0.08575636,0.0,0.0,2.0344817e-06,-27.736849,2.346861,0.782287,0.14400001,0.0,0.13552967,8.500099,8.510099,2726400
hardzero_plus_depr__c0p58__z1p00__lam0p010__nu0p50__psi1p00,hardzero_plus_depr,0.01,40,852,0.0,1,0.4338453,0.4338453,1.011662,0.0,0.09735045,0.0,0.0,2.014238e-06,-26.87993,2.2257009,0.7419003,0.128,0.0,0.14104772,8.510099,8.5201,2729600
hardzero_plus_depr__c0p58__z1p00__lam0p010__nu0p50__psi1p00,hardzero_plus_depr,0.01,40,853,0.0,1,0.4338453,0.4338453,1.0800002,0.0,0.083176345,0.0,0.0,1.9941954e-06,-27.582533,2.3760478,0.79201597,0.128,0.0,0.17387587,8.5201,8.5301,2732800
hardzero_plus_depr__c0p58__z1p00__lam0p010__nu0p50__psi1p00,hardzero_plus_depr,0.01,40,854,0.0,1,0.4338453,0.4338453,1.0555745,0.0,0.0879884,0.0,0.0,1.9743525e-06,-27.183664,2.3223104,0.7741035,0.104,0.0,0.14424162,8.5301,8.5401,2736000
hardzero_plus_depr__c0p58__z1p00__lam0p010__nu0p50__psi1p00,hardzero_plus_depr,0.01,40,855,0.0,1,0.4338453,0.4338453,1.0514617,0.0,0.08882562,0.0,0.0,1.954707e-06,-27.43243,2.313262,0.77108735,0.17600001,0.0,0.16789736,8.5401,8.5501,2739200
hardzero_plus_depr__c0p58__z1p00__lam0p010__nu0p50__psi1p00,hardzero_plus_depr,0.01,40,856,0.0,1,0.4338453,0.4338453,1.0441176,0.0,0.09034049,0.0,0.0,1.9352567e-06,-27.038063,2.2971046,0.76570153,0.15200001,0.0,0.12986636,8.5501,8.560101,2742400
hardzero_plus_depr__c0p58__z1p00__lam0p010__nu0p50__psi1p00,hardzero_plus_depr,0.01,40,857,0.0,1,0.4338453,0.4338453,1.0717087,0.0,0.08477958,0.0,0.0,1.9160002e-06,-27.71317,2.3578062,0.7859354,0.128,0.0,0.14790629,8.560101,8.570101,2745600
hardzero_plus_depr__c0p58__z1p00__lam0p010__nu0p50__psi1p00,hardzero_plus_depr,0.01,40,858,0.0,1,0.4338453,0.4338453,1.059703,0.0,0.08715594,0.0,0.0,1.8969354e-06,-27.843641,2.3313932,0.7771311,0.099999994,0.0,0.14644398,8.570101,8.580101,2748800
hardzero_plus_depr__c0p58__z1p00__lam0p010__nu0p50__psi1p00,hardzero_plus_depr,0.01,40,859,0.0,1,0.4338453,0.43384552,0.9733014,0.10634047,0.10634047,1.0,1.9971378e-07,1.8780601e-06,-25.942036,2.141306,0.71376866,0.16000001,0.0,0.14662504,8.580101,8.590101,2752000
hardzero_plus_depr__c0p58__z1p00__lam0p010__nu0p50__psi1p00,hardzero_plus_depr,0.01,40,860,0.0,1,0.43384552,0.4338457,0.98830146,0.10273031,0.10273031,1.0,1.9101392e-07,1.8593726e-06,-26.945002,2.1743066,0.7247689,0.120000005,0.0,0.15142825,8.590101,8.600101,2755200
hardzero_plus_depr__c0p58__z1p00__lam0p010__nu0p50__psi1p00,hardzero_plus_depr,0.01,40,861,0.0,1,0.4338457,0.4338457,1.0037619,0.0,0.099137545,0.0,0.0,1.840871e-06,-27.069368,2.2083201,0.73610675,0.2,0.0,0.14184761,8.600101,8.610102,2758400
hardzero_plus_depr__c0p58__z1p00__lam0p010__nu0p50__psi1p00,hardzero_plus_depr,0.01,40,862,0.0,1,0.4338457,0.4338457,1.096894,0.0,0.080002934,0.0,0.0,1.8225537e-06,-28.587515,2.4132152,0.8044051,0.14400001,0.0,0.14282867,8.610102,8.620102,2761600
hardzero_plus_depr__c0p58__z1p00__lam0p010__nu0p50__psi1p00,hardzero_plus_depr,0.01,40,863,0.0,1,0.4338457,0.4338457,1.0128872,0.0,0.097076185,0.0,0.0,1.8044185e-06,-26.372143,2.2283964,0.7427988,0.128,0.0,0.16021389,8.620102,8.630102,2764800
hardzero_plus_depr__c0p58__z1p00__lam0p010__nu0p50__psi1p00,hardzero_plus_depr,0.01,40,864,0.0,1,0.4338457,0.43384588,0.98550034,0.10339502,0.10339502,1.0,1.8471148e-07,1.7864639e-06,-26.932213,2.168144,0.72271466,0.128,0.0,0.1292567,8.630102,8.640102,2768000
hardzero_plus_depr__c0p58__z1p00__lam0p010__nu0p50__psi1p00,hardzero_plus_depr,0.01,40,865,0.0,1,0.43384588,0.43384588,1.0089208,0.0,0.09796685,0.0,0.0,1.7686879e-06,-26.438183,2.21967,0.73989004,0.17600001,0.0,0.15082355,8.640102,8.650103,2771200
hardzero_plus_depr__c0p58__z1p00__lam0p010__nu0p50__psi1p00,hardzero_plus_depr,0.01,40,866,0.0,1,0.43384588,0.43384588,1.0468493,0.0,0.089774035,0.0,0.0,1.7510887e-06,-28.008564,2.3031144,0.76770484,0.064,0.0,0.16829513,8.650103,8.660103,2774400
hardzero_plus_depr__c0p58__z1p00__lam0p010__nu0p50__psi1p00,hardzero_plus_depr,0.01,40,867,0.0,1,0.43384588,0.43384588,1.0334735,0.0,0.092581995,0.0,0.0,1.7336648e-06,-26.788874,2.2736871,0.7578957,0.104,0.0,0.15311776,8.660103,8.670103,2777600
hardzero_plus_depr__c0p58__z1p00__lam0p010__nu0p50__psi1p00,hardzero_plus_depr,0.01,40,868,0.0,1,0.43384588,0.43384588,1.037652,0.0,0.0916955,0.0,0.0,1.7164141e-06,-27.321722,2.28288,0.76096004,0.136,0.0,0.14834805,8.670103,8.680103,2780800
hardzero_plus_depr__c0p58__z1p00__lam0p010__nu0p50__psi1p00,hardzero_plus_depr,0.01,40,869,0.0,1,0.43384588,0.43384588,1.0058465,0.0,0.09866281,0.0,0.0,1.699335e-06,-27.628773,2.2129064,0.7376355,0.17600001,0.0,0.16357094,8.680103,8.690104,2784000
hardzero_plus_depr__c0p58__z1p00__lam0p010__nu0p50__psi1p00,hardzero_plus_depr,0.01,40,870,0.0,1,0.43384588,0.43384588,1.0540334,0.0,0.08830119,0.0,0.0,1.682426e-06,-27.566591,2.31892,0.7729733,0.16000001,0.0,0.16285959,8.690104,8.700104,2787200
hardzero_plus_depr__c0p58__z1p00__lam0p010__nu0p50__psi1p00,hardzero_plus_depr,0.01,40,871,0.0,1,0.43384588,0.43384588,1.0797118,0.0,0.08323158,0.0,0.0,1.6656852e-06,-27.824203,2.3754134,0.7918045,0.11,0.0,0.16085151,8.700104,8.710104,2790400
hardzero_plus_depr__c0p58__z1p00__lam0p010__nu0p50__psi1p00,hardzero_plus_depr,0.01,40,872,0.0,1,0.43384588,0.43384588,1.0213182,0.0,0.09520982,0.0,0.0,1.6491111e-06,-28.032858,2.246945,0.74898165,0.17600001,0.0,0.15886633,8.710104,8.720104,2793600
hardzero_plus_depr__c0p58__z1p00__lam0p010__nu0p50__psi1p00,hardzero_plus_depr,0.01,40,873,0.0,1,0.43384588,0.43384588,1.0534446,0.0,0.088420995,0.0,0.0,1.6327017e-06,-27.645578,2.3176246,0.7725415,0.128,0.0,0.15272835,8.720104,8.730104,2796800
hardzero_plus_depr__c0p58__z1p00__lam0p010__nu0p50__psi1p00,hardzero_plus_depr,0.01,40,874,0.0,1,0.43384588,0.43384606,0.98728985,0.102969855,0.102969855,1.0,1.664462e-07,1.6164556e-06,-27.11133,2.172081,0.72402704,0.15200001,0.008,0.14106786,8.730104,8.740105,2800000
hardzero_plus_depr__c0p58__z1p00__lam0p010__nu0p50__psi1p00,hardzero_plus_depr,0.01,40,875,0.0,1,0.43384606,0.43384606,1.0325919,0.0,0.09277009,0.0,0.0,1.6003713e-06,-28.205185,2.2717476,0.75724924,0.2,0.0,0.18759875,8.740105,8.750105,2803200
hardzero_plus_depr__c0p58__z1p00__lam0p010__nu0p50__psi1p00,hardzero_plus_depr,0.01,40,876,0.0,1,0.43384606,0.43384606,1.0676818,0.0,0.08556935,0.0,0.0,1.584447e-06,-28.470846,2.3489468,0.7829823,0.24800001,0.0,0.15142095,8.750105,8.760105,2806400
hardzero_plus_depr__c0p58__z1p00__lam0p010__nu0p50__psi1p00,hardzero_plus_depr,0.01,40,877,0.0,1,0.43384606,0.43384606,1.0261486,0.0,0.09415674,0.0,0.0,1.5686811e-06,-28.07447,2.257572,0.752524,0.15200001,0.0,0.14935602,8.760105,8.770105,2809600
hardzero_plus_depr__c0p58__z1p00__lam0p010__nu0p50__psi1p00,hardzero_plus_depr,0.01,40,878,0.0,1,0.43384606,0.43384606,1.0315006,0.0,0.093003534,0.0,0.0,1.5530721e-06,-27.53462,2.2693467,0.7564489,0.120000005,0.0,0.12217387,8.770105,8.780106,2812800
hardzero_plus_depr__c0p58__z1p00__lam0p010__nu0p50__psi1p00,hardzero_plus_depr,0.01,40,879,0.0,1,0.43384606,0.43384606,1.030233,0.0,0.09327536,0.0,0.0,1.5376185e-06,-27.46168,2.266558,0.75551933,0.14400001,0.0,0.14850572,8.780106,8.790106,2816000
hardzero_plus_depr__c0p58__z1p00__lam0p010__nu0p50__psi1p00,hardzero_plus_depr,0.01,40,880,0.0,1,0.43384606,0.43384606,1.0400686,0.0,0.09118668,0.0,0.0,1.5223185e-06,-27.78109,2.2881966,0.7627322,0.216,0.0,0.1841593,8.790106,8.800106,2819200
hardzero_plus_depr__c0p58__z1p00__lam0p010__nu0p50__psi1p00,hardzero_plus_depr,0.01,40,881,0.0,1,0.43384606,0.43384606,1.0472045,0.0,0.08970063,0.0,0.0,1.5071707e-06,-27.40088,2.303896,0.7679653,0.14400001,0.0,0.13233195,8.800106,8.810106,2822400
hardzero_plus_depr__c0p58__z1p00__lam0p010__nu0p50__psi1p00,hardzero_plus_depr,0.01,40,882,0.0,1,0.43384606,0.4338462,0.99034584,0.102247834,0.102247834,1.0,1.5257156e-07,1.492174e-06,-26.919346,2.1788044,0.7262682,0.17600001,0.0,0.12798068,8.810106,8.8201065,2825600
hardzero_plus_depr__c0p58__z1p00__lam0p010__nu0p50__psi1p00,hardzero_plus_depr,0.01,40,883,0.0,1,0.4338462,0.4338462,1.0643684,0.0,0.08622468,0.0,0.0,1.4773262e-06,-28.173567,2.3416572,0.7805524,0.17600001,0.0,0.18076605,8.8201065,8.830107,2828800
hardzero_plus_depr__c0p58__z1p00__lam0p010__nu0p50__psi1p00,hardzero_plus_depr,0.01,40,884,0.0,1,0.4338462,0.4338462,1.005471,0.0,0.09874816,0.0,0.0,1.4626262e-06,-27.105724,2.2120802,0.7373601,0.16,0.0,0.12596223,8.830107,8.840107,2832000
hardzero_plus_depr__c0p58__z1p00__lam0p010__nu0p50__psi1p00,hardzero_plus_depr,0.01,40,885,0.0,1,0.4338462,0.4338462,1.0674206,0.0,0.08562081,0.0,0.0,1.4480726e-06,-27.153978,2.3483722,0.7827908,0.15200001,0.0,0.14851704,8.840107,8.850107,2835200
hardzero_plus_depr__c0p58__z1p00__lam0p010__nu0p50__psi1p00,hardzero_plus_depr,0.01,40,886,0.0,1,0.4338462,0.4338462,1.0538892,0.0,0.088330515,0.0,0.0,1.4336636e-06,-27.123993,2.3186026,0.77286756,0.136,0.0,0.1338633,8.850107,8.860107,2838400
hardzero_plus_depr__c0p58__z1p00__lam0p010__nu0p50__psi1p00,hardzero_plus_depr,0.01,40,887,0.0,1,0.4338462,0.43384635,0.98483557,0.103553414,0.103553414,1.0,1.4698352e-07,1.4193981e-06,-24.879805,2.1666815,0.7222272,0.224,0.0,0.12785202,8.860107,8.870108,2841600
hardzero_plus_depr__c0p58__z1p00__lam0p010__nu0p50__psi1p00,hardzero_plus_depr,0.01,40,888,0.0,1,0.43384635,0.43384635,1.0499474,0.0,0.08913589,0.0,0.0,1.4052746e-06,-27.338425,2.3099303,0.7699768,0.14400001,0.0,0.1256024,8.870108,8.880108,2844800
hardzero_plus_depr__c0p58__z1p00__lam0p010__nu0p50__psi1p00,hardzero_plus_depr,0.01,40,889,0.0,1,0.43384635,0.43384635,1.0419475,0.0,0.09079303,0.0,0.0,1.3912916e-06,-27.361103,2.2923303,0.7641101,0.14400001,0.0,0.13772732,8.880108,8.890108,2848000
hardzero_plus_depr__c0p58__z1p00__lam0p010__nu0p50__psi1p00,hardzero_plus_depr,0.01,40,890,0.0,1,0.43384635,0.43384635,1.03075,0.0,0.09316439,0.0,0.0,1.3774476e-06,-27.089178,2.2676954,0.7558985,0.15200001,0.0,0.17409746,8.890108,8.900108,2851200
hardzero_plus_depr__c0p58__z1p00__lam0p010__nu0p50__psi1p00,hardzero_plus_depr,0.01,40,891,0.0,1,0.43384635,0.43384635,1.0202247,0.0,0.09544986,0.0,0.0,1.3637415e-06,-26.673489,2.2445393,0.7481798,0.112,0.0,0.14800675,8.900108,8.910109,2854400
hardzero_plus_depr__c0p58__z1p00__lam0p010__nu0p50__psi1p00,hardzero_plus_depr,0.01,40,892,0.0,1,0.43384635,0.43384635,1.0026401,0.0,0.09939392,0.0,0.0,1.3501716e-06,-26.642435,2.2058523,0.7352841,0.16800001,0.0,0.12855981,8.910109,8.920109,2857600
hardzero_plus_depr__c0p58__z1p00__lam0p010__nu0p50__psi1p00,hardzero_plus_depr,0.01,40,893,0.0,1,0.43384635,0.4338465,0.9868959,0.10306331,0.10306331,1.0,1.3776854e-07,1.336737e-06,-26.746271,2.1712143,0.72373813,0.15200001,0.0,0.13962093,8.920109,8.930109,2860800
hardzero_plus_depr__c0p58__z1p00__lam0p010__nu0p50__psi1p00,hardzero_plus_depr,0.01,40,894,0.0,1,0.4338465,0.4338465,1.0260446,0.0,0.09417929,0.0,0.0,1.323436e-06,-27.33874,2.2573433,0.7524478,0.120000005,0.0,0.1407533,8.930109,8.940109,2864000
hardzero_plus_depr__c0p58__z1p00__lam0p010__nu0p50__psi1p00,hardzero_plus_depr,0.01,40,895,0.0,1,0.4338465,0.4338465,1.0485663,0.0,0.08941979,0.0,0.0,1.3102672e-06,-28.162037,2.306892,0.768964,0.16800001,0.0,0.15631488,8.940109,8.9501095,2867200
hardzero_plus_depr__c0p58__z1p00__lam0p010__nu0p50__psi1p00,hardzero_plus_depr,0.01,40,896,0.0,1,0.4338465,0.4338465,1.0743353,0.0,0.08426837,0.0,0.0,1.2972296e-06,-28.586308,2.363585,0.7878617,0.112,0.0,0.15992935,8.9501095,8.96011,2870400
hardzero_plus_depr__c0p58__z1p00__lam0p010__nu0p50__psi1p00,hardzero_plus_depr,0.01,40,897,0.0,1,0.4338465,0.4338465,1.0210131,0.0,0.095276736,0.0,0.0,1.2843216e-06,-26.565535,2.2462738,0.74875796,0.21,0.0,0.13743141,8.96011,8.97011,2873600
hardzero_plus_depr__c0p58__z1p00__lam0p010__nu0p50__psi1p00,hardzero_plus_depr,0.01,40,898,0.0,1,0.4338465,0.4338465,1.0107782,0.0,0.09754877,0.0,0.0,1.2715421e-06,-27.848633,2.2237563,0.7412521,0.192,0.0,0.25561464,8.97011,8.98011,2876800
hardzero_plus_depr__c0p58__z1p00__lam0p010__nu0p50__psi1p00,hardzero_plus_depr,0.01,40,899,0.0,1,0.4338465,0.43384662,0.9862082,0.10322665,0.10322665,1.0,1.2995098e-07,1.2588898e-06,-26.682133,2.1697013,0.7232338,0.16800001,0.0,0.1312708,8.98011,8.99011,2880000
hardzero_plus_depr__c0p58__z1p00__lam0p010__nu0p50__psi1p00,hardzero_plus_depr,0.01,40,900,0.0,1,0.43384662,0.43384662,1.0673738,0.0,0.08563007,0.0,0.0,1.2463634e-06,-28.672121,2.3482692,0.78275645,0.096,0.0,0.13904986,8.99011,9.000111,2883200
hardzero_plus_depr__c0p58__z1p00__lam0p010__nu0p50__psi1p00,hardzero_plus_depr,0.01,40,901,0.0,1,0.43384662,0.43384662,1.0176413,0.0,0.096019335,0.0,0.0,1.2339615e-06,-26.426182,2.2388556,0.7462852,0.08800001,0.0,0.123462506,9.000111,9.010111,2886400
hardzero_plus_depr__c0p58__z1p00__lam0p010__nu0p50__psi1p00,hardzero_plus_depr,0.01,40,902,0.0,1,0.43384662,0.43384662,1.0422732,0.0,0.090724975,0.0,0.0,1.2216831e-06,-28.139544,2.2930467,0.7643489,0.120000005,0.0,0.15227582,9.010111,9.020111,2889600
hardzero_plus_depr__c0p58__z1p00__lam0p010__nu0p50__psi1p00,hardzero_plus_depr,0.01,40,903,0.0,1,0.43384662,0.43384662,1.0067763,0.0,0.0984518,0.0,0.0,1.2095269e-06,-26.996317,2.2149522,0.73831743,0.16000001,0.0,0.15629527,9.020111,9.030111,2892800
hardzero_plus_depr__c0p58__z1p00__lam0p010__nu0p50__psi1p00,hardzero_plus_depr,0.01,40,904,0.0,1,0.43384662,0.43384662,1.0247761,0.0,0.09445477,0.0,0.0,1.1974915e-06,-27.885704,2.2545524,0.7515175,0.14400001,0.0,0.13552023,9.030111,9.040112,2896000
hardzero_plus_depr__c0p58__z1p00__lam0p010__nu0p50__psi1p00,hardzero_plus_depr,0.01,40,905,0.0,1,0.43384662,0.43384662,1.0424273,0.0,0.09069277,0.0,0.0,1.185576e-06,-27.8516,2.2933857,0.76446193,0.15200001,0.0,0.13922018,9.040112,9.050112,2899200
hardzero_plus_depr__c0p58__z1p00__lam0p010__nu0p50__psi1p00,hardzero_plus_depr,0.01,40,906,0.0,1,0.43384662,0.43384662,1.0115471,0.0,0.09737621,0.0,0.0,1.1737791e-06,-27.058104,2.2254481,0.74181604,0.17600001,0.0,0.14184362,9.050112,9.060112,2902400
hardzero_plus_depr__c0p58__z1p00__lam0p010__nu0p50__psi1p00,hardzero_plus_depr,0.01,40,907,0.0,1,0.43384662,0.43384662,1.0000495,0.0,0.099988595,0.0,0.0,1.1620996e-06,-27.189384,2.2001529,0.7333843,0.23200001,0.0,0.17273468,9.060112,9.070112,2905600
hardzero_plus_depr__c0p58__z1p00__lam0p010__nu0p50__psi1p00,hardzero_plus_depr,0.01,40,908,0.0,1,0.43384662,0.43384662,1.044634,0.0,0.09023312,0.0,0.0,1.1505363e-06,-28.195644,2.2982407,0.76608026,0.14400001,0.0,0.17610177,9.070112,9.080112,2908800
hardzero_plus_depr__c0p58__z1p00__lam0p010__nu0p50__psi1p00,hardzero_plus_depr,0.01,40,909,0.0,1,0.43384662,0.43384662,1.010194,0.0,0.0976801,0.0,0.0,1.139088e-06,-27.333096,2.222471,0.7408237,0.2,0.0,0.14660452,9.080112,9.090113,2912000
hardzero_plus_depr__c0p58__z1p00__lam0p010__nu0p50__psi1p00,hardzero_plus_depr,0.01,40,910,0.0,1,0.43384662,0.43384662,1.0287274,0.0,0.09359929,0.0,0.0,1.1277535e-06,-26.549765,2.2632456,0.7544152,0.14,0.0,0.14908397,9.090113,9.100113,2915200
hardzero_plus_depr__c0p58__z1p00__lam0p010__nu0p50__psi1p00,hardzero_plus_depr,0.01,40,911,0.0,1,0.43384662,0.43384674,0.960727,0.10946444,0.10946444,1.0,1.2222054e-07,1.116532e-06,-26.570885,2.1136415,0.70454717,0.192,0.0,0.13012582,9.100113,9.110113,2918400
hardzero_plus_depr__c0p58__z1p00__lam0p010__nu0p50__psi1p00,hardzero_plus_depr,0.01,40,912,0.0,1,0.43384674,0.43384686,0.9698089,0.107199095,0.107199095,1.0,1.1850025e-07,1.1054221e-06,-26.378618,2.1336222,0.7112074,0.2,0.0,0.12669311,9.110113,9.120113,2921600
hardzero_plus_depr__c0p58__z1p00__lam0p010__nu0p50__psi1p00,hardzero_plus_depr,0.01,40,913,0.0,1,0.43384686,0.43384686,1.028838,0.0,0.09357546,0.0,0.0,1.0944227e-06,-27.139854,2.2634888,0.7544963,0.18400002,0.0,0.12830944,9.120113,9.130114,2924800
hardzero_plus_depr__c0p58__z1p00__lam0p010__nu0p50__psi1p00,hardzero_plus_depr,0.01,40,914,0.0,1,0.43384686,0.43384686,1.1019006,0.0,0.07908597,0.0,0.0,1.0835328e-06,-28.194092,2.4242296,0.80807656,0.104,0.0,0.17481214,9.130114,9.140114,2928000
hardzero_plus_depr__c0p58__z1p00__lam0p010__nu0p50__psi1p00,hardzero_plus_depr,0.01,40,915,0.0,1,0.43384686,0.43384698,0.9869879,0.10304149,0.10304149,1.0,1.1053788e-07,1.0727512e-06,-26.30188,2.1714168,0.7238056,0.16800001,0.0,0.13698627,9.140114,9.150114,2931200
hardzero_plus_depr__c0p58__z1p00__lam0p010__nu0p50__psi1p00,hardzero_plus_depr,0.01,40,916,0.0,1,0.43384698,0.43384698,1.0548586,0.0,0.08813358,0.0,0.0,1.0620769e-06,-27.429129,2.3207352,0.7735784,0.136,0.0,0.15337737,9.150114,9.160114,2934400
hardzero_plus_depr__c0p58__z1p00__lam0p010__nu0p50__psi1p00,hardzero_plus_depr,0.01,40,917,0.0,1,0.43384698,0.43384698,1.0627649,0.0,0.08654363,0.0,0.0,1.0515088e-06,-28.377249,2.3381295,0.7793765,0.18400002,0.0,0.18327475,9.160114,9.1701145,2937600
hardzero_plus_depr__c0p58__z1p00__lam0p010__nu0p50__psi1p00,hardzero_plus_depr,0.01,40,918,0.0,1,0.43384698,0.43384698,1.0573753,0.0,0.08762433,0.0,0.0,1.0410458e-06,-27.826746,2.3262722,0.7754241,0.112,0.0,0.1372609,9.1701145,9.180115,2940800
hardzero_plus_depr__c0p58__z1p00__lam0p010__nu0p50__psi1p00,hardzero_plus_depr,0.01,40,919,0.0,1,0.43384698,0.43384698,1.0529983,0.0,0.0885119,0.0,0.0,1.030687e-06,-28.286646,2.3166425,0.7722142,0.128,0.0,0.17608026,9.180115,9.190115,2944000
hardzero_plus_depr__c0p58__z1p00__lam0p010__nu0p50__psi1p00,hardzero_plus_depr,0.01,40,920,0.0,1,0.43384698,0.43384707,0.9965909,0.10078805,0.10078805,1.0,1.02847274e-07,1.0204312e-06,-26.462076,2.1925437,0.73084795,0.224,0.0,0.14524038,9.190115,9.200115,2947200
hardzero_plus_depr__c0p58__z1p00__lam0p010__nu0p50__psi1p00,hardzero_plus_depr,0.01,40,921,0.0,1,0.43384707,0.43384707,1.0139236,0.0,0.0968448,0.0,0.0,1.0102776e-06,-26.318346,2.2306767,0.7435589,0.208,0.0,0.14753635,9.200115,9.210115,2950400
hardzero_plus_depr__c0p58__z1p00__lam0p010__nu0p50__psi1p00,hardzero_plus_depr,0.01,40,922,0.0,1,0.43384707,0.43384707,1.0244217,0.0,0.09453189,0.0,0.0,1.000225e-06,-26.975965,2.2537727,0.7512576,0.17600001,0.0,0.111060396,9.210115,9.220116,2953600
hardzero_plus_depr__c0p58__z1p00__lam0p010__nu0p50__psi1p00,hardzero_plus_depr,0.01,40,923,0.0,1,0.43384707,0.4338472,0.97544295,0.10581739,0.10581739,1.0,1.0478804e-07,9.902724e-07,-26.10452,2.1460173,0.7153391,0.17999999,0.0,0.108558565,9.220116,9.230116,2956800
hardzero_plus_depr__c0p58__z1p00__lam0p010__nu0p50__psi1p00,hardzero_plus_depr,0.01,40,924,0.0,1,0.4338472,0.4338472,1.0122571,0.0,0.09721715,0.0,0.0,9.804188e-07,-27.972149,2.22701,0.7423367,0.17600001,0.0,0.18138736,9.230116,9.240116,2960000
hardzero_plus_depr__c0p58__z1p00__lam0p010__nu0p50__psi1p00,hardzero_plus_depr,0.01,40,925,0.0,1,0.4338472,0.4338472,1.0297142,0.0,0.09338686,0.0,0.0,9.706631e-07,-27.473938,2.2654166,0.7551389,0.128,0.0,0.15190792,9.240116,9.250116,2963200
hardzero_plus_depr__c0p58__z1p00__lam0p010__nu0p50__psi1p00,hardzero_plus_depr,0.01,40,926,0.0,1,0.4338472,0.4338472,1.0199846,0.0,0.095502645,0.0,0.0,9.610047e-07,-26.27704,2.244011,0.74800366,0.16000001,0.0,0.12667888,9.250116,9.260117,2966400
hardzero_plus_depr__c0p58__z1p00__lam0p010__nu0p50__psi1p00,hardzero_plus_depr,0.01,40,927,0.0,1,0.4338472,0.4338472,1.0342299,0.0,0.09242089,0.0,0.0,9.514423e-07,-27.215815,2.2753513,0.75845045,0.120000005,0.0,0.17085929,9.260117,9.270117,2969600
hardzero_plus_depr__c0p58__z1p00__lam0p010__nu0p50__psi1p00,hardzero_plus_depr,0.01,40,928,0.0,1,0.4338472,0.4338472,1.0563909,0.0,0.08782316,0.0,0.0,9.419751e-07,-27.484083,2.3241065,0.7747022,0.104,0.0,0.14336264,9.270117,9.280117,2972800
hardzero_plus_depr__c0p58__z1p00__lam0p010__nu0p50__psi1p00,hardzero_plus_depr,0.01,40,929,0.0,1,0.4338472,0.4338472,1.0568527,0.0,0.08772982,0.0,0.0,9.32602e-07,-27.475964,2.3251224,0.7750408,0.15200001,0.0,0.14708005,9.280117,9.290117,2976000
hardzero_plus_depr__c0p58__z1p00__lam0p010__nu0p50__psi1p00,hardzero_plus_depr,0.01,40,930,0.0,1,0.4338472,0.4338472,1.0289154,0.0,0.09355877,0.0,0.0,9.2332226e-07,-26.774288,2.263659,0.754553,0.18400002,0.0,0.133692,9.290117,9.3001175,2979200
hardzero_plus_depr__c0p58__z1p00__lam0p010__nu0p50__psi1p00,hardzero_plus_depr,0.01,40,931,0.0,1,0.4338472,0.4338472,1.0600712,0.0,0.08708208,0.0,0.0,9.1413483e-07,-28.028017,2.3322034,0.77740115,0.128,0.0,0.16507553,9.3001175,9.310118,2982400
hardzero_plus_depr__c0p58__z1p00__lam0p010__nu0p50__psi1p00,hardzero_plus_depr,0.01,40,932,0.0,1,0.4338472,0.43384728,0.9738989,0.10619428,0.10619428,1.0,9.610995e-08,9.0503886e-07,-25.69814,2.1426203,0.7142068,0.14400001,0.0,0.11078123,9.310118,9.320118,2985600
hardzero_plus_depr__c0p58__z1p00__lam0p010__nu0p50__psi1p00,hardzero_plus_depr,0.01,40,933,0.0,1,0.43384728,0.43384728,1.0611722,0.0,0.08686157,0.0,0.0,8.9603344e-07,-27.808567,2.3346255,0.7782085,0.17600001,0.0,0.16638754,9.320118,9.330118,2988800
hardzero_plus_depr__c0p58__z1p00__lam0p010__nu0p50__psi1p00,hardzero_plus_depr,0.01,40,934,0.0,1,0.43384728,0.43384728,1.0105824,0.0,0.097592734,0.0,0.0,8.8711755e-07,-26.745764,2.2233257,0.7411086,0.15200001,0.0,0.13754852,9.330118,9.340118,2992000
hardzero_plus_depr__c0p58__z1p00__lam0p010__nu0p50__psi1p00,hardzero_plus_depr,0.01,40,935,0.0,1,0.43384728,0.43384728,1.0606322,0.0,0.086969666,0.0,0.0,8.7829034e-07,-27.524837,2.3334374,0.7778125,0.16000001,0.0,0.15912886,9.340118,9.350119,2995200
hardzero_plus_depr__c0p58__z1p00__lam0p010__nu0p50__psi1p00,hardzero_plus_depr,0.01,40,936,0.0,1,0.43384728,0.43384728,1.0447941,0.0,0.090199865,0.0,0.0,8.69551e-07,-27.748913,2.2985928,0.7661976,0.17999999,0.0,0.14060661,9.350119,9.360119,2998400
hardzero_plus_depr__c0p58__z1p00__lam0p010__nu0p50__psi1p00,hardzero_plus_depr,0.01,40,937,0.0,1,0.43384728,0.43384728,1.0281471,0.0,0.09372446,0.0,0.0,8.608987e-07,-26.932972,2.2619689,0.75398964,0.096,0.0,0.121887945,9.360119,9.370119,3001600
hardzero_plus_depr__c0p58__z1p00__lam0p010__nu0p50__psi1p00,hardzero_plus_depr,0.01,40,938,0.0,1,0.43384728,0.43384728,1.021801,0.0,0.09510406,0.0,0.0,8.5233233e-07,-26.707447,2.248007,0.7493357,0.120000005,0.0,0.14545743,9.370119,9.380119,3004800
hardzero_plus_depr__c0p58__z1p00__lam0p010__nu0p50__psi1p00,hardzero_plus_depr,0.01,40,939,0.0,1,0.43384728,0.43384728,1.0264741,0.0,0.09408619,0.0,0.0,8.4385135e-07,-26.99237,2.2582881,0.75276273,0.18400002,0.0,0.14909686,9.380119,9.39012,3008000
hardzero_plus_depr__c0p58__z1p00__lam0p010__nu0p50__psi1p00,hardzero_plus_depr,0.01,40,940,0.0,1,0.43384728,0.43384728,1.0339892,0.0,0.092472106,0.0,0.0,8.3545467e-07,-26.760256,2.2748218,0.75827396,0.16000001,0.0,0.16996893,9.39012,9.40012,3011200
hardzero_plus_depr__c0p58__z1p00__lam0p010__nu0p50__psi1p00,hardzero_plus_depr,0.01,40,941,0.0,1,0.43384728,0.43384728,1.0509323,0.0,0.088933975,0.0,0.0,8.2714155e-07,-27.781462,2.312097,0.770699,0.16800001,0.0,0.14012,9.40012,9.41012,3014400
hardzero_plus_depr__c0p58__z1p00__lam0p010__nu0p50__psi1p00,hardzero_plus_depr,0.01,40,942,0.0,1,0.43384728,0.43384728,1.0234842,0.0,0.094736144,0.0,0.0,8.189112e-07,-26.779627,2.2517102,0.75057006,0.17600001,0.0,0.12171619,9.41012,9.42012,3017600
hardzero_plus_depr__c0p58__z1p00__lam0p010__nu0p50__psi1p00,hardzero_plus_depr,0.01,40,943,0.0,1,0.43384728,0.43384728,1.027048,0.0,0.09396193,0.0,0.0,8.107627e-07,-27.765177,2.2595508,0.7531836,0.112,0.0,0.15255077,9.42012,9.43012,3020800
hardzero_plus_depr__c0p58__z1p00__lam0p010__nu0p50__psi1p00,hardzero_plus_depr,0.01,40,944,0.0,1,0.43384728,0.43384728,1.0023503,0.0,0.09946027,0.0,0.0,8.0269524e-07,-27.695324,2.2052147,0.7350716,0.136,0.0,0.13736469,9.43012,9.440121,3024000
hardzero_plus_depr__c0p58__z1p00__lam0p010__nu0p50__psi1p00,hardzero_plus_depr,0.01,40,945,0.0,1,0.43384728,0.43384728,1.017295,0.0,0.09609592,0.0,0.0,7.9470817e-07,-27.202726,2.2380936,0.7460312,0.14400001,0.0,0.13516544,9.440121,9.450121,3027200
hardzero_plus_depr__c0p58__z1p00__lam0p010__nu0p50__psi1p00,hardzero_plus_depr,0.01,40,946,0.0,1,0.43384728,0.43384728,1.0356818,0.0,0.092112415,0.0,0.0,7.868005e-07,-27.742346,2.2785456,0.7595152,0.17600001,0.0,0.16531333,9.450121,9.460121,3030400
hardzero_plus_depr__c0p58__z1p00__lam0p010__nu0p50__psi1p00,hardzero_plus_depr,0.01,40,947,0.0,1,0.43384728,0.43384737,0.99020195,0.10228172,0.10228172,1.0,7.967455e-08,7.789716e-07,-26.193798,2.1784878,0.7261626,0.2,0.0,0.13806506,9.460121,9.470121,3033600
hardzero_plus_depr__c0p58__z1p00__lam0p010__nu0p50__psi1p00,hardzero_plus_depr,0.01,40,948,0.0,1,0.43384737,0.43384737,1.0786533,0.0,0.08343468,0.0,0.0,7.7122047e-07,-27.73099,2.3730848,0.79102826,0.120000005,0.0,0.16218986,9.470121,9.480122,3036800
hardzero_plus_depr__c0p58__z1p00__lam0p010__nu0p50__psi1p00,hardzero_plus_depr,0.01,40,949,0.0,1,0.43384737,0.43384737,1.0171999,0.0,0.09611698,0.0,0.0,7.6354655e-07,-27.27658,2.2378843,0.7459614,0.14,0.0,0.11826292,9.480122,9.490122,3040000
hardzero_plus_depr__c0p58__z1p00__lam0p010__nu0p50__psi1p00,hardzero_plus_depr,0.01,40,950,0.0,1,0.43384737,0.43384746,0.9954465,0.10105398,0.10105398,1.0,7.639165e-08,7.559489e-07,-26.840567,2.190026,0.7300087,0.192,0.0,0.15974364,9.490122,9.500122,3043200
hardzero_plus_depr__c0p58__z1p00__lam0p010__nu0p50__psi1p00,hardzero_plus_depr,0.01,40,951,0.0,1,0.43384746,0.43384755,0.9764107,0.10558184,0.10558184,1.0,7.902029e-08,7.484269e-07,-25.984278,2.1481464,0.71604884,0.18400002,0.0,0.124719925,9.500122,9.510122,3046400
hardzero_plus_depr__c0p58__z1p00__lam0p010__nu0p50__psi1p00,hardzero_plus_depr,0.01,40,952,0.0,1,0.43384755,0.43384764,0.98403084,0.103745475,0.103745475,1.0,7.68733e-08,7.409798e-07,-26.709528,2.164911,0.721637,0.15200001,0.0,0.1525123,9.510122,9.520123,3049600
hardzero_plus_depr__c0p58__z1p00__lam0p010__nu0p50__psi1p00,hardzero_plus_depr,0.01,40,953,0.0,1,0.43384764,0.43384764,1.0547585,0.0,0.08815388,0.0,0.0,7.336068e-07,-27.894983,2.3205152,0.7735051,0.128,0.0,0.1471771,9.520123,9.530123,3052800
hardzero_plus_depr__c0p58__z1p00__lam0p010__nu0p50__psi1p00,hardzero_plus_depr,0.01,40,954,0.0,1,0.43384764,0.43384764,1.0319605,0.0,0.09290509,0.0,0.0,7.263071e-07,-28.368996,2.2703583,0.7567861,0.14400001,0.0,0.15261607,9.530123,9.540123,3056000
hardzero_plus_depr__c0p58__z1p00__lam0p010__nu0p50__psi1p00,hardzero_plus_depr,0.01,40,955,0.0,1,0.43384764,0.43384764,1.0300108,0.0,0.0933231,0.0,0.0,7.1908005e-07,-28.31215,2.2660692,0.75535643,0.18400002,0.0,0.16563083,9.540123,9.550123,3059200
hardzero_plus_depr__c0p58__z1p00__lam0p010__nu0p50__psi1p00,hardzero_plus_depr,0.01,40,956,0.0,1,0.43384764,0.43384764,1.0808722,0.0,0.0830095,0.0,0.0,7.119249e-07,-28.715763,2.3779664,0.79265547,0.128,0.0,0.16554897,9.550123,9.560123,3062400
hardzero_plus_depr__c0p58__z1p00__lam0p010__nu0p50__psi1p00,hardzero_plus_depr,0.01,40,957,0.0,1,0.43384764,0.43384764,1.0983896,0.0,0.079727896,0.0,0.0,7.0484094e-07,-28.54041,2.4165053,0.8055018,0.112,0.0,0.14437567,9.560123,9.570124,3065600
hardzero_plus_depr__c0p58__z1p00__lam0p010__nu0p50__psi1p00,hardzero_plus_depr,0.01,40,958,0.0,1,0.43384764,0.43384764,1.0465469,0.0,0.08983655,0.0,0.0,6.9782755e-07,-27.035782,2.3024492,0.7674831,0.128,0.0,0.14907768,9.570124,9.580124,3068800
hardzero_plus_depr__c0p58__z1p00__lam0p010__nu0p50__psi1p00,hardzero_plus_depr,0.01,40,959,0.0,1,0.43384764,0.43384764,1.0154344,0.0,0.09650852,0.0,0.0,6.908839e-07,-27.85218,2.2340002,0.74466676,0.14400001,0.0,0.14603491,9.580124,9.590124,3072000
hardzero_plus_depr__c0p58__z1p00__lam0p010__nu0p50__psi1p00,hardzero_plus_depr,0.01,40,960,0.0,1,0.43384764,0.43384764,1.031512,0.0,0.09300107,0.0,0.0,6.8400925e-07,-26.585485,2.2693717,0.75645727,0.17600001,0.0,0.14299591,9.590124,9.600124,3075200
hardzero_plus_depr__c0p58__z1p00__lam0p010__nu0p50__psi1p00,hardzero_plus_depr,0.01,40,961,0.0,1,0.43384764,0.43384764,1.0991917,0.0,0.07958079,0.0,0.0,6.772031e-07,-28.788134,2.4182699,0.80609,0.192,0.0,0.17443138,9.600124,9.610125,3078400
hardzero_plus_depr__c0p58__z1p00__lam0p010__nu0p50__psi1p00,hardzero_plus_depr,0.01,40,962,0.0,1,0.43384764,0.43384764,1.1069754,0.0,0.0781672,0.0,0.0,6.7046466e-07,-29.94496,2.4353945,0.8117982,0.089999996,0.0,0.15866162,9.610125,9.620125,3081600
hardzero_plus_depr__c0p58__z1p00__lam0p010__nu0p50__psi1p00,hardzero_plus_depr,0.01,40,963,0.0,1,0.43384764,0.43384764,1.0774425,0.0,0.08366763,0.0,0.0,6.637933e-07,-29.170197,2.370421,0.79014033,0.112,0.0,0.15242425,9.620125,9.630125,3084800
hardzero_plus_depr__c0p58__z1p00__lam0p010__nu0p50__psi1p00,hardzero_plus_depr,0.01,40,964,0.0,1,0.43384764,0.4338477,0.9943576,0.10130769,0.10130769,1.0,6.657824e-08,6.5718837e-07,-26.145912,2.1876304,0.72921014,0.112,0.0,0.12680268,9.630125,9.640125,3088000
hardzero_plus_depr__c0p58__z1p00__lam0p010__nu0p50__psi1p00,hardzero_plus_depr,0.01,40,965,0.0,1,0.4338477,0.4338477,1.0398105,0.0,0.091240875,0.0,0.0,6.50649e-07,-27.829695,2.287629,0.76254296,0.112,0.0,0.14808406,9.640125,9.6501255,3091200
hardzero_plus_depr__c0p58__z1p00__lam0p010__nu0p50__psi1p00,hardzero_plus_depr,0.01,40,966,0.0,1,0.4338477,0.4338477,1.06292,0.0,0.08651273,0.0,0.0,6.441748e-07,-27.482576,2.3384707,0.77949023,0.112,0.0,0.14768858,9.6501255,9.660126,3094400
hardzero_plus_depr__c0p58__z1p00__lam0p010__nu0p50__psi1p00,hardzero_plus_depr,0.01,40,967,0.0,1,0.4338477,0.4338477,1.0416931,0.0,0.09084623,0.0,0.0,6.37765e-07,-27.93886,2.2917705,0.7639235,0.216,0.0,0.18131104,9.660126,9.670126,3097600
hardzero_plus_depr__c0p58__z1p00__lam0p010__nu0p50__psi1p00,hardzero_plus_depr,0.01,40,968,0.0,1,0.4338477,0.43384776,0.9772017,0.10538973,0.10538973,1.0,6.654508e-08,6.31419e-07,-26.025667,2.1498866,0.7166289,0.16800001,0.0,0.14891325,9.670126,9.680126,3100800
hardzero_plus_depr__c0p58__z1p00__lam0p010__nu0p50__psi1p00,hardzero_plus_depr,0.01,40,969,0.0,1,0.43384776,0.43384776,1.0435054,0.0,0.090467915,0.0,0.0,6.251361e-07,-27.801867,2.2957578,0.7652526,0.16800001,0.0,0.16462532,9.680126,9.690126,3104000
hardzero_plus_depr__c0p58__z1p00__lam0p010__nu0p50__psi1p00,hardzero_plus_depr,0.01,40,970,0.0,1,0.43384776,0.43384776,1.0508015,0.0,0.08896075,0.0,0.0,6.189158e-07,-27.426609,2.3118095,0.7706032,0.14400001,0.0,0.14233752,9.690126,9.700127,3107200
hardzero_plus_depr__c0p58__z1p00__lam0p010__nu0p50__psi1p00,hardzero_plus_depr,0.01,40,971,0.0,1,0.43384776,0.43384776,1.0036424,0.0,0.09916479,0.0,0.0,6.1275733e-07,-26.841818,2.2080574,0.73601913,0.16800001,0.0,0.14149807,9.700127,9.710127,3110400
hardzero_plus_depr__c0p58__z1p00__lam0p010__nu0p50__psi1p00,hardzero_plus_depr,0.01,40,972,0.0,1,0.43384776,0.43384776,1.0798166,0.0,0.083211504,0.0,0.0,6.0666014e-07,-27.986338,2.375644,0.7918813,0.14400001,0.0,0.16459502,9.710127,9.720127,3113600
hardzero_plus_depr__c0p58__z1p00__lam0p010__nu0p50__psi1p00,hardzero_plus_depr,0.01,40,973,0.0,1,0.43384776,0.43384776,1.021798,0.0,0.09510469,0.0,0.0,6.0062365e-07,-27.695509,2.2480006,0.74933356,0.136,0.0,0.16315207,9.720127,9.730127,3116800
hardzero_plus_depr__c0p58__z1p00__lam0p010__nu0p50__psi1p00,hardzero_plus_depr,0.01,40,974,0.0,1,0.43384776,0.4338478,0.9993888,0.10014083,0.10014083,1.0,5.9548466e-08,5.946472e-07,-26.552774,2.1986992,0.7328998,0.17600001,0.0,0.17566821,9.730127,9.740128,3120000
hardzero_plus_depr__c0p58__z1p00__lam0p010__nu0p50__psi1p00,hardzero_plus_depr,0.01,40,975,0.0,1,0.4338478,0.4338478,1.0307939,0.0,0.093154974,0.0,0.0,5.8873024e-07,-26.837952,2.267792,0.75593066,0.17,0.0,0.1359146,9.740128,9.750128,3123200
hardzero_plus_depr__c0p58__z1p00__lam0p010__nu0p50__psi1p00,hardzero_plus_depr,0.01,40,976,0.0,1,0.4338478,0.4338478,1.0039179,0.0,0.09910192,0.0,0.0,5.8287213e-07,-26.883814,2.2086635,0.7362212,0.17600001,0.0,0.17341632,9.750128,9.760128,3126400
hardzero_plus_depr__c0p58__z1p00__lam0p010__nu0p50__psi1p00,hardzero_plus_depr,0.01,40,977,0.0,1,0.4338478,0.4338478,1.1060491,0.0,0.07833412,0.0,0.0,5.7707234e-07,-28.64675,2.4333565,0.81111884,0.096,0.0,0.15808365,9.760128,9.770128,3129600
hardzero_plus_depr__c0p58__z1p00__lam0p010__nu0p50__psi1p00,hardzero_plus_depr,0.01,40,978,0.0,1,0.4338478,0.4338478,1.0578004,0.0,0.0875386,0.0,0.0,5.7133025e-07,-27.54353,2.3272073,0.7757358,0.112,0.0,0.13615899,9.770128,9.7801285,3132800
hardzero_plus_depr__c0p58__z1p00__lam0p010__nu0p50__psi1p00,hardzero_plus_depr,0.01,40,979,0.0,1,0.4338478,0.4338478,1.0200872,0.0,0.095480084,0.0,0.0,5.656453e-07,-26.777681,2.2442367,0.74807894,0.136,0.0,0.13416824,9.7801285,9.790129,3136000
hardzero_plus_depr__c0p58__z1p00__lam0p010__nu0p50__psi1p00,hardzero_plus_depr,0.01,40,980,0.0,1,0.4338478,0.43384787,0.9950399,0.101148665,0.101148665,1.0,5.664496e-08,5.600169e-07,-26.821686,2.1891315,0.7297105,0.216,0.008,0.16315211,9.790129,9.800129,3139200
hardzero_plus_depr__c0p58__z1p00__lam0p010__nu0p50__psi1p00,hardzero_plus_depr,0.01,40,981,0.0,1,0.43384787,0.43384787,1.0523349,0.0,0.08864722,0.0,0.0,5.5444445e-07,-28.303349,2.315183,0.7717277,0.136,0.0,0.16024588,9.800129,9.810129,3142400
hardzero_plus_depr__c0p58__z1p00__lam0p010__nu0p50__psi1p00,hardzero_plus_depr,0.01,40,982,0.0,1,0.43384787,0.43384787,1.0231255,0.0,0.09481444,0.0,0.0,5.489276e-07,-27.321182,2.250921,0.750307,0.14400001,0.0,0.15673465,9.810129,9.820129,3145600
hardzero_plus_depr__c0p58__z1p00__lam0p010__nu0p50__psi1p00,hardzero_plus_depr,0.01,40,983,0.0,1,0.43384787,0.43384787,1.0316831,0.0,0.092964455,0.0,0.0,5.4346555e-07,-27.408997,2.2697482,0.75658274,0.14400001,0.0,0.17808162,9.820129,9.83013,3148800
hardzero_plus_depr__c0p58__z1p00__lam0p010__nu0p50__psi1p00,hardzero_plus_depr,0.01,40,984,0.0,1,0.43384787,0.43384787,1.0272783,0.0,0.093912125,0.0,0.0,5.380578e-07,-27.67781,2.2600574,0.7533525,0.128,0.0,0.15156119,9.83013,9.84013,3152000
hardzero_plus_depr__c0p58__z1p00__lam0p010__nu0p50__psi1p00,hardzero_plus_depr,0.01,40,985,0.0,1,0.43384787,0.43384787,1.0032377,0.0,0.09925725,0.0,0.0,5.327039e-07,-27.089752,2.2071671,0.7357224,0.192,0.0,0.1450975,9.84013,9.85013,3155200
hardzero_plus_depr__c0p58__z1p00__lam0p010__nu0p50__psi1p00,hardzero_plus_depr,0.01,40,986,0.0,1,0.43384787,0.43384787,1.0731311,0.0,0.08450238,0.0,0.0,5.274033e-07,-28.236153,2.3609354,0.7869785,0.15200001,0.0,0.16927719,9.85013,9.86013,3158400
hardzero_plus_depr__c0p58__z1p00__lam0p010__nu0p50__psi1p00,hardzero_plus_depr,0.01,40,987,0.0,1,0.43384787,0.43384787,1.0010422,0.0,0.09976029,0.0,0.0,5.2215546e-07,-27.23834,2.2023368,0.73411226,0.18400002,0.0,0.16069175,9.86013,9.870131,3161600
hardzero_plus_depr__c0p58__z1p00__lam0p010__nu0p50__psi1p00,hardzero_plus_depr,0.01,40,988,0.0,1,0.43384787,0.43384787,1.0347731,0.0,0.09230534,0.0,0.0,5.169598e-07,-28.038715,2.2765462,0.7588488,0.19,0.0,0.13787222,9.870131,9.880131,3164800
hardzero_plus_depr__c0p58__z1p00__lam0p010__nu0p50__psi1p00,hardzero_plus_depr,0.01,40,989,0.0,1,0.43384787,0.43384793,0.98779786,0.10284948,0.10284948,1.0,5.2639994e-08,5.118158e-07,-27.227427,2.1731987,0.72439957,0.17600001,0.0,0.13353673,9.880131,9.890131,3168000
hardzero_plus_depr__c0p58__z1p00__lam0p010__nu0p50__psi1p00,hardzero_plus_depr,0.01,40,990,0.0,1,0.43384793,0.43384793,1.0458015,0.0,0.089990884,0.0,0.0,5.067231e-07,-28.16888,2.3008094,0.7669365,0.2,0.0,0.16911666,9.890131,9.900131,3171200
hardzero_plus_depr__c0p58__z1p00__lam0p010__nu0p50__psi1p00,hardzero_plus_depr,0.01,40,991,0.0,1,0.43384793,0.433848,0.97758216,0.10529745,0.10529745,1.0,5.282573e-08,5.01681e-07,-26.677807,2.1507237,0.7169079,0.15200001,0.0,0.14578608,9.900131,9.910131,3174400
hardzero_plus_depr__c0p58__z1p00__lam0p010__nu0p50__psi1p00,hardzero_plus_depr,0.01,40,992,0.0,1,0.433848,0.433848,1.0246906,0.0,0.094473355,0.0,0.0,4.966891e-07,-27.355377,2.2543645,0.75145483,0.136,0.0,0.14290604,9.910131,9.920132,3177600
hardzero_plus_depr__c0p58__z1p00__lam0p010__nu0p50__psi1p00,hardzero_plus_depr,0.01,40,993,0.0,1,0.433848,0.433848,1.0309104,0.0,0.09313001,0.0,0.0,4.9174685e-07,-26.492823,2.268048,0.756016,0.16000001,0.0,0.14330724,9.920132,9.930132,3180800
hardzero_plus_depr__c0p58__z1p00__lam0p010__nu0p50__psi1p00,hardzero_plus_depr,0.01,40,994,0.0,1,0.433848,0.433848,1.0308237,0.0,0.093148604,0.0,0.0,4.8685376e-07,-27.153091,2.2678576,0.75595254,0.136,0.0,0.13536954,9.930132,9.940132,3184000
hardzero_plus_depr__c0p58__z1p00__lam0p010__nu0p50__psi1p00,hardzero_plus_depr,0.01,40,995,0.0,1,0.433848,0.433848,1.0341333,0.0,0.092441425,0.0,0.0,4.8200934e-07,-26.854464,2.2751386,0.7583796,0.14400001,0.0,0.1379284,9.940132,9.950132,3187200
hardzero_plus_depr__c0p58__z1p00__lam0p010__nu0p50__psi1p00,hardzero_plus_depr,0.01,40,996,0.0,1,0.433848,0.433848,1.0524138,0.0,0.08863111,0.0,0.0,4.772131e-07,-27.93035,2.3153567,0.7717856,0.16800001,0.0,0.16399243,9.950132,9.960133,3190400
hardzero_plus_depr__c0p58__z1p00__lam0p010__nu0p50__psi1p00,hardzero_plus_depr,0.01,40,997,0.0,1,0.433848,0.433848,1.0613856,0.0,0.0868189,0.0,0.0,4.7246473e-07,-27.708864,2.335095,0.778365,0.18400002,0.0,0.13368113,9.960133,9.970133,3193600
hardzero_plus_depr__c0p58__z1p00__lam0p010__nu0p50__psi1p00,hardzero_plus_depr,0.01,40,998,0.0,1,0.433848,0.43384805,0.99052155,0.10220647,0.10220647,1.0,4.780846e-08,4.6776353e-07,-27.13567,2.1791909,0.726397,0.192,0.0,0.16221912,9.970133,9.980133,3196800
hardzero_plus_depr__c0p58__z1p00__lam0p010__nu0p50__psi1p00,hardzero_plus_depr,0.01,40,999,0.0,1,0.43384805,0.43384805,1.0396258,0.0,0.09127971,0.0,0.0,4.6310905e-07,-27.844093,2.2872224,0.7624075,0.16000001,0.0,0.15377188,9.980133,9.990133,3200000
hardzero_plus_depr__c0p58__z1p00__lam0p010__nu0p50__psi1p00,hardzero_plus_depr,0.01,40,1000,0.0,1,0.43384805,0.4338481,0.9988867,0.100256674,0.100256674,1.0,4.5967777e-08,4.5850092e-07,-26.555904,2.1975946,0.73253155,0.104,0.0,0.15132177,9.990133,10.0001335,3203200
hardzero_plus_depr__c0p58__z1p00__lam0p010__nu0p50__psi1p00,hardzero_plus_depr,0.01,40,1001,0.0,1,0.4338481,0.4338481,1.0173117,0.0,0.09609224,0.0,0.0,4.5393867e-07,-26.92521,2.2381303,0.74604344,0.13,0.0,0.15241738,10.0001335,10.010134,3206400
hardzero_plus_depr__c0p58__z1p00__lam0p010__nu0p50__psi1p00,hardzero_plus_depr,0.01,40,1002,0.0,1,0.4338481,0.4338481,1.0272222,0.0,0.09392426,0.0,0.0,4.4942186e-07,-27.084486,2.259934,0.75331134,0.104,0.0,0.14402027,10.010134,10.020134,3209600
hardzero_plus_depr__c0p58__z1p00__lam0p010__nu0p50__psi1p00,hardzero_plus_depr,0.01,40,1003,0.0,1,0.4338481,0.4338481,1.0444129,0.0,0.09027908,0.0,0.0,4.449499e-07,-27.147142,2.297754,0.765918,0.128,0.0,0.16483252,10.020134,10.030134,3212800
hardzero_plus_depr__c0p58__z1p00__lam0p010__nu0p50__psi1p00,hardzero_plus_depr,0.01,40,1004,0.0,1,0.4338481,0.4338481,1.0675299,0.0,0.08559926,0.0,0.0,4.4052248e-07,-27.376295,2.3486128,0.78287095,0.18400002,0.0,0.1387342,10.030134,10.040134,3216000
hardzero_plus_depr__c0p58__z1p00__lam0p010__nu0p50__psi1p00,hardzero_plus_depr,0.01,40,1005,0.0,1,0.4338481,0.4338481,1.0139321,0.0,0.096842915,0.0,0.0,4.361391e-07,-27.515205,2.2306952,0.7435651,0.15200001,0.0,0.15993182,10.040134,10.050135,3219200
hardzero_plus_depr__c0p58__z1p00__lam0p010__nu0p50__psi1p00,hardzero_plus_depr,0.01,40,1006,0.0,1,0.4338481,0.4338481,1.035635,0.0,0.09212234,0.0,0.0,4.3179932e-07,-27.190845,2.2784424,0.75948083,0.136,0.0,0.16173238,10.050135,10.060135,3222400
hardzero_plus_depr__c0p58__z1p00__lam0p010__nu0p50__psi1p00,hardzero_plus_depr,0.01,40,1007,0.0,1,0.4338481,0.4338481,1.0027158,0.0,0.099376604,0.0,0.0,4.2750273e-07,-27.151558,2.206019,0.73533964,0.2,0.0,0.16475649,10.060135,10.070135,3225600
hardzero_plus_depr__c0p58__z1p00__lam0p010__nu0p50__psi1p00,hardzero_plus_depr,0.01,40,1008,0.0,1,0.4338481,0.4338481,1.017812,0.0,0.09598159,0.0,0.0,4.2324893e-07,-26.768822,2.239231,0.74641037,0.112,0.0,0.13248467,10.070135,10.080135,3228800
hardzero_plus_depr__c0p58__z1p00__lam0p010__nu0p50__psi1p00,hardzero_plus_depr,0.01,40,1009,0.0,1,0.4338481,0.4338481,1.0072379,0.0,0.09834722,0.0,0.0,4.1903746e-07,-26.934269,2.2159677,0.7386559,0.128,0.0,0.1361119,10.080135,10.090136,3232000
hardzero_plus_depr__c0p58__z1p00__lam0p010__nu0p50__psi1p00,hardzero_plus_depr,0.01,40,1010,0.0,1,0.4338481,0.43384817,0.9540098,0.11117067,0.11117067,1.0,4.6121137e-08,4.1486786e-07,-26.04994,2.0988634,0.69962114,0.216,0.0,0.14274862,10.090136,10.100136,3235200
hardzero_plus_depr__c0p58__z1p00__lam0p010__nu0p50__psi1p00,hardzero_plus_depr,0.01,40,1011,0.0,1,0.43384817,0.43384817,1.038649,0.0,0.09148523,0.0,0.0,4.1073977e-07,-27.761307,2.2850733,0.7616911,0.2,0.0,0.17853725,10.100136,10.110136,3238400
hardzero_plus_depr__c0p58__z1p00__lam0p010__nu0p50__psi1p00,hardzero_plus_depr,0.01,40,1012,0.0,1,0.43384817,0.43384817,1.0868251,0.0,0.08187943,0.0,0.0,4.066527e-07,-28.180716,2.391063,0.79702103,0.15200001,0.0,0.16665588,10.110136,10.120136,3241600
hardzero_plus_depr__c0p58__z1p00__lam0p010__nu0p50__psi1p00,hardzero_plus_depr,0.01,40,1013,0.0,1,0.43384817,0.43384817,1.0248264,0.0,0.09444383,0.0,0.0,4.0260636e-07,-27.618654,2.2546632,0.7515544,0.2,0.0,0.13172811,10.120136,10.1301365,3244800
hardzero_plus_depr__c0p58__z1p00__lam0p010__nu0p50__psi1p00,hardzero_plus_depr,0.01,40,1014,0.0,1,0.43384817,0.43384817,1.032329,0.0,0.09282629,0.0,0.0,3.986003e-07,-26.43493,2.2711692,0.7570564,0.13,0.0,0.13210617,10.1301365,10.140137,3248000
hardzero_plus_depr__c0p58__z1p00__lam0p010__nu0p50__psi1p00,hardzero_plus_depr,0.01,40,1015,0.0,1,0.43384817,0.4338482,0.9785798,0.10505584,0.10505584,1.0,4.1458613e-08,3.9463407e-07,-25.501692,2.1529186,0.71763957,0.208,0.0,0.13394034,10.140137,10.150137,3251200
hardzero_plus_depr__c0p58__z1p00__lam0p010__nu0p50__psi1p00,hardzero_plus_depr,0.01,40,1016,0.0,1,0.4338482,0.43384823,0.98459303,0.103611276,0.103611276,1.0,4.048168e-08,3.907073e-07,-27.74904,2.166148,0.72204936,0.224,0.0,0.13560666,10.150137,10.160137,3254400
hardzero_plus_depr__c0p58__z1p00__lam0p010__nu0p50__psi1p00,hardzero_plus_depr,0.01,40,1017,0.0,1,0.43384823,0.43384823,1.0260862,0.0,0.09417026,0.0,0.0,3.868196e-07,-26.540047,2.2574348,0.7524783,0.136,0.0,0.13876371,10.160137,10.170137,3257600
hardzero_plus_depr__c0p58__z1p00__lam0p010__nu0p50__psi1p00,hardzero_plus_depr,0.01,40,1018,0.0,1,0.43384823,0.43384823,1.0703919,0.0,0.08503702,0.0,0.0,3.829706e-07,-28.170734,2.3549092,0.78496975,0.18400002,0.0,0.17272067,10.170137,10.180138,3260800
hardzero_plus_depr__c0p58__z1p00__lam0p010__nu0p50__psi1p00,hardzero_plus_depr,0.01,40,1019,0.0,1,0.43384823,0.43384823,1.0169654,0.0,0.0961689,0.0,0.0,3.791599e-07,-27.117874,2.2373686,0.7457895,0.104,0.0,0.12991536,10.180138,10.190138,3264000
hardzero_plus_depr__c0p58__z1p00__lam0p010__nu0p50__psi1p00,hardzero_plus_depr,0.01,40,1020,0.0,1,0.43384823,0.43384823,1.0438626,0.0,0.09039356,0.0,0.0,3.753871e-07,-27.75304,2.2965436,0.76551455,0.128,0.0,0.16328214,10.190138,10.200138,3267200
hardzero_plus_depr__c0p58__z1p00__lam0p010__nu0p50__psi1p00,hardzero_plus_depr,0.01,40,1021,0.0,1,0.43384823,0.43384823,1.0650219,0.0,0.08609504,0.0,0.0,3.7165182e-07,-28.410233,2.3430948,0.7810316,0.08800001,0.0,0.13885364,10.200138,10.210138,3270400
hardzero_plus_depr__c0p58__z1p00__lam0p010__nu0p50__psi1p00,hardzero_plus_depr,0.01,40,1022,0.0,1,0.43384823,0.43384823,1.0418751,0.0,0.09080816,0.0,0.0,3.6795376e-07,-27.967722,2.292171,0.76405704,0.18400002,0.0,0.17449842,10.210138,10.220139,3273600
hardzero_plus_depr__c0p58__z1p00__lam0p010__nu0p50__psi1p00,hardzero_plus_depr,0.01,40,1023,0.0,1,0.43384823,0.43384823,1.0210477,0.0,0.09526916,0.0,0.0,3.6429245e-07,-26.620972,2.2463498,0.7487833,0.17600001,0.0,0.14602262,10.220139,10.230139,3276800
hardzero_plus_depr__c0p58__z1p00__lam0p010__nu0p50__psi1p00,hardzero_plus_depr,0.01,40,1024,0.0,1,0.43384823,0.43384826,0.94982594,0.11224681,0.11224681,1.0,4.0483794e-08,3.6066766e-07,-26.197403,2.0896587,0.69655293,0.16800001,0.0,0.12936178,10.230139,10.240139,3280000
hardzero_plus_depr__c0p58__z1p00__lam0p010__nu0p50__psi1p00,hardzero_plus_depr,0.01,40,1025,0.0,1,0.43384826,0.43384826,1.0165097,0.0,0.09626986,0.0,0.0,3.5707885e-07,-27.295689,2.2363658,0.74545527,0.16000001,0.0,0.1956937,10.240139,10.250139,3283200
hardzero_plus_depr__c0p58__z1p00__lam0p010__nu0p50__psi1p00,hardzero_plus_depr,0.01,40,1026,0.0,1,0.43384826,0.43384826,1.0149266,0.0,0.09662142,0.0,0.0,3.535258e-07,-26.885107,2.232883,0.74429435,0.18400002,0.0,0.15518443,10.250139,10.260139,3286400
hardzero_plus_depr__c0p58__z1p00__lam0p010__nu0p50__psi1p00,hardzero_plus_depr,0.01,40,1027,0.0,1,0.43384826,0.43384826,1.0388142,0.0,0.091450445,0.0,0.0,3.5000804e-07,-27.886147,2.2854369,0.7618123,0.22,0.0,0.12733597,10.260139,10.27014,3289600
hardzero_plus_depr__c0p58__z1p00__lam0p010__nu0p50__psi1p00,hardzero_plus_depr,0.01,40,1028,0.0,1,0.43384826,0.43384826,1.0439045,0.0,0.0903848,0.0,0.0,3.4652533e-07,-26.954098,2.2966359,0.7655453,0.128,0.0,0.14661328,10.27014,10.28014,3292800
hardzero_plus_depr__c0p58__z1p00__lam0p010__nu0p50__psi1p00,hardzero_plus_depr,0.01,40,1029,0.0,1,0.43384826,0.43384826,1.105514,0.0,0.07843068,0.0,0.0,3.430773e-07,-29.279556,2.4321795,0.8107265,0.112,0.0,0.1702241,10.28014,10.29014,3296000
hardzero_plus_depr__c0p58__z1p00__lam0p010__nu0p50__psi1p00,hardzero_plus_depr,0.01,40,1030,0.0,1,0.43384826,0.43384826,1.0424476,0.0,0.090688534,0.0,0.0,3.3966353e-07,-27.576431,2.2934303,0.7644768,0.14400001,0.0,0.13423488,10.29014,10.30014,3299200
hardzero_plus_depr__c0p58__z1p00__lam0p010__nu0p50__psi1p00,hardzero_plus_depr,0.01,40,1031,0.0,1,0.43384826,0.43384826,1.0233532,0.0,0.09476475,0.0,0.0,3.3628373e-07,-27.82433,2.251422,0.750474,0.18400002,0.0,0.18010767,10.30014,10.310141,3302400
hardzero_plus_depr__c0p58__z1p00__lam0p010__nu0p50__psi1p00,hardzero_plus_depr,0.01,40,1032,0.0,1,0.43384826,0.43384826,1.0533955,0.0,0.08843099,0.0,0.0,3.329376e-07,-27.826002,2.3175163,0.77250546,0.136,0.0,0.13194665,10.310141,10.320141,3305600
hardzero_plus_depr__c0p58__z1p00__lam0p010__nu0p50__psi1p00,hardzero_plus_depr,0.01,40,1033,0.0,1,0.43384826,0.43384826,1.0189313,0.0,0.09573456,0.0,0.0,3.296247e-07,-27.210245,2.2416935,0.7472312,0.16800001,0.0,0.16042428,10.320141,10.330141,3308800
hardzero_plus_depr__c0p58__z1p00__lam0p010__nu0p50__psi1p00,hardzero_plus_depr,0.01,40,1034,0.0,1,0.43384826,0.43384826,1.0457633,0.0,0.089998804,0.0,0.0,3.2634483e-07,-28.075956,2.3007252,0.7669084,0.192,0.0,0.17514181,10.330141,10.340141,3312000
hardzero_plus_depr__c0p58__z1p00__lam0p010__nu0p50__psi1p00,hardzero_plus_depr,0.01,40,1035,0.0,1,0.43384826,0.43384826,1.002539,0.0,0.099417076,0.0,0.0,3.230976e-07,-26.866905,2.2056298,0.73520994,0.208,0.0,0.21199593,10.340141,10.350142,3315200
hardzero_plus_depr__c0p58__z1p00__lam0p010__nu0p50__psi1p00,hardzero_plus_depr,0.01,40,1036,0.0,1,0.43384826,0.43384826,1.0401689,0.0,0.09116562,0.0,0.0,3.1988264e-07,-28.51402,2.2884173,0.7628058,0.14400001,0.0,0.16781014,10.350142,10.360142,3318400
hardzero_plus_depr__c0p58__z1p00__lam0p010__nu0p50__psi1p00,hardzero_plus_depr,0.01,40,1037,0.0,1,0.43384826,0.43384826,1.0096437,0.0,0.09780393,0.0,0.0,3.1669964e-07,-26.952204,2.2212605,0.7404202,0.15200001,0.0,0.14147182,10.360142,10.370142,3321600
hardzero_plus_depr__c0p58__z1p00__lam0p010__nu0p50__psi1p00,hardzero_plus_depr,0.01,40,1038,0.0,1,0.43384826,0.43384826,1.0426198,0.0,0.09065258,0.0,0.0,3.1354836e-07,-27.638014,2.2938094,0.76460314,0.15200001,0.0,0.14550069,10.370142,10.380142,3324800
hardzero_plus_depr__c0p58__z1p00__lam0p010__nu0p50__psi1p00,hardzero_plus_depr,0.01,40,1039,0.0,1,0.43384826,0.43384826,1.0319443,0.0,0.09290855,0.0,0.0,3.1042845e-07,-26.883684,2.2703228,0.7567743,0.15200001,0.0,0.15021433,10.380142,10.390142,3328000
hardzero_plus_depr__c0p58__z1p00__lam0p010__nu0p50__psi1p00,hardzero_plus_depr,0.01,40,1040,0.0,1,0.43384826,0.43384826,1.0386834,0.0,0.09147799,0.0,0.0,3.0733958e-07,-26.597036,2.285149,0.76171637,0.14,0.0,0.15361533,10.390142,10.400143,3331200
hardzero_plus_depr__c0p58__z1p00__lam0p010__nu0p50__psi1p00,hardzero_plus_depr,0.01,40,1041,0.0,1,0.43384826,0.43384826,1.0205306,0.0,0.09538265,0.0,0.0,3.042814e-07,-26.592007,2.245212,0.748404,0.128,0.0,0.13477615,10.400143,10.410143,3334400
hardzero_plus_depr__c0p58__z1p00__lam0p010__nu0p50__psi1p00,hardzero_plus_depr,0.01,40,1042,0.0,1,0.43384826,0.43384826,1.0299394,0.0,0.09333845,0.0,0.0,3.012537e-07,-26.962181,2.265912,0.75530404,0.17600001,0.0,0.14009961,10.410143,10.420143,3337600
hardzero_plus_depr__c0p58__z1p00__lam0p010__nu0p50__psi1p00,hardzero_plus_depr,0.01,40,1043,0.0,1,0.43384826,0.43384826,1.0683861,0.0,0.08543069,0.0,0.0,2.982561e-07,-27.240213,2.3504963,0.78349876,0.15200001,0.0,0.13941355,10.420143,10.430143,3340800
hardzero_plus_depr__c0p58__z1p00__lam0p010__nu0p50__psi1p00,hardzero_plus_depr,0.01,40,1044,0.0,1,0.43384826,0.43384826,1.0226511,0.0,0.09491807,0.0,0.0,2.9528832e-07,-26.81251,2.2498772,0.7499591,0.14400001,0.0,0.13414294,10.430143,10.440144,3344000
hardzero_plus_depr__c0p58__z1p00__lam0p010__nu0p50__psi1p00,hardzero_plus_depr,0.01,40,1045,0.0,1,0.43384826,0.43384826,1.0159174,0.0,0.09640124,0.0,0.0,2.923501e-07,-27.032219,2.235063,0.74502105,0.16800001,0.0,0.16643625,10.440144,10.450144,3347200
hardzero_plus_depr__c0p58__z1p00__lam0p010__nu0p50__psi1p00,hardzero_plus_depr,0.01,40,1046,0.0,1,0.43384826,0.43384826,1.0592879,0.0,0.08723929,0.0,0.0,2.894411e-07,-27.992952,2.3304799,0.7768266,0.16800001,0.0,0.16454224,10.450144,10.460144,3350400
hardzero_plus_depr__c0p58__z1p00__lam0p010__nu0p50__psi1p00,hardzero_plus_depr,0.01,40,1047,0.0,1,0.43384826,0.43384826,1.0515877,0.0,0.08879986,0.0,0.0,2.8656106e-07,-27.908354,2.313539,0.7711797,0.16000001,0.0,0.15600003,10.460144,10.470144,3353600
hardzero_plus_depr__c0p58__z1p00__lam0p010__nu0p50__psi1p00,hardzero_plus_depr,0.01,40,1048,0.0,1,0.43384826,0.43384826,1.0458893,0.0,0.08997269,0.0,0.0,2.8370965e-07,-27.24221,2.3010023,0.7670008,0.128,0.0,0.1466555,10.470144,10.4801445,3356800
hardzero_plus_depr__c0p58__z1p00__lam0p010__nu0p50__psi1p00,hardzero_plus_depr,0.01,40,1049,0.0,1,0.43384826,0.4338483,0.9783047,0.10512242,0.10512242,1.0,2.9527483e-08,2.8088664e-07,-26.54074,2.1523132,0.71743774,0.17600001,0.0,0.13885422,10.4801445,10.490145,3360000
hardzero_plus_depr__c0p58__z1p00__lam0p010__nu0p50__psi1p00,hardzero_plus_depr,0.01,40,1050,0.0,1,0.4338483,0.4338483,1.0205336,0.0,0.095382,0.0,0.0,2.780917e-07,-27.268118,2.2452188,0.7484063,0.16000001,0.0,0.17141716,10.490145,10.500145,3363200
hardzero_plus_depr__c0p58__z1p00__lam0p010__nu0p50__psi1p00,hardzero_plus_depr,0.01,40,1051,0.0,1,0.4338483,0.43384832,0.9934839,0.1015117,0.1015117,1.0,2.7948666e-08,2.7532457e-07,-26.901384,2.1857083,0.72856945,0.14400001,0.0,0.12518983,10.500145,10.510145,3366400
hardzero_plus_depr__c0p58__z1p00__lam0p010__nu0p50__psi1p00,hardzero_plus_depr,0.01,40,1052,0.0,1,0.43384832,0.43384832,1.0797487,0.0,0.083224505,0.0,0.0,2.7258503e-07,-27.853333,2.3754947,0.7918316,0.15200001,0.0,0.15407063,10.510145,10.520145,3369600
hardzero_plus_depr__c0p58__z1p00__lam0p010__nu0p50__psi1p00,hardzero_plus_depr,0.01,40,1053,0.0,1,0.43384832,0.43384832,1.0753652,0.0,0.08406878,0.0,0.0,2.6987266e-07,-27.459625,2.3658507,0.7886169,0.17,0.0,0.17332187,10.520145,10.530146,3372800
hardzero_plus_depr__c0p58__z1p00__lam0p010__nu0p50__psi1p00,hardzero_plus_depr,0.01,40,1054,0.0,1,0.43384832,0.43384832,1.0580229,0.0,0.08749376,0.0,0.0,2.6718732e-07,-27.320316,2.3276968,0.77589893,0.15200001,0.0,0.14286011,10.530146,10.540146,3376000
hardzero_plus_depr__c0p58__z1p00__lam0p010__nu0p50__psi1p00,hardzero_plus_depr,0.01,40,1055,0.0,1,0.43384832,0.43384832,1.0205005,0.0,0.09538925,0.0,0.0,2.6452872e-07,-26.560305,2.245146,0.74838203,0.208,0.0,0.14874053,10.540146,10.550146,3379200
hardzero_plus_depr__c0p58__z1p00__lam0p010__nu0p50__psi1p00,hardzero_plus_depr,0.01,40,1056,0.0,1,0.43384832,0.43384832,1.0617193,0.0,0.086752236,0.0,0.0,2.6189653e-07,-28.215868,2.335829,0.7786097,0.128,0.0,0.13718674,10.550146,10.560146,3382400
hardzero_plus_depr__c0p58__z1p00__lam0p010__nu0p50__psi1p00,hardzero_plus_depr,0.01,40,1057,0.0,1,0.43384832,0.43384835,0.99571645,0.10099119,0.10099119,1.0,2.6186063e-08,2.5929057e-07,-26.459946,2.19062,0.73020667,0.18400002,0.0,0.13304988,10.560146,10.570147,3385600
hardzero_plus_depr__c0p58__z1p00__lam0p010__nu0p50__psi1p00,hardzero_plus_depr,0.01,40,1058,0.0,1,0.43384835,0.43384835,1.0679408,0.0,0.085518315,0.0,0.0,2.5671054e-07,-28.355627,2.3495169,0.7831723,0.17600001,0.0,0.16049308,10.570147,10.580147,3388800
hardzero_plus_depr__c0p58__z1p00__lam0p010__nu0p50__psi1p00,hardzero_plus_depr,0.01,40,1059,0.0,1,0.43384835,0.43384838,0.9815617,0.10433698,0.10433698,1.0,2.6517883e-08,2.5415613e-07,-27.396358,2.159479,0.71982634,0.120000005,0.0,0.13512002,10.580147,10.590147,3392000
hardzero_plus_depr__c0p58__z1p00__lam0p010__nu0p50__psi1p00,hardzero_plus_depr,0.01,40,1060,0.0,1,0.43384838,0.4338484,0.98873484,0.102627836,0.102627836,1.0,2.5823955e-08,2.516272e-07,-27.076271,2.17526,0.7250867,0.16000001,0.0,0.14183544,10.590147,10.600147,3395200
hardzero_plus_depr__c0p58__z1p00__lam0p010__nu0p50__psi1p00,hardzero_plus_depr,0.01,40,1061,0.0,1,0.4338484,0.4338484,1.0503417,0.0,0.089055,0.0,0.0,2.491234e-07,-27.091923,2.310798,0.770266,0.104,0.0,0.16406387,10.600147,10.610147,3398400
hardzero_plus_depr__c0p58__z1p00__lam0p010__nu0p50__psi1p00,hardzero_plus_depr,0.01,40,1062,0.0,1,0.4338484,0.4338484,1.0557739,0.0,0.08794805,0.0,0.0,2.4664456e-07,-27.856632,2.322749,0.7742497,0.15200001,0.0,0.12457459,10.610147,10.620148,3401600
hardzero_plus_depr__c0p58__z1p00__lam0p010__nu0p50__psi1p00,hardzero_plus_depr,0.01,40,1063,0.0,1,0.4338484,0.4338484,1.0471218,0.0,0.089717716,0.0,0.0,2.4419035e-07,-28.211403,2.3037138,0.76790464,0.136,0.0,0.15120117,10.620148,10.630148,3404800
hardzero_plus_depr__c0p58__z1p00__lam0p010__nu0p50__psi1p00,hardzero_plus_depr,0.01,40,1064,0.0,1,0.4338484,0.4338484,1.0513232,0.0,0.08885396,0.0,0.0,2.4176052e-07,-27.308104,2.3129573,0.7709858,0.192,0.0,0.14485487,10.630148,10.640148,3408000
hardzero_plus_depr__c0p58__z1p00__lam0p010__nu0p50__psi1p00,hardzero_plus_depr,0.01,40,1065,0.0,1,0.4338484,0.4338484,1.0235022,0.0,0.09473224,0.0,0.0,2.393549e-07,-27.536295,2.25175,0.75058335,0.14400001,0.0,0.12973766,10.640148,10.650148,3411200
hardzero_plus_depr__c0p58__z1p00__lam0p010__nu0p50__psi1p00,hardzero_plus_depr,0.01,40,1066,0.0,1,0.4338484,0.4338484,1.0105652,0.0,0.097596616,0.0,0.0,2.3697324e-07,-27.618916,2.2232878,0.74109596,0.22999999,0.0,0.13822336,10.650148,10.660149,3414400
hardzero_plus_depr__c0p58__z1p00__lam0p010__nu0p50__psi1p00,hardzero_plus_depr,0.01,40,1067,0.0,1,0.4338484,0.4338484,1.0191678,0.0,0.09568244,0.0,0.0,2.3461529e-07,-26.654566,2.242214,0.7474047,0.15200001,0.0,0.14036141,10.660149,10.670149,3417600
hardzero_plus_depr__c0p58__z1p00__lam0p010__nu0p50__psi1p00,hardzero_plus_depr,0.01,40,1068,0.0,1,0.4338484,0.4338484,1.0897391,0.0,0.081331894,0.0,0.0,2.3228075e-07,-27.977953,2.3974738,0.799158,0.120000005,0.0,0.16419822,10.670149,10.680149,3420800
hardzero_plus_depr__c0p58__z1p00__lam0p010__nu0p50__psi1p00,hardzero_plus_depr,0.01,40,1069,0.0,1,0.4338484,0.4338484,1.0891098,0.0,0.081449844,0.0,0.0,2.2996947e-07,-28.570692,2.3960893,0.79869646,0.080000006,0.0,0.16016838,10.680149,10.690149,3424000
hardzero_plus_depr__c0p58__z1p00__lam0p010__nu0p50__psi1p00,hardzero_plus_depr,0.01,40,1070,0.0,1,0.4338484,0.4338484,1.0278157,0.0,0.093795985,0.0,0.0,2.2768118e-07,-27.603994,2.2612398,0.7537466,0.16000001,0.0,0.13823143,10.690149,10.70015,3427200
hardzero_plus_depr__c0p58__z1p00__lam0p010__nu0p50__psi1p00,hardzero_plus_depr,0.01,40,1071,0.0,1,0.4338484,0.4338484,1.0082834,0.0,0.09811074,0.0,0.0,2.2541566e-07,-27.383799,2.2182677,0.73942256,0.136,0.0,0.15884021,10.70015,10.71015,3430400
hardzero_plus_depr__c0p58__z1p00__lam0p010__nu0p50__psi1p00,hardzero_plus_depr,0.01,40,1072,0.0,1,0.4338484,0.4338484,1.0222491,0.0,0.095005974,0.0,0.0,2.2317269e-07,-26.871822,2.248993,0.7496643,0.16000001,0.0,0.12398841,10.71015,10.72015,3433600
hardzero_plus_depr__c0p58__z1p00__lam0p010__nu0p50__psi1p00,hardzero_plus_depr,0.01,40,1073,0.0,1,0.4338484,0.4338484,1.0287715,0.0,0.09358978,0.0,0.0,2.2095203e-07,-27.714752,2.2633426,0.7544476,0.16000001,0.0,0.1642192,10.72015,10.73015,3436800
hardzero_plus_depr__c0p58__z1p00__lam0p010__nu0p50__psi1p00,hardzero_plus_depr,0.01,40,1074,0.0,1,0.4338484,0.43384844,0.9592685,0.109832644,0.109832644,1.0,2.4026274e-08,2.1875348e-07,-25.940563,2.1104329,0.7034776,0.16800001,0.0,0.11962392,10.73015,10.74015,3440000
hardzero_plus_depr__c0p58__z1p00__lam0p010__nu0p50__psi1p00,hardzero_plus_depr,0.01,40,1075,0.0,1,0.43384844,0.43384844,1.02997,0.0,0.093331866,0.0,0.0,2.1657678e-07,-27.124817,2.2659793,0.75532645,0.16800001,0.0,0.15258637,10.74015,10.750151,3443200
hardzero_plus_depr__c0p58__z1p00__lam0p010__nu0p50__psi1p00,hardzero_plus_depr,0.01,40,1076,0.0,1,0.43384844,0.43384844,1.0048501,0.0,0.09888943,0.0,0.0,2.1442177e-07,-26.469936,2.2107146,0.73690486,0.16800001,0.0,0.141925,10.750151,10.760151,3446400
hardzero_plus_depr__c0p58__z1p00__lam0p010__nu0p50__psi1p00,hardzero_plus_depr,0.01,40,1077,0.0,1,0.43384844,0.43384844,1.0403876,0.0,0.09111973,0.0,0.0,2.1228817e-07,-27.586983,2.2888985,0.76296616,0.104,0.0,0.13595222,10.760151,10.770151,3449600
hardzero_plus_depr__c0p58__z1p00__lam0p010__nu0p50__psi1p00,hardzero_plus_depr,0.01,40,1078,0.0,1,0.43384844,0.43384844,1.0331769,0.0,0.09264523,0.0,0.0,2.1017584e-07,-27.875607,2.2730346,0.7576782,0.104,0.0,0.1639404,10.770151,10.780151,3452800
hardzero_plus_depr__c0p58__z1p00__lam0p010__nu0p50__psi1p00,hardzero_plus_depr,0.01,40,1079,0.0,1,0.43384844,0.43384844,1.0481924,0.0,0.08949681,0.0,0.0,2.080845e-07,-26.560997,2.3060694,0.7686898,0.14,0.0,0.13566999,10.780151,10.790152,3456000
hardzero_plus_depr__c0p58__z1p00__lam0p010__nu0p50__psi1p00,hardzero_plus_depr,0.01,40,1080,0.0,1,0.43384844,0.43384844,1.0923609,0.0,0.08084239,0.0,0.0,2.06014e-07,-28.40011,2.4032419,0.80108064,0.08800001,0.0,0.21853735,10.790152,10.800152,3459200
hardzero_plus_depr__c0p58__z1p00__lam0p010__nu0p50__psi1p00,hardzero_plus_depr,0.01,40,1081,0.0,1,0.43384844,0.43384844,1.0549817,0.0,0.0881086,0.0,0.0,2.0396406e-07,-28.336954,2.321006,0.7736687,0.128,0.0,0.15010649,10.800152,10.810152,3462400
hardzero_plus_depr__c0p58__z1p00__lam0p010__nu0p50__psi1p00,hardzero_plus_depr,0.01,40,1082,0.0,1,0.43384844,0.43384847,0.9825369,0.104102954,0.104102954,1.0,2.1021982e-08,2.0193454e-07,-26.421165,2.1616244,0.7205415,0.136,0.0,0.13613017,10.810152,10.820152,3465600
hardzero_plus_depr__c0p58__z1p00__lam0p010__nu0p50__psi1p00,hardzero_plus_depr,0.01,40,1083,0.0,1,0.43384847,0.43384847,1.0307086,0.0,0.093173295,0.0,0.0,1.999252e-07,-27.455158,2.267604,0.7558681,0.136,0.0,0.14717339,10.820152,10.8301525,3468800
hardzero_plus_depr__c0p58__z1p00__lam0p010__nu0p50__psi1p00,hardzero_plus_depr,0.01,40,1084,0.0,1,0.43384847,0.43384847,1.0117806,0.0,0.09732387,0.0,0.0,1.9793588e-07,-27.635056,2.2259617,0.7419872,0.17600001,0.0,0.13499863,10.8301525,10.840153,3472000
hardzero_plus_depr__c0p58__z1p00__lam0p010__nu0p50__psi1p00,hardzero_plus_depr,0.01,40,1085,0.0,1,0.43384847,0.43384847,1.0751754,0.0,0.08410553,0.0,0.0,1.9596635e-07,-28.7104,2.3654332,0.7884778,0.128,0.0,0.1921905,10.840153,10.850153,3475200
hardzero_plus_depr__c0p58__z1p00__lam0p010__nu0p50__psi1p00,hardzero_plus_depr,0.01,40,1086,0.0,1,0.43384847,0.4338485,0.9966605,0.100771904,0.100771904,1.0,1.9551402e-08,1.940164e-07,-26.407907,2.1926968,0.730899,0.18400002,0.0,0.101717986,10.850153,10.860153,3478400
hardzero_plus_depr__c0p58__z1p00__lam0p010__nu0p50__psi1p00,hardzero_plus_depr,0.01,40,1087,0.0,1,0.4338485,0.4338485,1.0084893,0.0,0.09806425,0.0,0.0,1.9208586e-07,-27.187304,2.2187207,0.7395736,0.16800001,0.0,0.13925955,10.860153,10.870153,3481600
hardzero_plus_depr__c0p58__z1p00__lam0p010__nu0p50__psi1p00,hardzero_plus_depr,0.01,40,1088,0.0,1,0.4338485,0.4338485,1.0497835,0.0,0.08916954,0.0,0.0,1.9017452e-07,-27.653366,2.3095698,0.76985663,0.136,0.0,0.15114848,10.870153,10.880154,3484800
hardzero_plus_depr__c0p58__z1p00__lam0p010__nu0p50__psi1p00,hardzero_plus_depr,0.01,40,1089,0.0,1,0.4338485,0.4338485,1.089962,0.0,0.081290156,0.0,0.0,1.8828223e-07,-27.815048,2.3979642,0.7993214,0.120000005,0.0,0.14670223,10.880154,10.890154,3488000
hardzero_plus_depr__c0p58__z1p00__lam0p010__nu0p50__psi1p00,hardzero_plus_depr,0.01,40,1090,0.0,1,0.4338485,0.43384853,0.98014086,0.104678884,0.104678884,1.0,1.951306e-08,1.8640874e-07,-26.231255,2.156353,0.71878433,0.136,0.0,0.12090388,10.890154,10.900154,3491200
hardzero_plus_depr__c0p58__z1p00__lam0p010__nu0p50__psi1p00,hardzero_plus_depr,0.01,40,1091,0.0,1,0.43384853,0.43384853,1.0521556,0.0,0.08868382,0.0,0.0,1.845539e-07,-27.844809,2.3147886,0.7715962,0.120000005,0.0,0.14236319,10.900154,10.910154,3494400
hardzero_plus_depr__c0p58__z1p00__lam0p010__nu0p50__psi1p00,hardzero_plus_depr,0.01,40,1092,0.0,1,0.43384853,0.43384853,1.1168848,0.0,0.07640383,0.0,0.0,1.827175e-07,-28.673326,2.4571958,0.8190653,0.17,0.0,0.16449842,10.910154,10.920155,3497600
hardzero_plus_depr__c0p58__z1p00__lam0p010__nu0p50__psi1p00,hardzero_plus_depr,0.01,40,1093,0.0,1,0.43384853,0.43384856,0.99099433,0.10209527,0.10209527,1.0,1.8468974e-08,1.808994e-07,-26.7057,2.180231,0.7267437,0.14400001,0.0,0.14355133,10.920155,10.930155,3500800
hardzero_plus_depr__c0p58__z1p00__lam0p010__nu0p50__psi1p00,hardzero_plus_depr,0.01,40,1094,0.0,1,0.43384856,0.43384856,1.0344572,0.0,0.09237251,0.0,0.0,1.7909939e-07,-27.159157,2.2758512,0.7586171,0.16800001,0.0,0.15406968,10.930155,10.940155,3504000
hardzero_plus_depr__c0p58__z1p00__lam0p010__nu0p50__psi1p00,hardzero_plus_depr,0.01,40,1095,0.0,1,0.43384856,0.43384856,1.0948238,0.0,0.08038521,0.0,0.0,1.7731726e-07,-28.424156,2.4086607,0.8028869,0.112,0.0,0.15198027,10.940155,10.950155,3507200
hardzero_plus_depr__c0p58__z1p00__lam0p010__nu0p50__psi1p00,hardzero_plus_depr,0.01,40,1096,0.0,1,0.43384856,0.4338486,0.9897807,0.10238097,0.10238097,1.0,1.7973276e-08,1.755529e-07,-25.82763,2.177561,0.7258537,0.120000005,0.0,0.13348787,10.950155,10.9601555,3510400
hardzero_plus_depr__c0p58__z1p00__lam0p010__nu0p50__psi1p00,hardzero_plus_depr,0.01,40,1097,0.0,1,0.4338486,0.4338486,1.0488441,0.0,0.089362614,0.0,0.0,1.7380607e-07,-27.3953,2.307503,0.76916766,0.104,0.0,0.12573716,10.9601555,10.970156,3513600
hardzero_plus_depr__c0p58__z1p00__lam0p010__nu0p50__psi1p00,hardzero_plus_depr,0.01,40,1098,0.0,1,0.4338486,0.4338486,1.0995103,0.0,0.07952243,0.0,0.0,1.7207662e-07,-28.816664,2.418971,0.8063237,0.14400001,0.0,0.18855198,10.970156,10.980156,3516800
hardzero_plus_depr__c0p58__z1p00__lam0p010__nu0p50__psi1p00,hardzero_plus_depr,0.01,40,1099,0.0,1,0.4338486,0.43384862,0.99603087,0.100918114,0.100918114,1.0,1.7192853e-08,1.703644e-07,-26.68082,2.1913116,0.7304372,0.104,0.0,0.17659014,10.980156,10.990156,3520000
hardzero_plus_depr__c0p58__z1p00__lam0p010__nu0p50__psi1p00,hardzero_plus_depr,0.01,40,1100,0.0,1,0.43384862,0.43384862,1.0726677,0.0,0.08459257,0.0,0.0,1.686692e-07,-27.952005,2.359916,0.7866387,0.16800001,0.0,0.14491348,10.990156,11.000156,3523200
hardzero_plus_depr__c0p58__z1p00__lam0p010__nu0p50__psi1p00,hardzero_plus_depr,0.01,40,1101,0.0,1,0.43384862,0.43384865,0.9783015,0.10512316,0.10512316,1.0,1.755461e-08,1.6699089e-07,-26.934475,2.1523063,0.7174355,0.16000001,0.0,0.15736364,11.000156,11.010157,3526400
hardzero_plus_depr__c0p58__z1p00__lam0p010__nu0p50__psi1p00,hardzero_plus_depr,0.01,40,1102,0.0,1,0.43384865,0.43384865,1.0370487,0.0,0.09182296,0.0,0.0,1.6532925e-07,-27.586576,2.2815528,0.7605176,0.16000001,0.0,0.16026244,11.010157,11.020157,3529600
hardzero_plus_depr__c0p58__z1p00__lam0p010__nu0p50__psi1p00,hardzero_plus_depr,0.01,40,1103,0.0,1,0.43384865,0.43384865,1.0229629,0.0,0.094849944,0.0,0.0,1.6368416e-07,-26.268349,2.2505634,0.7501878,0.17600001,0.0,0.123045094,11.020157,11.030157,3532800
hardzero_plus_depr__c0p58__z1p00__lam0p010__nu0p50__psi1p00,hardzero_plus_depr,0.01,40,1104,0.0,1,0.43384865,0.43384865,1.0545666,0.0,0.08819286,0.0,0.0,1.6205546e-07,-27.98529,2.320093,0.7733643,0.16800001,0.0,0.1575336,11.030157,11.040157,3536000
hardzero_plus_depr__c0p58__z1p00__lam0p010__nu0p50__psi1p00,hardzero_plus_depr,0.01,40,1105,0.0,1,0.43384865,0.43384865,1.0493861,0.0,0.089251146,0.0,0.0,1.6044294e-07,-27.375511,2.3086956,0.7695652,0.12,0.0,0.1342351,11.040157,11.050158,3539200
hardzero_plus_depr__c0p58__z1p00__lam0p010__nu0p50__psi1p00,hardzero_plus_depr,0.01,40,1106,0.0,1,0.43384865,0.43384865,1.0429419,0.0,0.09058537,0.0,0.0,1.5884646e-07,-27.448187,2.294518,0.76483935,0.14400001,0.0,0.15246624,11.050158,11.060158,3542400
hardzero_plus_depr__c0p58__z1p00__lam0p010__nu0p50__psi1p00,hardzero_plus_depr,0.01,40,1107,0.0,1,0.43384865,0.43384865,1.0037792,0.0,0.099133596,0.0,0.0,1.5726587e-07,-26.965717,2.2083583,0.73611945,0.208,0.008,0.15510224,11.060158,11.070158,3545600
hardzero_plus_depr__c0p58__z1p00__lam0p010__nu0p50__psi1p00,hardzero_plus_depr,0.01,40,1108,0.0,1,0.43384865,0.43384865,1.0514227,0.0,0.08883361,0.0,0.0,1.5570102e-07,-28.190014,2.3131762,0.77105874,0.136,0.0,0.1657464,11.070158,11.080158,3548800
hardzero_plus_depr__c0p58__z1p00__lam0p010__nu0p50__psi1p00,hardzero_plus_depr,0.01,40,1109,0.0,1,0.43384865,0.43384865,1.0410808,0.0,0.09097439,0.0,0.0,1.5415172e-07,-27.464306,2.2904236,0.7634746,0.128,0.0,0.14819147,11.080158,11.090158,3552000
hardzero_plus_depr__c0p58__z1p00__lam0p010__nu0p50__psi1p00,hardzero_plus_depr,0.01,40,1110,0.0,1,0.43384865,0.43384865,1.0358716,0.0,0.09207217,0.0,0.0,1.5261786e-07,-28.110682,2.278963,0.7596544,0.23200001,0.0,0.1609787,11.090158,11.100159,3555200
hardzero_plus_depr__c0p58__z1p00__lam0p010__nu0p50__psi1p00,hardzero_plus_depr,0.01,40,1111,0.0,1,0.43384865,0.43384865,1.0364593,0.0,0.09194766,0.0,0.0,1.5109926e-07,-27.325241,2.280256,0.76008534,0.15200001,0.0,0.14648524,11.100159,11.110159,3558400
hardzero_plus_depr__c0p58__z1p00__lam0p010__nu0p50__psi1p00,hardzero_plus_depr,0.01,40,1112,0.0,1,0.43384865,0.43384865,1.0267259,0.0,0.094031654,0.0,0.0,1.4959575e-07,-27.593872,2.258842,0.75294733,0.208,0.0,0.13231523,11.110159,11.120159,3561600
hardzero_plus_depr__c0p58__z1p00__lam0p010__nu0p50__psi1p00,hardzero_plus_depr,0.01,40,1113,0.0,1,0.43384865,0.43384868,0.94494015,0.113516726,0.113516726,1.0,1.6812647e-08,1.4810722e-07,-25.595583,2.0789099,0.69297,0.17600001,0.0,0.1333253,11.120159,11.130159,3564800
hardzero_plus_depr__c0p58__z1p00__lam0p010__nu0p50__psi1p00,hardzero_plus_depr,0.01,40,1114,0.0,1,0.43384868,0.43384868,1.014713,0.0,0.09666893,0.0,0.0,1.466335e-07,-26.800787,2.2324133,0.74413776,0.15200001,0.0,0.14098532,11.130159,11.14016,3568000
hardzero_plus_depr__c0p58__z1p00__lam0p010__nu0p50__psi1p00,hardzero_plus_depr,0.01,40,1115,0.0,1,0.43384868,0.43384868,0.99789923,0.10048489,0.10048489,1.0,1.4587837e-08,1.4517443e-07,-26.690514,2.1954222,0.7318074,0.224,0.0,0.17670324,11.14016,11.15016,3571200
hardzero_plus_depr__c0p58__z1p00__lam0p010__nu0p50__psi1p00,hardzero_plus_depr,0.01,40,1116,0.0,1,0.43384868,0.43384868,1.0279021,0.0,0.09377732,0.0,0.0,1.4372989e-07,-27.180038,2.2614298,0.7538099,0.16000001,0.0,0.17310818,11.15016,11.16016,3574400
hardzero_plus_depr__c0p58__z1p00__lam0p010__nu0p50__psi1p00,hardzero_plus_depr,0.01,40,1117,0.0,1,0.43384868,0.43384868,1.0339727,0.0,0.092475615,0.0,0.0,1.4229973e-07,-28.173048,2.2747855,0.75826186,0.096,0.0,0.14052695,11.16016,11.17016,3577600
hardzero_plus_depr__c0p58__z1p00__lam0p010__nu0p50__psi1p00,hardzero_plus_depr,0.01,40,1118,0.0,1,0.43384868,0.43384868,1.0454541,0.0,0.090062894,0.0,0.0,1.4088378e-07,-27.25954,2.300045,0.7666817,0.14,0.0,0.15454525,11.17016,11.1801605,3580800
hardzero_plus_depr__c0p58__z1p00__lam0p010__nu0p50__psi1p00,hardzero_plus_depr,0.01,40,1119,0.0,1,0.43384868,0.43384868,1.0480676,0.0,0.08952255,0.0,0.0,1.3948194e-07,-27.082005,2.3057947,0.76859826,0.15200001,0.0,0.15317266,11.1801605,11.190161,3584000
hardzero_plus_depr__c0p58__z1p00__lam0p010__nu0p50__psi1p00,hardzero_plus_depr,0.01,40,1120,0.0,1,0.43384868,0.43384868,1.0816108,0.0,0.08286844,0.0,0.0,1.3809404e-07,-28.333666,2.3795912,0.7931971,0.112,0.0,0.1681867,11.190161,11.200161,3587200
hardzero_plus_depr__c0p58__z1p00__lam0p010__nu0p50__psi1p00,hardzero_plus_depr,0.01,40,1121,0.0,1,0.43384868,0.43384868,1.032067,0.0,0.09288233,0.0,0.0,1.3671995e-07,-27.022182,2.2705927,0.75686425,0.192,0.0,0.14258765,11.200161,11.210161,3590400
hardzero_plus_depr__c0p58__z1p00__lam0p010__nu0p50__psi1p00,hardzero_plus_depr,0.01,40,1122,0.0,1,0.43384868,0.43384868,1.0126907,0.0,0.09712015,0.0,0.0,1.3535951e-07,-27.599365,2.227964,0.7426547,0.17600001,0.0,0.1533497,11.210161,11.220161,3593600
hardzero_plus_depr__c0p58__z1p00__lam0p010__nu0p50__psi1p00,hardzero_plus_depr,0.01,40,1123,0.0,1,0.43384868,0.43384868,1.0041356,0.0,0.09905225,0.0,0.0,1.3401265e-07,-26.523634,2.2091424,0.7363808,0.192,0.0,0.14905302,11.220161,11.230162,3596800
hardzero_plus_depr__c0p58__z1p00__lam0p010__nu0p50__psi1p00,hardzero_plus_depr,0.01,40,1124,0.0,1,0.43384868,0.43384868,1.011233,0.0,0.09744667,0.0,0.0,1.3267918e-07,-27.081192,2.224757,0.7415857,0.17600001,0.0,0.12490967,11.230162,11.240162,3600000
hardzero_plus_depr__c0p58__z1p00__lam0p010__nu0p50__psi1p00,hardzero_plus_depr,0.01,40,1125,0.0,1,0.43384868,0.43384868,1.0906733,0.0,0.08115711,0.0,0.0,1.3135896e-07,-28.508821,2.3995292,0.7998431,0.112,0.0,0.16312185,11.240162,11.250162,3603200
hardzero_plus_depr__c0p58__z1p00__lam0p010__nu0p50__psi1p00,hardzero_plus_depr,0.01,40,1126,0.0,1,0.43384868,0.43384868,1.025874,0.0,0.09421627,0.0,0.0,1.3005189e-07,-26.420534,2.256968,0.7523227,0.120000005,0.0,0.12307048,11.250162,11.260162,3606400
hardzero_plus_depr__c0p58__z1p00__lam0p010__nu0p50__psi1p00,hardzero_plus_depr,0.01,40,1127,0.0,1,0.43384868,0.43384868,1.0394446,0.0,0.0913178,0.0,0.0,1.2875782e-07,-27.171408,2.2868237,0.7622746,0.14400001,0.0,0.120572306,11.260162,11.270163,3609600
hardzero_plus_depr__c0p58__z1p00__lam0p010__nu0p50__psi1p00,hardzero_plus_depr,0.01,40,1128,0.0,1,0.43384868,0.43384868,1.0214186,0.0,0.09518783,0.0,0.0,1.2747662e-07,-26.543993,2.2471657,0.74905527,0.18400002,0.0,0.17202841,11.270163,11.280163,3612800
hardzero_plus_depr__c0p58__z1p00__lam0p010__nu0p50__psi1p00,hardzero_plus_depr,0.01,40,1129,0.0,1,0.43384868,0.43384868,1.055696,0.0,0.08796379,0.0,0.0,1.2620819e-07,-28.76515,2.3225777,0.7741926,0.104,0.0,0.13554215,11.280163,11.290163,3616000
hardzero_plus_depr__c0p58__z1p00__lam0p010__nu0p50__psi1p00,hardzero_plus_depr,0.01,40,1130,0.0,1,0.43384868,0.43384868,1.0460912,0.0,0.08993087,0.0,0.0,1.2495236e-07,-27.468283,2.3014467,0.7671489,0.17600001,0.0,0.1466269,11.290163,11.300163,3619200
hardzero_plus_depr__c0p58__z1p00__lam0p010__nu0p50__psi1p00,hardzero_plus_depr,0.01,40,1131,0.0,1,0.43384868,0.43384868,1.0216359,0.0,0.095140204,0.0,0.0,1.2370904e-07,-26.677347,2.2476437,0.7492146,0.14,0.0,0.13808145,11.300163,11.3101635,3622400
hardzero_plus_depr__c0p58__z1p00__lam0p010__nu0p50__psi1p00,hardzero_plus_depr,0.01,40,1132,0.0,1,0.43384868,0.43384868,1.0270667,0.0,0.0939579,0.0,0.0,1.2247808e-07,-28.387169,2.2595918,0.7531973,0.15200001,0.0,0.1515474,11.3101635,11.320164,3625600
hardzero_plus_depr__c0p58__z1p00__lam0p010__nu0p50__psi1p00,hardzero_plus_depr,0.01,40,1133,0.0,1,0.43384868,0.43384868,1.0309701,0.0,0.0931172,0.0,0.0,1.2125938e-07,-27.54882,2.2681794,0.7560598,0.216,0.0,0.13810405,11.320164,11.330164,3628800
hardzero_plus_depr__c0p58__z1p00__lam0p010__nu0p50__psi1p00,hardzero_plus_depr,0.01,40,1134,0.0,1,0.43384868,0.43384868,0.9904175,0.10223099,0.10223099,1.0,1.2273117e-08,1.200528e-07,-25.948343,2.178962,0.7263207,0.15200001,0.0,0.13900974,11.330164,11.340164,3632000
hardzero_plus_depr__c0p58__z1p00__lam0p010__nu0p50__psi1p00,hardzero_plus_depr,0.01,40,1135,0.0,1,0.43384868,0.43384868,1.0193149,0.0,0.09565003,0.0,0.0,1.1885823e-07,-26.838135,2.2425375,0.7475125,0.16800001,0.0,0.13067871,11.340164,11.350164,3635200
hardzero_plus_depr__c0p58__z1p00__lam0p010__nu0p50__psi1p00,hardzero_plus_depr,0.01,40,1136,0.0,1,0.43384868,0.43384868,1.0490639,0.0,0.08931739,0.0,0.0,1.1767554e-07,-27.75836,2.3079867,0.76932895,0.16800001,0.0,0.14299405,11.350164,11.360165,3638400
hardzero_plus_depr__c0p58__z1p00__lam0p010__nu0p50__psi1p00,hardzero_plus_depr,0.01,40,1137,0.0,1,0.43384868,0.43384868,0.9980632,0.100446954,0.100446954,1.0,1.1702535e-08,1.1650462e-07,-26.28876,2.195783,0.73192763,0.192,0.0,0.15524136,11.360165,11.370165,3641600
hardzero_plus_depr__c0p58__z1p00__lam0p010__nu0p50__psi1p00,hardzero_plus_depr,0.01,40,1138,0.0,1,0.43384868,0.43384868,1.0269252,0.0,0.0939885,0.0,0.0,1.1534535e-07,-26.97429,2.2592807,0.7530936,0.096,0.0,0.1563565,11.370165,11.380165,3644800
hardzero_plus_depr__c0p58__z1p00__lam0p010__nu0p50__psi1p00,hardzero_plus_depr,0.01,40,1139,0.0,1,0.43384868,0.43384868,1.0669858,0.0,0.08570657,0.0,0.0,1.14197626e-07,-27.848661,2.3474157,0.7824719,0.096,0.0,0.15826796,11.380165,11.390165,3648000
hardzero_plus_depr__c0p58__z1p00__lam0p010__nu0p50__psi1p00,hardzero_plus_depr,0.01,40,1140,0.0,1,0.43384868,0.43384868,1.0774652,0.0,0.08366326,0.0,0.0,1.1306132e-07,-28.354027,2.3704708,0.79015696,0.128,0.0,0.14167951,11.390165,11.400166,3651200
hardzero_plus_depr__c0p58__z1p00__lam0p010__nu0p50__psi1p00,hardzero_plus_depr,0.01,40,1141,0.0,1,0.43384868,0.43384868,0.98334855,0.103908576,0.103908576,1.0,1.1631142e-08,1.1193631e-07,-26.424002,2.16341,0.7211367,0.128,0.0,0.14208159,11.400166,11.410166,3654400
hardzero_plus_depr__c0p58__z1p00__lam0p010__nu0p50__psi1p00,hardzero_plus_depr,0.01,40,1142,0.0,1,0.43384868,0.43384868,1.0110018,0.0,0.09749854,0.0,0.0,1.108225e-07,-27.334768,2.2242484,0.74141616,0.16000001,0.0,0.16398883,11.410166,11.420166,3657600
hardzero_plus_depr__c0p58__z1p00__lam0p010__nu0p50__psi1p00,hardzero_plus_depr,0.01,40,1143,0.0,1,0.43384868,0.43384868,1.098548,0.0,0.07969882,0.0,0.0,1.0971977e-07,-28.933832,2.416854,0.805618,0.14400001,0.0,0.15869066,11.420166,11.430166,3660800
hardzero_plus_depr__c0p58__z1p00__lam0p010__nu0p50__psi1p00,hardzero_plus_depr,0.01,40,1144,0.0,1,0.43384868,0.43384868,1.0584139,0.0,0.087415025,0.0,0.0,1.0862802e-07,-28.238005,2.328557,0.7761857,0.14999999,0.0,0.16636938,11.430166,11.440166,3664000
hardzero_plus_depr__c0p58__z1p00__lam0p010__nu0p50__psi1p00,hardzero_plus_depr,0.01,40,1145,0.0,1,0.43384868,0.43384868,1.0278648,0.0,0.09378538,0.0,0.0,1.0754713e-07,-27.41343,2.2613478,0.75378263,0.136,0.0,0.13833077,11.440166,11.450167,3667200
hardzero_plus_depr__c0p58__z1p00__lam0p010__nu0p50__psi1p00,hardzero_plus_depr,0.01,40,1146,0.0,1,0.43384868,0.43384868,1.0306174,0.0,0.093192846,0.0,0.0,1.0647699e-07,-26.721304,2.2674034,0.75580114,0.15200001,0.0,0.14592418,11.450167,11.460167,3670400
hardzero_plus_depr__c0p58__z1p00__lam0p010__nu0p50__psi1p00,hardzero_plus_depr,0.01,40,1147,0.0,1,0.43384868,0.43384868,0.9679967,0.107647315,0.107647315,1.0,1.1347911e-08,1.054175e-07,-26.228989,2.1296353,0.70987844,0.16800001,0.0,0.15607502,11.460167,11.470167,3673600
hardzero_plus_depr__c0p58__z1p00__lam0p010__nu0p50__psi1p00,hardzero_plus_depr,0.01,40,1148,0.0,1,0.43384868,0.43384868,1.0578388,0.0,0.087530866,0.0,0.0,1.0436855e-07,-27.498293,2.3272917,0.7757639,0.192,0.0,0.14548631,11.470167,11.480167,3676800
hardzero_plus_depr__c0p58__z1p00__lam0p010__nu0p50__psi1p00,hardzero_plus_depr,0.01,40,1149,0.0,1,0.43384868,0.43384868,1.031682,0.0,0.09296468,0.0,0.0,1.0333005e-07,-27.07599,2.2697458,0.75658196,0.096,0.0,0.13445115,11.480167,11.490168,3680000
hardzero_plus_depr__c0p58__z1p00__lam0p010__nu0p50__psi1p00,hardzero_plus_depr,0.01,40,1150,0.0,1,0.43384868,0.43384868,1.0312091,0.0,0.093065955,0.0,0.0,1.0230188e-07,-27.290625,2.2687054,0.7562351,0.15200001,0.0,0.16137874,11.490168,11.500168,3683200
hardzero_plus_depr__c0p58__z1p00__lam0p010__nu0p50__psi1p00,hardzero_plus_depr,0.01,40,1151,0.0,1,0.43384868,0.43384868,1.050927,0.0,0.088935055,0.0,0.0,1.0128393e-07,-27.272146,2.3120856,0.7706952,0.14400001,0.0,0.14518178,11.500168,11.510168,3686400
hardzero_plus_depr__c0p58__z1p00__lam0p010__nu0p50__psi1p00,hardzero_plus_depr,0.01,40,1152,0.0,1,0.43384868,0.43384868,1.011297,0.0,0.09743232,0.0,0.0,1.0027612e-07,-27.858982,2.2248979,0.74163264,0.16800001,0.0,0.14103618,11.510168,11.520168,3689600
hardzero_plus_depr__c0p58__z1p00__lam0p010__nu0p50__psi1p00,hardzero_plus_depr,0.01,40,1153,0.0,1,0.43384868,0.43384868,1.0208901,0.0,0.09530373,0.0,0.0,9.927833e-08,-26.95833,2.2460032,0.7486677,0.16800001,0.0,0.14815103,11.520168,11.530169,3692800
hardzero_plus_depr__c0p58__z1p00__lam0p010__nu0p50__psi1p00,hardzero_plus_depr,0.01,40,1154,0.0,1,0.43384868,0.43384868,1.0596057,0.0,0.08717546,0.0,0.0,9.8290485e-08,-28.429943,2.3311791,0.77705973,0.16000001,0.0,0.14492577,11.530169,11.540169,3696000
hardzero_plus_depr__c0p58__z1p00__lam0p010__nu0p50__psi1p00,hardzero_plus_depr,0.01,40,1155,0.0,1,0.43384868,0.43384868,1.0568736,0.0,0.08772562,0.0,0.0,9.7312444e-08,-27.793037,2.3251684,0.7750561,0.14400001,0.0,0.16250288,11.540169,11.550169,3699200
hardzero_plus_depr__c0p58__z1p00__lam0p010__nu0p50__psi1p00,hardzero_plus_depr,0.01,40,1156,0.0,1,0.43384868,0.43384868,0.9763543,0.10559557,0.10559557,1.0,1.01735145e-08,9.6344145e-08,-26.118326,2.1480224,0.7160075,0.128,0.0,0.121111736,11.550169,11.560169,3702400
hardzero_plus_depr__c0p58__z1p00__lam0p010__nu0p50__psi1p00,hardzero_plus_depr,0.01,40,1157,0.0,1,0.43384868,0.43384868,0.96979374,0.10720282,0.10720282,1.0,1.0225593e-08,9.538548e-08,-27.53372,2.1335888,0.7111963,0.19999999,0.0,0.13385616,11.560169,11.570169,3705600
hardzero_plus_depr__c0p58__z1p00__lam0p010__nu0p50__psi1p00,hardzero_plus_depr,0.01,40,1158,0.0,1,0.43384868,0.43384868,0.98174185,0.10429373,0.10429373,1.0,9.84912e-09,9.443636e-08,-27.495712,2.1598752,0.7199584,0.16800001,0.0,0.16931304,11.570169,11.58017,3708800
hardzero_plus_depr__c0p58__z1p00__lam0p010__nu0p50__psi1p00,hardzero_plus_depr,0.01,40,1159,0.0,1,0.43384868,0.43384868,1.1171508,0.0,0.07635707,0.0,0.0,9.349669e-08,-28.776258,2.4577808,0.8192603,0.14400001,0.0,0.16935934,11.58017,11.59017,3712000
hardzero_plus_depr__c0p58__z1p00__lam0p010__nu0p50__psi1p00,hardzero_plus_depr,0.01,40,1160,0.0,1,0.43384868,0.43384868,1.0817218,0.0,0.08284727,0.0,0.0,9.256636e-08,-28.42512,2.3798354,0.79327846,0.120000005,0.0,0.16197304,11.59017,11.60017,3715200
hardzero_plus_depr__c0p58__z1p00__lam0p010__nu0p50__psi1p00,hardzero_plus_depr,0.01,40,1161,0.0,1,0.43384868,0.43384868,1.0096201,0.0,0.09780925,0.0,0.0,9.164528e-08,-26.568295,2.2212086,0.7404029,0.16000001,0.0,0.15356474,11.60017,11.61017,3718400
hardzero_plus_depr__c0p58__z1p00__lam0p010__nu0p50__psi1p00,hardzero_plus_depr,0.01,40,1162,0.0,1,0.43384868,0.43384868,1.0527157,0.0,0.08856953,0.0,0.0,9.073338e-08,-26.350374,2.3160207,0.7720069,0.128,0.0,0.17027797,11.61017,11.620171,3721600
hardzero_plus_depr__c0p58__z1p00__lam0p010__nu0p50__psi1p00,hardzero_plus_depr,0.01,40,1163,0.0,1,0.43384868,0.43384868,1.0541271,0.0,0.08828213,0.0,0.0,8.983054e-08,-28.152525,2.319126,0.77304196,0.18400002,0.0,0.15672544,11.620171,11.630171,3724800
hardzero_plus_depr__c0p58__z1p00__lam0p010__nu0p50__psi1p00,hardzero_plus_depr,0.01,40,1164,0.0,1,0.43384868,0.43384868,1.009135,0.0,0.09791854,0.0,0.0,8.8936694e-08,-26.566036,2.2201414,0.74004716,0.17600001,0.0,0.14197053,11.630171,11.640171,3728000
hardzero_plus_depr__c0p58__z1p00__lam0p010__nu0p50__psi1p00,hardzero_plus_depr,0.01,40,1165,0.0,1,0.43384868,0.43384868,1.0385646,0.0,0.09150301,0.0,0.0,8.805174e-08,-26.40794,2.2848878,0.7616293,0.14400001,0.0,0.14478546,11.640171,11.650171,3731200
hardzero_plus_depr__c0p58__z1p00__lam0p010__nu0p50__psi1p00,hardzero_plus_depr,0.01,40,1166,0.0,1,0.43384868,0.43384868,0.9738757,0.10619995,0.10619995,1.0,9.258043e-09,8.717559e-08,-26.736935,2.1425693,0.71418977,0.24800001,0.0,0.14391086,11.650171,11.6601715,3734400
hardzero_plus_depr__c0p58__z1p00__lam0p010__nu0p50__psi1p00,hardzero_plus_depr,0.01,40,1167,0.0,1,0.43384868,0.43384868,1.0664268,0.0,0.08581699,0.0,0.0,8.6308155e-08,-27.572943,2.3461857,0.78206193,0.120000005,0.0,0.14305097,11.6601715,11.670172,3737600
hardzero_plus_depr__c0p58__z1p00__lam0p010__nu0p50__psi1p00,hardzero_plus_depr,0.01,40,1168,0.0,1,0.43384868,0.43384868,1.0506257,0.0,0.08899678,0.0,0.0,8.544935e-08,-27.517946,2.3114226,0.7704742,0.18400002,0.0,0.16007605,11.670172,11.680172,3740800
hardzero_plus_depr__c0p58__z1p00__lam0p010__nu0p50__psi1p00,hardzero_plus_depr,0.01,40,1169,0.0,1,0.43384868,0.43384868,1.059153,0.0,0.087266386,0.0,0.0,8.45991e-08,-28.084562,2.330183,0.7767277,0.14400001,0.0,0.15948758,11.680172,11.690172,3744000
hardzero_plus_depr__c0p58__z1p00__lam0p010__nu0p50__psi1p00,hardzero_plus_depr,0.01,40,1170,0.0,1,0.43384868,0.43384868,0.98281044,0.104037404,0.104037404,1.0,8.713894e-09,8.3757314e-08,-25.983871,2.1622262,0.7207421,0.11,0.0,0.1246704,11.690172,11.700172,3747200
hardzero_plus_depr__c0p58__z1p00__lam0p010__nu0p50__psi1p00,hardzero_plus_depr,0.01,40,1171,0.0,1,0.43384868,0.43384868,0.9829602,0.104001544,0.104001544,1.0,8.624213e-09,8.29239e-08,-27.38521,2.1625557,0.7208519,0.2,0.0,0.14586236,11.700172,11.710173,3750400
hardzero_plus_depr__c0p58__z1p00__lam0p010__nu0p50__psi1p00,hardzero_plus_depr,0.01,40,1172,0.0,1,0.43384868,0.43384868,1.0241042,0.0,0.09460099,0.0,0.0,8.2098765e-08,-27.004524,2.2530744,0.75102484,0.224,0.0,0.15593985,11.710173,11.720173,3753600
hardzero_plus_depr__c0p58__z1p00__lam0p010__nu0p50__psi1p00,hardzero_plus_depr,0.01,40,1173,0.0,1,0.43384868,0.43384868,1.0516535,0.0,0.088786416,0.0,0.0,8.128185e-08,-27.386398,2.313684,0.771228,0.128,0.0,0.15929797,11.720173,11.730173,3756800
hardzero_plus_depr__c0p58__z1p00__lam0p010__nu0p50__psi1p00,hardzero_plus_depr,0.01,40,1174,0.0,1,0.43384868,0.43384868,1.0253398,0.0,0.09433223,0.0,0.0,8.0473065e-08,-27.185915,2.2557926,0.7519309,0.120000005,0.0,0.15001963,11.730173,11.740173,3760000
hardzero_plus_depr__c0p58__z1p00__lam0p010__nu0p50__psi1p00,hardzero_plus_depr,0.01,40,1175,0.0,1,0.43384868,0.43384868,1.0717008,0.0,0.08478112,0.0,0.0,7.967233e-08,-28.097588,2.3577888,0.7859296,0.16800001,0.0,0.19175677,11.740173,11.750174,3763200
hardzero_plus_depr__c0p58__z1p00__lam0p010__nu0p50__psi1p00,hardzero_plus_depr,0.01,40,1176,0.0,1,0.43384868,0.43384868,1.085851,0.0,0.08206332,0.0,0.0,7.887955e-08,-27.826704,2.3889198,0.7963066,0.17600001,0.0,0.15420265,11.750174,11.760174,3766400
hardzero_plus_depr__c0p58__z1p00__lam0p010__nu0p50__psi1p00,hardzero_plus_depr,0.01,40,1177,0.0,1,0.43384868,0.43384868,1.0674111,0.0,0.08562269,0.0,0.0,7.809467e-08,-27.460775,2.3483512,0.78278375,0.17600001,0.0,0.1420627,11.760174,11.770174,3769600
hardzero_plus_depr__c0p58__z1p00__lam0p010__nu0p50__psi1p00,hardzero_plus_depr,0.01,40,1178,0.0,1,0.43384868,0.43384868,1.0346798,0.0,0.092325196,0.0,0.0,7.73176e-08,-27.43296,2.276341,0.75878036,0.16000001,0.0,0.13579895,11.770174,11.780174,3772800
hardzero_plus_depr__c0p58__z1p00__lam0p010__nu0p50__psi1p00,hardzero_plus_depr,0.01,40,1179,0.0,1,0.43384868,0.43384868,1.0338231,0.0,0.09250748,0.0,0.0,7.6548254e-08,-27.090714,2.2744563,0.7581521,0.16800001,0.0,0.14349267,11.780174,11.7901745,3776000
hardzero_plus_depr__c0p58__z1p00__lam0p010__nu0p50__psi1p00,hardzero_plus_depr,0.01,40,1180,0.0,1,0.43384868,0.43384868,1.0102204,0.0,0.09767413,0.0,0.0,7.578657e-08,-27.289728,2.2225292,0.74084306,0.192,0.0,0.14627434,11.7901745,11.800175,3779200
hardzero_plus_depr__c0p58__z1p00__lam0p010__nu0p50__psi1p00,hardzero_plus_depr,0.01,40,1181,0.0,1,0.43384868,0.43384868,0.97157824,0.106763236,0.106763236,1.0,8.010709e-09,7.503247e-08,-26.605892,2.1375148,0.712505,0.096,0.0,0.107857265,11.800175,11.810175,3782400
hardzero_plus_depr__c0p58__z1p00__lam0p010__nu0p50__psi1p00,hardzero_plus_depr,0.01,40,1182,0.0,1,0.43384868,0.43384868,1.069175,0.0,0.08527564,0.0,0.0,7.4285865e-08,-27.582544,2.352232,0.78407735,0.16000001,0.0,0.15085001,11.810175,11.820175,3785600
hardzero_plus_depr__c0p58__z1p00__lam0p010__nu0p50__psi1p00,hardzero_plus_depr,0.01,40,1183,0.0,1,0.43384868,0.43384868,1.0203438,0.0,0.09542369,0.0,0.0,7.3546694e-08,-28.026424,2.244801,0.74826705,0.14999999,0.0,0.17763205,11.820175,11.830175,3788800
hardzero_plus_depr__c0p58__z1p00__lam0p010__nu0p50__psi1p00,hardzero_plus_depr,0.01,40,1184,0.0,1,0.43384868,0.43384868,1.0124016,0.0,0.09718482,0.0,0.0,7.281488e-08,-26.128906,2.2273278,0.7424426,0.16000001,0.0,0.13713126,11.830175,11.840176,3792000
hardzero_plus_depr__c0p58__z1p00__lam0p010__nu0p50__psi1p00,hardzero_plus_depr,0.01,40,1185,0.0,1,0.43384868,0.43384868,1.032457,0.0,0.09279894,0.0,0.0,7.209034e-08,-27.679546,2.2714508,0.7571503,0.096,0.0,0.13756399,11.840176,11.850176,3795200
hardzero_plus_depr__c0p58__z1p00__lam0p010__nu0p50__psi1p00,hardzero_plus_depr,0.01,40,1186,0.0,1,0.43384868,0.43384868,1.0233417,0.0,0.09476725,0.0,0.0,7.137301e-08,-27.182041,2.2513967,0.7504656,0.192,0.0,0.15562004,11.850176,11.860176,3798400
hardzero_plus_depr__c0p58__z1p00__lam0p010__nu0p50__psi1p00,hardzero_plus_depr,0.01,40,1187,0.0,1,0.43384868,0.43384868,1.0690913,0.0,0.08529208,0.0,0.0,7.066282e-08,-27.394918,2.352048,0.784016,0.136,0.0,0.15709178,11.860176,11.870176,3801600
hardzero_plus_depr__c0p58__z1p00__lam0p010__nu0p50__psi1p00,hardzero_plus_depr,0.01,40,1188,0.0,1,0.43384868,0.43384868,1.0425774,0.0,0.090661444,0.0,0.0,6.995969e-08,-27.865519,2.293716,0.764572,0.15200001,0.0,0.13046725,11.870176,11.880177,3804800
hardzero_plus_depr__c0p58__z1p00__lam0p010__nu0p50__psi1p00,hardzero_plus_depr,0.01,40,1189,0.0,1,0.43384868,0.43384868,1.0319068,0.0,0.09291656,0.0,0.0,6.926357e-08,-27.226458,2.2702403,0.75674677,0.136,0.0,0.16101559,11.880177,11.890177,3808000
hardzero_plus_depr__c0p58__z1p00__lam0p010__nu0p50__psi1p00,hardzero_plus_depr,0.01,40,1190,0.0,1,0.43384868,0.43384868,1.0568067,0.0,0.08773913,0.0,0.0,6.857437e-08,-28.37495,2.325021,0.775007,0.112,0.0,0.16204546,11.890177,11.900177,3811200
hardzero_plus_depr__c0p58__z1p00__lam0p010__nu0p50__psi1p00,hardzero_plus_depr,0.01,40,1191,0.0,1,0.43384868,0.43384868,1.0807114,0.0,0.08304024,0.0,0.0,6.789203e-08,-27.244873,2.3776124,0.79253745,0.120000005,0.0,0.13487113,11.900177,11.910177,3814400
hardzero_plus_depr__c0p58__z1p00__lam0p010__nu0p50__psi1p00,hardzero_plus_depr,0.01,40,1192,0.0,1,0.43384868,0.43384868,1.014275,0.0,0.096766494,0.0,0.0,6.7216476e-08,-27.681105,2.2314494,0.7438165,0.112,0.0,0.13129562,11.910177,11.920177,3817600
hardzero_plus_depr__c0p58__z1p00__lam0p010__nu0p50__psi1p00,hardzero_plus_depr,0.01,40,1193,0.0,1,0.43384868,0.43384868,0.9857963,0.1033246,0.1033246,1.0,6.8760087e-09,6.654764e-08,-26.366508,2.168795,0.72293174,0.17600001,0.0,0.13821612,11.920177,11.930178,3820800
hardzero_plus_depr__c0p58__z1p00__lam0p010__nu0p50__psi1p00,hardzero_plus_depr,0.01,40,1194,0.0,1,0.43384868,0.43384868,1.023641,0.0,0.09470195,0.0,0.0,6.588547e-08,-27.362665,2.2520552,0.7506851,0.16000001,0.0,0.14932835,11.930178,11.940178,3824000
hardzero_plus_depr__c0p58__z1p00__lam0p010__nu0p50__psi1p00,hardzero_plus_depr,0.01,40,1195,0.0,1,0.43384868,0.43384868,1.0404304,0.0,0.09111073,0.0,0.0,6.5229884e-08,-27.387312,2.2889926,0.76299757,0.112,0.0,0.15314187,11.940178,11.950178,3827200
hardzero_plus_depr__c0p58__z1p00__lam0p010__nu0p50__psi1p00,hardzero_plus_depr,0.01,40,1196,0.0,1,0.43384868,0.43384868,0.9803561,0.10462703,0.10462703,1.0,6.7569e-09,6.4580824e-08,-25.847118,2.1568265,0.71894217,0.12,0.0,0.11798021,11.950178,11.960178,3830400
hardzero_plus_depr__c0p58__z1p00__lam0p010__nu0p50__psi1p00,hardzero_plus_depr,0.01,40,1197,0.0,1,0.43384868,0.43384868,1.0527765,0.0,0.08855713,0.0,0.0,6.393822e-08,-27.662325,2.3161545,0.7720515,0.104,0.0,0.16011554,11.960178,11.970179,3833600
hardzero_plus_depr__c0p58__z1p00__lam0p010__nu0p50__psi1p00,hardzero_plus_depr,0.01,40,1198,0.0,1,0.43384868,0.43384868,1.0095198,0.0,0.09783182,0.0,0.0,6.330201e-08,-26.386902,2.220988,0.7403294,0.16000001,0.0,0.1445612,11.970179,11.980179,3836800
hardzero_plus_depr__c0p58__z1p00__lam0p010__nu0p50__psi1p00,hardzero_plus_depr,0.01,40,1199,0.0,1,0.43384868,0.43384868,1.0835094,0.0,0.08250695,0.0,0.0,6.267213e-08,-28.551008,2.3837683,0.79458946,0.136,0.0,0.1750693,11.980179,11.990179,3840000
hardzero_plus_depr__c0p58__z1p00__lam0p010__nu0p50__psi1p00,hardzero_plus_depr,0.01,40,1200,0.0,1,0.43384868,0.43384868,1.0972373,0.0,0.07993973,0.0,0.0,6.2048514e-08,-28.317814,2.4139705,0.80465686,0.096,0.0,0.15319936,11.990179,12.000179,3843200
hardzero_plus_depr__c0p58__z1p00__lam0p010__nu0p50__psi1p00,hardzero_plus_depr,0.01,40,1201,0.0,1,0.43384868,0.43384868,1.0941433,0.0,0.08051129,0.0,0.0,6.143111e-08,-28.988234,2.4071634,0.80238783,0.112,0.0,0.1621749,12.000179,12.0101795,3846400
hardzero_plus_depr__c0p58__z1p00__lam0p010__nu0p50__psi1p00,hardzero_plus_depr,0.01,40,1202,0.0,1,0.43384868,0.43384868,1.0760047,0.0,0.08394508,0.0,0.0,6.081984e-08,-27.47229,2.3672578,0.789086,0.16800001,0.0,0.15300754,12.0101795,12.02018,3849600
hardzero_plus_depr__c0p58__z1p00__lam0p010__nu0p50__psi1p00,hardzero_plus_depr,0.01,40,1203,0.0,1,0.43384868,0.43384868,1.0559309,0.0,0.08791624,0.0,0.0,6.021466e-08,-28.069977,2.3230944,0.7743648,0.14400001,0.0,0.14364243,12.02018,12.03018,3852800
hardzero_plus_depr__c0p58__z1p00__lam0p010__nu0p50__psi1p00,hardzero_plus_depr,0.01,40,1204,0.0,1,0.43384868,0.43384868,1.0273716,0.0,0.093891956,0.0,0.0,5.96155e-08,-26.957548,2.2602627,0.75342095,0.104,0.0,0.1258433,12.03018,12.04018,3856000
hardzero_plus_depr__c0p58__z1p00__lam0p010__nu0p50__psi1p00,hardzero_plus_depr,0.01,40,1205,0.0,1,0.43384868,0.43384868,1.0119443,0.0,0.09728719,0.0,0.0,5.902231e-08,-27.40205,2.226322,0.74210733,0.192,0.0,0.12860925,12.04018,12.05018,3859200
hardzero_plus_depr__c0p58__z1p00__lam0p010__nu0p50__psi1p00,hardzero_plus_depr,0.01,40,1206,0.0,1,0.43384868,0.43384868,1.0554507,0.0,0.08801351,0.0,0.0,5.843501e-08,-27.552103,2.322038,0.7740127,0.128,0.0,0.1583266,12.05018,12.060181,3862400
hardzero_plus_depr__c0p58__z1p00__lam0p010__nu0p50__psi1p00,hardzero_plus_depr,0.01,40,1207,0.0,1,0.43384868,0.43384868,1.0402684,0.0,0.09114473,0.0,0.0,5.785356e-08,-27.848545,2.2886362,0.7628788,0.096,0.0,0.13500074,12.060181,12.070181,3865600
hardzero_plus_depr__c0p58__z1p00__lam0p010__nu0p50__psi1p00,hardzero_plus_depr,0.01,40,1208,0.0,1,0.43384868,0.43384868,1.0883253,0.0,0.08159709,0.0,0.0,5.727789e-08,-29.12845,2.3943634,0.79812115,0.080000006,0.0,0.17362474,12.070181,12.080181,3868800
hardzero_plus_depr__c0p58__z1p00__lam0p010__nu0p50__psi1p00,hardzero_plus_depr,0.01,40,1209,0.0,1,0.43384868,0.43384868,1.013321,0.0,0.09697928,0.0,0.0,5.6707957e-08,-26.796633,2.2293508,0.743117,0.16,0.0,0.15538794,12.080181,12.090181,3872000
hardzero_plus_depr__c0p58__z1p00__lam0p010__nu0p50__psi1p00,hardzero_plus_depr,0.01,40,1210,0.0,1,0.43384868,0.43384868,1.056015,0.0,0.0878992,0.0,0.0,5.6143694e-08,-27.64058,2.3232794,0.77442646,0.120000005,0.0,0.158497,12.090181,12.100182,3875200
hardzero_plus_depr__c0p58__z1p00__lam0p010__nu0p50__psi1p00,hardzero_plus_depr,0.01,40,1211,0.0,1,0.43384868,0.43384868,1.0265927,0.0,0.09406048,0.0,0.0,5.5585037e-08,-26.537552,2.2585492,0.75284976,0.16000001,0.0,0.14799926,12.100182,12.110182,3878400
hardzero_plus_depr__c0p58__z1p00__lam0p010__nu0p50__psi1p00,hardzero_plus_depr,0.01,40,1212,0.0,1,0.43384868,0.43384868,1.083661,0.0,0.08247817,0.0,0.0,5.5031943e-08,-28.477013,2.3841016,0.79470056,0.136,0.0,0.15779541,12.110182,12.120182,3881600
hardzero_plus_depr__c0p58__z1p00__lam0p010__nu0p50__psi1p00,hardzero_plus_depr,0.01,40,1213,0.0,1,0.43384868,0.43384868,1.0687507,0.0,0.085358985,0.0,0.0,5.4484357e-08,-27.609583,2.3512986,0.7837662,0.128,0.0,0.14356147,12.120182,12.130182,3884800
hardzero_plus_depr__c0p58__z1p00__lam0p010__nu0p50__psi1p00,hardzero_plus_depr,0.01,40,1214,0.0,1,0.43384868,0.43384868,1.0037358,0.0,0.0991435,0.0,0.0,5.3942212e-08,-26.926086,2.2082627,0.73608756,0.216,0.0,0.13813108,12.130182,12.1401825,3888000
hardzero_plus_depr__c0p58__z1p00__lam0p010__nu0p50__psi1p00,hardzero_plus_depr,0.01,40,1215,0.0,1,0.43384868,0.43384868,1.060738,0.0,0.08694848,0.0,0.0,5.340547e-08,-27.494247,2.3336701,0.7778901,0.120000005,0.0,0.12962754,12.1401825,12.150183,3891200
hardzero_plus_depr__c0p58__z1p00__lam0p010__nu0p50__psi1p00,hardzero_plus_depr,0.01,40,1216,0.0,1,0.43384868,0.43384868,1.0294415,0.0,0.09344553,0.0,0.0,5.2874064e-08,-26.856981,2.2648165,0.75493884,0.136,0.0,0.13579062,12.150183,12.160183,3894400
hardzero_plus_depr__c0p58__z1p00__lam0p010__nu0p50__psi1p00,hardzero_plus_depr,0.01,40,1217,0.0,1,0.43384868,0.43384868,1.0767764,0.0,0.08379605,0.0,0.0,5.2347943e-08,-27.5875,2.3689554,0.7896518,0.128,0.0,0.15379646,12.160183,12.170183,3897600
hardzero_plus_depr__c0p58__z1p00__lam0p010__nu0p50__psi1p00,hardzero_plus_depr,0.01,40,1218,0.0,1,0.43384868,0.43384868,1.0239931,0.0,0.0946252,0.0,0.0,5.1827058e-08,-27.096073,2.2528298,0.7509433,0.14400001,0.0,0.1531464,12.170183,12.180183,3900800
hardzero_plus_depr__c0p58__z1p00__lam0p010__nu0p50__psi1p00,hardzero_plus_depr,0.01,40,1219,0.0,1,0.43384868,0.43384868,1.0077336,0.0,0.09823503,0.0,0.0,5.131136e-08,-27.225605,2.2170582,0.7390194,0.14400001,0.0,0.1360551,12.180183,12.190184,3904000
hardzero_plus_depr__c0p58__z1p00__lam0p010__nu0p50__psi1p00,hardzero_plus_depr,0.01,40,1220,0.0,1,0.43384868,0.43384868,0.9994806,0.100119665,0.100119665,1.0,5.086158e-09,5.0800793e-08,-26.356411,2.1989012,0.7329671,0.14400001,0.0,0.13819669,12.190184,12.200184,3907200
hardzero_plus_depr__c0p58__z1p00__lam0p010__nu0p50__psi1p00,hardzero_plus_depr,0.01,40,1221,0.0,1,0.43384868,0.43384868,1.0973793,0.0,0.0799136,0.0,0.0,5.0295306e-08,-28.787514,2.4142828,0.80476093,0.16000001,0.0,0.15847717,12.200184,12.210184,3910400
hardzero_plus_depr__c0p58__z1p00__lam0p010__nu0p50__psi1p00,hardzero_plus_depr,0.01,40,1222,0.0,1,0.43384868,0.43384868,1.0315922,0.0,0.09298389,0.0,0.0,4.979485e-08,-27.27559,2.2695482,0.7565161,0.16,0.0,0.16989343,12.210184,12.220184,3913600
hardzero_plus_depr__c0p58__z1p00__lam0p010__nu0p50__psi1p00,hardzero_plus_depr,0.01,40,1223,0.0,1,0.43384868,0.43384868,1.088607,0.0,0.08154419,0.0,0.0,4.929937e-08,-28.705973,2.394983,0.7983277,0.192,0.0,0.1701273,12.220184,12.230185,3916800
hardzero_plus_depr__c0p58__z1p00__lam0p010__nu0p50__psi1p00,hardzero_plus_depr,0.01,40,1224,0.0,1,0.43384868,0.43384868,1.0098143,0.0,0.09776551,0.0,0.0,4.8808822e-08,-27.523655,2.2216358,0.7405453,0.080000006,0.0,0.116643555,12.230185,12.240185,3920000
hardzero_plus_depr__c0p58__z1p00__lam0p010__nu0p50__psi1p00,hardzero_plus_depr,0.01,40,1225,0.0,1,0.43384868,0.43384868,1.0145557,0.0,0.09670397,0.0,0.0,4.832316e-08,-27.154102,2.232067,0.74402237,0.128,0.0,0.13958918,12.240185,12.250185,3923200
hardzero_plus_depr__c0p58__z1p00__lam0p010__nu0p50__psi1p00,hardzero_plus_depr,0.01,40,1226,0.0,1,0.43384868,0.43384868,0.9949971,0.10115863,0.10115863,1.0,4.8396633e-09,4.784232e-08,-26.22671,2.1890373,0.7296791,0.216,0.0,0.1277509,12.250185,12.260185,3926400
hardzero_plus_depr__c0p58__z1p00__lam0p010__nu0p50__psi1p00,hardzero_plus_depr,0.01,40,1227,0.0,1,0.43384868,0.43384868,1.0701475,0.0,0.085084885,0.0,0.0,4.7366274e-08,-27.577454,2.3543715,0.7847905,0.14400001,0.0,0.13698001,12.260185,12.270185,3929600
hardzero_plus_depr__c0p58__z1p00__lam0p010__nu0p50__psi1p00,hardzero_plus_depr,0.01,40,1228,0.0,1,0.43384868,0.43384868,1.0484248,0.0,0.08944892,0.0,0.0,4.6894957e-08,-26.980408,2.3065808,0.7688603,0.15200001,0.0,0.15414782,12.270185,12.280186,3932800
hardzero_plus_depr__c0p58__z1p00__lam0p010__nu0p50__psi1p00,hardzero_plus_depr,0.01,40,1229,0.0,1,0.43384868,0.43384868,1.0169419,0.0,0.096174076,0.0,0.0,4.642833e-08,-26.58811,2.2373168,0.7457723,0.16000001,0.0,0.12460606,12.280186,12.290186,3936000
hardzero_plus_depr__c0p58__z1p00__lam0p010__nu0p50__psi1p00,hardzero_plus_depr,0.01,40,1230,0.0,1,0.43384868,0.43384868,1.0491862,0.0,0.08929225,0.0,0.0,4.5966356e-08,-27.225952,2.308256,0.76941866,0.2,0.0,0.14694248,12.290186,12.300186,3939200
hardzero_plus_depr__c0p58__z1p00__lam0p010__nu0p50__psi1p00,hardzero_plus_depr,0.01,40,1231,0.0,1,0.43384868,0.43384868,1.0813947,0.0,0.08290969,0.0,0.0,4.5508973e-08,-27.557896,2.3791158,0.7930386,0.16000001,0.0,0.14166969,12.300186,12.310186,3942400
hardzero_plus_depr__c0p58__z1p00__lam0p010__nu0p50__psi1p00,hardzero_plus_depr,0.01,40,1232,0.0,1,0.43384868,0.43384868,1.017013,0.0,0.096158355,0.0,0.0,4.505614e-08,-26.86419,2.2374732,0.74582446,0.14400001,0.0,0.1690282,12.310186,12.320187,3945600
hardzero_plus_depr__c0p58__z1p00__lam0p010__nu0p50__psi1p00,hardzero_plus_depr,0.01,40,1233,0.0,1,0.43384868,0.43384868,1.0290263,0.0,0.09353491,0.0,0.0,4.4607813e-08,-27.4114,2.263903,0.7546343,0.14400001,0.0,0.13610388,12.320187,12.330187,3948800
hardzero_plus_depr__c0p58__z1p00__lam0p010__nu0p50__psi1p00,hardzero_plus_depr,0.01,40,1234,0.0,1,0.43384868,0.43384868,1.0549353,0.0,0.08811801,0.0,0.0,4.4163947e-08,-27.244604,2.320904,0.7736347,0.18400002,0.0,0.12923972,12.330187,12.340187,3952000
hardzero_plus_depr__c0p58__z1p00__lam0p010__nu0p50__psi1p00,hardzero_plus_depr,0.01,40,1235,0.0,1,0.43384868,0.43384868,1.0257235,0.0,0.094248936,0.0,0.0,4.37245e-08,-27.171,2.2566366,0.7522122,0.19,0.0,0.15858383,12.340187,12.350187,3955200
hardzero_plus_depr__c0p58__z1p00__lam0p010__nu0p50__psi1p00,hardzero_plus_depr,0.01,40,1236,0.0,1,0.43384868,0.43384868,1.0080653,0.0,0.09816002,0.0,0.0,4.3289422e-08,-26.888556,2.217788,0.7392627,0.192,0.0,0.12836267,12.350187,12.360188,3958400
hardzero_plus_depr__c0p58__z1p00__lam0p010__nu0p50__psi1p00,hardzero_plus_depr,0.01,40,1237,0.0,1,0.43384868,0.43384868,1.0325412,0.0,0.092780955,0.0,0.0,4.2858677e-08,-27.311855,2.2716358,0.7572119,0.120000005,0.0,0.1428226,12.360188,12.370188,3961600
hardzero_plus_depr__c0p58__z1p00__lam0p010__nu0p50__psi1p00,hardzero_plus_depr,0.01,40,1238,0.0,1,0.43384868,0.43384868,1.0810264,0.0,0.08298002,0.0,0.0,4.2432216e-08,-28.455357,2.3783057,0.7927686,0.136,0.0,0.1695294,12.370188,12.380188,3964800
hardzero_plus_depr__c0p58__z1p00__lam0p010__nu0p50__psi1p00,hardzero_plus_depr,0.01,40,1239,0.0,1,0.43384868,0.43384868,1.0414944,0.0,0.09088781,0.0,0.0,4.2009997e-08,-27.496439,2.2913334,0.76377785,0.112,0.0,0.14421837,12.380188,12.390188,3968000
hardzero_plus_depr__c0p58__z1p00__lam0p010__nu0p50__psi1p00,hardzero_plus_depr,0.01,40,1240,0.0,1,0.43384868,0.43384868,1.0554171,0.0,0.08802031,0.0,0.0,4.159198e-08,-27.314648,2.3219638,0.77398795,0.112,0.0,0.13236208,12.390188,12.400188,3971200
hardzero_plus_depr__c0p58__z1p00__lam0p010__nu0p50__psi1p00,hardzero_plus_depr,0.01,40,1241,0.0,1,0.43384868,0.43384868,1.0546869,0.0,0.08816843,0.0,0.0,4.1178126e-08,-27.739805,2.3203576,0.7734525,0.064,0.0,0.13213824,12.400188,12.410189,3974400
hardzero_plus_depr__c0p58__z1p00__lam0p010__nu0p50__psi1p00,hardzero_plus_depr,0.01,40,1242,0.0,1,0.43384868,0.43384868,1.0062044,0.0,0.09858155,0.0,0.0,4.0768384e-08,-27.144054,2.2136939,0.737898,0.14400001,0.0,0.1648295,12.410189,12.420189,3977600
hardzero_plus_depr__c0p58__z1p00__lam0p010__nu0p50__psi1p00,hardzero_plus_depr,0.01,40,1243,0.0,1,0.43384868,0.43384868,1.0408155,0.0,0.09103,0.0,0.0,4.0362725e-08,-26.612661,2.2898397,0.7632799,0.096,0.0,0.14689367,12.420189,12.430189,3980800
hardzero_plus_depr__c0p58__z1p00__lam0p010__nu0p50__psi1p00,hardzero_plus_depr,0.01,40,1244,0.0,1,0.43384868,0.43384868,1.0418651,0.0,0.09081026,0.0,0.0,3.99611e-08,-27.648302,2.292149,0.7640497,0.2,0.0,0.15831669,12.430189,12.440189,3984000
hardzero_plus_depr__c0p58__z1p00__lam0p010__nu0p50__psi1p00,hardzero_plus_depr,0.01,40,1245,0.0,1,0.43384868,0.43384868,1.0557748,0.0,0.08794783,0.0,0.0,3.9563474e-08,-27.809185,2.322751,0.7742504,0.16000001,0.0,0.16539268,12.440189,12.45019,3987200
hardzero_plus_depr__c0p58__z1p00__lam0p010__nu0p50__psi1p00,hardzero_plus_depr,0.01,40,1246,0.0,1,0.43384868,0.43384868,1.0178745,0.0,0.09596779,0.0,0.0,3.9169798e-08,-26.406908,2.2393687,0.74645627,0.16000001,0.0,0.14463119,12.45019,12.46019,3990400
hardzero_plus_depr__c0p58__z1p00__lam0p010__nu0p50__psi1p00,hardzero_plus_depr,0.01,40,1247,0.0,1,0.43384868,0.43384868,0.99483186,0.10119712,0.10119712,1.0,3.924429e-09,3.8780044e-08,-27.176231,2.1886737,0.72955793,0.136,0.0,0.12573366,12.46019,12.47019,3993600
hardzero_plus_depr__c0p58__z1p00__lam0p010__nu0p50__psi1p00,hardzero_plus_depr,0.01,40,1248,0.0,1,0.43384868,0.43384868,1.0054781,0.0,0.09874654,0.0,0.0,3.839417e-08,-27.940159,2.212096,0.73736537,0.22999999,0.0,0.14612478,12.47019,12.48019,3996800
hardzero_plus_depr__c0p58__z1p00__lam0p010__nu0p50__psi1p00,hardzero_plus_depr,0.01,40,1249,0.0,1,0.43384868,0.43384868,1.0675788,0.0,0.08558963,0.0,0.0,3.8012132e-08,-28.267641,2.3487203,0.7829068,0.14400001,0.0,0.1907365,12.48019,12.4901905,4000000
