mechanism_tag,alpha,family,seed,update,update_u,update_counter,energy_E_pre,energy_E_post,energy_E_raw,funding_z,funding_g,funding_g_raw,funding_cut_active,funding_income,funding_alpha_eff,support_s,debt_charge,debt_level_pre,debt_level_post,episode_return_end_mean,terminal_min_dists_end_mean,terminal_dbar_end,terminal_occupied_end_mean,terminal_CSR_train,vartd_VarTD,depr_F,depr_F_post
hardzero_only__c0p58__z1p00__lam0p000__nu0p50__psi0p00,0.072,support,38,0,1.0,1,1.0,0.4248,0.4248,1.0820855,0.0,0.082777925,0.0,0.0048,0.072,0.0048,0.0,0.0,0.0,-27.605452,2.3806355,0.7935452,0.11,0.0,0.15982054,0.0,0.0
hardzero_only__c0p58__z1p00__lam0p000__nu0p50__psi0p00,0.072,support,38,1,0.0,1,0.4248,0.4296,0.4296,1.0275104,0.0,0.09386196,0.0,0.0048,0.072,0.0048,0.0,0.0,0.0,-27.512161,2.260568,0.75352263,0.17600001,0.0,0.16420598,0.0,0.0
hardzero_only__c0p58__z1p00__lam0p000__nu0p50__psi0p00,0.072,support,38,2,0.0,1,0.4296,0.4344,0.4344,1.0117905,0.0,0.097321644,0.0,0.0048,0.072,0.0048,0.0,0.0,0.0,-26.828037,2.2259836,0.74199456,0.17600001,0.0,0.14578708,0.0,0.0
hardzero_only__c0p58__z1p00__lam0p000__nu0p50__psi0p00,0.072,support,38,3,0.0,1,0.4344,0.43919998,0.43919998,1.0120441,0.0,0.09726484,0.0,0.0048,0.072,0.0048,0.0,0.0,0.0,-26.771875,2.2265415,0.7421805,0.16800001,0.0,0.15549259,0.0,0.0
hardzero_only__c0p58__z1p00__lam0p000__nu0p50__psi0p00,0.072,support,38,4,0.0,1,0.43919998,0.44399998,0.44399998,1.0664916,0.0,0.08580416,0.0,0.0048,0.072,0.0048,0.0,0.0,0.0,-27.259026,2.3463285,0.7821095,0.136,0.0,0.16018406,0.0,0.0
hardzero_only__c0p58__z1p00__lam0p000__nu0p50__psi0p00,0.072,support,38,5,0.0,1,0.44399998,0.44879997,0.44879997,1.1097598,0.0,0.07766765,0.0,0.0048,0.072,0.0048,0.0,0.0,0.0,-28.411482,2.4415202,0.8138401,0.096,0.0,0.18801689,0.0,0.0
hardzero_only__c0p58__z1p00__lam0p000__nu0p50__psi0p00,0.072,support,38,6,0.0,1,0.44879997,0.45359996,0.45359996,1.077657,0.0,0.08362632,0.0,0.0048,0.072,0.0048,0.0,0.0,0.0,-27.629124,2.3708928,0.7902976,0.128,0.0,0.15429173,0.0,0.0
hardzero_only__c0p58__z1p00__lam0p000__nu0p50__psi0p00,0.072,support,38,7,0.0,1,0.45359996,0.45839995,0.45839995,1.08352,0.0,0.08250494,0.0,0.0048,0.072,0.0048,0.0,0.0,0.0,-27.47306,2.3837917,0.79459727,0.120000005,0.0,0.13392264,0.0,0.0
hardzero_only__c0p58__z1p00__lam0p000__nu0p50__psi0p00,0.072,support,38,8,0.0,1,0.45839995,0.46319994,0.46319994,1.0189674,0.0,0.095726594,0.0,0.0048,0.072,0.0048,0.0,0.0,0.0,-27.194399,2.2417731,0.7472577,0.16800001,0.0,0.15093914,0.0,0.0
hardzero_only__c0p58__z1p00__lam0p000__nu0p50__psi0p00,0.072,support,38,9,0.0,1,0.46319994,0.46799994,0.46799994,1.0299357,0.0,0.09333926,0.0,0.0048,0.072,0.0048,0.0,0.0,0.0,-27.1067,2.265904,0.75530136,0.14400001,0.0,0.14773187,0.0,0.0
hardzero_only__c0p58__z1p00__lam0p000__nu0p50__psi0p00,0.072,support,38,10,0.0,1,0.46799994,0.47279993,0.47279993,1.0529579,0.0,0.08852013,0.0,0.0048,0.072,0.0048,0.0,0.0,0.0,-27.50543,2.3165536,0.77218455,0.192,0.0,0.16645871,0.0,0.0
hardzero_only__c0p58__z1p00__lam0p000__nu0p50__psi0p00,0.072,support,38,11,0.0,1,0.47279993,0.47759992,0.47759992,1.026342,0.0,0.094114795,0.0,0.0048,0.072,0.0048,0.0,0.0,0.0,-27.74855,2.2579975,0.7526659,0.096,0.0,0.14521441,0.0,0.0
hardzero_only__c0p58__z1p00__lam0p000__nu0p50__psi0p00,0.072,support,38,12,0.0,1,0.47759992,0.4823999,0.4823999,1.0089883,0.0,0.09795164,0.0,0.0048,0.072,0.0048,0.0,0.0,0.0,-27.583681,2.2198186,0.7399396,0.15200001,0.0,0.17023255,0.0,0.0
hardzero_only__c0p58__z1p00__lam0p000__nu0p50__psi0p00,0.072,support,38,13,0.0,1,0.4823999,0.4871999,0.4871999,1.1193155,0.0,0.075977415,0.0,0.0048,0.072,0.0048,0.0,0.0,0.0,-28.83287,2.4625432,0.82084775,0.16,0.0,0.23039162,0.0,0.0
hardzero_only__c0p58__z1p00__lam0p000__nu0p50__psi0p00,0.072,support,38,14,0.0,1,0.4871999,0.49922335,0.49922335,0.9985879,0.10032569,0.10032569,1.0,0.012023449,0.072,0.0048,0.0,0.0,0.0,-26.17145,2.1969373,0.73231244,0.192,0.0,0.15510248,0.0,0.0
hardzero_only__c0p58__z1p00__lam0p000__nu0p50__psi0p00,0.072,support,38,15,0.0,1,0.49922335,0.5040234,0.5040234,1.0426277,0.0,0.09065094,0.0,0.0048,0.072,0.0048,0.0,0.0,0.0,-27.519022,2.2938268,0.764609,0.14400001,0.0,0.16071431,0.0,0.0
hardzero_only__c0p58__z1p00__lam0p000__nu0p50__psi0p00,0.072,support,38,16,0.0,1,0.5040234,0.5088234,0.5088234,1.0871007,0.0,0.081827484,0.0,0.0048,0.072,0.0048,0.0,0.0,0.0,-27.851978,2.3916695,0.7972232,0.136,0.0,0.16544615,0.0,0.0
hardzero_only__c0p58__z1p00__lam0p000__nu0p50__psi0p00,0.072,support,38,17,0.0,1,0.5088234,0.5136234,0.5136234,1.0839468,0.0,0.082423896,0.0,0.0048,0.072,0.0048,0.0,0.0,0.0,-28.236135,2.3847306,0.7949102,0.104,0.0,0.173383,0.0,0.0
hardzero_only__c0p58__z1p00__lam0p000__nu0p50__psi0p00,0.072,support,38,18,0.0,1,0.5136234,0.51842344,0.51842344,1.067319,0.0,0.08564084,0.0,0.0048,0.072,0.0048,0.0,0.0,0.0,-27.665398,2.3481488,0.7827163,0.104,0.0,0.18104814,0.0,0.0
hardzero_only__c0p58__z1p00__lam0p000__nu0p50__psi0p00,0.072,support,38,19,0.0,1,0.51842344,0.52322346,0.52322346,1.0152044,0.0,0.09655963,0.0,0.0048,0.072,0.0048,0.0,0.0,0.0,-27.815239,2.2334943,0.74449813,0.15200001,0.0,0.18656655,0.0,0.0
hardzero_only__c0p58__z1p00__lam0p000__nu0p50__psi0p00,0.072,support,38,20,0.0,1,0.52322346,0.5280235,0.5280235,1.040489,0.0,0.09109846,0.0,0.0048,0.072,0.0048,0.0,0.0,0.0,-27.263287,2.2891214,0.7630405,0.14400001,0.0,0.1738492,0.0,0.0
hardzero_only__c0p58__z1p00__lam0p000__nu0p50__psi0p00,0.072,support,38,21,0.0,1,0.5280235,0.5328235,0.5328235,1.0477034,0.0,0.08959765,0.0,0.0048,0.072,0.0048,0.0,0.0,0.0,-27.6249,2.3049934,0.76833117,0.14400001,0.0,0.18873739,0.0,0.0
hardzero_only__c0p58__z1p00__lam0p000__nu0p50__psi0p00,0.072,support,38,22,0.0,1,0.5328235,0.5376235,0.5376235,1.0230066,0.0,0.09484042,0.0,0.0048,0.072,0.0048,0.0,0.0,0.0,-27.026098,2.2506595,0.7502198,0.17600001,0.0,0.17418103,0.0,0.0
hardzero_only__c0p58__z1p00__lam0p000__nu0p50__psi0p00,0.072,support,38,23,0.0,1,0.5376235,0.54242355,0.54242355,1.047077,0.0,0.089726985,0.0,0.0048,0.072,0.0048,0.0,0.0,0.0,-27.815641,2.3036153,0.7678718,0.15200001,0.0,0.14255652,0.0,0.0
hardzero_only__c0p58__z1p00__lam0p000__nu0p50__psi0p00,0.072,support,38,24,0.0,1,0.54242355,0.54722357,0.54722357,1.1137477,0.0,0.07695773,0.0,0.0048,0.072,0.0048,0.0,0.0,0.0,-29.127272,2.450294,0.8167647,0.112,0.0,0.17430909,0.0,0.0
hardzero_only__c0p58__z1p00__lam0p000__nu0p50__psi0p00,0.072,support,38,25,0.0,1,0.54722357,0.5520236,0.5520236,1.067909,0.0,0.085524574,0.0,0.0048,0.072,0.0048,0.0,0.0,0.0,-28.41947,2.3494468,0.78314894,0.192,0.0,0.20276266,0.0,0.0
hardzero_only__c0p58__z1p00__lam0p000__nu0p50__psi0p00,0.072,support,38,26,0.0,1,0.5520236,0.5568236,0.5568236,1.056417,0.0,0.087817885,0.0,0.0048,0.072,0.0048,0.0,0.0,0.0,-27.826595,2.3241637,0.77472126,0.089999996,0.0,0.20303312,0.0,0.0
hardzero_only__c0p58__z1p00__lam0p000__nu0p50__psi0p00,0.072,support,38,27,0.0,1,0.5568236,0.56162363,0.56162363,1.082683,0.0,0.08266411,0.0,0.0048,0.072,0.0048,0.0,0.0,0.0,-28.367584,2.3819501,0.7939834,0.136,0.0,0.15831745,0.0,0.0
hardzero_only__c0p58__z1p00__lam0p000__nu0p50__psi0p00,0.072,support,38,28,0.0,1,0.56162363,0.56642365,0.56642365,1.0148923,0.0,0.096629046,0.0,0.0048,0.072,0.0048,0.0,0.0,0.0,-27.253883,2.2328076,0.74426925,0.128,0.0,0.1692182,0.0,0.0
hardzero_only__c0p58__z1p00__lam0p000__nu0p50__psi0p00,0.072,support,38,29,0.0,1,0.56642365,0.5712237,0.5712237,1.0833848,0.0,0.082530655,0.0,0.0048,0.072,0.0048,0.0,0.0,0.0,-28.378778,2.3834941,0.7944981,0.14400001,0.0,0.16770878,0.0,0.0
hardzero_only__c0p58__z1p00__lam0p000__nu0p50__psi0p00,0.072,support,38,30,0.0,1,0.5712237,0.5760237,0.5760237,1.0123818,0.0,0.09718925,0.0,0.0048,0.072,0.0048,0.0,0.0,0.0,-26.951456,2.2272844,0.7424282,0.15200001,0.008,0.16299741,0.0,0.0
hardzero_only__c0p58__z1p00__lam0p000__nu0p50__psi0p00,0.072,support,38,31,0.0,1,0.5760237,0.5808237,0.5808237,1.0652817,0.0,0.08604354,0.0,0.0048,0.072,0.0048,0.0,0.0,0.0,-28.503918,2.3436666,0.7812222,0.128,0.0,0.17574123,0.0,0.0
hardzero_only__c0p58__z1p00__lam0p000__nu0p50__psi0p00,0.072,support,38,32,1.0,2,0.5808237,0.0056237364,0.0056237364,1.0680541,0.0,0.085496016,0.0,0.0048,0.072,0.0048,0.0,0.0,0.0,-27.383541,2.349766,0.78325534,0.112,0.0,0.15454674,0.0,0.0
hardzero_only__c0p58__z1p00__lam0p000__nu0p50__psi0p00,0.072,support,38,33,0.0,2,0.0056237364,0.010423737,0.010423737,1.0426456,0.0,0.090647206,0.0,0.0048,0.072,0.0048,0.0,0.0,0.0,-28.455376,2.2938662,0.7646221,0.096,0.0,0.14551032,0.0,0.0
hardzero_only__c0p58__z1p00__lam0p000__nu0p50__psi0p00,0.072,support,38,34,0.0,2,0.010423737,0.015223737,0.015223737,1.0544093,0.0,0.0882248,0.0,0.0048,0.072,0.0048,0.0,0.0,0.0,-27.896511,2.3197467,0.7732489,0.16000001,0.0,0.17605221,0.0,0.0
hardzero_only__c0p58__z1p00__lam0p000__nu0p50__psi0p00,0.072,support,38,35,0.0,2,0.015223737,0.020023737,0.020023737,1.0156827,0.0,0.09645335,0.0,0.0048,0.072,0.0048,0.0,0.0,0.0,-27.897911,2.2345464,0.74484885,0.2,0.0,0.15381742,0.0,0.0
hardzero_only__c0p58__z1p00__lam0p000__nu0p50__psi0p00,0.072,support,38,36,0.0,2,0.020023737,0.024823736,0.024823736,1.0636675,0.0,0.08636393,0.0,0.0048,0.072,0.0048,0.0,0.0,0.0,-28.526468,2.3401153,0.7800385,0.14400001,0.0,0.1955434,0.0,0.0
hardzero_only__c0p58__z1p00__lam0p000__nu0p50__psi0p00,0.072,support,38,37,0.0,2,0.024823736,0.029623736,0.029623736,1.0239711,0.0,0.09463,0.0,0.0048,0.072,0.0048,0.0,0.0,0.0,-27.043491,2.2527814,0.75092715,0.16800001,0.0,0.13926357,0.0,0.0
hardzero_only__c0p58__z1p00__lam0p000__nu0p50__psi0p00,0.072,support,38,38,0.0,2,0.029623736,0.034423735,0.034423735,1.049949,0.0,0.08913555,0.0,0.0048,0.072,0.0048,0.0,0.0,0.0,-27.706299,2.3099341,0.76997805,0.096,0.0,0.19157945,0.0,0.0
hardzero_only__c0p58__z1p00__lam0p000__nu0p50__psi0p00,0.072,support,38,39,0.0,2,0.034423735,0.039223734,0.039223734,1.0749437,0.0,0.08415042,0.0,0.0048,0.072,0.0048,0.0,0.0,0.0,-27.699236,2.3649232,0.7883078,0.14999999,0.0,0.18168205,0.0,0.0
hardzero_only__c0p58__z1p00__lam0p000__nu0p50__psi0p00,0.072,support,38,40,0.0,2,0.039223734,0.044023734,0.044023734,1.0172474,0.0,0.09610646,0.0,0.0048,0.072,0.0048,0.0,0.0,0.0,-27.422974,2.237989,0.74599636,0.192,0.0,0.15042788,0.0,0.0
hardzero_only__c0p58__z1p00__lam0p000__nu0p50__psi0p00,0.072,support,38,41,0.0,2,0.044023734,0.056196265,0.056196265,0.9897157,0.1023963,0.1023963,1.0,0.012172533,0.072,0.0048,0.0,0.0,0.0,-26.017773,2.177418,0.725806,0.16800001,0.0,0.16216242,0.0,0.0
hardzero_only__c0p58__z1p00__lam0p000__nu0p50__psi0p00,0.072,support,38,42,0.0,2,0.056196265,0.060996264,0.060996264,1.0067621,0.0,0.09845501,0.0,0.0048,0.072,0.0048,0.0,0.0,0.0,-26.550472,2.214921,0.738307,0.16000001,0.0,0.1573344,0.0,0.0
hardzero_only__c0p58__z1p00__lam0p000__nu0p50__psi0p00,0.072,support,38,43,0.0,2,0.060996264,0.06579626,0.06579626,1.0342771,0.0,0.09241084,0.0,0.0048,0.072,0.0048,0.0,0.0,0.0,-27.441269,2.275455,0.758485,0.17600001,0.0,0.14280716,0.0,0.0
hardzero_only__c0p58__z1p00__lam0p000__nu0p50__psi0p00,0.072,support,38,44,0.0,2,0.06579626,0.07059626,0.07059626,1.0823259,0.0,0.0827321,0.0,0.0048,0.072,0.0048,0.0,0.0,0.0,-28.56836,2.3811646,0.79372156,0.128,0.0,0.17789066,0.0,0.0
hardzero_only__c0p58__z1p00__lam0p000__nu0p50__psi0p00,0.072,support,38,45,0.0,2,0.07059626,0.08301807,0.08301807,0.97527444,0.10585845,0.10585845,1.0,0.012421809,0.072,0.0048,0.0,0.0,0.0,-26.786045,2.1456466,0.71521556,0.16000001,0.0,0.17423412,0.0,0.0
hardzero_only__c0p58__z1p00__lam0p000__nu0p50__psi0p00,0.072,support,38,46,0.0,2,0.08301807,0.08781807,0.08781807,1.0309368,0.0,0.09312433,0.0,0.0048,0.072,0.0048,0.0,0.0,0.0,-27.194878,2.2681065,0.7560355,0.14400001,0.0,0.16383167,0.0,0.0
hardzero_only__c0p58__z1p00__lam0p000__nu0p50__psi0p00,0.072,support,38,47,0.0,2,0.08781807,0.09261807,0.09261807,1.0202148,0.0,0.09545204,0.0,0.0048,0.072,0.0048,0.0,0.0,0.0,-27.306278,2.2445173,0.74817246,0.17600001,0.0,0.14182062,0.0,0.0
hardzero_only__c0p58__z1p00__lam0p000__nu0p50__psi0p00,0.072,support,38,48,0.0,2,0.09261807,0.09741807,0.09741807,1.0032895,0.0,0.09924543,0.0,0.0048,0.072,0.0048,0.0,0.0,0.0,-27.072447,2.2072809,0.73576033,0.16000001,0.0,0.15643169,0.0,0.0
hardzero_only__c0p58__z1p00__lam0p000__nu0p50__psi0p00,0.072,support,38,49,0.0,2,0.09741807,0.10965386,0.10965386,0.98600554,0.10327483,0.10327483,1.0,0.012235788,0.072,0.0048,0.0,0.0,0.0,-26.471771,2.1692555,0.72308517,0.2,0.0,0.16074245,0.0,0.0
hardzero_only__c0p58__z1p00__lam0p000__nu0p50__psi0p00,0.072,support,38,50,0.0,2,0.10965386,0.11445386,0.11445386,1.0747947,0.0,0.08417932,0.0,0.0048,0.072,0.0048,0.0,0.0,0.0,-28.31046,2.3645954,0.7881985,0.120000005,0.0,0.15763919,0.0,0.0
hardzero_only__c0p58__z1p00__lam0p000__nu0p50__psi0p00,0.072,support,38,51,0.0,2,0.11445386,0.11925386,0.11925386,1.0331181,0.0,0.092657775,0.0,0.0048,0.072,0.0048,0.0,0.0,0.0,-26.886087,2.2729053,0.7576351,0.080000006,0.0,0.13158898,0.0,0.0
hardzero_only__c0p58__z1p00__lam0p000__nu0p50__psi0p00,0.072,support,38,52,0.0,2,0.11925386,0.12405386,0.12405386,1.0104232,0.0,0.09762855,0.0,0.0048,0.072,0.0048,0.0,0.0,0.0,-26.522762,2.2229755,0.74099183,0.11,0.0,0.1585619,0.0,0.0
hardzero_only__c0p58__z1p00__lam0p000__nu0p50__psi0p00,0.072,support,38,53,0.0,2,0.12405386,0.12885386,0.12885386,1.0290886,0.0,0.09352148,0.0,0.0048,0.072,0.0048,0.0,0.0,0.0,-27.672043,2.2640402,0.7546801,0.17600001,0.0,0.16028155,0.0,0.0
hardzero_only__c0p58__z1p00__lam0p000__nu0p50__psi0p00,0.072,support,38,54,0.0,2,0.12885386,0.13365386,0.13365386,1.0507972,0.0,0.08896165,0.0,0.0048,0.072,0.0048,0.0,0.0,0.0,-28.514244,2.3118,0.7706,0.16800001,0.0,0.17696168,0.0,0.0
hardzero_only__c0p58__z1p00__lam0p000__nu0p50__psi0p00,0.072,support,38,55,0.0,2,0.13365386,0.13845387,0.13845387,1.0274976,0.0,0.09386471,0.0,0.0048,0.072,0.0048,0.0,0.0,0.0,-27.755095,2.26054,0.75351334,0.128,0.0,0.14772114,0.0,0.0
hardzero_only__c0p58__z1p00__lam0p000__nu0p50__psi0p00,0.072,support,38,56,0.0,2,0.13845387,0.14325388,0.14325388,1.0797805,0.0,0.08321843,0.0,0.0048,0.072,0.0048,0.0,0.0,0.0,-27.592758,2.3755643,0.7918548,0.128,0.0,0.17422517,0.0,0.0
hardzero_only__c0p58__z1p00__lam0p000__nu0p50__psi0p00,0.072,support,38,57,0.0,2,0.14325388,0.14805388,0.14805388,1.0272474,0.0,0.09391879,0.0,0.0048,0.072,0.0048,0.0,0.0,0.0,-26.736319,2.2599895,0.7533299,0.080000006,0.0,0.14146273,0.0,0.0
hardzero_only__c0p58__z1p00__lam0p000__nu0p50__psi0p00,0.072,support,38,58,0.0,2,0.14805388,0.15285389,0.15285389,1.0419132,0.0,0.09080021,0.0,0.0048,0.072,0.0048,0.0,0.0,0.0,-27.870394,2.2922547,0.76408494,0.15200001,0.0,0.15884572,0.0,0.0
hardzero_only__c0p58__z1p00__lam0p000__nu0p50__psi0p00,0.072,support,38,59,0.0,2,0.15285389,0.1576539,0.1576539,1.0043623,0.0,0.099000566,0.0,0.0048,0.072,0.0048,0.0,0.0,0.0,-27.366817,2.2096412,0.7365471,0.208,0.0,0.15015167,0.0,0.0
hardzero_only__c0p58__z1p00__lam0p000__nu0p50__psi0p00,0.072,support,38,60,0.0,2,0.1576539,0.1624539,0.1624539,1.0525547,0.0,0.08860235,0.0,0.0048,0.072,0.0048,0.0,0.0,0.0,-27.718697,2.3156667,0.7718889,0.136,0.0,0.15472396,0.0,0.0
hardzero_only__c0p58__z1p00__lam0p000__nu0p50__psi0p00,0.072,support,38,61,0.0,2,0.1624539,0.16725391,0.16725391,1.0445557,0.0,0.090249404,0.0,0.0048,0.072,0.0048,0.0,0.0,0.0,-28.333761,2.2980683,0.7660228,0.16000001,0.0,0.17813256,0.0,0.0
hardzero_only__c0p58__z1p00__lam0p000__nu0p50__psi0p00,0.072,support,38,62,0.0,2,0.16725391,0.17205392,0.17205392,1.0403281,0.0,0.091132194,0.0,0.0048,0.072,0.0048,0.0,0.0,0.0,-26.80054,2.2887676,0.7629225,0.16000001,0.008,0.16117415,0.0,0.0
hardzero_only__c0p58__z1p00__lam0p000__nu0p50__psi0p00,0.072,support,38,63,0.0,2,0.17205392,0.17685392,0.17685392,1.0337017,0.0,0.09253336,0.0,0.0048,0.072,0.0048,0.0,0.0,0.0,-27.157005,2.274189,0.758063,0.104,0.0,0.13953388,0.0,0.0
hardzero_only__c0p58__z1p00__lam0p000__nu0p50__psi0p00,0.072,support,38,64,0.0,2,0.17685392,0.18165393,0.18165393,1.0557157,0.0,0.08795981,0.0,0.0048,0.072,0.0048,0.0,0.0,0.0,-27.500305,2.3226209,0.774207,0.120000005,0.0,0.17404477,0.0,0.0
hardzero_only__c0p58__z1p00__lam0p000__nu0p50__psi0p00,0.072,support,38,65,0.0,2,0.18165393,0.18645394,0.18645394,1.0226228,0.0,0.094924256,0.0,0.0048,0.072,0.0048,0.0,0.0,0.0,-27.600277,2.2498152,0.7499384,0.25,0.0,0.15434434,0.0,0.0
hardzero_only__c0p58__z1p00__lam0p000__nu0p50__psi0p00,0.072,support,38,66,0.0,2,0.18645394,0.19125395,0.19125395,1.0230998,0.0,0.094820045,0.0,0.0048,0.072,0.0048,0.0,0.0,0.0,-27.7488,2.2508645,0.7502882,0.15200001,0.0,0.18797056,0.0,0.0
hardzero_only__c0p58__z1p00__lam0p000__nu0p50__psi0p00,0.072,support,38,67,0.0,2,0.19125395,0.19605395,0.19605395,1.0215136,0.0,0.095166996,0.0,0.0048,0.072,0.0048,0.0,0.0,0.0,-27.32338,2.2473748,0.74912494,0.120000005,0.0,0.15900828,0.0,0.0
hardzero_only__c0p58__z1p00__lam0p000__nu0p50__psi0p00,0.072,support,38,68,0.0,2,0.19605395,0.20085396,0.20085396,1.0371962,0.0,0.091791786,0.0,0.0048,0.072,0.0048,0.0,0.0,0.0,-26.67804,2.281877,0.7606257,0.192,0.0,0.15630744,0.0,0.0
hardzero_only__c0p58__z1p00__lam0p000__nu0p50__psi0p00,0.072,support,38,69,0.0,2,0.20085396,0.20565397,0.20565397,1.0174868,0.0,0.096053496,0.0,0.0048,0.072,0.0048,0.0,0.0,0.0,-27.01995,2.2385156,0.7461719,0.208,0.0,0.14133957,0.0,0.0
hardzero_only__c0p58__z1p00__lam0p000__nu0p50__psi0p00,0.072,support,38,70,0.0,2,0.20565397,0.2177197,0.2177197,0.99605316,0.10091294,0.10091294,1.0,0.012065732,0.072,0.0048,0.0,0.0,0.0,-26.817623,2.1913607,0.7304536,0.15200001,0.0,0.15451539,0.0,0.0
hardzero_only__c0p58__z1p00__lam0p000__nu0p50__psi0p00,0.072,support,38,71,0.0,2,0.2177197,0.22251971,0.22251971,1.0626596,0.0,0.086564615,0.0,0.0048,0.072,0.0048,0.0,0.0,0.0,-27.920774,2.3378978,0.77929926,0.14400001,0.0,0.18740685,0.0,0.0
hardzero_only__c0p58__z1p00__lam0p000__nu0p50__psi0p00,0.072,support,38,72,0.0,2,0.22251971,0.22731972,0.22731972,1.0460712,0.0,0.089935035,0.0,0.0048,0.072,0.0048,0.0,0.0,0.0,-27.77556,2.3014026,0.7671342,0.120000005,0.0,0.14782223,0.0,0.0
hardzero_only__c0p58__z1p00__lam0p000__nu0p50__psi0p00,0.072,support,38,73,0.0,2,0.22731972,0.23211972,0.23211972,1.0076103,0.0,0.098262906,0.0,0.0048,0.072,0.0048,0.0,0.0,0.0,-27.821798,2.2167869,0.738929,0.23200001,0.0,0.17033069,0.0,0.0
hardzero_only__c0p58__z1p00__lam0p000__nu0p50__psi0p00,0.072,support,38,74,0.0,2,0.23211972,0.24509342,0.24509342,0.9449139,0.11352357,0.11352357,1.0,0.012973697,0.072,0.0048,0.0,0.0,0.0,-25.927446,2.0788522,0.6929507,0.216,0.0,0.12384546,0.0,0.0
hardzero_only__c0p58__z1p00__lam0p000__nu0p50__psi0p00,0.072,support,38,75,0.0,2,0.24509342,0.2573979,0.2573979,0.982013,0.10422862,0.10422862,1.0,0.012304461,0.072,0.0048,0.0,0.0,0.0,-27.015593,2.1604717,0.72015727,0.24000001,0.0,0.17389825,0.0,0.0
hardzero_only__c0p58__z1p00__lam0p000__nu0p50__psi0p00,0.072,support,38,76,0.0,2,0.2573979,0.26219788,0.26219788,1.0373328,0.0,0.09176292,0.0,0.0048,0.072,0.0048,0.0,0.0,0.0,-27.313896,2.2821777,0.7607259,0.096,0.0,0.1515047,0.0,0.0
hardzero_only__c0p58__z1p00__lam0p000__nu0p50__psi0p00,0.072,support,38,77,0.0,2,0.26219788,0.26699787,0.26699787,1.0574983,0.0,0.08759951,0.0,0.0048,0.072,0.0048,0.0,0.0,0.0,-27.702942,2.3265429,0.7755143,0.136,0.0,0.17991042,0.0,0.0
hardzero_only__c0p58__z1p00__lam0p000__nu0p50__psi0p00,0.072,support,38,78,0.0,2,0.26699787,0.27179787,0.27179787,1.0359453,0.0,0.09205656,0.0,0.0048,0.072,0.0048,0.0,0.0,0.0,-27.67158,2.2791252,0.7597084,0.089999996,0.0,0.14029455,0.0,0.0
hardzero_only__c0p58__z1p00__lam0p000__nu0p50__psi0p00,0.072,support,38,79,0.0,2,0.27179787,0.27659786,0.27659786,1.0393977,0.0,0.091327645,0.0,0.0048,0.072,0.0048,0.0,0.0,0.0,-28.404772,2.2867208,0.7622403,0.17600001,0.0,0.17997956,0.0,0.0
hardzero_only__c0p58__z1p00__lam0p000__nu0p50__psi0p00,0.072,support,38,80,0.0,2,0.27659786,0.28139785,0.28139785,1.042097,0.0,0.09076178,0.0,0.0048,0.072,0.0048,0.0,0.0,0.0,-27.518929,2.292659,0.7642197,0.14400001,0.0,0.16152151,0.0,0.0
hardzero_only__c0p58__z1p00__lam0p000__nu0p50__psi0p00,0.072,support,38,81,0.0,2,0.28139785,0.28619784,0.28619784,1.0456474,0.0,0.09002282,0.0,0.0048,0.072,0.0048,0.0,0.0,0.0,-27.638535,2.30047,0.7668234,0.16800001,0.0,0.15192904,0.0,0.0
hardzero_only__c0p58__z1p00__lam0p000__nu0p50__psi0p00,0.072,support,38,82,0.0,2,0.28619784,0.29099783,0.29099783,1.0796705,0.0,0.08323949,0.0,0.0048,0.072,0.0048,0.0,0.0,0.0,-28.739494,2.3753226,0.7917742,0.136,0.0,0.16021188,0.0,0.0
hardzero_only__c0p58__z1p00__lam0p000__nu0p50__psi0p00,0.072,support,38,83,0.0,2,0.29099783,0.30308735,0.30308735,0.99463344,0.10124337,0.10124337,1.0,0.012089523,0.072,0.0048,0.0,0.0,0.0,-26.553463,2.1882372,0.72941244,0.104,0.0,0.14996704,0.0,0.0
hardzero_only__c0p58__z1p00__lam0p000__nu0p50__psi0p00,0.072,support,38,84,0.0,2,0.30308735,0.30788735,0.30788735,1.004019,0.0,0.09907884,0.0,0.0048,0.072,0.0048,0.0,0.0,0.0,-26.852312,2.208886,0.73629534,0.192,0.0,0.1528362,0.0,0.0
hardzero_only__c0p58__z1p00__lam0p000__nu0p50__psi0p00,0.072,support,38,85,0.0,2,0.30788735,0.31268734,0.31268734,1.0557742,0.0,0.087947965,0.0,0.0048,0.072,0.0048,0.0,0.0,0.0,-27.39135,2.3227496,0.7742499,0.120000005,0.0,0.15739694,0.0,0.0
hardzero_only__c0p58__z1p00__lam0p000__nu0p50__psi0p00,0.072,support,38,86,0.0,2,0.31268734,0.32498398,0.32498398,0.98246604,0.104119934,0.104119934,1.0,0.012296636,0.072,0.0048,0.0,0.0,0.0,-26.284874,2.1614685,0.7204895,0.16000001,0.0,0.17306262,0.0,0.0
hardzero_only__c0p58__z1p00__lam0p000__nu0p50__psi0p00,0.072,support,38,87,0.0,2,0.32498398,0.32978398,0.32978398,1.0292542,0.0,0.09348584,0.0,0.0048,0.072,0.0048,0.0,0.0,0.0,-27.249142,2.2644045,0.7548015,0.136,0.0,0.17606446,0.0,0.0
hardzero_only__c0p58__z1p00__lam0p000__nu0p50__psi0p00,0.072,support,38,88,0.0,2,0.32978398,0.34185,0.34185,0.99603474,0.100917205,0.100917205,1.0,0.012066038,0.072,0.0048,0.0,0.0,0.0,-26.60956,2.1913202,0.7304401,0.16800001,0.0,0.15364991,0.0,0.0
hardzero_only__c0p58__z1p00__lam0p000__nu0p50__psi0p00,0.072,support,38,89,0.0,2,0.34185,0.34665,0.34665,1.0507737,0.0,0.088966444,0.0,0.0048,0.072,0.0048,0.0,0.0,0.0,-27.267296,2.3117483,0.7705828,0.112,0.0,0.18568112,0.0,0.0
hardzero_only__c0p58__z1p00__lam0p000__nu0p50__psi0p00,0.072,support,38,90,0.0,2,0.34665,0.3594747,0.3594747,0.95290494,0.111453846,0.111453846,1.0,0.012824677,0.072,0.0048,0.0,0.0,0.0,-26.766272,2.0964327,0.69881094,0.2,0.0,0.17134586,0.0,0.0
hardzero_only__c0p58__z1p00__lam0p000__nu0p50__psi0p00,0.072,support,38,91,0.0,2,0.3594747,0.36427468,0.36427468,1.0341262,0.0,0.092442945,0.0,0.0048,0.072,0.0048,0.0,0.0,0.0,-27.245253,2.275123,0.75837433,0.19,0.0,0.18065599,0.0,0.0
hardzero_only__c0p58__z1p00__lam0p000__nu0p50__psi0p00,0.072,support,38,92,0.0,2,0.36427468,0.36907467,0.36907467,1.0676273,0.0,0.08558007,0.0,0.0048,0.072,0.0048,0.0,0.0,0.0,-27.75342,2.348827,0.7829423,0.15200001,0.0,0.16843358,0.0,0.0
hardzero_only__c0p58__z1p00__lam0p000__nu0p50__psi0p00,0.072,support,38,93,0.0,2,0.36907467,0.37387466,0.37387466,1.0411663,0.0,0.09095648,0.0,0.0048,0.072,0.0048,0.0,0.0,0.0,-27.274536,2.2906115,0.76353717,0.15200001,0.0,0.16193216,0.0,0.0
hardzero_only__c0p58__z1p00__lam0p000__nu0p50__psi0p00,0.072,support,38,94,0.0,2,0.37387466,0.37867466,0.37867466,1.0627614,0.0,0.08654431,0.0,0.0048,0.072,0.0048,0.0,0.0,0.0,-27.649092,2.338122,0.779374,0.14400001,0.0,0.17089039,0.0,0.0
hardzero_only__c0p58__z1p00__lam0p000__nu0p50__psi0p00,0.072,support,38,95,0.0,2,0.37867466,0.39087126,0.39087126,0.98830014,0.102730595,0.102730595,1.0,0.012196602,0.072,0.0048,0.0,0.0,0.0,-26.212996,2.1743038,0.7247679,0.208,0.0,0.13703547,0.0,0.0
hardzero_only__c0p58__z1p00__lam0p000__nu0p50__psi0p00,0.072,support,38,96,0.0,2,0.39087126,0.39567125,0.39567125,1.004905,0.0,0.09887694,0.0,0.0048,0.072,0.0048,0.0,0.0,0.0,-26.498428,2.2108352,0.7369451,0.17600001,0.0,0.14570454,0.0,0.0
hardzero_only__c0p58__z1p00__lam0p000__nu0p50__psi0p00,0.072,support,38,97,0.0,2,0.39567125,0.40047124,0.40047124,1.0220758,0.0,0.0950439,0.0,0.0048,0.072,0.0048,0.0,0.0,0.0,-26.381506,2.2486117,0.7495372,0.16000001,0.0,0.1549343,0.0,0.0
hardzero_only__c0p58__z1p00__lam0p000__nu0p50__psi0p00,0.072,support,38,98,0.0,2,0.40047124,0.41308764,0.41308764,0.9643263,0.10856095,0.10856095,1.0,0.0126163885,0.072,0.0048,0.0,0.0,0.0,-26.485413,2.1215603,0.7071868,0.18400002,0.0,0.13887915,0.0,0.0
hardzero_only__c0p58__z1p00__lam0p000__nu0p50__psi0p00,0.072,support,38,99,0.0,2,0.41308764,0.4260121,0.4260121,0.9475379,0.112839736,0.112839736,1.0,0.012924461,0.072,0.0048,0.0,0.0,0.0,-25.885233,2.084625,0.694875,0.18400002,0.0,0.15059665,0.0,0.0
hardzero_only__c0p58__z1p00__lam0p000__nu0p50__psi0p00,0.072,support,38,100,0.0,2,0.4260121,0.4308121,0.4308121,1.064504,0.0,0.086197756,0.0,0.0048,0.072,0.0048,0.0,0.0,0.0,-28.61693,2.3419557,0.7806519,0.128,0.0,0.17348552,0.0,0.0
hardzero_only__c0p58__z1p00__lam0p000__nu0p50__psi0p00,0.072,support,38,101,0.0,2,0.4308121,0.43561208,0.43561208,1.075768,0.0,0.08399085,0.0,0.0048,0.072,0.0048,0.0,0.0,0.0,-28.223543,2.366737,0.7889123,0.16000001,0.0,0.18247236,0.0,0.0
hardzero_only__c0p58__z1p00__lam0p000__nu0p50__psi0p00,0.072,support,38,102,0.0,2,0.43561208,0.44041207,0.44041207,1.0204927,0.0,0.095390975,0.0,0.0048,0.072,0.0048,0.0,0.0,0.0,-27.397247,2.2451286,0.74837625,0.2,0.008,0.15680715,0.0,0.0
hardzero_only__c0p58__z1p00__lam0p000__nu0p50__psi0p00,0.072,support,38,103,0.0,2,0.44041207,0.44521207,0.44521207,1.0218034,0.0,0.09510353,0.0,0.0048,0.072,0.0048,0.0,0.0,0.0,-26.527592,2.2480123,0.74933743,0.120000005,0.0,0.15459946,0.0,0.0
hardzero_only__c0p58__z1p00__lam0p000__nu0p50__psi0p00,0.072,support,38,104,0.0,2,0.44521207,0.45001206,0.45001206,1.0863055,0.0,0.08197747,0.0,0.0048,0.072,0.0048,0.0,0.0,0.0,-28.063242,2.3899198,0.7966399,0.099999994,0.0,0.21389146,0.0,0.0
hardzero_only__c0p58__z1p00__lam0p000__nu0p50__psi0p00,0.072,support,38,105,0.0,2,0.45001206,0.46203443,0.46203443,0.9986522,0.10031083,0.10031083,1.0,0.01202238,0.072,0.0048,0.0,0.0,0.0,-26.773455,2.1970787,0.7323596,0.16800001,0.0,0.14578514,0.0,0.0
hardzero_only__c0p58__z1p00__lam0p000__nu0p50__psi0p00,0.072,support,38,106,0.0,2,0.46203443,0.46683443,0.46683443,1.0306122,0.0,0.09319396,0.0,0.0048,0.072,0.0048,0.0,0.0,0.0,-27.582533,2.2673922,0.7557974,0.128,0.0,0.16830455,0.0,0.0
hardzero_only__c0p58__z1p00__lam0p000__nu0p50__psi0p00,0.072,support,38,107,0.0,2,0.46683443,0.47163442,0.47163442,1.0203897,0.0,0.09541361,0.0,0.0048,0.072,0.0048,0.0,0.0,0.0,-26.593788,2.2449021,0.74830073,0.136,0.0,0.15145826,0.0,0.0
hardzero_only__c0p58__z1p00__lam0p000__nu0p50__psi0p00,0.072,support,38,108,0.0,2,0.47163442,0.4764344,0.4764344,1.0278466,0.0,0.093789324,0.0,0.0048,0.072,0.0048,0.0,0.0,0.0,-27.3267,2.2613077,0.7537693,0.17600001,0.0,0.15262745,0.0,0.0
hardzero_only__c0p58__z1p00__lam0p000__nu0p50__psi0p00,0.072,support,38,109,0.0,2,0.4764344,0.48891264,0.48891264,0.9720719,0.10664197,0.10664197,1.0,0.012478221,0.072,0.0048,0.0,0.0,0.0,-25.299152,2.1386008,0.71286696,0.15200001,0.0,0.14172296,0.0,0.0
hardzero_only__c0p58__z1p00__lam0p000__nu0p50__psi0p00,0.072,support,38,110,0.0,2,0.48891264,0.49371263,0.49371263,1.0037613,0.0,0.09913766,0.0,0.0048,0.072,0.0048,0.0,0.0,0.0,-26.598093,2.208319,0.73610634,0.120000005,0.0,0.17790242,0.0,0.0
hardzero_only__c0p58__z1p00__lam0p000__nu0p50__psi0p00,0.072,support,38,111,0.0,2,0.49371263,0.49851263,0.49851263,1.011659,0.0,0.09735113,0.0,0.0048,0.072,0.0048,0.0,0.0,0.0,-26.574461,2.2256942,0.74189806,0.18400002,0.0,0.1419079,0.0,0.0
hardzero_only__c0p58__z1p00__lam0p000__nu0p50__psi0p00,0.072,support,38,112,0.0,2,0.49851263,0.51061,0.51061,0.99416566,0.10135248,0.10135248,1.0,0.012097379,0.072,0.0048,0.0,0.0,0.0,-25.90682,2.1872082,0.7290694,0.192,0.0,0.15381603,0.0,0.0
hardzero_only__c0p58__z1p00__lam0p000__nu0p50__psi0p00,0.072,support,38,113,0.0,2,0.51061,0.51541,0.51541,1.0570824,0.0,0.08768344,0.0,0.0048,0.072,0.0048,0.0,0.0,0.0,-27.531454,2.3256278,0.7752093,0.08800001,0.0,0.1714016,0.0,0.0
hardzero_only__c0p58__z1p00__lam0p000__nu0p50__psi0p00,0.072,support,38,114,0.0,2,0.51541,0.52021,0.52021,1.0348542,0.0,0.092288114,0.0,0.0048,0.072,0.0048,0.0,0.0,0.0,-28.04766,2.2767246,0.7589082,0.16800001,0.0,0.1535674,0.0,0.0
hardzero_only__c0p58__z1p00__lam0p000__nu0p50__psi0p00,0.072,support,38,115,0.0,2,0.52021,0.52501005,0.52501005,1.0403209,0.0,0.09113371,0.0,0.0048,0.072,0.0048,0.0,0.0,0.0,-27.621714,2.2887516,0.7629172,0.16000001,0.0,0.15968545,0.0,0.0
hardzero_only__c0p58__z1p00__lam0p000__nu0p50__psi0p00,0.072,support,38,116,0.0,2,0.52501005,0.5371175,0.5371175,0.9935688,0.10149186,0.10149186,1.0,0.012107413,0.072,0.0048,0.0,0.0,0.0,-26.960985,2.185895,0.7286317,0.15200001,0.0,0.16564699,0.0,0.0
hardzero_only__c0p58__z1p00__lam0p000__nu0p50__psi0p00,0.072,support,38,117,0.0,2,0.5371175,0.5419175,0.5419175,1.0687236,0.0,0.08536434,0.0,0.0048,0.072,0.0048,0.0,0.0,0.0,-28.532639,2.3512387,0.78374624,0.11,0.0,0.16238093,0.0,0.0
hardzero_only__c0p58__z1p00__lam0p000__nu0p50__psi0p00,0.072,support,38,118,0.0,2,0.5419175,0.55409384,0.55409384,0.9894933,0.102448754,0.102448754,1.0,0.012176311,0.072,0.0048,0.0,0.0,0.0,-26.338987,2.1769288,0.7256429,0.192,0.0,0.13515018,0.0,0.0
hardzero_only__c0p58__z1p00__lam0p000__nu0p50__psi0p00,0.072,support,38,119,0.0,2,0.55409384,0.55889386,0.55889386,1.0394721,0.0,0.09131201,0.0,0.0048,0.072,0.0048,0.0,0.0,0.0,-27.346119,2.2868843,0.76229477,0.18400002,0.0,0.16249952,0.0,0.0
hardzero_only__c0p58__z1p00__lam0p000__nu0p50__psi0p00,0.072,support,38,120,0.0,2,0.55889386,0.5636939,0.5636939,1.0310712,0.0,0.09309553,0.0,0.0048,0.072,0.0048,0.0,0.0,0.0,-27.048,2.2684019,0.756134,0.136,0.0,0.13689886,0.0,0.0
hardzero_only__c0p58__z1p00__lam0p000__nu0p50__psi0p00,0.072,support,38,121,0.0,2,0.5636939,0.5684939,0.5684939,1.0098188,0.0,0.09776451,0.0,0.0048,0.072,0.0048,0.0,0.0,0.0,-26.798841,2.2216456,0.74054855,0.16800001,0.0,0.15130346,0.0,0.0
hardzero_only__c0p58__z1p00__lam0p000__nu0p50__psi0p00,0.072,support,38,122,0.0,2,0.5684939,0.5732939,0.5732939,1.0211799,0.0,0.09524015,0.0,0.0048,0.072,0.0048,0.0,0.0,0.0,-26.91843,2.2466407,0.74888027,0.224,0.0,0.18326761,0.0,0.0
hardzero_only__c0p58__z1p00__lam0p000__nu0p50__psi0p00,0.072,support,38,123,0.0,2,0.5732939,0.57809395,0.57809395,1.0403222,0.0,0.09113345,0.0,0.0048,0.072,0.0048,0.0,0.0,0.0,-28.374271,2.2887545,0.7629182,0.128,0.008,0.15792409,0.0,0.0
hardzero_only__c0p58__z1p00__lam0p000__nu0p50__psi0p00,0.072,support,38,124,0.0,2,0.57809395,0.58289397,0.58289397,1.0642401,0.0,0.08625016,0.0,0.0048,0.072,0.0048,0.0,0.0,0.0,-27.757322,2.3413749,0.78045833,0.14400001,0.0,0.15464547,0.0,0.0
hardzero_only__c0p58__z1p00__lam0p000__nu0p50__psi0p00,0.072,support,38,125,1.0,3,0.58289397,0.0103402315,0.0103402315,0.9853951,0.1034201,0.1034201,1.0,0.007446247,0.072,0.0,0.0,0.0,0.0,-26.03643,2.1679125,0.72263753,0.2,0.008,0.15929843,0.0,0.0
hardzero_only__c0p58__z1p00__lam0p000__nu0p50__psi0p00,0.072,support,38,126,0.0,3,0.0103402315,0.017955346,0.017955346,0.975656,0.10576549,0.10576549,1.0,0.007615115,0.072,0.0,0.0,0.0,0.0,-26.535858,2.146486,0.71549535,0.208,0.008,0.1637522,0.0,0.0
hardzero_only__c0p58__z1p00__lam0p000__nu0p50__psi0p00,0.072,support,38,127,0.0,3,0.017955346,0.025586568,0.025586568,0.9747384,0.10598919,0.10598919,1.0,0.0076312213,0.072,0.0,0.0,0.0,0.0,-26.731808,2.1444674,0.7148225,0.23200001,0.008,0.16793631,0.0,0.0
hardzero_only__c0p58__z1p00__lam0p000__nu0p50__psi0p00,0.072,support,38,128,0.0,3,0.025586568,0.033096056,0.033096056,0.9817221,0.10429845,0.10429845,1.0,0.007509488,0.072,0.0,0.0,0.0,0.0,-26.894325,2.1598318,0.71994394,0.17600001,0.0,0.15437189,0.0,0.0
hardzero_only__c0p58__z1p00__lam0p000__nu0p50__psi0p00,0.072,support,38,129,0.0,3,0.033096056,0.040390313,0.040390313,0.99435145,0.10130911,0.10130911,1.0,0.007294256,0.072,0.0,0.0,0.0,0.0,-26.502962,2.1876168,0.7292056,0.15200001,0.0,0.13637696,0.0,0.0
hardzero_only__c0p58__z1p00__lam0p000__nu0p50__psi0p00,0.072,support,38,130,0.0,3,0.040390313,0.047612086,0.047612086,0.9986885,0.100302435,0.100302435,1.0,0.007221775,0.072,0.0,0.0,0.0,0.0,-27.068321,2.1971586,0.73238623,0.14999999,0.0,0.17611188,0.0,0.0
hardzero_only__c0p58__z1p00__lam0p000__nu0p50__psi0p00,0.072,support,38,131,0.0,3,0.047612086,0.047612086,0.047612086,1.0431781,0.0,0.09053612,0.0,0.0,0.072,0.0,0.0,0.0,0.0,-28.09957,2.2950375,0.7650125,0.16000001,0.0,0.16141552,0.0,0.0
hardzero_only__c0p58__z1p00__lam0p000__nu0p50__psi0p00,0.072,support,38,132,0.0,3,0.047612086,0.05547073,0.05547073,0.9619848,0.109147854,0.109147854,1.0,0.007858645,0.072,0.0,0.0,0.0,0.0,-25.842701,2.1164088,0.7054696,0.15200001,0.0,0.17068362,0.0,0.0
hardzero_only__c0p58__z1p00__lam0p000__nu0p50__psi0p00,0.072,support,38,133,0.0,3,0.05547073,0.05547073,0.05547073,1.022948,0.0,0.09485319,0.0,0.0,0.072,0.0,0.0,0.0,0.0,-26.67333,2.2505305,0.75017685,0.15200001,0.0,0.13778873,0.0,0.0
hardzero_only__c0p58__z1p00__lam0p000__nu0p50__psi0p00,0.072,support,38,134,0.0,3,0.05547073,0.05547073,0.05547073,1.0926106,0.0,0.08079592,0.0,0.0,0.072,0.0,0.0,0.0,0.0,-28.15919,2.4037912,0.80126375,0.096,0.0,0.15297168,0.0,0.0
hardzero_only__c0p58__z1p00__lam0p000__nu0p50__psi0p00,0.072,support,38,135,0.0,3,0.05547073,0.05547073,0.05547073,1.0023398,0.0,0.09946267,0.0,0.0,0.072,0.0,0.0,0.0,0.0,-27.10811,2.2051916,0.7350639,0.16800001,0.0,0.18337621,0.0,0.0
hardzero_only__c0p58__z1p00__lam0p000__nu0p50__psi0p00,0.072,support,38,136,0.0,3,0.05547073,0.05547073,0.05547073,1.0107045,0.0,0.09756532,0.0,0.0,0.072,0.0,0.0,0.0,0.0,-27.570942,2.2235944,0.7411982,0.16800001,0.0,0.15595827,0.0,0.0
hardzero_only__c0p58__z1p00__lam0p000__nu0p50__psi0p00,0.072,support,38,137,0.0,3,0.05547073,0.05547073,0.05547073,1.0175818,0.0,0.096032485,0.0,0.0,0.072,0.0,0.0,0.0,0.0,-27.062151,2.2387247,0.74624157,0.18400002,0.0,0.16289821,0.0,0.0
hardzero_only__c0p58__z1p00__lam0p000__nu0p50__psi0p00,0.072,support,38,138,0.0,3,0.05547073,0.06282887,0.06282887,0.99056476,0.102196306,0.102196306,1.0,0.007358134,0.072,0.0,0.0,0.0,0.0,-27.249025,2.179286,0.7264287,0.112,0.0,0.16895512,0.0,0.0
hardzero_only__c0p58__z1p00__lam0p000__nu0p50__psi0p00,0.072,support,38,139,0.0,3,0.06282887,0.07046702,0.07046702,0.97434425,0.10608544,0.10608544,1.0,0.0076381513,0.072,0.0,0.0,0.0,0.0,-25.858438,2.1436002,0.71453345,0.14400001,0.0,0.14606397,0.0,0.0
hardzero_only__c0p58__z1p00__lam0p000__nu0p50__psi0p00,0.072,support,38,140,0.0,3,0.07046702,0.078098476,0.078098476,0.97472507,0.10599245,0.10599245,1.0,0.007631456,0.072,0.0,0.0,0.0,0.0,-27.093336,2.144438,0.7148127,0.24000001,0.0,0.16061848,0.0,0.0
hardzero_only__c0p58__z1p00__lam0p000__nu0p50__psi0p00,0.072,support,38,141,0.0,3,0.078098476,0.078098476,0.078098476,1.0551991,0.0,0.0880645,0.0,0.0,0.072,0.0,0.0,0.0,0.0,-29.096981,2.3214846,0.7738282,0.16800001,0.0,0.17889705,0.0,0.0
hardzero_only__c0p58__z1p00__lam0p000__nu0p50__psi0p00,0.072,support,38,142,0.0,3,0.078098476,0.086035565,0.086035565,0.9576712,0.11023734,0.11023734,1.0,0.007937088,0.072,0.0,0.0,0.0,0.0,-26.788235,2.1069188,0.7023063,0.2,0.0,0.14611988,0.0,0.0
hardzero_only__c0p58__z1p00__lam0p000__nu0p50__psi0p00,0.072,support,38,143,0.0,3,0.086035565,0.086035565,0.086035565,1.0338959,0.0,0.092492,0.0,0.0,0.072,0.0,0.0,0.0,0.0,-27.170267,2.2746162,0.7582054,0.17999999,0.0,0.16480114,0.0,0.0
hardzero_only__c0p58__z1p00__lam0p000__nu0p50__psi0p00,0.072,support,38,144,0.0,3,0.086035565,0.09329665,0.09329665,0.99633116,0.10084836,0.10084836,1.0,0.0072610816,0.072,0.0,0.0,0.0,0.0,-26.567698,2.1919723,0.73065746,0.14400001,0.0,0.15790059,0.0,0.0
hardzero_only__c0p58__z1p00__lam0p000__nu0p50__psi0p00,0.072,support,38,145,0.0,3,0.09329665,0.09329665,0.09329665,1.015222,0.0,0.09655572,0.0,0.0,0.072,0.0,0.0,0.0,0.0,-27.307497,2.233533,0.744511,0.15200001,0.0,0.19116634,0.0,0.0
hardzero_only__c0p58__z1p00__lam0p000__nu0p50__psi0p00,0.072,support,38,146,0.0,3,0.09329665,0.09329665,0.09329665,1.0407555,0.0,0.09104257,0.0,0.0,0.072,0.0,0.0,0.0,0.0,-27.253716,2.289708,0.763236,0.104,0.0,0.14900838,0.0,0.0
hardzero_only__c0p58__z1p00__lam0p000__nu0p50__psi0p00,0.072,support,38,147,0.0,3,0.09329665,0.09329665,0.09329665,1.0165143,0.0,0.096268825,0.0,0.0,0.072,0.0,0.0,0.0,0.0,-27.45924,2.236376,0.7454587,0.2,0.0,0.16148826,0.0,0.0
hardzero_only__c0p58__z1p00__lam0p000__nu0p50__psi0p00,0.072,support,38,148,0.0,3,0.09329665,0.09329665,0.09329665,1.0048505,0.0,0.09888934,0.0,0.0,0.072,0.0,0.0,0.0,0.0,-26.655907,2.2107153,0.7369051,0.192,0.0,0.13340636,0.0,0.0
hardzero_only__c0p58__z1p00__lam0p000__nu0p50__psi0p00,0.072,support,38,149,0.0,3,0.09329665,0.10068806,0.10068806,0.9886048,0.10265857,0.10265857,1.0,0.007391417,0.072,0.0,0.0,0.0,0.0,-26.713388,2.174974,0.7249913,0.136,0.0,0.17746086,0.0,0.0
hardzero_only__c0p58__z1p00__lam0p000__nu0p50__psi0p00,0.072,support,38,150,0.0,3,0.10068806,0.108350806,0.108350806,0.97294825,0.106426984,0.106426984,1.0,0.0076627424,0.072,0.0,0.0,0.0,0.0,-27.225775,2.140529,0.7135097,0.18400002,0.0,0.15987597,0.0,0.0
hardzero_only__c0p58__z1p00__lam0p000__nu0p50__psi0p00,0.072,support,38,151,0.0,3,0.108350806,0.108350806,0.108350806,1.005542,0.0,0.098731995,0.0,0.0,0.072,0.0,0.0,0.0,0.0,-27.404667,2.2122366,0.7374122,0.16000001,0.0,0.16878289,0.0,0.0
hardzero_only__c0p58__z1p00__lam0p000__nu0p50__psi0p00,0.072,support,38,152,0.0,3,0.108350806,0.108350806,0.108350806,1.0159951,0.0,0.096383974,0.0,0.0,0.072,0.0,0.0,0.0,0.0,-28.093716,2.235234,0.745078,0.16000001,0.008,0.17242096,0.0,0.0
hardzero_only__c0p58__z1p00__lam0p000__nu0p50__psi0p00,0.072,support,38,153,0.0,3,0.108350806,0.108350806,0.108350806,1.010944,0.0,0.09751154,0.0,0.0,0.072,0.0,0.0,0.0,0.0,-27.627254,2.2241213,0.7413738,0.128,0.0,0.14823677,0.0,0.0
hardzero_only__c0p58__z1p00__lam0p000__nu0p50__psi0p00,0.072,support,38,154,0.0,3,0.108350806,0.108350806,0.108350806,1.0937456,0.0,0.08058503,0.0,0.0,0.072,0.0,0.0,0.0,0.0,-28.32174,2.4062884,0.8020961,0.16000001,0.008,0.16191669,0.0,0.0
hardzero_only__c0p58__z1p00__lam0p000__nu0p50__psi0p00,0.072,support,38,155,0.0,3,0.108350806,0.11607636,0.11607636,0.96940297,0.10729933,0.10729933,1.0,0.0077255513,0.072,0.0,0.0,0.0,0.0,-25.577929,2.132729,0.7109097,0.2,0.0,0.15114518,0.0,0.0
hardzero_only__c0p58__z1p00__lam0p000__nu0p50__psi0p00,0.072,support,38,156,0.0,3,0.11607636,0.1239679,0.1239679,0.96017045,0.1096048,0.1096048,1.0,0.007891545,0.072,0.0,0.0,0.0,0.0,-25.96538,2.1124172,0.7041391,0.26999998,0.0,0.13519537,0.0,0.0
hardzero_only__c0p58__z1p00__lam0p000__nu0p50__psi0p00,0.072,support,38,157,0.0,3,0.1239679,0.1239679,0.1239679,1.0116569,0.0,0.0973516,0.0,0.0,0.072,0.0,0.0,0.0,0.0,-27.604906,2.2256896,0.74189657,0.18400002,0.0,0.17118981,0.0,0.0
hardzero_only__c0p58__z1p00__lam0p000__nu0p50__psi0p00,0.072,support,38,158,0.0,3,0.1239679,0.13231622,0.13231622,0.93573374,0.115948796,0.115948796,1.0,0.008348313,0.072,0.0,0.0,0.0,0.0,-25.567408,2.0586553,0.68621844,0.2,0.0,0.1650171,0.0,0.0
hardzero_only__c0p58__z1p00__lam0p000__nu0p50__psi0p00,0.072,support,38,159,0.0,3,0.13231622,0.13231622,0.13231622,1.0154139,0.0,0.09651307,0.0,0.0,0.072,0.0,0.0,0.0,0.0,-27.596819,2.2339551,0.74465173,0.136,0.0,0.14890735,0.0,0.0
hardzero_only__c0p58__z1p00__lam0p000__nu0p50__psi0p00,0.072,support,38,160,0.0,3,0.13231622,0.13990466,0.13990466,0.97717977,0.10539506,0.10539506,1.0,0.007588444,0.072,0.0,0.0,0.0,0.0,-26.796911,2.1498384,0.7166128,0.16800001,0.0,0.17146371,0.0,0.0
hardzero_only__c0p58__z1p00__lam0p000__nu0p50__psi0p00,0.072,support,38,161,0.0,3,0.13990466,0.13990466,0.13990466,1.0073352,0.0,0.0983252,0.0,0.0,0.072,0.0,0.0,0.0,0.0,-27.23931,2.2161818,0.7387273,0.16800001,0.0,0.15417892,0.0,0.0
hardzero_only__c0p58__z1p00__lam0p000__nu0p50__psi0p00,0.072,support,38,162,0.0,3,0.13990466,0.13990466,0.13990466,1.0281494,0.0,0.09372396,0.0,0.0,0.072,0.0,0.0,0.0,0.0,-26.62487,2.2619739,0.7539913,0.16000001,0.0,0.16868296,0.0,0.0
hardzero_only__c0p58__z1p00__lam0p000__nu0p50__psi0p00,0.072,support,38,163,0.0,3,0.13990466,0.13990466,0.13990466,1.0478505,0.0,0.089567296,0.0,0.0,0.072,0.0,0.0,0.0,0.0,-28.127295,2.3053172,0.76843905,0.104,0.0,0.16942945,0.0,0.0
hardzero_only__c0p58__z1p00__lam0p000__nu0p50__psi0p00,0.072,support,38,164,0.0,3,0.13990466,0.14731592,0.14731592,0.98744076,0.10293409,0.10293409,1.0,0.007411254,0.072,0.0,0.0,0.0,0.0,-26.510592,2.172413,0.7241377,0.208,0.0,0.15754756,0.0,0.0
hardzero_only__c0p58__z1p00__lam0p000__nu0p50__psi0p00,0.072,support,38,165,0.0,3,0.14731592,0.14731592,0.14731592,1.0495738,0.0,0.089212604,0.0,0.0,0.072,0.0,0.0,0.0,0.0,-28.500446,2.3091085,0.76970285,0.192,0.0,0.20280103,0.0,0.0
hardzero_only__c0p58__z1p00__lam0p000__nu0p50__psi0p00,0.072,support,38,166,0.0,3,0.14731592,0.14731592,0.14731592,1.011617,0.0,0.097360566,0.0,0.0,0.072,0.0,0.0,0.0,0.0,-27.180506,2.2256017,0.74186724,0.120000005,0.0,0.16808487,0.0,0.0
hardzero_only__c0p58__z1p00__lam0p000__nu0p50__psi0p00,0.072,support,38,167,0.0,3,0.14731592,0.14731592,0.14731592,1.0066149,0.0,0.0984884,0.0,0.0,0.072,0.0,0.0,0.0,0.0,-27.178923,2.214597,0.738199,0.18400002,0.0,0.15844266,0.0,0.0
hardzero_only__c0p58__z1p00__lam0p000__nu0p50__psi0p00,0.072,support,38,168,0.0,3,0.14731592,0.15551685,0.15551685,0.9434693,0.113901824,0.113901824,1.0,0.008200931,0.072,0.0,0.0,0.0,0.0,-26.264856,2.0756738,0.6918913,0.2,0.008,0.13402891,0.0,0.0
hardzero_only__c0p58__z1p00__lam0p000__nu0p50__psi0p00,0.072,support,38,169,0.0,3,0.15551685,0.15551685,0.15551685,1.0150776,0.0,0.09658784,0.0,0.0,0.072,0.0,0.0,0.0,0.0,-25.54912,2.2332153,0.74440515,0.17,0.0,0.13156132,0.0,0.0
hardzero_only__c0p58__z1p00__lam0p000__nu0p50__psi0p00,0.072,support,38,170,0.0,3,0.15551685,0.15551685,0.15551685,1.0240575,0.0,0.09461118,0.0,0.0,0.072,0.0,0.0,0.0,0.0,-27.20404,2.2529714,0.7509905,0.192,0.0,0.17782086,0.0,0.0
hardzero_only__c0p58__z1p00__lam0p000__nu0p50__psi0p00,0.072,support,38,171,0.0,3,0.15551685,0.16302699,0.16302699,0.9816845,0.10430748,0.10430748,1.0,0.007510138,0.072,0.0,0.0,0.0,0.0,-26.554005,2.159749,0.71991634,0.192,0.0,0.1568971,0.0,0.0
hardzero_only__c0p58__z1p00__lam0p000__nu0p50__psi0p00,0.072,support,38,172,0.0,3,0.16302699,0.17025234,0.17025234,0.9984738,0.10035202,0.10035202,1.0,0.007225345,0.072,0.0,0.0,0.0,0.0,-25.596582,2.1966863,0.73222876,0.16000001,0.0,0.14352377,0.0,0.0
hardzero_only__c0p58__z1p00__lam0p000__nu0p50__psi0p00,0.072,support,38,173,0.0,3,0.17025234,0.17025234,0.17025234,1.0136817,0.0,0.09689879,0.0,0.0,0.072,0.0,0.0,0.0,0.0,-26.975805,2.2301443,0.74338144,0.14400001,0.0,0.18677466,0.0,0.0
hardzero_only__c0p58__z1p00__lam0p000__nu0p50__psi0p00,0.072,support,38,174,0.0,3,0.17025234,0.17025234,0.17025234,1.0339174,0.0,0.09248739,0.0,0.0,0.072,0.0,0.0,0.0,0.0,-27.909939,2.2746637,0.75822127,0.16000001,0.0,0.16446769,0.0,0.0
hardzero_only__c0p58__z1p00__lam0p000__nu0p50__psi0p00,0.072,support,38,175,0.0,3,0.17025234,0.1775687,0.1775687,0.99303746,0.10161609,0.10161609,1.0,0.0073163584,0.072,0.0,0.0,0.0,0.0,-27.067896,2.184726,0.72824204,0.14400001,0.0,0.15457724,0.0,0.0
hardzero_only__c0p58__z1p00__lam0p000__nu0p50__psi0p00,0.072,support,38,176,0.0,3,0.1775687,0.1775687,0.1775687,1.0413028,0.0,0.09092791,0.0,0.0,0.072,0.0,0.0,0.0,0.0,-27.886106,2.290912,0.7636373,0.072000004,0.0,0.16634348,0.0,0.0
hardzero_only__c0p58__z1p00__lam0p000__nu0p50__psi0p00,0.072,support,38,177,0.0,3,0.1775687,0.1775687,0.1775687,1.005776,0.0,0.098678805,0.0,0.0,0.072,0.0,0.0,0.0,0.0,-27.47258,2.2127514,0.7375838,0.16000001,0.0,0.14883372,0.0,0.0
hardzero_only__c0p58__z1p00__lam0p000__nu0p50__psi0p00,0.072,support,38,178,0.0,3,0.1775687,0.1775687,0.1775687,1.035141,0.0,0.09222718,0.0,0.0,0.072,0.0,0.0,0.0,0.0,-27.436724,2.2773557,0.75911856,0.18400002,0.0,0.17105596,0.0,0.0
hardzero_only__c0p58__z1p00__lam0p000__nu0p50__psi0p00,0.072,support,38,179,0.0,3,0.1775687,0.18540154,0.18540154,0.9634129,0.10878953,0.10878953,1.0,0.007832846,0.072,0.0,0.0,0.0,0.0,-26.807415,2.1195507,0.7065169,0.216,0.0,0.18262696,0.0,0.0
hardzero_only__c0p58__z1p00__lam0p000__nu0p50__psi0p00,0.072,support,38,180,0.0,3,0.18540154,0.18540154,0.18540154,1.0682368,0.0,0.085460044,0.0,0.0,0.072,0.0,0.0,0.0,0.0,-27.930733,2.350168,0.78338933,0.14400001,0.0,0.18006803,0.0,0.0
hardzero_only__c0p58__z1p00__lam0p000__nu0p50__psi0p00,0.072,support,38,181,0.0,3,0.18540154,0.18540154,0.18540154,1.0148981,0.0,0.09662776,0.0,0.0,0.072,0.0,0.0,0.0,0.0,-26.674776,2.2328203,0.7442734,0.208,0.0,0.14198622,0.0,0.0
hardzero_only__c0p58__z1p00__lam0p000__nu0p50__psi0p00,0.072,support,38,182,0.0,3,0.18540154,0.18540154,0.18540154,1.049692,0.0,0.08918831,0.0,0.0,0.072,0.0,0.0,0.0,0.0,-28.243088,2.3093686,0.7697896,0.14,0.0,0.16881877,0.0,0.0
hardzero_only__c0p58__z1p00__lam0p000__nu0p50__psi0p00,0.072,support,38,183,0.0,3,0.18540154,0.19303292,0.19303292,0.97472966,0.10599132,0.10599132,1.0,0.0076313745,0.072,0.0,0.0,0.0,0.0,-27.127722,2.144448,0.71481603,0.23200001,0.008,0.17795908,0.0,0.0
hardzero_only__c0p58__z1p00__lam0p000__nu0p50__psi0p00,0.072,support,38,184,0.0,3,0.19303292,0.19303292,0.19303292,1.0097572,0.0,0.09777838,0.0,0.0,0.072,0.0,0.0,0.0,0.0,-27.596004,2.2215102,0.74050343,0.136,0.0,0.16604722,0.0,0.0
hardzero_only__c0p58__z1p00__lam0p000__nu0p50__psi0p00,0.072,support,38,185,0.0,3,0.19303292,0.20038234,0.20038234,0.99107933,0.10207531,0.10207531,1.0,0.0073494217,0.072,0.0,0.0,0.0,0.0,-26.156128,2.180418,0.72680604,0.136,0.0,0.12853244,0.0,0.0
hardzero_only__c0p58__z1p00__lam0p000__nu0p50__psi0p00,0.072,support,38,186,0.0,3,0.20038234,0.20038234,0.20038234,1.0087374,0.0,0.09800823,0.0,0.0,0.072,0.0,0.0,0.0,0.0,-26.933697,2.2192667,0.7397556,0.14400001,0.0,0.164482,0.0,0.0
hardzero_only__c0p58__z1p00__lam0p000__nu0p50__psi0p00,0.072,support,38,187,0.0,3,0.20038234,0.20870592,0.20870592,0.93702257,0.11560522,0.11560522,1.0,0.008323575,0.072,0.0,0.0,0.0,0.0,-26.70592,2.0614908,0.6871636,0.2,0.0,0.13130255,0.0,0.0
hardzero_only__c0p58__z1p00__lam0p000__nu0p50__psi0p00,0.072,support,38,188,0.0,3,0.20870592,0.20870592,0.20870592,1.000687,0.0,0.09984193,0.0,0.0,0.072,0.0,0.0,0.0,0.0,-27.383635,2.2015553,0.7338518,0.192,0.0,0.15092567,0.0,0.0
hardzero_only__c0p58__z1p00__lam0p000__nu0p50__psi0p00,0.072,support,38,189,0.0,3,0.20870592,0.20870592,0.20870592,1.0071496,0.0,0.098367214,0.0,0.0,0.072,0.0,0.0,0.0,0.0,-26.859003,2.2157733,0.73859113,0.120000005,0.0,0.15426162,0.0,0.0
hardzero_only__c0p58__z1p00__lam0p000__nu0p50__psi0p00,0.072,support,38,190,0.0,3,0.20870592,0.20870592,0.20870592,1.0112872,0.0,0.097434506,0.0,0.0,0.072,0.0,0.0,0.0,0.0,-27.79651,2.2248762,0.7416254,0.104,0.0,0.1828914,0.0,0.0
hardzero_only__c0p58__z1p00__lam0p000__nu0p50__psi0p00,0.072,support,38,191,0.0,3,0.20870592,0.20870592,0.20870592,1.0096133,0.0,0.09781076,0.0,0.0,0.072,0.0,0.0,0.0,0.0,-26.65344,2.2211936,0.7403979,0.192,0.0,0.1765739,0.0,0.0
hardzero_only__c0p58__z1p00__lam0p000__nu0p50__psi0p00,0.072,support,38,192,0.0,3,0.20870592,0.20870592,0.20870592,1.0161282,0.0,0.096354455,0.0,0.0,0.072,0.0,0.0,0.0,0.0,-27.385267,2.2355266,0.74517554,0.080000006,0.0,0.14904867,0.0,0.0
hardzero_only__c0p58__z1p00__lam0p000__nu0p50__psi0p00,0.072,support,38,193,0.0,3,0.20870592,0.20870592,0.20870592,1.012358,0.0,0.097194575,0.0,0.0,0.072,0.0,0.0,0.0,0.0,-27.346752,2.227232,0.74241066,0.15200001,0.0,0.14401259,0.0,0.0
hardzero_only__c0p58__z1p00__lam0p000__nu0p50__psi0p00,0.072,support,38,194,0.0,3,0.20870592,0.20870592,0.20870592,1.0526359,0.0,0.088585794,0.0,0.0,0.072,0.0,0.0,0.0,0.0,-28.507957,2.3158453,0.77194846,0.120000005,0.0,0.1522881,0.0,0.0
hardzero_only__c0p58__z1p00__lam0p000__nu0p50__psi0p00,0.072,support,38,195,0.0,3,0.20870592,0.20870592,0.20870592,1.105125,0.0,0.07850097,0.0,0.0,0.072,0.0,0.0,0.0,0.0,-29.34995,2.4313235,0.8104412,0.099999994,0.0,0.171491,0.0,0.0
hardzero_only__c0p58__z1p00__lam0p000__nu0p50__psi0p00,0.072,support,38,196,0.0,3,0.20870592,0.2169199,0.2169199,0.94277865,0.114083104,0.114083104,1.0,0.008213983,0.072,0.0,0.0,0.0,0.0,-25.896223,2.0741544,0.6913848,0.17600001,0.0,0.14740755,0.0,0.0
hardzero_only__c0p58__z1p00__lam0p000__nu0p50__psi0p00,0.072,support,38,197,0.0,3,0.2169199,0.2243018,0.2243018,0.9891639,0.10252648,0.10252648,1.0,0.0073819063,0.072,0.0,0.0,0.0,0.0,-26.975203,2.176204,0.72540134,0.2,0.0,0.15206257,0.0,0.0
hardzero_only__c0p58__z1p00__lam0p000__nu0p50__psi0p00,0.072,support,38,198,0.0,3,0.2243018,0.2243018,0.2243018,1.0040327,0.0,0.09907573,0.0,0.0,0.072,0.0,0.0,0.0,0.0,-27.4954,2.2089162,0.7363054,0.16000001,0.0,0.15657514,0.0,0.0
hardzero_only__c0p58__z1p00__lam0p000__nu0p50__psi0p00,0.072,support,38,199,0.0,3,0.2243018,0.2243018,0.2243018,1.0082182,0.0,0.09812548,0.0,0.0,0.072,0.0,0.0,0.0,0.0,-27.54829,2.2181242,0.73937476,0.15200001,0.0,0.17104182,0.0,0.0
hardzero_only__c0p58__z1p00__lam0p000__nu0p50__psi0p00,0.072,support,38,200,0.0,3,0.2243018,0.2243018,0.2243018,1.0352334,0.0,0.09220758,0.0,0.0,0.072,0.0,0.0,0.0,0.0,-27.208797,2.2775588,0.75918627,0.120000005,0.0,0.18169414,0.0,0.0
hardzero_only__c0p58__z1p00__lam0p000__nu0p50__psi0p00,0.072,support,38,201,0.0,3,0.2243018,0.2243018,0.2243018,1.04604,0.0,0.089941464,0.0,0.0,0.072,0.0,0.0,0.0,0.0,-28.431791,2.3013341,0.7671114,0.17600001,0.0,0.17234243,0.0,0.0
hardzero_only__c0p58__z1p00__lam0p000__nu0p50__psi0p00,0.072,support,38,202,0.0,3,0.2243018,0.23161283,0.23161283,0.99335366,0.10154215,0.10154215,1.0,0.0073110345,0.072,0.0,0.0,0.0,0.0,-26.858192,2.1854217,0.7284739,0.23200001,0.0,0.16979612,0.0,0.0
hardzero_only__c0p58__z1p00__lam0p000__nu0p50__psi0p00,0.072,support,38,203,0.0,3,0.23161283,0.23161283,0.23161283,1.0639348,0.0,0.086310804,0.0,0.0,0.072,0.0,0.0,0.0,0.0,-27.814629,2.3407032,0.78023446,0.120000005,0.0,0.1758312,0.0,0.0
hardzero_only__c0p58__z1p00__lam0p000__nu0p50__psi0p00,0.072,support,38,204,0.0,3,0.23161283,0.23161283,0.23161283,1.0220072,0.0,0.095058896,0.0,0.0,0.072,0.0,0.0,0.0,0.0,-27.542892,2.2484608,0.7494869,0.120000005,0.0,0.16101727,0.0,0.0
hardzero_only__c0p58__z1p00__lam0p000__nu0p50__psi0p00,0.072,support,38,205,0.0,3,0.23161283,0.23900066,0.23900066,0.9888155,0.10260877,0.10260877,1.0,0.0073878313,0.072,0.0,0.0,0.0,0.0,-26.737741,2.1754375,0.7251458,0.216,0.0,0.16012815,0.0,0.0
hardzero_only__c0p58__z1p00__lam0p000__nu0p50__psi0p00,0.072,support,38,206,0.0,3,0.23900066,0.24646223,0.24646223,0.98450255,0.10363284,0.10363284,1.0,0.007461564,0.072,0.0,0.0,0.0,0.0,-26.672764,2.1659489,0.72198296,0.16000001,0.0,0.16280994,0.0,0.0
hardzero_only__c0p58__z1p00__lam0p000__nu0p50__psi0p00,0.072,support,38,207,0.0,3,0.24646223,0.24646223,0.24646223,1.0035374,0.0,0.0991888,0.0,0.0,0.072,0.0,0.0,0.0,0.0,-27.946848,2.2078264,0.7359421,0.192,0.0,0.15633328,0.0,0.0
hardzero_only__c0p58__z1p00__lam0p000__nu0p50__psi0p00,0.072,support,38,208,0.0,3,0.24646223,0.2544133,0.2544133,0.9569066,0.110431604,0.110431604,1.0,0.007951075,0.072,0.0,0.0,0.0,0.0,-26.698399,2.1052365,0.7017455,0.17999999,0.0,0.16787562,0.0,0.0
hardzero_only__c0p58__z1p00__lam0p000__nu0p50__psi0p00,0.072,support,38,209,0.0,3,0.2544133,0.2544133,0.2544133,1.0170175,0.0,0.096157365,0.0,0.0,0.072,0.0,0.0,0.0,0.0,-27.255919,2.237483,0.7458277,0.15200001,0.0,0.19321372,0.0,0.0
hardzero_only__c0p58__z1p00__lam0p000__nu0p50__psi0p00,0.072,support,38,210,0.0,3,0.2544133,0.2544133,0.2544133,1.0167502,0.0,0.09621655,0.0,0.0,0.072,0.0,0.0,0.0,0.0,-28.024593,2.236895,0.7456317,0.16800001,0.008,0.15891205,0.0,0.0
hardzero_only__c0p58__z1p00__lam0p000__nu0p50__psi0p00,0.072,support,38,211,0.0,3,0.2544133,0.2544133,0.2544133,1.0037826,0.0,0.09913279,0.0,0.0,0.072,0.0,0.0,0.0,0.0,-27.103184,2.208366,0.736122,0.17600001,0.0,0.158635,0.0,0.0
hardzero_only__c0p58__z1p00__lam0p000__nu0p50__psi0p00,0.072,support,38,212,0.0,3,0.2544133,0.26190177,0.26190177,0.98293954,0.10400651,0.10400651,1.0,0.007488468,0.072,0.0,0.0,0.0,0.0,-26.46788,2.1625102,0.72083676,0.16000001,0.0,0.16857567,0.0,0.0
hardzero_only__c0p58__z1p00__lam0p000__nu0p50__psi0p00,0.072,support,38,213,0.0,3,0.26190177,0.26190177,0.26190177,1.0677141,0.0,0.08556298,0.0,0.0,0.072,0.0,0.0,0.0,0.0,-28.272789,2.3490179,0.78300595,0.096,0.0,0.17079115,0.0,0.0
hardzero_only__c0p58__z1p00__lam0p000__nu0p50__psi0p00,0.072,support,38,214,0.0,3,0.26190177,0.26190177,0.26190177,1.0186836,0.0,0.09578917,0.0,0.0,0.072,0.0,0.0,0.0,0.0,-27.49622,2.2411485,0.7470495,0.15200001,0.0,0.14391091,0.0,0.0
hardzero_only__c0p58__z1p00__lam0p000__nu0p50__psi0p00,0.072,support,38,215,0.0,3,0.26190177,0.26190177,0.26190177,1.0205301,0.0,0.09538277,0.0,0.0,0.072,0.0,0.0,0.0,0.0,-27.741888,2.2452111,0.7484037,0.15200001,0.0,0.16529498,0.0,0.0
hardzero_only__c0p58__z1p00__lam0p000__nu0p50__psi0p00,0.072,support,38,216,0.0,3,0.26190177,0.26190177,0.26190177,1.014991,0.0,0.09660707,0.0,0.0,0.072,0.0,0.0,0.0,0.0,-26.779932,2.2330248,0.7443416,0.14400001,0.0,0.17161772,0.0,0.0
hardzero_only__c0p58__z1p00__lam0p000__nu0p50__psi0p00,0.072,support,38,217,0.0,3,0.26190177,0.26190177,0.26190177,1.0408635,0.0,0.09101993,0.0,0.0,0.072,0.0,0.0,0.0,0.0,-27.502712,2.2899454,0.76331514,0.128,0.0,0.15383942,0.0,0.0
hardzero_only__c0p58__z1p00__lam0p000__nu0p50__psi0p00,0.072,support,38,218,0.0,3,0.26190177,0.26954558,0.26954558,0.97402275,0.106164,0.106164,1.0,0.0076438077,0.072,0.0,0.0,0.0,0.0,-27.288256,2.1428928,0.71429765,0.2,0.0,0.14427297,0.0,0.0
hardzero_only__c0p58__z1p00__lam0p000__nu0p50__psi0p00,0.072,support,38,219,0.0,3,0.26954558,0.26954558,0.26954558,1.0218143,0.0,0.095101126,0.0,0.0,0.072,0.0,0.0,0.0,0.0,-27.482456,2.2480364,0.7493455,0.15200001,0.0,0.15424673,0.0,0.0
hardzero_only__c0p58__z1p00__lam0p000__nu0p50__psi0p00,0.072,support,38,220,0.0,3,0.26954558,0.2774199,0.2774199,0.9611201,0.10936539,0.10936539,1.0,0.007874307,0.072,0.0,0.0,0.0,0.0,-26.379988,2.1145065,0.70483553,0.192,0.0,0.15718415,0.0,0.0
hardzero_only__c0p58__z1p00__lam0p000__nu0p50__psi0p00,0.072,support,38,221,0.0,3,0.2774199,0.2774199,0.2774199,1.0554491,0.0,0.08801383,0.0,0.0,0.072,0.0,0.0,0.0,0.0,-27.768332,2.3220344,0.7740115,0.17,0.0,0.16146629,0.0,0.0
hardzero_only__c0p58__z1p00__lam0p000__nu0p50__psi0p00,0.072,support,38,222,0.0,3,0.2774199,0.28514478,0.28514478,0.96944064,0.107290015,0.107290015,1.0,0.0077248807,0.072,0.0,0.0,0.0,0.0,-26.361214,2.132812,0.7109374,0.216,0.0,0.16354813,0.0,0.0
hardzero_only__c0p58__z1p00__lam0p000__nu0p50__psi0p00,0.072,support,38,223,0.0,3,0.28514478,0.28514478,0.28514478,1.0120106,0.0,0.09727235,0.0,0.0,0.072,0.0,0.0,0.0,0.0,-27.571182,2.2264678,0.74215597,0.192,0.0,0.17872168,0.0,0.0
hardzero_only__c0p58__z1p00__lam0p000__nu0p50__psi0p00,0.072,support,38,224,0.0,3,0.28514478,0.28514478,0.28514478,1.0107735,0.0,0.09754982,0.0,0.0,0.072,0.0,0.0,0.0,0.0,-27.069988,2.2237463,0.7412488,0.192,0.0,0.14324783,0.0,0.0
hardzero_only__c0p58__z1p00__lam0p000__nu0p50__psi0p00,0.072,support,38,225,0.0,3,0.28514478,0.29252714,0.29252714,0.98913795,0.10253262,0.10253262,1.0,0.007382348,0.072,0.0,0.0,0.0,0.0,-27.089727,2.176147,0.7253823,0.192,0.0,0.174067,0.0,0.0
hardzero_only__c0p58__z1p00__lam0p000__nu0p50__psi0p00,0.072,support,38,226,0.0,3,0.29252714,0.30004644,0.30004644,0.9811549,0.104434766,0.104434766,1.0,0.007519303,0.072,0.0,0.0,0.0,0.0,-27.02068,2.1585839,0.71952796,0.16800001,0.0,0.15925986,0.0,0.0
hardzero_only__c0p58__z1p00__lam0p000__nu0p50__psi0p00,0.072,support,38,227,0.0,3,0.30004644,0.30004644,0.30004644,1.0466429,0.0,0.0898167,0.0,0.0,0.072,0.0,0.0,0.0,0.0,-27.361572,2.3026605,0.7675535,0.128,0.0,0.1519105,0.0,0.0
hardzero_only__c0p58__z1p00__lam0p000__nu0p50__psi0p00,0.072,support,38,228,0.0,3,0.30004644,0.30004644,0.30004644,1.0366261,0.0,0.09191237,0.0,0.0,0.072,0.0,0.0,0.0,0.0,-27.659994,2.280623,0.76020765,0.15200001,0.0,0.18984237,0.0,0.0
hardzero_only__c0p58__z1p00__lam0p000__nu0p50__psi0p00,0.072,support,38,229,0.0,3,0.30004644,0.30004644,0.30004644,1.0284948,0.0,0.093649425,0.0,0.0,0.072,0.0,0.0,0.0,0.0,-27.474354,2.262734,0.7542447,0.14400001,0.0,0.13054805,0.0,0.0
hardzero_only__c0p58__z1p00__lam0p000__nu0p50__psi0p00,0.072,support,38,230,0.0,3,0.30004644,0.30004644,0.30004644,1.019588,0.0,0.09558989,0.0,0.0,0.072,0.0,0.0,0.0,0.0,-28.557825,2.2431383,0.7477128,0.16000001,0.0,0.16679415,0.0,0.0
hardzero_only__c0p58__z1p00__lam0p000__nu0p50__psi0p00,0.072,support,38,231,0.0,3,0.30004644,0.30740377,0.30740377,0.9906117,0.10218527,0.10218527,1.0,0.0073573394,0.072,0.0,0.0,0.0,0.0,-27.154161,2.1793892,0.7264631,0.2,0.0,0.13815454,0.0,0.0
hardzero_only__c0p58__z1p00__lam0p000__nu0p50__psi0p00,0.072,support,38,232,0.0,3,0.30740377,0.3152546,0.3152546,0.9624164,0.10903944,0.10903944,1.0,0.00785084,0.072,0.0,0.0,0.0,0.0,-25.946404,2.1173584,0.70578617,0.120000005,0.0,0.13827385,0.0,0.0
hardzero_only__c0p58__z1p00__lam0p000__nu0p50__psi0p00,0.072,support,38,233,0.0,3,0.3152546,0.3152546,0.3152546,1.031858,0.0,0.09292702,0.0,0.0,0.072,0.0,0.0,0.0,0.0,-26.571352,2.2701328,0.75671095,0.112,0.0,0.1654074,0.0,0.0
hardzero_only__c0p58__z1p00__lam0p000__nu0p50__psi0p00,0.072,support,38,234,0.0,3,0.3152546,0.3233686,0.3233686,0.94809645,0.11269471,0.11269471,1.0,0.0081140185,0.072,0.0,0.0,0.0,0.0,-25.664442,2.0858538,0.6952846,0.14,0.0,0.13588893,0.0,0.0
hardzero_only__c0p58__z1p00__lam0p000__nu0p50__psi0p00,0.072,support,38,235,0.0,3,0.3233686,0.33067882,0.33067882,0.9934019,0.10153087,0.10153087,1.0,0.0073102224,0.072,0.0,0.0,0.0,0.0,-26.513546,2.1855278,0.7285093,0.16800001,0.0,0.1697836,0.0,0.0
hardzero_only__c0p58__z1p00__lam0p000__nu0p50__psi0p00,0.072,support,38,236,0.0,3,0.33067882,0.33067882,0.33067882,1.0308166,0.0,0.09315013,0.0,0.0,0.072,0.0,0.0,0.0,0.0,-27.703108,2.2678416,0.75594723,0.16800001,0.0,0.16368894,0.0,0.0
hardzero_only__c0p58__z1p00__lam0p000__nu0p50__psi0p00,0.072,support,38,237,0.0,3,0.33067882,0.33067882,0.33067882,1.0257132,0.0,0.09425116,0.0,0.0,0.072,0.0,0.0,0.0,0.0,-27.339682,2.2566142,0.7522048,0.18400002,0.0,0.18495794,0.0,0.0
hardzero_only__c0p58__z1p00__lam0p000__nu0p50__psi0p00,0.072,support,38,238,0.0,3,0.33067882,0.33816376,0.33816376,0.98314404,0.10395751,0.10395751,1.0,0.0074849403,0.072,0.0,0.0,0.0,0.0,-27.139488,2.16296,0.7209867,0.18400002,0.0,0.15439852,0.0,0.0
hardzero_only__c0p58__z1p00__lam0p000__nu0p50__psi0p00,0.072,support,38,239,0.0,3,0.33816376,0.33816376,0.33816376,1.0727909,0.0,0.084568605,0.0,0.0,0.072,0.0,0.0,0.0,0.0,-28.32042,2.360187,0.78672904,0.128,0.0,0.17863743,0.0,0.0
hardzero_only__c0p58__z1p00__lam0p000__nu0p50__psi0p00,0.072,support,38,240,0.0,3,0.33816376,0.33816376,0.33816376,1.0517913,0.0,0.08875824,0.0,0.0,0.072,0.0,0.0,0.0,0.0,-27.670935,2.313987,0.77132905,0.14400001,0.0,0.16500385,0.0,0.0
hardzero_only__c0p58__z1p00__lam0p000__nu0p50__psi0p00,0.072,support,38,241,0.0,3,0.33816376,0.33816376,0.33816376,1.0629518,0.0,0.0865064,0.0,0.0,0.072,0.0,0.0,0.0,0.0,-28.252821,2.3385406,0.77951354,0.216,0.0,0.21594262,0.0,0.0
hardzero_only__c0p58__z1p00__lam0p000__nu0p50__psi0p00,0.072,support,38,242,0.0,3,0.33816376,0.34596294,0.34596294,0.96528393,0.10832185,0.10832185,1.0,0.0077991732,0.072,0.0,0.0,0.0,0.0,-26.39391,2.123667,0.707889,0.120000005,0.0,0.14369494,0.0,0.0
hardzero_only__c0p58__z1p00__lam0p000__nu0p50__psi0p00,0.072,support,38,243,0.0,3,0.34596294,0.34596294,0.34596294,1.0508115,0.0,0.0889587,0.0,0.0,0.072,0.0,0.0,0.0,0.0,-27.202799,2.3118315,0.7706105,0.17600001,0.0,0.15759926,0.0,0.0
hardzero_only__c0p58__z1p00__lam0p000__nu0p50__psi0p00,0.072,support,38,244,0.0,3,0.34596294,0.34596294,0.34596294,1.0225378,0.0,0.094942816,0.0,0.0,0.072,0.0,0.0,0.0,0.0,-27.435091,2.249628,0.749876,0.120000005,0.0,0.16521296,0.0,0.0
hardzero_only__c0p58__z1p00__lam0p000__nu0p50__psi0p00,0.072,support,38,245,0.0,3,0.34596294,0.34596294,0.34596294,1.0581056,0.0,0.087477095,0.0,0.0,0.072,0.0,0.0,0.0,0.0,-27.87139,2.3278787,0.7759596,0.112,0.0,0.16393809,0.0,0.0
hardzero_only__c0p58__z1p00__lam0p000__nu0p50__psi0p00,0.072,support,38,246,0.0,3,0.34596294,0.34596294,0.34596294,1.0287871,0.0,0.093586415,0.0,0.0,0.072,0.0,0.0,0.0,0.0,-27.181896,2.263377,0.754459,0.128,0.0,0.15494812,0.0,0.0
hardzero_only__c0p58__z1p00__lam0p000__nu0p50__psi0p00,0.072,support,38,247,0.0,3,0.34596294,0.34596294,0.34596294,1.0058028,0.0,0.098672755,0.0,0.0,0.072,0.0,0.0,0.0,0.0,-27.164825,2.2128103,0.7376034,0.17999999,0.0,0.15726182,0.0,0.0
hardzero_only__c0p58__z1p00__lam0p000__nu0p50__psi0p00,0.072,support,38,248,0.0,3,0.34596294,0.34596294,0.34596294,1.041129,0.0,0.0909643,0.0,0.0,0.072,0.0,0.0,0.0,0.0,-27.580456,2.2905295,0.76350987,0.15200001,0.0,0.16889651,0.0,0.0
hardzero_only__c0p58__z1p00__lam0p000__nu0p50__psi0p00,0.072,support,38,249,0.0,3,0.34596294,0.35346028,0.35346028,0.98242545,0.104129665,0.104129665,1.0,0.0074973353,0.072,0.0,0.0,0.0,0.0,-26.517866,2.161379,0.7204597,0.208,0.0,0.15548363,0.0,0.0
hardzero_only__c0p58__z1p00__lam0p000__nu0p50__psi0p00,0.072,support,38,250,0.0,3,0.35346028,0.35346028,0.35346028,1.0202044,0.0,0.09545431,0.0,0.0,0.072,0.0,0.0,0.0,0.0,-28.187918,2.2444944,0.74816483,0.14400001,0.0,0.16180116,0.0,0.0
hardzero_only__c0p58__z1p00__lam0p000__nu0p50__psi0p00,0.072,support,38,251,0.0,3,0.35346028,0.35346028,0.35346028,1.0329767,0.0,0.09268794,0.0,0.0,0.072,0.0,0.0,0.0,0.0,-26.703985,2.2725942,0.7575314,0.2,0.0,0.16840205,0.0,0.0
hardzero_only__c0p58__z1p00__lam0p000__nu0p50__psi0p00,0.072,support,38,252,0.0,3,0.35346028,0.36096424,0.36096424,0.98204255,0.104221515,0.104221515,1.0,0.0075039486,0.072,0.0,0.0,0.0,0.0,-26.44516,2.1605368,0.72017896,0.16800001,0.0,0.1450643,0.0,0.0
hardzero_only__c0p58__z1p00__lam0p000__nu0p50__psi0p00,0.072,support,38,253,0.0,3,0.36096424,0.36096424,0.36096424,1.0335996,0.0,0.09255511,0.0,0.0,0.072,0.0,0.0,0.0,0.0,-27.581081,2.2739646,0.7579882,0.128,0.0,0.17210872,0.0,0.0
hardzero_only__c0p58__z1p00__lam0p000__nu0p50__psi0p00,0.072,support,38,254,0.0,3,0.36096424,0.36096424,0.36096424,1.0163597,0.0,0.0963031,0.0,0.0,0.072,0.0,0.0,0.0,0.0,-27.492535,2.236036,0.74534535,0.16800001,0.0,0.14367391,0.0,0.0
hardzero_only__c0p58__z1p00__lam0p000__nu0p50__psi0p00,0.072,support,38,255,0.0,3,0.36096424,0.36096424,0.36096424,1.0050527,0.0,0.0988433,0.0,0.0,0.072,0.0,0.0,0.0,0.0,-26.745836,2.21116,0.73705333,0.112,0.008,0.16872318,0.0,0.0
hardzero_only__c0p58__z1p00__lam0p000__nu0p50__psi0p00,0.072,support,38,256,0.0,3,0.36096424,0.36096424,0.36096424,1.0132798,0.0,0.096988484,0.0,0.0,0.072,0.0,0.0,0.0,0.0,-26.879,2.22926,0.7430867,0.128,0.0,0.14995906,0.0,0.0
hardzero_only__c0p58__z1p00__lam0p000__nu0p50__psi0p00,0.072,support,38,257,0.0,3,0.36096424,0.36096424,0.36096424,1.0028635,0.0,0.099342816,0.0,0.0,0.072,0.0,0.0,0.0,0.0,-27.421696,2.206344,0.735448,0.216,0.0,0.18540156,0.0,0.0
hardzero_only__c0p58__z1p00__lam0p000__nu0p50__psi0p00,0.072,support,38,258,0.0,3,0.36096424,0.36819047,0.36819047,0.9984214,0.10036415,0.10036415,1.0,0.0072262185,0.072,0.0,0.0,0.0,0.0,-26.724234,2.1965709,0.7321903,0.16000001,0.0,0.15505789,0.0,0.0
hardzero_only__c0p58__z1p00__lam0p000__nu0p50__psi0p00,0.072,support,38,259,0.0,3,0.36819047,0.36819047,0.36819047,1.062232,0.0,0.08664988,0.0,0.0,0.072,0.0,0.0,0.0,0.0,-28.402637,2.336957,0.7789857,0.23200001,0.0,0.18543294,0.0,0.0
hardzero_only__c0p58__z1p00__lam0p000__nu0p50__psi0p00,0.072,support,38,260,0.0,3,0.36819047,0.37559816,0.37559816,0.98764926,0.10288468,0.10288468,1.0,0.0074076965,0.072,0.0,0.0,0.0,0.0,-26.932602,2.1728718,0.7242906,0.16,0.0,0.15814346,0.0,0.0
hardzero_only__c0p58__z1p00__lam0p000__nu0p50__psi0p00,0.072,support,38,261,0.0,3,0.37559816,0.3831818,0.3831818,0.97745484,0.10532831,0.10532831,1.0,0.0075836377,0.072,0.0,0.0,0.0,0.0,-26.197084,2.1504436,0.7168145,0.128,0.0,0.16547447,0.0,0.0
hardzero_only__c0p58__z1p00__lam0p000__nu0p50__psi0p00,0.072,support,38,262,0.0,3,0.3831818,0.3831818,0.3831818,1.0434413,0.0,0.09048127,0.0,0.0,0.072,0.0,0.0,0.0,0.0,-27.649231,2.2956166,0.76520556,0.15200001,0.0,0.1649827,0.0,0.0
hardzero_only__c0p58__z1p00__lam0p000__nu0p50__psi0p00,0.072,support,38,263,0.0,3,0.3831818,0.3831818,0.3831818,1.0220569,0.0,0.09504802,0.0,0.0,0.072,0.0,0.0,0.0,0.0,-26.879791,2.2485702,0.7495234,0.16000001,0.0,0.17845133,0.0,0.0
hardzero_only__c0p58__z1p00__lam0p000__nu0p50__psi0p00,0.072,support,38,264,0.0,3,0.3831818,0.39084628,0.39084628,0.97285104,0.10645081,0.10645081,1.0,0.007664458,0.072,0.0,0.0,0.0,0.0,-26.586897,2.140315,0.7134384,0.17600001,0.0,0.15455827,0.0,0.0
hardzero_only__c0p58__z1p00__lam0p000__nu0p50__psi0p00,0.072,support,38,265,0.0,3,0.39084628,0.39843142,0.39843142,0.9773689,0.10534915,0.10534915,1.0,0.0075851385,0.072,0.0,0.0,0.0,0.0,-26.437477,2.1502545,0.7167515,0.224,0.0,0.14248417,0.0,0.0
hardzero_only__c0p58__z1p00__lam0p000__nu0p50__psi0p00,0.072,support,38,266,0.0,3,0.39843142,0.40576673,0.40576673,0.9919145,0.101879194,0.101879194,1.0,0.0073353015,0.072,0.0,0.0,0.0,0.0,-26.586943,2.1822555,0.72741854,0.16000001,0.0,0.15294838,0.0,0.0
hardzero_only__c0p58__z1p00__lam0p000__nu0p50__psi0p00,0.072,support,38,267,0.0,3,0.40576673,0.41362864,0.41362864,0.9618048,0.10919309,0.10919309,1.0,0.007861902,0.072,0.0,0.0,0.0,0.0,-25.538738,2.1160128,0.70533764,0.120000005,0.0,0.13666143,0.0,0.0
hardzero_only__c0p58__z1p00__lam0p000__nu0p50__psi0p00,0.072,support,38,268,0.0,3,0.41362864,0.41362864,0.41362864,1.0294731,0.0,0.09343874,0.0,0.0,0.072,0.0,0.0,0.0,0.0,-26.931341,2.264886,0.75496197,0.136,0.0,0.14952463,0.0,0.0
hardzero_only__c0p58__z1p00__lam0p000__nu0p50__psi0p00,0.072,support,38,269,0.0,3,0.41362864,0.41362864,0.41362864,1.0096033,0.0,0.097813025,0.0,0.0,0.072,0.0,0.0,0.0,0.0,-27.085632,2.2211716,0.74039054,0.136,0.0,0.17986593,0.0,0.0
hardzero_only__c0p58__z1p00__lam0p000__nu0p50__psi0p00,0.072,support,38,270,0.0,3,0.41362864,0.42083487,0.42083487,0.9996244,0.10008653,0.10008653,1.0,0.00720623,0.072,0.0,0.0,0.0,0.0,-26.206114,2.1992176,0.7330725,0.136,0.0,0.1398238,0.0,0.0
hardzero_only__c0p58__z1p00__lam0p000__nu0p50__psi0p00,0.072,support,38,271,0.0,3,0.42083487,0.42083487,0.42083487,1.0008533,0.0,0.09980371,0.0,0.0,0.072,0.0,0.0,0.0,0.0,-26.24655,2.2019212,0.73397374,0.24000001,0.0,0.13525227,0.0,0.0
hardzero_only__c0p58__z1p00__lam0p000__nu0p50__psi0p00,0.072,support,38,272,0.0,3,0.42083487,0.42083487,0.42083487,1.0155349,0.0,0.09648617,0.0,0.0,0.072,0.0,0.0,0.0,0.0,-26.929514,2.2342212,0.7447404,0.224,0.0,0.15165459,0.0,0.0
hardzero_only__c0p58__z1p00__lam0p000__nu0p50__psi0p00,0.072,support,38,273,0.0,3,0.42083487,0.4289023,0.4289023,0.9505965,0.11204783,0.11204783,1.0,0.008067443,0.072,0.0,0.0,0.0,0.0,-25.964392,2.0913541,0.69711804,0.13,0.0,0.15884738,0.0,0.0
hardzero_only__c0p58__z1p00__lam0p000__nu0p50__psi0p00,0.072,support,38,274,0.0,3,0.4289023,0.4289023,0.4289023,1.0396518,0.0,0.09127425,0.0,0.0,0.072,0.0,0.0,0.0,0.0,-27.239399,2.2872796,0.76242656,0.16000001,0.0,0.15342858,0.0,0.0
hardzero_only__c0p58__z1p00__lam0p000__nu0p50__psi0p00,0.072,support,38,275,0.0,3,0.4289023,0.4289023,0.4289023,1.0342625,0.0,0.092413925,0.0,0.0,0.072,0.0,0.0,0.0,0.0,-27.868544,2.275423,0.75847435,0.136,0.0,0.15643184,0.0,0.0
hardzero_only__c0p58__z1p00__lam0p000__nu0p50__psi0p00,0.072,support,38,276,0.0,3,0.4289023,0.4289023,0.4289023,1.0094153,0.0,0.09785538,0.0,0.0,0.072,0.0,0.0,0.0,0.0,-27.370693,2.220758,0.7402527,0.15200001,0.0,0.17457603,0.0,0.0
hardzero_only__c0p58__z1p00__lam0p000__nu0p50__psi0p00,0.072,support,38,277,0.0,3,0.4289023,0.4289023,0.4289023,1.0418724,0.0,0.09080872,0.0,0.0,0.072,0.0,0.0,0.0,0.0,-26.623857,2.292165,0.764055,0.136,0.0,0.14405037,0.0,0.0
hardzero_only__c0p58__z1p00__lam0p000__nu0p50__psi0p00,0.072,support,38,278,0.0,3,0.4289023,0.4289023,0.4289023,1.0096159,0.0,0.09781018,0.0,0.0,0.072,0.0,0.0,0.0,0.0,-26.949924,2.2211993,0.7403998,0.128,0.0,0.16579817,0.0,0.0
hardzero_only__c0p58__z1p00__lam0p000__nu0p50__psi0p00,0.072,support,38,279,0.0,3,0.4289023,0.4289023,0.4289023,1.0615511,0.0,0.08678583,0.0,0.0,0.072,0.0,0.0,0.0,0.0,-27.90363,2.335459,0.7784864,0.14400001,0.0,0.17890307,0.0,0.0
hardzero_only__c0p58__z1p00__lam0p000__nu0p50__psi0p00,0.072,support,38,280,0.0,3,0.4289023,0.4289023,0.4289023,1.017583,0.0,0.09603223,0.0,0.0,0.072,0.0,0.0,0.0,0.0,-27.4176,2.2387273,0.74624246,0.120000005,0.0,0.16224651,0.0,0.0
hardzero_only__c0p58__z1p00__lam0p000__nu0p50__psi0p00,0.072,support,38,281,0.0,3,0.4289023,0.43653327,0.43653327,0.97475165,0.10598596,0.10598596,1.0,0.007630989,0.072,0.0,0.0,0.0,0.0,-25.83644,2.1444964,0.7148322,0.2,0.0,0.15079814,0.0,0.0
hardzero_only__c0p58__z1p00__lam0p000__nu0p50__psi0p00,0.072,support,38,282,0.0,3,0.43653327,0.4440341,0.4440341,0.98222363,0.104178086,0.104178086,1.0,0.0075008217,0.072,0.0,0.0,0.0,0.0,-26.818005,2.1609352,0.72031176,0.18400002,0.0,0.14766836,0.0,0.0
hardzero_only__c0p58__z1p00__lam0p000__nu0p50__psi0p00,0.072,support,38,283,0.0,3,0.4440341,0.4440341,0.4440341,1.0385984,0.0,0.09149587,0.0,0.0,0.072,0.0,0.0,0.0,0.0,-27.455261,2.2849622,0.7616541,0.216,0.0,0.18590999,0.0,0.0
hardzero_only__c0p58__z1p00__lam0p000__nu0p50__psi0p00,0.072,support,38,284,0.0,3,0.4440341,0.45142797,0.45142797,0.98846066,0.10269264,0.10269264,1.0,0.00739387,0.072,0.0,0.0,0.0,0.0,-26.639933,2.1746569,0.72488564,0.136,0.0,0.15456024,0.0,0.0
hardzero_only__c0p58__z1p00__lam0p000__nu0p50__psi0p00,0.072,support,38,285,0.0,3,0.45142797,0.45883924,0.45883924,0.98744047,0.10293417,0.10293417,1.0,0.0074112597,0.072,0.0,0.0,0.0,0.0,-27.15662,2.1724124,0.7241375,0.2,0.0,0.15067126,0.0,0.0
hardzero_only__c0p58__z1p00__lam0p000__nu0p50__psi0p00,0.072,support,38,286,0.0,3,0.45883924,0.46637335,0.46637335,0.98029965,0.10464063,0.10464063,1.0,0.0075341254,0.072,0.0,0.0,0.0,0.0,-25.748922,2.1567023,0.7189008,0.19999999,0.0,0.13850607,0.0,0.0
hardzero_only__c0p58__z1p00__lam0p000__nu0p50__psi0p00,0.072,support,38,287,0.0,3,0.46637335,0.46637335,0.46637335,1.0330057,0.0,0.09268175,0.0,0.0,0.072,0.0,0.0,0.0,0.0,-28.03438,2.2726579,0.7575526,0.17600001,0.0,0.15726827,0.0,0.0
hardzero_only__c0p58__z1p00__lam0p000__nu0p50__psi0p00,0.072,support,38,288,0.0,3,0.46637335,0.46637335,0.46637335,1.0517346,0.0,0.08876984,0.0,0.0,0.072,0.0,0.0,0.0,0.0,-28.367556,2.3138623,0.77128744,0.15200001,0.0,0.1838629,0.0,0.0
hardzero_only__c0p58__z1p00__lam0p000__nu0p50__psi0p00,0.072,support,38,289,0.0,3,0.46637335,0.46637335,0.46637335,1.07424,0.0,0.0842869,0.0,0.0,0.072,0.0,0.0,0.0,0.0,-28.303339,2.3633752,0.7877917,0.18400002,0.0,0.17856511,0.0,0.0
hardzero_only__c0p58__z1p00__lam0p000__nu0p50__psi0p00,0.072,support,38,290,0.0,3,0.46637335,0.46637335,0.46637335,1.0027643,0.0,0.09936551,0.0,0.0,0.072,0.0,0.0,0.0,0.0,-27.78398,2.2061257,0.7353753,0.16000001,0.0,0.15966937,0.0,0.0
hardzero_only__c0p58__z1p00__lam0p000__nu0p50__psi0p00,0.072,support,38,291,0.0,3,0.46637335,0.47444382,0.47444382,0.9504344,0.11208968,0.11208968,1.0,0.008070457,0.072,0.0,0.0,0.0,0.0,-25.882935,2.0909975,0.6969992,0.216,0.0,0.1746162,0.0,0.0
hardzero_only__c0p58__z1p00__lam0p000__nu0p50__psi0p00,0.072,support,38,292,0.0,3,0.47444382,0.4818795,0.4818795,0.9860118,0.103273325,0.103273325,1.0,0.007435679,0.072,0.0,0.0,0.0,0.0,-26.961239,2.1692693,0.7230898,0.2,0.0,0.17517953,0.0,0.0
hardzero_only__c0p58__z1p00__lam0p000__nu0p50__psi0p00,0.072,support,38,293,0.0,3,0.4818795,0.4891822,0.4891822,0.9938497,0.10142623,0.10142623,1.0,0.007302688,0.072,0.0,0.0,0.0,0.0,-26.489422,2.186513,0.72883767,0.2,0.0,0.15696259,0.0,0.0
hardzero_only__c0p58__z1p00__lam0p000__nu0p50__psi0p00,0.072,support,38,294,0.0,3,0.4891822,0.4891822,0.4891822,1.0089675,0.0,0.09795632,0.0,0.0,0.072,0.0,0.0,0.0,0.0,-27.052677,2.2197728,0.7399243,0.192,0.0,0.16790825,0.0,0.0
hardzero_only__c0p58__z1p00__lam0p000__nu0p50__psi0p00,0.072,support,38,295,0.0,3,0.4891822,0.4891822,0.4891822,1.0391277,0.0,0.09138445,0.0,0.0,0.072,0.0,0.0,0.0,0.0,-27.715513,2.2861266,0.7620422,0.17600001,0.0,0.14679433,0.0,0.0
hardzero_only__c0p58__z1p00__lam0p000__nu0p50__psi0p00,0.072,support,38,296,0.0,3,0.4891822,0.4891822,0.4891822,1.0042841,0.0,0.099018395,0.0,0.0,0.072,0.0,0.0,0.0,0.0,-26.37886,2.2094693,0.7364898,0.128,0.0,0.15057325,0.0,0.0
hardzero_only__c0p58__z1p00__lam0p000__nu0p50__psi0p00,0.072,support,38,297,0.0,3,0.4891822,0.4891822,0.4891822,1.0413626,0.0,0.090915374,0.0,0.0,0.072,0.0,0.0,0.0,0.0,-28.476768,2.2910435,0.7636812,0.14400001,0.0,0.19466008,0.0,0.0
hardzero_only__c0p58__z1p00__lam0p000__nu0p50__psi0p00,0.072,support,38,298,0.0,3,0.4891822,0.4891822,0.4891822,1.0115172,0.0,0.097382925,0.0,0.0,0.072,0.0,0.0,0.0,0.0,-26.418837,2.2253823,0.7417941,0.17600001,0.0,0.14339885,0.0,0.0
hardzero_only__c0p58__z1p00__lam0p000__nu0p50__psi0p00,0.072,support,38,299,0.0,3,0.4891822,0.4891822,0.4891822,1.0079507,0.0,0.09818596,0.0,0.0,0.072,0.0,0.0,0.0,0.0,-28.215752,2.2175357,0.7391786,0.16,0.0,0.15972611,0.0,0.0
hardzero_only__c0p58__z1p00__lam0p000__nu0p50__psi0p00,0.072,support,38,300,0.0,3,0.4891822,0.4891822,0.4891822,1.0700653,0.0,0.085101016,0.0,0.0,0.072,0.0,0.0,0.0,0.0,-27.968245,2.3541906,0.7847302,0.104,0.0,0.1600704,0.0,0.0
hardzero_only__c0p58__z1p00__lam0p000__nu0p50__psi0p00,0.072,support,38,301,0.0,3,0.4891822,0.49651098,0.49651098,0.9923001,0.10178878,0.10178878,1.0,0.007328792,0.072,0.0,0.0,0.0,0.0,-26.701239,2.1831038,0.7277013,0.192,0.0,0.15325104,0.0,0.0
hardzero_only__c0p58__z1p00__lam0p000__nu0p50__psi0p00,0.072,support,38,302,0.0,3,0.49651098,0.5041988,0.5041988,0.9715297,0.10677518,0.10677518,1.0,0.0076878127,0.072,0.0,0.0,0.0,0.0,-25.696571,2.137408,0.71246934,0.216,0.0,0.17315786,0.0,0.0
hardzero_only__c0p58__z1p00__lam0p000__nu0p50__psi0p00,0.072,support,38,303,0.0,3,0.5041988,0.51160944,0.51160944,0.9874748,0.102926016,0.102926016,1.0,0.007410673,0.072,0.0,0.0,0.0,0.0,-27.112654,2.172488,0.7241627,0.136,0.0,0.16637945,0.0,0.0
hardzero_only__c0p58__z1p00__lam0p000__nu0p50__psi0p00,0.072,support,38,304,0.0,3,0.51160944,0.51160944,0.51160944,1.0183245,0.0,0.095868416,0.0,0.0,0.072,0.0,0.0,0.0,0.0,-27.37033,2.2403586,0.74678624,0.120000005,0.0,0.15459092,0.0,0.0
hardzero_only__c0p58__z1p00__lam0p000__nu0p50__psi0p00,0.072,support,38,305,0.0,3,0.51160944,0.51160944,0.51160944,1.0104216,0.0,0.0976289,0.0,0.0,0.072,0.0,0.0,0.0,0.0,-27.372341,2.222972,0.74099064,0.18400002,0.0,0.16770248,0.0,0.0
hardzero_only__c0p58__z1p00__lam0p000__nu0p50__psi0p00,0.072,support,38,306,0.0,3,0.51160944,0.5191867,0.5191867,0.9778208,0.1052396,0.1052396,1.0,0.0075772507,0.072,0.0,0.0,0.0,0.0,-26.73955,2.1512487,0.7170829,0.17600001,0.0,0.14163524,0.0,0.0
hardzero_only__c0p58__z1p00__lam0p000__nu0p50__psi0p00,0.072,support,38,307,0.0,3,0.5191867,0.52683884,0.52683884,0.973548,0.10628012,0.10628012,1.0,0.007652168,0.072,0.0,0.0,0.0,0.0,-26.991016,2.1418483,0.71394944,0.120000005,0.0,0.13229586,0.0,0.0
hardzero_only__c0p58__z1p00__lam0p000__nu0p50__psi0p00,0.072,support,38,308,0.0,3,0.52683884,0.53448176,0.53448176,0.9740724,0.10615186,0.10615186,1.0,0.007642933,0.072,0.0,0.0,0.0,0.0,-25.731552,2.143002,0.714334,0.2,0.0,0.15995403,0.0,0.0
hardzero_only__c0p58__z1p00__lam0p000__nu0p50__psi0p00,0.072,support,38,309,0.0,3,0.53448176,0.53448176,0.53448176,1.0354431,0.0,0.09216307,0.0,0.0,0.072,0.0,0.0,0.0,0.0,-26.601324,2.2780201,0.75934005,0.14400001,0.0,0.1533545,0.0,0.0
hardzero_only__c0p58__z1p00__lam0p000__nu0p50__psi0p00,0.072,support,38,310,0.0,3,0.53448176,0.53448176,0.53448176,1.0567882,0.0,0.08774286,0.0,0.0,0.072,0.0,0.0,0.0,0.0,-26.935266,2.3249805,0.77499354,0.08800001,0.0,0.16045265,0.0,0.0
hardzero_only__c0p58__z1p00__lam0p000__nu0p50__psi0p00,0.072,support,38,311,0.0,3,0.53448176,0.54279053,0.54279053,0.9377956,0.115399614,0.115399614,1.0,0.008308772,0.072,0.0,0.0,0.0,0.0,-26.326954,2.0631914,0.6877305,0.192,0.0,0.15170202,0.0,0.0
hardzero_only__c0p58__z1p00__lam0p000__nu0p50__psi0p00,0.072,support,38,312,0.0,3,0.54279053,0.54279053,0.54279053,1.0472518,0.0,0.08969085,0.0,0.0,0.072,0.0,0.0,0.0,0.0,-27.606882,2.3040001,0.76800007,0.11,0.0,0.14252433,0.0,0.0
hardzero_only__c0p58__z1p00__lam0p000__nu0p50__psi0p00,0.072,support,38,313,0.0,3,0.54279053,0.55024487,0.55024487,0.9849247,0.10353218,0.10353218,1.0,0.0074543166,0.072,0.0,0.0,0.0,0.0,-26.72222,2.1668775,0.72229254,0.16000001,0.0,0.1441591,0.0,0.0
hardzero_only__c0p58__z1p00__lam0p000__nu0p50__psi0p00,0.072,support,38,314,0.0,3,0.55024487,0.55024487,0.55024487,1.0337676,0.0,0.092519306,0.0,0.0,0.072,0.0,0.0,0.0,0.0,-28.533783,2.2743342,0.7581114,0.18400002,0.0,0.1614255,0.0,0.0
hardzero_only__c0p58__z1p00__lam0p000__nu0p50__psi0p00,0.072,support,38,315,0.0,3,0.55024487,0.55024487,0.55024487,1.0007052,0.0,0.09983774,0.0,0.0,0.072,0.0,0.0,0.0,0.0,-27.382454,2.2015955,0.7338652,0.14400001,0.0,0.16631758,0.0,0.0
hardzero_only__c0p58__z1p00__lam0p000__nu0p50__psi0p00,0.072,support,38,316,0.0,3,0.55024487,0.55747443,0.55747443,0.9982185,0.10041104,0.10041104,1.0,0.007229595,0.072,0.0,0.0,0.0,0.0,-27.223614,2.1961246,0.73204154,0.2,0.0,0.17744988,0.0,0.0
hardzero_only__c0p58__z1p00__lam0p000__nu0p50__psi0p00,0.072,support,38,317,0.0,3,0.55747443,0.56535625,0.56535625,0.9607055,0.109469846,0.109469846,1.0,0.007881829,0.072,0.0,0.0,0.0,0.0,-25.558092,2.1135943,0.70453143,0.24000001,0.0,0.13820395,0.0,0.0
hardzero_only__c0p58__z1p00__lam0p000__nu0p50__psi0p00,0.072,support,38,318,0.0,3,0.56535625,0.56535625,0.56535625,1.037573,0.0,0.091712184,0.0,0.0,0.072,0.0,0.0,0.0,0.0,-27.653435,2.282706,0.76090205,0.15200001,0.0,0.1985635,0.0,0.0
hardzero_only__c0p58__z1p00__lam0p000__nu0p50__psi0p00,0.072,support,38,319,0.0,3,0.56535625,0.56535625,0.56535625,1.0023109,0.0,0.09946931,0.0,0.0,0.072,0.0,0.0,0.0,0.0,-26.650362,2.205128,0.7350427,0.16800001,0.0,0.17663813,0.0,0.0
hardzero_only__c0p58__z1p00__lam0p000__nu0p50__psi0p00,0.072,support,38,320,0.0,3,0.56535625,0.56535625,0.56535625,1.0248379,0.0,0.094441324,0.0,0.0,0.072,0.0,0.0,0.0,0.0,-27.173388,2.2546883,0.7515628,0.104,0.0,0.16121213,0.0,0.0
hardzero_only__c0p58__z1p00__lam0p000__nu0p50__psi0p00,0.072,support,38,321,0.0,3,0.56535625,0.57385796,0.57385796,0.92782533,0.11807953,0.11807953,1.0,0.008501725,0.072,0.0,0.0,0.0,0.0,-24.686586,2.0412564,0.68041885,0.14400001,0.0,0.14368157,0.0,0.0
hardzero_only__c0p58__z1p00__lam0p000__nu0p50__psi0p00,0.072,support,38,322,0.0,3,0.57385796,0.57385796,0.57385796,1.0491704,0.0,0.08929551,0.0,0.0,0.072,0.0,0.0,0.0,0.0,-27.965502,2.3082209,0.769407,0.128,0.0,0.16065459,0.0,0.0
hardzero_only__c0p58__z1p00__lam0p000__nu0p50__psi0p00,0.072,support,38,323,0.0,3,0.57385796,0.5811117,0.5811117,0.99676883,0.10074678,0.10074678,1.0,0.007253768,0.072,0.0,0.0,0.0,0.0,-27.533937,2.1929352,0.7309784,0.096,0.0,0.1674995,0.0,0.0
hardzero_only__c0p58__z1p00__lam0p000__nu0p50__psi0p00,0.072,support,38,324,1.0,4,0.5811117,0.0011117458,0.0011117458,1.062777,0.0,0.08654122,0.0,0.0,0.072,0.0,0.0,0.0,0.0,-27.906748,2.3381562,0.77938545,0.14400001,0.0,0.15328479,0.0,0.0
hardzero_only__c0p58__z1p00__lam0p000__nu0p50__psi0p00,0.072,support,38,325,0.0,4,0.0011117458,0.009797465,0.009797465,0.9185267,0.12063499,0.12063499,1.0,0.008685719,0.072,0.0,0.0,0.0,0.0,-25.442455,2.0207992,0.6735997,0.16,0.0,0.15033722,0.0,0.0
hardzero_only__c0p58__z1p00__lam0p000__nu0p50__psi0p00,0.072,support,38,326,0.0,4,0.009797465,0.017348846,0.017348846,0.979306,0.10488031,0.10488031,1.0,0.007551382,0.072,0.0,0.0,0.0,0.0,-27.01077,2.1545162,0.7181721,0.216,0.0,0.15152207,0.0,0.0
hardzero_only__c0p58__z1p00__lam0p000__nu0p50__psi0p00,0.072,support,38,327,0.0,4,0.017348846,0.017348846,0.017348846,1.0079113,0.0,0.09819483,0.0,0.0,0.072,0.0,0.0,0.0,0.0,-26.819159,2.2174492,0.73914975,0.16000001,0.0,0.14270425,0.0,0.0
hardzero_only__c0p58__z1p00__lam0p000__nu0p50__psi0p00,0.072,support,38,328,0.0,4,0.017348846,0.025033783,0.025033783,0.97169226,0.10673522,0.10673522,1.0,0.007684936,0.072,0.0,0.0,0.0,0.0,-26.558619,2.1377656,0.71258855,0.17600001,0.0,0.15004823,0.0,0.0
hardzero_only__c0p58__z1p00__lam0p000__nu0p50__psi0p00,0.072,support,38,329,0.0,4,0.025033783,0.03307817,0.03307817,0.9518395,0.11172762,0.11172762,1.0,0.008044388,0.072,0.0,0.0,0.0,0.0,-25.966854,2.0940888,0.69802964,0.208,0.0,0.133493,0.0,0.0
hardzero_only__c0p58__z1p00__lam0p000__nu0p50__psi0p00,0.072,support,38,330,0.0,4,0.03307817,0.03307817,0.03307817,1.0057954,0.0,0.09867443,0.0,0.0,0.072,0.0,0.0,0.0,0.0,-27.43615,2.212794,0.73759806,0.16800001,0.0,0.1639099,0.0,0.0
hardzero_only__c0p58__z1p00__lam0p000__nu0p50__psi0p00,0.072,support,38,331,0.0,4,0.03307817,0.041415073,0.041415073,0.9363277,0.11579034,0.11579034,1.0,0.0083369035,0.072,0.0,0.0,0.0,0.0,-24.941673,2.059962,0.68665403,0.120000005,0.0,0.12340312,0.0,0.0
hardzero_only__c0p58__z1p00__lam0p000__nu0p50__psi0p00,0.072,support,38,332,0.0,4,0.041415073,0.04875247,0.04875247,0.99179024,0.10190834,0.10190834,1.0,0.0073374,0.072,0.0,0.0,0.0,0.0,-27.055208,2.181982,0.72732735,0.224,0.0,0.18430562,0.0,0.0
hardzero_only__c0p58__z1p00__lam0p000__nu0p50__psi0p00,0.072,support,38,333,0.0,4,0.04875247,0.056487706,0.056487706,0.968859,0.10743381,0.10743381,1.0,0.007735234,0.072,0.0,0.0,0.0,0.0,-26.59866,2.1315324,0.71051085,0.16800001,0.0,0.15425159,0.0,0.0
hardzero_only__c0p58__z1p00__lam0p000__nu0p50__psi0p00,0.072,support,38,334,0.0,4,0.056487706,0.064361215,0.064361215,0.96116424,0.10935427,0.10935427,1.0,0.007873507,0.072,0.0,0.0,0.0,0.0,-26.126606,2.1146035,0.70486784,0.16800001,0.0,0.15127225,0.0,0.0
hardzero_only__c0p58__z1p00__lam0p000__nu0p50__psi0p00,0.072,support,38,335,0.0,4,0.064361215,0.064361215,0.064361215,1.007714,0.0,0.09823946,0.0,0.0,0.072,0.0,0.0,0.0,0.0,-27.71961,2.217015,0.739005,0.16000001,0.0,0.18528429,0.0,0.0
hardzero_only__c0p58__z1p00__lam0p000__nu0p50__psi0p00,0.072,support,38,336,0.0,4,0.064361215,0.07205543,0.07205543,0.97116804,0.10686413,0.10686413,1.0,0.0076942174,0.072,0.0,0.0,0.0,0.0,-26.55762,2.1366124,0.71220416,0.15200001,0.0,0.17089702,0.0,0.0
hardzero_only__c0p58__z1p00__lam0p000__nu0p50__psi0p00,0.072,support,38,337,0.0,4,0.07205543,0.07205543,0.07205543,1.007862,0.0,0.098206,0.0,0.0,0.072,0.0,0.0,0.0,0.0,-27.099058,2.2173407,0.73911357,0.120000005,0.0,0.16632758,0.0,0.0
hardzero_only__c0p58__z1p00__lam0p000__nu0p50__psi0p00,0.072,support,38,338,0.0,4,0.07205543,0.07205543,0.07205543,1.048264,0.0,0.08948205,0.0,0.0,0.072,0.0,0.0,0.0,0.0,-27.87605,2.306227,0.7687423,0.21,0.0,0.16165899,0.0,0.0
hardzero_only__c0p58__z1p00__lam0p000__nu0p50__psi0p00,0.072,support,38,339,0.0,4,0.07205543,0.07205543,0.07205543,1.0174103,0.0,0.09607043,0.0,0.0,0.072,0.0,0.0,0.0,0.0,-27.816164,2.2383473,0.7461158,0.14400001,0.0,0.1525195,0.0,0.0
hardzero_only__c0p58__z1p00__lam0p000__nu0p50__psi0p00,0.072,support,38,340,0.0,4,0.07205543,0.07947614,0.07947614,0.9868869,0.103065446,0.103065446,1.0,0.0074207117,0.072,0.0,0.0,0.0,0.0,-26.610693,2.1711946,0.7237315,0.2,0.0,0.15688387,0.0,0.0
hardzero_only__c0p58__z1p00__lam0p000__nu0p50__psi0p00,0.072,support,38,341,0.0,4,0.07947614,0.07947614,0.07947614,1.015407,0.0,0.09651458,0.0,0.0,0.072,0.0,0.0,0.0,0.0,-27.451061,2.23394,0.74464667,0.16800001,0.0,0.16024506,0.0,0.0
hardzero_only__c0p58__z1p00__lam0p000__nu0p50__psi0p00,0.072,support,38,342,0.0,4,0.07947614,0.087426044,0.087426044,0.9569705,0.110415354,0.110415354,1.0,0.0079499055,0.072,0.0,0.0,0.0,0.0,-25.916441,2.1053772,0.7017924,0.2,0.0,0.15677372,0.0,0.0
hardzero_only__c0p58__z1p00__lam0p000__nu0p50__psi0p00,0.072,support,38,343,0.0,4,0.087426044,0.0952297,0.0952297,0.9650341,0.10838416,0.10838416,1.0,0.0078036594,0.072,0.0,0.0,0.0,0.0,-26.141474,2.1231174,0.70770586,0.14400001,0.008,0.14361525,0.0,0.0
hardzero_only__c0p58__z1p00__lam0p000__nu0p50__psi0p00,0.072,support,38,344,0.0,4,0.0952297,0.1030417,0.1030417,0.9645703,0.10849999,0.10849999,1.0,0.007811999,0.072,0.0,0.0,0.0,0.0,-26.643173,2.122097,0.7073657,0.208,0.0,0.12781766,0.0,0.0
hardzero_only__c0p58__z1p00__lam0p000__nu0p50__psi0p00,0.072,support,38,345,0.0,4,0.1030417,0.11044555,0.11044555,0.9878747,0.10283129,0.10283129,1.0,0.0074038524,0.072,0.0,0.0,0.0,0.0,-26.726295,2.1733677,0.72445595,0.15200001,0.0,0.15644495,0.0,0.0
hardzero_only__c0p58__z1p00__lam0p000__nu0p50__psi0p00,0.072,support,38,346,0.0,4,0.11044555,0.11806778,0.11806778,0.9752505,0.10586428,0.10586428,1.0,0.0076222275,0.072,0.0,0.0,0.0,0.0,-26.107985,2.145594,0.715198,0.192,0.0,0.13297968,0.0,0.0
hardzero_only__c0p58__z1p00__lam0p000__nu0p50__psi0p00,0.072,support,38,347,0.0,4,0.11806778,0.12705515,0.12705515,0.90369976,0.12482461,0.12482461,1.0,0.008987372,0.072,0.0,0.0,0.0,0.0,-25.460201,1.9881792,0.6627264,0.18400002,0.0,0.13838232,0.0,0.0
hardzero_only__c0p58__z1p00__lam0p000__nu0p50__psi0p00,0.072,support,38,348,0.0,4,0.12705515,0.13455756,0.13455756,0.98213154,0.10420018,0.10420018,1.0,0.0075024124,0.072,0.0,0.0,0.0,0.0,-26.9239,2.1607325,0.72024417,0.16000001,0.0,0.15365738,0.0,0.0
hardzero_only__c0p58__z1p00__lam0p000__nu0p50__psi0p00,0.072,support,38,349,0.0,4,0.13455756,0.14267847,0.14267847,0.94772786,0.1127904,0.1127904,1.0,0.008120908,0.072,0.0,0.0,0.0,0.0,-26.497639,2.085043,0.69501436,0.16800001,0.0,0.15699074,0.0,0.0
hardzero_only__c0p58__z1p00__lam0p000__nu0p50__psi0p00,0.072,support,38,350,0.0,4,0.14267847,0.14991987,0.14991987,0.99750966,0.10057507,0.10057507,1.0,0.0072414046,0.072,0.0,0.0,0.0,0.0,-27.27382,2.194565,0.7315217,0.16000001,0.0,0.1518803,0.0,0.0
hardzero_only__c0p58__z1p00__lam0p000__nu0p50__psi0p00,0.072,support,38,351,0.0,4,0.14991987,0.15763526,0.15763526,0.96997494,0.1071581,0.1071581,1.0,0.007715383,0.072,0.0,0.0,0.0,0.0,-26.659023,2.1339874,0.71132916,0.13,0.0,0.12940796,0.0,0.0
hardzero_only__c0p58__z1p00__lam0p000__nu0p50__psi0p00,0.072,support,38,352,0.0,4,0.15763526,0.15763526,0.15763526,1.008397,0.0,0.09808509,0.0,0.0,0.072,0.0,0.0,0.0,0.0,-26.96777,2.2185175,0.7395059,0.18400002,0.0,0.14307378,0.0,0.0
hardzero_only__c0p58__z1p00__lam0p000__nu0p50__psi0p00,0.072,support,38,353,0.0,4,0.15763526,0.16549592,0.16549592,0.9618738,0.10917576,0.10917576,1.0,0.007860654,0.072,0.0,0.0,0.0,0.0,-26.51268,2.1161647,0.70538825,0.112,0.0,0.14278272,0.0,0.0
hardzero_only__c0p58__z1p00__lam0p000__nu0p50__psi0p00,0.072,support,38,354,0.0,4,0.16549592,0.17354366,0.17354366,0.95165837,0.11177422,0.11177422,1.0,0.008047744,0.072,0.0,0.0,0.0,0.0,-26.105389,2.0936902,0.6978967,0.208,0.0,0.16116916,0.0,0.0
hardzero_only__c0p58__z1p00__lam0p000__nu0p50__psi0p00,0.072,support,38,355,0.0,4,0.17354366,0.18202719,0.18202719,0.9287561,0.117826745,0.117826745,1.0,0.008483525,0.072,0.0,0.0,0.0,0.0,-26.372992,2.0433042,0.68110144,0.16800001,0.0,0.13713649,0.0,0.0
hardzero_only__c0p58__z1p00__lam0p000__nu0p50__psi0p00,0.072,support,38,356,0.0,4,0.18202719,0.18202719,0.18202719,1.0038087,0.0,0.09912683,0.0,0.0,0.072,0.0,0.0,0.0,0.0,-26.918104,2.2084234,0.73614115,0.2,0.0,0.14747556,0.0,0.0
hardzero_only__c0p58__z1p00__lam0p000__nu0p50__psi0p00,0.072,support,38,357,0.0,4,0.18202719,0.18944156,0.18944156,0.9872578,0.10297747,0.10297747,1.0,0.0074143773,0.072,0.0,0.0,0.0,0.0,-26.574068,2.1720104,0.7240035,0.2,0.0,0.13843435,0.0,0.0
hardzero_only__c0p58__z1p00__lam0p000__nu0p50__psi0p00,0.072,support,38,358,0.0,4,0.18944156,0.18944156,0.18944156,1.0440755,0.0,0.090349235,0.0,0.0,0.072,0.0,0.0,0.0,0.0,-27.794394,2.2970119,0.76567066,0.136,0.0,0.15677753,0.0,0.0
hardzero_only__c0p58__z1p00__lam0p000__nu0p50__psi0p00,0.072,support,38,359,0.0,4,0.18944156,0.18944156,0.18944156,1.0250174,0.0,0.09440232,0.0,0.0,0.072,0.0,0.0,0.0,0.0,-27.376068,2.2550833,0.75169444,0.080000006,0.0,0.14811097,0.0,0.0
hardzero_only__c0p58__z1p00__lam0p000__nu0p50__psi0p00,0.072,support,38,360,0.0,4,0.18944156,0.19718365,0.19718365,0.9684742,0.107529044,0.107529044,1.0,0.0077420906,0.072,0.0,0.0,0.0,0.0,-26.312622,2.1306858,0.7102286,0.216,0.008,0.1396602,0.0,0.0
hardzero_only__c0p58__z1p00__lam0p000__nu0p50__psi0p00,0.072,support,38,361,0.0,4,0.19718365,0.19718365,0.19718365,1.0050188,0.0,0.09885101,0.0,0.0,0.072,0.0,0.0,0.0,0.0,-26.211899,2.2110856,0.73702854,0.23200001,0.0,0.14253561,0.0,0.0
hardzero_only__c0p58__z1p00__lam0p000__nu0p50__psi0p00,0.072,support,38,362,0.0,4,0.19718365,0.20515832,0.20515832,0.95561945,0.110759385,0.110759385,1.0,0.007974675,0.072,0.0,0.0,0.0,0.0,-26.794693,2.1024048,0.7008016,0.18400002,0.0,0.14090766,0.0,0.0
hardzero_only__c0p58__z1p00__lam0p000__nu0p50__psi0p00,0.072,support,38,363,0.0,4,0.20515832,0.20515832,0.20515832,1.016079,0.0,0.096365385,0.0,0.0,0.072,0.0,0.0,0.0,0.0,-27.151428,2.2354183,0.7451395,0.2,0.008,0.1583732,0.0,0.0
hardzero_only__c0p58__z1p00__lam0p000__nu0p50__psi0p00,0.072,support,38,364,0.0,4,0.20515832,0.21305604,0.21305604,0.9598304,0.10969065,0.10969065,1.0,0.007897726,0.072,0.0,0.0,0.0,0.0,-26.536509,2.111669,0.7038897,0.25,0.0,0.13271737,0.0,0.0
hardzero_only__c0p58__z1p00__lam0p000__nu0p50__psi0p00,0.072,support,38,365,0.0,4,0.21305604,0.22165704,0.22165704,0.92278403,0.1194582,0.1194582,1.0,0.00860099,0.072,0.0,0.0,0.0,0.0,-24.836626,2.0301654,0.6767218,0.16800001,0.0,0.16211075,0.0,0.0
hardzero_only__c0p58__z1p00__lam0p000__nu0p50__psi0p00,0.072,support,38,366,0.0,4,0.22165704,0.2289836,0.2289836,0.99243265,0.101757705,0.101757705,1.0,0.0073265545,0.072,0.0,0.0,0.0,0.0,-26.940487,2.1833954,0.72779846,0.15200001,0.0,0.16578566,0.0,0.0
hardzero_only__c0p58__z1p00__lam0p000__nu0p50__psi0p00,0.072,support,38,367,0.0,4,0.2289836,0.23621428,0.23621428,0.99815303,0.1004262,0.1004262,1.0,0.007230686,0.072,0.0,0.0,0.0,0.0,-26.935917,2.1959805,0.73199356,0.136,0.0,0.14498396,0.0,0.0
hardzero_only__c0p58__z1p00__lam0p000__nu0p50__psi0p00,0.072,support,38,368,0.0,4,0.23621428,0.24417235,0.24417235,0.956525,0.11052866,0.11052866,1.0,0.007958063,0.072,0.0,0.0,0.0,0.0,-26.903803,2.104397,0.7014657,0.16000001,0.0,0.13055412,0.0,0.0
hardzero_only__c0p58__z1p00__lam0p000__nu0p50__psi0p00,0.072,support,38,369,0.0,4,0.24417235,0.2515971,0.2515971,0.9866505,0.10312156,0.10312156,1.0,0.0074247518,0.072,0.0,0.0,0.0,0.0,-27.384497,2.1706746,0.7235582,0.2,0.0,0.17375527,0.0,0.0
hardzero_only__c0p58__z1p00__lam0p000__nu0p50__psi0p00,0.072,support,38,370,0.0,4,0.2515971,0.2590417,0.2590417,0.9854923,0.103396945,0.103396945,1.0,0.0074445796,0.072,0.0,0.0,0.0,0.0,-27.544214,2.1681263,0.7227088,0.17600001,0.0,0.18132202,0.0,0.0
hardzero_only__c0p58__z1p00__lam0p000__nu0p50__psi0p00,0.072,support,38,371,0.0,4,0.2590417,0.26746768,0.26746768,0.93171275,0.11702732,0.11702732,1.0,0.008425967,0.072,0.0,0.0,0.0,0.0,-25.759338,2.049809,0.6832697,0.224,0.0,0.13561888,0.0,0.0
hardzero_only__c0p58__z1p00__lam0p000__nu0p50__psi0p00,0.072,support,38,372,0.0,4,0.26746768,0.2748842,0.2748842,0.98713225,0.10300723,0.10300723,1.0,0.0074165203,0.072,0.0,0.0,0.0,0.0,-25.93669,2.1717343,0.72391146,0.14400001,0.0,0.12532881,0.0,0.0
hardzero_only__c0p58__z1p00__lam0p000__nu0p50__psi0p00,0.072,support,38,373,0.0,4,0.2748842,0.2829427,0.2829427,0.951078,0.11192368,0.11192368,1.0,0.008058504,0.072,0.0,0.0,0.0,0.0,-25.580345,2.0924134,0.69747114,0.136,0.0,0.1451497,0.0,0.0
hardzero_only__c0p58__z1p00__lam0p000__nu0p50__psi0p00,0.072,support,38,374,0.0,4,0.2829427,0.2910537,0.2910537,0.94825757,0.112652905,0.112652905,1.0,0.008111008,0.072,0.0,0.0,0.0,0.0,-26.94761,2.0862083,0.6954028,0.192,0.0,0.13964018,0.0,0.0
hardzero_only__c0p58__z1p00__lam0p000__nu0p50__psi0p00,0.072,support,38,375,0.0,4,0.2910537,0.29862136,0.29862136,0.9783709,0.10510637,0.10510637,1.0,0.007567658,0.072,0.0,0.0,0.0,0.0,-26.786055,2.152459,0.7174863,0.104,0.0,0.16402006,0.0,0.0
hardzero_only__c0p58__z1p00__lam0p000__nu0p50__psi0p00,0.072,support,38,376,0.0,4,0.29862136,0.30608535,0.30608535,0.98436165,0.10366648,0.10366648,1.0,0.007463986,0.072,0.0,0.0,0.0,0.0,-26.869352,2.165639,0.72187966,0.16000001,0.0,0.16778535,0.0,0.0
hardzero_only__c0p58__z1p00__lam0p000__nu0p50__psi0p00,0.072,support,38,377,0.0,4,0.30608535,0.31370652,0.31370652,0.9753117,0.10584937,0.10584937,1.0,0.007621154,0.072,0.0,0.0,0.0,0.0,-26.304728,2.1457286,0.71524286,0.13,0.0,0.16631018,0.0,0.0
hardzero_only__c0p58__z1p00__lam0p000__nu0p50__psi0p00,0.072,support,38,378,0.0,4,0.31370652,0.31370652,0.31370652,1.0477842,0.0,0.08958097,0.0,0.0,0.072,0.0,0.0,0.0,0.0,-27.556616,2.3051713,0.7683904,0.15200001,0.0,0.1553119,0.0,0.0
hardzero_only__c0p58__z1p00__lam0p000__nu0p50__psi0p00,0.072,support,38,379,0.0,4,0.31370652,0.32197413,0.32197413,0.93995214,0.11482801,0.11482801,1.0,0.008267617,0.072,0.0,0.0,0.0,0.0,-26.378962,2.067936,0.689312,0.18400002,0.0,0.15447009,0.0,0.0
hardzero_only__c0p58__z1p00__lam0p000__nu0p50__psi0p00,0.072,support,38,380,0.0,4,0.32197413,0.3292784,0.3292784,0.9937546,0.10144844,0.10144844,1.0,0.0073042875,0.072,0.0,0.0,0.0,0.0,-26.832188,2.1863039,0.728768,0.128,0.0,0.13325614,0.0,0.0
hardzero_only__c0p58__z1p00__lam0p000__nu0p50__psi0p00,0.072,support,38,381,0.0,4,0.3292784,0.3292784,0.3292784,1.0207913,0.0,0.09532541,0.0,0.0,0.072,0.0,0.0,0.0,0.0,-26.823038,2.2457857,0.74859524,0.112,0.0,0.15812902,0.0,0.0
hardzero_only__c0p58__z1p00__lam0p000__nu0p50__psi0p00,0.072,support,38,382,0.0,4,0.3292784,0.3292784,0.3292784,1.0121435,0.0,0.09724258,0.0,0.0,0.072,0.0,0.0,0.0,0.0,-26.994009,2.2267601,0.7422534,0.136,0.0,0.1333093,0.0,0.0
hardzero_only__c0p58__z1p00__lam0p000__nu0p50__psi0p00,0.072,support,38,383,0.0,4,0.3292784,0.33686393,0.33686393,0.97734624,0.10535465,0.10535465,1.0,0.007585535,0.072,0.0,0.0,0.0,0.0,-26.703306,2.1502047,0.7167349,0.2,0.0,0.1374632,0.0,0.0
hardzero_only__c0p58__z1p00__lam0p000__nu0p50__psi0p00,0.072,support,38,384,0.0,4,0.33686393,0.34477678,0.34477678,0.95899945,0.10990073,0.10990073,1.0,0.007912852,0.072,0.0,0.0,0.0,0.0,-26.086147,2.1098409,0.7032803,0.2,0.0,0.14032735,0.0,0.0
hardzero_only__c0p58__z1p00__lam0p000__nu0p50__psi0p00,0.072,support,38,385,0.0,4,0.34477678,0.34477678,0.34477678,1.0073696,0.0,0.09831739,0.0,0.0,0.072,0.0,0.0,0.0,0.0,-27.121641,2.2162576,0.73875254,0.112,0.0,0.161846,0.0,0.0
hardzero_only__c0p58__z1p00__lam0p000__nu0p50__psi0p00,0.072,support,38,386,0.0,4,0.34477678,0.35294408,0.35294408,0.94525456,0.11343456,0.11343456,1.0,0.008167288,0.072,0.0,0.0,0.0,0.0,-25.078327,2.0796015,0.6932005,0.16000001,0.0,0.14375089,0.0,0.0
hardzero_only__c0p58__z1p00__lam0p000__nu0p50__psi0p00,0.072,support,38,387,0.0,4,0.35294408,0.36097926,0.36097926,0.9523374,0.11159959,0.11159959,1.0,0.00803517,0.072,0.0,0.0,0.0,0.0,-26.87926,2.095184,0.6983947,0.208,0.0,0.14239351,0.0,0.0
hardzero_only__c0p58__z1p00__lam0p000__nu0p50__psi0p00,0.072,support,38,388,0.0,4,0.36097926,0.3689208,0.3689208,0.95742697,0.11029936,0.11029936,1.0,0.007941553,0.072,0.0,0.0,0.0,0.0,-26.162384,2.1063814,0.70212716,0.16000001,0.0,0.14204705,0.0,0.0
hardzero_only__c0p58__z1p00__lam0p000__nu0p50__psi0p00,0.072,support,38,389,0.0,4,0.3689208,0.37689647,0.37689647,0.9555658,0.11077307,0.11077307,1.0,0.007975661,0.072,0.0,0.0,0.0,0.0,-25.858963,2.1022868,0.7007623,0.16000001,0.0,0.1315232,0.0,0.0
hardzero_only__c0p58__z1p00__lam0p000__nu0p50__psi0p00,0.072,support,38,390,0.0,4,0.37689647,0.37689647,0.37689647,1.0219764,0.0,0.09506565,0.0,0.0,0.072,0.0,0.0,0.0,0.0,-28.14015,2.2483928,0.7494643,0.19999999,0.0,0.16725504,0.0,0.0
hardzero_only__c0p58__z1p00__lam0p000__nu0p50__psi0p00,0.072,support,38,391,0.0,4,0.37689647,0.38466585,0.38466585,0.96694654,0.10790796,0.10790796,1.0,0.007769373,0.072,0.0,0.0,0.0,0.0,-26.712763,2.1273248,0.7091083,0.136,0.0,0.17153758,0.0,0.0
hardzero_only__c0p58__z1p00__lam0p000__nu0p50__psi0p00,0.072,support,38,392,0.0,4,0.38466585,0.39246243,0.39246243,0.9654286,0.10828578,0.10828578,1.0,0.007796576,0.072,0.0,0.0,0.0,0.0,-26.45002,2.1239853,0.7079951,0.14400001,0.0,0.1559284,0.0,0.0
hardzero_only__c0p58__z1p00__lam0p000__nu0p50__psi0p00,0.072,support,38,393,0.0,4,0.39246243,0.39246243,0.39246243,1.0015426,0.0,0.09964543,0.0,0.0,0.072,0.0,0.0,0.0,0.0,-26.95744,2.2034376,0.7344792,0.192,0.0,0.13994406,0.0,0.0
hardzero_only__c0p58__z1p00__lam0p000__nu0p50__psi0p00,0.072,support,38,394,0.0,4,0.39246243,0.40018842,0.40018842,0.96937835,0.107305415,0.107305415,1.0,0.0077259894,0.072,0.0,0.0,0.0,0.0,-26.82197,2.132675,0.71089166,0.136,0.0,0.13404411,0.0,0.0
hardzero_only__c0p58__z1p00__lam0p000__nu0p50__psi0p00,0.072,support,38,395,0.0,4,0.40018842,0.4078768,0.4078768,0.97149795,0.10678297,0.10678297,1.0,0.007688374,0.072,0.0,0.0,0.0,0.0,-26.695204,2.1373382,0.7124461,0.24800001,0.0,0.15123037,0.0,0.0
hardzero_only__c0p58__z1p00__lam0p000__nu0p50__psi0p00,0.072,support,38,396,0.0,4,0.4078768,0.41542885,0.41542885,0.9792677,0.104889564,0.104889564,1.0,0.007552048,0.072,0.0,0.0,0.0,0.0,-26.589487,2.154432,0.71814406,0.264,0.0,0.17745917,0.0,0.0
hardzero_only__c0p58__z1p00__lam0p000__nu0p50__psi0p00,0.072,support,38,397,0.0,4,0.41542885,0.41542885,0.41542885,1.0251279,0.0,0.09437828,0.0,0.0,0.072,0.0,0.0,0.0,0.0,-27.876648,2.2553263,0.75177544,0.17600001,0.0,0.19218816,0.0,0.0
hardzero_only__c0p58__z1p00__lam0p000__nu0p50__psi0p00,0.072,support,38,398,0.0,4,0.41542885,0.4230848,0.4230848,0.9733336,0.10633258,0.10633258,1.0,0.007655945,0.072,0.0,0.0,0.0,0.0,-26.378565,2.1413767,0.71379226,0.208,0.0,0.14742588,0.0,0.0
hardzero_only__c0p58__z1p00__lam0p000__nu0p50__psi0p00,0.072,support,38,399,0.0,4,0.4230848,0.43145576,0.43145576,0.9345569,0.11626343,0.11626343,1.0,0.008370967,0.072,0.0,0.0,0.0,0.0,-26.07562,2.0560663,0.6853554,0.216,0.0,0.16118789,0.0,0.0
hardzero_only__c0p58__z1p00__lam0p000__nu0p50__psi0p00,0.072,support,38,400,0.0,4,0.43145576,0.43908927,0.43908927,0.97460884,0.10602081,0.10602081,1.0,0.007633498,0.072,0.0,0.0,0.0,0.0,-26.797482,2.1441822,0.7147274,0.112,0.0,0.14421643,0.0,0.0
hardzero_only__c0p58__z1p00__lam0p000__nu0p50__psi0p00,0.072,support,38,401,0.0,4,0.43908927,0.43908927,0.43908927,1.0455897,0.0,0.09003479,0.0,0.0,0.072,0.0,0.0,0.0,0.0,-27.957088,2.3003433,0.7667811,0.192,0.0,0.1954158,0.0,0.0
hardzero_only__c0p58__z1p00__lam0p000__nu0p50__psi0p00,0.072,support,38,402,0.0,4,0.43908927,0.4471632,0.4471632,0.95024836,0.11213768,0.11213768,1.0,0.008073913,0.072,0.0,0.0,0.0,0.0,-25.482204,2.090588,0.6968627,0.24000001,0.0,0.16752829,0.0,0.0
hardzero_only__c0p58__z1p00__lam0p000__nu0p50__psi0p00,0.072,support,38,403,0.0,4,0.4471632,0.45538077,0.45538077,0.9425894,0.11413284,0.11413284,1.0,0.008217564,0.072,0.0,0.0,0.0,0.0,-26.313334,2.073738,0.69124603,0.19999999,0.0,0.16390412,0.0,0.0
hardzero_only__c0p58__z1p00__lam0p000__nu0p50__psi0p00,0.072,support,38,404,0.0,4,0.45538077,0.46299076,0.46299076,0.97594804,0.1056944,0.1056944,1.0,0.0076099965,0.072,0.0,0.0,0.0,0.0,-26.559378,2.1471286,0.71570957,0.17600001,0.0,0.15072459,0.0,0.0
hardzero_only__c0p58__z1p00__lam0p000__nu0p50__psi0p00,0.072,support,38,405,0.0,4,0.46299076,0.46299076,0.46299076,1.0210116,0.0,0.09527706,0.0,0.0,0.072,0.0,0.0,0.0,0.0,-26.90066,2.2462704,0.7487568,0.17600001,0.0,0.1726971,0.0,0.0
hardzero_only__c0p58__z1p00__lam0p000__nu0p50__psi0p00,0.072,support,38,406,0.0,4,0.46299076,0.46299076,0.46299076,1.0052261,0.0,0.09880383,0.0,0.0,0.072,0.0,0.0,0.0,0.0,-27.238144,2.2115417,0.7371806,0.128,0.0,0.15708207,0.0,0.0
hardzero_only__c0p58__z1p00__lam0p000__nu0p50__psi0p00,0.072,support,38,407,0.0,4,0.46299076,0.46299076,0.46299076,1.019015,0.0,0.0957161,0.0,0.0,0.072,0.0,0.0,0.0,0.0,-28.514822,2.2418778,0.74729264,0.208,0.0,0.18795751,0.0,0.0
hardzero_only__c0p58__z1p00__lam0p000__nu0p50__psi0p00,0.072,support,38,408,0.0,4,0.46299076,0.47079688,0.47079688,0.9648965,0.10841853,0.10841853,1.0,0.007806134,0.072,0.0,0.0,0.0,0.0,-26.291386,2.1228147,0.7076049,0.16000001,0.008,0.14009716,0.0,0.0
hardzero_only__c0p58__z1p00__lam0p000__nu0p50__psi0p00,0.072,support,38,409,0.0,4,0.47079688,0.47814235,0.47814235,0.99131286,0.10202042,0.10202042,1.0,0.00734547,0.072,0.0,0.0,0.0,0.0,-26.148062,2.1809318,0.7269773,0.192,0.0,0.1758667,0.0,0.0
hardzero_only__c0p58__z1p00__lam0p000__nu0p50__psi0p00,0.072,support,38,410,0.0,4,0.47814235,0.48541045,0.48541045,0.995911,0.10094596,0.10094596,1.0,0.0072681084,0.072,0.0,0.0,0.0,0.0,-27.152166,2.191048,0.7303493,0.192,0.0,0.1818982,0.0,0.0
hardzero_only__c0p58__z1p00__lam0p000__nu0p50__psi0p00,0.072,support,38,411,0.0,4,0.48541045,0.48541045,0.48541045,1.0158794,0.0,0.09640967,0.0,0.0,0.072,0.0,0.0,0.0,0.0,-27.44337,2.2349794,0.74499315,0.112,0.0,0.17334987,0.0,0.0
hardzero_only__c0p58__z1p00__lam0p000__nu0p50__psi0p00,0.072,support,38,412,0.0,4,0.48541045,0.48541045,0.48541045,1.0272596,0.0,0.09391618,0.0,0.0,0.072,0.0,0.0,0.0,0.0,-27.746645,2.2600162,0.75333875,0.08800001,0.0,0.14359543,0.0,0.0
hardzero_only__c0p58__z1p00__lam0p000__nu0p50__psi0p00,0.072,support,38,413,0.0,4,0.48541045,0.48541045,0.48541045,1.0011045,0.0,0.099746,0.0,0.0,0.072,0.0,0.0,0.0,0.0,-27.05684,2.2024739,0.734158,0.208,0.0,0.16779326,0.0,0.0
hardzero_only__c0p58__z1p00__lam0p000__nu0p50__psi0p00,0.072,support,38,414,0.0,4,0.48541045,0.49287775,0.49287775,0.98416865,0.10371255,0.10371255,1.0,0.0074673034,0.072,0.0,0.0,0.0,0.0,-26.947369,2.1652143,0.7217381,0.17600001,0.0,0.14252704,0.0,0.0
hardzero_only__c0p58__z1p00__lam0p000__nu0p50__psi0p00,0.072,support,38,415,0.0,4,0.49287775,0.50051534,0.50051534,0.9743755,0.106077805,0.106077805,1.0,0.007637602,0.072,0.0,0.0,0.0,0.0,-26.35089,2.143669,0.71455634,0.16800001,0.0,0.1362693,0.0,0.0
hardzero_only__c0p58__z1p00__lam0p000__nu0p50__psi0p00,0.072,support,38,416,0.0,4,0.50051534,0.50051534,0.50051534,1.024768,0.0,0.09445653,0.0,0.0,0.072,0.0,0.0,0.0,0.0,-26.774506,2.2545345,0.7515115,0.17999999,0.0,0.1517934,0.0,0.0
hardzero_only__c0p58__z1p00__lam0p000__nu0p50__psi0p00,0.072,support,38,417,0.0,4,0.50051534,0.50833446,0.50833446,0.9641741,0.10859901,0.10859901,1.0,0.007819128,0.072,0.0,0.0,0.0,0.0,-26.922247,2.1212254,0.7070751,0.15200001,0.0,0.15800379,0.0,0.0
hardzero_only__c0p58__z1p00__lam0p000__nu0p50__psi0p00,0.072,support,38,418,0.0,4,0.50833446,0.5157406,0.5157406,0.9877425,0.102862604,0.102862604,1.0,0.007406107,0.072,0.0,0.0,0.0,0.0,-27.001108,2.1730769,0.724359,0.24000001,0.0,0.19841728,0.0,0.0
hardzero_only__c0p58__z1p00__lam0p000__nu0p50__psi0p00,0.072,support,38,419,0.0,4,0.5157406,0.52357507,0.52357507,0.96332103,0.10881255,0.10881255,1.0,0.007834503,0.072,0.0,0.0,0.0,0.0,-26.888004,2.1193485,0.7064495,0.15200001,0.0,0.1441349,0.0,0.0
hardzero_only__c0p58__z1p00__lam0p000__nu0p50__psi0p00,0.072,support,38,420,0.0,4,0.52357507,0.52357507,0.52357507,1.0030038,0.0,0.099310726,0.0,0.0,0.072,0.0,0.0,0.0,0.0,-26.82575,2.2066524,0.7355508,0.17600001,0.0,0.16413751,0.0,0.0
hardzero_only__c0p58__z1p00__lam0p000__nu0p50__psi0p00,0.072,support,38,421,0.0,4,0.52357507,0.52357507,0.52357507,1.0426462,0.0,0.09064708,0.0,0.0,0.072,0.0,0.0,0.0,0.0,-27.376726,2.2938673,0.76462245,0.17600001,0.0,0.16175693,0.0,0.0
hardzero_only__c0p58__z1p00__lam0p000__nu0p50__psi0p00,0.072,support,38,422,0.0,4,0.52357507,0.5313119,0.5313119,0.96876854,0.10745618,0.10745618,1.0,0.0077368445,0.072,0.0,0.0,0.0,0.0,-27.132202,2.1313334,0.71044445,0.216,0.0,0.15035944,0.0,0.0
hardzero_only__c0p58__z1p00__lam0p000__nu0p50__psi0p00,0.072,support,38,423,0.0,4,0.5313119,0.5392098,0.5392098,0.959824,0.109692246,0.109692246,1.0,0.007897842,0.072,0.0,0.0,0.0,0.0,-26.79601,2.111655,0.703885,0.096,0.0,0.14346762,0.0,0.0
hardzero_only__c0p58__z1p00__lam0p000__nu0p50__psi0p00,0.072,support,38,424,0.0,4,0.5392098,0.5466962,0.5466962,0.98305774,0.10397819,0.10397819,1.0,0.007486429,0.072,0.0,0.0,0.0,0.0,-26.242529,2.1627703,0.7209234,0.16000001,0.0,0.16534205,0.0,0.0
hardzero_only__c0p58__z1p00__lam0p000__nu0p50__psi0p00,0.072,support,38,425,0.0,4,0.5466962,0.5466962,0.5466962,1.0143464,0.0,0.0967506,0.0,0.0,0.072,0.0,0.0,0.0,0.0,-27.283775,2.2316065,0.7438688,0.2,0.0,0.15311679,0.0,0.0
hardzero_only__c0p58__z1p00__lam0p000__nu0p50__psi0p00,0.072,support,38,426,0.0,4,0.5466962,0.55490977,0.55490977,0.9427988,0.1140778,0.1140778,1.0,0.008213601,0.072,0.0,0.0,0.0,0.0,-26.447123,2.0741987,0.6913996,0.272,0.0,0.14433564,0.0,0.0
hardzero_only__c0p58__z1p00__lam0p000__nu0p50__psi0p00,0.072,support,38,427,0.0,4,0.55490977,0.55490977,0.55490977,1.0367647,0.0,0.09188303,0.0,0.0,0.072,0.0,0.0,0.0,0.0,-27.397228,2.280928,0.76030934,0.16000001,0.0,0.1465391,0.0,0.0
hardzero_only__c0p58__z1p00__lam0p000__nu0p50__psi0p00,0.072,support,38,428,0.0,4,0.55490977,0.5627127,0.5627127,0.9650723,0.108374655,0.108374655,1.0,0.007802975,0.072,0.0,0.0,0.0,0.0,-27.540615,2.1232014,0.7077338,0.192,0.0,0.15483312,0.0,0.0
hardzero_only__c0p58__z1p00__lam0p000__nu0p50__psi0p00,0.072,support,38,429,0.0,4,0.5627127,0.5699764,0.5699764,0.99617517,0.10088458,0.10088458,1.0,0.0072636893,0.072,0.0,0.0,0.0,0.0,-25.596725,2.1916292,0.7305431,0.14,0.0,0.12171274,0.0,0.0
hardzero_only__c0p58__z1p00__lam0p000__nu0p50__psi0p00,0.072,support,38,430,0.0,4,0.5699764,0.5780576,0.5780576,0.9498578,0.11223861,0.11223861,1.0,0.008081179,0.072,0.0,0.0,0.0,0.0,-26.367472,2.0897288,0.6965763,0.23200001,0.0,0.16890521,0.0,0.0
hardzero_only__c0p58__z1p00__lam0p000__nu0p50__psi0p00,0.072,support,38,431,0.0,4,0.5780576,0.58612555,0.58612555,0.95056695,0.112055466,0.112055466,1.0,0.008067993,0.072,0.0,0.0,0.0,0.0,-25.871946,2.091289,0.69709635,0.128,0.0,0.1298678,0.0,0.0
hardzero_only__c0p58__z1p00__lam0p000__nu0p50__psi0p00,0.072,support,38,432,1.0,5,0.58612555,0.0142773045,0.0142773045,0.9460824,0.113218546,0.113218546,1.0,0.008151735,0.072,0.0,0.0,0.0,0.0,-26.60367,2.0814228,0.6938076,0.23200001,0.0,0.15703945,0.0,0.0
hardzero_only__c0p58__z1p00__lam0p000__nu0p50__psi0p00,0.072,support,38,433,0.0,5,0.0142773045,0.023062829,0.023062829,0.9135648,0.122021176,0.122021176,1.0,0.008785524,0.072,0.0,0.0,0.0,0.0,-26.568596,2.0098827,0.6699609,0.30400002,0.0,0.15299602,0.0,0.0
hardzero_only__c0p58__z1p00__lam0p000__nu0p50__psi0p00,0.072,support,38,434,0.0,5,0.023062829,0.031166911,0.031166911,0.9486287,0.11255669,0.11255669,1.0,0.008104081,0.072,0.0,0.0,0.0,0.0,-26.282454,2.087025,0.695675,0.16800001,0.0,0.14765777,0.0,0.0
hardzero_only__c0p58__z1p00__lam0p000__nu0p50__psi0p00,0.072,support,38,435,0.0,5,0.031166911,0.03872468,0.03872468,0.97893894,0.10496899,0.10496899,1.0,0.007557767,0.072,0.0,0.0,0.0,0.0,-27.41298,2.1537087,0.7179029,0.2,0.0,0.18068302,0.0,0.0
hardzero_only__c0p58__z1p00__lam0p000__nu0p50__psi0p00,0.072,support,38,436,0.0,5,0.03872468,0.045991894,0.045991894,0.9959645,0.100933544,0.100933544,1.0,0.007267215,0.072,0.0,0.0,0.0,0.0,-26.69656,2.1911657,0.7303886,0.15200001,0.0,0.14986823,0.0,0.0
hardzero_only__c0p58__z1p00__lam0p000__nu0p50__psi0p00,0.072,support,38,437,0.0,5,0.045991894,0.05369548,0.05369548,0.97063947,0.10699426,0.10699426,1.0,0.007703586,0.072,0.0,0.0,0.0,0.0,-26.971472,2.1354494,0.7118165,0.14400001,0.0,0.17172404,0.0,0.0
hardzero_only__c0p58__z1p00__lam0p000__nu0p50__psi0p00,0.072,support,38,438,0.0,5,0.05369548,0.062552445,0.062552445,0.91004765,0.123013385,0.123013385,1.0,0.008856963,0.072,0.0,0.0,0.0,0.0,-24.895767,2.0021448,0.66738164,0.264,0.0,0.15002169,0.0,0.0
hardzero_only__c0p58__z1p00__lam0p000__nu0p50__psi0p00,0.072,support,38,439,0.0,5,0.062552445,0.07088963,0.07088963,0.936313,0.11579426,0.11579426,1.0,0.008337186,0.072,0.0,0.0,0.0,0.0,-26.68321,2.0599296,0.68664324,0.208,0.0,0.1710658,0.0,0.0
hardzero_only__c0p58__z1p00__lam0p000__nu0p50__psi0p00,0.072,support,38,440,0.0,5,0.07088963,0.0787586,0.0787586,0.9614146,0.10929125,0.10929125,1.0,0.00786897,0.072,0.0,0.0,0.0,0.0,-26.947187,2.1151543,0.7050514,0.16800001,0.0,0.150158,0.0,0.0
hardzero_only__c0p58__z1p00__lam0p000__nu0p50__psi0p00,0.072,support,38,441,0.0,5,0.0787586,0.0787586,0.0787586,1.0086396,0.0,0.098030314,0.0,0.0,0.072,0.0,0.0,0.0,0.0,-27.128937,2.2190514,0.7396838,0.112,0.0,0.14846562,0.0,0.0
hardzero_only__c0p58__z1p00__lam0p000__nu0p50__psi0p00,0.072,support,38,442,0.0,5,0.0787586,0.08702554,0.08702554,0.9399878,0.1148186,0.1148186,1.0,0.008266939,0.072,0.0,0.0,0.0,0.0,-26.115562,2.0680144,0.68933815,0.17999999,0.0,0.14316279,0.0,0.0
hardzero_only__c0p58__z1p00__lam0p000__nu0p50__psi0p00,0.072,support,38,443,0.0,5,0.08702554,0.094797544,0.094797544,0.96679944,0.107944496,0.107944496,1.0,0.0077720033,0.072,0.0,0.0,0.0,0.0,-26.146767,2.1270013,0.70900047,0.15200001,0.0,0.14138898,0.0,0.0
hardzero_only__c0p58__z1p00__lam0p000__nu0p50__psi0p00,0.072,support,38,444,0.0,5,0.094797544,0.102957375,0.102957375,0.9456513,0.11333099,0.11333099,1.0,0.008159831,0.072,0.0,0.0,0.0,0.0,-26.452415,2.0804744,0.69349146,0.18400002,0.0,0.13391478,0.0,0.0
hardzero_only__c0p58__z1p00__lam0p000__nu0p50__psi0p00,0.072,support,38,445,0.0,5,0.102957375,0.11169258,0.11169258,0.9160597,0.12132221,0.12132221,1.0,0.0087351985,0.072,0.0,0.0,0.0,0.0,-25.474834,2.0153716,0.67179054,0.16800001,0.0,0.12546158,0.0,0.0
hardzero_only__c0p58__z1p00__lam0p000__nu0p50__psi0p00,0.072,support,38,446,0.0,5,0.11169258,0.11911337,0.11911337,0.98688203,0.1030666,0.1030666,1.0,0.007420795,0.072,0.0,0.0,0.0,0.0,-26.45634,2.1711838,0.72372794,0.128,0.0,0.16124019,0.0,0.0
hardzero_only__c0p58__z1p00__lam0p000__nu0p50__psi0p00,0.072,support,38,447,0.0,5,0.11911337,0.12663652,0.12663652,0.98093283,0.10448819,0.10448819,1.0,0.0075231493,0.072,0.0,0.0,0.0,0.0,-26.747105,2.1580954,0.7193651,0.216,0.0,0.14176793,0.0,0.0
hardzero_only__c0p58__z1p00__lam0p000__nu0p50__psi0p00,0.072,support,38,448,0.0,5,0.12663652,0.13464966,0.13464966,0.95352954,0.11129368,0.11129368,1.0,0.008013145,0.072,0.0,0.0,0.0,0.0,-25.800037,2.097807,0.699269,0.15200001,0.0,0.13953757,0.0,0.0
hardzero_only__c0p58__z1p00__lam0p000__nu0p50__psi0p00,0.072,support,38,449,0.0,5,0.13464966,0.13464966,0.13464966,1.0027837,0.0,0.099361084,0.0,0.0,0.072,0.0,0.0,0.0,0.0,-26.45098,2.2061682,0.7353894,0.14400001,0.0,0.16934547,0.0,0.0
hardzero_only__c0p58__z1p00__lam0p000__nu0p50__psi0p00,0.072,support,38,450,0.0,5,0.13464966,0.14281236,0.14281236,0.9454988,0.113370776,0.113370776,1.0,0.008162696,0.072,0.0,0.0,0.0,0.0,-26.204872,2.080139,0.69337964,0.23200001,0.0,0.1635474,0.0,0.0
hardzero_only__c0p58__z1p00__lam0p000__nu0p50__psi0p00,0.072,support,38,451,0.0,5,0.14281236,0.15033096,0.15033096,0.981195,0.104425125,0.104425125,1.0,0.0075186086,0.072,0.0,0.0,0.0,0.0,-28.219084,2.158672,0.7195574,0.18400002,0.0,0.16486214,0.0,0.0
hardzero_only__c0p58__z1p00__lam0p000__nu0p50__psi0p00,0.072,support,38,452,0.0,5,0.15033096,0.15780991,0.15780991,0.98349136,0.10387442,0.10387442,1.0,0.007478958,0.072,0.0,0.0,0.0,0.0,-26.85727,2.1637242,0.7212414,0.136,0.0,0.14555255,0.0,0.0
hardzero_only__c0p58__z1p00__lam0p000__nu0p50__psi0p00,0.072,support,38,453,0.0,5,0.15780991,0.16580538,0.16580538,0.9544885,0.111048184,0.111048184,1.0,0.007995469,0.072,0.0,0.0,0.0,0.0,-26.30005,2.0999167,0.6999723,0.224,0.0,0.13281584,0.0,0.0
hardzero_only__c0p58__z1p00__lam0p000__nu0p50__psi0p00,0.072,support,38,454,0.0,5,0.16580538,0.17401046,0.17401046,0.94324994,0.113959365,0.113959365,1.0,0.008205074,0.072,0.0,0.0,0.0,0.0,-26.213326,2.0751913,0.69173044,0.216,0.0,0.15108976,0.0,0.0
hardzero_only__c0p58__z1p00__lam0p000__nu0p50__psi0p00,0.072,support,38,455,0.0,5,0.17401046,0.18217687,0.18217687,0.9453005,0.11342255,0.11342255,1.0,0.008166423,0.072,0.0,0.0,0.0,0.0,-25.677841,2.0797026,0.6932342,0.19,0.0,0.1481598,0.0,0.0
hardzero_only__c0p58__z1p00__lam0p000__nu0p50__psi0p00,0.072,support,38,456,0.0,5,0.18217687,0.19040708,0.19040708,0.9419217,0.114308424,0.114308424,1.0,0.008230207,0.072,0.0,0.0,0.0,0.0,-26.46578,2.0722692,0.69075644,0.17600001,0.0,0.1454245,0.0,0.0
hardzero_only__c0p58__z1p00__lam0p000__nu0p50__psi0p00,0.072,support,38,457,0.0,5,0.19040708,0.19923985,0.19923985,0.9112355,0.12267739,0.12267739,1.0,0.008832772,0.072,0.0,0.0,0.0,0.0,-25.295067,2.0047581,0.6682527,0.296,0.008,0.13491689,0.0,0.0
hardzero_only__c0p58__z1p00__lam0p000__nu0p50__psi0p00,0.072,support,38,458,0.0,5,0.19923985,0.20691894,0.20691894,0.97202265,0.10665404,0.10665404,1.0,0.0076790904,0.072,0.0,0.0,0.0,0.0,-27.035028,2.1384926,0.7128309,0.18400002,0.0,0.15174375,0.0,0.0
hardzero_only__c0p58__z1p00__lam0p000__nu0p50__psi0p00,0.072,support,38,459,0.0,5,0.20691894,0.21465962,0.21465962,0.9685533,0.10750946,0.10750946,1.0,0.0077406806,0.072,0.0,0.0,0.0,0.0,-26.746964,2.1308599,0.7102866,0.216,0.0,0.14165859,0.0,0.0
hardzero_only__c0p58__z1p00__lam0p000__nu0p50__psi0p00,0.072,support,38,460,0.0,5,0.21465962,0.22195102,0.22195102,0.99452156,0.10126944,0.10126944,1.0,0.0072913994,0.072,0.0,0.0,0.0,0.0,-26.805134,2.1879911,0.7293304,0.16000001,0.0,0.14904895,0.0,0.0
hardzero_only__c0p58__z1p00__lam0p000__nu0p50__psi0p00,0.072,support,38,461,0.0,5,0.22195102,0.22977616,0.22977616,0.9638403,0.10868251,0.10868251,1.0,0.007825141,0.072,0.0,0.0,0.0,0.0,-26.381062,2.120491,0.7068304,0.2,0.0,0.15029195,0.0,0.0
hardzero_only__c0p58__z1p00__lam0p000__nu0p50__psi0p00,0.072,support,38,462,0.0,5,0.22977616,0.23772226,0.23772226,0.95717794,0.11036262,0.11036262,1.0,0.0079461085,0.072,0.0,0.0,0.0,0.0,-26.833408,2.1058335,0.70194453,0.18400002,0.0,0.14872251,0.0,0.0
hardzero_only__c0p58__z1p00__lam0p000__nu0p50__psi0p00,0.072,support,38,463,0.0,5,0.23772226,0.24575742,0.24575742,0.9523386,0.11159929,0.11159929,1.0,0.0080351485,0.072,0.0,0.0,0.0,0.0,-27.024075,2.0951867,0.6983956,0.216,0.0,0.15875036,0.0,0.0
hardzero_only__c0p58__z1p00__lam0p000__nu0p50__psi0p00,0.072,support,38,464,0.0,5,0.24575742,0.25417736,0.25417736,0.93202335,0.11694365,0.11694365,1.0,0.008419942,0.072,0.0,0.0,0.0,0.0,-26.365433,2.0504923,0.6834974,0.208,0.0,0.13471547,0.0,0.0
hardzero_only__c0p58__z1p00__lam0p000__nu0p50__psi0p00,0.072,support,38,465,0.0,5,0.25417736,0.26225686,0.26225686,0.9499486,0.11221511,0.11221511,1.0,0.008079488,0.072,0.0,0.0,0.0,0.0,-25.78288,2.0899286,0.6966429,0.17600001,0.0,0.13475849,0.0,0.0
hardzero_only__c0p58__z1p00__lam0p000__nu0p50__psi0p00,0.072,support,38,466,0.0,5,0.26225686,0.2703224,0.2703224,0.95069796,0.11202166,0.11202166,1.0,0.008065559,0.072,0.0,0.0,0.0,0.0,-25.600948,2.0915773,0.69719243,0.14400001,0.0,0.14131114,0.0,0.0
hardzero_only__c0p58__z1p00__lam0p000__nu0p50__psi0p00,0.072,support,38,467,0.0,5,0.2703224,0.27800182,0.27800182,0.9720051,0.10665834,0.10665834,1.0,0.0076794,0.072,0.0,0.0,0.0,0.0,-26.393763,2.138454,0.712818,0.18400002,0.008,0.14777888,0.0,0.0
hardzero_only__c0p58__z1p00__lam0p000__nu0p50__psi0p00,0.072,support,38,468,0.0,5,0.27800182,0.28651798,0.28651798,0.92708826,0.11828012,0.11828012,1.0,0.008516168,0.072,0.0,0.0,0.0,0.0,-25.1608,2.039635,0.67987835,0.16,0.0,0.13009883,0.0,0.0
hardzero_only__c0p58__z1p00__lam0p000__nu0p50__psi0p00,0.072,support,38,469,0.0,5,0.28651798,0.29418677,0.29418677,0.9726057,0.10651095,0.10651095,1.0,0.007668788,0.072,0.0,0.0,0.0,0.0,-26.686602,2.1397753,0.71325845,0.16000001,0.0,0.17965014,0.0,0.0
hardzero_only__c0p58__z1p00__lam0p000__nu0p50__psi0p00,0.072,support,38,470,0.0,5,0.29418677,0.29418677,0.29418677,1.029886,0.0,0.09334993,0.0,0.0,0.072,0.0,0.0,0.0,0.0,-27.128292,2.2657945,0.7552649,0.112,0.0,0.15673062,0.0,0.0
hardzero_only__c0p58__z1p00__lam0p000__nu0p50__psi0p00,0.072,support,38,471,0.0,5,0.29418677,0.29418677,0.29418677,1.003497,0.0,0.09919801,0.0,0.0,0.072,0.0,0.0,0.0,0.0,-27.147694,2.2077374,0.7359125,0.128,0.0,0.14684522,0.0,0.0
hardzero_only__c0p58__z1p00__lam0p000__nu0p50__psi0p00,0.072,support,38,472,0.0,5,0.29418677,0.302407,0.302407,0.942449,0.11416974,0.11416974,1.0,0.008220221,0.072,0.0,0.0,0.0,0.0,-25.315115,2.073429,0.69114304,0.14400001,0.0,0.13267455,0.0,0.0
hardzero_only__c0p58__z1p00__lam0p000__nu0p50__psi0p00,0.072,support,38,473,0.0,5,0.302407,0.31069812,0.31069812,0.93871856,0.115154624,0.115154624,1.0,0.008291133,0.072,0.0,0.0,0.0,0.0,-26.007357,2.065222,0.68840736,0.192,0.0,0.14823723,0.0,0.0
hardzero_only__c0p58__z1p00__lam0p000__nu0p50__psi0p00,0.072,support,38,474,0.0,5,0.31069812,0.31842372,0.31842372,0.9694011,0.10729979,0.10729979,1.0,0.0077255843,0.072,0.0,0.0,0.0,0.0,-26.614822,2.132725,0.71090835,0.15200001,0.0,0.15992221,0.0,0.0
hardzero_only__c0p58__z1p00__lam0p000__nu0p50__psi0p00,0.072,support,38,475,0.0,5,0.31842372,0.32654974,0.32654974,0.947455,0.11286128,0.11286128,1.0,0.008126012,0.072,0.0,0.0,0.0,0.0,-26.144552,2.0844426,0.6948142,0.192,0.008,0.14763829,0.0,0.0
hardzero_only__c0p58__z1p00__lam0p000__nu0p50__psi0p00,0.072,support,38,476,0.0,5,0.32654974,0.33459446,0.33459446,0.9518216,0.11173219,0.11173219,1.0,0.008044718,0.072,0.0,0.0,0.0,0.0,-26.614258,2.0940495,0.6980165,0.192,0.0,0.15260209,0.0,0.0
hardzero_only__c0p58__z1p00__lam0p000__nu0p50__psi0p00,0.072,support,38,477,0.0,5,0.33459446,0.34246078,0.34246078,0.96156067,0.109254494,0.109254494,1.0,0.007866323,0.072,0.0,0.0,0.0,0.0,-26.821474,2.1154757,0.7051586,0.23200001,0.0,0.16124016,0.0,0.0
hardzero_only__c0p58__z1p00__lam0p000__nu0p50__psi0p00,0.072,support,38,478,0.0,5,0.34246078,0.34246078,0.34246078,1.0068202,0.0,0.098441854,0.0,0.0,0.072,0.0,0.0,0.0,0.0,-27.350964,2.2150488,0.7383496,0.08800001,0.0,0.12685978,0.0,0.0
hardzero_only__c0p58__z1p00__lam0p000__nu0p50__psi0p00,0.072,support,38,479,0.0,5,0.34246078,0.3497227,0.3497227,0.99627966,0.10086031,0.10086031,1.0,0.007261942,0.072,0.0,0.0,0.0,0.0,-27.47363,2.191859,0.73061967,0.208,0.008,0.14453751,0.0,0.0
hardzero_only__c0p58__z1p00__lam0p000__nu0p50__psi0p00,0.072,support,38,480,0.0,5,0.3497227,0.35723642,0.35723642,0.98147917,0.1043568,0.1043568,1.0,0.0075136893,0.072,0.0,0.0,0.0,0.0,-26.31981,2.1592972,0.7197658,0.136,0.0,0.14388551,0.0,0.0
hardzero_only__c0p58__z1p00__lam0p000__nu0p50__psi0p00,0.072,support,38,481,0.0,5,0.35723642,0.36511397,0.36511397,0.96094,0.10941074,0.10941074,1.0,0.007877573,0.072,0.0,0.0,0.0,0.0,-25.948265,2.1141102,0.70470345,0.19,0.0,0.15015085,0.0,0.0
hardzero_only__c0p58__z1p00__lam0p000__nu0p50__psi0p00,0.072,support,38,482,0.0,5,0.36511397,0.37259334,0.37259334,0.9834675,0.103880115,0.103880115,1.0,0.007479368,0.072,0.0,0.0,0.0,0.0,-26.88928,2.1636717,0.72122395,0.16800001,0.0,0.15710048,0.0,0.0
hardzero_only__c0p58__z1p00__lam0p000__nu0p50__psi0p00,0.072,support,38,483,0.0,5,0.37259334,0.3804831,0.3804831,0.96026975,0.10957974,0.10957974,1.0,0.007889741,0.072,0.0,0.0,0.0,0.0,-27.042395,2.1126356,0.7042119,0.2,0.0,0.13523223,0.0,0.0
hardzero_only__c0p58__z1p00__lam0p000__nu0p50__psi0p00,0.072,support,38,484,0.0,5,0.3804831,0.38834617,0.38834617,0.96174085,0.10920918,0.10920918,1.0,0.007863061,0.072,0.0,0.0,0.0,0.0,-26.702955,2.1158721,0.70529073,0.23200001,0.0,0.15184948,0.0,0.0
hardzero_only__c0p58__z1p00__lam0p000__nu0p50__psi0p00,0.072,support,38,485,0.0,5,0.38834617,0.39749348,0.39749348,0.89603907,0.12704597,0.12704597,1.0,0.00914731,0.072,0.0,0.0,0.0,0.0,-24.734232,1.9713253,0.6571084,0.192,0.0,0.12031546,0.0,0.0
hardzero_only__c0p58__z1p00__lam0p000__nu0p50__psi0p00,0.072,support,38,486,0.0,5,0.39749348,0.39749348,0.39749348,1.0014025,0.0,0.09967758,0.0,0.0,0.072,0.0,0.0,0.0,0.0,-27.477474,2.2031295,0.73437655,0.224,0.0,0.15787049,0.0,0.0
hardzero_only__c0p58__z1p00__lam0p000__nu0p50__psi0p00,0.072,support,38,487,0.0,5,0.39749348,0.40580225,0.40580225,0.9377956,0.115399614,0.115399614,1.0,0.008308772,0.072,0.0,0.0,0.0,0.0,-25.65326,2.0631914,0.6877305,0.16000001,0.0,0.13037342,0.0,0.0
hardzero_only__c0p58__z1p00__lam0p000__nu0p50__psi0p00,0.072,support,38,488,0.0,5,0.40580225,0.41421562,0.41421562,0.93236285,0.11685226,0.11685226,1.0,0.008413362,0.072,0.0,0.0,0.0,0.0,-25.938295,2.0512393,0.68374646,0.16000001,0.0,0.13440193,0.0,0.0
hardzero_only__c0p58__z1p00__lam0p000__nu0p50__psi0p00,0.072,support,38,489,0.0,5,0.41421562,0.42199385,0.42199385,0.9664514,0.10803106,0.10803106,1.0,0.0077782357,0.072,0.0,0.0,0.0,0.0,-26.130713,2.1262355,0.7087452,0.15200001,0.0,0.14019728,0.0,0.0
hardzero_only__c0p58__z1p00__lam0p000__nu0p50__psi0p00,0.072,support,38,490,0.0,5,0.42199385,0.4294276,0.4294276,0.9861249,0.10324644,0.10324644,1.0,0.0074337437,0.072,0.0,0.0,0.0,0.0,-26.470083,2.169518,0.72317266,0.128,0.0,0.14506766,0.0,0.0
hardzero_only__c0p58__z1p00__lam0p000__nu0p50__psi0p00,0.072,support,38,491,0.0,5,0.4294276,0.43721598,0.43721598,0.96588534,0.10817196,0.10817196,1.0,0.007788381,0.072,0.0,0.0,0.0,0.0,-25.791685,2.1249902,0.7083301,0.18400002,0.0,0.16779274,0.0,0.0
hardzero_only__c0p58__z1p00__lam0p000__nu0p50__psi0p00,0.072,support,38,492,0.0,5,0.43721598,0.44559872,0.44559872,0.9339468,0.11642686,0.11642686,1.0,0.008382734,0.072,0.0,0.0,0.0,0.0,-25.67723,2.054724,0.68490803,0.224,0.0,0.15455016,0.0,0.0
hardzero_only__c0p58__z1p00__lam0p000__nu0p50__psi0p00,0.072,support,38,493,0.0,5,0.44559872,0.44559872,0.44559872,1.0011011,0.0,0.09974678,0.0,0.0,0.072,0.0,0.0,0.0,0.0,-27.369001,2.2024665,0.73415554,0.128,0.0,0.19678022,0.0,0.0
hardzero_only__c0p58__z1p00__lam0p000__nu0p50__psi0p00,0.072,support,38,494,0.0,5,0.44559872,0.44559872,0.44559872,1.0011197,0.0,0.0997425,0.0,0.0,0.072,0.0,0.0,0.0,0.0,-26.849989,2.2025075,0.7341692,0.19,0.0,0.16741583,0.0,0.0
hardzero_only__c0p58__z1p00__lam0p000__nu0p50__psi0p00,0.072,support,38,495,0.0,5,0.44559872,0.4540821,0.4540821,0.9287633,0.11782481,0.11782481,1.0,0.008483386,0.072,0.0,0.0,0.0,0.0,-25.945116,2.04332,0.6811067,0.15200001,0.0,0.15730613,0.0,0.0
hardzero_only__c0p58__z1p00__lam0p000__nu0p50__psi0p00,0.072,support,38,496,0.0,5,0.4540821,0.46189007,0.46189007,0.96479386,0.108444154,0.108444154,1.0,0.007807979,0.072,0.0,0.0,0.0,0.0,-26.854668,2.1225889,0.70752966,0.14400001,0.0,0.1454082,0.0,0.0
hardzero_only__c0p58__z1p00__lam0p000__nu0p50__psi0p00,0.072,support,38,497,0.0,5,0.46189007,0.46945235,0.46945235,0.9786794,0.10503174,0.10503174,1.0,0.0075622853,0.072,0.0,0.0,0.0,0.0,-26.870789,2.1531377,0.7177126,0.24000001,0.0,0.15451169,0.0,0.0
hardzero_only__c0p58__z1p00__lam0p000__nu0p50__psi0p00,0.072,support,38,498,0.0,5,0.46945235,0.4775502,0.4775502,0.9489617,0.11247042,0.11247042,1.0,0.008097869,0.072,0.0,0.0,0.0,0.0,-25.514502,2.0877573,0.69591916,0.18400002,0.0,0.1490682,0.0,0.0
hardzero_only__c0p58__z1p00__lam0p000__nu0p50__psi0p00,0.072,support,38,499,0.0,5,0.4775502,0.48540062,0.48540062,0.9624409,0.10903328,0.10903328,1.0,0.0078503955,0.072,0.0,0.0,0.0,0.0,-26.727291,2.1174123,0.7058041,0.16000001,0.0,0.16307838,0.0,0.0
hardzero_only__c0p58__z1p00__lam0p000__nu0p50__psi0p00,0.072,support,38,500,0.0,5,0.48540062,0.49371248,0.49371248,0.93763334,0.115442745,0.115442745,1.0,0.008311877,0.072,0.0,0.0,0.0,0.0,-24.82434,2.0628345,0.6876115,0.14400001,0.0,0.12938619,0.0,0.0
hardzero_only__c0p58__z1p00__lam0p000__nu0p50__psi0p00,0.072,support,38,501,0.0,5,0.49371248,0.5015865,0.5015865,0.96113497,0.10936163,0.10936163,1.0,0.007874037,0.072,0.0,0.0,0.0,0.0,-27.094276,2.1145391,0.7048464,0.192,0.0,0.15500335,0.0,0.0
hardzero_only__c0p58__z1p00__lam0p000__nu0p50__psi0p00,0.072,support,38,502,0.0,5,0.5015865,0.50969267,0.50969267,0.9485179,0.1125854,0.1125854,1.0,0.008106149,0.072,0.0,0.0,0.0,0.0,-26.875656,2.086781,0.6955937,0.192,0.0,0.14264691,0.0,0.0
hardzero_only__c0p58__z1p00__lam0p000__nu0p50__psi0p00,0.072,support,38,503,0.0,5,0.50969267,0.51817435,0.51817435,0.92884964,0.117801376,0.117801376,1.0,0.008481699,0.072,0.0,0.0,0.0,0.0,-25.658146,2.04351,0.68117,0.24000001,0.0,0.14662048,0.0,0.0
hardzero_only__c0p58__z1p00__lam0p000__nu0p50__psi0p00,0.072,support,38,504,0.0,5,0.51817435,0.5270606,0.5270606,0.90861124,0.12342091,0.12342091,1.0,0.008886305,0.072,0.0,0.0,0.0,0.0,-26.27397,1.9989847,0.66632825,0.216,0.0,0.13341814,0.0,0.0
hardzero_only__c0p58__z1p00__lam0p000__nu0p50__psi0p00,0.072,support,38,505,0.0,5,0.5270606,0.5348532,0.5348532,0.96564996,0.10823059,0.10823059,1.0,0.0077926023,0.072,0.0,0.0,0.0,0.0,-26.939087,2.1244724,0.7081575,0.096,0.0,0.16364795,0.0,0.0
hardzero_only__c0p58__z1p00__lam0p000__nu0p50__psi0p00,0.072,support,38,506,0.0,5,0.5348532,0.5348532,0.5348532,1.0089357,0.0,0.09796348,0.0,0.0,0.072,0.0,0.0,0.0,0.0,-27.774626,2.2197027,0.73990095,0.192,0.0,0.16162497,0.0,0.0
hardzero_only__c0p58__z1p00__lam0p000__nu0p50__psi0p00,0.072,support,38,507,0.0,5,0.5348532,0.54212433,0.54212433,0.99573314,0.100987315,0.100987315,1.0,0.0072710863,0.072,0.0,0.0,0.0,0.0,-28.181742,2.1906567,0.7302189,0.17999999,0.0,0.18220232,0.0,0.0
hardzero_only__c0p58__z1p00__lam0p000__nu0p50__psi0p00,0.072,support,38,508,0.0,5,0.54212433,0.5498248,0.5498248,0.97081804,0.10695029,0.10695029,1.0,0.0077004205,0.072,0.0,0.0,0.0,0.0,-26.825449,2.1358423,0.71194744,0.15200001,0.0,0.1619169,0.0,0.0
hardzero_only__c0p58__z1p00__lam0p000__nu0p50__psi0p00,0.072,support,38,509,0.0,5,0.5498248,0.55776423,0.55776423,0.9575423,0.11027009,0.11027009,1.0,0.007939446,0.072,0.0,0.0,0.0,0.0,-26.54458,2.106635,0.70221174,0.16800001,0.0,0.15882207,0.0,0.0
hardzero_only__c0p58__z1p00__lam0p000__nu0p50__psi0p00,0.072,support,38,510,0.0,5,0.55776423,0.55776423,0.55776423,1.0049787,0.0,0.09886015,0.0,0.0,0.072,0.0,0.0,0.0,0.0,-27.240171,2.210997,0.73699903,0.112,0.0,0.18303058,0.0,0.0
hardzero_only__c0p58__z1p00__lam0p000__nu0p50__psi0p00,0.072,support,38,511,0.0,5,0.55776423,0.55776423,0.55776423,1.0000353,0.0,0.09999187,0.0,0.0,0.072,0.0,0.0,0.0,0.0,-27.073002,2.2001216,0.7333739,0.2,0.0,0.16648047,0.0,0.0
hardzero_only__c0p58__z1p00__lam0p000__nu0p50__psi0p00,0.072,support,38,512,0.0,5,0.55776423,0.565186,0.565186,0.98682505,0.10308012,0.10308012,1.0,0.0074217687,0.072,0.0,0.0,0.0,0.0,-26.73211,2.1710584,0.72368616,0.216,0.0,0.15140098,0.0,0.0
hardzero_only__c0p58__z1p00__lam0p000__nu0p50__psi0p00,0.072,support,38,513,0.0,5,0.565186,0.5731684,0.5731684,0.9552002,0.11086636,0.11086636,1.0,0.007982378,0.072,0.0,0.0,0.0,0.0,-26.093662,2.1014824,0.70049417,0.128,0.0,0.14038564,0.0,0.0
hardzero_only__c0p58__z1p00__lam0p000__nu0p50__psi0p00,0.072,support,38,514,0.0,5,0.5731684,0.58071077,0.58071077,0.9798228,0.10475558,0.10475558,1.0,0.0075424016,0.072,0.0,0.0,0.0,0.0,-26.767153,2.1556532,0.7185511,0.24000001,0.0,0.16009788,0.0,0.0
hardzero_only__c0p58__z1p00__lam0p000__nu0p50__psi0p00,0.072,support,38,515,1.0,6,0.58071077,0.008665011,0.008665011,0.9567345,0.11047537,0.11047537,1.0,0.007954226,0.072,0.0,0.0,0.0,0.0,-26.878073,2.104858,0.7016193,0.16800001,0.0,0.17647205,0.0,0.0
hardzero_only__c0p58__z1p00__lam0p000__nu0p50__psi0p00,0.072,support,38,516,0.0,6,0.008665011,0.016933445,0.016933445,0.9399093,0.11483935,0.11483935,1.0,0.008268433,0.072,0.0,0.0,0.0,0.0,-26.534914,2.0678418,0.6892806,0.192,0.0,0.15096365,0.0,0.0
hardzero_only__c0p58__z1p00__lam0p000__nu0p50__psi0p00,0.072,support,38,517,0.0,6,0.016933445,0.025423504,0.025423504,0.9284217,0.11791751,0.11791751,1.0,0.00849006,0.072,0.0,0.0,0.0,0.0,-26.275562,2.0425684,0.68085617,0.216,0.0,0.13060108,0.0,0.0
hardzero_only__c0p58__z1p00__lam0p000__nu0p50__psi0p00,0.072,support,38,518,0.0,6,0.025423504,0.025423504,0.025423504,1.0096499,0.0,0.097802535,0.0,0.0,0.072,0.0,0.0,0.0,0.0,-27.433287,2.2212741,0.74042475,0.120000005,0.0,0.17469823,0.0,0.0
hardzero_only__c0p58__z1p00__lam0p000__nu0p50__psi0p00,0.072,support,38,519,0.0,6,0.025423504,0.03274834,0.03274834,0.9925346,0.101733826,0.101733826,1.0,0.0073248353,0.072,0.0,0.0,0.0,0.0,-26.963705,2.1836197,0.72787327,0.23200001,0.0,0.16468176,0.0,0.0
hardzero_only__c0p58__z1p00__lam0p000__nu0p50__psi0p00,0.072,support,38,520,0.0,6,0.03274834,0.04102425,0.04102425,0.9395169,0.11494315,0.11494315,1.0,0.008275907,0.072,0.0,0.0,0.0,0.0,-26.498354,2.0669785,0.68899286,0.22999999,0.0,0.17058943,0.0,0.0
hardzero_only__c0p58__z1p00__lam0p000__nu0p50__psi0p00,0.072,support,38,521,0.0,6,0.04102425,0.04823789,0.04823789,0.999178,0.10018946,0.10018946,1.0,0.007213641,0.072,0.0,0.0,0.0,0.0,-27.47084,2.1982355,0.7327452,0.16800001,0.0,0.15538421,0.0,0.0
hardzero_only__c0p58__z1p00__lam0p000__nu0p50__psi0p00,0.072,support,38,522,0.0,6,0.04823789,0.05670048,0.05670048,0.9298293,0.117535956,0.117535956,1.0,0.008462588,0.072,0.0,0.0,0.0,0.0,-26.574705,2.0456653,0.68188846,0.16000001,0.0,0.16840117,0.0,0.0
hardzero_only__c0p58__z1p00__lam0p000__nu0p50__psi0p00,0.072,support,38,523,0.0,6,0.05670048,0.065330505,0.065330505,0.9213205,0.119861424,0.119861424,1.0,0.008630022,0.072,0.0,0.0,0.0,0.0,-25.224543,2.0269456,0.67564857,0.216,0.0,0.16812392,0.0,0.0
hardzero_only__c0p58__z1p00__lam0p000__nu0p50__psi0p00,0.072,support,38,524,0.0,6,0.065330505,0.07302439,0.07302439,0.9711865,0.10685958,0.10685958,1.0,0.0076938896,0.072,0.0,0.0,0.0,0.0,-26.405842,2.136653,0.7122177,0.18400002,0.0,0.15033264,0.0,0.0
hardzero_only__c0p58__z1p00__lam0p000__nu0p50__psi0p00,0.072,support,38,525,0.0,6,0.07302439,0.08150581,0.08150581,0.92886394,0.1177975,0.1177975,1.0,0.00848142,0.072,0.0,0.0,0.0,0.0,-26.000921,2.0435414,0.6811805,0.224,0.0,0.16246483,0.0,0.0
hardzero_only__c0p58__z1p00__lam0p000__nu0p50__psi0p00,0.072,support,38,526,0.0,6,0.08150581,0.089582376,0.089582376,0.95010597,0.11217447,0.11217447,1.0,0.008076562,0.072,0.0,0.0,0.0,0.0,-26.299742,2.0902748,0.6967583,0.208,0.0,0.1447287,0.0,0.0
hardzero_only__c0p58__z1p00__lam0p000__nu0p50__psi0p00,0.072,support,38,527,0.0,6,0.089582376,0.09783591,0.09783591,0.94069237,0.11463247,0.11463247,1.0,0.008253538,0.072,0.0,0.0,0.0,0.0,-26.411077,2.0695646,0.68985486,0.16000001,0.0,0.13580272,0.0,0.0
hardzero_only__c0p58__z1p00__lam0p000__nu0p50__psi0p00,0.072,support,38,528,0.0,6,0.09783591,0.1062536,0.1062536,0.93213975,0.11691231,0.11691231,1.0,0.008417686,0.072,0.0,0.0,0.0,0.0,-26.034033,2.0507483,0.6835828,0.17600001,0.0,0.1692918,0.0,0.0
hardzero_only__c0p58__z1p00__lam0p000__nu0p50__psi0p00,0.072,support,38,529,0.0,6,0.1062536,0.11480574,0.11480574,0.9252577,0.11877971,0.11877971,1.0,0.008552139,0.072,0.0,0.0,0.0,0.0,-26.209646,2.0356076,0.6785359,0.15200001,0.0,0.12034614,0.0,0.0
hardzero_only__c0p58__z1p00__lam0p000__nu0p50__psi0p00,0.072,support,38,530,0.0,6,0.11480574,0.12345962,0.12345962,0.9201216,0.12019278,0.12019278,1.0,0.00865388,0.072,0.0,0.0,0.0,0.0,-25.472282,2.024308,0.67476934,0.23200001,0.0,0.12767963,0.0,0.0
hardzero_only__c0p58__z1p00__lam0p000__nu0p50__psi0p00,0.072,support,38,531,0.0,6,0.12345962,0.13140821,0.13140821,0.9570427,0.11039701,0.11039701,1.0,0.007948585,0.072,0.0,0.0,0.0,0.0,-26.585447,2.105536,0.70184535,0.192,0.0,0.16078016,0.0,0.0
hardzero_only__c0p58__z1p00__lam0p000__nu0p50__psi0p00,0.072,support,38,532,0.0,6,0.13140821,0.13992453,0.13992453,0.92708135,0.118282005,0.118282005,1.0,0.008516304,0.072,0.0,0.0,0.0,0.0,-26.099962,2.0396197,0.6798732,0.16800001,0.0,0.15502098,0.0,0.0
hardzero_only__c0p58__z1p00__lam0p000__nu0p50__psi0p00,0.072,support,38,533,0.0,6,0.13992453,0.14835478,0.14835478,0.9314917,0.11708691,0.11708691,1.0,0.008430257,0.072,0.0,0.0,0.0,0.0,-26.938538,2.0493226,0.68310755,0.17999999,0.0,0.13909158,0.0,0.0
hardzero_only__c0p58__z1p00__lam0p000__nu0p50__psi0p00,0.072,support,38,534,0.0,6,0.14835478,0.15639369,0.15639369,0.9521351,0.111651585,0.111651585,1.0,0.008038914,0.072,0.0,0.0,0.0,0.0,-26.743301,2.094739,0.69824636,0.2,0.0,0.16158102,0.0,0.0
hardzero_only__c0p58__z1p00__lam0p000__nu0p50__psi0p00,0.072,support,38,535,0.0,6,0.15639369,0.16393645,0.16393645,0.97980267,0.10476045,0.10476045,1.0,0.007542752,0.072,0.0,0.0,0.0,0.0,-27.055437,2.155609,0.7185363,0.15200001,0.0,0.1520815,0.0,0.0
hardzero_only__c0p58__z1p00__lam0p000__nu0p50__psi0p00,0.072,support,38,536,0.0,6,0.16393645,0.17218387,0.17218387,0.9410141,0.11454755,0.11454755,1.0,0.008247423,0.072,0.0,0.0,0.0,0.0,-24.939213,2.0702724,0.69009084,0.112,0.0,0.16010562,0.0,0.0
hardzero_only__c0p58__z1p00__lam0p000__nu0p50__psi0p00,0.072,support,38,537,0.0,6,0.17218387,0.1809464,0.1809464,0.91470355,0.121701635,0.121701635,1.0,0.008762517,0.072,0.0,0.0,0.0,0.0,-25.38639,2.012388,0.67079604,0.24000001,0.0,0.15011574,0.0,0.0
hardzero_only__c0p58__z1p00__lam0p000__nu0p50__psi0p00,0.072,support,38,538,0.0,6,0.1809464,0.1896244,0.1896244,0.9189123,0.12052793,0.12052793,1.0,0.008678011,0.072,0.0,0.0,0.0,0.0,-26.016554,2.0216475,0.6738825,0.24800001,0.0,0.15537797,0.0,0.0
hardzero_only__c0p58__z1p00__lam0p000__nu0p50__psi0p00,0.072,support,38,539,0.0,6,0.1896244,0.19794391,0.19794391,0.9372343,0.115548864,0.115548864,1.0,0.008319518,0.072,0.0,0.0,0.0,0.0,-25.644497,2.0619566,0.6873189,0.24000001,0.0,0.14150016,0.0,0.0
hardzero_only__c0p58__z1p00__lam0p000__nu0p50__psi0p00,0.072,support,38,540,0.0,6,0.19794391,0.20616719,0.20616719,0.9422875,0.114212185,0.114212185,1.0,0.008223277,0.072,0.0,0.0,0.0,0.0,-25.97888,2.0730739,0.69102466,0.18400002,0.0,0.15361983,0.0,0.0
hardzero_only__c0p58__z1p00__lam0p000__nu0p50__psi0p00,0.072,support,38,541,0.0,6,0.20616719,0.2150942,0.2150942,0.9066272,0.12398606,0.12398606,1.0,0.008926996,0.072,0.0,0.0,0.0,0.0,-25.622295,1.9946196,0.66487324,0.17600001,0.0,0.14585017,0.0,0.0
hardzero_only__c0p58__z1p00__lam0p000__nu0p50__psi0p00,0.072,support,38,542,0.0,6,0.2150942,0.22316861,0.22316861,0.95022094,0.11214477,0.11214477,1.0,0.008074423,0.072,0.0,0.0,0.0,0.0,-26.147362,2.0905278,0.6968426,0.16000001,0.0,0.14961432,0.0,0.0
hardzero_only__c0p58__z1p00__lam0p000__nu0p50__psi0p00,0.072,support,38,543,0.0,6,0.22316861,0.23109353,0.23109353,0.9583377,0.110068314,0.110068314,1.0,0.007924918,0.072,0.0,0.0,0.0,0.0,-26.984743,2.108385,0.702795,0.256,0.0,0.17133085,0.0,0.0
hardzero_only__c0p58__z1p00__lam0p000__nu0p50__psi0p00,0.072,support,38,544,0.0,6,0.23109353,0.23923153,0.23923153,0.94681466,0.1130278,0.1130278,1.0,0.008138002,0.072,0.0,0.0,0.0,0.0,-26.200682,2.0830338,0.69434464,0.17600001,0.0,0.14973345,0.0,0.0
hardzero_only__c0p58__z1p00__lam0p000__nu0p50__psi0p00,0.072,support,38,545,0.0,6,0.23923153,0.24662408,0.24662408,0.9885379,0.10267439,0.10267439,1.0,0.0073925555,0.072,0.0,0.0,0.0,0.0,-27.055235,2.1748269,0.7249423,0.16800001,0.0,0.15820496,0.0,0.0
hardzero_only__c0p58__z1p00__lam0p000__nu0p50__psi0p00,0.072,support,38,546,0.0,6,0.24662408,0.25524637,0.25524637,0.92170954,0.11975411,0.11975411,1.0,0.008622296,0.072,0.0,0.0,0.0,0.0,-25.98346,2.0278015,0.67593384,0.12,0.0,0.1579295,0.0,0.0
hardzero_only__c0p58__z1p00__lam0p000__nu0p50__psi0p00,0.072,support,38,547,0.0,6,0.25524637,0.2629254,0.2629254,0.9720269,0.106653,0.106653,1.0,0.0076790154,0.072,0.0,0.0,0.0,0.0,-27.419443,2.138502,0.712834,0.192,0.0,0.16196695,0.0,0.0
hardzero_only__c0p58__z1p00__lam0p000__nu0p50__psi0p00,0.072,support,38,548,0.0,6,0.2629254,0.27109686,0.27109686,0.94503295,0.11349248,0.11349248,1.0,0.008171459,0.072,0.0,0.0,0.0,0.0,-26.491552,2.079114,0.693038,0.120000005,0.0,0.14196967,0.0,0.0
hardzero_only__c0p58__z1p00__lam0p000__nu0p50__psi0p00,0.072,support,38,549,0.0,6,0.27109686,0.27904436,0.27904436,0.95710176,0.11038199,0.11038199,1.0,0.007947503,0.072,0.0,0.0,0.0,0.0,-26.242321,2.105666,0.7018887,0.16800001,0.0,0.14798579,0.0,0.0
hardzero_only__c0p58__z1p00__lam0p000__nu0p50__psi0p00,0.072,support,38,550,0.0,6,0.27904436,0.2872359,0.2872359,0.9439682,0.11377106,0.11377106,1.0,0.008191516,0.072,0.0,0.0,0.0,0.0,-25.481817,2.0767715,0.69225717,0.136,0.0,0.15353124,0.0,0.0
hardzero_only__c0p58__z1p00__lam0p000__nu0p50__psi0p00,0.072,support,38,551,0.0,6,0.2872359,0.29622138,0.29622138,0.90379083,0.124798425,0.124798425,1.0,0.008985486,0.072,0.0,0.0,0.0,0.0,-25.790459,1.9883796,0.6627932,0.18400002,0.0,0.13539177,0.0,0.0
hardzero_only__c0p58__z1p00__lam0p000__nu0p50__psi0p00,0.072,support,38,552,0.0,6,0.29622138,0.3034582,0.3034582,0.99778426,0.10051149,0.10051149,1.0,0.007236827,0.072,0.0,0.0,0.0,0.0,-27.375986,2.1951692,0.73172307,0.224,0.0,0.17404822,0.0,0.0
hardzero_only__c0p58__z1p00__lam0p000__nu0p50__psi0p00,0.072,support,38,553,0.0,6,0.3034582,0.31150803,0.31150803,0.9515462,0.11180308,0.11180308,1.0,0.0080498215,0.072,0.0,0.0,0.0,0.0,-26.681175,2.0934434,0.69781446,0.14400001,0.0,0.13049485,0.0,0.0
hardzero_only__c0p58__z1p00__lam0p000__nu0p50__psi0p00,0.072,support,38,554,0.0,6,0.31150803,0.3189586,0.3189586,0.9851418,0.10348043,0.10348043,1.0,0.0074505904,0.072,0.0,0.0,0.0,0.0,-27.505579,2.1673553,0.7224518,0.17600001,0.0,0.17316203,0.0,0.0
hardzero_only__c0p58__z1p00__lam0p000__nu0p50__psi0p00,0.072,support,38,555,0.0,6,0.3189586,0.3271882,0.3271882,0.9419549,0.114299685,0.114299685,1.0,0.008229577,0.072,0.0,0.0,0.0,0.0,-25.461555,2.0723422,0.69078076,0.15200001,0.0,0.13334446,0.0,0.0
hardzero_only__c0p58__z1p00__lam0p000__nu0p50__psi0p00,0.072,support,38,556,0.0,6,0.3271882,0.33556592,0.33556592,0.9342059,0.11635744,0.11635744,1.0,0.0083777355,0.072,0.0,0.0,0.0,0.0,-25.731987,2.055294,0.68509805,0.17600001,0.0,0.15066424,0.0,0.0
hardzero_only__c0p58__z1p00__lam0p000__nu0p50__psi0p00,0.072,support,38,557,0.0,6,0.33556592,0.34424174,0.34424174,0.9190218,0.120497555,0.120497555,1.0,0.008675824,0.072,0.0,0.0,0.0,0.0,-26.36237,2.0218883,0.6739628,0.23200001,0.0,0.17293249,0.0,0.0
hardzero_only__c0p58__z1p00__lam0p000__nu0p50__psi0p00,0.072,support,38,558,0.0,6,0.34424174,0.35276327,0.35276327,0.92681456,0.11835468,0.11835468,1.0,0.008521536,0.072,0.0,0.0,0.0,0.0,-26.228127,2.0390327,0.6796776,0.224,0.0,0.14024629,0.0,0.0
hardzero_only__c0p58__z1p00__lam0p000__nu0p50__psi0p00,0.072,support,38,559,0.0,6,0.35276327,0.36045367,0.36045367,0.97138274,0.10681131,0.10681131,1.0,0.007690414,0.072,0.0,0.0,0.0,0.0,-26.17459,2.1370847,0.7123616,0.16,0.0,0.16730535,0.0,0.0
hardzero_only__c0p58__z1p00__lam0p000__nu0p50__psi0p00,0.072,support,38,560,0.0,6,0.36045367,0.36820245,0.36820245,0.9680984,0.107622124,0.107622124,1.0,0.0077487924,0.072,0.0,0.0,0.0,0.0,-27.170635,2.129859,0.709953,0.15200001,0.0,0.17989823,0.0,0.0
hardzero_only__c0p58__z1p00__lam0p000__nu0p50__psi0p00,0.072,support,38,561,0.0,6,0.36820245,0.37636492,0.37636492,0.9455109,0.11336761,0.11336761,1.0,0.008162468,0.072,0.0,0.0,0.0,0.0,-26.232763,2.0801656,0.6933886,0.192,0.0,0.124870814,0.0,0.0
hardzero_only__c0p58__z1p00__lam0p000__nu0p50__psi0p00,0.072,support,38,562,0.0,6,0.37636492,0.38422418,0.38422418,0.961951,0.10915633,0.10915633,1.0,0.007859255,0.072,0.0,0.0,0.0,0.0,-27.142235,2.1163344,0.7054448,0.24000001,0.0,0.17615388,0.0,0.0
hardzero_only__c0p58__z1p00__lam0p000__nu0p50__psi0p00,0.072,support,38,563,0.0,6,0.38422418,0.39198735,0.39198735,0.9672932,0.10782185,0.10782185,1.0,0.007763173,0.072,0.0,0.0,0.0,0.0,-27.700768,2.1280875,0.7093625,0.2,0.0,0.176051,0.0,0.0
hardzero_only__c0p58__z1p00__lam0p000__nu0p50__psi0p00,0.072,support,38,564,0.0,6,0.39198735,0.40036473,0.40036473,0.9342244,0.11635247,0.11635247,1.0,0.008377377,0.072,0.0,0.0,0.0,0.0,-26.313438,2.0553348,0.68511164,0.2,0.0,0.16705672,0.0,0.0
hardzero_only__c0p58__z1p00__lam0p000__nu0p50__psi0p00,0.072,support,38,565,0.0,6,0.40036473,0.40811878,0.40811878,0.9678036,0.10769522,0.10769522,1.0,0.007754056,0.072,0.0,0.0,0.0,0.0,-26.61208,2.1292105,0.7097368,0.128,0.0,0.1774519,0.0,0.0
hardzero_only__c0p58__z1p00__lam0p000__nu0p50__psi0p00,0.072,support,38,566,0.0,6,0.40811878,0.41648698,0.41648698,0.93470097,0.11622485,0.11622485,1.0,0.0083681885,0.072,0.0,0.0,0.0,0.0,-25.662027,2.0563831,0.68546104,0.17600001,0.0,0.14212298,0.0,0.0
hardzero_only__c0p58__z1p00__lam0p000__nu0p50__psi0p00,0.072,support,38,567,0.0,6,0.41648698,0.42433855,0.42433855,0.962376,0.10904959,0.10904959,1.0,0.00785157,0.072,0.0,0.0,0.0,0.0,-26.630629,2.1172695,0.70575655,0.15200001,0.0,0.14602146,0.0,0.0
hardzero_only__c0p58__z1p00__lam0p000__nu0p50__psi0p00,0.072,support,38,568,0.0,6,0.42433855,0.4319299,0.4319299,0.97701335,0.10543544,0.10543544,1.0,0.0075913514,0.072,0.0,0.0,0.0,0.0,-26.684591,2.1494722,0.71649075,0.15200001,0.0,0.15702103,0.0,0.0
hardzero_only__c0p58__z1p00__lam0p000__nu0p50__psi0p00,0.072,support,38,569,0.0,6,0.4319299,0.43975258,0.43975258,0.96397656,0.10864842,0.10864842,1.0,0.007822686,0.072,0.0,0.0,0.0,0.0,-26.97286,2.1207907,0.7069303,0.18400002,0.0,0.1414879,0.0,0.0
hardzero_only__c0p58__z1p00__lam0p000__nu0p50__psi0p00,0.072,support,38,570,0.0,6,0.43975258,0.44811192,0.44811192,0.93515986,0.11610211,0.11610211,1.0,0.008359351,0.072,0.0,0.0,0.0,0.0,-25.040724,2.0573928,0.68579763,0.208,0.0,0.14878395,0.0,0.0
hardzero_only__c0p58__z1p00__lam0p000__nu0p50__psi0p00,0.072,support,38,571,0.0,6,0.44811192,0.45702317,0.45702317,0.90739334,0.1237675,0.1237675,1.0,0.0089112595,0.072,0.0,0.0,0.0,0.0,-24.847084,1.9963052,0.6654351,0.23200001,0.0,0.13478759,0.0,0.0
hardzero_only__c0p58__z1p00__lam0p000__nu0p50__psi0p00,0.072,support,38,572,0.0,6,0.45702317,0.46544704,0.46544704,0.9318208,0.116998196,0.116998196,1.0,0.0084238695,0.072,0.0,0.0,0.0,0.0,-26.528376,2.0500467,0.6833489,0.22999999,0.0,0.1787377,0.0,0.0
hardzero_only__c0p58__z1p00__lam0p000__nu0p50__psi0p00,0.072,support,38,573,0.0,6,0.46544704,0.47419783,0.47419783,0.9152856,0.121538654,0.121538654,1.0,0.008750782,0.072,0.0,0.0,0.0,0.0,-25.904718,2.0136685,0.67122287,0.24800001,0.0,0.14105628,0.0,0.0
hardzero_only__c0p58__z1p00__lam0p000__nu0p50__psi0p00,0.072,support,38,574,0.0,6,0.47419783,0.48245052,0.48245052,0.9407375,0.11462055,0.11462055,1.0,0.008252679,0.072,0.0,0.0,0.0,0.0,-26.488201,2.0696638,0.68988794,0.24800001,0.0,0.17060475,0.0,0.0
hardzero_only__c0p58__z1p00__lam0p000__nu0p50__psi0p00,0.072,support,38,575,0.0,6,0.48245052,0.49089184,0.49089184,0.9309222,0.11724051,0.11724051,1.0,0.008441316,0.072,0.0,0.0,0.0,0.0,-26.499477,2.0480697,0.6826899,0.14400001,0.0,0.14160328,0.0,0.0
hardzero_only__c0p58__z1p00__lam0p000__nu0p50__psi0p00,0.072,support,38,576,0.0,6,0.49089184,0.49938262,0.49938262,0.92838526,0.11792741,0.11792741,1.0,0.008490773,0.072,0.0,0.0,0.0,0.0,-25.60474,2.0424883,0.68082947,0.24000001,0.0,0.16666646,0.0,0.0
hardzero_only__c0p58__z1p00__lam0p000__nu0p50__psi0p00,0.072,support,38,577,0.0,6,0.49938262,0.5075159,0.5075159,0.947065,0.112962686,0.112962686,1.0,0.008133313,0.072,0.0,0.0,0.0,0.0,-27.318583,2.0835845,0.6945282,0.23200001,0.0,0.1634627,0.0,0.0
hardzero_only__c0p58__z1p00__lam0p000__nu0p50__psi0p00,0.072,support,38,578,0.0,6,0.5075159,0.5151816,0.5151816,0.9727808,0.106468014,0.106468014,1.0,0.0076656966,0.072,0.0,0.0,0.0,0.0,-26.71246,2.1401606,0.7133869,0.208,0.0,0.15890813,0.0,0.0
hardzero_only__c0p58__z1p00__lam0p000__nu0p50__psi0p00,0.072,support,38,579,0.0,6,0.5151816,0.5238708,0.5238708,0.91835266,0.12068334,0.12068334,1.0,0.0086892005,0.072,0.0,0.0,0.0,0.0,-24.934486,2.0204163,0.6734721,0.18400002,0.0,0.14385404,0.0,0.0
hardzero_only__c0p58__z1p00__lam0p000__nu0p50__psi0p00,0.072,support,38,580,0.0,6,0.5238708,0.5328887,0.5328887,0.90222687,0.12524869,0.12524869,1.0,0.009017905,0.072,0.0,0.0,0.0,0.0,-26.105728,1.9849387,0.66164625,0.264,0.0,0.14152314,0.0,0.0
hardzero_only__c0p58__z1p00__lam0p000__nu0p50__psi0p00,0.072,support,38,581,0.0,6,0.5328887,0.54060227,0.54060227,0.97007626,0.10713312,0.10713312,1.0,0.007713584,0.072,0.0,0.0,0.0,0.0,-26.836346,2.1342103,0.7114035,0.15200001,0.0,0.1673277,0.0,0.0
hardzero_only__c0p58__z1p00__lam0p000__nu0p50__psi0p00,0.072,support,38,582,0.0,6,0.54060227,0.5493368,0.5493368,0.91609406,0.1213126,0.1213126,1.0,0.0087345075,0.072,0.0,0.0,0.0,0.0,-25.228426,2.0154471,0.67181575,0.2,0.0,0.14140542,0.0,0.0
hardzero_only__c0p58__z1p00__lam0p000__nu0p50__psi0p00,0.072,support,38,583,0.0,6,0.5493368,0.55789196,0.55789196,0.92510325,0.11882197,0.11882197,1.0,0.008555181,0.072,0.0,0.0,0.0,0.0,-25.226849,2.0352678,0.67842263,0.15200001,0.0,0.1198146,0.0,0.0
hardzero_only__c0p58__z1p00__lam0p000__nu0p50__psi0p00,0.072,support,38,584,0.0,6,0.55789196,0.56587356,0.56587356,0.955244,0.11085518,0.11085518,1.0,0.007981572,0.072,0.0,0.0,0.0,0.0,-26.326075,2.1015787,0.70052624,0.192,0.0,0.16924633,0.0,0.0
hardzero_only__c0p58__z1p00__lam0p000__nu0p50__psi0p00,0.072,support,38,585,0.0,6,0.56587356,0.5743407,0.5743407,0.92959684,0.117598884,0.117598884,1.0,0.008467119,0.072,0.0,0.0,0.0,0.0,-26.442339,2.0451539,0.681718,0.17999999,0.0,0.15039702,0.0,0.0
hardzero_only__c0p58__z1p00__lam0p000__nu0p50__psi0p00,0.072,support,38,586,0.0,6,0.5743407,0.5826046,0.5826046,0.9401477,0.11477632,0.11477632,1.0,0.008263894,0.072,0.0,0.0,0.0,0.0,-26.093681,2.0683663,0.68945545,0.24000001,0.0,0.14659476,0.0,0.0
hardzero_only__c0p58__z1p00__lam0p000__nu0p50__psi0p00,0.072,support,38,587,1.0,7,0.5826046,0.011380136,0.011380136,0.914059,0.121882394,0.121882394,1.0,0.008775532,0.072,0.0,0.0,0.0,0.0,-26.007278,2.0109699,0.6703233,0.14400001,0.0,0.15745907,0.0,0.0
hardzero_only__c0p58__z1p00__lam0p000__nu0p50__psi0p00,0.072,support,38,588,0.0,7,0.011380136,0.020073488,0.020073488,0.9181453,0.120740995,0.120740995,1.0,0.008693351,0.072,0.0,0.0,0.0,0.0,-25.693579,2.01996,0.67332,0.16000001,0.0,0.16231808,0.0,0.0
hardzero_only__c0p58__z1p00__lam0p000__nu0p50__psi0p00,0.072,support,38,589,0.0,7,0.020073488,0.028921477,0.028921477,0.91048783,0.122888744,0.122888744,1.0,0.008847989,0.072,0.0,0.0,0.0,0.0,-24.876331,2.0031133,0.66770446,0.2,0.0,0.13864104,0.0,0.0
hardzero_only__c0p58__z1p00__lam0p000__nu0p50__psi0p00,0.072,support,38,590,0.0,7,0.028921477,0.037679214,0.037679214,0.91494054,0.12163524,0.12163524,1.0,0.008757737,0.072,0.0,0.0,0.0,0.0,-27.218903,2.0129094,0.67096984,0.224,0.0,0.15709896,0.0,0.0
hardzero_only__c0p58__z1p00__lam0p000__nu0p50__psi0p00,0.072,support,38,591,0.0,7,0.037679214,0.04542483,0.04542483,0.96827644,0.107578024,0.107578024,1.0,0.0077456175,0.072,0.0,0.0,0.0,0.0,-27.0971,2.1302507,0.7100836,0.192,0.0,0.1631623,0.0,0.0
hardzero_only__c0p58__z1p00__lam0p000__nu0p50__psi0p00,0.072,support,38,592,0.0,7,0.04542483,0.053607225,0.053607225,0.944452,0.11364438,0.11364438,1.0,0.008182394,0.072,0.0,0.0,0.0,0.0,-26.216997,2.0778358,0.69261193,0.17600001,0.0,0.15252124,0.0,0.0
hardzero_only__c0p58__z1p00__lam0p000__nu0p50__psi0p00,0.072,support,38,593,0.0,7,0.053607225,0.06186595,0.06186595,0.9404195,0.11470451,0.11470451,1.0,0.008258725,0.072,0.0,0.0,0.0,0.0,-26.470688,2.0689642,0.68965477,0.24000001,0.0,0.15499954,0.0,0.0
hardzero_only__c0p58__z1p00__lam0p000__nu0p50__psi0p00,0.072,support,38,594,0.0,7,0.06186595,0.07004854,0.07004854,0.94444144,0.11364714,0.11364714,1.0,0.008182594,0.072,0.0,0.0,0.0,0.0,-26.525236,2.0778127,0.69260424,0.16800001,0.0,0.17977428,0.0,0.0
hardzero_only__c0p58__z1p00__lam0p000__nu0p50__psi0p00,0.072,support,38,595,0.0,7,0.07004854,0.07850575,0.07850575,0.9301054,0.11746124,0.11746124,1.0,0.008457209,0.072,0.0,0.0,0.0,0.0,-26.021263,2.0462728,0.68209094,0.24000001,0.0,0.15886274,0.0,0.0
hardzero_only__c0p58__z1p00__lam0p000__nu0p50__psi0p00,0.072,support,38,596,0.0,7,0.07850575,0.08640926,0.08640926,0.9595121,0.10977108,0.10977108,1.0,0.007903517,0.072,0.0,0.0,0.0,0.0,-26.929295,2.1109688,0.7036563,0.192,0.0,0.15038678,0.0,0.0
hardzero_only__c0p58__z1p00__lam0p000__nu0p50__psi0p00,0.072,support,38,597,0.0,7,0.08640926,0.09461126,0.09461126,0.943413,0.113916576,0.113916576,1.0,0.008201993,0.072,0.0,0.0,0.0,0.0,-26.665144,2.07555,0.69185007,0.18400002,0.0,0.16424714,0.0,0.0
hardzero_only__c0p58__z1p00__lam0p000__nu0p50__psi0p00,0.072,support,38,598,0.0,7,0.09461126,0.104106076,0.104106076,0.8798457,0.1318725,0.1318725,1.0,0.00949482,0.072,0.0,0.0,0.0,0.0,-25.356142,1.9356991,0.64523304,0.24,0.0,0.1368618,0.0,0.0
hardzero_only__c0p58__z1p00__lam0p000__nu0p50__psi0p00,0.072,support,38,599,0.0,7,0.104106076,0.112177566,0.112177566,0.9503786,0.11210408,0.11210408,1.0,0.008071493,0.072,0.0,0.0,0.0,0.0,-26.445858,2.0908747,0.69695824,0.192,0.0,0.14072724,0.0,0.0
hardzero_only__c0p58__z1p00__lam0p000__nu0p50__psi0p00,0.072,support,38,600,0.0,7,0.112177566,0.12118111,0.12118111,0.90291893,0.12504925,0.12504925,1.0,0.009003545,0.072,0.0,0.0,0.0,0.0,-25.9132,1.9864613,0.6621538,0.2,0.0,0.15262264,0.0,0.0
hardzero_only__c0p58__z1p00__lam0p000__nu0p50__psi0p00,0.072,support,38,601,0.0,7,0.12118111,0.1298573,0.1298573,0.919003,0.120502755,0.120502755,1.0,0.008676198,0.072,0.0,0.0,0.0,0.0,-26.664734,2.021847,0.673949,0.23200001,0.0,0.1610226,0.0,0.0
hardzero_only__c0p58__z1p00__lam0p000__nu0p50__psi0p00,0.072,support,38,602,0.0,7,0.1298573,0.13936879,0.13936879,0.87908393,0.13210402,0.13210402,1.0,0.009511489,0.072,0.0,0.0,0.0,0.0,-25.283314,1.9340233,0.6446744,0.23200001,0.0,0.1320276,0.0,0.0
hardzero_only__c0p58__z1p00__lam0p000__nu0p50__psi0p00,0.072,support,38,603,0.0,7,0.13936879,0.14766075,0.14766075,0.938675,0.11516619,0.11516619,1.0,0.008291965,0.072,0.0,0.0,0.0,0.0,-25.726767,2.0651262,0.6883754,0.16800001,0.0,0.15045802,0.0,0.0
hardzero_only__c0p58__z1p00__lam0p000__nu0p50__psi0p00,0.072,support,38,604,0.0,7,0.14766075,0.15598963,0.15598963,0.93674535,0.115679026,0.115679026,1.0,0.0083288895,0.072,0.0,0.0,0.0,0.0,-26.548357,2.060881,0.68696034,0.16800001,0.0,0.14301395,0.0,0.0
hardzero_only__c0p58__z1p00__lam0p000__nu0p50__psi0p00,0.072,support,38,605,0.0,7,0.15598963,0.16494744,0.16494744,0.9051313,0.124413855,0.124413855,1.0,0.008957798,0.072,0.0,0.0,0.0,0.0,-26.369165,1.9913286,0.6637762,0.2,0.0,0.14761758,0.0,0.0
hardzero_only__c0p58__z1p00__lam0p000__nu0p50__psi0p00,0.072,support,38,606,0.0,7,0.16494744,0.1727537,0.1727537,0.9648892,0.10842034,0.10842034,1.0,0.0078062643,0.072,0.0,0.0,0.0,0.0,-26.187239,2.1227987,0.7075996,0.17600001,0.0,0.14727964,0.0,0.0
hardzero_only__c0p58__z1p00__lam0p000__nu0p50__psi0p00,0.072,support,38,607,0.0,7,0.1727537,0.18079719,0.18079719,0.9518883,0.11171504,0.11171504,1.0,0.008043483,0.072,0.0,0.0,0.0,0.0,-26.308994,2.094196,0.6980654,0.192,0.008,0.17329232,0.0,0.0
hardzero_only__c0p58__z1p00__lam0p000__nu0p50__psi0p00,0.072,support,38,608,0.0,7,0.18079719,0.18953516,0.18953516,0.9159223,0.12136059,0.12136059,1.0,0.008737963,0.072,0.0,0.0,0.0,0.0,-25.055025,2.0150692,0.67168975,0.216,0.0,0.16978614,0.0,0.0
hardzero_only__c0p58__z1p00__lam0p000__nu0p50__psi0p00,0.072,support,38,609,0.0,7,0.18953516,0.19839156,0.19839156,0.9100756,0.12300547,0.12300547,1.0,0.008856393,0.072,0.0,0.0,0.0,0.0,-25.486855,2.0022063,0.66740215,0.216,0.0,0.13934281,0.0,0.0
hardzero_only__c0p58__z1p00__lam0p000__nu0p50__psi0p00,0.072,support,38,610,0.0,7,0.19839156,0.20709778,0.20709778,0.9175021,0.12091991,0.12091991,1.0,0.008706233,0.072,0.0,0.0,0.0,0.0,-26.173994,2.018545,0.67284834,0.28,0.0,0.15935692,0.0,0.0
hardzero_only__c0p58__z1p00__lam0p000__nu0p50__psi0p00,0.072,support,38,611,0.0,7,0.20709778,0.21613759,0.21613759,0.90117353,0.12555283,0.12555283,1.0,0.009039803,0.072,0.0,0.0,0.0,0.0,-26.059715,1.9826213,0.6608738,0.16,0.0,0.15506499,0.0,0.0
hardzero_only__c0p58__z1p00__lam0p000__nu0p50__psi0p00,0.072,support,38,612,0.0,7,0.21613759,0.22519644,0.22519644,0.90025926,0.1258174,0.1258174,1.0,0.009058853,0.072,0.0,0.0,0.0,0.0,-25.205236,1.9806099,0.66020334,0.18400002,0.0,0.13912444,0.0,0.0
hardzero_only__c0p58__z1p00__lam0p000__nu0p50__psi0p00,0.072,support,38,613,0.0,7,0.22519644,0.23327304,0.23327304,0.95010376,0.11217504,0.11217504,1.0,0.008076603,0.072,0.0,0.0,0.0,0.0,-25.759415,2.09027,0.6967567,0.17600001,0.0,0.14755364,0.0,0.0
hardzero_only__c0p58__z1p00__lam0p000__nu0p50__psi0p00,0.072,support,38,614,0.0,7,0.23327304,0.24141915,0.24141915,0.94638216,0.11314043,0.11314043,1.0,0.00814611,0.072,0.0,0.0,0.0,0.0,-26.859108,2.0820823,0.6940274,0.24000001,0.0,0.18588637,0.0,0.0
hardzero_only__c0p58__z1p00__lam0p000__nu0p50__psi0p00,0.072,support,38,615,0.0,7,0.24141915,0.24924558,0.24924558,0.963769,0.10870035,0.10870035,1.0,0.007826425,0.072,0.0,0.0,0.0,0.0,-26.797413,2.1203341,0.70677805,0.192,0.0,0.151893,0.0,0.0
hardzero_only__c0p58__z1p00__lam0p000__nu0p50__psi0p00,0.072,support,38,616,0.0,7,0.24924558,0.25765848,0.25765848,0.9323863,0.116845965,0.116845965,1.0,0.008412909,0.072,0.0,0.0,0.0,0.0,-26.751143,2.0512908,0.6837636,0.23200001,0.0,0.15729226,0.0,0.0
hardzero_only__c0p58__z1p00__lam0p000__nu0p50__psi0p00,0.072,support,38,617,0.0,7,0.25765848,0.26638275,0.26638275,0.91660285,0.121170565,0.121170565,1.0,0.008724281,0.072,0.0,0.0,0.0,0.0,-25.889694,2.0165665,0.6721889,0.23200001,0.0,0.13942413,0.0,0.0
hardzero_only__c0p58__z1p00__lam0p000__nu0p50__psi0p00,0.072,support,38,618,0.0,7,0.26638275,0.27475375,0.27475375,0.9345552,0.116263874,0.116263874,1.0,0.008370998,0.072,0.0,0.0,0.0,0.0,-26.0827,2.0560625,0.6853542,0.24800001,0.0,0.1427938,0.0,0.0
hardzero_only__c0p58__z1p00__lam0p000__nu0p50__psi0p00,0.072,support,38,619,0.0,7,0.27475375,0.28350246,0.28350246,0.915388,0.12150999,0.12150999,1.0,0.0087487195,0.072,0.0,0.0,0.0,0.0,-26.105747,2.0138938,0.67129797,0.224,0.0,0.15300252,0.0,0.0
hardzero_only__c0p58__z1p00__lam0p000__nu0p50__psi0p00,0.072,support,38,620,0.0,7,0.28350246,0.29356217,0.29356217,0.85474646,0.13971837,0.13971837,1.0,0.010059722,0.072,0.0,0.0,0.0,0.0,-24.878296,1.8804798,0.62682664,0.256,0.0,0.12517744,0.0,0.0
hardzero_only__c0p58__z1p00__lam0p000__nu0p50__psi0p00,0.072,support,38,621,0.0,7,0.29356217,0.30203348,0.30203348,0.92938226,0.117657,0.117657,1.0,0.008471304,0.072,0.0,0.0,0.0,0.0,-25.825571,2.0446818,0.68156064,0.224,0.008,0.16162825,0.0,0.0
hardzero_only__c0p58__z1p00__lam0p000__nu0p50__psi0p00,0.072,support,38,622,0.0,7,0.30203348,0.31075853,0.31075853,0.9165647,0.12118122,0.12118122,1.0,0.008725047,0.072,0.0,0.0,0.0,0.0,-26.509943,2.0164826,0.67216086,0.23200001,0.0,0.15674525,0.0,0.0
hardzero_only__c0p58__z1p00__lam0p000__nu0p50__psi0p00,0.072,support,38,623,0.0,7,0.31075853,0.3192275,0.3192275,0.92950225,0.11762449,0.11762449,1.0,0.008468963,0.072,0.0,0.0,0.0,0.0,-26.575615,2.0449457,0.6816486,0.208,0.0,0.1482056,0.0,0.0
hardzero_only__c0p58__z1p00__lam0p000__nu0p50__psi0p00,0.072,support,38,624,0.0,7,0.3192275,0.32746288,0.32746288,0.94164735,0.11438068,0.11438068,1.0,0.008235409,0.072,0.0,0.0,0.0,0.0,-25.986801,2.0716655,0.6905552,0.28,0.0,0.1424816,0.0,0.0
hardzero_only__c0p58__z1p00__lam0p000__nu0p50__psi0p00,0.072,support,38,625,0.0,7,0.32746288,0.33718887,0.33718887,0.86939895,0.13508311,0.13508311,1.0,0.009725983,0.072,0.0,0.0,0.0,0.0,-25.0672,1.9127159,0.637572,0.208,0.0,0.14026353,0.0,0.0
hardzero_only__c0p58__z1p00__lam0p000__nu0p50__psi0p00,0.072,support,38,626,0.0,7,0.33718887,0.3454012,0.3454012,0.94286543,0.11406031,0.11406031,1.0,0.008212342,0.072,0.0,0.0,0.0,0.0,-26.08028,2.0743454,0.69144845,0.23200001,0.0,0.16017208,0.0,0.0
hardzero_only__c0p58__z1p00__lam0p000__nu0p50__psi0p00,0.072,support,38,627,0.0,7,0.3454012,0.35404375,0.35404375,0.92069066,0.12003539,0.12003539,1.0,0.008642548,0.072,0.0,0.0,0.0,0.0,-25.806482,2.02556,0.67518663,0.15200001,0.0,0.15793972,0.0,0.0
hardzero_only__c0p58__z1p00__lam0p000__nu0p50__psi0p00,0.072,support,38,628,0.0,7,0.35404375,0.36160165,0.36160165,0.97893083,0.10497097,0.10497097,1.0,0.0075579095,0.072,0.0,0.0,0.0,0.0,-26.787062,2.1536908,0.71789694,0.128,0.0,0.18558393,0.0,0.0
hardzero_only__c0p58__z1p00__lam0p000__nu0p50__psi0p00,0.072,support,38,629,0.0,7,0.36160165,0.36976212,0.36976212,0.94561756,0.113339804,0.113339804,1.0,0.008160465,0.072,0.0,0.0,0.0,0.0,-26.306301,2.0804002,0.6934668,0.16800001,0.0,0.16661097,0.0,0.0
hardzero_only__c0p58__z1p00__lam0p000__nu0p50__psi0p00,0.072,support,38,630,0.0,7,0.36976212,0.37849054,0.37849054,0.91639704,0.12122801,0.12122801,1.0,0.008728417,0.072,0.0,0.0,0.0,0.0,-25.483099,2.0161138,0.67203796,0.256,0.0,0.16894111,0.0,0.0
hardzero_only__c0p58__z1p00__lam0p000__nu0p50__psi0p00,0.072,support,38,631,0.0,7,0.37849054,0.38638523,0.38638523,0.9599969,0.10964861,0.10964861,1.0,0.007894699,0.072,0.0,0.0,0.0,0.0,-26.592072,2.1120353,0.7040118,0.16800001,0.0,0.14969529,0.0,0.0
hardzero_only__c0p58__z1p00__lam0p000__nu0p50__psi0p00,0.072,support,38,632,0.0,7,0.38638523,0.3944102,0.3944102,0.95288897,0.111457944,0.111457944,1.0,0.008024972,0.072,0.0,0.0,0.0,0.0,-26.495564,2.0963976,0.69879925,0.24800001,0.0,0.15520263,0.0,0.0
hardzero_only__c0p58__z1p00__lam0p000__nu0p50__psi0p00,0.072,support,38,633,0.0,7,0.3944102,0.40263206,0.40263206,0.9423616,0.11419272,0.11419272,1.0,0.008221875,0.072,0.0,0.0,0.0,0.0,-25.706388,2.073237,0.691079,0.2,0.0,0.13783568,0.0,0.0
hardzero_only__c0p58__z1p00__lam0p000__nu0p50__psi0p00,0.072,support,38,634,0.0,7,0.40263206,0.4112599,0.4112599,0.9214305,0.119831085,0.119831085,1.0,0.0086278375,0.072,0.0,0.0,0.0,0.0,-25.42593,2.0271876,0.6757292,0.17600001,0.0,0.14791071,0.0,0.0
hardzero_only__c0p58__z1p00__lam0p000__nu0p50__psi0p00,0.072,support,38,635,0.0,7,0.4112599,0.4193852,0.4193852,0.94749284,0.11285146,0.11285146,1.0,0.008125305,0.072,0.0,0.0,0.0,0.0,-26.464365,2.0845258,0.694842,0.17600001,0.0,0.14926474,0.0,0.0
hardzero_only__c0p58__z1p00__lam0p000__nu0p50__psi0p00,0.072,support,38,636,0.0,7,0.4193852,0.4278235,0.4278235,0.9310768,0.11719879,0.11719879,1.0,0.008438312,0.072,0.0,0.0,0.0,0.0,-26.276628,2.04841,0.68280333,0.2,0.0,0.15662311,0.0,0.0
hardzero_only__c0p58__z1p00__lam0p000__nu0p50__psi0p00,0.072,support,38,637,0.0,7,0.4278235,0.4359124,0.4359124,0.94944304,0.11234582,0.11234582,1.0,0.008088899,0.072,0.0,0.0,0.0,0.0,-25.772272,2.0888164,0.69627213,0.19999999,0.0,0.14059377,0.0,0.0
hardzero_only__c0p58__z1p00__lam0p000__nu0p50__psi0p00,0.072,support,38,638,0.0,7,0.4359124,0.44431034,0.44431034,0.9331601,0.11663793,0.11663793,1.0,0.00839793,0.072,0.0,0.0,0.0,0.0,-26.196259,2.0529933,0.6843311,0.14400001,0.0,0.1679251,0.0,0.0
hardzero_only__c0p58__z1p00__lam0p000__nu0p50__psi0p00,0.072,support,38,639,0.0,7,0.44431034,0.45218617,0.45218617,0.9610356,0.10938667,0.10938667,1.0,0.00787584,0.072,0.0,0.0,0.0,0.0,-26.603222,2.1143205,0.70477355,0.16000001,0.0,0.15941662,0.0,0.0
hardzero_only__c0p58__z1p00__lam0p000__nu0p50__psi0p00,0.072,support,38,640,0.0,7,0.45218617,0.46054858,0.46054858,0.93500036,0.11614476,0.11614476,1.0,0.008362423,0.072,0.0,0.0,0.0,0.0,-24.592499,2.057042,0.6856806,0.14400001,0.0,0.14219585,0.0,0.0
hardzero_only__c0p58__z1p00__lam0p000__nu0p50__psi0p00,0.072,support,38,641,0.0,7,0.46054858,0.4683968,0.4683968,0.96256006,0.10900336,0.10900336,1.0,0.007848241,0.072,0.0,0.0,0.0,0.0,-25.843641,2.1176744,0.7058915,0.14400001,0.0,0.13770927,0.0,0.0
hardzero_only__c0p58__z1p00__lam0p000__nu0p50__psi0p00,0.072,support,38,642,0.0,7,0.4683968,0.47729483,0.47729483,0.90803957,0.12358347,0.12358347,1.0,0.00889801,0.072,0.0,0.0,0.0,0.0,-25.59672,1.9977269,0.665909,0.216,0.0,0.14603552,0.0,0.0
hardzero_only__c0p58__z1p00__lam0p000__nu0p50__psi0p00,0.072,support,38,643,0.0,7,0.47729483,0.48599997,0.48599997,0.9175575,0.12090452,0.12090452,1.0,0.008705125,0.072,0.0,0.0,0.0,0.0,-25.466303,2.0186667,0.67288893,0.216,0.0,0.15140545,0.0,0.0
hardzero_only__c0p58__z1p00__lam0p000__nu0p50__psi0p00,0.072,support,38,644,0.0,7,0.48599997,0.49403316,0.49403316,0.9524448,0.111572,0.111572,1.0,0.008033183,0.072,0.0,0.0,0.0,0.0,-26.625963,2.0954204,0.69847345,0.14400001,0.0,0.1470344,0.0,0.0
hardzero_only__c0p58__z1p00__lam0p000__nu0p50__psi0p00,0.072,support,38,645,0.0,7,0.49403316,0.5024346,0.5024346,0.932977,0.11668714,0.11668714,1.0,0.008401474,0.072,0.0,0.0,0.0,0.0,-26.406305,2.0525904,0.6841968,0.17600001,0.0,0.15343489,0.0,0.0
hardzero_only__c0p58__z1p00__lam0p000__nu0p50__psi0p00,0.072,support,38,646,0.0,7,0.5024346,0.5104471,0.5104471,0.95356435,0.111284755,0.111284755,1.0,0.008012502,0.072,0.0,0.0,0.0,0.0,-26.553783,2.0978835,0.6992945,0.16000001,0.0,0.16763338,0.0,0.0
hardzero_only__c0p58__z1p00__lam0p000__nu0p50__psi0p00,0.072,support,38,647,0.0,7,0.5104471,0.5187783,0.5187783,0.9366215,0.11571202,0.11571202,1.0,0.008331265,0.072,0.0,0.0,0.0,0.0,-26.504072,2.0606084,0.6868695,0.224,0.0,0.17433853,0.0,0.0
hardzero_only__c0p58__z1p00__lam0p000__nu0p50__psi0p00,0.072,support,38,648,0.0,7,0.5187783,0.5271811,0.5271811,0.9329107,0.11670494,0.11670494,1.0,0.0084027555,0.072,0.0,0.0,0.0,0.0,-25.710392,2.0524445,0.6841482,0.17600001,0.0,0.14821772,0.0,0.0
hardzero_only__c0p58__z1p00__lam0p000__nu0p50__psi0p00,0.072,support,38,649,0.0,7,0.5271811,0.53623474,0.53623474,0.9005098,0.12574485,0.12574485,1.0,0.009053629,0.072,0.0,0.0,0.0,0.0,-25.08698,1.9811611,0.66038704,0.216,0.0,0.14397956,0.0,0.0
hardzero_only__c0p58__z1p00__lam0p000__nu0p50__psi0p00,0.072,support,38,650,0.0,7,0.53623474,0.5450196,0.5450196,0.9135947,0.122012764,0.122012764,1.0,0.008784919,0.072,0.0,0.0,0.0,0.0,-25.335152,2.0099485,0.66998285,0.16,0.0,0.1596031,0.0,0.0
hardzero_only__c0p58__z1p00__lam0p000__nu0p50__psi0p00,0.072,support,38,651,0.0,7,0.5450196,0.55378413,0.55378413,0.91460526,0.12172918,0.12172918,1.0,0.008764501,0.072,0.0,0.0,0.0,0.0,-25.432074,2.0121717,0.6707239,0.18400002,0.0,0.1327549,0.0,0.0
hardzero_only__c0p58__z1p00__lam0p000__nu0p50__psi0p00,0.072,support,38,652,0.0,7,0.55378413,0.5628051,0.5628051,0.902078,0.12529163,0.12529163,1.0,0.009020997,0.072,0.0,0.0,0.0,0.0,-25.545387,1.9846112,0.66153705,0.224,0.0,0.14545786,0.0,0.0
hardzero_only__c0p58__z1p00__lam0p000__nu0p50__psi0p00,0.072,support,38,653,0.0,7,0.5628051,0.57018095,0.57018095,0.98951954,0.10244258,0.10244258,1.0,0.0073758652,0.072,0.0,0.0,0.0,0.0,-27.189962,2.1769865,0.7256622,0.15200001,0.0,0.17419073,0.0,0.0
hardzero_only__c0p58__z1p00__lam0p000__nu0p50__psi0p00,0.072,support,38,654,0.0,7,0.57018095,0.578925,0.578925,0.91562,0.12144509,0.12144509,1.0,0.008744046,0.072,0.0,0.0,0.0,0.0,-25.901802,2.0144043,0.67146814,0.224,0.0,0.16189961,0.0,0.0
hardzero_only__c0p58__z1p00__lam0p000__nu0p50__psi0p00,0.072,support,38,655,0.0,7,0.578925,0.5872477,0.5872477,0.93706787,0.11559315,0.11559315,1.0,0.008322706,0.072,0.0,0.0,0.0,0.0,-25.87065,2.0615904,0.68719685,0.18400002,0.0,0.13665996,0.0,0.0
hardzero_only__c0p58__z1p00__lam0p000__nu0p50__psi0p00,0.072,support,38,656,1.0,8,0.5872477,0.01546066,0.01546066,0.9428352,0.114068255,0.114068255,1.0,0.008212914,0.072,0.0,0.0,0.0,0.0,-26.78823,2.0742788,0.6914263,0.14400001,0.0,0.17279607,0.0,0.0
hardzero_only__c0p58__z1p00__lam0p000__nu0p50__psi0p00,0.072,support,38,657,0.0,8,0.01546066,0.023815472,0.023815472,0.9353957,0.11603906,0.11603906,1.0,0.008354812,0.072,0.0,0.0,0.0,0.0,-25.608784,2.0579116,0.68597054,0.192,0.0,0.14303862,0.0,0.0
hardzero_only__c0p58__z1p00__lam0p000__nu0p50__psi0p00,0.072,support,38,658,0.0,8,0.023815472,0.032524705,0.032524705,0.91735244,0.12096161,0.12096161,1.0,0.008709235,0.072,0.0,0.0,0.0,0.0,-25.677193,2.0182157,0.67273855,0.216,0.0,0.1418267,0.0,0.0
hardzero_only__c0p58__z1p00__lam0p000__nu0p50__psi0p00,0.072,support,38,659,0.0,8,0.032524705,0.04152643,0.04152643,0.9030068,0.12502393,0.12502393,1.0,0.009001723,0.072,0.0,0.0,0.0,0.0,-25.98046,1.9866546,0.6622182,0.18400002,0.0,0.15145455,0.0,0.0
hardzero_only__c0p58__z1p00__lam0p000__nu0p50__psi0p00,0.072,support,38,660,0.0,8,0.04152643,0.050181586,0.050181586,0.9200575,0.12021052,0.12021052,1.0,0.008655157,0.072,0.0,0.0,0.0,0.0,-26.134668,2.0241668,0.6747223,0.136,0.0,0.14784081,0.0,0.0
hardzero_only__c0p58__z1p00__lam0p000__nu0p50__psi0p00,0.072,support,38,661,0.0,8,0.050181586,0.05877669,0.05877669,0.9230812,0.11937648,0.11937648,1.0,0.008595106,0.072,0.0,0.0,0.0,0.0,-25.748,2.0308192,0.6769397,0.23200001,0.008,0.13373642,0.0,0.0
hardzero_only__c0p58__z1p00__lam0p000__nu0p50__psi0p00,0.072,support,38,662,0.0,8,0.05877669,0.067055315,0.067055315,0.93937415,0.114980936,0.114980936,1.0,0.008278627,0.072,0.0,0.0,0.0,0.0,-26.612478,2.0666645,0.6888882,0.192,0.0,0.14163493,0.0,0.0
hardzero_only__c0p58__z1p00__lam0p000__nu0p50__psi0p00,0.072,support,38,663,0.0,8,0.067055315,0.0754884,0.0754884,0.93134594,0.11712619,0.11712619,1.0,0.008433085,0.072,0.0,0.0,0.0,0.0,-25.943686,2.049002,0.6830007,0.28,0.0,0.14642029,0.0,0.0
hardzero_only__c0p58__z1p00__lam0p000__nu0p50__psi0p00,0.072,support,38,664,0.0,8,0.0754884,0.084164985,0.084164985,0.91898394,0.12050804,0.12050804,1.0,0.008676578,0.072,0.0,0.0,0.0,0.0,-25.563274,2.021805,0.67393506,0.2,0.0,0.1531045,0.0,0.0
hardzero_only__c0p58__z1p00__lam0p000__nu0p50__psi0p00,0.072,support,38,665,0.0,8,0.084164985,0.09217803,0.09217803,0.95353496,0.11129227,0.11129227,1.0,0.008013044,0.072,0.0,0.0,0.0,0.0,-26.63098,2.0978189,0.699273,0.192,0.0,0.17602643,0.0,0.0
hardzero_only__c0p58__z1p00__lam0p000__nu0p50__psi0p00,0.072,support,38,666,0.0,8,0.09217803,0.100837,0.100837,0.91986626,0.12026347,0.12026347,1.0,0.00865897,0.072,0.0,0.0,0.0,0.0,-25.725468,2.0237463,0.6745821,0.216,0.008,0.13879152,0.0,0.0
hardzero_only__c0p58__z1p00__lam0p000__nu0p50__psi0p00,0.072,support,38,667,0.0,8,0.100837,0.10941633,0.10941633,0.9238792,0.11915734,0.11915734,1.0,0.008579328,0.072,0.0,0.0,0.0,0.0,-25.294842,2.032575,0.677525,0.208,0.0,0.14803043,0.0,0.0
hardzero_only__c0p58__z1p00__lam0p000__nu0p50__psi0p00,0.072,support,38,668,0.0,8,0.10941633,0.11859731,0.11859731,0.8944434,0.12751362,0.12751362,1.0,0.00918098,0.072,0.0,0.0,0.0,0.0,-25.64969,1.9678148,0.65593827,0.208,0.0,0.14396304,0.0,0.0
hardzero_only__c0p58__z1p00__lam0p000__nu0p50__psi0p00,0.072,support,38,669,0.0,8,0.11859731,0.1270523,0.1270523,0.930219,0.11743052,0.11743052,1.0,0.008454997,0.072,0.0,0.0,0.0,0.0,-26.650915,2.0465226,0.6821742,0.17600001,0.0,0.14368284,0.0,0.0
hardzero_only__c0p58__z1p00__lam0p000__nu0p50__psi0p00,0.072,support,38,670,0.0,8,0.1270523,0.13614197,0.13614197,0.8987847,0.12624532,0.12624532,1.0,0.009089663,0.072,0.0,0.0,0.0,0.0,-26.116623,1.9773659,0.659122,0.208,0.0,0.1603268,0.0,0.0
hardzero_only__c0p58__z1p00__lam0p000__nu0p50__psi0p00,0.072,support,38,671,0.0,8,0.13614197,0.14489864,0.14489864,0.9149932,0.121620476,0.121620476,1.0,0.008756674,0.072,0.0,0.0,0.0,0.0,-25.929766,2.0130253,0.67100847,0.23200001,0.0,0.15681201,0.0,0.0
hardzero_only__c0p58__z1p00__lam0p000__nu0p50__psi0p00,0.072,support,38,672,0.0,8,0.14489864,0.15354812,0.15354812,0.920342,0.12013178,0.12013178,1.0,0.008649488,0.072,0.0,0.0,0.0,0.0,-26.189205,2.024793,0.674931,0.224,0.0,0.16889796,0.0,0.0
hardzero_only__c0p58__z1p00__lam0p000__nu0p50__psi0p00,0.072,support,38,673,0.0,8,0.15354812,0.16172618,0.16172618,0.94468224,0.11358417,0.11358417,1.0,0.00817806,0.072,0.0,0.0,0.0,0.0,-26.55026,2.0783424,0.69278085,0.18400002,0.0,0.1607262,0.0,0.0
hardzero_only__c0p58__z1p00__lam0p000__nu0p50__psi0p00,0.072,support,38,674,0.0,8,0.16172618,0.17028444,0.17028444,0.9249469,0.11886473,0.11886473,1.0,0.00855826,0.072,0.0,0.0,0.0,0.0,-26.700272,2.0349238,0.67830795,0.256,0.0,0.1763835,0.0,0.0
hardzero_only__c0p58__z1p00__lam0p000__nu0p50__psi0p00,0.072,support,38,675,0.0,8,0.17028444,0.17953672,0.17953672,0.8910834,0.12850398,0.12850398,1.0,0.009252286,0.072,0.0,0.0,0.0,0.0,-25.063498,1.9604226,0.6534742,0.2,0.0,0.14592873,0.0,0.0
hardzero_only__c0p58__z1p00__lam0p000__nu0p50__psi0p00,0.072,support,38,676,0.0,8,0.17953672,0.18813859,0.18813859,0.92273927,0.11947051,0.11947051,1.0,0.008601876,0.072,0.0,0.0,0.0,0.0,-25.916288,2.030067,0.676689,0.26999998,0.0,0.20549628,0.0,0.0
hardzero_only__c0p58__z1p00__lam0p000__nu0p50__psi0p00,0.072,support,38,677,0.0,8,0.18813859,0.19759366,0.19759366,0.8816681,0.13132031,0.13132031,1.0,0.009455062,0.072,0.0,0.0,0.0,0.0,-25.435364,1.9397086,0.64656955,0.272,0.0,0.14712913,0.0,0.0
hardzero_only__c0p58__z1p00__lam0p000__nu0p50__psi0p00,0.072,support,38,678,0.0,8,0.19759366,0.20599078,0.20599078,0.9332022,0.11662665,0.11662665,1.0,0.008397118,0.072,0.0,0.0,0.0,0.0,-25.540264,2.0530858,0.68436193,0.224,0.0,0.1418632,0.0,0.0
hardzero_only__c0p58__z1p00__lam0p000__nu0p50__psi0p00,0.072,support,38,679,0.0,8,0.20599078,0.21450691,0.21450691,0.9270899,0.11827966,0.11827966,1.0,0.008516135,0.072,0.0,0.0,0.0,0.0,-25.904602,2.0396385,0.67987955,0.256,0.0,0.17096578,0.0,0.0
hardzero_only__c0p58__z1p00__lam0p000__nu0p50__psi0p00,0.072,support,38,680,0.0,8,0.21450691,0.22358231,0.22358231,0.8994664,0.12604733,0.12604733,1.0,0.009075407,0.072,0.0,0.0,0.0,0.0,-25.154333,1.9788656,0.6596219,0.216,0.0,0.12625308,0.0,0.0
hardzero_only__c0p58__z1p00__lam0p000__nu0p50__psi0p00,0.072,support,38,681,0.0,8,0.22358231,0.23248681,0.23248681,0.90772307,0.12367359,0.12367359,1.0,0.008904498,0.072,0.0,0.0,0.0,0.0,-25.906424,1.9970306,0.6656769,0.16800001,0.0,0.15220493,0.0,0.0
hardzero_only__c0p58__z1p00__lam0p000__nu0p50__psi0p00,0.072,support,38,682,0.0,8,0.23248681,0.24158391,0.24158391,0.8984295,0.12634863,0.12634863,1.0,0.009097101,0.072,0.0,0.0,0.0,0.0,-25.661718,1.9765844,0.6588615,0.224,0.0,0.15596911,0.0,0.0
hardzero_only__c0p58__z1p00__lam0p000__nu0p50__psi0p00,0.072,support,38,683,0.0,8,0.24158391,0.2512423,0.2512423,0.8724277,0.1341443,0.1341443,1.0,0.00965839,0.072,0.0,0.0,0.0,0.0,-26.136677,1.9193792,0.6397931,0.18400002,0.0,0.15882672,0.0,0.0
hardzero_only__c0p58__z1p00__lam0p000__nu0p50__psi0p00,0.072,support,38,684,0.0,8,0.2512423,0.2598506,0.2598506,0.92241526,0.11955966,0.11955966,1.0,0.008608296,0.072,0.0,0.0,0.0,0.0,-25.686274,2.029354,0.6764514,0.24800001,0.008,0.17699262,0.0,0.0
hardzero_only__c0p58__z1p00__lam0p000__nu0p50__psi0p00,0.072,support,38,685,0.0,8,0.2598506,0.26860783,0.26860783,0.9149653,0.12162831,0.12162831,1.0,0.008757237,0.072,0.0,0.0,0.0,0.0,-25.597324,2.0129638,0.67098796,0.224,0.0,0.1711155,0.0,0.0
hardzero_only__c0p58__z1p00__lam0p000__nu0p50__psi0p00,0.072,support,38,686,0.0,8,0.26860783,0.27709052,0.27709052,0.92879903,0.117815115,0.117815115,1.0,0.008482688,0.072,0.0,0.0,0.0,0.0,-26.30115,2.0433986,0.6811329,0.2,0.0,0.17365853,0.0,0.0
hardzero_only__c0p58__z1p00__lam0p000__nu0p50__psi0p00,0.072,support,38,687,0.0,8,0.27709052,0.28547105,0.28547105,0.9340611,0.116396226,0.116396226,1.0,0.008380528,0.072,0.0,0.0,0.0,0.0,-26.680378,2.0549755,0.68499184,0.17600001,0.0,0.14814167,0.0,0.0
hardzero_only__c0p58__z1p00__lam0p000__nu0p50__psi0p00,0.072,support,38,688,0.0,8,0.28547105,0.29489812,0.29489812,0.8829555,0.13093162,0.13093162,1.0,0.009427076,0.072,0.0,0.0,0.0,0.0,-25.408836,1.9425409,0.6475136,0.208,0.0,0.15334027,0.0,0.0
hardzero_only__c0p58__z1p00__lam0p000__nu0p50__psi0p00,0.072,support,38,689,0.0,8,0.29489812,0.30326748,0.30326748,0.93464005,0.116241165,0.116241165,1.0,0.008369364,0.072,0.0,0.0,0.0,0.0,-26.589811,2.0562491,0.6854164,0.17999999,0.0,0.16598523,0.0,0.0
hardzero_only__c0p58__z1p00__lam0p000__nu0p50__psi0p00,0.072,support,38,690,0.0,8,0.30326748,0.31198806,0.31198806,0.91678685,0.12111923,0.12111923,1.0,0.008720584,0.072,0.0,0.0,0.0,0.0,-26.095772,2.0169713,0.6723238,0.216,0.0,0.14975505,0.0,0.0
hardzero_only__c0p58__z1p00__lam0p000__nu0p50__psi0p00,0.072,support,38,691,0.0,8,0.31198806,0.3208927,0.3208927,0.9077163,0.123675495,0.123675495,1.0,0.008904635,0.072,0.0,0.0,0.0,0.0,-25.476158,1.9970157,0.66567194,0.18400002,0.0,0.15707614,0.0,0.0
hardzero_only__c0p58__z1p00__lam0p000__nu0p50__psi0p00,0.072,support,38,692,0.0,8,0.3208927,0.32817784,0.32817784,0.9948944,0.10118255,0.10118255,1.0,0.0072851432,0.072,0.0,0.0,0.0,0.0,-26.909864,2.1888113,0.72960377,0.24800001,0.0,0.14595391,0.0,0.0
hardzero_only__c0p58__z1p00__lam0p000__nu0p50__psi0p00,0.072,support,38,693,0.0,8,0.32817784,0.33657557,0.33657557,0.9331713,0.116634965,0.116634965,1.0,0.008397717,0.072,0.0,0.0,0.0,0.0,-25.935614,2.0530179,0.6843393,0.16800001,0.0,0.1624642,0.0,0.0
hardzero_only__c0p58__z1p00__lam0p000__nu0p50__psi0p00,0.072,support,38,694,0.0,8,0.33657557,0.3458945,0.3458945,0.8879675,0.12942927,0.12942927,1.0,0.009318907,0.072,0.0,0.0,0.0,0.0,-25.751661,1.9535675,0.6511892,0.24000001,0.0,0.1507954,0.0,0.0
hardzero_only__c0p58__z1p00__lam0p000__nu0p50__psi0p00,0.072,support,38,695,0.0,8,0.3458945,0.35470414,0.35470414,0.9123739,0.12235623,0.12235623,1.0,0.008809648,0.072,0.0,0.0,0.0,0.0,-25.772528,2.0072627,0.6690876,0.23200001,0.0,0.15122794,0.0,0.0
hardzero_only__c0p58__z1p00__lam0p000__nu0p50__psi0p00,0.072,support,38,696,0.0,8,0.35470414,0.3637083,0.3637083,0.9028896,0.12505768,0.12505768,1.0,0.009004152,0.072,0.0,0.0,0.0,0.0,-25.492014,1.9863968,0.66213226,0.136,0.0,0.14023161,0.0,0.0
hardzero_only__c0p58__z1p00__lam0p000__nu0p50__psi0p00,0.072,support,38,697,0.0,8,0.3637083,0.37324002,0.37324002,0.87816036,0.13238527,0.13238527,1.0,0.009531739,0.072,0.0,0.0,0.0,0.0,-25.408958,1.9319913,0.64399713,0.16800001,0.0,0.14114182,0.0,0.0
hardzero_only__c0p58__z1p00__lam0p000__nu0p50__psi0p00,0.072,support,38,698,0.0,8,0.37324002,0.38222986,0.38222986,0.903581,0.12485876,0.12485876,1.0,0.0089898305,0.072,0.0,0.0,0.0,0.0,-25.577742,1.9879179,0.6626393,0.24000001,0.0,0.14912267,0.0,0.0
hardzero_only__c0p58__z1p00__lam0p000__nu0p50__psi0p00,0.072,support,38,699,0.0,8,0.38222986,0.39154658,0.39154658,0.88807,0.12939872,0.12939872,1.0,0.009316707,0.072,0.0,0.0,0.0,0.0,-26.008636,1.953793,0.65126437,0.216,0.0,0.1548232,0.0,0.0
hardzero_only__c0p58__z1p00__lam0p000__nu0p50__psi0p00,0.072,support,38,700,0.0,8,0.39154658,0.40094358,0.40094358,0.8843435,0.13051383,0.13051383,1.0,0.009396995,0.072,0.0,0.0,0.0,0.0,-24.325554,1.9455945,0.64853156,0.14400001,0.0,0.13963354,0.0,0.0
hardzero_only__c0p58__z1p00__lam0p000__nu0p50__psi0p00,0.072,support,38,701,0.0,8,0.40094358,0.4088693,0.4088693,0.95829374,0.11007944,0.11007944,1.0,0.007925719,0.072,0.0,0.0,0.0,0.0,-26.574127,2.1082883,0.7027628,0.18400002,0.0,0.16499247,0.0,0.0
hardzero_only__c0p58__z1p00__lam0p000__nu0p50__psi0p00,0.072,support,38,702,0.0,8,0.4088693,0.41806307,0.41806307,0.89383906,0.1276912,0.1276912,1.0,0.009193766,0.072,0.0,0.0,0.0,0.0,-25.69799,1.9664853,0.6554951,0.19,0.0,0.16637996,0.0,0.0
hardzero_only__c0p58__z1p00__lam0p000__nu0p50__psi0p00,0.072,support,38,703,0.0,8,0.41806307,0.4268293,0.4268293,0.91451985,0.12175312,0.12175312,1.0,0.008766225,0.072,0.0,0.0,0.0,0.0,-25.107008,2.0119839,0.67066133,0.208,0.008,0.13298847,0.0,0.0
hardzero_only__c0p58__z1p00__lam0p000__nu0p50__psi0p00,0.072,support,38,704,0.0,8,0.4268293,0.43543735,0.43543735,0.92242825,0.11955611,0.11955611,1.0,0.0086080395,0.072,0.0,0.0,0.0,0.0,-24.902508,2.0293827,0.6764609,0.192,0.0,0.13653944,0.0,0.0
hardzero_only__c0p58__z1p00__lam0p000__nu0p50__psi0p00,0.072,support,38,705,0.0,8,0.43543735,0.4446248,0.4446248,0.89413726,0.12760355,0.12760355,1.0,0.009187455,0.072,0.0,0.0,0.0,0.0,-25.96455,1.9671413,0.6557138,0.23200001,0.0,0.1531815,0.0,0.0
hardzero_only__c0p58__z1p00__lam0p000__nu0p50__psi0p00,0.072,support,38,706,0.0,8,0.4446248,0.45190972,0.45190972,0.99490875,0.1011792,0.1011792,1.0,0.007284902,0.072,0.0,0.0,0.0,0.0,-27.347954,2.188843,0.7296144,0.128,0.0,0.16810624,0.0,0.0
hardzero_only__c0p58__z1p00__lam0p000__nu0p50__psi0p00,0.072,support,38,707,0.0,8,0.45190972,0.4607522,0.4607522,0.91075945,0.12281192,0.12281192,1.0,0.008842458,0.072,0.0,0.0,0.0,0.0,-25.361277,2.0037107,0.6679036,0.224,0.0,0.14430061,0.0,0.0
hardzero_only__c0p58__z1p00__lam0p000__nu0p50__psi0p00,0.072,support,38,708,0.0,8,0.4607522,0.46883434,0.46883434,0.9498049,0.11225225,0.11225225,1.0,0.008082162,0.072,0.0,0.0,0.0,0.0,-27.181099,2.0896125,0.6965375,0.16800001,0.0,0.17424755,0.0,0.0
hardzero_only__c0p58__z1p00__lam0p000__nu0p50__psi0p00,0.072,support,38,709,0.0,8,0.46883434,0.47704092,0.47704092,0.94317013,0.11398031,0.11398031,1.0,0.008206582,0.072,0.0,0.0,0.0,0.0,-25.89655,2.0750158,0.69167197,0.2,0.0,0.13868937,0.0,0.0
hardzero_only__c0p58__z1p00__lam0p000__nu0p50__psi0p00,0.072,support,38,710,0.0,8,0.47704092,0.4862972,0.4862972,0.8908968,0.12855922,0.12855922,1.0,0.009256263,0.072,0.0,0.0,0.0,0.0,-25.816616,1.9600121,0.65333736,0.208,0.0,0.139189,0.0,0.0
hardzero_only__c0p58__z1p00__lam0p000__nu0p50__psi0p00,0.072,support,38,711,0.0,8,0.4862972,0.4961307,0.4961307,0.86462396,0.13657652,0.13657652,1.0,0.009833509,0.072,0.0,0.0,0.0,0.0,-24.170912,1.9022107,0.6340703,0.16000001,0.0,0.13343142,0.0,0.0
hardzero_only__c0p58__z1p00__lam0p000__nu0p50__psi0p00,0.072,support,38,712,0.0,8,0.4961307,0.5058428,0.5058428,0.8700201,0.13489003,0.13489003,1.0,0.009712082,0.072,0.0,0.0,0.0,0.0,-25.375319,1.9140824,0.6380275,0.328,0.0,0.15120806,0.0,0.0
hardzero_only__c0p58__z1p00__lam0p000__nu0p50__psi0p00,0.072,support,38,713,0.0,8,0.5058428,0.51430374,0.51430374,0.929915,0.11751275,0.11751275,1.0,0.0084609175,0.072,0.0,0.0,0.0,0.0,-25.794025,2.0458539,0.6819513,0.216,0.0,0.14334144,0.0,0.0
hardzero_only__c0p58__z1p00__lam0p000__nu0p50__psi0p00,0.072,support,38,714,0.0,8,0.51430374,0.52327245,0.52327245,0.90460235,0.12456547,0.12456547,1.0,0.008968714,0.072,0.0,0.0,0.0,0.0,-25.658117,1.9901649,0.6633883,0.104,0.0,0.124732465,0.0,0.0
hardzero_only__c0p58__z1p00__lam0p000__nu0p50__psi0p00,0.072,support,38,715,0.0,8,0.52327245,0.53271276,0.53271276,0.88234544,0.13111565,0.13111565,1.0,0.009440326,0.072,0.0,0.0,0.0,0.0,-25.731459,1.9411987,0.64706624,0.22999999,0.0,0.15553674,0.0,0.0
hardzero_only__c0p58__z1p00__lam0p000__nu0p50__psi0p00,0.072,support,38,716,0.0,8,0.53271276,0.5418682,0.5418682,0.895653,0.12715895,0.12715895,1.0,0.009155445,0.072,0.0,0.0,0.0,0.0,-25.174885,1.970476,0.65682536,0.18400002,0.0,0.13804047,0.0,0.0
hardzero_only__c0p58__z1p00__lam0p000__nu0p50__psi0p00,0.072,support,38,717,0.0,8,0.5418682,0.55035484,0.55035484,0.92859656,0.11787004,0.11787004,1.0,0.0084866425,0.072,0.0,0.0,0.0,0.0,-25.866644,2.0429533,0.68098444,0.14400001,0.0,0.1659742,0.0,0.0
hardzero_only__c0p58__z1p00__lam0p000__nu0p50__psi0p00,0.072,support,38,718,0.0,8,0.55035484,0.558024,0.558024,0.97258675,0.1065156,0.1065156,1.0,0.007669123,0.072,0.0,0.0,0.0,0.0,-26.972685,2.1397336,0.71324456,0.16000001,0.0,0.16160263,0.0,0.0
hardzero_only__c0p58__z1p00__lam0p000__nu0p50__psi0p00,0.072,support,38,719,0.0,8,0.558024,0.5663655,0.5663655,0.9360897,0.115853794,0.115853794,1.0,0.008341473,0.072,0.0,0.0,0.0,0.0,-26.408085,2.0594385,0.6864795,0.15200001,0.0,0.15709624,0.0,0.0
hardzero_only__c0p58__z1p00__lam0p000__nu0p50__psi0p00,0.072,support,38,720,0.0,8,0.5663655,0.576871,0.576871,0.8359167,0.1459094,0.1459094,1.0,0.010505476,0.072,0.0,0.0,0.0,0.0,-24.334324,1.8390534,0.6130178,0.272,0.0,0.13954054,0.0,0.0
hardzero_only__c0p58__z1p00__lam0p000__nu0p50__psi0p00,0.072,support,38,721,0.0,8,0.576871,0.58623946,0.58623946,0.8856644,0.13011746,0.13011746,1.0,0.009368457,0.072,0.0,0.0,0.0,0.0,-24.683407,1.9485006,0.64950025,0.120000005,0.0,0.13679126,0.0,0.0
hardzero_only__c0p58__z1p00__lam0p000__nu0p50__psi0p00,0.072,support,38,722,1.0,9,0.58623946,0.0145532945,0.0145532945,0.93753177,0.11546974,0.11546974,1.0,0.008313821,0.072,0.0,0.0,0.0,0.0,-25.87653,2.062611,0.6875371,0.18400002,0.0,0.16785325,0.0,0.0
hardzero_only__c0p58__z1p00__lam0p000__nu0p50__psi0p00,0.072,support,38,723,0.0,9,0.0145532945,0.02369313,0.02369313,0.8963941,0.12694216,0.12694216,1.0,0.009139835,0.072,0.0,0.0,0.0,0.0,-25.651894,1.9721063,0.6573688,0.208,0.0,0.14431334,0.0,0.0
hardzero_only__c0p58__z1p00__lam0p000__nu0p50__psi0p00,0.072,support,38,724,0.0,9,0.02369313,0.0320778,0.0320778,0.9338465,0.11645377,0.11645377,1.0,0.008384671,0.072,0.0,0.0,0.0,0.0,-26.14261,2.0545032,0.6848344,0.16800001,0.0,0.14446239,0.0,0.0
hardzero_only__c0p58__z1p00__lam0p000__nu0p50__psi0p00,0.072,support,38,725,0.0,9,0.0320778,0.042000934,0.042000934,0.8606837,0.13782129,0.13782129,1.0,0.009923132,0.072,0.0,0.0,0.0,0.0,-24.919422,1.8935419,0.63118064,0.256,0.0,0.13416861,0.0,0.0
hardzero_only__c0p58__z1p00__lam0p000__nu0p50__psi0p00,0.072,support,38,726,0.0,9,0.042000934,0.050333038,0.050333038,0.9365778,0.115723655,0.115723655,1.0,0.008332103,0.072,0.0,0.0,0.0,0.0,-26.388857,2.0605123,0.68683743,0.24000001,0.0,0.14441086,0.0,0.0
hardzero_only__c0p58__z1p00__lam0p000__nu0p50__psi0p00,0.072,support,38,727,0.0,9,0.050333038,0.05841977,0.05841977,0.94955933,0.112315744,0.112315744,1.0,0.0080867335,0.072,0.0,0.0,0.0,0.0,-26.620201,2.0890722,0.6963574,0.192,0.0,0.17067213,0.0,0.0
hardzero_only__c0p58__z1p00__lam0p000__nu0p50__psi0p00,0.072,support,38,728,0.0,9,0.05841977,0.06804655,0.06804655,0.87385154,0.13370523,0.13370523,1.0,0.009626776,0.072,0.0,0.0,0.0,0.0,-26.031288,1.9225118,0.6408373,0.24,0.0,0.15003,0.0,0.0
hardzero_only__c0p58__z1p00__lam0p000__nu0p50__psi0p00,0.072,support,38,729,0.0,9,0.06804655,0.07708825,0.07708825,0.90108204,0.12557927,0.12557927,1.0,0.009041707,0.072,0.0,0.0,0.0,0.0,-25.783266,1.9824201,0.6608067,0.24800001,0.0,0.14114429,0.0,0.0
hardzero_only__c0p58__z1p00__lam0p000__nu0p50__psi0p00,0.072,support,38,730,0.0,9,0.07708825,0.08664026,0.08664026,0.8772376,0.13266683,0.13266683,1.0,0.009552011,0.072,0.0,0.0,0.0,0.0,-25.162466,1.9299613,0.64332044,0.17600001,0.0,0.14080274,0.0,0.0
hardzero_only__c0p58__z1p00__lam0p000__nu0p50__psi0p00,0.072,support,38,731,0.0,9,0.08664026,0.09657391,0.09657391,0.86022365,0.13796736,0.13796736,1.0,0.00993365,0.072,0.0,0.0,0.0,0.0,-25.169712,1.8925298,0.6308433,0.18400002,0.0,0.1503681,0.0,0.0
hardzero_only__c0p58__z1p00__lam0p000__nu0p50__psi0p00,0.072,support,38,732,0.0,9,0.09657391,0.10523325,0.10523325,0.91984767,0.12026863,0.12026863,1.0,0.00865934,0.072,0.0,0.0,0.0,0.0,-26.818865,2.0237052,0.6745684,0.15200001,0.0,0.16756676,0.0,0.0
hardzero_only__c0p58__z1p00__lam0p000__nu0p50__psi0p00,0.072,support,38,733,0.0,9,0.10523325,0.11474674,0.11474674,0.8789926,0.1321318,0.1321318,1.0,0.009513489,0.072,0.0,0.0,0.0,0.0,-24.996637,1.9338224,0.6446075,0.24800001,0.0,0.16400588,0.0,0.0
hardzero_only__c0p58__z1p00__lam0p000__nu0p50__psi0p00,0.072,support,38,734,0.0,9,0.11474674,0.1235755,0.1235755,0.91143274,0.12262168,0.12262168,1.0,0.00882876,0.072,0.0,0.0,0.0,0.0,-26.287622,2.005192,0.66839737,0.136,0.0,0.17657888,0.0,0.0
hardzero_only__c0p58__z1p00__lam0p000__nu0p50__psi0p00,0.072,support,38,735,0.0,9,0.1235755,0.1319195,0.1319195,0.93595845,0.11588883,0.11588883,1.0,0.008343996,0.072,0.0,0.0,0.0,0.0,-26.554846,2.0591497,0.68638325,0.192,0.0,0.182297,0.0,0.0
hardzero_only__c0p58__z1p00__lam0p000__nu0p50__psi0p00,0.072,support,38,736,0.0,9,0.1319195,0.14043893,0.14043893,0.92692214,0.11832536,0.11832536,1.0,0.008519426,0.072,0.0,0.0,0.0,0.0,-25.531412,2.0392694,0.6797565,0.192,0.0,0.1544361,0.0,0.0
hardzero_only__c0p58__z1p00__lam0p000__nu0p50__psi0p00,0.072,support,38,737,0.0,9,0.14043893,0.1502678,0.1502678,0.86482894,0.13651206,0.13651206,1.0,0.009828867,0.072,0.0,0.0,0.0,0.0,-25.355661,1.9026617,0.6342206,0.264,0.0,0.1549078,0.0,0.0
hardzero_only__c0p58__z1p00__lam0p000__nu0p50__psi0p00,0.072,support,38,738,0.0,9,0.1502678,0.15946732,0.15946732,0.89356667,0.12777132,0.12777132,1.0,0.009199535,0.072,0.0,0.0,0.0,0.0,-25.830399,1.9658859,0.6552953,0.208,0.0,0.16339989,0.0,0.0
hardzero_only__c0p58__z1p00__lam0p000__nu0p50__psi0p00,0.072,support,38,739,0.0,9,0.15946732,0.16885756,0.16885756,0.88465595,0.13041995,0.13041995,1.0,0.009390236,0.072,0.0,0.0,0.0,0.0,-24.986183,1.9462819,0.6487607,0.192,0.0,0.14905363,0.0,0.0
hardzero_only__c0p58__z1p00__lam0p000__nu0p50__psi0p00,0.072,support,38,740,0.0,9,0.16885756,0.17786434,0.17786434,0.9027626,0.12509426,0.12509426,1.0,0.009006787,0.072,0.0,0.0,0.0,0.0,-25.5914,1.9861174,0.66203916,0.264,0.0,0.14933982,0.0,0.0
hardzero_only__c0p58__z1p00__lam0p000__nu0p50__psi0p00,0.072,support,38,741,0.0,9,0.17786434,0.18698479,0.18698479,0.8973161,0.12667295,0.12667295,1.0,0.009120452,0.072,0.0,0.0,0.0,0.0,-26.070108,1.9741348,0.65804493,0.17,0.0,0.15865749,0.0,0.0
hardzero_only__c0p58__z1p00__lam0p000__nu0p50__psi0p00,0.072,support,38,742,0.0,9,0.18698479,0.19682327,0.19682327,0.8644045,0.13664556,0.13664556,1.0,0.00983848,0.072,0.0,0.0,0.0,0.0,-25.927729,1.9017279,0.63390934,0.192,0.0,0.15807943,0.0,0.0
hardzero_only__c0p58__z1p00__lam0p000__nu0p50__psi0p00,0.072,support,38,743,0.0,9,0.19682327,0.20583303,0.20583303,0.90261877,0.1251357,0.1251357,1.0,0.00900977,0.072,0.0,0.0,0.0,0.0,-26.244717,1.985801,0.66193366,0.208,0.0,0.1421773,0.0,0.0
hardzero_only__c0p58__z1p00__lam0p000__nu0p50__psi0p00,0.072,support,38,744,0.0,9,0.20583303,0.214305,0.214305,0.929348,0.11766628,0.11766628,1.0,0.008471972,0.072,0.0,0.0,0.0,0.0,-26.500347,2.0446064,0.6815355,0.28800002,0.0,0.16496024,0.0,0.0
hardzero_only__c0p58__z1p00__lam0p000__nu0p50__psi0p00,0.072,support,38,745,0.0,9,0.214305,0.22219646,0.22219646,0.9601749,0.10960365,0.10960365,1.0,0.007891462,0.072,0.0,0.0,0.0,0.0,-26.90417,2.112427,0.70414233,0.15200001,0.0,0.15412506,0.0,0.0
hardzero_only__c0p58__z1p00__lam0p000__nu0p50__psi0p00,0.072,support,38,746,0.0,9,0.22219646,0.23211102,0.23211102,0.86105895,0.13770226,0.13770226,1.0,0.009914562,0.072,0.0,0.0,0.0,0.0,-24.71803,1.8943676,0.6314559,0.18400002,0.0,0.14972277,0.0,0.0
hardzero_only__c0p58__z1p00__lam0p000__nu0p50__psi0p00,0.072,support,38,747,0.0,9,0.23211102,0.24213278,0.24213278,0.8563884,0.13919115,0.13919115,1.0,0.010021762,0.072,0.0,0.0,0.0,0.0,-24.810661,1.8840921,0.6280307,0.28,0.0,0.14883024,0.0,0.0
hardzero_only__c0p58__z1p00__lam0p000__nu0p50__psi0p00,0.072,support,38,748,0.0,9,0.24213278,0.25251442,0.25251442,0.8410661,0.14418958,0.14418958,1.0,0.010381649,0.072,0.0,0.0,0.0,0.0,-24.684372,1.8503824,0.61679417,0.296,0.0,0.14586425,0.0,0.0
hardzero_only__c0p58__z1p00__lam0p000__nu0p50__psi0p00,0.072,support,38,749,0.0,9,0.25251442,0.26276585,0.26276585,0.84654826,0.1423809,0.1423809,1.0,0.010251424,0.072,0.0,0.0,0.0,0.0,-24.761648,1.8624433,0.62081444,0.216,0.0,0.14533082,0.0,0.0
hardzero_only__c0p58__z1p00__lam0p000__nu0p50__psi0p00,0.072,support,38,750,0.0,9,0.26276585,0.2725301,0.2725301,0.8676933,0.13561468,0.13561468,1.0,0.009764256,0.072,0.0,0.0,0.0,0.0,-25.01883,1.9089634,0.6363212,0.128,0.0,0.13475591,0.0,0.0
hardzero_only__c0p58__z1p00__lam0p000__nu0p50__psi0p00,0.072,support,38,751,0.0,9,0.2725301,0.28178966,0.28178966,0.8907421,0.128605,0.128605,1.0,0.009259559,0.072,0.0,0.0,0.0,0.0,-25.157995,1.9596719,0.653224,0.208,0.0,0.14025854,0.0,0.0
hardzero_only__c0p58__z1p00__lam0p000__nu0p50__psi0p00,0.072,support,38,752,0.0,9,0.28178966,0.29103735,0.29103735,0.8912997,0.12843998,0.12843998,1.0,0.009247678,0.072,0.0,0.0,0.0,0.0,-25.597624,1.9608985,0.6536329,0.24000001,0.0,0.15976486,0.0,0.0
hardzero_only__c0p58__z1p00__lam0p000__nu0p50__psi0p00,0.072,support,38,753,0.0,9,0.29103735,0.30015406,0.30015406,0.8974945,0.12662093,0.12662093,1.0,0.009116706,0.072,0.0,0.0,0.0,0.0,-25.836657,1.9745274,0.6581758,0.208,0.0,0.14551343,0.0,0.0
hardzero_only__c0p58__z1p00__lam0p000__nu0p50__psi0p00,0.072,support,38,754,0.0,9,0.30015406,0.30854106,0.30854106,0.93372583,0.116486125,0.116486125,1.0,0.008387,0.072,0.0,0.0,0.0,0.0,-26.556808,2.0542378,0.68474597,0.17999999,0.0,0.15115294,0.0,0.0
hardzero_only__c0p58__z1p00__lam0p000__nu0p50__psi0p00,0.072,support,38,755,0.0,9,0.30854106,0.31820622,0.31820622,0.8721239,0.13423818,0.13423818,1.0,0.009665148,0.072,0.0,0.0,0.0,0.0,-25.02873,1.9187108,0.6395703,0.18400002,0.0,0.14549184,0.0,0.0
hardzero_only__c0p58__z1p00__lam0p000__nu0p50__psi0p00,0.072,support,38,756,0.0,9,0.31820622,0.32739604,0.32739604,0.8940258,0.12763628,0.12763628,1.0,0.0091898125,0.072,0.0,0.0,0.0,0.0,-25.26225,1.966896,0.655632,0.24000001,0.0,0.15845564,0.0,0.0
hardzero_only__c0p58__z1p00__lam0p000__nu0p50__psi0p00,0.072,support,38,757,0.0,9,0.32739604,0.33675602,0.33675602,0.8860576,0.12999971,0.12999971,1.0,0.009359979,0.072,0.0,0.0,0.0,0.0,-24.843912,1.9493657,0.6497886,0.16000001,0.0,0.12257421,0.0,0.0
hardzero_only__c0p58__z1p00__lam0p000__nu0p50__psi0p00,0.072,support,38,758,0.0,9,0.33675602,0.34559175,0.34559175,0.91108954,0.1227186,0.1227186,1.0,0.008835739,0.072,0.0,0.0,0.0,0.0,-24.777681,2.004437,0.66814566,0.216,0.0,0.15551995,0.0,0.0
hardzero_only__c0p58__z1p00__lam0p000__nu0p50__psi0p00,0.072,support,38,759,0.0,9,0.34559175,0.35541856,0.35541856,0.8649201,0.13648342,0.13648342,1.0,0.009826805,0.072,0.0,0.0,0.0,0.0,-24.521736,1.9028622,0.6342874,0.28800002,0.0,0.13846329,0.0,0.0
hardzero_only__c0p58__z1p00__lam0p000__nu0p50__psi0p00,0.072,support,38,760,0.0,9,0.35541856,0.36412072,0.36412072,0.9177052,0.1208634,0.1208634,1.0,0.0087021645,0.072,0.0,0.0,0.0,0.0,-26.131716,2.0189917,0.67299724,0.18400002,0.0,0.15573822,0.0,0.0
hardzero_only__c0p58__z1p00__lam0p000__nu0p50__psi0p00,0.072,support,38,761,0.0,9,0.36412072,0.37301543,0.37301543,0.908201,0.12353755,0.12353755,1.0,0.008894703,0.072,0.0,0.0,0.0,0.0,-25.71452,1.998082,0.66602737,0.14400001,0.008,0.15644887,0.0,0.0
hardzero_only__c0p58__z1p00__lam0p000__nu0p50__psi0p00,0.072,support,38,762,0.0,9,0.37301543,0.38166732,0.38166732,0.9202223,0.12016494,0.12016494,1.0,0.008651875,0.072,0.0,0.0,0.0,0.0,-25.27078,2.0245295,0.6748432,0.208,0.0,0.13025111,0.0,0.0
hardzero_only__c0p58__z1p00__lam0p000__nu0p50__psi0p00,0.072,support,38,763,0.0,9,0.38166732,0.39101622,0.39101622,0.886572,0.12984581,0.12984581,1.0,0.009348898,0.072,0.0,0.0,0.0,0.0,-25.489035,1.9504974,0.6501658,0.192,0.0,0.14146352,0.0,0.0
hardzero_only__c0p58__z1p00__lam0p000__nu0p50__psi0p00,0.072,support,38,764,0.0,9,0.39101622,0.3992623,0.3992623,0.9410837,0.11452921,0.11452921,1.0,0.008246102,0.072,0.0,0.0,0.0,0.0,-26.558468,2.0704255,0.69014186,0.128,0.0,0.1668355,0.0,0.0
hardzero_only__c0p58__z1p00__lam0p000__nu0p50__psi0p00,0.072,support,38,765,0.0,9,0.3992623,0.40790772,0.40790772,0.9205459,0.120075405,0.120075405,1.0,0.008645428,0.072,0.0,0.0,0.0,0.0,-25.815912,2.0252414,0.6750805,0.15200001,0.0,0.13407874,0.0,0.0
hardzero_only__c0p58__z1p00__lam0p000__nu0p50__psi0p00,0.072,support,38,766,0.0,9,0.40790772,0.41767165,0.41767165,0.867708,0.13561007,0.13561007,1.0,0.009763925,0.072,0.0,0.0,0.0,0.0,-24.635529,1.9089957,0.6363319,0.256,0.0,0.13977875,0.0,0.0
hardzero_only__c0p58__z1p00__lam0p000__nu0p50__psi0p00,0.072,support,38,767,0.0,9,0.41767165,0.4262224,0.4262224,0.92532784,0.11876052,0.11876052,1.0,0.008550757,0.072,0.0,0.0,0.0,0.0,-26.314175,2.0357618,0.6785873,0.19,0.0,0.15452556,0.0,0.0
hardzero_only__c0p58__z1p00__lam0p000__nu0p50__psi0p00,0.072,support,38,768,0.0,9,0.4262224,0.43509528,0.43509528,0.9092688,0.1232342,0.1232342,1.0,0.008872862,0.072,0.0,0.0,0.0,0.0,-25.26646,2.0004313,0.66681045,0.128,0.0,0.14016522,0.0,0.0
hardzero_only__c0p58__z1p00__lam0p000__nu0p50__psi0p00,0.072,support,38,769,0.0,9,0.43509528,0.44395527,0.44395527,0.90989906,0.12305548,0.12305548,1.0,0.008859994,0.072,0.0,0.0,0.0,0.0,-26.253263,2.001818,0.6672727,0.18400002,0.0,0.16371065,0.0,0.0
hardzero_only__c0p58__z1p00__lam0p000__nu0p50__psi0p00,0.072,support,38,770,0.0,9,0.44395527,0.45181474,0.45181474,0.9619386,0.10915946,0.10915946,1.0,0.007859481,0.072,0.0,0.0,0.0,0.0,-25.699762,2.1163073,0.70543575,0.128,0.0,0.16817,0.0,0.0
hardzero_only__c0p58__z1p00__lam0p000__nu0p50__psi0p00,0.072,support,38,771,0.0,9,0.45181474,0.46080917,0.46080917,0.9033583,0.1249228,0.1249228,1.0,0.008994441,0.072,0.0,0.0,0.0,0.0,-25.980202,1.987428,0.662476,0.216,0.0,0.15200968,0.0,0.0
hardzero_only__c0p58__z1p00__lam0p000__nu0p50__psi0p00,0.072,support,38,772,0.0,9,0.46080917,0.4705913,0.4705913,0.8668985,0.1358631,0.1358631,1.0,0.009782142,0.072,0.0,0.0,0.0,0.0,-25.725916,1.9072148,0.63573825,0.23200001,0.0,0.14581999,0.0,0.0
hardzero_only__c0p58__z1p00__lam0p000__nu0p50__psi0p00,0.072,support,38,773,0.0,9,0.4705913,0.47918427,0.47918427,0.92319024,0.11934652,0.11934652,1.0,0.008592949,0.072,0.0,0.0,0.0,0.0,-25.725294,2.031059,0.6770197,0.256,0.0,0.14827444,0.0,0.0
hardzero_only__c0p58__z1p00__lam0p000__nu0p50__psi0p00,0.072,support,38,774,0.0,9,0.47918427,0.4877832,0.4877832,0.92288864,0.11942944,0.11942944,1.0,0.008598919,0.072,0.0,0.0,0.0,0.0,-25.834122,2.0303955,0.6767985,0.192,0.0,0.15132315,0.0,0.0
hardzero_only__c0p58__z1p00__lam0p000__nu0p50__psi0p00,0.072,support,38,775,0.0,9,0.4877832,0.4965917,0.4965917,0.9124306,0.12234026,0.12234026,1.0,0.008808498,0.072,0.0,0.0,0.0,0.0,-25.918243,2.0073874,0.66912913,0.208,0.0,0.161605,0.0,0.0
hardzero_only__c0p58__z1p00__lam0p000__nu0p50__psi0p00,0.072,support,38,776,0.0,9,0.4965917,0.50543046,0.50543046,0.91094,0.122760884,0.122760884,1.0,0.008838783,0.072,0.0,0.0,0.0,0.0,-25.743492,2.004108,0.668036,0.192,0.0,0.1428963,0.0,0.0
hardzero_only__c0p58__z1p00__lam0p000__nu0p50__psi0p00,0.072,support,38,777,0.0,9,0.50543046,0.5144721,0.5144721,0.90108514,0.12557836,0.12557836,1.0,0.009041642,0.072,0.0,0.0,0.0,0.0,-25.765848,1.9824269,0.660809,0.28,0.0,0.16554631,0.0,0.0
hardzero_only__c0p58__z1p00__lam0p000__nu0p50__psi0p00,0.072,support,38,778,0.0,9,0.5144721,0.52386457,0.52386457,0.884553,0.13045086,0.13045086,1.0,0.009392462,0.072,0.0,0.0,0.0,0.0,-25.808395,1.9460555,0.6486852,0.24000001,0.0,0.14858747,0.0,0.0
hardzero_only__c0p58__z1p00__lam0p000__nu0p50__psi0p00,0.072,support,38,779,0.0,9,0.52386457,0.53246075,0.53246075,0.92302626,0.119391575,0.119391575,1.0,0.008596193,0.072,0.0,0.0,0.0,0.0,-25.571274,2.0306983,0.67689943,0.18400002,0.0,0.14051834,0.0,0.0
hardzero_only__c0p58__z1p00__lam0p000__nu0p50__psi0p00,0.072,support,38,780,0.0,9,0.53246075,0.54178196,0.54178196,0.8878586,0.12946169,0.12946169,1.0,0.009321242,0.072,0.0,0.0,0.0,0.0,-26.191347,1.953328,0.65110934,0.21,0.0,0.13319285,0.0,0.0
hardzero_only__c0p58__z1p00__lam0p000__nu0p50__psi0p00,0.072,support,38,781,0.0,9,0.54178196,0.55134696,0.55134696,0.8766489,0.1328468,0.1328468,1.0,0.00956497,0.072,0.0,0.0,0.0,0.0,-25.42809,1.9286661,0.6428887,0.16800001,0.0,0.15418714,0.0,0.0
hardzero_only__c0p58__z1p00__lam0p000__nu0p50__psi0p00,0.072,support,38,782,0.0,9,0.55134696,0.55913854,0.55913854,0.9657059,0.10821666,0.10821666,1.0,0.0077915993,0.072,0.0,0.0,0.0,0.0,-26.597923,2.1245954,0.7081985,0.224,0.0,0.16354834,0.0,0.0
hardzero_only__c0p58__z1p00__lam0p000__nu0p50__psi0p00,0.072,support,38,783,0.0,9,0.55913854,0.56896377,0.56896377,0.8649892,0.1364617,0.1364617,1.0,0.009825243,0.072,0.0,0.0,0.0,0.0,-24.779623,1.9030143,0.63433814,0.16800001,0.0,0.15938668,0.0,0.0
hardzero_only__c0p58__z1p00__lam0p000__nu0p50__psi0p00,0.072,support,38,784,0.0,9,0.56896377,0.5772916,0.5772916,0.93679976,0.11566455,0.11566455,1.0,0.008327847,0.072,0.0,0.0,0.0,0.0,-25.842203,2.0610006,0.6870002,0.16000001,0.0,0.15853672,0.0,0.0
hardzero_only__c0p58__z1p00__lam0p000__nu0p50__psi0p00,0.072,support,38,785,0.0,9,0.5772916,0.5856059,0.5856059,0.9375061,0.11547657,0.11547657,1.0,0.008314312,0.072,0.0,0.0,0.0,0.0,-26.704296,2.0625546,0.68751824,0.14400001,0.0,0.14458437,0.0,0.0
hardzero_only__c0p58__z1p00__lam0p000__nu0p50__psi0p00,0.072,support,38,786,1.0,10,0.5856059,0.014148202,0.014148202,0.9257593,0.11864259,0.11864259,1.0,0.008542266,0.072,0.0,0.0,0.0,0.0,-25.665833,2.0367112,0.67890376,0.16000001,0.0,0.14584295,0.0,0.0
hardzero_only__c0p58__z1p00__lam0p000__nu0p50__psi0p00,0.072,support,38,787,0.0,10,0.014148202,0.023958154,0.023958154,0.86566556,0.13624935,0.13624935,1.0,0.009809952,0.072,0.0,0.0,0.0,0.0,-25.84769,1.9045023,0.6348341,0.296,0.0,0.16940448,0.0,0.0
hardzero_only__c0p58__z1p00__lam0p000__nu0p50__psi0p00,0.072,support,38,788,0.0,10,0.023958154,0.032705624,0.032705624,0.91545,0.12149265,0.12149265,1.0,0.008747471,0.072,0.0,0.0,0.0,0.0,-25.09129,2.0140302,0.67134345,0.14400001,0.0,0.16886987,0.0,0.0
hardzero_only__c0p58__z1p00__lam0p000__nu0p50__psi0p00,0.072,support,38,789,0.0,10,0.032705624,0.042672962,0.042672962,0.8587534,0.13843523,0.13843523,1.0,0.009967336,0.072,0.0,0.0,0.0,0.0,-24.977398,1.8892952,0.6297651,0.23200001,0.0,0.17281854,0.0,0.0
hardzero_only__c0p58__z1p00__lam0p000__nu0p50__psi0p00,0.072,support,38,790,0.0,10,0.042672962,0.051775046,0.051775046,0.89819163,0.12641785,0.12641785,1.0,0.009102085,0.072,0.0,0.0,0.0,0.0,-25.602236,1.9760611,0.65868706,0.2,0.0,0.15609576,0.0,0.0
hardzero_only__c0p58__z1p00__lam0p000__nu0p50__psi0p00,0.072,support,38,791,0.0,10,0.051775046,0.06044881,0.06044881,0.91912484,0.120468944,0.120468944,1.0,0.008673764,0.072,0.0,0.0,0.0,0.0,-25.631004,2.022115,0.67403835,0.256,0.0,0.16423376,0.0,0.0
hardzero_only__c0p58__z1p00__lam0p000__nu0p50__psi0p00,0.072,support,38,792,0.0,10,0.06044881,0.069434844,0.069434844,0.9037644,0.12480602,0.12480602,1.0,0.008986033,0.072,0.0,0.0,0.0,0.0,-26.006998,1.9883214,0.66277385,0.2,0.0,0.14229576,0.0,0.0
hardzero_only__c0p58__z1p00__lam0p000__nu0p50__psi0p00,0.072,support,38,793,0.0,10,0.069434844,0.078200236,0.078200236,0.91456115,0.12174154,0.12174154,1.0,0.00876539,0.072,0.0,0.0,0.0,0.0,-24.96296,2.0120747,0.6706916,0.19,0.0,0.14193909,0.0,0.0
hardzero_only__c0p58__z1p00__lam0p000__nu0p50__psi0p00,0.072,support,38,794,0.0,10,0.078200236,0.08712246,0.08712246,0.9068592,0.12391983,0.12391983,1.0,0.008922228,0.072,0.0,0.0,0.0,0.0,-25.979736,1.9951301,0.66504335,0.192,0.0,0.17406635,0.0,0.0
hardzero_only__c0p58__z1p00__lam0p000__nu0p50__psi0p00,0.072,support,38,795,0.0,10,0.08712246,0.09680334,0.09680334,0.87141794,0.13445657,0.13445657,1.0,0.009680873,0.072,0.0,0.0,0.0,0.0,-24.830753,1.9171578,0.6390526,0.24000001,0.0,0.13971016,0.0,0.0
hardzero_only__c0p58__z1p00__lam0p000__nu0p50__psi0p00,0.072,support,38,796,0.0,10,0.09680334,0.10595498,0.10595498,0.8958334,0.12710615,0.12710615,1.0,0.009151642,0.072,0.0,0.0,0.0,0.0,-24.947906,1.9708728,0.6569576,0.208,0.0,0.15643863,0.0,0.0
hardzero_only__c0p58__z1p00__lam0p000__nu0p50__psi0p00,0.072,support,38,797,0.0,10,0.10595498,0.11440317,0.11440317,0.9305687,0.11733601,0.11733601,1.0,0.008448193,0.072,0.0,0.0,0.0,0.0,-26.243006,2.047292,0.6824307,0.192,0.0,0.1723768,0.0,0.0
hardzero_only__c0p58__z1p00__lam0p000__nu0p50__psi0p00,0.072,support,38,798,0.0,10,0.11440317,0.12365811,0.12365811,0.8909589,0.12854083,0.12854083,1.0,0.009254939,0.072,0.0,0.0,0.0,0.0,-25.429783,1.9601487,0.6533829,0.272,0.0,0.16252945,0.0,0.0
hardzero_only__c0p58__z1p00__lam0p000__nu0p50__psi0p00,0.072,support,38,799,0.0,10,0.12365811,0.13235927,0.13235927,0.91775566,0.12084937,0.12084937,1.0,0.008701154,0.072,0.0,0.0,0.0,0.0,-25.598545,2.0191028,0.6730343,0.264,0.0,0.1817598,0.0,0.0
hardzero_only__c0p58__z1p00__lam0p000__nu0p50__psi0p00,0.072,support,38,800,0.0,10,0.13235927,0.14197522,0.14197522,0.8743397,0.13355505,0.13355505,1.0,0.009615963,0.072,0.0,0.0,0.0,0.0,-24.876217,1.9235858,0.6411953,0.16000001,0.0,0.14789487,0.0,0.0
hardzero_only__c0p58__z1p00__lam0p000__nu0p50__psi0p00,0.072,support,38,801,0.0,10,0.14197522,0.15082249,0.15082249,0.9105233,0.12287872,0.12287872,1.0,0.008847267,0.072,0.0,0.0,0.0,0.0,-26.437193,2.0031912,0.66773045,0.208,0.0,0.18067376,0.0,0.0
hardzero_only__c0p58__z1p00__lam0p000__nu0p50__psi0p00,0.072,support,38,802,0.0,10,0.15082249,0.15954444,0.15954444,0.916719,0.12113815,0.12113815,1.0,0.008721947,0.072,0.0,0.0,0.0,0.0,-26.29788,2.016822,0.67227405,0.128,0.0,0.18154745,0.0,0.0
hardzero_only__c0p58__z1p00__lam0p000__nu0p50__psi0p00,0.072,support,38,803,0.0,10,0.15954444,0.16872616,0.16872616,0.8944082,0.12752396,0.12752396,1.0,0.009181725,0.072,0.0,0.0,0.0,0.0,-25.739477,1.9677374,0.6559125,0.192,0.0,0.147899,0.0,0.0
hardzero_only__c0p58__z1p00__lam0p000__nu0p50__psi0p00,0.072,support,38,804,0.0,10,0.16872616,0.1779384,0.1779384,0.892967,0.12794785,0.12794785,1.0,0.009212245,0.072,0.0,0.0,0.0,0.0,-26.008642,1.9645666,0.65485555,0.216,0.0,0.16595258,0.0,0.0
hardzero_only__c0p58__z1p00__lam0p000__nu0p50__psi0p00,0.072,support,38,805,0.0,10,0.1779384,0.18700778,0.18700778,0.8997549,0.1259636,0.1259636,1.0,0.0090693785,0.072,0.0,0.0,0.0,0.0,-26.014606,1.9795003,0.65983343,0.23200001,0.0,0.16357169,0.0,0.0
hardzero_only__c0p58__z1p00__lam0p000__nu0p50__psi0p00,0.072,support,38,806,0.0,10,0.18700778,0.19564198,0.19564198,0.9211104,0.11991943,0.11991943,1.0,0.008634198,0.072,0.0,0.0,0.0,0.0,-25.655998,2.0264833,0.67549443,0.19999999,0.0,0.17178048,0.0,0.0
hardzero_only__c0p58__z1p00__lam0p000__nu0p50__psi0p00,0.072,support,38,807,0.0,10,0.19564198,0.20565419,0.20565419,0.85680234,0.13905853,0.13905853,1.0,0.010012214,0.072,0.0,0.0,0.0,0.0,-25.069067,1.8850027,0.6283343,0.208,0.0,0.15852624,0.0,0.0
hardzero_only__c0p58__z1p00__lam0p000__nu0p50__psi0p00,0.072,support,38,808,0.0,10,0.20565419,0.21478345,0.21478345,0.8968969,0.12679528,0.12679528,1.0,0.00912926,0.072,0.0,0.0,0.0,0.0,-26.207932,1.9732126,0.65773755,0.208,0.0,0.15098397,0.0,0.0
hardzero_only__c0p58__z1p00__lam0p000__nu0p50__psi0p00,0.072,support,38,809,0.0,10,0.21478345,0.22267471,0.22267471,0.96018595,0.10960089,0.10960089,1.0,0.007891264,0.072,0.0,0.0,0.0,0.0,-26.777637,2.1124513,0.70415044,0.16800001,0.0,0.16502115,0.0,0.0
hardzero_only__c0p58__z1p00__lam0p000__nu0p50__psi0p00,0.072,support,38,810,0.0,10,0.22267471,0.23132473,0.23132473,0.9203155,0.12013912,0.12013912,1.0,0.008650016,0.072,0.0,0.0,0.0,0.0,-25.691841,2.0247345,0.6749115,0.18400002,0.0,0.14425087,0.0,0.0
hardzero_only__c0p58__z1p00__lam0p000__nu0p50__psi0p00,0.072,support,38,811,0.0,10,0.23132473,0.24008377,0.24008377,0.91487586,0.12165336,0.12165336,1.0,0.008759041,0.072,0.0,0.0,0.0,0.0,-25.863358,2.012767,0.6709224,0.272,0.0,0.16159405,0.0,0.0
hardzero_only__c0p58__z1p00__lam0p000__nu0p50__psi0p00,0.072,support,38,812,0.0,10,0.24008377,0.24986055,0.24986055,0.8671366,0.13578863,0.13578863,1.0,0.009776781,0.072,0.0,0.0,0.0,0.0,-24.617382,1.9077386,0.6359129,0.15200001,0.0,0.14558245,0.0,0.0
hardzero_only__c0p58__z1p00__lam0p000__nu0p50__psi0p00,0.072,support,38,813,0.0,10,0.24986055,0.25945905,0.25945905,0.8751298,0.13331228,0.13331228,1.0,0.009598484,0.072,0.0,0.0,0.0,0.0,-24.476612,1.9253241,0.6417747,0.224,0.008,0.1563512,0.0,0.0
hardzero_only__c0p58__z1p00__lam0p000__nu0p50__psi0p00,0.072,support,38,814,0.0,10,0.25945905,0.2696622,0.2696622,0.8485987,0.14171025,0.14171025,1.0,0.010203138,0.072,0.0,0.0,0.0,0.0,-24.779438,1.8669544,0.62231815,0.23200001,0.0,0.14444943,0.0,0.0
hardzero_only__c0p58__z1p00__lam0p000__nu0p50__psi0p00,0.072,support,38,815,0.0,10,0.2696622,0.2791195,0.2791195,0.88156617,0.13135111,0.13135111,1.0,0.00945728,0.072,0.0,0.0,0.0,0.0,-25.597073,1.9394842,0.64649475,0.23200001,0.0,0.15985817,0.0,0.0
hardzero_only__c0p58__z1p00__lam0p000__nu0p50__psi0p00,0.072,support,38,816,0.0,10,0.2791195,0.28895068,0.28895068,0.86472595,0.13654445,0.13654445,1.0,0.0098312,0.072,0.0,0.0,0.0,0.0,-25.05022,1.9024351,0.634145,0.216,0.0,0.1416748,0.0,0.0
hardzero_only__c0p58__z1p00__lam0p000__nu0p50__psi0p00,0.072,support,38,817,0.0,10,0.28895068,0.2981072,0.2981072,0.89560205,0.12717387,0.12717387,1.0,0.009156519,0.072,0.0,0.0,0.0,0.0,-25.78779,1.9703639,0.656788,0.272,0.0,0.15148908,0.0,0.0
hardzero_only__c0p58__z1p00__lam0p000__nu0p50__psi0p00,0.072,support,38,818,0.0,10,0.2981072,0.30763808,0.30763808,0.87819946,0.13237333,0.13237333,1.0,0.00953088,0.072,0.0,0.0,0.0,0.0,-25.545958,1.9320774,0.6440258,0.216,0.0,0.15523092,0.0,0.0
hardzero_only__c0p58__z1p00__lam0p000__nu0p50__psi0p00,0.072,support,38,819,0.0,10,0.30763808,0.31721783,0.31721783,0.8759783,0.1330521,0.1330521,1.0,0.009579751,0.072,0.0,0.0,0.0,0.0,-25.011826,1.9271907,0.6423969,0.24,0.0,0.15682954,0.0,0.0
hardzero_only__c0p58__z1p00__lam0p000__nu0p50__psi0p00,0.072,support,38,820,0.0,10,0.31721783,0.32631668,0.32631668,0.8983459,0.12637293,0.12637293,1.0,0.009098851,0.072,0.0,0.0,0.0,0.0,-25.857042,1.9764004,0.6588001,0.16000001,0.0,0.157961,0.0,0.0
hardzero_only__c0p58__z1p00__lam0p000__nu0p50__psi0p00,0.072,support,38,821,0.0,10,0.32631668,0.33522782,0.33522782,0.9073996,0.12376573,0.12376573,1.0,0.008911132,0.072,0.0,0.0,0.0,0.0,-25.817572,1.9963189,0.66543967,0.192,0.0,0.17514573,0.0,0.0
hardzero_only__c0p58__z1p00__lam0p000__nu0p50__psi0p00,0.072,support,38,822,0.0,10,0.33522782,0.34387547,0.34387547,0.92043436,0.12010625,0.12010625,1.0,0.00864765,0.072,0.0,0.0,0.0,0.0,-25.635294,2.024996,0.6749987,0.192,0.0,0.15429223,0.0,0.0
hardzero_only__c0p58__z1p00__lam0p000__nu0p50__psi0p00,0.072,support,38,823,0.0,10,0.34387547,0.3535086,0.3535086,0.87356555,0.13379331,0.13379331,1.0,0.009633118,0.072,0.0,0.0,0.0,0.0,-24.999928,1.9218826,0.64062756,0.17600001,0.0,0.15088736,0.0,0.0
hardzero_only__c0p58__z1p00__lam0p000__nu0p50__psi0p00,0.072,support,38,824,0.0,10,0.3535086,0.36304784,0.36304784,0.87781894,0.13248938,0.13248938,1.0,0.009539235,0.072,0.0,0.0,0.0,0.0,-25.79465,1.9312402,0.64374673,0.224,0.0,0.16359095,0.0,0.0
hardzero_only__c0p58__z1p00__lam0p000__nu0p50__psi0p00,0.072,support,38,825,0.0,10,0.36304784,0.37166482,0.37166482,0.9219771,0.11968036,0.11968036,1.0,0.008616986,0.072,0.0,0.0,0.0,0.0,-26.393915,2.0283902,0.67613006,0.24000001,0.0,0.16087072,0.0,0.0
hardzero_only__c0p58__z1p00__lam0p000__nu0p50__psi0p00,0.072,support,38,826,0.0,10,0.37166482,0.38118568,0.38118568,0.87865615,0.13223423,0.13223423,1.0,0.009520864,0.072,0.0,0.0,0.0,0.0,-25.546839,1.9330821,0.6443607,0.272,0.0,0.16122404,0.0,0.0
hardzero_only__c0p58__z1p00__lam0p000__nu0p50__psi0p00,0.072,support,38,827,0.0,10,0.38118568,0.39133114,0.39133114,0.8510609,0.1409091,0.1409091,1.0,0.010145456,0.072,0.0,0.0,0.0,0.0,-25.013714,1.8723714,0.6241238,0.224,0.0,0.16572256,0.0,0.0
hardzero_only__c0p58__z1p00__lam0p000__nu0p50__psi0p00,0.072,support,38,828,0.0,10,0.39133114,0.3999646,0.3999646,0.9211468,0.11990939,0.11990939,1.0,0.008633476,0.072,0.0,0.0,0.0,0.0,-25.814293,2.0265634,0.67552114,0.256,0.0,0.16091014,0.0,0.0
hardzero_only__c0p58__z1p00__lam0p000__nu0p50__psi0p00,0.072,support,38,829,0.0,10,0.3999646,0.40897065,0.40897065,0.90279865,0.1250839,0.1250839,1.0,0.00900604,0.072,0.0,0.0,0.0,0.0,-25.7398,1.9861966,0.66206557,0.216,0.0,0.15072154,0.0,0.0
hardzero_only__c0p58__z1p00__lam0p000__nu0p50__psi0p00,0.072,support,38,830,0.0,10,0.40897065,0.4187612,0.4187612,0.8665258,0.13597973,0.13597973,1.0,0.00979054,0.072,0.0,0.0,0.0,0.0,-26.098852,1.9063948,0.63546497,0.216,0.0,0.16415347,0.0,0.0
hardzero_only__c0p58__z1p00__lam0p000__nu0p50__psi0p00,0.072,support,38,831,0.0,10,0.4187612,0.42838162,0.42838162,0.87413853,0.13361694,0.13361694,1.0,0.009620419,0.072,0.0,0.0,0.0,0.0,-25.51525,1.9231431,0.6410477,0.224,0.0,0.15267944,0.0,0.0
hardzero_only__c0p58__z1p00__lam0p000__nu0p50__psi0p00,0.072,support,38,832,0.0,10,0.42838162,0.43776593,0.43776593,0.88493055,0.1303375,0.1303375,1.0,0.0093843,0.072,0.0,0.0,0.0,0.0,-25.67009,1.9468861,0.648962,0.26,0.0,0.15736723,0.0,0.0
hardzero_only__c0p58__z1p00__lam0p000__nu0p50__psi0p00,0.072,support,38,833,0.0,10,0.43776593,0.4469592,0.4469592,0.89386284,0.12768419,0.12768419,1.0,0.009193261,0.072,0.0,0.0,0.0,0.0,-26.527822,1.9665375,0.6555125,0.18400002,0.0,0.1693866,0.0,0.0
hardzero_only__c0p58__z1p00__lam0p000__nu0p50__psi0p00,0.072,support,38,834,0.0,10,0.4469592,0.4559122,0.4559122,0.9053641,0.124347165,0.124347165,1.0,0.008952996,0.072,0.0,0.0,0.0,0.0,-25.36852,1.9918407,0.6639469,0.17600001,0.0,0.15212314,0.0,0.0
hardzero_only__c0p58__z1p00__lam0p000__nu0p50__psi0p00,0.072,support,38,835,0.0,10,0.4559122,0.46610546,0.46610546,0.84901905,0.14157316,0.14157316,1.0,0.010193267,0.072,0.0,0.0,0.0,0.0,-24.860287,1.8678792,0.6226264,0.224,0.0,0.16287212,0.0,0.0
hardzero_only__c0p58__z1p00__lam0p000__nu0p50__psi0p00,0.072,support,38,836,0.0,10,0.46610546,0.47486877,0.47486877,0.91466475,0.12171251,0.12171251,1.0,0.0087633,0.072,0.0,0.0,0.0,0.0,-26.002825,2.0123026,0.67076755,0.14400001,0.0,0.1626434,0.0,0.0
hardzero_only__c0p58__z1p00__lam0p000__nu0p50__psi0p00,0.072,support,38,837,0.0,10,0.47486877,0.48501182,0.48501182,0.85116434,0.14087556,0.14087556,1.0,0.01014304,0.072,0.0,0.0,0.0,0.0,-24.473364,1.872599,0.6241997,0.17600001,0.0,0.1488773,0.0,0.0
hardzero_only__c0p58__z1p00__lam0p000__nu0p50__psi0p00,0.072,support,38,838,0.0,10,0.48501182,0.49356192,0.49356192,0.92536163,0.11875129,0.11875129,1.0,0.008550093,0.072,0.0,0.0,0.0,0.0,-26.705313,2.0358362,0.6786121,0.2,0.0,0.18275282,0.0,0.0
hardzero_only__c0p58__z1p00__lam0p000__nu0p50__psi0p00,0.072,support,38,839,0.0,10,0.49356192,0.5036078,0.5036078,0.85534495,0.13952596,0.13952596,1.0,0.010045869,0.072,0.0,0.0,0.0,0.0,-24.913153,1.8817965,0.6272655,0.24800001,0.0,0.15796342,0.0,0.0
hardzero_only__c0p58__z1p00__lam0p000__nu0p50__psi0p00,0.072,support,38,840,0.0,10,0.5036078,0.5131581,0.5131581,0.8773175,0.13264245,0.13264245,1.0,0.009550256,0.072,0.0,0.0,0.0,0.0,-25.736115,1.930137,0.64337903,0.264,0.0,0.1542887,0.0,0.0
hardzero_only__c0p58__z1p00__lam0p000__nu0p50__psi0p00,0.072,support,38,841,0.0,10,0.5131581,0.5217504,0.5217504,0.92322326,0.11933745,0.11933745,1.0,0.008592295,0.072,0.0,0.0,0.0,0.0,-26.149664,2.0311317,0.6770439,0.192,0.0,0.16131306,0.0,0.0
hardzero_only__c0p58__z1p00__lam0p000__nu0p50__psi0p00,0.072,support,38,842,0.0,10,0.5217504,0.5306973,0.5306973,0.9056597,0.12426258,0.12426258,1.0,0.008946905,0.072,0.0,0.0,0.0,0.0,-25.48005,1.992491,0.6641637,0.14400001,0.0,0.15416014,0.0,0.0
hardzero_only__c0p58__z1p00__lam0p000__nu0p50__psi0p00,0.072,support,38,843,0.0,10,0.5306973,0.5405082,0.5405082,0.8656214,0.13626319,0.13626319,1.0,0.00981095,0.072,0.0,0.0,0.0,0.0,-24.734425,1.9044051,0.63480175,0.208,0.0,0.14597067,0.0,0.0
hardzero_only__c0p58__z1p00__lam0p000__nu0p50__psi0p00,0.072,support,38,844,0.0,10,0.5405082,0.54968,0.54968,0.89487976,0.12738557,0.12738557,1.0,0.009171761,0.072,0.0,0.0,0.0,0.0,-25.007252,1.9687748,0.6562583,0.208,0.0,0.17369421,0.0,0.0
hardzero_only__c0p58__z1p00__lam0p000__nu0p50__psi0p00,0.072,support,38,845,0.0,10,0.54968,0.55821335,0.55821335,0.9262115,0.11851916,0.11851916,1.0,0.008533379,0.072,0.0,0.0,0.0,0.0,-25.342377,2.037706,0.67923534,0.14,0.0,0.14797099,0.0,0.0
hardzero_only__c0p58__z1p00__lam0p000__nu0p50__psi0p00,0.072,support,38,846,0.0,10,0.55821335,0.56747234,0.56747234,0.8907695,0.1285969,0.1285969,1.0,0.009258976,0.072,0.0,0.0,0.0,0.0,-26.104599,1.9597319,0.653244,0.224,0.0,0.18070805,0.0,0.0
hardzero_only__c0p58__z1p00__lam0p000__nu0p50__psi0p00,0.072,support,38,847,0.0,10,0.56747234,0.5772296,0.5772296,0.86800283,0.13551806,0.13551806,1.0,0.0097573,0.072,0.0,0.0,0.0,0.0,-25.576067,1.9096444,0.63654816,0.24000001,0.0,0.1534047,0.0,0.0
hardzero_only__c0p58__z1p00__lam0p000__nu0p50__psi0p00,0.072,support,38,848,0.0,10,0.5772296,0.5863427,0.5863427,0.89766735,0.12657052,0.12657052,1.0,0.009113077,0.072,0.0,0.0,0.0,0.0,-25.894028,1.9749076,0.65830255,0.216,0.0,0.18084961,0.0,0.0
hardzero_only__c0p58__z1p00__lam0p000__nu0p50__psi0p00,0.072,support,38,849,1.0,11,0.5863427,0.015622917,0.015622917,0.88977474,0.12889178,0.12889178,1.0,0.009280208,0.072,0.0,0.0,0.0,0.0,-25.28934,1.9575435,0.6525145,0.256,0.0,0.13946445,0.0,0.0
hardzero_only__c0p58__z1p00__lam0p000__nu0p50__psi0p00,0.072,support,38,850,0.0,11,0.015622917,0.024768155,0.024768155,0.8961374,0.12701721,0.12701721,1.0,0.009145239,0.072,0.0,0.0,0.0,0.0,-26.077448,1.9715416,0.65718055,0.17600001,0.0,0.18151289,0.0,0.0
hardzero_only__c0p58__z1p00__lam0p000__nu0p50__psi0p00,0.072,support,38,851,0.0,11,0.024768155,0.034605905,0.034605905,0.8644367,0.13663542,0.13663542,1.0,0.00983775,0.072,0.0,0.0,0.0,0.0,-25.271873,1.9017987,0.63393295,0.224,0.0,0.1741521,0.0,0.0
hardzero_only__c0p58__z1p00__lam0p000__nu0p50__psi0p00,0.072,support,38,852,0.0,11,0.034605905,0.0444911,0.0444911,0.8623472,0.1372944,0.1372944,1.0,0.009885197,0.072,0.0,0.0,0.0,0.0,-24.83296,1.8972017,0.6324006,0.28,0.0,0.15663959,0.0,0.0
hardzero_only__c0p58__z1p00__lam0p000__nu0p50__psi0p00,0.072,support,38,853,0.0,11,0.0444911,0.053674277,0.053674277,0.8943396,0.1275441,0.1275441,1.0,0.009183175,0.072,0.0,0.0,0.0,0.0,-25.433039,1.9675865,0.6558622,0.18400002,0.0,0.14837258,0.0,0.0
hardzero_only__c0p58__z1p00__lam0p000__nu0p50__psi0p00,0.072,support,38,854,0.0,11,0.053674277,0.06261848,0.06261848,0.90579075,0.12422507,0.12422507,1.0,0.008944205,0.072,0.0,0.0,0.0,0.0,-25.595762,1.9927794,0.6642598,0.208,0.0,0.17312825,0.0,0.0
hardzero_only__c0p58__z1p00__lam0p000__nu0p50__psi0p00,0.072,support,38,855,0.0,11,0.06261848,0.07255857,0.07255857,0.85994244,0.13805673,0.13805673,1.0,0.009940084,0.072,0.0,0.0,0.0,0.0,-24.683704,1.8919111,0.63063705,0.24000001,0.0,0.18941768,0.0,0.0
hardzero_only__c0p58__z1p00__lam0p000__nu0p50__psi0p00,0.072,support,38,856,0.0,11,0.07255857,0.08298829,0.08298829,0.83905953,0.14485732,0.14485732,1.0,0.010429726,0.072,0.0,0.0,0.0,0.0,-25.086622,1.8459679,0.61532265,0.224,0.0,0.1784971,0.0,0.0
hardzero_only__c0p58__z1p00__lam0p000__nu0p50__psi0p00,0.072,support,38,857,0.0,11,0.08298829,0.09321524,0.09321524,0.84758633,0.14204098,0.14204098,1.0,0.01022695,0.072,0.0,0.0,0.0,0.0,-24.447493,1.8647271,0.6215757,0.224,0.0,0.17293513,0.0,0.0
hardzero_only__c0p58__z1p00__lam0p000__nu0p50__psi0p00,0.072,support,38,858,0.0,11,0.09321524,0.102461636,0.102461636,0.8913601,0.12842213,0.12842213,1.0,0.009246393,0.072,0.0,0.0,0.0,0.0,-25.671083,1.9610314,0.65367717,0.14999999,0.0,0.1535913,0.0,0.0
hardzero_only__c0p58__z1p00__lam0p000__nu0p50__psi0p00,0.072,support,38,859,0.0,11,0.102461636,0.11185928,0.11185928,0.88431364,0.13052279,0.13052279,1.0,0.00939764,0.072,0.0,0.0,0.0,0.0,-25.23774,1.9455289,0.6485096,0.2,0.0,0.18090922,0.0,0.0
hardzero_only__c0p58__z1p00__lam0p000__nu0p50__psi0p00,0.072,support,38,860,0.0,11,0.11185928,0.12161376,0.12161376,0.8681282,0.13547894,0.13547894,1.0,0.009754484,0.072,0.0,0.0,0.0,0.0,-24.655478,1.9099201,0.6366401,0.120000005,0.0,0.16097039,0.0,0.0
hardzero_only__c0p58__z1p00__lam0p000__nu0p50__psi0p00,0.072,support,38,861,0.0,11,0.12161376,0.13089542,0.13089542,0.8897071,0.12891185,0.12891185,1.0,0.009281653,0.072,0.0,0.0,0.0,0.0,-25.643372,1.9573947,0.6524649,0.23200001,0.008,0.1740439,0.0,0.0
hardzero_only__c0p58__z1p00__lam0p000__nu0p50__psi0p00,0.072,support,38,862,0.0,11,0.13089542,0.14071724,0.14071724,0.8651403,0.13641423,0.13641423,1.0,0.009821824,0.072,0.0,0.0,0.0,0.0,-25.0321,1.9033467,0.6344489,0.18400002,0.0,0.19350617,0.0,0.0
hardzero_only__c0p58__z1p00__lam0p000__nu0p50__psi0p00,0.072,support,38,863,0.0,11,0.14071724,0.15120955,0.15120955,0.8364615,0.1457265,0.1457265,1.0,0.010492308,0.072,0.0,0.0,0.0,0.0,-26.026884,1.840252,0.6134174,0.28800002,0.0,0.17657167,0.0,0.0
hardzero_only__c0p58__z1p00__lam0p000__nu0p50__psi0p00,0.072,support,38,864,0.0,11,0.15120955,0.15978304,0.15978304,0.92417496,0.11907622,0.11907622,1.0,0.008573487,0.072,0.0,0.0,0.0,0.0,-26.83008,2.0332255,0.6777419,0.112,0.0,0.1640207,0.0,0.0
hardzero_only__c0p58__z1p00__lam0p000__nu0p50__psi0p00,0.072,support,38,865,0.0,11,0.15978304,0.1698834,0.1698834,0.8529954,0.14028285,0.14028285,1.0,0.010100365,0.072,0.0,0.0,0.0,0.0,-24.5027,1.8766273,0.62554246,0.208,0.0,0.16148166,0.0,0.0
hardzero_only__c0p58__z1p00__lam0p000__nu0p50__psi0p00,0.072,support,38,866,0.0,11,0.1698834,0.1801765,0.1801765,0.84478647,0.14295967,0.14295967,1.0,0.010293095,0.072,0.0,0.0,0.0,0.0,-24.438793,1.8585674,0.61952245,0.17600001,0.0,0.17115481,0.0,0.0
hardzero_only__c0p58__z1p00__lam0p000__nu0p50__psi0p00,0.072,support,38,867,0.0,11,0.1801765,0.19000712,0.19000712,0.86475164,0.13653637,0.13653637,1.0,0.009830618,0.072,0.0,0.0,0.0,0.0,-24.892107,1.9024916,0.63416386,0.23200001,0.0,0.1539738,0.0,0.0
hardzero_only__c0p58__z1p00__lam0p000__nu0p50__psi0p00,0.072,support,38,868,0.0,11,0.19000712,0.20093217,0.20093217,0.8189088,0.1517369,0.1517369,1.0,0.010925056,0.072,0.0,0.0,0.0,0.0,-24.768354,1.8016354,0.60054517,0.24800001,0.0,0.15855409,0.0,0.0
hardzero_only__c0p58__z1p00__lam0p000__nu0p50__psi0p00,0.072,support,38,869,0.0,11,0.20093217,0.21125606,0.21125606,0.8434896,0.1433872,0.1433872,1.0,0.010323877,0.072,0.0,0.0,0.0,0.0,-24.580442,1.8557141,0.6185714,0.23200001,0.008,0.15878583,0.0,0.0
hardzero_only__c0p58__z1p00__lam0p000__nu0p50__psi0p00,0.072,support,38,870,0.0,11,0.21125606,0.2203114,0.2203114,0.9004277,0.12576863,0.12576863,1.0,0.009055341,0.072,0.0,0.0,0.0,0.0,-26.204573,1.9809805,0.66032684,0.18400002,0.0,0.18325931,0.0,0.0
hardzero_only__c0p58__z1p00__lam0p000__nu0p50__psi0p00,0.072,support,38,871,0.0,11,0.2203114,0.23067145,0.23067145,0.84197074,0.14388956,0.14388956,1.0,0.010360048,0.072,0.0,0.0,0.0,0.0,-25.325615,1.8523726,0.61745757,0.14999999,0.0,0.17538509,0.0,0.0
hardzero_only__c0p58__z1p00__lam0p000__nu0p50__psi0p00,0.072,support,38,872,0.0,11,0.23067145,0.24019098,0.24019098,0.8787172,0.13221563,0.13221563,1.0,0.009519525,0.072,0.0,0.0,0.0,0.0,-26.502409,1.9332165,0.6444055,0.16800001,0.0,0.18293121,0.0,0.0
hardzero_only__c0p58__z1p00__lam0p000__nu0p50__psi0p00,0.072,support,38,873,0.0,11,0.24019098,0.24923322,0.24923322,0.90105706,0.12558648,0.12558648,1.0,0.009042226,0.072,0.0,0.0,0.0,0.0,-25.27663,1.9823651,0.6607884,0.23200001,0.0,0.18250169,0.0,0.0
hardzero_only__c0p58__z1p00__lam0p000__nu0p50__psi0p00,0.072,support,38,874,0.0,11,0.24923322,0.25864482,0.25864482,0.883669,0.13071668,0.13071668,1.0,0.0094116,0.072,0.0,0.0,0.0,0.0,-26.4096,1.9441106,0.6480369,0.208,0.0,0.17036033,0.0,0.0
hardzero_only__c0p58__z1p00__lam0p000__nu0p50__psi0p00,0.072,support,38,875,0.0,11,0.25864482,0.26781923,0.26781923,0.8947548,0.12742223,0.12742223,1.0,0.0091744,0.072,0.0,0.0,0.0,0.0,-25.410517,1.9684999,0.6561667,0.136,0.0,0.17725162,0.0,0.0
hardzero_only__c0p58__z1p00__lam0p000__nu0p50__psi0p00,0.072,support,38,876,0.0,11,0.26781923,0.27702275,0.27702275,0.8933786,0.12782665,0.12782665,1.0,0.009203518,0.072,0.0,0.0,0.0,0.0,-26.112814,1.9654722,0.65515745,0.208,0.0,0.16643393,0.0,0.0
hardzero_only__c0p58__z1p00__lam0p000__nu0p50__psi0p00,0.072,support,38,877,0.0,11,0.27702275,0.28776518,0.28776518,0.8262297,0.14920051,0.14920051,1.0,0.010742436,0.072,0.0,0.0,0.0,0.0,-24.779352,1.8177416,0.6059139,0.2,0.0,0.1852524,0.0,0.0
hardzero_only__c0p58__z1p00__lam0p000__nu0p50__psi0p00,0.072,support,38,878,0.0,11,0.28776518,0.29758602,0.29758602,0.86518407,0.13640049,0.13640049,1.0,0.009820835,0.072,0.0,0.0,0.0,0.0,-25.9927,1.903443,0.634481,0.2,0.0,0.17377496,0.0,0.0
hardzero_only__c0p58__z1p00__lam0p000__nu0p50__psi0p00,0.072,support,38,879,0.0,11,0.29758602,0.30749166,0.30749166,0.86144984,0.13757837,0.13757837,1.0,0.009905642,0.072,0.0,0.0,0.0,0.0,-25.819084,1.8952274,0.6317425,0.256,0.0,0.19311349,0.0,0.0
hardzero_only__c0p58__z1p00__lam0p000__nu0p50__psi0p00,0.072,support,38,880,0.0,11,0.30749166,0.31732988,0.31732988,0.86441624,0.13664186,0.13664186,1.0,0.009838213,0.072,0.0,0.0,0.0,0.0,-24.744118,1.9017537,0.6339179,0.216,0.008,0.15050633,0.0,0.0
hardzero_only__c0p58__z1p00__lam0p000__nu0p50__psi0p00,0.072,support,38,881,0.0,11,0.31732988,0.32835367,0.32835367,0.8150011,0.15310837,0.15310837,1.0,0.011023803,0.072,0.0,0.0,0.0,0.0,-23.236952,1.7930381,0.5976794,0.28800002,0.0,0.15244527,0.0,0.0
hardzero_only__c0p58__z1p00__lam0p000__nu0p50__psi0p00,0.072,support,38,882,0.0,11,0.32835367,0.3368529,0.3368529,0.92795265,0.118044935,0.118044935,1.0,0.008499235,0.072,0.0,0.0,0.0,0.0,-26.189653,2.0415366,0.6805122,0.17600001,0.0,0.16003817,0.0,0.0
hardzero_only__c0p58__z1p00__lam0p000__nu0p50__psi0p00,0.072,support,38,883,0.0,11,0.3368529,0.34562442,0.34562442,0.91425836,0.12182646,0.12182646,1.0,0.008771505,0.072,0.0,0.0,0.0,0.0,-25.933655,2.0114086,0.6704695,0.18400002,0.0,0.154084,0.0,0.0
hardzero_only__c0p58__z1p00__lam0p000__nu0p50__psi0p00,0.072,support,38,884,0.0,11,0.34562442,0.35418826,0.35418826,0.92466384,0.11894224,0.11894224,1.0,0.008563841,0.072,0.0,0.0,0.0,0.0,-26.693295,2.034301,0.67810035,0.29,0.0,0.18152013,0.0,0.0
hardzero_only__c0p58__z1p00__lam0p000__nu0p50__psi0p00,0.072,support,38,885,0.0,11,0.35418826,0.3635178,0.3635178,0.8874724,0.12957692,0.12957692,1.0,0.009329538,0.072,0.0,0.0,0.0,0.0,-25.70387,1.9524783,0.6508261,0.14400001,0.0,0.18627764,0.0,0.0
hardzero_only__c0p58__z1p00__lam0p000__nu0p50__psi0p00,0.072,support,38,886,0.0,11,0.3635178,0.3720338,0.3720338,0.92709595,0.11827803,0.11827803,1.0,0.008516017,0.072,0.0,0.0,0.0,0.0,-25.975666,2.0396519,0.67988396,0.192,0.0,0.18143505,0.0,0.0
hardzero_only__c0p58__z1p00__lam0p000__nu0p50__psi0p00,0.072,support,38,887,0.0,11,0.3720338,0.38112387,0.38112387,0.8987649,0.12625106,0.12625106,1.0,0.009090075,0.072,0.0,0.0,0.0,0.0,-25.268333,1.9773223,0.65910745,0.2,0.0,0.17262767,0.0,0.0
hardzero_only__c0p58__z1p00__lam0p000__nu0p50__psi0p00,0.072,support,38,888,0.0,11,0.38112387,0.3904551,0.3904551,0.887394,0.1296003,0.1296003,1.0,0.009331222,0.072,0.0,0.0,0.0,0.0,-26.024376,1.9523058,0.65076864,0.16000001,0.0,0.17505649,0.0,0.0
hardzero_only__c0p58__z1p00__lam0p000__nu0p50__psi0p00,0.072,support,38,889,0.0,11,0.3904551,0.40023038,0.40023038,0.8672036,0.13576768,0.13576768,1.0,0.009775273,0.072,0.0,0.0,0.0,0.0,-25.657091,1.907886,0.635962,0.28800002,0.0,0.17874724,0.0,0.0
hardzero_only__c0p58__z1p00__lam0p000__nu0p50__psi0p00,0.072,support,38,890,0.0,11,0.40023038,0.41004893,0.41004893,0.8652851,0.13636877,0.13636877,1.0,0.009818551,0.072,0.0,0.0,0.0,0.0,-24.93645,1.9036652,0.6345551,0.208,0.0,0.16414002,0.0,0.0
hardzero_only__c0p58__z1p00__lam0p000__nu0p50__psi0p00,0.072,support,38,891,0.0,11,0.41004893,0.41877443,0.41877443,0.91654164,0.121187635,0.121187635,1.0,0.008725509,0.072,0.0,0.0,0.0,0.0,-26.12215,2.0164318,0.67214394,0.24800001,0.008,0.21944834,0.0,0.0
hardzero_only__c0p58__z1p00__lam0p000__nu0p50__psi0p00,0.072,support,38,892,0.0,11,0.41877443,0.4288981,0.4288981,0.851995,0.14060637,0.14060637,1.0,0.010123659,0.072,0.0,0.0,0.0,0.0,-26.136086,1.8744264,0.6248088,0.24000001,0.0,0.18434459,0.0,0.0
hardzero_only__c0p58__z1p00__lam0p000__nu0p50__psi0p00,0.072,support,38,893,0.0,11,0.4288981,0.43898904,0.43898904,0.8534012,0.14015184,0.14015184,1.0,0.010090932,0.072,0.0,0.0,0.0,0.0,-25.328667,1.8775201,0.62584007,0.18400002,0.0,0.17637068,0.0,0.0
hardzero_only__c0p58__z1p00__lam0p000__nu0p50__psi0p00,0.072,support,38,894,0.0,11,0.43898904,0.44859084,0.44859084,0.87497914,0.13335854,0.13335854,1.0,0.009601815,0.072,0.0,0.0,0.0,0.0,-25.270979,1.9249926,0.6416642,0.256,0.0,0.16996394,0.0,0.0
hardzero_only__c0p58__z1p00__lam0p000__nu0p50__psi0p00,0.072,support,38,895,0.0,11,0.44859084,0.45875886,0.45875886,0.8500963,0.14122245,0.14122245,1.0,0.010168016,0.072,0.0,0.0,0.0,0.0,-24.437525,1.8702492,0.6234164,0.264,0.0,0.14468002,0.0,0.0
hardzero_only__c0p58__z1p00__lam0p000__nu0p50__psi0p00,0.072,support,38,896,0.0,11,0.45875886,0.46809182,0.46809182,0.8873128,0.12962453,0.12962453,1.0,0.009332966,0.072,0.0,0.0,0.0,0.0,-25.474958,1.9521272,0.6507091,0.2,0.0,0.19501483,0.0,0.0
hardzero_only__c0p58__z1p00__lam0p000__nu0p50__psi0p00,0.072,support,38,897,0.0,11,0.46809182,0.47777268,0.47777268,0.87141806,0.13445653,0.13445653,1.0,0.00968087,0.072,0.0,0.0,0.0,0.0,-25.147709,1.917158,0.6390527,0.26,0.0,0.15896663,0.0,0.0
hardzero_only__c0p58__z1p00__lam0p000__nu0p50__psi0p00,0.072,support,38,898,0.0,11,0.47777268,0.4869662,0.4869662,0.8938507,0.12768778,0.12768778,1.0,0.00919352,0.072,0.0,0.0,0.0,0.0,-25.278059,1.9665108,0.65550363,0.2,0.0,0.17527759,0.0,0.0
hardzero_only__c0p58__z1p00__lam0p000__nu0p50__psi0p00,0.072,support,38,899,0.0,11,0.4869662,0.49715573,0.49715573,0.8491788,0.1415211,0.1415211,1.0,0.010189518,0.072,0.0,0.0,0.0,0.0,-24.709536,1.8682307,0.6227436,0.24800001,0.0,0.15822315,0.0,0.0
hardzero_only__c0p58__z1p00__lam0p000__nu0p50__psi0p00,0.072,support,38,900,0.0,11,0.49715573,0.50610286,0.50610286,0.9056488,0.124265656,0.124265656,1.0,0.008947127,0.072,0.0,0.0,0.0,0.0,-25.461348,1.9924672,0.6641557,0.17600001,0.0,0.15448667,0.0,0.0
hardzero_only__c0p58__z1p00__lam0p000__nu0p50__psi0p00,0.072,support,38,901,0.0,11,0.50610286,0.5160003,0.5160003,0.86181027,0.13746424,0.13746424,1.0,0.009897425,0.072,0.0,0.0,0.0,0.0,-25.705322,1.8960204,0.6320068,0.30400002,0.0,0.17388105,0.0,0.0
hardzero_only__c0p58__z1p00__lam0p000__nu0p50__psi0p00,0.072,support,38,902,0.0,11,0.5160003,0.5249969,0.5249969,0.9032545,0.12495266,0.12495266,1.0,0.008996591,0.072,0.0,0.0,0.0,0.0,-25.752193,1.9871995,0.6623999,0.16800001,0.0,0.17820409,0.0,0.0
hardzero_only__c0p58__z1p00__lam0p000__nu0p50__psi0p00,0.072,support,38,903,0.0,11,0.5249969,0.53569245,0.53569245,0.8281286,0.14854959,0.14854959,1.0,0.01069557,0.072,0.0,0.0,0.0,0.0,-24.474068,1.8219192,0.6073064,0.216,0.0,0.15564133,0.0,0.0
hardzero_only__c0p58__z1p00__lam0p000__nu0p50__psi0p00,0.072,support,38,904,0.0,11,0.53569245,0.54603004,0.54603004,0.84291303,0.1435777,0.1435777,1.0,0.010337594,0.072,0.0,0.0,0.0,0.0,-25.020365,1.8544457,0.61814857,0.216,0.0,0.1709786,0.0,0.0
hardzero_only__c0p58__z1p00__lam0p000__nu0p50__psi0p00,0.072,support,38,905,0.0,11,0.54603004,0.5549644,0.5549644,0.90626687,0.124088936,0.124088936,1.0,0.008934403,0.072,0.0,0.0,0.0,0.0,-26.093565,1.9938269,0.66460896,0.136,0.0,0.17155975,0.0,0.0
hardzero_only__c0p58__z1p00__lam0p000__nu0p50__psi0p00,0.072,support,38,906,0.0,11,0.5549644,0.5651331,0.5651331,0.8500683,0.14123154,0.14123154,1.0,0.010168671,0.072,0.0,0.0,0.0,0.0,-25.19391,1.8701875,0.62339586,0.224,0.0,0.1583909,0.0,0.0
hardzero_only__c0p58__z1p00__lam0p000__nu0p50__psi0p00,0.072,support,38,907,0.0,11,0.5651331,0.575123,0.575123,0.85777056,0.13874885,0.13874885,1.0,0.009989917,0.072,0.0,0.0,0.0,0.0,-24.663399,1.8871329,0.6290443,0.224,0.0,0.16770327,0.0,0.0
hardzero_only__c0p58__z1p00__lam0p000__nu0p50__psi0p00,0.072,support,38,908,0.0,11,0.575123,0.5840486,0.5840486,0.90669554,0.12396651,0.12396651,1.0,0.008925588,0.072,0.0,0.0,0.0,0.0,-26.23644,1.99477,0.66492337,0.192,0.0,0.18162723,0.0,0.0
hardzero_only__c0p58__z1p00__lam0p000__nu0p50__psi0p00,0.072,support,38,909,1.0,12,0.5840486,0.014155754,0.014155754,0.85270554,0.14037651,0.14037651,1.0,0.010107108,0.072,0.0,0.0,0.0,0.0,-25.04063,1.8759897,0.6253299,0.18400002,0.0,0.1553348,0.0,0.0
hardzero_only__c0p58__z1p00__lam0p000__nu0p50__psi0p00,0.072,support,38,910,0.0,12,0.014155754,0.024355277,0.024355277,0.84875256,0.14166006,0.14166006,1.0,0.010199524,0.072,0.0,0.0,0.0,0.0,-24.742601,1.8672929,0.622431,0.22,0.0,0.15837464,0.0,0.0
hardzero_only__c0p58__z1p00__lam0p000__nu0p50__psi0p00,0.072,support,38,911,0.0,12,0.024355277,0.034470163,0.034470163,0.8523715,0.14048453,0.14048453,1.0,0.010114886,0.072,0.0,0.0,0.0,0.0,-25.53049,1.8752548,0.62508494,0.28,0.0,0.19443145,0.0,0.0
hardzero_only__c0p58__z1p00__lam0p000__nu0p50__psi0p00,0.072,support,38,912,0.0,12,0.034470163,0.04393484,0.04393484,0.88122666,0.13145386,0.13145386,1.0,0.009464677,0.072,0.0,0.0,0.0,0.0,-25.115898,1.9387374,0.64624584,0.208,0.0,0.19119176,0.0,0.0
hardzero_only__c0p58__z1p00__lam0p000__nu0p50__psi0p00,0.072,support,38,913,0.0,12,0.04393484,0.053774133,0.053774133,0.8643686,0.13665684,0.13665684,1.0,0.009839292,0.072,0.0,0.0,0.0,0.0,-24.800821,1.9016489,0.633883,0.312,0.0,0.19641222,0.0,0.0
hardzero_only__c0p58__z1p00__lam0p000__nu0p50__psi0p00,0.072,support,38,914,0.0,12,0.053774133,0.062656015,0.062656015,0.9088275,0.12335948,0.12335948,1.0,0.008881882,0.072,0.0,0.0,0.0,0.0,-26.00833,1.9994603,0.6664868,0.16000001,0.0,0.18467997,0.0,0.0
hardzero_only__c0p58__z1p00__lam0p000__nu0p50__psi0p00,0.072,support,38,915,0.0,12,0.062656015,0.07156549,0.07156549,0.90748054,0.123742655,0.123742655,1.0,0.00890947,0.072,0.0,0.0,0.0,0.0,-25.476364,1.996497,0.66549903,0.14400001,0.0,0.18603212,0.0,0.0
hardzero_only__c0p58__z1p00__lam0p000__nu0p50__psi0p00,0.072,support,38,916,0.0,12,0.07156549,0.08237429,0.08237429,0.8235547,0.15012231,0.15012231,1.0,0.010808806,0.072,0.0,0.0,0.0,0.0,-24.063618,1.8118565,0.60395217,0.208,0.0,0.1899675,0.0,0.0
hardzero_only__c0p58__z1p00__lam0p000__nu0p50__psi0p00,0.072,support,38,917,0.0,12,0.08237429,0.09177176,0.09177176,0.8843216,0.13052039,0.13052039,1.0,0.009397468,0.072,0.0,0.0,0.0,0.0,-25.846325,1.9455463,0.64851546,0.224,0.0,0.20714664,0.0,0.0
hardzero_only__c0p58__z1p00__lam0p000__nu0p50__psi0p00,0.072,support,38,918,0.0,12,0.09177176,0.10077093,0.10077093,0.9031301,0.12498844,0.12498844,1.0,0.008999167,0.072,0.0,0.0,0.0,0.0,-26.095955,1.986926,0.6623087,0.23200001,0.0,0.18735968,0.0,0.0
hardzero_only__c0p58__z1p00__lam0p000__nu0p50__psi0p00,0.072,support,38,919,0.0,12,0.10077093,0.110790126,0.110790126,0.8564996,0.13915549,0.13915549,1.0,0.010019195,0.072,0.0,0.0,0.0,0.0,-25.243793,1.8843367,0.62811226,0.256,0.008,0.18332604,0.0,0.0
hardzero_only__c0p58__z1p00__lam0p000__nu0p50__psi0p00,0.072,support,38,920,0.0,12,0.110790126,0.11965931,0.11965931,0.90944856,0.123183176,0.123183176,1.0,0.008869188,0.072,0.0,0.0,0.0,0.0,-25.865877,2.0008268,0.6669423,0.16800001,0.0,0.20894288,0.0,0.0
hardzero_only__c0p58__z1p00__lam0p000__nu0p50__psi0p00,0.072,support,38,921,0.0,12,0.11965931,0.13081427,0.13081427,0.8098643,0.15493006,0.15493006,1.0,0.011154964,0.072,0.0,0.0,0.0,0.0,-24.09353,1.781737,0.59391236,0.24800001,0.0,0.17369881,0.0,0.0
hardzero_only__c0p58__z1p00__lam0p000__nu0p50__psi0p00,0.072,support,38,922,0.0,12,0.13081427,0.1401245,0.1401245,0.88837206,0.12930876,0.12930876,1.0,0.009310231,0.072,0.0,0.0,0.0,0.0,-25.692802,1.9544575,0.65148586,0.2,0.0,0.19508749,0.0,0.0
hardzero_only__c0p58__z1p00__lam0p000__nu0p50__psi0p00,0.072,support,38,923,0.0,12,0.1401245,0.15004958,0.15004958,0.8605982,0.13784842,0.13784842,1.0,0.009925086,0.072,0.0,0.0,0.0,0.0,-25.25605,1.8933538,0.63111794,0.22999999,0.0,0.16637021,0.0,0.0
hardzero_only__c0p58__z1p00__lam0p000__nu0p50__psi0p00,0.072,support,38,924,0.0,12,0.15004958,0.16035746,0.16035746,0.84416294,0.14316507,0.14316507,1.0,0.010307885,0.072,0.0,0.0,0.0,0.0,-24.368294,1.8571956,0.6190652,0.296,0.008,0.20313582,0.0,0.0
hardzero_only__c0p58__z1p00__lam0p000__nu0p50__psi0p00,0.072,support,38,925,0.0,12,0.16035746,0.17028731,0.17028731,0.8603898,0.13791458,0.13791458,1.0,0.00992985,0.072,0.0,0.0,0.0,0.0,-25.346972,1.8928955,0.6309652,0.192,0.0,0.19049889,0.0,0.0
hardzero_only__c0p58__z1p00__lam0p000__nu0p50__psi0p00,0.072,support,38,926,0.0,12,0.17028731,0.18012762,0.18012762,0.8643235,0.13667102,0.13667102,1.0,0.009840313,0.072,0.0,0.0,0.0,0.0,-24.630733,1.9015497,0.6338499,0.256,0.0,0.17028679,0.0,0.0
hardzero_only__c0p58__z1p00__lam0p000__nu0p50__psi0p00,0.072,support,38,927,0.0,12,0.18012762,0.19073538,0.19073538,0.83170867,0.14733005,0.14733005,1.0,0.010607763,0.072,0.0,0.0,0.0,0.0,-23.986177,1.8297956,0.6099319,0.23200001,0.0,0.16745152,0.0,0.0
hardzero_only__c0p58__z1p00__lam0p000__nu0p50__psi0p00,0.072,support,38,928,0.0,12,0.19073538,0.2010819,0.2010819,0.8425381,0.14370169,0.14370169,1.0,0.010346521,0.072,0.0,0.0,0.0,0.0,-25.171474,1.8536209,0.61787367,0.24800001,0.0,0.19258794,0.0,0.0
hardzero_only__c0p58__z1p00__lam0p000__nu0p50__psi0p00,0.072,support,38,929,0.0,12,0.2010819,0.2107361,0.2107361,0.87261647,0.13408601,0.13408601,1.0,0.009654192,0.072,0.0,0.0,0.0,0.0,-24.381071,1.9197946,0.63993156,0.2,0.008,0.16730627,0.0,0.0
hardzero_only__c0p58__z1p00__lam0p000__nu0p50__psi0p00,0.072,support,38,930,0.0,12,0.2107361,0.22033627,0.22033627,0.87505317,0.1333358,0.1333358,1.0,0.009600177,0.072,0.0,0.0,0.0,0.0,-25.43227,1.9251554,0.6417185,0.2,0.0,0.20738584,0.0,0.0
hardzero_only__c0p58__z1p00__lam0p000__nu0p50__psi0p00,0.072,support,38,931,0.0,12,0.22033627,0.23027429,0.23027429,0.86003274,0.13802801,0.13802801,1.0,0.0099380165,0.072,0.0,0.0,0.0,0.0,-25.26806,1.8921098,0.6307033,0.208,0.0,0.18733402,0.0,0.0
hardzero_only__c0p58__z1p00__lam0p000__nu0p50__psi0p00,0.072,support,38,932,0.0,12,0.23027429,0.24072579,0.24072579,0.8381543,0.14515957,0.14515957,1.0,0.010451489,0.072,0.0,0.0,0.0,0.0,-24.65579,1.8439764,0.61465883,0.24000001,0.0,0.17180702,0.0,0.0
hardzero_only__c0p58__z1p00__lam0p000__nu0p50__psi0p00,0.072,support,38,933,0.0,12,0.24072579,0.25134373,0.25134373,0.83129257,0.14747128,0.14747128,1.0,0.010617931,0.072,0.0,0.0,0.0,0.0,-24.769394,1.8288802,0.60962677,0.272,0.0,0.18221088,0.0,0.0
hardzero_only__c0p58__z1p00__lam0p000__nu0p50__psi0p00,0.072,support,38,934,0.0,12,0.25134373,0.26040724,0.26040724,0.9000362,0.12588203,0.12588203,1.0,0.009063506,0.072,0.0,0.0,0.0,0.0,-26.10555,1.9801192,0.6600398,0.24000001,0.0,0.2067962,0.0,0.0
hardzero_only__c0p58__z1p00__lam0p000__nu0p50__psi0p00,0.072,support,38,935,0.0,12,0.26040724,0.2707289,0.2707289,0.84358406,0.14335603,0.14335603,1.0,0.010321633,0.072,0.0,0.0,0.0,0.0,-24.294546,1.855922,0.61864066,0.24000001,0.0,0.17087615,0.0,0.0
hardzero_only__c0p58__z1p00__lam0p000__nu0p50__psi0p00,0.072,support,38,936,0.0,12,0.2707289,0.28071418,0.28071418,0.8579711,0.13868481,0.13868481,1.0,0.009985305,0.072,0.0,0.0,0.0,0.0,-24.970654,1.8875741,0.6291914,0.22,0.0,0.17885798,0.0,0.0
hardzero_only__c0p58__z1p00__lam0p000__nu0p50__psi0p00,0.072,support,38,937,0.0,12,0.28071418,0.29048112,0.29048112,0.86757386,0.13565198,0.13565198,1.0,0.009766942,0.072,0.0,0.0,0.0,0.0,-24.439035,1.9087006,0.63623357,0.2,0.0,0.14856194,0.0,0.0
hardzero_only__c0p58__z1p00__lam0p000__nu0p50__psi0p00,0.072,support,38,938,0.0,12,0.29048112,0.29998648,0.29998648,0.8793632,0.1320191,0.1320191,1.0,0.009505375,0.072,0.0,0.0,0.0,0.0,-25.41074,1.9346377,0.6448792,0.2,0.0,0.18528718,0.0,0.0
hardzero_only__c0p58__z1p00__lam0p000__nu0p50__psi0p00,0.072,support,38,939,0.0,12,0.29998648,0.3097193,0.3097193,0.8690939,0.13517801,0.13517801,1.0,0.009732816,0.072,0.0,0.0,0.0,0.0,-25.476908,1.9120448,0.6373483,0.23200001,0.0,0.20934425,0.0,0.0
hardzero_only__c0p58__z1p00__lam0p000__nu0p50__psi0p00,0.072,support,38,940,0.0,12,0.3097193,0.31930384,0.31930384,0.8757612,0.13311861,0.13311861,1.0,0.00958454,0.072,0.0,0.0,0.0,0.0,-25.913767,1.9267131,0.6422377,0.23200001,0.0,0.19803402,0.0,0.0
hardzero_only__c0p58__z1p00__lam0p000__nu0p50__psi0p00,0.072,support,38,941,0.0,12,0.31930384,0.32934305,0.32934305,0.85563225,0.13943368,0.13943368,1.0,0.010039224,0.072,0.0,0.0,0.0,0.0,-24.743265,1.8824285,0.6274762,0.264,0.0,0.20601253,0.0,0.0
hardzero_only__c0p58__z1p00__lam0p000__nu0p50__psi0p00,0.072,support,38,942,0.0,12,0.32934305,0.33875528,0.33875528,0.88363975,0.13072547,0.13072547,1.0,0.009412234,0.072,0.0,0.0,0.0,0.0,-25.875504,1.9440463,0.64801544,0.216,0.0,0.19625558,0.0,0.0
hardzero_only__c0p58__z1p00__lam0p000__nu0p50__psi0p00,0.072,support,38,943,0.0,12,0.33875528,0.34975928,0.34975928,0.81578165,0.15283343,0.15283343,1.0,0.0110040065,0.072,0.0,0.0,0.0,0.0,-24.391685,1.7947555,0.5982518,0.264,0.0,0.16381688,0.0,0.0
hardzero_only__c0p58__z1p00__lam0p000__nu0p50__psi0p00,0.072,support,38,944,0.0,12,0.34975928,0.3590237,0.3590237,0.89051545,0.12867215,0.12867215,1.0,0.009264395,0.072,0.0,0.0,0.0,0.0,-25.953478,1.9591731,0.6530577,0.16800001,0.0,0.17845951,0.0,0.0
hardzero_only__c0p58__z1p00__lam0p000__nu0p50__psi0p00,0.072,support,38,945,0.0,12,0.3590237,0.3685768,0.3685768,0.87718797,0.13268201,0.13268201,1.0,0.009553105,0.072,0.0,0.0,0.0,0.0,-25.404926,1.929852,0.643284,0.24000001,0.0,0.19613162,0.0,0.0
hardzero_only__c0p58__z1p00__lam0p000__nu0p50__psi0p00,0.072,support,38,946,0.0,12,0.3685768,0.37884438,0.37884438,0.84586394,0.14260542,0.14260542,1.0,0.01026759,0.072,0.0,0.0,0.0,0.0,-25.621141,1.8609378,0.62031263,0.216,0.0,0.19103546,0.0,0.0
hardzero_only__c0p58__z1p00__lam0p000__nu0p50__psi0p00,0.072,support,38,947,0.0,12,0.37884438,0.38819504,0.38819504,0.8864902,0.12987028,0.12987028,1.0,0.00935066,0.072,0.0,0.0,0.0,0.0,-25.822023,1.9503174,0.65010583,0.256,0.0,0.20273383,0.0,0.0
hardzero_only__c0p58__z1p00__lam0p000__nu0p50__psi0p00,0.072,support,38,948,0.0,12,0.38819504,0.39706692,0.39706692,0.9093162,0.123220734,0.123220734,1.0,0.0088718925,0.072,0.0,0.0,0.0,0.0,-25.529161,2.0005355,0.6668452,0.15200001,0.0,0.1798479,0.0,0.0
hardzero_only__c0p58__z1p00__lam0p000__nu0p50__psi0p00,0.072,support,38,949,0.0,12,0.39706692,0.40607145,0.40607145,0.9028718,0.12506281,0.12506281,1.0,0.009004522,0.072,0.0,0.0,0.0,0.0,-25.24632,1.9863576,0.6621192,0.17999999,0.0,0.18981469,0.0,0.0
hardzero_only__c0p58__z1p00__lam0p000__nu0p50__psi0p00,0.072,support,38,950,0.0,12,0.40607145,0.41594657,0.41594657,0.8627906,0.13715428,0.13715428,1.0,0.009875108,0.072,0.0,0.0,0.0,0.0,-24.809345,1.8981771,0.6327257,0.24800001,0.0,0.19496866,0.0,0.0
hardzero_only__c0p58__z1p00__lam0p000__nu0p50__psi0p00,0.072,support,38,951,0.0,12,0.41594657,0.426055,0.426055,0.85264814,0.14039508,0.14039508,1.0,0.010108445,0.072,0.0,0.0,0.0,0.0,-25.180138,1.8758633,0.6252878,0.256,0.0,0.19607781,0.0,0.0
hardzero_only__c0p58__z1p00__lam0p000__nu0p50__psi0p00,0.072,support,38,952,0.0,12,0.426055,0.43746492,0.43746492,0.8000504,0.15847094,0.15847094,1.0,0.011409908,0.072,0.0,0.0,0.0,0.0,-24.546347,1.760146,0.58671534,0.272,0.0,0.19919227,0.0,0.0
hardzero_only__c0p58__z1p00__lam0p000__nu0p50__psi0p00,0.072,support,38,953,0.0,12,0.43746492,0.44747013,0.44747013,0.8571064,0.13896121,0.13896121,1.0,0.010005207,0.072,0.0,0.0,0.0,0.0,-24.452997,1.8856717,0.62855726,0.16800001,0.0,0.18310171,0.0,0.0
hardzero_only__c0p58__z1p00__lam0p000__nu0p50__psi0p00,0.072,support,38,954,0.0,12,0.44747013,0.45786306,0.45786306,0.8405943,0.14434631,0.14434631,1.0,0.010392934,0.072,0.0,0.0,0.0,0.0,-25.097397,1.8493444,0.61644816,0.24000001,0.0,0.1853508,0.0,0.0
hardzero_only__c0p58__z1p00__lam0p000__nu0p50__psi0p00,0.072,support,38,955,0.0,12,0.45786306,0.4677047,0.4677047,0.8642639,0.1366898,0.1366898,1.0,0.009841665,0.072,0.0,0.0,0.0,0.0,-25.335491,1.9014186,0.6338062,0.18400002,0.0,0.21102023,0.0,0.0
hardzero_only__c0p58__z1p00__lam0p000__nu0p50__psi0p00,0.072,support,38,956,0.0,12,0.4677047,0.4769136,0.4769136,0.893125,0.1279013,0.1279013,1.0,0.009208893,0.072,0.0,0.0,0.0,0.0,-26.333115,1.9649142,0.6549714,0.16000001,0.0,0.20412277,0.0,0.0
hardzero_only__c0p58__z1p00__lam0p000__nu0p50__psi0p00,0.072,support,38,957,0.0,12,0.4769136,0.48607057,0.48607057,0.89558023,0.12718026,0.12718026,1.0,0.009156979,0.072,0.0,0.0,0.0,0.0,-26.10222,1.9703158,0.65677196,0.18400002,0.0,0.1782363,0.0,0.0
hardzero_only__c0p58__z1p00__lam0p000__nu0p50__psi0p00,0.072,support,38,958,0.0,12,0.48607057,0.49592918,0.49592918,0.86351746,0.13692492,0.13692492,1.0,0.009858594,0.072,0.0,0.0,0.0,0.0,-25.38878,1.8997763,0.6332588,0.2,0.0,0.19040646,0.0,0.0
hardzero_only__c0p58__z1p00__lam0p000__nu0p50__psi0p00,0.072,support,38,959,0.0,12,0.49592918,0.50675875,0.50675875,0.8227224,0.15041031,0.15041031,1.0,0.010829542,0.072,0.0,0.0,0.0,0.0,-24.729292,1.8100253,0.6033418,0.256,0.0,0.20243727,0.0,0.0
hardzero_only__c0p58__z1p00__lam0p000__nu0p50__psi0p00,0.072,support,38,960,0.0,12,0.50675875,0.5170329,0.5170329,0.8455862,0.14269666,0.14269666,1.0,0.01027416,0.072,0.0,0.0,0.0,0.0,-24.720934,1.8603268,0.62010896,0.28,0.0,0.16905639,0.0,0.0
hardzero_only__c0p58__z1p00__lam0p000__nu0p50__psi0p00,0.072,support,38,961,0.0,12,0.5170329,0.52598363,0.52598363,0.9054749,0.12431544,0.12431544,1.0,0.008950711,0.072,0.0,0.0,0.0,0.0,-26.615993,1.9920845,0.66402817,0.15200001,0.0,0.17735566,0.0,0.0
hardzero_only__c0p58__z1p00__lam0p000__nu0p50__psi0p00,0.072,support,38,962,0.0,12,0.52598363,0.5355227,0.5355227,0.87782514,0.13248748,0.13248748,1.0,0.009539098,0.072,0.0,0.0,0.0,0.0,-25.05141,1.9312539,0.6437513,0.19999999,0.0,0.16346271,0.0,0.0
hardzero_only__c0p58__z1p00__lam0p000__nu0p50__psi0p00,0.072,support,38,963,0.0,12,0.5355227,0.54440063,0.54440063,0.9090217,0.123304315,0.123304315,1.0,0.008877911,0.072,0.0,0.0,0.0,0.0,-25.862055,1.9998876,0.6666292,0.24000001,0.0,0.2043123,0.0,0.0
hardzero_only__c0p58__z1p00__lam0p000__nu0p50__psi0p00,0.072,support,38,964,0.0,12,0.54440063,0.55463475,0.55463475,0.84728295,0.14214024,0.14214024,1.0,0.010234097,0.072,0.0,0.0,0.0,0.0,-24.61734,1.8640597,0.62135327,0.208,0.0,0.18720752,0.0,0.0
hardzero_only__c0p58__z1p00__lam0p000__nu0p50__psi0p00,0.072,support,38,965,0.0,12,0.55463475,0.564801,0.564801,0.8501718,0.14119788,0.14119788,1.0,0.010166246,0.072,0.0,0.0,0.0,0.0,-24.678562,1.8704153,0.6234718,0.224,0.0,0.19555186,0.0,0.0
hardzero_only__c0p58__z1p00__lam0p000__nu0p50__psi0p00,0.072,support,38,966,0.0,12,0.564801,0.57510513,0.57510513,0.8443209,0.143113,0.143113,1.0,0.010304135,0.072,0.0,0.0,0.0,0.0,-24.230717,1.857543,0.61918104,0.296,0.0,0.17712171,0.0,0.0
hardzero_only__c0p58__z1p00__lam0p000__nu0p50__psi0p00,0.072,support,38,967,0.0,12,0.57510513,0.5852657,0.5852657,0.8504139,0.1411192,0.1411192,1.0,0.010160582,0.072,0.0,0.0,0.0,0.0,-25.50447,1.870948,0.62364936,0.2,0.0,0.2157077,0.0,0.0
hardzero_only__c0p58__z1p00__lam0p000__nu0p50__psi0p00,0.072,support,38,968,1.0,13,0.5852657,0.014449942,0.014449942,0.8942898,0.12755874,0.12755874,1.0,0.009184229,0.072,0.0,0.0,0.0,0.0,-25.194614,1.9674768,0.6558256,0.208,0.0,0.17226146,0.0,0.0
hardzero_only__c0p58__z1p00__lam0p000__nu0p50__psi0p00,0.072,support,38,969,0.0,13,0.014449942,0.024063457,0.024063457,0.87445027,0.13352105,0.13352105,1.0,0.009613515,0.072,0.0,0.0,0.0,0.0,-25.826685,1.923829,0.64127636,0.14400001,0.0,0.22223206,0.0,0.0
hardzero_only__c0p58__z1p00__lam0p000__nu0p50__psi0p00,0.072,support,38,970,0.0,13,0.024063457,0.033922624,0.033922624,0.86349225,0.13693286,0.13693286,1.0,0.009859166,0.072,0.0,0.0,0.0,0.0,-25.14449,1.8997209,0.63324034,0.18400002,0.0,0.21612898,0.0,0.0
hardzero_only__c0p58__z1p00__lam0p000__nu0p50__psi0p00,0.072,support,38,971,0.0,13,0.033922624,0.044552095,0.044552095,0.83082074,0.14763157,0.14763157,1.0,0.010629472,0.072,0.0,0.0,0.0,0.0,-24.212543,1.8278421,0.6092807,0.224,0.0,0.20626995,0.0,0.0
hardzero_only__c0p58__z1p00__lam0p000__nu0p50__psi0p00,0.072,support,38,972,0.0,13,0.044552095,0.05473613,0.05473613,0.8494127,0.1414449,0.1414449,1.0,0.010184033,0.072,0.0,0.0,0.0,0.0,-24.991974,1.8687452,0.6229151,0.2,0.0,0.21450694,0.0,0.0
hardzero_only__c0p58__z1p00__lam0p000__nu0p50__psi0p00,0.072,support,38,973,0.0,13,0.05473613,0.06384388,0.06384388,0.8979213,0.12649655,0.12649655,1.0,0.009107752,0.072,0.0,0.0,0.0,0.0,-25.793827,1.9754664,0.6584888,0.16000001,0.0,0.22092904,0.0,0.0
hardzero_only__c0p58__z1p00__lam0p000__nu0p50__psi0p00,0.072,support,38,974,0.0,13,0.06384388,0.073628,0.073628,0.8668109,0.1358905,0.1358905,1.0,0.0097841155,0.072,0.0,0.0,0.0,0.0,-26.04995,1.9070221,0.63567406,0.192,0.0,0.2266543,0.0,0.0
hardzero_only__c0p58__z1p00__lam0p000__nu0p50__psi0p00,0.072,support,38,975,0.0,13,0.073628,0.08350286,0.08350286,0.86280173,0.13715076,0.13715076,1.0,0.009874854,0.072,0.0,0.0,0.0,0.0,-24.340414,1.8982017,0.63273394,0.14,0.0,0.18722767,0.0,0.0
hardzero_only__c0p58__z1p00__lam0p000__nu0p50__psi0p00,0.072,support,38,976,0.0,13,0.08350286,0.09416784,0.09416784,0.82937235,0.14812475,0.14812475,1.0,0.010664982,0.072,0.0,0.0,0.0,0.0,-24.99177,1.8246557,0.60821855,0.224,0.0,0.20142904,0.0,0.0
hardzero_only__c0p58__z1p00__lam0p000__nu0p50__psi0p00,0.072,support,38,977,0.0,13,0.09416784,0.10395125,0.10395125,0.8668421,0.13588074,0.13588074,1.0,0.009783412,0.072,0.0,0.0,0.0,0.0,-25.680794,1.9070907,0.6356969,0.2,0.0,0.22011602,0.0,0.0
hardzero_only__c0p58__z1p00__lam0p000__nu0p50__psi0p00,0.072,support,38,978,0.0,13,0.10395125,0.113068275,0.113068275,0.89747953,0.12662527,0.12662527,1.0,0.009117019,0.072,0.0,0.0,0.0,0.0,-25.389717,1.9744945,0.65816486,0.18400002,0.0,0.20501627,0.0,0.0
hardzero_only__c0p58__z1p00__lam0p000__nu0p50__psi0p00,0.072,support,38,979,0.0,13,0.113068275,0.12397733,0.12397733,0.8195453,0.15151466,0.15151466,1.0,0.010909055,0.072,0.0,0.0,0.0,0.0,-24.773325,1.8030357,0.60101193,0.28,0.0,0.20879184,0.0,0.0
hardzero_only__c0p58__z1p00__lam0p000__nu0p50__psi0p00,0.072,support,38,980,0.0,13,0.12397733,0.1338574,0.1338574,0.86257267,0.13722311,0.13722311,1.0,0.009880063,0.072,0.0,0.0,0.0,0.0,-25.454208,1.8976978,0.632566,0.256,0.0,0.21330604,0.0,0.0
hardzero_only__c0p58__z1p00__lam0p000__nu0p50__psi0p00,0.072,support,38,981,0.0,13,0.1338574,0.14423478,0.14423478,0.841245,0.14413022,0.14413022,1.0,0.010377375,0.072,0.0,0.0,0.0,0.0,-25.260345,1.850776,0.61692536,0.24000001,0.0,0.23055075,0.0,0.0
hardzero_only__c0p58__z1p00__lam0p000__nu0p50__psi0p00,0.072,support,38,982,0.0,13,0.14423478,0.1545082,0.1545082,0.8456172,0.14268647,0.14268647,1.0,0.010273426,0.072,0.0,0.0,0.0,0.0,-25.539953,1.860395,0.6201317,0.17600001,0.0,0.223217,0.0,0.0
hardzero_only__c0p58__z1p00__lam0p000__nu0p50__psi0p00,0.072,support,38,983,0.0,13,0.1545082,0.1644611,0.1644611,0.85938245,0.13823485,0.13823485,1.0,0.009952909,0.072,0.0,0.0,0.0,0.0,-25.528578,1.8906791,0.6302264,0.208,0.0,0.21315336,0.0,0.0
hardzero_only__c0p58__z1p00__lam0p000__nu0p50__psi0p00,0.072,support,38,984,0.0,13,0.1644611,0.17441332,0.17441332,0.85941285,0.13822517,0.13822517,1.0,0.009952212,0.072,0.0,0.0,0.0,0.0,-25.588787,1.890746,0.63024867,0.24800001,0.008,0.19022498,0.0,0.0
hardzero_only__c0p58__z1p00__lam0p000__nu0p50__psi0p00,0.072,support,38,985,0.0,13,0.17441332,0.18514398,0.18514398,0.8267066,0.14903677,0.14903677,1.0,0.010730647,0.072,0.0,0.0,0.0,0.0,-24.570114,1.8187908,0.60626364,0.208,0.008,0.20112531,0.0,0.0
hardzero_only__c0p58__z1p00__lam0p000__nu0p50__psi0p00,0.072,support,38,986,0.0,13,0.18514398,0.19529435,0.19529435,0.8508503,0.14097747,0.14097747,1.0,0.010150378,0.072,0.0,0.0,0.0,0.0,-24.537745,1.871908,0.6239693,0.192,0.0,0.19925722,0.0,0.0
hardzero_only__c0p58__z1p00__lam0p000__nu0p50__psi0p00,0.072,support,38,987,0.0,13,0.19529435,0.20564304,0.20564304,0.84244674,0.14373192,0.14373192,1.0,0.010348698,0.072,0.0,0.0,0.0,0.0,-24.890717,1.8534198,0.6178066,0.224,0.0,0.23467688,0.0,0.0
hardzero_only__c0p58__z1p00__lam0p000__nu0p50__psi0p00,0.072,support,38,988,0.0,13,0.20564304,0.21581125,0.21581125,0.8500877,0.14122523,0.14122523,1.0,0.010168216,0.072,0.0,0.0,0.0,0.0,-23.546293,1.8702303,0.6234101,0.21,0.0,0.20127685,0.0,0.0
hardzero_only__c0p58__z1p00__lam0p000__nu0p50__psi0p00,0.072,support,38,989,0.0,13,0.21581125,0.2261545,0.2261545,0.84267545,0.14365625,0.14365625,1.0,0.01034325,0.072,0.0,0.0,0.0,0.0,-25.091255,1.853923,0.61797434,0.264,0.0,0.2102973,0.0,0.0
hardzero_only__c0p58__z1p00__lam0p000__nu0p50__psi0p00,0.072,support,38,990,0.0,13,0.2261545,0.23665798,0.23665798,0.83599967,0.14588153,0.14588153,1.0,0.01050347,0.072,0.0,0.0,0.0,0.0,-24.603424,1.839236,0.6130787,0.264,0.008,0.20266324,0.0,0.0
hardzero_only__c0p58__z1p00__lam0p000__nu0p50__psi0p00,0.072,support,38,991,0.0,13,0.23665798,0.24586523,0.24586523,0.89320284,0.12787838,0.12787838,1.0,0.009207243,0.072,0.0,0.0,0.0,0.0,-26.315367,1.9650855,0.6550285,0.272,0.008,0.22297923,0.0,0.0
hardzero_only__c0p58__z1p00__lam0p000__nu0p50__psi0p00,0.072,support,38,992,0.0,13,0.24586523,0.25638592,0.25638592,0.8352875,0.14612094,0.14612094,1.0,0.010520707,0.072,0.0,0.0,0.0,0.0,-25.332186,1.8376693,0.61255646,0.32000002,0.008,0.21807134,0.0,0.0
hardzero_only__c0p58__z1p00__lam0p000__nu0p50__psi0p00,0.072,support,38,993,0.0,13,0.25638592,0.26701036,0.26701036,0.8310261,0.14756179,0.14756179,1.0,0.010624449,0.072,0.0,0.0,0.0,0.0,-24.423532,1.8282939,0.6094313,0.224,0.008,0.19948007,0.0,0.0
hardzero_only__c0p58__z1p00__lam0p000__nu0p50__psi0p00,0.072,support,38,994,0.0,13,0.26701036,0.2774513,0.2774513,0.8385929,0.14501306,0.14501306,1.0,0.01044094,0.072,0.0,0.0,0.0,0.0,-24.547743,1.8449411,0.6149804,0.24800001,0.0,0.20712785,0.0,0.0
hardzero_only__c0p58__z1p00__lam0p000__nu0p50__psi0p00,0.072,support,38,995,0.0,13,0.2774513,0.28770792,0.28770792,0.84632784,0.14245318,0.14245318,1.0,0.0102566285,0.072,0.0,0.0,0.0,0.0,-25.022497,1.8619584,0.6206528,0.256,0.0,0.21626212,0.0,0.0
hardzero_only__c0p58__z1p00__lam0p000__nu0p50__psi0p00,0.072,support,38,996,0.0,13,0.28770792,0.2990739,0.2990739,0.80172527,0.15786095,0.15786095,1.0,0.011365988,0.072,0.0,0.0,0.0,0.0,-25.218693,1.7638308,0.5879436,0.30400002,0.0,0.22924398,0.0,0.0
hardzero_only__c0p58__z1p00__lam0p000__nu0p50__psi0p00,0.072,support,38,997,0.0,13,0.2990739,0.30968204,0.30968204,0.8316938,0.14733508,0.14733508,1.0,0.0106081255,0.072,0.0,0.0,0.0,0.0,-23.760508,1.8297629,0.609921,0.16800001,0.0,0.19887316,0.0,0.0
hardzero_only__c0p58__z1p00__lam0p000__nu0p50__psi0p00,0.072,support,38,998,0.0,13,0.30968204,0.31971288,0.31971288,0.8559948,0.13931733,0.13931733,1.0,0.010030848,0.072,0.0,0.0,0.0,0.0,-25.430859,1.8832262,0.62774205,0.216,0.0,0.26073274,0.0,0.0
hardzero_only__c0p58__z1p00__lam0p000__nu0p50__psi0p00,0.072,support,38,999,0.0,13,0.31971288,0.3304413,0.3304413,0.8267966,0.14900589,0.14900589,1.0,0.0107284235,0.072,0.0,0.0,0.0,0.0,-24.38936,1.8189888,0.6063296,0.24800001,0.0,0.20626797,0.0,0.0
hardzero_only__c0p58__z1p00__lam0p000__nu0p50__psi0p00,0.072,support,38,1000,0.0,13,0.3304413,0.34019676,0.34019676,0.86808443,0.1354926,0.1354926,1.0,0.009755466,0.072,0.0,0.0,0.0,0.0,-24.548119,1.9098239,0.636608,0.256,0.0,0.2027631,0.0,0.0
hardzero_only__c0p58__z1p00__lam0p000__nu0p50__psi0p00,0.072,support,38,1001,0.0,13,0.34019676,0.35082397,0.35082397,0.8309138,0.14759995,0.14759995,1.0,0.010627196,0.072,0.0,0.0,0.0,0.0,-25.382568,1.8280468,0.60934895,0.32999998,0.0,0.18659495,0.0,0.0
hardzero_only__c0p58__z1p00__lam0p000__nu0p50__psi0p00,0.072,support,38,1002,0.0,13,0.35082397,0.36147797,0.36147797,0.82981986,0.14797221,0.14797221,1.0,0.010653999,0.072,0.0,0.0,0.0,0.0,-24.038696,1.8256402,0.60854673,0.224,0.0,0.19721988,0.0,0.0
hardzero_only__c0p58__z1p00__lam0p000__nu0p50__psi0p00,0.072,support,38,1003,0.0,13,0.36147797,0.3715732,0.3715732,0.8532159,0.14021164,0.14021164,1.0,0.010095238,0.072,0.0,0.0,0.0,0.0,-25.339205,1.8771124,0.62570417,0.192,0.0,0.20875348,0.0,0.0
hardzero_only__c0p58__z1p00__lam0p000__nu0p50__psi0p00,0.072,support,38,1004,0.0,13,0.3715732,0.38234302,0.38234302,0.8251243,0.14958073,0.14958073,1.0,0.010769812,0.072,0.0,0.0,0.0,0.0,-25.168364,1.8153098,0.60510325,0.272,0.0,0.2280901,0.0,0.0
hardzero_only__c0p58__z1p00__lam0p000__nu0p50__psi0p00,0.072,support,38,1005,0.0,13,0.38234302,0.39183325,0.39183325,0.88005614,0.13180864,0.13180864,1.0,0.009490222,0.072,0.0,0.0,0.0,0.0,-25.720133,1.9361622,0.6453874,0.17600001,0.0,0.20277497,0.0,0.0
hardzero_only__c0p58__z1p00__lam0p000__nu0p50__psi0p00,0.072,support,38,1006,0.0,13,0.39183325,0.4020086,0.4020086,0.8497834,0.1413242,0.1413242,1.0,0.010175343,0.072,0.0,0.0,0.0,0.0,-24.945395,1.8695608,0.62318695,0.24000001,0.008,0.21838605,0.0,0.0
hardzero_only__c0p58__z1p00__lam0p000__nu0p50__psi0p00,0.072,support,38,1007,0.0,13,0.4020086,0.41216168,0.41216168,0.8507342,0.14101517,0.14101517,1.0,0.0101530915,0.072,0.0,0.0,0.0,0.0,-24.973175,1.8716526,0.6238842,0.224,0.0,0.22318469,0.0,0.0
hardzero_only__c0p58__z1p00__lam0p000__nu0p50__psi0p00,0.072,support,38,1008,0.0,13,0.41216168,0.42196003,0.42196003,0.8661794,0.13608824,0.13608824,1.0,0.009798353,0.072,0.0,0.0,0.0,0.0,-25.77259,1.9056327,0.63521093,0.272,0.0,0.25246328,0.0,0.0
hardzero_only__c0p58__z1p00__lam0p000__nu0p50__psi0p00,0.072,support,38,1009,0.0,13,0.42196003,0.43175596,0.43175596,0.86628634,0.13605474,0.13605474,1.0,0.0097959405,0.072,0.0,0.0,0.0,0.0,-24.945889,1.905868,0.6352894,0.192,0.0,0.23315915,0.0,0.0
hardzero_only__c0p58__z1p00__lam0p000__nu0p50__psi0p00,0.072,support,38,1010,0.0,13,0.43175596,0.4428998,0.4428998,0.81029814,0.15477537,0.15477537,1.0,0.011143826,0.072,0.0,0.0,0.0,0.0,-24.192951,1.7826915,0.59423053,0.264,0.0,0.2032891,0.0,0.0
hardzero_only__c0p58__z1p00__lam0p000__nu0p50__psi0p00,0.072,support,38,1011,0.0,13,0.4428998,0.45343232,0.45343232,0.83480006,0.14628504,0.14628504,1.0,0.010532523,0.072,0.0,0.0,0.0,0.0,-24.63125,1.8365968,0.61219895,0.224,0.0,0.21379866,0.0,0.0
hardzero_only__c0p58__z1p00__lam0p000__nu0p50__psi0p00,0.072,support,38,1012,0.0,13,0.45343232,0.46286717,0.46286717,0.8825978,0.13103949,0.13103949,1.0,0.0094348425,0.072,0.0,0.0,0.0,0.0,-25.313461,1.941754,0.64725137,0.208,0.0,0.21074747,0.0,0.0
hardzero_only__c0p58__z1p00__lam0p000__nu0p50__psi0p00,0.072,support,38,1013,0.0,13,0.46286717,0.4732543,0.4732543,0.84083706,0.14426565,0.14426565,1.0,0.010387126,0.072,0.0,0.0,0.0,0.0,-25.439796,1.8498784,0.61662614,0.23200001,0.0,0.22451253,0.0,0.0
hardzero_only__c0p58__z1p00__lam0p000__nu0p50__psi0p00,0.072,support,38,1014,0.0,13,0.4732543,0.48267668,0.48267668,0.883171,0.13086665,0.13086665,1.0,0.009422398,0.072,0.0,0.0,0.0,0.0,-25.047554,1.9430151,0.6476717,0.22999999,0.0,0.19660619,0.0,0.0
hardzero_only__c0p58__z1p00__lam0p000__nu0p50__psi0p00,0.072,support,38,1015,0.0,13,0.48267668,0.49217787,0.49217787,0.8795547,0.13196091,0.13196091,1.0,0.009501185,0.072,0.0,0.0,0.0,0.0,-25.657375,1.935059,0.64501965,0.224,0.0,0.23394594,0.0,0.0
hardzero_only__c0p58__z1p00__lam0p000__nu0p50__psi0p00,0.072,support,38,1016,0.0,13,0.49217787,0.50126463,0.50126463,0.8989243,0.12620476,0.12620476,1.0,0.009086742,0.072,0.0,0.0,0.0,0.0,-25.30417,1.9776729,0.65922433,0.224,0.0,0.19328666,0.0,0.0
hardzero_only__c0p58__z1p00__lam0p000__nu0p50__psi0p00,0.072,support,38,1017,0.0,13,0.50126463,0.51089376,0.51089376,0.87374437,0.13373823,0.13373823,1.0,0.009629153,0.072,0.0,0.0,0.0,0.0,-25.532743,1.922276,0.6407587,0.2,0.0,0.21103205,0.0,0.0
hardzero_only__c0p58__z1p00__lam0p000__nu0p50__psi0p00,0.072,support,38,1018,0.0,13,0.51089376,0.52034545,0.52034545,0.88182384,0.13127322,0.13127322,1.0,0.0094516715,0.072,0.0,0.0,0.0,0.0,-26.215382,1.9400512,0.64668375,0.18400002,0.0,0.21897708,0.0,0.0
hardzero_only__c0p58__z1p00__lam0p000__nu0p50__psi0p00,0.072,support,38,1019,0.0,13,0.52034545,0.52916557,0.52916557,0.9118581,0.12250164,0.12250164,1.0,0.008820117,0.072,0.0,0.0,0.0,0.0,-25.632778,2.0061278,0.6687093,0.224,0.0,0.2179096,0.0,0.0
hardzero_only__c0p58__z1p00__lam0p000__nu0p50__psi0p00,0.072,support,38,1020,0.0,13,0.52916557,0.54006064,0.54006064,0.82010347,0.15132008,0.15132008,1.0,0.0108950455,0.072,0.0,0.0,0.0,0.0,-23.829266,1.8042636,0.60142124,0.32000002,0.0,0.2044514,0.0,0.0
hardzero_only__c0p58__z1p00__lam0p000__nu0p50__psi0p00,0.072,support,38,1021,0.0,13,0.54006064,0.5506174,0.5506174,0.83380216,0.14662157,0.14662157,1.0,0.010556753,0.072,0.0,0.0,0.0,0.0,-25.207073,1.8344014,0.6114671,0.24000001,0.0,0.23278366,0.0,0.0
hardzero_only__c0p58__z1p00__lam0p000__nu0p50__psi0p00,0.072,support,38,1022,0.0,13,0.5506174,0.56212986,0.56212986,0.7961655,0.15989487,0.15989487,1.0,0.01151243,0.072,0.0,0.0,0.0,0.0,-24.449438,1.7515992,0.5838664,0.24800001,0.008,0.21641335,0.0,0.0
hardzero_only__c0p58__z1p00__lam0p000__nu0p50__psi0p00,0.072,support,38,1023,0.0,13,0.56212986,0.5722504,0.5722504,0.8521267,0.14056374,0.14056374,1.0,0.010120589,0.072,0.0,0.0,0.0,0.0,-25.689966,1.8747162,0.6249054,0.256,0.0,0.20199774,0.0,0.0
hardzero_only__c0p58__z1p00__lam0p000__nu0p50__psi0p00,0.072,support,38,1024,0.0,13,0.5722504,0.58242947,0.58242947,0.84962666,0.14137523,0.14137523,1.0,0.010179016,0.072,0.0,0.0,0.0,0.0,-24.838352,1.869216,0.623072,0.296,0.0,0.20084995,0.0,0.0
hardzero_only__c0p58__z1p00__lam0p000__nu0p50__psi0p00,0.072,support,38,1025,1.0,14,0.58242947,0.012240601,0.012240601,0.86561406,0.1362655,0.1362655,1.0,0.009811115,0.072,0.0,0.0,0.0,0.0,-26.070372,1.9043889,0.6347963,0.23200001,0.0,0.2165415,0.0,0.0
hardzero_only__c0p58__z1p00__lam0p000__nu0p50__psi0p00,0.072,support,38,1026,0.0,14,0.012240601,0.021815762,0.021815762,0.8761864,0.13298836,0.13298836,1.0,0.009575162,0.072,0.0,0.0,0.0,0.0,-24.741497,1.9276485,0.6425495,0.224,0.0,0.21797211,0.0,0.0
hardzero_only__c0p58__z1p00__lam0p000__nu0p50__psi0p00,0.072,support,38,1027,0.0,14,0.021815762,0.032164007,0.032164007,0.8424658,0.14372562,0.14372562,1.0,0.010348244,0.072,0.0,0.0,0.0,0.0,-25.591877,1.8534619,0.6178206,0.17,0.0,0.24478972,0.0,0.0
hardzero_only__c0p58__z1p00__lam0p000__nu0p50__psi0p00,0.072,support,38,1028,0.0,14,0.032164007,0.042772993,0.042772993,0.83165866,0.147347,0.147347,1.0,0.010608984,0.072,0.0,0.0,0.0,0.0,-24.936287,1.8296856,0.6098952,0.28800002,0.0,0.2403176,0.0,0.0
hardzero_only__c0p58__z1p00__lam0p000__nu0p50__psi0p00,0.072,support,38,1029,0.0,14,0.042772993,0.053417735,0.053417735,0.8301974,0.14784363,0.14784363,1.0,0.01064474,0.072,0.0,0.0,0.0,0.0,-24.418974,1.8264707,0.6088236,0.272,0.0,0.23951091,0.0,0.0
hardzero_only__c0p58__z1p00__lam0p000__nu0p50__psi0p00,0.072,support,38,1030,0.0,14,0.053417735,0.06370501,0.06370501,0.84503216,0.14287882,0.14287882,1.0,0.010287275,0.072,0.0,0.0,0.0,0.0,-24.058722,1.8591079,0.61970264,0.28800002,0.0,0.2354652,0.0,0.0
hardzero_only__c0p58__z1p00__lam0p000__nu0p50__psi0p00,0.072,support,38,1031,0.0,14,0.06370501,0.073950745,0.073950745,0.84678954,0.14230181,0.14230181,1.0,0.01024573,0.072,0.0,0.0,0.0,0.0,-24.592297,1.8629742,0.6209914,0.18400002,0.0,0.23486374,0.0,0.0
hardzero_only__c0p58__z1p00__lam0p000__nu0p50__psi0p00,0.072,support,38,1032,0.0,14,0.073950745,0.08453101,0.08453101,0.83283585,0.14694814,0.14694814,1.0,0.010580266,0.072,0.0,0.0,0.0,0.0,-25.021961,1.8322755,0.61075854,0.23200001,0.0,0.24238165,0.0,0.0
hardzero_only__c0p58__z1p00__lam0p000__nu0p50__psi0p00,0.072,support,38,1033,0.0,14,0.08453101,0.093755335,0.093755335,0.8923978,0.12811564,0.12811564,1.0,0.009224325,0.072,0.0,0.0,0.0,0.0,-26.605377,1.9633144,0.65443814,0.256,0.0,0.2592034,0.0,0.0
hardzero_only__c0p58__z1p00__lam0p000__nu0p50__psi0p00,0.072,support,38,1034,0.0,14,0.093755335,0.10456277,0.10456277,0.82361007,0.1501032,0.1501032,1.0,0.010807429,0.072,0.0,0.0,0.0,0.0,-24.528824,1.8119783,0.6039928,0.272,0.0,0.24801333,0.0,0.0
hardzero_only__c0p58__z1p00__lam0p000__nu0p50__psi0p00,0.072,support,38,1035,0.0,14,0.10456277,0.11492281,0.11492281,0.84197116,0.14388943,0.14388943,1.0,0.010360038,0.072,0.0,0.0,0.0,0.0,-25.351858,1.8523735,0.61745787,0.2,0.0,0.25462592,0.0,0.0
hardzero_only__c0p58__z1p00__lam0p000__nu0p50__psi0p00,0.072,support,38,1036,0.0,14,0.11492281,0.124995805,0.124995805,0.8541738,0.13990273,0.13990273,1.0,0.010072996,0.072,0.0,0.0,0.0,0.0,-26.103474,1.8792199,0.62640667,0.24800001,0.008,0.26756126,0.0,0.0
hardzero_only__c0p58__z1p00__lam0p000__nu0p50__psi0p00,0.072,support,38,1037,0.0,14,0.124995805,0.13606611,0.13606611,0.8131727,0.15375432,0.15375432,1.0,0.011070311,0.072,0.0,0.0,0.0,0.0,-24.788149,1.7890157,0.59633857,0.28800002,0.0,0.24554996,0.0,0.0
hardzero_only__c0p58__z1p00__lam0p000__nu0p50__psi0p00,0.072,support,38,1038,0.0,14,0.13606611,0.1464583,0.1464583,0.84062517,0.14433606,0.14433606,1.0,0.010392196,0.072,0.0,0.0,0.0,0.0,-24.870483,1.8494123,0.6164708,0.24000001,0.0,0.24811448,0.0,0.0
hardzero_only__c0p58__z1p00__lam0p000__nu0p50__psi0p00,0.072,support,38,1039,0.0,14,0.1464583,0.15597995,0.15597995,0.87862027,0.13224514,0.13224514,1.0,0.009521649,0.072,0.0,0.0,0.0,0.0,-25.652052,1.9330032,0.64433444,0.224,0.008,0.25039196,0.0,0.0
hardzero_only__c0p58__z1p00__lam0p000__nu0p50__psi0p00,0.072,support,38,1040,0.0,14,0.15597995,0.1668939,0.1668939,0.81935054,0.15158264,0.15158264,1.0,0.010913949,0.072,0.0,0.0,0.0,0.0,-24.268023,1.8026072,0.60086906,0.25,0.0,0.22551276,0.0,0.0
hardzero_only__c0p58__z1p00__lam0p000__nu0p50__psi0p00,0.072,support,38,1041,0.0,14,0.1668939,0.17593983,0.17593983,0.9008795,0.12563784,0.12563784,1.0,0.009045924,0.072,0.0,0.0,0.0,0.0,-26.032629,1.9819745,0.6606582,0.28,0.0,0.28290164,0.0,0.0
hardzero_only__c0p58__z1p00__lam0p000__nu0p50__psi0p00,0.072,support,38,1042,0.0,14,0.17593983,0.18730116,0.18730116,0.8019032,0.15779631,0.15779631,1.0,0.011361334,0.072,0.0,0.0,0.0,0.0,-24.418636,1.7642223,0.5880741,0.24800001,0.0,0.2577588,0.0,0.0
hardzero_only__c0p58__z1p00__lam0p000__nu0p50__psi0p00,0.072,support,38,1043,0.0,14,0.18730116,0.19788936,0.19788936,0.8325102,0.1470584,0.1470584,1.0,0.0105882045,0.072,0.0,0.0,0.0,0.0,-25.209019,1.831559,0.61051965,0.264,0.0,0.26446626,0.0,0.0
hardzero_only__c0p58__z1p00__lam0p000__nu0p50__psi0p00,0.072,support,38,1044,0.0,14,0.19788936,0.20823057,0.20823057,0.8427611,0.14362793,0.14362793,1.0,0.01034121,0.072,0.0,0.0,0.0,0.0,-24.796497,1.8541114,0.61803716,0.17600001,0.0,0.23955089,0.0,0.0
hardzero_only__c0p58__z1p00__lam0p000__nu0p50__psi0p00,0.072,support,38,1045,0.0,14,0.20823057,0.21911933,0.21911933,0.82035416,0.15123273,0.15123273,1.0,0.010888756,0.072,0.0,0.0,0.0,0.0,-24.96511,1.8048152,0.60160506,0.24000001,0.0,0.24457088,0.0,0.0
hardzero_only__c0p58__z1p00__lam0p000__nu0p50__psi0p00,0.072,support,38,1046,0.0,14,0.21911933,0.22836663,0.22836663,0.8913172,0.12843484,0.12843484,1.0,0.009247308,0.072,0.0,0.0,0.0,0.0,-25.605484,1.960937,0.6536457,0.224,0.0,0.251337,0.0,0.0
hardzero_only__c0p58__z1p00__lam0p000__nu0p50__psi0p00,0.072,support,38,1047,0.0,14,0.22836663,0.23956332,0.23956332,0.8082431,0.15550949,0.15550949,1.0,0.011196682,0.072,0.0,0.0,0.0,0.0,-24.734709,1.7781703,0.5927235,0.312,0.0,0.274297,0.0,0.0
hardzero_only__c0p58__z1p00__lam0p000__nu0p50__psi0p00,0.072,support,38,1048,0.0,14,0.23956332,0.24971986,0.24971986,0.85058635,0.14106317,0.14106317,1.0,0.010156548,0.072,0.0,0.0,0.0,0.0,-24.835861,1.8713274,0.62377584,0.224,0.0,0.23296434,0.0,0.0
hardzero_only__c0p58__z1p00__lam0p000__nu0p50__psi0p00,0.072,support,38,1049,0.0,14,0.24971986,0.26030377,0.26030377,0.83268666,0.14699864,0.14699864,1.0,0.010583902,0.072,0.0,0.0,0.0,0.0,-24.626598,1.8319472,0.6106491,0.216,0.0,0.23370707,0.0,0.0
hardzero_only__c0p58__z1p00__lam0p000__nu0p50__psi0p00,0.072,support,38,1050,0.0,14,0.26030377,0.2699608,0.2699608,0.8724891,0.13412534,0.13412534,1.0,0.0096570235,0.072,0.0,0.0,0.0,0.0,-25.550262,1.9195143,0.6398381,0.16000001,0.0,0.26002076,0.0,0.0
hardzero_only__c0p58__z1p00__lam0p000__nu0p50__psi0p00,0.072,support,38,1051,0.0,14,0.2699608,0.28064215,0.28064215,0.82870615,0.14835216,0.14835216,1.0,0.010681355,0.072,0.0,0.0,0.0,0.0,-24.463362,1.82319,0.60773003,0.23200001,0.0,0.25631297,0.0,0.0
hardzero_only__c0p58__z1p00__lam0p000__nu0p50__psi0p00,0.072,support,38,1052,0.0,14,0.28064215,0.29167932,0.29167932,0.81447524,0.15329386,0.15329386,1.0,0.011037158,0.072,0.0,0.0,0.0,0.0,-25.211658,1.7918813,0.5972938,0.264,0.0,0.24452947,0.0,0.0
hardzero_only__c0p58__z1p00__lam0p000__nu0p50__psi0p00,0.072,support,38,1053,0.0,14,0.29167932,0.30158943,0.30158943,0.8612546,0.13764022,0.13764022,1.0,0.0099100955,0.072,0.0,0.0,0.0,0.0,-24.974699,1.8947979,0.6315993,0.22,0.0,0.23989446,0.0,0.0
hardzero_only__c0p58__z1p00__lam0p000__nu0p50__psi0p00,0.072,support,38,1054,0.0,14,0.30158943,0.3109429,0.3109429,0.8863607,0.12990901,0.12990901,1.0,0.009353449,0.072,0.0,0.0,0.0,0.0,-25.356968,1.9500325,0.6500108,0.192,0.008,0.23041551,0.0,0.0
hardzero_only__c0p58__z1p00__lam0p000__nu0p50__psi0p00,0.072,support,38,1055,0.0,14,0.3109429,0.32084328,0.32084328,0.86168027,0.1375054,0.1375054,1.0,0.009900388,0.072,0.0,0.0,0.0,0.0,-25.312746,1.8957344,0.6319115,0.216,0.0,0.2523289,0.0,0.0
hardzero_only__c0p58__z1p00__lam0p000__nu0p50__psi0p00,0.072,support,38,1056,0.0,14,0.32084328,0.33174655,0.33174655,0.8197759,0.15143424,0.15143424,1.0,0.010903265,0.072,0.0,0.0,0.0,0.0,-24.298857,1.803543,0.60118103,0.23200001,0.0,0.23319133,0.0,0.0
hardzero_only__c0p58__z1p00__lam0p000__nu0p50__psi0p00,0.072,support,38,1057,0.0,14,0.33174655,0.3426308,0.3426308,0.8205338,0.15117018,0.15117018,1.0,0.010884252,0.072,0.0,0.0,0.0,0.0,-24.48072,1.8052105,0.60173684,0.18400002,0.0,0.22595312,0.0,0.0
hardzero_only__c0p58__z1p00__lam0p000__nu0p50__psi0p00,0.072,support,38,1058,0.0,14,0.3426308,0.35298315,0.35298315,0.8422936,0.14378262,0.14378262,1.0,0.010352348,0.072,0.0,0.0,0.0,0.0,-24.70391,1.853083,0.6176944,0.272,0.0,0.2351415,0.0,0.0
hardzero_only__c0p58__z1p00__lam0p000__nu0p50__psi0p00,0.072,support,38,1059,0.0,14,0.35298315,0.36311862,0.36311862,0.851489,0.14077029,0.14077029,1.0,0.01013546,0.072,0.0,0.0,0.0,0.0,-25.055807,1.8733132,0.62443775,0.24800001,0.0,0.2576322,0.0,0.0
hardzero_only__c0p58__z1p00__lam0p000__nu0p50__psi0p00,0.072,support,38,1060,0.0,14,0.36311862,0.37378886,0.37378886,0.82915837,0.14819776,0.14819776,1.0,0.010670238,0.072,0.0,0.0,0.0,0.0,-25.33411,1.8241849,0.6080617,0.264,0.0,0.24853759,0.0,0.0
hardzero_only__c0p58__z1p00__lam0p000__nu0p50__psi0p00,0.072,support,38,1061,0.0,14,0.37378886,0.3847416,0.3847416,0.81780976,0.15212138,0.15212138,1.0,0.010952739,0.072,0.0,0.0,0.0,0.0,-23.78288,1.7992175,0.5997392,0.24800001,0.0,0.24356334,0.0,0.0
hardzero_only__c0p58__z1p00__lam0p000__nu0p50__psi0p00,0.072,support,38,1062,0.0,14,0.3847416,0.39480433,0.39480433,0.85461706,0.13976002,0.13976002,1.0,0.010062721,0.072,0.0,0.0,0.0,0.0,-25.057562,1.880195,0.6267317,0.192,0.0,0.25056717,0.0,0.0
hardzero_only__c0p58__z1p00__lam0p000__nu0p50__psi0p00,0.072,support,38,1063,0.0,14,0.39480433,0.40486583,0.40486583,0.8546695,0.13974313,0.13974313,1.0,0.010061505,0.072,0.0,0.0,0.0,0.0,-25.15404,1.8803104,0.62677014,0.16000001,0.0,0.2634101,0.0,0.0
hardzero_only__c0p58__z1p00__lam0p000__nu0p50__psi0p00,0.072,support,38,1064,0.0,14,0.40486583,0.4153517,0.4153517,0.83672893,0.14563678,0.14563678,1.0,0.0104858475,0.072,0.0,0.0,0.0,0.0,-24.404243,1.8408403,0.6136135,0.28800002,0.0,0.2606517,0.0,0.0
hardzero_only__c0p58__z1p00__lam0p000__nu0p50__psi0p00,0.072,support,38,1065,0.0,14,0.4153517,0.42542842,0.42542842,0.85401314,0.13995449,0.13995449,1.0,0.010076723,0.072,0.0,0.0,0.0,0.0,-25.56475,1.8788664,0.62628883,0.224,0.0,0.23270267,0.0,0.0
hardzero_only__c0p58__z1p00__lam0p000__nu0p50__psi0p00,0.072,support,38,1066,0.0,14,0.42542842,0.43575415,0.43575415,0.84341186,0.14341287,0.14341287,1.0,0.010325726,0.072,0.0,0.0,0.0,0.0,-24.126007,1.8555431,0.6185144,0.26999998,0.0,0.21570049,0.0,0.0
hardzero_only__c0p58__z1p00__lam0p000__nu0p50__psi0p00,0.072,support,38,1067,0.0,14,0.43575415,0.4464113,0.4464113,0.8296909,0.14801615,0.14801615,1.0,0.010657162,0.072,0.0,0.0,0.0,0.0,-25.289127,1.8253564,0.60845214,0.208,0.008,0.23656134,0.0,0.0
hardzero_only__c0p58__z1p00__lam0p000__nu0p50__psi0p00,0.072,support,38,1068,0.0,14,0.4464113,0.4569884,0.4569884,0.8329662,0.14690407,0.14690407,1.0,0.010577092,0.072,0.0,0.0,0.0,0.0,-24.517317,1.8325622,0.6108541,0.23200001,0.0,0.24765709,0.0,0.0
hardzero_only__c0p58__z1p00__lam0p000__nu0p50__psi0p00,0.072,support,38,1069,0.0,14,0.4569884,0.46658584,0.46658584,0.87517595,0.13329811,0.13329811,1.0,0.0095974635,0.072,0.0,0.0,0.0,0.0,-25.86523,1.9254255,0.6418085,0.24800001,0.0,0.23855327,0.0,0.0
hardzero_only__c0p58__z1p00__lam0p000__nu0p50__psi0p00,0.072,support,38,1070,0.0,14,0.46658584,0.476782,0.476782,0.84889656,0.1416131,0.1416131,1.0,0.010196143,0.072,0.0,0.0,0.0,0.0,-24.888693,1.8676097,0.6225366,0.2,0.0,0.2514473,0.0,0.0
hardzero_only__c0p58__z1p00__lam0p000__nu0p50__psi0p00,0.072,support,38,1071,0.0,14,0.476782,0.48686218,0.48686218,0.8538639,0.1400026,0.1400026,1.0,0.010080187,0.072,0.0,0.0,0.0,0.0,-25.971949,1.8785381,0.6261794,0.208,0.0,0.24594972,0.0,0.0
hardzero_only__c0p58__z1p00__lam0p000__nu0p50__psi0p00,0.072,support,38,1072,0.0,14,0.48686218,0.49646094,0.49646094,0.8751178,0.13331598,0.13331598,1.0,0.009598751,0.072,0.0,0.0,0.0,0.0,-25.763905,1.9252976,0.6417659,0.14400001,0.0,0.26484445,0.0,0.0
hardzero_only__c0p58__z1p00__lam0p000__nu0p50__psi0p00,0.072,support,38,1073,0.0,14,0.49646094,0.5062677,0.5062677,0.8658059,0.13620533,0.13620533,1.0,0.009806783,0.072,0.0,0.0,0.0,0.0,-25.666903,1.904811,0.63493705,0.23200001,0.0,0.26529902,0.0,0.0
hardzero_only__c0p58__z1p00__lam0p000__nu0p50__psi0p00,0.072,support,38,1074,0.0,14,0.5062677,0.51584077,0.51584077,0.8762812,0.13295932,0.13295932,1.0,0.00957307,0.072,0.0,0.0,0.0,0.0,-25.889303,1.9278572,0.6426191,0.272,0.0,0.24733081,0.0,0.0
hardzero_only__c0p58__z1p00__lam0p000__nu0p50__psi0p00,0.072,support,38,1075,0.0,14,0.51584077,0.52655196,0.52655196,0.82749546,0.14876631,0.14876631,1.0,0.0107111735,0.072,0.0,0.0,0.0,0.0,-25.5012,1.8205264,0.60684216,0.256,0.0,0.27638716,0.0,0.0
hardzero_only__c0p58__z1p00__lam0p000__nu0p50__psi0p00,0.072,support,38,1076,0.0,14,0.52655196,0.5367432,0.5367432,0.849105,0.14154515,0.14154515,1.0,0.01019125,0.072,0.0,0.0,0.0,0.0,-25.800503,1.8680683,0.6226895,0.192,0.0,0.26970416,0.0,0.0
hardzero_only__c0p58__z1p00__lam0p000__nu0p50__psi0p00,0.072,support,38,1077,0.0,14,0.5367432,0.54798704,0.54798704,0.80641884,0.15616408,0.15616408,1.0,0.011243814,0.072,0.0,0.0,0.0,0.0,-24.651041,1.7741568,0.5913856,0.216,0.0,0.2559808,0.0,0.0
hardzero_only__c0p58__z1p00__lam0p000__nu0p50__psi0p00,0.072,support,38,1078,0.0,14,0.54798704,0.55868953,0.55868953,0.8278469,0.14864595,0.14864595,1.0,0.0107025085,0.072,0.0,0.0,0.0,0.0,-24.500816,1.8212996,0.6070999,0.256,0.0,0.2362952,0.0,0.0
hardzero_only__c0p58__z1p00__lam0p000__nu0p50__psi0p00,0.072,support,38,1079,0.0,14,0.55868953,0.5681248,0.5681248,0.8825809,0.1310446,0.1310446,1.0,0.00943521,0.072,0.0,0.0,0.0,0.0,-25.440332,1.9417167,0.6472389,0.17,0.0,0.20063826,0.0,0.0
hardzero_only__c0p58__z1p00__lam0p000__nu0p50__psi0p00,0.072,support,38,1080,0.0,14,0.5681248,0.5787916,0.5787916,0.82929647,0.14815064,0.14815064,1.0,0.010666845,0.072,0.0,0.0,0.0,0.0,-24.599712,1.8244886,0.6081629,0.264,0.0,0.240455,0.0,0.0
hardzero_only__c0p58__z1p00__lam0p000__nu0p50__psi0p00,0.072,support,38,1081,0.0,14,0.5787916,0.58975494,0.58975494,0.8173914,0.15226799,0.15226799,1.0,0.010963295,0.072,0.0,0.0,0.0,0.0,-24.540226,1.7982969,0.59943235,0.28,0.0,0.25779706,0.0,0.0
hardzero_only__c0p58__z1p00__lam0p000__nu0p50__psi0p00,0.072,support,38,1082,1.0,15,0.58975494,0.019474711,0.019474711,0.86967725,0.1349966,0.1349966,1.0,0.009719755,0.072,0.0,0.0,0.0,0.0,-25.609621,1.9133282,0.6377761,0.216,0.0,0.26401192,0.0,0.0
hardzero_only__c0p58__z1p00__lam0p000__nu0p50__psi0p00,0.072,support,38,1083,0.0,15,0.019474711,0.029907059,0.029907059,0.8389505,0.1448937,0.1448937,1.0,0.010432347,0.072,0.0,0.0,0.0,0.0,-25.317324,1.845728,0.6152427,0.272,0.016,0.30176175,0.0,0.0
hardzero_only__c0p58__z1p00__lam0p000__nu0p50__psi0p00,0.072,support,38,1084,0.0,15,0.029907059,0.03940577,0.03940577,0.8796679,0.13192654,0.13192654,1.0,0.00949871,0.072,0.0,0.0,0.0,0.0,-25.390966,1.935308,0.6451027,0.256,0.0,0.28361812,0.0,0.0
hardzero_only__c0p58__z1p00__lam0p000__nu0p50__psi0p00,0.072,support,38,1085,0.0,15,0.03940577,0.049950294,0.049950294,0.8343055,0.14645171,0.14645171,1.0,0.010544523,0.072,0.0,0.0,0.0,0.0,-24.551565,1.8355088,0.6118363,0.24000001,0.0,0.27785987,0.0,0.0
hardzero_only__c0p58__z1p00__lam0p000__nu0p50__psi0p00,0.072,support,38,1086,0.0,15,0.049950294,0.061089113,0.061089113,0.8104934,0.15470581,0.15470581,1.0,0.011138817,0.072,0.0,0.0,0.0,0.0,-23.975441,1.7831211,0.5943737,0.272,0.0,0.29504874,0.0,0.0
hardzero_only__c0p58__z1p00__lam0p000__nu0p50__psi0p00,0.072,support,38,1087,0.0,15,0.061089113,0.07106596,0.07106596,0.8583391,0.13856734,0.13856734,1.0,0.009976848,0.072,0.0,0.0,0.0,0.0,-25.005135,1.8883836,0.6294612,0.16000001,0.0,0.2777219,0.0,0.0
hardzero_only__c0p58__z1p00__lam0p000__nu0p50__psi0p00,0.072,support,38,1088,0.0,15,0.07106596,0.08277422,0.08277422,0.78884,0.16261478,0.16261478,1.0,0.011708263,0.072,0.0,0.0,0.0,0.0,-23.891617,1.7354827,0.57849425,0.328,0.0,0.288217,0.0,0.0
hardzero_only__c0p58__z1p00__lam0p000__nu0p50__psi0p00,0.072,support,38,1089,0.0,15,0.08277422,0.09366636,0.09366636,0.8202194,0.15127967,0.15127967,1.0,0.010892136,0.072,0.0,0.0,0.0,0.0,-24.58156,1.8045187,0.60150623,0.28,0.0,0.28916845,0.0,0.0
hardzero_only__c0p58__z1p00__lam0p000__nu0p50__psi0p00,0.072,support,38,1090,0.0,15,0.09366636,0.105222926,0.105222926,0.7945035,0.16050792,0.16050792,1.0,0.0115565695,0.072,0.0,0.0,0.0,0.0,-24.43015,1.7479427,0.58264756,0.272,0.0,0.30296463,0.0,0.0
hardzero_only__c0p58__z1p00__lam0p000__nu0p50__psi0p00,0.072,support,38,1091,0.0,15,0.105222926,0.115213804,0.115213804,0.85772884,0.13876218,0.13876218,1.0,0.009990877,0.072,0.0,0.0,0.0,0.0,-24.516294,1.8870411,0.6290137,0.224,0.0,0.27708274,0.0,0.0
hardzero_only__c0p58__z1p00__lam0p000__nu0p50__psi0p00,0.072,support,38,1092,0.0,15,0.115213804,0.12592939,0.12592939,0.8273165,0.1488276,0.1488276,1.0,0.010715586,0.072,0.0,0.0,0.0,0.0,-25.249044,1.8201327,0.6067109,0.26999998,0.0,0.2455851,0.0,0.0
hardzero_only__c0p58__z1p00__lam0p000__nu0p50__psi0p00,0.072,support,38,1093,0.0,15,0.12592939,0.1369545,0.1369545,0.8149492,0.15312664,0.15312664,1.0,0.011025118,0.072,0.0,0.0,0.0,0.0,-24.378962,1.792924,0.59764135,0.24000001,0.0,0.2846786,0.0,0.0
hardzero_only__c0p58__z1p00__lam0p000__nu0p50__psi0p00,0.072,support,38,1094,0.0,15,0.1369545,0.14819574,0.14819574,0.806518,0.15612842,0.15612842,1.0,0.011241246,0.072,0.0,0.0,0.0,0.0,-24.06315,1.7743751,0.5914584,0.24000001,0.0,0.25420335,0.0,0.0
hardzero_only__c0p58__z1p00__lam0p000__nu0p50__psi0p00,0.072,support,38,1095,0.0,15,0.14819574,0.15893638,0.15893638,0.8263026,0.14917548,0.14917548,1.0,0.010740634,0.072,0.0,0.0,0.0,0.0,-24.662313,1.817902,0.60596734,0.224,0.0,0.2800045,0.0,0.0
hardzero_only__c0p58__z1p00__lam0p000__nu0p50__psi0p00,0.072,support,38,1096,0.0,15,0.15893638,0.16962576,0.16962576,0.82838035,0.14846349,0.14846349,1.0,0.01068937,0.072,0.0,0.0,0.0,0.0,-24.105158,1.8224732,0.6074911,0.28,0.0,0.25148457,0.0,0.0
hardzero_only__c0p58__z1p00__lam0p000__nu0p50__psi0p00,0.072,support,38,1097,0.0,15,0.16962576,0.17979449,0.17979449,0.8500657,0.14123237,0.14123237,1.0,0.01016873,0.072,0.0,0.0,0.0,0.0,-24.851286,1.8701819,0.623394,0.24000001,0.0,0.28573656,0.0,0.0
hardzero_only__c0p58__z1p00__lam0p000__nu0p50__psi0p00,0.072,support,38,1098,0.0,15,0.17979449,0.19087352,0.19087352,0.8128306,0.15387546,0.15387546,1.0,0.011079032,0.072,0.0,0.0,0.0,0.0,-23.963726,1.7882631,0.5960877,0.17600001,0.0,0.27597818,0.0,0.0
hardzero_only__c0p58__z1p00__lam0p000__nu0p50__psi0p00,0.072,support,38,1099,0.0,15,0.19087352,0.20134711,0.20134711,0.83723646,0.14546667,0.14546667,1.0,0.0104736,0.072,0.0,0.0,0.0,0.0,-25.305851,1.841957,0.61398566,0.2,0.0,0.2882132,0.0,0.0
hardzero_only__c0p58__z1p00__lam0p000__nu0p50__psi0p00,0.072,support,38,1100,0.0,15,0.20134711,0.21064627,0.21064627,0.88888854,0.12915507,0.12915507,1.0,0.009299165,0.072,0.0,0.0,0.0,0.0,-25.178028,1.9555938,0.65186465,0.208,0.0,0.3043603,0.0,0.0
hardzero_only__c0p58__z1p00__lam0p000__nu0p50__psi0p00,0.072,support,38,1101,0.0,15,0.21064627,0.2220008,0.2220008,0.8021636,0.15770172,0.15770172,1.0,0.011354523,0.072,0.0,0.0,0.0,0.0,-24.750816,1.7647952,0.58826506,0.24000001,0.0,0.28078347,0.0,0.0
hardzero_only__c0p58__z1p00__lam0p000__nu0p50__psi0p00,0.072,support,38,1102,0.0,15,0.2220008,0.23230913,0.23230913,0.84414387,0.14317136,0.14317136,1.0,0.010308337,0.072,0.0,0.0,0.0,0.0,-24.626787,1.8571537,0.6190512,0.208,0.0,0.28405768,0.0,0.0
hardzero_only__c0p58__z1p00__lam0p000__nu0p50__psi0p00,0.072,support,38,1103,0.0,15,0.23230913,0.24364956,0.24364956,0.8027031,0.15750593,0.15750593,1.0,0.011340426,0.072,0.0,0.0,0.0,0.0,-23.933538,1.765982,0.5886607,0.24800001,0.0,0.28676185,0.0,0.0
hardzero_only__c0p58__z1p00__lam0p000__nu0p50__psi0p00,0.072,support,38,1104,0.0,15,0.24364956,0.25359252,0.25359252,0.8598165,0.13809675,0.13809675,1.0,0.009942966,0.072,0.0,0.0,0.0,0.0,-25.08325,1.8916341,0.6305447,0.17600001,0.0,0.27657413,0.0,0.0
hardzero_only__c0p58__z1p00__lam0p000__nu0p50__psi0p00,0.072,support,38,1105,0.0,15,0.25359252,0.26435775,0.26435775,0.825309,0.14951716,0.14951716,1.0,0.010765235,0.072,0.0,0.0,0.0,0.0,-24.88175,1.815716,0.6052387,0.26999998,0.0,0.26668587,0.0,0.0
hardzero_only__c0p58__z1p00__lam0p000__nu0p50__psi0p00,0.072,support,38,1106,0.0,15,0.26435775,0.27526042,0.27526042,0.8197992,0.15142612,0.15142612,1.0,0.01090268,0.072,0.0,0.0,0.0,0.0,-24.397062,1.8035942,0.6011981,0.224,0.0,0.27172786,0.0,0.0
hardzero_only__c0p58__z1p00__lam0p000__nu0p50__psi0p00,0.072,support,38,1107,0.0,15,0.27526042,0.28635493,0.28635493,0.81222475,0.15409027,0.15409027,1.0,0.011094499,0.072,0.0,0.0,0.0,0.0,-23.959723,1.7869301,0.5956434,0.256,0.008,0.28983414,0.0,0.0
hardzero_only__c0p58__z1p00__lam0p000__nu0p50__psi0p00,0.072,support,38,1108,0.0,15,0.28635493,0.29734457,0.29734457,0.8163495,0.15263371,0.15263371,1.0,0.010989627,0.072,0.0,0.0,0.0,0.0,-23.484564,1.7960048,0.5986683,0.28,0.0,0.2709453,0.0,0.0
hardzero_only__c0p58__z1p00__lam0p000__nu0p50__psi0p00,0.072,support,38,1109,0.0,15,0.29734457,0.3079537,0.3079537,0.8316527,0.14734904,0.14734904,1.0,0.01060913,0.072,0.0,0.0,0.0,0.0,-24.698,1.8296725,0.6098908,0.2,0.0,0.2745008,0.0,0.0
hardzero_only__c0p58__z1p00__lam0p000__nu0p50__psi0p00,0.072,support,38,1110,0.0,15,0.3079537,0.31889704,0.31889704,0.81818193,0.15199105,0.15199105,1.0,0.010943355,0.072,0.0,0.0,0.0,0.0,-24.812746,1.8000362,0.60001206,0.256,0.0,0.2669306,0.0,0.0
hardzero_only__c0p58__z1p00__lam0p000__nu0p50__psi0p00,0.072,support,38,1111,0.0,15,0.31889704,0.3301952,0.3301952,0.8043253,0.15691872,0.15691872,1.0,0.011298147,0.072,0.0,0.0,0.0,0.0,-24.768818,1.7695509,0.5898503,0.296,0.0,0.28318205,0.0,0.0
hardzero_only__c0p58__z1p00__lam0p000__nu0p50__psi0p00,0.072,support,38,1112,0.0,15,0.3301952,0.34046754,0.34046754,0.84566206,0.14267173,0.14267173,1.0,0.010272364,0.072,0.0,0.0,0.0,0.0,-24.257214,1.8604937,0.6201646,0.256,0.0,0.2623961,0.0,0.0
hardzero_only__c0p58__z1p00__lam0p000__nu0p50__psi0p00,0.072,support,38,1113,0.0,15,0.34046754,0.35058138,0.35058138,0.8524162,0.14047006,0.14047006,1.0,0.010113844,0.072,0.0,0.0,0.0,0.0,-25.0951,1.8753531,0.6251177,0.23200001,0.0,0.2716438,0.0,0.0
hardzero_only__c0p58__z1p00__lam0p000__nu0p50__psi0p00,0.072,support,38,1114,0.0,15,0.35058138,0.36172175,0.36172175,0.8104326,0.15472746,0.15472746,1.0,0.011140376,0.072,0.0,0.0,0.0,0.0,-24.186031,1.7829874,0.5943291,0.216,0.0,0.27927664,0.0,0.0
hardzero_only__c0p58__z1p00__lam0p000__nu0p50__psi0p00,0.072,support,38,1115,0.0,15,0.36172175,0.3726329,0.3726329,0.81946266,0.15154351,0.15154351,1.0,0.010911132,0.072,0.0,0.0,0.0,0.0,-24.40731,1.8028538,0.6009513,0.208,0.0,0.279403,0.0,0.0
hardzero_only__c0p58__z1p00__lam0p000__nu0p50__psi0p00,0.072,support,38,1116,0.0,15,0.3726329,0.38325006,0.38325006,0.8313238,0.14746067,0.14746067,1.0,0.010617168,0.072,0.0,0.0,0.0,0.0,-24.575016,1.8289489,0.60964966,0.224,0.0,0.27876934,0.0,0.0
hardzero_only__c0p58__z1p00__lam0p000__nu0p50__psi0p00,0.072,support,38,1117,0.0,15,0.38325006,0.39335632,0.39335632,0.8527418,0.1403648,0.1403648,1.0,0.010106265,0.072,0.0,0.0,0.0,0.0,-24.980179,1.8760693,0.62535644,0.28800002,0.008,0.29698578,0.0,0.0
hardzero_only__c0p58__z1p00__lam0p000__nu0p50__psi0p00,0.072,support,38,1118,0.0,15,0.39335632,0.4033663,0.4033663,0.8568995,0.13902742,0.13902742,1.0,0.010009973,0.072,0.0,0.0,0.0,0.0,-25.064844,1.8852166,0.6284056,0.22999999,0.0,0.2489119,0.0,0.0
hardzero_only__c0p58__z1p00__lam0p000__nu0p50__psi0p00,0.072,support,38,1119,0.0,15,0.4033663,0.41452262,0.41452262,0.8098114,0.15494895,0.15494895,1.0,0.011156324,0.072,0.0,0.0,0.0,0.0,-24.244413,1.7816207,0.5938736,0.24000001,0.0,0.2810589,0.0,0.0
hardzero_only__c0p58__z1p00__lam0p000__nu0p50__psi0p00,0.072,support,38,1120,0.0,15,0.41452262,0.4247677,0.4247677,0.8468171,0.14229278,0.14229278,1.0,0.01024508,0.072,0.0,0.0,0.0,0.0,-24.89097,1.8630347,0.6210116,0.264,0.0,0.27001685,0.0,0.0
hardzero_only__c0p58__z1p00__lam0p000__nu0p50__psi0p00,0.072,support,38,1121,0.0,15,0.4247677,0.43600857,0.43600857,0.8065326,0.15612318,0.15612318,1.0,0.011240868,0.072,0.0,0.0,0.0,0.0,-24.366915,1.7744071,0.59146905,0.24000001,0.008,0.28767234,0.0,0.0
hardzero_only__c0p58__z1p00__lam0p000__nu0p50__psi0p00,0.072,support,38,1122,0.0,15,0.43600857,0.4465393,0.4465393,0.83487403,0.14626013,0.14626013,1.0,0.010530729,0.072,0.0,0.0,0.0,0.0,-25.334352,1.8367596,0.6122532,0.23200001,0.0,0.30123308,0.0,0.0
hardzero_only__c0p58__z1p00__lam0p000__nu0p50__psi0p00,0.072,support,38,1123,0.0,15,0.4465393,0.45673472,0.45673472,0.8489278,0.14160292,0.14160292,1.0,0.01019541,0.072,0.0,0.0,0.0,0.0,-24.401327,1.8676784,0.6225595,0.2,0.0,0.28207132,0.0,0.0
hardzero_only__c0p58__z1p00__lam0p000__nu0p50__psi0p00,0.072,support,38,1124,0.0,15,0.45673472,0.46769366,0.46769366,0.81756437,0.15220736,0.15220736,1.0,0.01095893,0.072,0.0,0.0,0.0,0.0,-24.827133,1.7986776,0.5995592,0.24800001,0.0,0.28459924,0.0,0.0
hardzero_only__c0p58__z1p00__lam0p000__nu0p50__psi0p00,0.072,support,38,1125,0.0,15,0.46769366,0.47792944,0.47792944,0.8472112,0.14216374,0.14216374,1.0,0.010235788,0.072,0.0,0.0,0.0,0.0,-24.690794,1.8639019,0.62130064,0.256,0.0,0.29703334,0.0,0.0
hardzero_only__c0p58__z1p00__lam0p000__nu0p50__psi0p00,0.072,support,38,1126,0.0,15,0.47792944,0.48812062,0.48812062,0.84910774,0.14154424,0.14154424,1.0,0.0101911845,0.072,0.0,0.0,0.0,0.0,-24.23861,1.8680743,0.62269145,0.216,0.0,0.27982658,0.0,0.0
hardzero_only__c0p58__z1p00__lam0p000__nu0p50__psi0p00,0.072,support,38,1127,0.0,15,0.48812062,0.49893516,0.49893516,0.8233235,0.15020226,0.15020226,1.0,0.010814562,0.072,0.0,0.0,0.0,0.0,-24.631609,1.8113478,0.60378265,0.32000002,0.008,0.27091798,0.0,0.0
hardzero_only__c0p58__z1p00__lam0p000__nu0p50__psi0p00,0.072,support,38,1128,0.0,15,0.49893516,0.50958204,0.50958204,0.83010894,0.14787374,0.14787374,1.0,0.0106469095,0.072,0.0,0.0,0.0,0.0,-25.006939,1.8262762,0.60875875,0.272,0.0,0.3000353,0.0,0.0
hardzero_only__c0p58__z1p00__lam0p000__nu0p50__psi0p00,0.072,support,38,1129,0.0,15,0.50958204,0.5209269,0.5209269,0.80253273,0.15756772,0.15756772,1.0,0.011344876,0.072,0.0,0.0,0.0,0.0,-24.341661,1.7656072,0.5885358,0.296,0.0,0.2792093,0.0,0.0
hardzero_only__c0p58__z1p00__lam0p000__nu0p50__psi0p00,0.072,support,38,1130,0.0,15,0.5209269,0.53225505,0.53225505,0.8031741,0.1573352,0.1573352,1.0,0.011328135,0.072,0.0,0.0,0.0,0.0,-23.766335,1.7670182,0.58900607,0.23200001,0.0,0.2734184,0.0,0.0
hardzero_only__c0p58__z1p00__lam0p000__nu0p50__psi0p00,0.072,support,38,1131,0.0,15,0.53225505,0.54220665,0.54220665,0.8594404,0.1382164,0.1382164,1.0,0.009951581,0.072,0.0,0.0,0.0,0.0,-24.87064,1.8908066,0.6302689,0.25,0.0,0.25473642,0.0,0.0
hardzero_only__c0p58__z1p00__lam0p000__nu0p50__psi0p00,0.072,support,38,1132,0.0,15,0.54220665,0.55321515,0.55321515,0.8156035,0.15289614,0.15289614,1.0,0.011008522,0.072,0.0,0.0,0.0,0.0,-24.37134,1.7943635,0.59812117,0.24800001,0.0,0.29402852,0.0,0.0
hardzero_only__c0p58__z1p00__lam0p000__nu0p50__psi0p00,0.072,support,38,1133,0.0,15,0.55321515,0.5630286,0.5630286,0.86551046,0.136298,0.136298,1.0,0.009813456,0.072,0.0,0.0,0.0,0.0,-25.044626,1.904161,0.6347203,0.272,0.0,0.27621186,0.0,0.0
hardzero_only__c0p58__z1p00__lam0p000__nu0p50__psi0p00,0.072,support,38,1134,0.0,15,0.5630286,0.5736628,0.5736628,0.83062553,0.14769796,0.14769796,1.0,0.010634252,0.072,0.0,0.0,0.0,0.0,-24.423845,1.8274126,0.60913754,0.18400002,0.0,0.29517886,0.0,0.0
hardzero_only__c0p58__z1p00__lam0p000__nu0p50__psi0p00,0.072,support,38,1135,0.0,15,0.5736628,0.58426017,0.58426017,0.83213603,0.14718515,0.14718515,1.0,0.0105973305,0.072,0.0,0.0,0.0,0.0,-25.147142,1.8307358,0.6102453,0.256,0.0,0.28546715,0.0,0.0
hardzero_only__c0p58__z1p00__lam0p000__nu0p50__psi0p00,0.072,support,38,1136,1.0,16,0.58426017,0.015127571,0.015127571,0.8212072,0.15093596,0.15093596,1.0,0.010867389,0.072,0.0,0.0,0.0,0.0,-24.536724,1.806692,0.60223067,0.2,0.0,0.27188396,0.0,0.0
hardzero_only__c0p58__z1p00__lam0p000__nu0p50__psi0p00,0.072,support,38,1137,0.0,16,0.015127571,0.026178602,0.026178602,0.8139297,0.15348653,0.15348653,1.0,0.01105103,0.072,0.0,0.0,0.0,0.0,-24.58486,1.790681,0.59689367,0.23200001,0.0,0.34433293,0.0,0.0
hardzero_only__c0p58__z1p00__lam0p000__nu0p50__psi0p00,0.072,support,38,1138,0.0,16,0.026178602,0.037485372,0.037485372,0.80399394,0.15703848,0.15703848,1.0,0.01130677,0.072,0.0,0.0,0.0,0.0,-24.452662,1.768822,0.58960736,0.28,0.0,0.32530463,0.0,0.0
hardzero_only__c0p58__z1p00__lam0p000__nu0p50__psi0p00,0.072,support,38,1139,0.0,16,0.037485372,0.04837586,0.04837586,0.8202852,0.15125675,0.15125675,1.0,0.010890486,0.072,0.0,0.0,0.0,0.0,-24.669231,1.8046634,0.6015545,0.2,0.008,0.33176595,0.0,0.0
hardzero_only__c0p58__z1p00__lam0p000__nu0p50__psi0p00,0.072,support,38,1140,0.0,16,0.04837586,0.059149165,0.059149165,0.82498354,0.14962925,0.14962925,1.0,0.010773306,0.072,0.0,0.0,0.0,0.0,-25.068407,1.815,0.605,0.2,0.0,0.3693774,0.0,0.0
hardzero_only__c0p58__z1p00__lam0p000__nu0p50__psi0p00,0.072,support,38,1141,0.0,16,0.059149165,0.07059851,0.07059851,0.79855174,0.15901873,0.15901873,1.0,0.011449348,0.072,0.0,0.0,0.0,0.0,-23.776684,1.7568489,0.58561635,0.272,0.0,0.31847477,0.0,0.0
hardzero_only__c0p58__z1p00__lam0p000__nu0p50__psi0p00,0.072,support,38,1142,0.0,16,0.07059851,0.082024276,0.082024276,0.7994471,0.15869121,0.15869121,1.0,0.011425767,0.072,0.0,0.0,0.0,0.0,-23.60902,1.7588187,0.58627295,0.28800002,0.0,0.32452613,0.0,0.0
hardzero_only__c0p58__z1p00__lam0p000__nu0p50__psi0p00,0.072,support,38,1143,0.0,16,0.082024276,0.09256676,0.09256676,0.8343895,0.1464234,0.1464234,1.0,0.010542484,0.072,0.0,0.0,0.0,0.0,-25.30319,1.8356936,0.6118979,0.224,0.0,0.35443372,0.0,0.0
hardzero_only__c0p58__z1p00__lam0p000__nu0p50__psi0p00,0.072,support,38,1144,0.0,16,0.09256676,0.10320467,0.10320467,0.83047605,0.1477488,0.1477488,1.0,0.010637913,0.072,0.0,0.0,0.0,0.0,-24.065926,1.8270838,0.609028,0.26999998,0.0,0.29658234,0.0,0.0
hardzero_only__c0p58__z1p00__lam0p000__nu0p50__psi0p00,0.072,support,38,1145,0.0,16,0.10320467,0.11459794,0.11459794,0.8006841,0.15823987,0.15823987,1.0,0.01139327,0.072,0.0,0.0,0.0,0.0,-24.05538,1.7615402,0.5871801,0.256,0.0,0.32640442,0.0,0.0
hardzero_only__c0p58__z1p00__lam0p000__nu0p50__psi0p00,0.072,support,38,1146,0.0,16,0.11459794,0.12525617,0.12525617,0.8296478,0.14803085,0.14803085,1.0,0.01065822,0.072,0.0,0.0,0.0,0.0,-24.679094,1.8252616,0.60842055,0.264,0.008,0.37224728,0.0,0.0
hardzero_only__c0p58__z1p00__lam0p000__nu0p50__psi0p00,0.072,support,38,1147,0.0,16,0.12525617,0.13629074,0.13629074,0.81457686,0.153258,0.153258,1.0,0.011034575,0.072,0.0,0.0,0.0,0.0,-24.523632,1.7921048,0.5973683,0.272,0.0,0.33844596,0.0,0.0
hardzero_only__c0p58__z1p00__lam0p000__nu0p50__psi0p00,0.072,support,38,1148,0.0,16,0.13629074,0.14878143,0.14878143,0.7607462,0.17348175,0.17348175,1.0,0.012490685,0.072,0.0,0.0,0.0,0.0,-23.654148,1.6736751,0.5578917,0.28800002,0.0,0.33778724,0.0,0.0
hardzero_only__c0p58__z1p00__lam0p000__nu0p50__psi0p00,0.072,support,38,1149,0.0,16,0.14878143,0.15932497,0.15932497,0.83434594,0.14643808,0.14643808,1.0,0.010543541,0.072,0.0,0.0,0.0,0.0,-24.430744,1.8355978,0.61186594,0.208,0.0,0.33078954,0.0,0.0
hardzero_only__c0p58__z1p00__lam0p000__nu0p50__psi0p00,0.072,support,38,1150,0.0,16,0.15932497,0.17092751,0.17092751,0.7927795,0.16114636,0.16114636,1.0,0.011602538,0.072,0.0,0.0,0.0,0.0,-23.698906,1.7441497,0.5813832,0.216,0.0,0.3530568,0.0,0.0
hardzero_only__c0p58__z1p00__lam0p000__nu0p50__psi0p00,0.072,support,38,1151,0.0,16,0.17092751,0.18149835,0.18149835,0.833223,0.14681722,0.14681722,1.0,0.01057084,0.072,0.0,0.0,0.0,0.0,-24.617271,1.8331271,0.6110424,0.216,0.0,0.32023463,0.0,0.0
hardzero_only__c0p58__z1p00__lam0p000__nu0p50__psi0p00,0.072,support,38,1152,0.0,16,0.18149835,0.19273569,0.19273569,0.80666876,0.15607424,0.15607424,1.0,0.011237345,0.072,0.0,0.0,0.0,0.0,-23.733845,1.7747067,0.59156895,0.24000001,0.008,0.31730095,0.0,0.0
hardzero_only__c0p58__z1p00__lam0p000__nu0p50__psi0p00,0.072,support,38,1153,0.0,16,0.19273569,0.20355013,0.20355013,0.8233284,0.15020059,0.15020059,1.0,0.010814442,0.072,0.0,0.0,0.0,0.0,-24.684608,1.8113586,0.60378623,0.256,0.0,0.34064838,0.0,0.0
hardzero_only__c0p58__z1p00__lam0p000__nu0p50__psi0p00,0.072,support,38,1154,0.0,16,0.20355013,0.21437092,0.21437092,0.82307327,0.15028884,0.15028884,1.0,0.010820796,0.072,0.0,0.0,0.0,0.0,-24.532774,1.8107973,0.60359913,0.24000001,0.0,0.32806554,0.0,0.0
hardzero_only__c0p58__z1p00__lam0p000__nu0p50__psi0p00,0.072,support,38,1155,0.0,16,0.21437092,0.22542237,0.22542237,0.8139131,0.15349239,0.15349239,1.0,0.011051452,0.072,0.0,0.0,0.0,0.0,-24.666859,1.7906446,0.59688157,0.2,0.0,0.340727,0.0,0.0
hardzero_only__c0p58__z1p00__lam0p000__nu0p50__psi0p00,0.072,support,38,1156,0.0,16,0.22542237,0.23508213,0.23508213,0.87236553,0.13416353,0.13416353,1.0,0.009659774,0.072,0.0,0.0,0.0,0.0,-25.355833,1.9192425,0.6397475,0.14400001,0.0,0.3125611,0.0,0.0
hardzero_only__c0p58__z1p00__lam0p000__nu0p50__psi0p00,0.072,support,38,1157,0.0,16,0.23508213,0.24554689,0.24554689,0.8376035,0.1453438,0.1453438,1.0,0.010464753,0.072,0.0,0.0,0.0,0.0,-24.723036,1.8427645,0.61425483,0.26,0.0,0.27605566,0.0,0.0
hardzero_only__c0p58__z1p00__lam0p000__nu0p50__psi0p00,0.072,support,38,1158,0.0,16,0.24554689,0.25746468,0.25746468,0.7811367,0.16552489,0.16552489,1.0,0.011917791,0.072,0.0,0.0,0.0,0.0,-24.231344,1.7185351,0.57284504,0.256,0.0,0.3495823,0.0,0.0
hardzero_only__c0p58__z1p00__lam0p000__nu0p50__psi0p00,0.072,support,38,1159,0.0,16,0.25746468,0.26839516,0.26839516,0.81869376,0.15181205,0.15181205,1.0,0.010930466,0.072,0.0,0.0,0.0,0.0,-24.521933,1.8011622,0.60038745,0.28,0.0,0.32079783,0.0,0.0
hardzero_only__c0p58__z1p00__lam0p000__nu0p50__psi0p00,0.072,support,38,1160,0.0,16,0.26839516,0.27878013,0.27878013,0.8409265,0.14423592,0.14423592,1.0,0.010384986,0.072,0.0,0.0,0.0,0.0,-25.173569,1.8500754,0.6166918,0.224,0.0,0.33252773,0.0,0.0
hardzero_only__c0p58__z1p00__lam0p000__nu0p50__psi0p00,0.072,support,38,1161,0.0,16,0.27878013,0.28991988,0.28991988,0.810457,0.15471877,0.15471877,1.0,0.011139751,0.072,0.0,0.0,0.0,0.0,-24.215197,1.783041,0.594347,0.28,0.0,0.33607382,0.0,0.0
hardzero_only__c0p58__z1p00__lam0p000__nu0p50__psi0p00,0.072,support,38,1162,0.0,16,0.28991988,0.30107647,0.30107647,0.809801,0.15495266,0.15495266,1.0,0.011156591,0.072,0.0,0.0,0.0,0.0,-23.41858,1.7815977,0.59386593,0.24000001,0.0,0.31319687,0.0,0.0
hardzero_only__c0p58__z1p00__lam0p000__nu0p50__psi0p00,0.072,support,38,1163,0.0,16,0.30107647,0.31318873,0.31318873,0.77410764,0.1682257,0.1682257,1.0,0.012112251,0.072,0.0,0.0,0.0,0.0,-23.917765,1.7030708,0.56769025,0.296,0.0,0.3474667,0.0,0.0
hardzero_only__c0p58__z1p00__lam0p000__nu0p50__psi0p00,0.072,support,38,1164,0.0,16,0.31318873,0.32401717,0.32401717,0.8227662,0.15039514,0.15039514,1.0,0.010828449,0.072,0.0,0.0,0.0,0.0,-24.694477,1.8101218,0.60337394,0.256,0.0,0.3400406,0.0,0.0
hardzero_only__c0p58__z1p00__lam0p000__nu0p50__psi0p00,0.072,support,38,1165,0.0,16,0.32401717,0.33519897,0.33519897,0.8088212,0.15530263,0.15530263,1.0,0.0111817885,0.072,0.0,0.0,0.0,0.0,-23.887835,1.7794422,0.5931474,0.23200001,0.0,0.30936813,0.0,0.0
hardzero_only__c0p58__z1p00__lam0p000__nu0p50__psi0p00,0.072,support,38,1166,0.0,16,0.33519897,0.34585908,0.34585908,0.8295711,0.14805697,0.14805697,1.0,0.010660102,0.072,0.0,0.0,0.0,0.0,-24.697575,1.8250929,0.60836434,0.272,0.0,0.35476395,0.0,0.0
hardzero_only__c0p58__z1p00__lam0p000__nu0p50__psi0p00,0.072,support,38,1167,0.0,16,0.34585908,0.35699475,0.35699475,0.8106161,0.1546621,0.1546621,1.0,0.011135671,0.072,0.0,0.0,0.0,0.0,-24.688356,1.783391,0.5944637,0.224,0.0,0.38315886,0.0,0.0
hardzero_only__c0p58__z1p00__lam0p000__nu0p50__psi0p00,0.072,support,38,1168,0.0,16,0.35699475,0.3680327,0.3680327,0.8144448,0.1533046,0.1533046,1.0,0.011037931,0.072,0.0,0.0,0.0,0.0,-24.567226,1.7918143,0.59727144,0.224,0.0,0.34704015,0.0,0.0
hardzero_only__c0p58__z1p00__lam0p000__nu0p50__psi0p00,0.072,support,38,1169,0.0,16,0.3680327,0.3790731,0.3790731,0.8143471,0.15333909,0.15333909,1.0,0.011040414,0.072,0.0,0.0,0.0,0.0,-25.113146,1.7915994,0.5971998,0.23200001,0.0,0.34843233,0.0,0.0
hardzero_only__c0p58__z1p00__lam0p000__nu0p50__psi0p00,0.072,support,38,1170,0.0,16,0.3790731,0.3906158,0.3906158,0.7950257,0.16031505,0.16031505,1.0,0.0115426835,0.072,0.0,0.0,0.0,0.0,-24.229721,1.7490915,0.5830305,0.35,0.0,0.27020326,0.0,0.0
hardzero_only__c0p58__z1p00__lam0p000__nu0p50__psi0p00,0.072,support,38,1171,0.0,16,0.3906158,0.40150523,0.40150523,0.82032675,0.15124229,0.15124229,1.0,0.0108894445,0.072,0.0,0.0,0.0,0.0,-24.729504,1.8047549,0.601585,0.328,0.0,0.34352538,0.0,0.0
hardzero_only__c0p58__z1p00__lam0p000__nu0p50__psi0p00,0.072,support,38,1172,0.0,16,0.40150523,0.41244525,0.41244525,0.81831455,0.15194465,0.15194465,1.0,0.010940014,0.072,0.0,0.0,0.0,0.0,-24.672733,1.800328,0.60010934,0.192,0.0,0.31540686,0.0,0.0
hardzero_only__c0p58__z1p00__lam0p000__nu0p50__psi0p00,0.072,support,38,1173,0.0,16,0.41244525,0.42179644,0.42179644,0.88646466,0.12987791,0.12987791,1.0,0.009351209,0.072,0.0,0.0,0.0,0.0,-26.271687,1.9502612,0.6500871,0.2,0.0,0.35208562,0.0,0.0
hardzero_only__c0p58__z1p00__lam0p000__nu0p50__psi0p00,0.072,support,38,1174,0.0,16,0.42179644,0.43195975,0.43195975,0.8502976,0.14115699,0.14115699,1.0,0.0101633025,0.072,0.0,0.0,0.0,0.0,-25.09935,1.870692,0.623564,0.2,0.0,0.32325277,0.0,0.0
hardzero_only__c0p58__z1p00__lam0p000__nu0p50__psi0p00,0.072,support,38,1175,0.0,16,0.43195975,0.44262037,0.44262037,0.8295505,0.148064,0.148064,1.0,0.010660607,0.072,0.0,0.0,0.0,0.0,-24.24156,1.8250475,0.6083492,0.24800001,0.0,0.35018337,0.0,0.0
hardzero_only__c0p58__z1p00__lam0p000__nu0p50__psi0p00,0.072,support,38,1176,0.0,16,0.44262037,0.4536553,0.4536553,0.81456244,0.15326308,0.15326308,1.0,0.011034941,0.072,0.0,0.0,0.0,0.0,-24.682526,1.7920731,0.59735775,0.32000002,0.008,0.3489812,0.0,0.0
hardzero_only__c0p58__z1p00__lam0p000__nu0p50__psi0p00,0.072,support,38,1177,0.0,16,0.4536553,0.46442494,0.46442494,0.8251316,0.14957824,0.14957824,1.0,0.010769633,0.072,0.0,0.0,0.0,0.0,-24.043514,1.8153257,0.6051086,0.272,0.0,0.32797462,0.0,0.0
hardzero_only__c0p58__z1p00__lam0p000__nu0p50__psi0p00,0.072,support,38,1178,0.0,16,0.46442494,0.47484112,0.47484112,0.83962345,0.14466937,0.14466937,1.0,0.010416194,0.072,0.0,0.0,0.0,0.0,-24.918682,1.8472085,0.6157362,0.216,0.0,0.3411865,0.0,0.0
hardzero_only__c0p58__z1p00__lam0p000__nu0p50__psi0p00,0.072,support,38,1179,0.0,16,0.47484112,0.48547253,0.48547253,0.83074105,0.14765868,0.14765868,1.0,0.010631424,0.072,0.0,0.0,0.0,0.0,-25.266449,1.8276668,0.6092223,0.2,0.0,0.31628883,0.0,0.0
hardzero_only__c0p58__z1p00__lam0p000__nu0p50__psi0p00,0.072,support,38,1180,0.0,16,0.48547253,0.4956404,0.4956404,0.8501024,0.14122044,0.14122044,1.0,0.010167871,0.072,0.0,0.0,0.0,0.0,-25.65653,1.8702627,0.62342095,0.28,0.0,0.33939475,0.0,0.0
hardzero_only__c0p58__z1p00__lam0p000__nu0p50__psi0p00,0.072,support,38,1181,0.0,16,0.4956404,0.50705624,0.50705624,0.7998253,0.15855308,0.15855308,1.0,0.0114158215,0.072,0.0,0.0,0.0,0.0,-24.556772,1.7596508,0.5865503,0.24800001,0.0,0.34391826,0.0,0.0
hardzero_only__c0p58__z1p00__lam0p000__nu0p50__psi0p00,0.072,support,38,1182,0.0,16,0.50705624,0.5183244,0.5183244,0.80547947,0.15650222,0.15650222,1.0,0.011268159,0.072,0.0,0.0,0.0,0.0,-24.145494,1.7720902,0.59069675,0.28800002,0.0,0.34428298,0.0,0.0
hardzero_only__c0p58__z1p00__lam0p000__nu0p50__psi0p00,0.072,support,38,1183,0.0,16,0.5183244,0.53039664,0.53039664,0.7755433,0.16767052,0.16767052,1.0,0.012072276,0.072,0.0,0.0,0.0,0.0,-23.961016,1.7062293,0.5687431,0.28,0.01,0.32868138,0.0,0.0
hardzero_only__c0p58__z1p00__lam0p000__nu0p50__psi0p00,0.072,support,38,1184,0.0,16,0.53039664,0.54061216,0.54061216,0.8480722,0.14188218,0.14188218,1.0,0.010215516,0.072,0.0,0.0,0.0,0.0,-25.429016,1.8657961,0.621932,0.24800001,0.0,0.35249752,0.0,0.0
hardzero_only__c0p58__z1p00__lam0p000__nu0p50__psi0p00,0.072,support,38,1185,0.0,16,0.54061216,0.5519826,0.5519826,0.80155516,0.15792279,0.15792279,1.0,0.01137044,0.072,0.0,0.0,0.0,0.0,-24.107466,1.7634566,0.58781886,0.28800002,0.008,0.31361863,0.0,0.0
hardzero_only__c0p58__z1p00__lam0p000__nu0p50__psi0p00,0.072,support,38,1186,0.0,16,0.5519826,0.5635699,0.5635699,0.79334956,0.16093497,0.16093497,1.0,0.011587317,0.072,0.0,0.0,0.0,0.0,-24.063183,1.7454039,0.5818013,0.28800002,0.0,0.32944524,0.0,0.0
hardzero_only__c0p58__z1p00__lam0p000__nu0p50__psi0p00,0.072,support,38,1187,0.0,16,0.5635699,0.575189,0.575189,0.79216063,0.16137616,0.16137616,1.0,0.011619084,0.072,0.0,0.0,0.0,0.0,-25.115446,1.7427882,0.5809294,0.264,0.0,0.35956398,0.0,0.0
hardzero_only__c0p58__z1p00__lam0p000__nu0p50__psi0p00,0.072,support,38,1188,0.0,16,0.575189,0.5862454,0.5862454,0.81371826,0.15356128,0.15356128,1.0,0.011056412,0.072,0.0,0.0,0.0,0.0,-24.7654,1.790216,0.5967387,0.30400002,0.0,0.35380393,0.0,0.0
hardzero_only__c0p58__z1p00__lam0p000__nu0p50__psi0p00,0.072,support,38,1189,1.0,17,0.5862454,0.01733876,0.01733876,0.8122707,0.15407397,0.15407397,1.0,0.011093325,0.072,0.0,0.0,0.0,0.0,-23.516447,1.7870312,0.5956771,0.30400002,0.008,0.32944137,0.0,0.0
hardzero_only__c0p58__z1p00__lam0p000__nu0p50__psi0p00,0.072,support,38,1190,0.0,17,0.01733876,0.029800316,0.029800316,0.7617602,0.17307718,0.17307718,1.0,0.012461556,0.072,0.0,0.0,0.0,0.0,-24.327398,1.6759058,0.5586353,0.272,0.0,0.39699015,0.0,0.0
hardzero_only__c0p58__z1p00__lam0p000__nu0p50__psi0p00,0.072,support,38,1191,0.0,17,0.029800316,0.04183029,0.04183029,0.77706784,0.16708297,0.16708297,1.0,0.012029973,0.072,0.0,0.0,0.0,0.0,-23.899855,1.7095834,0.5698612,0.24000001,0.0,0.40566114,0.0,0.0
hardzero_only__c0p58__z1p00__lam0p000__nu0p50__psi0p00,0.072,support,38,1192,0.0,17,0.04183029,0.053947337,0.053947337,0.7739358,0.1682923,0.1682923,1.0,0.012117045,0.072,0.0,0.0,0.0,0.0,-23.689297,1.7026927,0.56756425,0.24000001,0.008,0.39629397,0.0,0.0
hardzero_only__c0p58__z1p00__lam0p000__nu0p50__psi0p00,0.072,support,38,1193,0.0,17,0.053947337,0.06523019,0.06523019,0.80491346,0.15670633,0.15670633,1.0,0.011282856,0.072,0.0,0.0,0.0,0.0,-24.01615,1.7708449,0.59028167,0.216,0.0,0.39870834,0.0,0.0
hardzero_only__c0p58__z1p00__lam0p000__nu0p50__psi0p00,0.072,support,38,1194,0.0,17,0.06523019,0.077200204,0.077200204,0.77923775,0.16625023,0.16625023,1.0,0.011970016,0.072,0.0,0.0,0.0,0.0,-23.437708,1.7143573,0.57145244,0.28,0.0,0.3703455,0.0,0.0
hardzero_only__c0p58__z1p00__lam0p000__nu0p50__psi0p00,0.072,support,38,1195,0.0,17,0.077200204,0.089086026,0.089086026,0.78230333,0.16508083,0.16508083,1.0,0.011885819,0.072,0.0,0.0,0.0,0.0,-24.492239,1.7211016,0.57370055,0.24800001,0.0,0.38392285,0.0,0.0
hardzero_only__c0p58__z1p00__lam0p000__nu0p50__psi0p00,0.072,support,38,1196,0.0,17,0.089086026,0.09890204,0.09890204,0.8653972,0.13633355,0.13633355,1.0,0.009816015,0.072,0.0,0.0,0.0,0.0,-25.879173,1.9039118,0.6346373,0.17,0.0,0.3456495,0.0,0.0
hardzero_only__c0p58__z1p00__lam0p000__nu0p50__psi0p00,0.072,support,38,1197,0.0,17,0.09890204,0.10999731,0.10999731,0.8121945,0.15410101,0.15410101,1.0,0.011095272,0.072,0.0,0.0,0.0,0.0,-25.163363,1.7868637,0.5956212,0.24000001,0.0,0.41697726,0.0,0.0
hardzero_only__c0p58__z1p00__lam0p000__nu0p50__psi0p00,0.072,support,38,1198,0.0,17,0.10999731,0.12104535,0.12104535,0.8140471,0.15344504,0.15344504,1.0,0.011048042,0.072,0.0,0.0,0.0,0.0,-24.45693,1.7909393,0.5969798,0.30400002,0.0,0.35111716,0.0,0.0
hardzero_only__c0p58__z1p00__lam0p000__nu0p50__psi0p00,0.072,support,38,1199,0.0,17,0.12104535,0.13194576,0.13194576,0.8198896,0.15139459,0.15139459,1.0,0.01090041,0.072,0.0,0.0,0.0,0.0,-24.095755,1.8037932,0.6012644,0.16000001,0.0,0.39756617,0.0,0.0
hardzero_only__c0p58__z1p00__lam0p000__nu0p50__psi0p00,0.072,support,38,1200,0.0,17,0.13194576,0.14327116,0.14327116,0.80327857,0.15729736,0.15729736,1.0,0.01132541,0.072,0.0,0.0,0.0,0.0,-24.379728,1.7672482,0.5890827,0.24800001,0.0,0.37780997,0.0,0.0
hardzero_only__c0p58__z1p00__lam0p000__nu0p50__psi0p00,0.072,support,38,1201,0.0,17,0.14327116,0.15333398,0.15333398,0.8546129,0.13976134,0.13976134,1.0,0.010062817,0.072,0.0,0.0,0.0,0.0,-24.99802,1.8801858,0.62672865,0.224,0.0,0.37746823,0.0,0.0
hardzero_only__c0p58__z1p00__lam0p000__nu0p50__psi0p00,0.072,support,38,1202,0.0,17,0.15333398,0.16623667,0.16623667,0.746652,0.17920412,0.17920412,1.0,0.012902697,0.072,0.0,0.0,0.0,0.0,-22.785915,1.6426672,0.54755574,0.35200003,0.0,0.35872334,0.0,0.0
hardzero_only__c0p58__z1p00__lam0p000__nu0p50__psi0p00,0.072,support,38,1203,0.0,17,0.16623667,0.17697507,0.17697507,0.826393,0.14914441,0.14914441,1.0,0.010738397,0.072,0.0,0.0,0.0,0.0,-25.26059,1.8181009,0.6060337,0.24800001,0.0,0.38215974,0.0,0.0
hardzero_only__c0p58__z1p00__lam0p000__nu0p50__psi0p00,0.072,support,38,1204,0.0,17,0.17697507,0.18869597,0.18869597,0.7883717,0.16279022,0.16279022,1.0,0.011720896,0.072,0.0,0.0,0.0,0.0,-24.502886,1.7344524,0.5781508,0.24800001,0.0,0.40744114,0.0,0.0
hardzero_only__c0p58__z1p00__lam0p000__nu0p50__psi0p00,0.072,support,38,1205,0.0,17,0.18869597,0.19994602,0.19994602,0.80617815,0.15625066,0.15625066,1.0,0.011250047,0.072,0.0,0.0,0.0,0.0,-24.79953,1.7736274,0.5912092,0.30400002,0.0,0.3975657,0.0,0.0
hardzero_only__c0p58__z1p00__lam0p000__nu0p50__psi0p00,0.072,support,38,1206,0.0,17,0.19994602,0.21194503,0.21194503,0.77818704,0.16665293,0.16665293,1.0,0.011999011,0.072,0.0,0.0,0.0,0.0,-23.959812,1.7120457,0.5706819,0.256,0.0,0.39480987,0.0,0.0
hardzero_only__c0p58__z1p00__lam0p000__nu0p50__psi0p00,0.072,support,38,1207,0.0,17,0.21194503,0.22272086,0.22272086,0.8248819,0.14966427,0.14966427,1.0,0.010775827,0.072,0.0,0.0,0.0,0.0,-25.223282,1.8147764,0.6049255,0.24000001,0.0,0.43171775,0.0,0.0
hardzero_only__c0p58__z1p00__lam0p000__nu0p50__psi0p00,0.072,support,38,1208,0.0,17,0.22272086,0.23339903,0.23339903,0.8288354,0.14830801,0.14830801,1.0,0.010678176,0.072,0.0,0.0,0.0,0.0,-25.115765,1.8234744,0.6078248,0.30400002,0.0,0.37959084,0.0,0.0
hardzero_only__c0p58__z1p00__lam0p000__nu0p50__psi0p00,0.072,support,38,1209,0.0,17,0.23339903,0.24395208,0.24395208,0.8339545,0.14657013,0.14657013,1.0,0.010553049,0.072,0.0,0.0,0.0,0.0,-24.922655,1.8347366,0.6115789,0.22,0.0,0.32930425,0.0,0.0
hardzero_only__c0p58__z1p00__lam0p000__nu0p50__psi0p00,0.072,support,38,1210,0.0,17,0.24395208,0.25532883,0.25532883,0.80131465,0.15801029,0.15801029,1.0,0.01137674,0.072,0.0,0.0,0.0,0.0,-23.485443,1.7629274,0.5876425,0.296,0.0,0.37491018,0.0,0.0
hardzero_only__c0p58__z1p00__lam0p000__nu0p50__psi0p00,0.072,support,38,1211,0.0,17,0.25532883,0.26684582,0.26684582,0.7959938,0.15995808,0.15995808,1.0,0.011516981,0.072,0.0,0.0,0.0,0.0,-24.409918,1.7512213,0.5837405,0.28,0.0,0.3875843,0.0,0.0
hardzero_only__c0p58__z1p00__lam0p000__nu0p50__psi0p00,0.072,support,38,1212,0.0,17,0.26684582,0.27830637,0.27830637,0.7981269,0.15917435,0.15917435,1.0,0.011460553,0.072,0.0,0.0,0.0,0.0,-23.874722,1.7559142,0.58530474,0.32000002,0.0,0.39705053,0.0,0.0
hardzero_only__c0p58__z1p00__lam0p000__nu0p50__psi0p00,0.072,support,38,1213,0.0,17,0.27830637,0.2901943,0.2901943,0.782226,0.16511025,0.16511025,1.0,0.011887937,0.072,0.0,0.0,0.0,0.0,-23.386457,1.7209316,0.5736439,0.30400002,0.0,0.39360064,0.0,0.0
hardzero_only__c0p58__z1p00__lam0p000__nu0p50__psi0p00,0.072,support,38,1214,0.0,17,0.2901943,0.3009093,0.3009093,0.82734036,0.14881942,0.14881942,1.0,0.010714998,0.072,0.0,0.0,0.0,0.0,-24.612251,1.8201852,0.60672843,0.30400002,0.0,0.37309727,0.0,0.0
hardzero_only__c0p58__z1p00__lam0p000__nu0p50__psi0p00,0.072,support,38,1215,0.0,17,0.3009093,0.31225798,0.31225798,0.80238724,0.1576205,0.1576205,1.0,0.011348676,0.072,0.0,0.0,0.0,0.0,-24.347557,1.7652872,0.5884291,0.28800002,0.0,0.40048483,0.0,0.0
hardzero_only__c0p58__z1p00__lam0p000__nu0p50__psi0p00,0.072,support,38,1216,0.0,17,0.31225798,0.32337192,0.32337192,0.8114642,0.15436037,0.15436037,1.0,0.011113946,0.072,0.0,0.0,0.0,0.0,-24.565784,1.7852569,0.5950856,0.16000001,0.0,0.4120137,0.0,0.0
hardzero_only__c0p58__z1p00__lam0p000__nu0p50__psi0p00,0.072,support,38,1217,0.0,17,0.32337192,0.33552417,0.33552417,0.77267593,0.16878119,0.16878119,1.0,0.012152245,0.072,0.0,0.0,0.0,0.0,-24.148434,1.699921,0.5666404,0.272,0.0,0.38025132,0.0,0.0
hardzero_only__c0p58__z1p00__lam0p000__nu0p50__psi0p00,0.072,support,38,1218,0.0,17,0.33552417,0.345661,0.345661,0.85142934,0.14078963,0.14078963,1.0,0.010136853,0.072,0.0,0.0,0.0,0.0,-25.500727,1.8731819,0.624394,0.128,0.0,0.38091803,0.0,0.0
hardzero_only__c0p58__z1p00__lam0p000__nu0p50__psi0p00,0.072,support,38,1219,0.0,17,0.345661,0.35759327,0.35759327,0.78060985,0.1657258,0.1657258,1.0,0.011932257,0.072,0.0,0.0,0.0,0.0,-24.310717,1.717376,0.5724587,0.23200001,0.0,0.37809104,0.0,0.0
hardzero_only__c0p58__z1p00__lam0p000__nu0p50__psi0p00,0.072,support,38,1220,0.0,17,0.35759327,0.368723,0.368723,0.81084704,0.15457988,0.15457988,1.0,0.011129751,0.072,0.0,0.0,0.0,0.0,-23.728188,1.7838991,0.59463304,0.296,0.0,0.38159472,0.0,0.0
hardzero_only__c0p58__z1p00__lam0p000__nu0p50__psi0p00,0.072,support,38,1221,0.0,17,0.368723,0.38021222,0.38021222,0.79704225,0.1595724,0.1595724,1.0,0.011489212,0.072,0.0,0.0,0.0,0.0,-23.655437,1.753528,0.5845094,0.272,0.0,0.36765006,0.0,0.0
hardzero_only__c0p58__z1p00__lam0p000__nu0p50__psi0p00,0.072,support,38,1222,0.0,17,0.38021222,0.39236936,0.39236936,0.7725005,0.1688494,0.1688494,1.0,0.012157156,0.072,0.0,0.0,0.0,0.0,-23.448132,1.6995351,0.56651175,0.24,0.0,0.34211951,0.0,0.0
hardzero_only__c0p58__z1p00__lam0p000__nu0p50__psi0p00,0.072,support,38,1223,0.0,17,0.39236936,0.4039494,0.4039494,0.7936223,0.16083393,0.16083393,1.0,0.011580043,0.072,0.0,0.0,0.0,0.0,-23.78302,1.746004,0.5820013,0.16000001,0.0,0.38249534,0.0,0.0
hardzero_only__c0p58__z1p00__lam0p000__nu0p50__psi0p00,0.072,support,38,1224,0.0,17,0.4039494,0.4147659,0.4147659,0.8232467,0.15022883,0.15022883,1.0,0.010816475,0.072,0.0,0.0,0.0,0.0,-25.121452,1.8111789,0.6037263,0.17600001,0.0,0.40185693,0.0,0.0
hardzero_only__c0p58__z1p00__lam0p000__nu0p50__psi0p00,0.072,support,38,1225,0.0,17,0.4147659,0.42580882,0.42580882,0.8142487,0.15337385,0.15337385,1.0,0.011042917,0.072,0.0,0.0,0.0,0.0,-24.296616,1.7913829,0.5971277,0.264,0.0,0.37816322,0.0,0.0
hardzero_only__c0p58__z1p00__lam0p000__nu0p50__psi0p00,0.072,support,38,1226,0.0,17,0.42580882,0.43727854,0.43727854,0.7977798,0.15930162,0.15930162,1.0,0.011469716,0.072,0.0,0.0,0.0,0.0,-23.949894,1.7551506,0.5850502,0.24000001,0.0,0.37246403,0.0,0.0
hardzero_only__c0p58__z1p00__lam0p000__nu0p50__psi0p00,0.072,support,38,1227,0.0,17,0.43727854,0.4483559,0.4483559,0.8128957,0.1538524,0.1538524,1.0,0.011077372,0.072,0.0,0.0,0.0,0.0,-24.396223,1.7884063,0.59613544,0.216,0.0,0.38316402,0.0,0.0
hardzero_only__c0p58__z1p00__lam0p000__nu0p50__psi0p00,0.072,support,38,1228,0.0,17,0.4483559,0.45960245,0.45960245,0.8063143,0.15620168,0.15620168,1.0,0.01124652,0.072,0.0,0.0,0.0,0.0,-24.652365,1.7739269,0.59130895,0.264,0.008,0.3821709,0.0,0.0
hardzero_only__c0p58__z1p00__lam0p000__nu0p50__psi0p00,0.072,support,38,1229,0.0,17,0.45960245,0.470852,0.470852,0.8061974,0.15624373,0.15624373,1.0,0.011249548,0.072,0.0,0.0,0.0,0.0,-23.98594,1.7736697,0.59122324,0.312,0.0,0.38724762,0.0,0.0
hardzero_only__c0p58__z1p00__lam0p000__nu0p50__psi0p00,0.072,support,38,1230,0.0,17,0.470852,0.482058,0.482058,0.80788124,0.15563911,0.15563911,1.0,0.011206016,0.072,0.0,0.0,0.0,0.0,-24.358826,1.7773741,0.59245807,0.224,0.0,0.3905185,0.0,0.0
hardzero_only__c0p58__z1p00__lam0p000__nu0p50__psi0p00,0.072,support,38,1231,0.0,17,0.482058,0.493734,0.493734,0.7900378,0.16216688,0.16216688,1.0,0.011676014,0.072,0.0,0.0,0.0,0.0,-23.651941,1.7381179,0.57937264,0.30400002,0.0,0.38947773,0.0,0.0
hardzero_only__c0p58__z1p00__lam0p000__nu0p50__psi0p00,0.072,support,38,1232,0.0,17,0.493734,0.505221,0.505221,0.79712474,0.1595421,0.1595421,1.0,0.01148703,0.072,0.0,0.0,0.0,0.0,-24.873257,1.7537094,0.5845698,0.30400002,0.0,0.3772073,0.0,0.0
hardzero_only__c0p58__z1p00__lam0p000__nu0p50__psi0p00,0.072,support,38,1233,0.0,17,0.505221,0.51550215,0.51550215,0.84529144,0.14279354,0.14279354,1.0,0.010281134,0.072,0.0,0.0,0.0,0.0,-24.02507,1.8596783,0.6198928,0.192,0.0,0.3744189,0.0,0.0
hardzero_only__c0p58__z1p00__lam0p000__nu0p50__psi0p00,0.072,support,38,1234,0.0,17,0.51550215,0.5266155,0.5266155,0.81148845,0.15435174,0.15435174,1.0,0.011113325,0.072,0.0,0.0,0.0,0.0,-24.776985,1.7853103,0.59510344,0.2,0.0,0.38425818,0.0,0.0
hardzero_only__c0p58__z1p00__lam0p000__nu0p50__psi0p00,0.072,support,38,1235,0.0,17,0.5266155,0.53881085,0.53881085,0.7711376,0.1693801,0.1693801,1.0,0.012195366,0.072,0.0,0.0,0.0,0.0,-23.71221,1.6965365,0.5655122,0.32,0.0,0.3404917,0.0,0.0
hardzero_only__c0p58__z1p00__lam0p000__nu0p50__psi0p00,0.072,support,38,1236,0.0,17,0.53881085,0.5504889,0.5504889,0.789963,0.1621948,0.1621948,1.0,0.011678025,0.072,0.0,0.0,0.0,0.0,-23.752115,1.7379533,0.5793178,0.264,0.0,0.39584133,0.0,0.0
hardzero_only__c0p58__z1p00__lam0p000__nu0p50__psi0p00,0.072,support,38,1237,0.0,17,0.5504889,0.5622546,0.5622546,0.78671485,0.16341245,0.16341245,1.0,0.011765696,0.072,0.0,0.0,0.0,0.0,-23.617712,1.7308072,0.57693577,0.30400002,0.008,0.41567564,0.0,0.0
hardzero_only__c0p58__z1p00__lam0p000__nu0p50__psi0p00,0.072,support,38,1238,0.0,17,0.5622546,0.57312185,0.57312185,0.82121414,0.15093356,0.15093356,1.0,0.010867216,0.072,0.0,0.0,0.0,0.0,-24.850319,1.8067071,0.60223573,0.296,0.0,0.40412927,0.0,0.0
hardzero_only__c0p58__z1p00__lam0p000__nu0p50__psi0p00,0.072,support,38,1239,0.0,17,0.57312185,0.58442444,0.58442444,0.80415523,0.15698017,0.15698017,1.0,0.011302572,0.072,0.0,0.0,0.0,0.0,-24.349808,1.7691768,0.5897256,0.23200001,0.0,0.39081556,0.0,0.0
hardzero_only__c0p58__z1p00__lam0p000__nu0p50__psi0p00,0.072,support,38,1240,1.0,18,0.58442444,0.015142672,0.015142672,0.82720983,0.14886416,0.14886416,1.0,0.010718219,0.072,0.0,0.0,0.0,0.0,-25.586834,1.819898,0.6066327,0.296,0.0,0.38509986,0.0,0.0
hardzero_only__c0p58__z1p00__lam0p000__nu0p50__psi0p00,0.072,support,38,1241,0.0,18,0.015142672,0.026497267,0.026497267,0.8021608,0.15770273,0.15770273,1.0,0.011354596,0.072,0.0,0.0,0.0,0.0,-24.43091,1.764789,0.58826303,0.24000001,0.0,0.45385396,0.0,0.0
hardzero_only__c0p58__z1p00__lam0p000__nu0p50__psi0p00,0.072,support,38,1242,0.0,18,0.026497267,0.038369656,0.038369656,0.7827945,0.16489427,0.16489427,1.0,0.011872387,0.072,0.0,0.0,0.0,0.0,-24.213036,1.7221823,0.5740608,0.30400002,0.0,0.46316555,0.0,0.0
hardzero_only__c0p58__z1p00__lam0p000__nu0p50__psi0p00,0.072,support,38,1243,0.0,18,0.038369656,0.048857823,0.048857823,0.8366328,0.14566903,0.14566903,1.0,0.010488169,0.072,0.0,0.0,0.0,0.0,-25.39472,1.8406289,0.613543,0.216,0.0,0.44947812,0.0,0.0
hardzero_only__c0p58__z1p00__lam0p000__nu0p50__psi0p00,0.072,support,38,1244,0.0,18,0.048857823,0.060238402,0.060238402,0.8011681,0.15806362,0.15806362,1.0,0.01138058,0.072,0.0,0.0,0.0,0.0,-24.202147,1.762605,0.587535,0.23200001,0.0,0.4347526,0.0,0.0
hardzero_only__c0p58__z1p00__lam0p000__nu0p50__psi0p00,0.072,support,38,1245,0.0,18,0.060238402,0.07136457,0.07136457,0.810987,0.15453008,0.15453008,1.0,0.011126165,0.072,0.0,0.0,0.0,0.0,-24.321983,1.784207,0.5947357,0.328,0.0,0.44520134,0.0,0.0
hardzero_only__c0p58__z1p00__lam0p000__nu0p50__psi0p00,0.072,support,38,1246,0.0,18,0.07136457,0.08355315,0.08355315,0.77137935,0.16928583,0.16928583,1.0,0.01218858,0.072,0.0,0.0,0.0,0.0,-23.59276,1.6970685,0.5656895,0.224,0.0,0.44407588,0.0,0.0
hardzero_only__c0p58__z1p00__lam0p000__nu0p50__psi0p00,0.072,support,38,1247,0.0,18,0.08355315,0.09485945,0.09485945,0.8040118,0.15703201,0.15703201,1.0,0.0113063045,0.072,0.0,0.0,0.0,0.0,-23.30501,1.7688613,0.5896205,0.24000001,0.0,0.43959656,0.0,0.0
hardzero_only__c0p58__z1p00__lam0p000__nu0p50__psi0p00,0.072,support,38,1248,0.0,18,0.09485945,0.10678066,0.10678066,0.781012,0.1655724,0.1655724,1.0,0.011921213,0.072,0.0,0.0,0.0,0.0,-23.737646,1.7182608,0.5727536,0.29999998,0.0,0.376467,0.0,0.0
hardzero_only__c0p58__z1p00__lam0p000__nu0p50__psi0p00,0.072,support,38,1249,0.0,18,0.10678066,0.118733406,0.118733406,0.77986485,0.16601035,0.16601035,1.0,0.011952745,0.072,0.0,0.0,0.0,0.0,-24.347128,1.7157369,0.5719123,0.272,0.0,0.5013005,0.0,0.0
