mechanism_tag,alpha,family,seed,update,update_u,update_counter,energy_E_pre,energy_E_post,energy_E_raw,funding_z,funding_g,funding_g_raw,funding_cut_active,funding_income,funding_alpha_eff,support_s,debt_charge,debt_level_pre,debt_level_post,episode_return_end_mean,terminal_min_dists_end_mean,terminal_dbar_end,terminal_occupied_end_mean,terminal_CSR_train,vartd_VarTD,depr_F,depr_F_post
hardzero_only__c0p58__z1p00__lam0p000__nu0p50__psi0p00,0.069,borrow,32,0,1.0,1,1.0,0.42000002,0.42000002,1.0750173,0.0,0.08413616,0.0,0.0,0.069,0.0,0.0,0.0,0.0,-27.862705,2.3650854,0.7883618,0.16,0.0,0.13813628,0.0,0.0
hardzero_only__c0p58__z1p00__lam0p000__nu0p50__psi0p00,0.069,borrow,32,1,1.0,2,0.42000002,-0.15999997,-0.15999997,1.0383499,0.0,0.091548264,0.0,0.0,0.069,0.0,0.0,0.0,0.15999997,-27.47996,2.2844152,0.76147175,0.120000005,0.0,0.1479145,0.0,0.0
hardzero_only__c0p58__z1p00__lam0p000__nu0p50__psi0p00,0.069,borrow,32,2,0.0,2,-0.15999997,-0.15999997,-0.15999997,1.0948973,0.0,0.080371626,0.0,0.0,0.069,0.0,0.0,0.15999997,0.15999997,-28.205387,2.408822,0.8029407,0.112,0.0,0.19302548,0.0,0.0
hardzero_only__c0p58__z1p00__lam0p000__nu0p50__psi0p00,0.069,borrow,32,3,0.0,2,-0.15999997,-0.15300362,-0.15300362,0.99397755,0.101396374,0.101396374,1.0,0.0069963494,0.069,0.0,0.0,0.15999997,0.15300362,-27.138102,2.1867943,0.7289314,0.128,0.0,0.16598615,0.0,0.0
hardzero_only__c0p58__z1p00__lam0p000__nu0p50__psi0p00,0.069,borrow,32,4,0.0,2,-0.15300362,-0.15300362,-0.15300362,1.0926123,0.0,0.080795616,0.0,0.0,0.069,0.0,0.0,0.15300362,0.15300362,-28.55214,2.403795,0.801265,0.120000005,0.0,0.15212221,0.0,0.0
hardzero_only__c0p58__z1p00__lam0p000__nu0p50__psi0p00,0.069,borrow,32,5,0.0,2,-0.15300362,-0.15300362,-0.15300362,1.0158712,0.0,0.09641149,0.0,0.0,0.069,0.0,0.0,0.15300362,0.15300362,-27.623259,2.2349613,0.74498713,0.17600001,0.0,0.15692149,0.0,0.0
hardzero_only__c0p58__z1p00__lam0p000__nu0p50__psi0p00,0.069,borrow,32,6,0.0,2,-0.15300362,-0.15300362,-0.15300362,1.0497366,0.0,0.08917917,0.0,0.0,0.069,0.0,0.0,0.15300362,0.15300362,-27.614662,2.3094666,0.76982224,0.14400001,0.0,0.16106726,0.0,0.0
hardzero_only__c0p58__z1p00__lam0p000__nu0p50__psi0p00,0.069,borrow,32,7,0.0,2,-0.15300362,-0.15300362,-0.15300362,1.0244557,0.0,0.09452447,0.0,0.0,0.069,0.0,0.0,0.15300362,0.15300362,-27.494896,2.2538474,0.75128245,0.2,0.0,0.1564833,0.0,0.0
hardzero_only__c0p58__z1p00__lam0p000__nu0p50__psi0p00,0.069,borrow,32,8,0.0,2,-0.15300362,-0.14593013,-0.14593013,0.98921555,0.10251429,0.10251429,1.0,0.0070734858,0.069,0.0,0.0,0.15300362,0.14593013,-26.932962,2.1763177,0.72543925,0.16000001,0.0,0.15234116,0.0,0.0
hardzero_only__c0p58__z1p00__lam0p000__nu0p50__psi0p00,0.069,borrow,32,9,0.0,2,-0.14593013,-0.14593013,-0.14593013,1.0523314,0.0,0.08864791,0.0,0.0,0.069,0.0,0.0,0.14593013,0.14593013,-28.152128,2.3151755,0.7717252,0.136,0.0,0.15706584,0.0,0.0
hardzero_only__c0p58__z1p00__lam0p000__nu0p50__psi0p00,0.069,borrow,32,10,0.0,2,-0.14593013,-0.13751335,-0.13751335,0.91370374,0.12198214,0.12198214,1.0,0.008416767,0.069,0.0,0.0,0.14593013,0.13751335,-25.600222,2.0101883,0.6700628,0.216,0.0,0.11717166,0.0,0.0
hardzero_only__c0p58__z1p00__lam0p000__nu0p50__psi0p00,0.069,borrow,32,11,0.0,2,-0.13751335,-0.13751335,-0.13751335,1.005359,0.0,0.09877361,0.0,0.0,0.069,0.0,0.0,0.13751335,0.13751335,-27.601904,2.211834,0.737278,0.23200001,0.0,0.17091459,0.0,0.0
hardzero_only__c0p58__z1p00__lam0p000__nu0p50__psi0p00,0.069,borrow,32,12,0.0,2,-0.13751335,-0.13751335,-0.13751335,1.0039192,0.0,0.099101625,0.0,0.0,0.069,0.0,0.0,0.13751335,0.13751335,-27.1474,2.2086663,0.73622215,0.192,0.0,0.18357752,0.0,0.0
hardzero_only__c0p58__z1p00__lam0p000__nu0p50__psi0p00,0.069,borrow,32,13,0.0,2,-0.13751335,-0.13751335,-0.13751335,1.0084261,0.0,0.09807851,0.0,0.0,0.069,0.0,0.0,0.13751335,0.13751335,-27.215889,2.2185817,0.7395272,0.14,0.0,0.151664,0.0,0.0
hardzero_only__c0p58__z1p00__lam0p000__nu0p50__psi0p00,0.069,borrow,32,14,0.0,2,-0.13751335,-0.1301348,-0.1301348,0.97087806,0.10693549,0.10693549,1.0,0.007378549,0.069,0.0,0.0,0.13751335,0.1301348,-26.354116,2.1359744,0.7119915,0.128,0.0,0.13470097,0.0,0.0
hardzero_only__c0p58__z1p00__lam0p000__nu0p50__psi0p00,0.069,borrow,32,15,0.0,2,-0.1301348,-0.1301348,-0.1301348,1.024213,0.0,0.094577335,0.0,0.0,0.069,0.0,0.0,0.1301348,0.1301348,-27.52093,2.2533135,0.75110453,0.14400001,0.0,0.14971629,0.0,0.0
hardzero_only__c0p58__z1p00__lam0p000__nu0p50__psi0p00,0.069,borrow,32,16,0.0,2,-0.1301348,-0.1301348,-0.1301348,1.0229474,0.0,0.094853334,0.0,0.0,0.069,0.0,0.0,0.1301348,0.1301348,-27.001629,2.2505293,0.7501764,0.192,0.0,0.16807355,0.0,0.0
hardzero_only__c0p58__z1p00__lam0p000__nu0p50__psi0p00,0.069,borrow,32,17,0.0,2,-0.1301348,-0.1301348,-0.1301348,1.0357782,0.0,0.09209199,0.0,0.0,0.069,0.0,0.0,0.1301348,0.1301348,-27.474451,2.2787573,0.7595858,0.112,0.0,0.14162551,0.0,0.0
hardzero_only__c0p58__z1p00__lam0p000__nu0p50__psi0p00,0.069,borrow,32,18,0.0,2,-0.1301348,-0.12321452,-0.12321452,0.99872524,0.10029395,0.10029395,1.0,0.0069202823,0.069,0.0,0.0,0.1301348,0.12321452,-27.070282,2.1972394,0.7324132,0.192,0.0,0.1810153,0.0,0.0
hardzero_only__c0p58__z1p00__lam0p000__nu0p50__psi0p00,0.069,borrow,32,19,0.0,2,-0.12321452,-0.11625708,-0.11625708,0.99639964,0.10083245,0.10083245,1.0,0.006957439,0.069,0.0,0.0,0.12321452,0.11625708,-27.062372,2.192123,0.73070765,0.16000001,0.0,0.13873462,0.0,0.0
hardzero_only__c0p58__z1p00__lam0p000__nu0p50__psi0p00,0.069,borrow,32,20,0.0,2,-0.11625708,-0.11625708,-0.11625708,1.0201603,0.0,0.09546401,0.0,0.0,0.069,0.0,0.0,0.11625708,0.11625708,-27.144667,2.2443974,0.74813247,0.16000001,0.0,0.1541681,0.0,0.0
hardzero_only__c0p58__z1p00__lam0p000__nu0p50__psi0p00,0.069,borrow,32,21,0.0,2,-0.11625708,-0.11625708,-0.11625708,1.000811,0.0,0.09981344,0.0,0.0,0.069,0.0,0.0,0.11625708,0.11625708,-26.28189,2.2018282,0.73394275,0.18400002,0.0,0.15510887,0.0,0.0
hardzero_only__c0p58__z1p00__lam0p000__nu0p50__psi0p00,0.069,borrow,32,22,0.0,2,-0.11625708,-0.109347485,-0.109347485,0.9993968,0.100139,0.100139,1.0,0.0069095907,0.069,0.0,0.0,0.11625708,0.109347485,-26.801289,2.1987169,0.7329056,0.16800001,0.0,0.14381297,0.0,0.0
hardzero_only__c0p58__z1p00__lam0p000__nu0p50__psi0p00,0.069,borrow,32,23,0.0,2,-0.109347485,-0.109347485,-0.109347485,1.0678561,0.0,0.08553502,0.0,0.0,0.069,0.0,0.0,0.109347485,0.109347485,-29.202904,2.3493302,0.7831101,0.14400001,0.0,0.18845978,0.0,0.0
hardzero_only__c0p58__z1p00__lam0p000__nu0p50__psi0p00,0.069,borrow,32,24,0.0,2,-0.109347485,-0.10178878,-0.10178878,0.96040195,0.10954639,0.10954639,1.0,0.007558701,0.069,0.0,0.0,0.109347485,0.10178878,-25.917044,2.1129265,0.70430887,0.224,0.008,0.14525823,0.0,0.0
hardzero_only__c0p58__z1p00__lam0p000__nu0p50__psi0p00,0.069,borrow,32,25,0.0,2,-0.10178878,-0.094334856,-0.094334856,0.96646416,0.10802786,0.10802786,1.0,0.007453922,0.069,0.0,0.0,0.10178878,0.094334856,-26.183273,2.1262636,0.70875454,0.2,0.0,0.16365919,0.0,0.0
hardzero_only__c0p58__z1p00__lam0p000__nu0p50__psi0p00,0.069,borrow,32,26,0.0,2,-0.094334856,-0.094334856,-0.094334856,1.0362976,0.0,0.09198192,0.0,0.0,0.069,0.0,0.0,0.094334856,0.094334856,-26.990343,2.2799,0.75996673,0.14,0.0,0.13403791,0.0,0.0
hardzero_only__c0p58__z1p00__lam0p000__nu0p50__psi0p00,0.069,borrow,32,27,0.0,2,-0.094334856,-0.094334856,-0.094334856,1.0176828,0.0,0.096010156,0.0,0.0,0.069,0.0,0.0,0.094334856,0.094334856,-26.966564,2.238947,0.74631566,0.15200001,0.0,0.14236498,0.0,0.0
hardzero_only__c0p58__z1p00__lam0p000__nu0p50__psi0p00,0.069,borrow,32,28,0.0,2,-0.094334856,-0.094334856,-0.094334856,1.0196539,0.0,0.0955754,0.0,0.0,0.069,0.0,0.0,0.094334856,0.094334856,-27.74755,2.2432835,0.7477612,0.17600001,0.0,0.1411644,0.0,0.0
hardzero_only__c0p58__z1p00__lam0p000__nu0p50__psi0p00,0.069,borrow,32,29,0.0,2,-0.094334856,-0.094334856,-0.094334856,1.0103123,0.0,0.097653456,0.0,0.0,0.069,0.0,0.0,0.094334856,0.094334856,-26.471735,2.2227316,0.74091053,0.14400001,0.0,0.16972293,0.0,0.0
hardzero_only__c0p58__z1p00__lam0p000__nu0p50__psi0p00,0.069,borrow,32,30,0.0,2,-0.094334856,-0.08626076,-0.08626076,0.931755,0.117015935,0.117015935,1.0,0.008074099,0.069,0.0,0.0,0.094334856,0.08626076,-25.250338,2.049902,0.6833007,0.18400002,0.0,0.15257998,0.0,0.0
hardzero_only__c0p58__z1p00__lam0p000__nu0p50__psi0p00,0.069,borrow,32,31,0.0,2,-0.08626076,-0.08626076,-0.08626076,1.0039731,0.0,0.09908933,0.0,0.0,0.069,0.0,0.0,0.08626076,0.08626076,-26.81721,2.208785,0.7362617,0.208,0.0,0.14400819,0.0,0.0
hardzero_only__c0p58__z1p00__lam0p000__nu0p50__psi0p00,0.069,borrow,32,32,0.0,2,-0.08626076,-0.079169,-0.079169,0.9880948,0.10277918,0.10277918,1.0,0.0070917634,0.069,0.0,0.0,0.08626076,0.079169,-26.037447,2.173852,0.72461736,0.18400002,0.0,0.16166824,0.0,0.0
hardzero_only__c0p58__z1p00__lam0p000__nu0p50__psi0p00,0.069,borrow,32,33,0.0,2,-0.079169,-0.07225697,-0.07225697,0.99924344,0.10017436,0.10017436,1.0,0.0069120307,0.069,0.0,0.0,0.079169,0.07225697,-27.212435,2.1983795,0.7327932,0.16800001,0.0,0.1899302,0.0,0.0
hardzero_only__c0p58__z1p00__lam0p000__nu0p50__psi0p00,0.069,borrow,32,34,0.0,2,-0.07225697,-0.065034434,-0.065034434,0.98015964,0.10467437,0.10467437,1.0,0.0072225314,0.069,0.0,0.0,0.07225697,0.065034434,-26.781591,2.1563942,0.7187981,0.192,0.0,0.13532594,0.0,0.0
hardzero_only__c0p58__z1p00__lam0p000__nu0p50__psi0p00,0.069,borrow,32,35,0.0,2,-0.065034434,-0.057848502,-0.057848502,0.9823659,0.10414397,0.10414397,1.0,0.0071859336,0.069,0.0,0.0,0.065034434,0.057848502,-27.168982,2.1612482,0.72041607,0.15200001,0.0,0.15628771,0.0,0.0
hardzero_only__c0p58__z1p00__lam0p000__nu0p50__psi0p00,0.069,borrow,32,36,0.0,2,-0.057848502,-0.057848502,-0.057848502,1.087724,0.0,0.08171016,0.0,0.0,0.069,0.0,0.0,0.057848502,0.057848502,-27.929842,2.3930404,0.79768014,0.14400001,0.0,0.15651815,0.0,0.0
hardzero_only__c0p58__z1p00__lam0p000__nu0p50__psi0p00,0.069,borrow,32,37,0.0,2,-0.057848502,-0.057848502,-0.057848502,1.0005242,0.0,0.099879384,0.0,0.0,0.069,0.0,0.0,0.057848502,0.057848502,-27.382174,2.2011971,0.7337324,0.192,0.0,0.15749958,0.0,0.0
hardzero_only__c0p58__z1p00__lam0p000__nu0p50__psi0p00,0.069,borrow,32,38,0.0,2,-0.057848502,-0.05064734,-0.05064734,0.9814466,0.10436464,0.10436464,1.0,0.00720116,0.069,0.0,0.0,0.057848502,0.05064734,-26.808113,2.1592257,0.71974194,0.224,0.0,0.1376002,0.0,0.0
hardzero_only__c0p58__z1p00__lam0p000__nu0p50__psi0p00,0.069,borrow,32,39,0.0,2,-0.05064734,-0.05064734,-0.05064734,1.034961,0.0,0.092265435,0.0,0.0,0.069,0.0,0.0,0.05064734,0.05064734,-27.146996,2.2769597,0.7589866,0.14,0.0,0.15740153,0.0,0.0
hardzero_only__c0p58__z1p00__lam0p000__nu0p50__psi0p00,0.069,borrow,32,40,0.0,2,-0.05064734,-0.04329096,-0.04329096,0.972185,0.10661418,0.10661418,1.0,0.0073563782,0.069,0.0,0.0,0.05064734,0.04329096,-26.079838,2.1388497,0.71294993,0.208,0.0,0.14449702,0.0,0.0
hardzero_only__c0p58__z1p00__lam0p000__nu0p50__psi0p00,0.069,borrow,32,41,0.0,2,-0.04329096,-0.04329096,-0.04329096,1.0282583,0.0,0.09370044,0.0,0.0,0.069,0.0,0.0,0.04329096,0.04329096,-27.029469,2.2622135,0.7540712,0.192,0.0,0.16080406,0.0,0.0
hardzero_only__c0p58__z1p00__lam0p000__nu0p50__psi0p00,0.069,borrow,32,42,0.0,2,-0.04329096,-0.03589181,-0.03589181,0.96966714,0.10723408,0.10723408,1.0,0.0073991516,0.069,0.0,0.0,0.04329096,0.03589181,-26.390087,2.1333103,0.71110344,0.16000001,0.0,0.1772551,0.0,0.0
hardzero_only__c0p58__z1p00__lam0p000__nu0p50__psi0p00,0.069,borrow,32,43,0.0,2,-0.03589181,-0.03589181,-0.03589181,1.0489608,0.0,0.08933861,0.0,0.0,0.069,0.0,0.0,0.03589181,0.03589181,-27.813934,2.3077598,0.76925325,0.128,0.0,0.1749271,0.0,0.0
hardzero_only__c0p58__z1p00__lam0p000__nu0p50__psi0p00,0.069,borrow,32,44,0.0,2,-0.03589181,-0.028539833,-0.028539833,0.972445,0.10655037,0.10655037,1.0,0.0073519754,0.069,0.0,0.0,0.03589181,0.028539833,-26.202337,2.1394217,0.7131406,0.216,0.0,0.15118551,0.0,0.0
hardzero_only__c0p58__z1p00__lam0p000__nu0p50__psi0p00,0.069,borrow,32,45,0.0,2,-0.028539833,-0.021472799,-0.021472799,0.98961186,0.10242079,0.10242079,1.0,0.0070670345,0.069,0.0,0.0,0.028539833,0.021472799,-26.40706,2.1771896,0.7257299,0.16800001,0.0,0.14851789,0.0,0.0
hardzero_only__c0p58__z1p00__lam0p000__nu0p50__psi0p00,0.069,borrow,32,46,0.0,2,-0.021472799,-0.013563117,-0.013563117,0.9406901,0.11463307,0.11463307,1.0,0.007909682,0.069,0.0,0.0,0.021472799,0.013563117,-25.793562,2.0695596,0.6898532,0.24000001,0.0,0.13220327,0.0,0.0
hardzero_only__c0p58__z1p00__lam0p000__nu0p50__psi0p00,0.069,borrow,32,47,1.0,3,-0.013563117,-0.5859979,-0.5859979,0.9600284,0.109640636,0.109640636,1.0,0.0075652036,0.069,0.0,0.0,0.013563117,0.5859979,-26.680208,2.1121047,0.7040349,0.17600001,0.0,0.14115304,0.0,0.0
hardzero_only__c0p58__z1p00__lam0p000__nu0p50__psi0p00,0.069,borrow,32,48,0.0,3,-0.5859979,-0.5783501,-0.5783501,0.95531553,0.11083692,0.11083692,1.0,0.0076477476,0.069,0.0,0.0,0.5859979,0.5783501,-25.495918,2.101736,0.7005787,0.16000001,0.0,0.13806428,0.0,0.0
hardzero_only__c0p58__z1p00__lam0p000__nu0p50__psi0p00,0.069,borrow,32,49,0.0,3,-0.5783501,-0.57072335,-0.57072335,0.95650834,0.11053292,0.11053292,1.0,0.007626771,0.069,0.0,0.0,0.5783501,0.57072335,-27.13936,2.1043603,0.70145345,0.24000001,0.0,0.14704575,0.0,0.0
hardzero_only__c0p58__z1p00__lam0p000__nu0p50__psi0p00,0.069,borrow,32,50,0.0,3,-0.57072335,-0.5633109,-0.5633109,0.9688893,0.107426316,0.107426316,1.0,0.0074124155,0.069,0.0,0.0,0.57072335,0.5633109,-26.476486,2.131599,0.710533,0.14400001,0.0,0.1494698,0.0,0.0
hardzero_only__c0p58__z1p00__lam0p000__nu0p50__psi0p00,0.069,borrow,32,51,0.0,3,-0.5633109,-0.5563474,-0.5563474,0.9960236,0.1009198,0.1009198,1.0,0.006963466,0.069,0.0,0.0,0.5633109,0.5563474,-26.60231,2.1912956,0.7304319,0.23200001,0.0,0.13892248,0.0,0.0
hardzero_only__c0p58__z1p00__lam0p000__nu0p50__psi0p00,0.069,borrow,32,52,0.0,3,-0.5563474,-0.5563474,-0.5563474,1.0443695,0.0,0.090288095,0.0,0.0,0.069,0.0,0.0,0.5563474,0.5563474,-27.444496,2.2976587,0.76588625,0.17999999,0.0,0.14399633,0.0,0.0
hardzero_only__c0p58__z1p00__lam0p000__nu0p50__psi0p00,0.069,borrow,32,53,0.0,3,-0.5563474,-0.54834366,-0.54834366,0.93555546,0.11599641,0.11599641,1.0,0.008003753,0.069,0.0,0.0,0.5563474,0.54834366,-26.732616,2.058263,0.6860877,0.16000001,0.0,0.14730582,0.0,0.0
hardzero_only__c0p58__z1p00__lam0p000__nu0p50__psi0p00,0.069,borrow,32,54,0.0,3,-0.54834366,-0.54028314,-0.54028314,0.9324855,0.116819255,0.116819255,1.0,0.008060528,0.069,0.0,0.0,0.54834366,0.54028314,-25.842825,2.0515091,0.6838364,0.2,0.0,0.14193314,0.0,0.0
hardzero_only__c0p58__z1p00__lam0p000__nu0p50__psi0p00,0.069,borrow,32,55,0.0,3,-0.54028314,-0.54028314,-0.54028314,1.0168937,0.0,0.09618477,0.0,0.0,0.069,0.0,0.0,0.54028314,0.54028314,-27.255896,2.237211,0.745737,0.136,0.0,0.15589063,0.0,0.0
hardzero_only__c0p58__z1p00__lam0p000__nu0p50__psi0p00,0.069,borrow,32,56,0.0,3,-0.54028314,-0.5333057,-0.5333057,0.9951539,0.101122096,0.101122096,1.0,0.0069774245,0.069,0.0,0.0,0.54028314,0.5333057,-26.199072,2.1893823,0.72979414,0.16000001,0.0,0.14609523,0.0,0.0
hardzero_only__c0p58__z1p00__lam0p000__nu0p50__psi0p00,0.069,borrow,32,57,0.0,3,-0.5333057,-0.5251841,-0.5251841,0.9292066,0.11770457,0.11770457,1.0,0.008121615,0.069,0.0,0.0,0.5333057,0.5251841,-26.089104,2.0442953,0.6814318,0.192,0.0,0.13471554,0.0,0.0
hardzero_only__c0p58__z1p00__lam0p000__nu0p50__psi0p00,0.069,borrow,32,58,0.0,3,-0.5251841,-0.51821357,-0.51821357,0.995585,0.101021774,0.101021774,1.0,0.0069705024,0.069,0.0,0.0,0.5251841,0.51821357,-27.046051,2.1903307,0.7301103,0.16800001,0.0,0.17029645,0.0,0.0
hardzero_only__c0p58__z1p00__lam0p000__nu0p50__psi0p00,0.069,borrow,32,59,0.0,3,-0.51821357,-0.51096064,-0.51096064,0.97833455,0.105115175,0.105115175,1.0,0.007252947,0.069,0.0,0.0,0.51821357,0.51096064,-25.757088,2.152379,0.7174597,0.16000001,0.0,0.15506004,0.0,0.0
hardzero_only__c0p58__z1p00__lam0p000__nu0p50__psi0p00,0.069,borrow,32,60,0.0,3,-0.51096064,-0.5034725,-0.5034725,0.96447426,0.10852397,0.10852397,1.0,0.007488154,0.069,0.0,0.0,0.51096064,0.5034725,-27.562157,2.1218858,0.7072953,0.216,0.0,0.17638926,0.0,0.0
hardzero_only__c0p58__z1p00__lam0p000__nu0p50__psi0p00,0.069,borrow,32,61,0.0,3,-0.5034725,-0.49591184,-0.49591184,0.96028847,0.10957502,0.10957502,1.0,0.007560676,0.069,0.0,0.0,0.5034725,0.49591184,-25.978498,2.1126769,0.70422566,0.224,0.0,0.15477885,0.0,0.0
hardzero_only__c0p58__z1p00__lam0p000__nu0p50__psi0p00,0.069,borrow,32,62,0.0,3,-0.49591184,-0.48897117,-0.48897117,0.99744886,0.10058914,0.10058914,1.0,0.0069406508,0.069,0.0,0.0,0.49591184,0.48897117,-27.048662,2.1944313,0.73147714,0.136,0.0,0.16826257,0.0,0.0
hardzero_only__c0p58__z1p00__lam0p000__nu0p50__psi0p00,0.069,borrow,32,63,0.0,3,-0.48897117,-0.48897117,-0.48897117,1.0382103,0.0,0.0915777,0.0,0.0,0.069,0.0,0.0,0.48897117,0.48897117,-27.718431,2.2841082,0.7613694,0.18400002,0.0,0.1767916,0.0,0.0
hardzero_only__c0p58__z1p00__lam0p000__nu0p50__psi0p00,0.069,borrow,32,64,0.0,3,-0.48897117,-0.48897117,-0.48897117,1.0046884,0.0,0.09892627,0.0,0.0,0.069,0.0,0.0,0.48897117,0.48897117,-28.068417,2.2103586,0.73678625,0.128,0.0,0.17166634,0.0,0.0
hardzero_only__c0p58__z1p00__lam0p000__nu0p50__psi0p00,0.069,borrow,32,65,0.0,3,-0.48897117,-0.481059,-0.481059,0.9405535,0.11466912,0.11466912,1.0,0.007912169,0.069,0.0,0.0,0.48897117,0.481059,-26.491772,2.069259,0.689753,0.11,0.0,0.14478648,0.0,0.0
hardzero_only__c0p58__z1p00__lam0p000__nu0p50__psi0p00,0.069,borrow,32,66,0.0,3,-0.481059,-0.47389564,-0.47389564,0.98373204,0.10381688,0.10381688,1.0,0.0071633644,0.069,0.0,0.0,0.481059,0.47389564,-26.581165,2.1642537,0.7214179,0.136,0.0,0.13603044,0.0,0.0
hardzero_only__c0p58__z1p00__lam0p000__nu0p50__psi0p00,0.069,borrow,32,67,0.0,3,-0.47389564,-0.4668074,-0.4668074,0.988311,0.102728024,0.102728024,1.0,0.0070882337,0.069,0.0,0.0,0.47389564,0.4668074,-26.620853,2.1743276,0.7247759,0.216,0.0,0.1433501,0.0,0.0
hardzero_only__c0p58__z1p00__lam0p000__nu0p50__psi0p00,0.069,borrow,32,68,0.0,3,-0.4668074,-0.4668074,-0.4668074,1.0001899,0.0,0.09995628,0.0,0.0,0.069,0.0,0.0,0.4668074,0.4668074,-27.272968,2.2004616,0.73348725,0.14400001,0.0,0.183823,0.0,0.0
hardzero_only__c0p58__z1p00__lam0p000__nu0p50__psi0p00,0.069,borrow,32,69,0.0,3,-0.4668074,-0.4597014,-0.4597014,0.98722416,0.10298544,0.10298544,1.0,0.0071059954,0.069,0.0,0.0,0.4668074,0.4597014,-26.586,2.1719365,0.7239789,0.15200001,0.0,0.14279434,0.0,0.0
hardzero_only__c0p58__z1p00__lam0p000__nu0p50__psi0p00,0.069,borrow,32,70,0.0,3,-0.4597014,-0.4597014,-0.4597014,1.0362213,0.0,0.09199806,0.0,0.0,0.069,0.0,0.0,0.4597014,0.4597014,-27.70434,2.2797322,0.75991076,0.136,0.0,0.17855108,0.0,0.0
hardzero_only__c0p58__z1p00__lam0p000__nu0p50__psi0p00,0.069,borrow,32,71,0.0,3,-0.4597014,-0.45198512,-0.45198512,0.95144117,0.11183014,0.11183014,1.0,0.0077162795,0.069,0.0,0.0,0.4597014,0.45198512,-26.296053,2.0932124,0.69773746,0.16800001,0.0,0.15613121,0.0,0.0
hardzero_only__c0p58__z1p00__lam0p000__nu0p50__psi0p00,0.069,borrow,32,72,0.0,3,-0.45198512,-0.44467598,-0.44467598,0.97498214,0.105929725,0.105929725,1.0,0.007309151,0.069,0.0,0.0,0.45198512,0.44467598,-26.47458,2.1450036,0.7150012,0.17600001,0.0,0.20327425,0.0,0.0
hardzero_only__c0p58__z1p00__lam0p000__nu0p50__psi0p00,0.069,borrow,32,73,0.0,3,-0.44467598,-0.43754974,-0.43754974,0.98598874,0.103278816,0.103278816,1.0,0.007126238,0.069,0.0,0.0,0.44467598,0.43754974,-26.92273,2.1692185,0.7230729,0.120000005,0.0,0.14259507,0.0,0.0
hardzero_only__c0p58__z1p00__lam0p000__nu0p50__psi0p00,0.069,borrow,32,74,0.0,3,-0.43754974,-0.43027547,-0.43027547,0.97705907,0.10542436,0.10542436,1.0,0.007274281,0.069,0.0,0.0,0.43754974,0.43027547,-27.317333,2.1495728,0.7165243,0.23200001,0.0,0.14432237,0.0,0.0
hardzero_only__c0p58__z1p00__lam0p000__nu0p50__psi0p00,0.069,borrow,32,75,0.0,3,-0.43027547,-0.43027547,-0.43027547,1.0001239,0.0,0.09997149,0.0,0.0,0.069,0.0,0.0,0.43027547,0.43027547,-27.41083,2.2003164,0.73343885,0.2,0.0,0.18739645,0.0,0.0
hardzero_only__c0p58__z1p00__lam0p000__nu0p50__psi0p00,0.069,borrow,32,76,0.0,3,-0.43027547,-0.42214152,-0.42214152,0.92854804,0.11788322,0.11788322,1.0,0.008133942,0.069,0.0,0.0,0.43027547,0.42214152,-25.330961,2.0428464,0.68094885,0.18400002,0.0,0.14651543,0.0,0.0
hardzero_only__c0p58__z1p00__lam0p000__nu0p50__psi0p00,0.069,borrow,32,77,0.0,3,-0.42214152,-0.42214152,-0.42214152,1.0335456,0.0,0.09256661,0.0,0.0,0.069,0.0,0.0,0.42214152,0.42214152,-27.421146,2.2738457,0.7579486,0.14400001,0.0,0.16595726,0.0,0.0
hardzero_only__c0p58__z1p00__lam0p000__nu0p50__psi0p00,0.069,borrow,32,78,0.0,3,-0.42214152,-0.41507494,-0.41507494,0.98963916,0.10241435,0.10241435,1.0,0.00706659,0.069,0.0,0.0,0.42214152,0.41507494,-27.02695,2.1772497,0.7257499,0.14999999,0.0,0.13584046,0.0,0.0
hardzero_only__c0p58__z1p00__lam0p000__nu0p50__psi0p00,0.069,borrow,32,79,0.0,3,-0.41507494,-0.40734595,-0.40734595,0.95072645,0.11201431,0.11201431,1.0,0.007728987,0.069,0.0,0.0,0.41507494,0.40734595,-26.830137,2.09164,0.69721335,0.272,0.0,0.16149563,0.0,0.0
hardzero_only__c0p58__z1p00__lam0p000__nu0p50__psi0p00,0.069,borrow,32,80,0.0,3,-0.40734595,-0.39994308,-0.39994308,0.9694487,0.10728804,0.10728804,1.0,0.0074028745,0.069,0.0,0.0,0.40734595,0.39994308,-26.634462,2.1328297,0.7109432,0.17600001,0.0,0.14549352,0.0,0.0
hardzero_only__c0p58__z1p00__lam0p000__nu0p50__psi0p00,0.069,borrow,32,81,0.0,3,-0.39994308,-0.3928685,-0.3928685,0.989148,0.10253025,0.10253025,1.0,0.007074587,0.069,0.0,0.0,0.39994308,0.3928685,-27.572908,2.1761692,0.7253897,0.14400001,0.0,0.17314321,0.0,0.0
hardzero_only__c0p58__z1p00__lam0p000__nu0p50__psi0p00,0.069,borrow,32,82,0.0,3,-0.3928685,-0.3858941,-0.3858941,0.99534196,0.101078324,0.101078324,1.0,0.006974404,0.069,0.0,0.0,0.3928685,0.3858941,-27.166397,2.189796,0.729932,0.16000001,0.0,0.14235134,0.0,0.0
hardzero_only__c0p58__z1p00__lam0p000__nu0p50__psi0p00,0.069,borrow,32,83,0.0,3,-0.3858941,-0.378156,-0.378156,0.95021504,0.11214629,0.11214629,1.0,0.007738094,0.069,0.0,0.0,0.3858941,0.378156,-26.161001,2.090515,0.6968383,0.23200001,0.0,0.12918414,0.0,0.0
hardzero_only__c0p58__z1p00__lam0p000__nu0p50__psi0p00,0.069,borrow,32,84,0.0,3,-0.378156,-0.37048465,-0.37048465,0.9539769,0.111179076,0.111179076,1.0,0.007671356,0.069,0.0,0.0,0.378156,0.37048465,-26.603783,2.0987911,0.69959706,0.16800001,0.0,0.16250964,0.0,0.0
hardzero_only__c0p58__z1p00__lam0p000__nu0p50__psi0p00,0.069,borrow,32,85,0.0,3,-0.37048465,-0.36340943,-0.36340943,0.98910934,0.10253937,0.10253937,1.0,0.007075216,0.069,0.0,0.0,0.37048465,0.36340943,-27.476578,2.176084,0.72536135,0.128,0.0,0.14860074,0.0,0.0
hardzero_only__c0p58__z1p00__lam0p000__nu0p50__psi0p00,0.069,borrow,32,86,0.0,3,-0.36340943,-0.3555054,-0.3555054,0.94100124,0.11455096,0.11455096,1.0,0.007904016,0.069,0.0,0.0,0.36340943,0.3555054,-26.3916,2.070244,0.69008136,0.224,0.0,0.14667298,0.0,0.0
hardzero_only__c0p58__z1p00__lam0p000__nu0p50__psi0p00,0.069,borrow,32,87,0.0,3,-0.3555054,-0.34764963,-0.34764963,0.94366044,0.11385171,0.11385171,1.0,0.007855768,0.069,0.0,0.0,0.3555054,0.34764963,-26.201534,2.0760944,0.6920315,0.192,0.0,0.16661648,0.0,0.0
hardzero_only__c0p58__z1p00__lam0p000__nu0p50__psi0p00,0.069,borrow,32,88,0.0,3,-0.34764963,-0.339767,-0.339767,0.9421789,0.11424075,0.11424075,1.0,0.007882612,0.069,0.0,0.0,0.34764963,0.339767,-25.747816,2.072835,0.690945,0.208,0.0,0.156909,0.0,0.0
hardzero_only__c0p58__z1p00__lam0p000__nu0p50__psi0p00,0.069,borrow,32,89,0.0,3,-0.339767,-0.3323793,-0.3323793,0.9703396,0.10706818,0.10706818,1.0,0.007387704,0.069,0.0,0.0,0.339767,0.3323793,-25.692806,2.1347897,0.7115966,0.16800001,0.0,0.14627875,0.0,0.0
hardzero_only__c0p58__z1p00__lam0p000__nu0p50__psi0p00,0.069,borrow,32,90,0.0,3,-0.3323793,-0.324669,-0.324669,0.951778,0.11174344,0.11174344,1.0,0.007710297,0.069,0.0,0.0,0.3323793,0.324669,-25.437914,2.0939534,0.69798446,0.23200001,0.0,0.14386931,0.0,0.0
hardzero_only__c0p58__z1p00__lam0p000__nu0p50__psi0p00,0.069,borrow,32,91,0.0,3,-0.324669,-0.31651202,-0.31651202,0.92731965,0.11821711,0.11821711,1.0,0.00815698,0.069,0.0,0.0,0.324669,0.31651202,-25.68645,2.040144,0.680048,0.24,0.0,0.14823355,0.0,0.0
hardzero_only__c0p58__z1p00__lam0p000__nu0p50__psi0p00,0.069,borrow,32,92,0.0,3,-0.31651202,-0.30887732,-0.30887732,0.95605695,0.11064787,0.11064787,1.0,0.007634703,0.069,0.0,0.0,0.31651202,0.30887732,-27.029707,2.1033673,0.70112246,0.16800001,0.0,0.14660977,0.0,0.0
hardzero_only__c0p58__z1p00__lam0p000__nu0p50__psi0p00,0.069,borrow,32,93,0.0,3,-0.30887732,-0.30887732,-0.30887732,1.0175362,0.0,0.09604257,0.0,0.0,0.069,0.0,0.0,0.30887732,0.30887732,-27.201216,2.2386243,0.74620813,0.104,0.0,0.14811188,0.0,0.0
hardzero_only__c0p58__z1p00__lam0p000__nu0p50__psi0p00,0.069,borrow,32,94,0.0,3,-0.30887732,-0.3011217,-0.3011217,0.9492338,0.11239997,0.11239997,1.0,0.007755598,0.069,0.0,0.0,0.30887732,0.3011217,-25.25681,2.088356,0.6961187,0.2,0.0,0.13990904,0.0,0.0
hardzero_only__c0p58__z1p00__lam0p000__nu0p50__psi0p00,0.069,borrow,32,95,0.0,3,-0.3011217,-0.2940761,-0.2940761,0.99093115,0.10211014,0.10211014,1.0,0.0070455996,0.069,0.0,0.0,0.3011217,0.2940761,-25.93073,2.180092,0.7266974,0.192,0.0,0.15519485,0.0,0.0
hardzero_only__c0p58__z1p00__lam0p000__nu0p50__psi0p00,0.069,borrow,32,96,0.0,3,-0.2940761,-0.28588593,-0.28588593,0.9255561,0.118698135,0.118698135,1.0,0.008190171,0.069,0.0,0.0,0.2940761,0.28588593,-25.299929,2.0362642,0.67875475,0.18400002,0.0,0.12634237,0.0,0.0
hardzero_only__c0p58__z1p00__lam0p000__nu0p50__psi0p00,0.069,borrow,32,97,0.0,3,-0.28588593,-0.27807677,-0.27807677,0.94624484,0.11317622,0.11317622,1.0,0.007809159,0.069,0.0,0.0,0.28588593,0.27807677,-25.744295,2.0817802,0.69392675,0.192,0.0,0.14506623,0.0,0.0
hardzero_only__c0p58__z1p00__lam0p000__nu0p50__psi0p00,0.069,borrow,32,98,0.0,3,-0.27807677,-0.27807677,-0.27807677,1.028871,0.0,0.09356834,0.0,0.0,0.069,0.0,0.0,0.27807677,0.27807677,-28.001455,2.2635615,0.75452054,0.104,0.0,0.16075964,0.0,0.0
hardzero_only__c0p58__z1p00__lam0p000__nu0p50__psi0p00,0.069,borrow,32,99,0.0,3,-0.27807677,-0.27807677,-0.27807677,1.0053663,0.0,0.09877195,0.0,0.0,0.069,0.0,0.0,0.27807677,0.27807677,-27.31441,2.2118502,0.7372834,0.17600001,0.0,0.17427841,0.0,0.0
hardzero_only__c0p58__z1p00__lam0p000__nu0p50__psi0p00,0.069,borrow,32,100,0.0,3,-0.27807677,-0.27027404,-0.27027404,0.9466029,0.11308295,0.11308295,1.0,0.0078027234,0.069,0.0,0.0,0.27807677,0.27027404,-25.49232,2.082568,0.6941893,0.14400001,0.0,0.13627079,0.0,0.0
hardzero_only__c0p58__z1p00__lam0p000__nu0p50__psi0p00,0.069,borrow,32,101,0.0,3,-0.27027404,-0.26205105,-0.26205105,0.9238194,0.11917372,0.11917372,1.0,0.008222987,0.069,0.0,0.0,0.27027404,0.26205105,-26.062174,2.0324433,0.6774811,0.15200001,0.0,0.14562535,0.0,0.0
hardzero_only__c0p58__z1p00__lam0p000__nu0p50__psi0p00,0.069,borrow,32,102,0.0,3,-0.26205105,-0.25490975,-0.25490975,0.985072,0.10349706,0.10349706,1.0,0.0071412968,0.069,0.0,0.0,0.26205105,0.25490975,-26.76896,2.1672018,0.7224006,0.18400002,0.0,0.1703912,0.0,0.0
hardzero_only__c0p58__z1p00__lam0p000__nu0p50__psi0p00,0.069,borrow,32,103,0.0,3,-0.25490975,-0.24794921,-0.24794921,0.99620616,0.10087739,0.10087739,1.0,0.0069605396,0.069,0.0,0.0,0.25490975,0.24794921,-26.619057,2.1916974,0.7305658,0.23200001,0.0,0.17067058,0.0,0.0
hardzero_only__c0p58__z1p00__lam0p000__nu0p50__psi0p00,0.069,borrow,32,104,0.0,3,-0.24794921,-0.24022293,-0.24022293,0.9508786,0.11197508,0.11197508,1.0,0.0077262805,0.069,0.0,0.0,0.24794921,0.24022293,-25.668013,2.0919747,0.69732493,0.14,0.0,0.13123238,0.0,0.0
hardzero_only__c0p58__z1p00__lam0p000__nu0p50__psi0p00,0.069,borrow,32,105,0.0,3,-0.24022293,-0.23323666,-0.23323666,0.99460304,0.10125044,0.10125044,1.0,0.00698628,0.069,0.0,0.0,0.24022293,0.23323666,-26.741188,2.1881704,0.72939014,0.16800001,0.0,0.14929934,0.0,0.0
hardzero_only__c0p58__z1p00__lam0p000__nu0p50__psi0p00,0.069,borrow,32,106,0.0,3,-0.23323666,-0.22583114,-0.22583114,0.969294,0.10732627,0.10732627,1.0,0.0074055125,0.069,0.0,0.0,0.23323666,0.22583114,-26.447021,2.1324894,0.71082985,0.18400002,0.0,0.14205246,0.0,0.0
hardzero_only__c0p58__z1p00__lam0p000__nu0p50__psi0p00,0.069,borrow,32,107,0.0,3,-0.22583114,-0.21811715,-0.21811715,0.95157015,0.11179692,0.11179692,1.0,0.0077139875,0.069,0.0,0.0,0.22583114,0.21811715,-25.470963,2.093496,0.69783205,0.192,0.0,0.14958648,0.0,0.0
hardzero_only__c0p58__z1p00__lam0p000__nu0p50__psi0p00,0.069,borrow,32,108,0.0,3,-0.21811715,-0.21811715,-0.21811715,1.006879,0.0,0.09842855,0.0,0.0,0.069,0.0,0.0,0.21811715,0.21811715,-26.991602,2.215178,0.7383927,0.18400002,0.0,0.16383016,0.0,0.0
hardzero_only__c0p58__z1p00__lam0p000__nu0p50__psi0p00,0.069,borrow,32,109,0.0,3,-0.21811715,-0.21811715,-0.21811715,1.0282342,0.0,0.09370564,0.0,0.0,0.069,0.0,0.0,0.21811715,0.21811715,-27.541414,2.2621605,0.75405353,0.120000005,0.0,0.17922162,0.0,0.0
hardzero_only__c0p58__z1p00__lam0p000__nu0p50__psi0p00,0.069,borrow,32,110,0.0,3,-0.21811715,-0.21086252,-0.21086252,0.97823423,0.105139464,0.105139464,1.0,0.007254623,0.069,0.0,0.0,0.21811715,0.21086252,-27.24265,2.1521583,0.7173861,0.14400001,0.0,0.15121265,0.0,0.0
hardzero_only__c0p58__z1p00__lam0p000__nu0p50__psi0p00,0.069,borrow,32,111,0.0,3,-0.21086252,-0.20385428,-0.20385428,0.99324,0.101568714,0.101568714,1.0,0.007008241,0.069,0.0,0.0,0.21086252,0.20385428,-26.779106,2.1851716,0.7283906,0.208,0.0,0.15247838,0.0,0.0
hardzero_only__c0p58__z1p00__lam0p000__nu0p50__psi0p00,0.069,borrow,32,112,0.0,3,-0.20385428,-0.19591625,-0.19591625,0.9391363,0.11504392,0.11504392,1.0,0.00793803,0.069,0.0,0.0,0.20385428,0.19591625,-26.745285,2.0661411,0.6887137,0.216,0.0,0.13500462,0.0,0.0
hardzero_only__c0p58__z1p00__lam0p000__nu0p50__psi0p00,0.069,borrow,32,113,0.0,3,-0.19591625,-0.18807949,-0.18807949,0.94471246,0.113576256,0.113576256,1.0,0.007836762,0.069,0.0,0.0,0.19591625,0.18807949,-26.323479,2.078409,0.692803,0.18400002,0.0,0.14408536,0.0,0.0
hardzero_only__c0p58__z1p00__lam0p000__nu0p50__psi0p00,0.069,borrow,32,114,0.0,3,-0.18807949,-0.1805746,-0.1805746,0.9635047,0.108766526,0.108766526,1.0,0.00750489,0.069,0.0,0.0,0.18807949,0.1805746,-26.527502,2.1197526,0.7065842,0.18400002,0.0,0.16820385,0.0,0.0
hardzero_only__c0p58__z1p00__lam0p000__nu0p50__psi0p00,0.069,borrow,32,115,0.0,3,-0.1805746,-0.17316489,-0.17316489,0.969048,0.10738706,0.10738706,1.0,0.0074097067,0.069,0.0,0.0,0.1805746,0.17316489,-27.22198,2.1319482,0.71064943,0.208,0.0,0.1646067,0.0,0.0
hardzero_only__c0p58__z1p00__lam0p000__nu0p50__psi0p00,0.069,borrow,32,116,0.0,3,-0.17316489,-0.16530515,-0.16530515,0.9434413,0.113909185,0.113909185,1.0,0.007859734,0.069,0.0,0.0,0.17316489,0.16530515,-26.079514,2.0756123,0.6918708,0.136,0.0,0.15076517,0.0,0.0
hardzero_only__c0p58__z1p00__lam0p000__nu0p50__psi0p00,0.069,borrow,32,117,0.0,3,-0.16530515,-0.1581929,-0.1581929,0.9868416,0.10307618,0.10307618,1.0,0.0071122563,0.069,0.0,0.0,0.16530515,0.1581929,-27.376467,2.171095,0.7236983,0.13,0.0,0.15047224,0.0,0.0
hardzero_only__c0p58__z1p00__lam0p000__nu0p50__psi0p00,0.069,borrow,32,118,0.0,3,-0.1581929,-0.15021048,-0.15021048,0.9367145,0.11568725,0.11568725,1.0,0.00798242,0.069,0.0,0.0,0.1581929,0.15021048,-25.47191,2.060813,0.6869377,0.23200001,0.008,0.13126694,0.0,0.0
hardzero_only__c0p58__z1p00__lam0p000__nu0p50__psi0p00,0.069,borrow,32,119,0.0,3,-0.15021048,-0.1427417,-0.1427417,0.96559924,0.108243234,0.108243234,1.0,0.007468783,0.069,0.0,0.0,0.15021048,0.1427417,-26.012358,2.1243608,0.7081203,0.24000001,0.0,0.1509399,0.0,0.0
hardzero_only__c0p58__z1p00__lam0p000__nu0p50__psi0p00,0.069,borrow,32,120,0.0,3,-0.1427417,-0.13557024,-0.13557024,0.9832421,0.10393407,0.10393407,1.0,0.0071714506,0.069,0.0,0.0,0.1427417,0.13557024,-26.33404,2.1631758,0.7210586,0.192,0.0,0.1574334,0.0,0.0
hardzero_only__c0p58__z1p00__lam0p000__nu0p50__psi0p00,0.069,borrow,32,121,0.0,3,-0.13557024,-0.12847562,-0.12847562,0.9879201,0.10282055,0.10282055,1.0,0.007094618,0.069,0.0,0.0,0.13557024,0.12847562,-27.01554,2.1734676,0.7244892,0.192,0.008,0.15041575,0.0,0.0
hardzero_only__c0p58__z1p00__lam0p000__nu0p50__psi0p00,0.069,borrow,32,122,0.0,3,-0.12847562,-0.12146548,-0.12146548,0.9931224,0.10159623,0.10159623,1.0,0.0070101395,0.069,0.0,0.0,0.12847562,0.12146548,-26.639597,2.184913,0.7283043,0.18400002,0.0,0.14569372,0.0,0.0
hardzero_only__c0p58__z1p00__lam0p000__nu0p50__psi0p00,0.069,borrow,32,123,0.0,3,-0.12146548,-0.12146548,-0.12146548,1.0034122,0.0,0.09921737,0.0,0.0,0.069,0.0,0.0,0.12146548,0.12146548,-27.154936,2.207551,0.73585033,0.18400002,0.0,0.15347576,0.0,0.0
hardzero_only__c0p58__z1p00__lam0p000__nu0p50__psi0p00,0.069,borrow,32,124,0.0,3,-0.12146548,-0.12146548,-0.12146548,1.0074373,0.0,0.09830207,0.0,0.0,0.069,0.0,0.0,0.12146548,0.12146548,-27.175817,2.2164063,0.73880213,0.15200001,0.0,0.13111372,0.0,0.0
hardzero_only__c0p58__z1p00__lam0p000__nu0p50__psi0p00,0.069,borrow,32,125,0.0,3,-0.12146548,-0.11448195,-0.11448195,0.994774,0.10121062,0.10121062,1.0,0.0069835326,0.069,0.0,0.0,0.12146548,0.11448195,-26.947056,2.1885464,0.7295155,0.15200001,0.0,0.1547287,0.0,0.0
hardzero_only__c0p58__z1p00__lam0p000__nu0p50__psi0p00,0.069,borrow,32,126,0.0,3,-0.11448195,-0.10747369,-0.10747369,0.99323845,0.10156907,0.10156907,1.0,0.0070082657,0.069,0.0,0.0,0.11448195,0.10747369,-26.118456,2.1851683,0.72838944,0.128,0.008,0.12085175,0.0,0.0
hardzero_only__c0p58__z1p00__lam0p000__nu0p50__psi0p00,0.069,borrow,32,127,0.0,3,-0.10747369,-0.10024359,-0.10024359,0.9797052,0.10478396,0.10478396,1.0,0.0072300932,0.069,0.0,0.0,0.10747369,0.10024359,-26.405972,2.1553946,0.71846485,0.136,0.0,0.1557544,0.0,0.0
hardzero_only__c0p58__z1p00__lam0p000__nu0p50__psi0p00,0.069,borrow,32,128,0.0,3,-0.10024359,-0.0930558,-0.0930558,0.98225385,0.10417084,0.10417084,1.0,0.0071877874,0.069,0.0,0.0,0.10024359,0.0930558,-26.905193,2.1610017,0.72033393,0.17600001,0.0,0.16365857,0.0,0.0
hardzero_only__c0p58__z1p00__lam0p000__nu0p50__psi0p00,0.069,borrow,32,129,0.0,3,-0.0930558,-0.085171245,-0.085171245,0.94207186,0.11426893,0.11426893,1.0,0.0078845555,0.069,0.0,0.0,0.0930558,0.085171245,-25.917532,2.0725994,0.6908665,0.208,0.0,0.13761994,0.0,0.0
hardzero_only__c0p58__z1p00__lam0p000__nu0p50__psi0p00,0.069,borrow,32,130,0.0,3,-0.085171245,-0.07766088,-0.07766088,0.96318823,0.10884584,0.10884584,1.0,0.0075103627,0.069,0.0,0.0,0.085171245,0.07766088,-26.734507,2.1190565,0.7063522,0.24,0.0,0.14964862,0.0,0.0
hardzero_only__c0p58__z1p00__lam0p000__nu0p50__psi0p00,0.069,borrow,32,131,0.0,3,-0.07766088,-0.06955926,-0.06955926,0.9302773,0.11741476,0.11741476,1.0,0.008101618,0.069,0.0,0.0,0.07766088,0.06955926,-25.677692,2.046651,0.682217,0.18400002,0.0,0.15822524,0.0,0.0
hardzero_only__c0p58__z1p00__lam0p000__nu0p50__psi0p00,0.069,borrow,32,132,0.0,3,-0.06955926,-0.062347263,-0.062347263,0.9807933,0.104521744,0.104521744,1.0,0.007212,0.069,0.0,0.0,0.06955926,0.062347263,-26.448986,2.1577883,0.7192628,0.208,0.0,0.16087432,0.0,0.0
hardzero_only__c0p58__z1p00__lam0p000__nu0p50__psi0p00,0.069,borrow,32,133,0.0,3,-0.062347263,-0.05467713,-0.05467713,0.95404595,0.111161396,0.111161396,1.0,0.007670136,0.069,0.0,0.0,0.062347263,0.05467713,-26.515413,2.098943,0.69964767,0.17600001,0.0,0.16147019,0.0,0.0
hardzero_only__c0p58__z1p00__lam0p000__nu0p50__psi0p00,0.069,borrow,32,134,0.0,3,-0.05467713,-0.046302598,-0.046302598,0.91588855,0.12137003,0.12137003,1.0,0.008374532,0.069,0.0,0.0,0.05467713,0.046302598,-26.145752,2.014995,0.6716651,0.18400002,0.0,0.1414083,0.0,0.0
hardzero_only__c0p58__z1p00__lam0p000__nu0p50__psi0p00,0.069,borrow,32,135,0.0,3,-0.046302598,-0.039008602,-0.039008602,0.9758835,0.105710104,0.105710104,1.0,0.007293997,0.069,0.0,0.0,0.046302598,0.039008602,-26.775173,2.1469865,0.7156622,0.18400002,0.0,0.14561994,0.0,0.0
hardzero_only__c0p58__z1p00__lam0p000__nu0p50__psi0p00,0.069,borrow,32,136,0.0,3,-0.039008602,-0.031200446,-0.031200446,0.9463006,0.113161676,0.113161676,1.0,0.0078081554,0.069,0.0,0.0,0.039008602,0.031200446,-25.732943,2.081903,0.6939677,0.208,0.0,0.15845108,0.0,0.0
hardzero_only__c0p58__z1p00__lam0p000__nu0p50__psi0p00,0.069,borrow,32,137,0.0,3,-0.031200446,-0.031200446,-0.031200446,1.0040743,0.0,0.09906623,0.0,0.0,0.069,0.0,0.0,0.031200446,0.031200446,-27.776005,2.2090077,0.73633593,0.192,0.0,0.18126824,0.0,0.0
hardzero_only__c0p58__z1p00__lam0p000__nu0p50__psi0p00,0.069,borrow,32,138,0.0,3,-0.031200446,-0.024044283,-0.024044283,0.9841689,0.10371251,0.10371251,1.0,0.007156163,0.069,0.0,0.0,0.031200446,0.024044283,-26.215876,2.1652148,0.7217383,0.17600001,0.0,0.12902585,0.0,0.0
hardzero_only__c0p58__z1p00__lam0p000__nu0p50__psi0p00,0.069,borrow,32,139,0.0,3,-0.024044283,-0.024044283,-0.024044283,1.0123624,0.0,0.0971936,0.0,0.0,0.069,0.0,0.0,0.024044283,0.024044283,-26.93674,2.2272418,0.74241394,0.2,0.0,0.17096812,0.0,0.0
hardzero_only__c0p58__z1p00__lam0p000__nu0p50__psi0p00,0.069,borrow,32,140,0.0,3,-0.024044283,-0.01654041,-0.01654041,0.9635636,0.108751774,0.108751774,1.0,0.0075038723,0.069,0.0,0.0,0.024044283,0.01654041,-27.1312,2.1198823,0.7066275,0.2,0.0,0.19448194,0.0,0.0
hardzero_only__c0p58__z1p00__lam0p000__nu0p50__psi0p00,0.069,borrow,32,141,1.0,4,-0.01654041,-0.588218,-0.588218,0.9185994,0.12061479,0.12061479,1.0,0.0083224205,0.069,0.0,0.0,0.01654041,0.588218,-25.641466,2.0209591,0.67365307,0.17600001,0.0,0.17591657,0.0,0.0
hardzero_only__c0p58__z1p00__lam0p000__nu0p50__psi0p00,0.069,borrow,32,142,0.0,4,-0.588218,-0.5803696,-0.5803696,0.94406986,0.11374443,0.11374443,1.0,0.007848365,0.069,0.0,0.0,0.588218,0.5803696,-26.199926,2.0769951,0.69233173,0.312,0.0,0.13677378,0.0,0.0
hardzero_only__c0p58__z1p00__lam0p000__nu0p50__psi0p00,0.069,borrow,32,143,0.0,4,-0.5803696,-0.5732604,-0.5732604,0.98702973,0.10303157,0.10303157,1.0,0.007109178,0.069,0.0,0.0,0.5803696,0.5732604,-26.935574,2.1715088,0.7238363,0.12,0.0,0.14560784,0.0,0.0
hardzero_only__c0p58__z1p00__lam0p000__nu0p50__psi0p00,0.069,borrow,32,144,0.0,4,-0.5732604,-0.56520253,-0.56520253,0.93262804,0.11678093,0.11678093,1.0,0.008057884,0.069,0.0,0.0,0.5732604,0.56520253,-25.912603,2.0518227,0.6839409,0.15200001,0.0,0.14289828,0.0,0.0
hardzero_only__c0p58__z1p00__lam0p000__nu0p50__psi0p00,0.069,borrow,32,145,0.0,4,-0.56520253,-0.56520253,-0.56520253,1.0021361,0.0,0.09950934,0.0,0.0,0.069,0.0,0.0,0.56520253,0.56520253,-27.07446,2.2047434,0.7349145,0.15200001,0.0,0.13784374,0.0,0.0
hardzero_only__c0p58__z1p00__lam0p000__nu0p50__psi0p00,0.069,borrow,32,146,0.0,4,-0.56520253,-0.5579653,-0.5579653,0.9792739,0.10488807,0.10488807,1.0,0.0072372765,0.069,0.0,0.0,0.56520253,0.5579653,-26.423271,2.1544456,0.7181486,0.18400002,0.0,0.14449976,0.0,0.0
hardzero_only__c0p58__z1p00__lam0p000__nu0p50__psi0p00,0.069,borrow,32,147,0.0,4,-0.5579653,-0.5579653,-0.5579653,1.0022951,0.0,0.09947291,0.0,0.0,0.069,0.0,0.0,0.5579653,0.5579653,-27.278105,2.2050934,0.7350311,0.18400002,0.0,0.15547092,0.0,0.0
hardzero_only__c0p58__z1p00__lam0p000__nu0p50__psi0p00,0.069,borrow,32,148,0.0,4,-0.5579653,-0.5500386,-0.5500386,0.93975705,0.11487961,0.11487961,1.0,0.007926693,0.069,0.0,0.0,0.5579653,0.5500386,-26.28876,2.0675068,0.68916893,0.16800001,0.0,0.14296347,0.0,0.0
hardzero_only__c0p58__z1p00__lam0p000__nu0p50__psi0p00,0.069,borrow,32,149,0.0,4,-0.5500386,-0.5427556,-0.5427556,0.9765404,0.105550334,0.105550334,1.0,0.007282973,0.069,0.0,0.0,0.5500386,0.5427556,-26.020617,2.1484318,0.71614397,0.208,0.0,0.15981856,0.0,0.0
hardzero_only__c0p58__z1p00__lam0p000__nu0p50__psi0p00,0.069,borrow,32,150,0.0,4,-0.5427556,-0.5347292,-0.5347292,0.9343262,0.1163252,0.1163252,1.0,0.008026439,0.069,0.0,0.0,0.5427556,0.5347292,-25.797915,2.0555587,0.68518627,0.128,0.0,0.12520632,0.0,0.0
hardzero_only__c0p58__z1p00__lam0p000__nu0p50__psi0p00,0.069,borrow,32,151,0.0,4,-0.5347292,-0.5267441,-0.5267441,0.9365722,0.115725145,0.115725145,1.0,0.007985035,0.069,0.0,0.0,0.5347292,0.5267441,-26.040369,2.0605,0.6868333,0.16800001,0.0,0.14322332,0.0,0.0
hardzero_only__c0p58__z1p00__lam0p000__nu0p50__psi0p00,0.069,borrow,32,152,0.0,4,-0.5267441,-0.51918864,-0.51918864,0.9605852,0.10950017,0.10950017,1.0,0.0075555113,0.069,0.0,0.0,0.5267441,0.51918864,-26.380266,2.1133296,0.7044432,0.16000001,0.0,0.15262589,0.0,0.0
hardzero_only__c0p58__z1p00__lam0p000__nu0p50__psi0p00,0.069,borrow,32,153,0.0,4,-0.51918864,-0.5109987,-0.5109987,0.9255696,0.118694454,0.118694454,1.0,0.008189918,0.069,0.0,0.0,0.51918864,0.5109987,-25.791498,2.0362937,0.6787646,0.272,0.0,0.14915502,0.0,0.0
hardzero_only__c0p58__z1p00__lam0p000__nu0p50__psi0p00,0.069,borrow,32,154,0.0,4,-0.5109987,-0.5034234,-0.5034234,0.95944893,0.10978705,0.10978705,1.0,0.007575306,0.069,0.0,0.0,0.5109987,0.5034234,-26.284182,2.1108298,0.70360994,0.14400001,0.0,0.14032519,0.0,0.0
hardzero_only__c0p58__z1p00__lam0p000__nu0p50__psi0p00,0.069,borrow,32,155,0.0,4,-0.5034234,-0.49621662,-0.49621662,0.98110807,0.104446016,0.104446016,1.0,0.007206775,0.069,0.0,0.0,0.5034234,0.49621662,-28.019424,2.158481,0.7194936,0.136,0.0,0.1486505,0.0,0.0
hardzero_only__c0p58__z1p00__lam0p000__nu0p50__psi0p00,0.069,borrow,32,156,0.0,4,-0.49621662,-0.49621662,-0.49621662,1.0167674,0.0,0.096212745,0.0,0.0,0.069,0.0,0.0,0.49621662,0.49621662,-26.88679,2.236933,0.74564433,0.14999999,0.0,0.1502488,0.0,0.0
hardzero_only__c0p58__z1p00__lam0p000__nu0p50__psi0p00,0.069,borrow,32,157,0.0,4,-0.49621662,-0.48790133,-0.48790133,0.9189715,0.12051152,0.12051152,1.0,0.008315294,0.069,0.0,0.0,0.49621662,0.48790133,-24.937532,2.0217776,0.6739259,0.192,0.0,0.14663059,0.0,0.0
hardzero_only__c0p58__z1p00__lam0p000__nu0p50__psi0p00,0.069,borrow,32,158,0.0,4,-0.48790133,-0.4795956,-0.4795956,0.91947085,0.120373026,0.120373026,1.0,0.008305739,0.069,0.0,0.0,0.48790133,0.4795956,-25.372879,2.0228763,0.6742921,0.15200001,0.0,0.11851048,0.0,0.0
hardzero_only__c0p58__z1p00__lam0p000__nu0p50__psi0p00,0.069,borrow,32,159,0.0,4,-0.4795956,-0.47159776,-0.47159776,0.935876,0.11591081,0.11591081,1.0,0.007997846,0.069,0.0,0.0,0.4795956,0.47159776,-25.56117,2.0589683,0.6863228,0.16800001,0.0,0.15814474,0.0,0.0
hardzero_only__c0p58__z1p00__lam0p000__nu0p50__psi0p00,0.069,borrow,32,160,0.0,4,-0.47159776,-0.46336454,-0.46336454,0.9232786,0.119322225,0.119322225,1.0,0.008233233,0.069,0.0,0.0,0.47159776,0.46336454,-26.168255,2.0312536,0.67708457,0.208,0.0,0.15279421,0.0,0.0
hardzero_only__c0p58__z1p00__lam0p000__nu0p50__psi0p00,0.069,borrow,32,161,0.0,4,-0.46336454,-0.45543528,-0.45543528,0.93961585,0.11491697,0.11491697,1.0,0.007929271,0.069,0.0,0.0,0.46336454,0.45543528,-26.345612,2.0671961,0.6890654,0.256,0.0,0.15120679,0.0,0.0
hardzero_only__c0p58__z1p00__lam0p000__nu0p50__psi0p00,0.069,borrow,32,162,0.0,4,-0.45543528,-0.44848874,-0.44848874,0.99708116,0.10067434,0.10067434,1.0,0.0069465293,0.069,0.0,0.0,0.45543528,0.44848874,-27.154686,2.1936224,0.7312075,0.14400001,0.0,0.14846766,0.0,0.0
hardzero_only__c0p58__z1p00__lam0p000__nu0p50__psi0p00,0.069,borrow,32,163,0.0,4,-0.44848874,-0.44094673,-0.44094673,0.9613611,0.1093047,0.1093047,1.0,0.007542024,0.069,0.0,0.0,0.44848874,0.44094673,-26.771551,2.1150367,0.70501226,0.128,0.0,0.16678578,0.0,0.0
hardzero_only__c0p58__z1p00__lam0p000__nu0p50__psi0p00,0.069,borrow,32,164,0.0,4,-0.44094673,-0.43282652,-0.43282652,0.92928106,0.1176844,0.1176844,1.0,0.008120224,0.069,0.0,0.0,0.44094673,0.43282652,-24.988447,2.044459,0.68148637,0.24800001,0.0,0.16573618,0.0,0.0
hardzero_only__c0p58__z1p00__lam0p000__nu0p50__psi0p00,0.069,borrow,32,165,0.0,4,-0.43282652,-0.425353,-0.425353,0.9653225,0.10831222,0.10831222,1.0,0.007473543,0.069,0.0,0.0,0.43282652,0.425353,-26.354357,2.1237519,0.70791733,0.208,0.0,0.14054817,0.0,0.0
hardzero_only__c0p58__z1p00__lam0p000__nu0p50__psi0p00,0.069,borrow,32,166,0.0,4,-0.425353,-0.425353,-0.425353,1.0089146,0.0,0.09796825,0.0,0.0,0.069,0.0,0.0,0.425353,0.425353,-26.609951,2.2196565,0.7398855,0.16000001,0.0,0.13793507,0.0,0.0
hardzero_only__c0p58__z1p00__lam0p000__nu0p50__psi0p00,0.069,borrow,32,167,0.0,4,-0.425353,-0.41729555,-0.41729555,0.9326521,0.11677445,0.11677445,1.0,0.008057437,0.069,0.0,0.0,0.425353,0.41729555,-26.862999,2.0518756,0.68395853,0.224,0.0,0.13545068,0.0,0.0
hardzero_only__c0p58__z1p00__lam0p000__nu0p50__psi0p00,0.069,borrow,32,168,0.0,4,-0.41729555,-0.40965843,-0.40965843,0.95591956,0.11068285,0.11068285,1.0,0.0076371166,0.069,0.0,0.0,0.41729555,0.40965843,-26.60808,2.103065,0.7010217,0.14400001,0.0,0.18104951,0.0,0.0
hardzero_only__c0p58__z1p00__lam0p000__nu0p50__psi0p00,0.069,borrow,32,169,0.0,4,-0.40965843,-0.40965843,-0.40965843,1.0119936,0.0,0.09727614,0.0,0.0,0.069,0.0,0.0,0.40965843,0.40965843,-27.44008,2.2264304,0.7421435,0.16,0.0,0.15645112,0.0,0.0
hardzero_only__c0p58__z1p00__lam0p000__nu0p50__psi0p00,0.069,borrow,32,170,0.0,4,-0.40965843,-0.40225667,-0.40225667,0.9695135,0.10727204,0.10727204,1.0,0.0074017704,0.069,0.0,0.0,0.40965843,0.40225667,-25.939825,2.1329722,0.7109908,0.16800001,0.0,0.148571,0.0,0.0
hardzero_only__c0p58__z1p00__lam0p000__nu0p50__psi0p00,0.069,borrow,32,171,0.0,4,-0.40225667,-0.40225667,-0.40225667,1.0303673,0.0,0.09324654,0.0,0.0,0.069,0.0,0.0,0.40225667,0.40225667,-28.463188,2.2668533,0.7556178,0.112,0.0,0.16861685,0.0,0.0
hardzero_only__c0p58__z1p00__lam0p000__nu0p50__psi0p00,0.069,borrow,32,172,0.0,4,-0.40225667,-0.39498708,-0.39498708,0.9773383,0.10535659,0.10535659,1.0,0.0072696046,0.069,0.0,0.0,0.40225667,0.39498708,-27.01918,2.1501873,0.7167291,0.15200001,0.0,0.17049949,0.0,0.0
hardzero_only__c0p58__z1p00__lam0p000__nu0p50__psi0p00,0.069,borrow,32,173,0.0,4,-0.39498708,-0.39498708,-0.39498708,1.0027918,0.0,0.09935924,0.0,0.0,0.069,0.0,0.0,0.39498708,0.39498708,-26.896194,2.206186,0.7353954,0.120000005,0.0,0.1732924,0.0,0.0
hardzero_only__c0p58__z1p00__lam0p000__nu0p50__psi0p00,0.069,borrow,32,174,0.0,4,-0.39498708,-0.38786128,-0.38786128,0.98601586,0.10327236,0.10327236,1.0,0.007125793,0.069,0.0,0.0,0.39498708,0.38786128,-26.301111,2.1692781,0.72309273,0.16000001,0.0,0.17991921,0.0,0.0
hardzero_only__c0p58__z1p00__lam0p000__nu0p50__psi0p00,0.069,borrow,32,175,0.0,4,-0.38786128,-0.380276,-0.380276,0.9588776,0.10993154,0.10993154,1.0,0.0075852764,0.069,0.0,0.0,0.38786128,0.380276,-26.49338,2.109573,0.703191,0.208,0.0,0.16420092,0.0,0.0
hardzero_only__c0p58__z1p00__lam0p000__nu0p50__psi0p00,0.069,borrow,32,176,0.0,4,-0.380276,-0.37315258,-0.37315258,0.9861618,0.10323765,0.10323765,1.0,0.0071233977,0.069,0.0,0.0,0.380276,0.37315258,-27.412468,2.1695993,0.7231998,0.192,0.0,0.15414757,0.0,0.0
hardzero_only__c0p58__z1p00__lam0p000__nu0p50__psi0p00,0.069,borrow,32,177,0.0,4,-0.37315258,-0.36521786,-0.36521786,0.9393175,0.114995934,0.114995934,1.0,0.007934719,0.069,0.0,0.0,0.37315258,0.36521786,-26.104298,2.0665398,0.6888466,0.24800001,0.0,0.13196729,0.0,0.0
hardzero_only__c0p58__z1p00__lam0p000__nu0p50__psi0p00,0.069,borrow,32,178,0.0,4,-0.36521786,-0.35729128,-0.35729128,0.9397626,0.114878125,0.114878125,1.0,0.007926591,0.069,0.0,0.0,0.36521786,0.35729128,-27.100008,2.067519,0.689173,0.192,0.0,0.15754385,0.0,0.0
hardzero_only__c0p58__z1p00__lam0p000__nu0p50__psi0p00,0.069,borrow,32,179,0.0,4,-0.35729128,-0.3499718,-0.3499718,0.97436833,0.10607955,0.10607955,1.0,0.0073194886,0.069,0.0,0.0,0.35729128,0.3499718,-27.080084,2.1436532,0.7145511,0.128,0.0,0.17807955,0.0,0.0
hardzero_only__c0p58__z1p00__lam0p000__nu0p50__psi0p00,0.069,borrow,32,180,0.0,4,-0.3499718,-0.34271532,-0.34271532,0.9781235,0.105166286,0.105166286,1.0,0.0072564734,0.069,0.0,0.0,0.3499718,0.34271532,-26.480785,2.1519146,0.7173049,0.16000001,0.0,0.15553297,0.0,0.0
hardzero_only__c0p58__z1p00__lam0p000__nu0p50__psi0p00,0.069,borrow,32,181,0.0,4,-0.34271532,-0.33580852,-0.33580852,0.99957097,0.10009885,0.10009885,1.0,0.0069068205,0.069,0.0,0.0,0.34271532,0.33580852,-26.299982,2.1991,0.73303336,0.14400001,0.0,0.1366936,0.0,0.0
hardzero_only__c0p58__z1p00__lam0p000__nu0p50__psi0p00,0.069,borrow,32,182,0.0,4,-0.33580852,-0.32815006,-0.32815006,0.9547082,0.110992014,0.110992014,1.0,0.007658449,0.069,0.0,0.0,0.33580852,0.32815006,-25.95503,2.1004,0.7001333,0.14,0.0,0.1584474,0.0,0.0
hardzero_only__c0p58__z1p00__lam0p000__nu0p50__psi0p00,0.069,borrow,32,183,0.0,4,-0.32815006,-0.31995478,-0.31995478,0.9252859,0.11877202,0.11877202,1.0,0.008195269,0.069,0.0,0.0,0.32815006,0.31995478,-26.291582,2.0356696,0.67855656,0.136,0.0,0.14005485,0.0,0.0
hardzero_only__c0p58__z1p00__lam0p000__nu0p50__psi0p00,0.069,borrow,32,184,0.0,4,-0.31995478,-0.3121904,-0.3121904,0.9487431,0.11252704,0.11252704,1.0,0.0077643655,0.069,0.0,0.0,0.31995478,0.3121904,-26.199642,2.0872765,0.6957588,0.208,0.0,0.13673566,0.0,0.0
hardzero_only__c0p58__z1p00__lam0p000__nu0p50__psi0p00,0.069,borrow,32,185,0.0,4,-0.3121904,-0.3044881,-0.3044881,0.95222807,0.11162768,0.11162768,1.0,0.00770231,0.069,0.0,0.0,0.3121904,0.3044881,-26.722687,2.0949435,0.69831455,0.14400001,0.0,0.13682826,0.0,0.0
hardzero_only__c0p58__z1p00__lam0p000__nu0p50__psi0p00,0.069,borrow,32,186,0.0,4,-0.3044881,-0.2972872,-0.2972872,0.9814616,0.104361035,0.104361035,1.0,0.007200911,0.069,0.0,0.0,0.3044881,0.2972872,-28.112177,2.1592586,0.7197529,0.208,0.0,0.16747378,0.0,0.0
hardzero_only__c0p58__z1p00__lam0p000__nu0p50__psi0p00,0.069,borrow,32,187,0.0,4,-0.2972872,-0.2894246,-0.2894246,0.94328266,0.113950774,0.113950774,1.0,0.007862603,0.069,0.0,0.0,0.2972872,0.2894246,-25.923716,2.0752633,0.69175446,0.18400002,0.0,0.124629535,0.0,0.0
hardzero_only__c0p58__z1p00__lam0p000__nu0p50__psi0p00,0.069,borrow,32,188,0.0,4,-0.2894246,-0.28179333,-0.28179333,0.9562526,0.11059803,0.11059803,1.0,0.0076312637,0.069,0.0,0.0,0.2894246,0.28179333,-26.466858,2.1037977,0.70126593,0.128,0.0,0.13109998,0.0,0.0
hardzero_only__c0p58__z1p00__lam0p000__nu0p50__psi0p00,0.069,borrow,32,189,0.0,4,-0.28179333,-0.2740654,-0.2740654,0.95078593,0.11199898,0.11199898,1.0,0.0077279294,0.069,0.0,0.0,0.28179333,0.2740654,-26.352468,2.091771,0.697257,0.216,0.0,0.15392599,0.0,0.0
hardzero_only__c0p58__z1p00__lam0p000__nu0p50__psi0p00,0.069,borrow,32,190,0.0,4,-0.2740654,-0.26598513,-0.26598513,0.9314234,0.117105305,0.117105305,1.0,0.0080802655,0.069,0.0,0.0,0.2740654,0.26598513,-26.692675,2.0491724,0.6830575,0.18400002,0.0,0.14600474,0.0,0.0
hardzero_only__c0p58__z1p00__lam0p000__nu0p50__psi0p00,0.069,borrow,32,191,0.0,4,-0.26598513,-0.25764868,-0.25764868,0.9178684,0.12081799,0.12081799,1.0,0.008336441,0.069,0.0,0.0,0.26598513,0.25764868,-25.742188,2.0193508,0.6731169,0.16800001,0.0,0.13827741,0.0,0.0
hardzero_only__c0p58__z1p00__lam0p000__nu0p50__psi0p00,0.069,borrow,32,192,0.0,4,-0.25764868,-0.25000268,-0.25000268,0.95541555,0.11081139,0.11081139,1.0,0.0076459856,0.069,0.0,0.0,0.25764868,0.25000268,-26.647062,2.1019561,0.70065206,0.16800001,0.0,0.15523471,0.0,0.0
hardzero_only__c0p58__z1p00__lam0p000__nu0p50__psi0p00,0.069,borrow,32,193,0.0,4,-0.25000268,-0.24184379,-0.24184379,0.9272175,0.11824493,0.11824493,1.0,0.0081589,0.069,0.0,0.0,0.25000268,0.24184379,-26.158823,2.0399191,0.67997307,0.2,0.0,0.15622161,0.0,0.0
hardzero_only__c0p58__z1p00__lam0p000__nu0p50__psi0p00,0.069,borrow,32,194,0.0,4,-0.24184379,-0.23393664,-0.23393664,0.9408285,0.11459652,0.11459652,1.0,0.00790716,0.069,0.0,0.0,0.24184379,0.23393664,-25.941298,2.069864,0.6899547,0.17600001,0.0,0.13787284,0.0,0.0
hardzero_only__c0p58__z1p00__lam0p000__nu0p50__psi0p00,0.069,borrow,32,195,0.0,4,-0.23393664,-0.22664477,-0.22664477,0.9760099,0.10567933,0.10567933,1.0,0.007291874,0.069,0.0,0.0,0.23393664,0.22664477,-26.04824,2.1472647,0.7157549,0.14,0.0,0.15237945,0.0,0.0
hardzero_only__c0p58__z1p00__lam0p000__nu0p50__psi0p00,0.069,borrow,32,196,0.0,4,-0.22664477,-0.21936858,-0.21936858,0.9769449,0.10545206,0.10545206,1.0,0.007276192,0.069,0.0,0.0,0.22664477,0.21936858,-26.646666,2.1493218,0.7164406,0.15200001,0.0,0.15383978,0.0,0.0
hardzero_only__c0p58__z1p00__lam0p000__nu0p50__psi0p00,0.069,borrow,32,197,0.0,4,-0.21936858,-0.21167739,-0.21167739,0.9528554,0.11146655,0.11146655,1.0,0.0076911915,0.069,0.0,0.0,0.21936858,0.21167739,-26.276512,2.0963237,0.6987746,0.16800001,0.0,0.15694629,0.0,0.0
hardzero_only__c0p58__z1p00__lam0p000__nu0p50__psi0p00,0.069,borrow,32,198,0.0,4,-0.21167739,-0.20381376,-0.20381376,0.94322664,0.113965504,0.113965504,1.0,0.007863619,0.069,0.0,0.0,0.21167739,0.20381376,-25.096502,2.07514,0.69171333,0.128,0.0,0.12773642,0.0,0.0
hardzero_only__c0p58__z1p00__lam0p000__nu0p50__psi0p00,0.069,borrow,32,199,0.0,4,-0.20381376,-0.19575937,-0.19575937,0.9328161,0.116730385,0.116730385,1.0,0.008054396,0.069,0.0,0.0,0.20381376,0.19575937,-26.067074,2.0522363,0.6840788,0.216,0.0,0.1241891,0.0,0.0
hardzero_only__c0p58__z1p00__lam0p000__nu0p50__psi0p00,0.069,borrow,32,200,0.0,4,-0.19575937,-0.1880529,-0.1880529,0.9519932,0.11168806,0.11168806,1.0,0.007706476,0.069,0.0,0.0,0.19575937,0.1880529,-26.125568,2.0944269,0.6981423,0.216,0.0,0.13547735,0.0,0.0
hardzero_only__c0p58__z1p00__lam0p000__nu0p50__psi0p00,0.069,borrow,32,201,0.0,4,-0.1880529,-0.18027414,-0.18027414,0.9479391,0.112735555,0.112735555,1.0,0.007778753,0.069,0.0,0.0,0.1880529,0.18027414,-26.016901,2.0855076,0.6951692,0.16000001,0.0,0.12813078,0.0,0.0
hardzero_only__c0p58__z1p00__lam0p000__nu0p50__psi0p00,0.069,borrow,32,202,0.0,4,-0.18027414,-0.17279385,-0.17279385,0.9649307,0.10840998,0.10840998,1.0,0.0074802884,0.069,0.0,0.0,0.18027414,0.17279385,-27.164297,2.12289,0.70763004,0.15200001,0.0,0.1621933,0.0,0.0
hardzero_only__c0p58__z1p00__lam0p000__nu0p50__psi0p00,0.069,borrow,32,203,0.0,4,-0.17279385,-0.16480957,-0.16480957,0.936613,0.115714274,0.115714274,1.0,0.007984284,0.069,0.0,0.0,0.17279385,0.16480957,-25.177011,2.0605898,0.6868633,0.16000001,0.0,0.14237298,0.0,0.0
hardzero_only__c0p58__z1p00__lam0p000__nu0p50__psi0p00,0.069,borrow,32,204,0.0,4,-0.16480957,-0.15750124,-0.15750124,0.97503024,0.105917975,0.105917975,1.0,0.00730834,0.069,0.0,0.0,0.16480957,0.15750124,-27.377684,2.1451094,0.7150365,0.208,0.0,0.1461431,0.0,0.0
hardzero_only__c0p58__z1p00__lam0p000__nu0p50__psi0p00,0.069,borrow,32,205,0.0,4,-0.15750124,-0.14915164,-0.14915164,0.91718346,0.12100869,0.12100869,1.0,0.008349599,0.069,0.0,0.0,0.15750124,0.14915164,-25.899326,2.017844,0.6726147,0.2,0.0,0.12586531,0.0,0.0
hardzero_only__c0p58__z1p00__lam0p000__nu0p50__psi0p00,0.069,borrow,32,206,0.0,4,-0.14915164,-0.14146046,-0.14146046,0.9528568,0.1114662,0.1114662,1.0,0.0076911678,0.069,0.0,0.0,0.14915164,0.14146046,-25.883286,2.0963268,0.69877565,0.18400002,0.0,0.14968237,0.0,0.0
hardzero_only__c0p58__z1p00__lam0p000__nu0p50__psi0p00,0.069,borrow,32,207,0.0,4,-0.14146046,-0.13353802,-0.13353802,0.93999046,0.114817895,0.114817895,1.0,0.007922434,0.069,0.0,0.0,0.14146046,0.13353802,-26.488544,2.0680203,0.6893401,0.216,0.0,0.16831186,0.0,0.0
hardzero_only__c0p58__z1p00__lam0p000__nu0p50__psi0p00,0.069,borrow,32,208,0.0,4,-0.13353802,-0.12523866,-0.12523866,0.9198042,0.120280646,0.120280646,1.0,0.008299365,0.069,0.0,0.0,0.13353802,0.12523866,-25.327387,2.0236096,0.6745366,0.16,0.0,0.12639108,0.0,0.0
hardzero_only__c0p58__z1p00__lam0p000__nu0p50__psi0p00,0.069,borrow,32,209,0.0,4,-0.12523866,-0.11781088,-0.11781088,0.9679902,0.10764894,0.10764894,1.0,0.0074277767,0.069,0.0,0.0,0.12523866,0.11781088,-27.582047,2.129621,0.7098737,0.216,0.0,0.19885947,0.0,0.0
hardzero_only__c0p58__z1p00__lam0p000__nu0p50__psi0p00,0.069,borrow,32,210,0.0,4,-0.11781088,-0.11067757,-0.11067757,0.98555773,0.10338137,0.10338137,1.0,0.0071333144,0.069,0.0,0.0,0.11781088,0.11067757,-27.02109,2.1682703,0.7227568,0.15200001,0.0,0.14950049,0.0,0.0
hardzero_only__c0p58__z1p00__lam0p000__nu0p50__psi0p00,0.069,borrow,32,211,0.0,4,-0.11067757,-0.11067757,-0.11067757,1.0008113,0.0,0.09981335,0.0,0.0,0.069,0.0,0.0,0.11067757,0.11067757,-26.878757,2.201829,0.733943,0.136,0.0,0.16492254,0.0,0.0
hardzero_only__c0p58__z1p00__lam0p000__nu0p50__psi0p00,0.069,borrow,32,212,0.0,4,-0.11067757,-0.103093356,-0.103093356,0.95893854,0.109916136,0.109916136,1.0,0.0075842133,0.069,0.0,0.0,0.11067757,0.103093356,-26.44244,2.1097069,0.7032356,0.24000001,0.0,0.1527124,0.0,0.0
hardzero_only__c0p58__z1p00__lam0p000__nu0p50__psi0p00,0.069,borrow,32,213,0.0,4,-0.103093356,-0.103093356,-0.103093356,1.017863,0.0,0.09597032,0.0,0.0,0.069,0.0,0.0,0.103093356,0.103093356,-28.54747,2.2393434,0.7464478,0.2,0.0,0.17634463,0.0,0.0
hardzero_only__c0p58__z1p00__lam0p000__nu0p50__psi0p00,0.069,borrow,32,214,0.0,4,-0.103093356,-0.095150515,-0.095150515,0.9388733,0.115113616,0.115113616,1.0,0.0079428395,0.069,0.0,0.0,0.103093356,0.095150515,-25.646008,2.0655625,0.68852085,0.192,0.0,0.1508265,0.0,0.0
hardzero_only__c0p58__z1p00__lam0p000__nu0p50__psi0p00,0.069,borrow,32,215,0.0,4,-0.095150515,-0.08695733,-0.08695733,0.9253961,0.11874186,0.11874186,1.0,0.008193188,0.069,0.0,0.0,0.095150515,0.08695733,-26.540056,2.035912,0.6786374,0.2,0.0,0.14182849,0.0,0.0
hardzero_only__c0p58__z1p00__lam0p000__nu0p50__psi0p00,0.069,borrow,32,216,0.0,4,-0.08695733,-0.07847141,-0.07847141,0.9101502,0.12298432,0.12298432,1.0,0.008485918,0.069,0.0,0.0,0.08695733,0.07847141,-25.819006,2.0023704,0.6674568,0.264,0.0,0.14730816,0.0,0.0
hardzero_only__c0p58__z1p00__lam0p000__nu0p50__psi0p00,0.069,borrow,32,217,0.0,4,-0.07847141,-0.07081002,-0.07081002,0.95454186,0.11103455,0.11103455,1.0,0.0076613836,0.069,0.0,0.0,0.07847141,0.07081002,-26.332178,2.100034,0.7000114,0.18400002,0.0,0.13270076,0.0,0.0
hardzero_only__c0p58__z1p00__lam0p000__nu0p50__psi0p00,0.069,borrow,32,218,0.0,4,-0.07081002,-0.063669555,-0.063669555,0.98512274,0.103484966,0.103484966,1.0,0.0071404623,0.069,0.0,0.0,0.07081002,0.063669555,-28.061619,2.1673133,0.7224378,0.2,0.008,0.16204272,0.0,0.0
hardzero_only__c0p58__z1p00__lam0p000__nu0p50__psi0p00,0.069,borrow,32,219,0.0,4,-0.063669555,-0.0564051,-0.0564051,0.977646,0.105281964,0.105281964,1.0,0.0072644553,0.069,0.0,0.0,0.063669555,0.0564051,-26.607727,2.1508641,0.7169547,0.112,0.0,0.14361057,0.0,0.0
hardzero_only__c0p58__z1p00__lam0p000__nu0p50__psi0p00,0.069,borrow,32,220,0.0,4,-0.0564051,-0.0564051,-0.0564051,1.0063341,0.0,0.09855211,0.0,0.0,0.069,0.0,0.0,0.0564051,0.0564051,-27.185236,2.2139792,0.7379931,0.24000001,0.0,0.14832257,0.0,0.0
hardzero_only__c0p58__z1p00__lam0p000__nu0p50__psi0p00,0.069,borrow,32,221,0.0,4,-0.0564051,-0.047959886,-0.047959886,0.91223854,0.12239438,0.12239438,1.0,0.008445213,0.069,0.0,0.0,0.0564051,0.047959886,-25.348825,2.006965,0.66898835,0.17,0.0,0.12118832,0.0,0.0
hardzero_only__c0p58__z1p00__lam0p000__nu0p50__psi0p00,0.069,borrow,32,222,0.0,4,-0.047959886,-0.03965219,-0.03965219,0.91936845,0.12040141,0.12040141,1.0,0.008307697,0.069,0.0,0.0,0.047959886,0.03965219,-25.904894,2.022651,0.674217,0.192,0.0,0.13818158,0.0,0.0
hardzero_only__c0p58__z1p00__lam0p000__nu0p50__psi0p00,0.069,borrow,32,223,0.0,4,-0.03965219,-0.032681298,-0.032681298,0.9955605,0.10102746,0.10102746,1.0,0.0069708945,0.069,0.0,0.0,0.03965219,0.032681298,-27.349178,2.1902769,0.7300923,0.136,0.0,0.12387445,0.0,0.0
hardzero_only__c0p58__z1p00__lam0p000__nu0p50__psi0p00,0.069,borrow,32,224,0.0,4,-0.032681298,-0.02523698,-0.02523698,0.9670242,0.10788867,0.10788867,1.0,0.007444318,0.069,0.0,0.0,0.032681298,0.02523698,-26.428947,2.1274958,0.7091653,0.14400001,0.0,0.15674113,0.0,0.0
hardzero_only__c0p58__z1p00__lam0p000__nu0p50__psi0p00,0.069,borrow,32,225,0.0,4,-0.02523698,-0.02523698,-0.02523698,1.0044762,0.0,0.09897461,0.0,0.0,0.069,0.0,0.0,0.02523698,0.02523698,-27.188204,2.2098918,0.7366306,0.128,0.0,0.16263235,0.0,0.0
hardzero_only__c0p58__z1p00__lam0p000__nu0p50__psi0p00,0.069,borrow,32,226,0.0,4,-0.02523698,-0.01727083,-0.01727083,0.9376006,0.11545143,0.11545143,1.0,0.007966149,0.069,0.0,0.0,0.02523698,0.01727083,-25.874983,2.0627625,0.6875875,0.17600001,0.0,0.1459314,0.0,0.0
hardzero_only__c0p58__z1p00__lam0p000__nu0p50__psi0p00,0.069,borrow,32,227,1.0,5,-0.01727083,-0.5892955,-0.5892955,0.9371019,0.115584105,0.115584105,1.0,0.007975303,0.069,0.0,0.0,0.01727083,0.5892955,-25.451122,2.0616653,0.68722177,0.192,0.0,0.1470369,0.0,0.0
hardzero_only__c0p58__z1p00__lam0p000__nu0p50__psi0p00,0.069,borrow,32,228,0.0,5,-0.5892955,-0.5813269,-0.5813269,0.9374675,0.115486845,0.115486845,1.0,0.007968592,0.069,0.0,0.0,0.5892955,0.5813269,-26.05946,2.0624697,0.6874899,0.208,0.0,0.15173246,0.0,0.0
hardzero_only__c0p58__z1p00__lam0p000__nu0p50__psi0p00,0.069,borrow,32,229,0.0,5,-0.5813269,-0.57225466,-0.57225466,0.8811352,0.13148151,0.13148151,1.0,0.009072225,0.069,0.0,0.0,0.5813269,0.57225466,-24.728601,1.9385362,0.6461787,0.192,0.008,0.1238456,0.0,0.0
hardzero_only__c0p58__z1p00__lam0p000__nu0p50__psi0p00,0.069,borrow,32,230,0.0,5,-0.57225466,-0.56400084,-0.56400084,0.9221954,0.11962023,0.11962023,1.0,0.008253795,0.069,0.0,0.0,0.57225466,0.56400084,-25.666836,2.0288703,0.67629015,0.23200001,0.0,0.123278886,0.0,0.0
hardzero_only__c0p58__z1p00__lam0p000__nu0p50__psi0p00,0.069,borrow,32,231,0.0,5,-0.56400084,-0.5563159,-0.5563159,0.9532095,0.1113757,0.1113757,1.0,0.007684923,0.069,0.0,0.0,0.56400084,0.5563159,-27.163002,2.0971029,0.69903433,0.16800001,0.0,0.15206379,0.0,0.0
hardzero_only__c0p58__z1p00__lam0p000__nu0p50__psi0p00,0.069,borrow,32,232,0.0,5,-0.5563159,-0.54890406,-0.54890406,0.968922,0.10741822,0.10741822,1.0,0.0074118567,0.069,0.0,0.0,0.5563159,0.54890406,-26.128677,2.131671,0.710557,0.2,0.0,0.14259705,0.0,0.0
hardzero_only__c0p58__z1p00__lam0p000__nu0p50__psi0p00,0.069,borrow,32,233,0.0,5,-0.54890406,-0.5404868,-0.5404868,0.91367805,0.12198935,0.12198935,1.0,0.008417265,0.069,0.0,0.0,0.54890406,0.5404868,-26.253511,2.0101318,0.67004395,0.24000001,0.0,0.13328624,0.0,0.0
hardzero_only__c0p58__z1p00__lam0p000__nu0p50__psi0p00,0.069,borrow,32,234,0.0,5,-0.5404868,-0.53285354,-0.53285354,0.9561387,0.11062703,0.11062703,1.0,0.007633265,0.069,0.0,0.0,0.5404868,0.53285354,-26.575035,2.103547,0.70118237,0.14,0.0,0.14388703,0.0,0.0
hardzero_only__c0p58__z1p00__lam0p000__nu0p50__psi0p00,0.069,borrow,32,235,0.0,5,-0.53285354,-0.52506256,-0.52506256,0.9472555,0.11291315,0.11291315,1.0,0.007791007,0.069,0.0,0.0,0.53285354,0.52506256,-25.914244,2.0840037,0.69466794,0.192,0.0,0.13045527,0.0,0.0
hardzero_only__c0p58__z1p00__lam0p000__nu0p50__psi0p00,0.069,borrow,32,236,0.0,5,-0.52506256,-0.51711434,-0.51711434,0.9385779,0.115191944,0.115191944,1.0,0.007948244,0.069,0.0,0.0,0.52506256,0.51711434,-26.533813,2.0649126,0.6883042,0.17600001,0.0,0.16191223,0.0,0.0
hardzero_only__c0p58__z1p00__lam0p000__nu0p50__psi0p00,0.069,borrow,32,237,0.0,5,-0.51711434,-0.50943524,-0.50943524,0.95353985,0.11129102,0.11129102,1.0,0.00767908,0.069,0.0,0.0,0.51711434,0.50943524,-26.926304,2.0978296,0.69927657,0.18400002,0.0,0.12963553,0.0,0.0
hardzero_only__c0p58__z1p00__lam0p000__nu0p50__psi0p00,0.069,borrow,32,238,0.0,5,-0.50943524,-0.50094885,-0.50094885,0.9101272,0.12299083,0.12299083,1.0,0.008486367,0.069,0.0,0.0,0.50943524,0.50094885,-25.885227,2.0023198,0.66743994,0.16000001,0.0,0.15716083,0.0,0.0
hardzero_only__c0p58__z1p00__lam0p000__nu0p50__psi0p00,0.069,borrow,32,239,0.0,5,-0.50094885,-0.49258673,-0.49258673,0.91653305,0.12119003,0.12119003,1.0,0.008362112,0.069,0.0,0.0,0.50094885,0.49258673,-25.841904,2.016413,0.6721377,0.16800001,0.0,0.14460686,0.0,0.0
hardzero_only__c0p58__z1p00__lam0p000__nu0p50__psi0p00,0.069,borrow,32,240,0.0,5,-0.49258673,-0.48499066,-0.48499066,0.95826036,0.110087916,0.110087916,1.0,0.007596066,0.069,0.0,0.0,0.49258673,0.48499066,-26.184072,2.1082149,0.7027383,0.18400002,0.0,0.1380081,0.0,0.0
hardzero_only__c0p58__z1p00__lam0p000__nu0p50__psi0p00,0.069,borrow,32,241,0.0,5,-0.48499066,-0.4775702,-0.4775702,0.9684197,0.10754255,0.10754255,1.0,0.007420436,0.069,0.0,0.0,0.48499066,0.4775702,-26.410975,2.130566,0.7101886,0.208,0.0,0.15972288,0.0,0.0
hardzero_only__c0p58__z1p00__lam0p000__nu0p50__psi0p00,0.069,borrow,32,242,0.0,5,-0.4775702,-0.4687458,-0.4687458,0.8931628,0.12789017,0.12789017,1.0,0.008824421,0.069,0.0,0.0,0.4775702,0.4687458,-24.888454,1.9649974,0.65499914,0.17600001,0.0,0.13035347,0.0,0.0
hardzero_only__c0p58__z1p00__lam0p000__nu0p50__psi0p00,0.069,borrow,32,243,0.0,5,-0.4687458,-0.46044672,-0.46044672,0.91981936,0.12027646,0.12027646,1.0,0.008299075,0.069,0.0,0.0,0.4687458,0.46044672,-25.535475,2.023643,0.6745477,0.15200001,0.008,0.1365328,0.0,0.0
hardzero_only__c0p58__z1p00__lam0p000__nu0p50__psi0p00,0.069,borrow,32,244,0.0,5,-0.46044672,-0.45278898,-0.45278898,0.95474786,0.110981904,0.110981904,1.0,0.007657751,0.069,0.0,0.0,0.46044672,0.45278898,-27.795273,2.1004872,0.7001624,0.17600001,0.0,0.13745959,0.0,0.0
hardzero_only__c0p58__z1p00__lam0p000__nu0p50__psi0p00,0.069,borrow,32,245,0.0,5,-0.45278898,-0.44479474,-0.44479474,0.93607193,0.11585854,0.11585854,1.0,0.007994239,0.069,0.0,0.0,0.45278898,0.44479474,-26.58334,2.0593994,0.68646646,0.208,0.0,0.14718296,0.0,0.0
hardzero_only__c0p58__z1p00__lam0p000__nu0p50__psi0p00,0.069,borrow,32,246,0.0,5,-0.44479474,-0.4370561,-0.4370561,0.9501843,0.11215423,0.11215423,1.0,0.007738642,0.069,0.0,0.0,0.44479474,0.4370561,-26.146372,2.0904472,0.6968157,0.15200001,0.0,0.12465014,0.0,0.0
hardzero_only__c0p58__z1p00__lam0p000__nu0p50__psi0p00,0.069,borrow,32,247,0.0,5,-0.4370561,-0.4370561,-0.4370561,1.0060465,0.0,0.098617375,0.0,0.0,0.069,0.0,0.0,0.4370561,0.4370561,-27.761782,2.2133465,0.7377822,0.099999994,0.0,0.14062499,0.0,0.0
hardzero_only__c0p58__z1p00__lam0p000__nu0p50__psi0p00,0.069,borrow,32,248,0.0,5,-0.4370561,-0.4290868,-0.4290868,0.9374286,0.115497164,0.115497164,1.0,0.007969304,0.069,0.0,0.0,0.4370561,0.4290868,-26.199026,2.0623841,0.6874614,0.16800001,0.0,0.154563,0.0,0.0
hardzero_only__c0p58__z1p00__lam0p000__nu0p50__psi0p00,0.069,borrow,32,249,0.0,5,-0.4290868,-0.42054853,-0.42054853,0.9074784,0.12374328,0.12374328,1.0,0.008538286,0.069,0.0,0.0,0.4290868,0.42054853,-26.679298,1.9964924,0.6654975,0.216,0.0,0.14339058,0.0,0.0
hardzero_only__c0p58__z1p00__lam0p000__nu0p50__psi0p00,0.069,borrow,32,250,0.0,5,-0.42054853,-0.41138583,-0.41138583,0.8768255,0.13279277,0.13279277,1.0,0.009162701,0.069,0.0,0.0,0.42054853,0.41138583,-25.779753,1.9290546,0.64301825,0.224,0.0,0.13088465,0.0,0.0
hardzero_only__c0p58__z1p00__lam0p000__nu0p50__psi0p00,0.069,borrow,32,251,0.0,5,-0.41138583,-0.40261418,-0.40261418,0.89576775,0.12712537,0.12712537,1.0,0.0087716505,0.069,0.0,0.0,0.41138583,0.40261418,-25.164925,1.9707284,0.65690947,0.256,0.0,0.11938927,0.0,0.0
hardzero_only__c0p58__z1p00__lam0p000__nu0p50__psi0p00,0.069,borrow,32,252,0.0,5,-0.40261418,-0.39459577,-0.39459577,0.93476087,0.11620883,0.11620883,1.0,0.008018409,0.069,0.0,0.0,0.40261418,0.39459577,-26.138588,2.056515,0.68550503,0.17600001,0.008,0.16057305,0.0,0.0
hardzero_only__c0p58__z1p00__lam0p000__nu0p50__psi0p00,0.069,borrow,32,253,0.0,5,-0.39459577,-0.38573372,-0.38573372,0.8913153,0.12843539,0.12843539,1.0,0.008862042,0.069,0.0,0.0,0.39459577,0.38573372,-25.26785,1.9609327,0.65364426,0.24000001,0.008,0.13545136,0.0,0.0
hardzero_only__c0p58__z1p00__lam0p000__nu0p50__psi0p00,0.069,borrow,32,254,0.0,5,-0.38573372,-0.37829652,-0.37829652,0.96744025,0.10778536,0.10778536,1.0,0.0074371896,0.069,0.0,0.0,0.38573372,0.37829652,-26.79839,2.128411,0.7094704,0.224,0.0,0.16831146,0.0,0.0
hardzero_only__c0p58__z1p00__lam0p000__nu0p50__psi0p00,0.069,borrow,32,255,0.0,5,-0.37829652,-0.37035388,-0.37035388,0.93888414,0.11511073,0.11511073,1.0,0.00794264,0.069,0.0,0.0,0.37829652,0.37035388,-26.934385,2.0655863,0.6885288,0.264,0.0,0.15406798,0.0,0.0
hardzero_only__c0p58__z1p00__lam0p000__nu0p50__psi0p00,0.069,borrow,32,256,0.0,5,-0.37035388,-0.36311185,-0.36311185,0.97898924,0.10495682,0.10495682,1.0,0.00724202,0.069,0.0,0.0,0.37035388,0.36311185,-26.901833,2.1538193,0.7179398,0.14400001,0.0,0.16100466,0.0,0.0
hardzero_only__c0p58__z1p00__lam0p000__nu0p50__psi0p00,0.069,borrow,32,257,0.0,5,-0.36311185,-0.35480404,-0.35480404,0.9193627,0.120402984,0.120402984,1.0,0.008307805,0.069,0.0,0.0,0.36311185,0.35480404,-25.591534,2.0226383,0.6742128,0.16800001,0.0,0.1284614,0.0,0.0
hardzero_only__c0p58__z1p00__lam0p000__nu0p50__psi0p00,0.069,borrow,32,258,0.0,5,-0.35480404,-0.34629965,-0.34629965,0.90920603,0.123252,0.123252,1.0,0.008504388,0.069,0.0,0.0,0.35480404,0.34629965,-25.217134,2.0002933,0.66676444,0.256,0.0,0.12329916,0.0,0.0
hardzero_only__c0p58__z1p00__lam0p000__nu0p50__psi0p00,0.069,borrow,32,259,0.0,5,-0.34629965,-0.33827496,-0.33827496,0.9344203,0.116299994,0.116299994,1.0,0.008024699,0.069,0.0,0.0,0.34629965,0.33827496,-25.985977,2.0557656,0.6852552,0.18400002,0.0,0.14931372,0.0,0.0
hardzero_only__c0p58__z1p00__lam0p000__nu0p50__psi0p00,0.069,borrow,32,260,0.0,5,-0.33827496,-0.33827496,-0.33827496,1.010492,0.0,0.097613074,0.0,0.0,0.069,0.0,0.0,0.33827496,0.33827496,-27.302263,2.2231266,0.74104226,0.14,0.0,0.1728617,0.0,0.0
hardzero_only__c0p58__z1p00__lam0p000__nu0p50__psi0p00,0.069,borrow,32,261,0.0,5,-0.33827496,-0.3302539,-0.3302539,0.93461716,0.1162473,0.1162473,1.0,0.008021063,0.069,0.0,0.0,0.33827496,0.3302539,-25.338377,2.0561988,0.68539965,0.14400001,0.0,0.12514333,0.0,0.0
hardzero_only__c0p58__z1p00__lam0p000__nu0p50__psi0p00,0.069,borrow,32,262,0.0,5,-0.3302539,-0.3215934,-0.3215934,0.90130705,0.12551422,0.12551422,1.0,0.008660481,0.069,0.0,0.0,0.3302539,0.3215934,-25.717567,1.982915,0.6609717,0.28800002,0.008,0.15948378,0.0,0.0
hardzero_only__c0p58__z1p00__lam0p000__nu0p50__psi0p00,0.069,borrow,32,263,0.0,5,-0.3215934,-0.31440952,-0.31440952,0.98249054,0.10411408,0.10411408,1.0,0.007183871,0.069,0.0,0.0,0.3215934,0.31440952,-27.24797,2.1615224,0.7205075,0.15200001,0.0,0.15794808,0.0,0.0
hardzero_only__c0p58__z1p00__lam0p000__nu0p50__psi0p00,0.069,borrow,32,264,0.0,5,-0.31440952,-0.3072957,-0.3072957,0.9867471,0.10309862,0.10309862,1.0,0.007113805,0.069,0.0,0.0,0.31440952,0.3072957,-26.937246,2.170887,0.723629,0.15200001,0.0,0.12565328,0.0,0.0
hardzero_only__c0p58__z1p00__lam0p000__nu0p50__psi0p00,0.069,borrow,32,265,0.0,5,-0.3072957,-0.2990612,-0.2990612,0.9232112,0.11934074,0.11934074,1.0,0.008234511,0.069,0.0,0.0,0.3072957,0.2990612,-25.470343,2.0311053,0.6770351,0.23200001,0.0,0.12355206,0.0,0.0
hardzero_only__c0p58__z1p00__lam0p000__nu0p50__psi0p00,0.069,borrow,32,266,0.0,5,-0.2990612,-0.29083952,-0.29083952,0.92388856,0.11915478,0.11915478,1.0,0.008221679,0.069,0.0,0.0,0.2990612,0.29083952,-26.629065,2.0325954,0.67753184,0.104,0.0,0.14908358,0.0,0.0
hardzero_only__c0p58__z1p00__lam0p000__nu0p50__psi0p00,0.069,borrow,32,267,0.0,5,-0.29083952,-0.29083952,-0.29083952,1.0015872,0.0,0.09963521,0.0,0.0,0.069,0.0,0.0,0.29083952,0.29083952,-27.453888,2.2035358,0.734512,0.17600001,0.0,0.16101807,0.0,0.0
hardzero_only__c0p58__z1p00__lam0p000__nu0p50__psi0p00,0.069,borrow,32,268,0.0,5,-0.29083952,-0.2822403,-0.2822403,0.9043903,0.1246263,0.1246263,1.0,0.008599214,0.069,0.0,0.0,0.29083952,0.2822403,-26.356918,1.9896983,0.6632328,0.208,0.0,0.16791387,0.0,0.0
hardzero_only__c0p58__z1p00__lam0p000__nu0p50__psi0p00,0.069,borrow,32,269,0.0,5,-0.2822403,-0.2742857,-0.2742857,0.9382301,0.11528423,0.11528423,1.0,0.007954611,0.069,0.0,0.0,0.2822403,0.2742857,-25.949074,2.0641475,0.6880492,0.136,0.0,0.14688754,0.0,0.0
hardzero_only__c0p58__z1p00__lam0p000__nu0p50__psi0p00,0.069,borrow,32,270,0.0,5,-0.2742857,-0.26636112,-0.26636112,0.9398732,0.11484888,0.11484888,1.0,0.007924573,0.069,0.0,0.0,0.2742857,0.26636112,-25.771255,2.0677624,0.68925416,0.16000001,0.0,0.12470864,0.0,0.0
hardzero_only__c0p58__z1p00__lam0p000__nu0p50__psi0p00,0.069,borrow,32,271,0.0,5,-0.26636112,-0.25879136,-0.25879136,0.9597671,0.10970663,0.10970663,1.0,0.0075697573,0.069,0.0,0.0,0.26636112,0.25879136,-26.815369,2.1115298,0.7038433,0.16800001,0.0,0.1568913,0.0,0.0
hardzero_only__c0p58__z1p00__lam0p000__nu0p50__psi0p00,0.069,borrow,32,272,0.0,5,-0.25879136,-0.25060683,-0.25060683,0.92585635,0.11861609,0.11861609,1.0,0.00818451,0.069,0.0,0.0,0.25879136,0.25060683,-25.690468,2.0369246,0.67897487,0.17600001,0.0,0.11998327,0.0,0.0
hardzero_only__c0p58__z1p00__lam0p000__nu0p50__psi0p00,0.069,borrow,32,273,0.0,5,-0.25060683,-0.24288917,-0.24288917,0.9513627,0.11185032,0.11185032,1.0,0.007717672,0.069,0.0,0.0,0.25060683,0.24288917,-26.28342,2.0930398,0.69767994,0.13,0.0,0.12905726,0.0,0.0
hardzero_only__c0p58__z1p00__lam0p000__nu0p50__psi0p00,0.069,borrow,32,274,0.0,5,-0.24288917,-0.23379144,-0.23379144,0.87991625,0.1318511,0.1318511,1.0,0.009097726,0.069,0.0,0.0,0.24288917,0.23379144,-25.236738,1.9358544,0.64528483,0.18400002,0.0,0.13734591,0.0,0.0
hardzero_only__c0p58__z1p00__lam0p000__nu0p50__psi0p00,0.069,borrow,32,275,0.0,5,-0.23379144,-0.22611089,-0.22611089,0.9534564,0.11131241,0.11131241,1.0,0.0076805563,0.069,0.0,0.0,0.23379144,0.22611089,-25.989885,2.097646,0.69921535,0.17600001,0.0,0.14487723,0.0,0.0
hardzero_only__c0p58__z1p00__lam0p000__nu0p50__psi0p00,0.069,borrow,32,276,0.0,5,-0.22611089,-0.2173874,-0.2173874,0.89815825,0.12642755,0.12642755,1.0,0.0087235,0.069,0.0,0.0,0.22611089,0.2173874,-25.501442,1.9759876,0.65866256,0.28,0.008,0.14682108,0.0,0.0
hardzero_only__c0p58__z1p00__lam0p000__nu0p50__psi0p00,0.069,borrow,32,277,0.0,5,-0.2173874,-0.20972095,-0.20972095,0.9542552,0.11110785,0.11110785,1.0,0.007666441,0.069,0.0,0.0,0.2173874,0.20972095,-26.455856,2.0994034,0.69980115,0.128,0.0,0.13740057,0.0,0.0
hardzero_only__c0p58__z1p00__lam0p000__nu0p50__psi0p00,0.069,borrow,32,278,0.0,5,-0.20972095,-0.20159519,-0.20159519,0.92898506,0.117764644,0.117764644,1.0,0.008125761,0.069,0.0,0.0,0.20972095,0.20159519,-26.045317,2.043808,0.68126935,0.18400002,0.0,0.122795984,0.0,0.0
hardzero_only__c0p58__z1p00__lam0p000__nu0p50__psi0p00,0.069,borrow,32,279,0.0,5,-0.20159519,-0.19342579,-0.19342579,0.9266587,0.11839715,0.11839715,1.0,0.008169403,0.069,0.0,0.0,0.20159519,0.19342579,-25.998966,2.0386899,0.6795633,0.216,0.0,0.14545019,0.0,0.0
hardzero_only__c0p58__z1p00__lam0p000__nu0p50__psi0p00,0.069,borrow,32,280,0.0,5,-0.19342579,-0.18544206,-0.18544206,0.93664324,0.11570623,0.11570623,1.0,0.007983729,0.069,0.0,0.0,0.19342579,0.18544206,-27.09111,2.0606563,0.6868855,0.192,0.0,0.15008526,0.0,0.0
hardzero_only__c0p58__z1p00__lam0p000__nu0p50__psi0p00,0.069,borrow,32,281,0.0,5,-0.18544206,-0.17767684,-0.17767684,0.9486953,0.11253943,0.11253943,1.0,0.0077652205,0.069,0.0,0.0,0.18544206,0.17767684,-26.086975,2.0871713,0.6957238,0.192,0.0,0.14216058,0.0,0.0
hardzero_only__c0p58__z1p00__lam0p000__nu0p50__psi0p00,0.069,borrow,32,282,0.0,5,-0.17767684,-0.1700315,-0.1700315,0.95545226,0.11080204,0.11080204,1.0,0.0076453406,0.069,0.0,0.0,0.17767684,0.1700315,-26.61586,2.102037,0.700679,0.17600001,0.0,0.13290453,0.0,0.0
hardzero_only__c0p58__z1p00__lam0p000__nu0p50__psi0p00,0.069,borrow,32,283,0.0,5,-0.1700315,-0.16238107,-0.16238107,0.9551626,0.11087595,0.11087595,1.0,0.00765044,0.069,0.0,0.0,0.1700315,0.16238107,-25.987967,2.1013997,0.7004666,0.15200001,0.0,0.118668266,0.0,0.0
hardzero_only__c0p58__z1p00__lam0p000__nu0p50__psi0p00,0.069,borrow,32,284,0.0,5,-0.16238107,-0.15455557,-0.15455557,0.945337,0.113413036,0.113413036,1.0,0.007825499,0.069,0.0,0.0,0.16238107,0.15455557,-26.966352,2.079783,0.693261,0.192,0.0,0.12869929,0.0,0.0
hardzero_only__c0p58__z1p00__lam0p000__nu0p50__psi0p00,0.069,borrow,32,285,0.0,5,-0.15455557,-0.14621769,-0.14621769,0.9177934,0.12083884,0.12083884,1.0,0.00833788,0.069,0.0,0.0,0.15455557,0.14621769,-25.509762,2.0191858,0.67306197,0.192,0.0,0.13315527,0.0,0.0
hardzero_only__c0p58__z1p00__lam0p000__nu0p50__psi0p00,0.069,borrow,32,286,0.0,5,-0.14621769,-0.13862525,-0.13862525,0.9584679,0.11003531,0.11003531,1.0,0.007592436,0.069,0.0,0.0,0.14621769,0.13862525,-26.208303,2.1086714,0.7028905,0.17,0.0,0.1482912,0.0,0.0
hardzero_only__c0p58__z1p00__lam0p000__nu0p50__psi0p00,0.069,borrow,32,287,0.0,5,-0.13862525,-0.1298049,-0.1298049,0.89336276,0.12783131,0.12783131,1.0,0.0088203605,0.069,0.0,0.0,0.13862525,0.1298049,-25.392874,1.9654373,0.65514576,0.224,0.0,0.15527532,0.0,0.0
hardzero_only__c0p58__z1p00__lam0p000__nu0p50__psi0p00,0.069,borrow,32,288,0.0,5,-0.1298049,-0.121649474,-0.121649474,0.9274028,0.118194476,0.118194476,1.0,0.008155419,0.069,0.0,0.0,0.1298049,0.121649474,-26.081331,2.0403268,0.68010896,0.18400002,0.0,0.13334496,0.0,0.0
hardzero_only__c0p58__z1p00__lam0p000__nu0p50__psi0p00,0.069,borrow,32,289,0.0,5,-0.121649474,-0.11425856,-0.11425856,0.9701509,0.1071147,0.1071147,1.0,0.0073909145,0.069,0.0,0.0,0.121649474,0.11425856,-26.569601,2.1343746,0.7114582,0.24000001,0.0,0.16294831,0.0,0.0
hardzero_only__c0p58__z1p00__lam0p000__nu0p50__psi0p00,0.069,borrow,32,290,0.0,5,-0.11425856,-0.10578578,-0.10578578,0.9108233,0.122793876,0.122793876,1.0,0.008472777,0.069,0.0,0.0,0.11425856,0.10578578,-24.926329,2.0038512,0.6679504,0.18400002,0.0,0.12987137,0.0,0.0
hardzero_only__c0p58__z1p00__lam0p000__nu0p50__psi0p00,0.069,borrow,32,291,0.0,5,-0.10578578,-0.09768644,-0.09768644,0.93039954,0.11738171,0.11738171,1.0,0.008099337,0.069,0.0,0.0,0.10578578,0.09768644,-26.20482,2.0469198,0.68230665,0.16800001,0.0,0.14541008,0.0,0.0
hardzero_only__c0p58__z1p00__lam0p000__nu0p50__psi0p00,0.069,borrow,32,292,0.0,5,-0.09768644,-0.09011375,-0.09011375,0.95959884,0.109749146,0.109749146,1.0,0.007572691,0.069,0.0,0.0,0.09768644,0.09011375,-26.340506,2.1111596,0.70371985,0.24000001,0.0,0.13615271,0.0,0.0
hardzero_only__c0p58__z1p00__lam0p000__nu0p50__psi0p00,0.069,borrow,32,293,0.0,5,-0.09011375,-0.082402274,-0.082402274,0.95171154,0.11176054,0.11176054,1.0,0.007711477,0.069,0.0,0.0,0.09011375,0.082402274,-25.900017,2.0938072,0.69793576,0.120000005,0.0,0.12997596,0.0,0.0
hardzero_only__c0p58__z1p00__lam0p000__nu0p50__psi0p00,0.069,borrow,32,294,0.0,5,-0.082402274,-0.07409558,-0.07409558,0.9194205,0.120386966,0.120386966,1.0,0.008306701,0.069,0.0,0.0,0.082402274,0.07409558,-25.855337,2.0227654,0.67425513,0.18400002,0.0,0.14092554,0.0,0.0
hardzero_only__c0p58__z1p00__lam0p000__nu0p50__psi0p00,0.069,borrow,32,295,0.0,5,-0.07409558,-0.06667311,-0.06667311,0.9683005,0.10757204,0.10757204,1.0,0.0074224705,0.069,0.0,0.0,0.07409558,0.06667311,-26.487751,2.1303036,0.71010125,0.14400001,0.0,0.15084743,0.0,0.0
hardzero_only__c0p58__z1p00__lam0p000__nu0p50__psi0p00,0.069,borrow,32,296,0.0,5,-0.06667311,-0.058842584,-0.058842584,0.9450584,0.11348582,0.11348582,1.0,0.007830521,0.069,0.0,0.0,0.06667311,0.058842584,-26.328346,2.07917,0.6930567,0.14400001,0.0,0.14957906,0.0,0.0
hardzero_only__c0p58__z1p00__lam0p000__nu0p50__psi0p00,0.069,borrow,32,297,0.0,5,-0.058842584,-0.0515534,-0.0515534,0.9761699,0.10564041,0.10564041,1.0,0.007289188,0.069,0.0,0.0,0.058842584,0.0515534,-27.102194,2.1476166,0.7158722,0.14400001,0.0,0.12988149,0.0,0.0
hardzero_only__c0p58__z1p00__lam0p000__nu0p50__psi0p00,0.069,borrow,32,298,0.0,5,-0.0515534,-0.043668933,-0.043668933,0.9420767,0.11426764,0.11426764,1.0,0.007884467,0.069,0.0,0.0,0.0515534,0.043668933,-26.20343,2.0726101,0.69087005,0.15200001,0.0,0.13391787,0.0,0.0
hardzero_only__c0p58__z1p00__lam0p000__nu0p50__psi0p00,0.069,borrow,32,299,0.0,5,-0.043668933,-0.035084102,-0.035084102,0.9051174,0.124417834,0.124417834,1.0,0.00858483,0.069,0.0,0.0,0.043668933,0.035084102,-25.332678,1.9912981,0.663766,0.17999999,0.0,0.14340854,0.0,0.0
hardzero_only__c0p58__z1p00__lam0p000__nu0p50__psi0p00,0.069,borrow,32,300,0.0,5,-0.035084102,-0.027094178,-0.027094178,0.9363064,0.115796,0.115796,1.0,0.0079899235,0.069,0.0,0.0,0.035084102,0.027094178,-26.72663,2.0599153,0.6866385,0.216,0.0,0.13508663,0.0,0.0
hardzero_only__c0p58__z1p00__lam0p000__nu0p50__psi0p00,0.069,borrow,32,301,0.0,5,-0.027094178,-0.017804444,-0.017804444,0.8708458,0.13463382,0.13463382,1.0,0.009289734,0.069,0.0,0.0,0.027094178,0.017804444,-24.223263,1.915899,0.638633,0.23200001,0.0,0.12785476,0.0,0.0
hardzero_only__c0p58__z1p00__lam0p000__nu0p50__psi0p00,0.069,borrow,32,302,1.0,6,-0.017804444,-0.589678,-0.589678,0.92894876,0.1177745,0.1177745,1.0,0.00812644,0.069,0.0,0.0,0.017804444,0.589678,-26.435555,2.043728,0.6812427,0.192,0.0,0.13099451,0.0,0.0
hardzero_only__c0p58__z1p00__lam0p000__nu0p50__psi0p00,0.069,borrow,32,303,0.0,6,-0.589678,-0.5822217,-0.5822217,0.9663261,0.10806223,0.10806223,1.0,0.007456294,0.069,0.0,0.0,0.589678,0.5822217,-27.442015,2.1259599,0.70865333,0.18400002,0.0,0.14919324,0.0,0.0
hardzero_only__c0p58__z1p00__lam0p000__nu0p50__psi0p00,0.069,borrow,32,304,0.0,6,-0.5822217,-0.5733306,-0.5733306,0.88989437,0.1288563,0.1288563,1.0,0.008891084,0.069,0.0,0.0,0.5822217,0.5733306,-24.959564,1.9578067,0.65260226,0.16800001,0.0,0.15516068,0.0,0.0
hardzero_only__c0p58__z1p00__lam0p000__nu0p50__psi0p00,0.069,borrow,32,305,0.0,6,-0.5733306,-0.5733306,-0.5733306,1.0046979,0.0,0.0989241,0.0,0.0,0.069,0.0,0.0,0.5733306,0.5733306,-27.703802,2.2103796,0.7367932,0.17600001,0.0,0.16011195,0.0,0.0
hardzero_only__c0p58__z1p00__lam0p000__nu0p50__psi0p00,0.069,borrow,32,306,0.0,6,-0.5733306,-0.56562364,-0.56562364,0.951967,0.1116948,0.1116948,1.0,0.0077069406,0.069,0.0,0.0,0.5733306,0.56562364,-26.341738,2.0943692,0.6981231,0.15200001,0.0,0.12604737,0.0,0.0
hardzero_only__c0p58__z1p00__lam0p000__nu0p50__psi0p00,0.069,borrow,32,307,0.0,6,-0.56562364,-0.5574599,-0.5574599,0.9269605,0.11831489,0.11831489,1.0,0.008163727,0.069,0.0,0.0,0.56562364,0.5574599,-25.304512,2.0393538,0.67978466,0.17600001,0.0,0.13043498,0.0,0.0
hardzero_only__c0p58__z1p00__lam0p000__nu0p50__psi0p00,0.069,borrow,32,308,0.0,6,-0.5574599,-0.5481573,-0.5481573,0.8702432,0.13482077,0.13482077,1.0,0.009302633,0.069,0.0,0.0,0.5574599,0.5481573,-24.689217,1.9145732,0.6381911,0.18400002,0.0,0.12106553,0.0,0.0
hardzero_only__c0p58__z1p00__lam0p000__nu0p50__psi0p00,0.069,borrow,32,309,0.0,6,-0.5481573,-0.54038423,-0.54038423,0.9482591,0.1126525,0.1126525,1.0,0.0077730226,0.069,0.0,0.0,0.5481573,0.54038423,-26.422827,2.0862117,0.69540393,0.18400002,0.0,0.14704034,0.0,0.0
hardzero_only__c0p58__z1p00__lam0p000__nu0p50__psi0p00,0.069,borrow,32,310,0.0,6,-0.54038423,-0.5327081,-0.5327081,0.9537062,0.11124841,0.11124841,1.0,0.0076761404,0.069,0.0,0.0,0.54038423,0.5327081,-25.999496,2.0981956,0.6993985,0.2,0.0,0.13283733,0.0,0.0
hardzero_only__c0p58__z1p00__lam0p000__nu0p50__psi0p00,0.069,borrow,32,311,0.0,6,-0.5327081,-0.5256484,-0.5256484,0.9900616,0.10231479,0.10231479,1.0,0.0070597203,0.069,0.0,0.0,0.5327081,0.5256484,-26.463568,2.178179,0.7260597,0.104,0.0,0.14727183,0.0,0.0
hardzero_only__c0p58__z1p00__lam0p000__nu0p50__psi0p00,0.069,borrow,32,312,0.0,6,-0.5256484,-0.5256484,-0.5256484,1.0014523,0.0,0.09966615,0.0,0.0,0.069,0.0,0.0,0.5256484,0.5256484,-26.978432,2.2032392,0.7344131,0.19999999,0.0,0.16727066,0.0,0.0
hardzero_only__c0p58__z1p00__lam0p000__nu0p50__psi0p00,0.069,borrow,32,313,0.0,6,-0.5256484,-0.518624,-0.518624,0.99223787,0.10180337,0.10180337,1.0,0.0070244325,0.069,0.0,0.0,0.5256484,0.518624,-27.586334,2.182967,0.72765565,0.16000001,0.0,0.14814605,0.0,0.0
hardzero_only__c0p58__z1p00__lam0p000__nu0p50__psi0p00,0.069,borrow,32,314,0.0,6,-0.518624,-0.5100428,-0.5100428,0.90530133,0.12436512,0.12436512,1.0,0.008581193,0.069,0.0,0.0,0.518624,0.5100428,-25.533533,1.9917027,0.6639009,0.256,0.0,0.14265215,0.0,0.0
hardzero_only__c0p58__z1p00__lam0p000__nu0p50__psi0p00,0.069,borrow,32,315,0.0,6,-0.5100428,-0.50231874,-0.50231874,0.9510053,0.11194242,0.11194242,1.0,0.0077240267,0.069,0.0,0.0,0.5100428,0.50231874,-26.102352,2.0922534,0.69741786,0.2,0.0,0.14706755,0.0,0.0
hardzero_only__c0p58__z1p00__lam0p000__nu0p50__psi0p00,0.069,borrow,32,316,0.0,6,-0.50231874,-0.49406818,-0.49406818,0.9223648,0.11957357,0.11957357,1.0,0.008250576,0.069,0.0,0.0,0.50231874,0.49406818,-24.956207,2.029243,0.6764144,0.256,0.0,0.13682294,0.0,0.0
hardzero_only__c0p58__z1p00__lam0p000__nu0p50__psi0p00,0.069,borrow,32,317,0.0,6,-0.49406818,-0.48498708,-0.48498708,0.88071024,0.13161027,0.13161027,1.0,0.0090811085,0.069,0.0,0.0,0.49406818,0.48498708,-25.65267,1.9376012,0.6458671,0.24800001,0.0,0.1357472,0.0,0.0
hardzero_only__c0p58__z1p00__lam0p000__nu0p50__psi0p00,0.069,borrow,32,318,0.0,6,-0.48498708,-0.47701892,-0.47701892,0.9374915,0.11548046,0.11548046,1.0,0.007968152,0.069,0.0,0.0,0.48498708,0.47701892,-25.32466,2.0625224,0.6875075,0.2,0.0,0.1223027,0.0,0.0
hardzero_only__c0p58__z1p00__lam0p000__nu0p50__psi0p00,0.069,borrow,32,319,0.0,6,-0.47701892,-0.46878576,-0.46878576,0.9232831,0.119321,0.119321,1.0,0.008233149,0.069,0.0,0.0,0.47701892,0.46878576,-25.57913,2.0312634,0.6770878,0.16800001,0.0,0.13792142,0.0,0.0
hardzero_only__c0p58__z1p00__lam0p000__nu0p50__psi0p00,0.069,borrow,32,320,0.0,6,-0.46878576,-0.46129566,-0.46129566,0.9643618,0.108552106,0.108552106,1.0,0.007490095,0.069,0.0,0.0,0.46878576,0.46129566,-26.142578,2.1216383,0.7072128,0.18400002,0.0,0.14459868,0.0,0.0
hardzero_only__c0p58__z1p00__lam0p000__nu0p50__psi0p00,0.069,borrow,32,321,0.0,6,-0.46129566,-0.45294166,-0.45294166,0.9169544,0.12107252,0.12107252,1.0,0.008354004,0.069,0.0,0.0,0.46129566,0.45294166,-25.868006,2.01734,0.67244667,0.15200001,0.0,0.12578249,0.0,0.0
hardzero_only__c0p58__z1p00__lam0p000__nu0p50__psi0p00,0.069,borrow,32,322,0.0,6,-0.45294166,-0.45294166,-0.45294166,1.0100132,0.0,0.09772074,0.0,0.0,0.069,0.0,0.0,0.45294166,0.45294166,-27.726414,2.2220736,0.7406912,0.16000001,0.0,0.17492747,0.0,0.0
hardzero_only__c0p58__z1p00__lam0p000__nu0p50__psi0p00,0.069,borrow,32,323,0.0,6,-0.45294166,-0.44462243,-0.44462243,0.91876566,0.120568626,0.120568626,1.0,0.008319235,0.069,0.0,0.0,0.45294166,0.44462243,-25.856203,2.0213249,0.67377496,0.24800001,0.0,0.121362165,0.0,0.0
hardzero_only__c0p58__z1p00__lam0p000__nu0p50__psi0p00,0.069,borrow,32,324,0.0,6,-0.44462243,-0.43709362,-0.43709362,0.9621227,0.109113194,0.109113194,1.0,0.0075288103,0.069,0.0,0.0,0.44462243,0.43709362,-26.272736,2.116712,0.7055707,0.18400002,0.0,0.1331834,0.0,0.0
hardzero_only__c0p58__z1p00__lam0p000__nu0p50__psi0p00,0.069,borrow,32,325,0.0,6,-0.43709362,-0.4293678,-0.4293678,0.95090526,0.1119682,0.1119682,1.0,0.0077258055,0.069,0.0,0.0,0.43709362,0.4293678,-26.198957,2.0920334,0.6973445,0.14999999,0.0,0.16234528,0.0,0.0
hardzero_only__c0p58__z1p00__lam0p000__nu0p50__psi0p00,0.069,borrow,32,326,0.0,6,-0.4293678,-0.42099315,-0.42099315,0.9158819,0.12137189,0.12137189,1.0,0.00837466,0.069,0.0,0.0,0.4293678,0.42099315,-26.432812,2.0149803,0.6716601,0.17600001,0.0,0.14153275,0.0,0.0
hardzero_only__c0p58__z1p00__lam0p000__nu0p50__psi0p00,0.069,borrow,32,327,0.0,6,-0.42099315,-0.41368446,-0.41368446,0.97500926,0.10592311,0.10592311,1.0,0.0073086945,0.069,0.0,0.0,0.42099315,0.41368446,-26.955551,2.1450632,0.7150211,0.14400001,0.0,0.15516402,0.0,0.0
hardzero_only__c0p58__z1p00__lam0p000__nu0p50__psi0p00,0.069,borrow,32,328,0.0,6,-0.41368446,-0.40626544,-0.40626544,0.9685019,0.10752217,0.10752217,1.0,0.0074190293,0.069,0.0,0.0,0.41368446,0.40626544,-26.697973,2.1307468,0.71024895,0.128,0.0,0.13944104,0.0,0.0
hardzero_only__c0p58__z1p00__lam0p000__nu0p50__psi0p00,0.069,borrow,32,329,0.0,6,-0.40626544,-0.3978212,-0.3978212,0.91228765,0.122380525,0.122380525,1.0,0.008444256,0.069,0.0,0.0,0.40626544,0.3978212,-25.699099,2.007073,0.66902435,0.15200001,0.0,0.13903683,0.0,0.0
hardzero_only__c0p58__z1p00__lam0p000__nu0p50__psi0p00,0.069,borrow,32,330,0.0,6,-0.3978212,-0.3888595,-0.3888595,0.8864603,0.12987922,0.12987922,1.0,0.008961666,0.069,0.0,0.0,0.3978212,0.3888595,-25.173197,1.9502516,0.6500839,0.23200001,0.008,0.15778112,0.0,0.0
hardzero_only__c0p58__z1p00__lam0p000__nu0p50__psi0p00,0.069,borrow,32,331,0.0,6,-0.3888595,-0.38036525,-0.38036525,0.9097232,0.12310531,0.12310531,1.0,0.008494266,0.069,0.0,0.0,0.3888595,0.38036525,-26.073807,2.001431,0.6671437,0.216,0.0,0.15120201,0.0,0.0
hardzero_only__c0p58__z1p00__lam0p000__nu0p50__psi0p00,0.069,borrow,32,332,0.0,6,-0.38036525,-0.3722522,-0.3722522,0.9296643,0.11758061,0.11758061,1.0,0.008113062,0.069,0.0,0.0,0.38036525,0.3722522,-26.465448,2.0453024,0.68176746,0.224,0.0,0.15782776,0.0,0.0
hardzero_only__c0p58__z1p00__lam0p000__nu0p50__psi0p00,0.069,borrow,32,333,0.0,6,-0.3722522,-0.36364213,-0.36364213,0.90384215,0.1247837,0.1247837,1.0,0.008610075,0.069,0.0,0.0,0.3722522,0.36364213,-25.871763,1.9884925,0.6628308,0.256,0.0,0.14276962,0.0,0.0
hardzero_only__c0p58__z1p00__lam0p000__nu0p50__psi0p00,0.069,borrow,32,334,0.0,6,-0.36364213,-0.35581085,-0.35581085,0.94501626,0.11349684,0.11349684,1.0,0.007831282,0.069,0.0,0.0,0.36364213,0.35581085,-26.381615,2.0790772,0.69302577,0.2,0.0,0.15862197,0.0,0.0
hardzero_only__c0p58__z1p00__lam0p000__nu0p50__psi0p00,0.069,borrow,32,335,0.0,6,-0.35581085,-0.3475956,-0.3475956,0.92422897,0.11906141,0.11906141,1.0,0.008215237,0.069,0.0,0.0,0.35581085,0.3475956,-25.976212,2.0333443,0.67778146,0.23200001,0.0,0.13355426,0.0,0.0
hardzero_only__c0p58__z1p00__lam0p000__nu0p50__psi0p00,0.069,borrow,32,336,0.0,6,-0.3475956,-0.33982912,-0.33982912,0.94862527,0.112557575,0.112557575,1.0,0.0077664726,0.069,0.0,0.0,0.3475956,0.33982912,-25.838552,2.0870173,0.69567245,0.136,0.0,0.13547038,0.0,0.0
hardzero_only__c0p58__z1p00__lam0p000__nu0p50__psi0p00,0.069,borrow,32,337,0.0,6,-0.33982912,-0.33247244,-0.33247244,0.97216755,0.10661848,0.10661848,1.0,0.007356675,0.069,0.0,0.0,0.33982912,0.33247244,-27.872795,2.1388113,0.7129371,0.14400001,0.0,0.16243233,0.0,0.0
hardzero_only__c0p58__z1p00__lam0p000__nu0p50__psi0p00,0.069,borrow,32,338,0.0,6,-0.33247244,-0.32394513,-0.32394513,0.9080375,0.12358407,0.12358407,1.0,0.0085273,0.069,0.0,0.0,0.33247244,0.32394513,-25.771769,1.9977224,0.6659075,0.28,0.0,0.11461304,0.0,0.0
hardzero_only__c0p58__z1p00__lam0p000__nu0p50__psi0p00,0.069,borrow,32,339,0.0,6,-0.32394513,-0.31583735,-0.31583735,0.92994785,0.117503874,0.117503874,1.0,0.008107767,0.069,0.0,0.0,0.32394513,0.31583735,-26.51338,2.045926,0.68197536,0.192,0.0,0.13415171,0.0,0.0
hardzero_only__c0p58__z1p00__lam0p000__nu0p50__psi0p00,0.069,borrow,32,340,0.0,6,-0.31583735,-0.3073466,-0.3073466,0.9099038,0.12305413,0.12305413,1.0,0.008490735,0.069,0.0,0.0,0.31583735,0.3073466,-25.302505,2.0018284,0.66727614,0.14400001,0.0,0.117512666,0.0,0.0
hardzero_only__c0p58__z1p00__lam0p000__nu0p50__psi0p00,0.069,borrow,32,341,0.0,6,-0.3073466,-0.29970792,-0.29970792,0.95582926,0.1107059,0.1107059,1.0,0.007638707,0.069,0.0,0.0,0.3073466,0.29970792,-26.800442,2.1028664,0.7009555,0.192,0.0,0.17082232,0.0,0.0
hardzero_only__c0p58__z1p00__lam0p000__nu0p50__psi0p00,0.069,borrow,32,342,0.0,6,-0.29970792,-0.29166254,-0.29166254,0.93330276,0.11659965,0.11659965,1.0,0.008045375,0.069,0.0,0.0,0.29970792,0.29166254,-26.286701,2.053307,0.6844357,0.208,0.0,0.15021461,0.0,0.0
hardzero_only__c0p58__z1p00__lam0p000__nu0p50__psi0p00,0.069,borrow,32,343,0.0,6,-0.29166254,-0.28377718,-0.28377718,0.9420279,0.11428047,0.11428047,1.0,0.007885352,0.069,0.0,0.0,0.29166254,0.28377718,-26.727865,2.0725029,0.6908343,0.16000001,0.0,0.15997764,0.0,0.0
hardzero_only__c0p58__z1p00__lam0p000__nu0p50__psi0p00,0.069,borrow,32,344,0.0,6,-0.28377718,-0.2752336,-0.2752336,0.9072098,0.123819835,0.123819835,1.0,0.008543569,0.069,0.0,0.0,0.28377718,0.2752336,-26.00753,1.9959015,0.6653005,0.17600001,0.0,0.1330168,0.0,0.0
hardzero_only__c0p58__z1p00__lam0p000__nu0p50__psi0p00,0.069,borrow,32,345,0.0,6,-0.2752336,-0.26691803,-0.26691803,0.91895753,0.12051537,0.12051537,1.0,0.00831556,0.069,0.0,0.0,0.2752336,0.26691803,-25.158562,2.0217469,0.6739156,0.23200001,0.0,0.16207775,0.0,0.0
hardzero_only__c0p58__z1p00__lam0p000__nu0p50__psi0p00,0.069,borrow,32,346,0.0,6,-0.26691803,-0.25949687,-0.25949687,0.96837604,0.10755335,0.10755335,1.0,0.0074211806,0.069,0.0,0.0,0.26691803,0.25949687,-26.671125,2.1304698,0.7101566,0.16800001,0.0,0.1485749,0.0,0.0
hardzero_only__c0p58__z1p00__lam0p000__nu0p50__psi0p00,0.069,borrow,32,347,0.0,6,-0.25949687,-0.2507287,-0.2507287,0.8959403,0.12707488,0.12707488,1.0,0.008768166,0.069,0.0,0.0,0.25949687,0.2507287,-25.538616,1.9711081,0.65703607,0.216,0.0,0.14555576,0.0,0.0
hardzero_only__c0p58__z1p00__lam0p000__nu0p50__psi0p00,0.069,borrow,32,348,0.0,6,-0.2507287,-0.24320556,-0.24320556,0.9624499,0.109031014,0.109031014,1.0,0.00752314,0.069,0.0,0.0,0.2507287,0.24320556,-26.246565,2.117432,0.7058107,0.2,0.0,0.18784656,0.0,0.0
hardzero_only__c0p58__z1p00__lam0p000__nu0p50__psi0p00,0.069,borrow,32,349,0.0,6,-0.24320556,-0.23511577,-0.23511577,0.9309116,0.1172434,0.1172434,1.0,0.008089795,0.069,0.0,0.0,0.24320556,0.23511577,-26.10495,2.0480464,0.68268216,0.16800001,0.0,0.13565893,0.0,0.0
hardzero_only__c0p58__z1p00__lam0p000__nu0p50__psi0p00,0.069,borrow,32,350,0.0,6,-0.23511577,-0.2274564,-0.2274564,0.9546565,0.11100525,0.11100525,1.0,0.0076593617,0.069,0.0,0.0,0.23511577,0.2274564,-25.498573,2.1002862,0.7000954,0.16800001,0.0,0.12879151,0.0,0.0
hardzero_only__c0p58__z1p00__lam0p000__nu0p50__psi0p00,0.069,borrow,32,351,0.0,6,-0.2274564,-0.21950519,-0.21950519,0.9384155,0.11523501,0.11523501,1.0,0.007951215,0.069,0.0,0.0,0.2274564,0.21950519,-26.022152,2.0645554,0.68818516,0.13,0.0,0.13658367,0.0,0.0
hardzero_only__c0p58__z1p00__lam0p000__nu0p50__psi0p00,0.069,borrow,32,352,0.0,6,-0.21950519,-0.21128099,-0.21128099,0.92375517,0.11919137,0.11919137,1.0,0.008224204,0.069,0.0,0.0,0.21950519,0.21128099,-26.710583,2.032302,0.67743397,0.224,0.0,0.13650891,0.0,0.0
hardzero_only__c0p58__z1p00__lam0p000__nu0p50__psi0p00,0.069,borrow,32,353,0.0,6,-0.21128099,-0.20332435,-0.20332435,0.93811893,0.11531372,0.11531372,1.0,0.007956646,0.069,0.0,0.0,0.21128099,0.20332435,-26.600864,2.0639029,0.68796766,0.23200001,0.0,0.1406762,0.0,0.0
hardzero_only__c0p58__z1p00__lam0p000__nu0p50__psi0p00,0.069,borrow,32,354,0.0,6,-0.20332435,-0.19517222,-0.19517222,0.92757845,0.118146695,0.118146695,1.0,0.008152122,0.069,0.0,0.0,0.20332435,0.19517222,-26.120243,2.0407133,0.68023777,0.216,0.0,0.149916,0.0,0.0
hardzero_only__c0p58__z1p00__lam0p000__nu0p50__psi0p00,0.069,borrow,32,355,0.0,6,-0.19517222,-0.18749556,-0.18749556,0.95367664,0.11125598,0.11125598,1.0,0.0076766624,0.069,0.0,0.0,0.19517222,0.18749556,-26.829958,2.0981305,0.6993768,0.16800001,0.0,0.13777904,0.0,0.0
hardzero_only__c0p58__z1p00__lam0p000__nu0p50__psi0p00,0.069,borrow,32,356,0.0,6,-0.18749556,-0.17952056,-0.17952056,0.9371189,0.11557958,0.11557958,1.0,0.007974991,0.069,0.0,0.0,0.18749556,0.17952056,-26.892218,2.0617027,0.6872343,0.216,0.0,0.16111565,0.0,0.0
hardzero_only__c0p58__z1p00__lam0p000__nu0p50__psi0p00,0.069,borrow,32,357,0.0,6,-0.17952056,-0.17086929,-0.17086929,0.9017695,0.12538065,0.12538065,1.0,0.008651265,0.069,0.0,0.0,0.17952056,0.17086929,-24.807516,1.9839326,0.6613109,0.16800001,0.0,0.12265704,0.0,0.0
hardzero_only__c0p58__z1p00__lam0p000__nu0p50__psi0p00,0.069,borrow,32,358,0.0,6,-0.17086929,-0.16305958,-0.16305958,0.9462144,0.11318416,0.11318416,1.0,0.007809707,0.069,0.0,0.0,0.17086929,0.16305958,-25.996237,2.0817132,0.6939044,0.23200001,0.0,0.16725703,0.0,0.0
hardzero_only__c0p58__z1p00__lam0p000__nu0p50__psi0p00,0.069,borrow,32,359,0.0,6,-0.16305958,-0.15527229,-0.15527229,0.9474627,0.11285929,0.11285929,1.0,0.0077872905,0.069,0.0,0.0,0.16305958,0.15527229,-27.07877,2.0844595,0.69481987,0.216,0.0,0.1723712,0.0,0.0
hardzero_only__c0p58__z1p00__lam0p000__nu0p50__psi0p00,0.069,borrow,32,360,0.0,6,-0.15527229,-0.14664121,-0.14664121,0.90278417,0.12508804,0.12508804,1.0,0.008631074,0.069,0.0,0.0,0.15527229,0.14664121,-25.310856,1.9861648,0.66205496,0.224,0.0,0.15151075,0.0,0.0
hardzero_only__c0p58__z1p00__lam0p000__nu0p50__psi0p00,0.069,borrow,32,361,0.0,6,-0.14664121,-0.13815223,-0.13815223,0.90999335,0.123028755,0.123028755,1.0,0.008488984,0.069,0.0,0.0,0.14664121,0.13815223,-24.69616,2.0020254,0.6673418,0.17600001,0.0,0.11514875,0.0,0.0
hardzero_only__c0p58__z1p00__lam0p000__nu0p50__psi0p00,0.069,borrow,32,362,0.0,6,-0.13815223,-0.13041513,-0.13041513,0.9502705,0.11213198,0.11213198,1.0,0.0077371066,0.069,0.0,0.0,0.13815223,0.13041513,-26.487381,2.0906367,0.6968789,0.208,0.008,0.14928867,0.0,0.0
hardzero_only__c0p58__z1p00__lam0p000__nu0p50__psi0p00,0.069,borrow,32,363,0.0,6,-0.13041513,-0.12328854,-0.12328854,0.9859675,0.10328385,0.10328385,1.0,0.0071265856,0.069,0.0,0.0,0.13041513,0.12328854,-26.560532,2.1691718,0.72305727,0.17600001,0.0,0.15520445,0.0,0.0
hardzero_only__c0p58__z1p00__lam0p000__nu0p50__psi0p00,0.069,borrow,32,364,0.0,6,-0.12328854,-0.11600174,-0.11600174,0.97631216,0.10560581,0.10560581,1.0,0.0072868005,0.069,0.0,0.0,0.12328854,0.11600174,-26.194225,2.1479297,0.7159766,0.12,0.0,0.13369162,0.0,0.0
hardzero_only__c0p58__z1p00__lam0p000__nu0p50__psi0p00,0.069,borrow,32,365,0.0,6,-0.11600174,-0.107319616,-0.107319616,0.900223,0.1258279,0.1258279,1.0,0.008682124,0.069,0.0,0.0,0.11600174,0.107319616,-26.179487,1.9805301,0.66017675,0.208,0.0,0.15960215,0.0,0.0
hardzero_only__c0p58__z1p00__lam0p000__nu0p50__psi0p00,0.069,borrow,32,366,0.0,6,-0.107319616,-0.09824786,-0.09824786,0.881158,0.13147463,0.13147463,1.0,0.00907175,0.069,0.0,0.0,0.107319616,0.09824786,-24.859022,1.9385862,0.6461954,0.192,0.0,0.116428405,0.0,0.0
hardzero_only__c0p58__z1p00__lam0p000__nu0p50__psi0p00,0.069,borrow,32,367,0.0,6,-0.09824786,-0.08908603,-0.08908603,0.8768669,0.13278015,0.13278015,1.0,0.00916183,0.069,0.0,0.0,0.09824786,0.08908603,-25.363768,1.9291457,0.6430486,0.224,0.0,0.1460702,0.0,0.0
hardzero_only__c0p58__z1p00__lam0p000__nu0p50__psi0p00,0.069,borrow,32,368,0.0,6,-0.08908603,-0.081103355,-0.081103355,0.93670046,0.115691,0.115691,1.0,0.007982679,0.069,0.0,0.0,0.08908603,0.081103355,-25.391577,2.0607822,0.68692744,0.136,0.0,0.12806283,0.0,0.0
hardzero_only__c0p58__z1p00__lam0p000__nu0p50__psi0p00,0.069,borrow,32,369,0.0,6,-0.081103355,-0.07315552,-0.07315552,0.93860054,0.115185924,0.115185924,1.0,0.007947829,0.069,0.0,0.0,0.081103355,0.07315552,-26.314465,2.0649624,0.6883208,0.14400001,0.0,0.13984579,0.0,0.0
hardzero_only__c0p58__z1p00__lam0p000__nu0p50__psi0p00,0.069,borrow,32,370,0.0,6,-0.07315552,-0.064658396,-0.064658396,0.9095769,0.12314679,0.12314679,1.0,0.008497128,0.069,0.0,0.0,0.07315552,0.064658396,-24.69022,2.0011091,0.6670364,0.18400002,0.0,0.13169399,0.0,0.0
hardzero_only__c0p58__z1p00__lam0p000__nu0p50__psi0p00,0.069,borrow,32,371,0.0,6,-0.064658396,-0.057087123,-0.057087123,0.9596802,0.10972858,0.10972858,1.0,0.007571272,0.069,0.0,0.0,0.064658396,0.057087123,-26.735756,2.1113386,0.7037796,0.16000001,0.0,0.17849338,0.0,0.0
hardzero_only__c0p58__z1p00__lam0p000__nu0p50__psi0p00,0.069,borrow,32,372,0.0,6,-0.057087123,-0.048946403,-0.048946403,0.9281862,0.11798146,0.11798146,1.0,0.00814072,0.069,0.0,0.0,0.057087123,0.048946403,-26.482798,2.0420504,0.6806835,0.208,0.0,0.13712032,0.0,0.0
hardzero_only__c0p58__z1p00__lam0p000__nu0p50__psi0p00,0.069,borrow,32,373,0.0,6,-0.048946403,-0.04127706,-0.04127706,0.95409083,0.11114992,0.11114992,1.0,0.0076693445,0.069,0.0,0.0,0.048946403,0.04127706,-26.645544,2.0990417,0.69968057,0.192,0.0,0.14741334,0.0,0.0
hardzero_only__c0p58__z1p00__lam0p000__nu0p50__psi0p00,0.069,borrow,32,374,0.0,6,-0.04127706,-0.033786103,-0.033786103,0.96431196,0.10856455,0.10856455,1.0,0.0074909534,0.069,0.0,0.0,0.04127706,0.033786103,-26.132462,2.1215286,0.7071762,0.192,0.0,0.12650053,0.0,0.0
hardzero_only__c0p58__z1p00__lam0p000__nu0p50__psi0p00,0.069,borrow,32,375,0.0,6,-0.033786103,-0.026205435,-0.026205435,0.9591416,0.109864764,0.109864764,1.0,0.0075806687,0.069,0.0,0.0,0.033786103,0.026205435,-26.660543,2.1101537,0.7033846,0.128,0.0,0.13238047,0.0,0.0
hardzero_only__c0p58__z1p00__lam0p000__nu0p50__psi0p00,0.069,borrow,32,376,0.0,6,-0.026205435,-0.018011946,-0.018011946,0.9253802,0.11874622,0.11874622,1.0,0.008193489,0.069,0.0,0.0,0.026205435,0.018011946,-25.982052,2.035877,0.6786257,0.264,0.0,0.14867674,0.0,0.0
hardzero_only__c0p58__z1p00__lam0p000__nu0p50__psi0p00,0.069,borrow,32,377,1.0,7,-0.018011946,-0.5891092,-0.5891092,0.88932645,0.12902492,0.12902492,1.0,0.008902719,0.069,0.0,0.0,0.018011946,0.5891092,-25.098888,1.9565573,0.6521858,0.22,0.01,0.12351759,0.0,0.0
hardzero_only__c0p58__z1p00__lam0p000__nu0p50__psi0p00,0.069,borrow,32,378,0.0,7,-0.5891092,-0.5802428,-0.5802428,0.8911034,0.12849806,0.12849806,1.0,0.008866366,0.069,0.0,0.0,0.5891092,0.5802428,-25.084724,1.9604666,0.6534889,0.17600001,0.0,0.139375,0.0,0.0
hardzero_only__c0p58__z1p00__lam0p000__nu0p50__psi0p00,0.069,borrow,32,379,0.0,7,-0.5802428,-0.5724554,-0.5724554,0.947455,0.11286128,0.11286128,1.0,0.0077874283,0.069,0.0,0.0,0.5802428,0.5724554,-26.405962,2.0844426,0.6948142,0.16800001,0.0,0.14952245,0.0,0.0
hardzero_only__c0p58__z1p00__lam0p000__nu0p50__psi0p00,0.069,borrow,32,380,0.0,7,-0.5724554,-0.5650889,-0.5650889,0.97158855,0.106760696,0.106760696,1.0,0.0073664878,0.069,0.0,0.0,0.5724554,0.5650889,-26.962423,2.1375375,0.7125125,0.216,0.0,0.13885666,0.0,0.0
hardzero_only__c0p58__z1p00__lam0p000__nu0p50__psi0p00,0.069,borrow,32,381,0.0,7,-0.5650889,-0.55568385,-0.55568385,0.86548746,0.13630523,0.13630523,1.0,0.009405061,0.069,0.0,0.0,0.5650889,0.55568385,-24.96497,1.9041104,0.6347035,0.296,0.008,0.12175703,0.0,0.0
hardzero_only__c0p58__z1p00__lam0p000__nu0p50__psi0p00,0.069,borrow,32,382,0.0,7,-0.55568385,-0.54717225,-0.54717225,0.90883726,0.123356685,0.123356685,1.0,0.008511611,0.069,0.0,0.0,0.55568385,0.54717225,-25.688332,1.9994819,0.666494,0.17600001,0.0,0.13064301,0.0,0.0
hardzero_only__c0p58__z1p00__lam0p000__nu0p50__psi0p00,0.069,borrow,32,383,0.0,7,-0.54717225,-0.5385295,-0.5385295,0.9021991,0.12525667,0.12525667,1.0,0.00864271,0.069,0.0,0.0,0.54717225,0.5385295,-25.931349,1.9848776,0.66162586,0.264,0.0,0.13501796,0.0,0.0
hardzero_only__c0p58__z1p00__lam0p000__nu0p50__psi0p00,0.069,borrow,32,384,0.0,7,-0.5385295,-0.52986217,-0.52986217,0.9009627,0.1256138,0.1256138,1.0,0.008667352,0.069,0.0,0.0,0.5385295,0.52986217,-25.957527,1.9821576,0.6607192,0.18400002,0.0,0.13947284,0.0,0.0
hardzero_only__c0p58__z1p00__lam0p000__nu0p50__psi0p00,0.069,borrow,32,385,0.0,7,-0.52986217,-0.52056,-0.52056,0.8702668,0.13481344,0.13481344,1.0,0.009302127,0.069,0.0,0.0,0.52986217,0.52056,-25.102228,1.9146252,0.6382084,0.23200001,0.0,0.14656001,0.0,0.0
hardzero_only__c0p58__z1p00__lam0p000__nu0p50__psi0p00,0.069,borrow,32,386,0.0,7,-0.52056,-0.51186734,-0.51186734,0.89969665,0.12598051,0.12598051,1.0,0.008692655,0.069,0.0,0.0,0.52056,0.51186734,-25.683947,1.9793721,0.65979075,0.24000001,0.0,0.16519283,0.0,0.0
hardzero_only__c0p58__z1p00__lam0p000__nu0p50__psi0p00,0.069,borrow,32,387,0.0,7,-0.51186734,-0.5044968,-0.5044968,0.97135043,0.10681925,0.10681925,1.0,0.007370528,0.069,0.0,0.0,0.51186734,0.5044968,-26.723007,2.1370137,0.7123379,0.136,0.0,0.15557083,0.0,0.0
hardzero_only__c0p58__z1p00__lam0p000__nu0p50__psi0p00,0.069,borrow,32,388,0.0,7,-0.5044968,-0.49576867,-0.49576867,0.89792764,0.1264947,0.1264947,1.0,0.008728134,0.069,0.0,0.0,0.5044968,0.49576867,-25.468046,1.9754803,0.65849346,0.28,0.0,0.13089179,0.0,0.0
hardzero_only__c0p58__z1p00__lam0p000__nu0p50__psi0p00,0.069,borrow,32,389,0.0,7,-0.49576867,-0.48782235,-0.48782235,0.93868333,0.11516399,0.11516399,1.0,0.007946315,0.069,0.0,0.0,0.49576867,0.48782235,-26.21218,2.0651445,0.68838155,0.208,0.0,0.16452155,0.0,0.0
hardzero_only__c0p58__z1p00__lam0p000__nu0p50__psi0p00,0.069,borrow,32,390,0.0,7,-0.48782235,-0.48010802,-0.48010802,0.9515503,0.11180204,0.11180204,1.0,0.0077143405,0.069,0.0,0.0,0.48782235,0.48010802,-27.180807,2.0934525,0.6978175,0.19,0.0,0.14590058,0.0,0.0
hardzero_only__c0p58__z1p00__lam0p000__nu0p50__psi0p00,0.069,borrow,32,391,0.0,7,-0.48010802,-0.47170424,-0.47170424,0.91437465,0.12179385,0.12179385,1.0,0.008403775,0.069,0.0,0.0,0.48010802,0.47170424,-26.002577,2.0116644,0.6705548,0.192,0.008,0.14706506,0.0,0.0
hardzero_only__c0p58__z1p00__lam0p000__nu0p50__psi0p00,0.069,borrow,32,392,0.0,7,-0.47170424,-0.46294457,-0.46294457,0.8963605,0.12695196,0.12695196,1.0,0.008759685,0.069,0.0,0.0,0.47170424,0.46294457,-25.480497,1.9720325,0.6573442,0.14400001,0.0,0.14588125,0.0,0.0
hardzero_only__c0p58__z1p00__lam0p000__nu0p50__psi0p00,0.069,borrow,32,393,0.0,7,-0.46294457,-0.45500723,-0.45500723,0.93917453,0.115033805,0.115033805,1.0,0.007937333,0.069,0.0,0.0,0.46294457,0.45500723,-26.071373,2.0662253,0.6887418,0.192,0.0,0.14231628,0.0,0.0
hardzero_only__c0p58__z1p00__lam0p000__nu0p50__psi0p00,0.069,borrow,32,394,0.0,7,-0.45500723,-0.44787586,-0.44787586,0.9856764,0.10335313,0.10335313,1.0,0.0071313656,0.069,0.0,0.0,0.45500723,0.44787586,-27.463266,2.1685314,0.7228438,0.2,0.0,0.15248376,0.0,0.0
hardzero_only__c0p58__z1p00__lam0p000__nu0p50__psi0p00,0.069,borrow,32,395,0.0,7,-0.44787586,-0.4400496,-0.4400496,0.9452942,0.1134242,0.1134242,1.0,0.00782627,0.069,0.0,0.0,0.44787586,0.4400496,-26.695127,2.0796888,0.6932296,0.15200001,0.0,0.13487963,0.0,0.0
hardzero_only__c0p58__z1p00__lam0p000__nu0p50__psi0p00,0.069,borrow,32,396,0.0,7,-0.4400496,-0.4310066,-0.4310066,0.8825382,0.13105747,0.13105747,1.0,0.009042965,0.069,0.0,0.0,0.4400496,0.4310066,-24.852247,1.9416229,0.6472076,0.208,0.0,0.118651204,0.0,0.0
hardzero_only__c0p58__z1p00__lam0p000__nu0p50__psi0p00,0.069,borrow,32,397,0.0,7,-0.4310066,-0.42342725,-0.42342725,0.95921594,0.10984595,0.10984595,1.0,0.0075793704,0.069,0.0,0.0,0.4310066,0.42342725,-26.899693,2.1103172,0.7034391,0.18400002,0.0,0.13235758,0.0,0.0
hardzero_only__c0p58__z1p00__lam0p000__nu0p50__psi0p00,0.069,borrow,32,398,0.0,7,-0.42342725,-0.41503036,-0.41503036,0.9147304,0.12169412,0.12169412,1.0,0.008396894,0.069,0.0,0.0,0.42342725,0.41503036,-25.584003,2.012447,0.6708157,0.216,0.0,0.13239136,0.0,0.0
hardzero_only__c0p58__z1p00__lam0p000__nu0p50__psi0p00,0.069,borrow,32,399,0.0,7,-0.41503036,-0.40703994,-0.40703994,0.9362791,0.11580329,0.11580329,1.0,0.007990426,0.069,0.0,0.0,0.41503036,0.40703994,-26.130724,2.0598552,0.68661845,0.24000001,0.0,0.14368619,0.0,0.0
hardzero_only__c0p58__z1p00__lam0p000__nu0p50__psi0p00,0.069,borrow,32,400,0.0,7,-0.40703994,-0.39881578,-0.39881578,0.92375773,0.11919066,0.11919066,1.0,0.008224156,0.069,0.0,0.0,0.40703994,0.39881578,-25.359837,2.0323076,0.6774359,0.16800001,0.0,0.13170257,0.0,0.0
hardzero_only__c0p58__z1p00__lam0p000__nu0p50__psi0p00,0.069,borrow,32,401,0.0,7,-0.39881578,-0.39133117,-0.39133117,0.9646797,0.10847265,0.10847265,1.0,0.007484613,0.069,0.0,0.0,0.39881578,0.39133117,-26.552969,2.1223378,0.707446,0.15200001,0.008,0.1737611,0.0,0.0
hardzero_only__c0p58__z1p00__lam0p000__nu0p50__psi0p00,0.069,borrow,32,402,0.0,7,-0.39133117,-0.38294548,-0.38294548,0.91531116,0.121531494,0.121531494,1.0,0.008385673,0.069,0.0,0.0,0.39133117,0.38294548,-25.906624,2.0137248,0.67124164,0.224,0.0,0.14749286,0.0,0.0
hardzero_only__c0p58__z1p00__lam0p000__nu0p50__psi0p00,0.069,borrow,32,403,0.0,7,-0.38294548,-0.37487575,-0.37487575,0.93198997,0.11695262,0.11695262,1.0,0.00806973,0.069,0.0,0.0,0.38294548,0.37487575,-26.147062,2.0504189,0.683473,0.13,0.0,0.1287995,0.0,0.0
hardzero_only__c0p58__z1p00__lam0p000__nu0p50__psi0p00,0.069,borrow,32,404,0.0,7,-0.37487575,-0.36679652,-0.36679652,0.9314795,0.11709017,0.11709017,1.0,0.0080792215,0.069,0.0,0.0,0.37487575,0.36679652,-26.052992,2.049296,0.6830987,0.2,0.0,0.15510087,0.0,0.0
hardzero_only__c0p58__z1p00__lam0p000__nu0p50__psi0p00,0.069,borrow,32,405,0.0,7,-0.36679652,-0.35865846,-0.35865846,0.9283283,0.11794288,0.11794288,1.0,0.008138059,0.069,0.0,0.0,0.36679652,0.35865846,-26.205803,2.042363,0.6807877,0.23200001,0.0,0.14120135,0.0,0.0
hardzero_only__c0p58__z1p00__lam0p000__nu0p50__psi0p00,0.069,borrow,32,406,0.0,7,-0.35865846,-0.35034415,-0.35034415,0.9190235,0.12049707,0.12049707,1.0,0.008314298,0.069,0.0,0.0,0.35865846,0.35034415,-25.55396,2.021892,0.673964,0.24800001,0.0,0.14605251,0.0,0.0
hardzero_only__c0p58__z1p00__lam0p000__nu0p50__psi0p00,0.069,borrow,32,407,0.0,7,-0.35034415,-0.34290352,-0.34290352,0.9672392,0.107835256,0.107835256,1.0,0.0074406327,0.069,0.0,0.0,0.35034415,0.34290352,-27.010645,2.1279688,0.7093229,0.14400001,0.0,0.15363276,0.0,0.0
hardzero_only__c0p58__z1p00__lam0p000__nu0p50__psi0p00,0.069,borrow,32,408,0.0,7,-0.34290352,-0.3346181,-0.3346181,0.9205345,0.12007855,0.12007855,1.0,0.00828542,0.069,0.0,0.0,0.34290352,0.3346181,-25.302626,2.0252163,0.67507213,0.16000001,0.0,0.12262131,0.0,0.0
hardzero_only__c0p58__z1p00__lam0p000__nu0p50__psi0p00,0.069,borrow,32,409,0.0,7,-0.3346181,-0.32587332,-0.32587332,0.8970999,0.12673603,0.12673603,1.0,0.008744786,0.069,0.0,0.0,0.3346181,0.32587332,-25.787281,1.9736593,0.65788645,0.24000001,0.0,0.13581926,0.0,0.0
hardzero_only__c0p58__z1p00__lam0p000__nu0p50__psi0p00,0.069,borrow,32,410,0.0,7,-0.32587332,-0.31835222,-0.31835222,0.9625675,0.109001495,0.109001495,1.0,0.007521103,0.069,0.0,0.0,0.32587332,0.31835222,-26.83178,2.1176908,0.705897,0.17600001,0.0,0.15570708,0.0,0.0
hardzero_only__c0p58__z1p00__lam0p000__nu0p50__psi0p00,0.069,borrow,32,411,0.0,7,-0.31835222,-0.3101647,-0.3101647,0.92569596,0.118659906,0.118659906,1.0,0.008187533,0.069,0.0,0.0,0.31835222,0.3101647,-26.199635,2.0365717,0.67885727,0.2,0.0,0.13655834,0.0,0.0
hardzero_only__c0p58__z1p00__lam0p000__nu0p50__psi0p00,0.069,borrow,32,412,0.0,7,-0.3101647,-0.3013411,-0.3013411,0.89320296,0.12787835,0.12787835,1.0,0.008823606,0.069,0.0,0.0,0.3101647,0.3013411,-25.848993,1.9650857,0.6550286,0.272,0.0,0.13952452,0.0,0.0
hardzero_only__c0p58__z1p00__lam0p000__nu0p50__psi0p00,0.069,borrow,32,413,0.0,7,-0.3013411,-0.29352382,-0.29352382,0.9457946,0.1132936,0.1132936,1.0,0.007817258,0.069,0.0,0.0,0.3013411,0.29352382,-26.982195,2.0807896,0.69359654,0.15200001,0.0,0.13252985,0.0,0.0
hardzero_only__c0p58__z1p00__lam0p000__nu0p50__psi0p00,0.069,borrow,32,414,0.0,7,-0.29352382,-0.28391406,-0.28391406,0.85613614,0.13927202,0.13927202,1.0,0.009609769,0.069,0.0,0.0,0.29352382,0.28391406,-24.808462,1.8835372,0.62784576,0.224,0.008,0.12837653,0.0,0.0
hardzero_only__c0p58__z1p00__lam0p000__nu0p50__psi0p00,0.069,borrow,32,415,0.0,7,-0.28391406,-0.27399462,-0.27399462,0.84236246,0.14375982,0.14375982,1.0,0.009919427,0.069,0.0,0.0,0.28391406,0.27399462,-25.24688,1.8532344,0.6177448,0.224,0.0,0.13409567,0.0,0.0
hardzero_only__c0p58__z1p00__lam0p000__nu0p50__psi0p00,0.069,borrow,32,416,0.0,7,-0.27399462,-0.266344,-0.266344,0.9551529,0.110878415,0.110878415,1.0,0.0076506105,0.069,0.0,0.0,0.27399462,0.266344,-25.999237,2.1013784,0.7004595,0.16,0.0,0.1281256,0.0,0.0
hardzero_only__c0p58__z1p00__lam0p000__nu0p50__psi0p00,0.069,borrow,32,417,0.0,7,-0.266344,-0.25712827,-0.25712827,0.8743184,0.13356158,0.13356158,1.0,0.009215749,0.069,0.0,0.0,0.266344,0.25712827,-25.30197,1.9235389,0.6411797,0.2,0.0,0.1380408,0.0,0.0
hardzero_only__c0p58__z1p00__lam0p000__nu0p50__psi0p00,0.069,borrow,32,418,0.0,7,-0.25712827,-0.24934101,-0.24934101,0.9474645,0.11285881,0.11285881,1.0,0.0077872574,0.069,0.0,0.0,0.25712827,0.24934101,-26.79816,2.0844636,0.69482124,0.17600001,0.0,0.14209218,0.0,0.0
hardzero_only__c0p58__z1p00__lam0p000__nu0p50__psi0p00,0.069,borrow,32,419,0.0,7,-0.24934101,-0.24062458,-0.24062458,0.89851034,0.1263251,0.1263251,1.0,0.008716431,0.069,0.0,0.0,0.24934101,0.24062458,-25.551853,1.9767622,0.65892076,0.208,0.0,0.14863549,0.0,0.0
hardzero_only__c0p58__z1p00__lam0p000__nu0p50__psi0p00,0.069,borrow,32,420,0.0,7,-0.24062458,-0.23211186,-0.23211186,0.9087806,0.1233728,0.1233728,1.0,0.008512723,0.069,0.0,0.0,0.24062458,0.23211186,-25.333193,1.9993572,0.6664524,0.216,0.0,0.13093607,0.0,0.0
hardzero_only__c0p58__z1p00__lam0p000__nu0p50__psi0p00,0.069,borrow,32,421,0.0,7,-0.23211186,-0.22410521,-0.22410521,0.9353983,0.116038404,0.116038404,1.0,0.00800665,0.069,0.0,0.0,0.23211186,0.22410521,-26.472042,2.0579174,0.68597245,0.18400002,0.0,0.16263278,0.0,0.0
hardzero_only__c0p58__z1p00__lam0p000__nu0p50__psi0p00,0.069,borrow,32,422,0.0,7,-0.22410521,-0.21560434,-0.21560434,0.90938586,0.12320097,0.12320097,1.0,0.008500867,0.069,0.0,0.0,0.22410521,0.21560434,-25.855347,2.0006888,0.6668963,0.192,0.0,0.1472697,0.0,0.0
hardzero_only__c0p58__z1p00__lam0p000__nu0p50__psi0p00,0.069,borrow,32,423,0.0,7,-0.21560434,-0.20714453,-0.20714453,0.9114883,0.12260598,0.12260598,1.0,0.008459812,0.069,0.0,0.0,0.21560434,0.20714453,-25.699432,2.0053144,0.66843814,0.17600001,0.0,0.11783979,0.0,0.0
hardzero_only__c0p58__z1p00__lam0p000__nu0p50__psi0p00,0.069,borrow,32,424,0.0,7,-0.20714453,-0.19923142,-0.19923142,0.94050175,0.1146828,0.1146828,1.0,0.007913113,0.069,0.0,0.0,0.20714453,0.19923142,-25.599379,2.0691452,0.6897151,0.2,0.0,0.13597834,0.0,0.0
hardzero_only__c0p58__z1p00__lam0p000__nu0p50__psi0p00,0.069,borrow,32,425,0.0,7,-0.19923142,-0.19103765,-0.19103765,0.9253655,0.118750244,0.118750244,1.0,0.008193767,0.069,0.0,0.0,0.19923142,0.19103765,-25.298588,2.0358448,0.678615,0.16800001,0.0,0.12741956,0.0,0.0
hardzero_only__c0p58__z1p00__lam0p000__nu0p50__psi0p00,0.069,borrow,32,426,0.0,7,-0.19103765,-0.18240821,-0.18240821,0.90286624,0.12506442,0.12506442,1.0,0.008629445,0.069,0.0,0.0,0.19103765,0.18240821,-25.235804,1.9863454,0.66211516,0.216,0.0,0.12479429,0.0,0.0
hardzero_only__c0p58__z1p00__lam0p000__nu0p50__psi0p00,0.069,borrow,32,427,0.0,7,-0.18240821,-0.17439896,-0.17439896,0.9352568,0.116076194,0.116076194,1.0,0.008009257,0.069,0.0,0.0,0.18240821,0.17439896,-26.129257,2.057606,0.6858687,0.16000001,0.0,0.13615824,0.0,0.0
hardzero_only__c0p58__z1p00__lam0p000__nu0p50__psi0p00,0.069,borrow,32,428,0.0,7,-0.17439896,-0.16642864,-0.16642864,0.9373732,0.1155119,0.1155119,1.0,0.007970321,0.069,0.0,0.0,0.17439896,0.16642864,-26.766232,2.0622623,0.6874208,0.112,0.0,0.15956576,0.0,0.0
hardzero_only__c0p58__z1p00__lam0p000__nu0p50__psi0p00,0.069,borrow,32,429,0.0,7,-0.16642864,-0.15769881,-0.15769881,0.8978432,0.1265193,0.1265193,1.0,0.008729831,0.069,0.0,0.0,0.16642864,0.15769881,-25.18331,1.9752945,0.65843153,0.22,0.0,0.12600426,0.0,0.0
hardzero_only__c0p58__z1p00__lam0p000__nu0p50__psi0p00,0.069,borrow,32,430,0.0,7,-0.15769881,-0.14966267,-0.14966267,0.93380135,0.116465844,0.116465844,1.0,0.008036143,0.069,0.0,0.0,0.15769881,0.14966267,-26.862068,2.054404,0.68480134,0.208,0.0,0.14451684,0.0,0.0
hardzero_only__c0p58__z1p00__lam0p000__nu0p50__psi0p00,0.069,borrow,32,431,0.0,7,-0.14966267,-0.14235605,-0.14235605,0.97513247,0.10589305,0.10589305,1.0,0.0073066205,0.069,0.0,0.0,0.14966267,0.14235605,-27.556982,2.1453342,0.71511143,0.17600001,0.0,0.15405683,0.0,0.0
hardzero_only__c0p58__z1p00__lam0p000__nu0p50__psi0p00,0.069,borrow,32,432,0.0,7,-0.14235605,-0.13376284,-0.13376284,0.904693,0.12453945,0.12453945,1.0,0.008593222,0.069,0.0,0.0,0.14235605,0.13376284,-25.600842,1.9903643,0.6634548,0.16000001,0.0,0.13613062,0.0,0.0
hardzero_only__c0p58__z1p00__lam0p000__nu0p50__psi0p00,0.069,borrow,32,433,0.0,7,-0.13376284,-0.12537323,-0.12537323,0.9151074,0.12158852,0.12158852,1.0,0.008389608,0.069,0.0,0.0,0.13376284,0.12537323,-26.164103,2.0132766,0.6710922,0.23200001,0.0,0.14881991,0.0,0.0
hardzero_only__c0p58__z1p00__lam0p000__nu0p50__psi0p00,0.069,borrow,32,434,0.0,7,-0.12537323,-0.11768267,-0.11768267,0.9528913,0.11145735,0.11145735,1.0,0.007690557,0.069,0.0,0.0,0.12537323,0.11768267,-26.10829,2.0964026,0.6988009,0.17600001,0.0,0.13890366,0.0,0.0
hardzero_only__c0p58__z1p00__lam0p000__nu0p50__psi0p00,0.069,borrow,32,435,0.0,7,-0.11768267,-0.11019842,-0.11019842,0.9647009,0.10846738,0.10846738,1.0,0.007484249,0.069,0.0,0.0,0.11768267,0.11019842,-26.342266,2.1223843,0.7074615,0.192,0.0,0.13383178,0.0,0.0
hardzero_only__c0p58__z1p00__lam0p000__nu0p50__psi0p00,0.069,borrow,32,436,0.0,7,-0.11019842,-0.10203095,-0.10203095,0.9267611,0.11836923,0.11836923,1.0,0.008167476,0.069,0.0,0.0,0.11019842,0.10203095,-25.342611,2.0389152,0.6796384,0.136,0.0,0.13297305,0.0,0.0
hardzero_only__c0p58__z1p00__lam0p000__nu0p50__psi0p00,0.069,borrow,32,437,0.0,7,-0.10203095,-0.094643146,-0.094643146,0.97033393,0.10706956,0.10706956,1.0,0.007387799,0.069,0.0,0.0,0.10203095,0.094643146,-26.65235,2.1347773,0.71159244,0.136,0.0,0.14677076,0.0,0.0
hardzero_only__c0p58__z1p00__lam0p000__nu0p50__psi0p00,0.069,borrow,32,438,0.0,7,-0.094643146,-0.087160945,-0.087160945,0.96481985,0.10843767,0.10843767,1.0,0.007482199,0.069,0.0,0.0,0.094643146,0.087160945,-27.020666,2.122646,0.70754874,0.208,0.0,0.14031601,0.0,0.0
hardzero_only__c0p58__z1p00__lam0p000__nu0p50__psi0p00,0.069,borrow,32,439,0.0,7,-0.087160945,-0.078870304,-0.078870304,0.92026097,0.120154224,0.120154224,1.0,0.008290641,0.069,0.0,0.0,0.087160945,0.078870304,-26.05958,2.0246146,0.67487156,0.18400002,0.0,0.13132428,0.0,0.0
hardzero_only__c0p58__z1p00__lam0p000__nu0p50__psi0p00,0.069,borrow,32,440,0.0,7,-0.078870304,-0.070913054,-0.070913054,0.938086,0.1153225,0.1153225,1.0,0.007957253,0.069,0.0,0.0,0.078870304,0.070913054,-25.346138,2.0638304,0.68794346,0.24000001,0.0,0.15110673,0.0,0.0
hardzero_only__c0p58__z1p00__lam0p000__nu0p50__psi0p00,0.069,borrow,32,441,0.0,7,-0.070913054,-0.062191032,-0.062191032,0.8982319,0.1264061,0.1264061,1.0,0.008722021,0.069,0.0,0.0,0.070913054,0.062191032,-25.178913,1.9761497,0.65871656,0.264,0.0,0.13668543,0.0,0.0
hardzero_only__c0p58__z1p00__lam0p000__nu0p50__psi0p00,0.069,borrow,32,442,0.0,7,-0.062191032,-0.05354963,-0.05354963,0.9022648,0.12523775,0.12523775,1.0,0.008641404,0.069,0.0,0.0,0.062191032,0.05354963,-25.862473,1.9850222,0.6616741,0.17,0.0,0.14918414,0.0,0.0
hardzero_only__c0p58__z1p00__lam0p000__nu0p50__psi0p00,0.069,borrow,32,443,0.0,7,-0.05354963,-0.045495413,-0.045495413,0.9328258,0.11672776,0.11672776,1.0,0.008054215,0.069,0.0,0.0,0.05354963,0.045495413,-26.789728,2.0522578,0.68408597,0.15200001,0.0,0.14595668,0.0,0.0
hardzero_only__c0p58__z1p00__lam0p000__nu0p50__psi0p00,0.069,borrow,32,444,0.0,7,-0.045495413,-0.0367674,-0.0367674,0.8979337,0.12649293,0.12649293,1.0,0.008728012,0.069,0.0,0.0,0.045495413,0.0367674,-25.693344,1.9754937,0.6584979,0.216,0.0,0.13535395,0.0,0.0
hardzero_only__c0p58__z1p00__lam0p000__nu0p50__psi0p00,0.069,borrow,32,445,0.0,7,-0.0367674,-0.02862526,-0.02862526,0.9281104,0.11800206,0.11800206,1.0,0.008142142,0.069,0.0,0.0,0.0367674,0.02862526,-25.686275,2.0418837,0.68062794,0.15200001,0.0,0.12905528,0.0,0.0
hardzero_only__c0p58__z1p00__lam0p000__nu0p50__psi0p00,0.069,borrow,32,446,0.0,7,-0.02862526,-0.02055183,-0.02055183,0.9317911,0.117006205,0.117006205,1.0,0.008073428,0.069,0.0,0.0,0.02862526,0.02055183,-26.58398,2.0499814,0.68332714,0.208,0.0,0.13863096,0.0,0.0
hardzero_only__c0p58__z1p00__lam0p000__nu0p50__psi0p00,0.069,borrow,32,447,0.0,7,-0.02055183,-0.01179968,-0.01179968,0.8967343,0.12684277,0.12684277,1.0,0.00875215,0.069,0.0,0.0,0.02055183,0.01179968,-26.24534,1.9728549,0.6576183,0.23200001,0.0,0.1210832,0.0,0.0
hardzero_only__c0p58__z1p00__lam0p000__nu0p50__psi0p00,0.069,borrow,32,448,1.0,8,-0.01179968,-0.58338076,-0.58338076,0.91359276,0.12201332,0.12201332,1.0,0.0084189195,0.069,0.0,0.0,0.01179968,0.58338076,-25.73365,2.0099442,0.6699814,0.208,0.0,0.15374017,0.0,0.0
hardzero_only__c0p58__z1p00__lam0p000__nu0p50__psi0p00,0.069,borrow,32,449,0.0,8,-0.58338076,-0.57563823,-0.57563823,0.94996583,0.11221067,0.11221067,1.0,0.007742536,0.069,0.0,0.0,0.58338076,0.57563823,-26.59511,2.0899665,0.6966555,0.208,0.0,0.14817071,0.0,0.0
hardzero_only__c0p58__z1p00__lam0p000__nu0p50__psi0p00,0.069,borrow,32,450,0.0,8,-0.57563823,-0.56764483,-0.56764483,0.9361184,0.11584615,0.11584615,1.0,0.007993384,0.069,0.0,0.0,0.57563823,0.56764483,-26.884224,2.0595016,0.68650055,0.2,0.0,0.13979986,0.0,0.0
hardzero_only__c0p58__z1p00__lam0p000__nu0p50__psi0p00,0.069,borrow,32,451,0.0,8,-0.56764483,-0.5588103,-0.5588103,0.89266557,0.12803668,0.12803668,1.0,0.008834531,0.069,0.0,0.0,0.56764483,0.5588103,-25.170372,1.9639034,0.6546345,0.15200001,0.0,0.11810049,0.0,0.0
hardzero_only__c0p58__z1p00__lam0p000__nu0p50__psi0p00,0.069,borrow,32,452,0.0,8,-0.5588103,-0.55088115,-0.55088115,0.9396231,0.11491503,0.11491503,1.0,0.007929137,0.069,0.0,0.0,0.5588103,0.55088115,-27.022736,2.067212,0.6890707,0.2,0.0,0.1478938,0.0,0.0
hardzero_only__c0p58__z1p00__lam0p000__nu0p50__psi0p00,0.069,borrow,32,453,0.0,8,-0.55088115,-0.54260224,-0.54260224,0.9208758,0.11998423,0.11998423,1.0,0.008278912,0.069,0.0,0.0,0.55088115,0.54260224,-25.966124,2.0259671,0.6753224,0.192,0.0,0.13876757,0.0,0.0
hardzero_only__c0p58__z1p00__lam0p000__nu0p50__psi0p00,0.069,borrow,32,454,0.0,8,-0.54260224,-0.5342605,-0.5342605,0.91759455,0.1208942,0.1208942,1.0,0.0083417,0.069,0.0,0.0,0.54260224,0.5342605,-25.706583,2.0187483,0.6729161,0.17600001,0.0,0.14752881,0.0,0.0
hardzero_only__c0p58__z1p00__lam0p000__nu0p50__psi0p00,0.069,borrow,32,455,0.0,8,-0.5342605,-0.5250586,-0.5250586,0.8749726,0.13336058,0.13336058,1.0,0.00920188,0.069,0.0,0.0,0.5342605,0.5250586,-25.805193,1.9249781,0.6416594,0.25,0.0,0.15820406,0.0,0.0
hardzero_only__c0p58__z1p00__lam0p000__nu0p50__psi0p00,0.069,borrow,32,456,0.0,8,-0.5250586,-0.517229,-0.517229,0.9451088,0.11347265,0.11347265,1.0,0.007829612,0.069,0.0,0.0,0.5250586,0.517229,-27.283846,2.0792809,0.69309366,0.18400002,0.0,0.14748591,0.0,0.0
hardzero_only__c0p58__z1p00__lam0p000__nu0p50__psi0p00,0.069,borrow,32,457,0.0,8,-0.517229,-0.51029754,-0.51029754,0.9980212,0.10045668,0.10045668,1.0,0.0069315108,0.069,0.0,0.0,0.517229,0.51029754,-27.280119,2.1956904,0.7318968,0.136,0.0,0.14192162,0.0,0.0
hardzero_only__c0p58__z1p00__lam0p000__nu0p50__psi0p00,0.069,borrow,32,458,0.0,8,-0.51029754,-0.50201803,-0.50201803,0.9208451,0.119992726,0.119992726,1.0,0.008279498,0.069,0.0,0.0,0.51029754,0.50201803,-26.201372,2.0258996,0.6752999,0.18400002,0.0,0.14544831,0.0,0.0
hardzero_only__c0p58__z1p00__lam0p000__nu0p50__psi0p00,0.069,borrow,32,459,0.0,8,-0.50201803,-0.49402738,-0.49402738,0.93626624,0.115806706,0.115806706,1.0,0.007990663,0.069,0.0,0.0,0.50201803,0.49402738,-27.19998,2.0598269,0.68660897,0.17600001,0.0,0.15420502,0.0,0.0
hardzero_only__c0p58__z1p00__lam0p000__nu0p50__psi0p00,0.069,borrow,32,460,0.0,8,-0.49402738,-0.48554975,-0.48554975,0.91057456,0.122864224,0.122864224,1.0,0.008477631,0.069,0.0,0.0,0.49402738,0.48554975,-25.743204,2.003304,0.667768,0.208,0.008,0.15990475,0.0,0.0
hardzero_only__c0p58__z1p00__lam0p000__nu0p50__psi0p00,0.069,borrow,32,461,0.0,8,-0.48554975,-0.47606385,-0.47606385,0.8617708,0.13747673,0.13747673,1.0,0.009485894,0.069,0.0,0.0,0.48554975,0.47606385,-24.656013,1.8959336,0.6319779,0.2,0.0,0.12853073,0.0,0.0
hardzero_only__c0p58__z1p00__lam0p000__nu0p50__psi0p00,0.069,borrow,32,462,0.0,8,-0.47606385,-0.46759206,-0.46759206,0.91087323,0.12277974,0.12277974,1.0,0.008471802,0.069,0.0,0.0,0.47606385,0.46759206,-26.07045,2.003961,0.66798705,0.192,0.0,0.13118319,0.0,0.0
hardzero_only__c0p58__z1p00__lam0p000__nu0p50__psi0p00,0.069,borrow,32,463,0.0,8,-0.46759206,-0.45908755,-0.45908755,0.90919954,0.12325382,0.12325382,1.0,0.008504514,0.069,0.0,0.0,0.46759206,0.45908755,-25.583364,2.000279,0.66675967,0.192,0.0,0.15872073,0.0,0.0
hardzero_only__c0p58__z1p00__lam0p000__nu0p50__psi0p00,0.069,borrow,32,464,0.0,8,-0.45908755,-0.4499071,-0.4499071,0.87598413,0.1330503,0.1330503,1.0,0.00918047,0.069,0.0,0.0,0.45908755,0.4499071,-25.1042,1.9272035,0.6424012,0.216,0.0,0.13043799,0.0,0.0
hardzero_only__c0p58__z1p00__lam0p000__nu0p50__psi0p00,0.069,borrow,32,465,0.0,8,-0.4499071,-0.44172168,-0.44172168,0.9258091,0.118629016,0.118629016,1.0,0.008185402,0.069,0.0,0.0,0.4499071,0.44172168,-26.457033,2.0368207,0.67894024,0.2,0.0,0.14623418,0.0,0.0
hardzero_only__c0p58__z1p00__lam0p000__nu0p50__psi0p00,0.069,borrow,32,466,0.0,8,-0.44172168,-0.43304232,-0.43304232,0.90036136,0.12578782,0.12578782,1.0,0.008679359,0.069,0.0,0.0,0.44172168,0.43304232,-24.772787,1.9808345,0.6602782,0.256,0.0,0.14316902,0.0,0.0
hardzero_only__c0p58__z1p00__lam0p000__nu0p50__psi0p00,0.069,borrow,32,467,0.0,8,-0.43304232,-0.4244886,-0.4244886,0.90669507,0.123966664,0.123966664,1.0,0.0085537,0.069,0.0,0.0,0.43304232,0.4244886,-25.782318,1.994769,0.664923,0.2,0.0,0.13730505,0.0,0.0
hardzero_only__c0p58__z1p00__lam0p000__nu0p50__psi0p00,0.069,borrow,32,468,0.0,8,-0.4244886,-0.4158023,-0.4158023,0.90001357,0.1258886,0.1258886,1.0,0.008686313,0.069,0.0,0.0,0.4244886,0.4158023,-26.240946,1.9800694,0.66002315,0.22,0.0,0.14703313,0.0,0.0
hardzero_only__c0p58__z1p00__lam0p000__nu0p50__psi0p00,0.069,borrow,32,469,0.0,8,-0.4158023,-0.40809357,-0.40809357,0.95186716,0.11172051,0.11172051,1.0,0.007708715,0.069,0.0,0.0,0.4158023,0.40809357,-25.934807,2.0941496,0.6980499,0.128,0.0,0.14135909,0.0,0.0
hardzero_only__c0p58__z1p00__lam0p000__nu0p50__psi0p00,0.069,borrow,32,470,0.0,8,-0.40809357,-0.4000436,-0.4000436,0.93305546,0.116666056,0.116666056,1.0,0.008049957,0.069,0.0,0.0,0.40809357,0.4000436,-25.661646,2.052763,0.68425435,0.216,0.0,0.12559876,0.0,0.0
hardzero_only__c0p58__z1p00__lam0p000__nu0p50__psi0p00,0.069,borrow,32,471,0.0,8,-0.4000436,-0.3912085,-0.3912085,0.8926374,0.12804501,0.12804501,1.0,0.008835105,0.069,0.0,0.0,0.4000436,0.3912085,-25.697687,1.9638414,0.65461385,0.17600001,0.0,0.1372134,0.0,0.0
hardzero_only__c0p58__z1p00__lam0p000__nu0p50__psi0p00,0.069,borrow,32,472,0.0,8,-0.3912085,-0.38365644,-0.38365644,0.9607841,0.109450035,0.109450035,1.0,0.0075520524,0.069,0.0,0.0,0.3912085,0.38365644,-26.692389,2.1137671,0.70458907,0.16800001,0.0,0.18825516,0.0,0.0
hardzero_only__c0p58__z1p00__lam0p000__nu0p50__psi0p00,0.069,borrow,32,473,0.0,8,-0.38365644,-0.37568772,-0.37568772,0.9374601,0.1154888,0.1154888,1.0,0.007968727,0.069,0.0,0.0,0.38365644,0.37568772,-24.901068,2.0624535,0.6874845,0.224,0.0,0.1325219,0.0,0.0
hardzero_only__c0p58__z1p00__lam0p000__nu0p50__psi0p00,0.069,borrow,32,474,0.0,8,-0.37568772,-0.36745086,-0.36745086,0.9230872,0.119374834,0.119374834,1.0,0.008236864,0.069,0.0,0.0,0.37568772,0.36745086,-26.462893,2.0308323,0.67694414,0.16800001,0.0,0.13585594,0.0,0.0
hardzero_only__c0p58__z1p00__lam0p000__nu0p50__psi0p00,0.069,borrow,32,475,0.0,8,-0.36745086,-0.35821772,-0.35821772,0.8734995,0.13381366,0.13381366,1.0,0.009233142,0.069,0.0,0.0,0.36745086,0.35821772,-24.942783,1.9217373,0.6405791,0.17600001,0.0,0.1240528,0.0,0.0
hardzero_only__c0p58__z1p00__lam0p000__nu0p50__psi0p00,0.069,borrow,32,476,0.0,8,-0.35821772,-0.35046998,-0.35046998,0.9496734,0.11228625,0.11228625,1.0,0.0077477507,0.069,0.0,0.0,0.35821772,0.35046998,-27.23098,2.0893233,0.6964411,0.192,0.0,0.15863027,0.0,0.0
hardzero_only__c0p58__z1p00__lam0p000__nu0p50__psi0p00,0.069,borrow,32,477,0.0,8,-0.35046998,-0.3421536,-0.3421536,0.9189147,0.12052726,0.12052726,1.0,0.008316381,0.069,0.0,0.0,0.35046998,0.3421536,-26.016317,2.0216527,0.6738843,0.18400002,0.0,0.14402293,0.0,0.0
hardzero_only__c0p58__z1p00__lam0p000__nu0p50__psi0p00,0.069,borrow,32,478,0.0,8,-0.3421536,-0.3342366,-0.3342366,0.9402872,0.11473946,0.11473946,1.0,0.007917022,0.069,0.0,0.0,0.3421536,0.3342366,-25.919434,2.0686731,0.68955773,0.136,0.0,0.1434544,0.0,0.0
hardzero_only__c0p58__z1p00__lam0p000__nu0p50__psi0p00,0.069,borrow,32,479,0.0,8,-0.3342366,-0.32603842,-0.32603842,0.92513156,0.11881422,0.11881422,1.0,0.008198181,0.069,0.0,0.0,0.3342366,0.32603842,-26.727236,2.03533,0.6784434,0.208,0.0,0.15220457,0.0,0.0
hardzero_only__c0p58__z1p00__lam0p000__nu0p50__psi0p00,0.069,borrow,32,480,0.0,8,-0.32603842,-0.31752005,-0.31752005,0.9084923,0.12345469,0.12345469,1.0,0.008518374,0.069,0.0,0.0,0.32603842,0.31752005,-25.687328,1.998723,0.66624105,0.23200001,0.0,0.14799133,0.0,0.0
hardzero_only__c0p58__z1p00__lam0p000__nu0p50__psi0p00,0.069,borrow,32,481,0.0,8,-0.31752005,-0.30899033,-0.30899033,0.90791357,0.12361934,0.12361934,1.0,0.008529734,0.069,0.0,0.0,0.31752005,0.30899033,-25.850899,1.9974498,0.6658166,0.22,0.0,0.14535314,0.0,0.0
hardzero_only__c0p58__z1p00__lam0p000__nu0p50__psi0p00,0.069,borrow,32,482,0.0,8,-0.30899033,-0.30041698,-0.30041698,0.9056979,0.12425164,0.12425164,1.0,0.008573363,0.069,0.0,0.0,0.30899033,0.30041698,-25.342176,1.9925752,0.6641917,0.18400002,0.0,0.15029298,0.0,0.0
hardzero_only__c0p58__z1p00__lam0p000__nu0p50__psi0p00,0.069,borrow,32,483,0.0,8,-0.30041698,-0.29181126,-0.29181126,0.9040612,0.12472077,0.12472077,1.0,0.008605733,0.069,0.0,0.0,0.30041698,0.29181126,-25.076904,1.9889743,0.66299146,0.256,0.008,0.13224515,0.0,0.0
hardzero_only__c0p58__z1p00__lam0p000__nu0p50__psi0p00,0.069,borrow,32,484,0.0,8,-0.29181126,-0.2832172,-0.2832172,0.9046506,0.124551624,0.124551624,1.0,0.008594062,0.069,0.0,0.0,0.29181126,0.2832172,-25.886955,1.9902711,0.6634237,0.216,0.0,0.16240759,0.0,0.0
hardzero_only__c0p58__z1p00__lam0p000__nu0p50__psi0p00,0.069,borrow,32,485,0.0,8,-0.2832172,-0.2753824,-0.2753824,0.9448214,0.11354777,0.11354777,1.0,0.007834796,0.069,0.0,0.0,0.2832172,0.2753824,-26.610937,2.0786486,0.6928829,0.16800001,0.0,0.14934644,0.0,0.0
hardzero_only__c0p58__z1p00__lam0p000__nu0p50__psi0p00,0.069,borrow,32,486,0.0,8,-0.2753824,-0.26691148,-0.26691148,0.910918,0.12276709,0.12276709,1.0,0.008470929,0.069,0.0,0.0,0.2753824,0.26691148,-25.280628,2.0040596,0.6680199,0.2,0.0,0.12900458,0.0,0.0
hardzero_only__c0p58__z1p00__lam0p000__nu0p50__psi0p00,0.069,borrow,32,487,0.0,8,-0.26691148,-0.25910744,-0.25910744,0.946529,0.113102175,0.113102175,1.0,0.00780405,0.069,0.0,0.0,0.26691148,0.25910744,-26.565992,2.0824053,0.6941351,0.120000005,0.0,0.12866709,0.0,0.0
hardzero_only__c0p58__z1p00__lam0p000__nu0p50__psi0p00,0.069,borrow,32,488,0.0,8,-0.25910744,-0.25119233,-0.25119233,0.94039285,0.11471153,0.11471153,1.0,0.007915095,0.069,0.0,0.0,0.25910744,0.25119233,-26.080921,2.0689056,0.6896352,0.16000001,0.0,0.13992833,0.0,0.0
hardzero_only__c0p58__z1p00__lam0p000__nu0p50__psi0p00,0.069,borrow,32,489,0.0,8,-0.25119233,-0.24245062,-0.24245062,0.8972531,0.12669133,0.12669133,1.0,0.008741701,0.069,0.0,0.0,0.25119233,0.24245062,-24.93146,1.9739962,0.65799874,0.16800001,0.0,0.14422628,0.0,0.0
hardzero_only__c0p58__z1p00__lam0p000__nu0p50__psi0p00,0.069,borrow,32,490,0.0,8,-0.24245062,-0.23365319,-0.23365319,0.89449275,0.12749913,0.12749913,1.0,0.00879744,0.069,0.0,0.0,0.24245062,0.23365319,-25.431864,1.9679233,0.65597445,0.264,0.0,0.14767294,0.0,0.0
hardzero_only__c0p58__z1p00__lam0p000__nu0p50__psi0p00,0.069,borrow,32,491,0.0,8,-0.23365319,-0.22533444,-0.22533444,0.9187907,0.12056167,0.12056167,1.0,0.008318755,0.069,0.0,0.0,0.23365319,0.22533444,-26.429123,2.02138,0.6737933,0.24000001,0.0,0.14895745,0.0,0.0
hardzero_only__c0p58__z1p00__lam0p000__nu0p50__psi0p00,0.069,borrow,32,492,0.0,8,-0.22533444,-0.21736772,-0.21736772,0.9375703,0.1154595,0.1154595,1.0,0.007966706,0.069,0.0,0.0,0.22533444,0.21736772,-26.67009,2.0626957,0.68756527,0.208,0.0,0.15257822,0.0,0.0
hardzero_only__c0p58__z1p00__lam0p000__nu0p50__psi0p00,0.069,borrow,32,493,0.0,8,-0.21736772,-0.2085891,-0.2085891,0.8954231,0.12722631,0.12722631,1.0,0.008778615,0.069,0.0,0.0,0.21736772,0.2085891,-25.724976,1.9699702,0.65665674,0.28,0.0,0.14635609,0.0,0.0
hardzero_only__c0p58__z1p00__lam0p000__nu0p50__psi0p00,0.069,borrow,32,494,0.0,8,-0.2085891,-0.20069669,-0.20069669,0.9416391,0.11438283,0.11438283,1.0,0.007892415,0.069,0.0,0.0,0.2085891,0.20069669,-26.297993,2.0716474,0.69054914,0.16,0.0,0.16379043,0.0,0.0
hardzero_only__c0p58__z1p00__lam0p000__nu0p50__psi0p00,0.069,borrow,32,495,0.0,8,-0.20069669,-0.19289729,-0.19289729,0.94678754,0.11303487,0.11303487,1.0,0.0077994056,0.069,0.0,0.0,0.20069669,0.19289729,-26.459877,2.0829742,0.69432473,0.2,0.0,0.15801196,0.0,0.0
hardzero_only__c0p58__z1p00__lam0p000__nu0p50__psi0p00,0.069,borrow,32,496,0.0,8,-0.19289729,-0.18421637,-0.18421637,0.9002833,0.12581044,0.12581044,1.0,0.00868092,0.069,0.0,0.0,0.19289729,0.18421637,-26.31573,1.9806628,0.660221,0.24000001,0.0,0.15750304,0.0,0.0
hardzero_only__c0p58__z1p00__lam0p000__nu0p50__psi0p00,0.069,borrow,32,497,0.0,8,-0.18421637,-0.17565839,-0.17565839,0.90647787,0.12402868,0.12402868,1.0,0.008557979,0.069,0.0,0.0,0.18421637,0.17565839,-25.595627,1.9942912,0.66476375,0.24800001,0.0,0.1444276,0.0,0.0
hardzero_only__c0p58__z1p00__lam0p000__nu0p50__psi0p00,0.069,borrow,32,498,0.0,8,-0.17565839,-0.16790439,-0.16790439,0.9493233,0.11237682,0.11237682,1.0,0.0077540004,0.069,0.0,0.0,0.17565839,0.16790439,-26.537949,2.088553,0.69618434,0.18400002,0.0,0.15693906,0.0,0.0
hardzero_only__c0p58__z1p00__lam0p000__nu0p50__psi0p00,0.069,borrow,32,499,0.0,8,-0.16790439,-0.15902789,-0.15902789,0.890607,0.128645,0.128645,1.0,0.008876505,0.069,0.0,0.0,0.16790439,0.15902789,-24.947275,1.9593745,0.65312487,0.14400001,0.0,0.14937747,0.0,0.0
hardzero_only__c0p58__z1p00__lam0p000__nu0p50__psi0p00,0.069,borrow,32,500,0.0,8,-0.15902789,-0.15136169,-0.15136169,0.95426863,0.111104436,0.111104436,1.0,0.007666206,0.069,0.0,0.0,0.15902789,0.15136169,-26.425533,2.099433,0.699811,0.17600001,0.0,0.16037303,0.0,0.0
hardzero_only__c0p58__z1p00__lam0p000__nu0p50__psi0p00,0.069,borrow,32,501,0.0,8,-0.15136169,-0.14256255,-0.14256255,0.89440894,0.12752374,0.12752374,1.0,0.008799138,0.069,0.0,0.0,0.15136169,0.14256255,-25.917068,1.967739,0.655913,0.16000001,0.0,0.16665791,0.0,0.0
hardzero_only__c0p58__z1p00__lam0p000__nu0p50__psi0p00,0.069,borrow,32,502,0.0,8,-0.14256255,-0.13413656,-0.13413656,0.9132282,0.12211578,0.12211578,1.0,0.008425989,0.069,0.0,0.0,0.14256255,0.13413656,-26.590288,2.0091422,0.6697141,0.224,0.008,0.14906071,0.0,0.0
hardzero_only__c0p58__z1p00__lam0p000__nu0p50__psi0p00,0.069,borrow,32,503,0.0,8,-0.13413656,-0.12684794,-0.12684794,0.9762035,0.10563222,0.10563222,1.0,0.007288623,0.069,0.0,0.0,0.13413656,0.12684794,-27.22168,2.1476905,0.71589684,0.18400002,0.0,0.15302527,0.0,0.0
hardzero_only__c0p58__z1p00__lam0p000__nu0p50__psi0p00,0.069,borrow,32,504,0.0,8,-0.12684794,-0.11857985,-0.11857985,0.9214442,0.11982731,0.11982731,1.0,0.008268084,0.069,0.0,0.0,0.12684794,0.11857985,-26.165058,2.0272176,0.6757392,0.30400002,0.0,0.1575032,0.0,0.0
hardzero_only__c0p58__z1p00__lam0p000__nu0p50__psi0p00,0.069,borrow,32,505,0.0,8,-0.11857985,-0.11017503,-0.11017503,0.9143206,0.12180901,0.12180901,1.0,0.008404822,0.069,0.0,0.0,0.11857985,0.11017503,-25.362204,2.0115454,0.6705152,0.18400002,0.0,0.1398715,0.0,0.0
hardzero_only__c0p58__z1p00__lam0p000__nu0p50__psi0p00,0.069,borrow,32,506,0.0,8,-0.11017503,-0.10201628,-0.10201628,0.92722535,0.118242785,0.118242785,1.0,0.008158752,0.069,0.0,0.0,0.11017503,0.10201628,-25.579973,2.0399365,0.67997885,0.208,0.0,0.15501758,0.0,0.0
hardzero_only__c0p58__z1p00__lam0p000__nu0p50__psi0p00,0.069,borrow,32,507,0.0,8,-0.10201628,-0.093010224,-0.093010224,0.8843146,0.1305225,0.1305225,1.0,0.009006052,0.069,0.0,0.0,0.10201628,0.093010224,-25.755707,1.945531,0.64851034,0.24,0.0,0.13360813,0.0,0.0
hardzero_only__c0p58__z1p00__lam0p000__nu0p50__psi0p00,0.069,borrow,32,508,0.0,8,-0.093010224,-0.084284246,-0.084284246,0.89803493,0.12646344,0.12646344,1.0,0.0087259775,0.069,0.0,0.0,0.093010224,0.084284246,-25.771936,1.9757164,0.65857214,0.208,0.0,0.1708578,0.0,0.0
hardzero_only__c0p58__z1p00__lam0p000__nu0p50__psi0p00,0.069,borrow,32,509,0.0,8,-0.084284246,-0.07630396,-0.07630396,0.9368304,0.11565638,0.11565638,1.0,0.00798029,0.069,0.0,0.0,0.084284246,0.07630396,-26.94129,2.061068,0.6870227,0.18400002,0.0,0.13346787,0.0,0.0
hardzero_only__c0p58__z1p00__lam0p000__nu0p50__psi0p00,0.069,borrow,32,510,0.0,8,-0.07630396,-0.06724689,-0.06724689,0.8818615,0.13126183,0.13126183,1.0,0.0090570655,0.069,0.0,0.0,0.07630396,0.06724689,-24.61414,1.940134,0.64671135,0.224,0.0,0.13851418,0.0,0.0
hardzero_only__c0p58__z1p00__lam0p000__nu0p50__psi0p00,0.069,borrow,32,511,0.0,8,-0.06724689,-0.058441877,-0.058441877,0.89411896,0.12760893,0.12760893,1.0,0.008805016,0.069,0.0,0.0,0.06724689,0.058441877,-25.908314,1.967101,0.6557003,0.23200001,0.0,0.13345009,0.0,0.0
hardzero_only__c0p58__z1p00__lam0p000__nu0p50__psi0p00,0.069,borrow,32,512,0.0,8,-0.058441877,-0.050928123,-0.050928123,0.9629922,0.108894974,0.108894974,1.0,0.007513753,0.069,0.0,0.0,0.058441877,0.050928123,-26.74379,2.1186252,0.7062084,0.16800001,0.0,0.16261986,0.0,0.0
hardzero_only__c0p58__z1p00__lam0p000__nu0p50__psi0p00,0.069,borrow,32,513,0.0,8,-0.050928123,-0.041624084,-0.041624084,0.8701774,0.13484117,0.13484117,1.0,0.009304041,0.069,0.0,0.0,0.050928123,0.041624084,-25.05038,1.9144285,0.6381428,0.312,0.0,0.13323827,0.0,0.0
hardzero_only__c0p58__z1p00__lam0p000__nu0p50__psi0p00,0.069,borrow,32,514,0.0,8,-0.041624084,-0.033793252,-0.033793252,0.9450412,0.11349031,0.11349031,1.0,0.007830831,0.069,0.0,0.0,0.041624084,0.033793252,-26.410128,2.079132,0.69304407,0.16000001,0.0,0.13136831,0.0,0.0
hardzero_only__c0p58__z1p00__lam0p000__nu0p50__psi0p00,0.069,borrow,32,515,0.0,8,-0.033793252,-0.025119292,-0.025119292,0.9006316,0.12570958,0.12570958,1.0,0.00867396,0.069,0.0,0.0,0.033793252,0.025119292,-26.216482,1.9814291,0.6604764,0.216,0.0,0.16901913,0.0,0.0
hardzero_only__c0p58__z1p00__lam0p000__nu0p50__psi0p00,0.069,borrow,32,516,0.0,8,-0.025119292,-0.016433742,-0.016433742,0.9000518,0.12587753,0.12587753,1.0,0.00868555,0.069,0.0,0.0,0.025119292,0.016433742,-25.611673,1.9801534,0.66005117,0.16800001,0.0,0.14053755,0.0,0.0
hardzero_only__c0p58__z1p00__lam0p000__nu0p50__psi0p00,0.069,borrow,32,517,1.0,9,-0.016433742,-0.58726907,-0.58726907,0.87673414,0.13282074,0.13282074,1.0,0.00916463,0.069,0.0,0.0,0.016433742,0.58726907,-25.892826,1.9288536,0.64295125,0.24800001,0.0,0.1415215,0.0,0.0
hardzero_only__c0p58__z1p00__lam0p000__nu0p50__psi0p00,0.069,borrow,32,518,0.0,9,-0.58726907,-0.5793377,-0.5793377,0.93950164,0.1149472,0.1149472,1.0,0.007931356,0.069,0.0,0.0,0.58726907,0.5793377,-26.280079,2.0669448,0.68898165,0.17600001,0.0,0.16313368,0.0,0.0
hardzero_only__c0p58__z1p00__lam0p000__nu0p50__psi0p00,0.069,borrow,32,519,0.0,9,-0.5793377,-0.5700434,-0.5700434,0.87063164,0.13470022,0.13470022,1.0,0.009294315,0.069,0.0,0.0,0.5793377,0.5700434,-24.9197,1.9154278,0.63847595,0.24000001,0.0,0.14536452,0.0,0.0
hardzero_only__c0p58__z1p00__lam0p000__nu0p50__psi0p00,0.069,borrow,32,520,0.0,9,-0.5700434,-0.56117016,-0.56117016,0.89076865,0.12859714,0.12859714,1.0,0.008873203,0.069,0.0,0.0,0.5700434,0.56117016,-25.589941,1.9597301,0.6532434,0.19999999,0.0,0.14217265,0.0,0.0
hardzero_only__c0p58__z1p00__lam0p000__nu0p50__psi0p00,0.069,borrow,32,521,0.0,9,-0.56117016,-0.5514131,-0.5514131,0.84953,0.1414067,0.1414067,1.0,0.009757062,0.069,0.0,0.0,0.56117016,0.5514131,-24.750896,1.8690033,0.6230011,0.296,0.008,0.14105253,0.0,0.0
hardzero_only__c0p58__z1p00__lam0p000__nu0p50__psi0p00,0.069,borrow,32,522,0.0,9,-0.5514131,-0.54324406,-0.54324406,0.92667854,0.11839175,0.11839175,1.0,0.008169031,0.069,0.0,0.0,0.5514131,0.54324406,-26.006773,2.0387335,0.6795778,0.208,0.0,0.13900357,0.0,0.0
hardzero_only__c0p58__z1p00__lam0p000__nu0p50__psi0p00,0.069,borrow,32,523,0.0,9,-0.54324406,-0.5353758,-0.5353758,0.9429676,0.114033476,0.114033476,1.0,0.0078683095,0.069,0.0,0.0,0.54324406,0.5353758,-27.026709,2.0745702,0.69152343,0.192,0.0,0.15254264,0.0,0.0
hardzero_only__c0p58__z1p00__lam0p000__nu0p50__psi0p00,0.069,borrow,32,524,0.0,9,-0.5353758,-0.5262632,-0.5262632,0.8792063,0.1320668,0.1320668,1.0,0.009112609,0.069,0.0,0.0,0.5353758,0.5262632,-25.817537,1.9342924,0.6447642,0.24000001,0.0,0.15095618,0.0,0.0
hardzero_only__c0p58__z1p00__lam0p000__nu0p50__psi0p00,0.069,borrow,32,525,0.0,9,-0.5262632,-0.5173932,-0.5173932,0.8909241,0.12855113,0.12855113,1.0,0.008870027,0.069,0.0,0.0,0.5262632,0.5173932,-24.325974,1.9600722,0.6533574,0.24000001,0.0,0.16183197,0.0,0.0
hardzero_only__c0p58__z1p00__lam0p000__nu0p50__psi0p00,0.069,borrow,32,526,0.0,9,-0.5173932,-0.5086572,-0.5086572,0.89753777,0.12660831,0.12660831,1.0,0.008735973,0.069,0.0,0.0,0.5173932,0.5086572,-25.868406,1.9746225,0.65820754,0.24000001,0.008,0.16067512,0.0,0.0
hardzero_only__c0p58__z1p00__lam0p000__nu0p50__psi0p00,0.069,borrow,32,527,0.0,9,-0.5086572,-0.4991415,-0.4991415,0.8604089,0.13790852,0.13790852,1.0,0.009515688,0.069,0.0,0.0,0.5086572,0.4991415,-25.178099,1.8929374,0.6309792,0.224,0.0,0.13164225,0.0,0.0
hardzero_only__c0p58__z1p00__lam0p000__nu0p50__psi0p00,0.069,borrow,32,528,0.0,9,-0.4991415,-0.4899115,-0.4899115,0.8736467,0.13376833,0.13376833,1.0,0.009230015,0.069,0.0,0.0,0.4991415,0.4899115,-25.887434,1.9220611,0.64068705,0.264,0.0,0.15166824,0.0,0.0
hardzero_only__c0p58__z1p00__lam0p000__nu0p50__psi0p00,0.069,borrow,32,529,0.0,9,-0.4899115,-0.48096988,-0.48096988,0.8874326,0.12958878,0.12958878,1.0,0.008941626,0.069,0.0,0.0,0.4899115,0.48096988,-23.97938,1.9523907,0.6507969,0.24000001,0.0,0.15503801,0.0,0.0
hardzero_only__c0p58__z1p00__lam0p000__nu0p50__psi0p00,0.069,borrow,32,530,0.0,9,-0.48096988,-0.4717678,-0.4717678,0.8749641,0.13336316,0.13336316,1.0,0.0092020575,0.069,0.0,0.0,0.48096988,0.4717678,-26.072922,1.9249595,0.6416532,0.2,0.0,0.17125565,0.0,0.0
hardzero_only__c0p58__z1p00__lam0p000__nu0p50__psi0p00,0.069,borrow,32,531,0.0,9,-0.4717678,-0.46326557,-0.46326557,0.9093155,0.12322091,0.12322091,1.0,0.008502243,0.069,0.0,0.0,0.4717678,0.46326557,-25.356,2.000534,0.6668447,0.16800001,0.0,0.15361023,0.0,0.0
hardzero_only__c0p58__z1p00__lam0p000__nu0p50__psi0p00,0.069,borrow,32,532,0.0,9,-0.46326557,-0.45400882,-0.45400882,0.8723902,0.13415588,0.13415588,1.0,0.009256756,0.069,0.0,0.0,0.46326557,0.45400882,-25.1831,1.9192967,0.6397656,0.216,0.0,0.16071777,0.0,0.0
hardzero_only__c0p58__z1p00__lam0p000__nu0p50__psi0p00,0.069,borrow,32,533,0.0,9,-0.45400882,-0.44592345,-0.44592345,0.9311487,0.1171794,0.1171794,1.0,0.008085378,0.069,0.0,0.0,0.45400882,0.44592345,-26.144062,2.048568,0.682856,0.17999999,0.0,0.14295533,0.0,0.0
hardzero_only__c0p58__z1p00__lam0p000__nu0p50__psi0p00,0.069,borrow,32,534,0.0,9,-0.44592345,-0.43730155,-0.43730155,0.9032463,0.12495501,0.12495501,1.0,0.008621896,0.069,0.0,0.0,0.44592345,0.43730155,-25.923868,1.9871815,0.66239387,0.208,0.0,0.1424956,0.0,0.0
hardzero_only__c0p58__z1p00__lam0p000__nu0p50__psi0p00,0.069,borrow,32,535,0.0,9,-0.43730155,-0.42923883,-0.42923883,0.9323683,0.116850816,0.116850816,1.0,0.008062706,0.069,0.0,0.0,0.43730155,0.42923883,-25.60476,2.0512512,0.6837504,0.17600001,0.0,0.1488087,0.0,0.0
hardzero_only__c0p58__z1p00__lam0p000__nu0p50__psi0p00,0.069,borrow,32,536,0.0,9,-0.42923883,-0.41992632,-0.41992632,0.8697824,0.13496388,0.13496388,1.0,0.009312508,0.069,0.0,0.0,0.42923883,0.41992632,-25.28794,1.9135594,0.63785315,0.23200001,0.0,0.13616703,0.0,0.0
hardzero_only__c0p58__z1p00__lam0p000__nu0p50__psi0p00,0.069,borrow,32,537,0.0,9,-0.41992632,-0.41059253,-0.41059253,0.8687909,0.13527235,0.13527235,1.0,0.009333792,0.069,0.0,0.0,0.41992632,0.41059253,-24.864206,1.9113781,0.6371261,0.15200001,0.0,0.16006286,0.0,0.0
hardzero_only__c0p58__z1p00__lam0p000__nu0p50__psi0p00,0.069,borrow,32,538,0.0,9,-0.41059253,-0.40253603,-0.40253603,0.9327034,0.11676066,0.11676066,1.0,0.008056486,0.069,0.0,0.0,0.41059253,0.40253603,-26.343521,2.0519884,0.68399614,0.216,0.0,0.14694403,0.0,0.0
hardzero_only__c0p58__z1p00__lam0p000__nu0p50__psi0p00,0.069,borrow,32,539,0.0,9,-0.40253603,-0.39356428,-0.39356428,0.8859718,0.1300254,0.1300254,1.0,0.008971753,0.069,0.0,0.0,0.40253603,0.39356428,-25.262003,1.9491769,0.6497257,0.24800001,0.0,0.13981245,0.0,0.0
hardzero_only__c0p58__z1p00__lam0p000__nu0p50__psi0p00,0.069,borrow,32,540,0.0,9,-0.39356428,-0.38480532,-0.38480532,0.89639586,0.12694164,0.12694164,1.0,0.008758972,0.069,0.0,0.0,0.39356428,0.38480532,-25.52116,1.9721103,0.6573701,0.15200001,0.0,0.13210225,0.0,0.0
hardzero_only__c0p58__z1p00__lam0p000__nu0p50__psi0p00,0.069,borrow,32,541,0.0,9,-0.38480532,-0.37527886,-0.37527886,0.8599169,0.13806482,0.13806482,1.0,0.009526473,0.069,0.0,0.0,0.38480532,0.37527886,-23.897575,1.891855,0.63061833,0.23200001,0.0,0.15388484,0.0,0.0
hardzero_only__c0p58__z1p00__lam0p000__nu0p50__psi0p00,0.069,borrow,32,542,0.0,9,-0.37527886,-0.3661216,-0.3661216,0.8770827,0.13271418,0.13271418,1.0,0.009157279,0.069,0.0,0.0,0.37527886,0.3661216,-25.290615,1.9296205,0.64320683,0.2,0.0,0.1483575,0.0,0.0
hardzero_only__c0p58__z1p00__lam0p000__nu0p50__psi0p00,0.069,borrow,32,543,0.0,9,-0.3661216,-0.35700017,-0.35700017,0.8787871,0.13219436,0.13219436,1.0,0.009121411,0.069,0.0,0.0,0.3661216,0.35700017,-25.189955,1.9333702,0.64445674,0.23200001,0.0,0.12776683,0.0,0.0
hardzero_only__c0p58__z1p00__lam0p000__nu0p50__psi0p00,0.069,borrow,32,544,0.0,9,-0.35700017,-0.34759885,-0.34759885,0.8656597,0.13625118,0.13625118,1.0,0.009401332,0.069,0.0,0.0,0.35700017,0.34759885,-24.866903,1.9044894,0.6348298,0.216,0.0,0.14293905,0.0,0.0
hardzero_only__c0p58__z1p00__lam0p000__nu0p50__psi0p00,0.069,borrow,32,545,0.0,9,-0.34759885,-0.33949387,-0.33949387,0.9300973,0.117463425,0.117463425,1.0,0.008104976,0.069,0.0,0.0,0.34759885,0.33949387,-26.347908,2.0462549,0.682085,0.192,0.0,0.16149415,0.0,0.0
hardzero_only__c0p58__z1p00__lam0p000__nu0p50__psi0p00,0.069,borrow,32,546,0.0,9,-0.33949387,-0.33139333,-0.33139333,0.93033516,0.11739911,0.11739911,1.0,0.0081005385,0.069,0.0,0.0,0.33949387,0.33139333,-25.951132,2.0467782,0.68225944,0.21,0.0,0.13154711,0.0,0.0
hardzero_only__c0p58__z1p00__lam0p000__nu0p50__psi0p00,0.069,borrow,32,547,0.0,9,-0.33139333,-0.32308596,-0.32308596,0.9193862,0.120396465,0.120396465,1.0,0.008307355,0.069,0.0,0.0,0.33139333,0.32308596,-26.533077,2.02269,0.67423004,0.18400002,0.0,0.16102459,0.0,0.0
hardzero_only__c0p58__z1p00__lam0p000__nu0p50__psi0p00,0.069,borrow,32,548,0.0,9,-0.32308596,-0.315048,-0.315048,0.9337035,0.116492115,0.116492115,1.0,0.0080379555,0.069,0.0,0.0,0.32308596,0.315048,-25.753029,2.0541887,0.6847296,0.192,0.0,0.17698956,0.0,0.0
hardzero_only__c0p58__z1p00__lam0p000__nu0p50__psi0p00,0.069,borrow,32,549,0.0,9,-0.315048,-0.30642885,-0.30642885,0.90338475,0.12491518,0.12491518,1.0,0.008619147,0.069,0.0,0.0,0.315048,0.30642885,-25.40223,1.9874861,0.6624954,0.224,0.008,0.14447284,0.0,0.0
hardzero_only__c0p58__z1p00__lam0p000__nu0p50__psi0p00,0.069,borrow,32,550,0.0,9,-0.30642885,-0.29786006,-0.29786006,0.9059296,0.12418534,0.12418534,1.0,0.008568788,0.069,0.0,0.0,0.30642885,0.29786006,-27.516413,1.993085,0.6643617,0.192,0.0,0.16969965,0.0,0.0
hardzero_only__c0p58__z1p00__lam0p000__nu0p50__psi0p00,0.069,borrow,32,551,0.0,9,-0.29786006,-0.28981414,-0.28981414,0.9332732,0.11660758,0.11660758,1.0,0.008045923,0.069,0.0,0.0,0.29786006,0.28981414,-27.10271,2.053242,0.684414,0.224,0.0,0.16359562,0.0,0.0
hardzero_only__c0p58__z1p00__lam0p000__nu0p50__psi0p00,0.069,borrow,32,552,0.0,9,-0.28981414,-0.28124884,-0.28124884,0.90610665,0.12413475,0.12413475,1.0,0.008565297,0.069,0.0,0.0,0.28981414,0.28124884,-25.949081,1.9934745,0.66449153,0.208,0.0,0.17839031,0.0,0.0
hardzero_only__c0p58__z1p00__lam0p000__nu0p50__psi0p00,0.069,borrow,32,553,0.0,9,-0.28124884,-0.27294013,-0.27294013,0.91931564,0.120416045,0.120416045,1.0,0.008308707,0.069,0.0,0.0,0.28124884,0.27294013,-26.15572,2.0225348,0.6741783,0.15200001,0.0,0.16022411,0.0,0.0
hardzero_only__c0p58__z1p00__lam0p000__nu0p50__psi0p00,0.069,borrow,32,554,0.0,9,-0.27294013,-0.26398316,-0.26398316,0.88668734,0.12981133,0.12981133,1.0,0.008956982,0.069,0.0,0.0,0.27294013,0.26398316,-25.40919,1.9507511,0.6502504,0.192,0.0,0.14724602,0.0,0.0
hardzero_only__c0p58__z1p00__lam0p000__nu0p50__psi0p00,0.069,borrow,32,555,0.0,9,-0.26398316,-0.25586548,-0.25586548,0.9294166,0.11764768,0.11764768,1.0,0.00811769,0.069,0.0,0.0,0.26398316,0.25586548,-25.804409,2.0447574,0.6815858,0.128,0.0,0.138262,0.0,0.0
hardzero_only__c0p58__z1p00__lam0p000__nu0p50__psi0p00,0.069,borrow,32,556,0.0,9,-0.25586548,-0.2459606,-0.2459606,0.84299934,0.14354917,0.14354917,1.0,0.009904893,0.069,0.0,0.0,0.25586548,0.2459606,-25.022985,1.8546356,0.61821187,0.24800001,0.0,0.13623014,0.0,0.0
hardzero_only__c0p58__z1p00__lam0p000__nu0p50__psi0p00,0.069,borrow,32,557,0.0,9,-0.2459606,-0.23841923,-0.23841923,0.9613994,0.109295085,0.109295085,1.0,0.007541361,0.069,0.0,0.0,0.2459606,0.23841923,-26.175478,2.115121,0.70504034,0.2,0.0,0.1675402,0.0,0.0
hardzero_only__c0p58__z1p00__lam0p000__nu0p50__psi0p00,0.069,borrow,32,558,0.0,9,-0.23841923,-0.22927913,-0.22927913,0.87789804,0.13246524,0.13246524,1.0,0.009140101,0.069,0.0,0.0,0.23841923,0.22927913,-25.422508,1.9314142,0.6438048,0.272,0.0,0.14121531,0.0,0.0
hardzero_only__c0p58__z1p00__lam0p000__nu0p50__psi0p00,0.069,borrow,32,559,0.0,9,-0.22927913,-0.2209301,-0.2209301,0.91721326,0.12100037,0.12100037,1.0,0.008349026,0.069,0.0,0.0,0.22927913,0.2209301,-25.706642,2.0179095,0.6726365,0.19,0.0,0.13835701,0.0,0.0
hardzero_only__c0p58__z1p00__lam0p000__nu0p50__psi0p00,0.069,borrow,32,560,0.0,9,-0.2209301,-0.21158327,-0.21158327,0.86818475,0.1354613,0.1354613,1.0,0.00934683,0.069,0.0,0.0,0.2209301,0.21158327,-25.743923,1.9100446,0.63668156,0.216,0.0,0.16909078,0.0,0.0
hardzero_only__c0p58__z1p00__lam0p000__nu0p50__psi0p00,0.069,borrow,32,561,0.0,9,-0.21158327,-0.20288876,-0.20288876,0.8996035,0.12600754,0.12600754,1.0,0.00869452,0.069,0.0,0.0,0.21158327,0.20288876,-25.872793,1.9791672,0.65972245,0.120000005,0.0,0.14477572,0.0,0.0
hardzero_only__c0p58__z1p00__lam0p000__nu0p50__psi0p00,0.069,borrow,32,562,0.0,9,-0.20288876,-0.19454955,-0.19454955,0.91772425,0.120858096,0.120858096,1.0,0.008339209,0.069,0.0,0.0,0.20288876,0.19454955,-25.697357,2.0190337,0.67301124,0.15200001,0.0,0.15566282,0.0,0.0
hardzero_only__c0p58__z1p00__lam0p000__nu0p50__psi0p00,0.069,borrow,32,563,0.0,9,-0.19454955,-0.18733148,-0.18733148,0.9804284,0.104609594,0.104609594,1.0,0.007218062,0.069,0.0,0.0,0.19454955,0.18733148,-27.267496,2.1569855,0.7189952,0.15200001,0.0,0.20178437,0.0,0.0
hardzero_only__c0p58__z1p00__lam0p000__nu0p50__psi0p00,0.069,borrow,32,564,0.0,9,-0.18733148,-0.17848207,-0.17848207,0.8919344,0.12825243,0.12825243,1.0,0.008849418,0.069,0.0,0.0,0.18733148,0.17848207,-24.802744,1.9622948,0.6540983,0.16000001,0.0,0.16408312,0.0,0.0
hardzero_only__c0p58__z1p00__lam0p000__nu0p50__psi0p00,0.069,borrow,32,565,0.0,9,-0.17848207,-0.16933817,-0.16933817,0.87771773,0.13252027,0.13252027,1.0,0.009143898,0.069,0.0,0.0,0.17848207,0.16933817,-24.758223,1.9310175,0.6436725,0.224,0.0,0.15656003,0.0,0.0
hardzero_only__c0p58__z1p00__lam0p000__nu0p50__psi0p00,0.069,borrow,32,566,0.0,9,-0.16933817,-0.16125919,-0.16125919,0.93149275,0.1170866,0.1170866,1.0,0.008078975,0.069,0.0,0.0,0.16933817,0.16125919,-26.200525,2.049325,0.6831083,0.120000005,0.0,0.15919268,0.0,0.0
hardzero_only__c0p58__z1p00__lam0p000__nu0p50__psi0p00,0.069,borrow,32,567,0.0,9,-0.16125919,-0.1524135,-0.1524135,0.8921175,0.12819836,0.12819836,1.0,0.008845686,0.069,0.0,0.0,0.16125919,0.1524135,-25.491293,1.9626977,0.6542326,0.216,0.008,0.1560554,0.0,0.0
hardzero_only__c0p58__z1p00__lam0p000__nu0p50__psi0p00,0.069,borrow,32,568,0.0,9,-0.1524135,-0.14348471,-0.14348471,0.8880567,0.1294027,0.1294027,1.0,0.008928786,0.069,0.0,0.0,0.1524135,0.14348471,-25.820127,1.9537637,0.6512546,0.264,0.008,0.16025516,0.0,0.0
hardzero_only__c0p58__z1p00__lam0p000__nu0p50__psi0p00,0.069,borrow,32,569,0.0,9,-0.14348471,-0.13494007,-0.13494007,0.9071554,0.123835325,0.123835325,1.0,0.008544637,0.069,0.0,0.0,0.14348471,0.13494007,-26.3153,1.9957818,0.6652606,0.192,0.0,0.16549754,0.0,0.0
hardzero_only__c0p58__z1p00__lam0p000__nu0p50__psi0p00,0.069,borrow,32,570,0.0,9,-0.13494007,-0.12599285,-0.12599285,0.8871607,0.12966993,0.12966993,1.0,0.008947225,0.069,0.0,0.0,0.13494007,0.12599285,-25.437431,1.9517926,0.6505976,0.216,0.0,0.14866559,0.0,0.0
hardzero_only__c0p58__z1p00__lam0p000__nu0p50__psi0p00,0.069,borrow,32,571,0.0,9,-0.12599285,-0.11829028,-0.11829028,0.95221376,0.111631356,0.111631356,1.0,0.0077025634,0.069,0.0,0.0,0.12599285,0.11829028,-26.873365,2.094912,0.69830406,0.104,0.0,0.15140857,0.0,0.0
hardzero_only__c0p58__z1p00__lam0p000__nu0p50__psi0p00,0.069,borrow,32,572,0.0,9,-0.11829028,-0.11071491,-0.11071491,0.95944506,0.10978801,0.10978801,1.0,0.0075753722,0.069,0.0,0.0,0.11829028,0.11071491,-27.035324,2.1108212,0.7036071,0.17,0.0,0.14744225,0.0,0.0
hardzero_only__c0p58__z1p00__lam0p000__nu0p50__psi0p00,0.069,borrow,32,573,0.0,9,-0.11071491,-0.10196791,-0.10196791,0.8969897,0.12676819,0.12676819,1.0,0.008747005,0.069,0.0,0.0,0.11071491,0.10196791,-25.919048,1.9734168,0.6578056,0.224,0.0,0.16228972,0.0,0.0
hardzero_only__c0p58__z1p00__lam0p000__nu0p50__psi0p00,0.069,borrow,32,574,0.0,9,-0.10196791,-0.093127914,-0.093127914,0.89239717,0.12811583,0.12811583,1.0,0.008839992,0.069,0.0,0.0,0.10196791,0.093127914,-25.60283,1.963313,0.65443766,0.23200001,0.0,0.1628506,0.0,0.0
hardzero_only__c0p58__z1p00__lam0p000__nu0p50__psi0p00,0.069,borrow,32,575,0.0,9,-0.093127914,-0.08379633,-0.08379633,0.86889374,0.13524033,0.13524033,1.0,0.009331583,0.069,0.0,0.0,0.093127914,0.08379633,-24.795479,1.9116044,0.6372015,0.32000002,0.0,0.1494768,0.0,0.0
hardzero_only__c0p58__z1p00__lam0p000__nu0p50__psi0p00,0.069,borrow,32,576,0.0,9,-0.08379633,-0.07471213,-0.07471213,0.8805625,0.13165505,0.13165505,1.0,0.009084199,0.069,0.0,0.0,0.08379633,0.07471213,-25.148197,1.9372761,0.64575875,0.15200001,0.0,0.14734648,0.0,0.0
hardzero_only__c0p58__z1p00__lam0p000__nu0p50__psi0p00,0.069,borrow,32,577,0.0,9,-0.07471213,-0.06685057,-0.06685057,0.9433406,0.11393559,0.11393559,1.0,0.007861556,0.069,0.0,0.0,0.07471213,0.06685057,-26.511982,2.0753908,0.69179696,0.120000005,0.0,0.14456724,0.0,0.0
hardzero_only__c0p58__z1p00__lam0p000__nu0p50__psi0p00,0.069,borrow,32,578,0.0,9,-0.06685057,-0.05827984,-0.05827984,0.905831,0.12421355,0.12421355,1.0,0.008570734,0.069,0.0,0.0,0.06685057,0.05827984,-26.462467,1.992868,0.66428936,0.224,0.0,0.14087126,0.0,0.0
hardzero_only__c0p58__z1p00__lam0p000__nu0p50__psi0p00,0.069,borrow,32,579,0.0,9,-0.05827984,-0.049917243,-0.049917243,0.916508,0.12119703,0.12119703,1.0,0.008362595,0.069,0.0,0.0,0.05827984,0.049917243,-25.67515,2.016358,0.6721193,0.08800001,0.0,0.15195975,0.0,0.0
hardzero_only__c0p58__z1p00__lam0p000__nu0p50__psi0p00,0.069,borrow,32,580,0.0,9,-0.049917243,-0.041243717,-0.041243717,0.90065336,0.12570328,0.12570328,1.0,0.008673525,0.069,0.0,0.0,0.049917243,0.041243717,-25.59264,1.981477,0.66049236,0.15200001,0.0,0.14038658,0.0,0.0
hardzero_only__c0p58__z1p00__lam0p000__nu0p50__psi0p00,0.069,borrow,32,581,0.0,9,-0.041243717,-0.03206109,-0.03206109,0.8758821,0.13308159,0.13308159,1.0,0.009182629,0.069,0.0,0.0,0.041243717,0.03206109,-25.182615,1.9269791,0.64232635,0.17600001,0.008,0.15178755,0.0,0.0
hardzero_only__c0p58__z1p00__lam0p000__nu0p50__psi0p00,0.069,borrow,32,582,0.0,9,-0.03206109,-0.022862118,-0.022862118,0.87510985,0.13331842,0.13331842,1.0,0.009198971,0.069,0.0,0.0,0.03206109,0.022862118,-25.762695,1.9252801,0.64176005,0.28,0.0,0.15322848,0.0,0.0
hardzero_only__c0p58__z1p00__lam0p000__nu0p50__psi0p00,0.069,borrow,32,583,0.0,9,-0.022862118,-0.014036556,-0.014036556,0.8931067,0.1279067,0.1279067,1.0,0.008825562,0.069,0.0,0.0,0.022862118,0.014036556,-25.262255,1.9648739,0.654958,0.14400001,0.0,0.15512645,0.0,0.0
hardzero_only__c0p58__z1p00__lam0p000__nu0p50__psi0p00,0.069,borrow,32,584,1.0,10,-0.014036556,-0.5850244,-0.5850244,0.8840238,0.13060993,0.13060993,1.0,0.009012084,0.069,0.0,0.0,0.014036556,0.5850244,-25.125834,1.9448912,0.6482971,0.15200001,0.0,0.15389697,0.0,0.0
hardzero_only__c0p58__z1p00__lam0p000__nu0p50__psi0p00,0.069,borrow,32,585,0.0,10,-0.5850244,-0.57645905,-0.57645905,0.906104,0.12413549,0.12413549,1.0,0.008565349,0.069,0.0,0.0,0.5850244,0.57645905,-26.183422,1.9934686,0.66448957,0.17,0.0,0.14747025,0.0,0.0
hardzero_only__c0p58__z1p00__lam0p000__nu0p50__psi0p00,0.069,borrow,32,586,0.0,10,-0.57645905,-0.5670849,-0.5670849,0.86691654,0.13585745,0.13585745,1.0,0.009374164,0.069,0.0,0.0,0.57645905,0.5670849,-25.608515,1.9072545,0.6357515,0.2,0.0,0.16747345,0.0,0.0
hardzero_only__c0p58__z1p00__lam0p000__nu0p50__psi0p00,0.069,borrow,32,587,0.0,10,-0.5670849,-0.55774575,-0.55774575,0.86854196,0.13534993,0.13534993,1.0,0.009339144,0.069,0.0,0.0,0.5670849,0.55774575,-25.001204,1.9108305,0.6369435,0.14400001,0.008,0.1571286,0.0,0.0
hardzero_only__c0p58__z1p00__lam0p000__nu0p50__psi0p00,0.069,borrow,32,588,0.0,10,-0.55774575,-0.5481927,-0.5481927,0.8587066,0.13845015,0.13845015,1.0,0.00955306,0.069,0.0,0.0,0.55774575,0.5481927,-24.657986,1.8891922,0.62973076,0.256,0.0,0.14455158,0.0,0.0
hardzero_only__c0p58__z1p00__lam0p000__nu0p50__psi0p00,0.069,borrow,32,589,0.0,10,-0.5481927,-0.53923815,-0.53923815,0.8868054,0.12977606,0.12977606,1.0,0.008954548,0.069,0.0,0.0,0.5481927,0.53923815,-25.43911,1.9510108,0.650337,0.16000001,0.0,0.16159467,0.0,0.0
hardzero_only__c0p58__z1p00__lam0p000__nu0p50__psi0p00,0.069,borrow,32,590,0.0,10,-0.53923815,-0.53000814,-0.53000814,0.87364787,0.13376796,0.13376796,1.0,0.009229989,0.069,0.0,0.0,0.53923815,0.53000814,-25.756897,1.9220637,0.64068794,0.2,0.0,0.15849936,0.0,0.0
hardzero_only__c0p58__z1p00__lam0p000__nu0p50__psi0p00,0.069,borrow,32,591,0.0,10,-0.53000814,-0.5206259,-0.5206259,0.86654127,0.1359749,0.1359749,1.0,0.0093822675,0.069,0.0,0.0,0.53000814,0.5206259,-24.938646,1.9064288,0.6354763,0.24800001,0.0,0.1538144,0.0,0.0
hardzero_only__c0p58__z1p00__lam0p000__nu0p50__psi0p00,0.069,borrow,32,592,0.0,10,-0.5206259,-0.51198477,-0.51198477,0.90227896,0.12523367,0.12523367,1.0,0.008641123,0.069,0.0,0.0,0.5206259,0.51198477,-25.96283,1.9850533,0.66168445,0.16000001,0.0,0.16729492,0.0,0.0
hardzero_only__c0p58__z1p00__lam0p000__nu0p50__psi0p00,0.069,borrow,32,593,0.0,10,-0.51198477,-0.5020139,-0.5020139,0.84011745,0.14450489,0.14450489,1.0,0.009970837,0.069,0.0,0.0,0.51198477,0.5020139,-24.485268,1.8482953,0.61609846,0.17600001,0.0,0.13889877,0.0,0.0
hardzero_only__c0p58__z1p00__lam0p000__nu0p50__psi0p00,0.069,borrow,32,594,0.0,10,-0.5020139,-0.4927801,-0.4927801,0.8734666,0.13382381,0.13382381,1.0,0.009233843,0.069,0.0,0.0,0.5020139,0.4927801,-26.292799,1.921665,0.640555,0.24800001,0.0,0.15800922,0.0,0.0
hardzero_only__c0p58__z1p00__lam0p000__nu0p50__psi0p00,0.069,borrow,32,595,0.0,10,-0.4927801,-0.48379952,-0.48379952,0.8855453,0.13015316,0.13015316,1.0,0.0089805685,0.069,0.0,0.0,0.4927801,0.48379952,-25.018255,1.9482386,0.6494129,0.2,0.0,0.14607865,0.0,0.0
hardzero_only__c0p58__z1p00__lam0p000__nu0p50__psi0p00,0.069,borrow,32,596,0.0,10,-0.48379952,-0.47430056,-0.47430056,0.8611726,0.13766621,0.13766621,1.0,0.009498969,0.069,0.0,0.0,0.48379952,0.47430056,-25.001099,1.8946176,0.6315392,0.208,0.008,0.15968895,0.0,0.0
hardzero_only__c0p58__z1p00__lam0p000__nu0p50__psi0p00,0.069,borrow,32,597,0.0,10,-0.47430056,-0.46632352,-0.46632352,0.9370075,0.11560921,0.11560921,1.0,0.007977036,0.069,0.0,0.0,0.47430056,0.46632352,-26.605839,2.0614576,0.68715256,0.224,0.0,0.16048384,0.0,0.0
hardzero_only__c0p58__z1p00__lam0p000__nu0p50__psi0p00,0.069,borrow,32,598,0.0,10,-0.46632352,-0.45703563,-0.45703563,0.8709318,0.13460715,0.13460715,1.0,0.009287893,0.069,0.0,0.0,0.46632352,0.45703563,-26.292149,1.9160882,0.6386961,0.26999998,0.0,0.1792656,0.0,0.0
hardzero_only__c0p58__z1p00__lam0p000__nu0p50__psi0p00,0.069,borrow,32,599,0.0,10,-0.45703563,-0.44718146,-0.44718146,0.84522885,0.14281411,0.14281411,1.0,0.009854173,0.069,0.0,0.0,0.45703563,0.44718146,-24.49097,1.8595406,0.6198469,0.18400002,0.0,0.16722009,0.0,0.0
hardzero_only__c0p58__z1p00__lam0p000__nu0p50__psi0p00,0.069,borrow,32,600,0.0,10,-0.44718146,-0.43830705,-0.43830705,0.8907094,0.12861468,0.12861468,1.0,0.008874413,0.069,0.0,0.0,0.44718146,0.43830705,-24.756367,1.9595999,0.6532,0.2,0.0,0.15066546,0.0,0.0
hardzero_only__c0p58__z1p00__lam0p000__nu0p50__psi0p00,0.069,borrow,32,601,0.0,10,-0.43830705,-0.43071648,-0.43071648,0.95857507,0.11000816,0.11000816,1.0,0.0075905626,0.069,0.0,0.0,0.43830705,0.43071648,-27.093288,2.1089072,0.7029691,0.14400001,0.0,0.16613807,0.0,0.0
hardzero_only__c0p58__z1p00__lam0p000__nu0p50__psi0p00,0.069,borrow,32,602,0.0,10,-0.43071648,-0.42223084,-0.42223084,0.91016406,0.1229804,0.1229804,1.0,0.008485648,0.069,0.0,0.0,0.43071648,0.42223084,-26.132841,2.0024009,0.667467,0.2,0.0,0.15589167,0.0,0.0
hardzero_only__c0p58__z1p00__lam0p000__nu0p50__psi0p00,0.069,borrow,32,603,0.0,10,-0.42223084,-0.41232172,-0.41232172,0.84281427,0.14361036,0.14361036,1.0,0.009909115,0.069,0.0,0.0,0.42223084,0.41232172,-25.602713,1.8542284,0.61807615,0.256,0.0,0.18444152,0.0,0.0
hardzero_only__c0p58__z1p00__lam0p000__nu0p50__psi0p00,0.069,borrow,32,604,0.0,10,-0.41232172,-0.40352866,-0.40352866,0.8947093,0.1274356,0.1274356,1.0,0.008793056,0.069,0.0,0.0,0.41232172,0.40352866,-25.813345,1.9683998,0.6561333,0.24800001,0.0,0.15466662,0.0,0.0
hardzero_only__c0p58__z1p00__lam0p000__nu0p50__psi0p00,0.069,borrow,32,605,0.0,10,-0.40352866,-0.3950462,-0.3950462,0.91032755,0.12293411,0.12293411,1.0,0.008482453,0.069,0.0,0.0,0.40352866,0.3950462,-26.050148,2.0027606,0.6675869,0.104,0.0,0.1484673,0.0,0.0
hardzero_only__c0p58__z1p00__lam0p000__nu0p50__psi0p00,0.069,borrow,32,606,0.0,10,-0.3950462,-0.38698772,-0.38698772,0.93259543,0.1167897,0.1167897,1.0,0.008058489,0.069,0.0,0.0,0.3950462,0.38698772,-26.613928,2.051751,0.683917,0.128,0.0,0.16303821,0.0,0.0
hardzero_only__c0p58__z1p00__lam0p000__nu0p50__psi0p00,0.069,borrow,32,607,0.0,10,-0.38698772,-0.3788506,-0.3788506,0.9283797,0.1179289,0.1179289,1.0,0.008137094,0.069,0.0,0.0,0.38698772,0.3788506,-25.844957,2.0424762,0.6808254,0.224,0.0,0.16171406,0.0,0.0
hardzero_only__c0p58__z1p00__lam0p000__nu0p50__psi0p00,0.069,borrow,32,608,0.0,10,-0.3788506,-0.36973253,-0.36973253,0.87894523,0.13214622,0.13214622,1.0,0.009118089,0.069,0.0,0.0,0.3788506,0.36973253,-25.431183,1.9337181,0.64457273,0.23200001,0.0,0.15097971,0.0,0.0
hardzero_only__c0p58__z1p00__lam0p000__nu0p50__psi0p00,0.069,borrow,32,609,0.0,10,-0.36973253,-0.36009854,-0.36009854,0.8550435,0.13962287,0.13962287,1.0,0.009633978,0.069,0.0,0.0,0.36973253,0.36009854,-25.31611,1.8811332,0.62704444,0.264,0.0,0.14600167,0.0,0.0
hardzero_only__c0p58__z1p00__lam0p000__nu0p50__psi0p00,0.069,borrow,32,610,0.0,10,-0.36009854,-0.35172218,-0.35172218,0.91579354,0.12139657,0.12139657,1.0,0.008376364,0.069,0.0,0.0,0.36009854,0.35172218,-26.62923,2.014786,0.67159534,0.208,0.0,0.14533381,0.0,0.0
hardzero_only__c0p58__z1p00__lam0p000__nu0p50__psi0p00,0.069,borrow,32,611,0.0,10,-0.35172218,-0.34217227,-0.34217227,0.85885006,0.1384044,0.1384044,1.0,0.009549904,0.069,0.0,0.0,0.35172218,0.34217227,-25.22279,1.8895079,0.62983596,0.24,0.0,0.17036785,0.0,0.0
hardzero_only__c0p58__z1p00__lam0p000__nu0p50__psi0p00,0.069,borrow,32,612,0.0,10,-0.34217227,-0.33315977,-0.33315977,0.88400406,0.13061588,0.13061588,1.0,0.009012495,0.069,0.0,0.0,0.34217227,0.33315977,-26.192736,1.9448478,0.64828265,0.23200001,0.0,0.14346579,0.0,0.0
hardzero_only__c0p58__z1p00__lam0p000__nu0p50__psi0p00,0.069,borrow,32,613,0.0,10,-0.33315977,-0.3252613,-0.3252613,0.9413047,0.114470944,0.114470944,1.0,0.007898495,0.069,0.0,0.0,0.33315977,0.3252613,-26.07126,2.0709116,0.6903039,0.2,0.0,0.16896848,0.0,0.0
hardzero_only__c0p58__z1p00__lam0p000__nu0p50__psi0p00,0.069,borrow,32,614,0.0,10,-0.3252613,-0.31596488,-0.31596488,0.8705331,0.1347308,0.1347308,1.0,0.009296425,0.069,0.0,0.0,0.3252613,0.31596488,-25.383127,1.9152111,0.6384037,0.24000001,0.0,0.1647648,0.0,0.0
hardzero_only__c0p58__z1p00__lam0p000__nu0p50__psi0p00,0.069,borrow,32,615,0.0,10,-0.31596488,-0.30616647,-0.30616647,0.847694,0.14200577,0.14200577,1.0,0.009798398,0.069,0.0,0.0,0.31596488,0.30616647,-25.362785,1.864964,0.6216547,0.256,0.0,0.14206901,0.0,0.0
hardzero_only__c0p58__z1p00__lam0p000__nu0p50__psi0p00,0.069,borrow,32,616,0.0,10,-0.30616647,-0.2976313,-0.2976313,0.9076369,0.123698115,0.123698115,1.0,0.00853517,0.069,0.0,0.0,0.30616647,0.2976313,-25.736418,1.9968411,0.6656137,0.192,0.0,0.1545111,0.0,0.0
hardzero_only__c0p58__z1p00__lam0p000__nu0p50__psi0p00,0.069,borrow,32,617,0.0,10,-0.2976313,-0.28977928,-0.28977928,0.94386786,0.11379735,0.11379735,1.0,0.007852017,0.069,0.0,0.0,0.2976313,0.28977928,-26.120039,2.0765507,0.6921836,0.24800001,0.0,0.15998584,0.0,0.0
hardzero_only__c0p58__z1p00__lam0p000__nu0p50__psi0p00,0.069,borrow,32,618,0.0,10,-0.28977928,-0.28089482,-0.28089482,0.89021754,0.12876044,0.12876044,1.0,0.00888447,0.069,0.0,0.0,0.28977928,0.28089482,-25.893705,1.9585177,0.65283924,0.17600001,0.008,0.18064342,0.0,0.0
hardzero_only__c0p58__z1p00__lam0p000__nu0p50__psi0p00,0.069,borrow,32,619,0.0,10,-0.28089482,-0.27152264,-0.27152264,0.8670081,0.13582881,0.13582881,1.0,0.009372188,0.069,0.0,0.0,0.28089482,0.27152264,-25.35623,1.9074559,0.63581866,0.264,0.0,0.15605667,0.0,0.0
hardzero_only__c0p58__z1p00__lam0p000__nu0p50__psi0p00,0.069,borrow,32,620,0.0,10,-0.27152264,-0.26244232,-0.26244232,0.880748,0.13159882,0.13159882,1.0,0.009080318,0.069,0.0,0.0,0.27152264,0.26244232,-25.116447,1.9376843,0.64589477,0.24800001,0.0,0.15919673,0.0,0.0
hardzero_only__c0p58__z1p00__lam0p000__nu0p50__psi0p00,0.069,borrow,32,621,0.0,10,-0.26244232,-0.2534204,-0.2534204,0.8835508,0.13075225,0.13075225,1.0,0.009021905,0.069,0.0,0.0,0.26244232,0.2534204,-25.432335,1.9438506,0.64795023,0.28,0.0,0.13418356,0.0,0.0
hardzero_only__c0p58__z1p00__lam0p000__nu0p50__psi0p00,0.069,borrow,32,622,0.0,10,-0.2534204,-0.24463572,-0.24463572,0.89512247,0.12731439,0.12731439,1.0,0.008784693,0.069,0.0,0.0,0.2534204,0.24463572,-25.148476,1.9693087,0.65643626,0.216,0.0,0.17293946,0.0,0.0
hardzero_only__c0p58__z1p00__lam0p000__nu0p50__psi0p00,0.069,borrow,32,623,0.0,10,-0.24463572,-0.23630479,-0.23630479,0.91815567,0.12073808,0.12073808,1.0,0.008330927,0.069,0.0,0.0,0.24463572,0.23630479,-26.439209,2.0199828,0.6733276,0.192,0.0,0.16516788,0.0,0.0
hardzero_only__c0p58__z1p00__lam0p000__nu0p50__psi0p00,0.069,borrow,32,624,0.0,10,-0.23630479,-0.22907475,-0.22907475,0.9797086,0.10478313,0.10478313,1.0,0.007230036,0.069,0.0,0.0,0.23630479,0.22907475,-27.705046,2.155402,0.71846735,0.16,0.0,0.15530272,0.0,0.0
hardzero_only__c0p58__z1p00__lam0p000__nu0p50__psi0p00,0.069,borrow,32,625,0.0,10,-0.22907475,-0.21972476,-0.21972476,0.8680383,0.13550699,0.13550699,1.0,0.009349982,0.069,0.0,0.0,0.22907475,0.21972476,-26.026043,1.9097224,0.63657415,0.2,0.0,0.16718847,0.0,0.0
hardzero_only__c0p58__z1p00__lam0p000__nu0p50__psi0p00,0.069,borrow,32,626,0.0,10,-0.21972476,-0.21101941,-0.21101941,0.89906293,0.12616447,0.12616447,1.0,0.008705348,0.069,0.0,0.0,0.21972476,0.21101941,-25.432375,1.977978,0.659326,0.17600001,0.0,0.1585346,0.0,0.0
hardzero_only__c0p58__z1p00__lam0p000__nu0p50__psi0p00,0.069,borrow,32,627,0.0,10,-0.21101941,-0.2026588,-0.2026588,0.9166115,0.12116816,0.12116816,1.0,0.008360603,0.069,0.0,0.0,0.21101941,0.2026588,-25.754028,2.0165856,0.6721952,0.24800001,0.0,0.15662186,0.0,0.0
hardzero_only__c0p58__z1p00__lam0p000__nu0p50__psi0p00,0.069,borrow,32,628,0.0,10,-0.2026588,-0.19399817,-0.19399817,0.9012998,0.12551633,0.12551633,1.0,0.008660627,0.069,0.0,0.0,0.2026588,0.19399817,-27.044188,1.9828991,0.6609664,0.224,0.0,0.17201246,0.0,0.0
hardzero_only__c0p58__z1p00__lam0p000__nu0p50__psi0p00,0.069,borrow,32,629,0.0,10,-0.19399817,-0.18496649,-0.18496649,0.8830806,0.13089389,0.13089389,1.0,0.009031678,0.069,0.0,0.0,0.19399817,0.18496649,-25.660166,1.9428161,0.6476054,0.328,0.0,0.16489087,0.0,0.0
hardzero_only__c0p58__z1p00__lam0p000__nu0p50__psi0p00,0.069,borrow,32,630,0.0,10,-0.18496649,-0.17567974,-0.17567974,0.8709853,0.13459057,0.13459057,1.0,0.009286749,0.069,0.0,0.0,0.18496649,0.17567974,-25.283516,1.916206,0.63873535,0.224,0.0,0.14685299,0.0,0.0
hardzero_only__c0p58__z1p00__lam0p000__nu0p50__psi0p00,0.069,borrow,32,631,0.0,10,-0.17567974,-0.16674246,-0.16674246,0.8876437,0.1295258,0.1295258,1.0,0.00893728,0.069,0.0,0.0,0.17567974,0.16674246,-26.354113,1.9528551,0.65095174,0.264,0.0,0.18721475,0.0,0.0
hardzero_only__c0p58__z1p00__lam0p000__nu0p50__psi0p00,0.069,borrow,32,632,0.0,10,-0.16674246,-0.15838875,-0.15838875,0.91696936,0.121068366,0.121068366,1.0,0.008353717,0.069,0.0,0.0,0.16674246,0.15838875,-25.883284,2.0173728,0.67245764,0.15200001,0.0,0.14856648,0.0,0.0
hardzero_only__c0p58__z1p00__lam0p000__nu0p50__psi0p00,0.069,borrow,32,633,0.0,10,-0.15838875,-0.15013345,-0.15013345,0.92211574,0.11964216,0.11964216,1.0,0.0082553085,0.069,0.0,0.0,0.15838875,0.15013345,-26.38826,2.028695,0.67623174,0.23200001,0.0,0.14714941,0.0,0.0
hardzero_only__c0p58__z1p00__lam0p000__nu0p50__psi0p00,0.069,borrow,32,634,0.0,10,-0.15013345,-0.14093766,-0.14093766,0.87526023,0.13327225,0.13327225,1.0,0.009195785,0.069,0.0,0.0,0.15013345,0.14093766,-24.320707,1.9256109,0.6418703,0.24800001,0.0,0.14040253,0.0,0.0
hardzero_only__c0p58__z1p00__lam0p000__nu0p50__psi0p00,0.069,borrow,32,635,0.0,10,-0.14093766,-0.13139395,-0.13139395,0.8591321,0.13831455,0.13831455,1.0,0.009543703,0.069,0.0,0.0,0.14093766,0.13139395,-25.612537,1.8901284,0.6300428,0.24000001,0.0,0.15462409,0.0,0.0
hardzero_only__c0p58__z1p00__lam0p000__nu0p50__psi0p00,0.069,borrow,32,636,0.0,10,-0.13139395,-0.12189665,-0.12189665,0.8612487,0.1376421,0.1376421,1.0,0.009497304,0.069,0.0,0.0,0.13139395,0.12189665,-24.90155,1.8947849,0.631595,0.208,0.0,0.15614846,0.0,0.0
hardzero_only__c0p58__z1p00__lam0p000__nu0p50__psi0p00,0.069,borrow,32,637,0.0,10,-0.12189665,-0.1132362,-0.1132362,0.90130836,0.12551382,0.12551382,1.0,0.008660453,0.069,0.0,0.0,0.12189665,0.1132362,-25.520117,1.982918,0.6609727,0.22999999,0.0,0.14339678,0.0,0.0
hardzero_only__c0p58__z1p00__lam0p000__nu0p50__psi0p00,0.069,borrow,32,638,0.0,10,-0.1132362,-0.104535244,-0.104535244,0.8992822,0.12610078,0.12610078,1.0,0.008700954,0.069,0.0,0.0,0.1132362,0.104535244,-25.496912,1.9784604,0.65948683,0.192,0.0,0.15396836,0.0,0.0
hardzero_only__c0p58__z1p00__lam0p000__nu0p50__psi0p00,0.069,borrow,32,639,0.0,10,-0.104535244,-0.09515184,-0.09515184,0.8664887,0.13599135,0.13599135,1.0,0.009383403,0.069,0.0,0.0,0.104535244,0.09515184,-24.507387,1.9063132,0.6354377,0.28,0.0,0.14620823,0.0,0.0
hardzero_only__c0p58__z1p00__lam0p000__nu0p50__psi0p00,0.069,borrow,32,640,0.0,10,-0.09515184,-0.087166496,-0.087166496,0.93655515,0.1157297,0.1157297,1.0,0.007985349,0.069,0.0,0.0,0.09515184,0.087166496,-25.279522,2.0604625,0.68682086,0.136,0.0,0.17149155,0.0,0.0
hardzero_only__c0p58__z1p00__lam0p000__nu0p50__psi0p00,0.069,borrow,32,641,0.0,10,-0.087166496,-0.07885899,-0.07885899,0.9193781,0.12039871,0.12039871,1.0,0.008307511,0.069,0.0,0.0,0.087166496,0.07885899,-26.19359,2.0226722,0.6742241,0.192,0.0,0.15757687,0.0,0.0
hardzero_only__c0p58__z1p00__lam0p000__nu0p50__psi0p00,0.069,borrow,32,642,0.0,10,-0.07885899,-0.069216184,-0.069216184,0.8546457,0.13975078,0.13975078,1.0,0.009642803,0.069,0.0,0.0,0.07885899,0.069216184,-24.492596,1.8802582,0.62675273,0.16000001,0.0,0.1421195,0.0,0.0
hardzero_only__c0p58__z1p00__lam0p000__nu0p50__psi0p00,0.069,borrow,32,643,0.0,10,-0.069216184,-0.06063014,-0.06063014,0.9050558,0.124435455,0.124435455,1.0,0.008586046,0.069,0.0,0.0,0.069216184,0.06063014,-25.401836,1.9911625,0.66372085,0.17600001,0.0,0.16699842,0.0,0.0
hardzero_only__c0p58__z1p00__lam0p000__nu0p50__psi0p00,0.069,borrow,32,644,0.0,10,-0.06063014,-0.051800355,-0.051800355,0.8928991,0.12796785,0.12796785,1.0,0.008829782,0.069,0.0,0.0,0.06063014,0.051800355,-25.445927,1.9644172,0.6548058,0.256,0.0,0.15021077,0.0,0.0
hardzero_only__c0p58__z1p00__lam0p000__nu0p50__psi0p00,0.069,borrow,32,645,0.0,10,-0.051800355,-0.04296681,-0.04296681,0.892714,0.1280224,0.1280224,1.0,0.008833545,0.069,0.0,0.0,0.051800355,0.04296681,-25.308348,1.9640101,0.65467006,0.080000006,0.0,0.16123553,0.0,0.0
hardzero_only__c0p58__z1p00__lam0p000__nu0p50__psi0p00,0.069,borrow,32,646,0.0,10,-0.04296681,-0.03380561,-0.03380561,0.87689674,0.13277103,0.13277103,1.0,0.009161201,0.069,0.0,0.0,0.04296681,0.03380561,-25.692415,1.9292114,0.64307046,0.192,0.0,0.15387142,0.0,0.0
hardzero_only__c0p58__z1p00__lam0p000__nu0p50__psi0p00,0.069,borrow,32,647,0.0,10,-0.03380561,-0.024659881,-0.024659881,0.8776308,0.13254678,0.13254678,1.0,0.009145727,0.069,0.0,0.0,0.03380561,0.024659881,-25.610088,1.9308262,0.64360875,0.24000001,0.0,0.14886427,0.0,0.0
hardzero_only__c0p58__z1p00__lam0p000__nu0p50__psi0p00,0.069,borrow,32,648,0.0,10,-0.024659881,-0.015532463,-0.015532463,0.8785011,0.13228144,0.13228144,1.0,0.0091274185,0.069,0.0,0.0,0.024659881,0.015532463,-25.074528,1.932741,0.64424706,0.216,0.0,0.15212384,0.0,0.0
hardzero_only__c0p58__z1p00__lam0p000__nu0p50__psi0p00,0.069,borrow,32,649,1.0,11,-0.015532463,-0.58665055,-0.58665055,0.89034575,0.12872241,0.12872241,1.0,0.008881846,0.069,0.0,0.0,0.015532463,0.58665055,-25.520641,1.9587997,0.65293324,0.24800001,0.0,0.16791688,0.0,0.0
hardzero_only__c0p58__z1p00__lam0p000__nu0p50__psi0p00,0.069,borrow,32,650,0.0,11,-0.58665055,-0.5773307,-0.5773307,0.86943936,0.13507055,0.13507055,1.0,0.009319868,0.069,0.0,0.0,0.58665055,0.5773307,-24.514029,1.9128048,0.6376016,0.24,0.0,0.1527323,0.0,0.0
hardzero_only__c0p58__z1p00__lam0p000__nu0p50__psi0p00,0.069,borrow,32,651,0.0,11,-0.5773307,-0.5679855,-0.5679855,0.86825866,0.13543826,0.13543826,1.0,0.00934524,0.069,0.0,0.0,0.5773307,0.5679855,-23.66873,1.9102072,0.63673574,0.23200001,0.0,0.15345688,0.0,0.0
hardzero_only__c0p58__z1p00__lam0p000__nu0p50__psi0p00,0.069,borrow,32,652,0.0,11,-0.5679855,-0.55982083,-0.55982083,0.92691237,0.11832801,0.11832801,1.0,0.008164633,0.069,0.0,0.0,0.5679855,0.55982083,-25.962679,2.039248,0.67974937,0.120000005,0.0,0.17085283,0.0,0.0
hardzero_only__c0p58__z1p00__lam0p000__nu0p50__psi0p00,0.069,borrow,32,653,0.0,11,-0.55982083,-0.5499817,-0.5499817,0.84589404,0.14259553,0.14259553,1.0,0.009839091,0.069,0.0,0.0,0.55982083,0.5499817,-24.053925,1.861004,0.6203347,0.24800001,0.0,0.14476487,0.0,0.0
hardzero_only__c0p58__z1p00__lam0p000__nu0p50__psi0p00,0.069,borrow,32,654,0.0,11,-0.5499817,-0.54102427,-0.54102427,0.8866639,0.12981836,0.12981836,1.0,0.008957467,0.069,0.0,0.0,0.5499817,0.54102427,-25.330776,1.9506996,0.6502332,0.208,0.0,0.17438373,0.0,0.0
hardzero_only__c0p58__z1p00__lam0p000__nu0p50__psi0p00,0.069,borrow,32,655,0.0,11,-0.54102427,-0.53119797,-0.53119797,0.8464601,0.1424098,0.1424098,1.0,0.009826276,0.069,0.0,0.0,0.54102427,0.53119797,-24.868536,1.8622494,0.62074983,0.224,0.0,0.14908832,0.0,0.0
hardzero_only__c0p58__z1p00__lam0p000__nu0p50__psi0p00,0.069,borrow,32,656,0.0,11,-0.53119797,-0.5221402,-0.5221402,0.88182944,0.13127154,0.13127154,1.0,0.009057736,0.069,0.0,0.0,0.53119797,0.5221402,-25.730375,1.9400635,0.64668787,0.24800001,0.0,0.18054892,0.0,0.0
hardzero_only__c0p58__z1p00__lam0p000__nu0p50__psi0p00,0.069,borrow,32,657,0.0,11,-0.5221402,-0.51368964,-0.51368964,0.9119617,0.122472405,0.122472405,1.0,0.008450596,0.069,0.0,0.0,0.5221402,0.51368964,-27.151903,2.0063558,0.6687853,0.16000001,0.008,0.20868737,0.0,0.0
hardzero_only__c0p58__z1p00__lam0p000__nu0p50__psi0p00,0.069,borrow,32,658,0.0,11,-0.51368964,-0.50490713,-0.50490713,0.89523196,0.12728232,0.12728232,1.0,0.00878248,0.069,0.0,0.0,0.51368964,0.50490713,-25.101799,1.9695497,0.65651655,0.256,0.0,0.18177623,0.0,0.0
hardzero_only__c0p58__z1p00__lam0p000__nu0p50__psi0p00,0.069,borrow,32,659,0.0,11,-0.50490713,-0.49558938,-0.49558938,0.86953825,0.13503979,0.13503979,1.0,0.009317745,0.069,0.0,0.0,0.50490713,0.49558938,-25.490562,1.9130223,0.6376741,0.23200001,0.0,0.1573807,0.0,0.0
hardzero_only__c0p58__z1p00__lam0p000__nu0p50__psi0p00,0.069,borrow,32,660,0.0,11,-0.49558938,-0.48652744,-0.48652744,0.88162833,0.13133232,0.13133232,1.0,0.00906193,0.069,0.0,0.0,0.49558938,0.48652744,-25.084517,1.9396211,0.6465404,0.208,0.0,0.17956582,0.0,0.0
hardzero_only__c0p58__z1p00__lam0p000__nu0p50__psi0p00,0.069,borrow,32,661,0.0,11,-0.48652744,-0.47781095,-0.47781095,0.8985075,0.12632595,0.12632595,1.0,0.00871649,0.069,0.0,0.0,0.48652744,0.47781095,-25.848967,1.976756,0.6589187,0.224,0.0,0.16732687,0.0,0.0
hardzero_only__c0p58__z1p00__lam0p000__nu0p50__psi0p00,0.069,borrow,32,662,0.0,11,-0.47781095,-0.4685185,-0.4685185,0.8707183,0.13467334,0.13467334,1.0,0.00929246,0.069,0.0,0.0,0.47781095,0.4685185,-24.755356,1.9156185,0.63853955,0.24000001,0.0,0.15697892,0.0,0.0
hardzero_only__c0p58__z1p00__lam0p000__nu0p50__psi0p00,0.069,borrow,32,663,0.0,11,-0.4685185,-0.45976758,-0.45976758,0.896796,0.12682475,0.12682475,1.0,0.008750908,0.069,0.0,0.0,0.4685185,0.45976758,-26.305351,1.9729905,0.6576635,0.25,0.0,0.16077508,0.0,0.0
hardzero_only__c0p58__z1p00__lam0p000__nu0p50__psi0p00,0.069,borrow,32,664,0.0,11,-0.45976758,-0.44989508,-0.44989508,0.84442264,0.14307947,0.14307947,1.0,0.009872483,0.069,0.0,0.0,0.45976758,0.44989508,-24.658772,1.8577669,0.61925566,0.256,0.0,0.15904546,0.0,0.0
hardzero_only__c0p58__z1p00__lam0p000__nu0p50__psi0p00,0.069,borrow,32,665,0.0,11,-0.44989508,-0.44025293,-0.44025293,0.8546747,0.13974147,0.13974147,1.0,0.0096421605,0.069,0.0,0.0,0.44989508,0.44025293,-23.685938,1.8803219,0.62677395,0.16000001,0.0,0.17445458,0.0,0.0
hardzero_only__c0p58__z1p00__lam0p000__nu0p50__psi0p00,0.069,borrow,32,666,0.0,11,-0.44025293,-0.4313501,-0.4313501,0.8893213,0.12902641,0.12902641,1.0,0.008902823,0.069,0.0,0.0,0.44025293,0.4313501,-25.542059,1.956546,0.652182,0.2,0.0,0.15834282,0.0,0.0
hardzero_only__c0p58__z1p00__lam0p000__nu0p50__psi0p00,0.069,borrow,32,667,0.0,11,-0.4313501,-0.4223988,-0.4223988,0.8869622,0.12972921,0.12972921,1.0,0.008951316,0.069,0.0,0.0,0.4313501,0.4223988,-25.176462,1.9513557,0.6504519,0.216,0.0,0.17042477,0.0,0.0
hardzero_only__c0p58__z1p00__lam0p000__nu0p50__psi0p00,0.069,borrow,32,668,0.0,11,-0.4223988,-0.41358435,-0.41358435,0.89365345,0.12774579,0.12774579,1.0,0.00881446,0.069,0.0,0.0,0.4223988,0.41358435,-24.98756,1.9660769,0.65535897,0.16000001,0.0,0.1675054,0.0,0.0
hardzero_only__c0p58__z1p00__lam0p000__nu0p50__psi0p00,0.069,borrow,32,669,0.0,11,-0.41358435,-0.40473765,-0.40473765,0.89206785,0.12821302,0.12821302,1.0,0.008846698,0.069,0.0,0.0,0.41358435,0.40473765,-25.650513,1.9625884,0.65419614,0.208,0.0,0.166395,0.0,0.0
hardzero_only__c0p58__z1p00__lam0p000__nu0p50__psi0p00,0.069,borrow,32,670,0.0,11,-0.40473765,-0.3966857,-0.3966857,0.9329474,0.1166951,0.1166951,1.0,0.008051962,0.069,0.0,0.0,0.40473765,0.3966857,-26.28879,2.0525253,0.68417513,0.16000001,0.0,0.16146676,0.0,0.0
hardzero_only__c0p58__z1p00__lam0p000__nu0p50__psi0p00,0.069,borrow,32,671,0.0,11,-0.3966857,-0.38864714,-0.38864714,0.93367195,0.11650056,0.11650056,1.0,0.0080385385,0.069,0.0,0.0,0.3966857,0.38864714,-26.291138,2.0541193,0.68470645,0.15200001,0.0,0.19202553,0.0,0.0
hardzero_only__c0p58__z1p00__lam0p000__nu0p50__psi0p00,0.069,borrow,32,672,0.0,11,-0.38864714,-0.37941504,-0.37941504,0.87354875,0.13379851,0.13379851,1.0,0.009232097,0.069,0.0,0.0,0.38864714,0.37941504,-25.25954,1.9218457,0.6406152,0.264,0.0,0.1779153,0.0,0.0
hardzero_only__c0p58__z1p00__lam0p000__nu0p50__psi0p00,0.069,borrow,32,673,0.0,11,-0.37941504,-0.370576,-0.370576,0.89244443,0.1281019,0.1281019,1.0,0.008839031,0.069,0.0,0.0,0.37941504,0.370576,-25.472002,1.9634169,0.65447235,0.18400002,0.0,0.16459033,0.0,0.0
hardzero_only__c0p58__z1p00__lam0p000__nu0p50__psi0p00,0.069,borrow,32,674,0.0,11,-0.370576,-0.36181715,-0.36181715,0.8964021,0.12693983,0.12693983,1.0,0.0087588485,0.069,0.0,0.0,0.370576,0.36181715,-26.235535,1.972124,0.6573747,0.17600001,0.0,0.18182781,0.0,0.0
hardzero_only__c0p58__z1p00__lam0p000__nu0p50__psi0p00,0.069,borrow,32,675,0.0,11,-0.36181715,-0.35303667,-0.35303667,0.8953314,0.12725319,0.12725319,1.0,0.00878047,0.069,0.0,0.0,0.36181715,0.35303667,-25.00362,1.9697684,0.6565895,0.192,0.0,0.1760344,0.0,0.0
hardzero_only__c0p58__z1p00__lam0p000__nu0p50__psi0p00,0.069,borrow,32,676,0.0,11,-0.35303667,-0.34405294,-0.34405294,0.8853926,0.13019894,0.13019894,1.0,0.008983727,0.069,0.0,0.0,0.35303667,0.34405294,-25.730986,1.9479027,0.64930093,0.25,0.0,0.16224158,0.0,0.0
hardzero_only__c0p58__z1p00__lam0p000__nu0p50__psi0p00,0.069,borrow,32,677,0.0,11,-0.34405294,-0.33568117,-0.33568117,0.9160316,0.121330045,0.121330045,1.0,0.008371773,0.069,0.0,0.0,0.34405294,0.33568117,-26.171555,2.0153098,0.67177,0.224,0.0,0.18215334,0.0,0.0
hardzero_only__c0p58__z1p00__lam0p000__nu0p50__psi0p00,0.069,borrow,32,678,0.0,11,-0.33568117,-0.32652983,-0.32652983,0.8773643,0.13262814,0.13262814,1.0,0.009151341,0.069,0.0,0.0,0.33568117,0.32652983,-26.091877,1.9302399,0.6434133,0.296,0.0,0.17710952,0.0,0.0
hardzero_only__c0p58__z1p00__lam0p000__nu0p50__psi0p00,0.069,borrow,32,679,0.0,11,-0.32652983,-0.31775466,-0.31775466,0.8955937,0.12717633,0.12717633,1.0,0.008775166,0.069,0.0,0.0,0.32652983,0.31775466,-26.002682,1.9703455,0.65678185,0.24800001,0.0,0.20130245,0.0,0.0
hardzero_only__c0p58__z1p00__lam0p000__nu0p50__psi0p00,0.069,borrow,32,680,0.0,11,-0.31775466,-0.3086869,-0.3086869,0.88135016,0.13141648,0.13141648,1.0,0.0090677375,0.069,0.0,0.0,0.31775466,0.3086869,-24.763615,1.9390091,0.6463364,0.120000005,0.0,0.14930955,0.0,0.0
hardzero_only__c0p58__z1p00__lam0p000__nu0p50__psi0p00,0.069,borrow,32,681,0.0,11,-0.3086869,-0.2995412,-0.2995412,0.8776312,0.13254665,0.13254665,1.0,0.009145718,0.069,0.0,0.0,0.3086869,0.2995412,-24.994955,1.9308271,0.64360905,0.18400002,0.0,0.16897778,0.0,0.0
hardzero_only__c0p58__z1p00__lam0p000__nu0p50__psi0p00,0.069,borrow,32,682,0.0,11,-0.2995412,-0.2897806,-0.2897806,0.8493713,0.14145838,0.14145838,1.0,0.0097606275,0.069,0.0,0.0,0.2995412,0.2897806,-25.067482,1.8686543,0.62288475,0.30400002,0.008,0.17071334,0.0,0.0
hardzero_only__c0p58__z1p00__lam0p000__nu0p50__psi0p00,0.069,borrow,32,683,0.0,11,-0.2897806,-0.28125837,-0.28125837,0.9082962,0.12351045,0.12351045,1.0,0.008522221,0.069,0.0,0.0,0.2897806,0.28125837,-26.057806,1.9982916,0.6660972,0.15200001,0.0,0.19439316,0.0,0.0
hardzero_only__c0p58__z1p00__lam0p000__nu0p50__psi0p00,0.069,borrow,32,684,0.0,11,-0.28125837,-0.27310053,-0.27310053,0.9272736,0.11822965,0.11822965,1.0,0.008157846,0.069,0.0,0.0,0.28125837,0.27310053,-26.963108,2.0400426,0.68001425,0.17600001,0.0,0.16307993,0.0,0.0
hardzero_only__c0p58__z1p00__lam0p000__nu0p50__psi0p00,0.069,borrow,32,685,0.0,11,-0.27310053,-0.2636104,-0.2636104,0.86157614,0.13753836,0.13753836,1.0,0.009490146,0.069,0.0,0.0,0.27310053,0.2636104,-24.952593,1.8955053,0.6318351,0.192,0.0,0.15840052,0.0,0.0
hardzero_only__c0p58__z1p00__lam0p000__nu0p50__psi0p00,0.069,borrow,32,686,0.0,11,-0.2636104,-0.2543905,-0.2543905,0.87412316,0.13362165,0.13362165,1.0,0.009219893,0.069,0.0,0.0,0.2636104,0.2543905,-25.113194,1.9231093,0.64103645,0.2,0.0,0.16086654,0.0,0.0
hardzero_only__c0p58__z1p00__lam0p000__nu0p50__psi0p00,0.069,borrow,32,687,0.0,11,-0.2543905,-0.24528863,-0.24528863,0.8797178,0.13191134,0.13191134,1.0,0.009101882,0.069,0.0,0.0,0.2543905,0.24528863,-24.460434,1.9354179,0.64513934,0.2,0.0,0.1646007,0.0,0.0
hardzero_only__c0p58__z1p00__lam0p000__nu0p50__psi0p00,0.069,borrow,32,688,0.0,11,-0.24528863,-0.23642448,-0.23642448,0.8912121,0.12846589,0.12846589,1.0,0.008864147,0.069,0.0,0.0,0.24528863,0.23642448,-25.761717,1.9607058,0.6535686,0.2,0.0,0.15780744,0.0,0.0
hardzero_only__c0p58__z1p00__lam0p000__nu0p50__psi0p00,0.069,borrow,32,689,0.0,11,-0.23642448,-0.22719108,-0.22719108,0.87348706,0.1338175,0.1338175,1.0,0.009233407,0.069,0.0,0.0,0.23642448,0.22719108,-25.32252,1.9217099,0.64057,0.16,0.0,0.16820954,0.0,0.0
hardzero_only__c0p58__z1p00__lam0p000__nu0p50__psi0p00,0.069,borrow,32,690,0.0,11,-0.22719108,-0.21862878,-0.21862878,0.90625894,0.124091215,0.124091215,1.0,0.008562294,0.069,0.0,0.0,0.22719108,0.21862878,-25.567694,1.9938095,0.6646032,0.16000001,0.0,0.20397693,0.0,0.0
hardzero_only__c0p58__z1p00__lam0p000__nu0p50__psi0p00,0.069,borrow,32,691,0.0,11,-0.21862878,-0.20933239,-0.20933239,0.8705352,0.13473016,0.13473016,1.0,0.009296381,0.069,0.0,0.0,0.21862878,0.20933239,-25.042105,1.9152156,0.6384052,0.24800001,0.0,0.16878082,0.0,0.0
hardzero_only__c0p58__z1p00__lam0p000__nu0p50__psi0p00,0.069,borrow,32,692,0.0,11,-0.20933239,-0.20061699,-0.20061699,0.8985614,0.12631026,0.12631026,1.0,0.008715408,0.069,0.0,0.0,0.20933239,0.20061699,-25.527662,1.9768746,0.6589582,0.23200001,0.0,0.1635683,0.0,0.0
hardzero_only__c0p58__z1p00__lam0p000__nu0p50__psi0p00,0.069,borrow,32,693,0.0,11,-0.20061699,-0.19210564,-0.19210564,0.9088508,0.12335286,0.12335286,1.0,0.008511348,0.069,0.0,0.0,0.20061699,0.19210564,-25.431583,1.9995116,0.6665039,0.16800001,0.0,0.1661647,0.0,0.0
hardzero_only__c0p58__z1p00__lam0p000__nu0p50__psi0p00,0.069,borrow,32,694,0.0,11,-0.19210564,-0.18293755,-0.18293755,0.87657046,0.13287081,0.13287081,1.0,0.009168086,0.069,0.0,0.0,0.19210564,0.18293755,-25.82813,1.9284935,0.6428312,0.24800001,0.0,0.1793861,0.0,0.0
hardzero_only__c0p58__z1p00__lam0p000__nu0p50__psi0p00,0.069,borrow,32,695,0.0,11,-0.18293755,-0.17332178,-0.17332178,0.85586554,0.1393588,0.1393588,1.0,0.0096157575,0.069,0.0,0.0,0.18293755,0.17332178,-25.964457,1.8829417,0.6276473,0.28,0.0,0.20249526,0.0,0.0
hardzero_only__c0p58__z1p00__lam0p000__nu0p50__psi0p00,0.069,borrow,32,696,0.0,11,-0.17332178,-0.16476993,-0.16476993,0.906789,0.123939864,0.123939864,1.0,0.00855185,0.069,0.0,0.0,0.17332178,0.16476993,-26.52735,1.9949757,0.6649919,0.208,0.0,0.17690761,0.0,0.0
hardzero_only__c0p58__z1p00__lam0p000__nu0p50__psi0p00,0.069,borrow,32,697,0.0,11,-0.16476993,-0.15594734,-0.15594734,0.893253,0.12786362,0.12786362,1.0,0.008822589,0.069,0.0,0.0,0.16476993,0.15594734,-25.643522,1.9651959,0.6550653,0.192,0.0,0.1705478,0.0,0.0
hardzero_only__c0p58__z1p00__lam0p000__nu0p50__psi0p00,0.069,borrow,32,698,0.0,11,-0.15594734,-0.14771567,-0.14771567,0.9233611,0.119299576,0.119299576,1.0,0.008231671,0.069,0.0,0.0,0.15594734,0.14771567,-27.06991,2.031435,0.677145,0.15200001,0.0,0.18454076,0.0,0.0
hardzero_only__c0p58__z1p00__lam0p000__nu0p50__psi0p00,0.069,borrow,32,699,0.0,11,-0.14771567,-0.13845068,-0.13845068,0.87200445,0.13427512,0.13427512,1.0,0.009264983,0.069,0.0,0.0,0.14771567,0.13845068,-25.692457,1.9184481,0.63948274,0.216,0.0,0.17706023,0.0,0.0
hardzero_only__c0p58__z1p00__lam0p000__nu0p50__psi0p00,0.069,borrow,32,700,0.0,11,-0.13845068,-0.12907267,-0.12907267,0.8667381,0.13591328,0.13591328,1.0,0.009378016,0.069,0.0,0.0,0.13845068,0.12907267,-24.597355,1.9068619,0.63562065,0.224,0.0,0.17291163,0.0,0.0
hardzero_only__c0p58__z1p00__lam0p000__nu0p50__psi0p00,0.069,borrow,32,701,0.0,11,-0.12907267,-0.11949142,-0.11949142,0.85742724,0.1388586,0.1388586,1.0,0.009581244,0.069,0.0,0.0,0.12907267,0.11949142,-24.675413,1.8863776,0.6287925,0.264,0.0,0.15968682,0.0,0.0
hardzero_only__c0p58__z1p00__lam0p000__nu0p50__psi0p00,0.069,borrow,32,702,0.0,11,-0.11949142,-0.11021749,-0.11021749,0.8715852,0.13440481,0.13440481,1.0,0.009273931,0.069,0.0,0.0,0.11949142,0.11021749,-24.854614,1.9175256,0.63917524,0.19999999,0.0,0.14708856,0.0,0.0
hardzero_only__c0p58__z1p00__lam0p000__nu0p50__psi0p00,0.069,borrow,32,703,0.0,11,-0.11021749,-0.101191446,-0.101191446,0.8833518,0.13081218,0.13081218,1.0,0.00902604,0.069,0.0,0.0,0.11021749,0.101191446,-25.611523,1.9434128,0.64780426,0.2,0.0,0.18921179,0.0,0.0
hardzero_only__c0p58__z1p00__lam0p000__nu0p50__psi0p00,0.069,borrow,32,704,0.0,11,-0.101191446,-0.092371166,-0.092371166,0.89336675,0.12783012,0.12783012,1.0,0.008820278,0.069,0.0,0.0,0.101191446,0.092371166,-26.653315,1.9654461,0.65514874,0.30400002,0.0,0.17768763,0.0,0.0
hardzero_only__c0p58__z1p00__lam0p000__nu0p50__psi0p00,0.069,borrow,32,705,0.0,11,-0.092371166,-0.08339519,-0.08339519,0.8857674,0.13008662,0.13008662,1.0,0.008975976,0.069,0.0,0.0,0.092371166,0.08339519,-25.481228,1.9487273,0.64957577,0.264,0.0,0.17358094,0.0,0.0
hardzero_only__c0p58__z1p00__lam0p000__nu0p50__psi0p00,0.069,borrow,32,706,0.0,11,-0.08339519,-0.074512094,-0.074512094,0.89028484,0.1287405,0.1287405,1.0,0.008883094,0.069,0.0,0.0,0.08339519,0.074512094,-26.050186,1.9586657,0.6528886,0.192,0.0,0.1593673,0.0,0.0
hardzero_only__c0p58__z1p00__lam0p000__nu0p50__psi0p00,0.069,borrow,32,707,0.0,11,-0.074512094,-0.065225504,-0.065225504,0.87099296,0.13458823,0.13458823,1.0,0.009286587,0.069,0.0,0.0,0.074512094,0.065225504,-25.11648,1.9162228,0.63874096,0.2,0.0,0.16253613,0.0,0.0
hardzero_only__c0p58__z1p00__lam0p000__nu0p50__psi0p00,0.069,borrow,32,708,0.0,11,-0.065225504,-0.0566088,-0.0566088,0.9035078,0.12487978,0.12487978,1.0,0.0086167045,0.069,0.0,0.0,0.065225504,0.0566088,-25.494793,1.987757,0.6625857,0.224,0.0,0.17799625,0.0,0.0
hardzero_only__c0p58__z1p00__lam0p000__nu0p50__psi0p00,0.069,borrow,32,709,0.0,11,-0.0566088,-0.04614467,-0.04614467,0.8191459,0.15165406,0.15165406,1.0,0.01046413,0.069,0.0,0.0,0.0566088,0.04614467,-24.066092,1.802157,0.60071903,0.224,0.0,0.17051592,0.0,0.0
hardzero_only__c0p58__z1p00__lam0p000__nu0p50__psi0p00,0.069,borrow,32,710,0.0,11,-0.04614467,-0.036787912,-0.036787912,0.8677235,0.13560523,0.13560523,1.0,0.00935676,0.069,0.0,0.0,0.04614467,0.036787912,-25.201994,1.9090298,0.6363433,0.192,0.0,0.16409577,0.0,0.0
hardzero_only__c0p58__z1p00__lam0p000__nu0p50__psi0p00,0.069,borrow,32,711,0.0,11,-0.036787912,-0.028545275,-0.028545275,0.92278284,0.11945851,0.11945851,1.0,0.008242637,0.069,0.0,0.0,0.036787912,0.028545275,-25.731243,2.0301628,0.676721,0.18400002,0.0,0.17542031,0.0,0.0
hardzero_only__c0p58__z1p00__lam0p000__nu0p50__psi0p00,0.069,borrow,32,712,0.0,11,-0.028545275,-0.019767478,-0.019767478,0.8954635,0.12721445,0.12721445,1.0,0.008777796,0.069,0.0,0.0,0.028545275,0.019767478,-25.226532,1.9700592,0.6566864,0.16800001,0.0,0.15967765,0.0,0.0
hardzero_only__c0p58__z1p00__lam0p000__nu0p50__psi0p00,0.069,borrow,32,713,1.0,12,-0.019767478,-0.5911579,-0.5911579,0.90386933,0.12477588,0.12477588,1.0,0.008609535,0.069,0.0,0.0,0.019767478,0.5911579,-25.220985,1.9885522,0.66285074,0.224,0.0,0.16656275,0.0,0.0
hardzero_only__c0p58__z1p00__lam0p000__nu0p50__psi0p00,0.069,borrow,32,714,0.0,12,-0.5911579,-0.58256745,-0.58256745,0.90483195,0.12449964,0.12449964,1.0,0.008590475,0.069,0.0,0.0,0.5911579,0.58256745,-25.76281,1.99067,0.6635567,0.24000001,0.0,0.18162295,0.0,0.0
hardzero_only__c0p58__z1p00__lam0p000__nu0p50__psi0p00,0.069,borrow,32,715,0.0,12,-0.58256745,-0.57273847,-0.57273847,0.84633994,0.1424492,0.1424492,1.0,0.009828995,0.069,0.0,0.0,0.58256745,0.57273847,-25.729574,1.8619851,0.62066174,0.22,0.0,0.18621452,0.0,0.0
hardzero_only__c0p58__z1p00__lam0p000__nu0p50__psi0p00,0.069,borrow,32,716,0.0,12,-0.57273847,-0.563607,-0.563607,0.8783061,0.13234083,0.13234083,1.0,0.009131517,0.069,0.0,0.0,0.57273847,0.563607,-25.46329,1.932312,0.644104,0.216,0.0,0.18676168,0.0,0.0
hardzero_only__c0p58__z1p00__lam0p000__nu0p50__psi0p00,0.069,borrow,32,717,0.0,12,-0.563607,-0.5541164,-0.5541164,0.86155784,0.13754416,0.13754416,1.0,0.009490547,0.069,0.0,0.0,0.563607,0.5541164,-25.5114,1.8954651,0.63182175,0.24000001,0.0,0.19166481,0.0,0.0
hardzero_only__c0p58__z1p00__lam0p000__nu0p50__psi0p00,0.069,borrow,32,718,0.0,12,-0.5541164,-0.5446009,-0.5446009,0.86041576,0.13790634,0.13790634,1.0,0.009515537,0.069,0.0,0.0,0.5541164,0.5446009,-25.389416,1.8929524,0.6309842,0.216,0.0,0.1977502,0.0,0.0
hardzero_only__c0p58__z1p00__lam0p000__nu0p50__psi0p00,0.069,borrow,32,719,0.0,12,-0.5446009,-0.5355218,-0.5355218,0.88080543,0.1315814,0.1315814,1.0,0.009079116,0.069,0.0,0.0,0.5446009,0.5355218,-25.71239,1.9378107,0.6459369,0.14400001,0.0,0.2054132,0.0,0.0
hardzero_only__c0p58__z1p00__lam0p000__nu0p50__psi0p00,0.069,borrow,32,720,0.0,12,-0.5355218,-0.5261057,-0.5261057,0.86497796,0.13646524,0.13646524,1.0,0.0094161015,0.069,0.0,0.0,0.5355218,0.5261057,-25.441986,1.9029895,0.63432986,0.256,0.008,0.18244386,0.0,0.0
hardzero_only__c0p58__z1p00__lam0p000__nu0p50__psi0p00,0.069,borrow,32,721,0.0,12,-0.5261057,-0.51610094,-0.51610094,0.83864176,0.14499673,0.14499673,1.0,0.010004775,0.069,0.0,0.0,0.5261057,0.51610094,-24.48797,1.8450487,0.6150162,0.33600003,0.0,0.1985104,0.0,0.0
hardzero_only__c0p58__z1p00__lam0p000__nu0p50__psi0p00,0.069,borrow,32,722,0.0,12,-0.51610094,-0.5075707,-0.5075707,0.9078878,0.12362667,0.12362667,1.0,0.0085302405,0.069,0.0,0.0,0.51610094,0.5075707,-25.939184,1.9973931,0.6657977,0.16800001,0.0,0.18654597,0.0,0.0
hardzero_only__c0p58__z1p00__lam0p000__nu0p50__psi0p00,0.069,borrow,32,723,0.0,12,-0.5075707,-0.4979998,-0.4979998,0.8578969,0.1387085,0.1387085,1.0,0.009570886,0.069,0.0,0.0,0.5075707,0.4979998,-25.109245,1.8874109,0.629137,0.15200001,0.0,0.19988346,0.0,0.0
hardzero_only__c0p58__z1p00__lam0p000__nu0p50__psi0p00,0.069,borrow,32,724,0.0,12,-0.4979998,-0.4885427,-0.4885427,0.86309165,0.13705924,0.13705924,1.0,0.009457087,0.069,0.0,0.0,0.4979998,0.4885427,-26.030127,1.8988396,0.63294655,0.224,0.0,0.2044829,0.0,0.0
hardzero_only__c0p58__z1p00__lam0p000__nu0p50__psi0p00,0.069,borrow,32,725,0.0,12,-0.4885427,-0.47979414,-0.47979414,0.8969125,0.1267907,0.1267907,1.0,0.008748558,0.069,0.0,0.0,0.4885427,0.47979414,-24.859787,1.9732469,0.657749,0.208,0.0,0.15901726,0.0,0.0
hardzero_only__c0p58__z1p00__lam0p000__nu0p50__psi0p00,0.069,borrow,32,726,0.0,12,-0.47979414,-0.46922523,-0.46922523,0.814819,0.15317257,0.15317257,1.0,0.010568907,0.069,0.0,0.0,0.47979414,0.46922523,-24.49509,1.7926376,0.59754586,0.296,0.0,0.17806585,0.0,0.0
hardzero_only__c0p58__z1p00__lam0p000__nu0p50__psi0p00,0.069,borrow,32,727,0.0,12,-0.46922523,-0.45923188,-0.45923188,0.8391387,0.14483093,0.14483093,1.0,0.009993333,0.069,0.0,0.0,0.46922523,0.45923188,-24.24418,1.8461419,0.61538064,0.16800001,0.0,0.17623958,0.0,0.0
hardzero_only__c0p58__z1p00__lam0p000__nu0p50__psi0p00,0.069,borrow,32,728,0.0,12,-0.45923188,-0.4499708,-0.4499708,0.8721874,0.13421856,0.13421856,1.0,0.00926108,0.069,0.0,0.0,0.45923188,0.4499708,-25.56396,1.9188505,0.63961685,0.22,0.0,0.20828274,0.0,0.0
hardzero_only__c0p58__z1p00__lam0p000__nu0p50__psi0p00,0.069,borrow,32,729,0.0,12,-0.4499708,-0.44136113,-0.44136113,0.90386164,0.124778084,0.124778084,1.0,0.008609688,0.069,0.0,0.0,0.4499708,0.44136113,-25.53852,1.9885353,0.66284513,0.14400001,0.0,0.17364176,0.0,0.0
hardzero_only__c0p58__z1p00__lam0p000__nu0p50__psi0p00,0.069,borrow,32,730,0.0,12,-0.44136113,-0.43114096,-0.43114096,0.8293904,0.1481186,0.1481186,1.0,0.010220183,0.069,0.0,0.0,0.44136113,0.43114096,-24.786905,1.8246953,0.6082318,0.192,0.0,0.17445564,0.0,0.0
hardzero_only__c0p58__z1p00__lam0p000__nu0p50__psi0p00,0.069,borrow,32,731,0.0,12,-0.43114096,-0.42239285,-0.42239285,0.89693487,0.12678418,0.12678418,1.0,0.008748108,0.069,0.0,0.0,0.43114096,0.42239285,-26.125141,1.973296,0.6577654,0.272,0.0,0.2045718,0.0,0.0
hardzero_only__c0p58__z1p00__lam0p000__nu0p50__psi0p00,0.069,borrow,32,732,0.0,12,-0.42239285,-0.41232693,-0.41232693,0.8359954,0.14588298,0.14588298,1.0,0.010065925,0.069,0.0,0.0,0.42239285,0.41232693,-25.017433,1.8392266,0.61307555,0.33600003,0.008,0.19633752,0.0,0.0
hardzero_only__c0p58__z1p00__lam0p000__nu0p50__psi0p00,0.069,borrow,32,733,0.0,12,-0.41232693,-0.40361828,-0.40361828,0.8988985,0.12621224,0.12621224,1.0,0.008708645,0.069,0.0,0.0,0.41232693,0.40361828,-25.503588,1.9776162,0.65920544,0.224,0.0,0.18623972,0.0,0.0
hardzero_only__c0p58__z1p00__lam0p000__nu0p50__psi0p00,0.069,borrow,32,734,0.0,12,-0.40361828,-0.39330778,-0.39330778,0.8255688,0.14942773,0.14942773,1.0,0.010310513,0.069,0.0,0.0,0.40361828,0.39330778,-24.235256,1.8162876,0.60542923,0.272,0.0,0.1770874,0.0,0.0
hardzero_only__c0p58__z1p00__lam0p000__nu0p50__psi0p00,0.069,borrow,32,735,0.0,12,-0.39330778,-0.3845203,-0.3845203,0.89498496,0.12735471,0.12735471,1.0,0.008787475,0.069,0.0,0.0,0.39330778,0.3845203,-26.023258,1.9690062,0.6563354,0.2,0.0,0.17415594,0.0,0.0
hardzero_only__c0p58__z1p00__lam0p000__nu0p50__psi0p00,0.069,borrow,32,736,0.0,12,-0.3845203,-0.37514213,-0.37514213,0.86673146,0.13591535,0.13591535,1.0,0.009378159,0.069,0.0,0.0,0.3845203,0.37514213,-24.720844,1.9068472,0.63561577,0.216,0.0,0.18223733,0.0,0.0
hardzero_only__c0p58__z1p00__lam0p000__nu0p50__psi0p00,0.069,borrow,32,737,0.0,12,-0.37514213,-0.36532056,-0.36532056,0.8466688,0.1423414,0.1423414,1.0,0.0098215565,0.069,0.0,0.0,0.37514213,0.36532056,-25.581606,1.8627086,0.6209029,0.224,0.0,0.20249507,0.0,0.0
hardzero_only__c0p58__z1p00__lam0p000__nu0p50__psi0p00,0.069,borrow,32,738,0.0,12,-0.36532056,-0.35613745,-0.35613745,0.87585866,0.13308875,0.13308875,1.0,0.009183124,0.069,0.0,0.0,0.36532056,0.35613745,-25.610998,1.9269276,0.6423092,0.28800002,0.0,0.20302534,0.0,0.0
hardzero_only__c0p58__z1p00__lam0p000__nu0p50__psi0p00,0.069,borrow,32,739,0.0,12,-0.35613745,-0.34728548,-0.34728548,0.89180845,0.12828963,0.12828963,1.0,0.008851984,0.069,0.0,0.0,0.35613745,0.34728548,-25.64929,1.9620178,0.65400594,0.16000001,0.0,0.20144135,0.0,0.0
hardzero_only__c0p58__z1p00__lam0p000__nu0p50__psi0p00,0.069,borrow,32,740,0.0,12,-0.34728548,-0.3375542,-0.3375542,0.85067874,0.14103316,0.14103316,1.0,0.009731288,0.069,0.0,0.0,0.34728548,0.3375542,-24.100378,1.8715307,0.62384355,0.272,0.0,0.18600912,0.0,0.0
hardzero_only__c0p58__z1p00__lam0p000__nu0p50__psi0p00,0.069,borrow,32,741,0.0,12,-0.3375542,-0.32834092,-0.32834092,0.874436,0.13352543,0.13352543,1.0,0.009213255,0.069,0.0,0.0,0.3375542,0.32834092,-25.4306,1.9237976,0.64126587,0.17999999,0.0,0.17222683,0.0,0.0
hardzero_only__c0p58__z1p00__lam0p000__nu0p50__psi0p00,0.069,borrow,32,742,0.0,12,-0.32834092,-0.3192755,-0.3192755,0.8814612,0.13138288,0.13138288,1.0,0.0090654185,0.069,0.0,0.0,0.32834092,0.3192755,-24.7881,1.9392533,0.6464178,0.264,0.008,0.17850806,0.0,0.0
hardzero_only__c0p58__z1p00__lam0p000__nu0p50__psi0p00,0.069,borrow,32,743,0.0,12,-0.3192755,-0.30893168,-0.30893168,0.82416815,0.14991042,0.14991042,1.0,0.010343819,0.069,0.0,0.0,0.3192755,0.30893168,-23.980846,1.8132061,0.60440207,0.208,0.0,0.1700375,0.0,0.0
hardzero_only__c0p58__z1p00__lam0p000__nu0p50__psi0p00,0.069,borrow,32,744,0.0,12,-0.30893168,-0.30036741,-0.30036741,0.9061595,0.12411962,0.12411962,1.0,0.008564253,0.069,0.0,0.0,0.30893168,0.30036741,-25.946554,1.9935907,0.6645303,0.23200001,0.0,0.20365664,0.0,0.0
hardzero_only__c0p58__z1p00__lam0p000__nu0p50__psi0p00,0.069,borrow,32,745,0.0,12,-0.30036741,-0.2912267,-0.2912267,0.8778702,0.13247374,0.13247374,1.0,0.009140688,0.069,0.0,0.0,0.30036741,0.2912267,-25.38775,1.931353,0.64378434,0.24000001,0.0,0.18596365,0.0,0.0
hardzero_only__c0p58__z1p00__lam0p000__nu0p50__psi0p00,0.069,borrow,32,746,0.0,12,-0.2912267,-0.28118226,-0.28118226,0.83692276,0.1455718,0.1455718,1.0,0.010044454,0.069,0.0,0.0,0.2912267,0.28118226,-24.828007,1.8412669,0.61375564,0.2,0.0,0.17971255,0.0,0.0
hardzero_only__c0p58__z1p00__lam0p000__nu0p50__psi0p00,0.069,borrow,32,747,0.0,12,-0.28118226,-0.27187225,-0.27187225,0.86989874,0.13492773,0.13492773,1.0,0.009310014,0.069,0.0,0.0,0.28118226,0.27187225,-26.10839,1.9138155,0.6379385,0.216,0.0,0.21356906,0.0,0.0
hardzero_only__c0p58__z1p00__lam0p000__nu0p50__psi0p00,0.069,borrow,32,748,0.0,12,-0.27187225,-0.26276463,-0.26276463,0.8794437,0.13199465,0.13199465,1.0,0.009107631,0.069,0.0,0.0,0.27187225,0.26276463,-25.358097,1.9348148,0.6449383,0.192,0.0,0.19505914,0.0,0.0
hardzero_only__c0p58__z1p00__lam0p000__nu0p50__psi0p00,0.069,borrow,32,749,0.0,12,-0.26276463,-0.2538462,-0.2538462,0.8885602,0.12925275,0.12925275,1.0,0.008918439,0.069,0.0,0.0,0.26276463,0.2538462,-24.66857,1.9548714,0.65162385,0.192,0.0,0.18164513,0.0,0.0
hardzero_only__c0p58__z1p00__lam0p000__nu0p50__psi0p00,0.069,borrow,32,750,0.0,12,-0.2538462,-0.24469881,-0.24469881,0.8775519,0.13257086,0.13257086,1.0,0.009147389,0.069,0.0,0.0,0.2538462,0.24469881,-25.275658,1.9306527,0.64355093,0.18400002,0.0,0.1733948,0.0,0.0
hardzero_only__c0p58__z1p00__lam0p000__nu0p50__psi0p00,0.069,borrow,32,751,0.0,12,-0.24469881,-0.23506558,-0.23506558,0.85507697,0.13961208,0.13961208,1.0,0.009633233,0.069,0.0,0.0,0.24469881,0.23506558,-25.24754,1.8812069,0.627069,0.24000001,0.0,0.18213485,0.0,0.0
hardzero_only__c0p58__z1p00__lam0p000__nu0p50__psi0p00,0.069,borrow,32,752,0.0,12,-0.23506558,-0.22642747,-0.22642747,0.9024301,0.12519008,0.12519008,1.0,0.008638116,0.069,0.0,0.0,0.23506558,0.22642747,-25.39867,1.9853859,0.6617953,0.192,0.0,0.18272087,0.0,0.0
hardzero_only__c0p58__z1p00__lam0p000__nu0p50__psi0p00,0.069,borrow,32,753,0.0,12,-0.22642747,-0.21723042,-0.21723042,0.875201,0.13329045,0.13329045,1.0,0.009197041,0.069,0.0,0.0,0.22642747,0.21723042,-25.92065,1.9254806,0.64182687,0.24800001,0.0,0.21862875,0.0,0.0
hardzero_only__c0p58__z1p00__lam0p000__nu0p50__psi0p00,0.069,borrow,32,754,0.0,12,-0.21723042,-0.20762157,-0.20762157,0.85617733,0.13925879,0.13925879,1.0,0.009608856,0.069,0.0,0.0,0.21723042,0.20762157,-24.194828,1.8836278,0.6278759,0.26,0.0,0.15238059,0.0,0.0
hardzero_only__c0p58__z1p00__lam0p000__nu0p50__psi0p00,0.069,borrow,32,755,0.0,12,-0.20762157,-0.19794431,-0.19794431,0.8530963,0.14025027,0.14025027,1.0,0.009677268,0.069,0.0,0.0,0.20762157,0.19794431,-24.665854,1.8768493,0.62561643,0.24000001,0.0,0.19229823,0.0,0.0
hardzero_only__c0p58__z1p00__lam0p000__nu0p50__psi0p00,0.069,borrow,32,756,0.0,12,-0.19794431,-0.18891095,-0.18891095,0.8829997,0.1309183,0.1309183,1.0,0.009033362,0.069,0.0,0.0,0.19794431,0.18891095,-24.980644,1.9426382,0.64754605,0.24000001,0.0,0.19537519,0.0,0.0
hardzero_only__c0p58__z1p00__lam0p000__nu0p50__psi0p00,0.069,borrow,32,757,0.0,12,-0.18891095,-0.1795117,-0.1795117,0.8657562,0.13622092,0.13622092,1.0,0.009399243,0.069,0.0,0.0,0.18891095,0.1795117,-25.0889,1.9047017,0.63490057,0.14400001,0.0,0.20103976,0.0,0.0
hardzero_only__c0p58__z1p00__lam0p000__nu0p50__psi0p00,0.069,borrow,32,758,0.0,12,-0.1795117,-0.17015533,-0.17015533,0.86774176,0.13559954,0.13559954,1.0,0.009356368,0.069,0.0,0.0,0.1795117,0.17015533,-25.639711,1.90907,0.6363567,0.136,0.0,0.19114459,0.0,0.0
hardzero_only__c0p58__z1p00__lam0p000__nu0p50__psi0p00,0.069,borrow,32,759,0.0,12,-0.17015533,-0.1599079,-0.1599079,0.82823443,0.14851336,0.14851336,1.0,0.010247421,0.069,0.0,0.0,0.17015533,0.1599079,-24.440536,1.8221521,0.6073841,0.23200001,0.0,0.17957331,0.0,0.0
hardzero_only__c0p58__z1p00__lam0p000__nu0p50__psi0p00,0.069,borrow,32,760,0.0,12,-0.1599079,-0.15182313,-0.15182313,0.9311812,0.11717063,0.11717063,1.0,0.008084773,0.069,0.0,0.0,0.1599079,0.15182313,-26.002438,2.0486395,0.68287987,0.14400001,0.0,0.16748795,0.0,0.0
hardzero_only__c0p58__z1p00__lam0p000__nu0p50__psi0p00,0.069,borrow,32,761,0.0,12,-0.15182313,-0.14255702,-0.14255702,0.8719519,0.13429138,0.13429138,1.0,0.0092661055,0.069,0.0,0.0,0.15182313,0.14255702,-25.241768,1.9183325,0.6394442,0.24800001,0.008,0.20223418,0.0,0.0
hardzero_only__c0p58__z1p00__lam0p000__nu0p50__psi0p00,0.069,borrow,32,762,0.0,12,-0.14255702,-0.1331789,-0.1331789,0.86673313,0.13591483,0.13591483,1.0,0.009378123,0.069,0.0,0.0,0.14255702,0.1331789,-25.309954,1.9068509,0.635617,0.24000001,0.0,0.17027329,0.0,0.0
hardzero_only__c0p58__z1p00__lam0p000__nu0p50__psi0p00,0.069,borrow,32,763,0.0,12,-0.1331789,-0.12409304,-0.12409304,0.8804829,0.13167916,0.13167916,1.0,0.009085862,0.069,0.0,0.0,0.1331789,0.12409304,-25.806957,1.9371011,0.6457004,0.23200001,0.0,0.17968714,0.0,0.0
hardzero_only__c0p58__z1p00__lam0p000__nu0p50__psi0p00,0.069,borrow,32,764,0.0,12,-0.12409304,-0.113715686,-0.113715686,0.82276255,0.1503964,0.1503964,1.0,0.010377352,0.069,0.0,0.0,0.12409304,0.113715686,-23.948612,1.8101138,0.60337126,0.30400002,0.0,0.18420665,0.0,0.0
hardzero_only__c0p58__z1p00__lam0p000__nu0p50__psi0p00,0.069,borrow,32,765,0.0,12,-0.113715686,-0.1047483,-0.1047483,0.8861833,0.12996209,0.12996209,1.0,0.008967384,0.069,0.0,0.0,0.113715686,0.1047483,-25.350473,1.9496423,0.64988077,0.208,0.0,0.18707563,0.0,0.0
hardzero_only__c0p58__z1p00__lam0p000__nu0p50__psi0p00,0.069,borrow,32,766,0.0,12,-0.1047483,-0.09429347,-0.09429347,0.81953204,0.1515193,0.1515193,1.0,0.010454832,0.069,0.0,0.0,0.1047483,0.09429347,-24.935297,1.8030065,0.6010022,0.24800001,0.0,0.18532637,0.0,0.0
hardzero_only__c0p58__z1p00__lam0p000__nu0p50__psi0p00,0.069,borrow,32,767,0.0,12,-0.09429347,-0.083714314,-0.083714314,0.8143983,0.15332103,0.15332103,1.0,0.010579151,0.069,0.0,0.0,0.09429347,0.083714314,-23.549805,1.791712,0.59723735,0.25,0.0,0.15104355,0.0,0.0
hardzero_only__c0p58__z1p00__lam0p000__nu0p50__psi0p00,0.069,borrow,32,768,0.0,12,-0.083714314,-0.07378186,-0.07378186,0.84179246,0.14394861,0.14394861,1.0,0.009932454,0.069,0.0,0.0,0.083714314,0.07378186,-25.160006,1.8519804,0.61732686,0.296,0.008,0.20479244,0.0,0.0
hardzero_only__c0p58__z1p00__lam0p000__nu0p50__psi0p00,0.069,borrow,32,769,0.0,12,-0.07378186,-0.06431136,-0.06431136,0.86247605,0.13725366,0.13725366,1.0,0.009470502,0.069,0.0,0.0,0.07378186,0.06431136,-25.04421,1.8974853,0.6324951,0.28800002,0.0,0.19316933,0.0,0.0
hardzero_only__c0p58__z1p00__lam0p000__nu0p50__psi0p00,0.069,borrow,32,770,0.0,12,-0.06431136,-0.05521933,-0.05521933,0.8801881,0.13176857,0.13176857,1.0,0.009092031,0.069,0.0,0.0,0.06431136,0.05521933,-25.760693,1.9364525,0.6454842,0.272,0.0,0.19346844,0.0,0.0
hardzero_only__c0p58__z1p00__lam0p000__nu0p50__psi0p00,0.069,borrow,32,771,0.0,12,-0.05521933,-0.045453276,-0.045453276,0.8491299,0.14153703,0.14153703,1.0,0.009766054,0.069,0.0,0.0,0.05521933,0.045453276,-25.000889,1.868123,0.6227077,0.216,0.0,0.1715395,0.0,0.0
hardzero_only__c0p58__z1p00__lam0p000__nu0p50__psi0p00,0.069,borrow,32,772,0.0,12,-0.045453276,-0.03636502,-0.03636502,0.88036865,0.13171384,0.13171384,1.0,0.0090882545,0.069,0.0,0.0,0.045453276,0.03636502,-24.523525,1.9368497,0.6456166,0.16800001,0.0,0.18430214,0.0,0.0
hardzero_only__c0p58__z1p00__lam0p000__nu0p50__psi0p00,0.069,borrow,32,773,0.0,12,-0.03636502,-0.027108528,-0.027108528,0.8724026,0.13415207,0.13415207,1.0,0.009256492,0.069,0.0,0.0,0.03636502,0.027108528,-25.090424,1.919324,0.6397747,0.208,0.0,0.19815452,0.0,0.0
hardzero_only__c0p58__z1p00__lam0p000__nu0p50__psi0p00,0.069,borrow,32,774,0.0,12,-0.027108528,-0.018505856,-0.018505856,0.90421575,0.124676414,0.124676414,1.0,0.008602672,0.069,0.0,0.0,0.027108528,0.018505856,-25.514872,1.9893143,0.6631048,0.16800001,0.0,0.18746273,0.0,0.0
hardzero_only__c0p58__z1p00__lam0p000__nu0p50__psi0p00,0.069,borrow,32,775,1.0,13,-0.018505856,-0.5892109,-0.5892109,0.8706033,0.13470903,0.13470903,1.0,0.009294922,0.069,0.0,0.0,0.018505856,0.5892109,-25.415266,1.9153656,0.6384552,0.18400002,0.0,0.18577412,0.0,0.0
hardzero_only__c0p58__z1p00__lam0p000__nu0p50__psi0p00,0.069,borrow,32,776,0.0,13,-0.5892109,-0.57957184,-0.57957184,0.854813,0.13969699,0.13969699,1.0,0.009639092,0.069,0.0,0.0,0.5892109,0.57957184,-25.102829,1.8806261,0.6268754,0.17600001,0.0,0.20457752,0.0,0.0
hardzero_only__c0p58__z1p00__lam0p000__nu0p50__psi0p00,0.069,borrow,32,777,0.0,13,-0.57957184,-0.56966066,-0.56966066,0.84272385,0.14364025,0.14364025,1.0,0.009911177,0.069,0.0,0.0,0.57957184,0.56966066,-24.524727,1.8540294,0.6180098,0.32000002,0.0,0.19762503,0.0,0.0
hardzero_only__c0p58__z1p00__lam0p000__nu0p50__psi0p00,0.069,borrow,32,778,0.0,13,-0.56966066,-0.560265,-0.560265,0.86592215,0.13616888,0.13616888,1.0,0.009395652,0.069,0.0,0.0,0.56966066,0.560265,-25.72264,1.9050667,0.6350223,0.272,0.0,0.21092741,0.0,0.0
hardzero_only__c0p58__z1p00__lam0p000__nu0p50__psi0p00,0.069,borrow,32,779,0.0,13,-0.560265,-0.549863,-0.549863,0.8217309,0.15075408,0.15075408,1.0,0.010402031,0.069,0.0,0.0,0.560265,0.549863,-24.798428,1.807844,0.6026147,0.224,0.0,0.20642391,0.0,0.0
hardzero_only__c0p58__z1p00__lam0p000__nu0p50__psi0p00,0.069,borrow,32,780,0.0,13,-0.549863,-0.5399373,-0.5399373,0.84208876,0.14385046,0.14385046,1.0,0.009925681,0.069,0.0,0.0,0.549863,0.5399373,-25.621435,1.8526323,0.6175441,0.29,0.0,0.19989,0.0,0.0
hardzero_only__c0p58__z1p00__lam0p000__nu0p50__psi0p00,0.069,borrow,32,781,0.0,13,-0.5399373,-0.5300442,-0.5300442,0.84351504,0.14337881,0.14337881,1.0,0.009893138,0.069,0.0,0.0,0.5399373,0.5300442,-25.080462,1.8557701,0.61859006,0.208,0.0,0.21853814,0.0,0.0
hardzero_only__c0p58__z1p00__lam0p000__nu0p50__psi0p00,0.069,borrow,32,782,0.0,13,-0.5300442,-0.5199881,-0.5199881,0.8364193,0.14574066,0.14574066,1.0,0.010056105,0.069,0.0,0.0,0.5300442,0.5199881,-25.183912,1.8401592,0.6133864,0.28,0.0,0.23266079,0.0,0.0
hardzero_only__c0p58__z1p00__lam0p000__nu0p50__psi0p00,0.069,borrow,32,783,0.0,13,-0.5199881,-0.5100507,-0.5100507,0.84157723,0.14401998,0.14401998,1.0,0.009937379,0.069,0.0,0.0,0.5199881,0.5100507,-24.101997,1.8515068,0.61716896,0.17600001,0.0,0.20579651,0.0,0.0
hardzero_only__c0p58__z1p00__lam0p000__nu0p50__psi0p00,0.069,borrow,32,784,0.0,13,-0.5100507,-0.49971864,-0.49971864,0.82466143,0.14974025,0.14974025,1.0,0.010332077,0.069,0.0,0.0,0.5100507,0.49971864,-23.665127,1.8142914,0.6047638,0.208,0.008,0.18003568,0.0,0.0
hardzero_only__c0p58__z1p00__lam0p000__nu0p50__psi0p00,0.069,borrow,32,785,0.0,13,-0.49971864,-0.49014127,-0.49014127,0.8576033,0.1388023,0.1388023,1.0,0.009577359,0.069,0.0,0.0,0.49971864,0.49014127,-25.097542,1.886765,0.6289217,0.216,0.0,0.22320506,0.0,0.0
hardzero_only__c0p58__z1p00__lam0p000__nu0p50__psi0p00,0.069,borrow,32,786,0.0,13,-0.49014127,-0.47959733,-0.47959733,0.8158463,0.15281065,0.15281065,1.0,0.010543934,0.069,0.0,0.0,0.49014127,0.47959733,-24.265194,1.7948978,0.59829926,0.18400002,0.0,0.24245617,0.0,0.0
hardzero_only__c0p58__z1p00__lam0p000__nu0p50__psi0p00,0.069,borrow,32,787,0.0,13,-0.47959733,-0.47015712,-0.47015712,0.86386687,0.1368148,0.1368148,1.0,0.009440221,0.069,0.0,0.0,0.47959733,0.47015712,-25.6519,1.900545,0.633515,0.23200001,0.0,0.21957742,0.0,0.0
hardzero_only__c0p58__z1p00__lam0p000__nu0p50__psi0p00,0.069,borrow,32,788,0.0,13,-0.47015712,-0.45923597,-0.45923597,0.8005806,0.15827757,0.15827757,1.0,0.010921152,0.069,0.0,0.0,0.47015712,0.45923597,-24.513653,1.7613125,0.5871042,0.28800002,0.0,0.21014667,0.0,0.0
hardzero_only__c0p58__z1p00__lam0p000__nu0p50__psi0p00,0.069,borrow,32,789,0.0,13,-0.45923597,-0.44908908,-0.44908908,0.8325167,0.1470562,0.1470562,1.0,0.010146878,0.069,0.0,0.0,0.45923597,0.44908908,-25.245888,1.8315732,0.6105244,0.2,0.008,0.24421881,0.0,0.0
hardzero_only__c0p58__z1p00__lam0p000__nu0p50__psi0p00,0.069,borrow,32,790,0.0,13,-0.44908908,-0.43872046,-0.43872046,0.82312834,0.15026979,0.15026979,1.0,0.010368615,0.069,0.0,0.0,0.44908908,0.43872046,-24.713787,1.8109186,0.60363954,0.24800001,0.0,0.2334781,0.0,0.0
hardzero_only__c0p58__z1p00__lam0p000__nu0p50__psi0p00,0.069,borrow,32,791,0.0,13,-0.43872046,-0.42803386,-0.42803386,0.81000906,0.15487842,0.15487842,1.0,0.010686611,0.069,0.0,0.0,0.43872046,0.42803386,-23.837828,1.7820555,0.5940185,0.28800002,0.0,0.17749768,0.0,0.0
hardzero_only__c0p58__z1p00__lam0p000__nu0p50__psi0p00,0.069,borrow,32,792,0.0,13,-0.42803386,-0.41805893,-0.41805893,0.8399387,0.14456438,0.14456438,1.0,0.009974942,0.069,0.0,0.0,0.42803386,0.41805893,-24.232595,1.847902,0.6159674,0.23200001,0.0,0.19792435,0.0,0.0
hardzero_only__c0p58__z1p00__lam0p000__nu0p50__psi0p00,0.069,borrow,32,793,0.0,13,-0.41805893,-0.40821618,-0.40821618,0.8457321,0.14264871,0.14264871,1.0,0.009842761,0.069,0.0,0.0,0.41805893,0.40821618,-25.538706,1.8606478,0.62021595,0.24,0.0,0.18497233,0.0,0.0
hardzero_only__c0p58__z1p00__lam0p000__nu0p50__psi0p00,0.069,borrow,32,794,0.0,13,-0.40821618,-0.39830798,-0.39830798,0.8428541,0.14359717,0.14359717,1.0,0.009908205,0.069,0.0,0.0,0.40821618,0.39830798,-24.48884,1.854316,0.61810535,0.24000001,0.0,0.19681558,0.0,0.0
hardzero_only__c0p58__z1p00__lam0p000__nu0p50__psi0p00,0.069,borrow,32,795,0.0,13,-0.39830798,-0.3873494,-0.3873494,0.7990942,0.15882023,0.15882023,1.0,0.010958595,0.069,0.0,0.0,0.39830798,0.3873494,-24.265572,1.7580423,0.58601415,0.224,0.0,0.21880418,0.0,0.0
hardzero_only__c0p58__z1p00__lam0p000__nu0p50__psi0p00,0.069,borrow,32,796,0.0,13,-0.3873494,-0.37815654,-0.37815654,0.8753984,0.13322987,0.13322987,1.0,0.009192861,0.069,0.0,0.0,0.3873494,0.37815654,-25.796843,1.9259149,0.64197165,0.208,0.0,0.23440471,0.0,0.0
hardzero_only__c0p58__z1p00__lam0p000__nu0p50__psi0p00,0.069,borrow,32,797,0.0,13,-0.37815654,-0.36813074,-0.36813074,0.8377303,0.14530137,0.14530137,1.0,0.010025795,0.069,0.0,0.0,0.37815654,0.36813074,-25.13203,1.8430434,0.6143478,0.23200001,0.008,0.22540922,0.0,0.0
hardzero_only__c0p58__z1p00__lam0p000__nu0p50__psi0p00,0.069,borrow,32,798,0.0,13,-0.36813074,-0.3574389,-0.3574389,0.80979604,0.15495442,0.15495442,1.0,0.010691854,0.069,0.0,0.0,0.36813074,0.3574389,-24.136314,1.7815869,0.5938623,0.264,0.008,0.20677908,0.0,0.0
hardzero_only__c0p58__z1p00__lam0p000__nu0p50__psi0p00,0.069,borrow,32,799,0.0,13,-0.3574389,-0.34778485,-0.34778485,0.85413915,0.1399139,0.1399139,1.0,0.009654059,0.069,0.0,0.0,0.3574389,0.34778485,-24.833454,1.8791437,0.6263813,0.24800001,0.0,0.21864142,0.0,0.0
hardzero_only__c0p58__z1p00__lam0p000__nu0p50__psi0p00,0.069,borrow,32,800,0.0,13,-0.34778485,-0.33775008,-0.33775008,0.8373416,0.14543146,0.14543146,1.0,0.010034771,0.069,0.0,0.0,0.34778485,0.33775008,-24.321821,1.8421884,0.6140628,0.30400002,0.0,0.21444169,0.0,0.0
hardzero_only__c0p58__z1p00__lam0p000__nu0p50__psi0p00,0.069,borrow,32,801,0.0,13,-0.33775008,-0.3279285,-0.3279285,0.84666806,0.14234163,0.14234163,1.0,0.009821572,0.069,0.0,0.0,0.33775008,0.3279285,-24.446053,1.8627069,0.6209023,0.24800001,0.0,0.21176182,0.0,0.0
hardzero_only__c0p58__z1p00__lam0p000__nu0p50__psi0p00,0.069,borrow,32,802,0.0,13,-0.3279285,-0.31775635,-0.31775635,0.83143526,0.1474228,0.1474228,1.0,0.010172173,0.069,0.0,0.0,0.3279285,0.31775635,-25.816769,1.8291941,0.6097314,0.2,0.008,0.20972367,0.0,0.0
hardzero_only__c0p58__z1p00__lam0p000__nu0p50__psi0p00,0.069,borrow,32,803,0.0,13,-0.31775635,-0.30781505,-0.30781505,0.8414056,0.14407693,0.14407693,1.0,0.009941308,0.069,0.0,0.0,0.31775635,0.30781505,-25.404623,1.8511292,0.6170431,0.28,0.0,0.21397446,0.0,0.0
hardzero_only__c0p58__z1p00__lam0p000__nu0p50__psi0p00,0.069,borrow,32,804,0.0,13,-0.30781505,-0.29686537,-0.29686537,0.7994485,0.15869069,0.15869069,1.0,0.010949657,0.069,0.0,0.0,0.30781505,0.29686537,-24.22818,1.7588218,0.58627397,0.23200001,0.0,0.2053801,0.0,0.0
hardzero_only__c0p58__z1p00__lam0p000__nu0p50__psi0p00,0.069,borrow,32,805,0.0,13,-0.29686537,-0.28681847,-0.28681847,0.8368173,0.14560713,0.14560713,1.0,0.010046892,0.069,0.0,0.0,0.29686537,0.28681847,-24.83018,1.8410349,0.61367834,0.18400002,0.0,0.19848375,0.0,0.0
hardzero_only__c0p58__z1p00__lam0p000__nu0p50__psi0p00,0.069,borrow,32,806,0.0,13,-0.28681847,-0.27611208,-0.27611208,0.80920595,0.15516509,0.15516509,1.0,0.010706391,0.069,0.0,0.0,0.28681847,0.27611208,-24.388842,1.7802887,0.59342957,0.25,0.0,0.19511834,0.0,0.0
hardzero_only__c0p58__z1p00__lam0p000__nu0p50__psi0p00,0.069,borrow,32,807,0.0,13,-0.27611208,-0.2661796,-0.2661796,0.8417907,0.14394923,0.14394923,1.0,0.009932497,0.069,0.0,0.0,0.27611208,0.2661796,-24.321348,1.8519765,0.61732554,0.18400002,0.0,0.2206288,0.0,0.0
hardzero_only__c0p58__z1p00__lam0p000__nu0p50__psi0p00,0.069,borrow,32,808,0.0,13,-0.2661796,-0.25660628,-0.25660628,0.8577871,0.1387436,0.1387436,1.0,0.009573308,0.069,0.0,0.0,0.2661796,0.25660628,-25.069923,1.8871692,0.62905645,0.256,0.016,0.23380001,0.0,0.0
hardzero_only__c0p58__z1p00__lam0p000__nu0p50__psi0p00,0.069,borrow,32,809,0.0,13,-0.25660628,-0.2462045,-0.2462045,0.8217409,0.1507506,0.1507506,1.0,0.010401792,0.069,0.0,0.0,0.25660628,0.2462045,-24.965837,1.8078661,0.60262203,0.30400002,0.008,0.2066046,0.0,0.0
hardzero_only__c0p58__z1p00__lam0p000__nu0p50__psi0p00,0.069,borrow,32,810,0.0,13,-0.2462045,-0.23579808,-0.23579808,0.8215478,0.15081765,0.15081765,1.0,0.010406418,0.069,0.0,0.0,0.2462045,0.23579808,-24.147366,1.8074412,0.6024804,0.256,0.0,0.21112981,0.0,0.0
hardzero_only__c0p58__z1p00__lam0p000__nu0p50__psi0p00,0.069,borrow,32,811,0.0,13,-0.23579808,-0.22592172,-0.22592172,0.8442521,0.14313567,0.14313567,1.0,0.009876361,0.069,0.0,0.0,0.23579808,0.22592172,-25.271435,1.8573917,0.6191306,0.28,0.0,0.22714168,0.0,0.0
hardzero_only__c0p58__z1p00__lam0p000__nu0p50__psi0p00,0.069,borrow,32,812,0.0,13,-0.22592172,-0.2159632,-0.2159632,0.8406542,0.14432639,0.14432639,1.0,0.0099585205,0.069,0.0,0.0,0.22592172,0.2159632,-25.320032,1.8494762,0.6164921,0.24800001,0.0,0.23347534,0.0,0.0
hardzero_only__c0p58__z1p00__lam0p000__nu0p50__psi0p00,0.069,borrow,32,813,0.0,13,-0.2159632,-0.20632315,-0.20632315,0.85476965,0.13971092,0.13971092,1.0,0.009640053,0.069,0.0,0.0,0.2159632,0.20632315,-24.611359,1.8805307,0.6268436,0.272,0.0,0.2038513,0.0,0.0
hardzero_only__c0p58__z1p00__lam0p000__nu0p50__psi0p00,0.069,borrow,32,814,0.0,13,-0.20632315,-0.19629657,-0.19629657,0.8376967,0.1453126,0.1453126,1.0,0.0100265695,0.069,0.0,0.0,0.20632315,0.19629657,-24.248781,1.8429694,0.61432314,0.24000001,0.0,0.21433513,0.0,0.0
hardzero_only__c0p58__z1p00__lam0p000__nu0p50__psi0p00,0.069,borrow,32,815,0.0,13,-0.19629657,-0.18601838,-0.18601838,0.82693243,0.14895928,0.14895928,1.0,0.01027819,0.069,0.0,0.0,0.19629657,0.18601838,-24.72104,1.8192877,0.6064292,0.17600001,0.0,0.20838165,0.0,0.0
hardzero_only__c0p58__z1p00__lam0p000__nu0p50__psi0p00,0.069,borrow,32,816,0.0,13,-0.18601838,-0.17613879,-0.17613879,0.84411037,0.1431824,0.1431824,1.0,0.009879585,0.069,0.0,0.0,0.18601838,0.17613879,-25.462502,1.8570799,0.61902666,0.16800001,0.0,0.2328806,0.0,0.0
hardzero_only__c0p58__z1p00__lam0p000__nu0p50__psi0p00,0.069,borrow,32,817,0.0,13,-0.17613879,-0.16646826,-0.16646826,0.85339904,0.14015254,0.14015254,1.0,0.009670525,0.069,0.0,0.0,0.17613879,0.16646826,-26.045961,1.8775153,0.62583846,0.272,0.0,0.24800767,0.0,0.0
hardzero_only__c0p58__z1p00__lam0p000__nu0p50__psi0p00,0.069,borrow,32,818,0.0,13,-0.16646826,-0.15733147,-0.15733147,0.87805533,0.13241728,0.13241728,1.0,0.009136792,0.069,0.0,0.0,0.16646826,0.15733147,-25.570454,1.9317603,0.6439201,0.23200001,0.0,0.21887462,0.0,0.0
hardzero_only__c0p58__z1p00__lam0p000__nu0p50__psi0p00,0.069,borrow,32,819,0.0,13,-0.15733147,-0.14785832,-0.14785832,0.8623545,0.13729207,0.13729207,1.0,0.009473152,0.069,0.0,0.0,0.15733147,0.14785832,-25.021597,1.8972179,0.632406,0.19999999,0.0,0.21256785,0.0,0.0
hardzero_only__c0p58__z1p00__lam0p000__nu0p50__psi0p00,0.069,borrow,32,820,0.0,13,-0.14785832,-0.13863437,-0.13863437,0.8739318,0.13368054,0.13368054,1.0,0.009223957,0.069,0.0,0.0,0.14785832,0.13863437,-24.997429,1.9226884,0.64089614,0.24000001,0.008,0.22749367,0.0,0.0
hardzero_only__c0p58__z1p00__lam0p000__nu0p50__psi0p00,0.069,borrow,32,821,0.0,13,-0.13863437,-0.12846918,-0.12846918,0.8317336,0.1473216,0.1473216,1.0,0.01016519,0.069,0.0,0.0,0.13863437,0.12846918,-24.402372,1.8298504,0.6099502,0.224,0.0,0.2040549,0.0,0.0
hardzero_only__c0p58__z1p00__lam0p000__nu0p50__psi0p00,0.069,borrow,32,822,0.0,13,-0.12846918,-0.11856674,-0.11856674,0.8431064,0.14351378,0.14351378,1.0,0.009902451,0.069,0.0,0.0,0.12846918,0.11856674,-24.521002,1.8548712,0.6182904,0.192,0.0,0.23248647,0.0,0.0
hardzero_only__c0p58__z1p00__lam0p000__nu0p50__psi0p00,0.069,borrow,32,823,0.0,13,-0.11856674,-0.10836865,-0.10836865,0.83033043,0.14779834,0.14779834,1.0,0.010198086,0.069,0.0,0.0,0.11856674,0.10836865,-24.725159,1.8267634,0.6089212,0.272,0.0,0.22312592,0.0,0.0
hardzero_only__c0p58__z1p00__lam0p000__nu0p50__psi0p00,0.069,borrow,32,824,0.0,13,-0.10836865,-0.09829698,-0.09829698,0.8357475,0.14596626,0.14596626,1.0,0.010071672,0.069,0.0,0.0,0.10836865,0.09829698,-24.913887,1.8386812,0.61289376,0.192,0.0,0.2252566,0.0,0.0
hardzero_only__c0p58__z1p00__lam0p000__nu0p50__psi0p00,0.069,borrow,32,825,0.0,13,-0.09829698,-0.088556685,-0.088556685,0.8502772,0.14116363,0.14116363,1.0,0.00974029,0.069,0.0,0.0,0.09829698,0.088556685,-25.698053,1.8706472,0.6235491,0.296,0.008,0.22490601,0.0,0.0
hardzero_only__c0p58__z1p00__lam0p000__nu0p50__psi0p00,0.069,borrow,32,826,0.0,13,-0.088556685,-0.078811646,-0.078811646,0.85006535,0.14123249,0.14123249,1.0,0.009745042,0.069,0.0,0.0,0.088556685,0.078811646,-24.914377,1.8701811,0.6233937,0.23200001,0.0,0.20873871,0.0,0.0
hardzero_only__c0p58__z1p00__lam0p000__nu0p50__psi0p00,0.069,borrow,32,827,0.0,13,-0.078811646,-0.069614716,-0.069614716,0.8752061,0.13328888,0.13328888,1.0,0.009196932,0.069,0.0,0.0,0.078811646,0.069614716,-25.944923,1.9254919,0.6418307,0.256,0.0,0.22496982,0.0,0.0
hardzero_only__c0p58__z1p00__lam0p000__nu0p50__psi0p00,0.069,borrow,32,828,0.0,13,-0.069614716,-0.061211795,-0.061211795,0.91441876,0.12178148,0.12178148,1.0,0.008402922,0.069,0.0,0.0,0.069614716,0.061211795,-26.065666,2.0117614,0.6705872,0.256,0.0,0.22962901,0.0,0.0
hardzero_only__c0p58__z1p00__lam0p000__nu0p50__psi0p00,0.069,borrow,32,829,0.0,13,-0.061211795,-0.051139567,-0.051139567,0.8357236,0.14597431,0.14597431,1.0,0.010072227,0.069,0.0,0.0,0.061211795,0.051139567,-24.612978,1.8386285,0.6128762,0.264,0.0,0.21159528,0.0,0.0
hardzero_only__c0p58__z1p00__lam0p000__nu0p50__psi0p00,0.069,borrow,32,830,0.0,13,-0.051139567,-0.04112394,-0.04112394,0.838171,0.14515398,0.14515398,1.0,0.010015625,0.069,0.0,0.0,0.051139567,0.04112394,-24.385185,1.844013,0.614671,0.224,0.0,0.23879965,0.0,0.0
hardzero_only__c0p58__z1p00__lam0p000__nu0p50__psi0p00,0.069,borrow,32,831,0.0,13,-0.04112394,-0.030341547,-0.030341547,0.80613387,0.15626658,0.15626658,1.0,0.010782395,0.069,0.0,0.0,0.04112394,0.030341547,-24.306438,1.7735299,0.5911766,0.24800001,0.0,0.22581986,0.0,0.0
hardzero_only__c0p58__z1p00__lam0p000__nu0p50__psi0p00,0.069,borrow,32,832,0.0,13,-0.030341547,-0.020659782,-0.020659782,0.85289454,0.14031543,0.14031543,1.0,0.009681764,0.069,0.0,0.0,0.030341547,0.020659782,-24.011616,1.8764055,0.6254685,0.29999998,0.0,0.18112354,0.0,0.0
hardzero_only__c0p58__z1p00__lam0p000__nu0p50__psi0p00,0.069,borrow,32,833,0.0,13,-0.020659782,-0.01052062,-0.01052062,0.832847,0.14694437,0.14694437,1.0,0.010139162,0.069,0.0,0.0,0.020659782,0.01052062,-24.589834,1.8323,0.61076665,0.344,0.0,0.20974608,0.0,0.0
hardzero_only__c0p58__z1p00__lam0p000__nu0p50__psi0p00,0.069,borrow,32,834,1.0,14,-0.01052062,-0.5809818,-0.5809818,0.859354,0.1382439,0.1382439,1.0,0.009538828,0.069,0.0,0.0,0.01052062,0.5809818,-25.665485,1.8906165,0.6302055,0.28,0.0,0.22238602,0.0,0.0
hardzero_only__c0p58__z1p00__lam0p000__nu0p50__psi0p00,0.069,borrow,32,835,0.0,14,-0.5809818,-0.5705024,-0.5705024,0.81851304,0.15187524,0.15187524,1.0,0.010479392,0.069,0.0,0.0,0.5809818,0.5705024,-25.33906,1.8007647,0.6002549,0.224,0.0,0.25219718,0.0,0.0
hardzero_only__c0p58__z1p00__lam0p000__nu0p50__psi0p00,0.069,borrow,32,836,0.0,14,-0.5705024,-0.5596679,-0.5596679,0.8040397,0.15702192,0.15702192,1.0,0.010834512,0.069,0.0,0.0,0.5705024,0.5596679,-23.61841,1.7689227,0.5896409,0.224,0.0,0.2554763,0.0,0.0
hardzero_only__c0p58__z1p00__lam0p000__nu0p50__psi0p00,0.069,borrow,32,837,0.0,14,-0.5596679,-0.5488587,-0.5488587,0.80505556,0.15665506,0.15665506,1.0,0.010809199,0.069,0.0,0.0,0.5596679,0.5488587,-24.431238,1.7711576,0.5903859,0.28,0.0,0.23807672,0.0,0.0
hardzero_only__c0p58__z1p00__lam0p000__nu0p50__psi0p00,0.069,borrow,32,838,0.0,14,-0.5488587,-0.53854436,-0.53854436,0.8254074,0.14948328,0.14948328,1.0,0.010314346,0.069,0.0,0.0,0.5488587,0.53854436,-24.510473,1.8159325,0.60531086,0.18400002,0.0,0.25289825,0.0,0.0
hardzero_only__c0p58__z1p00__lam0p000__nu0p50__psi0p00,0.069,borrow,32,839,0.0,14,-0.53854436,-0.52807856,-0.52807856,0.81907785,0.15167785,0.15167785,1.0,0.010465771,0.069,0.0,0.0,0.53854436,0.52807856,-25.292643,1.8020072,0.6006691,0.18400002,0.0,0.25146794,0.0,0.0
hardzero_only__c0p58__z1p00__lam0p000__nu0p50__psi0p00,0.069,borrow,32,840,0.0,14,-0.52807856,-0.5177972,-0.5177972,0.82679814,0.14900535,0.14900535,1.0,0.010281369,0.069,0.0,0.0,0.52807856,0.5177972,-24.965778,1.8189923,0.60633075,0.272,0.0,0.25954172,0.0,0.0
hardzero_only__c0p58__z1p00__lam0p000__nu0p50__psi0p00,0.069,borrow,32,841,0.0,14,-0.5177972,-0.50724447,-0.50724447,0.81548464,0.15293798,0.15293798,1.0,0.01055272,0.069,0.0,0.0,0.5177972,0.50724447,-24.873762,1.7941021,0.598034,0.28800002,0.0,0.2525205,0.0,0.0
hardzero_only__c0p58__z1p00__lam0p000__nu0p50__psi0p00,0.069,borrow,32,842,0.0,14,-0.50724447,-0.49781224,-0.49781224,0.86423546,0.13669874,0.13669874,1.0,0.009432212,0.069,0.0,0.0,0.50724447,0.49781224,-25.290733,1.901356,0.63378537,0.2,0.0,0.2529645,0.0,0.0
hardzero_only__c0p58__z1p00__lam0p000__nu0p50__psi0p00,0.069,borrow,32,843,0.0,14,-0.49781224,-0.48767543,-0.48767543,0.8329474,0.14691043,0.14691043,1.0,0.010136819,0.069,0.0,0.0,0.49781224,0.48767543,-25.032269,1.8325208,0.6108403,0.24800001,0.008,0.25713354,0.0,0.0
hardzero_only__c0p58__z1p00__lam0p000__nu0p50__psi0p00,0.069,borrow,32,844,0.0,14,-0.48767543,-0.47754803,-0.47754803,0.8333519,0.14677365,0.14677365,1.0,0.010127381,0.069,0.0,0.0,0.48767543,0.47754803,-24.815426,1.8334109,0.611137,0.2,0.0,0.24842009,0.0,0.0
hardzero_only__c0p58__z1p00__lam0p000__nu0p50__psi0p00,0.069,borrow,32,845,0.0,14,-0.47754803,-0.46747956,-0.46747956,0.8358851,0.14592002,0.14592002,1.0,0.010068482,0.069,0.0,0.0,0.47754803,0.46747956,-24.859432,1.838984,0.6129947,0.16,0.0,0.20550789,0.0,0.0
hardzero_only__c0p58__z1p00__lam0p000__nu0p50__psi0p00,0.069,borrow,32,846,0.0,14,-0.46747956,-0.45740595,-0.45740595,0.83566403,0.14599432,0.14599432,1.0,0.010073608,0.069,0.0,0.0,0.46747956,0.45740595,-24.989231,1.8384976,0.61283255,0.256,0.0,0.25057572,0.0,0.0
hardzero_only__c0p58__z1p00__lam0p000__nu0p50__psi0p00,0.069,borrow,32,847,0.0,14,-0.45740595,-0.44706178,-0.44706178,0.824153,0.14991565,0.14991565,1.0,0.010344179,0.069,0.0,0.0,0.45740595,0.44706178,-24.592869,1.8131728,0.604391,0.24000001,0.0,0.26538828,0.0,0.0
hardzero_only__c0p58__z1p00__lam0p000__nu0p50__psi0p00,0.069,borrow,32,848,0.0,14,-0.44706178,-0.4372499,-0.4372499,0.8470968,0.14220117,0.14220117,1.0,0.00981188,0.069,0.0,0.0,0.44706178,0.4372499,-25.648838,1.8636502,0.6212168,0.256,0.0,0.26372972,0.0,0.0
hardzero_only__c0p58__z1p00__lam0p000__nu0p50__psi0p00,0.069,borrow,32,849,0.0,14,-0.4372499,-0.4264582,-0.4264582,0.8057598,0.15640125,0.15640125,1.0,0.010791685,0.069,0.0,0.0,0.4372499,0.4264582,-25.220243,1.772707,0.5909023,0.272,0.0,0.24913067,0.0,0.0
hardzero_only__c0p58__z1p00__lam0p000__nu0p50__psi0p00,0.069,borrow,32,850,0.0,14,-0.4264582,-0.41516313,-0.41516313,0.7859598,0.1636968,0.1636968,1.0,0.011295078,0.069,0.0,0.0,0.4264582,0.41516313,-24.022306,1.729146,0.57638204,0.264,0.0,0.24936631,0.0,0.0
hardzero_only__c0p58__z1p00__lam0p000__nu0p50__psi0p00,0.069,borrow,32,851,0.0,14,-0.41516313,-0.40570205,-0.40570205,0.86290807,0.13711719,0.13711719,1.0,0.009461086,0.069,0.0,0.0,0.41516313,0.40570205,-25.1858,1.8984357,0.6328119,0.312,0.0,0.24047919,0.0,0.0
hardzero_only__c0p58__z1p00__lam0p000__nu0p50__psi0p00,0.069,borrow,32,852,0.0,14,-0.40570205,-0.3957291,-0.3957291,0.8400244,0.14453585,0.14453585,1.0,0.009972974,0.069,0.0,0.0,0.40570205,0.3957291,-24.479233,1.8480906,0.6160302,0.256,0.0,0.25728023,0.0,0.0
hardzero_only__c0p58__z1p00__lam0p000__nu0p50__psi0p00,0.069,borrow,32,853,0.0,14,-0.3957291,-0.3854011,-0.3854011,0.8248335,0.14968093,0.14968093,1.0,0.010327984,0.069,0.0,0.0,0.3957291,0.3854011,-24.523232,1.81467,0.60489,0.272,0.0,0.2594474,0.0,0.0
hardzero_only__c0p58__z1p00__lam0p000__nu0p50__psi0p00,0.069,borrow,32,854,0.0,14,-0.3854011,-0.3760749,-0.3760749,0.869145,0.13516213,0.13516213,1.0,0.009326187,0.069,0.0,0.0,0.3854011,0.3760749,-24.814848,1.9121572,0.6373857,0.208,0.0,0.23130786,0.0,0.0
hardzero_only__c0p58__z1p00__lam0p000__nu0p50__psi0p00,0.069,borrow,32,855,0.0,14,-0.3760749,-0.36628458,-0.36628458,0.8480513,0.14188898,0.14188898,1.0,0.0097903395,0.069,0.0,0.0,0.3760749,0.36628458,-25.372747,1.8657501,0.6219167,0.264,0.008,0.25809127,0.0,0.0
hardzero_only__c0p58__z1p00__lam0p000__nu0p50__psi0p00,0.069,borrow,32,856,0.0,14,-0.36628458,-0.3557113,-0.3557113,0.8146396,0.15323584,0.15323584,1.0,0.010573273,0.069,0.0,0.0,0.36628458,0.3557113,-24.323906,1.792243,0.5974144,0.23200001,0.0,0.25274602,0.0,0.0
hardzero_only__c0p58__z1p00__lam0p000__nu0p50__psi0p00,0.069,borrow,32,857,0.0,14,-0.3557113,-0.34484023,-0.34484023,0.8025768,0.15755175,0.15755175,1.0,0.01087107,0.069,0.0,0.0,0.3557113,0.34484023,-24.406542,1.7657042,0.5885681,0.23200001,0.0,0.25218263,0.0,0.0
hardzero_only__c0p58__z1p00__lam0p000__nu0p50__psi0p00,0.069,borrow,32,858,0.0,14,-0.34484023,-0.3341554,-0.3341554,0.8100821,0.1548524,0.1548524,1.0,0.010684815,0.069,0.0,0.0,0.34484023,0.3341554,-24.706978,1.7822162,0.5940721,0.32,0.0,0.21411683,0.0,0.0
hardzero_only__c0p58__z1p00__lam0p000__nu0p50__psi0p00,0.069,borrow,32,859,0.0,14,-0.3341554,-0.32406917,-0.32406917,0.8351203,0.1461772,0.1461772,1.0,0.010086226,0.069,0.0,0.0,0.3341554,0.32406917,-25.009165,1.8373014,0.6124338,0.23200001,0.0,0.26179597,0.0,0.0
hardzero_only__c0p58__z1p00__lam0p000__nu0p50__psi0p00,0.069,borrow,32,860,0.0,14,-0.32406917,-0.3138881,-0.3138881,0.8310556,0.14755176,0.14755176,1.0,0.010181071,0.069,0.0,0.0,0.32406917,0.3138881,-24.64663,1.8283588,0.60945296,0.28,0.0,0.25219873,0.0,0.0
hardzero_only__c0p58__z1p00__lam0p000__nu0p50__psi0p00,0.069,borrow,32,861,0.0,14,-0.3138881,-0.30303508,-0.30303508,0.80329823,0.15729024,0.15729024,1.0,0.010853026,0.069,0.0,0.0,0.3138881,0.30303508,-24.71365,1.7672914,0.58909714,0.224,0.0,0.25122753,0.0,0.0
hardzero_only__c0p58__z1p00__lam0p000__nu0p50__psi0p00,0.069,borrow,32,862,0.0,14,-0.30303508,-0.29249436,-0.29249436,0.8159788,0.15276405,0.15276405,1.0,0.010540719,0.069,0.0,0.0,0.30303508,0.29249436,-25.032312,1.7951893,0.5983964,0.28,0.0,0.26405504,0.0,0.0
hardzero_only__c0p58__z1p00__lam0p000__nu0p50__psi0p00,0.069,borrow,32,863,0.0,14,-0.29249436,-0.28330168,-0.28330168,0.8754074,0.1332271,0.1332271,1.0,0.00919267,0.069,0.0,0.0,0.29249436,0.28330168,-25.747654,1.9259347,0.64197826,0.192,0.0,0.25489905,0.0,0.0
hardzero_only__c0p58__z1p00__lam0p000__nu0p50__psi0p00,0.069,borrow,32,864,0.0,14,-0.28330168,-0.27307367,-0.27307367,0.82905847,0.14823183,0.14823183,1.0,0.010227996,0.069,0.0,0.0,0.28330168,0.27307367,-24.455173,1.8239651,0.60798836,0.17600001,0.0,0.22293627,0.0,0.0
hardzero_only__c0p58__z1p00__lam0p000__nu0p50__psi0p00,0.069,borrow,32,865,0.0,14,-0.27307367,-0.26234993,-0.26234993,0.8085023,0.15541668,0.15541668,1.0,0.010723751,0.069,0.0,0.0,0.27307367,0.26234993,-24.157976,1.7787406,0.59291357,0.28,0.0,0.24973072,0.0,0.0
hardzero_only__c0p58__z1p00__lam0p000__nu0p50__psi0p00,0.069,borrow,32,866,0.0,14,-0.26234993,-0.25228226,-0.25228226,0.83591974,0.1459084,0.1459084,1.0,0.010067679,0.069,0.0,0.0,0.26234993,0.25228226,-25.023064,1.8390602,0.61302006,0.23200001,0.008,0.2553034,0.0,0.0
hardzero_only__c0p58__z1p00__lam0p000__nu0p50__psi0p00,0.069,borrow,32,867,0.0,14,-0.25228226,-0.2423467,-0.2423467,0.84165716,0.1439935,0.1439935,1.0,0.009935551,0.069,0.0,0.0,0.25228226,0.2423467,-24.286669,1.8516828,0.6172276,0.24800001,0.0,0.2294676,0.0,0.0
hardzero_only__c0p58__z1p00__lam0p000__nu0p50__psi0p00,0.069,borrow,32,868,0.0,14,-0.2423467,-0.2321934,-0.2321934,0.8322417,0.14714932,0.14714932,1.0,0.010153303,0.069,0.0,0.0,0.2423467,0.2321934,-24.48125,1.8309684,0.61032283,0.24800001,0.0,0.23388858,0.0,0.0
hardzero_only__c0p58__z1p00__lam0p000__nu0p50__psi0p00,0.069,borrow,32,869,0.0,14,-0.2321934,-0.22237624,-0.22237624,0.8468633,0.14227764,0.14227764,1.0,0.009817157,0.069,0.0,0.0,0.2321934,0.22237624,-24.723576,1.8631365,0.62104553,0.208,0.0,0.25492904,0.0,0.0
hardzero_only__c0p58__z1p00__lam0p000__nu0p50__psi0p00,0.069,borrow,32,870,0.0,14,-0.22237624,-0.2130247,-0.2130247,0.8679661,0.13552952,0.13552952,1.0,0.009351537,0.069,0.0,0.0,0.22237624,0.2130247,-25.092817,1.9095635,0.6365212,0.2,0.0,0.23859866,0.0,0.0
hardzero_only__c0p58__z1p00__lam0p000__nu0p50__psi0p00,0.069,borrow,32,871,0.0,14,-0.2130247,-0.20336385,-0.20336385,0.85383373,0.14001231,0.14001231,1.0,0.009660849,0.069,0.0,0.0,0.2130247,0.20336385,-25.456848,1.8784717,0.6261573,0.19,0.01,0.22797191,0.0,0.0
hardzero_only__c0p58__z1p00__lam0p000__nu0p50__psi0p00,0.069,borrow,32,872,0.0,14,-0.20336385,-0.19312127,-0.19312127,0.8284394,0.1484433,0.1484433,1.0,0.010242587,0.069,0.0,0.0,0.20336385,0.19312127,-24.148794,1.8226031,0.6075344,0.208,0.0,0.2622148,0.0,0.0
hardzero_only__c0p58__z1p00__lam0p000__nu0p50__psi0p00,0.069,borrow,32,873,0.0,14,-0.19312127,-0.18305968,-0.18305968,0.8361825,0.14582014,0.14582014,1.0,0.010061589,0.069,0.0,0.0,0.19312127,0.18305968,-24.971369,1.8396382,0.61321276,0.23200001,0.0,0.24616344,0.0,0.0
hardzero_only__c0p58__z1p00__lam0p000__nu0p50__psi0p00,0.069,borrow,32,874,0.0,14,-0.18305968,-0.17297393,-0.17297393,0.83514076,0.14617032,0.14617032,1.0,0.010085751,0.069,0.0,0.0,0.18305968,0.17297393,-24.042383,1.8373463,0.6124488,0.18400002,0.0,0.23746943,0.0,0.0
hardzero_only__c0p58__z1p00__lam0p000__nu0p50__psi0p00,0.069,borrow,32,875,0.0,14,-0.17297393,-0.16330564,-0.16330564,0.8534992,0.14012022,0.14012022,1.0,0.009668295,0.069,0.0,0.0,0.17297393,0.16330564,-25.272081,1.8777357,0.62591195,0.23200001,0.0,0.24793382,0.0,0.0
hardzero_only__c0p58__z1p00__lam0p000__nu0p50__psi0p00,0.069,borrow,32,876,0.0,14,-0.16330564,-0.1520062,-0.1520062,0.7857922,0.16376,0.16376,1.0,0.01129944,0.069,0.0,0.0,0.16330564,0.1520062,-24.10145,1.7287773,0.57625914,0.17600001,0.0,0.23356955,0.0,0.0
hardzero_only__c0p58__z1p00__lam0p000__nu0p50__psi0p00,0.069,borrow,32,877,0.0,14,-0.1520062,-0.14182827,-0.14182827,0.83119017,0.14750606,0.14750606,1.0,0.010177918,0.069,0.0,0.0,0.1520062,0.14182827,-24.984726,1.8286549,0.60955167,0.224,0.0,0.23502234,0.0,0.0
hardzero_only__c0p58__z1p00__lam0p000__nu0p50__psi0p00,0.069,borrow,32,878,0.0,14,-0.14182827,-0.1307322,-0.1307322,0.79367954,0.16081275,0.16081275,1.0,0.01109608,0.069,0.0,0.0,0.14182827,0.1307322,-24.119726,1.7461299,0.5820433,0.208,0.0,0.24909592,0.0,0.0
hardzero_only__c0p58__z1p00__lam0p000__nu0p50__psi0p00,0.069,borrow,32,879,0.0,14,-0.1307322,-0.12019399,-0.12019399,0.8160825,0.15272759,0.15272759,1.0,0.010538204,0.069,0.0,0.0,0.1307322,0.12019399,-24.304914,1.7954173,0.5984725,0.312,0.0,0.24753635,0.0,0.0
hardzero_only__c0p58__z1p00__lam0p000__nu0p50__psi0p00,0.069,borrow,32,880,0.0,14,-0.12019399,-0.10975975,-0.10975975,0.8203883,0.15122086,0.15122086,1.0,0.010434239,0.069,0.0,0.0,0.12019399,0.10975975,-24.818344,1.8048903,0.6016301,0.24000001,0.0,0.2578496,0.0,0.0
hardzero_only__c0p58__z1p00__lam0p000__nu0p50__psi0p00,0.069,borrow,32,881,0.0,14,-0.10975975,-0.09866941,-0.09866941,0.79390436,0.16072951,0.16072951,1.0,0.011090336,0.069,0.0,0.0,0.10975975,0.09866941,-23.33136,1.7466245,0.58220816,0.24800001,0.0,0.23626743,0.0,0.0
hardzero_only__c0p58__z1p00__lam0p000__nu0p50__psi0p00,0.069,borrow,32,882,0.0,14,-0.09866941,-0.08777955,-0.08777955,0.80182695,0.15782398,0.15782398,1.0,0.010889854,0.069,0.0,0.0,0.09866941,0.08777955,-24.373838,1.7640545,0.5880182,0.224,0.0,0.24392357,0.0,0.0
hardzero_only__c0p58__z1p00__lam0p000__nu0p50__psi0p00,0.069,borrow,32,883,0.0,14,-0.08777955,-0.07693483,-0.07693483,0.8036306,0.15716991,0.15716991,1.0,0.010844723,0.069,0.0,0.0,0.08777955,0.07693483,-24.604303,1.7680227,0.5893409,0.23200001,0.0,0.2768864,0.0,0.0
hardzero_only__c0p58__z1p00__lam0p000__nu0p50__psi0p00,0.069,borrow,32,884,0.0,14,-0.07693483,-0.06661717,-0.06661717,0.82526785,0.1495313,0.1495313,1.0,0.01031766,0.069,0.0,0.0,0.07693483,0.06661717,-24.893589,1.8156255,0.6052085,0.32,0.0,0.22549053,0.0,0.0
hardzero_only__c0p58__z1p00__lam0p000__nu0p50__psi0p00,0.069,borrow,32,885,0.0,14,-0.06661717,-0.055746663,-0.055746663,0.8025993,0.15754357,0.15754357,1.0,0.010870506,0.069,0.0,0.0,0.06661717,0.055746663,-24.234179,1.7657537,0.5885846,0.272,0.0,0.26037362,0.0,0.0
hardzero_only__c0p58__z1p00__lam0p000__nu0p50__psi0p00,0.069,borrow,32,886,0.0,14,-0.055746663,-0.045142893,-0.045142893,0.81338876,0.15367784,0.15367784,1.0,0.010603771,0.069,0.0,0.0,0.055746663,0.045142893,-24.217989,1.789491,0.59649706,0.216,0.0,0.23557663,0.0,0.0
hardzero_only__c0p58__z1p00__lam0p000__nu0p50__psi0p00,0.069,borrow,32,887,0.0,14,-0.045142893,-0.03547875,-0.03547875,0.8536857,0.14006005,0.14006005,1.0,0.009664143,0.069,0.0,0.0,0.045142893,0.03547875,-26.192162,1.8781459,0.6260487,0.24000001,0.0,0.27345604,0.0,0.0
hardzero_only__c0p58__z1p00__lam0p000__nu0p50__psi0p00,0.069,borrow,32,888,0.0,14,-0.03547875,-0.025669042,-0.025669042,0.847193,0.14216967,0.14216967,1.0,0.009809707,0.069,0.0,0.0,0.03547875,0.025669042,-25.200903,1.8638618,0.6212873,0.192,0.0,0.2516797,0.0,0.0
hardzero_only__c0p58__z1p00__lam0p000__nu0p50__psi0p00,0.069,borrow,32,889,0.0,14,-0.025669042,-0.015552159,-0.015552159,0.83380234,0.1466215,0.1466215,1.0,0.010116883,0.069,0.0,0.0,0.025669042,0.015552159,-24.01362,1.8344017,0.61146724,0.256,0.0,0.24490845,0.0,0.0
hardzero_only__c0p58__z1p00__lam0p000__nu0p50__psi0p00,0.069,borrow,32,890,1.0,15,-0.015552159,-0.58542854,-0.58542854,0.8335128,0.14671928,0.14671928,1.0,0.01012363,0.069,0.0,0.0,0.015552159,0.58542854,-24.166878,1.8337648,0.61125493,0.264,0.0,0.25655144,0.0,0.0
hardzero_only__c0p58__z1p00__lam0p000__nu0p50__psi0p00,0.069,borrow,32,891,0.0,15,-0.58542854,-0.5760481,-0.5760481,0.8666245,0.13594885,0.13594885,1.0,0.009380471,0.069,0.0,0.0,0.58542854,0.5760481,-25.438652,1.9066119,0.6355373,0.2,0.0,0.30429092,0.0,0.0
hardzero_only__c0p58__z1p00__lam0p000__nu0p50__psi0p00,0.069,borrow,32,892,0.0,15,-0.5760481,-0.5642448,-0.5642448,0.76684606,0.17106214,0.17106214,1.0,0.011803287,0.069,0.0,0.0,0.5760481,0.5642448,-23.252716,1.687095,0.56236506,0.35200003,0.0,0.2885161,0.0,0.0
hardzero_only__c0p58__z1p00__lam0p000__nu0p50__psi0p00,0.069,borrow,32,893,0.0,15,-0.5642448,-0.5541111,-0.5541111,0.833083,0.14686455,0.14686455,1.0,0.010133654,0.069,0.0,0.0,0.5642448,0.5541111,-24.439936,1.8328191,0.61093974,0.296,0.0,0.29278305,0.0,0.0
hardzero_only__c0p58__z1p00__lam0p000__nu0p50__psi0p00,0.069,borrow,32,894,0.0,15,-0.5541111,-0.5447965,-0.5447965,0.8696862,0.13499379,0.13499379,1.0,0.0093145715,0.069,0.0,0.0,0.5541111,0.5447965,-25.761713,1.9133478,0.63778263,0.208,0.0,0.2999106,0.0,0.0
hardzero_only__c0p58__z1p00__lam0p000__nu0p50__psi0p00,0.069,borrow,32,895,0.0,15,-0.5447965,-0.5337368,-0.5337368,0.79510593,0.16028544,0.16028544,1.0,0.011059695,0.069,0.0,0.0,0.5447965,0.5337368,-25.004286,1.7492679,0.58308935,0.272,0.0,0.29429698,0.0,0.0
hardzero_only__c0p58__z1p00__lam0p000__nu0p50__psi0p00,0.069,borrow,32,896,0.0,15,-0.5337368,-0.5239798,-0.5239798,0.84953034,0.14140658,0.14140658,1.0,0.009757054,0.069,0.0,0.0,0.5337368,0.5239798,-25.71619,1.8690041,0.6230014,0.216,0.0,0.30922124,0.0,0.0
hardzero_only__c0p58__z1p00__lam0p000__nu0p50__psi0p00,0.069,borrow,32,897,0.0,15,-0.5239798,-0.51477545,-0.51477545,0.87485677,0.13339612,0.13339612,1.0,0.009204332,0.069,0.0,0.0,0.5239798,0.51477545,-25.674194,1.9247233,0.64157444,0.29999998,0.01,0.24382737,0.0,0.0
hardzero_only__c0p58__z1p00__lam0p000__nu0p50__psi0p00,0.069,borrow,32,898,0.0,15,-0.51477545,-0.50506127,-0.50506127,0.8514429,0.14078523,0.14078523,1.0,0.009714181,0.069,0.0,0.0,0.51477545,0.50506127,-24.476654,1.8732117,0.62440395,0.24800001,0.0,0.29489058,0.0,0.0
hardzero_only__c0p58__z1p00__lam0p000__nu0p50__psi0p00,0.069,borrow,32,899,0.0,15,-0.50506127,-0.49532747,-0.49532747,0.85056674,0.14106955,0.14106955,1.0,0.009733799,0.069,0.0,0.0,0.50506127,0.49532747,-25.797789,1.8712842,0.6237614,0.208,0.008,0.31706893,0.0,0.0
hardzero_only__c0p58__z1p00__lam0p000__nu0p50__psi0p00,0.069,borrow,32,900,0.0,15,-0.49532747,-0.48405385,-0.48405385,0.7867854,0.16338591,0.16338591,1.0,0.011273628,0.069,0.0,0.0,0.49532747,0.48405385,-23.862282,1.7309625,0.5769875,0.224,0.0,0.29281175,0.0,0.0
hardzero_only__c0p58__z1p00__lam0p000__nu0p50__psi0p00,0.069,borrow,32,901,0.0,15,-0.48405385,-0.47445557,-0.47445557,0.8566557,0.1391055,0.1391055,1.0,0.009598279,0.069,0.0,0.0,0.48405385,0.47445557,-25.373825,1.8846803,0.62822676,0.224,0.008,0.28523278,0.0,0.0
hardzero_only__c0p58__z1p00__lam0p000__nu0p50__psi0p00,0.069,borrow,32,902,0.0,15,-0.47445557,-0.4645737,-0.4645737,0.8440103,0.14321539,0.14321539,1.0,0.0098818615,0.069,0.0,0.0,0.47445557,0.4645737,-25.382814,1.8568597,0.6189532,0.216,0.0,0.29456908,0.0,0.0
hardzero_only__c0p58__z1p00__lam0p000__nu0p50__psi0p00,0.069,borrow,32,903,0.0,15,-0.4645737,-0.45488384,-0.45488384,0.8525314,0.14043282,0.14043282,1.0,0.009689865,0.069,0.0,0.0,0.4645737,0.45488384,-26.201826,1.8756064,0.6252022,0.24000001,0.0,0.31639314,0.0,0.0
hardzero_only__c0p58__z1p00__lam0p000__nu0p50__psi0p00,0.069,borrow,32,904,0.0,15,-0.45488384,-0.44469935,-0.44469935,0.8309093,0.14760147,0.14760147,1.0,0.010184501,0.069,0.0,0.0,0.45488384,0.44469935,-24.378227,1.828037,0.6093457,0.15200001,0.0,0.2853678,0.0,0.0
hardzero_only__c0p58__z1p00__lam0p000__nu0p50__psi0p00,0.069,borrow,32,905,0.0,15,-0.44469935,-0.43438765,-0.43438765,0.8255192,0.14944479,0.14944479,1.0,0.01031169,0.069,0.0,0.0,0.44469935,0.43438765,-23.861343,1.8161786,0.6053929,0.23200001,0.0,0.2898872,0.0,0.0
hardzero_only__c0p58__z1p00__lam0p000__nu0p50__psi0p00,0.069,borrow,32,906,0.0,15,-0.43438765,-0.42380723,-0.42380723,0.8143459,0.15333952,0.15333952,1.0,0.010580427,0.069,0.0,0.0,0.43438765,0.42380723,-24.540928,1.7915968,0.59719896,0.24800001,0.0,0.2839508,0.0,0.0
hardzero_only__c0p58__z1p00__lam0p000__nu0p50__psi0p00,0.069,borrow,32,907,0.0,15,-0.42380723,-0.4129198,-0.4129198,0.8019227,0.15778922,0.15778922,1.0,0.010887455,0.069,0.0,0.0,0.42380723,0.4129198,-24.91765,1.7642652,0.5880884,0.30400002,0.0,0.28037748,0.0,0.0
hardzero_only__c0p58__z1p00__lam0p000__nu0p50__psi0p00,0.069,borrow,32,908,0.0,15,-0.4129198,-0.40316984,-0.40316984,0.8498466,0.14130366,0.14130366,1.0,0.009749952,0.069,0.0,0.0,0.4129198,0.40316984,-24.856787,1.8696998,0.6232333,0.216,0.0,0.29600227,0.0,0.0
hardzero_only__c0p58__z1p00__lam0p000__nu0p50__psi0p00,0.069,borrow,32,909,0.0,15,-0.40316984,-0.39288872,-0.39288872,0.82680845,0.1490018,0.1490018,1.0,0.010281124,0.069,0.0,0.0,0.40316984,0.39288872,-24.8158,1.8190149,0.6063383,0.216,0.0,0.31935507,0.0,0.0
hardzero_only__c0p58__z1p00__lam0p000__nu0p50__psi0p00,0.069,borrow,32,910,0.0,15,-0.39288872,-0.38306046,-0.38306046,0.8463721,0.14243865,0.14243865,1.0,0.009828267,0.069,0.0,0.0,0.39288872,0.38306046,-24.49938,1.8620559,0.62068534,0.22999999,0.01,0.24526688,0.0,0.0
hardzero_only__c0p58__z1p00__lam0p000__nu0p50__psi0p00,0.069,borrow,32,911,0.0,15,-0.38306046,-0.37322983,-0.37322983,0.8462677,0.14247291,0.14247291,1.0,0.00983063,0.069,0.0,0.0,0.38306046,0.37322983,-25.313128,1.8618262,0.62060875,0.30400002,0.0,0.29161623,0.0,0.0
hardzero_only__c0p58__z1p00__lam0p000__nu0p50__psi0p00,0.069,borrow,32,912,0.0,15,-0.37322983,-0.36257148,-0.36257148,0.8111592,0.15446882,0.15446882,1.0,0.010658348,0.069,0.0,0.0,0.37322983,0.36257148,-24.703148,1.7845858,0.594862,0.33600003,0.0,0.28121844,0.0,0.0
hardzero_only__c0p58__z1p00__lam0p000__nu0p50__psi0p00,0.069,borrow,32,913,0.0,15,-0.36257148,-0.35196283,-0.35196283,0.8131893,0.15374842,0.15374842,1.0,0.0106086405,0.069,0.0,0.0,0.36257148,0.35196283,-23.599821,1.7890522,0.5963508,0.28,0.0,0.28170955,0.0,0.0
hardzero_only__c0p58__z1p00__lam0p000__nu0p50__psi0p00,0.069,borrow,32,914,0.0,15,-0.35196283,-0.34151706,-0.34151706,0.81990856,0.15138799,0.15138799,1.0,0.010445771,0.069,0.0,0.0,0.35196283,0.34151706,-24.939322,1.8038348,0.6012783,0.2,0.0,0.28754306,0.0,0.0
hardzero_only__c0p58__z1p00__lam0p000__nu0p50__psi0p00,0.069,borrow,32,915,0.0,15,-0.34151706,-0.3312201,-0.3312201,0.82613903,0.14923166,0.14923166,1.0,0.010296984,0.069,0.0,0.0,0.34151706,0.3312201,-24.705082,1.8175422,0.6058474,0.2,0.0,0.28685567,0.0,0.0
hardzero_only__c0p58__z1p00__lam0p000__nu0p50__psi0p00,0.069,borrow,32,916,0.0,15,-0.3312201,-0.32052696,-0.32052696,0.8097436,0.15497313,0.15497313,1.0,0.010693146,0.069,0.0,0.0,0.3312201,0.32052696,-25.286968,1.7814715,0.59382385,0.24000001,0.0,0.28811646,0.0,0.0
hardzero_only__c0p58__z1p00__lam0p000__nu0p50__psi0p00,0.069,borrow,32,917,0.0,15,-0.32052696,-0.3096774,-0.3096774,0.80343723,0.1572399,0.1572399,1.0,0.010849553,0.069,0.0,0.0,0.32052696,0.3096774,-24.599062,1.7675972,0.58919907,0.272,0.008,0.30754495,0.0,0.0
hardzero_only__c0p58__z1p00__lam0p000__nu0p50__psi0p00,0.069,borrow,32,918,0.0,15,-0.3096774,-0.2993417,-0.2993417,0.82451034,0.14979236,0.14979236,1.0,0.010335673,0.069,0.0,0.0,0.3096774,0.2993417,-24.161018,1.813959,0.604653,0.296,0.0,0.2856731,0.0,0.0
hardzero_only__c0p58__z1p00__lam0p000__nu0p50__psi0p00,0.069,borrow,32,919,0.0,15,-0.2993417,-0.28946784,-0.28946784,0.8443621,0.14309943,0.14309943,1.0,0.0098738605,0.069,0.0,0.0,0.2993417,0.28946784,-24.36456,1.8576337,0.61921126,0.16800001,0.0,0.26786333,0.0,0.0
hardzero_only__c0p58__z1p00__lam0p000__nu0p50__psi0p00,0.069,borrow,32,920,0.0,15,-0.28946784,-0.28047356,-0.28047356,0.8848821,0.13035206,0.13035206,1.0,0.0089942925,0.069,0.0,0.0,0.28946784,0.28047356,-25.287603,1.9467795,0.6489265,0.136,0.0,0.2753117,0.0,0.0
hardzero_only__c0p58__z1p00__lam0p000__nu0p50__psi0p00,0.069,borrow,32,921,0.0,15,-0.28047356,-0.2711308,-0.2711308,0.8683735,0.13540243,0.13540243,1.0,0.009342767,0.069,0.0,0.0,0.28047356,0.2711308,-25.102552,1.9104599,0.63681996,0.17600001,0.0,0.28089678,0.0,0.0
hardzero_only__c0p58__z1p00__lam0p000__nu0p50__psi0p00,0.069,borrow,32,922,0.0,15,-0.2711308,-0.2614877,-0.2614877,0.8546316,0.13975534,0.13975534,1.0,0.009643118,0.069,0.0,0.0,0.2711308,0.2614877,-25.121855,1.8802271,0.62674236,0.208,0.0,0.29546568,0.0,0.0
hardzero_only__c0p58__z1p00__lam0p000__nu0p50__psi0p00,0.069,borrow,32,923,0.0,15,-0.2614877,-0.25186172,-0.25186172,0.85540503,0.13950667,0.13950667,1.0,0.00962596,0.069,0.0,0.0,0.2614877,0.25186172,-24.739193,1.8819287,0.62730956,0.17,0.0,0.25907782,0.0,0.0
hardzero_only__c0p58__z1p00__lam0p000__nu0p50__psi0p00,0.069,borrow,32,924,0.0,15,-0.25186172,-0.24197915,-0.24197915,0.8439795,0.14322557,0.14322557,1.0,0.009882564,0.069,0.0,0.0,0.25186172,0.24197915,-25.702435,1.856792,0.6189307,0.24800001,0.0,0.2860728,0.0,0.0
hardzero_only__c0p58__z1p00__lam0p000__nu0p50__psi0p00,0.069,borrow,32,925,0.0,15,-0.24197915,-0.23201393,-0.23201393,0.8403622,0.14442348,0.14442348,1.0,0.0099652205,0.069,0.0,0.0,0.24197915,0.23201393,-24.781178,1.8488337,0.61627793,0.208,0.0,0.2951474,0.0,0.0
hardzero_only__c0p58__z1p00__lam0p000__nu0p50__psi0p00,0.069,borrow,32,926,0.0,15,-0.23201393,-0.22167985,-0.22167985,0.82457757,0.14976917,0.14976917,1.0,0.010334073,0.069,0.0,0.0,0.23201393,0.22167985,-25.230402,1.8141068,0.6047023,0.32000002,0.0,0.29429433,0.0,0.0
hardzero_only__c0p58__z1p00__lam0p000__nu0p50__psi0p00,0.069,borrow,32,927,0.0,15,-0.22167985,-0.21146378,-0.21146378,0.82956487,0.1480591,0.1480591,1.0,0.010216078,0.069,0.0,0.0,0.22167985,0.21146378,-24.60508,1.8250792,0.60835975,0.24800001,0.0,0.28856924,0.0,0.0
hardzero_only__c0p58__z1p00__lam0p000__nu0p50__psi0p00,0.069,borrow,32,928,0.0,15,-0.21146378,-0.20050155,-0.20050155,0.7989502,0.15887289,0.15887289,1.0,0.010962229,0.069,0.0,0.0,0.21146378,0.20050155,-23.977299,1.7577255,0.58590853,0.256,0.0,0.2700994,0.0,0.0
hardzero_only__c0p58__z1p00__lam0p000__nu0p50__psi0p00,0.069,borrow,32,929,0.0,15,-0.20050155,-0.19072309,-0.19072309,0.84857893,0.1417167,0.1417167,1.0,0.009778452,0.069,0.0,0.0,0.20050155,0.19072309,-24.862755,1.8669109,0.62230366,0.24000001,0.0,0.3047971,0.0,0.0
hardzero_only__c0p58__z1p00__lam0p000__nu0p50__psi0p00,0.069,borrow,32,930,0.0,15,-0.19072309,-0.18148969,-0.18148969,0.8734877,0.1338173,0.1338173,1.0,0.009233394,0.069,0.0,0.0,0.19072309,0.18148969,-25.780579,1.9217113,0.64057046,0.16800001,0.0,0.2921012,0.0,0.0
hardzero_only__c0p58__z1p00__lam0p000__nu0p50__psi0p00,0.069,borrow,32,931,0.0,15,-0.18148969,-0.17122136,-0.17122136,0.82734936,0.14881635,0.14881635,1.0,0.010268328,0.069,0.0,0.0,0.18148969,0.17122136,-23.955404,1.820205,0.606735,0.208,0.0,0.2753036,0.0,0.0
hardzero_only__c0p58__z1p00__lam0p000__nu0p50__psi0p00,0.069,borrow,32,932,0.0,15,-0.17122136,-0.16181244,-0.16181244,0.865309,0.13636127,0.13636127,1.0,0.0094089275,0.069,0.0,0.0,0.17122136,0.16181244,-25.658384,1.9037178,0.6345726,0.18400002,0.0,0.28394216,0.0,0.0
hardzero_only__c0p58__z1p00__lam0p000__nu0p50__psi0p00,0.069,borrow,32,933,0.0,15,-0.16181244,-0.15277328,-0.15277328,0.882721,0.1310023,0.1310023,1.0,0.009039159,0.069,0.0,0.0,0.16181244,0.15277328,-26.487106,1.942025,0.64734167,0.16000001,0.0,0.3254516,0.0,0.0
hardzero_only__c0p58__z1p00__lam0p000__nu0p50__psi0p00,0.069,borrow,32,934,0.0,15,-0.15277328,-0.14295338,-0.14295338,0.84674245,0.14231725,0.14231725,1.0,0.00981989,0.069,0.0,0.0,0.15277328,0.14295338,-25.103739,1.8628706,0.6209569,0.28,0.0,0.2970986,0.0,0.0
hardzero_only__c0p58__z1p00__lam0p000__nu0p50__psi0p00,0.069,borrow,32,935,0.0,15,-0.14295338,-0.13316368,-0.13316368,0.84807944,0.14187978,0.14187978,1.0,0.009789704,0.069,0.0,0.0,0.14295338,0.13316368,-25.076801,1.8658121,0.6219374,0.30400002,0.0,0.30289674,0.0,0.0
hardzero_only__c0p58__z1p00__lam0p000__nu0p50__psi0p00,0.069,borrow,32,936,0.0,15,-0.13316368,-0.121964365,-0.121964365,0.78965783,0.16230883,0.16230883,1.0,0.011199309,0.069,0.0,0.0,0.13316368,0.121964365,-24.13556,1.7372819,0.579094,0.32,0.01,0.2714411,0.0,0.0
hardzero_only__c0p58__z1p00__lam0p000__nu0p50__psi0p00,0.069,borrow,32,937,0.0,15,-0.121964365,-0.11238713,-0.11238713,0.85760874,0.13880056,0.13880056,1.0,0.009577239,0.069,0.0,0.0,0.121964365,0.11238713,-24.57518,1.8867769,0.6289257,0.296,0.0,0.2845724,0.0,0.0
hardzero_only__c0p58__z1p00__lam0p000__nu0p50__psi0p00,0.069,borrow,32,938,0.0,15,-0.11238713,-0.10224934,-0.10224934,0.83290577,0.14692451,0.14692451,1.0,0.010137791,0.069,0.0,0.0,0.11238713,0.10224934,-25.60034,1.8324293,0.6108098,0.24000001,0.0,0.30346477,0.0,0.0
hardzero_only__c0p58__z1p00__lam0p000__nu0p50__psi0p00,0.069,borrow,32,939,0.0,15,-0.10224934,-0.09140565,-0.09140565,0.80367213,0.15715489,0.15715489,1.0,0.010843687,0.069,0.0,0.0,0.10224934,0.09140565,-23.908422,1.768114,0.5893713,0.208,0.0,0.29267848,0.0,0.0
hardzero_only__c0p58__z1p00__lam0p000__nu0p50__psi0p00,0.069,borrow,32,940,0.0,15,-0.09140565,-0.081243515,-0.081243515,0.8318641,0.14727733,0.14727733,1.0,0.010162136,0.069,0.0,0.0,0.09140565,0.081243515,-25.013536,1.8301376,0.6100459,0.224,0.0,0.2910532,0.0,0.0
hardzero_only__c0p58__z1p00__lam0p000__nu0p50__psi0p00,0.069,borrow,32,941,0.0,15,-0.081243515,-0.07033988,-0.07033988,0.80127794,0.15802364,0.15802364,1.0,0.010903631,0.069,0.0,0.0,0.081243515,0.07033988,-24.618198,1.7628467,0.5876156,0.272,0.0,0.2843553,0.0,0.0
hardzero_only__c0p58__z1p00__lam0p000__nu0p50__psi0p00,0.069,borrow,32,942,0.0,15,-0.07033988,-0.06052117,-0.06052117,0.84679466,0.14230013,0.14230013,1.0,0.0098187085,0.069,0.0,0.0,0.07033988,0.06052117,-25.568016,1.8629855,0.62099516,0.28,0.0,0.31938565,0.0,0.0
hardzero_only__c0p58__z1p00__lam0p000__nu0p50__psi0p00,0.069,borrow,32,943,0.0,15,-0.06052117,-0.050897643,-0.050897643,0.8555147,0.13947143,0.13947143,1.0,0.009623528,0.069,0.0,0.0,0.06052117,0.050897643,-25.186022,1.88217,0.62739,0.30400002,0.0,0.29045558,0.0,0.0
hardzero_only__c0p58__z1p00__lam0p000__nu0p50__psi0p00,0.069,borrow,32,944,0.0,15,-0.050897643,-0.040919714,-0.040919714,0.8398086,0.14460771,0.14460771,1.0,0.009977931,0.069,0.0,0.0,0.050897643,0.040919714,-24.895098,1.8476158,0.61587197,0.17600001,0.0,0.3000972,0.0,0.0
hardzero_only__c0p58__z1p00__lam0p000__nu0p50__psi0p00,0.069,borrow,32,945,0.0,15,-0.040919714,-0.030902058,-0.030902058,0.83808297,0.14518343,0.14518343,1.0,0.010017657,0.069,0.0,0.0,0.040919714,0.030902058,-24.523561,1.8438194,0.6146065,0.24000001,0.0,0.2790038,0.0,0.0
hardzero_only__c0p58__z1p00__lam0p000__nu0p50__psi0p00,0.069,borrow,32,946,0.0,15,-0.030902058,-0.020349378,-0.020349378,0.81548625,0.1529374,0.1529374,1.0,0.01055268,0.069,0.0,0.0,0.030902058,0.020349378,-23.763615,1.7941055,0.5980352,0.216,0.0,0.30927896,0.0,0.0
hardzero_only__c0p58__z1p00__lam0p000__nu0p50__psi0p00,0.069,borrow,32,947,0.0,15,-0.020349378,-0.010429618,-0.010429618,0.84234786,0.14376464,0.14376464,1.0,0.00991976,0.069,0.0,0.0,0.020349378,0.010429618,-24.135708,1.8532023,0.61773413,0.256,0.0,0.2931454,0.0,0.0
hardzero_only__c0p58__z1p00__lam0p000__nu0p50__psi0p00,0.069,borrow,32,948,1.0,16,-0.010429618,-0.5803162,-0.5803162,0.8339521,0.14657094,0.14657094,1.0,0.010113394,0.069,0.0,0.0,0.010429618,0.5803162,-24.651176,1.8347313,0.61157715,0.256,0.0,0.30384558,0.0,0.0
hardzero_only__c0p58__z1p00__lam0p000__nu0p50__psi0p00,0.069,borrow,32,949,0.0,16,-0.5803162,-0.56949687,-0.56949687,0.8046484,0.15680201,0.15680201,1.0,0.010819338,0.069,0.0,0.0,0.5803162,0.56949687,-24.302048,1.7702618,0.5900873,0.17999999,0.0,0.29706016,0.0,0.0
hardzero_only__c0p58__z1p00__lam0p000__nu0p50__psi0p00,0.069,borrow,32,950,0.0,16,-0.56949687,-0.56003106,-0.56003106,0.8626899,0.13718608,0.13718608,1.0,0.00946584,0.069,0.0,0.0,0.56949687,0.56003106,-24.819391,1.8979557,0.6326519,0.18400002,0.0,0.31677422,0.0,0.0
hardzero_only__c0p58__z1p00__lam0p000__nu0p50__psi0p00,0.069,borrow,32,951,0.0,16,-0.56003106,-0.5495026,-0.5495026,0.816484,0.15258648,0.15258648,1.0,0.010528467,0.069,0.0,0.0,0.56003106,0.5495026,-24.69814,1.7963006,0.5987669,0.23200001,0.0,0.34593284,0.0,0.0
hardzero_only__c0p58__z1p00__lam0p000__nu0p50__psi0p00,0.069,borrow,32,952,0.0,16,-0.5495026,-0.53979295,-0.53979295,0.8516456,0.14071953,0.14071953,1.0,0.009709648,0.069,0.0,0.0,0.5495026,0.53979295,-25.028446,1.8736577,0.6245526,0.216,0.0,0.35611567,0.0,0.0
hardzero_only__c0p58__z1p00__lam0p000__nu0p50__psi0p00,0.069,borrow,32,953,0.0,16,-0.53979295,-0.52912617,-0.52912617,0.8108156,0.15459108,0.15459108,1.0,0.010666785,0.069,0.0,0.0,0.53979295,0.52912617,-23.56001,1.7838299,0.59461,0.272,0.0,0.33827382,0.0,0.0
hardzero_only__c0p58__z1p00__lam0p000__nu0p50__psi0p00,0.069,borrow,32,954,0.0,16,-0.52912617,-0.5184134,-0.5184134,0.80894905,0.15525693,0.15525693,1.0,0.010712728,0.069,0.0,0.0,0.52912617,0.5184134,-25.211746,1.7797234,0.59324116,0.256,0.0,0.3618433,0.0,0.0
hardzero_only__c0p58__z1p00__lam0p000__nu0p50__psi0p00,0.069,borrow,32,955,0.0,16,-0.5184134,-0.50779736,-0.50779736,0.812885,0.1538562,0.1538562,1.0,0.010616078,0.069,0.0,0.0,0.5184134,0.50779736,-25.13608,1.7883826,0.59612757,0.192,0.0,0.3416389,0.0,0.0
hardzero_only__c0p58__z1p00__lam0p000__nu0p50__psi0p00,0.069,borrow,32,956,0.0,16,-0.50779736,-0.49736875,-0.49736875,0.8206226,0.15113929,0.15113929,1.0,0.01042861,0.069,0.0,0.0,0.50779736,0.49736875,-24.129978,1.8054059,0.601802,0.24800001,0.0,0.33514583,0.0,0.0
hardzero_only__c0p58__z1p00__lam0p000__nu0p50__psi0p00,0.069,borrow,32,957,0.0,16,-0.49736875,-0.48689368,-0.48689368,0.81869173,0.15181276,0.15181276,1.0,0.01047508,0.069,0.0,0.0,0.49736875,0.48689368,-24.354301,1.8011578,0.60038596,0.272,0.0,0.3220813,0.0,0.0
hardzero_only__c0p58__z1p00__lam0p000__nu0p50__psi0p00,0.069,borrow,32,958,0.0,16,-0.48689368,-0.47710228,-0.47710228,0.8480042,0.14190435,0.14190435,1.0,0.0097914,0.069,0.0,0.0,0.48689368,0.47710228,-25.431036,1.8656466,0.6218822,0.24000001,0.0,0.34770045,0.0,0.0
hardzero_only__c0p58__z1p00__lam0p000__nu0p50__psi0p00,0.069,borrow,32,959,0.0,16,-0.47710228,-0.4653964,-0.4653964,0.7704453,0.16965032,0.16965032,1.0,0.011705872,0.069,0.0,0.0,0.47710228,0.4653964,-23.773058,1.6950135,0.5650045,0.272,0.0,0.3395191,0.0,0.0
hardzero_only__c0p58__z1p00__lam0p000__nu0p50__psi0p00,0.069,borrow,32,960,0.0,16,-0.4653964,-0.4558477,-0.4558477,0.8589047,0.138387,0.138387,1.0,0.009548702,0.069,0.0,0.0,0.4653964,0.4558477,-25.591986,1.889628,0.629876,0.16800001,0.0,0.33450475,0.0,0.0
hardzero_only__c0p58__z1p00__lam0p000__nu0p50__psi0p00,0.069,borrow,32,961,0.0,16,-0.4558477,-0.4459009,-0.4459009,0.8411649,0.1441568,0.1441568,1.0,0.009946818,0.069,0.0,0.0,0.4558477,0.4459009,-25.769676,1.8505996,0.6168666,0.23200001,0.0,0.34914672,0.0,0.0
hardzero_only__c0p58__z1p00__lam0p000__nu0p50__psi0p00,0.069,borrow,32,962,0.0,16,-0.4459009,-0.43561077,-0.43561077,0.82642835,0.14913227,0.14913227,1.0,0.010290126,0.069,0.0,0.0,0.4459009,0.43561077,-24.090734,1.8181787,0.60605955,0.14999999,0.0,0.2770844,0.0,0.0
hardzero_only__c0p58__z1p00__lam0p000__nu0p50__psi0p00,0.069,borrow,32,963,0.0,16,-0.43561077,-0.42555776,-0.42555776,0.83655363,0.14569558,0.14569558,1.0,0.010052995,0.069,0.0,0.0,0.43561077,0.42555776,-24.88267,1.8404547,0.6134849,0.192,0.0,0.3608537,0.0,0.0
hardzero_only__c0p58__z1p00__lam0p000__nu0p50__psi0p00,0.069,borrow,32,964,0.0,16,-0.42555776,-0.4149383,-0.4149383,0.8127463,0.15390535,0.15390535,1.0,0.010619469,0.069,0.0,0.0,0.42555776,0.4149383,-25.269981,1.7880775,0.5960258,0.24800001,0.0,0.34518462,0.0,0.0
hardzero_only__c0p58__z1p00__lam0p000__nu0p50__psi0p00,0.069,borrow,32,965,0.0,16,-0.4149383,-0.40506667,-0.40506667,0.84446007,0.14306715,0.14306715,1.0,0.009871633,0.069,0.0,0.0,0.4149383,0.40506667,-24.951067,1.8578492,0.6192831,0.208,0.0,0.31400248,0.0,0.0
hardzero_only__c0p58__z1p00__lam0p000__nu0p50__psi0p00,0.069,borrow,32,966,0.0,16,-0.40506667,-0.3940075,-0.3940075,0.7951262,0.16027796,0.16027796,1.0,0.011059179,0.069,0.0,0.0,0.40506667,0.3940075,-24.116589,1.7493125,0.5831042,0.24800001,0.0,0.33144063,0.0,0.0
hardzero_only__c0p58__z1p00__lam0p000__nu0p50__psi0p00,0.069,borrow,32,967,0.0,16,-0.3940075,-0.38296592,-0.38296592,0.7958173,0.1600231,0.1600231,1.0,0.011041593,0.069,0.0,0.0,0.3940075,0.38296592,-23.879185,1.750833,0.583611,0.264,0.0,0.34378952,0.0,0.0
hardzero_only__c0p58__z1p00__lam0p000__nu0p50__psi0p00,0.069,borrow,32,968,0.0,16,-0.38296592,-0.37202805,-0.37202805,0.7999162,0.1585199,0.1585199,1.0,0.010937872,0.069,0.0,0.0,0.38296592,0.37202805,-23.645983,1.7598509,0.586617,0.208,0.0,0.32638958,0.0,0.0
hardzero_only__c0p58__z1p00__lam0p000__nu0p50__psi0p00,0.069,borrow,32,969,0.0,16,-0.37202805,-0.36133274,-0.36133274,0.80965626,0.1550043,0.1550043,1.0,0.010695296,0.069,0.0,0.0,0.37202805,0.36133274,-24.19696,1.7812793,0.5937598,0.224,0.008,0.34619823,0.0,0.0
hardzero_only__c0p58__z1p00__lam0p000__nu0p50__psi0p00,0.069,borrow,32,970,0.0,16,-0.36133274,-0.35081154,-0.35081154,0.81678396,0.1524811,0.1524811,1.0,0.010521195,0.069,0.0,0.0,0.36133274,0.35081154,-24.17105,1.7969606,0.59898686,0.216,0.0,0.3542058,0.0,0.0
hardzero_only__c0p58__z1p00__lam0p000__nu0p50__psi0p00,0.069,borrow,32,971,0.0,16,-0.35081154,-0.34003225,-0.34003225,0.80625933,0.15622145,0.15622145,1.0,0.010779279,0.069,0.0,0.0,0.35081154,0.34003225,-24.282656,1.773806,0.59126866,0.23200001,0.0,0.3443658,0.0,0.0
hardzero_only__c0p58__z1p00__lam0p000__nu0p50__psi0p00,0.069,borrow,32,972,0.0,16,-0.34003225,-0.3288098,-0.3288098,0.78876084,0.16264442,0.16264442,1.0,0.011222464,0.069,0.0,0.0,0.34003225,0.3288098,-24.348524,1.7353085,0.5784362,0.272,0.0,0.34427452,0.0,0.0
hardzero_only__c0p58__z1p00__lam0p000__nu0p50__psi0p00,0.069,borrow,32,973,0.0,16,-0.3288098,-0.3190051,-0.3190051,0.84741485,0.14209707,0.14209707,1.0,0.009804698,0.069,0.0,0.0,0.3288098,0.3190051,-24.761356,1.86435,0.62145,0.264,0.0,0.3385987,0.0,0.0
hardzero_only__c0p58__z1p00__lam0p000__nu0p50__psi0p00,0.069,borrow,32,974,0.0,16,-0.3190051,-0.30905804,-0.30905804,0.84115416,0.14416035,0.14416035,1.0,0.009947063,0.069,0.0,0.0,0.3190051,0.30905804,-25.103855,1.850576,0.6168587,0.136,0.0,0.36925727,0.0,0.0
hardzero_only__c0p58__z1p00__lam0p000__nu0p50__psi0p00,0.069,borrow,32,975,0.0,16,-0.30905804,-0.2991211,-0.2991211,0.8415966,0.14401355,0.14401355,1.0,0.009936935,0.069,0.0,0.0,0.30905804,0.2991211,-26.17737,1.8515495,0.6171832,0.19999999,0.0,0.31833905,0.0,0.0
hardzero_only__c0p58__z1p00__lam0p000__nu0p50__psi0p00,0.069,borrow,32,976,0.0,16,-0.2991211,-0.28826007,-0.28826007,0.802978,0.15740627,0.15740627,1.0,0.010861033,0.069,0.0,0.0,0.2991211,0.28826007,-24.594364,1.7665868,0.5888623,0.30400002,0.016,0.3453634,0.0,0.0
hardzero_only__c0p58__z1p00__lam0p000__nu0p50__psi0p00,0.069,borrow,32,977,0.0,16,-0.28826007,-0.2784196,-0.2784196,0.8458331,0.14261554,0.14261554,1.0,0.009840473,0.069,0.0,0.0,0.28826007,0.2784196,-25.181017,1.86087,0.62029004,0.216,0.0,0.32974508,0.0,0.0
hardzero_only__c0p58__z1p00__lam0p000__nu0p50__psi0p00,0.069,borrow,32,978,0.0,16,-0.2784196,-0.26663762,-0.26663762,0.7676306,0.17075342,0.17075342,1.0,0.011781986,0.069,0.0,0.0,0.2784196,0.26663762,-23.544947,1.688821,0.56294036,0.296,0.008,0.3444727,0.0,0.0
hardzero_only__c0p58__z1p00__lam0p000__nu0p50__psi0p00,0.069,borrow,32,979,0.0,16,-0.26663762,-0.25733033,-0.25733033,0.8700257,0.1348883,0.1348883,1.0,0.009307293,0.069,0.0,0.0,0.26663762,0.25733033,-25.09192,1.9140948,0.6380316,0.136,0.0,0.30834234,0.0,0.0
hardzero_only__c0p58__z1p00__lam0p000__nu0p50__psi0p00,0.069,borrow,32,980,0.0,16,-0.25733033,-0.24749368,-0.24749368,0.8460023,0.14256,0.14256,1.0,0.00983664,0.069,0.0,0.0,0.25733033,0.24749368,-25.158142,1.8612422,0.6204141,0.224,0.0,0.34900728,0.0,0.0
hardzero_only__c0p58__z1p00__lam0p000__nu0p50__psi0p00,0.069,borrow,32,981,0.0,16,-0.24749368,-0.23764971,-0.23764971,0.8456784,0.14266637,0.14266637,1.0,0.009843979,0.069,0.0,0.0,0.24749368,0.23764971,-25.746899,1.8605295,0.62017655,0.2,0.0,0.35103548,0.0,0.0
hardzero_only__c0p58__z1p00__lam0p000__nu0p50__psi0p00,0.069,borrow,32,982,0.0,16,-0.23764971,-0.22786228,-0.22786228,0.8481806,0.14184675,0.14184675,1.0,0.009787425,0.069,0.0,0.0,0.23764971,0.22786228,-24.795979,1.8660346,0.62201154,0.224,0.0,0.3490279,0.0,0.0
hardzero_only__c0p58__z1p00__lam0p000__nu0p50__psi0p00,0.069,borrow,32,983,0.0,16,-0.22786228,-0.21764232,-0.21764232,0.82940006,0.14811529,0.14811529,1.0,0.010219955,0.069,0.0,0.0,0.22786228,0.21764232,-24.517384,1.8247166,0.6082389,0.17600001,0.0,0.35367024,0.0,0.0
hardzero_only__c0p58__z1p00__lam0p000__nu0p50__psi0p00,0.069,borrow,32,984,0.0,16,-0.21764232,-0.20765792,-0.20765792,0.83952713,0.14470144,0.14470144,1.0,0.009984399,0.069,0.0,0.0,0.21764232,0.20765792,-25.675152,1.8469965,0.61566556,0.30400002,0.008,0.3664316,0.0,0.0
hardzero_only__c0p58__z1p00__lam0p000__nu0p50__psi0p00,0.069,borrow,32,985,0.0,16,-0.20765792,-0.19709781,-0.19709781,0.8151805,0.15304512,0.15304512,1.0,0.010560113,0.069,0.0,0.0,0.20765792,0.19709781,-24.192987,1.7934328,0.597811,0.17600001,0.0,0.33259478,0.0,0.0
hardzero_only__c0p58__z1p00__lam0p000__nu0p50__psi0p00,0.069,borrow,32,986,0.0,16,-0.19709781,-0.18590192,-0.18590192,0.7897906,0.16225924,0.16225924,1.0,0.011195887,0.069,0.0,0.0,0.19709781,0.18590192,-23.96703,1.737574,0.5791913,0.216,0.0,0.3373902,0.0,0.0
hardzero_only__c0p58__z1p00__lam0p000__nu0p50__psi0p00,0.069,borrow,32,987,0.0,16,-0.18590192,-0.17497736,-0.17497736,0.8004449,0.15832704,0.15832704,1.0,0.010924566,0.069,0.0,0.0,0.18590192,0.17497736,-23.955248,1.761014,0.58700466,0.28800002,0.0,0.32128897,0.0,0.0
hardzero_only__c0p58__z1p00__lam0p000__nu0p50__psi0p00,0.069,borrow,32,988,0.0,16,-0.17497736,-0.16468853,-0.16468853,0.8264827,0.1491136,0.1491136,1.0,0.010288837,0.069,0.0,0.0,0.17497736,0.16468853,-24.197983,1.8182983,0.6060995,0.22,0.0,0.30723166,0.0,0.0
hardzero_only__c0p58__z1p00__lam0p000__nu0p50__psi0p00,0.069,borrow,32,989,0.0,16,-0.16468853,-0.15543015,-0.15543015,0.8723141,0.13417943,0.13417943,1.0,0.00925838,0.069,0.0,0.0,0.16468853,0.15543015,-26.532236,1.9191294,0.63970983,0.24000001,0.0,0.37587833,0.0,0.0
hardzero_only__c0p58__z1p00__lam0p000__nu0p50__psi0p00,0.069,borrow,32,990,0.0,16,-0.15543015,-0.14441971,-0.14441971,0.79704463,0.15957151,0.15957151,1.0,0.0110104345,0.069,0.0,0.0,0.15543015,0.14441971,-24.336212,1.7535332,0.5845111,0.272,0.0,0.35121435,0.0,0.0
hardzero_only__c0p58__z1p00__lam0p000__nu0p50__psi0p00,0.069,borrow,32,991,0.0,16,-0.14441971,-0.13375176,-0.13375176,0.8107683,0.1546079,0.1546079,1.0,0.010667945,0.069,0.0,0.0,0.14441971,0.13375176,-24.700886,1.7837259,0.5945753,0.296,0.0,0.34285182,0.0,0.0
hardzero_only__c0p58__z1p00__lam0p000__nu0p50__psi0p00,0.069,borrow,32,992,0.0,16,-0.13375176,-0.12389031,-0.12389031,0.84490794,0.14291967,0.14291967,1.0,0.009861457,0.069,0.0,0.0,0.13375176,0.12389031,-24.836678,1.8588346,0.61961156,0.23200001,0.0,0.32771042,0.0,0.0
hardzero_only__c0p58__z1p00__lam0p000__nu0p50__psi0p00,0.069,borrow,32,993,0.0,16,-0.12389031,-0.11238934,-0.11238934,0.77811474,0.16668066,0.16668066,1.0,0.011500966,0.069,0.0,0.0,0.12389031,0.11238934,-24.027391,1.7118866,0.5706289,0.312,0.008,0.33957326,0.0,0.0
hardzero_only__c0p58__z1p00__lam0p000__nu0p50__psi0p00,0.069,borrow,32,994,0.0,16,-0.11238934,-0.10230377,-0.10230377,0.8351487,0.14616767,0.14616767,1.0,0.010085569,0.069,0.0,0.0,0.11238934,0.10230377,-25.079685,1.8373638,0.61245465,0.224,0.0,0.34385213,0.0,0.0
hardzero_only__c0p58__z1p00__lam0p000__nu0p50__psi0p00,0.069,borrow,32,995,0.0,16,-0.10230377,-0.091528706,-0.091528706,0.80642915,0.15616038,0.15616038,1.0,0.010775066,0.069,0.0,0.0,0.10230377,0.091528706,-23.395706,1.7741796,0.59139323,0.272,0.0,0.31700268,0.0,0.0
hardzero_only__c0p58__z1p00__lam0p000__nu0p50__psi0p00,0.069,borrow,32,996,0.0,16,-0.091528706,-0.08016132,-0.08016132,0.78318834,0.16474478,0.16474478,1.0,0.01136739,0.069,0.0,0.0,0.091528706,0.08016132,-24.364786,1.7230488,0.57434964,0.32000002,0.0,0.34365803,0.0,0.0
hardzero_only__c0p58__z1p00__lam0p000__nu0p50__psi0p00,0.069,borrow,32,997,0.0,16,-0.08016132,-0.069813535,-0.069813535,0.82400185,0.14996783,0.14996783,1.0,0.010347781,0.069,0.0,0.0,0.08016132,0.069813535,-25.228643,1.8128402,0.6042801,0.224,0.0,0.33793873,0.0,0.0
hardzero_only__c0p58__z1p00__lam0p000__nu0p50__psi0p00,0.069,borrow,32,998,0.0,16,-0.069813535,-0.058714967,-0.058714967,0.7935822,0.1608488,0.1608488,1.0,0.011098566,0.069,0.0,0.0,0.069813535,0.058714967,-23.358604,1.7459157,0.5819719,0.28,0.008,0.34485337,0.0,0.0
hardzero_only__c0p58__z1p00__lam0p000__nu0p50__psi0p00,0.069,borrow,32,999,0.0,16,-0.058714967,-0.048363954,-0.048363954,0.8238662,0.1500147,0.1500147,1.0,0.010351014,0.069,0.0,0.0,0.058714967,0.048363954,-24.52433,1.8125418,0.60418063,0.23200001,0.0,0.35154676,0.0,0.0
hardzero_only__c0p58__z1p00__lam0p000__nu0p50__psi0p00,0.069,borrow,32,1000,0.0,16,-0.048363954,-0.036366116,-0.036366116,0.7597461,0.17388172,0.17388172,1.0,0.0119978385,0.069,0.0,0.0,0.048363954,0.036366116,-23.242146,1.6714747,0.55715823,0.224,0.0,0.3523439,0.0,0.0
hardzero_only__c0p58__z1p00__lam0p000__nu0p50__psi0p00,0.069,borrow,32,1001,0.0,16,-0.036366116,-0.026246838,-0.026246838,0.8336996,0.1466562,0.1466562,1.0,0.010119278,0.069,0.0,0.0,0.036366116,0.026246838,-24.839594,1.8341757,0.6113919,0.22,0.0,0.30142295,0.0,0.0
hardzero_only__c0p58__z1p00__lam0p000__nu0p50__psi0p00,0.069,borrow,32,1002,0.0,16,-0.026246838,-0.01600135,-0.01600135,0.8283164,0.14848535,0.14848535,1.0,0.010245489,0.069,0.0,0.0,0.026246838,0.01600135,-24.321505,1.8223325,0.60744417,0.2,0.0,0.32493725,0.0,0.0
hardzero_only__c0p58__z1p00__lam0p000__nu0p50__psi0p00,0.069,borrow,32,1003,1.0,17,-0.01600135,-0.5866849,-0.5866849,0.86959916,0.13502085,0.13502085,1.0,0.009316439,0.069,0.0,0.0,0.01600135,0.5866849,-25.477335,1.9131564,0.6377188,0.24800001,0.008,0.34245104,0.0,0.0
hardzero_only__c0p58__z1p00__lam0p000__nu0p50__psi0p00,0.069,borrow,32,1004,0.0,17,-0.5866849,-0.57600546,-0.57600546,0.8103019,0.15477404,0.15477404,1.0,0.010679409,0.069,0.0,0.0,0.5866849,0.57600546,-24.310043,1.7826998,0.5942333,0.208,0.0,0.40377173,0.0,0.0
hardzero_only__c0p58__z1p00__lam0p000__nu0p50__psi0p00,0.069,borrow,32,1005,0.0,17,-0.57600546,-0.56592476,-0.56592476,0.8353596,0.14609672,0.14609672,1.0,0.010080674,0.069,0.0,0.0,0.57600546,0.56592476,-25.327143,1.8378278,0.61260927,0.18400002,0.0,0.3997149,0.0,0.0
hardzero_only__c0p58__z1p00__lam0p000__nu0p50__psi0p00,0.069,borrow,32,1006,0.0,17,-0.56592476,-0.5543247,-0.5543247,0.77438766,0.16811728,0.16811728,1.0,0.011600092,0.069,0.0,0.0,0.56592476,0.5543247,-23.409973,1.7036868,0.56789565,0.328,0.008,0.3883312,0.0,0.0
hardzero_only__c0p58__z1p00__lam0p000__nu0p50__psi0p00,0.069,borrow,32,1007,0.0,17,-0.5543247,-0.5440285,-0.5440285,0.8261741,0.14921962,0.14921962,1.0,0.010296153,0.069,0.0,0.0,0.5543247,0.5440285,-25.417498,1.8176193,0.6058731,0.24000001,0.0,0.40429255,0.0,0.0
hardzero_only__c0p58__z1p00__lam0p000__nu0p50__psi0p00,0.069,borrow,32,1008,0.0,17,-0.5440285,-0.5329504,-0.5329504,0.7943822,0.16055275,0.16055275,1.0,0.01107814,0.069,0.0,0.0,0.5440285,0.5329504,-23.4426,1.7476758,0.58255863,0.224,0.0,0.39528558,0.0,0.0
hardzero_only__c0p58__z1p00__lam0p000__nu0p50__psi0p00,0.069,borrow,32,1009,0.0,17,-0.5329504,-0.5217796,-0.5217796,0.79076475,0.16189568,0.16189568,1.0,0.011170802,0.069,0.0,0.0,0.5329504,0.5217796,-24.70722,1.7397171,0.57990575,0.33600003,0.0,0.4466709,0.0,0.0
hardzero_only__c0p58__z1p00__lam0p000__nu0p50__psi0p00,0.069,borrow,32,1010,0.0,17,-0.5217796,-0.50957423,-0.50957423,0.752299,0.17688905,0.17688905,1.0,0.012205344,0.069,0.0,0.0,0.5217796,0.50957423,-22.994915,1.6550909,0.551697,0.30400002,0.0,0.38984448,0.0,0.0
hardzero_only__c0p58__z1p00__lam0p000__nu0p50__psi0p00,0.069,borrow,32,1011,0.0,17,-0.50957423,-0.498654,-0.498654,0.80061775,0.15826404,0.15826404,1.0,0.010920218,0.069,0.0,0.0,0.50957423,0.498654,-24.323776,1.7613943,0.58713144,0.28,0.0,0.40426686,0.0,0.0
hardzero_only__c0p58__z1p00__lam0p000__nu0p50__psi0p00,0.069,borrow,32,1012,0.0,17,-0.498654,-0.48734966,-0.48734966,0.7856031,0.16383131,0.16383131,1.0,0.01130436,0.069,0.0,0.0,0.498654,0.48734966,-22.94395,1.7283614,0.5761205,0.272,0.0,0.38461137,0.0,0.0
hardzero_only__c0p58__z1p00__lam0p000__nu0p50__psi0p00,0.069,borrow,32,1013,0.0,17,-0.48734966,-0.4762664,-0.4762664,0.79418254,0.1606266,0.1606266,1.0,0.011083235,0.069,0.0,0.0,0.48734966,0.4762664,-23.870981,1.7472365,0.5824122,0.328,0.0,0.39444897,0.0,0.0
hardzero_only__c0p58__z1p00__lam0p000__nu0p50__psi0p00,0.069,borrow,32,1014,0.0,17,-0.4762664,-0.46564373,-0.46564373,0.8126152,0.15395181,0.15395181,1.0,0.010622675,0.069,0.0,0.0,0.4762664,0.46564373,-24.368155,1.7877892,0.59592974,0.34,0.0,0.34284654,0.0,0.0
hardzero_only__c0p58__z1p00__lam0p000__nu0p50__psi0p00,0.069,borrow,32,1015,0.0,17,-0.46564373,-0.45515648,-0.45515648,0.8181874,0.15198915,0.15198915,1.0,0.010487251,0.069,0.0,0.0,0.46564373,0.45515648,-24.341131,1.8000482,0.6000161,0.224,0.0,0.39249218,0.0,0.0
hardzero_only__c0p58__z1p00__lam0p000__nu0p50__psi0p00,0.069,borrow,32,1016,0.0,17,-0.45515648,-0.44470027,-0.44470027,0.8194755,0.15153904,0.15153904,1.0,0.010456193,0.069,0.0,0.0,0.45515648,0.44470027,-24.261307,1.8028821,0.60096073,0.30400002,0.0,0.381777,0.0,0.0
hardzero_only__c0p58__z1p00__lam0p000__nu0p50__psi0p00,0.069,borrow,32,1017,0.0,17,-0.44470027,-0.43385363,-0.43385363,0.8035531,0.15719795,0.15719795,1.0,0.010846659,0.069,0.0,0.0,0.44470027,0.43385363,-24.40008,1.7678522,0.58928406,0.296,0.0,0.39808863,0.0,0.0
hardzero_only__c0p58__z1p00__lam0p000__nu0p50__psi0p00,0.069,borrow,32,1018,0.0,17,-0.43385363,-0.4236186,-0.4236186,0.8287608,0.14833349,0.14833349,1.0,0.010235011,0.069,0.0,0.0,0.43385363,0.4236186,-24.643068,1.8233101,0.6077701,0.192,0.0,0.40606102,0.0,0.0
hardzero_only__c0p58__z1p00__lam0p000__nu0p50__psi0p00,0.069,borrow,32,1019,0.0,17,-0.4236186,-0.41323844,-0.41323844,0.8226438,0.15043753,0.15043753,1.0,0.01038019,0.069,0.0,0.0,0.4236186,0.41323844,-24.557526,1.8098525,0.6032842,0.208,0.008,0.4143762,0.0,0.0
hardzero_only__c0p58__z1p00__lam0p000__nu0p50__psi0p00,0.069,borrow,32,1020,0.0,17,-0.41323844,-0.402678,-0.402678,0.8151683,0.15304941,0.15304941,1.0,0.010560409,0.069,0.0,0.0,0.41323844,0.402678,-24.3596,1.7934061,0.59780204,0.272,0.0,0.40506658,0.0,0.0
hardzero_only__c0p58__z1p00__lam0p000__nu0p50__psi0p00,0.069,borrow,32,1021,0.0,17,-0.402678,-0.3918222,-0.3918222,0.8031861,0.15733083,0.15733083,1.0,0.010855827,0.069,0.0,0.0,0.402678,0.3918222,-24.515917,1.7670448,0.58901495,0.28,0.0,0.44814235,0.0,0.0
hardzero_only__c0p58__z1p00__lam0p000__nu0p50__psi0p00,0.069,borrow,32,1022,0.0,17,-0.3918222,-0.38071406,-0.38071406,0.7932086,0.16098723,0.16098723,1.0,0.011108118,0.069,0.0,0.0,0.3918222,0.38071406,-23.416195,1.7450938,0.58169794,0.24800001,0.0,0.39601594,0.0,0.0
hardzero_only__c0p58__z1p00__lam0p000__nu0p50__psi0p00,0.069,borrow,32,1023,0.0,17,-0.38071406,-0.3702879,-0.3702879,0.82072455,0.15110382,0.15110382,1.0,0.010426164,0.069,0.0,0.0,0.38071406,0.3702879,-24.043234,1.8056301,0.60187674,0.256,0.0,0.3766873,0.0,0.0
hardzero_only__c0p58__z1p00__lam0p000__nu0p50__psi0p00,0.069,borrow,32,1024,0.0,17,-0.3702879,-0.35986614,-0.35986614,0.82090855,0.15103981,0.15103981,1.0,0.010421746,0.069,0.0,0.0,0.3702879,0.35986614,-24.853006,1.8060348,0.6020116,0.192,0.0,0.38860008,0.0,0.0
hardzero_only__c0p58__z1p00__lam0p000__nu0p50__psi0p00,0.069,borrow,32,1025,0.0,17,-0.35986614,-0.34988865,-0.34988865,0.83982825,0.14460115,0.14460115,1.0,0.009977479,0.069,0.0,0.0,0.35986614,0.34988865,-24.154657,1.847659,0.61588633,0.28,0.008,0.37334305,0.0,0.0
hardzero_only__c0p58__z1p00__lam0p000__nu0p50__psi0p00,0.069,borrow,32,1026,0.0,17,-0.34988865,-0.3389771,-0.3389771,0.80096304,0.15813826,0.15813826,1.0,0.01091154,0.069,0.0,0.0,0.34988865,0.3389771,-24.009296,1.7621539,0.58738464,0.328,0.0,0.4557723,0.0,0.0
hardzero_only__c0p58__z1p00__lam0p000__nu0p50__psi0p00,0.069,borrow,32,1027,0.0,17,-0.3389771,-0.3285679,-0.3285679,0.82143176,0.15085796,0.15085796,1.0,0.010409199,0.069,0.0,0.0,0.3389771,0.3285679,-24.151228,1.8071859,0.6023953,0.25,0.0,0.34352788,0.0,0.0
hardzero_only__c0p58__z1p00__lam0p000__nu0p50__psi0p00,0.069,borrow,32,1028,0.0,17,-0.3285679,-0.31729355,-0.31729355,0.78675836,0.16339608,0.16339608,1.0,0.011274328,0.069,0.0,0.0,0.3285679,0.31729355,-24.168108,1.7309029,0.57696766,0.28800002,0.008,0.41007802,0.0,0.0
hardzero_only__c0p58__z1p00__lam0p000__nu0p50__psi0p00,0.069,borrow,32,1029,0.0,17,-0.31729355,-0.30630714,-0.30630714,0.7979934,0.15922329,0.15922329,1.0,0.010986406,0.069,0.0,0.0,0.31729355,0.30630714,-24.692736,1.7556206,0.58520687,0.24800001,0.0,0.4073545,0.0,0.0
hardzero_only__c0p58__z1p00__lam0p000__nu0p50__psi0p00,0.069,borrow,32,1030,0.0,17,-0.30630714,-0.2951665,-0.2951665,0.7919391,0.16145849,0.16145849,1.0,0.011140635,0.069,0.0,0.0,0.30630714,0.2951665,-23.869047,1.7423007,0.5807669,0.208,0.0,0.3982209,0.0,0.0
hardzero_only__c0p58__z1p00__lam0p000__nu0p50__psi0p00,0.069,borrow,32,1031,0.0,17,-0.2951665,-0.2851647,-0.2851647,0.83877134,0.14495349,0.14495349,1.0,0.010001791,0.069,0.0,0.0,0.2951665,0.2851647,-25.025034,1.8453338,0.6151113,0.264,0.0,0.41329658,0.0,0.0
hardzero_only__c0p58__z1p00__lam0p000__nu0p50__psi0p00,0.069,borrow,32,1032,0.0,17,-0.2851647,-0.274751,-0.274751,0.8212442,0.15092312,0.15092312,1.0,0.010413695,0.069,0.0,0.0,0.2851647,0.274751,-24.694237,1.8067733,0.6022578,0.264,0.0,0.3904822,0.0,0.0
hardzero_only__c0p58__z1p00__lam0p000__nu0p50__psi0p00,0.069,borrow,32,1033,0.0,17,-0.274751,-0.26422116,-0.26422116,0.8164269,0.15260655,0.15260655,1.0,0.010529852,0.069,0.0,0.0,0.274751,0.26422116,-25.553982,1.796175,0.598725,0.24800001,0.0,0.4127481,0.0,0.0
hardzero_only__c0p58__z1p00__lam0p000__nu0p50__psi0p00,0.069,borrow,32,1034,0.0,17,-0.26422116,-0.25367108,-0.25367108,0.81559294,0.15289985,0.15289985,1.0,0.010550089,0.069,0.0,0.0,0.26422116,0.25367108,-24.183813,1.7943404,0.5981135,0.264,0.0,0.3991852,0.0,0.0
hardzero_only__c0p58__z1p00__lam0p000__nu0p50__psi0p00,0.069,borrow,32,1035,0.0,17,-0.25367108,-0.24372168,-0.24372168,0.84105206,0.14419423,0.14419423,1.0,0.009949402,0.069,0.0,0.0,0.25367108,0.24372168,-24.69819,1.8503515,0.61678386,0.24000001,0.0,0.40351665,0.0,0.0
hardzero_only__c0p58__z1p00__lam0p000__nu0p50__psi0p00,0.069,borrow,32,1036,0.0,17,-0.24372168,-0.23222677,-0.23222677,0.7783435,0.16659291,0.16659291,1.0,0.01149491,0.069,0.0,0.0,0.24372168,0.23222677,-23.205553,1.7123898,0.5707966,0.28,0.0,0.39528653,0.0,0.0
hardzero_only__c0p58__z1p00__lam0p000__nu0p50__psi0p00,0.069,borrow,32,1037,0.0,17,-0.23222677,-0.22174722,-0.22174722,0.81850636,0.15187757,0.15187757,1.0,0.010479552,0.069,0.0,0.0,0.23222677,0.22174722,-24.540712,1.8007499,0.60025,0.224,0.0,0.39719778,0.0,0.0
hardzero_only__c0p58__z1p00__lam0p000__nu0p50__psi0p00,0.069,borrow,32,1038,0.0,17,-0.22174722,-0.21015218,-0.21015218,0.77457666,0.16804413,0.16804413,1.0,0.011595045,0.069,0.0,0.0,0.22174722,0.21015218,-24.420841,1.7041026,0.56803423,0.272,0.0,0.42771393,0.0,0.0
hardzero_only__c0p58__z1p00__lam0p000__nu0p50__psi0p00,0.069,borrow,32,1039,0.0,17,-0.21015218,-0.19970451,-0.19970451,0.81982964,0.15141551,0.15141551,1.0,0.01044767,0.069,0.0,0.0,0.21015218,0.19970451,-24.9605,1.8036612,0.6012204,0.224,0.0,0.3976973,0.0,0.0
hardzero_only__c0p58__z1p00__lam0p000__nu0p50__psi0p00,0.069,borrow,32,1040,0.0,17,-0.19970451,-0.18876968,-0.18876968,0.8000368,0.15847589,0.15847589,1.0,0.010934836,0.069,0.0,0.0,0.19970451,0.18876968,-24.082253,1.7601161,0.5867054,0.29,0.01,0.36103395,0.0,0.0
hardzero_only__c0p58__z1p00__lam0p000__nu0p50__psi0p00,0.069,borrow,32,1041,0.0,17,-0.18876968,-0.17824367,-0.17824367,0.8165848,0.15255104,0.15255104,1.0,0.010526022,0.069,0.0,0.0,0.18876968,0.17824367,-24.533285,1.7965225,0.59884083,0.28800002,0.0,0.39036512,0.0,0.0
hardzero_only__c0p58__z1p00__lam0p000__nu0p50__psi0p00,0.069,borrow,32,1042,0.0,17,-0.17824367,-0.16788623,-0.16788623,0.82359636,0.15010794,0.15010794,1.0,0.010357447,0.069,0.0,0.0,0.17824367,0.16788623,-24.834925,1.8119482,0.60398275,0.216,0.0,0.3975262,0.0,0.0
hardzero_only__c0p58__z1p00__lam0p000__nu0p50__psi0p00,0.069,borrow,32,1043,0.0,17,-0.16788623,-0.15765929,-0.15765929,0.8291039,0.14821635,0.14821635,1.0,0.010226928,0.069,0.0,0.0,0.16788623,0.15765929,-24.75369,1.824065,0.6080217,0.24000001,0.0,0.40900037,0.0,0.0
hardzero_only__c0p58__z1p00__lam0p000__nu0p50__psi0p00,0.069,borrow,32,1044,0.0,17,-0.15765929,-0.14654237,-0.14654237,0.79286474,0.16111474,0.16111474,1.0,0.011116916,0.069,0.0,0.0,0.15765929,0.14654237,-24.466326,1.7443373,0.5814458,0.28800002,0.0,0.40970367,0.0,0.0
hardzero_only__c0p58__z1p00__lam0p000__nu0p50__psi0p00,0.069,borrow,32,1045,0.0,17,-0.14654237,-0.13592425,-0.13592425,0.81280166,0.15388572,0.15388572,1.0,0.010618115,0.069,0.0,0.0,0.14654237,0.13592425,-24.21103,1.7881993,0.5960665,0.23200001,0.0,0.38259763,0.0,0.0
hardzero_only__c0p58__z1p00__lam0p000__nu0p50__psi0p00,0.069,borrow,32,1046,0.0,17,-0.13592425,-0.12528093,-0.12528093,0.8117721,0.15425096,0.15425096,1.0,0.010643316,0.069,0.0,0.0,0.13592425,0.12528093,-24.572735,1.7859343,0.59531146,0.264,0.0,0.39405704,0.0,0.0
hardzero_only__c0p58__z1p00__lam0p000__nu0p50__psi0p00,0.069,borrow,32,1047,0.0,17,-0.12528093,-0.11507039,-0.11507039,0.82980025,0.1479789,0.1479789,1.0,0.010210544,0.069,0.0,0.0,0.12528093,0.11507039,-25.782095,1.825597,0.60853237,0.272,0.0,0.42239076,0.0,0.0
hardzero_only__c0p58__z1p00__lam0p000__nu0p50__psi0p00,0.069,borrow,32,1048,0.0,17,-0.11507039,-0.10366408,-0.10366408,0.781704,0.1653088,0.1653088,1.0,0.011406307,0.069,0.0,0.0,0.11507039,0.10366408,-23.988241,1.7197832,0.5732611,0.30400002,0.0,0.41546664,0.0,0.0
hardzero_only__c0p58__z1p00__lam0p000__nu0p50__psi0p00,0.069,borrow,32,1049,0.0,17,-0.10366408,-0.093909524,-0.093909524,0.8496416,0.14137036,0.14137036,1.0,0.009754554,0.069,0.0,0.0,0.10366408,0.093909524,-24.577454,1.8692489,0.623083,0.256,0.0,0.39859688,0.0,0.0
hardzero_only__c0p58__z1p00__lam0p000__nu0p50__psi0p00,0.069,borrow,32,1050,0.0,17,-0.093909524,-0.083935834,-0.083935834,0.83999336,0.1445462,0.1445462,1.0,0.009973687,0.069,0.0,0.0,0.093909524,0.083935834,-24.779148,1.8480223,0.61600745,0.216,0.0,0.38263732,0.0,0.0
hardzero_only__c0p58__z1p00__lam0p000__nu0p50__psi0p00,0.069,borrow,32,1051,0.0,17,-0.083935834,-0.07373214,-0.07373214,0.83009154,0.14787966,0.14787966,1.0,0.010203696,0.069,0.0,0.0,0.083935834,0.07373214,-24.4601,1.8262378,0.60874593,0.2,0.0,0.40365964,0.0,0.0
hardzero_only__c0p58__z1p00__lam0p000__nu0p50__psi0p00,0.069,borrow,32,1052,0.0,17,-0.07373214,-0.063480355,-0.063480355,0.8280498,0.14857654,0.14857654,1.0,0.010251781,0.069,0.0,0.0,0.07373214,0.063480355,-24.46469,1.8217459,0.60724866,0.23200001,0.0,0.39459443,0.0,0.0
hardzero_only__c0p58__z1p00__lam0p000__nu0p50__psi0p00,0.069,borrow,32,1053,0.0,17,-0.063480355,-0.05262901,-0.05262901,0.80336547,0.15726589,0.15726589,1.0,0.010851346,0.069,0.0,0.0,0.063480355,0.05262901,-24.538124,1.7674394,0.5891465,0.32999998,0.0,0.35262886,0.0,0.0
hardzero_only__c0p58__z1p00__lam0p000__nu0p50__psi0p00,0.069,borrow,32,1054,0.0,17,-0.05262901,-0.041924767,-0.041924767,0.8092932,0.15513393,0.15513393,1.0,0.010704241,0.069,0.0,0.0,0.05262901,0.041924767,-24.447153,1.7804806,0.5934936,0.28800002,0.008,0.3993871,0.0,0.0
hardzero_only__c0p58__z1p00__lam0p000__nu0p50__psi0p00,0.069,borrow,32,1055,0.0,17,-0.041924767,-0.031760335,-0.031760335,0.83176583,0.14731064,0.14731064,1.0,0.010164434,0.069,0.0,0.0,0.041924767,0.031760335,-24.432135,1.8299214,0.6099738,0.224,0.0,0.37951306,0.0,0.0
hardzero_only__c0p58__z1p00__lam0p000__nu0p50__psi0p00,0.069,borrow,32,1056,0.0,17,-0.031760335,-0.020506367,-0.020506367,0.7875435,0.16310097,0.16310097,1.0,0.011253967,0.069,0.0,0.0,0.031760335,0.020506367,-23.603853,1.7326303,0.57754344,0.296,0.0,0.38846684,0.0,0.0
hardzero_only__c0p58__z1p00__lam0p000__nu0p50__psi0p00,0.069,borrow,32,1057,0.0,17,-0.020506367,-0.009005839,-0.009005839,0.77813125,0.16667433,0.16667433,1.0,0.011500528,0.069,0.0,0.0,0.020506367,0.009005839,-23.193607,1.7119229,0.570641,0.30400002,0.0,0.41061485,0.0,0.0
hardzero_only__c0p58__z1p00__lam0p000__nu0p50__psi0p00,0.069,borrow,32,1058,1.0,18,-0.009005839,-0.57875776,-0.57875776,0.8282079,0.14852244,0.14852244,1.0,0.010248048,0.069,0.0,0.0,0.009005839,0.57875776,-24.63649,1.8220937,0.6073646,0.24000001,0.0,0.40348965,0.0,0.0
hardzero_only__c0p58__z1p00__lam0p000__nu0p50__psi0p00,0.069,borrow,32,1059,0.0,18,-0.57875776,-0.56851286,-0.56851286,0.8283403,0.14847717,0.14847717,1.0,0.010244925,0.069,0.0,0.0,0.57875776,0.56851286,-24.48247,1.8223851,0.6074617,0.23200001,0.0,0.4604246,0.0,0.0
hardzero_only__c0p58__z1p00__lam0p000__nu0p50__psi0p00,0.069,borrow,32,1060,0.0,18,-0.56851286,-0.55666125,-0.55666125,0.7650713,0.17176263,0.17176263,1.0,0.011851621,0.069,0.0,0.0,0.56851286,0.55666125,-23.412691,1.6831905,0.5610635,0.32000002,0.008,0.47290823,0.0,0.0
hardzero_only__c0p58__z1p00__lam0p000__nu0p50__psi0p00,0.069,borrow,32,1061,0.0,18,-0.55666125,-0.5461128,-0.5461128,0.8156588,0.15287666,0.15287666,1.0,0.010548489,0.069,0.0,0.0,0.55666125,0.5461128,-23.955376,1.7944852,0.59816176,0.216,0.0,0.45143318,0.0,0.0
hardzero_only__c0p58__z1p00__lam0p000__nu0p50__psi0p00,0.069,borrow,32,1062,0.0,18,-0.5461128,-0.5357446,-0.5357446,0.823148,0.15026298,0.15026298,1.0,0.010368145,0.069,0.0,0.0,0.5461128,0.5357446,-24.402555,1.8109617,0.6036539,0.23200001,0.008,0.48178804,0.0,0.0
hardzero_only__c0p58__z1p00__lam0p000__nu0p50__psi0p00,0.069,borrow,32,1063,0.0,18,-0.5357446,-0.52503353,-0.52503353,0.8090156,0.15523314,0.15523314,1.0,0.010711087,0.069,0.0,0.0,0.5357446,0.52503353,-24.76826,1.7798698,0.59329,0.2,0.0,0.44704494,0.0,0.0
hardzero_only__c0p58__z1p00__lam0p000__nu0p50__psi0p00,0.069,borrow,32,1064,0.0,18,-0.52503353,-0.51427156,-0.51427156,0.8069571,0.15597065,0.15597065,1.0,0.010761974,0.069,0.0,0.0,0.52503353,0.51427156,-24.398046,1.7753412,0.5917804,0.28800002,0.0,0.48302877,0.0,0.0
hardzero_only__c0p58__z1p00__lam0p000__nu0p50__psi0p00,0.069,borrow,32,1065,0.0,18,-0.51427156,-0.5030646,-0.5030646,0.7893593,0.16242045,0.16242045,1.0,0.011207011,0.069,0.0,0.0,0.51427156,0.5030646,-23.93613,1.7366251,0.57887506,0.23200001,0.0,0.45852047,0.0,0.0
hardzero_only__c0p58__z1p00__lam0p000__nu0p50__psi0p00,0.069,borrow,32,1066,0.0,18,-0.5030646,-0.49316952,-0.49316952,0.8434307,0.14340666,0.14340666,1.0,0.009895059,0.069,0.0,0.0,0.5030646,0.49316952,-24.778032,1.8555846,0.61852825,0.26999998,0.0,0.3966776,0.0,0.0
hardzero_only__c0p58__z1p00__lam0p000__nu0p50__psi0p00,0.069,borrow,32,1067,0.0,18,-0.49316952,-0.48255715,-0.48255715,0.81303656,0.1538025,0.1538025,1.0,0.010612372,0.069,0.0,0.0,0.49316952,0.48255715,-24.231459,1.7887162,0.59623873,0.24800001,0.0,0.4627469,0.0,0.0
hardzero_only__c0p58__z1p00__lam0p000__nu0p50__psi0p00,0.069,borrow,32,1068,0.0,18,-0.48255715,-0.47258842,-0.47258842,0.840209,0.14447442,0.14447442,1.0,0.009968734,0.069,0.0,0.0,0.48255715,0.47258842,-25.432085,1.8484967,0.6161656,0.264,0.0,0.4964681,0.0,0.0
hardzero_only__c0p58__z1p00__lam0p000__nu0p50__psi0p00,0.069,borrow,32,1069,0.0,18,-0.47258842,-0.46268806,-0.46268806,0.84319776,0.1434836,0.1434836,1.0,0.009900368,0.069,0.0,0.0,0.47258842,0.46268806,-24.990692,1.8550721,0.6183574,0.23200001,0.008,0.47454438,0.0,0.0
hardzero_only__c0p58__z1p00__lam0p000__nu0p50__psi0p00,0.069,borrow,32,1070,0.0,18,-0.46268806,-0.45222604,-0.45222604,0.8192333,0.15162356,0.15162356,1.0,0.010462025,0.069,0.0,0.0,0.46268806,0.45222604,-24.928381,1.8023492,0.6007831,0.24000001,0.0,0.47309563,0.0,0.0
hardzero_only__c0p58__z1p00__lam0p000__nu0p50__psi0p00,0.069,borrow,32,1071,0.0,18,-0.45222604,-0.44246978,-0.44246978,0.84956557,0.14139512,0.14139512,1.0,0.009756263,0.069,0.0,0.0,0.45222604,0.44246978,-25.628727,1.8690816,0.6230272,0.16800001,0.0,0.4850406,0.0,0.0
hardzero_only__c0p58__z1p00__lam0p000__nu0p50__psi0p00,0.069,borrow,32,1072,0.0,18,-0.44246978,-0.43064967,-0.43064967,0.7662276,0.17130592,0.17130592,1.0,0.011820109,0.069,0.0,0.0,0.44246978,0.43064967,-23.36052,1.6857344,0.56191146,0.264,0.0,0.467369,0.0,0.0
hardzero_only__c0p58__z1p00__lam0p000__nu0p50__psi0p00,0.069,borrow,32,1073,0.0,18,-0.43064967,-0.41957498,-0.41957498,0.7945174,0.1605028,0.1605028,1.0,0.011074693,0.069,0.0,0.0,0.43064967,0.41957498,-24.245466,1.7479732,0.58265775,0.28,0.0,0.4678074,0.0,0.0
hardzero_only__c0p58__z1p00__lam0p000__nu0p50__psi0p00,0.069,borrow,32,1074,0.0,18,-0.41957498,-0.40935826,-0.40935826,0.8295373,0.14806852,0.14806852,1.0,0.010216728,0.069,0.0,0.0,0.41957498,0.40935826,-24.227177,1.8250184,0.6083395,0.28800002,0.0,0.44580996,0.0,0.0
hardzero_only__c0p58__z1p00__lam0p000__nu0p50__psi0p00,0.069,borrow,32,1075,0.0,18,-0.40935826,-0.39841098,-0.39841098,0.7995424,0.15865639,0.15865639,1.0,0.010947291,0.069,0.0,0.0,0.40935826,0.39841098,-23.710344,1.7590284,0.5863428,0.224,0.0,0.44833806,0.0,0.0
hardzero_only__c0p58__z1p00__lam0p000__nu0p50__psi0p00,0.069,borrow,32,1076,0.0,18,-0.39841098,-0.3882799,-0.3882799,0.83319414,0.14682698,0.14682698,1.0,0.010131061,0.069,0.0,0.0,0.39841098,0.3882799,-24.53958,1.8330637,0.6110213,0.224,0.0,0.47145244,0.0,0.0
hardzero_only__c0p58__z1p00__lam0p000__nu0p50__psi0p00,0.069,borrow,32,1077,0.0,18,-0.3882799,-0.37766758,-0.37766758,0.8130377,0.15380211,0.15380211,1.0,0.010612345,0.069,0.0,0.0,0.3882799,0.37766758,-24.302094,1.7887187,0.59623957,0.24800001,0.0,0.47376516,0.0,0.0
hardzero_only__c0p58__z1p00__lam0p000__nu0p50__psi0p00,0.069,borrow,32,1078,0.0,18,-0.37766758,-0.36743864,-0.36743864,0.82901925,0.14824525,0.14824525,1.0,0.010228922,0.069,0.0,0.0,0.37766758,0.36743864,-24.975033,1.8238788,0.6079596,0.2,0.0,0.47886872,0.0,0.0
hardzero_only__c0p58__z1p00__lam0p000__nu0p50__psi0p00,0.069,borrow,32,1079,0.0,18,-0.36743864,-0.35706523,-0.35706523,0.82292706,0.15033944,0.15033944,1.0,0.010373421,0.069,0.0,0.0,0.36743864,0.35706523,-24.40975,1.8104757,0.6034919,0.24,0.0,0.39577684,0.0,0.0
hardzero_only__c0p58__z1p00__lam0p000__nu0p50__psi0p00,0.069,borrow,32,1080,0.0,18,-0.35706523,-0.34589037,-0.34589037,0.79060704,0.16195446,0.16195446,1.0,0.011174858,0.069,0.0,0.0,0.35706523,0.34589037,-23.217684,1.7393702,0.5797901,0.224,0.0,0.45126253,0.0,0.0
hardzero_only__c0p58__z1p00__lam0p000__nu0p50__psi0p00,0.069,borrow,32,1081,0.0,18,-0.34589037,-0.33565703,-0.33565703,0.828831,0.1483095,0.1483095,1.0,0.010233355,0.069,0.0,0.0,0.34589037,0.33565703,-24.11241,1.8234646,0.6078216,0.24800001,0.0,0.44386658,0.0,0.0
hardzero_only__c0p58__z1p00__lam0p000__nu0p50__psi0p00,0.069,borrow,32,1082,0.0,18,-0.33565703,-0.3251173,-0.3251173,0.8160198,0.15274964,0.15274964,1.0,0.010539725,0.069,0.0,0.0,0.33565703,0.3251173,-24.345196,1.7952794,0.59842646,0.216,0.0,0.47498664,0.0,0.0
hardzero_only__c0p58__z1p00__lam0p000__nu0p50__psi0p00,0.069,borrow,32,1083,0.0,18,-0.3251173,-0.31477788,-0.31477788,0.8243529,0.14984666,0.14984666,1.0,0.010339419,0.069,0.0,0.0,0.3251173,0.31477788,-24.050173,1.8136126,0.60453755,0.192,0.0,0.43514925,0.0,0.0
hardzero_only__c0p58__z1p00__lam0p000__nu0p50__psi0p00,0.069,borrow,32,1084,0.0,18,-0.31477788,-0.30383202,-0.30383202,0.7995988,0.1586358,0.1586358,1.0,0.01094587,0.069,0.0,0.0,0.31477788,0.30383202,-24.199461,1.7591525,0.5863842,0.23200001,0.0,0.47268108,0.0,0.0
hardzero_only__c0p58__z1p00__lam0p000__nu0p50__psi0p00,0.069,borrow,32,1085,0.0,18,-0.30383202,-0.2933639,-0.2933639,0.81898046,0.15171187,0.15171187,1.0,0.010468119,0.069,0.0,0.0,0.30383202,0.2933639,-24.694748,1.801793,0.6005977,0.328,0.0,0.47957897,0.0,0.0
hardzero_only__c0p58__z1p00__lam0p000__nu0p50__psi0p00,0.069,borrow,32,1086,0.0,18,-0.2933639,-0.2822809,-0.2822809,0.79419166,0.16062322,0.16062322,1.0,0.011083002,0.069,0.0,0.0,0.2933639,0.2822809,-24.22599,1.7472565,0.58241886,0.224,0.0,0.44615012,0.0,0.0
hardzero_only__c0p58__z1p00__lam0p000__nu0p50__psi0p00,0.069,borrow,32,1087,0.0,18,-0.2822809,-0.27164,-0.27164,0.81187147,0.15421568,0.15421568,1.0,0.010640882,0.069,0.0,0.0,0.2822809,0.27164,-24.952005,1.786153,0.59538436,0.296,0.0,0.47472465,0.0,0.0
hardzero_only__c0p58__z1p00__lam0p000__nu0p50__psi0p00,0.069,borrow,32,1088,0.0,18,-0.27164,-0.26030433,-0.26030433,0.78440136,0.16428526,0.16428526,1.0,0.011335682,0.069,0.0,0.0,0.27164,0.26030433,-24.110416,1.7257174,0.5752392,0.28,0.0,0.48712632,0.0,0.0
hardzero_only__c0p58__z1p00__lam0p000__nu0p50__psi0p00,0.069,borrow,32,1089,0.0,18,-0.26030433,-0.24911855,-0.24911855,0.79018307,0.16211267,0.16211267,1.0,0.011185774,0.069,0.0,0.0,0.26030433,0.24911855,-23.855417,1.7384374,0.57947916,0.328,0.0,0.45493898,0.0,0.0
hardzero_only__c0p58__z1p00__lam0p000__nu0p50__psi0p00,0.069,borrow,32,1090,0.0,18,-0.24911855,-0.2389529,-0.2389529,0.8317138,0.1473283,0.1473283,1.0,0.010165652,0.069,0.0,0.0,0.24911855,0.2389529,-24.819984,1.8298069,0.60993564,0.2,0.0,0.46793443,0.0,0.0
hardzero_only__c0p58__z1p00__lam0p000__nu0p50__psi0p00,0.069,borrow,32,1091,0.0,18,-0.2389529,-0.22786038,-0.22786038,0.79381865,0.16076125,0.16076125,1.0,0.011092526,0.069,0.0,0.0,0.2389529,0.22786038,-23.672901,1.7464359,0.58214533,0.208,0.0,0.4654597,0.0,0.0
hardzero_only__c0p58__z1p00__lam0p000__nu0p50__psi0p00,0.069,borrow,32,1092,0.0,18,-0.22786038,-0.21824822,-0.21824822,0.8560283,0.1393066,0.1393066,1.0,0.009612155,0.069,0.0,0.0,0.22786038,0.21824822,-26.630182,1.8833,0.62776667,0.22,0.0,0.40144733,0.0,0.0
hardzero_only__c0p58__z1p00__lam0p000__nu0p50__psi0p00,0.069,borrow,32,1093,0.0,18,-0.21824822,-0.2068718,-0.2068718,0.7828435,0.16487566,0.16487566,1.0,0.01137642,0.069,0.0,0.0,0.21824822,0.2068718,-24.307327,1.72229,0.5740967,0.23200001,0.0,0.48992118,0.0,0.0
hardzero_only__c0p58__z1p00__lam0p000__nu0p50__psi0p00,0.069,borrow,32,1094,0.0,18,-0.2068718,-0.1965704,-0.1965704,0.825953,0.1492956,0.1492956,1.0,0.010301396,0.069,0.0,0.0,0.2068718,0.1965704,-24.99525,1.817133,0.605711,0.2,0.0,0.4679725,0.0,0.0
hardzero_only__c0p58__z1p00__lam0p000__nu0p50__psi0p00,0.069,borrow,32,1095,0.0,18,-0.1965704,-0.18580358,-0.18580358,0.8067618,0.1560408,0.1560408,1.0,0.010766815,0.069,0.0,0.0,0.1965704,0.18580358,-24.152826,1.7749114,0.59163713,0.32000002,0.0,0.4541631,0.0,0.0
hardzero_only__c0p58__z1p00__lam0p000__nu0p50__psi0p00,0.069,borrow,32,1096,0.0,18,-0.18580358,-0.17517887,-0.17517887,0.8125323,0.15398118,0.15398118,1.0,0.010624701,0.069,0.0,0.0,0.18580358,0.17517887,-24.617252,1.7876067,0.59586895,0.192,0.0,0.4526468,0.0,0.0
hardzero_only__c0p58__z1p00__lam0p000__nu0p50__psi0p00,0.069,borrow,32,1097,0.0,18,-0.17517887,-0.16384959,-0.16384959,0.7846465,0.16419256,0.16419256,1.0,0.011329286,0.069,0.0,0.0,0.17517887,0.16384959,-23.694141,1.7262567,0.57541895,0.24800001,0.0,0.46722358,0.0,0.0
hardzero_only__c0p58__z1p00__lam0p000__nu0p50__psi0p00,0.069,borrow,32,1098,0.0,18,-0.16384959,-0.15298645,-0.15298645,0.8028934,0.1574369,0.1574369,1.0,0.010863147,0.069,0.0,0.0,0.16384959,0.15298645,-24.031816,1.7664007,0.58880025,0.30400002,0.0,0.46329123,0.0,0.0
hardzero_only__c0p58__z1p00__lam0p000__nu0p50__psi0p00,0.069,borrow,32,1099,0.0,18,-0.15298645,-0.14309712,-0.14309712,0.84368205,0.14332367,0.14332367,1.0,0.0098893335,0.069,0.0,0.0,0.15298645,0.14309712,-24.330166,1.8561375,0.61871254,0.24800001,0.0,0.44699576,0.0,0.0
hardzero_only__c0p58__z1p00__lam0p000__nu0p50__psi0p00,0.069,borrow,32,1100,0.0,18,-0.14309712,-0.13219741,-0.13219741,0.80143434,0.15796675,0.15796675,1.0,0.010899705,0.069,0.0,0.0,0.14309712,0.13219741,-24.203627,1.7631907,0.5877303,0.28800002,0.0,0.46375516,0.0,0.0
hardzero_only__c0p58__z1p00__lam0p000__nu0p50__psi0p00,0.069,borrow,32,1101,0.0,18,-0.13219741,-0.1205899,-0.1205899,0.7741099,0.16822484,0.16822484,1.0,0.011607514,0.069,0.0,0.0,0.13219741,0.1205899,-23.312914,1.7030758,0.5676919,0.312,0.0,0.45279726,0.0,0.0
hardzero_only__c0p58__z1p00__lam0p000__nu0p50__psi0p00,0.069,borrow,32,1102,0.0,18,-0.1205899,-0.11007003,-0.11007003,0.81683886,0.15246184,0.15246184,1.0,0.010519867,0.069,0.0,0.0,0.1205899,0.11007003,-24.75183,1.7970814,0.59902716,0.272,0.0,0.4796368,0.0,0.0
hardzero_only__c0p58__z1p00__lam0p000__nu0p50__psi0p00,0.069,borrow,32,1103,0.0,18,-0.11007003,-0.09930121,-0.09930121,0.80668104,0.15606983,0.15606983,1.0,0.010768818,0.069,0.0,0.0,0.11007003,0.09930121,-24.293615,1.7747337,0.5915779,0.224,0.0,0.45200095,0.0,0.0
hardzero_only__c0p58__z1p00__lam0p000__nu0p50__psi0p00,0.069,borrow,32,1104,0.0,18,-0.09930121,-0.088853374,-0.088853374,0.81982255,0.15141799,0.15141799,1.0,0.010447841,0.069,0.0,0.0,0.09930121,0.088853374,-24.87323,1.8036456,0.60121524,0.24000001,0.0,0.47730806,0.0,0.0
hardzero_only__c0p58__z1p00__lam0p000__nu0p50__psi0p00,0.069,borrow,32,1105,0.0,18,-0.088853374,-0.07829737,-0.07829737,0.81534946,0.1529856,0.1529856,1.0,0.010556006,0.069,0.0,0.0,0.088853374,0.07829737,-24.50151,1.7938046,0.5979349,0.32999998,0.0,0.4083876,0.0,0.0
hardzero_only__c0p58__z1p00__lam0p000__nu0p50__psi0p00,0.069,borrow,32,1106,0.0,18,-0.07829737,-0.06789052,-0.06789052,0.8215297,0.15082394,0.15082394,1.0,0.010406852,0.069,0.0,0.0,0.07829737,0.06789052,-24.437838,1.8074014,0.6024672,0.192,0.0,0.4470306,0.0,0.0
hardzero_only__c0p58__z1p00__lam0p000__nu0p50__psi0p00,0.069,borrow,32,1107,0.0,18,-0.06789052,-0.05799183,-0.05799183,0.84327143,0.14345925,0.14345925,1.0,0.009898688,0.069,0.0,0.0,0.06789052,0.05799183,-24.888834,1.8552341,0.6184114,0.208,0.0,0.44836044,0.0,0.0
hardzero_only__c0p58__z1p00__lam0p000__nu0p50__psi0p00,0.069,borrow,32,1108,0.0,18,-0.05799183,-0.04770504,-0.04770504,0.82656914,0.14908393,0.14908393,1.0,0.01028679,0.069,0.0,0.0,0.05799183,0.04770504,-24.943153,1.8184884,0.6061628,0.28,0.0,0.4510723,0.0,0.0
hardzero_only__c0p58__z1p00__lam0p000__nu0p50__psi0p00,0.069,borrow,32,1109,0.0,18,-0.04770504,-0.03730666,-0.03730666,0.82188344,0.15070115,0.15070115,1.0,0.0103983795,0.069,0.0,0.0,0.04770504,0.03730666,-24.889996,1.8081796,0.6027266,0.256,0.0,0.4680803,0.0,0.0
hardzero_only__c0p58__z1p00__lam0p000__nu0p50__psi0p00,0.069,borrow,32,1110,0.0,18,-0.03730666,-0.02618963,-0.02618963,0.7928604,0.16111635,0.16111635,1.0,0.011117028,0.069,0.0,0.0,0.03730666,0.02618963,-23.749332,1.7443277,0.5814426,0.17600001,0.0,0.4588073,0.0,0.0
hardzero_only__c0p58__z1p00__lam0p000__nu0p50__psi0p00,0.069,borrow,32,1111,0.0,18,-0.02618963,-0.01502818,-0.01502818,0.7911284,0.16176017,0.16176017,1.0,0.011161451,0.069,0.0,0.0,0.02618963,0.01502818,-24.37631,1.7405173,0.5801724,0.24800001,0.0,0.47412345,0.0,0.0
hardzero_only__c0p58__z1p00__lam0p000__nu0p50__psi0p00,0.069,borrow,32,1112,1.0,19,-0.01502818,-0.5840275,-0.5840275,0.7974313,0.1594295,0.1594295,1.0,0.011000636,0.069,0.0,0.0,0.01502818,0.5840275,-24.344692,1.7543839,0.58479464,0.23200001,0.0,0.50277907,0.0,0.0
hardzero_only__c0p58__z1p00__lam0p000__nu0p50__psi0p00,0.069,borrow,32,1113,0.0,19,-0.5840275,-0.5734523,-0.5734523,0.81455785,0.1532647,0.1532647,1.0,0.010575264,0.069,0.0,0.0,0.5840275,0.5734523,-23.752958,1.792063,0.59735435,0.224,0.0,0.5141034,0.0,0.0
hardzero_only__c0p58__z1p00__lam0p000__nu0p50__psi0p00,0.069,borrow,32,1114,0.0,19,-0.5734523,-0.5613731,-0.5613731,0.75681233,0.17506027,0.17506027,1.0,0.012079159,0.069,0.0,0.0,0.5734523,0.5613731,-23.310633,1.6650203,0.5550068,0.28800002,0.0,0.5436274,0.0,0.0
hardzero_only__c0p58__z1p00__lam0p000__nu0p50__psi0p00,0.069,borrow,32,1115,0.0,19,-0.5613731,-0.55017847,-0.55017847,0.7898397,0.16224088,0.16224088,1.0,0.01119462,0.069,0.0,0.0,0.5613731,0.55017847,-24.108864,1.737682,0.5792273,0.2,0.0,0.5614828,0.0,0.0
hardzero_only__c0p58__z1p00__lam0p000__nu0p50__psi0p00,0.069,borrow,32,1116,0.0,19,-0.55017847,-0.53787166,-0.53787166,0.7487027,0.17835994,0.17835994,1.0,0.0123068355,0.069,0.0,0.0,0.55017847,0.53787166,-23.446907,1.6471789,0.5490596,0.272,0.0,0.5508512,0.0,0.0
hardzero_only__c0p58__z1p00__lam0p000__nu0p50__psi0p00,0.069,borrow,32,1117,0.0,19,-0.53787166,-0.5276692,-0.5276692,0.83014286,0.1478622,0.1478622,1.0,0.010202492,0.069,0.0,0.0,0.53787166,0.5276692,-23.626228,1.8263508,0.6087836,0.128,0.0,0.48728365,0.0,0.0
hardzero_only__c0p58__z1p00__lam0p000__nu0p50__psi0p00,0.069,borrow,32,1118,0.0,19,-0.5276692,-0.5160395,-0.5160395,0.77328116,0.16854616,0.16854616,1.0,0.011629685,0.069,0.0,0.0,0.5276692,0.5160395,-23.821716,1.7012525,0.5670842,0.22999999,0.0,0.46326494,0.0,0.0
hardzero_only__c0p58__z1p00__lam0p000__nu0p50__psi0p00,0.069,borrow,32,1119,0.0,19,-0.5160395,-0.50481033,-0.50481033,0.78850156,0.16274154,0.16274154,1.0,0.011229166,0.069,0.0,0.0,0.5160395,0.50481033,-23.937134,1.7347381,0.57824606,0.256,0.0,0.56857604,0.0,0.0
hardzero_only__c0p58__z1p00__lam0p000__nu0p50__psi0p00,0.069,borrow,32,1120,0.0,19,-0.50481033,-0.49229535,-0.49229535,0.741419,0.18137649,0.18137649,1.0,0.012514978,0.069,0.0,0.0,0.50481033,0.49229535,-23.21718,1.6311544,0.54371816,0.384,0.0,0.56079674,0.0,0.0
hardzero_only__c0p58__z1p00__lam0p000__nu0p50__psi0p00,0.069,borrow,32,1121,0.0,19,-0.49229535,-0.4817136,-0.4817136,0.8142915,0.15335874,0.15335874,1.0,0.010581753,0.069,0.0,0.0,0.49229535,0.4817136,-24.50046,1.7914771,0.597159,0.28800002,0.0,0.5475313,0.0,0.0
hardzero_only__c0p58__z1p00__lam0p000__nu0p50__psi0p00,0.069,borrow,32,1122,0.0,19,-0.4817136,-0.47092777,-0.47092777,0.8059958,0.15631627,0.15631627,1.0,0.010785822,0.069,0.0,0.0,0.4817136,0.47092777,-24.546846,1.7732263,0.5910754,0.208,0.0,0.5524872,0.0,0.0
hardzero_only__c0p58__z1p00__lam0p000__nu0p50__psi0p00,0.069,borrow,32,1123,0.0,19,-0.47092777,-0.45960173,-0.45960173,0.78477037,0.16414574,0.16414574,1.0,0.011326056,0.069,0.0,0.0,0.47092777,0.45960173,-23.827503,1.7265292,0.5755098,0.224,0.008,0.54219985,0.0,0.0
hardzero_only__c0p58__z1p00__lam0p000__nu0p50__psi0p00,0.069,borrow,32,1124,0.0,19,-0.45960173,-0.44779995,-0.44779995,0.76690125,0.1710404,0.1710404,1.0,0.011801788,0.069,0.0,0.0,0.45960173,0.44779995,-23.360321,1.6872164,0.56240547,0.28,0.0,0.54170424,0.0,0.0
hardzero_only__c0p58__z1p00__lam0p000__nu0p50__psi0p00,0.069,borrow,32,1125,0.0,19,-0.44779995,-0.43638042,-0.43638042,0.781201,0.16550037,0.16550037,1.0,0.011419525,0.069,0.0,0.0,0.44779995,0.43638042,-23.934101,1.7186766,0.5728922,0.24000001,0.008,0.5559028,0.0,0.0
hardzero_only__c0p58__z1p00__lam0p000__nu0p50__psi0p00,0.069,borrow,32,1126,0.0,19,-0.43638042,-0.42527688,-0.42527688,0.7933877,0.16092083,0.16092083,1.0,0.011103537,0.069,0.0,0.0,0.43638042,0.42527688,-24.218327,1.7454878,0.5818293,0.272,0.0,0.5758445,0.0,0.0
hardzero_only__c0p58__z1p00__lam0p000__nu0p50__psi0p00,0.069,borrow,32,1127,0.0,19,-0.42527688,-0.4141734,-0.4141734,0.7933898,0.16092005,0.16092005,1.0,0.011103484,0.069,0.0,0.0,0.42527688,0.4141734,-23.784483,1.7454925,0.58183086,0.264,0.0,0.5321097,0.0,0.0
hardzero_only__c0p58__z1p00__lam0p000__nu0p50__psi0p00,0.069,borrow,32,1128,0.0,19,-0.4141734,-0.4025778,-0.4025778,0.77455586,0.16805218,0.16805218,1.0,0.0115956,0.069,0.0,0.0,0.4141734,0.4025778,-24.485659,1.704057,0.56801903,0.30400002,0.0,0.577204,0.0,0.0
hardzero_only__c0p58__z1p00__lam0p000__nu0p50__psi0p00,0.069,borrow,32,1129,0.0,19,-0.4025778,-0.39162898,-0.39162898,0.7994818,0.15867855,0.15867855,1.0,0.010948819,0.069,0.0,0.0,0.4025778,0.39162898,-23.95468,1.7588952,0.5862984,0.264,0.0,0.5400733,0.0,0.0
hardzero_only__c0p58__z1p00__lam0p000__nu0p50__psi0p00,0.069,borrow,32,1130,0.0,19,-0.39162898,-0.38057595,-0.38057595,0.7953682,0.16018866,0.16018866,1.0,0.011053017,0.069,0.0,0.0,0.39162898,0.38057595,-24.825697,1.749845,0.5832817,0.30400002,0.0,0.55817693,0.0,0.0
hardzero_only__c0p58__z1p00__lam0p000__nu0p50__psi0p00,0.069,borrow,32,1131,0.0,19,-0.38057595,-0.36920425,-0.36920425,0.7830241,0.1648071,0.1648071,1.0,0.011371689,0.069,0.0,0.0,0.38057595,0.36920425,-23.770737,1.7226874,0.5742291,0.25,0.0,0.45305648,0.0,0.0
hardzero_only__c0p58__z1p00__lam0p000__nu0p50__psi0p00,0.069,borrow,32,1132,0.0,19,-0.36920425,-0.3571261,-0.3571261,0.7568478,0.17504598,0.17504598,1.0,0.0120781725,0.069,0.0,0.0,0.36920425,0.3571261,-24.017817,1.6650984,0.55503285,0.264,0.0,0.57491,0.0,0.0
hardzero_only__c0p58__z1p00__lam0p000__nu0p50__psi0p00,0.069,borrow,32,1133,0.0,19,-0.3571261,-0.34707665,-0.34707665,0.8367072,0.14564407,0.14564407,1.0,0.010049441,0.069,0.0,0.0,0.3571261,0.34707665,-24.902525,1.8407925,0.6135975,0.28800002,0.0,0.53980255,0.0,0.0
hardzero_only__c0p58__z1p00__lam0p000__nu0p50__psi0p00,0.069,borrow,32,1134,0.0,19,-0.34707665,-0.33583987,-0.33583987,0.7882066,0.16285211,0.16285211,1.0,0.011236795,0.069,0.0,0.0,0.34707665,0.33583987,-23.576773,1.7340891,0.57802975,0.23200001,0.0,0.5541632,0.0,0.0
hardzero_only__c0p58__z1p00__lam0p000__nu0p50__psi0p00,0.069,borrow,32,1135,0.0,19,-0.33583987,-0.32423702,-0.32423702,0.7742841,0.16815734,0.16815734,1.0,0.011602856,0.069,0.0,0.0,0.33583987,0.32423702,-23.366337,1.703459,0.5678197,0.35200003,0.008,0.54983234,0.0,0.0
hardzero_only__c0p58__z1p00__lam0p000__nu0p50__psi0p00,0.069,borrow,32,1136,0.0,19,-0.32423702,-0.3139039,-0.3139039,0.82461727,0.14975546,0.14975546,1.0,0.010333126,0.069,0.0,0.0,0.32423702,0.3139039,-25.099728,1.8141942,0.60473144,0.216,0.0,0.55322754,0.0,0.0
hardzero_only__c0p58__z1p00__lam0p000__nu0p50__psi0p00,0.069,borrow,32,1137,0.0,19,-0.3139039,-0.302395,-0.302395,0.7778143,0.16679601,0.16679601,1.0,0.011508925,0.069,0.0,0.0,0.3139039,0.302395,-24.318588,1.7112256,0.5704086,0.23200001,0.0,0.5505487,0.0,0.0
hardzero_only__c0p58__z1p00__lam0p000__nu0p50__psi0p00,0.069,borrow,32,1138,0.0,19,-0.302395,-0.29202718,-0.29202718,0.8231617,0.15025823,0.15025823,1.0,0.010367817,0.069,0.0,0.0,0.302395,0.29202718,-24.76211,1.810992,0.60366404,0.192,0.008,0.5411041,0.0,0.0
hardzero_only__c0p58__z1p00__lam0p000__nu0p50__psi0p00,0.069,borrow,32,1139,0.0,19,-0.29202718,-0.28111553,-0.28111553,0.8009586,0.15813988,0.15813988,1.0,0.010911652,0.069,0.0,0.0,0.29202718,0.28111553,-24.203009,1.7621441,0.58738136,0.224,0.0,0.53288543,0.0,0.0
hardzero_only__c0p58__z1p00__lam0p000__nu0p50__psi0p00,0.069,borrow,32,1140,0.0,19,-0.28111553,-0.27035743,-0.27035743,0.8071134,0.15591453,0.15591453,1.0,0.010758102,0.069,0.0,0.0,0.28111553,0.27035743,-23.72414,1.775685,0.591895,0.224,0.0,0.56445557,0.0,0.0
hardzero_only__c0p58__z1p00__lam0p000__nu0p50__psi0p00,0.069,borrow,32,1141,0.0,19,-0.27035743,-0.25975788,-0.25975788,0.8135609,0.15361694,0.15361694,1.0,0.0105995685,0.069,0.0,0.0,0.27035743,0.25975788,-24.341702,1.7898697,0.59662324,0.30400002,0.0,0.5671556,0.0,0.0
hardzero_only__c0p58__z1p00__lam0p000__nu0p50__psi0p00,0.069,borrow,32,1142,0.0,19,-0.25975788,-0.24789995,-0.24789995,0.76484036,0.17185399,0.17185399,1.0,0.011857925,0.069,0.0,0.0,0.25975788,0.24789995,-23.482998,1.6826824,0.56089413,0.312,0.0,0.553414,0.0,0.0
hardzero_only__c0p58__z1p00__lam0p000__nu0p50__psi0p00,0.069,borrow,32,1143,0.0,19,-0.24789995,-0.23720384,-0.23720384,0.8096229,0.1550162,0.1550162,1.0,0.010696118,0.069,0.0,0.0,0.24789995,0.23720384,-24.614805,1.7812059,0.59373534,0.28,0.0,0.54311544,0.0,0.0
hardzero_only__c0p58__z1p00__lam0p000__nu0p50__psi0p00,0.069,borrow,32,1144,0.0,19,-0.23720384,-0.2266705,-0.2266705,0.8162834,0.15265696,0.15265696,1.0,0.01053333,0.069,0.0,0.0,0.23720384,0.2266705,-24.788874,1.7958593,0.5986198,0.21,0.0,0.46709397,0.0,0.0
hardzero_only__c0p58__z1p00__lam0p000__nu0p50__psi0p00,0.069,borrow,32,1145,0.0,19,-0.2266705,-0.21528637,-0.21528637,0.78254944,0.16498733,0.16498733,1.0,0.011384125,0.069,0.0,0.0,0.2266705,0.21528637,-24.493837,1.7216431,0.57388103,0.256,0.0,0.5502582,0.0,0.0
hardzero_only__c0p58__z1p00__lam0p000__nu0p50__psi0p00,0.069,borrow,32,1146,0.0,19,-0.21528637,-0.20344463,-0.20344463,0.76543313,0.1716196,0.1716196,1.0,0.011841752,0.069,0.0,0.0,0.21528637,0.20344463,-23.61809,1.6839865,0.5613289,0.208,0.0,0.5456553,0.0,0.0
hardzero_only__c0p58__z1p00__lam0p000__nu0p50__psi0p00,0.069,borrow,32,1147,0.0,19,-0.20344463,-0.1939128,-0.1939128,0.8596732,0.13814233,0.13814233,1.0,0.009531821,0.069,0.0,0.0,0.20344463,0.1939128,-25.342533,1.8913188,0.63043964,0.17600001,0.0,0.5328646,0.0,0.0
hardzero_only__c0p58__z1p00__lam0p000__nu0p50__psi0p00,0.069,borrow,32,1148,0.0,19,-0.1939128,-0.1825796,-0.1825796,0.78449667,0.16424921,0.16424921,1.0,0.0113331955,0.069,0.0,0.0,0.1939128,0.1825796,-23.66722,1.7259271,0.57530904,0.24800001,0.0,0.5559733,0.0,0.0
hardzero_only__c0p58__z1p00__lam0p000__nu0p50__psi0p00,0.069,borrow,32,1149,0.0,19,-0.1825796,-0.17152816,-0.17152816,0.7954297,0.16016598,0.16016598,1.0,0.011051453,0.069,0.0,0.0,0.1825796,0.17152816,-24.28874,1.7499803,0.5833268,0.264,0.0,0.5603713,0.0,0.0
hardzero_only__c0p58__z1p00__lam0p000__nu0p50__psi0p00,0.069,borrow,32,1150,0.0,19,-0.17152816,-0.16042146,-0.16042146,0.79326415,0.16096663,0.16096663,1.0,0.011106698,0.069,0.0,0.0,0.17152816,0.16042146,-23.747404,1.745216,0.5817387,0.264,0.0,0.56857103,0.0,0.0
hardzero_only__c0p58__z1p00__lam0p000__nu0p50__psi0p00,0.069,borrow,32,1151,0.0,19,-0.16042146,-0.14953536,-0.14953536,0.8019763,0.15776972,0.15776972,1.0,0.01088611,0.069,0.0,0.0,0.16042146,0.14953536,-25.117844,1.7643832,0.58812773,0.208,0.0,0.5321468,0.0,0.0
hardzero_only__c0p58__z1p00__lam0p000__nu0p50__psi0p00,0.069,borrow,32,1152,0.0,19,-0.14953536,-0.1382357,-0.1382357,0.78578377,0.16376317,0.16376317,1.0,0.011299659,0.069,0.0,0.0,0.14953536,0.1382357,-24.87642,1.7287588,0.57625294,0.28800002,0.0,0.5492612,0.0,0.0
hardzero_only__c0p58__z1p00__lam0p000__nu0p50__psi0p00,0.069,borrow,32,1153,0.0,19,-0.1382357,-0.12553376,-0.12553376,0.73497874,0.18408622,0.18408622,1.0,0.012701949,0.069,0.0,0.0,0.1382357,0.12553376,-23.38746,1.6169854,0.53899515,0.328,0.0,0.5662985,0.0,0.0
hardzero_only__c0p58__z1p00__lam0p000__nu0p50__psi0p00,0.069,borrow,32,1154,0.0,19,-0.12553376,-0.11457059,-0.11457059,0.79891276,0.15888657,0.15888657,1.0,0.010963173,0.069,0.0,0.0,0.12553376,0.11457059,-24.322544,1.7576432,0.5858811,0.312,0.0,0.55166095,0.0,0.0
hardzero_only__c0p58__z1p00__lam0p000__nu0p50__psi0p00,0.069,borrow,32,1155,0.0,19,-0.11457059,-0.10445251,-0.10445251,0.83375126,0.14663874,0.14663874,1.0,0.010118073,0.069,0.0,0.0,0.11457059,0.10445251,-24.323084,1.8342894,0.6114298,0.208,0.0,0.5308973,0.0,0.0
hardzero_only__c0p58__z1p00__lam0p000__nu0p50__psi0p00,0.069,borrow,32,1156,0.0,19,-0.10445251,-0.09312566,-0.09312566,0.7847399,0.16415726,0.16415726,1.0,0.01132685,0.069,0.0,0.0,0.10445251,0.09312566,-24.407097,1.7264622,0.57548743,0.312,0.0,0.5537513,0.0,0.0
hardzero_only__c0p58__z1p00__lam0p000__nu0p50__psi0p00,0.069,borrow,32,1157,0.0,19,-0.09312566,-0.0818507,-0.0818507,0.786734,0.16340524,0.16340524,1.0,0.011274961,0.069,0.0,0.0,0.09312566,0.0818507,-24.467129,1.7308493,0.5769498,0.34,0.01,0.4644573,0.0,0.0
hardzero_only__c0p58__z1p00__lam0p000__nu0p50__psi0p00,0.069,borrow,32,1158,0.0,19,-0.0818507,-0.07032537,-0.07032537,0.7771957,0.16703378,0.16703378,1.0,0.01152533,0.069,0.0,0.0,0.0818507,0.07032537,-23.65837,1.7098646,0.5699549,0.264,0.0,0.567882,0.0,0.0
hardzero_only__c0p58__z1p00__lam0p000__nu0p50__psi0p00,0.069,borrow,32,1159,0.0,19,-0.07032537,-0.058848523,-0.058848523,0.7790266,0.16633107,0.16633107,1.0,0.011476844,0.069,0.0,0.0,0.07032537,0.058848523,-23.947624,1.7138928,0.57129765,0.23200001,0.0,0.54510844,0.0,0.0
hardzero_only__c0p58__z1p00__lam0p000__nu0p50__psi0p00,0.069,borrow,32,1160,0.0,19,-0.058848523,-0.046555936,-0.046555936,0.7492058,0.17815343,0.17815343,1.0,0.012292586,0.069,0.0,0.0,0.058848523,0.046555936,-23.683996,1.6482857,0.5494286,0.328,0.0,0.57216704,0.0,0.0
hardzero_only__c0p58__z1p00__lam0p000__nu0p50__psi0p00,0.069,borrow,32,1161,0.0,19,-0.046555936,-0.03508537,-0.03508537,0.77926415,0.16624013,0.16624013,1.0,0.011470568,0.069,0.0,0.0,0.046555936,0.03508537,-24.1299,1.7144153,0.5714718,0.24800001,0.0,0.5630537,0.0,0.0
hardzero_only__c0p58__z1p00__lam0p000__nu0p50__psi0p00,0.069,borrow,32,1162,0.0,19,-0.03508537,-0.023928456,-0.023928456,0.79130507,0.1616944,0.1616944,1.0,0.011156913,0.069,0.0,0.0,0.03508537,0.023928456,-23.589321,1.7409059,0.580302,0.28,0.0,0.54464704,0.0,0.0
hardzero_only__c0p58__z1p00__lam0p000__nu0p50__psi0p00,0.069,borrow,32,1163,0.0,19,-0.023928456,-0.0131849805,-0.0131849805,0.80770427,0.15570255,0.15570255,1.0,0.0107434755,0.069,0.0,0.0,0.023928456,0.0131849805,-24.560751,1.7769849,0.5923283,0.23200001,0.0,0.5518507,0.0,0.0
hardzero_only__c0p58__z1p00__lam0p000__nu0p50__psi0p00,0.069,borrow,32,1164,1.0,20,-0.0131849805,-0.5827555,-0.5827555,0.8205873,0.1511516,0.1511516,1.0,0.01042946,0.069,0.0,0.0,0.0131849805,0.5827555,-25.323458,1.805328,0.601776,0.216,0.0,0.55234313,0.0,0.0
hardzero_only__c0p58__z1p00__lam0p000__nu0p50__psi0p00,0.069,borrow,32,1165,0.0,20,-0.5827555,-0.57090575,-0.57090575,0.76513934,0.17173572,0.17173572,1.0,0.011849765,0.069,0.0,0.0,0.5827555,0.57090575,-23.698198,1.6833402,0.5611134,0.35200003,0.0,0.6528029,0.0,0.0
hardzero_only__c0p58__z1p00__lam0p000__nu0p50__psi0p00,0.069,borrow,32,1166,0.0,20,-0.57090575,-0.5588982,-0.5588982,0.75939506,0.1740223,0.1740223,1.0,0.012007538,0.069,0.0,0.0,0.57090575,0.5588982,-23.388145,1.6707025,0.55690086,0.296,0.0,0.64010686,0.0,0.0
hardzero_only__c0p58__z1p00__lam0p000__nu0p50__psi0p00,0.069,borrow,32,1167,0.0,20,-0.5588982,-0.54724896,-0.54724896,0.77255064,0.16882989,0.16882989,1.0,0.011649262,0.069,0.0,0.0,0.5588982,0.54724896,-23.948547,1.6996454,0.56654847,0.264,0.0,0.6238133,0.0,0.0
hardzero_only__c0p58__z1p00__lam0p000__nu0p50__psi0p00,0.069,borrow,32,1168,0.0,20,-0.54724896,-0.5348323,-0.5348323,0.7448437,0.17995183,0.17995183,1.0,0.012416676,0.069,0.0,0.0,0.54724896,0.5348323,-22.680847,1.6386889,0.54622966,0.28,0.008,0.6373742,0.0,0.0
hardzero_only__c0p58__z1p00__lam0p000__nu0p50__psi0p00,0.069,borrow,32,1169,0.0,20,-0.5348323,-0.52408427,-0.52408427,0.8075196,0.15576877,0.15576877,1.0,0.010748045,0.069,0.0,0.0,0.5348323,0.52408427,-23.7045,1.7765787,0.5921929,0.28800002,0.0,0.62023956,0.0,0.0
hardzero_only__c0p58__z1p00__lam0p000__nu0p50__psi0p00,0.069,borrow,32,1170,0.0,20,-0.52408427,-0.51191366,-0.51191366,0.75353706,0.17638552,0.17638552,1.0,0.012170601,0.069,0.0,0.0,0.52408427,0.51191366,-23.765793,1.6578146,0.5526049,0.24,0.0,0.55634433,0.0,0.0
hardzero_only__c0p58__z1p00__lam0p000__nu0p50__psi0p00,0.069,borrow,32,1171,0.0,20,-0.51191366,-0.50032604,-0.50032604,0.77485406,0.16793683,0.16793683,1.0,0.011587641,0.069,0.0,0.0,0.51191366,0.50032604,-24.663353,1.704713,0.56823766,0.24800001,0.0,0.643009,0.0,0.0
hardzero_only__c0p58__z1p00__lam0p000__nu0p50__psi0p00,0.069,borrow,32,1172,0.0,20,-0.50032604,-0.48935226,-0.48935226,0.7984925,0.1590404,0.1590404,1.0,0.010973788,0.069,0.0,0.0,0.50032604,0.48935226,-24.415327,1.7567185,0.58557284,0.30400002,0.0,0.6110527,0.0,0.0
hardzero_only__c0p58__z1p00__lam0p000__nu0p50__psi0p00,0.069,borrow,32,1173,0.0,20,-0.48935226,-0.47826362,-0.47826362,0.7939703,0.16070512,0.16070512,1.0,0.011088653,0.069,0.0,0.0,0.48935226,0.47826362,-23.763546,1.7467695,0.58225656,0.264,0.0,0.6298446,0.0,0.0
hardzero_only__c0p58__z1p00__lam0p000__nu0p50__psi0p00,0.069,borrow,32,1174,0.0,20,-0.47826362,-0.46619996,-0.46619996,0.75736976,0.17483574,0.17483574,1.0,0.012063666,0.069,0.0,0.0,0.47826362,0.46619996,-23.739765,1.6662468,0.55541563,0.32000002,0.0,0.640467,0.0,0.0
hardzero_only__c0p58__z1p00__lam0p000__nu0p50__psi0p00,0.069,borrow,32,1175,0.0,20,-0.46619996,-0.4555119,-0.4555119,0.8099503,0.15489939,0.15489939,1.0,0.010688057,0.069,0.0,0.0,0.46619996,0.4555119,-24.374565,1.7819263,0.5939754,0.208,0.0,0.6525254,0.0,0.0
hardzero_only__c0p58__z1p00__lam0p000__nu0p50__psi0p00,0.069,borrow,32,1176,0.0,20,-0.4555119,-0.443998,-0.443998,0.7776273,0.16686787,0.16686787,1.0,0.011513882,0.069,0.0,0.0,0.4555119,0.443998,-24.649841,1.7108142,0.57027143,0.272,0.0,0.6759221,0.0,0.0
hardzero_only__c0p58__z1p00__lam0p000__nu0p50__psi0p00,0.069,borrow,32,1177,0.0,20,-0.443998,-0.43324208,-0.43324208,0.8072008,0.15588315,0.15588315,1.0,0.010755937,0.069,0.0,0.0,0.443998,0.43324208,-25.082846,1.7758772,0.5919591,0.272,0.0,0.6296512,0.0,0.0
hardzero_only__c0p58__z1p00__lam0p000__nu0p50__psi0p00,0.069,borrow,32,1178,0.0,20,-0.43324208,-0.4219747,-0.4219747,0.7870257,0.16329554,0.16329554,1.0,0.011267392,0.069,0.0,0.0,0.43324208,0.4219747,-24.120975,1.7314911,0.5771637,0.272,0.0,0.63114494,0.0,0.0
hardzero_only__c0p58__z1p00__lam0p000__nu0p50__psi0p00,0.069,borrow,32,1179,0.0,20,-0.4219747,-0.4106041,-0.4106041,0.78306526,0.16479148,0.16479148,1.0,0.011370611,0.069,0.0,0.0,0.4219747,0.4106041,-24.034279,1.722778,0.57425934,0.24800001,0.0,0.64606804,0.0,0.0
hardzero_only__c0p58__z1p00__lam0p000__nu0p50__psi0p00,0.069,borrow,32,1180,0.0,20,-0.4106041,-0.3990644,-0.3990644,0.77665436,0.16724211,0.16724211,1.0,0.011539705,0.069,0.0,0.0,0.4106041,0.3990644,-23.85542,1.7086737,0.5695579,0.35200003,0.0,0.66623914,0.0,0.0
hardzero_only__c0p58__z1p00__lam0p000__nu0p50__psi0p00,0.069,borrow,32,1181,0.0,20,-0.3990644,-0.38678735,-0.38678735,0.749755,0.17792828,0.17792828,1.0,0.012277051,0.069,0.0,0.0,0.3990644,0.38678735,-23.830645,1.649494,0.5498314,0.33600003,0.008,0.62545836,0.0,0.0
hardzero_only__c0p58__z1p00__lam0p000__nu0p50__psi0p00,0.069,borrow,32,1182,0.0,20,-0.38678735,-0.37608582,-0.37608582,0.80940324,0.15509464,0.15509464,1.0,0.01070153,0.069,0.0,0.0,0.38678735,0.37608582,-24.691586,1.7807227,0.5935743,0.272,0.0,0.64013696,0.0,0.0
hardzero_only__c0p58__z1p00__lam0p000__nu0p50__psi0p00,0.069,borrow,32,1183,0.0,20,-0.37608582,-0.36578324,-0.36578324,0.8259036,0.14931257,0.14931257,1.0,0.010302567,0.069,0.0,0.0,0.37608582,0.36578324,-24.769873,1.8170242,0.60567474,0.28,0.0,0.5426206,0.0,0.0
hardzero_only__c0p58__z1p00__lam0p000__nu0p50__psi0p00,0.069,borrow,32,1184,0.0,20,-0.36578324,-0.3536639,-0.3536639,0.7553697,0.17564276,0.17564276,1.0,0.01211935,0.069,0.0,0.0,0.36578324,0.3536639,-23.402657,1.6618465,0.5539489,0.28,0.0,0.6546225,0.0,0.0
hardzero_only__c0p58__z1p00__lam0p000__nu0p50__psi0p00,0.069,borrow,32,1185,0.0,20,-0.3536639,-0.34209642,-0.34209642,0.77561057,0.16764456,0.16764456,1.0,0.011567474,0.069,0.0,0.0,0.3536639,0.34209642,-24.307146,1.7063773,0.56879246,0.216,0.0,0.64261293,0.0,0.0
hardzero_only__c0p58__z1p00__lam0p000__nu0p50__psi0p00,0.069,borrow,32,1186,0.0,20,-0.34209642,-0.33077136,-0.33077136,0.7848082,0.16413142,0.16413142,1.0,0.011325068,0.069,0.0,0.0,0.34209642,0.33077136,-23.794819,1.7266126,0.57553756,0.264,0.008,0.63068676,0.0,0.0
hardzero_only__c0p58__z1p00__lam0p000__nu0p50__psi0p00,0.069,borrow,32,1187,0.0,20,-0.33077136,-0.31927302,-0.31927302,0.7782139,0.16664264,0.16664264,1.0,0.011498341,0.069,0.0,0.0,0.33077136,0.31927302,-23.869802,1.7121048,0.5707016,0.28,0.0,0.6160027,0.0,0.0
hardzero_only__c0p58__z1p00__lam0p000__nu0p50__psi0p00,0.069,borrow,32,1188,0.0,20,-0.31927302,-0.30721727,-0.30721727,0.7576545,0.17472115,0.17472115,1.0,0.012055759,0.069,0.0,0.0,0.31927302,0.30721727,-23.209982,1.6668732,0.5556244,0.28,0.0,0.63735884,0.0,0.0
hardzero_only__c0p58__z1p00__lam0p000__nu0p50__psi0p00,0.069,borrow,32,1189,0.0,20,-0.30721727,-0.29681146,-0.29681146,0.82157344,0.15080875,0.15080875,1.0,0.010405804,0.069,0.0,0.0,0.30721727,0.29681146,-24.089333,1.8074976,0.60249925,0.24800001,0.0,0.61625427,0.0,0.0
hardzero_only__c0p58__z1p00__lam0p000__nu0p50__psi0p00,0.069,borrow,32,1190,0.0,20,-0.29681146,-0.28618446,-0.28618446,0.8124383,0.15401453,0.15401453,1.0,0.010627002,0.069,0.0,0.0,0.29681146,0.28618446,-24.72929,1.7874,0.59580004,0.296,0.0,0.62745005,0.0,0.0
hardzero_only__c0p58__z1p00__lam0p000__nu0p50__psi0p00,0.069,borrow,32,1191,0.0,20,-0.28618446,-0.27490836,-0.27490836,0.7866899,0.16342184,0.16342184,1.0,0.011276106,0.069,0.0,0.0,0.28618446,0.27490836,-23.934654,1.7307523,0.57691747,0.256,0.0,0.6388656,0.0,0.0
hardzero_only__c0p58__z1p00__lam0p000__nu0p50__psi0p00,0.069,borrow,32,1192,0.0,20,-0.27490836,-0.26374903,-0.26374903,0.79121107,0.16172938,0.16172938,1.0,0.011159327,0.069,0.0,0.0,0.27490836,0.26374903,-23.967606,1.7406992,0.5802331,0.32000002,0.008,0.63530123,0.0,0.0
hardzero_only__c0p58__z1p00__lam0p000__nu0p50__psi0p00,0.069,borrow,32,1193,0.0,20,-0.26374903,-0.25263768,-0.25263768,0.7930829,0.16103382,0.16103382,1.0,0.011111334,0.069,0.0,0.0,0.26374903,0.25263768,-23.830376,1.7448173,0.5816058,0.272,0.0,0.6389251,0.0,0.0
hardzero_only__c0p58__z1p00__lam0p000__nu0p50__psi0p00,0.069,borrow,32,1194,0.0,20,-0.25263768,-0.24160682,-0.24160682,0.79623944,0.15986764,0.15986764,1.0,0.011030867,0.069,0.0,0.0,0.25263768,0.24160682,-23.942299,1.7517618,0.5839206,0.216,0.0,0.6335724,0.0,0.0
hardzero_only__c0p58__z1p00__lam0p000__nu0p50__psi0p00,0.069,borrow,32,1195,0.0,20,-0.24160682,-0.2296428,-0.2296428,0.760972,0.17339157,0.17339157,1.0,0.0119640175,0.069,0.0,0.0,0.24160682,0.2296428,-24.079573,1.6741719,0.5580573,0.296,0.008,0.6410407,0.0,0.0
hardzero_only__c0p58__z1p00__lam0p000__nu0p50__psi0p00,0.069,borrow,32,1196,0.0,20,-0.2296428,-0.21788645,-0.21788645,0.76857644,0.17038193,0.17038193,1.0,0.011756353,0.069,0.0,0.0,0.2296428,0.21788645,-24.084375,1.6909019,0.563634,0.31,0.0,0.5470577,0.0,0.0
hardzero_only__c0p58__z1p00__lam0p000__nu0p50__psi0p00,0.069,borrow,32,1197,0.0,20,-0.21788645,-0.2066972,-0.2066972,0.7900478,0.16216314,0.16216314,1.0,0.011189256,0.069,0.0,0.0,0.21788645,0.2066972,-23.835157,1.7381399,0.57938,0.256,0.008,0.6347042,0.0,0.0
hardzero_only__c0p58__z1p00__lam0p000__nu0p50__psi0p00,0.069,borrow,32,1198,0.0,20,-0.2066972,-0.19567461,-0.19567461,0.7965657,0.15974759,0.15974759,1.0,0.011022584,0.069,0.0,0.0,0.2066972,0.19567461,-24.702839,1.7524796,0.58415985,0.2,0.0,0.6439319,0.0,0.0
hardzero_only__c0p58__z1p00__lam0p000__nu0p50__psi0p00,0.069,borrow,32,1199,0.0,20,-0.19567461,-0.18468748,-0.18468748,0.7979645,0.15923388,0.15923388,1.0,0.010987137,0.069,0.0,0.0,0.19567461,0.18468748,-24.204174,1.755557,0.58518565,0.256,0.0,0.63024896,0.0,0.0
hardzero_only__c0p58__z1p00__lam0p000__nu0p50__psi0p00,0.069,borrow,32,1200,0.0,20,-0.18468748,-0.17332125,-0.17332125,0.78323257,0.16472802,0.16472802,1.0,0.011366233,0.069,0.0,0.0,0.18468748,0.17332125,-23.843609,1.7231461,0.57438207,0.264,0.0,0.6691376,0.0,0.0
hardzero_only__c0p58__z1p00__lam0p000__nu0p50__psi0p00,0.069,borrow,32,1201,0.0,20,-0.17332125,-0.16203602,-0.16203602,0.78633887,0.16355398,0.16355398,1.0,0.011285225,0.069,0.0,0.0,0.17332125,0.16203602,-23.626467,1.7299801,0.57666004,0.256,0.0,0.6304633,0.0,0.0
hardzero_only__c0p58__z1p00__lam0p000__nu0p50__psi0p00,0.069,borrow,32,1202,0.0,20,-0.16203602,-0.1495324,-0.1495324,0.74181324,0.18121192,0.18121192,1.0,0.012503622,0.069,0.0,0.0,0.16203602,0.1495324,-23.529917,1.6320218,0.5440073,0.264,0.0,0.6463371,0.0,0.0
hardzero_only__c0p58__z1p00__lam0p000__nu0p50__psi0p00,0.069,borrow,32,1203,0.0,20,-0.1495324,-0.13801764,-0.13801764,0.77759457,0.16688044,0.16688044,1.0,0.01151475,0.069,0.0,0.0,0.1495324,0.13801764,-23.546318,1.7107422,0.5702474,0.17600001,0.0,0.6211143,0.0,0.0
hardzero_only__c0p58__z1p00__lam0p000__nu0p50__psi0p00,0.069,borrow,32,1204,0.0,20,-0.13801764,-0.12765321,-0.12765321,0.8233037,0.15020913,0.15020913,1.0,0.01036443,0.069,0.0,0.0,0.13801764,0.12765321,-24.668459,1.8113043,0.6037681,0.17600001,0.0,0.64479333,0.0,0.0
hardzero_only__c0p58__z1p00__lam0p000__nu0p50__psi0p00,0.069,borrow,32,1205,0.0,20,-0.12765321,-0.11576612,-0.11576612,0.7637735,0.17227668,0.17227668,1.0,0.01188709,0.069,0.0,0.0,0.12765321,0.11576612,-24.190445,1.6803353,0.56011176,0.28,0.0,0.6582621,0.0,0.0
hardzero_only__c0p58__z1p00__lam0p000__nu0p50__psi0p00,0.069,borrow,32,1206,0.0,20,-0.11576612,-0.10457074,-0.10457074,0.78981006,0.16225193,0.16225193,1.0,0.011195383,0.069,0.0,0.0,0.11576612,0.10457074,-23.98856,1.7376169,0.57920563,0.24000001,0.0,0.6309856,0.0,0.0
hardzero_only__c0p58__z1p00__lam0p000__nu0p50__psi0p00,0.069,borrow,32,1207,0.0,20,-0.10457074,-0.09262126,-0.09262126,0.76149994,0.17318091,0.17318091,1.0,0.011949482,0.069,0.0,0.0,0.10457074,0.09262126,-23.481295,1.6753333,0.55844444,0.24000001,0.0,0.6205035,0.0,0.0
hardzero_only__c0p58__z1p00__lam0p000__nu0p50__psi0p00,0.069,borrow,32,1208,0.0,20,-0.09262126,-0.08057462,-0.08057462,0.75798285,0.17458908,0.17458908,1.0,0.012046646,0.069,0.0,0.0,0.09262126,0.08057462,-24.108469,1.6675955,0.55586517,0.328,0.008,0.6505947,0.0,0.0
hardzero_only__c0p58__z1p00__lam0p000__nu0p50__psi0p00,0.069,borrow,32,1209,0.0,20,-0.08057462,-0.06912393,-0.06912393,0.7800175,0.165952,0.165952,1.0,0.011450687,0.069,0.0,0.0,0.08057462,0.06912393,-23.666927,1.7160728,0.5720243,0.28,0.0,0.51798517,0.0,0.0
hardzero_only__c0p58__z1p00__lam0p000__nu0p50__psi0p00,0.069,borrow,32,1210,0.0,20,-0.06912393,-0.058998972,-0.058998972,0.83345586,0.14673853,0.14673853,1.0,0.010124958,0.069,0.0,0.0,0.06912393,0.058998972,-24.751072,1.8336395,0.6112132,0.256,0.008,0.62830263,0.0,0.0
hardzero_only__c0p58__z1p00__lam0p000__nu0p50__psi0p00,0.069,borrow,32,1211,0.0,20,-0.058998972,-0.04804019,-0.04804019,0.79908675,0.15882295,0.15882295,1.0,0.010958783,0.069,0.0,0.0,0.058998972,0.04804019,-24.498394,1.758026,0.58600867,0.28,0.0,0.66857576,0.0,0.0
hardzero_only__c0p58__z1p00__lam0p000__nu0p50__psi0p00,0.069,borrow,32,1212,0.0,20,-0.04804019,-0.03713515,-0.03713515,0.8012219,0.15804403,0.15804403,1.0,0.010905038,0.069,0.0,0.0,0.04804019,0.03713515,-24.2097,1.7627234,0.5875745,0.272,0.0,0.6172574,0.0,0.0
hardzero_only__c0p58__z1p00__lam0p000__nu0p50__psi0p00,0.069,borrow,32,1213,0.0,20,-0.03713515,-0.026243346,-0.026243346,0.8017492,0.15785225,0.15785225,1.0,0.0108918045,0.069,0.0,0.0,0.03713515,0.026243346,-23.756384,1.7638836,0.5879612,0.296,0.0,0.6417088,0.0,0.0
hardzero_only__c0p58__z1p00__lam0p000__nu0p50__psi0p00,0.069,borrow,32,1214,0.0,20,-0.026243346,-0.014894039,-0.014894039,0.78387976,0.16448271,0.16448271,1.0,0.011349306,0.069,0.0,0.0,0.026243346,0.014894039,-24.17541,1.7245699,0.57485664,0.24000001,0.0,0.6365811,0.0,0.0
hardzero_only__c0p58__z1p00__lam0p000__nu0p50__psi0p00,0.069,borrow,32,1215,1.0,21,-0.014894039,-0.58348185,-0.58348185,0.78147966,0.16539422,0.16539422,1.0,0.0114122005,0.069,0.0,0.0,0.014894039,0.58348185,-24.453749,1.7192895,0.5730965,0.28800002,0.0,0.65915364,0.0,0.0
hardzero_only__c0p58__z1p00__lam0p000__nu0p50__psi0p00,0.069,borrow,32,1216,0.0,21,-0.58348185,-0.5724439,-0.5724439,0.7959599,0.15997057,0.15997057,1.0,0.011037969,0.069,0.0,0.0,0.58348185,0.5724439,-24.865202,1.7511467,0.58371556,0.296,0.0,0.7720764,0.0,0.0
hardzero_only__c0p58__z1p00__lam0p000__nu0p50__psi0p00,0.069,borrow,32,1217,0.0,21,-0.5724439,-0.56114495,-0.56114495,0.7858111,0.16375285,0.16375285,1.0,0.011298947,0.069,0.0,0.0,0.5724439,0.56114495,-23.728542,1.728819,0.576273,0.30400002,0.008,0.73013574,0.0,0.0
hardzero_only__c0p58__z1p00__lam0p000__nu0p50__psi0p00,0.069,borrow,32,1218,0.0,21,-0.56114495,-0.54810125,-0.54810125,0.72344786,0.18903929,0.18903929,1.0,0.013043711,0.069,0.0,0.0,0.56114495,0.54810125,-22.791208,1.5916171,0.53053904,0.344,0.0,0.73403007,0.0,0.0
hardzero_only__c0p58__z1p00__lam0p000__nu0p50__psi0p00,0.069,borrow,32,1219,0.0,21,-0.54810125,-0.5374988,-0.5374988,0.8134417,0.1536591,0.1536591,1.0,0.010602478,0.069,0.0,0.0,0.54810125,0.5374988,-24.306704,1.7896075,0.59653586,0.24000001,0.0,0.7189556,0.0,0.0
hardzero_only__c0p58__z1p00__lam0p000__nu0p50__psi0p00,0.069,borrow,32,1220,0.0,21,-0.5374988,-0.52612793,-0.52612793,0.7830567,0.16479471,0.16479471,1.0,0.011370835,0.069,0.0,0.0,0.5374988,0.52612793,-24.234987,1.7227591,0.5742531,0.264,0.0,0.7501235,0.0,0.0
hardzero_only__c0p58__z1p00__lam0p000__nu0p50__psi0p00,0.069,borrow,32,1221,0.0,21,-0.52612793,-0.51453763,-0.51453763,0.7747554,0.16797498,0.16797498,1.0,0.011590273,0.069,0.0,0.0,0.52612793,0.51453763,-23.86476,1.7044959,0.5681653,0.256,0.0,0.7545405,0.0,0.0
hardzero_only__c0p58__z1p00__lam0p000__nu0p50__psi0p00,0.069,borrow,32,1222,0.0,21,-0.51453763,-0.50357395,-0.50357395,0.79889315,0.15889375,0.15889375,1.0,0.010963668,0.069,0.0,0.0,0.51453763,0.50357395,-24.620537,1.7576001,0.5858667,0.29,0.0,0.59722656,0.0,0.0
hardzero_only__c0p58__z1p00__lam0p000__nu0p50__psi0p00,0.069,borrow,32,1223,0.0,21,-0.50357395,-0.49269906,-0.49269906,0.8024239,0.15760721,0.15760721,1.0,0.010874897,0.069,0.0,0.0,0.50357395,0.49269906,-25.00545,1.7653679,0.588456,0.264,0.0,0.7252322,0.0,0.0
hardzero_only__c0p58__z1p00__lam0p000__nu0p50__psi0p00,0.069,borrow,32,1224,0.0,21,-0.49269906,-0.4807031,-0.4807031,0.7598141,0.17385449,0.17385449,1.0,0.011995959,0.069,0.0,0.0,0.49269906,0.4807031,-23.9295,1.6716243,0.5572081,0.296,0.008,0.75860626,0.0,0.0
hardzero_only__c0p58__z1p00__lam0p000__nu0p50__psi0p00,0.069,borrow,32,1225,0.0,21,-0.4807031,-0.46929926,-0.46929926,0.7817985,0.16527285,0.16527285,1.0,0.011403826,0.069,0.0,0.0,0.4807031,0.46929926,-24.130653,1.719991,0.57333034,0.28,0.0,0.72910476,0.0,0.0
hardzero_only__c0p58__z1p00__lam0p000__nu0p50__psi0p00,0.069,borrow,32,1226,0.0,21,-0.46929926,-0.458576,-0.458576,0.8085226,0.15540944,0.15540944,1.0,0.010723251,0.069,0.0,0.0,0.46929926,0.458576,-24.209854,1.7787852,0.5929284,0.28800002,0.0,0.7291006,0.0,0.0
hardzero_only__c0p58__z1p00__lam0p000__nu0p50__psi0p00,0.069,borrow,32,1227,0.0,21,-0.458576,-0.44795886,-0.44795886,0.8128422,0.15387137,0.15387137,1.0,0.010617125,0.069,0.0,0.0,0.458576,0.44795886,-24.788134,1.7882885,0.59609616,0.33600003,0.008,0.75104547,0.0,0.0
hardzero_only__c0p58__z1p00__lam0p000__nu0p50__psi0p00,0.069,borrow,32,1228,0.0,21,-0.44795886,-0.43738887,-0.43738887,0.8147745,0.15318827,0.15318827,1.0,0.010569991,0.069,0.0,0.0,0.44795886,0.43738887,-24.95016,1.7925397,0.59751326,0.256,0.0,0.7239441,0.0,0.0
hardzero_only__c0p58__z1p00__lam0p000__nu0p50__psi0p00,0.069,borrow,32,1229,0.0,21,-0.43738887,-0.42560783,-0.42560783,0.767665,0.17073986,0.17073986,1.0,0.01178105,0.069,0.0,0.0,0.43738887,0.42560783,-23.789875,1.6888968,0.56296563,0.256,0.0,0.74139106,0.0,0.0
hardzero_only__c0p58__z1p00__lam0p000__nu0p50__psi0p00,0.069,borrow,32,1230,0.0,21,-0.42560783,-0.4134877,-0.4134877,0.75534165,0.17565411,0.17565411,1.0,0.012120133,0.069,0.0,0.0,0.42560783,0.4134877,-24.290777,1.6617848,0.55392826,0.256,0.0,0.76472527,0.0,0.0
hardzero_only__c0p58__z1p00__lam0p000__nu0p50__psi0p00,0.069,borrow,32,1231,0.0,21,-0.4134877,-0.40272325,-0.40272325,0.80685717,0.15600654,0.15600654,1.0,0.010764452,0.069,0.0,0.0,0.4134877,0.40272325,-24.926977,1.7751212,0.5917071,0.264,0.0,0.7228351,0.0,0.0
hardzero_only__c0p58__z1p00__lam0p000__nu0p50__psi0p00,0.069,borrow,32,1232,0.0,21,-0.40272325,-0.39071822,-0.39071822,0.7594863,0.17398575,0.17398575,1.0,0.012005016,0.069,0.0,0.0,0.40272325,0.39071822,-23.492607,1.6709032,0.55696774,0.24000001,0.0,0.74324316,0.0,0.0
hardzero_only__c0p58__z1p00__lam0p000__nu0p50__psi0p00,0.069,borrow,32,1233,0.0,21,-0.39071822,-0.3793766,-0.3793766,0.7841739,0.16437133,0.16437133,1.0,0.011341621,0.069,0.0,0.0,0.39071822,0.3793766,-24.132504,1.7252171,0.5750724,0.224,0.0,0.75723785,0.0,0.0
hardzero_only__c0p58__z1p00__lam0p000__nu0p50__psi0p00,0.069,borrow,32,1234,0.0,21,-0.3793766,-0.3676299,-0.3676299,0.7689326,0.17024228,0.17024228,1.0,0.011746717,0.069,0.0,0.0,0.3793766,0.3676299,-24.983807,1.6916854,0.56389517,0.312,0.0,0.7535211,0.0,0.0
hardzero_only__c0p58__z1p00__lam0p000__nu0p50__psi0p00,0.069,borrow,32,1235,0.0,21,-0.3676299,-0.35628211,-0.35628211,0.78393835,0.16446051,0.16446051,1.0,0.011347775,0.069,0.0,0.0,0.3676299,0.35628211,-24.407194,1.7246988,0.5748996,0.24,0.0,0.6136476,0.0,0.0
hardzero_only__c0p58__z1p00__lam0p000__nu0p50__psi0p00,0.069,borrow,32,1236,0.0,21,-0.35628211,-0.34566393,-0.34566393,0.8127994,0.15388651,0.15388651,1.0,0.010618169,0.069,0.0,0.0,0.35628211,0.34566393,-24.39818,1.7881944,0.5960648,0.312,0.0,0.72961384,0.0,0.0
hardzero_only__c0p58__z1p00__lam0p000__nu0p50__psi0p00,0.069,borrow,32,1237,0.0,21,-0.34566393,-0.33518404,-0.33518404,0.8184918,0.15188265,0.15188265,1.0,0.010479903,0.069,0.0,0.0,0.34566393,0.33518404,-24.350342,1.800718,0.60023934,0.264,0.0,0.7224103,0.0,0.0
hardzero_only__c0p58__z1p00__lam0p000__nu0p50__psi0p00,0.069,borrow,32,1238,0.0,21,-0.33518404,-0.32456505,-0.32456505,0.81276566,0.15389848,0.15389848,1.0,0.010618995,0.069,0.0,0.0,0.33518404,0.32456505,-24.883657,1.7881202,0.59604007,0.224,0.0,0.7162258,0.0,0.0
hardzero_only__c0p58__z1p00__lam0p000__nu0p50__psi0p00,0.069,borrow,32,1239,0.0,21,-0.32456505,-0.31230125,-0.31230125,0.75022405,0.17773621,0.17773621,1.0,0.012263798,0.069,0.0,0.0,0.32456505,0.31230125,-23.55598,1.6505259,0.5501753,0.36,0.0,0.7708524,0.0,0.0
hardzero_only__c0p58__z1p00__lam0p000__nu0p50__psi0p00,0.069,borrow,32,1240,0.0,21,-0.31230125,-0.30009806,-0.30009806,0.75237584,0.17685775,0.17685775,1.0,0.012203185,0.069,0.0,0.0,0.31230125,0.30009806,-22.85697,1.6552598,0.5517533,0.312,0.008,0.7206002,0.0,0.0
hardzero_only__c0p58__z1p00__lam0p000__nu0p50__psi0p00,0.069,borrow,32,1241,0.0,21,-0.30009806,-0.28956208,-0.28956208,0.816174,0.15269543,0.15269543,1.0,0.010535984,0.069,0.0,0.0,0.30009806,0.28956208,-23.995384,1.7956185,0.59853953,0.28,0.0,0.72695905,0.0,0.0
hardzero_only__c0p58__z1p00__lam0p000__nu0p50__psi0p00,0.069,borrow,32,1242,0.0,21,-0.28956208,-0.2782066,-0.2782066,0.7836434,0.16457222,0.16457222,1.0,0.011355483,0.069,0.0,0.0,0.28956208,0.2782066,-23.610338,1.7240499,0.5746833,0.35200003,0.0,0.75124675,0.0,0.0
hardzero_only__c0p58__z1p00__lam0p000__nu0p50__psi0p00,0.069,borrow,32,1243,0.0,21,-0.2782066,-0.268153,-0.268153,0.8365291,0.14570381,0.14570381,1.0,0.010053562,0.069,0.0,0.0,0.2782066,0.268153,-25.627687,1.8404007,0.6134669,0.216,0.0,0.73391277,0.0,0.0
hardzero_only__c0p58__z1p00__lam0p000__nu0p50__psi0p00,0.069,borrow,32,1244,0.0,21,-0.268153,-0.25700894,-0.25700894,0.79180557,0.16150814,0.16150814,1.0,0.011144062,0.069,0.0,0.0,0.268153,0.25700894,-24.191654,1.742007,0.58066905,0.264,0.0,0.73582935,0.0,0.0
hardzero_only__c0p58__z1p00__lam0p000__nu0p50__psi0p00,0.069,borrow,32,1245,0.0,21,-0.25700894,-0.24536873,-0.24536873,0.77288824,0.16869873,0.16869873,1.0,0.011640212,0.069,0.0,0.0,0.25700894,0.24536873,-23.31648,1.7003881,0.56679606,0.17600001,0.0,0.739497,0.0,0.0
hardzero_only__c0p58__z1p00__lam0p000__nu0p50__psi0p00,0.069,borrow,32,1246,0.0,21,-0.24536873,-0.23443666,-0.23443666,0.8001463,0.15843594,0.15843594,1.0,0.0109320795,0.069,0.0,0.0,0.24536873,0.23443666,-24.22995,1.760357,0.5867857,0.28,0.008,0.72136456,0.0,0.0
hardzero_only__c0p58__z1p00__lam0p000__nu0p50__psi0p00,0.069,borrow,32,1247,0.0,21,-0.23443666,-0.22366068,-0.22366068,0.80639195,0.15617375,0.15617375,1.0,0.010775989,0.069,0.0,0.0,0.23443666,0.22366068,-24.988955,1.7740977,0.59136593,0.24800001,0.0,0.7460664,0.0,0.0
hardzero_only__c0p58__z1p00__lam0p000__nu0p50__psi0p00,0.069,borrow,32,1248,0.0,21,-0.22366068,-0.21218497,-0.21218497,0.7790695,0.16631466,0.16631466,1.0,0.011475711,0.069,0.0,0.0,0.22366068,0.21218497,-24.615353,1.7139871,0.57132906,0.25,0.0,0.6197542,0.0,0.0
hardzero_only__c0p58__z1p00__lam0p000__nu0p50__psi0p00,0.069,borrow,32,1249,0.0,21,-0.21218497,-0.20110619,-0.20110619,0.79435754,0.16056189,0.16056189,1.0,0.01107877,0.069,0.0,0.0,0.21218497,0.20110619,-23.754475,1.7476215,0.5825405,0.24000001,0.0,0.72132415,0.0,0.0
