mechanism_tag,alpha,family,seed,update,update_u,update_counter,energy_E_pre,energy_E_post,energy_E_raw,funding_z,funding_g,funding_g_raw,funding_cut_active,funding_income,funding_alpha_eff,support_s,debt_charge,debt_level_pre,debt_level_post,episode_return_end_mean,terminal_min_dists_end_mean,terminal_dbar_end,terminal_occupied_end_mean,terminal_CSR_train,vartd_VarTD,depr_F,depr_F_post
hardzero_only__c0p58__z1p00__lam0p000__nu0p50__psi0p00,0.07,borrow,32,0,1.0,1,1.0,0.42000002,0.42000002,1.0750173,0.0,0.08413616,0.0,0.0,0.07,0.0,0.0,0.0,0.0,-27.862705,2.3650854,0.7883618,0.16,0.0,0.13813628,0.0,0.0
hardzero_only__c0p58__z1p00__lam0p000__nu0p50__psi0p00,0.07,borrow,32,1,1.0,2,0.42000002,-0.15999997,-0.15999997,1.0383499,0.0,0.091548264,0.0,0.0,0.07,0.0,0.0,0.0,0.15999997,-27.47996,2.2844152,0.76147175,0.120000005,0.0,0.1479145,0.0,0.0
hardzero_only__c0p58__z1p00__lam0p000__nu0p50__psi0p00,0.07,borrow,32,2,0.0,2,-0.15999997,-0.16159996,-0.16159996,1.0948973,0.0,0.080371626,0.0,0.0,0.07,0.0,0.0015999996,0.15999997,0.16159996,-28.205387,2.408822,0.8029407,0.112,0.0,0.19302548,0.0,0.0
hardzero_only__c0p58__z1p00__lam0p000__nu0p50__psi0p00,0.07,borrow,32,3,0.0,2,-0.16159996,-0.15611821,-0.15611821,0.99397755,0.101396374,0.101396374,1.0,0.0070977462,0.07,0.0,0.0016159996,0.16159996,0.15611821,-27.138102,2.1867943,0.7289314,0.128,0.0,0.16598615,0.0,0.0
hardzero_only__c0p58__z1p00__lam0p000__nu0p50__psi0p00,0.07,borrow,32,4,0.0,2,-0.15611821,-0.1576794,-0.1576794,1.0926123,0.0,0.080795616,0.0,0.0,0.07,0.0,0.0015611821,0.15611821,0.1576794,-28.55214,2.403795,0.801265,0.120000005,0.0,0.15212221,0.0,0.0
hardzero_only__c0p58__z1p00__lam0p000__nu0p50__psi0p00,0.07,borrow,32,5,0.0,2,-0.1576794,-0.15925619,-0.15925619,1.0158712,0.0,0.09641149,0.0,0.0,0.07,0.0,0.0015767938,0.1576794,0.15925619,-27.623259,2.2349613,0.74498713,0.17600001,0.0,0.15692149,0.0,0.0
hardzero_only__c0p58__z1p00__lam0p000__nu0p50__psi0p00,0.07,borrow,32,6,0.0,2,-0.15925619,-0.16084875,-0.16084875,1.0497366,0.0,0.08917917,0.0,0.0,0.07,0.0,0.0015925618,0.15925619,0.16084875,-27.614662,2.3094666,0.76982224,0.14400001,0.0,0.16106726,0.0,0.0
hardzero_only__c0p58__z1p00__lam0p000__nu0p50__psi0p00,0.07,borrow,32,7,0.0,2,-0.16084875,-0.16245724,-0.16245724,1.0244557,0.0,0.09452447,0.0,0.0,0.07,0.0,0.0016084875,0.16084875,0.16245724,-27.494896,2.2538474,0.75128245,0.2,0.0,0.1564833,0.0,0.0
hardzero_only__c0p58__z1p00__lam0p000__nu0p50__psi0p00,0.07,borrow,32,8,0.0,2,-0.16245724,-0.15690582,-0.15690582,0.98921555,0.10251429,0.10251429,1.0,0.007176,0.07,0.0,0.0016245724,0.16245724,0.15690582,-26.932962,2.1763177,0.72543925,0.16000001,0.0,0.15234116,0.0,0.0
hardzero_only__c0p58__z1p00__lam0p000__nu0p50__psi0p00,0.07,borrow,32,9,0.0,2,-0.15690582,-0.15847488,-0.15847488,1.0523314,0.0,0.08864791,0.0,0.0,0.07,0.0,0.0015690582,0.15690582,0.15847488,-28.152128,2.3151755,0.7717252,0.136,0.0,0.15706584,0.0,0.0
hardzero_only__c0p58__z1p00__lam0p000__nu0p50__psi0p00,0.07,borrow,32,10,0.0,2,-0.15847488,-0.15152088,-0.15152088,0.91370374,0.12198214,0.12198214,1.0,0.00853875,0.07,0.0,0.0015847487,0.15847488,0.15152088,-25.600222,2.0101883,0.6700628,0.216,0.0,0.11717166,0.0,0.0
hardzero_only__c0p58__z1p00__lam0p000__nu0p50__psi0p00,0.07,borrow,32,11,0.0,2,-0.15152088,-0.15303609,-0.15303609,1.005359,0.0,0.09877361,0.0,0.0,0.07,0.0,0.0015152087,0.15152088,0.15303609,-27.601904,2.211834,0.737278,0.23200001,0.0,0.17091459,0.0,0.0
hardzero_only__c0p58__z1p00__lam0p000__nu0p50__psi0p00,0.07,borrow,32,12,0.0,2,-0.15303609,-0.15456645,-0.15456645,1.0039192,0.0,0.099101625,0.0,0.0,0.07,0.0,0.0015303609,0.15303609,0.15456645,-27.1474,2.2086663,0.73622215,0.192,0.0,0.18357752,0.0,0.0
hardzero_only__c0p58__z1p00__lam0p000__nu0p50__psi0p00,0.07,borrow,32,13,0.0,2,-0.15456645,-0.15611212,-0.15611212,1.0084261,0.0,0.09807851,0.0,0.0,0.07,0.0,0.0015456645,0.15456645,0.15611212,-27.215889,2.2185817,0.7395272,0.14,0.0,0.151664,0.0,0.0
hardzero_only__c0p58__z1p00__lam0p000__nu0p50__psi0p00,0.07,borrow,32,14,0.0,2,-0.15611212,-0.15018776,-0.15018776,0.97087806,0.10693549,0.10693549,1.0,0.0074854847,0.07,0.0,0.0015611212,0.15611212,0.15018776,-26.354116,2.1359744,0.7119915,0.128,0.0,0.13470097,0.0,0.0
hardzero_only__c0p58__z1p00__lam0p000__nu0p50__psi0p00,0.07,borrow,32,15,0.0,2,-0.15018776,-0.15168963,-0.15168963,1.024213,0.0,0.094577335,0.0,0.0,0.07,0.0,0.0015018776,0.15018776,0.15168963,-27.52093,2.2533135,0.75110453,0.14400001,0.0,0.14971629,0.0,0.0
hardzero_only__c0p58__z1p00__lam0p000__nu0p50__psi0p00,0.07,borrow,32,16,0.0,2,-0.15168963,-0.15320653,-0.15320653,1.0229474,0.0,0.094853334,0.0,0.0,0.07,0.0,0.0015168963,0.15168963,0.15320653,-27.001629,2.2505293,0.7501764,0.192,0.0,0.16807355,0.0,0.0
hardzero_only__c0p58__z1p00__lam0p000__nu0p50__psi0p00,0.07,borrow,32,17,0.0,2,-0.15320653,-0.15473859,-0.15473859,1.0357782,0.0,0.09209199,0.0,0.0,0.07,0.0,0.0015320652,0.15320653,0.15473859,-27.474451,2.2787573,0.7595858,0.112,0.0,0.14162551,0.0,0.0
hardzero_only__c0p58__z1p00__lam0p000__nu0p50__psi0p00,0.07,borrow,32,18,0.0,2,-0.15473859,-0.1492654,-0.1492654,0.99872524,0.10029395,0.10029395,1.0,0.0070205764,0.07,0.0,0.0015473858,0.15473859,0.1492654,-27.070282,2.1972394,0.7324132,0.192,0.0,0.1810153,0.0,0.0
hardzero_only__c0p58__z1p00__lam0p000__nu0p50__psi0p00,0.07,borrow,32,19,0.0,2,-0.1492654,-0.14369977,-0.14369977,0.99639964,0.10083245,0.10083245,1.0,0.007058271,0.07,0.0,0.0014926539,0.1492654,0.14369977,-27.062372,2.192123,0.73070765,0.16000001,0.0,0.13873462,0.0,0.0
hardzero_only__c0p58__z1p00__lam0p000__nu0p50__psi0p00,0.07,borrow,32,20,0.0,2,-0.14369977,-0.14513676,-0.14513676,1.0201603,0.0,0.09546401,0.0,0.0,0.07,0.0,0.0014369977,0.14369977,0.14513676,-27.144667,2.2443974,0.74813247,0.16000001,0.0,0.1541681,0.0,0.0
hardzero_only__c0p58__z1p00__lam0p000__nu0p50__psi0p00,0.07,borrow,32,21,0.0,2,-0.14513676,-0.14658813,-0.14658813,1.000811,0.0,0.09981344,0.0,0.0,0.07,0.0,0.0014513675,0.14513676,0.14658813,-26.28189,2.2018282,0.73394275,0.18400002,0.0,0.15510887,0.0,0.0
hardzero_only__c0p58__z1p00__lam0p000__nu0p50__psi0p00,0.07,borrow,32,22,0.0,2,-0.14658813,-0.14104429,-0.14104429,0.9993968,0.100139,0.100139,1.0,0.00700973,0.07,0.0,0.0014658812,0.14658813,0.14104429,-26.801289,2.1987169,0.7329056,0.16800001,0.0,0.14381297,0.0,0.0
hardzero_only__c0p58__z1p00__lam0p000__nu0p50__psi0p00,0.07,borrow,32,23,0.0,2,-0.14104429,-0.14245473,-0.14245473,1.0678561,0.0,0.08553502,0.0,0.0,0.07,0.0,0.0014104429,0.14104429,0.14245473,-29.202904,2.3493302,0.7831101,0.14400001,0.0,0.18845978,0.0,0.0
hardzero_only__c0p58__z1p00__lam0p000__nu0p50__psi0p00,0.07,borrow,32,24,0.0,2,-0.14245473,-0.13621104,-0.13621104,0.96040195,0.10954639,0.10954639,1.0,0.0076682474,0.07,0.0,0.0014245473,0.14245473,0.13621104,-25.917044,2.1129265,0.70430887,0.224,0.008,0.14525823,0.0,0.0
hardzero_only__c0p58__z1p00__lam0p000__nu0p50__psi0p00,0.07,borrow,32,25,0.0,2,-0.13621104,-0.1300112,-0.1300112,0.96646416,0.10802786,0.10802786,1.0,0.0075619505,0.07,0.0,0.0013621104,0.13621104,0.1300112,-26.183273,2.1262636,0.70875454,0.2,0.0,0.16365919,0.0,0.0
hardzero_only__c0p58__z1p00__lam0p000__nu0p50__psi0p00,0.07,borrow,32,26,0.0,2,-0.1300112,-0.13131131,-0.13131131,1.0362976,0.0,0.09198192,0.0,0.0,0.07,0.0,0.001300112,0.1300112,0.13131131,-26.990343,2.2799,0.75996673,0.14,0.0,0.13403791,0.0,0.0
hardzero_only__c0p58__z1p00__lam0p000__nu0p50__psi0p00,0.07,borrow,32,27,0.0,2,-0.13131131,-0.13262443,-0.13262443,1.0176828,0.0,0.096010156,0.0,0.0,0.07,0.0,0.0013131131,0.13131131,0.13262443,-26.966564,2.238947,0.74631566,0.15200001,0.0,0.14236498,0.0,0.0
hardzero_only__c0p58__z1p00__lam0p000__nu0p50__psi0p00,0.07,borrow,32,28,0.0,2,-0.13262443,-0.13395068,-0.13395068,1.0196539,0.0,0.0955754,0.0,0.0,0.07,0.0,0.0013262443,0.13262443,0.13395068,-27.74755,2.2432835,0.7477612,0.17600001,0.0,0.1411644,0.0,0.0
hardzero_only__c0p58__z1p00__lam0p000__nu0p50__psi0p00,0.07,borrow,32,29,0.0,2,-0.13395068,-0.13529019,-0.13529019,1.0103123,0.0,0.097653456,0.0,0.0,0.07,0.0,0.0013395068,0.13395068,0.13529019,-26.471735,2.2227316,0.74091053,0.14400001,0.0,0.16972293,0.0,0.0
hardzero_only__c0p58__z1p00__lam0p000__nu0p50__psi0p00,0.07,borrow,32,30,0.0,2,-0.13529019,-0.12845199,-0.12845199,0.931755,0.117015935,0.117015935,1.0,0.008191115,0.07,0.0,0.0013529019,0.13529019,0.12845199,-25.250338,2.049902,0.6833007,0.18400002,0.0,0.15257998,0.0,0.0
hardzero_only__c0p58__z1p00__lam0p000__nu0p50__psi0p00,0.07,borrow,32,31,0.0,2,-0.12845199,-0.12973651,-0.12973651,1.0039731,0.0,0.09908933,0.0,0.0,0.07,0.0,0.0012845199,0.12845199,0.12973651,-26.81721,2.208785,0.7362617,0.208,0.0,0.14400819,0.0,0.0
hardzero_only__c0p58__z1p00__lam0p000__nu0p50__psi0p00,0.07,borrow,32,32,0.0,2,-0.12973651,-0.12383933,-0.12383933,0.9880948,0.10277918,0.10277918,1.0,0.007194543,0.07,0.0,0.0012973651,0.12973651,0.12383933,-26.037447,2.173852,0.72461736,0.18400002,0.0,0.16166824,0.0,0.0
hardzero_only__c0p58__z1p00__lam0p000__nu0p50__psi0p00,0.07,borrow,32,33,0.0,2,-0.12383933,-0.11806552,-0.11806552,0.99924344,0.10017436,0.10017436,1.0,0.007012205,0.07,0.0,0.0012383934,0.12383933,0.11806552,-27.212435,2.1983795,0.7327932,0.16800001,0.0,0.1899302,0.0,0.0
hardzero_only__c0p58__z1p00__lam0p000__nu0p50__psi0p00,0.07,borrow,32,34,0.0,2,-0.11806552,-0.11191897,-0.11191897,0.98015964,0.10467437,0.10467437,1.0,0.007327206,0.07,0.0,0.0011806552,0.11806552,0.11191897,-26.781591,2.1563942,0.7187981,0.192,0.0,0.13532594,0.0,0.0
hardzero_only__c0p58__z1p00__lam0p000__nu0p50__psi0p00,0.07,borrow,32,35,0.0,2,-0.11191897,-0.10574808,-0.10574808,0.9823659,0.10414397,0.10414397,1.0,0.007290078,0.07,0.0,0.0011191897,0.11191897,0.10574808,-27.168982,2.1612482,0.72041607,0.15200001,0.0,0.15628771,0.0,0.0
hardzero_only__c0p58__z1p00__lam0p000__nu0p50__psi0p00,0.07,borrow,32,36,0.0,2,-0.10574808,-0.10680556,-0.10680556,1.087724,0.0,0.08171016,0.0,0.0,0.07,0.0,0.0010574808,0.10574808,0.10680556,-27.929842,2.3930404,0.79768014,0.14400001,0.0,0.15651815,0.0,0.0
hardzero_only__c0p58__z1p00__lam0p000__nu0p50__psi0p00,0.07,borrow,32,37,0.0,2,-0.10680556,-0.10787362,-0.10787362,1.0005242,0.0,0.099879384,0.0,0.0,0.07,0.0,0.0010680556,0.10680556,0.10787362,-27.382174,2.2011971,0.7337324,0.192,0.0,0.15749958,0.0,0.0
hardzero_only__c0p58__z1p00__lam0p000__nu0p50__psi0p00,0.07,borrow,32,38,0.0,2,-0.10787362,-0.10164683,-0.10164683,0.9814466,0.10436464,0.10436464,1.0,0.007305525,0.07,0.0,0.0010787362,0.10787362,0.10164683,-26.808113,2.1592257,0.71974194,0.224,0.0,0.1376002,0.0,0.0
hardzero_only__c0p58__z1p00__lam0p000__nu0p50__psi0p00,0.07,borrow,32,39,0.0,2,-0.10164683,-0.1026633,-0.1026633,1.034961,0.0,0.092265435,0.0,0.0,0.07,0.0,0.0010164683,0.10164683,0.1026633,-27.146996,2.2769597,0.7589866,0.14,0.0,0.15740153,0.0,0.0
hardzero_only__c0p58__z1p00__lam0p000__nu0p50__psi0p00,0.07,borrow,32,40,0.0,2,-0.1026633,-0.09622694,-0.09622694,0.972185,0.10661418,0.10661418,1.0,0.007462993,0.07,0.0,0.001026633,0.1026633,0.09622694,-26.079838,2.1388497,0.71294993,0.208,0.0,0.14449702,0.0,0.0
hardzero_only__c0p58__z1p00__lam0p000__nu0p50__psi0p00,0.07,borrow,32,41,0.0,2,-0.09622694,-0.09718921,-0.09718921,1.0282583,0.0,0.09370044,0.0,0.0,0.07,0.0,0.0009622694,0.09622694,0.09718921,-27.029469,2.2622135,0.7540712,0.192,0.0,0.16080406,0.0,0.0
hardzero_only__c0p58__z1p00__lam0p000__nu0p50__psi0p00,0.07,borrow,32,42,0.0,2,-0.09718921,-0.090654716,-0.090654716,0.96966714,0.10723408,0.10723408,1.0,0.007506386,0.07,0.0,0.0009718921,0.09718921,0.090654716,-26.390087,2.1333103,0.71110344,0.16000001,0.0,0.1772551,0.0,0.0
hardzero_only__c0p58__z1p00__lam0p000__nu0p50__psi0p00,0.07,borrow,32,43,0.0,2,-0.090654716,-0.091561265,-0.091561265,1.0489608,0.0,0.08933861,0.0,0.0,0.07,0.0,0.0009065471,0.090654716,0.091561265,-27.813934,2.3077598,0.76925325,0.128,0.0,0.1749271,0.0,0.0
hardzero_only__c0p58__z1p00__lam0p000__nu0p50__psi0p00,0.07,borrow,32,44,0.0,2,-0.091561265,-0.08501835,-0.08501835,0.972445,0.10655037,0.10655037,1.0,0.007458526,0.07,0.0,0.0009156126,0.091561265,0.08501835,-26.202337,2.1394217,0.7131406,0.216,0.0,0.15118551,0.0,0.0
hardzero_only__c0p58__z1p00__lam0p000__nu0p50__psi0p00,0.07,borrow,32,45,0.0,2,-0.08501835,-0.07869908,-0.07869908,0.98961186,0.10242079,0.10242079,1.0,0.0071694553,0.07,0.0,0.0008501835,0.08501835,0.07869908,-26.40706,2.1771896,0.7257299,0.16800001,0.0,0.14851789,0.0,0.0
hardzero_only__c0p58__z1p00__lam0p000__nu0p50__psi0p00,0.07,borrow,32,46,0.0,2,-0.07869908,-0.07146176,-0.07146176,0.9406901,0.11463307,0.11463307,1.0,0.008024314,0.07,0.0,0.0007869908,0.07869908,0.07146176,-25.793562,2.0695596,0.6898532,0.24000001,0.0,0.13220327,0.0,0.0
hardzero_only__c0p58__z1p00__lam0p000__nu0p50__psi0p00,0.07,borrow,32,47,0.0,2,-0.07146176,-0.06450153,-0.06450153,0.9600284,0.109640636,0.109640636,1.0,0.0076748445,0.07,0.0,0.0007146176,0.07146176,0.06450153,-26.680208,2.1121047,0.7040349,0.17600001,0.0,0.14115304,0.0,0.0
hardzero_only__c0p58__z1p00__lam0p000__nu0p50__psi0p00,0.07,borrow,32,48,0.0,2,-0.06450153,-0.057990935,-0.057990935,0.9904512,0.10222304,0.10222304,1.0,0.0071556126,0.07,0.0,0.0006450153,0.06450153,0.057990935,-25.905792,2.1790361,0.7263454,0.120000005,0.0,0.14181556,0.0,0.0
hardzero_only__c0p58__z1p00__lam0p000__nu0p50__psi0p00,0.07,borrow,32,49,0.0,2,-0.057990935,-0.051338464,-0.051338464,0.98581696,0.103319675,0.103319675,1.0,0.0072323773,0.07,0.0,0.0005799093,0.057990935,0.051338464,-27.5867,2.1688406,0.7229469,0.216,0.0,0.14766178,0.0,0.0
hardzero_only__c0p58__z1p00__lam0p000__nu0p50__psi0p00,0.07,borrow,32,50,0.0,2,-0.051338464,-0.04478005,-0.04478005,0.995568,0.10102572,0.10102572,1.0,0.0070718005,0.07,0.0,0.00051338464,0.051338464,0.04478005,-26.863,2.1902933,0.7300978,0.136,0.0,0.15064013,0.0,0.0
hardzero_only__c0p58__z1p00__lam0p000__nu0p50__psi0p00,0.07,borrow,32,51,0.0,2,-0.04478005,-0.04522785,-0.04522785,1.0030916,0.0,0.099290654,0.0,0.0,0.07,0.0,0.00044780047,0.04478005,0.04522785,-26.738733,2.2068455,0.7356152,0.256,0.0,0.13654971,0.0,0.0
hardzero_only__c0p58__z1p00__lam0p000__nu0p50__psi0p00,0.07,borrow,32,52,0.0,2,-0.04522785,-0.04568013,-0.04568013,1.0582075,0.0,0.08745658,0.0,0.0,0.07,0.0,0.0004522785,0.04522785,0.04568013,-27.65129,2.328103,0.77603436,0.16,0.0,0.14667252,0.0,0.0
hardzero_only__c0p58__z1p00__lam0p000__nu0p50__psi0p00,0.07,borrow,32,53,0.0,2,-0.04568013,-0.038360696,-0.038360696,0.9543285,0.111089125,0.111089125,1.0,0.007776239,0.07,0.0,0.0004568013,0.04568013,0.038360696,-26.898504,2.0995646,0.69985485,0.16000001,0.0,0.14746499,0.0,0.0
hardzero_only__c0p58__z1p00__lam0p000__nu0p50__psi0p00,0.07,borrow,32,54,0.0,2,-0.038360696,-0.030899929,-0.030899929,0.95053977,0.11206247,0.11206247,1.0,0.007844373,0.07,0.0,0.00038360697,0.038360696,0.030899929,-26.142702,2.0912292,0.69707644,0.18400002,0.0,0.1424752,0.0,0.0
hardzero_only__c0p58__z1p00__lam0p000__nu0p50__psi0p00,0.07,borrow,32,55,0.0,2,-0.030899929,-0.031208929,-0.031208929,1.0320368,0.0,0.092888765,0.0,0.0,0.07,0.0,0.00030899927,0.030899929,0.031208929,-27.589355,2.2705262,0.7568421,0.120000005,0.0,0.16255444,0.0,0.0
hardzero_only__c0p58__z1p00__lam0p000__nu0p50__psi0p00,0.07,borrow,32,56,0.0,2,-0.031208929,-0.03152102,-0.03152102,1.0145824,0.0,0.09669802,0.0,0.0,0.07,0.0,0.00031208928,0.031208929,0.03152102,-26.511738,2.2321258,0.7440419,0.15200001,0.0,0.14735797,0.0,0.0
hardzero_only__c0p58__z1p00__lam0p000__nu0p50__psi0p00,0.07,borrow,32,57,0.0,2,-0.03152102,-0.023897065,-0.023897065,0.94532335,0.11341661,0.11341661,1.0,0.007939163,0.07,0.0,0.00031521017,0.03152102,0.023897065,-26.334322,2.079753,0.693251,0.16800001,0.0,0.13688836,0.0,0.0
hardzero_only__c0p58__z1p00__lam0p000__nu0p50__psi0p00,0.07,borrow,32,58,0.0,2,-0.023897065,-0.024136035,-0.024136035,1.0096904,0.0,0.097793415,0.0,0.0,0.07,0.0,0.00023897065,0.023897065,0.024136035,-27.167007,2.2213633,0.74045444,0.18400002,0.0,0.17459305,0.0,0.0
hardzero_only__c0p58__z1p00__lam0p000__nu0p50__psi0p00,0.07,borrow,32,59,0.0,2,-0.024136035,-0.024377394,-0.024377394,1.0005329,0.0,0.09987738,0.0,0.0,0.07,0.0,0.00024136034,0.024136035,0.024377394,-26.060884,2.2012162,0.7337388,0.16000001,0.0,0.16523926,0.0,0.0
hardzero_only__c0p58__z1p00__lam0p000__nu0p50__psi0p00,0.07,borrow,32,60,0.0,2,-0.024377394,-0.017377855,-0.017377855,0.9851607,0.10347591,0.10347591,1.0,0.007243314,0.07,0.0,0.00024377395,0.024377394,0.017377855,-27.808662,2.1673968,0.72246563,0.208,0.0,0.17720325,0.0,0.0
hardzero_only__c0p58__z1p00__lam0p000__nu0p50__psi0p00,0.07,borrow,32,61,1.0,3,-0.017377855,-0.5902594,-0.5902594,0.9822349,0.10417538,0.10417538,1.0,0.0072922767,0.07,0.0,0.00017377855,0.017377855,0.5902594,-26.236095,2.16096,0.72032,0.192,0.008,0.15912516,0.0,0.0
hardzero_only__c0p58__z1p00__lam0p000__nu0p50__psi0p00,0.07,borrow,32,62,0.0,3,-0.5902594,-0.589018,-0.589018,0.9911599,0.102056354,0.102056354,1.0,0.007143945,0.07,0.0,0.0059025935,0.5902594,0.589018,-27.06771,2.1805954,0.7268652,0.128,0.0,0.16704331,0.0,0.0
hardzero_only__c0p58__z1p00__lam0p000__nu0p50__psi0p00,0.07,borrow,32,63,0.0,3,-0.589018,-0.5949082,-0.5949082,1.0361681,0.0,0.092009336,0.0,0.0,0.07,0.0,0.00589018,0.589018,0.5949082,-27.819576,2.2796154,0.75987184,0.16000001,0.0,0.17883663,0.0,0.0
hardzero_only__c0p58__z1p00__lam0p000__nu0p50__psi0p00,0.07,borrow,32,64,0.0,3,-0.5949082,-0.6,-0.60085726,1.0186467,0.0,0.0957973,0.0,0.0,0.07,0.0,0.005949082,0.5949082,0.6,-28.309841,2.2410674,0.7470225,0.112,0.0,0.17453387,0.0,0.0
hardzero_only__c0p58__z1p00__lam0p000__nu0p50__psi0p00,0.07,borrow,32,65,0.0,3,-0.6,-0.5980169,-0.5980169,0.942926,0.114044406,0.114044406,1.0,0.007983108,0.07,0.0,0.006,0.6,0.5980169,-26.662859,2.0744786,0.6914929,0.16,0.0,0.14401402,0.0,0.0
hardzero_only__c0p58__z1p00__lam0p000__nu0p50__psi0p00,0.07,borrow,32,66,0.0,3,-0.5980169,-0.59680307,-0.59680307,0.98812675,0.10277163,0.10277163,1.0,0.0071940143,0.07,0.0,0.005980169,0.5980169,0.59680307,-26.668604,2.1739223,0.7246408,0.14400001,0.0,0.13640131,0.0,0.0
hardzero_only__c0p58__z1p00__lam0p000__nu0p50__psi0p00,0.07,borrow,32,67,0.0,3,-0.59680307,-0.6,-0.6027711,1.0069456,0.0,0.09841344,0.0,0.0,0.07,0.0,0.0059680305,0.59680307,0.6,-26.784382,2.2153246,0.7384416,0.192,0.0,0.14991863,0.0,0.0
hardzero_only__c0p58__z1p00__lam0p000__nu0p50__psi0p00,0.07,borrow,32,68,0.0,3,-0.6,-0.5989826,-0.5989826,0.99891835,0.10024936,0.10024936,1.0,0.007017455,0.07,0.0,0.006,0.6,0.5989826,-27.294065,2.1976643,0.7325548,0.16800001,0.0,0.17781165,0.0,0.0
hardzero_only__c0p58__z1p00__lam0p000__nu0p50__psi0p00,0.07,borrow,32,69,0.0,3,-0.5989826,-0.6,-0.6049724,1.0002059,0.0,0.09995261,0.0,0.0,0.07,0.0,0.005989826,0.5989826,0.6,-26.630987,2.200497,0.733499,0.104,0.0,0.14219172,0.0,0.0
hardzero_only__c0p58__z1p00__lam0p000__nu0p50__psi0p00,0.07,borrow,32,70,0.0,3,-0.6,-0.6,-0.606,1.031649,0.0,0.09297174,0.0,0.0,0.07,0.0,0.006,0.6,0.6,-27.586637,2.269673,0.7565577,0.128,0.0,0.17540663,0.0,0.0
hardzero_only__c0p58__z1p00__lam0p000__nu0p50__psi0p00,0.07,borrow,32,71,0.0,3,-0.6,-0.5982945,-0.5982945,0.9582964,0.11007875,0.11007875,1.0,0.0077055125,0.07,0.0,0.006,0.6,0.5982945,-26.444752,2.1082942,0.70276475,0.136,0.0,0.15975656,0.0,0.0
hardzero_only__c0p58__z1p00__lam0p000__nu0p50__psi0p00,0.07,borrow,32,72,0.0,3,-0.5982945,-0.597122,-0.597122,0.9904645,0.102219895,0.102219895,1.0,0.007155393,0.07,0.0,0.0059829447,0.5982945,0.597122,-26.642544,2.1790655,0.7263552,0.16800001,0.0,0.20139357,0.0,0.0
hardzero_only__c0p58__z1p00__lam0p000__nu0p50__psi0p00,0.07,borrow,32,73,0.0,3,-0.597122,-0.5960158,-0.5960158,0.9952263,0.10110524,0.10110524,1.0,0.007077367,0.07,0.0,0.00597122,0.597122,0.5960158,-26.933826,2.1895416,0.7298472,0.104,0.0,0.14230232,0.0,0.0
hardzero_only__c0p58__z1p00__lam0p000__nu0p50__psi0p00,0.07,borrow,32,74,0.0,3,-0.5960158,-0.5949089,-0.5949089,0.99585617,0.10095871,0.10095871,1.0,0.00706711,0.07,0.0,0.005960158,0.5960158,0.5949089,-27.426281,2.1909273,0.7303091,0.208,0.0,0.14527747,0.0,0.0
hardzero_only__c0p58__z1p00__lam0p000__nu0p50__psi0p00,0.07,borrow,32,75,0.0,3,-0.5949089,-0.6,-0.600858,1.0243237,0.0,0.09455321,0.0,0.0,0.07,0.0,0.005949089,0.5949089,0.6,-27.573154,2.2535572,0.7511858,0.18400002,0.0,0.18970515,0.0,0.0
hardzero_only__c0p58__z1p00__lam0p000__nu0p50__psi0p00,0.07,borrow,32,76,0.0,3,-0.6,-0.5979418,-0.5979418,0.93885887,0.11511742,0.11511742,1.0,0.008058219,0.07,0.0,0.006,0.6,0.5979418,-25.42698,2.0655308,0.6885103,0.18400002,0.0,0.14613973,0.0,0.0
hardzero_only__c0p58__z1p00__lam0p000__nu0p50__psi0p00,0.07,borrow,32,77,0.0,3,-0.5979418,-0.6,-0.60392123,1.0496584,0.0,0.08919522,0.0,0.0,0.07,0.0,0.005979418,0.5979418,0.6,-27.564615,2.3092947,0.7697649,0.136,0.0,0.16690993,0.0,0.0
hardzero_only__c0p58__z1p00__lam0p000__nu0p50__psi0p00,0.07,borrow,32,78,0.0,3,-0.6,-0.59877443,-0.59877443,0.9862248,0.103222705,0.103222705,1.0,0.0072255894,0.07,0.0,0.006,0.6,0.59877443,-27.065048,2.1697378,0.723246,0.16,0.0,0.1326393,0.0,0.0
hardzero_only__c0p58__z1p00__lam0p000__nu0p50__psi0p00,0.07,borrow,32,79,0.0,3,-0.59877443,-0.5971367,-0.5971367,0.96282834,0.10893605,0.10893605,1.0,0.0076255235,0.07,0.0,0.0059877443,0.59877443,0.5971367,-27.016747,2.1182647,0.70608824,0.272,0.0,0.1655702,0.0,0.0
hardzero_only__c0p58__z1p00__lam0p000__nu0p50__psi0p00,0.07,borrow,32,80,0.0,3,-0.5971367,-0.5957138,-0.5957138,0.9762025,0.10563248,0.10563248,1.0,0.0073942733,0.07,0.0,0.0059713665,0.5971367,0.5957138,-26.593039,2.1476884,0.7158961,0.14400001,0.0,0.14449771,0.0,0.0
hardzero_only__c0p58__z1p00__lam0p000__nu0p50__psi0p00,0.07,borrow,32,81,0.0,3,-0.5957138,-0.6,-0.6016709,1.0013703,0.0,0.09968497,0.0,0.0,0.07,0.0,0.005957138,0.5957138,0.6,-27.61231,2.2030587,0.73435295,0.120000005,0.0,0.17726134,0.0,0.0
hardzero_only__c0p58__z1p00__lam0p000__nu0p50__psi0p00,0.07,borrow,32,82,0.0,3,-0.6,-0.6,-0.606,1.0129845,0.0,0.09705446,0.0,0.0,0.07,0.0,0.006,0.6,0.6,-27.41801,2.2286105,0.7428702,0.15200001,0.0,0.14372824,0.0,0.0
hardzero_only__c0p58__z1p00__lam0p000__nu0p50__psi0p00,0.07,borrow,32,83,0.0,3,-0.6,-0.59873194,-0.59873194,0.98367774,0.10382985,0.10382985,1.0,0.00726809,0.07,0.0,0.006,0.6,0.59873194,-26.53268,2.1641343,0.7213781,0.224,0.0,0.13393453,0.0,0.0
hardzero_only__c0p58__z1p00__lam0p000__nu0p50__psi0p00,0.07,borrow,32,84,0.0,3,-0.59873194,-0.5971034,-0.5971034,0.9633792,0.10879796,0.10879796,1.0,0.0076158573,0.07,0.0,0.005987319,0.59873194,0.5971034,-26.677868,2.1194766,0.7064922,0.2,0.0,0.16186424,0.0,0.0
hardzero_only__c0p58__z1p00__lam0p000__nu0p50__psi0p00,0.07,borrow,32,85,0.0,3,-0.5971034,-0.6,-0.60307443,1.0012771,0.0,0.09970636,0.0,0.0,0.07,0.0,0.005971034,0.5971034,0.6,-27.615847,2.2028537,0.7342846,0.112,0.0,0.15417968,0.0,0.0
hardzero_only__c0p58__z1p00__lam0p000__nu0p50__psi0p00,0.07,borrow,32,86,0.0,3,-0.6,-0.5980897,-0.5980897,0.94690317,0.11300477,0.11300477,1.0,0.007910334,0.07,0.0,0.006,0.6,0.5980897,-26.418102,2.0832286,0.69440955,0.2,0.0,0.14806311,0.0,0.0
hardzero_only__c0p58__z1p00__lam0p000__nu0p50__psi0p00,0.07,borrow,32,87,0.0,3,-0.5980897,-0.596117,-0.596117,0.94453627,0.11362232,0.11362232,1.0,0.007953563,0.07,0.0,0.0059808968,0.5980897,0.596117,-26.28578,2.0780213,0.6926738,0.216,0.0,0.16518469,0.0,0.0
hardzero_only__c0p58__z1p00__lam0p000__nu0p50__psi0p00,0.07,borrow,32,88,0.0,3,-0.596117,-0.5942673,-0.5942673,0.95239675,0.11158434,0.11158434,1.0,0.007810904,0.07,0.0,0.00596117,0.596117,0.5942673,-25.766224,2.0953147,0.6984383,0.17600001,0.0,0.14669058,0.0,0.0
hardzero_only__c0p58__z1p00__lam0p000__nu0p50__psi0p00,0.07,borrow,32,89,0.0,3,-0.5942673,-0.59282416,-0.59282416,0.97669655,0.105512396,0.105512396,1.0,0.0073858676,0.07,0.0,0.005942673,0.5942673,0.59282416,-25.690498,2.1487753,0.71625847,0.16800001,0.0,0.14397258,0.0,0.0
hardzero_only__c0p58__z1p00__lam0p000__nu0p50__psi0p00,0.07,borrow,32,90,0.0,3,-0.59282416,-0.59121966,-0.59121966,0.9681469,0.10761011,0.10761011,1.0,0.0075327074,0.07,0.0,0.0059282416,0.59282416,0.59121966,-25.481047,2.1299658,0.7099886,0.272,0.0,0.14666738,0.0,0.0
hardzero_only__c0p58__z1p00__lam0p000__nu0p50__psi0p00,0.07,borrow,32,91,0.0,3,-0.59121966,-0.58908725,-0.58908725,0.9395921,0.114923246,0.114923246,1.0,0.0080446275,0.07,0.0,0.0059121964,0.59121966,0.58908725,-25.860971,2.067144,0.689048,0.24,0.0,0.1459999,0.0,0.0
hardzero_only__c0p58__z1p00__lam0p000__nu0p50__psi0p00,0.07,borrow,32,92,0.0,3,-0.58908725,-0.5873284,-0.5873284,0.96145344,0.10928148,0.10928148,1.0,0.007649704,0.07,0.0,0.0058908723,0.58908725,0.5873284,-27.01551,2.1152399,0.70508,0.16800001,0.0,0.14696093,0.0,0.0
hardzero_only__c0p58__z1p00__lam0p000__nu0p50__psi0p00,0.07,borrow,32,93,0.0,3,-0.5873284,-0.59320164,-0.59320164,1.01494,0.0,0.09661842,0.0,0.0,0.07,0.0,0.005873284,0.5873284,0.59320164,-27.16964,2.2329125,0.7443042,0.112,0.0,0.15212248,0.0,0.0
hardzero_only__c0p58__z1p00__lam0p000__nu0p50__psi0p00,0.07,borrow,32,94,0.0,3,-0.59320164,-0.59154546,-0.59154546,0.96495783,0.108403206,0.108403206,1.0,0.0075882245,0.07,0.0,0.0059320163,0.59320164,0.59154546,-25.372423,2.1229496,0.7076499,0.192,0.0,0.1424436,0.0,0.0
hardzero_only__c0p58__z1p00__lam0p000__nu0p50__psi0p00,0.07,borrow,32,95,0.0,3,-0.59154546,-0.5974609,-0.5974609,1.0029095,0.0,0.09933228,0.0,0.0,0.07,0.0,0.0059154546,0.59154546,0.5974609,-25.998255,2.206445,0.7354817,0.16800001,0.0,0.15282464,0.0,0.0
hardzero_only__c0p58__z1p00__lam0p000__nu0p50__psi0p00,0.07,borrow,32,96,0.0,3,-0.5974609,-0.595522,-0.595522,0.94672894,0.11305012,0.11305012,1.0,0.007913508,0.07,0.0,0.005974609,0.5974609,0.595522,-25.576912,2.0828452,0.69428176,0.136,0.0,0.12727036,0.0,0.0
hardzero_only__c0p58__z1p00__lam0p000__nu0p50__psi0p00,0.07,borrow,32,97,0.0,3,-0.595522,-0.59353894,-0.59353894,0.94537324,0.11340357,0.11340357,1.0,0.00793825,0.07,0.0,0.0059552197,0.595522,0.59353894,-25.665552,2.0798626,0.69328755,0.17600001,0.0,0.14016688,0.0,0.0
hardzero_only__c0p58__z1p00__lam0p000__nu0p50__psi0p00,0.07,borrow,32,98,0.0,3,-0.59353894,-0.5994743,-0.5994743,1.035162,0.0,0.09222274,0.0,0.0,0.07,0.0,0.005935389,0.59353894,0.5994743,-28.188334,2.2774017,0.75913393,0.112,0.0,0.16510485,0.0,0.0
hardzero_only__c0p58__z1p00__lam0p000__nu0p50__psi0p00,0.07,borrow,32,99,0.0,3,-0.5994743,-0.59844244,-0.59844244,0.9983504,0.10038057,0.10038057,1.0,0.0070266398,0.07,0.0,0.005994743,0.5994743,0.59844244,-27.277872,2.1964147,0.7321383,0.192,0.0,0.17378062,0.0,0.0
hardzero_only__c0p58__z1p00__lam0p000__nu0p50__psi0p00,0.07,borrow,32,100,0.0,3,-0.59844244,-0.59629446,-0.59629446,0.9348789,0.11617725,0.11617725,1.0,0.008132407,0.07,0.0,0.005984424,0.59844244,0.59629446,-25.335857,2.0567746,0.6855916,0.15200001,0.0,0.13344634,0.0,0.0
hardzero_only__c0p58__z1p00__lam0p000__nu0p50__psi0p00,0.07,borrow,32,101,0.0,3,-0.59629446,-0.59402466,-0.59402466,0.92955273,0.11761083,0.11761083,1.0,0.008232758,0.07,0.0,0.0059629446,0.59629446,0.59402466,-26.129898,2.0450568,0.6816856,0.136,0.0,0.14701404,0.0,0.0
hardzero_only__c0p58__z1p00__lam0p000__nu0p50__psi0p00,0.07,borrow,32,102,0.0,3,-0.59402466,-0.5925687,-0.5925687,0.9760874,0.10566048,0.10566048,1.0,0.0073962337,0.07,0.0,0.0059402464,0.59402466,0.5925687,-26.73902,2.1474352,0.7158117,0.18400002,0.0,0.16588959,0.0,0.0
hardzero_only__c0p58__z1p00__lam0p000__nu0p50__psi0p00,0.07,borrow,32,103,0.0,3,-0.5925687,-0.5984944,-0.5984944,1.021912,0.0,0.09507975,0.0,0.0,0.07,0.0,0.005925687,0.5925687,0.5984944,-26.758825,2.2482512,0.74941707,0.2,0.0,0.17014517,0.0,0.0
hardzero_only__c0p58__z1p00__lam0p000__nu0p50__psi0p00,0.07,borrow,32,104,0.0,3,-0.5984944,-0.59666383,-0.59666383,0.95213777,0.1116509,0.1116509,1.0,0.007815563,0.07,0.0,0.005984944,0.5984944,0.59666383,-25.625988,2.094745,0.6982483,0.14999999,0.0,0.12910068,0.0,0.0
hardzero_only__c0p58__z1p00__lam0p000__nu0p50__psi0p00,0.07,borrow,32,105,0.0,3,-0.59666383,-0.6,-0.6026305,1.0125512,0.0,0.09715135,0.0,0.0,0.07,0.0,0.005966638,0.59666383,0.6,-26.868715,2.227657,0.7425524,0.16800001,0.0,0.1485063,0.0,0.0
hardzero_only__c0p58__z1p00__lam0p000__nu0p50__psi0p00,0.07,borrow,32,106,0.0,3,-0.6,-0.5982733,-0.5982733,0.9571031,0.11038164,0.11038164,1.0,0.007726715,0.07,0.0,0.006,0.6,0.5982733,-26.340223,2.1056688,0.70188963,0.256,0.0,0.14350745,0.0,0.0
hardzero_only__c0p58__z1p00__lam0p000__nu0p50__psi0p00,0.07,borrow,32,107,0.0,3,-0.5982733,-0.59626484,-0.59626484,0.9424857,0.11416008,0.11416008,1.0,0.007991206,0.07,0.0,0.005982733,0.5982733,0.59626484,-25.381153,2.07351,0.69117,0.208,0.0,0.14636862,0.0,0.0
hardzero_only__c0p58__z1p00__lam0p000__nu0p50__psi0p00,0.07,borrow,32,108,0.0,3,-0.59626484,-0.6,-0.6022275,1.0263597,0.0,0.09411098,0.0,0.0,0.07,0.0,0.0059626484,0.59626484,0.6,-27.191895,2.2580364,0.7526788,0.15200001,0.0,0.16389084,0.0,0.0
hardzero_only__c0p58__z1p00__lam0p000__nu0p50__psi0p00,0.07,borrow,32,109,0.0,3,-0.6,-0.6,-0.606,1.0205543,0.0,0.09537745,0.0,0.0,0.07,0.0,0.006,0.6,0.6,-27.453007,2.2452643,0.74842143,0.128,0.0,0.18065801,0.0,0.0
hardzero_only__c0p58__z1p00__lam0p000__nu0p50__psi0p00,0.07,borrow,32,110,0.0,3,-0.6,-0.59879863,-0.59879863,0.98768127,0.102877095,0.102877095,1.0,0.007201397,0.07,0.0,0.006,0.6,0.59879863,-27.247513,2.1729422,0.7243141,0.16800001,0.0,0.15221077,0.0,0.0
hardzero_only__c0p58__z1p00__lam0p000__nu0p50__psi0p00,0.07,borrow,32,111,0.0,3,-0.59879863,-0.5976653,-0.5976653,0.9925372,0.10173322,0.10173322,1.0,0.0071213255,0.07,0.0,0.005987986,0.59879863,0.5976653,-26.822086,2.1836255,0.7278752,0.216,0.0,0.15373619,0.0,0.0
hardzero_only__c0p58__z1p00__lam0p000__nu0p50__psi0p00,0.07,borrow,32,112,0.0,3,-0.5976653,-0.596166,-0.596166,0.9714311,0.10679941,0.10679941,1.0,0.0074759587,0.07,0.0,0.005976653,0.5976653,0.596166,-27.109669,2.137191,0.71239704,0.208,0.0,0.13983698,0.0,0.0
hardzero_only__c0p58__z1p00__lam0p000__nu0p50__psi0p00,0.07,borrow,32,113,0.0,3,-0.596166,-0.59418076,-0.59418076,0.9448995,0.113527335,0.113527335,1.0,0.007946913,0.07,0.0,0.00596166,0.596166,0.59418076,-26.3437,2.0788205,0.6929402,0.208,0.0,0.13830674,0.0,0.0
hardzero_only__c0p58__z1p00__lam0p000__nu0p50__psi0p00,0.07,borrow,32,114,0.0,3,-0.59418076,-0.59266424,-0.59266424,0.97245693,0.10654745,0.10654745,1.0,0.0074583218,0.07,0.0,0.0059418073,0.59418076,0.59266424,-26.573938,2.139448,0.7131493,0.18400002,0.0,0.16685645,0.0,0.0
hardzero_only__c0p58__z1p00__lam0p000__nu0p50__psi0p00,0.07,borrow,32,115,0.0,3,-0.59266424,-0.5912223,-0.5912223,0.97771305,0.10526572,0.10526572,1.0,0.0073686005,0.07,0.0,0.005926642,0.59266424,0.5912223,-27.288036,2.1510117,0.71700394,0.208,0.0,0.16605136,0.0,0.0
hardzero_only__c0p58__z1p00__lam0p000__nu0p50__psi0p00,0.07,borrow,32,116,0.0,3,-0.5912223,-0.58966506,-0.58966506,0.9718091,0.106706515,0.106706515,1.0,0.007469456,0.07,0.0,0.005912223,0.5912223,0.58966506,-26.306892,2.1380227,0.71267426,0.16000001,0.0,0.15174675,0.0,0.0
hardzero_only__c0p58__z1p00__lam0p000__nu0p50__psi0p00,0.07,borrow,32,117,0.0,3,-0.58966506,-0.5882767,-0.5882767,0.9826697,0.10407112,0.10407112,1.0,0.0072849784,0.07,0.0,0.0058966503,0.58966506,0.5882767,-27.392109,2.1619165,0.7206389,0.14,0.0,0.15096992,0.0,0.0
hardzero_only__c0p58__z1p00__lam0p000__nu0p50__psi0p00,0.07,borrow,32,118,0.0,3,-0.5882767,-0.58636385,-0.58636385,0.9532487,0.11136566,0.11136566,1.0,0.0077955965,0.07,0.0,0.0058827666,0.5882767,0.58636385,-25.596151,2.097189,0.699063,0.23200001,0.008,0.13174218,0.0,0.0
hardzero_only__c0p58__z1p00__lam0p000__nu0p50__psi0p00,0.07,borrow,32,119,0.0,3,-0.58636385,-0.5848616,-0.5848616,0.9778714,0.10522733,0.10522733,1.0,0.007365913,0.07,0.0,0.0058636386,0.58636385,0.5848616,-26.116114,2.15136,0.71712005,0.216,0.0,0.15145327,0.0,0.0
hardzero_only__c0p58__z1p00__lam0p000__nu0p50__psi0p00,0.07,borrow,32,120,0.0,3,-0.5848616,-0.583645,-0.583645,0.9959759,0.10093089,0.10093089,1.0,0.0070651625,0.07,0.0,0.0058486154,0.5848616,0.583645,-26.5232,2.1911907,0.7303969,0.192,0.0,0.15991738,0.0,0.0
hardzero_only__c0p58__z1p00__lam0p000__nu0p50__psi0p00,0.07,borrow,32,121,0.0,3,-0.583645,-0.5894814,-0.5894814,1.0087078,0.0,0.098014936,0.0,0.0,0.07,0.0,0.0058364496,0.583645,0.5894814,-27.122692,2.2192013,0.7397338,0.18400002,0.008,0.150343,0.0,0.0
hardzero_only__c0p58__z1p00__lam0p000__nu0p50__psi0p00,0.07,borrow,32,122,0.0,3,-0.5894814,-0.59537625,-0.59537625,1.0125827,0.0,0.097144306,0.0,0.0,0.07,0.0,0.005894814,0.5894814,0.59537625,-26.806826,2.2277265,0.7425755,0.192,0.0,0.14404228,0.0,0.0
hardzero_only__c0p58__z1p00__lam0p000__nu0p50__psi0p00,0.07,borrow,32,123,0.0,3,-0.59537625,-0.6,-0.60133004,1.0138613,0.0,0.0968587,0.0,0.0,0.07,0.0,0.005953762,0.59537625,0.6,-27.251143,2.2305393,0.7435131,0.18400002,0.0,0.15365201,0.0,0.0
hardzero_only__c0p58__z1p00__lam0p000__nu0p50__psi0p00,0.07,borrow,32,124,0.0,3,-0.6,-0.6,-0.606,1.0091289,0.0,0.09791991,0.0,0.0,0.07,0.0,0.006,0.6,0.6,-27.186102,2.220128,0.7400427,0.17600001,0.0,0.12848037,0.0,0.0
hardzero_only__c0p58__z1p00__lam0p000__nu0p50__psi0p00,0.07,borrow,32,125,0.0,3,-0.6,-0.59884673,-0.59884673,0.99059176,0.10218995,0.10218995,1.0,0.0071532964,0.07,0.0,0.006,0.6,0.59884673,-27.074333,2.1793454,0.7264485,0.16000001,0.0,0.1631382,0.0,0.0
hardzero_only__c0p58__z1p00__lam0p000__nu0p50__psi0p00,0.07,borrow,32,126,0.0,3,-0.59884673,-0.5977694,-0.5977694,0.9959345,0.100940526,0.100940526,1.0,0.007065837,0.07,0.0,0.005988467,0.59884673,0.5977694,-26.272686,2.1910996,0.7303666,0.15200001,0.0,0.12312788,0.0,0.0
hardzero_only__c0p58__z1p00__lam0p000__nu0p50__psi0p00,0.07,borrow,32,127,0.0,3,-0.5977694,-0.6,-0.60374707,1.0031774,0.0,0.09927104,0.0,0.0,0.07,0.0,0.0059776935,0.5977694,0.6,-26.64456,2.2070343,0.73567814,0.096,0.0,0.1582631,0.0,0.0
hardzero_only__c0p58__z1p00__lam0p000__nu0p50__psi0p00,0.07,borrow,32,128,0.0,3,-0.6,-0.6,-0.606,1.0184786,0.0,0.09583438,0.0,0.0,0.07,0.0,0.006,0.6,0.6,-27.314333,2.2406976,0.74689925,0.14400001,0.0,0.16175207,0.0,0.0
hardzero_only__c0p58__z1p00__lam0p000__nu0p50__psi0p00,0.07,borrow,32,129,0.0,3,-0.6,-0.59840024,-0.59840024,0.96429676,0.108568355,0.108568355,1.0,0.007599785,0.07,0.0,0.006,0.6,0.59840024,-26.12467,2.1214952,0.7071651,0.192,0.0,0.14206159,0.0,0.0
hardzero_only__c0p58__z1p00__lam0p000__nu0p50__psi0p00,0.07,borrow,32,130,0.0,3,-0.59840024,-0.59698063,-0.59698063,0.9756537,0.10576604,0.10576604,1.0,0.007403623,0.07,0.0,0.0059840023,0.59840024,0.59698063,-26.876549,2.146481,0.7154937,0.21,0.0,0.1503299,0.0,0.0
hardzero_only__c0p58__z1p00__lam0p000__nu0p50__psi0p00,0.07,borrow,32,131,0.0,3,-0.59698063,-0.5949068,-0.5949068,0.93964523,0.114909194,0.114909194,1.0,0.008043644,0.07,0.0,0.005969806,0.59698063,0.5949068,-25.793192,2.0672607,0.6890869,0.17600001,0.0,0.15402009,0.0,0.0
hardzero_only__c0p58__z1p00__lam0p000__nu0p50__psi0p00,0.07,borrow,32,132,0.0,3,-0.5949068,-0.59375674,-0.59375674,0.9938905,0.10141671,0.10141671,1.0,0.0070991693,0.07,0.0,0.005949068,0.5949068,0.59375674,-26.601381,2.1866028,0.72886765,0.192,0.0,0.16659503,0.0,0.0
hardzero_only__c0p58__z1p00__lam0p000__nu0p50__psi0p00,0.07,borrow,32,133,0.0,3,-0.59375674,-0.59219384,-0.59219384,0.97000873,0.10714977,0.10714977,1.0,0.007500484,0.07,0.0,0.0059375674,0.59375674,0.59219384,-26.681084,2.1340618,0.71135396,0.17600001,0.0,0.16332504,0.0,0.0
hardzero_only__c0p58__z1p00__lam0p000__nu0p50__psi0p00,0.07,borrow,32,134,0.0,3,-0.59219384,-0.58977497,-0.58977497,0.92388713,0.119155146,0.119155146,1.0,0.008340861,0.07,0.0,0.0059219385,0.59219384,0.58977497,-26.152485,2.0325923,0.67753077,0.192,0.0,0.14406446,0.0,0.0
hardzero_only__c0p58__z1p00__lam0p000__nu0p50__psi0p00,0.07,borrow,32,135,0.0,3,-0.58977497,-0.5882436,-0.5882436,0.97416013,0.10613042,0.10613042,1.0,0.0074291294,0.07,0.0,0.0058977497,0.58977497,0.5882436,-26.715454,2.1431952,0.7143984,0.16800001,0.0,0.14311214,0.0,0.0
hardzero_only__c0p58__z1p00__lam0p000__nu0p50__psi0p00,0.07,borrow,32,136,0.0,3,-0.5882436,-0.5864306,-0.5864306,0.95886636,0.109934404,0.109934404,1.0,0.0076954085,0.07,0.0,0.005882436,0.5882436,0.5864306,-25.953049,2.109548,0.7031827,0.2,0.0,0.1586409,0.0,0.0
hardzero_only__c0p58__z1p00__lam0p000__nu0p50__psi0p00,0.07,borrow,32,137,0.0,3,-0.5864306,-0.59229493,-0.59229493,1.014755,0.0,0.0966596,0.0,0.0,0.07,0.0,0.005864306,0.5864306,0.59229493,-27.857517,2.2325056,0.7441685,0.2,0.0,0.18138608,0.0,0.0
hardzero_only__c0p58__z1p00__lam0p000__nu0p50__psi0p00,0.07,borrow,32,138,0.0,3,-0.59229493,-0.5910212,-0.5910212,0.98796475,0.102809966,0.102809966,1.0,0.0071966974,0.07,0.0,0.0059229494,0.59229493,0.5910212,-26.30217,2.1735659,0.724522,0.192,0.0,0.13054128,0.0,0.0
hardzero_only__c0p58__z1p00__lam0p000__nu0p50__psi0p00,0.07,borrow,32,139,0.0,3,-0.5910212,-0.5969314,-0.5969314,1.0262016,0.0,0.094145246,0.0,0.0,0.07,0.0,0.0059102117,0.5910212,0.5969314,-27.211014,2.2576885,0.7525629,0.192,0.0,0.17646615,0.0,0.0
hardzero_only__c0p58__z1p00__lam0p000__nu0p50__psi0p00,0.07,borrow,32,140,0.0,3,-0.5969314,-0.59547436,-0.59547436,0.97432274,0.10609067,0.10609067,1.0,0.007426347,0.07,0.0,0.005969314,0.5969314,0.59547436,-27.208418,2.1435528,0.7145176,0.224,0.0,0.198465,0.0,0.0
hardzero_only__c0p58__z1p00__lam0p000__nu0p50__psi0p00,0.07,borrow,32,141,0.0,3,-0.59547436,-0.5931586,-0.5931586,0.9275663,0.118149996,0.118149996,1.0,0.008270499,0.07,0.0,0.0059547434,0.59547436,0.5931586,-25.731588,2.0406866,0.6802289,0.14400001,0.0,0.18119217,0.0,0.0
hardzero_only__c0p58__z1p00__lam0p000__nu0p50__psi0p00,0.07,borrow,32,142,0.0,3,-0.5931586,-0.59202576,-0.59202576,0.9960178,0.10092115,0.10092115,1.0,0.0070644803,0.07,0.0,0.005931586,0.5931586,0.59202576,-26.716513,2.191283,0.7304277,0.224,0.0,0.13947736,0.0,0.0
hardzero_only__c0p58__z1p00__lam0p000__nu0p50__psi0p00,0.07,borrow,32,143,0.0,3,-0.59202576,-0.5905029,-0.5905029,0.97334415,0.10632999,0.10632999,1.0,0.0074430993,0.07,0.0,0.0059202574,0.59202576,0.5905029,-26.92575,2.1413999,0.71379995,0.14999999,0.0,0.1496633,0.0,0.0
hardzero_only__c0p58__z1p00__lam0p000__nu0p50__psi0p00,0.07,borrow,32,144,0.0,3,-0.5905029,-0.5891159,-0.5891159,0.9822481,0.10417221,0.10417221,1.0,0.0072920546,0.07,0.0,0.005905029,0.5905029,0.5891159,-26.415699,2.160989,0.7203297,0.15200001,0.0,0.14665855,0.0,0.0
hardzero_only__c0p58__z1p00__lam0p000__nu0p50__psi0p00,0.07,borrow,32,145,0.0,3,-0.5891159,-0.59500706,-0.59500706,1.0242865,0.0,0.09456131,0.0,0.0,0.07,0.0,0.005891159,0.5891159,0.59500706,-27.312891,2.2534754,0.7511585,0.136,0.0,0.14728197,0.0,0.0
hardzero_only__c0p58__z1p00__lam0p000__nu0p50__psi0p00,0.07,borrow,32,146,0.0,3,-0.59500706,-0.5938147,-0.5938147,0.9912473,0.10203582,0.10203582,1.0,0.0071425075,0.07,0.0,0.0059500705,0.59500706,0.5938147,-26.724176,2.1807876,0.7269292,0.2,0.0,0.15081342,0.0,0.0
hardzero_only__c0p58__z1p00__lam0p000__nu0p50__psi0p00,0.07,borrow,32,147,0.0,3,-0.5938147,-0.59975284,-0.59975284,1.053171,0.0,0.08847671,0.0,0.0,0.07,0.0,0.0059381467,0.5938147,0.59975284,-27.867098,2.3170226,0.7723409,0.14400001,0.0,0.17198622,0.0,0.0
hardzero_only__c0p58__z1p00__lam0p000__nu0p50__psi0p00,0.07,borrow,32,148,0.0,3,-0.59975284,-0.5984554,-0.5984554,0.9820746,0.104213834,0.104213834,1.0,0.0072949682,0.07,0.0,0.0059975283,0.59975284,0.5984554,-26.628115,2.1606073,0.72020245,0.18400002,0.0,0.14783362,0.0,0.0
hardzero_only__c0p58__z1p00__lam0p000__nu0p50__psi0p00,0.07,borrow,32,149,0.0,3,-0.5984554,-0.5973429,-0.5973429,0.9940206,0.10138634,0.10138634,1.0,0.0070970436,0.07,0.0,0.005984554,0.5984554,0.5973429,-26.155916,2.186889,0.728963,0.16800001,0.0,0.16875267,0.0,0.0
hardzero_only__c0p58__z1p00__lam0p000__nu0p50__psi0p00,0.07,borrow,32,150,0.0,3,-0.5973429,-0.5959996,-0.5959996,0.9807796,0.10452506,0.10452506,1.0,0.007316754,0.07,0.0,0.005973429,0.5973429,0.5959996,-26.223549,2.1577582,0.71925277,0.136,0.0,0.1302822,0.0,0.0
hardzero_only__c0p58__z1p00__lam0p000__nu0p50__psi0p00,0.07,borrow,32,151,0.0,3,-0.5959996,-0.5947158,-0.5947158,0.98513067,0.103483066,0.103483066,1.0,0.007243815,0.07,0.0,0.005959996,0.5959996,0.5947158,-26.65565,2.1673307,0.7224436,0.136,0.0,0.14346698,0.0,0.0
hardzero_only__c0p58__z1p00__lam0p000__nu0p50__psi0p00,0.07,borrow,32,152,0.0,3,-0.5947158,-0.59343463,-0.59343463,0.986062,0.103261404,0.103261404,1.0,0.007228298,0.07,0.0,0.0059471577,0.5947158,0.59343463,-26.771084,2.1693797,0.7231266,0.14400001,0.0,0.15669607,0.0,0.0
hardzero_only__c0p58__z1p00__lam0p000__nu0p50__psi0p00,0.07,borrow,32,153,0.0,3,-0.59343463,-0.5914054,-0.5914054,0.94399,0.113765344,0.113765344,1.0,0.0079635745,0.07,0.0,0.005934346,0.59343463,0.5914054,-26.015661,2.0768194,0.69227314,0.28,0.0,0.15605916,0.0,0.0
hardzero_only__c0p58__z1p00__lam0p000__nu0p50__psi0p00,0.07,borrow,32,154,0.0,3,-0.5914054,-0.5898791,-0.5898791,0.97350484,0.10629066,0.10629066,1.0,0.0074403463,0.07,0.0,0.005914054,0.5914054,0.5898791,-26.40524,2.1417534,0.71391785,0.18400002,0.0,0.14743292,0.0,0.0
hardzero_only__c0p58__z1p00__lam0p000__nu0p50__psi0p00,0.07,borrow,32,155,0.0,3,-0.5898791,-0.59577787,-0.59577787,1.0135587,0.0,0.096926205,0.0,0.0,0.07,0.0,0.005898791,0.5898791,0.59577787,-28.434958,2.229874,0.7432913,0.112,0.0,0.1521692,0.0,0.0
hardzero_only__c0p58__z1p00__lam0p000__nu0p50__psi0p00,0.07,borrow,32,156,0.0,3,-0.59577787,-0.6,-0.60173565,1.0282375,0.0,0.09370495,0.0,0.0,0.07,0.0,0.0059577785,0.59577787,0.6,-26.93467,2.2621677,0.7540559,0.12,0.0,0.15215956,0.0,0.0
hardzero_only__c0p58__z1p00__lam0p000__nu0p50__psi0p00,0.07,borrow,32,157,0.0,3,-0.6,-0.5982353,-0.5982353,0.9549751,0.11092384,0.11092384,1.0,0.007764669,0.07,0.0,0.006,0.6,0.5982353,-25.381477,2.1009872,0.70032907,0.17600001,0.0,0.14821984,0.0,0.0
hardzero_only__c0p58__z1p00__lam0p000__nu0p50__psi0p00,0.07,borrow,32,158,0.0,3,-0.5982353,-0.5958439,-0.5958439,0.9221774,0.11962519,0.11962519,1.0,0.008373763,0.07,0.0,0.005982353,0.5982353,0.5958439,-25.366472,2.0288308,0.6762769,0.16800001,0.0,0.11633568,0.0,0.0
hardzero_only__c0p58__z1p00__lam0p000__nu0p50__psi0p00,0.07,borrow,32,159,0.0,3,-0.5958439,-0.5939549,-0.5939549,0.9503709,0.11210606,0.11210606,1.0,0.007847425,0.07,0.0,0.005958439,0.5958439,0.5939549,-25.768011,2.0908577,0.6969526,0.18400002,0.0,0.16016959,0.0,0.0
hardzero_only__c0p58__z1p00__lam0p000__nu0p50__psi0p00,0.07,borrow,32,160,0.0,3,-0.5939549,-0.59209514,-0.59209514,0.95304006,0.11141917,0.11141917,1.0,0.007799342,0.07,0.0,0.0059395493,0.5939549,0.59209514,-26.602064,2.09673,0.69891,0.2,0.0,0.15895249,0.0,0.0
hardzero_only__c0p58__z1p00__lam0p000__nu0p50__psi0p00,0.07,borrow,32,161,0.0,3,-0.59209514,-0.59028137,-0.59028137,0.9566544,0.11049574,0.11049574,1.0,0.007734702,0.07,0.0,0.0059209513,0.59209514,0.59028137,-26.640238,2.1046817,0.7015606,0.264,0.0,0.15028112,0.0,0.0
hardzero_only__c0p58__z1p00__lam0p000__nu0p50__psi0p00,0.07,borrow,32,162,0.0,3,-0.59028137,-0.5961842,-0.5961842,1.0245898,0.0,0.09449529,0.0,0.0,0.07,0.0,0.0059028137,0.59028137,0.5961842,-27.41728,2.2541425,0.75138086,0.128,0.0,0.15295112,0.0,0.0
hardzero_only__c0p58__z1p00__lam0p000__nu0p50__psi0p00,0.07,borrow,32,163,0.0,3,-0.5961842,-0.5947996,-0.5947996,0.9790208,0.10494921,0.10494921,1.0,0.0073464448,0.07,0.0,0.005961842,0.5961842,0.5947996,-26.975313,2.1538887,0.7179629,0.120000005,0.0,0.16610347,0.0,0.0
hardzero_only__c0p58__z1p00__lam0p000__nu0p50__psi0p00,0.07,borrow,32,164,0.0,3,-0.5947996,-0.5929539,-0.5929539,0.9533549,0.111338414,0.111338414,1.0,0.007793689,0.07,0.0,0.0059479955,0.5947996,0.5929539,-25.247917,2.0974226,0.6991409,0.216,0.0,0.17393717,0.0,0.0
hardzero_only__c0p58__z1p00__lam0p000__nu0p50__psi0p00,0.07,borrow,32,165,0.0,3,-0.5929539,-0.5915859,-0.5915859,0.98191804,0.104251415,0.104251415,1.0,0.007297599,0.07,0.0,0.005929539,0.5929539,0.5915859,-26.682356,2.1602628,0.72008765,0.216,0.0,0.13979627,0.0,0.0
hardzero_only__c0p58__z1p00__lam0p000__nu0p50__psi0p00,0.07,borrow,32,166,0.0,3,-0.5915859,-0.59750175,-0.59750175,1.0360657,0.0,0.09203104,0.0,0.0,0.07,0.0,0.005915859,0.5915859,0.59750175,-27.088308,2.27939,0.75979674,0.136,0.0,0.14118668,0.0,0.0
hardzero_only__c0p58__z1p00__lam0p000__nu0p50__psi0p00,0.07,borrow,32,167,0.0,3,-0.59750175,-0.59591705,-0.59591705,0.96659344,0.107995726,0.107995726,1.0,0.007559701,0.07,0.0,0.0059750173,0.59750175,0.59591705,-27.242489,2.126548,0.7088494,0.16800001,0.0,0.13557671,0.0,0.0
hardzero_only__c0p58__z1p00__lam0p000__nu0p50__psi0p00,0.07,borrow,32,168,0.0,3,-0.59591705,-0.5945847,-0.5945847,0.9822826,0.10416394,0.10416394,1.0,0.007291476,0.07,0.0,0.0059591704,0.59591705,0.5945847,-26.855568,2.1610649,0.720355,0.15200001,0.0,0.1867303,0.0,0.0
hardzero_only__c0p58__z1p00__lam0p000__nu0p50__psi0p00,0.07,borrow,32,169,0.0,3,-0.5945847,-0.6,-0.60053056,1.0635431,0.0,0.08638869,0.0,0.0,0.07,0.0,0.005945847,0.5945847,0.6,-28.005608,2.3398416,0.7799472,0.17999999,0.0,0.16343617,0.0,0.0
hardzero_only__c0p58__z1p00__lam0p000__nu0p50__psi0p00,0.07,borrow,32,170,0.0,3,-0.6,-0.5987429,-0.5987429,0.98433304,0.103673294,0.103673294,1.0,0.0072571305,0.07,0.0,0.006,0.6,0.5987429,-26.251451,2.165576,0.7218587,0.15200001,0.0,0.14986257,0.0,0.0
hardzero_only__c0p58__z1p00__lam0p000__nu0p50__psi0p00,0.07,borrow,32,171,0.0,3,-0.5987429,-0.6,-0.6047303,1.0601561,0.0,0.087065056,0.0,0.0,0.07,0.0,0.005987429,0.5987429,0.6,-28.829882,2.33239,0.7774634,0.112,0.0,0.17130837,0.0,0.0
hardzero_only__c0p58__z1p00__lam0p000__nu0p50__psi0p00,0.07,borrow,32,172,0.0,3,-0.6,-0.6,-0.606,1.0015421,0.0,0.099645555,0.0,0.0,0.07,0.0,0.006,0.6,0.6,-27.41657,2.2034366,0.7344789,0.16000001,0.0,0.17482445,0.0,0.0
hardzero_only__c0p58__z1p00__lam0p000__nu0p50__psi0p00,0.07,borrow,32,173,0.0,3,-0.6,-0.6,-0.606,1.042745,0.0,0.090626456,0.0,0.0,0.07,0.0,0.006,0.6,0.6,-27.373985,2.2940848,0.7646949,0.120000005,0.0,0.17895393,0.0,0.0
hardzero_only__c0p58__z1p00__lam0p000__nu0p50__psi0p00,0.07,borrow,32,174,0.0,3,-0.6,-0.6,-0.606,1.0175598,0.0,0.09603736,0.0,0.0,0.07,0.0,0.006,0.6,0.6,-26.755451,2.2386763,0.7462255,0.136,0.0,0.17662883,0.0,0.0
hardzero_only__c0p58__z1p00__lam0p000__nu0p50__psi0p00,0.07,borrow,32,175,0.0,3,-0.6,-0.6,-0.606,1.0160747,0.0,0.09636632,0.0,0.0,0.07,0.0,0.006,0.6,0.6,-27.059994,2.2354088,0.74513626,0.16000001,0.0,0.17208058,0.0,0.0
hardzero_only__c0p58__z1p00__lam0p000__nu0p50__psi0p00,0.07,borrow,32,176,0.0,3,-0.6,-0.6,-0.606,1.021283,0.0,0.09521754,0.0,0.0,0.07,0.0,0.006,0.6,0.6,-27.948248,2.2468677,0.7489559,0.2,0.0,0.16127798,0.0,0.0
hardzero_only__c0p58__z1p00__lam0p000__nu0p50__psi0p00,0.07,borrow,32,177,0.0,3,-0.6,-0.59845114,-0.59845114,0.96721745,0.10784065,0.10784065,1.0,0.0075488454,0.07,0.0,0.006,0.6,0.59845114,-26.391083,2.1279209,0.70930696,0.216,0.0,0.14427635,0.0,0.0
hardzero_only__c0p58__z1p00__lam0p000__nu0p50__psi0p00,0.07,borrow,32,178,0.0,3,-0.59845114,-0.59687114,-0.59687114,0.9663178,0.10806429,0.10806429,1.0,0.0075645,0.07,0.0,0.005984511,0.59845114,0.59687114,-27.51902,2.1259415,0.7086472,0.104,0.0,0.1570543,0.0,0.0
hardzero_only__c0p58__z1p00__lam0p000__nu0p50__psi0p00,0.07,borrow,32,179,0.0,3,-0.59687114,-0.6,-0.6028398,1.004609,0.0,0.09894436,0.0,0.0,0.07,0.0,0.0059687113,0.59687114,0.6,-27.318237,2.2101839,0.73672795,0.16800001,0.0,0.1848465,0.0,0.0
hardzero_only__c0p58__z1p00__lam0p000__nu0p50__psi0p00,0.07,borrow,32,180,0.0,3,-0.6,-0.5985013,-0.5985013,0.9701123,0.10712421,0.10712421,1.0,0.0074986946,0.07,0.0,0.006,0.6,0.5985013,-26.629293,2.1342897,0.71142995,0.16800001,0.0,0.16219343,0.0,0.0
hardzero_only__c0p58__z1p00__lam0p000__nu0p50__psi0p00,0.07,borrow,32,181,0.0,3,-0.5985013,-0.6,-0.60448635,1.0201528,0.0,0.095465645,0.0,0.0,0.07,0.0,0.005985013,0.5985013,0.6,-26.555834,2.244381,0.748127,0.14400001,0.0,0.14312406,0.0,0.0
hardzero_only__c0p58__z1p00__lam0p000__nu0p50__psi0p00,0.07,borrow,32,182,0.0,3,-0.6,-0.59865135,-0.59865135,0.9788894,0.104980975,0.104980975,1.0,0.0073486683,0.07,0.0,0.006,0.6,0.59865135,-26.288984,2.1535997,0.7178666,0.17999999,0.0,0.15964086,0.0,0.0
hardzero_only__c0p58__z1p00__lam0p000__nu0p50__psi0p00,0.07,borrow,32,183,0.0,3,-0.59865135,-0.59668595,-0.59668595,0.94462657,0.113598704,0.113598704,1.0,0.00795191,0.07,0.0,0.0059865136,0.59865135,0.59668595,-26.510193,2.07822,0.69273996,0.15200001,0.0,0.14254987,0.0,0.0
hardzero_only__c0p58__z1p00__lam0p000__nu0p50__psi0p00,0.07,borrow,32,184,0.0,3,-0.59668595,-0.59527093,-0.59527093,0.9769311,0.10545543,0.10545543,1.0,0.00738188,0.07,0.0,0.0059668594,0.59668595,0.59527093,-26.622337,2.1492913,0.7164304,0.16800001,0.0,0.14003085,0.0,0.0
hardzero_only__c0p58__z1p00__lam0p000__nu0p50__psi0p00,0.07,borrow,32,185,0.0,3,-0.59527093,-0.5937548,-0.5937548,0.97184765,0.10669703,0.10669703,1.0,0.007468792,0.07,0.0,0.0059527094,0.59527093,0.5937548,-27.006638,2.1381075,0.7127025,0.136,0.0,0.136633,0.0,0.0
hardzero_only__c0p58__z1p00__lam0p000__nu0p50__psi0p00,0.07,borrow,32,186,0.0,3,-0.5937548,-0.5996924,-0.5996924,1.0167642,0.0,0.09621345,0.0,0.0,0.07,0.0,0.0059375484,0.5937548,0.5996924,-28.518034,2.2369258,0.74564195,0.16800001,0.0,0.1673722,0.0,0.0
hardzero_only__c0p58__z1p00__lam0p000__nu0p50__psi0p00,0.07,borrow,32,187,0.0,3,-0.5996924,-0.5978162,-0.5978162,0.9489523,0.112472825,0.112472825,1.0,0.007873097,0.07,0.0,0.005996924,0.5996924,0.5978162,-26.21228,2.0877368,0.6959123,0.2,0.0,0.1253402,0.0,0.0
hardzero_only__c0p58__z1p00__lam0p000__nu0p50__psi0p00,0.07,borrow,32,188,0.0,3,-0.5978162,-0.5967097,-0.5967097,0.9947796,0.10120928,0.10120928,1.0,0.00708465,0.07,0.0,0.005978162,0.5978162,0.5967097,-27.045637,2.1885588,0.7295196,0.128,0.0,0.14126407,0.0,0.0
hardzero_only__c0p58__z1p00__lam0p000__nu0p50__psi0p00,0.07,borrow,32,189,0.0,3,-0.5967097,-0.59539235,-0.59539235,0.98270035,0.1040638,0.1040638,1.0,0.007284466,0.07,0.0,0.0059670974,0.5967097,0.59539235,-26.859522,2.161984,0.72066134,0.16800001,0.0,0.15670149,0.0,0.0
hardzero_only__c0p58__z1p00__lam0p000__nu0p50__psi0p00,0.07,borrow,32,190,0.0,3,-0.59539235,-0.5936823,-0.5936823,0.9606446,0.10948519,0.10948519,1.0,0.007663963,0.07,0.0,0.0059539233,0.59539235,0.5936823,-27.131973,2.1134603,0.7044868,0.16000001,0.0,0.14764649,0.0,0.0
hardzero_only__c0p58__z1p00__lam0p000__nu0p50__psi0p00,0.07,borrow,32,191,0.0,3,-0.5936823,-0.5915429,-0.5915429,0.9378918,0.115374066,0.115374066,1.0,0.008076184,0.07,0.0,0.005936823,0.5936823,0.5915429,-26.011497,2.0634031,0.68780106,0.192,0.0,0.13895918,0.0,0.0
hardzero_only__c0p58__z1p00__lam0p000__nu0p50__psi0p00,0.07,borrow,32,192,0.0,3,-0.5915429,-0.59010077,-0.59010077,0.97836405,0.10510802,0.10510802,1.0,0.0073575615,0.07,0.0,0.005915429,0.5915429,0.59010077,-27.038465,2.152444,0.7174813,0.18400002,0.0,0.16464576,0.0,0.0
hardzero_only__c0p58__z1p00__lam0p000__nu0p50__psi0p00,0.07,borrow,32,193,0.0,3,-0.59010077,-0.58851486,-0.58851486,0.97079635,0.10695562,0.10695562,1.0,0.0074868933,0.07,0.0,0.0059010074,0.59010077,0.58851486,-26.65827,2.1357946,0.7119316,0.23200001,0.0,0.16500872,0.0,0.0
hardzero_only__c0p58__z1p00__lam0p000__nu0p50__psi0p00,0.07,borrow,32,194,0.0,3,-0.58851486,-0.58706546,-0.58706546,0.97972745,0.10477859,0.10477859,1.0,0.007334501,0.07,0.0,0.0058851484,0.58851486,0.58706546,-26.39167,2.1554434,0.7184812,0.15200001,0.0,0.14740549,0.0,0.0
hardzero_only__c0p58__z1p00__lam0p000__nu0p50__psi0p00,0.07,borrow,32,195,0.0,3,-0.58706546,-0.5859109,-0.5859109,0.99844,0.10035985,0.10035985,1.0,0.0070251897,0.07,0.0,0.0058706542,0.58706546,0.5859109,-26.385576,2.196612,0.73220396,0.14999999,0.0,0.15326093,0.0,0.0
hardzero_only__c0p58__z1p00__lam0p000__nu0p50__psi0p00,0.07,borrow,32,196,0.0,3,-0.5859109,-0.59177005,-0.59177005,1.003966,0.0,0.09909096,0.0,0.0,0.07,0.0,0.005859109,0.5859109,0.59177005,-27.014442,2.2087693,0.7362565,0.16000001,0.0,0.16579168,0.0,0.0
hardzero_only__c0p58__z1p00__lam0p000__nu0p50__psi0p00,0.07,borrow,32,197,0.0,3,-0.59177005,-0.5904419,-0.5904419,0.9850066,0.10351266,0.10351266,1.0,0.007245886,0.07,0.0,0.0059177005,0.59177005,0.5904419,-26.669878,2.1670578,0.7223526,0.216,0.008,0.15869056,0.0,0.0
hardzero_only__c0p58__z1p00__lam0p000__nu0p50__psi0p00,0.07,borrow,32,198,0.0,3,-0.5904419,-0.5889155,-0.5889155,0.9740635,0.10615403,0.10615403,1.0,0.007430782,0.07,0.0,0.005904419,0.5904419,0.5889155,-25.615301,2.1429825,0.7143275,0.128,0.0,0.1341111,0.0,0.0
hardzero_only__c0p58__z1p00__lam0p000__nu0p50__psi0p00,0.07,borrow,32,199,0.0,3,-0.5889155,-0.5874283,-0.5874283,0.9772513,0.10537769,0.10537769,1.0,0.0073764385,0.07,0.0,0.005889155,0.5889155,0.5874283,-26.599861,2.1499958,0.71666527,0.18400002,0.0,0.12941392,0.0,0.0
hardzero_only__c0p58__z1p00__lam0p000__nu0p50__psi0p00,0.07,borrow,32,200,0.0,3,-0.5874283,-0.5859192,-0.5859192,0.9768436,0.10547667,0.10547667,1.0,0.007383367,0.07,0.0,0.0058742827,0.5874283,0.5859192,-26.336647,2.1490989,0.7163663,0.208,0.0,0.13450688,0.0,0.0
hardzero_only__c0p58__z1p00__lam0p000__nu0p50__psi0p00,0.07,borrow,32,201,0.0,3,-0.5859192,-0.5841823,-0.5841823,0.96450776,0.10851561,0.10851561,1.0,0.0075960928,0.07,0.0,0.005859192,0.5859192,0.5841823,-26.26326,2.1219594,0.70731986,0.16000001,0.0,0.13111323,0.0,0.0
hardzero_only__c0p58__z1p00__lam0p000__nu0p50__psi0p00,0.07,borrow,32,202,0.0,3,-0.5841823,-0.5900242,-0.5900242,1.0203975,0.0,0.09541188,0.0,0.0,0.07,0.0,0.0058418233,0.5841823,0.5900242,-27.73756,2.2449193,0.74830645,0.120000005,0.0,0.17524485,0.0,0.0
hardzero_only__c0p58__z1p00__lam0p000__nu0p50__psi0p00,0.07,borrow,32,203,0.0,3,-0.5900242,-0.58839357,-0.58839357,0.9682514,0.10758423,0.10758423,1.0,0.007530896,0.07,0.0,0.0059002414,0.5900242,0.58839357,-25.501356,2.1301956,0.71006525,0.120000005,0.0,0.15188111,0.0,0.0
hardzero_only__c0p58__z1p00__lam0p000__nu0p50__psi0p00,0.07,borrow,32,204,0.0,3,-0.58839357,-0.5942775,-0.5942775,1.0048004,0.0,0.09890075,0.0,0.0,0.07,0.0,0.0058839354,0.58839357,0.5942775,-27.707817,2.2106051,0.7368684,0.208,0.0,0.15039073,0.0,0.0
hardzero_only__c0p58__z1p00__lam0p000__nu0p50__psi0p00,0.07,borrow,32,205,0.0,3,-0.5942775,-0.59235215,-0.59235215,0.94922686,0.11240176,0.11240176,1.0,0.007868123,0.07,0.0,0.005942775,0.5942775,0.59235215,-26.229149,2.0883408,0.6961136,0.2,0.0,0.12672752,0.0,0.0
hardzero_only__c0p58__z1p00__lam0p000__nu0p50__psi0p00,0.07,borrow,32,206,0.0,3,-0.59235215,-0.59104156,-0.59104156,0.98571455,0.10334403,0.10334403,1.0,0.007234082,0.07,0.0,0.0059235212,0.59235215,0.59104156,-26.438467,2.1686153,0.7228718,0.136,0.0,0.15099849,0.0,0.0
hardzero_only__c0p58__z1p00__lam0p000__nu0p50__psi0p00,0.07,borrow,32,207,0.0,3,-0.59104156,-0.5896447,-0.5896447,0.98134184,0.104389824,0.104389824,1.0,0.007307288,0.07,0.0,0.0059104157,0.59104156,0.5896447,-26.674961,2.1589952,0.71966505,0.216,0.0,0.16955018,0.0,0.0
hardzero_only__c0p58__z1p00__lam0p000__nu0p50__psi0p00,0.07,borrow,32,208,0.0,3,-0.5896447,-0.5877749,-0.5877749,0.9548868,0.1109464,0.1109464,1.0,0.007766248,0.07,0.0,0.0058964468,0.5896447,0.5877749,-25.75303,2.100793,0.70026433,0.14,0.0,0.13543466,0.0,0.0
hardzero_only__c0p58__z1p00__lam0p000__nu0p50__psi0p00,0.07,borrow,32,209,0.0,3,-0.5877749,-0.58653045,-0.58653045,0.99248815,0.10174473,0.10174473,1.0,0.007122131,0.07,0.0,0.0058777486,0.5877749,0.58653045,-27.92382,2.1835175,0.7278392,0.216,0.0,0.2039977,0.0,0.0
hardzero_only__c0p58__z1p00__lam0p000__nu0p50__psi0p00,0.07,borrow,32,210,0.0,3,-0.58653045,-0.5923957,-0.5923957,1.0174755,0.0,0.096056,0.0,0.0,0.07,0.0,0.0058653043,0.58653045,0.5923957,-27.330091,2.2384908,0.7461636,0.136,0.0,0.14454566,0.0,0.0
hardzero_only__c0p58__z1p00__lam0p000__nu0p50__psi0p00,0.07,borrow,32,211,0.0,3,-0.5923957,-0.5983197,-0.5983197,1.0325332,0.0,0.09278266,0.0,0.0,0.07,0.0,0.005923957,0.5923957,0.5983197,-27.299368,2.2716184,0.75720614,0.14400001,0.0,0.16916484,0.0,0.0
hardzero_only__c0p58__z1p00__lam0p000__nu0p50__psi0p00,0.07,borrow,32,212,0.0,3,-0.5983197,-0.6,-0.6043029,1.0020854,0.0,0.09952095,0.0,0.0,0.07,0.0,0.005983197,0.5983197,0.6,-26.914003,2.204632,0.73487735,0.17600001,0.0,0.15112364,0.0,0.0
hardzero_only__c0p58__z1p00__lam0p000__nu0p50__psi0p00,0.07,borrow,32,213,0.0,3,-0.6,-0.6,-0.606,1.0584047,0.0,0.08741689,0.0,0.0,0.07,0.0,0.006,0.6,0.6,-29.081993,2.3285367,0.77617896,0.16000001,0.0,0.18526559,0.0,0.0
hardzero_only__c0p58__z1p00__lam0p000__nu0p50__psi0p00,0.07,borrow,32,214,0.0,3,-0.6,-0.5983268,-0.5983268,0.96011966,0.109617606,0.109617606,1.0,0.0076732324,0.07,0.0,0.006,0.6,0.5983268,-25.929056,2.1123054,0.7041018,0.128,0.0,0.15437637,0.0,0.0
hardzero_only__c0p58__z1p00__lam0p000__nu0p50__psi0p00,0.07,borrow,32,215,0.0,3,-0.5983268,-0.5961885,-0.5961885,0.93545574,0.11602304,0.11602304,1.0,0.0081216125,0.07,0.0,0.005983268,0.5983268,0.5961885,-26.634708,2.0580437,0.6860146,0.23200001,0.0,0.14850391,0.0,0.0
hardzero_only__c0p58__z1p00__lam0p000__nu0p50__psi0p00,0.07,borrow,32,216,0.0,3,-0.5961885,-0.5942061,-0.5942061,0.94504356,0.113489695,0.113489695,1.0,0.007944278,0.07,0.0,0.0059618847,0.5961885,0.5942061,-26.30551,2.0791373,0.6930458,0.256,0.0,0.15016723,0.0,0.0
hardzero_only__c0p58__z1p00__lam0p000__nu0p50__psi0p00,0.07,borrow,32,217,0.0,3,-0.5942061,-0.59297264,-0.59297264,0.9892446,0.10250744,0.10250744,1.0,0.007175521,0.07,0.0,0.0059420606,0.5942061,0.59297264,-26.61508,2.1763816,0.7254605,0.14400001,0.0,0.12898296,0.0,0.0
hardzero_only__c0p58__z1p00__lam0p000__nu0p50__psi0p00,0.07,borrow,32,218,0.0,3,-0.59297264,-0.59890234,-0.59890234,1.0061951,0.0,0.09858367,0.0,0.0,0.07,0.0,0.005929726,0.59297264,0.59890234,-28.416018,2.2136734,0.73789114,0.208,0.008,0.176365,0.0,0.0
hardzero_only__c0p58__z1p00__lam0p000__nu0p50__psi0p00,0.07,borrow,32,219,0.0,3,-0.59890234,-0.597514,-0.597514,0.97719616,0.105391085,0.105391085,1.0,0.007377376,0.07,0.0,0.0059890235,0.59890234,0.597514,-26.783209,2.1498744,0.71662486,0.136,0.0,0.15503019,0.0,0.0
hardzero_only__c0p58__z1p00__lam0p000__nu0p50__psi0p00,0.07,borrow,32,220,0.0,3,-0.597514,-0.6,-0.6034891,1.0418242,0.0,0.09081879,0.0,0.0,0.07,0.0,0.00597514,0.597514,0.6,-27.821993,2.292059,0.76401967,0.192,0.0,0.17092244,0.0,0.0
hardzero_only__c0p58__z1p00__lam0p000__nu0p50__psi0p00,0.07,borrow,32,221,0.0,3,-0.6,-0.59806544,-0.59806544,0.94557595,0.11335064,0.11335064,1.0,0.007934544,0.07,0.0,0.006,0.6,0.59806544,-25.859375,2.0803087,0.69343626,0.17999999,0.0,0.12643994,0.0,0.0
hardzero_only__c0p58__z1p00__lam0p000__nu0p50__psi0p00,0.07,borrow,32,222,0.0,3,-0.59806544,-0.59618556,-0.59618556,0.9496465,0.112293206,0.112293206,1.0,0.007860525,0.07,0.0,0.005980654,0.59806544,0.59618556,-26.283764,2.089264,0.6964213,0.192,0.0,0.14331587,0.0,0.0
hardzero_only__c0p58__z1p00__lam0p000__nu0p50__psi0p00,0.07,borrow,32,223,0.0,3,-0.59618556,-0.6,-0.6021474,1.025878,0.0,0.094215415,0.0,0.0,0.07,0.0,0.0059618554,0.59618556,0.6,-27.709663,2.2569766,0.75232553,0.096,0.0,0.123261556,0.0,0.0
hardzero_only__c0p58__z1p00__lam0p000__nu0p50__psi0p00,0.07,borrow,32,224,0.0,3,-0.6,-0.5988872,-0.5988872,0.99305654,0.10161164,0.10161164,1.0,0.0071128146,0.07,0.0,0.006,0.6,0.5988872,-26.715929,2.184768,0.728256,0.192,0.0,0.17068297,0.0,0.0
hardzero_only__c0p58__z1p00__lam0p000__nu0p50__psi0p00,0.07,borrow,32,225,0.0,3,-0.5988872,-0.6,-0.6048761,1.0380733,0.0,0.09160659,0.0,0.0,0.07,0.0,0.005988872,0.5988872,0.6,-27.542631,2.2838068,0.761269,0.120000005,0.0,0.16792388,0.0,0.0
hardzero_only__c0p58__z1p00__lam0p000__nu0p50__psi0p00,0.07,borrow,32,226,0.0,3,-0.6,-0.59829354,-0.59829354,0.9582428,0.11009238,0.11009238,1.0,0.0077064666,0.07,0.0,0.006,0.6,0.59829354,-26.121899,2.1081762,0.7027254,0.16800001,0.0,0.15036757,0.0,0.0
hardzero_only__c0p58__z1p00__lam0p000__nu0p50__psi0p00,0.07,borrow,32,227,0.0,3,-0.59829354,-0.5967424,-0.5967424,0.9680689,0.10762943,0.10762943,1.0,0.00753406,0.07,0.0,0.0059829354,0.59829354,0.5967424,-25.805079,2.1297941,0.7099314,0.18400002,0.0,0.15183233,0.0,0.0
hardzero_only__c0p58__z1p00__lam0p000__nu0p50__psi0p00,0.07,borrow,32,228,0.0,3,-0.5967424,-0.5953824,-0.5953824,0.9801443,0.10467806,0.10467806,1.0,0.007327464,0.07,0.0,0.005967424,0.5967424,0.5953824,-26.516376,2.1563606,0.7187869,0.224,0.0,0.1659387,0.0,0.0
hardzero_only__c0p58__z1p00__lam0p000__nu0p50__psi0p00,0.07,borrow,32,229,0.0,3,-0.5953824,-0.5931216,-0.5931216,0.9305083,0.11735232,0.11735232,1.0,0.008214663,0.07,0.0,0.0059538237,0.5953824,0.5931216,-25.426067,2.0471592,0.6823864,0.15200001,0.008,0.12698689,0.0,0.0
hardzero_only__c0p58__z1p00__lam0p000__nu0p50__psi0p00,0.07,borrow,32,230,0.0,3,-0.5931216,-0.59151226,-0.59151226,0.96769744,0.107721545,0.107721545,1.0,0.007540508,0.07,0.0,0.005931216,0.5931216,0.59151226,-26.140041,2.1289768,0.709659,0.18400002,0.0,0.13375263,0.0,0.0
hardzero_only__c0p58__z1p00__lam0p000__nu0p50__psi0p00,0.07,borrow,32,231,0.0,3,-0.59151226,-0.59742737,-0.59742737,1.0140206,0.0,0.0968232,0.0,0.0,0.07,0.0,0.0059151226,0.59151226,0.59742737,-27.862976,2.2308898,0.74362993,0.128,0.0,0.15579705,0.0,0.0
hardzero_only__c0p58__z1p00__lam0p000__nu0p50__psi0p00,0.07,borrow,32,232,0.0,3,-0.59742737,-0.6,-0.60340166,1.0051966,0.0,0.09881058,0.0,0.0,0.07,0.0,0.0059742737,0.59742737,0.6,-26.473701,2.2114766,0.7371589,0.17600001,0.0,0.15002899,0.0,0.0
hardzero_only__c0p58__z1p00__lam0p000__nu0p50__psi0p00,0.07,borrow,32,233,0.0,3,-0.6,-0.59850043,-0.59850043,0.9700602,0.10713708,0.10713708,1.0,0.007499595,0.07,0.0,0.006,0.6,0.59850043,-26.635317,2.134175,0.7113917,0.208,0.0,0.13939352,0.0,0.0
hardzero_only__c0p58__z1p00__lam0p000__nu0p50__psi0p00,0.07,borrow,32,234,0.0,3,-0.59850043,-0.59734064,-0.59734064,0.99110913,0.102068305,0.102068305,1.0,0.0071447813,0.07,0.0,0.0059850044,0.59850043,0.59734064,-27.000708,2.1804836,0.72682786,0.099999994,0.0,0.15631463,0.0,0.0
hardzero_only__c0p58__z1p00__lam0p000__nu0p50__psi0p00,0.07,borrow,32,235,0.0,3,-0.59734064,-0.5957241,-0.5957241,0.9648614,0.1084273,0.1084273,1.0,0.007589911,0.07,0.0,0.005973406,0.59734064,0.5957241,-26.081038,2.1227374,0.70757914,0.16800001,0.008,0.13996693,0.0,0.0
hardzero_only__c0p58__z1p00__lam0p000__nu0p50__psi0p00,0.07,borrow,32,236,0.0,3,-0.5957241,-0.5944927,-0.5944927,0.9884507,0.102694996,0.102694996,1.0,0.00718865,0.07,0.0,0.0059572407,0.5957241,0.5944927,-26.99527,2.174635,0.7248783,0.14400001,0.0,0.17026696,0.0,0.0
hardzero_only__c0p58__z1p00__lam0p000__nu0p50__psi0p00,0.07,borrow,32,237,0.0,3,-0.5944927,-0.5934233,-0.5934233,0.9991144,0.100204125,0.100204125,1.0,0.0070142886,0.07,0.0,0.0059449268,0.5944927,0.5934233,-27.339106,2.1980956,0.73269856,0.136,0.0,0.13642381,0.0,0.0
hardzero_only__c0p58__z1p00__lam0p000__nu0p50__psi0p00,0.07,borrow,32,238,0.0,3,-0.5934233,-0.5920158,-0.5920158,0.9792984,0.10488216,0.10488216,1.0,0.007341751,0.07,0.0,0.005934233,0.5934233,0.5920158,-26.779964,2.1544995,0.71816653,0.18400002,0.0,0.16295573,0.0,0.0
hardzero_only__c0p58__z1p00__lam0p000__nu0p50__psi0p00,0.07,borrow,32,239,0.0,3,-0.5920158,-0.59023565,-0.59023565,0.9585875,0.110005006,0.110005006,1.0,0.0077003506,0.07,0.0,0.005920158,0.5920158,0.59023565,-26.232182,2.1089346,0.70297825,0.16000001,0.008,0.15089284,0.0,0.0
hardzero_only__c0p58__z1p00__lam0p000__nu0p50__psi0p00,0.07,borrow,32,240,0.0,3,-0.59023565,-0.5887531,-0.5887531,0.9767544,0.10549833,0.10549833,1.0,0.0073848832,0.07,0.0,0.0059023565,0.59023565,0.5887531,-26.68007,2.1489027,0.7163009,0.208,0.0,0.14859167,0.0,0.0
hardzero_only__c0p58__z1p00__lam0p000__nu0p50__psi0p00,0.07,borrow,32,241,0.0,3,-0.5887531,-0.5946406,-0.5946406,1.0086752,0.0,0.09802227,0.0,0.0,0.07,0.0,0.0058875307,0.5887531,0.5946406,-26.785027,2.2191298,0.73971,0.224,0.0,0.16592637,0.0,0.0
hardzero_only__c0p58__z1p00__lam0p000__nu0p50__psi0p00,0.07,borrow,32,242,0.0,3,-0.5946406,-0.5919385,-0.5919385,0.90815556,0.123550475,0.123550475,1.0,0.008648533,0.07,0.0,0.005946406,0.5946406,0.5919385,-25.013939,1.9979821,0.66599405,0.23200001,0.0,0.13248034,0.0,0.0
hardzero_only__c0p58__z1p00__lam0p000__nu0p50__psi0p00,0.07,borrow,32,243,0.0,3,-0.5919385,-0.59007275,-0.59007275,0.9538311,0.111216426,0.111216426,1.0,0.00778515,0.07,0.0,0.005919385,0.5919385,0.59007275,-25.963148,2.0984702,0.6994901,0.16000001,0.0,0.14837728,0.0,0.0
hardzero_only__c0p58__z1p00__lam0p000__nu0p50__psi0p00,0.07,borrow,32,244,0.0,3,-0.59007275,-0.5959735,-0.5959735,1.0365864,0.0,0.091920756,0.0,0.0,0.07,0.0,0.0059007276,0.59007275,0.5959735,-28.51084,2.2805357,0.76017857,0.128,0.0,0.1510913,0.0,0.0
hardzero_only__c0p58__z1p00__lam0p000__nu0p50__psi0p00,0.07,borrow,32,245,0.0,3,-0.5959735,-0.6,-0.60193324,1.0045897,0.0,0.09894875,0.0,0.0,0.07,0.0,0.005959735,0.5959735,0.6,-27.26645,2.2101414,0.7367138,0.17600001,0.0,0.15876567,0.0,0.0
hardzero_only__c0p58__z1p00__lam0p000__nu0p50__psi0p00,0.07,borrow,32,246,0.0,3,-0.6,-0.598981,-0.598981,0.99882245,0.10027149,0.10027149,1.0,0.007019005,0.07,0.0,0.006,0.6,0.598981,-26.694435,2.1974533,0.73248446,0.14400001,0.0,0.13349627,0.0,0.0
hardzero_only__c0p58__z1p00__lam0p000__nu0p50__psi0p00,0.07,borrow,32,247,0.0,3,-0.598981,-0.6,-0.6049708,1.0414103,0.0,0.090905406,0.0,0.0,0.07,0.0,0.00598981,0.598981,0.6,-28.252567,2.2911484,0.76371616,0.11,0.0,0.14997025,0.0,0.0
hardzero_only__c0p58__z1p00__lam0p000__nu0p50__psi0p00,0.07,borrow,32,248,0.0,3,-0.6,-0.5987898,-0.5987898,0.98715013,0.103002995,0.103002995,1.0,0.0072102095,0.07,0.0,0.006,0.6,0.5987898,-26.78513,2.1717737,0.7239246,0.16800001,0.0,0.17581406,0.0,0.0
hardzero_only__c0p58__z1p00__lam0p000__nu0p50__psi0p00,0.07,borrow,32,249,0.0,3,-0.5987898,-0.5967303,-0.5967303,0.939443,0.11496271,0.11496271,1.0,0.00804739,0.07,0.0,0.005987898,0.5987898,0.5967303,-27.186968,2.0668159,0.6889386,0.208,0.0,0.1510556,0.0,0.0
hardzero_only__c0p58__z1p00__lam0p000__nu0p50__psi0p00,0.07,borrow,32,250,0.0,3,-0.5967303,-0.5948125,-0.5948125,0.9482916,0.11264407,0.11264407,1.0,0.0078850845,0.07,0.0,0.0059673027,0.5967303,0.5948125,-26.570414,2.0862832,0.6954278,0.16800001,0.0,0.1431889,0.0,0.0
hardzero_only__c0p58__z1p00__lam0p000__nu0p50__psi0p00,0.07,borrow,32,251,0.0,3,-0.5948125,-0.5925618,-0.5925618,0.9313433,0.11712691,0.11712691,1.0,0.008198884,0.07,0.0,0.005948125,0.5948125,0.5925618,-25.522175,2.0489962,0.6829988,0.2,0.0,0.12316981,0.0,0.0
hardzero_only__c0p58__z1p00__lam0p000__nu0p50__psi0p00,0.07,borrow,32,252,0.0,3,-0.5925618,-0.5912177,-0.5912177,0.9835817,0.1038528,0.1038528,1.0,0.0072696963,0.07,0.0,0.0059256176,0.5925618,0.5912177,-26.799606,2.163923,0.7213077,0.16000001,0.0,0.16885328,0.0,0.0
hardzero_only__c0p58__z1p00__lam0p000__nu0p50__psi0p00,0.07,borrow,32,253,0.0,3,-0.5912177,-0.5892777,-0.5892777,0.95010823,0.11217389,0.11217389,1.0,0.0078521725,0.07,0.0,0.005912177,0.5912177,0.5892777,-25.90913,2.0902798,0.69675994,0.15200001,0.0,0.1448219,0.0,0.0
hardzero_only__c0p58__z1p00__lam0p000__nu0p50__psi0p00,0.07,borrow,32,254,0.0,3,-0.5892777,-0.58807534,-0.58807534,0.99413824,0.10135885,0.10135885,1.0,0.00709512,0.07,0.0,0.005892777,0.5892777,0.58807534,-27.220877,2.1871479,0.7290493,0.16800001,0.0,0.17633313,0.0,0.0
hardzero_only__c0p58__z1p00__lam0p000__nu0p50__psi0p00,0.07,borrow,32,255,0.0,3,-0.58807534,-0.5939561,-0.5939561,1.0029892,0.0,0.09931407,0.0,0.0,0.07,0.0,0.005880753,0.58807534,0.5939561,-27.624533,2.2066202,0.7355401,0.15200001,0.0,0.17276458,0.0,0.0
hardzero_only__c0p58__z1p00__lam0p000__nu0p50__psi0p00,0.07,borrow,32,256,0.0,3,-0.5939561,-0.59989566,-0.59989566,1.0185454,0.0,0.095819645,0.0,0.0,0.07,0.0,0.005939561,0.5939561,0.59989566,-27.348545,2.2408445,0.7469482,0.120000005,0.0,0.1751052,0.0,0.0
hardzero_only__c0p58__z1p00__lam0p000__nu0p50__psi0p00,0.07,borrow,32,257,0.0,3,-0.59989566,-0.59863436,-0.59863436,0.98414546,0.103718095,0.103718095,1.0,0.0072602667,0.07,0.0,0.0059989565,0.59989566,0.59863436,-26.32376,2.1651633,0.7217211,0.120000005,0.0,0.14171512,0.0,0.0
hardzero_only__c0p58__z1p00__lam0p000__nu0p50__psi0p00,0.07,borrow,32,258,0.0,3,-0.59863436,-0.5970677,-0.5970677,0.96698046,0.10789952,0.10789952,1.0,0.007552966,0.07,0.0,0.0059863436,0.59863436,0.5970677,-26.064331,2.1273994,0.70913315,0.18400002,0.0,0.13109396,0.0,0.0
hardzero_only__c0p58__z1p00__lam0p000__nu0p50__psi0p00,0.07,borrow,32,259,0.0,3,-0.5970677,-0.59520525,-0.59520525,0.9511638,0.11190156,0.11190156,1.0,0.007833109,0.07,0.0,0.005970677,0.5970677,0.59520525,-26.054247,2.0926023,0.6975341,0.17600001,0.0,0.1554782,0.0,0.0
hardzero_only__c0p58__z1p00__lam0p000__nu0p50__psi0p00,0.07,borrow,32,260,0.0,3,-0.59520525,-0.6,-0.6011573,1.0696492,0.0,0.08518258,0.0,0.0,0.07,0.0,0.0059520523,0.59520525,0.6,-28.010624,2.3532753,0.78442514,0.12,0.0,0.18708776,0.0,0.0
hardzero_only__c0p58__z1p00__lam0p000__nu0p50__psi0p00,0.07,borrow,32,261,0.0,3,-0.6,-0.6,-0.606,1.0019416,0.0,0.099553935,0.0,0.0,0.07,0.0,0.006,0.6,0.6,-26.028368,2.2043154,0.73477185,0.104,0.0,0.1327107,0.0,0.0
hardzero_only__c0p58__z1p00__lam0p000__nu0p50__psi0p00,0.07,borrow,32,262,0.0,3,-0.6,-0.5982125,-0.5982125,0.953697,0.11125075,0.11125075,1.0,0.0077875527,0.07,0.0,0.006,0.6,0.5982125,-26.232998,2.0981753,0.6993918,0.24000001,0.008,0.16413628,0.0,0.0
hardzero_only__c0p58__z1p00__lam0p000__nu0p50__psi0p00,0.07,borrow,32,263,0.0,3,-0.5982125,-0.6,-0.6041946,1.0203731,0.0,0.09541725,0.0,0.0,0.07,0.0,0.0059821247,0.5982125,0.6,-27.790411,2.2448657,0.7482886,0.14400001,0.0,0.16785604,0.0,0.0
hardzero_only__c0p58__z1p00__lam0p000__nu0p50__psi0p00,0.07,borrow,32,264,0.0,3,-0.6,-0.6,-0.606,1.0236819,0.0,0.09469306,0.0,0.0,0.07,0.0,0.006,0.6,0.6,-27.377766,2.252145,0.750715,0.15200001,0.0,0.13365702,0.0,0.0
hardzero_only__c0p58__z1p00__lam0p000__nu0p50__psi0p00,0.07,borrow,32,265,0.0,3,-0.6,-0.59891975,-0.59891975,0.99504995,0.1011463,0.1011463,1.0,0.007080241,0.07,0.0,0.006,0.6,0.59891975,-26.295858,2.1891537,0.7297179,0.192,0.0,0.13586055,0.0,0.0
hardzero_only__c0p58__z1p00__lam0p000__nu0p50__psi0p00,0.07,borrow,32,266,0.0,3,-0.59891975,-0.5975687,-0.5975687,0.97938573,0.10486105,0.10486105,1.0,0.007340274,0.07,0.0,0.005989197,0.59891975,0.5975687,-27.237755,2.1546917,0.7182306,0.08800001,0.0,0.1596165,0.0,0.0
hardzero_only__c0p58__z1p00__lam0p000__nu0p50__psi0p00,0.07,borrow,32,267,0.0,3,-0.5975687,-0.6,-0.60354435,1.0493501,0.0,0.08925855,0.0,0.0,0.07,0.0,0.005975687,0.5975687,0.6,-28.012,2.3086164,0.7695388,0.15200001,0.0,0.16306837,0.0,0.0
hardzero_only__c0p58__z1p00__lam0p000__nu0p50__psi0p00,0.07,borrow,32,268,0.0,3,-0.6,-0.59834224,-0.59834224,0.9609967,0.10939647,0.10939647,1.0,0.0076577533,0.07,0.0,0.006,0.6,0.59834224,-26.906298,2.114235,0.704745,0.2,0.0,0.17622036,0.0,0.0
hardzero_only__c0p58__z1p00__lam0p000__nu0p50__psi0p00,0.07,borrow,32,269,0.0,3,-0.59834224,-0.5971689,-0.5971689,0.99038196,0.10223935,0.10223935,1.0,0.0071567544,0.07,0.0,0.005983422,0.59834224,0.5971689,-26.420412,2.1788838,0.72629464,0.112,0.0,0.15489322,0.0,0.0
hardzero_only__c0p58__z1p00__lam0p000__nu0p50__psi0p00,0.07,borrow,32,270,0.0,3,-0.5971689,-0.59600514,-0.59600514,0.9916765,0.10193504,0.10193504,1.0,0.0071354527,0.07,0.0,0.0059716892,0.5971689,0.59600514,-26.518354,2.181732,0.727244,0.16000001,0.0,0.1407975,0.0,0.0
hardzero_only__c0p58__z1p00__lam0p000__nu0p50__psi0p00,0.07,borrow,32,271,0.0,3,-0.59600514,-0.6,-0.6019652,1.0372055,0.0,0.09178981,0.0,0.0,0.07,0.0,0.0059600514,0.59600514,0.6,-27.621334,2.2818975,0.7606325,0.136,0.0,0.17226097,0.0,0.0
hardzero_only__c0p58__z1p00__lam0p000__nu0p50__psi0p00,0.07,borrow,32,272,0.0,3,-0.6,-0.5985025,-0.5985025,0.970183,0.10710679,0.10710679,1.0,0.0074974755,0.07,0.0,0.006,0.6,0.5985025,-26.23331,2.1344452,0.71148175,0.17600001,0.0,0.1288748,0.0,0.0
hardzero_only__c0p58__z1p00__lam0p000__nu0p50__psi0p00,0.07,borrow,32,273,0.0,3,-0.5985025,-0.597057,-0.597057,0.9740765,0.10615084,0.10615084,1.0,0.007430559,0.07,0.0,0.005985025,0.5985025,0.597057,-26.573122,2.143011,0.71433705,0.089999996,0.0,0.13691424,0.0,0.0
hardzero_only__c0p58__z1p00__lam0p000__nu0p50__psi0p00,0.07,borrow,32,274,0.0,3,-0.597057,-0.594912,-0.594912,0.93577725,0.11593719,0.11593719,1.0,0.008115604,0.07,0.0,0.00597057,0.597057,0.594912,-25.849434,2.058751,0.6862504,0.17600001,0.0,0.14922522,0.0,0.0
hardzero_only__c0p58__z1p00__lam0p000__nu0p50__psi0p00,0.07,borrow,32,275,0.0,3,-0.594912,-0.5938479,-0.5938479,0.99917984,0.10018903,0.10018903,1.0,0.007013232,0.07,0.0,0.0059491196,0.594912,0.5938479,-26.551756,2.1982396,0.73274654,0.14400001,0.0,0.16429327,0.0,0.0
hardzero_only__c0p58__z1p00__lam0p000__nu0p50__psi0p00,0.07,borrow,32,276,0.0,3,-0.5938479,-0.5915148,-0.5915148,0.92751366,0.11816429,0.11816429,1.0,0.0082715005,0.07,0.0,0.0059384787,0.5938479,0.5915148,-25.75522,2.0405707,0.68019027,0.30400002,0.008,0.14458714,0.0,0.0
hardzero_only__c0p58__z1p00__lam0p000__nu0p50__psi0p00,0.07,borrow,32,277,0.0,3,-0.5915148,-0.5903319,-0.5903319,0.9939573,0.10140111,0.10140111,1.0,0.007098078,0.07,0.0,0.005915148,0.5915148,0.5903319,-26.676662,2.1867497,0.7289166,0.120000005,0.0,0.13649306,0.0,0.0
hardzero_only__c0p58__z1p00__lam0p000__nu0p50__psi0p00,0.07,borrow,32,278,0.0,3,-0.5903319,-0.5890507,-0.5890507,0.98869973,0.10263613,0.10263613,1.0,0.007184529,0.07,0.0,0.005903319,0.5903319,0.5890507,-26.820019,2.1751828,0.72506094,0.128,0.0,0.13427305,0.0,0.0
hardzero_only__c0p58__z1p00__lam0p000__nu0p50__psi0p00,0.07,borrow,32,279,0.0,3,-0.5890507,-0.5875001,-0.5875001,0.9734616,0.106301256,0.106301256,1.0,0.007441088,0.07,0.0,0.005890507,0.5890507,0.5875001,-26.597637,2.1416583,0.71388614,0.18400002,0.0,0.15090857,0.0,0.0
hardzero_only__c0p58__z1p00__lam0p000__nu0p50__psi0p00,0.07,borrow,32,280,0.0,3,-0.5875001,-0.5933751,-0.5933751,1.0006757,0.0,0.09984453,0.0,0.0,0.07,0.0,0.0058750007,0.5875001,0.5933751,-27.65892,2.2015305,0.7338435,0.128,0.0,0.16991428,0.0,0.0
hardzero_only__c0p58__z1p00__lam0p000__nu0p50__psi0p00,0.07,borrow,32,281,0.0,3,-0.5933751,-0.59930885,-0.59930885,1.0300113,0.0,0.09332301,0.0,0.0,0.07,0.0,0.005933751,0.5933751,0.59930885,-27.058428,2.2660701,0.7553567,0.120000005,0.0,0.15207401,0.0,0.0
hardzero_only__c0p58__z1p00__lam0p000__nu0p50__psi0p00,0.07,borrow,32,282,0.0,3,-0.59930885,-0.6,-0.6053019,1.0145557,0.0,0.09670397,0.0,0.0,0.07,0.0,0.0059930882,0.59930885,0.6,-27.387758,2.232067,0.74402237,0.128,0.0,0.14321859,0.0,0.0
hardzero_only__c0p58__z1p00__lam0p000__nu0p50__psi0p00,0.07,borrow,32,283,0.0,3,-0.6,-0.6,-0.606,1.0306753,0.0,0.093180425,0.0,0.0,0.07,0.0,0.006,0.6,0.6,-26.819788,2.267531,0.75584364,0.08800001,0.0,0.13296959,0.0,0.0
hardzero_only__c0p58__z1p00__lam0p000__nu0p50__psi0p00,0.07,borrow,32,284,0.0,3,-0.6,-0.6,-0.606,1.0106981,0.0,0.09756677,0.0,0.0,0.07,0.0,0.006,0.6,0.6,-27.621834,2.2235801,0.7411934,0.18400002,0.0,0.14521806,0.0,0.0
hardzero_only__c0p58__z1p00__lam0p000__nu0p50__psi0p00,0.07,borrow,32,285,0.0,3,-0.6,-0.598299,-0.598299,0.9585526,0.11001385,0.11001385,1.0,0.0077009695,0.07,0.0,0.006,0.6,0.598299,-26.066101,2.1088579,0.7029526,0.17600001,0.0,0.13759343,0.0,0.0
hardzero_only__c0p58__z1p00__lam0p000__nu0p50__psi0p00,0.07,borrow,32,286,0.0,3,-0.598299,-0.6,-0.604282,1.0053563,0.0,0.09877423,0.0,0.0,0.07,0.0,0.00598299,0.598299,0.6,-26.866768,2.211828,0.737276,0.19,0.0,0.16047937,0.0,0.0
hardzero_only__c0p58__z1p00__lam0p000__nu0p50__psi0p00,0.07,borrow,32,287,0.0,3,-0.6,-0.5978634,-0.5978634,0.93465394,0.11623743,0.11623743,1.0,0.00813662,0.07,0.0,0.006,0.6,0.5978634,-26.072561,2.0562797,0.6854266,0.192,0.0,0.16609935,0.0,0.0
hardzero_only__c0p58__z1p00__lam0p000__nu0p50__psi0p00,0.07,borrow,32,288,0.0,3,-0.5978634,-0.59672666,-0.59672666,0.99290156,0.10164791,0.10164791,1.0,0.007115354,0.07,0.0,0.0059786336,0.5978634,0.59672666,-26.590899,2.184427,0.7281424,0.17600001,0.0,0.137124,0.0,0.0
hardzero_only__c0p58__z1p00__lam0p000__nu0p50__psi0p00,0.07,borrow,32,289,0.0,3,-0.59672666,-0.6,-0.6026939,1.0022818,0.0,0.099475965,0.0,0.0,0.07,0.0,0.0059672664,0.59672666,0.6,-26.860273,2.205064,0.73502135,0.224,0.008,0.17149846,0.0,0.0
hardzero_only__c0p58__z1p00__lam0p000__nu0p50__psi0p00,0.07,borrow,32,290,0.0,3,-0.6,-0.59837514,-0.59837514,0.96286553,0.10892673,0.10892673,1.0,0.007624871,0.07,0.0,0.006,0.6,0.59837514,-25.637758,2.1183465,0.7061155,0.16000001,0.0,0.14433245,0.0,0.0
hardzero_only__c0p58__z1p00__lam0p000__nu0p50__psi0p00,0.07,borrow,32,291,0.0,3,-0.59837514,-0.5970729,-0.5970729,0.9826067,0.10408623,0.10408623,1.0,0.007286036,0.07,0.0,0.0059837513,0.59837514,0.5970729,-26.90334,2.161778,0.7205927,0.17600001,0.0,0.15674882,0.0,0.0
hardzero_only__c0p58__z1p00__lam0p000__nu0p50__psi0p00,0.07,borrow,32,292,0.0,3,-0.5970729,-0.6,-0.6030436,1.0225812,0.0,0.09493333,0.0,0.0,0.07,0.0,0.005970729,0.5970729,0.6,-26.950739,2.2497237,0.7499079,0.23200001,0.0,0.14948373,0.0,0.0
hardzero_only__c0p58__z1p00__lam0p000__nu0p50__psi0p00,0.07,borrow,32,293,0.0,3,-0.6,-0.6,-0.606,1.0005715,0.0,0.0998685,0.0,0.0,0.07,0.0,0.006,0.6,0.6,-26.505724,2.2013013,0.73376715,0.14400001,0.0,0.142705,0.0,0.0
hardzero_only__c0p58__z1p00__lam0p000__nu0p50__psi0p00,0.07,borrow,32,294,0.0,3,-0.6,-0.5984236,-0.5984236,0.9656335,0.108234696,0.108234696,1.0,0.007576429,0.07,0.0,0.006,0.6,0.5984236,-26.668339,2.1244361,0.7081454,0.15200001,0.0,0.15915218,0.0,0.0
hardzero_only__c0p58__z1p00__lam0p000__nu0p50__psi0p00,0.07,borrow,32,295,0.0,3,-0.5984236,-0.6,-0.60440785,1.0037864,0.0,0.09913192,0.0,0.0,0.07,0.0,0.005984236,0.5984236,0.6,-27.24027,2.2083743,0.73612475,0.120000005,0.0,0.17217588,0.0,0.0
hardzero_only__c0p58__z1p00__lam0p000__nu0p50__psi0p00,0.07,borrow,32,296,0.0,3,-0.6,-0.59888995,-0.59888995,0.99322504,0.10157223,0.10157223,1.0,0.007110056,0.07,0.0,0.006,0.6,0.59888995,-26.78594,2.1851387,0.7283796,0.128,0.0,0.16006275,0.0,0.0
hardzero_only__c0p58__z1p00__lam0p000__nu0p50__psi0p00,0.07,borrow,32,297,0.0,3,-0.59888995,-0.6,-0.60487884,1.0316612,0.0,0.09296916,0.0,0.0,0.07,0.0,0.005988899,0.59888995,0.6,-27.630962,2.2696998,0.75656664,0.128,0.0,0.13974972,0.0,0.0
hardzero_only__c0p58__z1p00__lam0p000__nu0p50__psi0p00,0.07,borrow,32,298,0.0,3,-0.6,-0.598382,-0.598382,0.9632567,0.10882865,0.10882865,1.0,0.0076180054,0.07,0.0,0.006,0.6,0.598382,-26.506685,2.1192071,0.7064024,0.216,0.0,0.14964727,0.0,0.0
hardzero_only__c0p58__z1p00__lam0p000__nu0p50__psi0p00,0.07,borrow,32,299,0.0,3,-0.598382,-0.5969141,-0.5969141,0.9728432,0.10645272,0.10645272,1.0,0.0074516903,0.07,0.0,0.0059838197,0.598382,0.5969141,-26.183554,2.140298,0.71343267,0.12,0.0,0.15134029,0.0,0.0
hardzero_only__c0p58__z1p00__lam0p000__nu0p50__psi0p00,0.07,borrow,32,300,0.0,3,-0.5969141,-0.5955902,-0.5955902,0.98218703,0.104186855,0.104186855,1.0,0.00729308,0.07,0.0,0.005969141,0.5969141,0.5955902,-27.458767,2.1608546,0.7202849,0.14400001,0.0,0.14625192,0.0,0.0
hardzero_only__c0p58__z1p00__lam0p000__nu0p50__psi0p00,0.07,borrow,32,301,0.0,3,-0.5955902,-0.59315115,-0.59315115,0.9210821,0.11992726,0.11992726,1.0,0.008394908,0.07,0.0,0.0059559015,0.5955902,0.59315115,-24.786783,2.026421,0.6754737,0.17600001,0.0,0.13250542,0.0,0.0
hardzero_only__c0p58__z1p00__lam0p000__nu0p50__psi0p00,0.07,borrow,32,302,0.0,3,-0.59315115,-0.5914061,-0.5914061,0.95993197,0.109665,0.109665,1.0,0.00767655,0.07,0.0,0.0059315115,0.59315115,0.5914061,-26.913311,2.1118925,0.7039642,0.15200001,0.0,0.14048788,0.0,0.0
hardzero_only__c0p58__z1p00__lam0p000__nu0p50__psi0p00,0.07,borrow,32,303,0.0,3,-0.5914061,-0.59732014,-0.59732014,1.0298336,0.0,0.0933612,0.0,0.0,0.07,0.0,0.005914061,0.5914061,0.59732014,-28.27418,2.2656791,0.7552264,0.15200001,0.0,0.16065651,0.0,0.0
hardzero_only__c0p58__z1p00__lam0p000__nu0p50__psi0p00,0.07,borrow,32,304,0.0,3,-0.59732014,-0.59563845,-0.59563845,0.96115977,0.1093554,0.1093554,1.0,0.007654878,0.07,0.0,0.0059732012,0.59732014,0.59563845,-25.89911,2.1145937,0.7048646,0.15200001,0.0,0.17009473,0.0,0.0
hardzero_only__c0p58__z1p00__lam0p000__nu0p50__psi0p00,0.07,borrow,32,305,0.0,3,-0.59563845,-0.6,-0.60159487,1.0405558,0.0,0.09108443,0.0,0.0,0.07,0.0,0.0059563844,0.59563845,0.6,-28.297012,2.2892685,0.76308954,0.136,0.0,0.16523877,0.0,0.0
hardzero_only__c0p58__z1p00__lam0p000__nu0p50__psi0p00,0.07,borrow,32,306,0.0,3,-0.6,-0.6,-0.606,1.0124207,0.0,0.09718056,0.0,0.0,0.07,0.0,0.006,0.6,0.6,-27.245417,2.22737,0.7424567,0.16000001,0.0,0.13987465,0.0,0.0
hardzero_only__c0p58__z1p00__lam0p000__nu0p50__psi0p00,0.07,borrow,32,307,0.0,3,-0.6,-0.5986296,-0.5986296,0.97760695,0.10529142,0.10529142,1.0,0.0073703993,0.07,0.0,0.006,0.6,0.5986296,-25.88582,2.1507783,0.7169261,0.14400001,0.0,0.13918684,0.0,0.0
hardzero_only__c0p58__z1p00__lam0p000__nu0p50__psi0p00,0.07,borrow,32,308,0.0,3,-0.5986296,-0.5962746,-0.5962746,0.92386687,0.11916071,0.11916071,1.0,0.00834125,0.07,0.0,0.0059862956,0.5986296,0.5962746,-25.408308,2.0325477,0.6775159,0.17600001,0.0,0.12855805,0.0,0.0
hardzero_only__c0p58__z1p00__lam0p000__nu0p50__psi0p00,0.07,borrow,32,309,0.0,3,-0.5962746,-0.6,-0.60223734,1.0151086,0.0,0.09658093,0.0,0.0,0.07,0.0,0.005962746,0.5962746,0.6,-27.405771,2.2332835,0.74442786,0.18400002,0.0,0.16030492,0.0,0.0
hardzero_only__c0p58__z1p00__lam0p000__nu0p50__psi0p00,0.07,borrow,32,310,0.0,3,-0.6,-0.6,-0.606,1.0063471,0.0,0.098549165,0.0,0.0,0.07,0.0,0.006,0.6,0.6,-26.563126,2.2140076,0.73800254,0.14400001,0.0,0.14327607,0.0,0.0
hardzero_only__c0p58__z1p00__lam0p000__nu0p50__psi0p00,0.07,borrow,32,311,0.0,3,-0.6,-0.6,-0.606,1.0235165,0.0,0.0947291,0.0,0.0,0.07,0.0,0.006,0.6,0.6,-27.07555,2.2517812,0.7505938,0.128,0.0,0.17286722,0.0,0.0
hardzero_only__c0p58__z1p00__lam0p000__nu0p50__psi0p00,0.07,borrow,32,312,0.0,3,-0.6,-0.6,-0.606,1.042456,0.0,0.09068678,0.0,0.0,0.07,0.0,0.006,0.6,0.6,-27.399889,2.2934492,0.7644831,0.16,0.0,0.1739591,0.0,0.0
hardzero_only__c0p58__z1p00__lam0p000__nu0p50__psi0p00,0.07,borrow,32,313,0.0,3,-0.6,-0.6,-0.606,1.0461602,0.0,0.08991657,0.0,0.0,0.07,0.0,0.006,0.6,0.6,-28.324873,2.3015985,0.7671995,0.192,0.0,0.16581231,0.0,0.0
hardzero_only__c0p58__z1p00__lam0p000__nu0p50__psi0p00,0.07,borrow,32,314,0.0,3,-0.6,-0.5986539,-0.5986539,0.9790425,0.10494396,0.10494396,1.0,0.0073460774,0.07,0.0,0.006,0.6,0.5986539,-26.39907,2.1539364,0.71797884,0.192,0.0,0.15502638,0.0,0.0
hardzero_only__c0p58__z1p00__lam0p000__nu0p50__psi0p00,0.07,borrow,32,315,0.0,3,-0.5986539,-0.59757334,-0.59757334,0.9958578,0.100958355,0.100958355,1.0,0.007067085,0.07,0.0,0.005986539,0.5986539,0.59757334,-26.613892,2.1909308,0.7303103,0.18400002,0.0,0.15665522,0.0,0.0
hardzero_only__c0p58__z1p00__lam0p000__nu0p50__psi0p00,0.07,borrow,32,316,0.0,3,-0.59757334,-0.5963608,-0.5963608,0.9884738,0.102689534,0.102689534,1.0,0.0071882675,0.07,0.0,0.005975733,0.59757334,0.5963608,-25.636135,2.1746857,0.72489524,0.2,0.0,0.14136317,0.0,0.0
hardzero_only__c0p58__z1p00__lam0p000__nu0p50__psi0p00,0.07,borrow,32,317,0.0,3,-0.5963608,-0.59417933,-0.59417933,0.9342028,0.11635824,0.11635824,1.0,0.008145077,0.07,0.0,0.0059636077,0.5963608,0.59417933,-26.282839,2.0552871,0.6850957,0.28,0.0,0.14321414,0.0,0.0
hardzero_only__c0p58__z1p00__lam0p000__nu0p50__psi0p00,0.07,borrow,32,318,0.0,3,-0.59417933,-0.59279156,-0.59279156,0.98001754,0.10470861,0.10470861,1.0,0.0073296027,0.07,0.0,0.0059417933,0.59417933,0.59279156,-25.778683,2.1560817,0.7186939,0.16000001,0.0,0.13587965,0.0,0.0
hardzero_only__c0p58__z1p00__lam0p000__nu0p50__psi0p00,0.07,borrow,32,319,0.0,3,-0.59279156,-0.5913604,-0.5913604,0.97827375,0.105129905,0.105129905,1.0,0.0073590935,0.07,0.0,0.005927915,0.59279156,0.5913604,-26.218199,2.1522453,0.7174151,0.104,0.0,0.13898028,0.0,0.0
hardzero_only__c0p58__z1p00__lam0p000__nu0p50__psi0p00,0.07,borrow,32,320,0.0,3,-0.5913604,-0.597274,-0.597274,1.0123174,0.0,0.09720366,0.0,0.0,0.07,0.0,0.0059136036,0.5913604,0.597274,-26.663576,2.2271428,0.742381,0.14400001,0.0,0.15454511,0.0,0.0
hardzero_only__c0p58__z1p00__lam0p000__nu0p50__psi0p00,0.07,borrow,32,321,0.0,3,-0.597274,-0.5955917,-0.5955917,0.9611502,0.1093578,0.1093578,1.0,0.007655046,0.07,0.0,0.00597274,0.597274,0.5955917,-26.457455,2.1145728,0.7048576,0.15200001,0.0,0.1317194,0.0,0.0
hardzero_only__c0p58__z1p00__lam0p000__nu0p50__psi0p00,0.07,borrow,32,322,0.0,3,-0.5955917,-0.6,-0.60154766,1.0450746,0.0,0.09014163,0.0,0.0,0.07,0.0,0.0059559173,0.5955917,0.6,-28.13343,2.29921,0.7664034,0.192,0.0,0.19396134,0.0,0.0
hardzero_only__c0p58__z1p00__lam0p000__nu0p50__psi0p00,0.07,borrow,32,323,0.0,3,-0.6,-0.59857905,-0.59857905,0.97463787,0.10601373,0.10601373,1.0,0.0074209613,0.07,0.0,0.006,0.6,0.59857905,-26.393305,2.144246,0.71474874,0.208,0.0,0.13211726,0.0,0.0
hardzero_only__c0p58__z1p00__lam0p000__nu0p50__psi0p00,0.07,borrow,32,324,0.0,3,-0.59857905,-0.6,-0.60456485,1.0065591,0.0,0.098501064,0.0,0.0,0.07,0.0,0.0059857904,0.59857905,0.6,-26.594866,2.2144744,0.73815817,0.18400002,0.0,0.14054877,0.0,0.0
hardzero_only__c0p58__z1p00__lam0p000__nu0p50__psi0p00,0.07,borrow,32,325,0.0,3,-0.6,-0.6,-0.606,1.0094678,0.0,0.09784353,0.0,0.0,0.07,0.0,0.006,0.6,0.6,-27.176636,2.2208736,0.74029124,0.14,0.0,0.16589706,0.0,0.0
hardzero_only__c0p58__z1p00__lam0p000__nu0p50__psi0p00,0.07,borrow,32,326,0.0,3,-0.6,-0.5985813,-0.5985813,0.97476983,0.105981514,0.105981514,1.0,0.007418706,0.07,0.0,0.006,0.6,0.5985813,-27.250828,2.1445365,0.71484554,0.18400002,0.0,0.15521602,0.0,0.0
hardzero_only__c0p58__z1p00__lam0p000__nu0p50__psi0p00,0.07,borrow,32,327,0.0,3,-0.5985813,-0.6,-0.6045671,1.0187322,0.0,0.09577844,0.0,0.0,0.07,0.0,0.005985813,0.5985813,0.6,-27.543926,2.2412555,0.7470852,0.16800001,0.0,0.16272476,0.0,0.0
hardzero_only__c0p58__z1p00__lam0p000__nu0p50__psi0p00,0.07,borrow,32,328,0.0,3,-0.6,-0.6,-0.606,1.0234927,0.0,0.09473432,0.0,0.0,0.07,0.0,0.006,0.6,0.6,-27.523067,2.251729,0.7505764,0.08800001,0.0,0.15409254,0.0,0.0
hardzero_only__c0p58__z1p00__lam0p000__nu0p50__psi0p00,0.07,borrow,32,329,0.0,3,-0.6,-0.5982281,-0.5982281,0.9545709,0.11102714,0.11102714,1.0,0.0077718995,0.07,0.0,0.006,0.6,0.5982281,-26.369661,2.100098,0.70003265,0.272,0.0,0.15443447,0.0,0.0
hardzero_only__c0p58__z1p00__lam0p000__nu0p50__psi0p00,0.07,borrow,32,330,0.0,3,-0.5982281,-0.5962923,-0.5962923,0.9464785,0.11311534,0.11311534,1.0,0.007918074,0.07,0.0,0.0059822807,0.5982281,0.5962923,-26.052828,2.0822942,0.6940981,0.2,0.0,0.16990373,0.0,0.0
hardzero_only__c0p58__z1p00__lam0p000__nu0p50__psi0p00,0.07,borrow,32,331,0.0,3,-0.5962923,-0.59451026,-0.59451026,0.9560792,0.1106422,0.1106422,1.0,0.007744954,0.07,0.0,0.005962923,0.5962923,0.59451026,-26.789873,2.1034162,0.70113873,0.15200001,0.0,0.16400842,0.0,0.0
hardzero_only__c0p58__z1p00__lam0p000__nu0p50__psi0p00,0.07,borrow,32,332,0.0,3,-0.59451026,-0.5930268,-0.5930268,0.97419363,0.10612222,0.10612222,1.0,0.0074285553,0.07,0.0,0.0059451023,0.59451026,0.5930268,-26.960705,2.1432688,0.71442294,0.2,0.0,0.16689639,0.0,0.0
hardzero_only__c0p58__z1p00__lam0p000__nu0p50__psi0p00,0.07,borrow,32,333,0.0,3,-0.5930268,-0.59105253,-0.59105253,0.9472229,0.112921625,0.112921625,1.0,0.007904514,0.07,0.0,0.005930268,0.5930268,0.59105253,-26.467213,2.083932,0.694644,0.24000001,0.0,0.14457245,0.0,0.0
hardzero_only__c0p58__z1p00__lam0p000__nu0p50__psi0p00,0.07,borrow,32,334,0.0,3,-0.59105253,-0.58974034,-0.58974034,0.9863961,0.10318199,0.10318199,1.0,0.007222739,0.07,0.0,0.005910525,0.59105253,0.58974034,-26.892994,2.1701148,0.7233716,0.208,0.0,0.16830415,0.0,0.0
hardzero_only__c0p58__z1p00__lam0p000__nu0p50__psi0p00,0.07,borrow,32,335,0.0,3,-0.58974034,-0.59563774,-0.59563774,1.0027013,0.0,0.09937994,0.0,0.0,0.07,0.0,0.005897403,0.58974034,0.59563774,-26.895391,2.205987,0.73532903,0.192,0.0,0.15604433,0.0,0.0
hardzero_only__c0p58__z1p00__lam0p000__nu0p50__psi0p00,0.07,borrow,32,336,0.0,3,-0.59563774,-0.6,-0.6015941,1.0013052,0.0,0.09969989,0.0,0.0,0.07,0.0,0.0059563774,0.59563774,0.6,-26.534046,2.2029154,0.73430514,0.2,0.0,0.14392693,0.0,0.0
hardzero_only__c0p58__z1p00__lam0p000__nu0p50__psi0p00,0.07,borrow,32,337,0.0,3,-0.6,-0.6,-0.606,1.0303335,0.0,0.09325379,0.0,0.0,0.07,0.0,0.006,0.6,0.6,-28.22237,2.266779,0.755593,0.16800001,0.0,0.1717698,0.0,0.0
hardzero_only__c0p58__z1p00__lam0p000__nu0p50__psi0p00,0.07,borrow,32,338,0.0,3,-0.6,-0.59812415,-0.59812415,0.948801,0.112512045,0.112512045,1.0,0.007875843,0.07,0.0,0.006,0.6,0.59812415,-26.04372,2.0874038,0.69580126,0.25,0.0,0.11463809,0.0,0.0
hardzero_only__c0p58__z1p00__lam0p000__nu0p50__psi0p00,0.07,borrow,32,339,0.0,3,-0.59812415,-0.5966517,-0.5966517,0.9727252,0.10648165,0.10648165,1.0,0.0074537154,0.07,0.0,0.0059812414,0.59812415,0.5966517,-27.115046,2.1400383,0.7133461,0.136,0.0,0.1395197,0.0,0.0
hardzero_only__c0p58__z1p00__lam0p000__nu0p50__psi0p00,0.07,borrow,32,340,0.0,3,-0.5966517,-0.59508795,-0.59508795,0.9682868,0.107575454,0.107575454,1.0,0.007530282,0.07,0.0,0.0059665167,0.5966517,0.59508795,-25.962946,2.1302736,0.71009123,0.120000005,0.0,0.119223155,0.0,0.0
hardzero_only__c0p58__z1p00__lam0p000__nu0p50__psi0p00,0.07,borrow,32,341,0.0,3,-0.59508795,-0.5939044,-0.5939044,0.9917381,0.101920575,0.101920575,1.0,0.0071344404,0.07,0.0,0.0059508793,0.59508795,0.5939044,-27.310349,2.1818674,0.72728914,0.2,0.0,0.18293151,0.0,0.0
hardzero_only__c0p58__z1p00__lam0p000__nu0p50__psi0p00,0.07,borrow,32,342,0.0,3,-0.5939044,-0.5920388,-0.5920388,0.9527459,0.11149467,0.11149467,1.0,0.0078046266,0.07,0.0,0.0059390436,0.5939044,0.5920388,-26.702566,2.096083,0.69869435,0.224,0.0,0.1567771,0.0,0.0
hardzero_only__c0p58__z1p00__lam0p000__nu0p50__psi0p00,0.07,borrow,32,343,0.0,3,-0.5920388,-0.5979592,-0.5979592,1.0030595,0.0,0.09929799,0.0,0.0,0.07,0.0,0.005920388,0.5920388,0.5979592,-27.455585,2.206775,0.73559165,0.14400001,0.0,0.16554089,0.0,0.0
hardzero_only__c0p58__z1p00__lam0p000__nu0p50__psi0p00,0.07,borrow,32,344,0.0,3,-0.5979592,-0.59629023,-0.59629023,0.9615172,0.10926543,0.10926543,1.0,0.0076485802,0.07,0.0,0.005979592,0.5979592,0.59629023,-26.584946,2.11538,0.7051267,0.256,0.0,0.14247744,0.0,0.0
hardzero_only__c0p58__z1p00__lam0p000__nu0p50__psi0p00,0.07,borrow,32,345,0.0,3,-0.59629023,-0.59449124,-0.59449124,0.95513093,0.11088404,0.11088404,1.0,0.007761883,0.07,0.0,0.005962902,0.59629023,0.59449124,-25.731064,2.10133,0.7004434,0.17600001,0.0,0.17110823,0.0,0.0
hardzero_only__c0p58__z1p00__lam0p000__nu0p50__psi0p00,0.07,borrow,32,346,0.0,3,-0.59449124,-0.6,-0.60043615,1.0481836,0.0,0.089498654,0.0,0.0,0.07,0.0,0.0059449123,0.59449124,0.6,-27.54999,2.3060498,0.7686833,0.136,0.0,0.16581528,0.0,0.0
hardzero_only__c0p58__z1p00__lam0p000__nu0p50__psi0p00,0.07,borrow,32,347,0.0,3,-0.6,-0.5985012,-0.5985012,0.9701067,0.10712562,0.10712562,1.0,0.0074987933,0.07,0.0,0.006,0.6,0.5985012,-26.478773,2.1342773,0.7114258,0.2,0.0,0.16843991,0.0,0.0
hardzero_only__c0p58__z1p00__lam0p000__nu0p50__psi0p00,0.07,borrow,32,348,0.0,3,-0.5985012,-0.6,-0.6044862,1.0120595,0.0,0.09726141,0.0,0.0,0.07,0.0,0.005985012,0.5985012,0.6,-26.80465,2.2265751,0.74219173,0.16800001,0.0,0.18939513,0.0,0.0
hardzero_only__c0p58__z1p00__lam0p000__nu0p50__psi0p00,0.07,borrow,32,349,0.0,3,-0.6,-0.6,-0.606,1.001117,0.0,0.09974312,0.0,0.0,0.07,0.0,0.006,0.6,0.6,-26.96213,2.2025013,0.7341671,0.15200001,0.0,0.1472011,0.0,0.0
hardzero_only__c0p58__z1p00__lam0p000__nu0p50__psi0p00,0.07,borrow,32,350,0.0,3,-0.6,-0.5989992,-0.5989992,0.9999497,0.10001159,0.10001159,1.0,0.007000811,0.07,0.0,0.006,0.6,0.5989992,-25.842806,2.1999333,0.7333111,0.16000001,0.0,0.12623794,0.0,0.0
hardzero_only__c0p58__z1p00__lam0p000__nu0p50__psi0p00,0.07,borrow,32,351,0.0,3,-0.5989992,-0.5977962,-0.5977962,0.98818964,0.10275674,0.10275674,1.0,0.0071929717,0.07,0.0,0.005989992,0.5989992,0.5977962,-26.406584,2.1740606,0.72468686,0.14999999,0.0,0.1406231,0.0,0.0
hardzero_only__c0p58__z1p00__lam0p000__nu0p50__psi0p00,0.07,borrow,32,352,0.0,3,-0.5977962,-0.5965128,-0.5965128,0.9840767,0.103734516,0.103734516,1.0,0.007261416,0.07,0.0,0.0059779617,0.5977962,0.5965128,-27.518663,2.165012,0.7216706,0.18400002,0.0,0.15857828,0.0,0.0
hardzero_only__c0p58__z1p00__lam0p000__nu0p50__psi0p00,0.07,borrow,32,353,0.0,3,-0.5965128,-0.59523195,-0.59523195,0.98500353,0.10351337,0.10351337,1.0,0.007245936,0.07,0.0,0.0059651276,0.5965128,0.59523195,-27.194916,2.167051,0.72235036,0.192,0.0,0.14357229,0.0,0.0
hardzero_only__c0p58__z1p00__lam0p000__nu0p50__psi0p00,0.07,borrow,32,354,0.0,3,-0.59523195,-0.59418416,-0.59418416,0.9999936,0.10000148,0.10000148,1.0,0.0070001036,0.07,0.0,0.0059523196,0.59523195,0.59418416,-27.2251,2.2000299,0.7333433,0.192,0.0,0.16070376,0.0,0.0
hardzero_only__c0p58__z1p00__lam0p000__nu0p50__psi0p00,0.07,borrow,32,355,0.0,3,-0.59418416,-0.6,-0.600126,1.0164016,0.0,0.0962938,0.0,0.0,0.07,0.0,0.0059418413,0.59418416,0.6,-27.64737,2.2361283,0.7453761,0.112,0.0,0.14560418,0.0,0.0
hardzero_only__c0p58__z1p00__lam0p000__nu0p50__psi0p00,0.07,borrow,32,356,0.0,3,-0.6,-0.6,-0.606,1.0006064,0.0,0.09986045,0.0,0.0,0.07,0.0,0.006,0.6,0.6,-27.591475,2.201378,0.7337927,0.17600001,0.0,0.16322303,0.0,0.0
hardzero_only__c0p58__z1p00__lam0p000__nu0p50__psi0p00,0.07,borrow,32,357,0.0,3,-0.6,-0.597905,-0.597905,0.9368795,0.115643285,0.115643285,1.0,0.00809503,0.07,0.0,0.006,0.6,0.597905,-25.399067,2.061176,0.6870587,0.128,0.0,0.1287818,0.0,0.0
hardzero_only__c0p58__z1p00__lam0p000__nu0p50__psi0p00,0.07,borrow,32,358,0.0,3,-0.597905,-0.59681576,-0.59681576,0.9957853,0.1009752,0.1009752,1.0,0.0070682643,0.07,0.0,0.0059790495,0.597905,0.59681576,-26.75255,2.1907713,0.73025715,0.216,0.0,0.17927088,0.0,0.0
hardzero_only__c0p58__z1p00__lam0p000__nu0p50__psi0p00,0.07,borrow,32,359,0.0,3,-0.59681576,-0.59535474,-0.59535474,0.974156,0.10613141,0.10613141,1.0,0.007429199,0.07,0.0,0.0059681577,0.59681576,0.59535474,-27.512146,2.143186,0.7143954,0.16000001,0.0,0.18242523,0.0,0.0
hardzero_only__c0p58__z1p00__lam0p000__nu0p50__psi0p00,0.07,borrow,32,360,0.0,3,-0.59535474,-0.5932994,-0.5932994,0.94152457,0.11441302,0.11441302,1.0,0.008008911,0.07,0.0,0.005953547,0.59535474,0.5932994,-25.741892,2.0713954,0.69046515,0.216,0.0,0.15051861,0.0,0.0
hardzero_only__c0p58__z1p00__lam0p000__nu0p50__psi0p00,0.07,borrow,32,361,0.0,3,-0.5932994,-0.59159154,-0.59159154,0.9619563,0.10915501,0.10915501,1.0,0.0076408507,0.07,0.0,0.0059329937,0.5932994,0.59159154,-25.287409,2.1163461,0.70544875,0.15200001,0.0,0.13115671,0.0,0.0
hardzero_only__c0p58__z1p00__lam0p000__nu0p50__psi0p00,0.07,borrow,32,362,0.0,3,-0.59159154,-0.5904449,-0.5904449,0.99613446,0.100894034,0.100894034,1.0,0.0070625823,0.07,0.0,0.005915915,0.59159154,0.5904449,-27.054426,2.1915395,0.7305132,0.17600001,0.008,0.16709496,0.0,0.0
hardzero_only__c0p58__z1p00__lam0p000__nu0p50__psi0p00,0.07,borrow,32,363,0.0,3,-0.5904449,-0.59634936,-0.59634936,1.0331103,0.0,0.09265945,0.0,0.0,0.07,0.0,0.005904449,0.5904449,0.59634936,-27.06044,2.272888,0.75762933,0.16000001,0.0,0.15326485,0.0,0.0
hardzero_only__c0p58__z1p00__lam0p000__nu0p50__psi0p00,0.07,borrow,32,364,0.0,3,-0.59634936,-0.6,-0.60231286,1.007673,0.0,0.098248735,0.0,0.0,0.07,0.0,0.0059634936,0.59634936,0.6,-26.62617,2.216925,0.738975,0.17999999,0.0,0.14629842,0.0,0.0
hardzero_only__c0p58__z1p00__lam0p000__nu0p50__psi0p00,0.07,borrow,32,365,0.0,3,-0.6,-0.59851843,-0.59851843,0.9711052,0.10687958,0.10687958,1.0,0.0074815704,0.07,0.0,0.006,0.6,0.59851843,-27.027987,2.1364741,0.7121581,0.192,0.0,0.16613288,0.0,0.0
hardzero_only__c0p58__z1p00__lam0p000__nu0p50__psi0p00,0.07,borrow,32,366,0.0,3,-0.59851843,-0.5963622,-0.5963622,0.9343946,0.11630687,0.11630687,1.0,0.008141481,0.07,0.0,0.005985184,0.59851843,0.5963622,-25.55871,2.0557091,0.6852364,0.18400002,0.008,0.12938744,0.0,0.0
hardzero_only__c0p58__z1p00__lam0p000__nu0p50__psi0p00,0.07,borrow,32,367,0.0,3,-0.5963622,-0.5944035,-0.5944035,0.9462458,0.11317596,0.11317596,1.0,0.007922317,0.07,0.0,0.0059636217,0.5963622,0.5944035,-26.163872,2.0817823,0.69392747,0.216,0.0,0.15696172,0.0,0.0
hardzero_only__c0p58__z1p00__lam0p000__nu0p50__psi0p00,0.07,borrow,32,368,0.0,3,-0.5944035,-0.5932461,-0.5932461,0.99375194,0.101449065,0.101449065,1.0,0.0071014347,0.07,0.0,0.005944035,0.5944035,0.5932461,-26.18899,2.186298,0.72876596,0.14400001,0.0,0.1318805,0.0,0.0
hardzero_only__c0p58__z1p00__lam0p000__nu0p50__psi0p00,0.07,borrow,32,369,0.0,3,-0.5932461,-0.59917855,-0.59917855,1.0005573,0.0,0.09987176,0.0,0.0,0.07,0.0,0.005932461,0.5932461,0.59917855,-27.046644,2.20127,0.7337567,0.104,0.0,0.1405501,0.0,0.0
hardzero_only__c0p58__z1p00__lam0p000__nu0p50__psi0p00,0.07,borrow,32,370,0.0,3,-0.59917855,-0.5975931,-0.5975931,0.9655906,0.10824539,0.10824539,1.0,0.007577177,0.07,0.0,0.0059917853,0.59917855,0.5975931,-25.529518,2.1243417,0.7081139,0.18400002,0.0,0.14183243,0.0,0.0
hardzero_only__c0p58__z1p00__lam0p000__nu0p50__psi0p00,0.07,borrow,32,371,0.0,3,-0.5975931,-0.6,-0.60356903,1.0161182,0.0,0.096356675,0.0,0.0,0.07,0.0,0.005975931,0.5975931,0.6,-27.361849,2.2355046,0.7451682,0.18400002,0.0,0.19388357,0.0,0.0
hardzero_only__c0p58__z1p00__lam0p000__nu0p50__psi0p00,0.07,borrow,32,372,0.0,3,-0.6,-0.59869736,-0.59869736,0.98161745,0.10432359,0.10432359,1.0,0.007302651,0.07,0.0,0.006,0.6,0.59869736,-27.172216,2.1596014,0.71986717,0.15200001,0.0,0.14908905,0.0,0.0
hardzero_only__c0p58__z1p00__lam0p000__nu0p50__psi0p00,0.07,borrow,32,373,0.0,3,-0.59869736,-0.6,-0.60468435,1.0070639,0.0,0.09838664,0.0,0.0,0.07,0.0,0.0059869736,0.59869736,0.6,-27.013668,2.2155848,0.73852825,0.08800001,0.0,0.16215804,0.0,0.0
hardzero_only__c0p58__z1p00__lam0p000__nu0p50__psi0p00,0.07,borrow,32,374,0.0,3,-0.6,-0.6,-0.606,1.0345238,0.0,0.09235835,0.0,0.0,0.07,0.0,0.006,0.6,0.6,-26.95325,2.2759979,0.758666,0.16000001,0.0,0.1334433,0.0,0.0
hardzero_only__c0p58__z1p00__lam0p000__nu0p50__psi0p00,0.07,borrow,32,375,0.0,3,-0.6,-0.6,-0.606,1.0070525,0.0,0.09838919,0.0,0.0,0.07,0.0,0.006,0.6,0.6,-27.417496,2.2155597,0.7385199,0.14400001,0.0,0.14313193,0.0,0.0
hardzero_only__c0p58__z1p00__lam0p000__nu0p50__psi0p00,0.07,borrow,32,376,0.0,3,-0.6,-0.5985869,-0.5985869,0.975098,0.105901465,0.105901465,1.0,0.007413103,0.07,0.0,0.006,0.6,0.5985869,-26.623701,2.1452584,0.71508616,0.208,0.0,0.16403618,0.0,0.0
hardzero_only__c0p58__z1p00__lam0p000__nu0p50__psi0p00,0.07,borrow,32,377,0.0,3,-0.5985869,-0.5964079,-0.5964079,0.93314844,0.116641074,0.116641074,1.0,0.008164875,0.07,0.0,0.005985869,0.5985869,0.5964079,-25.574097,2.0529675,0.68432254,0.19,0.01,0.14128065,0.0,0.0
hardzero_only__c0p58__z1p00__lam0p000__nu0p50__psi0p00,0.07,borrow,32,378,0.0,3,-0.5964079,-0.5950674,-0.5950674,0.98150146,0.10435145,0.10435145,1.0,0.007304602,0.07,0.0,0.005964079,0.5964079,0.5950674,-26.026266,2.1593463,0.7197821,0.16800001,0.0,0.14460444,0.0,0.0
hardzero_only__c0p58__z1p00__lam0p000__nu0p50__psi0p00,0.07,borrow,32,379,0.0,3,-0.5950674,-0.6,-0.6010181,1.0165244,0.0,0.096266575,0.0,0.0,0.07,0.0,0.0059506735,0.5950674,0.6,-27.279873,2.2363985,0.7454662,0.16800001,0.0,0.15234545,0.0,0.0
hardzero_only__c0p58__z1p00__lam0p000__nu0p50__psi0p00,0.07,borrow,32,380,0.0,3,-0.6,-0.6,-0.606,1.0536233,0.0,0.08838462,0.0,0.0,0.07,0.0,0.006,0.6,0.6,-27.866045,2.3180175,0.77267253,0.192,0.0,0.1541595,0.0,0.0
hardzero_only__c0p58__z1p00__lam0p000__nu0p50__psi0p00,0.07,borrow,32,381,0.0,3,-0.6,-0.5980967,-0.5980967,0.94729036,0.11290408,0.11290408,1.0,0.007903285,0.07,0.0,0.006,0.6,0.5980967,-25.970474,2.0840805,0.6946935,0.24800001,0.0,0.13228805,0.0,0.0
hardzero_only__c0p58__z1p00__lam0p000__nu0p50__psi0p00,0.07,borrow,32,382,0.0,3,-0.5980967,-0.59671044,-0.59671044,0.9777937,0.10524617,0.10524617,1.0,0.007367232,0.07,0.0,0.005980967,0.5980967,0.59671044,-26.68768,2.151189,0.71706307,0.16800001,0.0,0.144726,0.0,0.0
hardzero_only__c0p58__z1p00__lam0p000__nu0p50__psi0p00,0.07,borrow,32,383,0.0,3,-0.59671044,-0.59489423,-0.59489423,0.95393455,0.11118992,0.11118992,1.0,0.007783294,0.07,0.0,0.0059671043,0.59671044,0.59489423,-26.781067,2.098698,0.699566,0.224,0.0,0.14174367,0.0,0.0
hardzero_only__c0p58__z1p00__lam0p000__nu0p50__psi0p00,0.07,borrow,32,384,0.0,3,-0.59489423,-0.59329885,-0.59329885,0.9674781,0.10777596,0.10777596,1.0,0.007544317,0.07,0.0,0.005948942,0.59489423,0.59329885,-26.941826,2.1284943,0.7094981,0.15200001,0.0,0.13933778,0.0,0.0
hardzero_only__c0p58__z1p00__lam0p000__nu0p50__psi0p00,0.07,borrow,32,385,0.0,3,-0.59329885,-0.5910652,-0.5910652,0.9330556,0.116666034,0.116666034,1.0,0.008166622,0.07,0.0,0.0059329886,0.59329885,0.5910652,-25.895514,2.0527632,0.6842544,0.192,0.0,0.1440258,0.0,0.0
hardzero_only__c0p58__z1p00__lam0p000__nu0p50__psi0p00,0.07,borrow,32,386,0.0,3,-0.5910652,-0.5890995,-0.5890995,0.948774,0.11251905,0.11251905,1.0,0.007876334,0.07,0.0,0.005910652,0.5910652,0.5890995,-26.223873,2.0873444,0.69578147,0.2,0.0,0.169072,0.0,0.0
hardzero_only__c0p58__z1p00__lam0p000__nu0p50__psi0p00,0.07,borrow,32,387,0.0,3,-0.5890995,-0.5949905,-0.5949905,1.0217538,0.0,0.095114395,0.0,0.0,0.07,0.0,0.0058909953,0.5890995,0.5949905,-27.395054,2.247903,0.7493011,0.16800001,0.0,0.17583774,0.0,0.0
hardzero_only__c0p58__z1p00__lam0p000__nu0p50__psi0p00,0.07,borrow,32,388,0.0,3,-0.5949905,-0.593188,-0.593188,0.95566154,0.11074864,0.11074864,1.0,0.007752405,0.07,0.0,0.0059499047,0.5949905,0.593188,-26.066427,2.1024973,0.7008325,0.17600001,0.0,0.13244642,0.0,0.0
hardzero_only__c0p58__z1p00__lam0p000__nu0p50__psi0p00,0.07,borrow,32,389,0.0,3,-0.593188,-0.59911984,-0.59911984,1.0044538,0.0,0.09897973,0.0,0.0,0.07,0.0,0.00593188,0.593188,0.59911984,-27.06721,2.2098424,0.73661417,0.16800001,0.0,0.18018393,0.0,0.0
hardzero_only__c0p58__z1p00__lam0p000__nu0p50__psi0p00,0.07,borrow,32,390,0.0,3,-0.59911984,-0.5977976,-0.5977976,0.980974,0.10447826,0.10447826,1.0,0.0073134783,0.07,0.0,0.005991198,0.59911984,0.5977976,-27.579128,2.158186,0.71939534,0.19,0.0,0.1554345,0.0,0.0
hardzero_only__c0p58__z1p00__lam0p000__nu0p50__psi0p00,0.07,borrow,32,391,0.0,3,-0.5977976,-0.5961789,-0.5961789,0.9644748,0.108523846,0.108523846,1.0,0.0075966693,0.07,0.0,0.0059779757,0.5977976,0.5961789,-26.637651,2.121887,0.70729566,0.136,0.0,0.14322975,0.0,0.0
hardzero_only__c0p58__z1p00__lam0p000__nu0p50__psi0p00,0.07,borrow,32,392,0.0,3,-0.5961789,-0.5945778,-0.5945778,0.96641195,0.10804087,0.10804087,1.0,0.007562861,0.07,0.0,0.005961789,0.5961789,0.5945778,-26.39662,2.1261487,0.7087163,0.120000005,0.0,0.15284581,0.0,0.0
hardzero_only__c0p58__z1p00__lam0p000__nu0p50__psi0p00,0.07,borrow,32,393,0.0,3,-0.5945778,-0.59313536,-0.59313536,0.9765563,0.10554645,0.10554645,1.0,0.007388252,0.07,0.0,0.005945778,0.5945778,0.59313536,-26.55096,2.1484668,0.71615565,0.2,0.0,0.14935465,0.0,0.0
hardzero_only__c0p58__z1p00__lam0p000__nu0p50__psi0p00,0.07,borrow,32,394,0.0,3,-0.59313536,-0.59906673,-0.59906673,1.0575875,0.0,0.08758153,0.0,0.0,0.07,0.0,0.0059313537,0.59313536,0.59906673,-28.386381,2.326739,0.7755797,0.136,0.0,0.16031854,0.0,0.0
hardzero_only__c0p58__z1p00__lam0p000__nu0p50__psi0p00,0.07,borrow,32,395,0.0,3,-0.59906673,-0.5980128,-0.5980128,0.9972392,0.10063772,0.10063772,1.0,0.0070446404,0.07,0.0,0.0059906673,0.59906673,0.5980128,-27.60307,2.19397,0.73132336,0.15200001,0.0,0.14673412,0.0,0.0
hardzero_only__c0p58__z1p00__lam0p000__nu0p50__psi0p00,0.07,borrow,32,396,0.0,3,-0.5980128,-0.5959247,-0.5959247,0.93831736,0.11526106,0.11526106,1.0,0.008068275,0.07,0.0,0.005980128,0.5980128,0.5959247,-25.762499,2.0643394,0.68811315,0.18400002,0.0,0.12043274,0.0,0.0
hardzero_only__c0p58__z1p00__lam0p000__nu0p50__psi0p00,0.07,borrow,32,397,0.0,3,-0.5959247,-0.6,-0.60188395,1.0278552,0.0,0.09378747,0.0,0.0,0.07,0.0,0.005959247,0.5959247,0.6,-27.576298,2.2613266,0.75377554,0.136,0.0,0.14456713,0.0,0.0
hardzero_only__c0p58__z1p00__lam0p000__nu0p50__psi0p00,0.07,borrow,32,398,0.0,3,-0.6,-0.5982287,-0.5982287,0.95460397,0.111018665,0.111018665,1.0,0.0077713067,0.07,0.0,0.006,0.6,0.5982287,-26.106024,2.1001706,0.7000569,0.16800001,0.0,0.13518187,0.0,0.0
hardzero_only__c0p58__z1p00__lam0p000__nu0p50__psi0p00,0.07,borrow,32,399,0.0,3,-0.5982287,-0.5971275,-0.5971275,0.99485034,0.10119281,0.10119281,1.0,0.0070834965,0.07,0.0,0.0059822868,0.5982287,0.5971275,-26.721987,2.1887145,0.7295715,0.216,0.0,0.15130673,0.0,0.0
hardzero_only__c0p58__z1p00__lam0p000__nu0p50__psi0p00,0.07,borrow,32,400,0.0,3,-0.5971275,-0.5957724,-0.5957724,0.9802088,0.10466251,0.10466251,1.0,0.0073263757,0.07,0.0,0.005971275,0.5971275,0.5957724,-26.155048,2.1565025,0.71883416,0.2,0.0,0.13678648,0.0,0.0
hardzero_only__c0p58__z1p00__lam0p000__nu0p50__psi0p00,0.07,borrow,32,401,0.0,3,-0.5957724,-0.6,-0.6017301,1.0141957,0.0,0.09678417,0.0,0.0,0.07,0.0,0.0059577236,0.5957724,0.6,-27.137804,2.231275,0.7437584,0.14400001,0.0,0.18011028,0.0,0.0
hardzero_only__c0p58__z1p00__lam0p000__nu0p50__psi0p00,0.07,borrow,32,402,0.0,3,-0.6,-0.59871423,-0.59871423,0.98262167,0.10408263,0.10408263,1.0,0.007285784,0.07,0.0,0.006,0.6,0.59871423,-26.853474,2.1618109,0.72060364,0.192,0.0,0.16987285,0.0,0.0
hardzero_only__c0p58__z1p00__lam0p000__nu0p50__psi0p00,0.07,borrow,32,403,0.0,3,-0.59871423,-0.59758514,-0.59758514,0.9928469,0.101660706,0.101660706,1.0,0.0071162493,0.07,0.0,0.005987142,0.59871423,0.59758514,-26.932163,2.1843069,0.7281023,0.07,0.0,0.13783333,0.0,0.0
hardzero_only__c0p58__z1p00__lam0p000__nu0p50__psi0p00,0.07,borrow,32,404,0.0,3,-0.59758514,-0.5963975,-0.5963975,0.9899745,0.10233531,0.10233531,1.0,0.007163472,0.07,0.0,0.0059758513,0.59758514,0.5963975,-26.787394,2.1779873,0.7259958,0.16800001,0.0,0.16977768,0.0,0.0
hardzero_only__c0p58__z1p00__lam0p000__nu0p50__psi0p00,0.07,borrow,32,405,0.0,3,-0.5963975,-0.59467,-0.59467,0.9590859,0.10987885,0.10987885,1.0,0.00769152,0.07,0.0,0.005963975,0.5963975,0.59467,-26.753725,2.1100311,0.70334375,0.216,0.0,0.14554279,0.0,0.0
hardzero_only__c0p58__z1p00__lam0p000__nu0p50__psi0p00,0.07,borrow,32,406,0.0,3,-0.59467,-0.59295726,-0.59295726,0.96090263,0.10942016,0.10942016,1.0,0.007659411,0.07,0.0,0.0059467,0.59467,0.59295726,-26.134724,2.114028,0.70467603,0.2,0.0,0.15167013,0.0,0.0
hardzero_only__c0p58__z1p00__lam0p000__nu0p50__psi0p00,0.07,borrow,32,407,0.0,3,-0.59295726,-0.59888685,-0.59888685,1.0259504,0.0,0.0941997,0.0,0.0,0.07,0.0,0.0059295725,0.59295726,0.59888685,-27.712397,2.257136,0.7523787,0.120000005,0.0,0.16765384,0.0,0.0
hardzero_only__c0p58__z1p00__lam0p000__nu0p50__psi0p00,0.07,borrow,32,408,0.0,3,-0.59888685,-0.59755355,-0.59755355,0.9804554,0.10460311,0.10460311,1.0,0.007322218,0.07,0.0,0.0059888684,0.59888685,0.59755355,-26.026836,2.157045,0.719015,0.120000005,0.0,0.12832865,0.0,0.0
hardzero_only__c0p58__z1p00__lam0p000__nu0p50__psi0p00,0.07,borrow,32,409,0.0,3,-0.59755355,-0.6,-0.6035291,1.003889,0.0,0.09910852,0.0,0.0,0.07,0.0,0.0059755356,0.59755355,0.6,-26.767115,2.2085998,0.7362,0.216,0.0,0.15251878,0.0,0.0
hardzero_only__c0p58__z1p00__lam0p000__nu0p50__psi0p00,0.07,borrow,32,410,0.0,3,-0.6,-0.6,-0.606,1.0279853,0.0,0.093759365,0.0,0.0,0.07,0.0,0.006,0.6,0.6,-27.436213,2.261613,0.75387096,0.128,0.0,0.15620448,0.0,0.0
hardzero_only__c0p58__z1p00__lam0p000__nu0p50__psi0p00,0.07,borrow,32,411,0.0,3,-0.6,-0.5988255,-0.5988255,0.98930657,0.1024928,0.1024928,1.0,0.007174496,0.07,0.0,0.006,0.6,0.5988255,-27.185448,2.176518,0.725506,0.16800001,0.0,0.1495812,0.0,0.0
hardzero_only__c0p58__z1p00__lam0p000__nu0p50__psi0p00,0.07,borrow,32,412,0.0,3,-0.5988255,-0.59706205,-0.59706205,0.9557018,0.11073837,0.11073837,1.0,0.0077516856,0.07,0.0,0.005988255,0.5988255,0.59706205,-26.535599,2.102586,0.70086205,0.16000001,0.0,0.14504535,0.0,0.0
hardzero_only__c0p58__z1p00__lam0p000__nu0p50__psi0p00,0.07,borrow,32,413,0.0,3,-0.59706205,-0.59576744,-0.59576744,0.98385125,0.10378837,0.10378837,1.0,0.007265186,0.07,0.0,0.0059706206,0.59706205,0.59576744,-27.582567,2.164516,0.72150534,0.14400001,0.0,0.14291637,0.0,0.0
hardzero_only__c0p58__z1p00__lam0p000__nu0p50__psi0p00,0.07,borrow,32,414,0.0,3,-0.59576744,-0.59284514,-0.59284514,0.89668775,0.12685636,0.12685636,1.0,0.008879945,0.07,0.0,0.0059576742,0.59576744,0.59284514,-25.350367,1.9727525,0.6575842,0.18400002,0.0,0.13049322,0.0,0.0
hardzero_only__c0p58__z1p00__lam0p000__nu0p50__psi0p00,0.07,borrow,32,415,0.0,3,-0.59284514,-0.5897475,-0.5897475,0.88959795,0.12894426,0.12894426,1.0,0.009026098,0.07,0.0,0.005928451,0.59284514,0.5897475,-25.838573,1.9571545,0.6523849,0.192,0.0,0.14422901,0.0,0.0
hardzero_only__c0p58__z1p00__lam0p000__nu0p50__psi0p00,0.07,borrow,32,416,0.0,3,-0.5897475,-0.59564495,-0.59564495,1.0149136,0.0,0.09662432,0.0,0.0,0.07,0.0,0.005897475,0.5897475,0.59564495,-26.942661,2.2328544,0.7442848,0.099999994,0.0,0.14558163,0.0,0.0
hardzero_only__c0p58__z1p00__lam0p000__nu0p50__psi0p00,0.07,borrow,32,417,0.0,3,-0.59564495,-0.5931556,-0.5931556,0.91845673,0.120654434,0.120654434,1.0,0.0084458105,0.07,0.0,0.0059564495,0.59564495,0.5931556,-26.02249,2.0206451,0.6735484,0.2,0.0,0.14384548,0.0,0.0
hardzero_only__c0p58__z1p00__lam0p000__nu0p50__psi0p00,0.07,borrow,32,418,0.0,3,-0.5931556,-0.5920646,-0.5920646,0.99860126,0.1003226,0.1003226,1.0,0.007022582,0.07,0.0,0.005931556,0.5931556,0.5920646,-27.450455,2.1969666,0.7323222,0.14400001,0.0,0.14519587,0.0,0.0
hardzero_only__c0p58__z1p00__lam0p000__nu0p50__psi0p00,0.07,borrow,32,419,0.0,3,-0.5920646,-0.5902508,-0.5902508,0.9566684,0.11049221,0.11049221,1.0,0.0077344547,0.07,0.0,0.0059206462,0.5920646,0.5902508,-26.249634,2.1047125,0.70157087,0.17600001,0.0,0.15527959,0.0,0.0
hardzero_only__c0p58__z1p00__lam0p000__nu0p50__psi0p00,0.07,borrow,32,420,0.0,3,-0.5902508,-0.5881636,-0.5881636,0.94256794,0.11413848,0.11413848,1.0,0.007989693,0.07,0.0,0.005902508,0.5902508,0.5881636,-25.980215,2.073691,0.6912303,0.30400002,0.0,0.14535962,0.0,0.0
hardzero_only__c0p58__z1p00__lam0p000__nu0p50__psi0p00,0.07,borrow,32,421,0.0,3,-0.5881636,-0.5866374,-0.5866374,0.9754047,0.105826706,0.105826706,1.0,0.007407869,0.07,0.0,0.005881636,0.5881636,0.5866374,-27.097788,2.1459332,0.71531105,0.192,0.0,0.16532463,0.0,0.0
hardzero_only__c0p58__z1p00__lam0p000__nu0p50__psi0p00,0.07,borrow,32,422,0.0,3,-0.5866374,-0.5849463,-0.5849463,0.96672326,0.10796344,0.10796344,1.0,0.007557441,0.07,0.0,0.0058663734,0.5866374,0.5849463,-26.553902,2.1268337,0.70894456,0.136,0.0,0.15701978,0.0,0.0
hardzero_only__c0p58__z1p00__lam0p000__nu0p50__psi0p00,0.07,borrow,32,423,0.0,3,-0.5849463,-0.5832153,-0.5832153,0.96540236,0.10829231,0.10829231,1.0,0.007580462,0.07,0.0,0.0058494625,0.5849463,0.5832153,-26.316193,2.1239276,0.70797586,0.16800001,0.0,0.1320635,0.0,0.0
hardzero_only__c0p58__z1p00__lam0p000__nu0p50__psi0p00,0.07,borrow,32,424,0.0,3,-0.5832153,-0.58904743,-0.58904743,1.0188755,0.0,0.09574684,0.0,0.0,0.07,0.0,0.005832153,0.5832153,0.58904743,-26.570253,2.2415707,0.74719024,0.14400001,0.0,0.14151579,0.0,0.0
hardzero_only__c0p58__z1p00__lam0p000__nu0p50__psi0p00,0.07,borrow,32,425,0.0,3,-0.58904743,-0.587499,-0.587499,0.9735883,0.10627026,0.10627026,1.0,0.007438918,0.07,0.0,0.005890474,0.58904743,0.587499,-25.97123,2.141937,0.713979,0.16000001,0.0,0.13591167,0.0,0.0
hardzero_only__c0p58__z1p00__lam0p000__nu0p50__psi0p00,0.07,borrow,32,426,0.0,3,-0.587499,-0.58586705,-0.58586705,0.9696341,0.10724224,0.10724224,1.0,0.007506957,0.07,0.0,0.00587499,0.587499,0.58586705,-26.182346,2.1332376,0.71107924,0.23200001,0.0,0.13502534,0.0,0.0
hardzero_only__c0p58__z1p00__lam0p000__nu0p50__psi0p00,0.07,borrow,32,427,0.0,3,-0.58586705,-0.5917257,-0.5917257,1.00137,0.0,0.09968504,0.0,0.0,0.07,0.0,0.0058586705,0.58586705,0.5917257,-26.995033,2.2030578,0.7343526,0.2,0.0,0.14648592,0.0,0.0
hardzero_only__c0p58__z1p00__lam0p000__nu0p50__psi0p00,0.07,borrow,32,428,0.0,3,-0.5917257,-0.5906362,-0.5906362,0.9995789,0.100097016,0.100097016,1.0,0.007006791,0.07,0.0,0.005917257,0.5917257,0.5906362,-27.435598,2.1991174,0.73303914,0.15200001,0.0,0.17170095,0.0,0.0
hardzero_only__c0p58__z1p00__lam0p000__nu0p50__psi0p00,0.07,borrow,32,429,0.0,3,-0.5906362,-0.58891916,-0.58891916,0.9629523,0.108904965,0.108904965,1.0,0.0076233475,0.07,0.0,0.0059063616,0.5906362,0.58891916,-26.168762,2.1185374,0.70617914,0.19999999,0.0,0.13455433,0.0,0.0
hardzero_only__c0p58__z1p00__lam0p000__nu0p50__psi0p00,0.07,borrow,32,430,0.0,3,-0.58891916,-0.59480834,-0.59480834,1.0005524,0.0,0.09987288,0.0,0.0,0.07,0.0,0.0058891913,0.58891916,0.59480834,-27.732363,2.2012594,0.73375314,0.216,0.0,0.1588604,0.0,0.0
hardzero_only__c0p58__z1p00__lam0p000__nu0p50__psi0p00,0.07,borrow,32,431,0.0,3,-0.59480834,-0.6,-0.6007564,1.0302912,0.0,0.09326286,0.0,0.0,0.07,0.0,0.0059480835,0.59480834,0.6,-28.149658,2.266686,0.755562,0.15200001,0.0,0.1644713,0.0,0.0
hardzero_only__c0p58__z1p00__lam0p000__nu0p50__psi0p00,0.07,borrow,32,432,0.0,3,-0.6,-0.59872687,-0.59872687,0.98337656,0.10390189,0.10390189,1.0,0.0072731324,0.07,0.0,0.006,0.6,0.59872687,-26.484053,2.1634717,0.72115725,0.14400001,0.0,0.15111795,0.0,0.0
hardzero_only__c0p58__z1p00__lam0p000__nu0p50__psi0p00,0.07,borrow,32,433,0.0,3,-0.59872687,-0.6,-0.60471416,1.0096694,0.0,0.097798124,0.0,0.0,0.07,0.0,0.0059872684,0.59872687,0.6,-27.130775,2.221317,0.74043906,0.16800001,0.0,0.15760012,0.0,0.0
hardzero_only__c0p58__z1p00__lam0p000__nu0p50__psi0p00,0.07,borrow,32,434,0.0,3,-0.6,-0.6,-0.606,1.0070528,0.0,0.09838915,0.0,0.0,0.07,0.0,0.006,0.6,0.6,-26.806158,2.2155604,0.73852015,0.216,0.0,0.1550037,0.0,0.0
hardzero_only__c0p58__z1p00__lam0p000__nu0p50__psi0p00,0.07,borrow,32,435,0.0,3,-0.6,-0.6,-0.606,1.0158579,0.0,0.096414424,0.0,0.0,0.07,0.0,0.006,0.6,0.6,-27.145594,2.2349322,0.7449774,0.15200001,0.0,0.1383921,0.0,0.0
hardzero_only__c0p58__z1p00__lam0p000__nu0p50__psi0p00,0.07,borrow,32,436,0.0,3,-0.6,-0.5985465,-0.5985465,0.97273695,0.10647876,0.10647876,1.0,0.0074535133,0.07,0.0,0.006,0.6,0.5985465,-26.128393,2.140064,0.7133547,0.18400002,0.0,0.14615883,0.0,0.0
hardzero_only__c0p58__z1p00__lam0p000__nu0p50__psi0p00,0.07,borrow,32,437,0.0,3,-0.5985465,-0.6,-0.60453194,1.0195981,0.0,0.095587656,0.0,0.0,0.07,0.0,0.005985465,0.5985465,0.6,-27.02333,2.2431607,0.74772024,0.136,0.0,0.16146849,0.0,0.0
hardzero_only__c0p58__z1p00__lam0p000__nu0p50__psi0p00,0.07,borrow,32,438,0.0,3,-0.6,-0.6,-0.606,1.0189382,0.0,0.09573303,0.0,0.0,0.07,0.0,0.006,0.6,0.6,-27.899723,2.2417088,0.74723625,0.16000001,0.0,0.14543758,0.0,0.0
hardzero_only__c0p58__z1p00__lam0p000__nu0p50__psi0p00,0.07,borrow,32,439,0.0,3,-0.6,-0.5987253,-0.5987253,0.98328435,0.10392394,0.10392394,1.0,0.0072746756,0.07,0.0,0.006,0.6,0.5987253,-26.712412,2.1632688,0.7210896,0.112,0.0,0.13711354,0.0,0.0
hardzero_only__c0p58__z1p00__lam0p000__nu0p50__psi0p00,0.07,borrow,32,440,0.0,3,-0.5987253,-0.6,-0.60471255,1.0015435,0.0,0.09964521,0.0,0.0,0.07,0.0,0.005987253,0.5987253,0.6,-26.358652,2.2034397,0.7344799,0.18400002,0.0,0.17593384,0.0,0.0
hardzero_only__c0p58__z1p00__lam0p000__nu0p50__psi0p00,0.07,borrow,32,441,0.0,3,-0.6,-0.59852254,-0.59852254,0.9713435,0.10682096,0.10682096,1.0,0.0074774674,0.07,0.0,0.006,0.6,0.59852254,-25.910494,2.1369984,0.71233284,0.136,0.0,0.14173087,0.0,0.0
hardzero_only__c0p58__z1p00__lam0p000__nu0p50__psi0p00,0.07,borrow,32,442,0.0,3,-0.59852254,-0.597096,-0.597096,0.97517765,0.10588205,0.10588205,1.0,0.0074117435,0.07,0.0,0.005985225,0.59852254,0.597096,-26.384666,2.1454337,0.7151446,0.13,0.0,0.1541793,0.0,0.0
hardzero_only__c0p58__z1p00__lam0p000__nu0p50__psi0p00,0.07,borrow,32,443,0.0,3,-0.597096,-0.6,-0.603067,1.0056747,0.0,0.09870184,0.0,0.0,0.07,0.0,0.00597096,0.597096,0.6,-27.555021,2.2125285,0.7375095,0.16800001,0.0,0.16146792,0.0,0.0
hardzero_only__c0p58__z1p00__lam0p000__nu0p50__psi0p00,0.07,borrow,32,444,0.0,3,-0.6,-0.5984244,-0.5984244,0.9656783,0.10822353,0.10822353,1.0,0.007575647,0.07,0.0,0.006,0.6,0.5984244,-26.56675,2.1245346,0.7081782,0.16800001,0.0,0.1385331,0.0,0.0
hardzero_only__c0p58__z1p00__lam0p000__nu0p50__psi0p00,0.07,borrow,32,445,0.0,3,-0.5984244,-0.5968487,-0.5968487,0.9665815,0.10799869,0.10799869,1.0,0.0075599086,0.07,0.0,0.0059842435,0.5984244,0.5968487,-26.127398,2.1265218,0.7088406,0.15200001,0.0,0.14602949,0.0,0.0
hardzero_only__c0p58__z1p00__lam0p000__nu0p50__psi0p00,0.07,borrow,32,446,0.0,3,-0.5968487,-0.59559566,-0.59559566,0.9864676,0.10316499,0.10316499,1.0,0.0072215497,0.07,0.0,0.0059684874,0.5968487,0.59559566,-27.176807,2.170272,0.7234241,0.17600001,0.0,0.14938696,0.0,0.0
hardzero_only__c0p58__z1p00__lam0p000__nu0p50__psi0p00,0.07,borrow,32,447,0.0,3,-0.59559566,-0.5941683,-0.5941683,0.9768497,0.10547519,0.10547519,1.0,0.007383263,0.07,0.0,0.0059559564,0.59559566,0.5941683,-27.056034,2.1491122,0.71637076,0.136,0.0,0.12733673,0.0,0.0
hardzero_only__c0p58__z1p00__lam0p000__nu0p50__psi0p00,0.07,borrow,32,448,0.0,3,-0.5941683,-0.6,-0.60011,1.0046043,0.0,0.098945394,0.0,0.0,0.07,0.0,0.005941683,0.5941683,0.6,-26.841799,2.2101736,0.73672456,0.208,0.0,0.17076182,0.0,0.0
hardzero_only__c0p58__z1p00__lam0p000__nu0p50__psi0p00,0.07,borrow,32,449,0.0,3,-0.6,-0.6,-0.606,1.016851,0.0,0.09619423,0.0,0.0,0.07,0.0,0.006,0.6,0.6,-27.448057,2.2371168,0.7457056,0.16000001,0.0,0.15025282,0.0,0.0
hardzero_only__c0p58__z1p00__lam0p000__nu0p50__psi0p00,0.07,borrow,32,450,0.0,3,-0.6,-0.6,-0.606,1.0015359,0.0,0.09964698,0.0,0.0,0.07,0.0,0.006,0.6,0.6,-27.61851,2.203423,0.73447436,0.17600001,0.008,0.1463244,0.0,0.0
hardzero_only__c0p58__z1p00__lam0p000__nu0p50__psi0p00,0.07,borrow,32,451,0.0,3,-0.6,-0.59837687,-0.59837687,0.9629653,0.108901694,0.108901694,1.0,0.007623119,0.07,0.0,0.006,0.6,0.59837687,-26.120356,2.118566,0.7061887,0.14400001,0.0,0.122956924,0.0,0.0
hardzero_only__c0p58__z1p00__lam0p000__nu0p50__psi0p00,0.07,borrow,32,452,0.0,3,-0.59837687,-0.6,-0.60436064,1.0329574,0.0,0.09269207,0.0,0.0,0.07,0.0,0.0059837685,0.59837687,0.6,-28.033329,2.2725518,0.7575173,0.18400002,0.0,0.14872341,0.0,0.0
hardzero_only__c0p58__z1p00__lam0p000__nu0p50__psi0p00,0.07,borrow,32,453,0.0,3,-0.6,-0.59874094,-0.59874094,0.9842154,0.103701405,0.103701405,1.0,0.0072590983,0.07,0.0,0.006,0.6,0.59874094,-26.893528,2.165317,0.7217724,0.18400002,0.0,0.14128076,0.0,0.0
hardzero_only__c0p58__z1p00__lam0p000__nu0p50__psi0p00,0.07,borrow,32,454,0.0,3,-0.59874094,-0.5976963,-0.5976963,0.998017,0.10045764,0.10045764,1.0,0.007032035,0.07,0.0,0.005987409,0.59874094,0.5976963,-26.685436,2.1956813,0.7318938,0.112,0.0,0.15645452,0.0,0.0
hardzero_only__c0p58__z1p00__lam0p000__nu0p50__psi0p00,0.07,borrow,32,455,0.0,3,-0.5976963,-0.5959698,-0.5959698,0.95841193,0.1100495,0.1100495,1.0,0.007703465,0.07,0.0,0.005976963,0.5976963,0.5959698,-26.897627,2.1085484,0.7028495,0.22,0.0,0.16517012,0.0,0.0
hardzero_only__c0p58__z1p00__lam0p000__nu0p50__psi0p00,0.07,borrow,32,456,0.0,3,-0.5959698,-0.6,-0.6019295,1.0151185,0.0,0.09657874,0.0,0.0,0.07,0.0,0.005959698,0.5959698,0.6,-28.016209,2.2333052,0.7444351,0.17600001,0.0,0.14599495,0.0,0.0
hardzero_only__c0p58__z1p00__lam0p000__nu0p50__psi0p00,0.07,borrow,32,457,0.0,3,-0.6,-0.6,-0.606,1.0402939,0.0,0.09113938,0.0,0.0,0.07,0.0,0.006,0.6,0.6,-27.868097,2.2886925,0.7628975,0.15200001,0.0,0.14914659,0.0,0.0
hardzero_only__c0p58__z1p00__lam0p000__nu0p50__psi0p00,0.07,borrow,32,458,0.0,3,-0.6,-0.6,-0.606,1.0250965,0.0,0.094385095,0.0,0.0,0.07,0.0,0.006,0.6,0.6,-27.532282,2.2552574,0.7517525,0.136,0.0,0.1516792,0.0,0.0
hardzero_only__c0p58__z1p00__lam0p000__nu0p50__psi0p00,0.07,borrow,32,459,0.0,3,-0.6,-0.59887743,-0.59887743,0.9924619,0.10175086,0.10175086,1.0,0.00712256,0.07,0.0,0.006,0.6,0.59887743,-28.021275,2.1834598,0.7278199,0.18400002,0.0,0.1478203,0.0,0.0
hardzero_only__c0p58__z1p00__lam0p000__nu0p50__psi0p00,0.07,borrow,32,460,0.0,3,-0.59887743,-0.5968316,-0.5968316,0.940133,0.114780195,0.114780195,1.0,0.008034614,0.07,0.0,0.0059887744,0.59887743,0.5968316,-26.156027,2.0683339,0.68944466,0.16000001,0.0,0.1644027,0.0,0.0
hardzero_only__c0p58__z1p00__lam0p000__nu0p50__psi0p00,0.07,borrow,32,461,0.0,3,-0.5968316,-0.5945983,-0.5945983,0.9311968,0.11716641,0.11716641,1.0,0.0082016485,0.07,0.0,0.005968316,0.5968316,0.5945983,-25.699184,2.0486739,0.6828913,0.16000001,0.0,0.12643062,0.0,0.0
hardzero_only__c0p58__z1p00__lam0p000__nu0p50__psi0p00,0.07,borrow,32,462,0.0,3,-0.5945983,-0.6,-0.6005443,1.0014616,0.0,0.099664,0.0,0.0,0.07,0.0,0.005945983,0.5945983,0.6,-27.182856,2.2032595,0.7344198,0.15200001,0.0,0.13659512,0.0,0.0
hardzero_only__c0p58__z1p00__lam0p000__nu0p50__psi0p00,0.07,borrow,32,463,0.0,3,-0.6,-0.5987088,-0.5987088,0.98229855,0.10416011,0.10416011,1.0,0.0072912076,0.07,0.0,0.006,0.6,0.5987088,-26.448757,2.1611,0.72036666,0.14400001,0.0,0.15949924,0.0,0.0
hardzero_only__c0p58__z1p00__lam0p000__nu0p50__psi0p00,0.07,borrow,32,464,0.0,3,-0.5987088,-0.5972489,-0.5972489,0.9731171,0.10638561,0.10638561,1.0,0.0074469927,0.07,0.0,0.0059870877,0.5987088,0.5972489,-26.316778,2.1409004,0.7136335,0.136,0.0,0.13679539,0.0,0.0
hardzero_only__c0p58__z1p00__lam0p000__nu0p50__psi0p00,0.07,borrow,32,465,0.0,3,-0.5972489,-0.59608555,-0.59608555,0.99164945,0.10194138,0.10194138,1.0,0.0071358965,0.07,0.0,0.005972489,0.5972489,0.59608555,-27.396288,2.1816723,0.7272241,0.104,0.0,0.1404439,0.0,0.0
hardzero_only__c0p58__z1p00__lam0p000__nu0p50__psi0p00,0.07,borrow,32,466,0.0,3,-0.59608555,-0.5945218,-0.5945218,0.9686138,0.10749449,0.10749449,1.0,0.007524614,0.07,0.0,0.005960855,0.59608555,0.5945218,-25.603525,2.130993,0.71033096,0.23200001,0.0,0.14149371,0.0,0.0
hardzero_only__c0p58__z1p00__lam0p000__nu0p50__psi0p00,0.07,borrow,32,467,0.0,3,-0.5945218,-0.59279263,-0.59279263,0.96005213,0.109634645,0.109634645,1.0,0.0076744254,0.07,0.0,0.0059452183,0.5945218,0.59279263,-26.102575,2.1121569,0.7040523,0.216,0.0,0.13844706,0.0,0.0
hardzero_only__c0p58__z1p00__lam0p000__nu0p50__psi0p00,0.07,borrow,32,468,0.0,3,-0.59279263,-0.59085894,-0.59085894,0.9495873,0.11230852,0.11230852,1.0,0.0078615965,0.07,0.0,0.0059279264,0.59279263,0.59085894,-26.875559,2.0891337,0.69637793,0.17,0.0,0.13701397,0.0,0.0
hardzero_only__c0p58__z1p00__lam0p000__nu0p50__psi0p00,0.07,borrow,32,469,0.0,3,-0.59085894,-0.59676754,-0.59676754,1.0282836,0.0,0.093694985,0.0,0.0,0.07,0.0,0.0059085893,0.59085894,0.59676754,-27.038017,2.262269,0.7540897,0.096,0.0,0.15387836,0.0,0.0
hardzero_only__c0p58__z1p00__lam0p000__nu0p50__psi0p00,0.07,borrow,32,470,0.0,3,-0.59676754,-0.59543866,-0.59543866,0.9819799,0.10423655,0.10423655,1.0,0.0072965585,0.07,0.0,0.0059676752,0.59676754,0.59543866,-26.414248,2.160399,0.720133,0.17600001,0.0,0.130254,0.0,0.0
hardzero_only__c0p58__z1p00__lam0p000__nu0p50__psi0p00,0.07,borrow,32,471,0.0,3,-0.59543866,-0.5939253,-0.5939253,0.97190803,0.10668219,0.10668219,1.0,0.0074677533,0.07,0.0,0.0059543867,0.59543866,0.5939253,-26.820143,2.1382403,0.7127468,0.16800001,0.0,0.14759545,0.0,0.0
hardzero_only__c0p58__z1p00__lam0p000__nu0p50__psi0p00,0.07,borrow,32,472,0.0,3,-0.5939253,-0.59986454,-0.59986454,1.027682,0.0,0.093824886,0.0,0.0,0.07,0.0,0.0059392527,0.5939253,0.59986454,-27.591286,2.2609453,0.75364846,0.136,0.0,0.19675991,0.0,0.0
hardzero_only__c0p58__z1p00__lam0p000__nu0p50__psi0p00,0.07,borrow,32,473,0.0,3,-0.59986454,-0.5987482,-0.5987482,0.9929232,0.10164285,0.10164285,1.0,0.0071149995,0.07,0.0,0.0059986454,0.59986454,0.5987482,-25.527657,2.1844747,0.72815824,0.192,0.0,0.13705246,0.0,0.0
hardzero_only__c0p58__z1p00__lam0p000__nu0p50__psi0p00,0.07,borrow,32,474,0.0,3,-0.5987482,-0.6,-0.6047357,1.0083325,0.0,0.098099664,0.0,0.0,0.07,0.0,0.005987482,0.5987482,0.6,-27.456987,2.2183757,0.73945856,0.136,0.0,0.13853672,0.0,0.0
hardzero_only__c0p58__z1p00__lam0p000__nu0p50__psi0p00,0.07,borrow,32,475,0.0,3,-0.6,-0.5984452,-0.5984452,0.96687347,0.10792612,0.10792612,1.0,0.0075548287,0.07,0.0,0.006,0.6,0.5984452,-26.025877,2.1271641,0.7090547,0.136,0.0,0.13328065,0.0,0.0
hardzero_only__c0p58__z1p00__lam0p000__nu0p50__psi0p00,0.07,borrow,32,476,0.0,3,-0.5984452,-0.6,-0.6044296,1.0153022,0.0,0.09653787,0.0,0.0,0.07,0.0,0.0059844516,0.5984452,0.6,-28.350887,2.2337093,0.7445698,0.136,0.0,0.16362323,0.0,0.0
hardzero_only__c0p58__z1p00__lam0p000__nu0p50__psi0p00,0.07,borrow,32,477,0.0,3,-0.6,-0.6,-0.606,1.0032672,0.0,0.09925054,0.0,0.0,0.07,0.0,0.006,0.6,0.6,-26.958399,2.2072318,0.73574394,0.15200001,0.0,0.15826839,0.0,0.0
hardzero_only__c0p58__z1p00__lam0p000__nu0p50__psi0p00,0.07,borrow,32,478,0.0,3,-0.6,-0.59878653,-0.59878653,0.9869529,0.10304979,0.10304979,1.0,0.0072134854,0.07,0.0,0.006,0.6,0.59878653,-26.598206,2.1713398,0.7237799,0.16800001,0.0,0.15082608,0.0,0.0
hardzero_only__c0p58__z1p00__lam0p000__nu0p50__psi0p00,0.07,borrow,32,479,0.0,3,-0.59878653,-0.6,-0.6047744,1.0350063,0.0,0.09225579,0.0,0.0,0.07,0.0,0.0059878654,0.59878653,0.6,-28.131763,2.2770593,0.7590198,0.16800001,0.0,0.16335605,0.0,0.0
hardzero_only__c0p58__z1p00__lam0p000__nu0p50__psi0p00,0.07,borrow,32,480,0.0,3,-0.6,-0.5985659,-0.5985659,0.97386897,0.1062016,0.1062016,1.0,0.007434112,0.07,0.0,0.006,0.6,0.5985659,-26.64158,2.1425545,0.7141849,0.256,0.0,0.16106537,0.0,0.0
hardzero_only__c0p58__z1p00__lam0p000__nu0p50__psi0p00,0.07,borrow,32,481,0.0,3,-0.5985659,-0.597514,-0.597514,0.997675,0.10053678,0.10053678,1.0,0.0070375744,0.07,0.0,0.0059856586,0.5985659,0.597514,-26.8422,2.194929,0.73164296,0.19,0.0,0.1492714,0.0,0.0
hardzero_only__c0p58__z1p00__lam0p000__nu0p50__psi0p00,0.07,borrow,32,482,0.0,3,-0.597514,-0.5957753,-0.5957753,0.95783085,0.110196844,0.110196844,1.0,0.007713779,0.07,0.0,0.00597514,0.597514,0.5957753,-26.191837,2.10727,0.70242333,0.18400002,0.0,0.16338491,0.0,0.0
hardzero_only__c0p58__z1p00__lam0p000__nu0p50__psi0p00,0.07,borrow,32,483,0.0,3,-0.5957753,-0.59390986,-0.59390986,0.951711,0.111760676,0.111760676,1.0,0.007823247,0.07,0.0,0.005957753,0.5957753,0.59390986,-25.865831,2.093806,0.69793534,0.208,0.0,0.13802093,0.0,0.0
hardzero_only__c0p58__z1p00__lam0p000__nu0p50__psi0p00,0.07,borrow,32,484,0.0,3,-0.59390986,-0.5924603,-0.5924603,0.9765301,0.10555282,0.10555282,1.0,0.0073886975,0.07,0.0,0.0059390985,0.59390986,0.5924603,-26.667286,2.1484091,0.7161364,0.16000001,0.0,0.16403972,0.0,0.0
hardzero_only__c0p58__z1p00__lam0p000__nu0p50__psi0p00,0.07,borrow,32,485,0.0,3,-0.5924603,-0.59838486,-0.59838486,1.0292455,0.0,0.09348772,0.0,0.0,0.07,0.0,0.0059246025,0.5924603,0.59838486,-27.564255,2.2643852,0.7547951,0.15200001,0.0,0.16861545,0.0,0.0
hardzero_only__c0p58__z1p00__lam0p000__nu0p50__psi0p00,0.07,borrow,32,486,0.0,3,-0.59838486,-0.5970113,-0.5970113,0.9783773,0.10510484,0.10510484,1.0,0.007357339,0.07,0.0,0.0059838486,0.59838486,0.5970113,-26.18406,2.152473,0.71749103,0.224,0.008,0.14460292,0.0,0.0
hardzero_only__c0p58__z1p00__lam0p000__nu0p50__psi0p00,0.07,borrow,32,487,0.0,3,-0.5970113,-0.59593326,-0.59593326,0.9970194,0.100688666,0.100688666,1.0,0.007048207,0.07,0.0,0.005970113,0.5970113,0.59593326,-26.955416,2.1934865,0.7311622,0.080000006,0.0,0.12305322,0.0,0.0
hardzero_only__c0p58__z1p00__lam0p000__nu0p50__psi0p00,0.07,borrow,32,488,0.0,3,-0.59593326,-0.59474146,-0.59474146,0.99072516,0.102158576,0.102158576,1.0,0.0071511003,0.07,0.0,0.0059593325,0.59593326,0.59474146,-26.967138,2.1796389,0.7265463,0.136,0.0,0.13765047,0.0,0.0
hardzero_only__c0p58__z1p00__lam0p000__nu0p50__psi0p00,0.07,borrow,32,489,0.0,3,-0.59474146,-0.59346914,-0.59346914,0.98657763,0.10313887,0.10313887,1.0,0.007219721,0.07,0.0,0.0059474143,0.59474146,0.59346914,-25.92602,2.170514,0.7235047,0.16800001,0.0,0.15206075,0.0,0.0
hardzero_only__c0p58__z1p00__lam0p000__nu0p50__psi0p00,0.07,borrow,32,490,0.0,3,-0.59346914,-0.59153366,-0.59153366,0.9491126,0.11243133,0.11243133,1.0,0.007870194,0.07,0.0,0.0059346915,0.59346914,0.59153366,-26.247656,2.0880895,0.69602984,0.264,0.0,0.1559574,0.0,0.0
hardzero_only__c0p58__z1p00__lam0p000__nu0p50__psi0p00,0.07,borrow,32,491,0.0,3,-0.59153366,-0.5894276,-0.5894276,0.94084626,0.11459186,0.11459186,1.0,0.00802143,0.07,0.0,0.0059153363,0.59153366,0.5894276,-26.821194,2.0699031,0.68996775,0.2,0.0,0.14771208,0.0,0.0
hardzero_only__c0p58__z1p00__lam0p000__nu0p50__psi0p00,0.07,borrow,32,492,0.0,3,-0.5894276,-0.5953219,-0.5953219,1.0437995,0.0,0.09040668,0.0,0.0,0.07,0.0,0.005894276,0.5894276,0.5953219,-27.83875,2.2964048,0.7654683,0.16800001,0.0,0.15821981,0.0,0.0
hardzero_only__c0p58__z1p00__lam0p000__nu0p50__psi0p00,0.07,borrow,32,493,0.0,3,-0.5953219,-0.59388614,-0.59388614,0.9765161,0.10555622,0.10555622,1.0,0.0073889354,0.07,0.0,0.005953219,0.5953219,0.59388614,-26.7603,2.1483784,0.71612614,0.14400001,0.0,0.15783761,0.0,0.0
hardzero_only__c0p58__z1p00__lam0p000__nu0p50__psi0p00,0.07,borrow,32,494,0.0,3,-0.59388614,-0.599825,-0.599825,1.0178292,0.0,0.09597779,0.0,0.0,0.07,0.0,0.005938861,0.59388614,0.599825,-27.422812,2.239269,0.746423,0.11,0.0,0.1762485,0.0,0.0
hardzero_only__c0p58__z1p00__lam0p000__nu0p50__psi0p00,0.07,borrow,32,495,0.0,3,-0.599825,-0.6,-0.6058233,1.0102391,0.0,0.09766992,0.0,0.0,0.07,0.0,0.00599825,0.599825,0.6,-27.06564,2.2225704,0.7408568,0.15200001,0.0,0.17050378,0.0,0.0
hardzero_only__c0p58__z1p00__lam0p000__nu0p50__psi0p00,0.07,borrow,32,496,0.0,3,-0.6,-0.59839714,-0.59839714,0.96411955,0.10861266,0.10861266,1.0,0.007602886,0.07,0.0,0.006,0.6,0.59839714,-27.073795,2.1211054,0.7070352,0.16000001,0.0,0.15736364,0.0,0.0
hardzero_only__c0p58__z1p00__lam0p000__nu0p50__psi0p00,0.07,borrow,32,497,0.0,3,-0.59839714,-0.5967487,-0.5967487,0.96243703,0.10903424,0.10903424,1.0,0.0076323966,0.07,0.0,0.005983971,0.59839714,0.5967487,-26.518274,2.1174037,0.70580125,0.18400002,0.0,0.14225923,0.0,0.0
hardzero_only__c0p58__z1p00__lam0p000__nu0p50__psi0p00,0.07,borrow,32,498,0.0,3,-0.5967487,-0.6,-0.6027162,1.0276862,0.0,0.09382395,0.0,0.0,0.07,0.0,0.005967487,0.5967487,0.6,-27.305664,2.2609549,0.7536516,0.17600001,0.0,0.16672687,0.0,0.0
hardzero_only__c0p58__z1p00__lam0p000__nu0p50__psi0p00,0.07,borrow,32,499,0.0,3,-0.6,-0.59840137,-0.59840137,0.9643618,0.108552106,0.108552106,1.0,0.0075986474,0.07,0.0,0.006,0.6,0.59840137,-26.059761,2.1216383,0.7072128,0.17600001,0.0,0.15229121,0.0,0.0
hardzero_only__c0p58__z1p00__lam0p000__nu0p50__psi0p00,0.07,borrow,32,500,0.0,3,-0.59840137,-0.6,-0.6043854,1.0315806,0.0,0.09298639,0.0,0.0,0.07,0.0,0.0059840134,0.59840137,0.6,-27.318201,2.2695227,0.7565076,0.112,0.0,0.17201352,0.0,0.0
hardzero_only__c0p58__z1p00__lam0p000__nu0p50__psi0p00,0.07,borrow,32,501,0.0,3,-0.6,-0.59887207,-0.59887207,0.99213237,0.101828106,0.101828106,1.0,0.0071279677,0.07,0.0,0.006,0.6,0.59887207,-27.033031,2.1827347,0.7275783,0.112,0.0,0.17614573,0.0,0.0
hardzero_only__c0p58__z1p00__lam0p000__nu0p50__psi0p00,0.07,borrow,32,502,0.0,3,-0.59887207,-0.5978568,-0.5978568,0.9997526,0.100057,0.100057,1.0,0.00700399,0.07,0.0,0.0059887203,0.59887207,0.5978568,-27.652912,2.1994996,0.7331666,0.15200001,0.0,0.15742852,0.0,0.0
hardzero_only__c0p58__z1p00__lam0p000__nu0p50__psi0p00,0.07,borrow,32,503,0.0,3,-0.5978568,-0.6,-0.6038354,1.0354568,0.0,0.09216017,0.0,0.0,0.07,0.0,0.005978568,0.5978568,0.6,-28.207806,2.2780504,0.7593502,0.14400001,0.0,0.15239975,0.0,0.0
hardzero_only__c0p58__z1p00__lam0p000__nu0p50__psi0p00,0.07,borrow,32,504,0.0,3,-0.6,-0.59895456,-0.59895456,0.9971904,0.10064902,0.10064902,1.0,0.0070454315,0.07,0.0,0.006,0.6,0.59895456,-27.039762,2.1938627,0.7312876,0.256,0.0,0.15839201,0.0,0.0
hardzero_only__c0p58__z1p00__lam0p000__nu0p50__psi0p00,0.07,borrow,32,505,0.0,3,-0.59895456,-0.59748286,-0.59748286,0.97228557,0.106589496,0.106589496,1.0,0.0074612647,0.07,0.0,0.0059895455,0.59895456,0.59748286,-26.264275,2.139071,0.71302366,0.16800001,0.0,0.15238835,0.0,0.0
hardzero_only__c0p58__z1p00__lam0p000__nu0p50__psi0p00,0.07,borrow,32,506,0.0,3,-0.59748286,-0.595252,-0.595252,0.93098235,0.117224306,0.117224306,1.0,0.008205702,0.07,0.0,0.0059748283,0.59748286,0.595252,-26.070051,2.048202,0.682734,0.208,0.0,0.15573159,0.0,0.0
hardzero_only__c0p58__z1p00__lam0p000__nu0p50__psi0p00,0.07,borrow,32,507,0.0,3,-0.595252,-0.5934462,-0.5934462,0.95533067,0.110833056,0.110833056,1.0,0.007758314,0.07,0.0,0.00595252,0.595252,0.5934462,-26.65628,2.1017694,0.70058984,0.17999999,0.0,0.15248075,0.0,0.0
hardzero_only__c0p58__z1p00__lam0p000__nu0p50__psi0p00,0.07,borrow,32,508,0.0,3,-0.5934462,-0.5921144,-0.5921144,0.9837869,0.10380376,0.10380376,1.0,0.0072662635,0.07,0.0,0.005934462,0.5934462,0.5921144,-26.793064,2.1643744,0.72145814,0.23200001,0.0,0.18028301,0.0,0.0
hardzero_only__c0p58__z1p00__lam0p000__nu0p50__psi0p00,0.07,borrow,32,509,0.0,3,-0.5921144,-0.59083194,-0.59083194,0.9875486,0.102908544,0.102908544,1.0,0.007203598,0.07,0.0,0.0059211436,0.5921144,0.59083194,-27.775251,2.1726503,0.7242168,0.16800001,0.0,0.14632586,0.0,0.0
hardzero_only__c0p58__z1p00__lam0p000__nu0p50__psi0p00,0.07,borrow,32,510,0.0,3,-0.59083194,-0.58893454,-0.58893454,0.95268625,0.11150998,0.11150998,1.0,0.0078056986,0.07,0.0,0.0059083193,0.59083194,0.58893454,-25.573393,2.0959516,0.69865054,0.16800001,0.0,0.14037052,0.0,0.0
hardzero_only__c0p58__z1p00__lam0p000__nu0p50__psi0p00,0.07,borrow,32,511,0.0,3,-0.58893454,-0.5877796,-0.5877796,0.9972592,0.100633085,0.100633085,1.0,0.007044316,0.07,0.0,0.0058893454,0.58893454,0.5877796,-26.99816,2.194014,0.731338,0.216,0.0,0.14258087,0.0,0.0
hardzero_only__c0p58__z1p00__lam0p000__nu0p50__psi0p00,0.07,borrow,32,512,0.0,3,-0.5877796,-0.5936574,-0.5936574,1.0109695,0.0,0.0975058,0.0,0.0,0.07,0.0,0.0058777956,0.5877796,0.5936574,-27.33461,2.2241774,0.7413925,0.136,0.0,0.16848765,0.0,0.0
hardzero_only__c0p58__z1p00__lam0p000__nu0p50__psi0p00,0.07,borrow,32,513,0.0,3,-0.5936574,-0.5916058,-0.5916058,0.94265085,0.11411667,0.11411667,1.0,0.007988167,0.07,0.0,0.0059365737,0.5936574,0.5916058,-26.027666,2.0738733,0.6912911,0.192,0.0,0.13810228,0.0,0.0
hardzero_only__c0p58__z1p00__lam0p000__nu0p50__psi0p00,0.07,borrow,32,514,0.0,3,-0.5916058,-0.59752184,-0.59752184,1.0212725,0.0,0.095219836,0.0,0.0,0.07,0.0,0.0059160576,0.5916058,0.59752184,-27.446478,2.2468445,0.7489482,0.17600001,0.0,0.14049952,0.0,0.0
hardzero_only__c0p58__z1p00__lam0p000__nu0p50__psi0p00,0.07,borrow,32,515,0.0,3,-0.59752184,-0.5961107,-0.5961107,0.9766666,0.10551967,0.10551967,1.0,0.0073863766,0.07,0.0,0.0059752185,0.59752184,0.5961107,-27.050646,2.1487095,0.71623653,0.216,0.0,0.17689669,0.0,0.0
hardzero_only__c0p58__z1p00__lam0p000__nu0p50__psi0p00,0.07,borrow,32,516,0.0,3,-0.5961107,-0.5945836,-0.5945836,0.9707191,0.10697464,0.10697464,1.0,0.0074882247,0.07,0.0,0.005961107,0.5961107,0.5945836,-26.607857,2.1356246,0.7118749,0.16000001,0.0,0.1497754,0.0,0.0
hardzero_only__c0p58__z1p00__lam0p000__nu0p50__psi0p00,0.07,borrow,32,517,0.0,3,-0.5945836,-0.5928077,-0.5928077,0.9573822,0.11031074,0.11031074,1.0,0.007721752,0.07,0.0,0.0059458357,0.5945836,0.5928077,-26.923397,2.106283,0.7020943,0.17600001,0.0,0.1591257,0.0,0.0
hardzero_only__c0p58__z1p00__lam0p000__nu0p50__psi0p00,0.07,borrow,32,518,0.0,3,-0.5928077,-0.5987358,-0.5987358,1.0555282,0.0,0.087997794,0.0,0.0,0.07,0.0,0.005928077,0.5928077,0.5987358,-27.704456,2.3222084,0.7740695,0.136,0.0,0.17159753,0.0,0.0
hardzero_only__c0p58__z1p00__lam0p000__nu0p50__psi0p00,0.07,borrow,32,519,0.0,3,-0.5987358,-0.59711784,-0.59711784,0.96397924,0.10864775,0.10864775,1.0,0.0076053427,0.07,0.0,0.005987358,0.5987358,0.59711784,-26.232431,2.1207967,0.70693225,0.136,0.0,0.15120035,0.0,0.0
hardzero_only__c0p58__z1p00__lam0p000__nu0p50__psi0p00,0.07,borrow,32,520,0.0,3,-0.59711784,-0.6,-0.60308903,1.0010899,0.0,0.09974935,0.0,0.0,0.07,0.0,0.0059711784,0.59711784,0.6,-26.65309,2.202442,0.7341473,0.17999999,0.0,0.1452319,0.0,0.0
hardzero_only__c0p58__z1p00__lam0p000__nu0p50__psi0p00,0.07,borrow,32,521,0.0,3,-0.6,-0.59771705,-0.59771705,0.9269112,0.11832835,0.11832835,1.0,0.008282985,0.07,0.0,0.006,0.6,0.59771705,-25.858072,2.0392454,0.6797485,0.15200001,0.0,0.1338649,0.0,0.0
hardzero_only__c0p58__z1p00__lam0p000__nu0p50__psi0p00,0.07,borrow,32,522,0.0,3,-0.59771705,-0.6,-0.6036942,1.0019971,0.0,0.09954119,0.0,0.0,0.07,0.0,0.0059771705,0.59771705,0.6,-27.223747,2.2044377,0.7348126,0.16000001,0.0,0.15200439,0.0,0.0
hardzero_only__c0p58__z1p00__lam0p000__nu0p50__psi0p00,0.07,borrow,32,523,0.0,3,-0.6,-0.6,-0.606,1.0455083,0.0,0.090051666,0.0,0.0,0.07,0.0,0.006,0.6,0.6,-28.10119,2.300164,0.76672137,0.128,0.0,0.15577576,0.0,0.0
hardzero_only__c0p58__z1p00__lam0p000__nu0p50__psi0p00,0.07,borrow,32,524,0.0,3,-0.6,-0.59864825,-0.59864825,0.9787055,0.10502543,0.10502543,1.0,0.0073517803,0.07,0.0,0.006,0.6,0.59864825,-27.022776,2.1531951,0.7177317,0.272,0.0,0.15147449,0.0,0.0
hardzero_only__c0p58__z1p00__lam0p000__nu0p50__psi0p00,0.07,borrow,32,525,0.0,3,-0.59864825,-0.59719956,-0.59719956,0.9738059,0.10621702,0.10621702,1.0,0.0074351914,0.07,0.0,0.0059864824,0.59864825,0.59719956,-25.52508,2.1424158,0.7141386,0.24800001,0.0,0.15851288,0.0,0.0
hardzero_only__c0p58__z1p00__lam0p000__nu0p50__psi0p00,0.07,borrow,32,526,0.0,3,-0.59719956,-0.6,-0.6031715,1.0094802,0.0,0.097840734,0.0,0.0,0.07,0.0,0.0059719956,0.59719956,0.6,-27.239828,2.2209008,0.7403003,0.15200001,0.0,0.17679574,0.0,0.0
hardzero_only__c0p58__z1p00__lam0p000__nu0p50__psi0p00,0.07,borrow,32,527,0.0,3,-0.6,-0.59756887,-0.59756887,0.9192125,0.12044465,0.12044465,1.0,0.008431125,0.07,0.0,0.006,0.6,0.59756887,-26.081848,2.0223079,0.67410266,0.272,0.008,0.12600482,0.0,0.0
hardzero_only__c0p58__z1p00__lam0p000__nu0p50__psi0p00,0.07,borrow,32,528,0.0,3,-0.59756887,-0.5964944,-0.5964944,0.99690026,0.10071628,0.10071628,1.0,0.0070501394,0.07,0.0,0.0059756883,0.59756887,0.5964944,-27.62199,2.1932244,0.7310748,0.2,0.0,0.15367417,0.0,0.0
hardzero_only__c0p58__z1p00__lam0p000__nu0p50__psi0p00,0.07,borrow,32,529,0.0,3,-0.5964944,-0.59470665,-0.59470665,0.9556479,0.11075212,0.11075212,1.0,0.0077526486,0.07,0.0,0.0059649437,0.5964944,0.59470665,-24.774767,2.1024673,0.7008225,0.16000001,0.0,0.15084094,0.0,0.0
hardzero_only__c0p58__z1p00__lam0p000__nu0p50__psi0p00,0.07,borrow,32,530,0.0,3,-0.59470665,-0.5932948,-0.5932948,0.9782833,0.10512758,0.10512758,1.0,0.0073589305,0.07,0.0,0.0059470665,0.59470665,0.5932948,-27.43614,2.1522663,0.7174221,0.192,0.0,0.17017446,0.0,0.0
hardzero_only__c0p58__z1p00__lam0p000__nu0p50__psi0p00,0.07,borrow,32,531,0.0,3,-0.5932948,-0.5917785,-0.5917785,0.9729892,0.10641693,0.10641693,1.0,0.0074491855,0.07,0.0,0.005932948,0.5932948,0.5917785,-26.376593,2.140619,0.7135397,0.208,0.0,0.17316788,0.0,0.0
hardzero_only__c0p58__z1p00__lam0p000__nu0p50__psi0p00,0.07,borrow,32,532,0.0,3,-0.5917785,-0.5894054,-0.5894054,0.9264955,0.11844167,0.11844167,1.0,0.008290917,0.07,0.0,0.005917785,0.5917785,0.5894054,-25.926369,2.0383308,0.6794436,0.216,0.0,0.1571258,0.0,0.0
hardzero_only__c0p58__z1p00__lam0p000__nu0p50__psi0p00,0.07,borrow,32,533,0.0,3,-0.5894054,-0.5952995,-0.5952995,1.0000594,0.0,0.09998634,0.0,0.0,0.07,0.0,0.005894054,0.5894054,0.5952995,-26.747412,2.2001746,0.7333915,0.22999999,0.0,0.14571556,0.0,0.0
hardzero_only__c0p58__z1p00__lam0p000__nu0p50__psi0p00,0.07,borrow,32,534,0.0,3,-0.5952995,-0.5941383,-0.5941383,0.9929732,0.10163114,0.10163114,1.0,0.00711418,0.07,0.0,0.005952995,0.5952995,0.5941383,-26.951818,2.1845846,0.7281949,0.16800001,0.0,0.14982572,0.0,0.0
hardzero_only__c0p58__z1p00__lam0p000__nu0p50__psi0p00,0.07,borrow,32,535,0.0,3,-0.5941383,-0.6,-0.6000797,1.0112722,0.0,0.09743787,0.0,0.0,0.07,0.0,0.005941383,0.5941383,0.6,-26.637608,2.2248433,0.74161446,0.16000001,0.0,0.14182916,0.0,0.0
hardzero_only__c0p58__z1p00__lam0p000__nu0p50__psi0p00,0.07,borrow,32,536,0.0,3,-0.6,-0.5981793,-0.5981793,0.95185125,0.11172458,0.11172458,1.0,0.007820721,0.07,0.0,0.006,0.6,0.5981793,-26.281105,2.0941145,0.6980382,0.216,0.0,0.14387758,0.0,0.0
hardzero_only__c0p58__z1p00__lam0p000__nu0p50__psi0p00,0.07,borrow,32,537,0.0,3,-0.5981793,-0.5963053,-0.5963053,0.94990957,0.1122252,0.1122252,1.0,0.007855764,0.07,0.0,0.0059817927,0.5981793,0.5963053,-25.904907,2.0898428,0.69661427,0.136,0.0,0.14970058,0.0,0.0
hardzero_only__c0p58__z1p00__lam0p000__nu0p50__psi0p00,0.07,borrow,32,538,0.0,3,-0.5963053,-0.59483576,-0.59483576,0.97395796,0.10617982,0.10617982,1.0,0.0074325874,0.07,0.0,0.005963053,0.5963053,0.59483576,-26.806576,2.1427503,0.7142501,0.23200001,0.0,0.14823136,0.0,0.0
hardzero_only__c0p58__z1p00__lam0p000__nu0p50__psi0p00,0.07,borrow,32,539,0.0,3,-0.59483576,-0.6,-0.6007841,1.0045176,0.0,0.09896519,0.0,0.0,0.07,0.0,0.0059483573,0.59483576,0.6,-26.742136,2.2099829,0.73666096,0.128,0.0,0.13954332,0.0,0.0
hardzero_only__c0p58__z1p00__lam0p000__nu0p50__psi0p00,0.07,borrow,32,540,0.0,3,-0.6,-0.5985142,-0.5985142,0.97086084,0.106939755,0.106939755,1.0,0.0074857827,0.07,0.0,0.006,0.6,0.5985142,-26.430187,2.1359365,0.71197885,0.16000001,0.0,0.1349674,0.0,0.0
hardzero_only__c0p58__z1p00__lam0p000__nu0p50__psi0p00,0.07,borrow,32,541,0.0,3,-0.5985142,-0.59592813,-0.59592813,0.91205674,0.12244561,0.12244561,1.0,0.008571193,0.07,0.0,0.0059851417,0.5985142,0.59592813,-24.584805,2.0065649,0.66885495,0.224,0.008,0.14618902,0.0,0.0
hardzero_only__c0p58__z1p00__lam0p000__nu0p50__psi0p00,0.07,borrow,32,542,0.0,3,-0.59592813,-0.5944444,-0.5944444,0.9733496,0.10632868,0.10632868,1.0,0.0074430075,0.07,0.0,0.005959281,0.59592813,0.5944444,-26.475437,2.1414118,0.71380395,0.2,0.0,0.14727242,0.0,0.0
hardzero_only__c0p58__z1p00__lam0p000__nu0p50__psi0p00,0.07,borrow,32,543,0.0,3,-0.5944444,-0.5933287,-0.5933287,0.9962852,0.10085904,0.10085904,1.0,0.007060133,0.07,0.0,0.005944444,0.5944444,0.5933287,-26.337137,2.1918712,0.7306237,0.18400002,0.0,0.1389727,0.0,0.0
hardzero_only__c0p58__z1p00__lam0p000__nu0p50__psi0p00,0.07,borrow,32,544,0.0,3,-0.5933287,-0.59180784,-0.59180784,0.97269964,0.10648792,0.10648792,1.0,0.0074541545,0.07,0.0,0.005933287,0.5933287,0.59180784,-26.017021,2.139982,0.71332735,0.112,0.0,0.13688943,0.0,0.0
hardzero_only__c0p58__z1p00__lam0p000__nu0p50__psi0p00,0.07,borrow,32,545,0.0,3,-0.59180784,-0.5977259,-0.5977259,1.0313711,0.0,0.09303125,0.0,0.0,0.07,0.0,0.005918078,0.59180784,0.5977259,-27.71792,2.2690618,0.756354,0.15200001,0.0,0.16496214,0.0,0.0
hardzero_only__c0p58__z1p00__lam0p000__nu0p50__psi0p00,0.07,borrow,32,546,0.0,3,-0.5977259,-0.6,-0.6037032,1.0178611,0.0,0.09597075,0.0,0.0,0.07,0.0,0.005977259,0.5977259,0.6,-26.991161,2.239339,0.7464464,0.16,0.0,0.12798683,0.0,0.0
hardzero_only__c0p58__z1p00__lam0p000__nu0p50__psi0p00,0.07,borrow,32,547,0.0,3,-0.6,-0.6,-0.606,1.0086228,0.0,0.09803412,0.0,0.0,0.07,0.0,0.006,0.6,0.6,-27.497555,2.2190144,0.73967147,0.104,0.0,0.1526843,0.0,0.0
hardzero_only__c0p58__z1p00__lam0p000__nu0p50__psi0p00,0.07,borrow,32,548,0.0,3,-0.6,-0.6,-0.606,1.026374,0.0,0.09410788,0.0,0.0,0.07,0.0,0.006,0.6,0.6,-26.83388,2.2580678,0.7526893,0.16800001,0.008,0.17379117,0.0,0.0
hardzero_only__c0p58__z1p00__lam0p000__nu0p50__psi0p00,0.07,borrow,32,549,0.0,3,-0.6,-0.5986497,-0.5986497,0.97879004,0.10500498,0.10500498,1.0,0.007350349,0.07,0.0,0.006,0.6,0.5986497,-26.370932,2.153381,0.7177937,0.14400001,0.008,0.13923758,0.0,0.0
hardzero_only__c0p58__z1p00__lam0p000__nu0p50__psi0p00,0.07,borrow,32,550,0.0,3,-0.5986497,-0.6,-0.6046362,1.0179619,0.0,0.09594849,0.0,0.0,0.07,0.0,0.005986497,0.5986497,0.6,-28.731108,2.2395608,0.7465203,0.14400001,0.0,0.16546871,0.0,0.0
hardzero_only__c0p58__z1p00__lam0p000__nu0p50__psi0p00,0.07,borrow,32,551,0.0,3,-0.6,-0.6,-0.606,1.0283258,0.0,0.093685895,0.0,0.0,0.07,0.0,0.006,0.6,0.6,-28.11346,2.262362,0.7541207,0.112,0.0,0.16364774,0.0,0.0
hardzero_only__c0p58__z1p00__lam0p000__nu0p50__psi0p00,0.07,borrow,32,552,0.0,3,-0.6,-0.6,-0.606,1.0156494,0.0,0.09646074,0.0,0.0,0.07,0.0,0.006,0.6,0.6,-27.235611,2.2344735,0.7448245,0.16000001,0.0,0.18653084,0.0,0.0
hardzero_only__c0p58__z1p00__lam0p000__nu0p50__psi0p00,0.07,borrow,32,553,0.0,3,-0.6,-0.6,-0.606,1.0025561,0.0,0.099413164,0.0,0.0,0.07,0.0,0.006,0.6,0.6,-27.131752,2.2056675,0.7352225,0.128,0.0,0.16043602,0.0,0.0
hardzero_only__c0p58__z1p00__lam0p000__nu0p50__psi0p00,0.07,borrow,32,554,0.0,3,-0.6,-0.59865505,-0.59865505,0.979107,0.10492838,0.10492838,1.0,0.007344987,0.07,0.0,0.006,0.6,0.59865505,-26.604015,2.1540785,0.71802616,0.15200001,0.0,0.14729385,0.0,0.0
hardzero_only__c0p58__z1p00__lam0p000__nu0p50__psi0p00,0.07,borrow,32,555,0.0,3,-0.59865505,-0.59722185,-0.59722185,0.97470903,0.10599637,0.10599637,1.0,0.007419746,0.07,0.0,0.0059865504,0.59865505,0.59722185,-26.45489,2.1444027,0.71480095,0.14400001,0.0,0.1330285,0.0,0.0
hardzero_only__c0p58__z1p00__lam0p000__nu0p50__psi0p00,0.07,borrow,32,556,0.0,3,-0.59722185,-0.5954515,-0.5954515,0.95621365,0.110607944,0.110607944,1.0,0.0077425563,0.07,0.0,0.0059722182,0.59722185,0.5954515,-26.420063,2.103712,0.7012374,0.192,0.0,0.13870358,0.0,0.0
hardzero_only__c0p58__z1p00__lam0p000__nu0p50__psi0p00,0.07,borrow,32,557,0.0,3,-0.5954515,-0.6,-0.601406,1.0548437,0.0,0.088136606,0.0,0.0,0.07,0.0,0.0059545147,0.5954515,0.6,-27.441267,2.3207023,0.77356744,0.112,0.0,0.17285523,0.0,0.0
hardzero_only__c0p58__z1p00__lam0p000__nu0p50__psi0p00,0.07,borrow,32,558,0.0,3,-0.6,-0.5979827,-0.5979827,0.9410713,0.11453248,0.11453248,1.0,0.008017274,0.07,0.0,0.006,0.6,0.5979827,-26.39317,2.070398,0.69013274,0.216,0.0,0.1329804,0.0,0.0
hardzero_only__c0p58__z1p00__lam0p000__nu0p50__psi0p00,0.07,borrow,32,559,0.0,3,-0.5979827,-0.596284,-0.596284,0.95981634,0.10969418,0.10969418,1.0,0.007678593,0.07,0.0,0.005979827,0.5979827,0.596284,-26.27207,2.111638,0.70387936,0.14999999,0.0,0.1281469,0.0,0.0
hardzero_only__c0p58__z1p00__lam0p000__nu0p50__psi0p00,0.07,borrow,32,560,0.0,3,-0.596284,-0.5948335,-0.5948335,0.9750865,0.10590427,0.10590427,1.0,0.0074132993,0.07,0.0,0.00596284,0.596284,0.5948335,-27.1371,2.1452332,0.71507776,0.18400002,0.0,0.15736021,0.0,0.0
hardzero_only__c0p58__z1p00__lam0p000__nu0p50__psi0p00,0.07,borrow,32,561,0.0,3,-0.5948335,-0.59355295,-0.59355295,0.9860299,0.10326902,0.10326902,1.0,0.0072288313,0.07,0.0,0.005948335,0.5948335,0.59355295,-26.722006,2.1693091,0.72310305,0.192,0.0,0.1506154,0.0,0.0
hardzero_only__c0p58__z1p00__lam0p000__nu0p50__psi0p00,0.07,borrow,32,562,0.0,3,-0.59355295,-0.5994885,-0.5994885,1.0270158,0.0,0.093968906,0.0,0.0,0.07,0.0,0.0059355292,0.59355295,0.5994885,-26.98828,2.2594798,0.75315994,0.120000005,0.0,0.15597564,0.0,0.0
hardzero_only__c0p58__z1p00__lam0p000__nu0p50__psi0p00,0.07,borrow,32,563,0.0,3,-0.5994885,-0.6,-0.60548335,1.049003,0.0,0.089329936,0.0,0.0,0.07,0.0,0.0059948848,0.5994885,0.6,-28.064327,2.3078527,0.76928425,0.15200001,0.0,0.20248286,0.0,0.0
hardzero_only__c0p58__z1p00__lam0p000__nu0p50__psi0p00,0.07,borrow,32,564,0.0,3,-0.6,-0.59847057,-0.59847057,0.9683345,0.10756363,0.10756363,1.0,0.0075294543,0.07,0.0,0.006,0.6,0.59847057,-25.943691,2.1303785,0.71012616,0.16800001,0.0,0.17345075,0.0,0.0
hardzero_only__c0p58__z1p00__lam0p000__nu0p50__psi0p00,0.07,borrow,32,565,0.0,3,-0.59847057,-0.59636706,-0.59636706,0.93724513,0.11554597,0.11554597,1.0,0.008088218,0.07,0.0,0.0059847054,0.59847057,0.59636706,-25.422953,2.0619805,0.68732685,0.17600001,0.0,0.13941516,0.0,0.0
hardzero_only__c0p58__z1p00__lam0p000__nu0p50__psi0p00,0.07,borrow,32,566,0.0,3,-0.59636706,-0.6,-0.60233074,1.0151724,0.0,0.09656675,0.0,0.0,0.07,0.0,0.0059636706,0.59636706,0.6,-27.387806,2.2334237,0.7444746,0.072000004,0.0,0.16273695,0.0,0.0
hardzero_only__c0p58__z1p00__lam0p000__nu0p50__psi0p00,0.07,borrow,32,567,0.0,3,-0.6,-0.59850746,-0.59850746,0.9704681,0.107036486,0.107036486,1.0,0.007492554,0.07,0.0,0.006,0.6,0.59850746,-26.429771,2.1350725,0.71169084,0.208,0.008,0.15628457,0.0,0.0
hardzero_only__c0p58__z1p00__lam0p000__nu0p50__psi0p00,0.07,borrow,32,568,0.0,3,-0.59850746,-0.5969624,-0.5969624,0.96829396,0.10757369,0.10757369,1.0,0.0075301584,0.07,0.0,0.0059850747,0.59850746,0.5969624,-26.92301,2.1302893,0.7100965,0.256,0.0,0.15714726,0.0,0.0
hardzero_only__c0p58__z1p00__lam0p000__nu0p50__psi0p00,0.07,borrow,32,569,0.0,3,-0.5969624,-0.6,-0.60293204,1.0046066,0.0,0.09894491,0.0,0.0,0.07,0.0,0.0059696236,0.5969624,0.6,-27.423962,2.2101786,0.7367262,0.15200001,0.0,0.16034769,0.0,0.0
hardzero_only__c0p58__z1p00__lam0p000__nu0p50__psi0p00,0.07,borrow,32,570,0.0,3,-0.6,-0.5989937,-0.5989937,0.9996116,0.10008947,0.10008947,1.0,0.007006263,0.07,0.0,0.006,0.6,0.5989937,-26.779003,2.1991894,0.73306316,0.18400002,0.0,0.15596095,0.0,0.0
hardzero_only__c0p58__z1p00__lam0p000__nu0p50__psi0p00,0.07,borrow,32,571,0.0,3,-0.5989937,-0.6,-0.6049836,1.0130337,0.0,0.09704344,0.0,0.0,0.07,0.0,0.005989937,0.5989937,0.6,-27.895376,2.2287188,0.7429063,0.128,0.0,0.14512467,0.0,0.0
hardzero_only__c0p58__z1p00__lam0p000__nu0p50__psi0p00,0.07,borrow,32,572,0.0,3,-0.6,-0.6,-0.606,1.0673424,0.0,0.08563623,0.0,0.0,0.07,0.0,0.006,0.6,0.6,-28.484545,2.3482,0.7827334,0.13,0.0,0.17020865,0.0,0.0
hardzero_only__c0p58__z1p00__lam0p000__nu0p50__psi0p00,0.07,borrow,32,573,0.0,3,-0.6,-0.598614,-0.598614,0.9766878,0.105514504,0.105514504,1.0,0.0073860153,0.07,0.0,0.006,0.6,0.598614,-27.032278,2.148756,0.716252,0.24000001,0.008,0.16134347,0.0,0.0
hardzero_only__c0p58__z1p00__lam0p000__nu0p50__psi0p00,0.07,borrow,32,574,0.0,3,-0.598614,-0.59659535,-0.59659535,0.9417491,0.114353865,0.114353865,1.0,0.008004771,0.07,0.0,0.0059861396,0.598614,0.59659535,-26.277592,2.0718894,0.69062984,0.256,0.0,0.16065048,0.0,0.0
hardzero_only__c0p58__z1p00__lam0p000__nu0p50__psi0p00,0.07,borrow,32,575,0.0,3,-0.59659535,-0.5950231,-0.5950231,0.96783155,0.107688285,0.107688285,1.0,0.00753818,0.07,0.0,0.005965953,0.59659535,0.5950231,-26.01149,2.129272,0.7097573,0.23200001,0.0,0.15785699,0.0,0.0
hardzero_only__c0p58__z1p00__lam0p000__nu0p50__psi0p00,0.07,borrow,32,576,0.0,3,-0.5950231,-0.5938156,-0.5938156,0.9903254,0.102252655,0.102252655,1.0,0.0071576857,0.07,0.0,0.0059502306,0.5950231,0.5938156,-26.33569,2.1787593,0.72625315,0.136,0.0,0.14748098,0.0,0.0
hardzero_only__c0p58__z1p00__lam0p000__nu0p50__psi0p00,0.07,borrow,32,577,0.0,3,-0.5938156,-0.5997538,-0.5997538,1.0038906,0.0,0.09910814,0.0,0.0,0.07,0.0,0.005938156,0.5938156,0.5997538,-27.494669,2.2086036,0.7362012,0.120000005,0.0,0.1424865,0.0,0.0
hardzero_only__c0p58__z1p00__lam0p000__nu0p50__psi0p00,0.07,borrow,32,578,0.0,3,-0.5997538,-0.5982795,-0.5982795,0.9716686,0.10674101,0.10674101,1.0,0.0074718706,0.07,0.0,0.0059975376,0.5997538,0.5982795,-27.35441,2.1377137,0.71257126,0.216,0.0,0.1394784,0.0,0.0
hardzero_only__c0p58__z1p00__lam0p000__nu0p50__psi0p00,0.07,borrow,32,579,0.0,3,-0.5982795,-0.59694916,-0.59694916,0.98099613,0.104472935,0.104472935,1.0,0.0073131053,0.07,0.0,0.005982795,0.5982795,0.59694916,-26.60331,2.1582346,0.71941155,0.136,0.0,0.15616997,0.0,0.0
hardzero_only__c0p58__z1p00__lam0p000__nu0p50__psi0p00,0.07,borrow,32,580,0.0,3,-0.59694916,-0.5958726,-0.5958726,0.99715173,0.10065799,0.10065799,1.0,0.0070460597,0.07,0.0,0.0059694913,0.59694916,0.5958726,-26.758186,2.1937776,0.7312592,0.128,0.0,0.14448732,0.0,0.0
hardzero_only__c0p58__z1p00__lam0p000__nu0p50__psi0p00,0.07,borrow,32,581,0.0,3,-0.5958726,-0.59409434,-0.59409434,0.956526,0.11052843,0.11052843,1.0,0.00773699,0.07,0.0,0.0059587257,0.5958726,0.59409434,-25.968521,2.1043992,0.70146644,0.224,0.008,0.15008666,0.0,0.0
hardzero_only__c0p58__z1p00__lam0p000__nu0p50__psi0p00,0.07,borrow,32,582,0.0,3,-0.59409434,-0.591587,-0.591587,0.91833156,0.12068921,0.12068921,1.0,0.008448245,0.07,0.0,0.005940943,0.59409434,0.591587,-26.199457,2.0203698,0.6734566,0.2,0.0,0.14708853,0.0,0.0
hardzero_only__c0p58__z1p00__lam0p000__nu0p50__psi0p00,0.07,borrow,32,583,0.0,3,-0.591587,-0.58994067,-0.58994067,0.9664502,0.10803134,0.10803134,1.0,0.007562194,0.07,0.0,0.00591587,0.591587,0.58994067,-26.296818,2.1262329,0.7087443,0.15200001,0.0,0.15330696,0.0,0.0
hardzero_only__c0p58__z1p00__lam0p000__nu0p50__psi0p00,0.07,borrow,32,584,0.0,3,-0.58994067,-0.58798945,-0.58798945,0.9501934,0.112151876,0.112151876,1.0,0.007850631,0.07,0.0,0.0058994065,0.58994067,0.58798945,-26.174322,2.0904672,0.6968224,0.17600001,0.0,0.1458471,0.0,0.0
hardzero_only__c0p58__z1p00__lam0p000__nu0p50__psi0p00,0.07,borrow,32,585,0.0,3,-0.58798945,-0.5865052,-0.5865052,0.9779761,0.10520197,0.10520197,1.0,0.0073641376,0.07,0.0,0.0058798944,0.58798945,0.5865052,-27.093428,2.1515903,0.7171968,0.22999999,0.0,0.12700689,0.0,0.0
hardzero_only__c0p58__z1p00__lam0p000__nu0p50__psi0p00,0.07,borrow,32,586,0.0,3,-0.5865052,-0.5851906,-0.5851906,0.98899657,0.10256599,0.10256599,1.0,0.0071796193,0.07,0.0,0.0058650514,0.5865052,0.5851906,-26.970926,2.1758358,0.7252786,0.15200001,0.0,0.15346779,0.0,0.0
hardzero_only__c0p58__z1p00__lam0p000__nu0p50__psi0p00,0.07,borrow,32,587,0.0,3,-0.5851906,-0.5835256,-0.5835256,0.96905917,0.10738432,0.10738432,1.0,0.0075169024,0.07,0.0,0.005851906,0.5851906,0.5835256,-25.865679,2.1319728,0.7106576,0.128,0.0,0.15672049,0.0,0.0
hardzero_only__c0p58__z1p00__lam0p000__nu0p50__psi0p00,0.07,borrow,32,588,0.0,3,-0.5835256,-0.5814582,-0.5814582,0.9473273,0.11289447,0.11289447,1.0,0.007902613,0.07,0.0,0.005835256,0.5835256,0.5814582,-25.704716,2.0841618,0.6947206,0.136,0.0,0.1300626,0.0,0.0
hardzero_only__c0p58__z1p00__lam0p000__nu0p50__psi0p00,0.07,borrow,32,589,0.0,3,-0.5814582,-0.58727276,-0.58727276,1.009668,0.0,0.09779845,0.0,0.0,0.07,0.0,0.005814582,0.5814582,0.58727276,-26.98462,2.221314,0.740438,0.17600001,0.0,0.16107634,0.0,0.0
hardzero_only__c0p58__z1p00__lam0p000__nu0p50__psi0p00,0.07,borrow,32,590,0.0,3,-0.58727276,-0.585729,-0.585729,0.9749004,0.105949655,0.105949655,1.0,0.007416476,0.07,0.0,0.0058727274,0.58727276,0.585729,-27.074362,2.1448238,0.71494126,0.15200001,0.0,0.16188717,0.0,0.0
hardzero_only__c0p58__z1p00__lam0p000__nu0p50__psi0p00,0.07,borrow,32,591,0.0,3,-0.585729,-0.58406335,-0.58406335,0.9687108,0.107470475,0.107470475,1.0,0.007522933,0.07,0.0,0.00585729,0.585729,0.58406335,-26.312511,2.1312063,0.71040213,0.2,0.0,0.14599295,0.0,0.0
hardzero_only__c0p58__z1p00__lam0p000__nu0p50__psi0p00,0.07,borrow,32,592,0.0,3,-0.58406335,-0.5828163,-0.5828163,0.9945935,0.10125268,0.10125268,1.0,0.007087688,0.07,0.0,0.0058406335,0.58406335,0.5828163,-27.118374,2.1881495,0.7293832,0.15200001,0.0,0.15837166,0.0,0.0
hardzero_only__c0p58__z1p00__lam0p000__nu0p50__psi0p00,0.07,borrow,32,593,0.0,3,-0.5828163,-0.5801821,-0.5801821,0.9176054,0.120891176,0.120891176,1.0,0.0084623825,0.07,0.0,0.005828163,0.5828163,0.5801821,-25.546307,2.0187721,0.67292404,0.18400002,0.0,0.13315207,0.0,0.0
hardzero_only__c0p58__z1p00__lam0p000__nu0p50__psi0p00,0.07,borrow,32,594,0.0,3,-0.5801821,-0.57867336,-0.57867336,0.9811503,0.10443585,0.10443585,1.0,0.0073105097,0.07,0.0,0.0058018207,0.5801821,0.57867336,-27.58359,2.1585739,0.7195246,0.224,0.0,0.15012169,0.0,0.0
hardzero_only__c0p58__z1p00__lam0p000__nu0p50__psi0p00,0.07,borrow,32,595,0.0,3,-0.57867336,-0.5773365,-0.5773365,0.9924002,0.10176532,0.10176532,1.0,0.0071235723,0.07,0.0,0.0057867337,0.57867336,0.5773365,-26.485184,2.183324,0.72777474,0.136,0.0,0.14470568,0.0,0.0
hardzero_only__c0p58__z1p00__lam0p000__nu0p50__psi0p00,0.07,borrow,32,596,0.0,3,-0.5773365,-0.5753825,-0.5753825,0.9570645,0.11039145,0.11039145,1.0,0.007727402,0.07,0.0,0.0057733646,0.5773365,0.5753825,-26.208372,2.105584,0.7018613,0.16000001,0.0,0.15953484,0.0,0.0
hardzero_only__c0p58__z1p00__lam0p000__nu0p50__psi0p00,0.07,borrow,32,597,0.0,3,-0.5753825,-0.57377815,-0.57377815,0.9783309,0.105116054,0.105116054,1.0,0.007358124,0.07,0.0,0.0057538245,0.5753825,0.57377815,-27.285309,2.152371,0.717457,0.14400001,0.0,0.14801198,0.0,0.0
hardzero_only__c0p58__z1p00__lam0p000__nu0p50__psi0p00,0.07,borrow,32,598,0.0,3,-0.57377815,-0.5716845,-0.5716845,0.95125425,0.11187827,0.11187827,1.0,0.0078314785,0.07,0.0,0.0057377815,0.57377815,0.5716845,-27.237577,2.092801,0.69760036,0.19999999,0.0,0.16881561,0.0,0.0
hardzero_only__c0p58__z1p00__lam0p000__nu0p50__psi0p00,0.07,borrow,32,599,0.0,3,-0.5716845,-0.569618,-0.569618,0.9539302,0.111191034,0.111191034,1.0,0.0077833724,0.07,0.0,0.0057168445,0.5716845,0.569618,-25.84964,2.0986884,0.6995628,0.16800001,0.0,0.1575787,0.0,0.0
hardzero_only__c0p58__z1p00__lam0p000__nu0p50__psi0p00,0.07,borrow,32,600,0.0,3,-0.569618,-0.56767166,-0.56767166,0.961862,0.10917872,0.10917872,1.0,0.0076425103,0.07,0.0,0.00569618,0.569618,0.56767166,-25.58556,2.1161387,0.7053796,0.192,0.0,0.14872715,0.0,0.0
hardzero_only__c0p58__z1p00__lam0p000__nu0p50__psi0p00,0.07,borrow,32,601,0.0,3,-0.56767166,-0.5733484,-0.5733484,1.0436004,0.0,0.09044812,0.0,0.0,0.07,0.0,0.0056767166,0.56767166,0.5733484,-28.208464,2.2959669,0.7653223,0.120000005,0.0,0.16511682,0.0,0.0
hardzero_only__c0p58__z1p00__lam0p000__nu0p50__psi0p00,0.07,borrow,32,602,0.0,3,-0.5733484,-0.5790819,-0.5790819,1.0334928,0.0,0.09257787,0.0,0.0,0.07,0.0,0.005733484,0.5733484,0.5790819,-27.656298,2.2737296,0.7579099,0.16000001,0.0,0.15426964,0.0,0.0
hardzero_only__c0p58__z1p00__lam0p000__nu0p50__psi0p00,0.07,borrow,32,603,0.0,3,-0.5790819,-0.5768073,-0.5768073,0.938471,0.115220286,0.115220286,1.0,0.00806542,0.07,0.0,0.005790819,0.5790819,0.5768073,-26.935223,2.0646775,0.68822587,0.192,0.0,0.16621219,0.0,0.0
hardzero_only__c0p58__z1p00__lam0p000__nu0p50__psi0p00,0.07,borrow,32,604,0.0,3,-0.5768073,-0.5753448,-0.5753448,0.98592436,0.103294134,0.103294134,1.0,0.0072305896,0.07,0.0,0.0057680733,0.5768073,0.5753448,-26.853897,2.169077,0.7230257,0.28,0.0,0.15102692,0.0,0.0
hardzero_only__c0p58__z1p00__lam0p000__nu0p50__psi0p00,0.07,borrow,32,605,0.0,3,-0.5753448,-0.57396704,-0.57396704,0.9919338,0.10187465,0.10187465,1.0,0.0071312254,0.07,0.0,0.005753448,0.5753448,0.57396704,-26.970675,2.182298,0.72743267,0.2,0.0,0.14458705,0.0,0.0
hardzero_only__c0p58__z1p00__lam0p000__nu0p50__psi0p00,0.07,borrow,32,606,0.0,3,-0.57396704,-0.5797067,-0.5797067,1.0259441,0.0,0.09420107,0.0,0.0,0.07,0.0,0.0057396702,0.57396704,0.5797067,-27.913467,2.257122,0.75237405,0.128,0.0,0.16212521,0.0,0.0
hardzero_only__c0p58__z1p00__lam0p000__nu0p50__psi0p00,0.07,borrow,32,607,0.0,3,-0.5797067,-0.5855038,-0.5855038,1.0179616,0.0,0.09594853,0.0,0.0,0.07,0.0,0.005797067,0.5797067,0.5855038,-27.173525,2.2395604,0.74652016,0.17600001,0.0,0.16477972,0.0,0.0
hardzero_only__c0p58__z1p00__lam0p000__nu0p50__psi0p00,0.07,borrow,32,608,0.0,3,-0.5855038,-0.5840365,-0.5840365,0.9804481,0.104604855,0.104604855,1.0,0.00732234,0.07,0.0,0.005855038,0.5855038,0.5840365,-26.454256,2.157029,0.71900964,0.24000001,0.0,0.14695127,0.0,0.0
hardzero_only__c0p58__z1p00__lam0p000__nu0p50__psi0p00,0.07,borrow,32,609,0.0,3,-0.5840365,-0.58255845,-0.58255845,0.98067796,0.10454951,0.10454951,1.0,0.007318466,0.07,0.0,0.0058403653,0.5840365,0.58255845,-26.72459,2.1575346,0.7191782,0.17600001,0.0,0.13798714,0.0,0.0
hardzero_only__c0p58__z1p00__lam0p000__nu0p50__psi0p00,0.07,borrow,32,610,0.0,3,-0.58255845,-0.5811616,-0.5811616,0.9864141,0.10317771,0.10317771,1.0,0.0072224396,0.07,0.0,0.0058255843,0.58255845,0.5811616,-27.543139,2.1701543,0.7233848,0.2,0.0,0.12780766,0.0,0.0
hardzero_only__c0p58__z1p00__lam0p000__nu0p50__psi0p00,0.07,borrow,32,611,0.0,3,-0.5811616,-0.57971513,-0.57971513,0.9842755,0.10368704,0.10368704,1.0,0.007258093,0.07,0.0,0.005811616,0.5811616,0.57971513,-26.834368,2.1654494,0.7218165,0.17999999,0.0,0.16795598,0.0,0.0
hardzero_only__c0p58__z1p00__lam0p000__nu0p50__psi0p00,0.07,borrow,32,612,0.0,3,-0.57971513,-0.5855123,-0.5855123,1.0078142,0.0,0.09821682,0.0,0.0,0.07,0.0,0.005797151,0.57971513,0.5855123,-27.737093,2.2172353,0.73907846,0.14400001,0.0,0.13124745,0.0,0.0
hardzero_only__c0p58__z1p00__lam0p000__nu0p50__psi0p00,0.07,borrow,32,613,0.0,3,-0.5855123,-0.5913674,-0.5913674,1.0188538,0.0,0.095751636,0.0,0.0,0.07,0.0,0.0058551226,0.5855123,0.5913674,-27.261223,2.241523,0.7471744,0.14400001,0.0,0.1816223,0.0,0.0
hardzero_only__c0p58__z1p00__lam0p000__nu0p50__psi0p00,0.07,borrow,32,614,0.0,3,-0.5913674,-0.5895859,-0.5895859,0.9588787,0.10993128,0.10993128,1.0,0.0076951897,0.07,0.0,0.005913674,0.5913674,0.5895859,-26.453537,2.1095753,0.70319176,0.15200001,0.0,0.15229246,0.0,0.0
hardzero_only__c0p58__z1p00__lam0p000__nu0p50__psi0p00,0.07,borrow,32,615,0.0,3,-0.5895859,-0.5875768,-0.5875768,0.94719774,0.11292817,0.11292817,1.0,0.007904972,0.07,0.0,0.005895859,0.5895859,0.5875768,-26.704271,2.0838766,0.69462556,0.18400002,0.0,0.13128155,0.0,0.0
hardzero_only__c0p58__z1p00__lam0p000__nu0p50__psi0p00,0.07,borrow,32,616,0.0,3,-0.5875768,-0.5934526,-0.5934526,1.0236195,0.0,0.09470665,0.0,0.0,0.07,0.0,0.005875768,0.5875768,0.5934526,-27.294386,2.252008,0.75066936,0.17600001,0.0,0.16197246,0.0,0.0
hardzero_only__c0p58__z1p00__lam0p000__nu0p50__psi0p00,0.07,borrow,32,617,0.0,3,-0.5934526,-0.5993871,-0.5993871,1.0279788,0.0,0.09376077,0.0,0.0,0.07,0.0,0.0059345257,0.5934526,0.5993871,-27.29336,2.2615983,0.75386614,0.16800001,0.0,0.16334116,0.0,0.0
hardzero_only__c0p58__z1p00__lam0p000__nu0p50__psi0p00,0.07,borrow,32,618,0.0,3,-0.5993871,-0.59813595,-0.59813595,0.98505914,0.10350012,0.10350012,1.0,0.0072450084,0.07,0.0,0.005993871,0.5993871,0.59813595,-26.949545,2.1671734,0.7223911,0.18400002,0.008,0.18248627,0.0,0.0
hardzero_only__c0p58__z1p00__lam0p000__nu0p50__psi0p00,0.07,borrow,32,619,0.0,3,-0.59813595,-0.5967048,-0.5967048,0.9751294,0.10589382,0.10589382,1.0,0.0074125673,0.07,0.0,0.005981359,0.59813595,0.5967048,-26.692642,2.1453276,0.7151092,0.14400001,0.0,0.16091028,0.0,0.0
hardzero_only__c0p58__z1p00__lam0p000__nu0p50__psi0p00,0.07,borrow,32,620,0.0,3,-0.5967048,-0.59558374,-0.59558374,0.99457026,0.10125809,0.10125809,1.0,0.0070880665,0.07,0.0,0.0059670475,0.5967048,0.59558374,-26.272552,2.1880982,0.72936606,0.16000001,0.0,0.15092571,0.0,0.0
hardzero_only__c0p58__z1p00__lam0p000__nu0p50__psi0p00,0.07,borrow,32,621,0.0,3,-0.59558374,-0.6,-0.60153955,1.0057536,0.0,0.098683916,0.0,0.0,0.07,0.0,0.005955837,0.59558374,0.6,-26.815014,2.2127023,0.7375674,0.24000001,0.008,0.12908004,0.0,0.0
hardzero_only__c0p58__z1p00__lam0p000__nu0p50__psi0p00,0.07,borrow,32,622,0.0,3,-0.6,-0.59863687,-0.59863687,0.9780346,0.1051878,0.1051878,1.0,0.007363146,0.07,0.0,0.006,0.6,0.59863687,-26.269978,2.151719,0.71723974,0.128,0.0,0.17188235,0.0,0.0
hardzero_only__c0p58__z1p00__lam0p000__nu0p50__psi0p00,0.07,borrow,32,623,0.0,3,-0.59863687,-0.6,-0.60462326,1.0019333,0.0,0.09955581,0.0,0.0,0.07,0.0,0.0059863687,0.59863687,0.6,-27.220205,2.2042973,0.73476577,0.16000001,0.0,0.15031934,0.0,0.0
hardzero_only__c0p58__z1p00__lam0p000__nu0p50__psi0p00,0.07,borrow,32,624,0.0,3,-0.6,-0.6,-0.606,1.054565,0.0,0.08819319,0.0,0.0,0.07,0.0,0.006,0.6,0.6,-29.00278,2.3200893,0.7733631,0.17999999,0.0,0.16422147,0.0,0.0
hardzero_only__c0p58__z1p00__lam0p000__nu0p50__psi0p00,0.07,borrow,32,625,0.0,3,-0.6,-0.598083,-0.598083,0.9465393,0.11309951,0.11309951,1.0,0.0079169655,0.07,0.0,0.006,0.6,0.598083,-27.30926,2.082428,0.6941427,0.14400001,0.0,0.15705213,0.0,0.0
hardzero_only__c0p58__z1p00__lam0p000__nu0p50__psi0p00,0.07,borrow,32,626,0.0,3,-0.598083,-0.59686774,-0.59686774,0.9879997,0.1028017,0.1028017,1.0,0.007196119,0.07,0.0,0.00598083,0.598083,0.59686774,-26.54735,2.1736426,0.72454756,0.15200001,0.0,0.15467389,0.0,0.0
hardzero_only__c0p58__z1p00__lam0p000__nu0p50__psi0p00,0.07,borrow,32,627,0.0,3,-0.59686774,-0.59558654,-0.59558654,0.98476565,0.103570074,0.103570074,1.0,0.0072499053,0.07,0.0,0.0059686773,0.59686774,0.59558654,-26.380886,2.1665277,0.72217596,0.192,0.0,0.15106232,0.0,0.0
hardzero_only__c0p58__z1p00__lam0p000__nu0p50__psi0p00,0.07,borrow,32,628,0.0,3,-0.59558654,-0.5943746,-0.5943746,0.9897105,0.102397524,0.102397524,1.0,0.007167827,0.07,0.0,0.005955865,0.59558654,0.5943746,-28.129765,2.1774065,0.7258022,0.216,0.0,0.15193921,0.0,0.0
hardzero_only__c0p58__z1p00__lam0p000__nu0p50__psi0p00,0.07,borrow,32,629,0.0,3,-0.5943746,-0.59322816,-0.59322816,0.99443954,0.101288565,0.101288565,1.0,0.0070901997,0.07,0.0,0.005943746,0.5943746,0.59322816,-27.316046,2.1878107,0.7292702,0.264,0.0,0.1591993,0.0,0.0
hardzero_only__c0p58__z1p00__lam0p000__nu0p50__psi0p00,0.07,borrow,32,630,0.0,3,-0.59322816,-0.59066194,-0.59066194,0.91575503,0.12140733,0.12140733,1.0,0.008498513,0.07,0.0,0.0059322813,0.59322816,0.59066194,-25.893826,2.0147014,0.67156714,0.192,0.0,0.13988729,0.0,0.0
hardzero_only__c0p58__z1p00__lam0p000__nu0p50__psi0p00,0.07,borrow,32,631,0.0,3,-0.59066194,-0.5889166,-0.5889166,0.9613228,0.109314375,0.109314375,1.0,0.007652006,0.07,0.0,0.005906619,0.59066194,0.5889166,-27.409256,2.1149523,0.7049841,0.18400002,0.0,0.17165388,0.0,0.0
hardzero_only__c0p58__z1p00__lam0p000__nu0p50__psi0p00,0.07,borrow,32,632,0.0,3,-0.5889166,-0.5877668,-0.5877668,0.9975917,0.100556076,0.100556076,1.0,0.0070389253,0.07,0.0,0.0058891657,0.5889166,0.5877668,-27.123081,2.1947455,0.73158187,0.14400001,0.0,0.13036904,0.0,0.0
hardzero_only__c0p58__z1p00__lam0p000__nu0p50__psi0p00,0.07,borrow,32,633,0.0,3,-0.5877668,-0.5936445,-0.5936445,1.018891,0.0,0.09574345,0.0,0.0,0.07,0.0,0.005877668,0.5877668,0.5936445,-27.347336,2.2416048,0.7472016,0.136,0.0,0.13931601,0.0,0.0
hardzero_only__c0p58__z1p00__lam0p000__nu0p50__psi0p00,0.07,borrow,32,634,0.0,3,-0.5936445,-0.5913946,-0.5913946,0.9320096,0.11694736,0.11694736,1.0,0.008186315,0.07,0.0,0.0059364447,0.5936445,0.5913946,-25.295849,2.050462,0.68348736,0.14400001,0.0,0.12161524,0.0,0.0
hardzero_only__c0p58__z1p00__lam0p000__nu0p50__psi0p00,0.07,borrow,32,635,0.0,3,-0.5913946,-0.5891442,-0.5891442,0.93317306,0.116634466,0.116634466,1.0,0.008164412,0.07,0.0,0.005913946,0.5913946,0.5891442,-26.606895,2.0530217,0.6843406,0.16800001,0.0,0.14320108,0.0,0.0
hardzero_only__c0p58__z1p00__lam0p000__nu0p50__psi0p00,0.07,borrow,32,636,0.0,3,-0.5891442,-0.5870722,-0.5870722,0.943997,0.1137635,0.1137635,1.0,0.007963445,0.07,0.0,0.0058914414,0.5891442,0.5870722,-25.74388,2.076835,0.6922783,0.216,0.0,0.15003066,0.0,0.0
hardzero_only__c0p58__z1p00__lam0p000__nu0p50__psi0p00,0.07,borrow,32,637,0.0,3,-0.5870722,-0.5856519,-0.5856519,0.98231065,0.1041572,0.1041572,1.0,0.007291004,0.07,0.0,0.005870722,0.5870722,0.5856519,-26.850271,2.1611266,0.72037554,0.22,0.0,0.14567928,0.0,0.0
hardzero_only__c0p58__z1p00__lam0p000__nu0p50__psi0p00,0.07,borrow,32,638,0.0,3,-0.5856519,-0.5915084,-0.5915084,1.0019344,0.0,0.099555574,0.0,0.0,0.07,0.0,0.0058565186,0.5856519,0.5915084,-26.806019,2.2042997,0.7347666,0.16800001,0.008,0.15132199,0.0,0.0
hardzero_only__c0p58__z1p00__lam0p000__nu0p50__psi0p00,0.07,borrow,32,639,0.0,3,-0.5915084,-0.5896262,-0.5896262,0.9531546,0.1113898,0.1113898,1.0,0.007797286,0.07,0.0,0.005915084,0.5915084,0.5896262,-25.553532,2.096982,0.69899404,0.2,0.0,0.13026954,0.0,0.0
hardzero_only__c0p58__z1p00__lam0p000__nu0p50__psi0p00,0.07,borrow,32,640,0.0,3,-0.5896262,-0.59552246,-0.59552246,1.0268235,0.0,0.09401052,0.0,0.0,0.07,0.0,0.005896262,0.5896262,0.59552246,-26.644001,2.2590568,0.753019,0.120000005,0.0,0.16838111,0.0,0.0
hardzero_only__c0p58__z1p00__lam0p000__nu0p50__psi0p00,0.07,borrow,32,641,0.0,3,-0.59552246,-0.59426326,-0.59426326,0.98689485,0.10306355,0.10306355,1.0,0.007214449,0.07,0.0,0.0059552244,0.59552246,0.59426326,-27.377426,2.171212,0.72373736,0.15200001,0.0,0.15095185,0.0,0.0
hardzero_only__c0p58__z1p00__lam0p000__nu0p50__psi0p00,0.07,borrow,32,642,0.0,3,-0.59426326,-0.6,-0.6002059,1.00171,0.0,0.09960702,0.0,0.0,0.07,0.0,0.0059426324,0.59426326,0.6,-26.4247,2.2038062,0.7346021,0.136,0.0,0.15600848,0.0,0.0
hardzero_only__c0p58__z1p00__lam0p000__nu0p50__psi0p00,0.07,borrow,32,643,0.0,3,-0.6,-0.6,-0.606,1.0050479,0.0,0.09884441,0.0,0.0,0.07,0.0,0.006,0.6,0.6,-26.80217,2.2111495,0.7370498,0.120000005,0.0,0.1654179,0.0,0.0
hardzero_only__c0p58__z1p00__lam0p000__nu0p50__psi0p00,0.07,borrow,32,644,0.0,3,-0.6,-0.5986607,-0.5986607,0.9794449,0.10484678,0.10484678,1.0,0.007339275,0.07,0.0,0.006,0.6,0.5986607,-26.603502,2.1548219,0.718274,0.192,0.0,0.1344442,0.0,0.0
hardzero_only__c0p58__z1p00__lam0p000__nu0p50__psi0p00,0.07,borrow,32,645,0.0,3,-0.5986607,-0.5974991,-0.5974991,0.9908964,0.10211829,0.10211829,1.0,0.0071482803,0.07,0.0,0.005986607,0.5986607,0.5974991,-26.60228,2.1800156,0.7266719,0.096,0.0,0.1534806,0.0,0.0
hardzero_only__c0p58__z1p00__lam0p000__nu0p50__psi0p00,0.07,borrow,32,646,0.0,3,-0.5974991,-0.59588915,-0.59588915,0.9651455,0.10835636,0.10835636,1.0,0.007584945,0.07,0.0,0.005974991,0.5974991,0.59588915,-27.003332,2.1233625,0.7077875,0.15200001,0.0,0.14562258,0.0,0.0
hardzero_only__c0p58__z1p00__lam0p000__nu0p50__psi0p00,0.07,borrow,32,647,0.0,3,-0.59588915,-0.59445477,-0.59445477,0.9762601,0.10561848,0.10561848,1.0,0.0073932935,0.07,0.0,0.0059588915,0.59588915,0.59445477,-27.206995,2.1478152,0.71593845,0.208,0.0,0.15863287,0.0,0.0
hardzero_only__c0p58__z1p00__lam0p000__nu0p50__psi0p00,0.07,borrow,32,648,0.0,3,-0.59445477,-0.6,-0.6003993,1.0031781,0.0,0.09927089,0.0,0.0,0.07,0.0,0.0059445477,0.59445477,0.6,-26.700148,2.207036,0.7356787,0.120000005,0.0,0.14334068,0.0,0.0
hardzero_only__c0p58__z1p00__lam0p000__nu0p50__psi0p00,0.07,borrow,32,649,0.0,3,-0.6,-0.6,-0.606,1.002323,0.0,0.09946653,0.0,0.0,0.07,0.0,0.006,0.6,0.6,-26.871809,2.2051547,0.7350516,0.14400001,0.0,0.1664088,0.0,0.0
hardzero_only__c0p58__z1p00__lam0p000__nu0p50__psi0p00,0.07,borrow,32,650,0.0,3,-0.6,-0.59833074,-0.59833074,0.96034396,0.10956101,0.10956101,1.0,0.007669271,0.07,0.0,0.006,0.6,0.59833074,-25.628979,2.112799,0.7042663,0.17999999,0.0,0.14897773,0.0,0.0
hardzero_only__c0p58__z1p00__lam0p000__nu0p50__psi0p00,0.07,borrow,32,651,0.0,3,-0.59833074,-0.59579074,-0.59579074,0.9144915,0.121761076,0.121761076,1.0,0.008523275,0.07,0.0,0.005983307,0.59833074,0.59579074,-24.338331,2.0119214,0.67064047,0.24800001,0.0,0.13604791,0.0,0.0
hardzero_only__c0p58__z1p00__lam0p000__nu0p50__psi0p00,0.07,borrow,32,652,0.0,3,-0.59579074,-0.6,-0.60174865,1.0224309,0.0,0.0949662,0.0,0.0,0.07,0.0,0.0059579075,0.59579074,0.6,-26.967777,2.249393,0.7497977,0.15200001,0.0,0.16360448,0.0,0.0
hardzero_only__c0p58__z1p00__lam0p000__nu0p50__psi0p00,0.07,borrow,32,653,0.0,3,-0.6,-0.59809744,-0.59809744,0.94733155,0.11289336,0.11289336,1.0,0.007902535,0.07,0.0,0.006,0.6,0.59809744,-25.580818,2.084171,0.6947237,0.17600001,0.0,0.13665684,0.0,0.0
hardzero_only__c0p58__z1p00__lam0p000__nu0p50__psi0p00,0.07,borrow,32,654,0.0,3,-0.59809744,-0.59692395,-0.59692395,0.9905212,0.102206565,0.102206565,1.0,0.0071544596,0.07,0.0,0.0059809745,0.59809744,0.59692395,-26.705912,2.1791902,0.72639674,0.14400001,0.0,0.16044745,0.0,0.0
hardzero_only__c0p58__z1p00__lam0p000__nu0p50__psi0p00,0.07,borrow,32,655,0.0,3,-0.59692395,-0.5950694,-0.5950694,0.9516821,0.11176811,0.11176811,1.0,0.007823768,0.07,0.0,0.0059692394,0.59692395,0.5950694,-26.293001,2.0937424,0.6979141,0.192,0.0,0.12998539,0.0,0.0
hardzero_only__c0p58__z1p00__lam0p000__nu0p50__psi0p00,0.07,borrow,32,656,0.0,3,-0.5950694,-0.59353375,-0.59353375,0.97082734,0.10694799,0.10694799,1.0,0.007486359,0.07,0.0,0.005950694,0.5950694,0.59353375,-26.89698,2.1358628,0.7119543,0.18400002,0.0,0.15377091,0.0,0.0
hardzero_only__c0p58__z1p00__lam0p000__nu0p50__psi0p00,0.07,borrow,32,657,0.0,3,-0.59353375,-0.59946907,-0.59946907,1.0132921,0.0,0.09698576,0.0,0.0,0.07,0.0,0.0059353374,0.59353375,0.59946907,-28.407934,2.2292871,0.74309576,0.2,0.0,0.1901108,0.0,0.0
hardzero_only__c0p58__z1p00__lam0p000__nu0p50__psi0p00,0.07,borrow,32,658,0.0,3,-0.59946907,-0.6,-0.60546374,1.0015047,0.0,0.09965412,0.0,0.0,0.07,0.0,0.0059946906,0.59946907,0.6,-26.691467,2.2033541,0.7344514,0.15200001,0.0,0.1733374,0.0,0.0
hardzero_only__c0p58__z1p00__lam0p000__nu0p50__psi0p00,0.07,borrow,32,659,0.0,3,-0.6,-0.5981745,-0.5981745,0.95158553,0.11179295,0.11179295,1.0,0.007825507,0.07,0.0,0.006,0.6,0.5981745,-26.676876,2.09353,0.6978433,0.16800001,0.0,0.1331247,0.0,0.0
hardzero_only__c0p58__z1p00__lam0p000__nu0p50__psi0p00,0.07,borrow,32,660,0.0,3,-0.5981745,-0.6,-0.60415626,1.0064895,0.0,0.098516844,0.0,0.0,0.07,0.0,0.005981745,0.5981745,0.6,-26.754955,2.2143211,0.7381071,0.15200001,0.0,0.15398577,0.0,0.0
hardzero_only__c0p58__z1p00__lam0p000__nu0p50__psi0p00,0.07,borrow,32,661,0.0,3,-0.6,-0.5988455,-0.5988455,0.99051803,0.102207296,0.102207296,1.0,0.007154511,0.07,0.0,0.006,0.6,0.5988455,-26.878428,2.1791832,0.7263944,0.15200001,0.0,0.14419696,0.0,0.0
hardzero_only__c0p58__z1p00__lam0p000__nu0p50__psi0p00,0.07,borrow,32,662,0.0,3,-0.5988455,-0.5972942,-0.5972942,0.96774197,0.1077105,0.1077105,1.0,0.007539735,0.07,0.0,0.005988455,0.5988455,0.5972942,-25.887106,2.1290748,0.70969164,0.208,0.0,0.14221568,0.0,0.0
hardzero_only__c0p58__z1p00__lam0p000__nu0p50__psi0p00,0.07,borrow,32,663,0.0,3,-0.5972942,-0.6,-0.60326713,1.0052353,0.0,0.09880176,0.0,0.0,0.07,0.0,0.005972942,0.5972942,0.6,-27.531345,2.211562,0.7371873,0.12,0.0,0.13640206,0.0,0.0
hardzero_only__c0p58__z1p00__lam0p000__nu0p50__psi0p00,0.07,borrow,32,664,0.0,3,-0.6,-0.5986922,-0.5986922,0.9813115,0.10439712,0.10439712,1.0,0.007307798,0.07,0.0,0.006,0.6,0.5986922,-26.420607,2.1589284,0.7196428,0.192,0.0,0.15978168,0.0,0.0
hardzero_only__c0p58__z1p00__lam0p000__nu0p50__psi0p00,0.07,borrow,32,665,0.0,3,-0.5986922,-0.5969544,-0.5969544,0.95721674,0.11035278,0.11035278,1.0,0.0077246944,0.07,0.0,0.0059869215,0.5986922,0.5969544,-24.708134,2.105919,0.70197296,0.15200001,0.0,0.14865032,0.0,0.0
hardzero_only__c0p58__z1p00__lam0p000__nu0p50__psi0p00,0.07,borrow,32,666,0.0,3,-0.5969544,-0.5958415,-0.5958415,0.99491656,0.101177394,0.101177394,1.0,0.0070824176,0.07,0.0,0.005969544,0.5969544,0.5958415,-26.886742,2.1888602,0.7296201,0.16800001,0.0,0.13697577,0.0,0.0
hardzero_only__c0p58__z1p00__lam0p000__nu0p50__psi0p00,0.07,borrow,32,667,0.0,3,-0.5958415,-0.594451,-0.594451,0.9788719,0.1049852,0.1049852,1.0,0.007348964,0.07,0.0,0.005958415,0.5958415,0.594451,-26.341084,2.153561,0.7178537,0.16800001,0.0,0.14751175,0.0,0.0
hardzero_only__c0p58__z1p00__lam0p000__nu0p50__psi0p00,0.07,borrow,32,668,0.0,3,-0.594451,-0.6,-0.6003955,1.0017081,0.0,0.099607445,0.0,0.0,0.07,0.0,0.00594451,0.594451,0.6,-26.000889,2.2038019,0.73460066,0.14400001,0.0,0.1484445,0.0,0.0
hardzero_only__c0p58__z1p00__lam0p000__nu0p50__psi0p00,0.07,borrow,32,669,0.0,3,-0.6,-0.59864646,-0.59864646,0.9786016,0.10505056,0.10505056,1.0,0.007353539,0.07,0.0,0.006,0.6,0.59864646,-26.818861,2.1529665,0.71765554,0.16000001,0.0,0.15259402,0.0,0.0
hardzero_only__c0p58__z1p00__lam0p000__nu0p50__psi0p00,0.07,borrow,32,670,0.0,3,-0.59864646,-0.6,-0.6046329,1.0679919,0.0,0.08550827,0.0,0.0,0.07,0.0,0.0059864647,0.59864646,0.6,-27.837915,2.349629,0.7832097,0.104,0.0,0.16137162,0.0,0.0
hardzero_only__c0p58__z1p00__lam0p000__nu0p50__psi0p00,0.07,borrow,32,671,0.0,3,-0.6,-0.6,-0.606,1.0227941,0.0,0.09488681,0.0,0.0,0.07,0.0,0.006,0.6,0.6,-27.416105,2.250192,0.750064,0.104,0.0,0.17425647,0.0,0.0
hardzero_only__c0p58__z1p00__lam0p000__nu0p50__psi0p00,0.07,borrow,32,672,0.0,3,-0.6,-0.59868526,-0.59868526,0.98089784,0.104496606,0.104496606,1.0,0.0073147626,0.07,0.0,0.006,0.6,0.59868526,-26.65476,2.1580184,0.7193395,0.192,0.0,0.15632243,0.0,0.0
hardzero_only__c0p58__z1p00__lam0p000__nu0p50__psi0p00,0.07,borrow,32,673,0.0,3,-0.59868526,-0.59753895,-0.59753895,0.99181354,0.10190288,0.10190288,1.0,0.0071332017,0.07,0.0,0.0059868526,0.59868526,0.59753895,-26.809484,2.1820333,0.72734445,0.18400002,0.0,0.13437091,0.0,0.0
hardzero_only__c0p58__z1p00__lam0p000__nu0p50__psi0p00,0.07,borrow,32,674,0.0,3,-0.59753895,-0.6,-0.6035143,1.0149206,0.0,0.09662276,0.0,0.0,0.07,0.0,0.0059753894,0.59753895,0.6,-27.839172,2.2328699,0.74429,0.192,0.0,0.17076813,0.0,0.0
hardzero_only__c0p58__z1p00__lam0p000__nu0p50__psi0p00,0.07,borrow,32,675,0.0,3,-0.6,-0.5980588,-0.5980588,0.945213,0.11344543,0.11344543,1.0,0.00794118,0.07,0.0,0.006,0.6,0.5980588,-25.72632,2.0795102,0.6931701,0.2,0.0,0.15008491,0.0,0.0
hardzero_only__c0p58__z1p00__lam0p000__nu0p50__psi0p00,0.07,borrow,32,676,0.0,3,-0.5980588,-0.59645754,-0.59645754,0.96532077,0.10831266,0.10831266,1.0,0.0075818864,0.07,0.0,0.005980588,0.5980588,0.59645754,-26.745157,2.123748,0.707916,0.19,0.0,0.14258756,0.0,0.0
hardzero_only__c0p58__z1p00__lam0p000__nu0p50__psi0p00,0.07,borrow,32,677,0.0,3,-0.59645754,-0.6,-0.6024221,1.0270323,0.0,0.09396534,0.0,0.0,0.07,0.0,0.0059645753,0.59645754,0.6,-27.659014,2.259516,0.75317204,0.16800001,0.0,0.15954784,0.0,0.0
hardzero_only__c0p58__z1p00__lam0p000__nu0p50__psi0p00,0.07,borrow,32,678,0.0,3,-0.6,-0.59891474,-0.59891474,0.99474144,0.101218194,0.101218194,1.0,0.0070852735,0.07,0.0,0.006,0.6,0.59891474,-27.469511,2.188475,0.72949165,0.208,0.0,0.16099212,0.0,0.0
hardzero_only__c0p58__z1p00__lam0p000__nu0p50__psi0p00,0.07,borrow,32,679,0.0,3,-0.59891474,-0.6,-0.6049039,1.0037929,0.0,0.09913045,0.0,0.0,0.07,0.0,0.0059891474,0.59891474,0.6,-27.168903,2.2083886,0.7361295,0.192,0.0,0.18172993,0.0,0.0
hardzero_only__c0p58__z1p00__lam0p000__nu0p50__psi0p00,0.07,borrow,32,680,0.0,3,-0.6,-0.5988187,-0.5988187,0.98889476,0.102590054,0.102590054,1.0,0.007181304,0.07,0.0,0.006,0.6,0.5988187,-26.162893,2.175612,0.725204,0.16000001,0.0,0.13021775,0.0,0.0
hardzero_only__c0p58__z1p00__lam0p000__nu0p50__psi0p00,0.07,borrow,32,681,0.0,3,-0.5988187,-0.59772515,-0.59772515,0.9949593,0.101167426,0.101167426,1.0,0.00708172,0.07,0.0,0.005988187,0.5988187,0.59772515,-26.51198,2.188954,0.7296514,0.17600001,0.0,0.16488326,0.0,0.0
hardzero_only__c0p58__z1p00__lam0p000__nu0p50__psi0p00,0.07,borrow,32,682,0.0,3,-0.59772515,-0.59633356,-0.59633356,0.9776974,0.10526951,0.10526951,1.0,0.0073688654,0.07,0.0,0.0059772516,0.59772515,0.59633356,-26.449224,2.1509771,0.7169924,0.208,0.0,0.1542907,0.0,0.0
hardzero_only__c0p58__z1p00__lam0p000__nu0p50__psi0p00,0.07,borrow,32,683,0.0,3,-0.59633356,-0.5948549,-0.5948549,0.9734087,0.1063142,0.1063142,1.0,0.007441994,0.07,0.0,0.0059633353,0.59633356,0.5948549,-27.338036,2.141542,0.71384734,0.192,0.0,0.17119281,0.0,0.0
hardzero_only__c0p58__z1p00__lam0p000__nu0p50__psi0p00,0.07,borrow,32,684,0.0,3,-0.5948549,-0.6,-0.60080343,1.0550345,0.0,0.088097885,0.0,0.0,0.07,0.0,0.0059485487,0.5948549,0.6,-28.756773,2.3211224,0.7737075,0.15200001,0.008,0.1465238,0.0,0.0
hardzero_only__c0p58__z1p00__lam0p000__nu0p50__psi0p00,0.07,borrow,32,685,0.0,3,-0.6,-0.5984184,-0.5984184,0.9653381,0.108308345,0.108308345,1.0,0.007581584,0.07,0.0,0.006,0.6,0.5984184,-26.39961,2.1237862,0.7079288,0.2,0.0,0.1517165,0.0,0.0
hardzero_only__c0p58__z1p00__lam0p000__nu0p50__psi0p00,0.07,borrow,32,686,0.0,3,-0.5984184,-0.5969607,-0.5969607,0.97341704,0.106312156,0.106312156,1.0,0.007441851,0.07,0.0,0.005984184,0.5984184,0.5969607,-26.605217,2.1415603,0.7138535,0.136,0.0,0.14357807,0.0,0.0
hardzero_only__c0p58__z1p00__lam0p000__nu0p50__psi0p00,0.07,borrow,32,687,0.0,3,-0.5969607,-0.5951639,-0.5951639,0.95487684,0.11094894,0.11094894,1.0,0.007766426,0.07,0.0,0.0059696073,0.5969607,0.5951639,-25.714907,2.100771,0.700257,0.208,0.0,0.15123487,0.0,0.0
hardzero_only__c0p58__z1p00__lam0p000__nu0p50__psi0p00,0.07,borrow,32,688,0.0,3,-0.5951639,-0.59309435,-0.59309435,0.9408583,0.114588656,0.114588656,1.0,0.008021206,0.07,0.0,0.005951639,0.5951639,0.59309435,-26.696966,2.0699296,0.6899766,0.208,0.0,0.13521735,0.0,0.0
hardzero_only__c0p58__z1p00__lam0p000__nu0p50__psi0p00,0.07,borrow,32,689,0.0,3,-0.59309435,-0.59190404,-0.59190404,0.9925425,0.101731986,0.101731986,1.0,0.007121239,0.07,0.0,0.0059309434,0.59309435,0.59190404,-26.532768,2.1836371,0.72787905,0.11,0.0,0.15279363,0.0,0.0
hardzero_only__c0p58__z1p00__lam0p000__nu0p50__psi0p00,0.07,borrow,32,690,0.0,3,-0.59190404,-0.5978231,-0.5978231,1.0022696,0.0,0.099478774,0.0,0.0,0.07,0.0,0.00591904,0.59190404,0.5978231,-26.569185,2.205037,0.7350124,0.128,0.0,0.17376828,0.0,0.0
hardzero_only__c0p58__z1p00__lam0p000__nu0p50__psi0p00,0.07,borrow,32,691,0.0,3,-0.5978231,-0.59620994,-0.59620994,0.96477795,0.10844813,0.10844813,1.0,0.0075913696,0.07,0.0,0.005978231,0.5978231,0.59620994,-26.107565,2.1225538,0.707518,0.24000001,0.0,0.15384664,0.0,0.0
hardzero_only__c0p58__z1p00__lam0p000__nu0p50__psi0p00,0.07,borrow,32,692,0.0,3,-0.59620994,-0.5950663,-0.5950663,0.9934914,0.101509936,0.101509936,1.0,0.0071056955,0.07,0.0,0.0059620994,0.59620994,0.5950663,-26.863342,2.1857247,0.72857493,0.16000001,0.0,0.13798453,0.0,0.0
hardzero_only__c0p58__z1p00__lam0p000__nu0p50__psi0p00,0.07,borrow,32,693,0.0,3,-0.5950663,-0.59398437,-0.59398437,0.9979791,0.10046641,0.10046641,1.0,0.0070326487,0.07,0.0,0.005950663,0.5950663,0.59398437,-26.60249,2.195598,0.731866,0.15200001,0.0,0.14465407,0.0,0.0
hardzero_only__c0p58__z1p00__lam0p000__nu0p50__psi0p00,0.07,borrow,32,694,0.0,3,-0.59398437,-0.5923907,-0.5923907,0.9681008,0.10762153,0.10762153,1.0,0.007533507,0.07,0.0,0.0059398436,0.59398437,0.5923907,-27.322508,2.1298642,0.70995474,0.23200001,0.0,0.16151363,0.0,0.0
hardzero_only__c0p58__z1p00__lam0p000__nu0p50__psi0p00,0.07,borrow,32,695,0.0,3,-0.5923907,-0.59038734,-0.59038734,0.9459738,0.11324686,0.11324686,1.0,0.00792728,0.07,0.0,0.005923907,0.5923907,0.59038734,-27.13357,2.081184,0.69372797,0.2,0.0,0.17832312,0.0,0.0
hardzero_only__c0p58__z1p00__lam0p000__nu0p50__psi0p00,0.07,borrow,32,696,0.0,3,-0.59038734,-0.59629124,-0.59629124,1.0000598,0.0,0.09998622,0.0,0.0,0.07,0.0,0.005903873,0.59038734,0.59629124,-27.856583,2.2001755,0.7333919,0.16000001,0.0,0.1443417,0.0,0.0
hardzero_only__c0p58__z1p00__lam0p000__nu0p50__psi0p00,0.07,borrow,32,697,0.0,3,-0.59629124,-0.6,-0.60225415,1.047209,0.0,0.089699686,0.0,0.0,0.07,0.0,0.0059629125,0.59629124,0.6,-27.44629,2.303906,0.76796865,0.15200001,0.0,0.16661008,0.0,0.0
hardzero_only__c0p58__z1p00__lam0p000__nu0p50__psi0p00,0.07,borrow,32,698,0.0,3,-0.6,-0.6,-0.606,1.0228837,0.0,0.09486727,0.0,0.0,0.07,0.0,0.006,0.6,0.6,-28.210365,2.2503889,0.75012964,0.15200001,0.0,0.17140295,0.0,0.0
hardzero_only__c0p58__z1p00__lam0p000__nu0p50__psi0p00,0.07,borrow,32,699,0.0,3,-0.6,-0.6,-0.606,1.0067046,0.0,0.09846807,0.0,0.0,0.07,0.0,0.006,0.6,0.6,-27.526506,2.2147942,0.73826474,0.16800001,0.0,0.16293637,0.0,0.0
hardzero_only__c0p58__z1p00__lam0p000__nu0p50__psi0p00,0.07,borrow,32,700,0.0,3,-0.6,-0.5976757,-0.5976757,0.9247477,0.118919276,0.118919276,1.0,0.008324349,0.07,0.0,0.006,0.6,0.5976757,-25.596132,2.0344856,0.67816186,0.224,0.0,0.14740466,0.0,0.0
hardzero_only__c0p58__z1p00__lam0p000__nu0p50__psi0p00,0.07,borrow,32,701,0.0,3,-0.5976757,-0.59585774,-0.59585774,0.9533007,0.111352324,0.111352324,1.0,0.007794663,0.07,0.0,0.0059767566,0.5976757,0.59585774,-25.937395,2.0973034,0.69910115,0.16800001,0.0,0.14157008,0.0,0.0
hardzero_only__c0p58__z1p00__lam0p000__nu0p50__psi0p00,0.07,borrow,32,702,0.0,3,-0.59585774,-0.5943867,-0.5943867,0.97413266,0.10613713,0.10613713,1.0,0.007429599,0.07,0.0,0.005958577,0.59585774,0.5943867,-26.229641,2.1431346,0.71437824,0.11,0.0,0.12958562,0.0,0.0
hardzero_only__c0p58__z1p00__lam0p000__nu0p50__psi0p00,0.07,borrow,32,703,0.0,3,-0.5943867,-0.6,-0.6003306,1.0003554,0.0,0.09991821,0.0,0.0,0.07,0.0,0.005943867,0.5943867,0.6,-27.13343,2.2008257,0.7336086,0.104,0.0,0.17547964,0.0,0.0
hardzero_only__c0p58__z1p00__lam0p000__nu0p50__psi0p00,0.07,borrow,32,704,0.0,3,-0.6,-0.6,-0.606,1.0232431,0.0,0.09478877,0.0,0.0,0.07,0.0,0.006,0.6,0.6,-28.244919,2.2511797,0.7503933,0.216,0.0,0.1530466,0.0,0.0
hardzero_only__c0p58__z1p00__lam0p000__nu0p50__psi0p00,0.07,borrow,32,705,0.0,3,-0.6,-0.5987088,-0.5987088,0.98229754,0.10416035,0.10416035,1.0,0.007291225,0.07,0.0,0.006,0.6,0.5987088,-26.590775,2.1610978,0.72036594,0.192,0.008,0.15084478,0.0,0.0
hardzero_only__c0p58__z1p00__lam0p000__nu0p50__psi0p00,0.07,borrow,32,706,0.0,3,-0.5987088,-0.6,-0.6046959,1.0367393,0.0,0.09188839,0.0,0.0,0.07,0.0,0.0059870877,0.5987088,0.6,-28.156004,2.280872,0.76029074,0.16800001,0.0,0.15832451,0.0,0.0
hardzero_only__c0p58__z1p00__lam0p000__nu0p50__psi0p00,0.07,borrow,32,707,0.0,3,-0.6,-0.59893,-0.59893,0.9956767,0.101000436,0.101000436,1.0,0.0070700306,0.07,0.0,0.006,0.6,0.59893,-26.845877,2.1905324,0.7301775,0.14400001,0.0,0.15580903,0.0,0.0
hardzero_only__c0p58__z1p00__lam0p000__nu0p50__psi0p00,0.07,borrow,32,708,0.0,3,-0.59893,-0.6,-0.6049193,1.021941,0.0,0.0950734,0.0,0.0,0.07,0.0,0.0059893,0.59893,0.6,-26.724506,2.248315,0.7494384,0.18400002,0.0,0.163769,0.0,0.0
hardzero_only__c0p58__z1p00__lam0p000__nu0p50__psi0p00,0.07,borrow,32,709,0.0,3,-0.6,-0.5984889,-0.5984889,0.96939546,0.10730119,0.10730119,1.0,0.0075110835,0.07,0.0,0.006,0.6,0.5984889,-26.110506,2.1327126,0.71090424,0.16800001,0.0,0.16104054,0.0,0.0
hardzero_only__c0p58__z1p00__lam0p000__nu0p50__psi0p00,0.07,borrow,32,710,0.0,3,-0.5984889,-0.5964578,-0.5964578,0.9411379,0.114514925,0.114514925,1.0,0.008016045,0.07,0.0,0.0059848893,0.5984889,0.5964578,-26.268003,2.0705447,0.6901816,0.120000005,0.0,0.14217384,0.0,0.0
hardzero_only__c0p58__z1p00__lam0p000__nu0p50__psi0p00,0.07,borrow,32,711,0.0,3,-0.5964578,-0.6,-0.60242236,1.0174958,0.0,0.09605153,0.0,0.0,0.07,0.0,0.0059645777,0.5964578,0.6,-26.870192,2.2385354,0.7461785,0.16000001,0.0,0.14906517,0.0,0.0
hardzero_only__c0p58__z1p00__lam0p000__nu0p50__psi0p00,0.07,borrow,32,712,0.0,3,-0.6,-0.6,-0.606,1.0105584,0.0,0.09759815,0.0,0.0,0.07,0.0,0.006,0.6,0.6,-26.578356,2.2232728,0.74109095,0.080000006,0.0,0.14471401,0.0,0.0
hardzero_only__c0p58__z1p00__lam0p000__nu0p50__psi0p00,0.07,borrow,32,713,0.0,3,-0.6,-0.6,-0.606,1.005753,0.0,0.09868405,0.0,0.0,0.07,0.0,0.006,0.6,0.6,-26.715528,2.2127008,0.73756695,0.208,0.0,0.15581061,0.0,0.0
hardzero_only__c0p58__z1p00__lam0p000__nu0p50__psi0p00,0.07,borrow,32,714,0.0,3,-0.6,-0.6,-0.606,1.0300403,0.0,0.09331678,0.0,0.0,0.07,0.0,0.006,0.6,0.6,-27.33898,2.2661338,0.75537795,0.112,0.0,0.14574705,0.0,0.0
hardzero_only__c0p58__z1p00__lam0p000__nu0p50__psi0p00,0.07,borrow,32,715,0.0,3,-0.6,-0.5984578,-0.5984578,0.9675997,0.1077458,0.1077458,1.0,0.007542206,0.07,0.0,0.006,0.6,0.5984578,-27.477797,2.1287618,0.7095873,0.19999999,0.0,0.15640445,0.0,0.0
hardzero_only__c0p58__z1p00__lam0p000__nu0p50__psi0p00,0.07,borrow,32,716,0.0,3,-0.5984578,-0.5969294,-0.5969294,0.96928316,0.10732893,0.10732893,1.0,0.007513025,0.07,0.0,0.005984578,0.5984578,0.5969294,-26.607306,2.1324656,0.71082187,0.15200001,0.0,0.140833,0.0,0.0
hardzero_only__c0p58__z1p00__lam0p000__nu0p50__psi0p00,0.07,borrow,32,717,0.0,3,-0.5969294,-0.6,-0.60289866,1.0325472,0.0,0.092779644,0.0,0.0,0.07,0.0,0.0059692934,0.5969294,0.6,-28.076416,2.2716494,0.75721645,0.15200001,0.0,0.16297747,0.0,0.0
hardzero_only__c0p58__z1p00__lam0p000__nu0p50__psi0p00,0.07,borrow,32,718,0.0,3,-0.6,-0.5989785,-0.5989785,0.9986691,0.10030693,0.10030693,1.0,0.007021485,0.07,0.0,0.006,0.6,0.5989785,-26.797106,2.197116,0.732372,0.192,0.0,0.16829777,0.0,0.0
hardzero_only__c0p58__z1p00__lam0p000__nu0p50__psi0p00,0.07,borrow,32,719,0.0,3,-0.5989785,-0.6,-0.6049683,1.0220526,0.0,0.09504895,0.0,0.0,0.07,0.0,0.005989785,0.5989785,0.6,-27.713514,2.2485607,0.74952024,0.15200001,0.0,0.19579738,0.0,0.0
hardzero_only__c0p58__z1p00__lam0p000__nu0p50__psi0p00,0.07,borrow,32,720,0.0,3,-0.6,-0.5985219,-0.5985219,0.971306,0.10683018,0.10683018,1.0,0.007478113,0.07,0.0,0.006,0.6,0.5985219,-26.970455,2.136916,0.7123053,0.23200001,0.0,0.14261925,0.0,0.0
hardzero_only__c0p58__z1p00__lam0p000__nu0p50__psi0p00,0.07,borrow,32,721,0.0,3,-0.5985219,-0.6,-0.6045071,1.0102867,0.0,0.09765923,0.0,0.0,0.07,0.0,0.0059852186,0.5985219,0.6,-26.3598,2.222675,0.7408917,0.136,0.0,0.15708107,0.0,0.0
hardzero_only__c0p58__z1p00__lam0p000__nu0p50__psi0p00,0.07,borrow,32,722,0.0,3,-0.6,-0.6,-0.606,1.0406592,0.0,0.091062754,0.0,0.0,0.07,0.0,0.006,0.6,0.6,-27.557833,2.289496,0.76316535,0.104,0.0,0.16267316,0.0,0.0
hardzero_only__c0p58__z1p00__lam0p000__nu0p50__psi0p00,0.07,borrow,32,723,0.0,3,-0.6,-0.59894586,-0.59894586,0.99665517,0.100773156,0.100773156,1.0,0.007054121,0.07,0.0,0.006,0.6,0.59894586,-26.782314,2.1926851,0.73089504,0.16000001,0.0,0.17286225,0.0,0.0
hardzero_only__c0p58__z1p00__lam0p000__nu0p50__psi0p00,0.07,borrow,32,724,0.0,3,-0.59894586,-0.597886,-0.597886,0.9969559,0.10070338,0.10070338,1.0,0.007049237,0.07,0.0,0.0059894584,0.59894586,0.597886,-27.698296,2.1933467,0.7311156,0.18400002,0.0,0.18039666,0.0,0.0
hardzero_only__c0p58__z1p00__lam0p000__nu0p50__psi0p00,0.07,borrow,32,725,0.0,3,-0.597886,-0.5967472,-0.5967472,0.9927584,0.101681426,0.101681426,1.0,0.0071177,0.07,0.0,0.00597886,0.597886,0.5967472,-26.161423,2.184112,0.72803736,0.16800001,0.0,0.12555233,0.0,0.0
hardzero_only__c0p58__z1p00__lam0p000__nu0p50__psi0p00,0.07,borrow,32,726,0.0,3,-0.5967472,-0.59464055,-0.59464055,0.9379992,0.115345545,0.115345545,1.0,0.008074189,0.07,0.0,0.005967472,0.5967472,0.59464055,-26.210823,2.0636394,0.6878798,0.28800002,0.0,0.13786276,0.0,0.0
hardzero_only__c0p58__z1p00__lam0p000__nu0p50__psi0p00,0.07,borrow,32,727,0.0,3,-0.59464055,-0.5930484,-0.5930484,0.9678101,0.1076936,0.1076936,1.0,0.007538552,0.07,0.0,0.005946405,0.59464055,0.5930484,-25.588537,2.1292248,0.7097416,0.14400001,0.0,0.14401902,0.0,0.0
hardzero_only__c0p58__z1p00__lam0p000__nu0p50__psi0p00,0.07,borrow,32,728,0.0,3,-0.5930484,-0.5989789,-0.5989789,1.0007712,0.0,0.09982258,0.0,0.0,0.07,0.0,0.005930484,0.5930484,0.5989789,-27.268202,2.2017405,0.73391354,0.19,0.0,0.1799216,0.0,0.0
hardzero_only__c0p58__z1p00__lam0p000__nu0p50__psi0p00,0.07,borrow,32,729,0.0,3,-0.5989789,-0.6,-0.60496867,1.0298506,0.0,0.09335754,0.0,0.0,0.07,0.0,0.0059897886,0.5989789,0.6,-27.229584,2.2657166,0.7552389,0.112,0.0,0.1510583,0.0,0.0
hardzero_only__c0p58__z1p00__lam0p000__nu0p50__psi0p00,0.07,borrow,32,730,0.0,3,-0.6,-0.59831953,-0.59831953,0.9597092,0.10972126,0.10972126,1.0,0.0076804883,0.07,0.0,0.006,0.6,0.59831953,-26.265545,2.1114025,0.70380086,0.136,0.0,0.13122194,0.0,0.0
hardzero_only__c0p58__z1p00__lam0p000__nu0p50__psi0p00,0.07,borrow,32,731,0.0,3,-0.59831953,-0.6,-0.6043027,1.0268792,0.0,0.09399848,0.0,0.0,0.07,0.0,0.0059831953,0.59831953,0.6,-28.003712,2.2591794,0.7530598,0.18400002,0.0,0.16635829,0.0,0.0
hardzero_only__c0p58__z1p00__lam0p000__nu0p50__psi0p00,0.07,borrow,32,732,0.0,3,-0.6,-0.5982802,-0.5982802,0.9574924,0.110282734,0.110282734,1.0,0.0077197915,0.07,0.0,0.006,0.6,0.5982802,-26.498674,2.1065254,0.70217514,0.264,0.0,0.1447248,0.0,0.0
hardzero_only__c0p58__z1p00__lam0p000__nu0p50__psi0p00,0.07,borrow,32,733,0.0,3,-0.5982802,-0.5971376,-0.5971376,0.9922871,0.101791814,0.101791814,1.0,0.007125427,0.07,0.0,0.005982802,0.5982802,0.5971376,-26.53338,2.1830752,0.72769177,0.216,0.0,0.14008893,0.0,0.0
hardzero_only__c0p58__z1p00__lam0p000__nu0p50__psi0p00,0.07,borrow,32,734,0.0,3,-0.5971376,-0.59483874,-0.59483874,0.9275807,0.11814608,0.11814608,1.0,0.0082702255,0.07,0.0,0.0059713754,0.5971376,0.59483874,-25.37766,2.0407183,0.68023944,0.24000001,0.0,0.1320974,0.0,0.0
hardzero_only__c0p58__z1p00__lam0p000__nu0p50__psi0p00,0.07,borrow,32,735,0.0,3,-0.59483874,-0.6,-0.6007871,1.027757,0.0,0.093808666,0.0,0.0,0.07,0.0,0.005948387,0.59483874,0.6,-27.830427,2.2611108,0.7537036,0.15200001,0.0,0.13848506,0.0,0.0
hardzero_only__c0p58__z1p00__lam0p000__nu0p50__psi0p00,0.07,borrow,32,736,0.0,3,-0.6,-0.5982599,-0.5982599,0.9563526,0.11057256,0.11057256,1.0,0.0077400794,0.07,0.0,0.006,0.6,0.5982599,-26.454786,2.1040177,0.70133924,0.18400002,0.0,0.14568944,0.0,0.0
hardzero_only__c0p58__z1p00__lam0p000__nu0p50__psi0p00,0.07,borrow,32,737,0.0,3,-0.5982599,-0.59680235,-0.59680235,0.9735174,0.10628759,0.10628759,1.0,0.0074401316,0.07,0.0,0.005982599,0.5982599,0.59680235,-27.20082,2.141781,0.71392703,0.16800001,0.0,0.15368734,0.0,0.0
hardzero_only__c0p58__z1p00__lam0p000__nu0p50__psi0p00,0.07,borrow,32,738,0.0,3,-0.59680235,-0.6,-0.6027704,1.011733,0.0,0.09733453,0.0,0.0,0.07,0.0,0.0059680236,0.59680235,0.6,-27.482706,2.2258573,0.7419524,0.192,0.0,0.1620267,0.0,0.0
hardzero_only__c0p58__z1p00__lam0p000__nu0p50__psi0p00,0.07,borrow,32,739,0.0,3,-0.6,-0.6,-0.606,1.0180026,0.0,0.09593947,0.0,0.0,0.07,0.0,0.006,0.6,0.6,-27.37307,2.2396505,0.7465502,0.096,0.0,0.1733028,0.0,0.0
hardzero_only__c0p58__z1p00__lam0p000__nu0p50__psi0p00,0.07,borrow,32,740,0.0,3,-0.6,-0.59770584,-0.59770584,0.92632675,0.118487686,0.118487686,1.0,0.008294138,0.07,0.0,0.006,0.6,0.59770584,-25.086422,2.0379596,0.67931986,0.23200001,0.0,0.13649999,0.0,0.0
hardzero_only__c0p58__z1p00__lam0p000__nu0p50__psi0p00,0.07,borrow,32,741,0.0,3,-0.59770584,-0.596544,-0.596544,0.99146956,0.10198363,0.10198363,1.0,0.007138854,0.07,0.0,0.0059770583,0.59770584,0.596544,-27.099766,2.1812766,0.7270922,0.11,0.0,0.12463134,0.0,0.0
hardzero_only__c0p58__z1p00__lam0p000__nu0p50__psi0p00,0.07,borrow,32,742,0.0,3,-0.596544,-0.5952653,-0.5952653,0.98511183,0.10348756,0.10348756,1.0,0.007244129,0.07,0.0,0.00596544,0.596544,0.5952653,-26.39704,2.1672893,0.72242975,0.128,0.0,0.14437006,0.0,0.0
hardzero_only__c0p58__z1p00__lam0p000__nu0p50__psi0p00,0.07,borrow,32,743,0.0,3,-0.5952653,-0.5936597,-0.5936597,0.96667546,0.107975334,0.107975334,1.0,0.0075582736,0.07,0.0,0.005952653,0.5952653,0.5936597,-25.819212,2.1267285,0.7089095,0.192,0.0,0.12724309,0.0,0.0
hardzero_only__c0p58__z1p00__lam0p000__nu0p50__psi0p00,0.07,borrow,32,744,0.0,3,-0.5936597,-0.59240645,-0.59240645,0.9883785,0.10271206,0.10271206,1.0,0.0071898443,0.07,0.0,0.005936597,0.5936597,0.59240645,-27.073261,2.1744761,0.7248254,0.216,0.0,0.17847472,0.0,0.0
hardzero_only__c0p58__z1p00__lam0p000__nu0p50__psi0p00,0.07,borrow,32,745,0.0,3,-0.59240645,-0.5983305,-0.5983305,1.0139474,0.0,0.096839525,0.0,0.0,0.07,0.0,0.005924064,0.59240645,0.5983305,-27.007689,2.2307289,0.7435763,0.208,0.0,0.15350242,0.0,0.0
hardzero_only__c0p58__z1p00__lam0p000__nu0p50__psi0p00,0.07,borrow,32,746,0.0,3,-0.5983305,-0.5965453,-0.5965453,0.95476174,0.110978335,0.110978335,1.0,0.0077684834,0.07,0.0,0.0059833047,0.5983305,0.5965453,-26.565939,2.1005177,0.7001726,0.16000001,0.0,0.13528691,0.0,0.0
hardzero_only__c0p58__z1p00__lam0p000__nu0p50__psi0p00,0.07,borrow,32,747,0.0,3,-0.5965453,-0.5952975,-0.5952975,0.9869697,0.10304579,0.10304579,1.0,0.0072132056,0.07,0.0,0.0059654526,0.5965453,0.5952975,-27.74766,2.1713767,0.72379225,0.15200001,0.0,0.15652265,0.0,0.0
hardzero_only__c0p58__z1p00__lam0p000__nu0p50__psi0p00,0.07,borrow,32,748,0.0,3,-0.5952975,-0.5941536,-0.5941536,0.99403197,0.101383686,0.101383686,1.0,0.007096858,0.07,0.0,0.0059529752,0.5952975,0.5941536,-26.782694,2.186914,0.72897136,0.15200001,0.0,0.15609159,0.0,0.0
hardzero_only__c0p58__z1p00__lam0p000__nu0p50__psi0p00,0.07,borrow,32,749,0.0,3,-0.5941536,-0.5928704,-0.5928704,0.9862809,0.10320935,0.10320935,1.0,0.0072246543,0.07,0.0,0.005941536,0.5941536,0.5928704,-26.253275,2.1698613,0.7232871,0.14400001,0.0,0.14636058,0.0,0.0
hardzero_only__c0p58__z1p00__lam0p000__nu0p50__psi0p00,0.07,borrow,32,750,0.0,3,-0.5928704,-0.5909937,-0.5909937,0.95270085,0.11150623,0.11150623,1.0,0.0078054364,0.07,0.0,0.005928704,0.5928704,0.5909937,-26.193672,2.0959837,0.69866127,0.208,0.0,0.12752452,0.0,0.0
hardzero_only__c0p58__z1p00__lam0p000__nu0p50__psi0p00,0.07,borrow,32,751,0.0,3,-0.5909937,-0.5895363,-0.5895363,0.9777876,0.105247624,0.105247624,1.0,0.007367334,0.07,0.0,0.005909937,0.5909937,0.5895363,-26.913906,2.1511757,0.7170586,0.208,0.0,0.14851534,0.0,0.0
hardzero_only__c0p58__z1p00__lam0p000__nu0p50__psi0p00,0.07,borrow,32,752,0.0,3,-0.5895363,-0.5954317,-0.5954317,1.0122393,0.0,0.097221136,0.0,0.0,0.07,0.0,0.005895363,0.5895363,0.5954317,-27.115395,2.226971,0.74232364,0.17600001,0.0,0.17101881,0.0,0.0
hardzero_only__c0p58__z1p00__lam0p000__nu0p50__psi0p00,0.07,borrow,32,753,0.0,3,-0.5954317,-0.5939282,-0.5939282,0.97248846,0.106539704,0.106539704,1.0,0.0074577793,0.07,0.0,0.005954317,0.5954317,0.5939282,-27.008423,2.1395173,0.71317244,0.2,0.008,0.16491054,0.0,0.0
hardzero_only__c0p58__z1p00__lam0p000__nu0p50__psi0p00,0.07,borrow,32,754,0.0,3,-0.5939282,-0.5998675,-0.5998675,1.0021447,0.0,0.09950738,0.0,0.0,0.07,0.0,0.005939282,0.5939282,0.5998675,-26.063913,2.2047622,0.73492074,0.13,0.0,0.13227087,0.0,0.0
hardzero_only__c0p58__z1p00__lam0p000__nu0p50__psi0p00,0.07,borrow,32,755,0.0,3,-0.5998675,-0.5987858,-0.5987858,0.99504185,0.10114821,0.10114821,1.0,0.0070803748,0.07,0.0,0.0059986752,0.5998675,0.5987858,-26.281466,2.1891358,0.72971195,0.16000001,0.0,0.15892933,0.0,0.0
hardzero_only__c0p58__z1p00__lam0p000__nu0p50__psi0p00,0.07,borrow,32,756,0.0,3,-0.5987858,-0.59766823,-0.59766823,0.99350667,0.101506375,0.101506375,1.0,0.0071054464,0.07,0.0,0.005987858,0.5987858,0.59766823,-26.407331,2.1857584,0.72858614,0.216,0.0,0.1650433,0.0,0.0
hardzero_only__c0p58__z1p00__lam0p000__nu0p50__psi0p00,0.07,borrow,32,757,0.0,3,-0.59766823,-0.59593046,-0.59593046,0.95779455,0.110206045,0.110206045,1.0,0.0077144234,0.07,0.0,0.005976682,0.59766823,0.59593046,-26.394611,2.1071901,0.70239675,0.192,0.0,0.15868506,0.0,0.0
hardzero_only__c0p58__z1p00__lam0p000__nu0p50__psi0p00,0.07,borrow,32,758,0.0,3,-0.59593046,-0.5945005,-0.5945005,0.976494,0.10556161,0.10556161,1.0,0.0073893126,0.07,0.0,0.0059593045,0.59593046,0.5945005,-27.329191,2.1483297,0.71610993,0.128,0.0,0.15695249,0.0,0.0
hardzero_only__c0p58__z1p00__lam0p000__nu0p50__psi0p00,0.07,borrow,32,759,0.0,3,-0.5945005,-0.59250474,-0.59250474,0.9452356,0.11343951,0.11343951,1.0,0.0079407655,0.07,0.0,0.0059450045,0.5945005,0.59250474,-25.819698,2.0795598,0.69318664,0.120000005,0.0,0.13645783,0.0,0.0
hardzero_only__c0p58__z1p00__lam0p000__nu0p50__psi0p00,0.07,borrow,32,760,0.0,3,-0.59250474,-0.5984298,-0.5984298,1.0374204,0.0,0.091744415,0.0,0.0,0.07,0.0,0.005925047,0.59250474,0.5984298,-27.443815,2.2823703,0.7607901,0.16000001,0.0,0.1390974,0.0,0.0
hardzero_only__c0p58__z1p00__lam0p000__nu0p50__psi0p00,0.07,borrow,32,761,0.0,3,-0.5984298,-0.5972189,-0.5972189,0.9880535,0.102788955,0.102788955,1.0,0.007195227,0.07,0.0,0.005984298,0.5984298,0.5972189,-26.515335,2.1737611,0.7245871,0.18400002,0.008,0.16239229,0.0,0.0
hardzero_only__c0p58__z1p00__lam0p000__nu0p50__psi0p00,0.07,borrow,32,762,0.0,3,-0.5972189,-0.59567064,-0.59567064,0.9688537,0.10743513,0.10743513,1.0,0.007520459,0.07,0.0,0.0059721884,0.5972189,0.59567064,-26.87268,2.1315207,0.7105069,0.14400001,0.0,0.12545316,0.0,0.0
hardzero_only__c0p58__z1p00__lam0p000__nu0p50__psi0p00,0.07,borrow,32,763,0.0,3,-0.59567064,-0.6,-0.60162735,1.0586675,0.0,0.08736398,0.0,0.0,0.07,0.0,0.005956706,0.59567064,0.6,-28.072407,2.3291152,0.7763717,0.18400002,0.0,0.15613978,0.0,0.0
hardzero_only__c0p58__z1p00__lam0p000__nu0p50__psi0p00,0.07,borrow,32,764,0.0,3,-0.6,-0.5978568,-0.5978568,0.9343041,0.116331115,0.116331115,1.0,0.008143178,0.07,0.0,0.006,0.6,0.5978568,-25.325516,2.05551,0.68517005,0.18400002,0.0,0.14026465,0.0,0.0
hardzero_only__c0p58__z1p00__lam0p000__nu0p50__psi0p00,0.07,borrow,32,765,0.0,3,-0.5978568,-0.6,-0.6038354,1.0271999,0.0,0.0939291,0.0,0.0,0.07,0.0,0.005978568,0.5978568,0.6,-27.317825,2.2598848,0.75329494,0.15200001,0.0,0.15856342,0.0,0.0
hardzero_only__c0p58__z1p00__lam0p000__nu0p50__psi0p00,0.07,borrow,32,766,0.0,3,-0.6,-0.59836924,-0.59836924,0.9625295,0.109011054,0.109011054,1.0,0.007630774,0.07,0.0,0.006,0.6,0.59836924,-26.726435,2.117607,0.7058691,0.16800001,0.0,0.14965315,0.0,0.0
hardzero_only__c0p58__z1p00__lam0p000__nu0p50__psi0p00,0.07,borrow,32,767,0.0,3,-0.59836924,-0.59630144,-0.59630144,0.9392202,0.115021706,0.115021706,1.0,0.008051519,0.07,0.0,0.005983692,0.59836924,0.59630144,-25.319254,2.0663257,0.68877524,0.19,0.0,0.12600662,0.0,0.0
hardzero_only__c0p58__z1p00__lam0p000__nu0p50__psi0p00,0.07,borrow,32,768,0.0,3,-0.59630144,-0.59520173,-0.59520173,0.9961259,0.10089603,0.10089603,1.0,0.007062722,0.07,0.0,0.0059630144,0.59630144,0.59520173,-27.458961,2.1915207,0.7305069,0.16000001,0.0,0.16362189,0.0,0.0
hardzero_only__c0p58__z1p00__lam0p000__nu0p50__psi0p00,0.07,borrow,32,769,0.0,3,-0.59520173,-0.5936999,-0.5936999,0.9727184,0.106483296,0.106483296,1.0,0.007453831,0.07,0.0,0.0059520174,0.59520173,0.5936999,-26.330748,2.1400232,0.7133411,0.256,0.0,0.15429093,0.0,0.0
hardzero_only__c0p58__z1p00__lam0p000__nu0p50__psi0p00,0.07,borrow,32,770,0.0,3,-0.5936999,-0.5924913,-0.5924913,0.9910628,0.102079175,0.102079175,1.0,0.007145542,0.07,0.0,0.0059369984,0.5936999,0.5924913,-26.904764,2.1803818,0.72679394,0.2,0.0,0.15405747,0.0,0.0
hardzero_only__c0p58__z1p00__lam0p000__nu0p50__psi0p00,0.07,borrow,32,771,0.0,3,-0.5924913,-0.5912335,-0.5912335,0.9888072,0.10261073,0.10261073,1.0,0.0071827513,0.07,0.0,0.005924913,0.5924913,0.5912335,-26.805916,2.1754193,0.7251398,0.15200001,0.0,0.12812114,0.0,0.0
hardzero_only__c0p58__z1p00__lam0p000__nu0p50__psi0p00,0.07,borrow,32,772,0.0,3,-0.5912335,-0.5893996,-0.5893996,0.9560045,0.11066122,0.11066122,1.0,0.0077462858,0.07,0.0,0.0059123347,0.5912335,0.5893996,-25.772694,2.103252,0.701084,0.192,0.0,0.15736248,0.0,0.0
hardzero_only__c0p58__z1p00__lam0p000__nu0p50__psi0p00,0.07,borrow,32,773,0.0,3,-0.5893996,-0.5878207,-0.5878207,0.97161,0.10675543,0.10675543,1.0,0.00747288,0.07,0.0,0.0058939955,0.5893996,0.5878207,-26.599281,2.1375847,0.7125282,0.16000001,0.0,0.15883107,0.0,0.0
hardzero_only__c0p58__z1p00__lam0p000__nu0p50__psi0p00,0.07,borrow,32,774,0.0,3,-0.5878207,-0.5936989,-0.5936989,1.0002499,0.0,0.09994248,0.0,0.0,0.07,0.0,0.005878207,0.5878207,0.5936989,-26.825428,2.2005937,0.73353124,0.104,0.0,0.14484668,0.0,0.0
hardzero_only__c0p58__z1p00__lam0p000__nu0p50__psi0p00,0.07,borrow,32,775,0.0,3,-0.5936989,-0.5925271,-0.5925271,0.99330056,0.10155455,0.10155455,1.0,0.0071088187,0.07,0.0,0.005936989,0.5936989,0.5925271,-27.082123,2.1853049,0.728435,0.17600001,0.0,0.15885949,0.0,0.0
hardzero_only__c0p58__z1p00__lam0p000__nu0p50__psi0p00,0.07,borrow,32,776,0.0,3,-0.5925271,-0.5912239,-0.5912239,0.9860489,0.10326451,0.10326451,1.0,0.0072285156,0.07,0.0,0.0059252707,0.5925271,0.5912239,-26.817417,2.1693509,0.723117,0.14400001,0.0,0.14997399,0.0,0.0
hardzero_only__c0p58__z1p00__lam0p000__nu0p50__psi0p00,0.07,borrow,32,777,0.0,3,-0.5912239,-0.59713614,-0.59713614,1.0023668,0.0,0.0994565,0.0,0.0,0.07,0.0,0.0059122387,0.5912239,0.59713614,-26.576345,2.205251,0.7350837,0.15200001,0.0,0.1272695,0.0,0.0
hardzero_only__c0p58__z1p00__lam0p000__nu0p50__psi0p00,0.07,borrow,32,778,0.0,3,-0.59713614,-0.5959166,-0.5959166,0.98831654,0.102726735,0.102726735,1.0,0.0071908715,0.07,0.0,0.0059713614,0.59713614,0.5959166,-27.37113,2.1743398,0.72477996,0.136,0.0,0.14107893,0.0,0.0
hardzero_only__c0p58__z1p00__lam0p000__nu0p50__psi0p00,0.07,borrow,32,779,0.0,3,-0.5959166,-0.5942413,-0.5942413,0.96232045,0.10906351,0.10906351,1.0,0.007634446,0.07,0.0,0.005959166,0.5959166,0.5942413,-26.818808,2.1171472,0.7057158,0.17600001,0.0,0.1543401,0.0,0.0
hardzero_only__c0p58__z1p00__lam0p000__nu0p50__psi0p00,0.07,borrow,32,780,0.0,3,-0.5942413,-0.5929332,-0.5929332,0.9847263,0.10357946,0.10357946,1.0,0.0072505623,0.07,0.0,0.005942413,0.5942413,0.5929332,-27.428083,2.1664412,0.7221471,0.19,0.0,0.14918391,0.0,0.0
hardzero_only__c0p58__z1p00__lam0p000__nu0p50__psi0p00,0.07,borrow,32,781,0.0,3,-0.5929332,-0.59152377,-0.59152377,0.9794755,0.104839385,0.104839385,1.0,0.007338757,0.07,0.0,0.0059293318,0.5929332,0.59152377,-26.986486,2.154889,0.7182964,0.15200001,0.0,0.14852054,0.0,0.0
hardzero_only__c0p58__z1p00__lam0p000__nu0p50__psi0p00,0.07,borrow,32,782,0.0,3,-0.59152377,-0.58995396,-0.58995396,0.97090524,0.10692882,0.10692882,1.0,0.007485017,0.07,0.0,0.0059152376,0.59152377,0.58995396,-26.755472,2.1360343,0.71201146,0.224,0.0,0.1607978,0.0,0.0
hardzero_only__c0p58__z1p00__lam0p000__nu0p50__psi0p00,0.07,borrow,32,783,0.0,3,-0.58995396,-0.5884529,-0.5884529,0.97582906,0.10572336,0.10572336,1.0,0.007400635,0.07,0.0,0.0058995397,0.58995396,0.5884529,-26.026352,2.1468668,0.7156223,0.224,0.0,0.15539673,0.0,0.0
hardzero_only__c0p58__z1p00__lam0p000__nu0p50__psi0p00,0.07,borrow,32,784,0.0,3,-0.5884529,-0.58707494,-0.58707494,0.9840151,0.10374923,0.10374923,1.0,0.007262446,0.07,0.0,0.0058845286,0.5884529,0.58707494,-25.65294,2.1648765,0.7216255,0.128,0.0,0.11000135,0.0,0.0
hardzero_only__c0p58__z1p00__lam0p000__nu0p50__psi0p00,0.07,borrow,32,785,0.0,3,-0.58707494,-0.5856444,-0.5856444,0.9816986,0.10430409,0.10430409,1.0,0.0073012863,0.07,0.0,0.0058707492,0.58707494,0.5856444,-26.80202,2.15978,0.7199267,0.216,0.0,0.16758741,0.0,0.0
hardzero_only__c0p58__z1p00__lam0p000__nu0p50__psi0p00,0.07,borrow,32,786,0.0,3,-0.5856444,-0.5832822,-0.5832822,0.9302954,0.117409855,0.117409855,1.0,0.00821869,0.07,0.0,0.005856444,0.5856444,0.5832822,-26.318935,2.0466907,0.68223023,0.17600001,0.0,0.17107254,0.0,0.0
hardzero_only__c0p58__z1p00__lam0p000__nu0p50__psi0p00,0.07,borrow,32,787,0.0,3,-0.5832822,-0.58154416,-0.58154416,0.96595144,0.10815548,0.10815548,1.0,0.0075708837,0.07,0.0,0.0058328216,0.5832822,0.58154416,-27.019949,2.1251357,0.70837855,0.192,0.0,0.14850718,0.0,0.0
hardzero_only__c0p58__z1p00__lam0p000__nu0p50__psi0p00,0.07,borrow,32,788,0.0,3,-0.58154416,-0.5795429,-0.5795429,0.9520743,0.111667216,0.111667216,1.0,0.007816705,0.07,0.0,0.0058154413,0.58154416,0.5795429,-26.488626,2.0946052,0.6982018,0.16800001,0.0,0.13791251,0.0,0.0
hardzero_only__c0p58__z1p00__lam0p000__nu0p50__psi0p00,0.07,borrow,32,789,0.0,3,-0.5795429,-0.5853383,-0.5853383,1.0297986,0.0,0.093368724,0.0,0.0,0.07,0.0,0.0057954285,0.5795429,0.5853383,-28.02405,2.265602,0.75520074,0.17600001,0.008,0.19646855,0.0,0.0
hardzero_only__c0p58__z1p00__lam0p000__nu0p50__psi0p00,0.07,borrow,32,790,0.0,3,-0.5853383,-0.5837357,-0.5837357,0.9725959,0.106513366,0.106513366,1.0,0.0074559357,0.07,0.0,0.005853383,0.5853383,0.5837357,-26.742722,2.1397536,0.71325123,0.18400002,0.0,0.17762525,0.0,0.0
hardzero_only__c0p58__z1p00__lam0p000__nu0p50__psi0p00,0.07,borrow,32,791,0.0,3,-0.5837357,-0.58151877,-0.58151877,0.9390679,0.11506203,0.11506203,1.0,0.008054342,0.07,0.0,0.005837357,0.5837357,0.58151877,-25.556213,2.0659907,0.6886636,0.23200001,0.0,0.119282916,0.0,0.0
hardzero_only__c0p58__z1p00__lam0p000__nu0p50__psi0p00,0.07,borrow,32,792,0.0,3,-0.58151877,-0.57994807,-0.57994807,0.97669524,0.105512686,0.105512686,1.0,0.007385888,0.07,0.0,0.0058151875,0.58151877,0.57994807,-25.812437,2.1487725,0.7162575,0.15200001,0.0,0.14258114,0.0,0.0
hardzero_only__c0p58__z1p00__lam0p000__nu0p50__psi0p00,0.07,borrow,32,793,0.0,3,-0.57994807,-0.58574754,-0.58574754,1.0319499,0.0,0.09290735,0.0,0.0,0.07,0.0,0.0057994807,0.57994807,0.58574754,-27.990177,2.270335,0.75677836,0.14999999,0.0,0.13516112,0.0,0.0
hardzero_only__c0p58__z1p00__lam0p000__nu0p50__psi0p00,0.07,borrow,32,794,0.0,3,-0.58574754,-0.58444387,-0.58444387,0.9901164,0.102301866,0.102301866,1.0,0.0071611307,0.07,0.0,0.005857475,0.58574754,0.58444387,-26.419865,2.1782997,0.7260999,0.16800001,0.008,0.12912871,0.0,0.0
hardzero_only__c0p58__z1p00__lam0p000__nu0p50__psi0p00,0.07,borrow,32,795,0.0,3,-0.58444387,-0.58251184,-0.58251184,0.9543185,0.111091666,0.111091666,1.0,0.007776417,0.07,0.0,0.0058444384,0.58444387,0.58251184,-26.332293,2.0995426,0.6998476,0.17600001,0.0,0.14007165,0.0,0.0
hardzero_only__c0p58__z1p00__lam0p000__nu0p50__psi0p00,0.07,borrow,32,796,0.0,3,-0.58251184,-0.58833694,-0.58833694,1.0071814,0.0,0.098360024,0.0,0.0,0.07,0.0,0.005825118,0.58251184,0.58833694,-27.42302,2.2158434,0.7386145,0.128,0.0,0.17640814,0.0,0.0
hardzero_only__c0p58__z1p00__lam0p000__nu0p50__psi0p00,0.07,borrow,32,797,0.0,3,-0.58833694,-0.59422034,-0.59422034,1.0042312,0.0,0.09903045,0.0,0.0,0.07,0.0,0.005883369,0.58833694,0.59422034,-27.135149,2.2093527,0.7364509,0.17600001,0.0,0.1612429,0.0,0.0
hardzero_only__c0p58__z1p00__lam0p000__nu0p50__psi0p00,0.07,borrow,32,798,0.0,3,-0.59422034,-0.5921326,-0.5921326,0.9403874,0.11471298,0.11471298,1.0,0.008029909,0.07,0.0,0.005942203,0.59422034,0.5921326,-25.949383,2.0688937,0.6896312,0.17600001,0.0,0.12064703,0.0,0.0
hardzero_only__c0p58__z1p00__lam0p000__nu0p50__psi0p00,0.07,borrow,32,799,0.0,3,-0.5921326,-0.59805393,-0.59805393,1.015211,0.0,0.09655815,0.0,0.0,0.07,0.0,0.005921326,0.5921326,0.59805393,-26.63192,2.2335088,0.74450296,0.23200001,0.0,0.16993932,0.0,0.0
hardzero_only__c0p58__z1p00__lam0p000__nu0p50__psi0p00,0.07,borrow,32,800,0.0,3,-0.59805393,-0.5959888,-0.5959888,0.9395345,0.11493848,0.11493848,1.0,0.008045694,0.07,0.0,0.005980539,0.59805393,0.5959888,-25.573462,2.067017,0.68900573,0.30400002,0.0,0.1611987,0.0,0.0
hardzero_only__c0p58__z1p00__lam0p000__nu0p50__psi0p00,0.07,borrow,32,801,0.0,3,-0.5959888,-0.6,-0.6019487,1.0098672,0.0,0.0977536,0.0,0.0,0.07,0.0,0.005959888,0.5959888,0.6,-26.664087,2.2217522,0.7405841,0.16000001,0.0,0.14913878,0.0,0.0
hardzero_only__c0p58__z1p00__lam0p000__nu0p50__psi0p00,0.07,borrow,32,802,0.0,3,-0.6,-0.6,-0.606,1.0190926,0.0,0.09569901,0.0,0.0,0.07,0.0,0.006,0.6,0.6,-28.376728,2.2420485,0.7473495,0.192,0.0,0.1524429,0.0,0.0
hardzero_only__c0p58__z1p00__lam0p000__nu0p50__psi0p00,0.07,borrow,32,803,0.0,3,-0.6,-0.6,-0.606,1.0142728,0.0,0.09676698,0.0,0.0,0.07,0.0,0.006,0.6,0.6,-27.579815,2.2314448,0.74381495,0.16800001,0.0,0.14436612,0.0,0.0
hardzero_only__c0p58__z1p00__lam0p000__nu0p50__psi0p00,0.07,borrow,32,804,0.0,3,-0.6,-0.5976716,-0.5976716,0.9245375,0.11897687,0.11897687,1.0,0.008328381,0.07,0.0,0.006,0.6,0.5976716,-26.01399,2.034023,0.6780077,0.23200001,0.0,0.13988315,0.0,0.0
hardzero_only__c0p58__z1p00__lam0p000__nu0p50__psi0p00,0.07,borrow,32,805,0.0,3,-0.5976716,-0.5962322,-0.5962322,0.974918,0.105945356,0.105945356,1.0,0.0074161747,0.07,0.0,0.005976716,0.5976716,0.5962322,-26.878784,2.1448624,0.71495414,0.216,0.0,0.13587837,0.0,0.0
hardzero_only__c0p58__z1p00__lam0p000__nu0p50__psi0p00,0.07,borrow,32,806,0.0,3,-0.5962322,-0.59391797,-0.59391797,0.927249,0.11823633,0.11823633,1.0,0.008276544,0.07,0.0,0.0059623215,0.5962322,0.59391797,-25.701622,2.0399885,0.6799962,0.19999999,0.0,0.15796894,0.0,0.0
hardzero_only__c0p58__z1p00__lam0p000__nu0p50__psi0p00,0.07,borrow,32,807,0.0,3,-0.59391797,-0.5924636,-0.5924636,0.97624606,0.105621874,0.105621874,1.0,0.007393531,0.07,0.0,0.0059391796,0.59391797,0.5924636,-26.350496,2.1477842,0.7159281,0.17600001,0.0,0.14932267,0.0,0.0
hardzero_only__c0p58__z1p00__lam0p000__nu0p50__psi0p00,0.07,borrow,32,808,0.0,3,-0.5924636,-0.59123963,-0.59123963,0.9908755,0.102123216,0.102123216,1.0,0.0071486253,0.07,0.0,0.005924636,0.5924636,0.59123963,-27.003176,2.1799695,0.72665656,0.136,0.0,0.16273318,0.0,0.0
hardzero_only__c0p58__z1p00__lam0p000__nu0p50__psi0p00,0.07,borrow,32,809,0.0,3,-0.59123963,-0.58999866,-0.58999866,0.99058557,0.10219141,0.10219141,1.0,0.007153399,0.07,0.0,0.005912396,0.59123963,0.58999866,-27.159689,2.1793318,0.72644395,0.120000005,0.0,0.1468186,0.0,0.0
hardzero_only__c0p58__z1p00__lam0p000__nu0p50__psi0p00,0.07,borrow,32,810,0.0,3,-0.58999866,-0.5881433,-0.5881433,0.95549756,0.11079047,0.11079047,1.0,0.0077553326,0.07,0.0,0.0058999867,0.58999866,0.5881433,-25.90861,2.1021366,0.7007122,0.17600001,0.0,0.15121762,0.0,0.0
hardzero_only__c0p58__z1p00__lam0p000__nu0p50__psi0p00,0.07,borrow,32,811,0.0,3,-0.5881433,-0.58669376,-0.58669376,0.9799374,0.10472796,0.10472796,1.0,0.0073309573,0.07,0.0,0.005881433,0.5881433,0.58669376,-27.036673,2.1559052,0.7186351,0.112,0.0,0.15036151,0.0,0.0
hardzero_only__c0p58__z1p00__lam0p000__nu0p50__psi0p00,0.07,borrow,32,812,0.0,3,-0.58669376,-0.5851677,-0.5851677,0.9762765,0.105614476,0.105614476,1.0,0.007393013,0.07,0.0,0.0058669373,0.58669376,0.5851677,-26.934845,2.1478512,0.7159504,0.15200001,0.0,0.1648692,0.0,0.0
hardzero_only__c0p58__z1p00__lam0p000__nu0p50__psi0p00,0.07,borrow,32,813,0.0,3,-0.5851677,-0.583518,-0.583518,0.96995866,0.10716212,0.10716212,1.0,0.0075013484,0.07,0.0,0.005851677,0.5851677,0.583518,-26.135185,2.1339517,0.71131724,0.208,0.0,0.13124387,0.0,0.0
hardzero_only__c0p58__z1p00__lam0p000__nu0p50__psi0p00,0.07,borrow,32,814,0.0,3,-0.583518,-0.58110076,-0.58110076,0.92851603,0.11789191,0.11789191,1.0,0.0082524335,0.07,0.0,0.00583518,0.583518,0.58110076,-25.70172,2.042776,0.68092537,0.216,0.0,0.1436079,0.0,0.0
hardzero_only__c0p58__z1p00__lam0p000__nu0p50__psi0p00,0.07,borrow,32,815,0.0,3,-0.58110076,-0.5795894,-0.5795894,0.98044455,0.104605705,0.104605705,1.0,0.0073223994,0.07,0.0,0.0058110077,0.58110076,0.5795894,-26.510965,2.157021,0.719007,0.14400001,0.0,0.13602898,0.0,0.0
hardzero_only__c0p58__z1p00__lam0p000__nu0p50__psi0p00,0.07,borrow,32,816,0.0,3,-0.5795894,-0.5781919,-0.5781919,0.9881597,0.10276382,0.10276382,1.0,0.007193467,0.07,0.0,0.005795894,0.5795894,0.5781919,-27.584389,2.1739948,0.7246649,0.2,0.0,0.1757367,0.0,0.0
hardzero_only__c0p58__z1p00__lam0p000__nu0p50__psi0p00,0.07,borrow,32,817,0.0,3,-0.5781919,-0.58397377,-0.58397377,1.0287324,0.0,0.093598224,0.0,0.0,0.07,0.0,0.0057819188,0.5781919,0.58397377,-28.280666,2.2632565,0.75441885,0.17600001,0.0,0.17804189,0.0,0.0
hardzero_only__c0p58__z1p00__lam0p000__nu0p50__psi0p00,0.07,borrow,32,818,0.0,3,-0.58397377,-0.58981353,-0.58981353,1.0034822,0.0,0.0992014,0.0,0.0,0.07,0.0,0.0058397376,0.58397377,0.58981353,-26.674047,2.207705,0.7359017,0.192,0.0,0.14065968,0.0,0.0
hardzero_only__c0p58__z1p00__lam0p000__nu0p50__psi0p00,0.07,borrow,32,819,0.0,3,-0.58981353,-0.5873441,-0.5873441,0.92250043,0.11953623,0.11953623,1.0,0.008367536,0.07,0.0,0.0058981352,0.58981353,0.5873441,-26.257895,2.0295415,0.67651385,0.26999998,0.0,0.15841977,0.0,0.0
hardzero_only__c0p58__z1p00__lam0p000__nu0p50__psi0p00,0.07,borrow,32,820,0.0,3,-0.5873441,-0.59321755,-0.59321755,1.0319922,0.0,0.09289832,0.0,0.0,0.07,0.0,0.0058734408,0.5873441,0.59321755,-26.838032,2.2704282,0.7568094,0.120000005,0.0,0.16365306,0.0,0.0
hardzero_only__c0p58__z1p00__lam0p000__nu0p50__psi0p00,0.07,borrow,32,821,0.0,3,-0.59321755,-0.5918306,-0.5918306,0.9806423,0.10455808,0.10455808,1.0,0.0073190657,0.07,0.0,0.0059321756,0.59321755,0.5918306,-26.484724,2.1574562,0.7191521,0.17600001,0.0,0.15107837,0.0,0.0
hardzero_only__c0p58__z1p00__lam0p000__nu0p50__psi0p00,0.07,borrow,32,822,0.0,3,-0.5918306,-0.59007835,-0.59007835,0.96027094,0.10957944,0.10957944,1.0,0.0076705604,0.07,0.0,0.005918306,0.5918306,0.59007835,-26.034645,2.1126382,0.7042128,0.18400002,0.0,0.16608256,0.0,0.0
hardzero_only__c0p58__z1p00__lam0p000__nu0p50__psi0p00,0.07,borrow,32,823,0.0,3,-0.59007835,-0.58828276,-0.58828276,0.95881,0.10994868,0.10994868,1.0,0.007696408,0.07,0.0,0.0059007835,0.59007835,0.58828276,-26.221182,2.109424,0.7031414,0.192,0.0,0.16018356,0.0,0.0
hardzero_only__c0p58__z1p00__lam0p000__nu0p50__psi0p00,0.07,borrow,32,824,0.0,3,-0.58828276,-0.58617663,-0.58617663,0.94261086,0.114127204,0.114127204,1.0,0.007988905,0.07,0.0,0.0058828276,0.58828276,0.58617663,-26.20185,2.0737853,0.69126177,0.16800001,0.0,0.15211955,0.0,0.0
hardzero_only__c0p58__z1p00__lam0p000__nu0p50__psi0p00,0.07,borrow,32,825,0.0,3,-0.58617663,-0.5920384,-0.5920384,1.0165441,0.0,0.09626222,0.0,0.0,0.07,0.0,0.005861766,0.58617663,0.5920384,-27.802498,2.2364416,0.74548054,0.224,0.008,0.1735701,0.0,0.0
hardzero_only__c0p58__z1p00__lam0p000__nu0p50__psi0p00,0.07,borrow,32,826,0.0,3,-0.5920384,-0.590483,-0.590483,0.97143984,0.10679727,0.10679727,1.0,0.007475809,0.07,0.0,0.0059203836,0.5920384,0.590483,-26.611126,2.1372104,0.7124035,0.14400001,0.0,0.13715167,0.0,0.0
hardzero_only__c0p58__z1p00__lam0p000__nu0p50__psi0p00,0.07,borrow,32,827,0.0,3,-0.590483,-0.59638786,-0.59638786,1.0190022,0.0,0.09571893,0.0,0.0,0.07,0.0,0.00590483,0.590483,0.59638786,-28.051964,2.2418497,0.7472832,0.14400001,0.0,0.16171628,0.0,0.0
hardzero_only__c0p58__z1p00__lam0p000__nu0p50__psi0p00,0.07,borrow,32,828,0.0,3,-0.59638786,-0.6,-0.6023517,1.0231199,0.0,0.09481566,0.0,0.0,0.07,0.0,0.0059638787,0.59638786,0.6,-27.80317,2.2509089,0.750303,0.192,0.0,0.15820563,0.0,0.0
hardzero_only__c0p58__z1p00__lam0p000__nu0p50__psi0p00,0.07,borrow,32,829,0.0,3,-0.6,-0.59825385,-0.59825385,0.9560121,0.1106593,0.1106593,1.0,0.007746151,0.07,0.0,0.006,0.6,0.59825385,-25.912354,2.1032686,0.70108956,0.192,0.0,0.15557829,0.0,0.0
hardzero_only__c0p58__z1p00__lam0p000__nu0p50__psi0p00,0.07,borrow,32,830,0.0,3,-0.59825385,-0.59598905,-0.59598905,0.9287858,0.11781868,0.11781868,1.0,0.0082473075,0.07,0.0,0.005982538,0.59825385,0.59598905,-25.741009,2.0433695,0.6811232,0.23200001,0.0,0.18332556,0.0,0.0
hardzero_only__c0p58__z1p00__lam0p000__nu0p50__psi0p00,0.07,borrow,32,831,0.0,3,-0.59598905,-0.5942388,-0.5942388,0.9580384,0.110144176,0.110144176,1.0,0.0077100922,0.07,0.0,0.0059598903,0.59598905,0.5942388,-26.266653,2.1077266,0.70257556,0.14400001,0.0,0.14156851,0.0,0.0
hardzero_only__c0p58__z1p00__lam0p000__nu0p50__psi0p00,0.07,borrow,32,832,0.0,3,-0.5942388,-0.59271353,-0.59271353,0.9719131,0.10668095,0.10668095,1.0,0.0074676666,0.07,0.0,0.005942388,0.5942388,0.59271353,-25.604809,2.1382515,0.71275055,0.19,0.0,0.14136407,0.0,0.0
hardzero_only__c0p58__z1p00__lam0p000__nu0p50__psi0p00,0.07,borrow,32,833,0.0,3,-0.59271353,-0.5914034,-0.5914034,0.9855226,0.103389725,0.103389725,1.0,0.0072372807,0.07,0.0,0.0059271352,0.59271353,0.5914034,-25.897902,2.168193,0.72273105,0.208,0.0,0.14329319,0.0,0.0
hardzero_only__c0p58__z1p00__lam0p000__nu0p50__psi0p00,0.07,borrow,32,834,0.0,3,-0.5914034,-0.59731746,-0.59731746,1.0003357,0.0,0.09992273,0.0,0.0,0.07,0.0,0.0059140343,0.5914034,0.59731746,-27.414103,2.2007825,0.7335942,0.2,0.0,0.16048956,0.0,0.0
hardzero_only__c0p58__z1p00__lam0p000__nu0p50__psi0p00,0.07,borrow,32,835,0.0,3,-0.59731746,-0.59627056,-0.59627056,0.99875796,0.100286394,0.100286394,1.0,0.007020048,0.07,0.0,0.0059731742,0.59731746,0.59627056,-27.360764,2.1973114,0.73243713,0.104,0.0,0.14622295,0.0,0.0
hardzero_only__c0p58__z1p00__lam0p000__nu0p50__psi0p00,0.07,borrow,32,836,0.0,3,-0.59627056,-0.59490734,-0.59490734,0.9802333,0.10465662,0.10465662,1.0,0.0073259636,0.07,0.0,0.0059627057,0.59627056,0.59490734,-25.996243,2.1565564,0.71885216,0.15200001,0.0,0.1690106,0.0,0.0
hardzero_only__c0p58__z1p00__lam0p000__nu0p50__psi0p00,0.07,borrow,32,837,0.0,3,-0.59490734,-0.59359086,-0.59359086,0.98382926,0.10379364,0.10379364,1.0,0.007265555,0.07,0.0,0.0059490735,0.59490734,0.59359086,-27.13618,2.1644676,0.7214892,0.16000001,0.0,0.14181496,0.0,0.0
hardzero_only__c0p58__z1p00__lam0p000__nu0p50__psi0p00,0.07,borrow,32,838,0.0,3,-0.59359086,-0.59237933,-0.59237933,0.99094665,0.10210649,0.10210649,1.0,0.007147454,0.07,0.0,0.0059359083,0.59359086,0.59237933,-26.72479,2.1801262,0.72670877,0.14400001,0.0,0.14538898,0.0,0.0
hardzero_only__c0p58__z1p00__lam0p000__nu0p50__psi0p00,0.07,borrow,32,839,0.0,3,-0.59237933,-0.59118646,-0.59118646,0.9928221,0.1016665,0.1016665,1.0,0.0071166554,0.07,0.0,0.005923793,0.59237933,0.59118646,-27.272552,2.1842523,0.7280841,0.14400001,0.0,0.14623526,0.0,0.0
hardzero_only__c0p58__z1p00__lam0p000__nu0p50__psi0p00,0.07,borrow,32,840,0.0,3,-0.59118646,-0.5898012,-0.5898012,0.98194456,0.10424505,0.10424505,1.0,0.0072971536,0.07,0.0,0.0059118643,0.59118646,0.5898012,-27.104298,2.1603212,0.7201071,0.16800001,0.0,0.16605918,0.0,0.0
hardzero_only__c0p58__z1p00__lam0p000__nu0p50__psi0p00,0.07,borrow,32,841,0.0,3,-0.5898012,-0.5884118,-0.5884118,0.982525,0.10410581,0.10410581,1.0,0.0072874064,0.07,0.0,0.005898012,0.5898012,0.5884118,-26.78317,2.1615982,0.7205328,0.14400001,0.0,0.14661099,0.0,0.0
hardzero_only__c0p58__z1p00__lam0p000__nu0p50__psi0p00,0.07,borrow,32,842,0.0,3,-0.5884118,-0.5942959,-0.5942959,1.0282502,0.0,0.093702205,0.0,0.0,0.07,0.0,0.005884118,0.5884118,0.5942959,-27.701681,2.2621956,0.7540652,0.224,0.0,0.15149376,0.0,0.0
hardzero_only__c0p58__z1p00__lam0p000__nu0p50__psi0p00,0.07,borrow,32,843,0.0,3,-0.5942959,-0.59293646,-0.59293646,0.981633,0.10431986,0.10431986,1.0,0.0073023904,0.07,0.0,0.005942959,0.5942959,0.59293646,-26.846369,2.1596358,0.7198786,0.18400002,0.0,0.1557294,0.0,0.0
hardzero_only__c0p58__z1p00__lam0p000__nu0p50__psi0p00,0.07,borrow,32,844,0.0,3,-0.59293646,-0.5911645,-0.5911645,0.95853585,0.1100181,0.1100181,1.0,0.007701267,0.07,0.0,0.0059293644,0.59293646,0.5911645,-26.607317,2.108821,0.70294034,0.16800001,0.0,0.13866185,0.0,0.0
hardzero_only__c0p58__z1p00__lam0p000__nu0p50__psi0p00,0.07,borrow,32,845,0.0,3,-0.5911645,-0.5970762,-0.5970762,1.0444759,0.0,0.090265974,0.0,0.0,0.07,0.0,0.005911645,0.5911645,0.5970762,-27.744709,2.2978928,0.76596427,0.12,0.0,0.13046247,0.0,0.0
hardzero_only__c0p58__z1p00__lam0p000__nu0p50__psi0p00,0.07,borrow,32,846,0.0,3,-0.5970762,-0.6,-0.60304695,1.004889,0.0,0.09888057,0.0,0.0,0.07,0.0,0.0059707616,0.5970762,0.6,-26.962397,2.2108,0.73693335,0.208,0.0,0.15757604,0.0,0.0
hardzero_only__c0p58__z1p00__lam0p000__nu0p50__psi0p00,0.07,borrow,32,847,0.0,3,-0.6,-0.5989559,-0.5989559,0.9972743,0.10062958,0.10062958,1.0,0.007044071,0.07,0.0,0.006,0.6,0.5989559,-26.948898,2.1940472,0.7313491,0.192,0.0,0.17883596,0.0,0.0
hardzero_only__c0p58__z1p00__lam0p000__nu0p50__psi0p00,0.07,borrow,32,848,0.0,3,-0.5989559,-0.5975918,-0.5975918,0.97859293,0.105052665,0.105052665,1.0,0.0073536867,0.07,0.0,0.005989559,0.5989559,0.5975918,-27.316807,2.1529474,0.71764916,0.16800001,0.0,0.16088237,0.0,0.0
hardzero_only__c0p58__z1p00__lam0p000__nu0p50__psi0p00,0.07,borrow,32,849,0.0,3,-0.5975918,-0.59628445,-0.59628445,0.9827711,0.10404682,0.10404682,1.0,0.0072832773,0.07,0.0,0.005975918,0.5975918,0.59628445,-27.365032,2.1621397,0.72071326,0.208,0.0,0.1557511,0.0,0.0
hardzero_only__c0p58__z1p00__lam0p000__nu0p50__psi0p00,0.07,borrow,32,850,0.0,3,-0.59628445,-0.5945937,-0.5945937,0.96123165,0.10933731,0.10933731,1.0,0.0076536117,0.07,0.0,0.0059628445,0.59628445,0.5945937,-26.032953,2.1147518,0.7049173,0.18400002,0.0,0.14662036,0.0,0.0
hardzero_only__c0p58__z1p00__lam0p000__nu0p50__psi0p00,0.07,borrow,32,851,0.0,3,-0.5945937,-0.6,-0.6005396,1.0023526,0.0,0.09945975,0.0,0.0,0.07,0.0,0.005945937,0.5945937,0.6,-27.133926,2.2052197,0.73507327,0.208,0.0,0.15180807,0.0,0.0
hardzero_only__c0p58__z1p00__lam0p000__nu0p50__psi0p00,0.07,borrow,32,852,0.0,3,-0.6,-0.5985415,-0.5985415,0.9724476,0.10654974,0.10654974,1.0,0.007458482,0.07,0.0,0.006,0.6,0.5985415,-26.212873,2.1394274,0.7131425,0.24000001,0.008,0.15368482,0.0,0.0
hardzero_only__c0p58__z1p00__lam0p000__nu0p50__psi0p00,0.07,borrow,32,853,0.0,3,-0.5985415,-0.5973484,-0.5973484,0.9890628,0.10255037,0.10255037,1.0,0.007178526,0.07,0.0,0.005985415,0.5985415,0.5973484,-26.627098,2.1759815,0.7253272,0.2,0.0,0.16372034,0.0,0.0
hardzero_only__c0p58__z1p00__lam0p000__nu0p50__psi0p00,0.07,borrow,32,854,0.0,3,-0.5973484,-0.59628564,-0.59628564,0.99775964,0.1005172,0.1005172,1.0,0.007036204,0.07,0.0,0.005973484,0.5973484,0.59628564,-26.337627,2.195115,0.73170507,0.112,0.0,0.1344004,0.0,0.0
hardzero_only__c0p58__z1p00__lam0p000__nu0p50__psi0p00,0.07,borrow,32,855,0.0,3,-0.59628564,-0.5952356,-0.5952356,0.9991989,0.100184634,0.100184634,1.0,0.0070129246,0.07,0.0,0.005962856,0.59628564,0.5952356,-27.410543,2.1982815,0.73276055,0.208,0.0,0.17803882,0.0,0.0
hardzero_only__c0p58__z1p00__lam0p000__nu0p50__psi0p00,0.07,borrow,32,856,0.0,3,-0.5952356,-0.5933355,-0.5933355,0.9500938,0.11217761,0.11217761,1.0,0.007852432,0.07,0.0,0.005952356,0.5952356,0.5933355,-25.882992,2.090248,0.6967494,0.15200001,0.0,0.1491199,0.0,0.0
hardzero_only__c0p58__z1p00__lam0p000__nu0p50__psi0p00,0.07,borrow,32,857,0.0,3,-0.5933355,-0.590756,-0.590756,0.91502196,0.121612445,0.121612445,1.0,0.008512871,0.07,0.0,0.005933355,0.5933355,0.590756,-26.303339,2.0130885,0.6710295,0.2,0.0,0.14316127,0.0,0.0
hardzero_only__c0p58__z1p00__lam0p000__nu0p50__psi0p00,0.07,borrow,32,858,0.0,3,-0.590756,-0.5889029,-0.5889029,0.95519954,0.11086652,0.11086652,1.0,0.007760656,0.07,0.0,0.00590756,0.590756,0.5889029,-26.661787,2.101481,0.7004937,0.14999999,0.0,0.12383891,0.0,0.0
hardzero_only__c0p58__z1p00__lam0p000__nu0p50__psi0p00,0.07,borrow,32,859,0.0,3,-0.5889029,-0.5874154,-0.5874154,0.97724545,0.10537912,0.10537912,1.0,0.0073765386,0.07,0.0,0.005889029,0.5889029,0.5874154,-27.128016,2.149983,0.716661,0.192,0.0,0.16426603,0.0,0.0
hardzero_only__c0p58__z1p00__lam0p000__nu0p50__psi0p00,0.07,borrow,32,860,0.0,3,-0.5874154,-0.5860348,-0.5860348,0.9844754,0.10363934,0.10363934,1.0,0.007254754,0.07,0.0,0.0058741537,0.5874154,0.5860348,-26.539852,2.165889,0.72196305,0.16800001,0.0,0.13936678,0.0,0.0
hardzero_only__c0p58__z1p00__lam0p000__nu0p50__psi0p00,0.07,borrow,32,861,0.0,3,-0.5860348,-0.5845727,-0.5845727,0.98044246,0.10460623,0.10460623,1.0,0.007322436,0.07,0.0,0.0058603478,0.5860348,0.5845727,-26.908064,2.1570165,0.7190055,0.128,0.0,0.13077164,0.0,0.0
hardzero_only__c0p58__z1p00__lam0p000__nu0p50__psi0p00,0.07,borrow,32,862,0.0,3,-0.5845727,-0.5830925,-0.5830925,0.98023605,0.104655944,0.104655944,1.0,0.007325916,0.07,0.0,0.0058457265,0.5845727,0.5830925,-27.037977,2.1565623,0.7188541,0.16800001,0.0,0.15284404,0.0,0.0
hardzero_only__c0p58__z1p00__lam0p000__nu0p50__psi0p00,0.07,borrow,32,863,0.0,3,-0.5830925,-0.58892345,-0.58892345,1.0304711,0.0,0.09322424,0.0,0.0,0.07,0.0,0.005830925,0.5830925,0.58892345,-27.817034,2.2670817,0.7556939,0.128,0.0,0.14709124,0.0,0.0
hardzero_only__c0p58__z1p00__lam0p000__nu0p50__psi0p00,0.07,borrow,32,864,0.0,3,-0.58892345,-0.58669245,-0.58669245,0.93552977,0.11600327,0.11600327,1.0,0.008120229,0.07,0.0,0.0058892346,0.58892345,0.58669245,-26.019474,2.0582066,0.6860689,0.16800001,0.0,0.123497956,0.0,0.0
hardzero_only__c0p58__z1p00__lam0p000__nu0p50__psi0p00,0.07,borrow,32,865,0.0,3,-0.58669245,-0.5853936,-0.5853936,0.9898352,0.10236813,0.10236813,1.0,0.007165769,0.07,0.0,0.0058669243,0.58669245,0.5853936,-26.283573,2.177681,0.7258937,0.16000001,0.0,0.14551702,0.0,0.0
hardzero_only__c0p58__z1p00__lam0p000__nu0p50__psi0p00,0.07,borrow,32,866,0.0,3,-0.5853936,-0.5839583,-0.5839583,0.982415,0.104132175,0.104132175,1.0,0.0072892522,0.07,0.0,0.005853936,0.5853936,0.5839583,-26.761576,2.1613562,0.7204521,0.15200001,0.0,0.14903277,0.0,0.0
hardzero_only__c0p58__z1p00__lam0p000__nu0p50__psi0p00,0.07,borrow,32,867,0.0,3,-0.5839583,-0.5817628,-0.5817628,0.940105,0.11478759,0.11478759,1.0,0.008035132,0.07,0.0,0.005839583,0.5839583,0.5817628,-25.991035,2.0682724,0.68942416,0.18400002,0.0,0.13228224,0.0,0.0
hardzero_only__c0p58__z1p00__lam0p000__nu0p50__psi0p00,0.07,borrow,32,868,0.0,3,-0.5817628,-0.5800935,-0.5800935,0.97079325,0.10695638,0.10695638,1.0,0.0074869464,0.07,0.0,0.005817628,0.5817628,0.5800935,-26.244755,2.1357877,0.71192926,0.15200001,0.0,0.14604971,0.0,0.0
hardzero_only__c0p58__z1p00__lam0p000__nu0p50__psi0p00,0.07,borrow,32,869,0.0,3,-0.5800935,-0.578331,-0.578331,0.96637726,0.1080495,0.1080495,1.0,0.007563465,0.07,0.0,0.005800935,0.5800935,0.578331,-26.096392,2.1260724,0.7086908,0.112,0.0,0.14095968,0.0,0.0
hardzero_only__c0p58__z1p00__lam0p000__nu0p50__psi0p00,0.07,borrow,32,870,0.0,3,-0.578331,-0.5841143,-0.5841143,1.0165454,0.0,0.09626193,0.0,0.0,0.07,0.0,0.0057833097,0.578331,0.5841143,-27.189585,2.2364445,0.7454815,0.112,0.0,0.15349448,0.0,0.0
hardzero_only__c0p58__z1p00__lam0p000__nu0p50__psi0p00,0.07,borrow,32,871,0.0,3,-0.5841143,-0.58995545,-0.58995545,1.0087032,0.0,0.098015934,0.0,0.0,0.07,0.0,0.005841143,0.5841143,0.58995545,-27.400414,2.2191913,0.7397305,0.14999999,0.0,0.1555062,0.0,0.0
hardzero_only__c0p58__z1p00__lam0p000__nu0p50__psi0p00,0.07,borrow,32,872,0.0,3,-0.58995545,-0.595855,-0.595855,1.0056431,0.0,0.098709024,0.0,0.0,0.07,0.0,0.0058995546,0.58995545,0.595855,-26.541864,2.212459,0.73748636,0.128,0.0,0.16552399,0.0,0.0
hardzero_only__c0p58__z1p00__lam0p000__nu0p50__psi0p00,0.07,borrow,32,873,0.0,3,-0.595855,-0.6,-0.60181355,1.0002258,0.0,0.09994801,0.0,0.0,0.07,0.0,0.0059585497,0.595855,0.6,-26.976246,2.2005408,0.7335136,0.16000001,0.0,0.16015632,0.0,0.0
hardzero_only__c0p58__z1p00__lam0p000__nu0p50__psi0p00,0.07,borrow,32,874,0.0,3,-0.6,-0.5987596,-0.5987596,0.9853341,0.1034346,0.1034346,1.0,0.007240422,0.07,0.0,0.006,0.6,0.5987596,-25.917572,2.1677783,0.7225928,0.120000005,0.0,0.13743936,0.0,0.0
hardzero_only__c0p58__z1p00__lam0p000__nu0p50__psi0p00,0.07,borrow,32,875,0.0,3,-0.5987596,-0.59748125,-0.59748125,0.9838078,0.10379876,0.10379876,1.0,0.0072659133,0.07,0.0,0.0059875958,0.5987596,0.59748125,-27.011454,2.1644204,0.72147346,0.192,0.0,0.14082746,0.0,0.0
hardzero_only__c0p58__z1p00__lam0p000__nu0p50__psi0p00,0.07,borrow,32,876,0.0,3,-0.59748125,-0.5951929,-0.5951929,0.92795223,0.118045054,0.118045054,1.0,0.008263154,0.07,0.0,0.0059748124,0.59748125,0.5951929,-26.1414,2.0415356,0.6805119,0.104,0.0,0.122978725,0.0,0.0
hardzero_only__c0p58__z1p00__lam0p000__nu0p50__psi0p00,0.07,borrow,32,877,0.0,3,-0.5951929,-0.6,-0.60114485,1.0079646,0.0,0.09818279,0.0,0.0,0.07,0.0,0.005951929,0.5951929,0.6,-27.012955,2.2175665,0.73918885,0.136,0.0,0.14567335,0.0,0.0
hardzero_only__c0p58__z1p00__lam0p000__nu0p50__psi0p00,0.07,borrow,32,878,0.0,3,-0.6,-0.5986959,-0.5986959,0.9815306,0.104344465,0.104344465,1.0,0.0073041124,0.07,0.0,0.006,0.6,0.5986959,-26.466238,2.1594105,0.7198035,0.18400002,0.0,0.1412365,0.0,0.0
hardzero_only__c0p58__z1p00__lam0p000__nu0p50__psi0p00,0.07,borrow,32,879,0.0,3,-0.5986959,-0.59673786,-0.59673786,0.9450081,0.11349898,0.11349898,1.0,0.0079449285,0.07,0.0,0.0059869587,0.5986959,0.59673786,-26.115622,2.0790594,0.6930198,0.216,0.0,0.12600267,0.0,0.0
hardzero_only__c0p58__z1p00__lam0p000__nu0p50__psi0p00,0.07,borrow,32,880,0.0,3,-0.59673786,-0.5953039,-0.5953039,0.97578734,0.105733514,0.105733514,1.0,0.007401346,0.07,0.0,0.0059673786,0.59673786,0.5953039,-26.758991,2.146775,0.71559167,0.16000001,0.0,0.14281318,0.0,0.0
hardzero_only__c0p58__z1p00__lam0p000__nu0p50__psi0p00,0.07,borrow,32,881,0.0,3,-0.5953039,-0.5933663,-0.5933663,0.94798774,0.112722926,0.112722926,1.0,0.007890604,0.07,0.0,0.0059530386,0.5953039,0.5933663,-25.725954,2.0856147,0.6952049,0.2,0.0,0.13157077,0.0,0.0
hardzero_only__c0p58__z1p00__lam0p000__nu0p50__psi0p00,0.07,borrow,32,882,0.0,3,-0.5933663,-0.59119403,-0.59119403,0.9362957,0.11579887,0.11579887,1.0,0.008105921,0.07,0.0,0.0059336633,0.5933663,0.59119403,-26.167099,2.0598917,0.6866306,0.16800001,0.0,0.13218945,0.0,0.0
hardzero_only__c0p58__z1p00__lam0p000__nu0p50__psi0p00,0.07,borrow,32,883,0.0,3,-0.59119403,-0.5890203,-0.5890203,0.9373833,0.115509234,0.115509234,1.0,0.008085647,0.07,0.0,0.0059119402,0.59119403,0.5890203,-26.355085,2.0622845,0.6874282,0.216,0.0,0.1654722,0.0,0.0
hardzero_only__c0p58__z1p00__lam0p000__nu0p50__psi0p00,0.07,borrow,32,884,0.0,3,-0.5890203,-0.5876185,-0.5876185,0.9822518,0.10417131,0.10417131,1.0,0.007291992,0.07,0.0,0.005890203,0.5890203,0.5876185,-27.105253,2.1609972,0.7203324,0.19999999,0.0,0.15478921,0.0,0.0
hardzero_only__c0p58__z1p00__lam0p000__nu0p50__psi0p00,0.07,borrow,32,885,0.0,3,-0.5876185,-0.58605295,-0.58605295,0.9734239,0.10631047,0.10631047,1.0,0.007441733,0.07,0.0,0.0058761854,0.5876185,0.58605295,-26.54299,2.1415753,0.7138585,0.2,0.0,0.15756676,0.0,0.0
hardzero_only__c0p58__z1p00__lam0p000__nu0p50__psi0p00,0.07,borrow,32,886,0.0,3,-0.58605295,-0.58400583,-0.58400583,0.94705254,0.11296592,0.11296592,1.0,0.007907614,0.07,0.0,0.0058605294,0.58605295,0.58400583,-25.999033,2.0835571,0.69451904,0.216,0.0,0.14551178,0.0,0.0
hardzero_only__c0p58__z1p00__lam0p000__nu0p50__psi0p00,0.07,borrow,32,887,0.0,3,-0.58400583,-0.5898459,-0.5898459,1.0230751,0.0,0.094825454,0.0,0.0,0.07,0.0,0.005840058,0.58400583,0.5898459,-28.651821,2.2508101,0.75027007,0.192,0.0,0.16478743,0.0,0.0
hardzero_only__c0p58__z1p00__lam0p000__nu0p50__psi0p00,0.07,borrow,32,888,0.0,3,-0.5898459,-0.58850944,-0.58850944,0.98566383,0.10335611,0.10335611,1.0,0.0072349277,0.07,0.0,0.005898459,0.5898459,0.58850944,-27.190933,2.1685038,0.7228346,0.17600001,0.0,0.1501773,0.0,0.0
hardzero_only__c0p58__z1p00__lam0p000__nu0p50__psi0p00,0.07,borrow,32,889,0.0,3,-0.58850944,-0.5868772,-0.5868772,0.96903425,0.10739047,0.10739047,1.0,0.007517333,0.07,0.0,0.0058850944,0.58850944,0.5868772,-25.705471,2.131918,0.71063936,0.14400001,0.0,0.14790606,0.0,0.0
hardzero_only__c0p58__z1p00__lam0p000__nu0p50__psi0p00,0.07,borrow,32,890,0.0,3,-0.5868772,-0.5848134,-0.5848134,0.9456815,0.11332311,0.11332311,1.0,0.007932617,0.07,0.0,0.005868772,0.5868772,0.5848134,-25.839516,2.080541,0.69351363,0.192,0.0,0.14752656,0.0,0.0
hardzero_only__c0p58__z1p00__lam0p000__nu0p50__psi0p00,0.07,borrow,32,891,0.0,3,-0.5848134,-0.58318913,-0.58318913,0.97163826,0.10674848,0.10674848,1.0,0.0074723936,0.07,0.0,0.005848134,0.5848134,0.58318913,-26.876297,2.137647,0.712549,0.16000001,0.0,0.1557403,0.0,0.0
hardzero_only__c0p58__z1p00__lam0p000__nu0p50__psi0p00,0.07,borrow,32,892,0.0,3,-0.58318913,-0.58056647,-0.58056647,0.91800797,0.12077917,0.12077917,1.0,0.008454542,0.07,0.0,0.005831891,0.58318913,0.58056647,-25.182396,2.0196579,0.6732193,0.16800001,0.0,0.12427109,0.0,0.0
hardzero_only__c0p58__z1p00__lam0p000__nu0p50__psi0p00,0.07,borrow,32,893,0.0,3,-0.58056647,-0.58637214,-0.58637214,1.0210268,0.0,0.095273726,0.0,0.0,0.07,0.0,0.0058056647,0.58056647,0.58637214,-26.553627,2.2463038,0.748768,0.136,0.0,0.15604278,0.0,0.0
hardzero_only__c0p58__z1p00__lam0p000__nu0p50__psi0p00,0.07,borrow,32,894,0.0,3,-0.58637214,-0.59223586,-0.59223586,1.040902,0.0,0.09101186,0.0,0.0,0.07,0.0,0.005863721,0.58637214,0.59223586,-27.991795,2.2900302,0.76334345,0.16800001,0.0,0.16539472,0.0,0.0
hardzero_only__c0p58__z1p00__lam0p000__nu0p50__psi0p00,0.07,borrow,32,895,0.0,3,-0.59223586,-0.59034544,-0.59034544,0.952291,0.11161151,0.11161151,1.0,0.0078128055,0.07,0.0,0.0059223585,0.59223586,0.59034544,-26.962498,2.095082,0.6983607,0.18400002,0.0,0.1540357,0.0,0.0
hardzero_only__c0p58__z1p00__lam0p000__nu0p50__psi0p00,0.07,borrow,32,896,0.0,3,-0.59034544,-0.5962489,-0.5962489,1.0463828,0.0,0.08987051,0.0,0.0,0.07,0.0,0.0059034545,0.59034544,0.5962489,-28.340092,2.302088,0.7673627,0.136,0.0,0.16383308,0.0,0.0
hardzero_only__c0p58__z1p00__lam0p000__nu0p50__psi0p00,0.07,borrow,32,897,0.0,3,-0.5962489,-0.6,-0.6022114,1.0159588,0.0,0.09639204,0.0,0.0,0.07,0.0,0.005962489,0.5962489,0.6,-27.60371,2.235154,0.7450513,0.17,0.0,0.13609102,0.0,0.0
hardzero_only__c0p58__z1p00__lam0p000__nu0p50__psi0p00,0.07,borrow,32,898,0.0,3,-0.6,-0.5986605,-0.5986605,0.979434,0.104849406,0.104849406,1.0,0.0073394584,0.07,0.0,0.006,0.6,0.5986605,-26.122591,2.1547978,0.71826595,0.16000001,0.0,0.15782401,0.0,0.0
hardzero_only__c0p58__z1p00__lam0p000__nu0p50__psi0p00,0.07,borrow,32,899,0.0,3,-0.5986605,-0.6,-0.60464716,1.0369831,0.0,0.09183681,0.0,0.0,0.07,0.0,0.0059866053,0.5986605,0.6,-28.195374,2.2814085,0.76046956,0.120000005,0.0,0.18113571,0.0,0.0
hardzero_only__c0p58__z1p00__lam0p000__nu0p50__psi0p00,0.07,borrow,32,900,0.0,3,-0.6,-0.5978891,-0.5978891,0.93602914,0.115869954,0.115869954,1.0,0.008110897,0.07,0.0,0.006,0.6,0.5978891,-25.9627,2.0593052,0.6864351,0.16000001,0.0,0.14919622,0.0,0.0
hardzero_only__c0p58__z1p00__lam0p000__nu0p50__psi0p00,0.07,borrow,32,901,0.0,3,-0.5978891,-0.6,-0.603868,1.0129313,0.0,0.09706633,0.0,0.0,0.07,0.0,0.005978891,0.5978891,0.6,-27.502728,2.2284935,0.7428312,0.16800001,0.0,0.14197907,0.0,0.0
hardzero_only__c0p58__z1p00__lam0p000__nu0p50__psi0p00,0.07,borrow,32,902,0.0,3,-0.6,-0.6,-0.606,1.0074841,0.0,0.0982915,0.0,0.0,0.07,0.0,0.006,0.6,0.6,-27.376661,2.2165093,0.73883647,0.18400002,0.0,0.14766195,0.0,0.0
hardzero_only__c0p58__z1p00__lam0p000__nu0p50__psi0p00,0.07,borrow,32,903,0.0,3,-0.6,-0.6,-0.606,1.0027449,0.0,0.09936994,0.0,0.0,0.07,0.0,0.006,0.6,0.6,-28.090252,2.2060828,0.735361,0.16800001,0.0,0.17965189,0.0,0.0
hardzero_only__c0p58__z1p00__lam0p000__nu0p50__psi0p00,0.07,borrow,32,904,0.0,3,-0.6,-0.5980984,-0.5980984,0.9473823,0.11288018,0.11288018,1.0,0.007901613,0.07,0.0,0.006,0.6,0.5980984,-26.195341,2.0842826,0.6947609,0.15200001,0.0,0.15242419,0.0,0.0
hardzero_only__c0p58__z1p00__lam0p000__nu0p50__psi0p00,0.07,borrow,32,905,0.0,3,-0.5980984,-0.5965401,-0.5965401,0.9677682,0.10770398,0.10770398,1.0,0.0075392784,0.07,0.0,0.005980984,0.5980984,0.5965401,-25.592806,2.1291325,0.70971084,0.16800001,0.0,0.13500234,0.0,0.0
hardzero_only__c0p58__z1p00__lam0p000__nu0p50__psi0p00,0.07,borrow,32,906,0.0,3,-0.5965401,-0.5949983,-0.5949983,0.9696189,0.107246004,0.107246004,1.0,0.0075072204,0.07,0.0,0.005965401,0.5965401,0.5949983,-26.956432,2.1332042,0.7110681,0.224,0.0,0.14428692,0.0,0.0
hardzero_only__c0p58__z1p00__lam0p000__nu0p50__psi0p00,0.07,borrow,32,907,0.0,3,-0.5949983,-0.5933052,-0.5933052,0.96182775,0.10918734,0.10918734,1.0,0.007643114,0.07,0.0,0.005949983,0.5949983,0.5933052,-27.042322,2.1160634,0.70535445,0.17600001,0.0,0.13252196,0.0,0.0
hardzero_only__c0p58__z1p00__lam0p000__nu0p50__psi0p00,0.07,borrow,32,908,0.0,3,-0.5933052,-0.5992382,-0.5992382,1.0021015,0.0,0.09951727,0.0,0.0,0.07,0.0,0.0059330515,0.5933052,0.5992382,-27.162762,2.2046673,0.73488915,0.096,0.0,0.1805347,0.0,0.0
hardzero_only__c0p58__z1p00__lam0p000__nu0p50__psi0p00,0.07,borrow,32,909,0.0,3,-0.5992382,-0.59816134,-0.59816134,0.9957247,0.10098928,0.10098928,1.0,0.0070692496,0.07,0.0,0.005992382,0.5992382,0.59816134,-27.04347,2.190638,0.7302127,0.17600001,0.0,0.18699527,0.0,0.0
hardzero_only__c0p58__z1p00__lam0p000__nu0p50__psi0p00,0.07,borrow,32,910,0.0,3,-0.59816134,-0.6,-0.60414296,1.0160372,0.0,0.096374646,0.0,0.0,0.07,0.0,0.0059816134,0.59816134,0.6,-26.638176,2.2353265,0.74510884,0.08,0.0,0.13592543,0.0,0.0
hardzero_only__c0p58__z1p00__lam0p000__nu0p50__psi0p00,0.07,borrow,32,911,0.0,3,-0.6,-0.6,-0.606,1.0201292,0.0,0.09547084,0.0,0.0,0.07,0.0,0.006,0.6,0.6,-27.570759,2.244329,0.7481097,0.2,0.0,0.15371196,0.0,0.0
hardzero_only__c0p58__z1p00__lam0p000__nu0p50__psi0p00,0.07,borrow,32,912,0.0,3,-0.6,-0.5981798,-0.5981798,0.95188,0.1117172,0.1117172,1.0,0.007820204,0.07,0.0,0.006,0.6,0.5981798,-26.027716,2.0941777,0.69805926,0.17600001,0.0,0.11336515,0.0,0.0
hardzero_only__c0p58__z1p00__lam0p000__nu0p50__psi0p00,0.07,borrow,32,913,0.0,3,-0.5981798,-0.5966274,-0.5966274,0.96806014,0.10763161,0.10763161,1.0,0.0075342124,0.07,0.0,0.005981798,0.5981798,0.5966274,-25.790695,2.1297748,0.70992494,0.18400002,0.0,0.13692108,0.0,0.0
hardzero_only__c0p58__z1p00__lam0p000__nu0p50__psi0p00,0.07,borrow,32,914,0.0,3,-0.5966274,-0.595563,-0.595563,0.99810016,0.10043841,0.10043841,1.0,0.0070306887,0.07,0.0,0.005966274,0.5966274,0.595563,-27.225384,2.1958642,0.73195475,0.15200001,0.0,0.15109615,0.0,0.0
hardzero_only__c0p58__z1p00__lam0p000__nu0p50__psi0p00,0.07,borrow,32,915,0.0,3,-0.595563,-0.59373546,-0.59373546,0.9539421,0.11118798,0.11118798,1.0,0.0077831587,0.07,0.0,0.00595563,0.595563,0.59373546,-26.37592,2.0987146,0.69957155,0.208,0.0,0.1541535,0.0,0.0
hardzero_only__c0p58__z1p00__lam0p000__nu0p50__psi0p00,0.07,borrow,32,916,0.0,3,-0.59373546,-0.59253126,-0.59253126,0.99130535,0.10202219,0.10202219,1.0,0.007141554,0.07,0.0,0.0059373546,0.59373546,0.59253126,-27.866562,2.1809154,0.7269718,0.16000001,0.0,0.14533298,0.0,0.0
hardzero_only__c0p58__z1p00__lam0p000__nu0p50__psi0p00,0.07,borrow,32,917,0.0,3,-0.59253126,-0.5911671,-0.5911671,0.9824028,0.1041351,0.1041351,1.0,0.007289457,0.07,0.0,0.0059253126,0.59253126,0.5911671,-27.181364,2.1613293,0.7204431,0.18400002,0.0,0.16088758,0.0,0.0
hardzero_only__c0p58__z1p00__lam0p000__nu0p50__psi0p00,0.07,borrow,32,918,0.0,3,-0.5911671,-0.5890752,-0.5890752,0.94181705,0.114335984,0.114335984,1.0,0.008003519,0.07,0.0,0.0059116706,0.5911671,0.5890752,-25.78915,2.072039,0.69067967,0.2,0.0,0.14148748,0.0,0.0
hardzero_only__c0p58__z1p00__lam0p000__nu0p50__psi0p00,0.07,borrow,32,919,0.0,3,-0.5890752,-0.58727175,-0.58727175,0.95893526,0.10991697,0.10991697,1.0,0.007694188,0.07,0.0,0.0058907517,0.5890752,0.58727175,-26.094444,2.1096997,0.70323324,0.16000001,0.0,0.12343093,0.0,0.0
hardzero_only__c0p58__z1p00__lam0p000__nu0p50__psi0p00,0.07,borrow,32,920,0.0,3,-0.58727175,-0.5931445,-0.5931445,1.0062561,0.0,0.098569795,0.0,0.0,0.07,0.0,0.0058727176,0.58727175,0.5931445,-26.817677,2.2138076,0.7379359,0.15200001,0.0,0.15322979,0.0,0.0
hardzero_only__c0p58__z1p00__lam0p000__nu0p50__psi0p00,0.07,borrow,32,921,0.0,3,-0.5931445,-0.5990759,-0.5990759,1.0081633,0.0,0.09813788,0.0,0.0,0.07,0.0,0.0059314445,0.5931445,0.5990759,-26.91166,2.2180035,0.7393345,0.14400001,0.0,0.14828195,0.0,0.0
hardzero_only__c0p58__z1p00__lam0p000__nu0p50__psi0p00,0.07,borrow,32,922,0.0,3,-0.5990759,-0.6,-0.60506666,1.0026897,0.0,0.09938257,0.0,0.0,0.07,0.0,0.005990759,0.5990759,0.6,-27.32254,2.2059615,0.7353205,0.16000001,0.0,0.15904102,0.0,0.0
hardzero_only__c0p58__z1p00__lam0p000__nu0p50__psi0p00,0.07,borrow,32,923,0.0,3,-0.6,-0.5985996,-0.5985996,0.975843,0.10571996,0.10571996,1.0,0.007400397,0.07,0.0,0.006,0.6,0.5985996,-26.617565,2.1468976,0.71563256,0.22,0.0,0.13908735,0.0,0.0
hardzero_only__c0p58__z1p00__lam0p000__nu0p50__psi0p00,0.07,borrow,32,924,0.0,3,-0.5985996,-0.5975618,-0.5975618,0.99852365,0.100340515,0.100340515,1.0,0.007023836,0.07,0.0,0.005985996,0.5985996,0.5975618,-27.771713,2.196796,0.73226535,0.16800001,0.0,0.15919425,0.0,0.0
hardzero_only__c0p58__z1p00__lam0p000__nu0p50__psi0p00,0.07,borrow,32,925,0.0,3,-0.5975618,-0.6,-0.6035374,1.00021,0.0,0.09995163,0.0,0.0,0.07,0.0,0.0059756176,0.5975618,0.6,-27.183634,2.200506,0.73350203,0.15200001,0.0,0.15948558,0.0,0.0
hardzero_only__c0p58__z1p00__lam0p000__nu0p50__psi0p00,0.07,borrow,32,926,0.0,3,-0.6,-0.5985659,-0.5985659,0.9738679,0.10620185,0.10620185,1.0,0.0074341297,0.07,0.0,0.006,0.6,0.5985659,-27.198002,2.1425521,0.71418405,0.18400002,0.0,0.15912677,0.0,0.0
hardzero_only__c0p58__z1p00__lam0p000__nu0p50__psi0p00,0.07,borrow,32,927,0.0,3,-0.5985659,-0.6,-0.60455155,1.0026735,0.0,0.09938629,0.0,0.0,0.07,0.0,0.0059856586,0.5985659,0.6,-27.205982,2.2059257,0.7353086,0.104,0.008,0.15897164,0.0,0.0
hardzero_only__c0p58__z1p00__lam0p000__nu0p50__psi0p00,0.07,borrow,32,928,0.0,3,-0.6,-0.597791,-0.597791,0.9308084,0.11727124,0.11727124,1.0,0.008208986,0.07,0.0,0.006,0.6,0.597791,-25.920233,2.0478194,0.68260646,0.2,0.0,0.14394268,0.0,0.0
hardzero_only__c0p58__z1p00__lam0p000__nu0p50__psi0p00,0.07,borrow,32,929,0.0,3,-0.597791,-0.59629065,-0.59629065,0.97129554,0.10683274,0.10683274,1.0,0.007478292,0.07,0.0,0.00597791,0.597791,0.59629065,-26.769478,2.1368928,0.7122976,0.18400002,0.0,0.16640598,0.0,0.0
hardzero_only__c0p58__z1p00__lam0p000__nu0p50__psi0p00,0.07,borrow,32,930,0.0,3,-0.59629065,-0.6,-0.60225356,1.0063244,0.0,0.09855429,0.0,0.0,0.07,0.0,0.0059629064,0.59629065,0.6,-27.675798,2.2139578,0.73798597,0.128,0.0,0.16591598,0.0,0.0
hardzero_only__c0p58__z1p00__lam0p000__nu0p50__psi0p00,0.07,borrow,32,931,0.0,3,-0.6,-0.59850305,-0.59850305,0.970214,0.10709912,0.10709912,1.0,0.0074969386,0.07,0.0,0.006,0.6,0.59850305,-26.088896,2.1345134,0.71150446,0.128,0.0,0.13746296,0.0,0.0
hardzero_only__c0p58__z1p00__lam0p000__nu0p50__psi0p00,0.07,borrow,32,932,0.0,3,-0.59850305,-0.6,-0.6044881,1.0307679,0.0,0.09316055,0.0,0.0,0.07,0.0,0.0059850304,0.59850305,0.6,-27.660067,2.2677348,0.7559116,0.128,0.0,0.14668688,0.0,0.0
hardzero_only__c0p58__z1p00__lam0p000__nu0p50__psi0p00,0.07,borrow,32,933,0.0,3,-0.6,-0.6,-0.606,1.0285027,0.0,0.09364773,0.0,0.0,0.07,0.0,0.006,0.6,0.6,-28.449823,2.262751,0.7542504,0.17600001,0.0,0.19463085,0.0,0.0
hardzero_only__c0p58__z1p00__lam0p000__nu0p50__psi0p00,0.07,borrow,32,934,0.0,3,-0.6,-0.6,-0.606,1.0082814,0.0,0.09811121,0.0,0.0,0.07,0.0,0.006,0.6,0.6,-27.107416,2.2182631,0.73942107,0.14400001,0.0,0.14277044,0.0,0.0
hardzero_only__c0p58__z1p00__lam0p000__nu0p50__psi0p00,0.07,borrow,32,935,0.0,3,-0.6,-0.5986783,-0.5986783,0.9804858,0.10459578,0.10459578,1.0,0.0073217046,0.07,0.0,0.006,0.6,0.5986783,-27.07411,2.157112,0.7190373,0.16000001,0.0,0.16278967,0.0,0.0
hardzero_only__c0p58__z1p00__lam0p000__nu0p50__psi0p00,0.07,borrow,32,936,0.0,3,-0.5986783,-0.59729123,-0.59729123,0.9774031,0.10534087,0.10534087,1.0,0.007373861,0.07,0.0,0.0059867827,0.5986783,0.59729123,-26.716837,2.1503298,0.7167766,0.19999999,0.01,0.15433139,0.0,0.0
hardzero_only__c0p58__z1p00__lam0p000__nu0p50__psi0p00,0.07,borrow,32,937,0.0,3,-0.59729123,-0.6,-0.60326415,1.0111989,0.0,0.09745432,0.0,0.0,0.07,0.0,0.005972912,0.59729123,0.6,-26.645477,2.2246819,0.74156064,0.16800001,0.0,0.13877177,0.0,0.0
hardzero_only__c0p58__z1p00__lam0p000__nu0p50__psi0p00,0.07,borrow,32,938,0.0,3,-0.6,-0.5988983,-0.5988983,0.9937349,0.10145305,0.10145305,1.0,0.0071017137,0.07,0.0,0.006,0.6,0.5988983,-27.548641,2.1862605,0.7287535,0.192,0.0,0.14139946,0.0,0.0
hardzero_only__c0p58__z1p00__lam0p000__nu0p50__psi0p00,0.07,borrow,32,939,0.0,3,-0.5988983,-0.5975928,-0.5975928,0.98210293,0.10420703,0.10420703,1.0,0.0072944923,0.07,0.0,0.005988983,0.5988983,0.5975928,-26.129557,2.1606696,0.7202232,0.17600001,0.0,0.15406469,0.0,0.0
hardzero_only__c0p58__z1p00__lam0p000__nu0p50__psi0p00,0.07,borrow,32,940,0.0,3,-0.5975928,-0.5961195,-0.5961195,0.9729918,0.1064163,0.1064163,1.0,0.0074491412,0.07,0.0,0.0059759277,0.5975928,0.5961195,-27.021624,2.1406248,0.7135416,0.18400002,0.0,0.14924411,0.0,0.0
hardzero_only__c0p58__z1p00__lam0p000__nu0p50__psi0p00,0.07,borrow,32,941,0.0,3,-0.5961195,-0.59404725,-0.59404725,0.9401947,0.11476389,0.11476389,1.0,0.008033472,0.07,0.0,0.005961195,0.5961195,0.59404725,-26.649666,2.0684698,0.68948996,0.16800001,0.0,0.1419808,0.0,0.0
hardzero_only__c0p58__z1p00__lam0p000__nu0p50__psi0p00,0.07,borrow,32,942,0.0,3,-0.59404725,-0.59998775,-0.59998775,1.0277851,0.0,0.09380261,0.0,0.0,0.07,0.0,0.0059404722,0.59404725,0.59998775,-27.925547,2.2611723,0.7537241,0.14400001,0.0,0.19657777,0.0,0.0
hardzero_only__c0p58__z1p00__lam0p000__nu0p50__psi0p00,0.07,borrow,32,943,0.0,3,-0.59998775,-0.6,-0.6059876,1.0390687,0.0,0.091396876,0.0,0.0,0.07,0.0,0.005999877,0.59998775,0.6,-27.469688,2.285997,0.761999,0.16000001,0.0,0.15906052,0.0,0.0
hardzero_only__c0p58__z1p00__lam0p000__nu0p50__psi0p00,0.07,borrow,32,944,0.0,3,-0.6,-0.5987622,-0.5987622,0.9854928,0.103396825,0.103396825,1.0,0.007237778,0.07,0.0,0.006,0.6,0.5987622,-27.100065,2.1681275,0.7227092,0.2,0.0,0.15550697,0.0,0.0
hardzero_only__c0p58__z1p00__lam0p000__nu0p50__psi0p00,0.07,borrow,32,945,0.0,3,-0.5987622,-0.6,-0.60474986,1.0038793,0.0,0.099110745,0.0,0.0,0.07,0.0,0.005987622,0.5987622,0.6,-26.7579,2.2085786,0.7361929,0.136,0.0,0.14772627,0.0,0.0
hardzero_only__c0p58__z1p00__lam0p000__nu0p50__psi0p00,0.07,borrow,32,946,0.0,3,-0.6,-0.5986396,-0.5986396,0.9781977,0.10514831,0.10514831,1.0,0.0073603815,0.07,0.0,0.006,0.6,0.5986396,-26.016922,2.152078,0.7173593,0.18400002,0.0,0.17832519,0.0,0.0
hardzero_only__c0p58__z1p00__lam0p000__nu0p50__psi0p00,0.07,borrow,32,947,0.0,3,-0.5986396,-0.5968045,-0.5968045,0.95180744,0.11173585,0.11173585,1.0,0.00782151,0.07,0.0,0.0059863958,0.5986396,0.5968045,-25.87475,2.0940182,0.6980061,0.264,0.008,0.15121658,0.0,0.0
hardzero_only__c0p58__z1p00__lam0p000__nu0p50__psi0p00,0.07,borrow,32,948,0.0,3,-0.5968045,-0.59513426,-0.59513426,0.9621018,0.10911845,0.10911845,1.0,0.0076382915,0.07,0.0,0.005968045,0.5968045,0.59513426,-26.36821,2.1166663,0.70555544,0.28,0.0,0.16846344,0.0,0.0
hardzero_only__c0p58__z1p00__lam0p000__nu0p50__psi0p00,0.07,borrow,32,949,0.0,3,-0.59513426,-0.5940067,-0.5940067,0.9951335,0.10112684,0.10112684,1.0,0.007078879,0.07,0.0,0.0059513426,0.59513426,0.5940067,-26.666739,2.1893375,0.7297792,0.08,0.0,0.14726567,0.0,0.0
hardzero_only__c0p58__z1p00__lam0p000__nu0p50__psi0p00,0.07,borrow,32,950,0.0,3,-0.5940067,-0.5926944,-0.5926944,0.9846174,0.10360544,0.10360544,1.0,0.007252381,0.07,0.0,0.005940067,0.5940067,0.5926944,-26.573801,2.1662016,0.72206724,0.16800001,0.0,0.13851161,0.0,0.0
hardzero_only__c0p58__z1p00__lam0p000__nu0p50__psi0p00,0.07,borrow,32,951,0.0,3,-0.5926944,-0.5908589,-0.5908589,0.955098,0.11089245,0.11089245,1.0,0.0077624717,0.07,0.0,0.005926944,0.5926944,0.5908589,-26.68452,2.1012576,0.7004192,0.16800001,0.0,0.14658035,0.0,0.0
hardzero_only__c0p58__z1p00__lam0p000__nu0p50__psi0p00,0.07,borrow,32,952,0.0,3,-0.5908589,-0.5967675,-0.5967675,1.0179831,0.0,0.0959438,0.0,0.0,0.07,0.0,0.0059085884,0.5908589,0.5967675,-27.078192,2.2396076,0.7465359,0.128,0.0,0.20509902,0.0,0.0
hardzero_only__c0p58__z1p00__lam0p000__nu0p50__psi0p00,0.07,borrow,32,953,0.0,3,-0.5967675,-0.5952059,-0.5952059,0.9683464,0.10756068,0.10756068,1.0,0.0075292476,0.07,0.0,0.005967675,0.5967675,0.5952059,-25.712368,2.1304047,0.7101349,0.14400001,0.0,0.12609717,0.0,0.0
hardzero_only__c0p58__z1p00__lam0p000__nu0p50__psi0p00,0.07,borrow,32,954,0.0,3,-0.5952059,-0.5939686,-0.5939686,0.9884065,0.10270545,0.10270545,1.0,0.0071893814,0.07,0.0,0.005952059,0.5952059,0.5939686,-27.28773,2.1745377,0.7248459,0.24000001,0.0,0.1682082,0.0,0.0
hardzero_only__c0p58__z1p00__lam0p000__nu0p50__psi0p00,0.07,borrow,32,955,0.0,3,-0.5939686,-0.5919356,-0.5919356,0.9434954,0.113894984,0.113894984,1.0,0.007972649,0.07,0.0,0.0059396857,0.5939686,0.5919356,-27.344006,2.0757313,0.69191045,0.24000001,0.008,0.14792943,0.0,0.0
hardzero_only__c0p58__z1p00__lam0p000__nu0p50__psi0p00,0.07,borrow,32,956,0.0,3,-0.5919356,-0.59078604,-0.59078604,0.9957492,0.10098358,0.10098358,1.0,0.007068851,0.07,0.0,0.0059193554,0.5919356,0.59078604,-26.48286,2.190692,0.7302307,0.15200001,0.008,0.14616314,0.0,0.0
hardzero_only__c0p58__z1p00__lam0p000__nu0p50__psi0p00,0.07,borrow,32,957,0.0,3,-0.59078604,-0.5884421,-0.5884421,0.9285502,0.11788263,0.11788263,1.0,0.008251784,0.07,0.0,0.00590786,0.59078604,0.5884421,-25.931482,2.0428512,0.6809504,0.216,0.0,0.11843478,0.0,0.0
hardzero_only__c0p58__z1p00__lam0p000__nu0p50__psi0p00,0.07,borrow,32,958,0.0,3,-0.5884421,-0.5871935,-0.5871935,0.99182683,0.10189975,0.10189975,1.0,0.0071329824,0.07,0.0,0.0058844206,0.5884421,0.5871935,-27.373146,2.1820626,0.7273542,0.136,0.0,0.15201305,0.0,0.0
hardzero_only__c0p58__z1p00__lam0p000__nu0p50__psi0p00,0.07,borrow,32,959,0.0,3,-0.5871935,-0.585495,-0.585495,0.96597815,0.10814883,0.10814883,1.0,0.007570418,0.07,0.0,0.005871935,0.5871935,0.585495,-26.326519,2.1251943,0.7083981,0.16800001,0.0,0.15129128,0.0,0.0
hardzero_only__c0p58__z1p00__lam0p000__nu0p50__psi0p00,0.07,borrow,32,960,0.0,3,-0.585495,-0.59134996,-0.59134996,1.048815,0.0,0.089368604,0.0,0.0,0.07,0.0,0.00585495,0.585495,0.59134996,-28.199057,2.307439,0.7691464,0.16800001,0.0,0.17385216,0.0,0.0
hardzero_only__c0p58__z1p00__lam0p000__nu0p50__psi0p00,0.07,borrow,32,961,0.0,3,-0.59134996,-0.59726346,-0.59726346,1.0374287,0.0,0.09174265,0.0,0.0,0.07,0.0,0.0059134993,0.59134996,0.59726346,-28.374392,2.282389,0.7607963,0.096,0.0,0.16281226,0.0,0.0
hardzero_only__c0p58__z1p00__lam0p000__nu0p50__psi0p00,0.07,borrow,32,962,0.0,3,-0.59726346,-0.6,-0.6032361,1.0072957,0.0,0.09833413,0.0,0.0,0.07,0.0,0.0059726345,0.59726346,0.6,-26.471907,2.2160947,0.73869824,0.13,0.0,0.13180876,0.0,0.0
hardzero_only__c0p58__z1p00__lam0p000__nu0p50__psi0p00,0.07,borrow,32,963,0.0,3,-0.6,-0.59868497,-0.59868497,0.9808829,0.10450019,0.10450019,1.0,0.007315013,0.07,0.0,0.006,0.6,0.59868497,-26.912918,2.1579854,0.7193285,0.192,0.0,0.1704741,0.0,0.0
hardzero_only__c0p58__z1p00__lam0p000__nu0p50__psi0p00,0.07,borrow,32,964,0.0,3,-0.59868497,-0.5970861,-0.5970861,0.9650998,0.108367786,0.108367786,1.0,0.007585745,0.07,0.0,0.0059868493,0.59868497,0.5970861,-27.459988,2.123262,0.707754,0.192,0.0,0.13734321,0.0,0.0
hardzero_only__c0p58__z1p00__lam0p000__nu0p50__psi0p00,0.07,borrow,32,965,0.0,3,-0.5970861,-0.59570825,-0.59570825,0.97889096,0.1049806,0.1049806,1.0,0.007348642,0.07,0.0,0.0059708604,0.5970861,0.59570825,-26.657763,2.153603,0.71786773,0.136,0.0,0.12381531,0.0,0.0
hardzero_only__c0p58__z1p00__lam0p000__nu0p50__psi0p00,0.07,borrow,32,966,0.0,3,-0.59570825,-0.59384924,-0.59384924,0.95210785,0.11165859,0.11165859,1.0,0.007816101,0.07,0.0,0.0059570824,0.59570825,0.59384924,-25.727173,2.094679,0.6982264,0.18400002,0.0,0.14770149,0.0,0.0
hardzero_only__c0p58__z1p00__lam0p000__nu0p50__psi0p00,0.07,borrow,32,967,0.0,3,-0.59384924,-0.59204334,-0.59204334,0.95611113,0.110634044,0.110634044,1.0,0.007744383,0.07,0.0,0.0059384922,0.59384924,0.59204334,-26.094767,2.1034865,0.7011622,0.23200001,0.0,0.1465854,0.0,0.0
hardzero_only__c0p58__z1p00__lam0p000__nu0p50__psi0p00,0.07,borrow,32,968,0.0,3,-0.59204334,-0.59039366,-0.59039366,0.96599674,0.10814421,0.10814421,1.0,0.0075700944,0.07,0.0,0.0059204334,0.59204334,0.59039366,-25.67468,2.1252353,0.7084118,0.16800001,0.0,0.12283845,0.0,0.0
hardzero_only__c0p58__z1p00__lam0p000__nu0p50__psi0p00,0.07,borrow,32,969,0.0,3,-0.59039366,-0.5885084,-0.5885084,0.95360607,0.11127406,0.11127406,1.0,0.0077891843,0.07,0.0,0.0059039365,0.59039366,0.5885084,-26.385712,2.0979753,0.6993251,0.192,0.0,0.1560208,0.0,0.0
hardzero_only__c0p58__z1p00__lam0p000__nu0p50__psi0p00,0.07,borrow,32,970,0.0,3,-0.5885084,-0.5870345,-0.5870345,0.9782817,0.105127975,0.105127975,1.0,0.0073589585,0.07,0.0,0.005885084,0.5885084,0.5870345,-26.256842,2.1522627,0.71742094,0.216,0.0,0.16488129,0.0,0.0
hardzero_only__c0p58__z1p00__lam0p000__nu0p50__psi0p00,0.07,borrow,32,971,0.0,3,-0.5870345,-0.58509535,-0.58509535,0.95247316,0.1115647,0.1115647,1.0,0.007809529,0.07,0.0,0.005870345,0.5870345,0.58509535,-26.171625,2.0954828,0.6984943,0.136,0.0,0.13741978,0.0,0.0
hardzero_only__c0p58__z1p00__lam0p000__nu0p50__psi0p00,0.07,borrow,32,972,0.0,3,-0.58509535,-0.583699,-0.583699,0.98492086,0.10353307,0.10353307,1.0,0.007247315,0.07,0.0,0.0058509535,0.58509535,0.583699,-26.979298,2.1668692,0.72228974,0.15200001,0.0,0.14962773,0.0,0.0
hardzero_only__c0p58__z1p00__lam0p000__nu0p50__psi0p00,0.07,borrow,32,973,0.0,3,-0.583699,-0.58251995,-0.58251995,0.99900645,0.100229025,0.100229025,1.0,0.007016032,0.07,0.0,0.0058369897,0.583699,0.58251995,-26.653538,2.197858,0.7326194,0.16000001,0.0,0.14315239,0.0,0.0
hardzero_only__c0p58__z1p00__lam0p000__nu0p50__psi0p00,0.07,borrow,32,974,0.0,3,-0.58251995,-0.58834517,-0.58834517,1.0170516,0.0,0.0961498,0.0,0.0,0.07,0.0,0.005825199,0.58251995,0.58834517,-27.018938,2.2375581,0.7458527,0.14400001,0.0,0.17866644,0.0,0.0
hardzero_only__c0p58__z1p00__lam0p000__nu0p50__psi0p00,0.07,borrow,32,975,0.0,3,-0.58834517,-0.5942286,-0.5942286,1.0665703,0.0,0.08578861,0.0,0.0,0.07,0.0,0.0058834516,0.58834517,0.5942286,-28.744087,2.3465014,0.78216714,0.12,0.0,0.18274382,0.0,0.0
hardzero_only__c0p58__z1p00__lam0p000__nu0p50__psi0p00,0.07,borrow,32,976,0.0,3,-0.5942286,-0.592838,-0.592838,0.9798212,0.104755975,0.104755975,1.0,0.0073329182,0.07,0.0,0.005942286,0.5942286,0.592838,-26.84972,2.1556497,0.7185499,0.15200001,0.0,0.1369861,0.0,0.0
hardzero_only__c0p58__z1p00__lam0p000__nu0p50__psi0p00,0.07,borrow,32,977,0.0,3,-0.592838,-0.5916192,-0.5916192,0.9909628,0.10210269,0.10210269,1.0,0.0071471883,0.07,0.0,0.00592838,0.592838,0.5916192,-26.912987,2.1801617,0.7267206,0.16000001,0.0,0.14653113,0.0,0.0
hardzero_only__c0p58__z1p00__lam0p000__nu0p50__psi0p00,0.07,borrow,32,978,0.0,3,-0.5916192,-0.58972055,-0.58972055,0.95217776,0.11164062,0.11164062,1.0,0.007814843,0.07,0.0,0.0059161917,0.5916192,0.58972055,-25.824451,2.094833,0.69827765,0.16000001,0.0,0.13915147,0.0,0.0
hardzero_only__c0p58__z1p00__lam0p000__nu0p50__psi0p00,0.07,borrow,32,979,0.0,3,-0.58972055,-0.5956178,-0.5956178,1.0068095,0.0,0.09844429,0.0,0.0,0.07,0.0,0.0058972053,0.58972055,0.5956178,-26.673775,2.215025,0.7383417,0.15200001,0.0,0.14091156,0.0,0.0
hardzero_only__c0p58__z1p00__lam0p000__nu0p50__psi0p00,0.07,borrow,32,980,0.0,3,-0.5956178,-0.6,-0.60157394,1.0494429,0.0,0.08923949,0.0,0.0,0.07,0.0,0.0059561776,0.5956178,0.6,-27.602154,2.3088205,0.7696068,0.16800001,0.0,0.16628715,0.0,0.0
hardzero_only__c0p58__z1p00__lam0p000__nu0p50__psi0p00,0.07,borrow,32,981,0.0,3,-0.6,-0.6,-0.606,1.0395797,0.0,0.09128937,0.0,0.0,0.07,0.0,0.006,0.6,0.6,-28.343788,2.287121,0.7623737,0.14400001,0.0,0.18485804,0.0,0.0
hardzero_only__c0p58__z1p00__lam0p000__nu0p50__psi0p00,0.07,borrow,32,982,0.0,3,-0.6,-0.59876573,-0.59876573,0.98570186,0.10334706,0.10334706,1.0,0.0072342944,0.07,0.0,0.006,0.6,0.59876573,-26.815308,2.1685874,0.7228625,0.17600001,0.0,0.14944135,0.0,0.0
hardzero_only__c0p58__z1p00__lam0p000__nu0p50__psi0p00,0.07,borrow,32,983,0.0,3,-0.59876573,-0.6,-0.6047534,1.0073198,0.0,0.09832867,0.0,0.0,0.07,0.0,0.0059876572,0.59876573,0.6,-26.480818,2.216148,0.738716,0.128,0.0,0.15531723,0.0,0.0
hardzero_only__c0p58__z1p00__lam0p000__nu0p50__psi0p00,0.07,borrow,32,984,0.0,3,-0.6,-0.6,-0.606,1.0120271,0.0,0.09726864,0.0,0.0,0.07,0.0,0.006,0.6,0.6,-28.21706,2.226504,0.74216807,0.16000001,0.0,0.18179744,0.0,0.0
hardzero_only__c0p58__z1p00__lam0p000__nu0p50__psi0p00,0.07,borrow,32,985,0.0,3,-0.6,-0.59863394,-0.59863394,0.977861,0.10522987,0.10522987,1.0,0.007366091,0.07,0.0,0.006,0.6,0.59863394,-26.682423,2.1513371,0.7171124,0.18400002,0.0,0.1398017,0.0,0.0
hardzero_only__c0p58__z1p00__lam0p000__nu0p50__psi0p00,0.07,borrow,32,986,0.0,3,-0.59863394,-0.5973427,-0.5973427,0.9831139,0.10396475,0.10396475,1.0,0.007277533,0.07,0.0,0.0059863394,0.59863394,0.5973427,-26.184816,2.1628938,0.7209646,0.16800001,0.0,0.1361982,0.0,0.0
hardzero_only__c0p58__z1p00__lam0p000__nu0p50__psi0p00,0.07,borrow,32,987,0.0,3,-0.5973427,-0.59602827,-0.59602827,0.98249954,0.10411192,0.10411192,1.0,0.0072878343,0.07,0.0,0.005973427,0.5973427,0.59602827,-26.081507,2.1615422,0.72051406,0.112,0.0,0.13672586,0.0,0.0
hardzero_only__c0p58__z1p00__lam0p000__nu0p50__psi0p00,0.07,borrow,32,988,0.0,3,-0.59602827,-0.5944668,-0.5944668,0.96877915,0.10745357,0.10745357,1.0,0.00752175,0.07,0.0,0.0059602824,0.59602827,0.5944668,-26.26078,2.1313567,0.71045226,0.16,0.0,0.16368455,0.0,0.0
hardzero_only__c0p58__z1p00__lam0p000__nu0p50__psi0p00,0.07,borrow,32,989,0.0,3,-0.5944668,-0.6,-0.6004115,1.0622392,0.0,0.08664845,0.0,0.0,0.07,0.0,0.005944668,0.5944668,0.6,-28.979626,2.3369727,0.7789909,0.136,0.0,0.19807959,0.0,0.0
hardzero_only__c0p58__z1p00__lam0p000__nu0p50__psi0p00,0.07,borrow,32,990,0.0,3,-0.6,-0.59809065,-0.59809065,0.9469553,0.11299122,0.11299122,1.0,0.0079093855,0.07,0.0,0.006,0.6,0.59809065,-26.553421,2.0833433,0.69444776,0.16000001,0.0,0.14591804,0.0,0.0
hardzero_only__c0p58__z1p00__lam0p000__nu0p50__psi0p00,0.07,borrow,32,991,0.0,3,-0.59809065,-0.5965641,-0.5965641,0.9696045,0.10724956,0.10724956,1.0,0.007507469,0.07,0.0,0.0059809065,0.59809065,0.5965641,-27.293247,2.1331725,0.71105754,0.2,0.0,0.15179245,0.0,0.0
hardzero_only__c0p58__z1p00__lam0p000__nu0p50__psi0p00,0.07,borrow,32,992,0.0,3,-0.5965641,-0.5955069,-0.5955069,0.99858457,0.10032645,0.10032645,1.0,0.0070228516,0.07,0.0,0.0059656412,0.5965641,0.5955069,-26.602673,2.19693,0.73231,0.128,0.0,0.13884853,0.0,0.0
hardzero_only__c0p58__z1p00__lam0p000__nu0p50__psi0p00,0.07,borrow,32,993,0.0,3,-0.5955069,-0.5934314,-0.5934314,0.9403548,0.114721596,0.114721596,1.0,0.008030511,0.07,0.0,0.005955069,0.5955069,0.5934314,-26.042448,2.068822,0.6896073,0.18400002,0.0,0.13970828,0.0,0.0
hardzero_only__c0p58__z1p00__lam0p000__nu0p50__psi0p00,0.07,borrow,32,994,0.0,3,-0.5934314,-0.5993657,-0.5993657,1.0106759,0.0,0.09757175,0.0,0.0,0.07,0.0,0.005934314,0.5934314,0.5993657,-27.42248,2.2235315,0.7411772,0.16800001,0.0,0.15249166,0.0,0.0
hardzero_only__c0p58__z1p00__lam0p000__nu0p50__psi0p00,0.07,borrow,32,995,0.0,3,-0.5993657,-0.59784794,-0.59784794,0.96937346,0.107306615,0.107306615,1.0,0.007511463,0.07,0.0,0.005993657,0.5993657,0.59784794,-25.3173,2.1326642,0.7108881,0.272,0.0,0.1431185,0.0,0.0
hardzero_only__c0p58__z1p00__lam0p000__nu0p50__psi0p00,0.07,borrow,32,996,0.0,3,-0.59784794,-0.59606314,-0.59606314,0.95505464,0.11090353,0.11090353,1.0,0.007763247,0.07,0.0,0.005978479,0.59784794,0.59606314,-26.612698,2.1011622,0.7003874,0.24800001,0.0,0.1558034,0.0,0.0
hardzero_only__c0p58__z1p00__lam0p000__nu0p50__psi0p00,0.07,borrow,32,997,0.0,3,-0.59606314,-0.6,-0.6020238,1.0406628,0.0,0.09106202,0.0,0.0,0.07,0.0,0.005960631,0.59606314,0.6,-28.234882,2.2895038,0.763168,0.120000005,0.0,0.15237865,0.0,0.0
hardzero_only__c0p58__z1p00__lam0p000__nu0p50__psi0p00,0.07,borrow,32,998,0.0,3,-0.6,-0.59744567,-0.59744567,0.91291136,0.122204915,0.122204915,1.0,0.008554344,0.07,0.0,0.006,0.6,0.59744567,-24.99793,2.008445,0.6694817,0.18400002,0.0,0.12709971,0.0,0.0
hardzero_only__c0p58__z1p00__lam0p000__nu0p50__psi0p00,0.07,borrow,32,999,0.0,3,-0.59744567,-0.59607595,-0.59607595,0.9791531,0.10491725,0.10491725,1.0,0.0073442077,0.07,0.0,0.0059744567,0.59744567,0.59607595,-26.686737,2.1541798,0.71805996,0.16800001,0.0,0.17541417,0.0,0.0
hardzero_only__c0p58__z1p00__lam0p000__nu0p50__psi0p00,0.07,borrow,32,1000,0.0,3,-0.59607595,-0.5941909,-0.5941909,0.9504587,0.1120834,0.1120834,1.0,0.007845838,0.07,0.0,0.0059607592,0.59607595,0.5941909,-25.533657,2.0910509,0.69701695,0.2,0.0,0.14131851,0.0,0.0
hardzero_only__c0p58__z1p00__lam0p000__nu0p50__psi0p00,0.07,borrow,32,1001,0.0,3,-0.5941909,-0.59266526,-0.59266526,0.9719192,0.10667945,0.10667945,1.0,0.0074675614,0.07,0.0,0.005941909,0.5941909,0.59266526,-26.814936,2.138265,0.71275496,0.19999999,0.0,0.15147619,0.0,0.0
hardzero_only__c0p58__z1p00__lam0p000__nu0p50__psi0p00,0.07,borrow,32,1002,0.0,3,-0.59266526,-0.5985919,-0.5985919,1.0073687,0.0,0.09831761,0.0,0.0,0.07,0.0,0.0059266523,0.59266526,0.5985919,-26.373,2.2162554,0.7387518,0.14400001,0.0,0.13663667,0.0,0.0
hardzero_only__c0p58__z1p00__lam0p000__nu0p50__psi0p00,0.07,borrow,32,1003,0.0,3,-0.5985919,-0.6,-0.60457784,1.0238392,0.0,0.094658755,0.0,0.0,0.07,0.0,0.005985919,0.5985919,0.6,-27.073896,2.2524912,0.7508304,0.192,0.0,0.14944781,0.0,0.0
hardzero_only__c0p58__z1p00__lam0p000__nu0p50__psi0p00,0.07,borrow,32,1004,0.0,3,-0.6,-0.5984185,-0.5984185,0.9653417,0.10830744,0.10830744,1.0,0.0075815213,0.07,0.0,0.006,0.6,0.5984185,-26.43526,2.123794,0.7079314,0.2,0.0,0.15182409,0.0,0.0
hardzero_only__c0p58__z1p00__lam0p000__nu0p50__psi0p00,0.07,borrow,32,1005,0.0,3,-0.5984185,-0.6,-0.60440266,1.0346782,0.0,0.09232552,0.0,0.0,0.07,0.0,0.005984185,0.5984185,0.6,-27.796352,2.2763376,0.7587792,0.15200001,0.0,0.13193837,0.0,0.0
hardzero_only__c0p58__z1p00__lam0p000__nu0p50__psi0p00,0.07,borrow,32,1006,0.0,3,-0.6,-0.59836847,-0.59836847,0.96248645,0.10902184,0.10902184,1.0,0.007631529,0.07,0.0,0.006,0.6,0.59836847,-25.711535,2.1175125,0.7058375,0.17600001,0.0,0.12677066,0.0,0.0
hardzero_only__c0p58__z1p00__lam0p000__nu0p50__psi0p00,0.07,borrow,32,1007,0.0,3,-0.59836847,-0.59688497,-0.59688497,0.9719392,0.106674545,0.106674545,1.0,0.007467218,0.07,0.0,0.0059836847,0.59836847,0.59688497,-27.628056,2.138309,0.7127697,0.17600001,0.0,0.15102842,0.0,0.0
hardzero_only__c0p58__z1p00__lam0p000__nu0p50__psi0p00,0.07,borrow,32,1008,0.0,3,-0.59688497,-0.5950983,-0.5950983,0.95548815,0.110792875,0.110792875,1.0,0.007755501,0.07,0.0,0.0059688496,0.59688497,0.5950983,-25.4337,2.1021159,0.7007053,0.14400001,0.0,0.11922656,0.0,0.0
hardzero_only__c0p58__z1p00__lam0p000__nu0p50__psi0p00,0.07,borrow,32,1009,0.0,3,-0.5950983,-0.5933842,-0.5933842,0.9605809,0.10950127,0.10950127,1.0,0.0076650893,0.07,0.0,0.005950983,0.5950983,0.5933842,-27.058681,2.11332,0.70444006,0.224,0.0,0.18025568,0.0,0.0
hardzero_only__c0p58__z1p00__lam0p000__nu0p50__psi0p00,0.07,borrow,32,1010,0.0,3,-0.5933842,-0.5909587,-0.5909587,0.9229281,0.11941859,0.11941859,1.0,0.008359302,0.07,0.0,0.005933842,0.5933842,0.5909587,-25.043024,2.0304823,0.67682743,0.28800002,0.0,0.1247771,0.0,0.0
hardzero_only__c0p58__z1p00__lam0p000__nu0p50__psi0p00,0.07,borrow,32,1011,0.0,3,-0.5909587,-0.5894643,-0.5894643,0.97563446,0.10577073,0.10577073,1.0,0.007403951,0.07,0.0,0.005909587,0.5909587,0.5894643,-26.58664,2.1464386,0.71547955,0.17600001,0.0,0.13297296,0.0,0.0
hardzero_only__c0p58__z1p00__lam0p000__nu0p50__psi0p00,0.07,borrow,32,1012,0.0,3,-0.5894643,-0.5872048,-0.5872048,0.93372065,0.11648751,0.11648751,1.0,0.008154126,0.07,0.0,0.005894643,0.5894643,0.5872048,-25.032267,2.0542264,0.68474215,0.24800001,0.0,0.12827118,0.0,0.0
hardzero_only__c0p58__z1p00__lam0p000__nu0p50__psi0p00,0.07,borrow,32,1013,0.0,3,-0.5872048,-0.5930769,-0.5930769,1.007006,0.0,0.09839972,0.0,0.0,0.07,0.0,0.005872048,0.5872048,0.5930769,-26.480394,2.2154574,0.7384858,0.16000001,0.0,0.1578649,0.0,0.0
hardzero_only__c0p58__z1p00__lam0p000__nu0p50__psi0p00,0.07,borrow,32,1014,0.0,3,-0.5930769,-0.59095114,-0.59095114,0.938951,0.115093,0.115093,1.0,0.00805651,0.07,0.0,0.005930769,0.5930769,0.59095114,-26.46266,2.0657334,0.68857783,0.26999998,0.0,0.14659287,0.0,0.0
hardzero_only__c0p58__z1p00__lam0p000__nu0p50__psi0p00,0.07,borrow,32,1015,0.0,3,-0.59095114,-0.5895028,-0.5895028,0.9783468,0.10511221,0.10511221,1.0,0.007357855,0.07,0.0,0.0059095114,0.59095114,0.5895028,-26.403112,2.152406,0.7174687,0.16800001,0.0,0.15308228,0.0,0.0
hardzero_only__c0p58__z1p00__lam0p000__nu0p50__psi0p00,0.07,borrow,32,1016,0.0,3,-0.5895028,-0.5880269,-0.5880269,0.9775738,0.10529946,0.10529946,1.0,0.0073709623,0.07,0.0,0.005895028,0.5895028,0.5880269,-26.780025,2.1507053,0.7169018,0.216,0.0,0.15537578,0.0,0.0
hardzero_only__c0p58__z1p00__lam0p000__nu0p50__psi0p00,0.07,borrow,32,1017,0.0,3,-0.5880269,-0.5939072,-0.5939072,1.0059688,0.0,0.09863503,0.0,0.0,0.07,0.0,0.0058802688,0.5880269,0.5939072,-26.765707,2.2131755,0.7377252,0.120000005,0.0,0.13947277,0.0,0.0
hardzero_only__c0p58__z1p00__lam0p000__nu0p50__psi0p00,0.07,borrow,32,1018,0.0,3,-0.5939072,-0.59232455,-0.59232455,0.9687832,0.10745257,0.10745257,1.0,0.00752168,0.07,0.0,0.0059390715,0.5939072,0.59232455,-26.701761,2.1313655,0.7104552,0.16800001,0.0,0.15848319,0.0,0.0
hardzero_only__c0p58__z1p00__lam0p000__nu0p50__psi0p00,0.07,borrow,32,1019,0.0,3,-0.59232455,-0.5908813,-0.5908813,0.9778341,0.10523637,0.10523637,1.0,0.0073665455,0.07,0.0,0.0059232456,0.59232455,0.5908813,-26.41632,2.151278,0.7170927,0.15200001,0.0,0.16203804,0.0,0.0
hardzero_only__c0p58__z1p00__lam0p000__nu0p50__psi0p00,0.07,borrow,32,1020,0.0,3,-0.5908813,-0.58917874,-0.58917874,0.9636363,0.10873358,0.10873358,1.0,0.0076113506,0.07,0.0,0.005908813,0.5908813,0.58917874,-26.446333,2.120042,0.7066807,0.208,0.0,0.176323,0.0,0.0
hardzero_only__c0p58__z1p00__lam0p000__nu0p50__psi0p00,0.07,borrow,32,1021,0.0,3,-0.58917874,-0.5874662,-0.5874662,0.9640341,0.10863405,0.10863405,1.0,0.0076043834,0.07,0.0,0.0058917874,0.58917874,0.5874662,-26.417128,2.1209173,0.7069725,0.224,0.0,0.18733956,0.0,0.0
hardzero_only__c0p58__z1p00__lam0p000__nu0p50__psi0p00,0.07,borrow,32,1022,0.0,3,-0.5874662,-0.5854025,-0.5854025,0.9453706,0.113404274,0.113404274,1.0,0.007938299,0.07,0.0,0.0058746617,0.5874662,0.5854025,-25.758186,2.0798569,0.69328564,0.18400002,0.0,0.13924712,0.0,0.0
hardzero_only__c0p58__z1p00__lam0p000__nu0p50__psi0p00,0.07,borrow,32,1023,0.0,3,-0.5854025,-0.5836066,-0.5836066,0.96144307,0.10928409,0.10928409,1.0,0.0076498864,0.07,0.0,0.0058540246,0.5854025,0.5836066,-25.9581,2.115217,0.70507234,0.192,0.0,0.12232546,0.0,0.0
hardzero_only__c0p58__z1p00__lam0p000__nu0p50__psi0p00,0.07,borrow,32,1024,0.0,3,-0.5836066,-0.5818011,-0.5818011,0.96191674,0.109164946,0.109164946,1.0,0.0076415464,0.07,0.0,0.005836066,0.5836066,0.5818011,-26.665447,2.116259,0.7054197,0.128,0.0,0.16257888,0.0,0.0
hardzero_only__c0p58__z1p00__lam0p000__nu0p50__psi0p00,0.07,borrow,32,1025,0.0,3,-0.5818011,-0.57960796,-0.57960796,0.941403,0.114445046,0.114445046,1.0,0.008011153,0.07,0.0,0.0058180112,0.5818011,0.57960796,-25.730288,2.071128,0.690376,0.224,0.0,0.13030714,0.0,0.0
hardzero_only__c0p58__z1p00__lam0p000__nu0p50__psi0p00,0.07,borrow,32,1026,0.0,3,-0.57960796,-0.5780688,-0.5780688,0.9796849,0.10478885,0.10478885,1.0,0.0073352195,0.07,0.0,0.0057960795,0.57960796,0.5780688,-26.418127,2.1553497,0.71844995,0.208,0.0,0.22864337,0.0,0.0
hardzero_only__c0p58__z1p00__lam0p000__nu0p50__psi0p00,0.07,borrow,32,1027,0.0,3,-0.5780688,-0.57672536,-0.57672536,0.9923654,0.10177347,0.10177347,1.0,0.007124143,0.07,0.0,0.005780688,0.5780688,0.57672536,-26.54823,2.1832476,0.7277492,0.19999999,0.0,0.16647393,0.0,0.0
hardzero_only__c0p58__z1p00__lam0p000__nu0p50__psi0p00,0.07,borrow,32,1028,0.0,3,-0.57672536,-0.5745658,-0.5745658,0.94600135,0.113239676,0.113239676,1.0,0.007926777,0.07,0.0,0.0057672537,0.57672536,0.5745658,-26.078543,2.0812445,0.6937482,0.192,0.008,0.14905287,0.0,0.0
hardzero_only__c0p58__z1p00__lam0p000__nu0p50__psi0p00,0.07,borrow,32,1029,0.0,3,-0.5745658,-0.5729134,-0.5729134,0.9759784,0.10568702,0.10568702,1.0,0.0073980917,0.07,0.0,0.005745658,0.5745658,0.5729134,-26.906126,2.1471953,0.7157318,0.16000001,0.0,0.16052715,0.0,0.0
hardzero_only__c0p58__z1p00__lam0p000__nu0p50__psi0p00,0.07,borrow,32,1030,0.0,3,-0.5729134,-0.5714189,-0.5714189,0.986339,0.10319557,0.10319557,1.0,0.00722369,0.07,0.0,0.0057291337,0.5729134,0.5714189,-26.564013,2.169989,0.7233297,0.16800001,0.0,0.15895712,0.0,0.0
hardzero_only__c0p58__z1p00__lam0p000__nu0p50__psi0p00,0.07,borrow,32,1031,0.0,3,-0.5714189,-0.57713306,-0.57713306,1.0018777,0.0,0.09956858,0.0,0.0,0.07,0.0,0.005714189,0.5714189,0.57713306,-27.08457,2.2041748,0.73472494,0.18400002,0.008,0.162051,0.0,0.0
hardzero_only__c0p58__z1p00__lam0p000__nu0p50__psi0p00,0.07,borrow,32,1032,0.0,3,-0.57713306,-0.5829044,-0.5829044,1.0227498,0.0,0.09489649,0.0,0.0,0.07,0.0,0.0057713306,0.57713306,0.5829044,-27.010006,2.2500944,0.7500315,0.208,0.0,0.13106588,0.0,0.0
hardzero_only__c0p58__z1p00__lam0p000__nu0p50__psi0p00,0.07,borrow,32,1033,0.0,3,-0.5829044,-0.58873343,-0.58873343,1.0274262,0.0,0.09388013,0.0,0.0,0.07,0.0,0.0058290437,0.5829044,0.58873343,-28.254725,2.260383,0.753461,0.14400001,0.0,0.15202716,0.0,0.0
hardzero_only__c0p58__z1p00__lam0p000__nu0p50__psi0p00,0.07,borrow,32,1034,0.0,3,-0.58873343,-0.58737767,-0.58737767,0.98517555,0.10347239,0.10347239,1.0,0.0072430675,0.07,0.0,0.0058873342,0.58873343,0.58737767,-26.424694,2.1674294,0.7224765,0.16000001,0.0,0.15315947,0.0,0.0
hardzero_only__c0p58__z1p00__lam0p000__nu0p50__psi0p00,0.07,borrow,32,1035,0.0,3,-0.58737767,-0.58597976,-0.58597976,0.9834633,0.103881136,0.103881136,1.0,0.0072716796,0.07,0.0,0.0058737765,0.58737767,0.58597976,-26.502483,2.1636624,0.72122085,0.24000001,0.0,0.16540149,0.0,0.0
hardzero_only__c0p58__z1p00__lam0p000__nu0p50__psi0p00,0.07,borrow,32,1036,0.0,3,-0.58597976,-0.58424664,-0.58424664,0.96468985,0.10847012,0.10847012,1.0,0.0075929086,0.07,0.0,0.0058597974,0.58597976,0.58424664,-25.754698,2.12236,0.70745337,0.128,0.0,0.13692877,0.0,0.0
hardzero_only__c0p58__z1p00__lam0p000__nu0p50__psi0p00,0.07,borrow,32,1037,0.0,3,-0.58424664,-0.58297974,-0.58297974,0.99326956,0.101561815,0.101561815,1.0,0.0071093272,0.07,0.0,0.0058424664,0.58424664,0.58297974,-26.788015,2.1852367,0.7284123,0.18400002,0.0,0.14489818,0.0,0.0
hardzero_only__c0p58__z1p00__lam0p000__nu0p50__psi0p00,0.07,borrow,32,1038,0.0,3,-0.58297974,-0.5808365,-0.5808365,0.9434729,0.11390088,0.11390088,1.0,0.007973062,0.07,0.0,0.005829797,0.58297974,0.5808365,-26.365826,2.075682,0.691894,0.216,0.0,0.13870725,0.0,0.0
hardzero_only__c0p58__z1p00__lam0p000__nu0p50__psi0p00,0.07,borrow,32,1039,0.0,3,-0.5808365,-0.57943976,-0.57943976,0.98745966,0.1029296,0.1029296,1.0,0.007205072,0.07,0.0,0.0058083646,0.5808365,0.57943976,-26.928375,2.1724546,0.72415155,0.192,0.0,0.14165857,0.0,0.0
hardzero_only__c0p58__z1p00__lam0p000__nu0p50__psi0p00,0.07,borrow,32,1040,0.0,3,-0.57943976,-0.5766073,-0.5766073,0.9092452,0.123240896,0.123240896,1.0,0.008626862,0.07,0.0,0.0057943976,0.57943976,0.5766073,-25.889723,2.0003793,0.6667931,0.16,0.0,0.1414016,0.0,0.0
hardzero_only__c0p58__z1p00__lam0p000__nu0p50__psi0p00,0.07,borrow,32,1041,0.0,3,-0.5766073,-0.5751877,-0.5751877,0.988629,0.10265284,0.10265284,1.0,0.007185699,0.07,0.0,0.005766073,0.5766073,0.5751877,-26.549528,2.1750271,0.7250091,0.2,0.0,0.14113958,0.0,0.0
hardzero_only__c0p58__z1p00__lam0p000__nu0p50__psi0p00,0.07,borrow,32,1042,0.0,3,-0.5751877,-0.5738019,-0.5738019,0.9915406,0.10196694,0.10196694,1.0,0.007137686,0.07,0.0,0.0057518766,0.5751877,0.5738019,-26.679504,2.181433,0.72714436,0.112,0.0,0.14008877,0.0,0.0
hardzero_only__c0p58__z1p00__lam0p000__nu0p50__psi0p00,0.07,borrow,32,1043,0.0,3,-0.5738019,-0.5795399,-0.5795399,1.0277443,0.0,0.09381142,0.0,0.0,0.07,0.0,0.0057380185,0.5738019,0.5795399,-27.77087,2.2610826,0.75369424,0.16000001,0.0,0.1497332,0.0,0.0
hardzero_only__c0p58__z1p00__lam0p000__nu0p50__psi0p00,0.07,borrow,32,1044,0.0,3,-0.5795399,-0.5779519,-0.5779519,0.97684276,0.10547687,0.10547687,1.0,0.007383381,0.07,0.0,0.0057953987,0.5795399,0.5779519,-26.4188,2.149097,0.7163657,0.24000001,0.0,0.15857181,0.0,0.0
hardzero_only__c0p58__z1p00__lam0p000__nu0p50__psi0p00,0.07,borrow,32,1045,0.0,3,-0.5779519,-0.5837314,-0.5837314,1.0072671,0.0,0.0983406,0.0,0.0,0.07,0.0,0.0057795187,0.5779519,0.5837314,-26.893124,2.2160318,0.73867726,0.16000001,0.0,0.14523812,0.0,0.0
hardzero_only__c0p58__z1p00__lam0p000__nu0p50__psi0p00,0.07,borrow,32,1046,0.0,3,-0.5837314,-0.58255976,-0.58255976,0.9994438,0.10012814,0.10012814,1.0,0.00700897,0.07,0.0,0.005837314,0.5837314,0.58255976,-27.022604,2.1988204,0.73294014,0.128,0.0,0.14502628,0.0,0.0
hardzero_only__c0p58__z1p00__lam0p000__nu0p50__psi0p00,0.07,borrow,32,1047,0.0,3,-0.58255976,-0.58838534,-0.58838534,1.0207458,0.0,0.09533542,0.0,0.0,0.07,0.0,0.0058255973,0.58255976,0.58838534,-28.214817,2.2456856,0.74856186,0.224,0.0,0.17849764,0.0,0.0
hardzero_only__c0p58__z1p00__lam0p000__nu0p50__psi0p00,0.07,borrow,32,1048,0.0,3,-0.58838534,-0.5867806,-0.5867806,0.9706986,0.1069797,0.1069797,1.0,0.007488579,0.07,0.0,0.0058838534,0.58838534,0.5867806,-26.945349,2.1355796,0.7118599,0.2,0.0,0.15667589,0.0,0.0
hardzero_only__c0p58__z1p00__lam0p000__nu0p50__psi0p00,0.07,borrow,32,1049,0.0,3,-0.5867806,-0.5926484,-0.5926484,1.000075,0.0,0.09998274,0.0,0.0,0.07,0.0,0.005867806,0.5867806,0.5926484,-27.03331,2.200209,0.73340297,0.15200001,0.0,0.14549461,0.0,0.0
hardzero_only__c0p58__z1p00__lam0p000__nu0p50__psi0p00,0.07,borrow,32,1050,0.0,3,-0.5926484,-0.5985749,-0.5985749,1.0019039,0.0,0.09956257,0.0,0.0,0.07,0.0,0.005926484,0.5926484,0.5985749,-26.979673,2.2042325,0.7347442,0.15200001,0.0,0.12400839,0.0,0.0
hardzero_only__c0p58__z1p00__lam0p000__nu0p50__psi0p00,0.07,borrow,32,1051,0.0,3,-0.5985749,-0.5973681,-0.5973681,0.9882189,0.102749825,0.102749825,1.0,0.007192488,0.07,0.0,0.0059857485,0.5985749,0.5973681,-26.849993,2.174125,0.7247083,0.17600001,0.0,0.14314787,0.0,0.0
hardzero_only__c0p58__z1p00__lam0p000__nu0p50__psi0p00,0.07,borrow,32,1052,0.0,3,-0.5973681,-0.5960793,-0.5960793,0.98401153,0.103750095,0.103750095,1.0,0.0072625065,0.07,0.0,0.005973681,0.5973681,0.5960793,-26.481665,2.1648686,0.7216229,0.14400001,0.0,0.13315521,0.0,0.0
hardzero_only__c0p58__z1p00__lam0p000__nu0p50__psi0p00,0.07,borrow,32,1053,0.0,3,-0.5960793,-0.59471244,-0.59471244,0.9801317,0.104681104,0.104681104,1.0,0.007327677,0.07,0.0,0.005960793,0.5960793,0.59471244,-26.768131,2.1563327,0.7187776,0.21,0.0,0.14128925,0.0,0.0
hardzero_only__c0p58__z1p00__lam0p000__nu0p50__psi0p00,0.07,borrow,32,1054,0.0,3,-0.59471244,-0.59355617,-0.59355617,0.9936314,0.10147722,0.10147722,1.0,0.0071034054,0.07,0.0,0.005947124,0.59471244,0.59355617,-26.457571,2.1860328,0.72867763,0.208,0.0,0.1539543,0.0,0.0
hardzero_only__c0p58__z1p00__lam0p000__nu0p50__psi0p00,0.07,borrow,32,1055,0.0,3,-0.59355617,-0.5994917,-0.5994917,1.0073738,0.0,0.09831645,0.0,0.0,0.07,0.0,0.0059355614,0.59355617,0.5994917,-26.611563,2.2162666,0.7387556,0.216,0.008,0.15948568,0.0,0.0
hardzero_only__c0p58__z1p00__lam0p000__nu0p50__psi0p00,0.07,borrow,32,1056,0.0,3,-0.5994917,-0.5981533,-0.5981533,0.97979486,0.10476232,0.10476232,1.0,0.0073333625,0.07,0.0,0.005994917,0.5994917,0.5981533,-25.973854,2.1555917,0.7185306,0.16000001,0.0,0.12502854,0.0,0.0
hardzero_only__c0p58__z1p00__lam0p000__nu0p50__psi0p00,0.07,borrow,32,1057,0.0,3,-0.5981533,-0.59645396,-0.59645396,0.9596904,0.10972602,0.10972602,1.0,0.007680821,0.07,0.0,0.005981533,0.5981533,0.59645396,-25.577513,2.111361,0.703787,0.120000005,0.0,0.16195704,0.0,0.0
hardzero_only__c0p58__z1p00__lam0p000__nu0p50__psi0p00,0.07,borrow,32,1058,0.0,3,-0.59645396,-0.6,-0.6024185,1.0085012,0.0,0.09806156,0.0,0.0,0.07,0.0,0.0059645395,0.59645396,0.6,-27.119154,2.218747,0.7395823,0.128,0.0,0.19039458,0.0,0.0
hardzero_only__c0p58__z1p00__lam0p000__nu0p50__psi0p00,0.07,borrow,32,1059,0.0,3,-0.6,-0.6,-0.606,1.010254,0.0,0.09766657,0.0,0.0,0.07,0.0,0.006,0.6,0.6,-26.896898,2.2226033,0.7408678,0.136,0.0,0.15586324,0.0,0.0
hardzero_only__c0p58__z1p00__lam0p000__nu0p50__psi0p00,0.07,borrow,32,1060,0.0,3,-0.6,-0.59782183,-0.59782183,0.93244284,0.11683075,0.11683075,1.0,0.008178153,0.07,0.0,0.006,0.6,0.59782183,-25.683916,2.0514152,0.6838051,0.216,0.0,0.12966354,0.0,0.0
hardzero_only__c0p58__z1p00__lam0p000__nu0p50__psi0p00,0.07,borrow,32,1061,0.0,3,-0.59782183,-0.5966943,-0.5966943,0.9934865,0.101511076,0.101511076,1.0,0.007105775,0.07,0.0,0.0059782183,0.59782183,0.5966943,-26.70813,2.185714,0.72857136,0.18400002,0.008,0.16705078,0.0,0.0
hardzero_only__c0p58__z1p00__lam0p000__nu0p50__psi0p00,0.07,borrow,32,1062,0.0,3,-0.5966943,-0.59546566,-0.59546566,0.98803216,0.10279401,0.10279401,1.0,0.0071955803,0.07,0.0,0.0059669428,0.5966943,0.59546566,-26.500998,2.1737142,0.7245714,0.2,0.0,0.16105673,0.0,0.0
hardzero_only__c0p58__z1p00__lam0p000__nu0p50__psi0p00,0.07,borrow,32,1063,0.0,3,-0.59546566,-0.5942259,-0.5942259,0.9880989,0.102778226,0.102778226,1.0,0.0071944757,0.07,0.0,0.0059546563,0.59546566,0.5942259,-27.277874,2.173861,0.72462034,0.16800001,0.0,0.13280568,0.0,0.0
hardzero_only__c0p58__z1p00__lam0p000__nu0p50__psi0p00,0.07,borrow,32,1064,0.0,3,-0.5942259,-0.59252965,-0.59252965,0.96208763,0.10912201,0.10912201,1.0,0.0076385406,0.07,0.0,0.0059422585,0.5942259,0.59252965,-26.3416,2.116635,0.70554507,0.192,0.0,0.15202838,0.0,0.0
hardzero_only__c0p58__z1p00__lam0p000__nu0p50__psi0p00,0.07,borrow,32,1065,0.0,3,-0.59252965,-0.5908821,-0.5908821,0.96583855,0.10818359,0.10818359,1.0,0.0075728516,0.07,0.0,0.0059252963,0.59252965,0.5908821,-26.454435,2.1248872,0.70829576,0.14400001,0.0,0.1361639,0.0,0.0
hardzero_only__c0p58__z1p00__lam0p000__nu0p50__psi0p00,0.07,borrow,32,1066,0.0,3,-0.5908821,-0.59679097,-0.59679097,1.0224586,0.0,0.09496015,0.0,0.0,0.07,0.0,0.0059088212,0.5908821,0.59679097,-26.903183,2.2494538,0.74981797,0.17,0.0,0.1504464,0.0,0.0
hardzero_only__c0p58__z1p00__lam0p000__nu0p50__psi0p00,0.07,borrow,32,1067,0.0,3,-0.59679097,-0.6,-0.6027589,1.0003273,0.0,0.09992466,0.0,0.0,0.07,0.0,0.0059679095,0.59679097,0.6,-26.350904,2.2007642,0.7335881,0.2,0.0,0.14421669,0.0,0.0
hardzero_only__c0p58__z1p00__lam0p000__nu0p50__psi0p00,0.07,borrow,32,1068,0.0,3,-0.6,-0.6,-0.606,1.029128,0.0,0.09351302,0.0,0.0,0.07,0.0,0.006,0.6,0.6,-27.734982,2.2641268,0.75470895,0.192,0.0,0.20062828,0.0,0.0
hardzero_only__c0p58__z1p00__lam0p000__nu0p50__psi0p00,0.07,borrow,32,1069,0.0,3,-0.6,-0.5988735,-0.5988735,0.99222076,0.10180737,0.10180737,1.0,0.007126516,0.07,0.0,0.006,0.6,0.5988735,-26.54643,2.1829293,0.72764313,0.08800001,0.0,0.16956814,0.0,0.0
hardzero_only__c0p58__z1p00__lam0p000__nu0p50__psi0p00,0.07,borrow,32,1070,0.0,3,-0.5988735,-0.5972642,-0.5972642,0.9643958,0.10854358,0.10854358,1.0,0.007598051,0.07,0.0,0.005988735,0.5988735,0.5972642,-27.11492,2.1217132,0.7072377,0.16000001,0.0,0.14701304,0.0,0.0
hardzero_only__c0p58__z1p00__lam0p000__nu0p50__psi0p00,0.07,borrow,32,1071,0.0,3,-0.5972642,-0.6,-0.6032368,1.0230473,0.0,0.09483151,0.0,0.0,0.07,0.0,0.0059726415,0.5972642,0.6,-27.462297,2.250749,0.75024974,0.136,0.0,0.17155024,0.0,0.0
hardzero_only__c0p58__z1p00__lam0p000__nu0p50__psi0p00,0.07,borrow,32,1072,0.0,3,-0.6,-0.597836,-0.597836,0.93319523,0.116628505,0.116628505,1.0,0.008163995,0.07,0.0,0.006,0.6,0.597836,-25.40877,2.0530705,0.68435687,0.216,0.0,0.13544244,0.0,0.0
hardzero_only__c0p58__z1p00__lam0p000__nu0p50__psi0p00,0.07,borrow,32,1073,0.0,3,-0.597836,-0.59643346,-0.59643346,0.97698766,0.105441675,0.105441675,1.0,0.007380917,0.07,0.0,0.00597836,0.597836,0.59643346,-26.769373,2.1494157,0.7164719,0.136,0.0,0.1528236,0.0,0.0
hardzero_only__c0p58__z1p00__lam0p000__nu0p50__psi0p00,0.07,borrow,32,1074,0.0,3,-0.59643346,-0.5951653,-0.5951653,0.98581046,0.103321224,0.103321224,1.0,0.007232486,0.07,0.0,0.0059643346,0.59643346,0.5951653,-26.396368,2.1688263,0.7229421,0.2,0.0,0.14856294,0.0,0.0
hardzero_only__c0p58__z1p00__lam0p000__nu0p50__psi0p00,0.07,borrow,32,1075,0.0,3,-0.5951653,-0.5937234,-0.5937234,0.97624457,0.105622254,0.105622254,1.0,0.007393558,0.07,0.0,0.005951653,0.5951653,0.5937234,-25.771662,2.147781,0.715927,0.16000001,0.0,0.13801916,0.0,0.0
hardzero_only__c0p58__z1p00__lam0p000__nu0p50__psi0p00,0.07,borrow,32,1076,0.0,3,-0.5937234,-0.59256876,-0.59256876,0.9943361,0.10131268,0.10131268,1.0,0.0070918878,0.07,0.0,0.005937234,0.5937234,0.59256876,-26.85614,2.1875832,0.7291944,0.208,0.0,0.17808148,0.0,0.0
hardzero_only__c0p58__z1p00__lam0p000__nu0p50__psi0p00,0.07,borrow,32,1077,0.0,3,-0.59256876,-0.591233,-0.591233,0.98407274,0.103735454,0.103735454,1.0,0.007261482,0.07,0.0,0.0059256875,0.59256876,0.591233,-26.342478,2.1650033,0.72166777,0.192,0.0,0.16249406,0.0,0.0
hardzero_only__c0p58__z1p00__lam0p000__nu0p50__psi0p00,0.07,borrow,32,1078,0.0,3,-0.591233,-0.5971453,-0.5971453,1.0034301,0.0,0.099213295,0.0,0.0,0.07,0.0,0.00591233,0.591233,0.5971453,-27.193457,2.2075903,0.73586345,0.136,0.0,0.13024722,0.0,0.0
hardzero_only__c0p58__z1p00__lam0p000__nu0p50__psi0p00,0.07,borrow,32,1079,0.0,3,-0.5971453,-0.6,-0.60311675,1.0178286,0.0,0.09597794,0.0,0.0,0.07,0.0,0.005971453,0.5971453,0.6,-26.432285,2.2392676,0.7464225,0.17,0.0,0.15158062,0.0,0.0
hardzero_only__c0p58__z1p00__lam0p000__nu0p50__psi0p00,0.07,borrow,32,1080,0.0,3,-0.6,-0.5987062,-0.5987062,0.98214376,0.10419724,0.10419724,1.0,0.007293807,0.07,0.0,0.006,0.6,0.5987062,-25.632256,2.1607594,0.72025317,0.208,0.0,0.14783607,0.0,0.0
hardzero_only__c0p58__z1p00__lam0p000__nu0p50__psi0p00,0.07,borrow,32,1081,0.0,3,-0.5987062,-0.5972271,-0.5972271,0.9720029,0.1066589,0.1066589,1.0,0.007466123,0.07,0.0,0.0059870617,0.5987062,0.5972271,-26.38693,2.1384492,0.7128164,0.192,0.0,0.14289701,0.0,0.0
hardzero_only__c0p58__z1p00__lam0p000__nu0p50__psi0p00,0.07,borrow,32,1082,0.0,3,-0.5972271,-0.5959807,-0.5959807,0.98664254,0.103123456,0.103123456,1.0,0.007218642,0.07,0.0,0.005972271,0.5972271,0.5959807,-26.47094,2.170657,0.72355235,0.136,0.0,0.15572442,0.0,0.0
hardzero_only__c0p58__z1p00__lam0p000__nu0p50__psi0p00,0.07,borrow,32,1083,0.0,3,-0.5959807,-0.5940958,-0.5940958,0.9505239,0.11206656,0.11206656,1.0,0.0078446595,0.07,0.0,0.005959807,0.5959807,0.5940958,-25.97018,2.0911944,0.6970648,0.216,0.0,0.12246542,0.0,0.0
hardzero_only__c0p58__z1p00__lam0p000__nu0p50__psi0p00,0.07,borrow,32,1084,0.0,3,-0.5940958,-0.59287053,-0.59287053,0.9898065,0.1023749,0.1023749,1.0,0.0071662427,0.07,0.0,0.005940958,0.5940958,0.59287053,-27.061697,2.1776178,0.72587264,0.16000001,0.0,0.16505899,0.0,0.0
hardzero_only__c0p58__z1p00__lam0p000__nu0p50__psi0p00,0.07,borrow,32,1085,0.0,3,-0.59287053,-0.5987992,-0.5987992,1.009339,0.0,0.097872585,0.0,0.0,0.07,0.0,0.005928705,0.59287053,0.5987992,-27.147743,2.22059,0.7401967,0.16800001,0.0,0.17067544,0.0,0.0
hardzero_only__c0p58__z1p00__lam0p000__nu0p50__psi0p00,0.07,borrow,32,1086,0.0,3,-0.5987992,-0.59735215,-0.59735215,0.9738125,0.106215395,0.106215395,1.0,0.007435078,0.07,0.0,0.005987992,0.5987992,0.59735215,-26.796486,2.1424303,0.71414346,0.18400002,0.0,0.14878073,0.0,0.0
hardzero_only__c0p58__z1p00__lam0p000__nu0p50__psi0p00,0.07,borrow,32,1087,0.0,3,-0.59735215,-0.6,-0.60332566,1.0227154,0.0,0.094904006,0.0,0.0,0.07,0.0,0.005973521,0.59735215,0.6,-27.794024,2.2500188,0.7500063,0.2,0.0,0.1751604,0.0,0.0
hardzero_only__c0p58__z1p00__lam0p000__nu0p50__psi0p00,0.07,borrow,32,1088,0.0,3,-0.6,-0.5985219,-0.5985219,0.97130626,0.10683013,0.10683013,1.0,0.007478109,0.07,0.0,0.006,0.6,0.5985219,-27.1357,2.1369164,0.7123055,0.24000001,0.0,0.17537123,0.0,0.0
hardzero_only__c0p58__z1p00__lam0p000__nu0p50__psi0p00,0.07,borrow,32,1089,0.0,3,-0.5985219,-0.59691316,-0.59691316,0.96463174,0.10848465,0.10848465,1.0,0.0075939256,0.07,0.0,0.0059852186,0.5985219,0.59691316,-25.680902,2.1222322,0.70741075,0.2,0.0,0.14432715,0.0,0.0
hardzero_only__c0p58__z1p00__lam0p000__nu0p50__psi0p00,0.07,borrow,32,1090,0.0,3,-0.59691316,-0.6,-0.60288227,1.0045499,0.0,0.09895784,0.0,0.0,0.07,0.0,0.0059691314,0.59691316,0.6,-27.449379,2.210054,0.7366847,0.14400001,0.0,0.17219526,0.0,0.0
hardzero_only__c0p58__z1p00__lam0p000__nu0p50__psi0p00,0.07,borrow,32,1091,0.0,3,-0.6,-0.5985088,-0.5985088,0.9705459,0.10701732,0.10701732,1.0,0.007491213,0.07,0.0,0.006,0.6,0.5985088,-26.35844,2.1352437,0.7117479,0.17600001,0.0,0.14834036,0.0,0.0
hardzero_only__c0p58__z1p00__lam0p000__nu0p50__psi0p00,0.07,borrow,32,1092,0.0,3,-0.5985088,-0.6,-0.60449386,1.027773,0.0,0.0938052,0.0,0.0,0.07,0.0,0.0059850877,0.5985088,0.6,-28.916857,2.2611458,0.7537153,0.17,0.0,0.16683596,0.0,0.0
hardzero_only__c0p58__z1p00__lam0p000__nu0p50__psi0p00,0.07,borrow,32,1093,0.0,3,-0.6,-0.59860826,-0.59860826,0.9763501,0.10559657,0.10559657,1.0,0.00739176,0.07,0.0,0.006,0.6,0.59860826,-26.933784,2.148013,0.7160044,0.16800001,0.0,0.15490055,0.0,0.0
hardzero_only__c0p58__z1p00__lam0p000__nu0p50__psi0p00,0.07,borrow,32,1094,0.0,3,-0.59860826,-0.5972683,-0.5972683,0.9802276,0.10465799,0.10465799,1.0,0.0073260595,0.07,0.0,0.0059860824,0.59860826,0.5972683,-26.799988,2.1565437,0.71884793,0.16800001,0.0,0.1471501,0.0,0.0
hardzero_only__c0p58__z1p00__lam0p000__nu0p50__psi0p00,0.07,borrow,32,1095,0.0,3,-0.5972683,-0.6,-0.60324097,1.0126485,0.0,0.097129576,0.0,0.0,0.07,0.0,0.0059726825,0.5972683,0.6,-26.788242,2.2278712,0.74262375,0.136,0.0,0.14674456,0.0,0.0
hardzero_only__c0p58__z1p00__lam0p000__nu0p50__psi0p00,0.07,borrow,32,1096,0.0,3,-0.6,-0.6,-0.606,1.0153545,0.0,0.09652626,0.0,0.0,0.07,0.0,0.006,0.6,0.6,-27.19204,2.2338245,0.74460816,0.112,0.0,0.1420229,0.0,0.0
hardzero_only__c0p58__z1p00__lam0p000__nu0p50__psi0p00,0.07,borrow,32,1097,0.0,3,-0.6,-0.59896344,-0.59896344,0.9977381,0.10052218,0.10052218,1.0,0.0070365528,0.07,0.0,0.006,0.6,0.59896344,-26.682432,2.1950676,0.7316892,0.192,0.0,0.15145238,0.0,0.0
hardzero_only__c0p58__z1p00__lam0p000__nu0p50__psi0p00,0.07,borrow,32,1098,0.0,3,-0.59896344,-0.5977678,-0.5977678,0.9886534,0.10264706,0.10264706,1.0,0.0071852943,0.07,0.0,0.0059896344,0.59896344,0.5977678,-26.657158,2.175081,0.725027,0.16000001,0.0,0.14590469,0.0,0.0
hardzero_only__c0p58__z1p00__lam0p000__nu0p50__psi0p00,0.07,borrow,32,1099,0.0,3,-0.5977678,-0.6,-0.60374546,1.0153441,0.0,0.09652856,0.0,0.0,0.07,0.0,0.0059776776,0.5977678,0.6,-26.59467,2.2338016,0.74460053,0.16000001,0.0,0.15089096,0.0,0.0
hardzero_only__c0p58__z1p00__lam0p000__nu0p50__psi0p00,0.07,borrow,32,1100,0.0,3,-0.6,-0.6,-0.606,1.0124784,0.0,0.09716763,0.0,0.0,0.07,0.0,0.006,0.6,0.6,-26.60156,2.2274969,0.742499,0.15200001,0.0,0.16853224,0.0,0.0
hardzero_only__c0p58__z1p00__lam0p000__nu0p50__psi0p00,0.07,borrow,32,1101,0.0,3,-0.6,-0.59837765,-0.59837765,0.9630077,0.10889108,0.10889108,1.0,0.0076223756,0.07,0.0,0.006,0.6,0.59837765,-25.915606,2.1186593,0.7062198,0.16800001,0.0,0.12159236,0.0,0.0
hardzero_only__c0p58__z1p00__lam0p000__nu0p50__psi0p00,0.07,borrow,32,1102,0.0,3,-0.59837765,-0.59704834,-0.59704834,0.98099947,0.10447214,0.10447214,1.0,0.00731305,0.07,0.0,0.0059837764,0.59837765,0.59704834,-26.984797,2.158242,0.719414,0.14400001,0.0,0.15357997,0.0,0.0
hardzero_only__c0p58__z1p00__lam0p000__nu0p50__psi0p00,0.07,borrow,32,1103,0.0,3,-0.59704834,-0.59531796,-0.59531796,0.9585585,0.11001235,0.11001235,1.0,0.0077008647,0.07,0.0,0.005970483,0.59704834,0.59531796,-26.511005,2.1088707,0.7029569,0.192,0.0,0.13438343,0.0,0.0
hardzero_only__c0p58__z1p00__lam0p000__nu0p50__psi0p00,0.07,borrow,32,1104,0.0,3,-0.59531796,-0.59419775,-0.59419775,0.99546784,0.10104902,0.10104902,1.0,0.0070734313,0.07,0.0,0.0059531797,0.59531796,0.59419775,-27.3815,2.190073,0.73002434,0.17600001,0.0,0.14171219,0.0,0.0
hardzero_only__c0p58__z1p00__lam0p000__nu0p50__psi0p00,0.07,borrow,32,1105,0.0,3,-0.59419775,-0.6,-0.60013974,1.022178,0.0,0.09502151,0.0,0.0,0.07,0.0,0.0059419773,0.59419775,0.6,-27.357857,2.2488365,0.7496122,0.16,0.0,0.17044564,0.0,0.0
hardzero_only__c0p58__z1p00__lam0p000__nu0p50__psi0p00,0.07,borrow,32,1106,0.0,3,-0.6,-0.5985539,-0.5985539,0.97316706,0.10637338,0.10637338,1.0,0.0074461363,0.07,0.0,0.006,0.6,0.5985539,-26.25294,2.1410103,0.71367013,0.120000005,0.0,0.14214511,0.0,0.0
hardzero_only__c0p58__z1p00__lam0p000__nu0p50__psi0p00,0.07,borrow,32,1107,0.0,3,-0.5985539,-0.59748954,-0.59748954,0.99691415,0.10071306,0.10071306,1.0,0.007049914,0.07,0.0,0.005985539,0.5985539,0.59748954,-27.26927,2.193255,0.731085,0.192,0.0,0.15110748,0.0,0.0
hardzero_only__c0p58__z1p00__lam0p000__nu0p50__psi0p00,0.07,borrow,32,1108,0.0,3,-0.59748954,-0.6,-0.6034644,1.0406396,0.0,0.09106687,0.0,0.0,0.07,0.0,0.0059748953,0.59748954,0.6,-27.585915,2.2894528,0.76315093,0.136,0.0,0.14440842,0.0,0.0
hardzero_only__c0p58__z1p00__lam0p000__nu0p50__psi0p00,0.07,borrow,32,1109,0.0,3,-0.6,-0.59860796,-0.59860796,0.97633415,0.105600476,0.105600476,1.0,0.0073920335,0.07,0.0,0.006,0.6,0.59860796,-26.883589,2.147978,0.7159927,0.2,0.0,0.14367585,0.0,0.0
hardzero_only__c0p58__z1p00__lam0p000__nu0p50__psi0p00,0.07,borrow,32,1110,0.0,3,-0.59860796,-0.59668916,-0.59668916,0.9472038,0.11292658,0.11292658,1.0,0.00790486,0.07,0.0,0.0059860796,0.59860796,0.59668916,-25.65628,2.08389,0.69463,0.128,0.0,0.12121936,0.0,0.0
hardzero_only__c0p58__z1p00__lam0p000__nu0p50__psi0p00,0.07,borrow,32,1111,0.0,3,-0.59668916,-0.5950609,-0.5950609,0.9645589,0.108502835,0.108502835,1.0,0.0075951987,0.07,0.0,0.0059668915,0.59668916,0.5950609,-26.610964,2.122072,0.70735735,0.192,0.0,0.13889435,0.0,0.0
hardzero_only__c0p58__z1p00__lam0p000__nu0p50__psi0p00,0.07,borrow,32,1112,0.0,3,-0.5950609,-0.6,-0.6010115,1.010011,0.0,0.09772125,0.0,0.0,0.07,0.0,0.0059506088,0.5950609,0.6,-27.198612,2.2220685,0.7406895,0.14400001,0.0,0.17583975,0.0,0.0
hardzero_only__c0p58__z1p00__lam0p000__nu0p50__psi0p00,0.07,borrow,32,1113,0.0,3,-0.6,-0.5987745,-0.5987745,0.98622835,0.10322185,0.10322185,1.0,0.0072255293,0.07,0.0,0.006,0.6,0.5987745,-26.048008,2.1697457,0.7232486,0.17600001,0.0,0.1382579,0.0,0.0
hardzero_only__c0p58__z1p00__lam0p000__nu0p50__psi0p00,0.07,borrow,32,1114,0.0,3,-0.5987745,-0.59640414,-0.59640414,0.9229907,0.119401366,0.119401366,1.0,0.008358096,0.07,0.0,0.005987745,0.5987745,0.59640414,-25.563202,2.03062,0.6768734,0.15200001,0.0,0.14161256,0.0,0.0
hardzero_only__c0p58__z1p00__lam0p000__nu0p50__psi0p00,0.07,borrow,32,1115,0.0,3,-0.59640414,-0.59484816,-0.59484816,0.96887887,0.10742889,0.10742889,1.0,0.007520023,0.07,0.0,0.005964041,0.59640414,0.59484816,-26.401855,2.131576,0.7105254,0.14400001,0.0,0.16283548,0.0,0.0
hardzero_only__c0p58__z1p00__lam0p000__nu0p50__psi0p00,0.07,borrow,32,1116,0.0,3,-0.59484816,-0.5926547,-0.5926547,0.9343704,0.11631336,0.11631336,1.0,0.008141935,0.07,0.0,0.0059484816,0.59484816,0.5926547,-25.901508,2.055656,0.6852187,0.14400001,0.0,0.12298238,0.0,0.0
hardzero_only__c0p58__z1p00__lam0p000__nu0p50__psi0p00,0.07,borrow,32,1117,0.0,3,-0.5926547,-0.59141207,-0.59141207,0.98962724,0.10241715,0.10241715,1.0,0.0071692006,0.07,0.0,0.005926547,0.5926547,0.59141207,-25.96618,2.1772234,0.72574115,0.112,0.0,0.118838266,0.0,0.0
hardzero_only__c0p58__z1p00__lam0p000__nu0p50__psi0p00,0.07,borrow,32,1118,0.0,3,-0.59141207,-0.58984745,-0.58984745,0.9712719,0.106838584,0.106838584,1.0,0.007478701,0.07,0.0,0.0059141205,0.59141207,0.58984745,-26.65538,2.1368408,0.7122803,0.14999999,0.0,0.14786844,0.0,0.0
hardzero_only__c0p58__z1p00__lam0p000__nu0p50__psi0p00,0.07,borrow,32,1119,0.0,3,-0.58984745,-0.5881537,-0.5881537,0.9647308,0.1084599,0.1084599,1.0,0.007592193,0.07,0.0,0.0058984742,0.58984745,0.5881537,-26.216513,2.12245,0.7074834,0.18400002,0.0,0.1555713,0.0,0.0
hardzero_only__c0p58__z1p00__lam0p000__nu0p50__psi0p00,0.07,borrow,32,1120,0.0,3,-0.5881537,-0.5859719,-0.5859719,0.9385798,0.115191415,0.115191415,1.0,0.008063399,0.07,0.0,0.005881537,0.5881537,0.5859719,-25.963974,2.0649168,0.6883056,0.192,0.0,0.12890342,0.0,0.0
hardzero_only__c0p58__z1p00__lam0p000__nu0p50__psi0p00,0.07,borrow,32,1121,0.0,3,-0.5859719,-0.5918316,-0.5918316,1.0066718,0.0,0.09847551,0.0,0.0,0.07,0.0,0.0058597187,0.5859719,0.5918316,-26.767603,2.2147222,0.7382407,0.18400002,0.0,0.15984707,0.0,0.0
hardzero_only__c0p58__z1p00__lam0p000__nu0p50__psi0p00,0.07,borrow,32,1122,0.0,3,-0.5918316,-0.59774995,-0.59774995,1.0277058,0.0,0.09381974,0.0,0.0,0.07,0.0,0.005918316,0.5918316,0.59774995,-27.6343,2.260998,0.75366604,0.104,0.0,0.15565343,0.0,0.0
hardzero_only__c0p58__z1p00__lam0p000__nu0p50__psi0p00,0.07,borrow,32,1123,0.0,3,-0.59774995,-0.6,-0.60372746,1.0052854,0.0,0.09879036,0.0,0.0,0.07,0.0,0.0059774993,0.59774995,0.6,-26.691465,2.211672,0.73722404,0.14400001,0.0,0.14854279,0.0,0.0
hardzero_only__c0p58__z1p00__lam0p000__nu0p50__psi0p00,0.07,borrow,32,1124,0.0,3,-0.6,-0.5982404,-0.5982404,0.955256,0.110852115,0.110852115,1.0,0.007759648,0.07,0.0,0.006,0.6,0.5982404,-26.036343,2.1016052,0.70053506,0.15200001,0.0,0.14933212,0.0,0.0
hardzero_only__c0p58__z1p00__lam0p000__nu0p50__psi0p00,0.07,borrow,32,1125,0.0,3,-0.5982404,-0.5965139,-0.5965139,0.9581071,0.11012676,0.11012676,1.0,0.0077088736,0.07,0.0,0.0059824036,0.5982404,0.5965139,-26.365698,2.1078777,0.70262593,0.192,0.0,0.15200734,0.0,0.0
hardzero_only__c0p58__z1p00__lam0p000__nu0p50__psi0p00,0.07,borrow,32,1126,0.0,3,-0.5965139,-0.5948211,-0.5948211,0.96098745,0.1093988,0.1093988,1.0,0.007657916,0.07,0.0,0.0059651393,0.5965139,0.5948211,-26.632494,2.1142147,0.70473826,0.17600001,0.0,0.15755187,0.0,0.0
hardzero_only__c0p58__z1p00__lam0p000__nu0p50__psi0p00,0.07,borrow,32,1127,0.0,3,-0.5948211,-0.5933346,-0.5933346,0.97383505,0.106209874,0.106209874,1.0,0.0074346913,0.07,0.0,0.0059482106,0.5948211,0.5933346,-26.206747,2.14248,0.71415997,0.216,0.0,0.13478823,0.0,0.0
hardzero_only__c0p58__z1p00__lam0p000__nu0p50__psi0p00,0.07,borrow,32,1128,0.0,3,-0.5933346,-0.59190434,-0.59190434,0.97800577,0.1051948,0.1051948,1.0,0.007363636,0.07,0.0,0.005933346,0.5933346,0.59190434,-27.33744,2.1516557,0.7172186,0.16800001,0.0,0.16826864,0.0,0.0
hardzero_only__c0p58__z1p00__lam0p000__nu0p50__psi0p00,0.07,borrow,32,1129,0.0,3,-0.59190434,-0.59060305,-0.59060305,0.9865411,0.10314755,0.10314755,1.0,0.007220329,0.07,0.0,0.0059190434,0.59190434,0.59060305,-26.616634,2.1704338,0.72347796,0.15200001,0.0,0.16775137,0.0,0.0
hardzero_only__c0p58__z1p00__lam0p000__nu0p50__psi0p00,0.07,borrow,32,1130,0.0,3,-0.59060305,-0.589129,-0.589129,0.9770352,0.10543014,0.10543014,1.0,0.0073801097,0.07,0.0,0.0059060305,0.59060305,0.589129,-27.540419,2.1495204,0.71650684,0.2,0.0,0.15810026,0.0,0.0
hardzero_only__c0p58__z1p00__lam0p000__nu0p50__psi0p00,0.07,borrow,32,1131,0.0,3,-0.589129,-0.58733654,-0.58733654,0.9595287,0.10976689,0.10976689,1.0,0.0076836827,0.07,0.0,0.0058912896,0.589129,0.58733654,-25.871023,2.1110053,0.7036685,0.14999999,0.0,0.16060778,0.0,0.0
hardzero_only__c0p58__z1p00__lam0p000__nu0p50__psi0p00,0.07,borrow,32,1132,0.0,3,-0.58733654,-0.5849668,-0.5849668,0.9290037,0.11775959,0.11775959,1.0,0.0082431715,0.07,0.0,0.0058733653,0.58733654,0.5849668,-26.307365,2.043849,0.681283,0.128,0.0,0.1497265,0.0,0.0
hardzero_only__c0p58__z1p00__lam0p000__nu0p50__psi0p00,0.07,borrow,32,1133,0.0,3,-0.5849668,-0.59081644,-0.59081644,1.0162725,0.0,0.09632243,0.0,0.0,0.07,0.0,0.005849668,0.5849668,0.59081644,-26.908823,2.2358441,0.7452814,0.128,0.0,0.14558356,0.0,0.0
hardzero_only__c0p58__z1p00__lam0p000__nu0p50__psi0p00,0.07,borrow,32,1134,0.0,3,-0.59081644,-0.5896573,-0.5896573,0.9958443,0.100961484,0.100961484,1.0,0.007067304,0.07,0.0,0.005908164,0.59081644,0.5896573,-26.543911,2.1909013,0.7303004,0.17600001,0.0,0.18074077,0.0,0.0
hardzero_only__c0p58__z1p00__lam0p000__nu0p50__psi0p00,0.07,borrow,32,1135,0.0,3,-0.5896573,-0.5880779,-0.5880779,0.9714312,0.106799394,0.106799394,1.0,0.0074759577,0.07,0.0,0.005896573,0.5896573,0.5880779,-25.903454,2.1371913,0.7123971,0.18400002,0.0,0.1525101,0.0,0.0
hardzero_only__c0p58__z1p00__lam0p000__nu0p50__psi0p00,0.07,borrow,32,1136,0.0,3,-0.5880779,-0.5939587,-0.5939587,1.0296437,0.0,0.09340203,0.0,0.0,0.07,0.0,0.005880779,0.5880779,0.5939587,-27.677816,2.2652612,0.7550871,0.136,0.0,0.14545126,0.0,0.0
hardzero_only__c0p58__z1p00__lam0p000__nu0p50__psi0p00,0.07,borrow,32,1137,0.0,3,-0.5939587,-0.5998983,-0.5998983,1.0006659,0.0,0.09984679,0.0,0.0,0.07,0.0,0.0059395866,0.5939587,0.5998983,-27.202188,2.201509,0.73383635,0.120000005,0.0,0.14972003,0.0,0.0
hardzero_only__c0p58__z1p00__lam0p000__nu0p50__psi0p00,0.07,borrow,32,1138,0.0,3,-0.5998983,-0.59864175,-0.59864175,0.98443073,0.10364999,0.10364999,1.0,0.0072554993,0.07,0.0,0.0059989826,0.5998983,0.59864175,-27.06037,2.1657908,0.72193027,0.15200001,0.0,0.15758826,0.0,0.0
hardzero_only__c0p58__z1p00__lam0p000__nu0p50__psi0p00,0.07,borrow,32,1139,0.0,3,-0.59864175,-0.59728706,-0.59728706,0.97933626,0.10487301,0.10487301,1.0,0.0073411106,0.07,0.0,0.005986417,0.59864175,0.59728706,-26.851866,2.1545827,0.71819425,0.18400002,0.0,0.15200394,0.0,0.0
hardzero_only__c0p58__z1p00__lam0p000__nu0p50__psi0p00,0.07,borrow,32,1140,0.0,3,-0.59728706,-0.59551483,-0.59551483,0.9560714,0.11064418,0.11064418,1.0,0.0077450923,0.07,0.0,0.0059728706,0.59728706,0.59551483,-25.98212,2.103399,0.701133,0.224,0.0,0.1699881,0.0,0.0
hardzero_only__c0p58__z1p00__lam0p000__nu0p50__psi0p00,0.07,borrow,32,1141,0.0,3,-0.59551483,-0.6,-0.60147,1.0069089,0.0,0.09842176,0.0,0.0,0.07,0.0,0.005955148,0.59551483,0.6,-26.965294,2.2152438,0.73841465,0.14400001,0.0,0.18454076,0.0,0.0
hardzero_only__c0p58__z1p00__lam0p000__nu0p50__psi0p00,0.07,borrow,32,1142,0.0,3,-0.6,-0.5985485,-0.5985485,0.97285086,0.10645083,0.10645083,1.0,0.0074515585,0.07,0.0,0.006,0.6,0.5985485,-26.390701,2.1403146,0.7134382,0.216,0.0,0.14977807,0.0,0.0
hardzero_only__c0p58__z1p00__lam0p000__nu0p50__psi0p00,0.07,borrow,32,1143,0.0,3,-0.5985485,-0.6,-0.604534,1.0441298,0.0,0.090337925,0.0,0.0,0.07,0.0,0.0059854845,0.5985485,0.6,-27.768024,2.2971315,0.76571053,0.15200001,0.0,0.16029768,0.0,0.0
hardzero_only__c0p58__z1p00__lam0p000__nu0p50__psi0p00,0.07,borrow,32,1144,0.0,3,-0.6,-0.59892905,-0.59892905,0.9956208,0.10101344,0.10101344,1.0,0.0070709405,0.07,0.0,0.006,0.6,0.59892905,-27.071093,2.1904094,0.7301365,0.14999999,0.0,0.14007811,0.0,0.0
hardzero_only__c0p58__z1p00__lam0p000__nu0p50__psi0p00,0.07,borrow,32,1145,0.0,3,-0.59892905,-0.59770846,-0.59770846,0.9871684,0.10299868,0.10299868,1.0,0.0072099078,0.07,0.0,0.0059892903,0.59892905,0.59770846,-26.964592,2.1718137,0.7239379,0.18400002,0.0,0.13410397,0.0,0.0
hardzero_only__c0p58__z1p00__lam0p000__nu0p50__psi0p00,0.07,borrow,32,1146,0.0,3,-0.59770846,-0.5959966,-0.5959966,0.95923114,0.10984211,0.10984211,1.0,0.0076889475,0.07,0.0,0.0059770844,0.59770846,0.5959966,-26.085135,2.1103506,0.7034502,0.104,0.0,0.15253751,0.0,0.0
hardzero_only__c0p58__z1p00__lam0p000__nu0p50__psi0p00,0.07,borrow,32,1147,0.0,3,-0.5959966,-0.59480006,-0.59480006,0.9903947,0.10223632,0.10223632,1.0,0.0071565425,0.07,0.0,0.005959966,0.5959966,0.59480006,-27.436848,2.178912,0.726304,0.208,0.0,0.16092199,0.0,0.0
hardzero_only__c0p58__z1p00__lam0p000__nu0p50__psi0p00,0.07,borrow,32,1148,0.0,3,-0.59480006,-0.5934444,-0.5934444,0.98155737,0.10433802,0.10433802,1.0,0.0073036617,0.07,0.0,0.0059480006,0.59480006,0.5934444,-26.15539,2.1594694,0.7198231,0.18400002,0.0,0.15525761,0.0,0.0
hardzero_only__c0p58__z1p00__lam0p000__nu0p50__psi0p00,0.07,borrow,32,1149,0.0,3,-0.5934444,-0.5918736,-0.5918736,0.9697328,0.10721788,0.10721788,1.0,0.0075052516,0.07,0.0,0.005934444,0.5934444,0.5918736,-26.987234,2.1334548,0.7111516,0.112,0.0,0.15099758,0.0,0.0
hardzero_only__c0p58__z1p00__lam0p000__nu0p50__psi0p00,0.07,borrow,32,1150,0.0,3,-0.5918736,-0.5906986,-0.5906986,0.99422497,0.10133863,0.10133863,1.0,0.0070937043,0.07,0.0,0.0059187356,0.5918736,0.5906986,-26.463251,2.1873386,0.72911286,0.2,0.0,0.1752983,0.0,0.0
hardzero_only__c0p58__z1p00__lam0p000__nu0p50__psi0p00,0.07,borrow,32,1151,0.0,3,-0.5906986,-0.58951277,-0.58951277,0.99427915,0.101325996,0.101325996,1.0,0.0070928195,0.07,0.0,0.005906986,0.5906986,0.58951277,-27.697943,2.1874578,0.7291526,0.18400002,0.0,0.14531545,0.0,0.0
hardzero_only__c0p58__z1p00__lam0p000__nu0p50__psi0p00,0.07,borrow,32,1152,0.0,3,-0.58951277,-0.5954079,-0.5954079,1.0147847,0.0,0.09665298,0.0,0.0,0.07,0.0,0.0058951275,0.58951277,0.5954079,-27.900091,2.232571,0.74419034,0.136,0.0,0.13062184,0.0,0.0
hardzero_only__c0p58__z1p00__lam0p000__nu0p50__psi0p00,0.07,borrow,32,1153,0.0,3,-0.5954079,-0.59382606,-0.59382606,0.96796095,0.107656196,0.107656196,1.0,0.0075359335,0.07,0.0,0.005954079,0.5954079,0.59382606,-25.973963,2.1295567,0.7098522,0.17600001,0.0,0.16163868,0.0,0.0
hardzero_only__c0p58__z1p00__lam0p000__nu0p50__psi0p00,0.07,borrow,32,1154,0.0,3,-0.59382606,-0.59225374,-0.59225374,0.9694275,0.10729326,0.10729326,1.0,0.0075105284,0.07,0.0,0.0059382604,0.59382606,0.59225374,-26.500303,2.1327832,0.7109277,0.224,0.0,0.1568767,0.0,0.0
hardzero_only__c0p58__z1p00__lam0p000__nu0p50__psi0p00,0.07,borrow,32,1155,0.0,3,-0.59225374,-0.5904723,-0.5904723,0.95838207,0.110057056,0.110057056,1.0,0.007703994,0.07,0.0,0.0059225373,0.59225374,0.5904723,-26.540524,2.1084826,0.7028276,0.24800001,0.0,0.14659771,0.0,0.0
hardzero_only__c0p58__z1p00__lam0p000__nu0p50__psi0p00,0.07,borrow,32,1156,0.0,3,-0.5904723,-0.5893737,-0.5893737,0.9997931,0.10004765,0.10004765,1.0,0.0070033353,0.07,0.0,0.0059047225,0.5904723,0.5893737,-27.023844,2.1995888,0.73319626,0.2,0.0,0.15470907,0.0,0.0
hardzero_only__c0p58__z1p00__lam0p000__nu0p50__psi0p00,0.07,borrow,32,1157,0.0,3,-0.5893737,-0.5952674,-0.5952674,1.0275618,0.0,0.093850836,0.0,0.0,0.07,0.0,0.005893737,0.5893737,0.5952674,-27.481577,2.2606812,0.7535604,0.11,0.0,0.15689811,0.0,0.0
hardzero_only__c0p58__z1p00__lam0p000__nu0p50__psi0p00,0.07,borrow,32,1158,0.0,3,-0.5952674,-0.593445,-0.593445,0.95439273,0.111072674,0.111072674,1.0,0.0077750874,0.07,0.0,0.005952674,0.5952674,0.593445,-26.37179,2.099706,0.699902,0.16000001,0.0,0.1446756,0.0,0.0
hardzero_only__c0p58__z1p00__lam0p000__nu0p50__psi0p00,0.07,borrow,32,1159,0.0,3,-0.593445,-0.59183156,-0.59183156,0.96727,0.10782762,0.10782762,1.0,0.007547933,0.07,0.0,0.00593445,0.593445,0.59183156,-26.758339,2.1280365,0.7093455,0.2,0.0,0.13533379,0.0,0.0
hardzero_only__c0p58__z1p00__lam0p000__nu0p50__psi0p00,0.07,borrow,32,1160,0.0,3,-0.59183156,-0.5899877,-0.5899877,0.95511186,0.110888906,0.110888906,1.0,0.0077622235,0.07,0.0,0.0059183156,0.59183156,0.5899877,-26.204367,2.101288,0.7004294,0.18400002,0.0,0.16121382,0.0,0.0
hardzero_only__c0p58__z1p00__lam0p000__nu0p50__psi0p00,0.07,borrow,32,1161,0.0,3,-0.5899877,-0.5958876,-0.5958876,1.001139,0.0,0.099738054,0.0,0.0,0.07,0.0,0.005899877,0.5899877,0.5958876,-27.041763,2.20255,0.7341833,0.17600001,0.0,0.1581028,0.0,0.0
hardzero_only__c0p58__z1p00__lam0p000__nu0p50__psi0p00,0.07,borrow,32,1162,0.0,3,-0.5958876,-0.6,-0.60184646,1.0105019,0.0,0.09761086,0.0,0.0,0.07,0.0,0.005958876,0.5958876,0.6,-26.471306,2.2231486,0.7410495,0.14400001,0.0,0.1518961,0.0,0.0
hardzero_only__c0p58__z1p00__lam0p000__nu0p50__psi0p00,0.07,borrow,32,1163,0.0,3,-0.6,-0.59876144,-0.59876144,0.9854466,0.10340782,0.10340782,1.0,0.007238548,0.07,0.0,0.006,0.6,0.59876144,-27.305704,2.1680257,0.72267526,0.2,0.0,0.1616999,0.0,0.0
hardzero_only__c0p58__z1p00__lam0p000__nu0p50__psi0p00,0.07,borrow,32,1164,0.0,3,-0.59876144,-0.5971887,-0.5971887,0.96655583,0.10800507,0.10800507,1.0,0.0075603547,0.07,0.0,0.0059876144,0.59876144,0.5971887,-27.259293,2.1264653,0.7088218,0.192,0.0,0.16227339,0.0,0.0
hardzero_only__c0p58__z1p00__lam0p000__nu0p50__psi0p00,0.07,borrow,32,1165,0.0,3,-0.5971887,-0.59586966,-0.59586966,0.98231196,0.10415688,0.10415688,1.0,0.0072909817,0.07,0.0,0.005971887,0.5971887,0.59586966,-26.91505,2.1611295,0.7203765,0.272,0.0,0.17638533,0.0,0.0
hardzero_only__c0p58__z1p00__lam0p000__nu0p50__psi0p00,0.07,borrow,32,1166,0.0,3,-0.59586966,-0.6,-0.60182834,1.0089368,0.0,0.09796326,0.0,0.0,0.07,0.0,0.0059586964,0.59586966,0.6,-26.760834,2.219705,0.7399017,0.2,0.0,0.1595665,0.0,0.0
hardzero_only__c0p58__z1p00__lam0p000__nu0p50__psi0p00,0.07,borrow,32,1167,0.0,3,-0.6,-0.598664,-0.598664,0.9796372,0.10480037,0.10480037,1.0,0.007336026,0.07,0.0,0.006,0.6,0.598664,-26.829323,2.1552448,0.71841496,0.120000005,0.0,0.14663905,0.0,0.0
hardzero_only__c0p58__z1p00__lam0p000__nu0p50__psi0p00,0.07,borrow,32,1168,0.0,3,-0.598664,-0.5968552,-0.5968552,0.95326006,0.11136273,0.11136273,1.0,0.007795391,0.07,0.0,0.0059866398,0.598664,0.5968552,-25.825583,2.097214,0.69907135,0.192,0.0,0.13302335,0.0,0.0
hardzero_only__c0p58__z1p00__lam0p000__nu0p50__psi0p00,0.07,borrow,32,1169,0.0,3,-0.5968552,-0.59582275,-0.59582275,0.9999343,0.10001511,0.10001511,1.0,0.0070010577,0.07,0.0,0.005968552,0.5968552,0.59582275,-26.144646,2.1998994,0.73329985,0.192,0.0,0.14546512,0.0,0.0
hardzero_only__c0p58__z1p00__lam0p000__nu0p50__psi0p00,0.07,borrow,32,1170,0.0,3,-0.59582275,-0.59455425,-0.59455425,0.9861568,0.10323886,0.10323886,1.0,0.00722672,0.07,0.0,0.0059582274,0.59582275,0.59455425,-26.970512,2.1695883,0.72319615,0.13,0.0,0.16816035,0.0,0.0
hardzero_only__c0p58__z1p00__lam0p000__nu0p50__psi0p00,0.07,borrow,32,1171,0.0,3,-0.59455425,-0.6,-0.6004998,1.0141051,0.0,0.09680436,0.0,0.0,0.07,0.0,0.0059455424,0.59455425,0.6,-27.630741,2.2310758,0.7436919,0.14400001,0.008,0.16067125,0.0,0.0
hardzero_only__c0p58__z1p00__lam0p000__nu0p50__psi0p00,0.07,borrow,32,1172,0.0,3,-0.6,-0.6,-0.606,1.0037135,0.0,0.09914858,0.0,0.0,0.07,0.0,0.006,0.6,0.6,-27.237001,2.2082138,0.7360713,0.17600001,0.0,0.1380293,0.0,0.0
hardzero_only__c0p58__z1p00__lam0p000__nu0p50__psi0p00,0.07,borrow,32,1173,0.0,3,-0.6,-0.5988453,-0.5988453,0.9905055,0.10221024,0.10221024,1.0,0.0071547166,0.07,0.0,0.006,0.6,0.5988453,-26.09752,2.1791556,0.72638524,0.128,0.0,0.13813445,0.0,0.0
hardzero_only__c0p58__z1p00__lam0p000__nu0p50__psi0p00,0.07,borrow,32,1174,0.0,3,-0.5988453,-0.59712833,-0.59712833,0.9583001,0.110077836,0.110077836,1.0,0.0077054487,0.07,0.0,0.005988453,0.5988453,0.59712833,-26.17329,2.1083024,0.7027675,0.192,0.0,0.14671451,0.0,0.0
hardzero_only__c0p58__z1p00__lam0p000__nu0p50__psi0p00,0.07,borrow,32,1175,0.0,3,-0.59712833,-0.6,-0.60309964,1.0008273,0.0,0.09980968,0.0,0.0,0.07,0.0,0.005971283,0.59712833,0.6,-27.730904,2.201864,0.73395467,0.17600001,0.0,0.16443118,0.0,0.0
hardzero_only__c0p58__z1p00__lam0p000__nu0p50__psi0p00,0.07,borrow,32,1176,0.0,3,-0.6,-0.5986081,-0.5986081,0.97633916,0.10559924,0.10559924,1.0,0.007391947,0.07,0.0,0.006,0.6,0.5986081,-27.421926,2.147989,0.7159964,0.17600001,0.0,0.16717061,0.0,0.0
hardzero_only__c0p58__z1p00__lam0p000__nu0p50__psi0p00,0.07,borrow,32,1177,0.0,3,-0.5986081,-0.6,-0.6045942,1.0137568,0.0,0.09688204,0.0,0.0,0.07,0.0,0.0059860805,0.5986081,0.6,-27.669346,2.2303095,0.7434365,0.128,0.0,0.15332362,0.0,0.0
hardzero_only__c0p58__z1p00__lam0p000__nu0p50__psi0p00,0.07,borrow,32,1178,0.0,3,-0.6,-0.5989092,-0.5989092,0.99440354,0.10129696,0.10129696,1.0,0.0070907874,0.07,0.0,0.006,0.6,0.5989092,-26.564526,2.1877315,0.7292439,0.2,0.0,0.15577057,0.0,0.0
hardzero_only__c0p58__z1p00__lam0p000__nu0p50__psi0p00,0.07,borrow,32,1179,0.0,3,-0.5989092,-0.6,-0.6048983,1.0103145,0.0,0.09765299,0.0,0.0,0.07,0.0,0.005989092,0.5989092,0.6,-27.009695,2.2227361,0.7409121,0.128,0.0,0.15230624,0.0,0.0
hardzero_only__c0p58__z1p00__lam0p000__nu0p50__psi0p00,0.07,borrow,32,1180,0.0,3,-0.6,-0.59832,-0.59832,0.9597385,0.10971385,0.10971385,1.0,0.0076799695,0.07,0.0,0.006,0.6,0.59832,-26.241753,2.111467,0.7038223,0.15200001,0.0,0.15223132,0.0,0.0
hardzero_only__c0p58__z1p00__lam0p000__nu0p50__psi0p00,0.07,borrow,32,1181,0.0,3,-0.59832,-0.5962087,-0.5962087,0.93690854,0.11563557,0.11563557,1.0,0.00809449,0.07,0.0,0.0059832,0.59832,0.5962087,-26.536371,2.06124,0.68708,0.18400002,0.008,0.13396105,0.0,0.0
hardzero_only__c0p58__z1p00__lam0p000__nu0p50__psi0p00,0.07,borrow,32,1182,0.0,3,-0.5962087,-0.6,-0.60217077,1.0027375,0.0,0.09937165,0.0,0.0,0.07,0.0,0.005962087,0.5962087,0.6,-27.263712,2.2060666,0.73535556,0.120000005,0.0,0.15628861,0.0,0.0
hardzero_only__c0p58__z1p00__lam0p000__nu0p50__psi0p00,0.07,borrow,32,1183,0.0,3,-0.6,-0.6,-0.606,1.0447681,0.0,0.09020526,0.0,0.0,0.07,0.0,0.006,0.6,0.6,-27.713875,2.2985356,0.76617855,0.12,0.0,0.16163424,0.0,0.0
hardzero_only__c0p58__z1p00__lam0p000__nu0p50__psi0p00,0.07,borrow,32,1184,0.0,3,-0.6,-0.5987393,-0.5987393,0.98412097,0.10372396,0.10372396,1.0,0.007260677,0.07,0.0,0.006,0.6,0.5987393,-26.460716,2.1651094,0.7217032,0.2,0.0,0.15314904,0.0,0.0
hardzero_only__c0p58__z1p00__lam0p000__nu0p50__psi0p00,0.07,borrow,32,1185,0.0,3,-0.5987393,-0.5975647,-0.5975647,0.9900602,0.10231511,0.10231511,1.0,0.007162058,0.07,0.0,0.005987393,0.5987393,0.5975647,-27.083302,2.178176,0.72605866,0.2,0.0,0.16352083,0.0,0.0
hardzero_only__c0p58__z1p00__lam0p000__nu0p50__psi0p00,0.07,borrow,32,1186,0.0,3,-0.5975647,-0.59510666,-0.59510666,0.91907865,0.12048178,0.12048178,1.0,0.008433725,0.07,0.0,0.005975647,0.5975647,0.59510666,-25.765194,2.0220134,0.6740045,0.16800001,0.0,0.14755741,0.0,0.0
hardzero_only__c0p58__z1p00__lam0p000__nu0p50__psi0p00,0.07,borrow,32,1187,0.0,3,-0.59510666,-0.6,-0.6010577,1.0202583,0.0,0.09544246,0.0,0.0,0.07,0.0,0.0059510665,0.59510666,0.6,-27.087152,2.2446132,0.7482044,0.112,0.0,0.14934571,0.0,0.0
hardzero_only__c0p58__z1p00__lam0p000__nu0p50__psi0p00,0.07,borrow,32,1188,0.0,3,-0.6,-0.59805465,-0.59805465,0.9449833,0.11350544,0.11350544,1.0,0.007945381,0.07,0.0,0.006,0.6,0.59805465,-26.137579,2.0790048,0.6930016,0.17600001,0.0,0.14044814,0.0,0.0
hardzero_only__c0p58__z1p00__lam0p000__nu0p50__psi0p00,0.07,borrow,32,1189,0.0,3,-0.59805465,-0.5969306,-0.5969306,0.99355924,0.10149409,0.10149409,1.0,0.0071045863,0.07,0.0,0.005980546,0.59805465,0.5969306,-26.286638,2.185874,0.7286247,0.16800001,0.0,0.14484966,0.0,0.0
hardzero_only__c0p58__z1p00__lam0p000__nu0p50__psi0p00,0.07,borrow,32,1190,0.0,3,-0.5969306,-0.6,-0.6028999,1.0437769,0.0,0.09041138,0.0,0.0,0.07,0.0,0.005969306,0.5969306,0.6,-27.557995,2.296355,0.76545167,0.112,0.0,0.17700377,0.0,0.0
hardzero_only__c0p58__z1p00__lam0p000__nu0p50__psi0p00,0.07,borrow,32,1191,0.0,3,-0.6,-0.59825456,-0.59825456,0.95605016,0.110649586,0.110649586,1.0,0.007745471,0.07,0.0,0.006,0.6,0.59825456,-26.354446,2.1033523,0.70111746,0.17600001,0.0,0.14664873,0.0,0.0
hardzero_only__c0p58__z1p00__lam0p000__nu0p50__psi0p00,0.07,borrow,32,1192,0.0,3,-0.59825456,-0.59643406,-0.59643406,0.9528348,0.11147184,0.11147184,1.0,0.007803029,0.07,0.0,0.0059825457,0.59825456,0.59643406,-26.46025,2.0962784,0.6987595,0.15200001,0.0,0.14396024,0.0,0.0
hardzero_only__c0p58__z1p00__lam0p000__nu0p50__psi0p00,0.07,borrow,32,1193,0.0,3,-0.59643406,-0.6,-0.6023984,1.0275164,0.0,0.09386066,0.0,0.0,0.07,0.0,0.0059643406,0.59643406,0.6,-26.900663,2.2605813,0.7535271,0.136,0.0,0.182522,0.0,0.0
hardzero_only__c0p58__z1p00__lam0p000__nu0p50__psi0p00,0.07,borrow,32,1194,0.0,3,-0.6,-0.5986421,-0.5986421,0.97834337,0.105113044,0.105113044,1.0,0.007357913,0.07,0.0,0.006,0.6,0.5986421,-26.492294,2.1523983,0.7174661,0.17600001,0.0,0.15061046,0.0,0.0
hardzero_only__c0p58__z1p00__lam0p000__nu0p50__psi0p00,0.07,borrow,32,1195,0.0,3,-0.5986421,-0.5972431,-0.5972431,0.9767217,0.10550627,0.10550627,1.0,0.0073854392,0.07,0.0,0.005986421,0.5986421,0.5972431,-27.183815,2.1488307,0.7162769,0.24000001,0.0,0.14996801,0.0,0.0
hardzero_only__c0p58__z1p00__lam0p000__nu0p50__psi0p00,0.07,borrow,32,1196,0.0,3,-0.5972431,-0.59529847,-0.59529847,0.9465333,0.11310105,0.11310105,1.0,0.007917074,0.07,0.0,0.0059724306,0.5972431,0.59529847,-26.390604,2.0824149,0.6941383,0.19,0.0,0.13835406,0.0,0.0
hardzero_only__c0p58__z1p00__lam0p000__nu0p50__psi0p00,0.07,borrow,32,1197,0.0,3,-0.59529847,-0.59396106,-0.59396106,0.98234504,0.10414896,0.10414896,1.0,0.0072904276,0.07,0.0,0.0059529846,0.59529847,0.59396106,-27.169834,2.1612022,0.72040075,0.17600001,0.0,0.16662458,0.0,0.0
hardzero_only__c0p58__z1p00__lam0p000__nu0p50__psi0p00,0.07,borrow,32,1198,0.0,3,-0.59396106,-0.59990066,-0.59990066,1.002317,0.0,0.0994679,0.0,0.0,0.07,0.0,0.0059396103,0.59396106,0.59990066,-27.42054,2.2051413,0.7350471,0.2,0.0,0.15399028,0.0,0.0
hardzero_only__c0p58__z1p00__lam0p000__nu0p50__psi0p00,0.07,borrow,32,1199,0.0,3,-0.59990066,-0.5976871,-0.5976871,0.9306193,0.11732233,0.11732233,1.0,0.008212564,0.07,0.0,0.0059990063,0.59990066,0.5976871,-26.3705,2.0474033,0.6824678,0.256,0.0,0.14791144,0.0,0.0
hardzero_only__c0p58__z1p00__lam0p000__nu0p50__psi0p00,0.07,borrow,32,1200,0.0,3,-0.5976871,-0.6,-0.603664,1.0247234,0.0,0.09446623,0.0,0.0,0.07,0.0,0.005976871,0.5976871,0.6,-27.118607,2.2544365,0.75147885,0.128,0.0,0.17616342,0.0,0.0
hardzero_only__c0p58__z1p00__lam0p000__nu0p50__psi0p00,0.07,borrow,32,1201,0.0,3,-0.6,-0.5989095,-0.5989095,0.9944213,0.10129284,0.10129284,1.0,0.0070904987,0.07,0.0,0.006,0.6,0.5989095,-26.570194,2.1877706,0.72925687,0.08800001,0.0,0.1442839,0.0,0.0
hardzero_only__c0p58__z1p00__lam0p000__nu0p50__psi0p00,0.07,borrow,32,1202,0.0,3,-0.5989095,-0.6,-0.6048986,1.001448,0.0,0.09966712,0.0,0.0,0.07,0.0,0.0059890947,0.5989095,0.6,-26.859375,2.2032297,0.7344099,0.16000001,0.0,0.15646535,0.0,0.0
hardzero_only__c0p58__z1p00__lam0p000__nu0p50__psi0p00,0.07,borrow,32,1203,0.0,3,-0.6,-0.5989276,-0.5989276,0.9955302,0.101034515,0.101034515,1.0,0.007072416,0.07,0.0,0.006,0.6,0.5989276,-26.465271,2.19021,0.73007005,0.15200001,0.0,0.14979725,0.0,0.0
hardzero_only__c0p58__z1p00__lam0p000__nu0p50__psi0p00,0.07,borrow,32,1204,0.0,3,-0.5989276,-0.6,-0.6049169,1.0082425,0.0,0.09811998,0.0,0.0,0.07,0.0,0.005989276,0.5989276,0.6,-27.150799,2.2181778,0.73939264,0.128,0.0,0.15845375,0.0,0.0
hardzero_only__c0p58__z1p00__lam0p000__nu0p50__psi0p00,0.07,borrow,32,1205,0.0,3,-0.6,-0.5988547,-0.5988547,0.991079,0.102075376,0.102075376,1.0,0.0071452763,0.07,0.0,0.006,0.6,0.5988547,-26.79778,2.1804173,0.7268058,0.15200001,0.0,0.15048008,0.0,0.0
hardzero_only__c0p58__z1p00__lam0p000__nu0p50__psi0p00,0.07,borrow,32,1206,0.0,3,-0.5988547,-0.59767056,-0.59767056,0.9894167,0.10246683,0.10246683,1.0,0.007172678,0.07,0.0,0.005988547,0.5988547,0.59767056,-26.444654,2.1767602,0.7255868,0.17600001,0.0,0.1358348,0.0,0.0
hardzero_only__c0p58__z1p00__lam0p000__nu0p50__psi0p00,0.07,borrow,32,1207,0.0,3,-0.59767056,-0.59569216,-0.59569216,0.9444523,0.113644294,0.113644294,1.0,0.0079551,0.07,0.0,0.0059767053,0.59767056,0.59569216,-26.060822,2.0778365,0.6926122,0.256,0.0,0.12706697,0.0,0.0
hardzero_only__c0p58__z1p00__lam0p000__nu0p50__psi0p00,0.07,borrow,32,1208,0.0,3,-0.59569216,-0.6,-0.6016491,1.0188884,0.0,0.095744014,0.0,0.0,0.07,0.0,0.0059569213,0.59569216,0.6,-27.136497,2.241599,0.7471997,0.136,0.0,0.159434,0.0,0.0
hardzero_only__c0p58__z1p00__lam0p000__nu0p50__psi0p00,0.07,borrow,32,1209,0.0,3,-0.6,-0.59834415,-0.59834415,0.96110356,0.10936955,0.10936955,1.0,0.007655869,0.07,0.0,0.006,0.6,0.59834415,-25.798563,2.11447,0.7048234,0.14999999,0.0,0.13019575,0.0,0.0
hardzero_only__c0p58__z1p00__lam0p000__nu0p50__psi0p00,0.07,borrow,32,1210,0.0,3,-0.59834415,-0.6,-0.60432756,1.0376523,0.0,0.091695435,0.0,0.0,0.07,0.0,0.005983441,0.59834415,0.6,-27.654657,2.2828805,0.7609602,0.208,0.0,0.16814935,0.0,0.0
hardzero_only__c0p58__z1p00__lam0p000__nu0p50__psi0p00,0.07,borrow,32,1211,0.0,3,-0.6,-0.5983822,-0.5983822,0.9632681,0.108825795,0.108825795,1.0,0.0076178056,0.07,0.0,0.006,0.6,0.5983822,-26.807423,2.1192322,0.70641077,0.192,0.0,0.17349379,0.0,0.0
hardzero_only__c0p58__z1p00__lam0p000__nu0p50__psi0p00,0.07,borrow,32,1212,0.0,3,-0.5983822,-0.5971874,-0.5971874,0.98905927,0.1025512,0.1025512,1.0,0.007178584,0.07,0.0,0.0059838216,0.5983822,0.5971874,-26.897728,2.175974,0.72532463,0.128,0.0,0.13017096,0.0,0.0
hardzero_only__c0p58__z1p00__lam0p000__nu0p50__psi0p00,0.07,borrow,32,1213,0.0,3,-0.5971874,-0.59546226,-0.59546226,0.9587762,0.10995723,0.10995723,1.0,0.007697006,0.07,0.0,0.0059718736,0.5971874,0.59546226,-25.842321,2.1093497,0.7031166,0.17600001,0.0,0.15839003,0.0,0.0
hardzero_only__c0p58__z1p00__lam0p000__nu0p50__psi0p00,0.07,borrow,32,1214,0.0,3,-0.59546226,-0.59358,-0.59358,0.9509533,0.111955814,0.111955814,1.0,0.007836907,0.07,0.0,0.0059546223,0.59546226,0.59358,-26.53291,2.092139,0.6973797,0.18400002,0.0,0.151087,0.0,0.0
hardzero_only__c0p58__z1p00__lam0p000__nu0p50__psi0p00,0.07,borrow,32,1215,0.0,3,-0.59358,-0.5995158,-0.5995158,1.0119724,0.0,0.09728089,0.0,0.0,0.07,0.0,0.0059358,0.59358,0.5995158,-27.82128,2.2263837,0.7421279,0.16000001,0.0,0.17233607,0.0,0.0
hardzero_only__c0p58__z1p00__lam0p000__nu0p50__psi0p00,0.07,borrow,32,1216,0.0,3,-0.5995158,-0.6,-0.60551095,1.0169581,0.0,0.0961705,0.0,0.0,0.07,0.0,0.0059951576,0.5995158,0.6,-27.526913,2.2373526,0.7457842,0.120000005,0.0,0.17612213,0.0,0.0
hardzero_only__c0p58__z1p00__lam0p000__nu0p50__psi0p00,0.07,borrow,32,1217,0.0,3,-0.6,-0.5989317,-0.5989317,0.9957844,0.1009754,0.1009754,1.0,0.0070682783,0.07,0.0,0.006,0.6,0.5989317,-26.808273,2.1907694,0.7302565,0.104,0.0,0.15596487,0.0,0.0
hardzero_only__c0p58__z1p00__lam0p000__nu0p50__psi0p00,0.07,borrow,32,1218,0.0,3,-0.5989317,-0.5961682,-0.5961682,0.90295005,0.12504028,0.12504028,1.0,0.008752819,0.07,0.0,0.0059893173,0.5989317,0.5961682,-25.30588,1.9865298,0.6621766,0.18400002,0.0,0.14013179,0.0,0.0
hardzero_only__c0p58__z1p00__lam0p000__nu0p50__psi0p00,0.07,borrow,32,1219,0.0,3,-0.5961682,-0.59442675,-0.59442675,0.95842975,0.110044986,0.110044986,1.0,0.007703149,0.07,0.0,0.005961682,0.5961682,0.59442675,-26.74394,2.1085875,0.7028625,0.23200001,0.0,0.1480991,0.0,0.0
hardzero_only__c0p58__z1p00__lam0p000__nu0p50__psi0p00,0.07,borrow,32,1220,0.0,3,-0.59442675,-0.59286726,-0.59286726,0.96982116,0.107196055,0.107196055,1.0,0.0075037237,0.07,0.0,0.0059442674,0.59442675,0.59286726,-26.83644,2.133649,0.7112164,0.2,0.0,0.1685742,0.0,0.0
hardzero_only__c0p58__z1p00__lam0p000__nu0p50__psi0p00,0.07,borrow,32,1221,0.0,3,-0.59286726,-0.59152734,-0.59152734,0.98364687,0.10383723,0.10383723,1.0,0.007268606,0.07,0.0,0.0059286724,0.59286726,0.59152734,-27.159956,2.1640663,0.72135544,0.16000001,0.0,0.16640422,0.0,0.0
hardzero_only__c0p58__z1p00__lam0p000__nu0p50__psi0p00,0.07,borrow,32,1222,0.0,3,-0.59152734,-0.5974426,-0.5974426,1.026905,0.0,0.0939929,0.0,0.0,0.07,0.0,0.0059152734,0.59152734,0.5974426,-27.780874,2.2592359,0.75307864,0.17999999,0.0,0.15315007,0.0,0.0
hardzero_only__c0p58__z1p00__lam0p000__nu0p50__psi0p00,0.07,borrow,32,1223,0.0,3,-0.5974426,-0.6,-0.60341704,1.0310557,0.0,0.09309884,0.0,0.0,0.07,0.0,0.005974426,0.5974426,0.6,-28.244003,2.2683678,0.7561226,0.2,0.0,0.16536902,0.0,0.0
hardzero_only__c0p58__z1p00__lam0p000__nu0p50__psi0p00,0.07,borrow,32,1224,0.0,3,-0.6,-0.59879667,-0.59879667,0.98756486,0.10290467,0.10290467,1.0,0.007203327,0.07,0.0,0.006,0.6,0.59879667,-27.31141,2.172686,0.72422874,0.208,0.0,0.16665152,0.0,0.0
hardzero_only__c0p58__z1p00__lam0p000__nu0p50__psi0p00,0.07,borrow,32,1225,0.0,3,-0.59879667,-0.6,-0.6047846,1.0104135,0.0,0.09763071,0.0,0.0,0.07,0.0,0.0059879664,0.59879667,0.6,-27.153496,2.222954,0.7409847,0.15200001,0.0,0.14439541,0.0,0.0
hardzero_only__c0p58__z1p00__lam0p000__nu0p50__psi0p00,0.07,borrow,32,1226,0.0,3,-0.6,-0.5987371,-0.5987371,0.9839905,0.10375512,0.10375512,1.0,0.007262858,0.07,0.0,0.006,0.6,0.5987371,-26.466139,2.1648223,0.72160745,0.16000001,0.0,0.13555318,0.0,0.0
hardzero_only__c0p58__z1p00__lam0p000__nu0p50__psi0p00,0.07,borrow,32,1227,0.0,3,-0.5987371,-0.5968968,-0.5968968,0.9514678,0.11182326,0.11182326,1.0,0.007827628,0.07,0.0,0.005987371,0.5987371,0.5968968,-26.727873,2.093271,0.697757,0.17600001,0.0,0.1471273,0.0,0.0
hardzero_only__c0p58__z1p00__lam0p000__nu0p50__psi0p00,0.07,borrow,32,1228,0.0,3,-0.5968968,-0.59575796,-0.59575796,0.99335986,0.1015407,0.1015407,1.0,0.0071078492,0.07,0.0,0.005968968,0.5968968,0.59575796,-27.414145,2.1854353,0.72847843,0.104,0.0,0.13533041,0.0,0.0
hardzero_only__c0p58__z1p00__lam0p000__nu0p50__psi0p00,0.07,borrow,32,1229,0.0,3,-0.59575796,-0.5945313,-0.5945313,0.98871654,0.10263216,0.10263216,1.0,0.007184251,0.07,0.0,0.0059575797,0.59575796,0.5945313,-26.909441,2.1752198,0.7250733,0.18400002,0.0,0.15850602,0.0,0.0
hardzero_only__c0p58__z1p00__lam0p000__nu0p50__psi0p00,0.07,borrow,32,1230,0.0,3,-0.5945313,-0.59346074,-0.59346074,0.99901664,0.10022668,0.10022668,1.0,0.0070158676,0.07,0.0,0.005945313,0.5945313,0.59346074,-27.614218,2.1978805,0.73262686,0.17600001,0.0,0.17850566,0.0,0.0
hardzero_only__c0p58__z1p00__lam0p000__nu0p50__psi0p00,0.07,borrow,32,1231,0.0,3,-0.59346074,-0.59939533,-0.59939533,1.0662994,0.0,0.08584214,0.0,0.0,0.07,0.0,0.0059346072,0.59346074,0.59939533,-28.065845,2.3459055,0.78196853,0.16000001,0.0,0.15842614,0.0,0.0
hardzero_only__c0p58__z1p00__lam0p000__nu0p50__psi0p00,0.07,borrow,32,1232,0.0,3,-0.59939533,-0.6,-0.6053893,1.0058472,0.0,0.09866265,0.0,0.0,0.07,0.0,0.0059939534,0.59939533,0.6,-26.600368,2.212908,0.737636,0.216,0.0,0.13829753,0.0,0.0
hardzero_only__c0p58__z1p00__lam0p000__nu0p50__psi0p00,0.07,borrow,32,1233,0.0,3,-0.6,-0.6,-0.606,1.0645682,0.0,0.086185016,0.0,0.0,0.07,0.0,0.006,0.6,0.6,-27.908228,2.3420968,0.78069896,0.16000001,0.0,0.16989452,0.0,0.0
hardzero_only__c0p58__z1p00__lam0p000__nu0p50__psi0p00,0.07,borrow,32,1234,0.0,3,-0.6,-0.6,-0.606,1.0043558,0.0,0.099002056,0.0,0.0,0.07,0.0,0.006,0.6,0.6,-28.081831,2.209627,0.73654234,0.112,0.0,0.15216506,0.0,0.0
hardzero_only__c0p58__z1p00__lam0p000__nu0p50__psi0p00,0.07,borrow,32,1235,0.0,3,-0.6,-0.5989122,-0.5989122,0.9945841,0.10125488,0.10125488,1.0,0.0070878416,0.07,0.0,0.006,0.6,0.5989122,-27.099205,2.1881287,0.72937626,0.19,0.0,0.15124606,0.0,0.0
hardzero_only__c0p58__z1p00__lam0p000__nu0p50__psi0p00,0.07,borrow,32,1236,0.0,3,-0.5989122,-0.597182,-0.597182,0.957518,0.11027624,0.11027624,1.0,0.0077193365,0.07,0.0,0.0059891217,0.5989122,0.597182,-26.396633,2.1065817,0.7021939,0.192,0.0,0.14126237,0.0,0.0
hardzero_only__c0p58__z1p00__lam0p000__nu0p50__psi0p00,0.07,borrow,32,1237,0.0,3,-0.597182,-0.6,-0.6031538,1.0258356,0.0,0.0942246,0.0,0.0,0.07,0.0,0.0059718196,0.597182,0.6,-27.01233,2.2568834,0.7522945,0.14400001,0.0,0.14565574,0.0,0.0
hardzero_only__c0p58__z1p00__lam0p000__nu0p50__psi0p00,0.07,borrow,32,1238,0.0,3,-0.6,-0.6,-0.606,1.0202129,0.0,0.09545245,0.0,0.0,0.07,0.0,0.006,0.6,0.6,-27.448572,2.2445133,0.7481711,0.112,0.0,0.14202192,0.0,0.0
hardzero_only__c0p58__z1p00__lam0p000__nu0p50__psi0p00,0.07,borrow,32,1239,0.0,3,-0.6,-0.59767485,-0.59767485,0.9247064,0.118930586,0.118930586,1.0,0.008325141,0.07,0.0,0.006,0.6,0.59767485,-25.642271,2.0343947,0.6781316,0.24800001,0.0,0.17120379,0.0,0.0
hardzero_only__c0p58__z1p00__lam0p000__nu0p50__psi0p00,0.07,borrow,32,1240,0.0,3,-0.59767485,-0.595737,-0.595737,0.9466695,0.1130656,0.1130656,1.0,0.0079145925,0.07,0.0,0.005976748,0.59767485,0.595737,-25.714441,2.0827146,0.6942382,0.216,0.0,0.13606395,0.0,0.0
hardzero_only__c0p58__z1p00__lam0p000__nu0p50__psi0p00,0.07,borrow,32,1241,0.0,3,-0.595737,-0.6,-0.60169435,1.0187045,0.0,0.09578454,0.0,0.0,0.07,0.0,0.0059573697,0.595737,0.6,-26.89249,2.2411947,0.74706495,0.120000005,0.0,0.15945329,0.0,0.0
hardzero_only__c0p58__z1p00__lam0p000__nu0p50__psi0p00,0.07,borrow,32,1242,0.0,3,-0.6,-0.59813035,-0.59813035,0.949143,0.11242347,0.11242347,1.0,0.007869643,0.07,0.0,0.006,0.6,0.59813035,-25.47093,2.0881562,0.6960521,0.18400002,0.008,0.18497102,0.0,0.0
hardzero_only__c0p58__z1p00__lam0p000__nu0p50__psi0p00,0.07,borrow,32,1243,0.0,3,-0.59813035,-0.6,-0.6041117,1.0710361,0.0,0.08491099,0.0,0.0,0.07,0.0,0.0059813033,0.59813035,0.6,-28.37539,2.3563266,0.78544223,0.112,0.0,0.15179393,0.0,0.0
hardzero_only__c0p58__z1p00__lam0p000__nu0p50__psi0p00,0.07,borrow,32,1244,0.0,3,-0.6,-0.59898436,-0.59898436,0.99902934,0.10022374,0.10022374,1.0,0.007015662,0.07,0.0,0.006,0.6,0.59898436,-27.023409,2.1979084,0.73263615,0.14400001,0.0,0.13505585,0.0,0.0
hardzero_only__c0p58__z1p00__lam0p000__nu0p50__psi0p00,0.07,borrow,32,1245,0.0,3,-0.59898436,-0.5972312,-0.5972312,0.9561885,0.11061435,0.11061435,1.0,0.0077430047,0.07,0.0,0.0059898435,0.59898436,0.5972312,-25.81057,2.1036568,0.70121896,0.23200001,0.0,0.14145774,0.0,0.0
hardzero_only__c0p58__z1p00__lam0p000__nu0p50__psi0p00,0.07,borrow,32,1246,0.0,3,-0.5972312,-0.59606636,-0.59606636,0.99157155,0.101959676,0.101959676,1.0,0.0071371775,0.07,0.0,0.005972312,0.5972312,0.59606636,-27.102701,2.181501,0.727167,0.2,0.0,0.14050752,0.0,0.0
hardzero_only__c0p58__z1p00__lam0p000__nu0p50__psi0p00,0.07,borrow,32,1247,0.0,3,-0.59606636,-0.6,-0.602027,1.0202123,0.0,0.095452584,0.0,0.0,0.07,0.0,0.0059606633,0.59606636,0.6,-27.906849,2.2445118,0.7481706,0.17600001,0.0,0.16523898,0.0,0.0
hardzero_only__c0p58__z1p00__lam0p000__nu0p50__psi0p00,0.07,borrow,32,1248,0.0,3,-0.6,-0.6,-0.606,1.016522,0.0,0.0962671,0.0,0.0,0.07,0.0,0.006,0.6,0.6,-27.681347,2.2363932,0.74546444,0.19,0.0,0.1561396,0.0,0.0
hardzero_only__c0p58__z1p00__lam0p000__nu0p50__psi0p00,0.07,borrow,32,1249,0.0,3,-0.6,-0.5987698,-0.5987698,0.98594505,0.10328921,0.10328921,1.0,0.0072302446,0.07,0.0,0.006,0.6,0.5987698,-26.06384,2.1691225,0.7230408,0.2,0.0,0.1294679,0.0,0.0
