mechanism_tag,mechanism,alpha,seed,update,update_u,update_counter,energy_E_pre,energy_E_post,funding_z,funding_g,funding_g_raw,funding_cut_active,funding_income,funding_alpha_eff,episode_return_end_mean,terminal_min_dists_end_mean,terminal_dbar_end,terminal_occupied_end_mean,terminal_CSR_train,vartd_VarTD,depr_F,depr_F_post,env_steps
hardzero_plus_depr__c0p50__z1p10__lam0p020__nu0p50__psi1p00,hardzero_plus_depr,0.05,37,0,1.0,1,1.0,0.5042413,1.0714711,0.084825985,0.084825985,1.0,0.0042412993,0.05,-28.596724,2.3572836,0.78576124,0.16,0.0,0.20661528,0.0,0.0,3200
hardzero_plus_depr__c0p50__z1p10__lam0p020__nu0p50__psi1p00,hardzero_plus_depr,0.05,37,1,1.0,2,0.5042413,0.009255871,0.9987352,0.100291654,0.100291654,1.0,0.005014583,0.05,-26.705421,2.1972613,0.73242044,0.15200001,0.0,0.17359541,0.0,0.0,6400
hardzero_plus_depr__c0p50__z1p10__lam0p020__nu0p50__psi1p00,hardzero_plus_depr,0.05,37,2,0.0,2,0.009255871,0.014489056,0.9802039,0.104663685,0.104663685,1.0,0.0052331844,0.05,-26.368305,2.1564918,0.7188306,0.192,0.0,0.17402472,0.0,0.02,9600
hardzero_plus_depr__c0p50__z1p10__lam0p020__nu0p50__psi1p00,hardzero_plus_depr,0.05,37,3,0.0,2,0.014489056,0.018910687,1.0447015,0.09021911,0.09021911,1.0,0.0044216327,0.049009934,-27.291965,2.2983892,0.76612973,0.14400001,0.0,0.1880549,0.02,0.04,12800
hardzero_plus_depr__c0p50__z1p10__lam0p020__nu0p50__psi1p00,hardzero_plus_depr,0.05,37,4,0.0,2,0.018910687,0.02365149,1.0057464,0.09868556,0.09868556,1.0,0.004740803,0.048039477,-27.038681,2.2126863,0.7375621,0.16800001,0.0,0.17569123,0.04,0.06,16000
hardzero_plus_depr__c0p50__z1p10__lam0p020__nu0p50__psi1p00,hardzero_plus_depr,0.05,37,5,0.0,2,0.02365149,0.027970284,1.03755,0.09171704,0.09171704,1.0,0.0043187933,0.047088232,-27.635225,2.2826555,0.7608852,0.16000001,0.0,0.19194125,0.06,0.08,19200
hardzero_plus_depr__c0p50__z1p10__lam0p020__nu0p50__psi1p00,hardzero_plus_depr,0.05,37,6,0.0,2,0.027970284,0.032286163,1.0291572,0.09350673,0.09350673,1.0,0.00431588,0.04615582,-27.189045,2.264191,0.75473034,0.18400002,0.0,0.17723767,0.08,0.099999994,22400
hardzero_plus_depr__c0p50__z1p10__lam0p020__nu0p50__psi1p00,hardzero_plus_depr,0.05,37,7,0.0,2,0.032286163,0.037150204,0.96854335,0.107511915,0.107511915,1.0,0.0048640403,0.045241874,-26.286991,2.130838,0.71027935,0.15200001,0.0,0.16504024,0.099999994,0.11999999,25600
hardzero_plus_depr__c0p50__z1p10__lam0p020__nu0p50__psi1p00,hardzero_plus_depr,0.05,37,8,0.0,2,0.037150204,0.04223335,0.940722,0.11462464,0.11462464,1.0,0.005083147,0.044346023,-25.444342,2.0696297,0.68987656,0.17600001,0.0,0.16271915,0.11999999,0.13999999,28800
hardzero_plus_depr__c0p50__z1p10__lam0p020__nu0p50__psi1p00,hardzero_plus_depr,0.05,37,9,0.0,2,0.04223335,0.04673021,0.98525983,0.10345231,0.10345231,1.0,0.0044968566,0.043467917,-26.73149,2.167615,0.72253835,0.14400001,0.0,0.18458743,0.13999999,0.15999998,32000
hardzero_plus_depr__c0p50__z1p10__lam0p020__nu0p50__psi1p00,hardzero_plus_depr,0.05,37,10,0.0,2,0.04673021,0.05087304,1.0121857,0.09723315,0.09723315,1.0,0.004142831,0.04260719,-26.841904,2.226853,0.7422843,0.18400002,0.0,0.19718307,0.15999998,0.17999998,35200
hardzero_plus_depr__c0p50__z1p10__lam0p020__nu0p50__psi1p00,hardzero_plus_depr,0.05,37,11,0.0,2,0.05087304,0.055012647,1.003838,0.09912017,0.09912017,1.0,0.0041396064,0.04176351,-27.367075,2.2084875,0.73616254,0.2,0.0,0.1837497,0.17999998,0.19999997,38400
hardzero_plus_depr__c0p50__z1p10__lam0p020__nu0p50__psi1p00,hardzero_plus_depr,0.05,37,12,0.0,2,0.055012647,0.058745213,1.0401037,0.09117931,0.09117931,1.0,0.0037325656,0.04093654,-27.547323,2.2882738,0.76275796,0.120000005,0.0,0.1697134,0.19999997,0.21999997,41600
hardzero_plus_depr__c0p50__z1p10__lam0p020__nu0p50__psi1p00,hardzero_plus_depr,0.05,37,13,0.0,2,0.058745213,0.062840424,0.99114877,0.10205898,0.10205898,1.0,0.0040952126,0.04012594,-27.158379,2.1805708,0.72685695,0.14999999,0.0,0.1677838,0.21999997,0.23999996,44800
hardzero_plus_depr__c0p50__z1p10__lam0p020__nu0p50__psi1p00,hardzero_plus_depr,0.05,37,14,0.0,2,0.062840424,0.06668767,1.0095893,0.09781618,0.09781618,1.0,0.0038472468,0.039331395,-26.95429,2.2211409,0.7403803,0.17600001,0.0,0.15925154,0.23999996,0.25999996,48000
hardzero_plus_depr__c0p50__z1p10__lam0p020__nu0p50__psi1p00,hardzero_plus_depr,0.05,37,15,0.0,2,0.06668767,0.0707659,0.97558254,0.105783395,0.105783395,1.0,0.0040782224,0.03855258,-26.054504,2.1463244,0.71544147,0.16800001,0.0,0.16995366,0.25999996,0.27999997,51200
hardzero_plus_depr__c0p50__z1p10__lam0p020__nu0p50__psi1p00,hardzero_plus_depr,0.05,37,16,0.0,2,0.0707659,0.07454298,1.0002111,0.099951394,0.099951394,1.0,0.003777082,0.03778919,-27.414324,2.2005084,0.7335028,0.16800001,0.0,0.17689064,0.27999997,0.29999998,54400
hardzero_plus_depr__c0p50__z1p10__lam0p020__nu0p50__psi1p00,hardzero_plus_depr,0.05,37,17,0.0,2,0.07454298,0.07821916,1.0032846,0.09924654,0.09924654,1.0,0.0036761824,0.03704091,-26.447046,2.2072701,0.73575675,0.15200001,0.0,0.18939914,0.29999998,0.32,57600
hardzero_plus_depr__c0p50__z1p10__lam0p020__nu0p50__psi1p00,hardzero_plus_depr,0.05,37,18,0.0,2,0.07821916,0.08195603,0.98748803,0.10292288,0.10292288,1.0,0.0037368678,0.036307454,-27.427145,2.172517,0.72417235,0.16800001,0.0,0.17703566,0.32,0.34,60800
hardzero_plus_depr__c0p50__z1p10__lam0p020__nu0p50__psi1p00,hardzero_plus_depr,0.05,37,19,0.0,2,0.08195603,0.08560934,0.98862356,0.10265414,0.10265414,1.0,0.0036533086,0.035588518,-25.997078,2.1750152,0.7250051,0.136,0.0,0.18997397,0.34,0.36,64000
hardzero_plus_depr__c0p50__z1p10__lam0p020__nu0p50__psi1p00,hardzero_plus_depr,0.05,37,20,0.0,2,0.08560934,0.089014284,1.0105139,0.097608134,0.097608134,1.0,0.0034049442,0.034883816,-26.475092,2.223175,0.74105835,0.16800001,0.0,0.17015542,0.36,0.38000003,67200
hardzero_plus_depr__c0p50__z1p10__lam0p020__nu0p50__psi1p00,hardzero_plus_depr,0.05,37,21,0.0,2,0.089014284,0.09238439,1.0062941,0.09856117,0.09856117,1.0,0.0033701088,0.03419307,-26.621067,2.2138913,0.7379638,0.208,0.0,0.18757646,0.38000003,0.40000004,70400
hardzero_plus_depr__c0p50__z1p10__lam0p020__nu0p50__psi1p00,hardzero_plus_depr,0.05,37,22,0.0,2,0.09238439,0.095710136,1.0033631,0.099228606,0.099228606,1.0,0.003325746,0.033516,-27.049854,2.207443,0.73581433,0.14400001,0.0,0.17374863,0.40000004,0.42000005,73600
hardzero_plus_depr__c0p50__z1p10__lam0p020__nu0p50__psi1p00,hardzero_plus_depr,0.05,37,23,0.0,2,0.095710136,0.098865494,1.0175171,0.09604679,0.09604679,1.0,0.0031553619,0.03285234,-27.327911,2.2385824,0.7461941,0.16800001,0.0,0.21456224,0.42000005,0.44000006,76800
hardzero_plus_depr__c0p50__z1p10__lam0p020__nu0p50__psi1p00,hardzero_plus_depr,0.05,37,24,0.0,2,0.098865494,0.101750806,1.0476873,0.08960096,0.08960096,1.0,0.0028853142,0.032201823,-28.085016,2.304958,0.76831937,0.14400001,0.0,0.1931061,0.44000006,0.46000007,80000
hardzero_plus_depr__c0p50__z1p10__lam0p020__nu0p50__psi1p00,hardzero_plus_depr,0.05,37,25,0.0,2,0.101750806,0.10466741,1.0343165,0.09240245,0.09240245,1.0,0.0029166075,0.03156418,-27.880587,2.2755418,0.7585139,0.120000005,0.0,0.17894085,0.46000007,0.48000008,83200
hardzero_plus_depr__c0p50__z1p10__lam0p020__nu0p50__psi1p00,hardzero_plus_depr,0.05,37,26,0.0,2,0.10466741,0.10785003,0.98772436,0.102866895,0.102866895,1.0,0.003182616,0.030939167,-26.482744,2.173037,0.7243457,0.17999999,0.0,0.15008378,0.48000008,0.50000006,86400
hardzero_plus_depr__c0p50__z1p10__lam0p020__nu0p50__psi1p00,hardzero_plus_depr,0.05,37,27,0.0,2,0.10785003,0.11089622,0.9980658,0.10044636,0.10044636,1.0,0.0030461894,0.03032653,-26.058144,2.1957886,0.73192954,0.208,0.0,0.16518329,0.50000006,0.52000004,89600
hardzero_plus_depr__c0p50__z1p10__lam0p020__nu0p50__psi1p00,hardzero_plus_depr,0.05,37,28,0.0,2,0.11089622,0.11384936,1.0028539,0.09934503,0.09934503,1.0,0.0029531328,0.029726027,-27.353935,2.2063227,0.7354409,0.15200001,0.0,0.18627344,0.52000004,0.54,92800
hardzero_plus_depr__c0p50__z1p10__lam0p020__nu0p50__psi1p00,hardzero_plus_depr,0.05,37,29,0.0,2,0.11384936,0.116598934,1.0251848,0.09436593,0.09436593,1.0,0.002749579,0.029137412,-27.392525,2.2554514,0.75181717,0.2,0.0,0.19174603,0.54,0.56,96000
hardzero_plus_depr__c0p50__z1p10__lam0p020__nu0p50__psi1p00,hardzero_plus_depr,0.05,37,30,0.0,2,0.116598934,0.119339466,1.0179302,0.09595548,0.09595548,1.0,0.0027405322,0.028560454,-27.198599,2.239491,0.74649704,0.16000001,0.0,0.19398654,0.56,0.58,99200
hardzero_plus_depr__c0p50__z1p10__lam0p020__nu0p50__psi1p00,hardzero_plus_depr,0.05,37,31,0.0,2,0.119339466,0.12255302,0.94009346,0.114790656,0.114790656,1.0,0.003213555,0.02799492,-25.452833,2.0682468,0.68941563,0.18400002,0.0,0.15619782,0.58,0.59999996,102400
hardzero_plus_depr__c0p50__z1p10__lam0p020__nu0p50__psi1p00,hardzero_plus_depr,0.05,37,32,0.0,2,0.12255302,0.12516528,1.0213752,0.095197335,0.095197335,1.0,0.0026122702,0.027440581,-27.387497,2.2470703,0.74902344,0.14400001,0.0,0.18654068,0.59999996,0.61999995,105600
hardzero_plus_depr__c0p50__z1p10__lam0p020__nu0p50__psi1p00,hardzero_plus_depr,0.05,37,33,0.0,2,0.12516528,0.1277687,1.0141653,0.09679093,0.09679093,1.0,0.0026034073,0.026897222,-27.20702,2.231208,0.743736,0.192,0.0,0.20246321,0.61999995,0.6399999,108800
hardzero_plus_depr__c0p50__z1p10__lam0p020__nu0p50__psi1p00,hardzero_plus_depr,0.05,37,34,0.0,2,0.1277687,0.1306836,0.9563979,0.110561036,0.110561036,1.0,0.0029149,0.026364623,-26.2544,2.1041174,0.7013725,0.15200001,0.0,0.15773372,0.6399999,0.6599999,112000
hardzero_plus_depr__c0p50__z1p10__lam0p020__nu0p50__psi1p00,hardzero_plus_depr,0.05,37,35,0.0,2,0.1306836,0.13310142,1.0289118,0.09355955,0.09355955,1.0,0.0024178189,0.025842568,-26.693556,2.2636511,0.7545504,0.16000001,0.0,0.19358905,0.6599999,0.6799999,115200
hardzero_plus_depr__c0p50__z1p10__lam0p020__nu0p50__psi1p00,hardzero_plus_depr,0.05,37,36,0.0,2,0.13310142,0.13543127,1.0363203,0.091977105,0.091977105,1.0,0.0023298587,0.025330855,-27.729298,2.2799501,0.7599834,0.15200001,0.0,0.17553954,0.6799999,0.69999987,118400
hardzero_plus_depr__c0p50__z1p10__lam0p020__nu0p50__psi1p00,hardzero_plus_depr,0.05,37,37,0.0,2,0.13543127,0.1381534,0.96005464,0.10963402,0.10963402,1.0,0.0027221325,0.024829268,-26.460892,2.1121624,0.7040541,0.2,0.0,0.17053889,0.69999987,0.71999985,121600
hardzero_plus_depr__c0p50__z1p10__lam0p020__nu0p50__psi1p00,hardzero_plus_depr,0.05,37,38,0.0,2,0.1381534,0.14041415,1.0320253,0.09289123,0.09289123,1.0,0.002260751,0.024337616,-26.540247,2.2705011,0.75683373,0.17600001,0.0,0.17679045,0.71999985,0.73999983,124800
hardzero_plus_depr__c0p50__z1p10__lam0p020__nu0p50__psi1p00,hardzero_plus_depr,0.05,37,39,0.0,2,0.14041415,0.14271437,1.0158224,0.096422315,0.096422315,1.0,0.002300222,0.023855701,-27.54776,2.234854,0.74495137,0.17999999,0.0,0.18448521,0.73999983,0.7599998,128000
hardzero_plus_depr__c0p50__z1p10__lam0p020__nu0p50__psi1p00,hardzero_plus_depr,0.05,37,40,0.0,2,0.14271437,0.1448401,1.0413951,0.09090859,0.09090859,1.0,0.0021257452,0.023383327,-28.016144,2.2911148,0.76370496,0.136,0.0,0.19087799,0.7599998,0.7799998,131200
hardzero_plus_depr__c0p50__z1p10__lam0p020__nu0p50__psi1p00,hardzero_plus_depr,0.05,37,41,0.0,2,0.1448401,0.14700161,1.0254653,0.094304994,0.094304994,1.0,0.002161499,0.022920305,-26.889668,2.2560687,0.7520229,0.16800001,0.008,0.18903977,0.7799998,0.7999998,134400
hardzero_plus_depr__c0p50__z1p10__lam0p020__nu0p50__psi1p00,hardzero_plus_depr,0.05,37,42,0.0,2,0.14700161,0.14906833,1.0362531,0.09199133,0.09199133,1.0,0.0020667189,0.022466455,-26.91461,2.2798023,0.7599341,0.16000001,0.0,0.18481077,0.7999998,0.81999975,137600
hardzero_plus_depr__c0p50__z1p10__lam0p020__nu0p50__psi1p00,hardzero_plus_depr,0.05,37,43,0.0,2,0.14906833,0.15094478,1.0695108,0.08520971,0.08520971,1.0,0.0018764532,0.022021588,-28.154106,2.3529708,0.78432363,0.096,0.0,0.20570719,0.81999975,0.83999974,140800
hardzero_plus_depr__c0p50__z1p10__lam0p020__nu0p50__psi1p00,hardzero_plus_depr,0.05,37,44,0.0,2,0.15094478,0.15309076,1.002539,0.099417076,0.099417076,1.0,0.0021459705,0.021585532,-26.699463,2.2056298,0.73520994,0.15200001,0.0,0.16803229,0.83999974,0.8599997,144000
hardzero_plus_depr__c0p50__z1p10__lam0p020__nu0p50__psi1p00,hardzero_plus_depr,0.05,37,45,0.0,2,0.15309076,0.15522389,0.9964606,0.10081829,0.10081829,1.0,0.0021331247,0.021158112,-26.749424,2.1922572,0.7307524,0.15200001,0.0,0.1681092,0.8599997,0.8799997,147200
hardzero_plus_depr__c0p50__z1p10__lam0p020__nu0p50__psi1p00,hardzero_plus_depr,0.05,37,46,0.0,2,0.15522389,0.15719825,1.0213649,0.095199585,0.095199585,1.0,0.0019743587,0.020739153,-27.493898,2.2470477,0.7490159,0.18400002,0.0,0.21628879,0.8799997,0.8999997,150400
hardzero_plus_depr__c0p50__z1p10__lam0p020__nu0p50__psi1p00,hardzero_plus_depr,0.05,37,47,0.0,2,0.15719825,0.15892874,1.0699352,0.085126504,0.085126504,1.0,0.0017304933,0.02032849,-28.48643,2.3539045,0.7846348,0.112,0.0,0.2134128,0.8999997,0.91999966,153600
hardzero_plus_depr__c0p50__z1p10__lam0p020__nu0p50__psi1p00,hardzero_plus_depr,0.05,37,48,0.0,2,0.15892874,0.1610717,0.9684027,0.107546754,0.107546754,1.0,0.0021429723,0.01992596,-26.72261,2.1305285,0.71017617,0.16000001,0.0,0.17365134,0.91999966,0.93999964,156800
hardzero_plus_depr__c0p50__z1p10__lam0p020__nu0p50__psi1p00,hardzero_plus_depr,0.05,37,49,0.0,2,0.1610717,0.16296786,1.0128572,0.0970829,0.0970829,1.0,0.0018961646,0.019531397,-28.125753,2.2283304,0.7427768,0.15200001,0.0,0.2403447,0.93999964,0.9599996,160000
hardzero_plus_depr__c0p50__z1p10__lam0p020__nu0p50__psi1p00,hardzero_plus_depr,0.05,37,50,0.0,2,0.16296786,0.16467933,1.0486771,0.08939698,0.08939698,1.0,0.0017114741,0.019144652,-27.885305,2.3071356,0.76904523,0.16000001,0.0,0.19865835,0.9599996,0.9799996,163200
hardzero_plus_depr__c0p50__z1p10__lam0p020__nu0p50__psi1p00,hardzero_plus_depr,0.05,37,51,0.0,2,0.16467933,0.16668114,0.97193867,0.10667466,0.10667466,1.0,0.0020018101,0.018765563,-25.927645,2.1383078,0.71276927,0.136,0.0,0.17562205,0.9799996,0.9999996,166400
hardzero_plus_depr__c0p50__z1p10__lam0p020__nu0p50__psi1p00,hardzero_plus_depr,0.05,37,52,0.0,2,0.16668114,0.16834353,1.0439421,0.090377,0.090377,1.0,0.001662393,0.018393982,-27.427677,2.2967184,0.7655728,0.14,0.0,0.22412817,0.9999996,1.0199996,169600
hardzero_plus_depr__c0p50__z1p10__lam0p020__nu0p50__psi1p00,hardzero_plus_depr,0.05,37,53,0.0,2,0.16834353,0.170261,0.9732611,0.106350325,0.106350325,1.0,0.0019174702,0.018029755,-26.232264,2.1412172,0.7137391,0.24800001,0.0,0.18591136,1.0199996,1.0399996,172800
hardzero_plus_depr__c0p50__z1p10__lam0p020__nu0p50__psi1p00,hardzero_plus_depr,0.05,37,54,0.0,2,0.170261,0.17210858,0.9806994,0.10454434,0.10454434,1.0,0.0018475852,0.017672742,-27.090673,2.1575818,0.71919394,0.16800001,0.0,0.15385908,1.0399996,1.0599996,176000
hardzero_plus_depr__c0p50__z1p10__lam0p020__nu0p50__psi1p00,hardzero_plus_depr,0.05,37,55,0.0,2,0.17210858,0.17389059,0.9877062,0.10287119,0.10287119,1.0,0.0017820167,0.017322797,-26.541883,2.172997,0.72433233,0.15200001,0.0,0.17767406,1.0599996,1.0799996,179200
hardzero_plus_depr__c0p50__z1p10__lam0p020__nu0p50__psi1p00,hardzero_plus_depr,0.05,37,56,0.0,2,0.17389059,0.17541233,1.047594,0.08962023,0.08962023,1.0,0.001521732,0.016979782,-27.408937,2.3047526,0.7682509,0.18400002,0.0,0.19542694,1.0799996,1.0999995,182400
hardzero_plus_depr__c0p50__z1p10__lam0p020__nu0p50__psi1p00,hardzero_plus_depr,0.05,37,57,0.0,2,0.17541233,0.17729391,0.9467238,0.113051474,0.113051474,1.0,0.0018815792,0.016643561,-25.79531,2.082834,0.694278,0.192,0.0,0.16989875,1.0999995,1.1199995,185600
hardzero_plus_depr__c0p50__z1p10__lam0p020__nu0p50__psi1p00,hardzero_plus_depr,0.05,37,58,0.0,2,0.17729391,0.17885569,1.0189409,0.09573241,0.09573241,1.0,0.0015617784,0.016313998,-27.053957,2.2417147,0.7472383,0.15200001,0.0,0.1644241,1.1199995,1.1399995,188800
hardzero_plus_depr__c0p50__z1p10__lam0p020__nu0p50__psi1p00,hardzero_plus_depr,0.05,37,59,0.0,2,0.17885569,0.1803716,1.0232021,0.09479771,0.09479771,1.0,0.0015159063,0.01599096,-27.512087,2.2510896,0.75036323,0.16000001,0.0,0.20251401,1.1399995,1.1599995,192000
hardzero_plus_depr__c0p50__z1p10__lam0p020__nu0p50__psi1p00,hardzero_plus_depr,0.05,37,60,0.0,2,0.1803716,0.18177578,1.0477638,0.08958517,0.08958517,1.0,0.0014041864,0.015674317,-27.553673,2.3051264,0.7683755,0.2,0.0,0.20003109,1.1599995,1.1799995,195200
hardzero_plus_depr__c0p50__z1p10__lam0p020__nu0p50__psi1p00,hardzero_plus_depr,0.05,37,61,0.0,2,0.18177578,0.1834459,0.9637533,0.108704284,0.108704284,1.0,0.0016701267,0.015363946,-26.520628,2.1202996,0.70676655,0.224,0.0,0.17777812,1.1799995,1.1999995,198400
hardzero_plus_depr__c0p50__z1p10__lam0p020__nu0p50__psi1p00,hardzero_plus_depr,0.05,37,62,0.0,2,0.1834459,0.18504396,0.9742237,0.10611489,0.10611489,1.0,0.0015980604,0.015059719,-26.877092,2.1433349,0.714445,0.24000001,0.0,0.16531138,1.1999995,1.2199994,201600
hardzero_plus_depr__c0p50__z1p10__lam0p020__nu0p50__psi1p00,hardzero_plus_depr,0.05,37,63,0.0,2,0.18504396,0.18655154,0.99085236,0.10212866,0.10212866,1.0,0.001507574,0.014761517,-26.367657,2.1799188,0.7266396,0.17600001,0.0,0.16684833,1.2199994,1.2399994,204800
hardzero_plus_depr__c0p50__z1p10__lam0p020__nu0p50__psi1p00,hardzero_plus_depr,0.05,37,64,0.0,2,0.18655154,0.18802492,0.99213177,0.10182823,0.10182823,1.0,0.0014733751,0.01446922,-26.336002,2.1827335,0.72757787,0.15200001,0.0,0.16462654,1.2399994,1.2599994,208000
hardzero_plus_depr__c0p50__z1p10__lam0p020__nu0p50__psi1p00,hardzero_plus_depr,0.05,37,65,0.0,2,0.18802492,0.18940127,1.0130332,0.09704358,0.09704358,1.0,0.0013763409,0.014182709,-27.018711,2.2287176,0.74290586,0.14,0.0,0.1814458,1.2599994,1.2799994,211200
hardzero_plus_depr__c0p50__z1p10__lam0p020__nu0p50__psi1p00,hardzero_plus_depr,0.05,37,66,0.0,2,0.18940127,0.18940127,1.1113937,0.0,0.07737599,0.0,0.0,0.013901874,-29.349865,2.4451149,0.8150383,0.112,0.0,0.23474042,1.2799994,1.2999994,214400
hardzero_plus_depr__c0p50__z1p10__lam0p020__nu0p50__psi1p00,hardzero_plus_depr,0.05,37,67,0.0,2,0.18940127,0.19088423,0.96325815,0.10882829,0.10882829,1.0,0.0014829594,0.013626598,-26.80068,2.1192102,0.70640343,0.136,0.0,0.18023884,1.2999994,1.3199993,217600
hardzero_plus_depr__c0p50__z1p10__lam0p020__nu0p50__psi1p00,hardzero_plus_depr,0.05,37,68,0.0,2,0.19088423,0.19207051,1.0515122,0.08881529,0.08881529,1.0,0.0011862858,0.013356774,-28.43584,2.313373,0.77112436,0.16000001,0.0,0.22257055,1.3199993,1.3399993,220800
hardzero_plus_depr__c0p50__z1p10__lam0p020__nu0p50__psi1p00,hardzero_plus_depr,0.05,37,69,0.0,2,0.19207051,0.19336905,1.0035642,0.09918267,0.09918267,1.0,0.0012985286,0.013092293,-27.732649,2.2078855,0.73596185,0.16000001,0.0,0.18714039,1.3399993,1.3599993,224000
hardzero_plus_depr__c0p50__z1p10__lam0p020__nu0p50__psi1p00,hardzero_plus_depr,0.05,37,70,0.0,2,0.19336905,0.19469336,0.98634064,0.10319517,0.10319517,1.0,0.0013243086,0.012833049,-27.252167,2.1699927,0.7233309,0.192,0.0,0.18670845,1.3599993,1.3799993,227200
hardzero_plus_depr__c0p50__z1p10__lam0p020__nu0p50__psi1p00,hardzero_plus_depr,0.05,37,71,0.0,2,0.19469336,0.19596641,0.99480027,0.101204485,0.101204485,1.0,0.0012730449,0.012578937,-26.551405,2.1886044,0.7295348,0.18400002,0.0,0.17187962,1.3799993,1.3999993,230400
hardzero_plus_depr__c0p50__z1p10__lam0p020__nu0p50__psi1p00,hardzero_plus_depr,0.05,37,72,0.0,2,0.19596641,0.19715631,1.0154451,0.09650612,0.09650612,1.0,0.0011899066,0.012329857,-27.573975,2.2340238,0.7446746,0.120000005,0.0,0.19125354,1.3999993,1.4199992,233600
hardzero_plus_depr__c0p50__z1p10__lam0p020__nu0p50__psi1p00,hardzero_plus_depr,0.05,37,73,0.0,2,0.19715631,0.1981909,1.0675036,0.08560446,0.08560446,1.0,0.0010345908,0.012085711,-28.280088,2.3485548,0.78285164,0.192,0.0,0.20529976,1.4199992,1.4399992,236800
hardzero_plus_depr__c0p50__z1p10__lam0p020__nu0p50__psi1p00,hardzero_plus_depr,0.05,37,74,0.0,2,0.1981909,0.1994502,0.97346056,0.10630151,0.10630151,1.0,0.00125929,0.011846398,-26.884054,2.141656,0.7138853,0.17600001,0.0,0.17283034,1.4399992,1.4599992,240000
hardzero_plus_depr__c0p50__z1p10__lam0p020__nu0p50__psi1p00,hardzero_plus_depr,0.05,37,75,0.0,2,0.1994502,0.20049883,1.0442771,0.0903073,0.0903073,1.0,0.0010486324,0.011611823,-27.906776,2.2974555,0.76581854,0.15200001,0.0,0.19780271,1.4599992,1.4799992,243200
hardzero_plus_depr__c0p50__z1p10__lam0p020__nu0p50__psi1p00,hardzero_plus_depr,0.05,37,76,0.0,2,0.20049883,0.20162155,1.0059445,0.09864056,0.09864056,1.0,0.0011227163,0.011381893,-27.094275,2.2131221,0.7377074,0.14400001,0.0,0.18566512,1.4799992,1.4999992,246400
hardzero_plus_depr__c0p50__z1p10__lam0p020__nu0p50__psi1p00,hardzero_plus_depr,0.05,37,77,0.0,2,0.20162155,0.20278119,0.9832043,0.10394309,0.10394309,1.0,0.0011596428,0.011156517,-26.432516,2.1630926,0.7210309,0.16800001,0.0,0.17393784,1.4999992,1.5199991,249600
hardzero_plus_depr__c0p50__z1p10__lam0p020__nu0p50__psi1p00,hardzero_plus_depr,0.05,37,78,0.0,2,0.20278119,0.20376751,1.0448257,0.0901933,0.0901933,1.0,0.0009863183,0.010935605,-27.036407,2.2986624,0.7662208,0.099999994,0.0,0.14651835,1.5199991,1.5399991,252800
hardzero_plus_depr__c0p50__z1p10__lam0p020__nu0p50__psi1p00,hardzero_plus_depr,0.05,37,79,0.0,2,0.20376751,0.20476682,1.0304548,0.09322776,0.09322776,1.0,0.0009993145,0.010719066,-27.58862,2.2670457,0.75568193,0.216,0.0,0.21631353,1.5399991,1.5599991,256000
hardzero_plus_depr__c0p50__z1p10__lam0p020__nu0p50__psi1p00,hardzero_plus_depr,0.05,37,80,0.0,2,0.20476682,0.20583217,0.9939793,0.10139598,0.10139598,1.0,0.0010653485,0.0105068125,-27.363005,2.186798,0.72893274,0.208,0.0,0.19620554,1.5599991,1.5799991,259200
hardzero_plus_depr__c0p50__z1p10__lam0p020__nu0p50__psi1p00,hardzero_plus_depr,0.05,37,81,0.0,2,0.20583217,0.20690401,0.9826567,0.10407425,0.10407425,1.0,0.0010718362,0.010298765,-26.632545,2.161888,0.72062933,0.216,0.0,0.20312986,1.5799991,1.5999991,262400
hardzero_plus_depr__c0p50__z1p10__lam0p020__nu0p50__psi1p00,hardzero_plus_depr,0.05,37,82,0.0,2,0.20690401,0.2079912,0.9677935,0.10769771,0.10769771,1.0,0.0010871907,0.010094835,-26.567785,2.1291883,0.70972943,0.18400002,0.0,0.17287426,1.5999991,1.619999,265600
hardzero_plus_depr__c0p50__z1p10__lam0p020__nu0p50__psi1p00,hardzero_plus_depr,0.05,37,83,0.0,2,0.2079912,0.2089665,1.0062757,0.098565355,0.098565355,1.0,0.00097529875,0.009894945,-27.311422,2.2138507,0.73795027,0.17600001,0.0,0.17302355,1.619999,1.639999,268800
hardzero_plus_depr__c0p50__z1p10__lam0p020__nu0p50__psi1p00,hardzero_plus_depr,0.05,37,84,0.0,2,0.2089665,0.20995314,0.9925669,0.101726264,0.101726264,1.0,0.0009866443,0.009699012,-27.314203,2.1836908,0.7278969,0.16800001,0.0,0.1991605,1.639999,1.659999,272000
hardzero_plus_depr__c0p50__z1p10__lam0p020__nu0p50__psi1p00,hardzero_plus_depr,0.05,37,85,0.0,2,0.20995314,0.21088684,1.0078394,0.0982111,0.0982111,1.0,0.0009336889,0.009506959,-27.09779,2.217291,0.73909706,0.208,0.0,0.19010694,1.659999,1.679999,275200
hardzero_plus_depr__c0p50__z1p10__lam0p020__nu0p50__psi1p00,hardzero_plus_depr,0.05,37,86,0.0,2,0.21088684,0.21167947,1.070284,0.08505815,0.08505815,1.0,0.0007926321,0.009318708,-28.220947,2.354672,0.78489065,0.16000001,0.0,0.17224668,1.679999,1.699999,278400
hardzero_plus_depr__c0p50__z1p10__lam0p020__nu0p50__psi1p00,hardzero_plus_depr,0.05,37,87,0.0,2,0.21167947,0.21260092,0.99620414,0.100877844,0.100877844,1.0,0.00092143705,0.009134186,-25.928474,2.1916928,0.7305643,0.16800001,0.0,0.17100377,1.699999,1.719999,281600
hardzero_plus_depr__c0p50__z1p10__lam0p020__nu0p50__psi1p00,hardzero_plus_depr,0.05,37,88,0.0,2,0.21260092,0.21341701,1.0402418,0.09115031,0.09115031,1.0,0.00081609766,0.008953317,-27.22294,2.2885778,0.7628593,0.16000001,0.0,0.188738,1.719999,1.7399989,284800
hardzero_plus_depr__c0p50__z1p10__lam0p020__nu0p50__psi1p00,hardzero_plus_depr,0.05,37,89,0.0,2,0.21341701,0.2143267,0.98440814,0.103655376,0.103655376,1.0,0.00090968265,0.00877603,-27.099733,2.1657412,0.72191375,0.192,0.0,0.19332765,1.7399989,1.7599989,288000
hardzero_plus_depr__c0p50__z1p10__lam0p020__nu0p50__psi1p00,hardzero_plus_depr,0.05,37,90,0.0,2,0.2143267,0.21519414,0.9963696,0.10083941,0.10083941,1.0,0.0008674462,0.008602253,-27.18707,2.192057,0.73068565,0.2,0.0,0.1988327,1.7599989,1.7799989,291200
hardzero_plus_depr__c0p50__z1p10__lam0p020__nu0p50__psi1p00,hardzero_plus_depr,0.05,37,91,0.0,2,0.21519414,0.21600781,1.015474,0.0964997,0.0964997,1.0,0.00081367744,0.008431917,-26.677664,2.2340872,0.7446958,0.12,0.0,0.17729296,1.7799989,1.7999989,294400
hardzero_plus_depr__c0p50__z1p10__lam0p020__nu0p50__psi1p00,hardzero_plus_depr,0.05,37,92,0.0,2,0.21600781,0.21692169,0.9563563,0.11057164,0.11057164,1.0,0.00091386953,0.008264954,-25.135715,2.1040258,0.701342,0.17600001,0.0,0.17752546,1.7999989,1.8199989,297600
hardzero_plus_depr__c0p50__z1p10__lam0p020__nu0p50__psi1p00,hardzero_plus_depr,0.05,37,93,0.0,2,0.21692169,0.21769866,1.0181451,0.09590801,0.09590801,1.0,0.0007769793,0.008101298,-27.449438,2.239964,0.7466547,0.2,0.0,0.17893219,1.8199989,1.8399988,300800
hardzero_plus_depr__c0p50__z1p10__lam0p020__nu0p50__psi1p00,hardzero_plus_depr,0.05,37,94,0.0,2,0.21769866,0.21858561,0.95196956,0.111694165,0.111694165,1.0,0.00088694994,0.00794088,-26.495232,2.094375,0.698125,0.14400001,0.0,0.15756516,1.8399988,1.8599988,304000
hardzero_plus_depr__c0p50__z1p10__lam0p020__nu0p50__psi1p00,hardzero_plus_depr,0.05,37,95,0.0,2,0.21858561,0.2193573,1.0037435,0.099141724,0.099141724,1.0,0.0007716835,0.00778364,-26.59188,2.2082798,0.7360933,0.15200001,0.0,0.16686267,1.8599988,1.8799988,307200
hardzero_plus_depr__c0p50__z1p10__lam0p020__nu0p50__psi1p00,hardzero_plus_depr,0.05,37,96,0.0,2,0.2193573,0.22005929,1.0361631,0.092010394,0.092010394,1.0,0.00070199464,0.0076295147,-27.721806,2.2796042,0.7598681,0.136,0.0,0.17967273,1.8799988,1.8999988,310400
hardzero_plus_depr__c0p50__z1p10__lam0p020__nu0p50__psi1p00,hardzero_plus_depr,0.05,37,97,0.0,2,0.22005929,0.22077034,1.0219048,0.09508131,0.09508131,1.0,0.00071105984,0.0074784397,-27.125149,2.2482355,0.7494118,0.080000006,0.0,0.19250262,1.8999988,1.9199988,313600
hardzero_plus_depr__c0p50__z1p10__lam0p020__nu0p50__psi1p00,hardzero_plus_depr,0.05,37,98,0.0,2,0.22077034,0.22151574,0.9927377,0.101686254,0.101686254,1.0,0.0007453965,0.0073303566,-26.203346,2.1840665,0.7280222,0.15200001,0.0,0.17598891,1.9199988,1.9399987,316800
hardzero_plus_depr__c0p50__z1p10__lam0p020__nu0p50__psi1p00,hardzero_plus_depr,0.05,37,99,0.0,2,0.22151574,0.22215225,1.0526423,0.08858448,0.08858448,1.0,0.00063649786,0.007185207,-27.532604,2.3158593,0.7719531,0.104,0.0,0.18599825,1.9399987,1.9599987,320000
hardzero_plus_depr__c0p50__z1p10__lam0p020__nu0p50__psi1p00,hardzero_plus_depr,0.05,37,100,0.0,2,0.22215225,0.22288994,0.9798729,0.10474351,0.10474351,1.0,0.00073770125,0.0070429305,-26.427107,2.1557634,0.7185878,0.24800001,0.0,0.20949951,1.9599987,1.9799987,323200
hardzero_plus_depr__c0p50__z1p10__lam0p020__nu0p50__psi1p00,hardzero_plus_depr,0.05,37,101,0.0,2,0.22288994,0.22357948,1.0005094,0.09988278,0.09988278,1.0,0.0006895379,0.006903471,-26.761187,2.2011645,0.7337215,0.23200001,0.0,0.16521001,1.9799987,1.9999987,326400
hardzero_plus_depr__c0p50__z1p10__lam0p020__nu0p50__psi1p00,hardzero_plus_depr,0.05,37,102,0.0,2,0.22357948,0.22432218,0.95956933,0.109756604,0.109756604,1.0,0.00074269803,0.0067667733,-26.010057,2.1110947,0.7036983,0.18400002,0.0,0.17489436,1.9999987,2.0199988,329600
hardzero_plus_depr__c0p50__z1p10__lam0p020__nu0p50__psi1p00,hardzero_plus_depr,0.05,37,103,0.0,2,0.22432218,0.22498485,1.0004011,0.09990768,0.09990768,1.0,0.0006626659,0.006632782,-26.742798,2.2009265,0.7336422,0.112,0.0,0.18312606,2.0199988,2.0399988,332800
hardzero_plus_depr__c0p50__z1p10__lam0p020__nu0p50__psi1p00,hardzero_plus_depr,0.05,37,104,0.0,2,0.22498485,0.22558841,1.0322932,0.09283395,0.09283395,1.0,0.0006035547,0.0065014437,-26.423536,2.2710905,0.7570302,0.14,0.0,0.19175369,2.0399988,2.0599988,336000
hardzero_plus_depr__c0p50__z1p10__lam0p020__nu0p50__psi1p00,hardzero_plus_depr,0.05,37,105,0.0,2,0.22558841,0.2262801,0.9644169,0.10853831,0.10853831,1.0,0.0006916828,0.0063727065,-25.58224,2.1217597,0.7072532,0.16000001,0.0,0.16754611,2.0599988,2.0799987,339200
hardzero_plus_depr__c0p50__z1p10__lam0p020__nu0p50__psi1p00,hardzero_plus_depr,0.05,37,106,0.0,2,0.2262801,0.22684245,1.0456275,0.09002695,0.09002695,1.0,0.000562355,0.0062465183,-27.780323,2.3004265,0.76680887,0.136,0.0,0.19918905,2.0799987,2.0999987,342400
hardzero_plus_depr__c0p50__z1p10__lam0p020__nu0p50__psi1p00,hardzero_plus_depr,0.05,37,107,0.0,2,0.22684245,0.2274452,1.006818,0.09844234,0.09844234,1.0,0.0006027456,0.0061228294,-26.314945,2.215044,0.738348,0.2,0.0,0.19253884,2.0999987,2.1199987,345600
hardzero_plus_depr__c0p50__z1p10__lam0p020__nu0p50__psi1p00,hardzero_plus_depr,0.05,37,108,0.0,2,0.2274452,0.22800833,1.0276546,0.093830794,0.093830794,1.0,0.0005631339,0.0060015894,-27.256136,2.2608855,0.7536285,0.192,0.0,0.18540138,2.1199987,2.1399987,348800
hardzero_plus_depr__c0p50__z1p10__lam0p020__nu0p50__psi1p00,hardzero_plus_depr,0.05,37,109,0.0,2,0.22800833,0.22863296,0.97395825,0.10617975,0.10617975,1.0,0.00062462897,0.0058827503,-25.964777,2.142751,0.7142503,0.224,0.0,0.18662353,2.1399987,2.1599987,352000
hardzero_plus_depr__c0p50__z1p10__lam0p020__nu0p50__psi1p00,hardzero_plus_depr,0.05,37,110,0.0,2,0.22863296,0.22914954,1.0477548,0.089587055,0.089587055,1.0,0.0005165826,0.0057662637,-28.641764,2.3051066,0.7683689,0.224,0.0,0.20230569,2.1599987,2.1799986,355200
hardzero_plus_depr__c0p50__z1p10__lam0p020__nu0p50__psi1p00,hardzero_plus_depr,0.05,37,111,0.0,2,0.22914954,0.22976483,0.96311986,0.10886296,0.10886296,1.0,0.00061530265,0.0056520845,-26.793133,2.118906,0.70630205,0.18400002,0.0,0.17766732,2.1799986,2.1999986,358400
hardzero_plus_depr__c0p50__z1p10__lam0p020__nu0p50__psi1p00,hardzero_plus_depr,0.05,37,112,0.0,2,0.22976483,0.23026237,1.0467002,0.08980484,0.08980484,1.0,0.0004975337,0.0055401656,-29.374506,2.3027866,0.7675955,0.104,0.0,0.19631661,2.1999986,2.2199986,361600
hardzero_plus_depr__c0p50__z1p10__lam0p020__nu0p50__psi1p00,hardzero_plus_depr,0.05,37,113,0.0,2,0.23026237,0.23075794,1.0397375,0.09125623,0.09125623,1.0,0.0004955636,0.0054304632,-28.066757,2.2874682,0.76248944,0.136,0.0,0.17997168,2.2199986,2.2399986,364800
hardzero_plus_depr__c0p50__z1p10__lam0p020__nu0p50__psi1p00,hardzero_plus_depr,0.05,37,114,0.0,2,0.23075794,0.23130211,0.99041736,0.10223101,0.10223101,1.0,0.0005441688,0.0053229327,-26.390059,2.1789618,0.7263206,0.096,0.0,0.16596188,2.2399986,2.2599986,368000
hardzero_plus_depr__c0p50__z1p10__lam0p020__nu0p50__psi1p00,hardzero_plus_depr,0.05,37,115,0.0,2,0.23130211,0.23180327,1.0174959,0.096051484,0.096051484,1.0,0.00050115166,0.0052175317,-27.716885,2.2385356,0.74617857,0.15200001,0.0,0.16480856,2.2599986,2.2799985,371200
hardzero_plus_depr__c0p50__z1p10__lam0p020__nu0p50__psi1p00,hardzero_plus_depr,0.05,37,116,0.0,2,0.23180327,0.23231249,1.0018712,0.09957005,0.09957005,1.0,0.0005092229,0.0051142178,-26.937752,2.2041607,0.73472023,0.128,0.0,0.18076867,2.2799985,2.2999985,374400
hardzero_plus_depr__c0p50__z1p10__lam0p020__nu0p50__psi1p00,hardzero_plus_depr,0.05,37,117,0.0,2,0.23231249,0.23280808,1.0049673,0.09886275,0.09886275,1.0,0.000495594,0.0050129495,-27.30197,2.2109723,0.7369908,0.19999999,0.0,0.18496472,2.2999985,2.3199985,377600
hardzero_plus_depr__c0p50__z1p10__lam0p020__nu0p50__psi1p00,hardzero_plus_depr,0.05,37,118,0.0,2,0.23280808,0.23335429,0.95405895,0.11115809,0.11115809,1.0,0.000546196,0.004913687,-25.62988,2.0989716,0.6996572,0.18400002,0.0,0.16974635,2.3199985,2.3399985,380800
hardzero_plus_depr__c0p50__z1p10__lam0p020__nu0p50__psi1p00,hardzero_plus_depr,0.05,37,119,0.0,2,0.23335429,0.233812,1.0221266,0.09503277,0.09503277,1.0,0.00045771484,0.0048163896,-27.91644,2.2487233,0.7495744,0.14400001,0.0,0.16306181,2.3399985,2.3599985,384000
hardzero_plus_depr__c0p50__z1p10__lam0p020__nu0p50__psi1p00,hardzero_plus_depr,0.05,37,120,0.0,2,0.233812,0.23428734,0.9970428,0.10068324,0.10068324,1.0,0.00047532748,0.004721019,-26.382458,2.193538,0.73117936,0.120000005,0.0,0.17175266,2.3599985,2.3799984,387200
hardzero_plus_depr__c0p50__z1p10__lam0p020__nu0p50__psi1p00,hardzero_plus_depr,0.05,37,121,0.0,2,0.23428734,0.23475885,0.9918488,0.101894595,0.101894595,1.0,0.0004715209,0.004627536,-26.517443,2.182111,0.7273704,0.224,0.0,0.17292663,2.3799984,2.3999984,390400
hardzero_plus_depr__c0p50__z1p10__lam0p020__nu0p50__psi1p00,hardzero_plus_depr,0.05,37,122,0.0,2,0.23475885,0.23524164,0.9729057,0.106437415,0.106437415,1.0,0.00048279,0.004535905,-26.827915,2.1404352,0.71347845,0.192,0.0,0.18430097,2.3999984,2.4199984,393600
hardzero_plus_depr__c0p50__z1p10__lam0p020__nu0p50__psi1p00,hardzero_plus_depr,0.05,37,123,0.0,2,0.23524164,0.23561549,1.0752673,0.084087744,0.084087744,1.0,0.0003738615,0.004446088,-27.599825,2.3656354,0.78854513,0.112,0.0,0.1817456,2.4199984,2.4399984,396800
hardzero_plus_depr__c0p50__z1p10__lam0p020__nu0p50__psi1p00,hardzero_plus_depr,0.05,37,124,0.0,2,0.23561549,0.23608282,0.96966577,0.107234426,0.107234426,1.0,0.00046733292,0.0043580495,-27.010633,2.1333072,0.7111024,0.192,0.0,0.18564726,2.4399984,2.4599984,400000
hardzero_plus_depr__c0p50__z1p10__lam0p020__nu0p50__psi1p00,hardzero_plus_depr,0.05,37,125,0.0,2,0.23608282,0.23655136,0.95986724,0.109681346,0.109681346,1.0,0.0004685318,0.0042717545,-26.129765,2.1117501,0.7039167,0.16800001,0.0,0.16026421,2.4599984,2.4799984,403200
hardzero_plus_depr__c0p50__z1p10__lam0p020__nu0p50__psi1p00,hardzero_plus_depr,0.05,37,126,0.0,2,0.23655136,0.23700808,0.96226287,0.109077975,0.109077975,1.0,0.0004567278,0.004187168,-27.017492,2.1170206,0.7056736,0.16000001,0.0,0.17545073,2.4799984,2.4999983,406400
hardzero_plus_depr__c0p50__z1p10__lam0p020__nu0p50__psi1p00,hardzero_plus_depr,0.05,37,127,0.0,2,0.23700808,0.23738672,1.0350127,0.09225443,0.09225443,1.0,0.00037863586,0.0041042566,-27.478292,2.2770734,0.7590245,0.136,0.0,0.19906694,2.4999983,2.5199983,409600
hardzero_plus_depr__c0p50__z1p10__lam0p020__nu0p50__psi1p00,hardzero_plus_depr,0.05,37,128,0.0,2,0.23738672,0.23781027,0.9776385,0.10528379,0.10528379,1.0,0.00042355532,0.004022987,-26.689552,2.1508477,0.7169492,0.15200001,0.0,0.15497115,2.5199983,2.5399983,412800
hardzero_plus_depr__c0p50__z1p10__lam0p020__nu0p50__psi1p00,hardzero_plus_depr,0.05,37,129,0.0,2,0.23781027,0.23813456,1.0849279,0.08223791,0.08223791,1.0,0.00032429094,0.003943327,-28.349514,2.386889,0.7956297,0.15200001,0.0,0.19716156,2.5399983,2.5599983,416000
hardzero_plus_depr__c0p50__z1p10__lam0p020__nu0p50__psi1p00,hardzero_plus_depr,0.05,37,130,0.0,2,0.23813456,0.23853211,0.98778343,0.102852896,0.102852896,1.0,0.0003975515,0.0038652436,-26.162992,2.173167,0.724389,0.14,0.0,0.18709703,2.5599983,2.5799983,419200
hardzero_plus_depr__c0p50__z1p10__lam0p020__nu0p50__psi1p00,hardzero_plus_depr,0.05,37,131,0.0,2,0.23853211,0.23888169,1.0349375,0.09227043,0.09227043,1.0,0.0003495856,0.003788707,-27.003105,2.276908,0.7589693,0.14400001,0.0,0.16641204,2.5799983,2.5999982,422400
hardzero_plus_depr__c0p50__z1p10__lam0p020__nu0p50__psi1p00,hardzero_plus_depr,0.05,37,132,0.0,2,0.23888169,0.23921579,1.0459362,0.089962974,0.089962974,1.0,0.00033409422,0.0037136858,-27.435364,2.3011057,0.76703525,0.120000005,0.0,0.19877544,2.5999982,2.6199982,425600
hardzero_plus_depr__c0p50__z1p10__lam0p020__nu0p50__psi1p00,hardzero_plus_depr,0.05,37,133,0.0,2,0.23921579,0.23956788,1.0144742,0.09672212,0.09672212,1.0,0.000352083,0.00364015,-27.656271,2.2318876,0.7439625,0.24000001,0.0,0.2049093,2.6199982,2.6399982,428800
hardzero_plus_depr__c0p50__z1p10__lam0p020__nu0p50__psi1p00,hardzero_plus_depr,0.05,37,134,0.0,2,0.23956788,0.23992671,0.9975469,0.10056643,0.10056643,1.0,0.00035882808,0.00356807,-26.458202,2.194647,0.731549,0.192,0.0,0.17878576,2.6399982,2.6599982,432000
hardzero_plus_depr__c0p50__z1p10__lam0p020__nu0p50__psi1p00,hardzero_plus_depr,0.05,37,135,0.0,2,0.23992671,0.24028264,0.99239296,0.10176702,0.10176702,1.0,0.00035592174,0.0034974173,-26.685497,2.1833081,0.7277694,0.120000005,0.0,0.17768967,2.6599982,2.6799982,435200
hardzero_plus_depr__c0p50__z1p10__lam0p020__nu0p50__psi1p00,hardzero_plus_depr,0.05,37,136,0.0,2,0.24028264,0.24061593,1.012238,0.09722142,0.09722142,1.0,0.00033329095,0.0034281637,-27.505243,2.226968,0.7423227,0.128,0.0,0.20580985,2.6799982,2.6999981,438400
hardzero_plus_depr__c0p50__z1p10__lam0p020__nu0p50__psi1p00,hardzero_plus_depr,0.05,37,137,0.0,2,0.24061593,0.2409645,0.9840828,0.103733055,0.103733055,1.0,0.0003485723,0.003360282,-27.284588,2.1650255,0.72167516,0.192,0.008,0.19501871,2.6999981,2.7199981,441600
hardzero_plus_depr__c0p50__z1p10__lam0p020__nu0p50__psi1p00,hardzero_plus_depr,0.05,37,138,0.0,2,0.2409645,0.2413023,0.98904085,0.10255555,0.10255555,1.0,0.00033779175,0.003293744,-26.41523,2.1759334,0.72531116,0.136,0.0,0.19130662,2.7199981,2.739998,444800
hardzero_plus_depr__c0p50__z1p10__lam0p020__nu0p50__psi1p00,hardzero_plus_depr,0.05,37,139,0.0,2,0.2413023,0.241636,0.98565704,0.10335774,0.10335774,1.0,0.0003336929,0.0032285235,-26.86638,2.1684887,0.7228296,0.18400002,0.0,0.17255771,2.739998,2.759998,448000
hardzero_plus_depr__c0p50__z1p10__lam0p020__nu0p50__psi1p00,hardzero_plus_depr,0.05,37,140,0.0,2,0.241636,0.24191356,1.0569564,0.08770889,0.08770889,1.0,0.00027756306,0.0031645943,-27.641363,2.3253505,0.77511686,0.120000005,0.0,0.19074115,2.759998,2.779998,451200
hardzero_plus_depr__c0p50__z1p10__lam0p020__nu0p50__psi1p00,hardzero_plus_depr,0.05,37,141,0.0,2,0.24191356,0.24222383,0.9998942,0.10002437,0.10002437,1.0,0.00031026875,0.0031019314,-26.698557,2.1998112,0.7332704,0.15200001,0.0,0.18950386,2.779998,2.799998,454400
hardzero_plus_depr__c0p50__z1p10__lam0p020__nu0p50__psi1p00,hardzero_plus_depr,0.05,37,142,0.0,2,0.24222383,0.24251004,1.0262573,0.094133176,0.094133176,1.0,0.00028621277,0.003040509,-27.544947,2.257811,0.7526037,0.16800001,0.0,0.20696539,2.799998,2.819998,457600
hardzero_plus_depr__c0p50__z1p10__lam0p020__nu0p50__psi1p00,hardzero_plus_depr,0.05,37,143,0.0,2,0.24251004,0.2428179,0.9859169,0.1032959,0.1032959,1.0,0.00030785307,0.002980303,-27.194221,2.1690605,0.7230202,0.16,0.0,0.15930773,2.819998,2.839998,460800
hardzero_plus_depr__c0p50__z1p10__lam0p020__nu0p50__psi1p00,hardzero_plus_depr,0.05,37,144,0.0,2,0.2428179,0.24312286,0.98132765,0.10439324,0.10439324,1.0,0.00030496286,0.0029212893,-27.3043,2.158964,0.7196547,0.18400002,0.0,0.16826226,2.839998,2.859998,464000
hardzero_plus_depr__c0p50__z1p10__lam0p020__nu0p50__psi1p00,hardzero_plus_depr,0.05,37,145,0.0,2,0.24312286,0.24343112,0.9679701,0.107653946,0.107653946,1.0,0.00030826102,0.0028634437,-26.266823,2.1295767,0.7098589,0.08800001,0.0,0.1563796,2.859998,2.879998,467200
hardzero_plus_depr__c0p50__z1p10__lam0p020__nu0p50__psi1p00,hardzero_plus_depr,0.05,37,146,0.0,2,0.24343112,0.24373727,0.96228284,0.10907298,0.10907298,1.0,0.00030613993,0.0028067438,-27.02671,2.1170645,0.7056882,0.14400001,0.0,0.19024643,2.879998,2.899998,470400
hardzero_plus_depr__c0p50__z1p10__lam0p020__nu0p50__psi1p00,hardzero_plus_depr,0.05,37,147,0.0,2,0.24373727,0.24404582,0.95018536,0.11215396,0.11215396,1.0,0.00030855424,0.0027511667,-26.213676,2.0904496,0.69681656,0.23200001,0.008,0.17347747,2.899998,2.919998,473600
hardzero_plus_depr__c0p50__z1p10__lam0p020__nu0p50__psi1p00,hardzero_plus_depr,0.05,37,148,0.0,2,0.24404582,0.24431874,0.99479717,0.10120521,0.10120521,1.0,0.00027291907,0.0026966901,-26.932169,2.1885974,0.7295325,0.192,0.0,0.19188479,2.919998,2.939998,476800
hardzero_plus_depr__c0p50__z1p10__lam0p020__nu0p50__psi1p00,hardzero_plus_depr,0.05,37,149,0.0,2,0.24431874,0.24455222,1.0538725,0.08833393,0.08833393,1.0,0.00023349236,0.002643292,-28.052292,2.3185658,0.7728553,0.2,0.0,0.18873383,2.939998,2.959998,480000
hardzero_plus_depr__c0p50__z1p10__lam0p020__nu0p50__psi1p00,hardzero_plus_depr,0.05,37,150,0.0,2,0.24455222,0.24479315,1.0315866,0.092985086,0.092985086,1.0,0.00024091982,0.0025909513,-27.16049,2.269536,0.75651205,0.16000001,0.0,0.18308167,2.959998,2.9799979,483200
hardzero_plus_depr__c0p50__z1p10__lam0p020__nu0p50__psi1p00,hardzero_plus_depr,0.05,37,151,0.0,2,0.24479315,0.2450241,1.0412369,0.09094171,0.09094171,1.0,0.00023095988,0.0025396473,-27.486498,2.290767,0.763589,0.112,0.0,0.1817427,2.9799979,2.9999979,486400
hardzero_plus_depr__c0p50__z1p10__lam0p020__nu0p50__psi1p00,hardzero_plus_depr,0.05,37,152,0.0,2,0.2450241,0.24526593,1.0125797,0.097144976,0.097144976,1.0,0.0002418287,0.002489359,-27.351597,2.2277198,0.74257326,0.208,0.0,0.18237217,2.9999979,3.0199978,489600
hardzero_plus_depr__c0p50__z1p10__lam0p020__nu0p50__psi1p00,hardzero_plus_depr,0.05,37,153,0.0,2,0.24526593,0.24550405,1.0106088,0.09758682,0.09758682,1.0,0.00023811829,0.002440066,-26.579361,2.2233837,0.7411279,0.120000005,0.0,0.19416308,3.0199978,3.0399978,492800
hardzero_plus_depr__c0p50__z1p10__lam0p020__nu0p50__psi1p00,hardzero_plus_depr,0.05,37,154,0.0,2,0.24550405,0.2457385,1.0086699,0.09802349,0.09802349,1.0,0.00023444765,0.0023917498,-27.188677,2.2191179,0.739706,0.15200001,0.0,0.17728959,3.0399978,3.0599978,496000
hardzero_plus_depr__c0p50__z1p10__lam0p020__nu0p50__psi1p00,hardzero_plus_depr,0.05,37,155,0.0,2,0.2457385,0.24599086,0.9680221,0.10764103,0.10764103,1.0,0.00025235256,0.0023443901,-26.182182,2.1296911,0.70989704,0.18400002,0.0,0.15445922,3.0599978,3.0799978,499200
hardzero_plus_depr__c0p50__z1p10__lam0p020__nu0p50__psi1p00,hardzero_plus_depr,0.05,37,156,0.0,2,0.24599086,0.2462356,0.97265416,0.10649907,0.10649907,1.0,0.00024473146,0.0022979681,-26.471798,2.1398818,0.71329397,0.17,0.0,0.14823215,3.0799978,3.0999978,502400
hardzero_plus_depr__c0p50__z1p10__lam0p020__nu0p50__psi1p00,hardzero_plus_depr,0.05,37,157,0.0,2,0.2462356,0.24643706,1.0484697,0.089439705,0.089439705,1.0,0.00020145984,0.0022524653,-27.41181,2.3066792,0.7688931,0.136,0.0,0.18298681,3.0999978,3.1199977,505600
hardzero_plus_depr__c0p50__z1p10__lam0p020__nu0p50__psi1p00,hardzero_plus_depr,0.05,37,158,0.0,2,0.24643706,0.246649,1.0177498,0.095995344,0.095995344,1.0,0.0002119446,0.0022078634,-27.611258,2.2390943,0.7463648,0.16000001,0.0,0.1781598,3.1199977,3.1399977,508800
hardzero_plus_depr__c0p50__z1p10__lam0p020__nu0p50__psi1p00,hardzero_plus_depr,0.05,37,159,0.0,2,0.246649,0.24685608,1.0191404,0.09568847,0.09568847,1.0,0.0002070837,0.0021641448,-27.53286,2.2421536,0.74738455,0.2,0.0,0.17296885,3.1399977,3.1599977,512000
hardzero_plus_depr__c0p50__z1p10__lam0p020__nu0p50__psi1p00,hardzero_plus_depr,0.05,37,160,0.0,2,0.24685608,0.24707972,0.9770539,0.10542561,0.10542561,1.0,0.00022363849,0.0021212918,-26.971914,2.1495614,0.7165205,0.18400002,0.0,0.18391764,3.1599977,3.1799977,515200
hardzero_plus_depr__c0p50__z1p10__lam0p020__nu0p50__psi1p00,hardzero_plus_depr,0.05,37,161,0.0,2,0.24707972,0.24725695,1.0693681,0.085237734,0.085237734,1.0,0.00017723376,0.0020792875,-28.23732,2.3526568,0.78421897,0.14400001,0.0,0.19051023,3.1799977,3.1999977,518400
hardzero_plus_depr__c0p50__z1p10__lam0p020__nu0p50__psi1p00,hardzero_plus_depr,0.05,37,162,0.0,2,0.24725695,0.24747083,0.9790624,0.104939155,0.104939155,1.0,0.00021387808,0.0020381152,-26.578857,2.1539803,0.71799344,0.2,0.0,0.14944038,3.1999977,3.2199976,521600
hardzero_plus_depr__c0p50__z1p10__lam0p020__nu0p50__psi1p00,hardzero_plus_depr,0.05,37,163,0.0,2,0.24747083,0.24767406,0.99255246,0.10172963,0.10172963,1.0,0.00020323116,0.0019977577,-27.003529,2.183659,0.7278864,0.112,0.0,0.18738206,3.2199976,3.2399976,524800
hardzero_plus_depr__c0p50__z1p10__lam0p020__nu0p50__psi1p00,hardzero_plus_depr,0.05,37,164,0.0,2,0.24767406,0.2478701,0.9995259,0.10010923,0.10010923,1.0,0.00019603384,0.0019581995,-27.824831,2.1990008,0.7330003,0.16800001,0.0,0.20850058,3.2399976,3.2599976,528000
hardzero_plus_depr__c0p50__z1p10__lam0p020__nu0p50__psi1p00,hardzero_plus_depr,0.05,37,165,0.0,2,0.2478701,0.24806596,0.9912272,0.10204054,0.10204054,1.0,0.0001958591,0.0019194244,-27.144295,2.1807435,0.7269145,0.208,0.0,0.17368537,3.2599976,3.2799976,531200
hardzero_plus_depr__c0p50__z1p10__lam0p020__nu0p50__psi1p00,hardzero_plus_depr,0.05,37,166,0.0,2,0.24806596,0.24825545,0.99690753,0.1007146,0.1007146,1.0,0.00018948619,0.0018814172,-26.942066,2.1932404,0.7310802,0.16000001,0.008,0.1890619,3.2799976,3.2999976,534400
hardzero_plus_depr__c0p50__z1p10__lam0p020__nu0p50__psi1p00,hardzero_plus_depr,0.05,37,167,0.0,2,0.24825545,0.24843729,1.0060989,0.0986055,0.0986055,1.0,0.0001818446,0.0018441629,-27.120745,2.2134616,0.73782057,0.192,0.0,0.19837044,3.2999976,3.3199975,537600
hardzero_plus_depr__c0p50__z1p10__lam0p020__nu0p50__psi1p00,hardzero_plus_depr,0.05,37,168,0.0,2,0.24843729,0.24861567,1.0057786,0.098678246,0.098678246,1.0,0.00017837535,0.0018076461,-27.250822,2.212757,0.7375857,0.104,0.0,0.17501204,3.3199975,3.3399975,540800
hardzero_plus_depr__c0p50__z1p10__lam0p020__nu0p50__psi1p00,hardzero_plus_depr,0.05,37,169,0.0,2,0.24861567,0.24877818,1.0375268,0.091721915,0.091721915,1.0,0.00016251768,0.0017718523,-26.960697,2.2826047,0.76086825,0.19,0.0,0.16212869,3.3399975,3.3599975,544000
hardzero_plus_depr__c0p50__z1p10__lam0p020__nu0p50__psi1p00,hardzero_plus_depr,0.05,37,170,0.0,2,0.24877818,0.24895078,1.0027052,0.09937904,0.09937904,1.0,0.00017259826,0.0017367672,-26.980228,2.2059956,0.7353319,0.17600001,0.0,0.19112471,3.3599975,3.3799975,547200
hardzero_plus_depr__c0p50__z1p10__lam0p020__nu0p50__psi1p00,hardzero_plus_depr,0.05,37,171,0.0,2,0.24895078,0.24908735,1.0957197,0.08021956,0.08021956,1.0,0.00013656393,0.001702377,-28.647005,2.4106314,0.8035438,0.120000005,0.0,0.18607737,3.3799975,3.3999975,550400
hardzero_plus_depr__c0p50__z1p10__lam0p020__nu0p50__psi1p00,hardzero_plus_depr,0.05,37,172,0.0,2,0.24908735,0.24926144,0.98161364,0.10432451,0.10432451,1.0,0.00017408293,0.0016686677,-26.609447,2.159593,0.71986437,0.18400002,0.0,0.1888992,3.3999975,3.4199975,553600
hardzero_plus_depr__c0p50__z1p10__lam0p020__nu0p50__psi1p00,hardzero_plus_depr,0.05,37,173,0.0,2,0.24926144,0.24941471,1.0282086,0.09371116,0.09371116,1.0,0.0001532764,0.001635626,-27.806553,2.262104,0.7540347,0.18400002,0.0,0.19392474,3.4199975,3.4399974,556800
hardzero_plus_depr__c0p50__z1p10__lam0p020__nu0p50__psi1p00,hardzero_plus_depr,0.05,37,174,0.0,2,0.24941471,0.24956843,1.0182552,0.095883705,0.095883705,1.0,0.00015372445,0.0016032385,-27.406685,2.2402062,0.74673545,0.136,0.0,0.16069524,3.4399974,3.4599974,560000
hardzero_plus_depr__c0p50__z1p10__lam0p020__nu0p50__psi1p00,hardzero_plus_depr,0.05,37,175,0.0,2,0.24956843,0.24972361,1.0054942,0.098742865,0.098742865,1.0,0.00015517365,0.0015714923,-27.076628,2.2121315,0.73737717,0.2,0.0,0.17873225,3.4599974,3.4799974,563200
hardzero_plus_depr__c0p50__z1p10__lam0p020__nu0p50__psi1p00,hardzero_plus_depr,0.05,37,176,0.0,2,0.24972361,0.24989435,0.9553001,0.11084086,0.11084086,1.0,0.00017073644,0.0015403746,-26.828314,2.1017022,0.7005674,0.256,0.0,0.18157503,3.4799974,3.4999974,566400
hardzero_plus_depr__c0p50__z1p10__lam0p020__nu0p50__psi1p00,hardzero_plus_depr,0.05,37,177,0.0,2,0.24989435,0.2500342,1.0332375,0.09263231,0.09263231,1.0,0.00013986303,0.0015098731,-27.536345,2.2731678,0.7577226,0.15200001,0.0,0.1642028,3.4999974,3.5199974,569600
hardzero_plus_depr__c0p50__z1p10__lam0p020__nu0p50__psi1p00,hardzero_plus_depr,0.05,37,178,0.0,2,0.2500342,0.25016403,1.0569328,0.08771366,0.08771366,1.0,0.00012981409,0.0014799758,-28.876284,2.3252985,0.7750995,0.16000001,0.0,0.21730609,3.5199974,3.5399973,572800
hardzero_plus_depr__c0p50__z1p10__lam0p020__nu0p50__psi1p00,hardzero_plus_depr,0.05,37,179,0.0,2,0.25016403,0.25030634,1.0083042,0.09810604,0.09810604,1.0,0.00014231952,0.0014506703,-26.71326,2.2183137,0.73943794,0.096,0.0,0.17632483,3.5399973,3.5599973,576000
hardzero_plus_depr__c0p50__z1p10__lam0p020__nu0p50__psi1p00,hardzero_plus_depr,0.05,37,180,0.0,2,0.25030634,0.25044763,1.0027946,0.09935857,0.09935857,1.0,0.00014128243,0.001421945,-26.66818,2.2061923,0.73539746,0.16000001,0.0,0.16940293,3.5599973,3.5799973,579200
hardzero_plus_depr__c0p50__z1p10__lam0p020__nu0p50__psi1p00,hardzero_plus_depr,0.05,37,181,0.0,2,0.25044763,0.25058505,1.0061907,0.09858465,0.09858465,1.0,0.00013740618,0.0013937887,-26.516394,2.2136636,0.73788786,0.16000001,0.0,0.17305157,3.5799973,3.5999973,582400
hardzero_plus_depr__c0p50__z1p10__lam0p020__nu0p50__psi1p00,hardzero_plus_depr,0.05,37,182,0.0,2,0.25058505,0.2507213,1.0011196,0.099742524,0.099742524,1.0,0.00013626723,0.0013661899,-25.716627,2.2025073,0.7341691,0.13,0.0,0.15879807,3.5999973,3.6199973,585600
hardzero_plus_depr__c0p50__z1p10__lam0p020__nu0p50__psi1p00,hardzero_plus_depr,0.05,37,183,0.0,2,0.2507213,0.2508434,1.0400976,0.09118059,0.09118059,1.0,0.00012210336,0.0013391376,-27.525658,2.2882605,0.7627535,0.15200001,0.0,0.17222886,3.6199973,3.6399972,588800
hardzero_plus_depr__c0p50__z1p10__lam0p020__nu0p50__psi1p00,hardzero_plus_depr,0.05,37,184,0.0,2,0.2508434,0.2509692,1.0184829,0.09583344,0.09583344,1.0,0.00012579297,0.0013126208,-27.408123,2.2407072,0.7469024,0.104,0.0,0.19265427,3.6399972,3.6599972,592000
hardzero_plus_depr__c0p50__z1p10__lam0p020__nu0p50__psi1p00,hardzero_plus_depr,0.05,37,185,0.0,2,0.2509692,0.25110215,0.9858139,0.103320405,0.103320405,1.0,0.00013293505,0.0012866292,-26.258915,2.168834,0.7229447,0.16800001,0.0,0.16730717,3.6599972,3.6799972,595200
hardzero_plus_depr__c0p50__z1p10__lam0p020__nu0p50__psi1p00,hardzero_plus_depr,0.05,37,186,0.0,2,0.25110215,0.25122026,1.0284555,0.09365791,0.09365791,1.0,0.000118116885,0.0012611522,-27.616385,2.2626472,0.7542157,0.15200001,0.0,0.18255197,3.6799972,3.6999972,598400
hardzero_plus_depr__c0p50__z1p10__lam0p020__nu0p50__psi1p00,hardzero_plus_depr,0.05,37,187,0.0,2,0.25122026,0.25134528,0.99512875,0.10112795,0.10112795,1.0,0.00012501233,0.0012361798,-27.349318,2.189327,0.72977567,0.2,0.0,0.18794937,3.6999972,3.7199972,601600
hardzero_plus_depr__c0p50__z1p10__lam0p020__nu0p50__psi1p00,hardzero_plus_depr,0.05,37,188,0.0,2,0.25134528,0.25147688,0.96410257,0.1086169,0.1086169,1.0,0.00013161129,0.0012117018,-26.447706,2.121068,0.70702267,0.23200001,0.0,0.168774,3.7199972,3.7399971,604800
hardzero_plus_depr__c0p50__z1p10__lam0p020__nu0p50__psi1p00,hardzero_plus_depr,0.05,37,189,0.0,2,0.25147688,0.2515871,1.0325085,0.09278792,0.09278792,1.0,0.00011020501,0.0011877086,-27.226753,2.271564,0.757188,0.2,0.008,0.20851395,3.7399971,3.7599971,608000
hardzero_plus_depr__c0p50__z1p10__lam0p020__nu0p50__psi1p00,hardzero_plus_depr,0.05,37,190,0.0,2,0.2515871,0.25168815,1.0614419,0.08680767,0.08680767,1.0,0.00010106065,0.0011641904,-27.650778,2.335219,0.7784063,0.136,0.0,0.19796926,3.7599971,3.779997,611200
hardzero_plus_depr__c0p50__z1p10__lam0p020__nu0p50__psi1p00,hardzero_plus_depr,0.05,37,191,0.0,2,0.25168815,0.2518044,0.99192977,0.1018756,0.1018756,1.0,0.000116254116,0.0011411379,-25.924488,2.1822891,0.72742975,0.224,0.0,0.17853901,3.779997,3.799997,614400
hardzero_plus_depr__c0p50__z1p10__lam0p020__nu0p50__psi1p00,hardzero_plus_depr,0.05,37,192,0.0,2,0.2518044,0.25191194,1.0170954,0.0961401,0.0961401,1.0,0.00010753673,0.0011185419,-27.262653,2.2376547,0.7458849,0.136,0.0,0.17133935,3.799997,3.819997,617600
hardzero_plus_depr__c0p50__z1p10__lam0p020__nu0p50__psi1p00,hardzero_plus_depr,0.05,37,193,0.0,2,0.25191194,0.2520199,1.0066162,0.0984881,0.0984881,1.0,0.000107981694,0.0010963933,-27.0369,2.2145998,0.73819995,0.14400001,0.0,0.2025824,3.819997,3.839997,620800
hardzero_plus_depr__c0p50__z1p10__lam0p020__nu0p50__psi1p00,hardzero_plus_depr,0.05,37,194,0.0,2,0.2520199,0.25212628,1.0044391,0.09898306,0.09898306,1.0,0.00010637543,0.0010746833,-27.221207,2.2098103,0.73660344,0.136,0.0,0.19890295,3.839997,3.859997,624000
hardzero_plus_depr__c0p50__z1p10__lam0p020__nu0p50__psi1p00,hardzero_plus_depr,0.05,37,195,0.0,2,0.25212628,0.2522227,1.0385293,0.09151045,0.09151045,1.0,9.6397394e-05,0.0010534031,-27.720747,2.28481,0.76160336,0.16,0.0,0.19014904,3.859997,3.879997,627200
hardzero_plus_depr__c0p50__z1p10__lam0p020__nu0p50__psi1p00,hardzero_plus_depr,0.05,37,196,0.0,2,0.2522227,0.25232863,0.9888211,0.10260745,0.10260745,1.0,0.00010594674,0.0010325443,-26.94318,2.1754498,0.72515,0.136,0.0,0.16614835,3.879997,3.899997,630400
hardzero_plus_depr__c0p50__z1p10__lam0p020__nu0p50__psi1p00,hardzero_plus_depr,0.05,37,197,0.0,2,0.25232863,0.25243193,0.991115,0.10206691,0.10206691,1.0,0.00010330179,0.0010120987,-26.865082,2.1804965,0.72683215,0.128,0.0,0.18020025,3.899997,3.919997,633600
hardzero_plus_depr__c0p50__z1p10__lam0p020__nu0p50__psi1p00,hardzero_plus_depr,0.05,37,198,0.0,2,0.25243193,0.25252286,1.0379015,0.09164283,0.09164283,1.0,9.0914975e-05,0.0009920577,-26.963076,2.283429,0.76114297,0.17600001,0.008,0.20174901,3.919997,3.939997,636800
hardzero_plus_depr__c0p50__z1p10__lam0p020__nu0p50__psi1p00,hardzero_plus_depr,0.05,37,199,0.0,2,0.25252286,0.25261453,1.0255995,0.09427586,0.09427586,1.0,9.167513e-05,0.00097241363,-28.155136,2.2563639,0.7521213,0.136,0.0,0.19383216,3.939997,3.959997,640000
hardzero_plus_depr__c0p50__z1p10__lam0p020__nu0p50__psi1p00,hardzero_plus_depr,0.05,37,200,0.0,2,0.25261453,0.25270563,1.0196853,0.09556849,0.09556849,1.0,9.109193e-05,0.00095315865,-27.051775,2.2433524,0.74778414,0.15200001,0.0,0.19491297,3.959997,3.979997,643200
hardzero_plus_depr__c0p50__z1p10__lam0p020__nu0p50__psi1p00,hardzero_plus_depr,0.05,37,201,0.0,2,0.25270563,0.25279427,1.0228288,0.094879225,0.094879225,1.0,8.864422e-05,0.0009342848,-27.096794,2.2502685,0.7500895,0.15200001,0.0,0.17839226,3.979997,3.999997,646400
hardzero_plus_depr__c0p50__z1p10__lam0p020__nu0p50__psi1p00,hardzero_plus_depr,0.05,37,202,0.0,2,0.25279427,0.25287983,1.0295184,0.09342898,0.09342898,1.0,8.556084e-05,0.0009157848,-27.063324,2.2649856,0.7549952,0.14400001,0.0,0.18006268,3.999997,4.019997,649600
hardzero_plus_depr__c0p50__z1p10__lam0p020__nu0p50__psi1p00,hardzero_plus_depr,0.05,37,203,0.0,2,0.25287983,0.25296965,0.999669,0.10007625,0.10007625,1.0,8.9833535e-05,0.0008976509,-27.396336,2.1993158,0.7331053,0.23200001,0.0,0.18002814,4.019997,4.039997,652800
hardzero_plus_depr__c0p50__z1p10__lam0p020__nu0p50__psi1p00,hardzero_plus_depr,0.05,37,204,0.0,2,0.25296965,0.25306466,0.9667017,0.10796882,0.10796882,1.0,9.49992e-05,0.00087987626,-26.51331,2.1267862,0.70892876,0.16800001,0.0,0.16753772,4.039997,4.059997,656000
hardzero_plus_depr__c0p50__z1p10__lam0p020__nu0p50__psi1p00,hardzero_plus_depr,0.05,37,205,0.0,2,0.25306466,0.25315884,0.9618591,0.109179445,0.109179445,1.0,9.41622e-05,0.00086245354,-26.097612,2.1161323,0.70537746,0.216,0.0,0.17997368,4.059997,4.079997,659200
hardzero_plus_depr__c0p50__z1p10__lam0p020__nu0p50__psi1p00,hardzero_plus_depr,0.05,37,206,0.0,2,0.25315884,0.25323877,1.0243464,0.09454828,0.09454828,1.0,7.9928825e-05,0.00084537576,-26.969088,2.253607,0.75120234,0.120000005,0.0,0.17041565,4.079997,4.099997,662400
hardzero_plus_depr__c0p50__z1p10__lam0p020__nu0p50__psi1p00,hardzero_plus_depr,0.05,37,207,0.0,2,0.25323877,0.25332728,0.9714091,0.10680484,0.10680484,1.0,8.850237e-05,0.0008286363,-26.108488,2.1371427,0.7123809,0.17600001,0.0,0.16906998,4.099997,4.119997,665600
hardzero_plus_depr__c0p50__z1p10__lam0p020__nu0p50__psi1p00,hardzero_plus_depr,0.05,37,208,0.0,2,0.25332728,0.25339508,1.0784055,0.08348231,0.08348231,1.0,6.780669e-05,0.00081222825,-29.05074,2.3725395,0.7908465,0.099999994,0.0,0.18517856,4.119997,4.139997,668800
hardzero_plus_depr__c0p50__z1p10__lam0p020__nu0p50__psi1p00,hardzero_plus_depr,0.05,37,209,0.0,2,0.25339508,0.25347072,1.0223064,0.09499342,0.09499342,1.0,7.562854e-05,0.000796145,-27.942028,2.249119,0.7497064,0.18400002,0.0,0.20248891,4.139997,4.159997,672000
hardzero_plus_depr__c0p50__z1p10__lam0p020__nu0p50__psi1p00,hardzero_plus_depr,0.05,37,210,0.0,2,0.25347072,0.25354317,1.032234,0.09284662,0.09284662,1.0,7.245567e-05,0.0007803803,-27.640057,2.27096,0.75698674,0.17600001,0.0,0.19669597,4.159997,4.179997,675200
hardzero_plus_depr__c0p50__z1p10__lam0p020__nu0p50__psi1p00,hardzero_plus_depr,0.05,37,211,0.0,2,0.25354317,0.25361347,1.0367082,0.09189497,0.09189497,1.0,7.029301e-05,0.0007649277,-27.724915,2.2808037,0.7602679,0.120000005,0.0,0.18778382,4.179997,4.199997,678400
hardzero_plus_depr__c0p50__z1p10__lam0p020__nu0p50__psi1p00,hardzero_plus_depr,0.05,37,212,0.0,2,0.25361347,0.25367773,1.0669442,0.08571479,0.08571479,1.0,6.426733e-05,0.0007497812,-27.16525,2.3473241,0.7824414,0.15200001,0.0,0.18436249,4.199997,4.219997,681600
hardzero_plus_depr__c0p50__z1p10__lam0p020__nu0p50__psi1p00,hardzero_plus_depr,0.05,37,213,0.0,2,0.25367773,0.25374728,1.0238642,0.09465331,0.09465331,1.0,6.956398e-05,0.0007349345,-26.842083,2.252546,0.7508487,0.112,0.0,0.1850719,4.219997,4.239997,684800
hardzero_plus_depr__c0p50__z1p10__lam0p020__nu0p50__psi1p00,hardzero_plus_depr,0.05,37,214,0.0,2,0.25374728,0.2538109,1.0538943,0.08832949,0.08832949,1.0,6.3630956e-05,0.00072038185,-27.121347,2.3186138,0.77287126,0.16800001,0.0,0.20419371,4.239997,4.259997,688000
hardzero_plus_depr__c0p50__z1p10__lam0p020__nu0p50__psi1p00,hardzero_plus_depr,0.05,37,215,0.0,2,0.2538109,0.2538821,0.9964293,0.10082557,0.10082557,1.0,7.119468e-05,0.0007061173,-26.965595,2.1921883,0.73072946,0.17600001,0.0,0.16650033,4.259997,4.279997,691200
hardzero_plus_depr__c0p50__z1p10__lam0p020__nu0p50__psi1p00,hardzero_plus_depr,0.05,37,216,0.0,2,0.2538821,0.25394246,1.059475,0.08720171,0.08720171,1.0,6.035538e-05,0.0006921353,-27.716496,2.3308914,0.77696383,0.16800001,0.0,0.19313516,4.279997,4.299997,694400
hardzero_plus_depr__c0p50__z1p10__lam0p020__nu0p50__psi1p00,hardzero_plus_depr,0.05,37,217,0.0,2,0.25394246,0.25400478,1.0369645,0.09184076,0.09184076,1.0,6.230753e-05,0.0006784301,-28.055138,2.2813675,0.76045585,0.17600001,0.0,0.18359506,4.299997,4.319997,697600
hardzero_plus_depr__c0p50__z1p10__lam0p020__nu0p50__psi1p00,hardzero_plus_depr,0.05,37,218,0.0,2,0.25400478,0.25406957,1.0113465,0.09742122,0.09742122,1.0,6.4784756e-05,0.00066499633,-26.542912,2.2250066,0.7416689,0.2,0.0,0.18332072,4.319997,4.339997,700800
hardzero_plus_depr__c0p50__z1p10__lam0p020__nu0p50__psi1p00,hardzero_plus_depr,0.05,37,219,0.0,2,0.25406957,0.2541334,1.0090153,0.09794553,0.09794553,1.0,6.384369e-05,0.00065182854,-27.204172,2.219878,0.73995936,0.16800001,0.0,0.16552195,4.339997,4.359997,704000
hardzero_plus_depr__c0p50__z1p10__lam0p020__nu0p50__psi1p00,hardzero_plus_depr,0.05,37,220,0.0,2,0.2541334,0.25418845,1.0648134,0.08613638,0.08613638,1.0,5.503438e-05,0.00063892145,-27.368572,2.342636,0.7808787,0.136,0.0,0.17382093,4.359997,4.379997,707200
hardzero_plus_depr__c0p50__z1p10__lam0p020__nu0p50__psi1p00,hardzero_plus_depr,0.05,37,221,0.0,2,0.25418845,0.25424832,1.019577,0.095592305,0.095592305,1.0,5.986659e-05,0.00062626996,-27.498186,2.2431142,0.74770474,0.17999999,0.0,0.18381917,4.379997,4.3999968,710400
hardzero_plus_depr__c0p50__z1p10__lam0p020__nu0p50__psi1p00,hardzero_plus_depr,0.05,37,222,0.0,2,0.25424832,0.25431374,0.97241247,0.10655835,0.10655835,1.0,6.541287e-05,0.000613869,-26.06866,2.1393502,0.71311677,0.18400002,0.0,0.16682482,4.3999968,4.4199967,713600
hardzero_plus_depr__c0p50__z1p10__lam0p020__nu0p50__psi1p00,hardzero_plus_depr,0.05,37,223,0.0,2,0.25431374,0.25437072,1.023606,0.094709605,0.094709605,1.0,5.6988058e-05,0.0006017136,-27.052937,2.251978,0.75065935,0.128,0.0,0.1782999,4.4199967,4.4399967,716800
hardzero_plus_depr__c0p50__z1p10__lam0p020__nu0p50__psi1p00,hardzero_plus_depr,0.05,37,224,0.0,2,0.25437072,0.25443408,0.96889806,0.10742416,0.10742416,1.0,6.335865e-05,0.0005897989,-25.78531,2.1316183,0.71053946,0.136,0.0,0.19049042,4.4399967,4.4599967,720000
hardzero_plus_depr__c0p50__z1p10__lam0p020__nu0p50__psi1p00,hardzero_plus_depr,0.05,37,225,0.0,2,0.25443408,0.2544909,1.007417,0.09830668,0.09830668,1.0,5.683306e-05,0.00057812006,-26.455282,2.2163615,0.7387872,0.14400001,0.0,0.15438733,4.4599967,4.4799967,723200
hardzero_plus_depr__c0p50__z1p10__lam0p020__nu0p50__psi1p00,hardzero_plus_depr,0.05,37,226,0.0,2,0.2544909,0.25454557,1.0155994,0.096471846,0.096471846,1.0,5.4667944e-05,0.00056667253,-27.34867,2.2343633,0.7447878,0.16800001,0.0,0.16715331,4.4799967,4.4999967,726400
hardzero_plus_depr__c0p50__z1p10__lam0p020__nu0p50__psi1p00,hardzero_plus_depr,0.05,37,227,0.0,2,0.25454557,0.25459495,1.0511816,0.08888295,0.08888295,1.0,4.9370185e-05,0.00055545167,-27.408224,2.3126457,0.7708819,0.2,0.0,0.21465449,4.4999967,4.5199966,729600
hardzero_plus_depr__c0p50__z1p10__lam0p020__nu0p50__psi1p00,hardzero_plus_depr,0.05,37,228,0.0,2,0.25459495,0.25465086,0.98842436,0.10270124,0.10270124,1.0,5.5915996e-05,0.000544453,-26.422886,2.174577,0.724859,0.128,0.0,0.15706109,4.5199966,4.5399966,732800
hardzero_plus_depr__c0p50__z1p10__lam0p020__nu0p50__psi1p00,hardzero_plus_depr,0.05,37,229,0.0,2,0.25465086,0.25469658,1.0671083,0.08568242,0.08568242,1.0,4.5726323e-05,0.00053367217,-28.054064,2.347685,0.7825617,0.128,0.0,0.15609248,4.5399966,4.5599966,736000
hardzero_plus_depr__c0p50__z1p10__lam0p020__nu0p50__psi1p00,hardzero_plus_depr,0.05,37,230,0.0,2,0.25469658,0.2547485,1.0032068,0.09926431,0.09926431,1.0,5.1925632e-05,0.00052310474,-27.677689,2.2070992,0.7356998,0.2,0.0,0.22621043,4.5599966,4.5799966,739200
hardzero_plus_depr__c0p50__z1p10__lam0p020__nu0p50__psi1p00,hardzero_plus_depr,0.05,37,231,0.0,2,0.2547485,0.25479132,1.0782154,0.08351887,0.08351887,1.0,4.2824013e-05,0.00051274657,-28.402416,2.372121,0.79070705,0.120000005,0.0,0.17811011,4.5799966,4.5999966,742400
hardzero_plus_depr__c0p50__z1p10__lam0p020__nu0p50__psi1p00,hardzero_plus_depr,0.05,37,232,0.0,2,0.25479132,0.254838,1.0322866,0.092835344,0.092835344,1.0,4.6658442e-05,0.0005025935,-28.819126,2.271076,0.75702536,0.224,0.0,0.22430713,4.5999966,4.6199965,745600
hardzero_plus_depr__c0p50__z1p10__lam0p020__nu0p50__psi1p00,hardzero_plus_depr,0.05,37,233,0.0,2,0.254838,0.25488546,1.0160649,0.09636851,0.09636851,1.0,4.747513e-05,0.0004926415,-26.955275,2.2353873,0.7451291,0.17600001,0.008,0.17806344,4.6199965,4.6399965,748800
hardzero_plus_depr__c0p50__z1p10__lam0p020__nu0p50__psi1p00,hardzero_plus_depr,0.05,37,234,0.0,2,0.25488546,0.25493014,1.0339161,0.09248767,0.09248767,1.0,4.4661054e-05,0.00048288656,-27.296705,2.2746608,0.7582203,0.19999999,0.0,0.19088638,4.6399965,4.6599965,752000
hardzero_plus_depr__c0p50__z1p10__lam0p020__nu0p50__psi1p00,hardzero_plus_depr,0.05,37,235,0.0,2,0.25493014,0.25497705,1.0039922,0.099084966,0.099084966,1.0,4.6899368e-05,0.00047332476,-26.957603,2.208827,0.7362757,0.17600001,0.0,0.16734429,4.6599965,4.6799965,755200
hardzero_plus_depr__c0p50__z1p10__lam0p020__nu0p50__psi1p00,hardzero_plus_depr,0.05,37,236,0.0,2,0.25497705,0.25502568,0.9794951,0.10483465,0.10483465,1.0,4.863828e-05,0.0004639523,-25.774311,2.1549323,0.7183108,0.15200001,0.0,0.19292468,4.6799965,4.6999965,758400
hardzero_plus_depr__c0p50__z1p10__lam0p020__nu0p50__psi1p00,hardzero_plus_depr,0.05,37,237,0.0,2,0.25502568,0.2550704,1.0075371,0.09827947,0.09827947,1.0,4.469411e-05,0.00045476548,-26.275236,2.216626,0.7388753,0.17600001,0.0,0.16775954,4.6999965,4.7199965,761600
hardzero_plus_depr__c0p50__z1p10__lam0p020__nu0p50__psi1p00,hardzero_plus_depr,0.05,37,238,0.0,2,0.2550704,0.25511682,0.98222643,0.104177415,0.104177415,1.0,4.643818e-05,0.00044576052,-26.534496,2.1609414,0.7203138,0.192,0.0,0.18073025,4.7199965,4.7399964,764800
hardzero_plus_depr__c0p50__z1p10__lam0p020__nu0p50__psi1p00,hardzero_plus_depr,0.05,37,239,0.0,2,0.25511682,0.25515887,1.0167525,0.09621605,0.09621605,1.0,4.204005e-05,0.00043693386,-27.551361,2.2369,0.74563336,0.18400002,0.0,0.20301506,4.7399964,4.7599964,768000
hardzero_plus_depr__c0p50__z1p10__lam0p020__nu0p50__psi1p00,hardzero_plus_depr,0.05,37,240,0.0,2,0.25515887,0.2552063,0.95576805,0.11072149,0.11072149,1.0,4.7420024e-05,0.00042828202,-26.297304,2.1027317,0.70091057,0.224,0.0,0.17041214,4.7599964,4.7799964,771200
hardzero_plus_depr__c0p50__z1p10__lam0p020__nu0p50__psi1p00,hardzero_plus_depr,0.05,37,241,0.0,2,0.2552063,0.25524473,1.0383667,0.09154473,0.09154473,1.0,3.8430615e-05,0.00041980148,-27.445631,2.2844522,0.7614841,0.2,0.0,0.19994918,4.7799964,4.7999964,774400
hardzero_plus_depr__c0p50__z1p10__lam0p020__nu0p50__psi1p00,hardzero_plus_depr,0.05,37,242,0.0,2,0.25524473,0.25528404,1.0197712,0.09554958,0.09554958,1.0,3.931759e-05,0.00041148887,-26.851257,2.2435415,0.7478472,0.096,0.0,0.1785687,4.7999964,4.8199964,777600
hardzero_plus_depr__c0p50__z1p10__lam0p020__nu0p50__psi1p00,hardzero_plus_depr,0.05,37,243,0.0,2,0.25528404,0.25532103,1.0375373,0.09171971,0.09171971,1.0,3.69943e-05,0.00040334082,-27.080767,2.2826278,0.76087594,0.192,0.0,0.18480705,4.8199964,4.8399963,780800
hardzero_plus_depr__c0p50__z1p10__lam0p020__nu0p50__psi1p00,hardzero_plus_depr,0.05,37,244,0.0,2,0.25532103,0.25536197,0.9845966,0.10361041,0.10361041,1.0,4.096281e-05,0.00039535417,-26.76274,2.1661558,0.722052,0.192,0.0,0.17424011,4.8399963,4.8599963,784000
hardzero_plus_depr__c0p50__z1p10__lam0p020__nu0p50__psi1p00,hardzero_plus_depr,0.05,37,245,0.0,2,0.25536197,0.25539613,1.054731,0.08815947,0.08815947,1.0,3.4164055e-05,0.00038752562,-28.112722,2.3204546,0.7734849,0.18400002,0.0,0.18412429,4.8599963,4.8799963,787200
hardzero_plus_depr__c0p50__z1p10__lam0p020__nu0p50__psi1p00,hardzero_plus_depr,0.05,37,246,0.0,2,0.25539613,0.25543067,1.0414234,0.09090265,0.09090265,1.0,3.4529563e-05,0.0003798521,-27.05311,2.2911773,0.76372576,0.120000005,0.0,0.17142,4.8799963,4.8999963,790400
hardzero_plus_depr__c0p50__z1p10__lam0p020__nu0p50__psi1p00,hardzero_plus_depr,0.05,37,247,0.0,2,0.25543067,0.25546736,1.0065757,0.0984973,0.0984973,1.0,3.6673555e-05,0.00037233054,-26.816729,2.2145107,0.73817027,0.17,0.0,0.16503157,4.8999963,4.9199963,793600
hardzero_plus_depr__c0p50__z1p10__lam0p020__nu0p50__psi1p00,hardzero_plus_depr,0.05,37,248,0.0,2,0.25546736,0.25550416,0.9962746,0.10086149,0.10086149,1.0,3.6810197e-05,0.0003649579,-26.300438,2.1918478,0.730616,0.136,0.0,0.18811885,4.9199963,4.9399962,796800
hardzero_plus_depr__c0p50__z1p10__lam0p020__nu0p50__psi1p00,hardzero_plus_depr,0.05,37,249,0.0,2,0.25550416,0.25553814,1.0224917,0.09495291,0.09495291,1.0,3.3967623e-05,0.00035773125,-27.388771,2.2495267,0.7498423,0.096,0.0,0.18918732,4.9399962,4.959996,800000
hardzero_plus_depr__c0p50__z1p10__lam0p020__nu0p50__psi1p00,hardzero_plus_depr,0.05,37,250,0.0,2,0.25553814,0.25557283,1.0044947,0.09897041,0.09897041,1.0,3.470375e-05,0.00035064772,-27.037813,2.2099323,0.73664415,0.2,0.0,0.18407543,4.959996,4.979996,803200
hardzero_plus_depr__c0p50__z1p10__lam0p020__nu0p50__psi1p00,hardzero_plus_depr,0.05,37,251,0.0,2,0.25557283,0.25560656,1.0080208,0.09817011,0.09817011,1.0,3.3741504e-05,0.00034370445,-26.91275,2.21769,0.73923004,0.216,0.0,0.18799216,4.979996,4.999996,806400
hardzero_plus_depr__c0p50__z1p10__lam0p020__nu0p50__psi1p00,hardzero_plus_depr,0.05,37,252,0.0,2,0.25560656,0.25564107,0.9894103,0.10246834,0.10246834,1.0,3.4521443e-05,0.00033689864,-26.942532,2.1767461,0.72558206,0.14400001,0.0,0.18844292,4.999996,5.019996,809600
hardzero_plus_depr__c0p50__z1p10__lam0p020__nu0p50__psi1p00,hardzero_plus_depr,0.05,37,253,0.0,2,0.25564107,0.255672,1.0283623,0.093678005,0.093678005,1.0,3.093506e-05,0.0003302276,-27.79592,2.262442,0.7541474,0.16000001,0.0,0.2150461,5.019996,5.039996,812800
hardzero_plus_depr__c0p50__z1p10__lam0p020__nu0p50__psi1p00,hardzero_plus_depr,0.05,37,254,0.0,2,0.255672,0.25570595,0.9792156,0.10490214,0.10490214,1.0,3.3955635e-05,0.00032368867,-26.12112,2.1543174,0.7181058,0.192,0.0,0.19371423,5.039996,5.059996,816000
hardzero_plus_depr__c0p50__z1p10__lam0p020__nu0p50__psi1p00,hardzero_plus_depr,0.05,37,255,0.0,2,0.25570595,0.25573558,1.0297794,0.093372844,0.093372844,1.0,2.9625264e-05,0.00031727922,-27.717281,2.26556,0.7551867,0.096,0.0,0.18486351,5.059996,5.079996,819200
hardzero_plus_depr__c0p50__z1p10__lam0p020__nu0p50__psi1p00,hardzero_plus_depr,0.05,37,256,0.0,2,0.25573558,0.2557652,1.0210599,0.095266476,0.095266476,1.0,2.9627556e-05,0.00031099666,-27.749283,2.2463765,0.7487922,0.15200001,0.0,0.18131986,5.079996,5.099996,822400
hardzero_plus_depr__c0p50__z1p10__lam0p020__nu0p50__psi1p00,hardzero_plus_depr,0.05,37,257,0.0,2,0.2557652,0.2557919,1.0573751,0.087624356,0.087624356,1.0,2.671128e-05,0.00030483853,-27.956,2.3262715,0.7754239,0.128,0.0,0.1829231,5.099996,5.119996,825600
hardzero_plus_depr__c0p50__z1p10__lam0p020__nu0p50__psi1p00,hardzero_plus_depr,0.05,37,258,0.0,2,0.2557919,0.25582218,0.9943933,0.10129936,0.10129936,1.0,3.0268486e-05,0.00029880233,-26.834892,2.1877089,0.7292363,0.16800001,0.0,0.17921111,5.119996,5.139996,828800
hardzero_plus_depr__c0p50__z1p10__lam0p020__nu0p50__psi1p00,hardzero_plus_depr,0.05,37,259,0.0,2,0.25582218,0.25584957,1.0289752,0.093545906,0.093545906,1.0,2.7398253e-05,0.00029288564,-27.734974,2.2637908,0.75459695,0.18400002,0.0,0.19807146,5.139996,5.159996,832000
hardzero_plus_depr__c0p50__z1p10__lam0p020__nu0p50__psi1p00,hardzero_plus_depr,0.05,37,260,0.0,2,0.25584957,0.25587767,1.0090823,0.097930424,0.097930424,1.0,2.8114466e-05,0.00028708612,-26.053507,2.2200253,0.7400085,0.17999999,0.01,0.17477597,5.159996,5.179996,835200
hardzero_plus_depr__c0p50__z1p10__lam0p020__nu0p50__psi1p00,hardzero_plus_depr,0.05,37,261,0.0,2,0.25587767,0.25590506,1.0119207,0.09729248,0.09729248,1.0,2.7378244e-05,0.00028140144,-26.6519,2.22627,0.74209,0.192,0.0,0.17294802,5.179996,5.199996,838400
hardzero_plus_depr__c0p50__z1p10__lam0p020__nu0p50__psi1p00,hardzero_plus_depr,0.05,37,262,0.0,2,0.25590506,0.25593147,1.0190594,0.09570631,0.09570631,1.0,2.6398608e-05,0.00027582934,-27.713055,2.2419755,0.7473252,0.080000006,0.0,0.15997218,5.199996,5.219996,841600
hardzero_plus_depr__c0p50__z1p10__lam0p020__nu0p50__psi1p00,hardzero_plus_depr,0.05,37,263,0.0,2,0.25593147,0.25595868,0.9974686,0.10058459,0.10058459,1.0,2.719481e-05,0.00027036757,-26.756533,2.1944747,0.73149157,0.18400002,0.0,0.20338717,5.219996,5.239996,844800
hardzero_plus_depr__c0p50__z1p10__lam0p020__nu0p50__psi1p00,hardzero_plus_depr,0.05,37,264,0.0,2,0.25595868,0.2559861,0.98524773,0.10345519,0.10345519,1.0,2.7417067e-05,0.00026501392,-26.034702,2.1675882,0.7225294,0.14400001,0.0,0.16886441,5.239996,5.259996,848000
hardzero_plus_depr__c0p50__z1p10__lam0p020__nu0p50__psi1p00,hardzero_plus_depr,0.05,37,265,0.0,2,0.2559861,0.2560146,0.95971054,0.10972091,0.10972091,1.0,2.8501794e-05,0.0002597663,-27.020502,2.1114054,0.7038018,0.18400002,0.0,0.18109787,5.259996,5.279996,851200
hardzero_plus_depr__c0p50__z1p10__lam0p020__nu0p50__psi1p00,hardzero_plus_depr,0.05,37,266,0.0,2,0.2560146,0.25603884,1.0209807,0.09528386,0.09528386,1.0,2.426142e-05,0.00025462257,-27.785603,2.2462025,0.7487342,0.14400001,0.0,0.1885434,5.279996,5.299996,854400
hardzero_plus_depr__c0p50__z1p10__lam0p020__nu0p50__psi1p00,hardzero_plus_depr,0.05,37,267,0.0,2,0.25603884,0.25606042,1.06302,0.08649281,0.08649281,1.0,2.1586939e-05,0.00024958074,-27.885557,2.3386908,0.7795636,0.16000001,0.0,0.18950365,5.299996,5.319996,857600
hardzero_plus_depr__c0p50__z1p10__lam0p020__nu0p50__psi1p00,hardzero_plus_depr,0.05,37,268,0.0,2,0.25606042,0.25608435,1.0095706,0.097820394,0.097820394,1.0,2.3930656e-05,0.0002446387,-26.225407,2.2210996,0.7403666,0.120000005,0.0,0.1753819,5.319996,5.339996,860800
hardzero_plus_depr__c0p50__z1p10__lam0p020__nu0p50__psi1p00,hardzero_plus_depr,0.05,37,269,0.0,2,0.25608435,0.25611007,0.969721,0.1072208,0.1072208,1.0,2.5710962e-05,0.00023979454,-26.215328,2.1334288,0.71114296,0.224,0.0,0.18053709,5.339996,5.359996,864000
hardzero_plus_depr__c0p50__z1p10__lam0p020__nu0p50__psi1p00,hardzero_plus_depr,0.05,37,270,0.0,2,0.25611007,0.25613368,0.99800014,0.10046154,0.10046154,1.0,2.3613113e-05,0.00023504629,-27.129454,2.1956441,0.7318814,0.2,0.0,0.18977356,5.359996,5.379996,867200
hardzero_plus_depr__c0p50__z1p10__lam0p020__nu0p50__psi1p00,hardzero_plus_depr,0.05,37,271,0.0,2,0.25613368,0.25615612,1.0116361,0.097356245,0.097356245,1.0,2.2430107e-05,0.00023039208,-27.94411,2.2256439,0.7418813,0.104,0.0,0.18137705,5.379996,5.399996,870400
hardzero_plus_depr__c0p50__z1p10__lam0p020__nu0p50__psi1p00,hardzero_plus_depr,0.05,37,272,0.0,2,0.25615612,0.25617972,0.98054194,0.104582265,0.104582265,1.0,2.3617813e-05,0.00022583,-26.352991,2.1572354,0.7190785,0.15200001,0.0,0.16749562,5.399996,5.419996,873600
hardzero_plus_depr__c0p50__z1p10__lam0p020__nu0p50__psi1p00,hardzero_plus_depr,0.05,37,273,0.0,2,0.25617972,0.25620162,1.0046707,0.098930284,0.098930284,1.0,2.1899035e-05,0.00022135826,-26.565104,2.2103198,0.73677325,0.13,0.0,0.18798159,5.419996,5.439996,876800
hardzero_plus_depr__c0p50__z1p10__lam0p020__nu0p50__psi1p00,hardzero_plus_depr,0.05,37,274,0.0,2,0.25620162,0.25622392,0.9885212,0.10267832,0.10267832,1.0,2.2278638e-05,0.0002169751,-26.336353,2.1747901,0.72493005,0.120000005,0.0,0.15926147,5.439996,5.4599957,880000
hardzero_plus_depr__c0p50__z1p10__lam0p020__nu0p50__psi1p00,hardzero_plus_depr,0.05,37,275,0.0,2,0.25622392,0.2562434,1.0378145,0.091661185,0.091661185,1.0,1.949438e-05,0.00021267869,-27.61186,2.2832375,0.7610792,0.096,0.0,0.16051415,5.4599957,5.4799957,883200
hardzero_plus_depr__c0p50__z1p10__lam0p020__nu0p50__psi1p00,hardzero_plus_depr,0.05,37,276,0.0,2,0.2562434,0.25626597,0.9654347,0.10828426,0.10828426,1.0,2.2573733e-05,0.00020846736,-27.136597,2.1239986,0.7079996,0.15200001,0.0,0.18417355,5.4799957,5.4999957,886400
hardzero_plus_depr__c0p50__z1p10__lam0p020__nu0p50__psi1p00,hardzero_plus_depr,0.05,37,277,0.0,2,0.25626597,0.2562847,1.0375539,0.09171621,0.09171621,1.0,1.8741239e-05,0.00020433943,-26.844212,2.282664,0.76088804,0.192,0.0,0.16514151,5.4999957,5.5199957,889600
hardzero_plus_depr__c0p50__z1p10__lam0p020__nu0p50__psi1p00,hardzero_plus_depr,0.05,37,278,0.0,2,0.2562847,0.2563038,1.020947,0.095291235,0.095291235,1.0,1.9086192e-05,0.00020029326,-27.274576,2.246128,0.7487094,0.136,0.0,0.18655883,5.5199957,5.5399957,892800
hardzero_plus_depr__c0p50__z1p10__lam0p020__nu0p50__psi1p00,hardzero_plus_depr,0.05,37,279,0.0,2,0.2563038,0.25632522,0.96215594,0.10910484,0.10910484,1.0,2.1420248e-05,0.00019632721,-25.605272,2.1167853,0.70559514,0.24000001,0.008,0.17174572,5.5399957,5.5599957,896000
hardzero_plus_depr__c0p50__z1p10__lam0p020__nu0p50__psi1p00,hardzero_plus_depr,0.05,37,280,0.0,2,0.25632522,0.25634277,1.0396634,0.09127179,0.09127179,1.0,1.7564313e-05,0.00019243966,-27.158718,2.287305,0.7624351,0.17600001,0.0,0.1721357,5.5599957,5.5799956,899200
hardzero_plus_depr__c0p50__z1p10__lam0p020__nu0p50__psi1p00,hardzero_plus_depr,0.05,37,281,0.0,2,0.25634277,0.25636062,1.0242321,0.09457315,0.09457315,1.0,1.783925e-05,0.00018862911,-27.382141,2.2533557,0.7511186,0.136,0.0,0.15883046,5.5799956,5.5999956,902400
hardzero_plus_depr__c0p50__z1p10__lam0p020__nu0p50__psi1p00,hardzero_plus_depr,0.05,37,282,0.0,2,0.25636062,0.25637677,1.0587388,0.08734965,0.08734965,1.0,1.6150427e-05,0.000184894,-28.204428,2.329272,0.77642405,0.16800001,0.008,0.20808418,5.5999956,5.6199956,905600
hardzero_plus_depr__c0p50__z1p10__lam0p020__nu0p50__psi1p00,hardzero_plus_depr,0.05,37,283,0.0,2,0.25637677,0.2563942,1.017177,0.09612204,0.09612204,1.0,1.7420472e-05,0.00018123286,-27.687569,2.237834,0.7459447,0.14400001,0.0,0.18881196,5.6199956,5.6399956,908800
hardzero_plus_depr__c0p50__z1p10__lam0p020__nu0p50__psi1p00,hardzero_plus_depr,0.05,37,284,0.0,2,0.2563942,0.25641194,1.0005153,0.0998814,0.0998814,1.0,1.7743352e-05,0.00017764421,-26.7813,2.2011776,0.7337259,0.16800001,0.0,0.21702038,5.6399956,5.6599956,912000
hardzero_plus_depr__c0p50__z1p10__lam0p020__nu0p50__psi1p00,hardzero_plus_depr,0.05,37,285,0.0,2,0.25641194,0.25642884,1.0133166,0.09698026,0.09698026,1.0,1.6886846e-05,0.00017412663,-26.596771,2.229341,0.7431137,0.16800001,0.0,0.17740326,5.6599956,5.6799955,915200
hardzero_plus_depr__c0p50__z1p10__lam0p020__nu0p50__psi1p00,hardzero_plus_depr,0.05,37,286,0.0,2,0.25642884,0.25644583,1.0016783,0.099614285,0.099614285,1.0,1.7002038e-05,0.0001706787,-26.475399,2.2037363,0.7345788,0.16,0.0,0.1666346,5.6799955,5.6999955,918400
hardzero_plus_depr__c0p50__z1p10__lam0p020__nu0p50__psi1p00,hardzero_plus_depr,0.05,37,287,0.0,2,0.25644583,0.2564606,1.0534065,0.08842875,0.08842875,1.0,1.4794045e-05,0.00016729903,-27.075907,2.3175404,0.7725135,0.17600001,0.0,0.18900074,5.6999955,5.7199955,921600
hardzero_plus_depr__c0p50__z1p10__lam0p020__nu0p50__psi1p00,hardzero_plus_depr,0.05,37,288,0.0,2,0.2564606,0.25647488,1.0604203,0.08701212,0.08701212,1.0,1.4268793e-05,0.00016398627,-27.366611,2.332971,0.77765703,0.15200001,0.0,0.18573886,5.7199955,5.7399955,924800
hardzero_plus_depr__c0p50__z1p10__lam0p020__nu0p50__psi1p00,hardzero_plus_depr,0.05,37,289,0.0,2,0.25647488,0.25648987,1.0304956,0.093218975,0.093218975,1.0,1.4983938e-05,0.00016073915,-26.98026,2.2671356,0.7557119,0.17600001,0.0,0.18827996,5.7399955,5.7599955,928000
hardzero_plus_depr__c0p50__z1p10__lam0p020__nu0p50__psi1p00,hardzero_plus_depr,0.05,37,290,0.0,2,0.25648987,0.2565044,1.0358222,0.09208266,0.09208266,1.0,1.4508202e-05,0.0001575563,-27.116543,2.2788544,0.75961816,0.120000005,0.0,0.18756934,5.7599955,5.7799954,931200
hardzero_plus_depr__c0p50__z1p10__lam0p020__nu0p50__psi1p00,hardzero_plus_depr,0.05,37,291,0.0,2,0.2565044,0.25651893,1.026032,0.09418203,0.09418203,1.0,1.4545142e-05,0.0001544365,-28.203493,2.2573154,0.7524385,0.192,0.008,0.17073274,5.7799954,5.7999954,934400
hardzero_plus_depr__c0p50__z1p10__lam0p020__nu0p50__psi1p00,hardzero_plus_depr,0.05,37,292,0.0,2,0.25651893,0.25653547,0.9613142,0.109316505,0.109316505,1.0,1.6548162e-05,0.00015137844,-25.643568,2.1149335,0.70497787,0.216,0.0,0.17511557,5.7999954,5.8199954,937600
hardzero_plus_depr__c0p50__z1p10__lam0p020__nu0p50__psi1p00,hardzero_plus_depr,0.05,37,293,0.0,2,0.25653547,0.2565497,1.0182703,0.09588038,0.09588038,1.0,1.4226822e-05,0.00014838095,-27.56617,2.2402394,0.7467465,0.17600001,0.0,0.17472377,5.8199954,5.8399954,940800
hardzero_plus_depr__c0p50__z1p10__lam0p020__nu0p50__psi1p00,hardzero_plus_depr,0.05,37,294,0.0,2,0.2565497,0.25656393,1.0093576,0.097868375,0.097868375,1.0,1.42342515e-05,0.00014544281,-27.12163,2.220631,0.7402103,0.15200001,0.0,0.2046715,5.8399954,5.8599954,944000
hardzero_plus_depr__c0p50__z1p10__lam0p020__nu0p50__psi1p00,hardzero_plus_depr,0.05,37,295,0.0,2,0.25656393,0.2565771,1.0344576,0.09237245,0.09237245,1.0,1.31688785e-05,0.00014256284,-27.810411,2.275852,0.75861734,0.112,0.0,0.16464067,5.8599954,5.8799953,947200
hardzero_plus_depr__c0p50__z1p10__lam0p020__nu0p50__psi1p00,hardzero_plus_depr,0.05,37,296,0.0,2,0.2565771,0.25659126,0.9947262,0.10122174,0.10122174,1.0,1.4144717e-05,0.00013973992,-27.338013,2.1884413,0.72948045,0.216,0.0,0.18287031,5.8799953,5.8999953,950400
hardzero_plus_depr__c0p50__z1p10__lam0p020__nu0p50__psi1p00,hardzero_plus_depr,0.05,37,297,0.0,2,0.25659126,0.2566045,1.0148523,0.096637934,0.096637934,1.0,1.3236775e-05,0.00013697287,-27.082674,2.2327197,0.7442399,0.136,0.0,0.1816596,5.8999953,5.9199953,953600
hardzero_plus_depr__c0p50__z1p10__lam0p020__nu0p50__psi1p00,hardzero_plus_depr,0.05,37,298,0.0,2,0.2566045,0.2566165,1.0480386,0.08952852,0.08952852,1.0,1.2020157e-05,0.00013426064,-27.273916,2.305731,0.76857704,0.15200001,0.0,0.2075034,5.9199953,5.9399953,956800
hardzero_plus_depr__c0p50__z1p10__lam0p020__nu0p50__psi1p00,hardzero_plus_depr,0.05,37,299,0.0,2,0.2566165,0.25662926,1.0134696,0.09694611,0.09694611,1.0,1.2758313e-05,0.00013160211,-26.278816,2.2296777,0.74322593,0.14,0.0,0.16440447,5.9399953,5.9599953,960000
hardzero_plus_depr__c0p50__z1p10__lam0p020__nu0p50__psi1p00,hardzero_plus_depr,0.05,37,300,0.0,2,0.25662926,0.25664222,0.99833286,0.100384615,0.100384615,1.0,1.2949235e-05,0.00012899621,-26.921598,2.196376,0.7321254,0.18400002,0.0,0.17944366,5.9599953,5.9799953,963200
hardzero_plus_depr__c0p50__z1p10__lam0p020__nu0p50__psi1p00,hardzero_plus_depr,0.05,37,301,0.0,2,0.25664222,0.2566549,0.9995765,0.10009756,0.10009756,1.0,1.2656528e-05,0.00012644193,-26.79523,2.1991122,0.7330374,0.16800001,0.0,0.1834623,5.9799953,5.999995,966400
hardzero_plus_depr__c0p50__z1p10__lam0p020__nu0p50__psi1p00,hardzero_plus_depr,0.05,37,302,0.0,2,0.2566549,0.25666744,0.9943009,0.10132091,0.10132091,1.0,1.2557531e-05,0.0001239382,-27.116253,2.1875057,0.7291686,0.15200001,0.0,0.2146401,5.999995,6.019995,969600
hardzero_plus_depr__c0p50__z1p10__lam0p020__nu0p50__psi1p00,hardzero_plus_depr,0.05,37,303,0.0,2,0.25666744,0.25667873,1.0312827,0.093050204,0.093050204,1.0,1.1304117e-05,0.00012148407,-27.32065,2.2688673,0.7562891,0.2,0.0,0.2080786,6.019995,6.039995,972800
hardzero_plus_depr__c0p50__z1p10__lam0p020__nu0p50__psi1p00,hardzero_plus_depr,0.05,37,304,0.0,2,0.25667873,0.2566889,1.068236,0.08546021,0.08546021,1.0,1.0176475e-05,0.00011907852,-28.596949,2.350166,0.78338873,0.16000001,0.0,0.22332233,6.039995,6.059995,976000
hardzero_plus_depr__c0p50__z1p10__lam0p020__nu0p50__psi1p00,hardzero_plus_depr,0.05,37,305,0.0,2,0.2566889,0.2567001,1.0178303,0.09597757,0.09597757,1.0,1.1202561e-05,0.000116720614,-28.006575,2.2392712,0.7464237,0.192,0.0,0.15710646,6.059995,6.079995,979200
hardzero_plus_depr__c0p50__z1p10__lam0p020__nu0p50__psi1p00,hardzero_plus_depr,0.05,37,306,0.0,2,0.2567001,0.2567136,0.9276414,0.118129574,0.118129574,1.0,1.3515132e-05,0.000114409384,-25.964838,2.0408518,0.68028396,0.15200001,0.0,0.15552117,6.079995,6.099995,982400
hardzero_plus_depr__c0p50__z1p10__lam0p020__nu0p50__psi1p00,hardzero_plus_depr,0.05,37,307,0.0,2,0.2567136,0.2567239,1.0360616,0.09203189,0.09203189,1.0,1.0320819e-05,0.00011214394,-27.318098,2.279381,0.7597937,0.2,0.0,0.17646554,6.099995,6.119995,985600
hardzero_plus_depr__c0p50__z1p10__lam0p020__nu0p50__psi1p00,hardzero_plus_depr,0.05,37,308,0.0,2,0.2567239,0.25673416,1.0301578,0.09329152,0.09329152,1.0,1.0254915e-05,0.00010992333,-26.68817,2.2663925,0.7554642,0.16000001,0.0,0.20188096,6.119995,6.139995,988800
hardzero_plus_depr__c0p50__z1p10__lam0p020__nu0p50__psi1p00,hardzero_plus_depr,0.05,37,309,0.0,2,0.25673416,0.2567448,1.005746,0.09868566,0.09868566,1.0,1.0633055e-05,0.00010774671,-26.9926,2.2126853,0.7375618,0.136,0.0,0.17915267,6.139995,6.159995,992000
hardzero_plus_depr__c0p50__z1p10__lam0p020__nu0p50__psi1p00,hardzero_plus_depr,0.05,37,310,0.0,2,0.2567448,0.2567539,1.0652685,0.08604616,0.08604616,1.0,9.08761e-06,0.000105613195,-28.397678,2.3436375,0.7812125,0.18400002,0.0,0.20396417,6.159995,6.179995,995200
hardzero_plus_depr__c0p50__z1p10__lam0p020__nu0p50__psi1p00,hardzero_plus_depr,0.05,37,311,0.0,2,0.2567539,0.2567636,1.0275185,0.093860194,0.093860194,1.0,9.716587e-06,0.00010352191,-27.495283,2.2605858,0.7535286,0.136,0.0,0.17635573,6.179995,6.199995,998400
hardzero_plus_depr__c0p50__z1p10__lam0p020__nu0p50__psi1p00,hardzero_plus_depr,0.05,37,312,0.0,2,0.2567636,0.2567735,1.0112717,0.097437985,0.097437985,1.0,9.8872315e-06,0.00010147204,-27.577671,2.224842,0.74161404,0.17,0.0,0.18669091,6.199995,6.219995,1001600
hardzero_plus_depr__c0p50__z1p10__lam0p020__nu0p50__psi1p00,hardzero_plus_depr,0.05,37,313,0.0,2,0.2567735,0.25678286,1.026757,0.09402493,0.09402493,1.0,9.351979e-06,9.946276e-05,-26.657616,2.2589104,0.75297016,0.16800001,0.0,0.17275427,6.219995,6.239995,1004800
hardzero_plus_depr__c0p50__z1p10__lam0p020__nu0p50__psi1p00,hardzero_plus_depr,0.05,37,314,0.0,2,0.25678286,0.25679156,1.0488423,0.089363,0.089363,1.0,8.712291e-06,9.749327e-05,-28.789526,2.3074992,0.7691664,0.08800001,0.0,0.18970332,6.239995,6.259995,1008000
hardzero_plus_depr__c0p50__z1p10__lam0p020__nu0p50__psi1p00,hardzero_plus_depr,0.05,37,315,0.0,2,0.25679156,0.25680047,1.0310175,0.09310703,0.09310703,1.0,8.897566e-06,9.556277e-05,-27.507492,2.2682838,0.75609463,0.128,0.0,0.19374649,6.259995,6.279995,1011200
hardzero_plus_depr__c0p50__z1p10__lam0p020__nu0p50__psi1p00,hardzero_plus_depr,0.05,37,316,0.0,2,0.25680047,0.2568096,1.0119098,0.09729492,0.09729492,1.0,9.113664e-06,9.3670504e-05,-26.786606,2.226246,0.74208206,0.17600001,0.0,0.17423826,6.279995,6.299995,1014400
hardzero_plus_depr__c0p50__z1p10__lam0p020__nu0p50__psi1p00,hardzero_plus_depr,0.05,37,317,0.0,2,0.2568096,0.25681844,1.0155358,0.096485965,0.096485965,1.0,8.858928e-06,9.181571e-05,-27.16004,2.2342234,0.74474114,0.136,0.0,0.17226867,6.299995,6.319995,1017600
hardzero_plus_depr__c0p50__z1p10__lam0p020__nu0p50__psi1p00,hardzero_plus_depr,0.05,37,318,0.0,2,0.25681844,0.25682753,0.99577844,0.100976795,0.100976795,1.0,9.087672e-06,8.999763e-05,-26.871174,2.1907563,0.73025215,0.112,0.0,0.1705251,6.319995,6.339995,1020800
hardzero_plus_depr__c0p50__z1p10__lam0p020__nu0p50__psi1p00,hardzero_plus_depr,0.05,37,319,0.0,2,0.25682753,0.25683665,0.98491794,0.10353379,0.10353379,1.0,9.133292e-06,8.8215565e-05,-26.858282,2.1668627,0.7222876,0.136,0.0,0.17623083,6.339995,6.359995,1024000
hardzero_plus_depr__c0p50__z1p10__lam0p020__nu0p50__psi1p00,hardzero_plus_depr,0.05,37,320,0.0,2,0.25683665,0.2568458,0.9757071,0.105753034,0.105753034,1.0,9.144336e-06,8.646878e-05,-26.86747,2.1465986,0.7155329,0.23200001,0.0,0.16260363,6.359995,6.379995,1027200
hardzero_plus_depr__c0p50__z1p10__lam0p020__nu0p50__psi1p00,hardzero_plus_depr,0.05,37,321,0.0,2,0.2568458,0.2568543,0.99861753,0.10031884,0.10031884,1.0,8.502683e-06,8.475659e-05,-26.586857,2.1970024,0.73233414,0.216,0.0,0.18734126,6.379995,6.399995,1030400
hardzero_plus_depr__c0p50__z1p10__lam0p020__nu0p50__psi1p00,hardzero_plus_depr,0.05,37,322,0.0,2,0.2568543,0.25686178,1.0463997,0.08986702,0.08986702,1.0,7.465999e-06,8.3078296e-05,-27.474106,2.3021252,0.7673751,0.136,0.0,0.1970469,6.399995,6.419995,1033600
hardzero_plus_depr__c0p50__z1p10__lam0p020__nu0p50__psi1p00,hardzero_plus_depr,0.05,37,323,0.0,2,0.25686178,0.25687027,0.98134077,0.10439007,0.10439007,1.0,8.500821e-06,8.143324e-05,-27.054697,2.1589928,0.7196643,0.16000001,0.0,0.1815581,6.419995,6.439995,1036800
hardzero_plus_depr__c0p50__z1p10__lam0p020__nu0p50__psi1p00,hardzero_plus_depr,0.05,37,324,0.0,2,0.25687027,0.25687855,0.98373973,0.10381503,0.10381503,1.0,8.286593e-06,7.982075e-05,-26.779354,2.1642706,0.72142357,0.14400001,0.0,0.17363137,6.439995,6.459995,1040000
hardzero_plus_depr__c0p50__z1p10__lam0p020__nu0p50__psi1p00,hardzero_plus_depr,0.05,37,325,0.0,2,0.25687855,0.2568863,1.0048974,0.09887868,0.09887868,1.0,7.736287e-06,7.82402e-05,-27.034193,2.2108183,0.73693943,0.14,0.0,0.15700008,6.459995,6.479995,1043200
hardzero_plus_depr__c0p50__z1p10__lam0p020__nu0p50__psi1p00,hardzero_plus_depr,0.05,37,326,0.0,2,0.2568863,0.25689322,1.0448698,0.090184145,0.090184145,1.0,6.916307e-06,7.669094e-05,-27.750957,2.2987595,0.7662532,0.136,0.0,0.21319515,6.479995,6.4999948,1046400
hardzero_plus_depr__c0p50__z1p10__lam0p020__nu0p50__psi1p00,hardzero_plus_depr,0.05,37,327,0.0,2,0.25689322,0.25690043,1.0171881,0.0961196,0.0961196,1.0,7.2255375e-06,7.5172364e-05,-26.449442,2.2378585,0.74595284,0.128,0.0,0.16707844,6.4999948,6.5199947,1049600
hardzero_plus_depr__c0p50__z1p10__lam0p020__nu0p50__psi1p00,hardzero_plus_depr,0.05,37,328,0.0,2,0.25690043,0.25690755,1.0139196,0.09684571,0.09684571,1.0,7.1359646e-06,7.368385e-05,-26.139055,2.2306676,0.7435559,0.16800001,0.0,0.20541053,6.5199947,6.5399947,1052800
hardzero_plus_depr__c0p50__z1p10__lam0p020__nu0p50__psi1p00,hardzero_plus_depr,0.05,37,329,0.0,2,0.25690755,0.25691476,1.0000666,0.09998464,0.09998464,1.0,7.221371e-06,7.222481e-05,-26.93814,2.2001905,0.7333969,0.104,0.0,0.16776466,6.5399947,6.5599947,1056000
hardzero_plus_depr__c0p50__z1p10__lam0p020__nu0p50__psi1p00,hardzero_plus_depr,0.05,37,330,0.0,2,0.25691476,0.25692162,1.0141603,0.09679206,0.09679206,1.0,6.852361e-06,7.079466e-05,-26.744658,2.231197,0.7437324,0.15200001,0.0,0.18360142,6.5599947,6.5799947,1059200
hardzero_plus_depr__c0p50__z1p10__lam0p020__nu0p50__psi1p00,hardzero_plus_depr,0.05,37,331,0.0,2,0.25692162,0.25692862,0.995755,0.100982234,0.100982234,1.0,7.007444e-06,6.939284e-05,-26.988422,2.1907048,0.730235,0.14400001,0.0,0.1672095,6.5799947,6.5999947,1062400
hardzero_plus_depr__c0p50__z1p10__lam0p020__nu0p50__psi1p00,hardzero_plus_depr,0.05,37,332,0.0,2,0.25692862,0.2569354,1.0021937,0.099496156,0.099496156,1.0,6.767605e-06,6.801876e-05,-26.126507,2.2048702,0.73495674,0.136,0.0,0.17092957,6.5999947,6.6199946,1065600
hardzero_plus_depr__c0p50__z1p10__lam0p020__nu0p50__psi1p00,hardzero_plus_depr,0.05,37,333,0.0,2,0.2569354,0.25694212,0.99607104,0.10090878,0.10090878,1.0,6.7277815e-06,6.667191e-05,-26.915045,2.1914,0.7304667,0.192,0.0,0.18784936,6.6199946,6.6399946,1068800
hardzero_plus_depr__c0p50__z1p10__lam0p020__nu0p50__psi1p00,hardzero_plus_depr,0.05,37,334,0.0,2,0.25694212,0.25694916,0.9684808,0.107527405,0.107527405,1.0,7.0271e-06,6.535171e-05,-26.739243,2.1307003,0.71023345,0.16800001,0.0,0.18832739,6.6399946,6.6599946,1072000
hardzero_plus_depr__c0p50__z1p10__lam0p020__nu0p50__psi1p00,hardzero_plus_depr,0.05,37,335,0.0,2,0.25694916,0.25695568,0.9915183,0.10197217,0.10197217,1.0,6.5320996e-06,6.405767e-05,-26.696474,2.1813838,0.72712797,0.17600001,0.0,0.19281177,6.6599946,6.6799946,1075200
hardzero_plus_depr__c0p50__z1p10__lam0p020__nu0p50__psi1p00,hardzero_plus_depr,0.05,37,336,0.0,2,0.25695568,0.25696164,1.022604,0.09492837,0.09492837,1.0,5.96048e-06,6.278924e-05,-27.280884,2.2497737,0.7499246,0.14400001,0.0,0.18431133,6.6799946,6.6999946,1078400
hardzero_plus_depr__c0p50__z1p10__lam0p020__nu0p50__psi1p00,hardzero_plus_depr,0.05,37,337,0.0,2,0.25696164,0.25696734,1.0338761,0.09249621,0.09249621,1.0,5.692765e-06,6.154593e-05,-27.298431,2.2745728,0.758191,0.072000004,0.0,0.18187828,6.6999946,6.7199945,1081600
hardzero_plus_depr__c0p50__z1p10__lam0p020__nu0p50__psi1p00,hardzero_plus_depr,0.05,37,338,0.0,2,0.25696734,0.25697297,1.029951,0.093335964,0.093335964,1.0,5.6307013e-06,6.0327242e-05,-28.371975,2.2659373,0.75531244,0.22999999,0.0,0.19387694,6.7199945,6.7399945,1084800
hardzero_plus_depr__c0p50__z1p10__lam0p020__nu0p50__psi1p00,hardzero_plus_depr,0.05,37,339,0.0,2,0.25697297,0.25697953,0.9551357,0.11088283,0.11088283,1.0,6.5567997e-06,5.9132686e-05,-25.461199,2.1013405,0.70044684,0.15200001,0.0,0.18551816,6.7399945,6.7599945,1088000
hardzero_plus_depr__c0p50__z1p10__lam0p020__nu0p50__psi1p00,hardzero_plus_depr,0.05,37,340,0.0,2,0.25697953,0.2569849,1.0342036,0.092426464,0.092426464,1.0,5.3572026e-06,5.796178e-05,-28.168304,2.2752934,0.75843114,0.136,0.0,0.17830709,6.7599945,6.7799945,1091200
hardzero_plus_depr__c0p50__z1p10__lam0p020__nu0p50__psi1p00,hardzero_plus_depr,0.05,37,341,0.0,2,0.2569849,0.25699106,0.9637644,0.108701505,0.108701505,1.0,6.1757737e-06,5.681406e-05,-25.967974,2.1203241,0.7067747,0.24000001,0.0,0.1601341,6.7799945,6.7999945,1094400
hardzero_plus_depr__c0p50__z1p10__lam0p020__nu0p50__psi1p00,hardzero_plus_depr,0.05,37,342,0.0,2,0.25699106,0.2569963,1.0250077,0.09440441,0.09440441,1.0,5.2572937e-06,5.568907e-05,-27.077057,2.255062,0.7516874,0.16000001,0.0,0.18668553,6.7999945,6.8199944,1097600
hardzero_plus_depr__c0p50__z1p10__lam0p020__nu0p50__psi1p00,hardzero_plus_depr,0.05,37,343,0.0,2,0.2569963,0.2570017,1.0061948,0.09858371,0.09858371,1.0,5.3813246e-06,5.4586348e-05,-27.365828,2.2136729,0.73789096,0.24000001,0.0,0.19689266,6.8199944,6.8399944,1100800
hardzero_plus_depr__c0p50__z1p10__lam0p020__nu0p50__psi1p00,hardzero_plus_depr,0.05,37,344,0.0,2,0.2570017,0.25700673,1.02524,0.09435394,0.09435394,1.0,5.0484514e-06,5.3505468e-05,-26.331434,2.255573,0.7518577,0.192,0.0,0.15824205,6.8399944,6.8599944,1104000
hardzero_plus_depr__c0p50__z1p10__lam0p020__nu0p50__psi1p00,hardzero_plus_depr,0.05,37,345,0.0,2,0.25700673,0.25701177,1.0187457,0.09577548,0.09577548,1.0,5.023039e-06,5.2445987e-05,-26.729385,2.241285,0.74709505,0.128,0.0,0.18350747,6.8599944,6.8799944,1107200
hardzero_plus_depr__c0p50__z1p10__lam0p020__nu0p50__psi1p00,hardzero_plus_depr,0.05,37,346,0.0,2,0.25701177,0.25701627,1.0580989,0.08747846,0.08747846,1.0,4.4970484e-06,5.1407493e-05,-27.603104,2.3278642,0.7759547,0.16000001,0.0,0.20278236,6.8799944,6.8999944,1110400
hardzero_plus_depr__c0p50__z1p10__lam0p020__nu0p50__psi1p00,hardzero_plus_depr,0.05,37,347,0.0,2,0.25701627,0.25702074,1.05062,0.08899795,0.08899795,1.0,4.4845674e-06,5.0389557e-05,-27.661661,2.3114102,0.7704701,0.104,0.0,0.18740715,6.8999944,6.9199944,1113600
hardzero_plus_depr__c0p50__z1p10__lam0p020__nu0p50__psi1p00,hardzero_plus_depr,0.05,37,348,0.0,2,0.25702074,0.25702563,1.0035144,0.09919405,0.09919405,1.0,4.8993697e-06,4.9391772e-05,-26.894772,2.2077758,0.7359253,0.15200001,0.0,0.18982764,6.9199944,6.9399943,1116800
hardzero_plus_depr__c0p50__z1p10__lam0p020__nu0p50__psi1p00,hardzero_plus_depr,0.05,37,349,0.0,2,0.25702563,0.25703028,1.0176225,0.0960235,0.0960235,1.0,4.648858e-06,4.8413753e-05,-27.327524,2.238814,0.7462714,0.16000001,0.008,0.20609258,6.9399943,6.9599943,1120000
hardzero_plus_depr__c0p50__z1p10__lam0p020__nu0p50__psi1p00,hardzero_plus_depr,0.05,37,350,0.0,2,0.25703028,0.25703433,1.0692226,0.08526629,0.08526629,1.0,4.0463206e-06,4.74551e-05,-28.72247,2.3523366,0.7841122,0.120000005,0.0,0.22530971,6.9599943,6.9799943,1123200
hardzero_plus_depr__c0p50__z1p10__lam0p020__nu0p50__psi1p00,hardzero_plus_depr,0.05,37,351,0.0,2,0.25703433,0.2570391,0.988381,0.10271148,0.10271148,1.0,4.777668e-06,4.6515426e-05,-26.08947,2.1744816,0.72482723,0.22,0.0,0.14535324,6.9799943,6.9999943,1126400
hardzero_plus_depr__c0p50__z1p10__lam0p020__nu0p50__psi1p00,hardzero_plus_depr,0.05,37,352,0.0,2,0.2570391,0.25704366,1.0009235,0.09978758,0.09978758,1.0,4.549751e-06,4.5594363e-05,-27.45434,2.2020757,0.73402524,0.216,0.0,0.19464813,6.9999943,7.0199943,1129600
hardzero_plus_depr__c0p50__z1p10__lam0p020__nu0p50__psi1p00,hardzero_plus_depr,0.05,37,353,0.0,2,0.25704366,0.25704768,1.044189,0.090325624,0.090325624,1.0,4.0367904e-06,4.4691533e-05,-27.426472,2.2972617,0.7657539,0.16800001,0.0,0.18426304,7.0199943,7.0399942,1132800
hardzero_plus_depr__c0p50__z1p10__lam0p020__nu0p50__psi1p00,hardzero_plus_depr,0.05,37,354,0.0,2,0.25704768,0.2570514,1.0699152,0.08513042,0.08513042,1.0,3.7292727e-06,4.380658e-05,-28.000162,2.3538604,0.78462017,0.16000001,0.0,0.18689397,7.0399942,7.059994,1136000
hardzero_plus_depr__c0p50__z1p10__lam0p020__nu0p50__psi1p00,hardzero_plus_depr,0.05,37,355,0.0,2,0.2570514,0.25705594,0.97791713,0.10521627,0.10521627,1.0,4.5178977e-06,4.2939155e-05,-26.461103,2.1514606,0.71715355,0.216,0.0,0.16531342,7.059994,7.079994,1139200
hardzero_plus_depr__c0p50__z1p10__lam0p020__nu0p50__psi1p00,hardzero_plus_depr,0.05,37,356,0.0,2,0.25705594,0.25705984,1.0328571,0.09271349,0.09271349,1.0,3.9022093e-06,4.2088905e-05,-27.72824,2.272331,0.75744367,0.14400001,0.0,0.18496084,7.079994,7.099994,1142400
hardzero_plus_depr__c0p50__z1p10__lam0p020__nu0p50__psi1p00,hardzero_plus_depr,0.05,37,357,0.0,2,0.25705984,0.25706345,1.0598185,0.08713275,0.08713275,1.0,3.5947041e-06,4.1255487e-05,-28.311462,2.3316472,0.7772157,0.14400001,0.0,0.20038994,7.099994,7.119994,1145600
hardzero_plus_depr__c0p50__z1p10__lam0p020__nu0p50__psi1p00,hardzero_plus_depr,0.05,37,358,0.0,2,0.25706345,0.25706774,0.9754783,0.105808765,0.105808765,1.0,4.2787556e-06,4.0438576e-05,-26.841345,2.146095,0.71536505,0.16800001,0.0,0.18632548,7.119994,7.139994,1148800
hardzero_plus_depr__c0p50__z1p10__lam0p020__nu0p50__psi1p00,hardzero_plus_depr,0.05,37,359,0.0,2,0.25706774,0.25707158,1.0133538,0.09697196,0.09697196,1.0,3.843759e-06,3.963784e-05,-27.808716,2.229423,0.74314106,0.16800001,0.0,0.18067372,7.139994,7.159994,1152000
hardzero_plus_depr__c0p50__z1p10__lam0p020__nu0p50__psi1p00,hardzero_plus_depr,0.05,37,360,0.0,2,0.25707158,0.25707522,1.0277183,0.09381703,0.09381703,1.0,3.645069e-06,3.8852955e-05,-27.46598,2.2610254,0.75367516,0.136,0.0,0.16342656,7.159994,7.179994,1155200
hardzero_plus_depr__c0p50__z1p10__lam0p020__nu0p50__psi1p00,hardzero_plus_depr,0.05,37,361,0.0,2,0.25707522,0.2570791,0.9918948,0.10188381,0.10188381,1.0,3.880104e-06,3.808362e-05,-26.438158,2.182212,0.72740406,0.16800001,0.0,0.18123336,7.179994,7.199994,1158400
hardzero_plus_depr__c0p50__z1p10__lam0p020__nu0p50__psi1p00,hardzero_plus_depr,0.05,37,362,0.0,2,0.2570791,0.2570823,1.0632749,0.08644207,0.08644207,1.0,3.2268406e-06,3.7329515e-05,-28.452002,2.3392515,0.7797505,0.2,0.0,0.20321417,7.199994,7.219994,1161600
hardzero_plus_depr__c0p50__z1p10__lam0p020__nu0p50__psi1p00,hardzero_plus_depr,0.05,37,363,0.0,2,0.2570823,0.2570863,0.9604568,0.10953254,0.10953254,1.0,4.007833e-06,3.659034e-05,-26.590698,2.1130471,0.70434904,0.16000001,0.0,0.18032402,7.219994,7.239994,1164800
hardzero_plus_depr__c0p50__z1p10__lam0p020__nu0p50__psi1p00,hardzero_plus_depr,0.05,37,364,0.0,2,0.2570863,0.25708997,0.99128324,0.10202737,0.10202737,1.0,3.6592937e-06,3.5865804e-05,-27.06089,2.1808667,0.7269556,0.22,0.0,0.19096391,7.239994,7.259994,1168000
hardzero_plus_depr__c0p50__z1p10__lam0p020__nu0p50__psi1p00,hardzero_plus_depr,0.05,37,365,0.0,2,0.25708997,0.25709352,0.9957587,0.10098137,0.10098137,1.0,3.5500623e-06,3.5155615e-05,-26.931866,2.190713,0.73023766,0.17600001,0.0,0.17572269,7.259994,7.279994,1171200
hardzero_plus_depr__c0p50__z1p10__lam0p020__nu0p50__psi1p00,hardzero_plus_depr,0.05,37,366,0.0,2,0.25709352,0.25709713,0.9790409,0.10494434,0.10494434,1.0,3.6163278e-06,3.4459485e-05,-27.738668,2.153933,0.7179777,0.224,0.0,0.15350151,7.279994,7.299994,1174400
hardzero_plus_depr__c0p50__z1p10__lam0p020__nu0p50__psi1p00,hardzero_plus_depr,0.05,37,367,0.0,2,0.25709713,0.25710022,1.0387383,0.091466434,0.091466434,1.0,3.0894746e-06,3.377714e-05,-27.272009,2.2852697,0.7617566,0.15200001,0.008,0.19683333,7.299994,7.319994,1177600
hardzero_plus_depr__c0p50__z1p10__lam0p020__nu0p50__psi1p00,hardzero_plus_depr,0.05,37,368,0.0,2,0.25710022,0.25710344,1.0108967,0.09752217,0.09752217,1.0,3.2287942e-06,3.310831e-05,-27.09966,2.2240171,0.7413391,0.15200001,0.0,0.18575008,7.319994,7.339994,1180800
hardzero_plus_depr__c0p50__z1p10__lam0p020__nu0p50__psi1p00,hardzero_plus_depr,0.05,37,369,0.0,2,0.25710344,0.2571067,0.9990536,0.10021815,0.10021815,1.0,3.252352e-06,3.2452725e-05,-26.27565,2.1979618,0.732654,0.216,0.0,0.16577421,7.339994,7.359994,1184000
hardzero_plus_depr__c0p50__z1p10__lam0p020__nu0p50__psi1p00,hardzero_plus_depr,0.05,37,370,0.0,2,0.2571067,0.25710943,1.0662022,0.08586138,0.08586138,1.0,2.7312606e-06,3.181012e-05,-27.606253,2.3456917,0.78189725,0.16000001,0.0,0.18769369,7.359994,7.379994,1187200
hardzero_plus_depr__c0p50__z1p10__lam0p020__nu0p50__psi1p00,hardzero_plus_depr,0.05,37,371,0.0,2,0.25710943,0.25711262,0.9911947,0.10204817,0.10204817,1.0,3.181886e-06,3.1180236e-05,-26.312521,2.180672,0.7268907,0.208,0.0,0.15978375,7.379994,7.399994,1190400
hardzero_plus_depr__c0p50__z1p10__lam0p020__nu0p50__psi1p00,hardzero_plus_depr,0.05,37,372,0.0,2,0.25711262,0.2571155,1.0251834,0.09436622,0.09436622,1.0,2.8840986e-06,3.0562827e-05,-28.124086,2.2554486,0.7518162,0.17600001,0.0,0.2108989,7.399994,7.419994,1193600
hardzero_plus_depr__c0p50__z1p10__lam0p020__nu0p50__psi1p00,hardzero_plus_depr,0.05,37,373,0.0,2,0.2571155,0.2571186,0.98487294,0.103544496,0.103544496,1.0,3.1019488e-06,2.995764e-05,-26.863396,2.1667638,0.72225463,0.16800001,0.0,0.18717825,7.419994,7.439994,1196800
hardzero_plus_depr__c0p50__z1p10__lam0p020__nu0p50__psi1p00,hardzero_plus_depr,0.05,37,374,0.0,2,0.2571186,0.2571213,1.0373069,0.0917684,0.0917684,1.0,2.6947278e-06,2.936444e-05,-27.261986,2.2821207,0.7607069,0.120000005,0.0,0.17608272,7.439994,7.459994,1200000
hardzero_plus_depr__c0p50__z1p10__lam0p020__nu0p50__psi1p00,hardzero_plus_depr,0.05,37,375,0.0,2,0.2571213,0.25712395,1.0360485,0.09203468,0.09203468,1.0,2.649033e-06,2.8782984e-05,-27.322018,2.2793522,0.7597841,0.112,0.0,0.18540917,7.459994,7.479994,1203200
hardzero_plus_depr__c0p50__z1p10__lam0p020__nu0p50__psi1p00,hardzero_plus_depr,0.05,37,376,0.0,2,0.25712395,0.2571266,1.0265207,0.0940761,0.0940761,1.0,2.6541734e-06,2.8213048e-05,-26.800146,2.2583907,0.7527969,0.18400002,0.0,0.18874156,7.479994,7.499994,1206400
hardzero_plus_depr__c0p50__z1p10__lam0p020__nu0p50__psi1p00,hardzero_plus_depr,0.05,37,377,0.0,2,0.2571266,0.25712925,1.0183177,0.0958699,0.0958699,1.0,2.6512237e-06,2.765439e-05,-27.972982,2.2403436,0.74678123,0.11,0.0,0.17586325,7.499994,7.519994,1209600
hardzero_plus_depr__c0p50__z1p10__lam0p020__nu0p50__psi1p00,hardzero_plus_depr,0.05,37,378,0.0,2,0.25712925,0.25713202,0.9919454,0.10187193,0.10187193,1.0,2.7614217e-06,2.7106797e-05,-26.055721,2.1823235,0.7274412,0.18400002,0.0,0.16777638,7.519994,7.539994,1212800
hardzero_plus_depr__c0p50__z1p10__lam0p020__nu0p50__psi1p00,hardzero_plus_depr,0.05,37,379,0.0,2,0.25713202,0.25713447,1.0351001,0.09223587,0.09223587,1.0,2.4507117e-06,2.657005e-05,-27.418556,2.2772658,0.75908864,0.16000001,0.0,0.18309505,7.539994,7.5599937,1216000
hardzero_plus_depr__c0p50__z1p10__lam0p020__nu0p50__psi1p00,hardzero_plus_depr,0.05,37,380,0.0,2,0.25713447,0.25713715,0.9866387,0.10312436,0.10312436,1.0,2.685763e-06,2.6043925e-05,-26.65253,2.1706486,0.72354954,0.208,0.0,0.17305467,7.5599937,7.5799937,1219200
hardzero_plus_depr__c0p50__z1p10__lam0p020__nu0p50__psi1p00,hardzero_plus_depr,0.05,37,381,0.0,2,0.25713715,0.25713956,1.0235223,0.09472786,0.09472786,1.0,2.4182336e-06,2.5528221e-05,-27.918816,2.2517939,0.75059795,0.16000001,0.0,0.18421197,7.5799937,7.5999937,1222400
hardzero_plus_depr__c0p50__z1p10__lam0p020__nu0p50__psi1p00,hardzero_plus_depr,0.05,37,382,0.0,2,0.25713956,0.2571419,1.0320274,0.092890784,0.092890784,1.0,2.324381e-06,2.5022731e-05,-27.697407,2.2705054,0.75683516,0.15200001,0.0,0.19366038,7.5999937,7.6199937,1225600
hardzero_plus_depr__c0p50__z1p10__lam0p020__nu0p50__psi1p00,hardzero_plus_depr,0.05,37,383,0.0,2,0.2571419,0.25714442,0.9854234,0.10341334,0.10341334,1.0,2.5364448e-06,2.4527248e-05,-26.420105,2.1679747,0.7226583,0.08800001,0.0,0.17355037,7.6199937,7.6399937,1228800
hardzero_plus_depr__c0p50__z1p10__lam0p020__nu0p50__psi1p00,hardzero_plus_depr,0.05,37,384,0.0,2,0.25714442,0.25714698,0.9701583,0.10711289,0.10711289,1.0,2.5751624e-06,2.4041574e-05,-26.03127,2.1343908,0.71146363,0.16000001,0.0,0.17020293,7.6399937,7.6599936,1232000
hardzero_plus_depr__c0p50__z1p10__lam0p020__nu0p50__psi1p00,hardzero_plus_depr,0.05,37,385,0.0,2,0.25714698,0.25714937,0.9929693,0.101632066,0.101632066,1.0,2.3950126e-06,2.3565522e-05,-26.987173,2.184576,0.72819203,0.16000001,0.0,0.2012979,7.6599936,7.6799936,1235200
hardzero_plus_depr__c0p50__z1p10__lam0p020__nu0p50__psi1p00,hardzero_plus_depr,0.05,37,386,0.0,2,0.25714937,0.25715193,0.95580184,0.11071286,0.11071286,1.0,2.5573447e-06,2.3098894e-05,-25.749498,2.102806,0.70093536,0.216,0.0,0.17460963,7.6799936,7.6999936,1238400
hardzero_plus_depr__c0p50__z1p10__lam0p020__nu0p50__psi1p00,hardzero_plus_depr,0.05,37,387,0.0,2,0.25715193,0.25715438,0.96595937,0.10815352,0.10815352,1.0,2.4487586e-06,2.2641505e-05,-26.508017,2.125153,0.7083844,0.16000001,0.0,0.17386772,7.6999936,7.7199936,1241600
hardzero_plus_depr__c0p50__z1p10__lam0p020__nu0p50__psi1p00,hardzero_plus_depr,0.05,37,388,0.0,2,0.25715438,0.25715634,1.0506507,0.08899165,0.08899165,1.0,1.975007e-06,2.2193173e-05,-27.56034,2.3114777,0.77049255,0.128,0.0,0.18359706,7.7199936,7.7399936,1244800
hardzero_plus_depr__c0p50__z1p10__lam0p020__nu0p50__psi1p00,hardzero_plus_depr,0.05,37,389,0.0,2,0.25715634,0.25715846,1.0102609,0.097665004,0.097665004,1.0,2.1245771e-06,2.175372e-05,-27.78495,2.2226183,0.7408728,0.16800001,0.0,0.17879151,7.7399936,7.7599936,1248000
hardzero_plus_depr__c0p50__z1p10__lam0p020__nu0p50__psi1p00,hardzero_plus_depr,0.05,37,390,0.0,2,0.25715846,0.2571602,1.0904949,0.08119048,0.08119048,1.0,1.7312219e-06,2.1322967e-05,-28.117088,2.3991365,0.7997122,0.07,0.0,0.21961488,7.7599936,7.7799935,1251200
hardzero_plus_depr__c0p50__z1p10__lam0p020__nu0p50__psi1p00,hardzero_plus_depr,0.05,37,391,0.0,2,0.2571602,0.2571624,0.9756549,0.10576577,0.10576577,1.0,2.210583e-06,2.0900743e-05,-26.05829,2.1464837,0.7154946,0.2,0.0,0.16483848,7.7799935,7.7999935,1254400
hardzero_plus_depr__c0p50__z1p10__lam0p020__nu0p50__psi1p00,hardzero_plus_depr,0.05,37,392,0.0,2,0.2571624,0.25716457,0.9766968,0.10551231,0.10551231,1.0,2.161618e-06,2.0486881e-05,-26.370825,2.1487758,0.71625865,0.16800001,0.0,0.18024969,7.7999935,7.8199935,1257600
hardzero_plus_depr__c0p50__z1p10__lam0p020__nu0p50__psi1p00,hardzero_plus_depr,0.05,37,393,0.0,2,0.25716457,0.25716633,1.0542336,0.0882605,0.0882605,1.0,1.7723781e-06,2.0081216e-05,-27.761202,2.31936,0.77312005,0.136,0.0,0.18205675,7.8199935,7.8399935,1260800
hardzero_plus_depr__c0p50__z1p10__lam0p020__nu0p50__psi1p00,hardzero_plus_depr,0.05,37,394,0.0,2,0.25716633,0.25716814,1.0337492,0.09252323,0.09252323,1.0,1.8211886e-06,1.968358e-05,-27.056435,2.2742937,0.7580979,0.16800001,0.0,0.18122403,7.8399935,7.8599935,1264000
hardzero_plus_depr__c0p50__z1p10__lam0p020__nu0p50__psi1p00,hardzero_plus_depr,0.05,37,395,0.0,2,0.25716814,0.25716987,1.0462984,0.08988798,0.08988798,1.0,1.7342825e-06,1.929382e-05,-27.063498,2.3019025,0.76730084,0.136,0.0,0.18639016,7.8599935,7.8799934,1267200
hardzero_plus_depr__c0p50__z1p10__lam0p020__nu0p50__psi1p00,hardzero_plus_depr,0.05,37,396,0.0,2,0.25716987,0.25717193,0.9610212,0.10939029,0.10939029,1.0,2.0687646e-06,1.8911776e-05,-26.37565,2.1142888,0.70476294,0.224,0.0,0.16692272,7.8799934,7.8999934,1270400
hardzero_plus_depr__c0p50__z1p10__lam0p020__nu0p50__psi1p00,hardzero_plus_depr,0.05,37,397,0.0,2,0.25717193,0.25717366,1.0273126,0.09390471,0.09390471,1.0,1.7407395e-06,1.8537297e-05,-27.305056,2.260133,0.7533777,0.15200001,0.0,0.17834699,7.8999934,7.9199934,1273600
hardzero_plus_depr__c0p50__z1p10__lam0p020__nu0p50__psi1p00,hardzero_plus_depr,0.05,37,398,0.0,2,0.25717366,0.25717527,1.0530738,0.08849652,0.08849652,1.0,1.6080027e-06,1.8170236e-05,-26.85517,2.3168085,0.7722695,0.17600001,0.0,0.16961674,7.9199934,7.9399934,1276800
hardzero_plus_depr__c0p50__z1p10__lam0p020__nu0p50__psi1p00,hardzero_plus_depr,0.05,37,399,0.0,2,0.25717527,0.25717703,1.0045378,0.09896056,0.09896056,1.0,1.7625315e-06,1.7810444e-05,-26.929317,2.2100275,0.73667586,0.16000001,0.0,0.21421388,7.9399934,7.9599934,1280000
hardzero_plus_depr__c0p50__z1p10__lam0p020__nu0p50__psi1p00,hardzero_plus_depr,0.05,37,400,0.0,2,0.25717703,0.25717872,1.0110836,0.097480185,0.097480185,1.0,1.7017869e-06,1.7457773e-05,-26.825678,2.2244284,0.7414762,0.17600001,0.0,0.17728133,7.9599934,7.9799933,1283200
hardzero_plus_depr__c0p50__z1p10__lam0p020__nu0p50__psi1p00,hardzero_plus_depr,0.05,37,401,0.0,2,0.25717872,0.25718027,1.0437589,0.09041513,0.09041513,1.0,1.5471913e-06,1.7112085e-05,-27.65812,2.2963154,0.7654385,0.15200001,0.0,0.1881697,7.9799933,7.9999933,1286400
hardzero_plus_depr__c0p50__z1p10__lam0p020__nu0p50__psi1p00,hardzero_plus_depr,0.05,37,402,0.0,2,0.25718027,0.25718185,1.0271993,0.09392921,0.09392921,1.0,1.5754974e-06,1.6773243e-05,-26.92505,2.2598834,0.75329447,0.208,0.0,0.1978976,7.9999933,8.019994,1289600
hardzero_plus_depr__c0p50__z1p10__lam0p020__nu0p50__psi1p00,hardzero_plus_depr,0.05,37,403,0.0,2,0.25718185,0.2571835,1.0041164,0.099056646,0.099056646,1.0,1.6286007e-06,1.6441105e-05,-27.164598,2.2091002,0.73636675,0.16,0.0,0.2050443,8.019994,8.039994,1292800
hardzero_plus_depr__c0p50__z1p10__lam0p020__nu0p50__psi1p00,hardzero_plus_depr,0.05,37,404,0.0,2,0.2571835,0.2571852,0.9737943,0.10621985,0.10621985,1.0,1.7117903e-06,1.611554e-05,-26.32895,2.1423903,0.7141301,0.192,0.0,0.16260423,8.039994,8.059995,1296000
hardzero_plus_depr__c0p50__z1p10__lam0p020__nu0p50__psi1p00,hardzero_plus_depr,0.05,37,405,0.0,2,0.2571852,0.25718674,1.0118864,0.09730019,0.09730019,1.0,1.536995e-06,1.5796424e-05,-27.60186,2.2261944,0.74206483,0.16000001,0.0,0.177405,8.059995,8.079995,1299200
hardzero_plus_depr__c0p50__z1p10__lam0p020__nu0p50__psi1p00,hardzero_plus_depr,0.05,37,406,0.0,2,0.25718674,0.25718808,1.059974,0.08710158,0.08710158,1.0,1.3486485e-06,1.5483629e-05,-28.499596,2.3319893,0.7773298,0.136,0.0,0.1833538,8.079995,8.099996,1302400
hardzero_plus_depr__c0p50__z1p10__lam0p020__nu0p50__psi1p00,hardzero_plus_depr,0.05,37,407,0.0,2,0.25718808,0.2571895,1.0250039,0.09440524,0.09440524,1.0,1.4327906e-06,1.5177024e-05,-27.405952,2.2550535,0.75168455,0.15200001,0.0,0.18434836,8.099996,8.119996,1305600
hardzero_plus_depr__c0p50__z1p10__lam0p020__nu0p50__psi1p00,hardzero_plus_depr,0.05,37,408,0.0,2,0.2571895,0.25719094,1.0160849,0.09636406,0.09636406,1.0,1.4335592e-06,1.4876493e-05,-26.134727,2.2354314,0.74514383,0.15200001,0.0,0.18358733,8.119996,8.139997,1308800
hardzero_plus_depr__c0p50__z1p10__lam0p020__nu0p50__psi1p00,hardzero_plus_depr,0.05,37,409,0.0,2,0.25719094,0.25719222,1.0535232,0.088405,0.088405,1.0,1.2891138e-06,1.4581911e-05,-28.103962,2.3177972,0.7725991,0.120000005,0.0,0.19085158,8.139997,8.159997,1312000
hardzero_plus_depr__c0p50__z1p10__lam0p020__nu0p50__psi1p00,hardzero_plus_depr,0.05,37,410,0.0,2,0.25719222,0.25719354,1.0410861,0.09097329,0.09097329,1.0,1.3002959e-06,1.4293162e-05,-27.514032,2.290435,0.7634784,0.128,0.0,0.18410926,8.159997,8.179997,1315200
hardzero_plus_depr__c0p50__z1p10__lam0p020__nu0p50__psi1p00,hardzero_plus_depr,0.05,37,411,0.0,2,0.25719354,0.25719485,1.031472,0.09300965,0.09300965,1.0,1.3030777e-06,1.4010135e-05,-28.195747,2.2692838,0.75642794,0.16000001,0.0,0.20138176,8.179997,8.199998,1318400
hardzero_plus_depr__c0p50__z1p10__lam0p020__nu0p50__psi1p00,hardzero_plus_depr,0.05,37,412,0.0,2,0.25719485,0.25719622,1.0016662,0.09961707,0.09961707,1.0,1.3680121e-06,1.3732708e-05,-27.179367,2.2037096,0.7345699,0.128,0.0,0.1943215,8.199998,8.219998,1321600
hardzero_plus_depr__c0p50__z1p10__lam0p020__nu0p50__psi1p00,hardzero_plus_depr,0.05,37,413,0.0,2,0.25719622,0.25719765,0.9728,0.1064633,0.1064633,1.0,1.4330785e-06,1.3460775e-05,-27.0577,2.1402028,0.71340096,0.192,0.0,0.1711161,8.219998,8.239999,1324800
hardzero_plus_depr__c0p50__z1p10__lam0p020__nu0p50__psi1p00,hardzero_plus_depr,0.05,37,414,0.0,2,0.25719765,0.25719893,1.0133051,0.096982844,0.096982844,1.0,1.2796138e-06,1.3194229e-05,-27.048517,2.2293158,0.7431053,0.17600001,0.0,0.16790779,8.239999,8.259999,1328000
hardzero_plus_depr__c0p50__z1p10__lam0p020__nu0p50__psi1p00,hardzero_plus_depr,0.05,37,415,0.0,2,0.25719893,0.25720012,1.0313419,0.09303751,0.09303751,1.0,1.2032503e-06,1.2932959e-05,-28.148426,2.2689974,0.7563325,0.15200001,0.0,0.18468082,8.259999,8.28,1331200
hardzero_plus_depr__c0p50__z1p10__lam0p020__nu0p50__psi1p00,hardzero_plus_depr,0.05,37,416,0.0,2,0.25720012,0.2572012,1.0707446,0.084968,0.084968,1.0,1.0771278e-06,1.2676864e-05,-27.707102,2.3556852,0.78522843,0.11,0.0,0.19418496,8.28,8.3,1334400
hardzero_plus_depr__c0p50__z1p10__lam0p020__nu0p50__psi1p00,hardzero_plus_depr,0.05,37,417,0.0,2,0.2572012,0.25720236,1.0278412,0.09379049,0.09379049,1.0,1.1654255e-06,1.2425839e-05,-27.550264,2.2612958,0.7537653,0.128,0.0,0.20846154,8.3,8.320001,1337600
hardzero_plus_depr__c0p50__z1p10__lam0p020__nu0p50__psi1p00,hardzero_plus_depr,0.05,37,418,0.0,2,0.25720236,0.25720355,1.0065522,0.098502606,0.098502606,1.0,1.1997405e-06,1.2179785e-05,-27.178825,2.2144592,0.7381531,0.15200001,0.0,0.18711865,8.320001,8.340001,1340800
hardzero_plus_depr__c0p50__z1p10__lam0p020__nu0p50__psi1p00,hardzero_plus_depr,0.05,37,419,0.0,2,0.25720355,0.25720474,0.9977094,0.10052882,0.10052882,1.0,1.2001738e-06,1.1938604e-05,-26.525629,2.1950045,0.7316682,0.136,0.0,0.15881705,8.340001,8.360002,1344000
hardzero_plus_depr__c0p50__z1p10__lam0p020__nu0p50__psi1p00,hardzero_plus_depr,0.05,37,420,0.0,2,0.25720474,0.2572058,1.0318884,0.09292051,0.09292051,1.0,1.0873742e-06,1.1702198e-05,-27.724348,2.2701998,0.7567333,0.14400001,0.0,0.17373075,8.360002,8.380002,1347200
hardzero_plus_depr__c0p50__z1p10__lam0p020__nu0p50__psi1p00,hardzero_plus_depr,0.05,37,421,0.0,2,0.2572058,0.25720716,0.931549,0.11707144,0.11707144,1.0,1.342865e-06,1.1470474e-05,-25.821568,2.0494487,0.6831496,0.24000001,0.0,0.17298149,8.380002,8.4000025,1350400
hardzero_plus_depr__c0p50__z1p10__lam0p020__nu0p50__psi1p00,hardzero_plus_depr,0.05,37,422,0.0,2,0.25720716,0.2572082,1.0309259,0.093126684,0.093126684,1.0,1.0470548e-06,1.1243338e-05,-27.578283,2.2680821,0.7560274,0.216,0.0,0.17168541,8.4000025,8.420003,1353600
hardzero_plus_depr__c0p50__z1p10__lam0p020__nu0p50__psi1p00,hardzero_plus_depr,0.05,37,423,0.0,2,0.2572082,0.25720918,1.0483109,0.089472406,0.089472406,1.0,9.860486e-07,1.10207e-05,-28.18056,2.30633,0.76877666,0.08800001,0.0,0.21191701,8.420003,8.440003,1356800
hardzero_plus_depr__c0p50__z1p10__lam0p020__nu0p50__psi1p00,hardzero_plus_depr,0.05,37,424,0.0,2,0.25720918,0.2572102,1.0309395,0.09312377,0.09312377,1.0,1.0059669e-06,1.08024715e-05,-27.382614,2.2681122,0.7560374,0.216,0.0,0.20446426,8.440003,8.460004,1360000
hardzero_plus_depr__c0p50__z1p10__lam0p020__nu0p50__psi1p00,hardzero_plus_depr,0.05,37,425,0.0,2,0.2572102,0.2572112,1.0134429,0.09695207,0.09695207,1.0,1.0265832e-06,1.0588563e-05,-27.333162,2.2296188,0.74320626,0.16800001,0.0,0.21097952,8.460004,8.480004,1363200
hardzero_plus_depr__c0p50__z1p10__lam0p020__nu0p50__psi1p00,hardzero_plus_depr,0.05,37,426,0.0,2,0.2572112,0.25721222,1.015061,0.09659152,0.09659152,1.0,1.0025128e-06,1.0378891e-05,-27.16207,2.2331789,0.744393,0.120000005,0.0,0.19233562,8.480004,8.500005,1366400
hardzero_plus_depr__c0p50__z1p10__lam0p020__nu0p50__psi1p00,hardzero_plus_depr,0.05,37,427,0.0,2,0.25721222,0.25721332,0.96131337,0.10931674,0.10931674,1.0,1.1121197e-06,1.017337e-05,-25.508955,2.1149316,0.7049772,0.17600001,0.0,0.15113056,8.500005,8.520005,1369600
hardzero_plus_depr__c0p50__z1p10__lam0p020__nu0p50__psi1p00,hardzero_plus_depr,0.05,37,428,0.0,2,0.25721332,0.25721422,1.0478593,0.089565486,0.089565486,1.0,8.931397e-07,9.971918e-06,-27.88397,2.3053365,0.7684455,0.136,0.0,0.17575558,8.520005,8.540006,1372800
hardzero_plus_depr__c0p50__z1p10__lam0p020__nu0p50__psi1p00,hardzero_plus_depr,0.05,37,429,0.0,2,0.25721422,0.2572152,0.99474686,0.10121691,0.10121691,1.0,9.893405e-07,9.774458e-06,-26.351852,2.1884868,0.72949564,0.22999999,0.0,0.17734736,8.540006,8.560006,1376000
hardzero_plus_depr__c0p50__z1p10__lam0p020__nu0p50__psi1p00,hardzero_plus_depr,0.05,37,430,0.0,2,0.2572152,0.2572162,0.98940444,0.10246972,0.10246972,1.0,9.817527e-07,9.5809055e-06,-26.649942,2.1767333,0.7255778,0.15200001,0.0,0.1898153,8.560006,8.580007,1379200
hardzero_plus_depr__c0p50__z1p10__lam0p020__nu0p50__psi1p00,hardzero_plus_depr,0.05,37,431,0.0,2,0.2572162,0.257217,1.0744944,0.08423754,0.08423754,1.0,7.9109054e-07,9.391188e-06,-28.523346,2.3639348,0.7879783,0.112,0.0,0.19085768,8.580007,8.600007,1382400
hardzero_plus_depr__c0p50__z1p10__lam0p020__nu0p50__psi1p00,hardzero_plus_depr,0.05,37,432,0.0,2,0.257217,0.25721794,0.9871267,0.10300855,0.10300855,1.0,9.4821684e-07,9.205224e-06,-26.63977,2.1717222,0.7239074,0.216,0.0,0.19672537,8.600007,8.6200075,1385600
hardzero_plus_depr__c0p50__z1p10__lam0p020__nu0p50__psi1p00,hardzero_plus_depr,0.05,37,433,0.0,2,0.25721794,0.25721887,0.983698,0.103824995,0.103824995,1.0,9.368071e-07,9.022944e-06,-26.92249,2.1641788,0.721393,0.16000001,0.0,0.16863823,8.6200075,8.640008,1388800
hardzero_plus_depr__c0p50__z1p10__lam0p020__nu0p50__psi1p00,hardzero_plus_depr,0.05,37,434,0.0,2,0.25721887,0.25721967,1.0346507,0.09233139,0.09233139,1.0,8.1660414e-07,8.844275e-06,-27.771755,2.2762768,0.75875896,0.128,0.0,0.1925324,8.640008,8.660008,1392000
hardzero_plus_depr__c0p50__z1p10__lam0p020__nu0p50__psi1p00,hardzero_plus_depr,0.05,37,435,0.0,2,0.25721967,0.25722057,0.98747504,0.10292596,0.10292596,1.0,8.9227984e-07,8.6691425e-06,-27.360977,2.1724885,0.7241628,0.17600001,0.0,0.1718042,8.660008,8.680009,1395200
hardzero_plus_depr__c0p50__z1p10__lam0p020__nu0p50__psi1p00,hardzero_plus_depr,0.05,37,436,0.0,2,0.25722057,0.2572214,1.0008221,0.0998109,0.0998109,1.0,8.481409e-07,8.497478e-06,-27.016718,2.2018526,0.73395085,0.16000001,0.0,0.161698,8.680009,8.700009,1398400
hardzero_plus_depr__c0p50__z1p10__lam0p020__nu0p50__psi1p00,hardzero_plus_depr,0.05,37,437,0.0,2,0.2572214,0.25722232,0.9490634,0.11244406,0.11244406,1.0,9.3657053e-07,8.329213e-06,-25.994036,2.0879812,0.6959938,0.23200001,0.0,0.17624593,8.700009,8.72001,1401600
hardzero_plus_depr__c0p50__z1p10__lam0p020__nu0p50__psi1p00,hardzero_plus_depr,0.05,37,438,0.0,2,0.25722232,0.25722325,0.94848907,0.112592876,0.112592876,1.0,9.192397e-07,8.164279e-06,-25.141638,2.0867176,0.69557256,0.128,0.0,0.16009,8.72001,8.74001,1404800
hardzero_plus_depr__c0p50__z1p10__lam0p020__nu0p50__psi1p00,hardzero_plus_depr,0.05,37,439,0.0,2,0.25722325,0.25722408,0.98585206,0.10331132,0.10331132,1.0,8.267605e-07,8.002613e-06,-26.377098,2.168918,0.72297263,0.2,0.0,0.1719042,8.74001,8.760011,1408000
hardzero_plus_depr__c0p50__z1p10__lam0p020__nu0p50__psi1p00,hardzero_plus_depr,0.05,37,440,0.0,2,0.25722408,0.25722492,0.9686937,0.10747471,0.10747471,1.0,8.430473e-07,7.844146e-06,-26.125624,2.1311686,0.71038955,0.136,0.0,0.18802577,8.760011,8.780011,1411200
hardzero_plus_depr__c0p50__z1p10__lam0p020__nu0p50__psi1p00,hardzero_plus_depr,0.05,37,441,0.0,2,0.25722492,0.25722563,1.0294102,0.09345223,0.09345223,1.0,7.185373e-07,7.688819e-06,-27.187704,2.2647479,0.75491595,0.16000001,0.0,0.16520101,8.780011,8.800012,1414400
hardzero_plus_depr__c0p50__z1p10__lam0p020__nu0p50__psi1p00,hardzero_plus_depr,0.05,37,442,0.0,2,0.25722563,0.25722644,0.97259617,0.106513284,0.106513284,1.0,8.0274435e-07,7.5365656e-06,-26.291603,2.1397543,0.7132515,0.16,0.0,0.17227054,8.800012,8.820012,1417600
hardzero_plus_depr__c0p50__z1p10__lam0p020__nu0p50__psi1p00,hardzero_plus_depr,0.05,37,443,0.0,2,0.25722644,0.25722715,1.0110401,0.09748997,0.09748997,1.0,7.201904e-07,7.3873284e-06,-26.633612,2.2243326,0.74144423,0.216,0.0,0.18932311,8.820012,8.840013,1420800
hardzero_plus_depr__c0p50__z1p10__lam0p020__nu0p50__psi1p00,hardzero_plus_depr,0.05,37,444,0.0,2,0.25722715,0.25722787,1.0002974,0.099931546,0.099931546,1.0,7.2360905e-07,7.241047e-06,-26.67956,2.2006984,0.73356616,0.23200001,0.0,0.14795494,8.840013,8.860013,1424000
hardzero_plus_depr__c0p50__z1p10__lam0p020__nu0p50__psi1p00,hardzero_plus_depr,0.05,37,445,0.0,2,0.25722787,0.25722858,0.98868746,0.102639034,0.102639034,1.0,7.2849707e-07,7.097661e-06,-27.255245,2.1751559,0.725052,0.24000001,0.0,0.18400976,8.860013,8.880013,1427200
hardzero_plus_depr__c0p50__z1p10__lam0p020__nu0p50__psi1p00,hardzero_plus_depr,0.05,37,446,0.0,2,0.25722858,0.25722927,1.0028228,0.09935215,0.09935215,1.0,6.912044e-07,6.957115e-06,-26.553738,2.206254,0.735418,0.23200001,0.0,0.17616786,8.880013,8.900014,1430400
hardzero_plus_depr__c0p50__z1p10__lam0p020__nu0p50__psi1p00,hardzero_plus_depr,0.05,37,447,0.0,2,0.25722927,0.25723,0.9595185,0.109769456,0.109769456,1.0,7.485565e-07,6.8193513e-06,-25.910482,2.110983,0.70366096,0.16800001,0.0,0.16211976,8.900014,8.920014,1433600
hardzero_plus_depr__c0p50__z1p10__lam0p020__nu0p50__psi1p00,hardzero_plus_depr,0.05,37,448,0.0,2,0.25723,0.25723067,0.9999923,0.10000176,0.10000176,1.0,6.684434e-07,6.6843163e-06,-27.376797,2.200027,0.73334235,0.136,0.0,0.17495258,8.920014,8.940015,1436800
hardzero_plus_depr__c0p50__z1p10__lam0p020__nu0p50__psi1p00,hardzero_plus_depr,0.05,37,449,0.0,2,0.25723067,0.25723127,1.0451843,0.09011887,0.09011887,1.0,5.9045476e-07,6.551955e-06,-27.818037,2.2994514,0.7664838,0.17600001,0.0,0.19288366,8.940015,8.960015,1440000
hardzero_plus_depr__c0p50__z1p10__lam0p020__nu0p50__psi1p00,hardzero_plus_depr,0.05,37,450,0.0,2,0.25723127,0.25723192,0.99002165,0.10232419,0.10232419,1.0,6.571479e-07,6.4222145e-06,-26.761524,2.178091,0.72603035,0.2,0.0,0.1660163,8.960015,8.980016,1443200
hardzero_plus_depr__c0p50__z1p10__lam0p020__nu0p50__psi1p00,hardzero_plus_depr,0.05,37,451,0.0,2,0.25723192,0.25723264,0.9526896,0.11150913,0.11150913,1.0,7.019548e-07,6.295043e-06,-25.619022,2.095959,0.698653,0.208,0.0,0.19173639,8.980016,9.000016,1446400
hardzero_plus_depr__c0p50__z1p10__lam0p020__nu0p50__psi1p00,hardzero_plus_depr,0.05,37,452,0.0,2,0.25723264,0.25723332,0.96290964,0.10891566,0.10891566,1.0,6.720521e-07,6.1703904e-06,-25.766607,2.1184435,0.70614785,0.17600001,0.0,0.16846466,9.000016,9.020017,1449600
hardzero_plus_depr__c0p50__z1p10__lam0p020__nu0p50__psi1p00,hardzero_plus_depr,0.05,37,453,0.0,2,0.25723332,0.25723392,1.0113115,0.097429045,0.097429045,1.0,5.892709e-07,6.0482053e-06,-26.209232,2.2249298,0.7416433,0.17600001,0.0,0.21158464,9.020017,9.040017,1452800
hardzero_plus_depr__c0p50__z1p10__lam0p020__nu0p50__psi1p00,hardzero_plus_depr,0.05,37,454,0.0,2,0.25723392,0.2572345,1.0020474,0.09952968,0.09952968,1.0,5.9005583e-07,5.9284407e-06,-26.66982,2.2045484,0.73484945,0.14400001,0.0,0.18439846,9.040017,9.060018,1456000
hardzero_plus_depr__c0p50__z1p10__lam0p020__nu0p50__psi1p00,hardzero_plus_depr,0.05,37,455,0.0,2,0.2572345,0.2572351,0.9917304,0.10192239,0.10192239,1.0,5.922758e-07,5.811047e-06,-26.6201,2.1818504,0.7272835,0.11,0.0,0.16738284,9.060018,9.080018,1459200
hardzero_plus_depr__c0p50__z1p10__lam0p020__nu0p50__psi1p00,hardzero_plus_depr,0.05,37,456,0.0,2,0.2572351,0.25723565,1.0255163,0.094293915,0.094293915,1.0,5.37096e-07,5.6959775e-06,-28.222824,2.2561808,0.7520603,0.128,0.0,0.18025419,9.080018,9.1000185,1462400
hardzero_plus_depr__c0p50__z1p10__lam0p020__nu0p50__psi1p00,hardzero_plus_depr,0.05,37,457,0.0,2,0.25723565,0.25723615,1.0333664,0.092604816,0.092604816,1.0,5.1703006e-07,5.5831874e-06,-26.771852,2.2734516,0.7578172,0.192,0.0,0.18634458,9.1000185,9.120019,1465600
hardzero_plus_depr__c0p50__z1p10__lam0p020__nu0p50__psi1p00,hardzero_plus_depr,0.05,37,458,0.0,2,0.25723615,0.25723672,0.99332595,0.10154861,0.10154861,1.0,5.55738e-07,5.47263e-06,-26.38612,2.1853607,0.7284536,0.15200001,0.0,0.19746935,9.120019,9.140019,1468800
hardzero_plus_depr__c0p50__z1p10__lam0p020__nu0p50__psi1p00,hardzero_plus_depr,0.05,37,459,0.0,2,0.25723672,0.25723726,1.0007609,0.099824935,0.099824935,1.0,5.354872e-07,5.3642625e-06,-27.626314,2.2017179,0.733906,0.136,0.0,0.19721211,9.140019,9.16002,1472000
hardzero_plus_depr__c0p50__z1p10__lam0p020__nu0p50__psi1p00,hardzero_plus_depr,0.05,37,460,0.0,2,0.25723726,0.25723776,1.0231051,0.09481887,0.09481887,1.0,4.985614e-07,5.2580403e-06,-27.599045,2.2508762,0.75029206,0.2,0.0,0.1928333,9.16002,9.18002,1475200
hardzero_plus_depr__c0p50__z1p10__lam0p020__nu0p50__psi1p00,hardzero_plus_depr,0.05,37,461,0.0,2,0.25723776,0.25723827,1.0071268,0.09837238,0.09837238,1.0,5.0700356e-07,5.1539223e-06,-26.27886,2.2157233,0.73857445,0.16000001,0.0,0.21172512,9.18002,9.200021,1478400
hardzero_plus_depr__c0p50__z1p10__lam0p020__nu0p50__psi1p00,hardzero_plus_depr,0.05,37,462,0.0,2,0.25723827,0.25723878,0.99475044,0.10121609,0.10121609,1.0,5.1133003e-07,5.051865e-06,-27.06123,2.1884947,0.72949827,0.224,0.0,0.17699496,9.200021,9.220021,1481600
hardzero_plus_depr__c0p50__z1p10__lam0p020__nu0p50__psi1p00,hardzero_plus_depr,0.05,37,463,0.0,2,0.25723878,0.25723925,1.0185854,0.09581082,0.09581082,1.0,4.7443882e-07,4.951829e-06,-27.854727,2.2409327,0.74697757,0.16800001,0.0,0.18935631,9.220021,9.240022,1484800
hardzero_plus_depr__c0p50__z1p10__lam0p020__nu0p50__psi1p00,hardzero_plus_depr,0.05,37,464,0.0,2,0.25723925,0.2572397,1.0271758,0.0939343,0.0939343,1.0,4.559359e-07,4.8537745e-06,-27.839777,2.259832,0.7532773,0.096,0.0,0.1612897,9.240022,9.260022,1488000
hardzero_plus_depr__c0p50__z1p10__lam0p020__nu0p50__psi1p00,hardzero_plus_depr,0.05,37,465,0.0,2,0.2572397,0.25724024,0.95616424,0.11062052,0.11062052,1.0,5.262949e-07,4.757661e-06,-25.536879,2.1036034,0.70120114,0.15200001,0.0,0.13564418,9.260022,9.280023,1491200
hardzero_plus_depr__c0p50__z1p10__lam0p020__nu0p50__psi1p00,hardzero_plus_depr,0.05,37,466,0.0,2,0.25724024,0.25724065,1.0485283,0.08942762,0.08942762,1.0,4.1704132e-07,4.663451e-06,-27.119877,2.3068082,0.7689361,0.16800001,0.0,0.18792404,9.280023,9.300023,1494400
hardzero_plus_depr__c0p50__z1p10__lam0p020__nu0p50__psi1p00,hardzero_plus_depr,0.05,37,467,0.0,2,0.25724065,0.25724107,1.0245279,0.09450877,0.09450877,1.0,4.320096e-07,4.5711063e-06,-26.612648,2.2540064,0.7513355,0.128,0.0,0.1807082,9.300023,9.320024,1497600
hardzero_plus_depr__c0p50__z1p10__lam0p020__nu0p50__psi1p00,hardzero_plus_depr,0.05,37,468,0.0,2,0.25724107,0.2572415,1.0330256,0.09267751,0.09267751,1.0,4.1524996e-07,4.48059e-06,-27.633617,2.2727017,0.7575673,0.099999994,0.0,0.15452401,9.320024,9.340024,1500800
hardzero_plus_depr__c0p50__z1p10__lam0p020__nu0p50__psi1p00,hardzero_plus_depr,0.05,37,469,0.0,2,0.2572415,0.25724196,0.9640517,0.108629614,0.108629614,1.0,4.7708676e-07,4.3918667e-06,-25.537033,2.1209562,0.7069854,0.112,0.0,0.16462398,9.340024,9.360024,1504000
hardzero_plus_depr__c0p50__z1p10__lam0p020__nu0p50__psi1p00,hardzero_plus_depr,0.05,37,470,0.0,2,0.25724196,0.25724235,1.0402652,0.0911454,0.0911454,1.0,3.9237185e-07,4.3049e-06,-27.352577,2.288629,0.7628764,0.136,0.0,0.193916,9.360024,9.380025,1507200
hardzero_plus_depr__c0p50__z1p10__lam0p020__nu0p50__psi1p00,hardzero_plus_depr,0.05,37,471,0.0,2,0.25724235,0.25724274,1.0293095,0.09347392,0.09347392,1.0,3.944277e-07,4.2196552e-06,-27.456455,2.2645261,0.75484204,0.15200001,0.0,0.19240068,9.380025,9.400025,1510400
hardzero_plus_depr__c0p50__z1p10__lam0p020__nu0p50__psi1p00,hardzero_plus_depr,0.05,37,472,0.0,2,0.25724274,0.25724316,0.98842347,0.10270143,0.10270143,1.0,4.2478325e-07,4.1360986e-06,-27.645771,2.174575,0.7248584,0.16800001,0.0,0.18059696,9.400025,9.420026,1513600
hardzero_plus_depr__c0p50__z1p10__lam0p020__nu0p50__psi1p00,hardzero_plus_depr,0.05,37,473,0.0,2,0.25724316,0.25724354,1.0310503,0.0931,0.0931,1.0,3.7744562e-07,4.054196e-06,-27.316944,2.268356,0.7561187,0.16000001,0.0,0.23579209,9.420026,9.440026,1516800
hardzero_plus_depr__c0p50__z1p10__lam0p020__nu0p50__psi1p00,hardzero_plus_depr,0.05,37,474,0.0,2,0.25724354,0.2572439,1.052685,0.08857578,0.08857578,1.0,3.5199272e-07,3.973916e-06,-28.453337,2.3159533,0.77198446,0.136,0.0,0.19046167,9.440026,9.460027,1520000
hardzero_plus_depr__c0p50__z1p10__lam0p020__nu0p50__psi1p00,hardzero_plus_depr,0.05,37,475,0.0,2,0.2572439,0.2572443,1.0079262,0.09819148,0.09819148,1.0,3.8247794e-07,3.8952253e-06,-26.24809,2.2174819,0.73916066,0.15200001,0.0,0.18299735,9.460027,9.480027,1523200
hardzero_plus_depr__c0p50__z1p10__lam0p020__nu0p50__psi1p00,hardzero_plus_depr,0.05,37,476,0.0,2,0.2572443,0.25724462,1.0511932,0.088880554,0.088880554,1.0,3.3935424e-07,3.8180933e-06,-27.916468,2.3126714,0.7708905,0.16800001,0.0,0.19868289,9.480027,9.500028,1526400
hardzero_plus_depr__c0p50__z1p10__lam0p020__nu0p50__psi1p00,hardzero_plus_depr,0.05,37,477,0.0,2,0.25724462,0.25724497,1.0251724,0.09436863,0.09436863,1.0,3.5317348e-07,3.7424882e-06,-27.778189,2.2554243,0.7518081,0.17600001,0.0,0.19355054,9.500028,9.520028,1529600
hardzero_plus_depr__c0p50__z1p10__lam0p020__nu0p50__psi1p00,hardzero_plus_depr,0.05,37,478,0.0,2,0.25724497,0.25724533,1.0213978,0.095192365,0.095192365,1.0,3.4920177e-07,3.66838e-06,-27.051088,2.2471201,0.74904007,0.23200001,0.0,0.19633596,9.520028,9.540029,1532800
hardzero_plus_depr__c0p50__z1p10__lam0p020__nu0p50__psi1p00,hardzero_plus_depr,0.05,37,479,0.0,2,0.25724533,0.25724566,1.0340841,0.092451915,0.092451915,1.0,3.3243305e-07,3.5957398e-06,-27.521173,2.2750304,0.75834346,0.120000005,0.0,0.18132754,9.540029,9.560029,1536000
hardzero_plus_depr__c0p50__z1p10__lam0p020__nu0p50__psi1p00,hardzero_plus_depr,0.05,37,480,0.0,2,0.25724566,0.25724602,0.9955893,0.10102077,0.10102077,1.0,3.560515e-07,3.5245375e-06,-27.27964,2.1903403,0.73011345,0.15200001,0.0,0.17096472,9.560029,9.5800295,1539200
hardzero_plus_depr__c0p50__z1p10__lam0p020__nu0p50__psi1p00,hardzero_plus_depr,0.05,37,481,0.0,2,0.25724602,0.25724638,0.97252727,0.106530204,0.106530204,1.0,3.6803473e-07,3.4547454e-06,-27.015087,2.1396027,0.7132009,0.17,0.0,0.17390785,9.5800295,9.60003,1542400
hardzero_plus_depr__c0p50__z1p10__lam0p020__nu0p50__psi1p00,hardzero_plus_depr,0.05,37,482,0.0,2,0.25724638,0.2572467,1.0156384,0.096463196,0.096463196,1.0,3.2665673e-07,3.3863355e-06,-26.684772,2.234449,0.7448163,0.128,0.0,0.19775458,9.60003,9.62003,1545600
hardzero_plus_depr__c0p50__z1p10__lam0p020__nu0p50__psi1p00,hardzero_plus_depr,0.05,37,483,0.0,2,0.2572467,0.25724706,0.97485894,0.10595979,0.10595979,1.0,3.5171018e-07,3.3192798e-06,-26.797297,2.1447325,0.71491086,0.16800001,0.0,0.1892216,9.62003,9.640031,1548800
hardzero_plus_depr__c0p50__z1p10__lam0p020__nu0p50__psi1p00,hardzero_plus_depr,0.05,37,484,0.0,2,0.25724706,0.2572474,0.99801683,0.10045769,0.10045769,1.0,3.2684437e-07,3.2535524e-06,-26.778847,2.1956809,0.73189366,0.16000001,0.0,0.16893035,9.640031,9.660031,1552000
hardzero_plus_depr__c0p50__z1p10__lam0p020__nu0p50__psi1p00,hardzero_plus_depr,0.05,37,485,0.0,2,0.2572474,0.25724772,0.9753493,0.1058402,0.1058402,1.0,3.3753778e-07,3.1891266e-06,-27.050476,2.1458113,0.71527046,0.192,0.0,0.18618287,9.660031,9.680032,1555200
hardzero_plus_depr__c0p50__z1p10__lam0p020__nu0p50__psi1p00,hardzero_plus_depr,0.05,37,486,0.0,2,0.25724772,0.25724804,0.99786025,0.1004939,0.1004939,1.0,3.141415e-07,3.1259758e-06,-27.186197,2.1953363,0.7317788,0.16000001,0.0,0.17918941,9.680032,9.700032,1558400
hardzero_plus_depr__c0p50__z1p10__lam0p020__nu0p50__psi1p00,hardzero_plus_depr,0.05,37,487,0.0,2,0.25724804,0.25724834,1.029365,0.093462,0.093462,1.0,2.8637467e-07,3.064076e-06,-27.812687,2.2646482,0.75488275,0.104,0.0,0.19817194,9.700032,9.720033,1561600
hardzero_plus_depr__c0p50__z1p10__lam0p020__nu0p50__psi1p00,hardzero_plus_depr,0.05,37,488,0.0,2,0.25724834,0.25724864,1.0025932,0.09940468,0.09940468,1.0,2.9855218e-07,3.0034018e-06,-27.70265,2.205749,0.7352497,0.16000001,0.0,0.17991824,9.720033,9.740033,1564800
hardzero_plus_depr__c0p50__z1p10__lam0p020__nu0p50__psi1p00,hardzero_plus_depr,0.05,37,489,0.0,2,0.25724864,0.2572489,1.0249327,0.09442071,0.09442071,1.0,2.779679e-07,2.9439293e-06,-27.667418,2.254897,0.7516324,0.128,0.0,0.18939601,9.740033,9.760034,1568000
hardzero_plus_depr__c0p50__z1p10__lam0p020__nu0p50__psi1p00,hardzero_plus_depr,0.05,37,490,0.0,2,0.2572489,0.2572492,1.0045202,0.09896458,0.09896458,1.0,2.8557557e-07,2.885634e-06,-26.694662,2.2099886,0.73666286,0.16000001,0.0,0.165705,9.760034,9.780034,1571200
hardzero_plus_depr__c0p50__z1p10__lam0p020__nu0p50__psi1p00,hardzero_plus_depr,0.05,37,491,0.0,2,0.2572492,0.25724947,1.0171472,0.09612864,0.09612864,1.0,2.7189927e-07,2.8284937e-06,-27.899982,2.2377684,0.7459228,0.136,0.0,0.20436761,9.780034,9.8000345,1574400
hardzero_plus_depr__c0p50__z1p10__lam0p020__nu0p50__psi1p00,hardzero_plus_depr,0.05,37,492,0.0,2,0.25724947,0.25724974,1.0143937,0.09674004,0.09674004,1.0,2.6821024e-07,2.7724843e-06,-27.14991,2.2317107,0.7439036,0.136,0.0,0.20885995,9.8000345,9.820035,1577600
hardzero_plus_depr__c0p50__z1p10__lam0p020__nu0p50__psi1p00,hardzero_plus_depr,0.05,37,493,0.0,2,0.25724974,0.25725,0.9963049,0.10085445,0.10085445,1.0,2.7408046e-07,2.7175843e-06,-27.23961,2.1919146,0.7306382,0.14400001,0.0,0.18093061,9.820035,9.840035,1580800
hardzero_plus_depr__c0p50__z1p10__lam0p020__nu0p50__psi1p00,hardzero_plus_depr,0.05,37,494,0.0,2,0.25725,0.25725028,1.0017151,0.09960586,0.09960586,1.0,2.6532726e-07,2.6637715e-06,-27.110308,2.2038171,0.7346057,0.14,0.0,0.14813215,9.840035,9.860036,1584000
hardzero_plus_depr__c0p50__z1p10__lam0p020__nu0p50__psi1p00,hardzero_plus_depr,0.05,37,495,0.0,2,0.25725028,0.25725052,1.0479585,0.089545034,0.089545034,1.0,2.3380422e-07,2.6110238e-06,-27.964111,2.3055546,0.7685182,0.14400001,0.0,0.20756266,9.860036,9.880036,1587200
hardzero_plus_depr__c0p50__z1p10__lam0p020__nu0p50__psi1p00,hardzero_plus_depr,0.05,37,496,0.0,2,0.25725052,0.2572508,0.9880658,0.10278607,0.10278607,1.0,2.6306256e-07,2.559321e-06,-27.116377,2.173788,0.724596,0.14400001,0.0,0.16230752,9.880036,9.900037,1590400
hardzero_plus_depr__c0p50__z1p10__lam0p020__nu0p50__psi1p00,hardzero_plus_depr,0.05,37,497,0.0,2,0.2572508,0.25725105,0.99429953,0.10132124,0.10132124,1.0,2.541787e-07,2.5086417e-06,-27.374908,2.1875026,0.7291676,0.15200001,0.0,0.17585795,9.900037,9.920037,1593600
hardzero_plus_depr__c0p50__z1p10__lam0p020__nu0p50__psi1p00,hardzero_plus_depr,0.05,37,498,0.0,2,0.25725105,0.25725132,0.9750293,0.105918236,0.105918236,1.0,2.6044935e-07,2.458966e-06,-26.245544,2.1451073,0.7150358,0.23200001,0.0,0.17609966,9.920037,9.940038,1596800
hardzero_plus_depr__c0p50__z1p10__lam0p020__nu0p50__psi1p00,hardzero_plus_depr,0.05,37,499,0.0,2,0.25725132,0.25725156,1.026944,0.093984425,0.093984425,1.0,2.2652826e-07,2.4102744e-06,-27.84786,2.259322,0.7531073,0.17600001,0.008,0.1965274,9.940038,9.960038,1600000
hardzero_plus_depr__c0p50__z1p10__lam0p020__nu0p50__psi1p00,hardzero_plus_depr,0.05,37,500,0.0,2,0.25725156,0.2572518,0.9792518,0.10489341,0.10489341,1.0,2.4781556e-07,2.3625466e-06,-27.308138,2.154397,0.7181324,0.2,0.0,0.19882277,9.960038,9.980039,1603200
hardzero_plus_depr__c0p50__z1p10__lam0p020__nu0p50__psi1p00,hardzero_plus_depr,0.05,37,501,0.0,2,0.2572518,0.257252,1.0195383,0.09560083,0.09560083,1.0,2.2138899e-07,2.3157643e-06,-27.333725,2.243029,0.7476764,0.136,0.0,0.17734161,9.980039,10.000039,1606400
hardzero_plus_depr__c0p50__z1p10__lam0p020__nu0p50__psi1p00,hardzero_plus_depr,0.05,37,502,0.0,2,0.257252,0.25725225,0.9750314,0.10591772,0.10591772,1.0,2.4042347e-07,2.2699078e-06,-25.953447,2.1451118,0.7150373,0.192,0.0,0.17643349,10.000039,10.02004,1609600
hardzero_plus_depr__c0p50__z1p10__lam0p020__nu0p50__psi1p00,hardzero_plus_depr,0.05,37,503,0.0,2,0.25725225,0.25725242,1.0765846,0.083833076,0.083833076,1.0,1.865252e-07,2.2249594e-06,-28.391514,2.3685334,0.78951114,0.14400001,0.0,0.19225556,10.02004,10.04004,1612800
hardzero_plus_depr__c0p50__z1p10__lam0p020__nu0p50__psi1p00,hardzero_plus_depr,0.05,37,504,0.0,2,0.25725242,0.2572526,1.0570067,0.08769873,0.08769873,1.0,1.912623e-07,2.1809017e-06,-28.0561,2.3254611,0.77515376,0.104,0.0,0.17953612,10.04004,10.06004,1616000
hardzero_plus_depr__c0p50__z1p10__lam0p020__nu0p50__psi1p00,hardzero_plus_depr,0.05,37,505,0.0,2,0.2572526,0.25725284,0.97525287,0.105863705,0.105863705,1.0,2.263065e-07,2.1377157e-06,-26.921158,2.1455991,0.7151997,0.18400002,0.0,0.17253263,10.06004,10.080041,1619200
hardzero_plus_depr__c0p50__z1p10__lam0p020__nu0p50__psi1p00,hardzero_plus_depr,0.05,37,506,0.0,2,0.25725284,0.25725305,1.0073773,0.098315656,0.098315656,1.0,2.0600916e-07,2.095385e-06,-27.548328,2.2162743,0.7387581,0.08800001,0.0,0.18526635,10.080041,10.100041,1622400
hardzero_plus_depr__c0p50__z1p10__lam0p020__nu0p50__psi1p00,hardzero_plus_depr,0.05,37,507,0.0,2,0.25725305,0.25725323,1.0353907,0.092174165,0.092174165,1.0,1.8931586e-07,2.0538928e-06,-27.70499,2.2779052,0.7593018,0.089999996,0.0,0.17147686,10.100041,10.120042,1625600
hardzero_plus_depr__c0p50__z1p10__lam0p020__nu0p50__psi1p00,hardzero_plus_depr,0.05,37,508,0.0,2,0.25725323,0.2572534,1.0194618,0.095617674,0.095617674,1.0,1.9249961e-07,2.013222e-06,-27.253109,2.2428606,0.7476202,0.128,0.0,0.18013595,10.120042,10.140042,1628800
hardzero_plus_depr__c0p50__z1p10__lam0p020__nu0p50__psi1p00,hardzero_plus_depr,0.05,37,509,0.0,2,0.2572534,0.25725362,0.99159545,0.101954065,0.101954065,1.0,2.0119175e-07,1.9733568e-06,-27.049,2.1815536,0.72718453,0.14400001,0.0,0.16611513,10.140042,10.160043,1632000
hardzero_plus_depr__c0p50__z1p10__lam0p020__nu0p50__psi1p00,hardzero_plus_depr,0.05,37,510,0.0,2,0.25725362,0.2572538,1.0024474,0.09943806,0.09943806,1.0,1.9234112e-07,1.9342808e-06,-27.170649,2.2054284,0.7351428,0.208,0.0,0.18289928,10.160043,10.180043,1635200
hardzero_plus_depr__c0p50__z1p10__lam0p020__nu0p50__psi1p00,hardzero_plus_depr,0.05,37,511,0.0,2,0.2572538,0.25725394,1.0887767,0.08151232,0.08151232,1.0,1.545456e-07,1.8959785e-06,-28.810308,2.3953567,0.79845226,0.112,0.0,0.18708642,10.180043,10.200044,1638400
hardzero_plus_depr__c0p50__z1p10__lam0p020__nu0p50__psi1p00,hardzero_plus_depr,0.05,37,512,0.0,2,0.25725394,0.25725412,1.0131111,0.09702616,0.09702616,1.0,1.8031679e-07,1.8584348e-06,-27.034588,2.228889,0.742963,0.16000001,0.0,0.17527553,10.200044,10.220044,1641600
hardzero_plus_depr__c0p50__z1p10__lam0p020__nu0p50__psi1p00,hardzero_plus_depr,0.05,37,513,0.0,2,0.25725412,0.2572543,0.9874896,0.10292251,0.10292251,1.0,1.8748719e-07,1.8216344e-06,-26.5101,2.1725204,0.7241735,0.16800001,0.0,0.1638257,10.220044,10.240045,1644800
hardzero_plus_depr__c0p50__z1p10__lam0p020__nu0p50__psi1p00,hardzero_plus_depr,0.05,37,514,0.0,2,0.2572543,0.25725448,1.0291255,0.09351355,0.09351355,1.0,1.6697433e-07,1.785563e-06,-27.322226,2.2641213,0.7547071,0.18400002,0.0,0.18774562,10.240045,10.260045,1648000
hardzero_plus_depr__c0p50__z1p10__lam0p020__nu0p50__psi1p00,hardzero_plus_depr,0.05,37,515,0.0,2,0.25725448,0.25725463,1.044206,0.09032209,0.09032209,1.0,1.5808223e-07,1.7502056e-06,-27.789412,2.2972991,0.7657664,0.136,0.0,0.16811983,10.260045,10.2800455,1651200
hardzero_plus_depr__c0p50__z1p10__lam0p020__nu0p50__psi1p00,hardzero_plus_depr,0.05,37,516,0.0,2,0.25725463,0.25725478,1.0349796,0.09226148,0.09226148,1.0,1.5827902e-07,1.7155484e-06,-27.46868,2.2770007,0.75900024,0.136,0.0,0.18694992,10.2800455,10.300046,1654400
hardzero_plus_depr__c0p50__z1p10__lam0p020__nu0p50__psi1p00,hardzero_plus_depr,0.05,37,517,0.0,2,0.25725478,0.25725496,1.0076678,0.098249935,0.098249935,1.0,1.6521487e-07,1.6815775e-06,-27.308025,2.2169135,0.7389712,0.15200001,0.0,0.18509822,10.300046,10.320046,1657600
hardzero_plus_depr__c0p50__z1p10__lam0p020__nu0p50__psi1p00,hardzero_plus_depr,0.05,37,518,0.0,2,0.25725496,0.25725514,0.9972405,0.10063743,0.10063743,1.0,1.6587859e-07,1.6482793e-06,-26.983252,2.1939728,0.7313243,0.216,0.0,0.18080415,10.320046,10.340047,1660800
hardzero_plus_depr__c0p50__z1p10__lam0p020__nu0p50__psi1p00,hardzero_plus_depr,0.05,37,519,0.0,2,0.25725514,0.25725532,0.9829146,0.10401245,0.10401245,1.0,1.6804671e-07,1.6156404e-06,-26.203762,2.1624553,0.72081846,0.192,0.0,0.1613428,10.340047,10.360047,1664000
hardzero_plus_depr__c0p50__z1p10__lam0p020__nu0p50__psi1p00,hardzero_plus_depr,0.05,37,520,0.0,2,0.25725532,0.25725546,0.99645394,0.100819856,0.100819856,1.0,1.5966314e-07,1.5836479e-06,-26.43269,2.1922424,0.73074746,0.14999999,0.0,0.15947866,10.360047,10.380048,1667200
hardzero_plus_depr__c0p50__z1p10__lam0p020__nu0p50__psi1p00,hardzero_plus_depr,0.05,37,521,0.0,2,0.25725546,0.2572556,0.98820347,0.102753475,0.102753475,1.0,1.5950307e-07,1.5522888e-06,-26.294834,2.174091,0.72469705,0.192,0.0,0.19654587,10.380048,10.400048,1670400
hardzero_plus_depr__c0p50__z1p10__lam0p020__nu0p50__psi1p00,hardzero_plus_depr,0.05,37,522,0.0,2,0.2572556,0.25725576,1.0329736,0.0926886,0.0926886,1.0,1.4103041e-07,1.5215508e-06,-27.954863,2.2725873,0.75752914,0.104,0.0,0.17224711,10.400048,10.420049,1673600
hardzero_plus_depr__c0p50__z1p10__lam0p020__nu0p50__psi1p00,hardzero_plus_depr,0.05,37,523,0.0,2,0.25725576,0.2572559,0.9735129,0.10628871,0.10628871,1.0,1.5852123e-07,1.4914212e-06,-26.152653,2.141771,0.7139237,0.17600001,0.0,0.17267738,10.420049,10.440049,1676800
hardzero_plus_depr__c0p50__z1p10__lam0p020__nu0p50__psi1p00,hardzero_plus_depr,0.05,37,524,0.0,2,0.2572559,0.25725606,0.9929434,0.101638116,0.101638116,1.0,1.485836e-07,1.4618886e-06,-26.850725,2.184519,0.728173,0.16000001,0.0,0.17552945,10.440049,10.46005,1680000
hardzero_plus_depr__c0p50__z1p10__lam0p020__nu0p50__psi1p00,hardzero_plus_depr,0.05,37,525,0.0,2,0.25725606,0.2572562,0.99882925,0.10026994,0.10026994,1.0,1.4368088e-07,1.4329406e-06,-27.044004,2.1974683,0.73248947,0.216,0.0,0.16843617,10.46005,10.48005,1683200
hardzero_plus_depr__c0p50__z1p10__lam0p020__nu0p50__psi1p00,hardzero_plus_depr,0.05,37,526,0.0,2,0.2572562,0.25725636,0.9944201,0.101293094,0.101293094,1.0,1.4227281e-07,1.4045658e-06,-26.614258,2.187768,0.72925603,0.2,0.0,0.17717914,10.48005,10.500051,1686400
hardzero_plus_depr__c0p50__z1p10__lam0p020__nu0p50__psi1p00,hardzero_plus_depr,0.05,37,527,0.0,2,0.25725636,0.25725648,1.0971326,0.07995902,0.07995902,1.0,1.1008382e-07,1.376753e-06,-29.437853,2.41374,0.80458,0.14400001,0.0,0.20132902,10.500051,10.520051,1689600
hardzero_plus_depr__c0p50__z1p10__lam0p020__nu0p50__psi1p00,hardzero_plus_depr,0.05,37,528,0.0,2,0.25725648,0.2572566,1.0214076,0.095190234,0.095190234,1.0,1.2845834e-07,1.3494907e-06,-27.542442,2.2471416,0.7490472,0.128,0.008,0.21858709,10.520051,10.540051,1692800
hardzero_plus_depr__c0p50__z1p10__lam0p020__nu0p50__psi1p00,hardzero_plus_depr,0.05,37,529,0.0,2,0.2572566,0.25725672,1.0038546,0.09911636,0.09911636,1.0,1.3110801e-07,1.3227685e-06,-27.286648,2.2085242,0.73617476,0.192,0.0,0.16903567,10.540051,10.560052,1696000
hardzero_plus_depr__c0p50__z1p10__lam0p020__nu0p50__psi1p00,hardzero_plus_depr,0.05,37,530,0.0,2,0.25725672,0.25725684,1.0252998,0.094340935,0.094340935,1.0,1.2232013e-07,1.2965753e-06,-27.44456,2.2557046,0.75190157,0.192,0.0,0.17382678,10.560052,10.580052,1699200
hardzero_plus_depr__c0p50__z1p10__lam0p020__nu0p50__psi1p00,hardzero_plus_depr,0.05,37,531,0.0,2,0.25725684,0.25725695,1.0466496,0.08981531,0.08981531,1.0,1.1414635e-07,1.2709008e-06,-27.013266,2.302675,0.76755834,0.14400001,0.0,0.18297356,10.580052,10.600053,1702400
hardzero_plus_depr__c0p50__z1p10__lam0p020__nu0p50__psi1p00,hardzero_plus_depr,0.05,37,532,0.0,2,0.25725695,0.25725707,1.0305649,0.09320411,0.09320411,1.0,1.161076e-07,1.2457348e-06,-26.632126,2.267288,0.7557627,0.17600001,0.0,0.16461243,10.600053,10.620053,1705600
hardzero_plus_depr__c0p50__z1p10__lam0p020__nu0p50__psi1p00,hardzero_plus_depr,0.05,37,533,0.0,2,0.25725707,0.25725716,1.0917276,0.08096034,0.08096034,1.0,9.8858e-08,1.221067e-06,-28.901394,2.4018488,0.80061626,0.099999994,0.0,0.17078346,10.620053,10.640054,1708800
hardzero_plus_depr__c0p50__z1p10__lam0p020__nu0p50__psi1p00,hardzero_plus_depr,0.05,37,534,0.0,2,0.25725716,0.25725728,0.9790769,0.10493565,0.10493565,1.0,1.2559619e-07,1.1968876e-06,-26.64156,2.1540122,0.7180041,0.16800001,0.0,0.1548097,10.640054,10.660054,1712000
hardzero_plus_depr__c0p50__z1p10__lam0p020__nu0p50__psi1p00,hardzero_plus_depr,0.05,37,535,0.0,2,0.25725728,0.2572574,0.9902257,0.10227614,0.10227614,1.0,1.1998905e-07,1.1731871e-06,-26.939363,2.17854,0.72618,0.264,0.0,0.17180866,10.660054,10.680055,1715200
hardzero_plus_depr__c0p50__z1p10__lam0p020__nu0p50__psi1p00,hardzero_plus_depr,0.05,37,536,0.0,2,0.2572574,0.25725752,0.9657615,0.10820281,0.10820281,1.0,1.2442847e-07,1.149956e-06,-25.80084,2.1247177,0.70823926,0.18400002,0.0,0.18638797,10.680055,10.700055,1718400
hardzero_plus_depr__c0p50__z1p10__lam0p020__nu0p50__psi1p00,hardzero_plus_depr,0.05,37,537,0.0,2,0.25725752,0.2572576,1.0688881,0.085332006,0.085332006,1.0,9.618495e-08,1.1271849e-06,-28.083466,2.3516006,0.7838669,0.072000004,0.0,0.18144904,10.700055,10.720056,1721600
hardzero_plus_depr__c0p50__z1p10__lam0p020__nu0p50__psi1p00,hardzero_plus_depr,0.05,37,538,0.0,2,0.2572576,0.25725773,0.9691719,0.107356444,0.107356444,1.0,1.18614324e-07,1.1048645e-06,-25.76172,2.1322207,0.71074027,0.2,0.008,0.16073267,10.720056,10.740056,1724800
hardzero_plus_depr__c0p50__z1p10__lam0p020__nu0p50__psi1p00,hardzero_plus_depr,0.05,37,539,0.0,2,0.25725773,0.25725782,1.0310211,0.093106255,0.093106255,1.0,1.0083279e-07,1.0829863e-06,-27.384306,2.2682917,0.75609726,0.15200001,0.0,0.1817113,10.740056,10.7600565,1728000
hardzero_plus_depr__c0p50__z1p10__lam0p020__nu0p50__psi1p00,hardzero_plus_depr,0.05,37,540,0.0,2,0.25725782,0.25725794,0.96015745,0.10960807,0.10960807,1.0,1.16353476e-07,1.0615412e-06,-25.985598,2.1123886,0.7041296,0.17600001,0.0,0.1628617,10.7600565,10.780057,1731200
hardzero_plus_depr__c0p50__z1p10__lam0p020__nu0p50__psi1p00,hardzero_plus_depr,0.05,37,541,0.0,2,0.25725794,0.25725803,1.0696192,0.08518847,0.08518847,1.0,8.864038e-08,1.0405208e-06,-28.612741,2.3532093,0.7844031,0.16800001,0.008,0.20592849,10.780057,10.800057,1734400
hardzero_plus_depr__c0p50__z1p10__lam0p020__nu0p50__psi1p00,hardzero_plus_depr,0.05,37,542,0.0,2,0.25725803,0.25725812,1.0395135,0.091303304,0.091303304,1.0,9.312176e-08,1.0199167e-06,-27.54851,2.2869754,0.76232517,0.18400002,0.0,0.20040676,10.800057,10.820058,1737600
hardzero_plus_depr__c0p50__z1p10__lam0p020__nu0p50__psi1p00,hardzero_plus_depr,0.05,37,543,0.0,2,0.25725812,0.2572582,1.0399599,0.09120951,0.09120951,1.0,9.118401e-08,9.997204e-07,-27.549864,2.2879574,0.7626525,0.16000001,0.0,0.20403296,10.820058,10.840058,1740800
hardzero_plus_depr__c0p50__z1p10__lam0p020__nu0p50__psi1p00,hardzero_plus_depr,0.05,37,544,0.0,2,0.2572582,0.2572583,0.997829,0.10050114,0.10050114,1.0,9.84835e-08,9.799242e-07,-27.546673,2.1952677,0.7317559,0.2,0.0,0.20075257,10.840058,10.860059,1744000
hardzero_plus_depr__c0p50__z1p10__lam0p020__nu0p50__psi1p00,hardzero_plus_depr,0.05,37,545,0.0,2,0.2572583,0.2572584,1.0299324,0.093339965,0.093339965,1.0,8.96549e-08,9.6052e-07,-27.522251,2.2658966,0.75529885,0.120000005,0.0,0.18996194,10.860059,10.880059,1747200
hardzero_plus_depr__c0p50__z1p10__lam0p020__nu0p50__psi1p00,hardzero_plus_depr,0.05,37,546,0.0,2,0.2572584,0.25725847,1.0043576,0.09900165,0.09900165,1.0,9.321005e-08,9.4149993e-07,-26.623955,2.2096307,0.7365436,0.12,0.0,0.16803676,10.880059,10.90006,1750400
hardzero_plus_depr__c0p50__z1p10__lam0p020__nu0p50__psi1p00,hardzero_plus_depr,0.05,37,547,0.0,2,0.25725847,0.25725856,1.0564395,0.08781334,0.08781334,1.0,8.1039126e-08,9.2285666e-07,-27.9298,2.3242133,0.7747378,0.128,0.0,0.18428974,10.90006,10.92006,1753600
hardzero_plus_depr__c0p50__z1p10__lam0p020__nu0p50__psi1p00,hardzero_plus_depr,0.05,37,548,0.0,2,0.25725856,0.25725865,1.0041742,0.099043444,0.099043444,1.0,8.9592966e-08,9.0458246e-07,-26.72347,2.2092273,0.7364091,0.15200001,0.0,0.16939893,10.92006,10.940061,1756800
hardzero_plus_depr__c0p50__z1p10__lam0p020__nu0p50__psi1p00,hardzero_plus_depr,0.05,37,549,0.0,2,0.25725865,0.25725874,1.0072353,0.0983478,0.0983478,1.0,8.720205e-08,8.8667e-07,-27.14597,2.215962,0.738654,0.14400001,0.0,0.17424163,10.940061,10.960061,1760000
hardzero_plus_depr__c0p50__z1p10__lam0p020__nu0p50__psi1p00,hardzero_plus_depr,0.05,37,550,0.0,2,0.25725874,0.25725883,1.0254027,0.0943186,0.0943186,1.0,8.197346e-08,8.691124e-07,-28.16281,2.255931,0.75197697,0.18400002,0.0,0.21579248,10.960061,10.980062,1763200
hardzero_plus_depr__c0p50__z1p10__lam0p020__nu0p50__psi1p00,hardzero_plus_depr,0.05,37,551,0.0,2,0.25725883,0.25725892,0.97320455,0.1063642,0.1063642,1.0,9.061192e-08,8.519024e-07,-26.539568,2.1410928,0.7136976,0.17600001,0.0,0.18735327,10.980062,11.000062,1766400
hardzero_plus_depr__c0p50__z1p10__lam0p020__nu0p50__psi1p00,hardzero_plus_depr,0.05,37,552,0.0,2,0.25725892,0.257259,1.0256004,0.09427566,0.09427566,1.0,7.872332e-08,8.350333e-07,-28.220303,2.256366,0.75212204,0.23200001,0.0,0.16903844,11.000062,11.020062,1769600
hardzero_plus_depr__c0p50__z1p10__lam0p020__nu0p50__psi1p00,hardzero_plus_depr,0.05,37,553,0.0,2,0.257259,0.2572591,1.0366808,0.09190077,0.09190077,1.0,7.522061e-08,8.184981e-07,-27.297796,2.2807434,0.7602478,0.112,0.0,0.1677613,11.020062,11.040063,1772800
hardzero_plus_depr__c0p50__z1p10__lam0p020__nu0p50__psi1p00,hardzero_plus_depr,0.05,37,554,0.0,2,0.2572591,0.25725916,1.0455265,0.09004789,0.09004789,1.0,7.224455e-08,8.022904e-07,-27.689228,2.3002043,0.7667348,0.14400001,0.0,0.19968422,11.040063,11.060063,1776000
hardzero_plus_depr__c0p50__z1p10__lam0p020__nu0p50__psi1p00,hardzero_plus_depr,0.05,37,555,0.0,2,0.25725916,0.25725925,1.0081865,0.09813264,0.09813264,1.0,7.717187e-08,7.864037e-07,-27.016598,2.2180545,0.7393515,0.208,0.0,0.18244182,11.060063,11.080064,1779200
hardzero_plus_depr__c0p50__z1p10__lam0p020__nu0p50__psi1p00,hardzero_plus_depr,0.05,37,556,0.0,2,0.25725925,0.25725934,0.97252303,0.10653122,0.10653122,1.0,8.2117616e-08,7.708315e-07,-26.77582,2.1395934,0.7131978,0.216,0.0,0.17032596,11.080064,11.100064,1782400
hardzero_plus_depr__c0p50__z1p10__lam0p020__nu0p50__psi1p00,hardzero_plus_depr,0.05,37,557,0.0,2,0.25725934,0.2572594,1.0072172,0.0983519,0.0983519,1.0,7.4311515e-08,7.5556767e-07,-27.069622,2.215922,0.7386407,0.17600001,0.0,0.16923644,11.100064,11.120065,1785600
hardzero_plus_depr__c0p50__z1p10__lam0p020__nu0p50__psi1p00,hardzero_plus_depr,0.05,37,558,0.0,2,0.2572594,0.25725946,1.0652981,0.086040296,0.086040296,1.0,6.372196e-08,7.40606e-07,-28.540134,2.3437026,0.7812342,0.104,0.0,0.22656293,11.120065,11.140065,1788800
hardzero_plus_depr__c0p50__z1p10__lam0p020__nu0p50__psi1p00,hardzero_plus_depr,0.05,37,559,0.0,2,0.25725946,0.25725952,1.0582523,0.08744755,0.08744755,1.0,6.3481735e-08,7.259407e-07,-28.424543,2.3282015,0.7760672,0.16,0.0,0.19524471,11.140065,11.160066,1792000
hardzero_plus_depr__c0p50__z1p10__lam0p020__nu0p50__psi1p00,hardzero_plus_depr,0.05,37,560,0.0,2,0.25725952,0.25725958,1.0203165,0.09542969,0.09542969,1.0,6.790451e-08,7.1156586e-07,-27.67142,2.244741,0.748247,0.18400002,0.0,0.18569449,11.160066,11.180066,1795200
hardzero_plus_depr__c0p50__z1p10__lam0p020__nu0p50__psi1p00,hardzero_plus_depr,0.05,37,561,0.0,2,0.25725958,0.25725964,0.9809952,0.10447319,0.10447319,1.0,7.286749e-08,6.974755e-07,-27.7864,2.1582325,0.71941084,0.17600001,0.0,0.18256089,11.180066,11.200067,1798400
hardzero_plus_depr__c0p50__z1p10__lam0p020__nu0p50__psi1p00,hardzero_plus_depr,0.05,37,562,0.0,2,0.25725964,0.2572597,1.059865,0.08712343,0.08712343,1.0,5.956318e-08,6.836643e-07,-28.500462,2.3317497,0.77724993,0.16000001,0.0,0.1986383,11.200067,11.220067,1801600
hardzero_plus_depr__c0p50__z1p10__lam0p020__nu0p50__psi1p00,hardzero_plus_depr,0.05,37,563,0.0,2,0.2572597,0.25725976,0.9956559,0.10100527,0.10100527,1.0,6.7686315e-08,6.7012655e-07,-27.854275,2.1904867,0.73016226,0.17600001,0.0,0.17461956,11.220067,11.2400675,1804800
hardzero_plus_depr__c0p50__z1p10__lam0p020__nu0p50__psi1p00,hardzero_plus_depr,0.05,37,564,0.0,2,0.25725976,0.25725982,1.0399413,0.091213405,0.091213405,1.0,5.991414e-08,6.568568e-07,-27.23622,2.2879167,0.7626389,0.120000005,0.0,0.17416593,11.2400675,11.260068,1808000
hardzero_plus_depr__c0p50__z1p10__lam0p020__nu0p50__psi1p00,hardzero_plus_depr,0.05,37,565,0.0,2,0.25725982,0.25725988,1.0563643,0.08782855,0.08782855,1.0,5.65484e-08,6.438499e-07,-28.198257,2.3240478,0.77468264,0.080000006,0.0,0.21750611,11.260068,11.280068,1811200
hardzero_plus_depr__c0p50__z1p10__lam0p020__nu0p50__psi1p00,hardzero_plus_depr,0.05,37,566,0.0,2,0.25725988,0.25725994,0.9614672,0.10927802,0.10927802,1.0,6.896542e-08,6.3110053e-07,-25.861221,2.1152701,0.70509005,0.18400002,0.0,0.16718318,11.280068,11.300069,1814400
hardzero_plus_depr__c0p50__z1p10__lam0p020__nu0p50__psi1p00,hardzero_plus_depr,0.05,37,567,0.0,2,0.25725994,0.25726,1.0060786,0.09861009,0.09861009,1.0,6.100056e-08,6.186037e-07,-26.910656,2.213417,0.7378057,0.16800001,0.0,0.17759183,11.300069,11.320069,1817600
hardzero_plus_depr__c0p50__z1p10__lam0p020__nu0p50__psi1p00,hardzero_plus_depr,0.05,37,568,0.0,2,0.25726,0.25726005,1.0334004,0.09259756,0.09259756,1.0,5.6146913e-08,6.0635415e-07,-27.57144,2.2735264,0.7578422,0.136,0.0,0.19960158,11.320069,11.34007,1820800
hardzero_plus_depr__c0p50__z1p10__lam0p020__nu0p50__psi1p00,hardzero_plus_depr,0.05,37,569,0.0,2,0.25726005,0.2572601,1.0168415,0.09619632,0.09619632,1.0,5.7174024e-08,5.943473e-07,-26.858768,2.237096,0.7456987,0.216,0.0,0.19445391,11.34007,11.36007,1824000
hardzero_plus_depr__c0p50__z1p10__lam0p020__nu0p50__psi1p00,hardzero_plus_depr,0.05,37,570,0.0,2,0.2572601,0.25726017,0.97317594,0.1063712,0.1063712,1.0,6.196954e-08,5.8257814e-07,-25.847712,2.1410298,0.71367663,0.15200001,0.0,0.15078034,11.36007,11.380071,1827200
hardzero_plus_depr__c0p50__z1p10__lam0p020__nu0p50__psi1p00,hardzero_plus_depr,0.05,37,571,0.0,2,0.25726017,0.25726023,1.0318412,0.092930615,0.092930615,1.0,5.306729e-08,5.7104205e-07,-26.641682,2.2700958,0.7566986,0.2,0.0,0.18148117,11.380071,11.400071,1830400
hardzero_plus_depr__c0p50__z1p10__lam0p020__nu0p50__psi1p00,hardzero_plus_depr,0.05,37,572,0.0,2,0.25726023,0.2572603,0.9986718,0.10030629,0.10030629,1.0,5.6144888e-08,5.597345e-07,-27.087246,2.1971219,0.73237395,0.14,0.0,0.16974707,11.400071,11.420072,1833600
hardzero_plus_depr__c0p50__z1p10__lam0p020__nu0p50__psi1p00,hardzero_plus_depr,0.05,37,573,0.0,2,0.2572603,0.25726035,0.9608857,0.109424435,0.109424435,1.0,6.0035795e-08,5.4865075e-07,-26.505974,2.1139908,0.70466363,0.208,0.008,0.1709833,11.420072,11.440072,1836800
hardzero_plus_depr__c0p50__z1p10__lam0p020__nu0p50__psi1p00,hardzero_plus_depr,0.05,37,574,0.0,2,0.25726035,0.2572604,1.0098045,0.097767726,0.097767726,1.0,5.2578155e-08,5.3778643e-07,-26.278736,2.2216144,0.7405381,0.112,0.0,0.19925754,11.440072,11.4600725,1840000
hardzero_plus_depr__c0p50__z1p10__lam0p020__nu0p50__psi1p00,hardzero_plus_depr,0.05,37,575,0.0,2,0.2572604,0.25726047,1.030841,0.09314489,0.09314489,1.0,4.910015e-08,5.2713733e-07,-27.668552,2.2678955,0.7559652,0.16000001,0.0,0.19067325,11.4600725,11.480073,1843200
hardzero_plus_depr__c0p50__z1p10__lam0p020__nu0p50__psi1p00,hardzero_plus_depr,0.05,37,576,0.0,2,0.25726047,0.25726053,1.0135994,0.096917145,0.096917145,1.0,5.0077e-08,5.1669906e-07,-27.610271,2.2299633,0.7433211,0.17600001,0.0,0.18054125,11.480073,11.500073,1846400
hardzero_plus_depr__c0p50__z1p10__lam0p020__nu0p50__psi1p00,hardzero_plus_depr,0.05,37,577,0.0,2,0.25726053,0.2572606,0.993113,0.101598434,0.101598434,1.0,5.1456308e-08,5.0646753e-07,-26.667595,2.1848922,0.7282974,0.2,0.0,0.18975268,11.500073,11.520074,1849600
hardzero_plus_depr__c0p50__z1p10__lam0p020__nu0p50__psi1p00,hardzero_plus_depr,0.05,37,578,0.0,2,0.2572606,0.25726065,1.0435863,0.09045107,0.09045107,1.0,4.4903395e-08,4.9643853e-07,-27.967173,2.2959356,0.7653119,0.15200001,0.0,0.19893749,11.520074,11.540074,1852800
hardzero_plus_depr__c0p50__z1p10__lam0p020__nu0p50__psi1p00,hardzero_plus_depr,0.05,37,579,0.0,2,0.25726065,0.2572607,0.98836756,0.10271466,0.10271466,1.0,4.9981796e-08,4.866082e-07,-26.82803,2.174452,0.7248174,0.2,0.0,0.19414788,11.540074,11.560075,1856000
hardzero_plus_depr__c0p50__z1p10__lam0p020__nu0p50__psi1p00,hardzero_plus_depr,0.05,37,580,0.0,2,0.2572607,0.25726077,0.99746877,0.10058454,0.10058454,1.0,4.797606e-08,4.769725e-07,-27.162968,2.1944752,0.73149174,0.216,0.0,0.1767126,11.560075,11.580075,1859200
hardzero_plus_depr__c0p50__z1p10__lam0p020__nu0p50__psi1p00,hardzero_plus_depr,0.05,37,581,0.0,2,0.25726077,0.2572608,1.0540141,0.08830512,0.08830512,1.0,4.128508e-08,4.6752757e-07,-27.962955,2.3188772,0.7729591,0.16000001,0.0,0.18709971,11.580075,11.600076,1862400
hardzero_plus_depr__c0p50__z1p10__lam0p020__nu0p50__psi1p00,hardzero_plus_depr,0.05,37,582,0.0,2,0.2572608,0.25726083,1.036347,0.09197144,0.09197144,1.0,4.214772e-08,4.5826968e-07,-26.6438,2.280009,0.76000303,0.192,0.0,0.17508098,11.600076,11.620076,1865600
hardzero_plus_depr__c0p50__z1p10__lam0p020__nu0p50__psi1p00,hardzero_plus_depr,0.05,37,583,0.0,2,0.25726083,0.25726086,1.0091809,0.0979082,0.0979082,1.0,4.397989e-08,4.4919517e-07,-27.415709,2.2202423,0.7400808,0.18400002,0.0,0.1916776,11.620076,11.640077,1868800
hardzero_plus_depr__c0p50__z1p10__lam0p020__nu0p50__psi1p00,hardzero_plus_depr,0.05,37,584,0.0,2,0.25726086,0.25726092,0.993353,0.101542294,0.101542294,1.0,4.4709097e-08,4.4030025e-07,-26.914377,2.1854203,0.7284734,0.16000001,0.0,0.15576933,11.640077,11.660077,1872000
hardzero_plus_depr__c0p50__z1p10__lam0p020__nu0p50__psi1p00,hardzero_plus_depr,0.05,37,585,0.0,2,0.25726092,0.25726095,1.0881306,0.08163367,0.08163367,1.0,3.523159e-08,4.3158158e-07,-28.773657,2.3939352,0.7979784,0.099999994,0.0,0.20388444,11.660077,11.680078,1875200
hardzero_plus_depr__c0p50__z1p10__lam0p020__nu0p50__psi1p00,hardzero_plus_depr,0.05,37,586,0.0,2,0.25726095,0.25726098,1.041942,0.090794176,0.090794176,1.0,3.8409155e-08,4.2303546e-07,-27.812775,2.292318,0.76410604,0.14400001,0.0,0.1778468,11.680078,11.700078,1878400
hardzero_plus_depr__c0p50__z1p10__lam0p020__nu0p50__psi1p00,hardzero_plus_depr,0.05,37,587,0.0,2,0.25726098,0.257261,1.0230414,0.0948328,0.0948328,1.0,3.9323236e-08,4.1465862e-07,-27.577986,2.250736,0.75024533,0.18400002,0.0,0.18944672,11.700078,11.720078,1881600
hardzero_plus_depr__c0p50__z1p10__lam0p020__nu0p50__psi1p00,hardzero_plus_depr,0.05,37,588,0.0,2,0.257261,0.25726104,0.961327,0.1093133,0.1093133,1.0,4.4430134e-08,4.0644764e-07,-25.957626,2.1149616,0.7049872,0.216,0.0,0.17442383,11.720078,11.740079,1884800
hardzero_plus_depr__c0p50__z1p10__lam0p020__nu0p50__psi1p00,hardzero_plus_depr,0.05,37,589,0.0,2,0.25726104,0.25726107,1.0498405,0.08915785,0.08915785,1.0,3.552042e-08,3.9839924e-07,-28.153585,2.309695,0.76989836,0.15200001,0.0,0.20318732,11.740079,11.760079,1888000
hardzero_plus_depr__c0p50__z1p10__lam0p020__nu0p50__psi1p00,hardzero_plus_depr,0.05,37,590,0.0,2,0.25726107,0.2572611,1.0551742,0.08806955,0.08806955,1.0,3.4392063e-08,3.9051025e-07,-28.910622,2.3214297,0.7738099,0.16000001,0.0,0.20643657,11.760079,11.78008,1891200
hardzero_plus_depr__c0p50__z1p10__lam0p020__nu0p50__psi1p00,hardzero_plus_depr,0.05,37,591,0.0,2,0.2572611,0.25726113,1.0066652,0.09847699,0.09847699,1.0,3.769477e-08,3.8277744e-07,-27.107325,2.2147079,0.73823595,0.16000001,0.0,0.16850097,11.78008,11.80008,1894400
hardzero_plus_depr__c0p50__z1p10__lam0p020__nu0p50__psi1p00,hardzero_plus_depr,0.05,37,592,0.0,2,0.25726113,0.25726116,1.0113972,0.097409815,0.097409815,1.0,3.654795e-08,3.751978e-07,-26.726562,2.2251184,0.74170613,0.15200001,0.0,0.18573734,11.80008,11.820081,1897600
hardzero_plus_depr__c0p50__z1p10__lam0p020__nu0p50__psi1p00,hardzero_plus_depr,0.05,37,593,0.0,2,0.25726116,0.2572612,1.0094858,0.097839475,0.097839475,1.0,3.5982247e-08,3.677682e-07,-27.090918,2.2209132,0.7403044,0.15200001,0.0,0.17464219,11.820081,11.840081,1900800
hardzero_plus_depr__c0p50__z1p10__lam0p020__nu0p50__psi1p00,hardzero_plus_depr,0.05,37,594,0.0,2,0.2572612,0.25726122,0.98481804,0.10355758,0.10355758,1.0,3.7331027e-08,3.604857e-07,-26.678497,2.166643,0.72221434,0.14400001,0.0,0.16880481,11.840081,11.860082,1904000
hardzero_plus_depr__c0p50__z1p10__lam0p020__nu0p50__psi1p00,hardzero_plus_depr,0.05,37,595,0.0,2,0.25726122,0.25726125,1.0910608,0.08108476,0.08108476,1.0,2.8651094e-08,3.5334747e-07,-28.71284,2.4003816,0.8001272,0.14400001,0.0,0.19335191,11.860082,11.880082,1907200
hardzero_plus_depr__c0p50__z1p10__lam0p020__nu0p50__psi1p00,hardzero_plus_depr,0.05,37,596,0.0,2,0.25726125,0.25726128,0.9856903,0.103349805,0.103349805,1.0,3.5795264e-08,3.4635056e-07,-26.519613,2.168562,0.722854,0.14400001,0.0,0.16177216,11.880082,11.900083,1910400
hardzero_plus_depr__c0p50__z1p10__lam0p020__nu0p50__psi1p00,hardzero_plus_depr,0.05,37,597,0.0,2,0.25726128,0.2572613,1.0053338,0.098779365,0.098779365,1.0,3.353483e-08,3.3949223e-07,-27.4971,2.2117784,0.7372595,0.104,0.0,0.17329316,11.900083,11.920083,1913600
hardzero_plus_depr__c0p50__z1p10__lam0p020__nu0p50__psi1p00,hardzero_plus_depr,0.05,37,598,0.0,2,0.2572613,0.25726134,0.9499154,0.11222369,0.11222369,1.0,3.7344638e-08,3.3276964e-07,-26.102451,2.0898557,0.69661856,0.22,0.0,0.16797277,11.920083,11.9400835,1916800
hardzero_plus_depr__c0p50__z1p10__lam0p020__nu0p50__psi1p00,hardzero_plus_depr,0.05,37,599,0.0,2,0.25726134,0.25726137,1.0221027,0.095038004,0.095038004,1.0,3.0999516e-08,3.261802e-07,-27.984755,2.2486708,0.74955696,0.18400002,0.0,0.19782293,11.9400835,11.960084,1920000
hardzero_plus_depr__c0p50__z1p10__lam0p020__nu0p50__psi1p00,hardzero_plus_depr,0.05,37,600,0.0,2,0.25726137,0.2572614,1.0649457,0.08611013,0.08611013,1.0,2.7531243e-08,3.197213e-07,-27.819017,2.3429272,0.78097576,0.192,0.0,0.19362734,11.960084,11.980084,1923200
hardzero_plus_depr__c0p50__z1p10__lam0p020__nu0p50__psi1p00,hardzero_plus_depr,0.05,37,601,0.0,2,0.2572614,0.25726143,1.0187557,0.09577328,0.09577328,1.0,3.0014412e-08,3.1339025e-07,-26.574715,2.2413073,0.74710244,0.15200001,0.0,0.17141414,11.980084,12.000085,1926400
hardzero_plus_depr__c0p50__z1p10__lam0p020__nu0p50__psi1p00,hardzero_plus_depr,0.05,37,602,0.0,2,0.25726143,0.25726146,0.9660774,0.10812413,0.10812413,1.0,3.3214064e-08,3.0718456e-07,-26.532953,2.1254127,0.70847094,0.18400002,0.0,0.15275213,12.000085,12.020085,1929600
hardzero_plus_depr__c0p50__z1p10__lam0p020__nu0p50__psi1p00,hardzero_plus_depr,0.05,37,603,0.0,2,0.25726146,0.25726148,0.9591543,0.10986154,0.10986154,1.0,3.3079502e-08,3.0110175e-07,-26.072556,2.1101816,0.7033939,0.16800001,0.0,0.14900726,12.020085,12.040086,1932800
hardzero_plus_depr__c0p50__z1p10__lam0p020__nu0p50__psi1p00,hardzero_plus_depr,0.05,37,604,0.0,2,0.25726148,0.2572615,0.9533368,0.11134306,0.11134306,1.0,3.2861724e-08,2.951394e-07,-25.989346,2.0973828,0.6991276,0.14400001,0.0,0.19327118,12.040086,12.060086,1936000
hardzero_plus_depr__c0p50__z1p10__lam0p020__nu0p50__psi1p00,hardzero_plus_depr,0.05,37,605,0.0,2,0.2572615,0.25726154,1.0175761,0.09603376,0.09603376,1.0,2.7782098e-08,2.8929512e-07,-27.26954,2.238712,0.7462374,0.136,0.0,0.18422018,12.060086,12.080087,1939200
hardzero_plus_depr__c0p50__z1p10__lam0p020__nu0p50__psi1p00,hardzero_plus_depr,0.05,37,606,0.0,2,0.25726154,0.25726157,0.964279,0.10857278,0.10857278,1.0,3.078761e-08,2.8356655e-07,-26.908945,2.1214561,0.70715207,0.16000001,0.0,0.1958038,12.080087,12.100087,1942400
hardzero_plus_depr__c0p50__z1p10__lam0p020__nu0p50__psi1p00,hardzero_plus_depr,0.05,37,607,0.0,2,0.25726157,0.2572616,1.072119,0.08469952,0.08469952,1.0,2.3542354e-08,2.7795144e-07,-28.369396,2.3587089,0.7862363,0.128,0.0,0.18679205,12.100087,12.120088,1945600
hardzero_plus_depr__c0p50__z1p10__lam0p020__nu0p50__psi1p00,hardzero_plus_depr,0.05,37,608,0.0,2,0.2572616,0.25726163,0.9885776,0.102665,0.102665,1.0,2.7970826e-08,2.7244752e-07,-25.655296,2.1749141,0.7249714,0.16800001,0.0,0.16107611,12.120088,12.140088,1948800
hardzero_plus_depr__c0p50__z1p10__lam0p020__nu0p50__psi1p00,hardzero_plus_depr,0.05,37,609,0.0,2,0.25726163,0.25726166,1.0678076,0.085544564,0.085544564,1.0,2.2844894e-08,2.6705254e-07,-28.586596,2.3492236,0.78307456,0.14400001,0.0,0.22928126,12.140088,12.160089,1952000
hardzero_plus_depr__c0p50__z1p10__lam0p020__nu0p50__psi1p00,hardzero_plus_depr,0.05,37,610,0.0,2,0.25726166,0.2572617,0.95927,0.10983229,0.10983229,1.0,2.8750188e-08,2.6176446e-07,-25.75183,2.1104362,0.70347875,0.192,0.0,0.15285052,12.160089,12.180089,1955200
hardzero_plus_depr__c0p50__z1p10__lam0p020__nu0p50__psi1p00,hardzero_plus_depr,0.05,37,611,0.0,2,0.2572617,0.25726172,1.0291698,0.093504004,0.093504004,1.0,2.3991355e-08,2.5658105e-07,-27.204857,2.2642188,0.75473964,0.12,0.0,0.1641347,12.180089,12.200089,1958400
hardzero_plus_depr__c0p50__z1p10__lam0p020__nu0p50__psi1p00,hardzero_plus_depr,0.05,37,612,0.0,2,0.25726172,0.25726175,0.9600977,0.10962315,0.10962315,1.0,2.7570252e-08,2.5150027e-07,-26.717997,2.112257,0.7040857,0.216,0.0,0.17995463,12.200089,12.22009,1961600
hardzero_plus_depr__c0p50__z1p10__lam0p020__nu0p50__psi1p00,hardzero_plus_depr,0.05,37,613,0.0,2,0.25726175,0.25726178,0.9360694,0.11585921,0.11585921,1.0,2.8561628e-08,2.4652013e-07,-25.386873,2.059394,0.68646467,0.216,0.0,0.17869121,12.22009,12.24009,1964800
hardzero_plus_depr__c0p50__z1p10__lam0p020__nu0p50__psi1p00,hardzero_plus_depr,0.05,37,614,0.0,2,0.25726178,0.2572618,1.0155194,0.09648963,0.09648963,1.0,2.3315621e-08,2.4163862e-07,-26.383244,2.2341871,0.74472904,0.15200001,0.0,0.18224299,12.24009,12.260091,1968000
hardzero_plus_depr__c0p50__z1p10__lam0p020__nu0p50__psi1p00,hardzero_plus_depr,0.05,37,615,0.0,2,0.2572618,0.25726184,1.0060251,0.09862225,0.09862225,1.0,2.335905e-08,2.3685375e-07,-27.219173,2.2132993,0.73776644,0.17600001,0.0,0.18107644,12.260091,12.280091,1971200
hardzero_plus_depr__c0p50__z1p10__lam0p020__nu0p50__psi1p00,hardzero_plus_depr,0.05,37,616,0.0,2,0.25726184,0.25726187,0.93471396,0.11622138,0.11622138,1.0,2.6982375e-08,2.321636e-07,-26.102947,2.0564117,0.6854706,0.224,0.008,0.17583995,12.280091,12.300092,1974400
hardzero_plus_depr__c0p50__z1p10__lam0p020__nu0p50__psi1p00,hardzero_plus_depr,0.05,37,617,0.0,2,0.25726187,0.2572619,1.0907383,0.08114498,0.08114498,1.0,1.8465865e-08,2.2756633e-07,-28.282166,2.3996723,0.79989076,0.136,0.0,0.22346802,12.300092,12.320092,1977600
hardzero_plus_depr__c0p50__z1p10__lam0p020__nu0p50__psi1p00,hardzero_plus_depr,0.05,37,618,0.0,2,0.2572619,0.25726193,0.97105116,0.10689288,0.10689288,1.0,2.3843539e-08,2.2306013e-07,-26.401718,2.1363552,0.7121184,0.15200001,0.0,0.1949223,12.320092,12.340093,1980800
hardzero_plus_depr__c0p50__z1p10__lam0p020__nu0p50__psi1p00,hardzero_plus_depr,0.05,37,619,0.0,2,0.25726193,0.25726196,1.0805303,0.08307487,0.08307487,1.0,1.816375e-08,2.1864314e-07,-28.455479,2.3772142,0.7924048,0.14400001,0.0,0.20209356,12.340093,12.360093,1984000
hardzero_plus_depr__c0p50__z1p10__lam0p020__nu0p50__psi1p00,hardzero_plus_depr,0.05,37,620,0.0,2,0.25726196,0.257262,0.979025,0.10494819,0.10494819,1.0,2.2491829e-08,2.1431363e-07,-25.895674,2.153898,0.717966,0.208,0.0,0.18355988,12.360093,12.380094,1987200
hardzero_plus_depr__c0p50__z1p10__lam0p020__nu0p50__psi1p00,hardzero_plus_depr,0.05,37,621,0.0,2,0.257262,0.25726202,1.011828,0.09731328,0.09731328,1.0,2.0442585e-08,2.1006984e-07,-28.135883,2.2260659,0.742022,0.16800001,0.0,0.17207259,12.380094,12.400094,1990400
hardzero_plus_depr__c0p50__z1p10__lam0p020__nu0p50__psi1p00,hardzero_plus_depr,0.05,37,622,0.0,2,0.25726202,0.25726205,1.0227723,0.094891585,0.094891585,1.0,1.9539135e-08,2.0591008e-07,-27.295319,2.250144,0.75004804,0.120000005,0.0,0.18988223,12.400094,12.4200945,1993600
hardzero_plus_depr__c0p50__z1p10__lam0p020__nu0p50__psi1p00,hardzero_plus_depr,0.05,37,623,0.0,2,0.25726205,0.25726208,0.9681386,0.10761216,0.10761216,1.0,2.1719654e-08,2.018327e-07,-26.307177,2.1299474,0.7099825,0.136,0.0,0.1963197,12.4200945,12.440095,1996800
hardzero_plus_depr__c0p50__z1p10__lam0p020__nu0p50__psi1p00,hardzero_plus_depr,0.05,37,624,0.0,2,0.25726208,0.2572621,1.0151054,0.09658164,0.09658164,1.0,1.9107329e-08,1.9783604e-07,-26.73668,2.2332764,0.7444255,0.21,0.0,0.15992959,12.440095,12.460095,2000000
hardzero_plus_depr__c0p50__z1p10__lam0p020__nu0p50__psi1p00,hardzero_plus_depr,0.05,37,625,0.0,2,0.2572621,0.25726214,1.0172449,0.09610701,0.09610701,1.0,1.863693e-08,1.9391852e-07,-27.810282,2.2379835,0.7459945,0.128,0.0,0.18297148,12.460095,12.480096,2003200
hardzero_plus_depr__c0p50__z1p10__lam0p020__nu0p50__psi1p00,hardzero_plus_depr,0.05,37,626,0.0,2,0.25726214,0.25726217,1.0276155,0.09383923,0.09383923,1.0,1.783683e-08,1.9007861e-07,-26.585154,2.2607994,0.7535998,0.15200001,0.0,0.18530358,12.480096,12.500096,2006400
hardzero_plus_depr__c0p50__z1p10__lam0p020__nu0p50__psi1p00,hardzero_plus_depr,0.05,37,627,0.0,2,0.25726217,0.2572622,1.0407206,0.09104988,0.09104988,1.0,1.6963932e-08,1.8631472e-07,-28.06236,2.289631,0.7632103,0.120000005,0.0,0.17670491,12.500096,12.520097,2009600
hardzero_plus_depr__c0p50__z1p10__lam0p020__nu0p50__psi1p00,hardzero_plus_depr,0.05,37,628,0.0,2,0.2572622,0.25726223,1.0620214,0.08669192,0.08669192,1.0,1.5832143e-08,1.8262536e-07,-28.019537,2.3364937,0.77883124,0.17600001,0.0,0.21600139,12.520097,12.540097,2012800
hardzero_plus_depr__c0p50__z1p10__lam0p020__nu0p50__psi1p00,hardzero_plus_depr,0.05,37,629,0.0,2,0.25726223,0.25726226,0.98825693,0.10274083,0.10274083,1.0,1.8391539e-08,1.7900905e-07,-26.591326,2.1742086,0.7247362,0.128,0.0,0.18189484,12.540097,12.560098,2016000
hardzero_plus_depr__c0p50__z1p10__lam0p020__nu0p50__psi1p00,hardzero_plus_depr,0.05,37,630,0.0,2,0.25726226,0.2572623,1.064573,0.086184055,0.086184055,1.0,1.5122229e-08,1.7546435e-07,-27.52695,2.3421075,0.78070253,0.15200001,0.0,0.18284896,12.560098,12.580098,2019200
hardzero_plus_depr__c0p50__z1p10__lam0p020__nu0p50__psi1p00,hardzero_plus_depr,0.05,37,631,0.0,2,0.2572623,0.25726232,1.0043043,0.09901379,0.09901379,1.0,1.7029366e-08,1.7198984e-07,-27.834364,2.2095137,0.73650455,0.14400001,0.0,0.20912905,12.580098,12.600099,2022400
hardzero_plus_depr__c0p50__z1p10__lam0p020__nu0p50__psi1p00,hardzero_plus_depr,0.05,37,632,0.0,2,0.25726232,0.25726235,0.9926054,0.10171724,0.10171724,1.0,1.7147915e-08,1.6858415e-07,-27.5796,2.1837754,0.7279252,0.2,0.0,0.19701846,12.600099,12.620099,2025600
hardzero_plus_depr__c0p50__z1p10__lam0p020__nu0p50__psi1p00,hardzero_plus_depr,0.05,37,633,0.0,2,0.25726235,0.25726238,1.01927,0.09565993,0.09565993,1.0,1.5807409e-08,1.6524588e-07,-27.751196,2.2424386,0.74747956,0.18400002,0.0,0.17184418,12.620099,12.6401,2028800
hardzero_plus_depr__c0p50__z1p10__lam0p020__nu0p50__psi1p00,hardzero_plus_depr,0.05,37,634,0.0,2,0.25726238,0.2572624,1.026637,0.09405091,0.09405091,1.0,1.5233775e-08,1.6197372e-07,-26.856659,2.2586465,0.7528822,0.17600001,0.0,0.16578825,12.6401,12.6601,2032000
hardzero_plus_depr__c0p50__z1p10__lam0p020__nu0p50__psi1p00,hardzero_plus_depr,0.05,37,635,0.0,2,0.2572624,0.25726244,0.99736804,0.10060787,0.10060787,1.0,1.5973143e-08,1.5876634e-07,-27.148857,2.1942534,0.73141783,0.208,0.0,0.19059151,12.6601,12.6801,2035200
hardzero_plus_depr__c0p50__z1p10__lam0p020__nu0p50__psi1p00,hardzero_plus_depr,0.05,37,636,0.0,2,0.25726244,0.25726244,1.0579455,0.08750935,0.08750935,1.0,1.3618423e-08,1.5562249e-07,-27.37757,2.3275266,0.7758422,0.128,0.0,0.15517502,12.6801,12.700101,2038400
hardzero_plus_depr__c0p50__z1p10__lam0p020__nu0p50__psi1p00,hardzero_plus_depr,0.05,37,637,0.0,2,0.25726244,0.25726247,0.9607482,0.10945909,0.10945909,1.0,1.6696987e-08,1.5254089e-07,-25.849928,2.1136882,0.7045628,0.099999994,0.0,0.13751736,12.700101,12.720101,2041600
hardzero_plus_depr__c0p50__z1p10__lam0p020__nu0p50__psi1p00,hardzero_plus_depr,0.05,37,638,0.0,2,0.25726247,0.25726247,1.0190073,0.09571778,0.09571778,1.0,1.4311752e-08,1.495203e-07,-26.77225,2.2418609,0.747287,0.16000001,0.0,0.18144938,12.720101,12.740102,2044800
hardzero_plus_depr__c0p50__z1p10__lam0p020__nu0p50__psi1p00,hardzero_plus_depr,0.05,37,639,0.0,2,0.25726247,0.25726247,1.0216987,0.095126435,0.095126435,1.0,1.3941687e-08,1.4655954e-07,-26.735952,2.247782,0.74926066,0.136,0.0,0.15604419,12.740102,12.760102,2048000
hardzero_plus_depr__c0p50__z1p10__lam0p020__nu0p50__psi1p00,hardzero_plus_depr,0.05,37,640,0.0,2,0.25726247,0.2572625,0.9621048,0.109117694,0.109117694,1.0,1.5675564e-08,1.436574e-07,-25.974825,2.1166728,0.7055576,0.2,0.008,0.18597578,12.760102,12.780103,2051200
hardzero_plus_depr__c0p50__z1p10__lam0p020__nu0p50__psi1p00,hardzero_plus_depr,0.05,37,641,0.0,2,0.2572625,0.2572625,1.0207428,0.09533607,0.09533607,1.0,1.3424533e-08,1.4081273e-07,-26.515263,2.245679,0.74855965,0.17600001,0.0,0.17983836,12.780103,12.800103,2054400
hardzero_plus_depr__c0p50__z1p10__lam0p020__nu0p50__psi1p00,hardzero_plus_depr,0.05,37,642,0.0,2,0.2572625,0.2572625,1.0238837,0.09464905,0.09464905,1.0,1.3063877e-08,1.3802439e-07,-27.013079,2.2525892,0.7508631,0.18400002,0.0,0.19950506,12.800103,12.820104,2057600
hardzero_plus_depr__c0p50__z1p10__lam0p020__nu0p50__psi1p00,hardzero_plus_depr,0.05,37,643,0.0,2,0.2572625,0.2572625,0.9935125,0.101505004,0.101505004,1.0,1.3732739e-08,1.3529126e-07,-26.116821,2.1857712,0.7285904,0.128,0.0,0.15531495,12.820104,12.840104,2060800
hardzero_plus_depr__c0p50__z1p10__lam0p020__nu0p50__psi1p00,hardzero_plus_depr,0.05,37,644,0.0,2,0.2572625,0.25726253,0.94759244,0.11282558,0.11282558,1.0,1.4962053e-08,1.3261224e-07,-26.478876,2.084745,0.694915,0.16800001,0.0,0.16453777,12.840104,12.860105,2064000
hardzero_plus_depr__c0p50__z1p10__lam0p020__nu0p50__psi1p00,hardzero_plus_depr,0.05,37,645,0.0,2,0.25726253,0.25726253,1.0707251,0.08497181,0.08497181,1.0,1.1045171e-08,1.299863e-07,-27.970339,2.3556423,0.7852141,0.15200001,0.0,0.1967682,12.860105,12.880105,2067200
hardzero_plus_depr__c0p50__z1p10__lam0p020__nu0p50__psi1p00,hardzero_plus_depr,0.05,37,646,0.0,2,0.25726253,0.25726253,1.0226835,0.094910994,0.094910994,1.0,1.2092832e-08,1.2741233e-07,-26.971645,2.2499487,0.74998295,0.112,0.0,0.16034888,12.880105,12.900105,2070400
hardzero_plus_depr__c0p50__z1p10__lam0p020__nu0p50__psi1p00,hardzero_plus_depr,0.05,37,647,0.0,2,0.25726253,0.25726253,0.9953029,0.10108741,0.10108741,1.0,1.26247395e-08,1.2488934e-07,-27.50945,2.1897101,0.7299034,0.224,0.008,0.18988393,12.900105,12.920106,2073600
hardzero_plus_depr__c0p50__z1p10__lam0p020__nu0p50__psi1p00,hardzero_plus_depr,0.05,37,648,0.0,2,0.25726253,0.25726253,1.0714897,0.08482235,0.08482235,1.0,1.0383641e-08,1.2241632e-07,-28.0648,2.3573244,0.7857748,0.16800001,0.008,0.21867712,12.920106,12.940106,2076800
hardzero_plus_depr__c0p50__z1p10__lam0p020__nu0p50__psi1p00,hardzero_plus_depr,0.05,37,649,0.0,2,0.25726253,0.25726253,0.99585265,0.10095953,0.10095953,1.0,1.2114361e-08,1.1999225e-07,-26.95355,2.1909196,0.73030657,0.136,0.0,0.18892242,12.940106,12.960107,2080000
hardzero_plus_depr__c0p50__z1p10__lam0p020__nu0p50__psi1p00,hardzero_plus_depr,0.05,37,650,0.0,2,0.25726253,0.25726253,1.0323296,0.09282616,0.09282616,1.0,1.09178595e-08,1.17616196e-07,-27.285719,2.2711704,0.75705683,0.17,0.0,0.1897947,12.960107,12.980107,2083200
hardzero_plus_depr__c0p50__z1p10__lam0p020__nu0p50__psi1p00,hardzero_plus_depr,0.05,37,651,0.0,2,0.25726253,0.25726253,1.0386331,0.09148857,0.09148857,1.0,1.054746e-08,1.15287186e-07,-27.471045,2.2850385,0.76167953,0.128,0.0,0.20029256,12.980107,13.000108,2086400
hardzero_plus_depr__c0p50__z1p10__lam0p020__nu0p50__psi1p00,hardzero_plus_depr,0.05,37,652,0.0,2,0.25726253,0.25726253,1.0468794,0.089767806,0.089767806,1.0,1.0144147e-08,1.1300428e-07,-28.093725,2.3031807,0.7677269,0.2,0.0,0.17806599,13.000108,13.020108,2089600
hardzero_plus_depr__c0p50__z1p10__lam0p020__nu0p50__psi1p00,hardzero_plus_depr,0.05,37,653,0.0,2,0.25726253,0.25726253,0.9966712,0.10076943,0.10076943,1.0,1.1161888e-08,1.10766614e-07,-26.413637,2.1927204,0.73090684,0.15200001,0.0,0.1682836,13.020108,13.040109,2092800
hardzero_plus_depr__c0p50__z1p10__lam0p020__nu0p50__psi1p00,hardzero_plus_depr,0.05,37,654,0.0,2,0.25726253,0.25726253,0.9713953,0.10680822,0.10680822,1.0,1.1596513e-08,1.08573225e-07,-26.315802,2.1371124,0.7123708,0.136,0.0,0.17579702,13.040109,13.060109,2096000
hardzero_plus_depr__c0p50__z1p10__lam0p020__nu0p50__psi1p00,hardzero_plus_depr,0.05,37,655,0.0,2,0.25726253,0.25726253,0.9924365,0.1017568,0.1017568,1.0,1.0829293e-08,1.06423286e-07,-26.385284,2.183404,0.7278013,0.136,0.0,0.15584433,13.060109,13.08011,2099200
hardzero_plus_depr__c0p50__z1p10__lam0p020__nu0p50__psi1p00,hardzero_plus_depr,0.05,37,656,0.0,2,0.25726253,0.25726253,1.0235252,0.0947272,0.0947272,1.0,9.881555e-09,1.04315916e-07,-27.323647,2.2518005,0.7506002,0.14400001,0.0,0.18652332,13.08011,13.10011,2102400
hardzero_plus_depr__c0p50__z1p10__lam0p020__nu0p50__psi1p00,hardzero_plus_depr,0.05,37,657,0.0,2,0.25726253,0.25726253,1.0220859,0.09504168,0.09504168,1.0,9.718038e-09,1.02250276e-07,-27.41515,2.2486339,0.7495446,0.15200001,0.0,0.19835202,13.10011,13.1201105,2105600
hardzero_plus_depr__c0p50__z1p10__lam0p020__nu0p50__psi1p00,hardzero_plus_depr,0.05,37,658,0.0,2,0.25726253,0.25726253,1.0124993,0.097162955,0.097162955,1.0,9.738209e-09,1.0022554e-07,-26.578377,2.227543,0.7425144,0.14400001,0.0,0.17244284,13.1201105,13.140111,2108800
hardzero_plus_depr__c0p50__z1p10__lam0p020__nu0p50__psi1p00,hardzero_plus_depr,0.05,37,659,0.0,2,0.25726253,0.25726253,1.0018555,0.09957366,0.09957366,1.0,9.782206e-09,9.82409e-08,-26.949482,2.2041261,0.7347087,0.128,0.0,0.15017146,13.140111,13.160111,2112000
hardzero_plus_depr__c0p50__z1p10__lam0p020__nu0p50__psi1p00,hardzero_plus_depr,0.05,37,660,0.0,2,0.25726253,0.25726253,0.9520125,0.111683115,0.111683115,1.0,1.0754587e-08,9.629555e-08,-26.580074,2.0944693,0.6981565,0.16800001,0.0,0.16770686,13.160111,13.180112,2115200
hardzero_plus_depr__c0p50__z1p10__lam0p020__nu0p50__psi1p00,hardzero_plus_depr,0.05,37,661,0.0,2,0.25726253,0.25726253,1.0163702,0.09630077,0.09630077,1.0,9.089708e-09,9.438873e-08,-27.529438,2.236059,0.745353,0.120000005,0.0,0.1790385,13.180112,13.200112,2118400
hardzero_plus_depr__c0p50__z1p10__lam0p020__nu0p50__psi1p00,hardzero_plus_depr,0.05,37,662,0.0,2,0.25726253,0.25726253,1.030352,0.093249805,0.093249805,1.0,8.627441e-09,9.251967e-08,-26.461493,2.2668197,0.7556066,0.17600001,0.0,0.17441936,13.200112,13.220113,2121600
hardzero_plus_depr__c0p50__z1p10__lam0p020__nu0p50__psi1p00,hardzero_plus_depr,0.05,37,663,0.0,2,0.25726253,0.25726253,1.059209,0.087255135,0.087255135,1.0,7.91296e-09,9.0687614e-08,-27.754904,2.3303063,0.7767688,0.13,0.0,0.20427099,13.220113,13.240113,2124800
hardzero_plus_depr__c0p50__z1p10__lam0p020__nu0p50__psi1p00,hardzero_plus_depr,0.05,37,664,0.0,2,0.25726253,0.25726253,0.9874055,0.10294246,0.10294246,1.0,9.150744e-09,8.889184e-08,-26.189695,2.1723354,0.7241118,0.192,0.0,0.16714913,13.240113,13.260114,2128000
hardzero_plus_depr__c0p50__z1p10__lam0p020__nu0p50__psi1p00,hardzero_plus_depr,0.05,37,665,0.0,2,0.25726253,0.25726253,1.084696,0.08228182,0.08228182,1.0,7.1693487e-09,8.7131625e-08,-27.967232,2.386379,0.7954597,0.128,0.0,0.19206488,13.260114,13.280114,2131200
hardzero_plus_depr__c0p50__z1p10__lam0p020__nu0p50__psi1p00,hardzero_plus_depr,0.05,37,666,0.0,2,0.25726253,0.25726253,1.035338,0.09218535,0.09218535,1.0,7.873206e-09,8.540626e-08,-27.035622,2.277789,0.75926304,0.120000005,0.0,0.18483211,13.280114,13.300115,2134400
hardzero_plus_depr__c0p50__z1p10__lam0p020__nu0p50__psi1p00,hardzero_plus_depr,0.05,37,667,0.0,2,0.25726253,0.25726253,0.93491423,0.116167806,0.116167806,1.0,9.724995e-09,8.3715065e-08,-26.560385,2.0568523,0.68561745,0.208,0.0,0.16807108,13.300115,13.320115,2137600
hardzero_plus_depr__c0p50__z1p10__lam0p020__nu0p50__psi1p00,hardzero_plus_depr,0.05,37,668,0.0,2,0.25726253,0.25726253,0.9990091,0.10022843,0.10022843,1.0,8.224481e-09,8.205736e-08,-26.764648,2.1978638,0.7326213,0.14400001,0.0,0.18969537,13.320115,13.340116,2140800
hardzero_plus_depr__c0p50__z1p10__lam0p020__nu0p50__psi1p00,hardzero_plus_depr,0.05,37,669,0.0,2,0.25726253,0.25726253,0.98890907,0.10258666,0.10258666,1.0,8.251298e-09,8.043247e-08,-26.237316,2.1756434,0.7252145,0.208,0.0,0.17097081,13.340116,13.360116,2144000
hardzero_plus_depr__c0p50__z1p10__lam0p020__nu0p50__psi1p00,hardzero_plus_depr,0.05,37,670,0.0,2,0.25726253,0.25726253,1.0864394,0.0819522,0.0819522,1.0,6.461093e-09,7.8839776e-08,-27.87562,2.3902144,0.79673815,0.17600001,0.0,0.1855955,13.360116,13.380116,2147200
hardzero_plus_depr__c0p50__z1p10__lam0p020__nu0p50__psi1p00,hardzero_plus_depr,0.05,37,671,0.0,2,0.25726253,0.25726253,1.037697,0.09168601,0.09168601,1.0,7.085367e-09,7.727861e-08,-27.429537,2.2829788,0.76099294,0.08800001,0.0,0.18803863,13.380116,13.400117,2150400
hardzero_plus_depr__c0p50__z1p10__lam0p020__nu0p50__psi1p00,hardzero_plus_depr,0.05,37,672,0.0,2,0.25726253,0.25726253,0.9937971,0.10143852,0.10143852,1.0,7.683801e-09,7.574835e-08,-26.715723,2.1863973,0.7287991,0.136,0.0,0.19261391,13.400117,13.420117,2153600
hardzero_plus_depr__c0p50__z1p10__lam0p020__nu0p50__psi1p00,hardzero_plus_depr,0.05,37,673,0.0,2,0.25726253,0.25726253,0.9632943,0.10881923,0.10881923,1.0,8.079654e-09,7.4248405e-08,-27.197708,2.1192899,0.70642996,0.16800001,0.0,0.18036312,13.420117,13.440118,2156800
hardzero_plus_depr__c0p50__z1p10__lam0p020__nu0p50__psi1p00,hardzero_plus_depr,0.05,37,674,0.0,2,0.25726253,0.25726253,1.0316826,0.09296456,0.09296456,1.0,6.765789e-09,7.277815e-08,-27.47336,2.269747,0.7565824,0.15200001,0.008,0.18203115,13.440118,13.460118,2160000
hardzero_plus_depr__c0p50__z1p10__lam0p020__nu0p50__psi1p00,hardzero_plus_depr,0.05,37,675,0.0,2,0.25726253,0.25726253,1.020204,0.09545441,0.09545441,1.0,6.8094326e-09,7.133701e-08,-27.352514,2.2444935,0.74816453,0.15200001,0.0,0.19246854,13.460118,13.480119,2163200
hardzero_plus_depr__c0p50__z1p10__lam0p020__nu0p50__psi1p00,hardzero_plus_depr,0.05,37,676,0.0,2,0.25726253,0.25726253,1.0061313,0.098598145,0.098598145,1.0,6.894418e-09,6.992442e-08,-26.5182,2.2135332,0.7378444,0.21,0.0,0.1794601,13.480119,13.500119,2166400
hardzero_plus_depr__c0p50__z1p10__lam0p020__nu0p50__psi1p00,hardzero_plus_depr,0.05,37,677,0.0,2,0.25726253,0.25726253,1.0105083,0.097609416,0.097609416,1.0,6.690129e-09,6.853979e-08,-26.921305,2.2231627,0.74105424,0.18400002,0.0,0.16724974,13.500119,13.52012,2169600
hardzero_plus_depr__c0p50__z1p10__lam0p020__nu0p50__psi1p00,hardzero_plus_depr,0.05,37,678,0.0,2,0.25726253,0.25726253,0.9945243,0.10126881,0.10126881,1.0,6.8034995e-09,6.7182576e-08,-26.242254,2.187997,0.7293324,0.18400002,0.0,0.1705805,13.52012,13.54012,2172800
hardzero_plus_depr__c0p50__z1p10__lam0p020__nu0p50__psi1p00,hardzero_plus_depr,0.05,37,679,0.0,2,0.25726253,0.25726253,1.0257171,0.09425033,0.09425033,1.0,6.2065952e-09,6.585224e-08,-27.474258,2.2566228,0.75220764,0.192,0.0,0.18245502,13.54012,13.560121,2176000
hardzero_plus_depr__c0p50__z1p10__lam0p020__nu0p50__psi1p00,hardzero_plus_depr,0.05,37,680,0.0,2,0.25726253,0.25726253,0.99235135,0.10177677,0.10177677,1.0,6.569512e-09,6.4548246e-08,-26.678078,2.1832166,0.72773886,0.192,0.0,0.20614746,13.560121,13.580121,2179200
hardzero_plus_depr__c0p50__z1p10__lam0p020__nu0p50__psi1p00,hardzero_plus_depr,0.05,37,681,0.0,2,0.25726253,0.25726253,1.0725366,0.084618114,0.084618114,1.0,5.3537947e-09,6.327008e-08,-27.121746,2.3596275,0.78654253,0.16000001,0.0,0.1739325,13.580121,13.6001215,2182400
hardzero_plus_depr__c0p50__z1p10__lam0p020__nu0p50__psi1p00,hardzero_plus_depr,0.05,37,682,0.0,2,0.25726253,0.25726253,1.0297788,0.09337297,0.09337297,1.0,5.7907314e-09,6.2017214e-08,-28.049517,2.2655587,0.75518626,0.136,0.0,0.19539261,13.6001215,13.620122,2185600
hardzero_plus_depr__c0p50__z1p10__lam0p020__nu0p50__psi1p00,hardzero_plus_depr,0.05,37,683,0.0,2,0.25726253,0.25726253,1.0342759,0.092411086,0.092411086,1.0,5.617593e-09,6.078917e-08,-26.595615,2.2754524,0.7584841,0.112,0.0,0.16157803,13.620122,13.640122,2188800
hardzero_plus_depr__c0p50__z1p10__lam0p020__nu0p50__psi1p00,hardzero_plus_depr,0.05,37,684,0.0,2,0.25726253,0.25726253,0.99663913,0.10077686,0.10077686,1.0,6.0048326e-09,5.958543e-08,-26.803799,2.1926498,0.7308833,0.216,0.0,0.16940257,13.640122,13.660123,2192000
hardzero_plus_depr__c0p50__z1p10__lam0p020__nu0p50__psi1p00,hardzero_plus_depr,0.05,37,685,0.0,2,0.25726253,0.25726253,1.0539035,0.08832762,0.08832762,1.0,5.1588223e-09,5.840554e-08,-27.950188,2.3186338,0.77287793,0.136,0.0,0.1910799,13.660123,13.680123,2195200
hardzero_plus_depr__c0p50__z1p10__lam0p020__nu0p50__psi1p00,hardzero_plus_depr,0.05,37,686,0.0,2,0.25726253,0.25726253,1.0165273,0.09626596,0.09626596,1.0,5.51113e-09,5.7249004e-08,-27.715034,2.2364047,0.74546826,0.216,0.0,0.2005608,13.680123,13.700124,2198400
hardzero_plus_depr__c0p50__z1p10__lam0p020__nu0p50__psi1p00,hardzero_plus_depr,0.05,37,687,0.0,2,0.25726253,0.25726253,1.0700816,0.08509781,0.08509781,1.0,4.7752957e-09,5.6115375e-08,-27.49103,2.3542266,0.78474224,0.128,0.0,0.19584493,13.700124,13.720124,2201600
hardzero_plus_depr__c0p50__z1p10__lam0p020__nu0p50__psi1p00,hardzero_plus_depr,0.05,37,688,0.0,2,0.25726253,0.25726253,1.0339812,0.09247381,0.09247381,1.0,5.0864473e-09,5.500419e-08,-27.389187,2.274804,0.75826806,0.112,0.0,0.18295853,13.720124,13.740125,2204800
hardzero_plus_depr__c0p50__z1p10__lam0p020__nu0p50__psi1p00,hardzero_plus_depr,0.05,37,689,0.0,2,0.25726253,0.25726253,1.0155612,0.09648033,0.09648033,1.0,5.2017377e-09,5.3915006e-08,-28.206062,2.2342794,0.7447598,0.099999994,0.0,0.18008864,13.740125,13.760125,2208000
hardzero_plus_depr__c0p50__z1p10__lam0p020__nu0p50__psi1p00,hardzero_plus_depr,0.05,37,690,0.0,2,0.25726253,0.25726253,1.007278,0.098338135,0.098338135,1.0,5.196914e-09,5.2847394e-08,-27.645748,2.2160559,0.7386853,0.112,0.0,0.16117765,13.760125,13.780126,2211200
hardzero_plus_depr__c0p50__z1p10__lam0p020__nu0p50__psi1p00,hardzero_plus_depr,0.05,37,691,0.0,2,0.25726253,0.25726253,0.98986685,0.102360666,0.102360666,1.0,5.302377e-09,5.1800924e-08,-26.87438,2.1777506,0.72591686,0.14400001,0.0,0.14971462,13.780126,13.800126,2214400
hardzero_plus_depr__c0p50__z1p10__lam0p020__nu0p50__psi1p00,hardzero_plus_depr,0.05,37,692,0.0,2,0.25726253,0.25726253,1.0070415,0.09839171,0.09839171,1.0,4.995856e-09,5.0775174e-08,-27.322336,2.2155354,0.7385118,0.24000001,0.0,0.20901644,13.800126,13.820127,2217600
hardzero_plus_depr__c0p50__z1p10__lam0p020__nu0p50__psi1p00,hardzero_plus_depr,0.05,37,693,0.0,2,0.25726253,0.25726253,1.0566502,0.087770745,0.087770745,1.0,4.368327e-09,4.976974e-08,-27.710083,2.3246768,0.7748923,0.096,0.0,0.21170725,13.820127,13.840127,2220800
hardzero_plus_depr__c0p50__z1p10__lam0p020__nu0p50__psi1p00,hardzero_plus_depr,0.05,37,694,0.0,2,0.25726253,0.25726253,0.9962868,0.10085866,0.10085866,1.0,4.9203095e-09,4.8784205e-08,-27.037533,2.1918747,0.7306249,0.14400001,0.0,0.18285915,13.840127,13.860127,2224000
hardzero_plus_depr__c0p50__z1p10__lam0p020__nu0p50__psi1p00,hardzero_plus_depr,0.05,37,695,0.0,2,0.25726253,0.25726253,1.0610412,0.08688777,0.08688777,1.0,4.154816e-09,4.781819e-08,-27.992514,2.3343372,0.7781124,0.18400002,0.0,0.18722735,13.860127,13.880128,2227200
hardzero_plus_depr__c0p50__z1p10__lam0p020__nu0p50__psi1p00,hardzero_plus_depr,0.05,37,696,0.0,2,0.25726253,0.25726253,1.0506359,0.088994674,0.088994674,1.0,4.171296e-09,4.6871303e-08,-27.916716,2.3114452,0.77048177,0.18400002,0.0,0.20706168,13.880128,13.900128,2230400
hardzero_plus_depr__c0p50__z1p10__lam0p020__nu0p50__psi1p00,hardzero_plus_depr,0.05,37,697,0.0,2,0.25726253,0.25726253,1.0317819,0.09294328,0.09294328,1.0,4.2701096e-09,4.5943175e-08,-27.242037,2.2699654,0.75665516,0.16800001,0.0,0.18283926,13.900128,13.920129,2233600
hardzero_plus_depr__c0p50__z1p10__lam0p020__nu0p50__psi1p00,hardzero_plus_depr,0.05,37,698,0.0,2,0.25726253,0.25726253,1.0188214,0.09575879,0.09575879,1.0,4.3123456e-09,4.5033417e-08,-26.651634,2.2414517,0.7471506,0.120000005,0.0,0.18216686,13.920129,13.940129,2236800
hardzero_plus_depr__c0p50__z1p10__lam0p020__nu0p50__psi1p00,hardzero_plus_depr,0.05,37,699,0.0,2,0.25726253,0.25726253,0.9682064,0.107595354,0.107595354,1.0,4.7494386e-09,4.414167e-08,-26.046095,2.1300967,0.7100322,0.208,0.0,0.17067403,13.940129,13.96013,2240000
hardzero_plus_depr__c0p50__z1p10__lam0p020__nu0p50__psi1p00,hardzero_plus_depr,0.05,37,700,0.0,2,0.25726253,0.25726253,0.96922,0.10734454,0.10734454,1.0,4.644539e-09,4.3267587e-08,-26.564138,2.1323266,0.71077555,0.23200001,0.0,0.18481661,13.96013,13.98013,2243200
hardzero_plus_depr__c0p50__z1p10__lam0p020__nu0p50__psi1p00,hardzero_plus_depr,0.05,37,701,0.0,2,0.25726253,0.25726253,0.9794314,0.10485003,0.10485003,1.0,4.4467754e-09,4.2410814e-08,-26.32129,2.154792,0.71826404,0.128,0.0,0.1719759,13.98013,14.000131,2246400
hardzero_plus_depr__c0p50__z1p10__lam0p020__nu0p50__psi1p00,hardzero_plus_depr,0.05,37,702,0.0,2,0.25726253,0.25726253,0.9991005,0.10020733,0.10020733,1.0,4.1657193e-09,4.1571006e-08,-25.531773,2.198065,0.73268837,0.12,0.0,0.15982635,14.000131,14.020131,2249600
hardzero_plus_depr__c0p50__z1p10__lam0p020__nu0p50__psi1p00,hardzero_plus_depr,0.05,37,703,0.0,2,0.25726253,0.25726253,1.0166069,0.09624831,0.09624831,1.0,3.9219086e-09,4.074782e-08,-27.369207,2.23658,0.7455267,0.14400001,0.0,0.17355043,14.020131,14.040132,2252800
hardzero_plus_depr__c0p50__z1p10__lam0p020__nu0p50__psi1p00,hardzero_plus_depr,0.05,37,704,0.0,2,0.25726253,0.25726253,1.0546781,0.08817021,0.08817021,1.0,3.5216017e-09,3.9940947e-08,-27.516544,2.320338,0.773446,0.16800001,0.0,0.19908231,14.040132,14.060132,2256000
hardzero_plus_depr__c0p50__z1p10__lam0p020__nu0p50__psi1p00,hardzero_plus_depr,0.05,37,705,0.0,2,0.25726253,0.25726253,0.98987293,0.10235925,0.10235925,1.0,4.007369e-09,3.9150045e-08,-26.893019,2.177764,0.72592133,0.128,0.0,0.15251513,14.060132,14.0801325,2259200
hardzero_plus_depr__c0p50__z1p10__lam0p020__nu0p50__psi1p00,hardzero_plus_depr,0.05,37,706,0.0,2,0.25726253,0.25726253,0.9691756,0.10735552,0.10735552,1.0,4.119747e-09,3.8374804e-08,-26.555038,2.1322289,0.71074295,0.208,0.0,0.1718141,14.0801325,14.100133,2262400
hardzero_plus_depr__c0p50__z1p10__lam0p020__nu0p50__psi1p00,hardzero_plus_depr,0.05,37,707,0.0,2,0.25726253,0.25726253,0.9649164,0.108413555,0.108413555,1.0,4.0779664e-09,3.7614914e-08,-25.657825,2.1228585,0.70761955,0.192,0.0,0.17030078,14.100133,14.120133,2265600
hardzero_plus_depr__c0p50__z1p10__lam0p020__nu0p50__psi1p00,hardzero_plus_depr,0.05,37,708,0.0,2,0.25726253,0.25726253,0.955723,0.11073299,0.11073299,1.0,4.0827333e-09,3.6870073e-08,-25.193926,2.1026325,0.70087755,0.16000001,0.0,0.14864731,14.120133,14.140134,2268800
hardzero_plus_depr__c0p50__z1p10__lam0p020__nu0p50__psi1p00,hardzero_plus_depr,0.05,37,709,0.0,2,0.25726253,0.25726253,1.059068,0.08728347,0.08728347,1.0,3.154423e-09,3.613998e-08,-27.605314,2.329996,0.7766654,0.128,0.0,0.17637171,14.140134,14.160134,2272000
hardzero_plus_depr__c0p50__z1p10__lam0p020__nu0p50__psi1p00,hardzero_plus_depr,0.05,37,710,0.0,2,0.25726253,0.25726253,1.000591,0.099864,0.099864,1.0,3.5376164e-09,3.5424343e-08,-26.903297,2.2013443,0.73378146,0.17600001,0.0,0.17611355,14.160134,14.180135,2275200
hardzero_plus_depr__c0p50__z1p10__lam0p020__nu0p50__psi1p00,hardzero_plus_depr,0.05,37,711,0.0,2,0.25726253,0.25726253,0.98585916,0.10330964,0.10330964,1.0,3.5872083e-09,3.472288e-08,-26.6592,2.1689334,0.7229778,0.16000001,0.0,0.19703695,14.180135,14.200135,2278400
hardzero_plus_depr__c0p50__z1p10__lam0p020__nu0p50__psi1p00,hardzero_plus_depr,0.05,37,712,0.0,2,0.25726253,0.25726253,0.97062165,0.10699867,0.10699867,1.0,3.6417325e-09,3.4035306e-08,-25.860357,2.1354103,0.71180344,0.2,0.0,0.17722698,14.200135,14.220136,2281600
hardzero_plus_depr__c0p50__z1p10__lam0p020__nu0p50__psi1p00,hardzero_plus_depr,0.05,37,713,0.0,2,0.25726253,0.25726253,0.98309296,0.10396976,0.10396976,1.0,3.4685712e-09,3.3361346e-08,-26.8858,2.1628478,0.7209493,0.192,0.0,0.1961587,14.220136,14.240136,2284800
hardzero_plus_depr__c0p50__z1p10__lam0p020__nu0p50__psi1p00,hardzero_plus_depr,0.05,37,714,0.0,2,0.25726253,0.25726253,1.0161989,0.096338764,0.096338764,1.0,3.1503482e-09,3.2700733e-08,-26.305698,2.2356822,0.74522746,0.120000005,0.0,0.16523705,14.240136,14.260137,2288000
hardzero_plus_depr__c0p50__z1p10__lam0p020__nu0p50__psi1p00,hardzero_plus_depr,0.05,37,715,0.0,2,0.25726253,0.25726253,1.0826756,0.08266553,0.08266553,1.0,2.6496947e-09,3.2053197e-08,-28.673027,2.381934,0.793978,0.11,0.0,0.19526888,14.260137,14.280137,2291200
hardzero_plus_depr__c0p50__z1p10__lam0p020__nu0p50__psi1p00,hardzero_plus_depr,0.05,37,716,0.0,2,0.25726253,0.25726253,1.0137948,0.09687356,0.09687356,1.0,3.0436211e-09,3.141849e-08,-26.735876,2.230393,0.74346435,0.14400001,0.0,0.20484546,14.280137,14.3001375,2294400
hardzero_plus_depr__c0p50__z1p10__lam0p020__nu0p50__psi1p00,hardzero_plus_depr,0.05,37,717,0.0,2,0.25726253,0.25726253,0.9846672,0.10359356,0.10359356,1.0,3.1903031e-09,3.0796347e-08,-26.030437,2.166311,0.7221037,0.192,0.008,0.17895384,14.3001375,14.320138,2297600
hardzero_plus_depr__c0p50__z1p10__lam0p020__nu0p50__psi1p00,hardzero_plus_depr,0.05,37,718,0.0,2,0.25726253,0.25726253,0.98997414,0.10233538,0.10233538,1.0,3.0891494e-09,3.0186524e-08,-25.591148,2.1779866,0.72599554,0.216,0.0,0.15112045,14.320138,14.340138,2300800
hardzero_plus_depr__c0p50__z1p10__lam0p020__nu0p50__psi1p00,hardzero_plus_depr,0.05,37,719,0.0,2,0.25726253,0.25726253,1.0224674,0.09495823,0.09495823,1.0,2.8096983e-09,2.958878e-08,-26.408329,2.249473,0.7498244,0.16800001,0.0,0.17701314,14.340138,14.360139,2304000
hardzero_plus_depr__c0p50__z1p10__lam0p020__nu0p50__psi1p00,hardzero_plus_depr,0.05,37,720,0.0,2,0.25726253,0.25726253,0.9877426,0.102862574,0.102862574,1.0,2.9833094e-09,2.9002866e-08,-26.528294,2.173077,0.72435904,0.16800001,0.0,0.15829206,14.360139,14.380139,2307200
hardzero_plus_depr__c0p50__z1p10__lam0p020__nu0p50__psi1p00,hardzero_plus_depr,0.05,37,721,0.0,2,0.25726253,0.25726253,1.0389475,0.09142237,0.09142237,1.0,2.5990063e-09,2.8428559e-08,-26.988825,2.2857301,0.7619101,0.192,0.0,0.19773544,14.380139,14.40014,2310400
hardzero_plus_depr__c0p50__z1p10__lam0p020__nu0p50__psi1p00,hardzero_plus_depr,0.05,37,722,0.0,2,0.25726253,0.25726253,1.0065932,0.098493315,0.098493315,1.0,2.7445775e-09,2.7865623e-08,-27.193516,2.2145493,0.73818314,0.136,0.0,0.19314386,14.40014,14.42014,2313600
hardzero_plus_depr__c0p50__z1p10__lam0p020__nu0p50__psi1p00,hardzero_plus_depr,0.05,37,723,0.0,2,0.25726253,0.25726253,1.0162722,0.0963225,0.0963225,1.0,2.6309368e-09,2.7313835e-08,-26.685041,2.2358434,0.74528116,0.136,0.0,0.16630171,14.42014,14.440141,2316800
hardzero_plus_depr__c0p50__z1p10__lam0p020__nu0p50__psi1p00,hardzero_plus_depr,0.05,37,724,0.0,2,0.25726253,0.25726253,0.9892427,0.10250788,0.10250788,1.0,2.7444407e-09,2.6772971e-08,-26.663614,2.1763773,0.7254591,0.16800001,0.0,0.20122854,14.440141,14.460141,2320000
hardzero_plus_depr__c0p50__z1p10__lam0p020__nu0p50__psi1p00,hardzero_plus_depr,0.05,37,725,0.0,2,0.25726253,0.25726253,0.9905381,0.10220257,0.10220257,1.0,2.6820837e-09,2.624282e-08,-26.507391,2.1792274,0.72640914,0.15200001,0.0,0.1929218,14.460141,14.480142,2323200
hardzero_plus_depr__c0p50__z1p10__lam0p020__nu0p50__psi1p00,hardzero_plus_depr,0.05,37,726,0.0,2,0.25726253,0.25726253,0.94347274,0.11390093,0.11390093,1.0,2.9298926e-09,2.5723166e-08,-25.990805,2.0756814,0.6918938,0.16800001,0.0,0.16012524,14.480142,14.500142,2326400
hardzero_plus_depr__c0p50__z1p10__lam0p020__nu0p50__psi1p00,hardzero_plus_depr,0.05,37,727,0.0,2,0.25726253,0.25726253,1.0448165,0.090195216,0.090195216,1.0,2.274164e-09,2.5213799e-08,-28.263033,2.2986422,0.7662141,0.14400001,0.0,0.20834613,14.500142,14.520143,2329600
hardzero_plus_depr__c0p50__z1p10__lam0p020__nu0p50__psi1p00,hardzero_plus_depr,0.05,37,728,0.0,2,0.25726253,0.25726253,0.94821,0.11266524,0.11266524,1.0,2.7844675e-09,2.4714522e-08,-25.852114,2.0861037,0.69536793,0.16,0.0,0.16399822,14.520143,14.540143,2332800
hardzero_plus_depr__c0p50__z1p10__lam0p020__nu0p50__psi1p00,hardzero_plus_depr,0.05,37,729,0.0,2,0.25726253,0.25726253,1.029544,0.09342347,0.09342347,1.0,2.2631959e-09,2.422513e-08,-28.184551,2.265042,0.75501406,0.128,0.0,0.20176421,14.540143,14.560143,2336000
hardzero_plus_depr__c0p50__z1p10__lam0p020__nu0p50__psi1p00,hardzero_plus_depr,0.05,37,730,0.0,2,0.25726253,0.25726253,1.0019399,0.099554315,0.099554315,1.0,2.36396e-09,2.3745429e-08,-26.145187,2.2043118,0.73477066,0.18400002,0.0,0.1572844,14.560143,14.580144,2339200
hardzero_plus_depr__c0p50__z1p10__lam0p020__nu0p50__psi1p00,hardzero_plus_depr,0.05,37,731,0.0,2,0.25726253,0.25726253,1.0168034,0.096204765,0.096204765,1.0,2.239188e-09,2.3275229e-08,-27.808844,2.2370121,0.74567074,0.192,0.0,0.17614959,14.580144,14.600144,2342400
hardzero_plus_depr__c0p50__z1p10__lam0p020__nu0p50__psi1p00,hardzero_plus_depr,0.05,37,732,0.0,2,0.25726253,0.25726253,1.0221615,0.09502514,0.09502514,1.0,2.1679356e-09,2.2814339e-08,-27.241554,2.2488,0.74960005,0.18400002,0.0,0.20736699,14.600144,14.620145,2345600
hardzero_plus_depr__c0p50__z1p10__lam0p020__nu0p50__psi1p00,hardzero_plus_depr,0.05,37,733,0.0,2,0.25726253,0.25726253,0.95888877,0.10992874,0.10992874,1.0,2.4582893e-09,2.2362572e-08,-26.535421,2.1095974,0.70319915,0.128,0.0,0.16693652,14.620145,14.640145,2348800
hardzero_plus_depr__c0p50__z1p10__lam0p020__nu0p50__psi1p00,hardzero_plus_depr,0.05,37,734,0.0,2,0.25726253,0.25726253,1.0040045,0.09908217,0.09908217,1.0,2.171857e-09,2.1919755e-08,-26.943691,2.208854,0.7362847,0.080000006,0.0,0.18010442,14.640145,14.660146,2352000
hardzero_plus_depr__c0p50__z1p10__lam0p020__nu0p50__psi1p00,hardzero_plus_depr,0.05,37,735,0.0,2,0.25726253,0.25726253,1.0055631,0.09872721,0.09872721,1.0,2.1212236e-09,2.1485704e-08,-26.524775,2.2122831,0.7374277,0.14400001,0.0,0.18725055,14.660146,14.680146,2355200
hardzero_plus_depr__c0p50__z1p10__lam0p020__nu0p50__psi1p00,hardzero_plus_depr,0.05,37,736,0.0,2,0.25726253,0.25726253,1.0007081,0.09983707,0.09983707,1.0,2.1025937e-09,2.106025e-08,-27.200777,2.2016017,0.7338673,0.136,0.0,0.17467761,14.680146,14.700147,2358400
hardzero_plus_depr__c0p50__z1p10__lam0p020__nu0p50__psi1p00,hardzero_plus_depr,0.05,37,737,0.0,2,0.25726253,0.25726253,0.9888289,0.10260562,0.10260562,1.0,2.1181101e-09,2.0643219e-08,-27.779732,2.175467,0.7251557,0.192,0.0,0.17844233,14.700147,14.720147,2361600
hardzero_plus_depr__c0p50__z1p10__lam0p020__nu0p50__psi1p00,hardzero_plus_depr,0.05,37,738,0.0,2,0.25726253,0.25726253,1.0409017,0.09101193,0.09101193,1.0,1.841576e-09,2.0234447e-08,-27.04562,2.2900293,0.7633431,0.16000001,0.0,0.18163252,14.720147,14.740148,2364800
hardzero_plus_depr__c0p50__z1p10__lam0p020__nu0p50__psi1p00,hardzero_plus_depr,0.05,37,739,0.0,2,0.25726253,0.25726253,1.0422537,0.09072902,0.09072902,1.0,1.7994983e-09,1.9833768e-08,-27.648413,2.293004,0.7643347,0.16800001,0.008,0.19676939,14.740148,14.760148,2368000
hardzero_plus_depr__c0p50__z1p10__lam0p020__nu0p50__psi1p00,hardzero_plus_depr,0.05,37,740,0.0,2,0.25726253,0.25726253,0.9772408,0.10538022,0.10538022,1.0,2.0486994e-09,1.9441023e-08,-27.519718,2.1499727,0.7166576,0.2,0.008,0.18543217,14.760148,14.7801485,2371200
hardzero_plus_depr__c0p50__z1p10__lam0p020__nu0p50__psi1p00,hardzero_plus_depr,0.05,37,741,0.0,2,0.25726253,0.25726253,1.0575742,0.08758422,0.08758422,1.0,1.6690099e-09,1.9056058e-08,-27.56727,2.3267095,0.77556986,0.16,0.0,0.18221578,14.7801485,14.800149,2374400
hardzero_plus_depr__c0p50__z1p10__lam0p020__nu0p50__psi1p00,hardzero_plus_depr,0.05,37,742,0.0,2,0.25726253,0.25726253,1.0413156,0.09092524,0.09092524,1.0,1.6983666e-09,1.8678714e-08,-27.41061,2.29094,0.7636467,0.120000005,0.0,0.20181584,14.800149,14.820149,2377600
hardzero_plus_depr__c0p50__z1p10__lam0p020__nu0p50__psi1p00,hardzero_plus_depr,0.05,37,743,0.0,2,0.25726253,0.25726253,1.0551748,0.08806943,0.08806943,1.0,1.6124494e-09,1.8308842e-08,-28.514431,2.321431,0.7738103,0.14400001,0.0,0.17977011,14.820149,14.84015,2380800
hardzero_plus_depr__c0p50__z1p10__lam0p020__nu0p50__psi1p00,hardzero_plus_depr,0.05,37,744,0.0,2,0.25726253,0.25726253,1.0261036,0.09416649,0.09416649,1.0,1.6899397e-09,1.7946297e-08,-27.843458,2.257473,0.752491,0.128,0.0,0.16723701,14.84015,14.86015,2384000
hardzero_plus_depr__c0p50__z1p10__lam0p020__nu0p50__psi1p00,hardzero_plus_depr,0.05,37,745,0.0,2,0.25726253,0.25726253,1.0046341,0.09893863,0.09893863,1.0,1.7404221e-09,1.7590926e-08,-27.248137,2.2102392,0.73674643,0.17600001,0.0,0.16568568,14.86015,14.880151,2387200
hardzero_plus_depr__c0p50__z1p10__lam0p020__nu0p50__psi1p00,hardzero_plus_depr,0.05,37,746,0.0,2,0.25726253,0.25726253,1.0269955,0.09397329,0.09397329,1.0,1.6203435e-09,1.7242597e-08,-28.166557,2.2594352,0.7531451,0.18400002,0.0,0.17670433,14.880151,14.900151,2390400
hardzero_plus_depr__c0p50__z1p10__lam0p020__nu0p50__psi1p00,hardzero_plus_depr,0.05,37,747,0.0,2,0.25726253,0.25726253,1.0050652,0.098840475,0.098840475,1.0,1.6705186e-09,1.690116e-08,-26.764935,2.2111876,0.7370626,0.15200001,0.0,0.18741003,14.900151,14.920152,2393600
hardzero_plus_depr__c0p50__z1p10__lam0p020__nu0p50__psi1p00,hardzero_plus_depr,0.05,37,748,0.0,2,0.25726253,0.25726253,1.0380795,0.091605276,0.091605276,1.0,1.5175776e-09,1.6566487e-08,-27.571327,2.2838206,0.76127356,0.128,0.0,0.16941833,14.920152,14.940152,2396800
hardzero_plus_depr__c0p50__z1p10__lam0p020__nu0p50__psi1p00,hardzero_plus_depr,0.05,37,749,0.0,2,0.25726253,0.25726253,1.0155333,0.09648652,0.09648652,1.0,1.5667908e-09,1.6238443e-08,-27.042997,2.234218,0.7447393,0.15200001,0.0,0.16028003,14.940152,14.960153,2400000
hardzero_plus_depr__c0p50__z1p10__lam0p020__nu0p50__psi1p00,hardzero_plus_depr,0.05,37,750,0.0,2,0.25726253,0.25726253,1.0055208,0.09873682,0.09873682,1.0,1.5715834e-09,1.5916893e-08,-26.770834,2.21219,0.73739666,0.16000001,0.0,0.16472085,14.960153,14.980153,2403200
hardzero_plus_depr__c0p50__z1p10__lam0p020__nu0p50__psi1p00,hardzero_plus_depr,0.05,37,751,0.0,2,0.25726253,0.25726253,1.0281532,0.09372314,0.09372314,1.0,1.4622413e-09,1.560171e-08,-27.61813,2.2619822,0.7539941,0.18400002,0.0,0.19146915,14.980153,15.000154,2406400
hardzero_plus_depr__c0p50__z1p10__lam0p020__nu0p50__psi1p00,hardzero_plus_depr,0.05,37,752,0.0,2,0.25726253,0.25726253,1.0524554,0.088622615,0.088622615,1.0,1.3552851e-09,1.5292768e-08,-27.423586,2.315448,0.771816,0.120000005,0.0,0.17891079,15.000154,15.020154,2409600
hardzero_plus_depr__c0p50__z1p10__lam0p020__nu0p50__psi1p00,hardzero_plus_depr,0.05,37,753,0.0,2,0.25726253,0.25726253,0.9565699,0.11051726,0.11051726,1.0,1.6566475e-09,1.4989944e-08,-25.699125,2.1044958,0.7014986,0.208,0.0,0.16502701,15.020154,15.040154,2412800
hardzero_plus_depr__c0p50__z1p10__lam0p020__nu0p50__psi1p00,hardzero_plus_depr,0.05,37,754,0.0,2,0.25726253,0.25726253,1.0084585,0.098071195,0.098071195,1.0,1.4409716e-09,1.4693117e-08,-26.476494,2.218653,0.739551,0.14,0.0,0.17844996,15.040154,15.060155,2416000
hardzero_plus_depr__c0p50__z1p10__lam0p020__nu0p50__psi1p00,hardzero_plus_depr,0.05,37,755,0.0,2,0.25726253,0.25726253,1.05702,0.087696046,0.087696046,1.0,1.263013e-09,1.4402166e-08,-27.891594,2.3254902,0.7751634,0.112,0.0,0.18691203,15.060155,15.080155,2419200
hardzero_plus_depr__c0p50__z1p10__lam0p020__nu0p50__psi1p00,hardzero_plus_depr,0.05,37,756,0.0,2,0.25726253,0.25726253,0.97277343,0.10646982,0.10646982,1.0,1.5030323e-09,1.411698e-08,-26.1637,2.1401443,0.71338147,0.216,0.0,0.17541645,15.080155,15.100156,2422400
hardzero_plus_depr__c0p50__z1p10__lam0p020__nu0p50__psi1p00,hardzero_plus_depr,0.05,37,757,0.0,2,0.25726253,0.25726253,0.97578126,0.10573498,0.10573498,1.0,1.4631012e-09,1.3837438e-08,-26.234598,2.1467617,0.71558726,0.2,0.0,0.18211664,15.100156,15.120156,2425600
hardzero_plus_depr__c0p50__z1p10__lam0p020__nu0p50__psi1p00,hardzero_plus_depr,0.05,37,758,0.0,2,0.25726253,0.25726253,1.0395259,0.091300696,0.091300696,1.0,1.2383508e-09,1.3563431e-08,-27.551094,2.2870026,0.7623342,0.17600001,0.008,0.19475093,15.120156,15.140157,2428800
hardzero_plus_depr__c0p50__z1p10__lam0p020__nu0p50__psi1p00,hardzero_plus_depr,0.05,37,759,0.0,2,0.25726253,0.25726253,1.021004,0.09527874,0.09527874,1.0,1.2667167e-09,1.3294851e-08,-26.39963,2.2462535,0.74875116,0.17600001,0.0,0.18705572,15.140157,15.160157,2432000
hardzero_plus_depr__c0p50__z1p10__lam0p020__nu0p50__psi1p00,hardzero_plus_depr,0.05,37,760,0.0,2,0.25726253,0.25726253,1.0024185,0.09944467,0.09944467,1.0,1.2959221e-09,1.303159e-08,-26.665285,2.2053647,0.7351216,0.192,0.0,0.17706165,15.160157,15.180158,2435200
hardzero_plus_depr__c0p50__z1p10__lam0p020__nu0p50__psi1p00,hardzero_plus_depr,0.05,37,761,0.0,2,0.25726253,0.25726253,1.0488542,0.08936053,0.08936053,1.0,1.1414505e-09,1.2773542e-08,-28.444815,2.3075254,0.7691752,0.136,0.0,0.19150798,15.180158,15.200158,2438400
hardzero_plus_depr__c0p50__z1p10__lam0p020__nu0p50__psi1p00,hardzero_plus_depr,0.05,37,762,0.0,2,0.25726253,0.25726253,0.986316,0.103201,0.103201,1.0,1.2921386e-09,1.25206014e-08,-27.198145,2.1699386,0.72331285,0.192,0.0,0.17987877,15.200158,15.220159,2441600
hardzero_plus_depr__c0p50__z1p10__lam0p020__nu0p50__psi1p00,hardzero_plus_depr,0.05,37,763,0.0,2,0.25726253,0.25726253,1.0156381,0.09646324,0.09646324,1.0,1.1838617e-09,1.2272672e-08,-27.550287,2.2344484,0.7448162,0.17600001,0.0,0.19729006,15.220159,15.240159,2444800
hardzero_plus_depr__c0p50__z1p10__lam0p020__nu0p50__psi1p00,hardzero_plus_depr,0.05,37,764,0.0,2,0.25726253,0.25726253,0.993557,0.10149462,0.10149462,1.0,1.2209449e-09,1.2029652e-08,-26.76704,2.185869,0.72862303,0.128,0.0,0.17703816,15.240159,15.2601595,2448000
hardzero_plus_depr__c0p50__z1p10__lam0p020__nu0p50__psi1p00,hardzero_plus_depr,0.05,37,765,0.0,2,0.25726253,0.25726253,1.0038954,0.09910705,0.09910705,1.0,1.1686151e-09,1.17914425e-08,-27.600935,2.2086139,0.7362046,0.2,0.0,0.1959819,15.2601595,15.28016,2451200
hardzero_plus_depr__c0p50__z1p10__lam0p020__nu0p50__psi1p00,hardzero_plus_depr,0.05,37,766,0.0,2,0.25726253,0.25726253,1.0576942,0.08756,0.08756,1.0,1.0120143e-09,1.1557952e-08,-27.457268,2.3269737,0.7756579,0.080000006,0.0,0.20957756,15.28016,15.30016,2454400
hardzero_plus_depr__c0p50__z1p10__lam0p020__nu0p50__psi1p00,hardzero_plus_depr,0.05,37,767,0.0,2,0.25726253,0.25726253,1.026925,0.093988575,0.093988575,1.0,1.0648044e-09,1.13290834e-08,-27.028286,2.25928,0.75309336,0.19,0.0,0.17685178,15.30016,15.320161,2457600
hardzero_plus_depr__c0p50__z1p10__lam0p020__nu0p50__psi1p00,hardzero_plus_depr,0.05,37,768,0.0,2,0.25726253,0.25726253,0.94098496,0.11455525,0.11455525,1.0,1.2721071e-09,1.1104747e-08,-25.71492,2.0702083,0.69006944,0.16000001,0.0,0.1689876,15.320161,15.340161,2460800
hardzero_plus_depr__c0p50__z1p10__lam0p020__nu0p50__psi1p00,hardzero_plus_depr,0.05,37,769,0.0,2,0.25726253,0.25726253,0.95376515,0.1112333,0.1112333,1.0,1.2107583e-09,1.0884854e-08,-26.369442,2.0983253,0.6994418,0.14400001,0.0,0.16687019,15.340161,15.360162,2464000
hardzero_plus_depr__c0p50__z1p10__lam0p020__nu0p50__psi1p00,hardzero_plus_depr,0.05,37,770,0.0,2,0.25726253,0.25726253,0.99350834,0.10150599,0.10150599,1.0,1.0829992e-09,1.0669314e-08,-27.112896,2.185762,0.7285873,0.192,0.0,0.22517172,15.360162,15.380162,2467200
hardzero_plus_depr__c0p50__z1p10__lam0p020__nu0p50__psi1p00,hardzero_plus_depr,0.05,37,771,0.0,2,0.25726253,0.25726253,1.0213236,0.09520867,0.09520867,1.0,9.956964e-10,1.0458043e-08,-27.55376,2.2469566,0.7489855,0.15200001,0.0,0.21230844,15.380162,15.400163,2470400
hardzero_plus_depr__c0p50__z1p10__lam0p020__nu0p50__psi1p00,hardzero_plus_depr,0.05,37,772,0.0,2,0.25726253,0.25726253,0.97622633,0.10562669,0.10562669,1.0,1.0827744e-09,1.0250955e-08,-26.724947,2.1477408,0.71591365,0.208,0.0,0.16044615,15.400163,15.420163,2473600
hardzero_plus_depr__c0p50__z1p10__lam0p020__nu0p50__psi1p00,hardzero_plus_depr,0.05,37,773,0.0,2,0.25726253,0.25726253,0.98037916,0.10462147,0.10462147,1.0,1.0512332e-09,1.0047968e-08,-26.728079,2.1568773,0.7189591,0.16800001,0.0,0.1548486,15.420163,15.440164,2476800
hardzero_plus_depr__c0p50__z1p10__lam0p020__nu0p50__psi1p00,hardzero_plus_depr,0.05,37,774,0.0,2,0.25726253,0.25726253,0.9997294,0.10006232,0.10006232,1.0,9.855139e-10,9.849001e-09,-27.56559,2.1994486,0.7331495,0.16800001,0.0,0.18675797,15.440164,15.460164,2480000
hardzero_plus_depr__c0p50__z1p10__lam0p020__nu0p50__psi1p00,hardzero_plus_depr,0.05,37,775,0.0,2,0.25726253,0.25726253,0.99927145,0.100167885,0.100167885,1.0,9.67018e-10,9.653973e-09,-26.253181,2.198441,0.7328137,0.096,0.0,0.17188409,15.460164,15.480165,2483200
hardzero_plus_depr__c0p50__z1p10__lam0p020__nu0p50__psi1p00,hardzero_plus_depr,0.05,37,776,0.0,2,0.25726253,0.25726253,1.0080527,0.098162875,0.098162875,1.0,9.288964e-10,9.462807e-09,-26.410007,2.2177603,0.73925346,0.15200001,0.0,0.16893817,15.480165,15.500165,2486400
hardzero_plus_depr__c0p50__z1p10__lam0p020__nu0p50__psi1p00,hardzero_plus_depr,0.05,37,777,0.0,2,0.25726253,0.25726253,0.9720931,0.10663675,0.10663675,1.0,9.891014e-10,9.275427e-09,-26.952116,2.1386476,0.7128825,0.16000001,0.0,0.18779759,15.500165,15.520165,2489600
hardzero_plus_depr__c0p50__z1p10__lam0p020__nu0p50__psi1p00,hardzero_plus_depr,0.05,37,778,0.0,2,0.25726253,0.25726253,1.0038139,0.099125676,0.099125676,1.0,9.012264e-10,9.091756e-09,-26.506634,2.2084346,0.7361449,0.2,0.0,0.16016248,15.520165,15.540166,2492800
hardzero_plus_depr__c0p50__z1p10__lam0p020__nu0p50__psi1p00,hardzero_plus_depr,0.05,37,779,0.0,2,0.25726253,0.25726253,1.0066221,0.09848678,0.09848678,1.0,8.77687e-10,8.911724e-09,-26.387781,2.2146127,0.73820424,0.120000005,0.0,0.15236929,15.540166,15.560166,2496000
hardzero_plus_depr__c0p50__z1p10__lam0p020__nu0p50__psi1p00,hardzero_plus_depr,0.05,37,780,0.0,2,0.25726253,0.25726253,1.0107446,0.09755632,0.09755632,1.0,8.521794e-10,8.735255e-09,-27.430529,2.2236824,0.7412275,0.22999999,0.0,0.18364023,15.560166,15.580167,2499200
hardzero_plus_depr__c0p50__z1p10__lam0p020__nu0p50__psi1p00,hardzero_plus_depr,0.05,37,781,0.0,2,0.25726253,0.25726253,1.0487262,0.08938688,0.08938688,1.0,7.653558e-10,8.562283e-09,-27.34616,2.3072438,0.7690813,0.128,0.0,0.1681458,15.580167,15.600167,2502400
hardzero_plus_depr__c0p50__z1p10__lam0p020__nu0p50__psi1p00,hardzero_plus_depr,0.05,37,782,0.0,2,0.25726253,0.25726253,1.0129899,0.09705326,0.09705326,1.0,8.1454227e-10,8.3927345e-09,-27.00531,2.2286222,0.7428741,0.15200001,0.0,0.16166224,15.600167,15.620168,2505600
hardzero_plus_depr__c0p50__z1p10__lam0p020__nu0p50__psi1p00,hardzero_plus_depr,0.05,37,783,0.0,2,0.25726253,0.25726253,1.0571445,0.0876709,0.0876709,1.0,7.2122835e-10,8.226542e-09,-27.555834,2.3257644,0.77525485,0.14400001,0.0,0.17491387,15.620168,15.640168,2508800
hardzero_plus_depr__c0p50__z1p10__lam0p020__nu0p50__psi1p00,hardzero_plus_depr,0.05,37,784,0.0,2,0.25726253,0.25726253,1.0387598,0.0914619,0.0914619,1.0,7.375161e-10,8.063643e-09,-27.508217,2.2853172,0.7617724,0.15200001,0.0,0.17983182,15.640168,15.660169,2512000
hardzero_plus_depr__c0p50__z1p10__lam0p020__nu0p50__psi1p00,hardzero_plus_depr,0.05,37,785,0.0,2,0.25726253,0.25726253,1.0278653,0.09378528,0.09378528,1.0,7.412759e-10,7.903968e-09,-27.73656,2.2613487,0.7537829,0.15200001,0.0,0.24036753,15.660169,15.680169,2515200
hardzero_plus_depr__c0p50__z1p10__lam0p020__nu0p50__psi1p00,hardzero_plus_depr,0.05,37,786,0.0,2,0.25726253,0.25726253,1.0199438,0.095511615,0.095511615,1.0,7.3997203e-10,7.747456e-09,-27.055431,2.2439213,0.7479738,0.17600001,0.0,0.1676349,15.680169,15.70017,2518400
hardzero_plus_depr__c0p50__z1p10__lam0p020__nu0p50__psi1p00,hardzero_plus_depr,0.05,37,787,0.0,2,0.25726253,0.25726253,1.0401418,0.09117132,0.09117132,1.0,6.923588e-10,7.594042e-09,-27.14752,2.2883577,0.7627859,0.15200001,0.0,0.18183741,15.70017,15.72017,2521600
hardzero_plus_depr__c0p50__z1p10__lam0p020__nu0p50__psi1p00,hardzero_plus_depr,0.05,37,788,0.0,2,0.25726253,0.25726253,0.993131,0.101594225,0.101594225,1.0,7.562335e-10,7.4436666e-09,-26.739391,2.1849318,0.7283106,0.224,0.0,0.18446912,15.72017,15.7401705,2524800
hardzero_plus_depr__c0p50__z1p10__lam0p020__nu0p50__psi1p00,hardzero_plus_depr,0.05,37,789,0.0,2,0.25726253,0.25726253,1.0093383,0.09787272,0.09787272,1.0,7.141057e-10,7.2962694e-09,-27.217644,2.2205884,0.74019617,0.16800001,0.0,0.18255934,15.7401705,15.760171,2528000
hardzero_plus_depr__c0p50__z1p10__lam0p020__nu0p50__psi1p00,hardzero_plus_depr,0.05,37,790,0.0,2,0.25726253,0.25726253,1.0389143,0.09142937,0.09142937,1.0,6.538836e-10,7.15179e-09,-27.256138,2.2856572,0.76188576,0.112,0.0,0.18136546,15.760171,15.780171,2531200
hardzero_plus_depr__c0p50__z1p10__lam0p020__nu0p50__psi1p00,hardzero_plus_depr,0.05,37,791,0.0,2,0.25726253,0.25726253,0.980963,0.10448093,0.10448093,1.0,7.3242923e-10,7.0101716e-09,-27.486038,2.1581616,0.71938723,0.136,0.0,0.18140133,15.780171,15.800172,2534400
hardzero_plus_depr__c0p50__z1p10__lam0p020__nu0p50__psi1p00,hardzero_plus_depr,0.05,37,792,0.0,2,0.25726253,0.25726253,1.0000306,0.099992946,0.099992946,1.0,6.8708733e-10,6.871358e-09,-26.52775,2.2001114,0.7333705,0.14400001,0.0,0.1718521,15.800172,15.820172,2537600
hardzero_plus_depr__c0p50__z1p10__lam0p020__nu0p50__psi1p00,hardzero_plus_depr,0.05,37,793,0.0,2,0.25726253,0.25726253,1.0152379,0.09655217,0.09655217,1.0,6.503071e-10,6.7352923e-09,-27.170546,2.233568,0.7445227,0.19,0.0,0.18234132,15.820172,15.840173,2540800
hardzero_plus_depr__c0p50__z1p10__lam0p020__nu0p50__psi1p00,hardzero_plus_depr,0.05,37,794,0.0,2,0.25726253,0.25726253,0.98702985,0.103031516,0.103031516,1.0,6.8020606e-10,6.601922e-09,-26.225002,2.171509,0.72383636,0.16800001,0.0,0.20377338,15.840173,15.860173,2544000
hardzero_plus_depr__c0p50__z1p10__lam0p020__nu0p50__psi1p00,hardzero_plus_depr,0.05,37,795,0.0,2,0.25726253,0.25726253,1.0223823,0.09497684,0.09497684,1.0,6.1461336e-10,6.471192e-09,-27.44265,2.249286,0.749762,0.192,0.0,0.17952304,15.860173,15.880174,2547200
hardzero_plus_depr__c0p50__z1p10__lam0p020__nu0p50__psi1p00,hardzero_plus_depr,0.05,37,796,0.0,2,0.25726253,0.25726253,1.008495,0.09806296,0.09806296,1.0,6.2201844e-10,6.3430514e-09,-26.958162,2.2187333,0.7395778,0.216,0.0,0.17819759,15.880174,15.900174,2550400
hardzero_plus_depr__c0p50__z1p10__lam0p020__nu0p50__psi1p00,hardzero_plus_depr,0.05,37,797,0.0,2,0.25726253,0.25726253,0.97032547,0.10707166,0.10707166,1.0,6.657125e-10,6.217448e-09,-25.68015,2.1347587,0.71158624,0.23200001,0.0,0.18308656,15.900174,15.920175,2553600
hardzero_plus_depr__c0p50__z1p10__lam0p020__nu0p50__psi1p00,hardzero_plus_depr,0.05,37,798,0.0,2,0.25726253,0.25726253,1.074237,0.084287465,0.084287465,1.0,5.136757e-10,6.094331e-09,-28.432552,2.3633685,0.7877895,0.18400002,0.0,0.22204624,15.920175,15.940175,2556800
hardzero_plus_depr__c0p50__z1p10__lam0p020__nu0p50__psi1p00,hardzero_plus_depr,0.05,37,799,0.0,2,0.25726253,0.25726253,1.0752109,0.08409866,0.08409866,1.0,5.023762e-10,5.973653e-09,-28.536573,2.3655112,0.78850377,0.208,0.0,0.21849354,15.940175,15.9601755,2560000
hardzero_plus_depr__c0p50__z1p10__lam0p020__nu0p50__psi1p00,hardzero_plus_depr,0.05,37,800,0.0,2,0.25726253,0.25726253,1.0078214,0.09821517,0.09821517,1.0,5.750855e-10,5.8553633e-09,-26.634523,2.2172515,0.7390839,0.17600001,0.0,0.16871108,15.9601755,15.980176,2563200
hardzero_plus_depr__c0p50__z1p10__lam0p020__nu0p50__psi1p00,hardzero_plus_depr,0.05,37,801,0.0,2,0.25726253,0.25726253,1.0265775,0.0940638,0.0940638,1.0,5.398714e-10,5.7394174e-09,-27.41128,2.2585156,0.75283855,0.16000001,0.0,0.16494782,15.980176,16.000175,2566400
hardzero_plus_depr__c0p50__z1p10__lam0p020__nu0p50__psi1p00,hardzero_plus_depr,0.05,37,802,0.0,2,0.25726253,0.25726253,1.0118608,0.097305894,0.097305894,1.0,5.474208e-10,5.625772e-09,-27.068913,2.2261384,0.7420461,0.16000001,0.0,0.18891127,16.000175,16.020176,2569600
hardzero_plus_depr__c0p50__z1p10__lam0p020__nu0p50__psi1p00,hardzero_plus_depr,0.05,37,803,0.0,2,0.25726253,0.25726253,1.0240964,0.094602704,0.094602704,1.0,5.216744e-10,5.514371e-09,-27.759813,2.253057,0.751019,0.14400001,0.0,0.22370331,16.020176,16.040176,2572800
hardzero_plus_depr__c0p50__z1p10__lam0p020__nu0p50__psi1p00,hardzero_plus_depr,0.05,37,804,0.0,2,0.25726253,0.25726253,1.020713,0.09534259,0.09534259,1.0,5.1534355e-10,5.4051768e-09,-26.832108,2.2456133,0.7485378,0.15200001,0.0,0.18833287,16.040176,16.060177,2576000
hardzero_plus_depr__c0p50__z1p10__lam0p020__nu0p50__psi1p00,hardzero_plus_depr,0.05,37,805,0.0,2,0.25726253,0.25726253,1.0231314,0.09481315,0.09481315,1.0,5.0233384e-10,5.298145e-09,-27.154251,2.250934,0.7503113,0.14400001,0.0,0.18136524,16.060177,16.080177,2579200
hardzero_plus_depr__c0p50__z1p10__lam0p020__nu0p50__psi1p00,hardzero_plus_depr,0.05,37,806,0.0,2,0.25726253,0.25726253,1.0935696,0.080617696,0.080617696,1.0,4.186664e-10,5.193232e-09,-28.127863,2.4059012,0.8019671,0.11,0.0,0.17992695,16.080177,16.100178,2582400
hardzero_plus_depr__c0p50__z1p10__lam0p020__nu0p50__psi1p00,hardzero_plus_depr,0.05,37,807,0.0,2,0.25726253,0.25726253,1.051925,0.088730924,0.088730924,1.0,4.5167564e-10,5.090397e-09,-27.35436,2.314281,0.77142704,0.096,0.0,0.17097715,16.100178,16.120178,2585600
hardzero_plus_depr__c0p50__z1p10__lam0p020__nu0p50__psi1p00,hardzero_plus_depr,0.05,37,808,0.0,2,0.25726253,0.25726253,1.0151352,0.09657501,0.09657501,1.0,4.818705e-10,4.989598e-09,-27.032782,2.233342,0.74444735,0.16800001,0.0,0.15958871,16.120178,16.140179,2588800
hardzero_plus_depr__c0p50__z1p10__lam0p020__nu0p50__psi1p00,hardzero_plus_depr,0.05,37,809,0.0,2,0.25726253,0.25726253,1.0173402,0.096085936,0.096085936,1.0,4.699366e-10,4.890795e-09,-27.127201,2.238193,0.74606436,0.16000001,0.0,0.17041145,16.140179,16.16018,2592000
hardzero_plus_depr__c0p50__z1p10__lam0p020__nu0p50__psi1p00,hardzero_plus_depr,0.05,37,810,0.0,2,0.25726253,0.25726253,1.0344602,0.09237187,0.09237187,1.0,4.4282603e-10,4.793949e-09,-27.372808,2.275858,0.7586193,0.2,0.008,0.16318673,16.16018,16.18018,2595200
hardzero_plus_depr__c0p50__z1p10__lam0p020__nu0p50__psi1p00,hardzero_plus_depr,0.05,37,811,0.0,2,0.25726253,0.25726253,1.0073255,0.098327376,0.098327376,1.0,4.6204232e-10,4.6990203e-09,-26.882673,2.2161605,0.7387202,0.16000001,0.0,0.16714747,16.18018,16.20018,2598400
hardzero_plus_depr__c0p50__z1p10__lam0p020__nu0p50__psi1p00,hardzero_plus_depr,0.05,37,812,0.0,2,0.25726253,0.25726253,1.00367,0.09915851,0.09915851,1.0,4.5672124e-10,4.605971e-09,-26.837334,2.208118,0.73603934,0.2,0.0,0.18858857,16.20018,16.22018,2601600
hardzero_plus_depr__c0p50__z1p10__lam0p020__nu0p50__psi1p00,hardzero_plus_depr,0.05,37,813,0.0,2,0.25726253,0.25726253,0.98865986,0.10264555,0.10264555,1.0,4.6342055e-10,4.514765e-09,-27.273111,2.175095,0.72503173,0.14400001,0.0,0.16113815,16.22018,16.240181,2604800
hardzero_plus_depr__c0p50__z1p10__lam0p020__nu0p50__psi1p00,hardzero_plus_depr,0.05,37,814,0.0,2,0.25726253,0.25726253,1.0215313,0.095163114,0.095163114,1.0,4.2113146e-10,4.4253645e-09,-27.21671,2.2474139,0.749138,0.192,0.0,0.19142866,16.240181,16.260181,2608000
hardzero_plus_depr__c0p50__z1p10__lam0p020__nu0p50__psi1p00,hardzero_plus_depr,0.05,37,815,0.0,2,0.25726253,0.25726253,1.0759588,0.08395395,0.08395395,1.0,3.6416994e-10,4.3377346e-09,-28.1785,2.3671567,0.78905225,0.16000001,0.0,0.17666458,16.260181,16.280182,2611200
hardzero_plus_depr__c0p50__z1p10__lam0p020__nu0p50__psi1p00,hardzero_plus_depr,0.05,37,816,0.0,2,0.25726253,0.25726253,1.0110412,0.097489715,0.097489715,1.0,4.145106e-10,4.2518393e-09,-26.49779,2.224335,0.741445,0.136,0.0,0.15429026,16.280182,16.300182,2614400
hardzero_plus_depr__c0p50__z1p10__lam0p020__nu0p50__psi1p00,hardzero_plus_depr,0.05,37,817,0.0,2,0.25726253,0.25726253,0.99202204,0.10185396,0.10185396,1.0,4.244912e-10,4.1676453e-09,-26.115726,2.182492,0.72749734,0.15200001,0.0,0.1753362,16.300182,16.320183,2617600
hardzero_plus_depr__c0p50__z1p10__lam0p020__nu0p50__psi1p00,hardzero_plus_depr,0.05,37,818,0.0,2,0.25726253,0.25726253,1.0487894,0.08937389,0.08937389,1.0,3.6510295e-10,4.085119e-09,-27.554049,2.3073828,0.7691276,0.2,0.0,0.18516159,16.320183,16.340183,2620800
hardzero_plus_depr__c0p50__z1p10__lam0p020__nu0p50__psi1p00,hardzero_plus_depr,0.05,37,819,0.0,2,0.25726253,0.25726253,0.9950033,0.10115718,0.10115718,1.0,4.050562e-10,4.004226e-09,-26.615332,2.189051,0.72968364,0.089999996,0.0,0.15629382,16.340183,16.360184,2624000
hardzero_plus_depr__c0p50__z1p10__lam0p020__nu0p50__psi1p00,hardzero_plus_depr,0.05,37,820,0.0,2,0.25726253,0.25726253,1.0307533,0.09316371,0.09316371,1.0,3.656615e-10,3.924935e-09,-26.803799,2.2677023,0.7559008,0.128,0.0,0.22339381,16.360184,16.380184,2627200
hardzero_plus_depr__c0p50__z1p10__lam0p020__nu0p50__psi1p00,hardzero_plus_depr,0.05,37,821,0.0,2,0.25726253,0.25726253,1.0510724,0.08890529,0.08890529,1.0,3.4203776e-10,3.847215e-09,-27.486689,2.3124053,0.7708018,0.18400002,0.0,0.19374119,16.380184,16.400185,2630400
hardzero_plus_depr__c0p50__z1p10__lam0p020__nu0p50__psi1p00,hardzero_plus_depr,0.05,37,822,0.0,2,0.25726253,0.25726253,0.9917152,0.10192596,0.10192596,1.0,3.8436615e-10,3.771033e-09,-26.358397,2.181817,0.7272724,0.120000005,0.0,0.1835149,16.400185,16.420185,2633600
hardzero_plus_depr__c0p50__z1p10__lam0p020__nu0p50__psi1p00,hardzero_plus_depr,0.05,37,823,0.0,2,0.25726253,0.25726253,0.9952664,0.101095915,0.101095915,1.0,3.736869e-10,3.6963599e-09,-26.382565,2.1896298,0.72987664,0.17600001,0.0,0.17704405,16.420185,16.440186,2636800
hardzero_plus_depr__c0p50__z1p10__lam0p020__nu0p50__psi1p00,hardzero_plus_depr,0.05,37,824,0.0,2,0.25726253,0.25726253,1.012446,0.09717486,0.09717486,1.0,3.5208056e-10,3.623165e-09,-26.648346,2.2274258,0.7424753,0.17600001,0.0,0.17980617,16.440186,16.460186,2640000
hardzero_plus_depr__c0p50__z1p10__lam0p020__nu0p50__psi1p00,hardzero_plus_depr,0.05,37,825,0.0,2,0.25726253,0.25726253,1.067307,0.08564321,0.08564321,1.0,3.0415503e-10,3.5514203e-09,-28.23532,2.3481224,0.78270745,0.128,0.0,0.20945154,16.460186,16.480186,2643200
hardzero_plus_depr__c0p50__z1p10__lam0p020__nu0p50__psi1p00,hardzero_plus_depr,0.05,37,826,0.0,2,0.25726253,0.25726253,1.0737473,0.084382564,0.084382564,1.0,2.9374378e-10,3.4810956e-09,-28.370573,2.362291,0.7874304,0.14400001,0.0,0.18176952,16.480186,16.500187,2646400
hardzero_plus_depr__c0p50__z1p10__lam0p020__nu0p50__psi1p00,hardzero_plus_depr,0.05,37,827,0.0,2,0.25726253,0.25726253,0.99158496,0.10195652,0.10195652,1.0,3.4789233e-10,3.4121637e-09,-26.715677,2.1815305,0.72717685,0.15200001,0.0,0.16744238,16.500187,16.520187,2649600
hardzero_plus_depr__c0p50__z1p10__lam0p020__nu0p50__psi1p00,hardzero_plus_depr,0.05,37,828,0.0,2,0.25726253,0.25726253,1.0148507,0.096638285,0.096638285,1.0,3.2321615e-10,3.3445973e-09,-27.348923,2.232716,0.74423873,0.15200001,0.0,0.2051754,16.520187,16.540188,2652800
hardzero_plus_depr__c0p50__z1p10__lam0p020__nu0p50__psi1p00,hardzero_plus_depr,0.05,37,829,0.0,2,0.25726253,0.25726253,0.9930691,0.1016087,0.1016087,1.0,3.331107e-10,3.2783678e-09,-26.815203,2.1847956,0.7282652,0.18400002,0.0,0.17011364,16.540188,16.560188,2656000
hardzero_plus_depr__c0p50__z1p10__lam0p020__nu0p50__psi1p00,hardzero_plus_depr,0.05,37,830,0.0,2,0.25726253,0.25726253,1.0144266,0.09673273,0.09673273,1.0,3.1084585e-10,3.2134506e-09,-27.97242,2.2317832,0.7439277,0.224,0.0,0.17971031,16.560188,16.580189,2659200
hardzero_plus_depr__c0p50__z1p10__lam0p020__nu0p50__psi1p00,hardzero_plus_depr,0.05,37,831,0.0,2,0.25726253,0.25726253,1.024139,0.09459342,0.09459342,1.0,2.979521e-10,3.1498186e-09,-27.298458,2.253151,0.75105035,0.2,0.0,0.2035654,16.580189,16.60019,2662400
hardzero_plus_depr__c0p50__z1p10__lam0p020__nu0p50__psi1p00,hardzero_plus_depr,0.05,37,832,0.0,2,0.25726253,0.25726253,1.011467,0.09739418,0.09739418,1.0,3.0069933e-10,3.0874465e-09,-27.36146,2.2252717,0.7417573,0.17999999,0.0,0.20145503,16.60019,16.62019,2665600
hardzero_plus_depr__c0p50__z1p10__lam0p020__nu0p50__psi1p00,hardzero_plus_depr,0.05,37,833,0.0,2,0.25726253,0.25726253,1.042393,0.09069995,0.09069995,1.0,2.7448613e-10,3.0263096e-09,-27.054743,2.2933104,0.76443684,0.208,0.008,0.20328493,16.62019,16.64019,2668800
hardzero_plus_depr__c0p50__z1p10__lam0p020__nu0p50__psi1p00,hardzero_plus_depr,0.05,37,834,0.0,2,0.25726253,0.25726253,1.0434766,0.09047391,0.09047391,1.0,2.6838032e-10,2.9663834e-09,-28.556328,2.2956944,0.7652315,0.208,0.0,0.20984899,16.64019,16.66019,2672000
hardzero_plus_depr__c0p50__z1p10__lam0p020__nu0p50__psi1p00,hardzero_plus_depr,0.05,37,835,0.0,2,0.25726253,0.25726253,1.005062,0.09884121,0.09884121,1.0,2.8739502e-10,2.9076437e-09,-27.222164,2.2111804,0.7370602,0.208,0.0,0.20690657,16.66019,16.680191,2675200
hardzero_plus_depr__c0p50__z1p10__lam0p020__nu0p50__psi1p00,hardzero_plus_depr,0.05,37,836,0.0,2,0.25726253,0.25726253,1.016649,0.09623897,0.09623897,1.0,2.742875e-10,2.850067e-09,-27.213314,2.2366724,0.7455575,0.16800001,0.0,0.18658692,16.680191,16.700191,2678400
hardzero_plus_depr__c0p50__z1p10__lam0p020__nu0p50__psi1p00,hardzero_plus_depr,0.05,37,837,0.0,2,0.25726253,0.25726253,0.99567604,0.10100061,0.10100061,1.0,2.821584e-10,2.7936309e-09,-27.318449,2.190531,0.73017704,0.23200001,0.0,0.21222346,16.700191,16.720192,2681600
hardzero_plus_depr__c0p50__z1p10__lam0p020__nu0p50__psi1p00,hardzero_plus_depr,0.05,37,838,0.0,2,0.25726253,0.25726253,1.1015538,0.0,0.07914915,0.0,0.0,2.7383118e-09,-28.644089,2.4234667,0.8078222,0.120000005,0.0,0.22907166,16.720192,16.740192,2684800
hardzero_plus_depr__c0p50__z1p10__lam0p020__nu0p50__psi1p00,hardzero_plus_depr,0.05,37,839,0.0,2,0.25726253,0.25726253,0.9967555,0.10074987,0.10074987,1.0,2.7042155e-10,2.6840883e-09,-26.739544,2.192906,0.73096865,0.192,0.0,0.1717934,16.740192,16.760193,2688000
hardzero_plus_depr__c0p50__z1p10__lam0p020__nu0p50__psi1p00,hardzero_plus_depr,0.05,37,840,0.0,2,0.25726253,0.25726253,0.996246,0.10086813,0.10086813,1.0,2.6537786e-10,2.6309388e-09,-26.935389,2.1917849,0.730595,0.080000006,0.0,0.15617707,16.760193,16.780193,2691200
hardzero_plus_depr__c0p50__z1p10__lam0p020__nu0p50__psi1p00,hardzero_plus_depr,0.05,37,841,0.0,2,0.25726253,0.25726253,0.98905224,0.10255286,0.10255286,1.0,2.644676e-10,2.5788416e-09,-26.12043,2.1759584,0.7253195,0.16000001,0.0,0.16403043,16.780193,16.800194,2694400
hardzero_plus_depr__c0p50__z1p10__lam0p020__nu0p50__psi1p00,hardzero_plus_depr,0.05,37,842,0.0,2,0.25726253,0.25726253,1.0240856,0.09460505,0.09460505,1.0,2.3914037e-10,2.527776e-09,-28.415388,2.2530334,0.75101113,0.136,0.0,0.1611029,16.800194,16.820194,2697600
hardzero_plus_depr__c0p50__z1p10__lam0p020__nu0p50__psi1p00,hardzero_plus_depr,0.05,37,843,0.0,2,0.25726253,0.25726253,0.9772174,0.10538593,0.10538593,1.0,2.6111696e-10,2.4777214e-09,-25.877396,2.1499212,0.7166404,0.15200001,0.0,0.16806757,16.820194,16.840195,2700800
hardzero_plus_depr__c0p50__z1p10__lam0p020__nu0p50__psi1p00,hardzero_plus_depr,0.05,37,844,0.0,2,0.25726253,0.25726253,0.9958461,0.10096105,0.10096105,1.0,2.4519986e-10,2.428658e-09,-26.672966,2.190905,0.73030174,0.15200001,0.0,0.16224274,16.840195,16.860195,2704000
hardzero_plus_depr__c0p50__z1p10__lam0p020__nu0p50__psi1p00,hardzero_plus_depr,0.05,37,845,0.0,2,0.25726253,0.25726253,0.98567826,0.10335268,0.10335268,1.0,2.4603794e-10,2.3805666e-09,-27.239729,2.1685355,0.7228452,0.13,0.0,0.1749463,16.860195,16.880196,2707200
hardzero_plus_depr__c0p50__z1p10__lam0p020__nu0p50__psi1p00,hardzero_plus_depr,0.05,37,846,0.0,2,0.25726253,0.25726253,1.0230873,0.09482278,0.09482278,1.0,2.2126201e-10,2.3334268e-09,-26.505367,2.2508368,0.75027895,0.120000005,0.0,0.1767969,16.880196,16.900196,2710400
hardzero_plus_depr__c0p50__z1p10__lam0p020__nu0p50__psi1p00,hardzero_plus_depr,0.05,37,847,0.0,2,0.25726253,0.25726253,1.0245445,0.09450516,0.09450516,1.0,2.1615419e-10,2.287221e-09,-28.324116,2.2540429,0.75134766,0.224,0.0,0.20071056,16.900196,16.920197,2713600
hardzero_plus_depr__c0p50__z1p10__lam0p020__nu0p50__psi1p00,hardzero_plus_depr,0.05,37,848,0.0,2,0.25726253,0.25726253,1.0762657,0.08389466,0.08389466,1.0,1.8808596e-10,2.24193e-09,-28.178415,2.3678317,0.78927726,0.14400001,0.0,0.18970288,16.920197,16.940197,2716800
hardzero_plus_depr__c0p50__z1p10__lam0p020__nu0p50__psi1p00,hardzero_plus_depr,0.05,37,849,0.0,2,0.25726253,0.25726253,0.96390945,0.108665206,0.108665206,1.0,2.3879568e-10,2.1975357e-09,-27.24349,2.1206431,0.70688105,0.208,0.0,0.19952486,16.940197,16.960197,2720000
hardzero_plus_depr__c0p50__z1p10__lam0p020__nu0p50__psi1p00,hardzero_plus_depr,0.05,37,850,0.0,2,0.25726253,0.25726253,1.0047951,0.09890195,0.09890195,1.0,2.1303685e-10,2.1540207e-09,-26.580442,2.2105932,0.73686445,0.224,0.0,0.18352054,16.960197,16.980198,2723200
hardzero_plus_depr__c0p50__z1p10__lam0p020__nu0p50__psi1p00,hardzero_plus_depr,0.05,37,851,0.0,2,0.25726253,0.25726253,1.0431291,0.09054633,0.09054633,1.0,1.9117655e-10,2.111367e-09,-27.182804,2.2949297,0.7649766,0.16000001,0.0,0.20855774,16.980198,17.000198,2726400
hardzero_plus_depr__c0p50__z1p10__lam0p020__nu0p50__psi1p00,hardzero_plus_depr,0.05,37,852,0.0,2,0.25726253,0.25726253,1.047852,0.089566976,0.089566976,1.0,1.8536409e-10,2.0695583e-09,-27.424559,2.3053205,0.7684402,0.18400002,0.0,0.22140679,17.000198,17.020199,2729600
hardzero_plus_depr__c0p50__z1p10__lam0p020__nu0p50__psi1p00,hardzero_plus_depr,0.05,37,853,0.0,2,0.25726253,0.25726253,0.98283356,0.104031876,0.104031876,1.0,2.1103673e-10,2.0285775e-09,-26.816702,2.162277,0.72075903,0.256,0.0,0.20194405,17.020199,17.0402,2732800
hardzero_plus_depr__c0p50__z1p10__lam0p020__nu0p50__psi1p00,hardzero_plus_depr,0.05,37,854,0.0,2,0.25726253,0.25726253,0.99410903,0.10136567,0.10136567,1.0,2.0155633e-10,1.988408e-09,-26.538757,2.1870835,0.72902787,0.16800001,0.0,0.15404862,17.0402,17.0602,2736000
hardzero_plus_depr__c0p50__z1p10__lam0p020__nu0p50__psi1p00,hardzero_plus_depr,0.05,37,855,0.0,2,0.25726253,0.25726253,1.0579677,0.08750488,0.08750488,1.0,1.7054996e-10,1.9490338e-09,-27.937733,2.3275752,0.7758584,0.128,0.0,0.20758784,17.0602,17.0802,2739200
hardzero_plus_depr__c0p50__z1p10__lam0p020__nu0p50__psi1p00,hardzero_plus_depr,0.05,37,856,0.0,2,0.25726253,0.25726253,0.97429055,0.10609855,0.10609855,1.0,2.0269486e-10,1.9104396e-09,-26.191404,2.143482,0.714494,0.16800001,0.0,0.17655098,17.0802,17.1002,2742400
hardzero_plus_depr__c0p50__z1p10__lam0p020__nu0p50__psi1p00,hardzero_plus_depr,0.05,37,857,0.0,2,0.25726253,0.25726253,1.0348002,0.0922996,0.0922996,1.0,1.728411e-10,1.8726094e-09,-27.61241,2.2766058,0.75886863,0.136,0.0,0.17651384,17.1002,17.120201,2745600
hardzero_plus_depr__c0p50__z1p10__lam0p020__nu0p50__psi1p00,hardzero_plus_depr,0.05,37,858,0.0,2,0.25726253,0.25726253,1.0362854,0.09198449,0.09198449,1.0,1.6884015e-10,1.8355285e-09,-27.524834,2.2798734,0.7599578,0.17999999,0.0,0.18170965,17.120201,17.140202,2748800
hardzero_plus_depr__c0p50__z1p10__lam0p020__nu0p50__psi1p00,hardzero_plus_depr,0.05,37,859,0.0,2,0.25726253,0.25726253,1.0130322,0.09704379,0.09704379,1.0,1.7459942e-10,1.7991818e-09,-27.50689,2.2287154,0.74290514,0.128,0.0,0.18530366,17.140202,17.160202,2752000
hardzero_plus_depr__c0p50__z1p10__lam0p020__nu0p50__psi1p00,hardzero_plus_depr,0.05,37,860,0.0,2,0.25726253,0.25726253,0.9874141,0.1029404,0.1029404,1.0,1.8154105e-10,1.7635549e-09,-27.076788,2.1723545,0.7241182,0.18400002,0.0,0.18384396,17.160202,17.180202,2755200
hardzero_plus_depr__c0p50__z1p10__lam0p020__nu0p50__psi1p00,hardzero_plus_depr,0.05,37,861,0.0,2,0.25726253,0.25726253,1.0218804,0.095086664,0.095086664,1.0,1.6436999e-10,1.7286335e-09,-27.052404,2.2481818,0.74939394,0.14400001,0.0,0.17594856,17.180202,17.200203,2758400
hardzero_plus_depr__c0p50__z1p10__lam0p020__nu0p50__psi1p00,hardzero_plus_depr,0.05,37,862,0.0,2,0.25726253,0.25726253,1.0206801,0.095349826,0.095349826,1.0,1.6156104e-10,1.6944032e-09,-27.174376,2.245541,0.7485137,0.15200001,0.0,0.17026563,17.200203,17.220203,2761600
hardzero_plus_depr__c0p50__z1p10__lam0p020__nu0p50__psi1p00,hardzero_plus_depr,0.05,37,863,0.0,2,0.25726253,0.25726253,1.0386139,0.09149262,0.09149262,1.0,1.5195561e-10,1.660851e-09,-27.52783,2.2849963,0.76166546,0.136,0.0,0.18929832,17.220203,17.240204,2764800
hardzero_plus_depr__c0p50__z1p10__lam0p020__nu0p50__psi1p00,hardzero_plus_depr,0.05,37,864,0.0,2,0.25726253,0.25726253,1.0073289,0.09832663,0.09832663,1.0,1.6007216e-10,1.6279634e-09,-27.104437,2.2161677,0.73872256,0.18400002,0.0,0.1588863,17.240204,17.260204,2768000
hardzero_plus_depr__c0p50__z1p10__lam0p020__nu0p50__psi1p00,hardzero_plus_depr,0.05,37,865,0.0,2,0.25726253,0.25726253,0.976257,0.10561923,0.10561923,1.0,1.685394e-10,1.5957266e-09,-26.567955,2.1478083,0.7159361,0.136,0.0,0.19088723,17.260204,17.280205,2771200
hardzero_plus_depr__c0p50__z1p10__lam0p020__nu0p50__psi1p00,hardzero_plus_depr,0.05,37,866,0.0,2,0.25726253,0.25726253,0.9978702,0.100491606,0.100491606,1.0,1.571818e-10,1.5641286e-09,-26.595783,2.1953583,0.73178613,0.16800001,0.0,0.18043637,17.280205,17.300205,2774400
hardzero_plus_depr__c0p50__z1p10__lam0p020__nu0p50__psi1p00,hardzero_plus_depr,0.05,37,867,0.0,2,0.25726253,0.25726253,1.0681752,0.08547219,0.08547219,1.0,1.310422e-10,1.533156e-09,-28.385145,2.3500323,0.78334415,0.14400001,0.0,0.22148898,17.300205,17.320206,2777600
hardzero_plus_depr__c0p50__z1p10__lam0p020__nu0p50__psi1p00,hardzero_plus_depr,0.05,37,868,0.0,2,0.25726253,0.25726253,0.95749,0.110283345,0.110283345,1.0,1.6573347e-10,1.5027969e-09,-26.365292,2.1065202,0.7021734,0.16800001,0.0,0.16322319,17.320206,17.340206,2780800
hardzero_plus_depr__c0p50__z1p10__lam0p020__nu0p50__psi1p00,hardzero_plus_depr,0.05,37,869,0.0,2,0.25726253,0.25726253,1.0670791,0.08568819,0.08568819,1.0,1.2622202e-10,1.4730387e-09,-28.227158,2.3476207,0.78254026,0.15200001,0.0,0.21459024,17.340206,17.360207,2784000
hardzero_plus_depr__c0p50__z1p10__lam0p020__nu0p50__psi1p00,hardzero_plus_depr,0.05,37,870,0.0,2,0.25726253,0.25726253,1.0423663,0.09070553,0.09070553,1.0,1.3096699e-10,1.4438699e-09,-28.244926,2.2932515,0.7644172,0.17600001,0.0,0.17619157,17.360207,17.380207,2787200
hardzero_plus_depr__c0p50__z1p10__lam0p020__nu0p50__psi1p00,hardzero_plus_depr,0.05,37,871,0.0,2,0.25726253,0.25726253,0.9756607,0.10576435,0.10576435,1.0,1.4968604e-10,1.4152788e-09,-27.04346,2.1464963,0.7154988,0.19,0.0,0.19176759,17.380207,17.400208,2790400
hardzero_plus_depr__c0p50__z1p10__lam0p020__nu0p50__psi1p00,hardzero_plus_depr,0.05,37,872,0.0,2,0.25726253,0.25726253,1.0423878,0.090701014,0.090701014,1.0,1.2582532e-10,1.3872538e-09,-27.85062,2.293299,0.764433,0.16000001,0.0,0.16805376,17.400208,17.420208,2793600
hardzero_plus_depr__c0p50__z1p10__lam0p020__nu0p50__psi1p00,hardzero_plus_depr,0.05,37,873,0.0,2,0.25726253,0.25726253,1.040092,0.09118176,0.09118176,1.0,1.2398747e-10,1.3597837e-09,-28.106504,2.288248,0.7627494,0.14400001,0.0,0.20890562,17.420208,17.440208,2796800
hardzero_plus_depr__c0p50__z1p10__lam0p020__nu0p50__psi1p00,hardzero_plus_depr,0.05,37,874,0.0,2,0.25726253,0.25726253,0.97430795,0.10609429,0.10609429,1.0,1.4140858e-10,1.3328576e-09,-26.592134,2.1435204,0.7145068,0.17600001,0.0,0.17531939,17.440208,17.460209,2800000
hardzero_plus_depr__c0p50__z1p10__lam0p020__nu0p50__psi1p00,hardzero_plus_depr,0.05,37,875,0.0,2,0.25726253,0.25726253,1.0414002,0.09090752,0.09090752,1.0,1.1876745e-10,1.3064646e-09,-27.370226,2.2911263,0.7637088,0.15200001,0.0,0.17933817,17.460209,17.48021,2803200
hardzero_plus_depr__c0p50__z1p10__lam0p020__nu0p50__psi1p00,hardzero_plus_depr,0.05,37,876,0.0,2,0.25726253,0.25726253,1.0124065,0.097183734,0.097183734,1.0,1.2445292e-10,1.2805942e-09,-26.808775,2.2273388,0.7424463,0.18400002,0.0,0.17207713,17.48021,17.50021,2806400
hardzero_plus_depr__c0p50__z1p10__lam0p020__nu0p50__psi1p00,hardzero_plus_depr,0.05,37,877,0.0,2,0.25726253,0.25726253,1.004552,0.09895734,0.09895734,1.0,1.2421483e-10,1.2552362e-09,-26.628244,2.2100585,0.73668617,0.16000001,0.0,0.17704247,17.50021,17.52021,2809600
hardzero_plus_depr__c0p50__z1p10__lam0p020__nu0p50__psi1p00,hardzero_plus_depr,0.05,37,878,0.0,2,0.25726253,0.25726253,1.0510657,0.08890667,0.08890667,1.0,1.0938902e-10,1.2303804e-09,-28.126558,2.3123906,0.7707969,0.136,0.0,0.19027476,17.52021,17.54021,2812800
hardzero_plus_depr__c0p50__z1p10__lam0p020__nu0p50__psi1p00,hardzero_plus_depr,0.05,37,879,0.0,2,0.25726253,0.25726253,1.0052577,0.09879665,0.09879665,1.0,1.191504e-10,1.2060166e-09,-26.38195,2.2116113,0.7372038,0.14400001,0.0,0.17230967,17.54021,17.560211,2816000
hardzero_plus_depr__c0p50__z1p10__lam0p020__nu0p50__psi1p00,hardzero_plus_depr,0.05,37,880,0.0,2,0.25726253,0.25726253,1.0211595,0.09524463,0.09524463,1.0,1.1259204e-10,1.1821353e-09,-28.330353,2.2465959,0.7488653,0.112,0.0,0.19743425,17.560211,17.580212,2819200
hardzero_plus_depr__c0p50__z1p10__lam0p020__nu0p50__psi1p00,hardzero_plus_depr,0.05,37,881,0.0,2,0.25726253,0.25726253,1.0375822,0.09171023,0.09171023,1.0,1.0626712e-10,1.158727e-09,-27.337849,2.2827263,0.7609088,0.136,0.0,0.17704469,17.580212,17.600212,2822400
hardzero_plus_depr__c0p50__z1p10__lam0p020__nu0p50__psi1p00,hardzero_plus_depr,0.05,37,882,0.0,2,0.25726253,0.25726253,1.003397,0.09922087,0.09922087,1.0,1.12693285e-10,1.135782e-09,-26.656548,2.2075174,0.7358391,0.2,0.0,0.18430784,17.600212,17.620213,2825600
hardzero_plus_depr__c0p50__z1p10__lam0p020__nu0p50__psi1p00,hardzero_plus_depr,0.05,37,883,0.0,2,0.25726253,0.25726253,0.97670394,0.10551058,0.10551058,1.0,1.1746404e-10,1.1132916e-09,-26.912466,2.1487916,0.7162639,0.17600001,0.0,0.17317387,17.620213,17.640213,2828800
hardzero_plus_depr__c0p50__z1p10__lam0p020__nu0p50__psi1p00,hardzero_plus_depr,0.05,37,884,0.0,2,0.25726253,0.25726253,1.0632625,0.08644452,0.08644452,1.0,9.4332285e-11,1.0912465e-09,-27.33956,2.339224,0.7797414,0.089999996,0.0,0.16925555,17.640213,17.660213,2832000
hardzero_plus_depr__c0p50__z1p10__lam0p020__nu0p50__psi1p00,hardzero_plus_depr,0.05,37,885,0.0,2,0.25726253,0.25726253,0.9992659,0.10016918,0.10016918,1.0,1.07144744e-10,1.0696378e-09,-27.04525,2.1984289,0.73280966,0.216,0.0,0.1758339,17.660213,17.680214,2835200
hardzero_plus_depr__c0p50__z1p10__lam0p020__nu0p50__psi1p00,hardzero_plus_depr,0.05,37,886,0.0,2,0.25726253,0.25726253,1.0386957,0.0914754,0.0914754,1.0,9.590804e-11,1.0484572e-09,-27.648897,2.285176,0.76172537,0.136,0.0,0.21483237,17.680214,17.700214,2838400
hardzero_plus_depr__c0p50__z1p10__lam0p020__nu0p50__psi1p00,hardzero_plus_depr,0.05,37,887,0.0,2,0.25726253,0.25726253,1.0232824,0.0947802,0.0947802,1.0,9.7405216e-11,1.0276958e-09,-27.638397,2.2512662,0.7504221,0.15200001,0.0,0.19818287,17.700214,17.720215,2841600
hardzero_plus_depr__c0p50__z1p10__lam0p020__nu0p50__psi1p00,hardzero_plus_depr,0.05,37,888,0.0,2,0.25726253,0.25726253,1.013118,0.09702461,0.09702461,1.0,9.773732e-11,1.0073457e-09,-26.559654,2.2289042,0.7429681,0.112,0.0,0.15365258,17.720215,17.740215,2844800
hardzero_plus_depr__c0p50__z1p10__lam0p020__nu0p50__psi1p00,hardzero_plus_depr,0.05,37,889,0.0,2,0.25726253,0.25726253,0.93894255,0.11509526,0.11509526,1.0,1.1364487e-10,9.873984e-10,-25.803133,2.0657148,0.68857163,0.18400002,0.0,0.15693472,17.740215,17.760216,2848000
hardzero_plus_depr__c0p50__z1p10__lam0p020__nu0p50__psi1p00,hardzero_plus_depr,0.05,37,890,0.0,2,0.25726253,0.25726253,0.9728596,0.10644871,0.10644871,1.0,1.0302597e-10,9.678461e-10,-26.766619,2.140334,0.71344465,0.14400001,0.0,0.15823865,17.760216,17.780216,2851200
hardzero_plus_depr__c0p50__z1p10__lam0p020__nu0p50__psi1p00,hardzero_plus_depr,0.05,37,891,0.0,2,0.25726253,0.25726253,1.0266262,0.09405324,0.09405324,1.0,8.922652e-11,9.48681e-10,-28.190191,2.258623,0.7528743,0.15200001,0.0,0.18366379,17.780216,17.800217,2854400
hardzero_plus_depr__c0p50__z1p10__lam0p020__nu0p50__psi1p00,hardzero_plus_depr,0.05,37,892,0.0,2,0.25726253,0.25726253,0.96570104,0.10821785,0.10821785,1.0,1.0063129e-10,9.2989544e-10,-26.12402,2.1245847,0.7081949,0.104,0.0,0.17553854,17.800217,17.820217,2857600
hardzero_plus_depr__c0p50__z1p10__lam0p020__nu0p50__psi1p00,hardzero_plus_depr,0.05,37,893,0.0,2,0.25726253,0.25726253,1.0409361,0.09100472,0.09100472,1.0,8.294915e-11,9.1148183e-10,-27.806995,2.290105,0.76336837,0.18400002,0.0,0.18346696,17.820217,17.840218,2860800
hardzero_plus_depr__c0p50__z1p10__lam0p020__nu0p50__psi1p00,hardzero_plus_depr,0.05,37,894,0.0,2,0.25726253,0.25726253,1.0018572,0.09957328,0.09957328,1.0,8.896204e-11,8.934329e-10,-27.35785,2.2041297,0.7347099,0.216,0.0,0.18901093,17.840218,17.860218,2864000
hardzero_plus_depr__c0p50__z1p10__lam0p020__nu0p50__psi1p00,hardzero_plus_depr,0.05,37,895,0.0,2,0.25726253,0.25726253,1.0074025,0.098309934,0.098309934,1.0,8.6094076e-11,8.7574137e-10,-27.088888,2.2163298,0.7387766,0.14400001,0.0,0.15766445,17.860218,17.880219,2867200
hardzero_plus_depr__c0p50__z1p10__lam0p020__nu0p50__psi1p00,hardzero_plus_depr,0.05,37,896,0.0,2,0.25726253,0.25726253,0.96184945,0.10918187,0.10918187,1.0,9.372174e-11,8.584002e-10,-25.681522,2.116111,0.70537037,0.136,0.0,0.17274573,17.880219,17.900219,2870400
hardzero_plus_depr__c0p50__z1p10__lam0p020__nu0p50__psi1p00,hardzero_plus_depr,0.05,37,897,0.0,2,0.25726253,0.25726253,0.99286914,0.1016555,0.1016555,1.0,8.5533164e-11,8.414022e-10,-27.16118,2.1843557,0.7281186,0.17,0.0,0.17220014,17.900219,17.92022,2873600
hardzero_plus_depr__c0p50__z1p10__lam0p020__nu0p50__psi1p00,hardzero_plus_depr,0.05,37,898,0.0,2,0.25726253,0.25726253,1.0110145,0.097495705,0.097495705,1.0,8.040871e-11,8.24741e-10,-27.399008,2.2242763,0.74142545,0.136,0.0,0.1832069,17.92022,17.94022,2876800
hardzero_plus_depr__c0p50__z1p10__lam0p020__nu0p50__psi1p00,hardzero_plus_depr,0.05,37,899,0.0,2,0.25726253,0.25726253,1.0640337,0.08629116,0.08629116,1.0,6.975861e-11,8.0840973e-10,-28.70767,2.340921,0.780307,0.17600001,0.0,0.21536395,17.94022,17.96022,2880000
hardzero_plus_depr__c0p50__z1p10__lam0p020__nu0p50__psi1p00,hardzero_plus_depr,0.05,37,900,0.0,2,0.25726253,0.25726253,1.0619552,0.08670513,0.08670513,1.0,6.8705305e-11,7.924018e-10,-27.86526,2.336348,0.7787827,0.112,0.0,0.20088862,17.96022,17.98022,2883200
hardzero_plus_depr__c0p50__z1p10__lam0p020__nu0p50__psi1p00,hardzero_plus_depr,0.05,37,901,0.0,2,0.25726253,0.25726253,0.99785686,0.10049469,0.10049469,1.0,7.805531e-11,7.767108e-10,-26.46542,2.195329,0.73177636,0.16800001,0.0,0.15892215,17.98022,18.000221,2886400
hardzero_plus_depr__c0p50__z1p10__lam0p020__nu0p50__psi1p00,hardzero_plus_depr,0.05,37,902,0.0,2,0.25726253,0.25726253,1.0259752,0.09419433,0.09419433,1.0,7.1713024e-11,7.6133055e-10,-27.833258,2.2571905,0.7523968,0.120000005,0.0,0.20137869,18.000221,18.020222,2889600
hardzero_plus_depr__c0p50__z1p10__lam0p020__nu0p50__psi1p00,hardzero_plus_depr,0.05,37,903,0.0,2,0.25726253,0.25726253,1.0304227,0.09323465,0.09323465,1.0,6.95768e-11,7.462548e-10,-26.944248,2.2669752,0.7556584,0.16800001,0.0,0.17357707,18.020222,18.040222,2892800
hardzero_plus_depr__c0p50__z1p10__lam0p020__nu0p50__psi1p00,hardzero_plus_depr,0.05,37,904,0.0,2,0.25726253,0.25726253,1.0486331,0.08940604,0.08940604,1.0,6.539852e-11,7.3147766e-10,-27.470392,2.3070388,0.7690129,0.136,0.0,0.17661777,18.040222,18.060223,2896000
hardzero_plus_depr__c0p50__z1p10__lam0p020__nu0p50__psi1p00,hardzero_plus_depr,0.05,37,905,0.0,2,0.25726253,0.25726253,0.9974676,0.100584805,0.100584805,1.0,7.211861e-11,7.169931e-10,-27.163467,2.1944726,0.73149085,0.14400001,0.0,0.16512316,18.060223,18.080223,2899200
hardzero_plus_depr__c0p50__z1p10__lam0p020__nu0p50__psi1p00,hardzero_plus_depr,0.05,37,906,0.0,2,0.25726253,0.25726253,1.0395263,0.09130061,0.09130061,1.0,6.4165645e-11,7.027954e-10,-26.934732,2.2870035,0.7623345,0.096,0.0,0.20597105,18.080223,18.100224,2902400
hardzero_plus_depr__c0p50__z1p10__lam0p020__nu0p50__psi1p00,hardzero_plus_depr,0.05,37,907,0.0,2,0.25726253,0.25726253,1.0378368,0.09165648,0.09165648,1.0,6.314021e-11,6.888788e-10,-27.243526,2.2832866,0.7610955,0.14400001,0.0,0.17255764,18.100224,18.120224,2905600
hardzero_plus_depr__c0p50__z1p10__lam0p020__nu0p50__psi1p00,hardzero_plus_depr,0.05,37,908,0.0,2,0.25726253,0.25726253,1.0581073,0.08747677,0.08747677,1.0,5.906762e-11,6.752378e-10,-28.567032,2.3278825,0.77596086,0.16000001,0.0,0.19399412,18.120224,18.140224,2908800
hardzero_plus_depr__c0p50__z1p10__lam0p020__nu0p50__psi1p00,hardzero_plus_depr,0.05,37,909,0.0,2,0.25726253,0.25726253,1.0185283,0.095823415,0.095823415,1.0,6.3422344e-11,6.618669e-10,-27.219711,2.240807,0.7469357,0.104,0.0,0.16886953,18.140224,18.160225,2912000
hardzero_plus_depr__c0p50__z1p10__lam0p020__nu0p50__psi1p00,hardzero_plus_depr,0.05,37,910,0.0,2,0.25726253,0.25726253,1.0250708,0.094390705,0.094390705,1.0,6.123698e-11,6.487607e-10,-26.827911,2.2552009,0.75173366,0.14999999,0.0,0.17836533,18.160225,18.180225,2915200
hardzero_plus_depr__c0p50__z1p10__lam0p020__nu0p50__psi1p00,hardzero_plus_depr,0.05,37,911,0.0,2,0.25726253,0.25726253,1.0232744,0.094781935,0.094781935,1.0,6.027317e-11,6.359141e-10,-27.104855,2.2512486,0.7504162,0.104,0.0,0.18680231,18.180225,18.200226,2918400
hardzero_plus_depr__c0p50__z1p10__lam0p020__nu0p50__psi1p00,hardzero_plus_depr,0.05,37,912,0.0,2,0.25726253,0.25726253,1.0319867,0.09289949,0.09289949,1.0,5.7906277e-11,6.2332184e-10,-27.454264,2.270416,0.75680536,0.136,0.0,0.206043,18.200226,18.220226,2921600
hardzero_plus_depr__c0p50__z1p10__lam0p020__nu0p50__psi1p00,hardzero_plus_depr,0.05,37,913,0.0,2,0.25726253,0.25726253,1.0513949,0.088839285,0.088839285,1.0,5.4278936e-11,6.10979e-10,-27.479269,2.3131151,0.7710384,0.16800001,0.0,0.19640462,18.220226,18.240227,2924800
hardzero_plus_depr__c0p50__z1p10__lam0p020__nu0p50__psi1p00,hardzero_plus_depr,0.05,37,914,0.0,2,0.25726253,0.25726253,1.0527815,0.0885561,0.0885561,1.0,5.3034528e-11,5.9888056e-10,-28.018293,2.3161654,0.77205515,0.128,0.0,0.21285412,18.240227,18.260227,2928000
hardzero_plus_depr__c0p50__z1p10__lam0p020__nu0p50__psi1p00,hardzero_plus_depr,0.05,37,915,0.0,2,0.25726253,0.25726253,1.0358233,0.092082396,0.092082396,1.0,5.405436e-11,5.8702165e-10,-27.39183,2.2788568,0.75961894,0.08800001,0.0,0.19765016,18.260227,18.280228,2931200
hardzero_plus_depr__c0p50__z1p10__lam0p020__nu0p50__psi1p00,hardzero_plus_depr,0.05,37,916,0.0,2,0.25726253,0.25726253,1.0081397,0.09814321,0.09814321,1.0,5.6471366e-11,5.7539756e-10,-27.592411,2.2179518,0.7393173,0.136,0.0,0.17352903,18.280228,18.300228,2934400
hardzero_plus_depr__c0p50__z1p10__lam0p020__nu0p50__psi1p00,hardzero_plus_depr,0.05,37,917,0.0,2,0.25726253,0.25726253,1.0084391,0.0980756,0.0980756,1.0,5.5315e-11,5.640037e-10,-26.538883,2.2186103,0.73953676,0.2,0.0,0.1833152,18.300228,18.320229,2937600
hardzero_plus_depr__c0p50__z1p10__lam0p020__nu0p50__psi1p00,hardzero_plus_depr,0.05,37,918,0.0,2,0.25726253,0.25726253,0.9872598,0.102977,0.102977,1.0,5.6929336e-11,5.5283544e-10,-25.97365,2.172015,0.724005,0.136,0.0,0.16159032,18.320229,18.340229,2940800
hardzero_plus_depr__c0p50__z1p10__lam0p020__nu0p50__psi1p00,hardzero_plus_depr,0.05,37,919,0.0,2,0.25726253,0.25726253,0.998735,0.1002917,0.1002917,1.0,5.4346895e-11,5.4188826e-10,-26.46407,2.1972609,0.7324203,0.17600001,0.008,0.17403974,18.340229,18.36023,2944000
hardzero_plus_depr__c0p50__z1p10__lam0p020__nu0p50__psi1p00,hardzero_plus_depr,0.05,37,920,0.0,2,0.25726253,0.25726253,1.0075328,0.09828046,0.09828046,1.0,5.2202447e-11,5.3115795e-10,-26.657957,2.2166164,0.7388722,0.18400002,0.0,0.19657941,18.36023,18.38023,2947200
hardzero_plus_depr__c0p50__z1p10__lam0p020__nu0p50__psi1p00,hardzero_plus_depr,0.05,37,921,0.0,2,0.25726253,0.25726253,0.9590738,0.10988191,0.10988191,1.0,5.7208918e-11,5.2064003e-10,-25.69932,2.1100044,0.7033348,0.104,0.0,0.16065015,18.38023,18.40023,2950400
hardzero_plus_depr__c0p50__z1p10__lam0p020__nu0p50__psi1p00,hardzero_plus_depr,0.05,37,922,0.0,2,0.25726253,0.25726253,1.0429842,0.09057654,0.09057654,1.0,4.6223966e-11,5.1033044e-10,-27.54753,2.2946112,0.7648704,0.16800001,0.0,0.20577236,18.40023,18.42023,2953600
hardzero_plus_depr__c0p50__z1p10__lam0p020__nu0p50__psi1p00,hardzero_plus_depr,0.05,37,923,0.0,2,0.25726253,0.25726253,0.9867367,0.10310108,0.10310108,1.0,5.1573735e-11,5.00225e-10,-27.172054,2.170864,0.72362137,0.22999999,0.0,0.16175176,18.42023,18.440231,2956800
hardzero_plus_depr__c0p50__z1p10__lam0p020__nu0p50__psi1p00,hardzero_plus_depr,0.05,37,924,0.0,2,0.25726253,0.25726253,1.0250913,0.09438625,0.09438625,1.0,4.6279435e-11,4.903197e-10,-27.421726,2.255246,0.7517487,0.128,0.0,0.18130694,18.440231,18.460232,2960000
hardzero_plus_depr__c0p50__z1p10__lam0p020__nu0p50__psi1p00,hardzero_plus_depr,0.05,37,925,0.0,2,0.25726253,0.25726253,1.0455974,0.09003318,0.09003318,1.0,4.3270887e-11,4.8061044e-10,-28.559544,2.3003602,0.76678675,0.14400001,0.0,0.18747875,18.460232,18.480232,2963200
hardzero_plus_depr__c0p50__z1p10__lam0p020__nu0p50__psi1p00,hardzero_plus_depr,0.05,37,926,0.0,2,0.25726253,0.25726253,1.0349196,0.092274204,0.092274204,1.0,4.3469783e-11,4.7109355e-10,-27.84407,2.2768686,0.7589562,0.136,0.0,0.20889948,18.480232,18.500233,2966400
hardzero_plus_depr__c0p50__z1p10__lam0p020__nu0p50__psi1p00,hardzero_plus_depr,0.05,37,927,0.0,2,0.25726253,0.25726253,1.0274823,0.093868025,0.093868025,1.0,4.3344973e-11,4.6176504e-10,-27.667437,2.2605062,0.7535021,0.16000001,0.0,0.18479851,18.500233,18.520233,2969600
hardzero_plus_depr__c0p50__z1p10__lam0p020__nu0p50__psi1p00,hardzero_plus_depr,0.05,37,928,0.0,2,0.25726253,0.25726253,1.0589114,0.087314926,0.087314926,1.0,3.952059e-11,4.5262125e-10,-28.2984,2.3296516,0.77655053,0.128,0.0,0.18604694,18.520233,18.540234,2972800
hardzero_plus_depr__c0p50__z1p10__lam0p020__nu0p50__psi1p00,hardzero_plus_depr,0.05,37,929,0.0,2,0.25726253,0.25726253,0.97709036,0.105416745,0.105416745,1.0,4.6769043e-11,4.4365858e-10,-26.862267,2.1496418,0.71654725,0.216,0.0,0.21013965,18.540234,18.560234,2976000
hardzero_plus_depr__c0p50__z1p10__lam0p020__nu0p50__psi1p00,hardzero_plus_depr,0.05,37,930,0.0,2,0.25726253,0.25726253,1.0516851,0.08877995,0.08877995,1.0,3.860803e-11,4.348733e-10,-28.436357,2.3137534,0.77125114,0.17600001,0.0,0.19576958,18.560234,18.580235,2979200
hardzero_plus_depr__c0p50__z1p10__lam0p020__nu0p50__psi1p00,hardzero_plus_depr,0.05,37,931,0.0,2,0.25726253,0.25726253,1.0413235,0.09092357,0.09092357,1.0,3.875727e-11,4.262621e-10,-27.649248,2.2909575,0.7636525,0.16000001,0.0,0.1881359,18.580235,18.600235,2982400
hardzero_plus_depr__c0p50__z1p10__lam0p020__nu0p50__psi1p00,hardzero_plus_depr,0.05,37,932,0.0,2,0.25726253,0.25726253,1.0285351,0.09364074,0.09364074,1.0,3.91251e-11,4.1782133e-10,-26.860725,2.2628224,0.75427413,0.16000001,0.0,0.18847777,18.600235,18.620235,2985600
hardzero_plus_depr__c0p50__z1p10__lam0p020__nu0p50__psi1p00,hardzero_plus_depr,0.05,37,933,0.0,2,0.25726253,0.25726253,1.0159371,0.09639687,0.09639687,1.0,3.9479118e-11,4.095477e-10,-27.226936,2.2351062,0.7450354,0.128,0.0,0.16849642,18.620235,18.640236,2988800
hardzero_plus_depr__c0p50__z1p10__lam0p020__nu0p50__psi1p00,hardzero_plus_depr,0.05,37,934,0.0,2,0.25726253,0.25726253,1.0569077,0.08771874,0.08771874,1.0,3.5213634e-11,4.0143797e-10,-27.941326,2.3252432,0.7750811,0.136,0.0,0.20048267,18.640236,18.660236,2992000
hardzero_plus_depr__c0p50__z1p10__lam0p020__nu0p50__psi1p00,hardzero_plus_depr,0.05,37,935,0.0,2,0.25726253,0.25726253,1.0312961,0.09304732,0.09304732,1.0,3.6613077e-11,3.9348877e-10,-27.042192,2.2688968,0.75629896,0.18400002,0.0,0.1725058,18.660236,18.680237,2995200
hardzero_plus_depr__c0p50__z1p10__lam0p020__nu0p50__psi1p00,hardzero_plus_depr,0.05,37,936,0.0,2,0.25726253,0.25726253,1.033201,0.09264011,0.09264011,1.0,3.573101e-11,3.8569695e-10,-27.480703,2.2730875,0.75769585,0.099999994,0.0,0.1845283,18.680237,18.700237,2998400
hardzero_plus_depr__c0p50__z1p10__lam0p020__nu0p50__psi1p00,hardzero_plus_depr,0.05,37,937,0.0,2,0.25726253,0.25726253,0.9650455,0.108381316,0.108381316,1.0,4.0974585e-11,3.780595e-10,-25.48559,2.1231425,0.7077142,0.16000001,0.0,0.16502172,18.700237,18.720238,3001600
hardzero_plus_depr__c0p50__z1p10__lam0p020__nu0p50__psi1p00,hardzero_plus_depr,0.05,37,938,0.0,2,0.25726253,0.25726253,1.0345485,0.09235309,0.09235309,1.0,3.4223586e-11,3.7057327e-10,-27.164467,2.2760522,0.7586841,0.15200001,0.0,0.18263902,18.720238,18.740238,3004800
hardzero_plus_depr__c0p50__z1p10__lam0p020__nu0p50__psi1p00,hardzero_plus_depr,0.05,37,939,0.0,2,0.25726253,0.25726253,0.99605274,0.10091303,0.10091303,1.0,3.6655172e-11,3.6323525e-10,-26.452587,2.1913598,0.73045325,0.23200001,0.0,0.16853346,18.740238,18.760239,3008000
hardzero_plus_depr__c0p50__z1p10__lam0p020__nu0p50__psi1p00,hardzero_plus_depr,0.05,37,940,0.0,2,0.25726253,0.25726253,0.9722976,0.10658655,0.10658655,1.0,3.7949345e-11,3.5604253e-10,-25.793844,2.1390975,0.7130325,0.216,0.0,0.17850406,18.760239,18.78024,3011200
hardzero_plus_depr__c0p50__z1p10__lam0p020__nu0p50__psi1p00,hardzero_plus_depr,0.05,37,941,0.0,2,0.25726253,0.25726253,1.0345062,0.0923621,0.0923621,1.0,3.2233657e-11,3.4899225e-10,-27.105196,2.275959,0.75865304,0.17600001,0.0,0.1950492,18.78024,18.80024,3014400
hardzero_plus_depr__c0p50__z1p10__lam0p020__nu0p50__psi1p00,hardzero_plus_depr,0.05,37,942,0.0,2,0.25726253,0.25726253,1.0360999,0.092023775,0.092023775,1.0,3.147964e-11,3.4208159e-10,-26.574814,2.2794652,0.7598218,0.128,0.0,0.16981193,18.80024,18.82024,3017600
hardzero_plus_depr__c0p50__z1p10__lam0p020__nu0p50__psi1p00,hardzero_plus_depr,0.05,37,943,0.0,2,0.25726253,0.25726253,1.0162929,0.09631791,0.09631791,1.0,3.2296145e-11,3.3530778e-10,-27.30934,2.2358892,0.7452964,0.16800001,0.0,0.1886764,18.82024,18.84024,3020800
hardzero_plus_depr__c0p50__z1p10__lam0p020__nu0p50__psi1p00,hardzero_plus_depr,0.05,37,944,0.0,2,0.25726253,0.25726253,1.0645831,0.086182065,0.086182065,1.0,2.8325293e-11,3.2866806e-10,-27.522459,2.3421295,0.78070986,0.120000005,0.0,0.17028476,18.84024,18.86024,3024000
hardzero_plus_depr__c0p50__z1p10__lam0p020__nu0p50__psi1p00,hardzero_plus_depr,0.05,37,945,0.0,2,0.25726253,0.25726253,1.0385313,0.091510035,0.091510035,1.0,2.9480862e-11,3.2215988e-10,-26.687717,2.2848146,0.7616049,0.08800001,0.0,0.18219483,18.86024,18.880241,3027200
hardzero_plus_depr__c0p50__z1p10__lam0p020__nu0p50__psi1p00,hardzero_plus_depr,0.05,37,946,0.0,2,0.25726253,0.25726253,0.99348986,0.1015103,0.1015103,1.0,3.2054977e-11,3.1578054e-10,-26.394968,2.1857214,0.7285738,0.136,0.0,0.18442559,18.880241,18.900242,3030400
hardzero_plus_depr__c0p50__z1p10__lam0p020__nu0p50__psi1p00,hardzero_plus_depr,0.05,37,947,0.0,2,0.25726253,0.25726253,1.0023354,0.09946369,0.09946369,1.0,3.0786748e-11,3.0952751e-10,-27.230436,2.205182,0.7350607,0.120000005,0.0,0.17539161,18.900242,18.920242,3033600
hardzero_plus_depr__c0p50__z1p10__lam0p020__nu0p50__psi1p00,hardzero_plus_depr,0.05,37,948,0.0,2,0.25726253,0.25726253,0.9861004,0.10325228,0.10325228,1.0,3.132657e-11,3.0339833e-10,-26.72188,2.169464,0.7231547,0.15200001,0.0,0.19859304,18.920242,18.940243,3036800
hardzero_plus_depr__c0p50__z1p10__lam0p020__nu0p50__psi1p00,hardzero_plus_depr,0.05,37,949,0.0,2,0.25726253,0.25726253,1.009685,0.09779461,0.09779461,1.0,2.908319e-11,2.9739053e-10,-26.761038,2.2213514,0.7404505,0.17999999,0.0,0.1785962,18.940243,18.960243,3040000
hardzero_plus_depr__c0p50__z1p10__lam0p020__nu0p50__psi1p00,hardzero_plus_depr,0.05,37,950,0.0,2,0.25726253,0.25726253,1.0587599,0.08734541,0.08734541,1.0,2.5461327e-11,2.9150163e-10,-28.359583,2.3293183,0.7764394,0.120000005,0.0,0.20232913,18.960243,18.980244,3043200
hardzero_plus_depr__c0p50__z1p10__lam0p020__nu0p50__psi1p00,hardzero_plus_depr,0.05,37,951,0.0,2,0.25726253,0.25726253,1.0256685,0.09426087,0.09426087,1.0,2.6933103e-11,2.857294e-10,-27.09219,2.2565157,0.75217193,0.16000001,0.0,0.18977086,18.980244,19.000244,3046400
hardzero_plus_depr__c0p50__z1p10__lam0p020__nu0p50__psi1p00,hardzero_plus_depr,0.05,37,952,0.0,2,0.25726253,0.25726253,1.0024455,0.09943849,0.09943849,1.0,2.784988e-11,2.8007144e-10,-27.122053,2.205424,0.7351414,0.15200001,0.0,0.17489174,19.000244,19.020245,3049600
hardzero_plus_depr__c0p50__z1p10__lam0p020__nu0p50__psi1p00,hardzero_plus_depr,0.05,37,953,0.0,2,0.25726253,0.25726253,0.9830607,0.103977464,0.103977464,1.0,2.8544472e-11,2.7452557e-10,-26.38568,2.1627767,0.72092557,0.17600001,0.0,0.16861133,19.020245,19.040245,3052800
hardzero_plus_depr__c0p50__z1p10__lam0p020__nu0p50__psi1p00,hardzero_plus_depr,0.05,37,954,0.0,2,0.25726253,0.25726253,1.0095482,0.09782543,0.09782543,1.0,2.632379e-11,2.6908945e-10,-27.537687,2.2210503,0.7403501,0.18400002,0.0,0.20087904,19.040245,19.060246,3056000
hardzero_plus_depr__c0p50__z1p10__lam0p020__nu0p50__psi1p00,hardzero_plus_depr,0.05,37,955,0.0,2,0.25726253,0.25726253,1.0415871,0.09086838,0.09086838,1.0,2.3967535e-11,2.6376099e-10,-27.544657,2.2915375,0.76384586,0.14400001,0.0,0.17819363,19.060246,19.080246,3059200
hardzero_plus_depr__c0p50__z1p10__lam0p020__nu0p50__psi1p00,hardzero_plus_depr,0.05,37,956,0.0,2,0.25726253,0.25726253,0.9909212,0.10211248,0.10211248,1.0,2.6399962e-11,2.5853805e-10,-26.973692,2.1800702,0.72669005,0.16800001,0.0,0.20088948,19.080246,19.100246,3062400
hardzero_plus_depr__c0p50__z1p10__lam0p020__nu0p50__psi1p00,hardzero_plus_depr,0.05,37,957,0.0,2,0.25726253,0.25726253,1.0829774,0.0826081,0.0826081,1.0,2.0934423e-11,2.5341854e-10,-28.822426,2.382598,0.79419935,0.16000001,0.0,0.19426359,19.100246,19.120247,3065600
hardzero_plus_depr__c0p50__z1p10__lam0p020__nu0p50__psi1p00,hardzero_plus_depr,0.05,37,958,0.0,2,0.25726253,0.25726253,1.0024061,0.09944749,0.09944749,1.0,2.4702794e-11,2.4840038e-10,-27.525684,2.2053375,0.73511255,0.15200001,0.0,0.18536228,19.120247,19.140247,3068800
hardzero_plus_depr__c0p50__z1p10__lam0p020__nu0p50__psi1p00,hardzero_plus_depr,0.05,37,959,0.0,2,0.25726253,0.25726253,0.9669716,0.10790173,0.10790173,1.0,2.6272092e-11,2.4348165e-10,-26.126442,2.12738,0.70912665,0.16800001,0.0,0.16076218,19.140247,19.160248,3072000
hardzero_plus_depr__c0p50__z1p10__lam0p020__nu0p50__psi1p00,hardzero_plus_depr,0.05,37,960,0.0,2,0.25726253,0.25726253,1.0301756,0.0932877,0.0932877,1.0,2.2264069e-11,2.3866029e-10,-26.922338,2.2664316,0.7554772,0.14400001,0.0,0.18404783,19.160248,19.180248,3075200
hardzero_plus_depr__c0p50__z1p10__lam0p020__nu0p50__psi1p00,hardzero_plus_depr,0.05,37,961,0.0,2,0.25726253,0.25726253,1.029113,0.09351622,0.09351622,1.0,2.1876662e-11,2.339344e-10,-27.785494,2.2640939,0.754698,0.112,0.0,0.1784968,19.180248,19.200249,3078400
hardzero_plus_depr__c0p50__z1p10__lam0p020__nu0p50__psi1p00,hardzero_plus_depr,0.05,37,962,0.0,2,0.25726253,0.25726253,0.98578167,0.10332807,0.10332807,1.0,2.3693339e-11,2.2930205e-10,-27.50098,2.168763,0.722921,0.21,0.0,0.17251773,19.200249,19.22025,3081600
hardzero_plus_depr__c0p50__z1p10__lam0p020__nu0p50__psi1p00,hardzero_plus_depr,0.05,37,963,0.0,2,0.25726253,0.25726253,1.0241333,0.09459467,0.09459467,1.0,2.1261236e-11,2.2476146e-10,-26.876406,2.2531383,0.7510461,0.14400001,0.0,0.18095393,19.22025,19.24025,3084800
hardzero_plus_depr__c0p50__z1p10__lam0p020__nu0p50__psi1p00,hardzero_plus_depr,0.05,37,964,0.0,2,0.25726253,0.25726253,1.0421994,0.090740375,0.090740375,1.0,1.9991085e-11,2.203108e-10,-28.099945,2.2928843,0.7642948,0.16000001,0.008,0.17785868,19.24025,19.26025,3088000
hardzero_plus_depr__c0p50__z1p10__lam0p020__nu0p50__psi1p00,hardzero_plus_depr,0.05,37,965,0.0,2,0.25726253,0.25726253,0.9794493,0.10484573,0.10484573,1.0,2.2641252e-11,2.1594825e-10,-25.910536,2.1548314,0.71827716,0.18400002,0.0,0.19069307,19.26025,19.28025,3091200
hardzero_plus_depr__c0p50__z1p10__lam0p020__nu0p50__psi1p00,hardzero_plus_depr,0.05,37,966,0.0,2,0.25726253,0.25726253,1.0236831,0.09469279,0.09469279,1.0,2.0043819e-11,2.1167208e-10,-27.447899,2.2521477,0.7507159,0.15200001,0.0,0.18494864,19.28025,19.300251,3094400
hardzero_plus_depr__c0p50__z1p10__lam0p020__nu0p50__psi1p00,hardzero_plus_depr,0.05,37,967,0.0,2,0.25726253,0.25726253,1.012599,0.09714064,0.09714064,1.0,2.01548e-11,2.0748062e-10,-27.321655,2.2277622,0.74258745,0.17600001,0.0,0.18469255,19.300251,19.320251,3097600
hardzero_plus_depr__c0p50__z1p10__lam0p020__nu0p50__psi1p00,hardzero_plus_depr,0.05,37,968,0.0,2,0.25726253,0.25726253,1.000778,0.09982104,0.09982104,1.0,2.0300817e-11,2.0337212e-10,-27.220387,2.2017555,0.73391855,0.128,0.0,0.16305359,19.320251,19.340252,3100800
hardzero_plus_depr__c0p50__z1p10__lam0p020__nu0p50__psi1p00,hardzero_plus_depr,0.05,37,969,0.0,2,0.25726253,0.25726253,0.9939475,0.10140338,0.10140338,1.0,2.0214256e-11,1.9934498e-10,-27.388119,2.1867282,0.72890943,0.16000001,0.0,0.17464569,19.340252,19.360252,3104000
hardzero_plus_depr__c0p50__z1p10__lam0p020__nu0p50__psi1p00,hardzero_plus_depr,0.05,37,970,0.0,2,0.25726253,0.25726253,1.0136802,0.09689911,0.09689911,1.0,1.8933854e-11,1.9539761e-10,-27.60941,2.230141,0.7433803,0.16800001,0.0,0.1772754,19.360252,19.380253,3107200
hardzero_plus_depr__c0p50__z1p10__lam0p020__nu0p50__psi1p00,hardzero_plus_depr,0.05,37,971,0.0,2,0.25726253,0.25726253,1.0872887,0.08179208,0.08179208,1.0,1.5665504e-11,1.9152838e-10,-28.35158,2.392083,0.797361,0.096,0.0,0.18572958,19.380253,19.400253,3110400
hardzero_plus_depr__c0p50__z1p10__lam0p020__nu0p50__psi1p00,hardzero_plus_depr,0.05,37,972,0.0,2,0.25726253,0.25726253,1.0545317,0.088199936,0.088199936,1.0,1.6558284e-11,1.8773579e-10,-28.595655,2.3200161,0.77333874,0.17600001,0.0,0.22855341,19.400253,19.420254,3113600
hardzero_plus_depr__c0p50__z1p10__lam0p020__nu0p50__psi1p00,hardzero_plus_depr,0.05,37,973,0.0,2,0.25726253,0.25726253,1.0052032,0.09880904,0.09880904,1.0,1.818267e-11,1.8401829e-10,-26.910652,2.2114913,0.7371638,0.120000005,0.0,0.19619672,19.420254,19.440254,3116800
hardzero_plus_depr__c0p50__z1p10__lam0p020__nu0p50__psi1p00,hardzero_plus_depr,0.05,37,974,0.0,2,0.25726253,0.25726253,0.95693463,0.110424474,0.110424474,1.0,1.9917748e-11,1.803744e-10,-25.875824,2.1052983,0.70176613,0.17600001,0.0,0.1550702,19.440254,19.460255,3120000
hardzero_plus_depr__c0p50__z1p10__lam0p020__nu0p50__psi1p00,hardzero_plus_depr,0.05,37,975,0.0,2,0.25726253,0.25726253,1.029953,0.09333554,0.09333554,1.0,1.6501972e-11,1.7680266e-10,-27.009762,2.2659419,0.755314,0.16,0.0,0.16641407,19.460255,19.480255,3123200
hardzero_plus_depr__c0p50__z1p10__lam0p020__nu0p50__psi1p00,hardzero_plus_depr,0.05,37,976,0.0,2,0.25726253,0.25726253,0.9512287,0.11188486,0.11188486,1.0,1.9389832e-11,1.7330165e-10,-26.000689,2.0927448,0.69758165,0.208,0.0,0.15088865,19.480255,19.500256,3126400
hardzero_plus_depr__c0p50__z1p10__lam0p020__nu0p50__psi1p00,hardzero_plus_depr,0.05,37,977,0.0,2,0.25726253,0.25726253,1.0025904,0.099405296,0.099405296,1.0,1.6885975e-11,1.6986998e-10,-26.931982,2.205743,0.73524773,0.120000005,0.0,0.1848585,19.500256,19.520256,3129600
hardzero_plus_depr__c0p50__z1p10__lam0p020__nu0p50__psi1p00,hardzero_plus_depr,0.05,37,978,0.0,2,0.25726253,0.25726253,1.029852,0.093357235,0.093357235,1.0,1.5544564e-11,1.6650625e-10,-27.049026,2.2657197,0.7552399,0.104,0.0,0.18658443,19.520256,19.540257,3132800
hardzero_plus_depr__c0p50__z1p10__lam0p020__nu0p50__psi1p00,hardzero_plus_depr,0.05,37,979,0.0,2,0.25726253,0.25726253,0.96345377,0.10877929,0.10877929,1.0,1.7753774e-11,1.6320914e-10,-26.026524,2.1196406,0.7065469,0.224,0.0,0.18059577,19.540257,19.560257,3136000
hardzero_plus_depr__c0p50__z1p10__lam0p020__nu0p50__psi1p00,hardzero_plus_depr,0.05,37,980,0.0,2,0.25726253,0.25726253,1.0358843,0.09206949,0.09206949,1.0,1.4729029e-11,1.599773e-10,-27.516712,2.278991,0.7596637,0.18400002,0.0,0.17607045,19.560257,19.580257,3139200
hardzero_plus_depr__c0p50__z1p10__lam0p020__nu0p50__psi1p00,hardzero_plus_depr,0.05,37,981,0.0,2,0.25726253,0.25726253,1.0063022,0.09855934,0.09855934,1.0,1.5455038e-11,1.5680947e-10,-26.2392,2.2139091,0.73796976,0.16800001,0.0,0.19651829,19.580257,19.600258,3142400
hardzero_plus_depr__c0p50__z1p10__lam0p020__nu0p50__psi1p00,hardzero_plus_depr,0.05,37,982,0.0,2,0.25726253,0.25726253,1.0560457,0.08789302,0.08789302,1.0,1.350954e-11,1.5370435e-10,-27.858606,2.3233469,0.774449,0.112,0.0,0.2027763,19.600258,19.620258,3145600
hardzero_plus_depr__c0p50__z1p10__lam0p020__nu0p50__psi1p00,hardzero_plus_depr,0.05,37,983,0.0,2,0.25726253,0.25726253,1.0005012,0.09988467,0.09988467,1.0,1.5048698e-11,1.5066075e-10,-27.228434,2.2011464,0.7337155,0.15200001,0.0,0.18013658,19.620258,19.640259,3148800
hardzero_plus_depr__c0p50__z1p10__lam0p020__nu0p50__psi1p00,hardzero_plus_depr,0.05,37,984,0.0,2,0.25726253,0.25726253,1.0482416,0.08948668,0.08948668,1.0,1.321516e-11,1.476774e-10,-27.173794,2.3061776,0.7687259,0.15200001,0.0,0.19605812,19.640259,19.66026,3152000
hardzero_plus_depr__c0p50__z1p10__lam0p020__nu0p50__psi1p00,hardzero_plus_depr,0.05,37,985,0.0,2,0.25726253,0.25726253,1.080562,0.0830688,0.0830688,1.0,1.2024467e-11,1.4475311e-10,-28.650959,2.3772838,0.79242796,0.072000004,0.0,0.21529326,19.66026,19.68026,3155200
hardzero_plus_depr__c0p50__z1p10__lam0p020__nu0p50__psi1p00,hardzero_plus_depr,0.05,37,986,0.0,2,0.25726253,0.25726253,1.0056931,0.09869768,0.09869768,1.0,1.4003893e-11,1.4188675e-10,-26.55166,2.212569,0.737523,0.16000001,0.0,0.1786544,19.68026,19.70026,3158400
hardzero_plus_depr__c0p50__z1p10__lam0p020__nu0p50__psi1p00,hardzero_plus_depr,0.05,37,987,0.0,2,0.25726253,0.25726253,1.0979551,0.07980771,0.07980771,1.0,1.1099429e-11,1.3907714e-10,-28.642696,2.4155495,0.8051832,0.08800001,0.0,0.22360326,19.70026,19.72026,3161600
hardzero_plus_depr__c0p50__z1p10__lam0p020__nu0p50__psi1p00,hardzero_plus_depr,0.05,37,988,0.0,2,0.25726253,0.25726253,1.0014247,0.0996725,0.0996725,1.0,1.358767e-11,1.3632316e-10,-27.423574,2.2031782,0.73439276,0.19,0.0,0.18441197,19.72026,19.740261,3164800
hardzero_plus_depr__c0p50__z1p10__lam0p020__nu0p50__psi1p00,hardzero_plus_depr,0.05,37,989,0.0,2,0.25726253,0.25726253,1.0928795,0.08074588,0.08074588,1.0,1.0789565e-11,1.3362372e-10,-28.17881,2.404383,0.801461,0.192,0.0,0.18655825,19.740261,19.760262,3168000
hardzero_plus_depr__c0p50__z1p10__lam0p020__nu0p50__psi1p00,hardzero_plus_depr,0.05,37,990,0.0,2,0.25726253,0.25726253,0.99201465,0.10185569,0.10185569,1.0,1.3340827e-11,1.3097773e-10,-26.903065,2.1824758,0.727492,0.2,0.0,0.16414149,19.760262,19.780262,3171200
hardzero_plus_depr__c0p50__z1p10__lam0p020__nu0p50__psi1p00,hardzero_plus_depr,0.05,37,991,0.0,2,0.25726253,0.25726253,1.0737181,0.08438824,0.08438824,1.0,1.0834111e-11,1.2838414e-10,-27.913094,2.362227,0.787409,0.104,0.0,0.19198763,19.780262,19.800262,3174400
hardzero_plus_depr__c0p50__z1p10__lam0p020__nu0p50__psi1p00,hardzero_plus_depr,0.05,37,992,0.0,2,0.25726253,0.25726253,0.9858704,0.103306964,0.103306964,1.0,1.30003465e-11,1.2584192e-10,-27.567987,2.1689582,0.7229861,0.14400001,0.0,0.21670827,19.800262,19.820263,3177600
hardzero_plus_depr__c0p50__z1p10__lam0p020__nu0p50__psi1p00,hardzero_plus_depr,0.05,37,993,0.0,2,0.25726253,0.25726253,1.025943,0.09420131,0.09420131,1.0,1.1619733e-11,1.2335001e-10,-27.351532,2.2571197,0.7523732,0.16000001,0.0,0.15895504,19.820263,19.840263,3180800
hardzero_plus_depr__c0p50__z1p10__lam0p020__nu0p50__psi1p00,hardzero_plus_depr,0.05,37,994,0.0,2,0.25726253,0.25726253,0.95143014,0.11183296,0.11183296,1.0,1.352144e-11,1.2090746e-10,-25.494411,2.093188,0.69772935,0.120000005,0.0,0.1835032,19.840263,19.860264,3184000
hardzero_plus_depr__c0p50__z1p10__lam0p020__nu0p50__psi1p00,hardzero_plus_depr,0.05,37,995,0.0,2,0.25726253,0.25726253,0.99989605,0.10002394,0.10002394,1.0,1.1854165e-11,1.1851328e-10,-26.58064,2.1998153,0.7332718,0.15200001,0.0,0.17223641,19.860264,19.880264,3187200
hardzero_plus_depr__c0p50__z1p10__lam0p020__nu0p50__psi1p00,hardzero_plus_depr,0.05,37,996,0.0,2,0.25726253,0.25726253,1.0172727,0.09610087,0.09610087,1.0,1.1163701e-11,1.161665e-10,-26.932049,2.2380447,0.74601495,0.112,0.0,0.1802278,19.880264,19.900265,3190400
hardzero_plus_depr__c0p50__z1p10__lam0p020__nu0p50__psi1p00,hardzero_plus_depr,0.05,37,997,0.0,2,0.25726253,0.25726253,1.0491003,0.089309916,0.089309916,1.0,1.0169382e-11,1.1386621e-10,-28.38439,2.3080666,0.76935554,0.2,0.0,0.19640042,19.900265,19.920265,3193600
hardzero_plus_depr__c0p50__z1p10__lam0p020__nu0p50__psi1p00,hardzero_plus_depr,0.05,37,998,0.0,2,0.25726253,0.25726253,1.0188614,0.095749944,0.095749944,1.0,1.0686791e-11,1.11611456e-10,-26.862875,2.24154,0.74718,0.216,0.0,0.19738229,19.920265,19.940266,3196800
hardzero_plus_depr__c0p50__z1p10__lam0p020__nu0p50__psi1p00,hardzero_plus_depr,0.05,37,999,0.0,2,0.25726253,0.25726253,1.025984,0.09419242,0.09419242,1.0,1.0304778e-11,1.0940134e-10,-27.570744,2.25721,0.7524034,0.2,0.0,0.21253754,19.940266,19.960266,3200000
hardzero_plus_depr__c0p50__z1p10__lam0p020__nu0p50__psi1p00,hardzero_plus_depr,0.05,37,1000,0.0,2,0.25726253,0.25726253,0.98886305,0.10259754,0.10259754,1.0,1.1002049e-11,1.0723501e-10,-26.884632,2.175542,0.72518075,0.16000001,0.0,0.18517134,19.960266,19.980267,3203200
hardzero_plus_depr__c0p50__z1p10__lam0p020__nu0p50__psi1p00,hardzero_plus_depr,0.05,37,1001,0.0,2,0.25726253,0.25726253,0.96105033,0.10938296,0.10938296,1.0,1.1497412e-11,1.0511155e-10,-26.030293,2.114353,0.70478433,0.17,0.0,0.15673736,19.980267,20.000267,3206400
hardzero_plus_depr__c0p50__z1p10__lam0p020__nu0p50__psi1p00,hardzero_plus_depr,0.05,37,1002,0.0,2,0.25726253,0.25726253,1.0160047,0.09638186,0.09638186,1.0,9.930238e-12,1.0303016e-10,-27.000917,2.235255,0.745085,0.18400002,0.0,0.19875027,20.000267,20.020267,3209600
hardzero_plus_depr__c0p50__z1p10__lam0p020__nu0p50__psi1p00,hardzero_plus_depr,0.05,37,1003,0.0,2,0.25726253,0.25726253,0.9948679,0.101188704,0.101188704,1.0,1.0219046e-11,1.0098999e-10,-26.356178,2.1887531,0.7295844,0.17600001,0.0,0.16876364,20.020267,20.040268,3212800
hardzero_plus_depr__c0p50__z1p10__lam0p020__nu0p50__psi1p00,hardzero_plus_depr,0.05,37,1004,0.0,2,0.25726253,0.25726253,0.98951954,0.10244258,0.10244258,1.0,1.0140812e-11,9.8990205e-11,-27.378227,2.1769865,0.7256622,0.208,0.0,0.17163281,20.040268,20.060268,3216000
hardzero_plus_depr__c0p50__z1p10__lam0p020__nu0p50__psi1p00,hardzero_plus_depr,0.05,37,1005,0.0,2,0.25726253,0.25726253,1.0047148,0.098920226,0.098920226,1.0,9.598233e-12,9.703003e-11,-26.403633,2.2104168,0.7368056,0.120000005,0.0,0.18698943,20.060268,20.080269,3219200
hardzero_plus_depr__c0p50__z1p10__lam0p020__nu0p50__psi1p00,hardzero_plus_depr,0.05,37,1006,0.0,2,0.25726253,0.25726253,1.0095078,0.097834535,0.097834535,1.0,9.304911e-12,9.510866e-11,-26.358946,2.2209616,0.74032056,0.15200001,0.0,0.19949101,20.080269,20.10027,3222400
hardzero_plus_depr__c0p50__z1p10__lam0p020__nu0p50__psi1p00,hardzero_plus_depr,0.05,37,1007,0.0,2,0.25726253,0.25726253,1.0082235,0.098124266,0.098124266,1.0,9.147668e-12,9.322534e-11,-26.253815,2.218136,0.7393787,0.15200001,0.0,0.15940368,20.10027,20.12027,3225600
hardzero_plus_depr__c0p50__z1p10__lam0p020__nu0p50__psi1p00,hardzero_plus_depr,0.05,37,1008,0.0,2,0.25726253,0.25726253,0.98974526,0.10238934,0.10238934,1.0,9.3562675e-12,9.137931e-11,-26.89213,2.177483,0.7258277,0.18400002,0.0,0.16277537,20.12027,20.14027,3228800
hardzero_plus_depr__c0p50__z1p10__lam0p020__nu0p50__psi1p00,hardzero_plus_depr,0.05,37,1009,0.0,2,0.25726253,0.25726253,0.9978991,0.10048492,0.10048492,1.0,9.0004185e-12,8.956984e-11,-26.962091,2.195422,0.73180735,0.192,0.0,0.19425575,20.14027,20.16027,3232000
hardzero_plus_depr__c0p50__z1p10__lam0p020__nu0p50__psi1p00,hardzero_plus_depr,0.05,37,1010,0.0,2,0.25726253,0.25726253,1.0093346,0.09787356,0.09787356,1.0,8.592927e-12,8.77962e-11,-27.393578,2.2205803,0.7401935,0.120000005,0.0,0.16608472,20.16027,20.180271,3235200
hardzero_plus_depr__c0p50__z1p10__lam0p020__nu0p50__psi1p00,hardzero_plus_depr,0.05,37,1011,0.0,2,0.25726253,0.25726253,1.0242472,0.09456987,0.09456987,1.0,8.138463e-12,8.6057675e-11,-27.31813,2.2533886,0.75112957,0.104,0.0,0.1857904,20.180271,20.200272,3238400
hardzero_plus_depr__c0p50__z1p10__lam0p020__nu0p50__psi1p00,hardzero_plus_depr,0.05,37,1012,0.0,2,0.25726253,0.25726253,1.0031334,0.099281095,0.099281095,1.0,8.374716e-12,8.435358e-11,-26.837278,2.2069376,0.7356459,0.15200001,0.0,0.17953828,20.200272,20.220272,3241600
hardzero_plus_depr__c0p50__z1p10__lam0p020__nu0p50__psi1p00,hardzero_plus_depr,0.05,37,1013,0.0,2,0.25726253,0.25726253,0.96302027,0.10888793,0.10888793,1.0,9.003206e-12,8.268323e-11,-25.658733,2.118687,0.706229,0.16000001,0.0,0.1616357,20.220272,20.240273,3244800
hardzero_plus_depr__c0p50__z1p10__lam0p020__nu0p50__psi1p00,hardzero_plus_depr,0.05,37,1014,0.0,2,0.25726253,0.25726253,1.0679319,0.085520074,0.085520074,1.0,6.931056e-12,8.1045955e-11,-28.149834,2.349497,0.7831657,0.13,0.0,0.18779844,20.240273,20.260273,3248000
hardzero_plus_depr__c0p50__z1p10__lam0p020__nu0p50__psi1p00,hardzero_plus_depr,0.05,37,1015,0.0,2,0.25726253,0.25726253,1.0269092,0.09399198,0.09399198,1.0,7.466827e-12,7.94411e-11,-27.310516,2.2592454,0.7530818,0.096,0.0,0.19510163,20.260273,20.280273,3251200
hardzero_plus_depr__c0p50__z1p10__lam0p020__nu0p50__psi1p00,hardzero_plus_depr,0.05,37,1016,0.0,2,0.25726253,0.25726253,1.0769339,0.08376569,0.08376569,1.0,6.522669e-12,7.7868025e-11,-28.247892,2.3693018,0.78976727,0.120000005,0.0,0.19749415,20.280273,20.300274,3254400
hardzero_plus_depr__c0p50__z1p10__lam0p020__nu0p50__psi1p00,hardzero_plus_depr,0.05,37,1017,0.0,2,0.25726253,0.25726253,1.078415,0.083480485,0.083480485,1.0,6.3717404e-12,7.6326105e-11,-28.237982,2.3725605,0.7908535,0.128,0.0,0.20656455,20.300274,20.320274,3257600
hardzero_plus_depr__c0p50__z1p10__lam0p020__nu0p50__psi1p00,hardzero_plus_depr,0.05,37,1018,0.0,2,0.25726253,0.25726253,1.059307,0.087235436,0.087235436,1.0,6.5264938e-12,7.481471e-11,-27.757328,2.3305218,0.7768406,0.2,0.0,0.19045204,20.320274,20.340275,3260800
hardzero_plus_depr__c0p50__z1p10__lam0p020__nu0p50__psi1p00,hardzero_plus_depr,0.05,37,1019,0.0,2,0.25726253,0.25726253,0.9902633,0.10226728,0.10226728,1.0,7.499591e-12,7.333324e-11,-26.635118,2.1786227,0.7262076,0.104,0.0,0.16413566,20.340275,20.360275,3264000
hardzero_plus_depr__c0p50__z1p10__lam0p020__nu0p50__psi1p00,hardzero_plus_depr,0.05,37,1020,0.0,2,0.25726253,0.25726253,1.0413778,0.09091221,0.09091221,1.0,6.5348707e-12,7.188111e-11,-26.84215,2.291077,0.7636923,0.128,0.0,0.1918154,20.360275,20.380276,3267200
hardzero_plus_depr__c0p50__z1p10__lam0p020__nu0p50__psi1p00,hardzero_plus_depr,0.05,37,1021,0.0,2,0.25726253,0.25726253,1.003774,0.09913475,0.09913475,1.0,6.9848107e-12,7.0457744e-11,-26.821554,2.208347,0.7361157,0.16000001,0.0,0.17127879,20.380276,20.400276,3270400
hardzero_plus_depr__c0p50__z1p10__lam0p020__nu0p50__psi1p00,hardzero_plus_depr,0.05,37,1022,0.0,2,0.25726253,0.25726253,1.060194,0.087057464,0.087057464,1.0,6.0124106e-12,6.9062554e-11,-27.488302,2.3324733,0.7774911,0.136,0.0,0.16450424,20.400276,20.420277,3273600
hardzero_plus_depr__c0p50__z1p10__lam0p020__nu0p50__psi1p00,hardzero_plus_depr,0.05,37,1023,0.0,2,0.25726253,0.25726253,1.0289543,0.09355041,0.09355041,1.0,6.332894e-12,6.769499e-11,-27.772387,2.2637446,0.7545816,0.112,0.0,0.1802771,20.420277,20.440277,3276800
hardzero_plus_depr__c0p50__z1p10__lam0p020__nu0p50__psi1p00,hardzero_plus_depr,0.05,37,1024,0.0,2,0.25726253,0.25726253,1.0054078,0.09876253,0.09876253,1.0,6.5533395e-12,6.635451e-11,-26.930912,2.2119415,0.73731387,0.16000001,0.0,0.17960903,20.440277,20.460278,3280000
hardzero_plus_depr__c0p50__z1p10__lam0p020__nu0p50__psi1p00,hardzero_plus_depr,0.05,37,1025,0.0,2,0.25726253,0.25726253,0.9841584,0.103715,0.103715,1.0,6.7456834e-12,6.504058e-11,-26.76868,2.1651917,0.7217306,0.18400002,0.0,0.17085733,20.460278,20.480278,3283200
hardzero_plus_depr__c0p50__z1p10__lam0p020__nu0p50__psi1p00,hardzero_plus_depr,0.05,37,1026,0.0,2,0.25726253,0.25726253,0.9810528,0.104459316,0.104459316,1.0,6.6595588e-12,6.3752656e-11,-26.204958,2.1583593,0.7194531,0.15200001,0.0,0.17077169,20.480278,20.500278,3286400
hardzero_plus_depr__c0p50__z1p10__lam0p020__nu0p50__psi1p00,hardzero_plus_depr,0.05,37,1027,0.0,2,0.25726253,0.25726253,1.0307522,0.09316392,0.09316392,1.0,5.821836e-12,6.249024e-11,-27.024548,2.2677,0.7559,0.11,0.0,0.17244169,20.500278,20.520279,3289600
hardzero_plus_depr__c0p50__z1p10__lam0p020__nu0p50__psi1p00,hardzero_plus_depr,0.05,37,1028,0.0,2,0.25726253,0.25726253,1.0444202,0.090277545,0.090277545,1.0,5.5297546e-12,6.125282e-11,-27.381931,2.2977705,0.7659235,0.15200001,0.0,0.20785202,20.520279,20.54028,3292800
hardzero_plus_depr__c0p50__z1p10__lam0p020__nu0p50__psi1p00,hardzero_plus_depr,0.05,37,1029,0.0,2,0.25726253,0.25726253,0.9802975,0.10464115,0.10464115,1.0,6.282645e-12,6.003991e-11,-26.101324,2.1566975,0.7188992,0.112,0.0,0.19104403,20.54028,20.56028,3296000
hardzero_plus_depr__c0p50__z1p10__lam0p020__nu0p50__psi1p00,hardzero_plus_depr,0.05,37,1030,0.0,2,0.25726253,0.25726253,0.98437065,0.10366432,0.10366432,1.0,6.1007505e-12,5.8851014e-11,-27.5026,2.1656587,0.7218863,0.208,0.0,0.16346085,20.56028,20.58028,3299200
hardzero_plus_depr__c0p50__z1p10__lam0p020__nu0p50__psi1p00,hardzero_plus_depr,0.05,37,1031,0.0,2,0.25726253,0.25726253,1.0504186,0.08903923,0.08903923,1.0,5.1362864e-12,5.768566e-11,-27.36652,2.3109672,0.77032244,0.08800001,0.0,0.19611998,20.58028,20.60028,3302400
hardzero_plus_depr__c0p50__z1p10__lam0p020__nu0p50__psi1p00,hardzero_plus_depr,0.05,37,1032,0.0,2,0.25726253,0.25726253,1.0024954,0.09942706,0.09942706,1.0,5.621942e-12,5.654338e-11,-26.277287,2.205534,0.735178,0.16000001,0.0,0.18570396,20.60028,20.620281,3305600
hardzero_plus_depr__c0p50__z1p10__lam0p020__nu0p50__psi1p00,hardzero_plus_depr,0.05,37,1033,0.0,2,0.25726253,0.25726253,0.9449356,0.11351791,0.11351791,1.0,6.291585e-12,5.542372e-11,-26.535223,2.0788999,0.69296664,0.272,0.016,0.19026804,20.620281,20.640282,3308800
hardzero_plus_depr__c0p50__z1p10__lam0p020__nu0p50__psi1p00,hardzero_plus_depr,0.05,37,1034,0.0,2,0.25726253,0.25726253,1.0106494,0.097577676,0.097577676,1.0,5.301027e-12,5.4326228e-11,-26.35389,2.223473,0.7411577,0.128,0.0,0.15698613,20.640282,20.660282,3312000
hardzero_plus_depr__c0p50__z1p10__lam0p020__nu0p50__psi1p00,hardzero_plus_depr,0.05,37,1035,0.0,2,0.25726253,0.25726253,1.0287082,0.09360342,0.09360342,1.0,4.9844265e-12,5.3250477e-11,-27.815142,2.2632034,0.75440115,0.18400002,0.0,0.18544729,20.660282,20.680283,3315200
hardzero_plus_depr__c0p50__z1p10__lam0p020__nu0p50__psi1p00,hardzero_plus_depr,0.05,37,1036,0.0,2,0.25726253,0.25726253,1.0281286,0.09372843,0.09372843,1.0,4.892251e-12,5.2196022e-11,-26.858168,2.261928,0.75397605,0.15200001,0.0,0.1982351,20.680283,20.700283,3318400
hardzero_plus_depr__c0p50__z1p10__lam0p020__nu0p50__psi1p00,hardzero_plus_depr,0.05,37,1037,0.0,2,0.25726253,0.25726253,1.0065416,0.09850503,0.09850503,1.0,5.039758e-12,5.1162446e-11,-27.21784,2.2144358,0.7381453,0.136,0.0,0.20006621,20.700283,20.720284,3321600
hardzero_plus_depr__c0p50__z1p10__lam0p020__nu0p50__psi1p00,hardzero_plus_depr,0.05,37,1038,0.0,2,0.25726253,0.25726253,0.993655,0.10147171,0.10147171,1.0,5.088739e-12,5.014934e-11,-26.598183,2.1860847,0.7286949,0.2,0.0,0.17596045,20.720284,20.740284,3324800
hardzero_plus_depr__c0p50__z1p10__lam0p020__nu0p50__psi1p00,hardzero_plus_depr,0.05,37,1039,0.0,2,0.25726253,0.25726253,1.0035576,0.09918418,0.09918418,1.0,4.875526e-12,4.915629e-11,-26.352325,2.2078707,0.7359569,0.096,0.0,0.16048667,20.740284,20.760284,3328000
hardzero_plus_depr__c0p50__z1p10__lam0p020__nu0p50__psi1p00,hardzero_plus_depr,0.05,37,1040,0.0,2,0.25726253,0.25726253,0.98020655,0.10466307,0.10466307,1.0,5.0429712e-12,4.8182913e-11,-26.588728,2.1564975,0.7188325,0.19999999,0.0,0.1581218,20.760284,20.780285,3331200
hardzero_plus_depr__c0p50__z1p10__lam0p020__nu0p50__psi1p00,hardzero_plus_depr,0.05,37,1041,0.0,2,0.25726253,0.25726253,1.0134774,0.096944354,0.096944354,1.0,4.578566e-12,4.7228804e-11,-27.255068,2.2296948,0.74323165,0.128,0.0,0.17238231,20.780285,20.800285,3334400
hardzero_plus_depr__c0p50__z1p10__lam0p020__nu0p50__psi1p00,hardzero_plus_depr,0.05,37,1042,0.0,2,0.25726253,0.25726253,0.9946291,0.10124438,0.10124438,1.0,4.686966e-12,4.629359e-11,-26.748829,2.1882277,0.7294092,0.112,0.0,0.15827866,20.800285,20.820286,3337600
hardzero_plus_depr__c0p50__z1p10__lam0p020__nu0p50__psi1p00,hardzero_plus_depr,0.05,37,1043,0.0,2,0.25726253,0.25726253,1.002748,0.09936923,0.09936923,1.0,4.5090667e-12,4.5376893e-11,-26.32805,2.2060897,0.73536325,0.23200001,0.0,0.1815369,20.820286,20.840286,3340800
hardzero_plus_depr__c0p50__z1p10__lam0p020__nu0p50__psi1p00,hardzero_plus_depr,0.05,37,1044,0.0,2,0.25726253,0.25726253,1.039316,0.09134483,0.09134483,1.0,4.0628672e-12,4.4478348e-11,-26.565084,2.286541,0.7621803,0.15200001,0.0,0.16288073,20.840286,20.860287,3344000
hardzero_plus_depr__c0p50__z1p10__lam0p020__nu0p50__psi1p00,hardzero_plus_depr,0.05,37,1045,0.0,2,0.25726253,0.25726253,0.98217523,0.104189694,0.104189694,1.0,4.5424207e-12,4.35976e-11,-26.696594,2.1608286,0.72027624,0.224,0.0,0.19138353,20.860287,20.880287,3347200
hardzero_plus_depr__c0p50__z1p10__lam0p020__nu0p50__psi1p00,hardzero_plus_depr,0.05,37,1046,0.0,2,0.25726253,0.25726253,1.0238159,0.09466383,0.09466383,1.0,4.0453916e-12,4.2734292e-11,-27.091173,2.25244,0.75081336,0.128,0.0,0.16382375,20.880287,20.900288,3350400
hardzero_plus_depr__c0p50__z1p10__lam0p020__nu0p50__psi1p00,hardzero_plus_depr,0.05,37,1047,0.0,2,0.25726253,0.25726253,1.0241807,0.094584376,0.094584376,1.0,3.9619575e-12,4.1888076e-11,-28.152424,2.2532425,0.7510809,0.16000001,0.0,0.1859399,20.900288,20.920288,3353600
hardzero_plus_depr__c0p50__z1p10__lam0p020__nu0p50__psi1p00,hardzero_plus_depr,0.05,37,1048,0.0,2,0.25726253,0.25726253,1.00646,0.098523535,0.098523535,1.0,4.0452403e-12,4.105862e-11,-26.210539,2.214256,0.7380854,0.16000001,0.0,0.18223085,20.920288,20.940289,3356800
hardzero_plus_depr__c0p50__z1p10__lam0p020__nu0p50__psi1p00,hardzero_plus_depr,0.05,37,1049,0.0,2,0.25726253,0.25726253,1.0154642,0.096501894,0.096501894,1.0,3.8837752e-12,4.0245585e-11,-26.99952,2.2340658,0.74468863,0.16800001,0.0,0.20967084,20.940289,20.960289,3360000
hardzero_plus_depr__c0p50__z1p10__lam0p020__nu0p50__psi1p00,hardzero_plus_depr,0.05,37,1050,0.0,2,0.25726253,0.25726253,0.9798147,0.104757525,0.104757525,1.0,4.1325433e-12,3.9448653e-11,-26.300854,2.1556354,0.71854514,0.136,0.0,0.16845174,20.960289,20.98029,3363200
hardzero_plus_depr__c0p50__z1p10__lam0p020__nu0p50__psi1p00,hardzero_plus_depr,0.05,37,1051,0.0,2,0.25726253,0.25726253,0.98811215,0.10277509,0.10277509,1.0,3.9740555e-12,3.8667496e-11,-26.482397,2.17389,0.72463006,0.16800001,0.0,0.16291897,20.98029,21.00029,3366400
hardzero_plus_depr__c0p50__z1p10__lam0p020__nu0p50__psi1p00,hardzero_plus_depr,0.05,37,1052,0.0,2,0.25726253,0.25726253,1.0193166,0.09564967,0.09564967,1.0,3.6252962e-12,3.7901817e-11,-28.25501,2.2425413,0.7475138,0.14400001,0.0,0.2156841,21.00029,21.02029,3369600
hardzero_plus_depr__c0p50__z1p10__lam0p020__nu0p50__psi1p00,hardzero_plus_depr,0.05,37,1053,0.0,2,0.25726253,0.25726253,0.98980594,0.10237504,0.10237504,1.0,3.8033647e-12,3.715129e-11,-26.72643,2.1776166,0.7258722,0.25,0.01,0.17886074,21.02029,21.04029,3372800
hardzero_plus_depr__c0p50__z1p10__lam0p020__nu0p50__psi1p00,hardzero_plus_depr,0.05,37,1054,0.0,2,0.25726253,0.25726253,1.0059114,0.098648086,0.098648086,1.0,3.592332e-12,3.6415627e-11,-26.630226,2.2130492,0.73768306,0.14400001,0.0,0.1807483,21.04029,21.060291,3376000
hardzero_plus_depr__c0p50__z1p10__lam0p020__nu0p50__psi1p00,hardzero_plus_depr,0.05,37,1055,0.0,2,0.25726253,0.25726253,1.0519695,0.08872183,0.08872183,1.0,3.1668843e-12,3.5694534e-11,-27.474255,2.3143792,0.77145976,0.120000005,0.0,0.18128161,21.060291,21.080292,3379200
hardzero_plus_depr__c0p50__z1p10__lam0p020__nu0p50__psi1p00,hardzero_plus_depr,0.05,37,1056,0.0,2,0.25726253,0.25726253,1.0018576,0.099573165,0.099573165,1.0,3.4838378e-12,3.4987718e-11,-26.778286,2.204131,0.73471034,0.16000001,0.0,0.19313812,21.080292,21.100292,3382400
hardzero_plus_depr__c0p50__z1p10__lam0p020__nu0p50__psi1p00,hardzero_plus_depr,0.05,37,1057,0.0,2,0.25726253,0.25726253,1.0353725,0.092178054,0.092178054,1.0,3.1612371e-12,3.42949e-11,-26.92525,2.277865,0.7592883,0.136,0.0,0.18053958,21.100292,21.120293,3385600
hardzero_plus_depr__c0p50__z1p10__lam0p020__nu0p50__psi1p00,hardzero_plus_depr,0.05,37,1058,0.0,2,0.25726253,0.25726253,0.9525958,0.11153322,0.11153322,1.0,3.7492782e-12,3.36158e-11,-25.686932,2.0957525,0.6985842,0.15200001,0.0,0.17630875,21.120293,21.140293,3388800
hardzero_plus_depr__c0p50__z1p10__lam0p020__nu0p50__psi1p00,hardzero_plus_depr,0.05,37,1059,0.0,2,0.25726253,0.25726253,1.0532963,0.08845119,0.08845119,1.0,2.9144796e-12,3.2950146e-11,-28.089762,2.3172982,0.77243274,0.104,0.0,0.18387024,21.140293,21.160294,3392000
hardzero_plus_depr__c0p50__z1p10__lam0p020__nu0p50__psi1p00,hardzero_plus_depr,0.05,37,1060,0.0,2,0.25726253,0.25726253,0.983703,0.10382381,0.10382381,1.0,3.3532678e-12,3.2297675e-11,-26.207233,2.1641898,0.7213966,0.16000001,0.008,0.18098983,21.160294,21.180294,3395200
hardzero_plus_depr__c0p50__z1p10__lam0p020__nu0p50__psi1p00,hardzero_plus_depr,0.05,37,1061,0.0,2,0.25726253,0.25726253,1.0046544,0.098934,0.098934,1.0,3.132065e-12,3.1658124e-11,-27.031446,2.2102838,0.7367613,0.15200001,0.0,0.18430622,21.180294,21.200294,3398400
hardzero_plus_depr__c0p50__z1p10__lam0p020__nu0p50__psi1p00,hardzero_plus_depr,0.05,37,1062,0.0,2,0.25726253,0.25726253,1.0074445,0.09830045,0.09830045,1.0,3.0503846e-12,3.1031237e-11,-27.257862,2.216422,0.7388074,0.15200001,0.0,0.16942175,21.200294,21.220295,3401600
hardzero_plus_depr__c0p50__z1p10__lam0p020__nu0p50__psi1p00,hardzero_plus_depr,0.05,37,1063,0.0,2,0.25726253,0.25726253,1.0821793,0.08276003,0.08276003,1.0,2.5172921e-12,3.0416763e-11,-28.52941,2.380842,0.79361403,0.192,0.0,0.20030262,21.220295,21.240295,3404800
hardzero_plus_depr__c0p50__z1p10__lam0p020__nu0p50__psi1p00,hardzero_plus_depr,0.05,37,1064,0.0,2,0.25726253,0.25726253,0.9950343,0.10114997,0.10114997,1.0,3.0157313e-12,2.9814456e-11,-26.603865,2.189119,0.7297064,0.17600001,0.0,0.16440222,21.240295,21.260296,3408000
hardzero_plus_depr__c0p50__z1p10__lam0p020__nu0p50__psi1p00,hardzero_plus_depr,0.05,37,1065,0.0,2,0.25726253,0.25726253,1.0029042,0.09933351,0.09933351,1.0,2.9029303e-12,2.9224078e-11,-27.155943,2.2064333,0.7354778,0.16800001,0.0,0.20661084,21.260296,21.280296,3411200
hardzero_plus_depr__c0p50__z1p10__lam0p020__nu0p50__psi1p00,hardzero_plus_depr,0.05,37,1066,0.0,2,0.25726253,0.25726253,1.0147289,0.096665405,0.096665405,1.0,2.7690183e-12,2.864539e-11,-26.2652,2.232448,0.7441494,0.14,0.0,0.16997302,21.280296,21.300297,3414400
hardzero_plus_depr__c0p50__z1p10__lam0p020__nu0p50__psi1p00,hardzero_plus_depr,0.05,37,1067,0.0,2,0.25726253,0.25726253,1.0560151,0.08789918,0.08789918,1.0,2.4680473e-12,2.807816e-11,-27.837025,2.3232796,0.7744266,0.136,0.0,0.16550288,21.300297,21.320297,3417600
hardzero_plus_depr__c0p50__z1p10__lam0p020__nu0p50__psi1p00,hardzero_plus_depr,0.05,37,1068,0.0,2,0.25726253,0.25726253,0.99063736,0.10217923,0.10217923,1.0,2.8121934e-12,2.7522163e-11,-26.846388,2.1794457,0.7264819,0.14400001,0.0,0.18442109,21.320297,21.340298,3420800
hardzero_plus_depr__c0p50__z1p10__lam0p020__nu0p50__psi1p00,hardzero_plus_depr,0.05,37,1069,0.0,2,0.25726253,0.25726253,1.0036137,0.09917137,0.09917137,1.0,2.6753634e-12,2.6977176e-11,-26.953117,2.2079942,0.7359981,0.16000001,0.0,0.17044741,21.340298,21.360298,3424000
hardzero_plus_depr__c0p50__z1p10__lam0p020__nu0p50__psi1p00,hardzero_plus_depr,0.05,37,1070,0.0,2,0.25726253,0.25726253,1.0119331,0.097289704,0.097289704,1.0,2.5726294e-12,2.6442978e-11,-27.281025,2.2262971,0.74209905,0.16000001,0.0,0.16790302,21.360298,21.380299,3427200
hardzero_plus_depr__c0p50__z1p10__lam0p020__nu0p50__psi1p00,hardzero_plus_depr,0.05,37,1071,0.0,2,0.25726253,0.25726253,1.0086542,0.09802702,0.09802702,1.0,2.5407979e-12,2.5919362e-11,-27.106766,2.2190835,0.73969454,0.14400001,0.0,0.17491175,21.380299,21.4003,3430400
hardzero_plus_depr__c0p50__z1p10__lam0p020__nu0p50__psi1p00,hardzero_plus_depr,0.05,37,1072,0.0,2,0.25726253,0.25726253,1.0184686,0.095836595,0.095836595,1.0,2.434835e-12,2.5406111e-11,-27.171972,2.2406757,0.7468919,0.128,0.0,0.16832787,21.4003,21.4203,3433600
hardzero_plus_depr__c0p50__z1p10__lam0p020__nu0p50__psi1p00,hardzero_plus_depr,0.05,37,1073,0.0,2,0.25726253,0.25726253,0.98866624,0.102644056,0.102644056,1.0,2.5561478e-12,2.4903028e-11,-26.312588,2.1751091,0.7250364,0.128,0.0,0.16716087,21.4203,21.4403,3436800
hardzero_plus_depr__c0p50__z1p10__lam0p020__nu0p50__psi1p00,hardzero_plus_depr,0.05,37,1074,0.0,2,0.25726253,0.25726253,1.0712502,0.08486913,0.08486913,1.0,2.0716473e-12,2.4409903e-11,-28.491417,2.3567975,0.7855992,0.096,0.0,0.21503991,21.4403,21.4603,3440000
hardzero_plus_depr__c0p50__z1p10__lam0p020__nu0p50__psi1p00,hardzero_plus_depr,0.05,37,1075,0.0,2,0.25726253,0.25726253,1.0110824,0.09748046,0.09748046,1.0,2.3323706e-12,2.3926545e-11,-27.343407,2.2244258,0.7414753,0.14400001,0.0,0.1730722,21.4603,21.4803,3443200
hardzero_plus_depr__c0p50__z1p10__lam0p020__nu0p50__psi1p00,hardzero_plus_depr,0.05,37,1076,0.0,2,0.25726253,0.25726253,0.9855769,0.10337678,0.10337678,1.0,2.4244706e-12,2.3452757e-11,-26.160088,2.1683125,0.72277087,0.16000001,0.0,0.18052177,21.4803,21.500301,3446400
hardzero_plus_depr__c0p50__z1p10__lam0p020__nu0p50__psi1p00,hardzero_plus_depr,0.05,37,1077,0.0,2,0.25726253,0.25726253,0.98671234,0.103106886,0.103106886,1.0,2.370257e-12,2.2988349e-11,-26.642658,2.1708105,0.7236035,0.128,0.0,0.16042364,21.500301,21.520302,3449600
hardzero_plus_depr__c0p50__z1p10__lam0p020__nu0p50__psi1p00,hardzero_plus_depr,0.05,37,1078,0.0,2,0.25726253,0.25726253,0.99352443,0.10150222,0.10150222,1.0,2.2871635e-12,2.2533139e-11,-26.456669,2.1857975,0.7285992,0.23200001,0.0,0.21558024,21.520302,21.540302,3452800
hardzero_plus_depr__c0p50__z1p10__lam0p020__nu0p50__psi1p00,hardzero_plus_depr,0.05,37,1079,0.0,2,0.25726253,0.25726253,0.9820995,0.10420787,0.10420787,1.0,2.3016333e-12,2.2086942e-11,-26.362362,2.160662,0.7202207,0.16,0.0,0.1569976,21.540302,21.560303,3456000
hardzero_plus_depr__c0p50__z1p10__lam0p020__nu0p50__psi1p00,hardzero_plus_depr,0.05,37,1080,0.0,2,0.25726253,0.25726253,1.0098468,0.09775819,0.09775819,1.0,2.1164238e-12,2.1649581e-11,-27.023193,2.2217073,0.7405691,0.16000001,0.0,0.18856713,21.560303,21.580303,3459200
hardzero_plus_depr__c0p50__z1p10__lam0p020__nu0p50__psi1p00,hardzero_plus_depr,0.05,37,1081,0.0,2,0.25726253,0.25726253,0.9842326,0.10369727,0.10369727,1.0,2.2005475e-12,2.1220881e-11,-26.894232,2.165355,0.721785,0.216,0.0,0.16060364,21.580303,21.600304,3462400
hardzero_plus_depr__c0p50__z1p10__lam0p020__nu0p50__psi1p00,hardzero_plus_depr,0.05,37,1082,0.0,2,0.25726253,0.25726253,1.0194854,0.09561248,0.09561248,1.0,1.9888039e-12,2.0800672e-11,-27.010044,2.2429125,0.7476375,0.2,0.0,0.18829212,21.600304,21.620304,3465600
hardzero_plus_depr__c0p50__z1p10__lam0p020__nu0p50__psi1p00,hardzero_plus_depr,0.05,37,1083,0.0,2,0.25726253,0.25726253,1.0210254,0.09527404,0.09527404,1.0,1.9425212e-12,2.038878e-11,-27.66482,2.2463007,0.7487669,0.15200001,0.0,0.19675927,21.620304,21.640305,3468800
hardzero_plus_depr__c0p50__z1p10__lam0p020__nu0p50__psi1p00,hardzero_plus_depr,0.05,37,1084,0.0,2,0.25726253,0.25726253,0.96463436,0.10848398,0.10848398,1.0,2.1680574e-12,1.9985047e-11,-25.453857,2.122238,0.70741266,0.208,0.0,0.17053078,21.640305,21.660305,3472000
hardzero_plus_depr__c0p50__z1p10__lam0p020__nu0p50__psi1p00,hardzero_plus_depr,0.05,37,1085,0.0,2,0.25726253,0.25726253,1.0490204,0.08932636,0.08932636,1.0,1.7498415e-12,1.9589308e-11,-27.778336,2.307891,0.769297,0.192,0.0,0.18512072,21.660305,21.680305,3475200
hardzero_plus_depr__c0p50__z1p10__lam0p020__nu0p50__psi1p00,hardzero_plus_depr,0.05,37,1086,0.0,2,0.25726253,0.25726253,1.0383444,0.09154943,0.09154943,1.0,1.7578774e-12,1.9201403e-11,-27.421127,2.2844033,0.7614678,0.15200001,0.0,0.17980474,21.680305,21.700306,3478400
hardzero_plus_depr__c0p50__z1p10__lam0p020__nu0p50__psi1p00,hardzero_plus_depr,0.05,37,1087,0.0,2,0.25726253,0.25726253,1.013992,0.09682957,0.09682957,1.0,1.822447e-12,1.8821182e-11,-26.822826,2.2308269,0.74360895,0.112,0.0,0.17939748,21.700306,21.720306,3481600
hardzero_plus_depr__c0p50__z1p10__lam0p020__nu0p50__psi1p00,hardzero_plus_depr,0.05,37,1088,0.0,2,0.25726253,0.25726253,1.0274934,0.093865626,0.093865626,1.0,1.731679e-12,1.844849e-11,-27.410608,2.2605305,0.7535102,0.15200001,0.0,0.17933741,21.720306,21.740307,3484800
hardzero_plus_depr__c0p50__z1p10__lam0p020__nu0p50__psi1p00,hardzero_plus_depr,0.05,37,1089,0.0,2,0.25726253,0.25726253,1.03118,0.09307219,0.09307219,1.0,1.6830408e-12,1.8083176e-11,-27.421316,2.2686415,0.75621384,0.15200001,0.0,0.17805775,21.740307,21.760307,3488000
hardzero_plus_depr__c0p50__z1p10__lam0p020__nu0p50__psi1p00,hardzero_plus_depr,0.05,37,1090,0.0,2,0.25726253,0.25726253,0.960214,0.10959381,0.10959381,1.0,1.942561e-12,1.7725097e-11,-26.587265,2.112513,0.70417106,0.136,0.0,0.16691007,21.760307,21.780308,3491200
hardzero_plus_depr__c0p50__z1p10__lam0p020__nu0p50__psi1p00,hardzero_plus_depr,0.05,37,1091,0.0,2,0.25726253,0.25726253,0.98790383,0.102824405,0.102824405,1.0,1.7864822e-12,1.7374107e-11,-26.30288,2.1734319,0.7244773,0.16000001,0.0,0.16281429,21.780308,21.800308,3494400
hardzero_plus_depr__c0p50__z1p10__lam0p020__nu0p50__psi1p00,hardzero_plus_depr,0.05,37,1092,0.0,2,0.25726253,0.25726253,1.0504137,0.08904022,0.08904022,1.0,1.5163611e-12,1.703007e-11,-27.782616,2.3109562,0.77031875,0.12,0.0,0.15564252,21.800308,21.820309,3497600
hardzero_plus_depr__c0p50__z1p10__lam0p020__nu0p50__psi1p00,hardzero_plus_depr,0.05,37,1093,0.0,2,0.25726253,0.25726253,0.9988728,0.10025988,0.10025988,1.0,1.6736228e-12,1.6692847e-11,-27.139267,2.1975641,0.7325214,0.128,0.0,0.17301063,21.820309,21.84031,3500800
hardzero_plus_depr__c0p50__z1p10__lam0p020__nu0p50__psi1p00,hardzero_plus_depr,0.05,37,1094,0.0,2,0.25726253,0.25726253,1.0130314,0.097043976,0.097043976,1.0,1.5878623e-12,1.6362297e-11,-27.696632,2.2287135,0.74290454,0.120000005,0.0,0.21245788,21.84031,21.86031,3504000
hardzero_plus_depr__c0p50__z1p10__lam0p020__nu0p50__psi1p00,hardzero_plus_depr,0.05,37,1095,0.0,2,0.25726253,0.25726253,0.9728694,0.106446296,0.106446296,1.0,1.7072169e-12,1.6038294e-11,-26.364222,2.1403553,0.7134518,0.18400002,0.0,0.16442974,21.86031,21.88031,3507200
hardzero_plus_depr__c0p50__z1p10__lam0p020__nu0p50__psi1p00,hardzero_plus_depr,0.05,37,1096,0.0,2,0.25726253,0.25726253,1.020102,0.09547683,0.09547683,1.0,1.5009633e-12,1.5720708e-11,-27.231987,2.2442694,0.7480898,0.18400002,0.0,0.18463899,21.88031,21.90031,3510400
hardzero_plus_depr__c0p50__z1p10__lam0p020__nu0p50__psi1p00,hardzero_plus_depr,0.05,37,1097,0.0,2,0.25726253,0.25726253,1.0124848,0.097166196,0.097166196,1.0,1.4972736e-12,1.5409408e-11,-26.861904,2.227511,0.74250364,0.17600001,0.0,0.17072405,21.90031,21.920311,3513600
hardzero_plus_depr__c0p50__z1p10__lam0p020__nu0p50__psi1p00,hardzero_plus_depr,0.05,37,1098,0.0,2,0.25726253,0.25726253,1.0123911,0.09718716,0.09718716,1.0,1.4679419e-12,1.5104277e-11,-27.074862,2.227305,0.742435,0.16800001,0.0,0.21041575,21.920311,21.940311,3516800
hardzero_plus_depr__c0p50__z1p10__lam0p020__nu0p50__psi1p00,hardzero_plus_depr,0.05,37,1099,0.0,2,0.25726253,0.25726253,1.1152518,0.0,0.07669167,0.0,0.0,1.4805183e-11,-28.670383,2.453603,0.8178677,0.08800001,0.0,0.17153144,21.940311,21.960312,3520000
hardzero_plus_depr__c0p50__z1p10__lam0p020__nu0p50__psi1p00,hardzero_plus_depr,0.05,37,1100,0.0,2,0.25726253,0.25726253,1.0357813,0.09209133,0.09209133,1.0,1.3364309e-12,1.4512016e-11,-26.921606,2.2787642,0.7595881,0.112,0.0,0.18263747,21.960312,21.980312,3523200
hardzero_plus_depr__c0p50__z1p10__lam0p020__nu0p50__psi1p00,hardzero_plus_depr,0.05,37,1101,0.0,2,0.25726253,0.25726253,0.994558,0.10126096,0.10126096,1.0,1.4404019e-12,1.4224652e-11,-26.642162,2.1880713,0.7293571,0.24000001,0.0,0.16843556,21.980312,22.000313,3526400
hardzero_plus_depr__c0p50__z1p10__lam0p020__nu0p50__psi1p00,hardzero_plus_depr,0.05,37,1102,0.0,2,0.25726253,0.25726253,1.0037316,0.099144444,0.099144444,1.0,1.3823688e-12,1.3942978e-11,-26.810276,2.2082536,0.7360846,0.16000001,0.0,0.19483045,22.000313,22.020313,3529600
hardzero_plus_depr__c0p50__z1p10__lam0p020__nu0p50__psi1p00,hardzero_plus_depr,0.05,37,1103,0.0,2,0.25726253,0.25726253,0.9839907,0.10375504,0.10375504,1.0,1.418008e-12,1.3666883e-11,-26.112604,2.1648228,0.7216076,0.216,0.0,0.15685019,22.020313,22.040314,3532800
hardzero_plus_depr__c0p50__z1p10__lam0p020__nu0p50__psi1p00,hardzero_plus_depr,0.05,37,1104,0.0,2,0.25726253,0.25726253,1.0463443,0.089878485,0.089878485,1.0,1.2040351e-12,1.33962555e-11,-28.60412,2.3020034,0.76733446,0.120000005,0.0,0.1948848,22.040314,22.060314,3536000
hardzero_plus_depr__c0p50__z1p10__lam0p020__nu0p50__psi1p00,hardzero_plus_depr,0.05,37,1105,0.0,2,0.25726253,0.25726253,1.0675857,0.08558828,0.08558828,1.0,1.1238584e-12,1.3130985e-11,-28.198717,2.3487356,0.7829119,0.17,0.0,0.20111184,22.060314,22.080315,3539200
hardzero_plus_depr__c0p50__z1p10__lam0p020__nu0p50__psi1p00,hardzero_plus_depr,0.05,37,1106,0.0,2,0.25726253,0.25726253,0.9760872,0.105660535,0.105660535,1.0,1.3599534e-12,1.2870968e-11,-26.807566,2.1474347,0.7158116,0.15200001,0.0,0.16916868,22.080315,22.100315,3542400
hardzero_plus_depr__c0p50__z1p10__lam0p020__nu0p50__psi1p00,hardzero_plus_depr,0.05,37,1107,0.0,2,0.25726253,0.25726253,1.0468742,0.08976887,0.08976887,1.0,1.1325331e-12,1.26161e-11,-28.026684,2.3031693,0.7677231,0.096,0.0,0.17478469,22.100315,22.120316,3545600
hardzero_plus_depr__c0p50__z1p10__lam0p020__nu0p50__psi1p00,hardzero_plus_depr,0.05,37,1108,0.0,2,0.25726253,0.25726253,1.0063607,0.098546065,0.098546065,1.0,1.2186481e-12,1.2366279e-11,-27.484297,2.2140377,0.73801255,0.17600001,0.0,0.17586787,22.120316,22.140316,3548800
hardzero_plus_depr__c0p50__z1p10__lam0p020__nu0p50__psi1p00,hardzero_plus_depr,0.05,37,1109,0.0,2,0.25726253,0.25726253,0.98607606,0.10325806,0.10325806,1.0,1.2516326e-12,1.2121404e-11,-26.886204,2.1694107,0.7231369,0.224,0.0,0.18211018,22.140316,22.160316,3552000
hardzero_plus_depr__c0p50__z1p10__lam0p020__nu0p50__psi1p00,hardzero_plus_depr,0.05,37,1110,0.0,2,0.25726253,0.25726253,0.9385794,0.115191534,0.115191534,1.0,1.3686344e-12,1.18813796e-11,-25.742943,2.064916,0.6883053,0.208,0.0,0.16233487,22.160316,22.180317,3555200
hardzero_plus_depr__c0p50__z1p10__lam0p020__nu0p50__psi1p00,hardzero_plus_depr,0.05,37,1111,0.0,2,0.25726253,0.25726253,1.0180014,0.09593975,0.09593975,1.0,1.1173245e-12,1.1646107e-11,-27.878477,2.2396479,0.7465493,0.14400001,0.0,0.17734371,22.180317,22.200317,3558400
hardzero_plus_depr__c0p50__z1p10__lam0p020__nu0p50__psi1p00,hardzero_plus_depr,0.05,37,1112,0.0,2,0.25726253,0.25726253,1.0157608,0.096435994,0.096435994,1.0,1.1008645e-12,1.14154936e-11,-26.79886,2.2347183,0.7449061,0.16000001,0.0,0.19835636,22.200317,22.220318,3561600
hardzero_plus_depr__c0p50__z1p10__lam0p020__nu0p50__psi1p00,hardzero_plus_depr,0.05,37,1113,0.0,2,0.25726253,0.25726253,0.9666366,0.10798499,0.10798499,1.0,1.2082923e-12,1.1189446e-11,-27.090338,2.126643,0.708881,0.192,0.0,0.20027502,22.220318,22.240318,3564800
hardzero_plus_depr__c0p50__z1p10__lam0p020__nu0p50__psi1p00,hardzero_plus_depr,0.05,37,1114,0.0,2,0.25726253,0.25726253,1.0458608,0.08997861,0.08997861,1.0,9.868742e-13,1.0967875e-11,-27.932537,2.3009396,0.7669799,0.120000005,0.0,0.19004461,22.240318,22.260319,3568000
hardzero_plus_depr__c0p50__z1p10__lam0p020__nu0p50__psi1p00,hardzero_plus_depr,0.05,37,1115,0.0,2,0.25726253,0.25726253,1.0844334,0.082331605,0.082331605,1.0,8.8512173e-13,1.0750692e-11,-28.624964,2.3858013,0.7952671,0.15200001,0.0,0.18974419,22.260319,22.28032,3571200
hardzero_plus_depr__c0p50__z1p10__lam0p020__nu0p50__psi1p00,hardzero_plus_depr,0.05,37,1116,0.0,2,0.25726253,0.25726253,1.0401337,0.09117301,0.09117301,1.0,9.607638e-13,1.0537809e-11,-27.217133,2.2883399,0.76277995,0.15200001,0.0,0.15240183,22.28032,22.30032,3574400
hardzero_plus_depr__c0p50__z1p10__lam0p020__nu0p50__psi1p00,hardzero_plus_depr,0.05,37,1117,0.0,2,0.25726253,0.25726253,1.0278428,0.09379015,0.09379015,1.0,9.687718e-13,1.0329142e-11,-27.634243,2.2612991,0.7537664,0.14400001,0.0,0.19154418,22.30032,22.32032,3577600
hardzero_plus_depr__c0p50__z1p10__lam0p020__nu0p50__psi1p00,hardzero_plus_depr,0.05,37,1118,0.0,2,0.25726253,0.25726253,0.97984636,0.10474991,0.10474991,1.0,1.0605517e-12,1.0124607e-11,-27.338102,2.155705,0.7185683,0.14999999,0.0,0.18629448,22.32032,22.34032,3580800
hardzero_plus_depr__c0p50__z1p10__lam0p020__nu0p50__psi1p00,hardzero_plus_depr,0.05,37,1119,0.0,2,0.25726253,0.25726253,1.0874403,0.08176356,0.08176356,1.0,8.1143143e-13,9.9241206e-12,-28.435413,2.3924162,0.7974721,0.14400001,0.0,0.2133802,22.34032,22.360321,3584000
hardzero_plus_depr__c0p50__z1p10__lam0p020__nu0p50__psi1p00,hardzero_plus_depr,0.05,37,1120,0.0,2,0.25726253,0.25726253,0.97959554,0.10481041,0.10481041,1.0,1.0195544e-12,9.727607e-12,-26.348806,2.1551533,0.71838444,0.16800001,0.0,0.1727775,22.360321,22.380322,3587200
hardzero_plus_depr__c0p50__z1p10__lam0p020__nu0p50__psi1p00,hardzero_plus_depr,0.05,37,1121,0.0,2,0.25726253,0.25726253,0.9921684,0.10181963,0.10181963,1.0,9.708483e-13,9.534982e-12,-27.556349,2.1828141,0.72760475,0.136,0.0,0.19671288,22.380322,22.400322,3590400
hardzero_plus_depr__c0p50__z1p10__lam0p020__nu0p50__psi1p00,hardzero_plus_depr,0.05,37,1122,0.0,2,0.25726253,0.25726253,1.0170174,0.096157394,0.096157394,1.0,8.9870364e-13,9.346173e-12,-27.151754,2.2374828,0.7458276,0.15200001,0.0,0.16120139,22.400322,22.420322,3593600
hardzero_plus_depr__c0p50__z1p10__lam0p020__nu0p50__psi1p00,hardzero_plus_depr,0.05,37,1123,0.0,2,0.25726253,0.25726253,0.9930097,0.10162261,0.10162261,1.0,9.30975e-13,9.1611016e-12,-27.090044,2.184665,0.72822165,0.2,0.0,0.18914798,22.420322,22.440323,3596800
hardzero_plus_depr__c0p50__z1p10__lam0p020__nu0p50__psi1p00,hardzero_plus_depr,0.05,37,1124,0.0,2,0.25726253,0.25726253,1.0400474,0.09119111,0.09119111,1.0,8.188684e-13,8.9796955e-12,-27.309383,2.28815,0.7627167,0.18400002,0.0,0.21023421,22.440323,22.460323,3600000
hardzero_plus_depr__c0p50__z1p10__lam0p020__nu0p50__psi1p00,hardzero_plus_depr,0.05,37,1125,0.0,2,0.25726253,0.25726253,0.968604,0.107496895,0.107496895,1.0,9.46175e-13,8.801882e-12,-26.149986,2.1309714,0.7103238,0.16000001,0.0,0.18792412,22.460323,22.480324,3603200
hardzero_plus_depr__c0p50__z1p10__lam0p020__nu0p50__psi1p00,hardzero_plus_depr,0.05,37,1126,0.0,2,0.25726253,0.25726253,0.9890664,0.102549516,0.102549516,1.0,8.84755e-13,8.627588e-12,-26.830347,2.1759896,0.7253299,0.14400001,0.0,0.1757806,22.480324,22.500324,3606400
hardzero_plus_depr__c0p50__z1p10__lam0p020__nu0p50__psi1p00,hardzero_plus_depr,0.05,37,1127,0.0,2,0.25726253,0.25726253,1.00527,0.09879388,0.09879388,1.0,8.3547497e-13,8.456748e-12,-27.422647,2.2116382,0.7372128,0.17600001,0.0,0.19697623,22.500324,22.520325,3609600
hardzero_plus_depr__c0p50__z1p10__lam0p020__nu0p50__psi1p00,hardzero_plus_depr,0.05,37,1128,0.0,2,0.25726253,0.25726253,1.0680157,0.08550358,0.08550358,1.0,7.0876383e-13,8.2892885e-12,-28.00629,2.3496814,0.78322715,0.14400001,0.0,0.16944869,22.520325,22.540325,3612800
hardzero_plus_depr__c0p50__z1p10__lam0p020__nu0p50__psi1p00,hardzero_plus_depr,0.05,37,1129,0.0,2,0.25726253,0.25726253,0.98452175,0.10362827,0.10362827,1.0,8.4199477e-13,8.1251455e-12,-26.93607,2.165991,0.721997,0.14400001,0.0,0.18864559,22.540325,22.560326,3616000
hardzero_plus_depr__c0p50__z1p10__lam0p020__nu0p50__psi1p00,hardzero_plus_depr,0.05,37,1130,0.0,2,0.25726253,0.25726253,1.0325952,0.09276941,0.09276941,1.0,7.3883906e-13,7.964253e-12,-27.720575,2.2717547,0.7572516,0.17600001,0.0,0.18076847,22.560326,22.580326,3619200
hardzero_plus_depr__c0p50__z1p10__lam0p020__nu0p50__psi1p00,hardzero_plus_depr,0.05,37,1131,0.0,2,0.25726253,0.25726253,1.0145495,0.096705355,0.096705355,1.0,7.549349e-13,7.806547e-12,-26.900114,2.2320535,0.74401784,0.13,0.0,0.17466725,22.580326,22.600327,3622400
hardzero_plus_depr__c0p50__z1p10__lam0p020__nu0p50__psi1p00,hardzero_plus_depr,0.05,37,1132,0.0,2,0.25726253,0.25726253,0.9784078,0.10509745,0.10509745,1.0,8.042019e-13,7.651964e-12,-26.118448,2.1525402,0.71751344,0.16800001,0.0,0.18222229,22.600327,22.620327,3625600
hardzero_plus_depr__c0p50__z1p10__lam0p020__nu0p50__psi1p00,hardzero_plus_depr,0.05,37,1133,0.0,2,0.25726253,0.25726253,1.0175937,0.09602985,0.09602985,1.0,7.2026624e-13,7.500441e-12,-27.557861,2.238751,0.74625033,0.136,0.0,0.18459737,22.620327,22.640327,3628800
hardzero_plus_depr__c0p50__z1p10__lam0p020__nu0p50__psi1p00,hardzero_plus_depr,0.05,37,1134,0.0,2,0.25726253,0.25726253,0.9845886,0.10361231,0.10361231,1.0,7.617494e-13,7.351919e-12,-26.297512,2.1661382,0.7220461,0.224,0.0,0.18273538,22.640327,22.660328,3632000
hardzero_plus_depr__c0p50__z1p10__lam0p020__nu0p50__psi1p00,hardzero_plus_depr,0.05,37,1135,0.0,2,0.25726253,0.25726253,0.970904,0.10692912,0.10692912,1.0,7.7056737e-13,7.2063375e-12,-26.752619,2.1360314,0.7120105,0.208,0.008,0.17959264,22.660328,22.680328,3635200
hardzero_plus_depr__c0p50__z1p10__lam0p020__nu0p50__psi1p00,hardzero_plus_depr,0.05,37,1136,0.0,2,0.25726253,0.25726253,1.0057806,0.0986778,0.0986778,1.0,6.9702447e-13,7.06364e-12,-27.017363,2.2127614,0.73758715,0.208,0.0,0.16640122,22.680328,22.700329,3638400
hardzero_plus_depr__c0p50__z1p10__lam0p020__nu0p50__psi1p00,hardzero_plus_depr,0.05,37,1137,0.0,2,0.25726253,0.25726253,0.99341923,0.10152681,0.10152681,1.0,7.02948e-13,6.923767e-12,-27.056202,2.185566,0.728522,0.120000005,0.0,0.19045363,22.700329,22.72033,3641600
hardzero_plus_depr__c0p50__z1p10__lam0p020__nu0p50__psi1p00,hardzero_plus_depr,0.05,37,1138,0.0,2,0.25726253,0.25726253,1.0359129,0.092063434,0.092063434,1.0,6.2480365e-13,6.7866645e-12,-27.066427,2.279054,0.7596847,0.128,0.0,0.19234982,22.72033,22.74033,3644800
hardzero_plus_depr__c0p50__z1p10__lam0p020__nu0p50__psi1p00,hardzero_plus_depr,0.05,37,1139,0.0,2,0.25726253,0.25726253,1.0131531,0.09701679,0.09701679,1.0,6.4538246e-13,6.652276e-12,-26.669386,2.2289813,0.7429938,0.2,0.0,0.1693173,22.74033,22.76033,3648000
hardzero_plus_depr__c0p50__z1p10__lam0p020__nu0p50__psi1p00,hardzero_plus_depr,0.05,37,1140,0.0,2,0.25726253,0.25726253,1.0245572,0.09450239,0.09450239,1.0,6.162075e-13,6.5205493e-12,-27.663246,2.254071,0.751357,0.15200001,0.0,0.16500914,22.76033,22.78033,3651200
hardzero_plus_depr__c0p50__z1p10__lam0p020__nu0p50__psi1p00,hardzero_plus_depr,0.05,37,1141,0.0,2,0.25726253,0.25726253,1.0884799,0.081568055,0.081568055,1.0,5.213366e-13,6.3914312e-12,-27.976591,2.3947036,0.7982346,0.112,0.0,0.19151098,22.78033,22.800331,3654400
hardzero_plus_depr__c0p50__z1p10__lam0p020__nu0p50__psi1p00,hardzero_plus_depr,0.05,37,1142,0.0,2,0.25726253,0.25726253,1.0612601,0.08684402,0.08684402,1.0,5.440664e-13,6.2648693e-12,-28.309647,2.3348188,0.778273,0.16000001,0.008,0.22656627,22.800331,22.820332,3657600
hardzero_plus_depr__c0p50__z1p10__lam0p020__nu0p50__psi1p00,hardzero_plus_depr,0.05,37,1143,0.0,2,0.25726253,0.25726253,1.0617888,0.08673836,0.08673836,1.0,5.326442e-13,6.1408144e-12,-27.598005,2.335982,0.7786607,0.08800001,0.0,0.21940191,22.820332,22.840332,3660800
hardzero_plus_depr__c0p50__z1p10__lam0p020__nu0p50__psi1p00,hardzero_plus_depr,0.05,37,1144,0.0,2,0.25726253,0.25726253,0.95616436,0.11062049,0.11062049,1.0,6.6584845e-13,6.019214e-12,-25.480146,2.1036036,0.7012012,0.16,0.0,0.15725651,22.840332,22.860332,3664000
hardzero_plus_depr__c0p50__z1p10__lam0p020__nu0p50__psi1p00,hardzero_plus_depr,0.05,37,1145,0.0,2,0.25726253,0.25726253,1.0157436,0.09643981,0.09643981,1.0,5.6899716e-13,5.9000235e-12,-27.097801,2.2346807,0.74489355,0.136,0.0,0.15584026,22.860332,22.880333,3667200
hardzero_plus_depr__c0p50__z1p10__lam0p020__nu0p50__psi1p00,hardzero_plus_depr,0.05,37,1146,0.0,2,0.25726253,0.25726253,1.0406516,0.09106436,0.09106436,1.0,5.266428e-13,5.783193e-12,-27.56513,2.289479,0.7631597,0.16800001,0.0,0.22157837,22.880333,22.900333,3670400
hardzero_plus_depr__c0p50__z1p10__lam0p020__nu0p50__psi1p00,hardzero_plus_depr,0.05,37,1147,0.0,2,0.25726253,0.25726253,1.0554856,0.088006414,0.088006414,1.0,4.988798e-13,5.668675e-12,-28.377386,2.3221147,0.77403826,0.096,0.0,0.16942975,22.900333,22.920334,3673600
hardzero_plus_depr__c0p50__z1p10__lam0p020__nu0p50__psi1p00,hardzero_plus_depr,0.05,37,1148,0.0,2,0.25726253,0.25726253,1.0418376,0.09081601,0.09081601,1.0,5.046124e-13,5.5564255e-12,-27.20211,2.2920885,0.7640295,0.15200001,0.0,0.18376783,22.920334,22.940334,3676800
hardzero_plus_depr__c0p50__z1p10__lam0p020__nu0p50__psi1p00,hardzero_plus_depr,0.05,37,1149,0.0,2,0.25726253,0.25726253,0.9758084,0.10572838,0.10572838,1.0,5.7583886e-13,5.446398e-12,-26.107634,2.1468213,0.7156071,0.14400001,0.008,0.1721434,22.940334,22.960335,3680000
hardzero_plus_depr__c0p50__z1p10__lam0p020__nu0p50__psi1p00,hardzero_plus_depr,0.05,37,1150,0.0,2,0.25726253,0.25726253,1.0343354,0.09239844,0.09239844,1.0,4.932737e-13,5.3385503e-12,-27.363373,2.2755833,0.75852776,0.112,0.0,0.1759328,22.960335,22.980335,3683200
hardzero_plus_depr__c0p50__z1p10__lam0p020__nu0p50__psi1p00,hardzero_plus_depr,0.05,37,1151,0.0,2,0.25726253,0.25726253,1.0544925,0.088207915,0.088207915,1.0,4.6157766e-13,5.232837e-12,-27.942034,2.3199298,0.77330995,0.112,0.0,0.18790637,22.980335,23.000336,3686400
hardzero_plus_depr__c0p50__z1p10__lam0p020__nu0p50__psi1p00,hardzero_plus_depr,0.05,37,1152,0.0,2,0.25726253,0.25726253,1.0503758,0.08904799,0.08904799,1.0,4.5674657e-13,5.129218e-12,-28.498178,2.310873,0.77029103,0.128,0.0,0.21059449,23.000336,23.020336,3689600
hardzero_plus_depr__c0p50__z1p10__lam0p020__nu0p50__psi1p00,hardzero_plus_depr,0.05,37,1153,0.0,2,0.25726253,0.25726253,0.9388285,0.11512548,0.11512548,1.0,5.788106e-13,5.02765e-12,-25.572756,2.065464,0.688488,0.15200001,0.0,0.15607244,23.020336,23.040337,3692800
hardzero_plus_depr__c0p50__z1p10__lam0p020__nu0p50__psi1p00,hardzero_plus_depr,0.05,37,1154,0.0,2,0.25726253,0.25726253,1.0148864,0.09663036,0.09663036,1.0,4.762035e-13,4.928094e-12,-27.314585,2.2327945,0.74426484,0.120000005,0.0,0.17424388,23.040337,23.060337,3696000
hardzero_plus_depr__c0p50__z1p10__lam0p020__nu0p50__psi1p00,hardzero_plus_depr,0.05,37,1155,0.0,2,0.25726253,0.25726253,1.034982,0.092260964,0.092260964,1.0,4.456674e-13,4.830509e-12,-27.998539,2.277006,0.759002,0.08800001,0.0,0.19781739,23.060337,23.080338,3699200
hardzero_plus_depr__c0p50__z1p10__lam0p020__nu0p50__psi1p00,hardzero_plus_depr,0.05,37,1156,0.0,2,0.25726253,0.25726253,0.9943903,0.10130005,0.10130005,1.0,4.796412e-13,4.734856e-12,-27.437086,2.1877024,0.72923416,0.16000001,0.0,0.1693866,23.080338,23.100338,3702400
hardzero_plus_depr__c0p50__z1p10__lam0p020__nu0p50__psi1p00,hardzero_plus_depr,0.05,37,1157,0.0,2,0.25726253,0.25726253,0.97253126,0.10652921,0.10652921,1.0,4.944125e-13,4.641098e-12,-26.819208,2.1396115,0.71320385,0.19,0.0,0.18031466,23.100338,23.120338,3705600
hardzero_plus_depr__c0p50__z1p10__lam0p020__nu0p50__psi1p00,hardzero_plus_depr,0.05,37,1158,0.0,2,0.25726253,0.25726253,0.9516315,0.11178114,0.11178114,1.0,5.085143e-13,4.5491957e-12,-26.262161,2.093631,0.69787705,0.17600001,0.0,0.14742868,23.120338,23.140339,3708800
hardzero_plus_depr__c0p50__z1p10__lam0p020__nu0p50__psi1p00,hardzero_plus_depr,0.05,37,1159,0.0,2,0.25726253,0.25726253,1.0570846,0.08768301,0.08768301,1.0,3.9098846e-13,4.459113e-12,-27.104195,2.3256326,0.77521086,0.15200001,0.0,0.19596645,23.140339,23.16034,3712000
hardzero_plus_depr__c0p50__z1p10__lam0p020__nu0p50__psi1p00,hardzero_plus_depr,0.05,37,1160,0.0,2,0.25726253,0.25726253,1.0596595,0.08716467,0.08716467,1.0,3.8098067e-13,4.3708153e-12,-27.348352,2.3312974,0.77709913,0.128,0.0,0.17332321,23.16034,23.18034,3715200
hardzero_plus_depr__c0p50__z1p10__lam0p020__nu0p50__psi1p00,hardzero_plus_depr,0.05,37,1161,0.0,2,0.25726253,0.25726253,0.98273426,0.104055665,0.104055665,1.0,4.4580206e-13,4.2842652e-12,-26.377815,2.1620586,0.7206862,0.192,0.0,0.17030883,23.18034,23.20034,3718400
hardzero_plus_depr__c0p50__z1p10__lam0p020__nu0p50__psi1p00,hardzero_plus_depr,0.05,37,1162,0.0,2,0.25726253,0.25726253,1.0167575,0.09621495,0.09621495,1.0,4.040479e-13,4.1994294e-12,-27.644228,2.236911,0.74563706,0.15200001,0.0,0.17868538,23.20034,23.22034,3721600
hardzero_plus_depr__c0p50__z1p10__lam0p020__nu0p50__psi1p00,hardzero_plus_depr,0.05,37,1163,0.0,2,0.25726253,0.25726253,1.0188025,0.09576294,0.09576294,1.0,3.941864e-13,4.116273e-12,-27.677729,2.2414103,0.7471368,0.14400001,0.0,0.18998528,23.22034,23.240341,3724800
hardzero_plus_depr__c0p50__z1p10__lam0p020__nu0p50__psi1p00,hardzero_plus_depr,0.05,37,1164,0.0,2,0.25726253,0.25726253,1.0713071,0.08485802,0.08485802,1.0,3.4238205e-13,4.0347634e-12,-27.21377,2.3569226,0.7856409,0.2,0.0,0.21194255,23.240341,23.260342,3728000
hardzero_plus_depr__c0p50__z1p10__lam0p020__nu0p50__psi1p00,hardzero_plus_depr,0.05,37,1165,0.0,2,0.25726253,0.25726253,1.0153334,0.09653095,0.09653095,1.0,3.8176713e-13,3.9548677e-12,-27.433361,2.233778,0.74459267,0.18400002,0.0,0.19850886,23.260342,23.280342,3731200
hardzero_plus_depr__c0p50__z1p10__lam0p020__nu0p50__psi1p00,hardzero_plus_depr,0.05,37,1166,0.0,2,0.25726253,0.25726253,1.0002297,0.09994711,0.09994711,1.0,3.8745046e-13,3.876555e-12,-27.609407,2.2005494,0.73351645,0.2,0.008,0.17802626,23.280342,23.300343,3734400
hardzero_plus_depr__c0p50__z1p10__lam0p020__nu0p50__psi1p00,hardzero_plus_depr,0.05,37,1167,0.0,2,0.25726253,0.25726253,0.9353237,0.11605832,0.11605832,1.0,4.4099744e-13,3.7997916e-12,-25.927454,2.0577533,0.6859178,0.24000001,0.0,0.16138087,23.300343,23.320343,3737600
hardzero_plus_depr__c0p50__z1p10__lam0p020__nu0p50__psi1p00,hardzero_plus_depr,0.05,37,1168,0.0,2,0.25726253,0.25726253,1.0651199,0.08607561,0.08607561,1.0,3.205929e-13,3.7245497e-12,-28.873596,2.3433106,0.78110355,0.18400002,0.0,0.20723243,23.320343,23.340343,3740800
hardzero_plus_depr__c0p50__z1p10__lam0p020__nu0p50__psi1p00,hardzero_plus_depr,0.05,37,1169,0.0,2,0.25726253,0.25726253,0.92330575,0.11931477,0.11931477,1.0,4.3559394e-13,3.6507967e-12,-25.622927,2.0313132,0.6771044,0.16800001,0.0,0.16848752,23.340343,23.360344,3744000
hardzero_plus_depr__c0p50__z1p10__lam0p020__nu0p50__psi1p00,hardzero_plus_depr,0.05,37,1170,0.0,2,0.25726253,0.25726253,0.9805484,0.10458072,0.10458072,1.0,3.7424255e-13,3.5785042e-12,-26.550669,2.1572495,0.7190832,0.14999999,0.0,0.1814928,23.360344,23.380344,3747200
hardzero_plus_depr__c0p50__z1p10__lam0p020__nu0p50__psi1p00,hardzero_plus_depr,0.05,37,1171,0.0,2,0.25726253,0.25726253,1.0207598,0.09533232,0.09533232,1.0,3.343918e-13,3.5076436e-12,-27.486914,2.2457163,0.7485721,0.192,0.0,0.23826997,23.380344,23.400345,3750400
hardzero_plus_depr__c0p50__z1p10__lam0p020__nu0p50__psi1p00,hardzero_plus_depr,0.05,37,1172,0.0,2,0.25726253,0.25726253,1.0111759,0.09745948,0.09745948,1.0,3.3508382e-13,3.438186e-12,-27.76318,2.2246313,0.74154377,0.16000001,0.0,0.19235754,23.400345,23.420345,3753600
hardzero_plus_depr__c0p50__z1p10__lam0p020__nu0p50__psi1p00,hardzero_plus_depr,0.05,37,1173,0.0,2,0.25726253,0.25726253,0.9806141,0.10456489,0.10456489,1.0,3.5239455e-13,3.370104e-12,-26.373617,2.1573942,0.7191314,0.112,0.0,0.1696653,23.420345,23.440346,3756800
hardzero_plus_depr__c0p50__z1p10__lam0p020__nu0p50__psi1p00,hardzero_plus_depr,0.05,37,1174,0.0,2,0.25726253,0.25726253,1.0358844,0.09206946,0.09206946,1.0,3.0413947e-13,3.3033697e-12,-28.079088,2.2789912,0.75966376,0.16800001,0.0,0.19574673,23.440346,23.460346,3760000
hardzero_plus_depr__c0p50__z1p10__lam0p020__nu0p50__psi1p00,hardzero_plus_depr,0.05,37,1175,0.0,2,0.25726253,0.25726253,0.9923931,0.101766996,0.101766996,1.0,3.2951718e-13,3.2379572e-12,-26.815065,2.1833084,0.7277695,0.16000001,0.0,0.17856917,23.460346,23.480347,3763200
hardzero_plus_depr__c0p50__z1p10__lam0p020__nu0p50__psi1p00,hardzero_plus_depr,0.05,37,1176,0.0,2,0.25726253,0.25726253,0.9402968,0.11473692,0.11473692,1.0,3.6415665e-13,3.17384e-12,-25.064787,2.0686944,0.6895648,0.17600001,0.0,0.16649354,23.480347,23.500347,3766400
hardzero_plus_depr__c0p50__z1p10__lam0p020__nu0p50__psi1p00,hardzero_plus_depr,0.05,37,1177,0.0,2,0.25726253,0.25726253,0.99602693,0.10091903,0.10091903,1.0,3.139583e-13,3.1109921e-12,-25.743605,2.191303,0.73043436,0.16000001,0.0,0.15352759,23.500347,23.520348,3769600
hardzero_plus_depr__c0p50__z1p10__lam0p020__nu0p50__psi1p00,hardzero_plus_depr,0.05,37,1178,0.0,2,0.25726253,0.25726253,1.0033951,0.0992213,0.0992213,1.0,3.0256432e-13,3.0493889e-12,-26.340569,2.2075133,0.7358378,0.18400002,0.0,0.16820863,23.520348,23.540348,3772800
hardzero_plus_depr__c0p50__z1p10__lam0p020__nu0p50__psi1p00,hardzero_plus_depr,0.05,37,1179,0.0,2,0.25726253,0.25726253,0.9884103,0.10270454,0.10270454,1.0,3.0698445e-13,2.9890055e-12,-27.282654,2.174546,0.7248487,0.16000001,0.0,0.17781855,23.540348,23.560349,3776000
hardzero_plus_depr__c0p50__z1p10__lam0p020__nu0p50__psi1p00,hardzero_plus_depr,0.05,37,1180,0.0,2,0.25726253,0.25726253,1.0237443,0.09467943,0.09467943,1.0,2.7739353e-13,2.9298183e-12,-27.800655,2.2522826,0.7507609,0.15200001,0.0,0.19556041,23.560349,23.580349,3779200
hardzero_plus_depr__c0p50__z1p10__lam0p020__nu0p50__psi1p00,hardzero_plus_depr,0.05,37,1181,0.0,2,0.25726253,0.25726253,1.0187969,0.09576417,0.09576417,1.0,2.7501577e-13,2.8718024e-12,-27.443115,2.241398,0.7471327,0.08800001,0.0,0.19255331,23.580349,23.60035,3782400
hardzero_plus_depr__c0p50__z1p10__lam0p020__nu0p50__psi1p00,hardzero_plus_depr,0.05,37,1182,0.0,2,0.25726253,0.25726253,1.0104592,0.09762045,0.09762045,1.0,2.7479527e-13,2.8149356e-12,-27.497221,2.2230546,0.74101824,0.192,0.0,0.16122158,23.60035,23.62035,3785600
hardzero_plus_depr__c0p50__z1p10__lam0p020__nu0p50__psi1p00,hardzero_plus_depr,0.05,37,1183,0.0,2,0.25726253,0.25726253,0.9899985,0.10232965,0.10232965,1.0,2.8234747e-13,2.759195e-12,-26.67146,2.1780403,0.7260134,0.17,0.0,0.13530648,23.62035,23.64035,3788800
hardzero_plus_depr__c0p50__z1p10__lam0p020__nu0p50__psi1p00,hardzero_plus_depr,0.05,37,1184,0.0,2,0.25726253,0.25726253,1.0466087,0.089823775,0.089823775,1.0,2.429336e-13,2.704558e-12,-27.716309,2.3025851,0.7675284,0.15200001,0.0,0.18630072,23.64035,23.66035,3792000
hardzero_plus_depr__c0p50__z1p10__lam0p020__nu0p50__psi1p00,hardzero_plus_depr,0.05,37,1185,0.0,2,0.25726253,0.25726253,0.9952074,0.10110963,0.10110963,1.0,2.6804194e-13,2.651003e-12,-27.618406,2.1895,0.72983336,0.16800001,0.008,0.18899485,23.66035,23.680351,3795200
hardzero_plus_depr__c0p50__z1p10__lam0p020__nu0p50__psi1p00,hardzero_plus_depr,0.05,37,1186,0.0,2,0.25726253,0.25726253,0.9616665,0.10922787,0.10922787,1.0,2.8382957e-13,2.5985086e-12,-25.32913,2.1157086,0.7052362,0.18400002,0.0,0.16502099,23.680351,23.700352,3798400
hardzero_plus_depr__c0p50__z1p10__lam0p020__nu0p50__psi1p00,hardzero_plus_depr,0.05,37,1187,0.0,2,0.25726253,0.25726253,1.0315946,0.09298338,0.09298338,1.0,2.3683364e-13,2.5470535e-12,-27.10063,2.2695534,0.7565178,0.16800001,0.0,0.19296497,23.700352,23.720352,3801600
hardzero_plus_depr__c0p50__z1p10__lam0p020__nu0p50__psi1p00,hardzero_plus_depr,0.05,37,1188,0.0,2,0.25726253,0.25726253,0.95887923,0.10993115,0.10993115,1.0,2.74456e-13,2.4966173e-12,-26.57588,2.1095765,0.7031922,0.16800001,0.0,0.19311534,23.720352,23.740353,3804800
hardzero_plus_depr__c0p50__z1p10__lam0p020__nu0p50__psi1p00,hardzero_plus_depr,0.05,37,1189,0.0,2,0.25726253,0.25726253,1.0506712,0.08898744,0.08898744,1.0,2.1776825e-13,2.4471796e-12,-28.044893,2.311523,0.7705077,0.16800001,0.0,0.21842974,23.740353,23.760353,3808000
hardzero_plus_depr__c0p50__z1p10__lam0p020__nu0p50__psi1p00,hardzero_plus_depr,0.05,37,1190,0.0,2,0.25726253,0.25726253,1.011419,0.097404934,0.097404934,1.0,2.3364728e-13,2.3987212e-12,-26.772778,2.2251663,0.7417221,0.136,0.0,0.17033775,23.760353,23.780354,3811200
hardzero_plus_depr__c0p50__z1p10__lam0p020__nu0p50__psi1p00,hardzero_plus_depr,0.05,37,1191,0.0,2,0.25726253,0.25726253,0.9901598,0.10229165,0.10229165,1.0,2.405104e-13,2.3512223e-12,-26.96287,2.178395,0.7261317,0.216,0.0,0.1933931,23.780354,23.800354,3814400
hardzero_plus_depr__c0p50__z1p10__lam0p020__nu0p50__psi1p00,hardzero_plus_depr,0.05,37,1192,0.0,2,0.25726253,0.25726253,0.99480873,0.10120251,0.10120251,1.0,2.332378e-13,2.304664e-12,-26.856718,2.188623,0.729541,0.136,0.0,0.17585033,23.800354,23.820354,3817600
hardzero_plus_depr__c0p50__z1p10__lam0p020__nu0p50__psi1p00,hardzero_plus_depr,0.05,37,1193,0.0,2,0.25726253,0.25726253,1.0366037,0.0919171,0.0919171,1.0,2.0764326e-13,2.2590276e-12,-27.339476,2.2805736,0.7601912,0.2,0.0,0.19303252,23.820354,23.840355,3820800
hardzero_plus_depr__c0p50__z1p10__lam0p020__nu0p50__psi1p00,hardzero_plus_depr,0.05,37,1194,0.0,2,0.25726253,0.25726253,1.0297989,0.09336865,0.09336865,1.0,2.0674571e-13,2.2142947e-12,-26.444513,2.2656028,0.755201,0.17600001,0.0,0.1499806,23.840355,23.860355,3824000
hardzero_plus_depr__c0p50__z1p10__lam0p020__nu0p50__psi1p00,hardzero_plus_depr,0.05,37,1195,0.0,2,0.25726253,0.25726253,1.0230852,0.094823234,0.094823234,1.0,2.0580887e-13,2.1704476e-12,-26.927546,2.2508326,0.7502775,0.14400001,0.0,0.1690594,23.860355,23.880356,3827200
hardzero_plus_depr__c0p50__z1p10__lam0p020__nu0p50__psi1p00,hardzero_plus_depr,0.05,37,1196,0.0,2,0.25726253,0.25726253,1.0394781,0.091310754,0.091310754,1.0,1.942608e-13,2.127469e-12,-27.503975,2.2868974,0.7622992,0.17999999,0.0,0.18394539,23.880356,23.900356,3830400
hardzero_plus_depr__c0p50__z1p10__lam0p020__nu0p50__psi1p00,hardzero_plus_depr,0.05,37,1197,0.0,2,0.25726253,0.25726253,1.0064377,0.09852861,0.09852861,1.0,2.0546578e-13,2.0853414e-12,-27.359951,2.214207,0.738069,0.192,0.0,0.18128505,23.900356,23.920357,3833600
hardzero_plus_depr__c0p50__z1p10__lam0p020__nu0p50__psi1p00,hardzero_plus_depr,0.05,37,1198,0.0,2,0.25726253,0.25726253,1.0012925,0.09970284,0.09970284,1.0,2.0379739e-13,2.0440479e-12,-27.343563,2.2028875,0.73429585,0.16000001,0.0,0.19878325,23.920357,23.940357,3836800
hardzero_plus_depr__c0p50__z1p10__lam0p020__nu0p50__psi1p00,hardzero_plus_depr,0.05,37,1199,0.0,2,0.25726253,0.25726253,0.9960309,0.100918084,0.100918084,1.0,2.0219667e-13,2.0035722e-12,-26.20221,2.1913118,0.7304373,0.104,0.0,0.14474958,23.940357,23.960358,3840000
hardzero_plus_depr__c0p50__z1p10__lam0p020__nu0p50__psi1p00,hardzero_plus_depr,0.05,37,1200,0.0,2,0.25726253,0.25726253,0.9277953,0.118087694,0.118087694,1.0,2.3191217e-13,1.9638978e-12,-25.835361,2.0411904,0.6803968,0.224,0.0,0.17050135,23.960358,23.980358,3843200
hardzero_plus_depr__c0p50__z1p10__lam0p020__nu0p50__psi1p00,hardzero_plus_depr,0.05,37,1201,0.0,2,0.25726253,0.25726253,1.0490352,0.08932331,0.08932331,1.0,1.7194822e-13,1.9250094e-12,-27.419622,2.3079236,0.76930785,0.136,0.0,0.18457983,23.980358,24.000359,3846400
hardzero_plus_depr__c0p50__z1p10__lam0p020__nu0p50__psi1p00,hardzero_plus_depr,0.05,37,1202,0.0,2,0.25726253,0.25726253,1.0576609,0.087566726,0.087566726,1.0,1.6522883e-13,1.8868906e-12,-28.179173,2.3269005,0.7756335,0.24000001,0.0,0.20036966,24.000359,24.020359,3849600
hardzero_plus_depr__c0p50__z1p10__lam0p020__nu0p50__psi1p00,hardzero_plus_depr,0.05,37,1203,0.0,2,0.25726253,0.25726253,1.0272992,0.09390762,0.09390762,1.0,1.7368463e-13,1.8495266e-12,-27.432362,2.2601032,0.7533678,0.18400002,0.0,0.20085469,24.020359,24.04036,3852800
hardzero_plus_depr__c0p50__z1p10__lam0p020__nu0p50__psi1p00,hardzero_plus_depr,0.05,37,1204,0.0,2,0.25726253,0.25726253,1.0738629,0.08436009,0.08436009,1.0,1.5293665e-13,1.8129028e-12,-28.59867,2.3625455,0.78751516,0.136,0.0,0.20331767,24.04036,24.06036,3856000
hardzero_plus_depr__c0p50__z1p10__lam0p020__nu0p50__psi1p00,hardzero_plus_depr,0.05,37,1205,0.0,2,0.25726253,0.25726253,1.0335673,0.092562,0.092562,1.0,1.6448305e-13,1.7770041e-12,-27.321283,2.2738936,0.75796455,0.15200001,0.0,0.21146835,24.06036,24.08036,3859200
hardzero_plus_depr__c0p50__z1p10__lam0p020__nu0p50__psi1p00,hardzero_plus_depr,0.05,37,1206,0.0,2,0.25726253,0.25726253,1.0018789,0.09956829,0.09956829,1.0,1.7342968e-13,1.7418164e-12,-27.609621,2.2041774,0.73472583,0.16800001,0.0,0.18476512,24.08036,24.10036,3862400
hardzero_plus_depr__c0p50__z1p10__lam0p020__nu0p50__psi1p00,hardzero_plus_depr,0.05,37,1207,0.0,2,0.25726253,0.25726253,0.9740213,0.106164336,0.106164336,1.0,1.8125705e-13,1.7073253e-12,-27.586044,2.1428897,0.7142966,0.17600001,0.0,0.19178861,24.10036,24.120361,3865600
hardzero_plus_depr__c0p50__z1p10__lam0p020__nu0p50__psi1p00,hardzero_plus_depr,0.05,37,1208,0.0,2,0.25726253,0.25726253,1.0065469,0.09850383,0.09850383,1.0,1.6484786e-13,1.6735172e-12,-26.926352,2.2144473,0.7381491,0.24800001,0.0,0.17080373,24.120361,24.140362,3868800
hardzero_plus_depr__c0p50__z1p10__lam0p020__nu0p50__psi1p00,hardzero_plus_depr,0.05,37,1209,0.0,2,0.25726253,0.25726253,1.0237418,0.09467997,0.09467997,1.0,1.55311e-13,1.6403787e-12,-27.056936,2.252277,0.750759,0.17,0.0,0.18282256,24.140362,24.160362,3872000
hardzero_plus_depr__c0p50__z1p10__lam0p020__nu0p50__psi1p00,hardzero_plus_depr,0.05,37,1210,0.0,2,0.25726253,0.25726253,1.0063705,0.09854383,0.09854383,1.0,1.5844825e-13,1.6078961e-12,-27.52724,2.2140594,0.7380198,0.16800001,0.0,0.17293824,24.160362,24.180363,3875200
hardzero_plus_depr__c0p50__z1p10__lam0p020__nu0p50__psi1p00,hardzero_plus_depr,0.05,37,1211,0.0,2,0.25726253,0.25726253,0.93923646,0.11501741,0.11501741,1.0,1.8127398e-13,1.576057e-12,-25.79763,2.0663614,0.68878716,0.208,0.0,0.18446773,24.180363,24.200363,3878400
hardzero_plus_depr__c0p50__z1p10__lam0p020__nu0p50__psi1p00,hardzero_plus_depr,0.05,37,1212,0.0,2,0.25726253,0.25726253,0.99960566,0.100090824,0.100090824,1.0,1.5462515e-13,1.5448483e-12,-26.547867,2.1991763,0.7330588,0.120000005,0.0,0.16206881,24.200363,24.220364,3881600
hardzero_plus_depr__c0p50__z1p10__lam0p020__nu0p50__psi1p00,hardzero_plus_depr,0.05,37,1213,0.0,2,0.25726253,0.25726253,1.0077851,0.098223396,0.098223396,1.0,1.4873552e-13,1.5142575e-12,-27.369219,2.2171714,0.7390572,0.192,0.0,0.18822972,24.220364,24.240364,3884800
hardzero_plus_depr__c0p50__z1p10__lam0p020__nu0p50__psi1p00,hardzero_plus_depr,0.05,37,1214,0.0,2,0.25726253,0.25726253,1.0272511,0.09391801,0.09391801,1.0,1.3939994e-13,1.4842727e-12,-27.043825,2.2599976,0.75333256,0.16000001,0.0,0.16000761,24.240364,24.260365,3888000
hardzero_plus_depr__c0p50__z1p10__lam0p020__nu0p50__psi1p00,hardzero_plus_depr,0.05,37,1215,0.0,2,0.25726253,0.25726253,0.9843749,0.10366331,0.10366331,1.0,1.5081781e-13,1.4548812e-12,-26.607473,2.165668,0.7218894,0.15200001,0.0,0.18298598,24.260365,24.280365,3891200
hardzero_plus_depr__c0p50__z1p10__lam0p020__nu0p50__psi1p00,hardzero_plus_depr,0.05,37,1216,0.0,2,0.25726253,0.25726253,0.98306435,0.1039766,0.1039766,1.0,1.4827813e-13,1.4260722e-12,-26.10239,2.1627848,0.7209283,0.15200001,0.0,0.17802475,24.280365,24.300365,3894400
hardzero_plus_depr__c0p50__z1p10__lam0p020__nu0p50__psi1p00,hardzero_plus_depr,0.05,37,1217,0.0,2,0.25726253,0.25726253,0.98211527,0.10420408,0.10420408,1.0,1.4565993e-13,1.3978333e-12,-27.590595,2.1606967,0.72023225,0.16800001,0.0,0.16696851,24.300365,24.320366,3897600
hardzero_plus_depr__c0p50__z1p10__lam0p020__nu0p50__psi1p00,hardzero_plus_depr,0.05,37,1218,0.0,2,0.25726253,0.25726253,1.0153453,0.09652831,0.09652831,1.0,1.3225864e-13,1.3701539e-12,-27.007553,2.2338042,0.7446014,0.17600001,0.0,0.16852938,24.320366,24.340366,3900800
hardzero_plus_depr__c0p50__z1p10__lam0p020__nu0p50__psi1p00,hardzero_plus_depr,0.05,37,1219,0.0,2,0.25726253,0.25726253,0.9817902,0.10428212,0.10428212,1.0,1.4005321e-13,1.3430223e-12,-26.546091,2.1599815,0.7199938,0.17600001,0.0,0.17722759,24.340366,24.360367,3904000
hardzero_plus_depr__c0p50__z1p10__lam0p020__nu0p50__psi1p00,hardzero_plus_depr,0.05,37,1220,0.0,2,0.25726253,0.25726253,0.9566669,0.11049257,0.11049257,1.0,1.4545552e-13,1.316428e-12,-26.94458,2.1047091,0.70156974,0.16000001,0.0,0.19333729,24.360367,24.380367,3907200
hardzero_plus_depr__c0p50__z1p10__lam0p020__nu0p50__psi1p00,hardzero_plus_depr,0.05,37,1221,0.0,2,0.25726253,0.25726253,0.9791522,0.104917474,0.104917474,1.0,1.3538137e-13,1.2903605e-12,-26.904495,2.154178,0.7180593,0.17600001,0.0,0.19115983,24.380367,24.400368,3910400
hardzero_plus_depr__c0p50__z1p10__lam0p020__nu0p50__psi1p00,hardzero_plus_depr,0.05,37,1222,0.0,2,0.25726253,0.25726253,0.98223263,0.104175925,0.104175925,1.0,1.3176264e-13,1.264809e-12,-27.161825,2.160955,0.7203183,0.25,0.0,0.22996409,24.400368,24.420368,3913600
hardzero_plus_depr__c0p50__z1p10__lam0p020__nu0p50__psi1p00,hardzero_plus_depr,0.05,37,1223,0.0,2,0.25726253,0.25726253,1.0714034,0.08483922,0.08483922,1.0,1.0518057e-13,1.2397635e-12,-28.497091,2.3571346,0.7857115,0.17600001,0.0,0.19609702,24.420368,24.440369,3916800
hardzero_plus_depr__c0p50__z1p10__lam0p020__nu0p50__psi1p00,hardzero_plus_depr,0.05,37,1224,0.0,2,0.25726253,0.25726253,1.0084004,0.098084316,0.098084316,1.0,1.1919343e-13,1.215214e-12,-27.085983,2.2185252,0.7395084,0.128,0.0,0.17388032,24.440369,24.46037,3920000
hardzero_plus_depr__c0p50__z1p10__lam0p020__nu0p50__psi1p00,hardzero_plus_depr,0.05,37,1225,0.0,2,0.25726253,0.25726253,1.061701,0.08675588,0.08675588,1.0,1.03339314e-13,1.1911506e-12,-27.694775,2.335789,0.77859634,0.16800001,0.0,0.18608378,24.46037,24.48037,3923200
hardzero_plus_depr__c0p50__z1p10__lam0p020__nu0p50__psi1p00,hardzero_plus_depr,0.05,37,1226,0.0,2,0.25726253,0.25726253,1.0455496,0.090043075,0.090043075,1.0,1.0513103e-13,1.1675638e-12,-27.585434,2.300255,0.7667517,0.136,0.0,0.22329046,24.48037,24.50037,3926400
hardzero_plus_depr__c0p50__z1p10__lam0p020__nu0p50__psi1p00,hardzero_plus_depr,0.05,37,1227,0.0,2,0.25726253,0.25726253,1.014522,0.09671149,0.09671149,1.0,1.1068086e-13,1.1444438e-12,-27.053204,2.231993,0.7439977,0.15200001,0.0,0.1785634,24.50037,24.52037,3929600
hardzero_plus_depr__c0p50__z1p10__lam0p020__nu0p50__psi1p00,hardzero_plus_depr,0.05,37,1228,0.0,2,0.25726253,0.25726253,1.0603739,0.087021396,0.087021396,1.0,9.761903e-14,1.1217819e-12,-28.03065,2.332869,0.77762306,0.18400002,0.0,0.17803356,24.52037,24.54037,3932800
hardzero_plus_depr__c0p50__z1p10__lam0p020__nu0p50__psi1p00,hardzero_plus_depr,0.05,37,1229,0.0,2,0.25726253,0.25726253,1.0580113,0.0874961,0.0874961,1.0,9.6207974e-14,1.0995687e-12,-28.069613,2.3276713,0.77589047,0.128,0.0,0.18494828,24.54037,24.560371,3936000
hardzero_plus_depr__c0p50__z1p10__lam0p020__nu0p50__psi1p00,hardzero_plus_depr,0.05,37,1230,0.0,2,0.25726253,0.25726253,1.0321798,0.092858166,0.092858166,1.0,1.00082086e-13,1.0777952e-12,-27.251938,2.270841,0.756947,0.120000005,0.0,0.16855347,24.560371,24.580372,3939200
hardzero_plus_depr__c0p50__z1p10__lam0p020__nu0p50__psi1p00,hardzero_plus_depr,0.05,37,1231,0.0,2,0.25726253,0.25726253,1.0504241,0.089038104,0.089038104,1.0,9.4064574e-14,1.056453e-12,-27.43815,2.3109791,0.7703264,0.208,0.0,0.22049269,24.580372,24.600372,3942400
hardzero_plus_depr__c0p50__z1p10__lam0p020__nu0p50__psi1p00,hardzero_plus_depr,0.05,37,1232,0.0,2,0.25726253,0.25726253,1.1253777,0.0,0.07492424,0.0,0.0,1.0355333e-12,-29.103714,2.4758804,0.8252935,0.128,0.0,0.22896236,24.600372,24.620373,3945600
hardzero_plus_depr__c0p50__z1p10__lam0p020__nu0p50__psi1p00,hardzero_plus_depr,0.05,37,1233,0.0,2,0.25726253,0.25726253,0.97380257,0.106217824,0.106217824,1.0,1.07814047e-13,1.0150278e-12,-26.503572,2.1424084,0.7141361,0.16000001,0.0,0.1588491,24.620373,24.640373,3948800
hardzero_plus_depr__c0p50__z1p10__lam0p020__nu0p50__psi1p00,hardzero_plus_depr,0.05,37,1234,0.0,2,0.25726253,0.25726253,1.0039332,0.09909843,0.09909843,1.0,9.8595855e-14,9.949285e-13,-27.28439,2.208697,0.7362324,0.16000001,0.0,0.17975101,24.640373,24.660374,3952000
hardzero_plus_depr__c0p50__z1p10__lam0p020__nu0p50__psi1p00,hardzero_plus_depr,0.05,37,1235,0.0,2,0.25726253,0.25726253,1.0077981,0.09822044,0.09822044,1.0,9.578724e-14,9.752272e-13,-27.466745,2.2172,0.7390667,0.14999999,0.0,0.16064842,24.660374,24.680374,3955200
hardzero_plus_depr__c0p50__z1p10__lam0p020__nu0p50__psi1p00,hardzero_plus_depr,0.05,37,1236,0.0,2,0.25726253,0.25726253,0.9707644,0.1069635,0.1069635,1.0,1.02248125e-13,9.55916e-13,-25.497349,2.1357243,0.7119081,0.17600001,0.0,0.18102042,24.680374,24.700375,3958400
hardzero_plus_depr__c0p50__z1p10__lam0p020__nu0p50__psi1p00,hardzero_plus_depr,0.05,37,1237,0.0,2,0.25726253,0.25726253,1.0387974,0.09145398,0.09145398,1.0,8.56912e-14,9.369871e-13,-26.442696,2.2854,0.7618,0.15200001,0.0,0.18729872,24.700375,24.720375,3961600
hardzero_plus_depr__c0p50__z1p10__lam0p020__nu0p50__psi1p00,hardzero_plus_depr,0.05,37,1238,0.0,2,0.25726253,0.25726253,0.98681027,0.10308363,0.10308363,1.0,9.467542e-14,9.184331e-13,-27.822237,2.171026,0.7236754,0.112,0.0,0.19554684,24.720375,24.740376,3964800
hardzero_plus_depr__c0p50__z1p10__lam0p020__nu0p50__psi1p00,hardzero_plus_depr,0.05,37,1239,0.0,2,0.25726253,0.25726253,0.98695385,0.10304955,0.10304955,1.0,9.277e-14,9.0024657e-13,-26.68282,2.171342,0.72378063,0.17600001,0.0,0.18731223,24.740376,24.760376,3968000
hardzero_plus_depr__c0p50__z1p10__lam0p020__nu0p50__psi1p00,hardzero_plus_depr,0.05,37,1240,0.0,2,0.25726253,0.25726253,0.9985382,0.10033717,0.10033717,1.0,8.853953e-14,8.8242e-13,-26.373196,2.196828,0.73227596,0.18400002,0.0,0.17058325,24.760376,24.780376,3971200
hardzero_plus_depr__c0p50__z1p10__lam0p020__nu0p50__psi1p00,hardzero_plus_depr,0.05,37,1241,0.0,2,0.25726253,0.25726253,1.0293959,0.09345533,0.09345533,1.0,8.0833865e-14,8.6494657e-13,-26.886473,2.2647164,0.75490546,0.17600001,0.0,0.20832944,24.780376,24.800377,3974400
hardzero_plus_depr__c0p50__z1p10__lam0p020__nu0p50__psi1p00,hardzero_plus_depr,0.05,37,1242,0.0,2,0.25726253,0.25726253,0.98782206,0.10284375,0.10284375,1.0,8.719289e-14,8.4781905e-13,-26.818155,2.1732519,0.7244173,0.192,0.0,0.19689484,24.800377,24.820377,3977600
hardzero_plus_depr__c0p50__z1p10__lam0p020__nu0p50__psi1p00,hardzero_plus_depr,0.05,37,1243,0.0,2,0.25726253,0.25726253,0.95329887,0.11135278,0.11135278,1.0,9.253758e-14,8.310307e-13,-26.57207,2.0972993,0.6990998,0.112,0.0,0.14143287,24.820377,24.840378,3980800
hardzero_plus_depr__c0p50__z1p10__lam0p020__nu0p50__psi1p00,hardzero_plus_depr,0.05,37,1244,0.0,2,0.25726253,0.25726253,1.0670059,0.08570263,0.08570263,1.0,6.981121e-14,8.145749e-13,-27.31708,2.3474598,0.7824866,0.16000001,0.0,0.18522821,24.840378,24.860378,3984000
hardzero_plus_depr__c0p50__z1p10__lam0p020__nu0p50__psi1p00,hardzero_plus_depr,0.05,37,1245,0.0,2,0.25726253,0.25726253,0.95548,0.11079497,0.11079497,1.0,8.846367e-14,7.984448e-13,-25.237408,2.102098,0.7006993,0.136,0.0,0.14613943,24.860378,24.880379,3987200
hardzero_plus_depr__c0p50__z1p10__lam0p020__nu0p50__psi1p00,hardzero_plus_depr,0.05,37,1246,0.0,2,0.25726253,0.25726253,0.98549455,0.10339641,0.10339641,1.0,8.0921564e-14,7.826342e-13,-26.982416,2.1681314,0.7227105,0.14400001,0.0,0.19320345,24.880379,24.90038,3990400
hardzero_plus_depr__c0p50__z1p10__lam0p020__nu0p50__psi1p00,hardzero_plus_depr,0.05,37,1247,0.0,2,0.25726253,0.25726253,1.0245601,0.09450176,0.09450176,1.0,7.2495775e-14,7.6713673e-13,-26.570927,2.2540772,0.7513591,0.192,0.0,0.17622781,24.90038,24.92038,3993600
hardzero_plus_depr__c0p50__z1p10__lam0p020__nu0p50__psi1p00,hardzero_plus_depr,0.05,37,1248,0.0,2,0.25726253,0.25726253,1.0182087,0.095893964,0.095893964,1.0,7.2107075e-14,7.519459e-13,-27.122637,2.240104,0.74670136,0.14,0.0,0.17327642,24.92038,24.94038,3996800
hardzero_plus_depr__c0p50__z1p10__lam0p020__nu0p50__psi1p00,hardzero_plus_depr,0.05,37,1249,0.0,2,0.25726253,0.25726253,1.0099672,0.09773108,0.09773108,1.0,7.203329e-14,7.370561e-13,-26.79452,2.2219722,0.74065745,0.16000001,0.0,0.1995331,24.94038,24.96038,4000000
