mechanism_tag,alpha,family,seed,update,update_u,update_counter,energy_E_pre,energy_E_post,energy_E_raw,funding_z,funding_g,funding_g_raw,funding_cut_active,funding_income,funding_alpha_eff,support_s,debt_charge,debt_level_pre,debt_level_post,episode_return_end_mean,terminal_min_dists_end_mean,terminal_dbar_end,terminal_occupied_end_mean,terminal_CSR_train,vartd_VarTD,depr_F,depr_F_post
hardzero_only__c0p58__z1p00__lam0p000__nu0p50__psi0p00,0.063,borrow,41,0,1.0,1,1.0,0.42000002,0.42000002,1.0157976,0.0,0.096427836,0.0,0.0,0.063,0.0,0.0,0.0,0.0,-27.423994,2.2347994,0.7449331,0.19999999,0.0,0.15954061,0.0,0.0
hardzero_only__c0p58__z1p00__lam0p000__nu0p50__psi0p00,0.063,borrow,41,1,1.0,2,0.42000002,-0.15999997,-0.15999997,1.0439509,0.0,0.090375155,0.0,0.0,0.063,0.0,0.0,0.0,0.15999997,-27.942667,2.296738,0.76557934,0.17600001,0.0,0.1457079,0.0,0.0
hardzero_only__c0p58__z1p00__lam0p000__nu0p50__psi0p00,0.063,borrow,41,2,0.0,2,-0.15999997,-0.16319996,-0.16319996,1.0099535,0.0,0.09773419,0.0,0.0,0.063,0.0,0.0031999992,0.15999997,0.16319996,-26.94975,2.221942,0.7406473,0.112,0.0,0.15655266,0.0,0.0
hardzero_only__c0p58__z1p00__lam0p000__nu0p50__psi0p00,0.063,borrow,41,3,0.0,2,-0.16319996,-0.15983301,-0.15983301,0.97776574,0.105252944,0.105252944,1.0,0.0066309357,0.063,0.0,0.0032639992,0.16319996,0.15983301,-26.859718,2.1511276,0.71704257,0.17600001,0.0,0.16811557,0.0,0.0
hardzero_only__c0p58__z1p00__lam0p000__nu0p50__psi0p00,0.063,borrow,41,4,0.0,2,-0.15983301,-0.16302967,-0.16302967,1.0829434,0.0,0.082614556,0.0,0.0,0.063,0.0,0.0031966602,0.15983301,0.16302967,-28.245289,2.382523,0.7941744,0.15200001,0.0,0.16993564,0.0,0.0
hardzero_only__c0p58__z1p00__lam0p000__nu0p50__psi0p00,0.063,borrow,41,5,0.0,2,-0.16302967,-0.16629027,-0.16629027,1.0692612,0.0,0.085258715,0.0,0.0,0.063,0.0,0.0032605934,0.16302967,0.16629027,-28.27879,2.3524215,0.7841405,0.16800001,0.0,0.19070455,0.0,0.0
hardzero_only__c0p58__z1p00__lam0p000__nu0p50__psi0p00,0.063,borrow,41,6,0.0,2,-0.16629027,-0.16961607,-0.16961607,1.016354,0.0,0.09630438,0.0,0.0,0.063,0.0,0.0033258053,0.16629027,0.16961607,-27.220762,2.2360234,0.7453412,0.112,0.0,0.16350609,0.0,0.0
hardzero_only__c0p58__z1p00__lam0p000__nu0p50__psi0p00,0.063,borrow,41,7,0.0,2,-0.16961607,-0.1730084,-0.1730084,1.0373057,0.0,0.09176863,0.0,0.0,0.063,0.0,0.0033923213,0.16961607,0.1730084,-27.56396,2.282118,0.76070607,0.208,0.0,0.17853063,0.0,0.0
hardzero_only__c0p58__z1p00__lam0p000__nu0p50__psi0p00,0.063,borrow,41,8,0.0,2,-0.1730084,-0.17646857,-0.17646857,1.004147,0.0,0.09904965,0.0,0.0,0.063,0.0,0.003460168,0.1730084,0.17646857,-27.165041,2.2091677,0.7363893,0.16800001,0.0,0.14486508,0.0,0.0
hardzero_only__c0p58__z1p00__lam0p000__nu0p50__psi0p00,0.063,borrow,41,9,0.0,2,-0.17646857,-0.17999794,-0.17999794,1.0359777,0.0,0.092049666,0.0,0.0,0.063,0.0,0.0035293712,0.17646857,0.17999794,-27.263594,2.2791965,0.7597322,0.112,0.0,0.20483765,0.0,0.0
hardzero_only__c0p58__z1p00__lam0p000__nu0p50__psi0p00,0.063,borrow,41,10,0.0,2,-0.17999794,-0.18359789,-0.18359789,1.0025281,0.0,0.09941959,0.0,0.0,0.063,0.0,0.0035999587,0.17999794,0.18359789,-26.636862,2.2056057,0.73520195,0.224,0.0,0.12838508,0.0,0.0
hardzero_only__c0p58__z1p00__lam0p000__nu0p50__psi0p00,0.063,borrow,41,11,0.0,2,-0.18359789,-0.18726985,-0.18726985,1.0260389,0.0,0.09418052,0.0,0.0,0.063,0.0,0.0036719579,0.18359789,0.18726985,-27.753765,2.2573307,0.75244355,0.15200001,0.0,0.20459351,0.0,0.0
hardzero_only__c0p58__z1p00__lam0p000__nu0p50__psi0p00,0.063,borrow,41,12,0.0,2,-0.18726985,-0.18440981,-0.18440981,0.97943896,0.104848206,0.104848206,1.0,0.006605437,0.063,0.0,0.0037453969,0.18726985,0.18440981,-26.076458,2.1548088,0.7182696,0.17600001,0.0,0.14398254,0.0,0.0
hardzero_only__c0p58__z1p00__lam0p000__nu0p50__psi0p00,0.063,borrow,41,13,0.0,2,-0.18440981,-0.18809801,-0.18809801,1.0284586,0.0,0.09365724,0.0,0.0,0.063,0.0,0.0036881962,0.18440981,0.18809801,-27.747793,2.262654,0.75421804,0.14,0.0,0.16122307,0.0,0.0
hardzero_only__c0p58__z1p00__lam0p000__nu0p50__psi0p00,0.063,borrow,41,14,0.0,2,-0.18809801,-0.19185998,-0.19185998,1.0103551,0.0,0.09764384,0.0,0.0,0.063,0.0,0.0037619602,0.18809801,0.19185998,-27.254211,2.2228258,0.74094194,0.16800001,0.0,0.15923923,0.0,0.0
hardzero_only__c0p58__z1p00__lam0p000__nu0p50__psi0p00,0.063,borrow,41,15,0.0,2,-0.19185998,-0.19569717,-0.19569717,1.0272367,0.0,0.093921125,0.0,0.0,0.063,0.0,0.0038371994,0.19185998,0.19569717,-27.006077,2.259966,0.753322,0.104,0.0,0.16163918,0.0,0.0
hardzero_only__c0p58__z1p00__lam0p000__nu0p50__psi0p00,0.063,borrow,41,16,0.0,2,-0.19569717,-0.19304524,-0.19304524,0.9820483,0.104220144,0.104220144,1.0,0.0065658693,0.063,0.0,0.003913943,0.19569717,0.19304524,-26.641512,2.1605494,0.72018313,0.16800001,0.0,0.1356449,0.0,0.0
hardzero_only__c0p58__z1p00__lam0p000__nu0p50__psi0p00,0.063,borrow,41,17,0.0,2,-0.19304524,-0.18974788,-0.18974788,0.9445324,0.11362336,0.11362336,1.0,0.0071582715,0.063,0.0,0.0038609048,0.19304524,0.18974788,-25.47748,2.0780127,0.69267094,0.16800001,0.0,0.14681172,0.0,0.0
hardzero_only__c0p58__z1p00__lam0p000__nu0p50__psi0p00,0.063,borrow,41,18,0.0,2,-0.18974788,-0.19354284,-0.19354284,1.0461512,0.0,0.08991846,0.0,0.0,0.063,0.0,0.0037949577,0.18974788,0.19354284,-28.146158,2.3015785,0.76719284,0.2,0.0,0.17889394,0.0,0.0
hardzero_only__c0p58__z1p00__lam0p000__nu0p50__psi0p00,0.063,borrow,41,19,0.0,2,-0.19354284,-0.1974137,-0.1974137,1.0105464,0.0,0.097600825,0.0,0.0,0.063,0.0,0.0038708567,0.19354284,0.1974137,-26.407923,2.2232466,0.7410822,0.15200001,0.0,0.1687955,0.0,0.0
hardzero_only__c0p58__z1p00__lam0p000__nu0p50__psi0p00,0.063,borrow,41,20,0.0,2,-0.1974137,-0.19453675,-0.19453675,0.96522355,0.10833692,0.10833692,1.0,0.006825226,0.063,0.0,0.003948274,0.1974137,0.19453675,-26.098055,2.1235342,0.70784473,0.16000001,0.0,0.16282244,0.0,0.0
hardzero_only__c0p58__z1p00__lam0p000__nu0p50__psi0p00,0.063,borrow,41,21,0.0,2,-0.19453675,-0.19149293,-0.19149293,0.9583222,0.110072225,0.110072225,1.0,0.00693455,0.063,0.0,0.0038907349,0.19453675,0.19149293,-25.7815,2.108351,0.7027837,0.216,0.0,0.13250495,0.0,0.0
hardzero_only__c0p58__z1p00__lam0p000__nu0p50__psi0p00,0.063,borrow,41,22,0.0,2,-0.19149293,-0.18893863,-0.18893863,0.99423754,0.10133568,0.10133568,1.0,0.0063841483,0.063,0.0,0.0038298585,0.19149293,0.18893863,-27.458445,2.1873662,0.7291221,0.16000001,0.0,0.20101438,0.0,0.0
hardzero_only__c0p58__z1p00__lam0p000__nu0p50__psi0p00,0.063,borrow,41,23,0.0,2,-0.18893863,-0.18616883,-0.18616883,0.98319465,0.10394542,0.10394542,1.0,0.0065485616,0.063,0.0,0.0037787727,0.18893863,0.18616883,-26.51258,2.1630714,0.7210238,0.192,0.0,0.14865696,0.0,0.0
hardzero_only__c0p58__z1p00__lam0p000__nu0p50__psi0p00,0.063,borrow,41,24,0.0,2,-0.18616883,-0.18989222,-0.18989222,1.0599715,0.0,0.08710207,0.0,0.0,0.063,0.0,0.0037233767,0.18616883,0.18989222,-27.493912,2.3319838,0.77732795,0.16800001,0.0,0.15741669,0.0,0.0
hardzero_only__c0p58__z1p00__lam0p000__nu0p50__psi0p00,0.063,borrow,41,25,0.0,2,-0.18989222,-0.19369006,-0.19369006,1.007351,0.0,0.09832161,0.0,0.0,0.063,0.0,0.0037978443,0.18989222,0.19369006,-27.061077,2.2162166,0.7387389,0.112,0.0,0.14480814,0.0,0.0
hardzero_only__c0p58__z1p00__lam0p000__nu0p50__psi0p00,0.063,borrow,41,26,0.0,2,-0.19369006,-0.19756386,-0.19756386,1.0510718,0.0,0.08890542,0.0,0.0,0.063,0.0,0.003873801,0.19369006,0.19756386,-28.311728,2.3124042,0.7708014,0.17,0.0,0.19549325,0.0,0.0
hardzero_only__c0p58__z1p00__lam0p000__nu0p50__psi0p00,0.063,borrow,41,27,0.0,2,-0.19756386,-0.19500674,-0.19500674,0.9858666,0.10330787,0.10330787,1.0,0.006508396,0.063,0.0,0.003951277,0.19756386,0.19500674,-26.85486,2.1689498,0.7229833,0.136,0.0,0.14113127,0.0,0.0
hardzero_only__c0p58__z1p00__lam0p000__nu0p50__psi0p00,0.063,borrow,41,28,0.0,2,-0.19500674,-0.19890688,-0.19890688,1.0246929,0.0,0.09447286,0.0,0.0,0.063,0.0,0.0039001347,0.19500674,0.19890688,-27.341019,2.2543693,0.75145644,0.16800001,0.0,0.14488961,0.0,0.0
hardzero_only__c0p58__z1p00__lam0p000__nu0p50__psi0p00,0.063,borrow,41,29,0.0,2,-0.19890688,-0.19653037,-0.19653037,0.9962491,0.100867406,0.100867406,1.0,0.0063546468,0.063,0.0,0.0039781374,0.19890688,0.19653037,-27.627005,2.1917918,0.73059726,0.104,0.0,0.14399466,0.0,0.0
hardzero_only__c0p58__z1p00__lam0p000__nu0p50__psi0p00,0.063,borrow,41,30,0.0,2,-0.19653037,-0.20046099,-0.20046099,1.0332701,0.0,0.09262535,0.0,0.0,0.063,0.0,0.0039306073,0.19653037,0.20046099,-27.678097,2.2732396,0.7577466,0.15200001,0.0,0.15686603,0.0,0.0
hardzero_only__c0p58__z1p00__lam0p000__nu0p50__psi0p00,0.063,borrow,41,31,0.0,2,-0.20046099,-0.19770795,-0.19770795,0.9692492,0.10733732,0.10733732,1.0,0.0067622513,0.063,0.0,0.00400922,0.20046099,0.19770795,-26.851786,2.1323907,0.71079695,0.224,0.008,0.15891546,0.0,0.0
hardzero_only__c0p58__z1p00__lam0p000__nu0p50__psi0p00,0.063,borrow,41,32,0.0,2,-0.19770795,-0.20166211,-0.20166211,1.0316623,0.0,0.09296889,0.0,0.0,0.063,0.0,0.003954159,0.19770795,0.20166211,-27.806875,2.2697024,0.7565675,0.208,0.0,0.15291053,0.0,0.0
hardzero_only__c0p58__z1p00__lam0p000__nu0p50__psi0p00,0.063,borrow,41,33,0.0,2,-0.20166211,-0.20569535,-0.20569535,1.0473305,0.0,0.08967461,0.0,0.0,0.063,0.0,0.004033242,0.20166211,0.20569535,-27.904785,2.304173,0.7680577,0.128,0.0,0.16368537,0.0,0.0
hardzero_only__c0p58__z1p00__lam0p000__nu0p50__psi0p00,0.063,borrow,41,34,0.0,2,-0.20569535,-0.20980926,-0.20980926,1.0272266,0.0,0.09392332,0.0,0.0,0.063,0.0,0.004113907,0.20569535,0.20980926,-27.772032,2.2599435,0.7533145,0.128,0.0,0.15053533,0.0,0.0
hardzero_only__c0p58__z1p00__lam0p000__nu0p50__psi0p00,0.063,borrow,41,35,0.0,2,-0.20980926,-0.21400544,-0.21400544,1.0495114,0.0,0.089225404,0.0,0.0,0.063,0.0,0.004196185,0.20980926,0.21400544,-27.642498,2.3089712,0.7696571,0.18400002,0.0,0.17815943,0.0,0.0
hardzero_only__c0p58__z1p00__lam0p000__nu0p50__psi0p00,0.063,borrow,41,36,0.0,2,-0.21400544,-0.21828555,-0.21828555,1.0932693,0.0,0.080673456,0.0,0.0,0.063,0.0,0.0042801085,0.21400544,0.21828555,-29.637545,2.4052405,0.80174685,0.16000001,0.0,0.20557533,0.0,0.0
hardzero_only__c0p58__z1p00__lam0p000__nu0p50__psi0p00,0.063,borrow,41,37,0.0,2,-0.21828555,-0.22265126,-0.22265126,1.063368,0.0,0.086423546,0.0,0.0,0.063,0.0,0.004365711,0.21828555,0.22265126,-27.085709,2.3394563,0.7798188,0.15200001,0.0,0.13408172,0.0,0.0
hardzero_only__c0p58__z1p00__lam0p000__nu0p50__psi0p00,0.063,borrow,41,38,0.0,2,-0.22265126,-0.22070189,-0.22070189,0.9929984,0.10162523,0.10162523,1.0,0.006402389,0.063,0.0,0.0044530253,0.22265126,0.22070189,-28.04692,2.1846402,0.7282134,0.18400002,0.0,0.16202883,0.0,0.0
hardzero_only__c0p58__z1p00__lam0p000__nu0p50__psi0p00,0.063,borrow,41,39,0.0,2,-0.22070189,-0.22511593,-0.22511593,1.0373418,0.0,0.091761,0.0,0.0,0.063,0.0,0.004414038,0.22070189,0.22511593,-27.602701,2.2821975,0.76073253,0.11,0.0,0.1424047,0.0,0.0
hardzero_only__c0p58__z1p00__lam0p000__nu0p50__psi0p00,0.063,borrow,41,40,0.0,2,-0.22511593,-0.2232836,-0.2232836,0.99761957,0.10054963,0.10054963,1.0,0.006334627,0.063,0.0,0.0045023183,0.22511593,0.2232836,-27.174706,2.1948068,0.7316023,0.16000001,0.0,0.15296787,0.0,0.0
hardzero_only__c0p58__z1p00__lam0p000__nu0p50__psi0p00,0.063,borrow,41,41,0.0,2,-0.2232836,-0.22774927,-0.22774927,1.0315101,0.0,0.09300147,0.0,0.0,0.063,0.0,0.004465672,0.2232836,0.22774927,-27.359264,2.2693677,0.7564559,0.128,0.0,0.15981224,0.0,0.0
hardzero_only__c0p58__z1p00__lam0p000__nu0p50__psi0p00,0.063,borrow,41,42,0.0,2,-0.22774927,-0.23230426,-0.23230426,1.0504212,0.0,0.0890387,0.0,0.0,0.063,0.0,0.0045549856,0.22774927,0.23230426,-27.988499,2.310973,0.77032435,0.080000006,0.0,0.15084536,0.0,0.0
hardzero_only__c0p58__z1p00__lam0p000__nu0p50__psi0p00,0.063,borrow,41,43,0.0,2,-0.23230426,-0.23695034,-0.23695034,1.017035,0.0,0.09615347,0.0,0.0,0.063,0.0,0.004646085,0.23230426,0.23695034,-26.237175,2.2375216,0.74584055,0.17600001,0.0,0.15199946,0.0,0.0
hardzero_only__c0p58__z1p00__lam0p000__nu0p50__psi0p00,0.063,borrow,41,44,0.0,2,-0.23695034,-0.23522604,-0.23522604,0.988886,0.10259211,0.10259211,1.0,0.006463303,0.063,0.0,0.0047390065,0.23695034,0.23522604,-27.956434,2.1755927,0.72519755,0.192,0.0,0.13683714,0.0,0.0
hardzero_only__c0p58__z1p00__lam0p000__nu0p50__psi0p00,0.063,borrow,41,45,0.0,2,-0.23522604,-0.23993056,-0.23993056,1.0347328,0.0,0.09231391,0.0,0.0,0.063,0.0,0.0047045206,0.23522604,0.23993056,-27.920572,2.2764575,0.7588192,0.15200001,0.0,0.16256437,0.0,0.0
hardzero_only__c0p58__z1p00__lam0p000__nu0p50__psi0p00,0.063,borrow,41,46,0.0,2,-0.23993056,-0.24472916,-0.24472916,1.0206848,0.0,0.095348775,0.0,0.0,0.063,0.0,0.004798611,0.23993056,0.24472916,-27.159365,2.2455516,0.7485172,0.18400002,0.0,0.16696504,0.0,0.0
hardzero_only__c0p58__z1p00__lam0p000__nu0p50__psi0p00,0.063,borrow,41,47,0.0,2,-0.24472916,-0.24962375,-0.24962375,1.0154661,0.0,0.096501455,0.0,0.0,0.063,0.0,0.004894583,0.24472916,0.24962375,-27.690214,2.23407,0.74469006,0.17600001,0.0,0.18142854,0.0,0.0
hardzero_only__c0p58__z1p00__lam0p000__nu0p50__psi0p00,0.063,borrow,41,48,0.0,2,-0.24962375,-0.25461623,-0.25461623,1.0003539,0.0,0.09991854,0.0,0.0,0.063,0.0,0.004992475,0.24962375,0.25461623,-26.964373,2.2008226,0.73360753,0.16800001,0.0,0.1459151,0.0,0.0
hardzero_only__c0p58__z1p00__lam0p000__nu0p50__psi0p00,0.063,borrow,41,49,0.0,2,-0.25461623,-0.25970855,-0.25970855,1.0195769,0.0,0.095592335,0.0,0.0,0.063,0.0,0.0050923247,0.25461623,0.25970855,-27.449411,2.243114,0.7477047,0.112,0.0,0.18721713,0.0,0.0
hardzero_only__c0p58__z1p00__lam0p000__nu0p50__psi0p00,0.063,borrow,41,50,0.0,2,-0.25970855,-0.25818917,-0.25818917,0.97238874,0.10656417,0.10656417,1.0,0.006713543,0.063,0.0,0.005194171,0.25970855,0.25818917,-26.987497,2.139298,0.71309936,0.208,0.0,0.15447143,0.0,0.0
hardzero_only__c0p58__z1p00__lam0p000__nu0p50__psi0p00,0.063,borrow,41,51,0.0,2,-0.25818917,-0.2565898,-0.2565898,0.9691903,0.107351884,0.107351884,1.0,0.0067631686,0.063,0.0,0.005163783,0.25818917,0.2565898,-26.667383,2.1322613,0.7107538,0.120000005,0.0,0.13202137,0.0,0.0
hardzero_only__c0p58__z1p00__lam0p000__nu0p50__psi0p00,0.063,borrow,41,52,0.0,2,-0.2565898,-0.2617216,-0.2617216,1.057854,0.0,0.087527774,0.0,0.0,0.063,0.0,0.005131796,0.2565898,0.2617216,-27.824253,2.3273253,0.77577513,0.11,0.0,0.16583398,0.0,0.0
hardzero_only__c0p58__z1p00__lam0p000__nu0p50__psi0p00,0.063,borrow,41,53,0.0,2,-0.2617216,-0.26695603,-0.26695603,1.0285522,0.0,0.09363706,0.0,0.0,0.063,0.0,0.005234432,0.2617216,0.26695603,-27.082636,2.26286,0.7542867,0.2,0.0,0.17264627,0.0,0.0
hardzero_only__c0p58__z1p00__lam0p000__nu0p50__psi0p00,0.063,borrow,41,54,0.0,2,-0.26695603,-0.27229515,-0.27229515,1.009714,0.0,0.0977881,0.0,0.0,0.063,0.0,0.0053391205,0.26695603,0.27229515,-26.322727,2.221415,0.7404717,0.080000006,0.0,0.1388238,0.0,0.0
hardzero_only__c0p58__z1p00__lam0p000__nu0p50__psi0p00,0.063,borrow,41,55,0.0,2,-0.27229515,-0.27774104,-0.27774104,1.0314755,0.0,0.093008876,0.0,0.0,0.063,0.0,0.0054459027,0.27229515,0.27774104,-27.889862,2.2692916,0.75643057,0.16800001,0.0,0.19643693,0.0,0.0
hardzero_only__c0p58__z1p00__lam0p000__nu0p50__psi0p00,0.063,borrow,41,56,0.0,2,-0.27774104,-0.28329587,-0.28329587,1.0198082,0.0,0.095541455,0.0,0.0,0.063,0.0,0.005554821,0.27774104,0.28329587,-27.607954,2.2436228,0.74787426,0.216,0.0,0.15263319,0.0,0.0
hardzero_only__c0p58__z1p00__lam0p000__nu0p50__psi0p00,0.063,borrow,41,57,0.0,2,-0.28329587,-0.2889618,-0.2889618,1.0060512,0.0,0.098616324,0.0,0.0,0.063,0.0,0.0056659174,0.28329587,0.2889618,-26.69694,2.2133567,0.7377856,0.208,0.0,0.15654382,0.0,0.0
hardzero_only__c0p58__z1p00__lam0p000__nu0p50__psi0p00,0.063,borrow,41,58,0.0,2,-0.2889618,-0.28836223,-0.28836223,0.9946006,0.10125101,0.10125101,1.0,0.006378814,0.063,0.0,0.0057792356,0.2889618,0.28836223,-26.348118,2.188165,0.72938836,0.128,0.0,0.14120074,0.0,0.0
hardzero_only__c0p58__z1p00__lam0p000__nu0p50__psi0p00,0.063,borrow,41,59,0.0,2,-0.28836223,-0.2941295,-0.2941295,1.0252101,0.0,0.09436042,0.0,0.0,0.063,0.0,0.0057672444,0.28836223,0.2941295,-27.38875,2.2555072,0.75183576,0.17600001,0.0,0.17671688,0.0,0.0
hardzero_only__c0p58__z1p00__lam0p000__nu0p50__psi0p00,0.063,borrow,41,60,0.0,2,-0.2941295,-0.30001208,-0.30001208,1.0013078,0.0,0.0996993,0.0,0.0,0.063,0.0,0.0058825896,0.2941295,0.30001208,-26.987,2.2029212,0.73430705,0.16000001,0.0,0.17264153,0.0,0.0
hardzero_only__c0p58__z1p00__lam0p000__nu0p50__psi0p00,0.063,borrow,41,61,0.0,2,-0.30001208,-0.29964802,-0.29964802,0.9955893,0.10102077,0.10102077,1.0,0.0063643083,0.063,0.0,0.0060002417,0.30001208,0.29964802,-26.541536,2.1903403,0.73011345,0.128,0.0,0.13898464,0.0,0.0
hardzero_only__c0p58__z1p00__lam0p000__nu0p50__psi0p00,0.063,borrow,41,62,0.0,2,-0.29964802,-0.30564097,-0.30564097,1.0425977,0.0,0.09065721,0.0,0.0,0.063,0.0,0.00599296,0.29964802,0.30564097,-27.782091,2.2937605,0.76458687,0.17600001,0.0,0.16565016,0.0,0.0
hardzero_only__c0p58__z1p00__lam0p000__nu0p50__psi0p00,0.063,borrow,41,63,0.0,2,-0.30564097,-0.30545,-0.30545,0.99974,0.10005988,0.10005988,1.0,0.006303773,0.063,0.0,0.006112819,0.30564097,0.30545,-27.628017,2.199472,0.73315734,0.16800001,0.0,0.16481955,0.0,0.0
hardzero_only__c0p58__z1p00__lam0p000__nu0p50__psi0p00,0.063,borrow,41,64,0.0,2,-0.30545,-0.311559,-0.311559,1.0206631,0.0,0.09535355,0.0,0.0,0.063,0.0,0.0061089997,0.30545,0.311559,-27.635498,2.2455037,0.74850124,0.224,0.0,0.14171106,0.0,0.0
hardzero_only__c0p58__z1p00__lam0p000__nu0p50__psi0p00,0.063,borrow,41,65,0.0,2,-0.311559,-0.31118453,-0.31118453,0.9794239,0.10485185,0.10485185,1.0,0.0066056666,0.063,0.0,0.00623118,0.311559,0.31118453,-26.69523,2.1547756,0.71825856,0.14,0.0,0.15625495,0.0,0.0
hardzero_only__c0p58__z1p00__lam0p000__nu0p50__psi0p00,0.063,borrow,41,66,0.0,2,-0.31118453,-0.3109467,-0.3109467,0.98900706,0.10256352,0.10256352,1.0,0.006461502,0.063,0.0,0.00622369,0.31118453,0.3109467,-27.221981,2.175859,0.72528636,0.120000005,0.0,0.14041959,0.0,0.0
hardzero_only__c0p58__z1p00__lam0p000__nu0p50__psi0p00,0.063,borrow,41,67,0.0,2,-0.3109467,-0.31716564,-0.31716564,1.0195942,0.0,0.09558853,0.0,0.0,0.063,0.0,0.006218934,0.3109467,0.31716564,-27.361204,2.2431521,0.7477174,0.18400002,0.0,0.15125437,0.0,0.0
hardzero_only__c0p58__z1p00__lam0p000__nu0p50__psi0p00,0.063,borrow,41,68,0.0,2,-0.31716564,-0.32350895,-0.32350895,1.0192972,0.0,0.09565391,0.0,0.0,0.063,0.0,0.0063433126,0.31716564,0.32350895,-27.358559,2.2424986,0.7474996,0.18400002,0.0,0.1775016,0.0,0.0
hardzero_only__c0p58__z1p00__lam0p000__nu0p50__psi0p00,0.063,borrow,41,69,0.0,2,-0.32350895,-0.32997912,-0.32997912,1.0372417,0.0,0.09178216,0.0,0.0,0.063,0.0,0.0064701787,0.32350895,0.32997912,-27.715456,2.2819772,0.7606591,0.14400001,0.0,0.16092634,0.0,0.0
hardzero_only__c0p58__z1p00__lam0p000__nu0p50__psi0p00,0.063,borrow,41,70,0.0,2,-0.32997912,-0.3365787,-0.3365787,1.0433675,0.0,0.09049665,0.0,0.0,0.063,0.0,0.0065995823,0.32997912,0.3365787,-28.118591,2.2954543,0.76515144,0.15200001,0.0,0.16776958,0.0,0.0
hardzero_only__c0p58__z1p00__lam0p000__nu0p50__psi0p00,0.063,borrow,41,71,0.0,2,-0.3365787,-0.33688974,-0.33688974,0.9917709,0.10191286,0.10191286,1.0,0.0064205104,0.063,0.0,0.006731574,0.3365787,0.33688974,-26.440014,2.1819396,0.7273132,0.136,0.0,0.144409,0.0,0.0
hardzero_only__c0p58__z1p00__lam0p000__nu0p50__psi0p00,0.063,borrow,41,72,0.0,2,-0.33688974,-0.33687177,-0.33687177,0.9696655,0.10723449,0.10723449,1.0,0.006755773,0.063,0.0,0.0067377947,0.33688974,0.33687177,-26.053719,2.1333067,0.71110225,0.17600001,0.0,0.14273922,0.0,0.0
hardzero_only__c0p58__z1p00__lam0p000__nu0p50__psi0p00,0.063,borrow,41,73,0.0,2,-0.33687177,-0.3372418,-0.3372418,0.9953777,0.10107,0.10107,1.0,0.00636741,0.063,0.0,0.0067374352,0.33687177,0.3372418,-26.222666,2.1898746,0.72995824,0.18400002,0.0,0.1749752,0.0,0.0
hardzero_only__c0p58__z1p00__lam0p000__nu0p50__psi0p00,0.063,borrow,41,74,0.0,2,-0.3372418,-0.34398663,-0.34398663,1.0123497,0.0,0.09719643,0.0,0.0,0.063,0.0,0.006744836,0.3372418,0.34398663,-27.027256,2.2272139,0.74240464,0.17600001,0.0,0.15920067,0.0,0.0
hardzero_only__c0p58__z1p00__lam0p000__nu0p50__psi0p00,0.063,borrow,41,75,0.0,2,-0.34398663,-0.34417275,-0.34417275,0.97367823,0.10624825,0.10624825,1.0,0.00669364,0.063,0.0,0.0068797325,0.34398663,0.34417275,-26.473974,2.142135,0.714045,0.208,0.0,0.16111153,0.0,0.0
hardzero_only__c0p58__z1p00__lam0p000__nu0p50__psi0p00,0.063,borrow,41,76,0.0,2,-0.34417275,-0.3510562,-0.3510562,1.0039483,0.0,0.09909498,0.0,0.0,0.063,0.0,0.006883455,0.34417275,0.3510562,-26.820074,2.2087305,0.7362435,0.136,0.0,0.142007,0.0,0.0
hardzero_only__c0p58__z1p00__lam0p000__nu0p50__psi0p00,0.063,borrow,41,77,0.0,2,-0.3510562,-0.35807732,-0.35807732,1.0314695,0.0,0.09301019,0.0,0.0,0.063,0.0,0.0070211235,0.3510562,0.35807732,-27.38786,2.269278,0.75642604,0.14400001,0.0,0.17318511,0.0,0.0
hardzero_only__c0p58__z1p00__lam0p000__nu0p50__psi0p00,0.063,borrow,41,78,0.0,2,-0.35807732,-0.36523888,-0.36523888,1.0179505,0.0,0.09595098,0.0,0.0,0.063,0.0,0.007161546,0.35807732,0.36523888,-28.523895,2.2395358,0.74651194,0.11,0.0,0.14779082,0.0,0.0
hardzero_only__c0p58__z1p00__lam0p000__nu0p50__psi0p00,0.063,borrow,41,79,0.0,2,-0.36523888,-0.37254366,-0.37254366,1.0329473,0.0,0.092694215,0.0,0.0,0.063,0.0,0.0073047774,0.36523888,0.37254366,-27.591997,2.2725294,0.7575098,0.14400001,0.0,0.18116422,0.0,0.0
hardzero_only__c0p58__z1p00__lam0p000__nu0p50__psi0p00,0.063,borrow,41,80,0.0,2,-0.37254366,-0.37999454,-0.37999454,1.0104882,0.0,0.09761394,0.0,0.0,0.063,0.0,0.007450873,0.37254366,0.37999454,-27.048885,2.2231183,0.74103945,0.120000005,0.0,0.15759918,0.0,0.0
hardzero_only__c0p58__z1p00__lam0p000__nu0p50__psi0p00,0.063,borrow,41,81,0.0,2,-0.37999454,-0.38759443,-0.38759443,1.0349381,0.0,0.09227029,0.0,0.0,0.063,0.0,0.0075998907,0.37999454,0.38759443,-27.606243,2.2769094,0.7589698,0.14400001,0.0,0.1498165,0.0,0.0
hardzero_only__c0p58__z1p00__lam0p000__nu0p50__psi0p00,0.063,borrow,41,82,0.0,2,-0.38759443,-0.38866702,-0.38866702,0.9746089,0.10602081,0.10602081,1.0,0.006679311,0.063,0.0,0.0077518886,0.38759443,0.38866702,-26.363579,2.1441824,0.7147275,0.17600001,0.0,0.15801747,0.0,0.0
hardzero_only__c0p58__z1p00__lam0p000__nu0p50__psi0p00,0.063,borrow,41,83,0.0,2,-0.38866702,-0.39644036,-0.39644036,1.0466702,0.0,0.08981105,0.0,0.0,0.063,0.0,0.00777334,0.38866702,0.39644036,-27.448574,2.3027203,0.7675735,0.2,0.0,0.14890847,0.0,0.0
hardzero_only__c0p58__z1p00__lam0p000__nu0p50__psi0p00,0.063,borrow,41,84,0.0,2,-0.39644036,-0.39741302,-0.39741302,0.9569717,0.11041505,0.11041505,1.0,0.006956148,0.063,0.0,0.007928807,0.39644036,0.39741302,-26.312498,2.1053798,0.7017933,0.224,0.0,0.15652272,0.0,0.0
hardzero_only__c0p58__z1p00__lam0p000__nu0p50__psi0p00,0.063,borrow,41,85,0.0,2,-0.39741302,-0.40536126,-0.40536126,1.0041167,0.0,0.09905657,0.0,0.0,0.063,0.0,0.00794826,0.39741302,0.40536126,-27.439049,2.2091007,0.7363669,0.16800001,0.0,0.14461237,0.0,0.0
hardzero_only__c0p58__z1p00__lam0p000__nu0p50__psi0p00,0.063,borrow,41,86,0.0,2,-0.40536126,-0.41346848,-0.41346848,1.0037606,0.0,0.09913782,0.0,0.0,0.063,0.0,0.008107225,0.40536126,0.41346848,-26.900164,2.2083173,0.7361058,0.14400001,0.0,0.15221833,0.0,0.0
hardzero_only__c0p58__z1p00__lam0p000__nu0p50__psi0p00,0.063,borrow,41,87,0.0,2,-0.41346848,-0.42173785,-0.42173785,1.1030432,0.0,0.07887815,0.0,0.0,0.063,0.0,0.00826937,0.41346848,0.42173785,-27.815947,2.4267435,0.80891454,0.128,0.0,0.17541154,0.0,0.0
hardzero_only__c0p58__z1p00__lam0p000__nu0p50__psi0p00,0.063,borrow,41,88,0.0,2,-0.42173785,-0.4301726,-0.4301726,1.0679995,0.0,0.085506774,0.0,0.0,0.063,0.0,0.008434757,0.42173785,0.4301726,-27.721317,2.3496459,0.7832153,0.16000001,0.0,0.1636704,0.0,0.0
hardzero_only__c0p58__z1p00__lam0p000__nu0p50__psi0p00,0.063,borrow,41,89,0.0,2,-0.4301726,-0.43224612,-0.43224612,0.9844318,0.10364974,0.10364974,1.0,0.006529934,0.063,0.0,0.008603452,0.4301726,0.43224612,-26.600594,2.1657932,0.7219311,0.16000001,0.0,0.14647774,0.0,0.0
hardzero_only__c0p58__z1p00__lam0p000__nu0p50__psi0p00,0.063,borrow,41,90,0.0,2,-0.43224612,-0.44089103,-0.44089103,1.0113146,0.0,0.09742835,0.0,0.0,0.063,0.0,0.008644923,0.43224612,0.44089103,-27.101595,2.2249365,0.7416455,0.208,0.0,0.14606881,0.0,0.0
hardzero_only__c0p58__z1p00__lam0p000__nu0p50__psi0p00,0.063,borrow,41,91,0.0,2,-0.44089103,-0.44970885,-0.44970885,1.056962,0.0,0.08770776,0.0,0.0,0.063,0.0,0.008817821,0.44089103,0.44970885,-27.70412,2.325363,0.775121,0.13,0.0,0.16267191,0.0,0.0
hardzero_only__c0p58__z1p00__lam0p000__nu0p50__psi0p00,0.063,borrow,41,92,0.0,2,-0.44970885,-0.45870304,-0.45870304,1.0206406,0.0,0.09535848,0.0,0.0,0.063,0.0,0.008994177,0.44970885,0.45870304,-27.014809,2.2454543,0.7484848,0.2,0.0,0.13951457,0.0,0.0
hardzero_only__c0p58__z1p00__lam0p000__nu0p50__psi0p00,0.063,borrow,41,93,0.0,2,-0.45870304,-0.4678771,-0.4678771,1.0469701,0.0,0.08974906,0.0,0.0,0.063,0.0,0.009174061,0.45870304,0.4678771,-26.56155,2.3033803,0.7677934,0.16800001,0.0,0.14575884,0.0,0.0
hardzero_only__c0p58__z1p00__lam0p000__nu0p50__psi0p00,0.063,borrow,41,94,0.0,2,-0.4678771,-0.47723463,-0.47723463,1.0686262,0.0,0.08538347,0.0,0.0,0.063,0.0,0.009357542,0.4678771,0.47723463,-28.415508,2.3510246,0.7836749,0.14400001,0.0,0.17009032,0.0,0.0
hardzero_only__c0p58__z1p00__lam0p000__nu0p50__psi0p00,0.063,borrow,41,95,0.0,2,-0.47723463,-0.4799916,-0.4799916,0.96761644,0.10774163,0.10774163,1.0,0.006787723,0.063,0.0,0.009544692,0.47723463,0.4799916,-26.834185,2.1287987,0.7095996,0.16800001,0.0,0.14237861,0.0,0.0
hardzero_only__c0p58__z1p00__lam0p000__nu0p50__psi0p00,0.063,borrow,41,96,0.0,2,-0.4799916,-0.48959145,-0.48959145,1.0317172,0.0,0.09295716,0.0,0.0,0.063,0.0,0.009599832,0.4799916,0.48959145,-27.487837,2.269823,0.7566077,0.08800001,0.0,0.15368149,0.0,0.0
hardzero_only__c0p58__z1p00__lam0p000__nu0p50__psi0p00,0.063,borrow,41,97,0.0,2,-0.48959145,-0.49938327,-0.49938327,1.00478,0.0,0.09890538,0.0,0.0,0.063,0.0,0.009791829,0.48959145,0.49938327,-27.372185,2.2105603,0.7368535,0.208,0.0,0.1486539,0.0,0.0
hardzero_only__c0p58__z1p00__lam0p000__nu0p50__psi0p00,0.063,borrow,41,98,0.0,2,-0.49938327,-0.5093709,-0.5093709,1.0169574,0.0,0.096170664,0.0,0.0,0.063,0.0,0.009987665,0.49938327,0.5093709,-27.33029,2.237351,0.7457837,0.16800001,0.0,0.14980549,0.0,0.0
hardzero_only__c0p58__z1p00__lam0p000__nu0p50__psi0p00,0.063,borrow,41,99,0.0,2,-0.5093709,-0.51955837,-0.51955837,1.025286,0.0,0.09434395,0.0,0.0,0.063,0.0,0.010187418,0.5093709,0.51955837,-27.07349,2.2556741,0.7518914,0.18400002,0.0,0.14242478,0.0,0.0
hardzero_only__c0p58__z1p00__lam0p000__nu0p50__psi0p00,0.063,borrow,41,100,0.0,2,-0.51955837,-0.52337843,-0.52337843,0.9817012,0.10430347,0.10430347,1.0,0.0065711187,0.063,0.0,0.010391167,0.51955837,0.52337843,-27.01372,2.1597857,0.7199286,0.192,0.0,0.13416992,0.0,0.0
hardzero_only__c0p58__z1p00__lam0p000__nu0p50__psi0p00,0.063,borrow,41,101,0.0,2,-0.52337843,-0.5271122,-0.5271122,0.9710774,0.10688643,0.10688643,1.0,0.0067338455,0.063,0.0,0.010467568,0.52337843,0.5271122,-26.997477,2.1364129,0.71213764,0.2,0.0,0.1734297,0.0,0.0
hardzero_only__c0p58__z1p00__lam0p000__nu0p50__psi0p00,0.063,borrow,41,102,0.0,2,-0.5271122,-0.53125405,-0.53125405,0.9931326,0.10159385,0.10159385,1.0,0.006400413,0.063,0.0,0.010542244,0.5271122,0.53125405,-26.502733,2.1849353,0.7283118,0.208,0.0,0.1744672,0.0,0.0
hardzero_only__c0p58__z1p00__lam0p000__nu0p50__psi0p00,0.063,borrow,41,103,0.0,2,-0.53125405,-0.5418791,-0.5418791,1.0591701,0.0,0.087262936,0.0,0.0,0.063,0.0,0.010625081,0.53125405,0.5418791,-28.615406,2.3302207,0.77674025,0.15200001,0.0,0.14318931,0.0,0.0
hardzero_only__c0p58__z1p00__lam0p000__nu0p50__psi0p00,0.063,borrow,41,104,0.0,2,-0.5418791,-0.5527167,-0.5527167,1.0021209,0.0,0.09951283,0.0,0.0,0.063,0.0,0.010837582,0.5418791,0.5527167,-25.920998,2.20471,0.73490334,0.17,0.0,0.15870252,0.0,0.0
hardzero_only__c0p58__z1p00__lam0p000__nu0p50__psi0p00,0.063,borrow,41,105,0.0,2,-0.5527167,-0.5569318,-0.5569318,0.96433514,0.10855875,0.10855875,1.0,0.0068392013,0.063,0.0,0.011054333,0.5527167,0.5569318,-26.735662,2.1215796,0.70719326,0.16000001,0.0,0.12543488,0.0,0.0
hardzero_only__c0p58__z1p00__lam0p000__nu0p50__psi0p00,0.063,borrow,41,106,0.0,2,-0.5569318,-0.5615579,-0.5615579,0.9855896,0.10337378,0.10337378,1.0,0.0065125483,0.063,0.0,0.011138636,0.5569318,0.5615579,-26.641836,2.1683404,0.72278017,0.16800001,0.0,0.12973468,0.0,0.0
hardzero_only__c0p58__z1p00__lam0p000__nu0p50__psi0p00,0.063,borrow,41,107,0.0,2,-0.5615579,-0.5727891,-0.5727891,1.0618056,0.0,0.086734995,0.0,0.0,0.063,0.0,0.011231158,0.5615579,0.5727891,-28.30826,2.336019,0.77867305,0.16800001,0.0,0.1859873,0.0,0.0
hardzero_only__c0p58__z1p00__lam0p000__nu0p50__psi0p00,0.063,borrow,41,108,0.0,2,-0.5727891,-0.58424485,-0.58424485,1.0015874,0.0,0.09963515,0.0,0.0,0.063,0.0,0.011455781,0.5727891,0.58424485,-27.36803,2.2035363,0.7345121,0.2,0.0,0.13861224,0.0,0.0
hardzero_only__c0p58__z1p00__lam0p000__nu0p50__psi0p00,0.063,borrow,41,109,0.0,2,-0.58424485,-0.59592974,-0.59592974,1.0546794,0.0,0.08816996,0.0,0.0,0.063,0.0,0.011684896,0.58424485,0.59592974,-27.680931,2.3203409,0.773447,0.16800001,0.0,0.17644176,0.0,0.0
hardzero_only__c0p58__z1p00__lam0p000__nu0p50__psi0p00,0.063,borrow,41,110,0.0,2,-0.59592974,-0.6,-0.60784835,1.0360385,0.0,0.09203679,0.0,0.0,0.063,0.0,0.011918594,0.59592974,0.6,-27.11626,2.2793303,0.7597768,0.120000005,0.0,0.14374019,0.0,0.0
hardzero_only__c0p58__z1p00__lam0p000__nu0p50__psi0p00,0.063,borrow,41,111,0.0,2,-0.6,-0.6,-0.6056102,0.99384815,0.101426594,0.101426594,1.0,0.0063898754,0.063,0.0,0.012,0.6,0.6,-26.841822,2.1865096,0.72883654,0.14400001,0.0,0.14520979,0.0,0.0
hardzero_only__c0p58__z1p00__lam0p000__nu0p50__psi0p00,0.063,borrow,41,112,0.0,2,-0.6,-0.6,-0.61200005,1.0340121,0.0,0.09246724,0.0,0.0,0.063,0.0,0.012,0.6,0.6,-28.01216,2.274872,0.7582907,0.120000005,0.0,0.16527705,0.0,0.0
hardzero_only__c0p58__z1p00__lam0p000__nu0p50__psi0p00,0.063,borrow,41,113,0.0,2,-0.6,-0.6,-0.6056127,0.9940197,0.10138653,0.10138653,1.0,0.0063873515,0.063,0.0,0.012,0.6,0.6,-26.267822,2.186887,0.72896236,0.15200001,0.0,0.14802195,0.0,0.0
hardzero_only__c0p58__z1p00__lam0p000__nu0p50__psi0p00,0.063,borrow,41,114,0.0,2,-0.6,-0.6,-0.61200005,1.0326372,0.0,0.09276043,0.0,0.0,0.063,0.0,0.012,0.6,0.6,-26.896406,2.2718472,0.75728244,0.136,0.0,0.15236066,0.0,0.0
hardzero_only__c0p58__z1p00__lam0p000__nu0p50__psi0p00,0.063,borrow,41,115,0.0,2,-0.6,-0.6,-0.60545427,0.9833789,0.10390131,0.10390131,1.0,0.0065457826,0.063,0.0,0.012,0.6,0.6,-26.620544,2.1634767,0.7211589,0.192,0.0,0.13769989,0.0,0.0
hardzero_only__c0p58__z1p00__lam0p000__nu0p50__psi0p00,0.063,borrow,41,116,0.0,2,-0.6,-0.6,-0.61200005,1.0202557,0.0,0.09544305,0.0,0.0,0.063,0.0,0.012,0.6,0.6,-27.054447,2.2446072,0.74820244,0.2,0.0,0.1747022,0.0,0.0
hardzero_only__c0p58__z1p00__lam0p000__nu0p50__psi0p00,0.063,borrow,41,117,0.0,2,-0.6,-0.6,-0.6054187,0.98102564,0.10446586,0.10446586,1.0,0.0065813493,0.063,0.0,0.012,0.6,0.6,-26.897654,2.1582994,0.7194332,0.16,0.0,0.14775966,0.0,0.0
hardzero_only__c0p58__z1p00__lam0p000__nu0p50__psi0p00,0.063,borrow,41,118,0.0,2,-0.6,-0.6,-0.61200005,1.0054698,0.0,0.09874842,0.0,0.0,0.063,0.0,0.012,0.6,0.6,-28.082043,2.2120779,0.7373593,0.208,0.0,0.16484332,0.0,0.0
hardzero_only__c0p58__z1p00__lam0p000__nu0p50__psi0p00,0.063,borrow,41,119,0.0,2,-0.6,-0.6,-0.6055557,0.99016285,0.102290936,0.102290936,1.0,0.006444329,0.063,0.0,0.012,0.6,0.6,-26.545923,2.1784017,0.72613394,0.16800001,0.0,0.13691649,0.0,0.0
hardzero_only__c0p58__z1p00__lam0p000__nu0p50__psi0p00,0.063,borrow,41,120,0.0,2,-0.6,-0.6,-0.61200005,1.0522125,0.0,0.08867219,0.0,0.0,0.063,0.0,0.012,0.6,0.6,-27.7429,2.3149137,0.7716379,0.18400002,0.0,0.15678665,0.0,0.0
hardzero_only__c0p58__z1p00__lam0p000__nu0p50__psi0p00,0.063,borrow,41,121,0.0,2,-0.6,-0.6,-0.6053286,0.9751236,0.105895236,0.105895236,1.0,0.0066714,0.063,0.0,0.012,0.6,0.6,-26.284048,2.1453147,0.71510494,0.14400001,0.0,0.1350173,0.0,0.0
hardzero_only__c0p58__z1p00__lam0p000__nu0p50__psi0p00,0.063,borrow,41,122,0.0,2,-0.6,-0.6,-0.61200005,1.0076705,0.0,0.0982493,0.0,0.0,0.063,0.0,0.012,0.6,0.6,-26.931103,2.2169194,0.73897314,0.072000004,0.0,0.15547399,0.0,0.0
hardzero_only__c0p58__z1p00__lam0p000__nu0p50__psi0p00,0.063,borrow,41,123,0.0,2,-0.6,-0.6,-0.60512984,0.9623721,0.10905054,0.10905054,1.0,0.006870184,0.063,0.0,0.012,0.6,0.6,-27.121607,2.117261,0.7057537,0.192,0.0,0.16047123,0.0,0.0
hardzero_only__c0p58__z1p00__lam0p000__nu0p50__psi0p00,0.063,borrow,41,124,0.0,2,-0.6,-0.6,-0.61200005,1.0462627,0.0,0.08989535,0.0,0.0,0.063,0.0,0.012,0.6,0.6,-28.438368,2.301824,0.76727474,0.17600001,0.0,0.17330742,0.0,0.0
hardzero_only__c0p58__z1p00__lam0p000__nu0p50__psi0p00,0.063,borrow,41,125,0.0,2,-0.6,-0.6,-0.61200005,1.0078351,0.0,0.098212056,0.0,0.0,0.063,0.0,0.012,0.6,0.6,-26.748384,2.2172816,0.7390939,0.08800001,0.0,0.14750217,0.0,0.0
hardzero_only__c0p58__z1p00__lam0p000__nu0p50__psi0p00,0.063,borrow,41,126,0.0,2,-0.6,-0.6,-0.61200005,1.0140805,0.0,0.096809834,0.0,0.0,0.063,0.0,0.012,0.6,0.6,-27.541555,2.2310216,0.7436739,0.15200001,0.0,0.17801748,0.0,0.0
hardzero_only__c0p58__z1p00__lam0p000__nu0p50__psi0p00,0.063,borrow,41,127,0.0,2,-0.6,-0.6,-0.61200005,1.0070913,0.0,0.098380424,0.0,0.0,0.063,0.0,0.012,0.6,0.6,-27.151808,2.215645,0.7385484,0.136,0.0,0.14497708,0.0,0.0
hardzero_only__c0p58__z1p00__lam0p000__nu0p50__psi0p00,0.063,borrow,41,128,0.0,2,-0.6,-0.6,-0.61200005,1.0324346,0.0,0.092803724,0.0,0.0,0.063,0.0,0.012,0.6,0.6,-26.73724,2.2714014,0.75713384,0.15200001,0.0,0.17534192,0.0,0.0
hardzero_only__c0p58__z1p00__lam0p000__nu0p50__psi0p00,0.063,borrow,41,129,0.0,2,-0.6,-0.6,-0.6056082,0.9937175,0.10145712,0.10145712,1.0,0.0063917986,0.063,0.0,0.012,0.6,0.6,-26.366169,2.186222,0.7287407,0.18400002,0.0,0.14910921,0.0,0.0
hardzero_only__c0p58__z1p00__lam0p000__nu0p50__psi0p00,0.063,borrow,41,130,0.0,2,-0.6,-0.6,-0.6054726,0.98459953,0.10360971,0.10360971,1.0,0.0065274118,0.063,0.0,0.012,0.6,0.6,-26.463758,2.1661623,0.7220541,0.19,0.0,0.14185923,0.0,0.0
hardzero_only__c0p58__z1p00__lam0p000__nu0p50__psi0p00,0.063,borrow,41,131,0.0,2,-0.6,-0.6,-0.61200005,1.0450704,0.0,0.0901425,0.0,0.0,0.063,0.0,0.012,0.6,0.6,-26.830551,2.2992008,0.7664003,0.16800001,0.0,0.17400146,0.0,0.0
hardzero_only__c0p58__z1p00__lam0p000__nu0p50__psi0p00,0.063,borrow,41,132,0.0,2,-0.6,-0.6,-0.6055372,0.9889162,0.102584966,0.102584966,1.0,0.006462853,0.063,0.0,0.012,0.6,0.6,-27.020958,2.1756592,0.7252197,0.16800001,0.0,0.14603694,0.0,0.0
hardzero_only__c0p58__z1p00__lam0p000__nu0p50__psi0p00,0.063,borrow,41,133,0.0,2,-0.6,-0.6,-0.61200005,1.0038469,0.0,0.099118136,0.0,0.0,0.063,0.0,0.012,0.6,0.6,-27.280354,2.2085073,0.7361691,0.096,0.0,0.14319581,0.0,0.0
hardzero_only__c0p58__z1p00__lam0p000__nu0p50__psi0p00,0.063,borrow,41,134,0.0,2,-0.6,-0.6,-0.61200005,1.0499722,0.0,0.08913081,0.0,0.0,0.063,0.0,0.012,0.6,0.6,-27.95785,2.309985,0.769995,0.16000001,0.0,0.17772944,0.0,0.0
hardzero_only__c0p58__z1p00__lam0p000__nu0p50__psi0p00,0.063,borrow,41,135,0.0,2,-0.6,-0.6,-0.6048193,0.94317126,0.11398001,0.11398001,1.0,0.0071807406,0.063,0.0,0.012,0.6,0.6,-26.081959,2.0750182,0.69167274,0.2,0.0,0.15609702,0.0,0.0
hardzero_only__c0p58__z1p00__lam0p000__nu0p50__psi0p00,0.063,borrow,41,136,0.0,2,-0.6,-0.6,-0.61200005,1.0126673,0.0,0.09712539,0.0,0.0,0.063,0.0,0.012,0.6,0.6,-27.721695,2.2279127,0.7426376,0.112,0.0,0.1646578,0.0,0.0
hardzero_only__c0p58__z1p00__lam0p000__nu0p50__psi0p00,0.063,borrow,41,137,0.0,2,-0.6,-0.6,-0.605532,0.9885657,0.102667816,0.102667816,1.0,0.0064680725,0.063,0.0,0.012,0.6,0.6,-26.500456,2.174888,0.72496265,0.18400002,0.0,0.14533032,0.0,0.0
hardzero_only__c0p58__z1p00__lam0p000__nu0p50__psi0p00,0.063,borrow,41,138,0.0,2,-0.6,-0.6,-0.61200005,1.0061707,0.0,0.09858917,0.0,0.0,0.063,0.0,0.012,0.6,0.6,-26.175343,2.21362,0.7378733,0.096,0.0,0.16062325,0.0,0.0
hardzero_only__c0p58__z1p00__lam0p000__nu0p50__psi0p00,0.063,borrow,41,139,0.0,2,-0.6,-0.6,-0.61200005,1.0082667,0.0,0.09811451,0.0,0.0,0.063,0.0,0.012,0.6,0.6,-26.871897,2.218231,0.73941034,0.112,0.0,0.15944181,0.0,0.0
hardzero_only__c0p58__z1p00__lam0p000__nu0p50__psi0p00,0.063,borrow,41,140,0.0,2,-0.6,-0.6,-0.61200005,1.0356468,0.0,0.092119835,0.0,0.0,0.063,0.0,0.012,0.6,0.6,-27.673342,2.2784684,0.7594895,0.112,0.0,0.16357194,0.0,0.0
hardzero_only__c0p58__z1p00__lam0p000__nu0p50__psi0p00,0.063,borrow,41,141,0.0,2,-0.6,-0.6,-0.61200005,1.0561835,0.0,0.08786513,0.0,0.0,0.063,0.0,0.012,0.6,0.6,-27.625748,2.3236501,0.7745501,0.128,0.0,0.16888815,0.0,0.0
hardzero_only__c0p58__z1p00__lam0p000__nu0p50__psi0p00,0.063,borrow,41,142,0.0,2,-0.6,-0.6,-0.6053933,0.979351,0.104869455,0.104869455,1.0,0.006606776,0.063,0.0,0.012,0.6,0.6,-26.00643,2.1546152,0.7182051,0.080000006,0.0,0.13322139,0.0,0.0
hardzero_only__c0p58__z1p00__lam0p000__nu0p50__psi0p00,0.063,borrow,41,143,0.0,2,-0.6,-0.6,-0.6048217,0.9433142,0.11394252,0.11394252,1.0,0.0071783788,0.063,0.0,0.012,0.6,0.6,-25.808588,2.0753326,0.6917776,0.22,0.0,0.14897527,0.0,0.0
hardzero_only__c0p58__z1p00__lam0p000__nu0p50__psi0p00,0.063,borrow,41,144,0.0,2,-0.6,-0.6,-0.6051636,0.96450907,0.108515285,0.108515285,1.0,0.006836463,0.063,0.0,0.012,0.6,0.6,-26.694777,2.1219623,0.7073208,0.16800001,0.0,0.13330401,0.0,0.0
hardzero_only__c0p58__z1p00__lam0p000__nu0p50__psi0p00,0.063,borrow,41,145,0.0,2,-0.6,-0.6,-0.61200005,1.0086635,0.0,0.09802491,0.0,0.0,0.063,0.0,0.012,0.6,0.6,-26.96434,2.219104,0.7397014,0.256,0.0,0.18460692,0.0,0.0
hardzero_only__c0p58__z1p00__lam0p000__nu0p50__psi0p00,0.063,borrow,41,146,0.0,2,-0.6,-0.6,-0.6053293,0.9751629,0.10588564,0.10588564,1.0,0.0066707954,0.063,0.0,0.012,0.6,0.6,-27.020376,2.1454012,0.7151338,0.17600001,0.0,0.15771838,0.0,0.0
hardzero_only__c0p58__z1p00__lam0p000__nu0p50__psi0p00,0.063,borrow,41,147,0.0,2,-0.6,-0.6,-0.61200005,1.0332121,0.0,0.09263772,0.0,0.0,0.063,0.0,0.012,0.6,0.6,-27.297092,2.2731118,0.75770396,0.14400001,0.0,0.15871769,0.0,0.0
hardzero_only__c0p58__z1p00__lam0p000__nu0p50__psi0p00,0.063,borrow,41,148,0.0,2,-0.6,-0.6,-0.61200005,1.0078923,0.0,0.09819915,0.0,0.0,0.063,0.0,0.012,0.6,0.6,-27.35167,2.2174072,0.73913574,0.18400002,0.0,0.17218918,0.0,0.0
hardzero_only__c0p58__z1p00__lam0p000__nu0p50__psi0p00,0.063,borrow,41,149,0.0,2,-0.6,-0.6,-0.61200005,1.010285,0.0,0.0976596,0.0,0.0,0.063,0.0,0.012,0.6,0.6,-27.021338,2.2226715,0.7408905,0.136,0.0,0.15175472,0.0,0.0
hardzero_only__c0p58__z1p00__lam0p000__nu0p50__psi0p00,0.063,borrow,41,150,0.0,2,-0.6,-0.6,-0.61200005,1.027063,0.0,0.09395868,0.0,0.0,0.063,0.0,0.012,0.6,0.6,-27.163197,2.2595837,0.7531946,0.216,0.0,0.15773788,0.0,0.0
hardzero_only__c0p58__z1p00__lam0p000__nu0p50__psi0p00,0.063,borrow,41,151,0.0,2,-0.6,-0.6,-0.60508615,0.95961875,0.109744124,0.109744124,1.0,0.00691388,0.063,0.0,0.012,0.6,0.6,-25.99372,2.1112034,0.7037345,0.2,0.0,0.15708071,0.0,0.0
hardzero_only__c0p58__z1p00__lam0p000__nu0p50__psi0p00,0.063,borrow,41,152,0.0,2,-0.6,-0.6,-0.61200005,1.0630038,0.0,0.08649605,0.0,0.0,0.063,0.0,0.012,0.6,0.6,-27.967216,2.338655,0.7795517,0.14400001,0.0,0.15852727,0.0,0.0
hardzero_only__c0p58__z1p00__lam0p000__nu0p50__psi0p00,0.063,borrow,41,153,0.0,2,-0.6,-0.6,-0.61200005,1.0355101,0.0,0.092148855,0.0,0.0,0.063,0.0,0.012,0.6,0.6,-27.445564,2.2781677,0.7593893,0.15200001,0.0,0.15330437,0.0,0.0
hardzero_only__c0p58__z1p00__lam0p000__nu0p50__psi0p00,0.063,borrow,41,154,0.0,2,-0.6,-0.6,-0.61200005,1.0247691,0.0,0.09445631,0.0,0.0,0.063,0.0,0.012,0.6,0.6,-28.199518,2.2545369,0.7515123,0.17600001,0.0,0.14206463,0.0,0.0
hardzero_only__c0p58__z1p00__lam0p000__nu0p50__psi0p00,0.063,borrow,41,155,0.0,2,-0.6,-0.6,-0.61200005,1.0622673,0.0,0.08664283,0.0,0.0,0.063,0.0,0.012,0.6,0.6,-28.315508,2.3370347,0.7790116,0.15200001,0.0,0.1891352,0.0,0.0
hardzero_only__c0p58__z1p00__lam0p000__nu0p50__psi0p00,0.063,borrow,41,156,0.0,2,-0.6,-0.6,-0.60566926,0.9978841,0.1004884,0.1004884,1.0,0.0063307695,0.063,0.0,0.012,0.6,0.6,-26.298306,2.1953888,0.73179626,0.22999999,0.0,0.14331824,0.0,0.0
hardzero_only__c0p58__z1p00__lam0p000__nu0p50__psi0p00,0.063,borrow,41,157,0.0,2,-0.6,-0.6,-0.61200005,1.0417203,0.0,0.09084053,0.0,0.0,0.063,0.0,0.012,0.6,0.6,-28.126493,2.2918303,0.76394343,0.120000005,0.0,0.15113182,0.0,0.0
hardzero_only__c0p58__z1p00__lam0p000__nu0p50__psi0p00,0.063,borrow,41,158,0.0,2,-0.6,-0.6,-0.61200005,1.0168701,0.0,0.09619,0.0,0.0,0.063,0.0,0.012,0.6,0.6,-27.422115,2.237159,0.7457197,0.15200001,0.0,0.14296499,0.0,0.0
hardzero_only__c0p58__z1p00__lam0p000__nu0p50__psi0p00,0.063,borrow,41,159,0.0,2,-0.6,-0.6,-0.61200005,1.0462117,0.0,0.08990592,0.0,0.0,0.063,0.0,0.012,0.6,0.6,-27.462572,2.3017118,0.7672373,0.136,0.0,0.14628899,0.0,0.0
hardzero_only__c0p58__z1p00__lam0p000__nu0p50__psi0p00,0.063,borrow,41,160,0.0,2,-0.6,-0.6,-0.61200005,1.0449401,0.0,0.09016955,0.0,0.0,0.063,0.0,0.012,0.6,0.6,-28.01122,2.2989142,0.76630473,0.16800001,0.0,0.16280979,0.0,0.0
hardzero_only__c0p58__z1p00__lam0p000__nu0p50__psi0p00,0.063,borrow,41,161,0.0,2,-0.6,-0.6,-0.61200005,1.0295678,0.0,0.09341833,0.0,0.0,0.063,0.0,0.012,0.6,0.6,-26.755993,2.2650945,0.7550315,0.096,0.0,0.17156762,0.0,0.0
hardzero_only__c0p58__z1p00__lam0p000__nu0p50__psi0p00,0.063,borrow,41,162,0.0,2,-0.6,-0.6,-0.61200005,1.0422468,0.0,0.09073047,0.0,0.0,0.063,0.0,0.012,0.6,0.6,-27.806427,2.2929888,0.7643296,0.16000001,0.0,0.17315702,0.0,0.0
hardzero_only__c0p58__z1p00__lam0p000__nu0p50__psi0p00,0.063,borrow,41,163,0.0,2,-0.6,-0.6,-0.61200005,1.0329875,0.0,0.09268565,0.0,0.0,0.063,0.0,0.012,0.6,0.6,-27.044271,2.2726178,0.7575393,0.208,0.0,0.1680818,0.0,0.0
hardzero_only__c0p58__z1p00__lam0p000__nu0p50__psi0p00,0.063,borrow,41,164,0.0,2,-0.6,-0.6,-0.60560036,0.9931821,0.10158225,0.10158225,1.0,0.006399682,0.063,0.0,0.012,0.6,0.6,-25.74414,2.1850443,0.72834814,0.208,0.0,0.21267962,0.0,0.0
hardzero_only__c0p58__z1p00__lam0p000__nu0p50__psi0p00,0.063,borrow,41,165,0.0,2,-0.6,-0.6,-0.6055989,0.993086,0.10160476,0.10160476,1.0,0.0064011,0.063,0.0,0.012,0.6,0.6,-27.24178,2.1848328,0.7282776,0.15200001,0.0,0.14588575,0.0,0.0
hardzero_only__c0p58__z1p00__lam0p000__nu0p50__psi0p00,0.063,borrow,41,166,0.0,2,-0.6,-0.6,-0.61200005,1.0336537,0.0,0.09254357,0.0,0.0,0.063,0.0,0.012,0.6,0.6,-27.130184,2.2740836,0.7580279,0.104,0.0,0.15652977,0.0,0.0
hardzero_only__c0p58__z1p00__lam0p000__nu0p50__psi0p00,0.063,borrow,41,167,0.0,2,-0.6,-0.6,-0.60507417,0.95886636,0.109934404,0.109934404,1.0,0.0069258674,0.063,0.0,0.012,0.6,0.6,-26.041527,2.109548,0.7031827,0.18400002,0.0,0.1586907,0.0,0.0
hardzero_only__c0p58__z1p00__lam0p000__nu0p50__psi0p00,0.063,borrow,41,168,0.0,2,-0.6,-0.6,-0.61200005,1.0464258,0.0,0.089861594,0.0,0.0,0.063,0.0,0.012,0.6,0.6,-28.236382,2.3021827,0.76739424,0.17600001,0.0,0.17921129,0.0,0.0
hardzero_only__c0p58__z1p00__lam0p000__nu0p50__psi0p00,0.063,borrow,41,169,0.0,2,-0.6,-0.6,-0.60569555,0.9996877,0.10007193,0.10007193,1.0,0.006304532,0.063,0.0,0.012,0.6,0.6,-26.81041,2.1993568,0.73311895,0.19,0.0,0.1459748,0.0,0.0
hardzero_only__c0p58__z1p00__lam0p000__nu0p50__psi0p00,0.063,borrow,41,170,0.0,2,-0.6,-0.6,-0.61200005,1.0180308,0.0,0.09593327,0.0,0.0,0.063,0.0,0.012,0.6,0.6,-26.599266,2.2397125,0.7465708,0.17600001,0.0,0.12108473,0.0,0.0
hardzero_only__c0p58__z1p00__lam0p000__nu0p50__psi0p00,0.063,borrow,41,171,0.0,2,-0.6,-0.6,-0.61200005,1.0138153,0.0,0.096868984,0.0,0.0,0.063,0.0,0.012,0.6,0.6,-26.689787,2.2304382,0.74347943,0.224,0.0,0.14345007,0.0,0.0
hardzero_only__c0p58__z1p00__lam0p000__nu0p50__psi0p00,0.063,borrow,41,172,0.0,2,-0.6,-0.6,-0.60524476,0.9696956,0.10722706,0.10722706,1.0,0.0067553045,0.063,0.0,0.012,0.6,0.6,-25.575562,2.133373,0.71112436,0.136,0.0,0.1430748,0.0,0.0
hardzero_only__c0p58__z1p00__lam0p000__nu0p50__psi0p00,0.063,borrow,41,173,0.0,2,-0.6,-0.6,-0.6051366,0.96279716,0.10894387,0.10894387,1.0,0.006863464,0.063,0.0,0.012,0.6,0.6,-26.197964,2.118196,0.70606536,0.208,0.0,0.13612904,0.0,0.0
hardzero_only__c0p58__z1p00__lam0p000__nu0p50__psi0p00,0.063,borrow,41,174,0.0,2,-0.6,-0.6,-0.61200005,1.0172052,0.0,0.09611579,0.0,0.0,0.063,0.0,0.012,0.6,0.6,-27.916157,2.2378962,0.7459654,0.16800001,0.0,0.15036663,0.0,0.0
hardzero_only__c0p58__z1p00__lam0p000__nu0p50__psi0p00,0.063,borrow,41,175,0.0,2,-0.6,-0.6,-0.61200005,1.0167128,0.0,0.09622484,0.0,0.0,0.063,0.0,0.012,0.6,0.6,-27.050623,2.2368128,0.7456043,0.120000005,0.0,0.17355867,0.0,0.0
hardzero_only__c0p58__z1p00__lam0p000__nu0p50__psi0p00,0.063,borrow,41,176,0.0,2,-0.6,-0.6,-0.61200005,1.0310652,0.0,0.0930968,0.0,0.0,0.063,0.0,0.012,0.6,0.6,-26.759243,2.2683887,0.7561296,0.16000001,0.0,0.13739398,0.0,0.0
hardzero_only__c0p58__z1p00__lam0p000__nu0p50__psi0p00,0.063,borrow,41,177,0.0,2,-0.6,-0.6,-0.61200005,1.0298765,0.0,0.09335198,0.0,0.0,0.063,0.0,0.012,0.6,0.6,-26.587082,2.2657735,0.75525784,0.16800001,0.0,0.14917438,0.0,0.0
hardzero_only__c0p58__z1p00__lam0p000__nu0p50__psi0p00,0.063,borrow,41,178,0.0,2,-0.6,-0.6,-0.61200005,1.0114849,0.0,0.09739017,0.0,0.0,0.063,0.0,0.012,0.6,0.6,-26.528477,2.225311,0.7417704,0.208,0.0,0.1503466,0.0,0.0
hardzero_only__c0p58__z1p00__lam0p000__nu0p50__psi0p00,0.063,borrow,41,179,0.0,2,-0.6,-0.6,-0.61200005,1.0145152,0.0,0.096712984,0.0,0.0,0.063,0.0,0.012,0.6,0.6,-26.99074,2.231978,0.7439927,0.136,0.0,0.1586068,0.0,0.0
hardzero_only__c0p58__z1p00__lam0p000__nu0p50__psi0p00,0.063,borrow,41,180,0.0,2,-0.6,-0.6,-0.60509384,0.96010166,0.10962216,0.10962216,1.0,0.006906196,0.063,0.0,0.012,0.6,0.6,-26.626291,2.1122658,0.7040886,0.16800001,0.0,0.15580793,0.0,0.0
hardzero_only__c0p58__z1p00__lam0p000__nu0p50__psi0p00,0.063,borrow,41,181,0.0,2,-0.6,-0.6,-0.61200005,1.0424142,0.0,0.09069552,0.0,0.0,0.063,0.0,0.012,0.6,0.6,-27.848404,2.2933571,0.7644524,0.104,0.0,0.1761585,0.0,0.0
hardzero_only__c0p58__z1p00__lam0p000__nu0p50__psi0p00,0.063,borrow,41,182,0.0,2,-0.6,-0.6,-0.61200005,1.0006491,0.0,0.09985064,0.0,0.0,0.063,0.0,0.012,0.6,0.6,-26.902475,2.201472,0.733824,0.19999999,0.0,0.12217548,0.0,0.0
hardzero_only__c0p58__z1p00__lam0p000__nu0p50__psi0p00,0.063,borrow,41,183,0.0,2,-0.6,-0.6,-0.61200005,1.0401562,0.0,0.09116827,0.0,0.0,0.063,0.0,0.012,0.6,0.6,-27.670527,2.2883894,0.7627965,0.16000001,0.0,0.15962815,0.0,0.0
hardzero_only__c0p58__z1p00__lam0p000__nu0p50__psi0p00,0.063,borrow,41,184,0.0,2,-0.6,-0.6,-0.60548115,0.9851659,0.103474684,0.103474684,1.0,0.006518905,0.063,0.0,0.012,0.6,0.6,-26.467747,2.1674082,0.72246945,0.15200001,0.0,0.16570225,0.0,0.0
hardzero_only__c0p58__z1p00__lam0p000__nu0p50__psi0p00,0.063,borrow,41,185,0.0,2,-0.6,-0.6,-0.61200005,1.0267532,0.0,0.09402575,0.0,0.0,0.063,0.0,0.012,0.6,0.6,-28.057161,2.258902,0.75296736,0.16800001,0.0,0.1771979,0.0,0.0
hardzero_only__c0p58__z1p00__lam0p000__nu0p50__psi0p00,0.063,borrow,41,186,0.0,2,-0.6,-0.6,-0.61200005,1.0304301,0.0,0.09323305,0.0,0.0,0.063,0.0,0.012,0.6,0.6,-27.139303,2.2669914,0.7556638,0.16000001,0.0,0.19242646,0.0,0.0
hardzero_only__c0p58__z1p00__lam0p000__nu0p50__psi0p00,0.063,borrow,41,187,0.0,2,-0.6,-0.6,-0.61200005,1.0058649,0.0,0.09865864,0.0,0.0,0.063,0.0,0.012,0.6,0.6,-27.086472,2.212947,0.73764896,0.2,0.0,0.14577551,0.0,0.0
hardzero_only__c0p58__z1p00__lam0p000__nu0p50__psi0p00,0.063,borrow,41,188,0.0,2,-0.6,-0.6,-0.61200005,1.0025235,0.0,0.09942061,0.0,0.0,0.063,0.0,0.012,0.6,0.6,-26.512997,2.2055957,0.7351986,0.16800001,0.0,0.14401701,0.0,0.0
hardzero_only__c0p58__z1p00__lam0p000__nu0p50__psi0p00,0.063,borrow,41,189,0.0,2,-0.6,-0.6,-0.605397,0.9795938,0.10481084,0.10481084,1.0,0.006603083,0.063,0.0,0.012,0.6,0.6,-26.824978,2.1551495,0.7183832,0.15200001,0.0,0.16956599,0.0,0.0
hardzero_only__c0p58__z1p00__lam0p000__nu0p50__psi0p00,0.063,borrow,41,190,0.0,2,-0.6,-0.6,-0.6056437,0.99613184,0.10089466,0.10089466,1.0,0.0063563637,0.063,0.0,0.012,0.6,0.6,-26.312855,2.1915338,0.7305113,0.216,0.0,0.1595868,0.0,0.0
hardzero_only__c0p58__z1p00__lam0p000__nu0p50__psi0p00,0.063,borrow,41,191,0.0,2,-0.6,-0.6,-0.61200005,1.0047476,0.0,0.09891278,0.0,0.0,0.063,0.0,0.012,0.6,0.6,-27.052526,2.2104888,0.73682964,0.120000005,0.0,0.16014308,0.0,0.0
hardzero_only__c0p58__z1p00__lam0p000__nu0p50__psi0p00,0.063,borrow,41,192,0.0,2,-0.6,-0.6,-0.60538846,0.97903496,0.104945794,0.104945794,1.0,0.006611585,0.063,0.0,0.012,0.6,0.6,-26.700344,2.15392,0.71797335,0.18400002,0.008,0.15898181,0.0,0.0
hardzero_only__c0p58__z1p00__lam0p000__nu0p50__psi0p00,0.063,borrow,41,193,0.0,2,-0.6,-0.6,-0.6055564,0.9902104,0.10227972,0.10227972,1.0,0.0064436225,0.063,0.0,0.012,0.6,0.6,-26.313482,2.1785064,0.7261688,0.14400001,0.0,0.14505364,0.0,0.0
hardzero_only__c0p58__z1p00__lam0p000__nu0p50__psi0p00,0.063,borrow,41,194,0.0,2,-0.6,-0.6,-0.60559267,0.99266034,0.1017044,0.1017044,1.0,0.006407377,0.063,0.0,0.012,0.6,0.6,-27.04731,2.1838963,0.7279655,0.208,0.0,0.15633355,0.0,0.0
hardzero_only__c0p58__z1p00__lam0p000__nu0p50__psi0p00,0.063,borrow,41,195,0.0,2,-0.6,-0.6,-0.6054788,0.9850107,0.10351167,0.10351167,1.0,0.006521235,0.063,0.0,0.012,0.6,0.6,-26.990665,2.1670668,0.7223556,0.16,0.0,0.16651759,0.0,0.0
hardzero_only__c0p58__z1p00__lam0p000__nu0p50__psi0p00,0.063,borrow,41,196,0.0,2,-0.6,-0.6,-0.60560036,0.9931806,0.10158261,0.10158261,1.0,0.0063997046,0.063,0.0,0.012,0.6,0.6,-26.405184,2.185041,0.728347,0.128,0.0,0.16114983,0.0,0.0
hardzero_only__c0p58__z1p00__lam0p000__nu0p50__psi0p00,0.063,borrow,41,197,0.0,2,-0.6,-0.6,-0.61200005,1.034269,0.0,0.09241256,0.0,0.0,0.063,0.0,0.012,0.6,0.6,-27.052275,2.275437,0.75847906,0.136,0.0,0.13014778,0.0,0.0
hardzero_only__c0p58__z1p00__lam0p000__nu0p50__psi0p00,0.063,borrow,41,198,0.0,2,-0.6,-0.6,-0.61200005,1.0317476,0.0,0.09295064,0.0,0.0,0.063,0.0,0.012,0.6,0.6,-27.164774,2.26989,0.75663006,0.16000001,0.0,0.15011945,0.0,0.0
hardzero_only__c0p58__z1p00__lam0p000__nu0p50__psi0p00,0.063,borrow,41,199,0.0,2,-0.6,-0.6,-0.61200005,1.0110162,0.0,0.09749531,0.0,0.0,0.063,0.0,0.012,0.6,0.6,-27.432322,2.22428,0.7414267,0.16800001,0.0,0.15602076,0.0,0.0
hardzero_only__c0p58__z1p00__lam0p000__nu0p50__psi0p00,0.063,borrow,41,200,0.0,2,-0.6,-0.6,-0.6056822,0.9987692,0.10028381,0.10028381,1.0,0.00631788,0.063,0.0,0.012,0.6,0.6,-26.223143,2.1973362,0.7324454,0.24800001,0.0,0.14787109,0.0,0.0
hardzero_only__c0p58__z1p00__lam0p000__nu0p50__psi0p00,0.063,borrow,41,201,0.0,2,-0.6,-0.6,-0.6056051,0.993504,0.10150701,0.10150701,1.0,0.006394942,0.063,0.0,0.012,0.6,0.6,-26.05491,2.1857524,0.7285842,0.192,0.0,0.1489709,0.0,0.0
hardzero_only__c0p58__z1p00__lam0p000__nu0p50__psi0p00,0.063,borrow,41,202,0.0,2,-0.6,-0.6,-0.60561466,0.99415344,0.10135533,0.10135533,1.0,0.006385386,0.063,0.0,0.012,0.6,0.6,-26.607151,2.1871812,0.7290604,0.15200001,0.0,0.15328418,0.0,0.0
hardzero_only__c0p58__z1p00__lam0p000__nu0p50__psi0p00,0.063,borrow,41,203,0.0,2,-0.6,-0.6,-0.60569257,0.99948263,0.10011921,0.10011921,1.0,0.00630751,0.063,0.0,0.012,0.6,0.6,-25.039116,2.1989057,0.73296857,0.15200001,0.0,0.1381455,0.0,0.0
hardzero_only__c0p58__z1p00__lam0p000__nu0p50__psi0p00,0.063,borrow,41,204,0.0,2,-0.6,-0.6,-0.60523134,0.96883506,0.107439734,0.107439734,1.0,0.0067687035,0.063,0.0,0.012,0.6,0.6,-26.24964,2.1314797,0.71049327,0.17600001,0.0,0.14831683,0.0,0.0
hardzero_only__c0p58__z1p00__lam0p000__nu0p50__psi0p00,0.063,borrow,41,205,0.0,2,-0.6,-0.6,-0.61200005,1.0390446,0.0,0.09140193,0.0,0.0,0.063,0.0,0.012,0.6,0.6,-27.857632,2.2859437,0.76198125,0.136,0.0,0.15602371,0.0,0.0
hardzero_only__c0p58__z1p00__lam0p000__nu0p50__psi0p00,0.063,borrow,41,206,0.0,2,-0.6,-0.6,-0.61200005,1.0093439,0.0,0.09787146,0.0,0.0,0.063,0.0,0.012,0.6,0.6,-27.578724,2.2206008,0.7402003,0.16800001,0.0,0.1643791,0.0,0.0
hardzero_only__c0p58__z1p00__lam0p000__nu0p50__psi0p00,0.063,borrow,41,207,0.0,2,-0.6,-0.6,-0.605591,0.99254596,0.101731166,0.101731166,1.0,0.0064090635,0.063,0.0,0.012,0.6,0.6,-26.852205,2.1836448,0.7278816,0.2,0.0,0.15760611,0.0,0.0
hardzero_only__c0p58__z1p00__lam0p000__nu0p50__psi0p00,0.063,borrow,41,208,0.0,2,-0.6,-0.6,-0.6047654,0.9399233,0.11483563,0.11483563,1.0,0.0072346446,0.063,0.0,0.012,0.6,0.6,-26.305693,2.0678725,0.6892909,0.19,0.0,0.13144971,0.0,0.0
hardzero_only__c0p58__z1p00__lam0p000__nu0p50__psi0p00,0.063,borrow,41,209,0.0,2,-0.6,-0.6,-0.61200005,1.0128666,0.0,0.09708081,0.0,0.0,0.063,0.0,0.012,0.6,0.6,-26.956108,2.228351,0.7427837,0.192,0.0,0.16671708,0.0,0.0
hardzero_only__c0p58__z1p00__lam0p000__nu0p50__psi0p00,0.063,borrow,41,210,0.0,2,-0.6,-0.6,-0.61200005,1.0240648,0.0,0.0946096,0.0,0.0,0.063,0.0,0.012,0.6,0.6,-27.422415,2.2529874,0.7509958,0.17600001,0.0,0.15087141,0.0,0.0
hardzero_only__c0p58__z1p00__lam0p000__nu0p50__psi0p00,0.063,borrow,41,211,0.0,2,-0.6,-0.6,-0.61200005,1.0208796,0.0,0.09530603,0.0,0.0,0.063,0.0,0.012,0.6,0.6,-26.887754,2.24598,0.74866,0.16000001,0.0,0.16214761,0.0,0.0
hardzero_only__c0p58__z1p00__lam0p000__nu0p50__psi0p00,0.063,borrow,41,212,0.0,2,-0.6,-0.6,-0.61200005,1.0216314,0.0,0.0951412,0.0,0.0,0.063,0.0,0.012,0.6,0.6,-26.98441,2.247634,0.7492113,0.128,0.0,0.14694747,0.0,0.0
hardzero_only__c0p58__z1p00__lam0p000__nu0p50__psi0p00,0.063,borrow,41,213,0.0,2,-0.6,-0.6,-0.61200005,1.0232719,0.0,0.09478249,0.0,0.0,0.063,0.0,0.012,0.6,0.6,-27.911161,2.251243,0.7504144,0.104,0.0,0.15357809,0.0,0.0
hardzero_only__c0p58__z1p00__lam0p000__nu0p50__psi0p00,0.063,borrow,41,214,0.0,2,-0.6,-0.6,-0.61200005,1.0256145,0.0,0.094272606,0.0,0.0,0.063,0.0,0.012,0.6,0.6,-27.379818,2.256397,0.75213236,0.128,0.0,0.17427191,0.0,0.0
hardzero_only__c0p58__z1p00__lam0p000__nu0p50__psi0p00,0.063,borrow,41,215,0.0,2,-0.6,-0.6,-0.6051455,0.9633625,0.10880214,0.10880214,1.0,0.006854535,0.063,0.0,0.012,0.6,0.6,-26.559988,2.1194398,0.70647997,0.216,0.0,0.15701132,0.0,0.0
hardzero_only__c0p58__z1p00__lam0p000__nu0p50__psi0p00,0.063,borrow,41,216,0.0,2,-0.6,-0.6,-0.61200005,1.0090603,0.0,0.09793539,0.0,0.0,0.063,0.0,0.012,0.6,0.6,-26.677486,2.219977,0.7399923,0.14400001,0.0,0.13297936,0.0,0.0
hardzero_only__c0p58__z1p00__lam0p000__nu0p50__psi0p00,0.063,borrow,41,217,0.0,2,-0.6,-0.6,-0.6052675,0.9711635,0.10686523,0.10686523,1.0,0.0067325095,0.063,0.0,0.012,0.6,0.6,-26.56204,2.1366024,0.7122008,0.216,0.0,0.13251276,0.0,0.0
hardzero_only__c0p58__z1p00__lam0p000__nu0p50__psi0p00,0.063,borrow,41,218,0.0,2,-0.6,-0.6,-0.61200005,1.0526453,0.0,0.088583864,0.0,0.0,0.063,0.0,0.012,0.6,0.6,-26.956814,2.315866,0.7719554,0.128,0.0,0.13643534,0.0,0.0
hardzero_only__c0p58__z1p00__lam0p000__nu0p50__psi0p00,0.063,borrow,41,219,0.0,2,-0.6,-0.6,-0.61200005,1.0324769,0.0,0.09279467,0.0,0.0,0.063,0.0,0.012,0.6,0.6,-27.888592,2.2714946,0.7571649,0.17600001,0.0,0.15000576,0.0,0.0
hardzero_only__c0p58__z1p00__lam0p000__nu0p50__psi0p00,0.063,borrow,41,220,0.0,2,-0.6,-0.6,-0.605651,0.99663264,0.10077836,0.10077836,1.0,0.006349037,0.063,0.0,0.012,0.6,0.6,-26.952215,2.1926355,0.73087853,0.23200001,0.0,0.18935011,0.0,0.0
hardzero_only__c0p58__z1p00__lam0p000__nu0p50__psi0p00,0.063,borrow,41,221,0.0,2,-0.6,-0.6,-0.60557127,0.9912102,0.10204453,0.10204453,1.0,0.0064288056,0.063,0.0,0.012,0.6,0.6,-27.157465,2.180706,0.726902,0.12,0.0,0.12788358,0.0,0.0
hardzero_only__c0p58__z1p00__lam0p000__nu0p50__psi0p00,0.063,borrow,41,222,0.0,2,-0.6,-0.6,-0.61200005,1.0135123,0.0,0.09693658,0.0,0.0,0.063,0.0,0.012,0.6,0.6,-26.45926,2.2297714,0.74325716,0.16000001,0.0,0.16300926,0.0,0.0
hardzero_only__c0p58__z1p00__lam0p000__nu0p50__psi0p00,0.063,borrow,41,223,0.0,2,-0.6,-0.6,-0.61200005,1.0497111,0.0,0.0891844,0.0,0.0,0.063,0.0,0.012,0.6,0.6,-28.084452,2.3094106,0.7698035,0.120000005,0.0,0.15009977,0.0,0.0
hardzero_only__c0p58__z1p00__lam0p000__nu0p50__psi0p00,0.063,borrow,41,224,0.0,2,-0.6,-0.6,-0.61200005,1.003421,0.0,0.09921538,0.0,0.0,0.063,0.0,0.012,0.6,0.6,-26.415394,2.20757,0.7358567,0.14400001,0.0,0.13681895,0.0,0.0
hardzero_only__c0p58__z1p00__lam0p000__nu0p50__psi0p00,0.063,borrow,41,225,0.0,2,-0.6,-0.6,-0.60477626,0.9405747,0.11466352,0.11466352,1.0,0.0072238017,0.063,0.0,0.012,0.6,0.6,-25.914211,2.0693057,0.68976855,0.2,0.0,0.12788215,0.0,0.0
hardzero_only__c0p58__z1p00__lam0p000__nu0p50__psi0p00,0.063,borrow,41,226,0.0,2,-0.6,-0.6,-0.6056703,0.99795115,0.100472875,0.100472875,1.0,0.006329791,0.063,0.0,0.012,0.6,0.6,-26.406212,2.1955364,0.7318455,0.208,0.0,0.15996875,0.0,0.0
hardzero_only__c0p58__z1p00__lam0p000__nu0p50__psi0p00,0.063,borrow,41,227,0.0,2,-0.6,-0.6,-0.61200005,1.0208797,0.0,0.09530601,0.0,0.0,0.063,0.0,0.012,0.6,0.6,-27.777782,2.2459803,0.7486601,0.15200001,0.0,0.15229067,0.0,0.0
hardzero_only__c0p58__z1p00__lam0p000__nu0p50__psi0p00,0.063,borrow,41,228,0.0,2,-0.6,-0.6,-0.6054933,0.9859767,0.10328167,0.10328167,1.0,0.0065067452,0.063,0.0,0.012,0.6,0.6,-26.828571,2.169192,0.72306406,0.16800001,0.0,0.14071925,0.0,0.0
hardzero_only__c0p58__z1p00__lam0p000__nu0p50__psi0p00,0.063,borrow,41,229,0.0,2,-0.6,-0.6,-0.61200005,1.0500046,0.0,0.089124136,0.0,0.0,0.063,0.0,0.012,0.6,0.6,-28.355162,2.3100562,0.77001876,0.16800001,0.0,0.16800426,0.0,0.0
hardzero_only__c0p58__z1p00__lam0p000__nu0p50__psi0p00,0.063,borrow,41,230,0.0,2,-0.6,-0.6,-0.61200005,1.049548,0.0,0.089217894,0.0,0.0,0.063,0.0,0.012,0.6,0.6,-27.165503,2.3090518,0.76968396,0.104,0.0,0.18639384,0.0,0.0
hardzero_only__c0p58__z1p00__lam0p000__nu0p50__psi0p00,0.063,borrow,41,231,0.0,2,-0.6,-0.6,-0.61200005,1.0289644,0.0,0.09354823,0.0,0.0,0.063,0.0,0.012,0.6,0.6,-26.990808,2.263767,0.754589,0.080000006,0.0,0.14283614,0.0,0.0
hardzero_only__c0p58__z1p00__lam0p000__nu0p50__psi0p00,0.063,borrow,41,232,0.0,2,-0.6,-0.6,-0.61200005,1.0136974,0.0,0.09689527,0.0,0.0,0.063,0.0,0.012,0.6,0.6,-27.41149,2.2301788,0.74339294,0.2,0.0,0.14060631,0.0,0.0
hardzero_only__c0p58__z1p00__lam0p000__nu0p50__psi0p00,0.063,borrow,41,233,0.0,2,-0.6,-0.6,-0.60480654,0.9423992,0.11418284,0.11418284,1.0,0.007193519,0.063,0.0,0.012,0.6,0.6,-26.306879,2.0733197,0.69110656,0.16000001,0.0,0.12952639,0.0,0.0
hardzero_only__c0p58__z1p00__lam0p000__nu0p50__psi0p00,0.063,borrow,41,234,0.0,2,-0.6,-0.6,-0.61200005,1.0385511,0.0,0.09150585,0.0,0.0,0.063,0.0,0.012,0.6,0.6,-26.91575,2.284858,0.7616193,0.07,0.0,0.16546288,0.0,0.0
hardzero_only__c0p58__z1p00__lam0p000__nu0p50__psi0p00,0.063,borrow,41,235,0.0,2,-0.6,-0.6,-0.605661,0.9973163,0.10061984,0.10061984,1.0,0.00633905,0.063,0.0,0.012,0.6,0.6,-27.27738,2.1941397,0.7313799,0.112,0.0,0.16443598,0.0,0.0
hardzero_only__c0p58__z1p00__lam0p000__nu0p50__psi0p00,0.063,borrow,41,236,0.0,2,-0.6,-0.6,-0.61200005,1.043205,0.0,0.09053051,0.0,0.0,0.063,0.0,0.012,0.6,0.6,-28.44956,2.2950969,0.7650323,0.128,0.0,0.1761958,0.0,0.0
hardzero_only__c0p58__z1p00__lam0p000__nu0p50__psi0p00,0.063,borrow,41,237,0.0,2,-0.6,-0.6,-0.61200005,1.038059,0.0,0.0916096,0.0,0.0,0.063,0.0,0.012,0.6,0.6,-27.964272,2.2837753,0.7612585,0.15200001,0.0,0.17988984,0.0,0.0
hardzero_only__c0p58__z1p00__lam0p000__nu0p50__psi0p00,0.063,borrow,41,238,0.0,2,-0.6,-0.6,-0.60566074,0.99729985,0.10062366,0.10062366,1.0,0.0063392906,0.063,0.0,0.012,0.6,0.6,-26.83183,2.1941035,0.7313678,0.16000001,0.0,0.15112951,0.0,0.0
hardzero_only__c0p58__z1p00__lam0p000__nu0p50__psi0p00,0.063,borrow,41,239,0.0,2,-0.6,-0.6,-0.61200005,1.0372907,0.0,0.09177181,0.0,0.0,0.063,0.0,0.012,0.6,0.6,-27.996458,2.2820852,0.7606951,0.112,0.0,0.16334645,0.0,0.0
hardzero_only__c0p58__z1p00__lam0p000__nu0p50__psi0p00,0.063,borrow,41,240,0.0,2,-0.6,-0.6,-0.60555774,0.9903001,0.10225861,0.10225861,1.0,0.0064422926,0.063,0.0,0.012,0.6,0.6,-26.34696,2.1787038,0.7262346,0.15200001,0.0,0.15629755,0.0,0.0
hardzero_only__c0p58__z1p00__lam0p000__nu0p50__psi0p00,0.063,borrow,41,241,0.0,2,-0.6,-0.6,-0.61200005,1.0214646,0.0,0.095177755,0.0,0.0,0.063,0.0,0.012,0.6,0.6,-27.688257,2.247267,0.749089,0.112,0.0,0.18553819,0.0,0.0
hardzero_only__c0p58__z1p00__lam0p000__nu0p50__psi0p00,0.063,borrow,41,242,0.0,2,-0.6,-0.6,-0.605473,0.98462087,0.10360463,0.10360463,1.0,0.006527092,0.063,0.0,0.012,0.6,0.6,-26.152433,2.1662092,0.72206974,0.17600001,0.0,0.14837049,0.0,0.0
hardzero_only__c0p58__z1p00__lam0p000__nu0p50__psi0p00,0.063,borrow,41,243,0.0,2,-0.6,-0.6,-0.61200005,1.046768,0.0,0.08979084,0.0,0.0,0.063,0.0,0.012,0.6,0.6,-28.340176,2.3029354,0.7676451,0.16000001,0.0,0.16026138,0.0,0.0
hardzero_only__c0p58__z1p00__lam0p000__nu0p50__psi0p00,0.063,borrow,41,244,0.0,2,-0.6,-0.6,-0.60554826,0.9896623,0.1024089,0.1024089,1.0,0.006451761,0.063,0.0,0.012,0.6,0.6,-26.129213,2.1773005,0.72576684,0.14400001,0.0,0.1637919,0.0,0.0
hardzero_only__c0p58__z1p00__lam0p000__nu0p50__psi0p00,0.063,borrow,41,245,0.0,2,-0.6,-0.6,-0.60545474,0.98341215,0.10389337,0.10389337,1.0,0.0065452824,0.063,0.0,0.012,0.6,0.6,-25.937399,2.16355,0.7211833,0.17600001,0.0,0.15212044,0.0,0.0
hardzero_only__c0p58__z1p00__lam0p000__nu0p50__psi0p00,0.063,borrow,41,246,0.0,2,-0.6,-0.6,-0.6052376,0.9692355,0.10734072,0.10734072,1.0,0.0067624655,0.063,0.0,0.012,0.6,0.6,-26.811527,2.1323607,0.71078694,0.208,0.0,0.14688896,0.0,0.0
hardzero_only__c0p58__z1p00__lam0p000__nu0p50__psi0p00,0.063,borrow,41,247,0.0,2,-0.6,-0.6,-0.60506433,0.9582491,0.110090755,0.110090755,1.0,0.0069357175,0.063,0.0,0.012,0.6,0.6,-26.190416,2.10819,0.70273006,0.14,0.0,0.12556763,0.0,0.0
hardzero_only__c0p58__z1p00__lam0p000__nu0p50__psi0p00,0.063,borrow,41,248,0.0,2,-0.6,-0.6,-0.61200005,1.0111954,0.0,0.097455114,0.0,0.0,0.063,0.0,0.012,0.6,0.6,-27.377674,2.2246745,0.7415582,0.08800001,0.0,0.13838911,0.0,0.0
hardzero_only__c0p58__z1p00__lam0p000__nu0p50__psi0p00,0.063,borrow,41,249,0.0,2,-0.6,-0.6,-0.6055859,0.9922017,0.10181184,0.10181184,1.0,0.006414146,0.063,0.0,0.012,0.6,0.6,-27.167717,2.1828873,0.7276291,0.136,0.0,0.1471404,0.0,0.0
hardzero_only__c0p58__z1p00__lam0p000__nu0p50__psi0p00,0.063,borrow,41,250,0.0,2,-0.6,-0.6,-0.61200005,1.0658178,0.0,0.08593738,0.0,0.0,0.063,0.0,0.012,0.6,0.6,-28.431667,2.344846,0.7816154,0.15200001,0.0,0.17798643,0.0,0.0
hardzero_only__c0p58__z1p00__lam0p000__nu0p50__psi0p00,0.063,borrow,41,251,0.0,2,-0.6,-0.6,-0.60482985,0.9438087,0.11381284,0.11381284,1.0,0.007170209,0.063,0.0,0.012,0.6,0.6,-26.204426,2.0764205,0.6921402,0.256,0.0,0.143212,0.0,0.0
hardzero_only__c0p58__z1p00__lam0p000__nu0p50__psi0p00,0.063,borrow,41,252,0.0,2,-0.6,-0.6,-0.61200005,1.027846,0.0,0.093789466,0.0,0.0,0.063,0.0,0.012,0.6,0.6,-27.748198,2.2613063,0.7537688,0.14400001,0.0,0.17957157,0.0,0.0
hardzero_only__c0p58__z1p00__lam0p000__nu0p50__psi0p00,0.063,borrow,41,253,0.0,2,-0.6,-0.6,-0.61200005,1.0622271,0.0,0.08665084,0.0,0.0,0.063,0.0,0.012,0.6,0.6,-27.936638,2.3369462,0.7789821,0.112,0.0,0.17180595,0.0,0.0
hardzero_only__c0p58__z1p00__lam0p000__nu0p50__psi0p00,0.063,borrow,41,254,0.0,2,-0.6,-0.6,-0.61200005,1.0636395,0.0,0.08636951,0.0,0.0,0.063,0.0,0.012,0.6,0.6,-28.30311,2.3400538,0.780018,0.15200001,0.0,0.1781288,0.0,0.0
hardzero_only__c0p58__z1p00__lam0p000__nu0p50__psi0p00,0.063,borrow,41,255,0.0,2,-0.6,-0.6,-0.60531145,0.9740052,0.106168285,0.106168285,1.0,0.0066886023,0.063,0.0,0.012,0.6,0.6,-25.755892,2.1428542,0.7142848,0.2,0.0,0.11742176,0.0,0.0
hardzero_only__c0p58__z1p00__lam0p000__nu0p50__psi0p00,0.063,borrow,41,256,0.0,2,-0.6,-0.6,-0.61200005,1.0432681,0.0,0.090517364,0.0,0.0,0.063,0.0,0.012,0.6,0.6,-27.817621,2.2952356,0.76507854,0.16000001,0.0,0.16702676,0.0,0.0
hardzero_only__c0p58__z1p00__lam0p000__nu0p50__psi0p00,0.063,borrow,41,257,0.0,2,-0.6,-0.6,-0.61200005,1.0107156,0.0,0.09756282,0.0,0.0,0.063,0.0,0.012,0.6,0.6,-27.137758,2.2236187,0.7412063,0.17600001,0.0,0.16404322,0.0,0.0
hardzero_only__c0p58__z1p00__lam0p000__nu0p50__psi0p00,0.063,borrow,41,258,0.0,2,-0.6,-0.6,-0.61200005,1.0092347,0.0,0.09789608,0.0,0.0,0.063,0.0,0.012,0.6,0.6,-27.129223,2.2203605,0.7401202,0.14400001,0.0,0.16931576,0.0,0.0
hardzero_only__c0p58__z1p00__lam0p000__nu0p50__psi0p00,0.063,borrow,41,259,0.0,2,-0.6,-0.6,-0.61200005,1.0034977,0.0,0.09919785,0.0,0.0,0.063,0.0,0.012,0.6,0.6,-26.346386,2.207739,0.73591304,0.15200001,0.0,0.13490216,0.0,0.0
hardzero_only__c0p58__z1p00__lam0p000__nu0p50__psi0p00,0.063,borrow,41,260,0.0,2,-0.6,-0.6,-0.61200005,1.0449287,0.0,0.09017191,0.0,0.0,0.063,0.0,0.012,0.6,0.6,-28.17771,2.298889,0.7662963,0.13,0.0,0.1783862,0.0,0.0
hardzero_only__c0p58__z1p00__lam0p000__nu0p50__psi0p00,0.063,borrow,41,261,0.0,2,-0.6,-0.6,-0.61200005,1.0797086,0.0,0.0832322,0.0,0.0,0.063,0.0,0.012,0.6,0.6,-28.00697,2.3754063,0.7918021,0.08800001,0.0,0.16855307,0.0,0.0
hardzero_only__c0p58__z1p00__lam0p000__nu0p50__psi0p00,0.063,borrow,41,262,0.0,2,-0.6,-0.6,-0.61200005,1.0278323,0.0,0.09379241,0.0,0.0,0.063,0.0,0.012,0.6,0.6,-26.797237,2.2612762,0.7537588,0.14400001,0.0,0.14502533,0.0,0.0
hardzero_only__c0p58__z1p00__lam0p000__nu0p50__psi0p00,0.063,borrow,41,263,0.0,2,-0.6,-0.6,-0.6054986,0.9863329,0.10319699,0.10319699,1.0,0.0065014106,0.063,0.0,0.012,0.6,0.6,-27.51894,2.1699758,0.72332525,0.192,0.0,0.15577845,0.0,0.0
hardzero_only__c0p58__z1p00__lam0p000__nu0p50__psi0p00,0.063,borrow,41,264,0.0,2,-0.6,-0.6,-0.60535425,0.9767944,0.1054886,0.1054886,1.0,0.006645782,0.063,0.0,0.012,0.6,0.6,-26.10151,2.1489906,0.71633023,0.192,0.0,0.15043056,0.0,0.0
hardzero_only__c0p58__z1p00__lam0p000__nu0p50__psi0p00,0.063,borrow,41,265,0.0,2,-0.6,-0.6,-0.6053484,0.97641003,0.10558202,0.10558202,1.0,0.0066516674,0.063,0.0,0.012,0.6,0.6,-26.471401,2.148145,0.71604836,0.120000005,0.0,0.13056387,0.0,0.0
hardzero_only__c0p58__z1p00__lam0p000__nu0p50__psi0p00,0.063,borrow,41,266,0.0,2,-0.6,-0.6,-0.60503656,0.95651525,0.11053115,0.11053115,1.0,0.0069634626,0.063,0.0,0.012,0.6,0.6,-26.752123,2.1043756,0.7014586,0.15200001,0.0,0.13614462,0.0,0.0
hardzero_only__c0p58__z1p00__lam0p000__nu0p50__psi0p00,0.063,borrow,41,267,0.0,2,-0.6,-0.6,-0.6055581,0.9903241,0.102252975,0.102252975,1.0,0.0064419378,0.063,0.0,0.012,0.6,0.6,-26.771954,2.1787565,0.7262522,0.128,0.0,0.14319201,0.0,0.0
hardzero_only__c0p58__z1p00__lam0p000__nu0p50__psi0p00,0.063,borrow,41,268,0.0,2,-0.6,-0.6,-0.60527396,0.97157794,0.10676331,0.10676331,1.0,0.0067260885,0.063,0.0,0.012,0.6,0.6,-26.206915,2.137514,0.71250474,0.16000001,0.0,0.13172552,0.0,0.0
hardzero_only__c0p58__z1p00__lam0p000__nu0p50__psi0p00,0.063,borrow,41,269,0.0,2,-0.6,-0.6,-0.60541916,0.9810553,0.10445871,0.10445871,1.0,0.006580899,0.063,0.0,0.012,0.6,0.6,-26.020369,2.1583648,0.71945494,0.17600001,0.0,0.13683388,0.0,0.0
hardzero_only__c0p58__z1p00__lam0p000__nu0p50__psi0p00,0.063,borrow,41,270,0.0,2,-0.6,-0.6,-0.61200005,1.0019598,0.0,0.099549755,0.0,0.0,0.063,0.0,0.012,0.6,0.6,-27.983938,2.2043555,0.7347852,0.14400001,0.0,0.1609177,0.0,0.0
hardzero_only__c0p58__z1p00__lam0p000__nu0p50__psi0p00,0.063,borrow,41,271,0.0,2,-0.6,-0.6,-0.6056649,0.99758554,0.10055749,0.10055749,1.0,0.006335122,0.063,0.0,0.012,0.6,0.6,-26.423538,2.194732,0.73157734,0.16800001,0.0,0.13482577,0.0,0.0
hardzero_only__c0p58__z1p00__lam0p000__nu0p50__psi0p00,0.063,borrow,41,272,0.0,2,-0.6,-0.6,-0.605583,0.9920048,0.10185799,0.10185799,1.0,0.0064170533,0.063,0.0,0.012,0.6,0.6,-26.292439,2.182454,0.7274847,0.16800001,0.0,0.14346975,0.0,0.0
hardzero_only__c0p58__z1p00__lam0p000__nu0p50__psi0p00,0.063,borrow,41,273,0.0,2,-0.6,-0.6,-0.61200005,1.0207901,0.0,0.095325686,0.0,0.0,0.063,0.0,0.012,0.6,0.6,-26.544786,2.245783,0.7485944,0.089999996,0.0,0.15333459,0.0,0.0
hardzero_only__c0p58__z1p00__lam0p000__nu0p50__psi0p00,0.063,borrow,41,274,0.0,2,-0.6,-0.6,-0.6049795,0.9529708,0.11143695,0.11143695,1.0,0.007020528,0.063,0.0,0.012,0.6,0.6,-26.032806,2.0965776,0.6988592,0.208,0.0,0.1367887,0.0,0.0
hardzero_only__c0p58__z1p00__lam0p000__nu0p50__psi0p00,0.063,borrow,41,275,0.0,2,-0.6,-0.6,-0.61200005,1.006752,0.0,0.098457314,0.0,0.0,0.063,0.0,0.012,0.6,0.6,-26.49581,2.2148986,0.73829955,0.128,0.0,0.16387948,0.0,0.0
hardzero_only__c0p58__z1p00__lam0p000__nu0p50__psi0p00,0.063,borrow,41,276,0.0,2,-0.6,-0.6,-0.60549736,0.9862484,0.103217095,0.103217095,1.0,0.006502677,0.063,0.0,0.012,0.6,0.6,-26.398556,2.1697898,0.72326326,0.14400001,0.0,0.14842972,0.0,0.0
hardzero_only__c0p58__z1p00__lam0p000__nu0p50__psi0p00,0.063,borrow,41,277,0.0,2,-0.6,-0.6,-0.6055751,0.9914703,0.10198345,0.10198345,1.0,0.0064249574,0.063,0.0,0.012,0.6,0.6,-26.261705,2.1812782,0.72709274,0.15200001,0.0,0.14362536,0.0,0.0
hardzero_only__c0p58__z1p00__lam0p000__nu0p50__psi0p00,0.063,borrow,41,278,0.0,2,-0.6,-0.6,-0.61200005,1.0130067,0.0,0.097049505,0.0,0.0,0.063,0.0,0.012,0.6,0.6,-26.179323,2.2286592,0.7428864,0.15200001,0.0,0.13758236,0.0,0.0
hardzero_only__c0p58__z1p00__lam0p000__nu0p50__psi0p00,0.063,borrow,41,279,0.0,2,-0.6,-0.6,-0.61200005,1.0190306,0.0,0.09571268,0.0,0.0,0.063,0.0,0.012,0.6,0.6,-27.626516,2.2419121,0.7473041,0.17600001,0.0,0.15560877,0.0,0.0
hardzero_only__c0p58__z1p00__lam0p000__nu0p50__psi0p00,0.063,borrow,41,280,0.0,2,-0.6,-0.6,-0.6054758,0.9848084,0.103559904,0.103559904,1.0,0.006524274,0.063,0.0,0.012,0.6,0.6,-27.440536,2.1666217,0.72220725,0.14400001,0.0,0.16032188,0.0,0.0
hardzero_only__c0p58__z1p00__lam0p000__nu0p50__psi0p00,0.063,borrow,41,281,0.0,2,-0.6,-0.6,-0.61200005,1.0173638,0.0,0.096080706,0.0,0.0,0.063,0.0,0.012,0.6,0.6,-27.446262,2.238245,0.7460817,0.16800001,0.0,0.15080835,0.0,0.0
hardzero_only__c0p58__z1p00__lam0p000__nu0p50__psi0p00,0.063,borrow,41,282,0.0,2,-0.6,-0.6,-0.61200005,1.0644577,0.0,0.086206965,0.0,0.0,0.063,0.0,0.012,0.6,0.6,-28.774588,2.3418536,0.7806179,0.096,0.0,0.16769175,0.0,0.0
hardzero_only__c0p58__z1p00__lam0p000__nu0p50__psi0p00,0.063,borrow,41,283,0.0,2,-0.6,-0.6,-0.6056392,0.9958286,0.10096511,0.10096511,1.0,0.0063608023,0.063,0.0,0.012,0.6,0.6,-26.595793,2.1908667,0.7302889,0.096,0.0,0.18647821,0.0,0.0
hardzero_only__c0p58__z1p00__lam0p000__nu0p50__psi0p00,0.063,borrow,41,284,0.0,2,-0.6,-0.6,-0.6055589,0.9903749,0.102241,0.102241,1.0,0.0064411834,0.063,0.0,0.012,0.6,0.6,-26.539717,2.1788683,0.72628945,0.16000001,0.0,0.15546896,0.0,0.0
hardzero_only__c0p58__z1p00__lam0p000__nu0p50__psi0p00,0.063,borrow,41,285,0.0,2,-0.6,-0.6,-0.61200005,1.0315151,0.0,0.09300041,0.0,0.0,0.063,0.0,0.012,0.6,0.6,-27.365,2.2693787,0.7564596,0.16000001,0.0,0.15548496,0.0,0.0
hardzero_only__c0p58__z1p00__lam0p000__nu0p50__psi0p00,0.063,borrow,41,286,0.0,2,-0.6,-0.6,-0.61200005,1.0304697,0.0,0.09322456,0.0,0.0,0.063,0.0,0.012,0.6,0.6,-28.246723,2.2670784,0.75569284,0.14999999,0.0,0.15608664,0.0,0.0
hardzero_only__c0p58__z1p00__lam0p000__nu0p50__psi0p00,0.063,borrow,41,287,0.0,2,-0.6,-0.6,-0.6049049,0.94837904,0.11262141,0.11262141,1.0,0.0070951493,0.063,0.0,0.012,0.6,0.6,-26.194332,2.0864756,0.6954919,0.24000001,0.0,0.14709944,0.0,0.0
hardzero_only__c0p58__z1p00__lam0p000__nu0p50__psi0p00,0.063,borrow,41,288,0.0,2,-0.6,-0.6,-0.61200005,1.0033733,0.0,0.09922628,0.0,0.0,0.063,0.0,0.012,0.6,0.6,-27.014267,2.2074652,0.7358217,0.216,0.0,0.16443619,0.0,0.0
hardzero_only__c0p58__z1p00__lam0p000__nu0p50__psi0p00,0.063,borrow,41,289,0.0,2,-0.6,-0.6,-0.60550076,0.98647404,0.103163466,0.103163466,1.0,0.0064992984,0.063,0.0,0.012,0.6,0.6,-26.389912,2.1702862,0.7234287,0.128,0.0,0.15886924,0.0,0.0
hardzero_only__c0p58__z1p00__lam0p000__nu0p50__psi0p00,0.063,borrow,41,290,0.0,2,-0.6,-0.6,-0.61200005,1.0445013,0.0,0.0902607,0.0,0.0,0.063,0.0,0.012,0.6,0.6,-27.909399,2.2979488,0.765983,0.136,0.0,0.17697081,0.0,0.0
hardzero_only__c0p58__z1p00__lam0p000__nu0p50__psi0p00,0.063,borrow,41,291,0.0,2,-0.6,-0.6,-0.61200005,1.059924,0.0,0.087111585,0.0,0.0,0.063,0.0,0.012,0.6,0.6,-28.425085,2.3318794,0.77729315,0.17600001,0.008,0.19291292,0.0,0.0
hardzero_only__c0p58__z1p00__lam0p000__nu0p50__psi0p00,0.063,borrow,41,292,0.0,2,-0.6,-0.6,-0.605482,0.9852204,0.103461705,0.103461705,1.0,0.0065180873,0.063,0.0,0.012,0.6,0.6,-26.955603,2.1675282,0.7225094,0.136,0.0,0.14565113,0.0,0.0
hardzero_only__c0p58__z1p00__lam0p000__nu0p50__psi0p00,0.063,borrow,41,293,0.0,2,-0.6,-0.6,-0.60498786,0.9534882,0.11130426,0.11130426,1.0,0.0070121684,0.063,0.0,0.012,0.6,0.6,-26.687653,2.0977159,0.69923866,0.16800001,0.0,0.16248858,0.0,0.0
hardzero_only__c0p58__z1p00__lam0p000__nu0p50__psi0p00,0.063,borrow,41,294,0.0,2,-0.6,-0.6,-0.61200005,1.0248197,0.0,0.094445266,0.0,0.0,0.063,0.0,0.012,0.6,0.6,-27.627989,2.2546484,0.7515495,0.2,0.0,0.14616305,0.0,0.0
hardzero_only__c0p58__z1p00__lam0p000__nu0p50__psi0p00,0.063,borrow,41,295,0.0,2,-0.6,-0.6,-0.61200005,1.0168884,0.0,0.09618594,0.0,0.0,0.063,0.0,0.012,0.6,0.6,-27.23463,2.237199,0.745733,0.14400001,0.0,0.12066386,0.0,0.0
hardzero_only__c0p58__z1p00__lam0p000__nu0p50__psi0p00,0.063,borrow,41,296,0.0,2,-0.6,-0.6,-0.61200005,1.0060378,0.0,0.09861935,0.0,0.0,0.063,0.0,0.012,0.6,0.6,-26.85044,2.2133274,0.7377758,0.136,0.0,0.1547756,0.0,0.0
hardzero_only__c0p58__z1p00__lam0p000__nu0p50__psi0p00,0.063,borrow,41,297,0.0,2,-0.6,-0.6,-0.61200005,1.0248244,0.0,0.094444275,0.0,0.0,0.063,0.0,0.012,0.6,0.6,-27.388235,2.2546587,0.75155294,0.136,0.0,0.14887802,0.0,0.0
hardzero_only__c0p58__z1p00__lam0p000__nu0p50__psi0p00,0.063,borrow,41,298,0.0,2,-0.6,-0.6,-0.61200005,1.0334067,0.0,0.09259621,0.0,0.0,0.063,0.0,0.012,0.6,0.6,-27.099876,2.2735403,0.7578468,0.128,0.0,0.15724955,0.0,0.0
hardzero_only__c0p58__z1p00__lam0p000__nu0p50__psi0p00,0.063,borrow,41,299,0.0,2,-0.6,-0.6,-0.61200005,1.0114138,0.0,0.0974061,0.0,0.0,0.063,0.0,0.012,0.6,0.6,-27.01606,2.2251549,0.7417183,0.14999999,0.0,0.14139049,0.0,0.0
hardzero_only__c0p58__z1p00__lam0p000__nu0p50__psi0p00,0.063,borrow,41,300,0.0,2,-0.6,-0.6,-0.61200005,1.0351791,0.0,0.09221909,0.0,0.0,0.063,0.0,0.012,0.6,0.6,-27.503355,2.2774396,0.7591466,0.15200001,0.0,0.17553487,0.0,0.0
hardzero_only__c0p58__z1p00__lam0p000__nu0p50__psi0p00,0.063,borrow,41,301,0.0,2,-0.6,-0.6,-0.60567516,0.9982896,0.100394614,0.100394614,1.0,0.0063248607,0.063,0.0,0.012,0.6,0.6,-26.8937,2.196281,0.7320937,0.192,0.0,0.14579542,0.0,0.0
hardzero_only__c0p58__z1p00__lam0p000__nu0p50__psi0p00,0.063,borrow,41,302,0.0,2,-0.6,-0.6,-0.61200005,1.0672954,0.0,0.0856455,0.0,0.0,0.063,0.0,0.012,0.6,0.6,-28.296207,2.3480968,0.782699,0.136,0.0,0.13892198,0.0,0.0
hardzero_only__c0p58__z1p00__lam0p000__nu0p50__psi0p00,0.063,borrow,41,303,0.0,2,-0.6,-0.6,-0.61200005,1.0325935,0.0,0.092769764,0.0,0.0,0.063,0.0,0.012,0.6,0.6,-27.5509,2.271751,0.7572503,0.16800001,0.0,0.17374784,0.0,0.0
hardzero_only__c0p58__z1p00__lam0p000__nu0p50__psi0p00,0.063,borrow,41,304,0.0,2,-0.6,-0.6,-0.61200005,1.0341656,0.0,0.092434555,0.0,0.0,0.063,0.0,0.012,0.6,0.6,-27.476948,2.2752097,0.75840324,0.16000001,0.0,0.14720167,0.0,0.0
hardzero_only__c0p58__z1p00__lam0p000__nu0p50__psi0p00,0.063,borrow,41,305,0.0,2,-0.6,-0.6,-0.61200005,1.0332712,0.0,0.09262511,0.0,0.0,0.063,0.0,0.012,0.6,0.6,-27.166624,2.273242,0.75774735,0.16800001,0.0,0.1379243,0.0,0.0
hardzero_only__c0p58__z1p00__lam0p000__nu0p50__psi0p00,0.063,borrow,41,306,0.0,2,-0.6,-0.6,-0.61200005,1.0686249,0.0,0.085383736,0.0,0.0,0.063,0.0,0.012,0.6,0.6,-26.52454,2.3510215,0.7836739,0.14400001,0.0,0.15150827,0.0,0.0
hardzero_only__c0p58__z1p00__lam0p000__nu0p50__psi0p00,0.063,borrow,41,307,0.0,2,-0.6,-0.6,-0.61200005,1.0752891,0.0,0.08408351,0.0,0.0,0.063,0.0,0.012,0.6,0.6,-28.113033,2.3656833,0.7885611,0.15200001,0.0,0.17900488,0.0,0.0
hardzero_only__c0p58__z1p00__lam0p000__nu0p50__psi0p00,0.063,borrow,41,308,0.0,2,-0.6,-0.6,-0.61200005,1.0409045,0.0,0.09101134,0.0,0.0,0.063,0.0,0.012,0.6,0.6,-28.09069,2.2900357,0.76334524,0.136,0.0,0.15627646,0.0,0.0
hardzero_only__c0p58__z1p00__lam0p000__nu0p50__psi0p00,0.063,borrow,41,309,0.0,2,-0.6,-0.6,-0.61200005,1.0181524,0.0,0.09590641,0.0,0.0,0.063,0.0,0.012,0.6,0.6,-27.381287,2.23998,0.74666,0.15200001,0.0,0.15237425,0.0,0.0
hardzero_only__c0p58__z1p00__lam0p000__nu0p50__psi0p00,0.063,borrow,41,310,0.0,2,-0.6,-0.6,-0.60565007,0.99656856,0.10079324,0.10079324,1.0,0.0063499743,0.063,0.0,0.012,0.6,0.6,-27.896515,2.1924946,0.73083156,0.16800001,0.0,0.17667982,0.0,0.0
hardzero_only__c0p58__z1p00__lam0p000__nu0p50__psi0p00,0.063,borrow,41,311,0.0,2,-0.6,-0.6,-0.6055739,0.9913896,0.1020024,0.1020024,1.0,0.006426151,0.063,0.0,0.012,0.6,0.6,-27.118622,2.1811006,0.72703356,0.208,0.0,0.15331842,0.0,0.0
hardzero_only__c0p58__z1p00__lam0p000__nu0p50__psi0p00,0.063,borrow,41,312,0.0,2,-0.6,-0.6,-0.6055851,0.9921463,0.10182483,0.10182483,1.0,0.0064149643,0.063,0.0,0.012,0.6,0.6,-26.177607,2.1827655,0.72758853,0.19,0.0,0.12925588,0.0,0.0
hardzero_only__c0p58__z1p00__lam0p000__nu0p50__psi0p00,0.063,borrow,41,313,0.0,2,-0.6,-0.6,-0.60501695,0.9552904,0.11084334,0.11084334,1.0,0.0069831302,0.063,0.0,0.012,0.6,0.6,-26.048506,2.1016808,0.7005603,0.17600001,0.0,0.18107292,0.0,0.0
hardzero_only__c0p58__z1p00__lam0p000__nu0p50__psi0p00,0.063,borrow,41,314,0.0,2,-0.6,-0.6,-0.61200005,1.0555351,0.0,0.087996416,0.0,0.0,0.063,0.0,0.012,0.6,0.6,-28.656446,2.3222237,0.77407455,0.17600001,0.0,0.17274706,0.0,0.0
hardzero_only__c0p58__z1p00__lam0p000__nu0p50__psi0p00,0.063,borrow,41,315,0.0,2,-0.6,-0.6,-0.61200005,1.0029396,0.0,0.09932541,0.0,0.0,0.063,0.0,0.012,0.6,0.6,-27.036814,2.206511,0.7355037,0.16000001,0.0,0.16361699,0.0,0.0
hardzero_only__c0p58__z1p00__lam0p000__nu0p50__psi0p00,0.063,borrow,41,316,0.0,2,-0.6,-0.6,-0.605622,0.99465257,0.1012389,0.1012389,1.0,0.006378051,0.063,0.0,0.012,0.6,0.6,-27.230598,2.1882794,0.7294265,0.23200001,0.0,0.16066816,0.0,0.0
hardzero_only__c0p58__z1p00__lam0p000__nu0p50__psi0p00,0.063,borrow,41,317,0.0,2,-0.6,-0.6,-0.61200005,1.042345,0.0,0.09070994,0.0,0.0,0.063,0.0,0.012,0.6,0.6,-27.401775,2.293205,0.7644017,0.104,0.0,0.14928403,0.0,0.0
hardzero_only__c0p58__z1p00__lam0p000__nu0p50__psi0p00,0.063,borrow,41,318,0.0,2,-0.6,-0.6,-0.61200005,1.0691963,0.0,0.085271455,0.0,0.0,0.063,0.0,0.012,0.6,0.6,-28.26823,2.352279,0.784093,0.15200001,0.0,0.17385453,0.0,0.0
hardzero_only__c0p58__z1p00__lam0p000__nu0p50__psi0p00,0.063,borrow,41,319,0.0,2,-0.6,-0.6,-0.61200005,1.0353048,0.0,0.09219241,0.0,0.0,0.063,0.0,0.012,0.6,0.6,-28.1034,2.277716,0.75923866,0.16000001,0.0,0.17417672,0.0,0.0
hardzero_only__c0p58__z1p00__lam0p000__nu0p50__psi0p00,0.063,borrow,41,320,0.0,2,-0.6,-0.6,-0.61200005,1.0013556,0.0,0.09968834,0.0,0.0,0.063,0.0,0.012,0.6,0.6,-26.852182,2.2030265,0.7343422,0.18400002,0.0,0.13145933,0.0,0.0
hardzero_only__c0p58__z1p00__lam0p000__nu0p50__psi0p00,0.063,borrow,41,321,0.0,2,-0.6,-0.6,-0.61200005,1.0654954,0.0,0.08600123,0.0,0.0,0.063,0.0,0.012,0.6,0.6,-28.582306,2.3441367,0.7813789,0.136,0.0,0.18677303,0.0,0.0
hardzero_only__c0p58__z1p00__lam0p000__nu0p50__psi0p00,0.063,borrow,41,322,0.0,2,-0.6,-0.6,-0.61200005,1.003879,0.0,0.09911081,0.0,0.0,0.063,0.0,0.012,0.6,0.6,-26.772898,2.2085779,0.73619264,0.17600001,0.0,0.13411176,0.0,0.0
hardzero_only__c0p58__z1p00__lam0p000__nu0p50__psi0p00,0.063,borrow,41,323,0.0,2,-0.6,-0.6,-0.6053538,0.97676265,0.10549632,0.10549632,1.0,0.006646268,0.063,0.0,0.012,0.6,0.6,-26.566292,2.1489208,0.7163069,0.264,0.0,0.14599894,0.0,0.0
hardzero_only__c0p58__z1p00__lam0p000__nu0p50__psi0p00,0.063,borrow,41,324,0.0,2,-0.6,-0.6,-0.61200005,1.0596778,0.0,0.08716099,0.0,0.0,0.063,0.0,0.012,0.6,0.6,-28.202877,2.3313377,0.7771126,0.120000005,0.0,0.21180801,0.0,0.0
hardzero_only__c0p58__z1p00__lam0p000__nu0p50__psi0p00,0.063,borrow,41,325,0.0,2,-0.6,-0.6,-0.6053597,0.9771494,0.10540242,0.10540242,1.0,0.0066403523,0.063,0.0,0.012,0.6,0.6,-26.696207,2.1497717,0.7165906,0.17999999,0.0,0.12630604,0.0,0.0
hardzero_only__c0p58__z1p00__lam0p000__nu0p50__psi0p00,0.063,borrow,41,326,0.0,2,-0.6,-0.6,-0.60538316,0.9786866,0.105030015,0.105030015,1.0,0.006616891,0.063,0.0,0.012,0.6,0.6,-26.907091,2.1531534,0.7177178,0.18400002,0.0,0.16581368,0.0,0.0
hardzero_only__c0p58__z1p00__lam0p000__nu0p50__psi0p00,0.063,borrow,41,327,0.0,2,-0.6,-0.6,-0.60484123,0.9445001,0.11363181,0.11363181,1.0,0.0071588038,0.063,0.0,0.012,0.6,0.6,-25.553669,2.0779417,0.6926472,0.136,0.0,0.15105711,0.0,0.0
hardzero_only__c0p58__z1p00__lam0p000__nu0p50__psi0p00,0.063,borrow,41,328,0.0,2,-0.6,-0.6,-0.61200005,1.0710274,0.0,0.084912695,0.0,0.0,0.063,0.0,0.012,0.6,0.6,-28.154343,2.3563073,0.7854358,0.120000005,0.0,0.16415393,0.0,0.0
hardzero_only__c0p58__z1p00__lam0p000__nu0p50__psi0p00,0.063,borrow,41,329,0.0,2,-0.6,-0.6,-0.6052894,0.9725747,0.106518544,0.106518544,1.0,0.0067106686,0.063,0.0,0.012,0.6,0.6,-26.972942,2.139707,0.71323574,0.216,0.0,0.1478374,0.0,0.0
hardzero_only__c0p58__z1p00__lam0p000__nu0p50__psi0p00,0.063,borrow,41,330,0.0,2,-0.6,-0.6,-0.61200005,1.0012367,0.0,0.099715635,0.0,0.0,0.063,0.0,0.012,0.6,0.6,-27.18466,2.2027647,0.73425496,0.16800001,0.0,0.14171517,0.0,0.0
hardzero_only__c0p58__z1p00__lam0p000__nu0p50__psi0p00,0.063,borrow,41,331,0.0,2,-0.6,-0.6,-0.6056276,0.995032,0.1011505,0.1011505,1.0,0.0063724816,0.063,0.0,0.012,0.6,0.6,-27.237474,2.189114,0.72970474,0.15200001,0.0,0.1620719,0.0,0.0
hardzero_only__c0p58__z1p00__lam0p000__nu0p50__psi0p00,0.063,borrow,41,332,0.0,2,-0.6,-0.6,-0.6049457,0.95088315,0.11197391,0.11197391,1.0,0.0070543564,0.063,0.0,0.012,0.6,0.6,-27.025373,2.0919847,0.69732827,0.208,0.0,0.15964283,0.0,0.0
hardzero_only__c0p58__z1p00__lam0p000__nu0p50__psi0p00,0.063,borrow,41,333,0.0,2,-0.6,-0.6,-0.6054105,0.98048484,0.10459601,0.10459601,1.0,0.0065895487,0.063,0.0,0.012,0.6,0.6,-26.858912,2.1571097,0.7190366,0.18400002,0.0,0.15257308,0.0,0.0
hardzero_only__c0p58__z1p00__lam0p000__nu0p50__psi0p00,0.063,borrow,41,334,0.0,2,-0.6,-0.6,-0.60540396,0.9800544,0.104699746,0.104699746,1.0,0.006596084,0.063,0.0,0.012,0.6,0.6,-27.130627,2.1561627,0.7187209,0.17600001,0.0,0.13088658,0.0,0.0
hardzero_only__c0p58__z1p00__lam0p000__nu0p50__psi0p00,0.063,borrow,41,335,0.0,2,-0.6,-0.6,-0.60482615,0.9435864,0.11387112,0.11387112,1.0,0.0071738805,0.063,0.0,0.012,0.6,0.6,-26.236515,2.0759315,0.6919772,0.208,0.0,0.16782692,0.0,0.0
hardzero_only__c0p58__z1p00__lam0p000__nu0p50__psi0p00,0.063,borrow,41,336,0.0,2,-0.6,-0.6,-0.60502744,0.95594424,0.11067658,0.11067658,1.0,0.0069726245,0.063,0.0,0.012,0.6,0.6,-26.072342,2.1031194,0.7010398,0.16800001,0.0,0.12925509,0.0,0.0
hardzero_only__c0p58__z1p00__lam0p000__nu0p50__psi0p00,0.063,borrow,41,337,0.0,2,-0.6,-0.6,-0.61200005,1.0041031,0.0,0.099059686,0.0,0.0,0.063,0.0,0.012,0.6,0.6,-26.8502,2.209071,0.736357,0.136,0.0,0.15266752,0.0,0.0
hardzero_only__c0p58__z1p00__lam0p000__nu0p50__psi0p00,0.063,borrow,41,338,0.0,2,-0.6,-0.6,-0.61200005,1.0143476,0.0,0.09675033,0.0,0.0,0.063,0.0,0.012,0.6,0.6,-27.983505,2.231609,0.7438697,0.14,0.0,0.14578156,0.0,0.0
hardzero_only__c0p58__z1p00__lam0p000__nu0p50__psi0p00,0.063,borrow,41,339,0.0,2,-0.6,-0.6,-0.60510856,0.9610264,0.109388985,0.109388985,1.0,0.0068915063,0.063,0.0,0.012,0.6,0.6,-26.595188,2.1143003,0.70476675,0.23200001,0.0,0.12738062,0.0,0.0
hardzero_only__c0p58__z1p00__lam0p000__nu0p50__psi0p00,0.063,borrow,41,340,0.0,2,-0.6,-0.6,-0.61200005,1.0031521,0.0,0.09927683,0.0,0.0,0.063,0.0,0.012,0.6,0.6,-27.246841,2.2069788,0.7356596,0.14400001,0.0,0.14816013,0.0,0.0
hardzero_only__c0p58__z1p00__lam0p000__nu0p50__psi0p00,0.063,borrow,41,341,0.0,2,-0.6,-0.6,-0.6054911,0.98583007,0.10331657,0.10331657,1.0,0.006508944,0.063,0.0,0.012,0.6,0.6,-27.0138,2.1688695,0.72295654,0.208,0.0,0.15212901,0.0,0.0
hardzero_only__c0p58__z1p00__lam0p000__nu0p50__psi0p00,0.063,borrow,41,342,0.0,2,-0.6,-0.6,-0.61200005,1.0228456,0.0,0.09487557,0.0,0.0,0.063,0.0,0.012,0.6,0.6,-27.093843,2.2503054,0.7501018,0.224,0.0,0.15887707,0.0,0.0
hardzero_only__c0p58__z1p00__lam0p000__nu0p50__psi0p00,0.063,borrow,41,343,0.0,2,-0.6,-0.6,-0.6054095,0.98041743,0.10461224,0.10461224,1.0,0.0065905713,0.063,0.0,0.012,0.6,0.6,-26.39649,2.1569614,0.71898717,0.15200001,0.0,0.1366996,0.0,0.0
hardzero_only__c0p58__z1p00__lam0p000__nu0p50__psi0p00,0.063,borrow,41,344,0.0,2,-0.6,-0.6,-0.61200005,1.0154574,0.0,0.096503384,0.0,0.0,0.063,0.0,0.012,0.6,0.6,-27.18394,2.234051,0.7446837,0.14400001,0.0,0.17808445,0.0,0.0
hardzero_only__c0p58__z1p00__lam0p000__nu0p50__psi0p00,0.063,borrow,41,345,0.0,2,-0.6,-0.6,-0.6054186,0.98102236,0.10446664,0.10446664,1.0,0.006581398,0.063,0.0,0.012,0.6,0.6,-26.115273,2.1582923,0.7194308,0.136,0.0,0.12648025,0.0,0.0
hardzero_only__c0p58__z1p00__lam0p000__nu0p50__psi0p00,0.063,borrow,41,346,0.0,2,-0.6,-0.6,-0.61200005,1.0160937,0.0,0.0963621,0.0,0.0,0.063,0.0,0.012,0.6,0.6,-26.72806,2.2354507,0.74515027,0.128,0.0,0.12617846,0.0,0.0
hardzero_only__c0p58__z1p00__lam0p000__nu0p50__psi0p00,0.063,borrow,41,347,0.0,2,-0.6,-0.6,-0.61200005,1.0446209,0.0,0.090235844,0.0,0.0,0.063,0.0,0.012,0.6,0.6,-27.452635,2.2982118,0.7660706,0.15200001,0.0,0.16598417,0.0,0.0
hardzero_only__c0p58__z1p00__lam0p000__nu0p50__psi0p00,0.063,borrow,41,348,0.0,2,-0.6,-0.6,-0.61200005,1.0165045,0.0,0.09627101,0.0,0.0,0.063,0.0,0.012,0.6,0.6,-27.647247,2.2363546,0.74545157,0.192,0.0,0.18149184,0.0,0.0
hardzero_only__c0p58__z1p00__lam0p000__nu0p50__psi0p00,0.063,borrow,41,349,0.0,2,-0.6,-0.6,-0.6051733,0.9651275,0.10836086,0.10836086,1.0,0.006826734,0.063,0.0,0.012,0.6,0.6,-26.237478,2.123323,0.70777434,0.216,0.0,0.13982846,0.0,0.0
hardzero_only__c0p58__z1p00__lam0p000__nu0p50__psi0p00,0.063,borrow,41,350,0.0,2,-0.6,-0.6,-0.61200005,1.0209355,0.0,0.09529376,0.0,0.0,0.063,0.0,0.012,0.6,0.6,-27.243126,2.246103,0.74870104,0.15200001,0.0,0.15395568,0.0,0.0
hardzero_only__c0p58__z1p00__lam0p000__nu0p50__psi0p00,0.063,borrow,41,351,0.0,2,-0.6,-0.6,-0.60524446,0.9696792,0.10723112,0.10723112,1.0,0.0067555606,0.063,0.0,0.012,0.6,0.6,-26.722782,2.1333368,0.71111226,0.16,0.0,0.14484155,0.0,0.0
hardzero_only__c0p58__z1p00__lam0p000__nu0p50__psi0p00,0.063,borrow,41,352,0.0,2,-0.6,-0.6,-0.61200005,1.0268993,0.0,0.09399411,0.0,0.0,0.063,0.0,0.012,0.6,0.6,-27.754087,2.2592237,0.7530746,0.104,0.0,0.1770041,0.0,0.0
hardzero_only__c0p58__z1p00__lam0p000__nu0p50__psi0p00,0.063,borrow,41,353,0.0,2,-0.6,-0.6,-0.60559493,0.9928116,0.10166897,0.10166897,1.0,0.006405145,0.063,0.0,0.012,0.6,0.6,-27.777431,2.1842291,0.7280764,0.23200001,0.0,0.16474316,0.0,0.0
hardzero_only__c0p58__z1p00__lam0p000__nu0p50__psi0p00,0.063,borrow,41,354,0.0,2,-0.6,-0.6,-0.61200005,1.0275675,0.0,0.09384961,0.0,0.0,0.063,0.0,0.012,0.6,0.6,-27.157803,2.2606936,0.75356454,0.136,0.0,0.13915303,0.0,0.0
hardzero_only__c0p58__z1p00__lam0p000__nu0p50__psi0p00,0.063,borrow,41,355,0.0,2,-0.6,-0.6,-0.61200005,1.033606,0.0,0.09255372,0.0,0.0,0.063,0.0,0.012,0.6,0.6,-27.462406,2.2739787,0.7579929,0.18400002,0.0,0.17122804,0.0,0.0
hardzero_only__c0p58__z1p00__lam0p000__nu0p50__psi0p00,0.063,borrow,41,356,0.0,2,-0.6,-0.6,-0.61200005,1.0173843,0.0,0.096076176,0.0,0.0,0.063,0.0,0.012,0.6,0.6,-26.887236,2.23829,0.74609673,0.15200001,0.0,0.14840594,0.0,0.0
hardzero_only__c0p58__z1p00__lam0p000__nu0p50__psi0p00,0.063,borrow,41,357,0.0,2,-0.6,-0.6,-0.61200005,1.0636821,0.0,0.08636105,0.0,0.0,0.063,0.0,0.012,0.6,0.6,-28.142874,2.3401473,0.7800491,0.16000001,0.0,0.18707994,0.0,0.0
hardzero_only__c0p58__z1p00__lam0p000__nu0p50__psi0p00,0.063,borrow,41,358,0.0,2,-0.6,-0.6,-0.60503674,0.9565264,0.11052833,0.11052833,1.0,0.0069632847,0.063,0.0,0.012,0.6,0.6,-26.809917,2.1044002,0.70146674,0.14400001,0.008,0.13820314,0.0,0.0
hardzero_only__c0p58__z1p00__lam0p000__nu0p50__psi0p00,0.063,borrow,41,359,0.0,2,-0.6,-0.6,-0.61200005,1.0415363,0.0,0.09087903,0.0,0.0,0.063,0.0,0.012,0.6,0.6,-27.112276,2.2914257,0.7638086,0.136,0.0,0.1684462,0.0,0.0
hardzero_only__c0p58__z1p00__lam0p000__nu0p50__psi0p00,0.063,borrow,41,360,0.0,2,-0.6,-0.6,-0.60528713,0.9724295,0.10655419,0.10655419,1.0,0.006712914,0.063,0.0,0.012,0.6,0.6,-26.398317,2.1393876,0.7131292,0.16800001,0.0,0.16152954,0.0,0.0
hardzero_only__c0p58__z1p00__lam0p000__nu0p50__psi0p00,0.063,borrow,41,361,0.0,2,-0.6,-0.6,-0.61200005,1.0513506,0.0,0.08884835,0.0,0.0,0.063,0.0,0.012,0.6,0.6,-28.400692,2.3130176,0.77100587,0.16800001,0.0,0.17909846,0.0,0.0
hardzero_only__c0p58__z1p00__lam0p000__nu0p50__psi0p00,0.063,borrow,41,362,0.0,2,-0.6,-0.6,-0.61200005,1.0136404,0.0,0.09690798,0.0,0.0,0.063,0.0,0.012,0.6,0.6,-26.953825,2.2300534,0.74335116,0.128,0.0,0.13474599,0.0,0.0
hardzero_only__c0p58__z1p00__lam0p000__nu0p50__psi0p00,0.063,borrow,41,363,0.0,2,-0.6,-0.6,-0.6054147,0.9807599,0.10452979,0.10452979,1.0,0.006585377,0.063,0.0,0.012,0.6,0.6,-26.940031,2.1577148,0.7192383,0.208,0.0,0.14645074,0.0,0.0
hardzero_only__c0p58__z1p00__lam0p000__nu0p50__psi0p00,0.063,borrow,41,364,0.0,2,-0.6,-0.6,-0.61200005,1.0096498,0.0,0.09780256,0.0,0.0,0.063,0.0,0.012,0.6,0.6,-26.946342,2.221274,0.74042463,0.17999999,0.0,0.1530007,0.0,0.0
hardzero_only__c0p58__z1p00__lam0p000__nu0p50__psi0p00,0.063,borrow,41,365,0.0,2,-0.6,-0.6,-0.6056637,0.99750173,0.10057691,0.10057691,1.0,0.0063363453,0.063,0.0,0.012,0.6,0.6,-26.235641,2.1945477,0.7315159,0.16800001,0.0,0.14150123,0.0,0.0
hardzero_only__c0p58__z1p00__lam0p000__nu0p50__psi0p00,0.063,borrow,41,366,0.0,2,-0.6,-0.6,-0.60528255,0.9721318,0.10662724,0.10662724,1.0,0.006717516,0.063,0.0,0.012,0.6,0.6,-25.93147,2.1387327,0.7129109,0.14400001,0.0,0.13922796,0.0,0.0
hardzero_only__c0p58__z1p00__lam0p000__nu0p50__psi0p00,0.063,borrow,41,367,0.0,2,-0.6,-0.6,-0.60564315,0.99609685,0.10090279,0.10090279,1.0,0.006356876,0.063,0.0,0.012,0.6,0.6,-26.48209,2.1914568,0.7304856,0.15200001,0.0,0.13875093,0.0,0.0
hardzero_only__c0p58__z1p00__lam0p000__nu0p50__psi0p00,0.063,borrow,41,368,0.0,2,-0.6,-0.6,-0.61200005,1.0040529,0.0,0.09907112,0.0,0.0,0.063,0.0,0.012,0.6,0.6,-26.923588,2.2089605,0.7363202,0.192,0.0,0.16060941,0.0,0.0
hardzero_only__c0p58__z1p00__lam0p000__nu0p50__psi0p00,0.063,borrow,41,369,0.0,2,-0.6,-0.6,-0.61200005,1.004762,0.0,0.09890948,0.0,0.0,0.063,0.0,0.012,0.6,0.6,-26.643871,2.2105207,0.73684025,0.15200001,0.0,0.12715548,0.0,0.0
hardzero_only__c0p58__z1p00__lam0p000__nu0p50__psi0p00,0.063,borrow,41,370,0.0,2,-0.6,-0.6,-0.6053178,0.97441536,0.10606807,0.10606807,1.0,0.0066822884,0.063,0.0,0.012,0.6,0.6,-26.521511,2.1437566,0.71458554,0.192,0.0,0.17446594,0.0,0.0
hardzero_only__c0p58__z1p00__lam0p000__nu0p50__psi0p00,0.063,borrow,41,371,0.0,2,-0.6,-0.6,-0.61200005,1.0127237,0.0,0.09711276,0.0,0.0,0.063,0.0,0.012,0.6,0.6,-27.093548,2.2280366,0.7426789,0.16800001,0.0,0.14335588,0.0,0.0
hardzero_only__c0p58__z1p00__lam0p000__nu0p50__psi0p00,0.063,borrow,41,372,0.0,2,-0.6,-0.6,-0.61200005,1.0497444,0.0,0.08917757,0.0,0.0,0.063,0.0,0.012,0.6,0.6,-27.698181,2.3094838,0.76982796,0.08800001,0.0,0.14767878,0.0,0.0
hardzero_only__c0p58__z1p00__lam0p000__nu0p50__psi0p00,0.063,borrow,41,373,0.0,2,-0.6,-0.6,-0.60530055,0.9732974,0.10634145,0.10634145,1.0,0.0066995113,0.063,0.0,0.012,0.6,0.6,-26.29027,2.141297,0.71376574,0.24800001,0.0,0.14810517,0.0,0.0
hardzero_only__c0p58__z1p00__lam0p000__nu0p50__psi0p00,0.063,borrow,41,374,0.0,2,-0.6,-0.6,-0.61200005,1.0149086,0.0,0.09662543,0.0,0.0,0.063,0.0,0.012,0.6,0.6,-25.89427,2.2328434,0.7442812,0.112,0.0,0.15858711,0.0,0.0
hardzero_only__c0p58__z1p00__lam0p000__nu0p50__psi0p00,0.063,borrow,41,375,0.0,2,-0.6,-0.6,-0.61200005,1.0048894,0.0,0.0988805,0.0,0.0,0.063,0.0,0.012,0.6,0.6,-27.361338,2.210801,0.73693365,0.16800001,0.0,0.18227102,0.0,0.0
hardzero_only__c0p58__z1p00__lam0p000__nu0p50__psi0p00,0.063,borrow,41,376,0.0,2,-0.6,-0.6,-0.61200005,1.0294732,0.0,0.093438715,0.0,0.0,0.063,0.0,0.012,0.6,0.6,-27.93588,2.2648861,0.7549621,0.2,0.0,0.16752724,0.0,0.0
hardzero_only__c0p58__z1p00__lam0p000__nu0p50__psi0p00,0.063,borrow,41,377,0.0,2,-0.6,-0.6,-0.61200005,1.0164887,0.0,0.09627451,0.0,0.0,0.063,0.0,0.012,0.6,0.6,-26.5682,2.2363198,0.74543995,0.13,0.0,0.16216217,0.0,0.0
hardzero_only__c0p58__z1p00__lam0p000__nu0p50__psi0p00,0.063,borrow,41,378,0.0,2,-0.6,-0.6,-0.61200005,1.0223593,0.0,0.09498187,0.0,0.0,0.063,0.0,0.012,0.6,0.6,-26.980743,2.2492352,0.7497451,0.16000001,0.0,0.13888265,0.0,0.0
hardzero_only__c0p58__z1p00__lam0p000__nu0p50__psi0p00,0.063,borrow,41,379,0.0,2,-0.6,-0.6,-0.605654,0.99683917,0.10073047,0.10073047,1.0,0.00634602,0.063,0.0,0.012,0.6,0.6,-26.502462,2.19309,0.73103,0.16800001,0.0,0.15904081,0.0,0.0
hardzero_only__c0p58__z1p00__lam0p000__nu0p50__psi0p00,0.063,borrow,41,380,0.0,2,-0.6,-0.6,-0.61200005,1.0116875,0.0,0.097344734,0.0,0.0,0.063,0.0,0.012,0.6,0.6,-27.627142,2.225757,0.741919,0.208,0.0,0.14170632,0.0,0.0
hardzero_only__c0p58__z1p00__lam0p000__nu0p50__psi0p00,0.063,borrow,41,381,0.0,2,-0.6,-0.6,-0.61200005,1.0035349,0.0,0.09918936,0.0,0.0,0.063,0.0,0.012,0.6,0.6,-27.016396,2.207821,0.73594034,0.216,0.0,0.16286589,0.0,0.0
hardzero_only__c0p58__z1p00__lam0p000__nu0p50__psi0p00,0.063,borrow,41,382,0.0,2,-0.6,-0.6,-0.61200005,1.0048604,0.0,0.09888708,0.0,0.0,0.063,0.0,0.012,0.6,0.6,-27.227757,2.210737,0.73691237,0.17600001,0.0,0.14711578,0.0,0.0
hardzero_only__c0p58__z1p00__lam0p000__nu0p50__psi0p00,0.063,borrow,41,383,0.0,2,-0.6,-0.6,-0.6049723,0.9525231,0.111551896,0.111551896,1.0,0.0070277695,0.063,0.0,0.012,0.6,0.6,-25.908028,2.0955927,0.6985309,0.2,0.0,0.13476466,0.0,0.0
hardzero_only__c0p58__z1p00__lam0p000__nu0p50__psi0p00,0.063,borrow,41,384,0.0,2,-0.6,-0.6,-0.6054927,0.98593825,0.103290826,0.103290826,1.0,0.006507322,0.063,0.0,0.012,0.6,0.6,-27.488518,2.1691074,0.7230358,0.2,0.0,0.15000519,0.0,0.0
hardzero_only__c0p58__z1p00__lam0p000__nu0p50__psi0p00,0.063,borrow,41,385,0.0,2,-0.6,-0.6,-0.6048388,0.9443519,0.11367058,0.11367058,1.0,0.0071612466,0.063,0.0,0.012,0.6,0.6,-26.459278,2.0776157,0.6925386,0.17600001,0.0,0.15251338,0.0,0.0
hardzero_only__c0p58__z1p00__lam0p000__nu0p50__psi0p00,0.063,borrow,41,386,0.0,2,-0.6,-0.6,-0.61200005,1.0070167,0.0,0.09839734,0.0,0.0,0.063,0.0,0.012,0.6,0.6,-26.650486,2.2154808,0.7384936,0.112,0.0,0.14469534,0.0,0.0
hardzero_only__c0p58__z1p00__lam0p000__nu0p50__psi0p00,0.063,borrow,41,387,0.0,2,-0.6,-0.6,-0.61200005,1.0847996,0.0,0.0822622,0.0,0.0,0.063,0.0,0.012,0.6,0.6,-28.017801,2.386607,0.7955357,0.18400002,0.0,0.16882254,0.0,0.0
hardzero_only__c0p58__z1p00__lam0p000__nu0p50__psi0p00,0.063,borrow,41,388,0.0,2,-0.6,-0.6,-0.61200005,1.0687108,0.0,0.085366845,0.0,0.0,0.063,0.0,0.012,0.6,0.6,-28.361412,2.3512106,0.7837369,0.136,0.008,0.17379083,0.0,0.0
hardzero_only__c0p58__z1p00__lam0p000__nu0p50__psi0p00,0.063,borrow,41,389,0.0,2,-0.6,-0.6,-0.61200005,1.0609887,0.0,0.0868983,0.0,0.0,0.063,0.0,0.012,0.6,0.6,-27.839125,2.3342216,0.7780739,0.208,0.0,0.16439289,0.0,0.0
hardzero_only__c0p58__z1p00__lam0p000__nu0p50__psi0p00,0.063,borrow,41,390,0.0,2,-0.6,-0.6,-0.6054361,0.98217595,0.104189515,0.104189515,1.0,0.0065639396,0.063,0.0,0.012,0.6,0.6,-26.246622,2.1608303,0.7202768,0.17999999,0.0,0.15953678,0.0,0.0
hardzero_only__c0p58__z1p00__lam0p000__nu0p50__psi0p00,0.063,borrow,41,391,0.0,2,-0.6,-0.6,-0.61200005,1.0008848,0.0,0.099796474,0.0,0.0,0.063,0.0,0.012,0.6,0.6,-26.950829,2.2019904,0.7339968,0.15200001,0.0,0.15423903,0.0,0.0
hardzero_only__c0p58__z1p00__lam0p000__nu0p50__psi0p00,0.063,borrow,41,392,0.0,2,-0.6,-0.6,-0.61200005,1.0111535,0.0,0.09746452,0.0,0.0,0.063,0.0,0.012,0.6,0.6,-27.008095,2.224582,0.7415273,0.192,0.0,0.1526418,0.0,0.0
hardzero_only__c0p58__z1p00__lam0p000__nu0p50__psi0p00,0.063,borrow,41,393,0.0,2,-0.6,-0.6,-0.6048522,0.9451665,0.113457575,0.113457575,1.0,0.007147827,0.063,0.0,0.012,0.6,0.6,-25.660568,2.079408,0.693136,0.17600001,0.0,0.158926,0.0,0.0
hardzero_only__c0p58__z1p00__lam0p000__nu0p50__psi0p00,0.063,borrow,41,394,0.0,2,-0.6,-0.6,-0.61200005,1.0413275,0.0,0.09092274,0.0,0.0,0.063,0.0,0.012,0.6,0.6,-27.430227,2.2909663,0.7636554,0.15200001,0.0,0.17079465,0.0,0.0
hardzero_only__c0p58__z1p00__lam0p000__nu0p50__psi0p00,0.063,borrow,41,395,0.0,2,-0.6,-0.6,-0.60565525,0.99692196,0.10071126,0.10071126,1.0,0.0063448097,0.063,0.0,0.012,0.6,0.6,-27.679523,2.193272,0.7310907,0.15200001,0.0,0.13674127,0.0,0.0
hardzero_only__c0p58__z1p00__lam0p000__nu0p50__psi0p00,0.063,borrow,41,396,0.0,2,-0.6,-0.6,-0.61200005,1.0256634,0.0,0.094262,0.0,0.0,0.063,0.0,0.012,0.6,0.6,-27.28887,2.2565045,0.7521682,0.136,0.0,0.17588973,0.0,0.0
hardzero_only__c0p58__z1p00__lam0p000__nu0p50__psi0p00,0.063,borrow,41,397,0.0,2,-0.6,-0.6,-0.60563266,0.99538106,0.101069234,0.101069234,1.0,0.0063673616,0.063,0.0,0.012,0.6,0.6,-26.601427,2.189882,0.7299607,0.208,0.008,0.1649774,0.0,0.0
hardzero_only__c0p58__z1p00__lam0p000__nu0p50__psi0p00,0.063,borrow,41,398,0.0,2,-0.6,-0.6,-0.61200005,1.0365874,0.0,0.09192056,0.0,0.0,0.063,0.0,0.012,0.6,0.6,-27.513664,2.2805376,0.7601792,0.128,0.0,0.1564335,0.0,0.0
hardzero_only__c0p58__z1p00__lam0p000__nu0p50__psi0p00,0.063,borrow,41,399,0.0,2,-0.6,-0.6,-0.61200005,1.0087525,0.0,0.09800484,0.0,0.0,0.063,0.0,0.012,0.6,0.6,-27.417944,2.2192998,0.7397666,0.15200001,0.0,0.15963896,0.0,0.0
hardzero_only__c0p58__z1p00__lam0p000__nu0p50__psi0p00,0.063,borrow,41,400,0.0,2,-0.6,-0.6,-0.6054152,0.98079675,0.104520924,0.104520924,1.0,0.0065848185,0.063,0.0,0.012,0.6,0.6,-26.458206,2.157796,0.71926534,0.14400001,0.0,0.16208427,0.0,0.0
hardzero_only__c0p58__z1p00__lam0p000__nu0p50__psi0p00,0.063,borrow,41,401,0.0,2,-0.6,-0.6,-0.60568285,0.9988168,0.10027281,0.10027281,1.0,0.006317187,0.063,0.0,0.012,0.6,0.6,-26.686241,2.1974409,0.7324803,0.16800001,0.0,0.15458858,0.0,0.0
hardzero_only__c0p58__z1p00__lam0p000__nu0p50__psi0p00,0.063,borrow,41,402,0.0,2,-0.6,-0.6,-0.60524553,0.9697471,0.10721433,0.10721433,1.0,0.006754503,0.063,0.0,0.012,0.6,0.6,-26.6003,2.1334863,0.7111621,0.128,0.0,0.14768896,0.0,0.0
hardzero_only__c0p58__z1p00__lam0p000__nu0p50__psi0p00,0.063,borrow,41,403,0.0,2,-0.6,-0.6,-0.61200005,1.0291398,0.0,0.09351047,0.0,0.0,0.063,0.0,0.012,0.6,0.6,-28.131954,2.2641528,0.7547176,0.14999999,0.0,0.16494767,0.0,0.0
hardzero_only__c0p58__z1p00__lam0p000__nu0p50__psi0p00,0.063,borrow,41,404,0.0,2,-0.6,-0.6,-0.61200005,1.0379972,0.0,0.09162262,0.0,0.0,0.063,0.0,0.012,0.6,0.6,-27.523413,2.2836397,0.76121324,0.128,0.0,0.16304305,0.0,0.0
hardzero_only__c0p58__z1p00__lam0p000__nu0p50__psi0p00,0.063,borrow,41,405,0.0,2,-0.6,-0.6,-0.61200005,1.0445762,0.0,0.09024514,0.0,0.0,0.063,0.0,0.012,0.6,0.6,-28.368406,2.2981136,0.7660379,0.15200001,0.008,0.16539872,0.0,0.0
hardzero_only__c0p58__z1p00__lam0p000__nu0p50__psi0p00,0.063,borrow,41,406,0.0,2,-0.6,-0.6,-0.6055333,0.9886555,0.102646574,0.102646574,1.0,0.006466734,0.063,0.0,0.012,0.6,0.6,-26.109964,2.1750855,0.7250285,0.2,0.0,0.18378145,0.0,0.0
hardzero_only__c0p58__z1p00__lam0p000__nu0p50__psi0p00,0.063,borrow,41,407,0.0,2,-0.6,-0.6,-0.60418546,0.906434,0.1240412,0.1240412,1.0,0.0078145955,0.063,0.0,0.012,0.6,0.6,-25.500128,1.9941946,0.66473156,0.24800001,0.008,0.12918521,0.0,0.0
hardzero_only__c0p58__z1p00__lam0p000__nu0p50__psi0p00,0.063,borrow,41,408,0.0,2,-0.6,-0.6,-0.61200005,1.0487456,0.0,0.08938288,0.0,0.0,0.063,0.0,0.012,0.6,0.6,-27.957836,2.3072865,0.76909554,0.16800001,0.0,0.16302107,0.0,0.0
hardzero_only__c0p58__z1p00__lam0p000__nu0p50__psi0p00,0.063,borrow,41,409,0.0,2,-0.6,-0.6,-0.61200005,1.0274435,0.0,0.09387639,0.0,0.0,0.063,0.0,0.012,0.6,0.6,-27.291628,2.2604208,0.75347364,0.136,0.0,0.17442223,0.0,0.0
hardzero_only__c0p58__z1p00__lam0p000__nu0p50__psi0p00,0.063,borrow,41,410,0.0,2,-0.6,-0.6,-0.61200005,1.0234325,0.0,0.09474744,0.0,0.0,0.063,0.0,0.012,0.6,0.6,-27.101706,2.2515965,0.75053215,0.112,0.0,0.14440453,0.0,0.0
hardzero_only__c0p58__z1p00__lam0p000__nu0p50__psi0p00,0.063,borrow,41,411,0.0,2,-0.6,-0.6,-0.60524756,0.9698764,0.10718243,0.10718243,1.0,0.006752493,0.063,0.0,0.012,0.6,0.6,-26.266176,2.1337707,0.7112569,0.216,0.0,0.15900742,0.0,0.0
hardzero_only__c0p58__z1p00__lam0p000__nu0p50__psi0p00,0.063,borrow,41,412,0.0,2,-0.6,-0.6,-0.60569274,0.9994956,0.10011619,0.10011619,1.0,0.00630732,0.063,0.0,0.012,0.6,0.6,-27.063715,2.1989343,0.7329781,0.136,0.0,0.16024931,0.0,0.0
hardzero_only__c0p58__z1p00__lam0p000__nu0p50__psi0p00,0.063,borrow,41,413,0.0,2,-0.6,-0.6,-0.6054097,0.9804295,0.104609355,0.104609355,1.0,0.0065903896,0.063,0.0,0.012,0.6,0.6,-27.448805,2.156988,0.718996,0.24000001,0.0,0.15153225,0.0,0.0
hardzero_only__c0p58__z1p00__lam0p000__nu0p50__psi0p00,0.063,borrow,41,414,0.0,2,-0.6,-0.6,-0.6054879,0.9856164,0.103367396,0.103367396,1.0,0.006512146,0.063,0.0,0.012,0.6,0.6,-26.459146,2.1683993,0.7227998,0.14400001,0.0,0.15204342,0.0,0.0
hardzero_only__c0p58__z1p00__lam0p000__nu0p50__psi0p00,0.063,borrow,41,415,0.0,2,-0.6,-0.6,-0.61200005,1.1068479,0.0,0.07819017,0.0,0.0,0.063,0.0,0.012,0.6,0.6,-28.672731,2.435114,0.81170464,0.128,0.0,0.17272113,0.0,0.0
hardzero_only__c0p58__z1p00__lam0p000__nu0p50__psi0p00,0.063,borrow,41,416,0.0,2,-0.6,-0.6,-0.61200005,1.0687451,0.0,0.08536009,0.0,0.0,0.063,0.0,0.012,0.6,0.6,-27.799858,2.3512862,0.7837621,0.11,0.0,0.20279387,0.0,0.0
hardzero_only__c0p58__z1p00__lam0p000__nu0p50__psi0p00,0.063,borrow,41,417,0.0,2,-0.6,-0.6,-0.6056801,0.99862814,0.100316375,0.100316375,1.0,0.0063199317,0.063,0.0,0.012,0.6,0.6,-27.100996,2.1970258,0.73234195,0.112,0.0,0.16528532,0.0,0.0
hardzero_only__c0p58__z1p00__lam0p000__nu0p50__psi0p00,0.063,borrow,41,418,0.0,2,-0.6,-0.6,-0.61200005,1.0031418,0.0,0.099279195,0.0,0.0,0.063,0.0,0.012,0.6,0.6,-26.004976,2.206956,0.73565197,0.136,0.0,0.15372995,0.0,0.0
hardzero_only__c0p58__z1p00__lam0p000__nu0p50__psi0p00,0.063,borrow,41,419,0.0,2,-0.6,-0.6,-0.61200005,1.0132215,0.0,0.0970015,0.0,0.0,0.063,0.0,0.012,0.6,0.6,-26.765188,2.229132,0.743044,0.17600001,0.0,0.16806789,0.0,0.0
hardzero_only__c0p58__z1p00__lam0p000__nu0p50__psi0p00,0.063,borrow,41,420,0.0,2,-0.6,-0.6,-0.61200005,1.0347948,0.0,0.09230074,0.0,0.0,0.063,0.0,0.012,0.6,0.6,-28.07729,2.276594,0.75886464,0.16800001,0.0,0.18613791,0.0,0.0
hardzero_only__c0p58__z1p00__lam0p000__nu0p50__psi0p00,0.063,borrow,41,421,0.0,2,-0.6,-0.6,-0.61200005,1.0171698,0.0,0.09612362,0.0,0.0,0.063,0.0,0.012,0.6,0.6,-27.029276,2.2378182,0.74593943,0.15200001,0.0,0.14469457,0.0,0.0
hardzero_only__c0p58__z1p00__lam0p000__nu0p50__psi0p00,0.063,borrow,41,422,0.0,2,-0.6,-0.6,-0.61200005,1.0323392,0.0,0.0928241,0.0,0.0,0.063,0.0,0.012,0.6,0.6,-26.965345,2.2711916,0.75706387,0.120000005,0.0,0.14297682,0.0,0.0
hardzero_only__c0p58__z1p00__lam0p000__nu0p50__psi0p00,0.063,borrow,41,423,0.0,2,-0.6,-0.6,-0.61200005,1.0001097,0.0,0.09997475,0.0,0.0,0.063,0.0,0.012,0.6,0.6,-26.735025,2.2002852,0.7334284,0.16000001,0.0,0.14588489,0.0,0.0
hardzero_only__c0p58__z1p00__lam0p000__nu0p50__psi0p00,0.063,borrow,41,424,0.0,2,-0.6,-0.6,-0.61200005,1.0385658,0.0,0.09150277,0.0,0.0,0.063,0.0,0.012,0.6,0.6,-28.51477,2.2848902,0.76163006,0.14400001,0.0,0.19381623,0.0,0.0
hardzero_only__c0p58__z1p00__lam0p000__nu0p50__psi0p00,0.063,borrow,41,425,0.0,2,-0.6,-0.6,-0.6051534,0.9638615,0.10867721,0.10867721,1.0,0.0068466645,0.063,0.0,0.012,0.6,0.6,-26.801321,2.1205378,0.70684594,0.208,0.008,0.13782412,0.0,0.0
hardzero_only__c0p58__z1p00__lam0p000__nu0p50__psi0p00,0.063,borrow,41,426,0.0,2,-0.6,-0.6,-0.61200005,1.0070064,0.0,0.09839966,0.0,0.0,0.063,0.0,0.012,0.6,0.6,-26.814987,2.2154584,0.7384862,0.17600001,0.0,0.1439546,0.0,0.0
hardzero_only__c0p58__z1p00__lam0p000__nu0p50__psi0p00,0.063,borrow,41,427,0.0,2,-0.6,-0.6,-0.61200005,1.0141518,0.0,0.09679393,0.0,0.0,0.063,0.0,0.012,0.6,0.6,-27.205784,2.2311785,0.7437262,0.17600001,0.0,0.14485396,0.0,0.0
hardzero_only__c0p58__z1p00__lam0p000__nu0p50__psi0p00,0.063,borrow,41,428,0.0,2,-0.6,-0.6,-0.6054729,0.98462033,0.10360475,0.10360475,1.0,0.0065270993,0.063,0.0,0.012,0.6,0.6,-27.4297,2.166208,0.7220694,0.112,0.0,0.15743586,0.0,0.0
hardzero_only__c0p58__z1p00__lam0p000__nu0p50__psi0p00,0.063,borrow,41,429,0.0,2,-0.6,-0.6,-0.61200005,1.0568175,0.0,0.087736934,0.0,0.0,0.063,0.0,0.012,0.6,0.6,-27.87535,2.325045,0.77501506,0.19,0.0,0.17995685,0.0,0.0
hardzero_only__c0p58__z1p00__lam0p000__nu0p50__psi0p00,0.063,borrow,41,430,0.0,2,-0.6,-0.6,-0.61200005,1.0115108,0.0,0.09738434,0.0,0.0,0.063,0.0,0.012,0.6,0.6,-26.810783,2.2253683,0.74178946,0.136,0.0,0.15386274,0.0,0.0
hardzero_only__c0p58__z1p00__lam0p000__nu0p50__psi0p00,0.063,borrow,41,431,0.0,2,-0.6,-0.6,-0.61200005,1.0256044,0.0,0.094274804,0.0,0.0,0.063,0.0,0.012,0.6,0.6,-27.476997,2.2563746,0.7521249,0.096,0.0,0.14791337,0.0,0.0
hardzero_only__c0p58__z1p00__lam0p000__nu0p50__psi0p00,0.063,borrow,41,432,0.0,2,-0.6,-0.6,-0.6054678,0.9842782,0.1036864,0.1036864,1.0,0.0065322435,0.063,0.0,0.012,0.6,0.6,-27.077751,2.1654553,0.72181845,0.136,0.0,0.13146156,0.0,0.0
hardzero_only__c0p58__z1p00__lam0p000__nu0p50__psi0p00,0.063,borrow,41,433,0.0,2,-0.6,-0.6,-0.61200005,1.011907,0.0,0.097295545,0.0,0.0,0.063,0.0,0.012,0.6,0.6,-26.862494,2.22624,0.74208,0.120000005,0.0,0.16005534,0.0,0.0
hardzero_only__c0p58__z1p00__lam0p000__nu0p50__psi0p00,0.063,borrow,41,434,0.0,2,-0.6,-0.6,-0.61200005,1.046385,0.0,0.08987004,0.0,0.0,0.063,0.0,0.012,0.6,0.6,-27.78157,2.302093,0.7673644,0.16800001,0.0,0.15476537,0.0,0.0
hardzero_only__c0p58__z1p00__lam0p000__nu0p50__psi0p00,0.063,borrow,41,435,0.0,2,-0.6,-0.6,-0.61200005,1.0345086,0.0,0.092361584,0.0,0.0,0.063,0.0,0.012,0.6,0.6,-26.737043,2.2759643,0.7586548,0.136,0.0,0.15727302,0.0,0.0
hardzero_only__c0p58__z1p00__lam0p000__nu0p50__psi0p00,0.063,borrow,41,436,0.0,2,-0.6,-0.6,-0.61200005,1.0403517,0.0,0.09112724,0.0,0.0,0.063,0.0,0.012,0.6,0.6,-27.429123,2.2888196,0.7629399,0.104,0.0,0.15742794,0.0,0.0
hardzero_only__c0p58__z1p00__lam0p000__nu0p50__psi0p00,0.063,borrow,41,437,0.0,2,-0.6,-0.6,-0.61200005,1.0475575,0.0,0.08962776,0.0,0.0,0.063,0.0,0.012,0.6,0.6,-27.699364,2.3046725,0.7682242,0.112,0.0,0.15233697,0.0,0.0
hardzero_only__c0p58__z1p00__lam0p000__nu0p50__psi0p00,0.063,borrow,41,438,0.0,2,-0.6,-0.6,-0.6054626,0.9839348,0.10376841,0.10376841,1.0,0.00653741,0.063,0.0,0.012,0.6,0.6,-26.861399,2.1646998,0.7215666,0.18400002,0.0,0.1762521,0.0,0.0
hardzero_only__c0p58__z1p00__lam0p000__nu0p50__psi0p00,0.063,borrow,41,439,0.0,2,-0.6,-0.6,-0.61200005,1.0311736,0.0,0.093073584,0.0,0.0,0.063,0.0,0.012,0.6,0.6,-26.916107,2.2686272,0.7562091,0.216,0.0,0.1346177,0.0,0.0
hardzero_only__c0p58__z1p00__lam0p000__nu0p50__psi0p00,0.063,borrow,41,440,0.0,2,-0.6,-0.6,-0.60531914,0.9745036,0.10604652,0.10604652,1.0,0.006680931,0.063,0.0,0.012,0.6,0.6,-26.78768,2.1439507,0.7146503,0.16000001,0.0,0.12717393,0.0,0.0
hardzero_only__c0p58__z1p00__lam0p000__nu0p50__psi0p00,0.063,borrow,41,441,0.0,2,-0.6,-0.6,-0.61200005,1.0149645,0.0,0.09661298,0.0,0.0,0.063,0.0,0.012,0.6,0.6,-27.507805,2.2329664,0.7443222,0.14400001,0.0,0.15898451,0.0,0.0
hardzero_only__c0p58__z1p00__lam0p000__nu0p50__psi0p00,0.063,borrow,41,442,0.0,2,-0.6,-0.6,-0.61200005,1.0090343,0.0,0.09794125,0.0,0.0,0.063,0.0,0.012,0.6,0.6,-26.945791,2.2199197,0.73997325,0.16,0.0,0.14846447,0.0,0.0
hardzero_only__c0p58__z1p00__lam0p000__nu0p50__psi0p00,0.063,borrow,41,443,0.0,2,-0.6,-0.6,-0.61200005,1.0455788,0.0,0.090037026,0.0,0.0,0.063,0.0,0.012,0.6,0.6,-27.243507,2.3003194,0.76677316,0.104,0.0,0.1577635,0.0,0.0
hardzero_only__c0p58__z1p00__lam0p000__nu0p50__psi0p00,0.063,borrow,41,444,0.0,2,-0.6,-0.6,-0.60495734,0.951601,0.11178898,0.11178898,1.0,0.007042706,0.063,0.0,0.012,0.6,0.6,-26.536486,2.093564,0.6978547,0.096,0.0,0.14211299,0.0,0.0
hardzero_only__c0p58__z1p00__lam0p000__nu0p50__psi0p00,0.063,borrow,41,445,0.0,2,-0.6,-0.6,-0.61200005,1.020606,0.0,0.095366076,0.0,0.0,0.063,0.0,0.012,0.6,0.6,-26.803513,2.2453783,0.74845946,0.136,0.0,0.15542106,0.0,0.0
hardzero_only__c0p58__z1p00__lam0p000__nu0p50__psi0p00,0.063,borrow,41,446,0.0,2,-0.6,-0.6,-0.61200005,1.0273669,0.0,0.09389298,0.0,0.0,0.063,0.0,0.012,0.6,0.6,-27.388004,2.2602522,0.75341743,0.17600001,0.0,0.13726796,0.0,0.0
hardzero_only__c0p58__z1p00__lam0p000__nu0p50__psi0p00,0.063,borrow,41,447,0.0,2,-0.6,-0.6,-0.61200005,1.0088221,0.0,0.09798914,0.0,0.0,0.063,0.0,0.012,0.6,0.6,-26.60055,2.2194529,0.7398176,0.18400002,0.0,0.15908827,0.0,0.0
hardzero_only__c0p58__z1p00__lam0p000__nu0p50__psi0p00,0.063,borrow,41,448,0.0,2,-0.6,-0.6,-0.60549843,0.9863211,0.1031998,0.1031998,1.0,0.0065015876,0.063,0.0,0.012,0.6,0.6,-26.589937,2.1699498,0.7233166,0.136,0.0,0.15308274,0.0,0.0
hardzero_only__c0p58__z1p00__lam0p000__nu0p50__psi0p00,0.063,borrow,41,449,0.0,2,-0.6,-0.6,-0.6054599,0.98375565,0.103811234,0.103811234,1.0,0.006540108,0.063,0.0,0.012,0.6,0.6,-26.324192,2.1643057,0.72143525,0.216,0.0,0.16042402,0.0,0.0
hardzero_only__c0p58__z1p00__lam0p000__nu0p50__psi0p00,0.063,borrow,41,450,0.0,2,-0.6,-0.6,-0.61200005,1.0366323,0.0,0.09191105,0.0,0.0,0.063,0.0,0.012,0.6,0.6,-27.219906,2.2806365,0.7602122,0.16000001,0.0,0.17972122,0.0,0.0
hardzero_only__c0p58__z1p00__lam0p000__nu0p50__psi0p00,0.063,borrow,41,451,0.0,2,-0.6,-0.6,-0.61200005,1.0025419,0.0,0.09941641,0.0,0.0,0.063,0.0,0.012,0.6,0.6,-27.233423,2.2056363,0.7352121,0.192,0.0,0.1568137,0.0,0.0
hardzero_only__c0p58__z1p00__lam0p000__nu0p50__psi0p00,0.063,borrow,41,452,0.0,2,-0.6,-0.6,-0.60552764,0.98827446,0.102736674,0.102736674,1.0,0.0064724106,0.063,0.0,0.012,0.6,0.6,-26.371899,2.1742473,0.7247491,0.2,0.0,0.14512497,0.0,0.0
hardzero_only__c0p58__z1p00__lam0p000__nu0p50__psi0p00,0.063,borrow,41,453,0.0,2,-0.6,-0.6,-0.61200005,1.0108852,0.0,0.09752472,0.0,0.0,0.063,0.0,0.012,0.6,0.6,-26.754349,2.2239919,0.7413306,0.16800001,0.008,0.16486022,0.0,0.0
hardzero_only__c0p58__z1p00__lam0p000__nu0p50__psi0p00,0.063,borrow,41,454,0.0,2,-0.6,-0.6,-0.6054794,0.9850504,0.103502214,0.103502214,1.0,0.0065206396,0.063,0.0,0.012,0.6,0.6,-26.98831,2.167154,0.7223847,0.208,0.0,0.1471084,0.0,0.0
hardzero_only__c0p58__z1p00__lam0p000__nu0p50__psi0p00,0.063,borrow,41,455,0.0,2,-0.6,-0.6,-0.6052392,0.96934205,0.10731439,0.10731439,1.0,0.006760807,0.063,0.0,0.012,0.6,0.6,-26.653402,2.132595,0.710865,0.22,0.0,0.13053167,0.0,0.0
hardzero_only__c0p58__z1p00__lam0p000__nu0p50__psi0p00,0.063,borrow,41,456,0.0,2,-0.6,-0.6,-0.60567844,0.99851197,0.10034322,0.10034322,1.0,0.006321623,0.063,0.0,0.012,0.6,0.6,-26.2011,2.1967702,0.73225677,0.15200001,0.0,0.15919146,0.0,0.0
hardzero_only__c0p58__z1p00__lam0p000__nu0p50__psi0p00,0.063,borrow,41,457,0.0,2,-0.6,-0.6,-0.61200005,1.0397067,0.0,0.0912627,0.0,0.0,0.063,0.0,0.012,0.6,0.6,-27.66742,2.2874005,0.76246685,0.15200001,0.0,0.16708574,0.0,0.0
hardzero_only__c0p58__z1p00__lam0p000__nu0p50__psi0p00,0.063,borrow,41,458,0.0,2,-0.6,-0.6,-0.61200005,1.0007986,0.0,0.09981628,0.0,0.0,0.063,0.0,0.012,0.6,0.6,-27.514252,2.2018008,0.7339336,0.15200001,0.0,0.16256209,0.0,0.0
hardzero_only__c0p58__z1p00__lam0p000__nu0p50__psi0p00,0.063,borrow,41,459,0.0,2,-0.6,-0.6,-0.61200005,1.0034962,0.0,0.09919821,0.0,0.0,0.063,0.0,0.012,0.6,0.6,-26.27436,2.2077358,0.73591197,0.16000001,0.0,0.12696585,0.0,0.0
hardzero_only__c0p58__z1p00__lam0p000__nu0p50__psi0p00,0.063,borrow,41,460,0.0,2,-0.6,-0.6,-0.61200005,1.0301785,0.0,0.09328706,0.0,0.0,0.063,0.0,0.012,0.6,0.6,-26.895493,2.266438,0.75547934,0.16800001,0.0,0.14297336,0.0,0.0
hardzero_only__c0p58__z1p00__lam0p000__nu0p50__psi0p00,0.063,borrow,41,461,0.0,2,-0.6,-0.6,-0.61200005,1.0190046,0.0,0.0957184,0.0,0.0,0.063,0.0,0.012,0.6,0.6,-26.61298,2.241855,0.747285,0.15200001,0.0,0.16795892,0.0,0.0
hardzero_only__c0p58__z1p00__lam0p000__nu0p50__psi0p00,0.063,borrow,41,462,0.0,2,-0.6,-0.6,-0.60551274,0.98727584,0.10297319,0.10297319,1.0,0.0064873113,0.063,0.0,0.012,0.6,0.6,-27.435837,2.1720502,0.7240168,0.16000001,0.0,0.17365171,0.0,0.0
hardzero_only__c0p58__z1p00__lam0p000__nu0p50__psi0p00,0.063,borrow,41,463,0.0,2,-0.6,-0.6,-0.61200005,1.0286585,0.0,0.09361415,0.0,0.0,0.063,0.0,0.012,0.6,0.6,-27.424723,2.263094,0.75436467,0.2,0.0,0.18379556,0.0,0.0
hardzero_only__c0p58__z1p00__lam0p000__nu0p50__psi0p00,0.063,borrow,41,464,0.0,2,-0.6,-0.6,-0.6054163,0.9808658,0.1045043,0.1045043,1.0,0.006583771,0.063,0.0,0.012,0.6,0.6,-26.071684,2.1579478,0.71931595,0.224,0.0,0.17960861,0.0,0.0
hardzero_only__c0p58__z1p00__lam0p000__nu0p50__psi0p00,0.063,borrow,41,465,0.0,2,-0.6,-0.6,-0.6053252,0.97489893,0.105950035,0.105950035,1.0,0.006674852,0.063,0.0,0.012,0.6,0.6,-26.679974,2.1448205,0.7149402,0.17600001,0.0,0.13669345,0.0,0.0
hardzero_only__c0p58__z1p00__lam0p000__nu0p50__psi0p00,0.063,borrow,41,466,0.0,2,-0.6,-0.6,-0.61200005,1.0143585,0.0,0.09674788,0.0,0.0,0.063,0.0,0.012,0.6,0.6,-27.076433,2.2316334,0.7438778,0.16000001,0.0,0.14769928,0.0,0.0
hardzero_only__c0p58__z1p00__lam0p000__nu0p50__psi0p00,0.063,borrow,41,467,0.0,2,-0.6,-0.6,-0.6054823,0.98524076,0.10345685,0.10345685,1.0,0.0065177814,0.063,0.0,0.012,0.6,0.6,-26.872963,2.167573,0.72252434,0.080000006,0.0,0.15888157,0.0,0.0
hardzero_only__c0p58__z1p00__lam0p000__nu0p50__psi0p00,0.063,borrow,41,468,0.0,2,-0.6,-0.6,-0.60512316,0.96194905,0.10915683,0.10915683,1.0,0.0068768803,0.063,0.0,0.012,0.6,0.6,-25.805101,2.1163301,0.7054434,0.24,0.0,0.14066081,0.0,0.0
hardzero_only__c0p58__z1p00__lam0p000__nu0p50__psi0p00,0.063,borrow,41,469,0.0,2,-0.6,-0.6,-0.6054802,0.98510087,0.103490174,0.103490174,1.0,0.006519881,0.063,0.0,0.012,0.6,0.6,-27.050287,2.1672652,0.72242177,0.24800001,0.0,0.16654024,0.0,0.0
hardzero_only__c0p58__z1p00__lam0p000__nu0p50__psi0p00,0.063,borrow,41,470,0.0,2,-0.6,-0.6,-0.61200005,1.0204442,0.0,0.095401645,0.0,0.0,0.063,0.0,0.012,0.6,0.6,-27.318254,2.245022,0.7483407,0.112,0.0,0.12276861,0.0,0.0
hardzero_only__c0p58__z1p00__lam0p000__nu0p50__psi0p00,0.063,borrow,41,471,0.0,2,-0.6,-0.6,-0.61200005,1.0015541,0.0,0.0996428,0.0,0.0,0.063,0.0,0.012,0.6,0.6,-27.407707,2.203463,0.7344877,0.15200001,0.0,0.14209461,0.0,0.0
hardzero_only__c0p58__z1p00__lam0p000__nu0p50__psi0p00,0.063,borrow,41,472,0.0,2,-0.6,-0.6,-0.61200005,1.0167994,0.0,0.09620564,0.0,0.0,0.063,0.0,0.012,0.6,0.6,-26.457733,2.2370036,0.7456679,0.120000005,0.0,0.15753311,0.0,0.0
hardzero_only__c0p58__z1p00__lam0p000__nu0p50__psi0p00,0.063,borrow,41,473,0.0,2,-0.6,-0.6,-0.6056437,0.99613196,0.10089463,0.10089463,1.0,0.006356362,0.063,0.0,0.012,0.6,0.6,-27.080046,2.191534,0.73051137,0.208,0.0,0.1524697,0.0,0.0
hardzero_only__c0p58__z1p00__lam0p000__nu0p50__psi0p00,0.063,borrow,41,474,0.0,2,-0.6,-0.6,-0.6052494,0.9699942,0.10715335,0.10715335,1.0,0.006750661,0.063,0.0,0.012,0.6,0.6,-27.490053,2.1340299,0.7113433,0.15200001,0.0,0.13472117,0.0,0.0
hardzero_only__c0p58__z1p00__lam0p000__nu0p50__psi0p00,0.063,borrow,41,475,0.0,2,-0.6,-0.6,-0.61200005,1.0093411,0.0,0.09787209,0.0,0.0,0.063,0.0,0.012,0.6,0.6,-27.339973,2.220595,0.7401983,0.128,0.0,0.16104515,0.0,0.0
hardzero_only__c0p58__z1p00__lam0p000__nu0p50__psi0p00,0.063,borrow,41,476,0.0,2,-0.6,-0.6,-0.605453,0.9832979,0.10392071,0.10392071,1.0,0.006547005,0.063,0.0,0.012,0.6,0.6,-25.806978,2.1632986,0.72109956,0.2,0.0,0.14325203,0.0,0.0
hardzero_only__c0p58__z1p00__lam0p000__nu0p50__psi0p00,0.063,borrow,41,477,0.0,2,-0.6,-0.6,-0.61200005,1.0209506,0.0,0.09529046,0.0,0.0,0.063,0.0,0.012,0.6,0.6,-27.986383,2.246136,0.748712,0.128,0.0,0.16914658,0.0,0.0
hardzero_only__c0p58__z1p00__lam0p000__nu0p50__psi0p00,0.063,borrow,41,478,0.0,2,-0.6,-0.6,-0.60523844,0.96928924,0.10732745,0.10732745,1.0,0.006761629,0.063,0.0,0.012,0.6,0.6,-25.779568,2.132479,0.71082634,0.208,0.0,0.1410667,0.0,0.0
hardzero_only__c0p58__z1p00__lam0p000__nu0p50__psi0p00,0.063,borrow,41,479,0.0,2,-0.6,-0.6,-0.60553926,0.9890546,0.102552295,0.102552295,1.0,0.0064607947,0.063,0.0,0.012,0.6,0.6,-26.578804,2.1759636,0.72532123,0.15200001,0.0,0.1257201,0.0,0.0
hardzero_only__c0p58__z1p00__lam0p000__nu0p50__psi0p00,0.063,borrow,41,480,0.0,2,-0.6,-0.6,-0.61200005,1.0781295,0.0,0.08353537,0.0,0.0,0.063,0.0,0.012,0.6,0.6,-28.011934,2.3719323,0.7906441,0.120000005,0.0,0.19932857,0.0,0.0
hardzero_only__c0p58__z1p00__lam0p000__nu0p50__psi0p00,0.063,borrow,41,481,0.0,2,-0.6,-0.6,-0.60535324,0.9767274,0.10550489,0.10550489,1.0,0.0066468082,0.063,0.0,0.012,0.6,0.6,-26.902565,2.1488433,0.7162811,0.21,0.0,0.1501178,0.0,0.0
hardzero_only__c0p58__z1p00__lam0p000__nu0p50__psi0p00,0.063,borrow,41,482,0.0,2,-0.6,-0.6,-0.61200005,1.0281612,0.0,0.09372141,0.0,0.0,0.063,0.0,0.012,0.6,0.6,-27.310713,2.2619996,0.7539999,0.2,0.0,0.14718188,0.0,0.0
hardzero_only__c0p58__z1p00__lam0p000__nu0p50__psi0p00,0.063,borrow,41,483,0.0,2,-0.6,-0.6,-0.61200005,1.0026004,0.0,0.09940302,0.0,0.0,0.063,0.0,0.012,0.6,0.6,-26.362509,2.205765,0.735255,0.16000001,0.0,0.13497622,0.0,0.0
hardzero_only__c0p58__z1p00__lam0p000__nu0p50__psi0p00,0.063,borrow,41,484,0.0,2,-0.6,-0.6,-0.6055527,0.98995733,0.10233934,0.10233934,1.0,0.0064473785,0.063,0.0,0.012,0.6,0.6,-26.163895,2.1779497,0.72598326,0.18400002,0.0,0.14766406,0.0,0.0
hardzero_only__c0p58__z1p00__lam0p000__nu0p50__psi0p00,0.063,borrow,41,485,0.0,2,-0.6,-0.6,-0.60529274,0.9727918,0.10646533,0.10646533,1.0,0.0067073163,0.063,0.0,0.012,0.6,0.6,-25.65999,2.1401846,0.7133949,0.16000001,0.0,0.1407719,0.0,0.0
hardzero_only__c0p58__z1p00__lam0p000__nu0p50__psi0p00,0.063,borrow,41,486,0.0,2,-0.6,-0.6,-0.61200005,1.000128,0.0,0.099970534,0.0,0.0,0.063,0.0,0.012,0.6,0.6,-27.25456,2.2003255,0.7334418,0.16800001,0.0,0.14641646,0.0,0.0
hardzero_only__c0p58__z1p00__lam0p000__nu0p50__psi0p00,0.063,borrow,41,487,0.0,2,-0.6,-0.6,-0.61200005,1.0367316,0.0,0.09189004,0.0,0.0,0.063,0.0,0.012,0.6,0.6,-28.208487,2.2808552,0.7602851,0.16800001,0.0,0.17835166,0.0,0.0
hardzero_only__c0p58__z1p00__lam0p000__nu0p50__psi0p00,0.063,borrow,41,488,0.0,2,-0.6,-0.6,-0.61200005,1.012219,0.0,0.097225696,0.0,0.0,0.063,0.0,0.012,0.6,0.6,-27.261166,2.226926,0.74230874,0.15200001,0.0,0.17334637,0.0,0.0
hardzero_only__c0p58__z1p00__lam0p000__nu0p50__psi0p00,0.063,borrow,41,489,0.0,2,-0.6,-0.6,-0.61200005,1.0393919,0.0,0.09132887,0.0,0.0,0.063,0.0,0.012,0.6,0.6,-27.657671,2.2867079,0.762236,0.16800001,0.0,0.14220889,0.0,0.0
hardzero_only__c0p58__z1p00__lam0p000__nu0p50__psi0p00,0.063,borrow,41,490,0.0,2,-0.6,-0.6,-0.61200005,1.05842,0.0,0.0874138,0.0,0.0,0.063,0.0,0.012,0.6,0.6,-27.9838,2.3285704,0.77619016,0.112,0.0,0.16853844,0.0,0.0
hardzero_only__c0p58__z1p00__lam0p000__nu0p50__psi0p00,0.063,borrow,41,491,0.0,2,-0.6,-0.6,-0.61200005,1.0045948,0.0,0.098947585,0.0,0.0,0.063,0.0,0.012,0.6,0.6,-27.07497,2.2101526,0.7367176,0.136,0.0,0.15001729,0.0,0.0
hardzero_only__c0p58__z1p00__lam0p000__nu0p50__psi0p00,0.063,borrow,41,492,0.0,2,-0.6,-0.6,-0.61200005,1.0099435,0.0,0.097736426,0.0,0.0,0.063,0.0,0.012,0.6,0.6,-27.398403,2.22192,0.74064004,0.18400002,0.0,0.14128327,0.0,0.0
hardzero_only__c0p58__z1p00__lam0p000__nu0p50__psi0p00,0.063,borrow,41,493,0.0,2,-0.6,-0.6,-0.6055318,0.9885532,0.10267076,0.10267076,1.0,0.006468258,0.063,0.0,0.012,0.6,0.6,-26.894203,2.1748605,0.72495353,0.224,0.0,0.14596342,0.0,0.0
hardzero_only__c0p58__z1p00__lam0p000__nu0p50__psi0p00,0.063,borrow,41,494,0.0,2,-0.6,-0.6,-0.61200005,1.0421602,0.0,0.09074858,0.0,0.0,0.063,0.0,0.012,0.6,0.6,-27.783173,2.292798,0.764266,0.11,0.0,0.1440001,0.0,0.0
hardzero_only__c0p58__z1p00__lam0p000__nu0p50__psi0p00,0.063,borrow,41,495,0.0,2,-0.6,-0.6,-0.61200005,1.0578423,0.0,0.08753015,0.0,0.0,0.063,0.0,0.012,0.6,0.6,-28.430492,2.3272994,0.7757665,0.2,0.0,0.16676114,0.0,0.0
hardzero_only__c0p58__z1p00__lam0p000__nu0p50__psi0p00,0.063,borrow,41,496,0.0,2,-0.6,-0.6,-0.6053761,0.9782251,0.10514167,0.10514167,1.0,0.006623925,0.063,0.0,0.012,0.6,0.6,-26.417696,2.1521382,0.71737945,0.18400002,0.0,0.13596973,0.0,0.0
hardzero_only__c0p58__z1p00__lam0p000__nu0p50__psi0p00,0.063,borrow,41,497,0.0,2,-0.6,-0.6,-0.6055668,0.99090916,0.102115296,0.102115296,1.0,0.006433264,0.063,0.0,0.012,0.6,0.6,-26.858978,2.1800437,0.72668123,0.192,0.0,0.1454368,0.0,0.0
hardzero_only__c0p58__z1p00__lam0p000__nu0p50__psi0p00,0.063,borrow,41,498,0.0,2,-0.6,-0.6,-0.6053951,0.9794715,0.10484035,0.10484035,1.0,0.0066049425,0.063,0.0,0.012,0.6,0.6,-26.086618,2.1548803,0.7182934,0.216,0.0,0.1490284,0.0,0.0
hardzero_only__c0p58__z1p00__lam0p000__nu0p50__psi0p00,0.063,borrow,41,499,0.0,2,-0.6,-0.6,-0.61200005,1.0483748,0.0,0.08945924,0.0,0.0,0.063,0.0,0.012,0.6,0.6,-27.434587,2.3064706,0.76882356,0.17600001,0.0,0.1822781,0.0,0.0
hardzero_only__c0p58__z1p00__lam0p000__nu0p50__psi0p00,0.063,borrow,41,500,0.0,2,-0.6,-0.6,-0.61200005,1.0058554,0.0,0.09866079,0.0,0.0,0.063,0.0,0.012,0.6,0.6,-27.070333,2.2129261,0.73764205,0.18400002,0.0,0.1465233,0.0,0.0
hardzero_only__c0p58__z1p00__lam0p000__nu0p50__psi0p00,0.063,borrow,41,501,0.0,2,-0.6,-0.6,-0.60524994,0.9700293,0.10714469,0.10714469,1.0,0.0067501157,0.063,0.0,0.012,0.6,0.6,-27.474825,2.134107,0.71136904,0.192,0.0,0.1593892,0.0,0.0
hardzero_only__c0p58__z1p00__lam0p000__nu0p50__psi0p00,0.063,borrow,41,502,0.0,2,-0.6,-0.6,-0.60528773,0.9724669,0.10654501,0.10654501,1.0,0.0067123356,0.063,0.0,0.012,0.6,0.6,-25.980991,2.1394699,0.71315664,0.192,0.0,0.13562539,0.0,0.0
hardzero_only__c0p58__z1p00__lam0p000__nu0p50__psi0p00,0.063,borrow,41,503,0.0,2,-0.6,-0.6,-0.61200005,1.0815563,0.0,0.082878835,0.0,0.0,0.063,0.0,0.012,0.6,0.6,-27.84254,2.3794713,0.7931571,0.104,0.0,0.18265231,0.0,0.0
hardzero_only__c0p58__z1p00__lam0p000__nu0p50__psi0p00,0.063,borrow,41,504,0.0,2,-0.6,-0.6,-0.61200005,1.0431865,0.0,0.09053435,0.0,0.0,0.063,0.0,0.012,0.6,0.6,-27.330513,2.2950563,0.7650188,0.112,0.0,0.16586965,0.0,0.0
hardzero_only__c0p58__z1p00__lam0p000__nu0p50__psi0p00,0.063,borrow,41,505,0.0,2,-0.6,-0.6,-0.60567844,0.9985136,0.10034283,0.10034283,1.0,0.006321599,0.063,0.0,0.012,0.6,0.6,-26.644789,2.1967738,0.73225796,0.216,0.008,0.16531813,0.0,0.0
hardzero_only__c0p58__z1p00__lam0p000__nu0p50__psi0p00,0.063,borrow,41,506,0.0,2,-0.6,-0.6,-0.6056965,0.9997551,0.1000564,0.1000564,1.0,0.0063035535,0.063,0.0,0.012,0.6,0.6,-27.003616,2.199505,0.73316836,0.096,0.0,0.15077111,0.0,0.0
hardzero_only__c0p58__z1p00__lam0p000__nu0p50__psi0p00,0.063,borrow,41,507,0.0,2,-0.6,-0.6,-0.61200005,1.0027871,0.0,0.0993603,0.0,0.0,0.063,0.0,0.012,0.6,0.6,-26.72425,2.2061758,0.735392,0.099999994,0.0,0.13163581,0.0,0.0
hardzero_only__c0p58__z1p00__lam0p000__nu0p50__psi0p00,0.063,borrow,41,508,0.0,2,-0.6,-0.6,-0.61200005,1.016928,0.0,0.096177176,0.0,0.0,0.063,0.0,0.012,0.6,0.6,-27.174753,2.237286,0.74576205,0.17600001,0.0,0.13394974,0.0,0.0
hardzero_only__c0p58__z1p00__lam0p000__nu0p50__psi0p00,0.063,borrow,41,509,0.0,2,-0.6,-0.6,-0.61200005,1.0303757,0.0,0.093244724,0.0,0.0,0.063,0.0,0.012,0.6,0.6,-27.299175,2.266872,0.755624,0.136,0.0,0.16062506,0.0,0.0
hardzero_only__c0p58__z1p00__lam0p000__nu0p50__psi0p00,0.063,borrow,41,510,0.0,2,-0.6,-0.6,-0.61200005,1.0321652,0.0,0.09286131,0.0,0.0,0.063,0.0,0.012,0.6,0.6,-27.86879,2.2708087,0.75693625,0.17600001,0.0,0.16212894,0.0,0.0
hardzero_only__c0p58__z1p00__lam0p000__nu0p50__psi0p00,0.063,borrow,41,511,0.0,2,-0.6,-0.6,-0.60529596,0.973002,0.10641381,0.10641381,1.0,0.00670407,0.063,0.0,0.012,0.6,0.6,-26.784035,2.1406472,0.7135491,0.15200001,0.0,0.13336948,0.0,0.0
hardzero_only__c0p58__z1p00__lam0p000__nu0p50__psi0p00,0.063,borrow,41,512,0.0,2,-0.6,-0.6,-0.6056862,0.9990475,0.100219555,0.100219555,1.0,0.006313832,0.063,0.0,0.012,0.6,0.6,-26.87621,2.1979485,0.7326495,0.216,0.0,0.16621172,0.0,0.0
hardzero_only__c0p58__z1p00__lam0p000__nu0p50__psi0p00,0.063,borrow,41,513,0.0,2,-0.6,-0.6,-0.61200005,1.0662613,0.0,0.08584969,0.0,0.0,0.063,0.0,0.012,0.6,0.6,-26.906523,2.3458216,0.7819406,0.128,0.0,0.1459889,0.0,0.0
hardzero_only__c0p58__z1p00__lam0p000__nu0p50__psi0p00,0.063,borrow,41,514,0.0,2,-0.6,-0.6,-0.61200005,1.0143796,0.0,0.096743174,0.0,0.0,0.063,0.0,0.012,0.6,0.6,-27.434664,2.2316797,0.74389327,0.120000005,0.0,0.16056268,0.0,0.0
hardzero_only__c0p58__z1p00__lam0p000__nu0p50__psi0p00,0.063,borrow,41,515,0.0,2,-0.6,-0.6,-0.61200005,1.0044162,0.0,0.09898827,0.0,0.0,0.063,0.0,0.012,0.6,0.6,-26.437002,2.20976,0.7365867,0.16000001,0.0,0.17535856,0.0,0.0
hardzero_only__c0p58__z1p00__lam0p000__nu0p50__psi0p00,0.063,borrow,41,516,0.0,2,-0.6,-0.6,-0.61200005,1.0346406,0.0,0.09233352,0.0,0.0,0.063,0.0,0.012,0.6,0.6,-27.303295,2.2762547,0.7587516,0.128,0.0,0.16970323,0.0,0.0
hardzero_only__c0p58__z1p00__lam0p000__nu0p50__psi0p00,0.063,borrow,41,517,0.0,2,-0.6,-0.6,-0.61200005,1.008842,0.0,0.097984634,0.0,0.0,0.063,0.0,0.012,0.6,0.6,-27.189024,2.2194967,0.7398323,0.17600001,0.0,0.16176231,0.0,0.0
hardzero_only__c0p58__z1p00__lam0p000__nu0p50__psi0p00,0.063,borrow,41,518,0.0,2,-0.6,-0.6,-0.61200005,1.0375048,0.0,0.09172657,0.0,0.0,0.063,0.0,0.012,0.6,0.6,-27.507492,2.282556,0.76085204,0.18400002,0.0,0.16267322,0.0,0.0
hardzero_only__c0p58__z1p00__lam0p000__nu0p50__psi0p00,0.063,borrow,41,519,0.0,2,-0.6,-0.6,-0.61200005,1.0438188,0.0,0.090402655,0.0,0.0,0.063,0.0,0.012,0.6,0.6,-27.560822,2.2964473,0.7654824,0.15200001,0.0,0.16283034,0.0,0.0
hardzero_only__c0p58__z1p00__lam0p000__nu0p50__psi0p00,0.063,borrow,41,520,0.0,2,-0.6,-0.6,-0.61200005,1.0889366,0.0,0.081482336,0.0,0.0,0.063,0.0,0.012,0.6,0.6,-29.017204,2.3957083,0.79856944,0.14999999,0.0,0.17794827,0.0,0.0
hardzero_only__c0p58__z1p00__lam0p000__nu0p50__psi0p00,0.063,borrow,41,521,0.0,2,-0.6,-0.6,-0.6056037,0.99340785,0.10152947,0.10152947,1.0,0.006396357,0.063,0.0,0.012,0.6,0.6,-27.82872,2.185541,0.72851366,0.192,0.0,0.1480041,0.0,0.0
hardzero_only__c0p58__z1p00__lam0p000__nu0p50__psi0p00,0.063,borrow,41,522,0.0,2,-0.6,-0.6,-0.60514134,0.9630995,0.10886807,0.10886807,1.0,0.0068586883,0.063,0.0,0.012,0.6,0.6,-26.11865,2.1188612,0.7062871,0.208,0.0,0.14373812,0.0,0.0
hardzero_only__c0p58__z1p00__lam0p000__nu0p50__psi0p00,0.063,borrow,41,523,0.0,2,-0.6,-0.6,-0.60496217,0.9518996,0.11171214,0.11171214,1.0,0.007037865,0.063,0.0,0.012,0.6,0.6,-26.230356,2.0942209,0.6980736,0.24000001,0.0,0.14778951,0.0,0.0
hardzero_only__c0p58__z1p00__lam0p000__nu0p50__psi0p00,0.063,borrow,41,524,0.0,2,-0.6,-0.6,-0.61200005,1.0103283,0.0,0.09764987,0.0,0.0,0.063,0.0,0.012,0.6,0.6,-26.842508,2.2227666,0.7409222,0.17600001,0.0,0.17519134,0.0,0.0
hardzero_only__c0p58__z1p00__lam0p000__nu0p50__psi0p00,0.063,borrow,41,525,0.0,2,-0.6,-0.6,-0.6053493,0.97646964,0.10556752,0.10556752,1.0,0.006650754,0.063,0.0,0.012,0.6,0.6,-26.644245,2.148276,0.71609205,0.18400002,0.0,0.13950346,0.0,0.0
hardzero_only__c0p58__z1p00__lam0p000__nu0p50__psi0p00,0.063,borrow,41,526,0.0,2,-0.6,-0.6,-0.6054515,0.98319715,0.10394482,0.10394482,1.0,0.006548524,0.063,0.0,0.012,0.6,0.6,-26.65351,2.1630769,0.72102565,0.23200001,0.0,0.16310814,0.0,0.0
hardzero_only__c0p58__z1p00__lam0p000__nu0p50__psi0p00,0.063,borrow,41,527,0.0,2,-0.6,-0.6,-0.60530835,0.97380316,0.106217675,0.106217675,1.0,0.006691714,0.063,0.0,0.012,0.6,0.6,-26.795752,2.1424098,0.7141366,0.216,0.0,0.13716604,0.0,0.0
hardzero_only__c0p58__z1p00__lam0p000__nu0p50__psi0p00,0.063,borrow,41,528,0.0,2,-0.6,-0.6,-0.61200005,1.0533012,0.0,0.08845019,0.0,0.0,0.063,0.0,0.012,0.6,0.6,-27.482368,2.317309,0.7724363,0.128,0.0,0.17034702,0.0,0.0
hardzero_only__c0p58__z1p00__lam0p000__nu0p50__psi0p00,0.063,borrow,41,529,0.0,2,-0.6,-0.6,-0.61200005,1.0348111,0.0,0.09229726,0.0,0.0,0.063,0.0,0.012,0.6,0.6,-26.893929,2.27663,0.7588767,0.2,0.0,0.13921024,0.0,0.0
hardzero_only__c0p58__z1p00__lam0p000__nu0p50__psi0p00,0.063,borrow,41,530,0.0,2,-0.6,-0.6,-0.61200005,1.0002177,0.0,0.0999499,0.0,0.0,0.063,0.0,0.012,0.6,0.6,-27.014818,2.200523,0.73350763,0.128,0.0,0.15391073,0.0,0.0
hardzero_only__c0p58__z1p00__lam0p000__nu0p50__psi0p00,0.063,borrow,41,531,0.0,2,-0.6,-0.6,-0.61200005,1.0162654,0.0,0.09632401,0.0,0.0,0.063,0.0,0.012,0.6,0.6,-27.230148,2.2358286,0.7452762,0.17600001,0.0,0.1366155,0.0,0.0
hardzero_only__c0p58__z1p00__lam0p000__nu0p50__psi0p00,0.063,borrow,41,532,0.0,2,-0.6,-0.6,-0.6054348,0.9820888,0.10421043,0.10421043,1.0,0.006565257,0.063,0.0,0.012,0.6,0.6,-26.490923,2.1606386,0.7202129,0.192,0.0,0.15560722,0.0,0.0
hardzero_only__c0p58__z1p00__lam0p000__nu0p50__psi0p00,0.063,borrow,41,533,0.0,2,-0.6,-0.6,-0.60524917,0.9699788,0.107157156,0.107157156,1.0,0.0067509008,0.063,0.0,0.012,0.6,0.6,-25.604666,2.133996,0.711332,0.19,0.0,0.13746776,0.0,0.0
hardzero_only__c0p58__z1p00__lam0p000__nu0p50__psi0p00,0.063,borrow,41,534,0.0,2,-0.6,-0.6,-0.61200005,1.0011679,0.0,0.099731445,0.0,0.0,0.063,0.0,0.012,0.6,0.6,-27.605186,2.2026134,0.7342045,0.192,0.0,0.1523799,0.0,0.0
hardzero_only__c0p58__z1p00__lam0p000__nu0p50__psi0p00,0.063,borrow,41,535,0.0,2,-0.6,-0.6,-0.60537606,0.9782198,0.10514294,0.10514294,1.0,0.0066240057,0.063,0.0,0.012,0.6,0.6,-26.34973,2.1521266,0.7173755,0.16000001,0.0,0.13577381,0.0,0.0
hardzero_only__c0p58__z1p00__lam0p000__nu0p50__psi0p00,0.063,borrow,41,536,0.0,2,-0.6,-0.6,-0.61200005,1.0094233,0.0,0.097853586,0.0,0.0,0.063,0.0,0.012,0.6,0.6,-26.996315,2.2207756,0.7402586,0.16800001,0.0,0.15598902,0.0,0.0
hardzero_only__c0p58__z1p00__lam0p000__nu0p50__psi0p00,0.063,borrow,41,537,0.0,2,-0.6,-0.6,-0.604884,0.9471041,0.112952515,0.112952515,1.0,0.0071160085,0.063,0.0,0.012,0.6,0.6,-26.580626,2.0836706,0.6945569,0.216,0.0,0.15439858,0.0,0.0
hardzero_only__c0p58__z1p00__lam0p000__nu0p50__psi0p00,0.063,borrow,41,538,0.0,2,-0.6,-0.6,-0.61200005,1.0706791,0.0,0.08498082,0.0,0.0,0.063,0.0,0.012,0.6,0.6,-27.91081,2.355541,0.78518033,0.14400001,0.0,0.16592492,0.0,0.0
hardzero_only__c0p58__z1p00__lam0p000__nu0p50__psi0p00,0.063,borrow,41,539,0.0,2,-0.6,-0.6,-0.61200005,1.0407386,0.0,0.0910461,0.0,0.0,0.063,0.0,0.012,0.6,0.6,-27.523716,2.2896707,0.7632236,0.136,0.0,0.15061893,0.0,0.0
hardzero_only__c0p58__z1p00__lam0p000__nu0p50__psi0p00,0.063,borrow,41,540,0.0,2,-0.6,-0.6,-0.61200005,1.0041839,0.0,0.099041246,0.0,0.0,0.063,0.0,0.012,0.6,0.6,-26.88297,2.2092488,0.7364163,0.16000001,0.0,0.19106072,0.0,0.0
hardzero_only__c0p58__z1p00__lam0p000__nu0p50__psi0p00,0.063,borrow,41,541,0.0,2,-0.6,-0.6,-0.6056896,0.9992774,0.10016653,0.10016653,1.0,0.0063104914,0.063,0.0,0.012,0.6,0.6,-26.810217,2.1984541,0.73281807,0.15200001,0.0,0.15604761,0.0,0.0
hardzero_only__c0p58__z1p00__lam0p000__nu0p50__psi0p00,0.063,borrow,41,542,0.0,2,-0.6,-0.6,-0.61200005,1.0316138,0.0,0.09297928,0.0,0.0,0.063,0.0,0.012,0.6,0.6,-27.520803,2.2695959,0.75653195,0.16800001,0.0,0.18409124,0.0,0.0
hardzero_only__c0p58__z1p00__lam0p000__nu0p50__psi0p00,0.063,borrow,41,543,0.0,2,-0.6,-0.6,-0.61200005,1.0047241,0.0,0.09891811,0.0,0.0,0.063,0.0,0.012,0.6,0.6,-26.67821,2.2104373,0.7368125,0.16000001,0.0,0.14220907,0.0,0.0
hardzero_only__c0p58__z1p00__lam0p000__nu0p50__psi0p00,0.063,borrow,41,544,0.0,2,-0.6,-0.6,-0.6055024,0.9865863,0.1031368,0.1031368,1.0,0.0064976187,0.063,0.0,0.012,0.6,0.6,-26.187529,2.1705332,0.7235111,0.15200001,0.0,0.16979963,0.0,0.0
hardzero_only__c0p58__z1p00__lam0p000__nu0p50__psi0p00,0.063,borrow,41,545,0.0,2,-0.6,-0.6,-0.61200005,1.0513263,0.0,0.08885333,0.0,0.0,0.063,0.0,0.012,0.6,0.6,-26.79166,2.312964,0.770988,0.18400002,0.008,0.18142635,0.0,0.0
hardzero_only__c0p58__z1p00__lam0p000__nu0p50__psi0p00,0.063,borrow,41,546,0.0,2,-0.6,-0.6,-0.6050471,0.9571709,0.11036441,0.11036441,1.0,0.0069529577,0.063,0.0,0.012,0.6,0.6,-25.544855,2.105818,0.70193934,0.17999999,0.0,0.13392223,0.0,0.0
hardzero_only__c0p58__z1p00__lam0p000__nu0p50__psi0p00,0.063,borrow,41,547,0.0,2,-0.6,-0.6,-0.60506535,0.95831347,0.11007445,0.11007445,1.0,0.0069346908,0.063,0.0,0.012,0.6,0.6,-26.307669,2.1083317,0.70277727,0.17600001,0.0,0.14461793,0.0,0.0
hardzero_only__c0p58__z1p00__lam0p000__nu0p50__psi0p00,0.063,borrow,41,548,0.0,2,-0.6,-0.6,-0.61200005,1.013221,0.0,0.09700163,0.0,0.0,0.063,0.0,0.012,0.6,0.6,-26.740404,2.2291307,0.7430436,0.14400001,0.0,0.17338137,0.0,0.0
hardzero_only__c0p58__z1p00__lam0p000__nu0p50__psi0p00,0.063,borrow,41,549,0.0,2,-0.6,-0.6,-0.605596,0.9928854,0.10165169,0.10165169,1.0,0.0064040567,0.063,0.0,0.012,0.6,0.6,-27.098927,2.1843915,0.7281305,0.192,0.0,0.15794934,0.0,0.0
hardzero_only__c0p58__z1p00__lam0p000__nu0p50__psi0p00,0.063,borrow,41,550,0.0,2,-0.6,-0.6,-0.61200005,1.0965409,0.0,0.08006802,0.0,0.0,0.063,0.0,0.012,0.6,0.6,-28.711046,2.4124382,0.80414605,0.18400002,0.0,0.18049791,0.0,0.0
hardzero_only__c0p58__z1p00__lam0p000__nu0p50__psi0p00,0.063,borrow,41,551,0.0,2,-0.6,-0.6,-0.61200005,1.0759615,0.0,0.08395345,0.0,0.0,0.063,0.0,0.012,0.6,0.6,-28.356094,2.3671625,0.78905416,0.128,0.0,0.1722597,0.0,0.0
hardzero_only__c0p58__z1p00__lam0p000__nu0p50__psi0p00,0.063,borrow,41,552,0.0,2,-0.6,-0.6,-0.61200005,1.0087837,0.0,0.09799778,0.0,0.0,0.063,0.0,0.012,0.6,0.6,-26.814056,2.2193685,0.7397895,0.15200001,0.0,0.15611854,0.0,0.0
hardzero_only__c0p58__z1p00__lam0p000__nu0p50__psi0p00,0.063,borrow,41,553,0.0,2,-0.6,-0.6,-0.60486513,0.9459521,0.11325253,0.11325253,1.0,0.0071349093,0.063,0.0,0.012,0.6,0.6,-25.744675,2.0811362,0.6937121,0.17600001,0.0,0.15774998,0.0,0.0
hardzero_only__c0p58__z1p00__lam0p000__nu0p50__psi0p00,0.063,borrow,41,554,0.0,2,-0.6,-0.6,-0.6051363,0.96277905,0.10894842,0.10894842,1.0,0.0068637505,0.063,0.0,0.012,0.6,0.6,-26.52879,2.1181562,0.70605206,0.17600001,0.0,0.15381014,0.0,0.0
hardzero_only__c0p58__z1p00__lam0p000__nu0p50__psi0p00,0.063,borrow,41,555,0.0,2,-0.6,-0.6,-0.61200005,1.0016428,0.0,0.099622436,0.0,0.0,0.063,0.0,0.012,0.6,0.6,-27.247028,2.2036583,0.7345528,0.136,0.0,0.12726851,0.0,0.0
hardzero_only__c0p58__z1p00__lam0p000__nu0p50__psi0p00,0.063,borrow,41,556,0.0,2,-0.6,-0.6,-0.61200005,1.0307164,0.0,0.09317161,0.0,0.0,0.063,0.0,0.012,0.6,0.6,-27.244009,2.2676213,0.7558738,0.16000001,0.0,0.14466125,0.0,0.0
hardzero_only__c0p58__z1p00__lam0p000__nu0p50__psi0p00,0.063,borrow,41,557,0.0,2,-0.6,-0.6,-0.61200005,1.0016218,0.0,0.09962726,0.0,0.0,0.063,0.0,0.012,0.6,0.6,-27.152233,2.203612,0.73453736,0.15200001,0.0,0.14734304,0.0,0.0
hardzero_only__c0p58__z1p00__lam0p000__nu0p50__psi0p00,0.063,borrow,41,558,0.0,2,-0.6,-0.6,-0.60540456,0.98009145,0.10469081,0.10469081,1.0,0.0065955212,0.063,0.0,0.012,0.6,0.6,-26.287846,2.1562443,0.7187481,0.16800001,0.0,0.14456439,0.0,0.0
hardzero_only__c0p58__z1p00__lam0p000__nu0p50__psi0p00,0.063,borrow,41,559,0.0,2,-0.6,-0.6,-0.61200005,1.011075,0.0,0.09748211,0.0,0.0,0.063,0.0,0.012,0.6,0.6,-27.453983,2.2244093,0.7414698,0.13,0.0,0.14806275,0.0,0.0
hardzero_only__c0p58__z1p00__lam0p000__nu0p50__psi0p00,0.063,borrow,41,560,0.0,2,-0.6,-0.6,-0.60563916,0.995822,0.100966655,0.100966655,1.0,0.006360899,0.063,0.0,0.012,0.6,0.6,-26.821407,2.1908522,0.7302841,0.120000005,0.0,0.13313438,0.0,0.0
hardzero_only__c0p58__z1p00__lam0p000__nu0p50__psi0p00,0.063,borrow,41,561,0.0,2,-0.6,-0.6,-0.61200005,1.0456368,0.0,0.09002502,0.0,0.0,0.063,0.0,0.012,0.6,0.6,-27.119537,2.3004467,0.7668156,0.104,0.0,0.15390928,0.0,0.0
hardzero_only__c0p58__z1p00__lam0p000__nu0p50__psi0p00,0.063,borrow,41,562,0.0,2,-0.6,-0.6,-0.60525185,0.9701538,0.107113995,0.107113995,1.0,0.006748182,0.063,0.0,0.012,0.6,0.6,-26.322678,2.134381,0.71146035,0.128,0.0,0.15162164,0.0,0.0
hardzero_only__c0p58__z1p00__lam0p000__nu0p50__psi0p00,0.063,borrow,41,563,0.0,2,-0.6,-0.6,-0.61200005,1.0690438,0.0,0.08530141,0.0,0.0,0.063,0.0,0.012,0.6,0.6,-27.275457,2.3519433,0.7839811,0.14400001,0.0,0.16202411,0.0,0.0
hardzero_only__c0p58__z1p00__lam0p000__nu0p50__psi0p00,0.063,borrow,41,564,0.0,2,-0.6,-0.6,-0.6052597,0.9706583,0.10698964,0.10698964,1.0,0.006740347,0.063,0.0,0.012,0.6,0.6,-26.636848,2.135491,0.7118303,0.17600001,0.0,0.17119004,0.0,0.0
hardzero_only__c0p58__z1p00__lam0p000__nu0p50__psi0p00,0.063,borrow,41,565,0.0,2,-0.6,-0.6,-0.6055439,0.9893687,0.10247817,0.10247817,1.0,0.0064561246,0.063,0.0,0.012,0.6,0.6,-26.55887,2.1766546,0.72555155,0.17600001,0.0,0.16538213,0.0,0.0
hardzero_only__c0p58__z1p00__lam0p000__nu0p50__psi0p00,0.063,borrow,41,566,0.0,2,-0.6,-0.6,-0.61200005,1.0154502,0.0,0.096504994,0.0,0.0,0.063,0.0,0.012,0.6,0.6,-27.20688,2.2340353,0.74467844,0.128,0.0,0.15961358,0.0,0.0
hardzero_only__c0p58__z1p00__lam0p000__nu0p50__psi0p00,0.063,borrow,41,567,0.0,2,-0.6,-0.6,-0.61200005,1.085507,0.0,0.082128316,0.0,0.0,0.063,0.0,0.012,0.6,0.6,-28.98529,2.388163,0.79605436,0.120000005,0.0,0.17425403,0.0,0.0
hardzero_only__c0p58__z1p00__lam0p000__nu0p50__psi0p00,0.063,borrow,41,568,0.0,2,-0.6,-0.6,-0.61200005,1.0242963,0.0,0.094559185,0.0,0.0,0.063,0.0,0.012,0.6,0.6,-28.557884,2.253497,0.7511656,0.192,0.0,0.15758386,0.0,0.0
hardzero_only__c0p58__z1p00__lam0p000__nu0p50__psi0p00,0.063,borrow,41,569,0.0,2,-0.6,-0.6,-0.61200005,1.0465124,0.0,0.08984371,0.0,0.0,0.063,0.0,0.012,0.6,0.6,-27.695093,2.3023732,0.7674577,0.208,0.0,0.16083108,0.0,0.0
hardzero_only__c0p58__z1p00__lam0p000__nu0p50__psi0p00,0.063,borrow,41,570,0.0,2,-0.6,-0.6,-0.61200005,1.0388603,0.0,0.09144072,0.0,0.0,0.063,0.0,0.012,0.6,0.6,-26.823048,2.2855384,0.7618462,0.136,0.0,0.14303383,0.0,0.0
hardzero_only__c0p58__z1p00__lam0p000__nu0p50__psi0p00,0.063,borrow,41,571,0.0,2,-0.6,-0.6,-0.61200005,1.0185673,0.0,0.095814824,0.0,0.0,0.063,0.0,0.012,0.6,0.6,-27.230955,2.240893,0.74696434,0.16800001,0.0,0.14571926,0.0,0.0
hardzero_only__c0p58__z1p00__lam0p000__nu0p50__psi0p00,0.063,borrow,41,572,0.0,2,-0.6,-0.6,-0.61200005,1.0025202,0.0,0.09942139,0.0,0.0,0.063,0.0,0.012,0.6,0.6,-27.314453,2.2055886,0.73519623,0.17,0.0,0.14372502,0.0,0.0
hardzero_only__c0p58__z1p00__lam0p000__nu0p50__psi0p00,0.063,borrow,41,573,0.0,2,-0.6,-0.6,-0.61200005,1.0180067,0.0,0.095938586,0.0,0.0,0.063,0.0,0.012,0.6,0.6,-27.264881,2.2396593,0.7465531,0.15200001,0.0,0.1583457,0.0,0.0
hardzero_only__c0p58__z1p00__lam0p000__nu0p50__psi0p00,0.063,borrow,41,574,0.0,2,-0.6,-0.6,-0.61200005,1.037728,0.0,0.091679454,0.0,0.0,0.063,0.0,0.012,0.6,0.6,-27.155048,2.283047,0.76101565,0.15200001,0.0,0.16827324,0.0,0.0
hardzero_only__c0p58__z1p00__lam0p000__nu0p50__psi0p00,0.063,borrow,41,575,0.0,2,-0.6,-0.6,-0.61200005,1.0148327,0.0,0.09664229,0.0,0.0,0.063,0.0,0.012,0.6,0.6,-26.841738,2.2326765,0.7442255,0.16000001,0.0,0.16191389,0.0,0.0
hardzero_only__c0p58__z1p00__lam0p000__nu0p50__psi0p00,0.063,borrow,41,576,0.0,2,-0.6,-0.6,-0.61200005,1.016614,0.0,0.09624675,0.0,0.0,0.063,0.0,0.012,0.6,0.6,-26.911163,2.2365954,0.7455318,0.136,0.0,0.14766902,0.0,0.0
hardzero_only__c0p58__z1p00__lam0p000__nu0p50__psi0p00,0.063,borrow,41,577,0.0,2,-0.6,-0.6,-0.61200005,1.0223006,0.0,0.09499472,0.0,0.0,0.063,0.0,0.012,0.6,0.6,-27.962233,2.2491062,0.7497021,0.192,0.0,0.15542221,0.0,0.0
hardzero_only__c0p58__z1p00__lam0p000__nu0p50__psi0p00,0.063,borrow,41,578,0.0,2,-0.6,-0.6,-0.60467976,0.93481237,0.11619504,0.11619504,1.0,0.0073202876,0.063,0.0,0.012,0.6,0.6,-25.377577,2.0566282,0.68554276,0.192,0.0,0.12863635,0.0,0.0
hardzero_only__c0p58__z1p00__lam0p000__nu0p50__psi0p00,0.063,borrow,41,579,0.0,2,-0.6,-0.6,-0.6054693,0.9843763,0.10366299,0.10366299,1.0,0.0065307687,0.063,0.0,0.012,0.6,0.6,-27.422718,2.165671,0.7218904,0.14400001,0.0,0.13168417,0.0,0.0
hardzero_only__c0p58__z1p00__lam0p000__nu0p50__psi0p00,0.063,borrow,41,580,0.0,2,-0.6,-0.6,-0.61200005,1.0200973,0.0,0.09547788,0.0,0.0,0.063,0.0,0.012,0.6,0.6,-26.825037,2.2442589,0.74808633,0.14400001,0.0,0.1660431,0.0,0.0
hardzero_only__c0p58__z1p00__lam0p000__nu0p50__psi0p00,0.063,borrow,41,581,0.0,2,-0.6,-0.6,-0.61200005,1.0164837,0.0,0.09627562,0.0,0.0,0.063,0.0,0.012,0.6,0.6,-27.006393,2.2363088,0.7454363,0.08800001,0.0,0.14185047,0.0,0.0
hardzero_only__c0p58__z1p00__lam0p000__nu0p50__psi0p00,0.063,borrow,41,582,0.0,2,-0.6,-0.6,-0.61200005,1.0319691,0.0,0.09290325,0.0,0.0,0.063,0.0,0.012,0.6,0.6,-27.39777,2.2703772,0.7567924,0.136,0.0,0.1577093,0.0,0.0
hardzero_only__c0p58__z1p00__lam0p000__nu0p50__psi0p00,0.063,borrow,41,583,0.0,2,-0.6,-0.6,-0.60536563,0.97753775,0.10530822,0.10530822,1.0,0.006634418,0.063,0.0,0.012,0.6,0.6,-26.627485,2.150626,0.7168753,0.224,0.0,0.16097464,0.0,0.0
hardzero_only__c0p58__z1p00__lam0p000__nu0p50__psi0p00,0.063,borrow,41,584,0.0,2,-0.6,-0.6,-0.60561657,0.994285,0.101324625,0.101324625,1.0,0.0063834516,0.063,0.0,0.012,0.6,0.6,-25.996447,2.1874707,0.7291569,0.16800001,0.0,0.18279074,0.0,0.0
hardzero_only__c0p58__z1p00__lam0p000__nu0p50__psi0p00,0.063,borrow,41,585,0.0,2,-0.6,-0.6,-0.6052369,0.9691927,0.107351296,0.107351296,1.0,0.006763132,0.063,0.0,0.012,0.6,0.6,-25.927513,2.1322665,0.7107555,0.19,0.0,0.14081627,0.0,0.0
hardzero_only__c0p58__z1p00__lam0p000__nu0p50__psi0p00,0.063,borrow,41,586,0.0,2,-0.6,-0.6,-0.6056787,0.9985279,0.10033953,0.10033953,1.0,0.0063213906,0.063,0.0,0.012,0.6,0.6,-26.975323,2.1968052,0.73226845,0.18400002,0.0,0.16279203,0.0,0.0
hardzero_only__c0p58__z1p00__lam0p000__nu0p50__psi0p00,0.063,borrow,41,587,0.0,2,-0.6,-0.6,-0.6055525,0.98994446,0.10234238,0.10234238,1.0,0.0064475704,0.063,0.0,0.012,0.6,0.6,-26.406366,2.1779213,0.7259738,0.136,0.0,0.14755782,0.0,0.0
hardzero_only__c0p58__z1p00__lam0p000__nu0p50__psi0p00,0.063,borrow,41,588,0.0,2,-0.6,-0.6,-0.61200005,1.0550387,0.0,0.08809704,0.0,0.0,0.063,0.0,0.012,0.6,0.6,-27.479395,2.3211315,0.7737105,0.14400001,0.0,0.15769282,0.0,0.0
hardzero_only__c0p58__z1p00__lam0p000__nu0p50__psi0p00,0.063,borrow,41,589,0.0,2,-0.6,-0.6,-0.6053629,0.9773602,0.10535126,0.10535126,1.0,0.0066371295,0.063,0.0,0.012,0.6,0.6,-25.945217,2.1502354,0.71674514,0.15200001,0.008,0.12340461,0.0,0.0
hardzero_only__c0p58__z1p00__lam0p000__nu0p50__psi0p00,0.063,borrow,41,590,0.0,2,-0.6,-0.6,-0.61200005,1.0307207,0.0,0.09317068,0.0,0.0,0.063,0.0,0.012,0.6,0.6,-27.560318,2.2676308,0.75587696,0.14400001,0.0,0.16943704,0.0,0.0
hardzero_only__c0p58__z1p00__lam0p000__nu0p50__psi0p00,0.063,borrow,41,591,0.0,2,-0.6,-0.6,-0.61200005,1.0428892,0.0,0.09059637,0.0,0.0,0.063,0.0,0.012,0.6,0.6,-27.632479,2.2944021,0.7648007,0.224,0.0,0.168944,0.0,0.0
hardzero_only__c0p58__z1p00__lam0p000__nu0p50__psi0p00,0.063,borrow,41,592,0.0,2,-0.6,-0.6,-0.6054936,0.9859985,0.1032765,0.1032765,1.0,0.0065064197,0.063,0.0,0.012,0.6,0.6,-26.796844,2.16924,0.72308004,0.16800001,0.0,0.18146639,0.0,0.0
hardzero_only__c0p58__z1p00__lam0p000__nu0p50__psi0p00,0.063,borrow,41,593,0.0,2,-0.6,-0.6,-0.6055811,0.9918768,0.10188804,0.10188804,1.0,0.0064189467,0.063,0.0,0.012,0.6,0.6,-27.346514,2.1821725,0.7273909,0.16800001,0.0,0.15287647,0.0,0.0
hardzero_only__c0p58__z1p00__lam0p000__nu0p50__psi0p00,0.063,borrow,41,594,0.0,2,-0.6,-0.6,-0.61200005,1.0358394,0.0,0.09207899,0.0,0.0,0.063,0.0,0.012,0.6,0.6,-27.023678,2.2788923,0.7596308,0.16000001,0.0,0.18338577,0.0,0.0
hardzero_only__c0p58__z1p00__lam0p000__nu0p50__psi0p00,0.063,borrow,41,595,0.0,2,-0.6,-0.6,-0.60531664,0.97434366,0.10608556,0.10608556,1.0,0.0066833906,0.063,0.0,0.012,0.6,0.6,-25.992632,2.1435988,0.714533,0.16800001,0.0,0.12423175,0.0,0.0
hardzero_only__c0p58__z1p00__lam0p000__nu0p50__psi0p00,0.063,borrow,41,596,0.0,2,-0.6,-0.6,-0.61200005,1.0080197,0.0,0.09817034,0.0,0.0,0.063,0.0,0.012,0.6,0.6,-27.407726,2.2176876,0.7392292,0.16800001,0.0,0.14808112,0.0,0.0
hardzero_only__c0p58__z1p00__lam0p000__nu0p50__psi0p00,0.063,borrow,41,597,0.0,2,-0.6,-0.6,-0.6056963,0.9997413,0.10005957,0.10005957,1.0,0.006303753,0.063,0.0,0.012,0.6,0.6,-26.804365,2.1994748,0.7331583,0.104,0.0,0.13774262,0.0,0.0
hardzero_only__c0p58__z1p00__lam0p000__nu0p50__psi0p00,0.063,borrow,41,598,0.0,2,-0.6,-0.6,-0.6047941,0.9416471,0.114380725,0.114380725,1.0,0.007205986,0.063,0.0,0.012,0.6,0.6,-26.413254,2.071665,0.69055504,0.17999999,0.0,0.13928472,0.0,0.0
hardzero_only__c0p58__z1p00__lam0p000__nu0p50__psi0p00,0.063,borrow,41,599,0.0,2,-0.6,-0.6,-0.61200005,1.0358714,0.0,0.09207221,0.0,0.0,0.063,0.0,0.012,0.6,0.6,-27.244207,2.2789626,0.7596542,0.096,0.0,0.14607711,0.0,0.0
hardzero_only__c0p58__z1p00__lam0p000__nu0p50__psi0p00,0.063,borrow,41,600,0.0,2,-0.6,-0.6,-0.61200005,1.0275738,0.0,0.09384824,0.0,0.0,0.063,0.0,0.012,0.6,0.6,-27.512781,2.2607076,0.75356925,0.104,0.0,0.18047376,0.0,0.0
hardzero_only__c0p58__z1p00__lam0p000__nu0p50__psi0p00,0.063,borrow,41,601,0.0,2,-0.6,-0.6,-0.6055536,0.99002165,0.10232419,0.10232419,1.0,0.006446424,0.063,0.0,0.012,0.6,0.6,-26.04828,2.178091,0.72603035,0.208,0.0,0.14231463,0.0,0.0
hardzero_only__c0p58__z1p00__lam0p000__nu0p50__psi0p00,0.063,borrow,41,602,0.0,2,-0.6,-0.6,-0.6052883,0.97250783,0.10653495,0.10653495,1.0,0.006711702,0.063,0.0,0.012,0.6,0.6,-25.970657,2.13956,0.7131867,0.15200001,0.0,0.13929076,0.0,0.0
hardzero_only__c0p58__z1p00__lam0p000__nu0p50__psi0p00,0.063,borrow,41,603,0.0,2,-0.6,-0.6,-0.61200005,1.0300667,0.0,0.09331109,0.0,0.0,0.063,0.0,0.012,0.6,0.6,-27.951248,2.266192,0.7553973,0.15200001,0.0,0.1856546,0.0,0.0
hardzero_only__c0p58__z1p00__lam0p000__nu0p50__psi0p00,0.063,borrow,41,604,0.0,2,-0.6,-0.6,-0.61200005,1.0550381,0.0,0.088097155,0.0,0.0,0.063,0.0,0.012,0.6,0.6,-27.79861,2.3211303,0.77371013,0.16800001,0.0,0.18099004,0.0,0.0
hardzero_only__c0p58__z1p00__lam0p000__nu0p50__psi0p00,0.063,borrow,41,605,0.0,2,-0.6,-0.6,-0.6054801,0.9850935,0.103491925,0.103491925,1.0,0.0065199914,0.063,0.0,0.012,0.6,0.6,-27.448336,2.167249,0.72241634,0.2,0.0,0.15475728,0.0,0.0
hardzero_only__c0p58__z1p00__lam0p000__nu0p50__psi0p00,0.063,borrow,41,606,0.0,2,-0.6,-0.6,-0.6042579,0.9104771,0.12289179,0.12289179,1.0,0.007742183,0.063,0.0,0.012,0.6,0.6,-25.274633,2.0030897,0.6676966,0.208,0.0,0.16419771,0.0,0.0
hardzero_only__c0p58__z1p00__lam0p000__nu0p50__psi0p00,0.063,borrow,41,607,0.0,2,-0.6,-0.6,-0.61200005,1.0260574,0.0,0.09417652,0.0,0.0,0.063,0.0,0.012,0.6,0.6,-26.964924,2.2573712,0.7524571,0.2,0.0,0.15042683,0.0,0.0
hardzero_only__c0p58__z1p00__lam0p000__nu0p50__psi0p00,0.063,borrow,41,608,0.0,2,-0.6,-0.6,-0.61200005,1.0031264,0.0,0.0992827,0.0,0.0,0.063,0.0,0.012,0.6,0.6,-27.061037,2.206922,0.7356407,0.16800001,0.0,0.1591403,0.0,0.0
hardzero_only__c0p58__z1p00__lam0p000__nu0p50__psi0p00,0.063,borrow,41,609,0.0,2,-0.6,-0.6,-0.61200005,1.0594426,0.0,0.0872082,0.0,0.0,0.063,0.0,0.012,0.6,0.6,-27.706137,2.3308203,0.7769401,0.17600001,0.0,0.16434714,0.0,0.0
hardzero_only__c0p58__z1p00__lam0p000__nu0p50__psi0p00,0.063,borrow,41,610,0.0,2,-0.6,-0.6,-0.60509515,0.96018314,0.10960159,0.10960159,1.0,0.0069049,0.063,0.0,0.012,0.6,0.6,-25.575,2.112445,0.7041484,0.18400002,0.0,0.14454748,0.0,0.0
hardzero_only__c0p58__z1p00__lam0p000__nu0p50__psi0p00,0.063,borrow,41,611,0.0,2,-0.6,-0.6,-0.6052563,0.97043985,0.107043445,0.107043445,1.0,0.006743737,0.063,0.0,0.012,0.6,0.6,-26.81409,2.1350102,0.7116701,0.13,0.0,0.1421133,0.0,0.0
hardzero_only__c0p58__z1p00__lam0p000__nu0p50__psi0p00,0.063,borrow,41,612,0.0,2,-0.6,-0.6,-0.61200005,1.0293602,0.0,0.09346302,0.0,0.0,0.063,0.0,0.012,0.6,0.6,-27.119633,2.2646377,0.75487924,0.16800001,0.0,0.18227364,0.0,0.0
hardzero_only__c0p58__z1p00__lam0p000__nu0p50__psi0p00,0.063,borrow,41,613,0.0,2,-0.6,-0.6,-0.61200005,1.0020515,0.0,0.09952873,0.0,0.0,0.063,0.0,0.012,0.6,0.6,-27.50544,2.2045572,0.73485243,0.17600001,0.0,0.17193663,0.0,0.0
hardzero_only__c0p58__z1p00__lam0p000__nu0p50__psi0p00,0.063,borrow,41,614,0.0,2,-0.6,-0.6,-0.6051007,0.9605315,0.10951372,0.10951372,1.0,0.0068993648,0.063,0.0,0.012,0.6,0.6,-26.187304,2.1132114,0.7044038,0.17600001,0.0,0.132152,0.0,0.0
hardzero_only__c0p58__z1p00__lam0p000__nu0p50__psi0p00,0.063,borrow,41,615,0.0,2,-0.6,-0.6,-0.61200005,1.0146786,0.0,0.0966766,0.0,0.0,0.063,0.0,0.012,0.6,0.6,-26.230362,2.2323375,0.7441125,0.128,0.0,0.14753558,0.0,0.0
hardzero_only__c0p58__z1p00__lam0p000__nu0p50__psi0p00,0.063,borrow,41,616,0.0,2,-0.6,-0.6,-0.61200005,1.0564742,0.0,0.08780632,0.0,0.0,0.063,0.0,0.012,0.6,0.6,-28.206024,2.3242896,0.7747632,0.128,0.0,0.16790971,0.0,0.0
hardzero_only__c0p58__z1p00__lam0p000__nu0p50__psi0p00,0.063,borrow,41,617,0.0,2,-0.6,-0.6,-0.61200005,1.0207331,0.0,0.09533819,0.0,0.0,0.063,0.0,0.012,0.6,0.6,-27.067,2.2456577,0.74855256,0.15200001,0.0,0.15983114,0.0,0.0
hardzero_only__c0p58__z1p00__lam0p000__nu0p50__psi0p00,0.063,borrow,41,618,0.0,2,-0.6,-0.6,-0.605472,0.98456067,0.10361898,0.10361898,1.0,0.0065279957,0.063,0.0,0.012,0.6,0.6,-25.499376,2.1660767,0.7220256,0.15200001,0.0,0.13342924,0.0,0.0
hardzero_only__c0p58__z1p00__lam0p000__nu0p50__psi0p00,0.063,borrow,41,619,0.0,2,-0.6,-0.6,-0.60486025,0.9456557,0.11332983,0.11332983,1.0,0.007139779,0.063,0.0,0.012,0.6,0.6,-25.930815,2.0804842,0.69349474,0.16000001,0.0,0.1307188,0.0,0.0
hardzero_only__c0p58__z1p00__lam0p000__nu0p50__psi0p00,0.063,borrow,41,620,0.0,2,-0.6,-0.6,-0.6056732,0.9981534,0.1004261,0.1004261,1.0,0.0063268445,0.063,0.0,0.012,0.6,0.6,-26.198698,2.1959813,0.7319938,0.14400001,0.0,0.13215521,0.0,0.0
hardzero_only__c0p58__z1p00__lam0p000__nu0p50__psi0p00,0.063,borrow,41,621,0.0,2,-0.6,-0.6,-0.61200005,1.0476135,0.0,0.089616194,0.0,0.0,0.063,0.0,0.012,0.6,0.6,-27.428282,2.3047957,0.76826525,0.14400001,0.0,0.15479726,0.0,0.0
hardzero_only__c0p58__z1p00__lam0p000__nu0p50__psi0p00,0.063,borrow,41,622,0.0,2,-0.6,-0.6,-0.61200005,1.029304,0.0,0.0934751,0.0,0.0,0.063,0.0,0.012,0.6,0.6,-27.229872,2.2645142,0.7548381,0.14400001,0.0,0.15589163,0.0,0.0
hardzero_only__c0p58__z1p00__lam0p000__nu0p50__psi0p00,0.063,borrow,41,623,0.0,2,-0.6,-0.6,-0.61200005,1.0148777,0.0,0.09663229,0.0,0.0,0.063,0.0,0.012,0.6,0.6,-27.082981,2.2327754,0.7442585,0.14400001,0.0,0.1473751,0.0,0.0
hardzero_only__c0p58__z1p00__lam0p000__nu0p50__psi0p00,0.063,borrow,41,624,0.0,2,-0.6,-0.6,-0.61200005,1.0520717,0.0,0.08870095,0.0,0.0,0.063,0.0,0.012,0.6,0.6,-27.431181,2.3146038,0.7715346,0.099999994,0.0,0.15049402,0.0,0.0
hardzero_only__c0p58__z1p00__lam0p000__nu0p50__psi0p00,0.063,borrow,41,625,0.0,2,-0.6,-0.6,-0.61200005,1.0302169,0.0,0.093278825,0.0,0.0,0.063,0.0,0.012,0.6,0.6,-27.513245,2.2665224,0.75550747,0.16000001,0.008,0.13893977,0.0,0.0
hardzero_only__c0p58__z1p00__lam0p000__nu0p50__psi0p00,0.063,borrow,41,626,0.0,2,-0.6,-0.6,-0.61200005,1.0453974,0.0,0.090074666,0.0,0.0,0.063,0.0,0.012,0.6,0.6,-27.482336,2.2999203,0.7666401,0.16000001,0.0,0.17633319,0.0,0.0
hardzero_only__c0p58__z1p00__lam0p000__nu0p50__psi0p00,0.063,borrow,41,627,0.0,2,-0.6,-0.6,-0.61200005,1.0113448,0.0,0.09742159,0.0,0.0,0.063,0.0,0.012,0.6,0.6,-26.826834,2.225003,0.7416677,0.112,0.0,0.13941431,0.0,0.0
hardzero_only__c0p58__z1p00__lam0p000__nu0p50__psi0p00,0.063,borrow,41,628,0.0,2,-0.6,-0.6,-0.61200005,1.0405151,0.0,0.09109299,0.0,0.0,0.063,0.0,0.012,0.6,0.6,-28.219751,2.2891788,0.7630596,0.136,0.0,0.15743673,0.0,0.0
hardzero_only__c0p58__z1p00__lam0p000__nu0p50__psi0p00,0.063,borrow,41,629,0.0,2,-0.6,-0.6,-0.61200005,1.0015728,0.0,0.0996385,0.0,0.0,0.063,0.0,0.012,0.6,0.6,-27.351202,2.2035043,0.7345015,0.17600001,0.0,0.13307358,0.0,0.0
hardzero_only__c0p58__z1p00__lam0p000__nu0p50__psi0p00,0.063,borrow,41,630,0.0,2,-0.6,-0.6,-0.61200005,1.0220627,0.0,0.09504677,0.0,0.0,0.063,0.0,0.012,0.6,0.6,-27.458027,2.2485828,0.74952763,0.096,0.0,0.15297835,0.0,0.0
hardzero_only__c0p58__z1p00__lam0p000__nu0p50__psi0p00,0.063,borrow,41,631,0.0,2,-0.6,-0.6,-0.61200005,1.054627,0.0,0.0881806,0.0,0.0,0.063,0.0,0.012,0.6,0.6,-27.93363,2.3202255,0.77340853,0.14400001,0.0,0.1488703,0.0,0.0
hardzero_only__c0p58__z1p00__lam0p000__nu0p50__psi0p00,0.063,borrow,41,632,0.0,2,-0.6,-0.6,-0.61200005,1.0037149,0.0,0.09914825,0.0,0.0,0.063,0.0,0.012,0.6,0.6,-26.896736,2.208217,0.7360723,0.18400002,0.0,0.14798379,0.0,0.0
hardzero_only__c0p58__z1p00__lam0p000__nu0p50__psi0p00,0.063,borrow,41,633,0.0,2,-0.6,-0.6,-0.6056917,0.9994221,0.10013315,0.10013315,1.0,0.0063083884,0.063,0.0,0.012,0.6,0.6,-25.740337,2.1987724,0.73292416,0.15200001,0.0,0.15502447,0.0,0.0
hardzero_only__c0p58__z1p00__lam0p000__nu0p50__psi0p00,0.063,borrow,41,634,0.0,2,-0.6,-0.6,-0.60545033,0.9831185,0.103963636,0.103963636,1.0,0.006549709,0.063,0.0,0.012,0.6,0.6,-26.56469,2.1629038,0.72096795,0.16800001,0.0,0.15157776,0.0,0.0
hardzero_only__c0p58__z1p00__lam0p000__nu0p50__psi0p00,0.063,borrow,41,635,0.0,2,-0.6,-0.6,-0.61200005,1.0478154,0.0,0.08957454,0.0,0.0,0.063,0.0,0.012,0.6,0.6,-27.707525,2.30524,0.7684133,0.136,0.0,0.16050181,0.0,0.0
hardzero_only__c0p58__z1p00__lam0p000__nu0p50__psi0p00,0.063,borrow,41,636,0.0,2,-0.6,-0.6,-0.61200005,1.006861,0.0,0.09843263,0.0,0.0,0.063,0.0,0.012,0.6,0.6,-26.310411,2.2151384,0.7383795,0.120000005,0.0,0.13341223,0.0,0.0
hardzero_only__c0p58__z1p00__lam0p000__nu0p50__psi0p00,0.063,borrow,41,637,0.0,2,-0.6,-0.6,-0.61200005,1.010882,0.0,0.09752545,0.0,0.0,0.063,0.0,0.012,0.6,0.6,-27.26946,2.223985,0.74132836,0.14999999,0.0,0.1261914,0.0,0.0
hardzero_only__c0p58__z1p00__lam0p000__nu0p50__psi0p00,0.063,borrow,41,638,0.0,2,-0.6,-0.6,-0.61200005,1.0043818,0.0,0.09899613,0.0,0.0,0.063,0.0,0.012,0.6,0.6,-26.95779,2.2096841,0.7365614,0.15200001,0.0,0.16648525,0.0,0.0
hardzero_only__c0p58__z1p00__lam0p000__nu0p50__psi0p00,0.063,borrow,41,639,0.0,2,-0.6,-0.6,-0.6052566,0.97045857,0.107038856,0.107038856,1.0,0.006743448,0.063,0.0,0.012,0.6,0.6,-27.254023,2.1350515,0.71168387,0.224,0.0,0.15728152,0.0,0.0
hardzero_only__c0p58__z1p00__lam0p000__nu0p50__psi0p00,0.063,borrow,41,640,0.0,2,-0.6,-0.6,-0.60528076,0.97201705,0.10665542,0.10665542,1.0,0.0067192917,0.063,0.0,0.012,0.6,0.6,-26.912754,2.1384802,0.7128267,0.16800001,0.0,0.1394321,0.0,0.0
hardzero_only__c0p58__z1p00__lam0p000__nu0p50__psi0p00,0.063,borrow,41,641,0.0,2,-0.6,-0.6,-0.61200005,1.0526618,0.0,0.08858052,0.0,0.0,0.063,0.0,0.012,0.6,0.6,-27.448103,2.3159022,0.7719674,0.14400001,0.0,0.17307879,0.0,0.0
hardzero_only__c0p58__z1p00__lam0p000__nu0p50__psi0p00,0.063,borrow,41,642,0.0,2,-0.6,-0.6,-0.61200005,1.0309759,0.0,0.09311593,0.0,0.0,0.063,0.0,0.012,0.6,0.6,-26.539415,2.2681923,0.7560641,0.14400001,0.0,0.1649793,0.0,0.0
hardzero_only__c0p58__z1p00__lam0p000__nu0p50__psi0p00,0.063,borrow,41,643,0.0,2,-0.6,-0.6,-0.61200005,1.0513922,0.0,0.08883984,0.0,0.0,0.063,0.0,0.012,0.6,0.6,-27.35108,2.313109,0.7710363,0.096,0.0,0.17512898,0.0,0.0
hardzero_only__c0p58__z1p00__lam0p000__nu0p50__psi0p00,0.063,borrow,41,644,0.0,2,-0.6,-0.6,-0.61200005,1.0190668,0.0,0.09570469,0.0,0.0,0.063,0.0,0.012,0.6,0.6,-27.745699,2.2419918,0.7473306,0.216,0.0,0.1806808,0.0,0.0
hardzero_only__c0p58__z1p00__lam0p000__nu0p50__psi0p00,0.063,borrow,41,645,0.0,2,-0.6,-0.6,-0.61200005,1.000936,0.0,0.0997847,0.0,0.0,0.063,0.0,0.012,0.6,0.6,-27.040684,2.2021031,0.7340344,0.17600001,0.0,0.13795368,0.0,0.0
hardzero_only__c0p58__z1p00__lam0p000__nu0p50__psi0p00,0.063,borrow,41,646,0.0,2,-0.6,-0.6,-0.60564387,0.99614406,0.10089182,0.10089182,1.0,0.006356185,0.063,0.0,0.012,0.6,0.6,-26.201849,2.1915607,0.73052025,0.16800001,0.0,0.13432999,0.0,0.0
hardzero_only__c0p58__z1p00__lam0p000__nu0p50__psi0p00,0.063,borrow,41,647,0.0,2,-0.6,-0.6,-0.61200005,1.0029657,0.0,0.09931944,0.0,0.0,0.063,0.0,0.012,0.6,0.6,-27.248014,2.2065685,0.73552287,0.208,0.0,0.15150537,0.0,0.0
hardzero_only__c0p58__z1p00__lam0p000__nu0p50__psi0p00,0.063,borrow,41,648,0.0,2,-0.6,-0.6,-0.61200005,1.0812577,0.0,0.08293585,0.0,0.0,0.063,0.0,0.012,0.6,0.6,-28.637276,2.3788145,0.7929382,0.120000005,0.0,0.1757024,0.0,0.0
hardzero_only__c0p58__z1p00__lam0p000__nu0p50__psi0p00,0.063,borrow,41,649,0.0,2,-0.6,-0.6,-0.61200005,1.0161076,0.0,0.09635902,0.0,0.0,0.063,0.0,0.012,0.6,0.6,-27.370708,2.2354813,0.74516046,0.16000001,0.008,0.16550004,0.0,0.0
hardzero_only__c0p58__z1p00__lam0p000__nu0p50__psi0p00,0.063,borrow,41,650,0.0,2,-0.6,-0.6,-0.61200005,1.0488491,0.0,0.089361586,0.0,0.0,0.063,0.0,0.012,0.6,0.6,-28.23206,2.3075142,0.7691714,0.14,0.0,0.16868825,0.0,0.0
hardzero_only__c0p58__z1p00__lam0p000__nu0p50__psi0p00,0.063,borrow,41,651,0.0,2,-0.6,-0.6,-0.605472,0.98455817,0.103619576,0.103619576,1.0,0.0065280334,0.063,0.0,0.012,0.6,0.6,-27.733606,2.1660712,0.7220237,0.16000001,0.0,0.16233817,0.0,0.0
hardzero_only__c0p58__z1p00__lam0p000__nu0p50__psi0p00,0.063,borrow,41,652,0.0,2,-0.6,-0.6,-0.6050044,0.9545098,0.11104276,0.11104276,1.0,0.006995694,0.063,0.0,0.012,0.6,0.6,-25.736729,2.0999634,0.6999878,0.16800001,0.0,0.124181546,0.0,0.0
hardzero_only__c0p58__z1p00__lam0p000__nu0p50__psi0p00,0.063,borrow,41,653,0.0,2,-0.6,-0.6,-0.61200005,1.0165994,0.0,0.09624996,0.0,0.0,0.063,0.0,0.012,0.6,0.6,-27.292362,2.2365634,0.7455212,0.17600001,0.0,0.17238526,0.0,0.0
hardzero_only__c0p58__z1p00__lam0p000__nu0p50__psi0p00,0.063,borrow,41,654,0.0,2,-0.6,-0.6,-0.61200005,1.0133084,0.0,0.0969821,0.0,0.0,0.063,0.0,0.012,0.6,0.6,-26.912996,2.229323,0.7431077,0.192,0.0,0.1316356,0.0,0.0
hardzero_only__c0p58__z1p00__lam0p000__nu0p50__psi0p00,0.063,borrow,41,655,0.0,2,-0.6,-0.6,-0.61200005,1.0101495,0.0,0.09769009,0.0,0.0,0.063,0.0,0.012,0.6,0.6,-27.57461,2.2223732,0.7407911,0.128,0.0,0.19391397,0.0,0.0
hardzero_only__c0p58__z1p00__lam0p000__nu0p50__psi0p00,0.063,borrow,41,656,0.0,2,-0.6,-0.6,-0.61200005,1.020469,0.0,0.09539618,0.0,0.0,0.063,0.0,0.012,0.6,0.6,-26.652767,2.2450764,0.74835885,0.104,0.0,0.14322068,0.0,0.0
hardzero_only__c0p58__z1p00__lam0p000__nu0p50__psi0p00,0.063,borrow,41,657,0.0,2,-0.6,-0.6,-0.61200005,1.0187217,0.0,0.09578077,0.0,0.0,0.063,0.0,0.012,0.6,0.6,-27.022518,2.2412324,0.74707747,0.17600001,0.0,0.17977802,0.0,0.0
hardzero_only__c0p58__z1p00__lam0p000__nu0p50__psi0p00,0.063,borrow,41,658,0.0,2,-0.6,-0.6,-0.61200005,1.0448502,0.0,0.090188205,0.0,0.0,0.063,0.0,0.012,0.6,0.6,-27.623749,2.2987163,0.7662388,0.128,0.0,0.17133345,0.0,0.0
hardzero_only__c0p58__z1p00__lam0p000__nu0p50__psi0p00,0.063,borrow,41,659,0.0,2,-0.6,-0.6,-0.6056525,0.99673414,0.10075483,0.10075483,1.0,0.0063475543,0.063,0.0,0.012,0.6,0.6,-26.356009,2.192859,0.730953,0.136,0.0,0.13865575,0.0,0.0
hardzero_only__c0p58__z1p00__lam0p000__nu0p50__psi0p00,0.063,borrow,41,660,0.0,2,-0.6,-0.6,-0.61200005,1.0238609,0.0,0.09465401,0.0,0.0,0.063,0.0,0.012,0.6,0.6,-27.610853,2.2525392,0.7508464,0.15200001,0.0,0.16420601,0.0,0.0
hardzero_only__c0p58__z1p00__lam0p000__nu0p50__psi0p00,0.063,borrow,41,661,0.0,2,-0.6,-0.6,-0.6050812,0.9593057,0.10982325,0.10982325,1.0,0.006918865,0.063,0.0,0.012,0.6,0.6,-26.35525,2.1105146,0.7035049,0.208,0.0,0.12573983,0.0,0.0
hardzero_only__c0p58__z1p00__lam0p000__nu0p50__psi0p00,0.063,borrow,41,662,0.0,2,-0.6,-0.6,-0.61200005,1.0333235,0.0,0.092613965,0.0,0.0,0.063,0.0,0.012,0.6,0.6,-27.13961,2.2733572,0.75778574,0.128,0.0,0.13676852,0.0,0.0
hardzero_only__c0p58__z1p00__lam0p000__nu0p50__psi0p00,0.063,borrow,41,663,0.0,2,-0.6,-0.6,-0.6048725,0.94640326,0.11313492,0.11313492,1.0,0.0071275,0.063,0.0,0.012,0.6,0.6,-25.804255,2.0821288,0.6940429,0.26,0.0,0.15172954,0.0,0.0
hardzero_only__c0p58__z1p00__lam0p000__nu0p50__psi0p00,0.063,borrow,41,664,0.0,2,-0.6,-0.6,-0.61200005,1.0138927,0.0,0.09685171,0.0,0.0,0.063,0.0,0.012,0.6,0.6,-27.007103,2.2306085,0.7435362,0.16800001,0.0,0.1486313,0.0,0.0
hardzero_only__c0p58__z1p00__lam0p000__nu0p50__psi0p00,0.063,borrow,41,665,0.0,2,-0.6,-0.6,-0.6051408,0.9630645,0.108876854,0.108876854,1.0,0.006859242,0.063,0.0,0.012,0.6,0.6,-26.381466,2.1187842,0.7062614,0.2,0.0,0.15631653,0.0,0.0
hardzero_only__c0p58__z1p00__lam0p000__nu0p50__psi0p00,0.063,borrow,41,666,0.0,2,-0.6,-0.6,-0.61200005,1.0184203,0.0,0.09584725,0.0,0.0,0.063,0.0,0.012,0.6,0.6,-27.262163,2.2405694,0.74685645,0.192,0.0,0.15648629,0.0,0.0
hardzero_only__c0p58__z1p00__lam0p000__nu0p50__psi0p00,0.063,borrow,41,667,0.0,2,-0.6,-0.6,-0.60531986,0.97455233,0.106034614,0.106034614,1.0,0.006680181,0.063,0.0,0.012,0.6,0.6,-26.6869,2.144058,0.71468604,0.192,0.0,0.16430998,0.0,0.0
hardzero_only__c0p58__z1p00__lam0p000__nu0p50__psi0p00,0.063,borrow,41,668,0.0,2,-0.6,-0.6,-0.61200005,1.0131903,0.0,0.0970085,0.0,0.0,0.063,0.0,0.012,0.6,0.6,-27.307259,2.229063,0.743021,0.2,0.0,0.17510717,0.0,0.0
hardzero_only__c0p58__z1p00__lam0p000__nu0p50__psi0p00,0.063,borrow,41,669,0.0,2,-0.6,-0.6,-0.61200005,1.0303452,0.0,0.09325128,0.0,0.0,0.063,0.0,0.012,0.6,0.6,-27.32154,2.2668047,0.7556016,0.136,0.0,0.151059,0.0,0.0
hardzero_only__c0p58__z1p00__lam0p000__nu0p50__psi0p00,0.063,borrow,41,670,0.0,2,-0.6,-0.6,-0.61200005,1.0097224,0.0,0.09778621,0.0,0.0,0.063,0.0,0.012,0.6,0.6,-28.066387,2.2214336,0.7404779,0.208,0.008,0.14489484,0.0,0.0
hardzero_only__c0p58__z1p00__lam0p000__nu0p50__psi0p00,0.063,borrow,41,671,0.0,2,-0.6,-0.6,-0.6054664,0.98418665,0.10370825,0.10370825,1.0,0.00653362,0.063,0.0,0.012,0.6,0.6,-26.24627,2.1652539,0.72175133,0.128,0.0,0.14531851,0.0,0.0
hardzero_only__c0p58__z1p00__lam0p000__nu0p50__psi0p00,0.063,borrow,41,672,0.0,2,-0.6,-0.6,-0.61200005,1.0293565,0.0,0.09346382,0.0,0.0,0.063,0.0,0.012,0.6,0.6,-27.259188,2.2646294,0.7548765,0.14400001,0.0,0.14938006,0.0,0.0
hardzero_only__c0p58__z1p00__lam0p000__nu0p50__psi0p00,0.063,borrow,41,673,0.0,2,-0.6,-0.6,-0.61200005,1.0339019,0.0,0.0924907,0.0,0.0,0.063,0.0,0.012,0.6,0.6,-27.976017,2.2746296,0.7582099,0.096,0.0,0.14003794,0.0,0.0
hardzero_only__c0p58__z1p00__lam0p000__nu0p50__psi0p00,0.063,borrow,41,674,0.0,2,-0.6,-0.6,-0.6053685,0.97772413,0.10526304,0.10526304,1.0,0.006631572,0.063,0.0,0.012,0.6,0.6,-26.735142,2.151036,0.71701205,0.136,0.0,0.13623281,0.0,0.0
hardzero_only__c0p58__z1p00__lam0p000__nu0p50__psi0p00,0.063,borrow,41,675,0.0,2,-0.6,-0.6,-0.61200005,1.0629029,0.0,0.08651613,0.0,0.0,0.063,0.0,0.012,0.6,0.6,-28.733673,2.338433,0.7794777,0.120000005,0.0,0.17484394,0.0,0.0
hardzero_only__c0p58__z1p00__lam0p000__nu0p50__psi0p00,0.063,borrow,41,676,0.0,2,-0.6,-0.6,-0.61200005,1.0442816,0.0,0.09030638,0.0,0.0,0.063,0.0,0.012,0.6,0.6,-27.640734,2.2974653,0.7658218,0.17,0.0,0.16249478,0.0,0.0
hardzero_only__c0p58__z1p00__lam0p000__nu0p50__psi0p00,0.063,borrow,41,677,0.0,2,-0.6,-0.6,-0.6052885,0.9725192,0.10653216,0.10653216,1.0,0.006711526,0.063,0.0,0.012,0.6,0.6,-26.47845,2.139585,0.713195,0.112,0.0,0.1404935,0.0,0.0
hardzero_only__c0p58__z1p00__lam0p000__nu0p50__psi0p00,0.063,borrow,41,678,0.0,2,-0.6,-0.6,-0.605435,0.9821036,0.10420688,0.10420688,1.0,0.006565034,0.063,0.0,0.012,0.6,0.6,-26.408216,2.160671,0.72022367,0.128,0.0,0.15017305,0.0,0.0
hardzero_only__c0p58__z1p00__lam0p000__nu0p50__psi0p00,0.063,borrow,41,679,0.0,2,-0.6,-0.6,-0.61200005,1.0013283,0.0,0.099694595,0.0,0.0,0.063,0.0,0.012,0.6,0.6,-26.78994,2.2029665,0.7343222,0.136,0.0,0.16326948,0.0,0.0
hardzero_only__c0p58__z1p00__lam0p000__nu0p50__psi0p00,0.063,borrow,41,680,0.0,2,-0.6,-0.6,-0.6056214,0.9946136,0.101248,0.101248,1.0,0.006378624,0.063,0.0,0.012,0.6,0.6,-26.342464,2.1881936,0.7293979,0.136,0.0,0.13756655,0.0,0.0
hardzero_only__c0p58__z1p00__lam0p000__nu0p50__psi0p00,0.063,borrow,41,681,0.0,2,-0.6,-0.6,-0.61200005,1.0431199,0.0,0.090548255,0.0,0.0,0.063,0.0,0.012,0.6,0.6,-28.080685,2.2949097,0.76496994,0.16800001,0.0,0.1809217,0.0,0.0
hardzero_only__c0p58__z1p00__lam0p000__nu0p50__psi0p00,0.063,borrow,41,682,0.0,2,-0.6,-0.6,-0.6056976,0.99982977,0.1000392,0.1000392,1.0,0.0063024694,0.063,0.0,0.012,0.6,0.6,-26.401276,2.1996694,0.73322314,0.2,0.0,0.17287123,0.0,0.0
hardzero_only__c0p58__z1p00__lam0p000__nu0p50__psi0p00,0.063,borrow,41,683,0.0,2,-0.6,-0.6,-0.6056483,0.99644566,0.10082177,0.10082177,1.0,0.0063517718,0.063,0.0,0.012,0.6,0.6,-26.582027,2.1922243,0.73074144,0.15200001,0.0,0.13037941,0.0,0.0
hardzero_only__c0p58__z1p00__lam0p000__nu0p50__psi0p00,0.063,borrow,41,684,0.0,2,-0.6,-0.6,-0.61200005,1.043513,0.0,0.09046634,0.0,0.0,0.063,0.0,0.012,0.6,0.6,-27.550972,2.2957742,0.7652581,0.136,0.0,0.15006255,0.0,0.0
hardzero_only__c0p58__z1p00__lam0p000__nu0p50__psi0p00,0.063,borrow,41,685,0.0,2,-0.6,-0.6,-0.6055819,0.99192816,0.10187599,0.10187599,1.0,0.0064181876,0.063,0.0,0.012,0.6,0.6,-25.726526,2.1822855,0.72742856,0.17600001,0.0,0.1604256,0.0,0.0
hardzero_only__c0p58__z1p00__lam0p000__nu0p50__psi0p00,0.063,borrow,41,686,0.0,2,-0.6,-0.6,-0.61200005,1.014483,0.0,0.09672015,0.0,0.0,0.063,0.0,0.012,0.6,0.6,-27.654907,2.2319071,0.7439691,0.16000001,0.0,0.16884635,0.0,0.0
hardzero_only__c0p58__z1p00__lam0p000__nu0p50__psi0p00,0.063,borrow,41,687,0.0,2,-0.6,-0.6,-0.61200005,1.0447522,0.0,0.09020855,0.0,0.0,0.063,0.0,0.012,0.6,0.6,-27.324978,2.2985008,0.7661669,0.18400002,0.0,0.14170714,0.0,0.0
hardzero_only__c0p58__z1p00__lam0p000__nu0p50__psi0p00,0.063,borrow,41,688,0.0,2,-0.6,-0.6,-0.6052182,0.967991,0.10764876,0.10764876,1.0,0.006781872,0.063,0.0,0.012,0.6,0.6,-26.317818,2.1296227,0.7098743,0.17600001,0.0,0.15125997,0.0,0.0
hardzero_only__c0p58__z1p00__lam0p000__nu0p50__psi0p00,0.063,borrow,41,689,0.0,2,-0.6,-0.6,-0.61200005,1.0297856,0.0,0.0933715,0.0,0.0,0.063,0.0,0.012,0.6,0.6,-26.97267,2.2655735,0.7551912,0.17,0.0,0.17541844,0.0,0.0
hardzero_only__c0p58__z1p00__lam0p000__nu0p50__psi0p00,0.063,borrow,41,690,0.0,2,-0.6,-0.6,-0.6053453,0.97621065,0.10563049,0.10563049,1.0,0.0066547208,0.063,0.0,0.012,0.6,0.6,-26.168526,2.1477063,0.7159021,0.208,0.0,0.12958911,0.0,0.0
hardzero_only__c0p58__z1p00__lam0p000__nu0p50__psi0p00,0.063,borrow,41,691,0.0,2,-0.6,-0.6,-0.61200005,1.0348519,0.0,0.0922886,0.0,0.0,0.063,0.0,0.012,0.6,0.6,-27.4373,2.2767196,0.75890654,0.16800001,0.0,0.16272156,0.0,0.0
hardzero_only__c0p58__z1p00__lam0p000__nu0p50__psi0p00,0.063,borrow,41,692,0.0,2,-0.6,-0.6,-0.61200005,1.0508168,0.0,0.08895764,0.0,0.0,0.063,0.0,0.012,0.6,0.6,-27.480778,2.3118432,0.7706144,0.15200001,0.0,0.1891311,0.0,0.0
hardzero_only__c0p58__z1p00__lam0p000__nu0p50__psi0p00,0.063,borrow,41,693,0.0,2,-0.6,-0.6,-0.60547125,0.9845083,0.10363148,0.10363148,1.0,0.0065287836,0.063,0.0,0.012,0.6,0.6,-26.434122,2.1659615,0.7219872,0.17600001,0.0,0.14193006,0.0,0.0
hardzero_only__c0p58__z1p00__lam0p000__nu0p50__psi0p00,0.063,borrow,41,694,0.0,2,-0.6,-0.6,-0.61200005,1.0107263,0.0,0.09756041,0.0,0.0,0.063,0.0,0.012,0.6,0.6,-27.492277,2.2236423,0.74121416,0.120000005,0.0,0.15268908,0.0,0.0
hardzero_only__c0p58__z1p00__lam0p000__nu0p50__psi0p00,0.063,borrow,41,695,0.0,2,-0.6,-0.6,-0.60480034,0.9420272,0.11428066,0.11428066,1.0,0.007199682,0.063,0.0,0.012,0.6,0.6,-25.537024,2.0725012,0.69083375,0.216,0.0,0.12404362,0.0,0.0
hardzero_only__c0p58__z1p00__lam0p000__nu0p50__psi0p00,0.063,borrow,41,696,0.0,2,-0.6,-0.6,-0.6054088,0.98037314,0.104622915,0.104622915,1.0,0.0065912437,0.063,0.0,0.012,0.6,0.6,-26.03304,2.156864,0.7189547,0.16000001,0.0,0.13886927,0.0,0.0
hardzero_only__c0p58__z1p00__lam0p000__nu0p50__psi0p00,0.063,borrow,41,697,0.0,2,-0.6,-0.6,-0.61200005,1.0112927,0.0,0.09743327,0.0,0.0,0.063,0.0,0.012,0.6,0.6,-26.754124,2.2248883,0.7416295,0.16000001,0.0,0.15751837,0.0,0.0
hardzero_only__c0p58__z1p00__lam0p000__nu0p50__psi0p00,0.063,borrow,41,698,0.0,2,-0.6,-0.6,-0.61200005,1.0010154,0.0,0.099766456,0.0,0.0,0.063,0.0,0.012,0.6,0.6,-26.385742,2.202278,0.73409265,0.256,0.0,0.15113492,0.0,0.0
hardzero_only__c0p58__z1p00__lam0p000__nu0p50__psi0p00,0.063,borrow,41,699,0.0,2,-0.6,-0.6,-0.60447097,0.9225979,0.119509414,0.119509414,1.0,0.0075290934,0.063,0.0,0.012,0.6,0.6,-25.87627,2.0297558,0.6765853,0.17600001,0.0,0.13793102,0.0,0.0
hardzero_only__c0p58__z1p00__lam0p000__nu0p50__psi0p00,0.063,borrow,41,700,0.0,2,-0.6,-0.6,-0.61200005,1.0155028,0.0,0.096493304,0.0,0.0,0.063,0.0,0.012,0.6,0.6,-27.577646,2.234151,0.744717,0.16800001,0.0,0.16072188,0.0,0.0
hardzero_only__c0p58__z1p00__lam0p000__nu0p50__psi0p00,0.063,borrow,41,701,0.0,2,-0.6,-0.6,-0.60562366,0.9947681,0.101211995,0.101211995,1.0,0.006376356,0.063,0.0,0.012,0.6,0.6,-27.577866,2.1885335,0.7295112,0.208,0.0,0.17563945,0.0,0.0
hardzero_only__c0p58__z1p00__lam0p000__nu0p50__psi0p00,0.063,borrow,41,702,0.0,2,-0.6,-0.6,-0.61200005,1.039297,0.0,0.091348834,0.0,0.0,0.063,0.0,0.012,0.6,0.6,-27.894545,2.286499,0.7621664,0.16,0.0,0.1410498,0.0,0.0
hardzero_only__c0p58__z1p00__lam0p000__nu0p50__psi0p00,0.063,borrow,41,703,0.0,2,-0.6,-0.6,-0.60556185,0.99057746,0.10219331,0.10219331,1.0,0.0064381785,0.063,0.0,0.012,0.6,0.6,-27.264965,2.179314,0.726438,0.08800001,0.0,0.16024894,0.0,0.0
hardzero_only__c0p58__z1p00__lam0p000__nu0p50__psi0p00,0.063,borrow,41,704,0.0,2,-0.6,-0.6,-0.61200005,1.010252,0.0,0.09766703,0.0,0.0,0.063,0.0,0.012,0.6,0.6,-27.387259,2.2225988,0.7408663,0.16000001,0.0,0.15716767,0.0,0.0
hardzero_only__c0p58__z1p00__lam0p000__nu0p50__psi0p00,0.063,borrow,41,705,0.0,2,-0.6,-0.6,-0.61200005,1.0783511,0.0,0.08349276,0.0,0.0,0.063,0.0,0.012,0.6,0.6,-27.675762,2.3724198,0.79080665,0.064,0.0,0.15664545,0.0,0.0
hardzero_only__c0p58__z1p00__lam0p000__nu0p50__psi0p00,0.063,borrow,41,706,0.0,2,-0.6,-0.6,-0.61200005,1.0861715,0.0,0.08200276,0.0,0.0,0.063,0.0,0.012,0.6,0.6,-28.314127,2.389625,0.7965417,0.136,0.0,0.17581291,0.0,0.0
hardzero_only__c0p58__z1p00__lam0p000__nu0p50__psi0p00,0.063,borrow,41,707,0.0,2,-0.6,-0.6,-0.605393,0.9793331,0.104873784,0.104873784,1.0,0.0066070487,0.063,0.0,0.012,0.6,0.6,-26.463495,2.1545758,0.718192,0.18400002,0.0,0.15602154,0.0,0.0
hardzero_only__c0p58__z1p00__lam0p000__nu0p50__psi0p00,0.063,borrow,41,708,0.0,2,-0.6,-0.6,-0.6055383,0.9889909,0.10256734,0.10256734,1.0,0.0064617423,0.063,0.0,0.012,0.6,0.6,-26.609913,2.1758235,0.7252745,0.104,0.0,0.15555495,0.0,0.0
hardzero_only__c0p58__z1p00__lam0p000__nu0p50__psi0p00,0.063,borrow,41,709,0.0,2,-0.6,-0.6,-0.6056822,0.9987716,0.100283235,0.100283235,1.0,0.006317844,0.063,0.0,0.012,0.6,0.6,-26.595423,2.1973414,0.73244715,0.192,0.0,0.14792545,0.0,0.0
hardzero_only__c0p58__z1p00__lam0p000__nu0p50__psi0p00,0.063,borrow,41,710,0.0,2,-0.6,-0.6,-0.60532063,0.9746024,0.10602238,0.10602238,1.0,0.00667941,0.063,0.0,0.012,0.6,0.6,-26.476276,2.1441681,0.71472275,0.23200001,0.0,0.16151756,0.0,0.0
hardzero_only__c0p58__z1p00__lam0p000__nu0p50__psi0p00,0.063,borrow,41,711,0.0,2,-0.6,-0.6,-0.61200005,1.006902,0.0,0.09842331,0.0,0.0,0.063,0.0,0.012,0.6,0.6,-26.212202,2.2152286,0.7384095,0.15200001,0.0,0.12600437,0.0,0.0
hardzero_only__c0p58__z1p00__lam0p000__nu0p50__psi0p00,0.063,borrow,41,712,0.0,2,-0.6,-0.6,-0.61200005,1.0118691,0.0,0.09730406,0.0,0.0,0.063,0.0,0.012,0.6,0.6,-26.486052,2.2261565,0.7420522,0.120000005,0.0,0.13351779,0.0,0.0
hardzero_only__c0p58__z1p00__lam0p000__nu0p50__psi0p00,0.063,borrow,41,713,0.0,2,-0.6,-0.6,-0.61200005,1.0359699,0.0,0.092051335,0.0,0.0,0.063,0.0,0.012,0.6,0.6,-27.39459,2.279179,0.7597264,0.18400002,0.0,0.16274154,0.0,0.0
hardzero_only__c0p58__z1p00__lam0p000__nu0p50__psi0p00,0.063,borrow,41,714,0.0,2,-0.6,-0.6,-0.61200005,1.0032407,0.0,0.099256575,0.0,0.0,0.063,0.0,0.012,0.6,0.6,-26.8377,2.2071736,0.73572457,0.112,0.0,0.15263559,0.0,0.0
hardzero_only__c0p58__z1p00__lam0p000__nu0p50__psi0p00,0.063,borrow,41,715,0.0,2,-0.6,-0.6,-0.6055596,0.99042344,0.10222957,0.10222957,1.0,0.006440463,0.063,0.0,0.012,0.6,0.6,-26.623827,2.178975,0.72632504,0.12,0.0,0.124432504,0.0,0.0
hardzero_only__c0p58__z1p00__lam0p000__nu0p50__psi0p00,0.063,borrow,41,716,0.0,2,-0.6,-0.6,-0.6053497,0.9764985,0.10556052,0.10556052,1.0,0.006650313,0.063,0.0,0.012,0.6,0.6,-26.480574,2.1483395,0.7161132,0.18400002,0.0,0.16416663,0.0,0.0
hardzero_only__c0p58__z1p00__lam0p000__nu0p50__psi0p00,0.063,borrow,41,717,0.0,2,-0.6,-0.6,-0.6056993,0.9999474,0.10001211,0.10001211,1.0,0.0063007628,0.063,0.0,0.012,0.6,0.6,-26.433252,2.1999283,0.73330945,0.18400002,0.0,0.15781501,0.0,0.0
hardzero_only__c0p58__z1p00__lam0p000__nu0p50__psi0p00,0.063,borrow,41,718,0.0,2,-0.6,-0.6,-0.61200005,1.0547676,0.0,0.08815205,0.0,0.0,0.063,0.0,0.012,0.6,0.6,-28.173702,2.3205352,0.77351177,0.16000001,0.0,0.15419091,0.0,0.0
hardzero_only__c0p58__z1p00__lam0p000__nu0p50__psi0p00,0.063,borrow,41,719,0.0,2,-0.6,-0.6,-0.6048304,0.9438402,0.1138046,0.1138046,1.0,0.00716969,0.063,0.0,0.012,0.6,0.6,-25.72072,2.07649,0.69216335,0.2,0.0,0.15560724,0.0,0.0
hardzero_only__c0p58__z1p00__lam0p000__nu0p50__psi0p00,0.063,borrow,41,720,0.0,2,-0.6,-0.6,-0.6047695,0.94017047,0.11477029,0.11477029,1.0,0.0072305286,0.063,0.0,0.012,0.6,0.6,-25.591587,2.0684164,0.68947214,0.216,0.0,0.1421259,0.0,0.0
hardzero_only__c0p58__z1p00__lam0p000__nu0p50__psi0p00,0.063,borrow,41,721,0.0,2,-0.6,-0.6,-0.61200005,1.0498602,0.0,0.08915379,0.0,0.0,0.063,0.0,0.012,0.6,0.6,-27.796652,2.3097386,0.7699129,0.15200001,0.0,0.17087328,0.0,0.0
hardzero_only__c0p58__z1p00__lam0p000__nu0p50__psi0p00,0.063,borrow,41,722,0.0,2,-0.6,-0.6,-0.61200005,1.0196645,0.0,0.09557305,0.0,0.0,0.063,0.0,0.012,0.6,0.6,-27.290365,2.2433066,0.7477689,0.15200001,0.0,0.17110589,0.0,0.0
hardzero_only__c0p58__z1p00__lam0p000__nu0p50__psi0p00,0.063,borrow,41,723,0.0,2,-0.6,-0.6,-0.60564315,0.9960939,0.10090346,0.10090346,1.0,0.006356918,0.063,0.0,0.012,0.6,0.6,-27.44162,2.1914504,0.7304835,0.16000001,0.008,0.17599954,0.0,0.0
hardzero_only__c0p58__z1p00__lam0p000__nu0p50__psi0p00,0.063,borrow,41,724,0.0,2,-0.6,-0.6,-0.6050393,0.95668334,0.110488385,0.110488385,1.0,0.0069607683,0.063,0.0,0.012,0.6,0.6,-25.922455,2.1047454,0.70158184,0.208,0.0,0.12182212,0.0,0.0
hardzero_only__c0p58__z1p00__lam0p000__nu0p50__psi0p00,0.063,borrow,41,725,0.0,2,-0.6,-0.6,-0.60557795,0.99166286,0.10193823,0.10193823,1.0,0.006422109,0.063,0.0,0.012,0.6,0.6,-27.185495,2.181702,0.727234,0.16000001,0.0,0.14792801,0.0,0.0
hardzero_only__c0p58__z1p00__lam0p000__nu0p50__psi0p00,0.063,borrow,41,726,0.0,2,-0.6,-0.6,-0.6056515,0.996665,0.100770876,0.100770876,1.0,0.006348565,0.063,0.0,0.012,0.6,0.6,-26.202143,2.1927068,0.7309023,0.16800001,0.0,0.13019781,0.0,0.0
hardzero_only__c0p58__z1p00__lam0p000__nu0p50__psi0p00,0.063,borrow,41,727,0.0,2,-0.6,-0.6,-0.6049469,0.9509586,0.11195445,0.11195445,1.0,0.0070531303,0.063,0.0,0.012,0.6,0.6,-25.824553,2.0921507,0.6973836,0.14400001,0.0,0.15012334,0.0,0.0
hardzero_only__c0p58__z1p00__lam0p000__nu0p50__psi0p00,0.063,borrow,41,728,0.0,2,-0.6,-0.6,-0.61200005,1.0014579,0.0,0.09966486,0.0,0.0,0.063,0.0,0.012,0.6,0.6,-28.149405,2.2032514,0.73441714,0.19,0.0,0.16160783,0.0,0.0
hardzero_only__c0p58__z1p00__lam0p000__nu0p50__psi0p00,0.063,borrow,41,729,0.0,2,-0.6,-0.6,-0.61200005,1.0285752,0.0,0.0936321,0.0,0.0,0.063,0.0,0.012,0.6,0.6,-28.14143,2.2629106,0.7543036,0.136,0.0,0.18699469,0.0,0.0
hardzero_only__c0p58__z1p00__lam0p000__nu0p50__psi0p00,0.063,borrow,41,730,0.0,2,-0.6,-0.6,-0.61200005,1.0402604,0.0,0.0911464,0.0,0.0,0.063,0.0,0.012,0.6,0.6,-27.284698,2.2886186,0.7628729,0.120000005,0.0,0.14675385,0.0,0.0
hardzero_only__c0p58__z1p00__lam0p000__nu0p50__psi0p00,0.063,borrow,41,731,0.0,2,-0.6,-0.6,-0.6056575,0.99707854,0.100674964,0.100674964,1.0,0.006342523,0.063,0.0,0.012,0.6,0.6,-26.720293,2.1936166,0.7312056,0.16000001,0.0,0.1483827,0.0,0.0
hardzero_only__c0p58__z1p00__lam0p000__nu0p50__psi0p00,0.063,borrow,41,732,0.0,2,-0.6,-0.6,-0.6055125,0.98725957,0.10297705,0.10297705,1.0,0.0064875544,0.063,0.0,0.012,0.6,0.6,-27.169596,2.1720145,0.72400486,0.136,0.0,0.14686081,0.0,0.0
hardzero_only__c0p58__z1p00__lam0p000__nu0p50__psi0p00,0.063,borrow,41,733,0.0,2,-0.6,-0.6,-0.61200005,1.0241277,0.0,0.094595894,0.0,0.0,0.063,0.0,0.012,0.6,0.6,-27.162077,2.253126,0.751042,0.14400001,0.0,0.1436584,0.0,0.0
hardzero_only__c0p58__z1p00__lam0p000__nu0p50__psi0p00,0.063,borrow,41,734,0.0,2,-0.6,-0.6,-0.60564065,0.9959248,0.10094278,0.10094278,1.0,0.0063593956,0.063,0.0,0.012,0.6,0.6,-26.839882,2.1910782,0.73035944,0.216,0.0,0.1626915,0.0,0.0
hardzero_only__c0p58__z1p00__lam0p000__nu0p50__psi0p00,0.063,borrow,41,735,0.0,2,-0.6,-0.6,-0.61200005,1.0113564,0.0,0.097418986,0.0,0.0,0.063,0.0,0.012,0.6,0.6,-27.165936,2.2250285,0.7416762,0.15200001,0.0,0.16495539,0.0,0.0
hardzero_only__c0p58__z1p00__lam0p000__nu0p50__psi0p00,0.063,borrow,41,736,0.0,2,-0.6,-0.6,-0.60540026,0.9798093,0.10475885,0.10475885,1.0,0.0065998076,0.063,0.0,0.012,0.6,0.6,-26.62972,2.1556234,0.71854115,0.17600001,0.0,0.13103773,0.0,0.0
hardzero_only__c0p58__z1p00__lam0p000__nu0p50__psi0p00,0.063,borrow,41,737,0.0,2,-0.6,-0.6,-0.61200005,1.0381167,0.0,0.09159744,0.0,0.0,0.063,0.0,0.012,0.6,0.6,-26.541922,2.2839024,0.7613008,0.14400001,0.0,0.16461541,0.0,0.0
hardzero_only__c0p58__z1p00__lam0p000__nu0p50__psi0p00,0.063,borrow,41,738,0.0,2,-0.6,-0.6,-0.61200005,1.038472,0.0,0.091522515,0.0,0.0,0.063,0.0,0.012,0.6,0.6,-27.576317,2.2846842,0.7615614,0.112,0.0,0.16288134,0.0,0.0
hardzero_only__c0p58__z1p00__lam0p000__nu0p50__psi0p00,0.063,borrow,41,739,0.0,2,-0.6,-0.6,-0.60517025,0.9649327,0.108409494,0.108409494,1.0,0.006829798,0.063,0.0,0.012,0.6,0.6,-26.878935,2.1228943,0.70763147,0.28,0.0,0.18054366,0.0,0.0
hardzero_only__c0p58__z1p00__lam0p000__nu0p50__psi0p00,0.063,borrow,41,740,0.0,2,-0.6,-0.6,-0.61200005,1.0937917,0.0,0.08057648,0.0,0.0,0.063,0.0,0.012,0.6,0.6,-28.38422,2.40639,0.80213,0.128,0.0,0.14048687,0.0,0.0
hardzero_only__c0p58__z1p00__lam0p000__nu0p50__psi0p00,0.063,borrow,41,741,0.0,2,-0.6,-0.6,-0.6056986,0.9998996,0.100023106,0.100023106,1.0,0.0063014557,0.063,0.0,0.012,0.6,0.6,-26.104174,2.1998231,0.7332744,0.17999999,0.0,0.12385974,0.0,0.0
hardzero_only__c0p58__z1p00__lam0p000__nu0p50__psi0p00,0.063,borrow,41,742,0.0,2,-0.6,-0.6,-0.6053342,0.975486,0.1058069,0.1058069,1.0,0.006665835,0.063,0.0,0.012,0.6,0.6,-26.368725,2.146112,0.71537066,0.128,0.0,0.13317253,0.0,0.0
hardzero_only__c0p58__z1p00__lam0p000__nu0p50__psi0p00,0.063,borrow,41,743,0.0,2,-0.6,-0.6,-0.61200005,1.0136602,0.0,0.09690357,0.0,0.0,0.063,0.0,0.012,0.6,0.6,-26.567848,2.230097,0.7433657,0.136,0.0,0.14231911,0.0,0.0
hardzero_only__c0p58__z1p00__lam0p000__nu0p50__psi0p00,0.063,borrow,41,744,0.0,2,-0.6,-0.6,-0.61200005,1.0112299,0.0,0.09744737,0.0,0.0,0.063,0.0,0.012,0.6,0.6,-27.46467,2.22475,0.74158335,0.23200001,0.008,0.16042177,0.0,0.0
hardzero_only__c0p58__z1p00__lam0p000__nu0p50__psi0p00,0.063,borrow,41,745,0.0,2,-0.6,-0.6,-0.60565203,0.99670166,0.100762375,0.100762375,1.0,0.0063480297,0.063,0.0,0.012,0.6,0.6,-27.124756,2.1927874,0.73092914,0.15200001,0.0,0.18550396,0.0,0.0
hardzero_only__c0p58__z1p00__lam0p000__nu0p50__psi0p00,0.063,borrow,41,746,0.0,2,-0.6,-0.6,-0.61200005,1.0330956,0.0,0.09266257,0.0,0.0,0.063,0.0,0.012,0.6,0.6,-27.316978,2.2728558,0.7576186,0.17600001,0.0,0.17186724,0.0,0.0
hardzero_only__c0p58__z1p00__lam0p000__nu0p50__psi0p00,0.063,borrow,41,747,0.0,2,-0.6,-0.6,-0.6053546,0.97681564,0.10548346,0.10548346,1.0,0.006645458,0.063,0.0,0.012,0.6,0.6,-26.136118,2.1490374,0.7163458,0.17600001,0.0,0.13802633,0.0,0.0
hardzero_only__c0p58__z1p00__lam0p000__nu0p50__psi0p00,0.063,borrow,41,748,0.0,2,-0.6,-0.6,-0.61200005,1.0263776,0.0,0.0941071,0.0,0.0,0.063,0.0,0.012,0.6,0.6,-27.936846,2.2580757,0.7526919,0.128,0.0,0.15554065,0.0,0.0
hardzero_only__c0p58__z1p00__lam0p000__nu0p50__psi0p00,0.063,borrow,41,749,0.0,2,-0.6,-0.6,-0.6056484,0.99645585,0.100819424,0.100819424,1.0,0.0063516237,0.063,0.0,0.012,0.6,0.6,-26.081102,2.1922467,0.7307489,0.17600001,0.0,0.13120894,0.0,0.0
hardzero_only__c0p58__z1p00__lam0p000__nu0p50__psi0p00,0.063,borrow,41,750,0.0,2,-0.6,-0.6,-0.61200005,1.0768527,0.0,0.08378135,0.0,0.0,0.063,0.0,0.012,0.6,0.6,-28.824076,2.3691232,0.7897078,0.14400001,0.0,0.17214704,0.0,0.0
hardzero_only__c0p58__z1p00__lam0p000__nu0p50__psi0p00,0.063,borrow,41,751,0.0,2,-0.6,-0.6,-0.61200005,1.0501704,0.0,0.089090124,0.0,0.0,0.063,0.0,0.012,0.6,0.6,-28.261465,2.310421,0.77014035,0.104,0.0,0.14512287,0.0,0.0
hardzero_only__c0p58__z1p00__lam0p000__nu0p50__psi0p00,0.063,borrow,41,752,0.0,2,-0.6,-0.6,-0.61200005,1.0319312,0.0,0.092911355,0.0,0.0,0.063,0.0,0.012,0.6,0.6,-27.491064,2.270294,0.75676465,0.192,0.0,0.14271344,0.0,0.0
hardzero_only__c0p58__z1p00__lam0p000__nu0p50__psi0p00,0.063,borrow,41,753,0.0,2,-0.6,-0.6,-0.61200005,1.0112369,0.0,0.097445786,0.0,0.0,0.063,0.0,0.012,0.6,0.6,-27.980677,2.2247655,0.74158853,0.2,0.0,0.14868098,0.0,0.0
hardzero_only__c0p58__z1p00__lam0p000__nu0p50__psi0p00,0.063,borrow,41,754,0.0,2,-0.6,-0.6,-0.61200005,1.0318307,0.0,0.09293287,0.0,0.0,0.063,0.0,0.012,0.6,0.6,-27.567698,2.2700727,0.7566909,0.22999999,0.0,0.175367,0.0,0.0
hardzero_only__c0p58__z1p00__lam0p000__nu0p50__psi0p00,0.063,borrow,41,755,0.0,2,-0.6,-0.6,-0.6055828,0.99198896,0.10186173,0.10186173,1.0,0.006417289,0.063,0.0,0.012,0.6,0.6,-26.909357,2.1824193,0.72747314,0.128,0.0,0.17954329,0.0,0.0
hardzero_only__c0p58__z1p00__lam0p000__nu0p50__psi0p00,0.063,borrow,41,756,0.0,2,-0.6,-0.6,-0.6055782,0.99167836,0.1019346,0.1019346,1.0,0.00642188,0.063,0.0,0.012,0.6,0.6,-26.669264,2.181736,0.72724533,0.120000005,0.0,0.16015553,0.0,0.0
hardzero_only__c0p58__z1p00__lam0p000__nu0p50__psi0p00,0.063,borrow,41,757,0.0,2,-0.6,-0.6,-0.61200005,1.0009434,0.0,0.09978301,0.0,0.0,0.063,0.0,0.012,0.6,0.6,-27.599892,2.2021196,0.7340399,0.216,0.0,0.14578272,0.0,0.0
hardzero_only__c0p58__z1p00__lam0p000__nu0p50__psi0p00,0.063,borrow,41,758,0.0,2,-0.6,-0.6,-0.61200005,1.0305207,0.0,0.0932136,0.0,0.0,0.063,0.0,0.012,0.6,0.6,-28.214994,2.2671907,0.7557303,0.16800001,0.0,0.17022103,0.0,0.0
hardzero_only__c0p58__z1p00__lam0p000__nu0p50__psi0p00,0.063,borrow,41,759,0.0,2,-0.6,-0.6,-0.61200005,1.0148609,0.0,0.09663605,0.0,0.0,0.063,0.0,0.012,0.6,0.6,-26.602083,2.2327385,0.7442462,0.14400001,0.0,0.16640374,0.0,0.0
hardzero_only__c0p58__z1p00__lam0p000__nu0p50__psi0p00,0.063,borrow,41,760,0.0,2,-0.6,-0.6,-0.61200005,1.0541074,0.0,0.08828614,0.0,0.0,0.063,0.0,0.012,0.6,0.6,-27.997267,2.3190827,0.7730276,0.112,0.0,0.16810355,0.0,0.0
hardzero_only__c0p58__z1p00__lam0p000__nu0p50__psi0p00,0.063,borrow,41,761,0.0,2,-0.6,-0.6,-0.60524035,0.9694115,0.10729723,0.10729723,1.0,0.0067597255,0.063,0.0,0.012,0.6,0.6,-26.118412,2.132748,0.710916,0.23200001,0.0,0.14489263,0.0,0.0
hardzero_only__c0p58__z1p00__lam0p000__nu0p50__psi0p00,0.063,borrow,41,762,0.0,2,-0.6,-0.6,-0.60567725,0.9984295,0.100362286,0.100362286,1.0,0.006322824,0.063,0.0,0.012,0.6,0.6,-27.522,2.1965888,0.7321963,0.14400001,0.0,0.17368506,0.0,0.0
hardzero_only__c0p58__z1p00__lam0p000__nu0p50__psi0p00,0.063,borrow,41,763,0.0,2,-0.6,-0.6,-0.60499954,0.9542095,0.11111955,0.11111955,1.0,0.007000532,0.063,0.0,0.012,0.6,0.6,-26.07376,2.0993028,0.6997676,0.208,0.0,0.14524351,0.0,0.0
hardzero_only__c0p58__z1p00__lam0p000__nu0p50__psi0p00,0.063,borrow,41,764,0.0,2,-0.6,-0.6,-0.6056342,0.9954865,0.101044685,0.101044685,1.0,0.006365815,0.063,0.0,0.012,0.6,0.6,-26.768154,2.190114,0.73003805,0.16800001,0.0,0.15149364,0.0,0.0
hardzero_only__c0p58__z1p00__lam0p000__nu0p50__psi0p00,0.063,borrow,41,765,0.0,2,-0.6,-0.6,-0.60565937,0.9972042,0.100645825,0.100645825,1.0,0.006340687,0.063,0.0,0.012,0.6,0.6,-26.438251,2.193893,0.7312977,0.16800001,0.0,0.14237073,0.0,0.0
hardzero_only__c0p58__z1p00__lam0p000__nu0p50__psi0p00,0.063,borrow,41,766,0.0,2,-0.6,-0.6,-0.61200005,1.0480614,0.0,0.08952383,0.0,0.0,0.063,0.0,0.012,0.6,0.6,-27.340345,2.3057811,0.7685937,0.16800001,0.0,0.1442541,0.0,0.0
hardzero_only__c0p58__z1p00__lam0p000__nu0p50__psi0p00,0.063,borrow,41,767,0.0,2,-0.6,-0.6,-0.61200005,1.0133672,0.0,0.096968964,0.0,0.0,0.063,0.0,0.012,0.6,0.6,-28.053623,2.2294524,0.74315083,0.17,0.0,0.1551669,0.0,0.0
hardzero_only__c0p58__z1p00__lam0p000__nu0p50__psi0p00,0.063,borrow,41,768,0.0,2,-0.6,-0.6,-0.60517144,0.9650083,0.10839062,0.10839062,1.0,0.0068286094,0.063,0.0,0.012,0.6,0.6,-26.326035,2.1230607,0.7076869,0.2,0.0,0.1591786,0.0,0.0
hardzero_only__c0p58__z1p00__lam0p000__nu0p50__psi0p00,0.063,borrow,41,769,0.0,2,-0.6,-0.6,-0.60548127,0.98517466,0.10347258,0.10347258,1.0,0.006518773,0.063,0.0,0.012,0.6,0.6,-26.71212,2.1674275,0.7224759,0.16800001,0.0,0.16845116,0.0,0.0
hardzero_only__c0p58__z1p00__lam0p000__nu0p50__psi0p00,0.063,borrow,41,770,0.0,2,-0.6,-0.6,-0.61200005,1.0501101,0.0,0.08910251,0.0,0.0,0.063,0.0,0.012,0.6,0.6,-28.669102,2.3102884,0.7700962,0.096,0.0,0.16625237,0.0,0.0
hardzero_only__c0p58__z1p00__lam0p000__nu0p50__psi0p00,0.063,borrow,41,771,0.0,2,-0.6,-0.6,-0.61200005,1.0226787,0.0,0.09491204,0.0,0.0,0.063,0.0,0.012,0.6,0.6,-27.357832,2.249938,0.7499794,0.120000005,0.0,0.16255623,0.0,0.0
hardzero_only__c0p58__z1p00__lam0p000__nu0p50__psi0p00,0.063,borrow,41,772,0.0,2,-0.6,-0.6,-0.60519606,0.966576,0.10800007,0.10800007,1.0,0.0068040043,0.063,0.0,0.012,0.6,0.6,-26.748705,2.1265097,0.70883656,0.18400002,0.0,0.16368206,0.0,0.0
hardzero_only__c0p58__z1p00__lam0p000__nu0p50__psi0p00,0.063,borrow,41,773,0.0,2,-0.6,-0.6,-0.60563844,0.9957755,0.10097747,0.10097747,1.0,0.006361581,0.063,0.0,0.012,0.6,0.6,-27.28178,2.19075,0.73025,0.15200001,0.0,0.18536232,0.0,0.0
hardzero_only__c0p58__z1p00__lam0p000__nu0p50__psi0p00,0.063,borrow,41,774,0.0,2,-0.6,-0.6,-0.61200005,1.0074614,0.0,0.098296605,0.0,0.0,0.063,0.0,0.012,0.6,0.6,-26.777649,2.2164595,0.73881984,0.208,0.0,0.14559422,0.0,0.0
hardzero_only__c0p58__z1p00__lam0p000__nu0p50__psi0p00,0.063,borrow,41,775,0.0,2,-0.6,-0.6,-0.6052465,0.96980715,0.10719953,0.10719953,1.0,0.0067535704,0.063,0.0,0.012,0.6,0.6,-26.830107,2.1336184,0.71120614,0.208,0.0,0.14422715,0.0,0.0
hardzero_only__c0p58__z1p00__lam0p000__nu0p50__psi0p00,0.063,borrow,41,776,0.0,2,-0.6,-0.6,-0.61200005,1.0226555,0.0,0.0949171,0.0,0.0,0.063,0.0,0.012,0.6,0.6,-28.009558,2.249887,0.74996233,0.14400001,0.0,0.19503471,0.0,0.0
hardzero_only__c0p58__z1p00__lam0p000__nu0p50__psi0p00,0.063,borrow,41,777,0.0,2,-0.6,-0.6,-0.61200005,1.0367861,0.0,0.09187851,0.0,0.0,0.063,0.0,0.012,0.6,0.6,-27.308727,2.2809749,0.76032495,0.18400002,0.0,0.18034995,0.0,0.0
hardzero_only__c0p58__z1p00__lam0p000__nu0p50__psi0p00,0.063,borrow,41,778,0.0,2,-0.6,-0.6,-0.61200005,1.0288576,0.0,0.093571246,0.0,0.0,0.063,0.0,0.012,0.6,0.6,-27.463308,2.263532,0.75451064,0.136,0.0,0.15663679,0.0,0.0
hardzero_only__c0p58__z1p00__lam0p000__nu0p50__psi0p00,0.063,borrow,41,779,0.0,2,-0.6,-0.6,-0.60550684,0.9868802,0.10306705,0.10306705,1.0,0.0064932243,0.063,0.0,0.012,0.6,0.6,-26.947634,2.1711798,0.72372663,0.2,0.0,0.15098219,0.0,0.0
hardzero_only__c0p58__z1p00__lam0p000__nu0p50__psi0p00,0.063,borrow,41,780,0.0,2,-0.6,-0.6,-0.61200005,1.0147669,0.0,0.09665695,0.0,0.0,0.063,0.0,0.012,0.6,0.6,-27.756062,2.2325318,0.7441773,0.14999999,0.0,0.13719258,0.0,0.0
hardzero_only__c0p58__z1p00__lam0p000__nu0p50__psi0p00,0.063,borrow,41,781,0.0,2,-0.6,-0.6,-0.61200005,1.0459945,0.0,0.0899509,0.0,0.0,0.063,0.0,0.012,0.6,0.6,-27.859625,2.301234,0.76707804,0.096,0.0,0.16086495,0.0,0.0
hardzero_only__c0p58__z1p00__lam0p000__nu0p50__psi0p00,0.063,borrow,41,782,0.0,2,-0.6,-0.6,-0.61200005,1.0419086,0.0,0.09080114,0.0,0.0,0.063,0.0,0.012,0.6,0.6,-27.896847,2.2922447,0.7640816,0.136,0.0,0.15883192,0.0,0.0
hardzero_only__c0p58__z1p00__lam0p000__nu0p50__psi0p00,0.063,borrow,41,783,0.0,2,-0.6,-0.6,-0.61200005,1.033182,0.0,0.09264415,0.0,0.0,0.063,0.0,0.012,0.6,0.6,-27.460411,2.2730458,0.75768197,0.15200001,0.0,0.1712058,0.0,0.0
hardzero_only__c0p58__z1p00__lam0p000__nu0p50__psi0p00,0.063,borrow,41,784,0.0,2,-0.6,-0.6,-0.6053848,0.97879505,0.105003774,0.105003774,1.0,0.006615238,0.063,0.0,0.012,0.6,0.6,-26.468414,2.153392,0.7177974,0.14400001,0.0,0.15380442,0.0,0.0
hardzero_only__c0p58__z1p00__lam0p000__nu0p50__psi0p00,0.063,borrow,41,785,0.0,2,-0.6,-0.6,-0.61200005,1.0214792,0.0,0.09517453,0.0,0.0,0.063,0.0,0.012,0.6,0.6,-27.287344,2.2472992,0.74909973,0.16000001,0.0,0.15703246,0.0,0.0
hardzero_only__c0p58__z1p00__lam0p000__nu0p50__psi0p00,0.063,borrow,41,786,0.0,2,-0.6,-0.6,-0.61200005,1.0129244,0.0,0.09706788,0.0,0.0,0.063,0.0,0.012,0.6,0.6,-26.991468,2.2284782,0.7428261,0.17600001,0.0,0.14918756,0.0,0.0
hardzero_only__c0p58__z1p00__lam0p000__nu0p50__psi0p00,0.063,borrow,41,787,0.0,2,-0.6,-0.6,-0.6055937,0.9927271,0.10168875,0.10168875,1.0,0.0064063915,0.063,0.0,0.012,0.6,0.6,-26.36787,2.1840432,0.7280144,0.14400001,0.0,0.13921545,0.0,0.0
hardzero_only__c0p58__z1p00__lam0p000__nu0p50__psi0p00,0.063,borrow,41,788,0.0,2,-0.6,-0.6,-0.60480464,0.94228464,0.114212945,0.114212945,1.0,0.0071954154,0.063,0.0,0.012,0.6,0.6,-26.005032,2.0730677,0.6910226,0.16800001,0.0,0.13648698,0.0,0.0
hardzero_only__c0p58__z1p00__lam0p000__nu0p50__psi0p00,0.063,borrow,41,789,0.0,2,-0.6,-0.6,-0.61200005,1.0245646,0.0,0.09450077,0.0,0.0,0.063,0.0,0.012,0.6,0.6,-27.412123,2.2540872,0.75136244,0.216,0.0,0.15005623,0.0,0.0
hardzero_only__c0p58__z1p00__lam0p000__nu0p50__psi0p00,0.063,borrow,41,790,0.0,2,-0.6,-0.6,-0.61200005,1.0744696,0.0,0.08424234,0.0,0.0,0.063,0.0,0.012,0.6,0.6,-28.71523,2.3638802,0.78796005,0.128,0.0,0.18653096,0.0,0.0
hardzero_only__c0p58__z1p00__lam0p000__nu0p50__psi0p00,0.063,borrow,41,791,0.0,2,-0.6,-0.6,-0.60554284,0.98929596,0.10249533,0.10249533,1.0,0.006457206,0.063,0.0,0.012,0.6,0.6,-27.239555,2.1764946,0.7254982,0.18400002,0.0,0.19081008,0.0,0.0
hardzero_only__c0p58__z1p00__lam0p000__nu0p50__psi0p00,0.063,borrow,41,792,0.0,2,-0.6,-0.6,-0.61200005,1.0660744,0.0,0.08588664,0.0,0.0,0.063,0.0,0.012,0.6,0.6,-27.92135,2.3454103,0.7818035,0.16000001,0.0,0.1689192,0.0,0.0
hardzero_only__c0p58__z1p00__lam0p000__nu0p50__psi0p00,0.063,borrow,41,793,0.0,2,-0.6,-0.6,-0.60538876,0.9790535,0.104941316,0.104941316,1.0,0.006611303,0.063,0.0,0.012,0.6,0.6,-27.409264,2.1539607,0.71798694,0.19999999,0.0,0.14811589,0.0,0.0
hardzero_only__c0p58__z1p00__lam0p000__nu0p50__psi0p00,0.063,borrow,41,794,0.0,2,-0.6,-0.6,-0.61200005,1.0225981,0.0,0.09492964,0.0,0.0,0.063,0.0,0.012,0.6,0.6,-26.101915,2.2497609,0.7499203,0.16000001,0.0,0.13994494,0.0,0.0
hardzero_only__c0p58__z1p00__lam0p000__nu0p50__psi0p00,0.063,borrow,41,795,0.0,2,-0.6,-0.6,-0.61200005,1.053529,0.0,0.0884038,0.0,0.0,0.063,0.0,0.012,0.6,0.6,-27.764067,2.31781,0.7726034,0.15200001,0.0,0.14854823,0.0,0.0
hardzero_only__c0p58__z1p00__lam0p000__nu0p50__psi0p00,0.063,borrow,41,796,0.0,2,-0.6,-0.6,-0.6048346,0.94409746,0.113737196,0.113737196,1.0,0.0071654436,0.063,0.0,0.012,0.6,0.6,-26.506504,2.077056,0.692352,0.18400002,0.0,0.1449198,0.0,0.0
hardzero_only__c0p58__z1p00__lam0p000__nu0p50__psi0p00,0.063,borrow,41,797,0.0,2,-0.6,-0.6,-0.6049733,0.9525884,0.11153511,0.11153511,1.0,0.007026712,0.063,0.0,0.012,0.6,0.6,-26.219358,2.0957363,0.6985788,0.16000001,0.0,0.13985083,0.0,0.0
hardzero_only__c0p58__z1p00__lam0p000__nu0p50__psi0p00,0.063,borrow,41,798,0.0,2,-0.6,-0.6,-0.61200005,1.0187483,0.0,0.095774904,0.0,0.0,0.063,0.0,0.012,0.6,0.6,-27.100082,2.241291,0.747097,0.17600001,0.0,0.1494222,0.0,0.0
hardzero_only__c0p58__z1p00__lam0p000__nu0p50__psi0p00,0.063,borrow,41,799,0.0,2,-0.6,-0.6,-0.61200005,1.0084822,0.0,0.09806584,0.0,0.0,0.063,0.0,0.012,0.6,0.6,-26.973787,2.2187052,0.7395684,0.120000005,0.0,0.14530142,0.0,0.0
hardzero_only__c0p58__z1p00__lam0p000__nu0p50__psi0p00,0.063,borrow,41,800,0.0,2,-0.6,-0.6,-0.60504794,0.9572223,0.110351354,0.110351354,1.0,0.0069521354,0.063,0.0,0.012,0.6,0.6,-26.404364,2.105931,0.701977,0.18400002,0.0,0.1580742,0.0,0.0
hardzero_only__c0p58__z1p00__lam0p000__nu0p50__psi0p00,0.063,borrow,41,801,0.0,2,-0.6,-0.6,-0.61200005,1.0071985,0.0,0.09835614,0.0,0.0,0.063,0.0,0.012,0.6,0.6,-27.161766,2.2158809,0.73862696,0.15200001,0.0,0.1445556,0.0,0.0
hardzero_only__c0p58__z1p00__lam0p000__nu0p50__psi0p00,0.063,borrow,41,802,0.0,2,-0.6,-0.6,-0.60558784,0.99233294,0.101781085,0.101781085,1.0,0.0064122085,0.063,0.0,0.012,0.6,0.6,-26.590754,2.183176,0.7277254,0.16800001,0.0,0.14019501,0.0,0.0
hardzero_only__c0p58__z1p00__lam0p000__nu0p50__psi0p00,0.063,borrow,41,803,0.0,2,-0.6,-0.6,-0.61200005,1.0379157,0.0,0.09163984,0.0,0.0,0.063,0.0,0.012,0.6,0.6,-27.624222,2.2834601,0.7611534,0.2,0.0,0.18725517,0.0,0.0
hardzero_only__c0p58__z1p00__lam0p000__nu0p50__psi0p00,0.063,borrow,41,804,0.0,2,-0.6,-0.6,-0.6050618,0.9580941,0.11013005,0.11013005,1.0,0.006938193,0.063,0.0,0.012,0.6,0.6,-25.563349,2.1078491,0.7026164,0.2,0.0,0.12964763,0.0,0.0
hardzero_only__c0p58__z1p00__lam0p000__nu0p50__psi0p00,0.063,borrow,41,805,0.0,2,-0.6,-0.6,-0.61200005,1.0500327,0.0,0.089118384,0.0,0.0,0.063,0.0,0.012,0.6,0.6,-27.997372,2.3101182,0.77003944,0.104,0.0,0.18507619,0.0,0.0
hardzero_only__c0p58__z1p00__lam0p000__nu0p50__psi0p00,0.063,borrow,41,806,0.0,2,-0.6,-0.6,-0.61200005,1.021193,0.0,0.09523727,0.0,0.0,0.063,0.0,0.012,0.6,0.6,-26.81401,2.2466695,0.74888986,0.14999999,0.0,0.15303828,0.0,0.0
hardzero_only__c0p58__z1p00__lam0p000__nu0p50__psi0p00,0.063,borrow,41,807,0.0,2,-0.6,-0.6,-0.61200005,1.0151744,0.0,0.09656631,0.0,0.0,0.063,0.0,0.012,0.6,0.6,-26.884499,2.2334282,0.7444761,0.192,0.0,0.15407212,0.0,0.0
hardzero_only__c0p58__z1p00__lam0p000__nu0p50__psi0p00,0.063,borrow,41,808,0.0,2,-0.6,-0.6,-0.6052716,0.9714226,0.1068015,0.1068015,1.0,0.0067284945,0.063,0.0,0.012,0.6,0.6,-26.37502,2.1371725,0.71239084,0.16800001,0.0,0.1439208,0.0,0.0
hardzero_only__c0p58__z1p00__lam0p000__nu0p50__psi0p00,0.063,borrow,41,809,0.0,2,-0.6,-0.6,-0.61200005,1.0510491,0.0,0.08891006,0.0,0.0,0.063,0.0,0.012,0.6,0.6,-28.045166,2.3123543,0.7707848,0.112,0.0,0.17657189,0.0,0.0
hardzero_only__c0p58__z1p00__lam0p000__nu0p50__psi0p00,0.063,borrow,41,810,0.0,2,-0.6,-0.6,-0.61200005,1.0322863,0.0,0.09283541,0.0,0.0,0.063,0.0,0.012,0.6,0.6,-27.214493,2.2710752,0.7570251,0.15200001,0.0,0.14671579,0.0,0.0
hardzero_only__c0p58__z1p00__lam0p000__nu0p50__psi0p00,0.063,borrow,41,811,0.0,2,-0.6,-0.6,-0.60562295,0.994716,0.10122413,0.10122413,1.0,0.0063771205,0.063,0.0,0.012,0.6,0.6,-26.862896,2.1884189,0.729473,0.16800001,0.0,0.147875,0.0,0.0
hardzero_only__c0p58__z1p00__lam0p000__nu0p50__psi0p00,0.063,borrow,41,812,0.0,2,-0.6,-0.6,-0.61200005,1.0606719,0.0,0.0869617,0.0,0.0,0.063,0.0,0.012,0.6,0.6,-27.751535,2.3335247,0.77784157,0.128,0.0,0.17649348,0.0,0.0
hardzero_only__c0p58__z1p00__lam0p000__nu0p50__psi0p00,0.063,borrow,41,813,0.0,2,-0.6,-0.6,-0.61200005,1.0266316,0.0,0.09405208,0.0,0.0,0.063,0.0,0.012,0.6,0.6,-27.083006,2.2586346,0.7528782,0.16000001,0.0,0.15980817,0.0,0.0
hardzero_only__c0p58__z1p00__lam0p000__nu0p50__psi0p00,0.063,borrow,41,814,0.0,2,-0.6,-0.6,-0.60475063,0.9390387,0.11506979,0.11506979,1.0,0.0072493968,0.063,0.0,0.012,0.6,0.6,-26.711723,2.0659263,0.68864214,0.16000001,0.0,0.14224926,0.0,0.0
hardzero_only__c0p58__z1p00__lam0p000__nu0p50__psi0p00,0.063,borrow,41,815,0.0,2,-0.6,-0.6,-0.61200005,1.037276,0.0,0.09177491,0.0,0.0,0.063,0.0,0.012,0.6,0.6,-27.448767,2.2820528,0.76068425,0.14400001,0.0,0.19637921,0.0,0.0
hardzero_only__c0p58__z1p00__lam0p000__nu0p50__psi0p00,0.063,borrow,41,816,0.0,2,-0.6,-0.6,-0.6052881,0.9724906,0.10653919,0.10653919,1.0,0.006711969,0.063,0.0,0.012,0.6,0.6,-26.45379,2.139522,0.71317405,0.192,0.0,0.16390353,0.0,0.0
hardzero_only__c0p58__z1p00__lam0p000__nu0p50__psi0p00,0.063,borrow,41,817,0.0,2,-0.6,-0.6,-0.61200005,1.0588481,0.0,0.08732767,0.0,0.0,0.063,0.0,0.012,0.6,0.6,-27.298239,2.3295124,0.77650416,0.136,0.0,0.15576403,0.0,0.0
hardzero_only__c0p58__z1p00__lam0p000__nu0p50__psi0p00,0.063,borrow,41,818,0.0,2,-0.6,-0.6,-0.61200005,1.0180396,0.0,0.09593131,0.0,0.0,0.063,0.0,0.012,0.6,0.6,-26.705,2.2397318,0.74657726,0.096,0.0,0.14445046,0.0,0.0
hardzero_only__c0p58__z1p00__lam0p000__nu0p50__psi0p00,0.063,borrow,41,819,0.0,2,-0.6,-0.6,-0.61200005,1.0754299,0.0,0.08405626,0.0,0.0,0.063,0.0,0.012,0.6,0.6,-28.282978,2.365993,0.78866434,0.13,0.0,0.1567364,0.0,0.0
hardzero_only__c0p58__z1p00__lam0p000__nu0p50__psi0p00,0.063,borrow,41,820,0.0,2,-0.6,-0.6,-0.61200005,1.0244762,0.0,0.09452001,0.0,0.0,0.063,0.0,0.012,0.6,0.6,-27.265944,2.2538927,0.7512976,0.16800001,0.0,0.1870476,0.0,0.0
hardzero_only__c0p58__z1p00__lam0p000__nu0p50__psi0p00,0.063,borrow,41,821,0.0,2,-0.6,-0.6,-0.61200005,1.0638148,0.0,0.086334676,0.0,0.0,0.063,0.0,0.012,0.6,0.6,-27.851692,2.3404393,0.7801465,0.120000005,0.0,0.15562187,0.0,0.0
hardzero_only__c0p58__z1p00__lam0p000__nu0p50__psi0p00,0.063,borrow,41,822,0.0,2,-0.6,-0.6,-0.61200005,1.0245856,0.0,0.09449622,0.0,0.0,0.063,0.0,0.012,0.6,0.6,-27.377197,2.2541335,0.7513778,0.216,0.0,0.13770919,0.0,0.0
hardzero_only__c0p58__z1p00__lam0p000__nu0p50__psi0p00,0.063,borrow,41,823,0.0,2,-0.6,-0.6,-0.61200005,1.0011247,0.0,0.09974136,0.0,0.0,0.063,0.0,0.012,0.6,0.6,-26.722046,2.2025185,0.7341728,0.2,0.0,0.15089373,0.0,0.0
hardzero_only__c0p58__z1p00__lam0p000__nu0p50__psi0p00,0.063,borrow,41,824,0.0,2,-0.6,-0.6,-0.61200005,1.0371053,0.0,0.09181099,0.0,0.0,0.063,0.0,0.012,0.6,0.6,-27.82542,2.2816772,0.7605591,0.128,0.0,0.15525782,0.0,0.0
hardzero_only__c0p58__z1p00__lam0p000__nu0p50__psi0p00,0.063,borrow,41,825,0.0,2,-0.6,-0.6,-0.6055662,0.990869,0.10212475,0.10212475,1.0,0.0064338595,0.063,0.0,0.012,0.6,0.6,-27.23888,2.1799552,0.7266518,0.128,0.0,0.14271769,0.0,0.0
hardzero_only__c0p58__z1p00__lam0p000__nu0p50__psi0p00,0.063,borrow,41,826,0.0,2,-0.6,-0.6,-0.6049976,0.9540902,0.11115008,0.11115008,1.0,0.007002455,0.063,0.0,0.012,0.6,0.6,-25.969223,2.0990403,0.6996801,0.2,0.0,0.13047731,0.0,0.0
hardzero_only__c0p58__z1p00__lam0p000__nu0p50__psi0p00,0.063,borrow,41,827,0.0,2,-0.6,-0.6,-0.61200005,1.0289521,0.0,0.093550876,0.0,0.0,0.063,0.0,0.012,0.6,0.6,-27.746496,2.2637398,0.75457996,0.18400002,0.0,0.15503332,0.0,0.0
hardzero_only__c0p58__z1p00__lam0p000__nu0p50__psi0p00,0.063,borrow,41,828,0.0,2,-0.6,-0.6,-0.61200005,1.0620025,0.0,0.08669567,0.0,0.0,0.063,0.0,0.012,0.6,0.6,-27.879421,2.3364522,0.7788174,0.14400001,0.0,0.15085731,0.0,0.0
hardzero_only__c0p58__z1p00__lam0p000__nu0p50__psi0p00,0.063,borrow,41,829,0.0,2,-0.6,-0.6,-0.61200005,1.0193845,0.0,0.095634684,0.0,0.0,0.063,0.0,0.012,0.6,0.6,-27.322596,2.2426908,0.7475636,0.16800001,0.008,0.18783183,0.0,0.0
hardzero_only__c0p58__z1p00__lam0p000__nu0p50__psi0p00,0.063,borrow,41,830,0.0,2,-0.6,-0.6,-0.61200005,1.046407,0.0,0.0898655,0.0,0.0,0.063,0.0,0.012,0.6,0.6,-27.39071,2.3021414,0.7673805,0.15200001,0.0,0.16962555,0.0,0.0
hardzero_only__c0p58__z1p00__lam0p000__nu0p50__psi0p00,0.063,borrow,41,831,0.0,2,-0.6,-0.6,-0.60559523,0.9928339,0.10166374,0.10166374,1.0,0.0064048157,0.063,0.0,0.012,0.6,0.6,-26.631647,2.1842782,0.7280928,0.14400001,0.0,0.12555338,0.0,0.0
hardzero_only__c0p58__z1p00__lam0p000__nu0p50__psi0p00,0.063,borrow,41,832,0.0,2,-0.6,-0.6,-0.61200005,1.0507708,0.0,0.088967055,0.0,0.0,0.063,0.0,0.012,0.6,0.6,-27.92154,2.3117418,0.77058065,0.14,0.0,0.1555908,0.0,0.0
hardzero_only__c0p58__z1p00__lam0p000__nu0p50__psi0p00,0.063,borrow,41,833,0.0,2,-0.6,-0.6,-0.6054138,0.9807029,0.10454352,0.10454352,1.0,0.006586242,0.063,0.0,0.012,0.6,0.6,-26.1174,2.1575894,0.7191965,0.112,0.0,0.14155895,0.0,0.0
hardzero_only__c0p58__z1p00__lam0p000__nu0p50__psi0p00,0.063,borrow,41,834,0.0,2,-0.6,-0.6,-0.61200005,1.0200452,0.0,0.09548932,0.0,0.0,0.063,0.0,0.012,0.6,0.6,-27.13451,2.2441442,0.74804807,0.16800001,0.008,0.17158559,0.0,0.0
hardzero_only__c0p58__z1p00__lam0p000__nu0p50__psi0p00,0.063,borrow,41,835,0.0,2,-0.6,-0.6,-0.6053704,0.977852,0.10523205,0.10523205,1.0,0.0066296193,0.063,0.0,0.012,0.6,0.6,-25.680635,2.1513174,0.7171058,0.17600001,0.0,0.17019865,0.0,0.0
hardzero_only__c0p58__z1p00__lam0p000__nu0p50__psi0p00,0.063,borrow,41,836,0.0,2,-0.6,-0.6,-0.61200005,1.0330454,0.0,0.092673294,0.0,0.0,0.063,0.0,0.012,0.6,0.6,-27.853199,2.2727454,0.75758183,0.192,0.0,0.17291497,0.0,0.0
hardzero_only__c0p58__z1p00__lam0p000__nu0p50__psi0p00,0.063,borrow,41,837,0.0,2,-0.6,-0.6,-0.61200005,1.0249923,0.0,0.09440774,0.0,0.0,0.063,0.0,0.012,0.6,0.6,-27.340145,2.2550282,0.7516761,0.14400001,0.0,0.14651532,0.0,0.0
hardzero_only__c0p58__z1p00__lam0p000__nu0p50__psi0p00,0.063,borrow,41,838,0.0,2,-0.6,-0.6,-0.6054776,0.9849264,0.103531756,0.103531756,1.0,0.006522501,0.063,0.0,0.012,0.6,0.6,-26.514328,2.1668813,0.7222938,0.224,0.0,0.16210893,0.0,0.0
hardzero_only__c0p58__z1p00__lam0p000__nu0p50__psi0p00,0.063,borrow,41,839,0.0,2,-0.6,-0.6,-0.6053648,0.9774827,0.10532158,0.10532158,1.0,0.0066352594,0.063,0.0,0.012,0.6,0.6,-25.885614,2.1505048,0.71683496,0.15200001,0.0,0.13047707,0.0,0.0
hardzero_only__c0p58__z1p00__lam0p000__nu0p50__psi0p00,0.063,borrow,41,840,0.0,2,-0.6,-0.6,-0.61200005,1.0202683,0.0,0.095440276,0.0,0.0,0.063,0.0,0.012,0.6,0.6,-27.535728,2.244635,0.74821174,0.16800001,0.0,0.17598565,0.0,0.0
hardzero_only__c0p58__z1p00__lam0p000__nu0p50__psi0p00,0.063,borrow,41,841,0.0,2,-0.6,-0.6,-0.6050182,0.9553683,0.11082347,0.11082347,1.0,0.0069818785,0.063,0.0,0.012,0.6,0.6,-26.860022,2.1018522,0.70061743,0.23200001,0.0,0.15893744,0.0,0.0
hardzero_only__c0p58__z1p00__lam0p000__nu0p50__psi0p00,0.063,borrow,41,842,0.0,2,-0.6,-0.6,-0.61200005,1.0028371,0.0,0.09934886,0.0,0.0,0.063,0.0,0.012,0.6,0.6,-26.879963,2.2062855,0.7354285,0.136,0.0,0.15316544,0.0,0.0
hardzero_only__c0p58__z1p00__lam0p000__nu0p50__psi0p00,0.063,borrow,41,843,0.0,2,-0.6,-0.6,-0.61200005,1.0652397,0.0,0.086051874,0.0,0.0,0.063,0.0,0.012,0.6,0.6,-27.317911,2.343574,0.78119135,0.14400001,0.0,0.16197143,0.0,0.0
hardzero_only__c0p58__z1p00__lam0p000__nu0p50__psi0p00,0.063,borrow,41,844,0.0,2,-0.6,-0.6,-0.61200005,1.0256137,0.0,0.094272785,0.0,0.0,0.063,0.0,0.012,0.6,0.6,-26.112694,2.256395,0.7521317,0.15200001,0.0,0.15792316,0.0,0.0
hardzero_only__c0p58__z1p00__lam0p000__nu0p50__psi0p00,0.063,borrow,41,845,0.0,2,-0.6,-0.6,-0.61200005,1.0269959,0.0,0.09397323,0.0,0.0,0.063,0.0,0.012,0.6,0.6,-26.869232,2.2594361,0.7531454,0.16,0.0,0.15454188,0.0,0.0
hardzero_only__c0p58__z1p00__lam0p000__nu0p50__psi0p00,0.063,borrow,41,846,0.0,2,-0.6,-0.6,-0.61200005,1.0353726,0.0,0.09217802,0.0,0.0,0.063,0.0,0.012,0.6,0.6,-27.778475,2.2778652,0.75928843,0.15200001,0.0,0.14764771,0.0,0.0
hardzero_only__c0p58__z1p00__lam0p000__nu0p50__psi0p00,0.063,borrow,41,847,0.0,2,-0.6,-0.6,-0.61200005,1.0523643,0.0,0.088641204,0.0,0.0,0.063,0.0,0.012,0.6,0.6,-27.40735,2.3152478,0.77174926,0.128,0.0,0.16871932,0.0,0.0
hardzero_only__c0p58__z1p00__lam0p000__nu0p50__psi0p00,0.063,borrow,41,848,0.0,2,-0.6,-0.6,-0.6052393,0.96934515,0.10731363,0.10731363,1.0,0.006760759,0.063,0.0,0.012,0.6,0.6,-25.993088,2.132602,0.71086735,0.17600001,0.0,0.1381654,0.0,0.0
hardzero_only__c0p58__z1p00__lam0p000__nu0p50__psi0p00,0.063,borrow,41,849,0.0,2,-0.6,-0.6,-0.61200005,1.0187836,0.0,0.09576712,0.0,0.0,0.063,0.0,0.012,0.6,0.6,-27.455837,2.2413685,0.7471229,0.15200001,0.0,0.14723073,0.0,0.0
hardzero_only__c0p58__z1p00__lam0p000__nu0p50__psi0p00,0.063,borrow,41,850,0.0,2,-0.6,-0.6,-0.6056354,0.9955657,0.10102625,0.10102625,1.0,0.006364654,0.063,0.0,0.012,0.6,0.6,-26.737843,2.1902883,0.7300961,0.14400001,0.0,0.13223764,0.0,0.0
hardzero_only__c0p58__z1p00__lam0p000__nu0p50__psi0p00,0.063,borrow,41,851,0.0,2,-0.6,-0.6,-0.61200005,1.02643,0.0,0.094095744,0.0,0.0,0.063,0.0,0.012,0.6,0.6,-27.356043,2.258191,0.75273037,0.208,0.008,0.17283618,0.0,0.0
hardzero_only__c0p58__z1p00__lam0p000__nu0p50__psi0p00,0.063,borrow,41,852,0.0,2,-0.6,-0.6,-0.61200005,1.0236584,0.0,0.09469817,0.0,0.0,0.063,0.0,0.012,0.6,0.6,-27.632065,2.2520936,0.75069785,0.15200001,0.0,0.16211836,0.0,0.0
hardzero_only__c0p58__z1p00__lam0p000__nu0p50__psi0p00,0.063,borrow,41,853,0.0,2,-0.6,-0.6,-0.61200005,1.0282246,0.0,0.093707725,0.0,0.0,0.063,0.0,0.012,0.6,0.6,-27.513733,2.2621393,0.75404644,0.16000001,0.0,0.12751612,0.0,0.0
hardzero_only__c0p58__z1p00__lam0p000__nu0p50__psi0p00,0.063,borrow,41,854,0.0,2,-0.6,-0.6,-0.60530466,0.97356296,0.106276445,0.106276445,1.0,0.0066954163,0.063,0.0,0.012,0.6,0.6,-26.41928,2.1418812,0.7139604,0.2,0.0,0.13629578,0.0,0.0
hardzero_only__c0p58__z1p00__lam0p000__nu0p50__psi0p00,0.063,borrow,41,855,0.0,2,-0.6,-0.6,-0.61200005,1.0769042,0.0,0.0837714,0.0,0.0,0.063,0.0,0.012,0.6,0.6,-27.662945,2.3692365,0.7897455,0.120000005,0.0,0.14997034,0.0,0.0
hardzero_only__c0p58__z1p00__lam0p000__nu0p50__psi0p00,0.063,borrow,41,856,0.0,2,-0.6,-0.6,-0.61200005,1.0158892,0.0,0.09640751,0.0,0.0,0.063,0.0,0.012,0.6,0.6,-27.332119,2.2350008,0.7450003,0.17600001,0.0,0.16201167,0.0,0.0
hardzero_only__c0p58__z1p00__lam0p000__nu0p50__psi0p00,0.063,borrow,41,857,0.0,2,-0.6,-0.6,-0.60553116,0.9885117,0.10268058,0.10268058,1.0,0.0064688767,0.063,0.0,0.012,0.6,0.6,-26.354137,2.1747692,0.7249231,0.18400002,0.0,0.13637498,0.0,0.0
hardzero_only__c0p58__z1p00__lam0p000__nu0p50__psi0p00,0.063,borrow,41,858,0.0,2,-0.6,-0.6,-0.61200005,1.0921875,0.0,0.08087467,0.0,0.0,0.063,0.0,0.012,0.6,0.6,-28.936995,2.4028604,0.8009535,0.14999999,0.0,0.16693105,0.0,0.0
hardzero_only__c0p58__z1p00__lam0p000__nu0p50__psi0p00,0.063,borrow,41,859,0.0,2,-0.6,-0.6,-0.61200005,1.056137,0.0,0.08787454,0.0,0.0,0.063,0.0,0.012,0.6,0.6,-27.837046,2.3235476,0.77451587,0.16000001,0.0,0.16292265,0.0,0.0
hardzero_only__c0p58__z1p00__lam0p000__nu0p50__psi0p00,0.063,borrow,41,860,0.0,2,-0.6,-0.6,-0.61200005,1.018545,0.0,0.09581974,0.0,0.0,0.063,0.0,0.012,0.6,0.6,-27.64352,2.2408438,0.74694794,0.16000001,0.0,0.16015004,0.0,0.0
hardzero_only__c0p58__z1p00__lam0p000__nu0p50__psi0p00,0.063,borrow,41,861,0.0,2,-0.6,-0.6,-0.60463023,0.93188334,0.11698135,0.11698135,1.0,0.007369825,0.063,0.0,0.012,0.6,0.6,-25.394474,2.0501842,0.6833948,0.16000001,0.0,0.13305625,0.0,0.0
hardzero_only__c0p58__z1p00__lam0p000__nu0p50__psi0p00,0.063,borrow,41,862,0.0,2,-0.6,-0.6,-0.6056636,0.99749255,0.100579016,0.100579016,1.0,0.006336478,0.063,0.0,0.012,0.6,0.6,-26.676605,2.1945274,0.73150915,0.15200001,0.0,0.16080725,0.0,0.0
hardzero_only__c0p58__z1p00__lam0p000__nu0p50__psi0p00,0.063,borrow,41,863,0.0,2,-0.6,-0.6,-0.6054734,0.9846492,0.10359786,0.10359786,1.0,0.0065266653,0.063,0.0,0.012,0.6,0.6,-26.394152,2.1662714,0.7220905,0.2,0.0,0.15707932,0.0,0.0
hardzero_only__c0p58__z1p00__lam0p000__nu0p50__psi0p00,0.063,borrow,41,864,0.0,2,-0.6,-0.6,-0.6053587,0.97708744,0.10541747,0.10541747,1.0,0.0066413004,0.063,0.0,0.012,0.6,0.6,-25.825258,2.1496353,0.7165451,0.2,0.0,0.13214703,0.0,0.0
hardzero_only__c0p58__z1p00__lam0p000__nu0p50__psi0p00,0.063,borrow,41,865,0.0,2,-0.6,-0.6,-0.61200005,1.034031,0.0,0.09246321,0.0,0.0,0.063,0.0,0.012,0.6,0.6,-27.539724,2.2749138,0.7583046,0.16800001,0.0,0.16123788,0.0,0.0
hardzero_only__c0p58__z1p00__lam0p000__nu0p50__psi0p00,0.063,borrow,41,866,0.0,2,-0.6,-0.6,-0.61200005,1.0261225,0.0,0.094162405,0.0,0.0,0.063,0.0,0.012,0.6,0.6,-27.9898,2.2575145,0.7525048,0.15200001,0.0,0.14456858,0.0,0.0
hardzero_only__c0p58__z1p00__lam0p000__nu0p50__psi0p00,0.063,borrow,41,867,0.0,2,-0.6,-0.6,-0.605192,0.966317,0.108064495,0.108064495,1.0,0.0068080635,0.063,0.0,0.012,0.6,0.6,-24.927015,2.1259398,0.70864666,0.216,0.0,0.1349343,0.0,0.0
hardzero_only__c0p58__z1p00__lam0p000__nu0p50__psi0p00,0.063,borrow,41,868,0.0,2,-0.6,-0.6,-0.61200005,1.0442258,0.0,0.09031798,0.0,0.0,0.063,0.0,0.012,0.6,0.6,-27.624533,2.2973428,0.7657809,0.2,0.0,0.13886501,0.0,0.0
hardzero_only__c0p58__z1p00__lam0p000__nu0p50__psi0p00,0.063,borrow,41,869,0.0,2,-0.6,-0.6,-0.61200005,1.0609325,0.0,0.08690953,0.0,0.0,0.063,0.0,0.012,0.6,0.6,-27.738995,2.334098,0.7780327,0.120000005,0.0,0.16920711,0.0,0.0
hardzero_only__c0p58__z1p00__lam0p000__nu0p50__psi0p00,0.063,borrow,41,870,0.0,2,-0.6,-0.6,-0.6052931,0.97281337,0.10646003,0.10646003,1.0,0.006706982,0.063,0.0,0.012,0.6,0.6,-26.560892,2.140232,0.71341074,0.192,0.0,0.14666538,0.0,0.0
hardzero_only__c0p58__z1p00__lam0p000__nu0p50__psi0p00,0.063,borrow,41,871,0.0,2,-0.6,-0.6,-0.61200005,1.0073396,0.0,0.098324195,0.0,0.0,0.063,0.0,0.012,0.6,0.6,-26.47726,2.2161913,0.73873043,0.16,0.0,0.14959645,0.0,0.0
hardzero_only__c0p58__z1p00__lam0p000__nu0p50__psi0p00,0.063,borrow,41,872,0.0,2,-0.6,-0.6,-0.61200005,1.0101256,0.0,0.09769544,0.0,0.0,0.063,0.0,0.012,0.6,0.6,-27.290451,2.2223208,0.7407736,0.15200001,0.0,0.15857019,0.0,0.0
hardzero_only__c0p58__z1p00__lam0p000__nu0p50__psi0p00,0.063,borrow,41,873,0.0,2,-0.6,-0.6,-0.61200005,1.0386081,0.0,0.091493845,0.0,0.0,0.063,0.0,0.012,0.6,0.6,-27.794605,2.2849834,0.7616612,0.064,0.0,0.14713572,0.0,0.0
hardzero_only__c0p58__z1p00__lam0p000__nu0p50__psi0p00,0.063,borrow,41,874,0.0,2,-0.6,-0.6,-0.61200005,1.0585226,0.0,0.08739315,0.0,0.0,0.063,0.0,0.012,0.6,0.6,-28.17414,2.3287961,0.7762654,0.128,0.0,0.19188903,0.0,0.0
hardzero_only__c0p58__z1p00__lam0p000__nu0p50__psi0p00,0.063,borrow,41,875,0.0,2,-0.6,-0.6,-0.61200005,1.0295912,0.0,0.093413316,0.0,0.0,0.063,0.0,0.012,0.6,0.6,-27.650898,2.2651458,0.75504863,0.136,0.0,0.16647246,0.0,0.0
hardzero_only__c0p58__z1p00__lam0p000__nu0p50__psi0p00,0.063,borrow,41,876,0.0,2,-0.6,-0.6,-0.6047356,0.93813825,0.115308605,0.115308605,1.0,0.0072644423,0.063,0.0,0.012,0.6,0.6,-25.620895,2.0639453,0.6879818,0.208,0.0,0.15889597,0.0,0.0
hardzero_only__c0p58__z1p00__lam0p000__nu0p50__psi0p00,0.063,borrow,41,877,0.0,2,-0.6,-0.6,-0.61200005,1.0712494,0.0,0.0848693,0.0,0.0,0.063,0.0,0.012,0.6,0.6,-28.56475,2.3567955,0.7855985,0.14400001,0.0,0.16987635,0.0,0.0
hardzero_only__c0p58__z1p00__lam0p000__nu0p50__psi0p00,0.063,borrow,41,878,0.0,2,-0.6,-0.6,-0.61200005,1.0167155,0.0,0.09622424,0.0,0.0,0.063,0.0,0.012,0.6,0.6,-27.611427,2.2368188,0.7456063,0.14400001,0.0,0.15957351,0.0,0.0
hardzero_only__c0p58__z1p00__lam0p000__nu0p50__psi0p00,0.063,borrow,41,879,0.0,2,-0.6,-0.6,-0.61200005,1.0255986,0.0,0.09427604,0.0,0.0,0.063,0.0,0.012,0.6,0.6,-28.101967,2.2563622,0.75212073,0.16800001,0.008,0.16090955,0.0,0.0
hardzero_only__c0p58__z1p00__lam0p000__nu0p50__psi0p00,0.063,borrow,41,880,0.0,2,-0.6,-0.6,-0.61200005,1.0278426,0.0,0.09379017,0.0,0.0,0.063,0.0,0.012,0.6,0.6,-27.729994,2.261299,0.7537663,0.16800001,0.0,0.18967576,0.0,0.0
hardzero_only__c0p58__z1p00__lam0p000__nu0p50__psi0p00,0.063,borrow,41,881,0.0,2,-0.6,-0.6,-0.61200005,1.0305114,0.0,0.0932156,0.0,0.0,0.063,0.0,0.012,0.6,0.6,-27.506351,2.2671704,0.7557235,0.16000001,0.0,0.14305863,0.0,0.0
hardzero_only__c0p58__z1p00__lam0p000__nu0p50__psi0p00,0.063,borrow,41,882,0.0,2,-0.6,-0.6,-0.61200005,1.0098306,0.0,0.097761855,0.0,0.0,0.063,0.0,0.012,0.6,0.6,-27.030186,2.2216716,0.7405572,0.2,0.0,0.15574647,0.0,0.0
hardzero_only__c0p58__z1p00__lam0p000__nu0p50__psi0p00,0.063,borrow,41,883,0.0,2,-0.6,-0.6,-0.6053478,0.9763733,0.10559093,0.10559093,1.0,0.006652229,0.063,0.0,0.012,0.6,0.6,-27.611746,2.1480641,0.7160214,0.16800001,0.0,0.17060557,0.0,0.0
hardzero_only__c0p58__z1p00__lam0p000__nu0p50__psi0p00,0.063,borrow,41,884,0.0,2,-0.6,-0.6,-0.61200005,1.026321,0.0,0.094119355,0.0,0.0,0.063,0.0,0.012,0.6,0.6,-27.353954,2.2579515,0.7526505,0.14,0.0,0.14746803,0.0,0.0
hardzero_only__c0p58__z1p00__lam0p000__nu0p50__psi0p00,0.063,borrow,41,885,0.0,2,-0.6,-0.6,-0.61200005,1.0275474,0.0,0.09385397,0.0,0.0,0.063,0.0,0.012,0.6,0.6,-27.87154,2.2606492,0.75354975,0.17600001,0.0,0.18543269,0.0,0.0
hardzero_only__c0p58__z1p00__lam0p000__nu0p50__psi0p00,0.063,borrow,41,886,0.0,2,-0.6,-0.6,-0.61200005,1.0121435,0.0,0.09724258,0.0,0.0,0.063,0.0,0.012,0.6,0.6,-27.298008,2.2267601,0.7422534,0.15200001,0.0,0.15470256,0.0,0.0
hardzero_only__c0p58__z1p00__lam0p000__nu0p50__psi0p00,0.063,borrow,41,887,0.0,2,-0.6,-0.6,-0.61200005,1.0051103,0.0,0.0988302,0.0,0.0,0.063,0.0,0.012,0.6,0.6,-27.379705,2.2112868,0.7370956,0.18400002,0.008,0.14420491,0.0,0.0
hardzero_only__c0p58__z1p00__lam0p000__nu0p50__psi0p00,0.063,borrow,41,888,0.0,2,-0.6,-0.6,-0.61200005,1.0744019,0.0,0.08425548,0.0,0.0,0.063,0.0,0.012,0.6,0.6,-28.32552,2.3637314,0.78791046,0.14400001,0.0,0.1464489,0.0,0.0
hardzero_only__c0p58__z1p00__lam0p000__nu0p50__psi0p00,0.063,borrow,41,889,0.0,2,-0.6,-0.6,-0.61200005,1.0323226,0.0,0.09282764,0.0,0.0,0.063,0.0,0.012,0.6,0.6,-27.39466,2.271155,0.7570517,0.112,0.0,0.1491073,0.0,0.0
hardzero_only__c0p58__z1p00__lam0p000__nu0p50__psi0p00,0.063,borrow,41,890,0.0,2,-0.6,-0.6,-0.61200005,1.019038,0.0,0.09571103,0.0,0.0,0.063,0.0,0.012,0.6,0.6,-27.12353,2.2419283,0.74730945,0.16000001,0.0,0.17571546,0.0,0.0
hardzero_only__c0p58__z1p00__lam0p000__nu0p50__psi0p00,0.063,borrow,41,891,0.0,2,-0.6,-0.6,-0.6056451,0.99622905,0.10087208,0.10087208,1.0,0.006354941,0.063,0.0,0.012,0.6,0.6,-27.299591,2.1917477,0.7305826,0.17600001,0.0,0.15936755,0.0,0.0
hardzero_only__c0p58__z1p00__lam0p000__nu0p50__psi0p00,0.063,borrow,41,892,0.0,2,-0.6,-0.6,-0.61200005,1.017664,0.0,0.09601432,0.0,0.0,0.063,0.0,0.012,0.6,0.6,-26.21798,2.2389054,0.74630183,0.15200001,0.0,0.1834566,0.0,0.0
hardzero_only__c0p58__z1p00__lam0p000__nu0p50__psi0p00,0.063,borrow,41,893,0.0,2,-0.6,-0.6,-0.61200005,1.0241717,0.0,0.09458631,0.0,0.0,0.063,0.0,0.012,0.6,0.6,-27.142796,2.2532227,0.75107425,0.120000005,0.0,0.16159597,0.0,0.0
hardzero_only__c0p58__z1p00__lam0p000__nu0p50__psi0p00,0.063,borrow,41,894,0.0,2,-0.6,-0.6,-0.61200005,1.0370262,0.0,0.09182773,0.0,0.0,0.063,0.0,0.012,0.6,0.6,-27.343243,2.2815032,0.7605011,0.096,0.0,0.16774496,0.0,0.0
hardzero_only__c0p58__z1p00__lam0p000__nu0p50__psi0p00,0.063,borrow,41,895,0.0,2,-0.6,-0.6,-0.6049796,0.95297384,0.11143615,0.11143615,1.0,0.0070204777,0.063,0.0,0.012,0.6,0.6,-25.666447,2.0965843,0.6988615,0.16000001,0.0,0.13923307,0.0,0.0
hardzero_only__c0p58__z1p00__lam0p000__nu0p50__psi0p00,0.063,borrow,41,896,0.0,2,-0.6,-0.6,-0.6056258,0.99491245,0.101178326,0.101178326,1.0,0.006374235,0.063,0.0,0.012,0.6,0.6,-27.34452,2.188851,0.72961706,0.16000001,0.0,0.17188202,0.0,0.0
hardzero_only__c0p58__z1p00__lam0p000__nu0p50__psi0p00,0.063,borrow,41,897,0.0,2,-0.6,-0.6,-0.61200005,1.0368651,0.0,0.091861784,0.0,0.0,0.063,0.0,0.012,0.6,0.6,-26.629839,2.281149,0.760383,0.14,0.0,0.14017814,0.0,0.0
hardzero_only__c0p58__z1p00__lam0p000__nu0p50__psi0p00,0.063,borrow,41,898,0.0,2,-0.6,-0.6,-0.6055997,0.99313605,0.10159303,0.10159303,1.0,0.006400361,0.063,0.0,0.012,0.6,0.6,-26.776176,2.184943,0.72831434,0.216,0.0,0.1530662,0.0,0.0
hardzero_only__c0p58__z1p00__lam0p000__nu0p50__psi0p00,0.063,borrow,41,899,0.0,2,-0.6,-0.6,-0.61200005,1.0131626,0.0,0.097014666,0.0,0.0,0.063,0.0,0.012,0.6,0.6,-26.728083,2.2290022,0.74300075,0.16000001,0.0,0.15797341,0.0,0.0
hardzero_only__c0p58__z1p00__lam0p000__nu0p50__psi0p00,0.063,borrow,41,900,0.0,2,-0.6,-0.6,-0.6056796,0.9985889,0.10032544,0.10032544,1.0,0.006320503,0.063,0.0,0.012,0.6,0.6,-26.697159,2.1969395,0.73231316,0.216,0.008,0.16902308,0.0,0.0
hardzero_only__c0p58__z1p00__lam0p000__nu0p50__psi0p00,0.063,borrow,41,901,0.0,2,-0.6,-0.6,-0.6056559,0.9969694,0.10070026,0.10070026,1.0,0.0063441163,0.063,0.0,0.012,0.6,0.6,-27.597605,2.1933765,0.73112553,0.18400002,0.0,0.15294869,0.0,0.0
hardzero_only__c0p58__z1p00__lam0p000__nu0p50__psi0p00,0.063,borrow,41,902,0.0,2,-0.6,-0.6,-0.61200005,1.0206578,0.0,0.095354736,0.0,0.0,0.063,0.0,0.012,0.6,0.6,-27.587736,2.245492,0.74849737,0.080000006,0.0,0.14430003,0.0,0.0
hardzero_only__c0p58__z1p00__lam0p000__nu0p50__psi0p00,0.063,borrow,41,903,0.0,2,-0.6,-0.6,-0.61200005,1.0492926,0.0,0.08927038,0.0,0.0,0.063,0.0,0.012,0.6,0.6,-27.160097,2.3084898,0.7694966,0.17600001,0.0,0.1824195,0.0,0.0
hardzero_only__c0p58__z1p00__lam0p000__nu0p50__psi0p00,0.063,borrow,41,904,0.0,2,-0.6,-0.6,-0.61200005,1.0255055,0.0,0.094296254,0.0,0.0,0.063,0.0,0.012,0.6,0.6,-26.905128,2.2561572,0.7520524,0.128,0.0,0.15258248,0.0,0.0
hardzero_only__c0p58__z1p00__lam0p000__nu0p50__psi0p00,0.063,borrow,41,905,0.0,2,-0.6,-0.6,-0.61200005,1.0208066,0.0,0.09532207,0.0,0.0,0.063,0.0,0.012,0.6,0.6,-27.169785,2.2458193,0.74860644,0.208,0.0,0.17790854,0.0,0.0
hardzero_only__c0p58__z1p00__lam0p000__nu0p50__psi0p00,0.063,borrow,41,906,0.0,2,-0.6,-0.6,-0.6052097,0.96744955,0.10778304,0.10778304,1.0,0.0067903316,0.063,0.0,0.012,0.6,0.6,-25.725267,2.1284316,0.7094772,0.136,0.0,0.14619088,0.0,0.0
hardzero_only__c0p58__z1p00__lam0p000__nu0p50__psi0p00,0.063,borrow,41,907,0.0,2,-0.6,-0.6,-0.6056296,0.995173,0.101117656,0.101117656,1.0,0.006370412,0.063,0.0,0.012,0.6,0.6,-27.079563,2.1894243,0.7298081,0.136,0.0,0.15442336,0.0,0.0
hardzero_only__c0p58__z1p00__lam0p000__nu0p50__psi0p00,0.063,borrow,41,908,0.0,2,-0.6,-0.6,-0.6053138,0.97415614,0.10613138,0.10613138,1.0,0.006686277,0.063,0.0,0.012,0.6,0.6,-27.557577,2.1431863,0.71439546,0.112,0.0,0.14829078,0.0,0.0
hardzero_only__c0p58__z1p00__lam0p000__nu0p50__psi0p00,0.063,borrow,41,909,0.0,2,-0.6,-0.6,-0.60540944,0.9804149,0.104612865,0.104612865,1.0,0.0065906104,0.063,0.0,0.012,0.6,0.6,-26.09349,2.156956,0.7189853,0.2,0.0,0.14872466,0.0,0.0
hardzero_only__c0p58__z1p00__lam0p000__nu0p50__psi0p00,0.063,borrow,41,910,0.0,2,-0.6,-0.6,-0.61200005,1.0161525,0.0,0.096349046,0.0,0.0,0.063,0.0,0.012,0.6,0.6,-26.905247,2.2355802,0.7451934,0.17,0.0,0.15554242,0.0,0.0
hardzero_only__c0p58__z1p00__lam0p000__nu0p50__psi0p00,0.063,borrow,41,911,0.0,2,-0.6,-0.6,-0.61200005,1.028364,0.0,0.093677655,0.0,0.0,0.063,0.0,0.012,0.6,0.6,-27.68915,2.262446,0.75414866,0.16800001,0.0,0.1373486,0.0,0.0
hardzero_only__c0p58__z1p00__lam0p000__nu0p50__psi0p00,0.063,borrow,41,912,0.0,2,-0.6,-0.6,-0.60527706,0.9717793,0.10671382,0.10671382,1.0,0.0067229704,0.063,0.0,0.012,0.6,0.6,-26.341633,2.137957,0.7126524,0.14400001,0.0,0.13909051,0.0,0.0
hardzero_only__c0p58__z1p00__lam0p000__nu0p50__psi0p00,0.063,borrow,41,913,0.0,2,-0.6,-0.6,-0.61200005,1.042835,0.0,0.09060769,0.0,0.0,0.063,0.0,0.012,0.6,0.6,-27.878408,2.2942827,0.7647609,0.136,0.0,0.17688572,0.0,0.0
hardzero_only__c0p58__z1p00__lam0p000__nu0p50__psi0p00,0.063,borrow,41,914,0.0,2,-0.6,-0.6,-0.6054638,0.9840102,0.10375039,0.10375039,1.0,0.0065362747,0.063,0.0,0.012,0.6,0.6,-26.536541,2.1648657,0.72162193,0.216,0.008,0.17365307,0.0,0.0
hardzero_only__c0p58__z1p00__lam0p000__nu0p50__psi0p00,0.063,borrow,41,915,0.0,2,-0.6,-0.6,-0.6055468,0.9895615,0.10243266,0.10243266,1.0,0.0064532575,0.063,0.0,0.012,0.6,0.6,-26.00754,2.1770787,0.7256929,0.17600001,0.0,0.15431096,0.0,0.0
hardzero_only__c0p58__z1p00__lam0p000__nu0p50__psi0p00,0.063,borrow,41,916,0.0,2,-0.6,-0.6,-0.60564667,0.99633527,0.1008474,0.1008474,1.0,0.006353386,0.063,0.0,0.012,0.6,0.6,-26.525326,2.1919813,0.73066044,0.208,0.0,0.14210773,0.0,0.0
hardzero_only__c0p58__z1p00__lam0p000__nu0p50__psi0p00,0.063,borrow,41,917,0.0,2,-0.6,-0.6,-0.61200005,1.0021418,0.0,0.09950804,0.0,0.0,0.063,0.0,0.012,0.6,0.6,-27.322626,2.204756,0.7349187,0.192,0.0,0.15317161,0.0,0.0
hardzero_only__c0p58__z1p00__lam0p000__nu0p50__psi0p00,0.063,borrow,41,918,0.0,2,-0.6,-0.6,-0.61200005,1.0359422,0.0,0.09205722,0.0,0.0,0.063,0.0,0.012,0.6,0.6,-27.508425,2.2791183,0.75970614,0.128,0.0,0.15809351,0.0,0.0
hardzero_only__c0p58__z1p00__lam0p000__nu0p50__psi0p00,0.063,borrow,41,919,0.0,2,-0.6,-0.6,-0.61200005,1.0077062,0.0,0.09824124,0.0,0.0,0.063,0.0,0.012,0.6,0.6,-26.65204,2.2169979,0.7389993,0.18400002,0.0,0.15609424,0.0,0.0
hardzero_only__c0p58__z1p00__lam0p000__nu0p50__psi0p00,0.063,borrow,41,920,0.0,2,-0.6,-0.6,-0.61200005,1.0428797,0.0,0.09059835,0.0,0.0,0.063,0.0,0.012,0.6,0.6,-27.549217,2.2943811,0.76479375,0.136,0.0,0.15347236,0.0,0.0
hardzero_only__c0p58__z1p00__lam0p000__nu0p50__psi0p00,0.063,borrow,41,921,0.0,2,-0.6,-0.6,-0.61200005,1.0678258,0.0,0.08554097,0.0,0.0,0.063,0.0,0.012,0.6,0.6,-29.054445,2.3492637,0.7830879,0.112,0.0,0.15800609,0.0,0.0
hardzero_only__c0p58__z1p00__lam0p000__nu0p50__psi0p00,0.063,borrow,41,922,0.0,2,-0.6,-0.6,-0.6053151,0.97424144,0.10611056,0.10611056,1.0,0.0066849655,0.063,0.0,0.012,0.6,0.6,-25.920063,2.143374,0.714458,0.18400002,0.0,0.13281472,0.0,0.0
hardzero_only__c0p58__z1p00__lam0p000__nu0p50__psi0p00,0.063,borrow,41,923,0.0,2,-0.6,-0.6,-0.605306,0.9736531,0.106254406,0.106254406,1.0,0.0066940277,0.063,0.0,0.012,0.6,0.6,-26.407461,2.1420796,0.7140266,0.22999999,0.0,0.1477412,0.0,0.0
hardzero_only__c0p58__z1p00__lam0p000__nu0p50__psi0p00,0.063,borrow,41,924,0.0,2,-0.6,-0.6,-0.61200005,1.0500159,0.0,0.089121826,0.0,0.0,0.063,0.0,0.012,0.6,0.6,-27.366169,2.3100812,0.7700271,0.15200001,0.0,0.17419294,0.0,0.0
hardzero_only__c0p58__z1p00__lam0p000__nu0p50__psi0p00,0.063,borrow,41,925,0.0,2,-0.6,-0.6,-0.6055565,0.9902167,0.10227826,0.10227826,1.0,0.006443531,0.063,0.0,0.012,0.6,0.6,-26.410467,2.1785202,0.7261734,0.15200001,0.0,0.13816033,0.0,0.0
hardzero_only__c0p58__z1p00__lam0p000__nu0p50__psi0p00,0.063,borrow,41,926,0.0,2,-0.6,-0.6,-0.61200005,1.0240942,0.0,0.09460318,0.0,0.0,0.063,0.0,0.012,0.6,0.6,-27.991255,2.2530522,0.75101745,0.16000001,0.0,0.1658829,0.0,0.0
hardzero_only__c0p58__z1p00__lam0p000__nu0p50__psi0p00,0.063,borrow,41,927,0.0,2,-0.6,-0.6,-0.61200005,1.0054667,0.0,0.09874913,0.0,0.0,0.063,0.0,0.012,0.6,0.6,-28.017536,2.212071,0.737357,0.208,0.0,0.16761754,0.0,0.0
hardzero_only__c0p58__z1p00__lam0p000__nu0p50__psi0p00,0.063,borrow,41,928,0.0,2,-0.6,-0.6,-0.60569197,0.99944526,0.10012783,0.10012783,1.0,0.0063080536,0.063,0.0,0.012,0.6,0.6,-27.63936,2.1988235,0.73294115,0.272,0.008,0.18645312,0.0,0.0
hardzero_only__c0p58__z1p00__lam0p000__nu0p50__psi0p00,0.063,borrow,41,929,0.0,2,-0.6,-0.6,-0.6056495,0.996526,0.10080312,0.10080312,1.0,0.006350597,0.063,0.0,0.012,0.6,0.6,-26.940695,2.192401,0.73080033,0.15200001,0.0,0.14679876,0.0,0.0
hardzero_only__c0p58__z1p00__lam0p000__nu0p50__psi0p00,0.063,borrow,41,930,0.0,2,-0.6,-0.6,-0.61200005,1.0630631,0.0,0.0864842,0.0,0.0,0.063,0.0,0.012,0.6,0.6,-28.289106,2.3387856,0.77959526,0.136,0.0,0.2062101,0.0,0.0
hardzero_only__c0p58__z1p00__lam0p000__nu0p50__psi0p00,0.063,borrow,41,931,0.0,2,-0.6,-0.6,-0.6056365,0.99563766,0.10100952,0.10100952,1.0,0.0063635996,0.063,0.0,0.012,0.6,0.6,-26.278492,2.1904466,0.7301489,0.17600001,0.0,0.17254038,0.0,0.0
hardzero_only__c0p58__z1p00__lam0p000__nu0p50__psi0p00,0.063,borrow,41,932,0.0,2,-0.6,-0.6,-0.61200005,1.0400981,0.0,0.09118048,0.0,0.0,0.063,0.0,0.012,0.6,0.6,-28.08803,2.2882614,0.76275384,0.14400001,0.0,0.16337377,0.0,0.0
hardzero_only__c0p58__z1p00__lam0p000__nu0p50__psi0p00,0.063,borrow,41,933,0.0,2,-0.6,-0.6,-0.61200005,1.0203261,0.0,0.09542756,0.0,0.0,0.063,0.0,0.012,0.6,0.6,-27.688665,2.2447624,0.7482542,0.128,0.0,0.16062067,0.0,0.0
hardzero_only__c0p58__z1p00__lam0p000__nu0p50__psi0p00,0.063,borrow,41,934,0.0,2,-0.6,-0.6,-0.61200005,1.1017692,0.0,0.079109885,0.0,0.0,0.063,0.0,0.012,0.6,0.6,-29.010256,2.4239407,0.80798024,0.15200001,0.0,0.1794485,0.0,0.0
hardzero_only__c0p58__z1p00__lam0p000__nu0p50__psi0p00,0.063,borrow,41,935,0.0,2,-0.6,-0.6,-0.60563374,0.99545234,0.101052634,0.101052634,1.0,0.006366316,0.063,0.0,0.012,0.6,0.6,-26.97567,2.190039,0.730013,0.16800001,0.0,0.15240695,0.0,0.0
hardzero_only__c0p58__z1p00__lam0p000__nu0p50__psi0p00,0.063,borrow,41,936,0.0,2,-0.6,-0.6,-0.60517013,0.96492684,0.10841096,0.10841096,1.0,0.006829891,0.063,0.0,0.012,0.6,0.6,-26.637941,2.1228814,0.7076272,0.21,0.0,0.13316974,0.0,0.0
hardzero_only__c0p58__z1p00__lam0p000__nu0p50__psi0p00,0.063,borrow,41,937,0.0,2,-0.6,-0.6,-0.61200005,1.0400362,0.0,0.09119349,0.0,0.0,0.063,0.0,0.012,0.6,0.6,-27.161581,2.2881253,0.7627084,0.136,0.0,0.18610445,0.0,0.0
hardzero_only__c0p58__z1p00__lam0p000__nu0p50__psi0p00,0.063,borrow,41,938,0.0,2,-0.6,-0.6,-0.61200005,1.0804982,0.0,0.08308101,0.0,0.0,0.063,0.0,0.012,0.6,0.6,-28.687922,2.3771436,0.7923812,0.17600001,0.0,0.16474196,0.0,0.0
hardzero_only__c0p58__z1p00__lam0p000__nu0p50__psi0p00,0.063,borrow,41,939,0.0,2,-0.6,-0.6,-0.61200005,1.0006155,0.0,0.09985838,0.0,0.0,0.063,0.0,0.012,0.6,0.6,-26.551336,2.2013981,0.7337994,0.096,0.0,0.1475644,0.0,0.0
hardzero_only__c0p58__z1p00__lam0p000__nu0p50__psi0p00,0.063,borrow,41,940,0.0,2,-0.6,-0.6,-0.6051779,0.9654188,0.108288206,0.108288206,1.0,0.006822157,0.063,0.0,0.012,0.6,0.6,-26.83705,2.1239638,0.70798796,0.18400002,0.0,0.15447788,0.0,0.0
hardzero_only__c0p58__z1p00__lam0p000__nu0p50__psi0p00,0.063,borrow,41,941,0.0,2,-0.6,-0.6,-0.61200005,1.0095553,0.0,0.09782382,0.0,0.0,0.063,0.0,0.012,0.6,0.6,-26.57298,2.221066,0.7403554,0.16800001,0.008,0.15252295,0.0,0.0
hardzero_only__c0p58__z1p00__lam0p000__nu0p50__psi0p00,0.063,borrow,41,942,0.0,2,-0.6,-0.6,-0.61200005,1.0388798,0.0,0.09143663,0.0,0.0,0.063,0.0,0.012,0.6,0.6,-27.37161,2.285581,0.7618604,0.17600001,0.0,0.18810211,0.0,0.0
hardzero_only__c0p58__z1p00__lam0p000__nu0p50__psi0p00,0.063,borrow,41,943,0.0,2,-0.6,-0.6,-0.6055927,0.99266315,0.10170371,0.10170371,1.0,0.006407334,0.063,0.0,0.012,0.6,0.6,-26.694733,2.1839025,0.7279675,0.18400002,0.0,0.16588679,0.0,0.0
hardzero_only__c0p58__z1p00__lam0p000__nu0p50__psi0p00,0.063,borrow,41,944,0.0,2,-0.6,-0.6,-0.61200005,1.0816135,0.0,0.082867905,0.0,0.0,0.063,0.0,0.012,0.6,0.6,-27.985403,2.3795972,0.79319906,0.128,0.0,0.16697285,0.0,0.0
hardzero_only__c0p58__z1p00__lam0p000__nu0p50__psi0p00,0.063,borrow,41,945,0.0,2,-0.6,-0.6,-0.61200005,1.0323602,0.0,0.09281963,0.0,0.0,0.063,0.0,0.012,0.6,0.6,-28.359333,2.2712379,0.7570793,0.14400001,0.0,0.18924041,0.0,0.0
hardzero_only__c0p58__z1p00__lam0p000__nu0p50__psi0p00,0.063,borrow,41,946,0.0,2,-0.6,-0.6,-0.61200005,1.0311279,0.0,0.093083344,0.0,0.0,0.063,0.0,0.012,0.6,0.6,-27.038515,2.2685268,0.75617564,0.15200001,0.0,0.14482616,0.0,0.0
hardzero_only__c0p58__z1p00__lam0p000__nu0p50__psi0p00,0.063,borrow,41,947,0.0,2,-0.6,-0.6,-0.61200005,1.0513124,0.0,0.08885617,0.0,0.0,0.063,0.0,0.012,0.6,0.6,-27.465204,2.3129337,0.7709779,0.192,0.0,0.16880898,0.0,0.0
hardzero_only__c0p58__z1p00__lam0p000__nu0p50__psi0p00,0.063,borrow,41,948,0.0,2,-0.6,-0.6,-0.605397,0.9795963,0.10481024,0.10481024,1.0,0.006603045,0.063,0.0,0.012,0.6,0.6,-27.016066,2.155155,0.718385,0.18400002,0.0,0.14037164,0.0,0.0
hardzero_only__c0p58__z1p00__lam0p000__nu0p50__psi0p00,0.063,borrow,41,949,0.0,2,-0.6,-0.6,-0.61200005,1.041854,0.0,0.09081258,0.0,0.0,0.063,0.0,0.012,0.6,0.6,-28.411772,2.2921245,0.76404154,0.17999999,0.0,0.17555985,0.0,0.0
hardzero_only__c0p58__z1p00__lam0p000__nu0p50__psi0p00,0.063,borrow,41,950,0.0,2,-0.6,-0.6,-0.61200005,1.0281433,0.0,0.093725264,0.0,0.0,0.063,0.0,0.012,0.6,0.6,-27.247833,2.2619605,0.75398684,0.136,0.0,0.15594952,0.0,0.0
hardzero_only__c0p58__z1p00__lam0p000__nu0p50__psi0p00,0.063,borrow,41,951,0.0,2,-0.6,-0.6,-0.61200005,1.0100088,0.0,0.09772172,0.0,0.0,0.063,0.0,0.012,0.6,0.6,-26.27246,2.2220638,0.74068797,0.15200001,0.0,0.1301551,0.0,0.0
hardzero_only__c0p58__z1p00__lam0p000__nu0p50__psi0p00,0.063,borrow,41,952,0.0,2,-0.6,-0.6,-0.60543126,0.9818551,0.10426653,0.10426653,1.0,0.006568792,0.063,0.0,0.012,0.6,0.6,-26.25147,2.1601243,0.72004145,0.136,0.0,0.1772744,0.0,0.0
hardzero_only__c0p58__z1p00__lam0p000__nu0p50__psi0p00,0.063,borrow,41,953,0.0,2,-0.6,-0.6,-0.61200005,1.0522721,0.0,0.08866004,0.0,0.0,0.063,0.0,0.012,0.6,0.6,-28.000822,2.3150449,0.77168167,0.120000005,0.0,0.17290169,0.0,0.0
hardzero_only__c0p58__z1p00__lam0p000__nu0p50__psi0p00,0.063,borrow,41,954,0.0,2,-0.6,-0.6,-0.61200005,1.0341457,0.0,0.09243881,0.0,0.0,0.063,0.0,0.012,0.6,0.6,-26.867609,2.275166,0.7583887,0.18400002,0.0,0.17382911,0.0,0.0
hardzero_only__c0p58__z1p00__lam0p000__nu0p50__psi0p00,0.063,borrow,41,955,0.0,2,-0.6,-0.6,-0.60568327,0.99884534,0.10026622,0.10026622,1.0,0.0063167717,0.063,0.0,0.012,0.6,0.6,-27.421043,2.1975036,0.7325012,0.18400002,0.0,0.15081958,0.0,0.0
hardzero_only__c0p58__z1p00__lam0p000__nu0p50__psi0p00,0.063,borrow,41,956,0.0,2,-0.6,-0.6,-0.6055726,0.9913007,0.10202329,0.10202329,1.0,0.0064274673,0.063,0.0,0.012,0.6,0.6,-26.77184,2.180905,0.7269684,0.16000001,0.0,0.14984637,0.0,0.0
hardzero_only__c0p58__z1p00__lam0p000__nu0p50__psi0p00,0.063,borrow,41,957,0.0,2,-0.6,-0.6,-0.6051752,0.96524704,0.108331054,0.108331054,1.0,0.0068248566,0.063,0.0,0.012,0.6,0.6,-26.186096,2.123586,0.707862,0.128,0.0,0.12549083,0.0,0.0
hardzero_only__c0p58__z1p00__lam0p000__nu0p50__psi0p00,0.063,borrow,41,958,0.0,2,-0.6,-0.6,-0.61200005,1.003561,0.0,0.0991834,0.0,0.0,0.063,0.0,0.012,0.6,0.6,-26.681578,2.2078784,0.7359595,0.2,0.0,0.13561636,0.0,0.0
hardzero_only__c0p58__z1p00__lam0p000__nu0p50__psi0p00,0.063,borrow,41,959,0.0,2,-0.6,-0.6,-0.6050443,0.95699817,0.11040833,0.11040833,1.0,0.0069557247,0.063,0.0,0.012,0.6,0.6,-25.420109,2.105438,0.7018127,0.24000001,0.0,0.13406157,0.0,0.0
hardzero_only__c0p58__z1p00__lam0p000__nu0p50__psi0p00,0.063,borrow,41,960,0.0,2,-0.6,-0.6,-0.6050009,0.95429444,0.111097805,0.111097805,1.0,0.006999162,0.063,0.0,0.012,0.6,0.6,-26.218239,2.0994897,0.69982994,0.224,0.008,0.1593885,0.0,0.0
hardzero_only__c0p58__z1p00__lam0p000__nu0p50__psi0p00,0.063,borrow,41,961,0.0,2,-0.6,-0.6,-0.61200005,1.0096902,0.0,0.09779346,0.0,0.0,0.063,0.0,0.012,0.6,0.6,-26.825272,2.2213628,0.7404543,0.16800001,0.0,0.14501728,0.0,0.0
hardzero_only__c0p58__z1p00__lam0p000__nu0p50__psi0p00,0.063,borrow,41,962,0.0,2,-0.6,-0.6,-0.6054474,0.9829231,0.104010426,0.104010426,1.0,0.006552657,0.063,0.0,0.012,0.6,0.6,-26.463085,2.162474,0.72082466,0.14,0.0,0.1407338,0.0,0.0
hardzero_only__c0p58__z1p00__lam0p000__nu0p50__psi0p00,0.063,borrow,41,963,0.0,2,-0.6,-0.6,-0.6053732,0.978032,0.10518843,0.10518843,1.0,0.006626871,0.063,0.0,0.012,0.6,0.6,-26.06724,2.1517134,0.71723783,0.17600001,0.0,0.11817897,0.0,0.0
hardzero_only__c0p58__z1p00__lam0p000__nu0p50__psi0p00,0.063,borrow,41,964,0.0,2,-0.6,-0.6,-0.61200005,1.0148352,0.0,0.096641734,0.0,0.0,0.063,0.0,0.012,0.6,0.6,-26.820206,2.2326822,0.7442274,0.16000001,0.0,0.16934754,0.0,0.0
hardzero_only__c0p58__z1p00__lam0p000__nu0p50__psi0p00,0.063,borrow,41,965,0.0,2,-0.6,-0.6,-0.60552615,0.98817325,0.102760635,0.102760635,1.0,0.0064739203,0.063,0.0,0.012,0.6,0.6,-27.61295,2.1740246,0.7246749,0.224,0.0,0.14695123,0.0,0.0
hardzero_only__c0p58__z1p00__lam0p000__nu0p50__psi0p00,0.063,borrow,41,966,0.0,2,-0.6,-0.6,-0.61200005,1.0217434,0.0,0.09511667,0.0,0.0,0.063,0.0,0.012,0.6,0.6,-27.297873,2.2478805,0.7492935,0.15200001,0.0,0.13349605,0.0,0.0
hardzero_only__c0p58__z1p00__lam0p000__nu0p50__psi0p00,0.063,borrow,41,967,0.0,2,-0.6,-0.6,-0.604573,0.9285267,0.11788902,0.11788902,1.0,0.0074270084,0.063,0.0,0.012,0.6,0.6,-25.82806,2.0427995,0.6809332,0.24000001,0.0,0.14075992,0.0,0.0
hardzero_only__c0p58__z1p00__lam0p000__nu0p50__psi0p00,0.063,borrow,41,968,0.0,2,-0.6,-0.6,-0.61200005,1.0183554,0.0,0.0958616,0.0,0.0,0.063,0.0,0.012,0.6,0.6,-26.920765,2.2404265,0.7468089,0.15200001,0.0,0.16382574,0.0,0.0
hardzero_only__c0p58__z1p00__lam0p000__nu0p50__psi0p00,0.063,borrow,41,969,0.0,2,-0.6,-0.6,-0.60557306,0.9913314,0.10201607,0.10201607,1.0,0.0064270124,0.063,0.0,0.012,0.6,0.6,-27.12621,2.1809726,0.7269909,0.208,0.0,0.16718766,0.0,0.0
hardzero_only__c0p58__z1p00__lam0p000__nu0p50__psi0p00,0.063,borrow,41,970,0.0,2,-0.6,-0.6,-0.6055059,0.98681617,0.10308223,0.10308223,1.0,0.0064941808,0.063,0.0,0.012,0.6,0.6,-26.595497,2.1710389,0.72367966,0.24800001,0.0,0.13666977,0.0,0.0
hardzero_only__c0p58__z1p00__lam0p000__nu0p50__psi0p00,0.063,borrow,41,971,0.0,2,-0.6,-0.6,-0.61200005,1.0582161,0.0,0.08745485,0.0,0.0,0.063,0.0,0.012,0.6,0.6,-27.669073,2.328122,0.7760407,0.14400001,0.0,0.16690141,0.0,0.0
hardzero_only__c0p58__z1p00__lam0p000__nu0p50__psi0p00,0.063,borrow,41,972,0.0,2,-0.6,-0.6,-0.61200005,1.004849,0.0,0.09888969,0.0,0.0,0.063,0.0,0.012,0.6,0.6,-27.177277,2.210712,0.736904,0.120000005,0.0,0.15181641,0.0,0.0
hardzero_only__c0p58__z1p00__lam0p000__nu0p50__psi0p00,0.063,borrow,41,973,0.0,2,-0.6,-0.6,-0.61200005,1.0060576,0.0,0.098614864,0.0,0.0,0.063,0.0,0.012,0.6,0.6,-27.259884,2.213371,0.73779035,0.15200001,0.0,0.17176285,0.0,0.0
hardzero_only__c0p58__z1p00__lam0p000__nu0p50__psi0p00,0.063,borrow,41,974,0.0,2,-0.6,-0.6,-0.61200005,1.019333,0.0,0.095646046,0.0,0.0,0.063,0.0,0.012,0.6,0.6,-27.513449,2.2425773,0.7475258,0.15200001,0.0,0.15289296,0.0,0.0
hardzero_only__c0p58__z1p00__lam0p000__nu0p50__psi0p00,0.063,borrow,41,975,0.0,2,-0.6,-0.6,-0.6049673,0.95221674,0.11163059,0.11163059,1.0,0.0070327274,0.063,0.0,0.012,0.6,0.6,-26.381094,2.0949187,0.69830626,0.14999999,0.0,0.13883731,0.0,0.0
hardzero_only__c0p58__z1p00__lam0p000__nu0p50__psi0p00,0.063,borrow,41,976,0.0,2,-0.6,-0.6,-0.61200005,1.0101104,0.0,0.0976989,0.0,0.0,0.063,0.0,0.012,0.6,0.6,-27.498955,2.2222872,0.7407624,0.192,0.008,0.15511112,0.0,0.0
hardzero_only__c0p58__z1p00__lam0p000__nu0p50__psi0p00,0.063,borrow,41,977,0.0,2,-0.6,-0.6,-0.61200005,1.0452718,0.0,0.09010071,0.0,0.0,0.063,0.0,0.012,0.6,0.6,-27.163782,2.2996438,0.7665479,0.128,0.0,0.15001504,0.0,0.0
hardzero_only__c0p58__z1p00__lam0p000__nu0p50__psi0p00,0.063,borrow,41,978,0.0,2,-0.6,-0.6,-0.61200005,1.0199021,0.0,0.095520794,0.0,0.0,0.063,0.0,0.012,0.6,0.6,-27.639252,2.2438295,0.74794316,0.17600001,0.0,0.17913026,0.0,0.0
hardzero_only__c0p58__z1p00__lam0p000__nu0p50__psi0p00,0.063,borrow,41,979,0.0,2,-0.6,-0.6,-0.60523623,0.96914935,0.107362024,0.107362024,1.0,0.0067638075,0.063,0.0,0.012,0.6,0.6,-26.29926,2.1321712,0.71072376,0.2,0.008,0.14029802,0.0,0.0
hardzero_only__c0p58__z1p00__lam0p000__nu0p50__psi0p00,0.063,borrow,41,980,0.0,2,-0.6,-0.6,-0.6052384,0.96928513,0.10732844,0.10732844,1.0,0.0067616915,0.063,0.0,0.012,0.6,0.6,-27.076694,2.13247,0.7108233,0.120000005,0.0,0.14736938,0.0,0.0
hardzero_only__c0p58__z1p00__lam0p000__nu0p50__psi0p00,0.063,borrow,41,981,0.0,2,-0.6,-0.6,-0.6050046,0.9545255,0.11103873,0.11103873,1.0,0.00699544,0.063,0.0,0.012,0.6,0.6,-25.847082,2.099998,0.69999933,0.15200001,0.0,0.15072192,0.0,0.0
hardzero_only__c0p58__z1p00__lam0p000__nu0p50__psi0p00,0.063,borrow,41,982,0.0,2,-0.6,-0.6,-0.60527235,0.97147375,0.106788926,0.106788926,1.0,0.0067277025,0.063,0.0,0.012,0.6,0.6,-25.96381,2.137285,0.71242833,0.14400001,0.008,0.11387578,0.0,0.0
hardzero_only__c0p58__z1p00__lam0p000__nu0p50__psi0p00,0.063,borrow,41,983,0.0,2,-0.6,-0.6,-0.61200005,1.0433971,0.0,0.09049048,0.0,0.0,0.063,0.0,0.012,0.6,0.6,-27.67447,2.2955194,0.76517314,0.104,0.0,0.14778201,0.0,0.0
hardzero_only__c0p58__z1p00__lam0p000__nu0p50__psi0p00,0.063,borrow,41,984,0.0,2,-0.6,-0.6,-0.60505116,0.9574247,0.11029993,0.11029993,1.0,0.0069488958,0.063,0.0,0.012,0.6,0.6,-26.52394,2.1063764,0.7021255,0.16000001,0.0,0.11600256,0.0,0.0
hardzero_only__c0p58__z1p00__lam0p000__nu0p50__psi0p00,0.063,borrow,41,985,0.0,2,-0.6,-0.6,-0.61200005,1.0555065,0.0,0.0880022,0.0,0.0,0.063,0.0,0.012,0.6,0.6,-28.295208,2.3221607,0.7740536,0.16800001,0.0,0.16227646,0.0,0.0
hardzero_only__c0p58__z1p00__lam0p000__nu0p50__psi0p00,0.063,borrow,41,986,0.0,2,-0.6,-0.6,-0.6053131,0.97411346,0.10614181,0.10614181,1.0,0.0066869343,0.063,0.0,0.012,0.6,0.6,-26.220922,2.1430924,0.7143642,0.17600001,0.0,0.13378587,0.0,0.0
hardzero_only__c0p58__z1p00__lam0p000__nu0p50__psi0p00,0.063,borrow,41,987,0.0,2,-0.6,-0.6,-0.61200005,1.0239682,0.0,0.09463063,0.0,0.0,0.063,0.0,0.012,0.6,0.6,-26.701181,2.2527752,0.75092506,0.128,0.0,0.13792163,0.0,0.0
hardzero_only__c0p58__z1p00__lam0p000__nu0p50__psi0p00,0.063,borrow,41,988,0.0,2,-0.6,-0.6,-0.61200005,1.0224925,0.0,0.09495273,0.0,0.0,0.063,0.0,0.012,0.6,0.6,-27.194162,2.2495284,0.7498428,0.17,0.0,0.1351623,0.0,0.0
hardzero_only__c0p58__z1p00__lam0p000__nu0p50__psi0p00,0.063,borrow,41,989,0.0,2,-0.6,-0.6,-0.61200005,1.0402797,0.0,0.091142364,0.0,0.0,0.063,0.0,0.012,0.6,0.6,-28.010456,2.2886612,0.7628871,0.2,0.0,0.15607387,0.0,0.0
hardzero_only__c0p58__z1p00__lam0p000__nu0p50__psi0p00,0.063,borrow,41,990,0.0,2,-0.6,-0.6,-0.61200005,1.0198612,0.0,0.09552977,0.0,0.0,0.063,0.0,0.012,0.6,0.6,-27.320393,2.2437394,0.7479131,0.16800001,0.0,0.16294816,0.0,0.0
hardzero_only__c0p58__z1p00__lam0p000__nu0p50__psi0p00,0.063,borrow,41,991,0.0,2,-0.6,-0.6,-0.61200005,1.0117254,0.0,0.09733624,0.0,0.0,0.063,0.0,0.012,0.6,0.6,-27.29094,2.2258403,0.7419468,0.112,0.0,0.16048679,0.0,0.0
hardzero_only__c0p58__z1p00__lam0p000__nu0p50__psi0p00,0.063,borrow,41,992,0.0,2,-0.6,-0.6,-0.61200005,1.0601209,0.0,0.0870721,0.0,0.0,0.063,0.0,0.012,0.6,0.6,-27.78876,2.3323126,0.77743757,0.16800001,0.0,0.1685171,0.0,0.0
hardzero_only__c0p58__z1p00__lam0p000__nu0p50__psi0p00,0.063,borrow,41,993,0.0,2,-0.6,-0.6,-0.61200005,1.0305996,0.0,0.093196675,0.0,0.0,0.063,0.0,0.012,0.6,0.6,-28.49478,2.2673645,0.7557882,0.192,0.0,0.15472941,0.0,0.0
hardzero_only__c0p58__z1p00__lam0p000__nu0p50__psi0p00,0.063,borrow,41,994,0.0,2,-0.6,-0.6,-0.605472,0.9845595,0.10361928,0.10361928,1.0,0.006528015,0.063,0.0,0.012,0.6,0.6,-26.88538,2.166074,0.7220247,0.16800001,0.0,0.14848867,0.0,0.0
hardzero_only__c0p58__z1p00__lam0p000__nu0p50__psi0p00,0.063,borrow,41,995,0.0,2,-0.6,-0.6,-0.6055723,0.9912803,0.10202806,0.10202806,1.0,0.0064277677,0.063,0.0,0.012,0.6,0.6,-27.681,2.1808603,0.72695345,0.216,0.0,0.1668092,0.0,0.0
hardzero_only__c0p58__z1p00__lam0p000__nu0p50__psi0p00,0.063,borrow,41,996,0.0,2,-0.6,-0.6,-0.61200005,1.0313369,0.0,0.09303858,0.0,0.0,0.063,0.0,0.012,0.6,0.6,-27.702154,2.2689865,0.7563288,0.2,0.0,0.1519748,0.0,0.0
hardzero_only__c0p58__z1p00__lam0p000__nu0p50__psi0p00,0.063,borrow,41,997,0.0,2,-0.6,-0.6,-0.60456705,0.92817634,0.11798414,0.11798414,1.0,0.007433001,0.063,0.0,0.012,0.6,0.6,-26.043259,2.0420287,0.6806762,0.224,0.0,0.13085224,0.0,0.0
hardzero_only__c0p58__z1p00__lam0p000__nu0p50__psi0p00,0.063,borrow,41,998,0.0,2,-0.6,-0.6,-0.6052793,0.9719257,0.106677875,0.106677875,1.0,0.0067207064,0.063,0.0,0.012,0.6,0.6,-26.251661,2.1382792,0.71275973,0.216,0.0,0.13934128,0.0,0.0
hardzero_only__c0p58__z1p00__lam0p000__nu0p50__psi0p00,0.063,borrow,41,999,0.0,2,-0.6,-0.6,-0.60487056,0.94628125,0.11316673,0.11316673,1.0,0.007129504,0.063,0.0,0.012,0.6,0.6,-25.979599,2.0818603,0.69395345,0.16800001,0.008,0.16339521,0.0,0.0
hardzero_only__c0p58__z1p00__lam0p000__nu0p50__psi0p00,0.063,borrow,41,1000,0.0,2,-0.6,-0.6,-0.60558265,0.9919831,0.10186309,0.10186309,1.0,0.006417375,0.063,0.0,0.012,0.6,0.6,-27.084154,2.1824064,0.72746885,0.17600001,0.0,0.15855327,0.0,0.0
hardzero_only__c0p58__z1p00__lam0p000__nu0p50__psi0p00,0.063,borrow,41,1001,0.0,2,-0.6,-0.6,-0.61200005,1.0050396,0.0,0.0988463,0.0,0.0,0.063,0.0,0.012,0.6,0.6,-26.054312,2.2111313,0.7370438,0.14999999,0.0,0.1305517,0.0,0.0
hardzero_only__c0p58__z1p00__lam0p000__nu0p50__psi0p00,0.063,borrow,41,1002,0.0,2,-0.6,-0.6,-0.61200005,1.0261465,0.0,0.09415719,0.0,0.0,0.063,0.0,0.012,0.6,0.6,-26.95272,2.2575674,0.75252247,0.16000001,0.0,0.15928333,0.0,0.0
hardzero_only__c0p58__z1p00__lam0p000__nu0p50__psi0p00,0.063,borrow,41,1003,0.0,2,-0.6,-0.6,-0.61200005,1.0450125,0.0,0.09015452,0.0,0.0,0.063,0.0,0.012,0.6,0.6,-28.290665,2.2990732,0.7663578,0.18400002,0.0,0.15554996,0.0,0.0
hardzero_only__c0p58__z1p00__lam0p000__nu0p50__psi0p00,0.063,borrow,41,1004,0.0,2,-0.6,-0.6,-0.60541874,0.981029,0.10446504,0.10446504,1.0,0.0065812976,0.063,0.0,0.012,0.6,0.6,-26.196594,2.1583068,0.71943563,0.23200001,0.0,0.15262507,0.0,0.0
hardzero_only__c0p58__z1p00__lam0p000__nu0p50__psi0p00,0.063,borrow,41,1005,0.0,2,-0.6,-0.6,-0.6055922,0.99262685,0.10171222,0.10171222,1.0,0.00640787,0.063,0.0,0.012,0.6,0.6,-26.602701,2.1838226,0.7279409,0.192,0.0,0.15514866,0.0,0.0
hardzero_only__c0p58__z1p00__lam0p000__nu0p50__psi0p00,0.063,borrow,41,1006,0.0,2,-0.6,-0.6,-0.61200005,1.0247859,0.0,0.094452634,0.0,0.0,0.063,0.0,0.012,0.6,0.6,-26.522066,2.2545738,0.7515246,0.16000001,0.0,0.1622255,0.0,0.0
hardzero_only__c0p58__z1p00__lam0p000__nu0p50__psi0p00,0.063,borrow,41,1007,0.0,2,-0.6,-0.6,-0.6052316,0.96885014,0.107435994,0.107435994,1.0,0.006768468,0.063,0.0,0.012,0.6,0.6,-26.31906,2.1315129,0.7105043,0.16800001,0.0,0.15892048,0.0,0.0
hardzero_only__c0p58__z1p00__lam0p000__nu0p50__psi0p00,0.063,borrow,41,1008,0.0,2,-0.6,-0.6,-0.6050363,0.95649964,0.11053512,0.11053512,1.0,0.0069637126,0.063,0.0,0.012,0.6,0.6,-25.549967,2.1043413,0.7014471,0.15200001,0.0,0.13041896,0.0,0.0
hardzero_only__c0p58__z1p00__lam0p000__nu0p50__psi0p00,0.063,borrow,41,1009,0.0,2,-0.6,-0.6,-0.6051563,0.96404827,0.1086305,0.1086305,1.0,0.0068437215,0.063,0.0,0.012,0.6,0.6,-25.932158,2.1209486,0.70698285,0.224,0.0,0.14382465,0.0,0.0
hardzero_only__c0p58__z1p00__lam0p000__nu0p50__psi0p00,0.063,borrow,41,1010,0.0,2,-0.6,-0.6,-0.61200005,1.0261606,0.0,0.09415414,0.0,0.0,0.063,0.0,0.012,0.6,0.6,-27.758156,2.2575984,0.75253284,0.064,0.0,0.1420695,0.0,0.0
hardzero_only__c0p58__z1p00__lam0p000__nu0p50__psi0p00,0.063,borrow,41,1011,0.0,2,-0.6,-0.6,-0.61200005,1.0333647,0.0,0.092605196,0.0,0.0,0.063,0.0,0.012,0.6,0.6,-27.40074,2.2734478,0.75781596,0.080000006,0.0,0.172539,0.0,0.0
hardzero_only__c0p58__z1p00__lam0p000__nu0p50__psi0p00,0.063,borrow,41,1012,0.0,2,-0.6,-0.6,-0.61200005,1.0549563,0.0,0.08811375,0.0,0.0,0.063,0.0,0.012,0.6,0.6,-27.476063,2.3209503,0.7736501,0.128,0.0,0.15232351,0.0,0.0
hardzero_only__c0p58__z1p00__lam0p000__nu0p50__psi0p00,0.063,borrow,41,1013,0.0,2,-0.6,-0.6,-0.61200005,1.0002627,0.0,0.099939525,0.0,0.0,0.063,0.0,0.012,0.6,0.6,-26.898876,2.2006218,0.73354065,0.192,0.0,0.13596827,0.0,0.0
hardzero_only__c0p58__z1p00__lam0p000__nu0p50__psi0p00,0.063,borrow,41,1014,0.0,2,-0.6,-0.6,-0.61200005,1.1118165,0.0,0.077300705,0.0,0.0,0.063,0.0,0.012,0.6,0.6,-29.443407,2.4460452,0.8153484,0.12,0.0,0.21332632,0.0,0.0
hardzero_only__c0p58__z1p00__lam0p000__nu0p50__psi0p00,0.063,borrow,41,1015,0.0,2,-0.6,-0.6,-0.60509807,0.9603663,0.10955537,0.10955537,1.0,0.0069019883,0.063,0.0,0.012,0.6,0.6,-26.039904,2.112848,0.7042827,0.15200001,0.0,0.1183662,0.0,0.0
hardzero_only__c0p58__z1p00__lam0p000__nu0p50__psi0p00,0.063,borrow,41,1016,0.0,2,-0.6,-0.6,-0.61200005,1.0123384,0.0,0.097198956,0.0,0.0,0.063,0.0,0.012,0.6,0.6,-27.720415,2.227189,0.74239635,0.112,0.0,0.12125556,0.0,0.0
hardzero_only__c0p58__z1p00__lam0p000__nu0p50__psi0p00,0.063,borrow,41,1017,0.0,2,-0.6,-0.6,-0.6050332,0.9563036,0.11058505,0.11058505,1.0,0.006966858,0.063,0.0,0.012,0.6,0.6,-26.441786,2.10391,0.70130336,0.112,0.0,0.15182498,0.0,0.0
hardzero_only__c0p58__z1p00__lam0p000__nu0p50__psi0p00,0.063,borrow,41,1018,0.0,2,-0.6,-0.6,-0.61200005,1.0391319,0.0,0.09138356,0.0,0.0,0.063,0.0,0.012,0.6,0.6,-27.217564,2.286136,0.7620453,0.16800001,0.0,0.17036751,0.0,0.0
hardzero_only__c0p58__z1p00__lam0p000__nu0p50__psi0p00,0.063,borrow,41,1019,0.0,2,-0.6,-0.6,-0.61200005,1.022284,0.0,0.09499834,0.0,0.0,0.063,0.0,0.012,0.6,0.6,-26.271517,2.2490697,0.74968994,0.192,0.0,0.16612801,0.0,0.0
hardzero_only__c0p58__z1p00__lam0p000__nu0p50__psi0p00,0.063,borrow,41,1020,0.0,2,-0.6,-0.6,-0.60544705,0.9828989,0.10401622,0.10401622,1.0,0.006553022,0.063,0.0,0.012,0.6,0.6,-26.980614,2.1624207,0.72080696,0.16000001,0.0,0.17100331,0.0,0.0
hardzero_only__c0p58__z1p00__lam0p000__nu0p50__psi0p00,0.063,borrow,41,1021,0.0,2,-0.6,-0.6,-0.61200005,1.0194727,0.0,0.09561528,0.0,0.0,0.063,0.0,0.012,0.6,0.6,-27.357615,2.2428846,0.7476282,0.17600001,0.0,0.14779627,0.0,0.0
hardzero_only__c0p58__z1p00__lam0p000__nu0p50__psi0p00,0.063,borrow,41,1022,0.0,2,-0.6,-0.6,-0.61200005,1.0308785,0.0,0.093136825,0.0,0.0,0.063,0.0,0.012,0.6,0.6,-26.832031,2.2679782,0.75599277,0.14400001,0.0,0.15316744,0.0,0.0
hardzero_only__c0p58__z1p00__lam0p000__nu0p50__psi0p00,0.063,borrow,41,1023,0.0,2,-0.6,-0.6,-0.60567135,0.99802387,0.10045605,0.10045605,1.0,0.0063287313,0.063,0.0,0.012,0.6,0.6,-26.810755,2.1956964,0.7318988,0.24000001,0.0,0.16174161,0.0,0.0
hardzero_only__c0p58__z1p00__lam0p000__nu0p50__psi0p00,0.063,borrow,41,1024,0.0,2,-0.6,-0.6,-0.61200005,1.0591549,0.0,0.08726601,0.0,0.0,0.063,0.0,0.012,0.6,0.6,-28.505377,2.3301873,0.7767291,0.17600001,0.0,0.15816548,0.0,0.0
hardzero_only__c0p58__z1p00__lam0p000__nu0p50__psi0p00,0.063,borrow,41,1025,0.0,2,-0.6,-0.6,-0.60560787,0.9936933,0.10146278,0.10146278,1.0,0.0063921553,0.063,0.0,0.012,0.6,0.6,-26.751802,2.186169,0.728723,0.192,0.0,0.16544685,0.0,0.0
hardzero_only__c0p58__z1p00__lam0p000__nu0p50__psi0p00,0.063,borrow,41,1026,0.0,2,-0.6,-0.6,-0.6054512,0.9831781,0.10394938,0.10394938,1.0,0.006548811,0.063,0.0,0.012,0.6,0.6,-26.8584,2.163035,0.72101164,0.14400001,0.0,0.16887829,0.0,0.0
hardzero_only__c0p58__z1p00__lam0p000__nu0p50__psi0p00,0.063,borrow,41,1027,0.0,2,-0.6,-0.6,-0.61200005,1.0387466,0.0,0.09146466,0.0,0.0,0.063,0.0,0.012,0.6,0.6,-27.476357,2.285288,0.76176274,0.11,0.0,0.15552631,0.0,0.0
hardzero_only__c0p58__z1p00__lam0p000__nu0p50__psi0p00,0.063,borrow,41,1028,0.0,2,-0.6,-0.6,-0.61200005,1.0266292,0.0,0.0940526,0.0,0.0,0.063,0.0,0.012,0.6,0.6,-28.1798,2.2586293,0.75287646,0.14400001,0.0,0.15677257,0.0,0.0
hardzero_only__c0p58__z1p00__lam0p000__nu0p50__psi0p00,0.063,borrow,41,1029,0.0,2,-0.6,-0.6,-0.6052814,0.97206026,0.10664482,0.10664482,1.0,0.0067186235,0.063,0.0,0.012,0.6,0.6,-26.829535,2.1385753,0.71285844,0.24000001,0.0,0.16135949,0.0,0.0
hardzero_only__c0p58__z1p00__lam0p000__nu0p50__psi0p00,0.063,borrow,41,1030,0.0,2,-0.6,-0.6,-0.60539234,0.9792902,0.10488414,0.10488414,1.0,0.006607701,0.063,0.0,0.012,0.6,0.6,-26.3195,2.1544814,0.7181605,0.216,0.0,0.15197293,0.0,0.0
hardzero_only__c0p58__z1p00__lam0p000__nu0p50__psi0p00,0.063,borrow,41,1031,0.0,2,-0.6,-0.6,-0.61200005,1.0334471,0.0,0.0925876,0.0,0.0,0.063,0.0,0.012,0.6,0.6,-27.455866,2.2736292,0.7578764,0.17600001,0.0,0.15711649,0.0,0.0
hardzero_only__c0p58__z1p00__lam0p000__nu0p50__psi0p00,0.063,borrow,41,1032,0.0,2,-0.6,-0.6,-0.6054143,0.9807324,0.10453642,0.10453642,1.0,0.0065857945,0.063,0.0,0.012,0.6,0.6,-26.819286,2.1576543,0.71921813,0.24800001,0.0,0.15748084,0.0,0.0
hardzero_only__c0p58__z1p00__lam0p000__nu0p50__psi0p00,0.063,borrow,41,1033,0.0,2,-0.6,-0.6,-0.61200005,1.02901,0.0,0.09353839,0.0,0.0,0.063,0.0,0.012,0.6,0.6,-28.261892,2.2638674,0.75462246,0.16000001,0.0,0.17712262,0.0,0.0
hardzero_only__c0p58__z1p00__lam0p000__nu0p50__psi0p00,0.063,borrow,41,1034,0.0,2,-0.6,-0.6,-0.61200005,1.0199145,0.0,0.09551806,0.0,0.0,0.063,0.0,0.012,0.6,0.6,-26.210527,2.2438567,0.7479522,0.120000005,0.0,0.14135142,0.0,0.0
hardzero_only__c0p58__z1p00__lam0p000__nu0p50__psi0p00,0.063,borrow,41,1035,0.0,2,-0.6,-0.6,-0.61200005,1.001369,0.0,0.09968528,0.0,0.0,0.063,0.0,0.012,0.6,0.6,-27.448301,2.2030559,0.734352,0.16800001,0.0,0.17522627,0.0,0.0
hardzero_only__c0p58__z1p00__lam0p000__nu0p50__psi0p00,0.063,borrow,41,1036,0.0,2,-0.6,-0.6,-0.6056683,0.99781615,0.10050411,0.10050411,1.0,0.006331759,0.063,0.0,0.012,0.6,0.6,-26.481977,2.1952393,0.73174644,0.216,0.0,0.14015299,0.0,0.0
hardzero_only__c0p58__z1p00__lam0p000__nu0p50__psi0p00,0.063,borrow,41,1037,0.0,2,-0.6,-0.6,-0.61200005,1.0490156,0.0,0.08932734,0.0,0.0,0.063,0.0,0.012,0.6,0.6,-28.074024,2.3078804,0.7692935,0.136,0.0,0.16758376,0.0,0.0
hardzero_only__c0p58__z1p00__lam0p000__nu0p50__psi0p00,0.063,borrow,41,1038,0.0,2,-0.6,-0.6,-0.61200005,1.0163072,0.0,0.09631474,0.0,0.0,0.063,0.0,0.012,0.6,0.6,-27.202482,2.2359207,0.7453069,0.14400001,0.0,0.13872516,0.0,0.0
hardzero_only__c0p58__z1p00__lam0p000__nu0p50__psi0p00,0.063,borrow,41,1039,0.0,2,-0.6,-0.6,-0.61200005,1.0105621,0.0,0.09759732,0.0,0.0,0.063,0.0,0.012,0.6,0.6,-26.658003,2.223281,0.74109364,0.18400002,0.0,0.14532954,0.0,0.0
hardzero_only__c0p58__z1p00__lam0p000__nu0p50__psi0p00,0.063,borrow,41,1040,0.0,2,-0.6,-0.6,-0.61200005,1.0124253,0.0,0.09717952,0.0,0.0,0.063,0.0,0.012,0.6,0.6,-27.38873,2.22738,0.74246,0.16,0.0,0.1598787,0.0,0.0
hardzero_only__c0p58__z1p00__lam0p000__nu0p50__psi0p00,0.063,borrow,41,1041,0.0,2,-0.6,-0.6,-0.6055507,0.9898234,0.10237091,0.10237091,1.0,0.0064493674,0.063,0.0,0.012,0.6,0.6,-27.00088,2.177655,0.72588503,0.208,0.0,0.1390304,0.0,0.0
hardzero_only__c0p58__z1p00__lam0p000__nu0p50__psi0p00,0.063,borrow,41,1042,0.0,2,-0.6,-0.6,-0.6055459,0.9895019,0.102446735,0.102446735,1.0,0.0064541446,0.063,0.0,0.012,0.6,0.6,-26.919542,2.1769476,0.72564924,0.2,0.0,0.14352769,0.0,0.0
hardzero_only__c0p58__z1p00__lam0p000__nu0p50__psi0p00,0.063,borrow,41,1043,0.0,2,-0.6,-0.6,-0.61200005,1.0269908,0.0,0.09397432,0.0,0.0,0.063,0.0,0.012,0.6,0.6,-27.908617,2.2594247,0.7531416,0.104,0.0,0.16584872,0.0,0.0
hardzero_only__c0p58__z1p00__lam0p000__nu0p50__psi0p00,0.063,borrow,41,1044,0.0,2,-0.6,-0.6,-0.61200005,1.0110132,0.0,0.09749601,0.0,0.0,0.063,0.0,0.012,0.6,0.6,-27.220787,2.2242734,0.7414245,0.14400001,0.0,0.17258212,0.0,0.0
hardzero_only__c0p58__z1p00__lam0p000__nu0p50__psi0p00,0.063,borrow,41,1045,0.0,2,-0.6,-0.6,-0.61200005,1.0163631,0.0,0.096302345,0.0,0.0,0.063,0.0,0.012,0.6,0.6,-27.08795,2.2360435,0.74534786,0.096,0.0,0.14995018,0.0,0.0
hardzero_only__c0p58__z1p00__lam0p000__nu0p50__psi0p00,0.063,borrow,41,1046,0.0,2,-0.6,-0.6,-0.61200005,1.0298557,0.0,0.09335643,0.0,0.0,0.063,0.0,0.012,0.6,0.6,-27.404795,2.2657278,0.7552426,0.16800001,0.0,0.20318916,0.0,0.0
hardzero_only__c0p58__z1p00__lam0p000__nu0p50__psi0p00,0.063,borrow,41,1047,0.0,2,-0.6,-0.6,-0.61200005,1.0351455,0.0,0.09222624,0.0,0.0,0.063,0.0,0.012,0.6,0.6,-27.507626,2.2773657,0.7591219,0.16000001,0.0,0.15116309,0.0,0.0
hardzero_only__c0p58__z1p00__lam0p000__nu0p50__psi0p00,0.063,borrow,41,1048,0.0,2,-0.6,-0.6,-0.61200005,1.0171198,0.0,0.096134715,0.0,0.0,0.063,0.0,0.012,0.6,0.6,-27.312897,2.237708,0.7459027,0.15200001,0.0,0.16579959,0.0,0.0
hardzero_only__c0p58__z1p00__lam0p000__nu0p50__psi0p00,0.063,borrow,41,1049,0.0,2,-0.6,-0.6,-0.6055279,0.98829085,0.10273281,0.10273281,1.0,0.006472167,0.063,0.0,0.012,0.6,0.6,-27.220118,2.1742833,0.7247611,0.192,0.0,0.13900161,0.0,0.0
hardzero_only__c0p58__z1p00__lam0p000__nu0p50__psi0p00,0.063,borrow,41,1050,0.0,2,-0.6,-0.6,-0.61200005,1.0004315,0.0,0.09990067,0.0,0.0,0.063,0.0,0.012,0.6,0.6,-27.195883,2.2009933,0.73366445,0.096,0.0,0.1671569,0.0,0.0
hardzero_only__c0p58__z1p00__lam0p000__nu0p50__psi0p00,0.063,borrow,41,1051,0.0,2,-0.6,-0.6,-0.6052757,0.9716895,0.10673588,0.10673588,1.0,0.0067243604,0.063,0.0,0.012,0.6,0.6,-27.026665,2.1377597,0.7125866,0.208,0.0,0.16276531,0.0,0.0
hardzero_only__c0p58__z1p00__lam0p000__nu0p50__psi0p00,0.063,borrow,41,1052,0.0,2,-0.6,-0.6,-0.61200005,1.0550684,0.0,0.088091016,0.0,0.0,0.063,0.0,0.012,0.6,0.6,-27.82238,2.3211968,0.7737323,0.096,0.0,0.18941915,0.0,0.0
hardzero_only__c0p58__z1p00__lam0p000__nu0p50__psi0p00,0.063,borrow,41,1053,0.0,2,-0.6,-0.6,-0.61200005,1.0143602,0.0,0.09674751,0.0,0.0,0.063,0.0,0.012,0.6,0.6,-27.987291,2.231637,0.743879,0.14,0.0,0.15339689,0.0,0.0
hardzero_only__c0p58__z1p00__lam0p000__nu0p50__psi0p00,0.063,borrow,41,1054,0.0,2,-0.6,-0.6,-0.61200005,1.0144219,0.0,0.096733764,0.0,0.0,0.063,0.0,0.012,0.6,0.6,-26.683432,2.231773,0.7439243,0.16800001,0.0,0.17218071,0.0,0.0
hardzero_only__c0p58__z1p00__lam0p000__nu0p50__psi0p00,0.063,borrow,41,1055,0.0,2,-0.6,-0.6,-0.61200005,1.0026164,0.0,0.09939935,0.0,0.0,0.063,0.0,0.012,0.6,0.6,-27.107195,2.2058,0.7352667,0.15200001,0.0,0.13625847,0.0,0.0
hardzero_only__c0p58__z1p00__lam0p000__nu0p50__psi0p00,0.063,borrow,41,1056,0.0,2,-0.6,-0.6,-0.60544443,0.98272854,0.10405702,0.10405702,1.0,0.0065555926,0.063,0.0,0.012,0.6,0.6,-26.970667,2.162046,0.720682,0.096,0.0,0.13730589,0.0,0.0
hardzero_only__c0p58__z1p00__lam0p000__nu0p50__psi0p00,0.063,borrow,41,1057,0.0,2,-0.6,-0.6,-0.6054378,0.9822881,0.10416262,0.10416262,1.0,0.006562245,0.063,0.0,0.012,0.6,0.6,-26.595486,2.161077,0.720359,0.16800001,0.0,0.14226614,0.0,0.0
hardzero_only__c0p58__z1p00__lam0p000__nu0p50__psi0p00,0.063,borrow,41,1058,0.0,2,-0.6,-0.6,-0.61200005,1.0432132,0.0,0.0905288,0.0,0.0,0.063,0.0,0.012,0.6,0.6,-28.151672,2.295115,0.7650384,0.192,0.0,0.1500377,0.0,0.0
hardzero_only__c0p58__z1p00__lam0p000__nu0p50__psi0p00,0.063,borrow,41,1059,0.0,2,-0.6,-0.6,-0.60515004,0.9636497,0.10873023,0.10873023,1.0,0.006850004,0.063,0.0,0.012,0.6,0.6,-25.954332,2.1200716,0.70669055,0.17600001,0.0,0.12078985,0.0,0.0
hardzero_only__c0p58__z1p00__lam0p000__nu0p50__psi0p00,0.063,borrow,41,1060,0.0,2,-0.6,-0.6,-0.61200005,1.0606993,0.0,0.0869562,0.0,0.0,0.063,0.0,0.012,0.6,0.6,-28.56977,2.3335853,0.7778618,0.208,0.0,0.15440229,0.0,0.0
hardzero_only__c0p58__z1p00__lam0p000__nu0p50__psi0p00,0.063,borrow,41,1061,0.0,2,-0.6,-0.6,-0.61200005,1.060527,0.0,0.08699073,0.0,0.0,0.063,0.0,0.012,0.6,0.6,-27.920227,2.333206,0.77773535,0.104,0.0,0.15253474,0.0,0.0
hardzero_only__c0p58__z1p00__lam0p000__nu0p50__psi0p00,0.063,borrow,41,1062,0.0,2,-0.6,-0.6,-0.60564166,0.9959941,0.10092666,0.10092666,1.0,0.0063583795,0.063,0.0,0.012,0.6,0.6,-26.925583,2.1912308,0.7304103,0.16800001,0.0,0.17128949,0.0,0.0
hardzero_only__c0p58__z1p00__lam0p000__nu0p50__psi0p00,0.063,borrow,41,1063,0.0,2,-0.6,-0.6,-0.61200005,1.0312041,0.0,0.09306704,0.0,0.0,0.063,0.0,0.012,0.6,0.6,-26.79323,2.2686944,0.7562315,0.17600001,0.0,0.14629143,0.0,0.0
hardzero_only__c0p58__z1p00__lam0p000__nu0p50__psi0p00,0.063,borrow,41,1064,0.0,2,-0.6,-0.6,-0.605629,0.99513125,0.10112738,0.10112738,1.0,0.006371025,0.063,0.0,0.012,0.6,0.6,-26.57519,2.1893325,0.7297775,0.17600001,0.0,0.16643171,0.0,0.0
hardzero_only__c0p58__z1p00__lam0p000__nu0p50__psi0p00,0.063,borrow,41,1065,0.0,2,-0.6,-0.6,-0.61200005,1.0656536,0.0,0.0859699,0.0,0.0,0.063,0.0,0.012,0.6,0.6,-27.918741,2.3444846,0.78149486,0.14400001,0.0,0.17309171,0.0,0.0
hardzero_only__c0p58__z1p00__lam0p000__nu0p50__psi0p00,0.063,borrow,41,1066,0.0,2,-0.6,-0.6,-0.60551363,0.9873357,0.10295901,0.10295901,1.0,0.0064864177,0.063,0.0,0.012,0.6,0.6,-26.90519,2.1721818,0.72406065,0.14999999,0.0,0.12809098,0.0,0.0
hardzero_only__c0p58__z1p00__lam0p000__nu0p50__psi0p00,0.063,borrow,41,1067,0.0,2,-0.6,-0.6,-0.60481805,0.94309485,0.11400007,0.11400007,1.0,0.0071820044,0.063,0.0,0.012,0.6,0.6,-25.98786,2.07485,0.6916167,0.2,0.0,0.1472988,0.0,0.0
hardzero_only__c0p58__z1p00__lam0p000__nu0p50__psi0p00,0.063,borrow,41,1068,0.0,2,-0.6,-0.6,-0.60544896,0.9830272,0.1039855,0.1039855,1.0,0.006551087,0.063,0.0,0.012,0.6,0.6,-27.400925,2.162703,0.720901,0.16000001,0.0,0.16535047,0.0,0.0
hardzero_only__c0p58__z1p00__lam0p000__nu0p50__psi0p00,0.063,borrow,41,1069,0.0,2,-0.6,-0.6,-0.61200005,1.0257868,0.0,0.09423521,0.0,0.0,0.063,0.0,0.012,0.6,0.6,-27.004047,2.2567759,0.75225866,0.112,0.0,0.14650716,0.0,0.0
hardzero_only__c0p58__z1p00__lam0p000__nu0p50__psi0p00,0.063,borrow,41,1070,0.0,2,-0.6,-0.6,-0.6055116,0.98720163,0.10299078,0.10299078,1.0,0.006488419,0.063,0.0,0.012,0.6,0.6,-27.230268,2.171887,0.7239623,0.16800001,0.0,0.14588216,0.0,0.0
hardzero_only__c0p58__z1p00__lam0p000__nu0p50__psi0p00,0.063,borrow,41,1071,0.0,2,-0.6,-0.6,-0.61200005,1.062319,0.0,0.08663253,0.0,0.0,0.063,0.0,0.012,0.6,0.6,-28.29604,2.3371487,0.7790496,0.128,0.0,0.18365985,0.0,0.0
hardzero_only__c0p58__z1p00__lam0p000__nu0p50__psi0p00,0.063,borrow,41,1072,0.0,2,-0.6,-0.6,-0.60539305,0.97933745,0.10487273,0.10487273,1.0,0.006606982,0.063,0.0,0.012,0.6,0.6,-26.783115,2.1545854,0.71819514,0.16000001,0.0,0.14668986,0.0,0.0
hardzero_only__c0p58__z1p00__lam0p000__nu0p50__psi0p00,0.063,borrow,41,1073,0.0,2,-0.6,-0.6,-0.61200005,1.0215446,0.0,0.095160216,0.0,0.0,0.063,0.0,0.012,0.6,0.6,-26.940441,2.247443,0.74914765,0.104,0.0,0.15357944,0.0,0.0
hardzero_only__c0p58__z1p00__lam0p000__nu0p50__psi0p00,0.063,borrow,41,1074,0.0,2,-0.6,-0.6,-0.61200005,1.0030768,0.0,0.09929404,0.0,0.0,0.063,0.0,0.012,0.6,0.6,-27.08777,2.206813,0.7356044,0.23200001,0.0,0.12559672,0.0,0.0
hardzero_only__c0p58__z1p00__lam0p000__nu0p50__psi0p00,0.063,borrow,41,1075,0.0,2,-0.6,-0.6,-0.61200005,1.0012208,0.0,0.09971929,0.0,0.0,0.063,0.0,0.012,0.6,0.6,-26.70253,2.2027297,0.7342433,0.16800001,0.0,0.1365814,0.0,0.0
hardzero_only__c0p58__z1p00__lam0p000__nu0p50__psi0p00,0.063,borrow,41,1076,0.0,2,-0.6,-0.6,-0.60566175,0.9973661,0.10060833,0.10060833,1.0,0.006338325,0.063,0.0,0.012,0.6,0.6,-26.85142,2.1942492,0.7314164,0.17600001,0.008,0.15387477,0.0,0.0
hardzero_only__c0p58__z1p00__lam0p000__nu0p50__psi0p00,0.063,borrow,41,1077,0.0,2,-0.6,-0.6,-0.6056609,0.9973115,0.10062097,0.10062097,1.0,0.006339121,0.063,0.0,0.012,0.6,0.6,-26.87492,2.194129,0.73137635,0.17600001,0.0,0.14538081,0.0,0.0
hardzero_only__c0p58__z1p00__lam0p000__nu0p50__psi0p00,0.063,borrow,41,1078,0.0,2,-0.6,-0.6,-0.61200005,1.006138,0.0,0.09859662,0.0,0.0,0.063,0.0,0.012,0.6,0.6,-26.043888,2.2135477,0.73784924,0.112,0.0,0.15187928,0.0,0.0
hardzero_only__c0p58__z1p00__lam0p000__nu0p50__psi0p00,0.063,borrow,41,1079,0.0,2,-0.6,-0.6,-0.61200005,1.0759149,0.0,0.08396246,0.0,0.0,0.063,0.0,0.012,0.6,0.6,-28.170273,2.36706,0.78902,0.12,0.0,0.15960902,0.0,0.0
hardzero_only__c0p58__z1p00__lam0p000__nu0p50__psi0p00,0.063,borrow,41,1080,0.0,2,-0.6,-0.6,-0.61200005,1.0151675,0.0,0.096567824,0.0,0.0,0.063,0.0,0.012,0.6,0.6,-26.964209,2.233413,0.744471,0.224,0.0,0.15753512,0.0,0.0
hardzero_only__c0p58__z1p00__lam0p000__nu0p50__psi0p00,0.063,borrow,41,1081,0.0,2,-0.6,-0.6,-0.61200005,1.0138996,0.0,0.09685019,0.0,0.0,0.063,0.0,0.012,0.6,0.6,-26.92867,2.2306235,0.7435412,0.16000001,0.0,0.14011058,0.0,0.0
hardzero_only__c0p58__z1p00__lam0p000__nu0p50__psi0p00,0.063,borrow,41,1082,0.0,2,-0.6,-0.6,-0.60535914,0.9771138,0.10541107,0.10541107,1.0,0.0066408976,0.063,0.0,0.012,0.6,0.6,-27.25924,2.1496933,0.7165644,0.192,0.0,0.14780025,0.0,0.0
hardzero_only__c0p58__z1p00__lam0p000__nu0p50__psi0p00,0.063,borrow,41,1083,0.0,2,-0.6,-0.6,-0.61200005,1.0139152,0.0,0.0968467,0.0,0.0,0.063,0.0,0.012,0.6,0.6,-26.872963,2.230658,0.7435527,0.15200001,0.0,0.14559421,0.0,0.0
hardzero_only__c0p58__z1p00__lam0p000__nu0p50__psi0p00,0.063,borrow,41,1084,0.0,2,-0.6,-0.6,-0.61200005,1.0125953,0.0,0.09714148,0.0,0.0,0.063,0.0,0.012,0.6,0.6,-27.68589,2.227754,0.7425847,0.14400001,0.0,0.13848346,0.0,0.0
hardzero_only__c0p58__z1p00__lam0p000__nu0p50__psi0p00,0.063,borrow,41,1085,0.0,2,-0.6,-0.6,-0.61200005,1.012973,0.0,0.09705705,0.0,0.0,0.063,0.0,0.012,0.6,0.6,-26.852623,2.228585,0.7428617,0.120000005,0.0,0.13840671,0.0,0.0
hardzero_only__c0p58__z1p00__lam0p000__nu0p50__psi0p00,0.063,borrow,41,1086,0.0,2,-0.6,-0.6,-0.61200005,1.0318109,0.0,0.092937104,0.0,0.0,0.063,0.0,0.012,0.6,0.6,-27.613415,2.2700293,0.75667644,0.17600001,0.0,0.18345606,0.0,0.0
hardzero_only__c0p58__z1p00__lam0p000__nu0p50__psi0p00,0.063,borrow,41,1087,0.0,2,-0.6,-0.6,-0.61200005,1.0714587,0.0,0.08482839,0.0,0.0,0.063,0.0,0.012,0.6,0.6,-28.318407,2.3572562,0.78575206,0.136,0.0,0.17713742,0.0,0.0
hardzero_only__c0p58__z1p00__lam0p000__nu0p50__psi0p00,0.063,borrow,41,1088,0.0,2,-0.6,-0.6,-0.61200005,1.0341835,0.0,0.092430755,0.0,0.0,0.063,0.0,0.012,0.6,0.6,-27.742567,2.2752492,0.7584164,0.16000001,0.0,0.16095804,0.0,0.0
hardzero_only__c0p58__z1p00__lam0p000__nu0p50__psi0p00,0.063,borrow,41,1089,0.0,2,-0.6,-0.6,-0.61200005,1.0489099,0.0,0.08934909,0.0,0.0,0.063,0.0,0.012,0.6,0.6,-27.126282,2.307648,0.769216,0.14400001,0.0,0.17179206,0.0,0.0
hardzero_only__c0p58__z1p00__lam0p000__nu0p50__psi0p00,0.063,borrow,41,1090,0.0,2,-0.6,-0.6,-0.61200005,1.0736592,0.0,0.08439969,0.0,0.0,0.063,0.0,0.012,0.6,0.6,-28.357601,2.3620973,0.7873658,0.192,0.0,0.14784865,0.0,0.0
hardzero_only__c0p58__z1p00__lam0p000__nu0p50__psi0p00,0.063,borrow,41,1091,0.0,2,-0.6,-0.6,-0.61200005,1.0240868,0.0,0.094604805,0.0,0.0,0.063,0.0,0.012,0.6,0.6,-27.806353,2.253036,0.751012,0.16000001,0.008,0.17189014,0.0,0.0
hardzero_only__c0p58__z1p00__lam0p000__nu0p50__psi0p00,0.063,borrow,41,1092,0.0,2,-0.6,-0.6,-0.60562515,0.9948678,0.10118873,0.10118873,1.0,0.00637489,0.063,0.0,0.012,0.6,0.6,-26.92688,2.188753,0.72958434,0.21,0.0,0.1352804,0.0,0.0
hardzero_only__c0p58__z1p00__lam0p000__nu0p50__psi0p00,0.063,borrow,41,1093,0.0,2,-0.6,-0.6,-0.6054335,0.9820055,0.10423041,0.10423041,1.0,0.006566516,0.063,0.0,0.012,0.6,0.6,-26.572012,2.1604552,0.7201518,0.192,0.0,0.14227246,0.0,0.0
hardzero_only__c0p58__z1p00__lam0p000__nu0p50__psi0p00,0.063,borrow,41,1094,0.0,2,-0.6,-0.6,-0.61200005,1.003195,0.0,0.099267006,0.0,0.0,0.063,0.0,0.012,0.6,0.6,-27.17089,2.2070732,0.7356911,0.18400002,0.0,0.15006582,0.0,0.0
hardzero_only__c0p58__z1p00__lam0p000__nu0p50__psi0p00,0.063,borrow,41,1095,0.0,2,-0.6,-0.6,-0.61200005,1.0383297,0.0,0.0915525,0.0,0.0,0.063,0.0,0.012,0.6,0.6,-26.944464,2.284371,0.76145697,0.15200001,0.0,0.16268367,0.0,0.0
hardzero_only__c0p58__z1p00__lam0p000__nu0p50__psi0p00,0.063,borrow,41,1096,0.0,2,-0.6,-0.6,-0.60542554,0.9814768,0.10435738,0.10435738,1.0,0.006574515,0.063,0.0,0.012,0.6,0.6,-26.704105,2.159292,0.719764,0.192,0.0,0.15000768,0.0,0.0
hardzero_only__c0p58__z1p00__lam0p000__nu0p50__psi0p00,0.063,borrow,41,1097,0.0,2,-0.6,-0.6,-0.61200005,1.0225526,0.0,0.0949396,0.0,0.0,0.063,0.0,0.012,0.6,0.6,-27.446016,2.2496607,0.74988693,0.128,0.0,0.17142598,0.0,0.0
hardzero_only__c0p58__z1p00__lam0p000__nu0p50__psi0p00,0.063,borrow,41,1098,0.0,2,-0.6,-0.6,-0.60533124,0.9752935,0.10585381,0.10585381,1.0,0.0066687902,0.063,0.0,0.012,0.6,0.6,-26.222279,2.1456885,0.7152295,0.136,0.0,0.12844923,0.0,0.0
hardzero_only__c0p58__z1p00__lam0p000__nu0p50__psi0p00,0.063,borrow,41,1099,0.0,2,-0.6,-0.6,-0.60500515,0.9545606,0.11102976,0.11102976,1.0,0.006994875,0.063,0.0,0.012,0.6,0.6,-26.090826,2.1000752,0.7000251,0.18400002,0.0,0.13823329,0.0,0.0
hardzero_only__c0p58__z1p00__lam0p000__nu0p50__psi0p00,0.063,borrow,41,1100,0.0,2,-0.6,-0.6,-0.61200005,1.0612036,0.0,0.0868553,0.0,0.0,0.063,0.0,0.012,0.6,0.6,-28.03929,2.3346946,0.77823156,0.136,0.0,0.1716714,0.0,0.0
hardzero_only__c0p58__z1p00__lam0p000__nu0p50__psi0p00,0.063,borrow,41,1101,0.0,2,-0.6,-0.6,-0.61200005,1.0614014,0.0,0.08681576,0.0,0.0,0.063,0.0,0.012,0.6,0.6,-28.025028,2.3351297,0.7783766,0.120000005,0.0,0.16081586,0.0,0.0
hardzero_only__c0p58__z1p00__lam0p000__nu0p50__psi0p00,0.063,borrow,41,1102,0.0,2,-0.6,-0.6,-0.6056761,0.99835247,0.10038006,0.10038006,1.0,0.006323944,0.063,0.0,0.012,0.6,0.6,-27.130548,2.1964192,0.73213977,0.136,0.0,0.13983037,0.0,0.0
hardzero_only__c0p58__z1p00__lam0p000__nu0p50__psi0p00,0.063,borrow,41,1103,0.0,2,-0.6,-0.6,-0.61200005,1.0579135,0.0,0.087515794,0.0,0.0,0.063,0.0,0.012,0.6,0.6,-27.472599,2.3274562,0.77581877,0.16000001,0.0,0.16006465,0.0,0.0
hardzero_only__c0p58__z1p00__lam0p000__nu0p50__psi0p00,0.063,borrow,41,1104,0.0,2,-0.6,-0.6,-0.61200005,1.0074129,0.0,0.098307595,0.0,0.0,0.063,0.0,0.012,0.6,0.6,-27.030928,2.2163527,0.73878425,0.192,0.0,0.15550569,0.0,0.0
hardzero_only__c0p58__z1p00__lam0p000__nu0p50__psi0p00,0.063,borrow,41,1105,0.0,2,-0.6,-0.6,-0.61200005,1.0294968,0.0,0.09343363,0.0,0.0,0.063,0.0,0.012,0.6,0.6,-27.953205,2.264938,0.7549794,0.14999999,0.0,0.15644562,0.0,0.0
hardzero_only__c0p58__z1p00__lam0p000__nu0p50__psi0p00,0.063,borrow,41,1106,0.0,2,-0.6,-0.6,-0.61200005,1.0305095,0.0,0.093216,0.0,0.0,0.063,0.0,0.012,0.6,0.6,-27.494625,2.2671661,0.75572205,0.128,0.0,0.17263827,0.0,0.0
hardzero_only__c0p58__z1p00__lam0p000__nu0p50__psi0p00,0.063,borrow,41,1107,0.0,2,-0.6,-0.6,-0.61200005,1.0319568,0.0,0.092905894,0.0,0.0,0.063,0.0,0.012,0.6,0.6,-28.093483,2.2703502,0.7567834,0.16800001,0.0,0.1636571,0.0,0.0
hardzero_only__c0p58__z1p00__lam0p000__nu0p50__psi0p00,0.063,borrow,41,1108,0.0,2,-0.6,-0.6,-0.61200005,1.0790685,0.0,0.08335495,0.0,0.0,0.063,0.0,0.012,0.6,0.6,-27.877275,2.3739982,0.7913327,0.136,0.0,0.15566061,0.0,0.0
hardzero_only__c0p58__z1p00__lam0p000__nu0p50__psi0p00,0.063,borrow,41,1109,0.0,2,-0.6,-0.6,-0.61200005,1.0253245,0.0,0.094335586,0.0,0.0,0.063,0.0,0.012,0.6,0.6,-26.854786,2.2557588,0.7519196,0.16000001,0.0,0.15169159,0.0,0.0
hardzero_only__c0p58__z1p00__lam0p000__nu0p50__psi0p00,0.063,borrow,41,1110,0.0,2,-0.6,-0.6,-0.61200005,1.0374788,0.0,0.09173206,0.0,0.0,0.063,0.0,0.012,0.6,0.6,-27.010345,2.282499,0.760833,0.128,0.0,0.18139815,0.0,0.0
hardzero_only__c0p58__z1p00__lam0p000__nu0p50__psi0p00,0.063,borrow,41,1111,0.0,2,-0.6,-0.6,-0.61200005,1.0279334,0.0,0.093770586,0.0,0.0,0.063,0.0,0.012,0.6,0.6,-27.283688,2.2614985,0.7538328,0.16800001,0.0,0.13643003,0.0,0.0
hardzero_only__c0p58__z1p00__lam0p000__nu0p50__psi0p00,0.063,borrow,41,1112,0.0,2,-0.6,-0.6,-0.60517234,0.9650663,0.108376145,0.108376145,1.0,0.006827697,0.063,0.0,0.012,0.6,0.6,-27.064669,2.1231883,0.70772946,0.192,0.0,0.14859548,0.0,0.0
hardzero_only__c0p58__z1p00__lam0p000__nu0p50__psi0p00,0.063,borrow,41,1113,0.0,2,-0.6,-0.6,-0.60541457,0.98075455,0.10453109,0.10453109,1.0,0.0065854588,0.063,0.0,0.012,0.6,0.6,-26.258545,2.1577032,0.7192344,0.16000001,0.0,0.13987781,0.0,0.0
hardzero_only__c0p58__z1p00__lam0p000__nu0p50__psi0p00,0.063,borrow,41,1114,0.0,2,-0.6,-0.6,-0.61200005,1.0050353,0.0,0.098847285,0.0,0.0,0.063,0.0,0.012,0.6,0.6,-26.605005,2.2111218,0.73704064,0.128,0.008,0.1497531,0.0,0.0
hardzero_only__c0p58__z1p00__lam0p000__nu0p50__psi0p00,0.063,borrow,41,1115,0.0,2,-0.6,-0.6,-0.60560596,0.99356306,0.101493195,0.101493195,1.0,0.0063940715,0.063,0.0,0.012,0.6,0.6,-26.896387,2.1858823,0.72862744,0.192,0.0,0.14740309,0.0,0.0
hardzero_only__c0p58__z1p00__lam0p000__nu0p50__psi0p00,0.063,borrow,41,1116,0.0,2,-0.6,-0.6,-0.61200005,1.0117213,0.0,0.09733717,0.0,0.0,0.063,0.0,0.012,0.6,0.6,-27.09364,2.2258313,0.7419438,0.216,0.008,0.14179304,0.0,0.0
hardzero_only__c0p58__z1p00__lam0p000__nu0p50__psi0p00,0.063,borrow,41,1117,0.0,2,-0.6,-0.6,-0.61200005,1.0213403,0.0,0.09520499,0.0,0.0,0.063,0.0,0.012,0.6,0.6,-27.893806,2.2469935,0.74899787,0.128,0.0,0.13867263,0.0,0.0
hardzero_only__c0p58__z1p00__lam0p000__nu0p50__psi0p00,0.063,borrow,41,1118,0.0,2,-0.6,-0.6,-0.61200005,1.046608,0.0,0.089823924,0.0,0.0,0.063,0.0,0.012,0.6,0.6,-26.691063,2.3025835,0.7675278,0.16,0.0,0.1404548,0.0,0.0
hardzero_only__c0p58__z1p00__lam0p000__nu0p50__psi0p00,0.063,borrow,41,1119,0.0,2,-0.6,-0.6,-0.61200005,1.0428269,0.0,0.09060937,0.0,0.0,0.063,0.0,0.012,0.6,0.6,-27.57561,2.294265,0.764755,0.17600001,0.0,0.15812635,0.0,0.0
hardzero_only__c0p58__z1p00__lam0p000__nu0p50__psi0p00,0.063,borrow,41,1120,0.0,2,-0.6,-0.6,-0.60471326,0.93680376,0.11566347,0.11566347,1.0,0.0072867987,0.063,0.0,0.012,0.6,0.6,-26.197037,2.0610094,0.68700314,0.17600001,0.0,0.14161068,0.0,0.0
hardzero_only__c0p58__z1p00__lam0p000__nu0p50__psi0p00,0.063,borrow,41,1121,0.0,2,-0.6,-0.6,-0.6049608,0.9518127,0.11173451,0.11173451,1.0,0.007039274,0.063,0.0,0.012,0.6,0.6,-27.081213,2.0940297,0.6980099,0.16000001,0.0,0.13986543,0.0,0.0
hardzero_only__c0p58__z1p00__lam0p000__nu0p50__psi0p00,0.063,borrow,41,1122,0.0,2,-0.6,-0.6,-0.61200005,1.0276535,0.0,0.09383104,0.0,0.0,0.063,0.0,0.012,0.6,0.6,-27.043367,2.2608829,0.75362766,0.080000006,0.0,0.13664512,0.0,0.0
hardzero_only__c0p58__z1p00__lam0p000__nu0p50__psi0p00,0.063,borrow,41,1123,0.0,2,-0.6,-0.6,-0.6054312,0.98185104,0.10426749,0.10426749,1.0,0.0065688523,0.063,0.0,0.012,0.6,0.6,-27.342373,2.1601155,0.72003853,0.216,0.008,0.16379173,0.0,0.0
hardzero_only__c0p58__z1p00__lam0p000__nu0p50__psi0p00,0.063,borrow,41,1124,0.0,2,-0.6,-0.6,-0.61200005,1.0379951,0.0,0.091623075,0.0,0.0,0.063,0.0,0.012,0.6,0.6,-27.666567,2.283635,0.76121163,0.14400001,0.0,0.15777396,0.0,0.0
hardzero_only__c0p58__z1p00__lam0p000__nu0p50__psi0p00,0.063,borrow,41,1125,0.0,2,-0.6,-0.6,-0.61200005,1.0421399,0.0,0.09075282,0.0,0.0,0.063,0.0,0.012,0.6,0.6,-27.13124,2.2927535,0.7642512,0.104,0.0,0.13880755,0.0,0.0
hardzero_only__c0p58__z1p00__lam0p000__nu0p50__psi0p00,0.063,borrow,41,1126,0.0,2,-0.6,-0.6,-0.61200005,1.002097,0.0,0.099518314,0.0,0.0,0.063,0.0,0.012,0.6,0.6,-27.42219,2.2046576,0.7348859,0.208,0.0,0.1538069,0.0,0.0
hardzero_only__c0p58__z1p00__lam0p000__nu0p50__psi0p00,0.063,borrow,41,1127,0.0,2,-0.6,-0.6,-0.61200005,1.0106262,0.0,0.097582914,0.0,0.0,0.063,0.0,0.012,0.6,0.6,-26.466513,2.223422,0.7411407,0.216,0.0,0.17882258,0.0,0.0
hardzero_only__c0p58__z1p00__lam0p000__nu0p50__psi0p00,0.063,borrow,41,1128,0.0,2,-0.6,-0.6,-0.61200005,1.0176401,0.0,0.09601959,0.0,0.0,0.063,0.0,0.012,0.6,0.6,-27.889143,2.238853,0.74628437,0.14400001,0.0,0.16064763,0.0,0.0
hardzero_only__c0p58__z1p00__lam0p000__nu0p50__psi0p00,0.063,borrow,41,1129,0.0,2,-0.6,-0.6,-0.61200005,1.0280848,0.0,0.09373791,0.0,0.0,0.063,0.0,0.012,0.6,0.6,-26.953144,2.2618315,0.75394386,0.2,0.0,0.17383897,0.0,0.0
hardzero_only__c0p58__z1p00__lam0p000__nu0p50__psi0p00,0.063,borrow,41,1130,0.0,2,-0.6,-0.6,-0.61200005,1.0867814,0.0,0.081887685,0.0,0.0,0.063,0.0,0.012,0.6,0.6,-28.451067,2.390967,0.79698896,0.112,0.0,0.1695033,0.0,0.0
hardzero_only__c0p58__z1p00__lam0p000__nu0p50__psi0p00,0.063,borrow,41,1131,0.0,2,-0.6,-0.6,-0.61200005,1.0293181,0.0,0.09347206,0.0,0.0,0.063,0.0,0.012,0.6,0.6,-27.788996,2.264545,0.75484836,0.22,0.0,0.19579667,0.0,0.0
hardzero_only__c0p58__z1p00__lam0p000__nu0p50__psi0p00,0.063,borrow,41,1132,0.0,2,-0.6,-0.6,-0.61200005,1.0841124,0.0,0.08239248,0.0,0.0,0.063,0.0,0.012,0.6,0.6,-28.928886,2.385095,0.79503167,0.128,0.0,0.16988698,0.0,0.0
hardzero_only__c0p58__z1p00__lam0p000__nu0p50__psi0p00,0.063,borrow,41,1133,0.0,2,-0.6,-0.6,-0.61200005,1.0321652,0.0,0.09286131,0.0,0.0,0.063,0.0,0.012,0.6,0.6,-27.120596,2.2708087,0.75693625,0.136,0.0,0.16164899,0.0,0.0
hardzero_only__c0p58__z1p00__lam0p000__nu0p50__psi0p00,0.063,borrow,41,1134,0.0,2,-0.6,-0.6,-0.6054954,0.9861163,0.10324848,0.10324848,1.0,0.006504654,0.063,0.0,0.012,0.6,0.6,-27.004744,2.1694992,0.7231664,0.17600001,0.0,0.15399432,0.0,0.0
hardzero_only__c0p58__z1p00__lam0p000__nu0p50__psi0p00,0.063,borrow,41,1135,0.0,2,-0.6,-0.6,-0.61200005,1.0537559,0.0,0.08835764,0.0,0.0,0.063,0.0,0.012,0.6,0.6,-28.133541,2.3183093,0.7727698,0.128,0.0,0.15523762,0.0,0.0
hardzero_only__c0p58__z1p00__lam0p000__nu0p50__psi0p00,0.063,borrow,41,1136,0.0,2,-0.6,-0.6,-0.61200005,1.0507307,0.0,0.088975266,0.0,0.0,0.063,0.0,0.012,0.6,0.6,-28.313736,2.3116536,0.7705512,0.16800001,0.0,0.16957413,0.0,0.0
hardzero_only__c0p58__z1p00__lam0p000__nu0p50__psi0p00,0.063,borrow,41,1137,0.0,2,-0.6,-0.6,-0.6055234,0.98799044,0.102803886,0.102803886,1.0,0.006476645,0.063,0.0,0.012,0.6,0.6,-26.79483,2.1736224,0.7245408,0.208,0.0,0.17162134,0.0,0.0
hardzero_only__c0p58__z1p00__lam0p000__nu0p50__psi0p00,0.063,borrow,41,1138,0.0,2,-0.6,-0.6,-0.6056186,0.9944193,0.101293296,0.101293296,1.0,0.0063814777,0.063,0.0,0.012,0.6,0.6,-27.34454,2.187766,0.7292554,0.18400002,0.0,0.14967872,0.0,0.0
hardzero_only__c0p58__z1p00__lam0p000__nu0p50__psi0p00,0.063,borrow,41,1139,0.0,2,-0.6,-0.6,-0.61200005,1.0317106,0.0,0.092958555,0.0,0.0,0.063,0.0,0.012,0.6,0.6,-26.994617,2.2698088,0.75660294,0.128,0.0,0.1531505,0.0,0.0
hardzero_only__c0p58__z1p00__lam0p000__nu0p50__psi0p00,0.063,borrow,41,1140,0.0,2,-0.6,-0.6,-0.61200005,1.0444303,0.0,0.09027546,0.0,0.0,0.063,0.0,0.012,0.6,0.6,-27.428389,2.2977924,0.76593083,0.14400001,0.0,0.14765197,0.0,0.0
hardzero_only__c0p58__z1p00__lam0p000__nu0p50__psi0p00,0.063,borrow,41,1141,0.0,2,-0.6,-0.6,-0.60494393,0.9507762,0.11200149,0.11200149,1.0,0.0070560942,0.063,0.0,0.012,0.6,0.6,-26.46924,2.0917494,0.6972498,0.16800001,0.0,0.1569558,0.0,0.0
hardzero_only__c0p58__z1p00__lam0p000__nu0p50__psi0p00,0.063,borrow,41,1142,0.0,2,-0.6,-0.6,-0.6055231,0.98797125,0.10280844,0.10280844,1.0,0.0064769317,0.063,0.0,0.012,0.6,0.6,-27.079588,2.1735802,0.72452676,0.16800001,0.0,0.14028978,0.0,0.0
hardzero_only__c0p58__z1p00__lam0p000__nu0p50__psi0p00,0.063,borrow,41,1143,0.0,2,-0.6,-0.6,-0.60516655,0.9646989,0.10846787,0.10846787,1.0,0.006833476,0.063,0.0,0.012,0.6,0.6,-26.419188,2.12238,0.70746005,0.192,0.0,0.12939036,0.0,0.0
hardzero_only__c0p58__z1p00__lam0p000__nu0p50__psi0p00,0.063,borrow,41,1144,0.0,2,-0.6,-0.6,-0.61200005,1.071582,0.0,0.084804334,0.0,0.0,0.063,0.0,0.012,0.6,0.6,-28.023977,2.3575275,0.78584254,0.12,0.0,0.15904933,0.0,0.0
hardzero_only__c0p58__z1p00__lam0p000__nu0p50__psi0p00,0.063,borrow,41,1145,0.0,2,-0.6,-0.6,-0.61200005,1.0071725,0.0,0.098362036,0.0,0.0,0.063,0.0,0.012,0.6,0.6,-26.618883,2.2158237,0.7386079,0.15200001,0.008,0.1530661,0.0,0.0
hardzero_only__c0p58__z1p00__lam0p000__nu0p50__psi0p00,0.063,borrow,41,1146,0.0,2,-0.6,-0.6,-0.61200005,1.0112414,0.0,0.09744477,0.0,0.0,0.063,0.0,0.012,0.6,0.6,-27.29369,2.2247756,0.7415919,0.128,0.0,0.15920876,0.0,0.0
hardzero_only__c0p58__z1p00__lam0p000__nu0p50__psi0p00,0.063,borrow,41,1147,0.0,2,-0.6,-0.6,-0.61200005,1.0184149,0.0,0.09584846,0.0,0.0,0.063,0.0,0.012,0.6,0.6,-27.174416,2.2405574,0.7468525,0.2,0.008,0.17523277,0.0,0.0
hardzero_only__c0p58__z1p00__lam0p000__nu0p50__psi0p00,0.063,borrow,41,1148,0.0,2,-0.6,-0.6,-0.61200005,1.0124823,0.0,0.09716675,0.0,0.0,0.063,0.0,0.012,0.6,0.6,-27.496622,2.2275054,0.74250185,0.16800001,0.0,0.16601,0.0,0.0
hardzero_only__c0p58__z1p00__lam0p000__nu0p50__psi0p00,0.063,borrow,41,1149,0.0,2,-0.6,-0.6,-0.61200005,1.0455761,0.0,0.09003761,0.0,0.0,0.063,0.0,0.012,0.6,0.6,-27.666716,2.3003135,0.7667712,0.15200001,0.0,0.1558546,0.0,0.0
hardzero_only__c0p58__z1p00__lam0p000__nu0p50__psi0p00,0.063,borrow,41,1150,0.0,2,-0.6,-0.6,-0.61200005,1.0068078,0.0,0.09844466,0.0,0.0,0.063,0.0,0.012,0.6,0.6,-26.998016,2.2150214,0.7383405,0.120000005,0.0,0.17112307,0.0,0.0
hardzero_only__c0p58__z1p00__lam0p000__nu0p50__psi0p00,0.063,borrow,41,1151,0.0,2,-0.6,-0.6,-0.61200005,1.0404251,0.0,0.09111186,0.0,0.0,0.063,0.0,0.012,0.6,0.6,-28.50817,2.2889807,0.7629936,0.16800001,0.0,0.17885788,0.0,0.0
hardzero_only__c0p58__z1p00__lam0p000__nu0p50__psi0p00,0.063,borrow,41,1152,0.0,2,-0.6,-0.6,-0.61200005,1.0364177,0.0,0.09195646,0.0,0.0,0.063,0.0,0.012,0.6,0.6,-27.97863,2.2801645,0.7600548,0.2,0.0,0.16444647,0.0,0.0
hardzero_only__c0p58__z1p00__lam0p000__nu0p50__psi0p00,0.063,borrow,41,1153,0.0,2,-0.6,-0.6,-0.60559833,0.9930459,0.101614125,0.101614125,1.0,0.00640169,0.063,0.0,0.012,0.6,0.6,-26.787434,2.1847446,0.72824824,0.18400002,0.0,0.14512835,0.0,0.0
hardzero_only__c0p58__z1p00__lam0p000__nu0p50__psi0p00,0.063,borrow,41,1154,0.0,2,-0.6,-0.6,-0.61200005,1.0090823,0.0,0.097930424,0.0,0.0,0.063,0.0,0.012,0.6,0.6,-27.178003,2.2200253,0.7400085,0.192,0.0,0.15018451,0.0,0.0
hardzero_only__c0p58__z1p00__lam0p000__nu0p50__psi0p00,0.063,borrow,41,1155,0.0,2,-0.6,-0.6,-0.61200005,1.007185,0.0,0.0983592,0.0,0.0,0.063,0.0,0.012,0.6,0.6,-27.523552,2.2158513,0.7386171,0.17600001,0.0,0.1541076,0.0,0.0
hardzero_only__c0p58__z1p00__lam0p000__nu0p50__psi0p00,0.063,borrow,41,1156,0.0,2,-0.6,-0.6,-0.61200005,1.0231283,0.0,0.09481383,0.0,0.0,0.063,0.0,0.012,0.6,0.6,-26.788256,2.2509272,0.7503091,0.104,0.0,0.14956193,0.0,0.0
hardzero_only__c0p58__z1p00__lam0p000__nu0p50__psi0p00,0.063,borrow,41,1157,0.0,2,-0.6,-0.6,-0.61200005,1.0102687,0.0,0.09766328,0.0,0.0,0.063,0.0,0.012,0.6,0.6,-26.964643,2.2226355,0.7408785,0.12,0.0,0.15292737,0.0,0.0
hardzero_only__c0p58__z1p00__lam0p000__nu0p50__psi0p00,0.063,borrow,41,1158,0.0,2,-0.6,-0.6,-0.60536116,0.97724503,0.105379224,0.105379224,1.0,0.006638891,0.063,0.0,0.012,0.6,0.6,-26.174303,2.149982,0.7166607,0.15200001,0.0,0.1440198,0.0,0.0
hardzero_only__c0p58__z1p00__lam0p000__nu0p50__psi0p00,0.063,borrow,41,1159,0.0,2,-0.6,-0.6,-0.60550314,0.98663473,0.1031253,0.1031253,1.0,0.0064968937,0.063,0.0,0.012,0.6,0.6,-26.318718,2.1706398,0.7235466,0.23200001,0.0,0.1464016,0.0,0.0
hardzero_only__c0p58__z1p00__lam0p000__nu0p50__psi0p00,0.063,borrow,41,1160,0.0,2,-0.6,-0.6,-0.61200005,1.0489645,0.0,0.08933783,0.0,0.0,0.063,0.0,0.012,0.6,0.6,-28.018187,2.307768,0.76925606,0.17600001,0.0,0.19271208,0.0,0.0
hardzero_only__c0p58__z1p00__lam0p000__nu0p50__psi0p00,0.063,borrow,41,1161,0.0,2,-0.6,-0.6,-0.61200005,1.0032467,0.0,0.09925522,0.0,0.0,0.063,0.0,0.012,0.6,0.6,-27.22017,2.2071867,0.7357289,0.23200001,0.0,0.16233961,0.0,0.0
hardzero_only__c0p58__z1p00__lam0p000__nu0p50__psi0p00,0.063,borrow,41,1162,0.0,2,-0.6,-0.6,-0.61200005,1.0521591,0.0,0.088683106,0.0,0.0,0.063,0.0,0.012,0.6,0.6,-27.775352,2.3147962,0.77159876,0.15200001,0.0,0.15936351,0.0,0.0
hardzero_only__c0p58__z1p00__lam0p000__nu0p50__psi0p00,0.063,borrow,41,1163,0.0,2,-0.6,-0.6,-0.61200005,1.0171947,0.0,0.09611812,0.0,0.0,0.063,0.0,0.012,0.6,0.6,-27.398993,2.237873,0.74595773,0.16000001,0.0,0.16100469,0.0,0.0
hardzero_only__c0p58__z1p00__lam0p000__nu0p50__psi0p00,0.063,borrow,41,1164,0.0,2,-0.6,-0.6,-0.61200005,1.0257193,0.0,0.09424987,0.0,0.0,0.063,0.0,0.012,0.6,0.6,-27.469717,2.2566276,0.7522092,0.18400002,0.0,0.1568835,0.0,0.0
hardzero_only__c0p58__z1p00__lam0p000__nu0p50__psi0p00,0.063,borrow,41,1165,0.0,2,-0.6,-0.6,-0.61200005,1.0487244,0.0,0.089387245,0.0,0.0,0.063,0.0,0.012,0.6,0.6,-27.3576,2.3072398,0.7690799,0.14400001,0.0,0.17651956,0.0,0.0
hardzero_only__c0p58__z1p00__lam0p000__nu0p50__psi0p00,0.063,borrow,41,1166,0.0,2,-0.6,-0.6,-0.6050405,0.95676017,0.11046884,0.11046884,1.0,0.006959537,0.063,0.0,0.012,0.6,0.6,-27.348919,2.1049144,0.70163816,0.2,0.0,0.17265637,0.0,0.0
hardzero_only__c0p58__z1p00__lam0p000__nu0p50__psi0p00,0.063,borrow,41,1167,0.0,2,-0.6,-0.6,-0.6053185,0.974462,0.10605668,0.10605668,1.0,0.0066815712,0.063,0.0,0.012,0.6,0.6,-26.18572,2.1438591,0.71461976,0.120000005,0.0,0.13340496,0.0,0.0
hardzero_only__c0p58__z1p00__lam0p000__nu0p50__psi0p00,0.063,borrow,41,1168,0.0,2,-0.6,-0.6,-0.6052303,0.9687672,0.10745651,0.10745651,1.0,0.0067697605,0.063,0.0,0.012,0.6,0.6,-26.031475,2.1313305,0.7104435,0.112,0.0,0.14218524,0.0,0.0
hardzero_only__c0p58__z1p00__lam0p000__nu0p50__psi0p00,0.063,borrow,41,1169,0.0,2,-0.6,-0.6,-0.6053224,0.9747183,0.1059941,0.1059941,1.0,0.0066776285,0.063,0.0,0.012,0.6,0.6,-27.287407,2.144423,0.7148077,0.256,0.0,0.17806599,0.0,0.0
hardzero_only__c0p58__z1p00__lam0p000__nu0p50__psi0p00,0.063,borrow,41,1170,0.0,2,-0.6,-0.6,-0.61200005,1.0822992,0.0,0.08273718,0.0,0.0,0.063,0.0,0.012,0.6,0.6,-27.995405,2.381106,0.793702,0.12,0.0,0.151556,0.0,0.0
hardzero_only__c0p58__z1p00__lam0p000__nu0p50__psi0p00,0.063,borrow,41,1171,0.0,2,-0.6,-0.6,-0.60530245,0.9734214,0.10631109,0.10631109,1.0,0.006697599,0.063,0.0,0.012,0.6,0.6,-26.694706,2.1415699,0.71385664,0.14400001,0.0,0.14921887,0.0,0.0
hardzero_only__c0p58__z1p00__lam0p000__nu0p50__psi0p00,0.063,borrow,41,1172,0.0,2,-0.6,-0.6,-0.61200005,1.004191,0.0,0.09903962,0.0,0.0,0.063,0.0,0.012,0.6,0.6,-27.187637,2.2092645,0.7364215,0.15200001,0.0,0.17896701,0.0,0.0
hardzero_only__c0p58__z1p00__lam0p000__nu0p50__psi0p00,0.063,borrow,41,1173,0.0,2,-0.6,-0.6,-0.61200005,1.0008987,0.0,0.09979326,0.0,0.0,0.063,0.0,0.012,0.6,0.6,-26.541605,2.2020211,0.73400706,0.2,0.0,0.14199714,0.0,0.0
hardzero_only__c0p58__z1p00__lam0p000__nu0p50__psi0p00,0.063,borrow,41,1174,0.0,2,-0.6,-0.6,-0.61200005,1.0314107,0.0,0.09302278,0.0,0.0,0.063,0.0,0.012,0.6,0.6,-27.279104,2.2691488,0.75638294,0.136,0.0,0.14432572,0.0,0.0
hardzero_only__c0p58__z1p00__lam0p000__nu0p50__psi0p00,0.063,borrow,41,1175,0.0,2,-0.6,-0.6,-0.61200005,1.0431314,0.0,0.09054588,0.0,0.0,0.063,0.0,0.012,0.6,0.6,-27.611551,2.2949347,0.7649783,0.112,0.0,0.18877468,0.0,0.0
hardzero_only__c0p58__z1p00__lam0p000__nu0p50__psi0p00,0.063,borrow,41,1176,0.0,2,-0.6,-0.6,-0.6054861,0.98549664,0.10339591,0.10339591,1.0,0.0065139425,0.063,0.0,0.012,0.6,0.6,-26.74215,2.168136,0.722712,0.16000001,0.0,0.14769897,0.0,0.0
hardzero_only__c0p58__z1p00__lam0p000__nu0p50__psi0p00,0.063,borrow,41,1177,0.0,2,-0.6,-0.6,-0.61200005,1.0065231,0.0,0.09850921,0.0,0.0,0.063,0.0,0.012,0.6,0.6,-26.801134,2.214395,0.7381317,0.18400002,0.0,0.14482853,0.0,0.0
hardzero_only__c0p58__z1p00__lam0p000__nu0p50__psi0p00,0.063,borrow,41,1178,0.0,2,-0.6,-0.6,-0.61200005,1.0195663,0.0,0.095594674,0.0,0.0,0.063,0.0,0.012,0.6,0.6,-27.49563,2.2430906,0.7476969,0.120000005,0.0,0.14186102,0.0,0.0
hardzero_only__c0p58__z1p00__lam0p000__nu0p50__psi0p00,0.063,borrow,41,1179,0.0,2,-0.6,-0.6,-0.6052411,0.9694635,0.10728437,0.10728437,1.0,0.0067589153,0.063,0.0,0.012,0.6,0.6,-26.119835,2.1328623,0.7109541,0.208,0.0,0.15463324,0.0,0.0
hardzero_only__c0p58__z1p00__lam0p000__nu0p50__psi0p00,0.063,borrow,41,1180,0.0,2,-0.6,-0.6,-0.61200005,1.0290627,0.0,0.093527034,0.0,0.0,0.063,0.0,0.012,0.6,0.6,-27.487165,2.2639832,0.7546611,0.192,0.0,0.16396622,0.0,0.0
hardzero_only__c0p58__z1p00__lam0p000__nu0p50__psi0p00,0.063,borrow,41,1181,0.0,2,-0.6,-0.6,-0.61200005,1.0299675,0.0,0.093332395,0.0,0.0,0.063,0.0,0.012,0.6,0.6,-27.802263,2.2659738,0.7553246,0.16000001,0.0,0.14705014,0.0,0.0
hardzero_only__c0p58__z1p00__lam0p000__nu0p50__psi0p00,0.063,borrow,41,1182,0.0,2,-0.6,-0.6,-0.6055144,0.98738897,0.10294636,0.10294636,1.0,0.006485621,0.063,0.0,0.012,0.6,0.6,-26.479095,2.1722991,0.72409976,0.16000001,0.0,0.15188837,0.0,0.0
hardzero_only__c0p58__z1p00__lam0p000__nu0p50__psi0p00,0.063,borrow,41,1183,0.0,2,-0.6,-0.6,-0.60527474,0.9716295,0.10675064,0.10675064,1.0,0.0067252903,0.063,0.0,0.012,0.6,0.6,-25.442139,2.1376276,0.71254253,0.24,0.0,0.13583075,0.0,0.0
hardzero_only__c0p58__z1p00__lam0p000__nu0p50__psi0p00,0.063,borrow,41,1184,0.0,2,-0.6,-0.6,-0.61200005,1.0111281,0.0,0.09747021,0.0,0.0,0.063,0.0,0.012,0.6,0.6,-27.426796,2.2245262,0.7415087,0.18400002,0.0,0.14800262,0.0,0.0
hardzero_only__c0p58__z1p00__lam0p000__nu0p50__psi0p00,0.063,borrow,41,1185,0.0,2,-0.6,-0.6,-0.61200005,1.0152117,0.0,0.096558,0.0,0.0,0.063,0.0,0.012,0.6,0.6,-27.234207,2.2335103,0.74450344,0.15200001,0.0,0.13969049,0.0,0.0
hardzero_only__c0p58__z1p00__lam0p000__nu0p50__psi0p00,0.063,borrow,41,1186,0.0,2,-0.6,-0.6,-0.6055032,0.9866362,0.103124954,0.103124954,1.0,0.0064968723,0.063,0.0,0.012,0.6,0.6,-26.372868,2.170643,0.7235477,0.216,0.0,0.14252493,0.0,0.0
hardzero_only__c0p58__z1p00__lam0p000__nu0p50__psi0p00,0.063,borrow,41,1187,0.0,2,-0.6,-0.6,-0.61200005,1.0261986,0.0,0.09414588,0.0,0.0,0.063,0.0,0.012,0.6,0.6,-26.952126,2.257682,0.75256073,0.136,0.0,0.14651652,0.0,0.0
hardzero_only__c0p58__z1p00__lam0p000__nu0p50__psi0p00,0.063,borrow,41,1188,0.0,2,-0.6,-0.6,-0.6055455,0.9894774,0.10245252,0.10245252,1.0,0.0064545088,0.063,0.0,0.012,0.6,0.6,-26.632618,2.1768937,0.72563124,0.18400002,0.0,0.15878609,0.0,0.0
hardzero_only__c0p58__z1p00__lam0p000__nu0p50__psi0p00,0.063,borrow,41,1189,0.0,2,-0.6,-0.6,-0.605054,0.9576043,0.11025434,0.11025434,1.0,0.0069460236,0.063,0.0,0.012,0.6,0.6,-25.72023,2.1067715,0.70225716,0.136,0.0,0.14157544,0.0,0.0
hardzero_only__c0p58__z1p00__lam0p000__nu0p50__psi0p00,0.063,borrow,41,1190,0.0,2,-0.6,-0.6,-0.61200005,1.0003896,0.0,0.09991035,0.0,0.0,0.063,0.0,0.012,0.6,0.6,-26.496145,2.200901,0.7336337,0.120000005,0.0,0.13350216,0.0,0.0
hardzero_only__c0p58__z1p00__lam0p000__nu0p50__psi0p00,0.063,borrow,41,1191,0.0,2,-0.6,-0.6,-0.61200005,1.0004344,0.0,0.09990003,0.0,0.0,0.063,0.0,0.012,0.6,0.6,-27.442719,2.2009995,0.73366654,0.2,0.008,0.16831249,0.0,0.0
hardzero_only__c0p58__z1p00__lam0p000__nu0p50__psi0p00,0.063,borrow,41,1192,0.0,2,-0.6,-0.6,-0.61200005,1.0167549,0.0,0.096215524,0.0,0.0,0.063,0.0,0.012,0.6,0.6,-27.521946,2.2369053,0.74563515,0.136,0.0,0.13500024,0.0,0.0
hardzero_only__c0p58__z1p00__lam0p000__nu0p50__psi0p00,0.063,borrow,41,1193,0.0,2,-0.6,-0.6,-0.61200005,1.0233496,0.0,0.094765514,0.0,0.0,0.063,0.0,0.012,0.6,0.6,-26.173555,2.251414,0.75047135,0.18400002,0.0,0.15764998,0.0,0.0
hardzero_only__c0p58__z1p00__lam0p000__nu0p50__psi0p00,0.063,borrow,41,1194,0.0,2,-0.6,-0.6,-0.61200005,1.023726,0.0,0.09468344,0.0,0.0,0.063,0.0,0.012,0.6,0.6,-27.186316,2.252242,0.7507474,0.16800001,0.0,0.17191686,0.0,0.0
hardzero_only__c0p58__z1p00__lam0p000__nu0p50__psi0p00,0.063,borrow,41,1195,0.0,2,-0.6,-0.6,-0.61200005,1.0215875,0.0,0.09515082,0.0,0.0,0.063,0.0,0.012,0.6,0.6,-27.572714,2.2475374,0.7491791,0.17600001,0.0,0.16859496,0.0,0.0
hardzero_only__c0p58__z1p00__lam0p000__nu0p50__psi0p00,0.063,borrow,41,1196,0.0,2,-0.6,-0.6,-0.61200005,1.0298055,0.0,0.093367234,0.0,0.0,0.063,0.0,0.012,0.6,0.6,-27.154127,2.2656174,0.7552058,0.12,0.0,0.16196439,0.0,0.0
hardzero_only__c0p58__z1p00__lam0p000__nu0p50__psi0p00,0.063,borrow,41,1197,0.0,2,-0.6,-0.6,-0.61200005,1.0100485,0.0,0.0977128,0.0,0.0,0.063,0.0,0.012,0.6,0.6,-27.289614,2.222151,0.74071705,0.192,0.0,0.18122108,0.0,0.0
hardzero_only__c0p58__z1p00__lam0p000__nu0p50__psi0p00,0.063,borrow,41,1198,0.0,2,-0.6,-0.6,-0.6056508,0.9966166,0.1007821,0.1007821,1.0,0.006349272,0.063,0.0,0.012,0.6,0.6,-26.552164,2.1926003,0.7308668,0.120000005,0.0,0.14529876,0.0,0.0
hardzero_only__c0p58__z1p00__lam0p000__nu0p50__psi0p00,0.063,borrow,41,1199,0.0,2,-0.6,-0.6,-0.6055058,0.98681146,0.103083365,0.103083365,1.0,0.006494252,0.063,0.0,0.012,0.6,0.6,-26.682545,2.1710286,0.7236762,0.18400002,0.0,0.17353152,0.0,0.0
hardzero_only__c0p58__z1p00__lam0p000__nu0p50__psi0p00,0.063,borrow,41,1200,0.0,2,-0.6,-0.6,-0.61200005,1.013139,0.0,0.09701994,0.0,0.0,0.063,0.0,0.012,0.6,0.6,-27.374104,2.2289503,0.74298346,0.23200001,0.0,0.17159808,0.0,0.0
hardzero_only__c0p58__z1p00__lam0p000__nu0p50__psi0p00,0.063,borrow,41,1201,0.0,2,-0.6,-0.6,-0.60536057,0.9772056,0.1053888,0.1053888,1.0,0.0066394946,0.063,0.0,0.012,0.6,0.6,-26.351324,2.1498952,0.71663177,0.15200001,0.0,0.13921766,0.0,0.0
hardzero_only__c0p58__z1p00__lam0p000__nu0p50__psi0p00,0.063,borrow,41,1202,0.0,2,-0.6,-0.6,-0.61200005,1.0406544,0.0,0.09106375,0.0,0.0,0.063,0.0,0.012,0.6,0.6,-27.83379,2.2894855,0.76316184,0.15200001,0.0,0.17243549,0.0,0.0
hardzero_only__c0p58__z1p00__lam0p000__nu0p50__psi0p00,0.063,borrow,41,1203,0.0,2,-0.6,-0.6,-0.61200005,1.0184191,0.0,0.09584752,0.0,0.0,0.063,0.0,0.012,0.6,0.6,-27.096533,2.240567,0.7468557,0.216,0.0,0.14198032,0.0,0.0
hardzero_only__c0p58__z1p00__lam0p000__nu0p50__psi0p00,0.063,borrow,41,1204,0.0,2,-0.6,-0.6,-0.6054557,0.98347336,0.10387873,0.10387873,1.0,0.00654436,0.063,0.0,0.012,0.6,0.6,-26.759773,2.1636846,0.72122824,0.2,0.0,0.15055878,0.0,0.0
hardzero_only__c0p58__z1p00__lam0p000__nu0p50__psi0p00,0.063,borrow,41,1205,0.0,2,-0.6,-0.6,-0.61200005,1.0270995,0.0,0.0939508,0.0,0.0,0.063,0.0,0.012,0.6,0.6,-27.955402,2.259664,0.7532214,0.128,0.0,0.16150358,0.0,0.0
hardzero_only__c0p58__z1p00__lam0p000__nu0p50__psi0p00,0.063,borrow,41,1206,0.0,2,-0.6,-0.6,-0.61200005,1.0102175,0.0,0.09767479,0.0,0.0,0.063,0.0,0.012,0.6,0.6,-27.11011,2.222523,0.74084103,0.14400001,0.0,0.1588576,0.0,0.0
hardzero_only__c0p58__z1p00__lam0p000__nu0p50__psi0p00,0.063,borrow,41,1207,0.0,2,-0.6,-0.6,-0.6051717,0.96502537,0.10838636,0.10838636,1.0,0.0068283407,0.063,0.0,0.012,0.6,0.6,-26.526688,2.1230981,0.7076994,0.216,0.0,0.14940694,0.0,0.0
hardzero_only__c0p58__z1p00__lam0p000__nu0p50__psi0p00,0.063,borrow,41,1208,0.0,2,-0.6,-0.6,-0.61200005,1.0567439,0.0,0.08775181,0.0,0.0,0.063,0.0,0.012,0.6,0.6,-28.119736,2.324883,0.774961,0.224,0.0,0.19404216,0.0,0.0
hardzero_only__c0p58__z1p00__lam0p000__nu0p50__psi0p00,0.063,borrow,41,1209,0.0,2,-0.6,-0.6,-0.61200005,1.0411024,0.0,0.09096988,0.0,0.0,0.063,0.0,0.012,0.6,0.6,-27.768688,2.290471,0.7634904,0.14999999,0.0,0.16822757,0.0,0.0
hardzero_only__c0p58__z1p00__lam0p000__nu0p50__psi0p00,0.063,borrow,41,1210,0.0,2,-0.6,-0.6,-0.61200005,1.0949811,0.0,0.080356106,0.0,0.0,0.063,0.0,0.012,0.6,0.6,-28.719372,2.4090064,0.8030021,0.16000001,0.0,0.1577474,0.0,0.0
hardzero_only__c0p58__z1p00__lam0p000__nu0p50__psi0p00,0.063,borrow,41,1211,0.0,2,-0.6,-0.6,-0.6052752,0.97165877,0.10674344,0.10674344,1.0,0.006724837,0.063,0.0,0.012,0.6,0.6,-26.022385,2.137692,0.712564,0.28,0.0,0.15024287,0.0,0.0
hardzero_only__c0p58__z1p00__lam0p000__nu0p50__psi0p00,0.063,borrow,41,1212,0.0,2,-0.6,-0.6,-0.61200005,1.0314885,0.0,0.093006104,0.0,0.0,0.063,0.0,0.012,0.6,0.6,-27.365326,2.26932,0.75644004,0.16800001,0.0,0.15869674,0.0,0.0
hardzero_only__c0p58__z1p00__lam0p000__nu0p50__psi0p00,0.063,borrow,41,1213,0.0,2,-0.6,-0.6,-0.61200005,1.0267354,0.0,0.09402959,0.0,0.0,0.063,0.0,0.012,0.6,0.6,-27.971472,2.258863,0.75295436,0.18400002,0.0,0.15763019,0.0,0.0
hardzero_only__c0p58__z1p00__lam0p000__nu0p50__psi0p00,0.063,borrow,41,1214,0.0,2,-0.6,-0.6,-0.61200005,1.0042949,0.0,0.099015936,0.0,0.0,0.063,0.0,0.012,0.6,0.6,-27.789463,2.209493,0.73649764,0.208,0.008,0.15732634,0.0,0.0
hardzero_only__c0p58__z1p00__lam0p000__nu0p50__psi0p00,0.063,borrow,41,1215,0.0,2,-0.6,-0.6,-0.61200005,1.0352656,0.0,0.09220073,0.0,0.0,0.063,0.0,0.012,0.6,0.6,-27.121265,2.2776299,0.75921,0.112,0.0,0.1319778,0.0,0.0
hardzero_only__c0p58__z1p00__lam0p000__nu0p50__psi0p00,0.063,borrow,41,1216,0.0,2,-0.6,-0.6,-0.61200005,1.0007156,0.0,0.099835366,0.0,0.0,0.063,0.0,0.012,0.6,0.6,-26.799603,2.2016182,0.7338728,0.14400001,0.0,0.16359612,0.0,0.0
hardzero_only__c0p58__z1p00__lam0p000__nu0p50__psi0p00,0.063,borrow,41,1217,0.0,2,-0.6,-0.6,-0.61200005,1.0089691,0.0,0.097955965,0.0,0.0,0.063,0.0,0.012,0.6,0.6,-25.99105,2.2197762,0.7399254,0.192,0.0,0.15932956,0.0,0.0
hardzero_only__c0p58__z1p00__lam0p000__nu0p50__psi0p00,0.063,borrow,41,1218,0.0,2,-0.6,-0.6,-0.6056374,0.9956988,0.10099531,0.10099531,1.0,0.0063627046,0.063,0.0,0.012,0.6,0.6,-26.165707,2.190581,0.73019373,0.18400002,0.0,0.14289385,0.0,0.0
hardzero_only__c0p58__z1p00__lam0p000__nu0p50__psi0p00,0.063,borrow,41,1219,0.0,2,-0.6,-0.6,-0.61200005,1.0074935,0.0,0.09828936,0.0,0.0,0.063,0.0,0.012,0.6,0.6,-28.010233,2.2165298,0.7388433,0.2,0.0,0.2051885,0.0,0.0
hardzero_only__c0p58__z1p00__lam0p000__nu0p50__psi0p00,0.063,borrow,41,1220,0.0,2,-0.6,-0.6,-0.60550183,0.9865449,0.10314665,0.10314665,1.0,0.006498239,0.063,0.0,0.012,0.6,0.6,-26.60362,2.170442,0.7234807,0.2,0.0,0.14566961,0.0,0.0
hardzero_only__c0p58__z1p00__lam0p000__nu0p50__psi0p00,0.063,borrow,41,1221,0.0,2,-0.6,-0.6,-0.61200005,1.0424458,0.0,0.09068892,0.0,0.0,0.063,0.0,0.012,0.6,0.6,-28.191265,2.2934265,0.7644755,0.112,0.0,0.16437027,0.0,0.0
hardzero_only__c0p58__z1p00__lam0p000__nu0p50__psi0p00,0.063,borrow,41,1222,0.0,2,-0.6,-0.6,-0.61200005,1.0118378,0.0,0.09731105,0.0,0.0,0.063,0.0,0.012,0.6,0.6,-26.479239,2.2260878,0.7420293,0.22999999,0.0,0.15285258,0.0,0.0
hardzero_only__c0p58__z1p00__lam0p000__nu0p50__psi0p00,0.063,borrow,41,1223,0.0,2,-0.6,-0.6,-0.6052128,0.96764845,0.1077337,0.1077337,1.0,0.006787223,0.063,0.0,0.012,0.6,0.6,-26.945114,2.128869,0.70962304,0.128,0.0,0.13968405,0.0,0.0
hardzero_only__c0p58__z1p00__lam0p000__nu0p50__psi0p00,0.063,borrow,41,1224,0.0,2,-0.6,-0.6,-0.6049775,0.952844,0.11146947,0.11146947,1.0,0.007022577,0.063,0.0,0.012,0.6,0.6,-25.715363,2.0962987,0.69876623,0.17600001,0.0,0.14019908,0.0,0.0
hardzero_only__c0p58__z1p00__lam0p000__nu0p50__psi0p00,0.063,borrow,41,1225,0.0,2,-0.6,-0.6,-0.60535955,0.9771401,0.10540468,0.10540468,1.0,0.0066404953,0.063,0.0,0.012,0.6,0.6,-26.45833,2.1497512,0.7165837,0.17600001,0.0,0.13673572,0.0,0.0
hardzero_only__c0p58__z1p00__lam0p000__nu0p50__psi0p00,0.063,borrow,41,1226,0.0,2,-0.6,-0.6,-0.61200005,1.0371152,0.0,0.0918089,0.0,0.0,0.063,0.0,0.012,0.6,0.6,-27.788244,2.281699,0.76056635,0.120000005,0.0,0.16627195,0.0,0.0
hardzero_only__c0p58__z1p00__lam0p000__nu0p50__psi0p00,0.063,borrow,41,1227,0.0,2,-0.6,-0.6,-0.61200005,1.0790024,0.0,0.083367646,0.0,0.0,0.063,0.0,0.012,0.6,0.6,-28.81594,2.3738527,0.79128426,0.14400001,0.0,0.18018581,0.0,0.0
hardzero_only__c0p58__z1p00__lam0p000__nu0p50__psi0p00,0.063,borrow,41,1228,0.0,2,-0.6,-0.6,-0.60513747,0.96285415,0.10892958,0.10892958,1.0,0.0068625635,0.063,0.0,0.012,0.6,0.6,-26.201952,2.1183214,0.70610714,0.17600001,0.0,0.13536356,0.0,0.0
hardzero_only__c0p58__z1p00__lam0p000__nu0p50__psi0p00,0.063,borrow,41,1229,0.0,2,-0.6,-0.6,-0.60540193,0.97991896,0.1047324,0.1047324,1.0,0.0065981415,0.063,0.0,0.012,0.6,0.6,-26.757584,2.1558647,0.7186216,0.2,0.0,0.13815244,0.0,0.0
hardzero_only__c0p58__z1p00__lam0p000__nu0p50__psi0p00,0.063,borrow,41,1230,0.0,2,-0.6,-0.6,-0.61200005,1.020676,0.0,0.095350705,0.0,0.0,0.063,0.0,0.012,0.6,0.6,-27.306902,2.245532,0.7485107,0.14400001,0.0,0.16302282,0.0,0.0
hardzero_only__c0p58__z1p00__lam0p000__nu0p50__psi0p00,0.063,borrow,41,1231,0.0,2,-0.6,-0.6,-0.6053133,0.9741274,0.106138416,0.106138416,1.0,0.00668672,0.063,0.0,0.012,0.6,0.6,-26.150711,2.1431231,0.7143744,0.17600001,0.0,0.14019793,0.0,0.0
hardzero_only__c0p58__z1p00__lam0p000__nu0p50__psi0p00,0.063,borrow,41,1232,0.0,2,-0.6,-0.6,-0.6052687,0.9712382,0.10684686,0.10684686,1.0,0.0067313523,0.063,0.0,0.012,0.6,0.6,-26.517578,2.1367667,0.7122556,0.216,0.0,0.14834602,0.0,0.0
hardzero_only__c0p58__z1p00__lam0p000__nu0p50__psi0p00,0.063,borrow,41,1233,0.0,2,-0.6,-0.6,-0.6052702,0.9713368,0.10682261,0.10682261,1.0,0.0067298245,0.063,0.0,0.012,0.6,0.6,-26.134604,2.1369836,0.7123279,0.216,0.0,0.15056413,0.0,0.0
hardzero_only__c0p58__z1p00__lam0p000__nu0p50__psi0p00,0.063,borrow,41,1234,0.0,2,-0.6,-0.6,-0.6054548,0.9834159,0.103892475,0.103892475,1.0,0.006545226,0.063,0.0,0.012,0.6,0.6,-26.077932,2.1635582,0.7211861,0.17600001,0.0,0.14838316,0.0,0.0
hardzero_only__c0p58__z1p00__lam0p000__nu0p50__psi0p00,0.063,borrow,41,1235,0.0,2,-0.6,-0.6,-0.61200005,1.02652,0.0,0.09407625,0.0,0.0,0.063,0.0,0.012,0.6,0.6,-26.791159,2.2583892,0.7527964,0.13,0.0,0.14099252,0.0,0.0
hardzero_only__c0p58__z1p00__lam0p000__nu0p50__psi0p00,0.063,borrow,41,1236,0.0,2,-0.6,-0.6,-0.6054008,0.97984517,0.104750186,0.104750186,1.0,0.006599262,0.063,0.0,0.012,0.6,0.6,-26.769981,2.1557024,0.7185675,0.224,0.008,0.14610721,0.0,0.0
hardzero_only__c0p58__z1p00__lam0p000__nu0p50__psi0p00,0.063,borrow,41,1237,0.0,2,-0.6,-0.6,-0.61200005,1.0226849,0.0,0.094910674,0.0,0.0,0.063,0.0,0.012,0.6,0.6,-27.76867,2.2499518,0.74998397,0.136,0.0,0.18590657,0.0,0.0
hardzero_only__c0p58__z1p00__lam0p000__nu0p50__psi0p00,0.063,borrow,41,1238,0.0,2,-0.6,-0.6,-0.61200005,1.0088798,0.0,0.097976096,0.0,0.0,0.063,0.0,0.012,0.6,0.6,-27.115229,2.21958,0.73986,0.224,0.008,0.16837595,0.0,0.0
hardzero_only__c0p58__z1p00__lam0p000__nu0p50__psi0p00,0.063,borrow,41,1239,0.0,2,-0.6,-0.6,-0.60546994,0.9844195,0.103652656,0.103652656,1.0,0.0065301172,0.063,0.0,0.012,0.6,0.6,-27.038715,2.1657662,0.7219221,0.112,0.0,0.13720216,0.0,0.0
hardzero_only__c0p58__z1p00__lam0p000__nu0p50__psi0p00,0.063,borrow,41,1240,0.0,2,-0.6,-0.6,-0.61200005,1.0251977,0.0,0.094363116,0.0,0.0,0.063,0.0,0.012,0.6,0.6,-27.198109,2.25548,0.7518267,0.17600001,0.0,0.16218029,0.0,0.0
hardzero_only__c0p58__z1p00__lam0p000__nu0p50__psi0p00,0.063,borrow,41,1241,0.0,2,-0.6,-0.6,-0.61200005,1.0041261,0.0,0.099054426,0.0,0.0,0.063,0.0,0.012,0.6,0.6,-27.230997,2.2091215,0.73637384,0.15200001,0.0,0.15296197,0.0,0.0
hardzero_only__c0p58__z1p00__lam0p000__nu0p50__psi0p00,0.063,borrow,41,1242,0.0,2,-0.6,-0.6,-0.61200005,1.0128301,0.0,0.09708896,0.0,0.0,0.063,0.0,0.012,0.6,0.6,-26.992273,2.2282708,0.74275696,0.16800001,0.0,0.1501105,0.0,0.0
hardzero_only__c0p58__z1p00__lam0p000__nu0p50__psi0p00,0.063,borrow,41,1243,0.0,2,-0.6,-0.6,-0.6053409,0.9759217,0.105700806,0.105700806,1.0,0.006659151,0.063,0.0,0.012,0.6,0.6,-25.884928,2.1470706,0.71569026,0.112,0.0,0.15220995,0.0,0.0
hardzero_only__c0p58__z1p00__lam0p000__nu0p50__psi0p00,0.063,borrow,41,1244,0.0,2,-0.6,-0.6,-0.61200005,1.0208547,0.0,0.0953115,0.0,0.0,0.063,0.0,0.012,0.6,0.6,-27.511042,2.2459252,0.7486417,0.18400002,0.0,0.15339191,0.0,0.0
hardzero_only__c0p58__z1p00__lam0p000__nu0p50__psi0p00,0.063,borrow,41,1245,0.0,2,-0.6,-0.6,-0.605124,0.962003,0.10914327,0.10914327,1.0,0.0068760263,0.063,0.0,0.012,0.6,0.6,-27.21246,2.1164489,0.70548296,0.14400001,0.0,0.15427788,0.0,0.0
hardzero_only__c0p58__z1p00__lam0p000__nu0p50__psi0p00,0.063,borrow,41,1246,0.0,2,-0.6,-0.6,-0.6055938,0.99273664,0.10168652,0.10168652,1.0,0.006406251,0.063,0.0,0.012,0.6,0.6,-26.342873,2.1840641,0.7280214,0.14400001,0.0,0.16179286,0.0,0.0
hardzero_only__c0p58__z1p00__lam0p000__nu0p50__psi0p00,0.063,borrow,41,1247,0.0,2,-0.6,-0.6,-0.605459,0.9836931,0.10382619,0.10382619,1.0,0.00654105,0.063,0.0,0.012,0.6,0.6,-26.584751,2.1641681,0.7213894,0.14400001,0.0,0.15026172,0.0,0.0
hardzero_only__c0p58__z1p00__lam0p000__nu0p50__psi0p00,0.063,borrow,41,1248,0.0,2,-0.6,-0.6,-0.6052457,0.9697569,0.10721192,0.10721192,1.0,0.006754351,0.063,0.0,0.012,0.6,0.6,-25.772512,2.1335077,0.71116924,0.17999999,0.0,0.12948114,0.0,0.0
hardzero_only__c0p58__z1p00__lam0p000__nu0p50__psi0p00,0.063,borrow,41,1249,0.0,2,-0.6,-0.6,-0.61200005,1.024133,0.0,0.09459475,0.0,0.0,0.063,0.0,0.012,0.6,0.6,-27.90858,2.2531376,0.7510459,0.120000005,0.0,0.16098706,0.0,0.0
