mechanism_tag,alpha,family,seed,update,update_u,update_counter,energy_E_pre,energy_E_post,energy_E_raw,funding_z,funding_g,funding_g_raw,funding_cut_active,funding_income,funding_alpha_eff,support_s,debt_charge,debt_level_pre,debt_level_post,episode_return_end_mean,terminal_min_dists_end_mean,terminal_dbar_end,terminal_occupied_end_mean,terminal_CSR_train,vartd_VarTD,depr_F,depr_F_post
hardzero_only__c0p58__z1p00__lam0p000__nu0p50__psi0p00,0.028,borrow,53,0,1.0,1,1.0,0.42000002,0.42000002,1.016897,0.0,0.09618403,0.0,0.0,0.028,0.0,0.0,0.0,0.0,-27.29129,2.237218,0.74573934,0.17,0.0,0.16488466,0.0,0.0
hardzero_only__c0p58__z1p00__lam0p000__nu0p50__psi0p00,0.028,borrow,53,1,1.0,2,0.42000002,-0.15719332,-0.15719332,0.9989711,0.1002372,0.1002372,1.0,0.0028066416,0.028,0.0,0.0,0.0,0.15719332,-26.699919,2.1977804,0.7325935,0.15200001,0.0,0.14461578,0.0,0.0
hardzero_only__c0p58__z1p00__lam0p000__nu0p50__psi0p00,0.028,borrow,53,2,0.0,2,-0.15719332,-0.1571667,-0.1571667,0.94603413,0.113231115,0.113231115,1.0,0.0031704714,0.028,0.0,0.0031438663,0.15719332,0.1571667,-25.301771,2.0813167,0.69377226,0.192,0.0,0.11959947,0.0,0.0
hardzero_only__c0p58__z1p00__lam0p000__nu0p50__psi0p00,0.028,borrow,53,3,0.0,2,-0.1571667,-0.15730157,-0.15730157,0.9688129,0.10744521,0.10744521,1.0,0.003008466,0.028,0.0,0.003143334,0.1571667,0.15730157,-26.971754,2.1314309,0.710477,0.128,0.0,0.14131235,0.0,0.0
hardzero_only__c0p58__z1p00__lam0p000__nu0p50__psi0p00,0.028,borrow,53,4,0.0,2,-0.15730157,-0.15703492,-0.15703492,0.91406137,0.12188172,0.12188172,1.0,0.0034126884,0.028,0.0,0.0031460314,0.15730157,0.15703492,-25.734186,2.0109751,0.67032504,0.23200001,0.0,0.13274066,0.0,0.0
hardzero_only__c0p58__z1p00__lam0p000__nu0p50__psi0p00,0.028,borrow,53,5,0.0,2,-0.15703492,-0.16017562,-0.16017562,1.034384,0.0,0.09238808,0.0,0.0,0.028,0.0,0.0031406982,0.15703492,0.16017562,-28.061953,2.2756903,0.75856346,0.136,0.0,0.16227855,0.0,0.0
hardzero_only__c0p58__z1p00__lam0p000__nu0p50__psi0p00,0.028,borrow,53,6,0.0,2,-0.16017562,-0.16034262,-0.16034262,0.96478325,0.10844679,0.10844679,1.0,0.0030365102,0.028,0.0,0.0032035124,0.16017562,0.16034262,-26.856056,2.1225655,0.70752186,0.2,0.0,0.12973793,0.0,0.0
hardzero_only__c0p58__z1p00__lam0p000__nu0p50__psi0p00,0.028,borrow,53,7,0.0,2,-0.16034262,-0.16043444,-0.16043444,0.95369655,0.111250885,0.111250885,1.0,0.0031150249,0.028,0.0,0.0032068524,0.16034262,0.16043444,-26.694323,2.0981743,0.6993915,0.18400002,0.0,0.13301569,0.0,0.0
hardzero_only__c0p58__z1p00__lam0p000__nu0p50__psi0p00,0.028,borrow,53,8,0.0,2,-0.16043444,-0.16364312,-0.16364312,1.0188563,0.0,0.095751084,0.0,0.0,0.028,0.0,0.0032086887,0.16043444,0.16364312,-27.486507,2.2415285,0.7471762,0.16000001,0.0,0.14771925,0.0,0.0
hardzero_only__c0p58__z1p00__lam0p000__nu0p50__psi0p00,0.028,borrow,53,9,0.0,2,-0.16364312,-0.16380885,-0.16380885,0.95479816,0.11096905,0.11096905,1.0,0.0031071336,0.028,0.0,0.0032728624,0.16364312,0.16380885,-27.104313,2.1005979,0.7001993,0.18400002,0.0,0.11296016,0.0,0.0
hardzero_only__c0p58__z1p00__lam0p000__nu0p50__psi0p00,0.028,borrow,53,10,0.0,2,-0.16380885,-0.16708504,-0.16708504,1.0145487,0.0,0.09670553,0.0,0.0,0.028,0.0,0.003276177,0.16380885,0.16708504,-27.105743,2.2320516,0.74401724,0.120000005,0.0,0.13246784,0.0,0.0
hardzero_only__c0p58__z1p00__lam0p000__nu0p50__psi0p00,0.028,borrow,53,11,0.0,2,-0.16708504,-0.17042674,-0.17042674,1.0356749,0.0,0.09211388,0.0,0.0,0.028,0.0,0.0033417006,0.16708504,0.17042674,-27.513456,2.2785304,0.75951016,0.120000005,0.0,0.13827562,0.0,0.0
hardzero_only__c0p58__z1p00__lam0p000__nu0p50__psi0p00,0.028,borrow,53,12,0.0,2,-0.17042674,-0.17088321,-0.17088321,0.9770325,0.1054308,0.1054308,1.0,0.0029520623,0.028,0.0,0.0034085347,0.17042674,0.17088321,-26.582087,2.1495144,0.7165048,0.14400001,0.0,0.124454804,0.0,0.0
hardzero_only__c0p58__z1p00__lam0p000__nu0p50__psi0p00,0.028,borrow,53,13,0.0,2,-0.17088321,-0.17116372,-0.17116372,0.9506215,0.1120414,0.1120414,1.0,0.0031371592,0.028,0.0,0.0034176642,0.17088321,0.17116372,-26.79009,2.091409,0.69713634,0.22,0.0,0.12704194,0.0,0.0
hardzero_only__c0p58__z1p00__lam0p000__nu0p50__psi0p00,0.028,borrow,53,14,0.0,2,-0.17116372,-0.17154454,-0.17154454,0.96393234,0.10865948,0.10865948,1.0,0.0030424655,0.028,0.0,0.0034232745,0.17116372,0.17154454,-26.388447,2.1206934,0.70689785,0.18400002,0.0,0.14611931,0.0,0.0
hardzero_only__c0p58__z1p00__lam0p000__nu0p50__psi0p00,0.028,borrow,53,15,0.0,2,-0.17154454,-0.17190859,-0.17190859,0.96046644,0.10953012,0.10953012,1.0,0.0030668434,0.028,0.0,0.0034308906,0.17154454,0.17190859,-26.655363,2.1130683,0.70435613,0.216,0.0,0.14794753,0.0,0.0
hardzero_only__c0p58__z1p00__lam0p000__nu0p50__psi0p00,0.028,borrow,53,16,0.0,2,-0.17190859,-0.17239465,-0.17239465,0.9770253,0.105432555,0.105432555,1.0,0.0029521117,0.028,0.0,0.0034381717,0.17190859,0.17239465,-26.530958,2.1494985,0.7164995,0.128,0.0,0.120812915,0.0,0.0
hardzero_only__c0p58__z1p00__lam0p000__nu0p50__psi0p00,0.028,borrow,53,17,0.0,2,-0.17239465,-0.17291844,-0.17291844,0.981165,0.104432344,0.104432344,1.0,0.0029241056,0.028,0.0,0.0034478928,0.17239465,0.17291844,-26.047094,2.158606,0.71953535,0.18400002,0.0,0.13420162,0.0,0.0
hardzero_only__c0p58__z1p00__lam0p000__nu0p50__psi0p00,0.028,borrow,53,18,0.0,2,-0.17291844,-0.17344286,-0.17344286,0.9797048,0.10478406,0.10478406,1.0,0.0029339537,0.028,0.0,0.0034583686,0.17291844,0.17344286,-26.755821,2.1553936,0.71846455,0.192,0.008,0.14352247,0.0,0.0
hardzero_only__c0p58__z1p00__lam0p000__nu0p50__psi0p00,0.028,borrow,53,19,0.0,2,-0.17344286,-0.17374296,-0.17374296,0.94627017,0.11316962,0.11316962,1.0,0.0031687494,0.028,0.0,0.0034688571,0.17344286,0.17374296,-26.744656,2.081836,0.69394535,0.136,0.0,0.13204059,0.0,0.0
hardzero_only__c0p58__z1p00__lam0p000__nu0p50__psi0p00,0.028,borrow,53,20,0.0,2,-0.17374296,-0.17402048,-0.17402048,0.94236976,0.11419056,0.11419056,1.0,0.0031973359,0.028,0.0,0.0034748593,0.17374296,0.17402048,-26.303001,2.0732548,0.691085,0.208,0.0,0.12793158,0.0,0.0
hardzero_only__c0p58__z1p00__lam0p000__nu0p50__psi0p00,0.028,borrow,53,21,0.0,2,-0.17402048,-0.17750089,-0.17750089,1.0196223,0.0,0.09558235,0.0,0.0,0.028,0.0,0.0034804095,0.17402048,0.17750089,-27.588722,2.243214,0.747738,0.136,0.0,0.15673836,0.0,0.0
hardzero_only__c0p58__z1p00__lam0p000__nu0p50__psi0p00,0.028,borrow,53,22,0.0,2,-0.17750089,-0.17801452,-0.17801452,0.9648005,0.1084425,0.1084425,1.0,0.00303639,0.028,0.0,0.0035500177,0.17750089,0.17801452,-26.340008,2.1226034,0.7075345,0.208,0.0,0.15613745,0.0,0.0
hardzero_only__c0p58__z1p00__lam0p000__nu0p50__psi0p00,0.028,borrow,53,23,0.0,2,-0.17801452,-0.17872971,-0.17872971,0.9930604,0.101610735,0.101610735,1.0,0.0028451006,0.028,0.0,0.0035602902,0.17801452,0.17872971,-27.815723,2.1847765,0.72825885,0.128,0.0,0.137802,0.0,0.0
hardzero_only__c0p58__z1p00__lam0p000__nu0p50__psi0p00,0.028,borrow,53,24,0.0,2,-0.17872971,-0.17930725,-0.17930725,0.970464,0.10703751,0.10703751,1.0,0.0029970503,0.028,0.0,0.0035745942,0.17872971,0.17930725,-26.052166,2.1350634,0.7116878,0.16800001,0.0,0.1206437,0.0,0.0
hardzero_only__c0p58__z1p00__lam0p000__nu0p50__psi0p00,0.028,borrow,53,25,0.0,2,-0.17930725,-0.18008485,-0.18008485,0.9986769,0.10030511,0.10030511,1.0,0.0028085432,0.028,0.0,0.003586145,0.17930725,0.18008485,-26.278366,2.197133,0.7323777,0.16000001,0.0,0.14704672,0.0,0.0
hardzero_only__c0p58__z1p00__lam0p000__nu0p50__psi0p00,0.028,borrow,53,26,0.0,2,-0.18008485,-0.18070672,-0.18070672,0.9729668,0.10642244,0.10642244,1.0,0.0029798283,0.028,0.0,0.003601697,0.18008485,0.18070672,-26.37128,2.1405697,0.71352327,0.16,0.0,0.1256522,0.0,0.0
hardzero_only__c0p58__z1p00__lam0p000__nu0p50__psi0p00,0.028,borrow,53,27,0.0,2,-0.18070672,-0.18125322,-0.18125322,0.9603552,0.10955817,0.10955817,1.0,0.003067629,0.028,0.0,0.0036141344,0.18070672,0.18125322,-26.116802,2.1128237,0.7042746,0.192,0.0,0.13963342,0.0,0.0
hardzero_only__c0p58__z1p00__lam0p000__nu0p50__psi0p00,0.028,borrow,53,28,0.0,2,-0.18125322,-0.18487829,-0.18487829,1.0414518,0.0,0.09089671,0.0,0.0,0.028,0.0,0.0036250644,0.18125322,0.18487829,-28.020983,2.2912397,0.7637466,0.08800001,0.0,0.12573725,0.0,0.0
hardzero_only__c0p58__z1p00__lam0p000__nu0p50__psi0p00,0.028,borrow,53,29,0.0,2,-0.18487829,-0.18857585,-0.18857585,1.0029148,0.0,0.099331096,0.0,0.0,0.028,0.0,0.0036975658,0.18487829,0.18857585,-27.975718,2.2064567,0.73548555,0.112,0.0,0.15495898,0.0,0.0
hardzero_only__c0p58__z1p00__lam0p000__nu0p50__psi0p00,0.028,borrow,53,30,0.0,2,-0.18857585,-0.18919796,-0.18919796,0.9489298,0.11247867,0.11247867,1.0,0.003149403,0.028,0.0,0.003771517,0.18857585,0.18919796,-25.862024,2.0876873,0.6958958,0.16000001,0.0,0.13999464,0.0,0.0
hardzero_only__c0p58__z1p00__lam0p000__nu0p50__psi0p00,0.028,borrow,53,31,0.0,2,-0.18919796,-0.19010535,-0.19010535,0.9882841,0.1027344,0.1027344,1.0,0.0028765632,0.028,0.0,0.003783959,0.18919796,0.19010535,-27.655142,2.1742685,0.7247562,0.216,0.0,0.16522942,0.0,0.0
hardzero_only__c0p58__z1p00__lam0p000__nu0p50__psi0p00,0.028,borrow,53,32,0.0,2,-0.19010535,-0.19390745,-0.19390745,1.0251852,0.0,0.094365835,0.0,0.0,0.028,0.0,0.003802107,0.19010535,0.19390745,-27.859362,2.2554526,0.7518176,0.2,0.0,0.15820822,0.0,0.0
hardzero_only__c0p58__z1p00__lam0p000__nu0p50__psi0p00,0.028,borrow,53,33,0.0,2,-0.19390745,-0.19481844,-0.19481844,0.97481644,0.105970144,0.105970144,1.0,0.0029671642,0.028,0.0,0.003878149,0.19390745,0.19481844,-26.88477,2.144639,0.7148797,0.18400002,0.0,0.15263495,0.0,0.0
hardzero_only__c0p58__z1p00__lam0p000__nu0p50__psi0p00,0.028,borrow,53,34,0.0,2,-0.19481844,-0.19871481,-0.19871481,1.0207106,0.0,0.09534312,0.0,0.0,0.028,0.0,0.0038963687,0.19481844,0.19871481,-27.065723,2.245608,0.74853605,0.208,0.008,0.16200851,0.0,0.0
hardzero_only__c0p58__z1p00__lam0p000__nu0p50__psi0p00,0.028,borrow,53,35,0.0,2,-0.19871481,-0.1996674,-0.1996674,0.96690726,0.1079177,0.1079177,1.0,0.003021696,0.028,0.0,0.003974296,0.19871481,0.1996674,-26.586214,2.1272385,0.7090795,0.224,0.0,0.121370494,0.0,0.0
hardzero_only__c0p58__z1p00__lam0p000__nu0p50__psi0p00,0.028,borrow,53,36,0.0,2,-0.1996674,-0.20366074,-0.20366074,1.0026563,0.0,0.09939022,0.0,0.0,0.028,0.0,0.0039933478,0.1996674,0.20366074,-27.284111,2.205888,0.735296,0.16800001,0.0,0.13937119,0.0,0.0
hardzero_only__c0p58__z1p00__lam0p000__nu0p50__psi0p00,0.028,borrow,53,37,0.0,2,-0.20366074,-0.20485318,-0.20485318,0.987648,0.10288497,0.10288497,1.0,0.0028807793,0.028,0.0,0.0040732147,0.20366074,0.20485318,-26.845127,2.172869,0.72428966,0.17600001,0.0,0.14364587,0.0,0.0
hardzero_only__c0p58__z1p00__lam0p000__nu0p50__psi0p00,0.028,borrow,53,38,0.0,2,-0.20485318,-0.20599721,-0.20599721,0.9768911,0.10546513,0.10546513,1.0,0.0029530236,0.028,0.0,0.0040970636,0.20485318,0.20599721,-27.29048,2.1492033,0.7164011,0.17600001,0.0,0.15623322,0.0,0.0
hardzero_only__c0p58__z1p00__lam0p000__nu0p50__psi0p00,0.028,borrow,53,39,0.0,2,-0.20599721,-0.20694968,-0.20694968,0.9464438,0.11312438,0.11312438,1.0,0.0031674828,0.028,0.0,0.0041199443,0.20599721,0.20694968,-25.556364,2.082218,0.69407266,0.21,0.0,0.15509094,0.0,0.0
hardzero_only__c0p58__z1p00__lam0p000__nu0p50__psi0p00,0.028,borrow,53,40,0.0,2,-0.20694968,-0.2082169,-0.2082169,0.98900956,0.10256294,0.10256294,1.0,0.0028717625,0.028,0.0,0.0041389936,0.20694968,0.2082169,-26.757784,2.1758645,0.72528815,0.192,0.0,0.14450307,0.0,0.0
hardzero_only__c0p58__z1p00__lam0p000__nu0p50__psi0p00,0.028,borrow,53,41,0.0,2,-0.2082169,-0.20957169,-0.20957169,0.99852043,0.10034125,0.10034125,1.0,0.0028095553,0.028,0.0,0.004164338,0.2082169,0.20957169,-27.435219,2.1967888,0.73226297,0.14400001,0.0,0.1429517,0.0,0.0
hardzero_only__c0p58__z1p00__lam0p000__nu0p50__psi0p00,0.028,borrow,53,42,0.0,2,-0.20957169,-0.21376312,-0.21376312,1.0171288,0.0,0.0961327,0.0,0.0,0.028,0.0,0.0041914335,0.20957169,0.21376312,-27.66181,2.237728,0.7459094,0.14400001,0.0,0.15045519,0.0,0.0
hardzero_only__c0p58__z1p00__lam0p000__nu0p50__psi0p00,0.028,borrow,53,43,0.0,2,-0.21376312,-0.21803838,-0.21803838,1.0286125,0.0,0.09362406,0.0,0.0,0.028,0.0,0.0042752624,0.21376312,0.21803838,-27.598433,2.2629926,0.7543309,0.16000001,0.0,0.14208153,0.0,0.0
hardzero_only__c0p58__z1p00__lam0p000__nu0p50__psi0p00,0.028,borrow,53,44,0.0,2,-0.21803838,-0.2195817,-0.2195817,0.99730194,0.100623176,0.100623176,1.0,0.002817449,0.028,0.0,0.0043607675,0.21803838,0.2195817,-26.509832,2.194108,0.7313694,0.136,0.0,0.15033555,0.0,0.0
hardzero_only__c0p58__z1p00__lam0p000__nu0p50__psi0p00,0.028,borrow,53,45,0.0,2,-0.2195817,-0.22103626,-0.22103626,0.9792436,0.10489539,0.10489539,1.0,0.002937071,0.028,0.0,0.004391634,0.2195817,0.22103626,-26.104525,2.154379,0.7181263,0.15200001,0.0,0.12640686,0.0,0.0
hardzero_only__c0p58__z1p00__lam0p000__nu0p50__psi0p00,0.028,borrow,53,46,0.0,2,-0.22103626,-0.22260031,-0.22260031,0.9912968,0.10202418,0.10202418,1.0,0.0028566772,0.028,0.0,0.004420725,0.22103626,0.22260031,-26.623543,2.1808965,0.72696555,0.18400002,0.0,0.13720936,0.0,0.0
hardzero_only__c0p58__z1p00__lam0p000__nu0p50__psi0p00,0.028,borrow,53,47,0.0,2,-0.22260031,-0.22416408,-0.22416408,0.9865255,0.10315124,0.10315124,1.0,0.0028882348,0.028,0.0,0.004452006,0.22260031,0.22416408,-26.751818,2.1703994,0.7234665,0.14400001,0.0,0.19256333,0.0,0.0
hardzero_only__c0p58__z1p00__lam0p000__nu0p50__psi0p00,0.028,borrow,53,48,0.0,2,-0.22416408,-0.22560512,-0.22560512,0.9639636,0.10865166,0.10865166,1.0,0.0030422467,0.028,0.0,0.0044832816,0.22416408,0.22560512,-26.901833,2.1207623,0.7069208,0.128,0.0,0.14282627,0.0,0.0
hardzero_only__c0p58__z1p00__lam0p000__nu0p50__psi0p00,0.028,borrow,53,49,0.0,2,-0.22560512,-0.2268513,-0.2268513,0.9331536,0.11663969,0.11663969,1.0,0.0032659115,0.028,0.0,0.0045121023,0.22560512,0.2268513,-26.025946,2.052979,0.68432635,0.216,0.0,0.13396198,0.0,0.0
hardzero_only__c0p58__z1p00__lam0p000__nu0p50__psi0p00,0.028,borrow,53,50,0.0,2,-0.2268513,-0.23138833,-0.23138833,1.0387145,0.0,0.091471426,0.0,0.0,0.028,0.0,0.004537026,0.2268513,0.23138833,-26.94757,2.2852175,0.7617392,0.15200001,0.0,0.15410121,0.0,0.0
hardzero_only__c0p58__z1p00__lam0p000__nu0p50__psi0p00,0.028,borrow,53,51,0.0,2,-0.23138833,-0.2330845,-0.2330845,0.980053,0.10470007,0.10470007,1.0,0.002931602,0.028,0.0,0.0046277666,0.23138833,0.2330845,-26.978872,2.1561596,0.7187199,0.24000001,0.0,0.14473237,0.0,0.0
hardzero_only__c0p58__z1p00__lam0p000__nu0p50__psi0p00,0.028,borrow,53,52,0.0,2,-0.2330845,-0.2377462,-0.2377462,1.018723,0.0,0.09578048,0.0,0.0,0.028,0.0,0.00466169,0.2330845,0.2377462,-27.555565,2.2412355,0.74707854,0.16,0.0,0.14198881,0.0,0.0
hardzero_only__c0p58__z1p00__lam0p000__nu0p50__psi0p00,0.028,borrow,53,53,0.0,2,-0.2377462,-0.24250112,-0.24250112,1.0407075,0.0,0.091052644,0.0,0.0,0.028,0.0,0.0047549237,0.2377462,0.24250112,-27.924673,2.289602,0.7632007,0.17600001,0.0,0.14932823,0.0,0.0
hardzero_only__c0p58__z1p00__lam0p000__nu0p50__psi0p00,0.028,borrow,53,54,0.0,2,-0.24250112,-0.24735114,-0.24735114,1.0152019,0.0,0.09656018,0.0,0.0,0.028,0.0,0.0048500225,0.24250112,0.24735114,-26.644712,2.2334888,0.7444963,0.136,0.0,0.13898158,0.0,0.0
hardzero_only__c0p58__z1p00__lam0p000__nu0p50__psi0p00,0.028,borrow,53,55,0.0,2,-0.24735114,-0.2492402,-0.2492402,0.96172696,0.10921267,0.10921267,1.0,0.0030579548,0.028,0.0,0.0049470225,0.24735114,0.2492402,-25.60934,2.1158416,0.70528054,0.208,0.0,0.15373111,0.0,0.0
hardzero_only__c0p58__z1p00__lam0p000__nu0p50__psi0p00,0.028,borrow,53,56,0.0,2,-0.2492402,-0.25141087,-0.25141087,0.99781245,0.10050497,0.10050497,1.0,0.0028141392,0.028,0.0,0.004984804,0.2492402,0.25141087,-27.518547,2.1952312,0.73174375,0.16000001,0.0,0.17452435,0.0,0.0
hardzero_only__c0p58__z1p00__lam0p000__nu0p50__psi0p00,0.028,borrow,53,57,0.0,2,-0.25141087,-0.25338274,-0.25338274,0.96195835,0.109154485,0.109154485,1.0,0.0030563257,0.028,0.0,0.005028217,0.25141087,0.25338274,-26.799683,2.1163507,0.70545024,0.17600001,0.0,0.13282591,0.0,0.0
hardzero_only__c0p58__z1p00__lam0p000__nu0p50__psi0p00,0.028,borrow,53,58,0.0,2,-0.25338274,-0.2584504,-0.2584504,1.018608,0.0,0.095805846,0.0,0.0,0.028,0.0,0.005067655,0.25338274,0.2584504,-26.945162,2.2409823,0.74699414,0.120000005,0.0,0.15162256,0.0,0.0
hardzero_only__c0p58__z1p00__lam0p000__nu0p50__psi0p00,0.028,borrow,53,59,0.0,2,-0.2584504,-0.26059425,-0.26059425,0.96641314,0.10804056,0.10804056,1.0,0.0030251357,0.028,0.0,0.0051690075,0.2584504,0.26059425,-26.63207,2.1261513,0.7087171,0.17600001,0.0,0.13916436,0.0,0.0
hardzero_only__c0p58__z1p00__lam0p000__nu0p50__psi0p00,0.028,borrow,53,60,0.0,2,-0.26059425,-0.26580614,-0.26580614,1.063841,0.0,0.086329445,0.0,0.0,0.028,0.0,0.005211885,0.26059425,0.26580614,-28.525644,2.340497,0.7801657,0.112,0.0,0.16948412,0.0,0.0
hardzero_only__c0p58__z1p00__lam0p000__nu0p50__psi0p00,0.028,borrow,53,61,0.0,2,-0.26580614,-0.26832125,-0.26832125,0.9998441,0.10003591,0.10003591,1.0,0.0028010057,0.028,0.0,0.0053161224,0.26580614,0.26832125,-26.791883,2.1997008,0.73323363,0.16800001,0.0,0.12692088,0.0,0.0
hardzero_only__c0p58__z1p00__lam0p000__nu0p50__psi0p00,0.028,borrow,53,62,0.0,2,-0.26832125,-0.27368766,-0.27368766,1.012505,0.0,0.09716165,0.0,0.0,0.028,0.0,0.005366425,0.26832125,0.27368766,-27.058584,2.2275555,0.74251854,0.14400001,0.0,0.12187236,0.0,0.0
hardzero_only__c0p58__z1p00__lam0p000__nu0p50__psi0p00,0.028,borrow,53,63,0.0,2,-0.27368766,-0.27916142,-0.27916142,1.0032151,0.0,0.09926244,0.0,0.0,0.028,0.0,0.005473753,0.27368766,0.27916142,-27.381481,2.2071173,0.7357058,0.15200001,0.0,0.14564331,0.0,0.0
hardzero_only__c0p58__z1p00__lam0p000__nu0p50__psi0p00,0.028,borrow,53,64,0.0,2,-0.27916142,-0.28474465,-0.28474465,1.0371943,0.0,0.0917922,0.0,0.0,0.028,0.0,0.0055832285,0.27916142,0.28474465,-27.69614,2.281873,0.76062435,0.128,0.0,0.14837915,0.0,0.0
hardzero_only__c0p58__z1p00__lam0p000__nu0p50__psi0p00,0.028,borrow,53,65,0.0,2,-0.28474465,-0.2876379,-0.2876379,0.9997445,0.10005886,0.10005886,1.0,0.002801648,0.028,0.0,0.0056948927,0.28474465,0.2876379,-27.54133,2.1994817,0.7331606,0.14,0.0,0.16369128,0.0,0.0
hardzero_only__c0p58__z1p00__lam0p000__nu0p50__psi0p00,0.028,borrow,53,66,0.0,2,-0.2876379,-0.29052263,-0.29052263,0.9895747,0.102429554,0.102429554,1.0,0.0028680277,0.028,0.0,0.0057527577,0.2876379,0.29052263,-27.008478,2.1771078,0.72570264,0.192,0.008,0.14940497,0.0,0.0
hardzero_only__c0p58__z1p00__lam0p000__nu0p50__psi0p00,0.028,borrow,53,67,0.0,2,-0.29052263,-0.293498,-0.293498,0.9945973,0.101251796,0.101251796,1.0,0.0028350505,0.028,0.0,0.0058104526,0.29052263,0.293498,-26.540764,2.1881578,0.729386,0.264,0.0,0.175908,0.0,0.0
hardzero_only__c0p58__z1p00__lam0p000__nu0p50__psi0p00,0.028,borrow,53,68,0.0,2,-0.293498,-0.29611087,-0.29611087,0.93432575,0.11632532,0.11632532,1.0,0.003257109,0.028,0.0,0.00586996,0.293498,0.29611087,-25.150263,2.0555577,0.6851859,0.24000001,0.0,0.14460507,0.0,0.0
hardzero_only__c0p58__z1p00__lam0p000__nu0p50__psi0p00,0.028,borrow,53,69,0.0,2,-0.29611087,-0.3020331,-0.3020331,1.0191169,0.0,0.09569365,0.0,0.0,0.028,0.0,0.0059222174,0.29611087,0.3020331,-27.709139,2.242102,0.7473673,0.192,0.0,0.1490128,0.0,0.0
hardzero_only__c0p58__z1p00__lam0p000__nu0p50__psi0p00,0.028,borrow,53,70,0.0,2,-0.3020331,-0.30807376,-0.30807376,1.0202944,0.0,0.09543454,0.0,0.0,0.028,0.0,0.0060406616,0.3020331,0.30807376,-27.210772,2.2446926,0.7482309,0.14400001,0.0,0.15286125,0.0,0.0
hardzero_only__c0p58__z1p00__lam0p000__nu0p50__psi0p00,0.028,borrow,53,71,0.0,2,-0.30807376,-0.31423524,-0.31423524,1.0001172,0.0,0.09997301,0.0,0.0,0.028,0.0,0.006161475,0.30807376,0.31423524,-26.914467,2.2003016,0.7334339,0.16800001,0.0,0.15092364,0.0,0.0
hardzero_only__c0p58__z1p00__lam0p000__nu0p50__psi0p00,0.028,borrow,53,72,0.0,2,-0.31423524,-0.32051995,-0.32051995,1.0072106,0.0,0.09835341,0.0,0.0,0.028,0.0,0.0062847044,0.31423524,0.32051995,-27.096899,2.2159076,0.7386359,0.128,0.0,0.16034761,0.0,0.0
hardzero_only__c0p58__z1p00__lam0p000__nu0p50__psi0p00,0.028,borrow,53,73,0.0,2,-0.32051995,-0.32693034,-0.32693034,1.0057285,0.0,0.09868963,0.0,0.0,0.028,0.0,0.006410399,0.32051995,0.32693034,-27.335672,2.2126467,0.73754895,0.216,0.0,0.18783875,0.0,0.0
hardzero_only__c0p58__z1p00__lam0p000__nu0p50__psi0p00,0.028,borrow,53,74,0.0,2,-0.32693034,-0.3304715,-0.3304715,0.97040635,0.107051715,0.107051715,1.0,0.0029974482,0.028,0.0,0.0065386067,0.32693034,0.3304715,-26.034258,2.1349366,0.71164554,0.264,0.0,0.14627162,0.0,0.0
hardzero_only__c0p58__z1p00__lam0p000__nu0p50__psi0p00,0.028,borrow,53,75,0.0,2,-0.3304715,-0.33708093,-0.33708093,1.0048597,0.0,0.09888724,0.0,0.0,0.028,0.0,0.0066094296,0.3304715,0.33708093,-26.765394,2.2107356,0.7369119,0.17600001,0.0,0.13331021,0.0,0.0
hardzero_only__c0p58__z1p00__lam0p000__nu0p50__psi0p00,0.028,borrow,53,76,0.0,2,-0.33708093,-0.34066153,-0.34066153,0.9473319,0.11289328,0.11289328,1.0,0.003161012,0.028,0.0,0.0067416183,0.33708093,0.34066153,-26.379889,2.0841718,0.69472396,0.104,0.0,0.115806274,0.0,0.0
hardzero_only__c0p58__z1p00__lam0p000__nu0p50__psi0p00,0.028,borrow,53,77,0.0,2,-0.34066153,-0.34747475,-0.34747475,1.0135506,0.0,0.096928015,0.0,0.0,0.028,0.0,0.0068132305,0.34066153,0.34747475,-27.067892,2.229856,0.74328536,0.128,0.0,0.15482172,0.0,0.0
hardzero_only__c0p58__z1p00__lam0p000__nu0p50__psi0p00,0.028,borrow,53,78,0.0,2,-0.34747475,-0.35150933,-0.35150933,0.9825326,0.10410398,0.10410398,1.0,0.0029149116,0.028,0.0,0.006949495,0.34747475,0.35150933,-26.862272,2.161615,0.7205383,0.14,0.0,0.1353289,0.0,0.0
hardzero_only__c0p58__z1p00__lam0p000__nu0p50__psi0p00,0.028,borrow,53,79,0.0,2,-0.35150933,-0.35853952,-0.35853952,1.0114506,0.0,0.09739786,0.0,0.0,0.028,0.0,0.0070301867,0.35150933,0.35853952,-27.619944,2.225236,0.74174535,0.120000005,0.0,0.18116415,0.0,0.0
hardzero_only__c0p58__z1p00__lam0p000__nu0p50__psi0p00,0.028,borrow,53,80,0.0,2,-0.35853952,-0.36274663,-0.36274663,0.97532505,0.105846114,0.105846114,1.0,0.0029636913,0.028,0.0,0.0071707903,0.35853952,0.36274663,-26.224178,2.145758,0.71525264,0.136,0.0,0.15451254,0.0,0.0
hardzero_only__c0p58__z1p00__lam0p000__nu0p50__psi0p00,0.028,borrow,53,81,0.0,2,-0.36274663,-0.36714444,-0.36714444,0.99123013,0.10203986,0.10203986,1.0,0.002857116,0.028,0.0,0.0072549325,0.36274663,0.36714444,-27.099804,2.18075,0.7269167,0.18400002,0.0,0.14199923,0.0,0.0
hardzero_only__c0p58__z1p00__lam0p000__nu0p50__psi0p00,0.028,borrow,53,82,0.0,2,-0.36714444,-0.37161362,-0.37161362,0.98871607,0.10263226,0.10263226,1.0,0.0028737034,0.028,0.0,0.0073428885,0.36714444,0.37161362,-27.440088,2.1752188,0.725073,0.192,0.0,0.17238736,0.0,0.0
hardzero_only__c0p58__z1p00__lam0p000__nu0p50__psi0p00,0.028,borrow,53,83,0.0,2,-0.37161362,-0.3790459,-0.3790459,1.0223805,0.0,0.09497723,0.0,0.0,0.028,0.0,0.007432272,0.37161362,0.3790459,-26.684282,2.249282,0.7497606,0.2,0.0,0.13163845,0.0,0.0
hardzero_only__c0p58__z1p00__lam0p000__nu0p50__psi0p00,0.028,borrow,53,84,0.0,2,-0.3790459,-0.3838159,-0.3838159,0.9983153,0.10038868,0.10038868,1.0,0.0028108833,0.028,0.0,0.007580918,0.3790459,0.3838159,-27.453144,2.1963375,0.7321125,0.224,0.0,0.13541125,0.0,0.0
hardzero_only__c0p58__z1p00__lam0p000__nu0p50__psi0p00,0.028,borrow,53,85,0.0,2,-0.3838159,-0.38811165,-0.38811165,0.91816735,0.120734856,0.120734856,1.0,0.0033805761,0.028,0.0,0.0076763183,0.3838159,0.38811165,-25.696575,2.0200086,0.6733362,0.24000001,0.008,0.124311656,0.0,0.0
hardzero_only__c0p58__z1p00__lam0p000__nu0p50__psi0p00,0.028,borrow,53,86,0.0,2,-0.38811165,-0.39587387,-0.39587387,1.0128592,0.0,0.09708246,0.0,0.0,0.028,0.0,0.007762233,0.38811165,0.39587387,-27.273806,2.2283347,0.74277824,0.14400001,0.0,0.14686218,0.0,0.0
hardzero_only__c0p58__z1p00__lam0p000__nu0p50__psi0p00,0.028,borrow,53,87,0.0,2,-0.39587387,-0.40379134,-0.40379134,1.0168478,0.0,0.09619492,0.0,0.0,0.028,0.0,0.007917478,0.39587387,0.40379134,-27.195751,2.23711,0.74570334,0.14400001,0.0,0.1346844,0.0,0.0
hardzero_only__c0p58__z1p00__lam0p000__nu0p50__psi0p00,0.028,borrow,53,88,0.0,2,-0.40379134,-0.40899897,-0.40899897,0.9895499,0.102435425,0.102435425,1.0,0.002868192,0.028,0.0,0.008075827,0.40379134,0.40899897,-27.355179,2.1770532,0.7256844,0.16800001,0.0,0.17037806,0.0,0.0
hardzero_only__c0p58__z1p00__lam0p000__nu0p50__psi0p00,0.028,borrow,53,89,0.0,2,-0.40899897,-0.41420454,-0.41420454,0.9737545,0.10622958,0.10622958,1.0,0.0029744285,0.028,0.0,0.008179979,0.40899897,0.41420454,-26.814259,2.1423028,0.71410096,0.2,0.0,0.15413673,0.0,0.0
hardzero_only__c0p58__z1p00__lam0p000__nu0p50__psi0p00,0.028,borrow,53,90,0.0,2,-0.41420454,-0.42248863,-0.42248863,1.0018325,0.0,0.09957893,0.0,0.0,0.028,0.0,0.008284091,0.41420454,0.42248863,-26.670897,2.2040756,0.73469186,0.16000001,0.0,0.13548805,0.0,0.0
hardzero_only__c0p58__z1p00__lam0p000__nu0p50__psi0p00,0.028,borrow,53,91,0.0,2,-0.42248863,-0.4309384,-0.4309384,1.0074669,0.0,0.09829536,0.0,0.0,0.028,0.0,0.008449772,0.42248863,0.4309384,-27.264616,2.2164714,0.73882383,0.16,0.0,0.14515217,0.0,0.0
hardzero_only__c0p58__z1p00__lam0p000__nu0p50__psi0p00,0.028,borrow,53,92,0.0,2,-0.4309384,-0.4361031,-0.4361031,0.9088287,0.12335914,0.12335914,1.0,0.0034540559,0.028,0.0,0.008618767,0.4309384,0.4361031,-25.081112,1.999463,0.6664877,0.18400002,0.0,0.15082233,0.0,0.0
hardzero_only__c0p58__z1p00__lam0p000__nu0p50__psi0p00,0.028,borrow,53,93,0.0,2,-0.4361031,-0.44195083,-0.44195083,0.9886176,0.10265554,0.10265554,1.0,0.002874355,0.028,0.0,0.008722062,0.4361031,0.44195083,-26.721306,2.175002,0.72500074,0.192,0.0,0.13208032,0.0,0.0
hardzero_only__c0p58__z1p00__lam0p000__nu0p50__psi0p00,0.028,borrow,53,94,0.0,2,-0.44195083,-0.44795966,-0.44795966,0.9953466,0.101077236,0.101077236,1.0,0.0028301626,0.028,0.0,0.008839017,0.44195083,0.44795966,-26.873697,2.1898062,0.7299354,0.14400001,0.0,0.15631394,0.0,0.0
hardzero_only__c0p58__z1p00__lam0p000__nu0p50__psi0p00,0.028,borrow,53,95,0.0,2,-0.44795966,-0.4536815,-0.4536815,0.93696564,0.11562038,0.11562038,1.0,0.0032373709,0.028,0.0,0.008959193,0.44795966,0.4536815,-26.058239,2.0613656,0.68712187,0.256,0.0,0.11893805,0.0,0.0
hardzero_only__c0p58__z1p00__lam0p000__nu0p50__psi0p00,0.028,borrow,53,96,0.0,2,-0.4536815,-0.45988345,-0.45988345,0.9890257,0.10255912,0.10255912,1.0,0.0028716554,0.028,0.0,0.00907363,0.4536815,0.45988345,-26.453478,2.1759,0.7253,0.24800001,0.0,0.15383185,0.0,0.0
hardzero_only__c0p58__z1p00__lam0p000__nu0p50__psi0p00,0.028,borrow,53,97,0.0,2,-0.45988345,-0.46908113,-0.46908113,1.023087,0.0,0.094822824,0.0,0.0,0.028,0.0,0.009197669,0.45988345,0.46908113,-27.144794,2.2508364,0.75027883,0.15200001,0.0,0.14121541,0.0,0.0
hardzero_only__c0p58__z1p00__lam0p000__nu0p50__psi0p00,0.028,borrow,53,98,0.0,2,-0.46908113,-0.47545406,-0.47545406,0.9687782,0.1074538,0.1074538,1.0,0.0030087065,0.028,0.0,0.009381622,0.46908113,0.47545406,-26.101587,2.1313546,0.71045154,0.224,0.0,0.1473359,0.0,0.0
hardzero_only__c0p58__z1p00__lam0p000__nu0p50__psi0p00,0.028,borrow,53,99,0.0,2,-0.47545406,-0.4820217,-0.4820217,0.97859496,0.10505216,0.10505216,1.0,0.0029414606,0.028,0.0,0.009509081,0.47545406,0.4820217,-26.979443,2.152952,0.71765065,0.216,0.0,0.146484,0.0,0.0
hardzero_only__c0p58__z1p00__lam0p000__nu0p50__psi0p00,0.028,borrow,53,100,0.0,2,-0.4820217,-0.4916621,-0.4916621,1.0045283,0.0,0.09896274,0.0,0.0,0.028,0.0,0.009640434,0.4820217,0.4916621,-27.50785,2.2100065,0.7366688,0.17600001,0.0,0.11834627,0.0,0.0
hardzero_only__c0p58__z1p00__lam0p000__nu0p50__psi0p00,0.028,borrow,53,101,0.0,2,-0.4916621,-0.49833903,-0.49833903,0.94797635,0.112725876,0.112725876,1.0,0.0031563246,0.028,0.0,0.009833242,0.4916621,0.49833903,-25.847673,2.0855896,0.69519657,0.17600001,0.0,0.12151088,0.0,0.0
hardzero_only__c0p58__z1p00__lam0p000__nu0p50__psi0p00,0.028,borrow,53,102,0.0,2,-0.49833903,-0.50543225,-0.50543225,0.9887368,0.10262737,0.10262737,1.0,0.0028735665,0.028,0.0,0.00996678,0.49833903,0.50543225,-26.954397,2.1752644,0.7250881,0.16800001,0.0,0.1534656,0.0,0.0
hardzero_only__c0p58__z1p00__lam0p000__nu0p50__psi0p00,0.028,borrow,53,103,0.0,2,-0.50543225,-0.51263726,-0.51263726,0.9842195,0.103700414,0.103700414,1.0,0.0029036116,0.028,0.0,0.010108645,0.50543225,0.51263726,-26.081997,2.165326,0.7217754,0.18400002,0.0,0.13313954,0.0,0.0
hardzero_only__c0p58__z1p00__lam0p000__nu0p50__psi0p00,0.028,borrow,53,104,0.0,2,-0.51263726,-0.52289003,-0.52289003,1.0246799,0.0,0.094475694,0.0,0.0,0.028,0.0,0.010252745,0.51263726,0.52289003,-27.023449,2.254341,0.75144696,0.14,0.0,0.14267188,0.0,0.0
hardzero_only__c0p58__z1p00__lam0p000__nu0p50__psi0p00,0.028,borrow,53,105,0.0,2,-0.52289003,-0.53334785,-0.53334785,1.0481222,0.0,0.089511305,0.0,0.0,0.028,0.0,0.010457801,0.52289003,0.53334785,-27.6544,2.3059149,0.7686383,0.14400001,0.0,0.13746962,0.0,0.0
hardzero_only__c0p58__z1p00__lam0p000__nu0p50__psi0p00,0.028,borrow,53,106,0.0,2,-0.53334785,-0.54098374,-0.54098374,0.96556264,0.108252354,0.108252354,1.0,0.003031066,0.028,0.0,0.010666957,0.53334785,0.54098374,-26.6267,2.1242802,0.7080934,0.23200001,0.0,0.13382755,0.0,0.0
hardzero_only__c0p58__z1p00__lam0p000__nu0p50__psi0p00,0.028,borrow,53,107,0.0,2,-0.54098374,-0.5518034,-0.5518034,1.0097648,0.0,0.09777665,0.0,0.0,0.028,0.0,0.0108196745,0.54098374,0.5518034,-26.69992,2.2215269,0.740509,0.23200001,0.0,0.14399233,0.0,0.0
hardzero_only__c0p58__z1p00__lam0p000__nu0p50__psi0p00,0.028,borrow,53,108,0.0,2,-0.5518034,-0.5628395,-0.5628395,1.0191041,0.0,0.09569646,0.0,0.0,0.028,0.0,0.011036068,0.5518034,0.5628395,-26.235485,2.2420738,0.74735796,0.15200001,0.0,0.14815629,0.0,0.0
hardzero_only__c0p58__z1p00__lam0p000__nu0p50__psi0p00,0.028,borrow,53,109,0.0,2,-0.5628395,-0.5740963,-0.5740963,1.002973,0.0,0.09931778,0.0,0.0,0.028,0.0,0.01125679,0.5628395,0.5740963,-27.349907,2.2065847,0.73552823,0.18400002,0.0,0.15132198,0.0,0.0
hardzero_only__c0p58__z1p00__lam0p000__nu0p50__psi0p00,0.028,borrow,53,110,0.0,2,-0.5740963,-0.58259463,-0.58259463,0.9724165,0.106557354,0.106557354,1.0,0.002983606,0.028,0.0,0.011481926,0.5740963,0.58259463,-26.039248,2.139359,0.7131197,0.192,0.0,0.14388715,0.0,0.0
hardzero_only__c0p58__z1p00__lam0p000__nu0p50__psi0p00,0.028,borrow,53,111,0.0,2,-0.58259463,-0.5942465,-0.5942465,1.0229329,0.0,0.09485649,0.0,0.0,0.028,0.0,0.011651892,0.58259463,0.5942465,-27.0318,2.2504973,0.7501658,0.112,0.0,0.13767827,0.0,0.0
hardzero_only__c0p58__z1p00__lam0p000__nu0p50__psi0p00,0.028,borrow,53,112,0.0,2,-0.5942465,-0.6,-0.60613143,1.0006537,0.0,0.09984957,0.0,0.0,0.028,0.0,0.01188493,0.5942465,0.6,-27.491203,2.2014823,0.7338275,0.2,0.0,0.13749738,0.0,0.0
hardzero_only__c0p58__z1p00__lam0p000__nu0p50__psi0p00,0.028,borrow,53,113,0.0,2,-0.6,-0.6,-0.61200005,1.0057024,0.0,0.098695554,0.0,0.0,0.028,0.0,0.012,0.6,0.6,-27.047272,2.2125895,0.7375299,0.120000005,0.0,0.12164306,0.0,0.0
hardzero_only__c0p58__z1p00__lam0p000__nu0p50__psi0p00,0.028,borrow,53,114,0.0,2,-0.6,-0.6,-0.6089094,0.9571101,0.11037988,0.11037988,1.0,0.0030906368,0.028,0.0,0.012,0.6,0.6,-25.856918,2.1056843,0.70189476,0.14400001,0.0,0.12073426,0.0,0.0
hardzero_only__c0p58__z1p00__lam0p000__nu0p50__psi0p00,0.028,borrow,53,115,0.0,2,-0.6,-0.6,-0.61200005,1.025513,0.0,0.09429463,0.0,0.0,0.028,0.0,0.012,0.6,0.6,-27.288315,2.2561738,0.75205797,0.18400002,0.0,0.16504812,0.0,0.0
hardzero_only__c0p58__z1p00__lam0p000__nu0p50__psi0p00,0.028,borrow,53,116,0.0,2,-0.6,-0.6,-0.6090982,0.9844861,0.10363677,0.10363677,1.0,0.0029018298,0.028,0.0,0.012,0.6,0.6,-26.865751,2.1659126,0.7219709,0.136,0.0,0.15581645,0.0,0.0
hardzero_only__c0p58__z1p00__lam0p000__nu0p50__psi0p00,0.028,borrow,53,117,0.0,2,-0.6,-0.6,-0.61200005,1.001575,0.0,0.09963799,0.0,0.0,0.028,0.0,0.012,0.6,0.6,-26.956266,2.2035089,0.734503,0.14,0.0,0.13557412,0.0,0.0
hardzero_only__c0p58__z1p00__lam0p000__nu0p50__psi0p00,0.028,borrow,53,118,0.0,2,-0.6,-0.6,-0.6091066,0.9857398,0.10333802,0.10333802,1.0,0.0028934646,0.028,0.0,0.012,0.6,0.6,-27.10879,2.168671,0.7228903,0.16800001,0.0,0.13306768,0.0,0.0
hardzero_only__c0p58__z1p00__lam0p000__nu0p50__psi0p00,0.028,borrow,53,119,0.0,2,-0.6,-0.6,-0.61200005,1.0033928,0.0,0.09922182,0.0,0.0,0.028,0.0,0.012,0.6,0.6,-27.27929,2.2075083,0.73583615,0.096,0.0,0.15553157,0.0,0.0
hardzero_only__c0p58__z1p00__lam0p000__nu0p50__psi0p00,0.028,borrow,53,120,0.0,2,-0.6,-0.6,-0.61200005,1.0008376,0.0,0.09980733,0.0,0.0,0.028,0.0,0.012,0.6,0.6,-27.151844,2.2018867,0.73396224,0.192,0.0,0.14861244,0.0,0.0
hardzero_only__c0p58__z1p00__lam0p000__nu0p50__psi0p00,0.028,borrow,53,121,0.0,2,-0.6,-0.6,-0.61200005,1.0069184,0.0,0.0984196,0.0,0.0,0.028,0.0,0.012,0.6,0.6,-26.982965,2.2152648,0.7384216,0.15200001,0.0,0.113046534,0.0,0.0
hardzero_only__c0p58__z1p00__lam0p000__nu0p50__psi0p00,0.028,borrow,53,122,0.0,2,-0.6,-0.6,-0.61200005,1.0459217,0.0,0.08996598,0.0,0.0,0.028,0.0,0.012,0.6,0.6,-27.194832,2.3010736,0.7670245,0.18400002,0.0,0.13736176,0.0,0.0
hardzero_only__c0p58__z1p00__lam0p000__nu0p50__psi0p00,0.028,borrow,53,123,0.0,2,-0.6,-0.6,-0.6089385,0.96122295,0.10933949,0.10933949,1.0,0.0030615057,0.028,0.0,0.012,0.6,0.6,-25.881548,2.1147327,0.70491093,0.192,0.0,0.11687681,0.0,0.0
hardzero_only__c0p58__z1p00__lam0p000__nu0p50__psi0p00,0.028,borrow,53,124,0.0,2,-0.6,-0.6,-0.60905963,0.9787465,0.105015524,0.105015524,1.0,0.0029404347,0.028,0.0,0.012,0.6,0.6,-26.624603,2.1532853,0.71776175,0.16000001,0.0,0.1212314,0.0,0.0
hardzero_only__c0p58__z1p00__lam0p000__nu0p50__psi0p00,0.028,borrow,53,125,0.0,2,-0.6,-0.6,-0.61200005,1.0169015,0.0,0.09618304,0.0,0.0,0.028,0.0,0.012,0.6,0.6,-27.474415,2.237228,0.7457427,0.17600001,0.0,0.14312907,0.0,0.0
hardzero_only__c0p58__z1p00__lam0p000__nu0p50__psi0p00,0.028,borrow,53,126,0.0,2,-0.6,-0.6,-0.60916024,0.9938656,0.10142251,0.10142251,1.0,0.0028398305,0.028,0.0,0.012,0.6,0.6,-26.919798,2.186548,0.72884935,0.16800001,0.0,0.12585665,0.0,0.0
hardzero_only__c0p58__z1p00__lam0p000__nu0p50__psi0p00,0.028,borrow,53,127,0.0,2,-0.6,-0.6,-0.60899854,0.9698213,0.107196026,0.107196026,1.0,0.0030014887,0.028,0.0,0.012,0.6,0.6,-26.321732,2.1336493,0.71121645,0.120000005,0.0,0.12970716,0.0,0.0
hardzero_only__c0p58__z1p00__lam0p000__nu0p50__psi0p00,0.028,borrow,53,128,0.0,2,-0.6,-0.6,-0.6091752,0.9961667,0.10088655,0.10088655,1.0,0.0028248236,0.028,0.0,0.012,0.6,0.6,-27.167517,2.1916106,0.7305369,0.192,0.0,0.13662863,0.0,0.0
hardzero_only__c0p58__z1p00__lam0p000__nu0p50__psi0p00,0.028,borrow,53,129,0.0,2,-0.6,-0.6,-0.60899013,0.96860045,0.10749779,0.10749779,1.0,0.0030099382,0.028,0.0,0.012,0.6,0.6,-26.02932,2.1309636,0.7103212,0.23200001,0.0,0.12993427,0.0,0.0
hardzero_only__c0p58__z1p00__lam0p000__nu0p50__psi0p00,0.028,borrow,53,130,0.0,2,-0.6,-0.6,-0.61200005,1.0359405,0.0,0.09205757,0.0,0.0,0.028,0.0,0.012,0.6,0.6,-26.580345,2.2791147,0.75970495,0.13,0.0,0.11660428,0.0,0.0
hardzero_only__c0p58__z1p00__lam0p000__nu0p50__psi0p00,0.028,borrow,53,131,0.0,2,-0.6,-0.6,-0.6090761,0.9811847,0.10442759,0.10442759,1.0,0.0029239727,0.028,0.0,0.012,0.6,0.6,-26.519825,2.1586494,0.71954983,0.17600001,0.0,0.13313264,0.0,0.0
hardzero_only__c0p58__z1p00__lam0p000__nu0p50__psi0p00,0.028,borrow,53,132,0.0,2,-0.6,-0.6,-0.61200005,1.0300014,0.0,0.093325116,0.0,0.0,0.028,0.0,0.012,0.6,0.6,-27.529808,2.2660484,0.7553495,0.16000001,0.0,0.18828937,0.0,0.0
hardzero_only__c0p58__z1p00__lam0p000__nu0p50__psi0p00,0.028,borrow,53,133,0.0,2,-0.6,-0.6,-0.61200005,1.0107286,0.0,0.09755991,0.0,0.0,0.028,0.0,0.012,0.6,0.6,-26.966322,2.2236474,0.7412158,0.16000001,0.0,0.13831457,0.0,0.0
hardzero_only__c0p58__z1p00__lam0p000__nu0p50__psi0p00,0.028,borrow,53,134,0.0,2,-0.6,-0.6,-0.6090538,0.97788453,0.10522415,0.10522415,1.0,0.0029462762,0.028,0.0,0.012,0.6,0.6,-27.064337,2.151389,0.71712965,0.18400002,0.0,0.16813916,0.0,0.0
hardzero_only__c0p58__z1p00__lam0p000__nu0p50__psi0p00,0.028,borrow,53,135,0.0,2,-0.6,-0.6,-0.60908175,0.98202866,0.104224876,0.104224876,1.0,0.0029182965,0.028,0.0,0.012,0.6,0.6,-27.3574,2.1605062,0.72016877,0.256,0.0,0.13876244,0.0,0.0
hardzero_only__c0p58__z1p00__lam0p000__nu0p50__psi0p00,0.028,borrow,53,136,0.0,2,-0.6,-0.6,-0.608918,0.9583192,0.11007301,0.11007301,1.0,0.0030820444,0.028,0.0,0.012,0.6,0.6,-26.952694,2.1083443,0.70278144,0.23200001,0.0,0.14904097,0.0,0.0
hardzero_only__c0p58__z1p00__lam0p000__nu0p50__psi0p00,0.028,borrow,53,137,0.0,2,-0.6,-0.6,-0.61200005,1.0057319,0.0,0.098688826,0.0,0.0,0.028,0.0,0.012,0.6,0.6,-26.415709,2.2126544,0.73755145,0.15200001,0.0,0.1275149,0.0,0.0
hardzero_only__c0p58__z1p00__lam0p000__nu0p50__psi0p00,0.028,borrow,53,138,0.0,2,-0.6,-0.6,-0.6089566,0.96378756,0.10869571,0.10869571,1.0,0.00304348,0.028,0.0,0.012,0.6,0.6,-26.057503,2.120375,0.70679164,0.16000001,0.0,0.13453892,0.0,0.0
hardzero_only__c0p58__z1p00__lam0p000__nu0p50__psi0p00,0.028,borrow,53,139,0.0,2,-0.6,-0.6,-0.6091554,0.9931355,0.10159316,0.10159316,1.0,0.0028446086,0.028,0.0,0.012,0.6,0.6,-26.175728,2.1849418,0.7283139,0.16800001,0.0,0.15675072,0.0,0.0
hardzero_only__c0p58__z1p00__lam0p000__nu0p50__psi0p00,0.028,borrow,53,140,0.0,2,-0.6,-0.6,-0.61200005,1.0130891,0.0,0.097031094,0.0,0.0,0.028,0.0,0.012,0.6,0.6,-27.226908,2.2288404,0.7429468,0.216,0.0,0.15414467,0.0,0.0
hardzero_only__c0p58__z1p00__lam0p000__nu0p50__psi0p00,0.028,borrow,53,141,0.0,2,-0.6,-0.6,-0.6090953,0.9840499,0.10374092,0.10374092,1.0,0.002904746,0.028,0.0,0.012,0.6,0.6,-26.745573,2.164953,0.721651,0.14400001,0.0,0.1257246,0.0,0.0
hardzero_only__c0p58__z1p00__lam0p000__nu0p50__psi0p00,0.028,borrow,53,142,0.0,2,-0.6,-0.6,-0.60913676,0.99029243,0.10226041,0.10226041,1.0,0.0028632917,0.028,0.0,0.012,0.6,0.6,-26.86267,2.1786869,0.72622895,0.15200001,0.0,0.13893782,0.0,0.0
hardzero_only__c0p58__z1p00__lam0p000__nu0p50__psi0p00,0.028,borrow,53,143,0.0,2,-0.6,-0.6,-0.6089129,0.95760155,0.110255025,0.110255025,1.0,0.0030871409,0.028,0.0,0.012,0.6,0.6,-25.778154,2.1067655,0.7022552,0.17,0.0,0.14922209,0.0,0.0
hardzero_only__c0p58__z1p00__lam0p000__nu0p50__psi0p00,0.028,borrow,53,144,0.0,2,-0.6,-0.6,-0.6090665,0.97976667,0.10476912,0.10476912,1.0,0.0029335355,0.028,0.0,0.012,0.6,0.6,-26.79862,2.1555297,0.7185099,0.14400001,0.0,0.1340145,0.0,0.0
hardzero_only__c0p58__z1p00__lam0p000__nu0p50__psi0p00,0.028,borrow,53,145,0.0,2,-0.6,-0.6,-0.60871583,0.93072444,0.11729392,0.11729392,1.0,0.0032842297,0.028,0.0,0.012,0.6,0.6,-26.06836,2.0476346,0.6825449,0.224,0.0,0.13796319,0.0,0.0
hardzero_only__c0p58__z1p00__lam0p000__nu0p50__psi0p00,0.028,borrow,53,146,0.0,2,-0.6,-0.6,-0.6087343,0.9331803,0.11663254,0.11663254,1.0,0.0032657112,0.028,0.0,0.012,0.6,0.6,-25.73733,2.0530376,0.6843459,0.14400001,0.0,0.1203168,0.0,0.0
hardzero_only__c0p58__z1p00__lam0p000__nu0p50__psi0p00,0.028,borrow,53,147,0.0,2,-0.6,-0.6,-0.61200005,1.0144606,0.0,0.096725166,0.0,0.0,0.028,0.0,0.012,0.6,0.6,-26.55749,2.2318578,0.74395263,0.14400001,0.0,0.13002415,0.0,0.0
hardzero_only__c0p58__z1p00__lam0p000__nu0p50__psi0p00,0.028,borrow,53,148,0.0,2,-0.6,-0.6,-0.6091071,0.98581374,0.103320435,0.103320435,1.0,0.0028929722,0.028,0.0,0.012,0.6,0.6,-26.85819,2.1688335,0.7229445,0.18400002,0.0,0.13703908,0.0,0.0
hardzero_only__c0p58__z1p00__lam0p000__nu0p50__psi0p00,0.028,borrow,53,149,0.0,2,-0.6,-0.6,-0.60913056,0.98935014,0.10248254,0.10248254,1.0,0.0028695113,0.028,0.0,0.012,0.6,0.6,-27.205156,2.1766138,0.72553796,0.224,0.0,0.14429112,0.0,0.0
hardzero_only__c0p58__z1p00__lam0p000__nu0p50__psi0p00,0.028,borrow,53,150,0.0,2,-0.6,-0.6,-0.6089978,0.9697176,0.10722161,0.10722161,1.0,0.0030022052,0.028,0.0,0.012,0.6,0.6,-27.093838,2.1334214,0.7111405,0.208,0.0,0.14744954,0.0,0.0
hardzero_only__c0p58__z1p00__lam0p000__nu0p50__psi0p00,0.028,borrow,53,151,0.0,2,-0.6,-0.6,-0.61200005,1.0278915,0.0,0.09377962,0.0,0.0,0.028,0.0,0.012,0.6,0.6,-27.028807,2.2614064,0.7538022,0.08800001,0.0,0.18141794,0.0,0.0
hardzero_only__c0p58__z1p00__lam0p000__nu0p50__psi0p00,0.028,borrow,53,152,0.0,2,-0.6,-0.6,-0.60905963,0.97874486,0.105015926,0.105015926,1.0,0.002940446,0.028,0.0,0.012,0.6,0.6,-25.978567,2.1532817,0.71776056,0.14400001,0.0,0.13658069,0.0,0.0
hardzero_only__c0p58__z1p00__lam0p000__nu0p50__psi0p00,0.028,borrow,53,153,0.0,2,-0.6,-0.6,-0.6091029,0.985188,0.1034694,0.1034694,1.0,0.0028971434,0.028,0.0,0.012,0.6,0.6,-27.094898,2.1674569,0.72248566,0.136,0.0,0.14121842,0.0,0.0
hardzero_only__c0p58__z1p00__lam0p000__nu0p50__psi0p00,0.028,borrow,53,154,0.0,2,-0.6,-0.6,-0.60908324,0.98225355,0.10417092,0.10417092,1.0,0.002916786,0.028,0.0,0.012,0.6,0.6,-26.899475,2.161001,0.7203337,0.17600001,0.0,0.14259729,0.0,0.0
hardzero_only__c0p58__z1p00__lam0p000__nu0p50__psi0p00,0.028,borrow,53,155,0.0,2,-0.6,-0.6,-0.60891706,0.9581861,0.11010674,0.11010674,1.0,0.0030829888,0.028,0.0,0.012,0.6,0.6,-26.391163,2.1080515,0.70268387,0.128,0.0,0.14059855,0.0,0.0
hardzero_only__c0p58__z1p00__lam0p000__nu0p50__psi0p00,0.028,borrow,53,156,0.0,2,-0.6,-0.6,-0.61200005,1.0350056,0.0,0.09225595,0.0,0.0,0.028,0.0,0.012,0.6,0.6,-27.915855,2.2770576,0.75901926,0.22999999,0.0,0.16167396,0.0,0.0
hardzero_only__c0p58__z1p00__lam0p000__nu0p50__psi0p00,0.028,borrow,53,157,0.0,2,-0.6,-0.6,-0.61200005,1.0163295,0.0,0.0963098,0.0,0.0,0.028,0.0,0.012,0.6,0.6,-26.567484,2.2359695,0.7453232,0.14400001,0.0,0.15257843,0.0,0.0
hardzero_only__c0p58__z1p00__lam0p000__nu0p50__psi0p00,0.028,borrow,53,158,0.0,2,-0.6,-0.6,-0.6089739,0.96626973,0.108076245,0.108076245,1.0,0.003026135,0.028,0.0,0.012,0.6,0.6,-26.349848,2.125836,0.70861197,0.17600001,0.0,0.12107591,0.0,0.0
hardzero_only__c0p58__z1p00__lam0p000__nu0p50__psi0p00,0.028,borrow,53,159,0.0,2,-0.6,-0.6,-0.6091013,0.98494273,0.10352786,0.10352786,1.0,0.0028987802,0.028,0.0,0.012,0.6,0.6,-27.122143,2.1669173,0.7223058,0.14400001,0.0,0.1533508,0.0,0.0
hardzero_only__c0p58__z1p00__lam0p000__nu0p50__psi0p00,0.028,borrow,53,160,0.0,2,-0.6,-0.6,-0.60903656,0.97535497,0.10583882,0.10583882,1.0,0.002963487,0.028,0.0,0.012,0.6,0.6,-26.663696,2.1458237,0.7152746,0.136,0.0,0.15438192,0.0,0.0
hardzero_only__c0p58__z1p00__lam0p000__nu0p50__psi0p00,0.028,borrow,53,161,0.0,2,-0.6,-0.6,-0.6089528,0.9632498,0.10883039,0.10883039,1.0,0.0030472511,0.028,0.0,0.012,0.6,0.6,-26.170555,2.119192,0.7063973,0.17600001,0.0,0.13769105,0.0,0.0
hardzero_only__c0p58__z1p00__lam0p000__nu0p50__psi0p00,0.028,borrow,53,162,0.0,2,-0.6,-0.6,-0.61200005,1.0022731,0.0,0.09947797,0.0,0.0,0.028,0.0,0.012,0.6,0.6,-27.22922,2.2050447,0.7350149,0.216,0.0,0.1418391,0.0,0.0
hardzero_only__c0p58__z1p00__lam0p000__nu0p50__psi0p00,0.028,borrow,53,163,0.0,2,-0.6,-0.6,-0.61200005,1.0035282,0.0,0.099190876,0.0,0.0,0.028,0.0,0.012,0.6,0.6,-26.610495,2.207806,0.7359354,0.120000005,0.0,0.15403102,0.0,0.0
hardzero_only__c0p58__z1p00__lam0p000__nu0p50__psi0p00,0.028,borrow,53,164,0.0,2,-0.6,-0.6,-0.6086883,0.92709804,0.11827743,0.11827743,1.0,0.0033117682,0.028,0.0,0.012,0.6,0.6,-25.966162,2.0396564,0.6798855,0.17600001,0.0,0.112478904,0.0,0.0
hardzero_only__c0p58__z1p00__lam0p000__nu0p50__psi0p00,0.028,borrow,53,165,0.0,2,-0.6,-0.6,-0.6090618,0.97906196,0.10493926,0.10493926,1.0,0.0029382994,0.028,0.0,0.012,0.6,0.6,-26.592495,2.1539793,0.71799314,0.136,0.0,0.14875753,0.0,0.0
hardzero_only__c0p58__z1p00__lam0p000__nu0p50__psi0p00,0.028,borrow,53,166,0.0,2,-0.6,-0.6,-0.60875934,0.93651974,0.11573914,0.11573914,1.0,0.003240696,0.028,0.0,0.012,0.6,0.6,-26.052376,2.0603845,0.6867949,0.17600001,0.0,0.13288307,0.0,0.0
hardzero_only__c0p58__z1p00__lam0p000__nu0p50__psi0p00,0.028,borrow,53,167,0.0,2,-0.6,-0.6,-0.60912985,0.98924917,0.10250637,0.10250637,1.0,0.0028701783,0.028,0.0,0.012,0.6,0.6,-27.048674,2.1763916,0.72546387,0.15200001,0.0,0.15048091,0.0,0.0
hardzero_only__c0p58__z1p00__lam0p000__nu0p50__psi0p00,0.028,borrow,53,168,0.0,2,-0.6,-0.6,-0.6090629,0.97923666,0.10489706,0.10489706,1.0,0.0029371178,0.028,0.0,0.012,0.6,0.6,-25.967443,2.1543636,0.71812123,0.136,0.0,0.1349051,0.0,0.0
hardzero_only__c0p58__z1p00__lam0p000__nu0p50__psi0p00,0.028,borrow,53,169,0.0,2,-0.6,-0.6,-0.6091407,0.9908914,0.10211949,0.10211949,1.0,0.0028593459,0.028,0.0,0.012,0.6,0.6,-26.953974,2.1800046,0.72666824,0.12,0.0,0.1180143,0.0,0.0
hardzero_only__c0p58__z1p00__lam0p000__nu0p50__psi0p00,0.028,borrow,53,170,0.0,2,-0.6,-0.6,-0.61200005,1.031295,0.0,0.09304758,0.0,0.0,0.028,0.0,0.012,0.6,0.6,-27.04286,2.2688942,0.75629807,0.15200001,0.0,0.14670324,0.0,0.0
hardzero_only__c0p58__z1p00__lam0p000__nu0p50__psi0p00,0.028,borrow,53,171,0.0,2,-0.6,-0.6,-0.61200005,1.0172976,0.0,0.096095346,0.0,0.0,0.028,0.0,0.012,0.6,0.6,-27.31852,2.2380993,0.74603313,0.16800001,0.0,0.13367139,0.0,0.0
hardzero_only__c0p58__z1p00__lam0p000__nu0p50__psi0p00,0.028,borrow,53,172,0.0,2,-0.6,-0.6,-0.6086879,0.9270435,0.1182923,0.1182923,1.0,0.0033121845,0.028,0.0,0.012,0.6,0.6,-24.74434,2.0395365,0.6798455,0.14400001,0.0,0.12708934,0.0,0.0
hardzero_only__c0p58__z1p00__lam0p000__nu0p50__psi0p00,0.028,borrow,53,173,0.0,2,-0.6,-0.6,-0.60868835,0.9271079,0.118274756,0.118274756,1.0,0.0033116932,0.028,0.0,0.012,0.6,0.6,-25.807339,2.039678,0.6798927,0.18400002,0.0,0.11751216,0.0,0.0
hardzero_only__c0p58__z1p00__lam0p000__nu0p50__psi0p00,0.028,borrow,53,174,0.0,2,-0.6,-0.6,-0.61200005,1.0464578,0.0,0.08985499,0.0,0.0,0.028,0.0,0.012,0.6,0.6,-28.301725,2.302253,0.76741767,0.16800001,0.0,0.17778356,0.0,0.0
hardzero_only__c0p58__z1p00__lam0p000__nu0p50__psi0p00,0.028,borrow,53,175,0.0,2,-0.6,-0.6,-0.60882133,0.9449042,0.11352612,0.11352612,1.0,0.0031787315,0.028,0.0,0.012,0.6,0.6,-25.192345,2.0788307,0.6929436,0.16000001,0.0,0.11926566,0.0,0.0
hardzero_only__c0p58__z1p00__lam0p000__nu0p50__psi0p00,0.028,borrow,53,176,0.0,2,-0.6,-0.6,-0.61200005,1.027121,0.0,0.09394617,0.0,0.0,0.028,0.0,0.012,0.6,0.6,-27.200068,2.2597113,0.7532371,0.2,0.0,0.15234253,0.0,0.0
hardzero_only__c0p58__z1p00__lam0p000__nu0p50__psi0p00,0.028,borrow,53,177,0.0,2,-0.6,-0.6,-0.6090595,0.9787332,0.10501873,0.10501873,1.0,0.0029405244,0.028,0.0,0.012,0.6,0.6,-26.014233,2.153256,0.717752,0.136,0.0,0.13019572,0.0,0.0
hardzero_only__c0p58__z1p00__lam0p000__nu0p50__psi0p00,0.028,borrow,53,178,0.0,2,-0.6,-0.6,-0.60909796,0.9844493,0.10364554,0.10364554,1.0,0.0029020752,0.028,0.0,0.012,0.6,0.6,-27.010866,2.1658318,0.721944,0.136,0.0,0.13230668,0.0,0.0
hardzero_only__c0p58__z1p00__lam0p000__nu0p50__psi0p00,0.028,borrow,53,179,0.0,2,-0.6,-0.6,-0.61200005,1.0287302,0.0,0.09359871,0.0,0.0,0.028,0.0,0.012,0.6,0.6,-27.737408,2.2632515,0.7544172,0.17600001,0.0,0.15455833,0.0,0.0
hardzero_only__c0p58__z1p00__lam0p000__nu0p50__psi0p00,0.028,borrow,53,180,0.0,2,-0.6,-0.6,-0.6090224,0.97327816,0.106346175,0.106346175,1.0,0.002977693,0.028,0.0,0.012,0.6,0.6,-26.568432,2.1412547,0.71375155,0.080000006,0.0,0.11955806,0.0,0.0
hardzero_only__c0p58__z1p00__lam0p000__nu0p50__psi0p00,0.028,borrow,53,181,0.0,2,-0.6,-0.6,-0.60919887,0.99982,0.10004144,0.10004144,1.0,0.0028011606,0.028,0.0,0.012,0.6,0.6,-27.719639,2.199648,0.733216,0.080000006,0.0,0.1420601,0.0,0.0
hardzero_only__c0p58__z1p00__lam0p000__nu0p50__psi0p00,0.028,borrow,53,182,0.0,2,-0.6,-0.6,-0.61200005,1.0217879,0.0,0.09510691,0.0,0.0,0.028,0.0,0.012,0.6,0.6,-27.261572,2.2479782,0.7493261,0.17,0.0,0.15389498,0.0,0.0
hardzero_only__c0p58__z1p00__lam0p000__nu0p50__psi0p00,0.028,borrow,53,183,0.0,2,-0.6,-0.6,-0.61200005,1.0321884,0.0,0.09285635,0.0,0.0,0.028,0.0,0.012,0.6,0.6,-27.551546,2.27086,0.75695336,0.120000005,0.0,0.15619433,0.0,0.0
hardzero_only__c0p58__z1p00__lam0p000__nu0p50__psi0p00,0.028,borrow,53,184,0.0,2,-0.6,-0.6,-0.61200005,1.006813,0.0,0.09844347,0.0,0.0,0.028,0.0,0.012,0.6,0.6,-27.91476,2.215033,0.7383444,0.16800001,0.0,0.14460067,0.0,0.0
hardzero_only__c0p58__z1p00__lam0p000__nu0p50__psi0p00,0.028,borrow,53,185,0.0,2,-0.6,-0.6,-0.60913146,0.9894917,0.10244912,0.10244912,1.0,0.0028685755,0.028,0.0,0.012,0.6,0.6,-26.958029,2.1769252,0.7256417,0.14400001,0.0,0.14645141,0.0,0.0
hardzero_only__c0p58__z1p00__lam0p000__nu0p50__psi0p00,0.028,borrow,53,186,0.0,2,-0.6,-0.6,-0.6091837,0.9974715,0.10058389,0.10058389,1.0,0.002816349,0.028,0.0,0.012,0.6,0.6,-27.113176,2.1944811,0.7314937,0.224,0.0,0.14697446,0.0,0.0
hardzero_only__c0p58__z1p00__lam0p000__nu0p50__psi0p00,0.028,borrow,53,187,0.0,2,-0.6,-0.6,-0.61200005,1.0142306,0.0,0.096776366,0.0,0.0,0.028,0.0,0.012,0.6,0.6,-26.974308,2.2313519,0.74378395,0.136,0.0,0.13679302,0.0,0.0
hardzero_only__c0p58__z1p00__lam0p000__nu0p50__psi0p00,0.028,borrow,53,188,0.0,2,-0.6,-0.6,-0.60893905,0.9612986,0.10932044,0.10932044,1.0,0.0030609723,0.028,0.0,0.012,0.6,0.6,-26.025322,2.1148992,0.7049664,0.17600001,0.0,0.14235304,0.0,0.0
hardzero_only__c0p58__z1p00__lam0p000__nu0p50__psi0p00,0.028,borrow,53,189,0.0,2,-0.6,-0.6,-0.61200005,1.0178386,0.0,0.09597572,0.0,0.0,0.028,0.0,0.012,0.6,0.6,-27.631868,2.2392895,0.74642986,0.17600001,0.0,0.13590264,0.0,0.0
hardzero_only__c0p58__z1p00__lam0p000__nu0p50__psi0p00,0.028,borrow,53,190,0.0,2,-0.6,-0.6,-0.6090729,0.9807149,0.104540616,0.104540616,1.0,0.0029271373,0.028,0.0,0.012,0.6,0.6,-26.754036,2.157616,0.7192053,0.15200001,0.0,0.16113758,0.0,0.0
hardzero_only__c0p58__z1p00__lam0p000__nu0p50__psi0p00,0.028,borrow,53,191,0.0,2,-0.6,-0.6,-0.61200005,1.0561804,0.0,0.08786576,0.0,0.0,0.028,0.0,0.012,0.6,0.6,-27.462614,2.3236432,0.77454776,0.120000005,0.0,0.15544519,0.0,0.0
hardzero_only__c0p58__z1p00__lam0p000__nu0p50__psi0p00,0.028,borrow,53,192,0.0,2,-0.6,-0.6,-0.60892683,0.9595608,0.10975875,0.10975875,1.0,0.003073245,0.028,0.0,0.012,0.6,0.6,-26.976929,2.1110759,0.70369196,0.17600001,0.0,0.1454655,0.0,0.0
hardzero_only__c0p58__z1p00__lam0p000__nu0p50__psi0p00,0.028,borrow,53,193,0.0,2,-0.6,-0.6,-0.6091104,0.9863168,0.10320083,0.10320083,1.0,0.0028896234,0.028,0.0,0.012,0.6,0.6,-26.364952,2.1699402,0.72331345,0.2,0.0,0.15551654,0.0,0.0
hardzero_only__c0p58__z1p00__lam0p000__nu0p50__psi0p00,0.028,borrow,53,194,0.0,2,-0.6,-0.6,-0.6090075,0.97111076,0.10687823,0.10687823,1.0,0.0029925904,0.028,0.0,0.012,0.6,0.6,-27.16503,2.1364863,0.71216214,0.17600001,0.0,0.14134543,0.0,0.0
hardzero_only__c0p58__z1p00__lam0p000__nu0p50__psi0p00,0.028,borrow,53,195,0.0,2,-0.6,-0.6,-0.60888666,0.9539277,0.11119167,0.11119167,1.0,0.003113367,0.028,0.0,0.012,0.6,0.6,-25.487183,2.0986829,0.699561,0.19999999,0.0,0.1290866,0.0,0.0
hardzero_only__c0p58__z1p00__lam0p000__nu0p50__psi0p00,0.028,borrow,53,196,0.0,2,-0.6,-0.6,-0.6090199,0.97291476,0.10643518,0.10643518,1.0,0.0029801852,0.028,0.0,0.012,0.6,0.6,-25.632252,2.1404552,0.7134851,0.18400002,0.0,0.14550023,0.0,0.0
hardzero_only__c0p58__z1p00__lam0p000__nu0p50__psi0p00,0.028,borrow,53,197,0.0,2,-0.6,-0.6,-0.61200005,1.0096179,0.0,0.09780973,0.0,0.0,0.028,0.0,0.012,0.6,0.6,-27.504166,2.2212038,0.74040127,0.136,0.0,0.17231181,0.0,0.0
hardzero_only__c0p58__z1p00__lam0p000__nu0p50__psi0p00,0.028,borrow,53,198,0.0,2,-0.6,-0.6,-0.61200005,1.0400327,0.0,0.091194205,0.0,0.0,0.028,0.0,0.012,0.6,0.6,-28.151089,2.2881176,0.7627059,0.18400002,0.0,0.14832713,0.0,0.0
hardzero_only__c0p58__z1p00__lam0p000__nu0p50__psi0p00,0.028,borrow,53,199,0.0,2,-0.6,-0.6,-0.60876757,0.93762314,0.115445465,0.115445465,1.0,0.003232473,0.028,0.0,0.012,0.6,0.6,-25.719608,2.062812,0.68760407,0.14400001,0.0,0.13858992,0.0,0.0
hardzero_only__c0p58__z1p00__lam0p000__nu0p50__psi0p00,0.028,borrow,53,200,0.0,2,-0.6,-0.6,-0.61200005,1.0211606,0.0,0.09524438,0.0,0.0,0.028,0.0,0.012,0.6,0.6,-27.75596,2.2465982,0.7488661,0.128,0.0,0.14698593,0.0,0.0
hardzero_only__c0p58__z1p00__lam0p000__nu0p50__psi0p00,0.028,borrow,53,201,0.0,2,-0.6,-0.6,-0.61200005,1.0336089,0.0,0.092553124,0.0,0.0,0.028,0.0,0.012,0.6,0.6,-27.510227,2.273985,0.757995,0.16800001,0.0,0.1712113,0.0,0.0
hardzero_only__c0p58__z1p00__lam0p000__nu0p50__psi0p00,0.028,borrow,53,202,0.0,2,-0.6,-0.6,-0.61200005,1.0382433,0.0,0.09157073,0.0,0.0,0.028,0.0,0.012,0.6,0.6,-27.039753,2.2841809,0.76139367,0.128,0.0,0.17283064,0.0,0.0
hardzero_only__c0p58__z1p00__lam0p000__nu0p50__psi0p00,0.028,borrow,53,203,0.0,2,-0.6,-0.6,-0.60867864,0.92583597,0.118621655,0.118621655,1.0,0.0033214064,0.028,0.0,0.012,0.6,0.6,-25.196451,2.0368798,0.67895997,0.16000001,0.0,0.13185483,0.0,0.0
hardzero_only__c0p58__z1p00__lam0p000__nu0p50__psi0p00,0.028,borrow,53,204,0.0,2,-0.6,-0.6,-0.60888046,0.9530603,0.11141396,0.11141396,1.0,0.0031195912,0.028,0.0,0.012,0.6,0.6,-26.032072,2.0967746,0.6989249,0.14400001,0.0,0.16261178,0.0,0.0
hardzero_only__c0p58__z1p00__lam0p000__nu0p50__psi0p00,0.028,borrow,53,205,0.0,2,-0.6,-0.6,-0.6090047,0.9707104,0.106976785,0.106976785,1.0,0.0029953502,0.028,0.0,0.012,0.6,0.6,-26.205658,2.1356056,0.7118685,0.23200001,0.008,0.12501867,0.0,0.0
hardzero_only__c0p58__z1p00__lam0p000__nu0p50__psi0p00,0.028,borrow,53,206,0.0,2,-0.6,-0.6,-0.61200005,1.034326,0.0,0.09240044,0.0,0.0,0.028,0.0,0.012,0.6,0.6,-27.366468,2.2755625,0.75852084,0.14400001,0.0,0.17324688,0.0,0.0
hardzero_only__c0p58__z1p00__lam0p000__nu0p50__psi0p00,0.028,borrow,53,207,0.0,2,-0.6,-0.6,-0.61200005,1.0288253,0.0,0.09357821,0.0,0.0,0.028,0.0,0.012,0.6,0.6,-28.153044,2.2634609,0.754487,0.080000006,0.0,0.14527246,0.0,0.0
hardzero_only__c0p58__z1p00__lam0p000__nu0p50__psi0p00,0.028,borrow,53,208,0.0,2,-0.6,-0.6,-0.61200005,1.0564487,0.0,0.08781148,0.0,0.0,0.028,0.0,0.012,0.6,0.6,-27.884748,2.3242335,0.7747445,0.13,0.0,0.15411523,0.0,0.0
hardzero_only__c0p58__z1p00__lam0p000__nu0p50__psi0p00,0.028,borrow,53,209,0.0,2,-0.6,-0.6,-0.60895044,0.9629164,0.10891398,0.10891398,1.0,0.0030495916,0.028,0.0,0.012,0.6,0.6,-27.080019,2.1184583,0.7061528,0.2,0.0,0.15985806,0.0,0.0
hardzero_only__c0p58__z1p00__lam0p000__nu0p50__psi0p00,0.028,borrow,53,210,0.0,2,-0.6,-0.6,-0.61200005,1.0200825,0.0,0.09548113,0.0,0.0,0.028,0.0,0.012,0.6,0.6,-27.566727,2.2442262,0.7480754,0.18400002,0.008,0.15737209,0.0,0.0
hardzero_only__c0p58__z1p00__lam0p000__nu0p50__psi0p00,0.028,borrow,53,211,0.0,2,-0.6,-0.6,-0.6089529,0.96326476,0.10882663,0.10882663,1.0,0.0030471457,0.028,0.0,0.012,0.6,0.6,-26.388363,2.1192248,0.70640826,0.224,0.0,0.1528216,0.0,0.0
hardzero_only__c0p58__z1p00__lam0p000__nu0p50__psi0p00,0.028,borrow,53,212,0.0,2,-0.6,-0.6,-0.61200005,1.0309178,0.0,0.09312841,0.0,0.0,0.028,0.0,0.012,0.6,0.6,-27.65932,2.2680645,0.7560215,0.14400001,0.0,0.14914966,0.0,0.0
hardzero_only__c0p58__z1p00__lam0p000__nu0p50__psi0p00,0.028,borrow,53,213,0.0,2,-0.6,-0.6,-0.61200005,1.0057921,0.0,0.09867516,0.0,0.0,0.028,0.0,0.012,0.6,0.6,-27.321482,2.212787,0.7375957,0.14400001,0.0,0.16063571,0.0,0.0
hardzero_only__c0p58__z1p00__lam0p000__nu0p50__psi0p00,0.028,borrow,53,214,0.0,2,-0.6,-0.6,-0.6088274,0.94573677,0.113308676,0.113308676,1.0,0.003172643,0.028,0.0,0.012,0.6,0.6,-26.91215,2.0806625,0.69355416,0.24800001,0.0,0.16888194,0.0,0.0
hardzero_only__c0p58__z1p00__lam0p000__nu0p50__psi0p00,0.028,borrow,53,215,0.0,2,-0.6,-0.6,-0.6091613,0.9940366,0.10138259,0.10138259,1.0,0.0028387127,0.028,0.0,0.012,0.6,0.6,-27.402515,2.1869242,0.72897476,0.224,0.0,0.19239597,0.0,0.0
hardzero_only__c0p58__z1p00__lam0p000__nu0p50__psi0p00,0.028,borrow,53,216,0.0,2,-0.6,-0.6,-0.60892993,0.9600055,0.10964642,0.10964642,1.0,0.0030700997,0.028,0.0,0.012,0.6,0.6,-26.701605,2.1120543,0.7040181,0.192,0.0,0.1311157,0.0,0.0
hardzero_only__c0p58__z1p00__lam0p000__nu0p50__psi0p00,0.028,borrow,53,217,0.0,2,-0.6,-0.6,-0.60912204,0.9880622,0.1027869,0.1027869,1.0,0.0028780333,0.028,0.0,0.012,0.6,0.6,-25.733986,2.1737802,0.7245934,0.16800001,0.0,0.12640232,0.0,0.0
hardzero_only__c0p58__z1p00__lam0p000__nu0p50__psi0p00,0.028,borrow,53,218,0.0,2,-0.6,-0.6,-0.60916895,0.9952013,0.10111108,0.10111108,1.0,0.0028311103,0.028,0.0,0.012,0.6,0.6,-26.143469,2.1894865,0.72982883,0.2,0.008,0.16072446,0.0,0.0
hardzero_only__c0p58__z1p00__lam0p000__nu0p50__psi0p00,0.028,borrow,53,219,0.0,2,-0.6,-0.6,-0.60910434,0.98539853,0.10341927,0.10341927,1.0,0.0028957396,0.028,0.0,0.012,0.6,0.6,-26.226864,2.16792,0.72264004,0.128,0.0,0.13059327,0.0,0.0
hardzero_only__c0p58__z1p00__lam0p000__nu0p50__psi0p00,0.028,borrow,53,220,0.0,2,-0.6,-0.6,-0.60909796,0.98444504,0.10364658,0.10364658,1.0,0.0029021043,0.028,0.0,0.012,0.6,0.6,-26.805508,2.1658223,0.72194076,0.30400002,0.0,0.14697522,0.0,0.0
hardzero_only__c0p58__z1p00__lam0p000__nu0p50__psi0p00,0.028,borrow,53,221,0.0,2,-0.6,-0.6,-0.60873276,0.9329745,0.11668781,0.11668781,1.0,0.0032672589,0.028,0.0,0.012,0.6,0.6,-25.487627,2.052585,0.684195,0.14999999,0.0,0.116534196,0.0,0.0
hardzero_only__c0p58__z1p00__lam0p000__nu0p50__psi0p00,0.028,borrow,53,222,0.0,2,-0.6,-0.6,-0.61200005,1.0076431,0.0,0.09825551,0.0,0.0,0.028,0.0,0.012,0.6,0.6,-27.577002,2.216859,0.73895305,0.17600001,0.0,0.13976528,0.0,0.0
hardzero_only__c0p58__z1p00__lam0p000__nu0p50__psi0p00,0.028,borrow,53,223,0.0,2,-0.6,-0.6,-0.6089661,0.9651493,0.108355425,0.108355425,1.0,0.003033952,0.028,0.0,0.012,0.6,0.6,-26.130947,2.123371,0.7077903,0.224,0.0,0.15451834,0.0,0.0
hardzero_only__c0p58__z1p00__lam0p000__nu0p50__psi0p00,0.028,borrow,53,224,0.0,2,-0.6,-0.6,-0.61200005,1.0157851,0.0,0.096430615,0.0,0.0,0.028,0.0,0.012,0.6,0.6,-26.907173,2.234772,0.744924,0.16800001,0.0,0.15642174,0.0,0.0
hardzero_only__c0p58__z1p00__lam0p000__nu0p50__psi0p00,0.028,borrow,53,225,0.0,2,-0.6,-0.6,-0.60849744,0.9027644,0.12509376,0.12509376,1.0,0.0035026253,0.028,0.0,0.012,0.6,0.6,-25.45325,1.9861213,0.6620405,0.208,0.0,0.14317924,0.0,0.0
hardzero_only__c0p58__z1p00__lam0p000__nu0p50__psi0p00,0.028,borrow,53,226,0.0,2,-0.6,-0.6,-0.6090366,0.97536784,0.10583569,0.10583569,1.0,0.0029633995,0.028,0.0,0.012,0.6,0.6,-26.842049,2.145852,0.71528405,0.16800001,0.0,0.18179962,0.0,0.0
hardzero_only__c0p58__z1p00__lam0p000__nu0p50__psi0p00,0.028,borrow,53,227,0.0,2,-0.6,-0.6,-0.6091973,0.9995783,0.10009716,0.10009716,1.0,0.0028027205,0.028,0.0,0.012,0.6,0.6,-26.996704,2.1991162,0.7330388,0.208,0.0,0.13074806,0.0,0.0
hardzero_only__c0p58__z1p00__lam0p000__nu0p50__psi0p00,0.028,borrow,53,228,0.0,2,-0.6,-0.6,-0.60914344,0.9913094,0.10202125,0.10202125,1.0,0.002856595,0.028,0.0,0.012,0.6,0.6,-26.730633,2.1809242,0.7269747,0.192,0.0,0.14623041,0.0,0.0
hardzero_only__c0p58__z1p00__lam0p000__nu0p50__psi0p00,0.028,borrow,53,229,0.0,2,-0.6,-0.6,-0.60903704,0.9754293,0.10582073,0.10582073,1.0,0.0029629807,0.028,0.0,0.012,0.6,0.6,-25.903994,2.1459873,0.7153291,0.136,0.0,0.13871056,0.0,0.0
hardzero_only__c0p58__z1p00__lam0p000__nu0p50__psi0p00,0.028,borrow,53,230,0.0,2,-0.6,-0.6,-0.6090927,0.98366505,0.10383289,0.10383289,1.0,0.002907321,0.028,0.0,0.012,0.6,0.6,-27.016125,2.1641064,0.7213688,0.120000005,0.0,0.13765535,0.0,0.0
hardzero_only__c0p58__z1p00__lam0p000__nu0p50__psi0p00,0.028,borrow,53,231,0.0,2,-0.6,-0.6,-0.60909593,0.98414254,0.10371878,0.10371878,1.0,0.002904126,0.028,0.0,0.012,0.6,0.6,-26.773108,2.1651568,0.72171897,0.192,0.0,0.12157063,0.0,0.0
hardzero_only__c0p58__z1p00__lam0p000__nu0p50__psi0p00,0.028,borrow,53,232,0.0,2,-0.6,-0.6,-0.60905296,0.9777684,0.105252296,0.105252296,1.0,0.0029470643,0.028,0.0,0.012,0.6,0.6,-26.324545,2.1511335,0.71704453,0.15200001,0.0,0.14547391,0.0,0.0
hardzero_only__c0p58__z1p00__lam0p000__nu0p50__psi0p00,0.028,borrow,53,233,0.0,2,-0.6,-0.6,-0.6088752,0.9523334,0.11160063,0.11160063,1.0,0.0031248177,0.028,0.0,0.012,0.6,0.6,-25.726355,2.0951753,0.6983918,0.16000001,0.0,0.11559375,0.0,0.0
hardzero_only__c0p58__z1p00__lam0p000__nu0p50__psi0p00,0.028,borrow,53,234,0.0,2,-0.6,-0.6,-0.61200005,1.0061114,0.0,0.09860266,0.0,0.0,0.028,0.0,0.012,0.6,0.6,-27.120531,2.2134893,0.7378298,0.14999999,0.0,0.13678826,0.0,0.0
hardzero_only__c0p58__z1p00__lam0p000__nu0p50__psi0p00,0.028,borrow,53,235,0.0,2,-0.6,-0.6,-0.60907215,0.9805997,0.104568355,0.104568355,1.0,0.002927914,0.028,0.0,0.012,0.6,0.6,-26.477535,2.1573625,0.71912086,0.16800001,0.0,0.13117354,0.0,0.0
hardzero_only__c0p58__z1p00__lam0p000__nu0p50__psi0p00,0.028,borrow,53,236,0.0,2,-0.6,-0.6,-0.61200005,1.0069599,0.0,0.09841019,0.0,0.0,0.028,0.0,0.012,0.6,0.6,-27.381332,2.215356,0.7384521,0.14400001,0.0,0.1525817,0.0,0.0
hardzero_only__c0p58__z1p00__lam0p000__nu0p50__psi0p00,0.028,borrow,53,237,0.0,2,-0.6,-0.6,-0.6091619,0.99412525,0.10136191,0.10136191,1.0,0.0028381336,0.028,0.0,0.012,0.6,0.6,-26.985828,2.1871192,0.7290398,0.272,0.008,0.15209019,0.0,0.0
hardzero_only__c0p58__z1p00__lam0p000__nu0p50__psi0p00,0.028,borrow,53,238,0.0,2,-0.6,-0.6,-0.61200005,1.0188682,0.0,0.09574846,0.0,0.0,0.028,0.0,0.012,0.6,0.6,-27.914188,2.2415547,0.74718493,0.17600001,0.008,0.17036523,0.0,0.0
hardzero_only__c0p58__z1p00__lam0p000__nu0p50__psi0p00,0.028,borrow,53,239,0.0,2,-0.6,-0.6,-0.60913247,0.9896456,0.102412835,0.102412835,1.0,0.0028675594,0.028,0.0,0.012,0.6,0.6,-26.955858,2.1772637,0.7257546,0.18400002,0.0,0.12862872,0.0,0.0
hardzero_only__c0p58__z1p00__lam0p000__nu0p50__psi0p00,0.028,borrow,53,240,0.0,2,-0.6,-0.6,-0.61200005,1.006741,0.0,0.0984598,0.0,0.0,0.028,0.0,0.012,0.6,0.6,-26.993914,2.2148745,0.7382915,0.18400002,0.0,0.14687215,0.0,0.0
hardzero_only__c0p58__z1p00__lam0p000__nu0p50__psi0p00,0.028,borrow,53,241,0.0,2,-0.6,-0.6,-0.6091072,0.9858335,0.103315726,0.103315726,1.0,0.0028928404,0.028,0.0,0.012,0.6,0.6,-27.175316,2.1688771,0.72295904,0.16800001,0.0,0.14226006,0.0,0.0
hardzero_only__c0p58__z1p00__lam0p000__nu0p50__psi0p00,0.028,borrow,53,242,0.0,2,-0.6,-0.6,-0.609048,0.9770374,0.10542961,0.10542961,1.0,0.0029520292,0.028,0.0,0.012,0.6,0.6,-26.667658,2.1495252,0.7165084,0.192,0.0,0.15274766,0.0,0.0
hardzero_only__c0p58__z1p00__lam0p000__nu0p50__psi0p00,0.028,borrow,53,243,0.0,2,-0.6,-0.6,-0.6089507,0.9629441,0.108907014,0.108907014,1.0,0.0030493964,0.028,0.0,0.012,0.6,0.6,-26.524462,2.1185193,0.7061731,0.136,0.0,0.1250389,0.0,0.0
hardzero_only__c0p58__z1p00__lam0p000__nu0p50__psi0p00,0.028,borrow,53,244,0.0,2,-0.6,-0.6,-0.61200005,1.0017751,0.0,0.09959209,0.0,0.0,0.028,0.0,0.012,0.6,0.6,-27.219788,2.2039495,0.73464984,0.15200001,0.0,0.13929735,0.0,0.0
hardzero_only__c0p58__z1p00__lam0p000__nu0p50__psi0p00,0.028,borrow,53,245,0.0,2,-0.6,-0.6,-0.60902333,0.97342455,0.10631032,0.10631032,1.0,0.002976689,0.028,0.0,0.012,0.6,0.6,-26.324352,2.1415768,0.71385896,0.128,0.0,0.121532544,0.0,0.0
hardzero_only__c0p58__z1p00__lam0p000__nu0p50__psi0p00,0.028,borrow,53,246,0.0,2,-0.6,-0.6,-0.6088985,0.95558566,0.110768,0.110768,1.0,0.003101504,0.028,0.0,0.012,0.6,0.6,-26.751427,2.1023304,0.7007768,0.2,0.0,0.13221024,0.0,0.0
hardzero_only__c0p58__z1p00__lam0p000__nu0p50__psi0p00,0.028,borrow,53,247,0.0,2,-0.6,-0.6,-0.61200005,1.0380839,0.0,0.09160434,0.0,0.0,0.028,0.0,0.012,0.6,0.6,-27.80416,2.2838302,0.7612767,0.14999999,0.0,0.1661216,0.0,0.0
hardzero_only__c0p58__z1p00__lam0p000__nu0p50__psi0p00,0.028,borrow,53,248,0.0,2,-0.6,-0.6,-0.61200005,1.0492563,0.0,0.08927783,0.0,0.0,0.028,0.0,0.012,0.6,0.6,-27.884499,2.30841,0.76947,0.128,0.0,0.13659488,0.0,0.0
hardzero_only__c0p58__z1p00__lam0p000__nu0p50__psi0p00,0.028,borrow,53,249,0.0,2,-0.6,-0.6,-0.60913616,0.9902029,0.102281496,0.102281496,1.0,0.0028638819,0.028,0.0,0.012,0.6,0.6,-27.465519,2.17849,0.7261633,0.23200001,0.0,0.16254021,0.0,0.0
hardzero_only__c0p58__z1p00__lam0p000__nu0p50__psi0p00,0.028,borrow,53,250,0.0,2,-0.6,-0.6,-0.61200005,1.011257,0.0,0.09744126,0.0,0.0,0.028,0.0,0.012,0.6,0.6,-26.976358,2.22481,0.7416033,0.15200001,0.0,0.13084577,0.0,0.0
hardzero_only__c0p58__z1p00__lam0p000__nu0p50__psi0p00,0.028,borrow,53,251,0.0,2,-0.6,-0.6,-0.6089647,0.9649495,0.1084053,0.1084053,1.0,0.0030353484,0.028,0.0,0.012,0.6,0.6,-26.365297,2.1229312,0.70764375,0.224,0.0,0.12970734,0.0,0.0
hardzero_only__c0p58__z1p00__lam0p000__nu0p50__psi0p00,0.028,borrow,53,252,0.0,2,-0.6,-0.6,-0.61200005,1.041693,0.0,0.09084625,0.0,0.0,0.028,0.0,0.012,0.6,0.6,-27.471287,2.2917702,0.7639234,0.16800001,0.0,0.16993625,0.0,0.0
hardzero_only__c0p58__z1p00__lam0p000__nu0p50__psi0p00,0.028,borrow,53,253,0.0,2,-0.6,-0.6,-0.6088558,0.9496356,0.112296015,0.112296015,1.0,0.0031442884,0.028,0.0,0.012,0.6,0.6,-26.630886,2.08924,0.6964134,0.216,0.0,0.13980941,0.0,0.0
hardzero_only__c0p58__z1p00__lam0p000__nu0p50__psi0p00,0.028,borrow,53,254,0.0,2,-0.6,-0.6,-0.6090938,0.9838232,0.103795104,0.103795104,1.0,0.002906263,0.028,0.0,0.012,0.6,0.6,-27.291348,2.1644542,0.7214848,0.18400002,0.0,0.15617342,0.0,0.0
hardzero_only__c0p58__z1p00__lam0p000__nu0p50__psi0p00,0.028,borrow,53,255,0.0,2,-0.6,-0.6,-0.6087112,0.9301136,0.11745903,0.11745903,1.0,0.003288853,0.028,0.0,0.012,0.6,0.6,-26.040524,2.0462909,0.68209696,0.18400002,0.0,0.15583967,0.0,0.0
hardzero_only__c0p58__z1p00__lam0p000__nu0p50__psi0p00,0.028,borrow,53,256,0.0,2,-0.6,-0.6,-0.6090646,0.9794848,0.10483716,0.10483716,1.0,0.0029354405,0.028,0.0,0.012,0.6,0.6,-26.963346,2.1549096,0.7183032,0.16800001,0.0,0.1426804,0.0,0.0
hardzero_only__c0p58__z1p00__lam0p000__nu0p50__psi0p00,0.028,borrow,53,257,0.0,2,-0.6,-0.6,-0.61200005,1.0113728,0.0,0.0974153,0.0,0.0,0.028,0.0,0.012,0.6,0.6,-26.692478,2.2250645,0.7416882,0.16000001,0.0,0.15671544,0.0,0.0
hardzero_only__c0p58__z1p00__lam0p000__nu0p50__psi0p00,0.028,borrow,53,258,0.0,2,-0.6,-0.6,-0.6091666,0.9948432,0.10119447,0.10119447,1.0,0.0028334453,0.028,0.0,0.012,0.6,0.6,-26.426878,2.1886988,0.7295663,0.136,0.0,0.15895186,0.0,0.0
hardzero_only__c0p58__z1p00__lam0p000__nu0p50__psi0p00,0.028,borrow,53,259,0.0,2,-0.6,-0.6,-0.61200005,1.0118184,0.0,0.09731541,0.0,0.0,0.028,0.0,0.012,0.6,0.6,-27.163574,2.226045,0.742015,0.192,0.0,0.14405976,0.0,0.0
hardzero_only__c0p58__z1p00__lam0p000__nu0p50__psi0p00,0.028,borrow,53,260,0.0,2,-0.6,-0.6,-0.61200005,1.0006922,0.0,0.099840716,0.0,0.0,0.028,0.0,0.012,0.6,0.6,-26.46789,2.201567,0.73385566,0.14999999,0.0,0.14212199,0.0,0.0
hardzero_only__c0p58__z1p00__lam0p000__nu0p50__psi0p00,0.028,borrow,53,261,0.0,2,-0.6,-0.6,-0.61200005,1.0203856,0.0,0.0954145,0.0,0.0,0.028,0.0,0.012,0.6,0.6,-27.625975,2.244893,0.7482977,0.208,0.0,0.13956518,0.0,0.0
hardzero_only__c0p58__z1p00__lam0p000__nu0p50__psi0p00,0.028,borrow,53,262,0.0,2,-0.6,-0.6,-0.6088713,0.9517861,0.111741334,0.111741334,1.0,0.0031287575,0.028,0.0,0.012,0.6,0.6,-26.44838,2.0939713,0.6979904,0.224,0.0,0.12775461,0.0,0.0
hardzero_only__c0p58__z1p00__lam0p000__nu0p50__psi0p00,0.028,borrow,53,263,0.0,2,-0.6,-0.6,-0.60902226,0.97326374,0.1063497,0.1063497,1.0,0.0029777917,0.028,0.0,0.012,0.6,0.6,-26.432508,2.141223,0.713741,0.17600001,0.0,0.15983729,0.0,0.0
hardzero_only__c0p58__z1p00__lam0p000__nu0p50__psi0p00,0.028,borrow,53,264,0.0,2,-0.6,-0.6,-0.61200005,1.0093087,0.0,0.097879395,0.0,0.0,0.028,0.0,0.012,0.6,0.6,-27.058096,2.2205234,0.7401745,0.16000001,0.0,0.140492,0.0,0.0
hardzero_only__c0p58__z1p00__lam0p000__nu0p50__psi0p00,0.028,borrow,53,265,0.0,2,-0.6,-0.6,-0.61200005,1.0402262,0.0,0.0911536,0.0,0.0,0.028,0.0,0.012,0.6,0.6,-27.745947,2.2885435,0.76284784,0.136,0.0,0.14373232,0.0,0.0
hardzero_only__c0p58__z1p00__lam0p000__nu0p50__psi0p00,0.028,borrow,53,266,0.0,2,-0.6,-0.6,-0.60881025,0.9433905,0.1139225,0.1139225,1.0,0.00318983,0.028,0.0,0.012,0.6,0.6,-25.889114,2.0755005,0.6918335,0.224,0.0,0.12966435,0.0,0.0
hardzero_only__c0p58__z1p00__lam0p000__nu0p50__psi0p00,0.028,borrow,53,267,0.0,2,-0.6,-0.6,-0.60904294,0.976294,0.105610244,0.105610244,1.0,0.002957087,0.028,0.0,0.012,0.6,0.6,-25.988176,2.1478896,0.71596324,0.16800001,0.0,0.14820631,0.0,0.0
hardzero_only__c0p58__z1p00__lam0p000__nu0p50__psi0p00,0.028,borrow,53,268,0.0,2,-0.6,-0.6,-0.61200005,1.0235953,0.0,0.094711915,0.0,0.0,0.028,0.0,0.012,0.6,0.6,-26.847582,2.2519548,0.7506516,0.16800001,0.0,0.14157125,0.0,0.0
hardzero_only__c0p58__z1p00__lam0p000__nu0p50__psi0p00,0.028,borrow,53,269,0.0,2,-0.6,-0.6,-0.6091558,0.9931869,0.101581134,0.101581134,1.0,0.002844272,0.028,0.0,0.012,0.6,0.6,-26.795084,2.1850548,0.7283516,0.14400001,0.0,0.13547358,0.0,0.0
hardzero_only__c0p58__z1p00__lam0p000__nu0p50__psi0p00,0.028,borrow,53,270,0.0,2,-0.6,-0.6,-0.61200005,1.058446,0.0,0.08740855,0.0,0.0,0.028,0.0,0.012,0.6,0.6,-27.852497,2.3286278,0.7762093,0.104,0.0,0.13658115,0.0,0.0
hardzero_only__c0p58__z1p00__lam0p000__nu0p50__psi0p00,0.028,borrow,53,271,0.0,2,-0.6,-0.6,-0.60904324,0.9763349,0.10560027,0.10560027,1.0,0.0029568076,0.028,0.0,0.012,0.6,0.6,-26.212185,2.1479797,0.7159933,0.192,0.0,0.12266396,0.0,0.0
hardzero_only__c0p58__z1p00__lam0p000__nu0p50__psi0p00,0.028,borrow,53,272,0.0,2,-0.6,-0.6,-0.61200005,1.0277499,0.0,0.09381021,0.0,0.0,0.028,0.0,0.012,0.6,0.6,-27.808487,2.261095,0.75369835,0.15200001,0.0,0.14712171,0.0,0.0
hardzero_only__c0p58__z1p00__lam0p000__nu0p50__psi0p00,0.028,borrow,53,273,0.0,2,-0.6,-0.6,-0.608803,0.9424056,0.114181146,0.114181146,1.0,0.003197072,0.028,0.0,0.012,0.6,0.6,-26.772568,2.0733337,0.69111127,0.13,0.0,0.14962652,0.0,0.0
hardzero_only__c0p58__z1p00__lam0p000__nu0p50__psi0p00,0.028,borrow,53,274,0.0,2,-0.6,-0.6,-0.61200005,1.005252,0.0,0.09879798,0.0,0.0,0.028,0.0,0.012,0.6,0.6,-26.582727,2.2115986,0.73719954,0.15200001,0.0,0.13647184,0.0,0.0
hardzero_only__c0p58__z1p00__lam0p000__nu0p50__psi0p00,0.028,borrow,53,275,0.0,2,-0.6,-0.6,-0.6089176,0.9582596,0.110088095,0.110088095,1.0,0.0030824668,0.028,0.0,0.012,0.6,0.6,-26.195728,2.1082132,0.70273775,0.208,0.0,0.1464564,0.0,0.0
hardzero_only__c0p58__z1p00__lam0p000__nu0p50__psi0p00,0.028,borrow,53,276,0.0,2,-0.6,-0.6,-0.60903615,0.975293,0.10585393,0.10585393,1.0,0.00296391,0.028,0.0,0.012,0.6,0.6,-27.486814,2.1456873,0.71522915,0.16000001,0.0,0.15353486,0.0,0.0
hardzero_only__c0p58__z1p00__lam0p000__nu0p50__psi0p00,0.028,borrow,53,277,0.0,2,-0.6,-0.6,-0.61200005,1.0273935,0.0,0.09388723,0.0,0.0,0.028,0.0,0.012,0.6,0.6,-27.59013,2.2603106,0.7534369,0.16000001,0.0,0.1391411,0.0,0.0
hardzero_only__c0p58__z1p00__lam0p000__nu0p50__psi0p00,0.028,borrow,53,278,0.0,2,-0.6,-0.6,-0.60905355,0.9778504,0.105232425,0.105232425,1.0,0.002946508,0.028,0.0,0.012,0.6,0.6,-26.296148,2.1513138,0.7171046,0.136,0.0,0.1377792,0.0,0.0
hardzero_only__c0p58__z1p00__lam0p000__nu0p50__psi0p00,0.028,borrow,53,279,0.0,2,-0.6,-0.6,-0.6088407,0.94755805,0.11283451,0.11283451,1.0,0.0031593665,0.028,0.0,0.012,0.6,0.6,-25.819424,2.0846694,0.6948898,0.18400002,0.0,0.14000343,0.0,0.0
hardzero_only__c0p58__z1p00__lam0p000__nu0p50__psi0p00,0.028,borrow,53,280,0.0,2,-0.6,-0.6,-0.61200005,1.0246766,0.0,0.09447641,0.0,0.0,0.028,0.0,0.012,0.6,0.6,-27.287682,2.2543335,0.7514445,0.14400001,0.0,0.14079708,0.0,0.0
hardzero_only__c0p58__z1p00__lam0p000__nu0p50__psi0p00,0.028,borrow,53,281,0.0,2,-0.6,-0.6,-0.6088541,0.9494066,0.112355255,0.112355255,1.0,0.0031459471,0.028,0.0,0.012,0.6,0.6,-26.514357,2.0887363,0.69624543,0.272,0.0,0.13337652,0.0,0.0
hardzero_only__c0p58__z1p00__lam0p000__nu0p50__psi0p00,0.028,borrow,53,282,0.0,2,-0.6,-0.6,-0.6088041,0.9425629,0.1141398,0.1141398,1.0,0.0031959147,0.028,0.0,0.012,0.6,0.6,-26.101587,2.0736797,0.6912266,0.16800001,0.0,0.13602829,0.0,0.0
hardzero_only__c0p58__z1p00__lam0p000__nu0p50__psi0p00,0.028,borrow,53,283,0.0,2,-0.6,-0.6,-0.6091522,0.9926365,0.10170997,0.10170997,1.0,0.0028478792,0.028,0.0,0.012,0.6,0.6,-26.948465,2.1838439,0.72794795,0.136,0.0,0.16316967,0.0,0.0
hardzero_only__c0p58__z1p00__lam0p000__nu0p50__psi0p00,0.028,borrow,53,284,0.0,2,-0.6,-0.6,-0.6089497,0.9628131,0.108939886,0.108939886,1.0,0.0030503168,0.028,0.0,0.012,0.6,0.6,-25.974947,2.118231,0.70607704,0.136,0.0,0.12376634,0.0,0.0
hardzero_only__c0p58__z1p00__lam0p000__nu0p50__psi0p00,0.028,borrow,53,285,0.0,2,-0.6,-0.6,-0.60893196,0.9602925,0.109574,0.109574,1.0,0.003068072,0.028,0.0,0.012,0.6,0.6,-26.571106,2.1126857,0.7042286,0.2,0.0,0.16714077,0.0,0.0
hardzero_only__c0p58__z1p00__lam0p000__nu0p50__psi0p00,0.028,borrow,53,286,0.0,2,-0.6,-0.6,-0.6091537,0.9928649,0.10165649,0.10165649,1.0,0.0028463819,0.028,0.0,0.012,0.6,0.6,-26.521933,2.1843464,0.7281155,0.19999999,0.0,0.1533108,0.0,0.0
hardzero_only__c0p58__z1p00__lam0p000__nu0p50__psi0p00,0.028,borrow,53,287,0.0,2,-0.6,-0.6,-0.6091616,0.99407923,0.10137264,0.10137264,1.0,0.002838434,0.028,0.0,0.012,0.6,0.6,-26.09249,2.187018,0.729006,0.192,0.0,0.1042983,0.0,0.0
hardzero_only__c0p58__z1p00__lam0p000__nu0p50__psi0p00,0.028,borrow,53,288,0.0,2,-0.6,-0.6,-0.61200005,1.0371559,0.0,0.0918003,0.0,0.0,0.028,0.0,0.012,0.6,0.6,-27.734266,2.2817886,0.7605962,0.112,0.0,0.16989033,0.0,0.0
hardzero_only__c0p58__z1p00__lam0p000__nu0p50__psi0p00,0.028,borrow,53,289,0.0,2,-0.6,-0.6,-0.61200005,1.0287765,0.0,0.09358872,0.0,0.0,0.028,0.0,0.012,0.6,0.6,-27.431728,2.2633536,0.7544512,0.16000001,0.0,0.14974162,0.0,0.0
hardzero_only__c0p58__z1p00__lam0p000__nu0p50__psi0p00,0.028,borrow,53,290,0.0,2,-0.6,-0.6,-0.6089041,0.9563707,0.11056794,0.11056794,1.0,0.0030959025,0.028,0.0,0.012,0.6,0.6,-26.451439,2.1040576,0.70135254,0.16000001,0.0,0.112982005,0.0,0.0
hardzero_only__c0p58__z1p00__lam0p000__nu0p50__psi0p00,0.028,borrow,53,291,0.0,2,-0.6,-0.6,-0.6091493,0.9921961,0.10181315,0.10181315,1.0,0.0028507684,0.028,0.0,0.012,0.6,0.6,-26.774256,2.182875,0.727625,0.2,0.0,0.13784216,0.0,0.0
hardzero_only__c0p58__z1p00__lam0p000__nu0p50__psi0p00,0.028,borrow,53,292,0.0,2,-0.6,-0.6,-0.60898596,0.9680056,0.10764514,0.10764514,1.0,0.003014064,0.028,0.0,0.012,0.6,0.6,-26.566525,2.129655,0.709885,0.18400002,0.0,0.14632848,0.0,0.0
hardzero_only__c0p58__z1p00__lam0p000__nu0p50__psi0p00,0.028,borrow,53,293,0.0,2,-0.6,-0.6,-0.61200005,1.0073589,0.0,0.09831983,0.0,0.0,0.028,0.0,0.012,0.6,0.6,-27.776453,2.2162337,0.7387446,0.17600001,0.0,0.15505916,0.0,0.0
hardzero_only__c0p58__z1p00__lam0p000__nu0p50__psi0p00,0.028,borrow,53,294,0.0,2,-0.6,-0.6,-0.60902107,0.97308654,0.10639309,0.10639309,1.0,0.0029790066,0.028,0.0,0.012,0.6,0.6,-26.676802,2.1408331,0.71361107,0.2,0.0,0.14534186,0.0,0.0
hardzero_only__c0p58__z1p00__lam0p000__nu0p50__psi0p00,0.028,borrow,53,295,0.0,2,-0.6,-0.6,-0.61200005,1.0194514,0.0,0.095619984,0.0,0.0,0.028,0.0,0.012,0.6,0.6,-27.277048,2.242838,0.74761266,0.18400002,0.0,0.12772445,0.0,0.0
hardzero_only__c0p58__z1p00__lam0p000__nu0p50__psi0p00,0.028,borrow,53,296,0.0,2,-0.6,-0.6,-0.6091736,0.995915,0.10094504,0.10094504,1.0,0.0028264613,0.028,0.0,0.012,0.6,0.6,-27.602427,2.1910567,0.7303523,0.16000001,0.008,0.14749245,0.0,0.0
hardzero_only__c0p58__z1p00__lam0p000__nu0p50__psi0p00,0.028,borrow,53,297,0.0,2,-0.6,-0.6,-0.61200005,1.0080429,0.0,0.09816507,0.0,0.0,0.028,0.0,0.012,0.6,0.6,-27.504759,2.2177386,0.73924625,0.16000001,0.0,0.13089147,0.0,0.0
hardzero_only__c0p58__z1p00__lam0p000__nu0p50__psi0p00,0.028,borrow,53,298,0.0,2,-0.6,-0.6,-0.60915804,0.99352866,0.10150123,0.10150123,1.0,0.0028420344,0.028,0.0,0.012,0.6,0.6,-27.372688,2.1858068,0.7286023,0.18400002,0.0,0.14563204,0.0,0.0
hardzero_only__c0p58__z1p00__lam0p000__nu0p50__psi0p00,0.028,borrow,53,299,0.0,2,-0.6,-0.6,-0.61200005,1.0067991,0.0,0.09844664,0.0,0.0,0.028,0.0,0.012,0.6,0.6,-27.179165,2.2150023,0.7383341,0.24,0.0,0.19262122,0.0,0.0
hardzero_only__c0p58__z1p00__lam0p000__nu0p50__psi0p00,0.028,borrow,53,300,0.0,2,-0.6,-0.6,-0.61200005,1.0198328,0.0,0.09553601,0.0,0.0,0.028,0.0,0.012,0.6,0.6,-26.738396,2.2436771,0.7478924,0.14400001,0.0,0.13504916,0.0,0.0
hardzero_only__c0p58__z1p00__lam0p000__nu0p50__psi0p00,0.028,borrow,53,301,0.0,2,-0.6,-0.6,-0.60905623,0.97824365,0.10513718,0.10513718,1.0,0.002943841,0.028,0.0,0.012,0.6,0.6,-26.622719,2.152179,0.71739304,0.15200001,0.0,0.13530314,0.0,0.0
hardzero_only__c0p58__z1p00__lam0p000__nu0p50__psi0p00,0.028,borrow,53,302,0.0,2,-0.6,-0.6,-0.6089115,0.9574077,0.110304244,0.110304244,1.0,0.003088519,0.028,0.0,0.012,0.6,0.6,-26.173468,2.106339,0.70211303,0.14400001,0.0,0.13596344,0.0,0.0
hardzero_only__c0p58__z1p00__lam0p000__nu0p50__psi0p00,0.028,borrow,53,303,0.0,2,-0.6,-0.6,-0.61200005,1.0815585,0.0,0.08287842,0.0,0.0,0.028,0.0,0.012,0.6,0.6,-27.731499,2.379476,0.7931587,0.120000005,0.0,0.15237111,0.0,0.0
hardzero_only__c0p58__z1p00__lam0p000__nu0p50__psi0p00,0.028,borrow,53,304,0.0,2,-0.6,-0.6,-0.60880154,0.9422082,0.11423307,0.11423307,1.0,0.003198526,0.028,0.0,0.012,0.6,0.6,-25.724247,2.0728993,0.6909665,0.16800001,0.0,0.14108032,0.0,0.0
hardzero_only__c0p58__z1p00__lam0p000__nu0p50__psi0p00,0.028,borrow,53,305,0.0,2,-0.6,-0.6,-0.60919434,0.9991198,0.10020288,0.10020288,1.0,0.0028056807,0.028,0.0,0.012,0.6,0.6,-26.980705,2.1981075,0.7327025,0.128,0.0,0.13831468,0.0,0.0
hardzero_only__c0p58__z1p00__lam0p000__nu0p50__psi0p00,0.028,borrow,53,306,0.0,2,-0.6,-0.6,-0.61200005,1.029813,0.0,0.0933656,0.0,0.0,0.028,0.0,0.012,0.6,0.6,-27.099287,2.2656338,0.7552113,0.2,0.0,0.1792878,0.0,0.0
hardzero_only__c0p58__z1p00__lam0p000__nu0p50__psi0p00,0.028,borrow,53,307,0.0,2,-0.6,-0.6,-0.61200005,1.003218,0.0,0.09926176,0.0,0.0,0.028,0.0,0.012,0.6,0.6,-27.050508,2.2071238,0.73570794,0.16800001,0.0,0.1404821,0.0,0.0
hardzero_only__c0p58__z1p00__lam0p000__nu0p50__psi0p00,0.028,borrow,53,308,0.0,2,-0.6,-0.6,-0.60911363,0.9868013,0.10308574,0.10308574,1.0,0.0028864008,0.028,0.0,0.012,0.6,0.6,-26.900064,2.1710062,0.72366875,0.224,0.0,0.14420399,0.0,0.0
hardzero_only__c0p58__z1p00__lam0p000__nu0p50__psi0p00,0.028,borrow,53,309,0.0,2,-0.6,-0.6,-0.61200005,1.0453988,0.0,0.09007436,0.0,0.0,0.028,0.0,0.012,0.6,0.6,-27.696667,2.2999234,0.76664114,0.16800001,0.0,0.14375858,0.0,0.0
hardzero_only__c0p58__z1p00__lam0p000__nu0p50__psi0p00,0.028,borrow,53,310,0.0,2,-0.6,-0.6,-0.61200005,1.0075103,0.0,0.09828555,0.0,0.0,0.028,0.0,0.012,0.6,0.6,-27.35968,2.216567,0.7388557,0.136,0.0,0.15213092,0.0,0.0
hardzero_only__c0p58__z1p00__lam0p000__nu0p50__psi0p00,0.028,borrow,53,311,0.0,2,-0.6,-0.6,-0.61200005,1.0051236,0.0,0.09882716,0.0,0.0,0.028,0.0,0.012,0.6,0.6,-27.10849,2.211316,0.73710537,0.136,0.0,0.14238602,0.0,0.0
hardzero_only__c0p58__z1p00__lam0p000__nu0p50__psi0p00,0.028,borrow,53,312,0.0,2,-0.6,-0.6,-0.61200005,1.0209107,0.0,0.095299184,0.0,0.0,0.028,0.0,0.012,0.6,0.6,-27.010263,2.2460485,0.74868286,0.16,0.0,0.13190137,0.0,0.0
hardzero_only__c0p58__z1p00__lam0p000__nu0p50__psi0p00,0.028,borrow,53,313,0.0,2,-0.6,-0.6,-0.61200005,1.012325,0.0,0.09720194,0.0,0.0,0.028,0.0,0.012,0.6,0.6,-28.191816,2.2271595,0.7423865,0.15200001,0.0,0.17448726,0.0,0.0
hardzero_only__c0p58__z1p00__lam0p000__nu0p50__psi0p00,0.028,borrow,53,314,0.0,2,-0.6,-0.6,-0.61200005,1.0212938,0.0,0.09521518,0.0,0.0,0.028,0.0,0.012,0.6,0.6,-28.238972,2.2468913,0.7489638,0.16000001,0.0,0.15752037,0.0,0.0
hardzero_only__c0p58__z1p00__lam0p000__nu0p50__psi0p00,0.028,borrow,53,315,0.0,2,-0.6,-0.6,-0.6091901,0.9984608,0.10035504,0.10035504,1.0,0.002809941,0.028,0.0,0.012,0.6,0.6,-27.528526,2.1966577,0.7322192,0.136,0.0,0.14650643,0.0,0.0
hardzero_only__c0p58__z1p00__lam0p000__nu0p50__psi0p00,0.028,borrow,53,316,0.0,2,-0.6,-0.6,-0.60917705,0.9964497,0.10082084,0.10082084,1.0,0.0028229835,0.028,0.0,0.012,0.6,0.6,-27.397036,2.192233,0.73074436,0.16800001,0.0,0.1537852,0.0,0.0
hardzero_only__c0p58__z1p00__lam0p000__nu0p50__psi0p00,0.028,borrow,53,317,0.0,2,-0.6,-0.6,-0.61200005,1.0402617,0.0,0.09114612,0.0,0.0,0.028,0.0,0.012,0.6,0.6,-27.398346,2.2886217,0.7628739,0.17600001,0.0,0.15726276,0.0,0.0
hardzero_only__c0p58__z1p00__lam0p000__nu0p50__psi0p00,0.028,borrow,53,318,0.0,2,-0.6,-0.6,-0.6089382,0.96117526,0.10935149,0.10935149,1.0,0.003061842,0.028,0.0,0.012,0.6,0.6,-25.33777,2.1146278,0.70487595,0.208,0.0,0.11660907,0.0,0.0
hardzero_only__c0p58__z1p00__lam0p000__nu0p50__psi0p00,0.028,borrow,53,319,0.0,2,-0.6,-0.6,-0.61200005,1.0162277,0.0,0.09633238,0.0,0.0,0.028,0.0,0.012,0.6,0.6,-26.955107,2.2357457,0.74524856,0.14400001,0.0,0.13945499,0.0,0.0
hardzero_only__c0p58__z1p00__lam0p000__nu0p50__psi0p00,0.028,borrow,53,320,0.0,2,-0.6,-0.6,-0.61200005,1.0218747,0.0,0.09508791,0.0,0.0,0.028,0.0,0.012,0.6,0.6,-26.737177,2.2481692,0.74938977,0.080000006,0.0,0.15758815,0.0,0.0
hardzero_only__c0p58__z1p00__lam0p000__nu0p50__psi0p00,0.028,borrow,53,321,0.0,2,-0.6,-0.6,-0.6086782,0.9257838,0.118635915,0.118635915,1.0,0.0033218057,0.028,0.0,0.012,0.6,0.6,-25.973303,2.036765,0.6789217,0.17600001,0.0,0.13470717,0.0,0.0
hardzero_only__c0p58__z1p00__lam0p000__nu0p50__psi0p00,0.028,borrow,53,322,0.0,2,-0.6,-0.6,-0.60900605,0.97090405,0.1069291,0.1069291,1.0,0.0029940149,0.028,0.0,0.012,0.6,0.6,-27.069424,2.1360316,0.71201056,0.136,0.0,0.15143731,0.0,0.0
hardzero_only__c0p58__z1p00__lam0p000__nu0p50__psi0p00,0.028,borrow,53,323,0.0,2,-0.6,-0.6,-0.61200005,1.0089993,0.0,0.09794915,0.0,0.0,0.028,0.0,0.012,0.6,0.6,-27.541357,2.219843,0.7399477,0.17600001,0.0,0.1596991,0.0,0.0
hardzero_only__c0p58__z1p00__lam0p000__nu0p50__psi0p00,0.028,borrow,53,324,0.0,2,-0.6,-0.6,-0.6091457,0.99165356,0.10194042,0.10194042,1.0,0.0028543319,0.028,0.0,0.012,0.6,0.6,-25.812403,2.1816814,0.72722715,0.120000005,0.0,0.12971105,0.0,0.0
hardzero_only__c0p58__z1p00__lam0p000__nu0p50__psi0p00,0.028,borrow,53,325,0.0,2,-0.6,-0.6,-0.60902995,0.9743885,0.10607462,0.10607462,1.0,0.0029700894,0.028,0.0,0.012,0.6,0.6,-26.801903,2.1436975,0.7145659,0.19,0.0,0.15366362,0.0,0.0
hardzero_only__c0p58__z1p00__lam0p000__nu0p50__psi0p00,0.028,borrow,53,326,0.0,2,-0.6,-0.6,-0.6088743,0.9522045,0.111633725,0.111633725,1.0,0.0031257444,0.028,0.0,0.012,0.6,0.6,-26.235401,2.0948918,0.69829726,0.136,0.0,0.106907226,0.0,0.0
hardzero_only__c0p58__z1p00__lam0p000__nu0p50__psi0p00,0.028,borrow,53,327,0.0,2,-0.6,-0.6,-0.61200005,1.0050622,0.0,0.09884114,0.0,0.0,0.028,0.0,0.012,0.6,0.6,-27.224737,2.2111812,0.7370604,0.14400001,0.008,0.15997177,0.0,0.0
hardzero_only__c0p58__z1p00__lam0p000__nu0p50__psi0p00,0.028,borrow,53,328,0.0,2,-0.6,-0.6,-0.61200005,1.0343926,0.0,0.09238625,0.0,0.0,0.028,0.0,0.012,0.6,0.6,-27.81696,2.2757092,0.7585697,0.17600001,0.0,0.15362832,0.0,0.0
hardzero_only__c0p58__z1p00__lam0p000__nu0p50__psi0p00,0.028,borrow,53,329,0.0,2,-0.6,-0.6,-0.60900426,0.9706467,0.1069925,0.1069925,1.0,0.00299579,0.028,0.0,0.012,0.6,0.6,-26.398876,2.1354654,0.7118218,0.136,0.0,0.14896007,0.0,0.0
hardzero_only__c0p58__z1p00__lam0p000__nu0p50__psi0p00,0.028,borrow,53,330,0.0,2,-0.6,-0.6,-0.61200005,1.0057143,0.0,0.09869286,0.0,0.0,0.028,0.0,0.012,0.6,0.6,-27.327652,2.2126157,0.7375386,0.18400002,0.0,0.1717527,0.0,0.0
hardzero_only__c0p58__z1p00__lam0p000__nu0p50__psi0p00,0.028,borrow,53,331,0.0,2,-0.6,-0.6,-0.61200005,1.0354487,0.0,0.09216189,0.0,0.0,0.028,0.0,0.012,0.6,0.6,-27.406483,2.2780325,0.7593442,0.128,0.0,0.14049947,0.0,0.0
hardzero_only__c0p58__z1p00__lam0p000__nu0p50__psi0p00,0.028,borrow,53,332,0.0,2,-0.6,-0.6,-0.60918814,0.99816066,0.100424424,0.100424424,1.0,0.002811884,0.028,0.0,0.012,0.6,0.6,-26.781929,2.1959972,0.7319991,0.16000001,0.0,0.14725547,0.0,0.0
hardzero_only__c0p58__z1p00__lam0p000__nu0p50__psi0p00,0.028,borrow,53,333,0.0,2,-0.6,-0.6,-0.6090192,0.9728191,0.10645863,0.10645863,1.0,0.0029808416,0.028,0.0,0.012,0.6,0.6,-26.810001,2.1402447,0.7134149,0.16000001,0.008,0.12531748,0.0,0.0
hardzero_only__c0p58__z1p00__lam0p000__nu0p50__psi0p00,0.028,borrow,53,334,0.0,2,-0.6,-0.6,-0.6090224,0.9732853,0.106344424,0.106344424,1.0,0.0029776439,0.028,0.0,0.012,0.6,0.6,-26.897457,2.1412704,0.7137568,0.24000001,0.0,0.15510203,0.0,0.0
hardzero_only__c0p58__z1p00__lam0p000__nu0p50__psi0p00,0.028,borrow,53,335,0.0,2,-0.6,-0.6,-0.6091373,0.9903715,0.102241784,0.102241784,1.0,0.00286277,0.028,0.0,0.012,0.6,0.6,-26.676964,2.178861,0.726287,0.15200001,0.0,0.14869323,0.0,0.0
hardzero_only__c0p58__z1p00__lam0p000__nu0p50__psi0p00,0.028,borrow,53,336,0.0,2,-0.6,-0.6,-0.609121,0.98791134,0.10282261,0.10282261,1.0,0.002879033,0.028,0.0,0.012,0.6,0.6,-26.851635,2.1734483,0.7244828,0.18400002,0.0,0.13796501,0.0,0.0
hardzero_only__c0p58__z1p00__lam0p000__nu0p50__psi0p00,0.028,borrow,53,337,0.0,2,-0.6,-0.6,-0.61200005,1.039069,0.0,0.09139678,0.0,0.0,0.028,0.0,0.012,0.6,0.6,-27.085499,2.2859976,0.76199925,0.15200001,0.0,0.13742618,0.0,0.0
hardzero_only__c0p58__z1p00__lam0p000__nu0p50__psi0p00,0.028,borrow,53,338,0.0,2,-0.6,-0.6,-0.60881716,0.9443336,0.11367538,0.11367538,1.0,0.0031829106,0.028,0.0,0.012,0.6,0.6,-25.646187,2.0775754,0.69252515,0.19999999,0.0,0.1390695,0.0,0.0
hardzero_only__c0p58__z1p00__lam0p000__nu0p50__psi0p00,0.028,borrow,53,339,0.0,2,-0.6,-0.6,-0.6090559,0.9781929,0.10514946,0.10514946,1.0,0.0029441852,0.028,0.0,0.012,0.6,0.6,-26.876204,2.1520674,0.71735585,0.104,0.0,0.13000278,0.0,0.0
hardzero_only__c0p58__z1p00__lam0p000__nu0p50__psi0p00,0.028,borrow,53,340,0.0,2,-0.6,-0.6,-0.60917705,0.99644613,0.10082165,0.10082165,1.0,0.0028230064,0.028,0.0,0.012,0.6,0.6,-26.772585,2.1922252,0.73074174,0.128,0.0,0.13064666,0.0,0.0
hardzero_only__c0p58__z1p00__lam0p000__nu0p50__psi0p00,0.028,borrow,53,341,0.0,2,-0.6,-0.6,-0.61200005,1.0275056,0.0,0.09386299,0.0,0.0,0.028,0.0,0.012,0.6,0.6,-27.668072,2.2605574,0.7535192,0.18400002,0.0,0.15941155,0.0,0.0
hardzero_only__c0p58__z1p00__lam0p000__nu0p50__psi0p00,0.028,borrow,53,342,0.0,2,-0.6,-0.6,-0.61200005,1.0095218,0.0,0.097831376,0.0,0.0,0.028,0.0,0.012,0.6,0.6,-27.52672,2.2209923,0.7403308,0.128,0.0,0.16342072,0.0,0.0
hardzero_only__c0p58__z1p00__lam0p000__nu0p50__psi0p00,0.028,borrow,53,343,0.0,2,-0.6,-0.6,-0.6087052,0.9293281,0.11767167,0.11767167,1.0,0.003294807,0.028,0.0,0.012,0.6,0.6,-26.466812,2.0445626,0.6815209,0.208,0.0,0.14767851,0.0,0.0
hardzero_only__c0p58__z1p00__lam0p000__nu0p50__psi0p00,0.028,borrow,53,344,0.0,2,-0.6,-0.6,-0.61200005,1.0055418,0.0,0.09873207,0.0,0.0,0.028,0.0,0.012,0.6,0.6,-27.312754,2.2122362,0.7374121,0.224,0.0,0.15185063,0.0,0.0
hardzero_only__c0p58__z1p00__lam0p000__nu0p50__psi0p00,0.028,borrow,53,345,0.0,2,-0.6,-0.6,-0.6089578,0.96396655,0.10865093,0.10865093,1.0,0.0030422262,0.028,0.0,0.012,0.6,0.6,-26.145836,2.1207688,0.70692295,0.14400001,0.0,0.13559754,0.0,0.0
hardzero_only__c0p58__z1p00__lam0p000__nu0p50__psi0p00,0.028,borrow,53,346,0.0,2,-0.6,-0.6,-0.61200005,1.0461172,0.0,0.08992549,0.0,0.0,0.028,0.0,0.012,0.6,0.6,-27.753958,2.3015037,0.7671679,0.104,0.0,0.13848658,0.0,0.0
hardzero_only__c0p58__z1p00__lam0p000__nu0p50__psi0p00,0.028,borrow,53,347,0.0,2,-0.6,-0.6,-0.60852027,0.9056048,0.12427828,0.12427828,1.0,0.0034797918,0.028,0.0,0.012,0.6,0.6,-25.651382,1.9923702,0.6641234,0.14400001,0.0,0.118523896,0.0,0.0
hardzero_only__c0p58__z1p00__lam0p000__nu0p50__psi0p00,0.028,borrow,53,348,0.0,2,-0.6,-0.6,-0.61200005,1.020768,0.0,0.09533052,0.0,0.0,0.028,0.0,0.012,0.6,0.6,-27.874779,2.2457345,0.7485782,0.16000001,0.0,0.15629166,0.0,0.0
hardzero_only__c0p58__z1p00__lam0p000__nu0p50__psi0p00,0.028,borrow,53,349,0.0,2,-0.6,-0.6,-0.60906035,0.9788515,0.10499014,0.10499014,1.0,0.002939724,0.028,0.0,0.012,0.6,0.6,-26.433558,2.1535163,0.71783876,0.18400002,0.0,0.14447577,0.0,0.0
hardzero_only__c0p58__z1p00__lam0p000__nu0p50__psi0p00,0.028,borrow,53,350,0.0,2,-0.6,-0.6,-0.60918784,0.99810755,0.10043671,0.10043671,1.0,0.002812228,0.028,0.0,0.012,0.6,0.6,-27.24438,2.1958804,0.7319602,0.14400001,0.0,0.1348014,0.0,0.0
hardzero_only__c0p58__z1p00__lam0p000__nu0p50__psi0p00,0.028,borrow,53,351,0.0,2,-0.6,-0.6,-0.61200005,1.0056593,0.0,0.09870535,0.0,0.0,0.028,0.0,0.012,0.6,0.6,-27.292759,2.2124949,0.7374983,0.12,0.0,0.11223768,0.0,0.0
hardzero_only__c0p58__z1p00__lam0p000__nu0p50__psi0p00,0.028,borrow,53,352,0.0,2,-0.6,-0.6,-0.60899127,0.9687642,0.10745726,0.10745726,1.0,0.0030088034,0.028,0.0,0.012,0.6,0.6,-26.370491,2.1313238,0.7104413,0.15200001,0.0,0.14042872,0.0,0.0
hardzero_only__c0p58__z1p00__lam0p000__nu0p50__psi0p00,0.028,borrow,53,353,0.0,2,-0.6,-0.6,-0.60891116,0.9573525,0.11031826,0.11031826,1.0,0.0030889113,0.028,0.0,0.012,0.6,0.6,-26.911846,2.1062176,0.70207256,0.208,0.0,0.13488582,0.0,0.0
hardzero_only__c0p58__z1p00__lam0p000__nu0p50__psi0p00,0.028,borrow,53,354,0.0,2,-0.6,-0.6,-0.60869217,0.927606,0.11813921,0.11813921,1.0,0.0033078978,0.028,0.0,0.012,0.6,0.6,-25.86596,2.0407739,0.680258,0.17600001,0.0,0.10893674,0.0,0.0
hardzero_only__c0p58__z1p00__lam0p000__nu0p50__psi0p00,0.028,borrow,53,355,0.0,2,-0.6,-0.6,-0.61200005,1.0052289,0.0,0.09880322,0.0,0.0,0.028,0.0,0.012,0.6,0.6,-28.172709,2.2115476,0.73718256,0.136,0.0,0.17890549,0.0,0.0
hardzero_only__c0p58__z1p00__lam0p000__nu0p50__psi0p00,0.028,borrow,53,356,0.0,2,-0.6,-0.6,-0.60912526,0.9885551,0.10267032,0.10267032,1.0,0.002874769,0.028,0.0,0.012,0.6,0.6,-26.453482,2.1748645,0.72495484,0.272,0.0,0.15054443,0.0,0.0
hardzero_only__c0p58__z1p00__lam0p000__nu0p50__psi0p00,0.028,borrow,53,357,0.0,2,-0.6,-0.6,-0.61200005,1.0612953,0.0,0.08683698,0.0,0.0,0.028,0.0,0.012,0.6,0.6,-28.062107,2.334896,0.77829874,0.14400001,0.0,0.15491043,0.0,0.0
hardzero_only__c0p58__z1p00__lam0p000__nu0p50__psi0p00,0.028,borrow,53,358,0.0,2,-0.6,-0.6,-0.61200005,1.002413,0.0,0.09944593,0.0,0.0,0.028,0.0,0.012,0.6,0.6,-27.380655,2.2053528,0.7351176,0.128,0.0,0.18056493,0.0,0.0
hardzero_only__c0p58__z1p00__lam0p000__nu0p50__psi0p00,0.028,borrow,53,359,0.0,2,-0.6,-0.6,-0.6090813,0.9819629,0.104240626,0.104240626,1.0,0.0029187377,0.028,0.0,0.012,0.6,0.6,-26.53994,2.1603615,0.72012055,0.17600001,0.0,0.120130494,0.0,0.0
hardzero_only__c0p58__z1p00__lam0p000__nu0p50__psi0p00,0.028,borrow,53,360,0.0,2,-0.6,-0.6,-0.6086645,0.92399454,0.11912569,0.11912569,1.0,0.0033355192,0.028,0.0,0.012,0.6,0.6,-26.510012,2.0328286,0.67760956,0.2,0.0,0.14493875,0.0,0.0
hardzero_only__c0p58__z1p00__lam0p000__nu0p50__psi0p00,0.028,borrow,53,361,0.0,2,-0.6,-0.6,-0.6086427,0.9211577,0.11990636,0.11990636,1.0,0.003357378,0.028,0.0,0.012,0.6,0.6,-25.816406,2.0265875,0.6755292,0.208,0.0,0.13716488,0.0,0.0
hardzero_only__c0p58__z1p00__lam0p000__nu0p50__psi0p00,0.028,borrow,53,362,0.0,2,-0.6,-0.6,-0.61200005,1.0141118,0.0,0.09680287,0.0,0.0,0.028,0.0,0.012,0.6,0.6,-27.306776,2.2310903,0.7436968,0.15200001,0.0,0.13747303,0.0,0.0
hardzero_only__c0p58__z1p00__lam0p000__nu0p50__psi0p00,0.028,borrow,53,363,0.0,2,-0.6,-0.6,-0.6091141,0.9868676,0.10307002,0.10307002,1.0,0.0028859607,0.028,0.0,0.012,0.6,0.6,-26.515541,2.171152,0.7237174,0.14400001,0.0,0.1252892,0.0,0.0
hardzero_only__c0p58__z1p00__lam0p000__nu0p50__psi0p00,0.028,borrow,53,364,0.0,2,-0.6,-0.6,-0.6088929,0.9548018,0.11096812,0.11096812,1.0,0.0031071075,0.028,0.0,0.012,0.6,0.6,-26.368835,2.100606,0.700202,0.16,0.0,0.119571336,0.0,0.0
hardzero_only__c0p58__z1p00__lam0p000__nu0p50__psi0p00,0.028,borrow,53,365,0.0,2,-0.6,-0.6,-0.6090947,0.9839531,0.10376405,0.10376405,1.0,0.0029053935,0.028,0.0,0.012,0.6,0.6,-26.255678,2.16474,0.72158,0.14400001,0.0,0.14857133,0.0,0.0
hardzero_only__c0p58__z1p00__lam0p000__nu0p50__psi0p00,0.028,borrow,53,366,0.0,2,-0.6,-0.6,-0.60915637,0.9932807,0.1015592,0.1015592,1.0,0.0028436577,0.028,0.0,0.012,0.6,0.6,-26.600864,2.1852612,0.72842044,0.208,0.0,0.14312309,0.0,0.0
hardzero_only__c0p58__z1p00__lam0p000__nu0p50__psi0p00,0.028,borrow,53,367,0.0,2,-0.6,-0.6,-0.60895544,0.96362555,0.10873628,0.10873628,1.0,0.0030446157,0.028,0.0,0.012,0.6,0.6,-26.583271,2.1200185,0.70667285,0.216,0.0,0.14809696,0.0,0.0
hardzero_only__c0p58__z1p00__lam0p000__nu0p50__psi0p00,0.028,borrow,53,368,0.0,2,-0.6,-0.6,-0.61200005,1.0019661,0.0,0.09954831,0.0,0.0,0.028,0.0,0.012,0.6,0.6,-26.970558,2.2043695,0.73478985,0.23200001,0.0,0.15254064,0.0,0.0
hardzero_only__c0p58__z1p00__lam0p000__nu0p50__psi0p00,0.028,borrow,53,369,0.0,2,-0.6,-0.6,-0.60916823,0.9950968,0.101135395,0.101135395,1.0,0.002831791,0.028,0.0,0.012,0.6,0.6,-27.641972,2.1892567,0.72975224,0.15200001,0.0,0.12642108,0.0,0.0
hardzero_only__c0p58__z1p00__lam0p000__nu0p50__psi0p00,0.028,borrow,53,370,0.0,2,-0.6,-0.6,-0.60911644,0.98722523,0.10298518,0.10298518,1.0,0.0028835852,0.028,0.0,0.012,0.6,0.6,-26.56045,2.171939,0.72397965,0.128,0.0,0.13732482,0.0,0.0
hardzero_only__c0p58__z1p00__lam0p000__nu0p50__psi0p00,0.028,borrow,53,371,0.0,2,-0.6,-0.6,-0.6088953,0.9551315,0.110883914,0.110883914,1.0,0.0031047496,0.028,0.0,0.012,0.6,0.6,-25.630472,2.1013312,0.70044374,0.15200001,0.0,0.1419277,0.0,0.0
hardzero_only__c0p58__z1p00__lam0p000__nu0p50__psi0p00,0.028,borrow,53,372,0.0,2,-0.6,-0.6,-0.6086937,0.92781186,0.118083194,0.118083194,1.0,0.0033063295,0.028,0.0,0.012,0.6,0.6,-25.803268,2.0412269,0.68040895,0.18400002,0.0,0.12473399,0.0,0.0
hardzero_only__c0p58__z1p00__lam0p000__nu0p50__psi0p00,0.028,borrow,53,373,0.0,2,-0.6,-0.6,-0.6090033,0.9705085,0.10702653,0.10702653,1.0,0.002996743,0.028,0.0,0.012,0.6,0.6,-26.730497,2.1351614,0.71172047,0.16000001,0.0,0.14294663,0.0,0.0
hardzero_only__c0p58__z1p00__lam0p000__nu0p50__psi0p00,0.028,borrow,53,374,0.0,2,-0.6,-0.6,-0.6091254,0.98857075,0.102666624,0.102666624,1.0,0.0028746657,0.028,0.0,0.012,0.6,0.6,-26.96608,2.174899,0.7249664,0.14400001,0.0,0.13553894,0.0,0.0
hardzero_only__c0p58__z1p00__lam0p000__nu0p50__psi0p00,0.028,borrow,53,375,0.0,2,-0.6,-0.6,-0.6089585,0.9640579,0.10862806,0.10862806,1.0,0.0030415857,0.028,0.0,0.012,0.6,0.6,-25.857527,2.1209698,0.70698994,0.16000001,0.0,0.14297517,0.0,0.0
hardzero_only__c0p58__z1p00__lam0p000__nu0p50__psi0p00,0.028,borrow,53,376,0.0,2,-0.6,-0.6,-0.60905576,0.97818124,0.105152294,0.105152294,1.0,0.0029442643,0.028,0.0,0.012,0.6,0.6,-26.516644,2.1520417,0.71734726,0.256,0.0,0.1347296,0.0,0.0
hardzero_only__c0p58__z1p00__lam0p000__nu0p50__psi0p00,0.028,borrow,53,377,0.0,2,-0.6,-0.6,-0.6091922,0.99878246,0.10028075,0.10028075,1.0,0.002807861,0.028,0.0,0.012,0.6,0.6,-27.203491,2.1973653,0.73245513,0.24,0.0,0.14736484,0.0,0.0
hardzero_only__c0p58__z1p00__lam0p000__nu0p50__psi0p00,0.028,borrow,53,378,0.0,2,-0.6,-0.6,-0.61200005,1.0335573,0.0,0.09256411,0.0,0.0,0.028,0.0,0.012,0.6,0.6,-27.317162,2.2738714,0.75795716,0.14400001,0.0,0.14783671,0.0,0.0
hardzero_only__c0p58__z1p00__lam0p000__nu0p50__psi0p00,0.028,borrow,53,379,0.0,2,-0.6,-0.6,-0.6090573,0.97840405,0.10509836,0.10509836,1.0,0.0029427542,0.028,0.0,0.012,0.6,0.6,-26.329012,2.1525319,0.71751064,0.120000005,0.0,0.121957004,0.0,0.0
hardzero_only__c0p58__z1p00__lam0p000__nu0p50__psi0p00,0.028,borrow,53,380,0.0,2,-0.6,-0.6,-0.6086396,0.9207635,0.12001528,0.12001528,1.0,0.003360428,0.028,0.0,0.012,0.6,0.6,-25.856161,2.0257201,0.67524004,0.23200001,0.0,0.13558802,0.0,0.0
hardzero_only__c0p58__z1p00__lam0p000__nu0p50__psi0p00,0.028,borrow,53,381,0.0,2,-0.6,-0.6,-0.61200005,1.0130711,0.0,0.09703512,0.0,0.0,0.028,0.0,0.012,0.6,0.6,-26.623512,2.2288008,0.74293363,0.14400001,0.0,0.14683807,0.0,0.0
hardzero_only__c0p58__z1p00__lam0p000__nu0p50__psi0p00,0.028,borrow,53,382,0.0,2,-0.6,-0.6,-0.61200005,1.0598797,0.0,0.087120496,0.0,0.0,0.028,0.0,0.012,0.6,0.6,-28.945236,2.3317819,0.77726066,0.16000001,0.0,0.16604356,0.0,0.0
hardzero_only__c0p58__z1p00__lam0p000__nu0p50__psi0p00,0.028,borrow,53,383,0.0,2,-0.6,-0.6,-0.6089469,0.96241045,0.10904092,0.10904092,1.0,0.003053146,0.028,0.0,0.012,0.6,0.6,-26.029436,2.1173453,0.7057818,0.2,0.0,0.15366596,0.0,0.0
hardzero_only__c0p58__z1p00__lam0p000__nu0p50__psi0p00,0.028,borrow,53,384,0.0,2,-0.6,-0.6,-0.61200005,1.0234307,0.0,0.09474783,0.0,0.0,0.028,0.0,0.012,0.6,0.6,-28.350382,2.2515924,0.75053084,0.104,0.0,0.14295763,0.0,0.0
hardzero_only__c0p58__z1p00__lam0p000__nu0p50__psi0p00,0.028,borrow,53,385,0.0,2,-0.6,-0.6,-0.608922,0.9588866,0.10992926,0.10992926,1.0,0.0030780195,0.028,0.0,0.012,0.6,0.6,-26.846283,2.1095927,0.7031976,0.16000001,0.0,0.13400908,0.0,0.0
hardzero_only__c0p58__z1p00__lam0p000__nu0p50__psi0p00,0.028,borrow,53,386,0.0,2,-0.6,-0.6,-0.61200005,1.000693,0.0,0.099840574,0.0,0.0,0.028,0.0,0.012,0.6,0.6,-26.67815,2.2015684,0.73385614,0.16800001,0.0,0.15771055,0.0,0.0
hardzero_only__c0p58__z1p00__lam0p000__nu0p50__psi0p00,0.028,borrow,53,387,0.0,2,-0.6,-0.6,-0.61200005,1.0153918,0.0,0.096517965,0.0,0.0,0.028,0.0,0.012,0.6,0.6,-27.742767,2.2339067,0.7446356,0.16000001,0.008,0.15798348,0.0,0.0
hardzero_only__c0p58__z1p00__lam0p000__nu0p50__psi0p00,0.028,borrow,53,388,0.0,2,-0.6,-0.6,-0.60890913,0.95706826,0.110390514,0.110390514,1.0,0.0030909346,0.028,0.0,0.012,0.6,0.6,-26.09584,2.1055923,0.7018641,0.208,0.008,0.1321997,0.0,0.0
hardzero_only__c0p58__z1p00__lam0p000__nu0p50__psi0p00,0.028,borrow,53,389,0.0,2,-0.6,-0.6,-0.60895115,0.96301895,0.10888824,0.10888824,1.0,0.0030488707,0.028,0.0,0.012,0.6,0.6,-25.946321,2.118684,0.706228,0.128,0.0,0.12228793,0.0,0.0
hardzero_only__c0p58__z1p00__lam0p000__nu0p50__psi0p00,0.028,borrow,53,390,0.0,2,-0.6,-0.6,-0.6089037,0.95630836,0.110583834,0.110583834,1.0,0.0030963474,0.028,0.0,0.012,0.6,0.6,-26.11438,2.1039205,0.7013068,0.21,0.0,0.135962,0.0,0.0
hardzero_only__c0p58__z1p00__lam0p000__nu0p50__psi0p00,0.028,borrow,53,391,0.0,2,-0.6,-0.6,-0.61200005,1.0156555,0.0,0.096459374,0.0,0.0,0.028,0.0,0.012,0.6,0.6,-27.321123,2.2344868,0.74482894,0.224,0.0,0.13620858,0.0,0.0
hardzero_only__c0p58__z1p00__lam0p000__nu0p50__psi0p00,0.028,borrow,53,392,0.0,2,-0.6,-0.6,-0.61200005,1.0509897,0.0,0.08892221,0.0,0.0,0.028,0.0,0.012,0.6,0.6,-26.476452,2.3122237,0.7707412,0.104,0.0,0.16138925,0.0,0.0
hardzero_only__c0p58__z1p00__lam0p000__nu0p50__psi0p00,0.028,borrow,53,393,0.0,2,-0.6,-0.6,-0.61200005,1.0206323,0.0,0.095360324,0.0,0.0,0.028,0.0,0.012,0.6,0.6,-26.879944,2.245436,0.74847865,0.18400002,0.0,0.14829747,0.0,0.0
hardzero_only__c0p58__z1p00__lam0p000__nu0p50__psi0p00,0.028,borrow,53,394,0.0,2,-0.6,-0.6,-0.61200005,1.0290732,0.0,0.093524784,0.0,0.0,0.028,0.0,0.012,0.6,0.6,-27.194778,2.2640064,0.75466883,0.23200001,0.0,0.15736505,0.0,0.0
hardzero_only__c0p58__z1p00__lam0p000__nu0p50__psi0p00,0.028,borrow,53,395,0.0,2,-0.6,-0.6,-0.60911083,0.9863782,0.10318624,0.10318624,1.0,0.0028892148,0.028,0.0,0.012,0.6,0.6,-26.169806,2.1700754,0.7233585,0.192,0.0,0.11905346,0.0,0.0
hardzero_only__c0p58__z1p00__lam0p000__nu0p50__psi0p00,0.028,borrow,53,396,0.0,2,-0.6,-0.6,-0.60918295,0.9973602,0.100609675,0.100609675,1.0,0.002817071,0.028,0.0,0.012,0.6,0.6,-27.141815,2.1942363,0.7314121,0.136,0.0,0.14652896,0.0,0.0
hardzero_only__c0p58__z1p00__lam0p000__nu0p50__psi0p00,0.028,borrow,53,397,0.0,2,-0.6,-0.6,-0.6090814,0.9819706,0.104238786,0.104238786,1.0,0.002918686,0.028,0.0,0.012,0.6,0.6,-26.216599,2.1603785,0.72012615,0.192,0.0,0.15241127,0.0,0.0
hardzero_only__c0p58__z1p00__lam0p000__nu0p50__psi0p00,0.028,borrow,53,398,0.0,2,-0.6,-0.6,-0.6087357,0.93335843,0.116584696,0.116584696,1.0,0.0032643715,0.028,0.0,0.012,0.6,0.6,-26.025894,2.0534296,0.68447655,0.24800001,0.0,0.117040716,0.0,0.0
hardzero_only__c0p58__z1p00__lam0p000__nu0p50__psi0p00,0.028,borrow,53,399,0.0,2,-0.6,-0.6,-0.61200005,1.0044789,0.0,0.09897399,0.0,0.0,0.028,0.0,0.012,0.6,0.6,-26.594887,2.2098978,0.7366326,0.16000001,0.0,0.1464174,0.0,0.0
hardzero_only__c0p58__z1p00__lam0p000__nu0p50__psi0p00,0.028,borrow,53,400,0.0,2,-0.6,-0.6,-0.61200005,1.0411462,0.0,0.090960704,0.0,0.0,0.028,0.0,0.012,0.6,0.6,-27.173943,2.2905674,0.7635225,0.15200001,0.0,0.1818072,0.0,0.0
hardzero_only__c0p58__z1p00__lam0p000__nu0p50__psi0p00,0.028,borrow,53,401,0.0,2,-0.6,-0.6,-0.60901177,0.97173715,0.10672417,0.10672417,1.0,0.002988277,0.028,0.0,0.012,0.6,0.6,-26.860786,2.1378644,0.71262145,0.15200001,0.0,0.1495669,0.0,0.0
hardzero_only__c0p58__z1p00__lam0p000__nu0p50__psi0p00,0.028,borrow,53,402,0.0,2,-0.6,-0.6,-0.6091874,0.9980465,0.10045081,0.10045081,1.0,0.0028126226,0.028,0.0,0.012,0.6,0.6,-27.080128,2.1957462,0.7319154,0.23200001,0.0,0.13889197,0.0,0.0
hardzero_only__c0p58__z1p00__lam0p000__nu0p50__psi0p00,0.028,borrow,53,403,0.0,2,-0.6,-0.6,-0.6091877,0.99808985,0.1004408,0.1004408,1.0,0.0028123425,0.028,0.0,0.012,0.6,0.6,-27.068333,2.1958416,0.7319472,0.11,0.0,0.14247388,0.0,0.0
hardzero_only__c0p58__z1p00__lam0p000__nu0p50__psi0p00,0.028,borrow,53,404,0.0,2,-0.6,-0.6,-0.61200005,1.0149289,0.0,0.09662089,0.0,0.0,0.028,0.0,0.012,0.6,0.6,-27.780981,2.2328882,0.7442961,0.096,0.0,0.15991582,0.0,0.0
hardzero_only__c0p58__z1p00__lam0p000__nu0p50__psi0p00,0.028,borrow,53,405,0.0,2,-0.6,-0.6,-0.61200005,1.009431,0.0,0.09785184,0.0,0.0,0.028,0.0,0.012,0.6,0.6,-26.523846,2.2207925,0.7402642,0.18400002,0.0,0.13103735,0.0,0.0
hardzero_only__c0p58__z1p00__lam0p000__nu0p50__psi0p00,0.028,borrow,53,406,0.0,2,-0.6,-0.6,-0.6090802,0.98179513,0.10428092,0.10428092,1.0,0.0029198658,0.028,0.0,0.012,0.6,0.6,-27.193357,2.1599925,0.7199975,0.18400002,0.0,0.16989343,0.0,0.0
hardzero_only__c0p58__z1p00__lam0p000__nu0p50__psi0p00,0.028,borrow,53,407,0.0,2,-0.6,-0.6,-0.6090138,0.9720322,0.10665171,0.10665171,1.0,0.002986248,0.028,0.0,0.012,0.6,0.6,-26.714066,2.1385136,0.7128379,0.18400002,0.0,0.14227457,0.0,0.0
hardzero_only__c0p58__z1p00__lam0p000__nu0p50__psi0p00,0.028,borrow,53,408,0.0,2,-0.6,-0.6,-0.60906655,0.9797682,0.104768746,0.104768746,1.0,0.002933525,0.028,0.0,0.012,0.6,0.6,-27.441229,2.155533,0.71851104,0.17600001,0.0,0.14902246,0.0,0.0
hardzero_only__c0p58__z1p00__lam0p000__nu0p50__psi0p00,0.028,borrow,53,409,0.0,2,-0.6,-0.6,-0.60870355,0.92910373,0.11773247,0.11773247,1.0,0.0032965094,0.028,0.0,0.012,0.6,0.6,-26.00271,2.044069,0.6813564,0.216,0.0,0.11846171,0.0,0.0
hardzero_only__c0p58__z1p00__lam0p000__nu0p50__psi0p00,0.028,borrow,53,410,0.0,2,-0.6,-0.6,-0.6091268,0.98878336,0.102616355,0.102616355,1.0,0.002873258,0.028,0.0,0.012,0.6,0.6,-26.8352,2.1753669,0.72512233,0.14400001,0.0,0.12768292,0.0,0.0
hardzero_only__c0p58__z1p00__lam0p000__nu0p50__psi0p00,0.028,borrow,53,411,0.0,2,-0.6,-0.6,-0.6090722,0.98060894,0.104566135,0.104566135,1.0,0.0029278519,0.028,0.0,0.012,0.6,0.6,-26.49361,2.1573827,0.7191276,0.14400001,0.0,0.14670366,0.0,0.0
hardzero_only__c0p58__z1p00__lam0p000__nu0p50__psi0p00,0.028,borrow,53,412,0.0,2,-0.6,-0.6,-0.6088067,0.94291866,0.11404634,0.11404634,1.0,0.0031932977,0.028,0.0,0.012,0.6,0.6,-25.473572,2.0744624,0.6914875,0.18400002,0.0,0.12711237,0.0,0.0
hardzero_only__c0p58__z1p00__lam0p000__nu0p50__psi0p00,0.028,borrow,53,413,0.0,2,-0.6,-0.6,-0.60880595,0.9428121,0.11407432,0.11407432,1.0,0.0031940811,0.028,0.0,0.012,0.6,0.6,-26.014427,2.074228,0.69140935,0.224,0.0,0.11529408,0.0,0.0
hardzero_only__c0p58__z1p00__lam0p000__nu0p50__psi0p00,0.028,borrow,53,414,0.0,2,-0.6,-0.6,-0.6091002,0.98478895,0.10356452,0.10356452,1.0,0.0028998067,0.028,0.0,0.012,0.6,0.6,-26.2672,2.166579,0.722193,0.216,0.0,0.14755127,0.0,0.0
hardzero_only__c0p58__z1p00__lam0p000__nu0p50__psi0p00,0.028,borrow,53,415,0.0,2,-0.6,-0.6,-0.60904264,0.9762487,0.10562125,0.10562125,1.0,0.002957395,0.028,0.0,0.012,0.6,0.6,-26.55842,2.14779,0.71593,0.2,0.0,0.14292005,0.0,0.0
hardzero_only__c0p58__z1p00__lam0p000__nu0p50__psi0p00,0.028,borrow,53,416,0.0,2,-0.6,-0.6,-0.60916406,0.9944544,0.10128511,0.10128511,1.0,0.0028359832,0.028,0.0,0.012,0.6,0.6,-28.333866,2.1878433,0.7292811,0.089999996,0.0,0.14436235,0.0,0.0
hardzero_only__c0p58__z1p00__lam0p000__nu0p50__psi0p00,0.028,borrow,53,417,0.0,2,-0.6,-0.6,-0.6089658,0.9651128,0.10836455,0.10836455,1.0,0.0030342075,0.028,0.0,0.012,0.6,0.6,-26.45443,2.1232905,0.70776355,0.23200001,0.0,0.13230434,0.0,0.0
hardzero_only__c0p58__z1p00__lam0p000__nu0p50__psi0p00,0.028,borrow,53,418,0.0,2,-0.6,-0.6,-0.6088914,0.9545926,0.11102158,0.11102158,1.0,0.0031086043,0.028,0.0,0.012,0.6,0.6,-25.132908,2.1001456,0.70004857,0.15200001,0.0,0.13142176,0.0,0.0
hardzero_only__c0p58__z1p00__lam0p000__nu0p50__psi0p00,0.028,borrow,53,419,0.0,2,-0.6,-0.6,-0.6091389,0.99061763,0.10218386,0.10218386,1.0,0.0028611482,0.028,0.0,0.012,0.6,0.6,-26.869068,2.1794024,0.7264675,0.15200001,0.0,0.14336705,0.0,0.0
hardzero_only__c0p58__z1p00__lam0p000__nu0p50__psi0p00,0.028,borrow,53,420,0.0,2,-0.6,-0.6,-0.60893345,0.9605009,0.10952142,0.10952142,1.0,0.0030665998,0.028,0.0,0.012,0.6,0.6,-26.271572,2.1131442,0.7043814,0.112,0.0,0.12650684,0.0,0.0
hardzero_only__c0p58__z1p00__lam0p000__nu0p50__psi0p00,0.028,borrow,53,421,0.0,2,-0.6,-0.6,-0.6090603,0.97884196,0.104992434,0.104992434,1.0,0.0029397882,0.028,0.0,0.012,0.6,0.6,-26.927294,2.1534953,0.7178318,0.18400002,0.0,0.146549,0.0,0.0
hardzero_only__c0p58__z1p00__lam0p000__nu0p50__psi0p00,0.028,borrow,53,422,0.0,2,-0.6,-0.6,-0.61200005,1.023264,0.0,0.0947842,0.0,0.0,0.028,0.0,0.012,0.6,0.6,-26.359407,2.251226,0.75040865,0.128,0.0,0.14434385,0.0,0.0
hardzero_only__c0p58__z1p00__lam0p000__nu0p50__psi0p00,0.028,borrow,53,423,0.0,2,-0.6,-0.6,-0.6090314,0.9745935,0.106024556,0.106024556,1.0,0.0029686876,0.028,0.0,0.012,0.6,0.6,-26.911758,2.1441486,0.7147162,0.16000001,0.0,0.1368131,0.0,0.0
hardzero_only__c0p58__z1p00__lam0p000__nu0p50__psi0p00,0.028,borrow,53,424,0.0,2,-0.6,-0.6,-0.60911375,0.98681647,0.10308216,0.10308216,1.0,0.0028863004,0.028,0.0,0.012,0.6,0.6,-26.936813,2.1710396,0.7236799,0.16000001,0.0,0.13619556,0.0,0.0
hardzero_only__c0p58__z1p00__lam0p000__nu0p50__psi0p00,0.028,borrow,53,425,0.0,2,-0.6,-0.6,-0.6088,0.942001,0.114287585,0.114287585,1.0,0.0032000525,0.028,0.0,0.012,0.6,0.6,-26.04775,2.0724435,0.6908145,0.16800001,0.0,0.116177805,0.0,0.0
hardzero_only__c0p58__z1p00__lam0p000__nu0p50__psi0p00,0.028,borrow,53,426,0.0,2,-0.6,-0.6,-0.61200005,1.0266165,0.0,0.094055355,0.0,0.0,0.028,0.0,0.012,0.6,0.6,-27.480978,2.2586012,0.7528671,0.216,0.0,0.15632226,0.0,0.0
hardzero_only__c0p58__z1p00__lam0p000__nu0p50__psi0p00,0.028,borrow,53,427,0.0,2,-0.6,-0.6,-0.61200005,1.0336267,0.0,0.09254933,0.0,0.0,0.028,0.0,0.012,0.6,0.6,-27.875792,2.274024,0.758008,0.15200001,0.0,0.1520443,0.0,0.0
hardzero_only__c0p58__z1p00__lam0p000__nu0p50__psi0p00,0.028,borrow,53,428,0.0,2,-0.6,-0.6,-0.60896146,0.96448946,0.108520195,0.108520195,1.0,0.0030385656,0.028,0.0,0.012,0.6,0.6,-26.892538,2.1219192,0.7073064,0.17600001,0.0,0.15484224,0.0,0.0
hardzero_only__c0p58__z1p00__lam0p000__nu0p50__psi0p00,0.028,borrow,53,429,0.0,2,-0.6,-0.6,-0.609165,0.99459535,0.10125224,0.10125224,1.0,0.0028350628,0.028,0.0,0.012,0.6,0.6,-26.132107,2.1881535,0.72938454,0.16,0.0,0.13253179,0.0,0.0
hardzero_only__c0p58__z1p00__lam0p000__nu0p50__psi0p00,0.028,borrow,53,430,0.0,2,-0.6,-0.6,-0.6089674,0.96533763,0.10830845,0.10830845,1.0,0.0030326366,0.028,0.0,0.012,0.6,0.6,-26.680136,2.1237853,0.7079284,0.192,0.0,0.12716135,0.0,0.0
hardzero_only__c0p58__z1p00__lam0p000__nu0p50__psi0p00,0.028,borrow,53,431,0.0,2,-0.6,-0.6,-0.60871816,0.9310327,0.1172107,0.1172107,1.0,0.0032818997,0.028,0.0,0.012,0.6,0.6,-26.415873,2.048313,0.68277097,0.16000001,0.0,0.12928286,0.0,0.0
hardzero_only__c0p58__z1p00__lam0p000__nu0p50__psi0p00,0.028,borrow,53,432,0.0,2,-0.6,-0.6,-0.61200005,1.027883,0.0,0.09378146,0.0,0.0,0.028,0.0,0.012,0.6,0.6,-27.517452,2.2613878,0.753796,0.14400001,0.0,0.16767186,0.0,0.0
hardzero_only__c0p58__z1p00__lam0p000__nu0p50__psi0p00,0.028,borrow,53,433,0.0,2,-0.6,-0.6,-0.61200005,1.0132377,0.0,0.096997894,0.0,0.0,0.028,0.0,0.012,0.6,0.6,-26.85395,2.2291675,0.7430558,0.136,0.0,0.18339412,0.0,0.0
hardzero_only__c0p58__z1p00__lam0p000__nu0p50__psi0p00,0.028,borrow,53,434,0.0,2,-0.6,-0.6,-0.6091209,0.98789173,0.102827266,0.102827266,1.0,0.0028791635,0.028,0.0,0.012,0.6,0.6,-26.455757,2.1734052,0.7244684,0.136,0.0,0.12627053,0.0,0.0
hardzero_only__c0p58__z1p00__lam0p000__nu0p50__psi0p00,0.028,borrow,53,435,0.0,2,-0.6,-0.6,-0.60911673,0.9872623,0.10297639,0.10297639,1.0,0.002883339,0.028,0.0,0.012,0.6,0.6,-26.251764,2.1720204,0.72400683,0.128,0.0,0.14813794,0.0,0.0
hardzero_only__c0p58__z1p00__lam0p000__nu0p50__psi0p00,0.028,borrow,53,436,0.0,2,-0.6,-0.6,-0.60915065,0.99240845,0.101763375,0.101763375,1.0,0.0028493747,0.028,0.0,0.012,0.6,0.6,-27.212404,2.1833422,0.72778076,0.18400002,0.0,0.13991527,0.0,0.0
hardzero_only__c0p58__z1p00__lam0p000__nu0p50__psi0p00,0.028,borrow,53,437,0.0,2,-0.6,-0.6,-0.60913587,0.9901581,0.10229206,0.10229206,1.0,0.0028641778,0.028,0.0,0.012,0.6,0.6,-27.196905,2.1783912,0.7261304,0.216,0.0,0.1452768,0.0,0.0
hardzero_only__c0p58__z1p00__lam0p000__nu0p50__psi0p00,0.028,borrow,53,438,0.0,2,-0.6,-0.6,-0.6089366,0.9609449,0.10940952,0.10940952,1.0,0.0030634666,0.028,0.0,0.012,0.6,0.6,-26.784485,2.114121,0.704707,0.208,0.0,0.14825411,0.0,0.0
hardzero_only__c0p58__z1p00__lam0p000__nu0p50__psi0p00,0.028,borrow,53,439,0.0,2,-0.6,-0.6,-0.60895187,0.96311426,0.10886437,0.10886437,1.0,0.0030482023,0.028,0.0,0.012,0.6,0.6,-26.958479,2.1188936,0.7062979,0.15200001,0.0,0.14489508,0.0,0.0
hardzero_only__c0p58__z1p00__lam0p000__nu0p50__psi0p00,0.028,borrow,53,440,0.0,2,-0.6,-0.6,-0.6091516,0.99255365,0.10172936,0.10172936,1.0,0.0028484222,0.028,0.0,0.012,0.6,0.6,-26.231897,2.1836617,0.7278873,0.224,0.0,0.13506232,0.0,0.0
hardzero_only__c0p58__z1p00__lam0p000__nu0p50__psi0p00,0.028,borrow,53,441,0.0,2,-0.6,-0.6,-0.61200005,1.0169722,0.0,0.096167386,0.0,0.0,0.028,0.0,0.012,0.6,0.6,-27.535664,2.2373834,0.7457945,0.17600001,0.0,0.16018274,0.0,0.0
hardzero_only__c0p58__z1p00__lam0p000__nu0p50__psi0p00,0.028,borrow,53,442,0.0,2,-0.6,-0.6,-0.6090918,0.98352766,0.10386575,0.10386575,1.0,0.002908241,0.028,0.0,0.012,0.6,0.6,-26.746572,2.163804,0.72126806,0.11,0.0,0.12141848,0.0,0.0
hardzero_only__c0p58__z1p00__lam0p000__nu0p50__psi0p00,0.028,borrow,53,443,0.0,2,-0.6,-0.6,-0.60905975,0.9787634,0.10501144,0.10501144,1.0,0.0029403204,0.028,0.0,0.012,0.6,0.6,-26.21994,2.1533225,0.71777415,0.16800001,0.0,0.15387163,0.0,0.0
hardzero_only__c0p58__z1p00__lam0p000__nu0p50__psi0p00,0.028,borrow,53,444,0.0,2,-0.6,-0.6,-0.61200005,1.0725857,0.0,0.084608555,0.0,0.0,0.028,0.0,0.012,0.6,0.6,-28.198116,2.3597357,0.7865786,0.192,0.0,0.13698019,0.0,0.0
hardzero_only__c0p58__z1p00__lam0p000__nu0p50__psi0p00,0.028,borrow,53,445,0.0,2,-0.6,-0.6,-0.61200005,1.0162773,0.0,0.09632138,0.0,0.0,0.028,0.0,0.012,0.6,0.6,-27.942509,2.2358549,0.745285,0.16800001,0.0,0.15177083,0.0,0.0
hardzero_only__c0p58__z1p00__lam0p000__nu0p50__psi0p00,0.028,borrow,53,446,0.0,2,-0.6,-0.6,-0.61200005,1.0111111,0.0,0.097474,0.0,0.0,0.028,0.0,0.012,0.6,0.6,-27.14192,2.224489,0.7414963,0.17600001,0.0,0.16912973,0.0,0.0
hardzero_only__c0p58__z1p00__lam0p000__nu0p50__psi0p00,0.028,borrow,53,447,0.0,2,-0.6,-0.6,-0.6091275,0.9888921,0.10259067,0.10259067,1.0,0.002872539,0.028,0.0,0.012,0.6,0.6,-26.396969,2.175606,0.725202,0.17600001,0.0,0.14243582,0.0,0.0
hardzero_only__c0p58__z1p00__lam0p000__nu0p50__psi0p00,0.028,borrow,53,448,0.0,2,-0.6,-0.6,-0.6091771,0.99645954,0.10081855,0.10081855,1.0,0.0028229195,0.028,0.0,0.012,0.6,0.6,-26.110756,2.1922548,0.73075163,0.112,0.0,0.15352674,0.0,0.0
hardzero_only__c0p58__z1p00__lam0p000__nu0p50__psi0p00,0.028,borrow,53,449,0.0,2,-0.6,-0.6,-0.61200005,1.0280286,0.0,0.09375002,0.0,0.0,0.028,0.0,0.012,0.6,0.6,-27.809242,2.261708,0.7539027,0.2,0.0,0.14455508,0.0,0.0
hardzero_only__c0p58__z1p00__lam0p000__nu0p50__psi0p00,0.028,borrow,53,450,0.0,2,-0.6,-0.6,-0.6088695,0.95153624,0.11180566,0.11180566,1.0,0.0031305586,0.028,0.0,0.012,0.6,0.6,-26.112232,2.0934215,0.6978072,0.16800001,0.0,0.14542583,0.0,0.0
hardzero_only__c0p58__z1p00__lam0p000__nu0p50__psi0p00,0.028,borrow,53,451,0.0,2,-0.6,-0.6,-0.60870034,0.9286808,0.11784719,0.11784719,1.0,0.0032997215,0.028,0.0,0.012,0.6,0.6,-25.48298,2.0431385,0.6810462,0.24800001,0.0,0.13579124,0.0,0.0
hardzero_only__c0p58__z1p00__lam0p000__nu0p50__psi0p00,0.028,borrow,53,452,0.0,2,-0.6,-0.6,-0.6090555,0.97814083,0.10516207,0.10516207,1.0,0.0029445381,0.028,0.0,0.012,0.6,0.6,-26.341244,2.1519527,0.7173176,0.120000005,0.0,0.12083411,0.0,0.0
hardzero_only__c0p58__z1p00__lam0p000__nu0p50__psi0p00,0.028,borrow,53,453,0.0,2,-0.6,-0.6,-0.6086475,0.92178327,0.11973379,0.11973379,1.0,0.0033525461,0.028,0.0,0.012,0.6,0.6,-25.978737,2.0279636,0.6759879,0.208,0.008,0.15062328,0.0,0.0
hardzero_only__c0p58__z1p00__lam0p000__nu0p50__psi0p00,0.028,borrow,53,454,0.0,2,-0.6,-0.6,-0.6090658,0.9796587,0.10479517,0.10479517,1.0,0.002934265,0.028,0.0,0.012,0.6,0.6,-26.716553,2.1552923,0.71843076,0.18400002,0.0,0.16128607,0.0,0.0
hardzero_only__c0p58__z1p00__lam0p000__nu0p50__psi0p00,0.028,borrow,53,455,0.0,2,-0.6,-0.6,-0.61200005,1.0140129,0.0,0.09682491,0.0,0.0,0.028,0.0,0.012,0.6,0.6,-27.053606,2.230873,0.7436244,0.11,0.0,0.13094626,0.0,0.0
hardzero_only__c0p58__z1p00__lam0p000__nu0p50__psi0p00,0.028,borrow,53,456,0.0,2,-0.6,-0.6,-0.61200005,1.0305152,0.0,0.09321478,0.0,0.0,0.028,0.0,0.012,0.6,0.6,-28.150866,2.2671788,0.7557263,0.208,0.0,0.15793861,0.0,0.0
hardzero_only__c0p58__z1p00__lam0p000__nu0p50__psi0p00,0.028,borrow,53,457,0.0,2,-0.6,-0.6,-0.61200005,1.0005187,0.0,0.09988064,0.0,0.0,0.028,0.0,0.012,0.6,0.6,-26.770603,2.201185,0.73372835,0.120000005,0.0,0.14856781,0.0,0.0
hardzero_only__c0p58__z1p00__lam0p000__nu0p50__psi0p00,0.028,borrow,53,458,0.0,2,-0.6,-0.6,-0.60892767,0.959681,0.1097284,0.1097284,1.0,0.0030723955,0.028,0.0,0.012,0.6,0.6,-26.861616,2.1113403,0.7037801,0.18400002,0.0,0.1483152,0.0,0.0
hardzero_only__c0p58__z1p00__lam0p000__nu0p50__psi0p00,0.028,borrow,53,459,0.0,2,-0.6,-0.6,-0.61200005,1.0392995,0.0,0.09134831,0.0,0.0,0.028,0.0,0.012,0.6,0.6,-27.262657,2.2865045,0.76216817,0.208,0.0,0.15946984,0.0,0.0
hardzero_only__c0p58__z1p00__lam0p000__nu0p50__psi0p00,0.028,borrow,53,460,0.0,2,-0.6,-0.6,-0.60911393,0.98684293,0.103075884,0.103075884,1.0,0.002886125,0.028,0.0,0.012,0.6,0.6,-27.472279,2.1710978,0.7236993,0.216,0.0,0.13434842,0.0,0.0
hardzero_only__c0p58__z1p00__lam0p000__nu0p50__psi0p00,0.028,borrow,53,461,0.0,2,-0.6,-0.6,-0.61200005,1.0195656,0.0,0.09559484,0.0,0.0,0.028,0.0,0.012,0.6,0.6,-27.42877,2.243089,0.74769634,0.16800001,0.0,0.12768748,0.0,0.0
hardzero_only__c0p58__z1p00__lam0p000__nu0p50__psi0p00,0.028,borrow,53,462,0.0,2,-0.6,-0.6,-0.6090538,0.9778857,0.10522387,0.10522387,1.0,0.0029462685,0.028,0.0,0.012,0.6,0.6,-27.702145,2.1513915,0.71713054,0.16000001,0.0,0.13826108,0.0,0.0
hardzero_only__c0p58__z1p00__lam0p000__nu0p50__psi0p00,0.028,borrow,53,463,0.0,2,-0.6,-0.6,-0.61200005,1.0363648,0.0,0.09196767,0.0,0.0,0.028,0.0,0.012,0.6,0.6,-27.886497,2.2800481,0.7600161,0.120000005,0.0,0.15095782,0.0,0.0
hardzero_only__c0p58__z1p00__lam0p000__nu0p50__psi0p00,0.028,borrow,53,464,0.0,2,-0.6,-0.6,-0.60911584,0.9871349,0.103006616,0.103006616,1.0,0.0028841854,0.028,0.0,0.012,0.6,0.6,-27.52122,2.17174,0.7239134,0.18400002,0.0,0.14950104,0.0,0.0
hardzero_only__c0p58__z1p00__lam0p000__nu0p50__psi0p00,0.028,borrow,53,465,0.0,2,-0.6,-0.6,-0.60918653,0.9979129,0.10048173,0.10048173,1.0,0.0028134887,0.028,0.0,0.012,0.6,0.6,-27.171778,2.1954522,0.7318174,0.18400002,0.0,0.14030392,0.0,0.0
hardzero_only__c0p58__z1p00__lam0p000__nu0p50__psi0p00,0.028,borrow,53,466,0.0,2,-0.6,-0.6,-0.61200005,1.0162661,0.0,0.096323855,0.0,0.0,0.028,0.0,0.012,0.6,0.6,-27.68823,2.23583,0.7452767,0.14400001,0.0,0.15787314,0.0,0.0
hardzero_only__c0p58__z1p00__lam0p000__nu0p50__psi0p00,0.028,borrow,53,467,0.0,2,-0.6,-0.6,-0.608955,0.96356755,0.10875079,0.10875079,1.0,0.0030450223,0.028,0.0,0.012,0.6,0.6,-25.775707,2.119891,0.70663035,0.23200001,0.0,0.13714355,0.0,0.0
hardzero_only__c0p58__z1p00__lam0p000__nu0p50__psi0p00,0.028,borrow,53,468,0.0,2,-0.6,-0.6,-0.61200005,1.0261511,0.0,0.094156206,0.0,0.0,0.028,0.0,0.012,0.6,0.6,-27.997467,2.2575774,0.7525258,0.17999999,0.0,0.14223897,0.0,0.0
hardzero_only__c0p58__z1p00__lam0p000__nu0p50__psi0p00,0.028,borrow,53,469,0.0,2,-0.6,-0.6,-0.61200005,1.0063268,0.0,0.098553754,0.0,0.0,0.028,0.0,0.012,0.6,0.6,-27.329082,2.213963,0.7379877,0.136,0.0,0.12461772,0.0,0.0
hardzero_only__c0p58__z1p00__lam0p000__nu0p50__psi0p00,0.028,borrow,53,470,0.0,2,-0.6,-0.6,-0.61200005,1.0025603,0.0,0.09941221,0.0,0.0,0.028,0.0,0.012,0.6,0.6,-26.705181,2.2056766,0.73522556,0.17600001,0.0,0.13588232,0.0,0.0
hardzero_only__c0p58__z1p00__lam0p000__nu0p50__psi0p00,0.028,borrow,53,471,0.0,2,-0.6,-0.6,-0.60910064,0.9848516,0.10354958,0.10354958,1.0,0.0028993883,0.028,0.0,0.012,0.6,0.6,-26.448841,2.1667168,0.72223896,0.16000001,0.0,0.15872684,0.0,0.0
hardzero_only__c0p58__z1p00__lam0p000__nu0p50__psi0p00,0.028,borrow,53,472,0.0,2,-0.6,-0.6,-0.61200005,1.0514355,0.0,0.08883098,0.0,0.0,0.028,0.0,0.012,0.6,0.6,-28.006126,2.3132043,0.7710681,0.15200001,0.0,0.14454606,0.0,0.0
hardzero_only__c0p58__z1p00__lam0p000__nu0p50__psi0p00,0.028,borrow,53,473,0.0,2,-0.6,-0.6,-0.609092,0.9835568,0.10385877,0.10385877,1.0,0.0029080457,0.028,0.0,0.012,0.6,0.6,-26.947563,2.1638682,0.7212894,0.136,0.0,0.1694044,0.0,0.0
hardzero_only__c0p58__z1p00__lam0p000__nu0p50__psi0p00,0.028,borrow,53,474,0.0,2,-0.6,-0.6,-0.60903215,0.9747107,0.10599597,0.10599597,1.0,0.002967887,0.028,0.0,0.012,0.6,0.6,-26.505209,2.1444063,0.71480215,0.14400001,0.0,0.14609121,0.0,0.0
hardzero_only__c0p58__z1p00__lam0p000__nu0p50__psi0p00,0.028,borrow,53,475,0.0,2,-0.6,-0.6,-0.6091296,0.98920894,0.10251585,0.10251585,1.0,0.0028704437,0.028,0.0,0.012,0.6,0.6,-26.60902,2.1763031,0.7254344,0.16800001,0.0,0.14415455,0.0,0.0
hardzero_only__c0p58__z1p00__lam0p000__nu0p50__psi0p00,0.028,borrow,53,476,0.0,2,-0.6,-0.6,-0.6089635,0.96478045,0.10844749,0.10844749,1.0,0.0030365298,0.028,0.0,0.012,0.6,0.6,-26.953238,2.1225593,0.70751977,0.224,0.0,0.15543911,0.0,0.0
hardzero_only__c0p58__z1p00__lam0p000__nu0p50__psi0p00,0.028,borrow,53,477,0.0,2,-0.6,-0.6,-0.6090102,0.97151333,0.106779195,0.106779195,1.0,0.0029898176,0.028,0.0,0.012,0.6,0.6,-26.174967,2.137372,0.71245736,0.15200001,0.0,0.13770734,0.0,0.0
hardzero_only__c0p58__z1p00__lam0p000__nu0p50__psi0p00,0.028,borrow,53,478,0.0,2,-0.6,-0.6,-0.60874116,0.934092,0.116387956,0.116387956,1.0,0.0032588628,0.028,0.0,0.012,0.6,0.6,-25.681309,2.0550435,0.6850145,0.23200001,0.0,0.15572746,0.0,0.0
hardzero_only__c0p58__z1p00__lam0p000__nu0p50__psi0p00,0.028,borrow,53,479,0.0,2,-0.6,-0.6,-0.6089393,0.9613314,0.10931218,0.10931218,1.0,0.0030607411,0.028,0.0,0.012,0.6,0.6,-26.504786,2.1149714,0.7049905,0.18400002,0.0,0.12984654,0.0,0.0
hardzero_only__c0p58__z1p00__lam0p000__nu0p50__psi0p00,0.028,borrow,53,480,0.0,2,-0.6,-0.6,-0.6088074,0.9430057,0.11402347,0.11402347,1.0,0.0031926571,0.028,0.0,0.012,0.6,0.6,-26.38765,2.0746539,0.6915513,0.120000005,0.0,0.1359744,0.0,0.0
hardzero_only__c0p58__z1p00__lam0p000__nu0p50__psi0p00,0.028,borrow,53,481,0.0,2,-0.6,-0.6,-0.60918635,0.99788016,0.1004893,0.1004893,1.0,0.0028137006,0.028,0.0,0.012,0.6,0.6,-27.296118,2.1953802,0.7317934,0.21,0.0,0.14259909,0.0,0.0
hardzero_only__c0p58__z1p00__lam0p000__nu0p50__psi0p00,0.028,borrow,53,482,0.0,2,-0.6,-0.6,-0.6090844,0.98242706,0.1041293,0.1041293,1.0,0.0029156206,0.028,0.0,0.012,0.6,0.6,-26.546429,2.1613827,0.7204609,0.17600001,0.0,0.13418403,0.0,0.0
hardzero_only__c0p58__z1p00__lam0p000__nu0p50__psi0p00,0.028,borrow,53,483,0.0,2,-0.6,-0.6,-0.61200005,1.0121992,0.0,0.09723014,0.0,0.0,0.028,0.0,0.012,0.6,0.6,-26.634253,2.2268827,0.74229425,0.216,0.0,0.16243088,0.0,0.0
hardzero_only__c0p58__z1p00__lam0p000__nu0p50__psi0p00,0.028,borrow,53,484,0.0,2,-0.6,-0.6,-0.60908616,0.9826889,0.10406652,0.10406652,1.0,0.0029138627,0.028,0.0,0.012,0.6,0.6,-26.851854,2.1619587,0.72065294,0.17600001,0.0,0.122519575,0.0,0.0
hardzero_only__c0p58__z1p00__lam0p000__nu0p50__psi0p00,0.028,borrow,53,485,0.0,2,-0.6,-0.6,-0.6084689,0.8992403,0.12611295,0.12611295,1.0,0.0035311629,0.028,0.0,0.012,0.6,0.6,-25.826427,1.9783682,0.6594561,0.24000001,0.0,0.14543185,0.0,0.0
hardzero_only__c0p58__z1p00__lam0p000__nu0p50__psi0p00,0.028,borrow,53,486,0.0,2,-0.6,-0.6,-0.60899407,0.9691729,0.10735618,0.10735618,1.0,0.0030059733,0.028,0.0,0.012,0.6,0.6,-26.906502,2.132223,0.710741,0.15200001,0.0,0.13201915,0.0,0.0
hardzero_only__c0p58__z1p00__lam0p000__nu0p50__psi0p00,0.028,borrow,53,487,0.0,2,-0.6,-0.6,-0.6091611,0.9940018,0.10139071,0.10139071,1.0,0.0028389401,0.028,0.0,0.012,0.6,0.6,-26.81015,2.1868477,0.72894925,0.18400002,0.0,0.13563061,0.0,0.0
hardzero_only__c0p58__z1p00__lam0p000__nu0p50__psi0p00,0.028,borrow,53,488,0.0,2,-0.6,-0.6,-0.61200005,1.0449041,0.0,0.09017703,0.0,0.0,0.028,0.0,0.012,0.6,0.6,-28.111673,2.298835,0.7662784,0.14400001,0.0,0.13370113,0.0,0.0
hardzero_only__c0p58__z1p00__lam0p000__nu0p50__psi0p00,0.028,borrow,53,489,0.0,2,-0.6,-0.6,-0.61200005,1.0066797,0.0,0.09847373,0.0,0.0,0.028,0.0,0.012,0.6,0.6,-28.00124,2.2147396,0.73824656,0.096,0.0,0.16241497,0.0,0.0
hardzero_only__c0p58__z1p00__lam0p000__nu0p50__psi0p00,0.028,borrow,53,490,0.0,2,-0.6,-0.6,-0.60910064,0.9848528,0.10354932,0.10354932,1.0,0.0028993809,0.028,0.0,0.012,0.6,0.6,-26.201782,2.1667194,0.72223985,0.18400002,0.0,0.1608402,0.0,0.0
hardzero_only__c0p58__z1p00__lam0p000__nu0p50__psi0p00,0.028,borrow,53,491,0.0,2,-0.6,-0.6,-0.6090079,0.9711716,0.106863245,0.106863245,1.0,0.0029921709,0.028,0.0,0.012,0.6,0.6,-26.631365,2.1366203,0.7122068,0.192,0.0,0.14009033,0.0,0.0
hardzero_only__c0p58__z1p00__lam0p000__nu0p50__psi0p00,0.028,borrow,53,492,0.0,2,-0.6,-0.6,-0.61200005,1.0294675,0.0,0.09343994,0.0,0.0,0.028,0.0,0.012,0.6,0.6,-27.465887,2.2648737,0.7549579,0.16800001,0.0,0.16821258,0.0,0.0
hardzero_only__c0p58__z1p00__lam0p000__nu0p50__psi0p00,0.028,borrow,53,493,0.0,2,-0.6,-0.6,-0.6089155,0.95796525,0.11016274,0.11016274,1.0,0.003084557,0.028,0.0,0.012,0.6,0.6,-27.421638,2.1075656,0.7025219,0.18400002,0.0,0.13412596,0.0,0.0
hardzero_only__c0p58__z1p00__lam0p000__nu0p50__psi0p00,0.028,borrow,53,494,0.0,2,-0.6,-0.6,-0.6091594,0.99373966,0.10145194,0.10145194,1.0,0.0028406545,0.028,0.0,0.012,0.6,0.6,-26.687956,2.186271,0.728757,0.21,0.0,0.15810938,0.0,0.0
hardzero_only__c0p58__z1p00__lam0p000__nu0p50__psi0p00,0.028,borrow,53,495,0.0,2,-0.6,-0.6,-0.60905063,0.9774209,0.10533654,0.10533654,1.0,0.0029494232,0.028,0.0,0.012,0.6,0.6,-26.839561,2.150369,0.71678966,0.18400002,0.0,0.15608272,0.0,0.0
hardzero_only__c0p58__z1p00__lam0p000__nu0p50__psi0p00,0.028,borrow,53,496,0.0,2,-0.6,-0.6,-0.60896355,0.9647854,0.10844627,0.10844627,1.0,0.0030364958,0.028,0.0,0.012,0.6,0.6,-26.34373,2.1225703,0.70752347,0.14400001,0.0,0.12064014,0.0,0.0
hardzero_only__c0p58__z1p00__lam0p000__nu0p50__psi0p00,0.028,borrow,53,497,0.0,2,-0.6,-0.6,-0.6088984,0.9555626,0.110773884,0.110773884,1.0,0.0031016688,0.028,0.0,0.012,0.6,0.6,-25.979034,2.1022797,0.7007599,0.216,0.0,0.12743989,0.0,0.0
hardzero_only__c0p58__z1p00__lam0p000__nu0p50__psi0p00,0.028,borrow,53,498,0.0,2,-0.6,-0.6,-0.60901576,0.9723167,0.10658185,0.10658185,1.0,0.0029842919,0.028,0.0,0.012,0.6,0.6,-26.251331,2.1391394,0.7130465,0.264,0.0,0.14702162,0.0,0.0
hardzero_only__c0p58__z1p00__lam0p000__nu0p50__psi0p00,0.028,borrow,53,499,0.0,2,-0.6,-0.6,-0.6091495,0.99223346,0.10180438,0.10180438,1.0,0.0028505228,0.028,0.0,0.012,0.6,0.6,-27.108498,2.1829572,0.72765243,0.15200001,0.0,0.1573605,0.0,0.0
hardzero_only__c0p58__z1p00__lam0p000__nu0p50__psi0p00,0.028,borrow,53,500,0.0,2,-0.6,-0.6,-0.6091743,0.9960238,0.10091975,0.10091975,1.0,0.002825753,0.028,0.0,0.012,0.6,0.6,-26.998964,2.191296,0.73043203,0.16800001,0.0,0.13037671,0.0,0.0
hardzero_only__c0p58__z1p00__lam0p000__nu0p50__psi0p00,0.028,borrow,53,501,0.0,2,-0.6,-0.6,-0.60882276,0.9451011,0.113474675,0.113474675,1.0,0.003177291,0.028,0.0,0.012,0.6,0.6,-26.055489,2.079264,0.693088,0.216,0.0,0.14360312,0.0,0.0
hardzero_only__c0p58__z1p00__lam0p000__nu0p50__psi0p00,0.028,borrow,53,502,0.0,2,-0.6,-0.6,-0.6088874,0.9540208,0.11116784,0.11116784,1.0,0.0031126996,0.028,0.0,0.012,0.6,0.6,-26.400005,2.0988877,0.69962925,0.23200001,0.0,0.13256253,0.0,0.0
hardzero_only__c0p58__z1p00__lam0p000__nu0p50__psi0p00,0.028,borrow,53,503,0.0,2,-0.6,-0.6,-0.6090699,0.9802688,0.10464807,0.10464807,1.0,0.002930146,0.028,0.0,0.012,0.6,0.6,-27.5389,2.1566343,0.71887815,0.208,0.0,0.15706058,0.0,0.0
hardzero_only__c0p58__z1p00__lam0p000__nu0p50__psi0p00,0.028,borrow,53,504,0.0,2,-0.6,-0.6,-0.60882556,0.9454865,0.113373995,0.113373995,1.0,0.003174472,0.028,0.0,0.012,0.6,0.6,-26.529474,2.0801117,0.6933706,0.136,0.0,0.1473333,0.0,0.0
hardzero_only__c0p58__z1p00__lam0p000__nu0p50__psi0p00,0.028,borrow,53,505,0.0,2,-0.6,-0.6,-0.6089761,0.9665848,0.10799786,0.10799786,1.0,0.0030239401,0.028,0.0,0.012,0.6,0.6,-26.230934,2.126529,0.708843,0.208,0.0,0.11857518,0.0,0.0
hardzero_only__c0p58__z1p00__lam0p000__nu0p50__psi0p00,0.028,borrow,53,506,0.0,2,-0.6,-0.6,-0.60915625,0.99325633,0.101564914,0.101564914,1.0,0.0028438177,0.028,0.0,0.012,0.6,0.6,-26.07114,2.1852076,0.72840255,0.112,0.0,0.1383039,0.0,0.0
hardzero_only__c0p58__z1p00__lam0p000__nu0p50__psi0p00,0.028,borrow,53,507,0.0,2,-0.6,-0.6,-0.60909104,0.9834181,0.10389196,0.10389196,1.0,0.0029089751,0.028,0.0,0.012,0.6,0.6,-26.969059,2.163563,0.7211877,0.17,0.0,0.14789455,0.0,0.0
hardzero_only__c0p58__z1p00__lam0p000__nu0p50__psi0p00,0.028,borrow,53,508,0.0,2,-0.6,-0.6,-0.60896295,0.96470296,0.108466856,0.108466856,1.0,0.003037072,0.028,0.0,0.012,0.6,0.6,-26.069635,2.1223888,0.70746297,0.208,0.0,0.1464528,0.0,0.0
hardzero_only__c0p58__z1p00__lam0p000__nu0p50__psi0p00,0.028,borrow,53,509,0.0,2,-0.6,-0.6,-0.61200005,1.0332619,0.0,0.09262709,0.0,0.0,0.028,0.0,0.012,0.6,0.6,-27.863922,2.2732215,0.7577405,0.120000005,0.0,0.14609048,0.0,0.0
hardzero_only__c0p58__z1p00__lam0p000__nu0p50__psi0p00,0.028,borrow,53,510,0.0,2,-0.6,-0.6,-0.6087053,0.9293298,0.11767119,0.11767119,1.0,0.0032947934,0.028,0.0,0.012,0.6,0.6,-25.79702,2.0445664,0.68152213,0.23200001,0.0,0.13360645,0.0,0.0
hardzero_only__c0p58__z1p00__lam0p000__nu0p50__psi0p00,0.028,borrow,53,511,0.0,2,-0.6,-0.6,-0.60900605,0.97090775,0.10692818,0.10692818,1.0,0.002993989,0.028,0.0,0.012,0.6,0.6,-26.704317,2.1360397,0.71201324,0.2,0.0,0.14582676,0.0,0.0
hardzero_only__c0p58__z1p00__lam0p000__nu0p50__psi0p00,0.028,borrow,53,512,0.0,2,-0.6,-0.6,-0.6089465,0.96235263,0.10905546,0.10905546,1.0,0.003053553,0.028,0.0,0.012,0.6,0.6,-25.998114,2.117218,0.7057394,0.14400001,0.0,0.13295774,0.0,0.0
hardzero_only__c0p58__z1p00__lam0p000__nu0p50__psi0p00,0.028,borrow,53,513,0.0,2,-0.6,-0.6,-0.6089065,0.95670295,0.1104834,0.1104834,1.0,0.0030935353,0.028,0.0,0.012,0.6,0.6,-26.509825,2.1047885,0.7015962,0.224,0.0,0.14619471,0.0,0.0
hardzero_only__c0p58__z1p00__lam0p000__nu0p50__psi0p00,0.028,borrow,53,514,0.0,2,-0.6,-0.6,-0.6090773,0.98136425,0.10438442,0.10438442,1.0,0.0029227638,0.028,0.0,0.012,0.6,0.6,-27.059107,2.1590445,0.7196815,0.15200001,0.0,0.13033333,0.0,0.0
hardzero_only__c0p58__z1p00__lam0p000__nu0p50__psi0p00,0.028,borrow,53,515,0.0,2,-0.6,-0.6,-0.61200005,1.0015222,0.0,0.099650115,0.0,0.0,0.028,0.0,0.012,0.6,0.6,-27.420963,2.2033927,0.7344643,0.208,0.0,0.14438725,0.0,0.0
hardzero_only__c0p58__z1p00__lam0p000__nu0p50__psi0p00,0.028,borrow,53,516,0.0,2,-0.6,-0.6,-0.61200005,1.0030946,0.0,0.09928999,0.0,0.0,0.028,0.0,0.012,0.6,0.6,-26.853853,2.206852,0.73561734,0.24000001,0.0,0.14083055,0.0,0.0
hardzero_only__c0p58__z1p00__lam0p000__nu0p50__psi0p00,0.028,borrow,53,517,0.0,2,-0.6,-0.6,-0.60900915,0.9713536,0.10681849,0.10681849,1.0,0.0029909178,0.028,0.0,0.012,0.6,0.6,-26.24199,2.1370206,0.71234024,0.080000006,0.0,0.1240992,0.0,0.0
hardzero_only__c0p58__z1p00__lam0p000__nu0p50__psi0p00,0.028,borrow,53,518,0.0,2,-0.6,-0.6,-0.6087589,0.93646,0.11575507,0.11575507,1.0,0.003241142,0.028,0.0,0.012,0.6,0.6,-26.15192,2.0602531,0.68675107,0.2,0.0,0.1390778,0.0,0.0
hardzero_only__c0p58__z1p00__lam0p000__nu0p50__psi0p00,0.028,borrow,53,519,0.0,2,-0.6,-0.6,-0.61200005,1.0202316,0.0,0.09544834,0.0,0.0,0.028,0.0,0.012,0.6,0.6,-27.379826,2.2445543,0.7481848,0.18400002,0.0,0.17131941,0.0,0.0
hardzero_only__c0p58__z1p00__lam0p000__nu0p50__psi0p00,0.028,borrow,53,520,0.0,2,-0.6,-0.6,-0.61200005,1.0409209,0.0,0.09100791,0.0,0.0,0.028,0.0,0.012,0.6,0.6,-26.666079,2.2900717,0.7633573,0.13,0.0,0.15424275,0.0,0.0
hardzero_only__c0p58__z1p00__lam0p000__nu0p50__psi0p00,0.028,borrow,53,521,0.0,2,-0.6,-0.6,-0.61200005,1.0333678,0.0,0.09260453,0.0,0.0,0.028,0.0,0.012,0.6,0.6,-27.72712,2.2734544,0.75781816,0.15200001,0.0,0.14354548,0.0,0.0
hardzero_only__c0p58__z1p00__lam0p000__nu0p50__psi0p00,0.028,borrow,53,522,0.0,2,-0.6,-0.6,-0.61200005,1.0008464,0.0,0.099805295,0.0,0.0,0.028,0.0,0.012,0.6,0.6,-26.639208,2.201906,0.7339687,0.136,0.0,0.14401905,0.0,0.0
hardzero_only__c0p58__z1p00__lam0p000__nu0p50__psi0p00,0.028,borrow,53,523,0.0,2,-0.6,-0.6,-0.60889876,0.9556184,0.11075965,0.11075965,1.0,0.0031012704,0.028,0.0,0.012,0.6,0.6,-26.635233,2.1024024,0.70080084,0.15200001,0.0,0.116439976,0.0,0.0
hardzero_only__c0p58__z1p00__lam0p000__nu0p50__psi0p00,0.028,borrow,53,524,0.0,2,-0.6,-0.6,-0.6091258,0.9886307,0.102652445,0.102652445,1.0,0.0028742685,0.028,0.0,0.012,0.6,0.6,-26.813107,2.175031,0.72501034,0.15200001,0.0,0.15631948,0.0,0.0
hardzero_only__c0p58__z1p00__lam0p000__nu0p50__psi0p00,0.028,borrow,53,525,0.0,2,-0.6,-0.6,-0.608984,0.96771896,0.1077162,0.1077162,1.0,0.0030160537,0.028,0.0,0.012,0.6,0.6,-27.106266,2.1290243,0.7096748,0.224,0.0,0.18188469,0.0,0.0
hardzero_only__c0p58__z1p00__lam0p000__nu0p50__psi0p00,0.028,borrow,53,526,0.0,2,-0.6,-0.6,-0.6091052,0.98554075,0.10338541,0.10338541,1.0,0.0028947915,0.028,0.0,0.012,0.6,0.6,-27.379375,2.168233,0.72274435,0.17600001,0.0,0.15135434,0.0,0.0
hardzero_only__c0p58__z1p00__lam0p000__nu0p50__psi0p00,0.028,borrow,53,527,0.0,2,-0.6,-0.6,-0.6088913,0.9545771,0.11102555,0.11102555,1.0,0.0031087154,0.028,0.0,0.012,0.6,0.6,-26.794384,2.1001115,0.7000372,0.16000001,0.0,0.12611023,0.0,0.0
hardzero_only__c0p58__z1p00__lam0p000__nu0p50__psi0p00,0.028,borrow,53,528,0.0,2,-0.6,-0.6,-0.61200005,1.0187641,0.0,0.09577141,0.0,0.0,0.028,0.0,0.012,0.6,0.6,-28.00311,2.2413259,0.74710864,0.136,0.0,0.14710087,0.0,0.0
hardzero_only__c0p58__z1p00__lam0p000__nu0p50__psi0p00,0.028,borrow,53,529,0.0,2,-0.6,-0.6,-0.61200005,1.0299858,0.0,0.09332848,0.0,0.0,0.028,0.0,0.012,0.6,0.6,-27.587585,2.266014,0.7553381,0.15200001,0.0,0.15427579,0.0,0.0
hardzero_only__c0p58__z1p00__lam0p000__nu0p50__psi0p00,0.028,borrow,53,530,0.0,2,-0.6,-0.6,-0.6089488,0.9626851,0.108972006,0.108972006,1.0,0.0030512162,0.028,0.0,0.012,0.6,0.6,-26.521172,2.1179495,0.70598316,0.192,0.0,0.13974908,0.0,0.0
hardzero_only__c0p58__z1p00__lam0p000__nu0p50__psi0p00,0.028,borrow,53,531,0.0,2,-0.6,-0.6,-0.60906583,0.97966653,0.10479327,0.10479327,1.0,0.0029342116,0.028,0.0,0.012,0.6,0.6,-27.077515,2.1553094,0.7184365,0.14400001,0.0,0.13388097,0.0,0.0
hardzero_only__c0p58__z1p00__lam0p000__nu0p50__psi0p00,0.028,borrow,53,532,0.0,2,-0.6,-0.6,-0.6088859,0.9538164,0.111220166,0.111220166,1.0,0.0031141648,0.028,0.0,0.012,0.6,0.6,-25.70855,2.098438,0.69947934,0.15200001,0.0,0.114132226,0.0,0.0
hardzero_only__c0p58__z1p00__lam0p000__nu0p50__psi0p00,0.028,borrow,53,533,0.0,2,-0.6,-0.6,-0.6090654,0.97960013,0.10480932,0.10480932,1.0,0.002934661,0.028,0.0,0.012,0.6,0.6,-26.282427,2.1551633,0.7183878,0.17999999,0.0,0.1417869,0.0,0.0
hardzero_only__c0p58__z1p00__lam0p000__nu0p50__psi0p00,0.028,borrow,53,534,0.0,2,-0.6,-0.6,-0.6090592,0.9786896,0.10502927,0.10502927,1.0,0.0029408196,0.028,0.0,0.012,0.6,0.6,-27.39063,2.15316,0.71772003,0.18400002,0.0,0.15995687,0.0,0.0
hardzero_only__c0p58__z1p00__lam0p000__nu0p50__psi0p00,0.028,borrow,53,535,0.0,2,-0.6,-0.6,-0.61200005,1.0173237,0.0,0.09608958,0.0,0.0,0.028,0.0,0.012,0.6,0.6,-26.748417,2.2381568,0.74605227,0.120000005,0.0,0.12291978,0.0,0.0
hardzero_only__c0p58__z1p00__lam0p000__nu0p50__psi0p00,0.028,borrow,53,536,0.0,2,-0.6,-0.6,-0.61200005,1.0654318,0.0,0.086013794,0.0,0.0,0.028,0.0,0.012,0.6,0.6,-28.183266,2.3439968,0.78133225,0.096,0.0,0.1497542,0.0,0.0
hardzero_only__c0p58__z1p00__lam0p000__nu0p50__psi0p00,0.028,borrow,53,537,0.0,2,-0.6,-0.6,-0.61200005,1.0030948,0.0,0.09928992,0.0,0.0,0.028,0.0,0.012,0.6,0.6,-26.22154,2.2068527,0.7356176,0.136,0.0,0.11999101,0.0,0.0
hardzero_only__c0p58__z1p00__lam0p000__nu0p50__psi0p00,0.028,borrow,53,538,0.0,2,-0.6,-0.6,-0.6088892,0.95427907,0.111101754,0.111101754,1.0,0.0031108493,0.028,0.0,0.012,0.6,0.6,-26.03721,2.0994558,0.6998186,0.136,0.0,0.13928491,0.0,0.0
hardzero_only__c0p58__z1p00__lam0p000__nu0p50__psi0p00,0.028,borrow,53,539,0.0,2,-0.6,-0.6,-0.61200005,1.0210619,0.0,0.09526604,0.0,0.0,0.028,0.0,0.012,0.6,0.6,-26.541729,2.246381,0.7487937,0.16800001,0.0,0.1543713,0.0,0.0
hardzero_only__c0p58__z1p00__lam0p000__nu0p50__psi0p00,0.028,borrow,53,540,0.0,2,-0.6,-0.6,-0.6091299,0.98925686,0.10250453,0.10250453,1.0,0.0028701269,0.028,0.0,0.012,0.6,0.6,-27.51593,2.1764085,0.7254695,0.14400001,0.0,0.17302437,0.0,0.0
hardzero_only__c0p58__z1p00__lam0p000__nu0p50__psi0p00,0.028,borrow,53,541,0.0,2,-0.6,-0.6,-0.60907924,0.9816511,0.10431551,0.10431551,1.0,0.0029208343,0.028,0.0,0.012,0.6,0.6,-27.16951,2.1596756,0.7198919,0.192,0.0,0.13938157,0.0,0.0
hardzero_only__c0p58__z1p00__lam0p000__nu0p50__psi0p00,0.028,borrow,53,542,0.0,2,-0.6,-0.6,-0.6089143,0.95779866,0.11020501,0.11020501,1.0,0.0030857404,0.028,0.0,0.012,0.6,0.6,-25.900345,2.1071992,0.70239973,0.18400002,0.0,0.13646822,0.0,0.0
hardzero_only__c0p58__z1p00__lam0p000__nu0p50__psi0p00,0.028,borrow,53,543,0.0,2,-0.6,-0.6,-0.61200005,1.014772,0.0,0.09665579,0.0,0.0,0.028,0.0,0.012,0.6,0.6,-27.416662,2.232543,0.74418104,0.192,0.0,0.12307197,0.0,0.0
hardzero_only__c0p58__z1p00__lam0p000__nu0p50__psi0p00,0.028,borrow,53,544,0.0,2,-0.6,-0.6,-0.61200005,1.0027388,0.0,0.09937134,0.0,0.0,0.028,0.0,0.012,0.6,0.6,-27.60033,2.2060695,0.7353565,0.224,0.0,0.16173328,0.0,0.0
hardzero_only__c0p58__z1p00__lam0p000__nu0p50__psi0p00,0.028,borrow,53,545,0.0,2,-0.6,-0.6,-0.60899186,0.96885383,0.1074351,0.1074351,1.0,0.0030081829,0.028,0.0,0.012,0.6,0.6,-26.518353,2.131521,0.71050704,0.16800001,0.0,0.13135138,0.0,0.0
hardzero_only__c0p58__z1p00__lam0p000__nu0p50__psi0p00,0.028,borrow,53,546,0.0,2,-0.6,-0.6,-0.6091932,0.9989389,0.10024463,0.10024463,1.0,0.0028068495,0.028,0.0,0.012,0.6,0.6,-27.729912,2.1977096,0.7325699,0.22,0.0,0.12489574,0.0,0.0
hardzero_only__c0p58__z1p00__lam0p000__nu0p50__psi0p00,0.028,borrow,53,547,0.0,2,-0.6,-0.6,-0.60916597,0.99474543,0.101217255,0.101217255,1.0,0.0028340833,0.028,0.0,0.012,0.6,0.6,-26.411705,2.1884837,0.7294946,0.17600001,0.0,0.13480683,0.0,0.0
hardzero_only__c0p58__z1p00__lam0p000__nu0p50__psi0p00,0.028,borrow,53,548,0.0,2,-0.6,-0.6,-0.60888505,0.95370144,0.11124963,0.11124963,1.0,0.0031149897,0.028,0.0,0.012,0.6,0.6,-26.269016,2.098185,0.69939506,0.2,0.0,0.15516116,0.0,0.0
hardzero_only__c0p58__z1p00__lam0p000__nu0p50__psi0p00,0.028,borrow,53,549,0.0,2,-0.6,-0.6,-0.6091492,0.99218816,0.10181502,0.10181502,1.0,0.0028508208,0.028,0.0,0.012,0.6,0.6,-26.941643,2.1828575,0.7276192,0.192,0.0,0.11996156,0.0,0.0
hardzero_only__c0p58__z1p00__lam0p000__nu0p50__psi0p00,0.028,borrow,53,550,0.0,2,-0.6,-0.6,-0.60867417,0.92525303,0.11878099,0.11878099,1.0,0.003325868,0.028,0.0,0.012,0.6,0.6,-25.667704,2.0355973,0.6785325,0.192,0.0,0.13703136,0.0,0.0
hardzero_only__c0p58__z1p00__lam0p000__nu0p50__psi0p00,0.028,borrow,53,551,0.0,2,-0.6,-0.6,-0.60905397,0.9779154,0.10521667,0.10521667,1.0,0.0029460667,0.028,0.0,0.012,0.6,0.6,-27.015957,2.1514568,0.7171523,0.104,0.0,0.15378411,0.0,0.0
hardzero_only__c0p58__z1p00__lam0p000__nu0p50__psi0p00,0.028,borrow,53,552,0.0,2,-0.6,-0.6,-0.61200005,1.0412142,0.0,0.090946466,0.0,0.0,0.028,0.0,0.012,0.6,0.6,-28.403873,2.2907171,0.7635724,0.128,0.0,0.17870075,0.0,0.0
hardzero_only__c0p58__z1p00__lam0p000__nu0p50__psi0p00,0.028,borrow,53,553,0.0,2,-0.6,-0.6,-0.60890234,0.95611745,0.110632434,0.110632434,1.0,0.0030977083,0.028,0.0,0.012,0.6,0.6,-26.71062,2.1035004,0.7011668,0.216,0.0,0.17632803,0.0,0.0
hardzero_only__c0p58__z1p00__lam0p000__nu0p50__psi0p00,0.028,borrow,53,554,0.0,2,-0.6,-0.6,-0.6091487,0.99210775,0.10183386,0.10183386,1.0,0.0028513481,0.028,0.0,0.012,0.6,0.6,-27.384422,2.1826806,0.7275602,0.128,0.0,0.1436038,0.0,0.0
hardzero_only__c0p58__z1p00__lam0p000__nu0p50__psi0p00,0.028,borrow,53,555,0.0,2,-0.6,-0.6,-0.61200005,1.0075754,0.0,0.09827083,0.0,0.0,0.028,0.0,0.012,0.6,0.6,-27.402496,2.21671,0.7389034,0.18400002,0.0,0.17230706,0.0,0.0
hardzero_only__c0p58__z1p00__lam0p000__nu0p50__psi0p00,0.028,borrow,53,556,0.0,2,-0.6,-0.6,-0.60912037,0.9878112,0.10284632,0.10284632,1.0,0.002879697,0.028,0.0,0.012,0.6,0.6,-27.30217,2.173228,0.72440934,0.216,0.0,0.17060456,0.0,0.0
hardzero_only__c0p58__z1p00__lam0p000__nu0p50__psi0p00,0.028,borrow,53,557,0.0,2,-0.6,-0.6,-0.609055,0.97806084,0.105181456,0.105181456,1.0,0.0029450809,0.028,0.0,0.012,0.6,0.6,-26.146175,2.1517768,0.71725893,0.18400002,0.0,0.12643878,0.0,0.0
hardzero_only__c0p58__z1p00__lam0p000__nu0p50__psi0p00,0.028,borrow,53,558,0.0,2,-0.6,-0.6,-0.6091182,0.98748803,0.10292288,0.10292288,1.0,0.0028818408,0.028,0.0,0.012,0.6,0.6,-26.585207,2.172517,0.72417235,0.18400002,0.0,0.1655115,0.0,0.0
hardzero_only__c0p58__z1p00__lam0p000__nu0p50__psi0p00,0.028,borrow,53,559,0.0,2,-0.6,-0.6,-0.61200005,1.080596,0.0,0.08306231,0.0,0.0,0.028,0.0,0.012,0.6,0.6,-28.55705,2.3773587,0.79245293,0.17,0.0,0.20702493,0.0,0.0
hardzero_only__c0p58__z1p00__lam0p000__nu0p50__psi0p00,0.028,borrow,53,560,0.0,2,-0.6,-0.6,-0.61200005,1.0199689,0.0,0.09550611,0.0,0.0,0.028,0.0,0.012,0.6,0.6,-27.41948,2.2439764,0.74799216,0.17600001,0.0,0.16320409,0.0,0.0
hardzero_only__c0p58__z1p00__lam0p000__nu0p50__psi0p00,0.028,borrow,53,561,0.0,2,-0.6,-0.6,-0.60894626,0.9623181,0.109064125,0.109064125,1.0,0.0030537955,0.028,0.0,0.012,0.6,0.6,-26.271042,2.1171422,0.7057141,0.192,0.0,0.14602564,0.0,0.0
hardzero_only__c0p58__z1p00__lam0p000__nu0p50__psi0p00,0.028,borrow,53,562,0.0,2,-0.6,-0.6,-0.61200005,1.021189,0.0,0.09523816,0.0,0.0,0.028,0.0,0.012,0.6,0.6,-27.125376,2.2466607,0.74888694,0.15200001,0.0,0.163825,0.0,0.0
hardzero_only__c0p58__z1p00__lam0p000__nu0p50__psi0p00,0.028,borrow,53,563,0.0,2,-0.6,-0.6,-0.60908365,0.9823089,0.10415763,0.10415763,1.0,0.0029164136,0.028,0.0,0.012,0.6,0.6,-26.983086,2.1611228,0.7203743,0.16000001,0.0,0.14949878,0.0,0.0
hardzero_only__c0p58__z1p00__lam0p000__nu0p50__psi0p00,0.028,borrow,53,564,0.0,2,-0.6,-0.6,-0.61200005,1.023193,0.0,0.0947997,0.0,0.0,0.028,0.0,0.012,0.6,0.6,-27.650864,2.2510695,0.75035655,0.15200001,0.0,0.12965816,0.0,0.0
hardzero_only__c0p58__z1p00__lam0p000__nu0p50__psi0p00,0.028,borrow,53,565,0.0,2,-0.6,-0.6,-0.60912544,0.98857856,0.10266476,0.10266476,1.0,0.0028746135,0.028,0.0,0.012,0.6,0.6,-26.890644,2.1749163,0.7249721,0.17600001,0.0,0.1374378,0.0,0.0
hardzero_only__c0p58__z1p00__lam0p000__nu0p50__psi0p00,0.028,borrow,53,566,0.0,2,-0.6,-0.6,-0.6090635,0.979324,0.10487598,0.10487598,1.0,0.0029365276,0.028,0.0,0.012,0.6,0.6,-26.989328,2.1545558,0.7181853,0.18400002,0.008,0.14946727,0.0,0.0
hardzero_only__c0p58__z1p00__lam0p000__nu0p50__psi0p00,0.028,borrow,53,567,0.0,2,-0.6,-0.6,-0.61200005,1.0413435,0.0,0.090919405,0.0,0.0,0.028,0.0,0.012,0.6,0.6,-27.343489,2.2910013,0.7636671,0.15200001,0.008,0.15897909,0.0,0.0
hardzero_only__c0p58__z1p00__lam0p000__nu0p50__psi0p00,0.028,borrow,53,568,0.0,2,-0.6,-0.6,-0.61200005,1.0471987,0.0,0.08970185,0.0,0.0,0.028,0.0,0.012,0.6,0.6,-27.35917,2.303883,0.767961,0.17600001,0.0,0.12459715,0.0,0.0
hardzero_only__c0p58__z1p00__lam0p000__nu0p50__psi0p00,0.028,borrow,53,569,0.0,2,-0.6,-0.6,-0.6090989,0.9845917,0.10361157,0.10361157,1.0,0.002901124,0.028,0.0,0.012,0.6,0.6,-26.782694,2.166145,0.7220484,0.17600001,0.0,0.12973446,0.0,0.0
hardzero_only__c0p58__z1p00__lam0p000__nu0p50__psi0p00,0.028,borrow,53,570,0.0,2,-0.6,-0.6,-0.60890245,0.9561367,0.11062754,0.11062754,1.0,0.0030975712,0.028,0.0,0.012,0.6,0.6,-26.513851,2.1035428,0.70118093,0.104,0.0,0.119947,0.0,0.0
hardzero_only__c0p58__z1p00__lam0p000__nu0p50__psi0p00,0.028,borrow,53,571,0.0,2,-0.6,-0.6,-0.60914546,0.99161583,0.10194927,0.10194927,1.0,0.0028545796,0.028,0.0,0.012,0.6,0.6,-27.179983,2.1815984,0.7271995,0.16800001,0.0,0.14793698,0.0,0.0
hardzero_only__c0p58__z1p00__lam0p000__nu0p50__psi0p00,0.028,borrow,53,572,0.0,2,-0.6,-0.6,-0.61200005,1.015424,0.0,0.09651081,0.0,0.0,0.028,0.0,0.012,0.6,0.6,-26.961237,2.2339776,0.7446592,0.14999999,0.0,0.14431466,0.0,0.0
hardzero_only__c0p58__z1p00__lam0p000__nu0p50__psi0p00,0.028,borrow,53,573,0.0,2,-0.6,-0.6,-0.61200005,1.0136663,0.0,0.09690222,0.0,0.0,0.028,0.0,0.012,0.6,0.6,-27.90585,2.2301104,0.7433702,0.256,0.0,0.14735909,0.0,0.0
hardzero_only__c0p58__z1p00__lam0p000__nu0p50__psi0p00,0.028,borrow,53,574,0.0,2,-0.6,-0.6,-0.61200005,1.0441169,0.0,0.09034064,0.0,0.0,0.028,0.0,0.012,0.6,0.6,-27.851767,2.297103,0.765701,0.18400002,0.0,0.16110678,0.0,0.0
hardzero_only__c0p58__z1p00__lam0p000__nu0p50__psi0p00,0.028,borrow,53,575,0.0,2,-0.6,-0.6,-0.60885525,0.94956714,0.11231374,0.11231374,1.0,0.0031447848,0.028,0.0,0.012,0.6,0.6,-26.156723,2.0890894,0.69636315,0.128,0.0,0.13217044,0.0,0.0
hardzero_only__c0p58__z1p00__lam0p000__nu0p50__psi0p00,0.028,borrow,53,576,0.0,2,-0.6,-0.6,-0.61200005,1.0069367,0.0,0.09841545,0.0,0.0,0.028,0.0,0.012,0.6,0.6,-26.90279,2.2153049,0.738435,0.18400002,0.0,0.14786617,0.0,0.0
hardzero_only__c0p58__z1p00__lam0p000__nu0p50__psi0p00,0.028,borrow,53,577,0.0,2,-0.6,-0.6,-0.61200005,1.0323621,0.0,0.09281921,0.0,0.0,0.028,0.0,0.012,0.6,0.6,-27.0278,2.271242,0.7570807,0.120000005,0.0,0.12288778,0.0,0.0
hardzero_only__c0p58__z1p00__lam0p000__nu0p50__psi0p00,0.028,borrow,53,578,0.0,2,-0.6,-0.6,-0.6090226,0.97331226,0.10633781,0.10633781,1.0,0.0029774588,0.028,0.0,0.012,0.6,0.6,-26.278656,2.1413298,0.7137766,0.16000001,0.0,0.14631087,0.0,0.0
hardzero_only__c0p58__z1p00__lam0p000__nu0p50__psi0p00,0.028,borrow,53,579,0.0,2,-0.6,-0.6,-0.6091108,0.98637336,0.103187405,0.103187405,1.0,0.0028892474,0.028,0.0,0.012,0.6,0.6,-25.578869,2.1700647,0.72335494,0.16800001,0.0,0.1473535,0.0,0.0
hardzero_only__c0p58__z1p00__lam0p000__nu0p50__psi0p00,0.028,borrow,53,580,0.0,2,-0.6,-0.6,-0.61200005,1.0141009,0.0,0.09680529,0.0,0.0,0.028,0.0,0.012,0.6,0.6,-27.843685,2.2310665,0.7436888,0.15200001,0.0,0.13928935,0.0,0.0
hardzero_only__c0p58__z1p00__lam0p000__nu0p50__psi0p00,0.028,borrow,53,581,0.0,2,-0.6,-0.6,-0.61200005,1.0336623,0.0,0.09254175,0.0,0.0,0.028,0.0,0.012,0.6,0.6,-27.648943,2.2741024,0.75803417,0.15200001,0.0,0.16453283,0.0,0.0
hardzero_only__c0p58__z1p00__lam0p000__nu0p50__psi0p00,0.028,borrow,53,582,0.0,2,-0.6,-0.6,-0.6091631,0.9943045,0.10132008,0.10132008,1.0,0.0028369622,0.028,0.0,0.012,0.6,0.6,-27.156036,2.1875136,0.7291712,0.15200001,0.0,0.13790719,0.0,0.0
hardzero_only__c0p58__z1p00__lam0p000__nu0p50__psi0p00,0.028,borrow,53,583,0.0,2,-0.6,-0.6,-0.61200005,1.0362092,0.0,0.09200063,0.0,0.0,0.028,0.0,0.012,0.6,0.6,-27.527098,2.2797058,0.75990194,0.128,0.0,0.138177,0.0,0.0
hardzero_only__c0p58__z1p00__lam0p000__nu0p50__psi0p00,0.028,borrow,53,584,0.0,2,-0.6,-0.6,-0.61200005,1.0091957,0.0,0.09790485,0.0,0.0,0.028,0.0,0.012,0.6,0.6,-27.438927,2.220275,0.7400917,0.16000001,0.0,0.14895536,0.0,0.0
hardzero_only__c0p58__z1p00__lam0p000__nu0p50__psi0p00,0.028,borrow,53,585,0.0,2,-0.6,-0.6,-0.61200005,1.0191047,0.0,0.09569634,0.0,0.0,0.028,0.0,0.012,0.6,0.6,-28.032951,2.2420752,0.74735844,0.13,0.0,0.12886642,0.0,0.0
hardzero_only__c0p58__z1p00__lam0p000__nu0p50__psi0p00,0.028,borrow,53,586,0.0,2,-0.6,-0.6,-0.6090634,0.97930425,0.104880735,0.104880735,1.0,0.0029366608,0.028,0.0,0.012,0.6,0.6,-26.562092,2.1545124,0.7181708,0.16000001,0.0,0.13996987,0.0,0.0
hardzero_only__c0p58__z1p00__lam0p000__nu0p50__psi0p00,0.028,borrow,53,587,0.0,2,-0.6,-0.6,-0.61200005,1.0296512,0.0,0.093400426,0.0,0.0,0.028,0.0,0.012,0.6,0.6,-27.088013,2.2652779,0.7550926,0.120000005,0.0,0.16855757,0.0,0.0
hardzero_only__c0p58__z1p00__lam0p000__nu0p50__psi0p00,0.028,borrow,53,588,0.0,2,-0.6,-0.6,-0.61200005,1.0139503,0.0,0.09683885,0.0,0.0,0.028,0.0,0.012,0.6,0.6,-27.82778,2.2307353,0.74357843,0.18400002,0.008,0.14327645,0.0,0.0
hardzero_only__c0p58__z1p00__lam0p000__nu0p50__psi0p00,0.028,borrow,53,589,0.0,2,-0.6,-0.6,-0.60911894,0.98759437,0.102897674,0.102897674,1.0,0.0028811349,0.028,0.0,0.012,0.6,0.6,-26.305962,2.172751,0.7242503,0.14400001,0.0,0.14300902,0.0,0.0
hardzero_only__c0p58__z1p00__lam0p000__nu0p50__psi0p00,0.028,borrow,53,590,0.0,2,-0.6,-0.6,-0.6090476,0.97697115,0.1054457,0.1054457,1.0,0.0029524795,0.028,0.0,0.012,0.6,0.6,-26.834978,2.1493795,0.7164599,0.208,0.0,0.13667834,0.0,0.0
hardzero_only__c0p58__z1p00__lam0p000__nu0p50__psi0p00,0.028,borrow,53,591,0.0,2,-0.6,-0.6,-0.6091967,0.9994842,0.10011885,0.10011885,1.0,0.002803328,0.028,0.0,0.012,0.6,0.6,-27.276314,2.198909,0.7329697,0.120000005,0.0,0.14670637,0.0,0.0
hardzero_only__c0p58__z1p00__lam0p000__nu0p50__psi0p00,0.028,borrow,53,592,0.0,2,-0.6,-0.6,-0.61200005,1.0335385,0.0,0.09256813,0.0,0.0,0.028,0.0,0.012,0.6,0.6,-28.647423,2.27383,0.75794333,0.15200001,0.0,0.1662992,0.0,0.0
hardzero_only__c0p58__z1p00__lam0p000__nu0p50__psi0p00,0.028,borrow,53,593,0.0,2,-0.6,-0.6,-0.6085582,0.91036314,0.12292405,0.12292405,1.0,0.0034418735,0.028,0.0,0.012,0.6,0.6,-25.441563,2.0028389,0.66761297,0.17600001,0.0,0.11985969,0.0,0.0
hardzero_only__c0p58__z1p00__lam0p000__nu0p50__psi0p00,0.028,borrow,53,594,0.0,2,-0.6,-0.6,-0.6089566,0.96378875,0.10869542,0.10869542,1.0,0.0030434718,0.028,0.0,0.012,0.6,0.6,-27.096165,2.1203775,0.70679253,0.216,0.0,0.1622701,0.0,0.0
hardzero_only__c0p58__z1p00__lam0p000__nu0p50__psi0p00,0.028,borrow,53,595,0.0,2,-0.6,-0.6,-0.6090265,0.97387874,0.10619919,0.10619919,1.0,0.0029735775,0.028,0.0,0.012,0.6,0.6,-26.598066,2.142576,0.71419203,0.192,0.0,0.13971563,0.0,0.0
hardzero_only__c0p58__z1p00__lam0p000__nu0p50__psi0p00,0.028,borrow,53,596,0.0,2,-0.6,-0.6,-0.61200005,1.0248613,0.0,0.09443624,0.0,0.0,0.028,0.0,0.012,0.6,0.6,-27.46488,2.25474,0.75158,0.112,0.0,0.1768689,0.0,0.0
hardzero_only__c0p58__z1p00__lam0p000__nu0p50__psi0p00,0.028,borrow,53,597,0.0,2,-0.6,-0.6,-0.6087979,0.94171745,0.11436221,0.11436221,1.0,0.003202142,0.028,0.0,0.012,0.6,0.6,-25.781456,2.0718198,0.6906066,0.2,0.0,0.14203659,0.0,0.0
hardzero_only__c0p58__z1p00__lam0p000__nu0p50__psi0p00,0.028,borrow,53,598,0.0,2,-0.6,-0.6,-0.61200005,1.0192479,0.0,0.09566479,0.0,0.0,0.028,0.0,0.012,0.6,0.6,-27.472147,2.2423902,0.7474634,0.17,0.01,0.14257759,0.0,0.0
hardzero_only__c0p58__z1p00__lam0p000__nu0p50__psi0p00,0.028,borrow,53,599,0.0,2,-0.6,-0.6,-0.609122,0.9880534,0.10278898,0.10278898,1.0,0.0028780915,0.028,0.0,0.012,0.6,0.6,-27.119043,2.173761,0.72458696,0.16800001,0.0,0.1610436,0.0,0.0
hardzero_only__c0p58__z1p00__lam0p000__nu0p50__psi0p00,0.028,borrow,53,600,0.0,2,-0.6,-0.6,-0.61200005,1.0018106,0.0,0.09958397,0.0,0.0,0.028,0.0,0.012,0.6,0.6,-27.098824,2.2040272,0.73467577,0.17600001,0.0,0.15591688,0.0,0.0
hardzero_only__c0p58__z1p00__lam0p000__nu0p50__psi0p00,0.028,borrow,53,601,0.0,2,-0.6,-0.6,-0.60913116,0.9894453,0.102460064,0.102460064,1.0,0.002868882,0.028,0.0,0.012,0.6,0.6,-26.633184,2.1768231,0.72560775,0.14400001,0.0,0.11974943,0.0,0.0
hardzero_only__c0p58__z1p00__lam0p000__nu0p50__psi0p00,0.028,borrow,53,602,0.0,2,-0.6,-0.6,-0.60869503,0.927988,0.11803532,0.11803532,1.0,0.003304989,0.028,0.0,0.012,0.6,0.6,-26.528915,2.0416143,0.6805381,0.16800001,0.0,0.13814475,0.0,0.0
hardzero_only__c0p58__z1p00__lam0p000__nu0p50__psi0p00,0.028,borrow,53,603,0.0,2,-0.6,-0.6,-0.6089858,0.96797884,0.107651755,0.107651755,1.0,0.0030142493,0.028,0.0,0.012,0.6,0.6,-26.105694,2.129596,0.70986533,0.24000001,0.0,0.13832416,0.0,0.0
hardzero_only__c0p58__z1p00__lam0p000__nu0p50__psi0p00,0.028,borrow,53,604,0.0,2,-0.6,-0.6,-0.6091337,0.9898323,0.10236882,0.10236882,1.0,0.002866327,0.028,0.0,0.012,0.6,0.6,-26.843966,2.1776745,0.72589153,0.192,0.0,0.14622374,0.0,0.0
hardzero_only__c0p58__z1p00__lam0p000__nu0p50__psi0p00,0.028,borrow,53,605,0.0,2,-0.6,-0.6,-0.61200005,1.0352651,0.0,0.09220085,0.0,0.0,0.028,0.0,0.012,0.6,0.6,-26.84977,2.2776287,0.7592096,0.16000001,0.0,0.1546891,0.0,0.0
hardzero_only__c0p58__z1p00__lam0p000__nu0p50__psi0p00,0.028,borrow,53,606,0.0,2,-0.6,-0.6,-0.60909694,0.98429644,0.10368205,0.10368205,1.0,0.0029030975,0.028,0.0,0.012,0.6,0.6,-26.140984,2.1654954,0.7218318,0.192,0.0,0.12956953,0.0,0.0
hardzero_only__c0p58__z1p00__lam0p000__nu0p50__psi0p00,0.028,borrow,53,607,0.0,2,-0.6,-0.6,-0.60905194,0.9776139,0.10528974,0.10528974,1.0,0.0029481128,0.028,0.0,0.012,0.6,0.6,-25.954954,2.1507936,0.7169312,0.192,0.0,0.12999788,0.0,0.0
hardzero_only__c0p58__z1p00__lam0p000__nu0p50__psi0p00,0.028,borrow,53,608,0.0,2,-0.6,-0.6,-0.6090938,0.98382026,0.1037958,0.1037958,1.0,0.0029062824,0.028,0.0,0.012,0.6,0.6,-25.742723,2.1644478,0.72148263,0.17600001,0.0,0.14748953,0.0,0.0
hardzero_only__c0p58__z1p00__lam0p000__nu0p50__psi0p00,0.028,borrow,53,609,0.0,2,-0.6,-0.6,-0.609026,0.97381186,0.10621555,0.10621555,1.0,0.0029740355,0.028,0.0,0.012,0.6,0.6,-26.269257,2.1424289,0.714143,0.24000001,0.0,0.13801207,0.0,0.0
hardzero_only__c0p58__z1p00__lam0p000__nu0p50__psi0p00,0.028,borrow,53,610,0.0,2,-0.6,-0.6,-0.60913223,0.98960656,0.102422036,0.102422036,1.0,0.0028678172,0.028,0.0,0.012,0.6,0.6,-26.963205,2.177178,0.725726,0.17600001,0.0,0.12870246,0.0,0.0
hardzero_only__c0p58__z1p00__lam0p000__nu0p50__psi0p00,0.028,borrow,53,611,0.0,2,-0.6,-0.6,-0.61200005,1.0272707,0.0,0.09391378,0.0,0.0,0.028,0.0,0.012,0.6,0.6,-27.571596,2.2600405,0.75334686,0.099999994,0.0,0.12901749,0.0,0.0
hardzero_only__c0p58__z1p00__lam0p000__nu0p50__psi0p00,0.028,borrow,53,612,0.0,2,-0.6,-0.6,-0.609192,0.99875635,0.100286774,0.100286774,1.0,0.0028080298,0.028,0.0,0.012,0.6,0.6,-26.604074,2.1973078,0.73243594,0.2,0.0,0.15155979,0.0,0.0
hardzero_only__c0p58__z1p00__lam0p000__nu0p50__psi0p00,0.028,borrow,53,613,0.0,2,-0.6,-0.6,-0.60911506,0.98701394,0.1030353,0.1030353,1.0,0.0028849884,0.028,0.0,0.012,0.6,0.6,-27.037954,2.171474,0.7238247,0.15200001,0.0,0.14134142,0.0,0.0
hardzero_only__c0p58__z1p00__lam0p000__nu0p50__psi0p00,0.028,borrow,53,614,0.0,2,-0.6,-0.6,-0.6091502,0.99233615,0.10178032,0.10178032,1.0,0.002849849,0.028,0.0,0.012,0.6,0.6,-26.35412,2.1831832,0.7277278,0.120000005,0.0,0.13804096,0.0,0.0
hardzero_only__c0p58__z1p00__lam0p000__nu0p50__psi0p00,0.028,borrow,53,615,0.0,2,-0.6,-0.6,-0.6087701,0.9379563,0.11535692,0.11535692,1.0,0.0032299939,0.028,0.0,0.012,0.6,0.6,-24.922852,2.063545,0.6878483,0.2,0.0,0.12832865,0.0,0.0
hardzero_only__c0p58__z1p00__lam0p000__nu0p50__psi0p00,0.028,borrow,53,616,0.0,2,-0.6,-0.6,-0.61200005,1.0006678,0.0,0.09984633,0.0,0.0,0.028,0.0,0.012,0.6,0.6,-26.448458,2.201513,0.7338377,0.192,0.0,0.16658826,0.0,0.0
hardzero_only__c0p58__z1p00__lam0p000__nu0p50__psi0p00,0.028,borrow,53,617,0.0,2,-0.6,-0.6,-0.61200005,1.0001032,0.0,0.09997623,0.0,0.0,0.028,0.0,0.012,0.6,0.6,-25.814394,2.2002711,0.7334237,0.15200001,0.0,0.1454354,0.0,0.0
hardzero_only__c0p58__z1p00__lam0p000__nu0p50__psi0p00,0.028,borrow,53,618,0.0,2,-0.6,-0.6,-0.60873854,0.93374306,0.11648148,0.11648148,1.0,0.0032614816,0.028,0.0,0.012,0.6,0.6,-26.105684,2.0542758,0.6847586,0.23200001,0.0,0.1408112,0.0,0.0
hardzero_only__c0p58__z1p00__lam0p000__nu0p50__psi0p00,0.028,borrow,53,619,0.0,2,-0.6,-0.6,-0.61200005,1.0260495,0.0,0.09417823,0.0,0.0,0.028,0.0,0.012,0.6,0.6,-27.36022,2.257354,0.75245136,0.15200001,0.0,0.14648423,0.0,0.0
hardzero_only__c0p58__z1p00__lam0p000__nu0p50__psi0p00,0.028,borrow,53,620,0.0,2,-0.6,-0.6,-0.6088156,0.9441251,0.11372995,0.11372995,1.0,0.0031844387,0.028,0.0,0.012,0.6,0.6,-26.572111,2.0771167,0.69237226,0.16800001,0.0,0.13609944,0.0,0.0
hardzero_only__c0p58__z1p00__lam0p000__nu0p50__psi0p00,0.028,borrow,53,621,0.0,2,-0.6,-0.6,-0.61200005,1.015657,0.0,0.09645905,0.0,0.0,0.028,0.0,0.012,0.6,0.6,-27.493013,2.23449,0.74483,0.18400002,0.0,0.15830967,0.0,0.0
hardzero_only__c0p58__z1p00__lam0p000__nu0p50__psi0p00,0.028,borrow,53,622,0.0,2,-0.6,-0.6,-0.6091839,0.99750566,0.100576006,0.100576006,1.0,0.0028161283,0.028,0.0,0.012,0.6,0.6,-27.413303,2.1945562,0.73151875,0.16000001,0.0,0.15322183,0.0,0.0
hardzero_only__c0p58__z1p00__lam0p000__nu0p50__psi0p00,0.028,borrow,53,623,0.0,2,-0.6,-0.6,-0.60894674,0.96238923,0.10904625,0.10904625,1.0,0.0030532952,0.028,0.0,0.012,0.6,0.6,-26.166101,2.1172986,0.7057662,0.128,0.0,0.12545641,0.0,0.0
hardzero_only__c0p58__z1p00__lam0p000__nu0p50__psi0p00,0.028,borrow,53,624,0.0,2,-0.6,-0.6,-0.61200005,1.0121176,0.0,0.097248375,0.0,0.0,0.028,0.0,0.012,0.6,0.6,-26.946938,2.2267032,0.7422344,0.14,0.0,0.14564417,0.0,0.0
hardzero_only__c0p58__z1p00__lam0p000__nu0p50__psi0p00,0.028,borrow,53,625,0.0,2,-0.6,-0.6,-0.60913175,0.98953557,0.10243879,0.10243879,1.0,0.0028682863,0.028,0.0,0.012,0.6,0.6,-26.250875,2.1770217,0.7256739,0.15200001,0.0,0.11776521,0.0,0.0
hardzero_only__c0p58__z1p00__lam0p000__nu0p50__psi0p00,0.028,borrow,53,626,0.0,2,-0.6,-0.6,-0.6091515,0.99253047,0.1017348,0.1017348,1.0,0.0028485747,0.028,0.0,0.012,0.6,0.6,-26.71945,2.1836107,0.7278702,0.120000005,0.0,0.13645431,0.0,0.0
hardzero_only__c0p58__z1p00__lam0p000__nu0p50__psi0p00,0.028,borrow,53,627,0.0,2,-0.6,-0.6,-0.60910386,0.985327,0.1034363,0.1034363,1.0,0.0028962165,0.028,0.0,0.012,0.6,0.6,-27.2887,2.1677628,0.7225876,0.17600001,0.0,0.16073915,0.0,0.0
hardzero_only__c0p58__z1p00__lam0p000__nu0p50__psi0p00,0.028,borrow,53,628,0.0,2,-0.6,-0.6,-0.60884124,0.94763273,0.11281512,0.11281512,1.0,0.0031588234,0.028,0.0,0.012,0.6,0.6,-26.141087,2.0848336,0.69494456,0.2,0.0,0.13105245,0.0,0.0
hardzero_only__c0p58__z1p00__lam0p000__nu0p50__psi0p00,0.028,borrow,53,629,0.0,2,-0.6,-0.6,-0.609163,0.9942876,0.10132402,0.10132402,1.0,0.0028370726,0.028,0.0,0.012,0.6,0.6,-27.630844,2.1874764,0.7291588,0.18400002,0.0,0.13428378,0.0,0.0
hardzero_only__c0p58__z1p00__lam0p000__nu0p50__psi0p00,0.028,borrow,53,630,0.0,2,-0.6,-0.6,-0.61200005,1.0316322,0.0,0.092975356,0.0,0.0,0.028,0.0,0.012,0.6,0.6,-26.888683,2.2696362,0.7565454,0.064,0.0,0.13610433,0.0,0.0
hardzero_only__c0p58__z1p00__lam0p000__nu0p50__psi0p00,0.028,borrow,53,631,0.0,2,-0.6,-0.6,-0.6091688,0.9951813,0.101115726,0.101115726,1.0,0.0028312404,0.028,0.0,0.012,0.6,0.6,-27.058538,2.1894426,0.72981423,0.2,0.0,0.16167796,0.0,0.0
hardzero_only__c0p58__z1p00__lam0p000__nu0p50__psi0p00,0.028,borrow,53,632,0.0,2,-0.6,-0.6,-0.61200005,1.0067247,0.0,0.09846349,0.0,0.0,0.028,0.0,0.012,0.6,0.6,-27.43764,2.2148385,0.7382795,0.256,0.0,0.16559471,0.0,0.0
hardzero_only__c0p58__z1p00__lam0p000__nu0p50__psi0p00,0.028,borrow,53,633,0.0,2,-0.6,-0.6,-0.61200005,1.0213116,0.0,0.095211275,0.0,0.0,0.028,0.0,0.012,0.6,0.6,-27.410948,2.2469304,0.7489768,0.208,0.0,0.15892929,0.0,0.0
hardzero_only__c0p58__z1p00__lam0p000__nu0p50__psi0p00,0.028,borrow,53,634,0.0,2,-0.6,-0.6,-0.61200005,1.0043039,0.0,0.09901389,0.0,0.0,0.028,0.0,0.012,0.6,0.6,-27.622107,2.2095127,0.73650426,0.120000005,0.0,0.14920749,0.0,0.0
hardzero_only__c0p58__z1p00__lam0p000__nu0p50__psi0p00,0.028,borrow,53,635,0.0,2,-0.6,-0.6,-0.61200005,1.0245327,0.0,0.09450773,0.0,0.0,0.028,0.0,0.012,0.6,0.6,-27.488146,2.2540169,0.75133896,0.16800001,0.0,0.15238564,0.0,0.0
hardzero_only__c0p58__z1p00__lam0p000__nu0p50__psi0p00,0.028,borrow,53,636,0.0,2,-0.6,-0.6,-0.61200005,1.0055366,0.0,0.09873324,0.0,0.0,0.028,0.0,0.012,0.6,0.6,-26.494724,2.2122245,0.73740816,0.112,0.0,0.13206315,0.0,0.0
hardzero_only__c0p58__z1p00__lam0p000__nu0p50__psi0p00,0.028,borrow,53,637,0.0,2,-0.6,-0.6,-0.60907745,0.9813882,0.10437868,0.10437868,1.0,0.0029226032,0.028,0.0,0.012,0.6,0.6,-26.493935,2.1590972,0.7196991,0.29,0.0,0.14403321,0.0,0.0
hardzero_only__c0p58__z1p00__lam0p000__nu0p50__psi0p00,0.028,borrow,53,638,0.0,2,-0.6,-0.6,-0.6091486,0.9920932,0.101837285,0.101837285,1.0,0.002851444,0.028,0.0,0.012,0.6,0.6,-26.764994,2.1826487,0.72754955,0.18400002,0.0,0.1858793,0.0,0.0
hardzero_only__c0p58__z1p00__lam0p000__nu0p50__psi0p00,0.028,borrow,53,639,0.0,2,-0.6,-0.6,-0.6090421,0.97616535,0.10564152,0.10564152,1.0,0.0029579627,0.028,0.0,0.012,0.6,0.6,-26.271172,2.1476066,0.7158689,0.23200001,0.0,0.14183767,0.0,0.0
hardzero_only__c0p58__z1p00__lam0p000__nu0p50__psi0p00,0.028,borrow,53,640,0.0,2,-0.6,-0.6,-0.6090641,0.97940874,0.10485551,0.10485551,1.0,0.0029359544,0.028,0.0,0.012,0.6,0.6,-26.054434,2.1547422,0.7182474,0.28,0.0,0.14756954,0.0,0.0
hardzero_only__c0p58__z1p00__lam0p000__nu0p50__psi0p00,0.028,borrow,53,641,0.0,2,-0.6,-0.6,-0.61200005,1.0047991,0.0,0.09890103,0.0,0.0,0.028,0.0,0.012,0.6,0.6,-27.185606,2.2106023,0.7368674,0.136,0.0,0.13339612,0.0,0.0
hardzero_only__c0p58__z1p00__lam0p000__nu0p50__psi0p00,0.028,borrow,53,642,0.0,2,-0.6,-0.6,-0.6087616,0.9368211,0.11565884,0.11565884,1.0,0.0032384477,0.028,0.0,0.012,0.6,0.6,-25.750349,2.0610476,0.6870159,0.23200001,0.0,0.15365115,0.0,0.0
hardzero_only__c0p58__z1p00__lam0p000__nu0p50__psi0p00,0.028,borrow,53,643,0.0,2,-0.6,-0.6,-0.60899794,0.969731,0.10721832,0.10721832,1.0,0.003002113,0.028,0.0,0.012,0.6,0.6,-27.591955,2.1334507,0.7111503,0.17600001,0.0,0.14385176,0.0,0.0
hardzero_only__c0p58__z1p00__lam0p000__nu0p50__psi0p00,0.028,borrow,53,644,0.0,2,-0.6,-0.6,-0.6091085,0.9860281,0.10326946,0.10326946,1.0,0.002891545,0.028,0.0,0.012,0.6,0.6,-26.634932,2.169305,0.72310174,0.14400001,0.0,0.13225304,0.0,0.0
hardzero_only__c0p58__z1p00__lam0p000__nu0p50__psi0p00,0.028,borrow,53,645,0.0,2,-0.6,-0.6,-0.6091987,0.9997854,0.10004941,0.10004941,1.0,0.0028013834,0.028,0.0,0.012,0.6,0.6,-26.750406,2.1995718,0.73319066,0.17600001,0.0,0.121989876,0.0,0.0
hardzero_only__c0p58__z1p00__lam0p000__nu0p50__psi0p00,0.028,borrow,53,646,0.0,2,-0.6,-0.6,-0.6089945,0.9692301,0.10734206,0.10734206,1.0,0.0030055777,0.028,0.0,0.012,0.6,0.6,-26.153513,2.1323488,0.71078295,0.18400002,0.0,0.14816678,0.0,0.0
hardzero_only__c0p58__z1p00__lam0p000__nu0p50__psi0p00,0.028,borrow,53,647,0.0,2,-0.6,-0.6,-0.6091784,0.9966598,0.100772075,0.100772075,1.0,0.0028216182,0.028,0.0,0.012,0.6,0.6,-26.774998,2.1926954,0.7308985,0.096,0.0,0.13915941,0.0,0.0
hardzero_only__c0p58__z1p00__lam0p000__nu0p50__psi0p00,0.028,borrow,53,648,0.0,2,-0.6,-0.6,-0.6091827,0.9973198,0.10061905,0.10061905,1.0,0.0028173334,0.028,0.0,0.012,0.6,0.6,-26.526833,2.1941473,0.7313825,0.17600001,0.008,0.14394516,0.0,0.0
hardzero_only__c0p58__z1p00__lam0p000__nu0p50__psi0p00,0.028,borrow,53,649,0.0,2,-0.6,-0.6,-0.6090584,0.97856814,0.10505864,0.10505864,1.0,0.002941642,0.028,0.0,0.012,0.6,0.6,-26.723083,2.1528928,0.717631,0.16000001,0.0,0.1458821,0.0,0.0
hardzero_only__c0p58__z1p00__lam0p000__nu0p50__psi0p00,0.028,borrow,53,650,0.0,2,-0.6,-0.6,-0.61200005,1.0088061,0.0,0.09799273,0.0,0.0,0.028,0.0,0.012,0.6,0.6,-27.568203,2.2194178,0.73980594,0.17,0.0,0.17648369,0.0,0.0
hardzero_only__c0p58__z1p00__lam0p000__nu0p50__psi0p00,0.028,borrow,53,651,0.0,2,-0.6,-0.6,-0.60905576,0.9781774,0.105153225,0.105153225,1.0,0.0029442904,0.028,0.0,0.012,0.6,0.6,-27.020798,2.1520333,0.71734446,0.128,0.0,0.13513018,0.0,0.0
hardzero_only__c0p58__z1p00__lam0p000__nu0p50__psi0p00,0.028,borrow,53,652,0.0,2,-0.6,-0.6,-0.61200005,1.0315838,0.0,0.09298571,0.0,0.0,0.028,0.0,0.012,0.6,0.6,-28.062403,2.2695296,0.7565099,0.14400001,0.0,0.15697855,0.0,0.0
hardzero_only__c0p58__z1p00__lam0p000__nu0p50__psi0p00,0.028,borrow,53,653,0.0,2,-0.6,-0.6,-0.60850817,0.90410095,0.12470935,0.12470935,1.0,0.003491862,0.028,0.0,0.012,0.6,0.6,-25.342743,1.9890618,0.6630206,0.2,0.0,0.12538628,0.0,0.0
hardzero_only__c0p58__z1p00__lam0p000__nu0p50__psi0p00,0.028,borrow,53,654,0.0,2,-0.6,-0.6,-0.6091974,0.9995881,0.100094885,0.100094885,1.0,0.002802657,0.028,0.0,0.012,0.6,0.6,-27.316605,2.1991377,0.73304594,0.208,0.0,0.16679987,0.0,0.0
hardzero_only__c0p58__z1p00__lam0p000__nu0p50__psi0p00,0.028,borrow,53,655,0.0,2,-0.6,-0.6,-0.6089074,0.9568239,0.110452645,0.110452645,1.0,0.003092674,0.028,0.0,0.012,0.6,0.6,-26.287142,2.1050546,0.7016849,0.128,0.0,0.13624588,0.0,0.0
hardzero_only__c0p58__z1p00__lam0p000__nu0p50__psi0p00,0.028,borrow,53,656,0.0,2,-0.6,-0.6,-0.61200005,1.0494179,0.0,0.089244634,0.0,0.0,0.028,0.0,0.012,0.6,0.6,-27.93017,2.3087654,0.7695885,0.104,0.0,0.14860344,0.0,0.0
hardzero_only__c0p58__z1p00__lam0p000__nu0p50__psi0p00,0.028,borrow,53,657,0.0,2,-0.6,-0.6,-0.61200005,1.021355,0.0,0.09520177,0.0,0.0,0.028,0.0,0.012,0.6,0.6,-27.268011,2.247026,0.74900866,0.14400001,0.0,0.158259,0.0,0.0
hardzero_only__c0p58__z1p00__lam0p000__nu0p50__psi0p00,0.028,borrow,53,658,0.0,2,-0.6,-0.6,-0.609035,0.97512424,0.10589508,0.10589508,1.0,0.0029650624,0.028,0.0,0.012,0.6,0.6,-26.403006,2.1453161,0.7151054,0.17600001,0.0,0.12073578,0.0,0.0
hardzero_only__c0p58__z1p00__lam0p000__nu0p50__psi0p00,0.028,borrow,53,659,0.0,2,-0.6,-0.6,-0.61200005,1.0241249,0.0,0.094596505,0.0,0.0,0.028,0.0,0.012,0.6,0.6,-27.828125,2.2531197,0.7510399,0.064,0.0,0.1473514,0.0,0.0
hardzero_only__c0p58__z1p00__lam0p000__nu0p50__psi0p00,0.028,borrow,53,660,0.0,2,-0.6,-0.6,-0.60884404,0.94802153,0.112714164,0.112714164,1.0,0.0031559968,0.028,0.0,0.012,0.6,0.6,-25.531576,2.085689,0.6952297,0.16000001,0.0,0.13453594,0.0,0.0
hardzero_only__c0p58__z1p00__lam0p000__nu0p50__psi0p00,0.028,borrow,53,661,0.0,2,-0.6,-0.6,-0.6090121,0.97178566,0.10671227,0.10671227,1.0,0.0029879436,0.028,0.0,0.012,0.6,0.6,-26.788685,2.1379712,0.7126571,0.14400001,0.0,0.15017521,0.0,0.0
hardzero_only__c0p58__z1p00__lam0p000__nu0p50__psi0p00,0.028,borrow,53,662,0.0,2,-0.6,-0.6,-0.61200005,1.0439972,0.0,0.090365544,0.0,0.0,0.028,0.0,0.012,0.6,0.6,-27.60777,2.2968397,0.76561326,0.104,0.0,0.17649244,0.0,0.0
hardzero_only__c0p58__z1p00__lam0p000__nu0p50__psi0p00,0.028,borrow,53,663,0.0,2,-0.6,-0.6,-0.61200005,1.0785227,0.0,0.08345979,0.0,0.0,0.028,0.0,0.012,0.6,0.6,-28.407106,2.3727973,0.7909324,0.11,0.0,0.15803728,0.0,0.0
hardzero_only__c0p58__z1p00__lam0p000__nu0p50__psi0p00,0.028,borrow,53,664,0.0,2,-0.6,-0.6,-0.6090992,0.9846349,0.10360126,0.10360126,1.0,0.0029008354,0.028,0.0,0.012,0.6,0.6,-26.476236,2.16624,0.72208,0.14400001,0.0,0.139526,0.0,0.0
hardzero_only__c0p58__z1p00__lam0p000__nu0p50__psi0p00,0.028,borrow,53,665,0.0,2,-0.6,-0.6,-0.61200005,1.0424043,0.0,0.09069757,0.0,0.0,0.028,0.0,0.012,0.6,0.6,-28.01872,2.2933352,0.76444507,0.16800001,0.0,0.15610379,0.0,0.0
hardzero_only__c0p58__z1p00__lam0p000__nu0p50__psi0p00,0.028,borrow,53,666,0.0,2,-0.6,-0.6,-0.6090501,0.9773423,0.105355605,0.105355605,1.0,0.002949957,0.028,0.0,0.012,0.6,0.6,-26.125853,2.150196,0.716732,0.104,0.0,0.11590869,0.0,0.0
hardzero_only__c0p58__z1p00__lam0p000__nu0p50__psi0p00,0.028,borrow,53,667,0.0,2,-0.6,-0.6,-0.60884625,0.9483265,0.112635024,0.112635024,1.0,0.0031537807,0.028,0.0,0.012,0.6,0.6,-26.158443,2.08636,0.69545335,0.2,0.0,0.13393532,0.0,0.0
hardzero_only__c0p58__z1p00__lam0p000__nu0p50__psi0p00,0.028,borrow,53,668,0.0,2,-0.6,-0.6,-0.6089345,0.960654,0.10948282,0.10948282,1.0,0.003065519,0.028,0.0,0.012,0.6,0.6,-26.290384,2.113481,0.7044937,0.16000001,0.0,0.12900072,0.0,0.0
hardzero_only__c0p58__z1p00__lam0p000__nu0p50__psi0p00,0.028,borrow,53,669,0.0,2,-0.6,-0.6,-0.60916084,0.99395835,0.10140087,0.10140087,1.0,0.0028392244,0.028,0.0,0.012,0.6,0.6,-27.637997,2.186752,0.72891736,0.216,0.0,0.15530644,0.0,0.0
hardzero_only__c0p58__z1p00__lam0p000__nu0p50__psi0p00,0.028,borrow,53,670,0.0,2,-0.6,-0.6,-0.61200005,1.0013034,0.0,0.099700324,0.0,0.0,0.028,0.0,0.012,0.6,0.6,-27.057228,2.2029116,0.7343039,0.192,0.0,0.13697793,0.0,0.0
hardzero_only__c0p58__z1p00__lam0p000__nu0p50__psi0p00,0.028,borrow,53,671,0.0,2,-0.6,-0.6,-0.6088039,0.9425349,0.11414715,0.11414715,1.0,0.0031961203,0.028,0.0,0.012,0.6,0.6,-25.438044,2.0736182,0.6912061,0.192,0.0,0.13886242,0.0,0.0
hardzero_only__c0p58__z1p00__lam0p000__nu0p50__psi0p00,0.028,borrow,53,672,0.0,2,-0.6,-0.6,-0.6090388,0.97567606,0.1057606,0.1057606,1.0,0.0029612968,0.028,0.0,0.012,0.6,0.6,-26.268072,2.1465302,0.7155101,0.208,0.0,0.14523615,0.0,0.0
hardzero_only__c0p58__z1p00__lam0p000__nu0p50__psi0p00,0.028,borrow,53,673,0.0,2,-0.6,-0.6,-0.6087788,0.9391337,0.11504461,0.11504461,1.0,0.0032212492,0.028,0.0,0.012,0.6,0.6,-26.245678,2.0661354,0.6887118,0.24000001,0.0,0.13541271,0.0,0.0
hardzero_only__c0p58__z1p00__lam0p000__nu0p50__psi0p00,0.028,borrow,53,674,0.0,2,-0.6,-0.6,-0.6091311,0.98943543,0.10246241,0.10246241,1.0,0.0028689476,0.028,0.0,0.012,0.6,0.6,-25.765087,2.1768014,0.7256005,0.14400001,0.0,0.14735393,0.0,0.0
hardzero_only__c0p58__z1p00__lam0p000__nu0p50__psi0p00,0.028,borrow,53,675,0.0,2,-0.6,-0.6,-0.6091028,0.9851741,0.10347273,0.10347273,1.0,0.0028972365,0.028,0.0,0.012,0.6,0.6,-26.968092,2.1674263,0.72247547,0.18400002,0.0,0.15029177,0.0,0.0
hardzero_only__c0p58__z1p00__lam0p000__nu0p50__psi0p00,0.028,borrow,53,676,0.0,2,-0.6,-0.6,-0.6091229,0.9881935,0.10275583,0.10275583,1.0,0.0028771632,0.028,0.0,0.012,0.6,0.6,-27.220829,2.1740692,0.7246897,0.21,0.0,0.1367927,0.0,0.0
hardzero_only__c0p58__z1p00__lam0p000__nu0p50__psi0p00,0.028,borrow,53,677,0.0,2,-0.6,-0.6,-0.6090216,0.9731728,0.106371954,0.106371954,1.0,0.0029784148,0.028,0.0,0.012,0.6,0.6,-26.497618,2.141023,0.7136743,0.17600001,0.0,0.12672035,0.0,0.0
hardzero_only__c0p58__z1p00__lam0p000__nu0p50__psi0p00,0.028,borrow,53,678,0.0,2,-0.6,-0.6,-0.60889757,0.9554478,0.11080318,0.11080318,1.0,0.003102489,0.028,0.0,0.012,0.6,0.6,-26.351322,2.1020272,0.7006757,0.120000005,0.0,0.12622203,0.0,0.0
hardzero_only__c0p58__z1p00__lam0p000__nu0p50__psi0p00,0.028,borrow,53,679,0.0,2,-0.6,-0.6,-0.61200005,1.0057775,0.0,0.09867851,0.0,0.0,0.028,0.0,0.012,0.6,0.6,-27.043453,2.2127547,0.73758495,0.15200001,0.008,0.18012816,0.0,0.0
hardzero_only__c0p58__z1p00__lam0p000__nu0p50__psi0p00,0.028,borrow,53,680,0.0,2,-0.6,-0.6,-0.6089959,0.96943754,0.10729078,0.10729078,1.0,0.003004142,0.028,0.0,0.012,0.6,0.6,-26.425478,2.132805,0.71093506,0.208,0.0,0.13595088,0.0,0.0
hardzero_only__c0p58__z1p00__lam0p000__nu0p50__psi0p00,0.028,borrow,53,681,0.0,2,-0.6,-0.6,-0.61200005,1.0148219,0.0,0.096644714,0.0,0.0,0.028,0.0,0.012,0.6,0.6,-27.21332,2.2326527,0.7442176,0.15200001,0.0,0.14007805,0.0,0.0
hardzero_only__c0p58__z1p00__lam0p000__nu0p50__psi0p00,0.028,borrow,53,682,0.0,2,-0.6,-0.6,-0.6090595,0.978731,0.10501927,0.10501927,1.0,0.0029405397,0.028,0.0,0.012,0.6,0.6,-26.132994,2.1532512,0.71775043,0.16000001,0.0,0.13696252,0.0,0.0
hardzero_only__c0p58__z1p00__lam0p000__nu0p50__psi0p00,0.028,borrow,53,683,0.0,2,-0.6,-0.6,-0.60919935,0.9998886,0.100025654,0.100025654,1.0,0.0028007184,0.028,0.0,0.012,0.6,0.6,-26.690546,2.1997988,0.7332663,0.120000005,0.0,0.14342296,0.0,0.0
hardzero_only__c0p58__z1p00__lam0p000__nu0p50__psi0p00,0.028,borrow,53,684,0.0,2,-0.6,-0.6,-0.6090265,0.97387755,0.106199495,0.106199495,1.0,0.0029735859,0.028,0.0,0.012,0.6,0.6,-25.671234,2.1425734,0.71419114,0.14400001,0.0,0.11641569,0.0,0.0
hardzero_only__c0p58__z1p00__lam0p000__nu0p50__psi0p00,0.028,borrow,53,685,0.0,2,-0.6,-0.6,-0.6091045,0.9854336,0.10341092,0.10341092,1.0,0.0028955059,0.028,0.0,0.012,0.6,0.6,-26.413986,2.1679971,0.7226657,0.136,0.0,0.11703734,0.0,0.0
hardzero_only__c0p58__z1p00__lam0p000__nu0p50__psi0p00,0.028,borrow,53,686,0.0,2,-0.6,-0.6,-0.60892993,0.9600011,0.109647535,0.109647535,1.0,0.0030701312,0.028,0.0,0.012,0.6,0.6,-25.644093,2.1120446,0.7040149,0.192,0.0,0.1288896,0.0,0.0
hardzero_only__c0p58__z1p00__lam0p000__nu0p50__psi0p00,0.028,borrow,53,687,0.0,2,-0.6,-0.6,-0.6089271,0.95959544,0.10975001,0.10975001,1.0,0.0030730003,0.028,0.0,0.012,0.6,0.6,-26.236057,2.1111522,0.7037174,0.18400002,0.0,0.14012937,0.0,0.0
hardzero_only__c0p58__z1p00__lam0p000__nu0p50__psi0p00,0.028,borrow,53,688,0.0,2,-0.6,-0.6,-0.61200005,1.0020423,0.0,0.09953084,0.0,0.0,0.028,0.0,0.012,0.6,0.6,-27.969946,2.2045372,0.73484576,0.136,0.0,0.1593353,0.0,0.0
hardzero_only__c0p58__z1p00__lam0p000__nu0p50__psi0p00,0.028,borrow,53,689,0.0,2,-0.6,-0.6,-0.6089242,0.95919806,0.10985048,0.10985048,1.0,0.0030758136,0.028,0.0,0.012,0.6,0.6,-26.026672,2.110278,0.703426,0.14999999,0.0,0.11535626,0.0,0.0
hardzero_only__c0p58__z1p00__lam0p000__nu0p50__psi0p00,0.028,borrow,53,690,0.0,2,-0.6,-0.6,-0.61200005,1.0063728,0.0,0.09854332,0.0,0.0,0.028,0.0,0.012,0.6,0.6,-27.17305,2.2140644,0.7380215,0.14400001,0.0,0.1446056,0.0,0.0
hardzero_only__c0p58__z1p00__lam0p000__nu0p50__psi0p00,0.028,borrow,53,691,0.0,2,-0.6,-0.6,-0.60889506,0.9550993,0.11089213,0.11089213,1.0,0.0031049799,0.028,0.0,0.012,0.6,0.6,-26.848904,2.1012604,0.70042014,0.2,0.0,0.13257954,0.0,0.0
hardzero_only__c0p58__z1p00__lam0p000__nu0p50__psi0p00,0.028,borrow,53,692,0.0,2,-0.6,-0.6,-0.6090519,0.9776081,0.10529115,0.10529115,1.0,0.0029481524,0.028,0.0,0.012,0.6,0.6,-25.962938,2.1507807,0.71692693,0.208,0.0,0.12878509,0.0,0.0
hardzero_only__c0p58__z1p00__lam0p000__nu0p50__psi0p00,0.028,borrow,53,693,0.0,2,-0.6,-0.6,-0.61200005,1.0494138,0.0,0.08924546,0.0,0.0,0.028,0.0,0.012,0.6,0.6,-28.54506,2.3087564,0.7695855,0.17600001,0.0,0.2064405,0.0,0.0
hardzero_only__c0p58__z1p00__lam0p000__nu0p50__psi0p00,0.028,borrow,53,694,0.0,2,-0.6,-0.6,-0.61200005,1.0156503,0.0,0.09646054,0.0,0.0,0.028,0.0,0.012,0.6,0.6,-27.469036,2.2344751,0.74482507,0.16800001,0.0,0.18525931,0.0,0.0
hardzero_only__c0p58__z1p00__lam0p000__nu0p50__psi0p00,0.028,borrow,53,695,0.0,2,-0.6,-0.6,-0.6089211,0.9587612,0.10996103,0.10996103,1.0,0.0030789091,0.028,0.0,0.012,0.6,0.6,-26.323044,2.1093168,0.7031056,0.16000001,0.0,0.12678668,0.0,0.0
hardzero_only__c0p58__z1p00__lam0p000__nu0p50__psi0p00,0.028,borrow,53,696,0.0,2,-0.6,-0.6,-0.6091842,0.9975462,0.1005666,0.1005666,1.0,0.002815865,0.028,0.0,0.012,0.6,0.6,-27.824091,2.1946454,0.7315485,0.208,0.0,0.15462814,0.0,0.0
hardzero_only__c0p58__z1p00__lam0p000__nu0p50__psi0p00,0.028,borrow,53,697,0.0,2,-0.6,-0.6,-0.61200005,1.0122191,0.0,0.09722566,0.0,0.0,0.028,0.0,0.012,0.6,0.6,-27.200537,2.2269263,0.7423088,0.104,0.0,0.14359207,0.0,0.0
hardzero_only__c0p58__z1p00__lam0p000__nu0p50__psi0p00,0.028,borrow,53,698,0.0,2,-0.6,-0.6,-0.60882795,0.94580865,0.11328994,0.11328994,1.0,0.0031721184,0.028,0.0,0.012,0.6,0.6,-25.85698,2.0808206,0.69360685,0.14400001,0.0,0.14135817,0.0,0.0
hardzero_only__c0p58__z1p00__lam0p000__nu0p50__psi0p00,0.028,borrow,53,699,0.0,2,-0.6,-0.6,-0.6091517,0.9925699,0.101725556,0.101725556,1.0,0.0028483158,0.028,0.0,0.012,0.6,0.6,-26.796988,2.1836975,0.7278992,0.16800001,0.0,0.16194095,0.0,0.0
hardzero_only__c0p58__z1p00__lam0p000__nu0p50__psi0p00,0.028,borrow,53,700,0.0,2,-0.6,-0.6,-0.61200005,1.0167575,0.0,0.09621495,0.0,0.0,0.028,0.0,0.012,0.6,0.6,-27.797672,2.236911,0.74563706,0.14400001,0.0,0.1742766,0.0,0.0
hardzero_only__c0p58__z1p00__lam0p000__nu0p50__psi0p00,0.028,borrow,53,701,0.0,2,-0.6,-0.6,-0.61200005,1.0078068,0.0,0.09821848,0.0,0.0,0.028,0.0,0.012,0.6,0.6,-26.568274,2.217219,0.73907304,0.14400001,0.0,0.12502383,0.0,0.0
hardzero_only__c0p58__z1p00__lam0p000__nu0p50__psi0p00,0.028,borrow,53,702,0.0,2,-0.6,-0.6,-0.6091747,0.9960872,0.10090503,0.10090503,1.0,0.002825341,0.028,0.0,0.012,0.6,0.6,-27.62111,2.1914356,0.7304785,0.13,0.0,0.15163095,0.0,0.0
hardzero_only__c0p58__z1p00__lam0p000__nu0p50__psi0p00,0.028,borrow,53,703,0.0,2,-0.6,-0.6,-0.61200005,1.0104735,0.0,0.09761723,0.0,0.0,0.028,0.0,0.012,0.6,0.6,-26.751333,2.223086,0.7410287,0.080000006,0.0,0.14255314,0.0,0.0
hardzero_only__c0p58__z1p00__lam0p000__nu0p50__psi0p00,0.028,borrow,53,704,0.0,2,-0.6,-0.6,-0.6091723,0.9957171,0.10099105,0.10099105,1.0,0.0028277494,0.028,0.0,0.012,0.6,0.6,-26.692598,2.1906214,0.73020715,0.15200001,0.0,0.1423522,0.0,0.0
hardzero_only__c0p58__z1p00__lam0p000__nu0p50__psi0p00,0.028,borrow,53,705,0.0,2,-0.6,-0.6,-0.6089946,0.96924496,0.10733838,0.10733838,1.0,0.0030054746,0.028,0.0,0.012,0.6,0.6,-27.095617,2.1323814,0.71079385,0.17600001,0.0,0.13726887,0.0,0.0
hardzero_only__c0p58__z1p00__lam0p000__nu0p50__psi0p00,0.028,borrow,53,706,0.0,2,-0.6,-0.6,-0.61200005,1.0228846,0.0,0.094867036,0.0,0.0,0.028,0.0,0.012,0.6,0.6,-27.436049,2.250391,0.75013036,0.15200001,0.0,0.13667256,0.0,0.0
hardzero_only__c0p58__z1p00__lam0p000__nu0p50__psi0p00,0.028,borrow,53,707,0.0,2,-0.6,-0.6,-0.6091138,0.98682624,0.10307985,0.10307985,1.0,0.002886236,0.028,0.0,0.012,0.6,0.6,-26.597391,2.171061,0.72368705,0.128,0.0,0.13184784,0.0,0.0
hardzero_only__c0p58__z1p00__lam0p000__nu0p50__psi0p00,0.028,borrow,53,708,0.0,2,-0.6,-0.6,-0.60889363,0.9549019,0.11094254,0.11094254,1.0,0.0031063913,0.028,0.0,0.012,0.6,0.6,-26.245586,2.100826,0.70027536,0.128,0.0,0.11904058,0.0,0.0
hardzero_only__c0p58__z1p00__lam0p000__nu0p50__psi0p00,0.028,borrow,53,709,0.0,2,-0.6,-0.6,-0.60907376,0.98084396,0.104509555,0.104509555,1.0,0.0029262677,0.028,0.0,0.012,0.6,0.6,-26.452356,2.1578999,0.7193,0.224,0.0,0.16001326,0.0,0.0
hardzero_only__c0p58__z1p00__lam0p000__nu0p50__psi0p00,0.028,borrow,53,710,0.0,2,-0.6,-0.6,-0.60881615,0.9442022,0.113709785,0.113709785,1.0,0.003183874,0.028,0.0,0.012,0.6,0.6,-26.919529,2.0772862,0.69242877,0.17600001,0.0,0.13233727,0.0,0.0
hardzero_only__c0p58__z1p00__lam0p000__nu0p50__psi0p00,0.028,borrow,53,711,0.0,2,-0.6,-0.6,-0.6089486,0.9626477,0.10898138,0.10898138,1.0,0.0030514786,0.028,0.0,0.012,0.6,0.6,-26.145357,2.1178672,0.70595574,0.192,0.0,0.12647545,0.0,0.0
hardzero_only__c0p58__z1p00__lam0p000__nu0p50__psi0p00,0.028,borrow,53,712,0.0,2,-0.6,-0.6,-0.61200005,1.0163071,0.0,0.096314766,0.0,0.0,0.028,0.0,0.012,0.6,0.6,-27.561825,2.2359204,0.74530685,0.136,0.0,0.1418695,0.0,0.0
hardzero_only__c0p58__z1p00__lam0p000__nu0p50__psi0p00,0.028,borrow,53,713,0.0,2,-0.6,-0.6,-0.6091037,0.9853019,0.103442274,0.103442274,1.0,0.0028963839,0.028,0.0,0.012,0.6,0.6,-26.220846,2.1677074,0.72256917,0.224,0.0,0.15494709,0.0,0.0
hardzero_only__c0p58__z1p00__lam0p000__nu0p50__psi0p00,0.028,borrow,53,714,0.0,2,-0.6,-0.6,-0.61200005,1.0040097,0.0,0.09908097,0.0,0.0,0.028,0.0,0.012,0.6,0.6,-27.26893,2.2088654,0.7362885,0.208,0.0,0.18367255,0.0,0.0
hardzero_only__c0p58__z1p00__lam0p000__nu0p50__psi0p00,0.028,borrow,53,715,0.0,2,-0.6,-0.6,-0.61200005,1.0023742,0.0,0.09945482,0.0,0.0,0.028,0.0,0.012,0.6,0.6,-28.563602,2.2052672,0.73508906,0.19,0.0,0.13845824,0.0,0.0
hardzero_only__c0p58__z1p00__lam0p000__nu0p50__psi0p00,0.028,borrow,53,716,0.0,2,-0.6,-0.6,-0.60914046,0.9908554,0.10212794,0.10212794,1.0,0.0028595824,0.028,0.0,0.012,0.6,0.6,-26.923223,2.1799254,0.72664183,0.17600001,0.0,0.1452425,0.0,0.0
hardzero_only__c0p58__z1p00__lam0p000__nu0p50__psi0p00,0.028,borrow,53,717,0.0,2,-0.6,-0.6,-0.61200005,1.0298562,0.0,0.093356326,0.0,0.0,0.028,0.0,0.012,0.6,0.6,-28.928053,2.265729,0.755243,0.16800001,0.0,0.16821426,0.0,0.0
hardzero_only__c0p58__z1p00__lam0p000__nu0p50__psi0p00,0.028,borrow,53,718,0.0,2,-0.6,-0.6,-0.6091749,0.9961194,0.10089754,0.10089754,1.0,0.0028251314,0.028,0.0,0.012,0.6,0.6,-27.009748,2.1915064,0.7305021,0.192,0.0,0.11893576,0.0,0.0
hardzero_only__c0p58__z1p00__lam0p000__nu0p50__psi0p00,0.028,borrow,53,719,0.0,2,-0.6,-0.6,-0.60919726,0.99956924,0.10009923,0.10009923,1.0,0.0028027785,0.028,0.0,0.012,0.6,0.6,-26.79278,2.1990962,0.7330321,0.216,0.0,0.15051924,0.0,0.0
hardzero_only__c0p58__z1p00__lam0p000__nu0p50__psi0p00,0.028,borrow,53,720,0.0,2,-0.6,-0.6,-0.60899633,0.9694977,0.10727594,0.10727594,1.0,0.0030037265,0.028,0.0,0.012,0.6,0.6,-26.888365,2.1329374,0.71097916,0.16000001,0.0,0.14847858,0.0,0.0
hardzero_only__c0p58__z1p00__lam0p000__nu0p50__psi0p00,0.028,borrow,53,721,0.0,2,-0.6,-0.6,-0.61200005,1.0083253,0.0,0.09810127,0.0,0.0,0.028,0.0,0.012,0.6,0.6,-26.870314,2.21836,0.7394533,0.16000001,0.0,0.14538296,0.0,0.0
hardzero_only__c0p58__z1p00__lam0p000__nu0p50__psi0p00,0.028,borrow,53,722,0.0,2,-0.6,-0.6,-0.60899305,0.9690244,0.1073929,0.1073929,1.0,0.0030070012,0.028,0.0,0.012,0.6,0.6,-26.077208,2.1318963,0.7106321,0.192,0.0,0.12790652,0.0,0.0
hardzero_only__c0p58__z1p00__lam0p000__nu0p50__psi0p00,0.028,borrow,53,723,0.0,2,-0.6,-0.6,-0.60901296,0.97190964,0.10668179,0.10668179,1.0,0.00298709,0.028,0.0,0.012,0.6,0.6,-27.475006,2.138244,0.712748,0.192,0.0,0.16985033,0.0,0.0
hardzero_only__c0p58__z1p00__lam0p000__nu0p50__psi0p00,0.028,borrow,53,724,0.0,2,-0.6,-0.6,-0.60883355,0.94658184,0.11308842,0.11308842,1.0,0.0031664758,0.028,0.0,0.012,0.6,0.6,-25.760143,2.0825217,0.69417393,0.16800001,0.0,0.12692656,0.0,0.0
hardzero_only__c0p58__z1p00__lam0p000__nu0p50__psi0p00,0.028,borrow,53,725,0.0,2,-0.6,-0.6,-0.6089347,0.9606809,0.109476045,0.109476045,1.0,0.0030653293,0.028,0.0,0.012,0.6,0.6,-26.479862,2.1135402,0.70451343,0.216,0.0,0.12670723,0.0,0.0
hardzero_only__c0p58__z1p00__lam0p000__nu0p50__psi0p00,0.028,borrow,53,726,0.0,2,-0.6,-0.6,-0.6087912,0.9408032,0.11460322,0.11460322,1.0,0.0032088903,0.028,0.0,0.012,0.6,0.6,-25.683975,2.0698082,0.6899361,0.18400002,0.008,0.12337212,0.0,0.0
hardzero_only__c0p58__z1p00__lam0p000__nu0p50__psi0p00,0.028,borrow,53,727,0.0,2,-0.6,-0.6,-0.61200005,1.0121455,0.0,0.09724214,0.0,0.0,0.028,0.0,0.012,0.6,0.6,-26.721685,2.2267647,0.7422549,0.112,0.0,0.1298662,0.0,0.0
hardzero_only__c0p58__z1p00__lam0p000__nu0p50__psi0p00,0.028,borrow,53,728,0.0,2,-0.6,-0.6,-0.61200005,1.0335275,0.0,0.09257047,0.0,0.0,0.028,0.0,0.012,0.6,0.6,-27.556528,2.2738059,0.7579353,0.14,0.0,0.16206235,0.0,0.0
hardzero_only__c0p58__z1p00__lam0p000__nu0p50__psi0p00,0.028,borrow,53,729,0.0,2,-0.6,-0.6,-0.61200005,1.0027524,0.0,0.09936824,0.0,0.0,0.028,0.0,0.012,0.6,0.6,-26.255728,2.2060993,0.73536646,0.18400002,0.0,0.16068958,0.0,0.0
hardzero_only__c0p58__z1p00__lam0p000__nu0p50__psi0p00,0.028,borrow,53,730,0.0,2,-0.6,-0.6,-0.61200005,1.0541785,0.0,0.0882717,0.0,0.0,0.028,0.0,0.012,0.6,0.6,-27.567509,2.319239,0.77307963,0.15200001,0.0,0.16684513,0.0,0.0
hardzero_only__c0p58__z1p00__lam0p000__nu0p50__psi0p00,0.028,borrow,53,731,0.0,2,-0.6,-0.6,-0.60902846,0.9741699,0.106128015,0.106128015,1.0,0.0029715844,0.028,0.0,0.012,0.6,0.6,-26.226603,2.1432166,0.71440554,0.208,0.0,0.13568163,0.0,0.0
hardzero_only__c0p58__z1p00__lam0p000__nu0p50__psi0p00,0.028,borrow,53,732,0.0,2,-0.6,-0.6,-0.6088642,0.95080245,0.111994706,0.111994706,1.0,0.0031358518,0.028,0.0,0.012,0.6,0.6,-26.255444,2.0918071,0.6972691,0.17600001,0.0,0.13428609,0.0,0.0
hardzero_only__c0p58__z1p00__lam0p000__nu0p50__psi0p00,0.028,borrow,53,733,0.0,2,-0.6,-0.6,-0.61200005,1.0101899,0.0,0.09768101,0.0,0.0,0.028,0.0,0.012,0.6,0.6,-26.450903,2.2224622,0.74082077,0.17600001,0.0,0.14846486,0.0,0.0
hardzero_only__c0p58__z1p00__lam0p000__nu0p50__psi0p00,0.028,borrow,53,734,0.0,2,-0.6,-0.6,-0.61200005,1.0240344,0.0,0.09461622,0.0,0.0,0.028,0.0,0.012,0.6,0.6,-26.677774,2.2529206,0.7509736,0.18400002,0.008,0.14520903,0.0,0.0
hardzero_only__c0p58__z1p00__lam0p000__nu0p50__psi0p00,0.028,borrow,53,735,0.0,2,-0.6,-0.6,-0.6089246,0.9592575,0.10983545,0.10983545,1.0,0.0030753927,0.028,0.0,0.012,0.6,0.6,-25.977318,2.1104085,0.7034695,0.18400002,0.0,0.13499899,0.0,0.0
hardzero_only__c0p58__z1p00__lam0p000__nu0p50__psi0p00,0.028,borrow,53,736,0.0,2,-0.6,-0.6,-0.6091878,0.99810535,0.10043722,0.10043722,1.0,0.0028122421,0.028,0.0,0.012,0.6,0.6,-28.051638,2.1958756,0.73195857,0.16800001,0.0,0.16230805,0.0,0.0
hardzero_only__c0p58__z1p00__lam0p000__nu0p50__psi0p00,0.028,borrow,53,737,0.0,2,-0.6,-0.6,-0.60890245,0.95613325,0.11062843,0.11062843,1.0,0.0030975963,0.028,0.0,0.012,0.6,0.6,-26.022139,2.1035352,0.70117843,0.224,0.0,0.120716,0.0,0.0
hardzero_only__c0p58__z1p00__lam0p000__nu0p50__psi0p00,0.028,borrow,53,738,0.0,2,-0.6,-0.6,-0.60899603,0.9694529,0.107287,0.107287,1.0,0.003004036,0.028,0.0,0.012,0.6,0.6,-27.108246,2.132839,0.7109463,0.272,0.0,0.18463674,0.0,0.0
hardzero_only__c0p58__z1p00__lam0p000__nu0p50__psi0p00,0.028,borrow,53,739,0.0,2,-0.6,-0.6,-0.61200005,1.0025166,0.0,0.099422194,0.0,0.0,0.028,0.0,0.012,0.6,0.6,-27.7416,2.2055807,0.7351936,0.14400001,0.0,0.15339142,0.0,0.0
hardzero_only__c0p58__z1p00__lam0p000__nu0p50__psi0p00,0.028,borrow,53,740,0.0,2,-0.6,-0.6,-0.609108,0.98594505,0.10328921,0.10328921,1.0,0.002892098,0.028,0.0,0.012,0.6,0.6,-27.348627,2.1691225,0.7230408,0.2,0.0,0.1296428,0.0,0.0
hardzero_only__c0p58__z1p00__lam0p000__nu0p50__psi0p00,0.028,borrow,53,741,0.0,2,-0.6,-0.6,-0.60912913,0.9891407,0.10253196,0.10253196,1.0,0.002870895,0.028,0.0,0.012,0.6,0.6,-26.774076,2.176153,0.72538435,0.14999999,0.0,0.13569519,0.0,0.0
hardzero_only__c0p58__z1p00__lam0p000__nu0p50__psi0p00,0.028,borrow,53,742,0.0,2,-0.6,-0.6,-0.61200005,1.0109239,0.0,0.09751605,0.0,0.0,0.028,0.0,0.012,0.6,0.6,-28.070107,2.224077,0.741359,0.208,0.0,0.17564952,0.0,0.0
hardzero_only__c0p58__z1p00__lam0p000__nu0p50__psi0p00,0.028,borrow,53,743,0.0,2,-0.6,-0.6,-0.60908157,0.9820044,0.10423069,0.10423069,1.0,0.0029184592,0.028,0.0,0.012,0.6,0.6,-27.280138,2.1604528,0.72015095,0.224,0.0,0.14371745,0.0,0.0
hardzero_only__c0p58__z1p00__lam0p000__nu0p50__psi0p00,0.028,borrow,53,744,0.0,2,-0.6,-0.6,-0.6089894,0.9684991,0.10752286,0.10752286,1.0,0.0030106402,0.028,0.0,0.012,0.6,0.6,-26.124342,2.1307406,0.7102469,0.17600001,0.0,0.12880595,0.0,0.0
hardzero_only__c0p58__z1p00__lam0p000__nu0p50__psi0p00,0.028,borrow,53,745,0.0,2,-0.6,-0.6,-0.6090521,0.9776424,0.10528284,0.10528284,1.0,0.0029479198,0.028,0.0,0.012,0.6,0.6,-26.969627,2.1508563,0.7169521,0.120000005,0.0,0.14618771,0.0,0.0
hardzero_only__c0p58__z1p00__lam0p000__nu0p50__psi0p00,0.028,borrow,53,746,0.0,2,-0.6,-0.6,-0.6090832,0.9822403,0.10417407,0.10417407,1.0,0.0029168741,0.028,0.0,0.012,0.6,0.6,-27.518263,2.1609719,0.720324,0.216,0.0,0.1471033,0.0,0.0
hardzero_only__c0p58__z1p00__lam0p000__nu0p50__psi0p00,0.028,borrow,53,747,0.0,2,-0.6,-0.6,-0.61200005,1.001241,0.0,0.09971466,0.0,0.0,0.028,0.0,0.012,0.6,0.6,-27.472908,2.202774,0.73425806,0.096,0.0,0.13566175,0.0,0.0
hardzero_only__c0p58__z1p00__lam0p000__nu0p50__psi0p00,0.028,borrow,53,748,0.0,2,-0.6,-0.6,-0.60919106,0.9986096,0.10032066,0.10032066,1.0,0.0028089785,0.028,0.0,0.012,0.6,0.6,-26.834742,2.196985,0.73232836,0.192,0.0,0.1295182,0.0,0.0
hardzero_only__c0p58__z1p00__lam0p000__nu0p50__psi0p00,0.028,borrow,53,749,0.0,2,-0.6,-0.6,-0.61200005,1.0282817,0.0,0.09369541,0.0,0.0,0.028,0.0,0.012,0.6,0.6,-27.720104,2.262265,0.75408834,0.128,0.0,0.13343586,0.0,0.0
hardzero_only__c0p58__z1p00__lam0p000__nu0p50__psi0p00,0.028,borrow,53,750,0.0,2,-0.6,-0.6,-0.61200005,1.0187638,0.0,0.09577148,0.0,0.0,0.028,0.0,0.012,0.6,0.6,-26.476818,2.2413251,0.7471084,0.056,0.0,0.12048179,0.0,0.0
hardzero_only__c0p58__z1p00__lam0p000__nu0p50__psi0p00,0.028,borrow,53,751,0.0,2,-0.6,-0.6,-0.61200005,1.0225198,0.0,0.09494675,0.0,0.0,0.028,0.0,0.012,0.6,0.6,-27.220068,2.2495885,0.74986285,0.112,0.0,0.13860819,0.0,0.0
hardzero_only__c0p58__z1p00__lam0p000__nu0p50__psi0p00,0.028,borrow,53,752,0.0,2,-0.6,-0.6,-0.6089321,0.9603094,0.10956974,0.10956974,1.0,0.0030679528,0.028,0.0,0.012,0.6,0.6,-26.45103,2.1127229,0.704241,0.15200001,0.0,0.12979366,0.0,0.0
hardzero_only__c0p58__z1p00__lam0p000__nu0p50__psi0p00,0.028,borrow,53,753,0.0,2,-0.6,-0.6,-0.61200005,1.0194148,0.0,0.09562802,0.0,0.0,0.028,0.0,0.012,0.6,0.6,-27.633808,2.2427573,0.7475858,0.18400002,0.0,0.14953025,0.0,0.0
hardzero_only__c0p58__z1p00__lam0p000__nu0p50__psi0p00,0.028,borrow,53,754,0.0,2,-0.6,-0.6,-0.60914147,0.99100846,0.10209195,0.10209195,1.0,0.0028585747,0.028,0.0,0.012,0.6,0.6,-27.770813,2.180262,0.72675407,0.17,0.0,0.15857142,0.0,0.0
hardzero_only__c0p58__z1p00__lam0p000__nu0p50__psi0p00,0.028,borrow,53,755,0.0,2,-0.6,-0.6,-0.61200005,1.0053738,0.0,0.09877025,0.0,0.0,0.028,0.0,0.012,0.6,0.6,-26.700367,2.2118666,0.7372889,0.096,0.0,0.15746997,0.0,0.0
hardzero_only__c0p58__z1p00__lam0p000__nu0p50__psi0p00,0.028,borrow,53,756,0.0,2,-0.6,-0.6,-0.61200005,1.0224286,0.0,0.094966695,0.0,0.0,0.028,0.0,0.012,0.6,0.6,-27.411135,2.249388,0.74979603,0.17600001,0.0,0.16710673,0.0,0.0
hardzero_only__c0p58__z1p00__lam0p000__nu0p50__psi0p00,0.028,borrow,53,757,0.0,2,-0.6,-0.6,-0.6091958,0.9993438,0.100151196,0.100151196,1.0,0.0028042337,0.028,0.0,0.012,0.6,0.6,-27.160086,2.1986003,0.73286676,0.192,0.0,0.1421639,0.0,0.0
hardzero_only__c0p58__z1p00__lam0p000__nu0p50__psi0p00,0.028,borrow,53,758,0.0,2,-0.6,-0.6,-0.6089929,0.9689995,0.10739907,0.10739907,1.0,0.003007174,0.028,0.0,0.012,0.6,0.6,-27.268373,2.1318414,0.71061385,0.17600001,0.0,0.1811088,0.0,0.0
hardzero_only__c0p58__z1p00__lam0p000__nu0p50__psi0p00,0.028,borrow,53,759,0.0,2,-0.6,-0.6,-0.6090342,0.9750099,0.10592296,0.10592296,1.0,0.002965843,0.028,0.0,0.012,0.6,0.6,-26.929564,2.1450646,0.71502155,0.192,0.0,0.14023402,0.0,0.0
hardzero_only__c0p58__z1p00__lam0p000__nu0p50__psi0p00,0.028,borrow,53,760,0.0,2,-0.6,-0.6,-0.61200005,1.0007261,0.0,0.09983293,0.0,0.0,0.028,0.0,0.012,0.6,0.6,-26.570787,2.2016413,0.73388046,0.136,0.0,0.1466927,0.0,0.0
hardzero_only__c0p58__z1p00__lam0p000__nu0p50__psi0p00,0.028,borrow,53,761,0.0,2,-0.6,-0.6,-0.6090287,0.9742078,0.10611875,0.10611875,1.0,0.0029713253,0.028,0.0,0.012,0.6,0.6,-26.430552,2.1433,0.7144334,0.16000001,0.0,0.11669786,0.0,0.0
hardzero_only__c0p58__z1p00__lam0p000__nu0p50__psi0p00,0.028,borrow,53,762,0.0,2,-0.6,-0.6,-0.61200005,1.018474,0.0,0.09583541,0.0,0.0,0.028,0.0,0.012,0.6,0.6,-27.176487,2.2406876,0.7468959,0.24000001,0.0,0.16808495,0.0,0.0
hardzero_only__c0p58__z1p00__lam0p000__nu0p50__psi0p00,0.028,borrow,53,763,0.0,2,-0.6,-0.6,-0.6088387,0.947279,0.11290704,0.11290704,1.0,0.003161397,0.028,0.0,0.012,0.6,0.6,-26.229353,2.0840554,0.69468516,0.28,0.0,0.12579165,0.0,0.0
hardzero_only__c0p58__z1p00__lam0p000__nu0p50__psi0p00,0.028,borrow,53,764,0.0,2,-0.6,-0.6,-0.609101,0.9849023,0.103537485,0.103537485,1.0,0.0028990498,0.028,0.0,0.012,0.6,0.6,-26.433445,2.1668284,0.72227615,0.256,0.0,0.12545225,0.0,0.0
hardzero_only__c0p58__z1p00__lam0p000__nu0p50__psi0p00,0.028,borrow,53,765,0.0,2,-0.6,-0.6,-0.61200005,1.0058055,0.0,0.09867213,0.0,0.0,0.028,0.0,0.012,0.6,0.6,-26.90486,2.2128162,0.73760545,0.128,0.0,0.12161881,0.0,0.0
hardzero_only__c0p58__z1p00__lam0p000__nu0p50__psi0p00,0.028,borrow,53,766,0.0,2,-0.6,-0.6,-0.6090615,0.9790222,0.10494887,0.10494887,1.0,0.0029385684,0.028,0.0,0.012,0.6,0.6,-27.240812,2.1538918,0.71796393,0.17600001,0.0,0.16377738,0.0,0.0
hardzero_only__c0p58__z1p00__lam0p000__nu0p50__psi0p00,0.028,borrow,53,767,0.0,2,-0.6,-0.6,-0.6088632,0.9506631,0.112030655,0.112030655,1.0,0.0031368583,0.028,0.0,0.012,0.6,0.6,-26.96755,2.0915005,0.69716686,0.13,0.0,0.13581865,0.0,0.0
hardzero_only__c0p58__z1p00__lam0p000__nu0p50__psi0p00,0.028,borrow,53,768,0.0,2,-0.6,-0.6,-0.60905206,0.9776306,0.105285704,0.105285704,1.0,0.0029479999,0.028,0.0,0.012,0.6,0.6,-26.240767,2.1508303,0.71694344,0.192,0.0,0.1482139,0.0,0.0
hardzero_only__c0p58__z1p00__lam0p000__nu0p50__psi0p00,0.028,borrow,53,769,0.0,2,-0.6,-0.6,-0.60871184,0.9301953,0.11743694,0.11743694,1.0,0.0032882344,0.028,0.0,0.012,0.6,0.6,-25.801884,2.0464704,0.6821568,0.16800001,0.0,0.13247426,0.0,0.0
hardzero_only__c0p58__z1p00__lam0p000__nu0p50__psi0p00,0.028,borrow,53,770,0.0,2,-0.6,-0.6,-0.6090238,0.9734933,0.1062935,0.1062935,1.0,0.002976218,0.028,0.0,0.012,0.6,0.6,-26.6184,2.141728,0.7139093,0.2,0.0,0.16451208,0.0,0.0
hardzero_only__c0p58__z1p00__lam0p000__nu0p50__psi0p00,0.028,borrow,53,771,0.0,2,-0.6,-0.6,-0.61200005,1.0042514,0.0,0.099025846,0.0,0.0,0.028,0.0,0.012,0.6,0.6,-27.533491,2.209397,0.7364657,0.16000001,0.0,0.16006815,0.0,0.0
hardzero_only__c0p58__z1p00__lam0p000__nu0p50__psi0p00,0.028,borrow,53,772,0.0,2,-0.6,-0.6,-0.6091528,0.992736,0.101686664,0.101686664,1.0,0.0028472266,0.028,0.0,0.012,0.6,0.6,-27.516743,2.1840627,0.7280209,0.18400002,0.0,0.14609754,0.0,0.0
hardzero_only__c0p58__z1p00__lam0p000__nu0p50__psi0p00,0.028,borrow,53,773,0.0,2,-0.6,-0.6,-0.60888815,0.95413244,0.11113927,0.11113927,1.0,0.0031118996,0.028,0.0,0.012,0.6,0.6,-26.084106,2.0991333,0.6997111,0.24000001,0.0,0.1348983,0.0,0.0
hardzero_only__c0p58__z1p00__lam0p000__nu0p50__psi0p00,0.028,borrow,53,774,0.0,2,-0.6,-0.6,-0.61200005,1.0010071,0.0,0.09976838,0.0,0.0,0.028,0.0,0.012,0.6,0.6,-27.098196,2.2022595,0.7340865,0.16800001,0.0,0.1391994,0.0,0.0
hardzero_only__c0p58__z1p00__lam0p000__nu0p50__psi0p00,0.028,borrow,53,775,0.0,2,-0.6,-0.6,-0.60902214,0.97324574,0.10635411,0.10635411,1.0,0.002977915,0.028,0.0,0.012,0.6,0.6,-27.061432,2.1411834,0.71372783,0.14400001,0.0,0.15208474,0.0,0.0
hardzero_only__c0p58__z1p00__lam0p000__nu0p50__psi0p00,0.028,borrow,53,776,0.0,2,-0.6,-0.6,-0.61200005,1.0013521,0.0,0.09968915,0.0,0.0,0.028,0.0,0.012,0.6,0.6,-27.617943,2.2030187,0.7343396,0.104,0.0,0.15072927,0.0,0.0
hardzero_only__c0p58__z1p00__lam0p000__nu0p50__psi0p00,0.028,borrow,53,777,0.0,2,-0.6,-0.6,-0.60917914,0.9967725,0.10074592,0.10074592,1.0,0.0028208857,0.028,0.0,0.012,0.6,0.6,-26.94795,2.1929433,0.7309811,0.14400001,0.0,0.13736458,0.0,0.0
hardzero_only__c0p58__z1p00__lam0p000__nu0p50__psi0p00,0.028,borrow,53,778,0.0,2,-0.6,-0.6,-0.60877764,0.93897885,0.115085654,0.115085654,1.0,0.0032223985,0.028,0.0,0.012,0.6,0.6,-26.360579,2.0657947,0.6885983,0.216,0.0,0.12774807,0.0,0.0
hardzero_only__c0p58__z1p00__lam0p000__nu0p50__psi0p00,0.028,borrow,53,779,0.0,2,-0.6,-0.6,-0.6091302,0.989303,0.10249366,0.10249366,1.0,0.0028698226,0.028,0.0,0.012,0.6,0.6,-26.595068,2.17651,0.7255034,0.16000001,0.0,0.13377571,0.0,0.0
hardzero_only__c0p58__z1p00__lam0p000__nu0p50__psi0p00,0.028,borrow,53,780,0.0,2,-0.6,-0.6,-0.61200005,1.0356228,0.0,0.09212493,0.0,0.0,0.028,0.0,0.012,0.6,0.6,-27.813995,2.2784157,0.7594719,0.16,0.0,0.15291652,0.0,0.0
hardzero_only__c0p58__z1p00__lam0p000__nu0p50__psi0p00,0.028,borrow,53,781,0.0,2,-0.6,-0.6,-0.6091133,0.98674995,0.10309796,0.10309796,1.0,0.002886743,0.028,0.0,0.012,0.6,0.6,-25.614199,2.1708932,0.7236311,0.17600001,0.0,0.13022974,0.0,0.0
hardzero_only__c0p58__z1p00__lam0p000__nu0p50__psi0p00,0.028,borrow,53,782,0.0,2,-0.6,-0.6,-0.61200005,1.0084177,0.0,0.09808041,0.0,0.0,0.028,0.0,0.012,0.6,0.6,-26.974134,2.2185633,0.73952115,0.120000005,0.0,0.15220419,0.0,0.0
hardzero_only__c0p58__z1p00__lam0p000__nu0p50__psi0p00,0.028,borrow,53,783,0.0,2,-0.6,-0.6,-0.61200005,1.0108665,0.0,0.09752893,0.0,0.0,0.028,0.0,0.012,0.6,0.6,-27.731821,2.2239509,0.741317,0.216,0.0,0.14869584,0.0,0.0
hardzero_only__c0p58__z1p00__lam0p000__nu0p50__psi0p00,0.028,borrow,53,784,0.0,2,-0.6,-0.6,-0.61200005,1.0074043,0.0,0.09830954,0.0,0.0,0.028,0.0,0.012,0.6,0.6,-27.226933,2.2163339,0.738778,0.208,0.0,0.1470765,0.0,0.0
hardzero_only__c0p58__z1p00__lam0p000__nu0p50__psi0p00,0.028,borrow,53,785,0.0,2,-0.6,-0.6,-0.61200005,1.0171497,0.0,0.09612809,0.0,0.0,0.028,0.0,0.012,0.6,0.6,-27.59657,2.237774,0.74592465,0.16800001,0.0,0.14964032,0.0,0.0
hardzero_only__c0p58__z1p00__lam0p000__nu0p50__psi0p00,0.028,borrow,53,786,0.0,2,-0.6,-0.6,-0.60901093,0.9716161,0.106753916,0.106753916,1.0,0.0029891098,0.028,0.0,0.012,0.6,0.6,-26.680826,2.137598,0.7125327,0.24000001,0.0,0.14793918,0.0,0.0
hardzero_only__c0p58__z1p00__lam0p000__nu0p50__psi0p00,0.028,borrow,53,787,0.0,2,-0.6,-0.6,-0.61200005,1.0427752,0.0,0.09062017,0.0,0.0,0.028,0.0,0.012,0.6,0.6,-27.74417,2.294151,0.76471704,0.136,0.0,0.17402574,0.0,0.0
hardzero_only__c0p58__z1p00__lam0p000__nu0p50__psi0p00,0.028,borrow,53,788,0.0,2,-0.6,-0.6,-0.61200005,1.0342965,0.0,0.092406705,0.0,0.0,0.028,0.0,0.012,0.6,0.6,-27.994362,2.2754977,0.75849926,0.15200001,0.0,0.13989224,0.0,0.0
hardzero_only__c0p58__z1p00__lam0p000__nu0p50__psi0p00,0.028,borrow,53,789,0.0,2,-0.6,-0.6,-0.61200005,1.0414609,0.0,0.090894826,0.0,0.0,0.028,0.0,0.012,0.6,0.6,-27.348276,2.2912598,0.7637533,0.16800001,0.0,0.1616601,0.0,0.0
hardzero_only__c0p58__z1p00__lam0p000__nu0p50__psi0p00,0.028,borrow,53,790,0.0,2,-0.6,-0.6,-0.6090416,0.9760879,0.105660364,0.105660364,1.0,0.0029584903,0.028,0.0,0.012,0.6,0.6,-27.193224,2.1474364,0.71581215,0.16800001,0.0,0.13925985,0.0,0.0
hardzero_only__c0p58__z1p00__lam0p000__nu0p50__psi0p00,0.028,borrow,53,791,0.0,2,-0.6,-0.6,-0.6089079,0.95689714,0.110433996,0.110433996,1.0,0.003092152,0.028,0.0,0.012,0.6,0.6,-25.464624,2.1052158,0.7017386,0.15200001,0.0,0.12661797,0.0,0.0
hardzero_only__c0p58__z1p00__lam0p000__nu0p50__psi0p00,0.028,borrow,53,792,0.0,2,-0.6,-0.6,-0.6091961,0.9993939,0.10013967,0.10013967,1.0,0.0028039108,0.028,0.0,0.012,0.6,0.6,-27.12926,2.1987104,0.7329035,0.14400001,0.008,0.14071836,0.0,0.0
hardzero_only__c0p58__z1p00__lam0p000__nu0p50__psi0p00,0.028,borrow,53,793,0.0,2,-0.6,-0.6,-0.61200005,1.0099356,0.0,0.09773819,0.0,0.0,0.028,0.0,0.012,0.6,0.6,-27.198856,2.2219026,0.7406342,0.21,0.0,0.12948805,0.0,0.0
hardzero_only__c0p58__z1p00__lam0p000__nu0p50__psi0p00,0.028,borrow,53,794,0.0,2,-0.6,-0.6,-0.6089932,0.96903914,0.107389264,0.107389264,1.0,0.0030068995,0.028,0.0,0.012,0.6,0.6,-26.400335,2.1319287,0.71064293,0.2,0.0,0.13957268,0.0,0.0
hardzero_only__c0p58__z1p00__lam0p000__nu0p50__psi0p00,0.028,borrow,53,795,0.0,2,-0.6,-0.6,-0.60890335,0.9562608,0.11059594,0.11059594,1.0,0.0030966864,0.028,0.0,0.012,0.6,0.6,-26.022884,2.1038158,0.70127195,0.112,0.0,0.14039522,0.0,0.0
hardzero_only__c0p58__z1p00__lam0p000__nu0p50__psi0p00,0.028,borrow,53,796,0.0,2,-0.6,-0.6,-0.60886186,0.95048326,0.112077065,0.112077065,1.0,0.003138158,0.028,0.0,0.012,0.6,0.6,-26.86651,2.091105,0.697035,0.2,0.0,0.14621025,0.0,0.0
hardzero_only__c0p58__z1p00__lam0p000__nu0p50__psi0p00,0.028,borrow,53,797,0.0,2,-0.6,-0.6,-0.60858566,0.91384083,0.12194363,0.12194363,1.0,0.0034144218,0.028,0.0,0.012,0.6,0.6,-25.119846,2.01049,0.67016333,0.264,0.0,0.12770356,0.0,0.0
hardzero_only__c0p58__z1p00__lam0p000__nu0p50__psi0p00,0.028,borrow,53,798,0.0,2,-0.6,-0.6,-0.61200005,1.0323172,0.0,0.09282882,0.0,0.0,0.028,0.0,0.012,0.6,0.6,-27.32414,2.2711432,0.7570478,0.120000005,0.0,0.1566832,0.0,0.0
hardzero_only__c0p58__z1p00__lam0p000__nu0p50__psi0p00,0.028,borrow,53,799,0.0,2,-0.6,-0.6,-0.60910034,0.9848072,0.10356017,0.10356017,1.0,0.002899685,0.028,0.0,0.012,0.6,0.6,-26.891235,2.166619,0.72220635,0.136,0.0,0.14067073,0.0,0.0
hardzero_only__c0p58__z1p00__lam0p000__nu0p50__psi0p00,0.028,borrow,53,800,0.0,2,-0.6,-0.6,-0.60907686,0.9813021,0.10439938,0.10439938,1.0,0.002923183,0.028,0.0,0.012,0.6,0.6,-26.844555,2.1589077,0.7196359,0.096,0.0,0.15602252,0.0,0.0
hardzero_only__c0p58__z1p00__lam0p000__nu0p50__psi0p00,0.028,borrow,53,801,0.0,2,-0.6,-0.6,-0.61200005,1.024662,0.0,0.09447959,0.0,0.0,0.028,0.0,0.012,0.6,0.6,-27.1761,2.2543015,0.75143385,0.120000005,0.0,0.12743804,0.0,0.0
hardzero_only__c0p58__z1p00__lam0p000__nu0p50__psi0p00,0.028,borrow,53,802,0.0,2,-0.6,-0.6,-0.60911304,0.9867118,0.103107005,0.103107005,1.0,0.0028869961,0.028,0.0,0.012,0.6,0.6,-26.787827,2.1708093,0.7236031,0.18400002,0.0,0.1460772,0.0,0.0
hardzero_only__c0p58__z1p00__lam0p000__nu0p50__psi0p00,0.028,borrow,53,803,0.0,2,-0.6,-0.6,-0.61200005,1.013591,0.0,0.096919,0.0,0.0,0.028,0.0,0.012,0.6,0.6,-26.993137,2.229945,0.743315,0.17600001,0.0,0.15435052,0.0,0.0
hardzero_only__c0p58__z1p00__lam0p000__nu0p50__psi0p00,0.028,borrow,53,804,0.0,2,-0.6,-0.6,-0.6090993,0.98465,0.10359766,0.10359766,1.0,0.0029007348,0.028,0.0,0.012,0.6,0.6,-26.589764,2.1662734,0.72209114,0.2,0.0,0.16092044,0.0,0.0
hardzero_only__c0p58__z1p00__lam0p000__nu0p50__psi0p00,0.028,borrow,53,805,0.0,2,-0.6,-0.6,-0.609091,0.98340607,0.10389482,0.10389482,1.0,0.0029090552,0.028,0.0,0.012,0.6,0.6,-26.007267,2.1635365,0.7211789,0.14400001,0.0,0.141652,0.0,0.0
hardzero_only__c0p58__z1p00__lam0p000__nu0p50__psi0p00,0.028,borrow,53,806,0.0,2,-0.6,-0.6,-0.60917467,0.9960783,0.100907095,0.100907095,1.0,0.0028253987,0.028,0.0,0.012,0.6,0.6,-26.34565,2.191416,0.730472,0.14999999,0.0,0.12031551,0.0,0.0
hardzero_only__c0p58__z1p00__lam0p000__nu0p50__psi0p00,0.028,borrow,53,807,0.0,2,-0.6,-0.6,-0.61200005,1.0225188,0.0,0.094947,0.0,0.0,0.028,0.0,0.012,0.6,0.6,-27.354198,2.249586,0.7498621,0.18400002,0.0,0.13221973,0.0,0.0
hardzero_only__c0p58__z1p00__lam0p000__nu0p50__psi0p00,0.028,borrow,53,808,0.0,2,-0.6,-0.6,-0.6091009,0.98488855,0.10354077,0.10354077,1.0,0.0028991417,0.028,0.0,0.012,0.6,0.6,-26.83042,2.166798,0.7222661,0.17600001,0.0,0.13914734,0.0,0.0
hardzero_only__c0p58__z1p00__lam0p000__nu0p50__psi0p00,0.028,borrow,53,809,0.0,2,-0.6,-0.6,-0.60898393,0.96770805,0.1077189,0.1077189,1.0,0.0030161294,0.028,0.0,0.012,0.6,0.6,-25.89402,2.1290002,0.7096667,0.14400001,0.0,0.12744719,0.0,0.0
hardzero_only__c0p58__z1p00__lam0p000__nu0p50__psi0p00,0.028,borrow,53,810,0.0,2,-0.6,-0.6,-0.61200005,1.0195589,0.0,0.0955963,0.0,0.0,0.028,0.0,0.012,0.6,0.6,-27.375143,2.2430744,0.7476915,0.16000001,0.0,0.15279825,0.0,0.0
hardzero_only__c0p58__z1p00__lam0p000__nu0p50__psi0p00,0.028,borrow,53,811,0.0,2,-0.6,-0.6,-0.6091556,0.9931637,0.101586565,0.101586565,1.0,0.002844424,0.028,0.0,0.012,0.6,0.6,-26.223457,2.1850038,0.7283346,0.128,0.0,0.14949888,0.0,0.0
hardzero_only__c0p58__z1p00__lam0p000__nu0p50__psi0p00,0.028,borrow,53,812,0.0,2,-0.6,-0.6,-0.60907257,0.9806602,0.1045538,0.1045538,1.0,0.0029275063,0.028,0.0,0.012,0.6,0.6,-26.731958,2.1574955,0.7191652,0.192,0.0,0.12834755,0.0,0.0
hardzero_only__c0p58__z1p00__lam0p000__nu0p50__psi0p00,0.028,borrow,53,813,0.0,2,-0.6,-0.6,-0.6091324,0.9896369,0.10241488,0.10241488,1.0,0.002867617,0.028,0.0,0.012,0.6,0.6,-27.002193,2.1772447,0.72574824,0.208,0.0,0.15016705,0.0,0.0
hardzero_only__c0p58__z1p00__lam0p000__nu0p50__psi0p00,0.028,borrow,53,814,0.0,2,-0.6,-0.6,-0.60884,0.9474664,0.112858325,0.112858325,1.0,0.0031600331,0.028,0.0,0.012,0.6,0.6,-25.397871,2.0844676,0.69482255,0.2,0.0,0.11911985,0.0,0.0
hardzero_only__c0p58__z1p00__lam0p000__nu0p50__psi0p00,0.028,borrow,53,815,0.0,2,-0.6,-0.6,-0.6088598,0.9501921,0.112152226,0.112152226,1.0,0.0031402623,0.028,0.0,0.012,0.6,0.6,-25.533213,2.0904644,0.69682145,0.192,0.0,0.15040427,0.0,0.0
hardzero_only__c0p58__z1p00__lam0p000__nu0p50__psi0p00,0.028,borrow,53,816,0.0,2,-0.6,-0.6,-0.6087176,0.9309604,0.11723021,0.11723021,1.0,0.003282446,0.028,0.0,0.012,0.6,0.6,-26.352411,2.0481539,0.682718,0.120000005,0.0,0.1222537,0.0,0.0
hardzero_only__c0p58__z1p00__lam0p000__nu0p50__psi0p00,0.028,borrow,53,817,0.0,2,-0.6,-0.6,-0.61200005,1.008801,0.0,0.09799388,0.0,0.0,0.028,0.0,0.012,0.6,0.6,-27.020185,2.2194064,0.7398021,0.16000001,0.0,0.14710264,0.0,0.0
hardzero_only__c0p58__z1p00__lam0p000__nu0p50__psi0p00,0.028,borrow,53,818,0.0,2,-0.6,-0.6,-0.61200005,1.0114834,0.0,0.09739049,0.0,0.0,0.028,0.0,0.012,0.6,0.6,-26.313154,2.225308,0.7417693,0.096,0.0,0.103251964,0.0,0.0
hardzero_only__c0p58__z1p00__lam0p000__nu0p50__psi0p00,0.028,borrow,53,819,0.0,2,-0.6,-0.6,-0.6088671,0.9512086,0.11189004,0.11189004,1.0,0.0031329212,0.028,0.0,0.012,0.6,0.6,-25.964314,2.0927007,0.6975669,0.12,0.0,0.14498396,0.0,0.0
hardzero_only__c0p58__z1p00__lam0p000__nu0p50__psi0p00,0.028,borrow,53,820,0.0,2,-0.6,-0.6,-0.6090965,0.98422945,0.103698045,0.103698045,1.0,0.0029035453,0.028,0.0,0.012,0.6,0.6,-27.390736,2.165348,0.7217827,0.17600001,0.0,0.11928671,0.0,0.0
hardzero_only__c0p58__z1p00__lam0p000__nu0p50__psi0p00,0.028,borrow,53,821,0.0,2,-0.6,-0.6,-0.61200005,1.019954,0.0,0.09550938,0.0,0.0,0.028,0.0,0.012,0.6,0.6,-27.082027,2.2439435,0.7479812,0.136,0.0,0.13451158,0.0,0.0
hardzero_only__c0p58__z1p00__lam0p000__nu0p50__psi0p00,0.028,borrow,53,822,0.0,2,-0.6,-0.6,-0.61200005,1.0244923,0.0,0.094516516,0.0,0.0,0.028,0.0,0.012,0.6,0.6,-27.418446,2.253928,0.75130934,0.136,0.0,0.13903226,0.0,0.0
hardzero_only__c0p58__z1p00__lam0p000__nu0p50__psi0p00,0.028,borrow,53,823,0.0,2,-0.6,-0.6,-0.61200005,1.0243398,0.0,0.09454972,0.0,0.0,0.028,0.0,0.012,0.6,0.6,-27.602669,2.2535925,0.7511975,0.192,0.0,0.14747249,0.0,0.0
hardzero_only__c0p58__z1p00__lam0p000__nu0p50__psi0p00,0.028,borrow,53,824,0.0,2,-0.6,-0.6,-0.60916674,0.994865,0.101189405,0.101189405,1.0,0.0028333035,0.028,0.0,0.012,0.6,0.6,-26.377817,2.1887467,0.72958225,0.18400002,0.0,0.1329711,0.0,0.0
hardzero_only__c0p58__z1p00__lam0p000__nu0p50__psi0p00,0.028,borrow,53,825,0.0,2,-0.6,-0.6,-0.60911083,0.9863764,0.10318666,0.10318666,1.0,0.0028892267,0.028,0.0,0.012,0.6,0.6,-26.44554,2.1700714,0.72335714,0.14400001,0.0,0.15027964,0.0,0.0
hardzero_only__c0p58__z1p00__lam0p000__nu0p50__psi0p00,0.028,borrow,53,826,0.0,2,-0.6,-0.6,-0.61200005,1.0784483,0.0,0.0834741,0.0,0.0,0.028,0.0,0.012,0.6,0.6,-28.76438,2.3726337,0.79087794,0.120000005,0.0,0.13372038,0.0,0.0
hardzero_only__c0p58__z1p00__lam0p000__nu0p50__psi0p00,0.028,borrow,53,827,0.0,2,-0.6,-0.6,-0.61200005,1.0278057,0.0,0.09379816,0.0,0.0,0.028,0.0,0.012,0.6,0.6,-28.034664,2.2612176,0.75373924,0.15200001,0.0,0.1388747,0.0,0.0
hardzero_only__c0p58__z1p00__lam0p000__nu0p50__psi0p00,0.028,borrow,53,828,0.0,2,-0.6,-0.6,-0.6089422,0.9617444,0.10920827,0.10920827,1.0,0.0030578317,0.028,0.0,0.012,0.6,0.6,-25.696121,2.11588,0.70529336,0.18400002,0.0,0.1457057,0.0,0.0
hardzero_only__c0p58__z1p00__lam0p000__nu0p50__psi0p00,0.028,borrow,53,829,0.0,2,-0.6,-0.6,-0.60895,0.9628575,0.108928755,0.108928755,1.0,0.0030500053,0.028,0.0,0.012,0.6,0.6,-26.214605,2.1183288,0.70610964,0.120000005,0.0,0.14327316,0.0,0.0
hardzero_only__c0p58__z1p00__lam0p000__nu0p50__psi0p00,0.028,borrow,53,830,0.0,2,-0.6,-0.6,-0.61200005,1.0018779,0.0,0.09956853,0.0,0.0,0.028,0.0,0.012,0.6,0.6,-27.9557,2.2041755,0.7347252,0.208,0.0,0.1519688,0.0,0.0
hardzero_only__c0p58__z1p00__lam0p000__nu0p50__psi0p00,0.028,borrow,53,831,0.0,2,-0.6,-0.6,-0.61200005,1.0597308,0.0,0.08715037,0.0,0.0,0.028,0.0,0.012,0.6,0.6,-27.33579,2.3314543,0.77715147,0.128,0.0,0.15407482,0.0,0.0
hardzero_only__c0p58__z1p00__lam0p000__nu0p50__psi0p00,0.028,borrow,53,832,0.0,2,-0.6,-0.6,-0.61200005,1.0311463,0.0,0.093079425,0.0,0.0,0.028,0.0,0.012,0.6,0.6,-27.559032,2.268567,0.75618905,0.19,0.0,0.14939862,0.0,0.0
hardzero_only__c0p58__z1p00__lam0p000__nu0p50__psi0p00,0.028,borrow,53,833,0.0,2,-0.6,-0.6,-0.6085348,0.90742177,0.12375941,0.12375941,1.0,0.0034652636,0.028,0.0,0.012,0.6,0.6,-24.821308,1.9963678,0.66545594,0.23200001,0.0,0.12035242,0.0,0.0
hardzero_only__c0p58__z1p00__lam0p000__nu0p50__psi0p00,0.028,borrow,53,834,0.0,2,-0.6,-0.6,-0.60891664,0.9581299,0.110121,0.110121,1.0,0.003083388,0.028,0.0,0.012,0.6,0.6,-26.780283,2.1079278,0.7026426,0.2,0.0,0.14610462,0.0,0.0
hardzero_only__c0p58__z1p00__lam0p000__nu0p50__psi0p00,0.028,borrow,53,835,0.0,2,-0.6,-0.6,-0.61200005,1.0056541,0.0,0.09870653,0.0,0.0,0.028,0.0,0.012,0.6,0.6,-26.874422,2.2124832,0.7374944,0.2,0.0,0.1528944,0.0,0.0
hardzero_only__c0p58__z1p00__lam0p000__nu0p50__psi0p00,0.028,borrow,53,836,0.0,2,-0.6,-0.6,-0.6086625,0.9237278,0.11919887,0.11919887,1.0,0.0033375686,0.028,0.0,0.012,0.6,0.6,-25.610008,2.0322418,0.67741394,0.216,0.0,0.11479903,0.0,0.0
hardzero_only__c0p58__z1p00__lam0p000__nu0p50__psi0p00,0.028,borrow,53,837,0.0,2,-0.6,-0.6,-0.61200005,1.007782,0.0,0.098224096,0.0,0.0,0.028,0.0,0.012,0.6,0.6,-27.310377,2.2171645,0.73905486,0.15200001,0.0,0.1412853,0.0,0.0
hardzero_only__c0p58__z1p00__lam0p000__nu0p50__psi0p00,0.028,borrow,53,838,0.0,2,-0.6,-0.6,-0.6089992,0.96991605,0.107172646,0.107172646,1.0,0.0030008343,0.028,0.0,0.012,0.6,0.6,-25.817013,2.133858,0.711286,0.15200001,0.0,0.11746552,0.0,0.0
hardzero_only__c0p58__z1p00__lam0p000__nu0p50__psi0p00,0.028,borrow,53,839,0.0,2,-0.6,-0.6,-0.6090319,0.974672,0.10600539,0.10600539,1.0,0.0029681511,0.028,0.0,0.012,0.6,0.6,-27.44323,2.1443212,0.7147738,0.216,0.0,0.17394046,0.0,0.0
hardzero_only__c0p58__z1p00__lam0p000__nu0p50__psi0p00,0.028,borrow,53,840,0.0,2,-0.6,-0.6,-0.61200005,1.007417,0.0,0.09830668,0.0,0.0,0.028,0.0,0.012,0.6,0.6,-26.719404,2.2163615,0.7387872,0.15200001,0.0,0.13574286,0.0,0.0
hardzero_only__c0p58__z1p00__lam0p000__nu0p50__psi0p00,0.028,borrow,53,841,0.0,2,-0.6,-0.6,-0.60889363,0.9549025,0.11094238,0.11094238,1.0,0.0031063866,0.028,0.0,0.012,0.6,0.6,-25.495884,2.1008275,0.70027584,0.192,0.0,0.13167752,0.0,0.0
hardzero_only__c0p58__z1p00__lam0p000__nu0p50__psi0p00,0.028,borrow,53,842,0.0,2,-0.6,-0.6,-0.61200005,1.0064105,0.0,0.09853476,0.0,0.0,0.028,0.0,0.012,0.6,0.6,-26.952972,2.2141473,0.73804915,0.096,0.0,0.13808116,0.0,0.0
hardzero_only__c0p58__z1p00__lam0p000__nu0p50__psi0p00,0.028,borrow,53,843,0.0,2,-0.6,-0.6,-0.6087266,0.93215346,0.1169086,0.1169086,1.0,0.003273441,0.028,0.0,0.012,0.6,0.6,-25.499449,2.0507786,0.6835929,0.16000001,0.0,0.12361522,0.0,0.0
hardzero_only__c0p58__z1p00__lam0p000__nu0p50__psi0p00,0.028,borrow,53,844,0.0,2,-0.6,-0.6,-0.60893136,0.96020937,0.10959498,0.10959498,1.0,0.0030686595,0.028,0.0,0.012,0.6,0.6,-25.6137,2.1125028,0.7041676,0.16800001,0.0,0.13758907,0.0,0.0
hardzero_only__c0p58__z1p00__lam0p000__nu0p50__psi0p00,0.028,borrow,53,845,0.0,2,-0.6,-0.6,-0.61200005,1.0004992,0.0,0.0998851,0.0,0.0,0.028,0.0,0.012,0.6,0.6,-27.321152,2.2011423,0.7337141,0.14999999,0.0,0.13447478,0.0,0.0
hardzero_only__c0p58__z1p00__lam0p000__nu0p50__psi0p00,0.028,borrow,53,846,0.0,2,-0.6,-0.6,-0.6089782,0.9668852,0.10792319,0.10792319,1.0,0.0030218493,0.028,0.0,0.012,0.6,0.6,-26.604862,2.1271899,0.7090633,0.17600001,0.0,0.13482384,0.0,0.0
hardzero_only__c0p58__z1p00__lam0p000__nu0p50__psi0p00,0.028,borrow,53,847,0.0,2,-0.6,-0.6,-0.609159,0.9936779,0.10146636,0.10146636,1.0,0.0028410582,0.028,0.0,0.012,0.6,0.6,-26.68826,2.186135,0.7287117,0.14400001,0.0,0.13027507,0.0,0.0
hardzero_only__c0p58__z1p00__lam0p000__nu0p50__psi0p00,0.028,borrow,53,848,0.0,2,-0.6,-0.6,-0.6091162,0.9871848,0.10299478,0.10299478,1.0,0.0028838539,0.028,0.0,0.012,0.6,0.6,-25.886614,2.17185,0.72395,0.192,0.008,0.12801272,0.0,0.0
hardzero_only__c0p58__z1p00__lam0p000__nu0p50__psi0p00,0.028,borrow,53,849,0.0,2,-0.6,-0.6,-0.6088199,0.94470835,0.11357734,0.11357734,1.0,0.0031801658,0.028,0.0,0.012,0.6,0.6,-25.934713,2.0784,0.6928,0.112,0.0,0.12516764,0.0,0.0
hardzero_only__c0p58__z1p00__lam0p000__nu0p50__psi0p00,0.028,borrow,53,850,0.0,2,-0.6,-0.6,-0.6088928,0.9547811,0.11097339,0.11097339,1.0,0.0031072549,0.028,0.0,0.012,0.6,0.6,-25.756247,2.1005604,0.70018685,0.120000005,0.0,0.12917118,0.0,0.0
hardzero_only__c0p58__z1p00__lam0p000__nu0p50__psi0p00,0.028,borrow,53,851,0.0,2,-0.6,-0.6,-0.60918957,0.9983765,0.10037452,0.10037452,1.0,0.0028104866,0.028,0.0,0.012,0.6,0.6,-27.322159,2.1964722,0.7321574,0.192,0.0,0.16498922,0.0,0.0
hardzero_only__c0p58__z1p00__lam0p000__nu0p50__psi0p00,0.028,borrow,53,852,0.0,2,-0.6,-0.6,-0.60883003,0.9460932,0.11321574,0.11321574,1.0,0.0031700407,0.028,0.0,0.012,0.6,0.6,-25.37405,2.0814466,0.6938156,0.16800001,0.0,0.12914225,0.0,0.0
hardzero_only__c0p58__z1p00__lam0p000__nu0p50__psi0p00,0.028,borrow,53,853,0.0,2,-0.6,-0.6,-0.6088944,0.9550089,0.11091519,0.11091519,1.0,0.0031056255,0.028,0.0,0.012,0.6,0.6,-25.863415,2.1010616,0.70035386,0.15200001,0.0,0.13855155,0.0,0.0
hardzero_only__c0p58__z1p00__lam0p000__nu0p50__psi0p00,0.028,borrow,53,854,0.0,2,-0.6,-0.6,-0.6086695,0.9246468,0.11894692,0.11894692,1.0,0.0033305138,0.028,0.0,0.012,0.6,0.6,-24.97034,2.0342636,0.6780879,0.16800001,0.0,0.16103974,0.0,0.0
hardzero_only__c0p58__z1p00__lam0p000__nu0p50__psi0p00,0.028,borrow,53,855,0.0,2,-0.6,-0.6,-0.61200005,1.0195087,0.0,0.09560735,0.0,0.0,0.028,0.0,0.012,0.6,0.6,-27.124018,2.242964,0.7476547,0.104,0.0,0.1641657,0.0,0.0
hardzero_only__c0p58__z1p00__lam0p000__nu0p50__psi0p00,0.028,borrow,53,856,0.0,2,-0.6,-0.6,-0.60896647,0.9652049,0.10834156,0.10834156,1.0,0.0030335637,0.028,0.0,0.012,0.6,0.6,-26.356255,2.1234932,0.7078311,0.17600001,0.0,0.1593118,0.0,0.0
hardzero_only__c0p58__z1p00__lam0p000__nu0p50__psi0p00,0.028,borrow,53,857,0.0,2,-0.6,-0.6,-0.60913384,0.9898515,0.102364294,0.102364294,1.0,0.0028662004,0.028,0.0,0.012,0.6,0.6,-26.712542,2.1777167,0.7259056,0.136,0.0,0.12319388,0.0,0.0
hardzero_only__c0p58__z1p00__lam0p000__nu0p50__psi0p00,0.028,borrow,53,858,0.0,2,-0.6,-0.6,-0.6091947,0.9991686,0.10019163,0.10019163,1.0,0.0028053657,0.028,0.0,0.012,0.6,0.6,-26.030807,2.1982148,0.73273826,0.19,0.0,0.135204,0.0,0.0
hardzero_only__c0p58__z1p00__lam0p000__nu0p50__psi0p00,0.028,borrow,53,859,0.0,2,-0.6,-0.6,-0.6089891,0.9684608,0.10753235,0.10753235,1.0,0.003010906,0.028,0.0,0.012,0.6,0.6,-26.770107,2.1306562,0.7102188,0.136,0.0,0.1167151,0.0,0.0
hardzero_only__c0p58__z1p00__lam0p000__nu0p50__psi0p00,0.028,borrow,53,860,0.0,2,-0.6,-0.6,-0.6090503,0.9773721,0.10534837,0.10534837,1.0,0.0029497545,0.028,0.0,0.012,0.6,0.6,-26.843678,2.1502616,0.7167539,0.18400002,0.0,0.14310557,0.0,0.0
hardzero_only__c0p58__z1p00__lam0p000__nu0p50__psi0p00,0.028,borrow,53,861,0.0,2,-0.6,-0.6,-0.6088801,0.95301384,0.1114259,0.1114259,1.0,0.0031199253,0.028,0.0,0.012,0.6,0.6,-26.190165,2.0966723,0.6988908,0.14400001,0.0,0.14031081,0.0,0.0
hardzero_only__c0p58__z1p00__lam0p000__nu0p50__psi0p00,0.028,borrow,53,862,0.0,2,-0.6,-0.6,-0.6089719,0.9659806,0.10814823,0.10814823,1.0,0.0030281506,0.028,0.0,0.012,0.6,0.6,-26.379866,2.1251998,0.70839995,0.224,0.0,0.124315314,0.0,0.0
hardzero_only__c0p58__z1p00__lam0p000__nu0p50__psi0p00,0.028,borrow,53,863,0.0,2,-0.6,-0.6,-0.6091198,0.98772657,0.102866374,0.102866374,1.0,0.0028802585,0.028,0.0,0.012,0.6,0.6,-26.704992,2.1730418,0.7243473,0.2,0.0,0.16081667,0.0,0.0
hardzero_only__c0p58__z1p00__lam0p000__nu0p50__psi0p00,0.028,borrow,53,864,0.0,2,-0.6,-0.6,-0.6090493,0.9772257,0.105383895,0.105383895,1.0,0.0029507491,0.028,0.0,0.012,0.6,0.6,-26.821188,2.1499395,0.71664655,0.18400002,0.0,0.16697457,0.0,0.0
hardzero_only__c0p58__z1p00__lam0p000__nu0p50__psi0p00,0.028,borrow,53,865,0.0,2,-0.6,-0.6,-0.6091861,0.997847,0.10049698,0.10049698,1.0,0.0028139155,0.028,0.0,0.012,0.6,0.6,-27.517754,2.1953073,0.7317691,0.24000001,0.008,0.13410276,0.0,0.0
hardzero_only__c0p58__z1p00__lam0p000__nu0p50__psi0p00,0.028,borrow,53,866,0.0,2,-0.6,-0.6,-0.608932,0.96029866,0.109572425,0.109572425,1.0,0.003068028,0.028,0.0,0.012,0.6,0.6,-25.867659,2.1126993,0.7042331,0.16800001,0.0,0.119574256,0.0,0.0
hardzero_only__c0p58__z1p00__lam0p000__nu0p50__psi0p00,0.028,borrow,53,867,0.0,2,-0.6,-0.6,-0.6088783,0.95275885,0.11149135,0.11149135,1.0,0.0031217579,0.028,0.0,0.012,0.6,0.6,-25.992281,2.0961113,0.69870377,0.14400001,0.0,0.13158862,0.0,0.0
hardzero_only__c0p58__z1p00__lam0p000__nu0p50__psi0p00,0.028,borrow,53,868,0.0,2,-0.6,-0.6,-0.60908324,0.9822533,0.104170956,0.104170956,1.0,0.0029167868,0.028,0.0,0.012,0.6,0.6,-26.47733,2.1610005,0.7203335,0.256,0.0,0.137944,0.0,0.0
hardzero_only__c0p58__z1p00__lam0p000__nu0p50__psi0p00,0.028,borrow,53,869,0.0,2,-0.6,-0.6,-0.60899764,0.9696896,0.10722854,0.10722854,1.0,0.003002399,0.028,0.0,0.012,0.6,0.6,-26.711473,2.1333597,0.7111199,0.16000001,0.0,0.15811203,0.0,0.0
hardzero_only__c0p58__z1p00__lam0p000__nu0p50__psi0p00,0.028,borrow,53,870,0.0,2,-0.6,-0.6,-0.6091624,0.9942019,0.10134403,0.10134403,1.0,0.0028376328,0.028,0.0,0.012,0.6,0.6,-27.20053,2.1872878,0.72909594,0.136,0.0,0.14105111,0.0,0.0
hardzero_only__c0p58__z1p00__lam0p000__nu0p50__psi0p00,0.028,borrow,53,871,0.0,2,-0.6,-0.6,-0.61200005,1.0063647,0.0,0.09854516,0.0,0.0,0.028,0.0,0.012,0.6,0.6,-27.248665,2.2140465,0.73801553,0.16,0.0,0.15399909,0.0,0.0
hardzero_only__c0p58__z1p00__lam0p000__nu0p50__psi0p00,0.028,borrow,53,872,0.0,2,-0.6,-0.6,-0.60899216,0.9688949,0.10742493,0.10742493,1.0,0.003007898,0.028,0.0,0.012,0.6,0.6,-26.47125,2.1316113,0.71053714,0.208,0.0,0.13813266,0.0,0.0
hardzero_only__c0p58__z1p00__lam0p000__nu0p50__psi0p00,0.028,borrow,53,873,0.0,2,-0.6,-0.6,-0.60918474,0.9976347,0.10054611,0.10054611,1.0,0.002815291,0.028,0.0,0.012,0.6,0.6,-26.855495,2.1948402,0.7316134,0.17600001,0.0,0.16033073,0.0,0.0
hardzero_only__c0p58__z1p00__lam0p000__nu0p50__psi0p00,0.028,borrow,53,874,0.0,2,-0.6,-0.6,-0.6091307,0.9893684,0.10247822,0.10247822,1.0,0.0028693902,0.028,0.0,0.012,0.6,0.6,-27.16736,2.1766539,0.7255513,0.216,0.0,0.1660053,0.0,0.0
hardzero_only__c0p58__z1p00__lam0p000__nu0p50__psi0p00,0.028,borrow,53,875,0.0,2,-0.6,-0.6,-0.61200005,1.0434941,0.0,0.09047026,0.0,0.0,0.028,0.0,0.012,0.6,0.6,-27.587662,2.295733,0.76524436,0.192,0.0,0.15557654,0.0,0.0
hardzero_only__c0p58__z1p00__lam0p000__nu0p50__psi0p00,0.028,borrow,53,876,0.0,2,-0.6,-0.6,-0.60898954,0.96851486,0.10751897,0.10751897,1.0,0.0030105312,0.028,0.0,0.012,0.6,0.6,-26.819145,2.1307752,0.7102584,0.128,0.0,0.14332183,0.0,0.0
hardzero_only__c0p58__z1p00__lam0p000__nu0p50__psi0p00,0.028,borrow,53,877,0.0,2,-0.6,-0.6,-0.6091957,0.99932396,0.10015578,0.10015578,1.0,0.002804362,0.028,0.0,0.012,0.6,0.6,-27.179924,2.1985567,0.7328522,0.16800001,0.0,0.15435389,0.0,0.0
hardzero_only__c0p58__z1p00__lam0p000__nu0p50__psi0p00,0.028,borrow,53,878,0.0,2,-0.6,-0.6,-0.61200005,1.023283,0.0,0.094780065,0.0,0.0,0.028,0.0,0.012,0.6,0.6,-27.644579,2.2512674,0.7504225,0.136,0.0,0.15408267,0.0,0.0
hardzero_only__c0p58__z1p00__lam0p000__nu0p50__psi0p00,0.028,borrow,53,879,0.0,2,-0.6,-0.6,-0.6089889,0.9684196,0.10754255,0.10754255,1.0,0.0030111915,0.028,0.0,0.012,0.6,0.6,-26.67832,2.1305656,0.71018857,0.256,0.0,0.17134449,0.0,0.0
hardzero_only__c0p58__z1p00__lam0p000__nu0p50__psi0p00,0.028,borrow,53,880,0.0,2,-0.6,-0.6,-0.61200005,1.0357717,0.0,0.09209335,0.0,0.0,0.028,0.0,0.012,0.6,0.6,-27.604338,2.2787433,0.7595811,0.16800001,0.0,0.14572664,0.0,0.0
hardzero_only__c0p58__z1p00__lam0p000__nu0p50__psi0p00,0.028,borrow,53,881,0.0,2,-0.6,-0.6,-0.61200005,1.0065458,0.0,0.09850409,0.0,0.0,0.028,0.0,0.012,0.6,0.6,-27.621078,2.2144449,0.73814833,0.17600001,0.0,0.14849356,0.0,0.0
hardzero_only__c0p58__z1p00__lam0p000__nu0p50__psi0p00,0.028,borrow,53,882,0.0,2,-0.6,-0.6,-0.61200005,1.0326031,0.0,0.0927677,0.0,0.0,0.028,0.0,0.012,0.6,0.6,-27.243263,2.2717724,0.75725746,0.16000001,0.0,0.15919952,0.0,0.0
hardzero_only__c0p58__z1p00__lam0p000__nu0p50__psi0p00,0.028,borrow,53,883,0.0,2,-0.6,-0.6,-0.6091708,0.9954898,0.10104393,0.10104393,1.0,0.0028292302,0.028,0.0,0.012,0.6,0.6,-26.309168,2.1901212,0.73004043,0.16000001,0.0,0.13242649,0.0,0.0
hardzero_only__c0p58__z1p00__lam0p000__nu0p50__psi0p00,0.028,borrow,53,884,0.0,2,-0.6,-0.6,-0.60910857,0.9860396,0.10326672,0.10326672,1.0,0.0028914683,0.028,0.0,0.012,0.6,0.6,-26.285423,2.1693304,0.72311014,0.14999999,0.0,0.13123612,0.0,0.0
hardzero_only__c0p58__z1p00__lam0p000__nu0p50__psi0p00,0.028,borrow,53,885,0.0,2,-0.6,-0.6,-0.61200005,1.0028002,0.0,0.09935729,0.0,0.0,0.028,0.0,0.012,0.6,0.6,-27.154066,2.2062047,0.7354016,0.16000001,0.0,0.1519614,0.0,0.0
hardzero_only__c0p58__z1p00__lam0p000__nu0p50__psi0p00,0.028,borrow,53,886,0.0,2,-0.6,-0.6,-0.61200005,1.0038637,0.0,0.099114284,0.0,0.0,0.028,0.0,0.012,0.6,0.6,-27.449263,2.2085443,0.73618144,0.120000005,0.0,0.14338939,0.0,0.0
hardzero_only__c0p58__z1p00__lam0p000__nu0p50__psi0p00,0.028,borrow,53,887,0.0,2,-0.6,-0.6,-0.6090368,0.97539276,0.10582961,0.10582961,1.0,0.0029632293,0.028,0.0,0.012,0.6,0.6,-26.19804,2.145907,0.71530235,0.18400002,0.0,0.13764589,0.0,0.0
hardzero_only__c0p58__z1p00__lam0p000__nu0p50__psi0p00,0.028,borrow,53,888,0.0,2,-0.6,-0.6,-0.6091858,0.99779695,0.10050854,0.10050854,1.0,0.0028142391,0.028,0.0,0.012,0.6,0.6,-26.835705,2.195197,0.73173237,0.17600001,0.0,0.14375955,0.0,0.0
hardzero_only__c0p58__z1p00__lam0p000__nu0p50__psi0p00,0.028,borrow,53,889,0.0,2,-0.6,-0.6,-0.61200005,1.0064018,0.0,0.098536745,0.0,0.0,0.028,0.0,0.012,0.6,0.6,-27.272552,2.214128,0.7380427,0.16800001,0.0,0.13461502,0.0,0.0
hardzero_only__c0p58__z1p00__lam0p000__nu0p50__psi0p00,0.028,borrow,53,890,0.0,2,-0.6,-0.6,-0.60911983,0.9877348,0.10286442,0.10286442,1.0,0.002880204,0.028,0.0,0.012,0.6,0.6,-26.631178,2.17306,0.7243533,0.17600001,0.0,0.13813883,0.0,0.0
hardzero_only__c0p58__z1p00__lam0p000__nu0p50__psi0p00,0.028,borrow,53,891,0.0,2,-0.6,-0.6,-0.6091617,0.99408734,0.10137075,0.10137075,1.0,0.002838381,0.028,0.0,0.012,0.6,0.6,-27.0608,2.1870358,0.72901195,0.136,0.0,0.15299843,0.0,0.0
hardzero_only__c0p58__z1p00__lam0p000__nu0p50__psi0p00,0.028,borrow,53,892,0.0,2,-0.6,-0.6,-0.60906404,0.9794046,0.104856506,0.104856506,1.0,0.0029359823,0.028,0.0,0.012,0.6,0.6,-26.445202,2.1547332,0.71824443,0.128,0.0,0.14320748,0.0,0.0
hardzero_only__c0p58__z1p00__lam0p000__nu0p50__psi0p00,0.028,borrow,53,893,0.0,2,-0.6,-0.6,-0.61200005,1.0034975,0.0,0.0991979,0.0,0.0,0.028,0.0,0.012,0.6,0.6,-27.25446,2.2077386,0.7359129,0.208,0.0,0.13610269,0.0,0.0
hardzero_only__c0p58__z1p00__lam0p000__nu0p50__psi0p00,0.028,borrow,53,894,0.0,2,-0.6,-0.6,-0.61200005,1.0197468,0.0,0.09555496,0.0,0.0,0.028,0.0,0.012,0.6,0.6,-27.47133,2.2434876,0.7478292,0.15200001,0.0,0.15427877,0.0,0.0
hardzero_only__c0p58__z1p00__lam0p000__nu0p50__psi0p00,0.028,borrow,53,895,0.0,2,-0.6,-0.6,-0.61200005,1.0097636,0.0,0.097776935,0.0,0.0,0.028,0.0,0.012,0.6,0.6,-26.361319,2.2215242,0.7405081,0.16000001,0.0,0.14918366,0.0,0.0
hardzero_only__c0p58__z1p00__lam0p000__nu0p50__psi0p00,0.028,borrow,53,896,0.0,2,-0.6,-0.6,-0.61200005,1.0119706,0.0,0.09728131,0.0,0.0,0.028,0.0,0.012,0.6,0.6,-27.009382,2.2263799,0.74212664,0.16000001,0.0,0.15031488,0.0,0.0
hardzero_only__c0p58__z1p00__lam0p000__nu0p50__psi0p00,0.028,borrow,53,897,0.0,2,-0.6,-0.6,-0.6087136,0.93043613,0.11737183,0.11737183,1.0,0.0032864113,0.028,0.0,0.012,0.6,0.6,-25.702372,2.0470004,0.68233347,0.21,0.0,0.12449106,0.0,0.0
hardzero_only__c0p58__z1p00__lam0p000__nu0p50__psi0p00,0.028,borrow,53,898,0.0,2,-0.6,-0.6,-0.609065,0.979546,0.10482237,0.10482237,1.0,0.0029350263,0.028,0.0,0.012,0.6,0.6,-26.73729,2.1550443,0.71834815,0.16800001,0.0,0.14582792,0.0,0.0
hardzero_only__c0p58__z1p00__lam0p000__nu0p50__psi0p00,0.028,borrow,53,899,0.0,2,-0.6,-0.6,-0.6090842,0.9823953,0.104136914,0.104136914,1.0,0.0029158336,0.028,0.0,0.012,0.6,0.6,-26.656467,2.1613128,0.72043765,0.16000001,0.0,0.12795787,0.0,0.0
hardzero_only__c0p58__z1p00__lam0p000__nu0p50__psi0p00,0.028,borrow,53,900,0.0,2,-0.6,-0.6,-0.6088714,0.9518012,0.111737475,0.111737475,1.0,0.0031286494,0.028,0.0,0.012,0.6,0.6,-26.507187,2.0940044,0.6980015,0.216,0.0,0.14579448,0.0,0.0
hardzero_only__c0p58__z1p00__lam0p000__nu0p50__psi0p00,0.028,borrow,53,901,0.0,2,-0.6,-0.6,-0.61200005,1.0389378,0.0,0.09142442,0.0,0.0,0.028,0.0,0.012,0.6,0.6,-28.211687,2.285709,0.761903,0.14400001,0.0,0.1497223,0.0,0.0
hardzero_only__c0p58__z1p00__lam0p000__nu0p50__psi0p00,0.028,borrow,53,902,0.0,2,-0.6,-0.6,-0.61200005,1.0150987,0.0,0.09658314,0.0,0.0,0.028,0.0,0.012,0.6,0.6,-27.394556,2.2332616,0.7444205,0.216,0.0,0.152095,0.0,0.0
hardzero_only__c0p58__z1p00__lam0p000__nu0p50__psi0p00,0.028,borrow,53,903,0.0,2,-0.6,-0.6,-0.60883635,0.94695985,0.11299003,0.11299003,1.0,0.003163721,0.028,0.0,0.012,0.6,0.6,-25.84076,2.0833533,0.6944511,0.2,0.0,0.110057525,0.0,0.0
hardzero_only__c0p58__z1p00__lam0p000__nu0p50__psi0p00,0.028,borrow,53,904,0.0,2,-0.6,-0.6,-0.6091171,0.987319,0.102962956,0.102962956,1.0,0.0028829628,0.028,0.0,0.012,0.6,0.6,-26.858095,2.1721451,0.7240484,0.15200001,0.0,0.15799528,0.0,0.0
hardzero_only__c0p58__z1p00__lam0p000__nu0p50__psi0p00,0.028,borrow,53,905,0.0,2,-0.6,-0.6,-0.6088248,0.9453757,0.11340295,0.11340295,1.0,0.0031752826,0.028,0.0,0.012,0.6,0.6,-26.16145,2.079868,0.6932894,0.192,0.0,0.13939767,0.0,0.0
hardzero_only__c0p58__z1p00__lam0p000__nu0p50__psi0p00,0.028,borrow,53,906,0.0,2,-0.6,-0.6,-0.61200005,1.0257195,0.0,0.09424979,0.0,0.0,0.028,0.0,0.012,0.6,0.6,-27.095884,2.256628,0.75220937,0.128,0.0,0.15038991,0.0,0.0
hardzero_only__c0p58__z1p00__lam0p000__nu0p50__psi0p00,0.028,borrow,53,907,0.0,2,-0.6,-0.6,-0.60911524,0.98704034,0.103029035,0.103029035,1.0,0.0028848131,0.028,0.0,0.012,0.6,0.6,-26.251934,2.1715322,0.72384405,0.208,0.0,0.13890326,0.0,0.0
hardzero_only__c0p58__z1p00__lam0p000__nu0p50__psi0p00,0.028,borrow,53,908,0.0,2,-0.6,-0.6,-0.6091729,0.99580556,0.100970484,0.100970484,1.0,0.0028271736,0.028,0.0,0.012,0.6,0.6,-26.387213,2.190816,0.730272,0.216,0.0,0.13353017,0.0,0.0
hardzero_only__c0p58__z1p00__lam0p000__nu0p50__psi0p00,0.028,borrow,53,909,0.0,2,-0.6,-0.6,-0.60896146,0.9644855,0.10852118,0.10852118,1.0,0.003038593,0.028,0.0,0.012,0.6,0.6,-26.437199,2.1219106,0.7073035,0.112,0.0,0.12725538,0.0,0.0
hardzero_only__c0p58__z1p00__lam0p000__nu0p50__psi0p00,0.028,borrow,53,910,0.0,2,-0.6,-0.6,-0.6086993,0.9285452,0.11788398,0.11788398,1.0,0.0033007516,0.028,0.0,0.012,0.6,0.6,-24.975677,2.0428402,0.68094677,0.22999999,0.0,0.11484504,0.0,0.0
hardzero_only__c0p58__z1p00__lam0p000__nu0p50__psi0p00,0.028,borrow,53,911,0.0,2,-0.6,-0.6,-0.6091604,0.99389964,0.101414576,0.101414576,1.0,0.0028396081,0.028,0.0,0.012,0.6,0.6,-27.40038,2.1866229,0.7288743,0.15200001,0.0,0.14353809,0.0,0.0
hardzero_only__c0p58__z1p00__lam0p000__nu0p50__psi0p00,0.028,borrow,53,912,0.0,2,-0.6,-0.6,-0.61200005,1.004946,0.0,0.0988676,0.0,0.0,0.028,0.0,0.012,0.6,0.6,-26.055681,2.2109253,0.73697513,0.14400001,0.0,0.121687934,0.0,0.0
hardzero_only__c0p58__z1p00__lam0p000__nu0p50__psi0p00,0.028,borrow,53,913,0.0,2,-0.6,-0.6,-0.6090975,0.9843725,0.10366388,0.10366388,1.0,0.0029025886,0.028,0.0,0.012,0.6,0.6,-26.671108,2.1656628,0.7218876,0.2,0.0,0.14478654,0.0,0.0
hardzero_only__c0p58__z1p00__lam0p000__nu0p50__psi0p00,0.028,borrow,53,914,0.0,2,-0.6,-0.6,-0.61200005,1.0461237,0.0,0.08992414,0.0,0.0,0.028,0.0,0.012,0.6,0.6,-27.51162,2.3015182,0.76717275,0.17600001,0.0,0.16926587,0.0,0.0
hardzero_only__c0p58__z1p00__lam0p000__nu0p50__psi0p00,0.028,borrow,53,915,0.0,2,-0.6,-0.6,-0.6087689,0.937798,0.11539899,0.11539899,1.0,0.0032311718,0.028,0.0,0.012,0.6,0.6,-26.001434,2.063197,0.68773234,0.17600001,0.0,0.12281849,0.0,0.0
hardzero_only__c0p58__z1p00__lam0p000__nu0p50__psi0p00,0.028,borrow,53,916,0.0,2,-0.6,-0.6,-0.6090909,0.98339564,0.10389733,0.10389733,1.0,0.0029091255,0.028,0.0,0.012,0.6,0.6,-26.744654,2.1635137,0.72117126,0.16000001,0.0,0.14436634,0.0,0.0
hardzero_only__c0p58__z1p00__lam0p000__nu0p50__psi0p00,0.028,borrow,53,917,0.0,2,-0.6,-0.6,-0.6089138,0.957726,0.110223435,0.110223435,1.0,0.0030862563,0.028,0.0,0.012,0.6,0.6,-25.61874,2.1070392,0.70234644,0.208,0.0,0.12751743,0.0,0.0
hardzero_only__c0p58__z1p00__lam0p000__nu0p50__psi0p00,0.028,borrow,53,918,0.0,2,-0.6,-0.6,-0.60917467,0.99608326,0.10090594,0.10090594,1.0,0.0028253663,0.028,0.0,0.012,0.6,0.6,-26.000387,2.191427,0.73047566,0.16000001,0.0,0.1290083,0.0,0.0
hardzero_only__c0p58__z1p00__lam0p000__nu0p50__psi0p00,0.028,borrow,53,919,0.0,2,-0.6,-0.6,-0.61200005,1.0272732,0.0,0.09391325,0.0,0.0,0.028,0.0,0.012,0.6,0.6,-27.50005,2.260046,0.7533487,0.16800001,0.0,0.15288483,0.0,0.0
hardzero_only__c0p58__z1p00__lam0p000__nu0p50__psi0p00,0.028,borrow,53,920,0.0,2,-0.6,-0.6,-0.60905045,0.9773979,0.10534212,0.10534212,1.0,0.0029495794,0.028,0.0,0.012,0.6,0.6,-27.05884,2.1503184,0.7167728,0.24800001,0.0,0.15489985,0.0,0.0
hardzero_only__c0p58__z1p00__lam0p000__nu0p50__psi0p00,0.028,borrow,53,921,0.0,2,-0.6,-0.6,-0.61200005,1.0058346,0.0,0.09866552,0.0,0.0,0.028,0.0,0.012,0.6,0.6,-27.255278,2.2128801,0.73762673,0.128,0.0,0.13283034,0.0,0.0
hardzero_only__c0p58__z1p00__lam0p000__nu0p50__psi0p00,0.028,borrow,53,922,0.0,2,-0.6,-0.6,-0.61200005,1.0023621,0.0,0.09945757,0.0,0.0,0.028,0.0,0.012,0.6,0.6,-27.712421,2.2052407,0.73508024,0.16800001,0.0,0.17701516,0.0,0.0
hardzero_only__c0p58__z1p00__lam0p000__nu0p50__psi0p00,0.028,borrow,53,923,0.0,2,-0.6,-0.6,-0.60914445,0.9914607,0.101985715,0.101985715,1.0,0.0028556,0.028,0.0,0.012,0.6,0.6,-26.621534,2.181257,0.7270857,0.14,0.0,0.1384052,0.0,0.0
hardzero_only__c0p58__z1p00__lam0p000__nu0p50__psi0p00,0.028,borrow,53,924,0.0,2,-0.6,-0.6,-0.61200005,1.0012465,0.0,0.0997134,0.0,0.0,0.028,0.0,0.012,0.6,0.6,-27.732414,2.2027862,0.7342621,0.17600001,0.0,0.1580066,0.0,0.0
hardzero_only__c0p58__z1p00__lam0p000__nu0p50__psi0p00,0.028,borrow,53,925,0.0,2,-0.6,-0.6,-0.6089285,0.9598034,0.10969745,0.10969745,1.0,0.0030715289,0.028,0.0,0.012,0.6,0.6,-25.49354,2.1116097,0.70386994,0.120000005,0.0,0.13836324,0.0,0.0
hardzero_only__c0p58__z1p00__lam0p000__nu0p50__psi0p00,0.028,borrow,53,926,0.0,2,-0.6,-0.6,-0.60917336,0.99588376,0.100952305,0.100952305,1.0,0.0028266646,0.028,0.0,0.012,0.6,0.6,-26.35978,2.190988,0.7303294,0.224,0.0,0.15573059,0.0,0.0
hardzero_only__c0p58__z1p00__lam0p000__nu0p50__psi0p00,0.028,borrow,53,927,0.0,2,-0.6,-0.6,-0.6090353,0.97517025,0.105883844,0.105883844,1.0,0.0029647478,0.028,0.0,0.012,0.6,0.6,-26.47235,2.1454175,0.71513915,0.208,0.0,0.13210367,0.0,0.0
hardzero_only__c0p58__z1p00__lam0p000__nu0p50__psi0p00,0.028,borrow,53,928,0.0,2,-0.6,-0.6,-0.61200005,1.0024973,0.0,0.09942663,0.0,0.0,0.028,0.0,0.012,0.6,0.6,-27.34356,2.205538,0.73517936,0.2,0.008,0.15709272,0.0,0.0
hardzero_only__c0p58__z1p00__lam0p000__nu0p50__psi0p00,0.028,borrow,53,929,0.0,2,-0.6,-0.6,-0.60861236,0.9172576,0.120988026,0.120988026,1.0,0.003387665,0.028,0.0,0.012,0.6,0.6,-25.460932,2.018007,0.67266905,0.24000001,0.0,0.14428267,0.0,0.0
hardzero_only__c0p58__z1p00__lam0p000__nu0p50__psi0p00,0.028,borrow,53,930,0.0,2,-0.6,-0.6,-0.61200005,1.0635121,0.0,0.08639486,0.0,0.0,0.028,0.0,0.012,0.6,0.6,-27.660849,2.3397734,0.7799245,0.120000005,0.0,0.17980582,0.0,0.0
hardzero_only__c0p58__z1p00__lam0p000__nu0p50__psi0p00,0.028,borrow,53,931,0.0,2,-0.6,-0.6,-0.6089452,0.96217066,0.10910115,0.10910115,1.0,0.003054832,0.028,0.0,0.012,0.6,0.6,-25.86892,2.1168177,0.7056059,0.14400001,0.0,0.13700725,0.0,0.0
hardzero_only__c0p58__z1p00__lam0p000__nu0p50__psi0p00,0.028,borrow,53,932,0.0,2,-0.6,-0.6,-0.60909784,0.98443365,0.1036493,0.1036493,1.0,0.0029021807,0.028,0.0,0.012,0.6,0.6,-26.694134,2.1657972,0.7219324,0.112,0.0,0.15486476,0.0,0.0
hardzero_only__c0p58__z1p00__lam0p000__nu0p50__psi0p00,0.028,borrow,53,933,0.0,2,-0.6,-0.6,-0.61200005,1.0088391,0.0,0.09798528,0.0,0.0,0.028,0.0,0.012,0.6,0.6,-27.416626,2.2194905,0.7398302,0.16000001,0.0,0.1473196,0.0,0.0
hardzero_only__c0p58__z1p00__lam0p000__nu0p50__psi0p00,0.028,borrow,53,934,0.0,2,-0.6,-0.6,-0.60909486,0.98398435,0.10375658,0.10375658,1.0,0.0029051842,0.028,0.0,0.012,0.6,0.6,-26.961153,2.1648088,0.7216029,0.136,0.0,0.14424713,0.0,0.0
hardzero_only__c0p58__z1p00__lam0p000__nu0p50__psi0p00,0.028,borrow,53,935,0.0,2,-0.6,-0.6,-0.60895574,0.96366584,0.10872618,0.10872618,1.0,0.003044333,0.028,0.0,0.012,0.6,0.6,-26.695658,2.1201072,0.7067024,0.192,0.0,0.17690575,0.0,0.0
hardzero_only__c0p58__z1p00__lam0p000__nu0p50__psi0p00,0.028,borrow,53,936,0.0,2,-0.6,-0.6,-0.6091664,0.99481046,0.1012021,0.1012021,1.0,0.0028336588,0.028,0.0,0.012,0.6,0.6,-27.885332,2.1886268,0.72954226,0.17,0.0,0.17578883,0.0,0.0
hardzero_only__c0p58__z1p00__lam0p000__nu0p50__psi0p00,0.028,borrow,53,937,0.0,2,-0.6,-0.6,-0.61200005,1.0111158,0.0,0.09747297,0.0,0.0,0.028,0.0,0.012,0.6,0.6,-27.234682,2.2244992,0.7414998,0.096,0.0,0.1440192,0.0,0.0
hardzero_only__c0p58__z1p00__lam0p000__nu0p50__psi0p00,0.028,borrow,53,938,0.0,2,-0.6,-0.6,-0.6091786,0.99668896,0.1007653,0.1007653,1.0,0.0028214285,0.028,0.0,0.012,0.6,0.6,-27.122976,2.1927595,0.73091984,0.208,0.0,0.13748595,0.0,0.0
hardzero_only__c0p58__z1p00__lam0p000__nu0p50__psi0p00,0.028,borrow,53,939,0.0,2,-0.6,-0.6,-0.60912067,0.98786277,0.102834105,0.102834105,1.0,0.002879355,0.028,0.0,0.012,0.6,0.6,-27.0147,2.1733415,0.7244472,0.208,0.0,0.14961652,0.0,0.0
hardzero_only__c0p58__z1p00__lam0p000__nu0p50__psi0p00,0.028,borrow,53,940,0.0,2,-0.6,-0.6,-0.6088754,0.95235854,0.11159416,0.11159416,1.0,0.0031246366,0.028,0.0,0.012,0.6,0.6,-25.73174,2.0952306,0.6984102,0.24000001,0.0,0.12564614,0.0,0.0
hardzero_only__c0p58__z1p00__lam0p000__nu0p50__psi0p00,0.028,borrow,53,941,0.0,2,-0.6,-0.6,-0.61200005,1.0003998,0.0,0.09990799,0.0,0.0,0.028,0.0,0.012,0.6,0.6,-26.420074,2.2009234,0.73364115,0.16800001,0.0,0.17152022,0.0,0.0
hardzero_only__c0p58__z1p00__lam0p000__nu0p50__psi0p00,0.028,borrow,53,942,0.0,2,-0.6,-0.6,-0.61200005,1.0189737,0.0,0.0957252,0.0,0.0,0.028,0.0,0.012,0.6,0.6,-27.562607,2.241787,0.74726236,0.208,0.0,0.16972713,0.0,0.0
hardzero_only__c0p58__z1p00__lam0p000__nu0p50__psi0p00,0.028,borrow,53,943,0.0,2,-0.6,-0.6,-0.6088668,0.9511607,0.11190236,0.11190236,1.0,0.0031332662,0.028,0.0,0.012,0.6,0.6,-26.887053,2.0925953,0.6975318,0.2,0.0,0.15542254,0.0,0.0
hardzero_only__c0p58__z1p00__lam0p000__nu0p50__psi0p00,0.028,borrow,53,944,0.0,2,-0.6,-0.6,-0.60880625,0.9428548,0.114063084,0.114063084,1.0,0.0031937663,0.028,0.0,0.012,0.6,0.6,-26.443882,2.074322,0.6914407,0.16000001,0.0,0.1406445,0.0,0.0
hardzero_only__c0p58__z1p00__lam0p000__nu0p50__psi0p00,0.028,borrow,53,945,0.0,2,-0.6,-0.6,-0.60911983,0.9877287,0.10286587,0.10286587,1.0,0.0028802443,0.028,0.0,0.012,0.6,0.6,-26.837587,2.1730466,0.7243489,0.16800001,0.0,0.13822673,0.0,0.0
hardzero_only__c0p58__z1p00__lam0p000__nu0p50__psi0p00,0.028,borrow,53,946,0.0,2,-0.6,-0.6,-0.61200005,1.004402,0.0,0.098991506,0.0,0.0,0.028,0.0,0.012,0.6,0.6,-26.998669,2.2097287,0.73657626,0.18400002,0.0,0.14119194,0.0,0.0
hardzero_only__c0p58__z1p00__lam0p000__nu0p50__psi0p00,0.028,borrow,53,947,0.0,2,-0.6,-0.6,-0.60918057,0.99699205,0.10069501,0.10069501,1.0,0.0028194604,0.028,0.0,0.012,0.6,0.6,-27.444317,2.1934264,0.73114216,0.14400001,0.0,0.12571359,0.0,0.0
hardzero_only__c0p58__z1p00__lam0p000__nu0p50__psi0p00,0.028,borrow,53,948,0.0,2,-0.6,-0.6,-0.608902,0.95606816,0.110644996,0.110644996,1.0,0.00309806,0.028,0.0,0.012,0.6,0.6,-26.494488,2.103392,0.7011306,0.192,0.0,0.11986944,0.0,0.0
hardzero_only__c0p58__z1p00__lam0p000__nu0p50__psi0p00,0.028,borrow,53,949,0.0,2,-0.6,-0.6,-0.6088335,0.9465695,0.11309164,0.11309164,1.0,0.0031665661,0.028,0.0,0.012,0.6,0.6,-26.113997,2.0824945,0.6941649,0.19999999,0.0,0.1266978,0.0,0.0
hardzero_only__c0p58__z1p00__lam0p000__nu0p50__psi0p00,0.028,borrow,53,950,0.0,2,-0.6,-0.6,-0.6090937,0.98381627,0.10379673,0.10379673,1.0,0.0029063085,0.028,0.0,0.012,0.6,0.6,-26.33917,2.164439,0.72147965,0.17600001,0.0,0.14234048,0.0,0.0
hardzero_only__c0p58__z1p00__lam0p000__nu0p50__psi0p00,0.028,borrow,53,951,0.0,2,-0.6,-0.6,-0.6091249,0.9884963,0.102684215,0.102684215,1.0,0.002875158,0.028,0.0,0.012,0.6,0.6,-26.541552,2.1747353,0.7249118,0.16800001,0.008,0.14909586,0.0,0.0
hardzero_only__c0p58__z1p00__lam0p000__nu0p50__psi0p00,0.028,borrow,53,952,0.0,2,-0.6,-0.6,-0.60867083,0.92481893,0.11889977,0.11889977,1.0,0.0033291937,0.028,0.0,0.012,0.6,0.6,-26.253912,2.0346422,0.6782141,0.224,0.0,0.13442022,0.0,0.0
hardzero_only__c0p58__z1p00__lam0p000__nu0p50__psi0p00,0.028,borrow,53,953,0.0,2,-0.6,-0.6,-0.61200005,1.0014278,0.0,0.09967178,0.0,0.0,0.028,0.0,0.012,0.6,0.6,-27.728758,2.203185,0.734395,0.120000005,0.0,0.14280352,0.0,0.0
hardzero_only__c0p58__z1p00__lam0p000__nu0p50__psi0p00,0.028,borrow,53,954,0.0,2,-0.6,-0.6,-0.61200005,1.0094506,0.0,0.097847424,0.0,0.0,0.028,0.0,0.012,0.6,0.6,-27.43111,2.2208357,0.7402786,0.16800001,0.0,0.17001885,0.0,0.0
hardzero_only__c0p58__z1p00__lam0p000__nu0p50__psi0p00,0.028,borrow,53,955,0.0,2,-0.6,-0.6,-0.60905474,0.9780318,0.10518848,0.10518848,1.0,0.0029452776,0.028,0.0,0.012,0.6,0.6,-26.831318,2.151713,0.71723765,0.192,0.0,0.14708827,0.0,0.0
hardzero_only__c0p58__z1p00__lam0p000__nu0p50__psi0p00,0.028,borrow,53,956,0.0,2,-0.6,-0.6,-0.61200005,1.0046844,0.0,0.09892717,0.0,0.0,0.028,0.0,0.012,0.6,0.6,-27.292831,2.2103498,0.73678327,0.104,0.0,0.16604927,0.0,0.0
hardzero_only__c0p58__z1p00__lam0p000__nu0p50__psi0p00,0.028,borrow,53,957,0.0,2,-0.6,-0.6,-0.60912496,0.9885078,0.1026815,0.1026815,1.0,0.0028750822,0.028,0.0,0.012,0.6,0.6,-26.963951,2.1747606,0.7249202,0.192,0.0,0.12412092,0.0,0.0
hardzero_only__c0p58__z1p00__lam0p000__nu0p50__psi0p00,0.028,borrow,53,958,0.0,2,-0.6,-0.6,-0.60903525,0.9751654,0.10588504,0.10588504,1.0,0.0029647811,0.028,0.0,0.012,0.6,0.6,-26.449032,2.1454067,0.7151356,0.296,0.0,0.13172434,0.0,0.0
hardzero_only__c0p58__z1p00__lam0p000__nu0p50__psi0p00,0.028,borrow,53,959,0.0,2,-0.6,-0.6,-0.6089842,0.9677417,0.107710555,0.107710555,1.0,0.0030158956,0.028,0.0,0.012,0.6,0.6,-27.06953,2.1290743,0.70969146,0.23200001,0.0,0.15060565,0.0,0.0
hardzero_only__c0p58__z1p00__lam0p000__nu0p50__psi0p00,0.028,borrow,53,960,0.0,2,-0.6,-0.6,-0.6090397,0.975818,0.105726056,0.105726056,1.0,0.0029603296,0.028,0.0,0.012,0.6,0.6,-26.569885,2.1468425,0.7156142,0.17600001,0.0,0.14507096,0.0,0.0
hardzero_only__c0p58__z1p00__lam0p000__nu0p50__psi0p00,0.028,borrow,53,961,0.0,2,-0.6,-0.6,-0.6088015,0.9422061,0.11423362,0.11423362,1.0,0.0031985415,0.028,0.0,0.012,0.6,0.6,-25.873962,2.0728948,0.69096494,0.216,0.0,0.14857128,0.0,0.0
hardzero_only__c0p58__z1p00__lam0p000__nu0p50__psi0p00,0.028,borrow,53,962,0.0,2,-0.6,-0.6,-0.6091558,0.99318665,0.10158121,0.10158121,1.0,0.0028442738,0.028,0.0,0.012,0.6,0.6,-27.072416,2.1850543,0.7283515,0.22999999,0.01,0.1402925,0.0,0.0
hardzero_only__c0p58__z1p00__lam0p000__nu0p50__psi0p00,0.028,borrow,53,963,0.0,2,-0.6,-0.6,-0.6090901,0.98327506,0.10392617,0.10392617,1.0,0.0029099328,0.028,0.0,0.012,0.6,0.6,-26.88186,2.1632483,0.7210828,0.112,0.0,0.14267236,0.0,0.0
hardzero_only__c0p58__z1p00__lam0p000__nu0p50__psi0p00,0.028,borrow,53,964,0.0,2,-0.6,-0.6,-0.6091221,0.9880727,0.10278443,0.10278443,1.0,0.0028779642,0.028,0.0,0.012,0.6,0.6,-25.904427,2.1738033,0.72460115,0.128,0.0,0.14214015,0.0,0.0
hardzero_only__c0p58__z1p00__lam0p000__nu0p50__psi0p00,0.028,borrow,53,965,0.0,2,-0.6,-0.6,-0.61200005,1.005938,0.0,0.098642014,0.0,0.0,0.028,0.0,0.012,0.6,0.6,-26.77065,2.2131078,0.7377026,0.18400002,0.0,0.1589071,0.0,0.0
hardzero_only__c0p58__z1p00__lam0p000__nu0p50__psi0p00,0.028,borrow,53,966,0.0,2,-0.6,-0.6,-0.61200005,1.0018488,0.0,0.09957521,0.0,0.0,0.028,0.0,0.012,0.6,0.6,-27.05107,2.2041113,0.7347038,0.192,0.0,0.1446305,0.0,0.0
hardzero_only__c0p58__z1p00__lam0p000__nu0p50__psi0p00,0.028,borrow,53,967,0.0,2,-0.6,-0.6,-0.61200005,1.0124048,0.0,0.0971841,0.0,0.0,0.028,0.0,0.012,0.6,0.6,-27.269331,2.227335,0.742445,0.192,0.0,0.13747384,0.0,0.0
hardzero_only__c0p58__z1p00__lam0p000__nu0p50__psi0p00,0.028,borrow,53,968,0.0,2,-0.6,-0.6,-0.60906273,0.97920704,0.10490421,0.10490421,1.0,0.002937318,0.028,0.0,0.012,0.6,0.6,-27.20147,2.1542985,0.71809953,0.128,0.0,0.14720272,0.0,0.0
hardzero_only__c0p58__z1p00__lam0p000__nu0p50__psi0p00,0.028,borrow,53,969,0.0,2,-0.6,-0.6,-0.6087591,0.93648875,0.11574739,0.11574739,1.0,0.0032409271,0.028,0.0,0.012,0.6,0.6,-26.157326,2.0603163,0.6867721,0.15200001,0.0,0.14172344,0.0,0.0
hardzero_only__c0p58__z1p00__lam0p000__nu0p50__psi0p00,0.028,borrow,53,970,0.0,2,-0.6,-0.6,-0.60909134,0.98345655,0.10388274,0.10388274,1.0,0.0029087167,0.028,0.0,0.012,0.6,0.6,-26.66829,2.1636477,0.7212159,0.24800001,0.0,0.14390285,0.0,0.0
hardzero_only__c0p58__z1p00__lam0p000__nu0p50__psi0p00,0.028,borrow,53,971,0.0,2,-0.6,-0.6,-0.60903746,0.9754893,0.10580609,0.10580609,1.0,0.0029625706,0.028,0.0,0.012,0.6,0.6,-26.253946,2.1461194,0.71537316,0.256,0.0,0.16665779,0.0,0.0
hardzero_only__c0p58__z1p00__lam0p000__nu0p50__psi0p00,0.028,borrow,53,972,0.0,2,-0.6,-0.6,-0.60905766,0.97846127,0.10508452,0.10508452,1.0,0.0029423668,0.028,0.0,0.012,0.6,0.6,-26.180513,2.1526577,0.7175526,0.16000001,0.0,0.1466955,0.0,0.0
hardzero_only__c0p58__z1p00__lam0p000__nu0p50__psi0p00,0.028,borrow,53,973,0.0,2,-0.6,-0.6,-0.61200005,1.018469,0.0,0.09583651,0.0,0.0,0.028,0.0,0.012,0.6,0.6,-27.685652,2.2406764,0.74689215,0.2,0.0,0.17228481,0.0,0.0
hardzero_only__c0p58__z1p00__lam0p000__nu0p50__psi0p00,0.028,borrow,53,974,0.0,2,-0.6,-0.6,-0.61200005,1.005492,0.0,0.098743394,0.0,0.0,0.028,0.0,0.012,0.6,0.6,-27.031658,2.2121265,0.7373755,0.18400002,0.008,0.14655742,0.0,0.0
hardzero_only__c0p58__z1p00__lam0p000__nu0p50__psi0p00,0.028,borrow,53,975,0.0,2,-0.6,-0.6,-0.60913944,0.99069893,0.10216474,0.10216474,1.0,0.0028606127,0.028,0.0,0.012,0.6,0.6,-27.4915,2.1795812,0.7265271,0.19,0.0,0.1377584,0.0,0.0
hardzero_only__c0p58__z1p00__lam0p000__nu0p50__psi0p00,0.028,borrow,53,976,0.0,2,-0.6,-0.6,-0.61200005,1.0151322,0.0,0.09657568,0.0,0.0,0.028,0.0,0.012,0.6,0.6,-27.375505,2.2333355,0.7444452,0.18400002,0.0,0.16546313,0.0,0.0
hardzero_only__c0p58__z1p00__lam0p000__nu0p50__psi0p00,0.028,borrow,53,977,0.0,2,-0.6,-0.6,-0.60904086,0.97598416,0.10568561,0.10568561,1.0,0.0029591972,0.028,0.0,0.012,0.6,0.6,-26.606686,2.147208,0.71573603,0.16000001,0.0,0.13937013,0.0,0.0
hardzero_only__c0p58__z1p00__lam0p000__nu0p50__psi0p00,0.028,borrow,53,978,0.0,2,-0.6,-0.6,-0.6088119,0.94362366,0.113861345,0.113861345,1.0,0.0031881176,0.028,0.0,0.012,0.6,0.6,-25.506622,2.0760136,0.69200456,0.2,0.0,0.14446661,0.0,0.0
hardzero_only__c0p58__z1p00__lam0p000__nu0p50__psi0p00,0.028,borrow,53,979,0.0,2,-0.6,-0.6,-0.6087892,0.94053733,0.11467339,0.11467339,1.0,0.003210855,0.028,0.0,0.012,0.6,0.6,-25.561903,2.0692234,0.68974113,0.224,0.0,0.14435819,0.0,0.0
hardzero_only__c0p58__z1p00__lam0p000__nu0p50__psi0p00,0.028,borrow,53,980,0.0,2,-0.6,-0.6,-0.60893434,0.9606305,0.10948877,0.10948877,1.0,0.0030656857,0.028,0.0,0.012,0.6,0.6,-27.273548,2.1134293,0.7044765,0.2,0.0,0.15419629,0.0,0.0
hardzero_only__c0p58__z1p00__lam0p000__nu0p50__psi0p00,0.028,borrow,53,981,0.0,2,-0.6,-0.6,-0.6091598,0.9938068,0.101436265,0.101436265,1.0,0.0028402156,0.028,0.0,0.012,0.6,0.6,-26.829329,2.1864185,0.7288062,0.17600001,0.0,0.1498258,0.0,0.0
hardzero_only__c0p58__z1p00__lam0p000__nu0p50__psi0p00,0.028,borrow,53,982,0.0,2,-0.6,-0.6,-0.60919416,0.99908483,0.100210935,0.100210935,1.0,0.0028059063,0.028,0.0,0.012,0.6,0.6,-26.299051,2.1980305,0.73267686,0.15200001,0.0,0.14506677,0.0,0.0
hardzero_only__c0p58__z1p00__lam0p000__nu0p50__psi0p00,0.028,borrow,53,983,0.0,2,-0.6,-0.6,-0.61200005,1.0434328,0.0,0.09048303,0.0,0.0,0.028,0.0,0.012,0.6,0.6,-27.725117,2.295598,0.76519936,0.120000005,0.0,0.18896708,0.0,0.0
hardzero_only__c0p58__z1p00__lam0p000__nu0p50__psi0p00,0.028,borrow,53,984,0.0,2,-0.6,-0.6,-0.61200005,1.013443,0.0,0.09695204,0.0,0.0,0.028,0.0,0.012,0.6,0.6,-26.550781,2.229619,0.7432064,0.16000001,0.0,0.15421423,0.0,0.0
hardzero_only__c0p58__z1p00__lam0p000__nu0p50__psi0p00,0.028,borrow,53,985,0.0,2,-0.6,-0.6,-0.61200005,1.0158794,0.0,0.09640967,0.0,0.0,0.028,0.0,0.012,0.6,0.6,-27.178587,2.2349794,0.74499315,0.15200001,0.0,0.12825719,0.0,0.0
hardzero_only__c0p58__z1p00__lam0p000__nu0p50__psi0p00,0.028,borrow,53,986,0.0,2,-0.6,-0.6,-0.60908014,0.98178506,0.10428333,0.10428333,1.0,0.0029199333,0.028,0.0,0.012,0.6,0.6,-26.57285,2.1599703,0.71999013,0.224,0.0,0.14020997,0.0,0.0
hardzero_only__c0p58__z1p00__lam0p000__nu0p50__psi0p00,0.028,borrow,53,987,0.0,2,-0.6,-0.6,-0.6090376,0.9755084,0.10580145,0.10580145,1.0,0.0029624407,0.028,0.0,0.012,0.6,0.6,-27.003845,2.1461613,0.7153871,0.192,0.0,0.152858,0.0,0.0
hardzero_only__c0p58__z1p00__lam0p000__nu0p50__psi0p00,0.028,borrow,53,988,0.0,2,-0.6,-0.6,-0.60916847,0.9951269,0.101128384,0.101128384,1.0,0.0028315948,0.028,0.0,0.012,0.6,0.6,-27.139854,2.189323,0.72977436,0.17999999,0.0,0.12515564,0.0,0.0
hardzero_only__c0p58__z1p00__lam0p000__nu0p50__psi0p00,0.028,borrow,53,989,0.0,2,-0.6,-0.6,-0.60916454,0.9945283,0.10126787,0.10126787,1.0,0.0028355003,0.028,0.0,0.012,0.6,0.6,-27.062044,2.188006,0.7293353,0.224,0.0,0.1502688,0.0,0.0
hardzero_only__c0p58__z1p00__lam0p000__nu0p50__psi0p00,0.028,borrow,53,990,0.0,2,-0.6,-0.6,-0.6091706,0.9954629,0.101050176,0.101050176,1.0,0.002829405,0.028,0.0,0.012,0.6,0.6,-26.042576,2.190062,0.7300207,0.136,0.0,0.12759034,0.0,0.0
hardzero_only__c0p58__z1p00__lam0p000__nu0p50__psi0p00,0.028,borrow,53,991,0.0,2,-0.6,-0.6,-0.6090411,0.9760176,0.10567746,0.10567746,1.0,0.002958969,0.028,0.0,0.012,0.6,0.6,-26.476986,2.1472816,0.7157606,0.136,0.0,0.12143118,0.0,0.0
hardzero_only__c0p58__z1p00__lam0p000__nu0p50__psi0p00,0.028,borrow,53,992,0.0,2,-0.6,-0.6,-0.60906833,0.98003644,0.10470407,0.10470407,1.0,0.002931714,0.028,0.0,0.012,0.6,0.6,-26.831167,2.1561232,0.71870774,0.192,0.0,0.14737862,0.0,0.0
hardzero_only__c0p58__z1p00__lam0p000__nu0p50__psi0p00,0.028,borrow,53,993,0.0,2,-0.6,-0.6,-0.61200005,1.0106552,0.0,0.0975764,0.0,0.0,0.028,0.0,0.012,0.6,0.6,-26.842024,2.2234857,0.74116194,0.15200001,0.0,0.16345057,0.0,0.0
hardzero_only__c0p58__z1p00__lam0p000__nu0p50__psi0p00,0.028,borrow,53,994,0.0,2,-0.6,-0.6,-0.60912204,0.9880686,0.10278541,0.10278541,1.0,0.0028779914,0.028,0.0,0.012,0.6,0.6,-27.132063,2.1737943,0.7245981,0.192,0.0,0.13624673,0.0,0.0
hardzero_only__c0p58__z1p00__lam0p000__nu0p50__psi0p00,0.028,borrow,53,995,0.0,2,-0.6,-0.6,-0.60914755,0.9919288,0.10187582,0.10187582,1.0,0.002852523,0.028,0.0,0.012,0.6,0.6,-26.303282,2.182287,0.72742903,0.136,0.0,0.1253979,0.0,0.0
hardzero_only__c0p58__z1p00__lam0p000__nu0p50__psi0p00,0.028,borrow,53,996,0.0,2,-0.6,-0.6,-0.60901034,0.9715311,0.106774814,0.106774814,1.0,0.002989695,0.028,0.0,0.012,0.6,0.6,-26.416534,2.137411,0.7124704,0.2,0.0,0.128795,0.0,0.0
hardzero_only__c0p58__z1p00__lam0p000__nu0p50__psi0p00,0.028,borrow,53,997,0.0,2,-0.6,-0.6,-0.61200005,1.0031209,0.0,0.099283956,0.0,0.0,0.028,0.0,0.012,0.6,0.6,-26.602795,2.2069101,0.7356367,0.15200001,0.0,0.13380694,0.0,0.0
hardzero_only__c0p58__z1p00__lam0p000__nu0p50__psi0p00,0.028,borrow,53,998,0.0,2,-0.6,-0.6,-0.6089444,0.96205527,0.10913014,0.10913014,1.0,0.003055644,0.028,0.0,0.012,0.6,0.6,-26.317556,2.1165638,0.7055213,0.23200001,0.0,0.12031263,0.0,0.0
hardzero_only__c0p58__z1p00__lam0p000__nu0p50__psi0p00,0.028,borrow,53,999,0.0,2,-0.6,-0.6,-0.61200005,1.0162331,0.0,0.09633119,0.0,0.0,0.028,0.0,0.012,0.6,0.6,-26.461845,2.2357574,0.7452525,0.136,0.0,0.13710645,0.0,0.0
hardzero_only__c0p58__z1p00__lam0p000__nu0p50__psi0p00,0.028,borrow,53,1000,0.0,2,-0.6,-0.6,-0.61200005,1.0069228,0.0,0.098418586,0.0,0.0,0.028,0.0,0.012,0.6,0.6,-27.465387,2.2152746,0.7384249,0.14400001,0.0,0.13391241,0.0,0.0
hardzero_only__c0p58__z1p00__lam0p000__nu0p50__psi0p00,0.028,borrow,53,1001,0.0,2,-0.6,-0.6,-0.6089417,0.9616697,0.10922707,0.10922707,1.0,0.003058358,0.028,0.0,0.012,0.6,0.6,-26.444712,2.1157155,0.7052385,0.17999999,0.01,0.14221415,0.0,0.0
hardzero_only__c0p58__z1p00__lam0p000__nu0p50__psi0p00,0.028,borrow,53,1002,0.0,2,-0.6,-0.6,-0.6091852,0.9977061,0.10052959,0.10052959,1.0,0.0028148287,0.028,0.0,0.012,0.6,0.6,-27.12182,2.1949973,0.7316658,0.112,0.0,0.14539136,0.0,0.0
hardzero_only__c0p58__z1p00__lam0p000__nu0p50__psi0p00,0.028,borrow,53,1003,0.0,2,-0.6,-0.6,-0.61200005,1.0056254,0.0,0.09871307,0.0,0.0,0.028,0.0,0.012,0.6,0.6,-27.016474,2.21242,0.73747337,0.2,0.0,0.13535132,0.0,0.0
hardzero_only__c0p58__z1p00__lam0p000__nu0p50__psi0p00,0.028,borrow,53,1004,0.0,2,-0.6,-0.6,-0.60898054,0.967218,0.107840516,0.107840516,1.0,0.0030195345,0.028,0.0,0.012,0.6,0.6,-25.484234,2.127922,0.7093074,0.14400001,0.0,0.120802425,0.0,0.0
hardzero_only__c0p58__z1p00__lam0p000__nu0p50__psi0p00,0.028,borrow,53,1005,0.0,2,-0.6,-0.6,-0.61200005,1.0200827,0.0,0.09548106,0.0,0.0,0.028,0.0,0.012,0.6,0.6,-27.298119,2.2442267,0.7480756,0.192,0.0,0.1798905,0.0,0.0
hardzero_only__c0p58__z1p00__lam0p000__nu0p50__psi0p00,0.028,borrow,53,1006,0.0,2,-0.6,-0.6,-0.6089007,0.95588726,0.110691085,0.110691085,1.0,0.0030993505,0.028,0.0,0.012,0.6,0.6,-26.629128,2.102994,0.700998,0.16000001,0.0,0.13172255,0.0,0.0
hardzero_only__c0p58__z1p00__lam0p000__nu0p50__psi0p00,0.028,borrow,53,1007,0.0,2,-0.6,-0.6,-0.61200005,1.0095031,0.0,0.09783558,0.0,0.0,0.028,0.0,0.012,0.6,0.6,-27.52317,2.2209513,0.7403171,0.15200001,0.0,0.16884342,0.0,0.0
hardzero_only__c0p58__z1p00__lam0p000__nu0p50__psi0p00,0.028,borrow,53,1008,0.0,2,-0.6,-0.6,-0.60911614,0.98717743,0.10299652,0.10299652,1.0,0.0028839028,0.028,0.0,0.012,0.6,0.6,-27.222486,2.1718338,0.7239446,0.136,0.0,0.1457927,0.0,0.0
hardzero_only__c0p58__z1p00__lam0p000__nu0p50__psi0p00,0.028,borrow,53,1009,0.0,2,-0.6,-0.6,-0.6090399,0.9758466,0.105719075,0.105719075,1.0,0.002960134,0.028,0.0,0.012,0.6,0.6,-25.994284,2.1469054,0.7156352,0.224,0.0,0.13565147,0.0,0.0
hardzero_only__c0p58__z1p00__lam0p000__nu0p50__psi0p00,0.028,borrow,53,1010,0.0,2,-0.6,-0.6,-0.61200005,1.0171078,0.0,0.09613735,0.0,0.0,0.028,0.0,0.012,0.6,0.6,-27.60966,2.2376819,0.74589396,0.14400001,0.0,0.14223555,0.0,0.0
hardzero_only__c0p58__z1p00__lam0p000__nu0p50__psi0p00,0.028,borrow,53,1011,0.0,2,-0.6,-0.6,-0.61200005,1.0272964,0.0,0.093908206,0.0,0.0,0.028,0.0,0.012,0.6,0.6,-28.213297,2.2600973,0.75336576,0.15200001,0.0,0.15465258,0.0,0.0
hardzero_only__c0p58__z1p00__lam0p000__nu0p50__psi0p00,0.028,borrow,53,1012,0.0,2,-0.6,-0.6,-0.61200005,1.0024585,0.0,0.099435516,0.0,0.0,0.028,0.0,0.012,0.6,0.6,-27.34609,2.2054527,0.73515093,0.128,0.0,0.12642694,0.0,0.0
hardzero_only__c0p58__z1p00__lam0p000__nu0p50__psi0p00,0.028,borrow,53,1013,0.0,2,-0.6,-0.6,-0.6088154,0.9440903,0.113739066,0.113739066,1.0,0.0031846939,0.028,0.0,0.012,0.6,0.6,-26.050428,2.0770402,0.69234675,0.216,0.008,0.14026614,0.0,0.0
hardzero_only__c0p58__z1p00__lam0p000__nu0p50__psi0p00,0.028,borrow,53,1014,0.0,2,-0.6,-0.6,-0.61200005,1.0156132,0.0,0.096468784,0.0,0.0,0.028,0.0,0.012,0.6,0.6,-27.478474,2.2343936,0.7447979,0.089999996,0.0,0.16396688,0.0,0.0
hardzero_only__c0p58__z1p00__lam0p000__nu0p50__psi0p00,0.028,borrow,53,1015,0.0,2,-0.6,-0.6,-0.6087682,0.93771416,0.11542127,0.11542127,1.0,0.0032317957,0.028,0.0,0.012,0.6,0.6,-25.39219,2.0630124,0.6876708,0.216,0.0,0.11534764,0.0,0.0
hardzero_only__c0p58__z1p00__lam0p000__nu0p50__psi0p00,0.028,borrow,53,1016,0.0,2,-0.6,-0.6,-0.61200005,1.0075413,0.0,0.09827854,0.0,0.0,0.028,0.0,0.012,0.6,0.6,-26.95053,2.216635,0.73887837,0.16800001,0.0,0.14859286,0.0,0.0
hardzero_only__c0p58__z1p00__lam0p000__nu0p50__psi0p00,0.028,borrow,53,1017,0.0,2,-0.6,-0.6,-0.61200005,1.0001659,0.0,0.09996178,0.0,0.0,0.028,0.0,0.012,0.6,0.6,-26.441923,2.200409,0.73346967,0.128,0.0,0.14543514,0.0,0.0
hardzero_only__c0p58__z1p00__lam0p000__nu0p50__psi0p00,0.028,borrow,53,1018,0.0,2,-0.6,-0.6,-0.61200005,1.0072478,0.0,0.09834499,0.0,0.0,0.028,0.0,0.012,0.6,0.6,-27.167452,2.2159894,0.73866314,0.17600001,0.0,0.13983038,0.0,0.0
hardzero_only__c0p58__z1p00__lam0p000__nu0p50__psi0p00,0.028,borrow,53,1019,0.0,2,-0.6,-0.6,-0.6091924,0.9988092,0.10027456,0.10027456,1.0,0.0028076877,0.028,0.0,0.012,0.6,0.6,-26.390896,2.1974242,0.73247474,0.16000001,0.0,0.14956999,0.0,0.0
hardzero_only__c0p58__z1p00__lam0p000__nu0p50__psi0p00,0.028,borrow,53,1020,0.0,2,-0.6,-0.6,-0.60912806,0.9889792,0.1025701,0.1025701,1.0,0.002871963,0.028,0.0,0.012,0.6,0.6,-27.186876,2.1757977,0.7252659,0.16800001,0.0,0.1688193,0.0,0.0
hardzero_only__c0p58__z1p00__lam0p000__nu0p50__psi0p00,0.028,borrow,53,1021,0.0,2,-0.6,-0.6,-0.6088284,0.9458755,0.11327249,0.11327249,1.0,0.0031716297,0.028,0.0,0.012,0.6,0.6,-26.024221,2.0809677,0.6936559,0.17600001,0.0,0.11441587,0.0,0.0
hardzero_only__c0p58__z1p00__lam0p000__nu0p50__psi0p00,0.028,borrow,53,1022,0.0,2,-0.6,-0.6,-0.60897905,0.96700907,0.107892424,0.107892424,1.0,0.0030209878,0.028,0.0,0.012,0.6,0.6,-25.881954,2.1274624,0.7091541,0.17600001,0.0,0.13457902,0.0,0.0
hardzero_only__c0p58__z1p00__lam0p000__nu0p50__psi0p00,0.028,borrow,53,1023,0.0,2,-0.6,-0.6,-0.608946,0.9622852,0.10907239,0.10907239,1.0,0.003054027,0.028,0.0,0.012,0.6,0.6,-26.530909,2.1170697,0.7056899,0.16800001,0.0,0.11466207,0.0,0.0
hardzero_only__c0p58__z1p00__lam0p000__nu0p50__psi0p00,0.028,borrow,53,1024,0.0,2,-0.6,-0.6,-0.6090967,0.9842635,0.1036899,0.1036899,1.0,0.0029033173,0.028,0.0,0.012,0.6,0.6,-26.603636,2.165423,0.72180766,0.16000001,0.0,0.1150996,0.0,0.0
hardzero_only__c0p58__z1p00__lam0p000__nu0p50__psi0p00,0.028,borrow,53,1025,0.0,2,-0.6,-0.6,-0.61200005,1.0085356,0.0,0.09805378,0.0,0.0,0.028,0.0,0.012,0.6,0.6,-26.575138,2.2188227,0.7396076,0.2,0.0,0.14926311,0.0,0.0
hardzero_only__c0p58__z1p00__lam0p000__nu0p50__psi0p00,0.028,borrow,53,1026,0.0,2,-0.6,-0.6,-0.6087898,0.9406204,0.114651464,0.114651464,1.0,0.003210241,0.028,0.0,0.012,0.6,0.6,-25.695108,2.0694063,0.6898021,0.17600001,0.0,0.12358142,0.0,0.0
hardzero_only__c0p58__z1p00__lam0p000__nu0p50__psi0p00,0.028,borrow,53,1027,0.0,2,-0.6,-0.6,-0.61200005,1.0256082,0.0,0.09427398,0.0,0.0,0.028,0.0,0.012,0.6,0.6,-27.88815,2.2563832,0.75212777,0.14999999,0.0,0.1304601,0.0,0.0
hardzero_only__c0p58__z1p00__lam0p000__nu0p50__psi0p00,0.028,borrow,53,1028,0.0,2,-0.6,-0.6,-0.6088774,0.9526354,0.11152303,0.11152303,1.0,0.003122645,0.028,0.0,0.012,0.6,0.6,-25.614943,2.0958397,0.6986133,0.2,0.0,0.139111,0.0,0.0
hardzero_only__c0p58__z1p00__lam0p000__nu0p50__psi0p00,0.028,borrow,53,1029,0.0,2,-0.6,-0.6,-0.61200005,1.0300537,0.0,0.09331388,0.0,0.0,0.028,0.0,0.012,0.6,0.6,-27.40195,2.2661633,0.7553878,0.112,0.0,0.13932288,0.0,0.0
hardzero_only__c0p58__z1p00__lam0p000__nu0p50__psi0p00,0.028,borrow,53,1030,0.0,2,-0.6,-0.6,-0.61200005,1.031141,0.0,0.09308056,0.0,0.0,0.028,0.0,0.012,0.6,0.6,-27.54632,2.2685556,0.75618523,0.128,0.0,0.17949589,0.0,0.0
hardzero_only__c0p58__z1p00__lam0p000__nu0p50__psi0p00,0.028,borrow,53,1031,0.0,2,-0.6,-0.6,-0.61200005,1.039376,0.0,0.09133222,0.0,0.0,0.028,0.0,0.012,0.6,0.6,-27.878162,2.2866728,0.7622243,0.120000005,0.0,0.15037194,0.0,0.0
hardzero_only__c0p58__z1p00__lam0p000__nu0p50__psi0p00,0.028,borrow,53,1032,0.0,2,-0.6,-0.6,-0.6090452,0.97662264,0.10553035,0.10553035,1.0,0.00295485,0.028,0.0,0.012,0.6,0.6,-27.370932,2.1486127,0.7162043,0.256,0.0,0.1522948,0.0,0.0
hardzero_only__c0p58__z1p00__lam0p000__nu0p50__psi0p00,0.028,borrow,53,1033,0.0,2,-0.6,-0.6,-0.60897976,0.9671135,0.107866466,0.107866466,1.0,0.0030202612,0.028,0.0,0.012,0.6,0.6,-26.330833,2.1276922,0.7092308,0.18400002,0.0,0.12611681,0.0,0.0
hardzero_only__c0p58__z1p00__lam0p000__nu0p50__psi0p00,0.028,borrow,53,1034,0.0,2,-0.6,-0.6,-0.6088965,0.95529544,0.11084204,0.11084204,1.0,0.0031035773,0.028,0.0,0.012,0.6,0.6,-25.310177,2.101692,0.700564,0.2,0.0,0.13196023,0.0,0.0
hardzero_only__c0p58__z1p00__lam0p000__nu0p50__psi0p00,0.028,borrow,53,1035,0.0,2,-0.6,-0.6,-0.60918033,0.99695545,0.100703485,0.100703485,1.0,0.0028196976,0.028,0.0,0.012,0.6,0.6,-26.734337,2.1933458,0.7311153,0.216,0.0,0.13159949,0.0,0.0
hardzero_only__c0p58__z1p00__lam0p000__nu0p50__psi0p00,0.028,borrow,53,1036,0.0,2,-0.6,-0.6,-0.60919464,0.99916196,0.10019316,0.10019316,1.0,0.0028054086,0.028,0.0,0.012,0.6,0.6,-27.383965,2.1982002,0.7327334,0.208,0.0,0.15224932,0.0,0.0
hardzero_only__c0p58__z1p00__lam0p000__nu0p50__psi0p00,0.028,borrow,53,1037,0.0,2,-0.6,-0.6,-0.6089739,0.9662676,0.10807678,0.10807678,1.0,0.00302615,0.028,0.0,0.012,0.6,0.6,-27.01941,2.1258311,0.7086104,0.2,0.0,0.14992245,0.0,0.0
hardzero_only__c0p58__z1p00__lam0p000__nu0p50__psi0p00,0.028,borrow,53,1038,0.0,2,-0.6,-0.6,-0.61200005,1.0306847,0.0,0.09317841,0.0,0.0,0.028,0.0,0.012,0.6,0.6,-27.433022,2.2675517,0.75585055,0.224,0.0,0.15183714,0.0,0.0
hardzero_only__c0p58__z1p00__lam0p000__nu0p50__psi0p00,0.028,borrow,53,1039,0.0,2,-0.6,-0.6,-0.6090984,0.9845125,0.10363047,0.10363047,1.0,0.0029016533,0.028,0.0,0.012,0.6,0.6,-26.412271,2.1659708,0.7219903,0.112,0.0,0.14746462,0.0,0.0
hardzero_only__c0p58__z1p00__lam0p000__nu0p50__psi0p00,0.028,borrow,53,1040,0.0,2,-0.6,-0.6,-0.6090752,0.98105043,0.10445989,0.10445989,1.0,0.002924877,0.028,0.0,0.012,0.6,0.6,-27.224977,2.158354,0.71945137,0.21,0.0,0.15758564,0.0,0.0
hardzero_only__c0p58__z1p00__lam0p000__nu0p50__psi0p00,0.028,borrow,53,1041,0.0,2,-0.6,-0.6,-0.608819,0.9445878,0.11360883,0.11360883,1.0,0.0031810473,0.028,0.0,0.012,0.6,0.6,-24.923328,2.0781348,0.6927116,0.16800001,0.0,0.12499539,0.0,0.0
hardzero_only__c0p58__z1p00__lam0p000__nu0p50__psi0p00,0.028,borrow,53,1042,0.0,2,-0.6,-0.6,-0.609149,0.99214846,0.10182431,0.10182431,1.0,0.0028510808,0.028,0.0,0.012,0.6,0.6,-26.424505,2.1827703,0.7275901,0.15200001,0.0,0.13411255,0.0,0.0
hardzero_only__c0p58__z1p00__lam0p000__nu0p50__psi0p00,0.028,borrow,53,1043,0.0,2,-0.6,-0.6,-0.61200005,1.013726,0.0,0.0968889,0.0,0.0,0.028,0.0,0.012,0.6,0.6,-27.0101,2.2302418,0.7434139,0.120000005,0.0,0.14216653,0.0,0.0
hardzero_only__c0p58__z1p00__lam0p000__nu0p50__psi0p00,0.028,borrow,53,1044,0.0,2,-0.6,-0.6,-0.6089571,0.9638627,0.10867692,0.10867692,1.0,0.0030429538,0.028,0.0,0.012,0.6,0.6,-26.297148,2.1205404,0.70684683,0.16800001,0.0,0.1401602,0.0,0.0
hardzero_only__c0p58__z1p00__lam0p000__nu0p50__psi0p00,0.028,borrow,53,1045,0.0,2,-0.6,-0.6,-0.60906273,0.97920316,0.104905136,0.104905136,1.0,0.002937344,0.028,0.0,0.012,0.6,0.6,-26.544056,2.15429,0.7180967,0.128,0.0,0.12961489,0.0,0.0
hardzero_only__c0p58__z1p00__lam0p000__nu0p50__psi0p00,0.028,borrow,53,1046,0.0,2,-0.6,-0.6,-0.61200005,1.0142741,0.0,0.09676668,0.0,0.0,0.028,0.0,0.012,0.6,0.6,-27.280075,2.2314477,0.7438159,0.16000001,0.0,0.14028046,0.0,0.0
hardzero_only__c0p58__z1p00__lam0p000__nu0p50__psi0p00,0.028,borrow,53,1047,0.0,2,-0.6,-0.6,-0.60876065,0.93669116,0.11569346,0.11569346,1.0,0.003239417,0.028,0.0,0.012,0.6,0.6,-25.388832,2.0607617,0.6869206,0.14400001,0.0,0.1187035,0.0,0.0
hardzero_only__c0p58__z1p00__lam0p000__nu0p50__psi0p00,0.028,borrow,53,1048,0.0,2,-0.6,-0.6,-0.6091124,0.9866098,0.10313122,0.10313122,1.0,0.0028876741,0.028,0.0,0.012,0.6,0.6,-26.647951,2.170585,0.7235283,0.2,0.0,0.14685018,0.0,0.0
hardzero_only__c0p58__z1p00__lam0p000__nu0p50__psi0p00,0.028,borrow,53,1049,0.0,2,-0.6,-0.6,-0.61200005,1.0064518,0.0,0.09852539,0.0,0.0,0.028,0.0,0.012,0.6,0.6,-26.759628,2.2142382,0.7380794,0.16000001,0.0,0.13051705,0.0,0.0
hardzero_only__c0p58__z1p00__lam0p000__nu0p50__psi0p00,0.028,borrow,53,1050,0.0,2,-0.6,-0.6,-0.6090474,0.9769481,0.10545128,0.10545128,1.0,0.002952636,0.028,0.0,0.012,0.6,0.6,-26.304636,2.1493287,0.71644294,0.192,0.0,0.12838362,0.0,0.0
hardzero_only__c0p58__z1p00__lam0p000__nu0p50__psi0p00,0.028,borrow,53,1051,0.0,2,-0.6,-0.6,-0.61200005,1.0214471,0.0,0.09518159,0.0,0.0,0.028,0.0,0.012,0.6,0.6,-27.387823,2.2472284,0.7490761,0.128,0.0,0.1353845,0.0,0.0
hardzero_only__c0p58__z1p00__lam0p000__nu0p50__psi0p00,0.028,borrow,53,1052,0.0,2,-0.6,-0.6,-0.60866624,0.9242184,0.1190643,0.1190643,1.0,0.0033338005,0.028,0.0,0.012,0.6,0.6,-25.9494,2.0333211,0.6777737,0.2,0.0,0.13820931,0.0,0.0
hardzero_only__c0p58__z1p00__lam0p000__nu0p50__psi0p00,0.028,borrow,53,1053,0.0,2,-0.6,-0.6,-0.60877883,0.93913704,0.11504373,0.11504373,1.0,0.0032212245,0.028,0.0,0.012,0.6,0.6,-25.71388,2.0661428,0.68871427,0.21,0.0,0.12771462,0.0,0.0
hardzero_only__c0p58__z1p00__lam0p000__nu0p50__psi0p00,0.028,borrow,53,1054,0.0,2,-0.6,-0.6,-0.6091516,0.9925511,0.101729974,0.101729974,1.0,0.0028484394,0.028,0.0,0.012,0.6,0.6,-26.881924,2.183656,0.72788537,0.17600001,0.0,0.15759245,0.0,0.0
hardzero_only__c0p58__z1p00__lam0p000__nu0p50__psi0p00,0.028,borrow,53,1055,0.0,2,-0.6,-0.6,-0.61200005,1.0286953,0.0,0.09360621,0.0,0.0,0.028,0.0,0.012,0.6,0.6,-27.996906,2.263175,0.7543917,0.128,0.0,0.15677957,0.0,0.0
hardzero_only__c0p58__z1p00__lam0p000__nu0p50__psi0p00,0.028,borrow,53,1056,0.0,2,-0.6,-0.6,-0.6087964,0.9415137,0.11441586,0.11441586,1.0,0.0032036442,0.028,0.0,0.012,0.6,0.6,-25.99457,2.0713716,0.6904572,0.15200001,0.008,0.13875033,0.0,0.0
hardzero_only__c0p58__z1p00__lam0p000__nu0p50__psi0p00,0.028,borrow,53,1057,0.0,2,-0.6,-0.6,-0.6088233,0.9451788,0.113454364,0.113454364,1.0,0.0031767222,0.028,0.0,0.012,0.6,0.6,-26.177387,2.0794349,0.693145,0.224,0.0,0.13078746,0.0,0.0
hardzero_only__c0p58__z1p00__lam0p000__nu0p50__psi0p00,0.028,borrow,53,1058,0.0,2,-0.6,-0.6,-0.60894454,0.96206987,0.10912646,0.10912646,1.0,0.003055541,0.028,0.0,0.012,0.6,0.6,-26.584034,2.116596,0.705532,0.18400002,0.008,0.15916565,0.0,0.0
hardzero_only__c0p58__z1p00__lam0p000__nu0p50__psi0p00,0.028,borrow,53,1059,0.0,2,-0.6,-0.6,-0.6089432,0.9618904,0.109171584,0.109171584,1.0,0.0030568044,0.028,0.0,0.012,0.6,0.6,-26.540583,2.1162012,0.7054004,0.17600001,0.0,0.14869627,0.0,0.0
hardzero_only__c0p58__z1p00__lam0p000__nu0p50__psi0p00,0.028,borrow,53,1060,0.0,2,-0.6,-0.6,-0.6091539,0.9929073,0.10164658,0.10164658,1.0,0.0028461043,0.028,0.0,0.012,0.6,0.6,-26.810982,2.1844397,0.72814655,0.14400001,0.0,0.12680216,0.0,0.0
hardzero_only__c0p58__z1p00__lam0p000__nu0p50__psi0p00,0.028,borrow,53,1061,0.0,2,-0.6,-0.6,-0.61200005,1.0310066,0.0,0.093109384,0.0,0.0,0.028,0.0,0.012,0.6,0.6,-27.556404,2.2682598,0.7560866,0.18400002,0.0,0.17021246,0.0,0.0
hardzero_only__c0p58__z1p00__lam0p000__nu0p50__psi0p00,0.028,borrow,53,1062,0.0,2,-0.6,-0.6,-0.608733,0.93299985,0.116680995,0.116680995,1.0,0.003267068,0.028,0.0,0.012,0.6,0.6,-25.619974,2.0526407,0.6842136,0.24000001,0.0,0.1258912,0.0,0.0
hardzero_only__c0p58__z1p00__lam0p000__nu0p50__psi0p00,0.028,borrow,53,1063,0.0,2,-0.6,-0.6,-0.61200005,1.0006475,0.0,0.099851,0.0,0.0,0.028,0.0,0.012,0.6,0.6,-27.376421,2.2014685,0.7338228,0.16800001,0.0,0.13664983,0.0,0.0
hardzero_only__c0p58__z1p00__lam0p000__nu0p50__psi0p00,0.028,borrow,53,1064,0.0,2,-0.6,-0.6,-0.61200005,1.0352216,0.0,0.09221008,0.0,0.0,0.028,0.0,0.012,0.6,0.6,-27.514992,2.2775328,0.7591776,0.096,0.0,0.14579798,0.0,0.0
hardzero_only__c0p58__z1p00__lam0p000__nu0p50__psi0p00,0.028,borrow,53,1065,0.0,2,-0.6,-0.6,-0.6091494,0.9922112,0.1018096,0.1018096,1.0,0.0028506687,0.028,0.0,0.012,0.6,0.6,-26.952328,2.1829083,0.7276361,0.192,0.0,0.16409993,0.0,0.0
hardzero_only__c0p58__z1p00__lam0p000__nu0p50__psi0p00,0.028,borrow,53,1066,0.0,2,-0.6,-0.6,-0.61200005,1.0166175,0.0,0.096245944,0.0,0.0,0.028,0.0,0.012,0.6,0.6,-27.613922,2.2366033,0.7455344,0.14,0.0,0.14898066,0.0,0.0
hardzero_only__c0p58__z1p00__lam0p000__nu0p50__psi0p00,0.028,borrow,53,1067,0.0,2,-0.6,-0.6,-0.61200005,1.033593,0.0,0.0925565,0.0,0.0,0.028,0.0,0.012,0.6,0.6,-28.250849,2.27395,0.7579834,0.15200001,0.0,0.152837,0.0,0.0
hardzero_only__c0p58__z1p00__lam0p000__nu0p50__psi0p00,0.028,borrow,53,1068,0.0,2,-0.6,-0.6,-0.61200005,1.009302,0.0,0.09788089,0.0,0.0,0.028,0.0,0.012,0.6,0.6,-27.289824,2.2205088,0.74016964,0.24000001,0.0,0.1513357,0.0,0.0
hardzero_only__c0p58__z1p00__lam0p000__nu0p50__psi0p00,0.028,borrow,53,1069,0.0,2,-0.6,-0.6,-0.60910004,0.98476046,0.10357133,0.10357133,1.0,0.0028999974,0.028,0.0,0.012,0.6,0.6,-26.830303,2.1665163,0.72217214,0.2,0.0,0.12679718,0.0,0.0
hardzero_only__c0p58__z1p00__lam0p000__nu0p50__psi0p00,0.028,borrow,53,1070,0.0,2,-0.6,-0.6,-0.6091287,0.9890776,0.10254685,0.10254685,1.0,0.0028713117,0.028,0.0,0.012,0.6,0.6,-27.21802,2.1760142,0.7253381,0.192,0.0,0.14430618,0.0,0.0
hardzero_only__c0p58__z1p00__lam0p000__nu0p50__psi0p00,0.028,borrow,53,1071,0.0,2,-0.6,-0.6,-0.61200005,1.0473944,0.0,0.08966141,0.0,0.0,0.028,0.0,0.012,0.6,0.6,-28.127485,2.3043137,0.76810455,0.14400001,0.0,0.14329956,0.0,0.0
hardzero_only__c0p58__z1p00__lam0p000__nu0p50__psi0p00,0.028,borrow,53,1072,0.0,2,-0.6,-0.6,-0.609113,0.9866988,0.10311008,0.10311008,1.0,0.0028870823,0.028,0.0,0.012,0.6,0.6,-26.82801,2.1707807,0.7235936,0.104,0.0,0.15686388,0.0,0.0
hardzero_only__c0p58__z1p00__lam0p000__nu0p50__psi0p00,0.028,borrow,53,1073,0.0,2,-0.6,-0.6,-0.609195,0.9992141,0.100181125,0.100181125,1.0,0.0028050717,0.028,0.0,0.012,0.6,0.6,-26.800655,2.198315,0.73277164,0.18400002,0.0,0.16559894,0.0,0.0
hardzero_only__c0p58__z1p00__lam0p000__nu0p50__psi0p00,0.028,borrow,53,1074,0.0,2,-0.6,-0.6,-0.60901004,0.97148323,0.10678661,0.10678661,1.0,0.002990025,0.028,0.0,0.012,0.6,0.6,-26.570513,2.1373057,0.71243525,0.216,0.0,0.1534049,0.0,0.0
hardzero_only__c0p58__z1p00__lam0p000__nu0p50__psi0p00,0.028,borrow,53,1075,0.0,2,-0.6,-0.6,-0.60912067,0.987859,0.102835014,0.102835014,1.0,0.0028793805,0.028,0.0,0.012,0.6,0.6,-26.810356,2.1733332,0.7244444,0.16000001,0.0,0.12516291,0.0,0.0
hardzero_only__c0p58__z1p00__lam0p000__nu0p50__psi0p00,0.028,borrow,53,1076,0.0,2,-0.6,-0.6,-0.6089278,0.9597026,0.109722935,0.109722935,1.0,0.0030722423,0.028,0.0,0.012,0.6,0.6,-25.781767,2.111388,0.703796,0.192,0.0,0.1339961,0.0,0.0
hardzero_only__c0p58__z1p00__lam0p000__nu0p50__psi0p00,0.028,borrow,53,1077,0.0,2,-0.6,-0.6,-0.6090953,0.9840425,0.10374268,0.10374268,1.0,0.002904795,0.028,0.0,0.012,0.6,0.6,-26.616165,2.1649368,0.7216456,0.128,0.0,0.17091516,0.0,0.0
hardzero_only__c0p58__z1p00__lam0p000__nu0p50__psi0p00,0.028,borrow,53,1078,0.0,2,-0.6,-0.6,-0.6091923,0.9987974,0.10027728,0.10027728,1.0,0.002807764,0.028,0.0,0.012,0.6,0.6,-27.031479,2.1973982,0.7324661,0.17600001,0.0,0.13882822,0.0,0.0
hardzero_only__c0p58__z1p00__lam0p000__nu0p50__psi0p00,0.028,borrow,53,1079,0.0,2,-0.6,-0.6,-0.6090619,0.97908145,0.10493455,0.10493455,1.0,0.0029381674,0.028,0.0,0.012,0.6,0.6,-26.097836,2.1540222,0.71800745,0.13,0.0,0.13193929,0.0,0.0
hardzero_only__c0p58__z1p00__lam0p000__nu0p50__psi0p00,0.028,borrow,53,1080,0.0,2,-0.6,-0.6,-0.6090625,0.979175,0.10491197,0.10491197,1.0,0.0029375353,0.028,0.0,0.012,0.6,0.6,-27.292185,2.154228,0.718076,0.192,0.008,0.15493383,0.0,0.0
hardzero_only__c0p58__z1p00__lam0p000__nu0p50__psi0p00,0.028,borrow,53,1081,0.0,2,-0.6,-0.6,-0.60913026,0.98930573,0.102492996,0.102492996,1.0,0.002869804,0.028,0.0,0.012,0.6,0.6,-27.145231,2.176516,0.72550535,0.2,0.0,0.12698086,0.0,0.0
hardzero_only__c0p58__z1p00__lam0p000__nu0p50__psi0p00,0.028,borrow,53,1082,0.0,2,-0.6,-0.6,-0.6090981,0.9844665,0.103641465,0.103641465,1.0,0.002901961,0.028,0.0,0.012,0.6,0.6,-27.071203,2.1658695,0.7219565,0.15200001,0.0,0.13235256,0.0,0.0
hardzero_only__c0p58__z1p00__lam0p000__nu0p50__psi0p00,0.028,borrow,53,1083,0.0,2,-0.6,-0.6,-0.61200005,1.0064517,0.0,0.09852542,0.0,0.0,0.028,0.0,0.012,0.6,0.6,-27.504002,2.214238,0.7380793,0.18400002,0.0,0.13079013,0.0,0.0
hardzero_only__c0p58__z1p00__lam0p000__nu0p50__psi0p00,0.028,borrow,53,1084,0.0,2,-0.6,-0.6,-0.61200005,1.0474039,0.0,0.08965945,0.0,0.0,0.028,0.0,0.012,0.6,0.6,-26.445147,2.3043346,0.7681116,0.17600001,0.008,0.17333321,0.0,0.0
hardzero_only__c0p58__z1p00__lam0p000__nu0p50__psi0p00,0.028,borrow,53,1085,0.0,2,-0.6,-0.6,-0.6091172,0.9873394,0.10295812,0.10295812,1.0,0.0028828275,0.028,0.0,0.012,0.6,0.6,-26.222506,2.17219,0.72406334,0.096,0.0,0.13282584,0.0,0.0
hardzero_only__c0p58__z1p00__lam0p000__nu0p50__psi0p00,0.028,borrow,53,1086,0.0,2,-0.6,-0.6,-0.60890985,0.9571693,0.110364825,0.110364825,1.0,0.0030902151,0.028,0.0,0.012,0.6,0.6,-26.053322,2.1058145,0.70193815,0.128,0.0,0.13056132,0.0,0.0
hardzero_only__c0p58__z1p00__lam0p000__nu0p50__psi0p00,0.028,borrow,53,1087,0.0,2,-0.6,-0.6,-0.61200005,1.0299942,0.0,0.09332666,0.0,0.0,0.028,0.0,0.012,0.6,0.6,-27.41282,2.2660327,0.7553443,0.15200001,0.0,0.1672206,0.0,0.0
hardzero_only__c0p58__z1p00__lam0p000__nu0p50__psi0p00,0.028,borrow,53,1088,0.0,2,-0.6,-0.6,-0.6088782,0.9527452,0.11149486,0.11149486,1.0,0.0031218561,0.028,0.0,0.012,0.6,0.6,-26.882591,2.0960813,0.69869375,0.192,0.0,0.15765864,0.0,0.0
hardzero_only__c0p58__z1p00__lam0p000__nu0p50__psi0p00,0.028,borrow,53,1089,0.0,2,-0.6,-0.6,-0.61200005,1.0220882,0.0,0.09504117,0.0,0.0,0.028,0.0,0.012,0.6,0.6,-27.134224,2.2486389,0.7495463,0.136,0.0,0.13135104,0.0,0.0
hardzero_only__c0p58__z1p00__lam0p000__nu0p50__psi0p00,0.028,borrow,53,1090,0.0,2,-0.6,-0.6,-0.60891515,0.95791507,0.11017546,0.11017546,1.0,0.003084913,0.028,0.0,0.012,0.6,0.6,-26.366095,2.1074553,0.7024851,0.18400002,0.0,0.13767952,0.0,0.0
hardzero_only__c0p58__z1p00__lam0p000__nu0p50__psi0p00,0.028,borrow,53,1091,0.0,2,-0.6,-0.6,-0.60915005,0.9923165,0.10178492,0.10178492,1.0,0.002849978,0.028,0.0,0.012,0.6,0.6,-26.286564,2.1831398,0.7277133,0.14400001,0.0,0.12654948,0.0,0.0
hardzero_only__c0p58__z1p00__lam0p000__nu0p50__psi0p00,0.028,borrow,53,1092,0.0,2,-0.6,-0.6,-0.61200005,1.0169195,0.0,0.09617905,0.0,0.0,0.028,0.0,0.012,0.6,0.6,-27.359365,2.2372675,0.74575585,0.11,0.0,0.17128502,0.0,0.0
hardzero_only__c0p58__z1p00__lam0p000__nu0p50__psi0p00,0.028,borrow,53,1093,0.0,2,-0.6,-0.6,-0.6090112,0.97165,0.1067456,0.1067456,1.0,0.002988877,0.028,0.0,0.012,0.6,0.6,-26.290186,2.1376727,0.71255755,0.15200001,0.008,0.11026269,0.0,0.0
hardzero_only__c0p58__z1p00__lam0p000__nu0p50__psi0p00,0.028,borrow,53,1094,0.0,2,-0.6,-0.6,-0.6091661,0.9947679,0.10121201,0.10121201,1.0,0.0028339364,0.028,0.0,0.012,0.6,0.6,-26.67174,2.188533,0.729511,0.224,0.0,0.14947137,0.0,0.0
hardzero_only__c0p58__z1p00__lam0p000__nu0p50__psi0p00,0.028,borrow,53,1095,0.0,2,-0.6,-0.6,-0.60897607,0.96658194,0.10799858,0.10799858,1.0,0.0030239604,0.028,0.0,0.012,0.6,0.6,-26.481703,2.1265228,0.70884097,0.2,0.008,0.12760694,0.0,0.0
hardzero_only__c0p58__z1p00__lam0p000__nu0p50__psi0p00,0.028,borrow,53,1096,0.0,2,-0.6,-0.6,-0.61200005,1.0188687,0.0,0.09574835,0.0,0.0,0.028,0.0,0.012,0.6,0.6,-27.561787,2.241556,0.74718535,0.120000005,0.0,0.15019484,0.0,0.0
hardzero_only__c0p58__z1p00__lam0p000__nu0p50__psi0p00,0.028,borrow,53,1097,0.0,2,-0.6,-0.6,-0.6090932,0.9837311,0.103817105,0.103817105,1.0,0.002906879,0.028,0.0,0.012,0.6,0.6,-26.557178,2.1642516,0.7214172,0.16000001,0.0,0.13131008,0.0,0.0
hardzero_only__c0p58__z1p00__lam0p000__nu0p50__psi0p00,0.028,borrow,53,1098,0.0,2,-0.6,-0.6,-0.6091942,0.9990952,0.10020854,0.10020854,1.0,0.0028058393,0.028,0.0,0.012,0.6,0.6,-26.337252,2.1980534,0.7326845,0.15200001,0.0,0.15508918,0.0,0.0
hardzero_only__c0p58__z1p00__lam0p000__nu0p50__psi0p00,0.028,borrow,53,1099,0.0,2,-0.6,-0.6,-0.6091518,0.9925771,0.10172389,0.10172389,1.0,0.002848269,0.028,0.0,0.012,0.6,0.6,-27.123566,2.1837132,0.72790444,0.15200001,0.0,0.15783025,0.0,0.0
hardzero_only__c0p58__z1p00__lam0p000__nu0p50__psi0p00,0.028,borrow,53,1100,0.0,2,-0.6,-0.6,-0.61200005,1.0323303,0.0,0.09282602,0.0,0.0,0.028,0.0,0.012,0.6,0.6,-27.669964,2.271172,0.75705737,0.128,0.0,0.13576037,0.0,0.0
hardzero_only__c0p58__z1p00__lam0p000__nu0p50__psi0p00,0.028,borrow,53,1101,0.0,2,-0.6,-0.6,-0.6090528,0.97773767,0.10525975,0.10525975,1.0,0.002947273,0.028,0.0,0.012,0.6,0.6,-27.381607,2.1510658,0.71702194,0.104,0.0,0.14560418,0.0,0.0
hardzero_only__c0p58__z1p00__lam0p000__nu0p50__psi0p00,0.028,borrow,53,1102,0.0,2,-0.6,-0.6,-0.6091216,0.9880025,0.10280104,0.10280104,1.0,0.0028784291,0.028,0.0,0.012,0.6,0.6,-26.722685,2.1736488,0.72454965,0.14400001,0.0,0.12485693,0.0,0.0
hardzero_only__c0p58__z1p00__lam0p000__nu0p50__psi0p00,0.028,borrow,53,1103,0.0,2,-0.6,-0.6,-0.6090721,0.98059624,0.104569174,0.104569174,1.0,0.002927937,0.028,0.0,0.012,0.6,0.6,-27.038624,2.1573548,0.7191183,0.216,0.0,0.12902302,0.0,0.0
hardzero_only__c0p58__z1p00__lam0p000__nu0p50__psi0p00,0.028,borrow,53,1104,0.0,2,-0.6,-0.6,-0.60904187,0.9761295,0.10565023,0.10565023,1.0,0.0029582065,0.028,0.0,0.012,0.6,0.6,-26.243883,2.1475277,0.7158426,0.16000001,0.0,0.14273852,0.0,0.0
hardzero_only__c0p58__z1p00__lam0p000__nu0p50__psi0p00,0.028,borrow,53,1105,0.0,2,-0.6,-0.6,-0.60899115,0.9687498,0.10746082,0.10746082,1.0,0.003008903,0.028,0.0,0.012,0.6,0.6,-25.471256,2.131292,0.71043074,0.19,0.0,0.12311239,0.0,0.0
hardzero_only__c0p58__z1p00__lam0p000__nu0p50__psi0p00,0.028,borrow,53,1106,0.0,2,-0.6,-0.6,-0.6091441,0.9914094,0.10199775,0.10199775,1.0,0.002855937,0.028,0.0,0.012,0.6,0.6,-26.67423,2.1811442,0.7270481,0.208,0.0,0.15868255,0.0,0.0
hardzero_only__c0p58__z1p00__lam0p000__nu0p50__psi0p00,0.028,borrow,53,1107,0.0,2,-0.6,-0.6,-0.61200005,1.0491189,0.0,0.08930611,0.0,0.0,0.028,0.0,0.012,0.6,0.6,-27.91874,2.3081076,0.76936924,0.128,0.0,0.17927772,0.0,0.0
hardzero_only__c0p58__z1p00__lam0p000__nu0p50__psi0p00,0.028,borrow,53,1108,0.0,2,-0.6,-0.6,-0.60905534,0.9781199,0.105167136,0.105167136,1.0,0.00294468,0.028,0.0,0.012,0.6,0.6,-26.67768,2.1519067,0.71730226,0.16000001,0.0,0.14151415,0.0,0.0
hardzero_only__c0p58__z1p00__lam0p000__nu0p50__psi0p00,0.028,borrow,53,1109,0.0,2,-0.6,-0.6,-0.6091932,0.998943,0.1002437,0.1002437,1.0,0.0028068237,0.028,0.0,0.012,0.6,0.6,-27.08483,2.1977184,0.7325728,0.128,0.0,0.16001338,0.0,0.0
hardzero_only__c0p58__z1p00__lam0p000__nu0p50__psi0p00,0.028,borrow,53,1110,0.0,2,-0.6,-0.6,-0.61200005,1.0015867,0.0,0.09963531,0.0,0.0,0.028,0.0,0.012,0.6,0.6,-27.487822,2.2035346,0.73451155,0.128,0.0,0.14928526,0.0,0.0
hardzero_only__c0p58__z1p00__lam0p000__nu0p50__psi0p00,0.028,borrow,53,1111,0.0,2,-0.6,-0.6,-0.61200005,1.033531,0.0,0.09256974,0.0,0.0,0.028,0.0,0.012,0.6,0.6,-27.992865,2.2738135,0.75793785,0.192,0.0,0.17930809,0.0,0.0
hardzero_only__c0p58__z1p00__lam0p000__nu0p50__psi0p00,0.028,borrow,53,1112,0.0,2,-0.6,-0.6,-0.61200005,1.0026464,0.0,0.09939247,0.0,0.0,0.028,0.0,0.012,0.6,0.6,-25.947657,2.2058663,0.7352888,0.192,0.0,0.14098504,0.0,0.0
hardzero_only__c0p58__z1p00__lam0p000__nu0p50__psi0p00,0.028,borrow,53,1113,0.0,2,-0.6,-0.6,-0.6089848,0.96783745,0.107686825,0.107686825,1.0,0.003015231,0.028,0.0,0.012,0.6,0.6,-26.011688,2.1292849,0.7097616,0.17600001,0.0,0.13858183,0.0,0.0
hardzero_only__c0p58__z1p00__lam0p000__nu0p50__psi0p00,0.028,borrow,53,1114,0.0,2,-0.6,-0.6,-0.6091679,0.9950387,0.101148926,0.101148926,1.0,0.00283217,0.028,0.0,0.012,0.6,0.6,-26.995007,2.1891289,0.7297096,0.15200001,0.0,0.12863782,0.0,0.0
hardzero_only__c0p58__z1p00__lam0p000__nu0p50__psi0p00,0.028,borrow,53,1115,0.0,2,-0.6,-0.6,-0.6090612,0.97898185,0.10495862,0.10495862,1.0,0.0029388415,0.028,0.0,0.012,0.6,0.6,-26.620579,2.153803,0.71793437,0.208,0.0,0.14284505,0.0,0.0
hardzero_only__c0p58__z1p00__lam0p000__nu0p50__psi0p00,0.028,borrow,53,1116,0.0,2,-0.6,-0.6,-0.60901904,0.972796,0.10646429,0.10646429,1.0,0.002981,0.028,0.0,0.012,0.6,0.6,-26.548704,2.140194,0.713398,0.16000001,0.0,0.13525729,0.0,0.0
hardzero_only__c0p58__z1p00__lam0p000__nu0p50__psi0p00,0.028,borrow,53,1117,0.0,2,-0.6,-0.6,-0.61200005,1.0361867,0.0,0.092005394,0.0,0.0,0.028,0.0,0.012,0.6,0.6,-27.350977,2.2796562,0.75988543,0.136,0.0,0.13217153,0.0,0.0
hardzero_only__c0p58__z1p00__lam0p000__nu0p50__psi0p00,0.028,borrow,53,1118,0.0,2,-0.6,-0.6,-0.6086566,0.9229644,0.1194086,0.1194086,1.0,0.0033434408,0.028,0.0,0.012,0.6,0.6,-25.8509,2.0305622,0.6768541,0.28,0.0,0.15080546,0.0,0.0
hardzero_only__c0p58__z1p00__lam0p000__nu0p50__psi0p00,0.028,borrow,53,1119,0.0,2,-0.6,-0.6,-0.60891306,0.9576238,0.11024939,0.11024939,1.0,0.003086983,0.028,0.0,0.012,0.6,0.6,-26.887657,2.1068144,0.70227146,0.17600001,0.0,0.1582452,0.0,0.0
hardzero_only__c0p58__z1p00__lam0p000__nu0p50__psi0p00,0.028,borrow,53,1120,0.0,2,-0.6,-0.6,-0.60915196,0.9926029,0.10171782,0.10171782,1.0,0.0028480992,0.028,0.0,0.012,0.6,0.6,-27.630716,2.18377,0.72792333,0.16000001,0.0,0.14888868,0.0,0.0
hardzero_only__c0p58__z1p00__lam0p000__nu0p50__psi0p00,0.028,borrow,53,1121,0.0,2,-0.6,-0.6,-0.61200005,1.0143023,0.0,0.09676042,0.0,0.0,0.028,0.0,0.012,0.6,0.6,-27.181381,2.2315094,0.7438365,0.128,0.0,0.15365276,0.0,0.0
hardzero_only__c0p58__z1p00__lam0p000__nu0p50__psi0p00,0.028,borrow,53,1122,0.0,2,-0.6,-0.6,-0.60902727,0.97399867,0.10616987,0.10616987,1.0,0.0029727565,0.028,0.0,0.012,0.6,0.6,-26.962872,2.14284,0.71428,0.24800001,0.0,0.18147731,0.0,0.0
hardzero_only__c0p58__z1p00__lam0p000__nu0p50__psi0p00,0.028,borrow,53,1123,0.0,2,-0.6,-0.6,-0.6091448,0.9915116,0.10197375,0.10197375,1.0,0.002855265,0.028,0.0,0.012,0.6,0.6,-25.960314,2.181369,0.727123,0.16800001,0.0,0.13206266,0.0,0.0
hardzero_only__c0p58__z1p00__lam0p000__nu0p50__psi0p00,0.028,borrow,53,1124,0.0,2,-0.6,-0.6,-0.6089347,0.960681,0.10947602,0.10947602,1.0,0.0030653288,0.028,0.0,0.012,0.6,0.6,-26.45197,2.1135404,0.7045135,0.18400002,0.0,0.15282749,0.0,0.0
hardzero_only__c0p58__z1p00__lam0p000__nu0p50__psi0p00,0.028,borrow,53,1125,0.0,2,-0.6,-0.6,-0.61200005,1.0612959,0.0,0.08683685,0.0,0.0,0.028,0.0,0.012,0.6,0.6,-27.631327,2.3348975,0.7782992,0.112,0.0,0.15048864,0.0,0.0
hardzero_only__c0p58__z1p00__lam0p000__nu0p50__psi0p00,0.028,borrow,53,1126,0.0,2,-0.6,-0.6,-0.609014,0.9720548,0.106646165,0.106646165,1.0,0.0029860928,0.028,0.0,0.012,0.6,0.6,-26.612896,2.1385632,0.7128544,0.128,0.0,0.13467835,0.0,0.0
hardzero_only__c0p58__z1p00__lam0p000__nu0p50__psi0p00,0.028,borrow,53,1127,0.0,2,-0.6,-0.6,-0.6088075,0.94302005,0.11401972,0.11401972,1.0,0.0031925524,0.028,0.0,0.012,0.6,0.6,-26.256649,2.0746856,0.6915619,0.15200001,0.0,0.13744844,0.0,0.0
hardzero_only__c0p58__z1p00__lam0p000__nu0p50__psi0p00,0.028,borrow,53,1128,0.0,2,-0.6,-0.6,-0.6089806,0.9672303,0.10783746,0.10783746,1.0,0.003019449,0.028,0.0,0.012,0.6,0.6,-26.56226,2.1279492,0.70931643,0.112,0.0,0.13511547,0.0,0.0
hardzero_only__c0p58__z1p00__lam0p000__nu0p50__psi0p00,0.028,borrow,53,1129,0.0,2,-0.6,-0.6,-0.60898453,0.9677988,0.10769641,0.10769641,1.0,0.0030154996,0.028,0.0,0.012,0.6,0.6,-27.228226,2.1292,0.70973337,0.18400002,0.0,0.1422138,0.0,0.0
hardzero_only__c0p58__z1p00__lam0p000__nu0p50__psi0p00,0.028,borrow,53,1130,0.0,2,-0.6,-0.6,-0.6091605,0.99390644,0.10141298,0.10141298,1.0,0.0028395636,0.028,0.0,0.012,0.6,0.6,-27.350029,2.1866379,0.72887933,0.23200001,0.0,0.1827262,0.0,0.0
hardzero_only__c0p58__z1p00__lam0p000__nu0p50__psi0p00,0.028,borrow,53,1131,0.0,2,-0.6,-0.6,-0.6091442,0.9914268,0.101993665,0.101993665,1.0,0.0028558227,0.028,0.0,0.012,0.6,0.6,-27.839102,2.1811826,0.7270609,0.19999999,0.0,0.1495695,0.0,0.0
hardzero_only__c0p58__z1p00__lam0p000__nu0p50__psi0p00,0.028,borrow,53,1132,0.0,2,-0.6,-0.6,-0.61200005,1.0025756,0.0,0.099408686,0.0,0.0,0.028,0.0,0.012,0.6,0.6,-27.529127,2.2057104,0.7352368,0.136,0.0,0.15959671,0.0,0.0
hardzero_only__c0p58__z1p00__lam0p000__nu0p50__psi0p00,0.028,borrow,53,1133,0.0,2,-0.6,-0.6,-0.60851127,0.90448415,0.12459936,0.12459936,1.0,0.003488782,0.028,0.0,0.012,0.6,0.6,-25.057709,1.9899049,0.66330165,0.17600001,0.0,0.14663313,0.0,0.0
hardzero_only__c0p58__z1p00__lam0p000__nu0p50__psi0p00,0.028,borrow,53,1134,0.0,2,-0.6,-0.6,-0.61200005,1.0053579,0.0,0.098773874,0.0,0.0,0.028,0.0,0.012,0.6,0.6,-27.137236,2.2118313,0.73727715,0.080000006,0.0,0.14749926,0.0,0.0
hardzero_only__c0p58__z1p00__lam0p000__nu0p50__psi0p00,0.028,borrow,53,1135,0.0,2,-0.6,-0.6,-0.6091915,0.99867135,0.10030641,0.10030641,1.0,0.0028085795,0.028,0.0,0.012,0.6,0.6,-26.921621,2.197121,0.73237365,0.104,0.0,0.13820942,0.0,0.0
hardzero_only__c0p58__z1p00__lam0p000__nu0p50__psi0p00,0.028,borrow,53,1136,0.0,2,-0.6,-0.6,-0.61200005,1.0361053,0.0,0.09202266,0.0,0.0,0.028,0.0,0.012,0.6,0.6,-27.898964,2.2794771,0.7598257,0.14400001,0.0,0.15612955,0.0,0.0
hardzero_only__c0p58__z1p00__lam0p000__nu0p50__psi0p00,0.028,borrow,53,1137,0.0,2,-0.6,-0.6,-0.61200005,1.0410541,0.0,0.090979986,0.0,0.0,0.028,0.0,0.012,0.6,0.6,-27.327473,2.2903647,0.7634549,0.17600001,0.0,0.16092265,0.0,0.0
hardzero_only__c0p58__z1p00__lam0p000__nu0p50__psi0p00,0.028,borrow,53,1138,0.0,2,-0.6,-0.6,-0.6091792,0.9967813,0.100743875,0.100743875,1.0,0.0028208287,0.028,0.0,0.012,0.6,0.6,-27.509205,2.1929626,0.73098755,0.17600001,0.0,0.1308239,0.0,0.0
hardzero_only__c0p58__z1p00__lam0p000__nu0p50__psi0p00,0.028,borrow,53,1139,0.0,2,-0.6,-0.6,-0.6090679,0.979978,0.10471815,0.10471815,1.0,0.0029321082,0.028,0.0,0.012,0.6,0.6,-26.57041,2.1559947,0.7186649,0.16000001,0.0,0.13242556,0.0,0.0
hardzero_only__c0p58__z1p00__lam0p000__nu0p50__psi0p00,0.028,borrow,53,1140,0.0,2,-0.6,-0.6,-0.61200005,1.0291222,0.0,0.09351424,0.0,0.0,0.028,0.0,0.012,0.6,0.6,-27.247684,2.2641141,0.7547047,0.17600001,0.0,0.14166285,0.0,0.0
hardzero_only__c0p58__z1p00__lam0p000__nu0p50__psi0p00,0.028,borrow,53,1141,0.0,2,-0.6,-0.6,-0.6087643,0.93718415,0.11556219,0.11556219,1.0,0.0032357415,0.028,0.0,0.012,0.6,0.6,-25.718464,2.0618463,0.6872821,0.18400002,0.0,0.103747,0.0,0.0
hardzero_only__c0p58__z1p00__lam0p000__nu0p50__psi0p00,0.028,borrow,53,1142,0.0,2,-0.6,-0.6,-0.6090747,0.9809839,0.10447587,0.10447587,1.0,0.0029253245,0.028,0.0,0.012,0.6,0.6,-26.91968,2.1582077,0.71940255,0.24000001,0.0,0.14598858,0.0,0.0
hardzero_only__c0p58__z1p00__lam0p000__nu0p50__psi0p00,0.028,borrow,53,1143,0.0,2,-0.6,-0.6,-0.6089782,0.9668834,0.10792363,0.10792363,1.0,0.0030218617,0.028,0.0,0.012,0.6,0.6,-27.257494,2.127186,0.70906204,0.14400001,0.0,0.14031872,0.0,0.0
hardzero_only__c0p58__z1p00__lam0p000__nu0p50__psi0p00,0.028,borrow,53,1144,0.0,2,-0.6,-0.6,-0.61200005,1.031075,0.0,0.093094714,0.0,0.0,0.028,0.0,0.012,0.6,0.6,-26.26763,2.2684102,0.7561368,0.099999994,0.0,0.11771198,0.0,0.0
hardzero_only__c0p58__z1p00__lam0p000__nu0p50__psi0p00,0.028,borrow,53,1145,0.0,2,-0.6,-0.6,-0.61200005,1.0433952,0.0,0.09049089,0.0,0.0,0.028,0.0,0.012,0.6,0.6,-28.469511,2.2955153,0.76517177,0.23200001,0.0,0.1935759,0.0,0.0
hardzero_only__c0p58__z1p00__lam0p000__nu0p50__psi0p00,0.028,borrow,53,1146,0.0,2,-0.6,-0.6,-0.61200005,1.0067943,0.0,0.09844772,0.0,0.0,0.028,0.0,0.012,0.6,0.6,-28.244038,2.2149918,0.7383306,0.18400002,0.0,0.16090952,0.0,0.0
hardzero_only__c0p58__z1p00__lam0p000__nu0p50__psi0p00,0.028,borrow,53,1147,0.0,2,-0.6,-0.6,-0.61200005,1.0253905,0.0,0.094321236,0.0,0.0,0.028,0.0,0.012,0.6,0.6,-27.609884,2.2559042,0.7519681,0.16000001,0.0,0.1421021,0.0,0.0
hardzero_only__c0p58__z1p00__lam0p000__nu0p50__psi0p00,0.028,borrow,53,1148,0.0,2,-0.6,-0.6,-0.60893154,0.96023214,0.109589234,0.109589234,1.0,0.0030684986,0.028,0.0,0.012,0.6,0.6,-26.022106,2.112553,0.7041843,0.192,0.0,0.13179667,0.0,0.0
hardzero_only__c0p58__z1p00__lam0p000__nu0p50__psi0p00,0.028,borrow,53,1149,0.0,2,-0.6,-0.6,-0.60899246,0.9689376,0.10741437,0.10741437,1.0,0.0030076024,0.028,0.0,0.012,0.6,0.6,-26.174974,2.1317053,0.7105684,0.224,0.0,0.15363307,0.0,0.0
hardzero_only__c0p58__z1p00__lam0p000__nu0p50__psi0p00,0.028,borrow,53,1150,0.0,2,-0.6,-0.6,-0.61200005,1.0290667,0.0,0.09352619,0.0,0.0,0.028,0.0,0.012,0.6,0.6,-27.05731,2.2639918,0.75466394,0.136,0.0,0.15452269,0.0,0.0
hardzero_only__c0p58__z1p00__lam0p000__nu0p50__psi0p00,0.028,borrow,53,1151,0.0,2,-0.6,-0.6,-0.61200005,1.0400666,0.0,0.09118709,0.0,0.0,0.028,0.0,0.012,0.6,0.6,-27.594124,2.2881923,0.7627308,0.16800001,0.0,0.14222676,0.0,0.0
hardzero_only__c0p58__z1p00__lam0p000__nu0p50__psi0p00,0.028,borrow,53,1152,0.0,2,-0.6,-0.6,-0.61200005,1.0126128,0.0,0.09713756,0.0,0.0,0.028,0.0,0.012,0.6,0.6,-27.362873,2.2277927,0.7425976,0.136,0.0,0.13225126,0.0,0.0
hardzero_only__c0p58__z1p00__lam0p000__nu0p50__psi0p00,0.028,borrow,53,1153,0.0,2,-0.6,-0.6,-0.60909855,0.98453265,0.10362567,0.10362567,1.0,0.002901519,0.028,0.0,0.012,0.6,0.6,-27.120583,2.1660151,0.72200507,0.16000001,0.0,0.15999496,0.0,0.0
hardzero_only__c0p58__z1p00__lam0p000__nu0p50__psi0p00,0.028,borrow,53,1154,0.0,2,-0.6,-0.6,-0.61200005,1.0170249,0.0,0.09615572,0.0,0.0,0.028,0.0,0.012,0.6,0.6,-26.784569,2.2374995,0.74583316,0.16800001,0.0,0.12346559,0.0,0.0
hardzero_only__c0p58__z1p00__lam0p000__nu0p50__psi0p00,0.028,borrow,53,1155,0.0,2,-0.6,-0.6,-0.6088519,0.949102,0.11243409,0.11243409,1.0,0.0031481546,0.028,0.0,0.012,0.6,0.6,-26.493832,2.088066,0.69602203,0.192,0.0,0.1338376,0.0,0.0
hardzero_only__c0p58__z1p00__lam0p000__nu0p50__psi0p00,0.028,borrow,53,1156,0.0,2,-0.6,-0.6,-0.6089951,0.96931773,0.10732038,0.10732038,1.0,0.0030049707,0.028,0.0,0.012,0.6,0.6,-26.153368,2.1325417,0.71084726,0.16000001,0.0,0.12810928,0.0,0.0
hardzero_only__c0p58__z1p00__lam0p000__nu0p50__psi0p00,0.028,borrow,53,1157,0.0,2,-0.6,-0.6,-0.61200005,1.0717643,0.0,0.08476871,0.0,0.0,0.028,0.0,0.012,0.6,0.6,-27.545876,2.3579288,0.7859763,0.16,0.0,0.13774046,0.0,0.0
hardzero_only__c0p58__z1p00__lam0p000__nu0p50__psi0p00,0.028,borrow,53,1158,0.0,2,-0.6,-0.6,-0.60898757,0.96823484,0.107588336,0.107588336,1.0,0.0030124735,0.028,0.0,0.012,0.6,0.6,-26.823195,2.1301591,0.7100531,0.16000001,0.0,0.14948043,0.0,0.0
hardzero_only__c0p58__z1p00__lam0p000__nu0p50__psi0p00,0.028,borrow,53,1159,0.0,2,-0.6,-0.6,-0.6088595,0.95014733,0.112163775,0.112163775,1.0,0.0031405857,0.028,0.0,0.012,0.6,0.6,-26.401646,2.090366,0.69678867,0.2,0.0,0.15143593,0.0,0.0
hardzero_only__c0p58__z1p00__lam0p000__nu0p50__psi0p00,0.028,borrow,53,1160,0.0,2,-0.6,-0.6,-0.60909677,0.9842674,0.10368897,0.10368897,1.0,0.0029032913,0.028,0.0,0.012,0.6,0.6,-26.863161,2.1654315,0.7218105,0.16000001,0.0,0.13653155,0.0,0.0
hardzero_only__c0p58__z1p00__lam0p000__nu0p50__psi0p00,0.028,borrow,53,1161,0.0,2,-0.6,-0.6,-0.6087773,0.9389329,0.115097806,0.115097806,1.0,0.0032227386,0.028,0.0,0.012,0.6,0.6,-26.37503,2.0656936,0.68856454,0.18400002,0.0,0.15637337,0.0,0.0
hardzero_only__c0p58__z1p00__lam0p000__nu0p50__psi0p00,0.028,borrow,53,1162,0.0,2,-0.6,-0.6,-0.6091474,0.99191636,0.101878755,0.101878755,1.0,0.0028526052,0.028,0.0,0.012,0.6,0.6,-27.462694,2.1822596,0.72741985,0.18400002,0.0,0.17895208,0.0,0.0
hardzero_only__c0p58__z1p00__lam0p000__nu0p50__psi0p00,0.028,borrow,53,1163,0.0,2,-0.6,-0.6,-0.61200005,1.0358678,0.0,0.09207298,0.0,0.0,0.028,0.0,0.012,0.6,0.6,-28.360497,2.2789547,0.7596516,0.14400001,0.0,0.13985978,0.0,0.0
hardzero_only__c0p58__z1p00__lam0p000__nu0p50__psi0p00,0.028,borrow,53,1164,0.0,2,-0.6,-0.6,-0.6087531,0.93567705,0.11596391,0.11596391,1.0,0.0032469896,0.028,0.0,0.012,0.6,0.6,-26.61161,2.0585306,0.6861769,0.16800001,0.0,0.1440507,0.0,0.0
hardzero_only__c0p58__z1p00__lam0p000__nu0p50__psi0p00,0.028,borrow,53,1165,0.0,2,-0.6,-0.6,-0.6091184,0.9875199,0.10291532,0.10291532,1.0,0.002881629,0.028,0.0,0.012,0.6,0.6,-26.185455,2.1725872,0.7241957,0.104,0.0,0.1431396,0.0,0.0
hardzero_only__c0p58__z1p00__lam0p000__nu0p50__psi0p00,0.028,borrow,53,1166,0.0,2,-0.6,-0.6,-0.6089429,0.9618432,0.10918346,0.10918346,1.0,0.003057137,0.028,0.0,0.012,0.6,0.6,-26.957132,2.1160972,0.7053658,0.16000001,0.0,0.14334613,0.0,0.0
hardzero_only__c0p58__z1p00__lam0p000__nu0p50__psi0p00,0.028,borrow,53,1167,0.0,2,-0.6,-0.6,-0.61200005,1.00406,0.0,0.09906949,0.0,0.0,0.028,0.0,0.012,0.6,0.6,-27.328064,2.2089763,0.73632544,0.104,0.0,0.1426886,0.0,0.0
hardzero_only__c0p58__z1p00__lam0p000__nu0p50__psi0p00,0.028,borrow,53,1168,0.0,2,-0.6,-0.6,-0.60897064,0.965803,0.108192466,0.108192466,1.0,0.003029389,0.028,0.0,0.012,0.6,0.6,-26.803553,2.124809,0.7082697,0.16000001,0.0,0.14993878,0.0,0.0
hardzero_only__c0p58__z1p00__lam0p000__nu0p50__psi0p00,0.028,borrow,53,1169,0.0,2,-0.6,-0.6,-0.61200005,1.0637592,0.0,0.08634571,0.0,0.0,0.028,0.0,0.012,0.6,0.6,-28.961481,2.340317,0.7801057,0.15200001,0.0,0.1456423,0.0,0.0
hardzero_only__c0p58__z1p00__lam0p000__nu0p50__psi0p00,0.028,borrow,53,1170,0.0,2,-0.6,-0.6,-0.60916,0.9938367,0.10142928,0.10142928,1.0,0.00284002,0.028,0.0,0.012,0.6,0.6,-26.429132,2.1864843,0.72882813,0.089999996,0.0,0.14314713,0.0,0.0
hardzero_only__c0p58__z1p00__lam0p000__nu0p50__psi0p00,0.028,borrow,53,1171,0.0,2,-0.6,-0.6,-0.6089541,0.9634281,0.10878572,0.10878572,1.0,0.0030460001,0.028,0.0,0.012,0.6,0.6,-26.5309,2.119584,0.70652807,0.16000001,0.0,0.13968024,0.0,0.0
hardzero_only__c0p58__z1p00__lam0p000__nu0p50__psi0p00,0.028,borrow,53,1172,0.0,2,-0.6,-0.6,-0.60896415,0.9648703,0.10842507,0.10842507,1.0,0.003035902,0.028,0.0,0.012,0.6,0.6,-25.804176,2.122757,0.7075857,0.14400001,0.0,0.12642477,0.0,0.0
hardzero_only__c0p58__z1p00__lam0p000__nu0p50__psi0p00,0.028,borrow,53,1173,0.0,2,-0.6,-0.6,-0.61200005,1.0418395,0.0,0.09081561,0.0,0.0,0.028,0.0,0.012,0.6,0.6,-27.519987,2.2920926,0.7640309,0.16800001,0.0,0.13624689,0.0,0.0
hardzero_only__c0p58__z1p00__lam0p000__nu0p50__psi0p00,0.028,borrow,53,1174,0.0,2,-0.6,-0.6,-0.60906416,0.9794151,0.10485396,0.10485396,1.0,0.0029359108,0.028,0.0,0.012,0.6,0.6,-26.685083,2.1547563,0.7182521,0.15200001,0.0,0.14002885,0.0,0.0
hardzero_only__c0p58__z1p00__lam0p000__nu0p50__psi0p00,0.028,borrow,53,1175,0.0,2,-0.6,-0.6,-0.6090779,0.98144877,0.10436412,0.10436412,1.0,0.0029221955,0.028,0.0,0.012,0.6,0.6,-26.203033,2.1592305,0.7197435,0.16000001,0.0,0.14684659,0.0,0.0
hardzero_only__c0p58__z1p00__lam0p000__nu0p50__psi0p00,0.028,borrow,53,1176,0.0,2,-0.6,-0.6,-0.6089614,0.96448153,0.10852216,0.10852216,1.0,0.0030386206,0.028,0.0,0.012,0.6,0.6,-26.899372,2.1219018,0.7073006,0.17600001,0.0,0.13482727,0.0,0.0
hardzero_only__c0p58__z1p00__lam0p000__nu0p50__psi0p00,0.028,borrow,53,1177,0.0,2,-0.6,-0.6,-0.60917413,0.99599516,0.10092642,0.10092642,1.0,0.0028259398,0.028,0.0,0.012,0.6,0.6,-26.107546,2.1912332,0.73041105,0.128,0.0,0.11879068,0.0,0.0
hardzero_only__c0p58__z1p00__lam0p000__nu0p50__psi0p00,0.028,borrow,53,1178,0.0,2,-0.6,-0.6,-0.6090398,0.9758287,0.10572343,0.10572343,1.0,0.0029602563,0.028,0.0,0.012,0.6,0.6,-27.037193,2.146866,0.71562207,0.14400001,0.0,0.11955394,0.0,0.0
hardzero_only__c0p58__z1p00__lam0p000__nu0p50__psi0p00,0.028,borrow,53,1179,0.0,2,-0.6,-0.6,-0.61200005,1.040563,0.0,0.09108293,0.0,0.0,0.028,0.0,0.012,0.6,0.6,-27.631153,2.2892842,0.7630948,0.17600001,0.0,0.16214618,0.0,0.0
hardzero_only__c0p58__z1p00__lam0p000__nu0p50__psi0p00,0.028,borrow,53,1180,0.0,2,-0.6,-0.6,-0.60889035,0.95444,0.1110606,0.1110606,1.0,0.0031096968,0.028,0.0,0.012,0.6,0.6,-26.522442,2.09981,0.6999366,0.15200001,0.008,0.11790698,0.0,0.0
hardzero_only__c0p58__z1p00__lam0p000__nu0p50__psi0p00,0.028,borrow,53,1181,0.0,2,-0.6,-0.6,-0.6091379,0.9904655,0.10221968,0.10221968,1.0,0.002862151,0.028,0.0,0.012,0.6,0.6,-26.575022,2.1790676,0.7263559,0.120000005,0.0,0.16064699,0.0,0.0
hardzero_only__c0p58__z1p00__lam0p000__nu0p50__psi0p00,0.028,borrow,53,1182,0.0,2,-0.6,-0.6,-0.6089658,0.9651053,0.108366415,0.108366415,1.0,0.0030342597,0.028,0.0,0.012,0.6,0.6,-26.120302,2.123274,0.70775807,0.14400001,0.0,0.116225936,0.0,0.0
hardzero_only__c0p58__z1p00__lam0p000__nu0p50__psi0p00,0.028,borrow,53,1183,0.0,2,-0.6,-0.6,-0.61200005,1.0086552,0.0,0.09802678,0.0,0.0,0.028,0.0,0.012,0.6,0.6,-26.423775,2.2190857,0.73969525,0.17,0.0,0.14800365,0.0,0.0
hardzero_only__c0p58__z1p00__lam0p000__nu0p50__psi0p00,0.028,borrow,53,1184,0.0,2,-0.6,-0.6,-0.61200005,1.0275539,0.0,0.093852535,0.0,0.0,0.028,0.0,0.012,0.6,0.6,-27.780573,2.2606637,0.7535546,0.17600001,0.0,0.13045052,0.0,0.0
hardzero_only__c0p58__z1p00__lam0p000__nu0p50__psi0p00,0.028,borrow,53,1185,0.0,2,-0.6,-0.6,-0.61200005,1.0236386,0.0,0.094702475,0.0,0.0,0.028,0.0,0.012,0.6,0.6,-28.586905,2.25205,0.7506833,0.18400002,0.0,0.18444794,0.0,0.0
hardzero_only__c0p58__z1p00__lam0p000__nu0p50__psi0p00,0.028,borrow,53,1186,0.0,2,-0.6,-0.6,-0.61200005,1.004283,0.0,0.09901865,0.0,0.0,0.028,0.0,0.012,0.6,0.6,-26.945332,2.2094667,0.73648894,0.112,0.0,0.13905992,0.0,0.0
hardzero_only__c0p58__z1p00__lam0p000__nu0p50__psi0p00,0.028,borrow,53,1187,0.0,2,-0.6,-0.6,-0.6091011,0.9849187,0.10353359,0.10353359,1.0,0.0028989406,0.028,0.0,0.012,0.6,0.6,-27.583586,2.1668644,0.72228813,0.23200001,0.0,0.15174226,0.0,0.0
hardzero_only__c0p58__z1p00__lam0p000__nu0p50__psi0p00,0.028,borrow,53,1188,0.0,2,-0.6,-0.6,-0.61200005,1.0069528,0.0,0.098411806,0.0,0.0,0.028,0.0,0.012,0.6,0.6,-27.509428,2.2153404,0.73844683,0.18400002,0.0,0.13755713,0.0,0.0
hardzero_only__c0p58__z1p00__lam0p000__nu0p50__psi0p00,0.028,borrow,53,1189,0.0,2,-0.6,-0.6,-0.60919565,0.99931836,0.100157075,0.100157075,1.0,0.002804398,0.028,0.0,0.012,0.6,0.6,-27.080557,2.1985443,0.7328481,0.17600001,0.0,0.13840578,0.0,0.0
hardzero_only__c0p58__z1p00__lam0p000__nu0p50__psi0p00,0.028,borrow,53,1190,0.0,2,-0.6,-0.6,-0.61200005,1.0256766,0.0,0.09425912,0.0,0.0,0.028,0.0,0.012,0.6,0.6,-27.610653,2.2565336,0.7521779,0.120000005,0.0,0.1398311,0.0,0.0
hardzero_only__c0p58__z1p00__lam0p000__nu0p50__psi0p00,0.028,borrow,53,1191,0.0,2,-0.6,-0.6,-0.60872304,0.9316845,0.11703494,0.11703494,1.0,0.0032769784,0.028,0.0,0.012,0.6,0.6,-25.67373,2.0497468,0.68324894,0.136,0.0,0.111024335,0.0,0.0
hardzero_only__c0p58__z1p00__lam0p000__nu0p50__psi0p00,0.028,borrow,53,1192,0.0,2,-0.6,-0.6,-0.61200005,1.0071799,0.0,0.098360375,0.0,0.0,0.028,0.0,0.012,0.6,0.6,-26.439526,2.2158399,0.7386133,0.18400002,0.0,0.15134871,0.0,0.0
hardzero_only__c0p58__z1p00__lam0p000__nu0p50__psi0p00,0.028,borrow,53,1193,0.0,2,-0.6,-0.6,-0.60907274,0.9806874,0.10454724,0.10454724,1.0,0.0029273229,0.028,0.0,0.012,0.6,0.6,-26.387852,2.1575553,0.7191851,0.16800001,0.0,0.15528299,0.0,0.0
hardzero_only__c0p58__z1p00__lam0p000__nu0p50__psi0p00,0.028,borrow,53,1194,0.0,2,-0.6,-0.6,-0.61200005,1.0218723,0.0,0.09508844,0.0,0.0,0.028,0.0,0.012,0.6,0.6,-26.60685,2.248164,0.749388,0.096,0.0,0.12955895,0.0,0.0
hardzero_only__c0p58__z1p00__lam0p000__nu0p50__psi0p00,0.028,borrow,53,1195,0.0,2,-0.6,-0.6,-0.61200005,1.0200105,0.0,0.09549695,0.0,0.0,0.028,0.0,0.012,0.6,0.6,-27.3029,2.244068,0.7480227,0.112,0.0,0.1436391,0.0,0.0
hardzero_only__c0p58__z1p00__lam0p000__nu0p50__psi0p00,0.028,borrow,53,1196,0.0,2,-0.6,-0.6,-0.6091109,0.9863909,0.10318322,0.10318322,1.0,0.0028891303,0.028,0.0,0.012,0.6,0.6,-26.906319,2.1701033,0.7233678,0.19,0.01,0.14701961,0.0,0.0
hardzero_only__c0p58__z1p00__lam0p000__nu0p50__psi0p00,0.028,borrow,53,1197,0.0,2,-0.6,-0.6,-0.60903394,0.97496957,0.10593278,0.10593278,1.0,0.0029661178,0.028,0.0,0.012,0.6,0.6,-26.505474,2.144976,0.714992,0.17600001,0.0,0.13939123,0.0,0.0
hardzero_only__c0p58__z1p00__lam0p000__nu0p50__psi0p00,0.028,borrow,53,1198,0.0,2,-0.6,-0.6,-0.61200005,1.0017821,0.0,0.099590495,0.0,0.0,0.028,0.0,0.012,0.6,0.6,-26.947071,2.2039645,0.73465484,0.15200001,0.0,0.1763235,0.0,0.0
hardzero_only__c0p58__z1p00__lam0p000__nu0p50__psi0p00,0.028,borrow,53,1199,0.0,2,-0.6,-0.6,-0.61200005,1.0315884,0.0,0.09298471,0.0,0.0,0.028,0.0,0.012,0.6,0.6,-28.38213,2.2695398,0.7565133,0.15200001,0.0,0.17797944,0.0,0.0
hardzero_only__c0p58__z1p00__lam0p000__nu0p50__psi0p00,0.028,borrow,53,1200,0.0,2,-0.6,-0.6,-0.61200005,1.041277,0.0,0.0909333,0.0,0.0,0.028,0.0,0.012,0.6,0.6,-28.143791,2.2908552,0.7636184,0.14400001,0.0,0.14931121,0.0,0.0
hardzero_only__c0p58__z1p00__lam0p000__nu0p50__psi0p00,0.028,borrow,53,1201,0.0,2,-0.6,-0.6,-0.60910887,0.9860808,0.103256926,0.103256926,1.0,0.002891194,0.028,0.0,0.012,0.6,0.6,-26.839317,2.1694212,0.7231404,0.216,0.0,0.14252213,0.0,0.0
hardzero_only__c0p58__z1p00__lam0p000__nu0p50__psi0p00,0.028,borrow,53,1202,0.0,2,-0.6,-0.6,-0.61200005,1.0166129,0.0,0.09624698,0.0,0.0,0.028,0.0,0.012,0.6,0.6,-26.967056,2.236593,0.745531,0.112,0.0,0.1354492,0.0,0.0
hardzero_only__c0p58__z1p00__lam0p000__nu0p50__psi0p00,0.028,borrow,53,1203,0.0,2,-0.6,-0.6,-0.6089834,0.9676347,0.1077371,0.1077371,1.0,0.003016639,0.028,0.0,0.012,0.6,0.6,-26.188593,2.1288388,0.70961297,0.17600001,0.0,0.123483256,0.0,0.0
hardzero_only__c0p58__z1p00__lam0p000__nu0p50__psi0p00,0.028,borrow,53,1204,0.0,2,-0.6,-0.6,-0.6089957,0.9694023,0.10729951,0.10729951,1.0,0.0030043863,0.028,0.0,0.012,0.6,0.6,-26.8323,2.1327276,0.71090925,0.120000005,0.0,0.14397506,0.0,0.0
hardzero_only__c0p58__z1p00__lam0p000__nu0p50__psi0p00,0.028,borrow,53,1205,0.0,2,-0.6,-0.6,-0.6091513,0.9925073,0.10174023,0.10174023,1.0,0.0028487267,0.028,0.0,0.012,0.6,0.6,-27.395456,2.1835597,0.72785324,0.120000005,0.0,0.15680516,0.0,0.0
hardzero_only__c0p58__z1p00__lam0p000__nu0p50__psi0p00,0.028,borrow,53,1206,0.0,2,-0.6,-0.6,-0.6091593,0.993727,0.10145489,0.10145489,1.0,0.002840737,0.028,0.0,0.012,0.6,0.6,-26.143324,2.186243,0.7287477,0.15200001,0.0,0.13369614,0.0,0.0
hardzero_only__c0p58__z1p00__lam0p000__nu0p50__psi0p00,0.028,borrow,53,1207,0.0,2,-0.6,-0.6,-0.6090146,0.9721421,0.10662471,0.10662471,1.0,0.0029854919,0.028,0.0,0.012,0.6,0.6,-25.628393,2.1387553,0.71291846,0.18400002,0.0,0.16366911,0.0,0.0
hardzero_only__c0p58__z1p00__lam0p000__nu0p50__psi0p00,0.028,borrow,53,1208,0.0,2,-0.6,-0.6,-0.60895,0.9628512,0.10893031,0.10893031,1.0,0.0030500488,0.028,0.0,0.012,0.6,0.6,-26.333353,2.118315,0.706105,0.224,0.0,0.16271223,0.0,0.0
hardzero_only__c0p58__z1p00__lam0p000__nu0p50__psi0p00,0.028,borrow,53,1209,0.0,2,-0.6,-0.6,-0.61200005,1.017898,0.0,0.0959626,0.0,0.0,0.028,0.0,0.012,0.6,0.6,-27.143276,2.2394202,0.74647343,0.16,0.0,0.16410525,0.0,0.0
hardzero_only__c0p58__z1p00__lam0p000__nu0p50__psi0p00,0.028,borrow,53,1210,0.0,2,-0.6,-0.6,-0.61200005,1.0284842,0.0,0.09365173,0.0,0.0,0.028,0.0,0.012,0.6,0.6,-28.187847,2.2627106,0.7542369,0.18400002,0.0,0.15919581,0.0,0.0
hardzero_only__c0p58__z1p00__lam0p000__nu0p50__psi0p00,0.028,borrow,53,1211,0.0,2,-0.6,-0.6,-0.6089604,0.9643312,0.108559735,0.108559735,1.0,0.0030396727,0.028,0.0,0.012,0.6,0.6,-26.209518,2.121571,0.7071904,0.192,0.0,0.14675573,0.0,0.0
hardzero_only__c0p58__z1p00__lam0p000__nu0p50__psi0p00,0.028,borrow,53,1212,0.0,2,-0.6,-0.6,-0.61200005,1.003993,0.0,0.09908477,0.0,0.0,0.028,0.0,0.012,0.6,0.6,-26.869225,2.2088287,0.73627627,0.16000001,0.0,0.13747934,0.0,0.0
hardzero_only__c0p58__z1p00__lam0p000__nu0p50__psi0p00,0.028,borrow,53,1213,0.0,2,-0.6,-0.6,-0.6091159,0.9871418,0.10300496,0.10300496,1.0,0.002884139,0.028,0.0,0.012,0.6,0.6,-26.482466,2.1717553,0.72391844,0.120000005,0.0,0.16082342,0.0,0.0
hardzero_only__c0p58__z1p00__lam0p000__nu0p50__psi0p00,0.028,borrow,53,1214,0.0,2,-0.6,-0.6,-0.61200005,1.0051038,0.0,0.09883168,0.0,0.0,0.028,0.0,0.012,0.6,0.6,-26.589382,2.2112725,0.7370908,0.192,0.0,0.13580693,0.0,0.0
hardzero_only__c0p58__z1p00__lam0p000__nu0p50__psi0p00,0.028,borrow,53,1215,0.0,2,-0.6,-0.6,-0.60858554,0.9138304,0.12194657,0.12194657,1.0,0.0034145042,0.028,0.0,0.012,0.6,0.6,-25.294344,2.010467,0.6701557,0.15200001,0.0,0.14958258,0.0,0.0
hardzero_only__c0p58__z1p00__lam0p000__nu0p50__psi0p00,0.028,borrow,53,1216,0.0,2,-0.6,-0.6,-0.6089544,0.9634842,0.10877166,0.10877166,1.0,0.0030456067,0.028,0.0,0.012,0.6,0.6,-25.172743,2.1197076,0.7065692,0.14400001,0.0,0.14066021,0.0,0.0
hardzero_only__c0p58__z1p00__lam0p000__nu0p50__psi0p00,0.028,borrow,53,1217,0.0,2,-0.6,-0.6,-0.61200005,1.0136958,0.0,0.09689561,0.0,0.0,0.028,0.0,0.012,0.6,0.6,-27.598213,2.2301755,0.7433919,0.16800001,0.0,0.14678442,0.0,0.0
hardzero_only__c0p58__z1p00__lam0p000__nu0p50__psi0p00,0.028,borrow,53,1218,0.0,2,-0.6,-0.6,-0.61200005,1.0058852,0.0,0.09865402,0.0,0.0,0.028,0.0,0.012,0.6,0.6,-26.845364,2.2129917,0.7376639,0.18400002,0.0,0.13935278,0.0,0.0
hardzero_only__c0p58__z1p00__lam0p000__nu0p50__psi0p00,0.028,borrow,53,1219,0.0,2,-0.6,-0.6,-0.60906076,0.97891253,0.10497537,0.10497537,1.0,0.0029393106,0.028,0.0,0.012,0.6,0.6,-26.814777,2.1536505,0.7178835,0.16000001,0.0,0.14202012,0.0,0.0
hardzero_only__c0p58__z1p00__lam0p000__nu0p50__psi0p00,0.028,borrow,53,1220,0.0,2,-0.6,-0.6,-0.61200005,1.0098085,0.0,0.09776681,0.0,0.0,0.028,0.0,0.012,0.6,0.6,-26.794449,2.2216232,0.7405411,0.2,0.0,0.16955487,0.0,0.0
hardzero_only__c0p58__z1p00__lam0p000__nu0p50__psi0p00,0.028,borrow,53,1221,0.0,2,-0.6,-0.6,-0.61200005,1.0188595,0.0,0.095750384,0.0,0.0,0.028,0.0,0.012,0.6,0.6,-26.962572,2.2415357,0.74717855,0.18400002,0.0,0.15853447,0.0,0.0
hardzero_only__c0p58__z1p00__lam0p000__nu0p50__psi0p00,0.028,borrow,53,1222,0.0,2,-0.6,-0.6,-0.6088437,0.94797,0.112727545,0.112727545,1.0,0.0031563714,0.028,0.0,0.012,0.6,0.6,-26.090153,2.0855756,0.69519186,0.19,0.0,0.121171676,0.0,0.0
hardzero_only__c0p58__z1p00__lam0p000__nu0p50__psi0p00,0.028,borrow,53,1223,0.0,2,-0.6,-0.6,-0.61200005,1.0310365,0.0,0.09310297,0.0,0.0,0.028,0.0,0.012,0.6,0.6,-26.93119,2.2683256,0.7561085,0.16000001,0.0,0.16294587,0.0,0.0
hardzero_only__c0p58__z1p00__lam0p000__nu0p50__psi0p00,0.028,borrow,53,1224,0.0,2,-0.6,-0.6,-0.60902816,0.97412604,0.10613874,0.10613874,1.0,0.0029718848,0.028,0.0,0.012,0.6,0.6,-26.765907,2.14312,0.71437335,0.216,0.0,0.14264941,0.0,0.0
hardzero_only__c0p58__z1p00__lam0p000__nu0p50__psi0p00,0.028,borrow,53,1225,0.0,2,-0.6,-0.6,-0.60916597,0.9947445,0.10121746,0.10121746,1.0,0.002834089,0.028,0.0,0.012,0.6,0.6,-25.770952,2.1884816,0.72949386,0.16000001,0.0,0.14581734,0.0,0.0
hardzero_only__c0p58__z1p00__lam0p000__nu0p50__psi0p00,0.028,borrow,53,1226,0.0,2,-0.6,-0.6,-0.60872626,0.9321073,0.11692104,0.11692104,1.0,0.003273789,0.028,0.0,0.012,0.6,0.6,-25.95867,2.050677,0.68355906,0.23200001,0.0,0.12566666,0.0,0.0
hardzero_only__c0p58__z1p00__lam0p000__nu0p50__psi0p00,0.028,borrow,53,1227,0.0,2,-0.6,-0.6,-0.61200005,1.0123398,0.0,0.09719863,0.0,0.0,0.028,0.0,0.012,0.6,0.6,-27.060324,2.2271922,0.7423974,0.112,0.0,0.14614609,0.0,0.0
hardzero_only__c0p58__z1p00__lam0p000__nu0p50__psi0p00,0.028,borrow,53,1228,0.0,2,-0.6,-0.6,-0.60884875,0.94866514,0.11254724,0.11254724,1.0,0.003151323,0.028,0.0,0.012,0.6,0.6,-27.089272,2.087105,0.6957017,0.16800001,0.0,0.1373498,0.0,0.0
hardzero_only__c0p58__z1p00__lam0p000__nu0p50__psi0p00,0.028,borrow,53,1229,0.0,2,-0.6,-0.6,-0.61200005,1.0363991,0.0,0.091960415,0.0,0.0,0.028,0.0,0.012,0.6,0.6,-27.520958,2.2801237,0.76004124,0.136,0.0,0.14946643,0.0,0.0
hardzero_only__c0p58__z1p00__lam0p000__nu0p50__psi0p00,0.028,borrow,53,1230,0.0,2,-0.6,-0.6,-0.6090279,0.97409123,0.106147245,0.106147245,1.0,0.002972123,0.028,0.0,0.012,0.6,0.6,-26.203562,2.1430435,0.71434784,0.208,0.0,0.12786804,0.0,0.0
hardzero_only__c0p58__z1p00__lam0p000__nu0p50__psi0p00,0.028,borrow,53,1231,0.0,2,-0.6,-0.6,-0.60919166,0.9987026,0.10029919,0.10029919,1.0,0.0028083774,0.028,0.0,0.012,0.6,0.6,-26.664623,2.1971896,0.73239654,0.120000005,0.0,0.1509603,0.0,0.0
hardzero_only__c0p58__z1p00__lam0p000__nu0p50__psi0p00,0.028,borrow,53,1232,0.0,2,-0.6,-0.6,-0.61200005,1.0167551,0.0,0.09621547,0.0,0.0,0.028,0.0,0.012,0.6,0.6,-26.905647,2.2369058,0.7456353,0.096,0.0,0.12881432,0.0,0.0
hardzero_only__c0p58__z1p00__lam0p000__nu0p50__psi0p00,0.028,borrow,53,1233,0.0,2,-0.6,-0.6,-0.6090685,0.9800663,0.104696885,0.104696885,1.0,0.002931513,0.028,0.0,0.012,0.6,0.6,-27.131594,2.156189,0.7187297,0.208,0.0,0.13866416,0.0,0.0
hardzero_only__c0p58__z1p00__lam0p000__nu0p50__psi0p00,0.028,borrow,53,1234,0.0,2,-0.6,-0.6,-0.60870296,0.9290281,0.11775297,0.11775297,1.0,0.0032970833,0.028,0.0,0.012,0.6,0.6,-25.995674,2.0439026,0.6813009,0.256,0.0,0.14584152,0.0,0.0
hardzero_only__c0p58__z1p00__lam0p000__nu0p50__psi0p00,0.028,borrow,53,1235,0.0,2,-0.6,-0.6,-0.61200005,1.0067743,0.0,0.09845225,0.0,0.0,0.028,0.0,0.012,0.6,0.6,-26.450956,2.2149477,0.73831594,0.17999999,0.0,0.13721861,0.0,0.0
hardzero_only__c0p58__z1p00__lam0p000__nu0p50__psi0p00,0.028,borrow,53,1236,0.0,2,-0.6,-0.6,-0.6088884,0.9541674,0.11113032,0.11113032,1.0,0.003111649,0.028,0.0,0.012,0.6,0.6,-26.443468,2.0992103,0.6997368,0.28800002,0.0,0.15219235,0.0,0.0
hardzero_only__c0p58__z1p00__lam0p000__nu0p50__psi0p00,0.028,borrow,53,1237,0.0,2,-0.6,-0.6,-0.61200005,1.019554,0.0,0.09559737,0.0,0.0,0.028,0.0,0.012,0.6,0.6,-27.40616,2.2430637,0.74768794,0.16000001,0.0,0.1869746,0.0,0.0
hardzero_only__c0p58__z1p00__lam0p000__nu0p50__psi0p00,0.028,borrow,53,1238,0.0,2,-0.6,-0.6,-0.6091323,0.9896175,0.10241945,0.10241945,1.0,0.0028677448,0.028,0.0,0.012,0.6,0.6,-27.613216,2.177202,0.725734,0.15200001,0.0,0.14784528,0.0,0.0
hardzero_only__c0p58__z1p00__lam0p000__nu0p50__psi0p00,0.028,borrow,53,1239,0.0,2,-0.6,-0.6,-0.6090667,0.97979486,0.10476232,0.10476232,1.0,0.002933345,0.028,0.0,0.012,0.6,0.6,-26.435331,2.1555917,0.7185306,0.16000001,0.0,0.1395873,0.0,0.0
hardzero_only__c0p58__z1p00__lam0p000__nu0p50__psi0p00,0.028,borrow,53,1240,0.0,2,-0.6,-0.6,-0.61200005,1.0235776,0.0,0.0947158,0.0,0.0,0.028,0.0,0.012,0.6,0.6,-27.694721,2.2519157,0.7506386,0.104,0.0,0.13769458,0.0,0.0
hardzero_only__c0p58__z1p00__lam0p000__nu0p50__psi0p00,0.028,borrow,53,1241,0.0,2,-0.6,-0.6,-0.60878175,0.93953454,0.11493848,0.11493848,1.0,0.0032182776,0.028,0.0,0.012,0.6,0.6,-26.260756,2.0670173,0.6890058,0.16800001,0.0,0.16225362,0.0,0.0
hardzero_only__c0p58__z1p00__lam0p000__nu0p50__psi0p00,0.028,borrow,53,1242,0.0,2,-0.6,-0.6,-0.61200005,1.0846152,0.0,0.08229715,0.0,0.0,0.028,0.0,0.012,0.6,0.6,-29.014683,2.3862011,0.7954004,0.136,0.0,0.1922046,0.0,0.0
hardzero_only__c0p58__z1p00__lam0p000__nu0p50__psi0p00,0.028,borrow,53,1243,0.0,2,-0.6,-0.6,-0.61200005,1.0032234,0.0,0.09926053,0.0,0.0,0.028,0.0,0.012,0.6,0.6,-26.987179,2.2071357,0.73571193,0.14400001,0.0,0.12470571,0.0,0.0
hardzero_only__c0p58__z1p00__lam0p000__nu0p50__psi0p00,0.028,borrow,53,1244,0.0,2,-0.6,-0.6,-0.60894525,0.9621761,0.1090998,0.1090998,1.0,0.0030547944,0.028,0.0,0.012,0.6,0.6,-25.932459,2.1168296,0.7056099,0.120000005,0.0,0.12797888,0.0,0.0
hardzero_only__c0p58__z1p00__lam0p000__nu0p50__psi0p00,0.028,borrow,53,1245,0.0,2,-0.6,-0.6,-0.61200005,1.0073053,0.0,0.09833198,0.0,0.0,0.028,0.0,0.012,0.6,0.6,-27.192749,2.2161157,0.7387053,0.208,0.0,0.15789698,0.0,0.0
hardzero_only__c0p58__z1p00__lam0p000__nu0p50__psi0p00,0.028,borrow,53,1246,0.0,2,-0.6,-0.6,-0.61200005,1.0311056,0.0,0.09308815,0.0,0.0,0.028,0.0,0.012,0.6,0.6,-27.693043,2.2684777,0.75615925,0.136,0.0,0.13378035,0.0,0.0
hardzero_only__c0p58__z1p00__lam0p000__nu0p50__psi0p00,0.028,borrow,53,1247,0.0,2,-0.6,-0.6,-0.60906523,0.97957313,0.10481582,0.10481582,1.0,0.002934843,0.028,0.0,0.012,0.6,0.6,-26.680796,2.155104,0.718368,0.208,0.0,0.14450026,0.0,0.0
hardzero_only__c0p58__z1p00__lam0p000__nu0p50__psi0p00,0.028,borrow,53,1248,0.0,2,-0.6,-0.6,-0.61200005,1.005181,0.0,0.09881413,0.0,0.0,0.028,0.0,0.012,0.6,0.6,-26.927343,2.2114422,0.73714745,0.21,0.0,0.17473213,0.0,0.0
hardzero_only__c0p58__z1p00__lam0p000__nu0p50__psi0p00,0.028,borrow,53,1249,0.0,2,-0.6,-0.6,-0.61200005,1.035914,0.0,0.09206319,0.0,0.0,0.028,0.0,0.012,0.6,0.6,-28.059021,2.2790563,0.75968546,0.120000005,0.0,0.16183434,0.0,0.0
