mechanism_tag,mechanism,alpha,seed,update,update_u,update_counter,energy_E_pre,energy_E_post,funding_z,funding_g,funding_g_raw,funding_cut_active,funding_income,funding_alpha_eff,episode_return_end_mean,terminal_min_dists_end_mean,terminal_dbar_end,terminal_occupied_end_mean,terminal_CSR_train,vartd_VarTD,depr_F,depr_F_post,env_steps
hardzero_plus_depr__c0p52__z1p05__lam0p010__nu0p50__psi0p75,hardzero_plus_depr,0.03,31,0,1.0,1,1.0,0.48000002,1.0543426,0.0,0.08823835,0.0,0.0,0.03,-28.133818,2.3196,0.77320004,0.22,0.0,0.13735205,0.0,0.0,3200
hardzero_plus_depr__c0p52__z1p05__lam0p010__nu0p50__psi0p75,hardzero_plus_depr,0.03,31,1,0.0,1,0.48000002,0.4831722,0.9757627,0.10573949,0.10573949,1.0,0.0031721846,0.03,-25.809076,2.146721,0.71557367,0.16800001,0.0,0.13332689,0.0,0.01,6400
hardzero_plus_depr__c0p52__z1p05__lam0p010__nu0p50__psi0p75,hardzero_plus_depr,0.03,31,2,0.0,1,0.4831722,0.4859307,1.0331919,0.09264203,0.09264203,1.0,0.0027584943,0.02977584,-27.359123,2.2730677,0.75768924,0.16800001,0.0,0.13883123,0.01,0.02,9600
hardzero_plus_depr__c0p52__z1p05__lam0p010__nu0p50__psi0p75,hardzero_plus_depr,0.03,31,3,0.0,1,0.4859307,0.4859307,1.0735608,0.0,0.08441879,0.0,0.0,0.029553358,-27.975704,2.361881,0.7872937,0.080000006,0.0,0.16461343,0.02,0.03,12800
hardzero_plus_depr__c0p52__z1p05__lam0p010__nu0p50__psi0p75,hardzero_plus_depr,0.03,31,4,0.0,1,0.4859307,0.4859307,1.0536997,0.0,0.088369064,0.0,0.0,0.029332535,-28.111158,2.3181856,0.77272856,0.14400001,0.0,0.1629376,0.03,0.04,16000
hardzero_plus_depr__c0p52__z1p05__lam0p010__nu0p50__psi0p75,hardzero_plus_depr,0.03,31,5,0.0,1,0.4859307,0.48858872,1.0395344,0.091298886,0.091298886,1.0,0.002658018,0.029113367,-27.4937,2.2870214,0.7623405,0.16800001,0.0,0.15533362,0.04,0.049999997,19200
hardzero_plus_depr__c0p52__z1p05__lam0p010__nu0p50__psi0p75,hardzero_plus_depr,0.03,31,6,0.0,1,0.48858872,0.49135017,1.019696,0.09556612,0.09556612,1.0,0.0027614627,0.028895833,-27.168457,2.243376,0.747792,0.23200001,0.0,0.14556813,0.049999997,0.059999995,22400
hardzero_plus_depr__c0p52__z1p05__lam0p010__nu0p50__psi0p75,hardzero_plus_depr,0.03,31,7,0.0,1,0.49135017,0.49135017,1.0864192,0.0,0.08195599,0.0,0.0,0.028679926,-27.365583,2.39017,0.79672337,0.128,0.0,0.16971922,0.059999995,0.06999999,25600
hardzero_plus_depr__c0p52__z1p05__lam0p010__nu0p50__psi0p75,hardzero_plus_depr,0.03,31,8,0.0,1,0.49135017,0.49391082,1.0459735,0.08995523,0.08995523,1.0,0.0025606323,0.028465629,-28.027979,2.3011878,0.7670626,0.128,0.0,0.1835905,0.06999999,0.07999999,28800
hardzero_plus_depr__c0p52__z1p05__lam0p010__nu0p50__psi0p75,hardzero_plus_depr,0.03,31,9,0.0,1,0.49391082,0.49681488,0.9880587,0.10278773,0.10278773,1.0,0.0029040554,0.028252937,-26.301424,2.1737726,0.7245909,0.16000001,0.0,0.14571661,0.07999999,0.08999999,32000
hardzero_plus_depr__c0p52__z1p05__lam0p010__nu0p50__psi0p75,hardzero_plus_depr,0.03,31,10,0.0,1,0.49681488,0.49942446,1.0312346,0.09306049,0.09306049,1.0,0.0026095868,0.028041832,-28.457836,2.2687614,0.75625384,0.18400002,0.0,0.15853511,0.08999999,0.09999999,35200
hardzero_plus_depr__c0p52__z1p05__lam0p010__nu0p50__psi0p75,hardzero_plus_depr,0.03,31,11,0.0,1,0.49942446,0.5019325,1.0452151,0.09011246,0.09011246,1.0,0.0025080377,0.027832307,-26.980114,2.2995193,0.76650643,0.136,0.0,0.1224344,0.09999999,0.109999985,38400
hardzero_plus_depr__c0p52__z1p05__lam0p010__nu0p50__psi0p75,hardzero_plus_depr,0.03,31,12,0.0,1,0.5019325,0.50446844,1.0371548,0.09180054,0.09180054,1.0,0.0025359297,0.027624343,-27.341097,2.2817862,0.76059544,0.136,0.0,0.14319625,0.109999985,0.11999998,41600
hardzero_plus_depr__c0p52__z1p05__lam0p010__nu0p50__psi0p75,hardzero_plus_depr,0.03,31,13,0.0,1,0.50446844,0.50696194,1.04123,0.090943165,0.090943165,1.0,0.002493474,0.027417937,-28.192152,2.2907517,0.7635839,0.11,0.0,0.17045574,0.11999998,0.12999998,44800
hardzero_plus_depr__c0p52__z1p05__lam0p010__nu0p50__psi0p75,hardzero_plus_depr,0.03,31,14,0.0,1,0.50696194,0.509493,1.0314773,0.0930085,0.0930085,1.0,0.002531047,0.02721307,-27.820738,2.2692955,0.7564318,0.18400002,0.0,0.13435356,0.12999998,0.13999999,48000
hardzero_plus_depr__c0p52__z1p05__lam0p010__nu0p50__psi0p75,hardzero_plus_depr,0.03,31,15,0.0,1,0.509493,0.509493,1.086392,0.0,0.08196113,0.0,0.0,0.027009737,-28.378933,2.3901103,0.79670346,0.16000001,0.0,0.14323309,0.13999999,0.14999999,51200
hardzero_plus_depr__c0p52__z1p05__lam0p010__nu0p50__psi0p75,hardzero_plus_depr,0.03,31,16,0.0,1,0.509493,0.5119193,1.0433141,0.09050778,0.09050778,1.0,0.0024263256,0.026807921,-28.603165,2.295337,0.76511234,0.14400001,0.0,0.16340826,0.14999999,0.16,54400
hardzero_plus_depr__c0p52__z1p05__lam0p010__nu0p50__psi0p75,hardzero_plus_depr,0.03,31,17,0.0,1,0.5119193,0.5119193,1.0525787,0.0,0.08859748,0.0,0.0,0.02660761,-27.445099,2.3157194,0.7719065,0.104,0.0,0.14031667,0.16,0.17,57600
hardzero_plus_depr__c0p52__z1p05__lam0p010__nu0p50__psi0p75,hardzero_plus_depr,0.03,31,18,0.0,1,0.5119193,0.5119193,1.0775815,0.0,0.08364086,0.0,0.0,0.026408803,-28.590044,2.3707266,0.7902422,0.16800001,0.0,0.15327322,0.17,0.18,60800
hardzero_plus_depr__c0p52__z1p05__lam0p010__nu0p50__psi0p75,hardzero_plus_depr,0.03,31,19,0.0,1,0.5119193,0.51457655,0.9940626,0.101376526,0.101376526,1.0,0.0026572286,0.026211478,-26.08415,2.1869814,0.72899383,0.17600001,0.0,0.1353034,0.18,0.19000001,64000
hardzero_plus_depr__c0p52__z1p05__lam0p010__nu0p50__psi0p75,hardzero_plus_depr,0.03,31,20,0.0,1,0.51457655,0.5172502,0.9881332,0.10277012,0.10277012,1.0,0.002673629,0.026015626,-26.685947,2.1739364,0.7246455,0.208,0.0,0.13257454,0.19000001,0.20000002,67200
hardzero_plus_depr__c0p52__z1p05__lam0p010__nu0p50__psi0p75,hardzero_plus_depr,0.03,31,21,0.0,1,0.5172502,0.5172502,1.0682087,0.0,0.08546559,0.0,0.0,0.025821237,-27.30553,2.350106,0.7833687,0.16000001,0.0,0.13717349,0.20000002,0.21000002,70400
hardzero_plus_depr__c0p52__z1p05__lam0p010__nu0p50__psi0p75,hardzero_plus_depr,0.03,31,22,0.0,1,0.5172502,0.5198203,0.99876726,0.10028426,0.10028426,1.0,0.0025701155,0.025628304,-26.434687,2.197332,0.732444,0.128,0.0,0.12570411,0.21000002,0.22000003,73600
hardzero_plus_depr__c0p52__z1p05__lam0p010__nu0p50__psi0p75,hardzero_plus_depr,0.03,31,23,0.0,1,0.5198203,0.52273065,0.94151515,0.114415504,0.114415504,1.0,0.0029103656,0.025436811,-26.425581,2.0713747,0.69045824,0.18400002,0.0,0.14299983,0.22000003,0.23000003,76800
hardzero_plus_depr__c0p52__z1p05__lam0p010__nu0p50__psi0p75,hardzero_plus_depr,0.03,31,24,1.0,2,0.52273065,0.0027306676,1.052723,0.0,0.08856801,0.0,0.0,0.025246747,-27.176956,2.316037,0.77201235,0.18400002,0.0,0.15745032,0.23000003,0.11500002,80000
hardzero_plus_depr__c0p52__z1p05__lam0p010__nu0p50__psi0p75,hardzero_plus_depr,0.03,31,25,0.0,2,0.0027306676,0.0053358693,1.0238221,0.094662495,0.094662495,1.0,0.0026052014,0.027520947,-26.770813,2.2524536,0.7508179,0.17600001,0.0,0.16069545,0.11500002,0.12500001,83200
hardzero_plus_depr__c0p52__z1p05__lam0p010__nu0p50__psi0p75,hardzero_plus_depr,0.03,31,26,0.0,2,0.0053358693,0.008216472,0.97692275,0.10545744,0.10545744,1.0,0.0028806028,0.027315311,-27.55375,2.149273,0.71642435,0.13,0.0,0.19125617,0.12500001,0.13500002,86400
hardzero_plus_depr__c0p52__z1p05__lam0p010__nu0p50__psi0p75,hardzero_plus_depr,0.03,31,27,0.0,2,0.008216472,0.010963991,0.9942083,0.10134253,0.10134253,1.0,0.0027475187,0.027111212,-26.710756,2.1873019,0.72910064,0.192,0.0,0.15154593,0.13500002,0.14500003,89600
hardzero_plus_depr__c0p52__z1p05__lam0p010__nu0p50__psi0p75,hardzero_plus_depr,0.03,31,28,0.0,2,0.010963991,0.013506564,1.0246183,0.0944891,0.0944891,1.0,0.002542573,0.026908638,-26.932388,2.2542052,0.7514018,0.16000001,0.0,0.1408632,0.14500003,0.15500003,92800
hardzero_plus_depr__c0p52__z1p05__lam0p010__nu0p50__psi0p75,hardzero_plus_depr,0.03,31,29,0.0,2,0.013506564,0.016033808,1.0239873,0.09462649,0.09462649,1.0,0.0025272442,0.026707577,-27.662334,2.2528172,0.7509391,0.208,0.0,0.14549246,0.15500003,0.16500004,96000
hardzero_plus_depr__c0p52__z1p05__lam0p010__nu0p50__psi0p75,hardzero_plus_depr,0.03,31,30,0.0,2,0.016033808,0.018554196,1.02191,0.09508018,0.09508018,1.0,0.0025203873,0.02650802,-27.445282,2.248247,0.74941564,0.17600001,0.0,0.15790294,0.16500004,0.17500004,99200
hardzero_plus_depr__c0p52__z1p05__lam0p010__nu0p50__psi0p75,hardzero_plus_depr,0.03,31,31,0.0,2,0.018554196,0.021185389,0.99996746,0.10000749,0.10000749,1.0,0.0026311923,0.026309954,-26.3468,2.1999724,0.73332417,0.16800001,0.0,0.13550477,0.17500004,0.18500005,102400
hardzero_plus_depr__c0p52__z1p05__lam0p010__nu0p50__psi0p75,hardzero_plus_depr,0.03,31,32,0.0,2,0.021185389,0.02390796,0.9818837,0.10425966,0.10425966,1.0,0.002722571,0.026113369,-26.761282,2.1601872,0.72006243,0.208,0.0,0.14904478,0.18500005,0.19500005,105600
hardzero_plus_depr__c0p52__z1p05__lam0p010__nu0p50__psi0p75,hardzero_plus_depr,0.03,31,33,0.0,2,0.02390796,0.026266845,1.0408989,0.091012515,0.091012515,1.0,0.002358885,0.025918249,-28.202658,2.2900233,0.7633411,0.16800001,0.0,0.17599358,0.19500005,0.20500006,108800
hardzero_plus_depr__c0p52__z1p05__lam0p010__nu0p50__psi0p75,hardzero_plus_depr,0.03,31,34,0.0,2,0.026266845,0.028594378,1.0434526,0.09047891,0.09047891,1.0,0.0023275327,0.025724588,-27.464762,2.2956417,0.7652139,0.16000001,0.0,0.16095412,0.20500006,0.21500006,112000
hardzero_plus_depr__c0p52__z1p05__lam0p010__nu0p50__psi0p75,hardzero_plus_depr,0.03,31,35,0.0,2,0.028594378,0.031281326,0.9778322,0.10523684,0.10523684,1.0,0.0026869467,0.025532376,-26.478249,2.1512737,0.71709126,0.18400002,0.0,0.1430837,0.21500006,0.22500007,115200
hardzero_plus_depr__c0p52__z1p05__lam0p010__nu0p50__psi0p75,hardzero_plus_depr,0.03,31,36,0.0,2,0.031281326,0.033892393,0.98701584,0.10303486,0.10303486,1.0,0.0026110683,0.0253416,-26.994911,2.1714783,0.7238261,0.128,0.0,0.11972929,0.22500007,0.23500007,118400
hardzero_plus_depr__c0p52__z1p05__lam0p010__nu0p50__psi0p75,hardzero_plus_depr,0.03,31,37,0.0,2,0.033892393,0.03630399,1.0182725,0.09587988,0.09587988,1.0,0.0024115946,0.02515225,-27.29313,2.2402442,0.7467481,0.16800001,0.0,0.15257391,0.23500007,0.24500008,121600
hardzero_plus_depr__c0p52__z1p05__lam0p010__nu0p50__psi0p75,hardzero_plus_depr,0.03,31,38,0.0,2,0.03630399,0.038856965,0.9902731,0.10226497,0.10226497,1.0,0.0025529747,0.024964312,-26.844393,2.1786444,0.7262148,0.216,0.0,0.15840068,0.24500008,0.25500008,124800
hardzero_plus_depr__c0p52__z1p05__lam0p010__nu0p50__psi0p75,hardzero_plus_depr,0.03,31,39,0.0,2,0.038856965,0.041427553,0.9840298,0.10374572,0.10374572,1.0,0.0025705888,0.024777781,-27.026415,2.164909,0.7216363,0.17999999,0.0,0.1277769,0.25500008,0.26500008,128000
hardzero_plus_depr__c0p52__z1p05__lam0p010__nu0p50__psi0p75,hardzero_plus_depr,0.03,31,40,0.0,2,0.041427553,0.043801073,1.015412,0.09651349,0.09651349,1.0,0.002373522,0.024592644,-27.266031,2.2339509,0.7446503,0.14400001,0.0,0.13431948,0.26500008,0.27500007,131200
hardzero_plus_depr__c0p52__z1p05__lam0p010__nu0p50__psi0p75,hardzero_plus_depr,0.03,31,41,0.0,2,0.043801073,0.04610745,1.0246181,0.09448912,0.09448912,1.0,0.0023063743,0.024408888,-27.16739,2.254205,0.75140166,0.16800001,0.0,0.1421635,0.27500007,0.28500006,134400
hardzero_plus_depr__c0p52__z1p05__lam0p010__nu0p50__psi0p75,hardzero_plus_depr,0.03,31,42,0.0,2,0.04610745,0.048599415,0.98774856,0.10286116,0.10286116,1.0,0.0024919664,0.024226505,-26.58961,2.1730902,0.72436345,0.18400002,0.0,0.14735682,0.28500006,0.29500005,137600
hardzero_plus_depr__c0p52__z1p05__lam0p010__nu0p50__psi0p75,hardzero_plus_depr,0.03,31,43,0.0,2,0.048599415,0.048599415,1.0849421,0.0,0.082235225,0.0,0.0,0.024045488,-27.902079,2.3869202,0.7956401,0.128,0.0,0.1425737,0.29500005,0.30500004,140800
hardzero_plus_depr__c0p52__z1p05__lam0p010__nu0p50__psi0p75,hardzero_plus_depr,0.03,31,44,0.0,2,0.048599415,0.05130639,0.94529223,0.11342472,0.11342472,1.0,0.002706974,0.02386582,-25.621925,2.0796845,0.6932282,0.16000001,0.0,0.14164235,0.30500004,0.31500003,144000
hardzero_plus_depr__c0p52__z1p05__lam0p010__nu0p50__psi0p75,hardzero_plus_depr,0.03,31,45,0.0,2,0.05130639,0.05342508,1.0484515,0.089443415,0.089443415,1.0,0.0021186906,0.023687497,-27.9044,2.3066394,0.76887983,0.23200001,0.0,0.14681765,0.31500003,0.32500002,147200
hardzero_plus_depr__c0p52__z1p05__lam0p010__nu0p50__psi0p75,hardzero_plus_depr,0.03,31,46,0.0,2,0.05342508,0.055782594,0.9988078,0.10027489,0.10027489,1.0,0.0023575134,0.023510506,-26.84435,2.197421,0.73247373,0.128,0.0,0.13241835,0.32500002,0.335,150400
hardzero_plus_depr__c0p52__z1p05__lam0p010__nu0p50__psi0p75,hardzero_plus_depr,0.03,31,47,0.0,2,0.055782594,0.058150697,0.9936039,0.10148366,0.10148366,1.0,0.0023681046,0.023334837,-26.819786,2.1859722,0.7286574,0.16800001,0.0,0.15392241,0.335,0.345,153600
hardzero_plus_depr__c0p52__z1p05__lam0p010__nu0p50__psi0p75,hardzero_plus_depr,0.03,31,48,0.0,2,0.058150697,0.060329366,1.0265566,0.09406831,0.09406831,1.0,0.0021786673,0.023160482,-27.326283,2.2584696,0.75282323,0.096,0.0,0.12009755,0.345,0.355,156800
hardzero_plus_depr__c0p52__z1p05__lam0p010__nu0p50__psi0p75,hardzero_plus_depr,0.03,31,49,0.0,2,0.060329366,0.06261979,1.0015738,0.09963828,0.09963828,1.0,0.0022904277,0.022987427,-27.168318,2.2035065,0.7345022,0.112,0.0,0.14357343,0.355,0.36499998,160000
hardzero_plus_depr__c0p52__z1p05__lam0p010__nu0p50__psi0p75,hardzero_plus_depr,0.03,31,50,0.0,2,0.06261979,0.0648526,1.0093815,0.09786299,0.09786299,1.0,0.002232809,0.022815665,-27.597973,2.2206838,0.74022794,0.208,0.0,0.16846634,0.36499998,0.37499997,163200
hardzero_plus_depr__c0p52__z1p05__lam0p010__nu0p50__psi0p75,hardzero_plus_depr,0.03,31,51,0.0,2,0.0648526,0.06695566,1.0321237,0.09287018,0.09287018,1.0,0.0021030628,0.022645188,-27.287485,2.2707174,0.7569058,0.14400001,0.0,0.17801774,0.37499997,0.38499996,166400
hardzero_plus_depr__c0p52__z1p05__lam0p010__nu0p50__psi0p75,hardzero_plus_depr,0.03,31,52,0.0,2,0.06695566,0.06949878,0.94635266,0.113148116,0.113148116,1.0,0.0025431153,0.022475984,-25.330307,2.0820174,0.69400585,0.26999998,0.0,0.11924263,0.38499996,0.39499995,169600
hardzero_plus_depr__c0p52__z1p05__lam0p010__nu0p50__psi0p75,hardzero_plus_depr,0.03,31,53,0.0,2,0.06949878,0.07150852,1.0453209,0.090090536,0.090090536,1.0,0.0020097438,0.022308046,-28.42758,2.2997518,0.7665839,0.15200001,0.0,0.15925406,0.39499995,0.40499994,172800
hardzero_plus_depr__c0p52__z1p05__lam0p010__nu0p50__psi0p75,hardzero_plus_depr,0.03,31,54,0.0,2,0.07150852,0.0736785,1.0087485,0.09800573,0.09800573,1.0,0.0021699802,0.022141362,-27.250916,2.2192912,0.73976374,0.14400001,0.0,0.13888308,0.40499994,0.41499993,176000
hardzero_plus_depr__c0p52__z1p05__lam0p010__nu0p50__psi0p75,hardzero_plus_depr,0.03,31,55,0.0,2,0.0736785,0.07570641,1.0348985,0.0922787,0.0922787,1.0,0.0020279095,0.021975923,-26.72883,2.2768223,0.7589408,0.15200001,0.0,0.12746368,0.41499993,0.42499992,179200
hardzero_plus_depr__c0p52__z1p05__lam0p010__nu0p50__psi0p75,hardzero_plus_depr,0.03,31,56,0.0,2,0.07570641,0.07795882,0.9860409,0.1032664,0.1032664,1.0,0.0022524178,0.02181172,-27.170504,2.1693332,0.7231111,0.18400002,0.0,0.16539845,0.42499992,0.4349999,182400
hardzero_plus_depr__c0p52__z1p05__lam0p010__nu0p50__psi0p75,hardzero_plus_depr,0.03,31,57,0.0,2,0.07795882,0.07996531,1.0329965,0.092683725,0.092683725,1.0,0.0020064865,0.021648746,-27.325716,2.2726378,0.75754595,0.17600001,0.0,0.15017761,0.4349999,0.4449999,185600
hardzero_plus_depr__c0p52__z1p05__lam0p010__nu0p50__psi0p75,hardzero_plus_depr,0.03,31,58,0.0,2,0.07996531,0.07996531,1.0536973,0.0,0.08836955,0.0,0.0,0.021486986,-27.696722,2.3181803,0.7727268,0.16800001,0.0,0.16370255,0.4449999,0.4549999,188800
hardzero_plus_depr__c0p52__z1p05__lam0p010__nu0p50__psi0p75,hardzero_plus_depr,0.03,31,59,0.0,2,0.07996531,0.08219402,0.9808642,0.104504675,0.104504675,1.0,0.0022287122,0.021326436,-26.408323,2.1579444,0.7193148,0.16000001,0.008,0.11030328,0.4549999,0.46499988,192000
hardzero_plus_depr__c0p52__z1p05__lam0p010__nu0p50__psi0p75,hardzero_plus_depr,0.03,31,60,0.0,2,0.08219402,0.084181376,1.0273861,0.09388882,0.09388882,1.0,0.0019873527,0.021167086,-27.699266,2.2602944,0.7534315,0.16000001,0.0,0.14955844,0.46499988,0.47499987,195200
hardzero_plus_depr__c0p52__z1p05__lam0p010__nu0p50__psi0p75,hardzero_plus_depr,0.03,31,61,0.0,2,0.084181376,0.0863198,0.99231005,0.10178646,0.10178646,1.0,0.0021384242,0.021008927,-26.019775,2.1831257,0.7277086,0.216,0.0,0.15988155,0.47499987,0.48499987,198400
hardzero_plus_depr__c0p52__z1p05__lam0p010__nu0p50__psi0p75,hardzero_plus_depr,0.03,31,62,0.0,2,0.0863198,0.088414855,0.99795026,0.10047309,0.10047309,1.0,0.00209506,0.020851951,-26.159645,2.1955345,0.73184484,0.16800001,0.0,0.12450448,0.48499987,0.49499986,201600
hardzero_plus_depr__c0p52__z1p05__lam0p010__nu0p50__psi0p75,hardzero_plus_depr,0.03,31,63,0.0,2,0.088414855,0.088414855,1.050241,0.0,0.08907564,0.0,0.0,0.020696146,-26.957552,2.3105762,0.7701921,0.136,0.0,0.13827176,0.49499986,0.5049999,204800
hardzero_plus_depr__c0p52__z1p05__lam0p010__nu0p50__psi0p75,hardzero_plus_depr,0.03,31,64,0.0,2,0.088414855,0.09061373,0.9704315,0.10704552,0.10704552,1.0,0.0021988759,0.020541504,-27.187067,2.134992,0.71166396,0.24000001,0.0,0.15419318,0.5049999,0.51499987,208000
hardzero_plus_depr__c0p52__z1p05__lam0p010__nu0p50__psi0p75,hardzero_plus_depr,0.03,31,65,0.0,2,0.09061373,0.09298243,0.93486524,0.11618091,0.11618091,1.0,0.0023686986,0.020388018,-26.057983,2.0567446,0.68558156,0.16,0.0,0.15100256,0.51499987,0.52499986,211200
hardzero_plus_depr__c0p52__z1p05__lam0p010__nu0p50__psi0p75,hardzero_plus_depr,0.03,31,66,0.0,2,0.09298243,0.095043615,0.99200034,0.10185906,0.10185906,1.0,0.0020611875,0.020235682,-26.438513,2.1824443,0.7274815,0.18400002,0.0,0.12088212,0.52499986,0.53499985,214400
hardzero_plus_depr__c0p52__z1p05__lam0p010__nu0p50__psi0p75,hardzero_plus_depr,0.03,31,67,0.0,2,0.095043615,0.09698707,1.0142871,0.0967638,0.0967638,1.0,0.0019434507,0.020084482,-26.753277,2.2314763,0.74382544,0.112,0.0,0.14273168,0.53499985,0.54499984,217600
hardzero_plus_depr__c0p52__z1p05__lam0p010__nu0p50__psi0p75,hardzero_plus_depr,0.03,31,68,0.0,2,0.09698707,0.09890832,1.0160199,0.09637848,0.09637848,1.0,0.0019212484,0.019934412,-27.279266,2.2352886,0.7450962,0.18400002,0.0,0.1507419,0.54499984,0.5549998,220800
hardzero_plus_depr__c0p52__z1p05__lam0p010__nu0p50__psi0p75,hardzero_plus_depr,0.03,31,69,0.0,2,0.09890832,0.1009518,0.9859768,0.10328165,0.10328165,1.0,0.0020434752,0.019785462,-27.542313,2.1691923,0.7230641,0.208,0.0,0.158196,0.5549998,0.5649998,224000
hardzero_plus_depr__c0p52__z1p05__lam0p010__nu0p50__psi0p75,hardzero_plus_depr,0.03,31,70,0.0,2,0.1009518,0.10272484,1.04437,0.09028797,0.09028797,1.0,0.0017730414,0.019637628,-27.65258,2.29766,0.7658867,0.208,0.0,0.15965904,0.5649998,0.5749998,227200
hardzero_plus_depr__c0p52__z1p05__lam0p010__nu0p50__psi0p75,hardzero_plus_depr,0.03,31,71,0.0,2,0.10272484,0.10453965,1.0310026,0.09311021,0.09311021,1.0,0.0018148015,0.019490896,-27.226198,2.2682512,0.7560837,0.16000001,0.0,0.17606977,0.5749998,0.5849998,230400
hardzero_plus_depr__c0p52__z1p05__lam0p010__nu0p50__psi0p75,hardzero_plus_depr,0.03,31,72,0.0,2,0.10453965,0.10657215,0.9785431,0.10506471,0.10506471,1.0,0.0020325044,0.019345263,-26.613201,2.1528378,0.7176126,0.24000001,0.0,0.13542669,0.5849998,0.5949998,233600
hardzero_plus_depr__c0p52__z1p05__lam0p010__nu0p50__psi0p75,hardzero_plus_depr,0.03,31,73,0.0,2,0.10657215,0.1084808,1.0025901,0.099405386,0.099405386,1.0,0.0019086545,0.019200714,-27.234278,2.2057421,0.7352474,0.16000001,0.0,0.14781785,0.5949998,0.6049998,236800
hardzero_plus_depr__c0p52__z1p05__lam0p010__nu0p50__psi0p75,hardzero_plus_depr,0.03,31,74,0.0,2,0.1084808,0.11060718,0.95242095,0.11157812,0.11157812,1.0,0.002126372,0.019057248,-25.171446,2.095368,0.698456,0.192,0.0,0.13173419,0.6049998,0.6149998,240000
hardzero_plus_depr__c0p52__z1p05__lam0p010__nu0p50__psi0p75,hardzero_plus_depr,0.03,31,75,0.0,2,0.11060718,0.11253431,0.99189264,0.10188432,0.10188432,1.0,0.0019271272,0.018914856,-26.86127,2.1822073,0.72740245,0.17600001,0.0,0.14402655,0.6149998,0.62499976,243200
hardzero_plus_depr__c0p52__z1p05__lam0p010__nu0p50__psi0p75,hardzero_plus_depr,0.03,31,76,0.0,2,0.11253431,0.11253431,1.0743597,0.0,0.08426367,0.0,0.0,0.018773522,-28.25047,2.3636384,0.78787947,0.128,0.0,0.13685486,0.62499976,0.63499975,246400
hardzero_plus_depr__c0p52__z1p05__lam0p010__nu0p50__psi0p75,hardzero_plus_depr,0.03,31,77,0.0,2,0.11253431,0.11420821,1.0465583,0.089834206,0.089834206,1.0,0.0016739031,0.018633248,-28.136229,2.3024743,0.76749146,0.16000001,0.0,0.15845217,0.63499975,0.64499974,249600
hardzero_plus_depr__c0p52__z1p05__lam0p010__nu0p50__psi0p75,hardzero_plus_depr,0.03,31,78,0.0,2,0.11420821,0.11420821,1.0817074,0.0,0.08285001,0.0,0.0,0.018494021,-28.147463,2.3798037,0.7932679,0.12,0.0,0.14468685,0.64499974,0.65499973,252800
hardzero_plus_depr__c0p52__z1p05__lam0p010__nu0p50__psi0p75,hardzero_plus_depr,0.03,31,79,0.0,2,0.11420821,0.11587969,1.0406713,0.09106022,0.09106022,1.0,0.0016714865,0.018355837,-28.092472,2.2895226,0.76317424,0.16000001,0.0,0.160604,0.65499973,0.6649997,256000
hardzero_plus_depr__c0p52__z1p05__lam0p010__nu0p50__psi0p75,hardzero_plus_depr,0.03,31,80,0.0,2,0.11587969,0.11764374,1.0140069,0.09682625,0.09682625,1.0,0.0017640467,0.018218683,-25.788454,2.2308595,0.74361986,0.136,0.0,0.12115967,0.6649997,0.6749997,259200
hardzero_plus_depr__c0p52__z1p05__lam0p010__nu0p50__psi0p75,hardzero_plus_depr,0.03,31,81,0.0,2,0.11764374,0.11955351,0.9762786,0.10561397,0.10561397,1.0,0.0019097703,0.018082554,-27.227345,2.1478558,0.7159519,0.16000001,0.0,0.14327185,0.6749997,0.6849997,262400
hardzero_plus_depr__c0p52__z1p05__lam0p010__nu0p50__psi0p75,hardzero_plus_depr,0.03,31,82,0.0,2,0.11955351,0.12139194,0.98955435,0.102434345,0.102434345,1.0,0.0018384345,0.017947443,-26.71051,2.177063,0.7256877,0.16800001,0.0,0.13342491,0.6849997,0.6949997,265600
hardzero_plus_depr__c0p52__z1p05__lam0p010__nu0p50__psi0p75,hardzero_plus_depr,0.03,31,83,0.0,2,0.12139194,0.12306335,1.0276613,0.093829334,0.093829334,1.0,0.0016714138,0.01781334,-27.084288,2.2609,0.7536334,0.192,0.008,0.14682783,0.6949997,0.7049997,268800
hardzero_plus_depr__c0p52__z1p05__lam0p010__nu0p50__psi0p75,hardzero_plus_depr,0.03,31,84,0.0,2,0.12306335,0.12501585,0.95689565,0.1104344,0.1104344,1.0,0.0019525066,0.017680239,-25.8444,2.1052125,0.7017375,0.18400002,0.0,0.12758565,0.7049997,0.7149997,272000
hardzero_plus_depr__c0p52__z1p05__lam0p010__nu0p50__psi0p75,hardzero_plus_depr,0.03,31,85,0.0,2,0.12501585,0.12700704,0.9451208,0.113469504,0.113469504,1.0,0.0019911781,0.017548135,-25.820696,2.0793073,0.6931025,0.17600001,0.008,0.13611585,0.7149997,0.72499967,275200
hardzero_plus_depr__c0p52__z1p05__lam0p010__nu0p50__psi0p75,hardzero_plus_depr,0.03,31,86,0.0,2,0.12700704,0.12700704,1.0511935,0.0,0.08888051,0.0,0.0,0.017417016,-27.896147,2.312672,0.77089065,0.16000001,0.0,0.15238899,0.72499967,0.73499966,278400
hardzero_plus_depr__c0p52__z1p05__lam0p010__nu0p50__psi0p75,hardzero_plus_depr,0.03,31,87,0.0,2,0.12700704,0.12869197,1.0111328,0.09746914,0.09746914,1.0,0.001684937,0.017286876,-27.76326,2.2245367,0.74151224,0.14400001,0.0,0.14546488,0.73499966,0.74499965,281600
hardzero_plus_depr__c0p52__z1p05__lam0p010__nu0p50__psi0p75,hardzero_plus_depr,0.03,31,88,0.0,2,0.12869197,0.13044854,0.9897936,0.10237794,0.10237794,1.0,0.001756571,0.01715771,-26.720457,2.1775894,0.72586316,0.192,0.0,0.15122832,0.74499965,0.75499964,284800
hardzero_plus_depr__c0p52__z1p05__lam0p010__nu0p50__psi0p75,hardzero_plus_depr,0.03,31,89,0.0,2,0.13044854,0.13217838,0.9931959,0.101579025,0.101579025,1.0,0.0017298408,0.017029507,-26.80683,2.1850746,0.7283582,0.17600001,0.0,0.14118828,0.75499964,0.7649996,288000
hardzero_plus_depr__c0p52__z1p05__lam0p010__nu0p50__psi0p75,hardzero_plus_depr,0.03,31,90,0.0,2,0.13217838,0.13396749,0.9753068,0.10585055,0.10585055,1.0,0.0017891141,0.016902266,-26.571903,2.1457179,0.7152393,0.2,0.0,0.15092477,0.7649996,0.7749996,291200
hardzero_plus_depr__c0p52__z1p05__lam0p010__nu0p50__psi0p75,hardzero_plus_depr,0.03,31,91,0.0,2,0.13396749,0.13555546,1.0238457,0.094657354,0.094657354,1.0,0.001587969,0.016775971,-27.531715,2.2525055,0.7508352,0.13,0.0,0.121539846,0.7749996,0.7849996,294400
hardzero_plus_depr__c0p52__z1p05__lam0p010__nu0p50__psi0p75,hardzero_plus_depr,0.03,31,92,0.0,2,0.13555546,0.13711222,1.0292107,0.0934952,0.0934952,1.0,0.0015567534,0.016650625,-26.685526,2.2643087,0.75476956,0.17600001,0.0,0.13014656,0.7849996,0.7949996,297600
hardzero_plus_depr__c0p52__z1p05__lam0p010__nu0p50__psi0p75,hardzero_plus_depr,0.03,31,93,0.0,2,0.13711222,0.13877228,0.99804944,0.10045014,0.10045014,1.0,0.0016600603,0.016526211,-27.112284,2.1957526,0.73191756,0.14400001,0.0,0.10916116,0.7949996,0.8049996,300800
hardzero_plus_depr__c0p52__z1p05__lam0p010__nu0p50__psi0p75,hardzero_plus_depr,0.03,31,94,0.0,2,0.13877228,0.14061855,0.9486219,0.11255844,0.11255844,1.0,0.0018462654,0.016402727,-25.623568,2.08701,0.69567,0.16000001,0.0,0.12138676,0.8049996,0.8149996,304000
hardzero_plus_depr__c0p52__z1p05__lam0p010__nu0p50__psi0p75,hardzero_plus_depr,0.03,31,95,0.0,2,0.14061855,0.14236896,0.968521,0.10751745,0.10751745,1.0,0.0017504024,0.01628017,-26.037924,2.1307888,0.71026295,0.208,0.0,0.1424648,0.8149996,0.8249996,307200
hardzero_plus_depr__c0p52__z1p05__lam0p010__nu0p50__psi0p75,hardzero_plus_depr,0.03,31,96,0.0,2,0.14236896,0.14405902,0.9804981,0.10459284,0.10459284,1.0,0.0016900657,0.016158523,-26.136845,2.1571388,0.7190463,0.14400001,0.0,0.11336411,0.8249996,0.83499956,310400
hardzero_plus_depr__c0p52__z1p05__lam0p010__nu0p50__psi0p75,hardzero_plus_depr,0.03,31,97,0.0,2,0.14405902,0.14405902,1.0510587,0.0,0.088908106,0.0,0.0,0.016037788,-27.58925,2.3123753,0.77079177,0.15200001,0.0,0.13615912,0.83499956,0.84499955,313600
hardzero_plus_depr__c0p52__z1p05__lam0p010__nu0p50__psi0p75,hardzero_plus_depr,0.03,31,98,0.0,2,0.14405902,0.14562064,1.00831,0.09810476,0.09810476,1.0,0.0015616271,0.015917955,-27.246555,2.218326,0.73944205,0.16800001,0.0,0.14414376,0.84499955,0.85499954,316800
hardzero_plus_depr__c0p52__z1p05__lam0p010__nu0p50__psi0p75,hardzero_plus_depr,0.03,31,99,0.0,2,0.14562064,0.14562064,1.056041,0.0,0.08789394,0.0,0.0,0.015799018,-28.43411,2.3233366,0.77444553,0.128,0.0,0.15201493,0.85499954,0.86499953,320000
hardzero_plus_depr__c0p52__z1p05__lam0p010__nu0p50__psi0p75,hardzero_plus_depr,0.03,31,100,0.0,2,0.14562064,0.14719544,0.9981488,0.10042716,0.10042716,1.0,0.001574795,0.015680967,-26.28201,2.1959713,0.73199046,0.192,0.0,0.14577724,0.86499953,0.8749995,323200
hardzero_plus_depr__c0p52__z1p05__lam0p010__nu0p50__psi0p75,hardzero_plus_depr,0.03,31,101,0.0,2,0.14719544,0.14867957,1.0206457,0.09535737,0.09535737,1.0,0.0014841231,0.0155638,-27.442192,2.2454655,0.74848855,0.16800001,0.0,0.1941335,0.8749995,0.8849995,326400
hardzero_plus_depr__c0p52__z1p05__lam0p010__nu0p50__psi0p75,hardzero_plus_depr,0.03,31,102,0.0,2,0.14867957,0.15020888,1.0043623,0.099000566,0.099000566,1.0,0.0015293121,0.015447509,-26.938692,2.2096412,0.7365471,0.136,0.0,0.13803771,0.8849995,0.8949995,329600
hardzero_plus_depr__c0p52__z1p05__lam0p010__nu0p50__psi0p75,hardzero_plus_depr,0.03,31,103,0.0,2,0.15020888,0.15020888,1.0508894,0.0,0.08894277,0.0,0.0,0.015332086,-27.629494,2.3120027,0.77066755,0.136,0.0,0.13971628,0.8949995,0.9049995,332800
hardzero_plus_depr__c0p52__z1p05__lam0p010__nu0p50__psi0p75,hardzero_plus_depr,0.03,31,104,0.0,2,0.15020888,0.15158509,1.0436578,0.09043617,0.09043617,1.0,0.0013762147,0.015217525,-27.337631,2.296093,0.76536435,0.14999999,0.0,0.12043414,0.9049995,0.9149995,336000
hardzero_plus_depr__c0p52__z1p05__lam0p010__nu0p50__psi0p75,hardzero_plus_depr,0.03,31,105,0.0,2,0.15158509,0.15314597,0.98571867,0.10334305,0.10334305,1.0,0.0015608749,0.015103821,-26.587957,2.1686244,0.7228748,0.17600001,0.0,0.13681915,0.9149995,0.9249995,339200
hardzero_plus_depr__c0p52__z1p05__lam0p010__nu0p50__psi0p75,hardzero_plus_depr,0.03,31,106,0.0,2,0.15314597,0.15456383,1.0241951,0.09458122,0.09458122,1.0,0.0014178638,0.014990966,-26.935339,2.2532742,0.7510914,0.16000001,0.0,0.17857821,0.9249995,0.93499947,342400
hardzero_plus_depr__c0p52__z1p05__lam0p010__nu0p50__psi0p75,hardzero_plus_depr,0.03,31,107,0.0,2,0.15456383,0.15620477,0.9574782,0.11028633,0.11028633,1.0,0.0016409453,0.014878955,-26.624147,2.1064942,0.70216477,0.16000001,0.0,0.14305913,0.93499947,0.94499946,345600
hardzero_plus_depr__c0p52__z1p05__lam0p010__nu0p50__psi0p75,hardzero_plus_depr,0.03,31,108,0.0,2,0.15620477,0.15776607,0.97582865,0.10572346,0.10572346,1.0,0.0015613007,0.014767779,-26.840122,2.1468658,0.71562195,0.14400001,0.0,0.1428721,0.94499946,0.95499945,348800
hardzero_plus_depr__c0p52__z1p05__lam0p010__nu0p50__psi0p75,hardzero_plus_depr,0.03,31,109,0.0,2,0.15776607,0.1590752,1.0490745,0.08931522,0.08931522,1.0,0.0013091321,0.014657436,-27.364897,2.30801,0.7693367,0.136,0.0,0.161327,0.95499945,0.96499944,352000
hardzero_plus_depr__c0p52__z1p05__lam0p010__nu0p50__psi0p75,hardzero_plus_depr,0.03,31,110,0.0,2,0.1590752,0.1605807,0.985122,0.103485145,0.103485145,1.0,0.0015054932,0.014547916,-25.54514,2.1673117,0.72243726,0.16000001,0.0,0.13588539,0.96499944,0.9749994,355200
hardzero_plus_depr__c0p52__z1p05__lam0p010__nu0p50__psi0p75,hardzero_plus_depr,0.03,31,111,0.0,2,0.1605807,0.16190755,1.0367209,0.091892295,0.091892295,1.0,0.0013268527,0.014439216,-27.700172,2.2808316,0.7602772,0.208,0.0,0.13933414,0.9749994,0.9849994,358400
hardzero_plus_depr__c0p52__z1p05__lam0p010__nu0p50__psi0p75,hardzero_plus_depr,0.03,31,112,0.0,2,0.16190755,0.16333887,1.0005527,0.09987283,0.09987283,1.0,0.0014313101,0.014331327,-27.378967,2.2012599,0.7337533,0.120000005,0.0,0.15026966,0.9849994,0.9949994,361600
hardzero_plus_depr__c0p52__z1p05__lam0p010__nu0p50__psi0p75,hardzero_plus_depr,0.03,31,113,0.0,2,0.16333887,0.16333887,1.0652945,0.0,0.08604101,0.0,0.0,0.014224243,-27.822348,2.3436947,0.7812316,0.16800001,0.0,0.15601824,0.9949994,1.0049994,364800
hardzero_plus_depr__c0p52__z1p05__lam0p010__nu0p50__psi0p75,hardzero_plus_depr,0.03,31,114,0.0,2,0.16333887,0.16477261,0.9932986,0.10155501,0.10155501,1.0,0.0014337498,0.014117962,-26.587652,2.1853006,0.72843355,0.16800001,0.0,0.1223242,1.0049994,1.0149994,368000
hardzero_plus_depr__c0p52__z1p05__lam0p010__nu0p50__psi0p75,hardzero_plus_depr,0.03,31,115,0.0,2,0.16477261,0.1662215,0.98548245,0.1033993,0.1033993,1.0,0.0014488797,0.014012472,-26.929173,2.1681046,0.72270155,0.104,0.0,0.11871839,1.0149994,1.0249994,371200
hardzero_plus_depr__c0p52__z1p05__lam0p010__nu0p50__psi0p75,hardzero_plus_depr,0.03,31,116,0.0,2,0.1662215,0.1675957,1.005209,0.098807745,0.098807745,1.0,0.0013741957,0.0139077725,-27.450806,2.211504,0.737168,0.208,0.0,0.14258355,1.0249994,1.0349994,374400
hardzero_plus_depr__c0p52__z1p05__lam0p010__nu0p50__psi0p75,hardzero_plus_depr,0.03,31,117,0.0,2,0.1675957,0.16902466,0.98497754,0.10351957,0.10351957,1.0,0.001428969,0.013803854,-27.599854,2.1669939,0.7223313,0.29999998,0.0,0.1530426,1.0349994,1.0449994,377600
hardzero_plus_depr__c0p52__z1p05__lam0p010__nu0p50__psi0p75,hardzero_plus_depr,0.03,31,118,0.0,2,0.16902466,0.17033261,1.0201523,0.095465764,0.095465764,1.0,0.001307949,0.0137007125,-27.209478,2.24438,0.7481267,0.14400001,0.0,0.14416142,1.0449994,1.0549994,380800
hardzero_plus_depr__c0p52__z1p05__lam0p010__nu0p50__psi0p75,hardzero_plus_depr,0.03,31,119,0.0,2,0.17033261,0.17167808,1.004614,0.0989432,0.0989432,1.0,0.0013454636,0.013598342,-27.288797,2.2101948,0.73673165,0.16000001,0.0,0.13348778,1.0549994,1.0649993,384000
hardzero_plus_depr__c0p52__z1p05__lam0p010__nu0p50__psi0p75,hardzero_plus_depr,0.03,31,120,0.0,2,0.17167808,0.17167808,1.0545156,0.0,0.0882032,0.0,0.0,0.013496736,-27.756004,2.3199806,0.7733269,0.112,0.0,0.14347889,1.0649993,1.0749993,387200
hardzero_plus_depr__c0p52__z1p05__lam0p010__nu0p50__psi0p75,hardzero_plus_depr,0.03,31,121,0.0,2,0.17167808,0.1730529,0.98872614,0.102629885,0.102629885,1.0,0.0013748186,0.01339589,-27.265486,2.175241,0.7250804,0.224,0.0,0.14024176,1.0749993,1.0849993,390400
hardzero_plus_depr__c0p52__z1p05__lam0p010__nu0p50__psi0p75,hardzero_plus_depr,0.03,31,122,0.0,2,0.1730529,0.17426544,1.0400215,0.091196544,0.091196544,1.0,0.0012125307,0.013295796,-27.828411,2.288093,0.7626977,0.17600001,0.0,0.16130738,1.0849993,1.0949993,393600
hardzero_plus_depr__c0p52__z1p05__lam0p010__nu0p50__psi0p75,hardzero_plus_depr,0.03,31,123,0.0,2,0.17426544,0.17426544,1.0529575,0.0,0.088520214,0.0,0.0,0.013196451,-27.256882,2.3165529,0.7721843,0.136,0.0,0.18161535,1.0949993,1.1049993,396800
hardzero_plus_depr__c0p52__z1p05__lam0p010__nu0p50__psi0p75,hardzero_plus_depr,0.03,31,124,0.0,2,0.17426544,0.17550734,1.0231133,0.09481711,0.09481711,1.0,0.0012419,0.013097848,-28.200779,2.250894,0.750298,0.120000005,0.0,0.15824404,1.1049993,1.1149993,400000
hardzero_plus_depr__c0p52__z1p05__lam0p010__nu0p50__psi0p75,hardzero_plus_depr,0.03,31,125,0.0,2,0.17550734,0.17676508,1.0143484,0.09675013,0.09675013,1.0,0.0012577499,0.012999981,-26.669952,2.231611,0.7438704,0.120000005,0.0,0.13759,1.1149993,1.1249993,403200
hardzero_plus_depr__c0p52__z1p05__lam0p010__nu0p50__psi0p75,hardzero_plus_depr,0.03,31,126,0.0,2,0.17676508,0.17794923,1.0372785,0.09177439,0.09177439,1.0,0.0011841508,0.012902846,-26.960201,2.2820582,0.7606861,0.120000005,0.0,0.14934842,1.1249993,1.1349993,406400
hardzero_plus_depr__c0p52__z1p05__lam0p010__nu0p50__psi0p75,hardzero_plus_depr,0.03,31,127,0.0,2,0.17794923,0.17794923,1.0601964,0.0,0.08705698,0.0,0.0,0.012806436,-27.19826,2.3324785,0.7774929,0.16000001,0.0,0.12886772,1.1349993,1.1449993,409600
hardzero_plus_depr__c0p52__z1p05__lam0p010__nu0p50__psi0p75,hardzero_plus_depr,0.03,31,128,0.0,2,0.17794923,0.17794923,1.083699,0.0,0.08247096,0.0,0.0,0.012710748,-28.10177,2.3841853,0.79472846,0.17600001,0.008,0.1527428,1.1449993,1.1549993,412800
hardzero_plus_depr__c0p52__z1p05__lam0p010__nu0p50__psi0p75,hardzero_plus_depr,0.03,31,129,0.0,2,0.17794923,0.17920235,1.0029234,0.09932913,0.09932913,1.0,0.0012531138,0.012615774,-27.161016,2.2064755,0.7354919,0.208,0.0,0.13830608,1.1549993,1.1649992,416000
hardzero_plus_depr__c0p52__z1p05__lam0p010__nu0p50__psi0p75,hardzero_plus_depr,0.03,31,130,0.0,2,0.17920235,0.18043534,1.0066941,0.09847044,0.09847044,1.0,0.0012329987,0.01252151,-27.044662,2.2147713,0.7382571,0.13,0.0,0.14707154,1.1649992,1.1749992,419200
hardzero_plus_depr__c0p52__z1p05__lam0p010__nu0p50__psi0p75,hardzero_plus_depr,0.03,31,131,0.0,2,0.18043534,0.18165046,1.0097812,0.09777294,0.09777294,1.0,0.0012151173,0.01242795,-27.887165,2.221563,0.7405211,0.136,0.0,0.17128234,1.1749992,1.1849992,422400
hardzero_plus_depr__c0p52__z1p05__lam0p010__nu0p50__psi0p75,hardzero_plus_depr,0.03,31,132,0.0,2,0.18165046,0.182803,1.0294836,0.09343646,0.09343646,1.0,0.0011525471,0.012335089,-27.464819,2.264909,0.7549697,0.120000005,0.0,0.14209704,1.1849992,1.1949992,425600
hardzero_plus_depr__c0p52__z1p05__lam0p010__nu0p50__psi0p75,hardzero_plus_depr,0.03,31,133,0.0,2,0.182803,0.18393832,1.0327677,0.09273256,0.09273256,1.0,0.0011353175,0.012242922,-27.989618,2.2721343,0.7573781,0.128,0.0,0.14933375,1.1949992,1.2049992,428800
hardzero_plus_depr__c0p52__z1p05__lam0p010__nu0p50__psi0p75,hardzero_plus_depr,0.03,31,134,0.0,2,0.18393832,0.18503225,1.045643,0.09002374,0.09002374,1.0,0.0010939183,0.012151443,-27.70678,2.3004606,0.7668202,0.136,0.0,0.13952889,1.2049992,1.2149992,432000
hardzero_plus_depr__c0p52__z1p05__lam0p010__nu0p50__psi0p75,hardzero_plus_depr,0.03,31,135,0.0,2,0.18503225,0.18623735,1.0003467,0.099920206,0.099920206,1.0,0.0012051025,0.012060649,-26.666193,2.2008066,0.7336022,0.096,0.0,0.12884453,1.2149992,1.2249992,435200
hardzero_plus_depr__c0p52__z1p05__lam0p010__nu0p50__psi0p75,hardzero_plus_depr,0.03,31,136,0.0,2,0.18623735,0.1875149,0.97173625,0.1067244,0.1067244,1.0,0.0012775478,0.011970532,-26.59291,2.1378624,0.71262085,0.104,0.0,0.12755562,1.2249992,1.2349992,438400
hardzero_plus_depr__c0p52__z1p05__lam0p010__nu0p50__psi0p75,hardzero_plus_depr,0.03,31,137,0.0,2,0.1875149,0.18877646,0.9739459,0.106182784,0.106182784,1.0,0.0012615672,0.01188109,-25.972216,2.1427238,0.71424127,0.192,0.0,0.12258553,1.2349992,1.2449992,441600
hardzero_plus_depr__c0p52__z1p05__lam0p010__nu0p50__psi0p75,hardzero_plus_depr,0.03,31,138,0.0,2,0.18877646,0.18997045,0.99460155,0.1012508,0.1012508,1.0,0.0011939813,0.011792314,-25.964396,2.188167,0.7293891,0.15200001,0.0,0.13969465,1.2449992,1.2549992,444800
hardzero_plus_depr__c0p52__z1p05__lam0p010__nu0p50__psi0p75,hardzero_plus_depr,0.03,31,139,0.0,2,0.18997045,0.19109531,1.0172459,0.096106805,0.096106805,1.0,0.0011248536,0.011704204,-27.289183,2.2379856,0.7459952,0.17600001,0.0,0.13548476,1.2549992,1.2649992,448000
hardzero_plus_depr__c0p52__z1p05__lam0p010__nu0p50__psi0p75,hardzero_plus_depr,0.03,31,140,0.0,2,0.19109531,0.19214498,1.0440359,0.09035748,0.09035748,1.0,0.0010496603,0.01161675,-28.238598,2.2969248,0.7656416,0.18400002,0.0,0.16401175,1.2649992,1.2749991,451200
hardzero_plus_depr__c0p52__z1p05__lam0p010__nu0p50__psi0p75,hardzero_plus_depr,0.03,31,141,0.0,2,0.19214498,0.19214498,1.0876158,0.0,0.0817305,0.0,0.0,0.01152995,-29.017897,2.3928027,0.7976009,0.128,0.0,0.17068279,1.2749991,1.2849991,454400
hardzero_plus_depr__c0p52__z1p05__lam0p010__nu0p50__psi0p75,hardzero_plus_depr,0.03,31,142,0.0,2,0.19214498,0.19346285,0.9386958,0.11516067,0.11516067,1.0,0.0013178755,0.011443798,-25.623278,2.065172,0.6883907,0.14400001,0.0,0.116450936,1.2849991,1.2949991,457600
hardzero_plus_depr__c0p52__z1p05__lam0p010__nu0p50__psi0p75,hardzero_plus_depr,0.03,31,143,0.0,2,0.19346285,0.19346285,1.0548098,0.0,0.088143475,0.0,0.0,0.011358291,-28.320404,2.320628,0.77354264,0.14999999,0.0,0.14036664,1.2949991,1.3049991,460800
hardzero_plus_depr__c0p52__z1p05__lam0p010__nu0p50__psi0p75,hardzero_plus_depr,0.03,31,144,0.0,2,0.19346285,0.19457735,1.0049775,0.098860435,0.098860435,1.0,0.0011144956,0.011273423,-26.49884,2.2109945,0.7369982,0.208,0.0,0.12795149,1.3049991,1.3149991,464000
hardzero_plus_depr__c0p52__z1p05__lam0p010__nu0p50__psi0p75,hardzero_plus_depr,0.03,31,145,0.0,2,0.19457735,0.19572246,0.9899511,0.102340825,0.102340825,1.0,0.0011451108,0.011189189,-25.869488,2.1779358,0.7259786,0.192,0.0,0.14929935,1.3149991,1.3249991,467200
hardzero_plus_depr__c0p52__z1p05__lam0p010__nu0p50__psi0p75,hardzero_plus_depr,0.03,31,146,0.0,2,0.19572246,0.19676466,1.0275924,0.093844235,0.093844235,1.0,0.001042195,0.011105584,-27.163984,2.2607484,0.75358284,0.15200001,0.0,0.1462979,1.3249991,1.3349991,470400
hardzero_plus_depr__c0p52__z1p05__lam0p010__nu0p50__psi0p75,hardzero_plus_depr,0.03,31,147,0.0,2,0.19676466,0.19784836,1.0073751,0.09831615,0.09831615,1.0,0.0010837,0.011022604,-27.116179,2.2162695,0.73875654,0.15200001,0.0,0.14143379,1.3349991,1.3449991,473600
hardzero_plus_depr__c0p52__z1p05__lam0p010__nu0p50__psi0p75,hardzero_plus_depr,0.03,31,148,0.0,2,0.19784836,0.19897228,0.98829204,0.10273251,0.10273251,1.0,0.0011239188,0.010940244,-26.652498,2.174286,0.72476196,0.17600001,0.0,0.1544717,1.3449991,1.3549991,476800
hardzero_plus_depr__c0p52__z1p05__lam0p010__nu0p50__psi0p75,hardzero_plus_depr,0.03,31,149,0.0,2,0.19897228,0.20010653,0.98106474,0.104456455,0.104456455,1.0,0.0011342403,0.0108584985,-26.689144,2.1583855,0.71946186,0.216,0.0,0.16008577,1.3549991,1.364999,480000
hardzero_plus_depr__c0p52__z1p05__lam0p010__nu0p50__psi0p75,hardzero_plus_depr,0.03,31,150,0.0,2,0.20010653,0.20124,0.9781015,0.1051716,0.1051716,1.0,0.0011334727,0.0107773645,-26.183607,2.1518662,0.71728873,0.120000005,0.0,0.1389408,1.364999,1.374999,483200
hardzero_plus_depr__c0p52__z1p05__lam0p010__nu0p50__psi0p75,hardzero_plus_depr,0.03,31,151,0.0,2,0.20124,0.202305,1.0019025,0.099562906,0.099562906,1.0,0.0010650082,0.010696838,-27.073528,2.2042294,0.7347431,0.192,0.0,0.12913632,1.374999,1.384999,486400
hardzero_plus_depr__c0p52__z1p05__lam0p010__nu0p50__psi0p75,hardzero_plus_depr,0.03,31,152,0.0,2,0.202305,0.20337978,0.9946812,0.10123223,0.10123223,1.0,0.0010747736,0.010616912,-26.953663,2.1883423,0.7294475,0.120000005,0.0,0.16819093,1.384999,1.394999,489600
hardzero_plus_depr__c0p52__z1p05__lam0p010__nu0p50__psi0p75,hardzero_plus_depr,0.03,31,153,0.0,2,0.20337978,0.20436873,1.0275712,0.09384881,0.09384881,1.0,0.0009889394,0.0105375815,-26.986925,2.260702,0.75356734,0.15200001,0.0,0.13403802,1.394999,1.404999,492800
hardzero_plus_depr__c0p52__z1p05__lam0p010__nu0p50__psi0p75,hardzero_plus_depr,0.03,31,154,0.0,2,0.20436873,0.2054283,0.9943523,0.10130892,0.10130892,1.0,0.0010595743,0.010458845,-27.648611,2.1876187,0.72920626,0.128,0.0,0.15786123,1.404999,1.414999,496000
hardzero_plus_depr__c0p52__z1p05__lam0p010__nu0p50__psi0p75,hardzero_plus_depr,0.03,31,155,0.0,2,0.2054283,0.20657405,0.9571394,0.11037243,0.11037243,1.0,0.0011457428,0.010380697,-26.770657,2.1057487,0.7019162,0.272,0.0,0.14730035,1.414999,1.424999,499200
hardzero_plus_depr__c0p52__z1p05__lam0p010__nu0p50__psi0p75,hardzero_plus_depr,0.03,31,156,0.0,2,0.20657405,0.20657405,1.0519989,0.0,0.08871582,0.0,0.0,0.010303134,-28.046738,2.3144436,0.7714812,0.13,0.0,0.16140546,1.424999,1.434999,502400
hardzero_plus_depr__c0p52__z1p05__lam0p010__nu0p50__psi0p75,hardzero_plus_depr,0.03,31,157,0.0,2,0.20657405,0.20752169,1.0330725,0.09266753,0.09266753,1.0,0.000947632,0.01022615,-27.801624,2.2728047,0.7576016,0.15200001,0.0,0.1557384,1.434999,1.444999,505600
hardzero_plus_depr__c0p52__z1p05__lam0p010__nu0p50__psi0p75,hardzero_plus_depr,0.03,31,158,0.0,2,0.20752169,0.20752169,1.0520047,0.0,0.08871464,0.0,0.0,0.01014974,-28.44067,2.3144565,0.7714855,0.17600001,0.0,0.15084006,1.444999,1.454999,508800
hardzero_plus_depr__c0p52__z1p05__lam0p010__nu0p50__psi0p75,hardzero_plus_depr,0.03,31,159,0.0,2,0.20752169,0.20859443,0.97270834,0.106485784,0.106485784,1.0,0.0010727275,0.010073903,-26.308191,2.140001,0.7133337,0.136,0.0,0.12712777,1.454999,1.464999,512000
hardzero_plus_depr__c0p52__z1p05__lam0p010__nu0p50__psi0p75,hardzero_plus_depr,0.03,31,160,0.0,2,0.20859443,0.20859443,1.1005554,0.0,0.07933131,0.0,0.0,0.009998632,-29.111002,2.4212704,0.80709016,0.112,0.0,0.22170454,1.464999,1.474999,515200
hardzero_plus_depr__c0p52__z1p05__lam0p010__nu0p50__psi0p75,hardzero_plus_depr,0.03,31,161,0.0,2,0.20859443,0.20958284,1.0017495,0.099597976,0.099597976,1.0,0.0009884025,0.009923922,-26.82313,2.203893,0.734631,0.17600001,0.0,0.15554251,1.474999,1.484999,518400
hardzero_plus_depr__c0p52__z1p05__lam0p010__nu0p50__psi0p75,hardzero_plus_depr,0.03,31,162,0.0,2,0.20958284,0.21060677,0.9831527,0.10395546,0.10395546,1.0,0.0010239374,0.00984977,-26.95353,2.1629791,0.72099304,0.18400002,0.0,0.14829454,1.484999,1.4949989,521600
hardzero_plus_depr__c0p52__z1p05__lam0p010__nu0p50__psi0p75,hardzero_plus_depr,0.03,31,163,0.0,2,0.21060677,0.21149252,1.042859,0.09060267,0.09060267,1.0,0.00088574743,0.009776173,-27.276188,2.2943356,0.76477855,0.17600001,0.0,0.13580236,1.4949989,1.5049989,524800
hardzero_plus_depr__c0p52__z1p05__lam0p010__nu0p50__psi0p75,hardzero_plus_depr,0.03,31,164,0.0,2,0.21149252,0.21249157,0.9873255,0.10296141,0.10296141,1.0,0.0009990477,0.009703127,-26.063784,2.1721594,0.72405314,0.24800001,0.0,0.13450973,1.5049989,1.5149989,528000
hardzero_plus_depr__c0p52__z1p05__lam0p010__nu0p50__psi0p75,hardzero_plus_depr,0.03,31,165,0.0,2,0.21249157,0.21347673,0.99014634,0.10229482,0.10229482,1.0,0.000985163,0.009630625,-27.152096,2.1783655,0.72612184,0.136,0.0,0.16793595,1.5149989,1.5249989,531200
hardzero_plus_depr__c0p52__z1p05__lam0p010__nu0p50__psi0p75,hardzero_plus_depr,0.03,31,166,0.0,2,0.21347673,0.21443827,0.9974266,0.1005943,0.1005943,1.0,0.00096154725,0.009558666,-27.190437,2.1943824,0.7314608,0.16000001,0.0,0.11647848,1.5249989,1.5349989,534400
hardzero_plus_depr__c0p52__z1p05__lam0p010__nu0p50__psi0p75,hardzero_plus_depr,0.03,31,167,0.0,2,0.21443827,0.21535496,1.0149174,0.096623465,0.096623465,1.0,0.00091669045,0.009487244,-27.456223,2.2328627,0.7442876,0.14400001,0.0,0.13275518,1.5349989,1.5449989,537600
hardzero_plus_depr__c0p52__z1p05__lam0p010__nu0p50__psi0p75,hardzero_plus_depr,0.03,31,168,0.0,2,0.21535496,0.21621983,1.0369351,0.09184697,0.09184697,1.0,0.00086486386,0.009416357,-26.917574,2.2813027,0.76043427,0.136,0.0,0.1737746,1.5449989,1.5549989,540800
hardzero_plus_depr__c0p52__z1p05__lam0p010__nu0p50__psi0p75,hardzero_plus_depr,0.03,31,169,0.0,2,0.21621983,0.21621983,1.067629,0.0,0.08557975,0.0,0.0,0.009345997,-28.767113,2.3488307,0.7829436,0.13,0.0,0.14390367,1.5549989,1.5649989,544000
hardzero_plus_depr__c0p52__z1p05__lam0p010__nu0p50__psi0p75,hardzero_plus_depr,0.03,31,170,0.0,2,0.21621983,0.2171188,1.0136255,0.0969113,0.0969113,1.0,0.0008989651,0.009276164,-27.100695,2.2300205,0.7433402,0.23200001,0.008,0.161275,1.5649989,1.5749989,547200
hardzero_plus_depr__c0p52__z1p05__lam0p010__nu0p50__psi0p75,hardzero_plus_depr,0.03,31,171,0.0,2,0.2171188,0.21795794,1.0402713,0.09114412,0.09114412,1.0,0.0008391506,0.009206854,-27.885475,2.2886424,0.7628808,0.224,0.0,0.17147522,1.5749989,1.5849988,550400
hardzero_plus_depr__c0p52__z1p05__lam0p010__nu0p50__psi0p75,hardzero_plus_depr,0.03,31,172,0.0,2,0.21795794,0.21795794,1.0601498,0.0,0.08706632,0.0,0.0,0.009138062,-28.027927,2.332376,0.77745867,0.14400001,0.0,0.1306229,1.5849988,1.5949988,553600
hardzero_plus_depr__c0p52__z1p05__lam0p010__nu0p50__psi0p75,hardzero_plus_depr,0.03,31,173,0.0,2,0.21795794,0.21883081,1.0166522,0.09623826,0.09623826,1.0,0.00087286014,0.009069783,-27.587954,2.2366796,0.7455599,0.14400001,0.0,0.1641715,1.5949988,1.6049988,556800
hardzero_plus_depr__c0p52__z1p05__lam0p010__nu0p50__psi0p75,hardzero_plus_depr,0.03,31,174,0.0,2,0.21883081,0.21976756,0.982715,0.10406027,0.10406027,1.0,0.0009367519,0.009002013,-26.944675,2.1620162,0.7206721,0.192,0.0,0.1682857,1.6049988,1.6149988,560000
hardzero_plus_depr__c0p52__z1p05__lam0p010__nu0p50__psi0p75,hardzero_plus_depr,0.03,31,175,0.0,2,0.21976756,0.2206906,0.98586595,0.10330802,0.10330802,1.0,0.0009230315,0.008934751,-25.898142,2.1689484,0.7229828,0.16000001,0.008,0.13474359,1.6149988,1.6249988,563200
hardzero_plus_depr__c0p52__z1p05__lam0p010__nu0p50__psi0p75,hardzero_plus_depr,0.03,31,176,0.0,2,0.2206906,0.2215781,0.9996507,0.100080445,0.100080445,1.0,0.0008875126,0.008867992,-26.28817,2.1992755,0.73309183,0.16800001,0.0,0.119000554,1.6249988,1.6349988,566400
hardzero_plus_depr__c0p52__z1p05__lam0p010__nu0p50__psi0p75,hardzero_plus_depr,0.03,31,177,0.0,2,0.2215781,0.2223784,1.0413169,0.09092495,0.09092495,1.0,0.0008002968,0.008801729,-27.841396,2.290943,0.7636477,0.128,0.0,0.15120849,1.6349988,1.6449988,569600
hardzero_plus_depr__c0p52__z1p05__lam0p010__nu0p50__psi0p75,hardzero_plus_depr,0.03,31,178,0.0,2,0.2223784,0.22324103,1.0054886,0.09874414,0.09874414,1.0,0.00086262514,0.008735963,-27.665627,2.212119,0.73737305,0.15200001,0.0,0.14761993,1.6449988,1.6549988,572800
hardzero_plus_depr__c0p52__z1p05__lam0p010__nu0p50__psi0p75,hardzero_plus_depr,0.03,31,179,0.0,2,0.22324103,0.22406426,1.0225319,0.094944134,0.094944134,1.0,0.0008232311,0.00867069,-26.127401,2.249615,0.7498717,0.208,0.0,0.11977598,1.6549988,1.6649988,576000
hardzero_plus_depr__c0p52__z1p05__lam0p010__nu0p50__psi0p75,hardzero_plus_depr,0.03,31,180,0.0,2,0.22406426,0.22484297,1.0434264,0.09048437,0.09048437,1.0,0.00077869976,0.008605903,-28.05443,2.295584,0.76519465,0.104,0.0,0.16000313,1.6649988,1.6749988,579200
hardzero_plus_depr__c0p52__z1p05__lam0p010__nu0p50__psi0p75,hardzero_plus_depr,0.03,31,181,0.0,2,0.22484297,0.22576077,0.96878684,0.10745168,0.10745168,1.0,0.00091780926,0.0085416,-26.737972,2.1313736,0.7104579,0.14400001,0.0,0.14819227,1.6749988,1.6849988,582400
hardzero_plus_depr__c0p52__z1p05__lam0p010__nu0p50__psi0p75,hardzero_plus_depr,0.03,31,182,0.0,2,0.22576077,0.22576077,1.0624522,0.0,0.086605966,0.0,0.0,0.008477776,-27.261032,2.3374414,0.77914715,0.11,0.0,0.14178352,1.6849988,1.6949987,585600
hardzero_plus_depr__c0p52__z1p05__lam0p010__nu0p50__psi0p75,hardzero_plus_depr,0.03,31,183,0.0,2,0.22576077,0.22654676,1.0296065,0.09341002,0.09341002,1.0,0.00078599225,0.0084144315,-27.627838,2.2651794,0.75505984,0.23200001,0.0,0.14406732,1.6949987,1.7049987,588800
hardzero_plus_depr__c0p52__z1p05__lam0p010__nu0p50__psi0p75,hardzero_plus_depr,0.03,31,184,0.0,2,0.22654676,0.22654676,1.0502404,0.0,0.08907577,0.0,0.0,0.00835156,-27.730915,2.310575,0.77019167,0.16800001,0.0,0.13852392,1.7049987,1.7149987,592000
hardzero_plus_depr__c0p52__z1p05__lam0p010__nu0p50__psi0p75,hardzero_plus_depr,0.03,31,185,0.0,2,0.22654676,0.22733776,1.0203366,0.09542526,0.09542526,1.0,0.00079099496,0.0082891565,-27.009209,2.2447853,0.7482618,0.15200001,0.0,0.14490707,1.7149987,1.7249987,595200
hardzero_plus_depr__c0p52__z1p05__lam0p010__nu0p50__psi0p75,hardzero_plus_depr,0.03,31,186,0.0,2,0.22733776,0.22807494,1.0476798,0.089602515,0.089602515,1.0,0.00073717965,0.008227221,-27.73367,2.3049414,0.7683138,0.14400001,0.0,0.1653533,1.7249987,1.7349987,598400
hardzero_plus_depr__c0p52__z1p05__lam0p010__nu0p50__psi0p75,hardzero_plus_depr,0.03,31,187,0.0,2,0.22807494,0.22890162,0.99465704,0.10123786,0.10123786,1.0,0.0008266828,0.008165747,-27.102306,2.1882892,0.7294297,0.120000005,0.0,0.12683363,1.7349987,1.7449987,601600
hardzero_plus_depr__c0p52__z1p05__lam0p010__nu0p50__psi0p75,hardzero_plus_depr,0.03,31,188,0.0,2,0.22890162,0.2296616,1.0279394,0.09376927,0.09376927,1.0,0.00075997505,0.008104735,-27.331049,2.261512,0.75383735,0.2,0.008,0.15715633,1.7449987,1.7549987,604800
hardzero_plus_depr__c0p52__z1p05__lam0p010__nu0p50__psi0p75,hardzero_plus_depr,0.03,31,189,0.0,2,0.2296616,0.23047358,0.9959332,0.10094081,0.10094081,1.0,0.00081198564,0.008044176,-27.295755,2.1910968,0.73036563,0.128,0.0,0.16047251,1.7549987,1.7649987,608000
hardzero_plus_depr__c0p52__z1p05__lam0p010__nu0p50__psi0p75,hardzero_plus_depr,0.03,31,190,0.0,2,0.23047358,0.23047358,1.0641307,0.0,0.0862719,0.0,0.0,0.00798407,-27.97583,2.3411343,0.7803781,0.112,0.0,0.16420045,1.7649987,1.7749987,611200
hardzero_plus_depr__c0p52__z1p05__lam0p010__nu0p50__psi0p75,hardzero_plus_depr,0.03,31,191,0.0,2,0.23047358,0.23118386,1.0475409,0.08963117,0.08963117,1.0,0.0007102745,0.007924414,-27.125237,2.304636,0.768212,0.16000001,0.0,0.15160301,1.7749987,1.7849987,614400
hardzero_plus_depr__c0p52__z1p05__lam0p010__nu0p50__psi0p75,hardzero_plus_depr,0.03,31,192,0.0,2,0.23118386,0.2319921,0.9881695,0.102761514,0.102761514,1.0,0.0008082402,0.007865204,-27.725672,2.1740162,0.7246721,0.16800001,0.0,0.14730589,1.7849987,1.7949986,617600
hardzero_plus_depr__c0p52__z1p05__lam0p010__nu0p50__psi0p75,hardzero_plus_depr,0.03,31,193,0.0,2,0.2319921,0.23269503,1.0455354,0.09004602,0.09004602,1.0,0.0007029384,0.007806435,-27.508556,2.3002238,0.7667413,0.128,0.0,0.1468526,1.7949986,1.8049986,620800
hardzero_plus_depr__c0p52__z1p05__lam0p010__nu0p50__psi0p75,hardzero_plus_depr,0.03,31,194,0.0,2,0.23269503,0.23341283,1.0331868,0.092643134,0.092643134,1.0,0.0007178087,0.007748105,-27.383545,2.2730563,0.7576854,0.128,0.0,0.13633318,1.8049986,1.8149986,624000
hardzero_plus_depr__c0p52__z1p05__lam0p010__nu0p50__psi0p75,hardzero_plus_depr,0.03,31,195,0.0,2,0.23341283,0.23421033,0.9842076,0.10370325,0.10370325,1.0,0.0007975,0.007690212,-26.907454,2.1653,0.72176665,0.14999999,0.0,0.12121621,1.8149986,1.8249986,627200
hardzero_plus_depr__c0p52__z1p05__lam0p010__nu0p50__psi0p75,hardzero_plus_depr,0.03,31,196,0.0,2,0.23421033,0.23499823,0.98620915,0.1032264,0.1032264,1.0,0.00078790146,0.0076327515,-26.842695,2.1697035,0.72323453,0.120000005,0.0,0.15588602,1.8249986,1.8349986,630400
hardzero_plus_depr__c0p52__z1p05__lam0p010__nu0p50__psi0p75,hardzero_plus_depr,0.03,31,197,0.0,2,0.23499823,0.23571801,1.0222235,0.09501156,0.09501156,1.0,0.00071978103,0.0075757205,-26.648153,2.2489367,0.7496456,0.192,0.0,0.13212293,1.8349986,1.8449986,633600
hardzero_plus_depr__c0p52__z1p05__lam0p010__nu0p50__psi0p75,hardzero_plus_depr,0.03,31,198,0.0,2,0.23571801,0.23655242,0.9547925,0.11097048,0.11097048,1.0,0.0008343997,0.0075191143,-25.531439,2.1005855,0.7001952,0.208,0.0,0.121815175,1.8449986,1.8549986,636800
hardzero_plus_depr__c0p52__z1p05__lam0p010__nu0p50__psi0p75,hardzero_plus_depr,0.03,31,199,0.0,2,0.23655242,0.23736887,0.9609814,0.1094003,0.1094003,1.0,0.0008164471,0.0074629327,-26.70511,2.1142013,0.7047338,0.216,0.0,0.12276894,1.8549986,1.8649986,640000
hardzero_plus_depr__c0p52__z1p05__lam0p010__nu0p50__psi0p75,hardzero_plus_depr,0.03,31,200,0.0,2,0.23736887,0.2380703,1.0236721,0.09469518,0.09469518,1.0,0.0007014233,0.0074071703,-27.055525,2.2521236,0.75070786,0.128,0.0,0.14471367,1.8649986,1.8749986,643200
hardzero_plus_depr__c0p52__z1p05__lam0p010__nu0p50__psi0p75,hardzero_plus_depr,0.03,31,201,0.0,2,0.2380703,0.23877482,1.0184999,0.0958297,0.0958297,1.0,0.0007045232,0.0073518245,-26.971952,2.2407444,0.7469148,0.16800001,0.0,0.14999995,1.8749986,1.8849986,646400
hardzero_plus_depr__c0p52__z1p05__lam0p010__nu0p50__psi0p75,hardzero_plus_depr,0.03,31,202,0.0,2,0.23877482,0.23957995,0.95727473,0.11033804,0.11033804,1.0,0.0008051247,0.0072968914,-26.458344,2.1060464,0.7020155,0.16800001,0.0,0.123434044,1.8849986,1.8949986,649600
hardzero_plus_depr__c0p52__z1p05__lam0p010__nu0p50__psi0p75,hardzero_plus_depr,0.03,31,203,0.0,2,0.23957995,0.24036649,0.9641589,0.108602814,0.108602814,1.0,0.0007865417,0.00724237,-26.16045,2.121192,0.70706403,0.16800001,0.0,0.12816185,1.8949986,1.9049985,652800
hardzero_plus_depr__c0p52__z1p05__lam0p010__nu0p50__psi0p75,hardzero_plus_depr,0.03,31,204,0.0,2,0.24036649,0.24110332,0.9892558,0.102504805,0.102504805,1.0,0.0007368307,0.0071882554,-26.185759,2.1764061,0.72546875,0.15200001,0.0,0.14717461,1.9049985,1.9149985,656000
hardzero_plus_depr__c0p52__z1p05__lam0p010__nu0p50__psi0p75,hardzero_plus_depr,0.03,31,205,0.0,2,0.24110332,0.24174589,1.0454514,0.09006345,0.09006345,1.0,0.0006425617,0.0071345447,-27.201223,2.300039,0.7666797,0.16000001,0.0,0.13645941,1.9149985,1.9249985,659200
hardzero_plus_depr__c0p52__z1p05__lam0p010__nu0p50__psi0p75,hardzero_plus_depr,0.03,31,206,0.0,2,0.24174589,0.24245873,0.9971176,0.10066591,0.10066591,1.0,0.0007128391,0.0070812358,-27.310669,2.1937025,0.7312342,0.16800001,0.0,0.13765101,1.9249985,1.9349985,662400
hardzero_plus_depr__c0p52__z1p05__lam0p010__nu0p50__psi0p75,hardzero_plus_depr,0.03,31,207,0.0,2,0.24245873,0.24314362,1.0112317,0.09744698,0.09744698,1.0,0.00068488915,0.007028326,-27.177298,2.224754,0.7415847,0.136,0.0,0.13391037,1.9349985,1.9449985,665600
hardzero_plus_depr__c0p52__z1p05__lam0p010__nu0p50__psi0p75,hardzero_plus_depr,0.03,31,208,0.0,2,0.24314362,0.24379407,1.0303802,0.09324374,0.09324374,1.0,0.00065045065,0.0069758105,-27.305021,2.2668817,0.7556273,0.17,0.0,0.14650851,1.9449985,1.9549985,668800
hardzero_plus_depr__c0p52__z1p05__lam0p010__nu0p50__psi0p75,hardzero_plus_depr,0.03,31,209,0.0,2,0.24379407,0.24447617,1.006489,0.098516956,0.098516956,1.0,0.00068210065,0.0069236876,-26.74762,2.2143202,0.7381067,0.18400002,0.0,0.15138687,1.9549985,1.9649985,672000
hardzero_plus_depr__c0p52__z1p05__lam0p010__nu0p50__psi0p75,hardzero_plus_depr,0.03,31,210,0.0,2,0.24447617,0.24510404,1.0392029,0.09136861,0.09136861,1.0,0.00062788086,0.0068719536,-28.039383,2.286292,0.76209736,0.14400001,0.0,0.13639174,1.9649985,1.9749985,675200
hardzero_plus_depr__c0p52__z1p05__lam0p010__nu0p50__psi0p75,hardzero_plus_depr,0.03,31,211,0.0,2,0.24510404,0.24573803,1.0317464,0.09295091,0.09295091,1.0,0.0006339816,0.006820607,-26.685019,2.2698874,0.75662917,0.128,0.0,0.1260954,1.9749985,1.9849985,678400
hardzero_plus_depr__c0p52__z1p05__lam0p010__nu0p50__psi0p75,hardzero_plus_depr,0.03,31,212,0.0,2,0.24573803,0.24643806,0.9854471,0.103407696,0.103407696,1.0,0.0007000334,0.006769645,-25.961365,2.168027,0.7226757,0.112,0.0,0.15202872,1.9849985,1.9949985,681600
hardzero_plus_depr__c0p52__z1p05__lam0p010__nu0p50__psi0p75,hardzero_plus_depr,0.03,31,213,0.0,2,0.24643806,0.24643806,1.0810578,0.0,0.08297403,0.0,0.0,0.006719062,-28.744127,2.3783746,0.79279155,0.224,0.0,0.19211762,1.9949985,2.0049984,684800
hardzero_plus_depr__c0p52__z1p05__lam0p010__nu0p50__psi0p75,hardzero_plus_depr,0.03,31,214,0.0,2,0.24643806,0.24714264,0.9761185,0.105652906,0.105652906,1.0,0.0007045841,0.006668857,-26.70629,2.1475036,0.71583456,0.14400001,0.0,0.12926027,2.0049984,2.0149984,688000
hardzero_plus_depr__c0p52__z1p05__lam0p010__nu0p50__psi0p75,hardzero_plus_depr,0.03,31,215,0.0,2,0.24714264,0.24783386,0.9811735,0.10443027,0.10443027,1.0,0.0006912269,0.0066190283,-25.857735,2.158625,0.71954167,0.14400001,0.0,0.122577555,2.0149984,2.0249984,691200
hardzero_plus_depr__c0p52__z1p05__lam0p010__nu0p50__psi0p75,hardzero_plus_depr,0.03,31,216,0.0,2,0.24783386,0.24843928,1.0354782,0.0921556,0.0921556,1.0,0.0006054228,0.006569572,-26.918344,2.2780976,0.7593659,0.120000005,0.0,0.16619825,2.0249984,2.0349984,694400
hardzero_plus_depr__c0p52__z1p05__lam0p010__nu0p50__psi0p75,hardzero_plus_depr,0.03,31,217,0.0,2,0.24843928,0.2490733,1.0121833,0.097233675,0.097233675,1.0,0.00063401065,0.006520484,-26.071821,2.2268476,0.74228257,0.08800001,0.0,0.10336947,2.0349984,2.0449984,697600
hardzero_plus_depr__c0p52__z1p05__lam0p010__nu0p50__psi0p75,hardzero_plus_depr,0.03,31,218,0.0,2,0.2490733,0.24973239,0.992075,0.10184153,0.10184153,1.0,0.00065909425,0.006471763,-27.079048,2.1826086,0.7275362,0.14400001,0.0,0.18545479,2.0449984,2.0549984,700800
hardzero_plus_depr__c0p52__z1p05__lam0p010__nu0p50__psi0p75,hardzero_plus_depr,0.03,31,219,0.0,2,0.24973239,0.25033665,1.0265344,0.09407312,0.09407312,1.0,0.0006042699,0.006423407,-27.678896,2.258421,0.752807,0.16800001,0.0,0.17637148,2.0549984,2.0649984,704000
hardzero_plus_depr__c0p52__z1p05__lam0p010__nu0p50__psi0p75,hardzero_plus_depr,0.03,31,220,0.0,2,0.25033665,0.25096917,1.0034332,0.099212594,0.099212594,1.0,0.0006325211,0.0063754115,-26.659227,2.2075973,0.7358658,0.16800001,0.0,0.17435102,2.0649984,2.0749984,707200
hardzero_plus_depr__c0p52__z1p05__lam0p010__nu0p50__psi0p75,hardzero_plus_depr,0.03,31,221,0.0,2,0.25096917,0.25096917,1.0775965,0.0,0.08363797,0.0,0.0,0.0063277744,-28.698666,2.3707597,0.7902533,0.14999999,0.0,0.1722764,2.0749984,2.0849984,710400
hardzero_plus_depr__c0p52__z1p05__lam0p010__nu0p50__psi0p75,hardzero_plus_depr,0.03,31,222,0.0,2,0.25096917,0.25096917,1.0558441,0.0,0.08793381,0.0,0.0,0.006280493,-28.13821,2.3229034,0.7743012,0.112,0.0,0.14125896,2.0849984,2.0949984,713600
hardzero_plus_depr__c0p52__z1p05__lam0p010__nu0p50__psi0p75,hardzero_plus_depr,0.03,31,223,0.0,2,0.25096917,0.25154287,1.036048,0.092034765,0.092034765,1.0,0.00057370483,0.0062335664,-27.434992,2.2793512,0.75978374,0.128,0.0,0.14993848,2.0949984,2.1049984,716800
hardzero_plus_depr__c0p52__z1p05__lam0p010__nu0p50__psi0p75,hardzero_plus_depr,0.03,31,224,0.0,2,0.25154287,0.25212395,1.0272429,0.093919784,0.093919784,1.0,0.00058108073,0.0061869896,-26.823744,2.2599795,0.75332654,0.15200001,0.0,0.12759107,2.1049984,2.1149983,720000
hardzero_plus_depr__c0p52__z1p05__lam0p010__nu0p50__psi0p75,hardzero_plus_depr,0.03,31,225,0.0,2,0.25212395,0.25274676,0.99387026,0.10142142,0.10142142,1.0,0.0006228047,0.0061407606,-26.3369,2.1865582,0.72885275,0.192,0.0,0.14639969,2.1149983,2.1249983,723200
hardzero_plus_depr__c0p52__z1p05__lam0p010__nu0p50__psi0p75,hardzero_plus_depr,0.03,31,226,0.0,2,0.25274676,0.25334692,1.006689,0.09847161,0.09847161,1.0,0.0006001724,0.006094877,-27.770985,2.2147598,0.7382533,0.18400002,0.0,0.17974806,2.1249983,2.1349983,726400
hardzero_plus_depr__c0p52__z1p05__lam0p010__nu0p50__psi0p75,hardzero_plus_depr,0.03,31,227,0.0,2,0.25334692,0.2539473,1.0032915,0.09924498,0.09924498,1.0,0.0006003663,0.0060493364,-27.006569,2.2072854,0.7357618,0.16800001,0.0,0.12430677,2.1349983,2.1449983,729600
hardzero_plus_depr__c0p52__z1p05__lam0p010__nu0p50__psi0p75,hardzero_plus_depr,0.03,31,228,0.0,2,0.2539473,0.25460777,0.9585955,0.11000299,0.11000299,1.0,0.000660473,0.006004137,-26.007915,2.1089523,0.7029841,0.18400002,0.0,0.12814404,2.1449983,2.1549983,732800
hardzero_plus_depr__c0p52__z1p05__lam0p010__nu0p50__psi0p75,hardzero_plus_depr,0.03,31,229,0.0,2,0.25460777,0.25522023,0.9881144,0.10277455,0.10277455,1.0,0.0006124617,0.005959274,-27.400898,2.1738951,0.7246317,0.18400002,0.0,0.1369193,2.1549983,2.1649983,736000
hardzero_plus_depr__c0p52__z1p05__lam0p010__nu0p50__psi0p75,hardzero_plus_depr,0.03,31,230,0.0,2,0.25522023,0.255821,0.99324584,0.101567365,0.101567365,1.0,0.0006007452,0.0059147463,-26.743078,2.1851845,0.72839487,0.208,0.0,0.1495502,2.1649983,2.1749983,739200
hardzero_plus_depr__c0p52__z1p05__lam0p010__nu0p50__psi0p75,hardzero_plus_depr,0.03,31,231,0.0,2,0.255821,0.25639462,1.0100331,0.09771627,0.09771627,1.0,0.00057364843,0.005870552,-26.521852,2.2221172,0.7407057,0.128,0.0,0.13631028,2.1749983,2.1849983,742400
hardzero_plus_depr__c0p52__z1p05__lam0p010__nu0p50__psi0p75,hardzero_plus_depr,0.03,31,232,0.0,2,0.25639462,0.2569417,1.027377,0.09389079,0.09389079,1.0,0.0005470723,0.005826688,-26.69604,2.2602746,0.7534249,0.14400001,0.0,0.14519837,2.1849983,2.1949983,745600
hardzero_plus_depr__c0p52__z1p05__lam0p010__nu0p50__psi0p75,hardzero_plus_depr,0.03,31,233,0.0,2,0.2569417,0.2569417,1.068465,0.0,0.08541518,0.0,0.0,0.0057831504,-28.000256,2.3506699,0.78355664,0.216,0.0,0.21945873,2.1949983,2.2049983,748800
hardzero_plus_depr__c0p52__z1p05__lam0p010__nu0p50__psi0p75,hardzero_plus_depr,0.03,31,234,0.0,2,0.2569417,0.25746256,1.0421981,0.09074066,0.09074066,1.0,0.0005208459,0.0057399394,-27.574429,2.2928815,0.76429385,0.11,0.0,0.11754251,2.2049983,2.2149982,752000
hardzero_plus_depr__c0p52__z1p05__lam0p010__nu0p50__psi0p75,hardzero_plus_depr,0.03,31,235,0.0,2,0.25746256,0.2580846,0.9618463,0.10918268,0.10918268,1.0,0.00062201923,0.0056970506,-26.374395,2.1161041,0.70536804,0.17600001,0.0,0.14127594,2.2149982,2.2249982,755200
hardzero_plus_depr__c0p52__z1p05__lam0p010__nu0p50__psi0p75,hardzero_plus_depr,0.03,31,236,0.0,2,0.2580846,0.25870293,0.96116674,0.109353654,0.109353654,1.0,0.00061833847,0.0056544836,-26.021389,2.114609,0.7048697,0.18400002,0.0,0.14418839,2.2249982,2.2349982,758400
hardzero_plus_depr__c0p52__z1p05__lam0p010__nu0p50__psi0p75,hardzero_plus_depr,0.03,31,237,0.0,2,0.25870293,0.25925577,1.0065387,0.09850566,0.09850566,1.0,0.00055283675,0.005612233,-28.012873,2.2144294,0.73814315,0.18400002,0.0,0.15235731,2.2349982,2.2449982,761600
hardzero_plus_depr__c0p52__z1p05__lam0p010__nu0p50__psi0p75,hardzero_plus_depr,0.03,31,238,0.0,2,0.25925577,0.25982457,0.99091667,0.10211352,0.10211352,1.0,0.00056880276,0.005570298,-27.030264,2.1800601,0.7266867,0.136,0.0,0.14266434,2.2449982,2.2549982,764800
hardzero_plus_depr__c0p52__z1p05__lam0p010__nu0p50__psi0p75,hardzero_plus_depr,0.03,31,239,0.0,2,0.25982457,0.26038957,0.9905742,0.102194086,0.102194086,1.0,0.0005649982,0.005528678,-26.563093,2.1793067,0.7264356,0.104,0.0,0.12779327,2.2549982,2.2649982,768000
hardzero_plus_depr__c0p52__z1p05__lam0p010__nu0p50__psi0p75,hardzero_plus_depr,0.03,31,240,0.0,2,0.26038957,0.2609368,1.0011903,0.09972628,0.09972628,1.0,0.0005472348,0.005487368,-26.582644,2.2026627,0.7342209,0.112,0.0,0.15609106,2.2649982,2.2749982,771200
hardzero_plus_depr__c0p52__z1p05__lam0p010__nu0p50__psi0p75,hardzero_plus_depr,0.03,31,241,0.0,2,0.2609368,0.26150164,0.98417646,0.1037107,0.1037107,1.0,0.0005648465,0.0054463665,-26.795063,2.1652315,0.7217438,0.136,0.0,0.14845106,2.2749982,2.2849982,774400
hardzero_plus_depr__c0p52__z1p05__lam0p010__nu0p50__psi0p75,hardzero_plus_depr,0.03,31,242,0.0,2,0.26150164,0.2620619,0.98446465,0.10364188,0.10364188,1.0,0.000560254,0.0054056714,-26.218338,2.1658654,0.7219552,0.112,0.0,0.122333184,2.2849982,2.2949982,777600
hardzero_plus_depr__c0p52__z1p05__lam0p010__nu0p50__psi0p75,hardzero_plus_depr,0.03,31,243,0.0,2,0.2620619,0.26263747,0.96949613,0.107276306,0.107276306,1.0,0.00057556754,0.0053652814,-25.607595,2.132934,0.71097803,0.16000001,0.0,0.13675308,2.2949982,2.3049982,780800
hardzero_plus_depr__c0p52__z1p05__lam0p010__nu0p50__psi0p75,hardzero_plus_depr,0.03,31,244,0.0,2,0.26263747,0.2631165,1.0459728,0.08995538,0.08995538,1.0,0.0004790297,0.005325192,-27.619825,2.301186,0.76706207,0.16000001,0.0,0.14661947,2.3049982,2.3149981,784000
hardzero_plus_depr__c0p52__z1p05__lam0p010__nu0p50__psi0p75,hardzero_plus_depr,0.03,31,245,0.0,2,0.2631165,0.26367328,0.9774076,0.10533979,0.10533979,1.0,0.00055676315,0.0052854023,-26.949322,2.1503396,0.7167799,0.15200001,0.0,0.14075993,2.3149981,2.3249981,787200
hardzero_plus_depr__c0p52__z1p05__lam0p010__nu0p50__psi0p75,hardzero_plus_depr,0.03,31,246,0.0,2,0.26367328,0.2641532,1.0386395,0.09148722,0.09148722,1.0,0.00047993372,0.00524591,-26.82701,2.2850525,0.7616842,0.16800001,0.008,0.14008433,2.3249981,2.3349981,790400
hardzero_plus_depr__c0p52__z1p05__lam0p010__nu0p50__psi0p75,hardzero_plus_depr,0.03,31,247,0.0,2,0.2641532,0.26467183,1.0017203,0.09960467,0.09960467,1.0,0.000518613,0.005206713,-27.437313,2.2038286,0.73460954,0.11,0.0,0.14856972,2.3349981,2.3449981,793600
hardzero_plus_depr__c0p52__z1p05__lam0p010__nu0p50__psi0p75,hardzero_plus_depr,0.03,31,248,0.0,2,0.26467183,0.2652313,0.96552116,0.1082627,0.1082627,1.0,0.000559481,0.0051678093,-26.877432,2.124189,0.708063,0.224,0.0,0.14092751,2.3449981,2.354998,796800
hardzero_plus_depr__c0p52__z1p05__lam0p010__nu0p50__psi0p75,hardzero_plus_depr,0.03,31,249,0.0,2,0.2652313,0.26571336,1.0269562,0.09398181,0.09398181,1.0,0.00048205105,0.0051291953,-27.894758,2.2593486,0.75311625,0.14400001,0.0,0.15511866,2.354998,2.364998,800000
hardzero_plus_depr__c0p52__z1p05__lam0p010__nu0p50__psi0p75,hardzero_plus_depr,0.03,31,250,0.0,2,0.26571336,0.2661974,1.0219028,0.09508174,0.09508174,1.0,0.00048404874,0.0050908695,-27.333923,2.2482312,0.7494104,0.15200001,0.0,0.13754117,2.364998,2.374998,803200
hardzero_plus_depr__c0p52__z1p05__lam0p010__nu0p50__psi0p75,hardzero_plus_depr,0.03,31,251,0.0,2,0.2661974,0.2661974,1.0666913,0.0,0.08576473,0.0,0.0,0.005052832,-28.743185,2.3467677,0.7822559,0.16800001,0.0,0.16369382,2.374998,2.384998,806400
hardzero_plus_depr__c0p52__z1p05__lam0p010__nu0p50__psi0p75,hardzero_plus_depr,0.03,31,252,0.0,2,0.2661974,0.26666334,1.0319597,0.09290527,0.09290527,1.0,0.00046592712,0.0050150775,-26.955595,2.2703567,0.7567856,0.14400001,0.0,0.13869813,2.384998,2.394998,809600
hardzero_plus_depr__c0p52__z1p05__lam0p010__nu0p50__psi0p75,hardzero_plus_depr,0.03,31,253,0.0,2,0.26666334,0.26715338,1.0068018,0.09844603,0.09844603,1.0,0.00049002544,0.004977605,-26.602352,2.2150083,0.7383361,0.16000001,0.0,0.12749644,2.394998,2.404998,812800
hardzero_plus_depr__c0p52__z1p05__lam0p010__nu0p50__psi0p75,hardzero_plus_depr,0.03,31,254,0.0,2,0.26715338,0.26764372,1.0032756,0.099248596,0.099248596,1.0,0.000490329,0.0049404125,-26.849474,2.2072504,0.73575014,0.16000001,0.0,0.15472344,2.404998,2.414998,816000
hardzero_plus_depr__c0p52__z1p05__lam0p010__nu0p50__psi0p75,hardzero_plus_depr,0.03,31,255,0.0,2,0.26764372,0.26811227,1.0197464,0.09555502,0.09555502,1.0,0.00046855386,0.004903498,-27.031313,2.243487,0.74782896,0.23200001,0.0,0.19706702,2.414998,2.424998,819200
hardzero_plus_depr__c0p52__z1p05__lam0p010__nu0p50__psi0p75,hardzero_plus_depr,0.03,31,256,0.0,2,0.26811227,0.26811227,1.0699548,0.0,0.08512267,0.0,0.0,0.00486686,-29.142641,2.3539474,0.78464913,0.18400002,0.0,0.16654447,2.424998,2.434998,822400
hardzero_plus_depr__c0p52__z1p05__lam0p010__nu0p50__psi0p75,hardzero_plus_depr,0.03,31,257,0.0,2,0.26811227,0.2685976,0.9979414,0.10047515,0.10047515,1.0,0.00048534464,0.0048304945,-27.283083,2.195515,0.73183835,0.17600001,0.0,0.1424488,2.434998,2.444998,825600
hardzero_plus_depr__c0p52__z1p05__lam0p010__nu0p50__psi0p75,hardzero_plus_depr,0.03,31,258,0.0,2,0.2685976,0.2685976,1.0645514,0.0,0.08618837,0.0,0.0,0.004794401,-28.498648,2.3420599,0.7806866,0.16000001,0.0,0.1526634,2.444998,2.454998,828800
hardzero_plus_depr__c0p52__z1p05__lam0p010__nu0p50__psi0p75,hardzero_plus_depr,0.03,31,259,0.0,2,0.2685976,0.26907817,0.99572915,0.10098825,0.10098825,1.0,0.00048056044,0.004758578,-27.859823,2.1906478,0.73021597,0.17600001,0.0,0.13758205,2.454998,2.464998,832000
hardzero_plus_depr__c0p52__z1p05__lam0p010__nu0p50__psi0p75,hardzero_plus_depr,0.03,31,260,0.0,2,0.26907817,0.26953468,1.0147794,0.09665416,0.09665416,1.0,0.00045649975,0.004723022,-27.409716,2.2325594,0.7441865,0.19,0.0,0.16157582,2.464998,2.474998,835200
hardzero_plus_depr__c0p52__z1p05__lam0p010__nu0p50__psi0p75,hardzero_plus_depr,0.03,31,261,0.0,2,0.26953468,0.26996896,1.0331978,0.09264079,0.09264079,1.0,0.0004342752,0.004687732,-27.685602,2.2730806,0.7576935,0.16800001,0.0,0.13408439,2.474998,2.484998,838400
hardzero_plus_depr__c0p52__z1p05__lam0p010__nu0p50__psi0p75,hardzero_plus_depr,0.03,31,262,0.0,2,0.26996896,0.27045166,0.98402715,0.10374636,0.10374636,1.0,0.00048270126,0.0046527055,-26.400696,2.164903,0.7216343,0.14400001,0.0,0.13294539,2.484998,2.494998,841600
hardzero_plus_depr__c0p52__z1p05__lam0p010__nu0p50__psi0p75,hardzero_plus_depr,0.03,31,263,0.0,2,0.27045166,0.27096027,0.95807266,0.11013548,0.11013548,1.0,0.00050859904,0.00461794,-26.727016,2.107802,0.70260066,0.192,0.0,0.12987237,2.494998,2.504998,844800
hardzero_plus_depr__c0p52__z1p05__lam0p010__nu0p50__psi0p75,hardzero_plus_depr,0.03,31,264,0.0,2,0.27096027,0.27096027,1.0525279,0.0,0.08860782,0.0,0.0,0.0045834365,-27.168966,2.3156075,0.7718692,0.16800001,0.0,0.14597715,2.504998,2.514998,848000
hardzero_plus_depr__c0p52__z1p05__lam0p010__nu0p50__psi0p75,hardzero_plus_depr,0.03,31,265,0.0,2,0.27096027,0.27141744,0.99785274,0.10049566,0.10049566,1.0,0.0004571737,0.0045491885,-26.392822,2.19532,0.7317733,0.16000001,0.0,0.1351829,2.514998,2.524998,851200
hardzero_plus_depr__c0p52__z1p05__lam0p010__nu0p50__psi0p75,hardzero_plus_depr,0.03,31,266,0.0,2,0.27141744,0.27190787,0.9641148,0.10861384,0.10861384,1.0,0.00049041293,0.004515197,-27.054365,2.121095,0.70703167,0.136,0.0,0.1475961,2.524998,2.534998,854400
hardzero_plus_depr__c0p52__z1p05__lam0p010__nu0p50__psi0p75,hardzero_plus_depr,0.03,31,267,0.0,2,0.27190787,0.27240977,0.95079756,0.111995965,0.111995965,1.0,0.0005019055,0.0044814604,-26.761475,2.0917964,0.6972655,0.23200001,0.0,0.11846621,2.534998,2.544998,857600
hardzero_plus_depr__c0p52__z1p05__lam0p010__nu0p50__psi0p75,hardzero_plus_depr,0.03,31,268,0.0,2,0.27240977,0.272841,1.0134321,0.09695447,0.09695447,1.0,0.00043125113,0.0044479757,-26.960247,2.2295952,0.7431984,0.15200001,0.0,0.13415398,2.544998,2.554998,860800
hardzero_plus_depr__c0p52__z1p05__lam0p010__nu0p50__psi0p75,hardzero_plus_depr,0.03,31,269,0.0,2,0.272841,0.27330852,0.97511035,0.10589846,0.10589846,1.0,0.00046751424,0.0044147405,-26.474224,2.1452856,0.7150952,0.112,0.0,0.13310683,2.554998,2.564998,864000
hardzero_plus_depr__c0p52__z1p05__lam0p010__nu0p50__psi0p75,hardzero_plus_depr,0.03,31,270,0.0,2,0.27330852,0.27330852,1.071455,0.0,0.08482912,0.0,0.0,0.004381753,-28.389776,2.357248,0.7857494,0.192,0.0,0.15565489,2.564998,2.574998,867200
hardzero_plus_depr__c0p52__z1p05__lam0p010__nu0p50__psi0p75,hardzero_plus_depr,0.03,31,271,0.0,2,0.27330852,0.27371103,1.0336056,0.09255383,0.09255383,1.0,0.00040251785,0.0043490133,-27.562592,2.2739778,0.7579926,0.16800001,0.0,0.1275666,2.574998,2.584998,870400
hardzero_plus_depr__c0p52__z1p05__lam0p010__nu0p50__psi0p75,hardzero_plus_depr,0.03,31,272,0.0,2,0.27371103,0.27412525,1.0179075,0.0959605,0.0959605,1.0,0.00041421517,0.0043165176,-28.939837,2.2394412,0.7464804,0.15200001,0.0,0.19730584,2.584998,2.594998,873600
hardzero_plus_depr__c0p52__z1p05__lam0p010__nu0p50__psi0p75,hardzero_plus_depr,0.03,31,273,0.0,2,0.27412525,0.27458543,0.96896315,0.107408054,0.107408054,1.0,0.0004601645,0.0042842645,-26.187578,2.1317616,0.7105872,0.14999999,0.0,0.1308681,2.594998,2.6049979,876800
hardzero_plus_depr__c0p52__z1p05__lam0p010__nu0p50__psi0p75,hardzero_plus_depr,0.03,31,274,0.0,2,0.27458543,0.27497113,1.0423715,0.09070443,0.09070443,1.0,0.00038569822,0.004252253,-27.67234,2.2932632,0.7644211,0.14400001,0.0,0.15284248,2.6049979,2.6149979,880000
hardzero_plus_depr__c0p52__z1p05__lam0p010__nu0p50__psi0p75,hardzero_plus_depr,0.03,31,275,0.0,2,0.27497113,0.27541348,0.9795974,0.10480997,0.10480997,1.0,0.00044234845,0.0042204806,-25.843279,2.1551573,0.7183858,0.16800001,0.0,0.118260324,2.6149979,2.6249979,883200
hardzero_plus_depr__c0p52__z1p05__lam0p010__nu0p50__psi0p75,hardzero_plus_depr,0.03,31,276,0.0,2,0.27541348,0.2758428,0.98933333,0.1024865,0.1024865,1.0,0.0004293103,0.004188945,-26.211813,2.1765769,0.7255256,0.15200001,0.0,0.15490438,2.6249979,2.6349978,886400
hardzero_plus_depr__c0p52__z1p05__lam0p010__nu0p50__psi0p75,hardzero_plus_depr,0.03,31,277,0.0,2,0.2758428,0.2762675,0.9907429,0.10215438,0.10215438,1.0,0.00042472171,0.0041576456,-27.25317,2.179678,0.72655934,0.2,0.0,0.15336096,2.6349978,2.6449978,889600
hardzero_plus_depr__c0p52__z1p05__lam0p010__nu0p50__psi0p75,hardzero_plus_depr,0.03,31,278,0.0,2,0.2762675,0.27666903,1.0118634,0.097305335,0.097305335,1.0,0.00040153824,0.00412658,-26.830544,2.2261438,0.74204797,0.16000001,0.0,0.1486057,2.6449978,2.6549978,892800
hardzero_plus_depr__c0p52__z1p05__lam0p010__nu0p50__psi0p75,hardzero_plus_depr,0.03,31,279,0.0,2,0.27666903,0.2770678,1.0115893,0.097366765,0.097366765,1.0,0.0003987896,0.0040957467,-27.032967,2.2255409,0.741847,0.15200001,0.0,0.13730761,2.6549978,2.6649978,896000
hardzero_plus_depr__c0p52__z1p05__lam0p010__nu0p50__psi0p75,hardzero_plus_depr,0.03,31,280,0.0,2,0.2770678,0.27743623,1.0427207,0.09063154,0.09063154,1.0,0.00036843025,0.004065144,-27.466892,2.2940314,0.76467717,0.136,0.0,0.1498341,2.6649978,2.6749978,899200
hardzero_plus_depr__c0p52__z1p05__lam0p010__nu0p50__psi0p75,hardzero_plus_depr,0.03,31,281,0.0,2,0.27743623,0.27785137,0.98760486,0.1028952,0.1028952,1.0,0.00041515828,0.0040347683,-26.198473,2.172774,0.72425807,0.18400002,0.0,0.1511072,2.6749978,2.6849978,902400
hardzero_plus_depr__c0p52__z1p05__lam0p010__nu0p50__psi0p75,hardzero_plus_depr,0.03,31,282,0.0,2,0.27785137,0.27824444,1.0081124,0.098149374,0.098149374,1.0,0.00039305098,0.0040046205,-27.494879,2.2178917,0.7392973,0.14400001,0.0,0.13117936,2.6849978,2.6949978,905600
hardzero_plus_depr__c0p52__z1p05__lam0p010__nu0p50__psi0p75,hardzero_plus_depr,0.03,31,283,0.0,2,0.27824444,0.27865627,0.98458153,0.10361401,0.10361401,1.0,0.0004118345,0.003974699,-26.16571,2.1661227,0.7220409,0.24000001,0.0,0.14116456,2.6949978,2.7049978,908800
hardzero_plus_depr__c0p52__z1p05__lam0p010__nu0p50__psi0p75,hardzero_plus_depr,0.03,31,284,0.0,2,0.27865627,0.27905947,0.9905365,0.10220296,0.10220296,1.0,0.00040319073,0.0039450005,-27.443872,2.1792238,0.72640795,0.16000001,0.0,0.1389207,2.7049978,2.7149978,912000
hardzero_plus_depr__c0p52__z1p05__lam0p010__nu0p50__psi0p75,hardzero_plus_depr,0.03,31,285,0.0,2,0.27905947,0.2794308,1.0230374,0.09483366,0.09483366,1.0,0.00037132346,0.003915524,-28.138119,2.2507272,0.7502424,0.192,0.0,0.14767767,2.7149978,2.7249978,915200
hardzero_plus_depr__c0p52__z1p05__lam0p010__nu0p50__psi0p75,hardzero_plus_depr,0.03,31,286,0.0,2,0.2794308,0.27978548,1.0396906,0.091266066,0.091266066,1.0,0.00035468425,0.0038862664,-28.16823,2.287365,0.762455,0.13,0.0,0.16124962,2.7249978,2.7349977,918400
hardzero_plus_depr__c0p52__z1p05__lam0p010__nu0p50__psi0p75,hardzero_plus_depr,0.03,31,287,0.0,2,0.27978548,0.28019124,0.97800297,0.10519548,0.10519548,1.0,0.00040576307,0.0038572294,-25.984468,2.1516495,0.7172165,0.16000001,0.0,0.12140174,2.7349977,2.7449977,921600
hardzero_plus_depr__c0p52__z1p05__lam0p010__nu0p50__psi0p75,hardzero_plus_depr,0.03,31,288,0.0,2,0.28019124,0.28053743,1.0437242,0.090422355,0.090422355,1.0,0.0003461737,0.0038284084,-27.574322,2.2962391,0.76541305,0.14400001,0.0,0.13225749,2.7449977,2.7549977,924800
hardzero_plus_depr__c0p52__z1p05__lam0p010__nu0p50__psi0p75,hardzero_plus_depr,0.03,31,289,0.0,2,0.28053743,0.28093395,0.98149323,0.10435344,0.10435344,1.0,0.0003965224,0.003799802,-26.404495,2.1593282,0.7197761,0.16000001,0.0,0.12243782,2.7549977,2.7649977,928000
hardzero_plus_depr__c0p52__z1p05__lam0p010__nu0p50__psi0p75,hardzero_plus_depr,0.03,31,290,0.0,2,0.28093395,0.28128174,1.035167,0.09222167,0.09222167,1.0,0.0003478058,0.0037714106,-27.769968,2.277413,0.75913763,0.216,0.0,0.13710213,2.7649977,2.7749977,931200
hardzero_plus_depr__c0p52__z1p05__lam0p010__nu0p50__psi0p75,hardzero_plus_depr,0.03,31,291,0.0,2,0.28128174,0.28166303,0.9919895,0.10186159,0.10186159,1.0,0.0003812914,0.0037432306,-27.025768,2.1824205,0.7274735,0.18400002,0.0,0.13243102,2.7749977,2.7849977,934400
hardzero_plus_depr__c0p52__z1p05__lam0p010__nu0p50__psi0p75,hardzero_plus_depr,0.03,31,292,0.0,2,0.28166303,0.28203768,0.9963549,0.100842856,0.100842856,1.0,0.00037465763,0.0037152618,-27.013887,2.1920245,0.73067486,0.16800001,0.0,0.1293085,2.7849977,2.7949977,937600
hardzero_plus_depr__c0p52__z1p05__lam0p010__nu0p50__psi0p75,hardzero_plus_depr,0.03,31,293,0.0,2,0.28203768,0.28238752,1.0228328,0.094878376,0.094878376,1.0,0.00034986416,0.0036875017,-27.20548,2.250277,0.7500924,0.128,0.0,0.13746524,2.7949977,2.8049977,940800
hardzero_plus_depr__c0p52__z1p05__lam0p010__nu0p50__psi0p75,hardzero_plus_depr,0.03,31,294,0.0,2,0.28238752,0.2827335,1.0244362,0.094528705,0.094528705,1.0,0.00034597015,0.0036599482,-26.938461,2.2538047,0.75126827,0.15200001,0.0,0.13431796,2.8049977,2.8149977,944000
hardzero_plus_depr__c0p52__z1p05__lam0p010__nu0p50__psi0p75,hardzero_plus_depr,0.03,31,295,0.0,2,0.2827335,0.28310013,0.99600494,0.100924134,0.100924134,1.0,0.00036661717,0.0036326016,-27.00353,2.1912546,0.7304182,0.136,0.0,0.14330046,2.8149977,2.8249977,947200
hardzero_plus_depr__c0p52__z1p05__lam0p010__nu0p50__psi0p75,hardzero_plus_depr,0.03,31,296,0.0,2,0.28310013,0.28348744,0.9688985,0.10742406,0.10742406,1.0,0.0003873131,0.0036054596,-26.155151,2.1316192,0.71053976,0.17600001,0.0,0.1414308,2.8249977,2.8349977,950400
hardzero_plus_depr__c0p52__z1p05__lam0p010__nu0p50__psi0p75,hardzero_plus_depr,0.03,31,297,0.0,2,0.28348744,0.28348744,1.0810686,0.0,0.08297195,0.0,0.0,0.003578519,-27.298658,2.3783984,0.7927995,0.096,0.0,0.1538431,2.8349977,2.8449976,953600
hardzero_plus_depr__c0p52__z1p05__lam0p010__nu0p50__psi0p75,hardzero_plus_depr,0.03,31,298,0.0,2,0.28348744,0.283845,0.9970984,0.10067035,0.10067035,1.0,0.00035755898,0.0035517805,-26.779314,2.1936603,0.7312201,0.16000001,0.0,0.16162577,2.8449976,2.8549976,956800
hardzero_plus_depr__c0p52__z1p05__lam0p010__nu0p50__psi0p75,hardzero_plus_depr,0.03,31,299,0.0,2,0.283845,0.283845,1.0713242,0.0,0.08485467,0.0,0.0,0.0035252424,-27.589697,2.3569603,0.7856535,0.14,0.0,0.15664515,2.8549976,2.8649976,960000
hardzero_plus_depr__c0p52__z1p05__lam0p010__nu0p50__psi0p75,hardzero_plus_depr,0.03,31,300,0.0,2,0.283845,0.28420457,0.9881595,0.10276389,0.10276389,1.0,0.0003595608,0.003498902,-26.733616,2.1739943,0.7246648,0.14400001,0.0,0.13539197,2.8649976,2.8749976,963200
hardzero_plus_depr__c0p52__z1p05__lam0p010__nu0p50__psi0p75,hardzero_plus_depr,0.03,31,301,0.0,2,0.28420457,0.2845796,0.96658945,0.107996695,0.107996695,1.0,0.00037504642,0.0034727585,-27.001957,2.1265392,0.70884645,0.15200001,0.008,0.13050234,2.8749976,2.8849976,966400
hardzero_plus_depr__c0p52__z1p05__lam0p010__nu0p50__psi0p75,hardzero_plus_depr,0.03,31,302,0.0,2,0.2845796,0.28490323,1.0273643,0.093893535,0.093893535,1.0,0.00032363314,0.0034468097,-26.861588,2.2602465,0.7534155,0.224,0.0,0.17000687,2.8849976,2.8949976,969600
hardzero_plus_depr__c0p52__z1p05__lam0p010__nu0p50__psi0p75,hardzero_plus_depr,0.03,31,303,0.0,2,0.28490323,0.2852128,1.0433952,0.09049089,0.09049089,1.0,0.0003095744,0.0034210556,-27.507553,2.2955153,0.76517177,0.120000005,0.0,0.15650669,2.8949976,2.9049976,972800
hardzero_plus_depr__c0p52__z1p05__lam0p010__nu0p50__psi0p75,hardzero_plus_depr,0.03,31,304,0.0,2,0.2852128,0.28557363,0.973623,0.10626175,0.10626175,1.0,0.00036081113,0.0033954938,-26.54646,2.1420133,0.71400446,0.120000005,0.0,0.1249181,2.9049976,2.9149976,976000
hardzero_plus_depr__c0p52__z1p05__lam0p010__nu0p50__psi0p75,hardzero_plus_depr,0.03,31,305,0.0,2,0.28557363,0.28587598,1.047127,0.08971665,0.08971665,1.0,0.0003023561,0.0033701223,-27.834318,2.3037255,0.7679085,0.192,0.0,0.14903042,2.9149976,2.9249976,979200
hardzero_plus_depr__c0p52__z1p05__lam0p010__nu0p50__psi0p75,hardzero_plus_depr,0.03,31,306,0.0,2,0.28587598,0.28618193,1.038741,0.091465846,0.091465846,1.0,0.0003059479,0.0033449414,-26.866623,2.285276,0.7617587,0.072000004,0.0,0.12062556,2.9249976,2.9349976,982400
hardzero_plus_depr__c0p52__z1p05__lam0p010__nu0p50__psi0p75,hardzero_plus_depr,0.03,31,307,0.0,2,0.28618193,0.28654575,0.96023893,0.109587505,0.109587505,1.0,0.00036382483,0.0033199482,-26.151262,2.112568,0.7041893,0.17600001,0.0,0.12478001,2.9349976,2.9449975,985600
hardzero_plus_depr__c0p52__z1p05__lam0p010__nu0p50__psi0p75,hardzero_plus_depr,0.03,31,308,0.0,2,0.28654575,0.28687513,1.0001965,0.09995478,0.09995478,1.0,0.00032936517,0.003295142,-26.698189,2.2004762,0.7334921,0.17600001,0.008,0.13237889,2.9449975,2.9549975,988800
hardzero_plus_depr__c0p52__z1p05__lam0p010__nu0p50__psi0p75,hardzero_plus_depr,0.03,31,309,0.0,2,0.28687513,0.28718558,1.0226393,0.09492065,0.09492065,1.0,0.00031044,0.0032705213,-28.294567,2.2498512,0.7499504,0.192,0.0,0.15739848,2.9549975,2.9649975,992000
hardzero_plus_depr__c0p52__z1p05__lam0p010__nu0p50__psi0p75,hardzero_plus_depr,0.03,31,310,0.0,2,0.28718558,0.28750116,1.012259,0.09721673,0.09721673,1.0,0.00031557362,0.0032460834,-26.35746,2.2270143,0.7423381,0.112,0.0,0.13455538,2.9649975,2.9749975,995200
hardzero_plus_depr__c0p52__z1p05__lam0p010__nu0p50__psi0p75,hardzero_plus_depr,0.03,31,311,0.0,2,0.28750116,0.28781232,1.0151267,0.0965769,0.0965769,1.0,0.00031115426,0.003221829,-27.023825,2.2333233,0.74444115,0.208,0.0,0.15534882,2.9749975,2.9849975,998400
hardzero_plus_depr__c0p52__z1p05__lam0p010__nu0p50__psi0p75,hardzero_plus_depr,0.03,31,312,0.0,2,0.28781232,0.28812024,1.016397,0.096294835,0.096294835,1.0,0.00030792737,0.003197756,-27.767817,2.236118,0.7453727,0.17,0.0,0.17265391,2.9849975,2.9949975,1001600
hardzero_plus_depr__c0p52__z1p05__lam0p010__nu0p50__psi0p75,hardzero_plus_depr,0.03,31,313,0.0,2,0.28812024,0.2884829,0.9420751,0.11426807,0.11426807,1.0,0.00036267107,0.003173862,-25.783564,2.0726066,0.69086885,0.192,0.0,0.13475278,2.9949975,3.0049975,1004800
hardzero_plus_depr__c0p52__z1p05__lam0p010__nu0p50__psi0p75,hardzero_plus_depr,0.03,31,314,0.0,2,0.2884829,0.28880024,0.99682313,0.10073417,0.10073417,1.0,0.00031732745,0.0031501472,-26.667105,2.1930547,0.73101825,0.136,0.0,0.103919454,3.0049975,3.0149975,1008000
hardzero_plus_depr__c0p52__z1p05__lam0p010__nu0p50__psi0p75,hardzero_plus_depr,0.03,31,315,0.0,2,0.28880024,0.28910968,1.004511,0.09896668,0.09896668,1.0,0.00030943018,0.0031266096,-26.86165,2.2099683,0.7366561,0.17600001,0.0,0.16929819,3.0149975,3.0249975,1011200
hardzero_plus_depr__c0p52__z1p05__lam0p010__nu0p50__psi0p75,hardzero_plus_depr,0.03,31,316,0.0,2,0.28910968,0.28939623,1.0346394,0.09233378,0.09233378,1.0,0.00028653463,0.003103248,-27.08488,2.276252,0.7587507,0.192,0.0,0.16874704,3.0249975,3.0349975,1014400
hardzero_plus_depr__c0p52__z1p05__lam0p010__nu0p50__psi0p75,hardzero_plus_depr,0.03,31,317,0.0,2,0.28939623,0.28969058,1.0196735,0.09557109,0.09557109,1.0,0.00029436479,0.003080061,-27.195293,2.2433264,0.7477755,0.23200001,0.0,0.14155088,3.0349975,3.0449975,1017600
hardzero_plus_depr__c0p52__z1p05__lam0p010__nu0p50__psi0p75,hardzero_plus_depr,0.03,31,318,0.0,2,0.28969058,0.28998226,1.0204145,0.09540815,0.09540815,1.0,0.00029166712,0.0030570463,-26.66713,2.2449567,0.7483189,0.128,0.0,0.1604624,3.0449975,3.0549974,1020800
hardzero_plus_depr__c0p52__z1p05__lam0p010__nu0p50__psi0p75,hardzero_plus_depr,0.03,31,319,0.0,2,0.28998226,0.2902968,0.9843777,0.10366265,0.10366265,1.0,0.00031453368,0.0030342047,-26.205915,2.1656742,0.7218914,0.16000001,0.0,0.13096716,3.0549974,3.0649974,1024000
hardzero_plus_depr__c0p52__z1p05__lam0p010__nu0p50__psi0p75,hardzero_plus_depr,0.03,31,320,0.0,2,0.2902968,0.2905985,0.99918073,0.100188814,0.100188814,1.0,0.00030172194,0.0030115333,-26.703539,2.1982415,0.7327472,0.17600001,0.0,0.13759133,3.0649974,3.0749974,1027200
hardzero_plus_depr__c0p52__z1p05__lam0p010__nu0p50__psi0p75,hardzero_plus_depr,0.03,31,321,0.0,2,0.2905985,0.2909118,0.97959405,0.10481077,0.10481077,1.0,0.00031328262,0.002989031,-26.334911,2.15515,0.7183833,0.14400001,0.0,0.14747618,3.0749974,3.0849974,1030400
hardzero_plus_depr__c0p52__z1p05__lam0p010__nu0p50__psi0p75,hardzero_plus_depr,0.03,31,322,0.0,2,0.2909118,0.29120305,1.0079757,0.098180294,0.098180294,1.0,0.00029127122,0.0029666973,-26.602598,2.2175908,0.73919696,0.128,0.0,0.14136522,3.0849974,3.0949974,1033600
hardzero_plus_depr__c0p52__z1p05__lam0p010__nu0p50__psi0p75,hardzero_plus_depr,0.03,31,323,0.0,2,0.29120305,0.2915009,0.9950409,0.10114843,0.10114843,1.0,0.0002978346,0.0029445302,-26.436773,2.1891336,0.72971123,0.18400002,0.0,0.13572718,3.0949974,3.1049974,1036800
hardzero_plus_depr__c0p52__z1p05__lam0p010__nu0p50__psi0p75,hardzero_plus_depr,0.03,31,324,0.0,2,0.2915009,0.2917823,1.0164226,0.096289136,0.096289136,1.0,0.0002814078,0.0029225291,-27.080126,2.2361743,0.7453915,0.128,0.0,0.15823202,3.1049974,3.1149974,1040000
hardzero_plus_depr__c0p52__z1p05__lam0p010__nu0p50__psi0p75,hardzero_plus_depr,0.03,31,325,0.0,2,0.2917823,0.2917823,1.0767235,0.0,0.083806284,0.0,0.0,0.0029006924,-28.4517,2.368839,0.789613,0.17999999,0.0,0.16824156,3.1149974,3.1249974,1043200
hardzero_plus_depr__c0p52__z1p05__lam0p010__nu0p50__psi0p75,hardzero_plus_depr,0.03,31,326,0.0,2,0.2917823,0.2917823,1.1074185,0.0,0.07808748,0.0,0.0,0.002879018,-27.695942,2.4363694,0.8121232,0.104,0.0,0.15817513,3.1249974,3.1349974,1046400
hardzero_plus_depr__c0p52__z1p05__lam0p010__nu0p50__psi0p75,hardzero_plus_depr,0.03,31,327,0.0,2,0.2917823,0.29205284,1.0237539,0.094677344,0.094677344,1.0,0.00027054112,0.0028575063,-26.427181,2.2523036,0.7507679,0.136,0.0,0.117122106,3.1349974,3.1449974,1049600
hardzero_plus_depr__c0p52__z1p05__lam0p010__nu0p50__psi0p75,hardzero_plus_depr,0.03,31,328,0.0,2,0.29205284,0.29234076,0.99345845,0.101517655,0.101517655,1.0,0.00028791986,0.0028361555,-26.605526,2.1856523,0.7285508,0.18400002,0.0,0.16168435,3.1449974,3.1549973,1052800
hardzero_plus_depr__c0p52__z1p05__lam0p010__nu0p50__psi0p75,hardzero_plus_depr,0.03,31,329,0.0,2,0.29234076,0.29234076,1.0729591,0.0,0.084535845,0.0,0.0,0.0028149632,-28.034824,2.360557,0.78685236,0.17600001,0.0,0.14944346,3.1549973,3.1649973,1056000
hardzero_plus_depr__c0p52__z1p05__lam0p010__nu0p50__psi0p75,hardzero_plus_depr,0.03,31,330,0.0,2,0.29234076,0.2926104,1.0154006,0.09651601,0.09651601,1.0,0.00026965898,0.00279393,-26.899563,2.233926,0.744642,0.192,0.0,0.13669737,3.1649973,3.1749973,1059200
hardzero_plus_depr__c0p52__z1p05__lam0p010__nu0p50__psi0p75,hardzero_plus_depr,0.03,31,331,0.0,2,0.2926104,0.29286623,1.0350403,0.09224858,0.09224858,1.0,0.00025581033,0.0027730544,-27.172668,2.277134,0.75904465,0.216,0.0,0.15620627,3.1749973,3.1849973,1062400
hardzero_plus_depr__c0p52__z1p05__lam0p010__nu0p50__psi0p75,hardzero_plus_depr,0.03,31,332,0.0,2,0.29286623,0.29286623,1.0858684,0.0,0.08206003,0.0,0.0,0.0027523343,-27.241459,2.3889582,0.7963194,0.120000005,0.0,0.15597472,3.1849973,3.1949973,1065600
hardzero_plus_depr__c0p52__z1p05__lam0p010__nu0p50__psi0p75,hardzero_plus_depr,0.03,31,333,0.0,2,0.29286623,0.2931346,1.0077033,0.09824187,0.09824187,1.0,0.00026837413,0.0027317693,-27.929533,2.2169914,0.73899716,0.224,0.0,0.16405119,3.1949973,3.2049973,1068800
hardzero_plus_depr__c0p52__z1p05__lam0p010__nu0p50__psi0p75,hardzero_plus_depr,0.03,31,334,0.0,2,0.2931346,0.29342812,0.9655636,0.10825212,0.10825212,1.0,0.00029351018,0.0027113573,-26.175951,2.1242824,0.7080941,0.136,0.0,0.1257515,3.2049973,3.2149973,1072000
hardzero_plus_depr__c0p52__z1p05__lam0p010__nu0p50__psi0p75,hardzero_plus_depr,0.03,31,335,0.0,2,0.29342812,0.2936951,1.0034914,0.099199295,0.099199295,1.0,0.00026695506,0.0026910985,-27.434643,2.2077253,0.73590845,0.2,0.0,0.14517799,3.2149973,3.2249973,1075200
hardzero_plus_depr__c0p52__z1p05__lam0p010__nu0p50__psi0p75,hardzero_plus_depr,0.03,31,336,0.0,2,0.2936951,0.2939617,1.0008011,0.0998157,0.0998157,1.0,0.0002666068,0.0026709908,-27.191916,2.2018063,0.7339355,0.14400001,0.0,0.13434438,3.2249973,3.2349973,1078400
hardzero_plus_depr__c0p52__z1p05__lam0p010__nu0p50__psi0p75,hardzero_plus_depr,0.03,31,337,0.0,2,0.2939617,0.2942292,0.99608284,0.10090604,0.10090604,1.0,0.00026750518,0.0026510325,-26.793356,2.191426,0.73047537,0.17600001,0.0,0.14672267,3.2349973,3.2449973,1081600
hardzero_plus_depr__c0p52__z1p05__lam0p010__nu0p50__psi0p75,hardzero_plus_depr,0.03,31,338,0.0,2,0.2942292,0.2942292,1.0983406,0.0,0.07973691,0.0,0.0,0.0026312247,-29.379278,2.4163976,0.8054659,0.11,0.0,0.16440572,3.2449973,3.2549973,1084800
hardzero_plus_depr__c0p52__z1p05__lam0p010__nu0p50__psi0p75,hardzero_plus_depr,0.03,31,339,0.0,2,0.2942292,0.2944709,1.0336498,0.092544414,0.092544414,1.0,0.00024168569,0.0026115642,-27.304995,2.274075,0.75802505,0.136,0.0,0.16591284,3.2549973,3.2649972,1088000
hardzero_plus_depr__c0p52__z1p05__lam0p010__nu0p50__psi0p75,hardzero_plus_depr,0.03,31,340,0.0,2,0.2944709,0.29471973,1.0177507,0.095995136,0.095995136,1.0,0.00024882428,0.002592051,-26.373852,2.2390964,0.7463655,0.16000001,0.0,0.12845884,3.2649972,3.2749972,1091200
hardzero_plus_depr__c0p52__z1p05__lam0p010__nu0p50__psi0p75,hardzero_plus_depr,0.03,31,341,0.0,2,0.29471973,0.29496834,1.0148469,0.096639134,0.096639134,1.0,0.00024862192,0.0025726836,-27.32334,2.2327077,0.74423593,0.16000001,0.0,0.1465841,3.2749972,3.2849972,1094400
hardzero_plus_depr__c0p52__z1p05__lam0p010__nu0p50__psi0p75,hardzero_plus_depr,0.03,31,342,0.0,2,0.29496834,0.2952277,0.9932184,0.10157377,0.10157377,1.0,0.00025936458,0.0025534602,-26.264818,2.1851242,0.7283747,0.16800001,0.0,0.12345486,3.2849972,3.2949972,1097600
hardzero_plus_depr__c0p52__z1p05__lam0p010__nu0p50__psi0p75,hardzero_plus_depr,0.03,31,343,0.0,2,0.2952277,0.29545674,1.0439992,0.09036511,0.09036511,1.0,0.00022901963,0.002534381,-28.254126,2.296844,0.7656147,0.128,0.0,0.124617845,3.2949972,3.3049972,1100800
hardzero_plus_depr__c0p52__z1p05__lam0p010__nu0p50__psi0p75,hardzero_plus_depr,0.03,31,344,0.0,2,0.29545674,0.29569566,1.0223583,0.09498207,0.09498207,1.0,0.00023892213,0.0025154445,-27.014872,2.2492332,0.7497444,0.14400001,0.0,0.13706861,3.3049972,3.3149972,1104000
hardzero_plus_depr__c0p52__z1p05__lam0p010__nu0p50__psi0p75,hardzero_plus_depr,0.03,31,345,0.0,2,0.29569566,0.29595572,0.9822852,0.10416332,0.10416332,1.0,0.00026005923,0.0024966488,-26.675213,2.1610706,0.7203569,0.15200001,0.0,0.14081185,3.3149972,3.3249972,1107200
hardzero_plus_depr__c0p52__z1p05__lam0p010__nu0p50__psi0p75,hardzero_plus_depr,0.03,31,346,0.0,2,0.29595572,0.29620788,0.9924049,0.101764224,0.101764224,1.0,0.00025217113,0.002477994,-26.893759,2.1833344,0.72777814,0.192,0.0,0.13868172,3.3249972,3.3349972,1110400
hardzero_plus_depr__c0p52__z1p05__lam0p010__nu0p50__psi0p75,hardzero_plus_depr,0.03,31,347,0.0,2,0.29620788,0.29644987,1.0070369,0.09839274,0.09839274,1.0,0.00024199486,0.0024594788,-27.459454,2.2155254,0.73850846,0.16000001,0.0,0.13904622,3.3349972,3.3449972,1113600
hardzero_plus_depr__c0p52__z1p05__lam0p010__nu0p50__psi0p75,hardzero_plus_depr,0.03,31,348,0.0,2,0.29644987,0.2966694,1.0460833,0.0899325,0.0899325,1.0,0.0002195344,0.002441102,-26.321302,2.3014293,0.76714313,0.136,0.0,0.13373838,3.3449972,3.3549972,1116800
hardzero_plus_depr__c0p52__z1p05__lam0p010__nu0p50__psi0p75,hardzero_plus_depr,0.03,31,349,0.0,2,0.2966694,0.29692218,0.9815887,0.10433049,0.10433049,1.0,0.0002527784,0.0024228625,-26.433369,2.1595383,0.7198461,0.2,0.0,0.13152517,3.3549972,3.3649971,1120000
hardzero_plus_depr__c0p52__z1p05__lam0p010__nu0p50__psi0p75,hardzero_plus_depr,0.03,31,350,0.0,2,0.29692218,0.29714003,1.0428872,0.09059677,0.09059677,1.0,0.00021786333,0.0024047582,-27.62182,2.2943976,0.76479924,0.14400001,0.0,0.15473844,3.3649971,3.3749971,1123200
hardzero_plus_depr__c0p52__z1p05__lam0p010__nu0p50__psi0p75,hardzero_plus_depr,0.03,31,351,0.0,2,0.29714003,0.29737774,1.0018032,0.099585675,0.099585675,1.0,0.00023769014,0.0023867905,-27.440287,2.204011,0.73467034,0.22999999,0.0,0.14748396,3.3749971,3.3849971,1126400
hardzero_plus_depr__c0p52__z1p05__lam0p010__nu0p50__psi0p75,hardzero_plus_depr,0.03,31,352,0.0,2,0.29737774,0.29760167,1.0244552,0.094524585,0.094524585,1.0,0.00022392461,0.0023689563,-27.20163,2.2538464,0.75128216,0.16800001,0.0,0.12452506,3.3849971,3.3949971,1129600
hardzero_plus_depr__c0p52__z1p05__lam0p010__nu0p50__psi0p75,hardzero_plus_depr,0.03,31,353,0.0,2,0.29760167,0.29784423,0.986471,0.1031642,0.1031642,1.0,0.0002425654,0.0023512554,-26.248812,2.1702795,0.7234265,0.136,0.0,0.1173346,3.3949971,3.404997,1132800
hardzero_plus_depr__c0p52__z1p05__lam0p010__nu0p50__psi0p75,hardzero_plus_depr,0.03,31,354,0.0,2,0.29784423,0.29806742,1.0193415,0.09564417,0.09564417,1.0,0.00022320356,0.0023336872,-27.05579,2.242596,0.747532,0.14400001,0.0,0.17135036,3.404997,3.414997,1136000
hardzero_plus_depr__c0p52__z1p05__lam0p010__nu0p50__psi0p75,hardzero_plus_depr,0.03,31,355,0.0,2,0.29806742,0.2983042,0.99042803,0.1022285,0.1022285,1.0,0.00023678679,0.0023162502,-26.945782,2.178985,0.7263284,0.16000001,0.008,0.16064456,3.414997,3.424997,1139200
hardzero_plus_depr__c0p52__z1p05__lam0p010__nu0p50__psi0p75,hardzero_plus_depr,0.03,31,356,0.0,2,0.2983042,0.2983042,1.0505013,0.0,0.089022264,0.0,0.0,0.0022989435,-27.500616,2.3111491,0.77038306,0.16800001,0.0,0.13605471,3.424997,3.434997,1142400
hardzero_plus_depr__c0p52__z1p05__lam0p010__nu0p50__psi0p75,hardzero_plus_depr,0.03,31,357,0.0,2,0.2983042,0.2985226,1.0190349,0.095711716,0.095711716,1.0,0.00021839172,0.002281766,-27.319529,2.2419214,0.7473072,0.17600001,0.0,0.1482588,3.434997,3.444997,1145600
hardzero_plus_depr__c0p52__z1p05__lam0p010__nu0p50__psi0p75,hardzero_plus_depr,0.03,31,358,0.0,2,0.2985226,0.29874,1.0177448,0.09599645,0.09599645,1.0,0.00021740471,0.0022647162,-27.583954,2.2390833,0.74636114,0.192,0.0,0.15276459,3.444997,3.454997,1148800
hardzero_plus_depr__c0p52__z1p05__lam0p010__nu0p50__psi0p75,hardzero_plus_depr,0.03,31,359,0.0,2,0.29874,0.29874,1.0664314,0.0,0.08581607,0.0,0.0,0.0022477945,-28.197205,2.346196,0.78206533,0.112,0.0,0.15191509,3.454997,3.464997,1152000
hardzero_plus_depr__c0p52__z1p05__lam0p010__nu0p50__psi0p75,hardzero_plus_depr,0.03,31,360,0.0,2,0.29874,0.29896575,0.9948429,0.10119454,0.10119454,1.0,0.00022576496,0.0022309995,-26.249779,2.188698,0.72956604,0.120000005,0.0,0.15754342,3.464997,3.474997,1155200
hardzero_plus_depr__c0p52__z1p05__lam0p010__nu0p50__psi0p75,hardzero_plus_depr,0.03,31,361,0.0,2,0.29896575,0.2991846,1.0051162,0.09882886,0.09882886,1.0,0.00021883962,0.002214329,-26.562006,2.2113,0.7371,0.112,0.0,0.14639142,3.474997,3.484997,1158400
hardzero_plus_depr__c0p52__z1p05__lam0p010__nu0p50__psi0p75,hardzero_plus_depr,0.03,31,362,0.0,2,0.2991846,0.29938677,1.036238,0.09199453,0.09199453,1.0,0.00020218408,0.0021977837,-27.484335,2.279769,0.759923,0.096,0.0,0.1475227,3.484997,3.494997,1161600
hardzero_plus_depr__c0p52__z1p05__lam0p010__nu0p50__psi0p75,hardzero_plus_depr,0.03,31,363,0.0,2,0.29938677,0.29938677,1.0518186,0.0,0.08875265,0.0,0.0,0.0021813624,-28.026981,2.314047,0.7713491,0.104,0.0,0.17201829,3.494997,3.504997,1164800
hardzero_plus_depr__c0p52__z1p05__lam0p010__nu0p50__psi0p75,hardzero_plus_depr,0.03,31,364,0.0,2,0.29938677,0.29962397,0.96033627,0.10956295,0.10956295,1.0,0.00023721074,0.0021650635,-26.573828,2.112782,0.7042607,0.21,0.0,0.1302271,3.504997,3.514997,1168000
hardzero_plus_depr__c0p52__z1p05__lam0p010__nu0p50__psi0p75,hardzero_plus_depr,0.03,31,365,0.0,2,0.29962397,0.29983583,1.0061425,0.09859558,0.09859558,1.0,0.0002118707,0.0021488864,-27.470558,2.2135577,0.7378526,0.17600001,0.0,0.14936145,3.514997,3.524997,1171200
hardzero_plus_depr__c0p52__z1p05__lam0p010__nu0p50__psi0p75,hardzero_plus_depr,0.03,31,366,0.0,2,0.29983583,0.29983583,1.0974455,0.0,0.07990143,0.0,0.0,0.0021328297,-28.957607,2.4144282,0.80480945,0.096,0.0,0.1631208,3.524997,3.534997,1174400
hardzero_plus_depr__c0p52__z1p05__lam0p010__nu0p50__psi0p75,hardzero_plus_depr,0.03,31,367,0.0,2,0.29983583,0.30003828,1.0194095,0.09562919,0.09562919,1.0,0.00020243682,0.0021168934,-27.661446,2.2427456,0.7475819,0.16000001,0.0,0.1515048,3.534997,3.544997,1177600
hardzero_plus_depr__c0p52__z1p05__lam0p010__nu0p50__psi0p75,hardzero_plus_depr,0.03,31,368,0.0,2,0.30003828,0.30023474,1.0292016,0.09349714,0.09349714,1.0,0.00019644463,0.0021010763,-27.948006,2.264289,0.754763,0.128,0.0,0.14196965,3.544997,3.554997,1180800
hardzero_plus_depr__c0p52__z1p05__lam0p010__nu0p50__psi0p75,hardzero_plus_depr,0.03,31,369,0.0,2,0.30023474,0.30044577,0.9948147,0.1012011,0.1012011,1.0,0.00021104242,0.0020853768,-26.639189,2.188636,0.72954535,0.2,0.0,0.12614025,3.554997,3.564997,1184000
hardzero_plus_depr__c0p52__z1p05__lam0p010__nu0p50__psi0p75,hardzero_plus_depr,0.03,31,370,0.0,2,0.30044577,0.30064893,1.0080526,0.0981629,0.0981629,1.0,0.0002031771,0.0020697953,-26.954302,2.2177598,0.7392533,0.16800001,0.0,0.13865568,3.564997,3.574997,1187200
hardzero_plus_depr__c0p52__z1p05__lam0p010__nu0p50__psi0p75,hardzero_plus_depr,0.03,31,371,0.0,2,0.30064893,0.30085507,0.99851173,0.100343265,0.100343265,1.0,0.00020613815,0.0020543297,-27.173603,2.1967697,0.7322566,0.224,0.0,0.1534239,3.574997,3.584997,1190400
hardzero_plus_depr__c0p52__z1p05__lam0p010__nu0p50__psi0p75,hardzero_plus_depr,0.03,31,372,0.0,2,0.30085507,0.30105838,1.0012757,0.0997067,0.0997067,1.0,0.00020329999,0.0020389801,-26.62606,2.2028503,0.73428345,0.16000001,0.0,0.14286563,3.584997,3.594997,1193600
hardzero_plus_depr__c0p52__z1p05__lam0p010__nu0p50__psi0p75,hardzero_plus_depr,0.03,31,373,0.0,2,0.30105838,0.30127198,0.97654605,0.10554895,0.10554895,1.0,0.00021360417,0.002023745,-26.439924,2.1484442,0.7161481,0.216,0.0,0.16776396,3.594997,3.604997,1196800
hardzero_plus_depr__c0p52__z1p05__lam0p010__nu0p50__psi0p75,hardzero_plus_depr,0.03,31,374,0.0,2,0.30127198,0.3014784,0.98814857,0.10276647,0.10276647,1.0,0.00020641914,0.0020086234,-27.090544,2.1739702,0.72465676,0.2,0.0,0.13007572,3.604997,3.614997,1200000
hardzero_plus_depr__c0p52__z1p05__lam0p010__nu0p50__psi0p75,hardzero_plus_depr,0.03,31,375,0.0,2,0.3014784,0.30167007,1.0170127,0.09615842,0.09615842,1.0,0.00019170289,0.0019936152,-26.71651,2.2374728,0.7458243,0.120000005,0.0,0.14040172,3.614997,3.624997,1203200
hardzero_plus_depr__c0p52__z1p05__lam0p010__nu0p50__psi0p75,hardzero_plus_depr,0.03,31,376,0.0,2,0.30167007,0.30189914,0.9364427,0.11575967,0.11575967,1.0,0.00022905588,0.0019787191,-25.467428,2.060215,0.6867384,0.24800001,0.0,0.11592791,3.624997,3.634997,1206400
hardzero_plus_depr__c0p52__z1p05__lam0p010__nu0p50__psi0p75,hardzero_plus_depr,0.03,31,377,0.0,2,0.30189914,0.30189914,1.0518874,0.0,0.088738605,0.0,0.0,0.001963934,-27.472685,2.3141985,0.7713995,0.11,0.0,0.13411342,3.634997,3.644997,1209600
hardzero_plus_depr__c0p52__z1p05__lam0p010__nu0p50__psi0p75,hardzero_plus_depr,0.03,31,378,0.0,2,0.30189914,0.30209407,0.9999457,0.100012496,0.100012496,1.0,0.0001949503,0.0019492595,-26.71313,2.1999245,0.7333082,0.16000001,0.0,0.13572939,3.644997,3.6549969,1212800
hardzero_plus_depr__c0p52__z1p05__lam0p010__nu0p50__psi0p75,hardzero_plus_depr,0.03,31,379,0.0,2,0.30209407,0.3022745,1.0302988,0.09326124,0.09326124,1.0,0.00018043205,0.0019346949,-27.40147,2.2667027,0.75556755,0.08800001,0.0,0.13697906,3.6549969,3.6649969,1216000
hardzero_plus_depr__c0p52__z1p05__lam0p010__nu0p50__psi0p75,hardzero_plus_depr,0.03,31,380,0.0,2,0.3022745,0.3024702,0.99176073,0.10191528,0.10191528,1.0,0.00019570171,0.0019202392,-26.823776,2.1819172,0.72730577,0.208,0.0,0.14929797,3.6649969,3.6749969,1219200
hardzero_plus_depr__c0p52__z1p05__lam0p010__nu0p50__psi0p75,hardzero_plus_depr,0.03,31,381,0.0,2,0.3024702,0.30265364,1.0166162,0.09624624,0.09624624,1.0,0.0001834349,0.0019058915,-28.013935,2.2366004,0.74553347,0.14400001,0.0,0.13238515,3.6749969,3.6849968,1222400
hardzero_plus_depr__c0p52__z1p05__lam0p010__nu0p50__psi0p75,hardzero_plus_depr,0.03,31,382,0.0,2,0.30265364,0.30283162,1.0264714,0.09408677,0.09408677,1.0,0.0001779793,0.0018916505,-27.14017,2.2582822,0.75276077,0.17600001,0.0,0.13061891,3.6849968,3.6949968,1225600
hardzero_plus_depr__c0p52__z1p05__lam0p010__nu0p50__psi0p75,hardzero_plus_depr,0.03,31,383,0.0,2,0.30283162,0.30301067,1.0206157,0.09536397,0.09536397,1.0,0.0001790474,0.0018775163,-27.448439,2.2453995,0.7484665,0.2,0.0,0.14957513,3.6949968,3.7049968,1228800
hardzero_plus_depr__c0p52__z1p05__lam0p010__nu0p50__psi0p75,hardzero_plus_depr,0.03,31,384,0.0,2,0.30301067,0.30318502,1.0289556,0.09355012,0.09355012,1.0,0.00017432949,0.0018634875,-26.845776,2.2637475,0.7545825,0.16800001,0.0,0.13810575,3.7049968,3.7149968,1232000
hardzero_plus_depr__c0p52__z1p05__lam0p010__nu0p50__psi0p75,hardzero_plus_depr,0.03,31,385,0.0,2,0.30318502,0.3033563,1.0333438,0.09260963,0.09260963,1.0,0.00017128738,0.0018495634,-27.449896,2.2734017,0.7578006,0.128,0.0,0.16954347,3.7149968,3.7249968,1235200
hardzero_plus_depr__c0p52__z1p05__lam0p010__nu0p50__psi0p75,hardzero_plus_depr,0.03,31,386,0.0,2,0.3033563,0.30353668,1.0075924,0.09826697,0.09826697,1.0,0.00018039296,0.0018357437,-26.076675,2.2167478,0.7389159,0.112,0.0,0.13773435,3.7249968,3.7349968,1238400
hardzero_plus_depr__c0p52__z1p05__lam0p010__nu0p50__psi0p75,hardzero_plus_depr,0.03,31,387,0.0,2,0.30353668,0.3036998,1.0481074,0.08951433,0.08951433,1.0,0.00016309755,0.0018220273,-28.000208,2.3058822,0.7686274,0.15200001,0.0,0.14168414,3.7349968,3.7449968,1241600
hardzero_plus_depr__c0p52__z1p05__lam0p010__nu0p50__psi0p75,hardzero_plus_depr,0.03,31,388,0.0,2,0.3036998,0.30387506,1.0135919,0.096918814,0.096918814,1.0,0.00017526926,0.0018084132,-27.194645,2.2299466,0.7433156,0.15200001,0.0,0.15554734,3.7449968,3.7549968,1244800
hardzero_plus_depr__c0p52__z1p05__lam0p010__nu0p50__psi0p75,hardzero_plus_depr,0.03,31,389,0.0,2,0.30387506,0.30404976,1.0117093,0.09733984,0.09733984,1.0,0.00017471539,0.0017949011,-27.519073,2.225805,0.741935,0.256,0.0,0.15833853,3.7549968,3.7649968,1248000
hardzero_plus_depr__c0p52__z1p05__lam0p010__nu0p50__psi0p75,hardzero_plus_depr,0.03,31,390,0.0,2,0.30404976,0.30422023,1.0191485,0.09568669,0.09568669,1.0,0.00017046482,0.0017814894,-27.506504,2.2421713,0.74739045,0.12,0.0,0.14059073,3.7649968,3.7749968,1251200
hardzero_plus_depr__c0p52__z1p05__lam0p010__nu0p50__psi0p75,hardzero_plus_depr,0.03,31,391,0.0,2,0.30422023,0.30440933,0.97086364,0.10693904,0.10693904,1.0,0.00018908728,0.0017681782,-26.87013,2.1359427,0.71198094,0.256,0.0,0.1473743,3.7749968,3.7849967,1254400
hardzero_plus_depr__c0p52__z1p05__lam0p010__nu0p50__psi0p75,hardzero_plus_depr,0.03,31,392,0.0,2,0.30440933,0.30440933,1.0608082,0.0,0.086934425,0.0,0.0,0.0017549667,-29.212732,2.3338246,0.7779416,0.14400001,0.008,0.16398957,3.7849967,3.7949967,1257600
hardzero_plus_depr__c0p52__z1p05__lam0p010__nu0p50__psi0p75,hardzero_plus_depr,0.03,31,393,0.0,2,0.30440933,0.30458924,0.98596644,0.103284106,0.103284106,1.0,0.00017990576,0.0017418533,-25.921598,2.1691694,0.7230565,0.216,0.0,0.12458941,3.7949967,3.8049967,1260800
hardzero_plus_depr__c0p52__z1p05__lam0p010__nu0p50__psi0p75,hardzero_plus_depr,0.03,31,394,0.0,2,0.30458924,0.30458924,1.0747837,0.0,0.08418143,0.0,0.0,0.0017288383,-29.063654,2.3645713,0.7881905,0.104,0.0,0.16605191,3.8049967,3.8149967,1264000
hardzero_plus_depr__c0p52__z1p05__lam0p010__nu0p50__psi0p75,hardzero_plus_depr,0.03,31,395,0.0,2,0.30458924,0.30477354,0.96897835,0.10740429,0.10740429,1.0,0.00018429727,0.0017159209,-26.17743,2.131795,0.71059835,0.16000001,0.0,0.11378756,3.8149967,3.8249967,1267200
hardzero_plus_depr__c0p52__z1p05__lam0p010__nu0p50__psi0p75,hardzero_plus_depr,0.03,31,396,0.0,2,0.30477354,0.3049388,1.0130737,0.09703454,0.09703454,1.0,0.0001652595,0.0017030997,-27.209938,2.2288067,0.7429356,0.16800001,0.0,0.13035266,3.8249967,3.8349967,1270400
hardzero_plus_depr__c0p52__z1p05__lam0p010__nu0p50__psi0p75,hardzero_plus_depr,0.03,31,397,0.0,2,0.3049388,0.30511844,0.9735712,0.10627444,0.10627444,1.0,0.00017964357,0.0016903742,-26.447058,2.1418993,0.7139665,0.136,0.0,0.12337404,3.8349967,3.8449967,1273600
hardzero_plus_depr__c0p52__z1p05__lam0p010__nu0p50__psi0p75,hardzero_plus_depr,0.03,31,398,0.0,2,0.30511844,0.30527344,1.0344168,0.092381105,0.092381105,1.0,0.00015499182,0.0016777437,-27.90006,2.2757623,0.7585875,0.17600001,0.0,0.15612537,3.8449967,3.8549967,1276800
hardzero_plus_depr__c0p52__z1p05__lam0p010__nu0p50__psi0p75,hardzero_plus_depr,0.03,31,399,0.0,2,0.30527344,0.30545306,0.9671392,0.10786009,0.10786009,1.0,0.00017960946,0.0016652078,-25.976961,2.1277487,0.7092496,0.17600001,0.0,0.14696407,3.8549967,3.8649967,1280000
hardzero_plus_depr__c0p52__z1p05__lam0p010__nu0p50__psi0p75,hardzero_plus_depr,0.03,31,400,0.0,2,0.30545306,0.3056396,0.9474453,0.11286381,0.11286381,1.0,0.0001865374,0.0016527654,-26.681253,2.0844212,0.69480705,0.17600001,0.0,0.15465099,3.8649967,3.8749967,1283200
hardzero_plus_depr__c0p52__z1p05__lam0p010__nu0p50__psi0p75,hardzero_plus_depr,0.03,31,401,0.0,2,0.3056396,0.3056396,1.1054374,0.0,0.07844452,0.0,0.0,0.0016404159,-28.286142,2.432011,0.8106703,0.120000005,0.0,0.14828809,3.8749967,3.8849967,1286400
hardzero_plus_depr__c0p52__z1p05__lam0p010__nu0p50__psi0p75,hardzero_plus_depr,0.03,31,402,0.0,2,0.3056396,0.3057951,1.019973,0.09550519,0.09550519,1.0,0.00015549762,0.0016281588,-27.459953,2.2439854,0.74799514,0.120000005,0.008,0.14390302,3.8849967,3.8949966,1289600
hardzero_plus_depr__c0p52__z1p05__lam0p010__nu0p50__psi0p75,hardzero_plus_depr,0.03,31,403,0.0,2,0.3057951,0.30596337,0.98246336,0.10412058,0.10412058,1.0,0.00016825816,0.0016159933,-27.971394,2.1614625,0.72048753,0.17,0.0,0.13321395,3.8949966,3.9049966,1292800
hardzero_plus_depr__c0p52__z1p05__lam0p010__nu0p50__psi0p75,hardzero_plus_depr,0.03,31,404,0.0,2,0.30596337,0.30612677,0.9919091,0.10188046,0.10188046,1.0,0.000163408,0.0016039188,-26.978544,2.1822436,0.72741455,0.14400001,0.0,0.14206827,3.9049966,3.9149966,1296000
hardzero_plus_depr__c0p52__z1p05__lam0p010__nu0p50__psi0p75,hardzero_plus_depr,0.03,31,405,0.0,2,0.30612677,0.30628476,1.0033525,0.09923101,0.09923101,1.0,0.00015796929,0.0015919347,-26.653967,2.2074196,0.7358066,0.16000001,0.0,0.14120673,3.9149966,3.9249966,1299200
hardzero_plus_depr__c0p52__z1p05__lam0p010__nu0p50__psi0p75,hardzero_plus_depr,0.03,31,406,0.0,2,0.30628476,0.306436,1.0190122,0.095716715,0.095716715,1.0,0.00015123619,0.0015800395,-26.967535,2.2418716,0.74729055,0.15200001,0.0,0.13676456,3.9249966,3.9349966,1302400
hardzero_plus_depr__c0p52__z1p05__lam0p010__nu0p50__psi0p75,hardzero_plus_depr,0.03,31,407,0.0,2,0.306436,0.30658564,1.0203599,0.09542016,0.09542016,1.0,0.0001496411,0.0015682336,-26.475502,2.2448366,0.74827886,0.2,0.0,0.119271904,3.9349966,3.9449966,1305600
hardzero_plus_depr__c0p52__z1p05__lam0p010__nu0p50__psi0p75,hardzero_plus_depr,0.03,31,408,0.0,2,0.30658564,0.30658564,1.0576199,0.0,0.08757499,0.0,0.0,0.001556516,-27.439344,2.3268104,0.7756035,0.136,0.0,0.18376447,3.9449966,3.9549966,1308800
hardzero_plus_depr__c0p52__z1p05__lam0p010__nu0p50__psi0p75,hardzero_plus_depr,0.03,31,409,0.0,2,0.30658564,0.30673876,1.00388,0.09911057,0.09911057,1.0,0.0001531145,0.0015448856,-27.157549,2.2085803,0.7361934,0.192,0.0,0.14976288,3.9549966,3.9649966,1312000
hardzero_plus_depr__c0p52__z1p05__lam0p010__nu0p50__psi0p75,hardzero_plus_depr,0.03,31,410,0.0,2,0.30673876,0.30689803,0.9834918,0.10387432,0.10387432,1.0,0.00015927487,0.0015333422,-27.653444,2.1637251,0.7212417,0.16000001,0.0,0.1516723,3.9649966,3.9749966,1315200
hardzero_plus_depr__c0p52__z1p05__lam0p010__nu0p50__psi0p75,hardzero_plus_depr,0.03,31,411,0.0,2,0.30689803,0.30705142,0.9965821,0.10079009,0.10079009,1.0,0.00015339098,0.0015218855,-26.636976,2.1925244,0.7308415,0.16800001,0.0,0.114578426,3.9749966,3.9849966,1318400
hardzero_plus_depr__c0p52__z1p05__lam0p010__nu0p50__psi0p75,hardzero_plus_depr,0.03,31,412,0.0,2,0.30705142,0.30705142,1.0925766,0.0,0.08080224,0.0,0.0,0.0015105141,-28.562635,2.4037166,0.8012389,0.128,0.0,0.15995094,3.9849966,3.9949965,1321600
hardzero_plus_depr__c0p52__z1p05__lam0p010__nu0p50__psi0p75,hardzero_plus_depr,0.03,31,413,0.0,2,0.30705142,0.30719122,1.0303421,0.09325194,0.09325194,1.0,0.00013980588,0.0014992276,-26.551367,2.2667978,0.75559926,0.18400002,0.0,0.14753833,3.9949965,4.004997,1324800
hardzero_plus_depr__c0p52__z1p05__lam0p010__nu0p50__psi0p75,hardzero_plus_depr,0.03,31,414,0.0,2,0.30719122,0.3073321,1.0237451,0.09467926,0.09467926,1.0,0.00014088514,0.0014880253,-27.32853,2.252284,0.7507614,0.120000005,0.0,0.18190692,4.004997,4.014997,1328000
hardzero_plus_depr__c0p52__z1p05__lam0p010__nu0p50__psi0p75,hardzero_plus_depr,0.03,31,415,0.0,2,0.3073321,0.30747452,1.0157244,0.09644409,0.09644409,1.0,0.0001424389,0.0014769065,-26.678904,2.2346385,0.7448795,0.128,0.0,0.14708547,4.014997,4.024997,1331200
hardzero_plus_depr__c0p52__z1p05__lam0p010__nu0p50__psi0p75,hardzero_plus_depr,0.03,31,416,0.0,2,0.30747452,0.30762458,0.9898741,0.10235896,0.10235896,1.0,0.000150045,0.0014658708,-26.949839,2.1777666,0.7259222,0.21,0.0,0.13352312,4.024997,4.0349975,1334400
hardzero_plus_depr__c0p52__z1p05__lam0p010__nu0p50__psi0p75,hardzero_plus_depr,0.03,31,417,0.0,2,0.30762458,0.30778638,0.9538722,0.111205876,0.111205876,1.0,0.0001617954,0.0014549177,-26.297533,2.0985608,0.6995203,0.15200001,0.0,0.13191213,4.0349975,4.0449977,1337600
hardzero_plus_depr__c0p52__z1p05__lam0p010__nu0p50__psi0p75,hardzero_plus_depr,0.03,31,418,0.0,2,0.30778638,0.30793595,0.9847296,0.103578694,0.103578694,1.0,0.00014957244,0.0014440464,-26.613949,2.1664484,0.7221495,0.192,0.0,0.13309684,4.0449977,4.054998,1340800
hardzero_plus_depr__c0p52__z1p05__lam0p010__nu0p50__psi0p75,hardzero_plus_depr,0.03,31,419,0.0,2,0.30793595,0.30806702,1.0388628,0.0914402,0.0914402,1.0,0.00013105726,0.0014332564,-28.346472,2.285544,0.761848,0.128,0.0,0.17777896,4.054998,4.064998,1344000
hardzero_plus_depr__c0p52__z1p05__lam0p010__nu0p50__psi0p75,hardzero_plus_depr,0.03,31,420,0.0,2,0.30806702,0.30821908,0.97110313,0.10688009,0.10688009,1.0,0.00015204193,0.0014225468,-25.926037,2.1364696,0.71215653,0.192,0.0,0.12131381,4.064998,4.0749984,1347200
hardzero_plus_depr__c0p52__z1p05__lam0p010__nu0p50__psi0p75,hardzero_plus_depr,0.03,31,421,0.0,2,0.30821908,0.30836257,0.99300116,0.1016246,0.1016246,1.0,0.00014348555,0.0014119175,-26.242289,2.1846461,0.7282154,0.112,0.0,0.14747994,4.0749984,4.0849986,1350400
hardzero_plus_depr__c0p52__z1p05__lam0p010__nu0p50__psi0p75,hardzero_plus_depr,0.03,31,422,0.0,2,0.30836257,0.30850732,0.9859246,0.10329408,0.10329408,1.0,0.00014475296,0.0014013675,-26.586906,2.1690774,0.7230258,0.224,0.0,0.13517545,4.0849986,4.094999,1353600
hardzero_plus_depr__c0p52__z1p05__lam0p010__nu0p50__psi0p75,hardzero_plus_depr,0.03,31,423,0.0,2,0.30850732,0.30863276,1.0448452,0.09018924,0.09018924,1.0,0.00012544388,0.0013908963,-26.734922,2.2987053,0.7662351,0.128,0.0,0.1352486,4.094999,4.104999,1356800
hardzero_plus_depr__c0p52__z1p05__lam0p010__nu0p50__psi0p75,hardzero_plus_depr,0.03,31,424,0.0,2,0.30863276,0.30875835,1.0410737,0.09097589,0.09097589,1.0,0.00012559253,0.0013805034,-27.470882,2.290408,0.76346934,0.120000005,0.0,0.15037481,4.104999,4.1149993,1360000
hardzero_plus_depr__c0p52__z1p05__lam0p010__nu0p50__psi0p75,hardzero_plus_depr,0.03,31,425,0.0,2,0.30875835,0.30890313,0.9760842,0.10566127,0.10566127,1.0,0.00014477581,0.001370188,-25.87073,2.147428,0.71580935,0.17600001,0.0,0.14012207,4.1149993,4.1249995,1363200
hardzero_plus_depr__c0p52__z1p05__lam0p010__nu0p50__psi0p75,hardzero_plus_depr,0.03,31,426,0.0,2,0.30890313,0.3090267,1.0416594,0.09085329,0.09085329,1.0,0.00012355592,0.0013599498,-28.339445,2.2916963,0.7638988,0.16800001,0.0,0.15607738,4.1249995,4.1349998,1366400
hardzero_plus_depr__c0p52__z1p05__lam0p010__nu0p50__psi0p75,hardzero_plus_depr,0.03,31,427,0.0,2,0.3090267,0.30914864,1.0440408,0.09035645,0.09035645,1.0,0.000121962075,0.0013497883,-26.9493,2.2969356,0.7656452,0.096,0.0,0.1371001,4.1349998,4.145,1369600
hardzero_plus_depr__c0p52__z1p05__lam0p010__nu0p50__psi0p75,hardzero_plus_depr,0.03,31,428,0.0,2,0.30914864,0.3092711,1.0390203,0.091407046,0.091407046,1.0,0.00012245824,0.0013397024,-27.036577,2.2858903,0.7619635,0.112,0.0,0.13429488,4.145,4.155,1372800
hardzero_plus_depr__c0p52__z1p05__lam0p010__nu0p50__psi0p75,hardzero_plus_depr,0.03,31,429,0.0,2,0.3092711,0.30940714,0.9900825,0.10230987,0.10230987,1.0,0.0001360406,0.001329692,-26.449892,2.178225,0.72607505,0.17999999,0.0,0.11887455,4.155,4.1650004,1376000
hardzero_plus_depr__c0p52__z1p05__lam0p010__nu0p50__psi0p75,hardzero_plus_depr,0.03,31,430,0.0,2,0.30940714,0.30953744,1.0055425,0.0987319,0.0987319,1.0,0.00013030207,0.0013197565,-26.35202,2.2122376,0.7374126,0.192,0.0,0.15508349,4.1650004,4.1750007,1379200
hardzero_plus_depr__c0p52__z1p05__lam0p010__nu0p50__psi0p75,hardzero_plus_depr,0.03,31,431,0.0,2,0.30953744,0.3096599,1.0292053,0.09349636,0.09349636,1.0,0.00012247042,0.001309895,-27.680475,2.264297,0.7547657,0.14400001,0.0,0.1426062,4.1750007,4.185001,1382400
hardzero_plus_depr__c0p52__z1p05__lam0p010__nu0p50__psi0p75,hardzero_plus_depr,0.03,31,432,0.0,2,0.3096599,0.30978364,1.0214447,0.095182106,0.095182106,1.0,0.00012374696,0.0013001073,-26.338045,2.2472231,0.7490744,0.16800001,0.0,0.14860642,4.185001,4.195001,1385600
hardzero_plus_depr__c0p52__z1p05__lam0p010__nu0p50__psi0p75,hardzero_plus_depr,0.03,31,433,0.0,2,0.30978364,0.3099032,1.0331047,0.09266065,0.09266065,1.0,0.00011956863,0.0012903927,-27.85142,2.2728755,0.7576252,0.14400001,0.0,0.16473816,4.195001,4.2050014,1388800
hardzero_plus_depr__c0p52__z1p05__lam0p010__nu0p50__psi0p75,hardzero_plus_depr,0.03,31,434,0.0,2,0.3099032,0.31002718,1.0141447,0.096795544,0.096795544,1.0,0.00012397098,0.0012807508,-26.997185,2.2311628,0.74372095,0.17600001,0.0,0.15653643,4.2050014,4.2150016,1392000
hardzero_plus_depr__c0p52__z1p05__lam0p010__nu0p50__psi0p75,hardzero_plus_depr,0.03,31,435,0.0,2,0.31002718,0.310141,1.0479774,0.08954112,0.08954112,1.0,0.000113822956,0.0012711808,-27.993885,2.3055964,0.76853216,0.128,0.0,0.14825529,4.2150016,4.225002,1395200
hardzero_plus_depr__c0p52__z1p05__lam0p010__nu0p50__psi0p75,hardzero_plus_depr,0.03,31,436,0.0,2,0.310141,0.31026697,1.0006809,0.09984333,0.09984333,1.0,0.00012597058,0.0012616825,-27.03082,2.201542,0.7338473,0.14400001,0.0,0.16644548,4.225002,4.235002,1398400
hardzero_plus_depr__c0p52__z1p05__lam0p010__nu0p50__psi0p75,hardzero_plus_depr,0.03,31,437,0.0,2,0.31026697,0.31039786,0.9808026,0.10451952,0.10451952,1.0,0.0001308851,0.001252255,-26.123486,2.1578088,0.71926963,0.256,0.0,0.13029651,4.235002,4.2450023,1401600
hardzero_plus_depr__c0p52__z1p05__lam0p010__nu0p50__psi0p75,hardzero_plus_depr,0.03,31,438,0.0,2,0.31039786,0.31052184,1.0010755,0.09975266,0.09975266,1.0,0.00012398238,0.0012428979,-27.03842,2.20241,0.7341367,0.120000005,0.0,0.13424459,4.2450023,4.2550025,1404800
hardzero_plus_depr__c0p52__z1p05__lam0p010__nu0p50__psi0p75,hardzero_plus_depr,0.03,31,439,0.0,2,0.31052184,0.31064612,0.9968377,0.10073081,0.10073081,1.0,0.00012426263,0.001233611,-27.692327,2.1930866,0.7310289,0.24800001,0.0,0.14762166,4.2550025,4.2650027,1408000
hardzero_plus_depr__c0p52__z1p05__lam0p010__nu0p50__psi0p75,hardzero_plus_depr,0.03,31,440,0.0,2,0.31064612,0.31064612,1.068638,0.0,0.08538115,0.0,0.0,0.0012243933,-28.10344,2.3510504,0.7836835,0.120000005,0.0,0.17288399,4.2650027,4.275003,1411200
hardzero_plus_depr__c0p52__z1p05__lam0p010__nu0p50__psi0p75,hardzero_plus_depr,0.03,31,441,0.0,2,0.31064612,0.3107774,0.96648175,0.10802351,0.10802351,1.0,0.00013127497,0.0012152444,-25.826431,2.1263022,0.7087674,0.16800001,0.0,0.1261385,4.275003,4.285003,1414400
hardzero_plus_depr__c0p52__z1p05__lam0p010__nu0p50__psi0p75,hardzero_plus_depr,0.03,31,442,0.0,2,0.3107774,0.31088933,1.0323768,0.09281609,0.09281609,1.0,0.00011195144,0.0012061641,-26.871422,2.2712743,0.75709146,0.19999999,0.0,0.14127986,4.285003,4.2950034,1417600
hardzero_plus_depr__c0p52__z1p05__lam0p010__nu0p50__psi0p75,hardzero_plus_depr,0.03,31,443,0.0,2,0.31088933,0.31102443,0.94753,0.1128418,0.1128418,1.0,0.00013508873,0.0011971515,-25.89163,2.0846076,0.6948692,0.2,0.0,0.121713504,4.2950034,4.3050036,1420800
hardzero_plus_depr__c0p52__z1p05__lam0p010__nu0p50__psi0p75,hardzero_plus_depr,0.03,31,444,0.0,2,0.31102443,0.31115276,0.9665362,0.10800996,0.10800996,1.0,0.0001283381,0.0011882063,-26.885979,2.1264222,0.7088074,0.18400002,0.0,0.14428347,4.3050036,4.315004,1424000
hardzero_plus_depr__c0p52__z1p05__lam0p010__nu0p50__psi0p75,hardzero_plus_depr,0.03,31,445,0.0,2,0.31115276,0.31126845,1.0082957,0.098107986,0.098107986,1.0,0.00011570147,0.0011793277,-27.457443,2.2182949,0.7394316,0.128,0.0,0.14275749,4.315004,4.325004,1427200
hardzero_plus_depr__c0p52__z1p05__lam0p010__nu0p50__psi0p75,hardzero_plus_depr,0.03,31,446,0.0,2,0.31126845,0.31139988,0.9497,0.11227936,0.11227936,1.0,0.00013142475,0.0011705157,-25.746996,2.0893817,0.6964606,0.18400002,0.0,0.14120539,4.325004,4.3350043,1430400
hardzero_plus_depr__c0p52__z1p05__lam0p010__nu0p50__psi0p75,hardzero_plus_depr,0.03,31,447,0.0,2,0.31139988,0.3115114,1.0177588,0.095993355,0.095993355,1.0,0.00011152215,0.0011617695,-27.853287,2.2391143,0.74637145,0.15200001,0.0,0.15331292,4.3350043,4.3450046,1433600
hardzero_plus_depr__c0p52__z1p05__lam0p010__nu0p50__psi0p75,hardzero_plus_depr,0.03,31,448,0.0,2,0.3115114,0.31162953,0.9895293,0.10244025,0.10244025,1.0,0.00011812268,0.0011530885,-26.012259,2.177008,0.7256693,0.16000001,0.0,0.12960564,4.3450046,4.355005,1436800
hardzero_plus_depr__c0p52__z1p05__lam0p010__nu0p50__psi0p75,hardzero_plus_depr,0.03,31,449,0.0,2,0.31162953,0.31173173,1.0492452,0.08928011,0.08928011,1.0,0.000102178645,0.0011444726,-26.852829,2.3083856,0.76946187,0.08800001,0.0,0.13760407,4.355005,4.365005,1440000
hardzero_plus_depr__c0p52__z1p05__lam0p010__nu0p50__psi0p75,hardzero_plus_depr,0.03,31,450,0.0,2,0.31173173,0.31173173,1.060536,0.0,0.086988926,0.0,0.0,0.001135921,-28.10979,2.333226,0.777742,0.15200001,0.0,0.16615775,4.365005,4.3750052,1443200
hardzero_plus_depr__c0p52__z1p05__lam0p010__nu0p50__psi0p75,hardzero_plus_depr,0.03,31,451,0.0,2,0.31173173,0.31184387,1.0022945,0.09947305,0.09947305,1.0,0.000112149224,0.0011274333,-27.506857,2.205092,0.73503065,0.216,0.0,0.14164846,4.3750052,4.3850055,1446400
hardzero_plus_depr__c0p52__z1p05__lam0p010__nu0p50__psi0p75,hardzero_plus_depr,0.03,31,452,0.0,2,0.31184387,0.31184387,1.0806068,0.0,0.083060235,0.0,0.0,0.0011190089,-28.81499,2.3773825,0.79246086,0.120000005,0.0,0.21410066,4.3850055,4.3950057,1449600
hardzero_plus_depr__c0p52__z1p05__lam0p010__nu0p50__psi0p75,hardzero_plus_depr,0.03,31,453,0.0,2,0.31184387,0.31195098,1.0157894,0.09642965,0.09642965,1.0,0.00010709936,0.0011106476,-27.772469,2.2347813,0.7449271,0.15200001,0.0,0.13574687,4.3950057,4.405006,1452800
hardzero_plus_depr__c0p52__z1p05__lam0p010__nu0p50__psi0p75,hardzero_plus_depr,0.03,31,454,0.0,2,0.31195098,0.31208038,0.9303801,0.11738697,0.11738697,1.0,0.00012940136,0.0011023487,-25.428944,2.0468771,0.6822924,0.216,0.0,0.09947202,4.405006,4.415006,1456000
hardzero_plus_depr__c0p52__z1p05__lam0p010__nu0p50__psi0p75,hardzero_plus_depr,0.03,31,455,0.0,2,0.31208038,0.312182,1.0320351,0.092889115,0.092889115,1.0,0.00010163108,0.0010941118,-27.386728,2.2705226,0.7568409,0.14999999,0.0,0.14298236,4.415006,4.4250064,1459200
hardzero_plus_depr__c0p52__z1p05__lam0p010__nu0p50__psi0p75,hardzero_plus_depr,0.03,31,456,0.0,2,0.312182,0.31228793,1.0108575,0.09753096,0.09753096,1.0,0.000105912426,0.0010859364,-28.033672,2.2239308,0.7413103,0.18400002,0.0,0.123805776,4.4250064,4.4350066,1462400
hardzero_plus_depr__c0p52__z1p05__lam0p010__nu0p50__psi0p75,hardzero_plus_depr,0.03,31,457,0.0,2,0.31228793,0.31240273,0.9726155,0.10650856,0.10650856,1.0,0.0001147973,0.0010778223,-27.01534,2.1397967,0.7132656,0.23200001,0.0,0.1510474,4.4350066,4.445007,1465600
hardzero_plus_depr__c0p52__z1p05__lam0p010__nu0p50__psi0p75,hardzero_plus_depr,0.03,31,458,0.0,2,0.31240273,0.31251574,0.9762193,0.10562839,0.10562839,1.0,0.000112997936,0.0010697686,-26.822111,2.1477253,0.71590847,0.112,0.0,0.11712807,4.445007,4.455007,1468800
hardzero_plus_depr__c0p52__z1p05__lam0p010__nu0p50__psi0p75,hardzero_plus_depr,0.03,31,459,0.0,2,0.31251574,0.31262282,0.9962814,0.10085991,0.10085991,1.0,0.00010709056,0.0010617753,-27.212683,2.1918628,0.730621,0.2,0.0,0.15161167,4.455007,4.4650073,1472000
hardzero_plus_depr__c0p52__z1p05__lam0p010__nu0p50__psi0p75,hardzero_plus_depr,0.03,31,460,0.0,2,0.31262282,0.31272924,0.99568784,0.100997865,0.100997865,1.0,0.000106435735,0.0010538414,-26.722498,2.190557,0.7301857,0.14400001,0.0,0.13062336,4.4650073,4.4750075,1475200
hardzero_plus_depr__c0p52__z1p05__lam0p010__nu0p50__psi0p75,hardzero_plus_depr,0.03,31,461,0.0,2,0.31272924,0.31283224,1.0066684,0.09847627,0.09847627,1.0,0.00010300292,0.001045967,-26.184137,2.2147148,0.7382383,0.18400002,0.0,0.14576413,4.4750075,4.485008,1478400
hardzero_plus_depr__c0p52__z1p05__lam0p010__nu0p50__psi0p75,hardzero_plus_depr,0.03,31,462,0.0,2,0.31283224,0.31294504,0.9638931,0.1086693,0.1086693,1.0,0.00011281519,0.0010381514,-26.207443,2.1206071,0.70686907,0.136,0.0,0.12917677,4.485008,4.495008,1481600
hardzero_plus_depr__c0p52__z1p05__lam0p010__nu0p50__psi0p75,hardzero_plus_depr,0.03,31,463,0.0,2,0.31294504,0.31294504,1.0522951,0.0,0.08865535,0.0,0.0,0.0010303942,-27.990192,2.3150954,0.7716985,0.15200001,0.0,0.15041555,4.495008,4.505008,1484800
hardzero_plus_depr__c0p52__z1p05__lam0p010__nu0p50__psi0p75,hardzero_plus_depr,0.03,31,464,0.0,2,0.31294504,0.31303886,1.037407,0.091747224,0.091747224,1.0,9.382944e-05,0.0010226951,-26.986845,2.282341,0.76078033,0.128,0.0,0.1368559,4.505008,4.5150084,1488000
hardzero_plus_depr__c0p52__z1p05__lam0p010__nu0p50__psi0p75,hardzero_plus_depr,0.03,31,465,0.0,2,0.31303886,0.3131424,0.991351,0.102011465,0.102011465,1.0,0.00010354708,0.0010150534,-26.73192,2.1810157,0.72700524,0.08800001,0.0,0.14209168,4.5150084,4.5250087,1491200
hardzero_plus_depr__c0p52__z1p05__lam0p010__nu0p50__psi0p75,hardzero_plus_depr,0.03,31,466,0.0,2,0.3131424,0.31325358,0.9571218,0.11037691,0.11037691,1.0,0.00011120129,0.0010074688,-26.044796,2.10571,0.70190334,0.224,0.0,0.13488632,4.5250087,4.535009,1494400
hardzero_plus_depr__c0p52__z1p05__lam0p010__nu0p50__psi0p75,hardzero_plus_depr,0.03,31,467,0.0,2,0.31325358,0.31325358,1.0653164,0.0,0.08603667,0.0,0.0,0.0009999408,-28.86757,2.343743,0.78124774,0.192,0.0,0.18737094,4.535009,4.545009,1497600
hardzero_plus_depr__c0p52__z1p05__lam0p010__nu0p50__psi0p75,hardzero_plus_depr,0.03,31,468,0.0,2,0.31325358,0.31325358,1.0606402,0.0,0.08696805,0.0,0.0,0.0009924691,-27.275991,2.333455,0.7778184,0.16,0.0,0.15953033,4.545009,4.5550094,1500800
hardzero_plus_depr__c0p52__z1p05__lam0p010__nu0p50__psi0p75,hardzero_plus_depr,0.03,31,469,0.0,2,0.31325358,0.31335345,0.9940031,0.1013904,0.1013904,1.0,9.9874946e-05,0.0009850533,-27.490614,2.1868505,0.7289502,0.14400001,0.0,0.14727269,4.5550094,4.5650096,1504000
hardzero_plus_depr__c0p52__z1p05__lam0p010__nu0p50__psi0p75,hardzero_plus_depr,0.03,31,470,0.0,2,0.31335345,0.313442,1.0430849,0.09055557,0.09055557,1.0,8.853554e-05,0.0009776929,-27.361256,2.2948325,0.7649442,0.112,0.0,0.12361959,4.5650096,4.57501,1507200
hardzero_plus_depr__c0p52__z1p05__lam0p010__nu0p50__psi0p75,hardzero_plus_depr,0.03,31,471,0.0,2,0.313442,0.31353503,1.0183065,0.09587239,0.09587239,1.0,9.303335e-05,0.0009703873,-26.421902,2.240319,0.746773,0.14400001,0.0,0.13330732,4.57501,4.58501,1510400
hardzero_plus_depr__c0p52__z1p05__lam0p010__nu0p50__psi0p75,hardzero_plus_depr,0.03,31,472,0.0,2,0.31353503,0.31363043,1.0041808,0.09904195,0.09904195,1.0,9.539094e-05,0.00096313667,-26.476017,2.2092419,0.73641396,0.18400002,0.0,0.14030294,4.58501,4.5950103,1513600
hardzero_plus_depr__c0p52__z1p05__lam0p010__nu0p50__psi0p75,hardzero_plus_depr,0.03,31,473,0.0,2,0.31363043,0.31372592,1.0004648,0.099893026,0.099893026,1.0,9.5491734e-05,0.00095593993,-27.42926,2.2010665,0.73368883,0.192,0.0,0.15256727,4.5950103,4.6050105,1516800
hardzero_plus_depr__c0p52__z1p05__lam0p010__nu0p50__psi0p75,hardzero_plus_depr,0.03,31,474,0.0,2,0.31372592,0.313823,0.9899679,0.10233687,0.10233687,1.0,9.709691e-05,0.000948797,-25.71193,2.1779728,0.72599095,0.17600001,0.0,0.13679008,4.6050105,4.6150107,1520000
hardzero_plus_depr__c0p52__z1p05__lam0p010__nu0p50__psi0p75,hardzero_plus_depr,0.03,31,475,0.0,2,0.313823,0.31392577,0.96206975,0.109126516,0.109126516,1.0,0.000102765254,0.00094170746,-26.223196,2.1165957,0.70553195,0.15200001,0.008,0.12737636,4.6150107,4.625011,1523200
hardzero_plus_depr__c0p52__z1p05__lam0p010__nu0p50__psi0p75,hardzero_plus_depr,0.03,31,476,0.0,2,0.31392577,0.31401774,1.006968,0.09840836,0.09840836,1.0,9.1979426e-05,0.0009346709,-26.857958,2.2153738,0.7384579,0.16000001,0.0,0.15891919,4.625011,4.635011,1526400
hardzero_plus_depr__c0p52__z1p05__lam0p010__nu0p50__psi0p75,hardzero_plus_depr,0.03,31,477,0.0,2,0.31401774,0.3141123,0.99162984,0.10194599,0.10194599,1.0,9.457397e-05,0.000927687,-26.930058,2.1816292,0.72720975,0.120000005,0.0,0.16995615,4.635011,4.6450114,1529600
hardzero_plus_depr__c0p52__z1p05__lam0p010__nu0p50__psi0p75,hardzero_plus_depr,0.03,31,478,0.0,2,0.3141123,0.314203,1.0065819,0.09849589,0.09849589,1.0,9.06906e-05,0.00092075515,-27.812286,2.2145245,0.73817486,0.16000001,0.0,0.16518278,4.6450114,4.6550117,1532800
hardzero_plus_depr__c0p52__z1p05__lam0p010__nu0p50__psi0p75,hardzero_plus_depr,0.03,31,479,0.0,2,0.314203,0.314203,1.0547973,0.0,0.088146016,0.0,0.0,0.0009138752,-27.459314,2.3206005,0.7735335,0.120000005,0.0,0.20578942,4.6550117,4.665012,1536000
hardzero_plus_depr__c0p52__z1p05__lam0p010__nu0p50__psi0p75,hardzero_plus_depr,0.03,31,480,0.0,2,0.314203,0.3142886,1.0252352,0.09435497,0.09435497,1.0,8.5584354e-05,0.0009070466,-27.397778,2.2555625,0.7518542,0.112,0.0,0.1336285,4.665012,4.675012,1539200
hardzero_plus_depr__c0p52__z1p05__lam0p010__nu0p50__psi0p75,hardzero_plus_depr,0.03,31,481,0.0,2,0.3142886,0.3142886,1.0876658,0.0,0.08172109,0.0,0.0,0.000900269,-27.79105,2.3929126,0.7976376,0.13,0.0,0.16268992,4.675012,4.6850123,1542400
hardzero_plus_depr__c0p52__z1p05__lam0p010__nu0p50__psi0p75,hardzero_plus_depr,0.03,31,482,0.0,2,0.3142886,0.31437838,0.99781764,0.10050378,0.10050378,1.0,8.9804365e-05,0.00089354214,-26.729454,2.1952426,0.73174757,0.14400001,0.0,0.11857862,4.6850123,4.6950126,1545600
hardzero_plus_depr__c0p52__z1p05__lam0p010__nu0p50__psi0p75,hardzero_plus_depr,0.03,31,483,0.0,2,0.31437838,0.31446308,1.0199565,0.095508836,0.095508836,1.0,8.470349e-05,0.0008868655,-27.256704,2.243949,0.747983,0.16000001,0.0,0.15582143,4.6950126,4.705013,1548800
hardzero_plus_depr__c0p52__z1p05__lam0p010__nu0p50__psi0p75,hardzero_plus_depr,0.03,31,484,0.0,2,0.31446308,0.31454727,1.0192946,0.0956545,0.0956545,1.0,8.41988e-05,0.0008802388,-26.793776,2.242493,0.7474977,0.120000005,0.0,0.1363709,4.705013,4.715013,1552000
hardzero_plus_depr__c0p52__z1p05__lam0p010__nu0p50__psi0p75,hardzero_plus_depr,0.03,31,485,0.0,2,0.31454727,0.31463888,0.979431,0.10485013,0.10485013,1.0,9.160352e-05,0.0008736615,-26.175356,2.154791,0.71826375,0.208,0.0,0.14240052,4.715013,4.7250133,1555200
hardzero_plus_depr__c0p52__z1p05__lam0p010__nu0p50__psi0p75,hardzero_plus_depr,0.03,31,486,0.0,2,0.31463888,0.31471676,1.0466182,0.0898218,0.0898218,1.0,7.7887475e-05,0.0008671333,-27.74808,2.302606,0.7675354,0.16800001,0.0,0.15287542,4.7250133,4.7350135,1558400
hardzero_plus_depr__c0p52__z1p05__lam0p010__nu0p50__psi0p75,hardzero_plus_depr,0.03,31,487,0.0,2,0.31471676,0.31471676,1.0563928,0.0,0.08782278,0.0,0.0,0.00086065405,-28.283388,2.3241105,0.7747035,0.096,0.0,0.17067106,4.7350135,4.7450137,1561600
hardzero_plus_depr__c0p52__z1p05__lam0p010__nu0p50__psi0p75,hardzero_plus_depr,0.03,31,488,0.0,2,0.31471676,0.31480235,0.9990651,0.1002155,0.1002155,1.0,8.56064e-05,0.00085422315,-27.28852,2.197987,0.7326624,0.16800001,0.0,0.13250951,4.7450137,4.755014,1564800
hardzero_plus_depr__c0p52__z1p05__lam0p010__nu0p50__psi0p75,hardzero_plus_depr,0.03,31,489,0.0,2,0.31480235,0.31489024,0.9843995,0.103657454,0.103657454,1.0,8.788497e-05,0.00084784033,-26.588005,2.1657221,0.7219074,0.192,0.0,0.13190268,4.755014,4.765014,1568000
hardzero_plus_depr__c0p52__z1p05__lam0p010__nu0p50__psi0p75,hardzero_plus_depr,0.03,31,490,0.0,2,0.31489024,0.31489024,1.0772808,0.0,0.083698794,0.0,0.0,0.0008415052,-28.918962,2.370065,0.79002166,0.112,0.0,0.16234855,4.765014,4.7750144,1571200
hardzero_plus_depr__c0p52__z1p05__lam0p010__nu0p50__psi0p75,hardzero_plus_depr,0.03,31,491,0.0,2,0.31489024,0.31497088,1.0151607,0.09656935,0.09656935,1.0,8.065639e-05,0.0008352173,-27.738686,2.2333982,0.74446607,0.16000001,0.0,0.12804836,4.7750144,4.7850146,1574400
hardzero_plus_depr__c0p52__z1p05__lam0p010__nu0p50__psi0p75,hardzero_plus_depr,0.03,31,492,0.0,2,0.31497088,0.31497088,1.0543287,0.0,0.08824118,0.0,0.0,0.00082897645,-27.493881,2.3195693,0.7731898,0.136,0.0,0.14045876,4.7850146,4.795015,1577600
hardzero_plus_depr__c0p52__z1p05__lam0p010__nu0p50__psi0p75,hardzero_plus_depr,0.03,31,493,0.0,2,0.31497088,0.31505182,1.007043,0.09839135,0.09839135,1.0,8.0954655e-05,0.0008227822,-26.804068,2.215539,0.738513,0.16000001,0.0,0.16907717,4.795015,4.805015,1580800
hardzero_plus_depr__c0p52__z1p05__lam0p010__nu0p50__psi0p75,hardzero_plus_depr,0.03,31,494,0.0,2,0.31505182,0.3151296,1.0211167,0.095254004,0.095254004,1.0,7.778769e-05,0.0008166344,-27.694288,2.2465017,0.7488339,0.14999999,0.0,0.17487986,4.805015,4.8150153,1584000
hardzero_plus_depr__c0p52__z1p05__lam0p010__nu0p50__psi0p75,hardzero_plus_depr,0.03,31,495,0.0,2,0.3151296,0.31521052,1.0008131,0.09981295,0.09981295,1.0,8.090163e-05,0.00081053236,-27.48084,2.2018328,0.7339443,0.2,0.0,0.13560952,4.8150153,4.8250155,1587200
hardzero_plus_depr__c0p52__z1p05__lam0p010__nu0p50__psi0p75,hardzero_plus_depr,0.03,31,496,0.0,2,0.31521052,0.31529838,0.961683,0.10922374,0.10922374,1.0,8.786787e-05,0.0008044759,-26.278982,2.1157448,0.7052483,0.17600001,0.0,0.14357397,4.8250155,4.835016,1590400
hardzero_plus_depr__c0p52__z1p05__lam0p010__nu0p50__psi0p75,hardzero_plus_depr,0.03,31,497,0.0,2,0.31529838,0.31537142,1.0386044,0.091494635,0.091494635,1.0,7.305525e-05,0.0007984648,-28.015205,2.2849753,0.76165843,0.16800001,0.0,0.16626102,4.835016,4.845016,1593600
hardzero_plus_depr__c0p52__z1p05__lam0p010__nu0p50__psi0p75,hardzero_plus_depr,0.03,31,498,0.0,2,0.31537142,0.31544206,1.049918,0.089141905,0.089141905,1.0,7.064483e-05,0.0007924986,-27.062798,2.309866,0.76995534,0.112,0.0,0.12892132,4.845016,4.855016,1596800
hardzero_plus_depr__c0p52__z1p05__lam0p010__nu0p50__psi0p75,hardzero_plus_depr,0.03,31,499,0.0,2,0.31544206,0.31552437,0.9802896,0.104643054,0.104643054,1.0,8.230982e-05,0.000786577,-26.037443,2.15668,0.7188934,0.136,0.0,0.13089998,4.855016,4.8650165,1600000
hardzero_plus_depr__c0p52__z1p05__lam0p010__nu0p50__psi0p75,hardzero_plus_depr,0.03,31,500,0.0,2,0.31552437,0.3155943,1.0478528,0.089566834,0.089566834,1.0,6.992478e-05,0.00078069954,-27.045708,2.3053222,0.7684407,0.096,0.0,0.1438639,4.8650165,4.8750167,1603200
hardzero_plus_depr__c0p52__z1p05__lam0p010__nu0p50__psi0p75,hardzero_plus_depr,0.03,31,501,0.0,2,0.3155943,0.31567177,1.0000025,0.09999942,0.09999942,1.0,7.748616e-05,0.0007748661,-26.59022,2.2000494,0.7333498,0.128,0.0,0.13125473,4.8750167,4.885017,1606400
hardzero_plus_depr__c0p52__z1p05__lam0p010__nu0p50__psi0p75,hardzero_plus_depr,0.03,31,502,0.0,2,0.31567177,0.31574357,1.0299392,0.0933385,0.0933385,1.0,7.1784416e-05,0.0007690762,-27.81184,2.2659113,0.7553038,0.096,0.0,0.14526121,4.885017,4.895017,1609600
hardzero_plus_depr__c0p52__z1p05__lam0p010__nu0p50__psi0p75,hardzero_plus_depr,0.03,31,503,0.0,2,0.31574357,0.31581745,1.0142224,0.096778214,0.096778214,1.0,7.387367e-05,0.00076332956,-26.808607,2.2313337,0.74377793,0.17600001,0.0,0.13721207,4.895017,4.9050174,1612800
hardzero_plus_depr__c0p52__z1p05__lam0p010__nu0p50__psi0p75,hardzero_plus_depr,0.03,31,504,0.0,2,0.31581745,0.31589046,1.0160404,0.09637393,0.09637393,1.0,7.3015384e-05,0.0007576259,-27.367178,2.2353337,0.7451112,0.18400002,0.0,0.1632139,4.9050174,4.9150176,1616000
hardzero_plus_depr__c0p52__z1p05__lam0p010__nu0p50__psi0p75,hardzero_plus_depr,0.03,31,505,0.0,2,0.31589046,0.31596187,1.0224181,0.09496899,0.09496899,1.0,7.1413335e-05,0.0007519648,-27.588057,2.2493649,0.7497883,0.104,0.0,0.14543062,4.9150176,4.925018,1619200
hardzero_plus_depr__c0p52__z1p05__lam0p010__nu0p50__psi0p75,hardzero_plus_depr,0.03,31,506,0.0,2,0.31596187,0.31604204,0.96889967,0.10742375,0.10742375,1.0,8.017529e-05,0.000746346,-26.220896,2.1316218,0.71054065,0.16000001,0.0,0.11479126,4.925018,4.935018,1622400
hardzero_plus_depr__c0p52__z1p05__lam0p010__nu0p50__psi0p75,hardzero_plus_depr,0.03,31,507,0.0,2,0.31604204,0.31612438,0.95397705,0.111179054,0.111179054,1.0,8.235803e-05,0.00074076926,-26.476166,2.0987914,0.6995971,0.17,0.0,0.1213857,4.935018,4.9450183,1625600
hardzero_plus_depr__c0p52__z1p05__lam0p010__nu0p50__psi0p75,hardzero_plus_depr,0.03,31,508,0.0,2,0.31612438,0.3162007,0.98369706,0.10382524,0.10382524,1.0,7.633587e-05,0.0007352342,-26.31803,2.1641767,0.7213923,0.192,0.008,0.13346618,4.9450183,4.9550185,1628800
hardzero_plus_depr__c0p52__z1p05__lam0p010__nu0p50__psi0p75,hardzero_plus_depr,0.03,31,509,0.0,2,0.3162007,0.31627986,0.9647119,0.108464606,0.108464606,1.0,7.915101e-05,0.0007297404,-25.757755,2.1224086,0.7074696,0.15200001,0.0,0.119588904,4.9550185,4.9650187,1632000
hardzero_plus_depr__c0p52__z1p05__lam0p010__nu0p50__psi0p75,hardzero_plus_depr,0.03,31,510,0.0,2,0.31627986,0.31634614,1.0384501,0.09152714,0.09152714,1.0,6.6291985e-05,0.0007242877,-28.432207,2.2846358,0.7615453,0.18400002,0.0,0.1330162,4.9650187,4.975019,1635200
hardzero_plus_depr__c0p52__z1p05__lam0p010__nu0p50__psi0p75,hardzero_plus_depr,0.03,31,511,0.0,2,0.31634614,0.31641135,1.0422629,0.09072711,0.09072711,1.0,6.522152e-05,0.00071887573,-26.961843,2.293024,0.76434135,0.17600001,0.008,0.15751238,4.975019,4.985019,1638400
hardzero_plus_depr__c0p52__z1p05__lam0p010__nu0p50__psi0p75,hardzero_plus_depr,0.03,31,512,0.0,2,0.31641135,0.31648335,0.99612653,0.10089588,0.10089588,1.0,7.1989634e-05,0.0007135042,-26.827818,2.1915221,0.7305074,0.15200001,0.0,0.11495443,4.985019,4.9950194,1641600
hardzero_plus_depr__c0p52__z1p05__lam0p010__nu0p50__psi0p75,hardzero_plus_depr,0.03,31,513,0.0,2,0.31648335,0.31655324,1.005694,0.09869747,0.09869747,1.0,6.989487e-05,0.00070817285,-26.581614,2.2125711,0.73752373,0.16000001,0.0,0.13614367,4.9950194,5.0050197,1644800
hardzero_plus_depr__c0p52__z1p05__lam0p010__nu0p50__psi0p75,hardzero_plus_depr,0.03,31,514,0.0,2,0.31655324,0.31661886,1.0298867,0.09334978,0.09334978,1.0,6.5613815e-05,0.0007028813,-27.526747,2.265796,0.75526536,0.136,0.0,0.16313474,5.0050197,5.01502,1648000
hardzero_plus_depr__c0p52__z1p05__lam0p010__nu0p50__psi0p75,hardzero_plus_depr,0.03,31,515,0.0,2,0.31661886,0.31668553,1.0197022,0.09556476,0.09556476,1.0,6.666878e-05,0.0006976293,-27.9842,2.2433896,0.74779654,0.128,0.0,0.13271335,5.01502,5.02502,1651200
hardzero_plus_depr__c0p52__z1p05__lam0p010__nu0p50__psi0p75,hardzero_plus_depr,0.03,31,516,0.0,2,0.31668553,0.31675965,0.9704383,0.10704384,0.10704384,1.0,7.411892e-05,0.0006924165,-26.012327,2.135007,0.71166897,0.192,0.0,0.13626626,5.02502,5.0350204,1654400
hardzero_plus_depr__c0p52__z1p05__lam0p010__nu0p50__psi0p75,hardzero_plus_depr,0.03,31,517,0.0,2,0.31675965,0.31683102,0.98351693,0.1038683,0.1038683,1.0,7.138273e-05,0.0006872427,-25.978003,2.1637805,0.7212602,0.16000001,0.0,0.1386496,5.0350204,5.0450206,1657600
hardzero_plus_depr__c0p52__z1p05__lam0p010__nu0p50__psi0p75,hardzero_plus_depr,0.03,31,518,0.0,2,0.31683102,0.31689814,1.007035,0.09839318,0.09839318,1.0,6.711473e-05,0.0006821075,-26.40867,2.2155213,0.73850715,0.16000001,0.0,0.1359877,5.0450206,5.055021,1660800
hardzero_plus_depr__c0p52__z1p05__lam0p010__nu0p50__psi0p75,hardzero_plus_depr,0.03,31,519,0.0,2,0.31689814,0.31696182,1.0266072,0.094057366,0.094057366,1.0,6.367785e-05,0.0006770108,-27.059792,2.258581,0.7528603,0.15200001,0.0,0.1360759,5.055021,5.065021,1664000
hardzero_plus_depr__c0p52__z1p05__lam0p010__nu0p50__psi0p75,hardzero_plus_depr,0.03,31,520,0.0,2,0.31696182,0.3170268,1.014723,0.09666674,0.09666674,1.0,6.495542e-05,0.0006719521,-26.992632,2.232435,0.74414504,0.14999999,0.0,0.1513512,5.065021,5.0750213,1667200
hardzero_plus_depr__c0p52__z1p05__lam0p010__nu0p50__psi0p75,hardzero_plus_depr,0.03,31,521,0.0,2,0.3170268,0.3170911,1.0157422,0.09644013,0.09644013,1.0,6.431893e-05,0.00066693116,-27.314953,2.2346773,0.7448925,0.18400002,0.0,0.12917563,5.0750213,5.0850215,1670400
hardzero_plus_depr__c0p52__z1p05__lam0p010__nu0p50__psi0p75,hardzero_plus_depr,0.03,31,522,0.0,2,0.3170911,0.31716356,0.96074474,0.109459944,0.109459944,1.0,7.2456765e-05,0.00066194776,-26.257118,2.1136806,0.7045602,0.2,0.0,0.14801179,5.0850215,5.0950217,1673600
hardzero_plus_depr__c0p52__z1p05__lam0p010__nu0p50__psi0p75,hardzero_plus_depr,0.03,31,523,0.0,2,0.31716356,0.31722224,1.0490863,0.08931279,0.08931279,1.0,5.867865e-05,0.0006570016,-27.79258,2.308036,0.7693454,0.120000005,0.0,0.16200365,5.0950217,5.105022,1676800
hardzero_plus_depr__c0p52__z1p05__lam0p010__nu0p50__psi0p75,hardzero_plus_depr,0.03,31,524,0.0,2,0.31722224,0.31728908,0.98926073,0.102503635,0.102503635,1.0,6.684184e-05,0.00065209245,-27.053205,2.176417,0.7254724,0.216,0.0,0.15730484,5.105022,5.115022,1680000
hardzero_plus_depr__c0p52__z1p05__lam0p010__nu0p50__psi0p75,hardzero_plus_depr,0.03,31,525,0.0,2,0.31728908,0.31735328,1.0035285,0.09919083,0.09919083,1.0,6.4198284e-05,0.00064721995,-26.901451,2.2078068,0.7359356,0.16000001,0.0,0.12945412,5.115022,5.1250224,1683200
hardzero_plus_depr__c0p52__z1p05__lam0p010__nu0p50__psi0p75,hardzero_plus_depr,0.03,31,526,0.0,2,0.31735328,0.31742048,0.9804286,0.10460958,0.10460958,1.0,6.71995e-05,0.0006423838,-27.153028,2.156986,0.71899533,0.17600001,0.0,0.1426739,5.1250224,5.1350226,1686400
hardzero_plus_depr__c0p52__z1p05__lam0p010__nu0p50__psi0p75,hardzero_plus_depr,0.03,31,527,0.0,2,0.31742048,0.31747827,1.0427961,0.09061579,0.09061579,1.0,5.777516e-05,0.00063758384,-27.380144,2.2941973,0.7647325,0.208,0.0,0.17881778,5.1350226,5.145023,1689600
hardzero_plus_depr__c0p52__z1p05__lam0p010__nu0p50__psi0p75,hardzero_plus_depr,0.03,31,528,0.0,2,0.31747827,0.31753808,1.0244074,0.094535,0.094535,1.0,5.982362e-05,0.0006328198,-27.646416,2.2537413,0.7512471,0.208,0.0,0.15751255,5.145023,5.155023,1692800
hardzero_plus_depr__c0p52__z1p05__lam0p010__nu0p50__psi0p75,hardzero_plus_depr,0.03,31,529,0.0,2,0.31753808,0.31753808,1.0916085,0.0,0.08098256,0.0,0.0,0.0006280913,-28.56109,2.4015868,0.80052894,0.15200001,0.0,0.17602028,5.155023,5.1650233,1696000
hardzero_plus_depr__c0p52__z1p05__lam0p010__nu0p50__psi0p75,hardzero_plus_depr,0.03,31,530,0.0,2,0.31753808,0.31759757,1.0203165,0.09542969,0.09542969,1.0,5.949068e-05,0.00062339805,-27.554615,2.2447412,0.7482471,0.16800001,0.0,0.15549082,5.1650233,5.1750236,1699200
hardzero_plus_depr__c0p52__z1p05__lam0p010__nu0p50__psi0p75,hardzero_plus_depr,0.03,31,531,0.0,2,0.31759757,0.3176554,1.0293373,0.09346794,0.09346794,1.0,5.783235e-05,0.0006187399,-27.145882,2.2645872,0.7548624,0.17600001,0.0,0.158206,5.1750236,5.185024,1702400
hardzero_plus_depr__c0p52__z1p05__lam0p010__nu0p50__psi0p75,hardzero_plus_depr,0.03,31,532,0.0,2,0.3176554,0.3177167,1.0010071,0.09976838,0.09976838,1.0,6.126942e-05,0.00061411667,-27.112543,2.2022595,0.7340865,0.16000001,0.0,0.1776102,5.185024,5.195024,1705600
hardzero_plus_depr__c0p52__z1p05__lam0p010__nu0p50__psi0p75,hardzero_plus_depr,0.03,31,533,0.0,2,0.3177167,0.3177724,1.0390247,0.09140611,0.09140611,1.0,5.5714576e-05,0.0006095279,-27.044384,2.2859,0.7619667,0.17,0.0,0.12994172,5.195024,5.2050242,1708800
hardzero_plus_depr__c0p52__z1p05__lam0p010__nu0p50__psi0p75,hardzero_plus_depr,0.03,31,534,0.0,2,0.3177724,0.31783485,0.98610955,0.10325008,0.10325008,1.0,6.246356e-05,0.00060497347,-26.671427,2.1694844,0.72316146,0.14400001,0.0,0.14409946,5.2050242,5.2150245,1712000
hardzero_plus_depr__c0p52__z1p05__lam0p010__nu0p50__psi0p75,hardzero_plus_depr,0.03,31,535,0.0,2,0.31783485,0.31789616,0.991021,0.10208901,0.10208901,1.0,6.129966e-05,0.00060045306,-27.02103,2.1802897,0.72676325,0.18400002,0.0,0.1384924,5.2150245,5.2250247,1715200
hardzero_plus_depr__c0p52__z1p05__lam0p010__nu0p50__psi0p75,hardzero_plus_depr,0.03,31,536,0.0,2,0.31789616,0.31794962,1.0470307,0.08973654,0.08973654,1.0,5.3479955e-05,0.0005959663,-27.351421,2.3035135,0.7678379,0.15200001,0.0,0.12236174,5.2250247,5.235025,1718400
hardzero_plus_depr__c0p52__z1p05__lam0p010__nu0p50__psi0p75,hardzero_plus_depr,0.03,31,537,0.0,2,0.31794962,0.31801262,0.97253984,0.106527105,0.106527105,1.0,6.3012194e-05,0.00059151324,-26.618757,2.1396303,0.7132101,0.208,0.0,0.112354495,5.235025,5.245025,1721600
hardzero_plus_depr__c0p52__z1p05__lam0p010__nu0p50__psi0p75,hardzero_plus_depr,0.03,31,538,0.0,2,0.31801262,0.3180766,0.96263635,0.10898422,0.10898422,1.0,6.398391e-05,0.0005870934,-26.659695,2.1178422,0.7059474,0.24000001,0.0,0.15720302,5.245025,5.2550254,1724800
hardzero_plus_depr__c0p52__z1p05__lam0p010__nu0p50__psi0p75,hardzero_plus_depr,0.03,31,539,0.0,2,0.3180766,0.31813416,1.0054299,0.09875751,0.09875751,1.0,5.7546647e-05,0.00058270653,-26.509558,2.2119899,0.73732996,0.128,0.0,0.12999974,5.2550254,5.2650256,1728000
hardzero_plus_depr__c0p52__z1p05__lam0p010__nu0p50__psi0p75,hardzero_plus_depr,0.03,31,540,0.0,2,0.31813416,0.3181885,1.0270724,0.09395664,0.09395664,1.0,5.4340057e-05,0.0005783525,-28.01946,2.2596045,0.7532015,0.14400001,0.0,0.15016423,5.2650256,5.275026,1731200
hardzero_plus_depr__c0p52__z1p05__lam0p010__nu0p50__psi0p75,hardzero_plus_depr,0.03,31,541,0.0,2,0.3181885,0.3182416,1.0337391,0.092525385,0.092525385,1.0,5.3112435e-05,0.000574031,-27.864624,2.2742715,0.7580905,0.2,0.0,0.16559675,5.275026,5.285026,1734400
hardzero_plus_depr__c0p52__z1p05__lam0p010__nu0p50__psi0p75,hardzero_plus_depr,0.03,31,542,0.0,2,0.3182416,0.31829304,1.0443441,0.09029337,0.09029337,1.0,5.1443905e-05,0.00056974177,-27.897089,2.297603,0.76586765,0.120000005,0.0,0.14303772,5.285026,5.2950263,1737600
hardzero_plus_depr__c0p52__z1p05__lam0p010__nu0p50__psi0p75,hardzero_plus_depr,0.03,31,543,0.0,2,0.31829304,0.31835705,0.946114,0.11321031,0.11321031,1.0,6.4018684e-05,0.0005654846,-25.651669,2.0814924,0.69383085,0.16800001,0.0,0.12274094,5.2950263,5.3050265,1740800
hardzero_plus_depr__c0p52__z1p05__lam0p010__nu0p50__psi0p75,hardzero_plus_depr,0.03,31,544,0.0,2,0.31835705,0.3184127,1.0037383,0.099142924,0.099142924,1.0,5.564488e-05,0.0005612592,-26.866625,2.2082684,0.73608947,0.14400001,0.0,0.14089994,5.3050265,5.3150268,1744000
hardzero_plus_depr__c0p52__z1p05__lam0p010__nu0p50__psi0p75,hardzero_plus_depr,0.03,31,545,0.0,2,0.3184127,0.31846756,1.0066458,0.09848141,0.09848141,1.0,5.4860593e-05,0.0005570655,-26.639318,2.214665,0.73822165,0.16000001,0.0,0.13434692,5.3150268,5.325027,1747200
hardzero_plus_depr__c0p52__z1p05__lam0p010__nu0p50__psi0p75,hardzero_plus_depr,0.03,31,546,0.0,2,0.31846756,0.3185208,1.0163797,0.096298665,0.096298665,1.0,5.3243813e-05,0.00055290293,-27.095192,2.23608,0.74536,0.12,0.0,0.16111183,5.325027,5.335027,1750400
hardzero_plus_depr__c0p52__z1p05__lam0p010__nu0p50__psi0p75,hardzero_plus_depr,0.03,31,547,0.0,2,0.3185208,0.3185717,1.032848,0.09271541,0.09271541,1.0,5.087959e-05,0.00054877164,-27.139786,2.272311,0.757437,0.15200001,0.008,0.14467807,5.335027,5.3450274,1753600
hardzero_plus_depr__c0p52__z1p05__lam0p010__nu0p50__psi0p75,hardzero_plus_depr,0.03,31,548,0.0,2,0.3185717,0.3186224,1.0308447,0.09314409,0.09314409,1.0,5.07329e-05,0.00054467114,-27.444756,2.2679036,0.75596786,0.120000005,0.0,0.1286351,5.3450274,5.3550277,1756800
hardzero_plus_depr__c0p52__z1p05__lam0p010__nu0p50__psi0p75,hardzero_plus_depr,0.03,31,549,0.0,2,0.3186224,0.31867856,0.9834802,0.10387709,0.10387709,1.0,5.6156085e-05,0.00054060126,-26.31334,2.1636996,0.72123325,0.208,0.008,0.15466008,5.3550277,5.365028,1760000
hardzero_plus_depr__c0p52__z1p05__lam0p010__nu0p50__psi0p75,hardzero_plus_depr,0.03,31,550,0.0,2,0.31867856,0.31867856,1.0566766,0.0,0.0877654,0.0,0.0,0.0005365619,-28.038618,2.324735,0.77491164,0.136,0.0,0.1513508,5.365028,5.375028,1763200
hardzero_plus_depr__c0p52__z1p05__lam0p010__nu0p50__psi0p75,hardzero_plus_depr,0.03,31,551,0.0,2,0.31867856,0.31872922,1.0217843,0.095107704,0.095107704,1.0,5.0649855e-05,0.0005325526,-27.537722,2.2479703,0.7493235,0.192,0.0,0.1619295,5.375028,5.3850284,1766400
hardzero_plus_depr__c0p52__z1p05__lam0p010__nu0p50__psi0p75,hardzero_plus_depr,0.03,31,552,0.0,2,0.31872922,0.31877783,1.0364897,0.09194123,0.09194123,1.0,4.8597678e-05,0.0005285733,-27.866058,2.280323,0.7601077,0.16000001,0.0,0.15969212,5.3850284,5.3950286,1769600
hardzero_plus_depr__c0p52__z1p05__lam0p010__nu0p50__psi0p75,hardzero_plus_depr,0.03,31,553,0.0,2,0.31877783,0.3188331,0.9772758,0.105371766,0.105371766,1.0,5.528053e-05,0.0005246237,-25.611584,2.1500497,0.71668327,0.16800001,0.0,0.1203312,5.3950286,5.405029,1772800
hardzero_plus_depr__c0p52__z1p05__lam0p010__nu0p50__psi0p75,hardzero_plus_depr,0.03,31,554,0.0,2,0.3188331,0.3188796,1.0492619,0.08927669,0.08927669,1.0,4.6486697e-05,0.0005207037,-28.702307,2.3084223,0.76947415,0.16000001,0.0,0.18399051,5.405029,5.415029,1776000
hardzero_plus_depr__c0p52__z1p05__lam0p010__nu0p50__psi0p75,hardzero_plus_depr,0.03,31,555,0.0,2,0.3188796,0.31893608,0.96153647,0.10926059,0.10926059,1.0,5.646729e-05,0.00051681296,-25.771471,2.1154225,0.7051408,0.136,0.0,0.13056168,5.415029,5.4250293,1779200
hardzero_plus_depr__c0p52__z1p05__lam0p010__nu0p50__psi0p75,hardzero_plus_depr,0.03,31,556,0.0,2,0.31893608,0.31898415,1.0280701,0.09374106,0.09374106,1.0,4.8084592e-05,0.0005129512,-27.638084,2.2617993,0.75393313,0.2,0.0,0.1759601,5.4250293,5.4350295,1782400
hardzero_plus_depr__c0p52__z1p05__lam0p010__nu0p50__psi0p75,hardzero_plus_depr,0.03,31,557,0.0,2,0.31898415,0.3190356,0.99543643,0.10105634,0.10105634,1.0,5.1449642e-05,0.0005091184,-26.6595,2.1900039,0.73000133,0.18400002,0.0,0.13105069,5.4350295,5.4450297,1785600
hardzero_plus_depr__c0p52__z1p05__lam0p010__nu0p50__psi0p75,hardzero_plus_depr,0.03,31,558,0.0,2,0.3190356,0.31908548,1.0056502,0.09870742,0.09870742,1.0,4.9878265e-05,0.0005053142,-26.891783,2.2124746,0.73749155,0.096,0.0,0.12182365,5.4450297,5.45503,1788800
hardzero_plus_depr__c0p52__z1p05__lam0p010__nu0p50__psi0p75,hardzero_plus_depr,0.03,31,559,0.0,2,0.31908548,0.3191316,1.0363309,0.09197484,0.09197484,1.0,4.612892e-05,0.00050153845,-27.640427,2.2799735,0.75999117,0.12,0.0,0.1237335,5.45503,5.46503,1792000
hardzero_plus_depr__c0p52__z1p05__lam0p010__nu0p50__psi0p75,hardzero_plus_depr,0.03,31,560,0.0,2,0.3191316,0.31917924,1.019186,0.095678404,0.095678404,1.0,4.762784e-05,0.0004977909,-27.672108,2.242254,0.74741805,0.136,0.0,0.1544415,5.46503,5.4750304,1795200
hardzero_plus_depr__c0p52__z1p05__lam0p010__nu0p50__psi0p75,hardzero_plus_depr,0.03,31,561,0.0,2,0.31917924,0.31922942,0.993233,0.10157036,0.10157036,1.0,5.0183004e-05,0.00049407134,-27.87043,2.1851563,0.72838545,0.136,0.0,0.12649022,5.4750304,5.4850307,1798400
hardzero_plus_depr__c0p52__z1p05__lam0p010__nu0p50__psi0p75,hardzero_plus_depr,0.03,31,562,0.0,2,0.31922942,0.31927618,1.0206815,0.0953495,0.0953495,1.0,4.6757446e-05,0.0004903796,-27.24907,2.2455442,0.7485148,0.2,0.0,0.15973718,5.4850307,5.495031,1801600
hardzero_plus_depr__c0p52__z1p05__lam0p010__nu0p50__psi0p75,hardzero_plus_depr,0.03,31,563,0.0,2,0.31927618,0.31927618,1.0952669,0.0,0.08030323,0.0,0.0,0.00048671543,-28.484728,2.4096353,0.8032118,0.15200001,0.0,0.15485209,5.495031,5.505031,1804800
hardzero_plus_depr__c0p52__z1p05__lam0p010__nu0p50__psi0p75,hardzero_plus_depr,0.03,31,564,0.0,2,0.31927618,0.31932205,1.0225513,0.09493987,0.09493987,1.0,4.5863424e-05,0.00048307862,-26.68695,2.2496579,0.749886,0.136,0.0,0.14158575,5.505031,5.5150313,1808000
hardzero_plus_depr__c0p52__z1p05__lam0p010__nu0p50__psi0p75,hardzero_plus_depr,0.03,31,565,0.0,2,0.31932205,0.31937245,0.9782548,0.105134495,0.105134495,1.0,5.0408737e-05,0.00047946905,-26.790733,2.1522036,0.7174012,0.16000001,0.0,0.12434526,5.5150313,5.5250316,1811200
hardzero_plus_depr__c0p52__z1p05__lam0p010__nu0p50__psi0p75,hardzero_plus_depr,0.03,31,566,0.0,2,0.31937245,0.31941533,1.0451423,0.090127565,0.090127565,1.0,4.2890475e-05,0.00047588634,-26.867933,2.299359,0.766453,0.120000005,0.0,0.14640221,5.5250316,5.535032,1814400
hardzero_plus_depr__c0p52__z1p05__lam0p010__nu0p50__psi0p75,hardzero_plus_depr,0.03,31,567,0.0,2,0.31941533,0.31946427,0.98466253,0.103594676,0.103594676,1.0,4.893092e-05,0.00047233046,-26.849556,2.1663008,0.72210026,0.2,0.0,0.123408906,5.535032,5.545032,1817600
hardzero_plus_depr__c0p52__z1p05__lam0p010__nu0p50__psi0p75,hardzero_plus_depr,0.03,31,568,0.0,2,0.31946427,0.31951734,0.94598114,0.11324494,0.11324494,1.0,5.3089363e-05,0.00046880118,-26.029009,2.0812001,0.6937334,0.16000001,0.0,0.14401877,5.545032,5.5550323,1820800
hardzero_plus_depr__c0p52__z1p05__lam0p010__nu0p50__psi0p75,hardzero_plus_depr,0.03,31,569,0.0,2,0.31951734,0.31956303,1.0079707,0.09818141,0.09818141,1.0,4.568364e-05,0.00046529825,-26.375917,2.2175798,0.7391933,0.15200001,0.0,0.1557521,5.5550323,5.5650325,1824000
hardzero_plus_depr__c0p52__z1p05__lam0p010__nu0p50__psi0p75,hardzero_plus_depr,0.03,31,570,0.0,2,0.31956303,0.31960905,1.0016116,0.0996296,0.0996296,1.0,4.601109e-05,0.00046182147,-27.770514,2.2035894,0.73452985,0.16800001,0.0,0.16088632,5.5650325,5.5750327,1827200
hardzero_plus_depr__c0p52__z1p05__lam0p010__nu0p50__psi0p75,hardzero_plus_depr,0.03,31,571,0.0,2,0.31960905,0.31965512,0.997808,0.100506,0.100506,1.0,4.6069006e-05,0.0004583707,-26.88937,2.1952214,0.7317405,0.16800001,0.0,0.15016237,5.5750327,5.585033,1830400
hardzero_plus_depr__c0p52__z1p05__lam0p010__nu0p50__psi0p75,hardzero_plus_depr,0.03,31,572,0.0,2,0.31965512,0.3197067,0.9453031,0.1134219,0.1134219,1.0,5.1600808e-05,0.0004549457,-26.342081,2.0797083,0.6932361,0.28,0.0,0.12968983,5.585033,5.595033,1833600
hardzero_plus_depr__c0p52__z1p05__lam0p010__nu0p50__psi0p75,hardzero_plus_depr,0.03,31,573,0.0,2,0.3197067,0.31975245,0.9944001,0.10129779,0.10129779,1.0,4.5740642e-05,0.0004515463,-26.829876,2.1877239,0.7292413,0.192,0.0,0.11629997,5.595033,5.6050334,1836800
hardzero_plus_depr__c0p52__z1p05__lam0p010__nu0p50__psi0p75,hardzero_plus_depr,0.03,31,574,0.0,2,0.31975245,0.31979975,0.97662437,0.10552993,0.10552993,1.0,4.729559e-05,0.0004481723,-26.371258,2.1486166,0.71620554,0.17600001,0.0,0.14246997,5.6050334,5.6150336,1840000
hardzero_plus_depr__c0p52__z1p05__lam0p010__nu0p50__psi0p75,hardzero_plus_depr,0.03,31,575,0.0,2,0.31979975,0.31984118,1.0309527,0.093120925,0.093120925,1.0,4.1422376e-05,0.0004448235,-26.916887,2.2681413,0.7560471,0.08800001,0.0,0.1311769,5.6150336,5.625034,1843200
hardzero_plus_depr__c0p52__z1p05__lam0p010__nu0p50__psi0p75,hardzero_plus_depr,0.03,31,576,0.0,2,0.31984118,0.31984118,1.1044518,0.0,0.07862275,0.0,0.0,0.00044149972,-28.773552,2.4298425,0.8099475,0.104,0.0,0.17252152,5.625034,5.635034,1846400
hardzero_plus_depr__c0p52__z1p05__lam0p010__nu0p50__psi0p75,hardzero_plus_depr,0.03,31,577,0.0,2,0.31984118,0.31984118,1.0601444,0.0,0.0870674,0.0,0.0,0.00043820078,-28.407219,2.3323643,0.7774548,0.192,0.0,0.16823657,5.635034,5.6450343,1849600
hardzero_plus_depr__c0p52__z1p05__lam0p010__nu0p50__psi0p75,hardzero_plus_depr,0.03,31,578,0.0,2,0.31984118,0.31988412,1.0053853,0.098767646,0.098767646,1.0,4.2956668e-05,0.0004349265,-26.560976,2.2118917,0.73729724,0.17600001,0.0,0.14611405,5.6450343,5.6550345,1852800
hardzero_plus_depr__c0p52__z1p05__lam0p010__nu0p50__psi0p75,hardzero_plus_depr,0.03,31,579,0.0,2,0.31988412,0.3199303,0.9708577,0.10694052,0.10694052,1.0,4.6163732e-05,0.0004316767,-26.486284,2.1359296,0.7119765,0.18400002,0.0,0.13158728,5.6550345,5.665035,1856000
hardzero_plus_depr__c0p52__z1p05__lam0p010__nu0p50__psi0p75,hardzero_plus_depr,0.03,31,580,0.0,2,0.3199303,0.31997102,1.0219831,0.095064156,0.095064156,1.0,4.0730345e-05,0.00042845114,-27.177494,2.2484078,0.7494693,0.14400001,0.0,0.13866694,5.665035,5.675035,1859200
hardzero_plus_depr__c0p52__z1p05__lam0p010__nu0p50__psi0p75,hardzero_plus_depr,0.03,31,581,0.0,2,0.31997102,0.3200109,1.0278255,0.093793884,0.093793884,1.0,3.988582e-05,0.0004252497,-26.64415,2.2612612,0.7537538,0.15200001,0.0,0.14867543,5.675035,5.685035,1862400
hardzero_plus_depr__c0p52__z1p05__lam0p010__nu0p50__psi0p75,hardzero_plus_depr,0.03,31,582,0.0,2,0.3200109,0.32005194,1.0121337,0.097244784,0.097244784,1.0,4.1044317e-05,0.0004220722,-28.007692,2.2267387,0.74224627,0.2,0.0,0.16493718,5.685035,5.6950355,1865600
hardzero_plus_depr__c0p52__z1p05__lam0p010__nu0p50__psi0p75,hardzero_plus_depr,0.03,31,583,0.0,2,0.32005194,0.3200932,1.0062805,0.09856425,0.09856425,1.0,4.129038e-05,0.0004189184,-26.878582,2.2138615,0.73795384,0.128,0.008,0.15043157,5.6950355,5.7050357,1868800
hardzero_plus_depr__c0p52__z1p05__lam0p010__nu0p50__psi0p75,hardzero_plus_depr,0.03,31,584,0.0,2,0.3200932,0.32013533,0.99459743,0.101251766,0.101251766,1.0,4.209929e-05,0.0004157882,-25.830599,2.188158,0.72938603,0.080000006,0.0,0.1239862,5.7050357,5.715036,1872000
hardzero_plus_depr__c0p52__z1p05__lam0p010__nu0p50__psi0p75,hardzero_plus_depr,0.03,31,585,0.0,2,0.32013533,0.32017606,1.005735,0.098688126,0.098688126,1.0,4.072675e-05,0.00041268137,-26.647818,2.2126613,0.7375538,0.16,0.0,0.11703494,5.715036,5.725036,1875200
hardzero_plus_depr__c0p52__z1p05__lam0p010__nu0p50__psi0p75,hardzero_plus_depr,0.03,31,586,0.0,2,0.32017606,0.32021314,1.0434417,0.0904812,0.0904812,1.0,3.7060898e-05,0.0004095978,-27.334244,2.2956176,0.76520586,0.23200001,0.0,0.14738084,5.725036,5.7350364,1878400
hardzero_plus_depr__c0p52__z1p05__lam0p010__nu0p50__psi0p75,hardzero_plus_depr,0.03,31,587,0.0,2,0.32021314,0.3202538,0.9999293,0.10001628,0.10001628,1.0,4.0660343e-05,0.00040653723,-26.475595,2.1998885,0.73329616,0.128,0.0,0.1274112,5.7350364,5.7450366,1881600
hardzero_plus_depr__c0p52__z1p05__lam0p010__nu0p50__psi0p75,hardzero_plus_depr,0.03,31,588,0.0,2,0.3202538,0.3203003,0.9381199,0.11531348,0.11531348,1.0,4.6528934e-05,0.00040349952,-25.482756,2.063905,0.6879684,0.16800001,0.0,0.121752515,5.7450366,5.755037,1884800
hardzero_plus_depr__c0p52__z1p05__lam0p010__nu0p50__psi0p75,hardzero_plus_depr,0.03,31,589,0.0,2,0.3203003,0.32033896,1.0152991,0.09653857,0.09653857,1.0,3.8662205e-05,0.00040048454,-27.020128,2.2337027,0.7445676,0.128,0.0,0.13892822,5.755037,5.765037,1888000
hardzero_plus_depr__c0p52__z1p05__lam0p010__nu0p50__psi0p75,hardzero_plus_depr,0.03,31,590,0.0,2,0.32033896,0.32037854,1.001816,0.09958271,0.09958271,1.0,3.9583338e-05,0.00039749208,-26.430902,2.2040393,0.7346798,0.15200001,0.0,0.15429966,5.765037,5.7750373,1891200
hardzero_plus_depr__c0p52__z1p05__lam0p010__nu0p50__psi0p75,hardzero_plus_depr,0.03,31,591,0.0,2,0.32037854,0.32042325,0.9455946,0.11334578,0.11334578,1.0,4.47174e-05,0.00039452195,-26.903965,2.0803497,0.6934499,0.16000001,0.0,0.14367379,5.7750373,5.7850375,1894400
hardzero_plus_depr__c0p52__z1p05__lam0p010__nu0p50__psi0p75,hardzero_plus_depr,0.03,31,592,0.0,2,0.32042325,0.3204594,1.0347949,0.09230072,0.09230072,1.0,3.6142566e-05,0.00039157405,-27.185286,2.2765944,0.7588648,0.136,0.0,0.13218185,5.7850375,5.7950377,1897600
hardzero_plus_depr__c0p52__z1p05__lam0p010__nu0p50__psi0p75,hardzero_plus_depr,0.03,31,593,0.0,2,0.3204594,0.32049495,1.0388024,0.091452934,0.091452934,1.0,3.5543013e-05,0.00038864816,-27.190586,2.285411,0.7618036,0.16800001,0.0,0.13557123,5.7950377,5.805038,1900800
hardzero_plus_depr__c0p52__z1p05__lam0p010__nu0p50__psi0p75,hardzero_plus_depr,0.03,31,594,0.0,2,0.32049495,0.32053164,1.0217971,0.09510492,0.09510492,1.0,3.6686164e-05,0.00038574415,-27.28234,2.2479985,0.74933285,0.15200001,0.0,0.1569555,5.805038,5.815038,1904000
hardzero_plus_depr__c0p52__z1p05__lam0p010__nu0p50__psi0p75,hardzero_plus_depr,0.03,31,595,0.0,2,0.32053164,0.32057133,0.9844346,0.10364908,0.10364908,1.0,3.9683273e-05,0.0003828618,-26.703709,2.1657994,0.7219331,0.2,0.0,0.14474753,5.815038,5.8250384,1907200
hardzero_plus_depr__c0p52__z1p05__lam0p010__nu0p50__psi0p75,hardzero_plus_depr,0.03,31,596,0.0,2,0.32057133,0.32057133,1.0606343,0.0,0.08696925,0.0,0.0,0.00038000103,-28.37098,2.333442,0.77781403,0.15200001,0.0,0.1594814,5.8250384,5.8350387,1910400
hardzero_plus_depr__c0p52__z1p05__lam0p010__nu0p50__psi0p75,hardzero_plus_depr,0.03,31,597,0.0,2,0.32057133,0.3206087,1.0038755,0.09911159,0.09911159,1.0,3.7381087e-05,0.00037716163,-26.24835,2.2085702,0.7361901,0.17600001,0.008,0.13348326,5.8350387,5.845039,1913600
hardzero_plus_depr__c0p52__z1p05__lam0p010__nu0p50__psi0p75,hardzero_plus_depr,0.03,31,598,0.0,2,0.3206087,0.32064673,0.9931911,0.10158014,0.10158014,1.0,3.8025857e-05,0.00037434342,-26.578817,2.185064,0.7283547,0.12,0.0,0.11336956,5.845039,5.855039,1916800
hardzero_plus_depr__c0p52__z1p05__lam0p010__nu0p50__psi0p75,hardzero_plus_depr,0.03,31,599,0.0,2,0.32064673,0.3206833,1.0068169,0.0984426,0.0984426,1.0,3.657598e-05,0.00037154628,-27.179588,2.2150414,0.7383472,0.08800001,0.0,0.12130112,5.855039,5.8650393,1920000
hardzero_plus_depr__c0p52__z1p05__lam0p010__nu0p50__psi0p75,hardzero_plus_depr,0.03,31,600,0.0,2,0.3206833,0.3207182,1.0238827,0.09464927,0.09464927,1.0,3.4903816e-05,0.00036877004,-27.92679,2.252587,0.75086236,0.2,0.0,0.16504511,5.8650393,5.8750396,1923200
hardzero_plus_depr__c0p52__z1p05__lam0p010__nu0p50__psi0p75,hardzero_plus_depr,0.03,31,601,0.0,2,0.3207182,0.32075945,0.9481946,0.112669244,0.112669244,1.0,4.123858e-05,0.00036601454,-25.709005,2.0860698,0.6953566,0.208,0.0,0.12814862,5.8750396,5.88504,1926400
hardzero_plus_depr__c0p52__z1p05__lam0p010__nu0p50__psi0p75,hardzero_plus_depr,0.03,31,602,0.0,2,0.32075945,0.32079294,1.0352286,0.09220859,0.09220859,1.0,3.3497505e-05,0.00036327966,-27.6064,2.2775483,0.7591828,0.128,0.0,0.14206925,5.88504,5.89504,1929600
hardzero_plus_depr__c0p52__z1p05__lam0p010__nu0p50__psi0p75,hardzero_plus_depr,0.03,31,603,0.0,2,0.32079294,0.32079294,1.0572454,0.0,0.087650545,0.0,0.0,0.00036056517,-27.38961,2.3259864,0.7753288,0.120000005,0.0,0.15474406,5.89504,5.9050403,1932800
hardzero_plus_depr__c0p52__z1p05__lam0p010__nu0p50__psi0p75,hardzero_plus_depr,0.03,31,604,0.0,2,0.32079294,0.32082883,0.9986712,0.10030643,0.10030643,1.0,3.5896766e-05,0.00035787103,-25.901741,2.1971204,0.7323735,0.16800001,0.0,0.13130392,5.9050403,5.9150405,1936000
hardzero_plus_depr__c0p52__z1p05__lam0p010__nu0p50__psi0p75,hardzero_plus_depr,0.03,31,605,0.0,2,0.32082883,0.32086876,0.94926274,0.11239247,0.11239247,1.0,3.9921462e-05,0.00035519694,-26.094534,2.0884197,0.69613993,0.2,0.0,0.13899507,5.9150405,5.9250407,1939200
hardzero_plus_depr__c0p52__z1p05__lam0p010__nu0p50__psi0p75,hardzero_plus_depr,0.03,31,606,0.0,2,0.32086876,0.32090306,1.0117962,0.09732038,0.09732038,1.0,3.4309607e-05,0.00035254288,-27.742537,2.2259963,0.7419988,0.128,0.0,0.1488198,5.9250407,5.935041,1942400
hardzero_plus_depr__c0p52__z1p05__lam0p010__nu0p50__psi0p75,hardzero_plus_depr,0.03,31,607,0.0,2,0.32090306,0.32093793,1.0016325,0.09962481,0.09962481,1.0,3.4859582e-05,0.00034990863,-26.411713,2.2036355,0.7345452,0.136,0.0,0.12716156,5.935041,5.945041,1945600
hardzero_plus_depr__c0p52__z1p05__lam0p010__nu0p50__psi0p75,hardzero_plus_depr,0.03,31,608,0.0,2,0.32093793,0.32097208,1.0073737,0.098316476,0.098316476,1.0,3.4144727e-05,0.00034729406,-27.488525,2.2162664,0.73875546,0.16000001,0.0,0.1361573,5.945041,5.9550414,1948800
hardzero_plus_depr__c0p52__z1p05__lam0p010__nu0p50__psi0p75,hardzero_plus_depr,0.03,31,609,0.0,2,0.32097208,0.3210041,1.0323055,0.09283132,0.09283132,1.0,3.1998872e-05,0.00034469907,-28.084631,2.2711174,0.7570392,0.224,0.0,0.1319265,5.9550414,5.9650416,1952000
hardzero_plus_depr__c0p52__z1p05__lam0p010__nu0p50__psi0p75,hardzero_plus_depr,0.03,31,610,0.0,2,0.3210041,0.32103997,0.97928977,0.10488423,0.10488423,1.0,3.588335e-05,0.0003421234,-26.699497,2.1544805,0.71816015,0.15200001,0.0,0.12838759,5.9650416,5.975042,1955200
hardzero_plus_depr__c0p52__z1p05__lam0p010__nu0p50__psi0p75,hardzero_plus_depr,0.03,31,611,0.0,2,0.32103997,0.32103997,1.0556097,0.0,0.08798128,0.0,0.0,0.00033956702,-28.264029,2.3223877,0.7741293,0.17,0.0,0.16933833,5.975042,5.985042,1958400
hardzero_plus_depr__c0p52__z1p05__lam0p010__nu0p50__psi0p75,hardzero_plus_depr,0.03,31,612,0.0,2,0.32103997,0.32107785,0.9493052,0.11238151,0.11238151,1.0,3.7875914e-05,0.00033702978,-26.251678,2.0885131,0.69617105,0.192,0.0,0.12199648,5.985042,5.9950423,1961600
hardzero_plus_depr__c0p52__z1p05__lam0p010__nu0p50__psi0p75,hardzero_plus_depr,0.03,31,613,0.0,2,0.32107785,0.32110992,1.0184447,0.09584188,0.09584188,1.0,3.2060205e-05,0.00033451145,-27.256666,2.240623,0.74687433,0.14400001,0.0,0.13384145,5.9950423,6.0050426,1964800
hardzero_plus_depr__c0p52__z1p05__lam0p010__nu0p50__psi0p75,hardzero_plus_depr,0.03,31,614,0.0,2,0.32110992,0.321142,1.0150338,0.09659755,0.09659755,1.0,3.207154e-05,0.00033201193,-27.285122,2.233119,0.744373,0.112,0.0,0.14313935,6.0050426,6.015043,1968000
hardzero_plus_depr__c0p52__z1p05__lam0p010__nu0p50__psi0p75,hardzero_plus_depr,0.03,31,615,0.0,2,0.321142,0.32117283,1.028501,0.09364809,0.09364809,1.0,3.0859956e-05,0.0003295311,-26.906178,2.2627475,0.7542492,0.136,0.0,0.12868246,6.015043,6.025043,1971200
hardzero_plus_depr__c0p52__z1p05__lam0p010__nu0p50__psi0p75,hardzero_plus_depr,0.03,31,616,0.0,2,0.32117283,0.32117283,1.0502152,0.0,0.08908093,0.0,0.0,0.0003270688,-27.186012,2.3105197,0.77017325,0.14400001,0.0,0.14385225,6.025043,6.0350432,1974400
hardzero_plus_depr__c0p52__z1p05__lam0p010__nu0p50__psi0p75,hardzero_plus_depr,0.03,31,617,0.0,2,0.32117283,0.32120785,0.9670348,0.10788601,0.10788601,1.0,3.5022487e-05,0.0003246249,-25.920658,2.1275191,0.7091731,0.16000001,0.0,0.112793095,6.0350432,6.0450435,1977600
hardzero_plus_depr__c0p52__z1p05__lam0p010__nu0p50__psi0p75,hardzero_plus_depr,0.03,31,618,0.0,2,0.32120785,0.32124048,0.99445426,0.10128513,0.10128513,1.0,3.2633994e-05,0.00032219925,-26.766909,2.187843,0.72928107,0.18400002,0.0,0.1335887,6.0450435,6.0550437,1980800
hardzero_plus_depr__c0p52__z1p05__lam0p010__nu0p50__psi0p75,hardzero_plus_depr,0.03,31,619,0.0,2,0.32124048,0.3212731,0.99156785,0.10196055,0.10196055,1.0,3.2606138e-05,0.00031979172,-26.781252,2.1814928,0.72716427,0.120000005,0.0,0.14980403,6.0550437,6.065044,1984000
hardzero_plus_depr__c0p52__z1p05__lam0p010__nu0p50__psi0p75,hardzero_plus_depr,0.03,31,620,0.0,2,0.3212731,0.3213058,0.98657316,0.10313993,0.10313993,1.0,3.2736843e-05,0.0003174022,-26.504526,2.1705043,0.72350144,0.15200001,0.0,0.122193426,6.065044,6.075044,1987200
hardzero_plus_depr__c0p52__z1p05__lam0p010__nu0p50__psi0p75,hardzero_plus_depr,0.03,31,621,0.0,2,0.3213058,0.3213058,1.0907397,0.0,0.08114471,0.0,0.0,0.00031503054,-28.544584,2.3996754,0.7998918,0.096,0.0,0.14334714,6.075044,6.0850444,1990400
hardzero_plus_depr__c0p52__z1p05__lam0p010__nu0p50__psi0p75,hardzero_plus_depr,0.03,31,622,0.0,2,0.3213058,0.32133693,1.0021757,0.09950028,0.09950028,1.0,3.1111413e-05,0.00031267662,-26.53408,2.2048306,0.73494357,0.17600001,0.0,0.12210167,6.0850444,6.0950446,1993600
hardzero_plus_depr__c0p52__z1p05__lam0p010__nu0p50__psi0p75,hardzero_plus_depr,0.03,31,623,0.0,2,0.32133693,0.32136527,1.0392026,0.0913687,0.0913687,1.0,2.8355385e-05,0.00031034026,-28.748919,2.2862914,0.7620971,0.128,0.0,0.1453021,6.0950446,6.105045,1996800
hardzero_plus_depr__c0p52__z1p05__lam0p010__nu0p50__psi0p75,hardzero_plus_depr,0.03,31,624,0.0,2,0.32136527,0.32136527,1.0751504,0.0,0.08411038,0.0,0.0,0.00030802135,-28.31407,2.3653781,0.7884594,0.17,0.0,0.16834892,6.105045,6.115045,2000000
hardzero_plus_depr__c0p52__z1p05__lam0p010__nu0p50__psi0p75,hardzero_plus_depr,0.03,31,625,0.0,2,0.32136527,0.32139954,0.95045584,0.112084135,0.112084135,1.0,3.4266337e-05,0.0003057198,-25.66036,2.0910447,0.6970149,0.16800001,0.0,0.14976929,6.115045,6.1250453,2003200
hardzero_plus_depr__c0p52__z1p05__lam0p010__nu0p50__psi0p75,hardzero_plus_depr,0.03,31,626,0.0,2,0.32139954,0.32139954,1.0507667,0.0,0.08896788,0.0,0.0,0.00030343543,-27.926727,2.311733,0.77057767,0.14400001,0.0,0.1328779,6.1250453,6.1350455,2006400
hardzero_plus_depr__c0p52__z1p05__lam0p010__nu0p50__psi0p75,hardzero_plus_depr,0.03,31,627,0.0,2,0.32139954,0.32143015,0.9929984,0.10162523,0.10162523,1.0,3.060628e-05,0.00030116813,-26.560474,2.1846402,0.7282134,0.17600001,0.0,0.1444677,6.1350455,6.1450458,2009600
hardzero_plus_depr__c0p52__z1p05__lam0p010__nu0p50__psi0p75,hardzero_plus_depr,0.03,31,628,0.0,2,0.32143015,0.3214624,0.9671467,0.10785823,0.10785823,1.0,3.224074e-05,0.00029891773,-26.204159,2.1277652,0.7092551,0.16800001,0.0,0.1463924,6.1450458,6.155046,2012800
hardzero_plus_depr__c0p52__z1p05__lam0p010__nu0p50__psi0p75,hardzero_plus_depr,0.03,31,629,0.0,2,0.3214624,0.32149288,0.9880727,0.10278443,0.10278443,1.0,3.0494515e-05,0.0002966842,-26.376501,2.1738033,0.72460115,0.216,0.0,0.14580989,6.155046,6.165046,2016000
hardzero_plus_depr__c0p52__z1p05__lam0p010__nu0p50__psi0p75,hardzero_plus_depr,0.03,31,630,0.0,2,0.32149288,0.32152542,0.9566804,0.11048912,0.11048912,1.0,3.2535438e-05,0.00029446735,-26.063747,2.104739,0.7015797,0.2,0.0,0.14539023,6.165046,6.1750464,2019200
hardzero_plus_depr__c0p52__z1p05__lam0p010__nu0p50__psi0p75,hardzero_plus_depr,0.03,31,631,0.0,2,0.32152542,0.3215561,0.978942,0.104968265,0.104968265,1.0,3.0678762e-05,0.00029226704,-27.549381,2.1537154,0.71790516,0.17600001,0.0,0.14324422,6.1750464,6.1850467,2022400
hardzero_plus_depr__c0p52__z1p05__lam0p010__nu0p50__psi0p75,hardzero_plus_depr,0.03,31,632,0.0,2,0.3215561,0.32158378,1.0204535,0.095399596,0.095399596,1.0,2.7673821e-05,0.0002900832,-27.476871,2.2450423,0.74834746,0.16000001,0.0,0.14985688,6.1850467,6.195047,2025600
hardzero_plus_depr__c0p52__z1p05__lam0p010__nu0p50__psi0p75,hardzero_plus_depr,0.03,31,633,0.0,2,0.32158378,0.32161364,0.9843416,0.10367127,0.10367127,1.0,2.9848583e-05,0.00028791567,-26.851866,2.1655948,0.72186494,0.216,0.0,0.13293736,6.195047,6.205047,2028800
hardzero_plus_depr__c0p52__z1p05__lam0p010__nu0p50__psi0p75,hardzero_plus_depr,0.03,31,634,0.0,2,0.32161364,0.3216437,0.9780772,0.10517749,0.10517749,1.0,3.0055973e-05,0.0002857643,-26.75332,2.1518128,0.717271,0.23200001,0.0,0.12893511,6.205047,6.2150474,2032000
hardzero_plus_depr__c0p52__z1p05__lam0p010__nu0p50__psi0p75,hardzero_plus_depr,0.03,31,635,0.0,2,0.3216437,0.32167035,1.0271858,0.093932144,0.093932144,1.0,2.6641888e-05,0.00028362908,-27.921595,2.2598538,0.75328463,0.104,0.0,0.15417087,6.2150474,6.2250476,2035200
hardzero_plus_depr__c0p52__z1p05__lam0p010__nu0p50__psi0p75,hardzero_plus_depr,0.03,31,636,0.0,2,0.32167035,0.32170004,0.97678953,0.105489805,0.105489805,1.0,2.9696408e-05,0.00028150974,-26.856636,2.14898,0.71632665,0.216,0.0,0.15015112,6.2250476,6.235048,2038400
hardzero_plus_depr__c0p52__z1p05__lam0p010__nu0p50__psi0p75,hardzero_plus_depr,0.03,31,637,0.0,2,0.32170004,0.32172692,1.0166918,0.09622949,0.09622949,1.0,2.6887126e-05,0.0002794063,-26.72354,2.2367666,0.7455889,0.21,0.0,0.14788085,6.235048,6.245048,2041600
hardzero_plus_depr__c0p52__z1p05__lam0p010__nu0p50__psi0p75,hardzero_plus_depr,0.03,31,638,0.0,2,0.32172692,0.32175308,1.0251604,0.094371215,0.094371215,1.0,2.6170886e-05,0.00027731853,-27.781515,2.255398,0.75179935,0.18400002,0.0,0.1446334,6.245048,6.2550483,2044800
hardzero_plus_depr__c0p52__z1p05__lam0p010__nu0p50__psi0p75,hardzero_plus_depr,0.03,31,639,0.0,2,0.32175308,0.32175308,1.1043086,0.0,0.078648664,0.0,0.0,0.00027524636,-28.622358,2.4295275,0.8098425,0.136,0.0,0.18219435,6.2550483,6.2650485,2048000
hardzero_plus_depr__c0p52__z1p05__lam0p010__nu0p50__psi0p75,hardzero_plus_depr,0.03,31,640,0.0,2,0.32175308,0.32177773,1.0448086,0.09019685,0.09019685,1.0,2.4640849e-05,0.00027318968,-28.035404,2.2986248,0.7662083,0.216,0.0,0.19828552,6.2650485,6.2750487,2051200
hardzero_plus_depr__c0p52__z1p05__lam0p010__nu0p50__psi0p75,hardzero_plus_depr,0.03,31,641,0.0,2,0.32177773,0.32180485,0.9997082,0.10006721,0.10006721,1.0,2.7133065e-05,0.0002711484,-28.201952,2.1994019,0.733134,0.14400001,0.0,0.16238365,6.2750487,6.285049,2054400
hardzero_plus_depr__c0p52__z1p05__lam0p010__nu0p50__psi0p75,hardzero_plus_depr,0.03,31,642,0.0,2,0.32180485,0.3218298,1.0327449,0.09273743,0.09273743,1.0,2.4957713e-05,0.00026912233,-28.132044,2.2720842,0.7573614,0.216,0.0,0.16106851,6.285049,6.295049,2057600
hardzero_plus_depr__c0p52__z1p05__lam0p010__nu0p50__psi0p75,hardzero_plus_depr,0.03,31,643,0.0,2,0.3218298,0.32185605,1.0073913,0.09831247,0.09831247,1.0,2.626038e-05,0.0002671114,-27.13563,2.2163053,0.73876846,0.192,0.0,0.1771695,6.295049,6.3050494,2060800
hardzero_plus_depr__c0p52__z1p05__lam0p010__nu0p50__psi0p75,hardzero_plus_depr,0.03,31,644,0.0,2,0.32185605,0.32188362,0.9829642,0.104000576,0.104000576,1.0,2.7572167e-05,0.00026511552,-26.833462,2.1625645,0.7208549,0.136,0.0,0.14245792,6.3050494,6.3150496,2064000
hardzero_plus_depr__c0p52__z1p05__lam0p010__nu0p50__psi0p75,hardzero_plus_depr,0.03,31,645,0.0,2,0.32188362,0.3219093,1.0103544,0.09764401,0.09764401,1.0,2.5693515e-05,0.00026313457,-26.889406,2.222824,0.7409414,0.112,0.0,0.12512621,6.3150496,6.32505,2067200
hardzero_plus_depr__c0p52__z1p05__lam0p010__nu0p50__psi0p75,hardzero_plus_depr,0.03,31,646,0.0,2,0.3219093,0.32193622,0.9871665,0.1029991,0.1029991,1.0,2.690011e-05,0.0002611684,-27.186255,2.1718097,0.72393656,0.2,0.0,0.13145371,6.32505,6.33505,2070400
hardzero_plus_depr__c0p52__z1p05__lam0p010__nu0p50__psi0p75,hardzero_plus_depr,0.03,31,647,0.0,2,0.32193622,0.32196224,0.9984856,0.10034929,0.10034929,1.0,2.601223e-05,0.00025921687,-26.497663,2.1967123,0.73223746,0.136,0.0,0.14614893,6.33505,6.3450503,2073600
hardzero_plus_depr__c0p52__z1p05__lam0p010__nu0p50__psi0p75,hardzero_plus_depr,0.03,31,648,0.0,2,0.32196224,0.3219894,0.97682863,0.1054803,0.1054803,1.0,2.713797e-05,0.00025728,-26.58478,2.149066,0.7163553,0.15200001,0.0,0.107016556,6.3450503,6.3550506,2076800
hardzero_plus_depr__c0p52__z1p05__lam0p010__nu0p50__psi0p75,hardzero_plus_depr,0.03,31,649,0.0,2,0.3219894,0.32201657,0.972997,0.10641503,0.10641503,1.0,2.7173886e-05,0.0002553576,-26.435688,2.1406362,0.71354544,0.16800001,0.0,0.1434717,6.3550506,6.365051,2080000
hardzero_plus_depr__c0p52__z1p05__lam0p010__nu0p50__psi0p75,hardzero_plus_depr,0.03,31,650,0.0,2,0.32201657,0.32204056,1.0240649,0.09460956,0.09460956,1.0,2.3978746e-05,0.0002534495,-27.274477,2.2529879,0.750996,0.25,0.0,0.13587455,6.365051,6.375051,2083200
hardzero_plus_depr__c0p52__z1p05__lam0p010__nu0p50__psi0p75,hardzero_plus_depr,0.03,31,651,0.0,2,0.32204056,0.32206434,1.0242475,0.09456981,0.09456981,1.0,2.3789577e-05,0.00025155573,-26.562029,2.2533896,0.75112987,0.14400001,0.0,0.16295929,6.375051,6.3850513,2086400
hardzero_plus_depr__c0p52__z1p05__lam0p010__nu0p50__psi0p75,hardzero_plus_depr,0.03,31,652,0.0,2,0.32206434,0.32208753,1.0321866,0.09285673,0.09285673,1.0,2.3184102e-05,0.00024967606,-27.3151,2.270856,0.756952,0.17600001,0.0,0.15923677,6.3850513,6.3950515,2089600
hardzero_plus_depr__c0p52__z1p05__lam0p010__nu0p50__psi0p75,hardzero_plus_depr,0.03,31,653,0.0,2,0.32208753,0.32211238,0.99890274,0.10025297,0.10025297,1.0,2.4843735e-05,0.00024781047,-26.919044,2.19763,0.73254335,0.2,0.008,0.15669098,6.3950515,6.4050517,2092800
hardzero_plus_depr__c0p52__z1p05__lam0p010__nu0p50__psi0p75,hardzero_plus_depr,0.03,31,654,0.0,2,0.32211238,0.3221368,1.0033073,0.09924135,0.09924135,1.0,2.440928e-05,0.00024595877,-27.218945,2.2073202,0.73577344,0.16800001,0.0,0.14421599,6.4050517,6.415052,2096000
hardzero_plus_depr__c0p52__z1p05__lam0p010__nu0p50__psi0p75,hardzero_plus_depr,0.03,31,655,0.0,2,0.3221368,0.32216072,1.0087624,0.0980026,0.0980026,1.0,2.392449e-05,0.00024412097,-27.152103,2.2193215,0.73977387,0.16800001,0.0,0.14419138,6.415052,6.425052,2099200
hardzero_plus_depr__c0p52__z1p05__lam0p010__nu0p50__psi0p75,hardzero_plus_depr,0.03,31,656,0.0,2,0.32216072,0.32218766,0.95370805,0.111247934,0.111247934,1.0,2.6955024e-05,0.00024229684,-25.984781,2.0981996,0.6993999,0.224,0.0,0.1362536,6.425052,6.4350524,2102400
hardzero_plus_depr__c0p52__z1p05__lam0p010__nu0p50__psi0p75,hardzero_plus_depr,0.03,31,657,0.0,2,0.32218766,0.3222134,0.97026306,0.10708705,0.10708705,1.0,2.5752977e-05,0.00024048638,-25.293903,2.1346214,0.71154046,0.136,0.0,0.13401793,6.4350524,6.4450526,2105600
hardzero_plus_depr__c0p52__z1p05__lam0p010__nu0p50__psi0p75,hardzero_plus_depr,0.03,31,658,0.0,2,0.3222134,0.32223684,1.0080466,0.09816425,0.09816425,1.0,2.343077e-05,0.00023868943,-27.751478,2.217747,0.739249,0.15200001,0.0,0.13658625,6.4450526,6.455053,2108800
hardzero_plus_depr__c0p52__z1p05__lam0p010__nu0p50__psi0p75,hardzero_plus_depr,0.03,31,659,0.0,2,0.32223684,0.32223684,1.0612541,0.0,0.0868452,0.0,0.0,0.00023690591,-27.513645,2.3348057,0.7782686,0.120000005,0.0,0.13992216,6.455053,6.465053,2112000
hardzero_plus_depr__c0p52__z1p05__lam0p010__nu0p50__psi0p75,hardzero_plus_depr,0.03,31,660,0.0,2,0.32223684,0.32225904,1.0249792,0.09441059,0.09441059,1.0,2.2199305e-05,0.00023513574,-27.51037,2.2549994,0.7516665,0.14400001,0.0,0.16763164,6.465053,6.4750533,2115200
hardzero_plus_depr__c0p52__z1p05__lam0p010__nu0p50__psi0p75,hardzero_plus_depr,0.03,31,661,0.0,2,0.32225904,0.3222825,0.9975881,0.10055692,0.10055692,1.0,2.346785e-05,0.00023337877,-26.091475,2.1947377,0.73157924,0.16000001,0.0,0.13124496,6.4750533,6.4850535,2118400
hardzero_plus_depr__c0p52__z1p05__lam0p010__nu0p50__psi0p75,hardzero_plus_depr,0.03,31,662,0.0,2,0.3222825,0.3222825,1.0540369,0.0,0.08830049,0.0,0.0,0.00023163494,-27.065338,2.3189273,0.7729758,0.128,0.0,0.19625494,6.4850535,6.495054,2121600
hardzero_plus_depr__c0p52__z1p05__lam0p010__nu0p50__psi0p75,hardzero_plus_depr,0.03,31,663,0.0,2,0.3222825,0.3223058,0.99433887,0.101312056,0.101312056,1.0,2.329206e-05,0.00022990412,-26.519066,2.1875892,0.7291964,0.13,0.0,0.13705648,6.495054,6.505054,2124800
hardzero_plus_depr__c0p52__z1p05__lam0p010__nu0p50__psi0p75,hardzero_plus_depr,0.03,31,664,0.0,2,0.3223058,0.32232785,1.0150824,0.09658676,0.09658676,1.0,2.203977e-05,0.00022818625,-26.798544,2.2332258,0.7444086,0.136,0.0,0.13231538,6.505054,6.515054,2128000
hardzero_plus_depr__c0p52__z1p05__lam0p010__nu0p50__psi0p75,hardzero_plus_depr,0.03,31,665,0.0,2,0.32232785,0.32234877,1.034687,0.09232363,0.09232363,1.0,2.090957e-05,0.00022648124,-27.459114,2.276357,0.75878567,0.128,0.0,0.15929118,6.515054,6.5250545,2131200
hardzero_plus_depr__c0p52__z1p05__lam0p010__nu0p50__psi0p75,hardzero_plus_depr,0.03,31,666,0.0,2,0.32234877,0.32234877,1.0724869,0.0,0.0846278,0.0,0.0,0.00022478894,-28.200829,2.3595183,0.7865061,0.096,0.0,0.13837014,6.5250545,6.5350547,2134400
hardzero_plus_depr__c0p52__z1p05__lam0p010__nu0p50__psi0p75,hardzero_plus_depr,0.03,31,667,0.0,2,0.32234877,0.32237336,0.957572,0.11026254,0.11026254,1.0,2.4600597e-05,0.00022310928,-25.77189,2.1067004,0.7022335,0.192,0.0,0.1348535,6.5350547,6.545055,2137600
hardzero_plus_depr__c0p52__z1p05__lam0p010__nu0p50__psi0p75,hardzero_plus_depr,0.03,31,668,0.0,2,0.32237336,0.32239375,1.0356816,0.09211246,0.09211246,1.0,2.0397585e-05,0.0002214422,-27.367994,2.2785451,0.75951505,0.136,0.0,0.14285487,6.545055,6.555055,2140800
hardzero_plus_depr__c0p52__z1p05__lam0p010__nu0p50__psi0p75,hardzero_plus_depr,0.03,31,669,0.0,2,0.32239375,0.32241413,1.0329111,0.09270195,0.09270195,1.0,2.0374733e-05,0.00021978754,-27.770172,2.2724497,0.75748324,0.128,0.0,0.13634081,6.555055,6.5650554,2144000
hardzero_plus_depr__c0p52__z1p05__lam0p010__nu0p50__psi0p75,hardzero_plus_depr,0.03,31,670,0.0,2,0.32241413,0.322434,1.0404876,0.09109873,0.09109873,1.0,1.9872758e-05,0.00021814527,-28.297302,2.2891185,0.7630395,0.15200001,0.0,0.16292173,6.5650554,6.5750556,2147200
hardzero_plus_depr__c0p52__z1p05__lam0p010__nu0p50__psi0p75,hardzero_plus_depr,0.03,31,671,0.0,2,0.322434,0.32245588,0.9956587,0.10100462,0.10100462,1.0,2.1869042e-05,0.00021651525,-26.918,2.1904929,0.7301643,0.128,0.0,0.120773494,6.5750556,6.585056,2150400
hardzero_plus_depr__c0p52__z1p05__lam0p010__nu0p50__psi0p75,hardzero_plus_depr,0.03,31,672,0.0,2,0.32245588,0.32247597,1.0290436,0.093531184,0.093531184,1.0,2.009961e-05,0.00021489742,-27.541437,2.263941,0.754647,0.15200001,0.0,0.16164026,6.585056,6.595056,2153600
hardzero_plus_depr__c0p52__z1p05__lam0p010__nu0p50__psi0p75,hardzero_plus_depr,0.03,31,673,0.0,2,0.32247597,0.3224956,1.0357668,0.092094384,0.092094384,1.0,1.9642968e-05,0.0002132917,-27.052355,2.2787325,0.7595775,0.136,0.008,0.16304493,6.595056,6.6050563,2156800
hardzero_plus_depr__c0p52__z1p05__lam0p010__nu0p50__psi0p75,hardzero_plus_depr,0.03,31,674,0.0,2,0.3224956,0.32251596,1.017097,0.09613976,0.09613976,1.0,2.0352589e-05,0.00021169794,-26.380743,2.237658,0.745886,0.16800001,0.0,0.14264804,6.6050563,6.6150565,2160000
hardzero_plus_depr__c0p52__z1p05__lam0p010__nu0p50__psi0p75,hardzero_plus_depr,0.03,31,675,0.0,2,0.32251596,0.32253644,1.0110561,0.09748636,0.09748636,1.0,2.0483458e-05,0.00021011614,-26.673283,2.2243679,0.741456,0.18400002,0.0,0.13907935,6.6150565,6.6250567,2163200
hardzero_plus_depr__c0p52__z1p05__lam0p010__nu0p50__psi0p75,hardzero_plus_depr,0.03,31,676,0.0,2,0.32253644,0.3225587,0.9714365,0.10679808,0.10679808,1.0,2.2272325e-05,0.00020854612,-25.991045,2.137203,0.71240103,0.14,0.0,0.14306508,6.6250567,6.635057,2166400
hardzero_plus_depr__c0p52__z1p05__lam0p010__nu0p50__psi0p75,hardzero_plus_depr,0.03,31,677,0.0,2,0.3225587,0.32257926,1.0029408,0.09932516,0.09932516,1.0,2.0559099e-05,0.00020698782,-27.739204,2.2065136,0.73550457,0.17600001,0.0,0.15864775,6.635057,6.645057,2169600
hardzero_plus_depr__c0p52__z1p05__lam0p010__nu0p50__psi0p75,hardzero_plus_depr,0.03,31,678,0.0,2,0.32257926,0.322599,1.0175879,0.09603115,0.09603115,1.0,1.9728755e-05,0.0002054412,-27.494083,2.238738,0.74624604,0.192,0.0,0.13670108,6.645057,6.6550574,2172800
hardzero_plus_depr__c0p52__z1p05__lam0p010__nu0p50__psi0p75,hardzero_plus_depr,0.03,31,679,0.0,2,0.322599,0.3226194,0.99955165,0.10010328,0.10010328,1.0,2.0411671e-05,0.00020390612,-26.607645,2.1990576,0.73301923,0.16000001,0.0,0.1420364,6.6550574,6.6650577,2176000
hardzero_plus_depr__c0p52__z1p05__lam0p010__nu0p50__psi0p75,hardzero_plus_depr,0.03,31,680,0.0,2,0.3226194,0.32263872,1.0205542,0.095377475,0.095377475,1.0,1.9302732e-05,0.0002023825,-27.078333,2.245264,0.7484214,0.14400001,0.0,0.13155821,6.6650577,6.675058,2179200
hardzero_plus_depr__c0p52__z1p05__lam0p010__nu0p50__psi0p75,hardzero_plus_depr,0.03,31,681,0.0,2,0.32263872,0.32265934,0.98879224,0.102614276,0.102614276,1.0,2.0612157e-05,0.00020087027,-27.010664,2.1753864,0.7251288,0.2,0.0,0.13161093,6.675058,6.685058,2182400
hardzero_plus_depr__c0p52__z1p05__lam0p010__nu0p50__psi0p75,hardzero_plus_depr,0.03,31,682,0.0,2,0.32265934,0.32267946,0.99633056,0.1008485,0.1008485,1.0,2.01061e-05,0.00019936934,-27.457275,2.191971,0.73065704,0.192,0.0,0.14847079,6.685058,6.6950583,2185600
hardzero_plus_depr__c0p52__z1p05__lam0p010__nu0p50__psi0p75,hardzero_plus_depr,0.03,31,683,0.0,2,0.32267946,0.3227,0.9838091,0.103798434,0.103798434,1.0,2.0539597e-05,0.00019787965,-26.887072,2.1644232,0.7214744,0.064,0.0,0.115514375,6.6950583,6.7050586,2188800
hardzero_plus_depr__c0p52__z1p05__lam0p010__nu0p50__psi0p75,hardzero_plus_depr,0.03,31,684,0.0,2,0.3227,0.32271954,1.0021393,0.09950861,0.09950861,1.0,1.9543597e-05,0.00019640106,-26.123415,2.2047505,0.73491687,0.216,0.0,0.14598453,6.7050586,6.715059,2192000
hardzero_plus_depr__c0p52__z1p05__lam0p010__nu0p50__psi0p75,hardzero_plus_depr,0.03,31,685,0.0,2,0.32271954,0.32274067,0.9647688,0.10845041,0.10845041,1.0,2.1140622e-05,0.00019493353,-26.499302,2.1225338,0.7075113,0.24800001,0.008,0.14054099,6.715059,6.725059,2195200
hardzero_plus_depr__c0p52__z1p05__lam0p010__nu0p50__psi0p75,hardzero_plus_depr,0.03,31,686,0.0,2,0.32274067,0.32276,1.0007229,0.0998337,0.0998337,1.0,1.9315521e-05,0.00019347697,-26.942577,2.2016344,0.73387814,0.16800001,0.0,0.13969605,6.725059,6.7350593,2198400
hardzero_plus_depr__c0p52__z1p05__lam0p010__nu0p50__psi0p75,hardzero_plus_depr,0.03,31,687,0.0,2,0.32276,0.3227781,1.0250016,0.09440573,0.09440573,1.0,1.8128854e-05,0.00019203128,-27.253736,2.2550488,0.75168294,0.17600001,0.0,0.13220295,6.7350593,6.7450595,2201600
hardzero_plus_depr__c0p52__z1p05__lam0p010__nu0p50__psi0p75,hardzero_plus_depr,0.03,31,688,0.0,2,0.3227781,0.3227982,0.97744995,0.10532951,0.10532951,1.0,2.0075428e-05,0.00019059642,-27.120712,2.1504328,0.71681094,0.208,0.0,0.12752078,6.7450595,6.7550597,2204800
hardzero_plus_depr__c0p52__z1p05__lam0p010__nu0p50__psi0p75,hardzero_plus_depr,0.03,31,689,0.0,2,0.3227982,0.32281592,1.0284406,0.09366113,0.09366113,1.0,1.7718086e-05,0.00018917225,-27.306274,2.2626145,0.75420487,0.14,0.0,0.16576388,6.7550597,6.76506,2208000
hardzero_plus_depr__c0p52__z1p05__lam0p010__nu0p50__psi0p75,hardzero_plus_depr,0.03,31,690,0.0,2,0.32281592,0.32283473,0.99935627,0.100148335,0.100148335,1.0,1.8803725e-05,0.00018775873,-26.400913,2.1986277,0.73287594,0.208,0.0,0.16544104,6.76506,6.77506,2211200
hardzero_plus_depr__c0p52__z1p05__lam0p010__nu0p50__psi0p75,hardzero_plus_depr,0.03,31,691,0.0,2,0.32283473,0.32285374,0.99152577,0.10197043,0.10197043,1.0,1.9002777e-05,0.00018635577,-26.202124,2.1814003,0.72713345,0.16000001,0.0,0.11656061,6.77506,6.7850604,2214400
hardzero_plus_depr__c0p52__z1p05__lam0p010__nu0p50__psi0p75,hardzero_plus_depr,0.03,31,692,0.0,2,0.32285374,0.32287306,0.9810074,0.104470246,0.104470246,1.0,1.932316e-05,0.0001849633,-27.357656,2.1582594,0.71941984,0.16800001,0.0,0.13347812,6.7850604,6.7950606,2217600
hardzero_plus_depr__c0p52__z1p05__lam0p010__nu0p50__psi0p75,hardzero_plus_depr,0.03,31,693,0.0,2,0.32287306,0.32288995,1.0359851,0.092048116,0.092048116,1.0,1.6898306e-05,0.00018358123,-27.336786,2.2792127,0.7597376,0.14400001,0.0,0.14879899,6.7950606,6.805061,2220800
hardzero_plus_depr__c0p52__z1p05__lam0p010__nu0p50__psi0p75,hardzero_plus_depr,0.03,31,694,0.0,2,0.32288995,0.32288995,1.074385,0.0,0.08425873,0.0,0.0,0.0001822095,-28.275814,2.3636942,0.78789806,0.136,0.0,0.17759311,6.805061,6.815061,2224000
hardzero_plus_depr__c0p52__z1p05__lam0p010__nu0p50__psi0p75,hardzero_plus_depr,0.03,31,695,0.0,2,0.32288995,0.32290867,0.98539305,0.10342057,0.10342057,1.0,1.8703406e-05,0.00018084802,-26.511534,2.167908,0.722636,0.136,0.0,0.13534787,6.815061,6.8250613,2227200
hardzero_plus_depr__c0p52__z1p05__lam0p010__nu0p50__psi0p75,hardzero_plus_depr,0.03,31,696,0.0,2,0.32290867,0.322927,0.9910293,0.102087036,0.102087036,1.0,1.8324286e-05,0.0001794967,-26.430794,2.180308,0.7267694,0.17600001,0.0,0.12421706,6.8250613,6.8350616,2230400
hardzero_plus_depr__c0p52__z1p05__lam0p010__nu0p50__psi0p75,hardzero_plus_depr,0.03,31,697,0.0,2,0.322927,0.32294494,0.9973028,0.10062298,0.10062298,1.0,1.7926533e-05,0.00017815546,-26.273396,2.19411,0.73137,0.128,0.0,0.1449378,6.8350616,6.845062,2233600
hardzero_plus_depr__c0p52__z1p05__lam0p010__nu0p50__psi0p75,hardzero_plus_depr,0.03,31,698,0.0,2,0.32294494,0.32296094,1.0433983,0.090490244,0.090490244,1.0,1.6000873e-05,0.00017682428,-28.041403,2.295522,0.76517403,0.120000005,0.0,0.15013602,6.845062,6.855062,2236800
hardzero_plus_depr__c0p52__z1p05__lam0p010__nu0p50__psi0p75,hardzero_plus_depr,0.03,31,699,0.0,2,0.32296094,0.32297936,0.97908676,0.10493328,0.10493328,1.0,1.8416105e-05,0.00017550301,-27.009802,2.154034,0.7180113,0.16000001,0.0,0.13188733,6.855062,6.865062,2240000
hardzero_plus_depr__c0p52__z1p05__lam0p010__nu0p50__psi0p75,hardzero_plus_depr,0.03,31,700,0.0,2,0.32297936,0.3229957,1.0283316,0.09368462,0.09368462,1.0,1.6319078e-05,0.00017419165,-27.151974,2.2623749,0.754125,0.16800001,0.0,0.14894319,6.865062,6.8750625,2243200
hardzero_plus_depr__c0p52__z1p05__lam0p010__nu0p50__psi0p75,hardzero_plus_depr,0.03,31,701,0.0,2,0.3229957,0.32301402,0.9747829,0.10597833,0.10597833,1.0,1.83226e-05,0.00017289007,-26.234598,2.144565,0.7148551,0.208,0.0,0.1236274,6.8750625,6.8850627,2246400
hardzero_plus_depr__c0p52__z1p05__lam0p010__nu0p50__psi0p75,hardzero_plus_depr,0.03,31,702,0.0,2,0.32301402,0.3230312,0.99967295,0.10007535,0.10007535,1.0,1.717275e-05,0.0001715982,-27.233755,2.1993244,0.73310816,0.16,0.0,0.114654265,6.8850627,6.895063,2249600
hardzero_plus_depr__c0p52__z1p05__lam0p010__nu0p50__psi0p75,hardzero_plus_depr,0.03,31,703,0.0,2,0.3230312,0.32304758,1.0166365,0.09624174,0.09624174,1.0,1.639151e-05,0.00017031601,-28.04284,2.236645,0.74554837,0.120000005,0.0,0.14579111,6.895063,6.905063,2252800
hardzero_plus_depr__c0p52__z1p05__lam0p010__nu0p50__psi0p75,hardzero_plus_depr,0.03,31,704,0.0,2,0.32304758,0.32306433,1.0038986,0.09910632,0.09910632,1.0,1.6753267e-05,0.00016904339,-26.571623,2.208621,0.736207,0.18400002,0.0,0.14731708,6.905063,6.9150634,2256000
hardzero_plus_depr__c0p52__z1p05__lam0p010__nu0p50__psi0p75,hardzero_plus_depr,0.03,31,705,0.0,2,0.32306433,0.32308072,1.0101639,0.09768685,0.09768685,1.0,1.6389928e-05,0.0001677803,-26.597506,2.222405,0.7408017,0.136,0.0,0.11938203,6.9150634,6.9250636,2259200
hardzero_plus_depr__c0p52__z1p05__lam0p010__nu0p50__psi0p75,hardzero_plus_depr,0.03,31,706,0.0,2,0.32308072,0.32309562,1.0479652,0.08954366,0.08954366,1.0,1.4911402e-05,0.0001665266,-27.91029,2.3055694,0.76852316,0.104,0.0,0.13074477,6.9250636,6.935064,2262400
hardzero_plus_depr__c0p52__z1p05__lam0p010__nu0p50__psi0p75,hardzero_plus_depr,0.03,31,707,0.0,2,0.32309562,0.32311288,0.98107404,0.104454204,0.104454204,1.0,1.726443e-05,0.0001652823,-26.208801,2.158406,0.7194687,0.192,0.0,0.15393856,6.935064,6.945064,2265600
hardzero_plus_depr__c0p52__z1p05__lam0p010__nu0p50__psi0p75,hardzero_plus_depr,0.03,31,708,0.0,2,0.32311288,0.32312903,1.0069257,0.09841794,0.09841794,1.0,1.6145195e-05,0.00016404728,-27.448963,2.2152808,0.7384269,0.208,0.0,0.16814812,6.945064,6.9550643,2268800
hardzero_plus_depr__c0p52__z1p05__lam0p010__nu0p50__psi0p75,hardzero_plus_depr,0.03,31,709,0.0,2,0.32312903,0.32314506,1.0066912,0.0984711,0.0984711,1.0,1.6033211e-05,0.0001628215,-26.756865,2.2147648,0.73825496,0.208,0.0,0.15103897,6.9550643,6.9650645,2272000
hardzero_plus_depr__c0p52__z1p05__lam0p010__nu0p50__psi0p75,hardzero_plus_depr,0.03,31,710,0.0,2,0.32314506,0.3231609,1.0092617,0.09788999,0.09788999,1.0,1.5819502e-05,0.0001616049,-26.842726,2.2204201,0.7401401,0.136,0.0,0.15007555,6.9650645,6.9750648,2275200
hardzero_plus_depr__c0p52__z1p05__lam0p010__nu0p50__psi0p75,hardzero_plus_depr,0.03,31,711,0.0,2,0.3231609,0.3231609,1.0514667,0.0,0.08882461,0.0,0.0,0.00016039735,-28.194002,2.313273,0.771091,0.080000006,0.0,0.1258997,6.9750648,6.985065,2278400
hardzero_plus_depr__c0p52__z1p05__lam0p010__nu0p50__psi0p75,hardzero_plus_depr,0.03,31,712,0.0,2,0.3231609,0.32317838,0.9592856,0.10982833,0.10982833,1.0,1.7484545e-05,0.00015919885,-27.143543,2.1104705,0.7034902,0.15200001,0.0,0.14605172,6.985065,6.995065,2281600
hardzero_plus_depr__c0p52__z1p05__lam0p010__nu0p50__psi0p75,hardzero_plus_depr,0.03,31,713,0.0,2,0.32317838,0.32319295,1.0349822,0.09226093,0.09226093,1.0,1.4578085e-05,0.00015800931,-26.837557,2.2770064,0.75900215,0.14400001,0.0,0.14287686,6.995065,7.0050654,2284800
hardzero_plus_depr__c0p52__z1p05__lam0p010__nu0p50__psi0p75,hardzero_plus_depr,0.03,31,714,0.0,2,0.32319295,0.32320794,1.0197306,0.09555852,0.09555852,1.0,1.4986312e-05,0.00015682864,-27.061426,2.243452,0.7478174,0.112,0.0,0.13425858,7.0050654,7.0150657,2288000
hardzero_plus_depr__c0p52__z1p05__lam0p010__nu0p50__psi0p75,hardzero_plus_depr,0.03,31,715,0.0,2,0.32320794,0.32322505,0.9590734,0.10988199,0.10988199,1.0,1.7103877e-05,0.00015565679,-26.838833,2.1100037,0.70333457,0.19,0.0,0.16078277,7.0150657,7.025066,2291200
hardzero_plus_depr__c0p52__z1p05__lam0p010__nu0p50__psi0p75,hardzero_plus_depr,0.03,31,716,0.0,2,0.32322505,0.3232413,0.9785687,0.10505852,0.10505852,1.0,1.6230879e-05,0.0001544937,-27.262983,2.152894,0.71763134,0.23200001,0.0,0.1352976,7.025066,7.035066,2294400
hardzero_plus_depr__c0p52__z1p05__lam0p010__nu0p50__psi0p75,hardzero_plus_depr,0.03,31,717,0.0,2,0.3232413,0.32325613,1.014231,0.09677631,0.09677631,1.0,1.4839613e-05,0.00015333932,-26.943806,2.2313526,0.7437842,0.15200001,0.0,0.13087367,7.035066,7.0450664,2297600
hardzero_plus_depr__c0p52__z1p05__lam0p010__nu0p50__psi0p75,hardzero_plus_depr,0.03,31,718,0.0,2,0.32325613,0.32327014,1.0360452,0.09203538,0.09203538,1.0,1.400719e-05,0.00015219353,-27.735237,2.279345,0.7597817,0.128,0.0,0.13792022,7.0450664,7.0550666,2300800
hardzero_plus_depr__c0p52__z1p05__lam0p010__nu0p50__psi0p75,hardzero_plus_depr,0.03,31,719,0.0,2,0.32327014,0.3232839,1.0400962,0.0911809,0.0911809,1.0,1.3773452e-05,0.00015105633,-27.88634,2.2882571,0.7627524,0.18400002,0.0,0.16067724,7.0550666,7.065067,2304000
hardzero_plus_depr__c0p52__z1p05__lam0p010__nu0p50__psi0p75,hardzero_plus_depr,0.03,31,720,0.0,2,0.3232839,0.32329884,1.001858,0.09957309,0.09957309,1.0,1.4928757e-05,0.00014992763,-26.676006,2.2041316,0.7347106,0.104,0.0,0.13067532,7.065067,7.075067,2307200
hardzero_plus_depr__c0p52__z1p05__lam0p010__nu0p50__psi0p75,hardzero_plus_depr,0.03,31,721,0.0,2,0.32329884,0.32329884,1.0708311,0.0,0.08495109,0.0,0.0,0.00014880735,-28.016752,2.3558755,0.78529185,0.192,0.008,0.1739768,7.075067,7.0850673,2310400
hardzero_plus_depr__c0p52__z1p05__lam0p010__nu0p50__psi0p75,hardzero_plus_depr,0.03,31,722,0.0,2,0.32329884,0.32331356,1.0012244,0.09971847,0.09971847,1.0,1.4727963e-05,0.00014769545,-26.793146,2.2027376,0.7342459,0.15200001,0.0,0.13452736,7.0850673,7.0950675,2313600
hardzero_plus_depr__c0p52__z1p05__lam0p010__nu0p50__psi0p75,hardzero_plus_depr,0.03,31,723,0.0,2,0.32331356,0.32332873,0.9847844,0.10356561,0.10356561,1.0,1.5181874e-05,0.00014659185,-26.065765,2.166569,0.72218966,0.17600001,0.0,0.15074667,7.0950675,7.1050677,2316800
hardzero_plus_depr__c0p52__z1p05__lam0p010__nu0p50__psi0p75,hardzero_plus_depr,0.03,31,724,0.0,2,0.32332873,0.3233429,1.0115911,0.09736635,0.09736635,1.0,1.4166462e-05,0.0001454965,-27.001665,2.225545,0.74184835,0.192,0.0,0.16099297,7.1050677,7.115068,2320000
hardzero_plus_depr__c0p52__z1p05__lam0p010__nu0p50__psi0p75,hardzero_plus_depr,0.03,31,725,0.0,2,0.3233429,0.32335764,0.99044,0.102225676,0.102225676,1.0,1.47623405e-05,0.00014440932,-26.501186,2.1790116,0.7263372,0.24000001,0.0,0.12792303,7.115068,7.125068,2323200
hardzero_plus_depr__c0p52__z1p05__lam0p010__nu0p50__psi0p75,hardzero_plus_depr,0.03,31,726,0.0,2,0.32335764,0.32337257,0.9825403,0.104102135,0.104102135,1.0,1.4920988e-05,0.00014333028,-26.481165,2.1616318,0.720544,0.136,0.0,0.17062266,7.125068,7.1350684,2326400
hardzero_plus_depr__c0p52__z1p05__lam0p010__nu0p50__psi0p75,hardzero_plus_depr,0.03,31,727,0.0,2,0.32337257,0.323387,0.99436045,0.10130701,0.10130701,1.0,1.4411865e-05,0.0001422593,-26.638771,2.1876366,0.7292122,0.14400001,0.0,0.121827774,7.1350684,7.1450686,2329600
hardzero_plus_depr__c0p52__z1p05__lam0p010__nu0p50__psi0p75,hardzero_plus_depr,0.03,31,728,0.0,2,0.323387,0.32340133,0.9931405,0.10159199,0.10159199,1.0,1.4344416e-05,0.00014119633,-26.458714,2.1849527,0.7283176,0.14999999,0.0,0.12727496,7.1450686,7.155069,2332800
hardzero_plus_depr__c0p52__z1p05__lam0p010__nu0p50__psi0p75,hardzero_plus_depr,0.03,31,729,0.0,2,0.32340133,0.32341442,1.0303236,0.0932559,0.0932559,1.0,1.3069002e-05,0.00014014129,-27.714201,2.2667572,0.7555858,0.15200001,0.0,0.14201017,7.155069,7.165069,2336000
hardzero_plus_depr__c0p52__z1p05__lam0p010__nu0p50__psi0p75,hardzero_plus_depr,0.03,31,730,0.0,2,0.32341442,0.323429,0.9793813,0.104862124,0.104862124,1.0,1.45857075e-05,0.00013909415,-25.478191,2.154682,0.7182273,0.16800001,0.0,0.14366512,7.165069,7.1750693,2339200
hardzero_plus_depr__c0p52__z1p05__lam0p010__nu0p50__psi0p75,hardzero_plus_depr,0.03,31,731,0.0,2,0.323429,0.3234423,1.0154257,0.09651045,0.09651045,1.0,1.3323731e-05,0.0001380548,-26.943766,2.2339811,0.7446604,0.128,0.0,0.13213985,7.1750693,7.1850696,2342400
hardzero_plus_depr__c0p52__z1p05__lam0p010__nu0p50__psi0p75,hardzero_plus_depr,0.03,31,732,0.0,2,0.3234423,0.3234558,1.0063043,0.09855887,0.09855887,1.0,1.3504857e-05,0.00013702325,-27.1187,2.2139137,0.73797125,0.120000005,0.0,0.1468003,7.1850696,7.19507,2345600
hardzero_plus_depr__c0p52__z1p05__lam0p010__nu0p50__psi0p75,hardzero_plus_depr,0.03,31,733,0.0,2,0.3234558,0.3234558,1.0845364,0.0,0.08231208,0.0,0.0,0.00013599939,-28.13736,2.3860278,0.7953426,0.216,0.0,0.16879982,7.19507,7.20507,2348800
hardzero_plus_depr__c0p52__z1p05__lam0p010__nu0p50__psi0p75,hardzero_plus_depr,0.03,31,734,0.0,2,0.3234558,0.32347003,0.9770595,0.105424255,0.105424255,1.0,1.4230502e-05,0.00013498319,-26.691805,2.1495738,0.7165246,0.18400002,0.008,0.13382949,7.20507,7.2150702,2352000
hardzero_plus_depr__c0p52__z1p05__lam0p010__nu0p50__psi0p75,hardzero_plus_depr,0.03,31,735,0.0,2,0.32347003,0.32347003,1.0543232,0.0,0.0882423,0.0,0.0,0.00013397458,-28.317366,2.3195574,0.77318585,0.14400001,0.0,0.1617481,7.2150702,7.2250705,2355200
hardzero_plus_depr__c0p52__z1p05__lam0p010__nu0p50__psi0p75,hardzero_plus_depr,0.03,31,736,0.0,2,0.32347003,0.32348228,1.035718,0.09210475,0.09210475,1.0,1.224749e-05,0.0001329735,-27.45138,2.278625,0.7595417,0.14400001,0.0,0.14809044,7.2250705,7.2350707,2358400
hardzero_plus_depr__c0p52__z1p05__lam0p010__nu0p50__psi0p75,hardzero_plus_depr,0.03,31,737,0.0,2,0.32348228,0.3234948,1.0227695,0.09489221,0.09489221,1.0,1.2523865e-05,0.0001319799,-27.940971,2.2501378,0.75004596,0.216,0.0,0.13721213,7.2350707,7.245071,2361600
hardzero_plus_depr__c0p52__z1p05__lam0p010__nu0p50__psi0p75,hardzero_plus_depr,0.03,31,738,0.0,2,0.3234948,0.3235065,1.0483651,0.08946123,0.08946123,1.0,1.1718862e-05,0.00013099375,-26.735723,2.3064494,0.7688165,0.15200001,0.008,0.15474465,7.245071,7.255071,2364800
hardzero_plus_depr__c0p52__z1p05__lam0p010__nu0p50__psi0p75,hardzero_plus_depr,0.03,31,739,0.0,2,0.3235065,0.3235065,1.0888563,0.0,0.08149737,0.0,0.0,0.00013001495,-28.93054,2.3955317,0.79851055,0.136,0.0,0.1711639,7.255071,7.2650714,2368000
hardzero_plus_depr__c0p52__z1p05__lam0p010__nu0p50__psi0p75,hardzero_plus_depr,0.03,31,740,0.0,2,0.3235065,0.32351905,1.0124897,0.09716511,0.09716511,1.0,1.2538521e-05,0.00012904346,-26.741749,2.227522,0.74250734,0.17600001,0.0,0.15021554,7.2650714,7.2750716,2371200
hardzero_plus_depr__c0p52__z1p05__lam0p010__nu0p50__psi0p75,hardzero_plus_depr,0.03,31,741,0.0,2,0.32351905,0.32353064,1.0437658,0.09041369,0.09041369,1.0,1.1580116e-05,0.00012807923,-28.027824,2.2963305,0.7654435,0.22,0.0,0.145456,7.2750716,7.285072,2374400
hardzero_plus_depr__c0p52__z1p05__lam0p010__nu0p50__psi0p75,hardzero_plus_depr,0.03,31,742,0.0,2,0.32353064,0.32354257,1.027829,0.0937931,0.0937931,1.0,1.1923185e-05,0.0001271222,-27.226147,2.261269,0.7537564,0.2,0.0,0.15885763,7.285072,7.295072,2377600
hardzero_plus_depr__c0p52__z1p05__lam0p010__nu0p50__psi0p75,hardzero_plus_depr,0.03,31,743,0.0,2,0.32354257,0.32355565,0.9842595,0.10369087,0.10369087,1.0,1.3082919e-05,0.00012617234,-26.87908,2.165414,0.72180474,0.112,0.0,0.13043702,7.295072,7.3050723,2380800
hardzero_plus_depr__c0p52__z1p05__lam0p010__nu0p50__psi0p75,hardzero_plus_depr,0.03,31,744,0.0,2,0.32355565,0.32356885,0.9769596,0.10544849,0.10544849,1.0,1.3205268e-05,0.00012522956,-26.614153,2.149354,0.71645135,0.18400002,0.0,0.13185428,7.3050723,7.3150725,2384000
hardzero_plus_depr__c0p52__z1p05__lam0p010__nu0p50__psi0p75,hardzero_plus_depr,0.03,31,745,0.0,2,0.32356885,0.32356885,1.0545421,0.0,0.08819784,0.0,0.0,0.00012429385,-28.307636,2.3200388,0.7733463,0.16000001,0.0,0.15197076,7.3150725,7.325073,2387200
hardzero_plus_depr__c0p52__z1p05__lam0p010__nu0p50__psi0p75,hardzero_plus_depr,0.03,31,746,0.0,2,0.32356885,0.32358173,0.981029,0.10446504,0.10446504,1.0,1.288734e-05,0.0001233651,-26.578753,2.1583068,0.71943563,0.15200001,0.0,0.18113452,7.325073,7.335073,2390400
hardzero_plus_depr__c0p52__z1p05__lam0p010__nu0p50__psi0p75,hardzero_plus_depr,0.03,31,747,0.0,2,0.32358173,0.3235941,0.9956538,0.101005755,0.101005755,1.0,1.2367477e-05,0.00012244329,-27.128868,2.1904821,0.7301607,0.192,0.0,0.13549002,7.335073,7.345073,2393600
hardzero_plus_depr__c0p52__z1p05__lam0p010__nu0p50__psi0p75,hardzero_plus_depr,0.03,31,748,0.0,2,0.3235941,0.32360622,1.0011947,0.09972529,0.09972529,1.0,1.21194535e-05,0.000121528385,-26.490248,2.2026725,0.7342242,0.120000005,0.0,0.14310735,7.345073,7.3550735,2396800
hardzero_plus_depr__c0p52__z1p05__lam0p010__nu0p50__psi0p75,hardzero_plus_depr,0.03,31,749,0.0,2,0.32360622,0.32361817,1.0043912,0.09899398,0.09899398,1.0,1.1940684e-05,0.00012062031,-26.518456,2.2097049,0.73656833,0.16800001,0.0,0.13356802,7.3550735,7.3650737,2400000
hardzero_plus_depr__c0p52__z1p05__lam0p010__nu0p50__psi0p75,hardzero_plus_depr,0.03,31,750,0.0,2,0.32361817,0.32363102,0.96981776,0.1071969,0.1071969,1.0,1.2833507e-05,0.000119719014,-26.190926,2.1336417,0.71121395,0.216,0.0,0.13391191,7.3650737,7.375074,2403200
hardzero_plus_depr__c0p52__z1p05__lam0p010__nu0p50__psi0p75,hardzero_plus_depr,0.03,31,751,0.0,2,0.32363102,0.32364318,0.99004656,0.102318324,0.102318324,1.0,1.21579205e-05,0.00011882447,-26.837143,2.178146,0.72604865,0.16800001,0.0,0.13101827,7.375074,7.385074,2406400
hardzero_plus_depr__c0p52__z1p05__lam0p010__nu0p50__psi0p75,hardzero_plus_depr,0.03,31,752,0.0,2,0.32364318,0.32364318,1.0634264,0.0,0.08641191,0.0,0.0,0.0001179366,-27.685581,2.3395848,0.7798616,0.072000004,0.0,0.17212394,7.385074,7.3950744,2409600
hardzero_plus_depr__c0p52__z1p05__lam0p010__nu0p50__psi0p75,hardzero_plus_depr,0.03,31,753,0.0,2,0.32364318,0.32364318,1.0522321,0.0,0.08866818,0.0,0.0,0.000117055366,-28.168306,2.314957,0.77165234,0.136,0.0,0.16810197,7.3950744,7.4050746,2412800
hardzero_plus_depr__c0p52__z1p05__lam0p010__nu0p50__psi0p75,hardzero_plus_depr,0.03,31,754,0.0,2,0.32364318,0.32365465,1.0058733,0.09865672,0.09865672,1.0,1.1462008e-05,0.00011618071,-27.301615,2.2129655,0.73765516,0.19,0.0,0.14056216,7.4050746,7.415075,2416000
hardzero_plus_depr__c0p52__z1p05__lam0p010__nu0p50__psi0p75,hardzero_plus_depr,0.03,31,755,0.0,2,0.32365465,0.32365465,1.0553877,0.0,0.08802627,0.0,0.0,0.00011531259,-27.946959,2.3218994,0.7739665,0.15200001,0.008,0.16624199,7.415075,7.425075,2419200
hardzero_plus_depr__c0p52__z1p05__lam0p010__nu0p50__psi0p75,hardzero_plus_depr,0.03,31,756,0.0,2,0.32365465,0.3236657,1.0149528,0.09661558,0.09661558,1.0,1.1057746e-05,0.00011445096,-26.502935,2.2329407,0.7443136,0.14400001,0.0,0.14285207,7.425075,7.4350753,2422400
hardzero_plus_depr__c0p52__z1p05__lam0p010__nu0p50__psi0p75,hardzero_plus_depr,0.03,31,757,0.0,2,0.3236657,0.32367775,0.97482944,0.105966985,0.105966985,1.0,1.2037401e-05,0.000113595765,-26.228525,2.1446676,0.7148892,0.16000001,0.0,0.1249436,7.4350753,7.4450755,2425600
hardzero_plus_depr__c0p52__z1p05__lam0p010__nu0p50__psi0p75,hardzero_plus_depr,0.03,31,758,0.0,2,0.32367775,0.3236886,1.0163321,0.0963092,0.0963092,1.0,1.0858571e-05,0.00011274697,-26.413628,2.2359753,0.7453251,0.136,0.0,0.10940024,7.4450755,7.4550757,2428800
hardzero_plus_depr__c0p52__z1p05__lam0p010__nu0p50__psi0p75,hardzero_plus_depr,0.03,31,759,0.0,2,0.3236886,0.3237002,0.98454523,0.10362266,0.10362266,1.0,1.1595843e-05,0.00011190451,-26.936258,2.1660428,0.7220143,0.24000001,0.0,0.12405469,7.4550757,7.465076,2432000
hardzero_plus_depr__c0p52__z1p05__lam0p010__nu0p50__psi0p75,hardzero_plus_depr,0.03,31,760,0.0,2,0.3237002,0.3237002,1.0593102,0.0,0.08723479,0.0,0.0,0.00011106835,-27.445808,2.330529,0.776843,0.104,0.0,0.17980775,7.465076,7.475076,2435200
hardzero_plus_depr__c0p52__z1p05__lam0p010__nu0p50__psi0p75,hardzero_plus_depr,0.03,31,761,0.0,2,0.3237002,0.3237117,0.98154664,0.104340605,0.104340605,1.0,1.1502346e-05,0.00011023844,-27.337696,2.1594458,0.71981525,0.128,0.0,0.14221016,7.475076,7.4850764,2438400
hardzero_plus_depr__c0p52__z1p05__lam0p010__nu0p50__psi0p75,hardzero_plus_depr,0.03,31,762,0.0,2,0.3237117,0.3237117,1.1209378,0.0,0.07569412,0.0,0.0,0.000109414716,-28.5264,2.4661124,0.82203746,0.136,0.0,0.16619591,7.4850764,7.4950767,2441600
hardzero_plus_depr__c0p52__z1p05__lam0p010__nu0p50__psi0p75,hardzero_plus_depr,0.03,31,763,0.0,2,0.3237117,0.32372215,1.0156947,0.096450664,0.096450664,1.0,1.04742685e-05,0.00010859717,-27.211647,2.2345731,0.7448577,0.14400001,0.0,0.12671848,7.4950767,7.505077,2444800
hardzero_plus_depr__c0p52__z1p05__lam0p010__nu0p50__psi0p75,hardzero_plus_depr,0.03,31,764,0.0,2,0.32372215,0.32372215,1.0526097,0.0,0.088591136,0.0,0.0,0.00010778571,-27.442442,2.3157876,0.7719292,0.128,0.0,0.14124238,7.505077,7.515077,2448000
hardzero_plus_depr__c0p52__z1p05__lam0p010__nu0p50__psi0p75,hardzero_plus_depr,0.03,31,765,0.0,2,0.32372215,0.32373297,0.99474007,0.10121851,0.10121851,1.0,1.0828389e-05,0.00010698033,-25.531181,2.1884718,0.72949064,0.224,0.0,0.12694278,7.515077,7.5250773,2451200
hardzero_plus_depr__c0p52__z1p05__lam0p010__nu0p50__psi0p75,hardzero_plus_depr,0.03,31,766,0.0,2,0.32373297,0.3237437,0.99498767,0.101160824,0.101160824,1.0,1.07413525e-05,0.00010618095,-26.828268,2.1890166,0.7296722,0.136,0.0,0.14512165,7.5250773,7.5350776,2454400
hardzero_plus_depr__c0p52__z1p05__lam0p010__nu0p50__psi0p75,hardzero_plus_depr,0.03,31,767,0.0,2,0.3237437,0.3237437,1.0609603,0.0,0.086903974,0.0,0.0,0.00010538755,-29.165487,2.3341594,0.77805316,0.12,0.0,0.115664266,7.5350776,7.545078,2457600
hardzero_plus_depr__c0p52__z1p05__lam0p010__nu0p50__psi0p75,hardzero_plus_depr,0.03,31,768,0.0,2,0.3237437,0.32375333,1.0363574,0.09196925,0.09196925,1.0,9.619992e-06,0.00010460009,-27.637892,2.280032,0.76001066,0.128,0.0,0.15757401,7.545078,7.555078,2460800
hardzero_plus_depr__c0p52__z1p05__lam0p010__nu0p50__psi0p75,hardzero_plus_depr,0.03,31,769,0.0,2,0.32375333,0.32376304,1.0288415,0.0935747,0.0935747,1.0,9.714785e-06,0.0001038185,-28.274475,2.2634964,0.75449884,0.16800001,0.0,0.14251177,7.555078,7.5650783,2464000
hardzero_plus_depr__c0p52__z1p05__lam0p010__nu0p50__psi0p75,hardzero_plus_depr,0.03,31,770,0.0,2,0.32376304,0.32377332,1.0004228,0.099902675,0.099902675,1.0,1.0294248e-05,0.00010304277,-27.170502,2.2009742,0.7336581,0.15200001,0.0,0.13342065,7.5650783,7.5750785,2467200
hardzero_plus_depr__c0p52__z1p05__lam0p010__nu0p50__psi0p75,hardzero_plus_depr,0.03,31,771,0.0,2,0.32377332,0.32378292,1.0275367,0.09385625,0.09385625,1.0,9.5989435e-06,0.00010227282,-26.378578,2.260626,0.75354207,0.14400001,0.0,0.11724315,7.5750785,7.5850787,2470400
hardzero_plus_depr__c0p52__z1p05__lam0p010__nu0p50__psi0p75,hardzero_plus_depr,0.03,31,772,0.0,2,0.32378292,0.3237926,1.0201161,0.09547374,0.09547374,1.0,9.691407e-06,0.000101508616,-27.780294,2.2443001,0.74810004,0.15200001,0.0,0.17056142,7.5850787,7.595079,2473600
hardzero_plus_depr__c0p52__z1p05__lam0p010__nu0p50__psi0p75,hardzero_plus_depr,0.03,31,773,0.0,2,0.3237926,0.3237926,1.0523392,0.0,0.088646345,0.0,0.0,0.00010075014,-27.823858,2.3151925,0.77173084,0.128,0.0,0.15660289,7.595079,7.605079,2476800
hardzero_plus_depr__c0p52__z1p05__lam0p010__nu0p50__psi0p75,hardzero_plus_depr,0.03,31,774,0.0,2,0.3237926,0.3238034,0.96735865,0.10780561,0.10780561,1.0,1.0780272e-05,9.999732e-05,-26.961945,2.1282315,0.70941055,0.216,0.008,0.16320486,7.605079,7.6150794,2480000
hardzero_plus_depr__c0p52__z1p05__lam0p010__nu0p50__psi0p75,hardzero_plus_depr,0.03,31,775,0.0,2,0.3238034,0.32381234,1.0446644,0.09022681,0.09022681,1.0,8.955023e-06,9.925014e-05,-27.025898,2.2983077,0.76610255,0.112,0.0,0.16592483,7.6150794,7.6250796,2483200
hardzero_plus_depr__c0p52__z1p05__lam0p010__nu0p50__psi0p75,hardzero_plus_depr,0.03,31,776,0.0,2,0.32381234,0.3238225,0.98626834,0.10321235,0.10321235,1.0,1.0167296e-05,9.850852e-05,-25.428654,2.1698337,0.7232779,0.15200001,0.0,0.12741452,7.6250796,7.63508,2486400
hardzero_plus_depr__c0p52__z1p05__lam0p010__nu0p50__psi0p75,hardzero_plus_depr,0.03,31,777,0.0,2,0.3238225,0.32383302,0.9682832,0.10757635,0.10757635,1.0,1.0518003e-05,9.777245e-05,-26.096907,2.1302655,0.7100885,0.2,0.0,0.14472735,7.63508,7.64508,2489600
hardzero_plus_depr__c0p52__z1p05__lam0p010__nu0p50__psi0p75,hardzero_plus_depr,0.03,31,778,0.0,2,0.32383302,0.3238424,1.014871,0.09663379,0.09663379,1.0,9.377525e-06,9.7041884e-05,-27.281876,2.232761,0.74425364,0.14400001,0.0,0.14107348,7.64508,7.6550803,2492800
hardzero_plus_depr__c0p52__z1p05__lam0p010__nu0p50__psi0p75,hardzero_plus_depr,0.03,31,779,0.0,2,0.3238424,0.32385144,1.0279217,0.09377311,0.09377311,1.0,9.031924e-06,9.631678e-05,-26.770176,2.261473,0.75382435,0.192,0.0,0.16295362,7.6550803,7.6650805,2496000
hardzero_plus_depr__c0p52__z1p05__lam0p010__nu0p50__psi0p75,hardzero_plus_depr,0.03,31,780,0.0,2,0.32385144,0.3238607,1.0138204,0.09686783,0.09686783,1.0,9.260282e-06,9.559709e-05,-27.551954,2.2304494,0.7434832,0.21,0.0,0.13975388,7.6650805,7.675081,2499200
hardzero_plus_depr__c0p52__z1p05__lam0p010__nu0p50__psi0p75,hardzero_plus_depr,0.03,31,781,0.0,2,0.3238607,0.32386988,1.013951,0.09683871,0.09683871,1.0,9.188327e-06,9.488278e-05,-27.60094,2.2307367,0.7435789,0.216,0.0,0.14705136,7.675081,7.685081,2502400
hardzero_plus_depr__c0p52__z1p05__lam0p010__nu0p50__psi0p75,hardzero_plus_depr,0.03,31,782,0.0,2,0.32386988,0.32387915,1.0071467,0.09836787,0.09836787,1.0,9.263676e-06,9.4173796e-05,-27.341568,2.2157671,0.73858905,0.128,0.0,0.14075217,7.685081,7.695081,2505600
hardzero_plus_depr__c0p52__z1p05__lam0p010__nu0p50__psi0p75,hardzero_plus_depr,0.03,31,783,0.0,2,0.32387915,0.32388824,1.0114131,0.09740626,0.09740626,1.0,9.104575e-06,9.3470124e-05,-28.09568,2.2251532,0.74171776,0.17600001,0.0,0.1638794,7.695081,7.7050815,2508800
hardzero_plus_depr__c0p52__z1p05__lam0p010__nu0p50__psi0p75,hardzero_plus_depr,0.03,31,784,0.0,2,0.32388824,0.32389835,0.96233016,0.1090611,0.1090611,1.0,1.0117783e-05,9.27717e-05,-26.349562,2.1171687,0.7057229,0.17600001,0.0,0.13095596,7.7050815,7.7150817,2512000
hardzero_plus_depr__c0p52__z1p05__lam0p010__nu0p50__psi0p75,hardzero_plus_depr,0.03,31,785,0.0,2,0.32389835,0.3239077,0.9926356,0.101710156,0.101710156,1.0,9.365319e-06,9.20785e-05,-26.63437,2.183842,0.72794735,0.216,0.0,0.14780894,7.7150817,7.725082,2515200
hardzero_plus_depr__c0p52__z1p05__lam0p010__nu0p50__psi0p75,hardzero_plus_depr,0.03,31,786,0.0,2,0.3239077,0.3239077,1.0571069,0.0,0.087678514,0.0,0.0,9.139048e-05,-27.623823,2.3256814,0.7752272,0.16000001,0.0,0.14127874,7.725082,7.735082,2518400
hardzero_plus_depr__c0p52__z1p05__lam0p010__nu0p50__psi0p75,hardzero_plus_depr,0.03,31,787,0.0,2,0.3239077,0.3239167,1.0027422,0.099370584,0.099370584,1.0,9.013666e-06,9.0707596e-05,-26.285786,2.2060769,0.73535895,0.18400002,0.0,0.13190308,7.735082,7.7450824,2521600
hardzero_plus_depr__c0p52__z1p05__lam0p010__nu0p50__psi0p75,hardzero_plus_depr,0.03,31,788,0.0,2,0.3239167,0.32392544,1.0132205,0.09700171,0.09700171,1.0,8.733047e-06,9.0029826e-05,-26.748375,2.2291298,0.7430433,0.17600001,0.0,0.13189654,7.7450824,7.7550826,2524800
hardzero_plus_depr__c0p52__z1p05__lam0p010__nu0p50__psi0p75,hardzero_plus_depr,0.03,31,789,0.0,2,0.32392544,0.32393408,1.0152047,0.09655956,0.09655956,1.0,8.628283e-06,8.9357105e-05,-26.515879,2.2334948,0.74449825,0.14400001,0.0,0.14659676,7.7550826,7.765083,2528000
hardzero_plus_depr__c0p52__z1p05__lam0p010__nu0p50__psi0p75,hardzero_plus_depr,0.03,31,790,0.0,2,0.32393408,0.3239434,0.9785606,0.10506047,0.10506047,1.0,9.317753e-06,8.868943e-05,-26.571693,2.1528764,0.7176255,0.18400002,0.0,0.14336425,7.765083,7.775083,2531200
hardzero_plus_depr__c0p52__z1p05__lam0p010__nu0p50__psi0p75,hardzero_plus_depr,0.03,31,791,0.0,2,0.3239434,0.32395238,0.99119115,0.10204902,0.10204902,1.0,8.983041e-06,8.8026725e-05,-26.61879,2.180664,0.72688806,0.14400001,0.0,0.13896708,7.775083,7.7850833,2534400
hardzero_plus_depr__c0p52__z1p05__lam0p010__nu0p50__psi0p75,hardzero_plus_depr,0.03,31,792,0.0,2,0.32395238,0.32396138,0.98698616,0.10304189,0.10304189,1.0,9.002664e-06,8.736898e-05,-27.188305,2.171413,0.72380435,0.208,0.0,0.15080403,7.7850833,7.7950835,2537600
hardzero_plus_depr__c0p52__z1p05__lam0p010__nu0p50__psi0p75,hardzero_plus_depr,0.03,31,793,0.0,2,0.32396138,0.32397035,0.98457557,0.103615426,0.103615426,1.0,8.985131e-06,8.671615e-05,-27.80585,2.1661096,0.72203654,0.13,0.0,0.14738967,7.7950835,7.8050838,2540800
hardzero_plus_depr__c0p52__z1p05__lam0p010__nu0p50__psi0p75,hardzero_plus_depr,0.03,31,794,0.0,2,0.32397035,0.3239786,1.0174251,0.09606715,0.09606715,1.0,8.268326e-06,8.60682e-05,-27.053236,2.2383797,0.7461266,0.18400002,0.0,0.13783556,7.8050838,7.815084,2544000
hardzero_plus_depr__c0p52__z1p05__lam0p010__nu0p50__psi0p75,hardzero_plus_depr,0.03,31,795,0.0,2,0.3239786,0.3239882,0.9499773,0.112207726,0.112207726,1.0,9.585354e-06,8.542508e-05,-25.797287,2.0899918,0.696664,0.216,0.0,0.12182568,7.815084,7.825084,2547200
hardzero_plus_depr__c0p52__z1p05__lam0p010__nu0p50__psi0p75,hardzero_plus_depr,0.03,31,796,0.0,2,0.3239882,0.32399693,0.9876418,0.102886446,0.102886446,1.0,8.72341e-06,8.478678e-05,-27.107927,2.1728554,0.7242851,0.16800001,0.0,0.13433021,7.825084,7.8350844,2550400
hardzero_plus_depr__c0p52__z1p05__lam0p010__nu0p50__psi0p75,hardzero_plus_depr,0.03,31,797,0.0,2,0.32399693,0.3240045,1.0464212,0.08986256,0.08986256,1.0,7.5622265e-06,8.4153246e-05,-27.471466,2.3021727,0.7673909,0.120000005,0.0,0.1379861,7.8350844,7.8450847,2553600
hardzero_plus_depr__c0p52__z1p05__lam0p010__nu0p50__psi0p75,hardzero_plus_depr,0.03,31,798,0.0,2,0.3240045,0.32401246,1.0215987,0.09514835,0.09514835,1.0,7.947213e-06,8.352444e-05,-27.207722,2.247562,0.74918735,0.15200001,0.0,0.14778087,7.8450847,7.855085,2556800
hardzero_plus_depr__c0p52__z1p05__lam0p010__nu0p50__psi0p75,hardzero_plus_depr,0.03,31,799,0.0,2,0.32401246,0.3240206,1.0079561,0.09818471,0.09818471,1.0,8.139546e-06,8.290033e-05,-26.942837,2.217548,0.73918265,0.128,0.0,0.12467071,7.855085,7.865085,2560000
hardzero_plus_depr__c0p52__z1p05__lam0p010__nu0p50__psi0p75,hardzero_plus_depr,0.03,31,800,0.0,2,0.3240206,0.32402834,1.0268989,0.093994215,0.093994215,1.0,7.733927e-06,8.228089e-05,-26.907618,2.2592225,0.75307417,0.128,0.0,0.12873952,7.865085,7.8750854,2563200
hardzero_plus_depr__c0p52__z1p05__lam0p010__nu0p50__psi0p75,hardzero_plus_depr,0.03,31,801,0.0,2,0.32402834,0.32403678,0.9854574,0.10340524,0.10340524,1.0,8.4447e-06,8.1666076e-05,-26.892488,2.1680496,0.7226832,0.16800001,0.0,0.15457125,7.8750854,7.8850856,2566400
hardzero_plus_depr__c0p52__z1p05__lam0p010__nu0p50__psi0p75,hardzero_plus_depr,0.03,31,802,0.0,2,0.32403678,0.32404494,0.99696964,0.100700185,0.100700185,1.0,8.162339e-06,8.1055856e-05,-26.726004,2.193377,0.7311257,0.192,0.0,0.1502219,7.8850856,7.895086,2569600
hardzero_plus_depr__c0p52__z1p05__lam0p010__nu0p50__psi0p75,hardzero_plus_depr,0.03,31,803,0.0,2,0.32404494,0.32405344,0.9765004,0.10556005,0.10556005,1.0,8.492328e-06,8.0450205e-05,-26.00502,2.1483438,0.71611464,0.136,0.0,0.12478121,7.895086,7.905086,2572800
hardzero_plus_depr__c0p52__z1p05__lam0p010__nu0p50__psi0p75,hardzero_plus_depr,0.03,31,804,0.0,2,0.32405344,0.32406136,1.0029604,0.09932065,0.09932065,1.0,7.930661e-06,7.9849066e-05,-26.77428,2.206557,0.73551905,0.120000005,0.0,0.12063449,7.905086,7.9150863,2576000
hardzero_plus_depr__c0p52__z1p05__lam0p010__nu0p50__psi0p75,hardzero_plus_depr,0.03,31,805,0.0,2,0.32406136,0.32406938,0.995373,0.10107109,0.10107109,1.0,8.010129e-06,7.925243e-05,-26.585163,2.1898644,0.72995484,0.120000005,0.0,0.14353913,7.9150863,7.9250865,2579200
hardzero_plus_depr__c0p52__z1p05__lam0p010__nu0p50__psi0p75,hardzero_plus_depr,0.03,31,806,0.0,2,0.32406938,0.3240783,0.9455751,0.11335085,0.11335085,1.0,8.916206e-06,7.866025e-05,-26.14315,2.0803068,0.6934356,0.19999999,0.0,0.13390972,7.9250865,7.9350867,2582400
hardzero_plus_depr__c0p52__z1p05__lam0p010__nu0p50__psi0p75,hardzero_plus_depr,0.03,31,807,0.0,2,0.3240783,0.3240855,1.0344038,0.09238388,0.09238388,1.0,7.212639e-06,7.807249e-05,-27.087332,2.2757337,0.75857794,0.16000001,0.0,0.17707881,7.9350867,7.945087,2585600
hardzero_plus_depr__c0p52__z1p05__lam0p010__nu0p50__psi0p75,hardzero_plus_depr,0.03,31,808,0.0,2,0.3240855,0.3240855,1.0549743,0.0,0.08811009,0.0,0.0,7.748912e-05,-27.75026,2.3209898,0.7736633,0.08800001,0.0,0.17136686,7.945087,7.955087,2588800
hardzero_plus_depr__c0p52__z1p05__lam0p010__nu0p50__psi0p75,hardzero_plus_depr,0.03,31,809,0.0,2,0.3240855,0.32409325,0.99689823,0.100716755,0.100716755,1.0,7.746137e-06,7.691012e-05,-26.747013,2.19322,0.7310733,0.2,0.0,0.1642613,7.955087,7.9650874,2592000
hardzero_plus_depr__c0p52__z1p05__lam0p010__nu0p50__psi0p75,hardzero_plus_depr,0.03,31,810,0.0,2,0.32409325,0.32409325,1.0507843,0.0,0.088964276,0.0,0.0,7.633543e-05,-28.126848,2.3117716,0.77059054,0.104,0.0,0.14528558,7.9650874,7.9750876,2595200
hardzero_plus_depr__c0p52__z1p05__lam0p010__nu0p50__psi0p75,hardzero_plus_depr,0.03,31,811,0.0,2,0.32409325,0.32410008,1.046015,0.08994665,0.08994665,1.0,6.8148124e-06,7.576505e-05,-26.42908,2.301279,0.76709306,0.136,0.0,0.11958512,7.9750876,7.985088,2598400
hardzero_plus_depr__c0p52__z1p05__lam0p010__nu0p50__psi0p75,hardzero_plus_depr,0.03,31,812,0.0,2,0.32410008,0.32410756,1.0023638,0.09945719,0.09945719,1.0,7.479073e-06,7.5198914e-05,-27.405155,2.2052443,0.73508143,0.15200001,0.0,0.17147392,7.985088,7.995088,2601600
hardzero_plus_depr__c0p52__z1p05__lam0p010__nu0p50__psi0p75,hardzero_plus_depr,0.03,31,813,0.0,2,0.32410756,0.32411435,1.0411458,0.09096077,0.09096077,1.0,6.7890414e-06,7.463703e-05,-28.498127,2.2905664,0.76352215,0.136,0.0,0.14424619,7.995088,8.005088,2604800
hardzero_plus_depr__c0p52__z1p05__lam0p010__nu0p50__psi0p75,hardzero_plus_depr,0.03,31,814,0.0,2,0.32411435,0.3241213,1.028325,0.093686074,0.093686074,1.0,6.9402045e-06,7.407936e-05,-27.482674,2.26236,0.75412005,0.192,0.0,0.1321239,8.005088,8.015088,2608000
hardzero_plus_depr__c0p52__z1p05__lam0p010__nu0p50__psi0p75,hardzero_plus_depr,0.03,31,815,0.0,2,0.3241213,0.3241285,1.0079473,0.0981867,0.0981867,1.0,7.219255e-06,7.352579e-05,-26.792023,2.2175283,0.73917615,0.16000001,0.0,0.14666167,8.015088,8.025088,2611200
hardzero_plus_depr__c0p52__z1p05__lam0p010__nu0p50__psi0p75,hardzero_plus_depr,0.03,31,816,0.0,2,0.3241285,0.324136,0.9892631,0.10250307,0.10250307,1.0,7.480309e-06,7.2976436e-05,-26.37626,2.1764224,0.7254741,0.18400002,0.0,0.1398855,8.025088,8.035089,2614400
hardzero_plus_depr__c0p52__z1p05__lam0p010__nu0p50__psi0p75,hardzero_plus_depr,0.03,31,817,0.0,2,0.324136,0.32414356,0.98101664,0.10446801,0.10446801,1.0,7.566735e-06,7.243112e-05,-26.106718,2.1582797,0.7194266,0.16000001,0.0,0.16378297,8.035089,8.045089,2617600
hardzero_plus_depr__c0p52__z1p05__lam0p010__nu0p50__psi0p75,hardzero_plus_depr,0.03,31,818,0.0,2,0.32414356,0.32415053,1.0134884,0.0969419,0.0969419,1.0,6.969147e-06,7.188993e-05,-26.945587,2.229719,0.74323964,0.17600001,0.0,0.1491034,8.045089,8.055089,2620800
hardzero_plus_depr__c0p52__z1p05__lam0p010__nu0p50__psi0p75,hardzero_plus_depr,0.03,31,819,0.0,2,0.32415053,0.3241583,0.96250564,0.10901704,0.10901704,1.0,7.7786635e-06,7.135273e-05,-25.570587,2.1175547,0.70585155,0.17999999,0.0,0.110881284,8.055089,8.065089,2624000
hardzero_plus_depr__c0p52__z1p05__lam0p010__nu0p50__psi0p75,hardzero_plus_depr,0.03,31,820,0.0,2,0.3241583,0.32416534,1.0028498,0.099345945,0.099345945,1.0,7.035641e-06,7.081961e-05,-26.211372,2.2063136,0.73543787,0.16000001,0.0,0.14058831,8.065089,8.075089,2627200
hardzero_plus_depr__c0p52__z1p05__lam0p010__nu0p50__psi0p75,hardzero_plus_depr,0.03,31,821,0.0,2,0.32416534,0.3241722,1.0115868,0.097367324,0.097367324,1.0,6.843989e-06,7.029041e-05,-27.53018,2.2255354,0.74184513,0.2,0.0,0.14260845,8.075089,8.08509,2630400
hardzero_plus_depr__c0p52__z1p05__lam0p010__nu0p50__psi0p75,hardzero_plus_depr,0.03,31,822,0.0,2,0.3241722,0.32417902,1.0097207,0.09778658,0.09778658,1.0,6.8221025e-06,6.976522e-05,-26.66422,2.2214298,0.7404766,0.16000001,0.0,0.13082616,8.08509,8.09509,2633600
hardzero_plus_depr__c0p52__z1p05__lam0p010__nu0p50__psi0p75,hardzero_plus_depr,0.03,31,823,0.0,2,0.32417902,0.32417902,1.0866601,0.0,0.08191055,0.0,0.0,6.924389e-05,-28.121262,2.3907,0.79690003,0.16000001,0.0,0.16740565,8.09509,8.10509,2636800
hardzero_plus_depr__c0p52__z1p05__lam0p010__nu0p50__psi0p75,hardzero_plus_depr,0.03,31,824,0.0,2,0.32417902,0.32418662,0.95604026,0.11065212,0.11065212,1.0,7.604736e-06,6.872653e-05,-26.25876,2.1033306,0.70111024,0.136,0.0,0.13062635,8.10509,8.11509,2640000
hardzero_plus_depr__c0p52__z1p05__lam0p010__nu0p50__psi0p75,hardzero_plus_depr,0.03,31,825,0.0,2,0.32418662,0.32419342,1.0024965,0.09942682,0.09942682,1.0,6.782198e-06,6.821296e-05,-27.25512,2.2055364,0.7351788,0.14400001,0.0,0.13188782,8.11509,8.125091,2643200
hardzero_plus_depr__c0p52__z1p05__lam0p010__nu0p50__psi0p75,hardzero_plus_depr,0.03,31,826,0.0,2,0.32419342,0.32420006,1.0083011,0.09810674,0.09810674,1.0,6.6421503e-06,6.77033e-05,-27.587337,2.2183068,0.7394356,0.08800001,0.0,0.14990543,8.125091,8.135091,2646400
hardzero_plus_depr__c0p52__z1p05__lam0p010__nu0p50__psi0p75,hardzero_plus_depr,0.03,31,827,0.0,2,0.32420006,0.32420662,1.0114651,0.0973946,0.0973946,1.0,6.5446625e-06,6.719738e-05,-27.356243,2.2252676,0.7417559,0.16800001,0.0,0.12651674,8.135091,8.145091,2649600
hardzero_plus_depr__c0p52__z1p05__lam0p010__nu0p50__psi0p75,hardzero_plus_depr,0.03,31,828,0.0,2,0.32420662,0.32421276,1.0362929,0.091982886,0.091982886,1.0,6.134827e-06,6.6695306e-05,-28.123112,2.2798898,0.7599633,0.128,0.0,0.14351423,8.145091,8.155091,2652800
hardzero_plus_depr__c0p52__z1p05__lam0p010__nu0p50__psi0p75,hardzero_plus_depr,0.03,31,829,0.0,2,0.32421276,0.3242193,1.0058155,0.09866985,0.09866985,1.0,6.53164e-06,6.619692e-05,-27.168652,2.2128384,0.73761284,0.112,0.0,0.12605876,8.155091,8.1650915,2656000
hardzero_plus_depr__c0p52__z1p05__lam0p010__nu0p50__psi0p75,hardzero_plus_depr,0.03,31,830,0.0,2,0.3242193,0.32422602,0.98979133,0.10237848,0.10237848,1.0,6.7265037e-06,6.570232e-05,-27.03404,2.1775844,0.7258615,0.17600001,0.0,0.14714651,8.1650915,8.175092,2659200
hardzero_plus_depr__c0p52__z1p05__lam0p010__nu0p50__psi0p75,hardzero_plus_depr,0.03,31,831,0.0,2,0.32422602,0.3242332,0.95833695,0.11006849,0.11006849,1.0,7.1777154e-06,6.521135e-05,-26.29136,2.1083834,0.7027945,0.192,0.0,0.124314375,8.175092,8.185092,2662400
hardzero_plus_depr__c0p52__z1p05__lam0p010__nu0p50__psi0p75,hardzero_plus_depr,0.03,31,832,0.0,2,0.3242332,0.3242396,1.0048481,0.09888988,0.09888988,1.0,6.4005603e-06,6.472412e-05,-27.1302,2.21071,0.73690337,0.17999999,0.0,0.14558299,8.185092,8.195092,2665600
hardzero_plus_depr__c0p52__z1p05__lam0p010__nu0p50__psi0p75,hardzero_plus_depr,0.03,31,833,0.0,2,0.3242396,0.32424638,0.9777285,0.10526198,0.10526198,1.0,6.7620786e-06,6.424046e-05,-26.652632,2.1510456,0.7170152,0.17600001,0.0,0.13520315,8.195092,8.205092,2668800
hardzero_plus_depr__c0p52__z1p05__lam0p010__nu0p50__psi0p75,hardzero_plus_depr,0.03,31,834,0.0,2,0.32424638,0.32425216,1.0428171,0.0906114,0.0906114,1.0,5.7774264e-06,6.376048e-05,-27.24985,2.2942433,0.7647478,0.17600001,0.0,0.13367149,8.205092,8.215093,2672000
hardzero_plus_depr__c0p52__z1p05__lam0p010__nu0p50__psi0p75,hardzero_plus_depr,0.03,31,835,0.0,2,0.32425216,0.32425845,1.0023777,0.09945399,0.09945399,1.0,6.293849e-06,6.3284024e-05,-26.959108,2.205275,0.7350917,0.18400002,0.0,0.12576386,8.215093,8.225093,2675200
hardzero_plus_depr__c0p52__z1p05__lam0p010__nu0p50__psi0p75,hardzero_plus_depr,0.03,31,836,0.0,2,0.32425845,0.32426444,1.0205735,0.09537322,0.09537322,1.0,5.9905055e-06,6.281119e-05,-26.863026,2.2453065,0.7484355,0.15200001,0.0,0.14962311,8.225093,8.235093,2678400
hardzero_plus_depr__c0p52__z1p05__lam0p010__nu0p50__psi0p75,hardzero_plus_depr,0.03,31,837,0.0,2,0.32426444,0.32426444,1.0634439,0.0,0.08640842,0.0,0.0,6.234183e-05,-27.220907,2.3396232,0.77987444,0.15200001,0.0,0.17299816,8.235093,8.245093,2681600
hardzero_plus_depr__c0p52__z1p05__lam0p010__nu0p50__psi0p75,hardzero_plus_depr,0.03,31,838,0.0,2,0.32426444,0.32427037,1.0183859,0.095854856,0.095854856,1.0,5.9311174e-06,6.1876024e-05,-26.453255,2.2404938,0.7468313,0.112,0.0,0.12924834,8.245093,8.255094,2684800
hardzero_plus_depr__c0p52__z1p05__lam0p010__nu0p50__psi0p75,hardzero_plus_depr,0.03,31,839,0.0,2,0.32427037,0.3242763,1.0157589,0.09643643,0.09643643,1.0,5.9225144e-06,6.141366e-05,-26.998516,2.234714,0.7449047,0.192,0.0,0.16326658,8.255094,8.265094,2688000
hardzero_plus_depr__c0p52__z1p05__lam0p010__nu0p50__psi0p75,hardzero_plus_depr,0.03,31,840,0.0,2,0.3242763,0.32428223,1.0127293,0.09711151,0.09711151,1.0,5.919412e-06,6.0954797e-05,-25.93468,2.228049,0.74268305,0.16000001,0.0,0.12966426,8.265094,8.275094,2691200
hardzero_plus_depr__c0p52__z1p05__lam0p010__nu0p50__psi0p75,hardzero_plus_depr,0.03,31,841,0.0,2,0.32428223,0.32428777,1.0385133,0.09151381,0.09151381,1.0,5.536522e-06,6.0499304e-05,-26.499804,2.2847748,0.7615916,0.18400002,0.0,0.1533646,8.275094,8.285094,2694400
hardzero_plus_depr__c0p52__z1p05__lam0p010__nu0p50__psi0p75,hardzero_plus_depr,0.03,31,842,0.0,2,0.32428777,0.32429343,1.0265002,0.09408054,0.09408054,1.0,5.64928e-06,6.0047274e-05,-27.398235,2.2583456,0.75278187,0.128,0.0,0.13845652,8.285094,8.2950945,2697600
hardzero_plus_depr__c0p52__z1p05__lam0p010__nu0p50__psi0p75,hardzero_plus_depr,0.03,31,843,0.0,2,0.32429343,0.324299,1.0282438,0.09370359,0.09370359,1.0,5.5846003e-06,5.9598573e-05,-27.72496,2.2621815,0.7540605,0.17600001,0.0,0.15411791,8.2950945,8.305095,2700800
hardzero_plus_depr__c0p52__z1p05__lam0p010__nu0p50__psi0p75,hardzero_plus_depr,0.03,31,844,0.0,2,0.324299,0.32430464,1.0222301,0.09501012,0.09501012,1.0,5.620159e-06,5.915327e-05,-27.097021,2.2489512,0.7496504,0.16800001,0.0,0.14292221,8.305095,8.315095,2704000
hardzero_plus_depr__c0p52__z1p05__lam0p010__nu0p50__psi0p75,hardzero_plus_depr,0.03,31,845,0.0,2,0.32430464,0.32431072,0.98473847,0.10357657,0.10357657,1.0,6.081109e-06,5.871124e-05,-27.517092,2.166468,0.722156,0.19,0.0,0.17005321,8.315095,8.325095,2707200
hardzero_plus_depr__c0p52__z1p05__lam0p010__nu0p50__psi0p75,hardzero_plus_depr,0.03,31,846,0.0,2,0.32431072,0.32431072,1.0826602,0.0,0.082668446,0.0,0.0,5.8272573e-05,-28.157522,2.3819,0.7939667,0.120000005,0.0,0.18765295,8.325095,8.335095,2710400
hardzero_plus_depr__c0p52__z1p05__lam0p010__nu0p50__psi0p75,hardzero_plus_depr,0.03,31,847,0.0,2,0.32431072,0.32431614,1.0284683,0.09365516,0.09365516,1.0,5.416745e-06,5.7837122e-05,-27.160255,2.2626753,0.75422513,0.104,0.0,0.13959111,8.335095,8.345096,2713600
hardzero_plus_depr__c0p52__z1p05__lam0p010__nu0p50__psi0p75,hardzero_plus_depr,0.03,31,848,0.0,2,0.32431614,0.3243214,1.0390573,0.09139927,0.09139927,1.0,5.246774e-06,5.740499e-05,-27.37634,2.2859716,0.76199055,0.120000005,0.0,0.14514786,8.345096,8.355096,2716800
hardzero_plus_depr__c0p52__z1p05__lam0p010__nu0p50__psi0p75,hardzero_plus_depr,0.03,31,849,0.0,2,0.3243214,0.32432702,1.0044755,0.09897477,0.09897477,1.0,5.6391887e-06,5.697602e-05,-26.703512,2.2098901,0.7366301,0.24000001,0.0,0.13207418,8.355096,8.365096,2720000
hardzero_plus_depr__c0p52__z1p05__lam0p010__nu0p50__psi0p75,hardzero_plus_depr,0.03,31,850,0.0,2,0.32432702,0.3243328,0.991031,0.10208665,0.10208665,1.0,5.7730326e-06,5.6550318e-05,-26.811447,2.1803117,0.7267706,0.16800001,0.0,0.13818936,8.365096,8.375096,2723200
hardzero_plus_depr__c0p52__z1p05__lam0p010__nu0p50__psi0p75,hardzero_plus_depr,0.03,31,851,0.0,2,0.3243328,0.32433897,0.9591211,0.10986994,0.10986994,1.0,6.1667515e-06,5.612774e-05,-26.121008,2.1101086,0.70336956,0.23200001,0.0,0.13727055,8.375096,8.385097,2726400
hardzero_plus_depr__c0p52__z1p05__lam0p010__nu0p50__psi0p75,hardzero_plus_depr,0.03,31,852,0.0,2,0.32433897,0.32434478,0.98118883,0.10442659,0.10442659,1.0,5.8174355e-06,5.5708373e-05,-26.42097,2.1586585,0.7195529,0.17600001,0.0,0.13085477,8.385097,8.395097,2729600
hardzero_plus_depr__c0p52__z1p05__lam0p010__nu0p50__psi0p75,hardzero_plus_depr,0.03,31,853,0.0,2,0.32434478,0.32434997,1.0290778,0.0935238,0.0935238,1.0,5.1711263e-06,5.529209e-05,-27.35448,2.2640164,0.75467217,0.120000005,0.0,0.14043616,8.395097,8.405097,2732800
hardzero_plus_depr__c0p52__z1p05__lam0p010__nu0p50__psi0p75,hardzero_plus_depr,0.03,31,854,0.0,2,0.32434997,0.32434997,1.0732393,0.0,0.08448131,0.0,0.0,5.487896e-05,-28.215178,2.3611736,0.7870579,0.096,0.0,0.15188172,8.405097,8.415097,2736000
hardzero_plus_depr__c0p52__z1p05__lam0p010__nu0p50__psi0p75,hardzero_plus_depr,0.03,31,855,0.0,2,0.32434997,0.32434997,1.0790602,0.0,0.08335656,0.0,0.0,5.4468877e-05,-28.266153,2.3739798,0.79132664,0.128,0.0,0.154921,8.415097,8.425097,2739200
hardzero_plus_depr__c0p52__z1p05__lam0p010__nu0p50__psi0p75,hardzero_plus_depr,0.03,31,856,0.0,2,0.32434997,0.32435536,1.0006528,0.09984981,0.09984981,1.0,5.398071e-06,5.4061904e-05,-27.821133,2.2014802,0.73382676,0.16000001,0.0,0.1545477,8.425097,8.435098,2742400
hardzero_plus_depr__c0p52__z1p05__lam0p010__nu0p50__psi0p75,hardzero_plus_depr,0.03,31,857,0.0,2,0.32435536,0.32436055,1.0150703,0.09658945,0.09658945,1.0,5.182789e-06,5.365792e-05,-27.0364,2.2331994,0.7443998,0.128,0.0,0.13798824,8.435098,8.445098,2745600
hardzero_plus_depr__c0p52__z1p05__lam0p010__nu0p50__psi0p75,hardzero_plus_depr,0.03,31,858,0.0,2,0.32436055,0.32436055,1.0551672,0.0,0.08807097,0.0,0.0,5.3257012e-05,-27.382347,2.3214142,0.7738048,0.11,0.0,0.16689332,8.445098,8.455098,2748800
hardzero_plus_depr__c0p52__z1p05__lam0p010__nu0p50__psi0p75,hardzero_plus_depr,0.03,31,859,0.0,2,0.32436055,0.32436535,1.0425977,0.09065721,0.09065721,1.0,4.7920535e-06,5.2859043e-05,-27.422815,2.2937605,0.76458687,0.14400001,0.0,0.15571256,8.455098,8.465098,2752000
hardzero_plus_depr__c0p52__z1p05__lam0p010__nu0p50__psi0p75,hardzero_plus_depr,0.03,31,860,0.0,2,0.32436535,0.32437018,1.0353868,0.092175,0.092175,1.0,4.835878e-06,5.2464096e-05,-27.423824,2.2778964,0.7592988,0.136,0.0,0.15636908,8.465098,8.475099,2755200
hardzero_plus_depr__c0p52__z1p05__lam0p010__nu0p50__psi0p75,hardzero_plus_depr,0.03,31,861,0.0,2,0.32437018,0.324375,1.0323007,0.09283233,0.09283233,1.0,4.8339703e-06,5.2072057e-05,-27.141266,2.271107,0.7570357,0.136,0.0,0.16113548,8.475099,8.485099,2758400
hardzero_plus_depr__c0p52__z1p05__lam0p010__nu0p50__psi0p75,hardzero_plus_depr,0.03,31,862,0.0,2,0.324375,0.32438013,1.0037353,0.09914359,0.09914359,1.0,5.124037e-06,5.1682993e-05,-26.984684,2.2082617,0.73608726,0.16000001,0.0,0.14513984,8.485099,8.495099,2761600
hardzero_plus_depr__c0p52__z1p05__lam0p010__nu0p50__psi0p75,hardzero_plus_depr,0.03,31,863,0.0,2,0.32438013,0.3243853,0.99794954,0.100473255,0.100473255,1.0,5.1539555e-06,5.129679e-05,-26.641697,2.1955328,0.7318443,0.23200001,0.008,0.15095119,8.495099,8.505099,2764800
hardzero_plus_depr__c0p52__z1p05__lam0p010__nu0p50__psi0p75,hardzero_plus_depr,0.03,31,864,0.0,2,0.3243853,0.32439014,1.0213553,0.09520169,0.09520169,1.0,4.847053e-06,5.0913517e-05,-27.637857,2.2470264,0.74900883,0.16000001,0.0,0.15191528,8.505099,8.5151,2768000
hardzero_plus_depr__c0p52__z1p05__lam0p010__nu0p50__psi0p75,hardzero_plus_depr,0.03,31,865,0.0,2,0.32439014,0.32439578,0.95390475,0.11119755,0.11119755,1.0,5.619153e-06,5.053306e-05,-25.71966,2.0986323,0.69954413,0.14400001,0.0,0.13604142,8.5151,8.5251,2771200
hardzero_plus_depr__c0p52__z1p05__lam0p010__nu0p50__psi0p75,hardzero_plus_depr,0.03,31,866,0.0,2,0.32439578,0.3244011,0.9735415,0.10628168,0.10628168,1.0,5.3306103e-06,5.0155493e-05,-25.338303,2.141834,0.7139447,0.112,0.0,0.13409925,8.5251,8.5351,2774400
hardzero_plus_depr__c0p52__z1p05__lam0p010__nu0p50__psi0p75,hardzero_plus_depr,0.03,31,867,0.0,2,0.3244011,0.32440588,1.0186158,0.09580411,0.09580411,1.0,4.7691956e-06,4.97807e-05,-27.358187,2.2409997,0.7469999,0.136,0.0,0.16255008,8.5351,8.5451,2777600
hardzero_plus_depr__c0p52__z1p05__lam0p010__nu0p50__psi0p75,hardzero_plus_depr,0.03,31,868,0.0,2,0.32440588,0.32441035,1.0436594,0.090435825,0.090435825,1.0,4.468322e-06,4.940876e-05,-27.418531,2.2960966,0.76536554,0.14400001,0.0,0.13249494,8.5451,8.5551,2780800
hardzero_plus_depr__c0p52__z1p05__lam0p010__nu0p50__psi0p75,hardzero_plus_depr,0.03,31,869,0.0,2,0.32441035,0.32441548,0.980369,0.10462392,0.10462392,1.0,5.13071e-06,4.903955e-05,-26.234295,2.1568549,0.71895164,0.18400002,0.0,0.11214704,8.5551,8.565101,2784000
hardzero_plus_depr__c0p52__z1p05__lam0p010__nu0p50__psi0p75,hardzero_plus_depr,0.03,31,870,0.0,2,0.32441548,0.3244203,1.0033579,0.09922978,0.09922978,1.0,4.8298252e-06,4.867314e-05,-26.501406,2.2074313,0.73581046,0.16000001,0.0,0.13394807,8.565101,8.575101,2787200
hardzero_plus_depr__c0p52__z1p05__lam0p010__nu0p50__psi0p75,hardzero_plus_depr,0.03,31,871,0.0,2,0.3244203,0.3244254,0.9773341,0.10535762,0.10535762,1.0,5.089766e-06,4.8309426e-05,-26.890503,2.150178,0.716726,0.17,0.0,0.11906767,8.575101,8.585101,2790400
hardzero_plus_depr__c0p52__z1p05__lam0p010__nu0p50__psi0p75,hardzero_plus_depr,0.03,31,872,0.0,2,0.3244254,0.32443,1.0201155,0.09547387,0.09547387,1.0,4.5778265e-06,4.7948477e-05,-26.898277,2.244299,0.7480997,0.16800001,0.0,0.17546973,8.585101,8.595101,2793600
hardzero_plus_depr__c0p52__z1p05__lam0p010__nu0p50__psi0p75,hardzero_plus_depr,0.03,31,873,0.0,2,0.32443,0.32443446,1.0269235,0.093988866,0.093988866,1.0,4.472947e-06,4.759018e-05,-27.710623,2.2592769,0.7530923,0.16000001,0.0,0.16706116,8.595101,8.605102,2796800
hardzero_plus_depr__c0p52__z1p05__lam0p010__nu0p50__psi0p75,hardzero_plus_depr,0.03,31,874,0.0,2,0.32443446,0.32443446,1.0808823,0.0,0.083007574,0.0,0.0,4.72346e-05,-27.68974,2.3779886,0.79266286,0.128,0.0,0.12647933,8.605102,8.615102,2800000
hardzero_plus_depr__c0p52__z1p05__lam0p010__nu0p50__psi0p75,hardzero_plus_depr,0.03,31,875,0.0,2,0.32443446,0.32443923,0.99319774,0.10157859,0.10157859,1.0,4.762171e-06,4.688164e-05,-26.257622,2.1850786,0.7283596,0.16000001,0.0,0.14978227,8.615102,8.625102,2803200
hardzero_plus_depr__c0p52__z1p05__lam0p010__nu0p50__psi0p75,hardzero_plus_depr,0.03,31,876,0.0,2,0.32443923,0.32443923,1.0743265,0.0,0.084270105,0.0,0.0,4.6531357e-05,-28.083437,2.3635654,0.78785515,0.136,0.0,0.15548338,8.625102,8.635102,2806400
hardzero_plus_depr__c0p52__z1p05__lam0p010__nu0p50__psi0p75,hardzero_plus_depr,0.03,31,877,0.0,2,0.32443923,0.3244436,1.0218397,0.09509555,0.09509555,1.0,4.391859e-06,4.6183643e-05,-26.108532,2.2480924,0.74936414,0.208,0.0,0.14587194,8.635102,8.6451025,2809600
hardzero_plus_depr__c0p52__z1p05__lam0p010__nu0p50__psi0p75,hardzero_plus_depr,0.03,31,878,0.0,2,0.3244436,0.32444805,1.0142332,0.09677579,0.09677579,1.0,4.4360645e-06,4.5838577e-05,-26.929407,2.2313576,0.74378586,0.17600001,0.0,0.14421995,8.6451025,8.655103,2812800
hardzero_plus_depr__c0p52__z1p05__lam0p010__nu0p50__psi0p75,hardzero_plus_depr,0.03,31,879,0.0,2,0.32444805,0.32445234,1.0241052,0.09460079,0.09460079,1.0,4.3039618e-06,4.5496043e-05,-26.45911,2.2530763,0.75102544,0.2,0.0,0.13383026,8.655103,8.665103,2816000
hardzero_plus_depr__c0p52__z1p05__lam0p010__nu0p50__psi0p75,hardzero_plus_depr,0.03,31,880,0.0,2,0.32445234,0.32445234,1.0621743,0.0,0.08666138,0.0,0.0,4.5156114e-05,-28.279451,2.3368301,0.7789434,0.136,0.0,0.14073852,8.665103,8.675103,2819200
hardzero_plus_depr__c0p52__z1p05__lam0p010__nu0p50__psi0p75,hardzero_plus_depr,0.03,31,881,0.0,2,0.32445234,0.32445234,1.095234,0.0,0.08030932,0.0,0.0,4.481868e-05,-28.848333,2.409563,0.8031877,0.104,0.0,0.17702858,8.675103,8.685103,2822400
hardzero_plus_depr__c0p52__z1p05__lam0p010__nu0p50__psi0p75,hardzero_plus_depr,0.03,31,882,0.0,2,0.32445234,0.32445633,1.047638,0.08961113,0.08961113,1.0,3.9862443e-06,4.448381e-05,-27.19344,2.3048496,0.76828325,0.104,0.0,0.13889013,8.685103,8.695104,2825600
hardzero_plus_depr__c0p52__z1p05__lam0p010__nu0p50__psi0p75,hardzero_plus_depr,0.03,31,883,0.0,2,0.32445633,0.3244607,1.0050275,0.098849036,0.098849036,1.0,4.3643236e-06,4.4151402e-05,-26.73342,2.2111046,0.7370349,0.15200001,0.0,0.13507013,8.695104,8.705104,2828800
hardzero_plus_depr__c0p52__z1p05__lam0p010__nu0p50__psi0p75,hardzero_plus_depr,0.03,31,884,0.0,2,0.3244607,0.32446495,1.0123633,0.09719337,0.09719337,1.0,4.259161e-06,4.3821517e-05,-27.79809,2.2272437,0.7424146,0.22,0.0,0.1397452,8.705104,8.715104,2832000
hardzero_plus_depr__c0p52__z1p05__lam0p010__nu0p50__psi0p75,hardzero_plus_depr,0.03,31,885,0.0,2,0.32446495,0.32446495,1.0610445,0.0,0.086887136,0.0,0.0,4.349406e-05,-29.08261,2.3343444,0.7781148,0.192,0.0,0.13951012,8.715104,8.725104,2835200
hardzero_plus_depr__c0p52__z1p05__lam0p010__nu0p50__psi0p75,hardzero_plus_depr,0.03,31,886,0.0,2,0.32446495,0.32446894,1.0353892,0.09217449,0.09217449,1.0,3.979089e-06,4.316909e-05,-27.042452,2.2779016,0.7593006,0.104,0.0,0.13898222,8.725104,8.735105,2838400
hardzero_plus_depr__c0p52__z1p05__lam0p010__nu0p50__psi0p75,hardzero_plus_depr,0.03,31,887,0.0,2,0.32446894,0.324473,1.0257225,0.09424917,0.09424917,1.0,4.038247e-06,4.28465e-05,-27.39957,2.2566345,0.7522115,0.15200001,0.0,0.13361017,8.735105,8.745105,2841600
hardzero_plus_depr__c0p52__z1p05__lam0p010__nu0p50__psi0p75,hardzero_plus_depr,0.03,31,888,0.0,2,0.324473,0.3244772,1.0046492,0.09893521,0.09893521,1.0,4.2073557e-06,4.252637e-05,-27.919235,2.2102723,0.73675746,0.16800001,0.0,0.17360374,8.745105,8.755105,2844800
hardzero_plus_depr__c0p52__z1p05__lam0p010__nu0p50__psi0p75,hardzero_plus_depr,0.03,31,889,0.0,2,0.3244772,0.3244825,0.90140384,0.12548624,0.12548624,1.0,5.2965966e-06,4.2208583e-05,-25.467945,1.9831281,0.6610427,0.24800001,0.008,0.13676532,8.755105,8.765105,2848000
hardzero_plus_depr__c0p52__z1p05__lam0p010__nu0p50__psi0p75,hardzero_plus_depr,0.03,31,890,0.0,2,0.3244825,0.32448688,0.98144436,0.10436519,0.10436519,1.0,4.372194e-06,4.1893218e-05,-26.949305,2.1592207,0.7197403,0.128,0.0,0.1466542,8.765105,8.775105,2851200
hardzero_plus_depr__c0p52__z1p05__lam0p010__nu0p50__psi0p75,hardzero_plus_depr,0.03,31,891,0.0,2,0.32448688,0.32449085,1.0218489,0.09509356,0.09509356,1.0,3.954006e-06,4.1580166e-05,-27.091885,2.2481124,0.7493708,0.16000001,0.0,0.15684843,8.775105,8.785106,2854400
hardzero_plus_depr__c0p52__z1p05__lam0p010__nu0p50__psi0p75,hardzero_plus_depr,0.03,31,892,0.0,2,0.32449085,0.32449508,0.98896295,0.10257394,0.10257394,1.0,4.2331744e-06,4.1269494e-05,-27.012314,2.175762,0.725254,0.18400002,0.0,0.13222902,8.785106,8.795106,2857600
hardzero_plus_depr__c0p52__z1p05__lam0p010__nu0p50__psi0p75,hardzero_plus_depr,0.03,31,893,0.0,2,0.32449508,0.32449892,1.0285915,0.0936286,0.0936286,1.0,3.835131e-06,4.0961106e-05,-27.639677,2.2629466,0.75431556,0.17600001,0.0,0.13183568,8.795106,8.805106,2860800
hardzero_plus_depr__c0p52__z1p05__lam0p010__nu0p50__psi0p75,hardzero_plus_depr,0.03,31,894,0.0,2,0.32449892,0.32450297,1.0025558,0.099413216,0.099413216,1.0,4.04165e-06,4.0655057e-05,-26.737919,2.205667,0.73522234,0.128,0.0,0.13493694,8.805106,8.815106,2864000
hardzero_plus_depr__c0p52__z1p05__lam0p010__nu0p50__psi0p75,hardzero_plus_depr,0.03,31,895,0.0,2,0.32450297,0.32450697,1.0029056,0.09933318,0.09933318,1.0,4.008219e-06,4.035126e-05,-27.377956,2.2064364,0.7354788,0.128,0.0,0.13875191,8.815106,8.825107,2867200
hardzero_plus_depr__c0p52__z1p05__lam0p010__nu0p50__psi0p75,hardzero_plus_depr,0.03,31,896,0.0,2,0.32450697,0.32451135,0.9618664,0.109177634,0.109177634,1.0,4.372539e-06,4.004977e-05,-26.313137,2.1161482,0.70538276,0.16800001,0.0,0.123358846,8.825107,8.835107,2870400
hardzero_plus_depr__c0p52__z1p05__lam0p010__nu0p50__psi0p75,hardzero_plus_depr,0.03,31,897,0.0,2,0.32451135,0.3245153,1.0003448,0.09992063,0.09992063,1.0,3.971895e-06,3.9750495e-05,-27.796041,2.2008023,0.7336008,0.14,0.0,0.14718114,8.835107,8.845107,2873600
hardzero_plus_depr__c0p52__z1p05__lam0p010__nu0p50__psi0p75,hardzero_plus_depr,0.03,31,898,0.0,2,0.3245153,0.32451913,1.0141562,0.096792966,0.096792966,1.0,3.8188205e-06,3.945349e-05,-27.041962,2.2311883,0.7437295,0.23200001,0.0,0.14401457,8.845107,8.855107,2876800
hardzero_plus_depr__c0p52__z1p05__lam0p010__nu0p50__psi0p75,hardzero_plus_depr,0.03,31,899,0.0,2,0.32451913,0.32451913,1.057229,0.0,0.087653846,0.0,0.0,3.9158673e-05,-29.08627,2.3259504,0.77531683,0.136,0.0,0.15611671,8.855107,8.865108,2880000
hardzero_plus_depr__c0p52__z1p05__lam0p010__nu0p50__psi0p75,hardzero_plus_depr,0.03,31,900,0.0,2,0.32451913,0.32452273,1.033792,0.0925141,0.0925141,1.0,3.5956614e-06,3.8866092e-05,-26.572365,2.2743878,0.7581293,0.18400002,0.0,0.150784,8.865108,8.875108,2883200
hardzero_plus_depr__c0p52__z1p05__lam0p010__nu0p50__psi0p75,hardzero_plus_depr,0.03,31,901,0.0,2,0.32452273,0.32452685,0.97182184,0.106703356,0.106703356,1.0,4.116153e-06,3.8575665e-05,-26.431934,2.1380508,0.7126836,0.18400002,0.008,0.15222609,8.875108,8.885108,2886400
hardzero_plus_depr__c0p52__z1p05__lam0p010__nu0p50__psi0p75,hardzero_plus_depr,0.03,31,902,0.0,2,0.32452685,0.32453045,1.0254287,0.09431296,0.09431296,1.0,3.6110016e-06,3.828744e-05,-26.836061,2.2559881,0.75199604,0.15200001,0.0,0.1426895,8.885108,8.895108,2889600
hardzero_plus_depr__c0p52__z1p05__lam0p010__nu0p50__psi0p75,hardzero_plus_depr,0.03,31,903,0.0,2,0.32453045,0.3245339,1.0403488,0.09112787,0.09112787,1.0,3.4629807e-06,3.8001333e-05,-27.16894,2.288813,0.7629377,0.14400001,0.0,0.13291109,8.895108,8.905108,2892800
hardzero_plus_depr__c0p52__z1p05__lam0p010__nu0p50__psi0p75,hardzero_plus_depr,0.03,31,904,0.0,2,0.3245339,0.32453784,0.9822578,0.10416989,0.10416989,1.0,3.9290176e-06,3.77174e-05,-26.628292,2.1610103,0.7203368,0.18400002,0.0,0.13693057,8.905108,8.915109,2896000
hardzero_plus_depr__c0p52__z1p05__lam0p010__nu0p50__psi0p75,hardzero_plus_depr,0.03,31,905,0.0,2,0.32453784,0.32454157,1.0023111,0.09946926,0.09946926,1.0,3.7236866e-06,3.743555e-05,-27.036587,2.2051284,0.7350428,0.128,0.0,0.13525663,8.915109,8.925109,2899200
hardzero_plus_depr__c0p52__z1p05__lam0p010__nu0p50__psi0p75,hardzero_plus_depr,0.03,31,906,0.0,2,0.32454157,0.32454517,1.0146732,0.0966778,0.0966778,1.0,3.5921462e-06,3.7155853e-05,-26.422735,2.2323258,0.7441086,0.208,0.0,0.14461768,8.925109,8.935109,2902400
hardzero_plus_depr__c0p52__z1p05__lam0p010__nu0p50__psi0p75,hardzero_plus_depr,0.03,31,907,0.0,2,0.32454517,0.32454884,1.0031928,0.099267535,0.099267535,1.0,3.6608078e-06,3.68782e-05,-26.7873,2.2070682,0.7356894,0.15200001,0.0,0.12932353,8.935109,8.945109,2905600
hardzero_plus_depr__c0p52__z1p05__lam0p010__nu0p50__psi0p75,hardzero_plus_depr,0.03,31,908,0.0,2,0.32454884,0.32455215,1.0421914,0.090742044,0.090742044,1.0,3.3214e-06,3.6602658e-05,-27.849455,2.2928667,0.7642889,0.16000001,0.0,0.15854537,8.945109,8.95511,2908800
hardzero_plus_depr__c0p52__z1p05__lam0p010__nu0p50__psi0p75,hardzero_plus_depr,0.03,31,909,0.0,2,0.32455215,0.32455575,1.0047195,0.098919176,0.098919176,1.0,3.5936487e-06,3.632914e-05,-26.152092,2.210427,0.736809,0.14400001,0.0,0.13608766,8.95511,8.96511,2912000
hardzero_plus_depr__c0p52__z1p05__lam0p010__nu0p50__psi0p75,hardzero_plus_depr,0.03,31,910,0.0,2,0.32455575,0.3245594,0.995795,0.100972936,0.100972936,1.0,3.6408521e-06,3.6057703e-05,-26.351357,2.1907928,0.7302643,0.14999999,0.0,0.13132818,8.96511,8.97511,2915200
hardzero_plus_depr__c0p52__z1p05__lam0p010__nu0p50__psi0p75,hardzero_plus_depr,0.03,31,911,0.0,2,0.3245594,0.32456303,0.9917022,0.101929,0.101929,1.0,3.6478616e-06,3.578826e-05,-26.87847,2.1817884,0.72726285,0.17600001,0.0,0.1504095,8.97511,8.98511,2918400
hardzero_plus_depr__c0p52__z1p05__lam0p010__nu0p50__psi0p75,hardzero_plus_depr,0.03,31,912,0.0,2,0.32456303,0.3245665,1.0075743,0.09827106,0.09827106,1.0,3.4906725e-06,3.552086e-05,-26.762121,2.2167077,0.73890257,0.17600001,0.0,0.116979726,8.98511,8.9951105,2921600
hardzero_plus_depr__c0p52__z1p05__lam0p010__nu0p50__psi0p75,hardzero_plus_depr,0.03,31,913,0.0,2,0.3245665,0.32457003,0.9998604,0.10003214,0.10003214,1.0,3.5266762e-06,3.525543e-05,-26.883524,2.1997368,0.7332456,0.18400002,0.0,0.13204896,8.9951105,9.005111,2924800
hardzero_plus_depr__c0p52__z1p05__lam0p010__nu0p50__psi0p75,hardzero_plus_depr,0.03,31,914,0.0,2,0.32457003,0.32457003,1.0656598,0.0,0.08596867,0.0,0.0,3.4992016e-05,-28.198032,2.3444984,0.7814995,0.14400001,0.0,0.15634659,9.005111,9.015111,2928000
hardzero_plus_depr__c0p52__z1p05__lam0p010__nu0p50__psi0p75,hardzero_plus_depr,0.03,31,915,0.0,2,0.32457003,0.32457358,0.99262965,0.10171157,0.10171157,1.0,3.5324965e-06,3.473053e-05,-26.039528,2.1838288,0.72794294,0.14400001,0.0,0.11785037,9.015111,9.025111,2931200
hardzero_plus_depr__c0p52__z1p05__lam0p010__nu0p50__psi0p75,hardzero_plus_depr,0.03,31,916,0.0,2,0.32457358,0.32457706,0.99679255,0.100741275,0.100741275,1.0,3.4726563e-06,3.447104e-05,-26.78894,2.1929874,0.73099583,0.17600001,0.0,0.15354489,9.025111,9.035111,2934400
hardzero_plus_depr__c0p52__z1p05__lam0p010__nu0p50__psi0p75,hardzero_plus_depr,0.03,31,917,0.0,2,0.32457706,0.32458082,0.96036357,0.10955605,0.10955605,1.0,3.7482903e-06,3.4213448e-05,-26.243158,2.112842,0.70428073,0.23200001,0.0,0.12988803,9.035111,9.045112,2937600
hardzero_plus_depr__c0p52__z1p05__lam0p010__nu0p50__psi0p75,hardzero_plus_depr,0.03,31,918,0.0,2,0.32458082,0.32458472,0.9396166,0.11491676,0.11491676,1.0,3.9023225e-06,3.3957822e-05,-25.81268,2.0671978,0.68906593,0.208,0.0,0.11159667,9.045112,9.055112,2940800
hardzero_plus_depr__c0p52__z1p05__lam0p010__nu0p50__psi0p75,hardzero_plus_depr,0.03,31,919,0.0,2,0.32458472,0.32458776,1.0445967,0.09024088,0.09024088,1.0,3.041485e-06,3.370407e-05,-27.031391,2.2981586,0.7660529,0.18400002,0.0,0.14241476,9.055112,9.065112,2944000
hardzero_plus_depr__c0p52__z1p05__lam0p010__nu0p50__psi0p75,hardzero_plus_depr,0.03,31,920,0.0,2,0.32458776,0.32459116,0.9921744,0.10181825,0.10181825,1.0,3.4060486e-06,3.345224e-05,-27.070929,2.1828272,0.7276091,0.208,0.0,0.14666624,9.065112,9.075112,2947200
hardzero_plus_depr__c0p52__z1p05__lam0p010__nu0p50__psi0p75,hardzero_plus_depr,0.03,31,921,0.0,2,0.32459116,0.32459423,1.0341141,0.09244553,0.09244553,1.0,3.069401e-06,3.3202265e-05,-27.24391,2.2750964,0.7583655,0.16000001,0.0,0.15392758,9.075112,9.085113,2950400
hardzero_plus_depr__c0p52__z1p05__lam0p010__nu0p50__psi0p75,hardzero_plus_depr,0.03,31,922,0.0,2,0.32459423,0.32459736,1.0212071,0.09523418,0.09523418,1.0,3.1383652e-06,3.295419e-05,-26.810543,2.2467005,0.7489002,0.15200001,0.0,0.13538942,9.085113,9.095113,2953600
hardzero_plus_depr__c0p52__z1p05__lam0p010__nu0p50__psi0p75,hardzero_plus_depr,0.03,31,923,0.0,2,0.32459736,0.32460067,0.99376994,0.101444855,0.101444855,1.0,3.3180518e-06,3.2707936e-05,-26.32891,2.1863375,0.7287792,0.14,0.0,0.12939733,9.095113,9.105113,2956800
hardzero_plus_depr__c0p52__z1p05__lam0p010__nu0p50__psi0p75,hardzero_plus_depr,0.03,31,924,0.0,2,0.32460067,0.32460374,1.0250919,0.09438611,0.09438611,1.0,3.064109e-06,3.246356e-05,-26.84792,2.255247,0.75174904,0.16000001,0.0,0.15943716,9.105113,9.115113,2960000
hardzero_plus_depr__c0p52__z1p05__lam0p010__nu0p50__psi0p75,hardzero_plus_depr,0.03,31,925,0.0,2,0.32460374,0.32460693,1.004021,0.099078394,0.099078394,1.0,3.1924017e-06,3.2220967e-05,-26.951715,2.2088904,0.73629683,0.136,0.0,0.12402329,9.115113,9.1251135,2963200
hardzero_plus_depr__c0p52__z1p05__lam0p010__nu0p50__psi0p75,hardzero_plus_depr,0.03,31,926,0.0,2,0.32460693,0.32461008,1.0072135,0.098352745,0.098352745,1.0,3.1453428e-06,3.1980224e-05,-26.546822,2.215914,0.73863804,0.15200001,0.0,0.12427547,9.1251135,9.135114,2966400
hardzero_plus_depr__c0p52__z1p05__lam0p010__nu0p50__psi0p75,hardzero_plus_depr,0.03,31,927,0.0,2,0.32461008,0.32461324,1.0023811,0.099453226,0.099453226,1.0,3.1567695e-06,3.174125e-05,-26.073977,2.2052824,0.7350942,0.17600001,0.0,0.13068533,9.135114,9.145114,2969600
hardzero_plus_depr__c0p52__z1p05__lam0p010__nu0p50__psi0p75,hardzero_plus_depr,0.03,31,928,0.0,2,0.32461324,0.32461607,1.0443051,0.09030149,0.09030149,1.0,2.8448665e-06,3.1504092e-05,-27.205103,2.297517,0.76583904,0.120000005,0.0,0.15052834,9.145114,9.155114,2972800
hardzero_plus_depr__c0p52__z1p05__lam0p010__nu0p50__psi0p75,hardzero_plus_depr,0.03,31,929,0.0,2,0.32461607,0.3246191,1.0112133,0.09745109,0.09745109,1.0,3.0471665e-06,3.1268675e-05,-27.295359,2.2247136,0.7415712,0.192,0.008,0.1548862,9.155114,9.165114,2976000
hardzero_plus_depr__c0p52__z1p05__lam0p010__nu0p50__psi0p75,hardzero_plus_depr,0.03,31,930,0.0,2,0.3246191,0.3246223,0.9883758,0.10271272,0.10271272,1.0,3.1876941e-06,3.1035048e-05,-27.67817,2.1744702,0.7248234,0.16000001,0.0,0.1520046,9.165114,9.175115,2979200
hardzero_plus_depr__c0p52__z1p05__lam0p010__nu0p50__psi0p75,hardzero_plus_depr,0.03,31,931,0.0,2,0.3246223,0.32462525,1.0208502,0.095312476,0.095312476,1.0,2.935923e-06,3.0803134e-05,-26.415956,2.2459152,0.7486384,0.112,0.0,0.15516742,9.175115,9.185115,2982400
hardzero_plus_depr__c0p52__z1p05__lam0p010__nu0p50__psi0p75,hardzero_plus_depr,0.03,31,932,0.0,2,0.32462525,0.32462803,1.044774,0.09020404,0.09020404,1.0,2.7578067e-06,3.0572985e-05,-27.166742,2.298549,0.766183,0.18400002,0.0,0.1527513,9.185115,9.195115,2985600
hardzero_plus_depr__c0p52__z1p05__lam0p010__nu0p50__psi0p75,hardzero_plus_depr,0.03,31,933,0.0,2,0.32462803,0.32463115,0.9854108,0.10341635,0.10341635,1.0,3.1381198e-06,3.0344521e-05,-26.249245,2.167947,0.72264904,0.16000001,0.0,0.12977257,9.195115,9.205115,2988800
hardzero_plus_depr__c0p52__z1p05__lam0p010__nu0p50__psi0p75,hardzero_plus_depr,0.03,31,934,0.0,2,0.32463115,0.3246339,1.0389789,0.09141576,0.09141576,1.0,2.7532417e-06,3.01178e-05,-28.09098,2.2857993,0.7619331,0.16000001,0.0,0.16283892,9.205115,9.215116,2992000
hardzero_plus_depr__c0p52__z1p05__lam0p010__nu0p50__psi0p75,hardzero_plus_depr,0.03,31,935,0.0,2,0.3246339,0.32463726,0.94858694,0.11256751,0.11256751,1.0,3.3649517e-06,2.9892744e-05,-25.74004,2.086933,0.6956443,0.2,0.0,0.12714666,9.215116,9.225116,2995200
hardzero_plus_depr__c0p52__z1p05__lam0p010__nu0p50__psi0p75,hardzero_plus_depr,0.03,31,936,0.0,2,0.32463726,0.32463726,1.0898622,0.0,0.08130884,0.0,0.0,2.9669394e-05,-27.203993,2.3977447,0.7992482,0.11,0.0,0.14373708,9.225116,9.235116,2998400
hardzero_plus_depr__c0p52__z1p05__lam0p010__nu0p50__psi0p75,hardzero_plus_depr,0.03,31,937,0.0,2,0.32463726,0.32464013,1.0136632,0.096902914,0.096902914,1.0,2.853567e-06,2.9447689e-05,-27.607195,2.2301035,0.74336785,0.120000005,0.0,0.16266501,9.235116,9.245116,3001600
hardzero_plus_depr__c0p52__z1p05__lam0p010__nu0p50__psi0p75,hardzero_plus_depr,0.03,31,938,0.0,2,0.32464013,0.3246432,0.9787418,0.105016656,0.105016656,1.0,3.0693918e-06,2.9227667e-05,-26.19499,2.153275,0.71775836,0.2,0.0,0.11633155,9.245116,9.255116,3004800
hardzero_plus_depr__c0p52__z1p05__lam0p010__nu0p50__psi0p75,hardzero_plus_depr,0.03,31,939,0.0,2,0.3246432,0.32464617,0.9868946,0.103063606,0.103063606,1.0,2.9897988e-06,2.9009258e-05,-26.934591,2.1712115,0.7237372,0.16800001,0.0,0.14240946,9.255116,9.265117,3008000
hardzero_plus_depr__c0p52__z1p05__lam0p010__nu0p50__psi0p75,hardzero_plus_depr,0.03,31,940,0.0,2,0.32464617,0.32464874,1.0496396,0.08919909,0.08919909,1.0,2.5682657e-06,2.879251e-05,-27.953571,2.3092532,0.7697511,0.16800001,0.0,0.15306635,9.265117,9.275117,3011200
hardzero_plus_depr__c0p52__z1p05__lam0p010__nu0p50__psi0p75,hardzero_plus_depr,0.03,31,941,0.0,2,0.32464874,0.3246515,1.0127702,0.097102374,0.097102374,1.0,2.7749293e-06,2.8577359e-05,-26.8503,2.228139,0.742713,0.192,0.0,0.12704442,9.275117,9.285117,3014400
hardzero_plus_depr__c0p52__z1p05__lam0p010__nu0p50__psi0p75,hardzero_plus_depr,0.03,31,942,0.0,2,0.3246515,0.3246542,1.022046,0.095050424,0.095050424,1.0,2.695995e-06,2.8363838e-05,-26.967424,2.2485461,0.7495154,0.112,0.0,0.1311846,9.285117,9.295117,3017600
hardzero_plus_depr__c0p52__z1p05__lam0p010__nu0p50__psi0p75,hardzero_plus_depr,0.03,31,943,0.0,2,0.3246542,0.32465675,1.0410892,0.09097263,0.09097263,1.0,2.5610514e-06,2.8151888e-05,-27.489784,2.290442,0.76348066,0.2,0.0,0.17285886,9.295117,9.305118,3020800
hardzero_plus_depr__c0p52__z1p05__lam0p010__nu0p50__psi0p75,hardzero_plus_depr,0.03,31,944,0.0,2,0.32465675,0.32465944,1.0177544,0.09599432,0.09599432,1.0,2.68223e-06,2.7941547e-05,-26.940985,2.2391045,0.74636817,0.112,0.0,0.13317879,9.305118,9.315118,3024000
hardzero_plus_depr__c0p52__z1p05__lam0p010__nu0p50__psi0p75,hardzero_plus_depr,0.03,31,945,0.0,2,0.32465944,0.32466248,0.95939475,0.10980073,0.10980073,1.0,3.0450765e-06,2.773275e-05,-26.433031,2.1107106,0.70357025,0.216,0.0,0.12646642,9.315118,9.325118,3027200
hardzero_plus_depr__c0p52__z1p05__lam0p010__nu0p50__psi0p75,hardzero_plus_depr,0.03,31,946,0.0,2,0.32466248,0.32466546,0.96496,0.10840267,0.10840267,1.0,2.9838423e-06,2.7525542e-05,-25.765089,2.1229544,0.7076515,0.2,0.0,0.12318688,9.325118,9.335118,3030400
hardzero_plus_depr__c0p52__z1p05__lam0p010__nu0p50__psi0p75,hardzero_plus_depr,0.03,31,947,0.0,2,0.32466546,0.3246681,1.0150993,0.096583,0.096583,1.0,2.6386333e-06,2.7319853e-05,-27.105118,2.233263,0.744421,0.16000001,0.0,0.13757896,9.335118,9.3451185,3033600
hardzero_plus_depr__c0p52__z1p05__lam0p010__nu0p50__psi0p75,hardzero_plus_depr,0.03,31,948,0.0,2,0.3246681,0.3246709,0.985223,0.103461064,0.103461064,1.0,2.8054224e-06,2.711573e-05,-25.517199,2.1675339,0.7225113,0.104,0.0,0.128234,9.3451185,9.355119,3036800
hardzero_plus_depr__c0p52__z1p05__lam0p010__nu0p50__psi0p75,hardzero_plus_depr,0.03,31,949,0.0,2,0.3246709,0.324674,0.94026095,0.114746384,0.114746384,1.0,3.0881815e-06,2.6913105e-05,-26.503557,2.0686154,0.6895385,0.19,0.0,0.14715998,9.355119,9.365119,3040000
hardzero_plus_depr__c0p52__z1p05__lam0p010__nu0p50__psi0p75,hardzero_plus_depr,0.03,31,950,0.0,2,0.324674,0.32467678,0.98426425,0.10368973,0.10368973,1.0,2.769762e-06,2.671202e-05,-25.94887,2.1654246,0.7218082,0.192,0.0,0.12721744,9.365119,9.375119,3043200
hardzero_plus_depr__c0p52__z1p05__lam0p010__nu0p50__psi0p75,hardzero_plus_depr,0.03,31,951,0.0,2,0.32467678,0.32467973,0.95548576,0.110793486,0.110793486,1.0,2.9374023e-06,2.651241e-05,-26.786993,2.1021106,0.70070356,0.192,0.0,0.12915587,9.375119,9.385119,3046400
hardzero_plus_depr__c0p52__z1p05__lam0p010__nu0p50__psi0p75,hardzero_plus_depr,0.03,31,952,0.0,2,0.32467973,0.32468277,0.9360478,0.115864985,0.115864985,1.0,3.0489084e-06,2.6314321e-05,-25.522654,2.0593462,0.68644875,0.15200001,0.0,0.13902324,9.385119,9.39512,3049600
hardzero_plus_depr__c0p52__z1p05__lam0p010__nu0p50__psi0p75,hardzero_plus_depr,0.03,31,953,0.0,2,0.32468277,0.32468548,0.98391336,0.10377355,0.10377355,1.0,2.7103251e-06,2.6117687e-05,-26.816729,2.1646526,0.7215509,0.16800001,0.0,0.14368129,9.39512,9.40512,3052800
hardzero_plus_depr__c0p52__z1p05__lam0p010__nu0p50__psi0p75,hardzero_plus_depr,0.03,31,954,0.0,2,0.32468548,0.32468817,0.98750937,0.10291782,0.10291782,1.0,2.6678915e-06,2.5922542e-05,-26.228334,2.172564,0.724188,0.17600001,0.0,0.12280899,9.40512,9.41512,3056000
hardzero_plus_depr__c0p52__z1p05__lam0p010__nu0p50__psi0p75,hardzero_plus_depr,0.03,31,955,0.0,2,0.32468817,0.3246907,1.0076725,0.098248854,0.098248854,1.0,2.5278287e-06,2.5728836e-05,-26.747175,2.216924,0.7389747,0.15200001,0.0,0.12853013,9.41512,9.42512,3059200
hardzero_plus_depr__c0p52__z1p05__lam0p010__nu0p50__psi0p75,hardzero_plus_depr,0.03,31,956,0.0,2,0.3246907,0.32469344,0.9701689,0.107110254,0.107110254,1.0,2.7352316e-06,2.55366e-05,-26.6519,2.1344142,0.71147144,0.15200001,0.0,0.13299237,9.42512,9.435121,3062400
hardzero_plus_depr__c0p52__z1p05__lam0p010__nu0p50__psi0p75,hardzero_plus_depr,0.03,31,957,0.0,2,0.32469344,0.32469591,1.0130826,0.09703252,0.09703252,1.0,2.4593642e-06,2.5345773e-05,-26.458391,2.2288263,0.7429421,0.16800001,0.008,0.1303311,9.435121,9.445121,3065600
hardzero_plus_depr__c0p52__z1p05__lam0p010__nu0p50__psi0p75,hardzero_plus_depr,0.03,31,958,0.0,2,0.32469591,0.32469591,1.0553011,0.0,0.08804384,0.0,0.0,2.51564e-05,-28.46356,2.3217087,0.7739029,0.15200001,0.0,0.16567671,9.445121,9.455121,3068800
hardzero_plus_depr__c0p52__z1p05__lam0p010__nu0p50__psi0p75,hardzero_plus_depr,0.03,31,959,0.0,2,0.32469591,0.32469836,1.0113952,0.097410284,0.097410284,1.0,2.4321803e-06,2.4968414e-05,-27.1929,2.2251139,0.74170464,0.2,0.0,0.12821215,9.455121,9.465121,3072000
hardzero_plus_depr__c0p52__z1p05__lam0p010__nu0p50__psi0p75,hardzero_plus_depr,0.03,31,960,0.0,2,0.32469836,0.32470065,1.0317903,0.09294151,0.09294151,1.0,2.3032633e-06,2.4781859e-05,-27.18011,2.269984,0.75666136,0.15200001,0.008,0.138795,9.465121,9.4751215,3075200
hardzero_plus_depr__c0p52__z1p05__lam0p010__nu0p50__psi0p75,hardzero_plus_depr,0.03,31,961,0.0,2,0.32470065,0.3247031,1.0014892,0.09965769,0.09965769,1.0,2.4512478e-06,2.4596675e-05,-27.081144,2.2033203,0.7344401,0.24800001,0.0,0.13026896,9.4751215,9.485122,3078400
hardzero_plus_depr__c0p52__z1p05__lam0p010__nu0p50__psi0p75,hardzero_plus_depr,0.03,31,962,0.0,2,0.3247031,0.32470536,1.0309136,0.09312932,0.09312932,1.0,2.2735564e-06,2.4412897e-05,-27.230488,2.2680552,0.7560184,0.14999999,0.0,0.16166344,9.485122,9.495122,3081600
hardzero_plus_depr__c0p52__z1p05__lam0p010__nu0p50__psi0p75,hardzero_plus_depr,0.03,31,963,0.0,2,0.32470536,0.32470763,1.0303632,0.09324741,0.09324741,1.0,2.2594288e-06,2.4230472e-05,-27.491732,2.2668443,0.75561476,0.192,0.0,0.17699964,9.495122,9.505122,3084800
hardzero_plus_depr__c0p52__z1p05__lam0p010__nu0p50__psi0p75,hardzero_plus_depr,0.03,31,964,0.0,2,0.32470763,0.32471007,0.99367636,0.10146672,0.10146672,1.0,2.4402168e-06,2.404943e-05,-26.086681,2.1861317,0.7287106,0.15200001,0.0,0.12048381,9.505122,9.515122,3088000
hardzero_plus_depr__c0p52__z1p05__lam0p010__nu0p50__psi0p75,hardzero_plus_depr,0.03,31,965,0.0,2,0.32471007,0.3247125,0.98871976,0.102631405,0.102631405,1.0,2.4497826e-06,2.3869718e-05,-27.273577,2.175227,0.72507566,0.2,0.0,0.1582507,9.515122,9.525123,3091200
hardzero_plus_depr__c0p52__z1p05__lam0p010__nu0p50__psi0p75,hardzero_plus_depr,0.03,31,966,0.0,2,0.3247125,0.32471478,1.0209442,0.095291846,0.095291846,1.0,2.2575946e-06,2.3691371e-05,-27.19886,2.2461221,0.7487074,0.16000001,0.0,0.15599795,9.525123,9.535123,3094400
hardzero_plus_depr__c0p52__z1p05__lam0p010__nu0p50__psi0p75,hardzero_plus_depr,0.03,31,967,0.0,2,0.32471478,0.32471693,1.0419621,0.09078995,0.09078995,1.0,2.1348653e-06,2.3514336e-05,-28.269297,2.2923625,0.7641208,0.136,0.0,0.15784286,9.535123,9.545123,3097600
hardzero_plus_depr__c0p52__z1p05__lam0p010__nu0p50__psi0p75,hardzero_plus_depr,0.03,31,968,0.0,2,0.32471693,0.32471693,1.0755534,0.0,0.08403237,0.0,0.0,2.3338645e-05,-28.788595,2.3662648,0.78875494,0.15200001,0.0,0.16179438,9.545123,9.555123,3100800
hardzero_plus_depr__c0p52__z1p05__lam0p010__nu0p50__psi0p75,hardzero_plus_depr,0.03,31,969,0.0,2,0.32471693,0.32471925,1.0009345,0.09978505,0.09978505,1.0,2.3114453e-06,2.3164244e-05,-26.582191,2.2020998,0.7340333,0.16800001,0.0,0.13673861,9.555123,9.565124,3104000
hardzero_plus_depr__c0p52__z1p05__lam0p010__nu0p50__psi0p75,hardzero_plus_depr,0.03,31,970,0.0,2,0.32471925,0.3247215,1.0133407,0.09697489,0.09697489,1.0,2.229566e-06,2.299117e-05,-26.830795,2.229394,0.74313134,0.14400001,0.0,0.12390687,9.565124,9.575124,3107200
hardzero_plus_depr__c0p52__z1p05__lam0p010__nu0p50__psi0p75,hardzero_plus_depr,0.03,31,971,0.0,2,0.3247215,0.32472375,1.0020841,0.09952126,0.09952126,1.0,2.2710121e-06,2.2819368e-05,-27.14144,2.2046292,0.7348764,0.23200001,0.0,0.1554151,9.575124,9.585124,3110400
hardzero_plus_depr__c0p52__z1p05__lam0p010__nu0p50__psi0p75,hardzero_plus_depr,0.03,31,972,0.0,2,0.32472375,0.32472578,1.0495468,0.08921813,0.08921813,1.0,2.0206896e-06,2.2648868e-05,-28.015606,2.3090491,0.76968306,0.136,0.0,0.15732318,9.585124,9.595124,3113600
hardzero_plus_depr__c0p52__z1p05__lam0p010__nu0p50__psi0p75,hardzero_plus_depr,0.03,31,973,0.0,2,0.32472578,0.32472792,1.0224932,0.094952576,0.094952576,1.0,2.1344981e-06,2.2479622e-05,-26.617409,2.24953,0.74984336,0.16800001,0.0,0.19256574,9.595124,9.605124,3116800
hardzero_plus_depr__c0p52__z1p05__lam0p010__nu0p50__psi0p75,hardzero_plus_depr,0.03,31,974,0.0,2,0.32472792,0.32472998,1.0356864,0.092111446,0.092111446,1.0,2.0551597e-06,2.2311664e-05,-27.920391,2.2785554,0.7595185,0.208,0.0,0.15681913,9.605124,9.615125,3120000
hardzero_plus_depr__c0p52__z1p05__lam0p010__nu0p50__psi0p75,hardzero_plus_depr,0.03,31,975,0.0,2,0.32472998,0.32473198,1.0452793,0.09009917,0.09009917,1.0,1.9952404e-06,2.2144937e-05,-27.33582,2.2996602,0.7665534,0.19999999,0.0,0.12981714,9.615125,9.625125,3123200
hardzero_plus_depr__c0p52__z1p05__lam0p010__nu0p50__psi0p75,hardzero_plus_depr,0.03,31,976,0.0,2,0.32473198,0.32473424,0.9885972,0.10266035,0.10266035,1.0,2.2564209e-06,2.1979478e-05,-25.719585,2.1749573,0.7249858,0.120000005,0.0,0.13761272,9.625125,9.635125,3126400
hardzero_plus_depr__c0p52__z1p05__lam0p010__nu0p50__psi0p75,hardzero_plus_depr,0.03,31,977,0.0,2,0.32473424,0.32473654,0.97599065,0.10568402,0.10568402,1.0,2.3055215e-06,2.1815233e-05,-25.66769,2.1472223,0.7157408,0.16000001,0.0,0.120074086,9.635125,9.645125,3129600
hardzero_plus_depr__c0p52__z1p05__lam0p010__nu0p50__psi0p75,hardzero_plus_depr,0.03,31,978,0.0,2,0.32473654,0.32473874,0.9903287,0.10225188,0.10225188,1.0,2.2139823e-06,2.165224e-05,-26.256252,2.1787667,0.7262556,0.16000001,0.0,0.1355182,9.645125,9.655126,3132800
hardzero_plus_depr__c0p52__z1p05__lam0p010__nu0p50__psi0p75,hardzero_plus_depr,0.03,31,979,0.0,2,0.32473874,0.32474077,1.0273622,0.09389399,0.09389399,1.0,2.0178231e-06,2.149044e-05,-27.877556,2.260242,0.75341403,0.17600001,0.0,0.14953116,9.655126,9.665126,3136000
hardzero_plus_depr__c0p52__z1p05__lam0p010__nu0p50__psi0p75,hardzero_plus_depr,0.03,31,980,0.0,2,0.32474077,0.32474276,1.0271802,0.09393335,0.09393335,1.0,2.0035861e-06,2.132987e-05,-27.173956,2.2598417,0.7532806,0.16000001,0.0,0.14455584,9.665126,9.675126,3139200
hardzero_plus_depr__c0p52__z1p05__lam0p010__nu0p50__psi0p75,hardzero_plus_depr,0.03,31,981,0.0,2,0.32474276,0.3247452,0.9403016,0.114735655,0.114735655,1.0,2.4290093e-06,2.1170483e-05,-25.466162,2.0687048,0.6895683,0.08800001,0.0,0.14175591,9.675126,9.685126,3142400
hardzero_plus_depr__c0p52__z1p05__lam0p010__nu0p50__psi0p75,hardzero_plus_depr,0.03,31,982,0.0,2,0.3247452,0.3247472,1.020177,0.09546035,0.09546035,1.0,2.005842e-06,2.1012305e-05,-27.673527,2.244434,0.74814475,0.192,0.0,0.17098954,9.685126,9.695127,3145600
hardzero_plus_depr__c0p52__z1p05__lam0p010__nu0p50__psi0p75,hardzero_plus_depr,0.03,31,983,0.0,2,0.3247472,0.32474947,0.9613701,0.10930246,0.10930246,1.0,2.2795343e-06,2.0855288e-05,-26.07196,2.1150565,0.7050189,0.128,0.0,0.13481925,9.695127,9.705127,3148800
hardzero_plus_depr__c0p52__z1p05__lam0p010__nu0p50__psi0p75,hardzero_plus_depr,0.03,31,984,0.0,2,0.32474947,0.32475144,1.0239378,0.09463727,0.09463727,1.0,1.9589409e-06,2.0699465e-05,-27.029503,2.2527082,0.7509028,0.128,0.008,0.12992187,9.705127,9.715127,3152000
hardzero_plus_depr__c0p52__z1p05__lam0p010__nu0p50__psi0p75,hardzero_plus_depr,0.03,31,985,0.0,2,0.32475144,0.32475346,1.0035379,0.09918868,0.09918868,1.0,2.03781e-06,2.0544785e-05,-26.246342,2.2078273,0.7359425,0.096,0.0,0.13260163,9.715127,9.725127,3155200
hardzero_plus_depr__c0p52__z1p05__lam0p010__nu0p50__psi0p75,hardzero_plus_depr,0.03,31,986,0.0,2,0.32475346,0.3247557,0.95762247,0.11024971,0.11024971,1.0,2.248133e-06,2.039128e-05,-25.780611,2.1068115,0.7022705,0.16800001,0.0,0.14127332,9.725127,9.735127,3158400
hardzero_plus_depr__c0p52__z1p05__lam0p010__nu0p50__psi0p75,hardzero_plus_depr,0.03,31,987,0.0,2,0.3247557,0.3247579,0.9644586,0.108527906,0.108527906,1.0,2.196486e-06,2.0238906e-05,-26.81736,2.1218512,0.70728374,0.18400002,0.0,0.1284316,9.735127,9.745128,3161600
hardzero_plus_depr__c0p52__z1p05__lam0p010__nu0p50__psi0p75,hardzero_plus_depr,0.03,31,988,0.0,2,0.3247579,0.32475993,0.9961873,0.10088176,0.10088176,1.0,2.0264813e-06,2.0087688e-05,-26.654205,2.1916559,0.73055196,0.089999996,0.0,0.10948663,9.745128,9.755128,3164800
hardzero_plus_depr__c0p52__z1p05__lam0p010__nu0p50__psi0p75,hardzero_plus_depr,0.03,31,989,0.0,2,0.32475993,0.32476205,0.9742638,0.1061051,0.1061051,1.0,2.1154792e-06,1.9937583e-05,-26.113134,2.143423,0.7144744,0.264,0.0,0.12567435,9.755128,9.765128,3168000
hardzero_plus_depr__c0p52__z1p05__lam0p010__nu0p50__psi0p75,hardzero_plus_depr,0.03,31,990,0.0,2,0.32476205,0.32476205,1.0604062,0.0,0.08701492,0.0,0.0,1.9788615e-05,-27.616877,2.3329403,0.7776468,0.16000001,0.0,0.1523819,9.765128,9.775128,3171200
hardzero_plus_depr__c0p52__z1p05__lam0p010__nu0p50__psi0p75,hardzero_plus_depr,0.03,31,991,0.0,2,0.32476205,0.32476407,0.9888293,0.102605514,0.102605514,1.0,2.0152486e-06,1.9640744e-05,-26.634586,2.175468,0.725156,0.16800001,0.0,0.14658862,9.775128,9.785129,3174400
hardzero_plus_depr__c0p52__z1p05__lam0p010__nu0p50__psi0p75,hardzero_plus_depr,0.03,31,992,0.0,2,0.32476407,0.32476592,1.025872,0.09421673,0.09421673,1.0,1.8366604e-06,1.9493995e-05,-27.565958,2.2569635,0.7523212,0.16800001,0.0,0.13582227,9.785129,9.795129,3177600
hardzero_plus_depr__c0p52__z1p05__lam0p010__nu0p50__psi0p75,hardzero_plus_depr,0.03,31,993,0.0,2,0.32476592,0.32476783,1.004148,0.09904944,0.09904944,1.0,1.9164409e-06,1.9348325e-05,-27.089907,2.2091696,0.7363899,0.192,0.0,0.14364392,9.795129,9.805129,3180800
hardzero_plus_depr__c0p52__z1p05__lam0p010__nu0p50__psi0p75,hardzero_plus_depr,0.03,31,994,0.0,2,0.32476783,0.32476974,1.0060012,0.09862767,0.09862767,1.0,1.8940221e-06,1.920376e-05,-26.455545,2.2132468,0.737749,0.216,0.0,0.13334545,9.805129,9.815129,3184000
hardzero_plus_depr__c0p52__z1p05__lam0p010__nu0p50__psi0p75,hardzero_plus_depr,0.03,31,995,0.0,2,0.32476974,0.3247716,1.0092129,0.09790101,0.09790101,1.0,1.8660184e-06,1.9060257e-05,-26.782324,2.2203126,0.7401042,0.17600001,0.0,0.1504397,9.815129,9.8251295,3187200
hardzero_plus_depr__c0p52__z1p05__lam0p010__nu0p50__psi0p75,hardzero_plus_depr,0.03,31,996,0.0,2,0.3247716,0.32477346,1.0086023,0.09803875,0.09803875,1.0,1.854682e-06,1.8917846e-05,-27.756645,2.2189693,0.73965645,0.2,0.0,0.15765132,9.8251295,9.83513,3190400
hardzero_plus_depr__c0p52__z1p05__lam0p010__nu0p50__psi0p75,hardzero_plus_depr,0.03,31,997,0.0,2,0.32477346,0.32477558,0.94970095,0.112279125,0.112279125,1.0,2.108207e-06,1.8776482e-05,-26.175985,2.0893838,0.6964613,0.224,0.0,0.13698299,9.83513,9.84513,3193600
hardzero_plus_depr__c0p52__z1p05__lam0p010__nu0p50__psi0p75,hardzero_plus_depr,0.03,31,998,0.0,2,0.32477558,0.32477745,0.9973979,0.100600936,0.100600936,1.0,1.8748182e-06,1.863619e-05,-27.0209,2.1943192,0.73143977,0.16800001,0.0,0.13904567,9.84513,9.85513,3196800
hardzero_plus_depr__c0p52__z1p05__lam0p010__nu0p50__psi0p75,hardzero_plus_depr,0.03,31,999,0.0,2,0.32477745,0.32477745,1.0543312,0.0,0.08824066,0.0,0.0,1.849693e-05,-26.828985,2.3195748,0.77319163,0.24000001,0.0,0.13240792,9.85513,9.86513,3200000
hardzero_plus_depr__c0p52__z1p05__lam0p010__nu0p50__psi0p75,hardzero_plus_depr,0.03,31,1000,0.0,2,0.32477745,0.32477912,1.0452559,0.090104,0.090104,1.0,1.6541948e-06,1.8358727e-05,-28.30233,2.299609,0.76653636,0.18400002,0.0,0.13704918,9.86513,9.875131,3203200
hardzero_plus_depr__c0p52__z1p05__lam0p010__nu0p50__psi0p75,hardzero_plus_depr,0.03,31,1001,0.0,2,0.32477912,0.3247809,1.0068475,0.09843568,0.09843568,1.0,1.7936495e-06,1.8221539e-05,-27.237543,2.2151086,0.7383696,0.19999999,0.0,0.16143994,9.875131,9.885131,3206400
hardzero_plus_depr__c0p52__z1p05__lam0p010__nu0p50__psi0p75,hardzero_plus_depr,0.03,31,1002,0.0,2,0.3247809,0.32478267,1.0123572,0.097194746,0.097194746,1.0,1.7578054e-06,1.8085395e-05,-27.20461,2.2272303,0.7424101,0.16800001,0.0,0.1569208,9.885131,9.895131,3209600
hardzero_plus_depr__c0p52__z1p05__lam0p010__nu0p50__psi0p75,hardzero_plus_depr,0.03,31,1003,0.0,2,0.32478267,0.32478452,0.9858107,0.10332117,0.10332117,1.0,1.8546408e-06,1.795025e-05,-26.66658,2.1688268,0.7229423,0.192,0.0,0.1274098,9.895131,9.905131,3212800
hardzero_plus_depr__c0p52__z1p05__lam0p010__nu0p50__psi0p75,hardzero_plus_depr,0.03,31,1004,0.0,2,0.32478452,0.32478637,0.98490936,0.10353583,0.10353583,1.0,1.8446082e-06,1.7816134e-05,-27.237345,2.166844,0.72228134,0.136,0.0,0.13221982,9.905131,9.915132,3216000
hardzero_plus_depr__c0p52__z1p05__lam0p010__nu0p50__psi0p75,hardzero_plus_depr,0.03,31,1005,0.0,2,0.32478637,0.3247881,1.0085105,0.09805946,0.09805946,1.0,1.7339853e-06,1.7682998e-05,-26.738457,2.2187674,0.73958915,0.24800001,0.0,0.12608694,9.915132,9.925132,3219200
hardzero_plus_depr__c0p52__z1p05__lam0p010__nu0p50__psi0p75,hardzero_plus_depr,0.03,31,1006,0.0,2,0.3247881,0.32478988,0.99350506,0.10150675,0.10150675,1.0,1.7815327e-06,1.755088e-05,-26.876413,2.1857548,0.72858495,0.216,0.008,0.14450783,9.925132,9.935132,3222400
hardzero_plus_depr__c0p52__z1p05__lam0p010__nu0p50__psi0p75,hardzero_plus_depr,0.03,31,1007,0.0,2,0.32478988,0.3247916,1.0011756,0.099729665,0.099729665,1.0,1.7372637e-06,1.7419728e-05,-26.929697,2.2026303,0.73421013,0.208,0.0,0.14365807,9.935132,9.945132,3225600
hardzero_plus_depr__c0p52__z1p05__lam0p010__nu0p50__psi0p75,hardzero_plus_depr,0.03,31,1008,0.0,2,0.3247916,0.32479316,1.0442481,0.09031333,0.09031333,1.0,1.561479e-06,1.7289574e-05,-27.421196,2.2973917,0.76579726,0.104,0.0,0.11957309,9.945132,9.9551325,3228800
hardzero_plus_depr__c0p52__z1p05__lam0p010__nu0p50__psi0p75,hardzero_plus_depr,0.03,31,1009,0.0,2,0.32479316,0.32479316,1.0662075,0.0,0.08586031,0.0,0.0,1.7160377e-05,-27.672,2.3457034,0.7819011,0.192,0.0,0.153819,9.9551325,9.965133,3232000
hardzero_plus_depr__c0p52__z1p05__lam0p010__nu0p50__psi0p75,hardzero_plus_depr,0.03,31,1010,0.0,2,0.32479316,0.32479495,0.97689325,0.1054646,0.1054646,1.0,1.7962899e-06,1.703216e-05,-27.690773,2.149208,0.7164027,0.14400001,0.0,0.14318861,9.965133,9.975133,3235200
hardzero_plus_depr__c0p52__z1p05__lam0p010__nu0p50__psi0p75,hardzero_plus_depr,0.03,31,1011,0.0,2,0.32479495,0.32479683,0.95434266,0.1110855,0.1110855,1.0,1.8778878e-06,1.6904887e-05,-25.395359,2.0995958,0.6998653,0.192,0.0,0.13204727,9.975133,9.985133,3238400
hardzero_plus_depr__c0p52__z1p05__lam0p010__nu0p50__psi0p75,hardzero_plus_depr,0.03,31,1012,0.0,2,0.32479683,0.3247985,1.0020508,0.0995289,0.0995289,1.0,1.6699535e-06,1.6778578e-05,-27.420597,2.2045557,0.73485196,0.24000001,0.0,0.15312994,9.985133,9.995133,3241600
hardzero_plus_depr__c0p52__z1p05__lam0p010__nu0p50__psi0p75,hardzero_plus_depr,0.03,31,1013,0.0,2,0.3247985,0.32480007,1.0263186,0.09411989,0.09411989,1.0,1.5673971e-06,1.6653197e-05,-27.087475,2.257946,0.7526487,0.16000001,0.0,0.1711932,9.995133,10.005134,3244800
hardzero_plus_depr__c0p52__z1p05__lam0p010__nu0p50__psi0p75,hardzero_plus_depr,0.03,31,1014,0.0,2,0.32480007,0.32480165,1.0231068,0.09481851,0.09481851,1.0,1.5672338e-06,1.6528775e-05,-26.132233,2.25088,0.7502934,0.22,0.0,0.12908152,10.005134,10.015134,3248000
hardzero_plus_depr__c0p52__z1p05__lam0p010__nu0p50__psi0p75,hardzero_plus_depr,0.03,31,1015,0.0,2,0.32480165,0.3248032,1.0230553,0.09482977,0.09482977,1.0,1.555707e-06,1.640526e-05,-27.080067,2.2507665,0.7502555,0.16800001,0.0,0.13965999,10.015134,10.025134,3251200
hardzero_plus_depr__c0p52__z1p05__lam0p010__nu0p50__psi0p75,hardzero_plus_depr,0.03,31,1016,0.0,2,0.3248032,0.32480475,1.0227352,0.094899684,0.094899684,1.0,1.5452217e-06,1.6282685e-05,-27.69814,2.2500625,0.75002086,0.192,0.0,0.16777253,10.025134,10.035134,3254400
hardzero_plus_depr__c0p52__z1p05__lam0p010__nu0p50__psi0p75,hardzero_plus_depr,0.03,31,1017,0.0,2,0.32480475,0.32480633,1.0122883,0.09721015,0.09721015,1.0,1.5710144e-06,1.6161013e-05,-26.65006,2.2270787,0.7423596,0.18400002,0.0,0.12639989,10.035134,10.045135,3257600
hardzero_plus_depr__c0p52__z1p05__lam0p010__nu0p50__psi0p75,hardzero_plus_depr,0.03,31,1018,0.0,2,0.32480633,0.32480803,0.9721677,0.10661843,0.10661843,1.0,1.7101877e-06,1.6040263e-05,-26.805714,2.1388116,0.71293724,0.136,0.0,0.12388512,10.045135,10.055135,3260800
hardzero_plus_depr__c0p52__z1p05__lam0p010__nu0p50__psi0p75,hardzero_plus_depr,0.03,31,1019,0.0,2,0.32480803,0.32480958,1.0080378,0.09816624,0.09816624,1.0,1.5628459e-06,1.5920401e-05,-26.137257,2.2177274,0.7392425,0.17600001,0.0,0.12370352,10.055135,10.065135,3264000
hardzero_plus_depr__c0p52__z1p05__lam0p010__nu0p50__psi0p75,hardzero_plus_depr,0.03,31,1020,0.0,2,0.32480958,0.3248113,0.9591032,0.10987445,0.10987445,1.0,1.7361755e-06,1.5801448e-05,-26.289907,2.1100693,0.70335644,0.18400002,0.0,0.1210843,10.065135,10.075135,3267200
hardzero_plus_depr__c0p52__z1p05__lam0p010__nu0p50__psi0p75,hardzero_plus_depr,0.03,31,1021,0.0,2,0.3248113,0.32481274,1.0364214,0.09195568,0.09195568,1.0,1.4421751e-06,1.5683372e-05,-28.725721,2.2801726,0.76005757,0.17600001,0.0,0.17579226,10.075135,10.085135,3270400
hardzero_plus_depr__c0p52__z1p05__lam0p010__nu0p50__psi0p75,hardzero_plus_depr,0.03,31,1022,0.0,2,0.32481274,0.3248142,1.03041,0.09323736,0.09323736,1.0,1.4513506e-06,1.5566191e-05,-27.816217,2.2669473,0.7556491,0.14400001,0.0,0.13437271,10.085135,10.095136,3273600
hardzero_plus_depr__c0p52__z1p05__lam0p010__nu0p50__psi0p75,hardzero_plus_depr,0.03,31,1023,0.0,2,0.3248142,0.3248156,1.0390718,0.09139621,0.09139621,1.0,1.4120596e-06,1.544987e-05,-28.175009,2.2860036,0.7620012,0.120000005,0.0,0.1441181,10.095136,10.105136,3276800
hardzero_plus_depr__c0p52__z1p05__lam0p010__nu0p50__psi0p75,hardzero_plus_depr,0.03,31,1024,0.0,2,0.3248156,0.32481706,1.0225741,0.09493489,0.09493489,1.0,1.4557729e-06,1.5334435e-05,-27.161736,2.249708,0.74990267,0.18400002,0.0,0.12897049,10.105136,10.115136,3280000
hardzero_plus_depr__c0p52__z1p05__lam0p010__nu0p50__psi0p75,hardzero_plus_depr,0.03,31,1025,0.0,2,0.32481706,0.32481846,1.0333565,0.09260692,0.09260692,1.0,1.4094632e-06,1.5219847e-05,-27.562046,2.2734299,0.75781,0.16000001,0.0,0.1670937,10.115136,10.125136,3283200
hardzero_plus_depr__c0p52__z1p05__lam0p010__nu0p50__psi0p75,hardzero_plus_depr,0.03,31,1026,0.0,2,0.32481846,0.32482007,0.97344893,0.10630435,0.10630435,1.0,1.6058473e-06,1.51061295e-05,-27.222721,2.1416304,0.71387684,0.2,0.0,0.13902877,10.125136,10.135137,3286400
hardzero_plus_depr__c0p52__z1p05__lam0p010__nu0p50__psi0p75,hardzero_plus_depr,0.03,31,1027,0.0,2,0.32482007,0.3248217,0.96015877,0.10960773,0.10960773,1.0,1.6433758e-06,1.49932475e-05,-26.009373,2.1123915,0.70413053,0.19,0.0,0.11092931,10.135137,10.145137,3289600
hardzero_plus_depr__c0p52__z1p05__lam0p010__nu0p50__psi0p75,hardzero_plus_depr,0.03,31,1028,0.0,2,0.3248217,0.32482305,1.0434468,0.09048013,0.09048013,1.0,1.346455e-06,1.4881223e-05,-27.121656,2.2956288,0.7652096,0.128,0.0,0.12955005,10.145137,10.155137,3292800
hardzero_plus_depr__c0p52__z1p05__lam0p010__nu0p50__psi0p75,hardzero_plus_depr,0.03,31,1029,0.0,2,0.32482305,0.32482457,0.9871096,0.10301261,0.10301261,1.0,1.5214987e-06,1.4770024e-05,-26.80743,2.1716845,0.72389483,0.14400001,0.0,0.14552093,10.155137,10.165137,3296000
hardzero_plus_depr__c0p52__z1p05__lam0p010__nu0p50__psi0p75,hardzero_plus_depr,0.03,31,1030,0.0,2,0.32482457,0.32482597,1.0203494,0.09542246,0.09542246,1.0,1.3988614e-06,1.4659666e-05,-27.51212,2.2448134,0.74827117,0.112,0.0,0.1553882,10.165137,10.1751375,3299200
hardzero_plus_depr__c0p52__z1p05__lam0p010__nu0p50__psi0p75,hardzero_plus_depr,0.03,31,1031,0.0,2,0.32482597,0.3248274,1.0042484,0.09902653,0.09902653,1.0,1.4408479e-06,1.455012e-05,-26.672215,2.2093906,0.73646355,0.14400001,0.0,0.15172271,10.1751375,10.185138,3302400
hardzero_plus_depr__c0p52__z1p05__lam0p010__nu0p50__psi0p75,hardzero_plus_depr,0.03,31,1032,0.0,2,0.3248274,0.3248289,0.98459285,0.1036113,0.1036113,1.0,1.496293e-06,1.4441407e-05,-26.780064,2.1661475,0.7220492,0.17600001,0.0,0.15943344,10.185138,10.195138,3305600
hardzero_plus_depr__c0p52__z1p05__lam0p010__nu0p50__psi0p75,hardzero_plus_depr,0.03,31,1033,0.0,2,0.3248289,0.3248303,1.0063827,0.098541066,0.098541066,1.0,1.4124377e-06,1.4333493e-05,-27.098083,2.214086,0.7380287,0.192,0.0,0.13429266,10.195138,10.205138,3308800
hardzero_plus_depr__c0p52__z1p05__lam0p010__nu0p50__psi0p75,hardzero_plus_depr,0.03,31,1034,0.0,2,0.3248303,0.32483172,0.99729604,0.10062455,0.10062455,1.0,1.4315249e-06,1.4226398e-05,-26.613127,2.1940951,0.7313651,0.208,0.0,0.14713718,10.205138,10.215138,3312000
hardzero_plus_depr__c0p52__z1p05__lam0p010__nu0p50__psi0p75,hardzero_plus_depr,0.03,31,1035,0.0,2,0.32483172,0.32483318,0.98495567,0.10352478,0.10352478,1.0,1.4617793e-06,1.4120091e-05,-26.293747,2.1669457,0.72231525,0.2,0.0,0.13855472,10.215138,10.225139,3315200
hardzero_plus_depr__c0p52__z1p05__lam0p010__nu0p50__psi0p75,hardzero_plus_depr,0.03,31,1036,0.0,2,0.32483318,0.3248346,1.0001667,0.099961616,0.099961616,1.0,1.400921e-06,1.4014589e-05,-27.390152,2.2004106,0.7334702,0.17600001,0.0,0.1355644,10.225139,10.235139,3318400
hardzero_plus_depr__c0p52__z1p05__lam0p010__nu0p50__psi0p75,hardzero_plus_depr,0.03,31,1037,0.0,2,0.3248346,0.32483593,1.0158185,0.09642319,0.09642319,1.0,1.3412334e-06,1.3909864e-05,-27.014725,2.2348452,0.7449484,0.14400001,0.0,0.12530339,10.235139,10.245139,3321600
hardzero_plus_depr__c0p52__z1p05__lam0p010__nu0p50__psi0p75,hardzero_plus_depr,0.03,31,1038,0.0,2,0.32483593,0.3248372,1.028716,0.09360177,0.09360177,1.0,1.2922601e-06,1.3805936e-05,-27.229519,2.2632203,0.7544068,0.16000001,0.0,0.13589613,10.245139,10.255139,3324800
hardzero_plus_depr__c0p52__z1p05__lam0p010__nu0p50__psi0p75,hardzero_plus_depr,0.03,31,1039,0.0,2,0.3248372,0.32483882,0.9325377,0.11680524,0.11680524,1.0,1.6005552e-06,1.3702768e-05,-26.018744,2.0516238,0.6838746,0.24000001,0.0,0.130582,10.255139,10.26514,3328000
hardzero_plus_depr__c0p52__z1p05__lam0p010__nu0p50__psi0p75,hardzero_plus_depr,0.03,31,1040,0.0,2,0.32483882,0.3248402,0.99730355,0.10062282,0.10062282,1.0,1.3685091e-06,1.36003855e-05,-27.005201,2.1941116,0.73137057,0.16,0.0,0.12808535,10.26514,10.27514,3331200
hardzero_plus_depr__c0p52__z1p05__lam0p010__nu0p50__psi0p75,hardzero_plus_depr,0.03,31,1041,0.0,2,0.3248402,0.32484174,0.9426388,0.11411986,0.11411986,1.0,1.5404761e-06,1.3498756e-05,-25.063602,2.0738468,0.6912823,0.18400002,0.0,0.12052323,10.27514,10.28514,3334400
hardzero_plus_depr__c0p52__z1p05__lam0p010__nu0p50__psi0p75,hardzero_plus_depr,0.03,31,1042,0.0,2,0.32484174,0.3248431,0.99061984,0.10218335,0.10218335,1.0,1.3690421e-06,1.3397898e-05,-26.843513,2.1794071,0.72646904,0.18400002,0.0,0.1293774,10.28514,10.29514,3337600
hardzero_plus_depr__c0p52__z1p05__lam0p010__nu0p50__psi0p75,hardzero_plus_depr,0.03,31,1043,0.0,2,0.3248431,0.32484442,1.0018675,0.09957091,0.09957091,1.0,1.3240722e-06,1.3297782e-05,-27.809221,2.2041526,0.73471755,0.24000001,0.0,0.14740086,10.29514,10.3051405,3340800
hardzero_plus_depr__c0p52__z1p05__lam0p010__nu0p50__psi0p75,hardzero_plus_depr,0.03,31,1044,0.0,2,0.32484442,0.32484564,1.0373684,0.09175538,0.09175538,1.0,1.2110265e-06,1.3198425e-05,-28.290058,2.2822561,0.7607521,0.16000001,0.0,0.17046623,10.3051405,10.315141,3344000
hardzero_plus_depr__c0p52__z1p05__lam0p010__nu0p50__psi0p75,hardzero_plus_depr,0.03,31,1045,0.0,2,0.32484564,0.32484692,1.0141586,0.09679243,0.09679243,1.0,1.2679615e-06,1.30998e-05,-27.479725,2.2311935,0.7437312,0.136,0.0,0.15444311,10.315141,10.325141,3347200
hardzero_plus_depr__c0p52__z1p05__lam0p010__nu0p50__psi0p75,hardzero_plus_depr,0.03,31,1046,0.0,2,0.32484692,0.3248481,1.045088,0.09013883,0.09013883,1.0,1.1719779e-06,1.3001921e-05,-27.716833,2.2992396,0.7664132,0.192,0.0,0.16145487,10.325141,10.335141,3350400
hardzero_plus_depr__c0p52__z1p05__lam0p010__nu0p50__psi0p75,hardzero_plus_depr,0.03,31,1047,0.0,2,0.3248481,0.3248481,1.0719568,0.0,0.08473117,0.0,0.0,1.2904763e-05,-28.733885,2.358352,0.7861173,0.15200001,0.0,0.16469239,10.335141,10.345141,3353600
hardzero_plus_depr__c0p52__z1p05__lam0p010__nu0p50__psi0p75,hardzero_plus_depr,0.03,31,1048,0.0,2,0.3248481,0.32484946,0.9740467,0.10615814,0.10615814,1.0,1.3597099e-06,1.2808344e-05,-26.400993,2.1429455,0.7143152,0.224,0.0,0.1349159,10.345141,10.355142,3356800
hardzero_plus_depr__c0p52__z1p05__lam0p010__nu0p50__psi0p75,hardzero_plus_depr,0.03,31,1049,0.0,2,0.32484946,0.32485062,1.0442703,0.09030872,0.09030872,1.0,1.1480615e-06,1.2712632e-05,-27.659798,2.2974405,0.7658135,0.14400001,0.0,0.13888502,10.355142,10.365142,3360000
hardzero_plus_depr__c0p52__z1p05__lam0p010__nu0p50__psi0p75,hardzero_plus_depr,0.03,31,1050,0.0,2,0.32485062,0.32485184,1.0117115,0.09733938,0.09733938,1.0,1.228194e-06,1.2617648e-05,-27.21794,2.2258096,0.74193656,0.17600001,0.0,0.14138965,10.365142,10.375142,3363200
hardzero_plus_depr__c0p52__z1p05__lam0p010__nu0p50__psi0p75,hardzero_plus_depr,0.03,31,1051,0.0,2,0.32485184,0.32485297,1.0441804,0.09032742,0.09032742,1.0,1.1312029e-06,1.2523362e-05,-28.010277,2.2972426,0.76574755,0.18400002,0.0,0.15629548,10.375142,10.385142,3366400
hardzero_plus_depr__c0p52__z1p05__lam0p010__nu0p50__psi0p75,hardzero_plus_depr,0.03,31,1052,0.0,2,0.32485297,0.3248541,1.0385038,0.09151584,0.09151584,1.0,1.1375229e-06,1.2429792e-05,-27.154903,2.2847538,0.76158464,0.14400001,0.0,0.13890691,10.385142,10.395143,3369600
hardzero_plus_depr__c0p52__z1p05__lam0p010__nu0p50__psi0p75,hardzero_plus_depr,0.03,31,1053,0.0,2,0.3248541,0.3248553,1.0149763,0.09661036,0.09661036,1.0,1.1918731e-06,1.2336908e-05,-27.372488,2.2329924,0.7443308,0.17999999,0.0,0.15118076,10.395143,10.405143,3372800
hardzero_plus_depr__c0p52__z1p05__lam0p010__nu0p50__psi0p75,hardzero_plus_depr,0.03,31,1054,0.0,2,0.3248553,0.32485643,1.0349039,0.09227756,0.09227756,1.0,1.1299138e-06,1.2244731e-05,-27.391645,2.276834,0.7589447,0.136,0.0,0.14713736,10.405143,10.415143,3376000
hardzero_plus_depr__c0p52__z1p05__lam0p010__nu0p50__psi0p75,hardzero_plus_depr,0.03,31,1055,0.0,2,0.32485643,0.32485756,1.0252566,0.09435032,0.09435032,1.0,1.1466614e-06,1.2153232e-05,-26.839794,2.2556095,0.75186986,0.112,0.0,0.1416296,10.415143,10.425143,3379200
hardzero_plus_depr__c0p52__z1p05__lam0p010__nu0p50__psi0p75,hardzero_plus_depr,0.03,31,1056,0.0,2,0.32485756,0.32485867,1.0382448,0.09157041,0.09157041,1.0,1.1045614e-06,1.2062427e-05,-26.91906,2.2841842,0.76139474,0.14400001,0.0,0.14286204,10.425143,10.435143,3382400
hardzero_plus_depr__c0p52__z1p05__lam0p010__nu0p50__psi0p75,hardzero_plus_depr,0.03,31,1057,0.0,2,0.32485867,0.32485867,1.0774713,0.0,0.0836621,0.0,0.0,1.1972289e-05,-28.142006,2.370484,0.7901614,0.17600001,0.0,0.17873505,10.435143,10.445144,3385600
hardzero_plus_depr__c0p52__z1p05__lam0p010__nu0p50__psi0p75,hardzero_plus_depr,0.03,31,1058,0.0,2,0.32485867,0.32485983,1.0043977,0.09899249,0.09899249,1.0,1.1763116e-06,1.1882837e-05,-27.333815,2.2097192,0.7365731,0.15200001,0.0,0.13204908,10.445144,10.455144,3388800
hardzero_plus_depr__c0p52__z1p05__lam0p010__nu0p50__psi0p75,hardzero_plus_depr,0.03,31,1059,0.0,2,0.32485983,0.32485983,1.0860788,0.0,0.08202028,0.0,0.0,1.1794042e-05,-28.066578,2.389421,0.7964737,0.15200001,0.0,0.14604849,10.455144,10.465144,3392000
hardzero_plus_depr__c0p52__z1p05__lam0p010__nu0p50__psi0p75,hardzero_plus_depr,0.03,31,1060,0.0,2,0.32485983,0.32486093,1.0225275,0.0949451,0.0949451,1.0,1.1114198e-06,1.1705921e-05,-26.905499,2.2496054,0.7498685,0.16800001,0.0,0.11974829,10.465144,10.475144,3395200
hardzero_plus_depr__c0p52__z1p05__lam0p010__nu0p50__psi0p75,hardzero_plus_depr,0.03,31,1061,0.0,2,0.32486093,0.3248621,1.0010618,0.099755794,0.099755794,1.0,1.1590074e-06,1.1618447e-05,-26.433624,2.20238,0.7341267,0.15200001,0.0,0.12272011,10.475144,10.485145,3398400
hardzero_plus_depr__c0p52__z1p05__lam0p010__nu0p50__psi0p75,hardzero_plus_depr,0.03,31,1062,0.0,2,0.3248621,0.3248633,0.97456956,0.10603041,0.10603041,1.0,1.2227044e-06,1.1531639e-05,-26.077986,2.144096,0.7146987,0.15200001,0.0,0.14050202,10.485145,10.495145,3401600
hardzero_plus_depr__c0p52__z1p05__lam0p010__nu0p50__psi0p75,hardzero_plus_depr,0.03,31,1063,0.0,2,0.3248633,0.3248646,0.9544245,0.111064546,0.111064546,1.0,1.2711856e-06,1.1445467e-05,-26.052948,2.0997758,0.6999253,0.256,0.0,0.11671334,10.495145,10.505145,3404800
hardzero_plus_depr__c0p52__z1p05__lam0p010__nu0p50__psi0p75,hardzero_plus_depr,0.03,31,1064,0.0,2,0.3248646,0.3248646,1.0554092,0.0,0.08802191,0.0,0.0,1.135995e-05,-27.951796,2.3219466,0.7739822,0.16000001,0.0,0.24053442,10.505145,10.515145,3408000
hardzero_plus_depr__c0p52__z1p05__lam0p010__nu0p50__psi0p75,hardzero_plus_depr,0.03,31,1065,0.0,2,0.3248646,0.3248657,1.0132943,0.09698525,0.09698525,1.0,1.0935147e-06,1.1275062e-05,-27.287197,2.2292922,0.7430974,0.17600001,0.0,0.1419434,10.515145,10.525146,3411200
hardzero_plus_depr__c0p52__z1p05__lam0p010__nu0p50__psi0p75,hardzero_plus_depr,0.03,31,1066,0.0,2,0.3248657,0.3248667,1.0453901,0.09007616,0.09007616,1.0,1.008026e-06,1.1190818e-05,-26.944687,2.299904,0.7666347,0.14,0.0,0.10814535,10.525146,10.535146,3414400
hardzero_plus_depr__c0p52__z1p05__lam0p010__nu0p50__psi0p75,hardzero_plus_depr,0.03,31,1067,0.0,2,0.3248667,0.3248678,1.0035372,0.09918884,0.09918884,1.0,1.1017098e-06,1.1107195e-05,-27.157223,2.207826,0.735942,0.120000005,0.0,0.1278574,10.535146,10.545146,3417600
hardzero_plus_depr__c0p52__z1p05__lam0p010__nu0p50__psi0p75,hardzero_plus_depr,0.03,31,1068,0.0,2,0.3248678,0.32486892,0.9966267,0.100779764,0.100779764,1.0,1.1110168e-06,1.1024205e-05,-26.306347,2.1926224,0.7308742,0.136,0.0,0.1642127,10.545146,10.555146,3420800
hardzero_plus_depr__c0p52__z1p05__lam0p010__nu0p50__psi0p75,hardzero_plus_depr,0.03,31,1069,0.0,2,0.32486892,0.32486892,1.0642611,0.0,0.086245984,0.0,0.0,1.0941827e-05,-27.525303,2.3414211,0.7804737,0.15200001,0.0,0.16489512,10.555146,10.565146,3424000
hardzero_plus_depr__c0p52__z1p05__lam0p010__nu0p50__psi0p75,hardzero_plus_depr,0.03,31,1070,0.0,2,0.32486892,0.32487002,0.99418855,0.10134714,0.10134714,1.0,1.1006373e-06,1.08600725e-05,-26.421343,2.1872585,0.72908616,0.224,0.0,0.13953766,10.565146,10.575147,3427200
hardzero_plus_depr__c0p52__z1p05__lam0p010__nu0p50__psi0p75,hardzero_plus_depr,0.03,31,1071,0.0,2,0.32487002,0.32487106,1.0153537,0.09652644,0.09652644,1.0,1.0404508e-06,1.0778921e-05,-26.521442,2.2338228,0.7446076,0.18400002,0.0,0.13569883,10.575147,10.585147,3430400
hardzero_plus_depr__c0p52__z1p05__lam0p010__nu0p50__psi0p75,hardzero_plus_depr,0.03,31,1072,0.0,2,0.32487106,0.3248722,0.98017806,0.10466992,0.10466992,1.0,1.1197991e-06,1.0698384e-05,-26.339771,2.1564348,0.71881163,0.16000001,0.0,0.13532497,10.585147,10.595147,3433600
hardzero_plus_depr__c0p52__z1p05__lam0p010__nu0p50__psi0p75,hardzero_plus_depr,0.03,31,1073,0.0,2,0.3248722,0.32487327,0.99640274,0.100831725,0.100831725,1.0,1.0706755e-06,1.0618439e-05,-26.812122,2.1921299,0.73070997,0.192,0.0,0.15756938,10.595147,10.605147,3436800
hardzero_plus_depr__c0p52__z1p05__lam0p010__nu0p50__psi0p75,hardzero_plus_depr,0.03,31,1074,0.0,2,0.32487327,0.32487443,0.9522253,0.111628376,0.111628376,1.0,1.1764628e-06,1.0539102e-05,-25.683308,2.0949376,0.6983125,0.208,0.0,0.13301513,10.605147,10.615148,3440000
hardzero_plus_depr__c0p52__z1p05__lam0p010__nu0p50__psi0p75,hardzero_plus_depr,0.03,31,1075,0.0,2,0.32487443,0.3248755,0.9946449,0.10124068,0.10124068,1.0,1.0590127e-06,1.0460348e-05,-27.725569,2.1882625,0.72942084,0.128,0.0,0.13804018,10.615148,10.625148,3443200
hardzero_plus_depr__c0p52__z1p05__lam0p010__nu0p50__psi0p75,hardzero_plus_depr,0.03,31,1076,0.0,2,0.3248755,0.32487658,0.98712546,0.103008844,0.103008844,1.0,1.0694577e-06,1.0382192e-05,-26.441177,2.1717193,0.72390646,0.16800001,0.0,0.13839416,10.625148,10.635148,3446400
hardzero_plus_depr__c0p52__z1p05__lam0p010__nu0p50__psi0p75,hardzero_plus_depr,0.03,31,1077,0.0,2,0.32487658,0.32487765,0.9814758,0.10435763,0.10435763,1.0,1.0753647e-06,1.030461e-05,-26.821835,2.1592898,0.7197633,0.17600001,0.0,0.14730762,10.635148,10.645148,3449600
hardzero_plus_depr__c0p52__z1p05__lam0p010__nu0p50__psi0p75,hardzero_plus_depr,0.03,31,1078,0.0,2,0.32487765,0.3248786,1.0282068,0.09371156,0.09371156,1.0,9.58446e-07,1.0227617e-05,-27.223509,2.2621002,0.75403345,0.15200001,0.0,0.13497186,10.645148,10.6551485,3452800
hardzero_plus_depr__c0p52__z1p05__lam0p010__nu0p50__psi0p75,hardzero_plus_depr,0.03,31,1079,0.0,2,0.3248786,0.3248796,1.014934,0.096619785,0.096619785,1.0,9.808058e-07,1.01511905e-05,-28.126057,2.2328992,0.74429977,0.089999996,0.0,0.13759191,10.6551485,10.665149,3456000
hardzero_plus_depr__c0p52__z1p05__lam0p010__nu0p50__psi0p75,hardzero_plus_depr,0.03,31,1080,0.0,2,0.3248796,0.3248806,1.0015429,0.099645354,0.099645354,1.0,1.0039613e-06,1.0075345e-05,-26.506014,2.2034385,0.73447955,0.136,0.0,0.12290581,10.665149,10.675149,3459200
hardzero_plus_depr__c0p52__z1p05__lam0p010__nu0p50__psi0p75,hardzero_plus_depr,0.03,31,1081,0.0,2,0.3248806,0.32488158,1.0110554,0.09748653,0.09748653,1.0,9.748708e-07,1.0000056e-05,-26.129374,2.2243662,0.74145544,0.15200001,0.0,0.13659388,10.675149,10.685149,3462400
hardzero_plus_depr__c0p52__z1p05__lam0p010__nu0p50__psi0p75,hardzero_plus_depr,0.03,31,1082,0.0,2,0.32488158,0.32488266,0.9633988,0.108793065,0.108793065,1.0,1.079808e-06,9.925338e-06,-26.075787,2.1195197,0.7065066,0.15200001,0.0,0.14333585,10.685149,10.695149,3465600
hardzero_plus_depr__c0p52__z1p05__lam0p010__nu0p50__psi0p75,hardzero_plus_depr,0.03,31,1083,0.0,2,0.32488266,0.32488364,0.9949661,0.10116584,0.10116584,1.0,9.96602e-07,9.851171e-06,-26.587307,2.1889691,0.7296564,0.16800001,0.0,0.13208242,10.695149,10.70515,3468800
hardzero_plus_depr__c0p52__z1p05__lam0p010__nu0p50__psi0p75,hardzero_plus_depr,0.03,31,1084,0.0,2,0.32488364,0.3248846,1.0077562,0.09822991,0.09822991,1.0,9.604495e-07,9.777566e-06,-26.638317,2.217108,0.739036,0.17600001,0.0,0.12254835,10.70515,10.71515,3472000
hardzero_plus_depr__c0p52__z1p05__lam0p010__nu0p50__psi0p75,hardzero_plus_depr,0.03,31,1085,0.0,2,0.3248846,0.3248846,1.0663478,0.0,0.08583258,0.0,0.0,9.704503e-06,-28.218786,2.346012,0.78200406,0.072000004,0.0,0.15219948,10.71515,10.72515,3475200
hardzero_plus_depr__c0p52__z1p05__lam0p010__nu0p50__psi0p75,hardzero_plus_depr,0.03,31,1086,0.0,2,0.3248846,0.32488555,1.0097026,0.09779066,0.09779066,1.0,9.41919e-07,9.631994e-06,-27.112484,2.22139,0.7404634,0.24000001,0.0,0.16642417,10.72515,10.73515,3478400
hardzero_plus_depr__c0p52__z1p05__lam0p010__nu0p50__psi0p75,hardzero_plus_depr,0.03,31,1087,0.0,2,0.32488555,0.32488555,1.0579064,0.0,0.08751724,0.0,0.0,9.560019e-06,-27.728329,2.3274405,0.7758135,0.17600001,0.0,0.17032053,10.73515,10.745151,3481600
hardzero_plus_depr__c0p52__z1p05__lam0p010__nu0p50__psi0p75,hardzero_plus_depr,0.03,31,1088,0.0,2,0.32488555,0.3248864,1.0352547,0.09220304,0.09220304,1.0,8.748768e-07,9.488589e-06,-27.929893,2.2776058,0.75920194,0.128,0.0,0.13172726,10.745151,10.755151,3484800
hardzero_plus_depr__c0p52__z1p05__lam0p010__nu0p50__psi0p75,hardzero_plus_depr,0.03,31,1089,0.0,2,0.3248864,0.3248864,1.0663676,0.0,0.08582867,0.0,0.0,9.417685e-06,-28.226814,2.3460557,0.7820186,0.192,0.008,0.18044254,10.755151,10.765151,3488000
hardzero_plus_depr__c0p52__z1p05__lam0p010__nu0p50__psi0p75,hardzero_plus_depr,0.03,31,1090,0.0,2,0.3248864,0.3248874,0.9734272,0.10630967,0.10630967,1.0,9.937104e-07,9.347319e-06,-26.085245,2.1415825,0.71386087,0.120000005,0.0,0.14246127,10.765151,10.775151,3491200
hardzero_plus_depr__c0p52__z1p05__lam0p010__nu0p50__psi0p75,hardzero_plus_depr,0.03,31,1091,0.0,2,0.3248874,0.32488832,0.99542505,0.101059,0.101059,1.0,9.375719e-07,9.277471e-06,-26.982088,2.1899788,0.729993,0.17600001,0.0,0.1318536,10.775151,10.7851515,3494400
hardzero_plus_depr__c0p52__z1p05__lam0p010__nu0p50__psi0p75,hardzero_plus_depr,0.03,31,1092,0.0,2,0.32488832,0.32488918,1.0345771,0.09234701,0.09234701,1.0,8.503455e-07,9.208154e-06,-27.558878,2.2761152,0.7587051,0.099999994,0.0,0.15251568,10.7851515,10.795152,3497600
hardzero_plus_depr__c0p52__z1p05__lam0p010__nu0p50__psi0p75,hardzero_plus_depr,0.03,31,1093,0.0,2,0.32488918,0.32489005,1.021723,0.09512113,0.09512113,1.0,8.6934466e-07,9.139343e-06,-27.175028,2.2478356,0.74927855,0.15200001,0.0,0.12461973,10.795152,10.805152,3500800
hardzero_plus_depr__c0p52__z1p05__lam0p010__nu0p50__psi0p75,hardzero_plus_depr,0.03,31,1094,0.0,2,0.32489005,0.32489094,1.0008013,0.09981566,0.09981566,1.0,9.0543364e-07,9.071058e-06,-26.64336,2.2018068,0.7339356,0.208,0.0,0.12951557,10.805152,10.815152,3504000
hardzero_plus_depr__c0p52__z1p05__lam0p010__nu0p50__psi0p75,hardzero_plus_depr,0.03,31,1095,0.0,2,0.32489094,0.3248918,1.0179257,0.09595647,0.09595647,1.0,8.639223e-07,9.003274e-06,-27.060286,2.2394814,0.7464938,0.216,0.008,0.16822347,10.815152,10.825152,3507200
hardzero_plus_depr__c0p52__z1p05__lam0p010__nu0p50__psi0p75,hardzero_plus_depr,0.03,31,1096,0.0,2,0.3248918,0.32489267,1.0169071,0.09618181,0.09618181,1.0,8.594811e-07,8.936005e-06,-26.942204,2.2372403,0.7457468,0.18400002,0.0,0.13690653,10.825152,10.835153,3510400
hardzero_plus_depr__c0p52__z1p05__lam0p010__nu0p50__psi0p75,hardzero_plus_depr,0.03,31,1097,0.0,2,0.32489267,0.3248935,1.0218389,0.09509575,0.09509575,1.0,8.4342605e-07,8.8692295e-06,-27.115135,2.2480905,0.74936354,0.16800001,0.0,0.13039193,10.835153,10.845153,3513600
hardzero_plus_depr__c0p52__z1p05__lam0p010__nu0p50__psi0p75,hardzero_plus_depr,0.03,31,1098,0.0,2,0.3248935,0.3248944,0.9982432,0.10040534,0.10040534,1.0,8.838644e-07,8.802962e-06,-26.46902,2.196179,0.73205966,0.18400002,0.0,0.14649966,10.845153,10.855153,3516800
hardzero_plus_depr__c0p52__z1p05__lam0p010__nu0p50__psi0p75,hardzero_plus_depr,0.03,31,1099,0.0,2,0.3248944,0.32489523,1.0249103,0.09442557,0.09442557,1.0,8.250133e-07,8.737181e-06,-26.532066,2.2548478,0.75161594,0.17600001,0.0,0.15188597,10.855153,10.865153,3520000
hardzero_plus_depr__c0p52__z1p05__lam0p010__nu0p50__psi0p75,hardzero_plus_depr,0.03,31,1100,0.0,2,0.32489523,0.32489607,1.0151372,0.096574575,0.096574575,1.0,8.3748506e-07,8.6719e-06,-26.572857,2.2333465,0.74444884,0.14400001,0.0,0.12496276,10.865153,10.875154,3523200
hardzero_plus_depr__c0p52__z1p05__lam0p010__nu0p50__psi0p75,hardzero_plus_depr,0.03,31,1101,0.0,2,0.32489607,0.324897,0.97533053,0.10584477,0.10584477,1.0,9.110163e-07,8.607098e-06,-26.89958,2.14577,0.7152567,0.15200001,0.0,0.13011928,10.875154,10.885154,3526400
hardzero_plus_depr__c0p52__z1p05__lam0p010__nu0p50__psi0p75,hardzero_plus_depr,0.03,31,1102,0.0,2,0.324897,0.32489783,1.0125511,0.09715137,0.09715137,1.0,8.2994364e-07,8.542789e-06,-26.466877,2.2276568,0.7425523,0.136,0.0,0.14138752,10.885154,10.895154,3529600
hardzero_plus_depr__c0p52__z1p05__lam0p010__nu0p50__psi0p75,hardzero_plus_depr,0.03,31,1103,0.0,2,0.32489783,0.32489866,1.0003864,0.09991108,0.09991108,1.0,8.471413e-07,8.478953e-06,-27.169424,2.2008939,0.7336313,0.192,0.0,0.14467911,10.895154,10.905154,3532800
hardzero_plus_depr__c0p52__z1p05__lam0p010__nu0p50__psi0p75,hardzero_plus_depr,0.03,31,1104,0.0,2,0.32489866,0.32489955,0.9786146,0.105047405,0.105047405,1.0,8.8403704e-07,8.415601e-06,-26.155954,2.152995,0.7176651,0.216,0.0,0.14126386,10.905154,10.915154,3536000
hardzero_plus_depr__c0p52__z1p05__lam0p010__nu0p50__psi0p75,hardzero_plus_depr,0.03,31,1105,0.0,2,0.32489955,0.3249004,1.0060828,0.09860915,0.09860915,1.0,8.2365403e-07,8.352714e-06,-26.816015,2.2134264,0.7378088,0.17,0.0,0.13467409,10.915154,10.925155,3539200
hardzero_plus_depr__c0p52__z1p05__lam0p010__nu0p50__psi0p75,hardzero_plus_depr,0.03,31,1106,0.0,2,0.3249004,0.32490116,1.0212896,0.09521611,0.09521611,1.0,7.8937063e-07,8.290305e-06,-27.974318,2.246882,0.7489607,0.16800001,0.0,0.13820735,10.925155,10.935155,3542400
hardzero_plus_depr__c0p52__z1p05__lam0p010__nu0p50__psi0p75,hardzero_plus_depr,0.03,31,1107,0.0,2,0.32490116,0.3249019,1.0475135,0.08963683,0.08963683,1.0,7.3756377e-07,8.228356e-06,-27.964273,2.3045757,0.76819193,0.080000006,0.0,0.19834493,10.935155,10.945155,3545600
hardzero_plus_depr__c0p52__z1p05__lam0p010__nu0p50__psi0p75,hardzero_plus_depr,0.03,31,1108,0.0,2,0.3249019,0.32490274,0.99099976,0.102094,0.102094,1.0,8.3378916e-07,8.166877e-06,-26.24614,2.180243,0.7267477,0.15200001,0.0,0.12821698,10.945155,10.955155,3548800
hardzero_plus_depr__c0p52__z1p05__lam0p010__nu0p50__psi0p75,hardzero_plus_depr,0.03,31,1109,0.0,2,0.32490274,0.3249035,1.0297784,0.09337307,0.09337307,1.0,7.5686796e-07,8.105849e-06,-26.202602,2.2655575,0.75518584,0.208,0.0,0.15143375,10.955155,10.965156,3552000
hardzero_plus_depr__c0p52__z1p05__lam0p010__nu0p50__psi0p75,hardzero_plus_depr,0.03,31,1110,0.0,2,0.3249035,0.32490432,0.97960585,0.10480792,0.10480792,1.0,8.4320953e-07,8.045285e-06,-26.92888,2.155176,0.718392,0.18400002,0.0,0.12338378,10.965156,10.975156,3555200
hardzero_plus_depr__c0p52__z1p05__lam0p010__nu0p50__psi0p75,hardzero_plus_depr,0.03,31,1111,0.0,2,0.32490432,0.3249052,0.96699864,0.10789502,0.10789502,1.0,8.6155956e-07,7.985165e-06,-26.923935,2.1274395,0.7091465,0.136,0.0,0.13026609,10.975156,10.985156,3558400
hardzero_plus_depr__c0p52__z1p05__lam0p010__nu0p50__psi0p75,hardzero_plus_depr,0.03,31,1112,0.0,2,0.3249052,0.32490596,1.0078368,0.09821168,0.09821168,1.0,7.783771e-07,7.925504e-06,-26.869347,2.2172852,0.7390951,0.16800001,0.0,0.14777832,10.985156,10.995156,3561600
hardzero_plus_depr__c0p52__z1p05__lam0p010__nu0p50__psi0p75,hardzero_plus_depr,0.03,31,1113,0.0,2,0.32490596,0.32490683,0.9661782,0.10809902,0.10809902,1.0,8.50337e-07,7.866279e-06,-25.822424,2.1256344,0.70854485,0.120000005,0.0,0.13795403,10.995156,11.0051565,3564800
hardzero_plus_depr__c0p52__z1p05__lam0p010__nu0p50__psi0p75,hardzero_plus_depr,0.03,31,1114,0.0,2,0.32490683,0.32490754,1.0424795,0.09068187,0.09068187,1.0,7.079992e-07,7.807505e-06,-27.528028,2.2935007,0.76450026,0.14400001,0.0,0.16096684,11.0051565,11.015157,3568000
hardzero_plus_depr__c0p52__z1p05__lam0p010__nu0p50__psi0p75,hardzero_plus_depr,0.03,31,1115,0.0,2,0.32490754,0.3249084,0.95032215,0.112118654,0.112118654,1.0,8.6882574e-07,7.749163e-06,-26.151169,2.0907505,0.6969168,0.208,0.0,0.11257477,11.015157,11.025157,3571200
hardzero_plus_depr__c0p52__z1p05__lam0p010__nu0p50__psi0p75,hardzero_plus_depr,0.03,31,1116,0.0,2,0.3249084,0.32490918,0.9906074,0.10218627,0.10218627,1.0,7.8594155e-07,7.691264e-06,-26.143003,2.1793797,0.7264599,0.14400001,0.0,0.15259373,11.025157,11.035157,3574400
hardzero_plus_depr__c0p52__z1p05__lam0p010__nu0p50__psi0p75,hardzero_plus_depr,0.03,31,1117,0.0,2,0.32490918,0.32490996,0.98706466,0.10302327,0.10302327,1.0,7.864581e-07,7.633791e-06,-26.443596,2.1715856,0.7238619,0.192,0.0,0.13195026,11.035157,11.045157,3577600
hardzero_plus_depr__c0p52__z1p05__lam0p010__nu0p50__psi0p75,hardzero_plus_depr,0.03,31,1118,0.0,2,0.32490996,0.32491076,0.9779571,0.10520656,0.10520656,1.0,7.971241e-07,7.576753e-06,-26.711088,2.1515486,0.7171829,0.17999999,0.0,0.13292591,11.045157,11.055158,3580800
hardzero_plus_depr__c0p52__z1p05__lam0p010__nu0p50__psi0p75,hardzero_plus_depr,0.03,31,1119,0.0,2,0.32491076,0.32491148,1.0273207,0.093902946,0.093902946,1.0,7.0616295e-07,7.520136e-06,-27.724194,2.2601507,0.7533836,0.15200001,0.0,0.13199522,11.055158,11.065158,3584000
hardzero_plus_depr__c0p52__z1p05__lam0p010__nu0p50__psi0p75,hardzero_plus_depr,0.03,31,1120,0.0,2,0.32491148,0.32491222,1.0092262,0.097898,0.097898,1.0,7.307055e-07,7.4639474e-06,-26.818272,2.220342,0.740114,0.104,0.0,0.14553113,11.065158,11.075158,3587200
hardzero_plus_depr__c0p52__z1p05__lam0p010__nu0p50__psi0p75,hardzero_plus_depr,0.03,31,1121,0.0,2,0.32491222,0.32491297,1.0006799,0.09984357,0.09984357,1.0,7.3965833e-07,7.408172e-06,-27.263247,2.2015395,0.73384655,0.192,0.0,0.14083087,11.075158,11.085158,3590400
hardzero_plus_depr__c0p52__z1p05__lam0p010__nu0p50__psi0p75,hardzero_plus_depr,0.03,31,1122,0.0,2,0.32491297,0.32491297,1.0700647,0.0,0.085101135,0.0,0.0,7.3528217e-06,-27.63926,2.3541892,0.7847297,0.056,0.0,0.1370174,11.085158,11.095159,3593600
hardzero_plus_depr__c0p52__z1p05__lam0p010__nu0p50__psi0p75,hardzero_plus_depr,0.03,31,1123,0.0,2,0.32491297,0.3249138,0.9446249,0.11359914,0.11359914,1.0,8.290325e-07,7.297877e-06,-26.12307,2.0782163,0.6927388,0.17600001,0.0,0.14258002,11.095159,11.105159,3596800
hardzero_plus_depr__c0p52__z1p05__lam0p010__nu0p50__psi0p75,hardzero_plus_depr,0.03,31,1124,0.0,2,0.3249138,0.32491452,1.0023941,0.09945027,0.09945027,1.0,7.2035306e-07,7.2433495e-06,-26.620615,2.205311,0.7351037,0.16000001,0.0,0.13975985,11.105159,11.115159,3600000
hardzero_plus_depr__c0p52__z1p05__lam0p010__nu0p50__psi0p75,hardzero_plus_depr,0.03,31,1125,0.0,2,0.32491452,0.32491517,1.0437838,0.09040996,0.09040996,1.0,6.499773e-07,7.1892227e-06,-27.203722,2.2963703,0.7654568,0.17600001,0.0,0.15948595,11.115159,11.125159,3603200
hardzero_plus_depr__c0p52__z1p05__lam0p010__nu0p50__psi0p75,hardzero_plus_depr,0.03,31,1126,0.0,2,0.32491517,0.3249159,1.0051981,0.09881022,0.09881022,1.0,7.0506104e-07,7.1355075e-06,-26.039083,2.21148,0.73715997,0.136,0.0,0.12860756,11.125159,11.1351595,3606400
hardzero_plus_depr__c0p52__z1p05__lam0p010__nu0p50__psi0p75,hardzero_plus_depr,0.03,31,1127,0.0,2,0.3249159,0.3249166,0.9920733,0.10184194,0.10184194,1.0,7.212637e-07,7.082187e-06,-27.214027,2.1826048,0.72753495,0.192,0.008,0.15666132,11.1351595,11.14516,3609600
hardzero_plus_depr__c0p52__z1p05__lam0p010__nu0p50__psi0p75,hardzero_plus_depr,0.03,31,1128,0.0,2,0.3249166,0.32491732,0.99254286,0.1017319,0.1017319,1.0,7.151011e-07,7.0292717e-06,-26.902658,2.1836379,0.7278793,0.2,0.0,0.13693772,11.14516,11.15516,3612800
hardzero_plus_depr__c0p52__z1p05__lam0p010__nu0p50__psi0p75,hardzero_plus_depr,0.03,31,1129,0.0,2,0.32491732,0.32491803,0.99477756,0.10120977,0.10120977,1.0,7.061147e-07,6.9767448e-06,-27.564533,2.1885543,0.7295181,0.136,0.0,0.15421554,11.15516,11.16516,3616000
hardzero_plus_depr__c0p52__z1p05__lam0p010__nu0p50__psi0p75,hardzero_plus_depr,0.03,31,1130,0.0,2,0.32491803,0.32491875,0.9773542,0.10535272,0.10535272,1.0,7.2952724e-07,6.924617e-06,-25.953402,2.1502223,0.7167408,0.18400002,0.0,0.1397396,11.16516,11.17516,3619200
hardzero_plus_depr__c0p52__z1p05__lam0p010__nu0p50__psi0p75,hardzero_plus_depr,0.03,31,1131,0.0,2,0.32491875,0.3249195,0.96612203,0.10811302,0.10811302,1.0,7.43047e-07,6.8728723e-06,-26.396261,2.125511,0.70850366,0.08,0.0,0.13953152,11.17516,11.185161,3622400
hardzero_plus_depr__c0p52__z1p05__lam0p010__nu0p50__psi0p75,hardzero_plus_depr,0.03,31,1132,0.0,2,0.3249195,0.3249202,0.9789846,0.10495795,0.10495795,1.0,7.159728e-07,6.8215204e-06,-26.183296,2.153809,0.7179364,0.23200001,0.0,0.12957995,11.185161,11.195161,3625600
hardzero_plus_depr__c0p52__z1p05__lam0p010__nu0p50__psi0p75,hardzero_plus_depr,0.03,31,1133,0.0,2,0.3249202,0.3249208,1.0474732,0.08964515,0.08964515,1.0,6.0694657e-07,6.770546e-06,-27.954529,2.304487,0.76816237,0.128,0.0,0.1312884,11.195161,11.205161,3628800
hardzero_plus_depr__c0p52__z1p05__lam0p010__nu0p50__psi0p75,hardzero_plus_depr,0.03,31,1134,0.0,2,0.3249208,0.32492146,1.0053209,0.098782286,0.098782286,1.0,6.638129e-07,6.719959e-06,-27.279697,2.21175,0.73725003,0.256,0.0,0.18273434,11.205161,11.215161,3632000
hardzero_plus_depr__c0p52__z1p05__lam0p010__nu0p50__psi0p75,hardzero_plus_depr,0.03,31,1135,0.0,2,0.32492146,0.32492146,1.0650893,0.0,0.08608166,0.0,0.0,6.6697435e-06,-28.057283,2.3432434,0.78108114,0.120000005,0.0,0.13473281,11.215161,11.225162,3635200
hardzero_plus_depr__c0p52__z1p05__lam0p010__nu0p50__psi0p75,hardzero_plus_depr,0.03,31,1136,0.0,2,0.32492146,0.3249221,1.0078181,0.09821592,0.09821592,1.0,6.5018054e-07,6.6199095e-06,-26.813643,2.2172441,0.7390814,0.17600001,0.0,0.14164251,11.225162,11.235162,3638400
hardzero_plus_depr__c0p52__z1p05__lam0p010__nu0p50__psi0p75,hardzero_plus_depr,0.03,31,1137,0.0,2,0.3249221,0.3249228,0.9876634,0.10288134,0.10288134,1.0,6.759759e-07,6.570442e-06,-26.39699,2.1729028,0.724301,0.208,0.0,0.15397215,11.235162,11.245162,3641600
hardzero_plus_depr__c0p52__z1p05__lam0p010__nu0p50__psi0p75,hardzero_plus_depr,0.03,31,1138,0.0,2,0.3249228,0.32492343,1.01371,0.096892454,0.096892454,1.0,6.3186957e-07,6.52135e-06,-26.950703,2.2302065,0.7434022,0.136,0.0,0.13258955,11.245162,11.255162,3644800
hardzero_plus_depr__c0p52__z1p05__lam0p010__nu0p50__psi0p75,hardzero_plus_depr,0.03,31,1139,0.0,2,0.32492343,0.32492408,0.9886865,0.10263926,0.10263926,1.0,6.643448e-07,6.4726187e-06,-26.121296,2.1751537,0.7250513,0.216,0.0,0.15721673,11.255162,11.265162,3648000
hardzero_plus_depr__c0p52__z1p05__lam0p010__nu0p50__psi0p75,hardzero_plus_depr,0.03,31,1140,0.0,2,0.32492408,0.32492474,0.9843914,0.103659384,0.103659384,1.0,6.659345e-07,6.424257e-06,-26.65035,2.1657043,0.7219014,0.17600001,0.0,0.14521873,11.265162,11.275163,3651200
hardzero_plus_depr__c0p52__z1p05__lam0p010__nu0p50__psi0p75,hardzero_plus_depr,0.03,31,1141,0.0,2,0.32492474,0.32492533,1.0233053,0.094775185,0.094775185,1.0,6.0431046e-07,6.376252e-06,-28.032297,2.2513165,0.75043887,0.17600001,0.0,0.13864866,11.275163,11.285163,3654400
hardzero_plus_depr__c0p52__z1p05__lam0p010__nu0p50__psi0p75,hardzero_plus_depr,0.03,31,1142,0.0,2,0.32492533,0.32492593,1.0192415,0.0956662,0.0956662,1.0,6.0543414e-07,6.3286107e-06,-27.171974,2.2423759,0.74745864,0.104,0.0,0.14829813,11.285163,11.295163,3657600
hardzero_plus_depr__c0p52__z1p05__lam0p010__nu0p50__psi0p75,hardzero_plus_depr,0.03,31,1143,0.0,2,0.32492593,0.32492658,0.98320794,0.10394222,0.10394222,1.0,6.528943e-07,6.281319e-06,-26.642727,2.1631007,0.7210336,0.16800001,0.0,0.1172535,11.295163,11.305163,3660800
hardzero_plus_depr__c0p52__z1p05__lam0p010__nu0p50__psi0p75,hardzero_plus_depr,0.03,31,1144,0.0,2,0.32492658,0.32492658,1.0733165,0.0,0.08446632,0.0,0.0,6.234387e-06,-28.97107,2.3613434,0.7871145,0.17999999,0.0,0.16757275,11.305163,11.315164,3664000
hardzero_plus_depr__c0p52__z1p05__lam0p010__nu0p50__psi0p75,hardzero_plus_depr,0.03,31,1145,0.0,2,0.32492658,0.32492724,0.966208,0.10809162,0.10809162,1.0,6.6884934e-07,6.1878e-06,-26.440096,2.1257,0.70856667,0.216,0.0,0.1441311,11.315164,11.325164,3667200
hardzero_plus_depr__c0p52__z1p05__lam0p010__nu0p50__psi0p75,hardzero_plus_depr,0.03,31,1146,0.0,2,0.32492724,0.32492784,1.0086721,0.098022975,0.098022975,1.0,6.020147e-07,6.1415676e-06,-26.431114,2.219123,0.73970765,0.15200001,0.0,0.13532922,11.325164,11.335164,3670400
hardzero_plus_depr__c0p52__z1p05__lam0p010__nu0p50__psi0p75,hardzero_plus_depr,0.03,31,1147,0.0,2,0.32492784,0.32492784,1.0523133,0.0,0.088651605,0.0,0.0,6.095674e-06,-27.916357,2.3151355,0.7717118,0.128,0.0,0.15859628,11.335164,11.345164,3673600
hardzero_plus_depr__c0p52__z1p05__lam0p010__nu0p50__psi0p75,hardzero_plus_depr,0.03,31,1148,0.0,2,0.32492784,0.32492784,1.0699581,0.0,0.08512202,0.0,0.0,6.0501293e-06,-28.032028,2.3539548,0.78465164,0.17600001,0.0,0.17648235,11.345164,11.355165,3676800
hardzero_plus_depr__c0p52__z1p05__lam0p010__nu0p50__psi0p75,hardzero_plus_depr,0.03,31,1149,0.0,2,0.32492784,0.32492846,0.9913243,0.102017745,0.102017745,1.0,6.1260835e-07,6.004919e-06,-26.8945,2.180957,0.7269857,0.2,0.0,0.1278299,11.355165,11.365165,3680000
hardzero_plus_depr__c0p52__z1p05__lam0p010__nu0p50__psi0p75,hardzero_plus_depr,0.03,31,1150,0.0,2,0.32492846,0.32492912,0.9615313,0.10926189,0.10926189,1.0,6.512067e-07,5.960053e-06,-27.069708,2.115411,0.705137,0.14400001,0.0,0.12262214,11.365165,11.375165,3683200
hardzero_plus_depr__c0p52__z1p05__lam0p010__nu0p50__psi0p75,hardzero_plus_depr,0.03,31,1151,0.0,2,0.32492912,0.32492965,1.0336133,0.09255218,0.09255218,1.0,5.4749387e-07,5.915516e-06,-27.469667,2.2739947,0.7579982,0.15200001,0.0,0.13378896,11.375165,11.385165,3686400
hardzero_plus_depr__c0p52__z1p05__lam0p010__nu0p50__psi0p75,hardzero_plus_depr,0.03,31,1152,0.0,2,0.32492965,0.32493025,0.98750657,0.10291848,0.10291848,1.0,6.042671e-07,5.8713176e-06,-26.409002,2.1725578,0.72418594,0.192,0.0,0.1503127,11.385165,11.395165,3689600
hardzero_plus_depr__c0p52__z1p05__lam0p010__nu0p50__psi0p75,hardzero_plus_depr,0.03,31,1153,0.0,2,0.32493025,0.32493082,1.023464,0.09474057,0.09474057,1.0,5.520953e-07,5.827443e-06,-27.278275,2.2516656,0.7505552,0.18400002,0.0,0.13661298,11.395165,11.405166,3692800
hardzero_plus_depr__c0p52__z1p05__lam0p010__nu0p50__psi0p75,hardzero_plus_depr,0.03,31,1154,0.0,2,0.32493082,0.32493138,1.0136237,0.09691172,0.09691172,1.0,5.6052795e-07,5.7839025e-06,-28.06225,2.2300167,0.74333894,0.16000001,0.0,0.15827592,11.405166,11.415166,3696000
hardzero_plus_depr__c0p52__z1p05__lam0p010__nu0p50__psi0p75,hardzero_plus_depr,0.03,31,1155,0.0,2,0.32493138,0.32493138,1.0717288,0.0,0.084775664,0.0,0.0,5.7406814e-06,-28.242582,2.3578506,0.7859502,0.128,0.0,0.15815951,11.415166,11.425166,3699200
hardzero_plus_depr__c0p52__z1p05__lam0p010__nu0p50__psi0p75,hardzero_plus_depr,0.03,31,1156,0.0,2,0.32493138,0.32493138,1.0598476,0.0,0.08712691,0.0,0.0,5.697789e-06,-27.959463,2.3317113,0.7772371,0.16000001,0.0,0.17670886,11.425166,11.435166,3702400
hardzero_plus_depr__c0p52__z1p05__lam0p010__nu0p50__psi0p75,hardzero_plus_depr,0.03,31,1157,0.0,2,0.32493138,0.32493198,0.9863069,0.10320317,0.10320317,1.0,5.836358e-07,5.655212e-06,-26.082964,2.1699185,0.7233062,0.17,0.0,0.117523044,11.435166,11.445167,3705600
hardzero_plus_depr__c0p52__z1p05__lam0p010__nu0p50__psi0p75,hardzero_plus_depr,0.03,31,1158,0.0,2,0.32493198,0.32493255,0.9872985,0.10296782,0.10296782,1.0,5.779541e-07,5.6129584e-06,-26.196705,2.1721,0.72403336,0.128,0.0,0.12481815,11.445167,11.455167,3708800
hardzero_plus_depr__c0p52__z1p05__lam0p010__nu0p50__psi0p75,hardzero_plus_depr,0.03,31,1159,0.0,2,0.32493255,0.3249331,0.9999094,0.100020856,0.100020856,1.0,5.5721773e-07,5.571015e-06,-27.485645,2.1998446,0.73328155,0.192,0.0,0.15591314,11.455167,11.465167,3712000
hardzero_plus_depr__c0p52__z1p05__lam0p010__nu0p50__psi0p75,hardzero_plus_depr,0.03,31,1160,0.0,2,0.3249331,0.32493365,1.0231804,0.094802454,0.094802454,1.0,5.2419983e-07,5.529391e-06,-27.393103,2.2510417,0.75034726,0.208,0.008,0.15463403,11.465167,11.475167,3715200
hardzero_plus_depr__c0p52__z1p05__lam0p010__nu0p50__psi0p75,hardzero_plus_depr,0.03,31,1161,0.0,2,0.32493365,0.32493365,1.0685877,0.0,0.08539104,0.0,0.0,5.488072e-06,-27.859018,2.3509398,0.7836466,0.136,0.0,0.15575916,11.475167,11.4851675,3718400
hardzero_plus_depr__c0p52__z1p05__lam0p010__nu0p50__psi0p75,hardzero_plus_depr,0.03,31,1162,0.0,2,0.32493365,0.32493415,1.032906,0.09270303,0.09270303,1.0,5.049596e-07,5.447067e-06,-26.56863,2.2724388,0.7574796,0.136,0.0,0.13881811,11.4851675,11.495168,3721600
hardzero_plus_depr__c0p52__z1p05__lam0p010__nu0p50__psi0p75,hardzero_plus_depr,0.03,31,1163,0.0,2,0.32493415,0.32493466,1.0250691,0.09439106,0.09439106,1.0,5.103123e-07,5.4063626e-06,-27.723845,2.255197,0.75173235,0.136,0.0,0.14307368,11.495168,11.505168,3724800
hardzero_plus_depr__c0p52__z1p05__lam0p010__nu0p50__psi0p75,hardzero_plus_depr,0.03,31,1164,0.0,2,0.32493466,0.32493514,1.0448858,0.09018083,0.09018083,1.0,4.839075e-07,5.3659687e-06,-27.363573,2.2987945,0.76626486,0.16800001,0.0,0.1549268,11.505168,11.515168,3728000
hardzero_plus_depr__c0p52__z1p05__lam0p010__nu0p50__psi0p75,hardzero_plus_depr,0.03,31,1165,0.0,2,0.32493514,0.32493562,1.0437784,0.09041106,0.09041106,1.0,4.8151765e-07,5.325871e-06,-27.425787,2.2963583,0.7654528,0.128,0.0,0.14501172,11.515168,11.525168,3731200
hardzero_plus_depr__c0p52__z1p05__lam0p010__nu0p50__psi0p75,hardzero_plus_depr,0.03,31,1166,0.0,2,0.32493562,0.3249361,1.0431426,0.09054352,0.09054352,1.0,4.786201e-07,5.286078e-06,-27.758728,2.2949595,0.7649865,0.16800001,0.0,0.15079199,11.525168,11.535169,3734400
hardzero_plus_depr__c0p52__z1p05__lam0p010__nu0p50__psi0p75,hardzero_plus_depr,0.03,31,1167,0.0,2,0.3249361,0.32493663,0.99202627,0.10185297,0.10185297,1.0,5.3437947e-07,5.2465775e-06,-27.149519,2.1825013,0.72750044,0.136,0.0,0.14572519,11.535169,11.545169,3737600
hardzero_plus_depr__c0p52__z1p05__lam0p010__nu0p50__psi0p75,hardzero_plus_depr,0.03,31,1168,0.0,2,0.32493663,0.32493713,1.0194423,0.095621966,0.095621966,1.0,4.979396e-07,5.207377e-06,-26.699621,2.2428179,0.747606,0.15200001,0.0,0.15286258,11.545169,11.555169,3740800
hardzero_plus_depr__c0p52__z1p05__lam0p010__nu0p50__psi0p75,hardzero_plus_depr,0.03,31,1169,0.0,2,0.32493713,0.3249376,1.0232878,0.09477902,0.09477902,1.0,4.89862e-07,5.168464e-06,-27.667341,2.251278,0.750426,0.128,0.0,0.13593626,11.555169,11.565169,3744000
hardzero_plus_depr__c0p52__z1p05__lam0p010__nu0p50__psi0p75,hardzero_plus_depr,0.03,31,1170,0.0,2,0.3249376,0.3249381,1.0265242,0.09407534,0.09407534,1.0,4.8259216e-07,5.1298475e-06,-26.903513,2.2583983,0.75279945,0.14999999,0.0,0.113369636,11.565169,11.57517,3747200
hardzero_plus_depr__c0p52__z1p05__lam0p010__nu0p50__psi0p75,hardzero_plus_depr,0.03,31,1171,0.0,2,0.3249381,0.32493857,1.0245779,0.09449788,0.09449788,1.0,4.8113725e-07,5.0915137e-06,-27.185875,2.2541163,0.7513721,0.096,0.0,0.12973529,11.57517,11.58517,3750400
hardzero_plus_depr__c0p52__z1p05__lam0p010__nu0p50__psi0p75,hardzero_plus_depr,0.03,31,1172,0.0,2,0.32493857,0.32493904,1.0131369,0.097020425,0.097020425,1.0,4.9029e-07,5.053472e-06,-26.666615,2.2289455,0.74298185,0.2,0.0,0.15274744,11.58517,11.59517,3753600
hardzero_plus_depr__c0p52__z1p05__lam0p010__nu0p50__psi0p75,hardzero_plus_depr,0.03,31,1173,0.0,2,0.32493904,0.32493952,1.0142915,0.096762806,0.096762806,1.0,4.853341e-07,5.0157096e-06,-27.004864,2.2314858,0.74382865,0.136,0.0,0.17657547,11.59517,11.60517,3756800
hardzero_plus_depr__c0p52__z1p05__lam0p010__nu0p50__psi0p75,hardzero_plus_depr,0.03,31,1174,0.0,2,0.32493952,0.32494003,1.0002277,0.09994759,0.09994759,1.0,4.9756244e-07,4.9782334e-06,-26.79842,2.2005448,0.73351496,0.2,0.0,0.13741344,11.60517,11.6151705,3760000
hardzero_plus_depr__c0p52__z1p05__lam0p010__nu0p50__psi0p75,hardzero_plus_depr,0.03,31,1175,0.0,2,0.32494003,0.32494047,1.0365981,0.09191828,0.09191828,1.0,4.5417133e-07,4.9410337e-06,-27.588707,2.2805612,0.7601871,0.15200001,0.0,0.13658905,11.6151705,11.625171,3763200
hardzero_plus_depr__c0p52__z1p05__lam0p010__nu0p50__psi0p75,hardzero_plus_depr,0.03,31,1176,0.0,2,0.32494047,0.32494095,1.0177064,0.09600493,0.09600493,1.0,4.708193e-07,4.9041155e-06,-27.13881,2.2389987,0.7463329,0.128,0.0,0.14793162,11.625171,11.635171,3766400
hardzero_plus_depr__c0p52__z1p05__lam0p010__nu0p50__psi0p75,hardzero_plus_depr,0.03,31,1177,0.0,2,0.32494095,0.3249414,1.0312506,0.09305708,0.09305708,1.0,4.5295252e-07,4.8674697e-06,-27.810133,2.2687967,0.7562656,0.16000001,0.0,0.14552851,11.635171,11.645171,3769600
hardzero_plus_depr__c0p52__z1p05__lam0p010__nu0p50__psi0p75,hardzero_plus_depr,0.03,31,1178,0.0,2,0.3249414,0.32494187,1.0028493,0.099346064,0.099346064,1.0,4.7995087e-07,4.8311013e-06,-26.620752,2.2063127,0.7354376,0.192,0.0,0.15278104,11.645171,11.655171,3772800
hardzero_plus_depr__c0p52__z1p05__lam0p010__nu0p50__psi0p75,hardzero_plus_depr,0.03,31,1179,0.0,2,0.32494187,0.32494244,0.92721725,0.11824498,0.11824498,1.0,5.669848e-07,4.7950007e-06,-26.023657,2.0399187,0.6799729,0.216,0.0,0.13673797,11.655171,11.665172,3776000
hardzero_plus_depr__c0p52__z1p05__lam0p010__nu0p50__psi0p75,hardzero_plus_depr,0.03,31,1180,0.0,2,0.32494244,0.3249429,1.0283949,0.09367097,0.09367097,1.0,4.4579647e-07,4.7591743e-06,-27.053625,2.262514,0.7541714,0.192,0.0,0.14845368,11.665172,11.675172,3779200
hardzero_plus_depr__c0p52__z1p05__lam0p010__nu0p50__psi0p75,hardzero_plus_depr,0.03,31,1181,0.0,2,0.3249429,0.3249433,1.0484362,0.0894466,0.0894466,1.0,4.225109e-07,4.723611e-06,-27.897188,2.3066056,0.76886857,0.216,0.0,0.14767896,11.675172,11.685172,3782400
hardzero_plus_depr__c0p52__z1p05__lam0p010__nu0p50__psi0p75,hardzero_plus_depr,0.03,31,1182,0.0,2,0.3249433,0.3249433,1.0652261,0.0,0.086054556,0.0,0.0,4.688318e-06,-28.626213,2.3435442,0.78118145,0.16000001,0.0,0.18152921,11.685172,11.695172,3785600
hardzero_plus_depr__c0p52__z1p05__lam0p010__nu0p50__psi0p75,hardzero_plus_depr,0.03,31,1183,0.0,2,0.3249433,0.32494375,1.0229656,0.09484938,0.09484938,1.0,4.4136107e-07,4.6532837e-06,-26.453468,2.250569,0.7501897,0.17,0.0,0.1475531,11.695172,11.705173,3788800
hardzero_plus_depr__c0p52__z1p05__lam0p010__nu0p50__psi0p75,hardzero_plus_depr,0.03,31,1184,0.0,2,0.32494375,0.3249442,1.0135596,0.09692602,0.09692602,1.0,4.4765437e-07,4.618516e-06,-26.926622,2.2298756,0.74329185,0.120000005,0.0,0.15485927,11.705173,11.715173,3792000
hardzero_plus_depr__c0p52__z1p05__lam0p010__nu0p50__psi0p75,hardzero_plus_depr,0.03,31,1185,0.0,2,0.3249442,0.32494465,1.0030407,0.0993023,0.0993023,1.0,4.5520213e-07,4.584004e-06,-27.174139,2.2067335,0.7355778,0.16000001,0.0,0.14424495,11.715173,11.725173,3795200
hardzero_plus_depr__c0p52__z1p05__lam0p010__nu0p50__psi0p75,hardzero_plus_depr,0.03,31,1186,0.0,2,0.32494465,0.3249451,1.0114716,0.09739314,0.09739314,1.0,4.431148e-07,4.5497536e-06,-27.477741,2.225282,0.7417607,0.16000001,0.0,0.16163224,11.725173,11.735173,3798400
hardzero_plus_depr__c0p52__z1p05__lam0p010__nu0p50__psi0p75,hardzero_plus_depr,0.03,31,1187,0.0,2,0.3249451,0.3249455,1.0410644,0.09097784,0.09097784,1.0,4.1083368e-07,4.5157553e-06,-26.792301,2.2903874,0.7634625,0.14400001,0.0,0.13874173,11.735173,11.745173,3801600
hardzero_plus_depr__c0p52__z1p05__lam0p010__nu0p50__psi0p75,hardzero_plus_depr,0.03,31,1188,0.0,2,0.3249455,0.3249455,1.0518882,0.0,0.088738434,0.0,0.0,4.4820154e-06,-27.518324,2.3142004,0.77140015,0.192,0.0,0.1471591,11.745173,11.755174,3804800
hardzero_plus_depr__c0p52__z1p05__lam0p010__nu0p50__psi0p75,hardzero_plus_depr,0.03,31,1189,0.0,2,0.3249455,0.32494596,1.001296,0.09970201,0.09970201,1.0,4.435267e-07,4.448523e-06,-26.654434,2.2028952,0.7342984,0.16800001,0.0,0.14025493,11.755174,11.765174,3808000
hardzero_plus_depr__c0p52__z1p05__lam0p010__nu0p50__psi0p75,hardzero_plus_depr,0.03,31,1190,0.0,2,0.32494596,0.32494637,1.0359318,0.09205942,0.09205942,1.0,4.064686e-07,4.4152853e-06,-27.342234,2.2790956,0.75969857,0.136,0.0,0.13791265,11.765174,11.775174,3811200
hardzero_plus_depr__c0p52__z1p05__lam0p010__nu0p50__psi0p75,hardzero_plus_depr,0.03,31,1191,0.0,2,0.32494637,0.32494676,1.0409864,0.09099417,0.09099417,1.0,3.9876298e-07,4.3822915e-06,-27.50322,2.290216,0.7634053,0.136,0.008,0.13218217,11.775174,11.785174,3814400
hardzero_plus_depr__c0p52__z1p05__lam0p010__nu0p50__psi0p75,hardzero_plus_depr,0.03,31,1192,0.0,2,0.32494676,0.32494724,0.9680367,0.10763741,0.10763741,1.0,4.681742e-07,4.349549e-06,-26.397915,2.1297233,0.70990777,0.16800001,0.0,0.120724946,11.785174,11.795175,3817600
hardzero_plus_depr__c0p52__z1p05__lam0p010__nu0p50__psi0p75,hardzero_plus_depr,0.03,31,1193,0.0,2,0.32494724,0.32494766,1.0056893,0.09869855,0.09869855,1.0,4.260862e-07,4.317046e-06,-27.870766,2.2125607,0.7375202,0.104,0.0,0.14013115,11.795175,11.805175,3820800
hardzero_plus_depr__c0p52__z1p05__lam0p010__nu0p50__psi0p75,hardzero_plus_depr,0.03,31,1194,0.0,2,0.32494766,0.32494804,1.0381188,0.091596976,0.091596976,1.0,3.924739e-07,4.284791e-06,-27.874432,2.2839072,0.7613024,0.17600001,0.0,0.16479027,11.805175,11.815175,3824000
hardzero_plus_depr__c0p52__z1p05__lam0p010__nu0p50__psi0p75,hardzero_plus_depr,0.03,31,1195,0.0,2,0.32494804,0.32494846,1.01123,0.09744735,0.09744735,1.0,4.1442138e-07,4.252772e-06,-26.649195,2.2247505,0.7415835,0.112,0.0,0.13227811,11.815175,11.825175,3827200
hardzero_plus_depr__c0p52__z1p05__lam0p010__nu0p50__psi0p75,hardzero_plus_depr,0.03,31,1196,0.0,2,0.32494846,0.32494888,0.9998667,0.10003068,0.10003068,1.0,4.2222922e-07,4.220997e-06,-26.9164,2.1997507,0.73325026,0.14999999,0.0,0.15239938,11.825175,11.8351755,3830400
hardzero_plus_depr__c0p52__z1p05__lam0p010__nu0p50__psi0p75,hardzero_plus_depr,0.03,31,1197,0.0,2,0.32494888,0.32494935,0.9467572,0.113042764,0.113042764,1.0,4.7358762e-07,4.1894555e-06,-25.185127,2.0829074,0.6943025,0.216,0.0,0.13112153,11.8351755,11.845176,3833600
hardzero_plus_depr__c0p52__z1p05__lam0p010__nu0p50__psi0p75,hardzero_plus_depr,0.03,31,1198,0.0,2,0.32494935,0.32494974,1.0455704,0.090038784,0.090038784,1.0,3.7439509e-07,4.1581534e-06,-27.92128,2.3003008,0.76676697,0.08800001,0.0,0.13105637,11.845176,11.855176,3836800
hardzero_plus_depr__c0p52__z1p05__lam0p010__nu0p50__psi0p75,hardzero_plus_depr,0.03,31,1199,0.0,2,0.32494974,0.32495016,0.9965287,0.100802496,0.100802496,1.0,4.160201e-07,4.1270814e-06,-26.409578,2.192407,0.7308023,0.18400002,0.0,0.15908135,11.855176,11.865176,3840000
hardzero_plus_depr__c0p52__z1p05__lam0p010__nu0p50__psi0p75,hardzero_plus_depr,0.03,31,1200,0.0,2,0.32495016,0.32495016,1.0826905,0.0,0.08266269,0.0,0.0,4.096245e-06,-28.587837,2.3819666,0.7939889,0.136,0.0,0.15638316,11.865176,11.875176,3843200
hardzero_plus_depr__c0p52__z1p05__lam0p010__nu0p50__psi0p75,hardzero_plus_depr,0.03,31,1201,0.0,2,0.32495016,0.32495055,1.0125009,0.097162604,0.097162604,1.0,3.9502774e-07,4.0656355e-06,-27.2012,2.2275465,0.7425155,0.128,0.0,0.16404946,11.875176,11.885177,3846400
hardzero_plus_depr__c0p52__z1p05__lam0p010__nu0p50__psi0p75,hardzero_plus_depr,0.03,31,1202,0.0,2,0.32495055,0.32495093,1.009397,0.097859494,0.097859494,1.0,3.9488833e-07,4.0352584e-06,-26.784925,2.220718,0.7402393,0.16000001,0.0,0.1312924,11.885177,11.895177,3849600
hardzero_plus_depr__c0p52__z1p05__lam0p010__nu0p50__psi0p75,hardzero_plus_depr,0.03,31,1203,0.0,2,0.32495093,0.32495132,1.0035086,0.09919537,0.09919537,1.0,3.972878e-07,4.0051045e-06,-27.13611,2.207763,0.735921,0.16800001,0.008,0.14534578,11.895177,11.905177,3852800
hardzero_plus_depr__c0p52__z1p05__lam0p010__nu0p50__psi0p75,hardzero_plus_depr,0.03,31,1204,0.0,2,0.32495132,0.3249517,1.0119761,0.09728008,0.09728008,1.0,3.867058e-07,3.97518e-06,-27.141827,2.226392,0.7421307,0.112,0.0,0.137028,11.905177,11.915177,3856000
hardzero_plus_depr__c0p52__z1p05__lam0p010__nu0p50__psi0p75,hardzero_plus_depr,0.03,31,1205,0.0,2,0.3249517,0.3249521,1.0050322,0.09884797,0.09884797,1.0,3.9000224e-07,3.9454753e-06,-26.448975,2.211115,0.7370383,0.16000001,0.0,0.141078,11.915177,11.925178,3859200
hardzero_plus_depr__c0p52__z1p05__lam0p010__nu0p50__psi0p75,hardzero_plus_depr,0.03,31,1206,0.0,2,0.3249521,0.32495248,1.0163516,0.096304916,0.096304916,1.0,3.7712965e-07,3.915996e-06,-27.25558,2.2360182,0.7453394,0.136,0.0,0.14857824,11.925178,11.935178,3862400
hardzero_plus_depr__c0p52__z1p05__lam0p010__nu0p50__psi0p75,hardzero_plus_depr,0.03,31,1207,0.0,2,0.32495248,0.3249529,0.96976703,0.10720942,0.10720942,1.0,4.1669443e-07,3.8867333e-06,-26.41475,2.1335301,0.71117675,0.120000005,0.0,0.121625826,11.935178,11.945178,3865600
hardzero_plus_depr__c0p52__z1p05__lam0p010__nu0p50__psi0p75,hardzero_plus_depr,0.03,31,1208,0.0,2,0.3249529,0.3249533,1.0065494,0.09850327,0.09850327,1.0,3.7999538e-07,3.857693e-06,-27.912287,2.2144527,0.73815095,0.192,0.008,0.16899966,11.945178,11.955178,3868800
hardzero_plus_depr__c0p52__z1p05__lam0p010__nu0p50__psi0p75,hardzero_plus_depr,0.03,31,1209,0.0,2,0.3249533,0.32495368,0.98381335,0.10379745,0.10379745,1.0,3.9742656e-07,3.8288663e-06,-27.045467,2.1644325,0.7214775,0.16,0.0,0.13520819,11.955178,11.9651785,3872000
hardzero_plus_depr__c0p52__z1p05__lam0p010__nu0p50__psi0p75,hardzero_plus_depr,0.03,31,1210,0.0,2,0.32495368,0.324954,1.0455928,0.09003415,0.09003415,1.0,3.4215302e-07,3.8002584e-06,-26.89005,2.30035,0.76678336,0.112,0.0,0.1687332,11.9651785,11.975179,3875200
hardzero_plus_depr__c0p52__z1p05__lam0p010__nu0p50__psi0p75,hardzero_plus_depr,0.03,31,1211,0.0,2,0.324954,0.32495442,0.95579106,0.11071564,0.11071564,1.0,4.1760393e-07,3.7718603e-06,-26.211668,2.1027822,0.70092744,0.192,0.0,0.13546672,11.975179,11.985179,3878400
hardzero_plus_depr__c0p52__z1p05__lam0p010__nu0p50__psi0p75,hardzero_plus_depr,0.03,31,1212,0.0,2,0.32495442,0.32495478,1.036831,0.09186899,0.09186899,1.0,3.4392798e-07,3.7436787e-06,-28.030218,2.2810738,0.760358,0.15200001,0.0,0.19383253,11.985179,11.995179,3881600
hardzero_plus_depr__c0p52__z1p05__lam0p010__nu0p50__psi0p75,hardzero_plus_depr,0.03,31,1213,0.0,2,0.32495478,0.3249551,1.0438044,0.09040565,0.09040565,1.0,3.359206e-07,3.7157033e-06,-28.164463,2.2964156,0.7654719,0.136,0.0,0.16592328,11.995179,12.005179,3884800
hardzero_plus_depr__c0p52__z1p05__lam0p010__nu0p50__psi0p75,hardzero_plus_depr,0.03,31,1214,0.0,2,0.3249551,0.32495546,1.015619,0.09646747,0.09646747,1.0,3.5576636e-07,3.6879412e-06,-27.594868,2.2344065,0.7448022,0.136,0.0,0.14037867,12.005179,12.01518,3888000
hardzero_plus_depr__c0p52__z1p05__lam0p010__nu0p50__psi0p75,hardzero_plus_depr,0.03,31,1215,0.0,2,0.32495546,0.32495585,0.9923623,0.1017742,0.1017742,1.0,3.7253253e-07,3.6603826e-06,-26.669493,2.1832407,0.7277469,0.128,0.0,0.12501846,12.01518,12.02518,3891200
hardzero_plus_depr__c0p52__z1p05__lam0p010__nu0p50__psi0p75,hardzero_plus_depr,0.03,31,1216,0.0,2,0.32495585,0.32495624,0.95868623,0.10998001,0.10998001,1.0,3.9956106e-07,3.6330334e-06,-25.007198,2.1091518,0.7030506,0.192,0.0,0.12523405,12.02518,12.03518,3894400
hardzero_plus_depr__c0p52__z1p05__lam0p010__nu0p50__psi0p75,hardzero_plus_depr,0.03,31,1217,0.0,2,0.32495624,0.32495657,1.02593,0.09420412,0.09420412,1.0,3.3968925e-07,3.6058852e-06,-27.44061,2.2570913,0.7523638,0.128,0.0,0.14328738,12.03518,12.04518,3897600
hardzero_plus_depr__c0p52__z1p05__lam0p010__nu0p50__psi0p75,hardzero_plus_depr,0.03,31,1218,0.0,2,0.32495657,0.32495692,1.0074418,0.09830106,0.09830106,1.0,3.5181392e-07,3.5789433e-06,-26.714298,2.2164161,0.7388054,0.136,0.0,0.12756096,12.04518,12.055181,3900800
hardzero_plus_depr__c0p52__z1p05__lam0p010__nu0p50__psi0p75,hardzero_plus_depr,0.03,31,1219,0.0,2,0.32495692,0.32495728,0.9979029,0.10048403,0.10048403,1.0,3.5693932e-07,3.5521996e-06,-26.471312,2.1954303,0.7318101,0.17600001,0.0,0.13207288,12.055181,12.065181,3904000
hardzero_plus_depr__c0p52__z1p05__lam0p010__nu0p50__psi0p75,hardzero_plus_depr,0.03,31,1220,0.0,2,0.32495728,0.32495764,1.005017,0.098851435,0.098851435,1.0,3.4851644e-07,3.525659e-06,-27.300444,2.2110817,0.7370273,0.224,0.0,0.15438999,12.065181,12.075181,3907200
hardzero_plus_depr__c0p52__z1p05__lam0p010__nu0p50__psi0p75,hardzero_plus_depr,0.03,31,1221,0.0,2,0.32495764,0.32495797,1.0408239,0.09102822,0.09102822,1.0,3.1853625e-07,3.4993132e-06,-26.683146,2.2898583,0.7632861,0.15200001,0.0,0.14609498,12.075181,12.085181,3910400
hardzero_plus_depr__c0p52__z1p05__lam0p010__nu0p50__psi0p75,hardzero_plus_depr,0.03,31,1222,0.0,2,0.32495797,0.32495832,0.9737437,0.10623224,0.10623224,1.0,3.6896236e-07,3.4731675e-06,-26.075153,2.142279,0.71409297,0.22,0.0,0.12374232,12.085181,12.095181,3913600
hardzero_plus_depr__c0p52__z1p05__lam0p010__nu0p50__psi0p75,hardzero_plus_depr,0.03,31,1223,0.0,2,0.32495832,0.32495868,0.99226564,0.10179684,0.10179684,1.0,3.5091546e-07,3.4472137e-06,-27.19309,2.183028,0.72767603,0.192,0.0,0.14990865,12.095181,12.105182,3916800
hardzero_plus_depr__c0p52__z1p05__lam0p010__nu0p50__psi0p75,hardzero_plus_depr,0.03,31,1224,0.0,2,0.32495868,0.32495898,1.0399806,0.091205135,0.091205135,1.0,3.1205448e-07,3.4214572e-06,-27.680601,2.2880032,0.7626678,0.128,0.0,0.14713398,12.105182,12.115182,3920000
hardzero_plus_depr__c0p52__z1p05__lam0p010__nu0p50__psi0p75,hardzero_plus_depr,0.03,31,1225,0.0,2,0.32495898,0.32495934,0.9795543,0.10482036,0.10482036,1.0,3.5595843e-07,3.3958902e-06,-26.818577,2.1550624,0.71835417,0.208,0.0,0.14301758,12.115182,12.125182,3923200
hardzero_plus_depr__c0p52__z1p05__lam0p010__nu0p50__psi0p75,hardzero_plus_depr,0.03,31,1226,0.0,2,0.32495934,0.32495973,0.9426707,0.114111476,0.114111476,1.0,3.846147e-07,3.3705173e-06,-26.145359,2.073917,0.69130564,0.18400002,0.0,0.12127581,12.125182,12.135182,3926400
hardzero_plus_depr__c0p52__z1p05__lam0p010__nu0p50__psi0p75,hardzero_plus_depr,0.03,31,1227,0.0,2,0.32495973,0.32496008,0.9685608,0.10750761,0.10750761,1.0,3.5964854e-07,3.345331e-06,-25.905056,2.1308763,0.7102921,0.17600001,0.0,0.13641015,12.135182,12.145183,3929600
hardzero_plus_depr__c0p52__z1p05__lam0p010__nu0p50__psi0p75,hardzero_plus_depr,0.03,31,1228,0.0,2,0.32496008,0.3249604,1.0128534,0.097083755,0.097083755,1.0,3.2235067e-07,3.3203357e-06,-27.226025,2.228322,0.742774,0.14400001,0.0,0.14628004,12.145183,12.155183,3932800
hardzero_plus_depr__c0p52__z1p05__lam0p010__nu0p50__psi0p75,hardzero_plus_depr,0.03,31,1229,0.0,2,0.3249604,0.3249607,1.0425141,0.09067465,0.09067465,1.0,2.988205e-07,3.2955243e-06,-27.315315,2.2935767,0.7645256,0.18400002,0.0,0.14654808,12.155183,12.165183,3936000
hardzero_plus_depr__c0p52__z1p05__lam0p010__nu0p50__psi0p75,hardzero_plus_depr,0.03,31,1230,0.0,2,0.3249607,0.32496104,1.0191599,0.09568418,0.09568418,1.0,3.1297353e-07,3.2709015e-06,-27.74041,2.2421966,0.74739885,0.096,0.0,0.15357018,12.165183,12.175183,3939200
hardzero_plus_depr__c0p52__z1p05__lam0p010__nu0p50__psi0p75,hardzero_plus_depr,0.03,31,1231,0.0,2,0.32496104,0.32496133,1.0293019,0.093475565,0.093475565,1.0,3.0346462e-07,3.2464593e-06,-27.168495,2.2645094,0.7548365,0.112,0.0,0.14356698,12.175183,12.185184,3942400
hardzero_plus_depr__c0p52__z1p05__lam0p010__nu0p50__psi0p75,hardzero_plus_depr,0.03,31,1232,0.0,2,0.32496133,0.32496133,1.0530367,0.0,0.088504076,0.0,0.0,3.2222028e-06,-28.290045,2.316727,0.7722423,0.216,0.0,0.16511388,12.185184,12.195184,3945600
hardzero_plus_depr__c0p52__z1p05__lam0p010__nu0p50__psi0p75,hardzero_plus_depr,0.03,31,1233,0.0,2,0.32496133,0.32496163,1.0355877,0.09213238,0.09213238,1.0,2.9465085e-07,3.1981247e-06,-26.66512,2.2783384,0.75944614,0.104,0.0,0.13911214,12.195184,12.205184,3948800
hardzero_plus_depr__c0p52__z1p05__lam0p010__nu0p50__psi0p75,hardzero_plus_depr,0.03,31,1234,0.0,2,0.32496163,0.32496196,1.0000883,0.09997966,0.09997966,1.0,3.1735837e-07,3.1742293e-06,-26.809824,2.2002382,0.73341274,0.15200001,0.0,0.16181822,12.205184,12.215184,3952000
hardzero_plus_depr__c0p52__z1p05__lam0p010__nu0p50__psi0p75,hardzero_plus_depr,0.03,31,1235,0.0,2,0.32496196,0.32496226,1.0124421,0.09717574,0.09717574,1.0,3.061531e-07,3.1505097e-06,-28.087885,2.2274172,0.7424724,0.22,0.0,0.1541946,12.215184,12.225184,3955200
hardzero_plus_depr__c0p52__z1p05__lam0p010__nu0p50__psi0p75,hardzero_plus_depr,0.03,31,1236,0.0,2,0.32496226,0.32496226,1.0538383,0.0,0.088340886,0.0,0.0,3.12697e-06,-27.654764,2.3184905,0.7728302,0.112,0.0,0.15378691,12.225184,12.235185,3958400
hardzero_plus_depr__c0p52__z1p05__lam0p010__nu0p50__psi0p75,hardzero_plus_depr,0.03,31,1237,0.0,2,0.32496226,0.3249626,0.99185395,0.10189338,0.10189338,1.0,3.1623665e-07,3.1036036e-06,-26.68155,2.1821222,0.7273741,0.23200001,0.0,0.12665151,12.235185,12.245185,3961600
hardzero_plus_depr__c0p52__z1p05__lam0p010__nu0p50__psi0p75,hardzero_plus_depr,0.03,31,1238,0.0,2,0.3249626,0.32496288,1.0291115,0.09351656,0.09351656,1.0,2.8806977e-07,3.0804147e-06,-27.335445,2.2640905,0.75469685,0.096,0.0,0.17142761,12.245185,12.255185,3964800
hardzero_plus_depr__c0p52__z1p05__lam0p010__nu0p50__psi0p75,hardzero_plus_depr,0.03,31,1239,0.0,2,0.32496288,0.32496318,1.0310522,0.093099594,0.093099594,1.0,2.8464234e-07,3.057396e-06,-27.522987,2.2683601,0.7561201,0.120000005,0.0,0.15865827,12.255185,12.265185,3968000
hardzero_plus_depr__c0p52__z1p05__lam0p010__nu0p50__psi0p75,hardzero_plus_depr,0.03,31,1240,0.0,2,0.32496318,0.32496348,1.0010453,0.09975958,0.09975958,1.0,3.0272565e-07,3.0345523e-06,-27.146494,2.2023437,0.7341146,0.18400002,0.0,0.11639378,12.265185,12.275186,3971200
hardzero_plus_depr__c0p52__z1p05__lam0p010__nu0p50__psi0p75,hardzero_plus_depr,0.03,31,1241,0.0,2,0.32496348,0.32496378,0.9998901,0.100025296,0.100025296,1.0,3.0126384e-07,3.0118765e-06,-27.277578,2.1998022,0.7332674,0.16000001,0.0,0.14668773,12.275186,12.285186,3974400
hardzero_plus_depr__c0p52__z1p05__lam0p010__nu0p50__psi0p75,hardzero_plus_depr,0.03,31,1242,0.0,2,0.32496378,0.32496408,0.98116755,0.10443172,0.10443172,1.0,3.121853e-07,2.9893724e-06,-26.5177,2.1586118,0.71953726,0.16800001,0.0,0.14405116,12.285186,12.295186,3977600
hardzero_plus_depr__c0p52__z1p05__lam0p010__nu0p50__psi0p75,hardzero_plus_depr,0.03,31,1243,0.0,2,0.32496408,0.32496408,1.0936149,0.0,0.08060928,0.0,0.0,2.967034e-06,-28.72289,2.4060009,0.8020003,0.056,0.0,0.14653951,12.295186,12.305186,3980800
hardzero_plus_depr__c0p52__z1p05__lam0p010__nu0p50__psi0p75,hardzero_plus_depr,0.03,31,1244,0.0,2,0.32496408,0.32496437,1.0120866,0.09725531,0.09725531,1.0,2.864038e-07,2.9448654e-06,-27.473158,2.226635,0.7422117,0.14400001,0.0,0.16164722,12.305186,12.3151865,3984000
hardzero_plus_depr__c0p52__z1p05__lam0p010__nu0p50__psi0p75,hardzero_plus_depr,0.03,31,1245,0.0,2,0.32496437,0.32496464,1.0139376,0.09684169,0.09684169,1.0,2.8305467e-07,2.9228597e-06,-28.574486,2.2307072,0.7435691,0.17600001,0.0,0.15697572,12.3151865,12.325187,3987200
hardzero_plus_depr__c0p52__z1p05__lam0p010__nu0p50__psi0p75,hardzero_plus_depr,0.03,31,1246,0.0,2,0.32496464,0.32496497,0.96504563,0.10838129,0.10838129,1.0,3.1441644e-07,2.9010212e-06,-26.436827,2.1231427,0.70771426,0.16800001,0.0,0.13332668,12.325187,12.335187,3990400
hardzero_plus_depr__c0p52__z1p05__lam0p010__nu0p50__psi0p75,hardzero_plus_depr,0.03,31,1247,0.0,2,0.32496497,0.32496524,1.0272425,0.09391987,0.09391987,1.0,2.7042753e-07,2.8793431e-06,-27.085373,2.2599788,0.7533263,0.080000006,0.0,0.14265847,12.335187,12.345187,3993600
hardzero_plus_depr__c0p52__z1p05__lam0p010__nu0p50__psi0p75,hardzero_plus_depr,0.03,31,1248,0.0,2,0.32496524,0.32496557,0.9568769,0.11043917,0.11043917,1.0,3.1561632e-07,2.8578297e-06,-26.376417,2.1051712,0.70172375,0.19999999,0.0,0.12702307,12.345187,12.355187,3996800
hardzero_plus_depr__c0p52__z1p05__lam0p010__nu0p50__psi0p75,hardzero_plus_depr,0.03,31,1249,0.0,2,0.32496557,0.32496583,1.0307945,0.093154855,0.093154855,1.0,2.6423135e-07,2.8364743e-06,-27.942177,2.2677932,0.7559311,0.120000005,0.0,0.12180125,12.355187,12.365188,4000000
