mechanism_tag,mechanism,alpha,seed,update,update_u,update_counter,energy_E_pre,energy_E_post,funding_z,funding_g,funding_g_raw,funding_cut_active,funding_income,funding_alpha_eff,episode_return_end_mean,terminal_min_dists_end_mean,terminal_dbar_end,terminal_occupied_end_mean,terminal_CSR_train,vartd_VarTD,depr_F,depr_F_post,env_steps
hardzero_plus_depr__c0p54__z1p10__lam0p020__nu0p50__psi1p25,hardzero_plus_depr,0.01,38,0,1.0,1,1.0,0.46082777,1.0820855,0.082777925,0.082777925,1.0,0.00082777924,0.01,-27.605452,2.3806355,0.7935452,0.11,0.0,0.15982054,0.0,0.0,3200
hardzero_plus_depr__c0p54__z1p10__lam0p020__nu0p50__psi1p25,hardzero_plus_depr,0.01,38,1,0.0,1,0.46082777,0.4617664,1.0275104,0.09386196,0.09386196,1.0,0.0009386196,0.01,-27.512161,2.260568,0.75352263,0.17600001,0.0,0.16420598,0.0,0.02,6400
hardzero_plus_depr__c0p54__z1p10__lam0p020__nu0p50__psi1p25,hardzero_plus_depr,0.01,38,2,0.0,1,0.4617664,0.46271557,1.0117905,0.097321644,0.097321644,1.0,0.0009491876,0.009753099,-26.828037,2.2259836,0.74199456,0.17600001,0.0,0.14578708,0.02,0.04,9600
hardzero_plus_depr__c0p54__z1p10__lam0p020__nu0p50__psi1p25,hardzero_plus_depr,0.01,38,3,0.0,1,0.46271557,0.46364078,1.0120441,0.09726484,0.09726484,1.0,0.00092521176,0.009512294,-26.771875,2.2265415,0.7421805,0.16800001,0.0,0.15549259,0.04,0.06,12800
hardzero_plus_depr__c0p54__z1p10__lam0p020__nu0p50__psi1p25,hardzero_plus_depr,0.01,38,4,0.0,1,0.46364078,0.46443683,1.0664916,0.08580416,0.08580416,1.0,0.0007960425,0.009277435,-27.259026,2.3463285,0.7821095,0.136,0.0,0.16018406,0.06,0.08,16000
hardzero_plus_depr__c0p54__z1p10__lam0p020__nu0p50__psi1p25,hardzero_plus_depr,0.01,38,5,0.0,1,0.46443683,0.46443683,1.1097598,0.0,0.07766765,0.0,0.0,0.009048374,-28.411482,2.4415202,0.8138401,0.096,0.0,0.18801689,0.08,0.099999994,19200
hardzero_plus_depr__c0p54__z1p10__lam0p020__nu0p50__psi1p25,hardzero_plus_depr,0.01,38,6,0.0,1,0.46443683,0.46517482,1.077657,0.08362632,0.08362632,1.0,0.0007379997,0.008824969,-27.629124,2.3708928,0.7902976,0.128,0.0,0.15429173,0.099999994,0.11999999,22400
hardzero_plus_depr__c0p54__z1p10__lam0p020__nu0p50__psi1p25,hardzero_plus_depr,0.01,38,7,0.0,1,0.46517482,0.46588495,1.08352,0.08250494,0.08250494,1.0,0.0007101266,0.008607079,-27.47306,2.3837917,0.79459727,0.120000005,0.0,0.13392264,0.11999999,0.13999999,25600
hardzero_plus_depr__c0p54__z1p10__lam0p020__nu0p50__psi1p25,hardzero_plus_depr,0.01,38,8,0.0,1,0.46588495,0.46668854,1.0189674,0.095726594,0.095726594,1.0,0.0008035836,0.00839457,-27.194399,2.2417731,0.7472577,0.16800001,0.0,0.15093914,0.13999999,0.15999998,28800
hardzero_plus_depr__c0p54__z1p10__lam0p020__nu0p50__psi1p25,hardzero_plus_depr,0.01,38,9,0.0,1,0.46668854,0.46745273,1.0299357,0.09333926,0.09333926,1.0,0.00076419726,0.008187308,-27.1067,2.265904,0.75530136,0.14400001,0.0,0.14773187,0.15999998,0.17999998,32000
hardzero_plus_depr__c0p54__z1p10__lam0p020__nu0p50__psi1p25,hardzero_plus_depr,0.01,38,10,0.0,1,0.46745273,0.4681596,1.0529579,0.08852013,0.08852013,1.0,0.00070684764,0.007985163,-27.50543,2.3165536,0.77218455,0.192,0.0,0.1664587,0.17999998,0.19999997,35200
hardzero_plus_depr__c0p54__z1p10__lam0p020__nu0p50__psi1p25,hardzero_plus_depr,0.01,38,11,0.0,1,0.4681596,0.46889254,1.026342,0.094114795,0.094114795,1.0,0.00073296676,0.0077880076,-27.74855,2.2579975,0.7526659,0.096,0.0,0.14521441,0.19999997,0.21999997,38400
hardzero_plus_depr__c0p54__z1p10__lam0p020__nu0p50__psi1p25,hardzero_plus_depr,0.01,38,12,0.0,1,0.46889254,0.46963656,1.0089883,0.09795164,0.09795164,1.0,0.00074401335,0.007595721,-27.583681,2.2198186,0.7399396,0.15200001,0.0,0.17023255,0.21999997,0.23999996,41600
hardzero_plus_depr__c0p54__z1p10__lam0p020__nu0p50__psi1p25,hardzero_plus_depr,0.01,38,13,0.0,1,0.46963656,0.46963656,1.1193155,0.0,0.075977415,0.0,0.0,0.0074081817,-28.83287,2.4625432,0.82084775,0.16,0.0,0.23039162,0.23999996,0.25999996,44800
hardzero_plus_depr__c0p54__z1p10__lam0p020__nu0p50__psi1p25,hardzero_plus_depr,0.01,38,14,0.0,1,0.46963656,0.47036144,0.9985879,0.10032569,0.10032569,1.0,0.00072488055,0.0072252736,-26.17145,2.1969373,0.73231244,0.192,0.0,0.15510246,0.25999996,0.27999997,48000
hardzero_plus_depr__c0p54__z1p10__lam0p020__nu0p50__psi1p25,hardzero_plus_depr,0.01,38,15,0.0,1,0.47036144,0.47100025,1.0426277,0.09065094,0.09065094,1.0,0.0006388064,0.007046881,-27.519022,2.2938268,0.764609,0.14400001,0.0,0.16071431,0.27999997,0.29999998,51200
hardzero_plus_depr__c0p54__z1p10__lam0p020__nu0p50__psi1p25,hardzero_plus_depr,0.01,38,16,0.0,1,0.47100025,0.47156265,1.0871007,0.081827484,0.081827484,1.0,0.00056239153,0.006872893,-27.851978,2.3916695,0.7972232,0.136,0.0,0.16544615,0.29999998,0.32,54400
hardzero_plus_depr__c0p54__z1p10__lam0p020__nu0p50__psi1p25,hardzero_plus_depr,0.01,38,17,0.0,1,0.47156265,0.47211516,1.0839468,0.082423896,0.082423896,1.0,0.0005525039,0.0067032008,-28.236135,2.3847306,0.7949102,0.104,0.0,0.173383,0.32,0.34,57600
hardzero_plus_depr__c0p54__z1p10__lam0p020__nu0p50__psi1p25,hardzero_plus_depr,0.01,38,18,0.0,1,0.47211516,0.47267506,1.067319,0.08564084,0.08564084,1.0,0.0005598939,0.0065376977,-27.665398,2.3481488,0.7827163,0.104,0.0,0.18104815,0.34,0.36,60800
hardzero_plus_depr__c0p54__z1p10__lam0p020__nu0p50__psi1p25,hardzero_plus_depr,0.01,38,19,0.0,1,0.47267506,0.47329074,1.0152044,0.09655963,0.09655963,1.0,0.00061569136,0.0063762814,-27.815239,2.2334943,0.74449813,0.15200001,0.0,0.18656655,0.36,0.38000003,64000
hardzero_plus_depr__c0p54__z1p10__lam0p020__nu0p50__psi1p25,hardzero_plus_depr,0.01,38,20,0.0,1,0.47329074,0.47385728,1.040489,0.09109846,0.09109846,1.0,0.0005665277,0.0062188506,-27.263287,2.2891214,0.7630405,0.14400001,0.0,0.1738492,0.38000003,0.40000004,67200
hardzero_plus_depr__c0p54__z1p10__lam0p020__nu0p50__psi1p25,hardzero_plus_depr,0.01,38,21,0.0,1,0.47385728,0.47440073,1.0477034,0.08959765,0.08959765,1.0,0.00054343714,0.006065306,-27.6249,2.3049934,0.76833117,0.14400001,0.0,0.18873739,0.40000004,0.42000005,70400
hardzero_plus_depr__c0p54__z1p10__lam0p020__nu0p50__psi1p25,hardzero_plus_depr,0.01,38,22,0.0,1,0.47440073,0.47496176,1.0230066,0.09484042,0.09484042,1.0,0.00056103355,0.005915553,-27.026098,2.2506595,0.7502198,0.17600001,0.0,0.17418104,0.42000005,0.44000006,73600
hardzero_plus_depr__c0p54__z1p10__lam0p020__nu0p50__psi1p25,hardzero_plus_depr,0.01,38,23,0.0,1,0.47496176,0.47547942,1.047077,0.089726985,0.089726985,1.0,0.0005176796,0.0057694977,-27.815641,2.3036153,0.7678718,0.15200001,0.0,0.14255652,0.44000006,0.46000007,76800
hardzero_plus_depr__c0p54__z1p10__lam0p020__nu0p50__psi1p25,hardzero_plus_depr,0.01,38,24,0.0,1,0.47547942,0.47547942,1.1137477,0.0,0.07695773,0.0,0.0,0.0056270477,-29.127272,2.450294,0.8167647,0.112,0.0,0.17430909,0.46000007,0.48000008,80000
hardzero_plus_depr__c0p54__z1p10__lam0p020__nu0p50__psi1p25,hardzero_plus_depr,0.01,38,25,0.0,1,0.47547942,0.47594878,1.067909,0.085524574,0.085524574,1.0,0.00046936877,0.005488116,-28.41947,2.3494468,0.78314894,0.192,0.0,0.20276266,0.48000008,0.50000006,83200
hardzero_plus_depr__c0p54__z1p10__lam0p020__nu0p50__psi1p25,hardzero_plus_depr,0.01,38,26,0.0,1,0.47594878,0.47641882,1.056417,0.087817885,0.087817885,1.0,0.00047005524,0.005352614,-27.826595,2.3241637,0.77472126,0.089999996,0.0,0.20303312,0.50000006,0.52000004,86400
hardzero_plus_depr__c0p54__z1p10__lam0p020__nu0p50__psi1p25,hardzero_plus_depr,0.01,38,27,0.0,1,0.47641882,0.47685036,1.082683,0.08266411,0.08266411,1.0,0.0004315445,0.005220458,-28.367584,2.3819501,0.7939834,0.136,0.0,0.15831745,0.52000004,0.54,89600
hardzero_plus_depr__c0p54__z1p10__lam0p020__nu0p50__psi1p25,hardzero_plus_depr,0.01,38,28,0.0,1,0.47685036,0.47734237,1.0148923,0.096629046,0.096629046,1.0,0.000491993,0.005091564,-27.253883,2.2328076,0.74426925,0.128,0.0,0.1692182,0.54,0.56,92800
hardzero_plus_depr__c0p54__z1p10__lam0p020__nu0p50__psi1p25,hardzero_plus_depr,0.01,38,29,0.0,1,0.47734237,0.4777522,1.0833848,0.082530655,0.082530655,1.0,0.0004098351,0.004965853,-28.378778,2.3834941,0.7944981,0.14400001,0.0,0.16770877,0.56,0.58,96000
hardzero_plus_depr__c0p54__z1p10__lam0p020__nu0p50__psi1p25,hardzero_plus_depr,0.01,38,30,0.0,1,0.4777522,0.4782229,1.0123818,0.09718925,0.09718925,1.0,0.0004707114,0.0048432457,-26.951456,2.2272844,0.7424282,0.15200001,0.008,0.1629974,0.58,0.59999996,99200
hardzero_plus_depr__c0p54__z1p10__lam0p020__nu0p50__psi1p25,hardzero_plus_depr,0.01,38,31,0.0,1,0.4782229,0.47862935,1.0652817,0.08604354,0.08604354,1.0,0.0004064409,0.004723666,-28.503918,2.3436666,0.7812222,0.128,0.0,0.17574124,0.59999996,0.61999995,102400
hardzero_plus_depr__c0p54__z1p10__lam0p020__nu0p50__psi1p25,hardzero_plus_depr,0.01,38,32,0.0,1,0.47862935,0.47902325,1.0680541,0.085496016,0.085496016,1.0,0.00039388335,0.0046070376,-27.383541,2.349766,0.78325534,0.112,0.0,0.15454674,0.61999995,0.6399999,105600
hardzero_plus_depr__c0p54__z1p10__lam0p020__nu0p50__psi1p25,hardzero_plus_depr,0.01,38,33,0.0,1,0.47902325,0.47940797,1.0674313,0.085618705,0.085618705,1.0,0.00038470968,0.00449329,-28.68788,2.3483958,0.78279865,0.096,0.0,0.15007977,0.6399999,0.6599999,108800
hardzero_plus_depr__c0p54__z1p10__lam0p020__nu0p50__psi1p25,hardzero_plus_depr,0.01,38,34,0.0,1,0.47940797,0.4797755,1.0764189,0.08386507,0.08386507,1.0,0.0003675261,0.0043823505,-28.202236,2.3681688,0.7893896,0.15200001,0.0,0.18389168,0.6599999,0.6799999,112000
hardzero_plus_depr__c0p54__z1p10__lam0p020__nu0p50__psi1p25,hardzero_plus_depr,0.01,38,35,0.0,1,0.4797755,0.48017946,1.0245053,0.0945137,0.0945137,1.0,0.0004039657,0.00427415,-27.954159,2.2539566,0.7513189,0.192,0.0,0.1561547,0.6799999,0.69999987,115200
hardzero_plus_depr__c0p54__z1p10__lam0p020__nu0p50__psi1p25,hardzero_plus_depr,0.01,38,36,0.0,1,0.48017946,0.48052794,1.0778077,0.083597325,0.083597325,1.0,0.00034848554,0.004168621,-28.748842,2.3712242,0.7904081,0.15200001,0.0,0.20346443,0.69999987,0.71999985,118400
hardzero_plus_depr__c0p54__z1p10__lam0p020__nu0p50__psi1p25,hardzero_plus_depr,0.01,38,37,0.0,1,0.48052794,0.4809089,1.0282398,0.09370444,0.09370444,1.0,0.0003809739,0.0040656975,-27.111103,2.262173,0.75405765,0.16000001,0.0,0.14186715,0.71999985,0.73999983,121600
hardzero_plus_depr__c0p54__z1p10__lam0p020__nu0p50__psi1p25,hardzero_plus_depr,0.01,38,38,0.0,1,0.4809089,0.4812509,1.0642554,0.08624712,0.08624712,1.0,0.000341997,0.003965315,-27.931368,2.3414085,0.78046954,0.112,0.0,0.19443953,0.73999983,0.7599998,124800
hardzero_plus_depr__c0p54__z1p10__lam0p020__nu0p50__psi1p25,hardzero_plus_depr,0.01,38,39,0.0,1,0.4812509,0.4812509,1.1053311,0.0,0.07846373,0.0,0.0,0.0038674113,-27.905283,2.431777,0.81059235,0.14999999,0.0,0.18528599,0.7599998,0.7799998,128000
hardzero_plus_depr__c0p54__z1p10__lam0p020__nu0p50__psi1p25,hardzero_plus_depr,0.01,38,40,0.0,1,0.4812509,0.48159066,1.0454255,0.09006882,0.09006882,1.0,0.0003397328,0.0037719246,-27.761322,2.299982,0.7666607,0.16800001,0.0,0.15579508,0.7799998,0.7999998,131200
hardzero_plus_depr__c0p54__z1p10__lam0p020__nu0p50__psi1p25,hardzero_plus_depr,0.01,38,41,0.0,1,0.48159066,0.48194343,1.0182159,0.095892385,0.095892385,1.0,0.0003527685,0.0036787956,-26.163357,2.2401197,0.7467066,0.15200001,0.0,0.16777739,0.7999998,0.81999975,134400
hardzero_plus_depr__c0p54__z1p10__lam0p020__nu0p50__psi1p25,hardzero_plus_depr,0.01,38,42,0.0,1,0.48194343,0.4822795,1.0284237,0.09366479,0.09366479,1.0,0.00033606606,0.0035879659,-26.916224,2.2625773,0.7541925,0.17600001,0.0,0.16063751,0.81999975,0.83999974,137600
hardzero_plus_depr__c0p54__z1p10__lam0p020__nu0p50__psi1p25,hardzero_plus_depr,0.01,38,43,0.0,1,0.4822795,0.48258564,1.0580796,0.08748233,0.08748233,1.0,0.0003061338,0.0034993785,-27.677258,2.3278215,0.77594054,0.112,0.0,0.14380212,0.83999974,0.8599997,140800
hardzero_plus_depr__c0p54__z1p10__lam0p020__nu0p50__psi1p25,hardzero_plus_depr,0.01,38,44,0.0,1,0.48258564,0.48258564,1.1038653,0.0,0.078728996,0.0,0.0,0.0034129785,-28.922869,2.4285522,0.8095174,0.128,0.0,0.17667435,0.8599997,0.8799997,144000
hardzero_plus_depr__c0p54__z1p10__lam0p020__nu0p50__psi1p25,hardzero_plus_depr,0.01,38,45,0.0,1,0.48258564,0.4829195,0.99867743,0.100305,0.100305,1.0,0.00033388645,0.003328712,-26.952272,2.1971343,0.7323781,0.120000005,0.0,0.1759267,0.8799997,0.8999997,147200
hardzero_plus_depr__c0p54__z1p10__lam0p020__nu0p50__psi1p25,hardzero_plus_depr,0.01,38,46,0.0,1,0.4829195,0.48321018,1.0480337,0.08952953,0.08952953,1.0,0.00029065993,0.0032465258,-27.384548,2.3057203,0.76857346,0.18400002,0.0,0.16858163,0.8999997,0.91999966,150400
hardzero_plus_depr__c0p54__z1p10__lam0p020__nu0p50__psi1p25,hardzero_plus_depr,0.01,38,47,0.0,1,0.48321018,0.48351008,1.023601,0.09471067,0.09471067,1.0,0.00029988895,0.0031663692,-27.43624,2.2519672,0.7506558,0.17600001,0.0,0.14274053,0.91999966,0.93999964,153600
hardzero_plus_depr__c0p54__z1p10__lam0p020__nu0p50__psi1p25,hardzero_plus_depr,0.01,38,48,0.0,1,0.48351008,0.48379987,1.0276307,0.09383596,0.09383596,1.0,0.00028978338,0.0030881912,-27.410545,2.2608325,0.75361085,0.15200001,0.0,0.15516345,0.93999964,0.9599996,156800
hardzero_plus_depr__c0p54__z1p10__lam0p020__nu0p50__psi1p25,hardzero_plus_depr,0.01,38,49,0.0,1,0.48379987,0.4840996,1.0021366,0.09950923,0.09950923,1.0,0.00029971616,0.0030119433,-26.659933,2.2047446,0.7349149,0.208,0.0,0.1622444,0.9599996,0.9799996,160000
hardzero_plus_depr__c0p54__z1p10__lam0p020__nu0p50__psi1p25,hardzero_plus_depr,0.01,38,50,0.0,1,0.4840996,0.4840996,1.1042958,0.0,0.07865099,0.0,0.0,0.0029375781,-28.64287,2.4294994,0.80983317,0.120000005,0.0,0.16709954,0.9799996,0.9999996,163200
hardzero_plus_depr__c0p54__z1p10__lam0p020__nu0p50__psi1p25,hardzero_plus_depr,0.01,38,51,0.0,1,0.4840996,0.48435524,1.0494907,0.08922968,0.08922968,1.0,0.00025564744,0.0028650493,-27.148958,2.3089256,0.7696419,0.064,0.0,0.13833225,0.9999996,1.0199996,166400
hardzero_plus_depr__c0p54__z1p10__lam0p020__nu0p50__psi1p25,hardzero_plus_depr,0.01,38,52,0.0,1,0.48435524,0.4846326,1.0032259,0.09925995,0.09925995,1.0,0.00027736317,0.002794311,-26.621494,2.2071412,0.7357137,0.13,0.0,0.15500169,1.0199996,1.0399996,169600
hardzero_plus_depr__c0p54__z1p10__lam0p020__nu0p50__psi1p25,hardzero_plus_depr,0.01,38,53,0.0,1,0.4846326,0.48487332,1.0539323,0.08832176,0.08832176,1.0,0.00024070499,0.0027253192,-28.033522,2.3186975,0.77289915,0.14400001,0.0,0.16345225,1.0399996,1.0599996,172800
hardzero_plus_depr__c0p54__z1p10__lam0p020__nu0p50__psi1p25,hardzero_plus_depr,0.01,38,54,0.0,1,0.48487332,0.4851043,1.0609913,0.08689778,0.08689778,1.0,0.00023097702,0.0026580312,-28.640282,2.3342276,0.7780759,0.15200001,0.0,0.18221222,1.0599996,1.0799996,176000
hardzero_plus_depr__c0p54__z1p10__lam0p020__nu0p50__psi1p25,hardzero_plus_depr,0.01,38,55,0.0,1,0.4851043,0.48534292,1.0359652,0.092052326,0.092052326,1.0,0.00023863681,0.002592404,-27.738565,2.279169,0.75972307,0.136,0.0,0.14618637,1.0799996,1.0999995,179200
hardzero_plus_depr__c0p54__z1p10__lam0p020__nu0p50__psi1p25,hardzero_plus_depr,0.01,38,56,0.0,1,0.48534292,0.48554438,1.0986758,0.07967538,0.07967538,1.0,0.00020145101,0.0025283974,-27.838312,2.4171352,0.80571175,0.120000005,0.0,0.18036334,1.0999995,1.1199995,182400
hardzero_plus_depr__c0p54__z1p10__lam0p020__nu0p50__psi1p25,hardzero_plus_depr,0.01,38,57,0.0,1,0.48554438,0.48576644,1.0455381,0.09004548,0.09004548,1.0,0.00022204957,0.0024659713,-26.888973,2.3002298,0.7667433,0.104,0.0,0.14124705,1.1199995,1.1399995,185600
hardzero_plus_depr__c0p54__z1p10__lam0p020__nu0p50__psi1p25,hardzero_plus_depr,0.01,38,58,0.0,1,0.48576644,0.48597923,1.0531967,0.08847148,0.08847148,1.0,0.00021278152,0.002405086,-28.055935,2.3170788,0.7723596,0.128,0.0,0.16311495,1.1399995,1.1599995,188800
hardzero_plus_depr__c0p54__z1p10__lam0p020__nu0p50__psi1p25,hardzero_plus_depr,0.01,38,59,0.0,1,0.48597923,0.48620194,1.0225313,0.09494426,0.09494426,1.0,0.00022271118,0.0023457045,-27.566908,2.2496138,0.74987125,0.17600001,0.0,0.14950533,1.1599995,1.1799995,192000
hardzero_plus_depr__c0p54__z1p10__lam0p020__nu0p50__psi1p25,hardzero_plus_depr,0.01,38,60,0.0,1,0.48620194,0.48639086,1.0831649,0.08257244,0.08257244,1.0,0.00018890832,0.002287789,-28.190327,2.3830104,0.7943368,0.128,0.0,0.16021904,1.1799995,1.1999995,195200
hardzero_plus_depr__c0p54__z1p10__lam0p020__nu0p50__psi1p25,hardzero_plus_depr,0.01,38,61,0.0,1,0.48639086,0.48658603,1.0581536,0.08746742,0.08746742,1.0,0.00019516634,0.0022313034,-28.51789,2.3279846,0.7759949,0.15200001,0.0,0.18668039,1.1999995,1.2199994,198400
hardzero_plus_depr__c0p54__z1p10__lam0p020__nu0p50__psi1p25,hardzero_plus_depr,0.01,38,62,0.0,1,0.48658603,0.48678124,1.0471847,0.089704715,0.089704715,1.0,0.00019521649,0.0021762121,-27.11533,2.3038523,0.7679508,0.192,0.008,0.16809031,1.2199994,1.2399994,201600
hardzero_plus_depr__c0p54__z1p10__lam0p020__nu0p50__psi1p25,hardzero_plus_depr,0.01,38,63,0.0,1,0.48678124,0.4869704,1.0500348,0.08911796,0.08911796,1.0,0.00018915121,0.0021224814,-27.575123,2.3101227,0.7700409,0.096,0.0,0.14690834,1.2399994,1.2599994,204800
hardzero_plus_depr__c0p54__z1p10__lam0p020__nu0p50__psi1p25,hardzero_plus_depr,0.01,38,64,0.0,1,0.4869704,0.48715326,1.0538651,0.088335425,0.088335425,1.0,0.00018286116,0.0020700772,-27.55922,2.3185494,0.7728498,0.14400001,0.0,0.17218295,1.2599994,1.2799994,208000
hardzero_plus_depr__c0p54__z1p10__lam0p020__nu0p50__psi1p25,hardzero_plus_depr,0.01,38,65,0.0,1,0.48715326,0.4873373,1.0402323,0.09115232,0.09115232,1.0,0.0001840335,0.0020189667,-27.882835,2.2885568,0.7628523,0.24,0.0,0.16726303,1.2799994,1.2999994,211200
hardzero_plus_depr__c0p54__z1p10__lam0p020__nu0p50__psi1p25,hardzero_plus_depr,0.01,38,66,0.0,1,0.4873373,0.48751196,1.0520514,0.0887051,0.0887051,1.0,0.00017467081,0.0019691181,-28.11506,2.3145592,0.7715198,0.16000001,0.0,0.19641897,1.2999994,1.3199993,214400
hardzero_plus_depr__c0p54__z1p10__lam0p020__nu0p50__psi1p25,hardzero_plus_depr,0.01,38,67,0.0,1,0.48751196,0.48768613,1.0424268,0.090692885,0.090692885,1.0,0.00017417576,0.0019205008,-27.512482,2.2933848,0.76446164,0.14400001,0.0,0.16359937,1.3199993,1.3399993,217600
hardzero_plus_depr__c0p54__z1p10__lam0p020__nu0p50__psi1p25,hardzero_plus_depr,0.01,38,68,0.0,1,0.48768613,0.4878516,1.0538701,0.08833442,0.08833442,1.0,0.00016545774,0.0018730834,-26.89713,2.3185606,0.77285355,0.16000001,0.008,0.15818153,1.3399993,1.3599993,220800
hardzero_plus_depr__c0p54__z1p10__lam0p020__nu0p50__psi1p25,hardzero_plus_depr,0.01,38,69,0.0,1,0.4878516,0.48802304,1.0275669,0.09384974,0.09384974,1.0,0.00017144816,0.0018268368,-27.110336,2.2606924,0.7535641,0.16800001,0.0,0.14088593,1.3599993,1.3799993,224000
hardzero_plus_depr__c0p54__z1p10__lam0p020__nu0p50__psi1p25,hardzero_plus_depr,0.01,38,70,0.0,1,0.48802304,0.48819247,1.0218624,0.09509061,0.09509061,1.0,0.000169426,0.0017817321,-27.12715,2.2481422,0.74938077,0.15200001,0.0,0.15979332,1.3799993,1.3999993,227200
hardzero_plus_depr__c0p54__z1p10__lam0p020__nu0p50__psi1p25,hardzero_plus_depr,0.01,38,71,0.0,1,0.48819247,0.48833573,1.0838193,0.08244811,0.08244811,1.0,0.00014327347,0.001737741,-28.164948,2.38445,0.7948167,0.14400001,0.0,0.18900561,1.3999993,1.4199992,230400
hardzero_plus_depr__c0p54__z1p10__lam0p020__nu0p50__psi1p25,hardzero_plus_depr,0.01,38,72,0.0,1,0.48833573,0.4884847,1.0559901,0.087904245,0.087904245,1.0,0.0001489833,0.0016948362,-27.96227,2.3232245,0.7744082,0.136,0.0,0.14832881,1.4199992,1.4399992,233600
hardzero_plus_depr__c0p54__z1p10__lam0p020__nu0p50__psi1p25,hardzero_plus_depr,0.01,38,73,0.0,1,0.4884847,0.48864615,1.0102752,0.09766179,0.09766179,1.0,0.00016143403,0.0016529906,-27.79581,2.2226498,0.7408833,0.216,0.0,0.17135769,1.4399992,1.4599992,236800
hardzero_plus_depr__c0p54__z1p10__lam0p020__nu0p50__psi1p25,hardzero_plus_depr,0.01,38,74,0.0,1,0.48864615,0.48881906,0.9695495,0.10726313,0.10726313,1.0,0.00017292726,0.001612178,-26.27487,2.1330514,0.71101713,0.208,0.0,0.12428994,1.4599992,1.4799992,240000
hardzero_plus_depr__c0p54__z1p10__lam0p020__nu0p50__psi1p25,hardzero_plus_depr,0.01,38,75,0.0,1,0.48881906,0.48897943,0.99146336,0.10198508,0.10198508,1.0,0.00016035863,0.0015723733,-27.179518,2.181263,0.7270877,0.256,0.0,0.17751883,1.4799992,1.4999992,243200
hardzero_plus_depr__c0p54__z1p10__lam0p020__nu0p50__psi1p25,hardzero_plus_depr,0.01,38,76,0.0,1,0.48897943,0.48912016,1.0373536,0.091758505,0.091758505,1.0,0.00014071638,0.0015335514,-27.441011,2.2822235,0.7607412,0.096,0.0,0.15425992,1.4999992,1.5199991,246400
hardzero_plus_depr__c0p54__z1p10__lam0p020__nu0p50__psi1p25,hardzero_plus_depr,0.01,38,77,0.0,1,0.48912016,0.48924655,1.0731325,0.08450209,0.08450209,1.0,0.00012638875,0.0014956878,-27.976046,2.3609388,0.7869796,0.136,0.0,0.18419528,1.5199991,1.5399991,249600
hardzero_plus_depr__c0p54__z1p10__lam0p020__nu0p50__psi1p25,hardzero_plus_depr,0.01,38,78,0.0,1,0.48924655,0.48937827,1.0442917,0.09030426,0.09030426,1.0,0.00013173216,0.0014587591,-27.852095,2.2974877,0.76582927,0.12,0.0,0.14147986,1.5399991,1.5599991,252800
hardzero_plus_depr__c0p54__z1p10__lam0p020__nu0p50__psi1p25,hardzero_plus_depr,0.01,38,79,0.0,1,0.48937827,0.48950318,1.056582,0.087784536,0.087784536,1.0,0.00012489477,0.0014227423,-28.430227,2.3245268,0.77484226,0.16800001,0.0,0.18206805,1.5599991,1.5799991,256000
hardzero_plus_depr__c0p54__z1p10__lam0p020__nu0p50__psi1p25,hardzero_plus_depr,0.01,38,80,0.0,1,0.48950318,0.4896247,1.0575942,0.08758017,0.08758017,1.0,0.00012152753,0.0013876148,-27.744892,2.3267536,0.7755846,0.16000001,0.0,0.16407478,1.5799991,1.5999991,259200
hardzero_plus_depr__c0p54__z1p10__lam0p020__nu0p50__psi1p25,hardzero_plus_depr,0.01,38,81,0.0,1,0.4896247,0.48974276,1.059309,0.08723504,0.08723504,1.0,0.00011805993,0.0013533544,-27.971392,2.3305264,0.7768421,0.16000001,0.0,0.15297602,1.5999991,1.619999,262400
hardzero_plus_depr__c0p54__z1p10__lam0p020__nu0p50__psi1p25,hardzero_plus_depr,0.01,38,82,0.0,1,0.48974276,0.48985016,1.0895331,0.08137049,0.08137049,1.0,0.00010740414,0.0013199397,-28.852976,2.3970206,0.7990069,0.136,0.0,0.15697376,1.619999,1.639999,265600
hardzero_plus_depr__c0p54__z1p10__lam0p020__nu0p50__psi1p25,hardzero_plus_depr,0.01,38,83,0.0,1,0.48985016,0.4899731,1.0200257,0.09549361,0.09549361,1.0,0.00012293376,0.0012873507,-26.880512,2.2441013,0.74803376,0.096,0.0,0.15004003,1.639999,1.659999,268800
hardzero_plus_depr__c0p54__z1p10__lam0p020__nu0p50__psi1p25,hardzero_plus_depr,0.01,38,84,0.0,1,0.4899731,0.49009582,1.0098726,0.097752385,0.097752385,1.0,0.00012273453,0.0012555657,-27.028286,2.221764,0.74058807,0.192,0.0,0.16335393,1.659999,1.679999,272000
hardzero_plus_depr__c0p54__z1p10__lam0p020__nu0p50__psi1p25,hardzero_plus_depr,0.01,38,85,0.0,1,0.49009582,0.49020308,1.057499,0.08759936,0.08759936,1.0,0.00010727119,0.0012245659,-27.461004,2.3265443,0.7755148,0.112,0.0,0.15892667,1.679999,1.699999,275200
hardzero_plus_depr__c0p54__z1p10__lam0p020__nu0p50__psi1p25,hardzero_plus_depr,0.01,38,86,0.0,1,0.49020308,0.49032047,1.0074446,0.09830043,0.09830043,1.0,0.000117403244,0.001194331,-26.603907,2.2164223,0.73880744,0.16000001,0.0,0.17228359,1.699999,1.719999,278400
hardzero_plus_depr__c0p54__z1p10__lam0p020__nu0p50__psi1p25,hardzero_plus_depr,0.01,38,87,0.0,1,0.49032047,0.4904265,1.0407636,0.09104088,0.09104088,1.0,0.00010604834,0.0011648431,-27.325342,2.2897258,0.76324195,0.128,0.0,0.17929968,1.719999,1.7399989,281600
hardzero_plus_depr__c0p54__z1p10__lam0p020__nu0p50__psi1p25,hardzero_plus_depr,0.01,38,88,0.0,1,0.4904265,0.49053165,1.0336672,0.0925407,0.0925407,1.0,0.00010513392,0.001136083,-27.044891,2.2741132,0.75803775,0.14400001,0.0,0.15984479,1.7399989,1.7599989,284800
hardzero_plus_depr__c0p54__z1p10__lam0p020__nu0p50__psi1p25,hardzero_plus_depr,0.01,38,89,0.0,1,0.49053165,0.49062473,1.0757055,0.08400295,0.08400295,1.0,9.307804e-05,0.001108033,-27.58097,2.3665993,0.78886646,0.096,0.0,0.19334662,1.7599989,1.7799989,288000
hardzero_plus_depr__c0p54__z1p10__lam0p020__nu0p50__psi1p25,hardzero_plus_depr,0.01,38,90,0.0,1,0.49062473,0.49074054,0.9699789,0.10715713,0.10715713,1.0,0.00011580209,0.0010806755,-26.891794,2.1339962,0.7113321,0.18400002,0.0,0.17011935,1.7799989,1.7999989,291200
hardzero_plus_depr__c0p54__z1p10__lam0p020__nu0p50__psi1p25,hardzero_plus_depr,0.01,38,91,0.0,1,0.49074054,0.49083585,1.0437393,0.09041921,0.09041921,1.0,9.530128e-05,0.0010539937,-27.343998,2.2962723,0.76542413,0.19999999,0.0,0.18774454,1.7999989,1.8199989,294400
hardzero_plus_depr__c0p54__z1p10__lam0p020__nu0p50__psi1p25,hardzero_plus_depr,0.01,38,92,0.0,1,0.49083585,0.49092153,1.0790831,0.08335216,0.08335216,1.0,8.568356e-05,0.0010279705,-28.018442,2.37403,0.7913434,0.15200001,0.0,0.16864002,1.8199989,1.8399988,297600
hardzero_plus_depr__c0p54__z1p10__lam0p020__nu0p50__psi1p25,hardzero_plus_depr,0.01,38,93,0.0,1,0.49092153,0.49100935,1.0574346,0.08761237,0.08761237,1.0,8.783928e-05,0.0010025899,-27.441847,2.3264024,0.7754675,0.136,0.0,0.16573203,1.8399988,1.8599988,300800
hardzero_plus_depr__c0p54__z1p10__lam0p020__nu0p50__psi1p25,hardzero_plus_depr,0.01,38,94,0.0,1,0.49100935,0.49108908,1.0887015,0.08152644,0.08152644,1.0,7.9719466e-05,0.0009778357,-27.843645,2.3951912,0.79839706,0.15200001,0.0,0.1732074,1.8599988,1.8799988,304000
hardzero_plus_depr__c0p54__z1p10__lam0p020__nu0p50__psi1p25,hardzero_plus_depr,0.01,38,95,0.0,1,0.49108908,0.49117944,1.0234036,0.094753735,0.094753735,1.0,9.036598e-05,0.00095369306,-26.587168,2.251533,0.75051105,0.17600001,0.0,0.14164256,1.8799988,1.8999988,307200
hardzero_plus_depr__c0p54__z1p10__lam0p020__nu0p50__psi1p25,hardzero_plus_depr,0.01,38,96,0.0,1,0.49117944,0.4912639,1.04193,0.09079669,0.09079669,1.0,8.4454194e-05,0.0009301462,-26.805565,2.2922916,0.7640972,0.17600001,0.0,0.1550153,1.8999988,1.9199988,310400
hardzero_plus_depr__c0p54__z1p10__lam0p020__nu0p50__psi1p25,hardzero_plus_depr,0.01,38,97,0.0,1,0.4912639,0.49134865,1.0294993,0.093433075,0.093433075,1.0,8.476071e-05,0.00090718095,-26.535666,2.2649436,0.7549812,0.136,0.0,0.15170155,1.9199988,1.9399987,313600
hardzero_plus_depr__c0p54__z1p10__lam0p020__nu0p50__psi1p25,hardzero_plus_depr,0.01,38,98,0.0,1,0.49134865,0.4914395,0.9886123,0.102656804,0.102656804,1.0,9.0828944e-05,0.0008847825,-26.709158,2.1749904,0.7249968,0.18400002,0.0,0.14560565,1.9399987,1.9599987,316800
hardzero_plus_depr__c0p54__z1p10__lam0p020__nu0p50__psi1p25,hardzero_plus_depr,0.01,38,99,0.0,1,0.4914395,0.49153385,0.9612535,0.10933178,0.10933178,1.0,9.434646e-05,0.00086293725,-26.106989,2.1148,0.70493335,0.192,0.0,0.15013665,1.9599987,1.9799987,320000
hardzero_plus_depr__c0p54__z1p10__lam0p020__nu0p50__psi1p25,hardzero_plus_depr,0.01,38,100,0.0,1,0.49153385,0.49160394,1.0794846,0.08327514,0.08327514,1.0,7.008696e-05,0.0008416312,-28.82146,2.3749135,0.79163784,0.112,0.0,0.17955495,1.9799987,1.9999987,323200
hardzero_plus_depr__c0p54__z1p10__lam0p020__nu0p50__psi1p25,hardzero_plus_depr,0.01,38,101,0.0,1,0.49160394,0.49167207,1.080918,0.08300074,0.08300074,1.0,6.813127e-05,0.0008208513,-28.297556,2.378067,0.792689,0.16800001,0.0,0.18852608,1.9999987,2.0199988,326400
hardzero_plus_depr__c0p54__z1p10__lam0p020__nu0p50__psi1p25,hardzero_plus_depr,0.01,38,102,0.0,1,0.49167207,0.4917504,1.0095996,0.09781387,0.09781387,1.0,7.830826e-05,0.0008005844,-27.326035,2.2211633,0.7403878,0.192,0.008,0.1526793,2.0199988,2.0399988,329600
hardzero_plus_depr__c0p54__z1p10__lam0p020__nu0p50__psi1p25,hardzero_plus_depr,0.01,38,103,0.0,1,0.4917504,0.49182314,1.030738,0.09316697,0.09316697,1.0,7.274642e-05,0.00078081776,-26.553787,2.267669,0.75588965,0.136,0.0,0.15547179,2.0399988,2.0599988,332800
hardzero_plus_depr__c0p54__z1p10__lam0p020__nu0p50__psi1p25,hardzero_plus_depr,0.01,38,104,0.0,1,0.49182314,0.49182314,1.1155571,0.0,0.07663779,0.0,0.0,0.0007615395,-28.439022,2.4542747,0.8180916,0.099999994,0.0,0.21695586,2.0599988,2.0799987,336000
hardzero_plus_depr__c0p54__z1p10__lam0p020__nu0p50__psi1p25,hardzero_plus_depr,0.01,38,105,0.0,1,0.49182314,0.4918934,1.0241215,0.09459725,0.09459725,1.0,7.026087e-05,0.0007427369,-27.02556,2.2531123,0.7510375,0.17600001,0.0,0.14878196,2.0799987,2.0999987,339200
hardzero_plus_depr__c0p54__z1p10__lam0p020__nu0p50__psi1p25,hardzero_plus_depr,0.01,38,106,0.0,1,0.4918934,0.49195874,1.0449814,0.09016099,0.09016099,1.0,6.531251e-05,0.00072439876,-27.717356,2.2990048,0.76633495,0.136,0.0,0.16706833,2.0999987,2.1199987,342400
hardzero_plus_depr__c0p54__z1p10__lam0p020__nu0p50__psi1p25,hardzero_plus_depr,0.01,38,107,0.0,1,0.49195874,0.49202472,1.029634,0.0934041,0.0934041,1.0,6.599123e-05,0.00070651324,-26.78829,2.26524,0.75508,0.14400001,0.0,0.15349236,2.1199987,2.1399987,345600
hardzero_plus_depr__c0p54__z1p10__lam0p020__nu0p50__psi1p25,hardzero_plus_depr,0.01,38,108,0.0,1,0.49202472,0.49208578,1.0525764,0.088597916,0.088597916,1.0,6.1050116e-05,0.00068906945,-27.430822,2.3157144,0.7719048,0.17600001,0.0,0.14674711,2.1399987,2.1599987,348800
hardzero_plus_depr__c0p54__z1p10__lam0p020__nu0p50__psi1p25,hardzero_plus_depr,0.01,38,109,0.0,1,0.49208578,0.49215388,0.9942002,0.10134441,0.10134441,1.0,6.810914e-05,0.0006720562,-25.597866,2.1872842,0.72909474,0.16000001,0.0,0.14773892,2.1599987,2.1799986,352000
hardzero_plus_depr__c0p54__z1p10__lam0p020__nu0p50__psi1p25,hardzero_plus_depr,0.01,38,110,0.0,1,0.49215388,0.49221724,1.0147561,0.09665937,0.09665937,1.0,6.335666e-05,0.0006554632,-26.708067,2.232508,0.74416935,0.120000005,0.0,0.18515776,2.1799986,2.1999986,355200
hardzero_plus_depr__c0p54__z1p10__lam0p020__nu0p50__psi1p25,hardzero_plus_depr,0.01,38,111,0.0,1,0.49221724,0.4922798,1.0094744,0.09784207,0.09784207,1.0,6.2548446e-05,0.0006392797,-26.684711,2.220888,0.740296,0.208,0.0,0.14172748,2.1999986,2.2199986,358400
hardzero_plus_depr__c0p54__z1p10__lam0p020__nu0p50__psi1p25,hardzero_plus_depr,0.01,38,112,0.0,1,0.4922798,0.49234152,1.0044655,0.09897706,0.09897706,1.0,6.171179e-05,0.0006234959,-26.180225,2.2098682,0.73662275,0.23200001,0.0,0.15613882,2.2199986,2.2399986,361600
hardzero_plus_depr__c0p54__z1p10__lam0p020__nu0p50__psi1p25,hardzero_plus_depr,0.01,38,113,0.0,1,0.49234152,0.4923914,1.0860671,0.08202247,0.08202247,1.0,4.9878003e-05,0.00060810166,-27.897388,2.3893952,0.7964651,0.096,0.0,0.1761027,2.2399986,2.2599986,364800
hardzero_plus_depr__c0p54__z1p10__lam0p020__nu0p50__psi1p25,hardzero_plus_depr,0.01,38,114,0.0,1,0.4923914,0.4924443,1.0496238,0.08920233,0.08920233,1.0,5.2904797e-05,0.00059308764,-28.114496,2.3092186,0.76973957,0.15200001,0.0,0.15377064,2.2599986,2.2799985,368000
hardzero_plus_depr__c0p54__z1p10__lam0p020__nu0p50__psi1p25,hardzero_plus_depr,0.01,38,115,0.0,1,0.4924443,0.4924946,1.060754,0.08694528,0.08694528,1.0,5.0292994e-05,0.0005784442,-27.84126,2.3337052,0.77790177,0.14400001,0.0,0.16759582,2.2799985,2.2999985,371200
hardzero_plus_depr__c0p54__z1p10__lam0p020__nu0p50__psi1p25,hardzero_plus_depr,0.01,38,116,0.0,1,0.4924946,0.49254924,1.0140511,0.09681638,0.09681638,1.0,5.4620166e-05,0.00056416244,-27.068325,2.2309568,0.7436523,0.17600001,0.0,0.16990581,2.2999985,2.3199985,374400
hardzero_plus_depr__c0p54__z1p10__lam0p020__nu0p50__psi1p25,hardzero_plus_depr,0.01,38,117,0.0,1,0.49254924,0.4925963,1.067796,0.08554685,0.08554685,1.0,4.7070716e-05,0.0005502332,-28.669924,2.349198,0.78306603,0.12,0.0,0.16547328,2.3199985,2.3399985,377600
hardzero_plus_depr__c0p54__z1p10__lam0p020__nu0p50__psi1p25,hardzero_plus_depr,0.01,38,118,0.0,1,0.4925963,0.49264875,1.009882,0.09775027,0.09775027,1.0,5.2457483e-05,0.000536648,-26.586952,2.2217848,0.740595,0.18400002,0.0,0.1370672,2.3399985,2.3599985,380800
hardzero_plus_depr__c0p54__z1p10__lam0p020__nu0p50__psi1p25,hardzero_plus_depr,0.01,38,119,0.0,1,0.49264875,0.49269402,1.0629367,0.08650941,0.08650941,1.0,4.5278855e-05,0.00052339805,-27.465984,2.3385074,0.7795025,0.15200001,0.0,0.16809577,2.3599985,2.3799984,384000
hardzero_plus_depr__c0p54__z1p10__lam0p020__nu0p50__psi1p25,hardzero_plus_depr,0.01,38,120,0.0,1,0.49269402,0.49274015,1.0438677,0.09039248,0.09039248,1.0,4.6143134e-05,0.00051047537,-27.166378,2.2965548,0.7655183,0.14400001,0.0,0.14329457,2.3799984,2.3999984,387200
hardzero_plus_depr__c0p54__z1p10__lam0p020__nu0p50__psi1p25,hardzero_plus_depr,0.01,38,121,0.0,1,0.49274015,0.49278688,1.0275527,0.09385281,0.09385281,1.0,4.672665e-05,0.0004978716,-27.064814,2.2606611,0.75355375,0.16000001,0.0,0.15247549,2.3999984,2.4199984,390400
hardzero_plus_depr__c0p54__z1p10__lam0p020__nu0p50__psi1p25,hardzero_plus_depr,0.01,38,122,0.0,1,0.49278688,0.49283218,1.0300962,0.09330476,0.09330476,1.0,4.5306853e-05,0.00048557922,-27.054815,2.2662568,0.75541896,0.2,0.0,0.181154,2.4199984,2.4399984,393600
hardzero_plus_depr__c0p54__z1p10__lam0p020__nu0p50__psi1p25,hardzero_plus_depr,0.01,38,123,0.0,1,0.49283218,0.4928725,1.0699499,0.08512362,0.08512362,1.0,4.031371e-05,0.00047359016,-28.669476,2.3539367,0.78464556,0.104,0.0,0.16014497,2.4399984,2.4599984,396800
hardzero_plus_depr__c0p54__z1p10__lam0p020__nu0p50__psi1p25,hardzero_plus_depr,0.01,38,124,0.0,1,0.4928725,0.49291188,1.0692995,0.08525121,0.08525121,1.0,3.9377297e-05,0.0004618972,-27.868458,2.3525057,0.7841686,0.128,0.0,0.15321454,2.4599984,2.4799984,400000
hardzero_plus_depr__c0p54__z1p10__lam0p020__nu0p50__psi1p25,hardzero_plus_depr,0.01,38,125,0.0,1,0.49291188,0.49295685,1.0008464,0.099805295,0.099805295,1.0,4.496158e-05,0.00045049292,-26.280943,2.201906,0.7339687,0.2,0.008,0.16387643,2.4799984,2.4999983,403200
hardzero_plus_depr__c0p54__z1p10__lam0p020__nu0p50__psi1p25,hardzero_plus_depr,0.01,38,126,0.0,1,0.49295685,0.49299908,1.0171071,0.096137516,0.096137516,1.0,4.223997e-05,0.0004393703,-26.93716,2.2376804,0.7458935,0.23200001,0.008,0.1707164,2.4999983,2.5199983,406400
hardzero_plus_depr__c0p54__z1p10__lam0p020__nu0p50__psi1p25,hardzero_plus_depr,0.01,38,127,0.0,1,0.49299908,0.49304098,1.009718,0.09778721,0.09778721,1.0,4.1903982e-05,0.00042852212,-27.124352,2.2214239,0.74047464,0.192,0.0,0.17106034,2.5199983,2.5399983,409600
hardzero_plus_depr__c0p54__z1p10__lam0p020__nu0p50__psi1p25,hardzero_plus_depr,0.01,38,128,0.0,1,0.49304098,0.49308056,1.02353,0.09472616,0.09472616,1.0,3.9590035e-05,0.00041794195,-27.612211,2.251811,0.7506037,0.18400002,0.0,0.16498645,2.5399983,2.5599983,412800
hardzero_plus_depr__c0p54__z1p10__lam0p020__nu0p50__psi1p25,hardzero_plus_depr,0.01,38,129,0.0,1,0.49308056,0.49312007,1.0134717,0.09694564,0.09694564,1.0,3.9517265e-05,0.0004076229,-26.914072,2.2296822,0.7432274,0.15200001,0.0,0.14715187,2.5599983,2.5799983,416000
hardzero_plus_depr__c0p54__z1p10__lam0p020__nu0p50__psi1p25,hardzero_plus_depr,0.01,38,130,0.0,1,0.49312007,0.49315664,1.0362532,0.091991305,0.091991305,1.0,3.6571946e-05,0.00039755873,-27.469526,2.2798026,0.7599342,0.099999994,0.0,0.18248105,2.5799983,2.5999982,419200
hardzero_plus_depr__c0p54__z1p10__lam0p020__nu0p50__psi1p25,hardzero_plus_depr,0.01,38,131,0.0,1,0.49315664,0.4931876,1.0974796,0.07989514,0.07989514,1.0,3.0978772e-05,0.0003877429,-28.806032,2.4145033,0.8048345,0.17600001,0.0,0.1643958,2.5999982,2.6199982,422400
hardzero_plus_depr__c0p54__z1p10__lam0p020__nu0p50__psi1p25,hardzero_plus_depr,0.01,38,132,0.0,1,0.4931876,0.49322775,0.97422874,0.10611364,0.10611364,1.0,4.012895e-05,0.00037816956,-26.213036,2.143346,0.7144487,0.16800001,0.008,0.17728303,2.6199982,2.6399982,425600
hardzero_plus_depr__c0p54__z1p10__lam0p020__nu0p50__psi1p25,hardzero_plus_depr,0.01,38,133,0.0,1,0.49322775,0.49325952,1.0649787,0.08610359,0.08610359,1.0,3.17578e-05,0.0003688325,-27.339102,2.343,0.781,0.16000001,0.0,0.14295265,2.6399982,2.6599982,428800
hardzero_plus_depr__c0p54__z1p10__lam0p020__nu0p50__psi1p25,hardzero_plus_depr,0.01,38,134,0.0,1,0.49325952,0.49328843,1.0947881,0.080391824,0.080391824,1.0,2.891903e-05,0.00035972602,-28.232447,2.408582,0.8028607,0.120000005,0.0,0.15475892,2.6599982,2.6799982,432000
hardzero_plus_depr__c0p54__z1p10__lam0p020__nu0p50__psi1p25,hardzero_plus_depr,0.01,38,135,0.0,1,0.49328843,0.49332133,1.0278687,0.09378454,0.09378454,1.0,3.2903772e-05,0.00035084432,-27.53897,2.2613564,0.7537855,0.16800001,0.0,0.18958952,2.6799982,2.6999981,435200
hardzero_plus_depr__c0p54__z1p10__lam0p020__nu0p50__psi1p25,hardzero_plus_depr,0.01,38,136,0.0,1,0.49332133,0.49335092,1.0632004,0.08645689,0.08645689,1.0,2.958399e-05,0.000342182,-27.999153,2.3390875,0.77969587,0.120000005,0.0,0.16046545,2.6999981,2.7199981,438400
hardzero_plus_depr__c0p54__z1p10__lam0p020__nu0p50__psi1p25,hardzero_plus_depr,0.01,38,137,0.0,1,0.49335092,0.49338034,1.0550439,0.08809597,0.08809597,1.0,2.9400571e-05,0.00033373345,-27.444475,2.321143,0.7737143,0.15200001,0.0,0.16697136,2.7199981,2.739998,441600
hardzero_plus_depr__c0p54__z1p10__lam0p020__nu0p50__psi1p25,hardzero_plus_depr,0.01,38,138,0.0,1,0.49338034,0.4934111,1.024733,0.09446416,0.09446416,1.0,3.0747477e-05,0.00032549357,-27.774044,2.2544575,0.7514858,0.14400001,0.0,0.18387154,2.739998,2.759998,444800
hardzero_plus_depr__c0p54__z1p10__lam0p020__nu0p50__psi1p25,hardzero_plus_depr,0.01,38,139,0.0,1,0.4934111,0.49344125,1.022069,0.09504539,0.09504539,1.0,3.017283e-05,0.00031745707,-26.506857,2.2485967,0.7495322,0.14400001,0.0,0.15520762,2.759998,2.779998,448000
hardzero_plus_depr__c0p54__z1p10__lam0p020__nu0p50__psi1p25,hardzero_plus_depr,0.01,38,140,0.0,1,0.49344125,0.4934715,1.0099499,0.09773498,0.09773498,1.0,3.0260617e-05,0.0003096191,-27.516132,2.2219343,0.7406448,0.18400002,0.0,0.16293633,2.779998,2.799998,451200
hardzero_plus_depr__c0p54__z1p10__lam0p020__nu0p50__psi1p25,hardzero_plus_depr,0.01,38,141,0.0,1,0.4934715,0.49349645,1.083065,0.082591414,0.082591414,1.0,2.4940506e-05,0.00030197456,-29.428259,2.3827906,0.79426354,0.136,0.0,0.17820862,2.799998,2.819998,454400
hardzero_plus_depr__c0p54__z1p10__lam0p020__nu0p50__psi1p25,hardzero_plus_depr,0.01,38,142,0.0,1,0.49349645,0.49352697,0.9843815,0.10366173,0.10366173,1.0,3.0530333e-05,0.00029451883,-27.185146,2.1656826,0.7218942,0.16000001,0.0,0.14935596,2.819998,2.839998,457600
hardzero_plus_depr__c0p54__z1p10__lam0p020__nu0p50__psi1p25,hardzero_plus_depr,0.01,38,143,0.0,1,0.49352697,0.4935513,1.0715426,0.084812015,0.084812015,1.0,2.4362005e-05,0.0002872471,-27.688028,2.3574407,0.78581357,0.14,0.0,0.1638222,2.839998,2.859998,460800
hardzero_plus_depr__c0p54__z1p10__lam0p020__nu0p50__psi1p25,hardzero_plus_depr,0.01,38,144,0.0,1,0.4935513,0.4935767,1.0425475,0.09066769,0.09066769,1.0,2.5401005e-05,0.00028015499,-27.101786,2.2936502,0.7645501,0.136,0.0,0.15893738,2.859998,2.879998,464000
hardzero_plus_depr__c0p54__z1p10__lam0p020__nu0p50__psi1p25,hardzero_plus_depr,0.01,38,145,0.0,1,0.4935767,0.4936005,1.0605412,0.08698789,0.08698789,1.0,2.3768389e-05,0.0002732379,-27.81467,2.3332372,0.7777457,0.136,0.0,0.21007164,2.879998,2.899998,467200
hardzero_plus_depr__c0p54__z1p10__lam0p020__nu0p50__psi1p25,hardzero_plus_depr,0.01,38,146,0.0,1,0.4936005,0.49362355,1.062745,0.08654759,0.08654759,1.0,2.3064209e-05,0.00026649164,-27.467936,2.3380857,0.7793619,0.08800001,0.0,0.1451595,2.899998,2.919998,470400
hardzero_plus_depr__c0p54__z1p10__lam0p020__nu0p50__psi1p25,hardzero_plus_depr,0.01,38,147,0.0,1,0.49362355,0.4936465,1.0541339,0.08828077,0.08828077,1.0,2.2945225e-05,0.00025991193,-27.977068,2.319141,0.773047,0.16000001,0.0,0.1676513,2.919998,2.939998,473600
hardzero_plus_depr__c0p54__z1p10__lam0p020__nu0p50__psi1p25,hardzero_plus_depr,0.01,38,148,0.0,1,0.4936465,0.49366963,1.0399115,0.09121967,0.09121967,1.0,2.3123706e-05,0.00025349474,-27.029583,2.287851,0.76261705,0.192,0.0,0.13981147,2.939998,2.959998,476800
hardzero_plus_depr__c0p54__z1p10__lam0p020__nu0p50__psi1p25,hardzero_plus_depr,0.01,38,149,0.0,1,0.49366963,0.49369195,1.0446475,0.09023032,0.09023032,1.0,2.2308173e-05,0.00024723588,-27.494892,2.2982702,0.7660901,0.08800001,0.0,0.18379746,2.959998,2.9799979,480000
hardzero_plus_depr__c0p54__z1p10__lam0p020__nu0p50__psi1p25,hardzero_plus_depr,0.01,38,150,0.0,1,0.49369195,0.49371493,1.020755,0.09533337,0.09533337,1.0,2.2987893e-05,0.00024113167,-27.71619,2.245706,0.7485687,0.16800001,0.0,0.1623747,2.9799979,2.9999979,483200
hardzero_plus_depr__c0p54__z1p10__lam0p020__nu0p50__psi1p25,hardzero_plus_depr,0.01,38,151,0.0,1,0.49371493,0.49373505,1.0680931,0.08548836,0.08548836,1.0,2.0104986e-05,0.00023517807,-28.049273,2.3498516,0.7832839,0.136,0.0,0.17528349,2.9999979,3.0199978,486400
hardzero_plus_depr__c0p54__z1p10__lam0p020__nu0p50__psi1p25,hardzero_plus_depr,0.01,38,152,0.0,1,0.49373505,0.49375543,1.0515224,0.088813215,0.088813215,1.0,2.0371224e-05,0.00022937154,-28.645306,2.3133955,0.7711319,0.18400002,0.008,0.19089253,3.0199978,3.0399978,489600
hardzero_plus_depr__c0p54__z1p10__lam0p020__nu0p50__psi1p25,hardzero_plus_depr,0.01,38,153,0.0,1,0.49375543,0.49377498,1.0585973,0.08737811,0.08737811,1.0,1.954721e-05,0.00022370831,-28.356735,2.3289607,0.7763202,0.136,0.0,0.15780966,3.0399978,3.0599978,492800
hardzero_plus_depr__c0p54__z1p10__lam0p020__nu0p50__psi1p25,hardzero_plus_depr,0.01,38,154,0.0,1,0.49377498,0.49377498,1.115836,0.0,0.07658858,0.0,0.0,0.00021818496,-28.682459,2.4548883,0.81829613,0.16000001,0.0,0.16820006,3.0599978,3.0799978,496000
hardzero_plus_depr__c0p54__z1p10__lam0p020__nu0p50__psi1p25,hardzero_plus_depr,0.01,38,155,0.0,1,0.49377498,0.4937967,0.9911864,0.10205015,0.10205015,1.0,2.171606e-05,0.00021279792,-25.997826,2.1806536,0.72688454,0.18400002,0.0,0.15037595,3.0799978,3.0999978,499200
hardzero_plus_depr__c0p54__z1p10__lam0p020__nu0p50__psi1p25,hardzero_plus_depr,0.01,38,156,0.0,1,0.4937967,0.49381837,0.98155284,0.104339115,0.104339115,1.0,2.1654954e-05,0.00020754397,-26.45331,2.1594594,0.7198198,0.28,0.0,0.14034714,3.0999978,3.1199977,502400
hardzero_plus_depr__c0p54__z1p10__lam0p020__nu0p50__psi1p25,hardzero_plus_depr,0.01,38,157,0.0,1,0.49381837,0.49383712,1.0335346,0.09256895,0.09256895,1.0,1.8737775e-05,0.00020241967,-27.911337,2.2738216,0.75794053,0.192,0.0,0.17390253,3.1199977,3.1399977,505600
hardzero_plus_depr__c0p54__z1p10__lam0p020__nu0p50__psi1p25,hardzero_plus_depr,0.01,38,158,0.0,1,0.49383712,0.49385852,0.9651106,0.10836509,0.10836509,1.0,2.1393646e-05,0.00019742193,-26.049818,2.1232858,0.70776194,0.208,0.0,0.17269483,3.1399977,3.1599977,508800
hardzero_plus_depr__c0p54__z1p10__lam0p020__nu0p50__psi1p25,hardzero_plus_depr,0.01,38,159,0.0,1,0.49385852,0.49387628,1.0346853,0.09232403,0.09232403,1.0,1.7776767e-05,0.00019254755,-27.886856,2.2763531,0.7587844,0.128,0.0,0.15261951,3.1599977,3.1799977,512000
hardzero_plus_depr__c0p54__z1p10__lam0p020__nu0p50__psi1p25,hardzero_plus_depr,0.01,38,160,0.0,1,0.49387628,0.49389407,1.0231681,0.09480515,0.09480515,1.0,1.7803797e-05,0.00018779357,-27.288082,2.2510147,0.75033826,0.15200001,0.0,0.17434965,3.1799977,3.1999977,515200
hardzero_plus_depr__c0p54__z1p10__lam0p020__nu0p50__psi1p25,hardzero_plus_depr,0.01,38,161,0.0,1,0.49389407,0.4939111,1.0317683,0.09294621,0.09294621,1.0,1.702374e-05,0.00018315691,-27.544382,2.2699356,0.7566452,0.14400001,0.0,0.1584048,3.1999977,3.2199976,518400
hardzero_plus_depr__c0p54__z1p10__lam0p020__nu0p50__psi1p25,hardzero_plus_depr,0.01,38,162,0.0,1,0.4939111,0.49392688,1.0535555,0.08839842,0.08839842,1.0,1.5791027e-05,0.00017863473,-27.032438,2.3178682,0.77262276,0.16000001,0.0,0.17600383,3.2199976,3.2399976,521600
hardzero_plus_depr__c0p54__z1p10__lam0p020__nu0p50__psi1p25,hardzero_plus_depr,0.01,38,163,0.0,1,0.49392688,0.49394158,1.0736984,0.08439206,0.08439206,1.0,1.4703146e-05,0.00017422427,-28.473125,2.3621836,0.7873945,0.120000005,0.0,0.17304073,3.2399976,3.2599976,524800
hardzero_plus_depr__c0p54__z1p10__lam0p020__nu0p50__psi1p25,hardzero_plus_depr,0.01,38,164,0.0,1,0.49394158,0.49395752,1.0275451,0.093854465,0.093854465,1.0,1.5948e-05,0.00016992267,-27.017527,2.2606444,0.75354815,0.16800001,0.0,0.16725442,3.2599976,3.2799976,528000
hardzero_plus_depr__c0p54__z1p10__lam0p020__nu0p50__psi1p25,hardzero_plus_depr,0.01,38,165,0.0,1,0.49395752,0.49397156,1.0723888,0.08464693,0.08464693,1.0,1.4028304e-05,0.00016572725,-28.843555,2.3593023,0.7864341,0.17600001,0.0,0.21281214,3.2799976,3.2999976,531200
hardzero_plus_depr__c0p54__z1p10__lam0p020__nu0p50__psi1p25,hardzero_plus_depr,0.01,38,166,0.0,1,0.49397156,0.4939869,1.0222821,0.09499874,0.09499874,1.0,1.5355161e-05,0.00016163541,-27.257595,2.2490656,0.74968857,0.136,0.0,0.16276939,3.2999976,3.3199975,534400
hardzero_plus_depr__c0p54__z1p10__lam0p020__nu0p50__psi1p25,hardzero_plus_depr,0.01,38,167,0.0,1,0.4939869,0.49400076,1.0560825,0.08788556,0.08788556,1.0,1.3854692e-05,0.0001576447,-27.651693,2.323428,0.774476,0.15200001,0.0,0.16643634,3.3199975,3.3399975,537600
hardzero_plus_depr__c0p54__z1p10__lam0p020__nu0p50__psi1p25,hardzero_plus_depr,0.01,38,168,0.0,1,0.49400076,0.4940175,0.96301824,0.10888843,0.10888843,1.0,1.6741858e-05,0.00015375241,-26.476662,2.1186824,0.7062275,0.18400002,0.008,0.14823495,3.3399975,3.3599975,540800
hardzero_plus_depr__c0p54__z1p10__lam0p020__nu0p50__psi1p25,hardzero_plus_depr,0.01,38,169,0.0,1,0.4940175,0.49403086,1.050853,0.08895021,0.08895021,1.0,1.3338638e-05,0.00014995623,-25.973398,2.3119228,0.77064097,0.099999994,0.0,0.13032256,3.3599975,3.3799975,544000
hardzero_plus_depr__c0p54__z1p10__lam0p020__nu0p50__psi1p25,hardzero_plus_depr,0.01,38,170,0.0,1,0.49403086,0.494044,1.0464832,0.089849755,0.089849755,1.0,1.3140866e-05,0.00014625378,-27.573591,2.3023088,0.76743627,0.2,0.0,0.174041,3.3799975,3.3999975,547200
hardzero_plus_depr__c0p54__z1p10__lam0p020__nu0p50__psi1p25,hardzero_plus_depr,0.01,38,171,0.0,1,0.494044,0.49405733,1.0299369,0.09333898,0.09333898,1.0,1.3314136e-05,0.00014264282,-27.184889,2.2659066,0.7553022,0.15200001,0.0,0.17178595,3.3999975,3.4199975,550400
hardzero_plus_depr__c0p54__z1p10__lam0p020__nu0p50__psi1p25,hardzero_plus_depr,0.01,38,172,0.0,1,0.49405733,0.49407038,1.0275658,0.09384997,0.09384997,1.0,1.3056498e-05,0.00013912095,-26.08307,2.26069,0.75356334,0.18400002,0.0,0.15165515,3.4199975,3.4399974,553600
hardzero_plus_depr__c0p54__z1p10__lam0p020__nu0p50__psi1p25,hardzero_plus_depr,0.01,38,173,0.0,1,0.49407038,0.49408174,1.0773708,0.08368145,0.08368145,1.0,1.1354403e-05,0.00013568602,-27.718313,2.370263,0.7900877,0.14400001,0.0,0.20423529,3.4399974,3.4599974,556800
hardzero_plus_depr__c0p54__z1p10__lam0p020__nu0p50__psi1p25,hardzero_plus_depr,0.01,38,174,0.0,1,0.49408174,0.4940925,1.0893625,0.08140244,0.08140244,1.0,1.0772465e-05,0.0001323359,-28.474869,2.3966453,0.79888177,0.136,0.0,0.1699403,3.4599974,3.4799974,560000
hardzero_plus_depr__c0p54__z1p10__lam0p020__nu0p50__psi1p25,hardzero_plus_depr,0.01,38,175,0.0,1,0.4940925,0.49410442,1.0347439,0.09231155,0.09231155,1.0,1.1914521e-05,0.00012906858,-27.61185,2.276482,0.7588274,0.14400001,0.0,0.16373299,3.4799974,3.4999974,563200
hardzero_plus_depr__c0p54__z1p10__lam0p020__nu0p50__psi1p25,hardzero_plus_depr,0.01,38,176,0.0,1,0.49410442,0.49411502,1.074853,0.08416802,0.08416802,1.0,1.0595226e-05,0.00012588185,-28.26461,2.3647237,0.78824127,0.08800001,0.0,0.18269508,3.4999974,3.5199974,566400
hardzero_plus_depr__c0p54__z1p10__lam0p020__nu0p50__psi1p25,hardzero_plus_depr,0.01,38,177,0.0,1,0.49411502,0.49412626,1.038249,0.09156953,0.09156953,1.0,1.1242339e-05,0.0001227738,-28.16679,2.2841935,0.76139784,0.15200001,0.0,0.15378201,3.5199974,3.5399973,569600
hardzero_plus_depr__c0p54__z1p10__lam0p020__nu0p50__psi1p25,hardzero_plus_depr,0.01,38,178,0.0,1,0.49412626,0.49413636,1.0735129,0.08442811,0.08442811,1.0,1.0109632e-05,0.000119742486,-27.819414,2.3617756,0.78725857,0.16800001,0.0,0.17376679,3.5399973,3.5599973,572800
hardzero_plus_depr__c0p54__z1p10__lam0p020__nu0p50__psi1p25,hardzero_plus_depr,0.01,38,179,0.0,1,0.49413636,0.4941474,1.0249473,0.09441755,0.09441755,1.0,1.10266565e-05,0.00011678609,-27.433308,2.254929,0.75164306,0.192,0.0,0.19328365,3.5599973,3.5799973,576000
hardzero_plus_depr__c0p54__z1p10__lam0p020__nu0p50__psi1p25,hardzero_plus_depr,0.01,38,180,0.0,1,0.4941474,0.49415657,1.0943018,0.08048189,0.08048189,1.0,9.167097e-06,0.00011390261,-28.141644,2.407512,0.802504,0.096,0.0,0.18621899,3.5799973,3.5999973,579200
hardzero_plus_depr__c0p54__z1p10__lam0p020__nu0p50__psi1p25,hardzero_plus_depr,0.01,38,181,0.0,1,0.49415657,0.4941662,1.0615842,0.086779214,0.086779214,1.0,9.640332e-06,0.00011109033,-27.133472,2.335532,0.7785107,0.16000001,0.0,0.15534203,3.5999973,3.6199973,582400
hardzero_plus_depr__c0p54__z1p10__lam0p020__nu0p50__psi1p25,hardzero_plus_depr,0.01,38,182,0.0,1,0.4941662,0.49417558,1.0616937,0.08675735,0.08675735,1.0,9.399941e-06,0.00010834749,-28.241835,2.3357728,0.7785909,0.16,0.0,0.1704258,3.6199973,3.6399972,585600
hardzero_plus_depr__c0p54__z1p10__lam0p020__nu0p50__psi1p25,hardzero_plus_depr,0.01,38,183,0.0,1,0.49417558,0.49418592,1.0094677,0.09784356,0.09784356,1.0,1.0339366e-05,0.00010567242,-27.517197,2.2208734,0.7402911,0.16800001,0.0,0.17939016,3.6399972,3.6599972,588800
hardzero_plus_depr__c0p54__z1p10__lam0p020__nu0p50__psi1p25,hardzero_plus_depr,0.01,38,184,0.0,1,0.49418592,0.49419546,1.0340554,0.092458025,0.092458025,1.0,9.529034e-06,0.00010306336,-27.861355,2.2749672,0.7583224,0.16000001,0.0,0.17328782,3.6599972,3.6799972,592000
hardzero_plus_depr__c0p54__z1p10__lam0p020__nu0p50__psi1p25,hardzero_plus_depr,0.01,38,185,0.0,1,0.49419546,0.49420512,1.0169373,0.09617511,0.09617511,1.0,9.6673975e-06,0.00010051871,-26.351198,2.2373066,0.7457689,0.08800001,0.0,0.13482979,3.6799972,3.6999972,595200
hardzero_plus_depr__c0p54__z1p10__lam0p020__nu0p50__psi1p25,hardzero_plus_depr,0.01,38,186,0.0,1,0.49420512,0.49421385,1.0505347,0.08901543,0.08901543,1.0,8.7267945e-06,9.803687e-05,-27.557343,2.3112226,0.77040756,0.14400001,0.0,0.1764745,3.6999972,3.7199972,598400
hardzero_plus_depr__c0p54__z1p10__lam0p020__nu0p50__psi1p25,hardzero_plus_depr,0.01,38,187,0.0,1,0.49421385,0.49422422,0.96473634,0.108458504,0.108458504,1.0,1.0370409e-05,9.561637e-05,-27.117691,2.1224623,0.70748746,0.216,0.0,0.13051249,3.7199972,3.7399971,601600
hardzero_plus_depr__c0p54__z1p10__lam0p020__nu0p50__psi1p25,hardzero_plus_depr,0.01,38,188,0.0,1,0.49422422,0.49423262,1.0449507,0.09016735,0.09016735,1.0,8.40861e-06,9.325559e-05,-27.659044,2.2989376,0.76631254,0.112,0.0,0.15054663,3.7399971,3.7599971,604800
hardzero_plus_depr__c0p54__z1p10__lam0p020__nu0p50__psi1p25,hardzero_plus_depr,0.01,38,189,0.0,1,0.49423262,0.49424094,1.0389512,0.09142161,0.09142161,1.0,8.315078e-06,9.095309e-05,-27.383049,2.2857382,0.76191276,0.112,0.0,0.15393789,3.7599971,3.779997,608000
hardzero_plus_depr__c0p54__z1p10__lam0p020__nu0p50__psi1p25,hardzero_plus_depr,0.01,38,190,0.0,1,0.49424094,0.4942486,1.0638863,0.08632046,0.08632046,1.0,7.657267e-06,8.870744e-05,-28.383814,2.3405967,0.78019893,0.112,0.0,0.18159766,3.779997,3.799997,611200
hardzero_plus_depr__c0p54__z1p10__lam0p020__nu0p50__psi1p25,hardzero_plus_depr,0.01,38,191,0.0,1,0.4942486,0.49425632,1.050238,0.08907626,0.08907626,1.0,7.706636e-06,8.6517284e-05,-27.155958,2.3105698,0.77018994,0.17600001,0.0,0.18517777,3.799997,3.819997,614400
hardzero_plus_depr__c0p54__z1p10__lam0p020__nu0p50__psi1p25,hardzero_plus_depr,0.01,38,192,0.0,1,0.49425632,0.49426395,1.0431987,0.090531826,0.090531826,1.0,7.63918e-06,8.438115e-05,-27.734911,2.295083,0.7650277,0.104,0.0,0.15338558,3.819997,3.839997,617600
hardzero_plus_depr__c0p54__z1p10__lam0p020__nu0p50__psi1p25,hardzero_plus_depr,0.01,38,193,0.0,1,0.49426395,0.4942715,1.0374619,0.091735646,0.091735646,1.0,7.5496387e-06,8.229777e-05,-27.669737,2.2824616,0.76082057,0.16800001,0.0,0.15101889,3.839997,3.859997,620800
hardzero_plus_depr__c0p54__z1p10__lam0p020__nu0p50__psi1p25,hardzero_plus_depr,0.01,38,194,0.0,1,0.4942715,0.49427798,1.0911702,0.08106433,0.08106433,1.0,6.5066947e-06,8.026582e-05,-28.90327,2.4006224,0.8002075,0.128,0.0,0.15969315,3.859997,3.879997,624000
hardzero_plus_depr__c0p54__z1p10__lam0p020__nu0p50__psi1p25,hardzero_plus_depr,0.01,38,195,0.0,1,0.49427798,0.49427798,1.1108589,0.0,0.07747134,0.0,0.0,7.828408e-05,-29.659834,2.4439385,0.8146462,0.11,0.0,0.18007615,3.879997,3.899997,627200
hardzero_plus_depr__c0p54__z1p10__lam0p020__nu0p50__psi1p25,hardzero_plus_depr,0.01,38,196,0.0,1,0.49427798,0.49428618,0.96915877,0.10735969,0.10735969,1.0,8.197045e-06,7.635123e-05,-26.18171,2.132192,0.7107307,0.17600001,0.0,0.14796898,3.899997,3.919997,630400
hardzero_plus_depr__c0p54__z1p10__lam0p020__nu0p50__psi1p25,hardzero_plus_depr,0.01,38,197,0.0,1,0.49428618,0.49429342,1.0117084,0.09734005,0.09734005,1.0,7.2485345e-06,7.446611e-05,-27.248877,2.225803,0.7419343,0.2,0.0,0.15304805,3.919997,3.939997,633600
hardzero_plus_depr__c0p54__z1p10__lam0p020__nu0p50__psi1p25,hardzero_plus_depr,0.01,38,198,0.0,1,0.49429342,0.49430043,1.0160747,0.09636632,0.09636632,1.0,6.9988478e-06,7.2627525e-05,-27.741764,2.2354088,0.74513626,0.15200001,0.0,0.15324058,3.939997,3.959997,636800
hardzero_plus_depr__c0p54__z1p10__lam0p020__nu0p50__psi1p25,hardzero_plus_depr,0.01,38,199,0.0,1,0.49430043,0.4943069,1.0398595,0.091230586,0.091230586,1.0,6.4622604e-06,7.0834365e-05,-27.93793,2.2877367,0.7625789,0.15200001,0.0,0.17914863,3.959997,3.979997,640000
hardzero_plus_depr__c0p54__z1p10__lam0p020__nu0p50__psi1p25,hardzero_plus_depr,0.01,38,200,0.0,1,0.4943069,0.49431276,1.0702375,0.085067265,0.085067265,1.0,5.876911e-06,6.908546e-05,-27.637001,2.3545694,0.7848565,0.080000006,0.0,0.18319242,3.979997,3.999997,643200
hardzero_plus_depr__c0p54__z1p10__lam0p020__nu0p50__psi1p25,hardzero_plus_depr,0.01,38,201,0.0,1,0.49431276,0.49431276,1.1043968,0.0,0.07863269,0.0,0.0,6.7379726e-05,-29.032793,2.4297216,0.8099072,0.128,0.0,0.1776564,3.999997,4.019997,646400
hardzero_plus_depr__c0p54__z1p10__lam0p020__nu0p50__psi1p25,hardzero_plus_depr,0.01,38,202,0.0,1,0.49431276,0.4943191,1.0157416,0.09644027,0.09644027,1.0,6.337679e-06,6.571611e-05,-27.092627,2.2346761,0.74489206,0.224,0.0,0.17247903,4.019997,4.039997,649600
hardzero_plus_depr__c0p54__z1p10__lam0p020__nu0p50__psi1p25,hardzero_plus_depr,0.01,38,203,0.0,1,0.4943191,0.49432442,1.0830158,0.08260079,0.08260079,1.0,5.2941787e-06,6.409356e-05,-27.988108,2.3826823,0.7942275,0.16000001,0.0,0.17767905,4.039997,4.059997,652800
hardzero_plus_depr__c0p54__z1p10__lam0p020__nu0p50__psi1p25,hardzero_plus_depr,0.01,38,204,0.0,1,0.49432442,0.4943301,1.0406829,0.091057785,0.091057785,1.0,5.692121e-06,6.2511084e-05,-27.823215,2.2895482,0.76318276,0.128,0.0,0.17083512,4.059997,4.079997,656000
hardzero_plus_depr__c0p54__z1p10__lam0p020__nu0p50__psi1p25,hardzero_plus_depr,0.01,38,205,0.0,1,0.4943301,0.49433586,1.0250552,0.0943941,0.0943941,1.0,5.7549887e-06,6.096767e-05,-27.20965,2.2551665,0.7517222,0.17600001,0.0,0.16989411,4.079997,4.099997,659200
hardzero_plus_depr__c0p54__z1p10__lam0p020__nu0p50__psi1p25,hardzero_plus_depr,0.01,38,206,0.0,1,0.49433586,0.49434152,1.0202584,0.09544244,0.09544244,1.0,5.6752365e-06,5.9462403e-05,-27.230263,2.2446134,0.74820447,0.136,0.0,0.17263375,4.099997,4.119997,662400
hardzero_plus_depr__c0p54__z1p10__lam0p020__nu0p50__psi1p25,hardzero_plus_depr,0.01,38,207,0.0,1,0.49434152,0.49434683,1.0385664,0.091502644,0.091502644,1.0,5.3066283e-06,5.799426e-05,-28.359161,2.2848916,0.76163054,0.16000001,0.0,0.15747239,4.119997,4.139997,665600
hardzero_plus_depr__c0p54__z1p10__lam0p020__nu0p50__psi1p25,hardzero_plus_depr,0.01,38,208,0.0,1,0.49434683,0.49435246,1.0027497,0.09936885,0.09936885,1.0,5.6205376e-06,5.656237e-05,-27.224775,2.2060933,0.73536444,0.19,0.0,0.1823993,4.139997,4.159997,668800
hardzero_plus_depr__c0p54__z1p10__lam0p020__nu0p50__psi1p25,hardzero_plus_depr,0.01,38,209,0.0,1,0.49435246,0.4943573,1.0573008,0.08763936,0.08763936,1.0,4.8347015e-06,5.5165867e-05,-27.50318,2.3261082,0.7753694,0.136,0.0,0.20141445,4.159997,4.179997,672000
hardzero_plus_depr__c0p54__z1p10__lam0p020__nu0p50__psi1p25,hardzero_plus_depr,0.01,38,210,0.0,1,0.4943573,0.49436197,1.0597743,0.087141626,0.087141626,1.0,4.6885516e-06,5.380381e-05,-28.465807,2.33155,0.7771833,0.208,0.008,0.16272916,4.179997,4.199997,675200
hardzero_plus_depr__c0p54__z1p10__lam0p020__nu0p50__psi1p25,hardzero_plus_depr,0.01,38,211,0.0,1,0.49436197,0.4943667,1.0433728,0.09049555,0.09049555,1.0,4.748789e-06,5.2475385e-05,-27.68843,2.295466,0.7651553,0.128,0.0,0.16401127,4.199997,4.219997,678400
hardzero_plus_depr__c0p54__z1p10__lam0p020__nu0p50__psi1p25,hardzero_plus_depr,0.01,38,212,0.0,1,0.4943667,0.49437162,1.016533,0.096264675,0.096264675,1.0,4.9268024e-06,5.1179755e-05,-26.889969,2.2364173,0.74547243,0.2,0.0,0.17375593,4.219997,4.239997,681600
hardzero_plus_depr__c0p54__z1p10__lam0p020__nu0p50__psi1p25,hardzero_plus_depr,0.01,38,213,0.0,1,0.49437162,0.49437562,1.0956101,0.0802398,0.0802398,1.0,4.0052596e-06,4.991612e-05,-28.668056,2.4103904,0.80346346,0.104,0.0,0.16959654,4.239997,4.259997,684800
hardzero_plus_depr__c0p54__z1p10__lam0p020__nu0p50__psi1p25,hardzero_plus_depr,0.01,38,214,0.0,1,0.49437562,0.49437988,1.0567404,0.08775252,0.08775252,1.0,4.272118e-06,4.8683705e-05,-27.917665,2.3248754,0.7749585,0.120000005,0.0,0.14687888,4.259997,4.279997,688000
hardzero_plus_depr__c0p54__z1p10__lam0p020__nu0p50__psi1p25,hardzero_plus_depr,0.01,38,215,0.0,1,0.49437988,0.4943839,1.0703647,0.08504236,0.08504236,1.0,4.037955e-06,4.748169e-05,-28.332338,2.3548493,0.7849498,0.15200001,0.0,0.17515776,4.279997,4.299997,691200
hardzero_plus_depr__c0p54__z1p10__lam0p020__nu0p50__psi1p25,hardzero_plus_depr,0.01,38,216,0.0,1,0.4943839,0.494388,1.052597,0.088593714,0.088593714,1.0,4.102719e-06,4.6309367e-05,-27.347555,2.3157597,0.7719199,0.112,0.0,0.18469107,4.299997,4.319997,694400
hardzero_plus_depr__c0p54__z1p10__lam0p020__nu0p50__psi1p25,hardzero_plus_depr,0.01,38,217,0.0,1,0.494388,0.49439207,1.045686,0.09001481,0.09001481,1.0,4.065608e-06,4.5165994e-05,-27.763922,2.3005552,0.7668518,0.128,0.0,0.15749457,4.319997,4.339997,697600
hardzero_plus_depr__c0p54__z1p10__lam0p020__nu0p50__psi1p25,hardzero_plus_depr,0.01,38,218,0.0,1,0.49439207,0.49439642,1.0052658,0.09879482,0.09879482,1.0,4.351995e-06,4.405084e-05,-27.604742,2.211629,0.7372097,0.17600001,0.0,0.14453343,4.339997,4.359997,700800
hardzero_plus_depr__c0p54__z1p10__lam0p020__nu0p50__psi1p25,hardzero_plus_depr,0.01,38,219,0.0,1,0.49439642,0.49440017,1.0582335,0.087451346,0.087451346,1.0,3.757191e-06,4.2963216e-05,-27.863985,2.3281603,0.7760534,0.128,0.0,0.15551315,4.359997,4.379997,704000
hardzero_plus_depr__c0p54__z1p10__lam0p020__nu0p50__psi1p25,hardzero_plus_depr,0.01,38,220,0.0,1,0.49440017,0.4944044,0.99563247,0.10101072,0.10101072,1.0,4.2325964e-06,4.190245e-05,-26.888952,2.1904352,0.7301451,0.16800001,0.0,0.15474376,4.379997,4.3999968,707200
hardzero_plus_depr__c0p54__z1p10__lam0p020__nu0p50__psi1p25,hardzero_plus_depr,0.01,38,221,0.0,1,0.4944044,0.4944078,1.0810649,0.08297267,0.08297267,1.0,3.390916e-06,4.0867868e-05,-28.134512,2.3783903,0.7927968,0.14999999,0.0,0.16987526,4.3999968,4.4199967,710400
hardzero_plus_depr__c0p54__z1p10__lam0p020__nu0p50__psi1p25,hardzero_plus_depr,0.01,38,222,0.0,1,0.4944078,0.4944117,1.009734,0.09778357,0.09778357,1.0,3.897541e-06,3.9858853e-05,-27.082096,2.2214592,0.7404864,0.208,0.0,0.17328061,4.4199967,4.4399967,713600
hardzero_plus_depr__c0p54__z1p10__lam0p020__nu0p50__psi1p25,hardzero_plus_depr,0.01,38,223,0.0,1,0.4944117,0.49441501,1.0704784,0.08502007,0.08502007,1.0,3.3051326e-06,3.8874732e-05,-28.127909,2.3550997,0.7850332,0.192,0.0,0.18064614,4.4399967,4.4599967,716800
hardzero_plus_depr__c0p54__z1p10__lam0p020__nu0p50__psi1p25,hardzero_plus_depr,0.01,38,224,0.0,1,0.49441501,0.49441847,1.0390754,0.09139545,0.09139545,1.0,3.46525e-06,3.7914906e-05,-27.36422,2.2860115,0.76200384,0.16000001,0.0,0.150841,4.4599967,4.4799967,720000
hardzero_plus_depr__c0p54__z1p10__lam0p020__nu0p50__psi1p25,hardzero_plus_depr,0.01,38,225,0.0,1,0.49441847,0.49442193,1.0299972,0.09332601,0.09332601,1.0,3.4510836e-06,3.6978796e-05,-27.438255,2.2660391,0.7553464,0.136,0.0,0.17818129,4.4799967,4.4999967,723200
hardzero_plus_depr__c0p54__z1p10__lam0p020__nu0p50__psi1p25,hardzero_plus_depr,0.01,38,226,0.0,1,0.49442193,0.49442554,1.0006465,0.099851266,0.099851266,1.0,3.601214e-06,3.6065783e-05,-27.447893,2.201466,0.73382205,0.17600001,0.0,0.1734971,4.4999967,4.5199966,726400
hardzero_plus_depr__c0p54__z1p10__lam0p020__nu0p50__psi1p25,hardzero_plus_depr,0.01,38,227,0.0,1,0.49442554,0.49442837,1.0924675,0.08082252,0.08082252,1.0,2.8429577e-06,3.5175315e-05,-27.73758,2.4034765,0.80115885,0.080000006,0.0,0.16110085,4.5199966,4.5399966,729600
hardzero_plus_depr__c0p54__z1p10__lam0p020__nu0p50__psi1p25,hardzero_plus_depr,0.01,38,228,0.0,1,0.49442837,0.4944313,1.069693,0.08517399,0.08517399,1.0,2.9220494e-06,3.4306828e-05,-28.041775,2.3533716,0.7844572,0.14400001,0.0,0.19837858,4.5399966,4.5599966,732800
hardzero_plus_depr__c0p54__z1p10__lam0p020__nu0p50__psi1p25,hardzero_plus_depr,0.01,38,229,0.0,1,0.4944313,0.49443418,1.0623841,0.08661953,0.08661953,1.0,2.8982713e-06,3.345979e-05,-27.854975,2.3372917,0.77909726,0.112,0.0,0.1415963,4.5599966,4.5799966,736000
hardzero_plus_depr__c0p54__z1p10__lam0p020__nu0p50__psi1p25,hardzero_plus_depr,0.01,38,230,0.0,1,0.49443418,0.4944371,1.0499114,0.08914328,0.08914328,1.0,2.909073e-06,3.2633674e-05,-28.889679,2.3098512,0.7699504,0.14400001,0.0,0.16941081,4.5799966,4.5999966,739200
hardzero_plus_depr__c0p54__z1p10__lam0p020__nu0p50__psi1p25,hardzero_plus_depr,0.01,38,231,0.0,1,0.4944371,0.4944401,1.0238819,0.09464945,0.09464945,1.0,3.0124972e-06,3.182794e-05,-27.597813,2.2525852,0.75086176,0.192,0.0,0.14735737,4.5999966,4.6199965,742400
hardzero_plus_depr__c0p54__z1p10__lam0p020__nu0p50__psi1p25,hardzero_plus_depr,0.01,38,232,0.0,1,0.4944401,0.49444312,1.0152981,0.096538804,0.096538804,1.0,2.9967678e-06,3.1042106e-05,-26.531614,2.2337005,0.74456686,0.120000005,0.0,0.15130603,4.6199965,4.6399965,745600
hardzero_plus_depr__c0p54__z1p10__lam0p020__nu0p50__psi1p25,hardzero_plus_depr,0.01,38,233,0.0,1,0.49444312,0.49444574,1.0610627,0.086883485,0.086883485,1.0,2.630457e-06,3.0275685e-05,-26.982748,2.3343844,0.77812815,0.17600001,0.0,0.1707805,4.6399965,4.6599965,748800
hardzero_plus_depr__c0p54__z1p10__lam0p020__nu0p50__psi1p25,hardzero_plus_depr,0.01,38,234,0.0,1,0.49444574,0.4944486,1.0135812,0.09692121,0.09692121,1.0,2.8619065e-06,2.9528175e-05,-26.24028,2.229923,0.7433077,0.12,0.0,0.14281657,4.6599965,4.6799965,752000
hardzero_plus_depr__c0p54__z1p10__lam0p020__nu0p50__psi1p25,hardzero_plus_depr,0.01,38,235,0.0,1,0.4944486,0.49445134,1.0233407,0.09476748,0.09476748,1.0,2.72922e-06,2.8799117e-05,-26.854288,2.2513945,0.75046486,0.18400002,0.0,0.17554712,4.6799965,4.6999965,755200
hardzero_plus_depr__c0p54__z1p10__lam0p020__nu0p50__psi1p25,hardzero_plus_depr,0.01,38,236,0.0,1,0.49445134,0.4944538,1.0624465,0.0866071,0.0866071,1.0,2.4326257e-06,2.8088065e-05,-28.103687,2.337429,0.77914304,0.16800001,0.0,0.17351528,4.6999965,4.7199965,758400
hardzero_plus_depr__c0p54__z1p10__lam0p020__nu0p50__psi1p25,hardzero_plus_depr,0.01,38,237,0.0,1,0.4944538,0.494456,1.0923002,0.080853686,0.080853686,1.0,2.2149513e-06,2.7394562e-05,-28.16074,2.4031084,0.8010361,0.14400001,0.0,0.20492981,4.7199965,4.7399964,761600
hardzero_plus_depr__c0p54__z1p10__lam0p020__nu0p50__psi1p25,hardzero_plus_depr,0.01,38,238,0.0,1,0.494456,0.49445862,1.00791,0.09819513,0.09819513,1.0,2.6235969e-06,2.6718199e-05,-27.552183,2.2174463,0.7391488,0.192,0.0,0.15275292,4.7399964,4.7599964,764800
hardzero_plus_depr__c0p54__z1p10__lam0p020__nu0p50__psi1p25,hardzero_plus_depr,0.01,38,239,0.0,1,0.49445862,0.49445862,1.113459,0.0,0.0770089,0.0,0.0,2.6058522e-05,-28.77187,2.4496586,0.8165529,0.08800001,0.0,0.18375713,4.7599964,4.7799964,768000
hardzero_plus_depr__c0p54__z1p10__lam0p020__nu0p50__psi1p25,hardzero_plus_depr,0.01,38,240,0.0,1,0.49445862,0.4944607,1.0884976,0.081564724,0.081564724,1.0,2.072978e-06,2.5415131e-05,-28.09806,2.3947427,0.7982476,0.136,0.0,0.17012405,4.7799964,4.7999964,771200
hardzero_plus_depr__c0p54__z1p10__lam0p020__nu0p50__psi1p25,hardzero_plus_depr,0.01,38,241,0.0,1,0.4944607,0.4944628,1.076492,0.08385095,0.08385095,1.0,2.0784669e-06,2.4787638e-05,-28.50361,2.3683295,0.7894432,0.24000001,0.008,0.21894991,4.7999964,4.8199964,774400
hardzero_plus_depr__c0p54__z1p10__lam0p020__nu0p50__psi1p25,hardzero_plus_depr,0.01,38,242,0.0,1,0.4944628,0.4944651,1.0182129,0.09589303,0.09589303,1.0,2.3182743e-06,2.4175628e-05,-26.948408,2.2401133,0.74670446,0.120000005,0.0,0.1553346,4.8199964,4.8399963,777600
hardzero_plus_depr__c0p54__z1p10__lam0p020__nu0p50__psi1p25,hardzero_plus_depr,0.01,38,243,0.0,1,0.4944651,0.4944671,1.07289,0.08454929,0.08454929,1.0,1.9935646e-06,2.3578727e-05,-27.516338,2.3604052,0.78680176,0.136,0.0,0.16058116,4.8399963,4.8599963,780800
hardzero_plus_depr__c0p54__z1p10__lam0p020__nu0p50__psi1p25,hardzero_plus_depr,0.01,38,244,0.0,1,0.4944671,0.4944692,1.0432708,0.090516806,0.090516806,1.0,2.0815758e-06,2.2996566e-05,-27.849161,2.2952416,0.7650806,0.16800001,0.0,0.16797312,4.8599963,4.8799963,784000
hardzero_plus_depr__c0p54__z1p10__lam0p020__nu0p50__psi1p25,hardzero_plus_depr,0.01,38,245,0.0,1,0.4944692,0.4944692,1.1008605,0.0,0.0792756,0.0,0.0,2.2428776e-05,-28.237368,2.4219413,0.8073138,0.072000004,0.0,0.16675639,4.8799963,4.8999963,787200
hardzero_plus_depr__c0p54__z1p10__lam0p020__nu0p50__psi1p25,hardzero_plus_depr,0.01,38,246,0.0,1,0.4944692,0.49447116,1.0473785,0.08966469,0.08966469,1.0,1.9614165e-06,2.1875016e-05,-27.527689,2.3042789,0.768093,0.120000005,0.0,0.15828373,4.8999963,4.9199963,790400
hardzero_plus_depr__c0p54__z1p10__lam0p020__nu0p50__psi1p25,hardzero_plus_depr,0.01,38,247,0.0,1,0.49447116,0.4944731,1.0425532,0.09066649,0.09066649,1.0,1.9343622e-06,2.133492e-05,-27.634003,2.2936628,0.76455426,0.17999999,0.0,0.16003487,4.9199963,4.9399962,793600
hardzero_plus_depr__c0p54__z1p10__lam0p020__nu0p50__psi1p25,hardzero_plus_depr,0.01,38,248,0.0,1,0.4944731,0.4944749,1.069132,0.085284084,0.085284084,1.0,1.7746042e-06,2.0808153e-05,-27.843634,2.3521373,0.7840458,0.15200001,0.0,0.176577,4.9399962,4.959996,796800
hardzero_plus_depr__c0p54__z1p10__lam0p020__nu0p50__psi1p25,hardzero_plus_depr,0.01,38,249,0.0,1,0.4944749,0.49447677,1.0305268,0.09321229,0.09321229,1.0,1.8916883e-06,2.0294408e-05,-27.075247,2.267204,0.7557347,0.16800001,0.0,0.16702014,4.959996,4.979996,800000
hardzero_plus_depr__c0p54__z1p10__lam0p020__nu0p50__psi1p25,hardzero_plus_depr,0.01,38,250,0.0,1,0.49447677,0.4944785,1.0589844,0.08730027,0.08730027,1.0,1.7279633e-06,1.9793333e-05,-28.628592,2.3298123,0.7766041,0.128,0.0,0.17146187,4.979996,4.999996,803200
hardzero_plus_depr__c0p54__z1p10__lam0p020__nu0p50__psi1p25,hardzero_plus_depr,0.01,38,251,0.0,1,0.4944785,0.4944802,1.0592977,0.08723731,0.08723731,1.0,1.6840843e-06,1.9304633e-05,-27.03334,2.3305016,0.7768339,0.216,0.0,0.17089933,4.999996,5.019996,806400
hardzero_plus_depr__c0p54__z1p10__lam0p020__nu0p50__psi1p25,hardzero_plus_depr,0.01,38,252,0.0,1,0.4944802,0.49448198,1.0222038,0.09501586,0.09501586,1.0,1.7889583e-06,1.8827997e-05,-26.928274,2.2488933,0.7496311,0.16800001,0.0,0.15244816,5.019996,5.039996,809600
hardzero_plus_depr__c0p54__z1p10__lam0p020__nu0p50__psi1p25,hardzero_plus_depr,0.01,38,253,0.0,1,0.49448198,0.4944835,1.0815451,0.082880974,0.082880974,1.0,1.5219542e-06,1.8363131e-05,-28.063328,2.3794467,0.79314893,0.136,0.0,0.17767298,5.039996,5.059996,812800
hardzero_plus_depr__c0p54__z1p10__lam0p020__nu0p50__psi1p25,hardzero_plus_depr,0.01,38,254,0.0,1,0.4944835,0.4944851,1.0464411,0.08985845,0.08985845,1.0,1.6093425e-06,1.7909751e-05,-27.745901,2.3022163,0.76740545,0.15200001,0.0,0.1491874,5.059996,5.079996,816000
hardzero_plus_depr__c0p54__z1p10__lam0p020__nu0p50__psi1p25,hardzero_plus_depr,0.01,38,255,0.0,1,0.4944851,0.49448675,1.0252614,0.09434928,0.09434928,1.0,1.6480515e-06,1.7467557e-05,-27.148624,2.25562,0.7518734,0.120000005,0.0,0.16808127,5.079996,5.099996,819200
hardzero_plus_depr__c0p54__z1p10__lam0p020__nu0p50__psi1p25,hardzero_plus_depr,0.01,38,256,0.0,1,0.49448675,0.4944882,1.0670655,0.08569086,0.08569086,1.0,1.4598534e-06,1.7036278e-05,-27.478403,2.347591,0.7825303,0.120000005,0.0,0.16159323,5.099996,5.119996,822400
hardzero_plus_depr__c0p54__z1p10__lam0p020__nu0p50__psi1p25,hardzero_plus_depr,0.01,38,257,0.0,1,0.4944882,0.49448964,1.0689251,0.08532472,0.08532472,1.0,1.4177264e-06,1.6615659e-05,-27.95561,2.3516822,0.78389406,0.16800001,0.0,0.190916,5.119996,5.139996,825600
hardzero_plus_depr__c0p54__z1p10__lam0p020__nu0p50__psi1p25,hardzero_plus_depr,0.01,38,258,0.0,1,0.49448964,0.49449113,1.0349408,0.092269704,0.092269704,1.0,1.4952689e-06,1.6205415e-05,-27.173014,2.2769153,0.7589718,0.14400001,0.0,0.16047071,5.139996,5.159996,828800
hardzero_plus_depr__c0p54__z1p10__lam0p020__nu0p50__psi1p25,hardzero_plus_depr,0.01,38,259,0.0,1,0.49449113,0.4944924,1.092018,0.080906235,0.080906235,1.0,1.2787473e-06,1.5805299e-05,-28.86042,2.4024875,0.8008292,0.17600001,0.0,0.1916561,5.159996,5.179996,832000
hardzero_plus_depr__c0p54__z1p10__lam0p020__nu0p50__psi1p25,hardzero_plus_depr,0.01,38,260,0.0,1,0.4944924,0.49449384,1.0310403,0.09310215,0.09310215,1.0,1.4351756e-06,1.5415064e-05,-27.484026,2.268334,0.7561113,0.14,0.0,0.16489507,5.179996,5.199996,835200
hardzero_plus_depr__c0p54__z1p10__lam0p020__nu0p50__psi1p25,hardzero_plus_depr,0.01,38,261,0.0,1,0.49449384,0.49449536,0.9986715,0.100306384,0.100306384,1.0,1.5080526e-06,1.5034463e-05,-26.464111,2.1971211,0.7323737,0.16000001,0.0,0.17271253,5.199996,5.219996,838400
hardzero_plus_depr__c0p54__z1p10__lam0p020__nu0p50__psi1p25,hardzero_plus_depr,0.01,38,262,0.0,1,0.49449536,0.49449658,1.0817779,0.08283656,0.08283656,1.0,1.2146546e-06,1.46632665e-05,-28.201935,2.3799589,0.79331964,0.16000001,0.0,0.17349033,5.219996,5.239996,841600
hardzero_plus_depr__c0p54__z1p10__lam0p020__nu0p50__psi1p25,hardzero_plus_depr,0.01,38,263,0.0,1,0.49449658,0.49449784,1.0591763,0.087261684,0.087261684,1.0,1.2479492e-06,1.4301228e-05,-27.291903,2.3302345,0.77674484,0.16000001,0.008,0.18333758,5.239996,5.259996,844800
hardzero_plus_depr__c0p54__z1p10__lam0p020__nu0p50__psi1p25,hardzero_plus_depr,0.01,38,264,0.0,1,0.49449784,0.49449918,1.012702,0.0971176,0.0971176,1.0,1.3546088e-06,1.3948128e-05,-26.907848,2.227989,0.742663,0.14400001,0.0,0.16276589,5.259996,5.279996,848000
hardzero_plus_depr__c0p54__z1p10__lam0p020__nu0p50__psi1p25,hardzero_plus_depr,0.01,38,265,0.0,1,0.49449918,0.49450058,0.98657286,0.10314,0.10314,1.0,1.4030909e-06,1.36037515e-05,-26.538979,2.1705036,0.7235012,0.18400002,0.0,0.13988324,5.279996,5.299996,851200
hardzero_plus_depr__c0p54__z1p10__lam0p020__nu0p50__psi1p25,hardzero_plus_depr,0.01,38,266,0.0,1,0.49450058,0.49450186,1.0130954,0.09702968,0.09702968,1.0,1.2873775e-06,1.3267873e-05,-26.767185,2.2288544,0.7429515,0.15200001,0.0,0.15869722,5.299996,5.319996,854400
hardzero_plus_depr__c0p54__z1p10__lam0p020__nu0p50__psi1p25,hardzero_plus_depr,0.01,38,267,0.0,1,0.49450186,0.49450317,0.99402297,0.10138579,0.10138579,1.0,1.3119612e-06,1.2940287e-05,-25.780354,2.1868942,0.72896475,0.17600001,0.0,0.13601087,5.319996,5.339996,857600
hardzero_plus_depr__c0p54__z1p10__lam0p020__nu0p50__psi1p25,hardzero_plus_depr,0.01,38,268,0.0,1,0.49450317,0.4945043,1.0470998,0.08972225,0.08972225,1.0,1.1323657e-06,1.262079e-05,-27.177088,2.3036656,0.76788855,0.16000001,0.0,0.15651861,5.339996,5.359996,860800
hardzero_plus_depr__c0p54__z1p10__lam0p020__nu0p50__psi1p25,hardzero_plus_depr,0.01,38,269,0.0,1,0.4945043,0.49450538,1.0623087,0.086634584,0.086634584,1.0,1.0664007e-06,1.230918e-05,-27.825537,2.3371258,0.77904195,0.14400001,0.0,0.19460484,5.359996,5.379996,864000
hardzero_plus_depr__c0p54__z1p10__lam0p020__nu0p50__psi1p25,hardzero_plus_depr,0.01,38,270,0.0,1,0.49450538,0.49450642,1.0550246,0.08809988,0.08809988,1.0,1.0576628e-06,1.2005269e-05,-26.799265,2.3211005,0.7737002,0.096,0.0,0.14601837,5.379996,5.399996,867200
hardzero_plus_depr__c0p54__z1p10__lam0p020__nu0p50__psi1p25,hardzero_plus_depr,0.01,38,271,0.0,1,0.49450642,0.49450752,1.0286098,0.093624644,0.093624644,1.0,1.0962376e-06,1.17088575e-05,-26.65588,2.2629867,0.7543289,0.17600001,0.0,0.14542216,5.399996,5.419996,870400
hardzero_plus_depr__c0p54__z1p10__lam0p020__nu0p50__psi1p25,hardzero_plus_depr,0.01,38,272,0.0,1,0.49450752,0.4945085,1.0667002,0.08576295,0.08576295,1.0,9.793926e-07,1.1419763e-05,-27.493856,2.3467875,0.7822625,0.24800001,0.0,0.16685195,5.419996,5.439996,873600
hardzero_plus_depr__c0p54__z1p10__lam0p020__nu0p50__psi1p25,hardzero_plus_depr,0.01,38,273,0.0,1,0.4945085,0.4945097,0.9731845,0.10636909,0.10636909,1.0,1.184719e-06,1.1137813e-05,-26.259335,2.1410487,0.7136829,0.17999999,0.0,0.16823095,5.439996,5.4599957,876800
hardzero_plus_depr__c0p54__z1p10__lam0p020__nu0p50__psi1p25,hardzero_plus_depr,0.01,38,274,0.0,1,0.4945097,0.49451062,1.0772852,0.08369795,0.08369795,1.0,9.0919565e-07,1.0862818e-05,-27.609608,2.3700747,0.79002494,0.14400001,0.0,0.15922688,5.4599957,5.4799957,880000
hardzero_plus_depr__c0p54__z1p10__lam0p020__nu0p50__psi1p25,hardzero_plus_depr,0.01,38,275,0.0,1,0.49451062,0.4945115,1.0862488,0.08198818,0.08198818,1.0,8.686331e-07,1.0594614e-05,-28.537851,2.389795,0.7965984,0.112,0.0,0.16121507,5.4799957,5.4999957,883200
hardzero_plus_depr__c0p54__z1p10__lam0p020__nu0p50__psi1p25,hardzero_plus_depr,0.01,38,276,0.0,1,0.4945115,0.49451247,1.0273265,0.093901716,0.093901716,1.0,9.702893e-07,1.033303e-05,-27.551853,2.2601633,0.7533878,0.112,0.0,0.17663962,5.4999957,5.5199957,886400
hardzero_plus_depr__c0p54__z1p10__lam0p020__nu0p50__psi1p25,hardzero_plus_depr,0.01,38,277,0.0,1,0.49451247,0.4945133,1.0863138,0.081975885,0.081975885,1.0,8.2614525e-07,1.0077906e-05,-27.13158,2.389938,0.79664606,0.14400001,0.0,0.15094092,5.5199957,5.5399957,889600
hardzero_plus_depr__c0p54__z1p10__lam0p020__nu0p50__psi1p25,hardzero_plus_depr,0.01,38,278,0.0,1,0.4945133,0.4945142,1.0402865,0.09114093,0.09114093,1.0,8.958321e-07,9.829087e-06,-27.409592,2.288676,0.762892,0.112,0.0,0.1733928,5.5399957,5.5599957,892800
hardzero_plus_depr__c0p54__z1p10__lam0p020__nu0p50__psi1p25,hardzero_plus_depr,0.01,38,279,0.0,1,0.4945142,0.494515,1.0796101,0.08325108,0.08325108,1.0,7.980785e-07,9.586403e-06,-28.222998,2.3751895,0.79172987,0.128,0.0,0.18637964,5.5599957,5.5799956,896000
hardzero_plus_depr__c0p54__z1p10__lam0p020__nu0p50__psi1p25,hardzero_plus_depr,0.01,38,280,0.0,1,0.494515,0.49451584,1.044809,0.090196766,0.090196766,1.0,8.4331384e-07,9.349713e-06,-27.875072,2.2986257,0.7662086,0.14400001,0.0,0.16433991,5.5799956,5.5999956,899200
hardzero_plus_depr__c0p54__z1p10__lam0p020__nu0p50__psi1p25,hardzero_plus_depr,0.01,38,281,0.0,1,0.49451584,0.49451673,1.0071757,0.098361306,0.098361306,1.0,8.969442e-07,9.118872e-06,-26.108416,2.2158308,0.73861027,0.14400001,0.0,0.15546168,5.5999956,5.6199956,902400
hardzero_plus_depr__c0p54__z1p10__lam0p020__nu0p50__psi1p25,hardzero_plus_depr,0.01,38,282,0.0,1,0.49451673,0.4945176,1.0130781,0.09703354,0.09703354,1.0,8.629896e-07,8.893725e-06,-27.309975,2.2288163,0.74293876,0.192,0.0,0.1603206,5.6199956,5.6399956,905600
hardzero_plus_depr__c0p54__z1p10__lam0p020__nu0p50__psi1p25,hardzero_plus_depr,0.01,38,283,0.0,1,0.4945176,0.49451834,1.072978,0.08453216,0.08453216,1.0,7.332436e-07,8.674138e-06,-27.896233,2.3605988,0.7868663,0.14400001,0.0,0.19096997,5.6399956,5.6599956,908800
hardzero_plus_depr__c0p54__z1p10__lam0p020__nu0p50__psi1p25,hardzero_plus_depr,0.01,38,284,0.0,1,0.49451834,0.49451914,1.0245177,0.094511,0.094511,1.0,7.995604e-07,8.4599715e-06,-27.195173,2.2539837,0.75132793,0.136,0.0,0.1661766,5.6599956,5.6799955,912000
hardzero_plus_depr__c0p54__z1p10__lam0p020__nu0p50__psi1p25,hardzero_plus_depr,0.01,38,285,0.0,1,0.49451914,0.49451995,1.0181124,0.095915236,0.095915236,1.0,7.9140557e-07,8.251093e-06,-27.50531,2.239892,0.74663067,0.18400002,0.0,0.14929022,5.6799955,5.6999955,915200
hardzero_plus_depr__c0p54__z1p10__lam0p020__nu0p50__psi1p25,hardzero_plus_depr,0.01,38,286,0.0,1,0.49451995,0.49452072,1.0173948,0.09607386,0.09607386,1.0,7.731425e-07,8.0473765e-06,-25.971792,2.2383132,0.7461044,0.17999999,0.0,0.14635535,5.6999955,5.7199955,918400
hardzero_plus_depr__c0p54__z1p10__lam0p020__nu0p50__psi1p25,hardzero_plus_depr,0.01,38,287,0.0,1,0.49452072,0.4945214,1.0633712,0.08642288,0.08642288,1.0,6.78306e-07,7.848685e-06,-28.407797,2.3394632,0.7798211,0.17600001,0.0,0.16248915,5.7199955,5.7399955,921600
hardzero_plus_depr__c0p54__z1p10__lam0p020__nu0p50__psi1p25,hardzero_plus_depr,0.01,38,288,0.0,1,0.4945214,0.494522,1.0999177,0.07944788,0.07944788,1.0,6.081655e-07,7.6548995e-06,-29.009619,2.4198673,0.80662245,0.112,0.0,0.19352387,5.7399955,5.7599955,924800
hardzero_plus_depr__c0p54__z1p10__lam0p020__nu0p50__psi1p25,hardzero_plus_depr,0.01,38,289,0.0,1,0.494522,0.494522,1.1056824,0.0,0.078400284,0.0,0.0,7.4659024e-06,-28.763178,2.4325497,0.8108499,0.15200001,0.0,0.1815272,5.7599955,5.7799954,928000
hardzero_plus_depr__c0p54__z1p10__lam0p020__nu0p50__psi1p25,hardzero_plus_depr,0.01,38,290,0.0,1,0.494522,0.49452266,1.0419153,0.090799764,0.090799764,1.0,6.611646e-07,7.2815674e-06,-28.203627,2.2922595,0.7640865,0.15200001,0.0,0.17233732,5.7799954,5.7999954,931200
hardzero_plus_depr__c0p54__z1p10__lam0p020__nu0p50__psi1p25,hardzero_plus_depr,0.01,38,291,0.0,1,0.49452266,0.4945234,0.9842574,0.10369137,0.10369137,1.0,7.3639376e-07,7.1017844e-06,-26.36977,2.1654096,0.7218032,0.16800001,0.0,0.18440387,5.7999954,5.8199954,934400
hardzero_plus_depr__c0p54__z1p10__lam0p020__nu0p50__psi1p25,hardzero_plus_depr,0.01,38,292,0.0,1,0.4945234,0.49452403,1.0457294,0.090005815,0.090005815,1.0,6.234199e-07,6.92644e-06,-27.640812,2.3006506,0.76688355,0.136,0.0,0.1804624,5.8199954,5.8399954,937600
hardzero_plus_depr__c0p54__z1p10__lam0p020__nu0p50__psi1p25,hardzero_plus_depr,0.01,38,293,0.0,1,0.49452403,0.49452466,1.0315342,0.09299633,0.09299633,1.0,6.282297e-07,6.755425e-06,-26.855381,2.2694206,0.75647354,0.18400002,0.0,0.1634457,5.8399954,5.8599954,940800
hardzero_plus_depr__c0p54__z1p10__lam0p020__nu0p50__psi1p25,hardzero_plus_depr,0.01,38,294,0.0,1,0.49452466,0.49452528,1.0295894,0.093413696,0.093413696,1.0,6.154688e-07,6.5886356e-06,-27.463587,2.265142,0.7550473,0.192,0.0,0.16478506,5.8599954,5.8799953,944000
hardzero_plus_depr__c0p54__z1p10__lam0p020__nu0p50__psi1p25,hardzero_plus_depr,0.01,38,295,0.0,1,0.49452528,0.49452582,1.0872346,0.08180228,0.08180228,1.0,5.256582e-07,6.4259607e-06,-28.047043,2.391964,0.7973213,0.16000001,0.008,0.15459788,5.8799953,5.8999953,947200
hardzero_plus_depr__c0p54__z1p10__lam0p020__nu0p50__psi1p25,hardzero_plus_depr,0.01,38,296,0.0,1,0.49452582,0.4945264,1.0435214,0.09046459,0.09046459,1.0,5.66969e-07,6.2673025e-06,-26.8429,2.295793,0.7652644,0.136,0.0,0.15527207,5.8999953,5.9199953,950400
hardzero_plus_depr__c0p54__z1p10__lam0p020__nu0p50__psi1p25,hardzero_plus_depr,0.01,38,297,0.0,1,0.4945264,0.49452692,1.0610206,0.08689192,0.08689192,1.0,5.311325e-07,6.112565e-06,-28.643076,2.334292,0.77809733,0.16000001,0.0,0.20231283,5.9199953,5.9399953,953600
hardzero_plus_depr__c0p54__z1p10__lam0p020__nu0p50__psi1p25,hardzero_plus_depr,0.01,38,298,0.0,1,0.49452692,0.49452746,1.0471352,0.08971494,0.08971494,1.0,5.348486e-07,5.961645e-06,-26.869314,2.3037436,0.76791453,0.14400001,0.0,0.14653932,5.9399953,5.9599953,956800
hardzero_plus_depr__c0p54__z1p10__lam0p020__nu0p50__psi1p25,hardzero_plus_depr,0.01,38,299,0.0,1,0.49452746,0.494528,1.0309556,0.093120314,0.093120314,1.0,5.4144346e-07,5.8144506e-06,-28.409994,2.2681475,0.75604916,0.17999999,0.0,0.16069777,5.9599953,5.9799953,960000
hardzero_plus_depr__c0p54__z1p10__lam0p020__nu0p50__psi1p25,hardzero_plus_depr,0.01,38,300,0.0,1,0.494528,0.49452844,1.096032,0.080161884,0.080161884,1.0,4.5458927e-07,5.6708905e-06,-28.303478,2.4113185,0.80377287,0.14400001,0.0,0.16384527,5.9799953,5.999995,963200
hardzero_plus_depr__c0p54__z1p10__lam0p020__nu0p50__psi1p25,hardzero_plus_depr,0.01,38,301,0.0,1,0.49452844,0.49452895,1.034517,0.09235979,0.09235979,1.0,5.1083043e-07,5.530875e-06,-27.233114,2.2759829,0.758661,0.14400001,0.0,0.16955051,5.999995,6.019995,966400
hardzero_plus_depr__c0p54__z1p10__lam0p020__nu0p50__psi1p25,hardzero_plus_depr,0.01,38,302,0.0,1,0.49452895,0.4945295,1.0001802,0.099958494,0.099958494,1.0,5.392081e-07,5.39432e-06,-26.063166,2.2004404,0.73348016,0.16800001,0.0,0.18371628,6.019995,6.039995,969600
hardzero_plus_depr__c0p54__z1p10__lam0p020__nu0p50__psi1p25,hardzero_plus_depr,0.01,38,303,0.0,1,0.4945295,0.49453,1.0215666,0.09515538,0.09515538,1.0,5.006251e-07,5.2611326e-06,-27.744438,2.2474914,0.7491638,0.15200001,0.0,0.17364965,6.039995,6.059995,972800
hardzero_plus_depr__c0p54__z1p10__lam0p020__nu0p50__psi1p25,hardzero_plus_depr,0.01,38,304,0.0,1,0.49453,0.49453044,1.0554678,0.08801003,0.08801003,1.0,4.516001e-07,5.1312345e-06,-27.796864,2.3220756,0.7740252,0.120000005,0.0,0.16607074,6.059995,6.079995,976000
hardzero_plus_depr__c0p54__z1p10__lam0p020__nu0p50__psi1p25,hardzero_plus_depr,0.01,38,305,0.0,1,0.49453044,0.49453086,1.0687718,0.08535483,0.08535483,1.0,4.2716215e-07,5.004546e-06,-27.907463,2.351345,0.7837817,0.16000001,0.0,0.17089675,6.079995,6.099995,979200
hardzero_plus_depr__c0p54__z1p10__lam0p020__nu0p50__psi1p25,hardzero_plus_depr,0.01,38,306,0.0,1,0.49453086,0.49453133,1.0120716,0.097258694,0.097258694,1.0,4.7471804e-07,4.880983e-06,-27.031391,2.226602,0.74220073,0.15200001,0.0,0.14688449,6.099995,6.119995,982400
hardzero_plus_depr__c0p54__z1p10__lam0p020__nu0p50__psi1p25,hardzero_plus_depr,0.01,38,307,0.0,1,0.49453133,0.49453175,1.0438224,0.090401895,0.090401895,1.0,4.3035556e-07,4.7604703e-06,-27.889908,2.2964551,0.76548505,0.08800001,0.0,0.13378096,6.119995,6.139995,985600
hardzero_plus_depr__c0p54__z1p10__lam0p020__nu0p50__psi1p25,hardzero_plus_depr,0.01,38,308,0.0,1,0.49453175,0.4945322,1.0190516,0.09570804,0.09570804,1.0,4.4436604e-07,4.642933e-06,-26.203978,2.2419581,0.7473194,0.17600001,0.0,0.16839087,6.139995,6.159995,988800
hardzero_plus_depr__c0p54__z1p10__lam0p020__nu0p50__psi1p25,hardzero_plus_depr,0.01,38,309,0.0,1,0.4945322,0.49453261,1.0326605,0.09275545,0.09275545,1.0,4.2002438e-07,4.5282986e-06,-26.830006,2.2718985,0.75729954,0.15200001,0.0,0.15518256,6.159995,6.179995,992000
hardzero_plus_depr__c0p54__z1p10__lam0p020__nu0p50__psi1p25,hardzero_plus_depr,0.01,38,310,0.0,1,0.49453261,0.49453297,1.08179,0.08283427,0.08283427,1.0,3.6583725e-07,4.4164963e-06,-27.377306,2.3799853,0.79332846,0.080000006,0.0,0.16104548,6.179995,6.199995,995200
hardzero_plus_depr__c0p54__z1p10__lam0p020__nu0p50__psi1p25,hardzero_plus_depr,0.01,38,311,0.0,1,0.49453297,0.49453342,0.977331,0.10535837,0.10535837,1.0,4.5382612e-07,4.307452e-06,-26.804407,2.150171,0.7167237,0.18400002,0.0,0.15120271,6.199995,6.219995,998400
hardzero_plus_depr__c0p54__z1p10__lam0p020__nu0p50__psi1p25,hardzero_plus_depr,0.01,38,312,0.0,1,0.49453342,0.49453378,1.0717199,0.0847774,0.0847774,1.0,3.5615835e-07,4.2011e-06,-28.124651,2.3578308,0.7859436,0.11,0.0,0.14868602,6.219995,6.239995,1001600
hardzero_plus_depr__c0p54__z1p10__lam0p020__nu0p50__psi1p25,hardzero_plus_depr,0.01,38,313,0.0,1,0.49453378,0.49453416,1.0229087,0.09486179,0.09486179,1.0,3.886844e-07,4.097376e-06,-27.21172,2.250444,0.750148,0.18400002,0.0,0.15543953,6.239995,6.259995,1004800
hardzero_plus_depr__c0p54__z1p10__lam0p020__nu0p50__psi1p25,hardzero_plus_depr,0.01,38,314,0.0,1,0.49453416,0.4945345,1.0853573,0.082156636,0.082156636,1.0,3.2831525e-07,3.996211e-06,-28.918945,2.3878338,0.79594463,0.16800001,0.0,0.167779,6.259995,6.279995,1008000
hardzero_plus_depr__c0p54__z1p10__lam0p020__nu0p50__psi1p25,hardzero_plus_depr,0.01,38,315,0.0,1,0.4945345,0.49453485,1.0434564,0.090478115,0.090478115,1.0,3.5264245e-07,3.897544e-06,-27.817822,2.29565,0.7652167,0.17600001,0.0,0.17086309,6.279995,6.299995,1011200
hardzero_plus_depr__c0p54__z1p10__lam0p020__nu0p50__psi1p25,hardzero_plus_depr,0.01,38,316,0.0,1,0.49453485,0.4945352,1.0432105,0.09052936,0.09052936,1.0,3.4413046e-07,3.8013131e-06,-27.430462,2.295109,0.76503634,0.16000001,0.0,0.17731756,6.299995,6.319995,1014400
hardzero_plus_depr__c0p54__z1p10__lam0p020__nu0p50__psi1p25,hardzero_plus_depr,0.01,38,317,0.0,1,0.4945352,0.4945356,0.99017537,0.102287985,0.102287985,1.0,3.7922837e-07,3.7074576e-06,-26.00033,2.1784294,0.7261431,0.24000001,0.0,0.14223236,6.319995,6.339995,1017600
hardzero_plus_depr__c0p54__z1p10__lam0p020__nu0p50__psi1p25,hardzero_plus_depr,0.01,38,318,0.0,1,0.4945356,0.4945356,1.1037841,0.0,0.07874371,0.0,0.0,3.6159217e-06,-28.455044,2.4283736,0.8094579,0.136,0.0,0.2226221,6.339995,6.359995,1020800
hardzero_plus_depr__c0p54__z1p10__lam0p020__nu0p50__psi1p25,hardzero_plus_depr,0.01,38,319,0.0,1,0.4945356,0.49453592,1.033801,0.0925122,0.0925122,1.0,3.262576e-07,3.5266442e-06,-27.01059,2.2744076,0.7581359,0.192,0.0,0.17670402,6.359995,6.379995,1024000
hardzero_plus_depr__c0p54__z1p10__lam0p020__nu0p50__psi1p25,hardzero_plus_depr,0.01,38,320,0.0,1,0.49453592,0.49453622,1.0536017,0.088389,0.088389,1.0,3.0402023e-07,3.439571e-06,-27.455055,2.31797,0.7726567,0.128,0.0,0.16413778,6.379995,6.399995,1027200
hardzero_plus_depr__c0p54__z1p10__lam0p020__nu0p50__psi1p25,hardzero_plus_depr,0.01,38,321,0.0,1,0.49453622,0.4945366,0.9534968,0.111302055,0.111302055,1.0,3.7337927e-07,3.3546485e-06,-25.06117,2.097735,0.699245,0.15200001,0.0,0.14555275,6.399995,6.419995,1030400
hardzero_plus_depr__c0p54__z1p10__lam0p020__nu0p50__psi1p25,hardzero_plus_depr,0.01,38,322,0.0,1,0.4945366,0.49453688,1.0865982,0.08192223,0.08192223,1.0,2.6803482e-07,3.2718203e-06,-28.297209,2.3905637,0.7968546,0.096,0.0,0.16958995,6.419995,6.439995,1033600
hardzero_plus_depr__c0p54__z1p10__lam0p020__nu0p50__psi1p25,hardzero_plus_depr,0.01,38,323,0.0,1,0.49453688,0.49453717,1.0282701,0.09369789,0.09369789,1.0,2.989937e-07,3.19104e-06,-27.97112,2.2622395,0.7540798,0.128,0.0,0.16872784,6.439995,6.459995,1036800
hardzero_plus_depr__c0p54__z1p10__lam0p020__nu0p50__psi1p25,hardzero_plus_depr,0.01,38,324,0.0,1,0.49453717,0.49453744,1.0867711,0.08188962,0.08188962,1.0,2.5486128e-07,3.1122538e-06,-28.394838,2.3909442,0.79698145,0.14400001,0.0,0.15946147,6.459995,6.479995,1040000
hardzero_plus_depr__c0p54__z1p10__lam0p020__nu0p50__psi1p25,hardzero_plus_depr,0.01,38,325,0.0,1,0.49453744,0.49453777,0.96385485,0.108678885,0.108678885,1.0,3.29885e-07,3.0354104e-06,-26.197916,2.120523,0.706841,0.13,0.0,0.15941705,6.479995,6.4999948,1043200
hardzero_plus_depr__c0p54__z1p10__lam0p020__nu0p50__psi1p25,hardzero_plus_depr,0.01,38,326,0.0,1,0.49453777,0.49453804,1.0562301,0.087855704,0.087855704,1.0,2.600939e-07,2.960467e-06,-27.6691,2.3237526,0.77458423,0.112,0.0,0.16248466,6.4999948,6.5199947,1046400
hardzero_plus_depr__c0p54__z1p10__lam0p020__nu0p50__psi1p25,hardzero_plus_depr,0.01,38,327,0.0,1,0.49453804,0.49453828,1.0665262,0.08579733,0.08579733,1.0,2.4772874e-07,2.8873712e-06,-27.673445,2.3464043,0.7821348,0.14400001,0.0,0.15583138,6.5199947,6.5399947,1049600
hardzero_plus_depr__c0p54__z1p10__lam0p020__nu0p50__psi1p25,hardzero_plus_depr,0.01,38,328,0.0,1,0.49453828,0.49453855,1.0276144,0.0938395,0.0938395,1.0,2.642598e-07,2.8160828e-06,-27.500093,2.2607968,0.7535989,0.16800001,0.0,0.16677788,6.5399947,6.5599947,1052800
hardzero_plus_depr__c0p54__z1p10__lam0p020__nu0p50__psi1p25,hardzero_plus_depr,0.01,38,329,0.0,1,0.49453855,0.4945388,1.0251833,0.09436624,0.09436624,1.0,2.5918203e-07,2.7465546e-06,-26.983511,2.2554483,0.75181615,0.2,0.0,0.15009502,6.5599947,6.5799947,1056000
hardzero_plus_depr__c0p54__z1p10__lam0p020__nu0p50__psi1p25,hardzero_plus_depr,0.01,38,330,0.0,1,0.4945388,0.49453905,1.0674345,0.08561808,0.08561808,1.0,2.2934861e-07,2.6787404e-06,-28.146803,2.348403,0.78280103,0.120000005,0.0,0.16933219,6.5799947,6.5999947,1059200
hardzero_plus_depr__c0p54__z1p10__lam0p020__nu0p50__psi1p25,hardzero_plus_depr,0.01,38,331,0.0,1,0.49453905,0.49453932,1.0008571,0.09980282,0.09980282,1.0,2.6074514e-07,2.6126029e-06,-25.586458,2.2019296,0.73397654,0.14400001,0.0,0.13520683,6.5999947,6.6199946,1062400
hardzero_plus_depr__c0p54__z1p10__lam0p020__nu0p50__psi1p25,hardzero_plus_depr,0.01,38,332,0.0,1,0.49453932,0.49453953,1.0753741,0.084067054,0.084067054,1.0,2.1421114e-07,2.5480986e-06,-28.041315,2.3658702,0.78862345,0.2,0.0,0.1989042,6.6199946,6.6399946,1065600
hardzero_plus_depr__c0p54__z1p10__lam0p020__nu0p50__psi1p25,hardzero_plus_depr,0.01,38,333,0.0,1,0.49453953,0.49453977,1.0235281,0.09472659,0.09472659,1.0,2.3541305e-07,2.4851845e-06,-27.451893,2.2518067,0.75060225,0.112,0.0,0.16894703,6.6399946,6.6599946,1068800
hardzero_plus_depr__c0p54__z1p10__lam0p020__nu0p50__psi1p25,hardzero_plus_depr,0.01,38,334,0.0,1,0.49453977,0.49454,1.0327994,0.0927258,0.0927258,1.0,2.2475118e-07,2.4238257e-06,-26.940063,2.272204,0.75740135,0.112,0.0,0.15160297,6.6599946,6.6799946,1072000
hardzero_plus_depr__c0p54__z1p10__lam0p020__nu0p50__psi1p25,hardzero_plus_depr,0.01,38,335,0.0,1,0.49454,0.4945402,1.0748771,0.08416332,0.08416332,1.0,1.989606e-07,2.3639823e-06,-28.468063,2.3647768,0.78825897,0.14400001,0.0,0.19963343,6.6799946,6.6999946,1075200
hardzero_plus_depr__c0p54__z1p10__lam0p020__nu0p50__psi1p25,hardzero_plus_depr,0.01,38,336,0.0,1,0.4945402,0.49454042,1.049278,0.089273386,0.089273386,1.0,2.0582998e-07,2.305614e-06,-27.431389,2.3084576,0.7694859,0.14400001,0.0,0.19162706,6.6999946,6.7199945,1078400
hardzero_plus_depr__c0p54__z1p10__lam0p020__nu0p50__psi1p25,hardzero_plus_depr,0.01,38,337,0.0,1,0.49454042,0.49454063,1.056608,0.08777928,0.08777928,1.0,1.9738829e-07,2.2486888e-06,-27.823223,2.324584,0.77486134,0.128,0.0,0.17935543,6.7199945,6.7399945,1081600
hardzero_plus_depr__c0p54__z1p10__lam0p020__nu0p50__psi1p25,hardzero_plus_depr,0.01,38,338,0.0,1,0.49454063,0.4945408,1.0985086,0.07970606,0.07970606,1.0,1.7480872e-07,2.1931673e-06,-28.225805,2.4167671,0.8055891,0.19,0.0,0.17408551,6.7399945,6.7599945,1084800
hardzero_plus_depr__c0p54__z1p10__lam0p020__nu0p50__psi1p25,hardzero_plus_depr,0.01,38,339,0.0,1,0.4945408,0.494541,1.0951014,0.080333866,0.080333866,1.0,1.7183565e-07,2.1390188e-06,-28.760517,2.409271,0.80309033,0.128,0.0,0.17118973,6.7599945,6.7799945,1088000
hardzero_plus_depr__c0p54__z1p10__lam0p020__nu0p50__psi1p25,hardzero_plus_depr,0.01,38,340,0.0,1,0.494541,0.4945412,1.023061,0.0948285,0.0948285,1.0,1.978319e-07,2.0862071e-06,-27.045115,2.2507792,0.75025976,0.14400001,0.0,0.16061552,6.7799945,6.7999945,1091200
hardzero_plus_depr__c0p54__z1p10__lam0p020__nu0p50__psi1p25,hardzero_plus_depr,0.01,38,341,0.0,1,0.4945412,0.49454138,1.088304,0.08160108,0.08160108,1.0,1.660335e-07,2.0346972e-06,-28.109512,2.3943167,0.7981056,0.16800001,0.0,0.17998202,6.7999945,6.8199944,1094400
hardzero_plus_depr__c0p54__z1p10__lam0p020__nu0p50__psi1p25,hardzero_plus_depr,0.01,38,342,0.0,1,0.49454138,0.4945416,1.003705,0.09915052,0.09915052,1.0,1.9676037e-07,1.9844613e-06,-26.307968,2.2081952,0.7360651,0.16800001,0.0,0.16461486,6.8199944,6.8399944,1097600
hardzero_plus_depr__c0p54__z1p10__lam0p020__nu0p50__psi1p25,hardzero_plus_depr,0.01,38,343,0.0,1,0.4945416,0.49454176,1.0206468,0.09535712,0.09535712,1.0,1.8456022e-07,1.9354634e-06,-26.973467,2.245468,0.7484893,0.18400002,0.008,0.15650965,6.8399944,6.8599944,1100800
hardzero_plus_depr__c0p54__z1p10__lam0p020__nu0p50__psi1p25,hardzero_plus_depr,0.01,38,344,0.0,1,0.49454176,0.49454194,1.0065666,0.09849934,0.09849934,1.0,1.85935e-07,1.8876775e-06,-27.22907,2.214491,0.73816365,0.136,0.0,0.14347714,6.8599944,6.8799944,1104000
hardzero_plus_depr__c0p54__z1p10__lam0p020__nu0p50__psi1p25,hardzero_plus_depr,0.01,38,345,0.0,1,0.49454194,0.4945421,1.0589033,0.087316565,0.087316565,1.0,1.60756e-07,1.8410711e-06,-27.452457,2.329634,0.7765447,0.112,0.0,0.17003249,6.8799944,6.8999944,1107200
hardzero_plus_depr__c0p54__z1p10__lam0p020__nu0p50__psi1p25,hardzero_plus_depr,0.01,38,346,0.0,1,0.4945421,0.49454227,1.033788,0.092514984,0.092514984,1.0,1.661212e-07,1.795614e-06,-27.015837,2.274379,0.7581264,0.17600001,0.0,0.14356099,6.8999944,6.9199944,1110400
hardzero_plus_depr__c0p54__z1p10__lam0p020__nu0p50__psi1p25,hardzero_plus_depr,0.01,38,347,0.0,1,0.49454227,0.49454245,0.96235144,0.10905574,0.10905574,1.0,1.9098724e-07,1.7512809e-06,-26.242231,2.1172154,0.7057385,0.14400001,0.0,0.14752693,6.9199944,6.9399943,1113600
hardzero_plus_depr__c0p54__z1p10__lam0p020__nu0p50__psi1p25,hardzero_plus_depr,0.01,38,348,0.0,1,0.49454245,0.4945426,1.0612168,0.08685267,0.08685267,1.0,1.4834801e-07,1.7080421e-06,-27.879946,2.3347237,0.7782413,0.112,0.0,0.16855697,6.9399943,6.9599943,1116800
hardzero_plus_depr__c0p54__z1p10__lam0p020__nu0p50__psi1p25,hardzero_plus_depr,0.01,38,349,0.0,1,0.4945426,0.49454278,1.0029013,0.09933417,0.09933417,1.0,1.6547777e-07,1.6658695e-06,-27.141457,2.2064269,0.73547566,0.16800001,0.0,0.16871934,6.9599943,6.9799943,1120000
hardzero_plus_depr__c0p54__z1p10__lam0p020__nu0p50__psi1p25,hardzero_plus_depr,0.01,38,350,0.0,1,0.49454278,0.49454293,1.0308878,0.093134835,0.093134835,1.0,1.5131985e-07,1.6247396e-06,-27.6815,2.2679985,0.7559995,0.16000001,0.0,0.15507129,6.9799943,6.9999943,1123200
hardzero_plus_depr__c0p54__z1p10__lam0p020__nu0p50__psi1p25,hardzero_plus_depr,0.01,38,351,0.0,1,0.49454293,0.49454308,1.0370609,0.0918204,0.0918204,1.0,1.4550092e-07,1.5846252e-06,-27.511488,2.2815795,0.76052654,0.07,0.0,0.14481507,6.9999943,7.0199943,1126400
hardzero_plus_depr__c0p54__z1p10__lam0p020__nu0p50__psi1p25,hardzero_plus_depr,0.01,38,352,0.0,1,0.49454308,0.4945432,1.062746,0.08654738,0.08654738,1.0,1.3375897e-07,1.5454999e-06,-27.795153,2.338088,0.7793627,0.136,0.0,0.16181467,7.0199943,7.0399942,1129600
hardzero_plus_depr__c0p54__z1p10__lam0p020__nu0p50__psi1p25,hardzero_plus_depr,0.01,38,353,0.0,1,0.4945432,0.49454334,1.0450433,0.09014811,0.09014811,1.0,1.3588404e-07,1.507342e-06,-27.328232,2.2991414,0.7663805,0.112,0.0,0.15352373,7.0399942,7.059994,1132800
hardzero_plus_depr__c0p54__z1p10__lam0p020__nu0p50__psi1p25,hardzero_plus_depr,0.01,38,354,0.0,1,0.49454334,0.4945435,1.0395744,0.091290504,0.091290504,1.0,1.3420842e-07,1.4701246e-06,-26.958359,2.2871094,0.7623698,0.208,0.0,0.18624192,7.059994,7.079994,1136000
hardzero_plus_depr__c0p54__z1p10__lam0p020__nu0p50__psi1p25,hardzero_plus_depr,0.01,38,355,0.0,1,0.4945435,0.49454364,0.99268264,0.10169915,0.10169915,1.0,1.4581906e-07,1.4338277e-06,-27.229029,2.1839454,0.7279818,0.120000005,0.0,0.13750112,7.079994,7.099994,1139200
hardzero_plus_depr__c0p54__z1p10__lam0p020__nu0p50__psi1p25,hardzero_plus_depr,0.01,38,356,0.0,1,0.49454364,0.49454376,1.0522256,0.08866954,0.08866954,1.0,1.2399786e-07,1.3984269e-06,-27.586311,2.3149426,0.7716476,0.120000005,0.0,0.16501065,7.099994,7.119994,1142400
hardzero_plus_depr__c0p54__z1p10__lam0p020__nu0p50__psi1p25,hardzero_plus_depr,0.01,38,357,0.0,1,0.49454376,0.49454388,1.0571492,0.08766995,0.08766995,1.0,1.1957295e-07,1.3638988e-06,-27.410679,2.3257747,0.77525824,0.15200001,0.0,0.15153025,7.119994,7.139994,1145600
hardzero_plus_depr__c0p54__z1p10__lam0p020__nu0p50__psi1p25,hardzero_plus_depr,0.01,38,358,0.0,1,0.49454388,0.494544,1.0726664,0.08459284,0.08459284,1.0,1.1252747e-07,1.3302244e-06,-28.292646,2.359913,0.7866377,0.120000005,0.0,0.17315073,7.139994,7.159994,1148800
hardzero_plus_depr__c0p54__z1p10__lam0p020__nu0p50__psi1p25,hardzero_plus_depr,0.01,38,359,0.0,1,0.494544,0.49454412,1.0857432,0.082083665,0.082083665,1.0,1.06493744e-07,1.2973804e-06,-28.068449,2.3886828,0.79622763,0.096,0.0,0.1690229,7.159994,7.179994,1152000
hardzero_plus_depr__c0p54__z1p10__lam0p020__nu0p50__psi1p25,hardzero_plus_depr,0.01,38,360,0.0,1,0.49454412,0.49454424,1.0208418,0.095314324,0.095314324,1.0,1.2060583e-07,1.2653485e-06,-26.94096,2.2458968,0.7486323,0.2,0.008,0.15589666,7.179994,7.199994,1155200
hardzero_plus_depr__c0p54__z1p10__lam0p020__nu0p50__psi1p25,hardzero_plus_depr,0.01,38,361,0.0,1,0.49454424,0.49454436,1.0612094,0.086854145,0.086854145,1.0,1.0718734e-07,1.2341073e-06,-26.88141,2.3347075,0.77823585,0.208,0.0,0.15812106,7.199994,7.219994,1158400
hardzero_plus_depr__c0p54__z1p10__lam0p020__nu0p50__psi1p25,hardzero_plus_depr,0.01,38,362,0.0,1,0.49454436,0.49454448,1.0098071,0.097767115,0.097767115,1.0,1.1767607e-07,1.2036365e-06,-27.439404,2.22162,0.74054,0.16800001,0.0,0.14646035,7.219994,7.239994,1161600
hardzero_plus_depr__c0p54__z1p10__lam0p020__nu0p50__psi1p25,hardzero_plus_depr,0.01,38,363,0.0,1,0.49454448,0.49454457,1.0724614,0.084632784,0.084632784,1.0,9.9352036e-08,1.173919e-06,-27.843733,2.359462,0.78648734,0.17600001,0.0,0.16167158,7.239994,7.259994,1164800
hardzero_plus_depr__c0p54__z1p10__lam0p020__nu0p50__psi1p25,hardzero_plus_depr,0.01,38,364,0.0,1,0.49454457,0.49454468,1.0087588,0.09800341,0.09800341,1.0,1.1220757e-07,1.1449354e-06,-27.204306,2.2193136,0.73977125,0.22,0.0,0.13851176,7.259994,7.279994,1168000
hardzero_plus_depr__c0p54__z1p10__lam0p020__nu0p50__psi1p25,hardzero_plus_depr,0.01,38,365,0.0,1,0.49454468,0.4945448,1.002787,0.09936032,0.09936032,1.0,1.1095231e-07,1.1166662e-06,-25.572802,2.2061753,0.7353918,0.128,0.0,0.16676381,7.279994,7.299994,1171200
hardzero_plus_depr__c0p54__z1p10__lam0p020__nu0p50__psi1p25,hardzero_plus_depr,0.01,38,366,0.0,1,0.4945448,0.4945449,1.0542765,0.08825179,0.08825179,1.0,9.6114675e-08,1.089096e-06,-27.740883,2.3194547,0.7731516,0.128,0.0,0.18172419,7.299994,7.319994,1174400
hardzero_plus_depr__c0p54__z1p10__lam0p020__nu0p50__psi1p25,hardzero_plus_depr,0.01,38,367,0.0,1,0.4945449,0.49454498,1.0569537,0.087709434,0.087709434,1.0,9.316554e-08,1.0622066e-06,-27.555313,2.3253446,0.7751149,0.16000001,0.0,0.15146057,7.319994,7.339994,1177600
hardzero_plus_depr__c0p54__z1p10__lam0p020__nu0p50__psi1p25,hardzero_plus_depr,0.01,38,368,0.0,1,0.49454498,0.49454507,1.0360683,0.092030466,0.092030466,1.0,9.534172e-08,1.03598e-06,-27.726334,2.2793958,0.75979865,0.128,0.0,0.13656157,7.339994,7.359994,1180800
hardzero_plus_depr__c0p54__z1p10__lam0p020__nu0p50__psi1p25,hardzero_plus_depr,0.01,38,369,0.0,1,0.49454507,0.49454516,1.035591,0.092131674,0.092131674,1.0,9.3090016e-08,1.0104019e-06,-27.987938,2.2783458,0.75944865,0.17600001,0.0,0.18498231,7.359994,7.379994,1184000
hardzero_plus_depr__c0p54__z1p10__lam0p020__nu0p50__psi1p25,hardzero_plus_depr,0.01,38,370,0.0,1,0.49454516,0.49454525,1.0253128,0.09433813,0.09433813,1.0,9.296591e-08,9.854543e-07,-28.19998,2.2557333,0.7519111,0.18400002,0.0,0.19923879,7.379994,7.399994,1187200
hardzero_plus_depr__c0p54__z1p10__lam0p020__nu0p50__psi1p25,hardzero_plus_depr,0.01,38,371,0.0,1,0.49454525,0.49454534,0.9976122,0.10055133,0.10055133,1.0,9.664228e-08,9.611239e-07,-26.540411,2.1947906,0.7315969,0.18400002,0.0,0.14433584,7.399994,7.419994,1190400
hardzero_plus_depr__c0p54__z1p10__lam0p020__nu0p50__psi1p25,hardzero_plus_depr,0.01,38,372,0.0,1,0.49454534,0.49454543,1.0380405,0.091613494,0.091613494,1.0,8.5877936e-08,9.3739396e-07,-26.625063,2.2837348,0.76124495,0.120000005,0.0,0.13414077,7.419994,7.439994,1193600
hardzero_plus_depr__c0p54__z1p10__lam0p020__nu0p50__psi1p25,hardzero_plus_depr,0.01,38,373,0.0,1,0.49454543,0.49454552,1.0131663,0.09701383,0.09701383,1.0,8.8694804e-08,9.142491e-07,-26.305912,2.2290103,0.7430035,0.128,0.0,0.16462477,7.439994,7.459994,1196800
hardzero_plus_depr__c0p54__z1p10__lam0p020__nu0p50__psi1p25,hardzero_plus_depr,0.01,38,374,0.0,1,0.49454552,0.4945456,1.0112414,0.09744477,0.09744477,1.0,8.6889216e-08,8.916765e-07,-27.601913,2.2247756,0.7415919,0.14400001,0.0,0.14899725,7.459994,7.479994,1200000
hardzero_plus_depr__c0p54__z1p10__lam0p020__nu0p50__psi1p25,hardzero_plus_depr,0.01,38,375,0.0,1,0.4945456,0.4945457,1.0652046,0.086058825,0.086058825,1.0,7.484196e-08,8.696605e-07,-27.758923,2.343497,0.7811657,0.08800001,0.0,0.17027564,7.479994,7.499994,1203200
hardzero_plus_depr__c0p54__z1p10__lam0p020__nu0p50__psi1p25,hardzero_plus_depr,0.01,38,376,0.0,1,0.4945457,0.4945458,1.0389518,0.09142147,0.09142147,1.0,7.7542666e-08,8.481888e-07,-27.397173,2.2857394,0.7619132,0.16000001,0.0,0.18493164,7.499994,7.519994,1206400
hardzero_plus_depr__c0p54__z1p10__lam0p020__nu0p50__psi1p25,hardzero_plus_depr,0.01,38,377,0.0,1,0.4945458,0.49454585,1.0480123,0.08953395,0.08953395,1.0,7.406671e-08,8.272473e-07,-27.226015,2.305673,0.76855767,0.14999999,0.0,0.17938627,7.519994,7.539994,1209600
hardzero_plus_depr__c0p54__z1p10__lam0p020__nu0p50__psi1p25,hardzero_plus_depr,0.01,38,378,0.0,1,0.49454585,0.49454585,1.1070606,0.0,0.07815188,0.0,0.0,8.068221e-07,-28.177729,2.435582,0.8118607,0.16000001,0.0,0.17309019,7.539994,7.5599937,1212800
hardzero_plus_depr__c0p54__z1p10__lam0p020__nu0p50__psi1p25,hardzero_plus_depr,0.01,38,379,0.0,1,0.49454585,0.49454594,1.0069313,0.09841667,0.09841667,1.0,7.7444255e-08,7.869018e-07,-27.186304,2.2152932,0.7384311,0.208,0.0,0.16776851,7.5599937,7.5799937,1216000
hardzero_plus_depr__c0p54__z1p10__lam0p020__nu0p50__psi1p25,hardzero_plus_depr,0.01,38,380,0.0,1,0.49454594,0.494546,1.0219142,0.09507925,0.09507925,1.0,7.29708e-08,7.6747347e-07,-27.479275,2.2482562,0.74941874,0.14400001,0.0,0.13460515,7.5799937,7.5999937,1219200
hardzero_plus_depr__c0p54__z1p10__lam0p020__nu0p50__psi1p25,hardzero_plus_depr,0.01,38,381,0.0,1,0.494546,0.49454606,1.075525,0.08403786,0.08403786,1.0,6.290436e-08,7.4852403e-07,-27.687626,2.3662024,0.78873414,0.128,0.0,0.16319714,7.5999937,7.6199937,1222400
hardzero_plus_depr__c0p54__z1p10__lam0p020__nu0p50__psi1p25,hardzero_plus_depr,0.01,38,382,0.0,1,0.49454606,0.49454612,1.0854418,0.082140654,0.082140654,1.0,5.996622e-08,7.300431e-07,-27.729912,2.3880198,0.7960066,0.104,0.0,0.1545929,7.6199937,7.6399937,1225600
hardzero_plus_depr__c0p54__z1p10__lam0p020__nu0p50__psi1p25,hardzero_plus_depr,0.01,38,383,0.0,1,0.49454612,0.49454618,1.0155298,0.09648732,0.09648732,1.0,6.8700764e-08,7.1201856e-07,-27.10984,2.23421,0.7447367,0.216,0.0,0.13818373,7.6399937,7.6599936,1228800
hardzero_plus_depr__c0p54__z1p10__lam0p020__nu0p50__psi1p25,hardzero_plus_depr,0.01,38,384,0.0,1,0.49454618,0.49454623,1.03517,0.09222105,0.09222105,1.0,6.404184e-08,6.944384e-07,-27.014666,2.2774193,0.7591398,0.15200001,0.0,0.15141562,7.6599936,7.6799936,1232000
hardzero_plus_depr__c0p54__z1p10__lam0p020__nu0p50__psi1p25,hardzero_plus_depr,0.01,38,385,0.0,1,0.49454623,0.4945463,1.0753119,0.0840791,0.0840791,1.0,5.694618e-08,6.772929e-07,-27.839579,2.3657334,0.7885778,0.120000005,0.0,0.17483112,7.6799936,7.6999936,1235200
hardzero_plus_depr__c0p54__z1p10__lam0p020__nu0p50__psi1p25,hardzero_plus_depr,0.01,38,386,0.0,1,0.4945463,0.49454635,0.9984777,0.10035114,0.10035114,1.0,6.6288955e-08,6.6057004e-07,-25.701601,2.1966949,0.7322316,0.15200001,0.0,0.15723498,7.6999936,7.7199936,1238400
hardzero_plus_depr__c0p54__z1p10__lam0p020__nu0p50__psi1p25,hardzero_plus_depr,0.01,38,387,0.0,1,0.49454635,0.4945464,0.99298,0.10162953,0.10162953,1.0,6.547593e-08,6.4426087e-07,-27.330868,2.1845996,0.7281999,0.216,0.0,0.15139572,7.7199936,7.7399936,1241600
hardzero_plus_depr__c0p54__z1p10__lam0p020__nu0p50__psi1p25,hardzero_plus_depr,0.01,38,388,0.0,1,0.4945464,0.49454647,1.0360223,0.09204023,0.09204023,1.0,5.7833862e-08,6.2835414e-07,-27.133507,2.2792945,0.75976485,0.16000001,0.0,0.16248342,7.7399936,7.7599936,1244800
hardzero_plus_depr__c0p54__z1p10__lam0p020__nu0p50__psi1p25,hardzero_plus_depr,0.01,38,389,0.0,1,0.49454647,0.49454653,1.0176444,0.09601865,0.09601865,1.0,5.884404e-08,6.128397e-07,-26.57674,2.2388625,0.7462875,0.16000001,0.0,0.14472288,7.7599936,7.7799935,1248000
hardzero_plus_depr__c0p54__z1p10__lam0p020__nu0p50__psi1p25,hardzero_plus_depr,0.01,38,390,0.0,1,0.49454653,0.4945466,1.0776983,0.08361835,0.08361835,1.0,4.997943e-08,5.977089e-07,-28.844398,2.3709836,0.7903279,0.14,0.0,0.17987585,7.7799935,7.7999935,1251200
hardzero_plus_depr__c0p54__z1p10__lam0p020__nu0p50__psi1p25,hardzero_plus_depr,0.01,38,391,0.0,1,0.4945466,0.49454665,1.0280505,0.093745284,0.093745284,1.0,5.464891e-08,5.8295103e-07,-27.403255,2.2617564,0.7539188,0.112,0.0,0.16995458,7.7999935,7.8199935,1254400
hardzero_plus_depr__c0p54__z1p10__lam0p020__nu0p50__psi1p25,hardzero_plus_depr,0.01,38,392,0.0,1,0.49454665,0.4945467,1.0121834,0.09723365,0.09723365,1.0,5.5282992e-08,5.685582e-07,-27.081997,2.226848,0.7422826,0.120000005,0.0,0.15752824,7.8199935,7.8399935,1257600
hardzero_plus_depr__c0p54__z1p10__lam0p020__nu0p50__psi1p25,hardzero_plus_depr,0.01,38,393,0.0,1,0.4945467,0.49454677,1.0681788,0.08547148,0.08547148,1.0,4.7395698e-08,5.545206e-07,-27.576511,2.3500402,0.7833468,0.104,0.0,0.14829358,7.8399935,7.8599935,1260800
hardzero_plus_depr__c0p54__z1p10__lam0p020__nu0p50__psi1p25,hardzero_plus_depr,0.01,38,394,0.0,1,0.49454677,0.49454683,1.0381972,0.091580465,0.091580465,1.0,4.9529387e-08,5.4082915e-07,-27.446758,2.2840793,0.7613598,0.16000001,0.0,0.14102024,7.8599935,7.8799934,1264000
hardzero_plus_depr__c0p54__z1p10__lam0p020__nu0p50__psi1p25,hardzero_plus_depr,0.01,38,395,0.0,1,0.49454683,0.4945469,1.035064,0.092243545,0.092243545,1.0,4.865628e-08,5.2747623e-07,-27.33757,2.2771862,0.75906205,0.2,0.0,0.15699092,7.8799934,7.8999934,1267200
hardzero_plus_depr__c0p54__z1p10__lam0p020__nu0p50__psi1p25,hardzero_plus_depr,0.01,38,396,0.0,1,0.4945469,0.49454695,1.0409391,0.09100409,0.09100409,1.0,4.6817323e-08,5.1445295e-07,-27.046093,2.2901118,0.76337063,0.192,0.0,0.17790218,7.8999934,7.9199934,1270400
hardzero_plus_depr__c0p54__z1p10__lam0p020__nu0p50__psi1p25,hardzero_plus_depr,0.01,38,397,0.0,1,0.49454695,0.49454695,1.1030782,0.0,0.0788718,0.0,0.0,5.0175083e-07,-28.673552,2.4268205,0.8089402,0.120000005,0.0,0.20938927,7.9199934,7.9399934,1273600
hardzero_plus_depr__c0p54__z1p10__lam0p020__nu0p50__psi1p25,hardzero_plus_depr,0.01,38,398,0.0,1,0.49454695,0.49454698,1.0421036,0.09076039,0.09076039,1.0,4.441475e-08,4.893627e-07,-27.252209,2.2926738,0.76422465,0.192,0.0,0.15761885,7.9399934,7.9599934,1276800
hardzero_plus_depr__c0p54__z1p10__lam0p020__nu0p50__psi1p25,hardzero_plus_depr,0.01,38,399,0.0,1,0.49454698,0.49454704,0.99487215,0.10118772,0.10118772,1.0,4.8294925e-08,4.772805e-07,-26.818504,2.1887624,0.7295875,0.2,0.0,0.17333005,7.9599934,7.9799933,1280000
hardzero_plus_depr__c0p54__z1p10__lam0p020__nu0p50__psi1p25,hardzero_plus_depr,0.01,38,400,0.0,1,0.49454704,0.49454707,1.0415045,0.090885684,0.090885684,1.0,4.230694e-08,4.6549619e-07,-27.493855,2.2913556,0.76378524,0.112,0.0,0.15303878,7.9799933,7.9999933,1283200
hardzero_plus_depr__c0p54__z1p10__lam0p020__nu0p50__psi1p25,hardzero_plus_depr,0.01,38,401,0.0,1,0.49454707,0.49454707,1.1049309,0.0,0.07853607,0.0,0.0,4.5400319e-07,-28.706297,2.4308965,0.81029886,0.104,0.0,0.20552722,7.9999933,8.019994,1286400
hardzero_plus_depr__c0p54__z1p10__lam0p020__nu0p50__psi1p25,hardzero_plus_depr,0.01,38,402,0.0,1,0.49454707,0.4945471,1.0334483,0.09258736,0.09258736,1.0,4.0997087e-08,4.4279355e-07,-26.340918,2.2736318,0.7578773,0.17600001,0.0,0.18616547,8.019994,8.039994,1289600
hardzero_plus_depr__c0p54__z1p10__lam0p020__nu0p50__psi1p25,hardzero_plus_depr,0.01,38,403,0.0,1,0.4945471,0.49454713,0.99994123,0.10001355,0.10001355,1.0,4.319192e-08,4.318607e-07,-26.96604,2.1999147,0.7333049,0.25,0.01,0.17118467,8.039994,8.059995,1292800
hardzero_plus_depr__c0p54__z1p10__lam0p020__nu0p50__psi1p25,hardzero_plus_depr,0.01,38,404,0.0,1,0.49454713,0.49454716,1.0328436,0.09271636,0.09271636,1.0,3.9051926e-08,4.211978e-07,-27.496912,2.2723012,0.7574338,0.15200001,0.0,0.1735832,8.059995,8.079995,1296000
hardzero_plus_depr__c0p54__z1p10__lam0p020__nu0p50__psi1p25,hardzero_plus_depr,0.01,38,405,0.0,1,0.49454716,0.4945472,1.0920714,0.08089629,0.08089629,1.0,3.3232045e-08,4.1079815e-07,-28.02006,2.402605,0.8008684,0.128,0.0,0.1881424,8.079995,8.099996,1299200
hardzero_plus_depr__c0p54__z1p10__lam0p020__nu0p50__psi1p25,hardzero_plus_depr,0.01,38,406,0.0,1,0.4945472,0.49454722,1.0482409,0.08948682,0.08948682,1.0,3.585337e-08,4.0065527e-07,-27.727295,2.306176,0.76872534,0.112,0.0,0.16042309,8.099996,8.119996,1302400
hardzero_plus_depr__c0p54__z1p10__lam0p020__nu0p50__psi1p25,hardzero_plus_depr,0.01,38,407,0.0,1,0.49454722,0.49454725,1.0542444,0.08825831,0.08825831,1.0,3.4488068e-08,3.9076284e-07,-29.071388,2.3193839,0.773128,0.14400001,0.0,0.20415683,8.119996,8.139997,1305600
hardzero_plus_depr__c0p54__z1p10__lam0p020__nu0p50__psi1p25,hardzero_plus_depr,0.01,38,408,0.0,1,0.49454725,0.49454728,1.0250132,0.094403215,0.094403215,1.0,3.597845e-08,3.8111466e-07,-27.124483,2.255074,0.75169134,0.120000005,0.008,0.14779933,8.139997,8.159997,1308800
hardzero_plus_depr__c0p54__z1p10__lam0p020__nu0p50__psi1p25,hardzero_plus_depr,0.01,38,409,0.0,1,0.49454728,0.4945473,1.098887,0.079636656,0.079636656,1.0,2.9601315e-08,3.7170466e-07,-27.38415,2.4175997,0.8058666,0.14400001,0.0,0.19885941,8.159997,8.179997,1312000
hardzero_plus_depr__c0p54__z1p10__lam0p020__nu0p50__psi1p25,hardzero_plus_depr,0.01,38,410,0.0,1,0.4945473,0.49454734,1.0346891,0.092323214,0.092323214,1.0,3.3469664e-08,3.6252706e-07,-27.719986,2.2763615,0.75878716,0.2,0.0,0.19752623,8.179997,8.199998,1315200
hardzero_plus_depr__c0p54__z1p10__lam0p020__nu0p50__psi1p25,hardzero_plus_depr,0.01,38,411,0.0,1,0.49454734,0.49454737,1.0679201,0.08552239,0.08552239,1.0,3.0238667e-08,3.53576e-07,-28.119328,2.349471,0.78315705,0.08800001,0.0,0.18131413,8.199998,8.219998,1318400
hardzero_plus_depr__c0p54__z1p10__lam0p020__nu0p50__psi1p25,hardzero_plus_depr,0.01,38,412,0.0,1,0.49454737,0.4945474,1.0839833,0.082416974,0.082416974,1.0,2.8421164e-08,3.44846e-07,-28.662931,2.384811,0.794937,0.072000004,0.0,0.15267235,8.219998,8.239999,1321600
hardzero_plus_depr__c0p54__z1p10__lam0p020__nu0p50__psi1p25,hardzero_plus_depr,0.01,38,413,0.0,1,0.4945474,0.49454743,1.045636,0.09002517,0.09002517,1.0,3.0278304e-08,3.3633154e-07,-27.534595,2.3004453,0.7668151,0.15200001,0.0,0.17814547,8.239999,8.259999,1324800
hardzero_plus_depr__c0p54__z1p10__lam0p020__nu0p50__psi1p25,hardzero_plus_depr,0.01,38,414,0.0,1,0.49454743,0.49454746,1.0638214,0.08633334,0.08633334,1.0,2.8319693e-08,3.280273e-07,-27.921602,2.3404539,0.7801513,0.128,0.0,0.1557728,8.259999,8.28,1328000
hardzero_plus_depr__c0p54__z1p10__lam0p020__nu0p50__psi1p25,hardzero_plus_depr,0.01,38,415,0.0,1,0.49454746,0.4945475,1.0113624,0.09741764,0.09741764,1.0,3.1166635e-08,3.1992806e-07,-26.866474,2.2250419,0.7416806,0.15200001,0.0,0.14600462,8.28,8.3,1331200
hardzero_plus_depr__c0p54__z1p10__lam0p020__nu0p50__psi1p25,hardzero_plus_depr,0.01,38,416,0.0,1,0.4945475,0.49454752,1.0671885,0.0856666,0.0856666,1.0,2.6730449e-08,3.1202885e-07,-27.088205,2.3478615,0.78262055,0.17999999,0.0,0.16406508,8.3,8.320001,1334400
hardzero_plus_depr__c0p54__z1p10__lam0p020__nu0p50__psi1p25,hardzero_plus_depr,0.01,38,417,0.0,1,0.49454752,0.49454755,1.0369439,0.09184512,0.09184512,1.0,2.7950733e-08,3.0432466e-07,-27.83437,2.2813222,0.76044077,0.16800001,0.0,0.16964963,8.320001,8.340001,1337600
hardzero_plus_depr__c0p54__z1p10__lam0p020__nu0p50__psi1p25,hardzero_plus_depr,0.01,38,418,0.0,1,0.49454755,0.49454758,1.0575536,0.087588355,0.087588355,1.0,2.5997158e-08,2.9681067e-07,-27.849823,2.3266644,0.77555484,0.16800001,0.0,0.20974664,8.340001,8.360002,1340800
hardzero_plus_depr__c0p54__z1p10__lam0p020__nu0p50__psi1p25,hardzero_plus_depr,0.01,38,419,0.0,1,0.49454758,0.4945476,1.0303301,0.09325452,0.09325452,1.0,2.6995526e-08,2.8948222e-07,-27.47278,2.2667713,0.75559044,0.14400001,0.0,0.14809819,8.360002,8.380002,1344000
hardzero_plus_depr__c0p54__z1p10__lam0p020__nu0p50__psi1p25,hardzero_plus_depr,0.01,38,420,0.0,1,0.4945476,0.49454764,1.0852295,0.08218081,0.08218081,1.0,2.3202498e-08,2.8233472e-07,-27.319857,2.3875527,0.79585093,0.128,0.0,0.16145565,8.380002,8.4000025,1347200
hardzero_plus_depr__c0p54__z1p10__lam0p020__nu0p50__psi1p25,hardzero_plus_depr,0.01,38,421,0.0,1,0.49454764,0.49454767,1.095549,0.080251105,0.080251105,1.0,2.2098241e-08,2.753637e-07,-28.09415,2.410256,0.80341864,0.192,0.0,0.17375183,8.4000025,8.420003,1350400
hardzero_plus_depr__c0p54__z1p10__lam0p020__nu0p50__psi1p25,hardzero_plus_depr,0.01,38,422,0.0,1,0.49454767,0.4945477,1.0158024,0.09642678,0.09642678,1.0,2.5896838e-08,2.685648e-07,-27.813519,2.2348099,0.74493665,0.2,0.0,0.16332307,8.420003,8.440003,1353600
hardzero_plus_depr__c0p54__z1p10__lam0p020__nu0p50__psi1p25,hardzero_plus_depr,0.01,38,423,0.0,1,0.4945477,0.49454772,1.0103954,0.097634785,0.097634785,1.0,2.5573847e-08,2.6193376e-07,-27.438229,2.2229142,0.74097145,0.096,0.0,0.15195419,8.440003,8.460004,1356800
hardzero_plus_depr__c0p54__z1p10__lam0p020__nu0p50__psi1p25,hardzero_plus_depr,0.01,38,424,0.0,1,0.49454772,0.49454775,1.0175037,0.09604974,0.09604974,1.0,2.4537487e-08,2.5546646e-07,-26.680532,2.2385528,0.7461843,0.15200001,0.0,0.15969686,8.460004,8.480004,1360000
hardzero_plus_depr__c0p54__z1p10__lam0p020__nu0p50__psi1p25,hardzero_plus_depr,0.01,38,425,0.0,1,0.49454775,0.49454778,1.0671346,0.085677214,0.085677214,1.0,2.1347232e-08,2.491588e-07,-27.923107,2.347743,0.78258103,0.15200001,0.0,0.16022715,8.480004,8.500005,1363200
hardzero_plus_depr__c0p54__z1p10__lam0p020__nu0p50__psi1p25,hardzero_plus_depr,0.01,38,426,0.0,1,0.49454778,0.4945478,0.9924572,0.10175195,0.10175195,1.0,2.4726429e-08,2.4300692e-07,-26.98502,2.1834495,0.7278165,0.18400002,0.0,0.15061654,8.500005,8.520005,1366400
hardzero_plus_depr__c0p54__z1p10__lam0p020__nu0p50__psi1p25,hardzero_plus_depr,0.01,38,427,0.0,1,0.4945478,0.49454784,1.0903407,0.08121931,0.08121931,1.0,1.9249539e-08,2.3700693e-07,-28.186687,2.3987975,0.7995992,0.15200001,0.0,0.16688319,8.520005,8.540006,1369600
hardzero_plus_depr__c0p54__z1p10__lam0p020__nu0p50__psi1p25,hardzero_plus_depr,0.01,38,428,0.0,1,0.49454784,0.49454787,1.0296497,0.09340073,0.09340073,1.0,2.159005e-08,2.3115506e-07,-28.305336,2.2652745,0.75509155,0.16000001,0.0,0.17241903,8.540006,8.560006,1372800
hardzero_plus_depr__c0p54__z1p10__lam0p020__nu0p50__psi1p25,hardzero_plus_depr,0.01,38,429,0.0,1,0.49454787,0.4945479,1.0609215,0.08691172,0.08691172,1.0,1.9594049e-08,2.254477e-07,-26.299095,2.334074,0.7780247,0.13,0.0,0.13577528,8.560006,8.580007,1376000
hardzero_plus_depr__c0p54__z1p10__lam0p020__nu0p50__psi1p25,hardzero_plus_depr,0.01,38,430,0.0,1,0.4945479,0.49454793,0.9952265,0.10110519,0.10110519,1.0,2.2231136e-08,2.1988126e-07,-27.07375,2.189542,0.7298474,0.216,0.0,0.17813884,8.580007,8.600007,1379200
hardzero_plus_depr__c0p54__z1p10__lam0p020__nu0p50__psi1p25,hardzero_plus_depr,0.01,38,431,0.0,1,0.49454793,0.49454796,0.9868696,0.10306955,0.10306955,1.0,2.2103496e-08,2.1445224e-07,-26.37057,2.1711564,0.7237188,0.136,0.0,0.13354678,8.600007,8.6200075,1382400
hardzero_plus_depr__c0p54__z1p10__lam0p020__nu0p50__psi1p25,hardzero_plus_depr,0.01,38,432,0.0,1,0.49454796,0.494548,1.0097697,0.097775556,0.097775556,1.0,2.045047e-08,2.0915728e-07,-27.361423,2.2215376,0.74051255,0.18400002,0.0,0.16576928,8.6200075,8.640008,1385600
hardzero_plus_depr__c0p54__z1p10__lam0p020__nu0p50__psi1p25,hardzero_plus_depr,0.01,38,433,0.0,1,0.494548,0.49454802,0.9776982,0.105269305,0.105269305,1.0,2.1474207e-08,2.0399305e-07,-27.383202,2.150979,0.71699303,0.256,0.0,0.15642646,8.640008,8.660008,1388800
hardzero_plus_depr__c0p54__z1p10__lam0p020__nu0p50__psi1p25,hardzero_plus_depr,0.01,38,434,0.0,1,0.49454802,0.49454805,1.030458,0.09322707,0.09322707,1.0,1.8548116e-08,1.9895633e-07,-27.052298,2.267053,0.7556843,0.16800001,0.0,0.15693015,8.660008,8.680009,1392000
hardzero_plus_depr__c0p54__z1p10__lam0p020__nu0p50__psi1p25,hardzero_plus_depr,0.01,38,435,0.0,1,0.49454805,0.49454808,1.0661243,0.085876755,0.085876755,1.0,1.6663867e-08,1.9404396e-07,-28.393545,2.3455203,0.7818401,0.15200001,0.0,0.19004835,8.680009,8.700009,1395200
hardzero_plus_depr__c0p54__z1p10__lam0p020__nu0p50__psi1p25,hardzero_plus_depr,0.01,38,436,0.0,1,0.49454808,0.4945481,1.0793182,0.08330707,0.08330707,1.0,1.5766107e-08,1.8925292e-07,-27.694763,2.3745475,0.7915158,0.08800001,0.0,0.16226293,8.700009,8.72001,1398400
hardzero_plus_depr__c0p54__z1p10__lam0p020__nu0p50__psi1p25,hardzero_plus_depr,0.01,38,437,0.0,1,0.4945481,0.49454814,1.072758,0.08457499,0.08457499,1.0,1.5610862e-08,1.8458013e-07,-28.332417,2.3601146,0.7867049,0.15200001,0.0,0.19279264,8.72001,8.74001,1401600
hardzero_plus_depr__c0p54__z1p10__lam0p020__nu0p50__psi1p25,hardzero_plus_depr,0.01,38,438,0.0,1,0.49454814,0.49454817,0.995118,0.10113046,0.10113046,1.0,1.8205782e-08,1.8002272e-07,-25.98815,2.1893034,0.7297678,0.192,0.0,0.1524471,8.74001,8.760011,1404800
hardzero_plus_depr__c0p54__z1p10__lam0p020__nu0p50__psi1p25,hardzero_plus_depr,0.01,38,439,0.0,1,0.49454817,0.4945482,1.0030357,0.09930344,0.09930344,1.0,1.7435484e-08,1.7557785e-07,-27.228487,2.2067225,0.7355742,0.224,0.0,0.17172053,8.760011,8.780011,1408000
hardzero_plus_depr__c0p54__z1p10__lam0p020__nu0p50__psi1p25,hardzero_plus_depr,0.01,38,440,0.0,1,0.4945482,0.49454823,1.0585438,0.08738888,0.08738888,1.0,1.4964709e-08,1.7124272e-07,-27.921404,2.3288429,0.776281,0.14400001,0.0,0.15642022,8.780011,8.800012,1411200
hardzero_plus_depr__c0p54__z1p10__lam0p020__nu0p50__psi1p25,hardzero_plus_depr,0.01,38,441,0.0,1,0.49454823,0.49454823,1.1034191,0.0,0.07880992,0.0,0.0,1.6701462e-07,-28.36246,2.4275703,0.80919015,0.080000006,0.0,0.17319632,8.800012,8.820012,1414400
hardzero_plus_depr__c0p54__z1p10__lam0p020__nu0p50__psi1p25,hardzero_plus_depr,0.01,38,442,0.0,1,0.49454823,0.49454823,1.0418832,0.09080647,0.09080647,1.0,1.4791548e-08,1.6289091e-07,-27.292616,2.292189,0.764063,0.14,0.0,0.14444916,8.820012,8.840013,1417600
hardzero_plus_depr__c0p54__z1p10__lam0p020__nu0p50__psi1p25,hardzero_plus_depr,0.01,38,443,0.0,1,0.49454823,0.49454823,1.0530645,0.08849841,0.08849841,1.0,1.4059658e-08,1.5886904e-07,-27.17502,2.316788,0.7722627,0.120000005,0.0,0.1507969,8.840013,8.860013,1420800
hardzero_plus_depr__c0p54__z1p10__lam0p020__nu0p50__psi1p25,hardzero_plus_depr,0.01,38,444,0.0,1,0.49454823,0.49454823,1.0369765,0.09183824,0.09183824,1.0,1.4230011e-08,1.5494646e-07,-27.54701,2.2813938,0.7604646,0.16000001,0.0,0.15040854,8.860013,8.880013,1424000
hardzero_plus_depr__c0p54__z1p10__lam0p020__nu0p50__psi1p25,hardzero_plus_depr,0.01,38,445,0.0,1,0.49454823,0.49454826,0.9962386,0.10086986,0.10086986,1.0,1.5243526e-08,1.5112073e-07,-26.629416,2.1917686,0.73058957,0.128,0.0,0.13128766,8.880013,8.900014,1427200
hardzero_plus_depr__c0p54__z1p10__lam0p020__nu0p50__psi1p25,hardzero_plus_depr,0.01,38,446,0.0,1,0.49454826,0.49454826,1.0542473,0.08825772,0.08825772,1.0,1.3008258e-08,1.4738946e-07,-27.237085,2.3193903,0.7731301,0.14400001,0.0,0.17556217,8.900014,8.920014,1430400
hardzero_plus_depr__c0p54__z1p10__lam0p020__nu0p50__psi1p25,hardzero_plus_depr,0.01,38,447,0.0,1,0.49454826,0.49454826,1.0516218,0.08879288,0.08879288,1.0,1.2764005e-08,1.4375031e-07,-27.556501,2.3136141,0.7712047,0.18400002,0.0,0.14499271,8.920014,8.940015,1433600
hardzero_plus_depr__c0p54__z1p10__lam0p020__nu0p50__psi1p25,hardzero_plus_depr,0.01,38,448,0.0,1,0.49454826,0.49454826,1.0087597,0.09800321,0.09800321,1.0,1.3740151e-08,1.4020104e-07,-26.47438,2.2193158,0.73977196,0.15200001,0.0,0.14474808,8.940015,8.960015,1436800
hardzero_plus_depr__c0p54__z1p10__lam0p020__nu0p50__psi1p25,hardzero_plus_depr,0.01,38,449,0.0,1,0.49454826,0.49454826,1.093393,0.0806505,0.0806505,1.0,1.1028099e-08,1.3673937e-07,-27.574697,2.4055126,0.80183756,0.104,0.0,0.17557976,8.960015,8.980016,1440000
hardzero_plus_depr__c0p54__z1p10__lam0p020__nu0p50__psi1p25,hardzero_plus_depr,0.01,38,450,0.0,1,0.49454826,0.49454826,1.0230798,0.09482443,0.09482443,1.0,1.264609e-08,1.333632e-07,-27.284685,2.2508204,0.75027347,0.18400002,0.0,0.18076237,8.980016,9.000016,1443200
hardzero_plus_depr__c0p54__z1p10__lam0p020__nu0p50__psi1p25,hardzero_plus_depr,0.01,38,451,0.0,1,0.49454826,0.49454826,1.070043,0.085105374,0.085105374,1.0,1.1069688e-08,1.3007038e-07,-29.221798,2.3541415,0.78471386,0.136,0.0,0.1732657,9.000016,9.020017,1446400
hardzero_plus_depr__c0p54__z1p10__lam0p020__nu0p50__psi1p25,hardzero_plus_depr,0.01,38,452,0.0,1,0.49454826,0.49454826,1.0264679,0.09408753,0.09408753,1.0,1.1935836e-08,1.2685885e-07,-27.44995,2.2582746,0.7527582,0.216,0.0,0.16073121,9.020017,9.040017,1449600
hardzero_plus_depr__c0p54__z1p10__lam0p020__nu0p50__psi1p25,hardzero_plus_depr,0.01,38,453,0.0,1,0.49454826,0.49454826,1.0204618,0.095397756,0.095397756,1.0,1.1803242e-08,1.2372662e-07,-26.924414,2.2450607,0.7483536,0.16800001,0.0,0.13463683,9.040017,9.060018,1452800
hardzero_plus_depr__c0p54__z1p10__lam0p020__nu0p50__psi1p25,hardzero_plus_depr,0.01,38,454,0.0,1,0.49454826,0.49454826,1.0083985,0.09808474,0.09808474,1.0,1.1836057e-08,1.2067174e-07,-27.131012,2.218521,0.7395071,0.17600001,0.0,0.16515137,9.060018,9.080018,1456000
hardzero_plus_depr__c0p54__z1p10__lam0p020__nu0p50__psi1p25,hardzero_plus_depr,0.01,38,455,0.0,1,0.49454826,0.49454826,1.0086886,0.09801926,0.09801926,1.0,1.1536109e-08,1.1769227e-07,-26.68243,2.2191591,0.73971975,0.17999999,0.0,0.15992363,9.080018,9.1000185,1459200
hardzero_plus_depr__c0p54__z1p10__lam0p020__nu0p50__psi1p25,hardzero_plus_depr,0.01,38,456,0.0,1,0.49454826,0.49454826,1.0307758,0.09315886,0.09315886,1.0,1.0693367e-08,1.1478637e-07,-27.582853,2.267752,0.7559173,0.14400001,0.0,0.15512179,9.1000185,9.120019,1462400
hardzero_plus_depr__c0p54__z1p10__lam0p020__nu0p50__psi1p25,hardzero_plus_depr,0.01,38,457,0.0,1,0.49454826,0.49454826,1.0121694,0.09723679,0.09723679,1.0,1.0885875e-08,1.11952225e-07,-26.624338,2.2268171,0.7422724,0.24000001,0.0,0.14603092,9.120019,9.140019,1465600
hardzero_plus_depr__c0p54__z1p10__lam0p020__nu0p50__psi1p25,hardzero_plus_depr,0.01,38,458,0.0,1,0.49454826,0.49454826,1.052843,0.08854356,0.08854356,1.0,9.667899e-09,1.0918806e-07,-27.960924,2.3163009,0.7721003,0.128,0.0,0.16142172,9.140019,9.16002,1468800
hardzero_plus_depr__c0p54__z1p10__lam0p020__nu0p50__psi1p25,hardzero_plus_depr,0.01,38,459,0.0,1,0.49454826,0.49454826,1.0586369,0.08737015,0.08737015,1.0,9.304233e-09,1.06492124e-07,-27.883135,2.3290477,0.77634925,0.15200001,0.0,0.15802395,9.16002,9.18002,1472000
hardzero_plus_depr__c0p54__z1p10__lam0p020__nu0p50__psi1p25,hardzero_plus_depr,0.01,38,460,0.0,1,0.49454826,0.49454826,1.0985798,0.079693004,0.079693004,1.0,8.277136e-09,1.0386277e-07,-28.046356,2.4169238,0.8056413,0.16800001,0.0,0.16057083,9.18002,9.200021,1475200
hardzero_plus_depr__c0p54__z1p10__lam0p020__nu0p50__psi1p25,hardzero_plus_depr,0.01,38,461,0.0,1,0.49454826,0.49454826,1.0620832,0.08667957,0.08667957,1.0,8.780495e-09,1.01298326e-07,-27.498346,2.3366299,0.77887666,0.104,0.0,0.15790612,9.200021,9.220021,1478400
hardzero_plus_depr__c0p54__z1p10__lam0p020__nu0p50__psi1p25,hardzero_plus_depr,0.01,38,462,0.0,1,0.49454826,0.49454826,1.0477678,0.089584365,0.089584365,1.0,8.8506855e-09,9.879721e-08,-27.900991,2.305135,0.7683784,0.128,0.0,0.16039751,9.220021,9.240022,1481600
hardzero_plus_depr__c0p54__z1p10__lam0p020__nu0p50__psi1p25,hardzero_plus_depr,0.01,38,463,0.0,1,0.49454826,0.49454826,1.0386673,0.091481365,0.091481365,1.0,8.814947e-09,9.6357844e-08,-27.958138,2.2851138,0.7617046,0.2,0.0,0.18073519,9.240022,9.260022,1484800
hardzero_plus_depr__c0p54__z1p10__lam0p020__nu0p50__psi1p25,hardzero_plus_depr,0.01,38,464,0.0,1,0.49454826,0.49454826,1.0236758,0.09469437,0.09469437,1.0,8.899254e-09,9.3978706e-08,-27.623343,2.2521317,0.7507106,0.224,0.0,0.15964156,9.260022,9.280023,1488000
hardzero_plus_depr__c0p54__z1p10__lam0p020__nu0p50__psi1p25,hardzero_plus_depr,0.01,38,465,0.0,1,0.49454826,0.49454826,1.0405515,0.09108534,0.09108534,1.0,8.348728e-09,9.165831e-08,-26.883692,2.2892592,0.76308644,0.128,0.0,0.1510109,9.280023,9.300023,1491200
hardzero_plus_depr__c0p54__z1p10__lam0p020__nu0p50__psi1p25,hardzero_plus_depr,0.01,38,466,0.0,1,0.49454826,0.49454826,1.0121747,0.0972356,0.0972356,1.0,8.692396e-09,8.939521e-08,-26.476025,2.2268288,0.7422763,0.18400002,0.0,0.1569564,9.300023,9.320024,1494400
hardzero_plus_depr__c0p54__z1p10__lam0p020__nu0p50__psi1p25,hardzero_plus_depr,0.01,38,467,0.0,1,0.49454826,0.49454826,1.0412924,0.09093007,0.09093007,1.0,7.9280085e-09,8.718798e-08,-27.184973,2.290889,0.7636297,0.15200001,0.0,0.15412009,9.320024,9.340024,1497600
hardzero_plus_depr__c0p54__z1p10__lam0p020__nu0p50__psi1p25,hardzero_plus_depr,0.01,38,468,0.0,1,0.49454826,0.49454826,0.99638367,0.10083617,0.10083617,1.0,8.57463e-09,8.503525e-08,-25.944128,2.192088,0.73069596,0.17999999,0.0,0.14316557,9.340024,9.360024,1500800
hardzero_plus_depr__c0p54__z1p10__lam0p020__nu0p50__psi1p25,hardzero_plus_depr,0.01,38,469,0.0,1,0.49454826,0.49454826,1.0465719,0.0898314,0.0898314,1.0,7.4502284e-09,8.2935685e-08,-27.520662,2.302504,0.76750135,0.112,0.0,0.2022979,9.360024,9.380025,1504000
hardzero_plus_depr__c0p54__z1p10__lam0p020__nu0p50__psi1p25,hardzero_plus_depr,0.01,38,470,0.0,1,0.49454826,0.49454826,1.0857601,0.082080476,0.082080476,1.0,6.639321e-09,8.088794e-08,-27.901823,2.38872,0.79624003,0.112,0.0,0.17095521,9.380025,9.400025,1507200
hardzero_plus_depr__c0p54__z1p10__lam0p020__nu0p50__psi1p25,hardzero_plus_depr,0.01,38,471,0.0,1,0.49454826,0.49454826,1.0919652,0.08091607,0.08091607,1.0,6.38353e-09,7.889076e-08,-28.294485,2.4023714,0.8007905,0.136,0.0,0.15751465,9.400025,9.420026,1510400
hardzero_plus_depr__c0p54__z1p10__lam0p020__nu0p50__psi1p25,hardzero_plus_depr,0.01,38,472,0.0,1,0.49454826,0.49454826,0.9912696,0.10203058,0.10203058,1.0,7.850528e-09,7.69429e-08,-25.950665,2.1808367,0.7269456,0.15200001,0.0,0.13649617,9.420026,9.440026,1513600
hardzero_plus_depr__c0p54__z1p10__lam0p020__nu0p50__psi1p25,hardzero_plus_depr,0.01,38,473,0.0,1,0.49454826,0.49454826,1.007497,0.098288566,0.098288566,1.0,7.3758817e-09,7.504313e-08,-26.857525,2.2165375,0.7388458,0.2,0.0,0.15338364,9.440026,9.460027,1516800
hardzero_plus_depr__c0p54__z1p10__lam0p020__nu0p50__psi1p25,hardzero_plus_depr,0.01,38,474,0.0,1,0.49454826,0.49454826,1.0619843,0.08669932,0.08669932,1.0,6.3455468e-09,7.319027e-08,-27.710339,2.3364122,0.77880406,0.16000001,0.0,0.17657077,9.460027,9.480027,1520000
hardzero_plus_depr__c0p54__z1p10__lam0p020__nu0p50__psi1p25,hardzero_plus_depr,0.01,38,475,0.0,1,0.49454826,0.49454826,1.0275031,0.093863524,0.093863524,1.0,6.7002746e-09,7.1383155e-08,-27.075026,2.260552,0.7535173,0.16000001,0.008,0.15367042,9.480027,9.500028,1523200
hardzero_plus_depr__c0p54__z1p10__lam0p020__nu0p50__psi1p25,hardzero_plus_depr,0.01,38,476,0.0,1,0.49454826,0.49454826,1.0824733,0.08270403,0.08270403,1.0,5.7579093e-09,6.962066e-08,-27.848467,2.3814888,0.7938296,0.16000001,0.0,0.16877775,9.500028,9.520028,1526400
hardzero_plus_depr__c0p54__z1p10__lam0p020__nu0p50__psi1p25,hardzero_plus_depr,0.01,38,477,0.0,1,0.49454826,0.49454826,1.0901829,0.08124883,0.08124883,1.0,5.516932e-09,6.790168e-08,-28.31002,2.3984504,0.7994835,0.120000005,0.0,0.17151016,9.520028,9.540029,1529600
hardzero_plus_depr__c0p54__z1p10__lam0p020__nu0p50__psi1p25,hardzero_plus_depr,0.01,38,478,0.0,1,0.49454826,0.49454826,1.0879786,0.08166225,0.08166225,1.0,5.408094e-09,6.622514e-08,-28.38455,2.3936007,0.79786694,0.096,0.0,0.14307411,9.540029,9.560029,1532800
hardzero_plus_depr__c0p54__z1p10__lam0p020__nu0p50__psi1p25,hardzero_plus_depr,0.01,38,479,0.0,1,0.49454826,0.49454826,1.066566,0.08578948,0.08578948,1.0,5.5411427e-09,6.4590004e-08,-28.275309,2.346492,0.78216404,0.16000001,0.0,0.15300241,9.560029,9.5800295,1536000
hardzero_plus_depr__c0p54__z1p10__lam0p020__nu0p50__psi1p25,hardzero_plus_depr,0.01,38,480,0.0,1,0.49454826,0.49454826,1.0566185,0.08777717,0.08777717,1.0,5.529543e-09,6.2995234e-08,-27.231663,2.3246071,0.7748691,0.14400001,0.0,0.15844838,9.5800295,9.60003,1539200
hardzero_plus_depr__c0p54__z1p10__lam0p020__nu0p50__psi1p25,hardzero_plus_depr,0.01,38,481,0.0,1,0.49454826,0.49454826,1.0509231,0.08893586,0.08893586,1.0,5.464205e-09,6.143984e-08,-27.283962,2.312077,0.77069235,0.13,0.0,0.16216008,9.60003,9.62003,1542400
hardzero_plus_depr__c0p54__z1p10__lam0p020__nu0p50__psi1p25,hardzero_plus_depr,0.01,38,482,0.0,1,0.49454826,0.49454826,1.0199125,0.09551849,0.09551849,1.0,5.72374e-09,5.992285e-08,-27.156872,2.2438521,0.74795073,0.128,0.0,0.1606339,9.62003,9.640031,1545600
hardzero_plus_depr__c0p54__z1p10__lam0p020__nu0p50__psi1p25,hardzero_plus_depr,0.01,38,483,0.0,1,0.49454826,0.49454826,1.0553533,0.088033244,0.088033244,1.0,5.1449547e-09,5.8443316e-08,-28.073195,2.3218236,0.7739412,0.120000005,0.0,0.1451101,9.640031,9.660031,1548800
hardzero_plus_depr__c0p54__z1p10__lam0p020__nu0p50__psi1p25,hardzero_plus_depr,0.01,38,484,0.0,1,0.49454826,0.49454826,1.0358822,0.09206993,0.09206993,1.0,5.248015e-09,5.7000314e-08,-27.588701,2.2789865,0.75966215,0.17600001,0.0,0.1632145,9.660031,9.680032,1552000
hardzero_plus_depr__c0p54__z1p10__lam0p020__nu0p50__psi1p25,hardzero_plus_depr,0.01,38,485,0.0,1,0.49454826,0.49454826,1.0024751,0.0994317,0.0994317,1.0,5.5277005e-09,5.559294e-08,-25.958693,2.2054894,0.73516315,0.14400001,0.0,0.13246873,9.680032,9.700032,1555200
hardzero_plus_depr__c0p54__z1p10__lam0p020__nu0p50__psi1p25,hardzero_plus_depr,0.01,38,486,0.0,1,0.49454826,0.49454826,1.0913622,0.08102849,0.08102849,1.0,4.39339e-09,5.4220312e-08,-28.58123,2.4010448,0.8003483,0.2,0.0,0.17179075,9.700032,9.720033,1558400
hardzero_plus_depr__c0p54__z1p10__lam0p020__nu0p50__psi1p25,hardzero_plus_depr,0.01,38,487,0.0,1,0.49454826,0.49454826,1.0261135,0.094164334,0.094164334,1.0,4.9795585e-09,5.288158e-08,-26.70396,2.257495,0.7524983,0.136,0.0,0.13212433,9.720033,9.740033,1561600
hardzero_plus_depr__c0p54__z1p10__lam0p020__nu0p50__psi1p25,hardzero_plus_depr,0.01,38,488,0.0,1,0.49454826,0.49454826,0.9927446,0.10168465,0.10168465,1.0,5.244477e-09,5.1575896e-08,-26.720781,2.1840818,0.7280273,0.128,0.0,0.14276716,9.740033,9.760034,1564800
hardzero_plus_depr__c0p54__z1p10__lam0p020__nu0p50__psi1p25,hardzero_plus_depr,0.01,38,489,0.0,1,0.49454826,0.49454826,1.0722642,0.084671214,0.084671214,1.0,4.25917e-09,5.0302454e-08,-27.316402,2.3590283,0.7863428,0.128,0.0,0.15784453,9.760034,9.780034,1568000
hardzero_plus_depr__c0p54__z1p10__lam0p020__nu0p50__psi1p25,hardzero_plus_depr,0.01,38,490,0.0,1,0.49454826,0.49454826,1.0346093,0.092340164,0.092340164,1.0,4.530251e-09,4.9060457e-08,-27.398853,2.276186,0.7587287,0.2,0.0,0.16270564,9.780034,9.8000345,1571200
hardzero_plus_depr__c0p54__z1p10__lam0p020__nu0p50__psi1p25,hardzero_plus_depr,0.01,38,491,0.0,1,0.49454826,0.49454826,1.0786097,0.083443075,0.083443075,1.0,3.992678e-09,4.7849124e-08,-26.956446,2.3729887,0.79099625,0.112,0.0,0.18829894,9.8000345,9.820035,1574400
hardzero_plus_depr__c0p54__z1p10__lam0p020__nu0p50__psi1p25,hardzero_plus_depr,0.01,38,492,0.0,1,0.49454826,0.49454826,1.0201629,0.09546344,0.09546344,1.0,4.455059e-09,4.6667697e-08,-26.583775,2.2444034,0.7481345,0.17600001,0.0,0.16961288,9.820035,9.840035,1577600
hardzero_plus_depr__c0p54__z1p10__lam0p020__nu0p50__psi1p25,hardzero_plus_depr,0.01,38,493,0.0,1,0.49454826,0.49454826,1.0798937,0.08319673,0.08319673,1.0,3.786736e-09,4.551544e-08,-28.570503,2.3758137,0.79193795,0.120000005,0.0,0.21471141,9.840035,9.860036,1580800
hardzero_plus_depr__c0p54__z1p10__lam0p020__nu0p50__psi1p25,hardzero_plus_depr,0.01,38,494,0.0,1,0.49454826,0.49454826,1.0516386,0.08878946,0.08878946,1.0,3.941509e-09,4.439163e-08,-27.56893,2.313651,0.77121705,0.19999999,0.0,0.1750254,9.860036,9.880036,1584000
hardzero_plus_depr__c0p54__z1p10__lam0p020__nu0p50__psi1p25,hardzero_plus_depr,0.01,38,495,0.0,1,0.49454826,0.49454826,1.0183278,0.09586768,0.09586768,1.0,4.150646e-09,4.329557e-08,-27.365137,2.240366,0.7467887,0.17600001,0.0,0.16143982,9.880036,9.900037,1587200
hardzero_plus_depr__c0p54__z1p10__lam0p020__nu0p50__psi1p25,hardzero_plus_depr,0.01,38,496,0.0,1,0.49454826,0.49454826,1.0201776,0.09546021,0.09546021,1.0,4.0309582e-09,4.2226578e-08,-27.831646,2.2444355,0.7481452,0.08800001,0.0,0.14694072,9.900037,9.920037,1590400
hardzero_plus_depr__c0p54__z1p10__lam0p020__nu0p50__psi1p25,hardzero_plus_depr,0.01,38,497,0.0,1,0.49454826,0.49454826,1.051003,0.0889195,0.0889195,1.0,3.6620582e-09,4.1183974e-08,-27.561113,2.3122528,0.77075094,0.17600001,0.0,0.16908152,9.920037,9.940038,1593600
hardzero_plus_depr__c0p54__z1p10__lam0p020__nu0p50__psi1p25,hardzero_plus_depr,0.01,38,498,0.0,1,0.49454826,0.49454826,1.0103152,0.09765283,0.09765283,1.0,3.922433e-09,4.016712e-08,-26.540794,2.2227378,0.7409126,0.136,0.0,0.16231501,9.940038,9.960038,1596800
hardzero_plus_depr__c0p54__z1p10__lam0p020__nu0p50__psi1p25,hardzero_plus_depr,0.01,38,499,0.0,1,0.49454826,0.49454826,1.0409251,0.091007024,0.091007024,1.0,3.5652334e-09,3.9175365e-08,-27.872974,2.290081,0.7633604,0.096,0.0,0.18433833,9.960038,9.980039,1600000
hardzero_plus_depr__c0p54__z1p10__lam0p020__nu0p50__psi1p25,hardzero_plus_depr,0.01,38,500,0.0,1,0.49454826,0.49454826,0.98606384,0.103260964,0.103260964,1.0,3.9454053e-09,3.82081e-08,-25.52152,2.1693838,0.72312796,0.14400001,0.0,0.13961072,9.980039,10.000039,1603200
hardzero_plus_depr__c0p54__z1p10__lam0p020__nu0p50__psi1p25,hardzero_plus_depr,0.01,38,501,0.0,1,0.49454826,0.49454826,1.03684,0.091867104,0.091867104,1.0,3.4234018e-09,3.726472e-08,-28.271774,2.2810934,0.7603645,0.216,0.0,0.16703539,10.000039,10.02004,1606400
hardzero_plus_depr__c0p54__z1p10__lam0p020__nu0p50__psi1p25,hardzero_plus_depr,0.01,38,502,0.0,1,0.49454826,0.49454826,1.0262012,0.09414532,0.09414532,1.0,3.4216765e-09,3.6344627e-08,-27.86119,2.2576878,0.75256264,0.16000001,0.0,0.15195915,10.02004,10.04004,1609600
hardzero_plus_depr__c0p54__z1p10__lam0p020__nu0p50__psi1p25,hardzero_plus_depr,0.01,38,503,0.0,1,0.49454826,0.49454826,1.0178641,0.09597009,0.09597009,1.0,3.4018763e-09,3.5447258e-08,-26.69595,2.2393458,0.74644864,0.16000001,0.0,0.15964931,10.04004,10.06004,1612800
hardzero_plus_depr__c0p54__z1p10__lam0p020__nu0p50__psi1p25,hardzero_plus_depr,0.01,38,504,0.0,1,0.49454826,0.49454826,1.019101,0.095697135,0.095697135,1.0,3.3084455e-09,3.4572043e-08,-27.561451,2.242067,0.7473557,0.128,0.0,0.1453031,10.06004,10.080041,1616000
hardzero_plus_depr__c0p54__z1p10__lam0p020__nu0p50__psi1p25,hardzero_plus_depr,0.01,38,505,0.0,1,0.49454826,0.49454826,1.0388432,0.09144434,0.09144434,1.0,3.0833602e-09,3.3718436e-08,-27.796244,2.2855005,0.76183355,0.104,0.0,0.17546901,10.080041,10.100041,1619200
hardzero_plus_depr__c0p54__z1p10__lam0p020__nu0p50__psi1p25,hardzero_plus_depr,0.01,38,506,0.0,1,0.49454826,0.49454826,1.112622,0.0,0.077157475,0.0,0.0,3.2885907e-08,-29.021471,2.4478173,0.8159391,0.16800001,0.0,0.17220113,10.100041,10.120042,1622400
hardzero_plus_depr__c0p54__z1p10__lam0p020__nu0p50__psi1p25,hardzero_plus_depr,0.01,38,507,0.0,1,0.49454826,0.49454826,1.0903794,0.081212066,0.081212066,1.0,2.6047902e-09,3.207393e-08,-29.22457,2.3988824,0.7996275,0.14999999,0.0,0.1929526,10.120042,10.140042,1625600
hardzero_plus_depr__c0p54__z1p10__lam0p020__nu0p50__psi1p25,hardzero_plus_depr,0.01,38,508,0.0,1,0.49454826,0.49454826,1.0413475,0.09091853,0.09091853,1.0,2.844114e-09,3.1282006e-08,-27.565205,2.2910104,0.76367015,0.14400001,0.0,0.1782382,10.140042,10.160043,1628800
hardzero_plus_depr__c0p54__z1p10__lam0p020__nu0p50__psi1p25,hardzero_plus_depr,0.01,38,509,0.0,1,0.49454826,0.49454826,1.0496539,0.08919616,0.08919616,1.0,2.721342e-09,3.0509632e-08,-27.703888,2.3092847,0.76976156,0.14400001,0.0,0.16942874,10.160043,10.180043,1632000
hardzero_plus_depr__c0p54__z1p10__lam0p020__nu0p50__psi1p25,hardzero_plus_depr,0.01,38,510,0.0,1,0.49454826,0.49454826,1.098043,0.07979157,0.07979157,1.0,2.374304e-09,2.9756329e-08,-28.408009,2.4157426,0.80524755,0.048,0.0,0.20905648,10.180043,10.200044,1635200
hardzero_plus_depr__c0p54__z1p10__lam0p020__nu0p50__psi1p25,hardzero_plus_depr,0.01,38,511,0.0,1,0.49454826,0.49454826,1.0924206,0.080831274,0.080831274,1.0,2.345855e-09,2.9021628e-08,-28.012045,2.4033732,0.80112445,0.096,0.0,0.17164716,10.200044,10.220044,1638400
hardzero_plus_depr__c0p54__z1p10__lam0p020__nu0p50__psi1p25,hardzero_plus_depr,0.01,38,512,0.0,1,0.49454826,0.49454826,1.0793118,0.08330828,0.08330828,1.0,2.3580462e-09,2.8305063e-08,-27.778913,2.3745334,0.7915112,0.120000005,0.0,0.1672933,10.220044,10.240045,1641600
hardzero_plus_depr__c0p54__z1p10__lam0p020__nu0p50__psi1p25,hardzero_plus_depr,0.01,38,513,0.0,1,0.49454826,0.49454826,1.0246954,0.09447231,0.09447231,1.0,2.608021e-09,2.7606195e-08,-27.004198,2.254375,0.75145835,0.14400001,0.0,0.15059571,10.240045,10.260045,1644800
hardzero_plus_depr__c0p54__z1p10__lam0p020__nu0p50__psi1p25,hardzero_plus_depr,0.01,38,514,0.0,1,0.49454826,0.49454826,1.0672138,0.08566161,0.08566161,1.0,2.3064028e-09,2.692458e-08,-27.926256,2.347917,0.782639,0.17600001,0.0,0.17535526,10.260045,10.2800455,1648000
hardzero_plus_depr__c0p54__z1p10__lam0p020__nu0p50__psi1p25,hardzero_plus_depr,0.01,38,515,0.0,1,0.49454826,0.49454826,1.0361128,0.092021056,0.092021056,1.0,2.416454e-09,2.6259794e-08,-27.588154,2.2794936,0.7598312,0.16000001,0.0,0.18628041,10.2800455,10.300046,1651200
hardzero_plus_depr__c0p54__z1p10__lam0p020__nu0p50__psi1p25,hardzero_plus_depr,0.01,38,516,0.0,1,0.49454826,0.49454826,1.0390363,0.09140369,0.09140369,1.0,2.3409785e-09,2.5611422e-08,-27.751295,2.2859254,0.76197517,0.128,0.0,0.15851733,10.300046,10.320046,1654400
hardzero_plus_depr__c0p54__z1p10__lam0p020__nu0p50__psi1p25,hardzero_plus_depr,0.01,38,517,0.0,1,0.49454826,0.49454826,1.0508717,0.08894638,0.08894638,1.0,2.221797e-09,2.497906e-08,-27.653646,2.311964,0.7706547,0.096,0.0,0.14285667,10.320046,10.340047,1657600
hardzero_plus_depr__c0p54__z1p10__lam0p020__nu0p50__psi1p25,hardzero_plus_depr,0.01,38,518,0.0,1,0.49454826,0.49454826,1.1075807,0.0,0.07805835,0.0,0.0,2.4362311e-08,-28.624054,2.436726,0.81224203,0.104,0.0,0.1814043,10.340047,10.360047,1660800
hardzero_plus_depr__c0p54__z1p10__lam0p020__nu0p50__psi1p25,hardzero_plus_depr,0.01,38,519,0.0,1,0.49454826,0.49454826,1.1019744,0.0,0.07907253,0.0,0.0,2.3760789e-08,-28.145033,2.424392,0.8081307,0.14400001,0.0,0.18036403,10.360047,10.380048,1664000
hardzero_plus_depr__c0p54__z1p10__lam0p020__nu0p50__psi1p25,hardzero_plus_depr,0.01,38,520,0.0,1,0.49454826,0.49454826,1.0340774,0.09245333,0.09245333,1.0,2.1425246e-09,2.317412e-08,-27.825546,2.2750156,0.7583386,0.17,0.0,0.20111574,10.380048,10.400048,1667200
hardzero_plus_depr__c0p54__z1p10__lam0p020__nu0p50__psi1p25,hardzero_plus_depr,0.01,38,521,0.0,1,0.49454826,0.49454826,1.1349809,0.0,0.07328566,0.0,0.0,2.2601935e-08,-29.110653,2.4970078,0.83233595,0.08800001,0.0,0.18756488,10.400048,10.420049,1670400
hardzero_plus_depr__c0p54__z1p10__lam0p020__nu0p50__psi1p25,hardzero_plus_depr,0.01,38,522,0.0,1,0.49454826,0.49454826,1.0538954,0.08832928,0.08832928,1.0,1.94712e-09,2.204388e-08,-28.11758,2.3186162,0.7728721,0.15200001,0.0,0.1911719,10.420049,10.440049,1673600
hardzero_plus_depr__c0p54__z1p10__lam0p020__nu0p50__psi1p25,hardzero_plus_depr,0.01,38,523,0.0,1,0.49454826,0.49454826,1.0102733,0.09766223,0.09766223,1.0,2.099699e-09,2.1499602e-08,-26.271202,2.2226458,0.7408819,0.16000001,0.0,0.17221043,10.440049,10.46005,1676800
hardzero_plus_depr__c0p54__z1p10__lam0p020__nu0p50__psi1p25,hardzero_plus_depr,0.01,38,524,0.0,1,0.49454826,0.49454826,1.0488213,0.0893673,0.0893673,1.0,1.8739215e-09,2.0968761e-08,-27.626059,2.307453,0.769151,0.208,0.0,0.16616248,10.46005,10.48005,1680000
hardzero_plus_depr__c0p54__z1p10__lam0p020__nu0p50__psi1p25,hardzero_plus_depr,0.01,38,525,0.0,1,0.49454826,0.49454826,0.9962141,0.100875534,0.100875534,1.0,2.0630084e-09,2.045103e-08,-26.929712,2.1917148,0.7305716,0.15200001,0.0,0.17468287,10.48005,10.500051,1683200
hardzero_plus_depr__c0p54__z1p10__lam0p020__nu0p50__psi1p25,hardzero_plus_depr,0.01,38,526,0.0,1,0.49454826,0.49454826,1.036226,0.09199706,0.09199706,1.0,1.8349807e-09,1.994608e-08,-27.35975,2.2797427,0.7599143,0.14400001,0.0,0.1623643,10.500051,10.520051,1686400
hardzero_plus_depr__c0p54__z1p10__lam0p020__nu0p50__psi1p25,hardzero_plus_depr,0.01,38,527,0.0,1,0.49454826,0.49454826,1.0367233,0.091891795,0.091891795,1.0,1.7876262e-09,1.94536e-08,-27.54843,2.2808366,0.7602789,0.18400002,0.0,0.13788109,10.520051,10.540051,1689600
hardzero_plus_depr__c0p54__z1p10__lam0p020__nu0p50__psi1p25,hardzero_plus_depr,0.01,38,528,0.0,1,0.49454826,0.49454826,1.0432332,0.090524636,0.090524636,1.0,1.7175491e-09,1.8973278e-08,-27.342854,2.2951589,0.765053,0.16800001,0.0,0.18572724,10.540051,10.560052,1692800
hardzero_plus_depr__c0p54__z1p10__lam0p020__nu0p50__psi1p25,hardzero_plus_depr,0.01,38,529,0.0,1,0.49454826,0.49454826,1.0667475,0.085753605,0.085753605,1.0,1.5868546e-09,1.8504815e-08,-27.800184,2.3468914,0.78229713,0.128,0.0,0.13958848,10.560052,10.580052,1696000
hardzero_plus_depr__c0p54__z1p10__lam0p020__nu0p50__psi1p25,hardzero_plus_depr,0.01,38,530,0.0,1,0.49454826,0.49454826,1.011669,0.09734887,0.09734887,1.0,1.7569446e-09,1.804792e-08,-26.81605,2.2257164,0.74190545,0.136,0.008,0.13687162,10.580052,10.600053,1699200
hardzero_plus_depr__c0p54__z1p10__lam0p020__nu0p50__psi1p25,hardzero_plus_depr,0.01,38,531,0.0,1,0.49454826,0.49454826,1.0447264,0.090213925,0.090213925,1.0,1.5879731e-09,1.7602305e-08,-27.56567,2.298444,0.76614803,0.14400001,0.0,0.17437802,10.600053,10.620053,1702400
hardzero_plus_depr__c0p54__z1p10__lam0p020__nu0p50__psi1p25,hardzero_plus_depr,0.01,38,532,0.0,1,0.49454826,0.49454826,1.0079749,0.09818048,0.09818048,1.0,1.6855324e-09,1.7167693e-08,-26.8318,2.217589,0.7391963,0.112,0.0,0.17006107,10.620053,10.640054,1705600
hardzero_plus_depr__c0p54__z1p10__lam0p020__nu0p50__psi1p25,hardzero_plus_depr,0.01,38,533,0.0,1,0.49454826,0.49454826,1.0676641,0.08557282,0.08557282,1.0,1.4328151e-09,1.6743812e-08,-28.508276,2.348908,0.78296936,0.089999996,0.0,0.15481602,10.640054,10.660054,1708800
hardzero_plus_depr__c0p54__z1p10__lam0p020__nu0p50__psi1p25,hardzero_plus_depr,0.01,38,534,0.0,1,0.49454826,0.49454826,1.0614297,0.08681009,0.08681009,1.0,1.4176432e-09,1.6330397e-08,-27.848423,2.335192,0.7783973,0.15200001,0.0,0.18741664,10.660054,10.680055,1712000
hardzero_plus_depr__c0p54__z1p10__lam0p020__nu0p50__psi1p25,hardzero_plus_depr,0.01,38,535,0.0,1,0.49454826,0.49454826,1.1297749,0.0,0.07416945,0.0,0.0,1.5927188e-08,-28.932463,2.4855545,0.82851815,0.112,0.0,0.17298381,10.680055,10.700055,1715200
hardzero_plus_depr__c0p54__z1p10__lam0p020__nu0p50__psi1p25,hardzero_plus_depr,0.01,38,536,0.0,1,0.49454826,0.49454826,1.0027477,0.099369325,0.099369325,1.0,1.5435966e-09,1.5533935e-08,-25.682695,2.206089,0.735363,0.136,0.0,0.1717544,10.700055,10.720056,1718400
hardzero_plus_depr__c0p54__z1p10__lam0p020__nu0p50__psi1p25,hardzero_plus_depr,0.01,38,537,0.0,1,0.49454826,0.49454826,0.9906699,0.10217158,0.10217158,1.0,1.5479396e-09,1.5150393e-08,-26.334335,2.1795173,0.72650576,0.2,0.0,0.1457821,10.720056,10.740056,1721600
hardzero_plus_depr__c0p54__z1p10__lam0p020__nu0p50__psi1p25,hardzero_plus_depr,0.01,38,538,0.0,1,0.49454826,0.49454826,1.0177591,0.09599329,0.09599329,1.0,1.4184274e-09,1.4776319e-08,-27.126041,2.2391148,0.7463716,0.15200001,0.0,0.16874312,10.740056,10.7600565,1724800
hardzero_plus_depr__c0p54__z1p10__lam0p020__nu0p50__psi1p25,hardzero_plus_depr,0.01,38,539,0.0,1,0.49454826,0.49454826,1.0495878,0.089209706,0.089209706,1.0,1.2856443e-09,1.4411484e-08,-27.101599,2.3091393,0.7697131,0.128,0.0,0.15928245,10.7600565,10.780057,1728000
hardzero_plus_depr__c0p54__z1p10__lam0p020__nu0p50__psi1p25,hardzero_plus_depr,0.01,38,540,0.0,1,0.49454826,0.49454826,1.0115267,0.09738079,0.09738079,1.0,1.3687507e-09,1.4055654e-08,-27.033915,2.2254033,0.74180114,0.15200001,0.0,0.14948949,10.780057,10.800057,1731200
hardzero_plus_depr__c0p54__z1p10__lam0p020__nu0p50__psi1p25,hardzero_plus_depr,0.01,38,541,0.0,1,0.49454826,0.49454826,1.0214434,0.09518238,0.09518238,1.0,1.3048183e-09,1.3708611e-08,-27.01359,2.2472203,0.74907345,0.128,0.0,0.16451411,10.800057,10.820058,1734400
hardzero_plus_depr__c0p54__z1p10__lam0p020__nu0p50__psi1p25,hardzero_plus_depr,0.01,38,542,0.0,1,0.49454826,0.49454826,1.0460352,0.08994247,0.08994247,1.0,1.2025431e-09,1.3370136e-08,-27.247753,2.3013234,0.76710784,0.192,0.0,0.16133423,10.820058,10.840058,1737600
hardzero_plus_depr__c0p54__z1p10__lam0p020__nu0p50__psi1p25,hardzero_plus_depr,0.01,38,543,0.0,1,0.49454826,0.49454826,1.0866294,0.081916355,0.081916355,1.0,1.0681908e-09,1.3040018e-08,-28.518002,2.3906324,0.7968775,0.18400002,0.0,0.17904851,10.840058,10.860059,1740800
hardzero_plus_depr__c0p54__z1p10__lam0p020__nu0p50__psi1p25,hardzero_plus_depr,0.01,38,544,0.0,1,0.49454826,0.49454826,1.0243326,0.09455127,0.09455127,1.0,1.202508e-09,1.27180515e-08,-27.407646,2.2535768,0.7511923,0.14400001,0.0,0.15618193,10.860059,10.880059,1744000
hardzero_plus_depr__c0p54__z1p10__lam0p020__nu0p50__psi1p25,hardzero_plus_depr,0.01,38,545,0.0,1,0.49454826,0.49454826,1.0952829,0.08030028,0.08030028,1.0,9.960474e-10,1.2404034e-08,-28.452042,2.4096706,0.80322355,0.112,0.0,0.17415152,10.880059,10.90006,1747200
hardzero_plus_depr__c0p54__z1p10__lam0p020__nu0p50__psi1p25,hardzero_plus_depr,0.01,38,546,0.0,1,0.49454826,0.49454826,1.0432258,0.09052619,0.09052619,1.0,1.0951652e-09,1.2097771e-08,-27.211296,2.2951424,0.7650475,0.099999994,0.0,0.18461847,10.90006,10.92006,1750400
hardzero_plus_depr__c0p54__z1p10__lam0p020__nu0p50__psi1p25,hardzero_plus_depr,0.01,38,547,0.0,1,0.49454826,0.49454826,1.0805457,0.08307193,0.08307193,1.0,9.801715e-10,1.1799069e-08,-28.669964,2.377248,0.79241604,0.16000001,0.0,0.16694605,10.92006,10.940061,1753600
hardzero_plus_depr__c0p54__z1p10__lam0p020__nu0p50__psi1p25,hardzero_plus_depr,0.01,38,548,0.0,1,0.49454826,0.49454826,1.0555636,0.08799062,0.08799062,1.0,1.0125732e-09,1.1507741e-08,-27.658876,2.3222861,0.7740954,0.104,0.008,0.15961227,10.940061,10.960061,1756800
hardzero_plus_depr__c0p54__z1p10__lam0p020__nu0p50__psi1p25,hardzero_plus_depr,0.01,38,549,0.0,1,0.49454826,0.49454826,1.0458512,0.08998059,0.08998059,1.0,1.0099069e-09,1.1223609e-08,-27.331846,2.3009186,0.7669729,0.16000001,0.0,0.15200257,10.960061,10.980062,1760000
hardzero_plus_depr__c0p54__z1p10__lam0p020__nu0p50__psi1p25,hardzero_plus_depr,0.01,38,550,0.0,1,0.49454826,0.49454826,1.0170696,0.096145816,0.096145816,1.0,1.0524593e-09,1.0946492e-08,-26.400755,2.2375977,0.74586594,0.136,0.0,0.15936409,10.980062,11.000062,1763200
hardzero_plus_depr__c0p54__z1p10__lam0p020__nu0p50__psi1p25,hardzero_plus_depr,0.01,38,551,0.0,1,0.49454826,0.49454826,1.0139341,0.096842475,0.096842475,1.0,1.0339111e-09,1.0676215e-08,-27.148928,2.2306995,0.7435665,0.128,0.0,0.14921317,11.000062,11.020062,1766400
hardzero_plus_depr__c0p54__z1p10__lam0p020__nu0p50__psi1p25,hardzero_plus_depr,0.01,38,552,0.0,1,0.49454826,0.49454826,1.0879388,0.08166975,0.08166975,1.0,8.503954e-10,1.0412612e-08,-28.581398,2.3935132,0.79783773,0.17600001,0.0,0.18178187,11.020062,11.040063,1769600
hardzero_plus_depr__c0p54__z1p10__lam0p020__nu0p50__psi1p25,hardzero_plus_depr,0.01,38,553,0.0,1,0.49454826,0.49454826,1.0791816,0.08333327,0.08333327,1.0,8.462926e-10,1.0155519e-08,-28.302063,2.3742468,0.79141563,0.08800001,0.0,0.14916709,11.040063,11.060063,1772800
hardzero_plus_depr__c0p54__z1p10__lam0p020__nu0p50__psi1p25,hardzero_plus_depr,0.01,38,554,0.0,1,0.49454826,0.49454826,1.076836,0.083784565,0.083784565,1.0,8.29867e-10,9.904772e-09,-28.777178,2.3690865,0.7896955,0.112,0.0,0.20211309,11.060063,11.080064,1776000
hardzero_plus_depr__c0p54__z1p10__lam0p020__nu0p50__psi1p25,hardzero_plus_depr,0.01,38,555,0.0,1,0.49454826,0.49454826,1.0588237,0.08733258,0.08733258,1.0,8.4365154e-10,9.660216e-09,-26.910938,2.3294587,0.7764863,0.096,0.0,0.16500583,11.080064,11.100064,1779200
hardzero_plus_depr__c0p54__z1p10__lam0p020__nu0p50__psi1p25,hardzero_plus_depr,0.01,38,556,0.0,1,0.49454826,0.49454826,1.00888,0.09797606,0.09797606,1.0,9.231011e-10,9.421701e-09,-26.552511,2.2195804,0.7398602,0.18400002,0.0,0.15799628,11.100064,11.120065,1782400
hardzero_plus_depr__c0p54__z1p10__lam0p020__nu0p50__psi1p25,hardzero_plus_depr,0.01,38,557,0.0,1,0.49454826,0.49454826,0.98376447,0.10380913,0.10380913,1.0,9.539096e-10,9.189073e-09,-27.37079,2.164325,0.7214417,0.2,0.0,0.17398803,11.120065,11.140065,1785600
hardzero_plus_depr__c0p54__z1p10__lam0p020__nu0p50__psi1p25,hardzero_plus_depr,0.01,38,558,0.0,1,0.49454826,0.49454826,1.0078921,0.09819918,0.09819918,1.0,8.8007956e-10,8.962188e-09,-27.105185,2.217407,0.7391357,0.208,0.0,0.14628041,11.140065,11.160066,1788800
hardzero_plus_depr__c0p54__z1p10__lam0p020__nu0p50__psi1p25,hardzero_plus_depr,0.01,38,559,0.0,1,0.49454826,0.49454826,1.0677323,0.0855594,0.0855594,1.0,7.4786655e-10,8.740905e-09,-27.248693,2.349058,0.7830193,0.13,0.0,0.18573011,11.160066,11.180066,1792000
hardzero_plus_depr__c0p54__z1p10__lam0p020__nu0p50__psi1p25,hardzero_plus_depr,0.01,38,560,0.0,1,0.49454826,0.49454826,1.0353445,0.09218399,0.09218399,1.0,7.858766e-10,8.525087e-09,-28.136326,2.2778034,0.7592678,0.208,0.0,0.20225598,11.180066,11.200067,1795200
hardzero_plus_depr__c0p54__z1p10__lam0p020__nu0p50__psi1p25,hardzero_plus_depr,0.01,38,561,0.0,1,0.49454826,0.49454826,1.0495727,0.08921283,0.08921283,1.0,7.417687e-10,8.314597e-09,-27.342169,2.309106,0.7697021,0.16000001,0.0,0.14913067,11.200067,11.220067,1798400
hardzero_plus_depr__c0p54__z1p10__lam0p020__nu0p50__psi1p25,hardzero_plus_depr,0.01,38,562,0.0,1,0.49454826,0.49454826,1.081691,0.08285313,0.08285313,1.0,6.718813e-10,8.109304e-09,-28.531199,2.379768,0.793256,0.14400001,0.0,0.18362094,11.220067,11.2400675,1801600
hardzero_plus_depr__c0p54__z1p10__lam0p020__nu0p50__psi1p25,hardzero_plus_depr,0.01,38,563,0.0,1,0.49454826,0.49454826,1.0718322,0.08475547,0.08475547,1.0,6.7033784e-10,7.9090805e-09,-29.038961,2.3580778,0.78602594,0.16800001,0.0,0.19199415,11.2400675,11.260068,1804800
hardzero_plus_depr__c0p54__z1p10__lam0p020__nu0p50__psi1p25,hardzero_plus_depr,0.01,38,564,0.0,1,0.49454826,0.49454826,1.010271,0.09766277,0.09766277,1.0,7.533511e-10,7.7138e-09,-27.061468,2.2226405,0.7408802,0.17600001,0.0,0.17654121,11.260068,11.280068,1808000
hardzero_plus_depr__c0p54__z1p10__lam0p020__nu0p50__psi1p25,hardzero_plus_depr,0.01,38,565,0.0,1,0.49454826,0.49454826,1.0839062,0.08243162,0.08243162,1.0,6.201612e-10,7.523341e-09,-28.311169,2.3846412,0.7948804,0.08800001,0.0,0.19807322,11.280068,11.300069,1811200
hardzero_plus_depr__c0p54__z1p10__lam0p020__nu0p50__psi1p25,hardzero_plus_depr,0.01,38,566,0.0,1,0.49454826,0.49454826,1.0278534,0.09378785,0.09378785,1.0,6.8817635e-10,7.337585e-09,-26.867386,2.2613225,0.75377417,0.136,0.0,0.15435338,11.300069,11.320069,1814400
hardzero_plus_depr__c0p54__z1p10__lam0p020__nu0p50__psi1p25,hardzero_plus_depr,0.01,38,567,0.0,1,0.49454826,0.49454826,1.0762179,0.08390389,0.08390389,1.0,6.00451e-10,7.156415e-09,-28.047451,2.3677266,0.7892422,0.16800001,0.0,0.15628792,11.320069,11.34007,1817600
hardzero_plus_depr__c0p54__z1p10__lam0p020__nu0p50__psi1p25,hardzero_plus_depr,0.01,38,568,0.0,1,0.49454826,0.49454826,1.0460821,0.08993276,0.08993276,1.0,6.277054e-10,6.9797186e-09,-27.634907,2.3014266,0.76714224,0.16800001,0.0,0.17835209,11.34007,11.36007,1820800
hardzero_plus_depr__c0p54__z1p10__lam0p020__nu0p50__psi1p25,hardzero_plus_depr,0.01,38,569,0.0,1,0.49454826,0.49454826,1.0579762,0.08750315,0.08750315,1.0,5.956677e-10,6.8073853e-09,-28.020193,2.3275943,0.7758648,0.128,0.0,0.15434104,11.36007,11.380071,1824000
hardzero_plus_depr__c0p54__z1p10__lam0p020__nu0p50__psi1p25,hardzero_plus_depr,0.01,38,570,0.0,1,0.49454826,0.49454826,1.0173867,0.09607565,0.09607565,1.0,6.3787564e-10,6.639306e-09,-25.891634,2.2382953,0.74609846,0.14400001,0.0,0.15604869,11.380071,11.400071,1827200
hardzero_plus_depr__c0p54__z1p10__lam0p020__nu0p50__psi1p25,hardzero_plus_depr,0.01,38,571,0.0,1,0.49454826,0.49454826,0.9561511,0.110623874,0.110623874,1.0,7.163313e-10,6.4753776e-09,-25.572496,2.1035745,0.70119154,0.24800001,0.0,0.14500612,11.400071,11.420072,1830400
hardzero_plus_depr__c0p54__z1p10__lam0p020__nu0p50__psi1p25,hardzero_plus_depr,0.01,38,572,0.0,1,0.49454826,0.49454826,1.024082,0.09460586,0.09460586,1.0,5.97483e-10,6.3154966e-09,-27.64434,2.2530253,0.75100845,0.12,0.0,0.20163968,11.420072,11.440072,1833600
hardzero_plus_depr__c0p54__z1p10__lam0p020__nu0p50__psi1p25,hardzero_plus_depr,0.01,38,573,0.0,1,0.49454826,0.49454826,1.0309979,0.09311125,0.09311125,1.0,5.735246e-10,6.159563e-09,-27.040047,2.2682407,0.75608027,0.208,0.0,0.15188897,11.440072,11.4600725,1836800
hardzero_plus_depr__c0p54__z1p10__lam0p020__nu0p50__psi1p25,hardzero_plus_depr,0.01,38,574,0.0,1,0.49454826,0.49454826,1.0074604,0.09829686,0.09829686,1.0,5.905163e-10,6.007479e-09,-27.605713,2.2164571,0.73881906,0.2,0.0,0.18141778,11.4600725,11.480073,1840000
hardzero_plus_depr__c0p54__z1p10__lam0p020__nu0p50__psi1p25,hardzero_plus_depr,0.01,38,575,0.0,1,0.49454826,0.49454826,1.0652641,0.08604703,0.08604703,1.0,5.041625e-10,5.8591505e-09,-27.77019,2.343628,0.78120935,0.14400001,0.0,0.16490935,11.480073,11.500073,1843200
hardzero_plus_depr__c0p54__z1p10__lam0p020__nu0p50__psi1p25,hardzero_plus_depr,0.01,38,576,0.0,1,0.49454826,0.49454826,1.0010878,0.09974983,0.09974983,1.0,5.700188e-10,5.714484e-09,-26.498228,2.2024372,0.73414576,0.208,0.0,0.17075492,11.500073,11.520074,1846400
hardzero_plus_depr__c0p54__z1p10__lam0p020__nu0p50__psi1p25,hardzero_plus_depr,0.01,38,577,0.0,1,0.49454826,0.49454826,1.0470588,0.089730725,0.089730725,1.0,5.001043e-10,5.5733897e-09,-28.682598,2.3035753,0.76785845,0.216,0.0,0.16505083,11.520074,11.540074,1849600
hardzero_plus_depr__c0p54__z1p10__lam0p020__nu0p50__psi1p25,hardzero_plus_depr,0.01,38,578,0.0,1,0.49454826,0.49454826,1.0773984,0.08367612,0.08367612,1.0,4.5484497e-10,5.43578e-09,-28.104946,2.370324,0.79010797,0.120000005,0.0,0.19646607,11.540074,11.560075,1852800
hardzero_plus_depr__c0p54__z1p10__lam0p020__nu0p50__psi1p25,hardzero_plus_depr,0.01,38,579,0.0,1,0.49454826,0.49454826,0.99646324,0.10081769,0.10081769,1.0,5.344917e-10,5.3015667e-09,-25.990026,2.192263,0.7307543,0.15200001,0.0,0.16345637,11.560075,11.580075,1856000
hardzero_plus_depr__c0p54__z1p10__lam0p020__nu0p50__psi1p25,hardzero_plus_depr,0.01,38,580,0.0,1,0.49454826,0.49454826,1.0224615,0.094959505,0.094959505,1.0,4.9100407e-10,5.170668e-09,-27.354769,2.2494602,0.7498201,0.2,0.0,0.1549292,11.580075,11.600076,1859200
hardzero_plus_depr__c0p54__z1p10__lam0p020__nu0p50__psi1p25,hardzero_plus_depr,0.01,38,581,0.0,1,0.49454826,0.49454826,1.0857977,0.082073376,0.082073376,1.0,4.1389606e-10,5.0430002e-09,-28.18554,2.3888025,0.7962675,0.120000005,0.0,0.17602624,11.600076,11.620076,1862400
hardzero_plus_depr__c0p54__z1p10__lam0p020__nu0p50__psi1p25,hardzero_plus_depr,0.01,38,582,0.0,1,0.49454826,0.49454826,1.0059383,0.09864198,0.09864198,1.0,4.851691e-10,4.918485e-09,-26.48134,2.2131085,0.73770285,0.16000001,0.0,0.14889064,11.620076,11.640077,1865600
hardzero_plus_depr__c0p54__z1p10__lam0p020__nu0p50__psi1p25,hardzero_plus_depr,0.01,38,583,0.0,1,0.49454826,0.49454826,0.98324686,0.1039329,0.1039329,1.0,4.985708e-10,4.797045e-09,-26.022673,2.1631863,0.7210621,0.16000001,0.0,0.12620312,11.640077,11.660077,1868800
hardzero_plus_depr__c0p54__z1p10__lam0p020__nu0p50__psi1p25,hardzero_plus_depr,0.01,38,584,0.0,1,0.49454826,0.49454826,1.0334926,0.09257791,0.09257791,1.0,4.3313528e-10,4.678603e-09,-27.520582,2.273729,0.7579097,0.16800001,0.0,0.1832156,11.660077,11.680078,1872000
hardzero_plus_depr__c0p54__z1p10__lam0p020__nu0p50__psi1p25,hardzero_plus_depr,0.01,38,585,0.0,1,0.49454826,0.49454826,1.0320538,0.092885114,0.092885114,1.0,4.2384268e-10,4.563085e-09,-28.034092,2.2705638,0.75685465,0.089999996,0.0,0.16597211,11.680078,11.700078,1875200
hardzero_plus_depr__c0p54__z1p10__lam0p020__nu0p50__psi1p25,hardzero_plus_depr,0.01,38,586,0.0,1,0.49454826,0.49454826,1.0450553,0.09014564,0.09014564,1.0,4.011859e-10,4.450419e-09,-27.085758,2.2991676,0.76638925,0.192,0.0,0.1573252,11.700078,11.720078,1878400
hardzero_plus_depr__c0p54__z1p10__lam0p020__nu0p50__psi1p25,hardzero_plus_depr,0.01,38,587,0.0,1,0.49454826,0.49454826,0.99668276,0.10076674,0.10076674,1.0,4.3738166e-10,4.340536e-09,-27.300468,2.192746,0.7309153,0.16000001,0.0,0.17538203,11.720078,11.740079,1881600
hardzero_plus_depr__c0p54__z1p10__lam0p020__nu0p50__psi1p25,hardzero_plus_depr,0.01,38,588,0.0,1,0.49454826,0.49454826,1.0220225,0.095055565,0.095055565,1.0,4.0240491e-10,4.233365e-09,-27.106,2.2484944,0.7494981,0.120000005,0.0,0.16646641,11.740079,11.760079,1884800
hardzero_plus_depr__c0p54__z1p10__lam0p020__nu0p50__psi1p25,hardzero_plus_depr,0.01,38,589,0.0,1,0.49454826,0.49454826,1.0222222,0.09501186,0.09501186,1.0,3.9228884e-10,4.128841e-09,-26.201593,2.2489336,0.7496445,0.16000001,0.0,0.15984069,11.760079,11.78008,1888000
hardzero_plus_depr__c0p54__z1p10__lam0p020__nu0p50__psi1p25,hardzero_plus_depr,0.01,38,590,0.0,1,0.49454826,0.49454826,1.0402272,0.091153376,0.091153376,1.0,3.6706527e-10,4.026897e-09,-28.77737,2.2885456,0.76284856,0.15200001,0.0,0.1754201,11.78008,11.80008,1891200
hardzero_plus_depr__c0p54__z1p10__lam0p020__nu0p50__psi1p25,hardzero_plus_depr,0.01,38,591,0.0,1,0.49454826,0.49454826,1.0806415,0.0830536,0.0830536,1.0,3.261905e-10,3.92747e-09,-28.62893,2.3774588,0.7924863,0.136,0.0,0.17760716,11.80008,11.820081,1894400
hardzero_plus_depr__c0p54__z1p10__lam0p020__nu0p50__psi1p25,hardzero_plus_depr,0.01,38,592,0.0,1,0.49454826,0.49454826,1.059091,0.08727886,0.08727886,1.0,3.3432151e-10,3.830498e-09,-27.972708,2.3300467,0.77668226,0.112,0.0,0.16287847,11.820081,11.840081,1897600
hardzero_plus_depr__c0p54__z1p10__lam0p020__nu0p50__psi1p25,hardzero_plus_depr,0.01,38,593,0.0,1,0.49454826,0.49454826,1.0825477,0.082689874,0.082689874,1.0,3.0892283e-10,3.735921e-09,-27.940273,2.3816524,0.79388416,0.128,0.0,0.17020978,11.840081,11.860082,1900800
hardzero_plus_depr__c0p54__z1p10__lam0p020__nu0p50__psi1p25,hardzero_plus_depr,0.01,38,594,0.0,1,0.49454826,0.49454826,1.0792202,0.083325855,0.083325855,1.0,3.0361264e-10,3.6436785e-09,-28.083323,2.3743317,0.79144394,0.120000005,0.0,0.18531442,11.860082,11.880082,1904000
hardzero_plus_depr__c0p54__z1p10__lam0p020__nu0p50__psi1p25,hardzero_plus_depr,0.01,38,595,0.0,1,0.49454826,0.49454826,1.0172553,0.09610472,0.09610472,1.0,3.4152867e-10,3.5537138e-09,-27.161398,2.2380064,0.74600214,0.136,0.0,0.17281078,11.880082,11.900083,1907200
hardzero_plus_depr__c0p54__z1p10__lam0p020__nu0p50__psi1p25,hardzero_plus_depr,0.01,38,596,0.0,1,0.49454826,0.49454826,1.0666845,0.085766055,0.085766055,1.0,2.9726258e-10,3.4659702e-09,-28.108316,2.3467526,0.7822509,0.192,0.0,0.16476317,11.900083,11.920083,1910400
hardzero_plus_depr__c0p54__z1p10__lam0p020__nu0p50__psi1p25,hardzero_plus_depr,0.01,38,597,0.0,1,0.49454826,0.49454826,1.0620427,0.08668765,0.08668765,1.0,2.9303834e-10,3.3803933e-09,-28.071918,2.3365407,0.7788469,0.14400001,0.0,0.18394555,11.920083,11.9400835,1913600
hardzero_plus_depr__c0p54__z1p10__lam0p020__nu0p50__psi1p25,hardzero_plus_depr,0.01,38,598,0.0,1,0.49454826,0.49454826,1.0254269,0.09431334,0.09431334,1.0,3.109444e-10,3.2969294e-09,-26.978712,2.255984,0.7519947,0.099999994,0.0,0.13724492,11.9400835,11.960084,1916800
hardzero_plus_depr__c0p54__z1p10__lam0p020__nu0p50__psi1p25,hardzero_plus_depr,0.01,38,599,0.0,1,0.49454826,0.49454826,1.030779,0.09315817,0.09315817,1.0,2.995525e-10,3.2155258e-09,-27.40958,2.267759,0.7559197,0.192,0.0,0.14997014,11.960084,11.980084,1920000
hardzero_plus_depr__c0p54__z1p10__lam0p020__nu0p50__psi1p25,hardzero_plus_depr,0.01,38,600,0.0,1,0.49454826,0.49454826,1.036749,0.09188636,0.09188636,1.0,2.8816777e-10,3.1361322e-09,-27.531223,2.2808933,0.7602978,0.192,0.0,0.15877062,11.980084,12.000085,1923200
hardzero_plus_depr__c0p54__z1p10__lam0p020__nu0p50__psi1p25,hardzero_plus_depr,0.01,38,601,0.0,1,0.49454826,0.49454826,1.0566392,0.087772965,0.087772965,1.0,2.684711e-10,3.0586993e-09,-28.798878,2.3246527,0.7748842,0.16000001,0.0,0.17175218,12.000085,12.020085,1926400
hardzero_plus_depr__c0p54__z1p10__lam0p020__nu0p50__psi1p25,hardzero_plus_depr,0.01,38,602,0.0,1,0.49454826,0.49454826,0.98831177,0.10272785,0.10272785,1.0,3.0645547e-10,2.9831781e-09,-26.754154,2.1743293,0.72477645,0.16000001,0.0,0.1388937,12.020085,12.040086,1929600
hardzero_plus_depr__c0p54__z1p10__lam0p020__nu0p50__psi1p25,hardzero_plus_depr,0.01,38,603,0.0,1,0.49454826,0.49454826,1.0305886,0.09319902,0.09319902,1.0,2.7116456e-10,2.9095215e-09,-26.785368,2.2673402,0.7557801,0.16000001,0.0,0.16348803,12.040086,12.060086,1932800
hardzero_plus_depr__c0p54__z1p10__lam0p020__nu0p50__psi1p25,hardzero_plus_depr,0.01,38,604,0.0,1,0.49454826,0.49454826,1.0560822,0.087885596,0.087885596,1.0,2.493915e-10,2.8376836e-09,-28.03679,2.3234274,0.7744758,0.17600001,0.0,0.16042681,12.060086,12.080087,1936000
hardzero_plus_depr__c0p54__z1p10__lam0p020__nu0p50__psi1p25,hardzero_plus_depr,0.01,38,605,0.0,1,0.49454826,0.49454826,1.0244344,0.0945291,0.0945291,1.0,2.6162056e-10,2.7676192e-09,-27.969587,2.2538009,0.75126696,0.14400001,0.0,0.15165396,12.080087,12.100087,1939200
hardzero_plus_depr__c0p54__z1p10__lam0p020__nu0p50__psi1p25,hardzero_plus_depr,0.01,38,606,0.0,1,0.49454826,0.49454826,1.0695091,0.08521006,0.08521006,1.0,2.3000625e-10,2.699285e-09,-27.313437,2.352967,0.7843224,0.18400002,0.0,0.15136664,12.100087,12.120088,1942400
hardzero_plus_depr__c0p54__z1p10__lam0p020__nu0p50__psi1p25,hardzero_plus_depr,0.01,38,607,0.0,1,0.49454826,0.49454826,1.0664052,0.08582125,0.08582125,1.0,2.2593627e-10,2.6326379e-09,-27.61427,2.3461382,0.7820461,0.120000005,0.0,0.18087646,12.120088,12.140088,1945600
hardzero_plus_depr__c0p54__z1p10__lam0p020__nu0p50__psi1p25,hardzero_plus_depr,0.01,38,608,0.0,1,0.49454826,0.49454826,1.0143788,0.09674335,0.09674335,1.0,2.4840177e-10,2.5676365e-09,-26.202164,2.231678,0.74389267,0.16800001,0.0,0.17761862,12.140088,12.160089,1948800
hardzero_plus_depr__c0p54__z1p10__lam0p020__nu0p50__psi1p25,hardzero_plus_depr,0.01,38,609,0.0,1,0.49454826,0.49454826,1.0276251,0.093837164,0.093837164,1.0,2.3499075e-10,2.5042397e-09,-26.885696,2.2608204,0.7536068,0.15200001,0.0,0.14662345,12.160089,12.180089,1952000
hardzero_plus_depr__c0p54__z1p10__lam0p020__nu0p50__psi1p25,hardzero_plus_depr,0.01,38,610,0.0,1,0.49454826,0.49454826,1.0455871,0.09003533,0.09003533,1.0,2.1990305e-10,2.4424085e-09,-27.481844,2.3003376,0.7667792,0.112,0.0,0.16835532,12.180089,12.200089,1955200
hardzero_plus_depr__c0p54__z1p10__lam0p020__nu0p50__psi1p25,hardzero_plus_depr,0.01,38,611,0.0,1,0.49454826,0.49454826,1.0368916,0.0918562,0.0918562,1.0,2.18811e-10,2.3821038e-09,-27.404003,2.281207,0.7604024,0.24,0.0,0.16670555,12.200089,12.22009,1958400
hardzero_plus_depr__c0p54__z1p10__lam0p020__nu0p50__psi1p25,hardzero_plus_depr,0.01,38,612,0.0,1,0.49454826,0.49454826,1.0007331,0.099831335,0.099831335,1.0,2.3193694e-10,2.323288e-09,-26.432632,2.2016568,0.73388565,0.128,0.0,0.14681679,12.22009,12.24009,1961600
hardzero_plus_depr__c0p54__z1p10__lam0p020__nu0p50__psi1p25,hardzero_plus_depr,0.01,38,613,0.0,1,0.49454826,0.49454826,1.0574577,0.0876077,0.0876077,1.0,1.9851243e-10,2.2659246e-09,-27.287924,2.3264534,0.7754845,0.16000001,0.0,0.1492156,12.24009,12.260091,1964800
hardzero_plus_depr__c0p54__z1p10__lam0p020__nu0p50__psi1p25,hardzero_plus_depr,0.01,38,614,0.0,1,0.49454826,0.49454826,1.0385369,0.09150886,0.09150886,1.0,2.0223252e-10,2.2099775e-09,-27.903833,2.2848268,0.76160896,0.2,0.0,0.1761033,12.260091,12.280091,1968000
hardzero_plus_depr__c0p54__z1p10__lam0p020__nu0p50__psi1p25,hardzero_plus_depr,0.01,38,615,0.0,1,0.49454826,0.49454826,1.0385994,0.09149568,0.09149568,1.0,1.9721084e-10,2.1554116e-09,-27.565397,2.2849643,0.7616548,0.15200001,0.0,0.1538647,12.280091,12.300092,1971200
hardzero_plus_depr__c0p54__z1p10__lam0p020__nu0p50__psi1p25,hardzero_plus_depr,0.01,38,616,0.0,1,0.49454826,0.49454826,1.0429863,0.09057613,0.09057613,1.0,1.9040852e-10,2.1021933e-09,-28.034172,2.2946155,0.76487184,0.216,0.0,0.18067524,12.300092,12.320092,1974400
hardzero_plus_depr__c0p54__z1p10__lam0p020__nu0p50__psi1p25,hardzero_plus_depr,0.01,38,617,0.0,1,0.49454826,0.49454826,1.045302,0.09009444,0.09009444,1.0,1.847196e-10,2.0502886e-09,-27.45133,2.2997105,0.7665702,0.16800001,0.0,0.14667583,12.320092,12.340093,1977600
hardzero_plus_depr__c0p54__z1p10__lam0p020__nu0p50__psi1p25,hardzero_plus_depr,0.01,38,618,0.0,1,0.49454826,0.49454826,1.0550115,0.08810255,0.08810255,1.0,1.7617566e-10,1.9996658e-09,-27.587326,2.3210716,0.7736906,0.15200001,0.0,0.15294006,12.340093,12.360093,1980800
hardzero_plus_depr__c0p54__z1p10__lam0p020__nu0p50__psi1p25,hardzero_plus_depr,0.01,38,619,0.0,1,0.49454826,0.49454826,1.0303103,0.09325877,0.09325877,1.0,1.8188188e-10,1.9502926e-09,-27.4074,2.266728,0.755576,0.15200001,0.0,0.15660766,12.360093,12.380094,1984000
hardzero_plus_depr__c0p54__z1p10__lam0p020__nu0p50__psi1p25,hardzero_plus_depr,0.01,38,620,0.0,1,0.49454826,0.49454826,0.9466679,0.113066025,0.113066025,1.0,2.1506726e-10,1.9021387e-09,-26.034143,2.082711,0.694237,0.15200001,0.0,0.12296564,12.380094,12.400094,1987200
hardzero_plus_depr__c0p54__z1p10__lam0p020__nu0p50__psi1p25,hardzero_plus_depr,0.01,38,621,0.0,1,0.49454826,0.49454826,1.0257788,0.09423695,0.09423695,1.0,1.7482592e-10,1.8551738e-09,-27.134008,2.2567585,0.7522528,0.136,0.0,0.16716751,12.400094,12.4200945,1990400
hardzero_plus_depr__c0p54__z1p10__lam0p020__nu0p50__psi1p25,hardzero_plus_depr,0.01,38,622,0.0,1,0.49454826,0.49454826,1.0430293,0.09056715,0.09056715,1.0,1.6386932e-10,1.8093682e-09,-28.146797,2.2947104,0.7649035,0.18400002,0.0,0.18108644,12.4200945,12.440095,1993600
hardzero_plus_depr__c0p54__z1p10__lam0p020__nu0p50__psi1p25,hardzero_plus_depr,0.01,38,623,0.0,1,0.49454826,0.49454826,1.038392,0.09153938,0.09153938,1.0,1.6153899e-10,1.7646938e-09,-27.776644,2.284508,0.7615027,0.136,0.0,0.14628313,12.440095,12.460095,1996800
hardzero_plus_depr__c0p54__z1p10__lam0p020__nu0p50__psi1p25,hardzero_plus_depr,0.01,38,624,0.0,1,0.49454826,0.49454826,1.0664719,0.08580805,0.08580805,1.0,1.4768615e-10,1.7211224e-09,-27.627249,2.346285,0.7820951,0.089999996,0.0,0.1611832,12.460095,12.480096,2000000
hardzero_plus_depr__c0p54__z1p10__lam0p020__nu0p50__psi1p25,hardzero_plus_depr,0.01,38,625,0.0,1,0.49454826,0.49454826,0.99981904,0.10004168,0.10004168,1.0,1.6793264e-10,1.6786268e-09,-26.666979,2.1996458,0.7332153,0.18400002,0.0,0.15477136,12.480096,12.500096,2003200
hardzero_plus_depr__c0p54__z1p10__lam0p020__nu0p50__psi1p25,hardzero_plus_depr,0.01,38,626,0.0,1,0.49454826,0.49454826,1.05568,0.087967046,0.087967046,1.0,1.4401792e-10,1.6371804e-09,-27.397213,2.3225424,0.7741808,0.14400001,0.0,0.17626442,12.500096,12.520097,2006400
hardzero_plus_depr__c0p54__z1p10__lam0p020__nu0p50__psi1p25,hardzero_plus_depr,0.01,38,627,0.0,1,0.49454826,0.49454826,1.0391667,0.09137624,0.09137624,1.0,1.4590568e-10,1.5967573e-09,-27.250736,2.2862124,0.76207083,0.080000006,0.0,0.165755,12.520097,12.540097,2009600
hardzero_plus_depr__c0p54__z1p10__lam0p020__nu0p50__psi1p25,hardzero_plus_depr,0.01,38,628,0.0,1,0.49454826,0.49454826,1.1028917,0.0,0.078905694,0.0,0.0,1.5573323e-09,-28.095907,2.4264102,0.80880344,0.15200001,0.0,0.21261103,12.540097,12.560098,2012800
hardzero_plus_depr__c0p54__z1p10__lam0p020__nu0p50__psi1p25,hardzero_plus_depr,0.01,38,629,0.0,1,0.49454826,0.49454826,1.0603609,0.087024,0.087024,1.0,1.3217909e-10,1.5188808e-09,-27.565964,2.3328407,0.7776136,0.17600001,0.0,0.17895068,12.560098,12.580098,2016000
hardzero_plus_depr__c0p54__z1p10__lam0p020__nu0p50__psi1p25,hardzero_plus_depr,0.01,38,630,0.0,1,0.49454826,0.49454826,1.0486854,0.08939528,0.08939528,1.0,1.3242826e-10,1.4813787e-09,-27.08366,2.307154,0.7690513,0.128,0.0,0.17917658,12.580098,12.600099,2019200
hardzero_plus_depr__c0p54__z1p10__lam0p020__nu0p50__psi1p25,hardzero_plus_depr,0.01,38,631,0.0,1,0.49454826,0.49454826,1.1142821,0.0,0.076863095,0.0,0.0,1.4448025e-09,-28.638927,2.4514697,0.81715655,0.15200001,0.0,0.18540701,12.600099,12.620099,2022400
hardzero_plus_depr__c0p54__z1p10__lam0p020__nu0p50__psi1p25,hardzero_plus_depr,0.01,38,632,0.0,1,0.49454826,0.49454826,1.0598434,0.08712777,0.08712777,1.0,1.2277429e-10,1.4091294e-09,-27.483475,2.331702,0.777234,0.14400001,0.0,0.15239348,12.620099,12.6401,2025600
hardzero_plus_depr__c0p54__z1p10__lam0p020__nu0p50__psi1p25,hardzero_plus_depr,0.01,38,633,0.0,1,0.49454826,0.49454826,1.0219362,0.095074445,0.095074445,1.0,1.3066434e-10,1.3743371e-09,-26.626131,2.2483044,0.7494348,0.16800001,0.0,0.1573787,12.6401,12.6601,2028800
hardzero_plus_depr__c0p54__z1p10__lam0p020__nu0p50__psi1p25,hardzero_plus_depr,0.01,38,634,0.0,1,0.49454826,0.49454826,1.0477612,0.08958573,0.08958573,1.0,1.2008106e-10,1.3404038e-09,-26.765644,2.3051207,0.7683736,0.112,0.0,0.14986621,12.6601,12.6801,2032000
hardzero_plus_depr__c0p54__z1p10__lam0p020__nu0p50__psi1p25,hardzero_plus_depr,0.01,38,635,0.0,1,0.49454826,0.49454826,1.0398395,0.09123478,0.09123478,1.0,1.19272e-10,1.3073084e-09,-27.659317,2.2876925,0.7625642,0.14400001,0.0,0.15790798,12.6801,12.700101,2035200
hardzero_plus_depr__c0p54__z1p10__lam0p020__nu0p50__psi1p25,hardzero_plus_depr,0.01,38,636,0.0,1,0.49454826,0.49454826,1.0200061,0.095497936,0.095497936,1.0,1.2176272e-10,1.27503e-09,-27.251888,2.2440581,0.7480194,0.192,0.0,0.16330114,12.700101,12.720101,2038400
hardzero_plus_depr__c0p54__z1p10__lam0p020__nu0p50__psi1p25,hardzero_plus_depr,0.01,38,637,0.0,1,0.49454826,0.49454826,1.0663272,0.08583665,0.08583665,1.0,1.0674207e-10,1.2435488e-09,-27.254568,2.3459668,0.781989,0.099999994,0.0,0.14760318,12.720101,12.740102,2041600
hardzero_plus_depr__c0p54__z1p10__lam0p020__nu0p50__psi1p25,hardzero_plus_depr,0.01,38,638,0.0,1,0.49454826,0.49454826,1.0665972,0.085783295,0.085783295,1.0,1.0404182e-10,1.2128447e-09,-27.787006,2.3465607,0.7821869,0.192,0.0,0.17340961,12.740102,12.760102,2044800
hardzero_plus_depr__c0p54__z1p10__lam0p020__nu0p50__psi1p25,hardzero_plus_depr,0.01,38,639,0.0,1,0.49454826,0.49454826,1.0730933,0.08450973,0.08450973,1.0,9.996646e-11,1.1828988e-09,-27.921848,2.3608525,0.7869508,0.16800001,0.0,0.1677272,12.760102,12.780103,2048000
hardzero_plus_depr__c0p54__z1p10__lam0p020__nu0p50__psi1p25,hardzero_plus_depr,0.01,38,640,0.0,1,0.49454826,0.49454826,1.0655088,0.08599856,0.08599856,1.0,9.921587e-11,1.1536923e-09,-26.147438,2.3441663,0.78138876,0.104,0.0,0.15803546,12.780103,12.800103,2051200
hardzero_plus_depr__c0p54__z1p10__lam0p020__nu0p50__psi1p25,hardzero_plus_depr,0.01,38,641,0.0,1,0.49454826,0.49454826,1.0600138,0.08709358,0.08709358,1.0,9.79982e-11,1.1252058e-09,-26.976849,2.3320768,0.77735895,0.112,0.0,0.15577497,12.800103,12.820104,2054400
hardzero_plus_depr__c0p54__z1p10__lam0p020__nu0p50__psi1p25,hardzero_plus_depr,0.01,38,642,0.0,1,0.49454826,0.49454826,1.0656269,0.08597519,0.08597519,1.0,9.435131e-11,1.0974248e-09,-27.42877,2.344426,0.7814753,0.14400001,0.0,0.16820413,12.820104,12.840104,2057600
hardzero_plus_depr__c0p54__z1p10__lam0p020__nu0p50__psi1p25,hardzero_plus_depr,0.01,38,643,0.0,1,0.49454826,0.49454826,1.0395341,0.091298975,0.091298975,1.0,9.7719825e-11,1.0703277e-09,-27.04629,2.2870207,0.76234025,0.16800001,0.0,0.17542042,12.840104,12.860105,2060800
hardzero_plus_depr__c0p54__z1p10__lam0p020__nu0p50__psi1p25,hardzero_plus_depr,0.01,38,644,0.0,1,0.49454826,0.49454826,1.0497987,0.08916641,0.08916641,1.0,9.308096e-11,1.0439016e-09,-27.952751,2.3096032,0.7698678,0.14400001,0.0,0.15422177,12.860105,12.880105,2064000
hardzero_plus_depr__c0p54__z1p10__lam0p020__nu0p50__psi1p25,hardzero_plus_depr,0.01,38,645,0.0,1,0.49454826,0.49454826,1.0648108,0.08613689,0.08613689,1.0,8.769821e-11,1.018126e-09,-27.945196,2.3426304,0.7808768,0.120000005,0.0,0.17732272,12.880105,12.900105,2067200
hardzero_plus_depr__c0p54__z1p10__lam0p020__nu0p50__psi1p25,hardzero_plus_depr,0.01,38,646,0.0,1,0.49454826,0.49454826,1.0860878,0.08201856,0.08201856,1.0,8.1443505e-11,9.929887e-10,-28.293816,2.389441,0.79648036,0.15200001,0.008,0.19067043,12.900105,12.920106,2070400
hardzero_plus_depr__c0p54__z1p10__lam0p020__nu0p50__psi1p25,hardzero_plus_depr,0.01,38,647,0.0,1,0.49454826,0.49454826,1.0572603,0.08764753,0.08764753,1.0,8.488404e-11,9.684704e-10,-27.680273,2.326019,0.7753397,0.17600001,0.0,0.18211363,12.920106,12.940106,2073600
hardzero_plus_depr__c0p54__z1p10__lam0p020__nu0p50__psi1p25,hardzero_plus_depr,0.01,38,648,0.0,1,0.49454826,0.49454826,1.0152107,0.09655823,0.09655823,1.0,9.120494e-11,9.44559e-10,-26.508013,2.2335083,0.7445028,0.128,0.0,0.16212451,12.940106,12.960107,2076800
hardzero_plus_depr__c0p54__z1p10__lam0p020__nu0p50__psi1p25,hardzero_plus_depr,0.01,38,649,0.0,1,0.49454826,0.49454826,1.0162998,0.096316375,0.096316375,1.0,8.8730155e-11,9.212364e-10,-26.760834,2.2359042,0.7453014,0.16800001,0.0,0.16321088,12.960107,12.980107,2080000
hardzero_plus_depr__c0p54__z1p10__lam0p020__nu0p50__psi1p25,hardzero_plus_depr,0.01,38,650,0.0,1,0.49454826,0.49454826,1.0307899,0.09315586,0.09315586,1.0,8.369973e-11,8.984913e-10,-26.909615,2.267783,0.7559277,0.19999999,0.0,0.17675771,12.980107,13.000108,2083200
hardzero_plus_depr__c0p54__z1p10__lam0p020__nu0p50__psi1p25,hardzero_plus_depr,0.01,38,651,0.0,1,0.49454826,0.49454826,0.99472725,0.101221494,0.101221494,1.0,8.8701026e-11,8.7630625e-10,-26.560757,2.1884437,0.7294812,0.192,0.0,0.13912176,13.000108,13.020108,2086400
hardzero_plus_depr__c0p54__z1p10__lam0p020__nu0p50__psi1p25,hardzero_plus_depr,0.01,38,652,0.0,1,0.49454826,0.49454826,1.019018,0.09571543,0.09571543,1.0,8.1805146e-11,8.546704e-10,-26.866055,2.2418845,0.74729484,0.15200001,0.0,0.1565904,13.020108,13.040109,2089600
hardzero_plus_depr__c0p54__z1p10__lam0p020__nu0p50__psi1p25,hardzero_plus_depr,0.01,38,653,0.0,1,0.49454826,0.49454826,1.0776117,0.08363504,0.08363504,1.0,6.971542e-11,8.3356716e-10,-28.231115,2.370793,0.79026437,0.17600001,0.0,0.17213237,13.040109,13.060109,2092800
hardzero_plus_depr__c0p54__z1p10__lam0p020__nu0p50__psi1p25,hardzero_plus_depr,0.01,38,654,0.0,1,0.49454826,0.49454826,1.0297693,0.09337502,0.09337502,1.0,7.591265e-11,8.1298673e-10,-27.464994,2.2655377,0.7551793,0.208,0.008,0.17629656,13.060109,13.08011,2096000
hardzero_plus_depr__c0p54__z1p10__lam0p020__nu0p50__psi1p25,hardzero_plus_depr,0.01,38,655,0.0,1,0.49454826,0.49454826,1.051944,0.088727035,0.088727035,1.0,7.035279e-11,7.9291274e-10,-27.53211,2.314323,0.771441,0.16800001,0.0,0.14385647,13.08011,13.10011,2099200
hardzero_plus_depr__c0p54__z1p10__lam0p020__nu0p50__psi1p25,hardzero_plus_depr,0.01,38,656,0.0,1,0.49454826,0.49454826,1.0857937,0.08207411,0.08207411,1.0,6.347086e-11,7.7333595e-10,-28.39759,2.388794,0.79626465,0.14400001,0.0,0.18188561,13.10011,13.1201105,2102400
hardzero_plus_depr__c0p54__z1p10__lam0p020__nu0p50__psi1p25,hardzero_plus_depr,0.01,38,657,0.0,1,0.49454826,0.49454826,1.0117509,0.09733051,0.09733051,1.0,7.341067e-11,7.542411e-10,-26.685238,2.2258966,0.74196553,0.17600001,0.0,0.14870556,13.1201105,13.140111,2105600
hardzero_plus_depr__c0p54__z1p10__lam0p020__nu0p50__psi1p25,hardzero_plus_depr,0.01,38,658,0.0,1,0.49454826,0.49454826,1.0449954,0.09015807,0.09015807,1.0,6.6321997e-11,7.3561907e-10,-27.355042,2.2990358,0.76634526,0.128,0.0,0.14563408,13.140111,13.160111,2108800
hardzero_plus_depr__c0p54__z1p10__lam0p020__nu0p50__psi1p25,hardzero_plus_depr,0.01,38,659,0.0,1,0.49454826,0.49454826,1.0241615,0.09458854,0.09458854,1.0,6.786306e-11,7.1745543e-10,-27.565695,2.2532003,0.7510668,0.15200001,0.0,0.1580189,13.160111,13.180112,2112000
hardzero_plus_depr__c0p54__z1p10__lam0p020__nu0p50__psi1p25,hardzero_plus_depr,0.01,38,660,0.0,1,0.49454826,0.49454826,1.0357484,0.09209832,0.09209832,1.0,6.444503e-11,6.997417e-10,-27.970098,2.2786918,0.7595639,0.104,0.0,0.17236565,13.180112,13.200112,2115200
hardzero_plus_depr__c0p54__z1p10__lam0p020__nu0p50__psi1p25,hardzero_plus_depr,0.01,38,661,0.0,1,0.49454826,0.49454826,1.0153495,0.09652736,0.09652736,1.0,6.587644e-11,6.82464e-10,-26.929144,2.2338135,0.7446045,0.2,0.0,0.13352354,13.200112,13.220113,2118400
hardzero_plus_depr__c0p54__z1p10__lam0p020__nu0p50__psi1p25,hardzero_plus_depr,0.01,38,662,0.0,1,0.49454826,0.49454826,1.051293,0.08886013,0.08886013,1.0,5.9146556e-11,6.656141e-10,-27.75134,2.3128908,0.7709636,0.112,0.0,0.15998803,13.220113,13.240113,2121600
hardzero_plus_depr__c0p54__z1p10__lam0p020__nu0p50__psi1p25,hardzero_plus_depr,0.01,38,663,0.0,1,0.49454826,0.49454826,1.0639238,0.08631299,0.08631299,1.0,5.603258e-11,6.4917904e-10,-27.44466,2.3406792,0.7802264,0.17999999,0.0,0.1653578,13.240113,13.260114,2124800
hardzero_plus_depr__c0p54__z1p10__lam0p020__nu0p50__psi1p25,hardzero_plus_depr,0.01,38,664,0.0,1,0.49454826,0.49454826,1.0557827,0.08794624,0.08794624,1.0,5.5683253e-11,6.3315103e-10,-27.360834,2.3227682,0.7742561,0.15200001,0.0,0.17063929,13.260114,13.280114,2128000
hardzero_plus_depr__c0p54__z1p10__lam0p020__nu0p50__psi1p25,hardzero_plus_depr,0.01,38,665,0.0,1,0.49454826,0.49454826,1.0916377,0.0809771,0.0809771,1.0,5.0004778e-11,6.1751754e-10,-28.328012,2.401651,0.80055034,0.096,0.0,0.19890806,13.280114,13.300115,2131200
hardzero_plus_depr__c0p54__z1p10__lam0p020__nu0p50__psi1p25,hardzero_plus_depr,0.01,38,666,0.0,1,0.49454826,0.49454826,1.0273257,0.09390187,0.09390187,1.0,5.6554397e-11,6.0227123e-10,-27.106236,2.2601619,0.75338733,0.14400001,0.008,0.14783894,13.300115,13.320115,2134400
hardzero_plus_depr__c0p54__z1p10__lam0p020__nu0p50__psi1p25,hardzero_plus_depr,0.01,38,667,0.0,1,0.49454826,0.49454826,1.0191916,0.095677175,0.095677175,1.0,5.620079e-11,5.874002e-10,-26.382442,2.2422664,0.74742216,0.14400001,0.0,0.14837198,13.320115,13.340116,2137600
hardzero_plus_depr__c0p54__z1p10__lam0p020__nu0p50__psi1p25,hardzero_plus_depr,0.01,38,668,0.0,1,0.49454826,0.49454826,1.0387204,0.091470204,0.091470204,1.0,5.2403047e-11,5.7289745e-10,-27.260826,2.2852304,0.7617435,0.128,0.0,0.15238756,13.340116,13.360116,2140800
hardzero_plus_depr__c0p54__z1p10__lam0p020__nu0p50__psi1p25,hardzero_plus_depr,0.01,38,669,0.0,1,0.49454826,0.49454826,1.0347255,0.092315465,0.092315465,1.0,5.1581423e-11,5.587517e-10,-28.07395,2.2764416,0.75881386,0.17600001,0.0,0.14819069,13.360116,13.380116,2144000
hardzero_plus_depr__c0p54__z1p10__lam0p020__nu0p50__psi1p25,hardzero_plus_depr,0.01,38,670,0.0,1,0.49454826,0.49454826,1.011298,0.097432084,0.097432084,1.0,5.309623e-11,5.449563e-10,-27.68666,2.2249,0.74163336,0.14400001,0.0,0.16767418,13.380116,13.400117,2147200
hardzero_plus_depr__c0p54__z1p10__lam0p020__nu0p50__psi1p25,hardzero_plus_depr,0.01,38,671,0.0,1,0.49454826,0.49454826,1.0286571,0.093614444,0.093614444,1.0,4.9756126e-11,5.315005e-10,-27.211681,2.2630908,0.75436366,0.23200001,0.0,0.17774397,13.400117,13.420117,2150400
hardzero_plus_depr__c0p54__z1p10__lam0p020__nu0p50__psi1p25,hardzero_plus_depr,0.01,38,672,0.0,1,0.49454826,0.49454826,1.0328455,0.09271596,0.09271596,1.0,4.80619e-11,5.1837784e-10,-27.160744,2.2723055,0.7574352,0.15200001,0.0,0.18487765,13.420117,13.440118,2153600
hardzero_plus_depr__c0p54__z1p10__lam0p020__nu0p50__psi1p25,hardzero_plus_depr,0.01,38,673,0.0,1,0.49454826,0.49454826,1.0971717,0.07995181,0.07995181,1.0,4.04219e-11,5.055783e-10,-28.32547,2.413826,0.8046087,0.14400001,0.0,0.18579608,13.440118,13.460118,2156800
hardzero_plus_depr__c0p54__z1p10__lam0p020__nu0p50__psi1p25,hardzero_plus_depr,0.01,38,674,0.0,1,0.49454826,0.49454826,1.0810254,0.08298022,0.08298022,1.0,4.0917193e-11,4.9309573e-10,-28.546825,2.3783033,0.79276776,0.14400001,0.0,0.196369,13.460118,13.480119,2160000
hardzero_plus_depr__c0p54__z1p10__lam0p020__nu0p50__psi1p25,hardzero_plus_depr,0.01,38,675,0.0,1,0.49454826,0.49454826,1.0185877,0.095810324,0.095810324,1.0,4.6077142e-11,4.809204e-10,-26.474041,2.2409377,0.74697924,0.18400002,0.0,0.15527758,13.480119,13.500119,2163200
hardzero_plus_depr__c0p54__z1p10__lam0p020__nu0p50__psi1p25,hardzero_plus_depr,0.01,38,676,0.0,1,0.49454826,0.49454826,1.0566788,0.08776497,0.08776497,1.0,4.1165866e-11,4.6904663e-10,-27.223433,2.3247397,0.77491325,0.19,0.0,0.20659845,13.500119,13.52012,2166400
hardzero_plus_depr__c0p54__z1p10__lam0p020__nu0p50__psi1p25,hardzero_plus_depr,0.01,38,677,0.0,1,0.49454826,0.49454826,0.9981807,0.10041978,0.10041978,1.0,4.5938548e-11,4.5746512e-10,-26.722883,2.1960413,0.7320138,0.256,0.0,0.15441822,13.52012,13.54012,2169600
hardzero_plus_depr__c0p54__z1p10__lam0p020__nu0p50__psi1p25,hardzero_plus_depr,0.01,38,678,0.0,1,0.49454826,0.49454826,1.0196785,0.095569976,0.095569976,1.0,4.2640495e-11,4.461704e-10,-26.749111,2.2433374,0.74777913,0.2,0.0,0.16475157,13.54012,13.560121,2172800
hardzero_plus_depr__c0p54__z1p10__lam0p020__nu0p50__psi1p25,hardzero_plus_depr,0.01,38,679,0.0,1,0.49454826,0.49454826,1.0275253,0.09385874,0.09385874,1.0,4.084299e-11,4.351538e-10,-27.303984,2.2606008,0.7535336,0.17600001,0.0,0.17470147,13.560121,13.580121,2176000
hardzero_plus_depr__c0p54__z1p10__lam0p020__nu0p50__psi1p25,hardzero_plus_depr,0.01,38,680,0.0,1,0.49454826,0.49454826,1.0221194,0.09503435,0.09503435,1.0,4.0333528e-11,4.2440998e-10,-26.545979,2.2487075,0.7495692,0.16000001,0.0,0.13591161,13.580121,13.6001215,2179200
hardzero_plus_depr__c0p54__z1p10__lam0p020__nu0p50__psi1p25,hardzero_plus_depr,0.01,38,681,0.0,1,0.49454826,0.49454826,1.0589116,0.087314904,0.087314904,1.0,3.6142308e-11,4.1393056e-10,-27.291117,2.329652,0.7765507,0.128,0.0,0.1671224,13.6001215,13.620122,2182400
hardzero_plus_depr__c0p54__z1p10__lam0p020__nu0p50__psi1p25,hardzero_plus_depr,0.01,38,682,0.0,1,0.49454826,0.49454826,0.99868613,0.10030299,0.10030299,1.0,4.0493393e-11,4.0371076e-10,-27.05631,2.1971533,0.73238444,0.16800001,0.0,0.16081107,13.620122,13.640122,2185600
hardzero_plus_depr__c0p54__z1p10__lam0p020__nu0p50__psi1p25,hardzero_plus_depr,0.01,38,683,0.0,1,0.49454826,0.49454826,1.0057703,0.09868013,0.09868013,1.0,3.8854562e-11,3.937425e-10,-27.755943,2.212739,0.7375797,0.14400001,0.0,0.17458054,13.640122,13.660123,2188800
hardzero_plus_depr__c0p54__z1p10__lam0p020__nu0p50__psi1p25,hardzero_plus_depr,0.01,38,684,0.0,1,0.49454826,0.49454826,1.0270946,0.09395185,0.09395185,1.0,3.6079494e-11,3.8402112e-10,-27.573704,2.2596533,0.7532178,0.216,0.008,0.19557452,13.660123,13.680123,2192000
hardzero_plus_depr__c0p54__z1p10__lam0p020__nu0p50__psi1p25,hardzero_plus_depr,0.01,38,685,0.0,1,0.49454826,0.49454826,1.0675577,0.08559379,0.08559379,1.0,3.2058217e-11,3.7453904e-10,-27.922106,2.3486738,0.7828913,0.08800001,0.0,0.19915706,13.680123,13.700124,2195200
hardzero_plus_depr__c0p54__z1p10__lam0p020__nu0p50__psi1p25,hardzero_plus_depr,0.01,38,686,0.0,1,0.49454826,0.49454826,1.078364,0.083490305,0.083490305,1.0,3.0498323e-11,3.652918e-10,-27.920053,2.3724482,0.79081607,0.112,0.0,0.19964387,13.700124,13.720124,2198400
hardzero_plus_depr__c0p54__z1p10__lam0p020__nu0p50__psi1p25,hardzero_plus_depr,0.01,38,687,0.0,1,0.49454826,0.49454826,1.0519104,0.08873391,0.08873391,1.0,3.161342e-11,3.5627212e-10,-27.754683,2.314249,0.77141637,0.112,0.0,0.15858689,13.720124,13.740125,2201600
hardzero_plus_depr__c0p54__z1p10__lam0p020__nu0p50__psi1p25,hardzero_plus_depr,0.01,38,688,0.0,1,0.49454826,0.49454826,1.0150598,0.09659178,0.09659178,1.0,3.3563312e-11,3.4747588e-10,-26.93188,2.2331762,0.7443921,0.18400002,0.0,0.16965851,13.740125,13.760125,2204800
hardzero_plus_depr__c0p54__z1p10__lam0p020__nu0p50__psi1p25,hardzero_plus_depr,0.01,38,689,0.0,1,0.49454826,0.49454826,1.0040948,0.099061556,0.099061556,1.0,3.357158e-11,3.3889616e-10,-27.464445,2.2090528,0.73635095,0.12,0.0,0.1682058,13.760125,13.780126,2208000
hardzero_plus_depr__c0p54__z1p10__lam0p020__nu0p50__psi1p25,hardzero_plus_depr,0.01,38,690,0.0,1,0.49454826,0.49454826,1.0136565,0.0969044,0.0969044,1.0,3.2029705e-11,3.305289e-10,-26.952883,2.2300887,0.7433629,0.17600001,0.0,0.15034218,13.780126,13.800126,2211200
hardzero_plus_depr__c0p54__z1p10__lam0p020__nu0p50__psi1p25,hardzero_plus_depr,0.01,38,691,0.0,1,0.49454826,0.49454826,1.0632327,0.08645046,0.08645046,1.0,2.7868829e-11,3.2236763e-10,-27.615618,2.3391585,0.77971953,0.17600001,0.0,0.17946707,13.800126,13.820127,2214400
hardzero_plus_depr__c0p54__z1p10__lam0p020__nu0p50__psi1p25,hardzero_plus_depr,0.01,38,692,0.0,1,0.49454826,0.49454826,1.0994604,0.07953157,0.07953157,1.0,2.50054e-11,3.1440847e-10,-28.618746,2.4188612,0.80628705,0.15200001,0.0,0.1553616,13.820127,13.840127,2217600
hardzero_plus_depr__c0p54__z1p10__lam0p020__nu0p50__psi1p25,hardzero_plus_depr,0.01,38,693,0.0,1,0.49454826,0.49454826,1.0793053,0.08330953,0.08330953,1.0,2.5546471e-11,3.0664524e-10,-27.586699,2.374519,0.7915064,0.14400001,0.0,0.1887142,13.840127,13.860127,2220800
hardzero_plus_depr__c0p54__z1p10__lam0p020__nu0p50__psi1p25,hardzero_plus_depr,0.01,38,694,0.0,1,0.49454826,0.49454826,1.040737,0.09104643,0.09104643,1.0,2.7229644e-11,2.9907427e-10,-27.569592,2.2896671,0.7632224,0.128,0.0,0.15285106,13.860127,13.880128,2224000
hardzero_plus_depr__c0p54__z1p10__lam0p020__nu0p50__psi1p25,hardzero_plus_depr,0.01,38,695,0.0,1,0.49454826,0.49454826,1.069234,0.08526406,0.08526406,1.0,2.487064e-11,2.9168962e-10,-27.7537,2.352362,0.7841207,0.16000001,0.0,0.16559385,13.880128,13.900128,2227200
hardzero_plus_depr__c0p54__z1p10__lam0p020__nu0p50__psi1p25,hardzero_plus_depr,0.01,38,696,0.0,1,0.49454826,0.49454826,1.0192795,0.09565783,0.09565783,1.0,2.7213497e-11,2.844879e-10,-27.07874,2.2424595,0.74748653,0.08800001,0.0,0.15123302,13.900128,13.920129,2230400
hardzero_plus_depr__c0p54__z1p10__lam0p020__nu0p50__psi1p25,hardzero_plus_depr,0.01,38,697,0.0,1,0.49454826,0.49454826,1.0002371,0.09994541,0.09994541,1.0,2.7731198e-11,2.7746344e-10,-27.119661,2.2005656,0.7335219,0.17600001,0.0,0.16615765,13.920129,13.940129,2233600
hardzero_plus_depr__c0p54__z1p10__lam0p020__nu0p50__psi1p25,hardzero_plus_depr,0.01,38,698,0.0,1,0.49454826,0.49454826,0.99794966,0.10047323,0.10047323,1.0,2.7189358e-11,2.7061295e-10,-26.957762,2.195533,0.73184437,0.2,0.0,0.1554347,13.940129,13.96013,2236800
hardzero_plus_depr__c0p54__z1p10__lam0p020__nu0p50__psi1p25,hardzero_plus_depr,0.01,38,699,0.0,1,0.49454826,0.49454826,1.0505271,0.08901698,0.08901698,1.0,2.3494347e-11,2.6393107e-10,-28.06532,2.3112059,0.77040195,0.15200001,0.0,0.17527555,13.96013,13.98013,2240000
hardzero_plus_depr__c0p54__z1p10__lam0p020__nu0p50__psi1p25,hardzero_plus_depr,0.01,38,700,0.0,1,0.49454826,0.49454826,0.98571914,0.10334296,0.10334296,1.0,2.6601997e-11,2.574147e-10,-25.77443,2.1686254,0.7228751,0.120000005,0.0,0.1520251,13.98013,14.000131,2243200
hardzero_plus_depr__c0p54__z1p10__lam0p020__nu0p50__psi1p25,hardzero_plus_depr,0.01,38,701,0.0,1,0.49454826,0.49454826,1.0711198,0.08489461,0.08489461,1.0,2.1313534e-11,2.5105873e-10,-27.782501,2.3565106,0.78550357,0.120000005,0.0,0.17331141,14.000131,14.020131,2246400
hardzero_plus_depr__c0p54__z1p10__lam0p020__nu0p50__psi1p25,hardzero_plus_depr,0.01,38,702,0.0,1,0.49454826,0.49454826,0.9790809,0.104934685,0.104934685,1.0,2.5694323e-11,2.4486016e-10,-26.731144,2.154021,0.718007,0.14,0.0,0.17543033,14.020131,14.040132,2249600
hardzero_plus_depr__c0p54__z1p10__lam0p020__nu0p50__psi1p25,hardzero_plus_depr,0.01,38,703,0.0,1,0.49454826,0.49454826,1.0368736,0.09185998,0.09185998,1.0,2.1937464e-11,2.3881416e-10,-27.009266,2.2811675,0.7603892,0.14400001,0.0,0.15758738,14.040132,14.060132,2252800
hardzero_plus_depr__c0p54__z1p10__lam0p020__nu0p50__psi1p25,hardzero_plus_depr,0.01,38,704,0.0,1,0.49454826,0.49454826,1.0075842,0.09826883,0.09826883,1.0,2.288857e-11,2.329179e-10,-26.34599,2.2167296,0.7389099,0.104,0.0,0.1440073,14.060132,14.0801325,2256000
hardzero_plus_depr__c0p54__z1p10__lam0p020__nu0p50__psi1p25,hardzero_plus_depr,0.01,38,705,0.0,1,0.49454826,0.49454826,1.0191294,0.09569088,0.09569088,1.0,2.1737794e-11,2.2716681e-10,-27.77541,2.2421293,0.74737644,0.15200001,0.0,0.16697712,14.0801325,14.100133,2259200
hardzero_plus_depr__c0p54__z1p10__lam0p020__nu0p50__psi1p25,hardzero_plus_depr,0.01,38,706,0.0,1,0.49454826,0.49454826,1.0930972,0.08070543,0.08070543,1.0,1.7880943e-11,2.2155813e-10,-28.995646,2.404862,0.80162066,0.136,0.0,0.20353168,14.100133,14.120133,2262400
hardzero_plus_depr__c0p54__z1p10__lam0p020__nu0p50__psi1p25,hardzero_plus_depr,0.01,38,707,0.0,1,0.49454826,0.49454826,1.0241995,0.09458026,0.09458026,1.0,2.0437612e-11,2.160875e-10,-26.808681,2.2532837,0.7510946,0.18400002,0.0,0.15552263,14.120133,14.140134,2265600
hardzero_plus_depr__c0p54__z1p10__lam0p020__nu0p50__psi1p25,hardzero_plus_depr,0.01,38,708,0.0,1,0.49454826,0.49454826,1.0645757,0.08618354,0.08618354,1.0,1.8163386e-11,2.1075237e-10,-28.663021,2.3421133,0.78070444,0.120000005,0.0,0.19726375,14.140134,14.160134,2268800
hardzero_plus_depr__c0p54__z1p10__lam0p020__nu0p50__psi1p25,hardzero_plus_depr,0.01,38,709,0.0,1,0.49454826,0.49454826,1.055234,0.088057436,0.088057436,1.0,1.8100079e-11,2.0554855e-10,-27.07142,2.321561,0.7738537,0.18400002,0.0,0.14938387,14.160134,14.180135,2272000
hardzero_plus_depr__c0p54__z1p10__lam0p020__nu0p50__psi1p25,hardzero_plus_depr,0.01,38,710,0.0,1,0.49454826,0.49454826,1.0515988,0.08879759,0.08879759,1.0,1.7801576e-11,2.0047364e-10,-27.540354,2.3135636,0.7711879,0.15200001,0.0,0.16713265,14.180135,14.200135,2275200
hardzero_plus_depr__c0p54__z1p10__lam0p020__nu0p50__psi1p25,hardzero_plus_depr,0.01,38,711,0.0,1,0.49454826,0.49454826,0.9991094,0.10020527,0.10020527,1.0,1.9592496e-11,1.9552361e-10,-26.209852,2.1980846,0.73269486,0.14400001,0.0,0.14953516,14.200135,14.220136,2278400
hardzero_plus_depr__c0p54__z1p10__lam0p020__nu0p50__psi1p25,hardzero_plus_depr,0.01,38,712,0.0,1,0.49454826,0.49454826,0.9531851,0.11138197,0.11138197,1.0,2.1240117e-11,1.906962e-10,-26.271456,2.097049,0.69901633,0.2,0.0,0.15382122,14.220136,14.240136,2281600
hardzero_plus_depr__c0p54__z1p10__lam0p020__nu0p50__psi1p25,hardzero_plus_depr,0.01,38,713,0.0,1,0.49454826,0.49454826,1.0658628,0.085928485,0.085928485,1.0,1.5981633e-11,1.859876e-10,-27.614447,2.344945,0.78164834,0.15200001,0.0,0.16792002,14.240136,14.260137,2284800
hardzero_plus_depr__c0p54__z1p10__lam0p020__nu0p50__psi1p25,hardzero_plus_depr,0.01,38,714,0.0,1,0.49454826,0.49454826,1.0432578,0.0905195,0.0905195,1.0,1.6419841e-11,1.8139562e-10,-27.402056,2.295213,0.76507103,0.096,0.0,0.13311432,14.260137,14.280137,2288000
hardzero_plus_depr__c0p54__z1p10__lam0p020__nu0p50__psi1p25,hardzero_plus_depr,0.01,38,715,0.0,1,0.49454826,0.49454826,1.0606575,0.08696461,0.08696461,1.0,1.538549e-11,1.7691668e-10,-27.945814,2.333493,0.777831,0.17999999,0.0,0.17679104,14.280137,14.3001375,2291200
hardzero_plus_depr__c0p54__z1p10__lam0p020__nu0p50__psi1p25,hardzero_plus_depr,0.01,38,716,0.0,1,0.49454826,0.49454826,1.0159427,0.09639563,0.09639563,1.0,1.6632936e-11,1.7254866e-10,-26.818764,2.2351186,0.7450396,0.14400001,0.0,0.1446049,14.3001375,14.320138,2294400
hardzero_plus_depr__c0p54__z1p10__lam0p020__nu0p50__psi1p25,hardzero_plus_depr,0.01,38,717,0.0,1,0.49454826,0.49454826,1.0409648,0.090998694,0.090998694,1.0,1.5314002e-11,1.6828815e-10,-27.304062,2.2901683,0.76338947,0.16000001,0.0,0.17495668,14.320138,14.340138,2297600
hardzero_plus_depr__c0p54__z1p10__lam0p020__nu0p50__psi1p25,hardzero_plus_depr,0.01,38,718,0.0,1,0.49454826,0.49454826,1.0787035,0.08342505,0.08342505,1.0,1.3692818e-11,1.6413317e-10,-28.309029,2.3731952,0.7910651,0.104,0.0,0.1892902,14.340138,14.360139,2300800
hardzero_plus_depr__c0p54__z1p10__lam0p020__nu0p50__psi1p25,hardzero_plus_depr,0.01,38,719,0.0,1,0.49454826,0.49454826,1.0736737,0.084396854,0.084396854,1.0,1.35102875e-11,1.6008046e-10,-28.2259,2.3621294,0.7873765,0.136,0.0,0.17878106,14.360139,14.380139,2304000
hardzero_plus_depr__c0p54__z1p10__lam0p020__nu0p50__psi1p25,hardzero_plus_depr,0.01,38,720,0.0,1,0.49454826,0.49454826,0.9433996,0.11392011,0.11392011,1.0,1.7786132e-11,1.5612812e-10,-25.808361,2.0755205,0.6918402,0.14400001,0.008,0.14133523,14.380139,14.40014,2307200
hardzero_plus_depr__c0p54__z1p10__lam0p020__nu0p50__psi1p25,hardzero_plus_depr,0.01,38,721,0.0,1,0.49454826,0.49454826,0.97245204,0.106548645,0.106548645,1.0,1.6224489e-11,1.5227307e-10,-25.709627,2.1394372,0.71314573,0.128,0.0,0.15126386,14.40014,14.42014,2310400
hardzero_plus_depr__c0p54__z1p10__lam0p020__nu0p50__psi1p25,hardzero_plus_depr,0.01,38,722,0.0,1,0.49454826,0.49454826,1.0442979,0.090302974,0.090302974,1.0,1.3411211e-11,1.4851351e-10,-27.521555,2.2975013,0.7658338,0.136,0.0,0.18039355,14.42014,14.440141,2313600
hardzero_plus_depr__c0p54__z1p10__lam0p020__nu0p50__psi1p25,hardzero_plus_depr,0.01,38,723,0.0,1,0.49454826,0.49454826,1.0548086,0.08814373,0.08814373,1.0,1.2767306e-11,1.4484645e-10,-27.973894,2.3206253,0.7735418,0.128,0.0,0.17259932,14.440141,14.460141,2316800
hardzero_plus_depr__c0p54__z1p10__lam0p020__nu0p50__psi1p25,hardzero_plus_depr,0.01,38,724,0.0,1,0.49454826,0.49454826,1.0682268,0.08546203,0.08546203,1.0,1.2073242e-11,1.4127025e-10,-27.946997,2.3501458,0.78338194,0.112,0.0,0.15717262,14.460141,14.480142,2320000
hardzero_plus_depr__c0p54__z1p10__lam0p020__nu0p50__psi1p25,hardzero_plus_depr,0.01,38,725,0.0,1,0.49454826,0.49454826,1.0484687,0.0894399,0.0894399,1.0,1.2323214e-11,1.3778206e-10,-27.204235,2.3066773,0.76889247,0.14400001,0.0,0.14133081,14.480142,14.500142,2323200
hardzero_plus_depr__c0p54__z1p10__lam0p020__nu0p50__psi1p25,hardzero_plus_depr,0.01,38,726,0.0,1,0.49454826,0.49454826,1.0697649,0.08515989,0.08515989,1.0,1.14438094e-11,1.3438027e-10,-28.420986,2.3535297,0.7845099,0.17600001,0.0,0.1677822,14.500142,14.520143,2326400
hardzero_plus_depr__c0p54__z1p10__lam0p020__nu0p50__psi1p25,hardzero_plus_depr,0.01,38,727,0.0,1,0.49454826,0.49454826,1.0454987,0.09005364,0.09005364,1.0,1.1802628e-11,1.310622e-10,-27.81522,2.3001432,0.76671445,0.14400001,0.0,0.17127587,14.520143,14.540143,2329600
hardzero_plus_depr__c0p54__z1p10__lam0p020__nu0p50__psi1p25,hardzero_plus_depr,0.01,38,728,0.0,1,0.49454826,0.49454826,1.067301,0.085644394,0.085644394,1.0,1.0947607e-11,1.2782632e-10,-28.514061,2.3481092,0.7827031,0.12,0.0,0.16975588,14.540143,14.560143,2332800
hardzero_plus_depr__c0p54__z1p10__lam0p020__nu0p50__psi1p25,hardzero_plus_depr,0.01,38,729,0.0,1,0.49454826,0.49454826,1.0645114,0.08619628,0.08619628,1.0,1.0746098e-11,1.2467008e-10,-27.5142,2.3419719,0.7806573,0.16800001,0.0,0.15022057,14.560143,14.580144,2336000
hardzero_plus_depr__c0p54__z1p10__lam0p020__nu0p50__psi1p25,hardzero_plus_depr,0.01,38,730,0.0,1,0.49454826,0.49454826,1.0116355,0.097356394,0.097356394,1.0,1.1837759e-11,1.21592e-10,-27.128923,2.2256427,0.7418809,0.17600001,0.0,0.14797698,14.580144,14.600144,2339200
hardzero_plus_depr__c0p54__z1p10__lam0p020__nu0p50__psi1p25,hardzero_plus_depr,0.01,38,731,0.0,1,0.49454826,0.49454826,1.0179416,0.09595297,0.09595297,1.0,1.1379035e-11,1.1858971e-10,-27.173687,2.2395163,0.74650544,0.136,0.0,0.15483287,14.600144,14.620145,2342400
hardzero_plus_depr__c0p54__z1p10__lam0p020__nu0p50__psi1p25,hardzero_plus_depr,0.01,38,732,0.0,1,0.49454826,0.49454826,1.066797,0.08574385,0.08574385,1.0,9.917286e-12,1.1566177e-10,-28.623161,2.3470004,0.7823335,0.064,0.0,0.17438091,14.620145,14.640145,2345600
hardzero_plus_depr__c0p54__z1p10__lam0p020__nu0p50__psi1p25,hardzero_plus_depr,0.01,38,733,0.0,1,0.49454826,0.49454826,0.99755746,0.10056399,0.10056399,1.0,1.134421e-11,1.1280589e-10,-26.507582,2.1946702,0.7315568,0.224,0.008,0.17389219,14.640145,14.660146,2348800
hardzero_plus_depr__c0p54__z1p10__lam0p020__nu0p50__psi1p25,hardzero_plus_depr,0.01,38,734,0.0,1,0.49454826,0.49454826,1.0612067,0.08685468,0.08685468,1.0,9.555816e-12,1.1002074e-10,-27.899948,2.3347013,0.77823377,0.104,0.0,0.18761657,14.660146,14.680146,2352000
hardzero_plus_depr__c0p54__z1p10__lam0p020__nu0p50__psi1p25,hardzero_plus_depr,0.01,38,735,0.0,1,0.49454826,0.49454826,1.0649765,0.086104035,0.086104035,1.0,9.239322e-12,1.07304166e-10,-28.273932,2.342995,0.78099835,0.136,0.0,0.18788221,14.680146,14.700147,2355200
hardzero_plus_depr__c0p54__z1p10__lam0p020__nu0p50__psi1p25,hardzero_plus_depr,0.01,38,736,0.0,1,0.49454826,0.49454826,1.0505428,0.089013755,0.089013755,1.0,9.315722e-12,1.04654854e-10,-27.24408,2.3112404,0.7704135,0.16000001,0.0,0.17294627,14.700147,14.720147,2358400
hardzero_plus_depr__c0p54__z1p10__lam0p020__nu0p50__psi1p25,hardzero_plus_depr,0.01,38,737,0.0,1,0.49454826,0.49454826,1.0335051,0.09257526,0.09257526,1.0,9.449227e-12,1.0207076e-10,-27.466492,2.2737565,0.75791883,0.128,0.0,0.17282325,14.720147,14.740148,2361600
hardzero_plus_depr__c0p54__z1p10__lam0p020__nu0p50__psi1p25,hardzero_plus_depr,0.01,38,738,0.0,1,0.49454826,0.49454826,1.0287212,0.09360063,0.09360063,1.0,9.318006e-12,9.9550666e-11,-27.718555,2.2632318,0.7544106,0.16800001,0.0,0.18135488,14.740148,14.760148,2364800
hardzero_plus_depr__c0p54__z1p10__lam0p020__nu0p50__psi1p25,hardzero_plus_depr,0.01,38,739,0.0,1,0.49454826,0.49454826,1.0335395,0.09256791,0.09256791,1.0,8.98766e-12,9.70926e-11,-26.536867,2.2738323,0.7579441,0.136,0.0,0.16491021,14.760148,14.7801485,2368000
hardzero_plus_depr__c0p54__z1p10__lam0p020__nu0p50__psi1p25,hardzero_plus_depr,0.01,38,740,0.0,1,0.49454826,0.49454826,1.0241113,0.094599485,0.094599485,1.0,8.958137e-12,9.469541e-11,-27.416101,2.25309,0.75102997,0.192,0.0,0.15538526,14.7801485,14.800149,2371200
hardzero_plus_depr__c0p54__z1p10__lam0p020__nu0p50__psi1p25,hardzero_plus_depr,0.01,38,741,0.0,1,0.49454826,0.49454826,1.0591244,0.08727214,0.08727214,1.0,8.060213e-12,9.235723e-11,-27.703632,2.33012,0.7767067,0.089999996,0.0,0.15494753,14.800149,14.820149,2374400
hardzero_plus_depr__c0p54__z1p10__lam0p020__nu0p50__psi1p25,hardzero_plus_depr,0.01,38,742,0.0,1,0.49454826,0.49454826,0.98221856,0.10417931,0.10417931,1.0,9.384155e-12,9.007696e-11,-27.435455,2.160924,0.720308,0.15200001,0.0,0.14229256,14.820149,14.84015,2377600
hardzero_plus_depr__c0p54__z1p10__lam0p020__nu0p50__psi1p25,hardzero_plus_depr,0.01,38,743,0.0,1,0.49454826,0.49454826,1.0363625,0.09196815,0.09196815,1.0,8.079661e-12,8.7852815e-11,-27.863503,2.2800431,0.7600144,0.16000001,0.0,0.14782718,14.84015,14.86015,2380800
hardzero_plus_depr__c0p54__z1p10__lam0p020__nu0p50__psi1p25,hardzero_plus_depr,0.01,38,744,0.0,1,0.49454826,0.49454826,1.1045699,0.0,0.07860137,0.0,0.0,8.568375e-11,-28.844603,2.4301023,0.81003416,0.16000001,0.0,0.1877009,14.86015,14.880151,2384000
hardzero_plus_depr__c0p54__z1p10__lam0p020__nu0p50__psi1p25,hardzero_plus_depr,0.01,38,745,0.0,1,0.49454826,0.49454826,1.103509,0.0,0.078793615,0.0,0.0,8.356808e-11,-28.564775,2.4277682,0.8092561,0.128,0.0,0.17364979,14.880151,14.900151,2387200
hardzero_plus_depr__c0p54__z1p10__lam0p020__nu0p50__psi1p25,hardzero_plus_depr,0.01,38,746,0.0,1,0.49454826,0.49454826,0.9778244,0.10523872,0.10523872,1.0,8.577462e-12,8.150481e-11,-26.318739,2.1512566,0.71708554,0.16800001,0.0,0.15581656,14.900151,14.920152,2390400
hardzero_plus_depr__c0p54__z1p10__lam0p020__nu0p50__psi1p25,hardzero_plus_depr,0.01,38,747,0.0,1,0.49454826,0.49454826,0.9991618,0.10019319,0.10019319,1.0,7.96459e-12,7.949233e-11,-26.403063,2.1981997,0.73273325,0.192,0.0,0.14986254,14.920152,14.940152,2393600
hardzero_plus_depr__c0p54__z1p10__lam0p020__nu0p50__psi1p25,hardzero_plus_depr,0.01,38,748,0.0,1,0.49454826,0.49454826,0.98738486,0.10294734,0.10294734,1.0,7.981476e-12,7.752969e-11,-26.66553,2.17229,0.7240967,0.18400002,0.0,0.15358005,14.940152,14.960153,2396800
hardzero_plus_depr__c0p54__z1p10__lam0p020__nu0p50__psi1p25,hardzero_plus_depr,0.01,38,749,0.0,1,0.49454826,0.49454826,0.9812539,0.10441096,0.10441096,1.0,7.895072e-12,7.5615354e-11,-26.375828,2.1588018,0.7196006,0.16800001,0.0,0.14958225,14.960153,14.980153,2400000
hardzero_plus_depr__c0p54__z1p10__lam0p020__nu0p50__psi1p25,hardzero_plus_depr,0.01,38,750,0.0,1,0.49454826,0.49454826,0.97497654,0.10593109,0.10593109,1.0,7.812253e-12,7.374844e-11,-26.660242,2.1449912,0.71499705,0.16000001,0.0,0.14397898,14.980153,15.000154,2403200
hardzero_plus_depr__c0p54__z1p10__lam0p020__nu0p50__psi1p25,hardzero_plus_depr,0.01,38,751,0.0,1,0.49454826,0.49454826,1.0047855,0.09890415,0.09890415,1.0,7.1139253e-12,7.192747e-11,-26.87597,2.2105722,0.7368574,0.14400001,0.0,0.15572762,15.000154,15.020154,2406400
hardzero_plus_depr__c0p54__z1p10__lam0p020__nu0p50__psi1p25,hardzero_plus_depr,0.01,38,752,0.0,1,0.49454826,0.49454826,1.0398911,0.09122395,0.09122395,1.0,6.3995064e-12,7.015161e-11,-27.25336,2.2878063,0.7626021,0.24000001,0.0,0.17364681,15.020154,15.040154,2409600
hardzero_plus_depr__c0p54__z1p10__lam0p020__nu0p50__psi1p25,hardzero_plus_depr,0.01,38,753,0.0,1,0.49454826,0.49454826,1.0313563,0.093034424,0.093034424,1.0,6.3653635e-12,6.8419444e-11,-27.483765,2.2690291,0.75634307,0.128,0.0,0.16217709,15.040154,15.060155,2412800
hardzero_plus_depr__c0p54__z1p10__lam0p020__nu0p50__psi1p25,hardzero_plus_depr,0.01,38,754,0.0,1,0.49454826,0.49454826,1.1027349,0.0,0.07893418,0.0,0.0,6.67302e-11,-28.673056,2.4260652,0.8086884,0.089999996,0.0,0.17797945,15.060155,15.080155,2416000
hardzero_plus_depr__c0p54__z1p10__lam0p020__nu0p50__psi1p25,hardzero_plus_depr,0.01,38,755,0.0,1,0.49454826,0.49454826,0.99169075,0.1019317,0.1019317,1.0,6.633972e-12,6.508252e-11,-26.75038,2.1817632,0.7272544,0.14400001,0.0,0.14904037,15.080155,15.100156,2419200
hardzero_plus_depr__c0p54__z1p10__lam0p020__nu0p50__psi1p25,hardzero_plus_depr,0.01,38,756,0.0,1,0.49454826,0.49454826,1.0201488,0.09546656,0.09546656,1.0,6.059802e-12,6.347565e-11,-26.980314,2.2443721,0.74812406,0.2,0.0,0.165554,15.100156,15.120156,2422400
hardzero_plus_depr__c0p54__z1p10__lam0p020__nu0p50__psi1p25,hardzero_plus_depr,0.01,38,757,0.0,1,0.49454826,0.49454826,1.0045224,0.09896406,0.09896406,1.0,6.1267e-12,6.190833e-11,-26.291824,2.2099936,0.73666453,0.208,0.0,0.13473183,15.120156,15.140157,2425600
hardzero_plus_depr__c0p54__z1p10__lam0p020__nu0p50__psi1p25,hardzero_plus_depr,0.01,38,758,0.0,1,0.49454826,0.49454826,1.0613846,0.08681913,0.08681913,1.0,5.242125e-12,6.037984e-11,-26.562166,2.3350928,0.7783643,0.112,0.0,0.17169032,15.140157,15.160157,2428800
hardzero_plus_depr__c0p54__z1p10__lam0p020__nu0p50__psi1p25,hardzero_plus_depr,0.01,38,759,0.0,1,0.49454826,0.49454826,1.0115013,0.09738647,0.09738647,1.0,5.7349884e-12,5.888896e-11,-26.25665,2.2253473,0.7417824,0.15200001,0.0,0.14124669,15.160157,15.180158,2432000
hardzero_plus_depr__c0p54__z1p10__lam0p020__nu0p50__psi1p25,hardzero_plus_depr,0.01,38,760,0.0,1,0.49454826,0.49454826,1.0415056,0.09088546,0.09088546,1.0,5.2200076e-12,5.743501e-11,-27.865967,2.291358,0.763786,0.120000005,0.0,0.17434555,15.180158,15.200158,2435200
hardzero_plus_depr__c0p54__z1p10__lam0p020__nu0p50__psi1p25,hardzero_plus_depr,0.01,38,761,0.0,1,0.49454826,0.49454826,1.0437276,0.09042164,0.09042164,1.0,5.0651354e-12,5.601685e-11,-27.340767,2.2962468,0.7654156,0.136,0.0,0.1737643,15.200158,15.220159,2438400
hardzero_plus_depr__c0p54__z1p10__lam0p020__nu0p50__psi1p25,hardzero_plus_depr,0.01,38,762,0.0,1,0.49454826,0.49454826,1.0455161,0.090050034,0.090050034,1.0,4.9197764e-12,5.463381e-11,-26.74082,2.3001814,0.76672715,0.16800001,0.0,0.14706233,15.220159,15.240159,2441600
hardzero_plus_depr__c0p54__z1p10__lam0p020__nu0p50__psi1p25,hardzero_plus_depr,0.01,38,763,0.0,1,0.49454826,0.49454826,1.0350337,0.09224999,0.09224999,1.0,4.9155237e-12,5.3284814e-11,-27.174505,2.2771196,0.7590399,0.18400002,0.008,0.15239652,15.240159,15.2601595,2444800
hardzero_plus_depr__c0p54__z1p10__lam0p020__nu0p50__psi1p25,hardzero_plus_depr,0.01,38,764,0.0,1,0.49454826,0.49454826,1.0749122,0.08415652,0.08415652,1.0,4.3735493e-12,5.1969228e-11,-28.604187,2.364854,0.7882847,0.14400001,0.0,0.180178,15.2601595,15.28016,2448000
hardzero_plus_depr__c0p54__z1p10__lam0p020__nu0p50__psi1p25,hardzero_plus_depr,0.01,38,765,0.0,1,0.49454826,0.49454826,1.0913985,0.081021726,0.081021726,1.0,4.1066694e-12,5.068603e-11,-28.050121,2.4011245,0.80037487,0.120000005,0.0,0.16627541,15.28016,15.30016,2451200
hardzero_plus_depr__c0p54__z1p10__lam0p020__nu0p50__psi1p25,hardzero_plus_depr,0.01,38,766,0.0,1,0.49454826,0.49454826,0.9989541,0.10024112,0.10024112,1.0,4.95538e-12,4.9434602e-11,-26.407953,2.197743,0.732581,0.104,0.0,0.13292027,15.30016,15.320161,2454400
hardzero_plus_depr__c0p54__z1p10__lam0p020__nu0p50__psi1p25,hardzero_plus_depr,0.01,38,767,0.0,1,0.49454826,0.49454826,1.0432187,0.09052766,0.09052766,1.0,4.3646996e-12,4.821399e-11,-28.010542,2.2951272,0.7650424,0.16,0.01,0.17463194,15.320161,15.340161,2457600
hardzero_plus_depr__c0p54__z1p10__lam0p020__nu0p50__psi1p25,hardzero_plus_depr,0.01,38,768,0.0,1,0.49454826,0.49454826,1.0337216,0.09252912,0.09252912,1.0,4.351052e-12,4.7023597e-11,-26.895174,2.2742329,0.7580776,0.18400002,0.0,0.1587049,15.340161,15.360162,2460800
hardzero_plus_depr__c0p54__z1p10__lam0p020__nu0p50__psi1p25,hardzero_plus_depr,0.01,38,769,0.0,1,0.49454826,0.49454826,1.0648791,0.086123355,0.086123355,1.0,3.949833e-12,4.5862508e-11,-28.251732,2.3427808,0.78092694,0.08800001,0.0,0.18370426,15.360162,15.380162,2464000
hardzero_plus_depr__c0p54__z1p10__lam0p020__nu0p50__psi1p25,hardzero_plus_depr,0.01,38,770,0.0,1,0.49454826,0.49454826,1.0770104,0.08375091,0.08375091,1.0,3.746193e-12,4.4730178e-11,-27.127996,2.3694701,0.7898234,0.096,0.0,0.17620756,15.380162,15.400163,2467200
hardzero_plus_depr__c0p54__z1p10__lam0p020__nu0p50__psi1p25,hardzero_plus_depr,0.01,38,771,0.0,1,0.49454826,0.49454826,1.0647311,0.08615271,0.08615271,1.0,3.7584736e-12,4.3625714e-11,-27.724443,2.3424551,0.7808184,0.16800001,0.0,0.16952765,15.400163,15.420163,2470400
hardzero_plus_depr__c0p54__z1p10__lam0p020__nu0p50__psi1p25,hardzero_plus_depr,0.01,38,772,0.0,1,0.49454826,0.49454826,1.0037222,0.0991466,0.0991466,1.0,4.2185496e-12,4.2548607e-11,-27.362474,2.2082329,0.73607767,0.128,0.0,0.15619414,15.420163,15.440164,2473600
hardzero_plus_depr__c0p54__z1p10__lam0p020__nu0p50__psi1p25,hardzero_plus_depr,0.01,38,773,0.0,1,0.49454826,0.49454826,1.0509973,0.088920675,0.088920675,1.0,3.690032e-12,4.1498017e-11,-27.111435,2.3122401,0.7707467,0.15200001,0.0,0.1584275,15.440164,15.460164,2476800
hardzero_plus_depr__c0p54__z1p10__lam0p020__nu0p50__psi1p25,hardzero_plus_depr,0.01,38,774,0.0,1,0.49454826,0.49454826,1.0742193,0.0842909,0.0842909,1.0,3.4115432e-12,4.0473448e-11,-27.656189,2.3633296,0.7877766,0.120000005,0.0,0.16838695,15.460164,15.480165,2480000
hardzero_plus_depr__c0p54__z1p10__lam0p020__nu0p50__psi1p25,hardzero_plus_depr,0.01,38,775,0.0,1,0.49454826,0.49454826,1.0414491,0.09089729,0.09089729,1.0,3.5880882e-12,3.9474094e-11,-27.711689,2.2912338,0.7637446,0.15200001,0.0,0.17198665,15.480165,15.500165,2483200
hardzero_plus_depr__c0p54__z1p10__lam0p020__nu0p50__psi1p25,hardzero_plus_depr,0.01,38,776,0.0,1,0.49454826,0.49454826,1.0358413,0.0920786,0.0920786,1.0,3.5449788e-12,3.849949e-11,-27.324244,2.2788966,0.75963223,0.15200001,0.0,0.15743521,15.500165,15.520165,2486400
hardzero_plus_depr__c0p54__z1p10__lam0p020__nu0p50__psi1p25,hardzero_plus_depr,0.01,38,777,0.0,1,0.49454826,0.49454826,1.0612341,0.08684921,0.08684921,1.0,3.2610902e-12,3.7548874e-11,-27.85604,2.3347616,0.7782539,0.120000005,0.0,0.18296331,15.520165,15.540166,2489600
hardzero_plus_depr__c0p54__z1p10__lam0p020__nu0p50__psi1p25,hardzero_plus_depr,0.01,38,778,0.0,1,0.49454826,0.49454826,1.0097041,0.097790316,0.097790316,1.0,3.581258e-12,3.6621806e-11,-27.265203,2.2213933,0.74046445,0.16800001,0.0,0.16479638,15.540166,15.560166,2492800
hardzero_plus_depr__c0p54__z1p10__lam0p020__nu0p50__psi1p25,hardzero_plus_depr,0.01,38,779,0.0,1,0.49454826,0.49454826,1.0751463,0.08411117,0.08411117,1.0,3.0042453e-12,3.5717554e-11,-27.37499,2.365369,0.7884564,0.128,0.0,0.14997111,15.560166,15.580167,2496000
hardzero_plus_depr__c0p54__z1p10__lam0p020__nu0p50__psi1p25,hardzero_plus_depr,0.01,38,780,0.0,1,0.49454826,0.49454826,1.0238236,0.09466215,0.09466215,1.0,3.297622e-12,3.4835697e-11,-27.78756,2.252457,0.75081897,0.16,0.0,0.14750105,15.580167,15.600167,2499200
hardzero_plus_depr__c0p54__z1p10__lam0p020__nu0p50__psi1p25,hardzero_plus_depr,0.01,38,781,0.0,1,0.49454826,0.49454826,1.01875,0.09577453,0.09577453,1.0,3.2539921e-12,3.3975548e-11,-27.081957,2.2412946,0.7470982,0.104,0.0,0.1460578,15.600167,15.620168,2502400
hardzero_plus_depr__c0p54__z1p10__lam0p020__nu0p50__psi1p25,hardzero_plus_depr,0.01,38,782,0.0,1,0.49454826,0.49454826,1.0968795,0.08000562,0.08000562,1.0,2.6511228e-12,3.3136705e-11,-28.497284,2.413183,0.80439436,0.120000005,0.0,0.172647,15.620168,15.640168,2505600
hardzero_plus_depr__c0p54__z1p10__lam0p020__nu0p50__psi1p25,hardzero_plus_depr,0.01,38,783,0.0,1,0.49454826,0.49454826,1.0064834,0.09851823,0.09851823,1.0,3.183962e-12,3.2318506e-11,-26.529186,2.2143078,0.7381026,0.14400001,0.0,0.17688093,15.640168,15.660169,2508800
hardzero_plus_depr__c0p54__z1p10__lam0p020__nu0p50__psi1p25,hardzero_plus_depr,0.01,38,784,0.0,1,0.49454826,0.49454826,1.0618873,0.08671869,0.08671869,1.0,2.7334226e-12,3.152057e-11,-27.534029,2.3361986,0.7787329,0.18400002,0.0,0.1732605,15.660169,15.680169,2512000
hardzero_plus_depr__c0p54__z1p10__lam0p020__nu0p50__psi1p25,hardzero_plus_depr,0.01,38,785,0.0,1,0.49454826,0.49454826,1.0932348,0.080679886,0.080679886,1.0,2.4802833e-12,3.0742277e-11,-28.471584,2.4051645,0.8017215,0.104,0.0,0.15320882,15.680169,15.70017,2515200
hardzero_plus_depr__c0p54__z1p10__lam0p020__nu0p50__psi1p25,hardzero_plus_depr,0.01,38,786,0.0,1,0.49454826,0.49454826,1.0503396,0.08905543,0.08905543,1.0,2.6701718e-12,2.998326e-11,-27.320393,2.3107932,0.7702644,0.16000001,0.0,0.1642337,15.70017,15.72017,2518400
hardzero_plus_depr__c0p54__z1p10__lam0p020__nu0p50__psi1p25,hardzero_plus_depr,0.01,38,787,0.0,1,0.49454826,0.49454826,1.0026027,0.099402495,0.099402495,1.0,2.9068195e-12,2.9242924e-11,-27.657557,2.20577,0.7352567,0.2,0.0,0.17045625,15.72017,15.7401705,2521600
hardzero_plus_depr__c0p54__z1p10__lam0p020__nu0p50__psi1p25,hardzero_plus_depr,0.01,38,788,0.0,1,0.49454826,0.49454826,1.0724351,0.08463789,0.08463789,1.0,2.413951e-12,2.8520927e-11,-27.083305,2.3594043,0.78646815,0.080000006,0.0,0.18871291,15.7401705,15.760171,2524800
hardzero_plus_depr__c0p54__z1p10__lam0p020__nu0p50__psi1p25,hardzero_plus_depr,0.01,38,789,0.0,1,0.49454826,0.49454826,0.99104464,0.10208346,0.10208346,1.0,2.8396248e-12,2.7816699e-11,-26.668304,2.1803417,0.7267806,0.192,0.008,0.17652614,15.760171,15.780171,2528000
hardzero_plus_depr__c0p54__z1p10__lam0p020__nu0p50__psi1p25,hardzero_plus_depr,0.01,38,790,0.0,1,0.49454826,0.49454826,1.0482109,0.089493014,0.089493014,1.0,2.4279376e-12,2.7129913e-11,-27.616001,2.30611,0.76870334,0.18400002,0.0,0.17235398,15.780171,15.800172,2531200
hardzero_plus_depr__c0p54__z1p10__lam0p020__nu0p50__psi1p25,hardzero_plus_depr,0.01,38,791,0.0,1,0.49454826,0.49454826,1.0487539,0.089381196,0.089381196,1.0,2.3650294e-12,2.6460034e-11,-27.171629,2.3073046,0.76910156,0.192,0.0,0.16079096,15.800172,15.820172,2534400
hardzero_plus_depr__c0p54__z1p10__lam0p020__nu0p50__psi1p25,hardzero_plus_depr,0.01,38,792,0.0,1,0.49454826,0.49454826,1.0419439,0.09079378,0.09079378,1.0,2.3430914e-12,2.580674e-11,-28.12533,2.2923224,0.76410747,0.18400002,0.0,0.13177224,15.820172,15.840173,2537600
hardzero_plus_depr__c0p54__z1p10__lam0p020__nu0p50__psi1p25,hardzero_plus_depr,0.01,38,793,0.0,1,0.49454826,0.49454826,1.0175023,0.09605007,0.09605007,1.0,2.4175354e-12,2.5169533e-11,-26.5272,2.2385497,0.7461833,0.12,0.0,0.15051827,15.840173,15.860173,2540800
hardzero_plus_depr__c0p54__z1p10__lam0p020__nu0p50__psi1p25,hardzero_plus_depr,0.01,38,794,0.0,1,0.49454826,0.49454826,1.0752281,0.08409533,0.08409533,1.0,2.0643808e-12,2.4548103e-11,-28.3037,2.365549,0.7885164,0.080000006,0.0,0.17481163,15.860173,15.880174,2544000
hardzero_plus_depr__c0p54__z1p10__lam0p020__nu0p50__psi1p25,hardzero_plus_depr,0.01,38,795,0.0,1,0.49454826,0.49454826,1.024238,0.09457188,0.09457188,1.0,2.2642372e-12,2.3941972e-11,-27.010214,2.2533686,0.7511229,0.17600001,0.0,0.14887215,15.880174,15.900174,2547200
hardzero_plus_depr__c0p54__z1p10__lam0p020__nu0p50__psi1p25,hardzero_plus_depr,0.01,38,796,0.0,1,0.49454826,0.49454826,1.0429274,0.0905884,0.0905884,1.0,2.1153164e-12,2.3350853e-11,-26.785187,2.294486,0.7648287,0.192,0.0,0.16317636,15.900174,15.920175,2550400
hardzero_plus_depr__c0p54__z1p10__lam0p020__nu0p50__psi1p25,hardzero_plus_depr,0.01,38,797,0.0,1,0.49454826,0.49454826,1.0523605,0.08864197,0.08864197,1.0,2.0187573e-12,2.2774284e-11,-28.173286,2.3152394,0.7717465,0.16000001,0.0,0.1728259,15.920175,15.940175,2553600
hardzero_plus_depr__c0p54__z1p10__lam0p020__nu0p50__psi1p25,hardzero_plus_depr,0.01,38,798,0.0,1,0.49454826,0.49454826,1.0055466,0.09873098,0.09873098,1.0,2.1930116e-12,2.2211991e-11,-26.896965,2.2122467,0.73741555,0.15200001,0.0,0.15521048,15.940175,15.9601755,2556800
hardzero_plus_depr__c0p54__z1p10__lam0p020__nu0p50__psi1p25,hardzero_plus_depr,0.01,38,799,0.0,1,0.49454826,0.49454826,1.0564108,0.08781914,0.08781914,1.0,1.9024738e-12,2.1663544e-11,-27.373487,2.32415,0.77471673,0.128,0.0,0.1806793,15.9601755,15.980176,2560000
hardzero_plus_depr__c0p54__z1p10__lam0p020__nu0p50__psi1p25,hardzero_plus_depr,0.01,38,800,0.0,1,0.49454826,0.49454826,1.0018375,0.0995778,0.0995778,1.0,2.1039472e-12,2.1128677e-11,-26.37371,2.2040865,0.73469555,0.15200001,0.0,0.1493155,15.980176,16.000175,2563200
hardzero_plus_depr__c0p54__z1p10__lam0p020__nu0p50__psi1p25,hardzero_plus_depr,0.01,38,801,0.0,1,0.49454826,0.49454826,1.0311675,0.09307487,0.09307487,1.0,1.9179955e-12,2.0607016e-11,-28.038116,2.2686138,0.7562046,0.120000005,0.0,0.17170668,16.000175,16.020176,2566400
hardzero_plus_depr__c0p54__z1p10__lam0p020__nu0p50__psi1p25,hardzero_plus_depr,0.01,38,802,0.0,1,0.49454826,0.49454826,1.0597383,0.08714885,0.08714885,1.0,1.751538e-12,2.0098234e-11,-27.927681,2.3314707,0.77715695,0.128,0.0,0.18035474,16.020176,16.040176,2569600
hardzero_plus_depr__c0p54__z1p10__lam0p020__nu0p50__psi1p25,hardzero_plus_depr,0.01,38,803,0.0,1,0.49454826,0.49454826,1.0412654,0.090935744,0.090935744,1.0,1.7825204e-12,1.9601978e-11,-27.355703,2.2908297,0.7636099,0.128,0.0,0.14536117,16.040176,16.060177,2572800
hardzero_plus_depr__c0p54__z1p10__lam0p020__nu0p50__psi1p25,hardzero_plus_depr,0.01,38,804,0.0,1,0.49454826,0.49454826,1.0303977,0.09324001,0.09324001,1.0,1.7825599e-12,1.9117973e-11,-27.670387,2.26692,0.75564003,0.16000001,0.0,0.17261402,16.060177,16.080177,2576000
hardzero_plus_depr__c0p54__z1p10__lam0p020__nu0p50__psi1p25,hardzero_plus_depr,0.01,38,805,0.0,1,0.49454826,0.49454826,1.0525932,0.088594496,0.088594496,1.0,1.6519291e-12,1.8645956e-11,-28.13592,2.3157513,0.7719171,0.096,0.0,0.16854447,16.080177,16.100178,2579200
hardzero_plus_depr__c0p54__z1p10__lam0p020__nu0p50__psi1p25,hardzero_plus_depr,0.01,38,806,0.0,1,0.49454826,0.49454826,1.0562711,0.0878474,0.0878474,1.0,1.5975569e-12,1.8185592e-11,-27.157743,2.3238428,0.7746143,0.13,0.0,0.18543679,16.100178,16.120178,2582400
hardzero_plus_depr__c0p54__z1p10__lam0p020__nu0p50__psi1p25,hardzero_plus_depr,0.01,38,807,0.0,1,0.49454826,0.49454826,1.0332986,0.092619285,0.092619285,1.0,1.6427477e-12,1.7736562e-11,-26.996117,2.2733023,0.75776744,0.2,0.0,0.15561199,16.120178,16.140179,2585600
hardzero_plus_depr__c0p54__z1p10__lam0p020__nu0p50__psi1p25,hardzero_plus_depr,0.01,38,808,0.0,1,0.49454826,0.49454826,1.0128804,0.09707772,0.09707772,1.0,1.6793103e-12,1.7298617e-11,-27.625761,2.2283814,0.7427938,0.15200001,0.0,0.1632966,16.140179,16.16018,2588800
hardzero_plus_depr__c0p54__z1p10__lam0p020__nu0p50__psi1p25,hardzero_plus_depr,0.01,38,809,0.0,1,0.49454826,0.49454826,1.0968299,0.08001476,0.08001476,1.0,1.3499706e-12,1.687152e-11,-29.077139,2.413074,0.804358,0.16000001,0.0,0.19395442,16.16018,16.18018,2592000
hardzero_plus_depr__c0p54__z1p10__lam0p020__nu0p50__psi1p25,hardzero_plus_depr,0.01,38,810,0.0,1,0.49454826,0.49454826,1.0851544,0.08219504,0.08219504,1.0,1.3525166e-12,1.6454966e-11,-27.765934,2.3873873,0.7957958,0.16800001,0.0,0.17577444,16.18018,16.20018,2595200
hardzero_plus_depr__c0p54__z1p10__lam0p020__nu0p50__psi1p25,hardzero_plus_depr,0.01,38,811,0.0,1,0.49454826,0.49454826,1.1108505,0.0,0.07747285,0.0,0.0,1.6048668e-11,-28.50935,2.44392,0.81464,0.17600001,0.0,0.185115,16.20018,16.22018,2598400
hardzero_plus_depr__c0p54__z1p10__lam0p020__nu0p50__psi1p25,hardzero_plus_depr,0.01,38,812,0.0,1,0.49454826,0.49454826,0.99027425,0.102264695,0.102264695,1.0,1.6006879e-12,1.56524e-11,-26.311068,2.1786468,0.7262156,0.15200001,0.0,0.13885158,16.22018,16.240181,2601600
hardzero_plus_depr__c0p54__z1p10__lam0p020__nu0p50__psi1p25,hardzero_plus_depr,0.01,38,813,0.0,1,0.49454826,0.49454826,0.98922414,0.102512285,0.102512285,1.0,1.5649473e-12,1.5265948e-11,-26.236893,2.1763365,0.7254455,0.17600001,0.0,0.15397911,16.240181,16.260181,2604800
hardzero_plus_depr__c0p54__z1p10__lam0p020__nu0p50__psi1p25,hardzero_plus_depr,0.01,38,814,0.0,1,0.49454826,0.49454826,0.9596529,0.10973548,0.10973548,1.0,1.6338554e-12,1.4889034e-11,-26.292356,2.1112785,0.70375955,0.14400001,0.0,0.13371842,16.260181,16.280182,2608000
hardzero_plus_depr__c0p54__z1p10__lam0p020__nu0p50__psi1p25,hardzero_plus_depr,0.01,38,815,0.0,1,0.49454826,0.49454826,0.98442173,0.103652135,0.103652135,1.0,1.5051742e-12,1.45214014e-11,-27.1679,2.165771,0.7219237,0.208,0.0,0.15350302,16.280182,16.300182,2611200
hardzero_plus_depr__c0p54__z1p10__lam0p020__nu0p50__psi1p25,hardzero_plus_depr,0.01,38,816,0.0,1,0.49454826,0.49454826,0.99222606,0.101806134,0.101806134,1.0,1.4418645e-12,1.4162845e-11,-26.603086,2.182941,0.727647,0.112,0.0,0.13316543,16.300182,16.320183,2614400
hardzero_plus_depr__c0p54__z1p10__lam0p020__nu0p50__psi1p25,hardzero_plus_depr,0.01,38,817,0.0,1,0.49454826,0.49454826,1.0188686,0.09574837,0.09574837,1.0,1.3225885e-12,1.3813169e-11,-27.587284,2.2415557,0.74718523,0.136,0.0,0.15177378,16.320183,16.340183,2617600
hardzero_plus_depr__c0p54__z1p10__lam0p020__nu0p50__psi1p25,hardzero_plus_depr,0.01,38,818,0.0,1,0.49454826,0.49454826,1.0157559,0.09643709,0.09643709,1.0,1.2992126e-12,1.3472125e-11,-27.036613,2.2347076,0.74490255,0.14400001,0.0,0.13927808,16.340183,16.360184,2620800
hardzero_plus_depr__c0p54__z1p10__lam0p020__nu0p50__psi1p25,hardzero_plus_depr,0.01,38,819,0.0,1,0.49454826,0.49454826,1.011261,0.09744038,0.09744038,1.0,1.2803157e-12,1.3139478e-11,-27.16272,2.2248185,0.7416062,0.16,0.0,0.16162635,16.360184,16.380184,2624000
hardzero_plus_depr__c0p54__z1p10__lam0p020__nu0p50__psi1p25,hardzero_plus_depr,0.01,38,820,0.0,1,0.49454826,0.49454826,1.036574,0.091923386,0.091923386,1.0,1.1780021e-12,1.2815043e-11,-27.68075,2.2805083,0.76016945,0.112,0.0,0.16338608,16.380184,16.400185,2627200
hardzero_plus_depr__c0p54__z1p10__lam0p020__nu0p50__psi1p25,hardzero_plus_depr,0.01,38,821,0.0,1,0.49454826,0.49454826,1.0350751,0.09224119,0.09224119,1.0,1.1528898e-12,1.24986445e-11,-27.540958,2.2772107,0.7590703,0.120000005,0.0,0.16932863,16.400185,16.420185,2630400
hardzero_plus_depr__c0p54__z1p10__lam0p020__nu0p50__psi1p25,hardzero_plus_depr,0.01,38,822,0.0,1,0.49454826,0.49454826,1.0962548,0.08012078,0.08012078,1.0,9.766767e-13,1.2190055e-11,-27.728495,2.4118087,0.80393624,0.120000005,0.0,0.17400679,16.420185,16.440186,2633600
hardzero_plus_depr__c0p54__z1p10__lam0p020__nu0p50__psi1p25,hardzero_plus_depr,0.01,38,823,0.0,1,0.49454826,0.49454826,1.0090503,0.09793766,0.09793766,1.0,1.1643871e-12,1.18890635e-11,-27.26383,2.219955,0.739985,0.18400002,0.0,0.14530213,16.440186,16.460186,2636800
hardzero_plus_depr__c0p54__z1p10__lam0p020__nu0p50__psi1p25,hardzero_plus_depr,0.01,38,824,0.0,1,0.49454826,0.49454826,1.0179789,0.09594471,0.09594471,1.0,1.1125272e-12,1.1595503e-11,-27.540403,2.2395983,0.7465328,0.15200001,0.0,0.15081048,16.460186,16.480186,2640000
hardzero_plus_depr__c0p54__z1p10__lam0p020__nu0p50__psi1p25,hardzero_plus_depr,0.01,38,825,0.0,1,0.49454826,0.49454826,1.0980303,0.079793885,0.079793885,1.0,9.024062e-13,1.1309215e-11,-28.457418,2.415715,0.80523837,0.16000001,0.0,0.16943848,16.480186,16.500187,2643200
hardzero_plus_depr__c0p54__z1p10__lam0p020__nu0p50__psi1p25,hardzero_plus_depr,0.01,38,826,0.0,1,0.49454826,0.49454826,1.0554262,0.08801846,0.08801846,1.0,9.708431e-13,1.1029994e-11,-27.968756,2.321984,0.7739947,0.120000005,0.0,0.17279582,16.500187,16.520187,2646400
hardzero_plus_depr__c0p54__z1p10__lam0p020__nu0p50__psi1p25,hardzero_plus_depr,0.01,38,827,0.0,1,0.49454826,0.49454826,1.0246679,0.09447831,0.09447831,1.0,1.0163642e-12,1.0757646e-11,-27.03996,2.2543142,0.7514381,0.15200001,0.0,0.17414683,16.520187,16.540188,2649600
hardzero_plus_depr__c0p54__z1p10__lam0p020__nu0p50__psi1p25,hardzero_plus_depr,0.01,38,828,0.0,1,0.49454826,0.49454826,1.0516866,0.088779636,0.088779636,1.0,9.314779e-13,1.0492022e-11,-27.330667,2.313757,0.77125233,0.16800001,0.0,0.1642891,16.540188,16.560188,2652800
hardzero_plus_depr__c0p54__z1p10__lam0p020__nu0p50__psi1p25,hardzero_plus_depr,0.01,38,829,0.0,1,0.49454826,0.49454826,1.0695428,0.08520346,0.08520346,1.0,8.7188514e-13,1.0232978e-11,-27.976341,2.3530412,0.78434706,0.104,0.0,0.1469679,16.560188,16.580189,2656000
hardzero_plus_depr__c0p54__z1p10__lam0p020__nu0p50__psi1p25,hardzero_plus_depr,0.01,38,830,0.0,1,0.49454826,0.49454826,1.0055321,0.09873425,0.09873425,1.0,9.854001e-13,9.980327e-12,-27.99947,2.212215,0.737405,0.17600001,0.0,0.1640591,16.580189,16.60019,2659200
hardzero_plus_depr__c0p54__z1p10__lam0p020__nu0p50__psi1p25,hardzero_plus_depr,0.01,38,831,0.0,1,0.49454826,0.49454826,1.0559427,0.08791385,0.08791385,1.0,8.557444e-13,9.733898e-12,-27.935493,2.32312,0.7743734,0.120000005,0.0,0.17073661,16.60019,16.62019,2662400
hardzero_plus_depr__c0p54__z1p10__lam0p020__nu0p50__psi1p25,hardzero_plus_depr,0.01,38,832,0.0,1,0.49454826,0.49454826,1.0427706,0.0906211,0.0906211,1.0,8.6031616e-13,9.493553e-12,-27.656355,2.2941413,0.76471376,0.22999999,0.0,0.18341324,16.62019,16.64019,2665600
hardzero_plus_depr__c0p54__z1p10__lam0p020__nu0p50__psi1p25,hardzero_plus_depr,0.01,38,833,0.0,1,0.49454826,0.49454826,1.0305332,0.09321091,0.09321091,1.0,8.630547e-13,9.259159e-12,-28.375448,2.2672184,0.75573945,0.14400001,0.0,0.16988142,16.64019,16.66019,2668800
hardzero_plus_depr__c0p54__z1p10__lam0p020__nu0p50__psi1p25,hardzero_plus_depr,0.01,38,834,0.0,1,0.49454826,0.49454826,1.0389627,0.09141916,0.09141916,1.0,8.2556553e-13,9.030552e-12,-26.934595,2.2857637,0.7619213,0.17600001,0.0,0.15567511,16.66019,16.680191,2672000
hardzero_plus_depr__c0p54__z1p10__lam0p020__nu0p50__psi1p25,hardzero_plus_depr,0.01,38,835,0.0,1,0.49454826,0.49454826,1.0347745,0.092305034,0.092305034,1.0,8.129835e-13,8.807575e-12,-27.254213,2.2765493,0.7588498,0.120000005,0.0,0.17365396,16.680191,16.700191,2675200
hardzero_plus_depr__c0p54__z1p10__lam0p020__nu0p50__psi1p25,hardzero_plus_depr,0.01,38,836,0.0,1,0.49454826,0.49454826,1.0755529,0.08403245,0.08403245,1.0,7.2184733e-13,8.590102e-12,-27.928795,2.3662636,0.7887546,0.128,0.0,0.16611922,16.700191,16.720192,2678400
hardzero_plus_depr__c0p54__z1p10__lam0p020__nu0p50__psi1p25,hardzero_plus_depr,0.01,38,837,0.0,1,0.49454826,0.49454826,0.94748825,0.11285265,0.11285265,1.0,9.454811e-13,8.378014e-12,-25.958227,2.0845158,0.69483864,0.224,0.0,0.14010422,16.720192,16.740192,2681600
hardzero_plus_depr__c0p54__z1p10__lam0p020__nu0p50__psi1p25,hardzero_plus_depr,0.01,38,838,0.0,1,0.49454826,0.49454826,1.0991325,0.07959165,0.07959165,1.0,6.5035634e-13,8.171163e-12,-28.887133,2.41814,0.80604666,0.14400001,0.0,0.19529621,16.740192,16.760193,2684800
hardzero_plus_depr__c0p54__z1p10__lam0p020__nu0p50__psi1p25,hardzero_plus_depr,0.01,38,839,0.0,1,0.49454826,0.49454826,1.004066,0.09906814,0.09906814,1.0,7.895141e-13,7.969405e-12,-27.051502,2.2089894,0.7363298,0.14400001,0.0,0.16402043,16.760193,16.780193,2688000
hardzero_plus_depr__c0p54__z1p10__lam0p020__nu0p50__psi1p25,hardzero_plus_depr,0.01,38,840,0.0,1,0.49454826,0.49454826,1.0178897,0.09596443,0.09596443,1.0,7.4589575e-13,7.772627e-12,-27.278576,2.239402,0.74646735,0.192,0.0,0.15775587,16.780193,16.800194,2691200
hardzero_plus_depr__c0p54__z1p10__lam0p020__nu0p50__psi1p25,hardzero_plus_depr,0.01,38,841,0.0,1,0.49454826,0.49454826,1.077368,0.083681986,0.083681986,1.0,6.3437005e-13,7.580724e-12,-27.775698,2.370257,0.7900857,0.16000001,0.0,0.16079028,16.800194,16.820194,2694400
hardzero_plus_depr__c0p54__z1p10__lam0p020__nu0p50__psi1p25,hardzero_plus_depr,0.01,38,842,0.0,1,0.49454826,0.49454826,1.0354044,0.09217127,0.09217127,1.0,6.814736e-13,7.393558e-12,-27.18731,2.2779353,0.7593118,0.096,0.0,0.14639875,16.820194,16.840195,2697600
hardzero_plus_depr__c0p54__z1p10__lam0p020__nu0p50__psi1p25,hardzero_plus_depr,0.01,38,843,0.0,1,0.49454826,0.49454826,1.0203637,0.095419325,0.095419325,1.0,6.880687e-13,7.2109996e-12,-26.61334,2.244845,0.74828166,0.128,0.0,0.15898786,16.840195,16.860195,2700800
hardzero_plus_depr__c0p54__z1p10__lam0p020__nu0p50__psi1p25,hardzero_plus_depr,0.01,38,844,0.0,1,0.49454826,0.49454826,1.0395272,0.09130043,0.09130043,1.0,6.421112e-13,7.0329484e-12,-26.859854,2.2870054,0.7623352,0.2,0.0,0.17575736,16.860195,16.880196,2704000
hardzero_plus_depr__c0p54__z1p10__lam0p020__nu0p50__psi1p25,hardzero_plus_depr,0.01,38,845,0.0,1,0.49454826,0.49454826,1.0605718,0.08698175,0.08698175,1.0,5.9663456e-13,6.8593074e-12,-26.46872,2.3333046,0.77776825,0.17999999,0.0,0.14928843,16.880196,16.900196,2707200
hardzero_plus_depr__c0p54__z1p10__lam0p020__nu0p50__psi1p25,hardzero_plus_depr,0.01,38,846,0.0,1,0.49454826,0.49454826,1.0301983,0.093282804,0.093282804,1.0,6.240575e-13,6.6899524e-12,-27.89536,2.2664816,0.7554939,0.17600001,0.0,0.19199477,16.900196,16.920197,2710400
hardzero_plus_depr__c0p54__z1p10__lam0p020__nu0p50__psi1p25,hardzero_plus_depr,0.01,38,847,0.0,1,0.49454826,0.49454826,1.0528286,0.08854649,0.08854649,1.0,5.7774526e-13,6.5247673e-12,-27.835413,2.3162692,0.7720897,0.16800001,0.0,0.16331923,16.920197,16.940197,2713600
hardzero_plus_depr__c0p54__z1p10__lam0p020__nu0p50__psi1p25,hardzero_plus_depr,0.01,38,848,0.0,1,0.49454826,0.49454826,1.0548327,0.088138826,0.088138826,1.0,5.6088554e-13,6.36366e-12,-27.933954,2.3206782,0.77355945,0.14400001,0.008,0.18087429,16.940197,16.960197,2716800
hardzero_plus_depr__c0p54__z1p10__lam0p020__nu0p50__psi1p25,hardzero_plus_depr,0.01,38,849,0.0,1,0.49454826,0.49454826,1.0327562,0.09273502,0.09273502,1.0,5.7556396e-13,6.2065435e-12,-27.32522,2.272109,0.7573697,0.14400001,0.0,0.1391655,16.960197,16.980198,2720000
hardzero_plus_depr__c0p54__z1p10__lam0p020__nu0p50__psi1p25,hardzero_plus_depr,0.01,38,850,0.0,1,0.49454826,0.49454826,1.0372028,0.091790386,0.091790386,1.0,5.5563524e-13,6.0533054e-12,-27.86877,2.2818918,0.7606306,0.16000001,0.0,0.17698707,16.980198,17.000198,2723200
hardzero_plus_depr__c0p54__z1p10__lam0p020__nu0p50__psi1p25,hardzero_plus_depr,0.01,38,851,0.0,1,0.49454826,0.49454826,1.0039343,0.09909819,0.09909819,1.0,5.8505983e-13,5.90384e-12,-26.850777,2.2086995,0.7362332,0.15200001,0.0,0.1487652,17.000198,17.020199,2726400
hardzero_plus_depr__c0p54__z1p10__lam0p020__nu0p50__psi1p25,hardzero_plus_depr,0.01,38,852,0.0,1,0.49454826,0.49454826,1.0149544,0.09661522,0.09661522,1.0,5.5631666e-13,5.7580646e-12,-26.532549,2.2329445,0.74431485,0.16800001,0.0,0.13633743,17.020199,17.0402,2729600
hardzero_plus_depr__c0p54__z1p10__lam0p020__nu0p50__psi1p25,hardzero_plus_depr,0.01,38,853,0.0,1,0.49454826,0.49454826,1.0500072,0.08912361,0.08912361,1.0,5.0050925e-13,5.6158997e-12,-27.332125,2.310062,0.77002066,0.192,0.0,0.15259059,17.0402,17.0602,2732800
hardzero_plus_depr__c0p54__z1p10__lam0p020__nu0p50__psi1p25,hardzero_plus_depr,0.01,38,854,0.0,1,0.49454826,0.49454826,1.0352374,0.09220672,0.09220672,1.0,5.050387e-13,5.4772445e-12,-27.586466,2.2775679,0.7591893,0.192,0.0,0.17363264,17.0602,17.0802,2736000
hardzero_plus_depr__c0p54__z1p10__lam0p020__nu0p50__psi1p25,hardzero_plus_depr,0.01,38,855,0.0,1,0.49454826,0.49454826,1.0340025,0.09246927,0.09246927,1.0,4.9397113e-13,5.3420033e-12,-26.698267,2.274851,0.75828373,0.128,0.0,0.19206098,17.0802,17.1002,2739200
hardzero_plus_depr__c0p54__z1p10__lam0p020__nu0p50__psi1p25,hardzero_plus_depr,0.01,38,856,0.0,1,0.49454826,0.49454826,0.9815042,0.104350805,0.104350805,1.0,5.4367817e-13,5.2101006e-12,-26.829302,2.1593523,0.71978414,0.15200001,0.0,0.15482502,17.1002,17.120201,2742400
hardzero_plus_depr__c0p54__z1p10__lam0p020__nu0p50__psi1p25,hardzero_plus_depr,0.01,38,857,0.0,1,0.49454826,0.49454826,1.0117213,0.09733717,0.09733717,1.0,4.9461547e-13,5.081465e-12,-26.040617,2.2258313,0.7419438,0.112,0.0,0.14980374,17.120201,17.140202,2745600
hardzero_plus_depr__c0p54__z1p10__lam0p020__nu0p50__psi1p25,hardzero_plus_depr,0.01,38,858,0.0,1,0.49454826,0.49454826,1.0542039,0.08826654,0.08826654,1.0,4.3744937e-13,4.956005e-12,-27.812592,2.3192947,0.77309823,0.099999994,0.0,0.17169218,17.140202,17.160202,2748800
hardzero_plus_depr__c0p54__z1p10__lam0p020__nu0p50__psi1p25,hardzero_plus_depr,0.01,38,859,0.0,1,0.49454826,0.49454826,1.024296,0.09455923,0.09455923,1.0,4.5706456e-13,4.8336326e-12,-27.129078,2.2534962,0.7511654,0.16800001,0.0,0.17826445,17.160202,17.180202,2752000
hardzero_plus_depr__c0p54__z1p10__lam0p020__nu0p50__psi1p25,hardzero_plus_depr,0.01,38,860,0.0,1,0.49454826,0.49454826,1.0002009,0.099953756,0.099953756,1.0,4.7121026e-13,4.714283e-12,-26.715633,2.200486,0.73349535,0.17600001,0.0,0.14450635,17.180202,17.200203,2755200
hardzero_plus_depr__c0p54__z1p10__lam0p020__nu0p50__psi1p25,hardzero_plus_depr,0.01,38,861,0.0,1,0.49454826,0.49454826,1.0891129,0.081449255,0.081449255,1.0,3.7449462e-13,4.597889e-12,-27.993076,2.3960962,0.7986988,0.120000005,0.0,0.19026068,17.200203,17.220203,2758400
hardzero_plus_depr__c0p54__z1p10__lam0p020__nu0p50__psi1p25,hardzero_plus_depr,0.01,38,862,0.0,1,0.49454826,0.49454826,1.026905,0.0939929,0.0939929,1.0,4.2149875e-13,4.484368e-12,-27.31042,2.259236,0.7530787,0.16000001,0.0,0.19490594,17.220203,17.240204,2761600
hardzero_plus_depr__c0p54__z1p10__lam0p020__nu0p50__psi1p25,hardzero_plus_depr,0.01,38,863,0.0,1,0.49454826,0.49454826,1.0434756,0.09047413,0.09047413,1.0,3.9570146e-13,4.373642e-12,-28.621439,2.2956922,0.7652308,0.15200001,0.0,0.16720675,17.240204,17.260204,2764800
hardzero_plus_depr__c0p54__z1p10__lam0p020__nu0p50__psi1p25,hardzero_plus_depr,0.01,38,864,0.0,1,0.49454826,0.49454826,1.0493091,0.089266986,0.089266986,1.0,3.807817e-13,4.26565e-12,-28.517818,2.3085263,0.7695088,0.072000004,0.0,0.15040387,17.260204,17.280205,2768000
hardzero_plus_depr__c0p54__z1p10__lam0p020__nu0p50__psi1p25,hardzero_plus_depr,0.01,38,865,0.0,1,0.49454826,0.49454826,0.9909947,0.102095194,0.102095194,1.0,4.2474997e-13,4.1603327e-12,-26.403091,2.1802318,0.72674394,0.208,0.0,0.13882941,17.280205,17.300205,2771200
hardzero_plus_depr__c0p54__z1p10__lam0p020__nu0p50__psi1p25,hardzero_plus_depr,0.01,38,866,0.0,1,0.49454826,0.49454826,0.9975081,0.10057542,0.10057542,1.0,4.0809633e-13,4.057615e-12,-26.558805,2.1945617,0.7315206,0.208,0.008,0.17396025,17.300205,17.320206,2774400
hardzero_plus_depr__c0p54__z1p10__lam0p020__nu0p50__psi1p25,hardzero_plus_depr,0.01,38,867,0.0,1,0.49454826,0.49454826,1.0447899,0.090200745,0.090200745,1.0,3.569628e-13,3.9574264e-12,-27.136702,2.2985837,0.7661946,0.16000001,0.0,0.15211824,17.320206,17.340206,2777600
hardzero_plus_depr__c0p54__z1p10__lam0p020__nu0p50__psi1p25,hardzero_plus_depr,0.01,38,868,0.0,1,0.49454826,0.49454826,1.0169394,0.09617465,0.09617465,1.0,3.7120632e-13,3.8597107e-12,-27.043,2.2373114,0.74577045,0.14400001,0.0,0.14119728,17.340206,17.360207,2780800
hardzero_plus_depr__c0p54__z1p10__lam0p020__nu0p50__psi1p25,hardzero_plus_depr,0.01,38,869,0.0,1,0.49454826,0.49454826,1.0208577,0.095310844,0.095310844,1.0,3.5878966e-13,3.764416e-12,-27.196392,2.2459319,0.748644,0.16800001,0.0,0.14032881,17.360207,17.380207,2784000
hardzero_plus_depr__c0p54__z1p10__lam0p020__nu0p50__psi1p25,hardzero_plus_depr,0.01,38,870,0.0,1,0.49454826,0.49454826,1.043743,0.09041843,0.09041843,1.0,3.3196885e-13,3.6714733e-12,-27.7759,2.2962804,0.7654268,0.14400001,0.0,0.16446155,17.380207,17.400208,2787200
hardzero_plus_depr__c0p54__z1p10__lam0p020__nu0p50__psi1p25,hardzero_plus_depr,0.01,38,871,0.0,1,0.49454826,0.49454826,1.0279824,0.09376002,0.09376002,1.0,3.3573768e-13,3.5808192e-12,-27.33889,2.2616065,0.7538688,0.14,0.0,0.164229,17.400208,17.420208,2790400
hardzero_plus_depr__c0p54__z1p10__lam0p020__nu0p50__psi1p25,hardzero_plus_depr,0.01,38,872,0.0,1,0.49454826,0.49454826,1.0600169,0.08709298,0.08709298,1.0,3.0416376e-13,3.4924028e-12,-29.056639,2.3320837,0.7773613,0.104,0.0,0.17121023,17.420208,17.440208,2793600
hardzero_plus_depr__c0p54__z1p10__lam0p020__nu0p50__psi1p25,hardzero_plus_depr,0.01,38,873,0.0,1,0.49454826,0.49454826,1.0395826,0.09128877,0.09128877,1.0,3.1094563e-13,3.4061764e-12,-27.168694,2.2871275,0.76237583,0.208,0.0,0.18698484,17.440208,17.460209,2796800
hardzero_plus_depr__c0p54__z1p10__lam0p020__nu0p50__psi1p25,hardzero_plus_depr,0.01,38,874,0.0,1,0.49454826,0.49454826,1.075721,0.08399994,0.08399994,1.0,2.7905442e-13,3.322079e-12,-28.523079,2.3666334,0.78887784,0.112,0.0,0.16131268,17.460209,17.48021,2800000
hardzero_plus_depr__c0p54__z1p10__lam0p020__nu0p50__psi1p25,hardzero_plus_depr,0.01,38,875,0.0,1,0.49454826,0.49454826,1.0401415,0.09117138,0.09117138,1.0,2.9539996e-13,3.2400515e-12,-27.32684,2.2883568,0.7627856,0.15200001,0.0,0.16879293,17.48021,17.50021,2803200
hardzero_plus_depr__c0p54__z1p10__lam0p020__nu0p50__psi1p25,hardzero_plus_depr,0.01,38,876,0.0,1,0.49454826,0.49454826,1.0678633,0.085533574,0.085533574,1.0,2.7029033e-13,3.1600495e-12,-28.394426,2.3493464,0.7831155,0.16800001,0.0,0.17377095,17.50021,17.52021,2806400
hardzero_plus_depr__c0p54__z1p10__lam0p020__nu0p50__psi1p25,hardzero_plus_depr,0.01,38,877,0.0,1,0.49454826,0.49454826,1.0074292,0.09830389,0.09830389,1.0,3.0297545e-13,3.082029e-12,-26.827166,2.2163887,0.73879623,0.16000001,0.0,0.1794812,17.52021,17.54021,2809600
hardzero_plus_depr__c0p54__z1p10__lam0p020__nu0p50__psi1p25,hardzero_plus_depr,0.01,38,878,0.0,1,0.49454826,0.49454826,1.0717744,0.084766775,0.084766775,1.0,2.5480337e-13,3.0059343e-12,-28.509277,2.3579507,0.78598356,0.15200001,0.0,0.16895595,17.54021,17.560211,2812800
hardzero_plus_depr__c0p54__z1p10__lam0p020__nu0p50__psi1p25,hardzero_plus_depr,0.01,38,879,0.0,1,0.49454826,0.49454826,1.0574468,0.08760989,0.08760989,1.0,2.5684706e-13,2.931713e-12,-28.259892,2.3264294,0.77547646,0.16000001,0.0,0.18229605,17.560211,17.580212,2816000
hardzero_plus_depr__c0p54__z1p10__lam0p020__nu0p50__psi1p25,hardzero_plus_depr,0.01,38,880,0.0,1,0.49454826,0.49454826,1.0391026,0.091389745,0.091389745,1.0,2.6131292e-13,2.8593243e-12,-27.116833,2.2860713,0.7620238,0.120000005,0.0,0.14762032,17.580212,17.600212,2819200
hardzero_plus_depr__c0p54__z1p10__lam0p020__nu0p50__psi1p25,hardzero_plus_depr,0.01,38,881,0.0,1,0.49454826,0.49454826,0.99323153,0.1015707,0.1015707,1.0,2.8325313e-13,2.7887287e-12,-25.357407,2.185153,0.7283844,0.192,0.0,0.1644586,17.600212,17.620213,2822400
hardzero_plus_depr__c0p54__z1p10__lam0p020__nu0p50__psi1p25,hardzero_plus_depr,0.01,38,882,0.0,1,0.49454826,0.49454826,1.0738784,0.08435708,0.08435708,1.0,2.294408e-13,2.7198758e-12,-27.989754,2.3625796,0.78752655,0.16000001,0.0,0.15618785,17.620213,17.640213,2825600
hardzero_plus_depr__c0p54__z1p10__lam0p020__nu0p50__psi1p25,hardzero_plus_depr,0.01,38,883,0.0,1,0.49454826,0.49454826,1.0469564,0.089751884,0.089751884,1.0,2.380864e-13,2.6527177e-12,-27.557653,2.3033502,0.7677834,0.120000005,0.0,0.13750255,17.640213,17.660213,2828800
hardzero_plus_depr__c0p54__z1p10__lam0p020__nu0p50__psi1p25,hardzero_plus_depr,0.01,38,884,0.0,1,0.49454826,0.49454826,1.1190001,0.0,0.076032616,0.0,0.0,2.587218e-12,-28.8899,2.4618492,0.8206164,0.17999999,0.0,0.17836927,17.660213,17.680214,2832000
hardzero_plus_depr__c0p54__z1p10__lam0p020__nu0p50__psi1p25,hardzero_plus_depr,0.01,38,885,0.0,1,0.49454826,0.49454826,1.033606,0.09255372,0.09255372,1.0,2.3354452e-13,2.52334e-12,-27.77956,2.2739787,0.7579929,0.14400001,0.008,0.18108112,17.680214,17.700214,2835200
hardzero_plus_depr__c0p54__z1p10__lam0p020__nu0p50__psi1p25,hardzero_plus_depr,0.01,38,886,0.0,1,0.49454826,0.49454826,1.1251118,0.0,0.074970104,0.0,0.0,2.4610396e-12,-28.231583,2.4752955,0.8250985,0.128,0.0,0.18771881,17.700214,17.720215,2838400
hardzero_plus_depr__c0p54__z1p10__lam0p020__nu0p50__psi1p25,hardzero_plus_depr,0.01,38,887,0.0,1,0.49454826,0.49454826,1.0509,0.08894058,0.08894058,1.0,2.1348166e-13,2.4002727e-12,-27.152046,2.312026,0.77067536,0.2,0.0,0.17991388,17.720215,17.740215,2841600
hardzero_plus_depr__c0p54__z1p10__lam0p020__nu0p50__psi1p25,hardzero_plus_depr,0.01,38,888,0.0,1,0.49454826,0.49454826,1.0786154,0.083441965,0.083441965,1.0,1.9533817e-13,2.3410063e-12,-28.398869,2.3730013,0.7910005,0.120000005,0.0,0.17824596,17.740215,17.760216,2844800
hardzero_plus_depr__c0p54__z1p10__lam0p020__nu0p50__psi1p25,hardzero_plus_depr,0.01,38,889,0.0,1,0.49454826,0.49454826,1.0773964,0.08367652,0.08367652,1.0,1.9105084e-13,2.2832075e-12,-28.248587,2.3703194,0.7901065,0.2,0.0,0.166461,17.760216,17.780216,2848000
hardzero_plus_depr__c0p54__z1p10__lam0p020__nu0p50__psi1p25,hardzero_plus_depr,0.01,38,890,0.0,1,0.49454826,0.49454826,1.0290381,0.09353237,0.09353237,1.0,2.0828121e-13,2.2268357e-12,-27.076914,2.263929,0.75464296,0.216,0.008,0.1756152,17.780216,17.800217,2851200
hardzero_plus_depr__c0p54__z1p10__lam0p020__nu0p50__psi1p25,hardzero_plus_depr,0.01,38,891,0.0,1,0.49454826,0.49454826,1.0820619,0.08278241,0.08278241,1.0,1.7979112e-13,2.1718517e-12,-28.382568,2.3805838,0.79352796,0.128,0.0,0.2109284,17.800217,17.820217,2854400
hardzero_plus_depr__c0p54__z1p10__lam0p020__nu0p50__psi1p25,hardzero_plus_depr,0.01,38,892,0.0,1,0.49454826,0.49454826,1.0829511,0.0826131,0.0826131,1.0,1.7499314e-13,2.118225e-12,-28.986647,2.38254,0.79418004,0.120000005,0.0,0.2026266,17.820217,17.840218,2857600
hardzero_plus_depr__c0p54__z1p10__lam0p020__nu0p50__psi1p25,hardzero_plus_depr,0.01,38,893,0.0,1,0.49454826,0.49454826,1.038455,0.0915261,0.0915261,1.0,1.8908623e-13,2.0659269e-12,-27.421558,2.2846465,0.7615489,0.096,0.0,0.14591838,17.840218,17.860218,2860800
hardzero_plus_depr__c0p54__z1p10__lam0p020__nu0p50__psi1p25,hardzero_plus_depr,0.01,38,894,0.0,1,0.49454826,0.49454826,1.0821915,0.08275772,0.08275772,1.0,1.6675016e-13,2.0149197e-12,-27.68855,2.3808687,0.7936229,0.14400001,0.0,0.15024297,17.860218,17.880219,2864000
hardzero_plus_depr__c0p54__z1p10__lam0p020__nu0p50__psi1p25,hardzero_plus_depr,0.01,38,895,0.0,1,0.49454826,0.49454826,1.037042,0.091824375,0.091824375,1.0,1.8045033e-13,1.965168e-12,-27.037931,2.281538,0.7605127,0.136,0.0,0.13847993,17.880219,17.900219,2867200
hardzero_plus_depr__c0p54__z1p10__lam0p020__nu0p50__psi1p25,hardzero_plus_depr,0.01,38,896,0.0,1,0.49454826,0.49454826,1.0438577,0.09039457,0.09039457,1.0,1.732543e-13,1.916645e-12,-27.224157,2.2965329,0.765511,0.224,0.008,0.18448131,17.900219,17.92022,2870400
hardzero_plus_depr__c0p54__z1p10__lam0p020__nu0p50__psi1p25,hardzero_plus_depr,0.01,38,897,0.0,1,0.49454826,0.49454826,1.0043164,0.09901102,0.09901102,1.0,1.8508365e-13,1.8693237e-12,-27.15594,2.2095404,0.7365135,0.17999999,0.0,0.15976557,17.92022,17.94022,2873600
hardzero_plus_depr__c0p54__z1p10__lam0p020__nu0p50__psi1p25,hardzero_plus_depr,0.01,38,898,0.0,1,0.49454826,0.49454826,1.0342832,0.09240954,0.09240954,1.0,1.6847835e-13,1.8231705e-12,-27.259686,2.2754683,0.7584895,0.192,0.0,0.16460519,17.94022,17.96022,2876800
hardzero_plus_depr__c0p54__z1p10__lam0p020__nu0p50__psi1p25,hardzero_plus_depr,0.01,38,899,0.0,1,0.49454826,0.49454826,1.0283875,0.09367256,0.09367256,1.0,1.6656419e-13,1.7781536e-12,-27.032759,2.262498,0.754166,0.104,0.0,0.15092203,17.96022,17.98022,2880000
hardzero_plus_depr__c0p54__z1p10__lam0p020__nu0p50__psi1p25,hardzero_plus_depr,0.01,38,900,0.0,1,0.49454826,0.49454826,1.0743138,0.08427257,0.08427257,1.0,1.4614954e-13,1.7342482e-12,-27.612686,2.3635375,0.78784585,0.14400001,0.0,0.15434593,17.98022,18.000221,2883200
hardzero_plus_depr__c0p54__z1p10__lam0p020__nu0p50__psi1p25,hardzero_plus_depr,0.01,38,901,0.0,1,0.49454826,0.49454826,1.0182213,0.0958912,0.0958912,1.0,1.6219327e-13,1.6914302e-12,-28.009172,2.2401316,0.74671054,0.17600001,0.0,0.16298951,18.000221,18.020222,2886400
hardzero_plus_depr__c0p54__z1p10__lam0p020__nu0p50__psi1p25,hardzero_plus_depr,0.01,38,902,0.0,1,0.49454826,0.49454826,1.0408194,0.09102918,0.09102918,1.0,1.5016803e-13,1.6496691e-12,-27.816275,2.2898483,0.7632828,0.17600001,0.0,0.18367091,18.020222,18.040222,2889600
hardzero_plus_depr__c0p54__z1p10__lam0p020__nu0p50__psi1p25,hardzero_plus_depr,0.01,38,903,0.0,1,0.49454826,0.49454826,0.99013007,0.10229865,0.10229865,1.0,1.64592e-13,1.6089362e-12,-26.628933,2.1783297,0.7261099,0.208,0.0,0.15027288,18.040222,18.060223,2892800
hardzero_plus_depr__c0p54__z1p10__lam0p020__nu0p50__psi1p25,hardzero_plus_depr,0.01,38,904,0.0,1,0.49454826,0.49454826,1.0060849,0.09860865,0.09860865,1.0,1.5473759e-13,1.5692091e-12,-27.362122,2.2134311,0.7378104,0.128,0.0,0.16401567,18.060223,18.080223,2896000
hardzero_plus_depr__c0p54__z1p10__lam0p020__nu0p50__psi1p25,hardzero_plus_depr,0.01,38,905,0.0,1,0.49454826,0.49454826,1.0661124,0.08587913,0.08587913,1.0,1.3143505e-13,1.5304655e-12,-27.89388,2.345494,0.7818314,0.128,0.0,0.16445848,18.080223,18.100224,2899200
hardzero_plus_depr__c0p54__z1p10__lam0p020__nu0p50__psi1p25,hardzero_plus_depr,0.01,38,906,0.0,1,0.49454826,0.49454826,1.0161225,0.096355714,0.096355714,1.0,1.4382816e-13,1.492679e-12,-27.108404,2.2355142,0.7451714,0.192,0.0,0.1521201,18.100224,18.120224,2902400
hardzero_plus_depr__c0p54__z1p10__lam0p020__nu0p50__psi1p25,hardzero_plus_depr,0.01,38,907,0.0,1,0.49454826,0.49454826,1.0630472,0.086487405,0.086487405,1.0,1.2591028e-13,1.4558222e-12,-27.333025,2.3387506,0.7795836,0.192,0.0,0.16822483,18.120224,18.140224,2905600
hardzero_plus_depr__c0p54__z1p10__lam0p020__nu0p50__psi1p25,hardzero_plus_depr,0.01,38,908,0.0,1,0.49454826,0.49454826,1.1070677,0.0,0.0781506,0.0,0.0,1.4198758e-12,-28.544216,2.4355977,0.8118659,0.14400001,0.0,0.17490359,18.140224,18.160225,2908800
hardzero_plus_depr__c0p54__z1p10__lam0p020__nu0p50__psi1p25,hardzero_plus_depr,0.01,38,909,0.0,1,0.49454826,0.49454826,1.0389884,0.09141378,0.09141378,1.0,1.2659158e-13,1.3848195e-12,-27.365702,2.28582,0.76194,0.16800001,0.0,0.14957799,18.160225,18.180225,2912000
hardzero_plus_depr__c0p54__z1p10__lam0p020__nu0p50__psi1p25,hardzero_plus_depr,0.01,38,910,0.0,1,0.49454826,0.49454826,1.0452706,0.09010097,0.09010097,1.0,1.2169294e-13,1.3506286e-12,-26.869282,2.2996411,0.7665471,0.12,0.0,0.13855515,18.180225,18.200226,2915200
hardzero_plus_depr__c0p54__z1p10__lam0p020__nu0p50__psi1p25,hardzero_plus_depr,0.01,38,911,0.0,1,0.49454826,0.49454826,1.0285057,0.093647085,0.093647085,1.0,1.2335937e-13,1.3172794e-12,-27.614006,2.2627578,0.7542526,0.192,0.0,0.1631896,18.200226,18.220226,2918400
hardzero_plus_depr__c0p54__z1p10__lam0p020__nu0p50__psi1p25,hardzero_plus_depr,0.01,38,912,0.0,1,0.49454826,0.49454826,1.0569797,0.08770418,0.08770418,1.0,1.1267828e-13,1.2847538e-12,-27.437452,2.3254018,0.77513397,0.128,0.0,0.16694184,18.220226,18.240227,2921600
hardzero_plus_depr__c0p54__z1p10__lam0p020__nu0p50__psi1p25,hardzero_plus_depr,0.01,38,913,0.0,1,0.49454826,0.49454826,1.0288718,0.09356819,0.09356819,1.0,1.1724409e-13,1.2530336e-12,-27.092989,2.2635632,0.7545211,0.14400001,0.0,0.1639794,18.240227,18.260227,2924800
hardzero_plus_depr__c0p54__z1p10__lam0p020__nu0p50__psi1p25,hardzero_plus_depr,0.01,38,914,0.0,1,0.49454826,0.49454826,1.0756278,0.08401797,0.08401797,1.0,1.0267807e-13,1.2220965e-12,-28.216915,2.3664284,0.7888095,0.136,0.0,0.16185611,18.260227,18.280228,2928000
hardzero_plus_depr__c0p54__z1p10__lam0p020__nu0p50__psi1p25,hardzero_plus_depr,0.01,38,915,0.0,1,0.49454826,0.49454826,1.0220599,0.09504736,0.09504736,1.0,1.1328895e-13,1.191921e-12,-26.992413,2.2485766,0.74952555,0.17600001,0.0,0.14406782,18.280228,18.300228,2931200
hardzero_plus_depr__c0p54__z1p10__lam0p020__nu0p50__psi1p25,hardzero_plus_depr,0.01,38,916,0.0,1,0.49454826,0.49454826,0.9803615,0.10462571,0.10462571,1.0,1.2162641e-13,1.1624907e-12,-26.176058,2.1568384,0.71894616,0.17600001,0.0,0.1448872,18.300228,18.320229,2934400
hardzero_plus_depr__c0p54__z1p10__lam0p020__nu0p50__psi1p25,hardzero_plus_depr,0.01,38,917,0.0,1,0.49454826,0.49454826,1.0498719,0.08915139,0.08915139,1.0,1.0107887e-13,1.133789e-12,-28.170322,2.3097644,0.7699215,0.18400002,0.0,0.17691903,18.320229,18.340229,2937600
hardzero_plus_depr__c0p54__z1p10__lam0p020__nu0p50__psi1p25,hardzero_plus_depr,0.01,38,918,0.0,1,0.49454826,0.49454826,1.0813823,0.08291206,0.08291206,1.0,9.168383e-14,1.1057961e-12,-28.382236,2.3790884,0.7930295,0.14400001,0.0,0.17437607,18.340229,18.36023,2940800
hardzero_plus_depr__c0p54__z1p10__lam0p020__nu0p50__psi1p25,hardzero_plus_depr,0.01,38,919,0.0,1,0.49454826,0.49454826,1.0229002,0.094863646,0.094863646,1.0,1.02309715e-13,1.0784923e-12,-27.386974,2.2504253,0.7501418,0.120000005,0.0,0.13873427,18.36023,18.38023,2944000
hardzero_plus_depr__c0p54__z1p10__lam0p020__nu0p50__psi1p25,hardzero_plus_depr,0.01,38,920,0.0,1,0.49454826,0.49454826,1.0966723,0.0800438,0.0800438,1.0,8.419509e-14,1.0518627e-12,-28.509594,2.412727,0.8042424,0.104,0.0,0.20108558,18.38023,18.40023,2947200
hardzero_plus_depr__c0p54__z1p10__lam0p020__nu0p50__psi1p25,hardzero_plus_depr,0.01,38,921,0.0,1,0.49454826,0.49454826,1.005651,0.09870724,0.09870724,1.0,1.0126301e-13,1.0258925e-12,-26.701424,2.2124763,0.7374921,0.16800001,0.0,0.15493497,18.40023,18.42023,2950400
hardzero_plus_depr__c0p54__z1p10__lam0p020__nu0p50__psi1p25,hardzero_plus_depr,0.01,38,922,0.0,1,0.49454826,0.49454826,1.0477705,0.08958381,0.08958381,1.0,8.963428e-14,1.0005635e-12,-28.011251,2.3051412,0.7683804,0.16000001,0.0,0.18190208,18.42023,18.440231,2953600
hardzero_plus_depr__c0p54__z1p10__lam0p020__nu0p50__psi1p25,hardzero_plus_depr,0.01,38,923,0.0,1,0.49454826,0.49454826,1.0357529,0.09209735,0.09209735,1.0,8.987393e-14,9.75858e-13,-27.414509,2.2787018,0.75956726,0.12,0.0,0.15515313,18.440231,18.460232,2956800
hardzero_plus_depr__c0p54__z1p10__lam0p020__nu0p50__psi1p25,hardzero_plus_depr,0.01,38,924,0.0,1,0.49454826,0.49454826,1.0594302,0.087210685,0.087210685,1.0,8.3003855e-14,9.517624e-13,-27.023443,2.3307931,0.77693105,0.136,0.0,0.17718738,18.460232,18.480232,2960000
hardzero_plus_depr__c0p54__z1p10__lam0p020__nu0p50__psi1p25,hardzero_plus_depr,0.01,38,925,0.0,1,0.49454826,0.49454826,1.0674714,0.085610814,0.085610814,1.0,7.946942e-14,9.282638e-13,-27.938148,2.348484,0.78282803,0.120000005,0.0,0.1690515,18.480232,18.500233,2963200
hardzero_plus_depr__c0p54__z1p10__lam0p020__nu0p50__psi1p25,hardzero_plus_depr,0.01,38,926,0.0,1,0.49454826,0.49454826,1.0295604,0.09341993,0.09341993,1.0,8.457729e-14,9.0534524e-13,-26.800234,2.2650783,0.7550261,0.120000005,0.0,0.13643236,18.500233,18.520233,2966400
hardzero_plus_depr__c0p54__z1p10__lam0p020__nu0p50__psi1p25,hardzero_plus_depr,0.01,38,927,0.0,1,0.49454826,0.49454826,1.0307877,0.09315631,0.09315631,1.0,8.225617e-14,8.8299084e-13,-26.41952,2.2677782,0.7559261,0.18400002,0.0,0.13130796,18.520233,18.540234,2969600
hardzero_plus_depr__c0p54__z1p10__lam0p020__nu0p50__psi1p25,hardzero_plus_depr,0.01,38,928,0.0,1,0.49454826,0.49454826,1.0749571,0.08414781,0.08414781,1.0,7.246711e-14,8.6118835e-13,-28.077654,2.3649528,0.7883176,0.14400001,0.0,0.17262487,18.540234,18.560234,2972800
hardzero_plus_depr__c0p54__z1p10__lam0p020__nu0p50__psi1p25,hardzero_plus_depr,0.01,38,929,0.0,1,0.49454826,0.49454826,1.0213674,0.09519904,0.09519904,1.0,7.996014e-14,8.399259e-13,-26.198095,2.2470531,0.7490177,0.15200001,0.0,0.12725455,18.560234,18.580235,2976000
hardzero_plus_depr__c0p54__z1p10__lam0p020__nu0p50__psi1p25,hardzero_plus_depr,0.01,38,930,0.0,1,0.49454826,0.49454826,1.0671962,0.08566506,0.08566506,1.0,7.017582e-14,8.191883e-13,-28.136803,2.3478787,0.7826263,0.136,0.0,0.18581717,18.580235,18.600235,2979200
hardzero_plus_depr__c0p54__z1p10__lam0p020__nu0p50__psi1p25,hardzero_plus_depr,0.01,38,931,0.0,1,0.49454826,0.49454826,1.0856668,0.08209811,0.08209811,1.0,6.559321e-14,7.989612e-13,-27.649063,2.3885145,0.79617155,0.17600001,0.0,0.1814768,18.600235,18.620235,2982400
hardzero_plus_depr__c0p54__z1p10__lam0p020__nu0p50__psi1p25,hardzero_plus_depr,0.01,38,932,0.0,1,0.49454826,0.49454826,1.0156585,0.09645871,0.09645871,1.0,7.5163874e-14,7.7923367e-13,-27.06802,2.2344933,0.7448311,0.17600001,0.0,0.13728346,18.620235,18.640236,2985600
hardzero_plus_depr__c0p54__z1p10__lam0p020__nu0p50__psi1p25,hardzero_plus_depr,0.01,38,933,0.0,1,0.49454826,0.49454826,1.0562373,0.087854214,0.087854214,1.0,6.676873e-14,7.5999455e-13,-27.689548,2.3237686,0.77458954,0.128,0.0,0.16814083,18.640236,18.660236,2988800
hardzero_plus_depr__c0p54__z1p10__lam0p020__nu0p50__psi1p25,hardzero_plus_depr,0.01,38,934,0.0,1,0.49454826,0.49454826,1.0611948,0.08685708,0.08685708,1.0,6.438112e-14,7.4123054e-13,-28.000814,2.334675,0.77822506,0.15200001,0.0,0.18266267,18.660236,18.680237,2992000
hardzero_plus_depr__c0p54__z1p10__lam0p020__nu0p50__psi1p25,hardzero_plus_depr,0.01,38,935,0.0,1,0.49454826,0.49454826,1.0374982,0.091727965,0.091727965,1.0,6.631275e-14,7.229284e-13,-27.178389,2.2825418,0.7608473,0.15200001,0.0,0.14771146,18.680237,18.700237,2995200
hardzero_plus_depr__c0p54__z1p10__lam0p020__nu0p50__psi1p25,hardzero_plus_depr,0.01,38,936,0.0,1,0.49454826,0.49454826,1.0241119,0.094599344,0.094599344,1.0,6.669993e-14,7.0507814e-13,-27.199808,2.253091,0.7510304,0.17999999,0.0,0.15964341,18.700237,18.720238,2998400
hardzero_plus_depr__c0p54__z1p10__lam0p020__nu0p50__psi1p25,hardzero_plus_depr,0.01,38,937,0.0,1,0.49454826,0.49454826,1.0084347,0.098076575,0.098076575,1.0,6.7444314e-14,6.8767e-13,-26.420715,2.2186005,0.73953354,0.16000001,0.0,0.114890054,18.720238,18.740238,3001600
hardzero_plus_depr__c0p54__z1p10__lam0p020__nu0p50__psi1p25,hardzero_plus_depr,0.01,38,938,0.0,1,0.49454826,0.49454826,1.0280672,0.093741685,0.093741685,1.0,6.2871766e-14,6.7069164e-13,-27.491432,2.2617931,0.75393105,0.16000001,0.0,0.1531069,18.740238,18.760239,3004800
hardzero_plus_depr__c0p54__z1p10__lam0p020__nu0p50__psi1p25,hardzero_plus_depr,0.01,38,939,0.0,1,0.49454826,0.49454826,1.0503662,0.089049995,0.089049995,1.0,5.8250374e-14,6.5413115e-13,-27.68384,2.3108518,0.77028394,0.14400001,0.0,0.19522336,18.760239,18.78024,3008000
hardzero_plus_depr__c0p54__z1p10__lam0p020__nu0p50__psi1p25,hardzero_plus_depr,0.01,38,940,0.0,1,0.49454826,0.49454826,1.0816015,0.08287022,0.08287022,1.0,5.2869513e-14,6.3797963e-13,-28.426338,2.3795707,0.79319024,0.128,0.0,0.16822705,18.78024,18.80024,3011200
hardzero_plus_depr__c0p54__z1p10__lam0p020__nu0p50__psi1p25,hardzero_plus_depr,0.01,38,941,0.0,1,0.49454826,0.49454826,1.0334219,0.092592984,0.092592984,1.0,5.7613955e-14,6.2222807e-13,-27.093393,2.2735734,0.7578578,0.16800001,0.0,0.1720189,18.80024,18.82024,3014400
hardzero_plus_depr__c0p54__z1p10__lam0p020__nu0p50__psi1p25,hardzero_plus_depr,0.01,38,942,0.0,1,0.49454826,0.49454826,1.0675126,0.08560267,0.08560267,1.0,5.194931e-14,6.068655e-13,-28.22047,2.3485746,0.78285825,0.08800001,0.0,0.18205771,18.82024,18.84024,3017600
hardzero_plus_depr__c0p54__z1p10__lam0p020__nu0p50__psi1p25,hardzero_plus_depr,0.01,38,943,0.0,1,0.49454826,0.49454826,1.0024104,0.09944652,0.09944652,1.0,5.88605e-14,5.91881e-13,-26.446201,2.2053468,0.73511565,0.17600001,0.0,0.13811484,18.84024,18.86024,3020800
hardzero_plus_depr__c0p54__z1p10__lam0p020__nu0p50__psi1p25,hardzero_plus_depr,0.01,38,944,0.0,1,0.49454826,0.49454826,1.0325322,0.09278286,0.09278286,1.0,5.356044e-14,5.7726653e-13,-27.93435,2.2716162,0.7572054,0.136,0.0,0.16252369,18.86024,18.880241,3024000
hardzero_plus_depr__c0p54__z1p10__lam0p020__nu0p50__psi1p25,hardzero_plus_depr,0.01,38,945,0.0,1,0.49454826,0.49454826,1.0082287,0.098123126,0.098123126,1.0,5.5244688e-14,5.6301394e-13,-27.174318,2.2181473,0.73938245,0.24000001,0.0,0.18665081,18.880241,18.900242,3027200
hardzero_plus_depr__c0p54__z1p10__lam0p020__nu0p50__psi1p25,hardzero_plus_depr,0.01,38,946,0.0,1,0.49454826,0.49454826,1.064302,0.08623787,0.08623787,1.0,4.7354363e-14,5.491133e-13,-28.286781,2.341511,0.7805037,0.16800001,0.0,0.16867992,18.900242,18.920242,3030400
hardzero_plus_depr__c0p54__z1p10__lam0p020__nu0p50__psi1p25,hardzero_plus_depr,0.01,38,947,0.0,1,0.49454826,0.49454826,1.054803,0.08814486,0.08814486,1.0,4.7206407e-14,5.3555484e-13,-28.092752,2.320613,0.77353764,0.208,0.0,0.1769425,18.920242,18.940243,3033600
hardzero_plus_depr__c0p54__z1p10__lam0p020__nu0p50__psi1p25,hardzero_plus_depr,0.01,38,948,0.0,1,0.49454826,0.49454826,1.0462822,0.08989134,0.08989134,1.0,4.6953045e-14,5.2233115e-13,-27.157343,2.3018668,0.7672889,0.17600001,0.0,0.14068046,18.940243,18.960243,3036800
hardzero_plus_depr__c0p54__z1p10__lam0p020__nu0p50__psi1p25,hardzero_plus_depr,0.01,38,949,0.0,1,0.49454826,0.49454826,1.0700728,0.08509953,0.08509953,1.0,4.3352674e-14,5.0943494e-13,-27.563261,2.354207,0.7847357,0.13,0.0,0.19936728,18.960243,18.980244,3040000
hardzero_plus_depr__c0p54__z1p10__lam0p020__nu0p50__psi1p25,hardzero_plus_depr,0.01,38,950,0.0,1,0.49454826,0.49454826,1.0236906,0.09469114,0.09469114,1.0,4.7047967e-14,4.968571e-13,-27.030815,2.2521641,0.7507214,0.14400001,0.0,0.16528432,18.980244,19.000244,3043200
hardzero_plus_depr__c0p54__z1p10__lam0p020__nu0p50__psi1p25,hardzero_plus_depr,0.01,38,951,0.0,1,0.49454826,0.49454826,1.0383554,0.09154711,0.09154711,1.0,4.4362717e-14,4.8458893e-13,-27.636902,2.2844274,0.7614758,0.17600001,0.0,0.1755328,19.000244,19.020245,3046400
hardzero_plus_depr__c0p54__z1p10__lam0p020__nu0p50__psi1p25,hardzero_plus_depr,0.01,38,952,0.0,1,0.49454826,0.49454826,0.9646059,0.10849109,0.10849109,1.0,5.1275458e-14,4.726237e-13,-26.591913,2.1221755,0.70739186,0.14400001,0.0,0.16776685,19.020245,19.040245,3049600
hardzero_plus_depr__c0p54__z1p10__lam0p020__nu0p50__psi1p25,hardzero_plus_depr,0.01,38,953,0.0,1,0.49454826,0.49454826,1.0268397,0.09400702,0.09400702,1.0,4.3332982e-14,4.6095473e-13,-26.667393,2.2590926,0.7530309,0.120000005,0.0,0.1487513,19.040245,19.060246,3052800
hardzero_plus_depr__c0p54__z1p10__lam0p020__nu0p50__psi1p25,hardzero_plus_depr,0.01,38,954,0.0,1,0.49454826,0.49454826,1.0541598,0.08827551,0.08827551,1.0,3.9686367e-14,4.4957392e-13,-27.477016,2.319198,0.773066,0.120000005,0.0,0.14608379,19.060246,19.080246,3056000
hardzero_plus_depr__c0p54__z1p10__lam0p020__nu0p50__psi1p25,hardzero_plus_depr,0.01,38,955,0.0,1,0.49454826,0.49454826,1.012448,0.09717444,0.09717444,1.0,4.260839e-14,4.384732e-13,-27.27354,2.2274299,0.74247664,0.112,0.0,0.18455371,19.080246,19.100246,3059200
hardzero_plus_depr__c0p54__z1p10__lam0p020__nu0p50__psi1p25,hardzero_plus_depr,0.01,38,956,0.0,1,0.49454826,0.49454826,1.0588423,0.08732884,0.08732884,1.0,3.7345883e-14,4.2764663e-13,-28.35854,2.3294995,0.77649987,0.128,0.0,0.1847772,19.100246,19.120247,3062400
hardzero_plus_depr__c0p54__z1p10__lam0p020__nu0p50__psi1p25,hardzero_plus_depr,0.01,38,957,0.0,1,0.49454826,0.49454826,1.0826099,0.08267803,0.08267803,1.0,3.4484026e-14,4.1708816e-13,-28.382969,2.3817892,0.79392976,0.136,0.0,0.14929163,19.120247,19.140247,3065600
hardzero_plus_depr__c0p54__z1p10__lam0p020__nu0p50__psi1p25,hardzero_plus_depr,0.01,38,958,0.0,1,0.49454826,0.49454826,1.056548,0.0877914,0.0877914,1.0,3.5712695e-14,4.0679035e-13,-28.133799,2.324452,0.77481735,0.14400001,0.0,0.16583623,19.140247,19.160248,3068800
hardzero_plus_depr__c0p54__z1p10__lam0p020__nu0p50__psi1p25,hardzero_plus_depr,0.01,38,959,0.0,1,0.49454826,0.49454826,1.0236927,0.09469069,0.09469069,1.0,3.7568158e-14,3.9674606e-13,-27.10813,2.252169,0.750723,0.16800001,0.0,0.17423047,19.160248,19.180248,3072000
hardzero_plus_depr__c0p54__z1p10__lam0p020__nu0p50__psi1p25,hardzero_plus_depr,0.01,38,960,0.0,1,0.49454826,0.49454826,1.0624437,0.08660766,0.08660766,1.0,3.3512815e-14,3.8694978e-13,-27.620008,2.3374228,0.77914095,0.136,0.0,0.14386703,19.180248,19.200249,3075200
hardzero_plus_depr__c0p54__z1p10__lam0p020__nu0p50__psi1p25,hardzero_plus_depr,0.01,38,961,0.0,1,0.49454826,0.49454826,1.0974622,0.07989834,0.07989834,1.0,3.0153323e-14,3.7739609e-13,-29.272911,2.414465,0.80482167,0.112,0.0,0.13957106,19.200249,19.22025,3078400
hardzero_plus_depr__c0p54__z1p10__lam0p020__nu0p50__psi1p25,hardzero_plus_depr,0.01,38,962,0.0,1,0.49454826,0.49454826,1.0376041,0.091705605,0.091705605,1.0,3.3754842e-14,3.680783e-13,-27.42363,2.2827747,0.76092494,0.16,0.0,0.15493831,19.22025,19.24025,3081600
hardzero_plus_depr__c0p54__z1p10__lam0p020__nu0p50__psi1p25,hardzero_plus_depr,0.01,38,963,0.0,1,0.49454826,0.49454826,1.0431639,0.09053908,0.09053908,1.0,3.2502613e-14,3.5898986e-13,-27.503119,2.2950063,0.76500213,0.14400001,0.0,0.16054031,19.24025,19.26025,3084800
hardzero_plus_depr__c0p54__z1p10__lam0p020__nu0p50__psi1p25,hardzero_plus_depr,0.01,38,964,0.0,1,0.49454826,0.49454826,1.0417223,0.09084012,0.09084012,1.0,3.1805477e-14,3.5012585e-13,-27.135527,2.2918348,0.763945,0.128,0.0,0.16266179,19.26025,19.28025,3088000
hardzero_plus_depr__c0p54__z1p10__lam0p020__nu0p50__psi1p25,hardzero_plus_depr,0.01,38,965,0.0,1,0.49454826,0.49454826,0.9861473,0.103241116,0.103241116,1.0,3.5254914e-14,3.4148132e-13,-26.39864,2.1695673,0.7231891,0.18400002,0.0,0.16259794,19.28025,19.300251,3091200
hardzero_plus_depr__c0p54__z1p10__lam0p020__nu0p50__psi1p25,hardzero_plus_depr,0.01,38,966,0.0,1,0.49454826,0.49454826,1.0411409,0.09096181,0.09096181,1.0,3.029485e-14,3.3305024e-13,-26.69798,2.2905557,0.7635186,0.17600001,0.0,0.1515686,19.300251,19.320251,3094400
hardzero_plus_depr__c0p54__z1p10__lam0p020__nu0p50__psi1p25,hardzero_plus_depr,0.01,38,967,0.0,1,0.49454826,0.49454826,1.0954548,0.0802685,0.0802685,1.0,2.6073355e-14,3.2482673e-13,-28.60568,2.4100487,0.8033496,0.120000005,0.0,0.22132477,19.320251,19.340252,3097600
hardzero_plus_depr__c0p54__z1p10__lam0p020__nu0p50__psi1p25,hardzero_plus_depr,0.01,38,968,0.0,1,0.49454826,0.49454826,1.0994217,0.07953864,0.07953864,1.0,2.519834e-14,3.1680626e-13,-27.900517,2.418776,0.8062587,0.112,0.0,0.13883829,19.340252,19.360252,3100800
hardzero_plus_depr__c0p54__z1p10__lam0p020__nu0p50__psi1p25,hardzero_plus_depr,0.01,38,969,0.0,1,0.49454826,0.49454826,1.0891025,0.0814512,0.0814512,1.0,2.516715e-14,3.089844e-13,-28.456055,2.3960733,0.79869115,0.16000001,0.0,0.18518746,19.360252,19.380253,3104000
hardzero_plus_depr__c0p54__z1p10__lam0p020__nu0p50__psi1p25,hardzero_plus_depr,0.01,38,970,0.0,1,0.49454826,0.49454826,0.9942138,0.10134122,0.10134122,1.0,3.053975e-14,3.0135565e-13,-27.227442,2.187314,0.7291047,0.18400002,0.0,0.14706556,19.380253,19.400253,3107200
hardzero_plus_depr__c0p54__z1p10__lam0p020__nu0p50__psi1p25,hardzero_plus_depr,0.01,38,971,0.0,1,0.49454826,0.49454826,0.9743497,0.1060841,0.1060841,1.0,3.117968e-14,2.939147e-13,-26.19373,2.1436121,0.7145374,0.16000001,0.0,0.14763203,19.400253,19.420254,3110400
hardzero_plus_depr__c0p54__z1p10__lam0p020__nu0p50__psi1p25,hardzero_plus_depr,0.01,38,972,0.0,1,0.49454826,0.49454826,1.0269133,0.09399108,0.09399108,1.0,2.6943246e-14,2.8665747e-13,-27.50604,2.2592545,0.75308484,0.120000005,0.0,0.16766685,19.420254,19.440254,3113600
hardzero_plus_depr__c0p54__z1p10__lam0p020__nu0p50__psi1p25,hardzero_plus_depr,0.01,38,973,0.0,1,0.49454826,0.49454826,1.073984,0.08433657,0.08433657,1.0,2.3578817e-14,2.7958e-13,-28.322533,2.362812,0.78760403,0.15200001,0.0,0.20014067,19.440254,19.460255,3116800
hardzero_plus_depr__c0p54__z1p10__lam0p020__nu0p50__psi1p25,hardzero_plus_depr,0.01,38,974,0.0,1,0.49454826,0.49454826,1.0068566,0.098433614,0.098433614,1.0,2.6840606e-14,2.7267723e-13,-28.455214,2.2151287,0.73837626,0.17600001,0.0,0.17416598,19.460255,19.480255,3120000
hardzero_plus_depr__c0p54__z1p10__lam0p020__nu0p50__psi1p25,hardzero_plus_depr,0.01,38,975,0.0,1,0.49454826,0.49454826,1.0439426,0.0903769,0.0903769,1.0,2.4035229e-14,2.6594438e-13,-26.903517,2.2967196,0.7655732,0.14999999,0.0,0.16384882,19.480255,19.500256,3123200
hardzero_plus_depr__c0p54__z1p10__lam0p020__nu0p50__psi1p25,hardzero_plus_depr,0.01,38,976,0.0,1,0.49454826,0.49454826,1.0355352,0.09214351,0.09214351,1.0,2.3899985e-14,2.5937783e-13,-27.549393,2.278223,0.7594077,0.18400002,0.0,0.157925,19.500256,19.520256,3126400
hardzero_plus_depr__c0p54__z1p10__lam0p020__nu0p50__psi1p25,hardzero_plus_depr,0.01,38,977,0.0,1,0.49454826,0.49454826,1.0400583,0.091188855,0.091188855,1.0,2.3068397e-14,2.5297386e-13,-27.87639,2.288174,0.76272464,0.14400001,0.0,0.1668523,19.520256,19.540257,3129600
hardzero_plus_depr__c0p54__z1p10__lam0p020__nu0p50__psi1p25,hardzero_plus_depr,0.01,38,978,0.0,1,0.49454826,0.49454826,1.0785038,0.08346341,0.08346341,1.0,2.059276e-14,2.46728e-13,-28.00322,2.3727558,0.7909186,0.16000001,0.0,0.1541965,19.540257,19.560257,3132800
hardzero_plus_depr__c0p54__z1p10__lam0p020__nu0p50__psi1p25,hardzero_plus_depr,0.01,38,979,0.0,1,0.49454826,0.49454826,1.0014824,0.09965926,0.09965926,1.0,2.3981593e-14,2.4063588e-13,-27.274033,2.2033052,0.7344351,0.18400002,0.0,0.16283701,19.560257,19.580257,3136000
hardzero_plus_depr__c0p54__z1p10__lam0p020__nu0p50__psi1p25,hardzero_plus_depr,0.01,38,980,0.0,1,0.49454826,0.49454826,1.0412008,0.09094928,0.09094928,1.0,2.134527e-14,2.346942e-13,-27.763062,2.2906873,0.76356244,0.136,0.0,0.17179985,19.580257,19.600258,3139200
hardzero_plus_depr__c0p54__z1p10__lam0p020__nu0p50__psi1p25,hardzero_plus_depr,0.01,38,981,0.0,1,0.49454826,0.49454826,1.0344151,0.09238148,0.09238148,1.0,2.1146091e-14,2.288997e-13,-27.718021,2.2757587,0.7585863,0.17600001,0.008,0.2058182,19.600258,19.620258,3142400
hardzero_plus_depr__c0p54__z1p10__lam0p020__nu0p50__psi1p25,hardzero_plus_depr,0.01,38,982,0.0,1,0.49454826,0.49454826,1.0501122,0.08910207,0.08910207,1.0,1.9891878e-14,2.2324822e-13,-28.172804,2.3102932,0.77009773,0.136,0.0,0.1841498,19.620258,19.640259,3145600
hardzero_plus_depr__c0p54__z1p10__lam0p020__nu0p50__psi1p25,hardzero_plus_depr,0.01,38,983,0.0,1,0.49454826,0.49454826,1.017817,0.095980495,0.095980495,1.0,2.0898397e-14,2.1773586e-13,-27.451733,2.239242,0.74641407,0.17600001,0.0,0.14826381,19.640259,19.66026,3148800
hardzero_plus_depr__c0p54__z1p10__lam0p020__nu0p50__psi1p25,hardzero_plus_depr,0.01,38,984,0.0,1,0.49454826,0.49454826,1.0576997,0.087558895,0.087558895,1.0,1.8593974e-14,2.1235962e-13,-28.029823,2.3269858,0.77566195,0.120000005,0.0,0.13536866,19.66026,19.68026,3152000
hardzero_plus_depr__c0p54__z1p10__lam0p020__nu0p50__psi1p25,hardzero_plus_depr,0.01,38,985,0.0,1,0.49454826,0.49454826,0.9906461,0.10217716,0.10217716,1.0,2.1162578e-14,2.0711652e-13,-26.496973,2.179465,0.72648835,0.16800001,0.0,0.13641576,19.68026,19.70026,3155200
hardzero_plus_depr__c0p54__z1p10__lam0p020__nu0p50__psi1p25,hardzero_plus_depr,0.01,38,986,0.0,1,0.49454826,0.49454826,1.0312628,0.093054466,0.093054466,1.0,1.8797269e-14,2.0200287e-13,-27.124216,2.2688234,0.75627446,0.112,0.0,0.14904173,19.70026,19.72026,3158400
hardzero_plus_depr__c0p54__z1p10__lam0p020__nu0p50__psi1p25,hardzero_plus_depr,0.01,38,987,0.0,1,0.49454826,0.49454826,1.057937,0.087511055,0.087511055,1.0,1.7241e-14,1.970151e-13,-27.818993,2.327508,0.775836,0.14400001,0.0,0.21463837,19.72026,19.740261,3161600
hardzero_plus_depr__c0p54__z1p10__lam0p020__nu0p50__psi1p25,hardzero_plus_depr,0.01,38,988,0.0,1,0.49454826,0.49454826,1.0198517,0.09553189,0.09553189,1.0,1.8356502e-14,1.9215051e-13,-25.24129,2.2437184,0.74790615,0.089999996,0.0,0.1482369,19.740261,19.760262,3164800
hardzero_plus_depr__c0p54__z1p10__lam0p020__nu0p50__psi1p25,hardzero_plus_depr,0.01,38,989,0.0,1,0.49454826,0.49454826,1.0547875,0.08814799,0.08814799,1.0,1.6519494e-14,1.8740635e-13,-27.59543,2.3205788,0.7735263,0.120000005,0.0,0.15815295,19.760262,19.780262,3168000
hardzero_plus_depr__c0p54__z1p10__lam0p020__nu0p50__psi1p25,hardzero_plus_depr,0.01,38,990,0.0,1,0.49454826,0.49454826,1.0641402,0.08626999,0.08626999,1.0,1.5768372e-14,1.8277934e-13,-27.535013,2.3411553,0.78038514,0.128,0.0,0.1839769,19.780262,19.800262,3171200
hardzero_plus_depr__c0p54__z1p10__lam0p020__nu0p50__psi1p25,hardzero_plus_depr,0.01,38,991,0.0,1,0.49454826,0.49454826,1.0720052,0.08472174,0.08472174,1.0,1.5103024e-14,1.7826623e-13,-28.65888,2.3584585,0.78615284,0.17600001,0.0,0.16955876,19.800262,19.820263,3174400
hardzero_plus_depr__c0p54__z1p10__lam0p020__nu0p50__psi1p25,hardzero_plus_depr,0.01,38,992,0.0,1,0.49454826,0.49454826,1.0322781,0.09283718,0.09283718,1.0,1.6141095e-14,1.7386457e-13,-27.77182,2.2710571,0.75701904,0.16000001,0.0,0.18118162,19.820263,19.840263,3177600
hardzero_plus_depr__c0p54__z1p10__lam0p020__nu0p50__psi1p25,hardzero_plus_depr,0.01,38,993,0.0,1,0.49454826,0.49454826,1.0108397,0.097534955,0.097534955,1.0,1.6539187e-14,1.6957189e-13,-26.626047,2.2238917,0.74129725,0.14400001,0.0,0.14447334,19.840263,19.860264,3180800
hardzero_plus_depr__c0p54__z1p10__lam0p020__nu0p50__psi1p25,hardzero_plus_depr,0.01,38,994,0.0,1,0.49454826,0.49454826,1.0085987,0.09803954,0.09803954,1.0,1.6214291e-14,1.6538522e-13,-26.347872,2.2189615,0.7396538,0.16800001,0.0,0.15841958,19.860264,19.880264,3184000
hardzero_plus_depr__c0p54__z1p10__lam0p020__nu0p50__psi1p25,hardzero_plus_depr,0.01,38,995,0.0,1,0.49454826,0.49454826,1.0238717,0.09465169,0.09465169,1.0,1.5267469e-14,1.613016e-13,-27.75761,2.2525625,0.7508542,0.16800001,0.0,0.17017871,19.880264,19.900265,3187200
hardzero_plus_depr__c0p54__z1p10__lam0p020__nu0p50__psi1p25,hardzero_plus_depr,0.01,38,996,0.0,1,0.49454826,0.49454826,0.9949207,0.10117642,0.10117642,1.0,1.5916952e-14,1.5731879e-13,-28.05475,2.1888692,0.7296231,0.208,0.0,0.18377633,19.900265,19.920265,3190400
hardzero_plus_depr__c0p54__z1p10__lam0p020__nu0p50__psi1p25,hardzero_plus_depr,0.01,38,997,0.0,1,0.49454826,0.49454826,0.99554914,0.101030104,0.101030104,1.0,1.5501518e-14,1.5343464e-13,-26.248253,2.1902518,0.73008394,0.192,0.0,0.15184358,19.920265,19.940266,3193600
hardzero_plus_depr__c0p54__z1p10__lam0p020__nu0p50__psi1p25,hardzero_plus_depr,0.01,38,998,0.0,1,0.49454826,0.49454826,1.0805696,0.08306734,0.08306734,1.0,1.2430727e-14,1.4964638e-13,-28.252369,2.3773007,0.7924336,0.14400001,0.0,0.2448496,19.940266,19.960266,3196800
hardzero_plus_depr__c0p54__z1p10__lam0p020__nu0p50__psi1p25,hardzero_plus_depr,0.01,38,999,0.0,1,0.49454826,0.49454826,1.0385762,0.09150057,0.09150057,1.0,1.3354636e-14,1.459514e-13,-27.223122,2.2849133,0.7616378,0.136,0.0,0.16422763,19.960266,19.980267,3200000
hardzero_plus_depr__c0p54__z1p10__lam0p020__nu0p50__psi1p25,hardzero_plus_depr,0.01,38,1000,0.0,1,0.49454826,0.49454826,1.0486004,0.08941278,0.08941278,1.0,1.2727696e-14,1.4234761e-13,-26.854242,2.306967,0.768989,0.128,0.0,0.16139331,19.980267,20.000267,3203200
hardzero_plus_depr__c0p54__z1p10__lam0p020__nu0p50__psi1p25,hardzero_plus_depr,0.01,38,1001,0.0,1,0.49454826,0.49454826,1.0411962,0.09095021,0.09095021,1.0,1.2626898e-14,1.3883308e-13,-27.986025,2.2906775,0.7635592,0.17,0.0,0.15422961,20.000267,20.020267,3206400
hardzero_plus_depr__c0p54__z1p10__lam0p020__nu0p50__psi1p25,hardzero_plus_depr,0.01,38,1002,0.0,1,0.49454826,0.49454826,1.01878,0.095767915,0.095767915,1.0,1.2967487e-14,1.3540533e-13,-26.575415,2.2413607,0.74712026,0.112,0.0,0.15674129,20.020267,20.040268,3209600
hardzero_plus_depr__c0p54__z1p10__lam0p020__nu0p50__psi1p25,hardzero_plus_depr,0.01,38,1003,0.0,1,0.49454826,0.49454826,1.0169773,0.09616626,0.09616626,1.0,1.2699906e-14,1.3206198e-13,-27.65196,2.2373948,0.7457983,0.136,0.0,0.1565021,20.040268,20.060268,3212800
hardzero_plus_depr__c0p54__z1p10__lam0p020__nu0p50__psi1p25,hardzero_plus_depr,0.01,38,1004,0.0,1,0.49454826,0.49454826,1.0328732,0.09271006,0.09271006,1.0,1.1941162e-14,1.2880114e-13,-27.83432,2.2723663,0.75745547,0.15200001,0.0,0.17969705,20.060268,20.080269,3216000
hardzero_plus_depr__c0p54__z1p10__lam0p020__nu0p50__psi1p25,hardzero_plus_depr,0.01,38,1005,0.0,1,0.49454826,0.49454826,1.0791311,0.08334295,0.08334295,1.0,1.0469631e-14,1.2562108e-13,-28.176224,2.374136,0.7913787,0.128,0.0,0.16309695,20.080269,20.10027,3219200
hardzero_plus_depr__c0p54__z1p10__lam0p020__nu0p50__psi1p25,hardzero_plus_depr,0.01,38,1006,0.0,1,0.49454826,0.49454826,1.0369529,0.09184323,0.09184323,1.0,1.1252591e-14,1.2251955e-13,-27.214998,2.2813418,0.76044726,0.136,0.0,0.16211526,20.10027,20.12027,3222400
hardzero_plus_depr__c0p54__z1p10__lam0p020__nu0p50__psi1p25,hardzero_plus_depr,0.01,38,1007,0.0,1,0.49454826,0.49454826,1.068582,0.08539214,0.08539214,1.0,1.0203877e-14,1.1949434e-13,-27.846373,2.3509276,0.78364253,0.104,0.0,0.18396908,20.12027,20.14027,3225600
hardzero_plus_depr__c0p54__z1p10__lam0p020__nu0p50__psi1p25,hardzero_plus_depr,0.01,38,1008,0.0,1,0.49454826,0.49454826,1.0577902,0.08754067,0.08754067,1.0,1.02023255e-14,1.1654383e-13,-28.125645,2.327185,0.77572834,0.18400002,0.0,0.20230752,20.14027,20.16027,3228800
hardzero_plus_depr__c0p54__z1p10__lam0p020__nu0p50__psi1p25,hardzero_plus_depr,0.01,38,1009,0.0,1,0.49454826,0.49454826,1.0462829,0.089891195,0.089891195,1.0,1.0217608e-14,1.13666394e-13,-27.388195,2.3018682,0.7672894,0.16800001,0.0,0.20633358,20.16027,20.180271,3232000
hardzero_plus_depr__c0p54__z1p10__lam0p020__nu0p50__psi1p25,hardzero_plus_depr,0.01,38,1010,0.0,1,0.49454826,0.49454826,1.0163846,0.096297584,0.096297584,1.0,1.0675551e-14,1.1086001e-13,-26.782236,2.2360907,0.7453636,0.096,0.0,0.14771731,20.180271,20.200272,3235200
hardzero_plus_depr__c0p54__z1p10__lam0p020__nu0p50__psi1p25,hardzero_plus_depr,0.01,38,1011,0.0,1,0.49454826,0.49454826,1.0038315,0.09912164,0.09912164,1.0,1.0717299e-14,1.081227e-13,-26.40187,2.2084734,0.73615783,0.16000001,0.0,0.15881382,20.200272,20.220272,3238400
hardzero_plus_depr__c0p54__z1p10__lam0p020__nu0p50__psi1p25,hardzero_plus_depr,0.01,38,1012,0.0,1,0.49454826,0.49454826,1.0793658,0.08329791,0.08329791,1.0,8.784013e-15,1.0545298e-13,-27.518286,2.3746524,0.7915508,0.128,0.0,0.1751325,20.220272,20.240273,3241600
hardzero_plus_depr__c0p54__z1p10__lam0p020__nu0p50__psi1p25,hardzero_plus_depr,0.01,38,1013,0.0,1,0.49454826,0.49454826,1.0467381,0.089797005,0.089797005,1.0,9.235566e-15,1.02849376e-13,-28.22387,2.3028698,0.7676233,0.18400002,0.0,0.18050879,20.240273,20.260273,3244800
hardzero_plus_depr__c0p54__z1p10__lam0p020__nu0p50__psi1p25,hardzero_plus_depr,0.01,38,1014,0.0,1,0.49454826,0.49454826,1.059558,0.08718504,0.08718504,1.0,8.745536e-15,1.0031006e-13,-27.480532,2.3310742,0.77702475,0.14,0.0,0.16557999,20.260273,20.280273,3248000
hardzero_plus_depr__c0p54__z1p10__lam0p020__nu0p50__psi1p25,hardzero_plus_depr,0.01,38,1015,0.0,1,0.49454826,0.49454826,1.0305285,0.09321191,0.09321191,1.0,9.119224e-15,9.783324e-14,-27.494114,2.267208,0.75573605,0.14400001,0.0,0.16397436,20.280273,20.300274,3251200
hardzero_plus_depr__c0p54__z1p10__lam0p020__nu0p50__psi1p25,hardzero_plus_depr,0.01,38,1016,0.0,1,0.49454826,0.49454826,1.0443162,0.09029918,0.09029918,1.0,8.61613e-15,9.5417584e-14,-27.106277,2.2975414,0.76584715,0.128,0.0,0.14712945,20.300274,20.320274,3254400
hardzero_plus_depr__c0p54__z1p10__lam0p020__nu0p50__psi1p25,hardzero_plus_depr,0.01,38,1017,0.0,1,0.49454826,0.49454826,1.0359677,0.0920518,0.0920518,1.0,8.566502e-15,9.3061755e-14,-27.394127,2.2791746,0.75972486,0.16800001,0.0,0.1641341,20.320274,20.340275,3257600
hardzero_plus_depr__c0p54__z1p10__lam0p020__nu0p50__psi1p25,hardzero_plus_depr,0.01,38,1018,0.0,1,0.49454826,0.49454826,1.0692556,0.08525981,0.08525981,1.0,7.738529e-15,9.0764087e-14,-28.548183,2.3524094,0.7841365,0.112,0.0,0.15823025,20.340275,20.360275,3260800
hardzero_plus_depr__c0p54__z1p10__lam0p020__nu0p50__psi1p25,hardzero_plus_depr,0.01,38,1019,0.0,1,0.49454826,0.49454826,1.0536423,0.08838076,0.08838076,1.0,7.823727e-15,8.852297e-14,-27.61303,2.3180592,0.7726864,0.16000001,0.0,0.17689218,20.360275,20.380276,3264000
hardzero_plus_depr__c0p54__z1p10__lam0p020__nu0p50__psi1p25,hardzero_plus_depr,0.01,38,1020,0.0,1,0.49454826,0.49454826,1.0073534,0.09832107,0.09832107,1.0,8.488766e-15,8.63372e-14,-26.28887,2.2162218,0.7387406,0.192,0.0,0.15834364,20.380276,20.400276,3267200
hardzero_plus_depr__c0p54__z1p10__lam0p020__nu0p50__psi1p25,hardzero_plus_depr,0.01,38,1021,0.0,1,0.49454826,0.49454826,1.0599059,0.08711522,0.08711522,1.0,7.3355865e-15,8.4205565e-14,-27.690153,2.3318396,0.77727985,0.2,0.008,0.18015583,20.400276,20.420277,3270400
hardzero_plus_depr__c0p54__z1p10__lam0p020__nu0p50__psi1p25,hardzero_plus_depr,0.01,38,1022,0.0,1,0.49454826,0.49454826,1.015147,0.096572384,0.096572384,1.0,7.931157e-15,8.2126546e-14,-27.123005,2.233368,0.744456,0.208,0.0,0.16346492,20.420277,20.440277,3273600
hardzero_plus_depr__c0p54__z1p10__lam0p020__nu0p50__psi1p25,hardzero_plus_depr,0.01,38,1023,0.0,1,0.49454826,0.49454826,1.10562,0.0,0.07841154,0.0,0.0,8.0098715e-14,-28.870111,2.4324126,0.81080425,0.08800001,0.0,0.1633708,20.440277,20.460278,3276800
hardzero_plus_depr__c0p54__z1p10__lam0p020__nu0p50__psi1p25,hardzero_plus_depr,0.01,38,1024,0.0,1,0.49454826,0.49454826,1.0332029,0.092639685,0.092639685,1.0,7.2371e-15,7.8120954e-14,-27.644255,2.2730918,0.7576973,0.17600001,0.0,0.1633976,20.460278,20.480278,3280000
hardzero_plus_depr__c0p54__z1p10__lam0p020__nu0p50__psi1p25,hardzero_plus_depr,0.01,38,1025,0.0,1,0.49454826,0.49454826,1.0436165,0.09044477,0.09044477,1.0,6.891183e-15,7.6192165e-14,-28.35872,2.2960021,0.76533407,0.128,0.0,0.1607476,20.480278,20.500278,3283200
hardzero_plus_depr__c0p54__z1p10__lam0p020__nu0p50__psi1p25,hardzero_plus_depr,0.01,38,1026,0.0,1,0.49454826,0.49454826,1.0502183,0.08908029,0.08908029,1.0,6.619646e-15,7.431101e-14,-27.183823,2.3105264,0.77017546,0.2,0.0,0.14543544,20.500278,20.520279,3286400
hardzero_plus_depr__c0p54__z1p10__lam0p020__nu0p50__psi1p25,hardzero_plus_depr,0.01,38,1027,0.0,1,0.49454826,0.49454826,1.0405515,0.09108534,0.09108534,1.0,6.601514e-15,7.2476144e-14,-28.131384,2.2892592,0.76308644,0.16,0.0,0.18056542,20.520279,20.54028,3289600
hardzero_plus_depr__c0p54__z1p10__lam0p020__nu0p50__psi1p25,hardzero_plus_depr,0.01,38,1028,0.0,1,0.49454826,0.49454826,1.0387973,0.091454,0.091454,1.0,6.4645724e-15,7.06866e-14,-27.77518,2.2853997,0.76179993,0.16800001,0.0,0.18800466,20.54028,20.56028,3292800
hardzero_plus_depr__c0p54__z1p10__lam0p020__nu0p50__psi1p25,hardzero_plus_depr,0.01,38,1029,0.0,1,0.49454826,0.49454826,0.99606866,0.10090933,0.10090933,1.0,6.9568273e-15,6.894137e-14,-26.552032,2.1913948,0.73046494,0.16000001,0.0,0.16160548,20.56028,20.58028,3296000
hardzero_plus_depr__c0p54__z1p10__lam0p020__nu0p50__psi1p25,hardzero_plus_depr,0.01,38,1030,0.0,1,0.49454826,0.49454826,1.0458174,0.089987606,0.089987606,1.0,6.050697e-15,6.7239224e-14,-26.679562,2.3008442,0.7669481,0.14400001,0.0,0.16548994,20.58028,20.60028,3299200
hardzero_plus_depr__c0p54__z1p10__lam0p020__nu0p50__psi1p25,hardzero_plus_depr,0.01,38,1031,0.0,1,0.49454826,0.49454826,1.0462345,0.089901194,0.089901194,1.0,5.895629e-15,6.5578985e-14,-27.077387,2.3017619,0.767254,0.16800001,0.0,0.15349266,20.60028,20.620281,3302400
hardzero_plus_depr__c0p54__z1p10__lam0p020__nu0p50__psi1p25,hardzero_plus_depr,0.01,38,1032,0.0,1,0.49454826,0.49454826,1.0467232,0.08980008,0.08980008,1.0,5.7435894e-15,6.3959736e-14,-27.317482,2.3028371,0.7676124,0.14400001,0.0,0.15523079,20.620281,20.640282,3305600
hardzero_plus_depr__c0p54__z1p10__lam0p020__nu0p50__psi1p25,hardzero_plus_depr,0.01,38,1033,0.0,1,0.49454826,0.49454826,1.0898613,0.08130902,0.08130902,1.0,5.0721044e-15,6.238059e-14,-29.248415,2.3977427,0.7992476,0.14400001,0.0,0.18795924,20.640282,20.660282,3308800
hardzero_plus_depr__c0p54__z1p10__lam0p020__nu0p50__psi1p25,hardzero_plus_depr,0.01,38,1034,0.0,1,0.49454826,0.49454826,1.0672549,0.0856535,0.0856535,1.0,5.2111957e-15,6.084043e-14,-27.56125,2.3480077,0.78266925,0.17600001,0.0,0.15119222,20.660282,20.680283,3312000
hardzero_plus_depr__c0p54__z1p10__lam0p020__nu0p50__psi1p25,hardzero_plus_depr,0.01,38,1035,0.0,1,0.49454826,0.49454826,1.0495977,0.08920769,0.08920769,1.0,5.293422e-15,5.933818e-14,-27.862913,2.3091612,0.76972044,0.16800001,0.0,0.16719367,20.680283,20.700283,3315200
hardzero_plus_depr__c0p54__z1p10__lam0p020__nu0p50__psi1p25,hardzero_plus_depr,0.01,38,1036,0.0,1,0.49454826,0.49454826,1.0301433,0.093294635,0.093294635,1.0,5.3992425e-15,5.7873025e-14,-28.479492,2.2663605,0.7554535,0.15200001,0.0,0.18678586,20.700283,20.720284,3318400
hardzero_plus_depr__c0p54__z1p10__lam0p020__nu0p50__psi1p25,hardzero_plus_depr,0.01,38,1037,0.0,1,0.49454826,0.49454826,1.0693039,0.08525033,0.08525033,1.0,4.8118832e-15,5.6444158e-14,-27.718966,2.3525155,0.7841718,0.120000005,0.0,0.1780689,20.720284,20.740284,3321600
hardzero_plus_depr__c0p54__z1p10__lam0p020__nu0p50__psi1p25,hardzero_plus_depr,0.01,38,1038,0.0,1,0.49454826,0.49454826,1.0722407,0.0846758,0.0846758,1.0,4.6614506e-15,5.505057e-14,-27.725317,2.3589766,0.7863256,0.128,0.0,0.18110333,20.740284,20.760284,3324800
hardzero_plus_depr__c0p54__z1p10__lam0p020__nu0p50__psi1p25,hardzero_plus_depr,0.01,38,1039,0.0,1,0.49454826,0.49454826,1.0984977,0.079708055,0.079708055,1.0,4.2796276e-15,5.369128e-14,-28.370583,2.4167433,0.8055811,0.128,0.0,0.1660542,20.760284,20.780285,3328000
hardzero_plus_depr__c0p54__z1p10__lam0p020__nu0p50__psi1p25,hardzero_plus_depr,0.01,38,1040,0.0,1,0.49454826,0.49454826,0.99092185,0.1021123,0.1021123,1.0,5.3471682e-15,5.2365566e-14,-26.56642,2.1800716,0.72669053,0.16,0.0,0.15951952,20.780285,20.800285,3331200
hardzero_plus_depr__c0p54__z1p10__lam0p020__nu0p50__psi1p25,hardzero_plus_depr,0.01,38,1041,0.0,1,0.49454826,0.49454826,1.0947889,0.080391675,0.080391675,1.0,4.1058173e-15,5.1072668e-14,-28.424532,2.4085836,0.8028612,0.136,0.0,0.20285709,20.800285,20.820286,3334400
hardzero_plus_depr__c0p54__z1p10__lam0p020__nu0p50__psi1p25,hardzero_plus_depr,0.01,38,1042,0.0,1,0.49454826,0.49454826,1.0238966,0.094646245,0.094646245,1.0,4.7144905e-15,4.98117e-14,-27.14605,2.2526174,0.7508725,0.136,0.0,0.17924418,20.820286,20.840286,3337600
hardzero_plus_depr__c0p54__z1p10__lam0p020__nu0p50__psi1p25,hardzero_plus_depr,0.01,38,1043,0.0,1,0.49454826,0.49454826,1.0520744,0.0887004,0.0887004,1.0,4.3092225e-15,4.858177e-14,-27.790205,2.31461,0.7715367,0.16800001,0.0,0.1702846,20.840286,20.860287,3340800
hardzero_plus_depr__c0p54__z1p10__lam0p020__nu0p50__psi1p25,hardzero_plus_depr,0.01,38,1044,0.0,1,0.49454826,0.49454826,1.0434297,0.09048369,0.09048369,1.0,4.287317e-15,4.738221e-14,-27.43975,2.2955914,0.76519716,0.2,0.0,0.16320634,20.860287,20.880287,3344000
hardzero_plus_depr__c0p54__z1p10__lam0p020__nu0p50__psi1p25,hardzero_plus_depr,0.01,38,1045,0.0,1,0.49454826,0.49454826,1.0536778,0.088373534,0.088373534,1.0,4.083949e-15,4.6212356e-14,-28.11034,2.3181374,0.77271247,0.112,0.0,0.1579788,20.880287,20.900288,3347200
hardzero_plus_depr__c0p54__z1p10__lam0p020__nu0p50__psi1p25,hardzero_plus_depr,0.01,38,1046,0.0,1,0.49454826,0.49454826,1.0996041,0.07950526,0.07950526,1.0,3.5834123e-15,4.5071385e-14,-28.374067,2.4191773,0.80639243,0.14400001,0.0,0.19576994,20.900288,20.920288,3350400
hardzero_plus_depr__c0p54__z1p10__lam0p020__nu0p50__psi1p25,hardzero_plus_depr,0.01,38,1047,0.0,1,0.49454826,0.49454826,1.0340842,0.09245189,0.09245189,1.0,4.0640467e-15,4.3958503e-14,-27.400131,2.2750306,0.7583436,0.208,0.0,0.20028268,20.920288,20.940289,3353600
hardzero_plus_depr__c0p54__z1p10__lam0p020__nu0p50__psi1p25,hardzero_plus_depr,0.01,38,1048,0.0,1,0.49454826,0.49454826,1.0631948,0.086458,0.086458,1.0,3.706722e-15,4.2873094e-14,-27.480787,2.339075,0.7796917,0.128,0.0,0.14909284,20.940289,20.960289,3356800
hardzero_plus_depr__c0p54__z1p10__lam0p020__nu0p50__psi1p25,hardzero_plus_depr,0.01,38,1049,0.0,1,0.49454826,0.49454826,0.9827157,0.1040601,0.1040601,1.0,4.351229e-15,4.1814578e-14,-26.432278,2.1620178,0.7206726,0.14400001,0.0,0.1362152,20.960289,20.98029,3360000
hardzero_plus_depr__c0p54__z1p10__lam0p020__nu0p50__psi1p25,hardzero_plus_depr,0.01,38,1050,0.0,1,0.49454826,0.49454826,1.0641539,0.08626728,0.08626728,1.0,3.5181677e-15,4.078218e-14,-27.805347,2.3411853,0.78039515,0.08800001,0.0,0.19593273,20.98029,21.00029,3363200
hardzero_plus_depr__c0p54__z1p10__lam0p020__nu0p50__psi1p25,hardzero_plus_depr,0.01,38,1051,0.0,1,0.49454826,0.49454826,1.005963,0.09863635,0.09863635,1.0,3.9232817e-15,3.977521e-14,-26.788225,2.2131627,0.7377209,0.104,0.0,0.15954773,21.00029,21.02029,3366400
hardzero_plus_depr__c0p54__z1p10__lam0p020__nu0p50__psi1p25,hardzero_plus_depr,0.01,38,1052,0.0,1,0.49454826,0.49454826,1.0372311,0.09178442,0.09178442,1.0,3.5606017e-15,3.8793096e-14,-28.195242,2.281954,0.76065135,0.16800001,0.0,0.16861144,21.02029,21.04029,3369600
hardzero_plus_depr__c0p54__z1p10__lam0p020__nu0p50__psi1p25,hardzero_plus_depr,0.01,38,1053,0.0,1,0.49454826,0.49454826,1.1064705,0.0,0.07825815,0.0,0.0,3.783531e-14,-27.97856,2.4342837,0.81142795,0.14999999,0.0,0.20751947,21.04029,21.060291,3372800
hardzero_plus_depr__c0p54__z1p10__lam0p020__nu0p50__psi1p25,hardzero_plus_depr,0.01,38,1054,0.0,1,0.49454826,0.49454826,1.0809382,0.08299689,0.08299689,1.0,3.0626814e-15,3.690116e-14,-28.059755,2.3781116,0.79270387,0.104,0.0,0.15529206,21.060291,21.080292,3376000
hardzero_plus_depr__c0p54__z1p10__lam0p020__nu0p50__psi1p25,hardzero_plus_depr,0.01,38,1055,0.0,1,0.49454826,0.49454826,1.091083,0.081080586,0.081080586,1.0,2.9180914e-15,3.5990013e-14,-28.25987,2.4004307,0.8001436,0.128,0.0,0.18215282,21.080292,21.100292,3379200
hardzero_plus_depr__c0p54__z1p10__lam0p020__nu0p50__psi1p25,hardzero_plus_depr,0.01,38,1056,0.0,1,0.49454826,0.49454826,1.0679848,0.08550965,0.08550965,1.0,3.0015053e-15,3.5101364e-14,-27.299236,2.3496134,0.7832045,0.112,0.0,0.14936464,21.100292,21.120293,3382400
hardzero_plus_depr__c0p54__z1p10__lam0p020__nu0p50__psi1p25,hardzero_plus_depr,0.01,38,1057,0.0,1,0.49454826,0.49454826,1.0092312,0.097896844,0.097896844,1.0,3.3514711e-15,3.423472e-14,-26.82108,2.2203531,0.7401177,0.14400001,0.0,0.14126867,21.120293,21.140293,3385600
hardzero_plus_depr__c0p54__z1p10__lam0p020__nu0p50__psi1p25,hardzero_plus_depr,0.01,38,1058,0.0,1,0.49454826,0.49454826,1.0290117,0.09353803,0.09353803,1.0,3.1231858e-15,3.3389476e-14,-27.303741,2.263871,0.75462365,0.15200001,0.0,0.14652647,21.140293,21.160294,3388800
hardzero_plus_depr__c0p54__z1p10__lam0p020__nu0p50__psi1p25,hardzero_plus_depr,0.01,38,1059,0.0,1,0.49454826,0.49454826,1.0450824,0.09013999,0.09013999,1.0,2.9354124e-15,3.256504e-14,-27.675495,2.2992272,0.7664091,0.16800001,0.0,0.1894776,21.160294,21.180294,3392000
hardzero_plus_depr__c0p54__z1p10__lam0p020__nu0p50__psi1p25,hardzero_plus_depr,0.01,38,1060,0.0,1,0.49454826,0.49454826,1.0567601,0.08774855,0.08774855,1.0,2.7869777e-15,3.1760954e-14,-28.22652,2.3249185,0.77497286,0.16800001,0.0,0.17310297,21.180294,21.200294,3395200
hardzero_plus_depr__c0p54__z1p10__lam0p020__nu0p50__psi1p25,hardzero_plus_depr,0.01,38,1061,0.0,1,0.49454826,0.49454826,1.0048438,0.09889087,0.09889087,1.0,3.0633211e-15,3.0976784e-14,-26.230507,2.2107005,0.7369002,0.128,0.0,0.1625411,21.200294,21.220295,3398400
hardzero_plus_depr__c0p54__z1p10__lam0p020__nu0p50__psi1p25,hardzero_plus_depr,0.01,38,1062,0.0,1,0.49454826,0.49454826,1.0523115,0.08865199,0.08865199,1.0,2.6783516e-15,3.0211975e-14,-27.865599,2.3151317,0.7717106,0.136,0.0,0.19661291,21.220295,21.240295,3401600
hardzero_plus_depr__c0p54__z1p10__lam0p020__nu0p50__psi1p25,hardzero_plus_depr,0.01,38,1063,0.0,1,0.49454826,0.49454826,1.0794331,0.083285026,0.083285026,1.0,2.4540762e-15,2.9465996e-14,-28.261148,2.3748002,0.7916001,0.136,0.0,0.19844635,21.240295,21.260296,3404800
hardzero_plus_depr__c0p54__z1p10__lam0p020__nu0p50__psi1p25,hardzero_plus_depr,0.01,38,1064,0.0,1,0.49454826,0.49454826,1.0217373,0.09511798,0.09511798,1.0,2.733542e-15,2.8738435e-14,-26.921473,2.247867,0.74928904,0.2,0.0,0.20886299,21.260296,21.280296,3408000
hardzero_plus_depr__c0p54__z1p10__lam0p020__nu0p50__psi1p25,hardzero_plus_depr,0.01,38,1065,0.0,1,0.49454826,0.49454826,1.0803108,0.08311687,0.08311687,1.0,2.3296737e-15,2.8028891e-14,-28.410225,2.3767312,0.7922437,0.224,0.0,0.1689017,21.280296,21.300297,3411200
hardzero_plus_depr__c0p54__z1p10__lam0p020__nu0p50__psi1p25,hardzero_plus_depr,0.01,38,1066,0.0,1,0.49454826,0.49454826,1.0333165,0.09261546,0.09261546,1.0,2.5318164e-15,2.7336865e-14,-26.656506,2.2733417,0.75778055,0.17999999,0.0,0.14420657,21.300297,21.320297,3414400
hardzero_plus_depr__c0p54__z1p10__lam0p020__nu0p50__psi1p25,hardzero_plus_depr,0.01,38,1067,0.0,1,0.49454826,0.49454826,1.0412675,0.0909353,0.0909353,1.0,2.4245056e-15,2.6661875e-14,-27.955574,2.2908342,0.76361144,0.14400001,0.0,0.14917426,21.320297,21.340298,3417600
hardzero_plus_depr__c0p54__z1p10__lam0p020__nu0p50__psi1p25,hardzero_plus_depr,0.01,38,1068,0.0,1,0.49454826,0.49454826,1.0461276,0.089923345,0.089923345,1.0,2.3383261e-15,2.600355e-14,-26.997961,2.3015265,0.76717556,0.128,0.0,0.15579888,21.340298,21.360298,3420800
hardzero_plus_depr__c0p54__z1p10__lam0p020__nu0p50__psi1p25,hardzero_plus_depr,0.01,38,1069,0.0,1,0.49454826,0.49454826,1.110001,0.0,0.07762454,0.0,0.0,2.536153e-14,-28.772802,2.442051,0.814017,0.15200001,0.0,0.17027545,21.360298,21.380299,3424000
hardzero_plus_depr__c0p54__z1p10__lam0p020__nu0p50__psi1p25,hardzero_plus_depr,0.01,38,1070,0.0,1,0.49454826,0.49454826,1.0623893,0.08661851,0.08661851,1.0,2.1425402e-15,2.4735361e-14,-27.711437,2.337303,0.779101,0.17600001,0.0,0.1722399,21.380299,21.4003,3427200
hardzero_plus_depr__c0p54__z1p10__lam0p020__nu0p50__psi1p25,hardzero_plus_depr,0.01,38,1071,0.0,1,0.49454826,0.49454826,1.0886644,0.0815334,0.0815334,1.0,1.9669613e-15,2.4124606e-14,-29.137728,2.3951097,0.7983699,0.080000006,0.0,0.1686428,21.4003,21.4203,3430400
hardzero_plus_depr__c0p54__z1p10__lam0p020__nu0p50__psi1p25,hardzero_plus_depr,0.01,38,1072,0.0,1,0.49454826,0.49454826,1.1450002,0.0,0.071614295,0.0,0.0,2.3528932e-14,-29.256275,2.5190508,0.83968365,0.120000005,0.0,0.19066621,21.4203,21.4403,3433600
hardzero_plus_depr__c0p54__z1p10__lam0p020__nu0p50__psi1p25,hardzero_plus_depr,0.01,38,1073,0.0,1,0.49454826,0.49454826,1.0319928,0.09289818,0.09289818,1.0,2.1318284e-15,2.294801e-14,-28.114481,2.2704294,0.75680983,0.224,0.0,0.2011424,21.4403,21.4603,3436800
hardzero_plus_depr__c0p54__z1p10__lam0p020__nu0p50__psi1p25,hardzero_plus_depr,0.01,38,1074,0.0,1,0.49454826,0.49454826,1.092234,0.08086601,0.08086601,1.0,1.8098968e-15,2.238143e-14,-28.866653,2.4029627,0.8009876,0.16000001,0.0,0.16818845,21.4603,21.4803,3440000
hardzero_plus_depr__c0p54__z1p10__lam0p020__nu0p50__psi1p25,hardzero_plus_depr,0.01,38,1075,0.0,1,0.49454826,0.49454826,1.0517601,0.08876463,0.08876463,1.0,1.9376251e-15,2.1828796e-14,-28.180334,2.3139184,0.77130616,0.14400001,0.0,0.19191335,21.4803,21.500301,3443200
hardzero_plus_depr__c0p54__z1p10__lam0p020__nu0p50__psi1p25,hardzero_plus_depr,0.01,38,1076,0.0,1,0.49454826,0.49454826,1.0449121,0.090175375,0.090175375,1.0,1.9198165e-15,2.1289809e-14,-28.215525,2.2988524,0.76628417,0.224,0.0,0.18185261,21.500301,21.520302,3446400
hardzero_plus_depr__c0p54__z1p10__lam0p020__nu0p50__psi1p25,hardzero_plus_depr,0.01,38,1077,0.0,1,0.49454826,0.49454826,1.0064541,0.09852488,0.09852488,1.0,2.0457874e-15,2.076417e-14,-27.365725,2.2142432,0.7380811,0.128,0.0,0.17808644,21.520302,21.540302,3449600
hardzero_plus_depr__c0p54__z1p10__lam0p020__nu0p50__psi1p25,hardzero_plus_depr,0.01,38,1078,0.0,1,0.49454826,0.49454826,1.0191334,0.09569,0.09569,1.0,1.9378668e-15,2.0251509e-14,-26.995577,2.2421384,0.7473795,0.17600001,0.0,0.14715216,21.540302,21.560303,3452800
hardzero_plus_depr__c0p54__z1p10__lam0p020__nu0p50__psi1p25,hardzero_plus_depr,0.01,38,1079,0.0,1,0.49454826,0.49454826,1.0494983,0.08922811,0.08922811,1.0,1.7623862e-15,1.9751468e-14,-27.962852,2.3089423,0.7696475,0.12,0.0,0.14390233,21.560303,21.580303,3456000
hardzero_plus_depr__c0p54__z1p10__lam0p020__nu0p50__psi1p25,hardzero_plus_depr,0.01,38,1080,0.0,1,0.49454826,0.49454826,0.99440366,0.10129694,0.10129694,1.0,1.9513613e-15,1.9263772e-14,-26.708727,2.1877317,0.72924393,0.14400001,0.0,0.14639826,21.580303,21.600304,3459200
hardzero_plus_depr__c0p54__z1p10__lam0p020__nu0p50__psi1p25,hardzero_plus_depr,0.01,38,1081,0.0,1,0.49454826,0.49454826,1.0451094,0.090134405,0.090134405,1.0,1.6934593e-15,1.8788156e-14,-27.350513,2.2992866,0.7664289,0.112,0.0,0.18394677,21.600304,21.620304,3462400
hardzero_plus_depr__c0p54__z1p10__lam0p020__nu0p50__psi1p25,hardzero_plus_depr,0.01,38,1082,0.0,1,0.49454826,0.49454826,1.0782689,0.08350857,0.08350857,1.0,1.5302345e-15,1.832428e-14,-28.28347,2.3722389,0.79074633,0.14400001,0.0,0.20841679,21.620304,21.640305,3465600
hardzero_plus_depr__c0p54__z1p10__lam0p020__nu0p50__psi1p25,hardzero_plus_depr,0.01,38,1083,0.0,1,0.49454826,0.49454826,1.0304022,0.093239054,0.093239054,1.0,1.6663521e-15,1.7871826e-14,-27.802713,2.26693,0.75564337,0.16000001,0.0,0.16342881,21.640305,21.660305,3468800
hardzero_plus_depr__c0p54__z1p10__lam0p020__nu0p50__psi1p25,hardzero_plus_depr,0.01,38,1084,0.0,1,0.49454826,0.49454826,1.078257,0.08351086,0.08351086,1.0,1.4556396e-15,1.7430542e-14,-28.294317,2.3722126,0.79073757,0.08800001,0.0,0.16632956,21.660305,21.680305,3472000
hardzero_plus_depr__c0p54__z1p10__lam0p020__nu0p50__psi1p25,hardzero_plus_depr,0.01,38,1085,0.0,1,0.49454826,0.49454826,1.0271124,0.09394803,0.09394803,1.0,1.597134e-15,1.7000187e-14,-27.180176,2.2596922,0.75323075,0.14400001,0.0,0.17045346,21.680305,21.700306,3475200
hardzero_plus_depr__c0p54__z1p10__lam0p020__nu0p50__psi1p25,hardzero_plus_depr,0.01,38,1086,0.0,1,0.49454826,0.49454826,1.0360705,0.092030026,0.092030026,1.0,1.5259e-15,1.6580458e-14,-26.979868,2.2794006,0.7598002,0.120000005,0.0,0.15200666,21.700306,21.720306,3478400
hardzero_plus_depr__c0p54__z1p10__lam0p020__nu0p50__psi1p25,hardzero_plus_depr,0.01,38,1087,0.0,1,0.49454826,0.49454826,1.0451581,0.09012428,0.09012428,1.0,1.4574051e-15,1.617106e-14,-27.440142,2.299394,0.76646465,0.096,0.0,0.15772265,21.720306,21.740307,3481600
hardzero_plus_depr__c0p54__z1p10__lam0p020__nu0p50__psi1p25,hardzero_plus_depr,0.01,38,1088,0.0,1,0.49454826,0.49454826,1.0161608,0.09634722,0.09634722,1.0,1.5195662e-15,1.577177e-14,-26.797916,2.2355986,0.74519956,0.224,0.0,0.14831154,21.740307,21.760307,3484800
hardzero_plus_depr__c0p54__z1p10__lam0p020__nu0p50__psi1p25,hardzero_plus_depr,0.01,38,1089,0.0,1,0.49454826,0.49454826,1.0627708,0.086542435,0.086542435,1.0,1.3312278e-15,1.538237e-14,-27.875452,2.3381426,0.7793809,0.15200001,0.0,0.1764191,21.760307,21.780308,3488000
hardzero_plus_depr__c0p54__z1p10__lam0p020__nu0p50__psi1p25,hardzero_plus_depr,0.01,38,1090,0.0,1,0.49454826,0.49454826,1.0226203,0.09492479,0.09492479,1.0,1.4241171e-15,1.5002583e-14,-27.289173,2.2498097,0.7499366,0.16800001,0.0,0.18517493,21.780308,21.800308,3491200
hardzero_plus_depr__c0p54__z1p10__lam0p020__nu0p50__psi1p25,hardzero_plus_depr,0.01,38,1091,0.0,1,0.49454826,0.49454826,1.0517117,0.08877452,0.08877452,1.0,1.2989618e-15,1.4632147e-14,-27.505245,2.3138118,0.77127063,0.136,0.0,0.1658346,21.800308,21.820309,3494400
hardzero_plus_depr__c0p54__z1p10__lam0p020__nu0p50__psi1p25,hardzero_plus_depr,0.01,38,1092,0.0,1,0.49454826,0.49454826,1.0856956,0.08209267,0.08209267,1.0,1.1715326e-15,1.4270855e-14,-28.481503,2.388578,0.79619265,0.14,0.0,0.1658449,21.820309,21.84031,3497600
hardzero_plus_depr__c0p54__z1p10__lam0p020__nu0p50__psi1p25,hardzero_plus_depr,0.01,38,1093,0.0,1,0.49454826,0.49454826,1.0271554,0.0939387,0.0939387,1.0,1.3074869e-15,1.3918512e-14,-27.203876,2.259787,0.7532624,0.16000001,0.0,0.15524594,21.84031,21.86031,3500800
hardzero_plus_depr__c0p54__z1p10__lam0p020__nu0p50__psi1p25,hardzero_plus_depr,0.01,38,1094,0.0,1,0.49454826,0.49454826,1.0469381,0.08975567,0.08975567,1.0,1.2184213e-15,1.3574868e-14,-27.115398,2.3033097,0.76776993,0.120000005,0.0,0.1472639,21.86031,21.88031,3504000
hardzero_plus_depr__c0p54__z1p10__lam0p020__nu0p50__psi1p25,hardzero_plus_depr,0.01,38,1095,0.0,1,0.49454826,0.49454826,1.0520649,0.08870235,0.08870235,1.0,1.1743911e-15,1.3239683e-14,-27.57404,2.314589,0.7715297,0.136,0.0,0.15715925,21.88031,21.90031,3507200
hardzero_plus_depr__c0p54__z1p10__lam0p020__nu0p50__psi1p25,hardzero_plus_depr,0.01,38,1096,0.0,1,0.49454826,0.49454826,1.0146147,0.096690826,0.096690826,1.0,1.2485468e-15,1.2912774e-14,-26.486473,2.2321968,0.74406564,0.17600001,0.0,0.13889186,21.90031,21.920311,3510400
hardzero_plus_depr__c0p54__z1p10__lam0p020__nu0p50__psi1p25,hardzero_plus_depr,0.01,38,1097,0.0,1,0.49454826,0.49454826,1.0944833,0.08044828,0.08044828,1.0,1.0131626e-15,1.2593962e-14,-28.12331,2.4079113,0.8026371,0.192,0.0,0.18441027,21.920311,21.940311,3513600
hardzero_plus_depr__c0p54__z1p10__lam0p020__nu0p50__psi1p25,hardzero_plus_depr,0.01,38,1098,0.0,1,0.49454826,0.49454826,1.0016767,0.09961467,0.09961467,1.0,1.2235691e-15,1.22830204e-14,-26.48972,2.2037327,0.7345776,0.15200001,0.0,0.16393644,21.940311,21.960312,3516800
hardzero_plus_depr__c0p54__z1p10__lam0p020__nu0p50__psi1p25,hardzero_plus_depr,0.01,38,1099,0.0,1,0.49454826,0.49454826,1.0705296,0.08501009,0.08501009,1.0,1.0183982e-15,1.19797335e-14,-28.376839,2.355212,0.78507066,0.15200001,0.0,0.18987322,21.960312,21.980312,3520000
hardzero_plus_depr__c0p54__z1p10__lam0p020__nu0p50__psi1p25,hardzero_plus_depr,0.01,38,1100,0.0,1,0.49454826,0.49454826,1.1074023,0.0,0.0780904,0.0,0.0,1.1683935e-14,-28.39534,2.4363337,0.81211126,0.112,0.0,0.21742412,21.980312,22.000313,3523200
hardzero_plus_depr__c0p54__z1p10__lam0p020__nu0p50__psi1p25,hardzero_plus_depr,0.01,38,1101,0.0,1,0.49454826,0.49454826,1.0373622,0.091756694,0.091756694,1.0,1.04561e-15,1.1395462e-14,-27.960173,2.2822425,0.76074755,0.136,0.0,0.14910915,22.000313,22.020313,3526400
hardzero_plus_depr__c0p54__z1p10__lam0p020__nu0p50__psi1p25,hardzero_plus_depr,0.01,38,1102,0.0,1,0.49454826,0.49454826,1.0650415,0.086091146,0.086091146,1.0,9.568265e-16,1.1114111e-14,-27.269314,2.3431382,0.7810461,0.136,0.0,0.17683682,22.020313,22.040314,3529600
hardzero_plus_depr__c0p54__z1p10__lam0p020__nu0p50__psi1p25,hardzero_plus_depr,0.01,38,1103,0.0,1,0.49454826,0.49454826,1.0251613,0.094371036,0.094371036,1.0,1.0229525e-15,1.08396865e-14,-26.849789,2.2554,0.7518,0.224,0.0,0.15477291,22.040314,22.060314,3532800
hardzero_plus_depr__c0p54__z1p10__lam0p020__nu0p50__psi1p25,hardzero_plus_depr,0.01,38,1104,0.0,1,0.49454826,0.49454826,1.0741626,0.08430191,0.08430191,1.0,8.912429e-16,1.0572037e-14,-27.670944,2.363205,0.787735,0.136,0.0,0.15483521,22.060314,22.080315,3536000
hardzero_plus_depr__c0p54__z1p10__lam0p020__nu0p50__psi1p25,hardzero_plus_depr,0.01,38,1105,0.0,1,0.49454826,0.49454826,1.074233,0.084288225,0.084288225,1.0,8.6909736e-16,1.0311018e-14,-27.755215,2.36336,0.78778666,0.099999994,0.0,0.17309725,22.080315,22.100315,3539200
hardzero_plus_depr__c0p54__z1p10__lam0p020__nu0p50__psi1p25,hardzero_plus_depr,0.01,38,1106,0.0,1,0.49454826,0.49454826,1.0602475,0.08704673,0.08704673,1.0,8.7538023e-16,1.005644e-14,-27.2652,2.332591,0.7775304,0.120000005,0.0,0.15021972,22.100315,22.120316,3542400
hardzero_plus_depr__c0p54__z1p10__lam0p020__nu0p50__psi1p25,hardzero_plus_depr,0.01,38,1107,0.0,1,0.49454826,0.49454826,1.0245955,0.09449405,0.09449405,1.0,9.268101e-16,9.808132e-15,-26.530416,2.2541552,0.7513851,0.14400001,0.0,0.17698795,22.120316,22.140316,3545600
hardzero_plus_depr__c0p54__z1p10__lam0p020__nu0p50__psi1p25,hardzero_plus_depr,0.01,38,1108,0.0,1,0.49454826,0.49454826,1.0438551,0.09039511,0.09039511,1.0,8.647153e-16,9.565952e-15,-26.600275,2.296527,0.765509,0.192,0.0,0.16519913,22.140316,22.160316,3548800
hardzero_plus_depr__c0p54__z1p10__lam0p020__nu0p50__psi1p25,hardzero_plus_depr,0.01,38,1109,0.0,1,0.49454826,0.49454826,1.0740991,0.084314235,0.084314235,1.0,7.8663267e-16,9.329773e-15,-27.591352,2.363065,0.7876884,0.17600001,0.0,0.1591436,22.160316,22.180317,3552000
hardzero_plus_depr__c0p54__z1p10__lam0p020__nu0p50__psi1p25,hardzero_plus_depr,0.01,38,1110,0.0,1,0.49454826,0.49454826,1.0621263,0.086670965,0.086670965,1.0,7.8865575e-16,9.0994225e-15,-27.811438,2.3367245,0.7789082,0.112,0.0,0.14017653,22.180317,22.200317,3555200
hardzero_plus_depr__c0p54__z1p10__lam0p020__nu0p50__psi1p25,hardzero_plus_depr,0.01,38,1111,0.0,1,0.49454826,0.49454826,1.0304472,0.09322936,0.09322936,1.0,8.2738665e-16,8.874744e-15,-27.848988,2.2670293,0.75567645,0.208,0.0,0.1815137,22.200317,22.220318,3558400
hardzero_plus_depr__c0p54__z1p10__lam0p020__nu0p50__psi1p25,hardzero_plus_depr,0.01,38,1112,0.0,1,0.49454826,0.49454826,1.035976,0.092050046,0.092050046,1.0,7.9674947e-16,8.655612e-15,-26.432957,2.279193,0.759731,0.136,0.0,0.17072266,22.220318,22.240318,3561600
hardzero_plus_depr__c0p54__z1p10__lam0p020__nu0p50__psi1p25,hardzero_plus_depr,0.01,38,1113,0.0,1,0.49454826,0.49454826,1.0343342,0.09239868,0.09239868,1.0,7.8002115e-16,8.441908e-15,-27.19174,2.2755806,0.7585269,0.208,0.0,0.1557186,22.240318,22.260319,3564800
hardzero_plus_depr__c0p54__z1p10__lam0p020__nu0p50__psi1p25,hardzero_plus_depr,0.01,38,1114,0.0,1,0.49454826,0.49454826,0.98209155,0.10420976,0.10420976,1.0,8.580089e-16,8.23348e-15,-26.483448,2.1606445,0.72021484,0.208,0.0,0.15272558,22.260319,22.28032,3568000
hardzero_plus_depr__c0p54__z1p10__lam0p020__nu0p50__psi1p25,hardzero_plus_depr,0.01,38,1115,0.0,1,0.49454826,0.49454826,1.0227776,0.09489043,0.09489043,1.0,7.619874e-16,8.0301815e-15,-27.487915,2.2501554,0.75005186,0.16000001,0.0,0.1444854,22.28032,22.30032,3571200
hardzero_plus_depr__c0p54__z1p10__lam0p020__nu0p50__psi1p25,hardzero_plus_depr,0.01,38,1116,0.0,1,0.49454826,0.49454826,1.0678008,0.085545905,0.085545905,1.0,6.699873e-16,7.831904e-15,-27.750557,2.3492086,0.78306955,0.128,0.0,0.15888183,22.30032,22.32032,3574400
hardzero_plus_depr__c0p54__z1p10__lam0p020__nu0p50__psi1p25,hardzero_plus_depr,0.01,38,1117,0.0,1,0.49454826,0.49454826,1.0469837,0.08974624,0.08974624,1.0,6.855299e-16,7.638536e-15,-27.255215,2.3034103,0.76780343,0.128,0.0,0.14124063,22.32032,22.34032,3577600
hardzero_plus_depr__c0p54__z1p10__lam0p020__nu0p50__psi1p25,hardzero_plus_depr,0.01,38,1118,0.0,1,0.49454826,0.49454826,0.99879134,0.10027869,0.10027869,1.0,7.4707057e-16,7.449944e-15,-26.721693,2.1973848,0.73246163,0.22999999,0.0,0.1257806,22.34032,22.360321,3580800
hardzero_plus_depr__c0p54__z1p10__lam0p020__nu0p50__psi1p25,hardzero_plus_depr,0.01,38,1119,0.0,1,0.49454826,0.49454826,1.032949,0.092693865,0.092693865,1.0,6.7351295e-16,7.265993e-15,-27.003252,2.2725332,0.7575111,0.14400001,0.0,0.14974518,22.360321,22.380322,3584000
hardzero_plus_depr__c0p54__z1p10__lam0p020__nu0p50__psi1p25,hardzero_plus_depr,0.01,38,1120,0.0,1,0.49454826,0.49454826,1.0807643,0.08303011,0.08303011,1.0,5.8839985e-16,7.086584e-15,-27.925644,2.377729,0.7925763,0.136,0.0,0.14700882,22.380322,22.400322,3587200
hardzero_plus_depr__c0p54__z1p10__lam0p020__nu0p50__psi1p25,hardzero_plus_depr,0.01,38,1121,0.0,1,0.49454826,0.49454826,1.0473539,0.089669794,0.089669794,1.0,6.197633e-16,6.9116177e-15,-27.274933,2.3042245,0.76807487,0.17600001,0.0,0.16810812,22.400322,22.420322,3590400
hardzero_plus_depr__c0p54__z1p10__lam0p020__nu0p50__psi1p25,hardzero_plus_depr,0.01,38,1122,0.0,1,0.49454826,0.49454826,1.0674931,0.08560652,0.08560652,1.0,5.7707116e-16,6.7409715e-15,-28.254856,2.3485317,0.78284395,0.112,0.0,0.18359981,22.420322,22.440323,3593600
hardzero_plus_depr__c0p54__z1p10__lam0p020__nu0p50__psi1p25,hardzero_plus_depr,0.01,38,1123,0.0,1,0.49454826,0.49454826,1.0919563,0.08091773,0.08091773,1.0,5.319958e-16,6.574527e-15,-27.682106,2.4023519,0.800784,0.128,0.0,0.18064289,22.440323,22.460323,3596800
hardzero_plus_depr__c0p54__z1p10__lam0p020__nu0p50__psi1p25,hardzero_plus_depr,0.01,38,1124,0.0,1,0.49454826,0.49454826,1.0609592,0.086904205,0.086904205,1.0,5.572464e-16,6.4121915e-15,-27.638039,2.334157,0.77805233,0.14400001,0.0,0.15841296,22.460323,22.480324,3600000
hardzero_plus_depr__c0p54__z1p10__lam0p020__nu0p50__psi1p25,hardzero_plus_depr,0.01,38,1125,0.0,1,0.49454826,0.49454826,1.0163646,0.09630202,0.09630202,1.0,6.022609e-16,6.2538763e-15,-27.090555,2.2360468,0.74534893,0.192,0.0,0.16426033,22.480324,22.500324,3603200
hardzero_plus_depr__c0p54__z1p10__lam0p020__nu0p50__psi1p25,hardzero_plus_depr,0.01,38,1126,0.0,1,0.49454826,0.49454826,1.0370582,0.09182094,0.09182094,1.0,5.6005903e-16,6.09947e-15,-27.011194,2.2815738,0.76052463,0.14400001,0.0,0.19046625,22.500324,22.520325,3606400
hardzero_plus_depr__c0p54__z1p10__lam0p020__nu0p50__psi1p25,hardzero_plus_depr,0.01,38,1127,0.0,1,0.49454826,0.49454826,1.0409873,0.090994,0.090994,1.0,5.4131096e-16,5.9488644e-15,-27.163862,2.2902176,0.7634059,0.14400001,0.0,0.17065904,22.520325,22.540325,3609600
hardzero_plus_depr__c0p54__z1p10__lam0p020__nu0p50__psi1p25,hardzero_plus_depr,0.01,38,1128,0.0,1,0.49454826,0.49454826,1.0526191,0.088589214,0.088589214,1.0,5.1399256e-16,5.801977e-15,-27.940998,2.3158083,0.7719361,0.120000005,0.0,0.16864966,22.540325,22.560326,3612800
hardzero_plus_depr__c0p54__z1p10__lam0p020__nu0p50__psi1p25,hardzero_plus_depr,0.01,38,1129,0.0,1,0.49454826,0.49454826,0.97243375,0.10655314,0.10655314,1.0,6.029552e-16,5.658728e-15,-26.86574,2.139397,0.7131323,0.17600001,0.0,0.1461584,22.560326,22.580326,3616000
hardzero_plus_depr__c0p54__z1p10__lam0p020__nu0p50__psi1p25,hardzero_plus_depr,0.01,38,1130,0.0,1,0.49454826,0.49454826,0.98660547,0.10313226,0.10313226,1.0,5.6918856e-16,5.5190155e-15,-26.24822,2.1705754,0.72352517,0.16000001,0.0,0.14359793,22.580326,22.600327,3619200
hardzero_plus_depr__c0p54__z1p10__lam0p020__nu0p50__psi1p25,hardzero_plus_depr,0.01,38,1131,0.0,1,0.49454826,0.49454826,1.044756,0.09020778,0.09020778,1.0,4.8556524e-16,5.3827423e-15,-26.723642,2.2985091,0.7661697,0.21,0.0,0.17121407,22.600327,22.620327,3622400
hardzero_plus_depr__c0p54__z1p10__lam0p020__nu0p50__psi1p25,hardzero_plus_depr,0.01,38,1132,0.0,1,0.49454826,0.49454826,1.0325878,0.092771,0.092771,1.0,4.870324e-16,5.2498344e-15,-26.75247,2.2717385,0.7572462,0.224,0.0,0.15560928,22.620327,22.640327,3625600
hardzero_plus_depr__c0p54__z1p10__lam0p020__nu0p50__psi1p25,hardzero_plus_depr,0.01,38,1133,0.0,1,0.49454826,0.49454826,1.0788089,0.08340481,0.08340481,1.0,4.2705075e-16,5.120217e-15,-27.57647,2.373427,0.79114234,0.16000001,0.0,0.16785903,22.640327,22.660328,3628800
hardzero_plus_depr__c0p54__z1p10__lam0p020__nu0p50__psi1p25,hardzero_plus_depr,0.01,38,1134,0.0,1,0.49454826,0.49454826,1.0749947,0.08414055,0.08414055,1.0,4.201811e-16,4.9938005e-15,-27.60794,2.3650355,0.7883452,0.16800001,0.0,0.18052684,22.660328,22.680328,3632000
hardzero_plus_depr__c0p54__z1p10__lam0p020__nu0p50__psi1p25,hardzero_plus_depr,0.01,38,1135,0.0,1,0.49454826,0.49454826,1.0531647,0.08847799,0.08847799,1.0,4.309317e-16,4.8704958e-15,-27.964125,2.3170087,0.77233624,0.16800001,0.0,0.1604889,22.680328,22.700329,3635200
hardzero_plus_depr__c0p54__z1p10__lam0p020__nu0p50__psi1p25,hardzero_plus_depr,0.01,38,1136,0.0,1,0.49454826,0.49454826,1.0385077,0.09151501,0.09151501,1.0,4.3471793e-16,4.750236e-15,-27.44069,2.2847626,0.76158756,0.15200001,0.0,0.16277143,22.700329,22.72033,3638400
hardzero_plus_depr__c0p54__z1p10__lam0p020__nu0p50__psi1p25,hardzero_plus_depr,0.01,38,1137,0.0,1,0.49454826,0.49454826,1.0863755,0.081964254,0.081964254,1.0,3.7973657e-16,4.6329534e-15,-28.078953,2.3900738,0.7966913,0.112,0.0,0.17216694,22.72033,22.74033,3641600
hardzero_plus_depr__c0p54__z1p10__lam0p020__nu0p50__psi1p25,hardzero_plus_depr,0.01,38,1138,0.0,1,0.49454826,0.49454826,0.98170096,0.104303524,0.104303524,1.0,4.7130247e-16,4.518567e-15,-27.254612,2.1597853,0.71992844,0.192,0.008,0.15531169,22.74033,22.76033,3644800
hardzero_plus_depr__c0p54__z1p10__lam0p020__nu0p50__psi1p25,hardzero_plus_depr,0.01,38,1139,0.0,1,0.49454826,0.49454826,1.0293299,0.09346952,0.09346952,1.0,4.1191988e-16,4.406997e-15,-27.163906,2.264571,0.754857,0.112,0.0,0.13444845,22.76033,22.78033,3648000
hardzero_plus_depr__c0p54__z1p10__lam0p020__nu0p50__psi1p25,hardzero_plus_depr,0.01,38,1140,0.0,1,0.49454826,0.49454826,1.0980682,0.07978693,0.07978693,1.0,3.4293865e-16,4.298181e-15,-28.375463,2.4157984,0.80526614,0.24800001,0.0,0.19564855,22.78033,22.800331,3651200
hardzero_plus_depr__c0p54__z1p10__lam0p020__nu0p50__psi1p25,hardzero_plus_depr,0.01,38,1141,0.0,1,0.49454826,0.49454826,0.9972775,0.10062884,0.10062884,1.0,4.2184213e-16,4.19206e-15,-26.655739,2.1940544,0.7313515,0.14400001,0.0,0.15280339,22.800331,22.820332,3654400
hardzero_plus_depr__c0p54__z1p10__lam0p020__nu0p50__psi1p25,hardzero_plus_depr,0.01,38,1142,0.0,1,0.49454826,0.49454826,1.0572239,0.08765487,0.08765487,1.0,3.5838213e-16,4.0885594e-15,-27.29178,2.3259392,0.7753131,0.136,0.0,0.17051746,22.820332,22.840332,3657600
hardzero_plus_depr__c0p54__z1p10__lam0p020__nu0p50__psi1p25,hardzero_plus_depr,0.01,38,1143,0.0,1,0.49454826,0.49454826,1.1089338,0.0,0.077815495,0.0,0.0,3.9876067e-15,-28.89286,2.439703,0.8132343,0.120000005,0.0,0.20058113,22.840332,22.860332,3660800
hardzero_plus_depr__c0p54__z1p10__lam0p020__nu0p50__psi1p25,hardzero_plus_depr,0.01,38,1144,0.0,1,0.49454826,0.49454826,1.0362916,0.09198318,0.09198318,1.0,3.5773603e-16,3.8891463e-15,-26.960844,2.279887,0.7599623,0.12,0.01,0.17264414,22.860332,22.880333,3664000
hardzero_plus_depr__c0p54__z1p10__lam0p020__nu0p50__psi1p25,hardzero_plus_depr,0.01,38,1145,0.0,1,0.49454826,0.49454826,1.04642,0.08986282,0.08986282,1.0,3.4086088e-16,3.7931245e-15,-27.53055,2.30217,0.76739,0.104,0.0,0.15931654,22.880333,22.900333,3667200
hardzero_plus_depr__c0p54__z1p10__lam0p020__nu0p50__psi1p25,hardzero_plus_depr,0.01,38,1146,0.0,1,0.49454826,0.49454826,1.0241818,0.0945841,0.0945841,1.0,3.4991135e-16,3.699473e-15,-27.384022,2.253245,0.7510817,0.16000001,0.0,0.184614,22.900333,22.920334,3670400
hardzero_plus_depr__c0p54__z1p10__lam0p020__nu0p50__psi1p25,hardzero_plus_depr,0.01,38,1147,0.0,1,0.49454826,0.49454826,1.0623118,0.08663397,0.08663397,1.0,3.1258642e-16,3.6081274e-15,-27.727,2.3371325,0.77904415,0.128,0.0,0.16092367,22.920334,22.940334,3673600
hardzero_plus_depr__c0p54__z1p10__lam0p020__nu0p50__psi1p25,hardzero_plus_depr,0.01,38,1148,0.0,1,0.49454826,0.49454826,1.015103,0.096582174,0.096582174,1.0,3.3987623e-16,3.519037e-15,-26.781237,2.2332711,0.74442375,0.216,0.0,0.16028488,22.940334,22.960335,3676800
hardzero_plus_depr__c0p54__z1p10__lam0p020__nu0p50__psi1p25,hardzero_plus_depr,0.01,38,1149,0.0,1,0.49454826,0.49454826,1.0543377,0.08823934,0.08823934,1.0,3.028509e-16,3.432153e-15,-27.417313,2.3195894,0.77319646,0.136,0.0,0.16088498,22.960335,22.980335,3680000
hardzero_plus_depr__c0p54__z1p10__lam0p020__nu0p50__psi1p25,hardzero_plus_depr,0.01,38,1150,0.0,1,0.49454826,0.49454826,1.015725,0.09644394,0.09644394,1.0,3.228378e-16,3.3474139e-15,-26.622028,2.2346396,0.7448799,0.16800001,0.0,0.18703927,22.980335,23.000336,3683200
hardzero_plus_depr__c0p54__z1p10__lam0p020__nu0p50__psi1p25,hardzero_plus_depr,0.01,38,1151,0.0,1,0.49454826,0.49454826,1.0343648,0.092392154,0.092392154,1.0,3.0163833e-16,3.2647614e-15,-27.534958,2.275648,0.7585494,0.16800001,0.0,0.17368619,23.000336,23.020336,3686400
hardzero_plus_depr__c0p54__z1p10__lam0p020__nu0p50__psi1p25,hardzero_plus_depr,0.01,38,1152,0.0,1,0.49454826,0.49454826,0.9878344,0.102840826,0.102840826,1.0,3.274605e-16,3.1841489e-15,-26.274912,2.173279,0.7244264,0.15200001,0.0,0.13384907,23.020336,23.040337,3689600
hardzero_plus_depr__c0p54__z1p10__lam0p020__nu0p50__psi1p25,hardzero_plus_depr,0.01,38,1153,0.0,1,0.49454826,0.49454826,1.0451708,0.090121664,0.090121664,1.0,2.798758e-16,3.105533e-15,-27.668505,2.2994215,0.7664739,0.2,0.0,0.19323075,23.040337,23.060337,3692800
hardzero_plus_depr__c0p54__z1p10__lam0p020__nu0p50__psi1p25,hardzero_plus_depr,0.01,38,1154,0.0,1,0.49454826,0.49454826,1.0416753,0.090849936,0.090849936,1.0,2.751716e-16,3.0288585e-15,-27.271255,2.2917314,0.7639105,0.128,0.0,0.16121939,23.060337,23.080338,3696000
hardzero_plus_depr__c0p54__z1p10__lam0p020__nu0p50__psi1p25,hardzero_plus_depr,0.01,38,1155,0.0,1,0.49454826,0.49454826,1.0548172,0.088141985,0.088141985,1.0,2.603777e-16,2.954071e-15,-27.552391,2.3206441,0.77354807,0.14400001,0.0,0.18139271,23.080338,23.100338,3699200
hardzero_plus_depr__c0p54__z1p10__lam0p020__nu0p50__psi1p25,hardzero_plus_depr,0.01,38,1156,0.0,1,0.49454826,0.49454826,1.0661147,0.08587868,0.08587868,1.0,2.474277e-16,2.8811307e-15,-27.775023,2.345499,0.78183305,0.112,0.0,0.14622582,23.100338,23.120338,3702400
hardzero_plus_depr__c0p54__z1p10__lam0p020__nu0p50__psi1p25,hardzero_plus_depr,0.01,38,1157,0.0,1,0.49454826,0.49454826,1.0794632,0.08327922,0.08327922,1.0,2.340143e-16,2.809996e-15,-27.965555,2.3748665,0.79162216,0.14,0.0,0.163889,23.120338,23.140339,3705600
hardzero_plus_depr__c0p54__z1p10__lam0p020__nu0p50__psi1p25,hardzero_plus_depr,0.01,38,1158,0.0,1,0.49454826,0.49454826,1.0143812,0.09674283,0.09674283,1.0,2.6513518e-16,2.7406183e-15,-27.109869,2.231683,0.74389434,0.18400002,0.0,0.17082906,23.140339,23.16034,3708800
hardzero_plus_depr__c0p54__z1p10__lam0p020__nu0p50__psi1p25,hardzero_plus_depr,0.01,38,1159,0.0,1,0.49454826,0.49454826,0.96540505,0.10829163,0.10829163,1.0,2.894579e-16,2.6729478e-15,-26.572021,2.1239336,0.7079779,0.192,0.0,0.14133179,23.16034,23.18034,3712000
hardzero_plus_depr__c0p54__z1p10__lam0p020__nu0p50__psi1p25,hardzero_plus_depr,0.01,38,1160,0.0,1,0.49454826,0.49454826,1.0788392,0.083399,0.083399,1.0,2.1741692e-16,2.6069489e-15,-28.26416,2.3734937,0.7911646,0.120000005,0.0,0.16834351,23.18034,23.20034,3715200
hardzero_plus_depr__c0p54__z1p10__lam0p020__nu0p50__psi1p25,hardzero_plus_depr,0.01,38,1161,0.0,1,0.49454826,0.49454826,1.0288035,0.09358291,0.09358291,1.0,2.379424e-16,2.542584e-15,-26.894989,2.2634127,0.75447094,0.136,0.008,0.1651372,23.20034,23.22034,3718400
hardzero_plus_depr__c0p54__z1p10__lam0p020__nu0p50__psi1p25,hardzero_plus_depr,0.01,38,1162,0.0,1,0.49454826,0.49454826,1.0470827,0.0897258,0.0897258,1.0,2.225028e-16,2.4798084e-15,-26.589977,2.303628,0.767876,0.14400001,0.0,0.16171189,23.22034,23.240341,3721600
hardzero_plus_depr__c0p54__z1p10__lam0p020__nu0p50__psi1p25,hardzero_plus_depr,0.01,38,1163,0.0,1,0.49454826,0.49454826,0.99896973,0.1002375,0.1002375,1.0,2.4243224e-16,2.418578e-15,-26.929043,2.1977773,0.73259246,0.16000001,0.0,0.16506696,23.240341,23.260342,3724800
hardzero_plus_depr__c0p54__z1p10__lam0p020__nu0p50__psi1p25,hardzero_plus_depr,0.01,38,1164,0.0,1,0.49454826,0.49454826,1.002756,0.0993674,0.0993674,1.0,2.343937e-16,2.3588593e-15,-27.173622,2.2061071,0.7353691,0.192,0.0,0.17344373,23.260342,23.280342,3728000
hardzero_plus_depr__c0p54__z1p10__lam0p020__nu0p50__psi1p25,hardzero_plus_depr,0.01,38,1165,0.0,1,0.49454826,0.49454826,1.0290308,0.093533926,0.093533926,1.0,2.1518601e-16,2.3006198e-15,-26.969475,2.263913,0.75463766,0.14400001,0.0,0.15622935,23.280342,23.300343,3731200
hardzero_plus_depr__c0p54__z1p10__lam0p020__nu0p50__psi1p25,hardzero_plus_depr,0.01,38,1166,0.0,1,0.49454826,0.49454826,1.0742182,0.08429112,0.08429112,1.0,1.8913396e-16,2.2438182e-15,-27.88305,2.363327,0.7877757,0.16000001,0.0,0.21305154,23.300343,23.320343,3734400
hardzero_plus_depr__c0p54__z1p10__lam0p020__nu0p50__psi1p25,hardzero_plus_depr,0.01,38,1167,0.0,1,0.49454826,0.49454826,1.01812,0.09591354,0.09591354,1.0,2.0989862e-16,2.1884149e-15,-27.329918,2.239909,0.74663633,0.096,0.0,0.18835986,23.320343,23.340343,3737600
hardzero_plus_depr__c0p54__z1p10__lam0p020__nu0p50__psi1p25,hardzero_plus_depr,0.01,38,1168,0.0,1,0.49454826,0.49454826,1.0451326,0.09012959,0.09012959,1.0,1.9237072e-16,2.1343792e-15,-27.034369,2.2993376,0.7664459,0.096,0.0,0.17163691,23.340343,23.360344,3740800
hardzero_plus_depr__c0p54__z1p10__lam0p020__nu0p50__psi1p25,hardzero_plus_depr,0.01,38,1169,0.0,1,0.49454826,0.49454826,1.0336537,0.09254357,0.09254357,1.0,1.926463e-16,2.0816821e-15,-27.688246,2.2740836,0.7580279,0.15200001,0.0,0.1661679,23.360344,23.380344,3744000
hardzero_plus_depr__c0p54__z1p10__lam0p020__nu0p50__psi1p25,hardzero_plus_depr,0.01,38,1170,0.0,1,0.49454826,0.49454826,0.979906,0.1047355,0.1047355,1.0,2.1264303e-16,2.030286e-15,-26.439745,2.1558363,0.71861213,0.22,0.0,0.13390845,23.380344,23.400345,3747200
hardzero_plus_depr__c0p54__z1p10__lam0p020__nu0p50__psi1p25,hardzero_plus_depr,0.01,38,1171,0.0,1,0.49454826,0.49454826,1.048941,0.08934267,0.08934267,1.0,1.7691233e-16,1.980155e-15,-27.634287,2.3077164,0.7692388,0.18400002,0.0,0.18175416,23.400345,23.420345,3750400
hardzero_plus_depr__c0p54__z1p10__lam0p020__nu0p50__psi1p25,hardzero_plus_depr,0.01,38,1172,0.0,1,0.49454826,0.49454826,1.0366856,0.09189977,0.09189977,1.0,1.7748253e-16,1.931262e-15,-27.466658,2.2807539,0.7602513,0.15200001,0.0,0.15128729,23.420345,23.440346,3753600
hardzero_plus_depr__c0p54__z1p10__lam0p020__nu0p50__psi1p25,hardzero_plus_depr,0.01,38,1173,0.0,1,0.49454826,0.49454826,1.1573403,0.0,0.069608085,0.0,0.0,1.8835796e-15,-29.802692,2.5461996,0.8487332,0.128,0.0,0.20717883,23.440346,23.460346,3756800
hardzero_plus_depr__c0p54__z1p10__lam0p020__nu0p50__psi1p25,hardzero_plus_depr,0.01,38,1174,0.0,1,0.49454826,0.49454826,1.0340413,0.09246102,0.09246102,1.0,1.6985778e-16,1.8370745e-15,-27.658243,2.2749362,0.7583121,0.120000005,0.0,0.17915466,23.460346,23.480347,3760000
hardzero_plus_depr__c0p54__z1p10__lam0p020__nu0p50__psi1p25,hardzero_plus_depr,0.01,38,1175,0.0,1,0.49454826,0.49454826,1.0564811,0.08780492,0.08780492,1.0,1.5732134e-16,1.7917144e-15,-26.839327,2.3243048,0.7747683,0.15200001,0.0,0.15870832,23.480347,23.500347,3763200
hardzero_plus_depr__c0p54__z1p10__lam0p020__nu0p50__psi1p25,hardzero_plus_depr,0.01,38,1176,0.0,1,0.49454826,0.49454826,1.0416414,0.09085706,0.09085706,1.0,1.5877036e-16,1.7474741e-15,-27.453922,2.2916567,0.7638856,0.16000001,0.0,0.16990703,23.500347,23.520348,3766400
hardzero_plus_depr__c0p54__z1p10__lam0p020__nu0p50__psi1p25,hardzero_plus_depr,0.01,38,1177,0.0,1,0.49454826,0.49454826,1.0272331,0.09392191,0.09392191,1.0,1.6007387e-16,1.7043295e-15,-26.446222,2.259958,0.7533194,0.136,0.0,0.13928643,23.520348,23.540348,3769600
hardzero_plus_depr__c0p54__z1p10__lam0p020__nu0p50__psi1p25,hardzero_plus_depr,0.01,38,1178,0.0,1,0.49454826,0.49454826,1.0723438,0.08465569,0.08465569,1.0,1.4071891e-16,1.66225e-15,-28.278128,2.3592036,0.7864012,0.120000005,0.0,0.19461843,23.540348,23.560349,3772800
hardzero_plus_depr__c0p54__z1p10__lam0p020__nu0p50__psi1p25,hardzero_plus_depr,0.01,38,1179,0.0,1,0.49454826,0.49454826,1.0281857,0.09371612,0.09371612,1.0,1.5193317e-16,1.6212063e-15,-27.903116,2.2620537,0.75401795,0.104,0.0,0.13777012,23.560349,23.580349,3776000
hardzero_plus_depr__c0p54__z1p10__lam0p020__nu0p50__psi1p25,hardzero_plus_depr,0.01,38,1180,0.0,1,0.49454826,0.49454826,1.1055583,0.0,0.07842268,0.0,0.0,1.5811762e-15,-29.03968,2.4322767,0.81075895,0.120000005,0.0,0.18276264,23.580349,23.60035,3779200
hardzero_plus_depr__c0p54__z1p10__lam0p020__nu0p50__psi1p25,hardzero_plus_depr,0.01,38,1181,0.0,1,0.49454826,0.49454826,1.0692339,0.08526408,0.08526408,1.0,1.3148892e-16,1.5421374e-15,-28.255571,2.3523614,0.7841205,0.15200001,0.0,0.18202563,23.60035,23.62035,3782400
hardzero_plus_depr__c0p54__z1p10__lam0p020__nu0p50__psi1p25,hardzero_plus_depr,0.01,38,1182,0.0,1,0.49454826,0.49454826,1.0665231,0.08579794,0.08579794,1.0,1.2904547e-16,1.5040625e-15,-27.617851,2.3463976,0.78213257,0.120000005,0.0,0.18017127,23.62035,23.64035,3785600
hardzero_plus_depr__c0p54__z1p10__lam0p020__nu0p50__psi1p25,hardzero_plus_depr,0.01,38,1183,0.0,1,0.49454826,0.49454826,0.9948002,0.101204485,0.101204485,1.0,1.4845937e-16,1.4669248e-15,-27.061018,2.188604,0.72953475,0.14,0.0,0.17813134,23.64035,23.66035,3788800
hardzero_plus_depr__c0p54__z1p10__lam0p020__nu0p50__psi1p25,hardzero_plus_depr,0.01,38,1184,0.0,1,0.49454826,0.49454826,1.0839574,0.08242189,0.08242189,1.0,1.1792135e-16,1.4307042e-15,-28.591328,2.384754,0.794918,0.192,0.0,0.18842901,23.66035,23.680351,3792000
hardzero_plus_depr__c0p54__z1p10__lam0p020__nu0p50__psi1p25,hardzero_plus_depr,0.01,38,1185,0.0,1,0.49454826,0.49454826,1.055015,0.08810186,0.08810186,1.0,1.2293561e-16,1.3953805e-15,-27.84205,2.3210793,0.7736931,0.104,0.0,0.16733658,23.680351,23.700352,3795200
hardzero_plus_depr__c0p54__z1p10__lam0p020__nu0p50__psi1p25,hardzero_plus_depr,0.01,38,1186,0.0,1,0.49454826,0.49454826,1.0201032,0.09547655,0.09547655,1.0,1.299368e-16,1.3609289e-15,-26.832428,2.244272,0.7480907,0.16000001,0.0,0.13702334,23.700352,23.720352,3798400
hardzero_plus_depr__c0p54__z1p10__lam0p020__nu0p50__psi1p25,hardzero_plus_depr,0.01,38,1187,0.0,1,0.49454826,0.49454826,1.0136714,0.09690107,0.09690107,1.0,1.2861925e-16,1.3273254e-15,-27.960379,2.2301216,0.7433739,0.15200001,0.0,0.1713675,23.720352,23.740353,3801600
hardzero_plus_depr__c0p54__z1p10__lam0p020__nu0p50__psi1p25,hardzero_plus_depr,0.01,38,1188,0.0,1,0.49454826,0.49454826,1.0706593,0.08498469,0.08498469,1.0,1.1001707e-16,1.2945517e-15,-28.089392,2.3554974,0.7851658,0.128,0.0,0.1932678,23.740353,23.760353,3804800
hardzero_plus_depr__c0p54__z1p10__lam0p020__nu0p50__psi1p25,hardzero_plus_depr,0.01,38,1189,0.0,1,0.49454826,0.49454826,1.0407549,0.0910427,0.0910427,1.0,1.1494956e-16,1.2625895e-15,-26.500614,2.2897065,0.7632355,0.16800001,0.0,0.14827818,23.760353,23.780354,3808000
hardzero_plus_depr__c0p54__z1p10__lam0p020__nu0p50__psi1p25,hardzero_plus_depr,0.01,38,1190,0.0,1,0.49454826,0.49454826,1.0436821,0.090431124,0.090431124,1.0,1.1135839e-16,1.2314166e-15,-28.085459,2.2961464,0.7653822,0.120000005,0.0,0.15596771,23.780354,23.800354,3811200
hardzero_plus_depr__c0p54__z1p10__lam0p020__nu0p50__psi1p25,hardzero_plus_depr,0.01,38,1191,0.0,1,0.49454826,0.49454826,1.034887,0.09228116,0.09228116,1.0,1.1083069e-16,1.201011e-15,-27.323399,2.2767968,0.7589323,0.16000001,0.0,0.16304006,23.800354,23.820354,3814400
hardzero_plus_depr__c0p54__z1p10__lam0p020__nu0p50__psi1p25,hardzero_plus_depr,0.01,38,1192,0.0,1,0.49454826,0.49454826,0.99135405,0.10201074,0.10201074,1.0,1.1949091e-16,1.1713561e-15,-26.339775,2.1810224,0.7270075,0.15200001,0.0,0.15421914,23.820354,23.840355,3817600
hardzero_plus_depr__c0p54__z1p10__lam0p020__nu0p50__psi1p25,hardzero_plus_depr,0.01,38,1193,0.0,1,0.49454826,0.49454826,1.0195343,0.0956017,0.0956017,1.0,1.092188e-16,1.1424357e-15,-26.804981,2.2430203,0.74767345,0.16800001,0.0,0.1438063,23.840355,23.860355,3820800
hardzero_plus_depr__c0p54__z1p10__lam0p020__nu0p50__psi1p25,hardzero_plus_depr,0.01,38,1194,0.0,1,0.49454826,0.49454826,0.9928673,0.10165593,0.10165593,1.0,1.1326801e-16,1.1142293e-15,-26.486742,2.1843517,0.7281172,0.216,0.0,0.15058374,23.860355,23.880356,3824000
hardzero_plus_depr__c0p54__z1p10__lam0p020__nu0p50__psi1p25,hardzero_plus_depr,0.01,38,1195,0.0,1,0.49454826,0.49454826,0.98904204,0.10255526,0.10255526,1.0,1.1144856e-16,1.0867171e-15,-27.34917,2.175936,0.725312,0.15200001,0.0,0.16322052,23.880356,23.900356,3827200
hardzero_plus_depr__c0p54__z1p10__lam0p020__nu0p50__psi1p25,hardzero_plus_depr,0.01,38,1196,0.0,1,0.49454826,0.49454826,1.0914396,0.08101406,0.08101406,1.0,8.586554e-17,1.0598845e-15,-28.944515,2.401215,0.800405,0.16,0.0,0.18949993,23.900356,23.920357,3830400
hardzero_plus_depr__c0p54__z1p10__lam0p020__nu0p50__psi1p25,hardzero_plus_depr,0.01,38,1197,0.0,1,0.49454826,0.49454826,1.0733366,0.0844624,0.0844624,1.0,8.7310144e-17,1.0337162e-15,-28.498507,2.3613877,0.7871293,0.15200001,0.0,0.18886504,23.920357,23.940357,3833600
hardzero_plus_depr__c0p54__z1p10__lam0p020__nu0p50__psi1p25,hardzero_plus_depr,0.01,38,1198,0.0,1,0.49454826,0.49454826,1.0898242,0.08131596,0.08131596,1.0,8.198226e-17,1.008194e-15,-28.028715,2.3976612,0.79922044,0.096,0.0,0.14502421,23.940357,23.960358,3836800
hardzero_plus_depr__c0p54__z1p10__lam0p020__nu0p50__psi1p25,hardzero_plus_depr,0.01,38,1199,0.0,1,0.49454826,0.49454826,1.0598977,0.08711688,0.08711688,1.0,8.5662043e-17,9.833001e-16,-26.965908,2.3318214,0.77727383,0.136,0.008,0.17339192,23.960358,23.980358,3840000
hardzero_plus_depr__c0p54__z1p10__lam0p020__nu0p50__psi1p25,hardzero_plus_depr,0.01,38,1200,0.0,1,0.49454826,0.49454826,1.0553828,0.088027254,0.088027254,1.0,8.4419975e-17,9.590209e-16,-27.557816,2.3218887,0.7739629,0.120000005,0.0,0.15067978,23.980358,24.000359,3843200
hardzero_plus_depr__c0p54__z1p10__lam0p020__nu0p50__psi1p25,hardzero_plus_depr,0.01,38,1201,0.0,1,0.49454826,0.49454826,1.0712136,0.08487628,0.08487628,1.0,7.938842e-17,9.353429e-16,-28.293081,2.3567169,0.7855723,0.16000001,0.0,0.1697182,24.000359,24.020359,3846400
hardzero_plus_depr__c0p54__z1p10__lam0p020__nu0p50__psi1p25,hardzero_plus_depr,0.01,38,1202,0.0,1,0.49454826,0.49454826,0.9505975,0.11204756,0.11204756,1.0,1.02215344e-16,9.122496e-16,-25.456356,2.0913563,0.69711876,0.24000001,0.0,0.12369496,24.020359,24.04036,3849600
hardzero_plus_depr__c0p54__z1p10__lam0p020__nu0p50__psi1p25,hardzero_plus_depr,0.01,38,1203,0.0,1,0.49454826,0.49454826,1.0512624,0.088866405,0.088866405,1.0,7.9066635e-17,8.897247e-16,-28.416197,2.3128233,0.77094114,0.16000001,0.0,0.16098134,24.04036,24.06036,3852800
hardzero_plus_depr__c0p54__z1p10__lam0p020__nu0p50__psi1p25,hardzero_plus_depr,0.01,38,1204,0.0,1,0.49454826,0.49454826,1.0575505,0.08758898,0.08758898,1.0,7.600587e-17,8.6775603e-16,-28.254871,2.3266578,0.77555263,0.136,0.0,0.17844944,24.06036,24.08036,3856000
hardzero_plus_depr__c0p54__z1p10__lam0p020__nu0p50__psi1p25,hardzero_plus_depr,0.01,38,1205,0.0,1,0.49454826,0.49454826,1.0122699,0.097214304,0.097214304,1.0,8.227551e-17,8.4633134e-16,-27.375986,2.2270381,0.74234605,0.14400001,0.0,0.13928053,24.08036,24.10036,3859200
hardzero_plus_depr__c0p54__z1p10__lam0p020__nu0p50__psi1p25,hardzero_plus_depr,0.01,38,1206,0.0,1,0.49454826,0.49454826,1.0365063,0.09193772,0.09193772,1.0,7.588867e-17,8.2543567e-16,-27.62813,2.2803593,0.7601198,0.096,0.0,0.1527788,24.10036,24.120361,3862400
hardzero_plus_depr__c0p54__z1p10__lam0p020__nu0p50__psi1p25,hardzero_plus_depr,0.01,38,1207,0.0,1,0.49454826,0.49454826,1.0355775,0.092134535,0.092134535,1.0,7.4173305e-17,8.050543e-16,-28.104136,2.278316,0.7594387,0.216,0.0,0.20954053,24.120361,24.140362,3865600
hardzero_plus_depr__c0p54__z1p10__lam0p020__nu0p50__psi1p25,hardzero_plus_depr,0.01,38,1208,0.0,1,0.49454826,0.49454826,1.0832585,0.082554646,0.082554646,1.0,6.481996e-17,7.8517635e-16,-28.22913,2.3832164,0.79440546,0.104,0.0,0.1610892,24.140362,24.160362,3868800
hardzero_plus_depr__c0p54__z1p10__lam0p020__nu0p50__psi1p25,hardzero_plus_depr,0.01,38,1209,0.0,1,0.49454826,0.49454826,1.1063988,0.0,0.07827106,0.0,0.0,7.657905e-16,-28.369328,2.434126,0.8113753,0.13,0.0,0.17635402,24.160362,24.180363,3872000
hardzero_plus_depr__c0p54__z1p10__lam0p020__nu0p50__psi1p25,hardzero_plus_depr,0.01,38,1210,0.0,1,0.49454826,0.49454826,1.0127853,0.097098984,0.097098984,1.0,7.2521624e-17,7.468834e-16,-26.560757,2.2281723,0.7427241,0.120000005,0.0,0.15247187,24.180363,24.200363,3875200
hardzero_plus_depr__c0p54__z1p10__lam0p020__nu0p50__psi1p25,hardzero_plus_depr,0.01,38,1211,0.0,1,0.49454826,0.49454826,1.0156132,0.096468784,0.096468784,1.0,7.027188e-17,7.2844166e-16,-27.482962,2.2343936,0.7447979,0.17600001,0.0,0.15797089,24.200363,24.220364,3878400
hardzero_plus_depr__c0p54__z1p10__lam0p020__nu0p50__psi1p25,hardzero_plus_depr,0.01,38,1212,0.0,1,0.49454826,0.49454826,1.0307829,0.09315732,0.09315732,1.0,6.618411e-17,7.104553e-16,-26.854357,2.2677677,0.75592256,0.128,0.0,0.15453622,24.220364,24.240364,3881600
hardzero_plus_depr__c0p54__z1p10__lam0p020__nu0p50__psi1p25,hardzero_plus_depr,0.01,38,1213,0.0,1,0.49454826,0.49454826,1.0651513,0.08606937,0.08606937,1.0,5.96387e-17,6.9291435e-16,-26.736555,2.3433797,0.7811266,0.224,0.0,0.17029265,24.240364,24.260365,3884800
hardzero_plus_depr__c0p54__z1p10__lam0p020__nu0p50__psi1p25,hardzero_plus_depr,0.01,38,1214,0.0,1,0.49454826,0.49454826,1.0976763,0.07985898,0.07985898,1.0,5.396922e-17,6.758065e-16,-27.746973,2.414936,0.8049787,0.128,0.0,0.17435619,24.260365,24.280365,3888000
hardzero_plus_depr__c0p54__z1p10__lam0p020__nu0p50__psi1p25,hardzero_plus_depr,0.01,38,1215,0.0,1,0.49454826,0.49454826,1.0615985,0.08677635,0.08677635,1.0,5.7196006e-17,6.5911975e-16,-27.40702,2.3355634,0.7785212,0.15200001,0.0,0.19745149,24.280365,24.300365,3891200
hardzero_plus_depr__c0p54__z1p10__lam0p020__nu0p50__psi1p25,hardzero_plus_depr,0.01,38,1216,0.0,1,0.49454826,0.49454826,1.0348988,0.09227865,0.09227865,1.0,5.9320874e-17,6.4284507e-16,-27.591799,2.2768228,0.75894094,0.16800001,0.0,0.17153108,24.300365,24.320366,3894400
hardzero_plus_depr__c0p54__z1p10__lam0p020__nu0p50__psi1p25,hardzero_plus_depr,0.01,38,1217,0.0,1,0.49454826,0.49454826,1.032984,0.09268639,0.09268639,1.0,5.81119e-17,6.2697336e-16,-27.552784,2.2726102,0.75753677,0.120000005,0.0,0.14290288,24.320366,24.340366,3897600
hardzero_plus_depr__c0p54__z1p10__lam0p020__nu0p50__psi1p25,hardzero_plus_depr,0.01,38,1218,0.0,1,0.49454826,0.49454826,1.046762,0.08979208,0.08979208,1.0,5.4907286e-17,6.114936e-16,-27.888243,2.3029225,0.7676408,0.16800001,0.0,0.1553791,24.340366,24.360367,3900800
hardzero_plus_depr__c0p54__z1p10__lam0p020__nu0p50__psi1p25,hardzero_plus_depr,0.01,38,1219,0.0,1,0.49454826,0.49454826,1.0701143,0.08509142,0.08509142,1.0,5.074808e-17,5.963948e-16,-27.858877,2.3542984,0.78476614,0.120000005,0.0,0.15054424,24.360367,24.380367,3904000
hardzero_plus_depr__c0p54__z1p10__lam0p020__nu0p50__psi1p25,hardzero_plus_depr,0.01,38,1220,0.0,1,0.49454826,0.49454826,1.0122889,0.097210035,0.097210035,1.0,5.654406e-17,5.8166896e-16,-26.32335,2.22708,0.74236006,0.224,0.0,0.1620733,24.380367,24.400368,3907200
hardzero_plus_depr__c0p54__z1p10__lam0p020__nu0p50__psi1p25,hardzero_plus_depr,0.01,38,1221,0.0,1,0.49454826,0.49454826,1.0280187,0.093752146,0.093752146,1.0,5.318631e-17,5.673077e-16,-27.040615,2.2616863,0.75389546,0.120000005,0.0,0.16682173,24.400368,24.420368,3910400
hardzero_plus_depr__c0p54__z1p10__lam0p020__nu0p50__psi1p25,hardzero_plus_depr,0.01,38,1222,0.0,1,0.49454826,0.49454826,0.964759,0.108452864,0.108452864,1.0,6.000708e-17,5.5330103e-16,-26.252312,2.122512,0.70750403,0.17999999,0.0,0.14588074,24.420368,24.440369,3913600
hardzero_plus_depr__c0p54__z1p10__lam0p020__nu0p50__psi1p25,hardzero_plus_depr,0.01,38,1223,0.0,1,0.49454826,0.49454826,1.0122683,0.09721465,0.09721465,1.0,5.2460827e-17,5.3963913e-16,-26.822771,2.2270348,0.742345,0.15200001,0.0,0.15590763,24.440369,24.46037,3916800
hardzero_plus_depr__c0p54__z1p10__lam0p020__nu0p50__psi1p25,hardzero_plus_depr,0.01,38,1224,0.0,1,0.49454826,0.49454826,1.1189445,0.0,0.076042324,0.0,0.0,5.263146e-16,-28.67265,2.4617271,0.8205757,0.096,0.0,0.20367882,24.46037,24.48037,3920000
hardzero_plus_depr__c0p54__z1p10__lam0p020__nu0p50__psi1p25,hardzero_plus_depr,0.01,38,1225,0.0,1,0.49454826,0.49454826,1.025539,0.09428899,0.09428899,1.0,4.8400432e-17,5.1332007e-16,-26.88429,2.256231,0.75207704,0.216,0.0,0.14341806,24.48037,24.50037,3923200
hardzero_plus_depr__c0p54__z1p10__lam0p020__nu0p50__psi1p25,hardzero_plus_depr,0.01,38,1226,0.0,1,0.49454826,0.49454826,1.0088582,0.09798099,0.09798099,1.0,4.905382e-17,5.006463e-16,-26.728022,2.2195325,0.7398442,0.14400001,0.0,0.13388127,24.50037,24.52037,3926400
hardzero_plus_depr__c0p54__z1p10__lam0p020__nu0p50__psi1p25,hardzero_plus_depr,0.01,38,1227,0.0,1,0.49454826,0.49454826,1.0528316,0.08854589,0.08854589,1.0,4.3235592e-17,4.882846e-16,-27.569458,2.3162758,0.772092,0.16000001,0.0,0.14852352,24.52037,24.54037,3929600
hardzero_plus_depr__c0p54__z1p10__lam0p020__nu0p50__psi1p25,hardzero_plus_depr,0.01,38,1228,0.0,1,0.49454826,0.49454826,1.0028998,0.09933453,0.09933453,1.0,4.7305893e-17,4.762281e-16,-27.179285,2.2064235,0.7354745,0.16800001,0.0,0.15056764,24.54037,24.560371,3932800
hardzero_plus_depr__c0p54__z1p10__lam0p020__nu0p50__psi1p25,hardzero_plus_depr,0.01,38,1229,0.0,1,0.49454826,0.49454826,1.0049206,0.09887338,0.09887338,1.0,4.5923728e-17,4.644701e-16,-27.078041,2.2108696,0.73695654,0.2,0.0,0.17988747,24.560371,24.580372,3936000
hardzero_plus_depr__c0p54__z1p10__lam0p020__nu0p50__psi1p25,hardzero_plus_depr,0.01,38,1230,0.0,1,0.49454826,0.49454826,1.0343693,0.09239121,0.09239121,1.0,4.1853446e-17,4.530025e-16,-27.427813,2.275658,0.7585527,0.112,0.0,0.14915761,24.580372,24.600372,3939200
hardzero_plus_depr__c0p54__z1p10__lam0p020__nu0p50__psi1p25,hardzero_plus_depr,0.01,38,1231,0.0,1,0.49454826,0.49454826,0.9820069,0.10423009,0.10423009,1.0,4.605064e-17,4.4181715e-16,-26.228964,2.1604583,0.7201528,0.128,0.0,0.1402303,24.600372,24.620373,3942400
hardzero_plus_depr__c0p54__z1p10__lam0p020__nu0p50__psi1p25,hardzero_plus_depr,0.01,38,1232,0.0,1,0.49454826,0.49454826,1.0980122,0.079797216,0.079797216,1.0,3.4385256e-17,4.3090797e-16,-28.403067,2.4156752,0.8052251,0.128,0.0,0.17187801,24.620373,24.640373,3945600
hardzero_plus_depr__c0p54__z1p10__lam0p020__nu0p50__psi1p25,hardzero_plus_depr,0.01,38,1233,0.0,1,0.49454826,0.49454826,1.0616353,0.08676904,0.08676904,1.0,3.6466333e-17,4.2026898e-16,-26.557053,2.3356442,0.7785481,0.16800001,0.0,0.17249304,24.640373,24.660374,3948800
hardzero_plus_depr__c0p54__z1p10__lam0p020__nu0p50__psi1p25,hardzero_plus_depr,0.01,38,1234,0.0,1,0.49454826,0.49454826,1.0374105,0.091746494,0.091746494,1.0,3.7606218e-17,4.098927e-16,-27.626513,2.2823486,0.7607829,0.2,0.0,0.15384862,24.660374,24.680374,3952000
hardzero_plus_depr__c0p54__z1p10__lam0p020__nu0p50__psi1p25,hardzero_plus_depr,0.01,38,1235,0.0,1,0.49454826,0.49454826,1.0174359,0.09606475,0.09606475,1.0,3.840397e-17,3.9977176e-16,-27.170967,2.2384038,0.74613464,0.16,0.0,0.16304795,24.680374,24.700375,3955200
hardzero_plus_depr__c0p54__z1p10__lam0p020__nu0p50__psi1p25,hardzero_plus_depr,0.01,38,1236,0.0,1,0.49454826,0.49454826,1.0083159,0.0981034,0.0981034,1.0,3.8250592e-17,3.8990078e-16,-26.750626,2.2183394,0.7394465,0.14400001,0.0,0.14996132,24.700375,24.720375,3958400
hardzero_plus_depr__c0p54__z1p10__lam0p020__nu0p50__psi1p25,hardzero_plus_depr,0.01,38,1237,0.0,1,0.49454826,0.49454826,0.9514528,0.11182712,0.11182712,1.0,4.252497e-17,3.8027422e-16,-25.978045,2.0932379,0.697746,0.2,0.0,0.15467381,24.720375,24.740376,3961600
hardzero_plus_depr__c0p54__z1p10__lam0p020__nu0p50__psi1p25,hardzero_plus_depr,0.01,38,1238,0.0,1,0.49454826,0.49454826,1.0877622,0.08170295,0.08170295,1.0,3.0302428e-17,3.7088537e-16,-28.430662,2.3931248,0.7977083,0.128,0.0,0.19751005,24.740376,24.760376,3964800
hardzero_plus_depr__c0p54__z1p10__lam0p020__nu0p50__psi1p25,hardzero_plus_depr,0.01,38,1239,0.0,1,0.49454826,0.49454826,1.0379558,0.09163138,0.09163138,1.0,3.31456e-17,3.6172762e-16,-27.897055,2.2835484,0.7611828,0.15200001,0.0,0.1646829,24.760376,24.780376,3968000
hardzero_plus_depr__c0p54__z1p10__lam0p020__nu0p50__psi1p25,hardzero_plus_depr,0.01,38,1240,0.0,1,0.49454826,0.49454826,1.1376257,0.0,0.07284074,0.0,0.0,3.5279603e-16,-29.319748,2.5028265,0.8342755,0.128,0.0,0.18146533,24.780376,24.800377,3971200
hardzero_plus_depr__c0p54__z1p10__lam0p020__nu0p50__psi1p25,hardzero_plus_depr,0.01,38,1241,0.0,1,0.49454826,0.49454826,1.0727642,0.084573805,0.084573805,1.0,2.9100624e-17,3.4408554e-16,-27.780432,2.3601284,0.7867095,0.120000005,0.0,0.16293672,24.800377,24.820377,3974400
hardzero_plus_depr__c0p54__z1p10__lam0p020__nu0p50__psi1p25,hardzero_plus_depr,0.01,38,1242,0.0,1,0.49454826,0.49454826,0.99521905,0.101106934,0.101106934,1.0,3.39305e-17,3.3559022e-16,-26.707333,2.1895256,0.7298419,0.16000001,0.0,0.15714951,24.820377,24.840378,3977600
hardzero_plus_depr__c0p54__z1p10__lam0p020__nu0p50__psi1p25,hardzero_plus_depr,0.01,38,1243,0.0,1,0.49454826,0.49454826,1.1179378,0.0,0.07621881,0.0,0.0,3.2730393e-16,-29.20605,2.4595122,0.81983745,0.072000004,0.0,0.19362815,24.840378,24.860378,3980800
hardzero_plus_depr__c0p54__z1p10__lam0p020__nu0p50__psi1p25,hardzero_plus_depr,0.01,38,1244,0.0,1,0.49454826,0.49454826,1.034174,0.09243279,0.09243279,1.0,2.9506608e-17,3.1922229e-16,-27.537094,2.2752283,0.75840944,0.2,0.0,0.16140537,24.860378,24.880379,3984000
hardzero_plus_depr__c0p54__z1p10__lam0p020__nu0p50__psi1p25,hardzero_plus_depr,0.01,38,1245,0.0,1,0.49454826,0.49454826,1.0357469,0.0920986,0.0920986,1.0,2.867405e-17,3.1134078e-16,-27.365143,2.2786887,0.7595629,0.128,0.0,0.16068833,24.880379,24.90038,3987200
hardzero_plus_depr__c0p54__z1p10__lam0p020__nu0p50__psi1p25,hardzero_plus_depr,0.01,38,1246,0.0,1,0.49454826,0.49454826,1.0217382,0.09511779,0.09511779,1.0,2.8882887e-17,3.0365387e-16,-26.81549,2.2478688,0.74928963,0.128,0.0,0.14923872,24.90038,24.92038,3990400
hardzero_plus_depr__c0p54__z1p10__lam0p020__nu0p50__psi1p25,hardzero_plus_depr,0.01,38,1247,0.0,1,0.49454826,0.49454826,1.036205,0.092001505,0.092001505,1.0,2.7246813e-17,2.9615618e-16,-26.321875,2.2796967,0.7598989,0.104,0.0,0.13527787,24.92038,24.94038,3993600
hardzero_plus_depr__c0p54__z1p10__lam0p020__nu0p50__psi1p25,hardzero_plus_depr,0.01,38,1248,0.0,1,0.49454826,0.49454826,1.0491179,0.0893063,0.0893063,1.0,2.5795553e-17,2.8884358e-16,-27.43479,2.3081055,0.7693685,0.25,0.0,0.17716514,24.94038,24.96038,3996800
hardzero_plus_depr__c0p54__z1p10__lam0p020__nu0p50__psi1p25,hardzero_plus_depr,0.01,38,1249,0.0,1,0.49454826,0.49454826,1.0604857,0.08699901,0.08699901,1.0,2.4508677e-17,2.8171215e-16,-28.26887,2.333115,0.7777051,0.17600001,0.0,0.2203363,24.96038,24.980381,4000000
