mechanism_tag,mechanism,alpha,seed,update,update_u,update_counter,energy_E_pre,energy_E_post,funding_z,funding_g,funding_g_raw,funding_cut_active,funding_income,funding_alpha_eff,episode_return_end_mean,terminal_min_dists_end_mean,terminal_dbar_end,terminal_occupied_end_mean,terminal_CSR_train,vartd_VarTD,depr_F,depr_F_post,env_steps
hardzero_plus_depr__c0p54__z1p10__lam0p030__nu0p50__psi0p75,hardzero_plus_depr,0.02,40,0,1.0,1,1.0,0.4618307,1.0384048,0.09153668,0.09153668,1.0,0.0018307335,0.02,-27.009108,2.2845361,0.76151204,0.14,0.0,0.1360506,0.0,0.0,3200
hardzero_plus_depr__c0p54__z1p10__lam0p030__nu0p50__psi0p75,hardzero_plus_depr,0.02,40,1,0.0,1,0.4618307,0.46377158,1.0130329,0.097043626,0.097043626,1.0,0.0019408725,0.02,-27.20836,2.2287169,0.7429056,0.18400002,0.0,0.14540449,0.0,0.03,6400
hardzero_plus_depr__c0p54__z1p10__lam0p030__nu0p50__psi0p75,hardzero_plus_depr,0.02,40,2,0.0,1,0.46377158,0.46561477,1.0256903,0.094256155,0.094256155,1.0,0.0018431813,0.019555023,-27.97767,2.2565637,0.7521879,0.17600001,0.0,0.1601904,0.03,0.06,9600
hardzero_plus_depr__c0p54__z1p10__lam0p030__nu0p50__psi0p75,hardzero_plus_depr,0.02,40,3,0.0,1,0.46561477,0.4674445,1.0190952,0.09569844,0.09569844,1.0,0.0018297493,0.01911995,-27.111416,2.2420542,0.7473514,0.14400001,0.0,0.13702832,0.06,0.089999996,12800
hardzero_plus_depr__c0p54__z1p10__lam0p030__nu0p50__psi0p75,hardzero_plus_depr,0.02,40,4,0.0,1,0.4674445,0.46917936,1.0324534,0.092799686,0.092799686,1.0,0.0017348487,0.018694554,-26.730387,2.271443,0.75714767,0.104,0.0,0.14613195,0.089999996,0.12,16000
hardzero_plus_depr__c0p54__z1p10__lam0p030__nu0p50__psi0p75,hardzero_plus_depr,0.02,40,5,0.0,1,0.46917936,0.47086236,1.035862,0.09207421,0.09207421,1.0,0.0016829899,0.018278625,-27.58127,2.2789419,0.7596473,0.192,0.0,0.16662627,0.12,0.14999999,19200
hardzero_plus_depr__c0p54__z1p10__lam0p030__nu0p50__psi0p75,hardzero_plus_depr,0.02,40,6,0.0,1,0.47086236,0.47250915,1.0355352,0.09214351,0.09214351,1.0,0.0016467839,0.017871946,-27.202803,2.278223,0.7594077,0.16000001,0.0,0.15380596,0.14999999,0.17999999,22400
hardzero_plus_depr__c0p54__z1p10__lam0p030__nu0p50__psi0p75,hardzero_plus_depr,0.02,40,7,0.0,1,0.47250915,0.47410402,1.0396727,0.09126983,0.09126983,1.0,0.001594878,0.017474318,-26.882572,2.2873256,0.7624419,0.18400002,0.0,0.15167265,0.17999999,0.21,25600
hardzero_plus_depr__c0p54__z1p10__lam0p030__nu0p50__psi0p75,hardzero_plus_depr,0.02,40,8,0.0,1,0.47410402,0.47555888,1.069803,0.085152425,0.085152425,1.0,0.0014548748,0.017085535,-26.897873,2.3536136,0.7845379,0.136,0.0,0.16542348,0.21,0.24,28800
hardzero_plus_depr__c0p54__z1p10__lam0p030__nu0p50__psi0p75,hardzero_plus_depr,0.02,40,9,0.0,1,0.47555888,0.47720048,1.007592,0.09826708,0.09826708,1.0,0.0016415913,0.016705405,-26.411423,2.2167466,0.73891556,0.16000001,0.0,0.15798897,0.24,0.26999998,32000
hardzero_plus_depr__c0p54__z1p10__lam0p030__nu0p50__psi0p75,hardzero_plus_depr,0.02,40,10,0.0,1,0.47720048,0.47864014,1.0548267,0.088140056,0.088140056,1.0,0.0014396558,0.016333729,-27.555937,2.3206651,0.77355504,0.128,0.0,0.15782511,0.26999998,0.29999998,35200
hardzero_plus_depr__c0p54__z1p10__lam0p030__nu0p50__psi0p75,hardzero_plus_depr,0.02,40,11,0.0,1,0.47864014,0.48012385,1.0319643,0.09290427,0.09290427,1.0,0.0014837112,0.015970323,-26.70791,2.270367,0.75678897,0.14400001,0.0,0.16121104,0.29999998,0.32999998,38400
hardzero_plus_depr__c0p54__z1p10__lam0p030__nu0p50__psi0p75,hardzero_plus_depr,0.02,40,12,0.0,1,0.48012385,0.481538,1.0430465,0.090563565,0.090563565,1.0,0.0014141505,0.015615004,-27.72838,2.294748,0.76491606,0.16000001,0.0,0.16626732,0.32999998,0.35999998,41600
hardzero_plus_depr__c0p54__z1p10__lam0p030__nu0p50__psi0p75,hardzero_plus_depr,0.02,40,13,0.0,1,0.481538,0.4831452,0.97770095,0.10526863,0.10526863,1.0,0.0016071983,0.01526759,-26.326015,2.150985,0.716995,0.099999994,0.0,0.15204346,0.35999998,0.39,44800
hardzero_plus_depr__c0p54__z1p10__lam0p030__nu0p50__psi0p75,hardzero_plus_depr,0.02,40,14,0.0,1,0.4831452,0.4844595,1.0553068,0.08804266,0.08804266,1.0,0.0013142925,0.014927905,-28.568493,2.3217213,0.7739071,0.104,0.0,0.15134194,0.39,0.42,48000
hardzero_plus_depr__c0p54__z1p10__lam0p030__nu0p50__psi0p75,hardzero_plus_depr,0.02,40,15,0.0,1,0.4844595,0.48604152,0.965017,0.10838845,0.10838845,1.0,0.0015820138,0.014595778,-26.04179,2.1230798,0.7076933,0.208,0.0,0.14232512,0.42,0.45,51200
hardzero_plus_depr__c0p54__z1p10__lam0p030__nu0p50__psi0p75,hardzero_plus_depr,0.02,40,16,0.0,1,0.48604152,0.48732913,1.0446703,0.09022556,0.09022556,1.0,0.0012876126,0.01427104,-27.539032,2.2983208,0.76610696,0.14400001,0.0,0.16771589,0.45,0.48,54400
hardzero_plus_depr__c0p54__z1p10__lam0p030__nu0p50__psi0p75,hardzero_plus_depr,0.02,40,17,0.0,1,0.48732913,0.48864847,1.0243266,0.09455258,0.09455258,1.0,0.0013193418,0.0139535265,-26.906958,2.2535634,0.7511878,0.17600001,0.0,0.1491034,0.48,0.51,57600
hardzero_plus_depr__c0p54__z1p10__lam0p030__nu0p50__psi0p75,hardzero_plus_depr,0.02,40,18,0.0,1,0.48864847,0.48986822,1.0486385,0.08940493,0.08940493,1.0,0.0012197584,0.013643078,-27.7028,2.3070507,0.7690169,0.104,0.0,0.14380911,0.51,0.53999996,60800
hardzero_plus_depr__c0p54__z1p10__lam0p030__nu0p50__psi0p75,hardzero_plus_depr,0.02,40,19,0.0,1,0.48986822,0.49108946,1.0383365,0.09155108,0.09155108,1.0,0.001221249,0.013339537,-26.548635,2.284386,0.761462,0.14400001,0.0,0.12703446,0.53999996,0.56999993,64000
hardzero_plus_depr__c0p54__z1p10__lam0p030__nu0p50__psi0p75,hardzero_plus_depr,0.02,40,20,0.0,1,0.49108946,0.49234536,1.016416,0.09629063,0.09629063,1.0,0.0012558944,0.013042748,-27.123865,2.2361598,0.7453866,0.128,0.0,0.14004433,0.56999993,0.5999999,67200
hardzero_plus_depr__c0p54__z1p10__lam0p030__nu0p50__psi0p75,hardzero_plus_depr,0.02,40,21,0.0,1,0.49234536,0.49352255,1.0347552,0.09230915,0.09230915,1.0,0.0011771782,0.012752564,-27.683071,2.276507,0.7588357,0.17600001,0.0,0.15303047,0.5999999,0.6299999,70400
hardzero_plus_depr__c0p54__z1p10__lam0p030__nu0p50__psi0p75,hardzero_plus_depr,0.02,40,22,0.0,1,0.49352255,0.49479792,0.99019027,0.10228447,0.10228447,1.0,0.0012753682,0.012468834,-25.836634,2.178462,0.726154,0.128,0.0,0.1297257,0.6299999,0.65999985,73600
hardzero_plus_depr__c0p54__z1p10__lam0p030__nu0p50__psi0p75,hardzero_plus_depr,0.02,40,23,0.0,1,0.49479792,0.49597183,1.0164198,0.096289776,0.096289776,1.0,0.001173909,0.0121914195,-27.557991,2.2361681,0.7453894,0.17600001,0.0,0.14270394,0.65999985,0.6899998,76800
hardzero_plus_depr__c0p54__z1p10__lam0p030__nu0p50__psi0p75,hardzero_plus_depr,0.02,40,24,0.0,1,0.49597183,0.49705207,1.0427599,0.09062334,0.09062334,1.0,0.0010802462,0.0119201755,-27.402317,2.2941177,0.7647059,0.16800001,0.0,0.16277726,0.6899998,0.7199998,80000
hardzero_plus_depr__c0p54__z1p10__lam0p030__nu0p50__psi0p75,hardzero_plus_depr,0.02,40,25,0.0,1,0.49705207,0.49814913,1.0262883,0.09412646,0.09412646,1.0,0.0010970407,0.0116549665,-26.852139,2.2578793,0.7526264,0.120000005,0.0,0.1406068,0.7199998,0.74999976,83200
hardzero_plus_depr__c0p54__z1p10__lam0p030__nu0p50__psi0p75,hardzero_plus_depr,0.02,40,26,0.0,1,0.49814913,0.49916378,1.0504218,0.089038566,0.089038566,1.0,0.0010146531,0.011395658,-27.152145,2.3109741,0.7703247,0.14,0.0,0.15330423,0.74999976,0.77999973,86400
hardzero_plus_depr__c0p54__z1p10__lam0p030__nu0p50__psi0p75,hardzero_plus_depr,0.02,40,27,0.0,1,0.49916378,0.50022715,1.0202734,0.095439136,0.095439136,1.0,0.0010633942,0.011142119,-26.478596,2.2446463,0.74821544,0.16800001,0.0,0.16232951,0.77999973,0.8099997,89600
hardzero_plus_depr__c0p54__z1p10__lam0p030__nu0p50__psi0p75,hardzero_plus_depr,0.02,40,28,0.0,1,0.50022715,0.50115573,1.0693902,0.08523341,0.08523341,1.0,0.00092855166,0.010894221,-27.937752,2.3527055,0.7842352,0.208,0.0,0.17509156,0.8099997,0.8399997,92800
hardzero_plus_depr__c0p54__z1p10__lam0p030__nu0p50__psi0p75,hardzero_plus_depr,0.02,40,29,0.0,1,0.50115573,0.502143,1.0329872,0.09268571,0.09268571,1.0,0.0009872732,0.010651839,-27.144608,2.2726173,0.75753915,0.16800001,0.0,0.15612596,0.8399997,0.86999965,96000
hardzero_plus_depr__c0p54__z1p10__lam0p030__nu0p50__psi0p75,hardzero_plus_depr,0.02,40,30,0.0,1,0.502143,0.50317675,1.003253,0.09925378,0.09925378,1.0,0.0010337131,0.010414848,-27.548897,2.2072008,0.7357336,0.192,0.0,0.16067806,0.86999965,0.8999996,99200
hardzero_plus_depr__c0p54__z1p10__lam0p030__nu0p50__psi0p75,hardzero_plus_depr,0.02,40,31,0.0,1,0.50317675,0.5040389,1.0723165,0.08466102,0.08466102,1.0,0.0008621143,0.010183131,-27.902832,2.3591435,0.7863812,0.112,0.0,0.15695505,0.8999996,0.9299996,102400
hardzero_plus_depr__c0p54__z1p10__lam0p030__nu0p50__psi0p75,hardzero_plus_depr,0.02,40,32,0.0,1,0.5040389,0.50492716,1.0495602,0.08921539,0.08921539,1.0,0.00088827923,0.009956569,-27.406992,2.3090785,0.76969284,0.18400002,0.0,0.13817437,0.9299996,0.95999956,105600
hardzero_plus_depr__c0p54__z1p10__lam0p030__nu0p50__psi0p75,hardzero_plus_depr,0.02,40,33,0.0,1,0.50492716,0.5058253,1.0349936,0.092258476,0.092258476,1.0,0.00089814066,0.009735048,-27.173307,2.2770314,0.7590105,0.18400002,0.0,0.15484893,0.95999956,0.98999953,108800
hardzero_plus_depr__c0p54__z1p10__lam0p030__nu0p50__psi0p75,hardzero_plus_depr,0.02,40,34,0.0,1,0.5058253,0.5058253,1.1392622,0.0,0.07256678,0.0,0.0,0.009518455,-29.163118,2.5064268,0.8354756,0.104,0.0,0.17203775,0.98999953,1.0199995,112000
hardzero_plus_depr__c0p54__z1p10__lam0p030__nu0p50__psi0p75,hardzero_plus_depr,0.02,40,35,0.0,1,0.5058253,0.50665575,1.0494748,0.08923294,0.08923294,1.0,0.0008304626,0.009306682,-28.028708,2.3088908,0.7696303,0.120000005,0.0,0.14099778,1.0199995,1.0499995,115200
hardzero_plus_depr__c0p54__z1p10__lam0p030__nu0p50__psi0p75,hardzero_plus_depr,0.02,40,36,0.0,1,0.50665575,0.5074839,1.0409257,0.09100689,0.09100689,1.0,0.00082812813,0.00909962,-28.009903,2.2900825,0.76336086,0.15200001,0.0,0.1686946,1.0499995,1.0799994,118400
hardzero_plus_depr__c0p54__z1p10__lam0p030__nu0p50__psi0p75,hardzero_plus_depr,0.02,40,37,0.0,1,0.5074839,0.50827914,1.0487487,0.08938224,0.08938224,1.0,0.0007952485,0.008897165,-27.33123,2.3072932,0.76909775,0.096,0.0,0.122649975,1.0799994,1.1099994,121600
hardzero_plus_depr__c0p54__z1p10__lam0p030__nu0p50__psi0p75,hardzero_plus_depr,0.02,40,38,0.0,1,0.50827914,0.50827914,1.1025505,0.0,0.078967705,0.0,0.0,0.008699214,-29.326271,2.4256597,0.8085532,0.15200001,0.0,0.18271635,1.1099994,1.1399994,124800
hardzero_plus_depr__c0p54__z1p10__lam0p030__nu0p50__psi0p75,hardzero_plus_depr,0.02,40,39,0.0,1,0.50827914,0.5090368,1.0502433,0.0890752,0.0890752,1.0,0.00075764407,0.008505668,-27.237549,2.3105812,0.77019376,0.19999999,0.0,0.13379131,1.1399994,1.1699994,128000
hardzero_plus_depr__c0p54__z1p10__lam0p030__nu0p50__psi0p75,hardzero_plus_depr,0.02,40,40,0.0,1,0.5090368,0.5097759,1.0512238,0.0888743,0.0888743,1.0,0.00073911663,0.008316427,-26.71347,2.3127384,0.7709128,0.136,0.0,0.15097451,1.1699994,1.1999993,131200
hardzero_plus_depr__c0p54__z1p10__lam0p030__nu0p50__psi0p75,hardzero_plus_depr,0.02,40,41,0.0,1,0.5097759,0.51054984,1.0214362,0.095183976,0.095183976,1.0,0.0007739787,0.008131397,-26.076708,2.2472045,0.7490682,0.17600001,0.0,0.12452782,1.1999993,1.2299993,134400
hardzero_plus_depr__c0p54__z1p10__lam0p030__nu0p50__psi0p75,hardzero_plus_depr,0.02,40,42,0.0,1,0.51054984,0.51124907,1.0557609,0.08795067,0.08795067,1.0,0.0006992504,0.007950484,-27.688648,2.3227203,0.77424014,0.112,0.0,0.14241366,1.2299993,1.2599993,137600
hardzero_plus_depr__c0p54__z1p10__lam0p030__nu0p50__psi0p75,hardzero_plus_depr,0.02,40,43,0.0,1,0.51124907,0.51199454,1.0181843,0.09589936,0.09589936,1.0,0.0007454828,0.0077735954,-27.072638,2.2400503,0.7466835,0.136,0.0,0.1362704,1.2599993,1.2899992,140800
hardzero_plus_depr__c0p54__z1p10__lam0p030__nu0p50__psi0p75,hardzero_plus_depr,0.02,40,44,0.0,1,0.51199454,0.5126645,1.054808,0.08814383,0.08814383,1.0,0.0006699498,0.0076006427,-27.222723,2.3206239,0.77354133,0.18400002,0.0,0.14061849,1.2899992,1.3199992,144000
hardzero_plus_depr__c0p54__z1p10__lam0p030__nu0p50__psi0p75,hardzero_plus_depr,0.02,40,45,0.0,1,0.5126645,0.5133686,1.0234511,0.09474337,0.09474337,1.0,0.000704089,0.0074315383,-28.070747,2.2516375,0.75054586,0.112,0.0,0.17363068,1.3199992,1.3499992,147200
hardzero_plus_depr__c0p54__z1p10__lam0p030__nu0p50__psi0p75,hardzero_plus_depr,0.02,40,46,0.0,1,0.5133686,0.514057,1.0234798,0.09473712,0.09473712,1.0,0.00068837847,0.007266196,-27.534883,2.2517006,0.7505669,0.192,0.0,0.1378901,1.3499992,1.3799992,150400
hardzero_plus_depr__c0p54__z1p10__lam0p030__nu0p50__psi0p75,hardzero_plus_depr,0.02,40,47,0.0,1,0.514057,0.514057,1.1246983,0.0,0.07504153,0.0,0.0,0.007104532,-29.310036,2.4743855,0.8247952,0.080000006,0.0,0.15932679,1.3799992,1.4099991,153600
hardzero_plus_depr__c0p54__z1p10__lam0p030__nu0p50__psi0p75,hardzero_plus_depr,0.02,40,48,0.0,1,0.514057,0.514698,1.0348914,0.09228022,0.09228022,1.0,0.00064102124,0.0069464645,-27.573338,2.2768066,0.7589356,0.096,0.0,0.14311859,1.4099991,1.4399991,156800
hardzero_plus_depr__c0p54__z1p10__lam0p030__nu0p50__psi0p75,hardzero_plus_depr,0.02,40,49,0.0,1,0.514698,0.5152673,1.0766797,0.08381471,0.08381471,1.0,0.0005692623,0.0067919143,-28.536507,2.3687427,0.78958094,0.15200001,0.0,0.17969213,1.4399991,1.4699991,160000
hardzero_plus_depr__c0p54__z1p10__lam0p030__nu0p50__psi0p75,hardzero_plus_depr,0.02,40,50,0.0,1,0.5152673,0.5158845,1.0317975,0.09293996,0.09293996,1.0,0.000617196,0.0066408035,-26.663708,2.27,0.75666666,0.192,0.0,0.15792234,1.4699991,1.499999,163200
hardzero_plus_depr__c0p54__z1p10__lam0p030__nu0p50__psi0p75,hardzero_plus_depr,0.02,40,51,0.0,1,0.5158845,0.5158845,1.1011891,0.0,0.079215616,0.0,0.0,0.006493054,-28.78254,2.4226644,0.80755484,0.14400001,0.0,0.1746451,1.499999,1.529999,166400
hardzero_plus_depr__c0p54__z1p10__lam0p030__nu0p50__psi0p75,hardzero_plus_depr,0.02,40,52,0.0,1,0.5158845,0.51653224,0.9912783,0.10202854,0.10202854,1.0,0.0006477375,0.0063485913,-27.513235,2.1808558,0.72695196,0.17,0.0,0.14339803,1.529999,1.559999,169600
hardzero_plus_depr__c0p54__z1p10__lam0p030__nu0p50__psi0p75,hardzero_plus_depr,0.02,40,53,0.0,1,0.51653224,0.517171,0.9875327,0.1029123,0.1029123,1.0,0.000638812,0.0062073437,-26.451977,2.1726153,0.72420514,0.16800001,0.0,0.14731316,1.559999,1.589999,172800
hardzero_plus_depr__c0p54__z1p10__lam0p030__nu0p50__psi0p75,hardzero_plus_depr,0.02,40,54,0.0,1,0.517171,0.5176987,1.0607466,0.08694675,0.08694675,1.0,0.00052770047,0.006069238,-27.845549,2.333689,0.77789634,0.136,0.0,0.13578133,1.589999,1.6199989,176000
hardzero_plus_depr__c0p54__z1p10__lam0p030__nu0p50__psi0p75,hardzero_plus_depr,0.02,40,55,0.0,1,0.5176987,0.51825905,1.0249054,0.094426654,0.094426654,1.0,0.0005603471,0.005934205,-27.329939,2.254837,0.75161237,0.208,0.0,0.16801496,1.6199989,1.6499989,179200
hardzero_plus_depr__c0p54__z1p10__lam0p030__nu0p50__psi0p75,hardzero_plus_depr,0.02,40,56,0.0,1,0.51825905,0.5188498,0.9922029,0.10181157,0.10181157,1.0,0.00059072865,0.005802176,-27.246971,2.18289,0.72763,0.192,0.0,0.16532688,1.6499989,1.6799989,182400
hardzero_plus_depr__c0p54__z1p10__lam0p030__nu0p50__psi0p75,hardzero_plus_depr,0.02,40,57,0.0,1,0.5188498,0.51939046,1.0209062,0.09530018,0.09530018,1.0,0.0005406461,0.0056730853,-27.205141,2.2460384,0.7486795,0.128,0.0,0.14125602,1.6799989,1.7099988,185600
hardzero_plus_depr__c0p54__z1p10__lam0p030__nu0p50__psi0p75,hardzero_plus_depr,0.02,40,58,0.0,1,0.51939046,0.51988626,1.0487331,0.08938546,0.08938546,1.0,0.0004958092,0.0055468665,-26.53289,2.3072588,0.7690863,0.104,0.0,0.15692613,1.7099988,1.7399988,188800
hardzero_plus_depr__c0p54__z1p10__lam0p030__nu0p50__psi0p75,hardzero_plus_depr,0.02,40,59,0.0,1,0.51988626,0.52039766,1.025523,0.09429248,0.09429248,1.0,0.00051139103,0.0054234555,-27.18218,2.2561955,0.7520652,0.136,0.0,0.13585997,1.7399988,1.7699988,192000
hardzero_plus_depr__c0p54__z1p10__lam0p030__nu0p50__psi0p75,hardzero_plus_depr,0.02,40,60,0.0,1,0.52039766,0.5208746,1.0460411,0.08994125,0.08994125,1.0,0.00047693955,0.00530279,-27.546238,2.3013365,0.7671122,0.120000005,0.0,0.13370806,1.7699988,1.7999988,195200
hardzero_plus_depr__c0p54__z1p10__lam0p030__nu0p50__psi0p75,hardzero_plus_depr,0.02,40,61,0.0,1,0.5208746,0.52137095,1.0189501,0.09573041,0.09573041,1.0,0.00049634394,0.0051848097,-27.135103,2.241735,0.747245,0.2,0.0,0.14494295,1.7999988,1.8299987,198400
hardzero_plus_depr__c0p54__z1p10__lam0p030__nu0p50__psi0p75,hardzero_plus_depr,0.02,40,62,0.0,1,0.52137095,0.5218574,1.0179226,0.09595716,0.09595716,1.0,0.00048645047,0.0050694547,-26.792376,2.2394745,0.74649155,0.17600001,0.0,0.14679837,1.8299987,1.8599987,201600
hardzero_plus_depr__c0p54__z1p10__lam0p030__nu0p50__psi0p75,hardzero_plus_depr,0.02,40,63,0.0,1,0.5218574,0.5218574,1.1145971,0.0,0.07680737,0.0,0.0,0.0049566654,-28.987738,2.4521625,0.8173875,0.104,0.0,0.16708745,1.8599987,1.8899987,204800
hardzero_plus_depr__c0p54__z1p10__lam0p030__nu0p50__psi0p75,hardzero_plus_depr,0.02,40,64,0.0,1,0.5218574,0.5223401,1.00168,0.099613905,0.099613905,1.0,0.0004827674,0.0048463857,-26.792044,2.2037401,0.73458004,0.08800001,0.0,0.14905009,1.8899987,1.9199986,208000
hardzero_plus_depr__c0p54__z1p10__lam0p030__nu0p50__psi0p75,hardzero_plus_depr,0.02,40,65,0.0,1,0.5223401,0.52277327,1.0390098,0.09140925,0.09140925,1.0,0.00043314826,0.0047385604,-26.497726,2.2858672,0.76195574,0.17,0.0,0.13471125,1.9199986,1.9499986,211200
hardzero_plus_depr__c0p54__z1p10__lam0p030__nu0p50__psi0p75,hardzero_plus_depr,0.02,40,66,0.0,1,0.52277327,0.5232274,1.0086913,0.09801865,0.09801865,1.0,0.0004541335,0.0046331333,-27.800283,2.2191653,0.7397218,0.136,0.0,0.17173043,1.9499986,1.9799986,214400
hardzero_plus_depr__c0p54__z1p10__lam0p030__nu0p50__psi0p75,hardzero_plus_depr,0.02,40,67,0.0,1,0.5232274,0.52365047,1.029671,0.09339617,0.09339617,1.0,0.00042308948,0.0045300517,-27.599209,2.2653213,0.7551071,0.216,0.0,0.13966285,1.9799986,2.0099986,217600
hardzero_plus_depr__c0p54__z1p10__lam0p030__nu0p50__psi0p75,hardzero_plus_depr,0.02,40,68,0.0,1,0.52365047,0.5240663,1.0273943,0.09388705,0.09388705,1.0,0.0004158505,0.0044292635,-27.006496,2.2603126,0.7534375,0.120000005,0.0,0.11616688,2.0099986,2.0399985,220800
hardzero_plus_depr__c0p54__z1p10__lam0p030__nu0p50__psi0p75,hardzero_plus_depr,0.02,40,69,0.0,1,0.5240663,0.5245195,0.98029155,0.10464258,0.10464258,1.0,0.0004531775,0.004330718,-25.89383,2.1566844,0.71889484,0.17600001,0.0,0.1256397,2.0399985,2.0699985,224000
hardzero_plus_depr__c0p54__z1p10__lam0p030__nu0p50__psi0p75,hardzero_plus_depr,0.02,40,70,0.0,1,0.5245195,0.52491534,1.0292786,0.09348056,0.09348056,1.0,0.0003958308,0.004234365,-26.544022,2.2644582,0.7548194,0.17600001,0.0,0.15363117,2.0699985,2.0999985,227200
hardzero_plus_depr__c0p54__z1p10__lam0p030__nu0p50__psi0p75,hardzero_plus_depr,0.02,40,71,0.0,1,0.52491534,0.52531075,1.0199676,0.09550638,0.09550638,1.0,0.00039541125,0.0041401554,-27.262403,2.2439735,0.7479912,0.136,0.0,0.1516934,2.0999985,2.1299984,230400
hardzero_plus_depr__c0p54__z1p10__lam0p030__nu0p50__psi0p75,hardzero_plus_depr,0.02,40,72,0.0,1,0.52531075,0.52570313,1.0135481,0.09692859,0.09692859,1.0,0.000392371,0.004048042,-26.570744,2.2298503,0.74328345,0.15200001,0.008,0.1472113,2.1299984,2.1599984,233600
hardzero_plus_depr__c0p54__z1p10__lam0p030__nu0p50__psi0p75,hardzero_plus_depr,0.02,40,73,0.0,1,0.52570313,0.5260844,1.0162228,0.09633345,0.09633345,1.0,0.00038128576,0.003957979,-27.666212,2.235735,0.745245,0.23200001,0.0,0.15727215,2.1599984,2.1899984,236800
hardzero_plus_depr__c0p54__z1p10__lam0p030__nu0p50__psi0p75,hardzero_plus_depr,0.02,40,74,0.0,1,0.5260844,0.5264689,1.0028701,0.09934131,0.09934131,1.0,0.0003844428,0.0038699189,-26.543467,2.2063582,0.7354528,0.17600001,0.0,0.14037451,2.1899984,2.2199984,240000
hardzero_plus_depr__c0p54__z1p10__lam0p030__nu0p50__psi0p75,hardzero_plus_depr,0.02,40,75,0.0,1,0.5264689,0.52684426,1.0034454,0.09920979,0.09920979,1.0,0.00037539174,0.0037838174,-26.509098,2.207624,0.73587465,0.17600001,0.0,0.17658034,2.2199984,2.2499983,243200
hardzero_plus_depr__c0p54__z1p10__lam0p030__nu0p50__psi0p75,hardzero_plus_depr,0.02,40,76,0.0,1,0.52684426,0.5272184,0.99514914,0.1011232,0.1011232,1.0,0.00037411862,0.0036996321,-26.189169,2.1893718,0.7297906,0.18400002,0.0,0.16116601,2.2499983,2.2799983,246400
hardzero_plus_depr__c0p54__z1p10__lam0p030__nu0p50__psi0p75,hardzero_plus_depr,0.02,40,77,0.0,1,0.5272184,0.52753454,1.0585284,0.08739198,0.08739198,1.0,0.00031612482,0.0036173207,-26.963833,2.328809,0.7762697,0.16800001,0.0,0.13361783,2.2799983,2.3099983,249600
hardzero_plus_depr__c0p54__z1p10__lam0p030__nu0p50__psi0p75,hardzero_plus_depr,0.02,40,78,0.0,1,0.52753454,0.5278311,1.0765156,0.083846405,0.083846405,1.0,0.0002965513,0.0035368397,-27.059513,2.3683815,0.78946054,0.13,0.0,0.15129368,2.3099983,2.3399982,252800
hardzero_plus_depr__c0p54__z1p10__lam0p030__nu0p50__psi0p75,hardzero_plus_depr,0.02,40,79,0.0,1,0.5278311,0.5281493,1.0360976,0.09202426,0.09202426,1.0,0.00031823362,0.0034581493,-27.35861,2.2794604,0.75982016,0.192,0.0,0.14659852,2.3399982,2.3699982,256000
hardzero_plus_depr__c0p54__z1p10__lam0p030__nu0p50__psi0p75,hardzero_plus_depr,0.02,40,80,0.0,1,0.5281493,0.5284943,0.99128306,0.10202742,0.10202742,1.0,0.0003449761,0.0033812097,-26.440868,2.1808662,0.7269554,0.17600001,0.0,0.12121231,2.3699982,2.3999982,259200
hardzero_plus_depr__c0p54__z1p10__lam0p030__nu0p50__psi0p75,hardzero_plus_depr,0.02,40,81,0.0,1,0.5284943,0.52876455,1.0875748,0.08173822,0.08173822,1.0,0.0002702251,0.0033059823,-27.836285,2.3927124,0.7975708,0.17600001,0.0,0.14902705,2.3999982,2.4299982,262400
hardzero_plus_depr__c0p54__z1p10__lam0p030__nu0p50__psi0p75,hardzero_plus_depr,0.02,40,82,0.0,1,0.52876455,0.52908564,1.0029358,0.09932629,0.09932629,1.0,0.00032106513,0.0032324286,-27.467571,2.2065027,0.73550093,0.112,0.0,0.15961297,2.4299982,2.4599981,265600
hardzero_plus_depr__c0p54__z1p10__lam0p030__nu0p50__psi0p75,hardzero_plus_depr,0.02,40,83,0.0,1,0.52908564,0.529356,1.0677692,0.085552126,0.085552126,1.0,0.00027038844,0.003160511,-27.29554,2.349139,0.78304636,0.120000005,0.0,0.1428784,2.4599981,2.489998,268800
hardzero_plus_depr__c0p54__z1p10__lam0p030__nu0p50__psi0p75,hardzero_plus_depr,0.02,40,84,0.0,1,0.529356,0.52966696,0.9973151,0.100620136,0.100620136,1.0,0.00031093566,0.0030901933,-26.007828,2.194137,0.73137903,0.136,0.0,0.11863393,2.489998,2.519998,272000
hardzero_plus_depr__c0p54__z1p10__lam0p030__nu0p50__psi0p75,hardzero_plus_depr,0.02,40,85,0.0,1,0.52966696,0.5299314,1.0578818,0.08752218,0.08752218,1.0,0.00026444305,0.0030214405,-27.911161,2.3273864,0.77579546,0.128,0.0,0.15965445,2.519998,2.549998,275200
hardzero_plus_depr__c0p54__z1p10__lam0p030__nu0p50__psi0p75,hardzero_plus_depr,0.02,40,86,0.0,1,0.5299314,0.5302033,1.0360854,0.092026874,0.092026874,1.0,0.00027186738,0.0029542174,-28.060215,2.2794333,0.7598111,0.120000005,0.0,0.15484804,2.549998,2.579998,278400
hardzero_plus_depr__c0p54__z1p10__lam0p030__nu0p50__psi0p75,hardzero_plus_depr,0.02,40,87,0.0,1,0.5302033,0.53050345,0.9832888,0.103922874,0.103922874,1.0,0.00030018014,0.0028884895,-26.151897,2.1632786,0.7210929,0.14400001,0.0,0.13876262,2.579998,2.609998,281600
hardzero_plus_depr__c0p54__z1p10__lam0p030__nu0p50__psi0p75,hardzero_plus_depr,0.02,40,88,0.0,1,0.53050345,0.53077257,1.0209694,0.095286325,0.095286325,1.0,0.00026910994,0.002824224,-27.00075,2.2461774,0.74872583,0.17600001,0.0,0.16032682,2.609998,2.639998,284800
hardzero_plus_depr__c0p54__z1p10__lam0p030__nu0p50__psi0p75,hardzero_plus_depr,0.02,40,89,0.0,1,0.53077257,0.5310451,1.0057132,0.09869309,0.09869309,1.0,0.00027253,0.002761389,-27.069803,2.2126133,0.7375378,0.192,0.0,0.14976503,2.639998,2.669998,288000
hardzero_plus_depr__c0p54__z1p10__lam0p030__nu0p50__psi0p75,hardzero_plus_depr,0.02,40,90,0.0,1,0.5310451,0.5313155,0.99931186,0.10015858,0.10015858,1.0,0.00027042333,0.0026999519,-27.116854,2.19853,0.73284334,0.16000001,0.0,0.12607458,2.669998,2.699998,291200
hardzero_plus_depr__c0p54__z1p10__lam0p030__nu0p50__psi0p75,hardzero_plus_depr,0.02,40,91,0.0,1,0.5313155,0.5315685,1.0184458,0.095841624,0.095841624,1.0,0.00025301048,0.002639881,-26.825922,2.2406256,0.7468752,0.099999994,0.0,0.14539725,2.699998,2.7299979,294400
hardzero_plus_depr__c0p54__z1p10__lam0p030__nu0p50__psi0p75,hardzero_plus_depr,0.02,40,92,0.0,1,0.5315685,0.5317836,1.0792966,0.0833112,0.0833112,1.0,0.00021503845,0.002581147,-27.163403,2.3744998,0.7915,0.14400001,0.0,0.15773065,2.7299979,2.7599978,297600
hardzero_plus_depr__c0p54__z1p10__lam0p030__nu0p50__psi0p75,hardzero_plus_depr,0.02,40,93,0.0,1,0.5317836,0.5320217,1.0252165,0.09435905,0.09435905,1.0,0.00023813579,0.0025237198,-27.461187,2.2555213,0.7518405,0.16000001,0.0,0.16526133,2.7599978,2.7899978,300800
hardzero_plus_depr__c0p54__z1p10__lam0p030__nu0p50__psi0p75,hardzero_plus_depr,0.02,40,94,0.0,1,0.5320217,0.5322579,1.0189419,0.09573221,0.09573221,1.0,0.00023622597,0.0024675704,-27.227581,2.2417169,0.747239,0.136,0.0,0.14659213,2.7899978,2.8199978,304000
hardzero_plus_depr__c0p54__z1p10__lam0p030__nu0p50__psi0p75,hardzero_plus_depr,0.02,40,95,0.0,1,0.5322579,0.5324631,1.0704389,0.085027836,0.085027836,1.0,0.0002051441,0.0024126698,-27.717014,2.3550124,0.78500414,0.136,0.0,0.14727816,2.8199978,2.8499978,307200
hardzero_plus_depr__c0p54__z1p10__lam0p030__nu0p50__psi0p75,hardzero_plus_depr,0.02,40,96,0.0,1,0.5324631,0.53268653,1.0234987,0.09473301,0.09473301,1.0,0.00022347429,0.0023589907,-26.918755,2.2517421,0.7505807,0.16000001,0.0,0.12489245,2.8499978,2.8799977,310400
hardzero_plus_depr__c0p54__z1p10__lam0p030__nu0p50__psi0p75,hardzero_plus_depr,0.02,40,97,0.0,1,0.53268653,0.53287274,1.0929986,0.08072375,0.08072375,1.0,0.0001861898,0.002306506,-28.388676,2.404645,0.80154836,0.136,0.0,0.16785711,2.8799977,2.9099977,313600
hardzero_plus_depr__c0p54__z1p10__lam0p030__nu0p50__psi0p75,hardzero_plus_depr,0.02,40,98,0.0,1,0.53287274,0.5330922,1.0118771,0.09730225,0.09730225,1.0,0.00021943504,0.0022551897,-27.212557,2.2261739,0.742058,0.18400002,0.0,0.14622796,2.9099977,2.9399977,316800
hardzero_plus_depr__c0p54__z1p10__lam0p030__nu0p50__psi0p75,hardzero_plus_depr,0.02,40,99,0.0,1,0.5330922,0.53330857,1.0081981,0.098129995,0.098129995,1.0,0.00021637803,0.0022050142,-26.418568,2.2180803,0.7393601,0.18400002,0.0,0.16623269,2.9399977,2.9699976,320000
hardzero_plus_depr__c0p54__z1p10__lam0p030__nu0p50__psi0p75,hardzero_plus_depr,0.02,40,100,0.0,1,0.53330857,0.5335194,1.009736,0.097783156,0.097783156,1.0,0.00021081613,0.0021559554,-27.177177,2.2214634,0.7404878,0.17600001,0.0,0.14206858,2.9699976,2.9999976,323200
hardzero_plus_depr__c0p54__z1p10__lam0p030__nu0p50__psi0p75,hardzero_plus_depr,0.02,40,101,0.0,1,0.5335194,0.533739,0.98227155,0.10416659,0.10416659,1.0,0.00021958198,0.0021079886,-26.376057,2.1610405,0.72034687,0.17600001,0.0,0.14497353,2.9999976,3.0299976,326400
hardzero_plus_depr__c0p54__z1p10__lam0p030__nu0p50__psi0p75,hardzero_plus_depr,0.02,40,102,0.0,1,0.533739,0.5339159,1.0663215,0.08583778,0.08583778,1.0,0.00017691925,0.0020610883,-28.517164,2.3459542,0.78198475,0.120000005,0.0,0.14283581,3.0299976,3.0599976,329600
hardzero_plus_depr__c0p54__z1p10__lam0p030__nu0p50__psi0p75,hardzero_plus_depr,0.02,40,103,0.0,1,0.5339159,0.534095,1.0511408,0.088891275,0.088891275,1.0,0.00017913649,0.0020152314,-26.981794,2.3125558,0.77085197,0.208,0.0,0.13416265,3.0599976,3.0899975,332800
hardzero_plus_depr__c0p54__z1p10__lam0p030__nu0p50__psi0p75,hardzero_plus_depr,0.02,40,104,0.0,1,0.534095,0.534274,1.0417343,0.090837605,0.090837605,1.0,0.00017898597,0.001970395,-28.183624,2.2918613,0.7639538,0.17999999,0.0,0.14678568,3.0899975,3.1199975,336000
hardzero_plus_depr__c0p54__z1p10__lam0p030__nu0p50__psi0p75,hardzero_plus_depr,0.02,40,105,0.0,1,0.534274,0.53444266,1.0576689,0.087565094,0.087565094,1.0,0.00016869906,0.001926556,-27.276766,2.3269181,0.7756394,0.128,0.0,0.14516702,3.1199975,3.1499975,339200
hardzero_plus_depr__c0p54__z1p10__lam0p030__nu0p50__psi0p75,hardzero_plus_depr,0.02,40,106,0.0,1,0.53444266,0.5346188,1.0291505,0.093508154,0.093508154,1.0,0.00017614066,0.001883693,-27.055717,2.2641764,0.75472546,0.14400001,0.0,0.14005768,3.1499975,3.1799974,342400
hardzero_plus_depr__c0p54__z1p10__lam0p030__nu0p50__psi0p75,hardzero_plus_depr,0.02,40,107,0.0,1,0.5346188,0.5348163,0.96961033,0.10724812,0.10724812,1.0,0.00019752777,0.001841783,-26.394985,2.1331854,0.71106184,0.15200001,0.0,0.12282504,3.1799974,3.2099974,345600
hardzero_plus_depr__c0p54__z1p10__lam0p030__nu0p50__psi0p75,hardzero_plus_depr,0.02,40,108,0.0,1,0.5348163,0.534962,1.0920889,0.080893025,0.080893025,1.0,0.0001456726,0.0018008056,-28.25197,2.4026437,0.80088127,0.112,0.0,0.15966652,3.2099974,3.2399974,348800
hardzero_plus_depr__c0p54__z1p10__lam0p030__nu0p50__psi0p75,hardzero_plus_depr,0.02,40,109,0.0,1,0.534962,0.53514147,0.99175704,0.10191613,0.10191613,1.0,0.00017944783,0.0017607403,-26.88654,2.181909,0.727303,0.16000001,0.0,0.14921908,3.2399974,3.2699974,352000
hardzero_plus_depr__c0p54__z1p10__lam0p030__nu0p50__psi0p75,hardzero_plus_depr,0.02,40,110,0.0,1,0.53514147,0.5353083,1.0136425,0.09690751,0.09690751,1.0,0.00016683267,0.001721566,-26.554924,2.2300582,0.7433528,0.16000001,0.0,0.13765672,3.2699974,3.2999973,355200
hardzero_plus_depr__c0p54__z1p10__lam0p030__nu0p50__psi0p75,hardzero_plus_depr,0.02,40,111,0.0,1,0.5353083,0.53546035,1.0442251,0.090318106,0.090318106,1.0,0.00015202914,0.0016832631,-27.639013,2.297341,0.7657804,0.064,0.0,0.15010804,3.2999973,3.3299973,358400
hardzero_plus_depr__c0p54__z1p10__lam0p030__nu0p50__psi0p75,hardzero_plus_depr,0.02,40,112,0.0,1,0.53546035,0.53546035,1.1009009,0.0,0.07926822,0.0,0.0,0.0016458125,-28.80748,2.4220302,0.8073434,0.136,0.0,0.16700938,3.3299973,3.3599973,361600
hardzero_plus_depr__c0p54__z1p10__lam0p030__nu0p50__psi0p75,hardzero_plus_depr,0.02,40,113,0.0,1,0.53546035,0.53561,1.03156,0.09299081,0.09299081,1.0,0.00014964037,0.0016091953,-27.279222,2.2694771,0.7564924,0.15200001,0.0,0.14353216,3.3599973,3.3899972,364800
hardzero_plus_depr__c0p54__z1p10__lam0p030__nu0p50__psi0p75,hardzero_plus_depr,0.02,40,114,0.0,1,0.53561,0.5357649,1.00686,0.09843284,0.09843284,1.0,0.00015487353,0.0015733929,-26.389046,2.2151363,0.73837876,0.216,0.0,0.13690656,3.3899972,3.4199972,368000
hardzero_plus_depr__c0p54__z1p10__lam0p030__nu0p50__psi0p75,hardzero_plus_depr,0.02,40,115,0.0,1,0.5357649,0.53590494,1.040716,0.09105083,0.09105083,1.0,0.0001400714,0.0015383868,-27.098494,2.289621,0.7632071,0.17600001,0.0,0.16108814,3.4199972,3.4499972,371200
hardzero_plus_depr__c0p54__z1p10__lam0p030__nu0p50__psi0p75,hardzero_plus_depr,0.02,40,116,0.0,1,0.53590494,0.5360583,0.99153185,0.10196898,0.10196898,1.0,0.00015337761,0.0015041595,-26.12644,2.1814137,0.7271379,0.208,0.0,0.14523077,3.4499972,3.4799972,374400
hardzero_plus_depr__c0p54__z1p10__lam0p030__nu0p50__psi0p75,hardzero_plus_depr,0.02,40,117,0.0,1,0.5360583,0.5362053,1.0002246,0.099948294,0.099948294,1.0,0.00014699338,0.0014706942,-26.915127,2.200538,0.73351264,0.16,0.0,0.14734553,3.4799972,3.5099971,377600
hardzero_plus_depr__c0p54__z1p10__lam0p030__nu0p50__psi0p75,hardzero_plus_depr,0.02,40,118,0.0,1,0.5362053,0.5363217,1.0917562,0.08095501,0.08095501,1.0,0.00011641112,0.001437973,-27.947723,2.4019117,0.80063725,0.18400002,0.0,0.15564889,3.5099971,3.539997,380800
hardzero_plus_depr__c0p54__z1p10__lam0p030__nu0p50__psi0p75,hardzero_plus_depr,0.02,40,119,0.0,1,0.5363217,0.53645736,1.0155662,0.09647921,0.09647921,1.0,0.00013564782,0.0014059799,-27.30676,2.2342904,0.7447635,0.16800001,0.0,0.14599581,3.539997,3.569997,384000
hardzero_plus_depr__c0p54__z1p10__lam0p030__nu0p50__psi0p75,hardzero_plus_depr,0.02,40,120,0.0,1,0.53645736,0.53659034,1.0144544,0.09672652,0.09672652,1.0,0.00013296981,0.0013746986,-27.83391,2.2318442,0.7439481,0.192,0.0,0.16380745,3.569997,3.599997,387200
hardzero_plus_depr__c0p54__z1p10__lam0p030__nu0p50__psi0p75,hardzero_plus_depr,0.02,40,121,0.0,1,0.53659034,0.53672093,1.012545,0.09715273,0.09715273,1.0,0.00013058426,0.001344113,-27.097736,2.2276435,0.74254787,0.128,0.0,0.1402202,3.599997,3.629997,390400
hardzero_plus_depr__c0p54__z1p10__lam0p030__nu0p50__psi0p75,hardzero_plus_depr,0.02,40,122,0.0,1,0.53672093,0.53683776,1.051124,0.08889473,0.08889473,1.0,0.00011682621,0.0013142085,-27.87492,2.3125188,0.77083963,0.14400001,0.0,0.1721684,3.629997,3.659997,393600
hardzero_plus_depr__c0p54__z1p10__lam0p030__nu0p50__psi0p75,hardzero_plus_depr,0.02,40,123,0.0,1,0.53683776,0.5369701,0.98720163,0.10299078,0.10299078,1.0,0.00013233993,0.0012849688,-25.829185,2.171887,0.7239623,0.17600001,0.0,0.13154595,3.659997,3.689997,396800
hardzero_plus_depr__c0p54__z1p10__lam0p030__nu0p50__psi0p75,hardzero_plus_depr,0.02,40,124,0.0,1,0.5369701,0.53707975,1.0589559,0.08730599,0.08730599,1.0,0.00010968949,0.0012563799,-27.373865,2.3297496,0.7765832,0.15200001,0.0,0.14685854,3.689997,3.719997,400000
hardzero_plus_depr__c0p54__z1p10__lam0p030__nu0p50__psi0p75,hardzero_plus_depr,0.02,40,125,0.0,1,0.53707975,0.5372045,0.9932983,0.10155509,0.10155509,1.0,0.00012475303,0.0012284272,-26.966333,2.1852999,0.7284333,0.17600001,0.0,0.15318912,3.719997,3.749997,403200
hardzero_plus_depr__c0p54__z1p10__lam0p030__nu0p50__psi0p75,hardzero_plus_depr,0.02,40,126,0.0,1,0.5372045,0.53731334,1.042795,0.09061602,0.09061602,1.0,0.000108838554,0.0012010962,-27.23181,2.2941947,0.7647316,0.120000005,0.0,0.14155175,3.749997,3.7799969,406400
hardzero_plus_depr__c0p54__z1p10__lam0p030__nu0p50__psi0p75,hardzero_plus_depr,0.02,40,127,0.0,1,0.53731334,0.5374279,1.0107412,0.09755707,0.09755707,1.0,0.00011456841,0.0011743732,-27.501177,2.223675,0.741225,0.120000005,0.0,0.14712189,3.7799969,3.8099968,409600
hardzero_plus_depr__c0p54__z1p10__lam0p030__nu0p50__psi0p75,hardzero_plus_depr,0.02,40,128,0.0,1,0.5374279,0.5375332,1.0374463,0.091738954,0.091738954,1.0,0.00010533878,0.0011482448,-27.129221,2.2824273,0.7608091,0.104,0.0,0.13818145,3.8099968,3.8399968,412800
hardzero_plus_depr__c0p54__z1p10__lam0p030__nu0p50__psi0p75,hardzero_plus_depr,0.02,40,129,0.0,1,0.5375332,0.5376388,1.0266683,0.09404412,0.09404412,1.0,0.00010558313,0.0011226978,-27.281487,2.2587154,0.75290513,0.17600001,0.0,0.17122015,3.8399968,3.8699968,416000
hardzero_plus_depr__c0p54__z1p10__lam0p030__nu0p50__psi0p75,hardzero_plus_depr,0.02,40,130,0.0,1,0.5376388,0.5377276,1.0921407,0.080883384,0.080883384,1.0,8.878726e-05,0.0010977194,-27.969929,2.4027574,0.8009192,0.12,0.0,0.1739671,3.8699968,3.8999968,419200
hardzero_plus_depr__c0p54__z1p10__lam0p030__nu0p50__psi0p75,hardzero_plus_depr,0.02,40,131,0.0,1,0.5377276,0.5378242,1.0456262,0.09002721,0.09002721,1.0,9.662589e-05,0.0010732964,-27.733435,2.3004236,0.7668079,0.128,0.008,0.1393505,3.8999968,3.9299967,422400
hardzero_plus_depr__c0p54__z1p10__lam0p030__nu0p50__psi0p75,hardzero_plus_depr,0.02,40,132,0.0,1,0.5378242,0.5379186,1.0460432,0.08994082,0.08994082,1.0,9.438542e-05,0.0010494168,-27.438974,2.3013408,0.7671136,0.14400001,0.0,0.15185462,3.9299967,3.9599967,425600
hardzero_plus_depr__c0p54__z1p10__lam0p030__nu0p50__psi0p75,hardzero_plus_depr,0.02,40,133,0.0,1,0.5379186,0.5380115,1.0434145,0.090486854,0.090486854,1.0,9.284575e-05,0.0010260689,-27.945038,2.2955577,0.76518595,0.128,0.0,0.14928807,3.9599967,3.9899967,428800
hardzero_plus_depr__c0p54__z1p10__lam0p030__nu0p50__psi0p75,hardzero_plus_depr,0.02,40,134,0.0,1,0.5380115,0.53810465,1.0320351,0.092889115,0.092889115,1.0,9.319009e-05,0.0010032401,-26.940973,2.2705226,0.7568409,0.15200001,0.0,0.13975477,3.9899967,4.0199966,432000
hardzero_plus_depr__c0p54__z1p10__lam0p030__nu0p50__psi0p75,hardzero_plus_depr,0.02,40,135,0.0,1,0.53810465,0.5381933,1.044022,0.090360366,0.090360366,1.0,8.863622e-05,0.0009809192,-27.07169,2.296894,0.7656314,0.096,0.0,0.12641078,4.0199966,4.049997,435200
hardzero_plus_depr__c0p54__z1p10__lam0p030__nu0p50__psi0p75,hardzero_plus_depr,0.02,40,136,0.0,1,0.5381933,0.5382846,1.0214447,0.095182106,0.095182106,1.0,9.1288675e-05,0.00095909496,-27.066048,2.2472231,0.7490744,0.192,0.0,0.13836025,4.049997,4.079997,438400
hardzero_plus_depr__c0p54__z1p10__lam0p030__nu0p50__psi0p75,hardzero_plus_depr,0.02,40,137,0.0,1,0.5382846,0.5383656,1.0637051,0.08635648,0.08635648,1.0,8.098131e-05,0.000937756,-28.163174,2.3401978,0.78006595,0.08800001,0.0,0.1388768,4.079997,4.1099973,441600
hardzero_plus_depr__c0p54__z1p10__lam0p030__nu0p50__psi0p75,hardzero_plus_depr,0.02,40,138,0.0,1,0.5383656,0.53844655,1.054044,0.088299036,0.088299036,1.0,8.0960664e-05,0.00091689185,-27.65361,2.318943,0.77298105,0.08800001,0.0,0.15352632,4.1099973,4.1399975,444800
hardzero_plus_depr__c0p54__z1p10__lam0p030__nu0p50__psi0p75,hardzero_plus_depr,0.02,40,139,0.0,1,0.53844655,0.5385213,1.0787996,0.0834066,0.0834066,1.0,7.477336e-05,0.00089649216,-28.16999,2.3734066,0.79113555,0.14400001,0.0,0.1623335,4.1399975,4.1699977,448000
hardzero_plus_depr__c0p54__z1p10__lam0p030__nu0p50__psi0p75,hardzero_plus_depr,0.02,40,140,0.0,1,0.5385213,0.53859687,1.0643601,0.086226314,0.086226314,1.0,7.5581345e-05,0.0008765462,-28.046087,2.341639,0.78054637,0.16800001,0.0,0.16206409,4.1699977,4.199998,451200
hardzero_plus_depr__c0p54__z1p10__lam0p030__nu0p50__psi0p75,hardzero_plus_depr,0.02,40,141,0.0,1,0.53859687,0.5386787,1.0200536,0.09548745,0.09548745,1.0,8.183693e-05,0.00085704384,-27.23973,2.2441628,0.74805427,0.136,0.0,0.16176796,4.199998,4.229998,454400
hardzero_plus_depr__c0p54__z1p10__lam0p030__nu0p50__psi0p75,hardzero_plus_depr,0.02,40,142,0.0,1,0.5386787,0.5387509,1.064941,0.08611106,0.08611106,1.0,7.215896e-05,0.0008379755,-27.34877,2.342917,0.78097236,0.192,0.0,0.16454618,4.229998,4.2599983,457600
hardzero_plus_depr__c0p54__z1p10__lam0p030__nu0p50__psi0p75,hardzero_plus_depr,0.02,40,143,0.0,1,0.5387509,0.53883314,0.9983477,0.100381166,0.100381166,1.0,8.224546e-05,0.00081933156,-26.0094,2.1964087,0.73213625,0.22,0.0,0.11702449,4.2599983,4.2899985,460800
hardzero_plus_depr__c0p54__z1p10__lam0p030__nu0p50__psi0p75,hardzero_plus_depr,0.02,40,144,0.0,1,0.53883314,0.5389039,1.0540352,0.08830083,0.08830083,1.0,7.073801e-05,0.00080110243,-27.875607,2.3189237,0.7729746,0.120000005,0.0,0.1622247,4.2899985,4.3199987,464000
hardzero_plus_depr__c0p54__z1p10__lam0p030__nu0p50__psi0p75,hardzero_plus_depr,0.02,40,145,0.0,1,0.5389039,0.5389898,0.96003556,0.10963883,0.10963883,1.0,8.587775e-05,0.0007832786,-25.833805,2.1121204,0.70404017,0.17600001,0.0,0.13269995,4.3199987,4.349999,467200
hardzero_plus_depr__c0p54__z1p10__lam0p030__nu0p50__psi0p75,hardzero_plus_depr,0.02,40,146,0.0,1,0.5389898,0.53906107,1.0310912,0.093091235,0.093091235,1.0,7.129405e-05,0.0007658514,-26.769123,2.268446,0.7561487,0.14400001,0.0,0.16397329,4.349999,4.379999,470400
hardzero_plus_depr__c0p54__z1p10__lam0p030__nu0p50__psi0p75,hardzero_plus_depr,0.02,40,147,0.0,1,0.53906107,0.53913,1.0361446,0.09201432,0.09201432,1.0,6.890144e-05,0.00074881216,-27.613884,2.2795637,0.75985456,0.17600001,0.0,0.14575782,4.379999,4.4099994,473600
hardzero_plus_depr__c0p54__z1p10__lam0p030__nu0p50__psi0p75,hardzero_plus_depr,0.02,40,148,0.0,1,0.53913,0.5391996,1.0219862,0.0950635,0.0950635,1.0,6.960094e-05,0.000732152,-27.211794,2.2484145,0.74947155,0.14400001,0.0,0.14796595,4.4099994,4.4399996,476800
hardzero_plus_depr__c0p54__z1p10__lam0p030__nu0p50__psi0p75,hardzero_plus_depr,0.02,40,149,0.0,1,0.5391996,0.53926826,1.0179789,0.09594471,0.09594471,1.0,6.86832e-05,0.0007158623,-27.562607,2.2395983,0.7465328,0.192,0.0,0.15807003,4.4399996,4.47,480000
hardzero_plus_depr__c0p54__z1p10__lam0p030__nu0p50__psi0p75,hardzero_plus_depr,0.02,40,150,0.0,1,0.53926826,0.53932905,1.0612047,0.08685509,0.08685509,1.0,6.0792925e-05,0.0006999351,-27.558832,2.3346968,0.7782323,0.15200001,0.0,0.13846491,4.47,4.5,483200
hardzero_plus_depr__c0p54__z1p10__lam0p030__nu0p50__psi0p75,hardzero_plus_depr,0.02,40,151,0.0,1,0.53932905,0.5393884,1.0616636,0.08676336,0.08676336,1.0,5.9377573e-05,0.0006843623,-28.629648,2.3357067,0.7785689,0.192,0.0,0.16136985,4.5,4.53,486400
hardzero_plus_depr__c0p54__z1p10__lam0p030__nu0p50__psi0p75,hardzero_plus_depr,0.02,40,152,0.0,1,0.5393884,0.5394538,1.010151,0.09768974,0.09768974,1.0,6.5367734e-05,0.0006691361,-27.471539,2.2223766,0.7407922,0.16800001,0.0,0.14378256,4.53,4.5600004,489600
hardzero_plus_depr__c0p54__z1p10__lam0p030__nu0p50__psi0p75,hardzero_plus_depr,0.02,40,153,0.0,1,0.5394538,0.5395108,1.0602145,0.08705334,0.08705334,1.0,5.6954523e-05,0.0006542485,-27.24324,2.3325186,0.77750623,0.16800001,0.0,0.1541349,4.5600004,4.5900006,492800
hardzero_plus_depr__c0p54__z1p10__lam0p030__nu0p50__psi0p75,hardzero_plus_depr,0.02,40,154,0.0,1,0.5395108,0.5395721,1.0180734,0.09592383,0.09592383,1.0,6.1361716e-05,0.00063969207,-27.480114,2.2398062,0.74660206,0.16000001,0.008,0.20619339,4.5900006,4.620001,496000
hardzero_plus_depr__c0p54__z1p10__lam0p030__nu0p50__psi0p75,hardzero_plus_depr,0.02,40,155,0.0,1,0.5395721,0.5396277,1.051665,0.08878406,0.08878406,1.0,5.5530854e-05,0.0006254597,-27.611849,2.313709,0.77123636,0.136,0.0,0.16532512,4.620001,4.650001,499200
hardzero_plus_depr__c0p54__z1p10__lam0p030__nu0p50__psi0p75,hardzero_plus_depr,0.02,40,156,0.0,1,0.5396277,0.5396855,1.0242977,0.094558865,0.094558865,1.0,5.7826906e-05,0.000611544,-27.362572,2.2535,0.7511667,0.16,0.0,0.1616819,4.650001,4.6800013,502400
hardzero_plus_depr__c0p54__z1p10__lam0p030__nu0p50__psi0p75,hardzero_plus_depr,0.02,40,157,0.0,1,0.5396855,0.53973585,1.0745455,0.08422762,0.08422762,1.0,5.036287e-05,0.0005979377,-27.456871,2.3640473,0.7880158,0.16000001,0.0,0.15509003,4.6800013,4.7100015,505600
hardzero_plus_depr__c0p54__z1p10__lam0p030__nu0p50__psi0p75,hardzero_plus_depr,0.02,40,158,0.0,1,0.53973585,0.5397909,1.0259405,0.094201855,0.094201855,1.0,5.5073622e-05,0.00058463414,-27.094757,2.2571142,0.75237143,0.17600001,0.008,0.12194138,4.7100015,4.7400017,508800
hardzero_plus_depr__c0p54__z1p10__lam0p030__nu0p50__psi0p75,hardzero_plus_depr,0.02,40,159,0.0,1,0.5397909,0.53984106,1.057189,0.08766193,0.08766193,1.0,5.0109906e-05,0.00057162676,-26.957111,2.3258622,0.7752874,0.120000005,0.0,0.17883441,4.7400017,4.770002,512000
hardzero_plus_depr__c0p54__z1p10__lam0p030__nu0p50__psi0p75,hardzero_plus_depr,0.02,40,160,0.0,1,0.53984106,0.53984106,1.1046934,0.0,0.078579016,0.0,0.0,0.00055890874,-28.05199,2.430374,0.81012464,0.08800001,0.0,0.13988228,4.770002,4.800002,515200
hardzero_plus_depr__c0p54__z1p10__lam0p030__nu0p50__psi0p75,hardzero_plus_depr,0.02,40,161,0.0,1,0.53984106,0.5398916,1.0339832,0.09247339,0.09247339,1.0,5.0534265e-05,0.0005464736,-27.471262,2.2748086,0.75826955,0.136,0.0,0.14529026,4.800002,4.8300023,518400
hardzero_plus_depr__c0p54__z1p10__lam0p030__nu0p50__psi0p75,hardzero_plus_depr,0.02,40,162,0.0,1,0.5398916,0.53994745,0.98065543,0.104554944,0.104554944,1.0,5.5865283e-05,0.00053431507,-26.039385,2.157485,0.7191617,0.256,0.0,0.12588777,4.8300023,4.8600025,521600
hardzero_plus_depr__c0p54__z1p10__lam0p030__nu0p50__psi0p75,hardzero_plus_depr,0.02,40,163,0.0,1,0.53994745,0.53999674,1.0251399,0.09437567,0.09437567,1.0,4.9304417e-05,0.0005224272,-26.50516,2.255353,0.7517843,0.224,0.0,0.14942966,4.8600025,4.8900027,524800
hardzero_plus_depr__c0p54__z1p10__lam0p030__nu0p50__psi0p75,hardzero_plus_depr,0.02,40,164,0.0,1,0.53999674,0.5400414,1.0582979,0.087438375,0.087438375,1.0,4.466385e-05,0.0005108038,-27.763416,2.328302,0.77610064,0.136,0.0,0.16215047,4.8900027,4.920003,528000
hardzero_plus_depr__c0p54__z1p10__lam0p030__nu0p50__psi0p75,hardzero_plus_depr,0.02,40,165,1.0,2,0.5400414,8.916615e-05,1.0190498,0.09570843,0.09570843,1.0,4.780052e-05,0.00049943896,-26.808556,2.2419543,0.74731815,0.192,0.0,0.14303093,4.920003,2.4600015,531200
hardzero_plus_depr__c0p54__z1p10__lam0p030__nu0p50__psi0p75,hardzero_plus_depr,0.02,40,166,0.0,2,8.916615e-05,0.00038846646,1.023649,0.09470022,0.09470022,1.0,0.00029930033,0.0031605032,-27.334457,2.2520728,0.75069094,0.192,0.0,0.14020823,2.4600015,2.4900014,534400
hardzero_plus_depr__c0p54__z1p10__lam0p030__nu0p50__psi0p75,hardzero_plus_depr,0.02,40,167,0.0,2,0.00038846646,0.00064520375,1.0804956,0.083081506,0.083081506,1.0,0.0002567373,0.0030901858,-27.178276,2.3771377,0.79237926,0.112,0.0,0.1404336,2.4900014,2.5200014,537600
hardzero_plus_depr__c0p54__z1p10__lam0p030__nu0p50__psi0p75,hardzero_plus_depr,0.02,40,168,0.0,2,0.00064520375,0.0009371453,1.014917,0.09662354,0.09662354,1.0,0.00029194154,0.003021433,-27.344364,2.232862,0.7442874,0.128,0.0,0.13798904,2.5200014,2.5500014,540800
hardzero_plus_depr__c0p54__z1p10__lam0p030__nu0p50__psi0p75,hardzero_plus_depr,0.02,40,169,0.0,2,0.0009371453,0.0012354311,0.9958089,0.10096972,0.10096972,1.0,0.0002982857,0.0029542097,-26.355621,2.1908233,0.73027444,0.19999999,0.0,0.14065626,2.5500014,2.5800014,544000
hardzero_plus_depr__c0p54__z1p10__lam0p030__nu0p50__psi0p75,hardzero_plus_depr,0.02,40,170,0.0,2,0.0012354311,0.0015162907,1.0121804,0.0972343,0.0972343,1.0,0.0002808596,0.0028884825,-26.6973,2.2268414,0.7422805,0.14400001,0.0,0.14283668,2.5800014,2.6100013,547200
hardzero_plus_depr__c0p54__z1p10__lam0p030__nu0p50__psi0p75,hardzero_plus_depr,0.02,40,171,0.0,2,0.0015162907,0.0017895673,1.0142957,0.09676188,0.09676188,1.0,0.00027327662,0.0028242175,-26.765762,2.2314951,0.74383175,0.15200001,0.0,0.15777639,2.6100013,2.6400013,550400
hardzero_plus_depr__c0p54__z1p10__lam0p030__nu0p50__psi0p75,hardzero_plus_depr,0.02,40,172,0.0,2,0.0017895673,0.0020914294,0.9613179,0.10931559,0.10931559,1.0,0.00030186208,0.002761382,-25.828741,2.1149416,0.70498055,0.192,0.0,0.12984625,2.6400013,2.6700013,553600
hardzero_plus_depr__c0p54__z1p10__lam0p030__nu0p50__psi0p75,hardzero_plus_depr,0.02,40,173,0.0,2,0.0020914294,0.0023393522,1.0370386,0.091825105,0.091825105,1.0,0.0002479227,0.0026999447,-26.912842,2.2815304,0.76051015,0.120000005,0.0,0.15346785,2.6700013,2.7000012,556800
hardzero_plus_depr__c0p54__z1p10__lam0p030__nu0p50__psi0p75,hardzero_plus_depr,0.02,40,174,0.0,2,0.0023393522,0.0025514895,1.094966,0.080358885,0.080358885,1.0,0.00021213733,0.002639874,-28.204165,2.4089735,0.80299115,0.14400001,0.0,0.14853597,2.7000012,2.7300012,560000
hardzero_plus_depr__c0p54__z1p10__lam0p030__nu0p50__psi0p75,hardzero_plus_depr,0.02,40,175,0.0,2,0.0025514895,0.002820345,0.9822926,0.10416155,0.10416155,1.0,0.00026885563,0.0025811407,-26.562042,2.1610868,0.7203623,0.224,0.0,0.15106572,2.7300012,2.7600012,563200
hardzero_plus_depr__c0p54__z1p10__lam0p030__nu0p50__psi0p75,hardzero_plus_depr,0.02,40,176,0.0,2,0.002820345,0.00308786,0.9746918,0.106000565,0.106000565,1.0,0.00026751505,0.0025237133,-25.624493,2.1443648,0.7147883,0.16000001,0.0,0.13106029,2.7600012,2.7900012,566400
hardzero_plus_depr__c0p54__z1p10__lam0p030__nu0p50__psi0p75,hardzero_plus_depr,0.02,40,177,0.0,2,0.00308786,0.0033152758,1.0354481,0.09216201,0.09216201,1.0,0.00022741563,0.0024675636,-27.381716,2.2780313,0.7593438,0.14400001,0.0,0.15467821,2.7900012,2.8200011,569600
hardzero_plus_depr__c0p54__z1p10__lam0p030__nu0p50__psi0p75,hardzero_plus_depr,0.02,40,178,0.0,2,0.0033152758,0.0035504801,1.0110513,0.097487435,0.097487435,1.0,0.00023520442,0.002412664,-26.073448,2.2243574,0.74145246,0.17600001,0.0,0.13975887,2.8200011,2.850001,572800
hardzero_plus_depr__c0p54__z1p10__lam0p030__nu0p50__psi0p75,hardzero_plus_depr,0.02,40,179,0.0,2,0.0035504801,0.0037602407,1.0510013,0.088919856,0.088919856,1.0,0.00020976062,0.0023589851,-28.521908,2.312249,0.7707497,0.15200001,0.0,0.15513897,2.850001,2.880001,576000
hardzero_plus_depr__c0p54__z1p10__lam0p030__nu0p50__psi0p75,hardzero_plus_depr,0.02,40,180,0.0,2,0.0037602407,0.00396395,1.0539422,0.08831974,0.08831974,1.0,0.00020370953,0.0023065004,-28.194048,2.3187191,0.7729064,0.136,0.0,0.14710213,2.880001,2.910001,579200
hardzero_plus_depr__c0p54__z1p10__lam0p030__nu0p50__psi0p75,hardzero_plus_depr,0.02,40,181,0.0,2,0.00396395,0.004176794,1.0251205,0.0943799,0.0943799,1.0,0.00021284401,0.0022551836,-27.14559,2.25531,0.75177,0.17600001,0.0,0.14382689,2.910001,2.940001,582400
hardzero_plus_depr__c0p54__z1p10__lam0p030__nu0p50__psi0p75,hardzero_plus_depr,0.02,40,182,0.0,2,0.004176794,0.004435185,0.9311334,0.11718354,0.11718354,1.0,0.00025839068,0.0022050084,-25.399654,2.0485344,0.6828448,0.14999999,0.0,0.1423426,2.940001,2.970001,585600
hardzero_plus_depr__c0p54__z1p10__lam0p030__nu0p50__psi0p75,hardzero_plus_depr,0.02,40,183,0.0,2,0.004435185,0.0046479343,1.0057706,0.09868006,0.09868006,1.0,0.00021274929,0.0021559503,-26.878618,2.2127395,0.7375798,0.08800001,0.0,0.14830899,2.970001,3.000001,588800
hardzero_plus_depr__c0p54__z1p10__lam0p030__nu0p50__psi0p75,hardzero_plus_depr,0.02,40,184,0.0,2,0.0046479343,0.0048439195,1.0316436,0.0929729,0.0929729,1.0,0.00019598528,0.002107983,-27.395798,2.2696614,0.7565538,0.120000005,0.0,0.15208362,3.000001,3.030001,592000
hardzero_plus_depr__c0p54__z1p10__lam0p030__nu0p50__psi0p75,hardzero_plus_depr,0.02,40,185,0.0,2,0.0048439195,0.005066555,0.9665007,0.10801879,0.10801879,1.0,0.00022263567,0.0020610827,-27.205904,2.126344,0.70878136,0.208,0.0,0.17084005,3.030001,3.060001,595200
hardzero_plus_depr__c0p54__z1p10__lam0p030__nu0p50__psi0p75,hardzero_plus_depr,0.02,40,186,0.0,2,0.005066555,0.005233179,1.082587,0.082682386,0.082682386,1.0,0.00016662375,0.0020152268,-27.666334,2.381739,0.793913,0.120000005,0.0,0.17907852,3.060001,3.0900009,598400
hardzero_plus_depr__c0p54__z1p10__lam0p030__nu0p50__psi0p75,hardzero_plus_depr,0.02,40,187,0.0,2,0.005233179,0.0054474473,0.9635939,0.108744204,0.108744204,1.0,0.00021426856,0.0019703906,-25.873854,2.1199489,0.70664966,0.208,0.0,0.11351966,3.0900009,3.1200008,601600
hardzero_plus_depr__c0p54__z1p10__lam0p030__nu0p50__psi0p75,hardzero_plus_depr,0.02,40,188,0.0,2,0.0054474473,0.0056357863,1.0098403,0.097759664,0.097759664,1.0,0.00018833904,0.0019265516,-26.99305,2.2216928,0.7405643,0.15200001,0.0,0.15969408,3.1200008,3.1500008,604800
hardzero_plus_depr__c0p54__z1p10__lam0p030__nu0p50__psi0p75,hardzero_plus_depr,0.02,40,189,0.0,2,0.0056357863,0.0058353073,0.9750207,0.10592033,0.10592033,1.0,0.00019952086,0.001883688,-26.233246,2.1450884,0.7150295,0.192,0.0,0.14026076,3.1500008,3.1800008,608000
hardzero_plus_depr__c0p54__z1p10__lam0p030__nu0p50__psi0p75,hardzero_plus_depr,0.02,40,190,0.0,2,0.0058353073,0.0060401517,0.95381284,0.1112211,0.1112211,1.0,0.00020484462,0.0018417784,-26.539997,2.0984302,0.6994767,0.17600001,0.0,0.14405005,3.1800008,3.2100008,611200
hardzero_plus_depr__c0p54__z1p10__lam0p030__nu0p50__psi0p75,hardzero_plus_depr,0.02,40,191,0.0,2,0.0060401517,0.0062205684,0.9991895,0.1001868,0.1001868,1.0,0.00018041652,0.0018008013,-26.883562,2.1982608,0.73275363,0.192,0.0,0.15559752,3.2100008,3.2400007,614400
hardzero_plus_depr__c0p54__z1p10__lam0p030__nu0p50__psi0p75,hardzero_plus_depr,0.02,40,192,0.0,2,0.0062205684,0.006406716,0.9758362,0.105721615,0.105721615,1.0,0.00018614782,0.0017607356,-26.678486,2.1468825,0.71562755,0.2,0.0,0.13253036,3.2400007,3.2700007,617600
hardzero_plus_depr__c0p54__z1p10__lam0p030__nu0p50__psi0p75,hardzero_plus_depr,0.02,40,193,0.0,2,0.006406716,0.006573306,1.014274,0.0967667,0.0967667,1.0,0.00016658982,0.0017215614,-27.608496,2.2314475,0.74381584,0.18400002,0.0,0.14450844,3.2700007,3.3000007,620800
hardzero_plus_depr__c0p54__z1p10__lam0p030__nu0p50__psi0p75,hardzero_plus_depr,0.02,40,194,0.0,2,0.006573306,0.006741454,1.0004598,0.09989417,0.09989417,1.0,0.00016814779,0.0016832592,-26.41279,2.2010555,0.7336852,0.16000001,0.0,0.15681432,3.3000007,3.3300006,624000
hardzero_plus_depr__c0p54__z1p10__lam0p030__nu0p50__psi0p75,hardzero_plus_depr,0.02,40,195,0.0,2,0.006741454,0.006931446,0.9376434,0.11544007,0.11544007,1.0,0.00018999226,0.0016458086,-25.54043,2.0628567,0.6876189,0.16,0.0,0.13608414,3.3300006,3.3600006,627200
hardzero_plus_depr__c0p54__z1p10__lam0p030__nu0p50__psi0p75,hardzero_plus_depr,0.02,40,196,0.0,2,0.006931446,0.0070837988,1.0237577,0.09467651,0.09467651,1.0,0.00015235263,0.0016091914,-26.854208,2.252312,0.7507707,0.120000005,0.0,0.12947284,3.3600006,3.3900006,630400
hardzero_plus_depr__c0p54__z1p10__lam0p030__nu0p50__psi0p75,hardzero_plus_depr,0.02,40,197,0.0,2,0.0070837988,0.0072300183,1.0318313,0.09293274,0.09293274,1.0,0.00014621933,0.0015733888,-28.12445,2.2700741,0.7566914,0.14400001,0.0,0.1545709,3.3900006,3.4200006,633600
hardzero_plus_depr__c0p54__z1p10__lam0p030__nu0p50__psi0p75,hardzero_plus_depr,0.02,40,198,0.0,2,0.0072300183,0.007385993,0.99401027,0.10138874,0.10138874,1.0,0.00015597469,0.0015383827,-26.18706,2.1868663,0.72895545,0.17600001,0.0,0.13916627,3.4200006,3.4500005,636800
hardzero_plus_depr__c0p54__z1p10__lam0p030__nu0p50__psi0p75,hardzero_plus_depr,0.02,40,199,0.0,2,0.007385993,0.007525157,1.0337656,0.092519745,0.092519745,1.0,0.00013916413,0.0015041559,-26.577112,2.2743297,0.7581099,0.16000001,0.0,0.1856395,3.4500005,3.4800005,640000
hardzero_plus_depr__c0p54__z1p10__lam0p030__nu0p50__psi0p75,hardzero_plus_depr,0.02,40,200,0.0,2,0.007525157,0.0076776803,0.98418546,0.10370855,0.10370855,1.0,0.00015252316,0.0014706904,-26.976414,2.1652513,0.72175044,0.14400001,0.0,0.14349566,3.4800005,3.5100005,643200
hardzero_plus_depr__c0p54__z1p10__lam0p030__nu0p50__psi0p75,hardzero_plus_depr,0.02,40,201,0.0,2,0.0076776803,0.007829035,0.9777551,0.10525551,0.10525551,1.0,0.00015135418,0.0014379693,-27.249067,2.1511042,0.71703476,0.14400001,0.0,0.14287317,3.5100005,3.5400004,646400
hardzero_plus_depr__c0p54__z1p10__lam0p030__nu0p50__psi0p75,hardzero_plus_depr,0.02,40,202,0.0,2,0.007829035,0.007966928,1.0084348,0.09807655,0.09807655,1.0,0.00013789332,0.0014059765,-26.965048,2.2186007,0.7395336,0.17600001,0.0,0.14307645,3.5400004,3.5700004,649600
hardzero_plus_depr__c0p54__z1p10__lam0p030__nu0p50__psi0p75,hardzero_plus_depr,0.02,40,203,0.0,2,0.007966928,0.00809634,1.0262327,0.094138496,0.094138496,1.0,0.00012941172,0.0013746951,-27.256128,2.2577572,0.75258577,0.14400001,0.0,0.14854139,3.5700004,3.6000004,652800
hardzero_plus_depr__c0p54__z1p10__lam0p030__nu0p50__psi0p75,hardzero_plus_depr,0.02,40,204,0.0,2,0.00809634,0.0082152095,1.0533634,0.08843752,0.08843752,1.0,0.00011886974,0.0013441099,-27.40391,2.3174458,0.7724819,0.15200001,0.0,0.14963768,3.6000004,3.6300004,656000
hardzero_plus_depr__c0p54__z1p10__lam0p030__nu0p50__psi0p75,hardzero_plus_depr,0.02,40,205,0.0,2,0.0082152095,0.008339642,1.0237299,0.09468259,0.09468259,1.0,0.00012443234,0.001314205,-28.16071,2.252251,0.7507503,0.128,0.0,0.16728999,3.6300004,3.6600003,659200
hardzero_plus_depr__c0p54__z1p10__lam0p030__nu0p50__psi0p75,hardzero_plus_depr,0.02,40,206,0.0,2,0.008339642,0.008458138,1.0351856,0.092217736,0.092217736,1.0,0.00011849662,0.0012849655,-27.029696,2.2774537,0.7591512,0.14400001,0.0,0.13591582,3.6600003,3.6900003,662400
hardzero_plus_depr__c0p54__z1p10__lam0p030__nu0p50__psi0p75,hardzero_plus_depr,0.02,40,207,0.0,2,0.008458138,0.008577574,1.0219861,0.095063515,0.095063515,1.0,0.00011943561,0.001256377,-26.430182,2.2484143,0.7494714,0.216,0.0,0.15274338,3.6900003,3.7200003,665600
hardzero_plus_depr__c0p54__z1p10__lam0p030__nu0p50__psi0p75,hardzero_plus_depr,0.02,40,208,0.0,2,0.008577574,0.008704877,0.9845096,0.10363116,0.10363116,1.0,0.00012730299,0.0012284239,-27.317186,2.1659644,0.72198814,0.16,0.0,0.146661,3.7200003,3.7500002,668800
hardzero_plus_depr__c0p54__z1p10__lam0p030__nu0p50__psi0p75,hardzero_plus_depr,0.02,40,209,0.0,2,0.008704877,0.008823553,1.0052156,0.09880625,0.09880625,1.0,0.00011867549,0.001201093,-26.732664,2.2115185,0.73717284,0.18400002,0.008,0.13387546,3.7500002,3.7800002,672000
hardzero_plus_depr__c0p54__z1p10__lam0p030__nu0p50__psi0p75,hardzero_plus_depr,0.02,40,210,0.0,2,0.008823553,0.008931319,1.0373231,0.091764964,0.091764964,1.0,0.00010776607,0.0011743705,-28.31733,2.2821565,0.7607188,0.16000001,0.0,0.1707574,3.7800002,3.8100002,675200
hardzero_plus_depr__c0p54__z1p10__lam0p030__nu0p50__psi0p75,hardzero_plus_depr,0.02,40,211,0.0,2,0.008931319,0.009048788,0.99011296,0.10230267,0.10230267,1.0,0.00011746824,0.0011482422,-26.336275,2.178292,0.72609735,0.120000005,0.0,0.13545667,3.8100002,3.8400002,678400
hardzero_plus_depr__c0p54__z1p10__lam0p030__nu0p50__psi0p75,hardzero_plus_depr,0.02,40,212,0.0,2,0.009048788,0.009158761,1.0089729,0.09795511,0.09795511,1.0,0.00010997373,0.0011226952,-26.865698,2.2197847,0.73992825,0.192,0.0,0.12111318,3.8400002,3.8700001,681600
hardzero_plus_depr__c0p54__z1p10__lam0p030__nu0p50__psi0p75,hardzero_plus_depr,0.02,40,213,0.0,2,0.009158761,0.009256611,1.0499305,0.08913937,0.08913937,1.0,9.784976e-05,0.0010977165,-27.641571,2.3098931,0.7699644,0.096,0.0,0.15540904,3.8700001,3.9,684800
hardzero_plus_depr__c0p54__z1p10__lam0p030__nu0p50__psi0p75,hardzero_plus_depr,0.02,40,214,0.0,2,0.009256611,0.009366102,0.9913408,0.10201385,0.10201385,1.0,0.000109490815,0.0010732936,-27.327658,2.1809933,0.7269978,0.16000001,0.0,0.12630847,3.9,3.93,688000
hardzero_plus_depr__c0p54__z1p10__lam0p030__nu0p50__psi0p75,hardzero_plus_depr,0.02,40,215,0.0,2,0.009366102,0.009463075,1.0342952,0.09240698,0.09240698,1.0,9.697321e-05,0.0010494143,-27.108274,2.2754948,0.7584983,0.24000001,0.0,0.15880646,3.93,3.96,691200
hardzero_plus_depr__c0p54__z1p10__lam0p030__nu0p50__psi0p75,hardzero_plus_depr,0.02,40,216,0.0,2,0.009463075,0.009558659,1.0307899,0.09315586,0.09315586,1.0,9.558407e-05,0.0010260661,-27.331034,2.267783,0.7559277,0.15200001,0.0,0.14918585,3.96,3.99,694400
hardzero_plus_depr__c0p54__z1p10__lam0p030__nu0p50__psi0p75,hardzero_plus_depr,0.02,40,217,0.0,2,0.009558659,0.0096643455,0.9773831,0.10534572,0.10534572,1.0,0.00010568677,0.0010032374,-26.92506,2.1502857,0.71676195,0.272,0.0,0.13680021,3.99,4.02,697600
hardzero_plus_depr__c0p54__z1p10__lam0p030__nu0p50__psi0p75,hardzero_plus_depr,0.02,40,218,0.0,2,0.0096643455,0.0097584585,1.0179836,0.09594368,0.09594368,1.0,9.4112766e-05,0.0009809168,-27.156515,2.2396085,0.7465362,0.136,0.0,0.13148743,4.02,4.05,700800
hardzero_plus_depr__c0p54__z1p10__lam0p030__nu0p50__psi0p75,hardzero_plus_depr,0.02,40,219,0.0,2,0.0097584585,0.009864313,0.9571538,0.11036877,0.11036877,1.0,0.00010585386,0.00095909246,-25.591568,2.1057804,0.7019268,0.216,0.0,0.14783187,4.05,4.0800004,704000
hardzero_plus_depr__c0p54__z1p10__lam0p030__nu0p50__psi0p75,hardzero_plus_depr,0.02,40,220,0.0,2,0.009864313,0.009950455,1.0368685,0.09186108,0.09186108,1.0,8.614305e-05,0.00093775353,-28.331844,2.281156,0.7603854,0.16800001,0.0,0.17311771,4.0800004,4.1100006,707200
hardzero_plus_depr__c0p54__z1p10__lam0p030__nu0p50__psi0p75,hardzero_plus_depr,0.02,40,221,0.0,2,0.009950455,0.010031041,1.0560619,0.08788973,0.08788973,1.0,8.058518e-05,0.00091688964,-27.569221,2.3233826,0.7744609,0.08,0.0,0.13572006,4.1100006,4.140001,710400
hardzero_plus_depr__c0p54__z1p10__lam0p030__nu0p50__psi0p75,hardzero_plus_depr,0.02,40,222,0.0,2,0.010031041,0.010111845,1.0451117,0.090133935,0.090133935,1.0,8.0804166e-05,0.00089648995,-27.503513,2.2992916,0.76643056,0.208,0.0,0.13243815,4.140001,4.170001,713600
hardzero_plus_depr__c0p54__z1p10__lam0p030__nu0p50__psi0p75,hardzero_plus_depr,0.02,40,223,0.0,2,0.010111845,0.010201681,0.9893236,0.10248879,0.10248879,1.0,8.983592e-05,0.00087654387,-27.010372,2.1765554,0.72551847,0.112,0.0,0.17078264,4.170001,4.2000012,716800
hardzero_plus_depr__c0p54__z1p10__lam0p030__nu0p50__psi0p75,hardzero_plus_depr,0.02,40,224,0.0,2,0.010201681,0.010278009,1.0503217,0.0890591,0.0890591,1.0,7.632736e-05,0.0008570416,-28.107126,2.3107538,0.7702513,0.16000001,0.0,0.16758107,4.2000012,4.2300014,720000
hardzero_plus_depr__c0p54__z1p10__lam0p030__nu0p50__psi0p75,hardzero_plus_depr,0.02,40,225,0.0,2,0.010278009,0.010359359,1.012873,0.09707937,0.09707937,1.0,8.1349935e-05,0.0008379735,-27.242706,2.2283652,0.74278843,0.16800001,0.0,0.13342164,4.2300014,4.2600017,723200
hardzero_plus_depr__c0p54__z1p10__lam0p030__nu0p50__psi0p75,hardzero_plus_depr,0.02,40,226,0.0,2,0.010359359,0.010432954,1.0466132,0.08982285,0.08982285,1.0,7.3594514e-05,0.0008193295,-27.636042,2.3025951,0.76753175,0.15200001,0.0,0.14298482,4.2600017,4.290002,726400
hardzero_plus_depr__c0p54__z1p10__lam0p030__nu0p50__psi0p75,hardzero_plus_depr,0.02,40,227,0.0,2,0.010432954,0.010502515,1.0613178,0.086832464,0.086832464,1.0,6.956151e-05,0.0008011003,-28.640541,2.334946,0.7783153,0.17600001,0.0,0.15563662,4.290002,4.320002,729600
hardzero_plus_depr__c0p54__z1p10__lam0p030__nu0p50__psi0p75,hardzero_plus_depr,0.02,40,228,0.0,2,0.010502515,0.010582558,0.9905964,0.10218885,0.10218885,1.0,8.004213e-05,0.0007832766,-26.369287,2.1793556,0.7264519,0.072000004,0.0,0.12399583,4.320002,4.3500023,732800
hardzero_plus_depr__c0p54__z1p10__lam0p030__nu0p50__psi0p75,hardzero_plus_depr,0.02,40,229,0.0,2,0.010582558,0.010654536,1.0269448,0.09398427,0.09398427,1.0,7.197782e-05,0.00076584966,-27.30306,2.2593236,0.7531079,0.16800001,0.0,0.1550345,4.3500023,4.3800025,736000
hardzero_plus_depr__c0p54__z1p10__lam0p030__nu0p50__psi0p75,hardzero_plus_depr,0.02,40,230,0.0,2,0.010654536,0.01072569,1.0221746,0.09502225,0.09502225,1.0,7.115365e-05,0.00074881036,-27.676516,2.248829,0.74960965,0.136,0.0,0.14813818,4.3800025,4.4100027,739200
hardzero_plus_depr__c0p54__z1p10__lam0p030__nu0p50__psi0p75,hardzero_plus_depr,0.02,40,231,0.0,2,0.01072569,0.010792279,1.0412009,0.09094926,0.09094926,1.0,6.65885e-05,0.00073215005,-27.431374,2.2906876,0.76356256,0.120000005,0.0,0.1490004,4.4100027,4.440003,742400
hardzero_plus_depr__c0p54__z1p10__lam0p030__nu0p50__psi0p75,hardzero_plus_depr,0.02,40,232,0.0,2,0.010792279,0.01086414,0.9983379,0.10038344,0.10038344,1.0,7.186053e-05,0.0007158604,-27.296247,2.1963873,0.7321291,0.128,0.0,0.16533235,4.440003,4.470003,745600
hardzero_plus_depr__c0p54__z1p10__lam0p030__nu0p50__psi0p75,hardzero_plus_depr,0.02,40,233,0.0,2,0.01086414,0.010935391,0.99226195,0.101797715,0.101797715,1.0,7.125162e-05,0.0006999334,-26.64108,2.1830199,0.7276733,0.17600001,0.0,0.1454907,4.470003,4.5000033,748800
hardzero_plus_depr__c0p54__z1p10__lam0p030__nu0p50__psi0p75,hardzero_plus_depr,0.02,40,234,0.0,2,0.010935391,0.010999351,1.0293806,0.09345863,0.09345863,1.0,6.3959415e-05,0.0006843607,-28.577333,2.2646825,0.7548942,0.12,0.0,0.1282463,4.5000033,4.5300035,752000
hardzero_plus_depr__c0p54__z1p10__lam0p030__nu0p50__psi0p75,hardzero_plus_depr,0.02,40,235,0.0,2,0.010999351,0.011066993,0.99529785,0.10108858,0.10108858,1.0,6.764184e-05,0.0006691343,-26.94663,2.189699,0.72989964,0.15200001,0.0,0.13538074,4.5300035,4.5600038,755200
hardzero_plus_depr__c0p54__z1p10__lam0p030__nu0p50__psi0p75,hardzero_plus_depr,0.02,40,236,0.0,2,0.011066993,0.011129533,1.019582,0.09559121,0.09559121,1.0,6.254023e-05,0.0006542467,-27.216724,2.2431252,0.74770844,0.18400002,0.0,0.1427893,4.5600038,4.590004,758400
hardzero_plus_depr__c0p54__z1p10__lam0p030__nu0p50__psi0p75,hardzero_plus_depr,0.02,40,237,0.0,2,0.011129533,0.011188986,1.0317938,0.09294073,0.09294073,1.0,5.9453305e-05,0.0006396905,-27.582764,2.2699919,0.756664,0.15200001,0.0,0.1462611,4.590004,4.620004,761600
hardzero_plus_depr__c0p54__z1p10__lam0p030__nu0p50__psi0p75,hardzero_plus_depr,0.02,40,238,0.0,2,0.011188986,0.011242227,1.0699551,0.08512261,0.08512261,1.0,5.3240634e-05,0.0006254582,-28.463562,2.3539484,0.7846495,0.112,0.0,0.19571668,4.620004,4.6500044,764800
hardzero_plus_depr__c0p54__z1p10__lam0p030__nu0p50__psi0p75,hardzero_plus_depr,0.02,40,239,0.0,2,0.011242227,0.011296199,1.0542543,0.08825629,0.08825629,1.0,5.3972457e-05,0.0006115423,-27.867636,2.3194058,0.7731353,0.216,0.0,0.1792064,4.6500044,4.6800046,768000
hardzero_plus_depr__c0p54__z1p10__lam0p030__nu0p50__psi0p75,hardzero_plus_depr,0.02,40,240,0.0,2,0.011296199,0.011351637,1.0328461,0.09271583,0.09271583,1.0,5.5438148e-05,0.00059793616,-27.14645,2.2723067,0.75743556,0.136,0.0,0.16912948,4.6800046,4.710005,771200
hardzero_plus_depr__c0p54__z1p10__lam0p030__nu0p50__psi0p75,hardzero_plus_depr,0.02,40,241,0.0,2,0.011351637,0.011412546,0.98220026,0.10418368,0.10418368,1.0,6.09092e-05,0.0005846328,-26.4091,2.1608837,0.7202946,0.14400001,0.0,0.11198862,4.710005,4.740005,774400
hardzero_plus_depr__c0p54__z1p10__lam0p030__nu0p50__psi0p75,hardzero_plus_depr,0.02,40,242,0.0,2,0.011412546,0.011471042,0.9899839,0.10233309,0.10233309,1.0,5.8496196e-05,0.0005716254,-26.719273,2.178008,0.7260027,0.096,0.0,0.14061363,4.740005,4.770005,777600
hardzero_plus_depr__c0p54__z1p10__lam0p030__nu0p50__psi0p75,hardzero_plus_depr,0.02,40,243,0.0,2,0.011471042,0.011520769,1.0507449,0.08897236,0.08897236,1.0,4.9727307e-05,0.00055890734,-28.57146,2.3116848,0.77056164,0.136,0.0,0.1730958,4.770005,4.8000054,780800
hardzero_plus_depr__c0p54__z1p10__lam0p030__nu0p50__psi0p75,hardzero_plus_depr,0.02,40,244,0.0,2,0.011520769,0.011579231,0.9706955,0.10698046,0.10698046,1.0,5.846184e-05,0.00054647215,-26.396772,2.1355727,0.71185756,0.2,0.0,0.13612093,4.8000054,4.8300056,784000
hardzero_plus_depr__c0p54__z1p10__lam0p030__nu0p50__psi0p75,hardzero_plus_depr,0.02,40,245,0.0,2,0.011579231,0.011635248,0.9794791,0.104838535,0.104838535,1.0,5.6016674e-05,0.0005343138,-26.468418,2.154897,0.71829903,0.15200001,0.0,0.13054322,4.8300056,4.860006,787200
hardzero_plus_depr__c0p54__z1p10__lam0p030__nu0p50__psi0p75,hardzero_plus_depr,0.02,40,246,0.0,2,0.011635248,0.011685862,1.0137467,0.09688427,0.09688427,1.0,5.061486e-05,0.000522426,-28.098463,2.2302873,0.7434291,0.17600001,0.0,0.13405095,4.860006,4.890006,790400
hardzero_plus_depr__c0p54__z1p10__lam0p030__nu0p50__psi0p75,hardzero_plus_depr,0.02,40,247,0.0,2,0.011685862,0.011731335,1.0505012,0.089022286,0.089022286,1.0,4.5472807e-05,0.0005108025,-27.871225,2.311149,0.770383,0.17,0.0,0.14166985,4.890006,4.9200063,793600
hardzero_plus_depr__c0p54__z1p10__lam0p030__nu0p50__psi0p75,hardzero_plus_depr,0.02,40,248,0.0,2,0.011731335,0.01177737,1.0353882,0.09217472,0.09217472,1.0,4.6035522e-05,0.0004994376,-27.983236,2.2778995,0.7592999,0.136,0.0,0.13166863,4.9200063,4.9500065,796800
hardzero_plus_depr__c0p54__z1p10__lam0p030__nu0p50__psi0p75,hardzero_plus_depr,0.02,40,249,0.0,2,0.01177737,0.0118251,1.0099217,0.09774134,0.09774134,1.0,4.7729613e-05,0.0004883257,-26.928139,2.221872,0.74062407,0.15200001,0.0,0.14035477,4.9500065,4.9800067,800000
hardzero_plus_depr__c0p54__z1p10__lam0p030__nu0p50__psi0p75,hardzero_plus_depr,0.02,40,250,0.0,2,0.0118251,0.011869905,1.027609,0.09384064,0.09384064,1.0,4.4805252e-05,0.0004774611,-26.737474,2.2607849,0.753595,0.14400001,0.0,0.1424225,4.9800067,5.010007,803200
hardzero_plus_depr__c0p54__z1p10__lam0p030__nu0p50__psi0p75,hardzero_plus_depr,0.02,40,251,0.0,2,0.011869905,0.011918554,0.98209065,0.10420998,0.10420998,1.0,4.864918e-05,0.000466838,-26.766197,2.1606426,0.72021425,0.18400002,0.0,0.1475602,5.010007,5.040007,806400
hardzero_plus_depr__c0p54__z1p10__lam0p030__nu0p50__psi0p75,hardzero_plus_depr,0.02,40,252,0.0,2,0.011918554,0.01196141,1.0273888,0.09388824,0.09388824,1.0,4.2855412e-05,0.00045645132,-26.971083,2.2603004,0.75343347,0.15200001,0.0,0.15983978,5.040007,5.0700073,809600
hardzero_plus_depr__c0p54__z1p10__lam0p030__nu0p50__psi0p75,hardzero_plus_depr,0.02,40,253,0.0,2,0.01196141,0.012007321,0.9877021,0.10287216,0.10287216,1.0,4.5911416e-05,0.00044629583,-26.768627,2.172988,0.72432935,0.16800001,0.0,0.17236139,5.0700073,5.1000075,812800
hardzero_plus_depr__c0p54__z1p10__lam0p030__nu0p50__psi0p75,hardzero_plus_depr,0.02,40,254,0.0,2,0.012007321,0.01205257,0.9842464,0.103693984,0.103693984,1.0,4.5248562e-05,0.0004363663,-27.13595,2.1653852,0.7217951,0.224,0.0,0.15888776,5.1000075,5.1300077,816000
hardzero_plus_depr__c0p54__z1p10__lam0p030__nu0p50__psi0p75,hardzero_plus_depr,0.02,40,255,0.0,2,0.01205257,0.012090106,1.0556275,0.08797768,0.08797768,1.0,3.753634e-05,0.00042665756,-28.357985,2.3224268,0.77414227,0.128,0.0,0.172041,5.1300077,5.160008,819200
hardzero_plus_depr__c0p54__z1p10__lam0p030__nu0p50__psi0p75,hardzero_plus_depr,0.02,40,256,0.0,2,0.012090106,0.012127649,1.045773,0.089996785,0.089996785,1.0,3.7543494e-05,0.00041716485,-27.142462,2.3007467,0.76691556,0.136,0.008,0.15778938,5.160008,5.190008,822400
hardzero_plus_depr__c0p54__z1p10__lam0p030__nu0p50__psi0p75,hardzero_plus_depr,0.02,40,257,0.0,2,0.012127649,0.012162627,1.0667492,0.08575328,0.08575328,1.0,3.497734e-05,0.00040788343,-28.139889,2.3468952,0.78229845,0.104,0.0,0.14965247,5.190008,5.2200084,825600
hardzero_plus_depr__c0p54__z1p10__lam0p030__nu0p50__psi0p75,hardzero_plus_depr,0.02,40,258,0.0,2,0.012162627,0.012198229,1.0492822,0.089272514,0.089272514,1.0,3.560264e-05,0.0003988085,-27.812872,2.308467,0.769489,0.15200001,0.0,0.15772001,5.2200084,5.2500086,828800
hardzero_plus_depr__c0p54__z1p10__lam0p030__nu0p50__psi0p75,hardzero_plus_depr,0.02,40,259,0.0,2,0.012198229,0.012234795,1.0279214,0.09377316,0.09377316,1.0,3.6565474e-05,0.0003899354,-26.96202,2.2614722,0.7538241,0.120000005,0.0,0.15531226,5.2500086,5.280009,832000
hardzero_plus_depr__c0p54__z1p10__lam0p030__nu0p50__psi0p75,hardzero_plus_depr,0.02,40,260,0.0,2,0.012234795,0.012269714,1.0381546,0.09158944,0.09158944,1.0,3.4919365e-05,0.0003812597,-26.62216,2.2839859,0.76132864,0.17,0.0,0.18531026,5.280009,5.310009,835200
hardzero_plus_depr__c0p54__z1p10__lam0p030__nu0p50__psi0p75,hardzero_plus_depr,0.02,40,261,0.0,2,0.012269714,0.012301184,1.0735489,0.08442113,0.08442113,1.0,3.147027e-05,0.00037277717,-29.23797,2.3618548,0.787285,0.15200001,0.0,0.17455968,5.310009,5.340009,838400
hardzero_plus_depr__c0p54__z1p10__lam0p030__nu0p50__psi0p75,hardzero_plus_depr,0.02,40,262,0.0,2,0.012301184,0.012336985,1.0077773,0.09822515,0.09822515,1.0,3.580143e-05,0.00036448333,-27.074888,2.2171545,0.7390515,0.2,0.0,0.12554736,5.340009,5.3700094,841600
hardzero_plus_depr__c0p54__z1p10__lam0p030__nu0p50__psi0p75,hardzero_plus_depr,0.02,40,263,0.0,2,0.012336985,0.0123745855,0.97671205,0.10550862,0.10550862,1.0,3.7600526e-05,0.000356374,-26.570036,2.1488094,0.71626985,0.15200001,0.0,0.12571795,5.3700094,5.4000096,844800
hardzero_plus_depr__c0p54__z1p10__lam0p030__nu0p50__psi0p75,hardzero_plus_depr,0.02,40,264,0.0,2,0.0123745855,0.0124109965,0.98090166,0.10449568,0.10449568,1.0,3.6410987e-05,0.0003484449,-26.07418,2.1580267,0.71934223,0.14400001,0.0,0.15548463,5.4000096,5.43001,848000
hardzero_plus_depr__c0p54__z1p10__lam0p030__nu0p50__psi0p75,hardzero_plus_depr,0.02,40,265,0.0,2,0.0124109965,0.012445088,0.9997196,0.10006458,0.10006458,1.0,3.409125e-05,0.00034069244,-25.945856,2.1994271,0.7331424,0.2,0.0,0.14422002,5.43001,5.46001,851200
hardzero_plus_depr__c0p54__z1p10__lam0p030__nu0p50__psi0p75,hardzero_plus_depr,0.02,40,266,0.0,2,0.012445088,0.012475962,1.0329993,0.09268312,0.09268312,1.0,3.0873904e-05,0.00033311246,-27.914284,2.2726438,0.757548,0.136,0.0,0.15084186,5.46001,5.4900103,854400
hardzero_plus_depr__c0p54__z1p10__lam0p030__nu0p50__psi0p75,hardzero_plus_depr,0.02,40,267,0.0,2,0.012475962,0.012509953,0.98145294,0.10436312,0.10436312,1.0,3.3991168e-05,0.00032570094,-27.202408,2.1592395,0.71974653,0.136,0.0,0.15805078,5.4900103,5.5200105,857600
hardzero_plus_depr__c0p54__z1p10__lam0p030__nu0p50__psi0p75,hardzero_plus_depr,0.02,40,268,0.0,2,0.012509953,0.012543116,0.9824044,0.10413474,0.10413474,1.0,3.3162174e-05,0.0003184545,-26.97368,2.1613328,0.7204443,0.16000001,0.0,0.13616173,5.5200105,5.5500107,860800
hardzero_plus_depr__c0p54__z1p10__lam0p030__nu0p50__psi0p75,hardzero_plus_depr,0.02,40,269,0.0,2,0.012543116,0.012576336,0.9718744,0.10669046,0.10669046,1.0,3.3220127e-05,0.00031136925,-26.516829,2.1381664,0.7127222,0.16800001,0.0,0.13141032,5.5500107,5.580011,864000
hardzero_plus_depr__c0p54__z1p10__lam0p030__nu0p50__psi0p75,hardzero_plus_depr,0.02,40,270,0.0,2,0.012576336,0.012610197,0.95380116,0.11122409,0.11122409,1.0,3.3861244e-05,0.00030444164,-27.006264,2.0984044,0.69946814,0.15200001,0.0,0.14757605,5.580011,5.610011,867200
hardzero_plus_depr__c0p54__z1p10__lam0p030__nu0p50__psi0p75,hardzero_plus_depr,0.02,40,271,0.0,2,0.012610197,0.012644231,0.9418216,0.11433479,0.11433479,1.0,3.403383e-05,0.0002976682,-25.244408,2.072049,0.690683,0.216,0.0,0.12230464,5.610011,5.6400113,870400
hardzero_plus_depr__c0p54__z1p10__lam0p030__nu0p50__psi0p75,hardzero_plus_depr,0.02,40,272,0.0,2,0.012644231,0.01267006,1.0518634,0.08874349,0.08874349,1.0,2.5828376e-05,0.0002910453,-27.33802,2.3141458,0.771382,0.120000005,0.0,0.15171608,5.6400113,5.6700115,873600
hardzero_plus_depr__c0p54__z1p10__lam0p030__nu0p50__psi0p75,hardzero_plus_depr,0.02,40,273,0.0,2,0.01267006,0.012698541,0.9996206,0.1000874,0.1000874,1.0,2.848186e-05,0.0002845699,-26.907118,2.1992092,0.7330698,0.11,0.0,0.14517047,5.6700115,5.7000117,876800
hardzero_plus_depr__c0p54__z1p10__lam0p030__nu0p50__psi0p75,hardzero_plus_depr,0.02,40,274,0.0,2,0.012698541,0.012724465,1.0307329,0.09316807,0.09316807,1.0,2.592295e-05,0.00027823856,-28.075924,2.2676575,0.75588584,0.16000001,0.0,0.14257617,5.7000117,5.730012,880000
hardzero_plus_depr__c0p54__z1p10__lam0p030__nu0p50__psi0p75,hardzero_plus_depr,0.02,40,275,0.0,2,0.012724465,0.012750753,1.0148777,0.09663229,0.09663229,1.0,2.6288617e-05,0.00027204797,-27.592993,2.2327754,0.7442585,0.112,0.0,0.12553729,5.730012,5.760012,883200
hardzero_plus_depr__c0p54__z1p10__lam0p030__nu0p50__psi0p75,hardzero_plus_depr,0.02,40,276,0.0,2,0.012750753,0.012774273,1.05344,0.08842194,0.08842194,1.0,2.3519813e-05,0.00026599522,-28.048077,2.3176143,0.7725381,0.16800001,0.008,0.15859564,5.760012,5.7900124,886400
hardzero_plus_depr__c0p54__z1p10__lam0p030__nu0p50__psi0p75,hardzero_plus_depr,0.02,40,277,0.0,2,0.012774273,0.012801436,0.9811263,0.104441635,0.104441635,1.0,2.7162883e-05,0.00026007715,-26.573431,2.158521,0.719507,0.208,0.0,0.14611211,5.7900124,5.8200126,889600
hardzero_plus_depr__c0p54__z1p10__lam0p030__nu0p50__psi0p75,hardzero_plus_depr,0.02,40,278,0.0,2,0.012801436,0.012823677,1.058185,0.08746111,0.08746111,1.0,2.224055e-05,0.00025429076,-27.874813,2.3280535,0.77601784,0.080000006,0.0,0.16756733,5.8200126,5.850013,892800
hardzero_plus_depr__c0p54__z1p10__lam0p030__nu0p50__psi0p75,hardzero_plus_depr,0.02,40,279,0.0,2,0.012823677,0.012844666,1.0735703,0.08441696,0.08441696,1.0,2.0988848e-05,0.00024863306,-27.874722,2.3619018,0.7873006,0.14400001,0.0,0.17250527,5.850013,5.880013,896000
hardzero_plus_depr__c0p54__z1p10__lam0p030__nu0p50__psi0p75,hardzero_plus_depr,0.02,40,280,0.0,2,0.012844666,0.012869428,0.9920062,0.101857685,0.101857685,1.0,2.4761724e-05,0.0002431012,-26.635305,2.1824572,0.7274858,0.18400002,0.0,0.14646792,5.880013,5.910013,899200
hardzero_plus_depr__c0p54__z1p10__lam0p030__nu0p50__psi0p75,hardzero_plus_depr,0.02,40,281,0.0,2,0.012869428,0.01289442,0.97821,0.10514533,0.10514533,1.0,2.4992254e-05,0.00023769248,-26.089111,2.1521049,0.7173683,0.16000001,0.0,0.13367663,5.910013,5.9400134,902400
hardzero_plus_depr__c0p54__z1p10__lam0p030__nu0p50__psi0p75,hardzero_plus_depr,0.02,40,282,0.0,2,0.01289442,0.012920961,0.94233656,0.1141993,0.1141993,1.0,2.6540387e-05,0.0002324041,-26.546839,2.0731819,0.69106066,0.224,0.0,0.14549485,5.9400134,5.9700136,905600
hardzero_plus_depr__c0p54__z1p10__lam0p030__nu0p50__psi0p75,hardzero_plus_depr,0.02,40,283,0.0,2,0.012920961,0.012942066,1.0320777,0.092880026,0.092880026,1.0,2.1105432e-05,0.00022723328,-27.5476,2.2706163,0.7568721,0.104,0.0,0.13321927,5.9700136,6.000014,908800
hardzero_plus_depr__c0p54__z1p10__lam0p030__nu0p50__psi0p75,hardzero_plus_depr,0.02,40,284,0.0,2,0.012942066,0.012966674,0.9556364,0.110755056,0.110755056,1.0,2.4607294e-05,0.00022217761,-25.898657,2.102442,0.700814,0.120000005,0.0,0.13000567,6.000014,6.030014,912000
hardzero_plus_depr__c0p54__z1p10__lam0p030__nu0p50__psi0p75,hardzero_plus_depr,0.02,40,285,0.0,2,0.012966674,0.012985726,1.0569828,0.087703556,0.087703556,1.0,1.905223e-05,0.0002172344,-28.083815,2.3254085,0.7751362,0.16000001,0.0,0.14714961,6.030014,6.0600142,915200
hardzero_plus_depr__c0p54__z1p10__lam0p030__nu0p50__psi0p75,hardzero_plus_depr,0.02,40,286,0.0,2,0.012985726,0.013003938,1.0667889,0.08574545,0.08574545,1.0,1.8212437e-05,0.00021240121,-27.317352,2.3469825,0.78232753,0.099999994,0.0,0.13464004,6.0600142,6.0900145,918400
hardzero_plus_depr__c0p54__z1p10__lam0p030__nu0p50__psi0p75,hardzero_plus_depr,0.02,40,287,0.0,2,0.013003938,0.01302465,1.0011785,0.099728994,0.099728994,1.0,2.071127e-05,0.00020767552,-26.186523,2.2026367,0.7342123,0.17600001,0.0,0.14352304,6.0900145,6.1200147,921600
hardzero_plus_depr__c0p54__z1p10__lam0p030__nu0p50__psi0p75,hardzero_plus_depr,0.02,40,288,0.0,2,0.01302465,0.013044117,1.0183033,0.095873095,0.095873095,1.0,1.9467503e-05,0.00020305492,-27.313665,2.2403119,0.7467706,0.17600001,0.0,0.1407908,6.1200147,6.150015,924800
hardzero_plus_depr__c0p54__z1p10__lam0p030__nu0p50__psi0p75,hardzero_plus_depr,0.02,40,289,0.0,2,0.013044117,0.01306188,1.0483118,0.08947222,0.08947222,1.0,1.7763561e-05,0.00019853718,-27.268967,2.306332,0.7687774,0.15200001,0.0,0.16198659,6.150015,6.180015,928000
hardzero_plus_depr__c0p54__z1p10__lam0p030__nu0p50__psi0p75,hardzero_plus_depr,0.02,40,290,0.0,2,0.01306188,0.0130820675,0.982983,0.10399609,0.10399609,1.0,2.0187717e-05,0.00019411996,-25.815245,2.1626058,0.7208686,0.16000001,0.0,0.11876717,6.180015,6.2100153,931200
hardzero_plus_depr__c0p54__z1p10__lam0p030__nu0p50__psi0p75,hardzero_plus_depr,0.02,40,291,0.0,2,0.0130820675,0.013100541,1.0117501,0.09733072,0.09733072,1.0,1.8473464e-05,0.00018980095,-27.563112,2.2258947,0.74196494,0.14400001,0.0,0.16582231,6.2100153,6.2400155,934400
hardzero_plus_depr__c0p54__z1p10__lam0p030__nu0p50__psi0p75,hardzero_plus_depr,0.02,40,292,0.0,2,0.013100541,0.013116988,1.0524398,0.0886258,0.0886258,1.0,1.6447008e-05,0.0001855781,-27.101116,2.3154137,0.7718046,0.15200001,0.0,0.1594575,6.2400155,6.2700157,937600
hardzero_plus_depr__c0p54__z1p10__lam0p030__nu0p50__psi0p75,hardzero_plus_depr,0.02,40,293,0.0,2,0.013116988,0.01313608,0.97792906,0.10521336,0.10521336,1.0,1.9090881e-05,0.00018144921,-26.183926,2.1514869,0.7171623,0.24800001,0.0,0.13682477,6.2700157,6.300016,940800
hardzero_plus_depr__c0p54__z1p10__lam0p030__nu0p50__psi0p75,hardzero_plus_depr,0.02,40,294,0.0,2,0.01313608,0.01315428,0.98889804,0.10258927,0.10258927,1.0,1.8200586e-05,0.00017741218,-26.450037,2.1756191,0.7252064,0.17600001,0.0,0.16117495,6.300016,6.330016,944000
hardzero_plus_depr__c0p54__z1p10__lam0p030__nu0p50__psi0p75,hardzero_plus_depr,0.02,40,295,0.0,2,0.01315428,0.013171075,1.0140448,0.09681779,0.09681779,1.0,1.6794495e-05,0.00017346496,-27.749086,2.230943,0.7436477,0.2,0.0,0.16316848,6.330016,6.3600163,947200
hardzero_plus_depr__c0p54__z1p10__lam0p030__nu0p50__psi0p75,hardzero_plus_depr,0.02,40,296,0.0,2,0.013171075,0.013187101,1.0246143,0.094489954,0.094489954,1.0,1.6026017e-05,0.00016960551,-26.883354,2.2541966,0.7513989,0.15200001,0.0,0.13315767,6.3600163,6.3900166,950400
hardzero_plus_depr__c0p54__z1p10__lam0p030__nu0p50__psi0p75,hardzero_plus_depr,0.02,40,297,0.0,2,0.013187101,0.013205717,0.94978374,0.11225774,0.11225774,1.0,1.8615923e-05,0.00016583198,-25.281582,2.089566,0.696522,0.224,0.0,0.12967551,6.3900166,6.420017,953600
hardzero_plus_depr__c0p54__z1p10__lam0p030__nu0p50__psi0p75,hardzero_plus_depr,0.02,40,298,0.0,2,0.013205717,0.013222877,0.97538877,0.105830595,0.105830595,1.0,1.7159628e-05,0.00016214242,-26.2395,2.145898,0.71529937,0.2,0.008,0.12206808,6.420017,6.450017,956800
hardzero_plus_depr__c0p54__z1p10__lam0p030__nu0p50__psi0p75,hardzero_plus_depr,0.02,40,299,0.0,2,0.013222877,0.013238972,0.99343383,0.10152339,0.10152339,1.0,1.6094997e-05,0.00015853487,-26.565912,2.1855981,0.72853273,0.16,0.0,0.15272965,6.450017,6.480017,960000
hardzero_plus_depr__c0p54__z1p10__lam0p030__nu0p50__psi0p75,hardzero_plus_depr,0.02,40,300,0.0,2,0.013238972,0.0132521605,1.0701495,0.0850845,0.0850845,1.0,1.3188748e-05,0.00015500766,-28.450981,2.354376,0.78479207,0.16800001,0.0,0.16100632,6.480017,6.5100174,963200
hardzero_plus_depr__c0p54__z1p10__lam0p030__nu0p50__psi0p75,hardzero_plus_depr,0.02,40,301,0.0,2,0.0132521605,0.013266577,1.0217015,0.09512585,0.09512585,1.0,1.4417171e-05,0.00015155892,-26.114813,2.2477882,0.74926275,0.18400002,0.0,0.12260885,6.5100174,6.5400176,966400
hardzero_plus_depr__c0p54__z1p10__lam0p030__nu0p50__psi0p75,hardzero_plus_depr,0.02,40,302,0.0,2,0.013266577,0.013280699,1.0209289,0.09529521,0.09529521,1.0,1.4121505e-05,0.00014818693,-27.452827,2.2460883,0.7486961,0.192,0.0,0.15662044,6.5400176,6.570018,969600
hardzero_plus_depr__c0p54__z1p10__lam0p030__nu0p50__psi0p75,hardzero_plus_depr,0.02,40,303,0.0,2,0.013280699,0.0132952295,0.9987484,0.100288585,0.100288585,1.0,1.4530808e-05,0.00014488994,-26.90489,2.1972904,0.73243016,0.18400002,0.0,0.16180028,6.570018,6.600018,972800
hardzero_plus_depr__c0p54__z1p10__lam0p030__nu0p50__psi0p75,hardzero_plus_depr,0.02,40,304,0.0,2,0.0132952295,0.01331105,0.9520465,0.111674346,0.111674346,1.0,1.5820486e-05,0.00014166624,-26.154558,2.0945442,0.6981814,0.24800001,0.0,0.12656817,6.600018,6.630018,976000
hardzero_plus_depr__c0p54__z1p10__lam0p030__nu0p50__psi0p75,hardzero_plus_depr,0.02,40,305,0.0,2,0.01331105,0.0133252265,0.98992324,0.10234739,0.10234739,1.0,1.4176581e-05,0.00013851434,-26.009443,2.1778746,0.7259582,0.16000001,0.0,0.13010381,6.630018,6.6600184,979200
hardzero_plus_depr__c0p54__z1p10__lam0p030__nu0p50__psi0p75,hardzero_plus_depr,0.02,40,306,0.0,2,0.0133252265,0.013339549,0.9756839,0.10575868,0.10575868,1.0,1.4323169e-05,0.00013543257,-26.407667,2.1465476,0.71551585,0.17600001,0.0,0.14780968,6.6600184,6.6900187,982400
hardzero_plus_depr__c0p54__z1p10__lam0p030__nu0p50__psi0p75,hardzero_plus_depr,0.02,40,307,0.0,2,0.013339549,0.013352608,1.0060467,0.09861735,0.09861735,1.0,1.305884e-05,0.00013241929,-26.812016,2.2133467,0.73778224,0.208,0.0,0.13449481,6.6900187,6.720019,985600
hardzero_plus_depr__c0p54__z1p10__lam0p030__nu0p50__psi0p75,hardzero_plus_depr,0.02,40,308,0.0,2,0.013352608,0.013363388,1.079563,0.08326011,0.08326011,1.0,1.0779946e-05,0.00012947312,-27.21038,2.375086,0.79169536,0.136,0.0,0.14401208,6.720019,6.750019,988800
hardzero_plus_depr__c0p54__z1p10__lam0p030__nu0p50__psi0p75,hardzero_plus_depr,0.02,40,309,0.0,2,0.013363388,0.013376975,0.96927744,0.10733037,0.10733037,1.0,1.3587219e-05,0.0001265925,-27.077501,2.132453,0.7108177,0.18400002,0.0,0.13704768,6.750019,6.7800193,992000
hardzero_plus_depr__c0p54__z1p10__lam0p030__nu0p50__psi0p75,hardzero_plus_depr,0.02,40,310,0.0,2,0.013376975,0.013389588,0.9918158,0.10190235,0.10190235,1.0,1.2613061e-05,0.00012377596,-26.851301,2.1820383,0.7273461,0.15200001,0.0,0.14969112,6.7800193,6.8100195,995200
hardzero_plus_depr__c0p54__z1p10__lam0p030__nu0p50__psi0p75,hardzero_plus_depr,0.02,40,311,0.0,2,0.013389588,0.013402038,0.987714,0.10286935,0.10286935,1.0,1.2449464e-05,0.000121022094,-26.897474,2.1730142,0.72433805,0.16000001,0.0,0.13031243,6.8100195,6.8400197,998400
hardzero_plus_depr__c0p54__z1p10__lam0p030__nu0p50__psi0p75,hardzero_plus_depr,0.02,40,312,0.0,2,0.013402038,0.01341327,1.0226464,0.09491909,0.09491909,1.0,1.1231723e-05,0.00011832944,-26.678093,2.249867,0.74995565,0.099999994,0.0,0.13845551,6.8400197,6.87002,1001600
hardzero_plus_depr__c0p54__z1p10__lam0p030__nu0p50__psi0p75,hardzero_plus_depr,0.02,40,313,0.0,2,0.01341327,0.013424656,1.0069509,0.09841223,0.09841223,1.0,1.1385976e-05,0.000115696756,-27.695766,2.215336,0.7384454,0.15200001,0.0,0.13138442,6.87002,6.90002,1004800
hardzero_plus_depr__c0p54__z1p10__lam0p030__nu0p50__psi0p75,hardzero_plus_depr,0.02,40,314,0.0,2,0.013424656,0.013436659,0.974271,0.10610332,0.10610332,1.0,1.2002688e-05,0.00011312264,-25.907333,2.143439,0.7144797,0.24000001,0.0,0.14601421,6.90002,6.9300203,1008000
hardzero_plus_depr__c0p54__z1p10__lam0p030__nu0p50__psi0p75,hardzero_plus_depr,0.02,40,315,0.0,2,0.013436659,0.013445617,1.0915848,0.080986984,0.080986984,1.0,8.957625e-06,0.00011060574,-28.029255,2.4015346,0.80051154,0.128,0.0,0.15073405,6.9300203,6.9600205,1011200
hardzero_plus_depr__c0p54__z1p10__lam0p030__nu0p50__psi0p75,hardzero_plus_depr,0.02,40,316,0.0,2,0.013445617,0.013455872,1.0230398,0.094833136,0.094833136,1.0,1.0255721e-05,0.00010814491,-26.409895,2.2507324,0.75024414,0.14400001,0.0,0.18690573,6.9600205,6.9900208,1014400
hardzero_plus_depr__c0p54__z1p10__lam0p030__nu0p50__psi0p75,hardzero_plus_depr,0.02,40,317,0.0,2,0.013455872,0.013466807,0.9854352,0.103410535,0.103410535,1.0,1.09345065e-05,0.00010573881,-26.425999,2.1680007,0.7226669,0.14400001,0.0,0.124550655,6.9900208,7.020021,1017600
hardzero_plus_depr__c0p54__z1p10__lam0p030__nu0p50__psi0p75,hardzero_plus_depr,0.02,40,318,0.0,2,0.013466807,0.013476761,1.0164645,0.09627987,0.09627987,1.0,9.954015e-06,0.00010338625,-26.746502,2.2362666,0.74542224,0.208,0.0,0.14486474,7.020021,7.050021,1020800
hardzero_plus_depr__c0p54__z1p10__lam0p030__nu0p50__psi0p75,hardzero_plus_depr,0.02,40,319,0.0,2,0.013476761,0.013486622,1.0107969,0.09754455,0.09754455,1.0,9.860391e-06,0.00010108603,-26.940857,2.2237976,0.7412659,0.18400002,0.0,0.15512015,7.050021,7.0800214,1024000
hardzero_plus_depr__c0p54__z1p10__lam0p030__nu0p50__psi0p75,hardzero_plus_depr,0.02,40,320,0.0,2,0.013486622,0.013495221,1.0604732,0.087001495,0.087001495,1.0,8.59896e-06,9.883693e-05,-27.477901,2.3330877,0.7776959,0.18400002,0.0,0.17092824,7.0800214,7.1100216,1027200
hardzero_plus_depr__c0p54__z1p10__lam0p030__nu0p50__psi0p75,hardzero_plus_depr,0.02,40,321,0.0,2,0.013495221,0.013504044,1.0395064,0.09130479,0.09130479,1.0,8.823506e-06,9.663793e-05,-27.481466,2.28696,0.76232,0.136,0.0,0.16965647,7.1100216,7.140022,1030400
hardzero_plus_depr__c0p54__z1p10__lam0p030__nu0p50__psi0p75,hardzero_plus_depr,0.02,40,322,0.0,2,0.013504044,0.013513011,1.0227295,0.09490092,0.09490092,1.0,8.966984e-06,9.448785e-05,-27.739548,2.2500498,0.7500166,0.16800001,0.0,0.12636545,7.140022,7.170022,1033600
hardzero_plus_depr__c0p54__z1p10__lam0p030__nu0p50__psi0p75,hardzero_plus_depr,0.02,40,323,0.0,2,0.013513011,0.013523368,0.9503681,0.11210678,0.11210678,1.0,1.0357048e-05,9.238557e-05,-26.223522,2.0908515,0.69695055,0.16800001,0.0,0.1412517,7.170022,7.200022,1036800
hardzero_plus_depr__c0p54__z1p10__lam0p030__nu0p50__psi0p75,hardzero_plus_depr,0.02,40,324,0.0,2,0.013523368,0.013532042,1.0176613,0.0960149,0.0960149,1.0,8.673036e-06,9.0330104e-05,-27.068167,2.2388997,0.7462999,0.192,0.0,0.14450453,7.200022,7.2300224,1040000
hardzero_plus_depr__c0p54__z1p10__lam0p030__nu0p50__psi0p75,hardzero_plus_depr,0.02,40,325,0.0,2,0.013532042,0.013540253,1.0316169,0.09297862,0.09297862,1.0,8.211905e-06,8.832036e-05,-27.749895,2.2696025,0.7565342,0.17999999,0.0,0.15504518,7.2300224,7.2600226,1043200
hardzero_plus_depr__c0p54__z1p10__lam0p030__nu0p50__psi0p75,hardzero_plus_depr,0.02,40,326,0.0,2,0.013540253,0.013548615,1.0139749,0.09683338,0.09683338,1.0,8.362079e-06,8.6355336e-05,-27.954437,2.2307894,0.7435965,0.16800001,0.0,0.14704697,7.2600226,7.290023,1046400
hardzero_plus_depr__c0p54__z1p10__lam0p030__nu0p50__psi0p75,hardzero_plus_depr,0.02,40,327,0.0,2,0.013548615,0.013556811,1.0129583,0.097060315,0.097060315,1.0,8.195195e-06,8.443404e-05,-26.034365,2.2285528,0.74285096,0.104,0.0,0.13370341,7.290023,7.320023,1049600
hardzero_plus_depr__c0p54__z1p10__lam0p030__nu0p50__psi0p75,hardzero_plus_depr,0.02,40,328,0.0,2,0.013556811,0.01356437,1.0383075,0.0915572,0.0915572,1.0,7.5585444e-06,8.255544e-05,-28.232384,2.2843223,0.76144075,0.112,0.0,0.14254571,7.320023,7.3500233,1052800
hardzero_plus_depr__c0p54__z1p10__lam0p030__nu0p50__psi0p75,hardzero_plus_depr,0.02,40,329,0.0,2,0.01356437,0.013573639,0.93990314,0.11484097,0.11484097,1.0,9.269811e-06,8.071867e-05,-25.09977,2.0678282,0.6892761,0.192,0.008,0.1411566,7.3500233,7.3800235,1056000
hardzero_plus_depr__c0p54__z1p10__lam0p030__nu0p50__psi0p75,hardzero_plus_depr,0.02,40,330,0.0,2,0.013573639,0.013581392,1.0077266,0.09823663,0.09823663,1.0,7.753109e-06,7.8922785e-05,-26.571184,2.2170427,0.73901427,0.16800001,0.0,0.13640667,7.3800235,7.4100237,1059200
hardzero_plus_depr__c0p54__z1p10__lam0p030__nu0p50__psi0p75,hardzero_plus_depr,0.02,40,331,0.0,2,0.013581392,0.013587522,1.099985,0.079435565,0.079435565,1.0,6.129789e-06,7.716681e-05,-28.23783,2.4200153,0.8066718,0.112,0.008,0.13931228,7.4100237,7.440024,1062400
hardzero_plus_depr__c0p54__z1p10__lam0p030__nu0p50__psi0p75,hardzero_plus_depr,0.02,40,332,0.0,2,0.013587522,0.013594512,1.0331866,0.09264318,0.09264318,1.0,6.989923e-06,7.544995e-05,-28.575615,2.2730558,0.7576853,0.16800001,0.0,0.15122752,7.440024,7.470024,1065600
hardzero_plus_depr__c0p54__z1p10__lam0p030__nu0p50__psi0p75,hardzero_plus_depr,0.02,40,333,0.0,2,0.013594512,0.013602139,0.9855288,0.10338825,0.10338825,1.0,7.627083e-06,7.3771276e-05,-26.727077,2.1682067,0.7227356,0.17600001,0.0,0.18160863,7.470024,7.5000243,1068800
hardzero_plus_depr__c0p54__z1p10__lam0p030__nu0p50__psi0p75,hardzero_plus_depr,0.02,40,334,0.0,2,0.013602139,0.013609159,1.0118351,0.097311676,0.097311676,1.0,7.0190863e-06,7.212995e-05,-26.811325,2.2260816,0.7420272,0.08800001,0.0,0.14587563,7.5000243,7.5300245,1072000
hardzero_plus_depr__c0p54__z1p10__lam0p030__nu0p50__psi0p75,hardzero_plus_depr,0.02,40,335,0.0,2,0.013609159,0.013615351,1.0564991,0.087801285,0.087801285,1.0,6.1921987e-06,7.052515e-05,-27.514233,2.3243444,0.77478147,0.17600001,0.0,0.1480326,7.5300245,7.5600247,1075200
hardzero_plus_depr__c0p54__z1p10__lam0p030__nu0p50__psi0p75,hardzero_plus_depr,0.02,40,336,0.0,2,0.013615351,0.013621507,1.0492665,0.08927575,0.08927575,1.0,6.1561e-06,6.895602e-05,-27.912386,2.3084323,0.7694775,0.128,0.0,0.13969454,7.5600247,7.590025,1078400
hardzero_plus_depr__c0p54__z1p10__lam0p030__nu0p50__psi0p75,hardzero_plus_depr,0.02,40,337,0.0,2,0.013621507,0.013627179,1.0750942,0.08412125,0.08412125,1.0,5.671609e-06,6.742183e-05,-28.253374,2.3652544,0.7884182,0.08800001,0.0,0.15395491,7.590025,7.620025,1081600
hardzero_plus_depr__c0p54__z1p10__lam0p030__nu0p50__psi0p75,hardzero_plus_depr,0.02,40,338,0.0,2,0.013627179,0.013633432,1.0229686,0.09484869,0.09484869,1.0,6.252594e-06,6.592178e-05,-26.807993,2.250576,0.75019205,0.13,0.0,0.16691801,7.620025,7.6500254,1084800
hardzero_plus_depr__c0p54__z1p10__lam0p030__nu0p50__psi0p75,hardzero_plus_depr,0.02,40,339,0.0,2,0.013633432,0.013640493,0.9603981,0.109547354,0.109547354,1.0,7.060882e-06,6.445507e-05,-26.407139,2.112918,0.704306,0.2,0.0,0.12470265,7.6500254,7.6800256,1088000
hardzero_plus_depr__c0p54__z1p10__lam0p030__nu0p50__psi0p75,hardzero_plus_depr,0.02,40,340,0.0,2,0.013640493,0.013646697,1.0068647,0.09843178,0.09843178,1.0,6.2032705e-06,6.302101e-05,-27.680859,2.2151465,0.7383822,0.17600001,0.0,0.15080093,7.6800256,7.710026,1091200
hardzero_plus_depr__c0p54__z1p10__lam0p030__nu0p50__psi0p75,hardzero_plus_depr,0.02,40,341,0.0,2,0.013646697,0.013652841,1.0012692,0.09970818,0.09970818,1.0,6.143906e-06,6.161888e-05,-27.009674,2.2028363,0.7342788,0.15200001,0.0,0.124363825,7.710026,7.740026,1094400
hardzero_plus_depr__c0p54__z1p10__lam0p030__nu0p50__psi0p75,hardzero_plus_depr,0.02,40,342,0.0,2,0.013652841,0.013657906,1.075316,0.08407833,0.08407833,1.0,5.065545e-06,6.0247927e-05,-27.731611,2.3657422,0.7885808,0.208,0.0,0.15617135,7.740026,7.770026,1097600
hardzero_plus_depr__c0p54__z1p10__lam0p030__nu0p50__psi0p75,hardzero_plus_depr,0.02,40,343,0.0,2,0.013657906,0.01366321,1.0455773,0.090037346,0.090037346,1.0,5.3038734e-06,5.8907484e-05,-27.681986,2.3003159,0.766772,0.14400001,0.0,0.1505319,7.770026,7.8000264,1100800
hardzero_plus_depr__c0p54__z1p10__lam0p030__nu0p50__psi0p75,hardzero_plus_depr,0.02,40,344,0.0,2,0.01366321,0.013668123,1.0690566,0.08529888,0.08529888,1.0,4.9129453e-06,5.7596833e-05,-27.915585,2.3519716,0.78399056,0.16000001,0.0,0.16745275,7.8000264,7.8300266,1104000
hardzero_plus_depr__c0p54__z1p10__lam0p030__nu0p50__psi0p75,hardzero_plus_depr,0.02,40,345,0.0,2,0.013668123,0.013673142,1.0500325,0.08911842,0.08911842,1.0,5.0187373e-06,5.6315374e-05,-28.342688,2.3101177,0.77003926,0.14400001,0.0,0.14831695,7.8300266,7.860027,1107200
hardzero_plus_depr__c0p54__z1p10__lam0p030__nu0p50__psi0p75,hardzero_plus_depr,0.02,40,346,0.0,2,0.013673142,0.013678522,1.0100305,0.09771685,0.09771685,1.0,5.380527e-06,5.5062425e-05,-26.66266,2.2221115,0.7407038,0.208,0.0,0.123056464,7.860027,7.890027,1110400
hardzero_plus_depr__c0p54__z1p10__lam0p030__nu0p50__psi0p75,hardzero_plus_depr,0.02,40,347,0.0,2,0.013678522,0.013683809,1.0078275,0.09821379,0.09821379,1.0,5.287568e-06,5.3837328e-05,-25.894934,2.217265,0.7390883,0.16000001,0.0,0.13609271,7.890027,7.9200273,1113600
hardzero_plus_depr__c0p54__z1p10__lam0p030__nu0p50__psi0p75,hardzero_plus_depr,0.02,40,348,0.0,2,0.013683809,0.013688423,1.0572371,0.08765219,0.08765219,1.0,4.6139685e-06,5.263951e-05,-27.193655,2.3259683,0.7753228,0.096,0.0,0.16071144,7.9200273,7.9500275,1116800
hardzero_plus_depr__c0p54__z1p10__lam0p030__nu0p50__psi0p75,hardzero_plus_depr,0.02,40,349,0.0,2,0.013688423,0.013693253,1.0275974,0.09384315,0.09384315,1.0,4.8299516e-06,5.1468345e-05,-26.325499,2.2607596,0.75358653,0.128,0.0,0.13328509,7.9500275,7.9800277,1120000
hardzero_plus_depr__c0p54__z1p10__lam0p030__nu0p50__psi0p75,hardzero_plus_depr,0.02,40,350,0.0,2,0.013693253,0.013699021,0.94068664,0.11463397,0.11463397,1.0,5.7687525e-06,5.0323237e-05,-25.363134,2.069552,0.6898507,0.16800001,0.0,0.14398114,7.9800277,8.010028,1123200
hardzero_plus_depr__c0p54__z1p10__lam0p030__nu0p50__psi0p75,hardzero_plus_depr,0.02,40,351,0.0,2,0.013699021,0.0137042785,0.9712064,0.106854685,0.106854685,1.0,5.2576356e-06,4.9203605e-05,-26.40057,2.1366968,0.7122323,0.17,0.0,0.10911123,8.010028,8.040028,1126400
hardzero_plus_depr__c0p54__z1p10__lam0p030__nu0p50__psi0p75,hardzero_plus_depr,0.02,40,352,0.0,2,0.0137042785,0.01370949,0.96527153,0.10832495,0.10832495,1.0,5.2113924e-06,4.8108883e-05,-26.694496,2.1236398,0.70787996,0.16000001,0.0,0.14595103,8.040028,8.070027,1129600
hardzero_plus_depr__c0p54__z1p10__lam0p030__nu0p50__psi0p75,hardzero_plus_depr,0.02,40,353,0.0,2,0.01370949,0.013713959,1.0222728,0.09500078,0.09500078,1.0,4.468696e-06,4.7038517e-05,-27.148724,2.2490451,0.7496817,0.128,0.0,0.14586732,8.070027,8.100027,1132800
hardzero_plus_depr__c0p54__z1p10__lam0p030__nu0p50__psi0p75,hardzero_plus_depr,0.02,40,354,0.0,2,0.013713959,0.013718374,1.0177577,0.09599361,0.09599361,1.0,4.414937e-06,4.599199e-05,-27.042448,2.2391114,0.7463705,0.14400001,0.0,0.14098445,8.100027,8.130027,1136000
hardzero_plus_depr__c0p54__z1p10__lam0p030__nu0p50__psi0p75,hardzero_plus_depr,0.02,40,355,0.0,2,0.013718374,0.013722262,1.0632026,0.08645643,0.08645643,1.0,3.887837e-06,4.4968743e-05,-27.817217,2.3390925,0.77969754,0.112,0.0,0.15823276,8.130027,8.160027,1139200
hardzero_plus_depr__c0p54__z1p10__lam0p030__nu0p50__psi0p75,hardzero_plus_depr,0.02,40,356,0.0,2,0.013722262,0.013726869,0.97981685,0.104757026,0.104757026,1.0,4.605982e-06,4.396824e-05,-25.525742,2.1556401,0.71854675,0.14400001,0.0,0.1217561,8.160027,8.190026,1142400
hardzero_plus_depr__c0p54__z1p10__lam0p030__nu0p50__psi0p75,hardzero_plus_depr,0.02,40,357,0.0,2,0.013726869,0.013730965,1.0210341,0.09527213,0.09527213,1.0,4.0957493e-06,4.2990003e-05,-27.367413,2.24632,0.74877334,0.096,0.0,0.12747048,8.190026,8.220026,1145600
hardzero_plus_depr__c0p54__z1p10__lam0p030__nu0p50__psi0p75,hardzero_plus_depr,0.02,40,358,0.0,2,0.013730965,0.013734872,1.0316818,0.09296474,0.09296474,1.0,3.907638e-06,4.203355e-05,-26.480225,2.269745,0.7565817,0.2,0.0,0.15240255,8.220026,8.250026,1148800
hardzero_plus_depr__c0p54__z1p10__lam0p030__nu0p50__psi0p75,hardzero_plus_depr,0.02,40,359,0.0,2,0.013734872,0.013738567,1.0463129,0.089884974,0.089884974,1.0,3.694126e-06,4.109837e-05,-27.916052,2.3019345,0.7673115,0.16000001,0.0,0.15480919,8.250026,8.2800255,1152000
hardzero_plus_depr__c0p54__z1p10__lam0p030__nu0p50__psi0p75,hardzero_plus_depr,0.02,40,360,0.0,2,0.013738567,0.013742446,1.015331,0.09653148,0.09653148,1.0,3.8790195e-06,4.0183982e-05,-26.27396,2.233773,0.744591,0.2,0.0,0.14495076,8.2800255,8.310025,1155200
hardzero_plus_depr__c0p54__z1p10__lam0p030__nu0p50__psi0p75,hardzero_plus_depr,0.02,40,361,0.0,2,0.013742446,0.013746171,1.0231377,0.094811775,0.094811775,1.0,3.7251489e-06,3.928994e-05,-27.711891,2.250948,0.750316,0.17600001,0.0,0.12734313,8.310025,8.340025,1158400
hardzero_plus_depr__c0p54__z1p10__lam0p030__nu0p50__psi0p75,hardzero_plus_depr,0.02,40,362,0.0,2,0.013746171,0.013750198,0.97949076,0.10483571,0.10483571,1.0,4.027348e-06,3.84158e-05,-26.754015,2.1549227,0.7183076,0.120000005,0.0,0.13003568,8.340025,8.370025,1161600
hardzero_plus_depr__c0p54__z1p10__lam0p030__nu0p50__psi0p75,hardzero_plus_depr,0.02,40,363,0.0,2,0.013750198,0.013753428,1.0655614,0.08598815,0.08598815,1.0,3.2298105e-06,3.7561113e-05,-27.766768,2.344282,0.7814273,0.14400001,0.0,0.18232018,8.370025,8.400024,1164800
hardzero_plus_depr__c0p54__z1p10__lam0p030__nu0p50__psi0p75,hardzero_plus_depr,0.02,40,364,0.0,2,0.013753428,0.013757261,0.9813877,0.1043788,0.1043788,1.0,3.8333555e-06,3.672542e-05,-26.96804,2.159096,0.71969867,0.17,0.0,0.1479012,8.400024,8.430024,1168000
hardzero_plus_depr__c0p54__z1p10__lam0p030__nu0p50__psi0p75,hardzero_plus_depr,0.02,40,365,0.0,2,0.013757261,0.013760494,1.0456618,0.09001983,0.09001983,1.0,3.2324613e-06,3.5908324e-05,-27.79704,2.3005018,0.76683396,0.16000001,0.0,0.16671555,8.430024,8.460024,1171200
hardzero_plus_depr__c0p54__z1p10__lam0p030__nu0p50__psi0p75,hardzero_plus_depr,0.02,40,366,0.0,2,0.013760494,0.01376375,1.032768,0.092732504,0.092732504,1.0,3.255785e-06,3.5109428e-05,-27.15201,2.272135,0.75737834,0.136,0.008,0.14199471,8.460024,8.490024,1174400
hardzero_plus_depr__c0p54__z1p10__lam0p030__nu0p50__psi0p75,hardzero_plus_depr,0.02,40,367,0.0,2,0.01376375,0.013767334,0.98133737,0.10439089,0.10439089,1.0,3.5835617e-06,3.43283e-05,-26.920345,2.1589854,0.71966183,0.16000001,0.0,0.15334424,8.490024,8.520023,1177600
hardzero_plus_depr__c0p54__z1p10__lam0p030__nu0p50__psi0p75,hardzero_plus_depr,0.02,40,368,0.0,2,0.013767334,0.013770364,1.0443577,0.090290554,0.090290554,1.0,3.0305607e-06,3.3564538e-05,-27.407305,2.2976327,0.7658776,0.128,0.0,0.14203256,8.520023,8.550023,1180800
hardzero_plus_depr__c0p54__z1p10__lam0p030__nu0p50__psi0p75,hardzero_plus_depr,0.02,40,369,0.0,2,0.013770364,0.013773881,0.9700059,0.107150465,0.107150465,1.0,3.516439e-06,3.2817767e-05,-26.69743,2.1340556,0.7113519,0.15200001,0.0,0.16532123,8.550023,8.580023,1184000
hardzero_plus_depr__c0p54__z1p10__lam0p030__nu0p50__psi0p75,hardzero_plus_depr,0.02,40,370,0.0,2,0.013773881,0.013776987,1.0141488,0.096794605,0.096794605,1.0,3.105909e-06,3.2087624e-05,-26.3523,2.231172,0.74372405,0.18400002,0.0,0.13993408,8.580023,8.610023,1187200
hardzero_plus_depr__c0p54__z1p10__lam0p030__nu0p50__psi0p75,hardzero_plus_depr,0.02,40,371,0.0,2,0.013776987,0.013780161,0.9949789,0.10116284,0.10116284,1.0,3.1738557e-06,3.137373e-05,-27.440386,2.1889973,0.72966576,0.18400002,0.0,0.18396628,8.610023,8.640022,1190400
hardzero_plus_depr__c0p54__z1p10__lam0p030__nu0p50__psi0p75,hardzero_plus_depr,0.02,40,372,0.0,2,0.013780161,0.013782957,1.040283,0.09114169,0.09114169,1.0,2.7958351e-06,3.06757e-05,-27.929993,2.2886682,0.7628894,0.16000001,0.0,0.1622221,8.640022,8.670022,1193600
hardzero_plus_depr__c0p54__z1p10__lam0p030__nu0p50__psi0p75,hardzero_plus_depr,0.02,40,373,0.0,2,0.013782957,0.013785851,1.01549,0.096496135,0.096496135,1.0,2.8942281e-06,2.9993203e-05,-26.83322,2.2341228,0.7447076,0.17600001,0.0,0.15197149,8.670022,8.700022,1196800
hardzero_plus_depr__c0p54__z1p10__lam0p030__nu0p50__psi0p75,hardzero_plus_depr,0.02,40,374,0.0,2,0.013785851,0.013788441,1.0539619,0.08831573,0.08831573,1.0,2.5899387e-06,2.9325904e-05,-27.821102,2.3187625,0.77292085,0.15200001,0.0,0.15040468,8.700022,8.730021,1200000
hardzero_plus_depr__c0p54__z1p10__lam0p030__nu0p50__psi0p75,hardzero_plus_depr,0.02,40,375,0.0,2,0.013788441,0.013791385,0.98860306,0.10265899,0.10265899,1.0,2.9435878e-06,2.8673454e-05,-26.55904,2.1749701,0.72499007,0.136,0.0,0.14094675,8.730021,8.760021,1203200
hardzero_plus_depr__c0p54__z1p10__lam0p030__nu0p50__psi0p75,hardzero_plus_depr,0.02,40,376,0.0,2,0.013791385,0.013794444,0.9622621,0.10907819,0.10907819,1.0,3.0580622e-06,2.8035505e-05,-26.816084,2.117019,0.705673,0.208,0.0,0.14009126,8.760021,8.790021,1206400
hardzero_plus_depr__c0p54__z1p10__lam0p030__nu0p50__psi0p75,hardzero_plus_depr,0.02,40,377,0.0,2,0.013794444,0.013797077,1.0173506,0.09608364,0.09608364,1.0,2.6338203e-06,2.7411745e-05,-26.707441,2.238216,0.746072,0.12,0.0,0.12655394,8.790021,8.820021,1209600
hardzero_plus_depr__c0p54__z1p10__lam0p030__nu0p50__psi0p75,hardzero_plus_depr,0.02,40,378,0.0,2,0.013797077,0.013799709,1.0078797,0.09820199,0.09820199,1.0,2.6319979e-06,2.680188e-05,-26.809595,2.2173796,0.73912656,0.2,0.0,0.16275732,8.820021,8.85002,1212800
hardzero_plus_depr__c0p54__z1p10__lam0p030__nu0p50__psi0p75,hardzero_plus_depr,0.02,40,379,0.0,2,0.013799709,0.0138023505,0.9965846,0.10078952,0.10078952,1.0,2.641248e-06,2.6205584e-05,-27.014553,2.19253,0.7308433,0.08800001,0.0,0.15600342,8.85002,8.88002,1216000
hardzero_plus_depr__c0p54__z1p10__lam0p030__nu0p50__psi0p75,hardzero_plus_depr,0.02,40,380,0.0,2,0.0138023505,0.013804903,1.0016636,0.09961769,0.09961769,1.0,2.5524582e-06,2.562254e-05,-27.013214,2.2037039,0.734568,0.17600001,0.0,0.14519976,8.88002,8.91002,1219200
hardzero_plus_depr__c0p54__z1p10__lam0p030__nu0p50__psi0p75,hardzero_plus_depr,0.02,40,381,0.0,2,0.013804903,0.0138073675,1.0072347,0.09834795,0.09834795,1.0,2.463859e-06,2.505247e-05,-26.773834,2.2159605,0.73865354,0.128,0.0,0.14185044,8.91002,8.94002,1222400
hardzero_plus_depr__c0p54__z1p10__lam0p030__nu0p50__psi0p75,hardzero_plus_depr,0.02,40,382,0.0,2,0.0138073675,0.013809791,1.0046017,0.09894601,0.09894601,1.0,2.4236917e-06,2.4495093e-05,-26.994705,2.210168,0.73672265,0.08800001,0.0,0.13083257,8.94002,8.970019,1225600
hardzero_plus_depr__c0p54__z1p10__lam0p030__nu0p50__psi0p75,hardzero_plus_depr,0.02,40,383,0.0,2,0.013809791,0.013812011,1.0329468,0.09269433,0.09269433,1.0,2.2200402e-06,2.3950119e-05,-27.534943,2.2725284,0.75750947,0.136,0.0,0.18224588,8.970019,9.000019,1228800
hardzero_plus_depr__c0p54__z1p10__lam0p030__nu0p50__psi0p75,hardzero_plus_depr,0.02,40,384,0.0,2,0.013812011,0.013814227,1.0239896,0.09462599,0.09462599,1.0,2.215881e-06,2.3417257e-05,-27.141523,2.252822,0.7509407,0.17600001,0.0,0.14355922,9.000019,9.030019,1232000
hardzero_plus_depr__c0p54__z1p10__lam0p030__nu0p50__psi0p75,hardzero_plus_depr,0.02,40,385,0.0,2,0.013814227,0.013816293,1.0444735,0.090266466,0.090266466,1.0,2.0667637e-06,2.289625e-05,-27.38897,2.2978876,0.76596254,0.104,0.0,0.14431387,9.030019,9.060019,1235200
hardzero_plus_depr__c0p54__z1p10__lam0p030__nu0p50__psi0p75,hardzero_plus_depr,0.02,40,386,0.0,2,0.013816293,0.013818485,1.009328,0.09787506,0.09787506,1.0,2.1911142e-06,2.2386848e-05,-27.761086,2.220566,0.7401887,0.23200001,0.0,0.15974669,9.060019,9.090018,1238400
hardzero_plus_depr__c0p54__z1p10__lam0p030__nu0p50__psi0p75,hardzero_plus_depr,0.02,40,387,0.0,2,0.013818485,0.013820639,1.0069172,0.09841986,0.09841986,1.0,2.1542905e-06,2.1888778e-05,-27.611383,2.2152622,0.7384207,0.17600001,0.0,0.1459388,9.090018,9.120018,1241600
hardzero_plus_depr__c0p54__z1p10__lam0p030__nu0p50__psi0p75,hardzero_plus_depr,0.02,40,388,0.0,2,0.013820639,0.01382277,1.0018519,0.09957449,0.09957449,1.0,2.131071e-06,2.1401776e-05,-26.207916,2.2041183,0.7347061,0.17600001,0.0,0.11017106,9.120018,9.150018,1244800
hardzero_plus_depr__c0p54__z1p10__lam0p030__nu0p50__psi0p75,hardzero_plus_depr,0.02,40,389,0.0,2,0.01382277,0.013824834,1.0059947,0.098629154,0.098629154,1.0,2.0638756e-06,2.0925614e-05,-26.699196,2.2132325,0.7377442,0.2,0.0,0.15080217,9.150018,9.180017,1248000
hardzero_plus_depr__c0p54__z1p10__lam0p030__nu0p50__psi0p75,hardzero_plus_depr,0.02,40,390,0.0,2,0.013824834,0.013826636,1.0550163,0.08810159,0.08810159,1.0,1.8025634e-06,2.0460055e-05,-27.788244,2.321082,0.77369404,0.13,0.0,0.18451993,9.180017,9.210017,1251200
hardzero_plus_depr__c0p54__z1p10__lam0p030__nu0p50__psi0p75,hardzero_plus_depr,0.02,40,391,0.0,2,0.013826636,0.013828756,0.9745944,0.106024355,0.106024355,1.0,2.1210017e-06,2.0004853e-05,-26.756956,2.1441505,0.71471685,0.18400002,0.0,0.121137924,9.210017,9.240017,1254400
hardzero_plus_depr__c0p54__z1p10__lam0p030__nu0p50__psi0p75,hardzero_plus_depr,0.02,40,392,0.0,2,0.013828756,0.013830774,0.9864367,0.10317235,0.10317235,1.0,2.0180273e-06,1.955977e-05,-26.07555,2.1702042,0.7234014,0.17600001,0.0,0.13132235,9.240017,9.270017,1257600
hardzero_plus_depr__c0p54__z1p10__lam0p030__nu0p50__psi0p75,hardzero_plus_depr,0.02,40,393,0.0,2,0.013830774,0.0138326045,1.0191146,0.09569415,0.09569415,1.0,1.830111e-06,1.9124587e-05,-27.2704,2.242097,0.74736565,0.14400001,0.0,0.16872087,9.270017,9.300016,1260800
hardzero_plus_depr__c0p54__z1p10__lam0p030__nu0p50__psi0p75,hardzero_plus_depr,0.02,40,394,0.0,2,0.0138326045,0.013834492,0.9958795,0.1009533,0.1009533,1.0,1.8877357e-06,1.8699098e-05,-26.970982,2.1909785,0.7303262,0.128,0.0,0.14833422,9.300016,9.330016,1264000
hardzero_plus_depr__c0p54__z1p10__lam0p030__nu0p50__psi0p75,hardzero_plus_depr,0.02,40,395,0.0,2,0.013834492,0.013836222,1.0241491,0.09459125,0.09459125,1.0,1.7294188e-06,1.8283074e-05,-27.81265,2.2531729,0.7510576,0.120000005,0.0,0.12886208,9.330016,9.360016,1267200
hardzero_plus_depr__c0p54__z1p10__lam0p030__nu0p50__psi0p75,hardzero_plus_depr,0.02,40,396,0.0,2,0.013836222,0.013837882,1.0319169,0.09291442,0.09291442,1.0,1.6609658e-06,1.7876298e-05,-27.244665,2.2702625,0.75675416,0.17600001,0.0,0.14326297,9.360016,9.390016,1270400
hardzero_plus_depr__c0p54__z1p10__lam0p030__nu0p50__psi0p75,hardzero_plus_depr,0.02,40,397,0.0,2,0.013837882,0.0138393985,1.0617423,0.08674764,0.08674764,1.0,1.5162248e-06,1.7478571e-05,-27.19245,2.3358798,0.7786266,0.112,0.0,0.14166656,9.390016,9.420015,1273600
hardzero_plus_depr__c0p54__z1p10__lam0p030__nu0p50__psi0p75,hardzero_plus_depr,0.02,40,398,0.0,2,0.0138393985,0.013841138,0.99222445,0.1018065,0.1018065,1.0,1.7398427e-06,1.7089702e-05,-26.373821,2.1829374,0.7276458,0.120000005,0.0,0.15766104,9.420015,9.450015,1276800
hardzero_plus_depr__c0p54__z1p10__lam0p030__nu0p50__psi0p75,hardzero_plus_depr,0.02,40,399,0.0,2,0.013841138,0.013842671,1.0374452,0.09173917,0.09173917,1.0,1.5329142e-06,1.6709484e-05,-28.042833,2.282425,0.76080835,0.18400002,0.0,0.14840159,9.450015,9.480015,1280000
hardzero_plus_depr__c0p54__z1p10__lam0p030__nu0p50__psi0p75,hardzero_plus_depr,0.02,40,400,0.0,2,0.013842671,0.013844278,1.0074275,0.09830432,0.09830432,1.0,1.6060682e-06,1.6337717e-05,-27.245176,2.2163846,0.7387949,0.120000005,0.0,0.1492747,9.480015,9.510015,1283200
hardzero_plus_depr__c0p54__z1p10__lam0p030__nu0p50__psi0p75,hardzero_plus_depr,0.02,40,401,0.0,2,0.013844278,0.013845979,0.9725523,0.10652405,0.10652405,1.0,1.7016389e-06,1.5974223e-05,-26.968517,2.1396577,0.7132193,0.208,0.0,0.13011578,9.510015,9.540014,1286400
hardzero_plus_depr__c0p54__z1p10__lam0p030__nu0p50__psi0p75,hardzero_plus_depr,0.02,40,402,0.0,2,0.013845979,0.013847554,0.99630046,0.100855485,0.100855485,1.0,1.575244e-06,1.5618823e-05,-26.724686,2.1919048,0.7306349,0.208,0.0,0.12325765,9.540014,9.570014,1289600
hardzero_plus_depr__c0p54__z1p10__lam0p030__nu0p50__psi0p75,hardzero_plus_depr,0.02,40,403,0.0,2,0.013847554,0.013848898,1.0555483,0.08799372,0.08799372,1.0,1.3437812e-06,1.5271331e-05,-26.46787,2.3222528,0.77408427,0.16,0.0,0.14616488,9.570014,9.600014,1292800
hardzero_plus_depr__c0p54__z1p10__lam0p030__nu0p50__psi0p75,hardzero_plus_depr,0.02,40,404,0.0,2,0.013848898,0.01385033,1.0180329,0.0959328,0.0959328,1.0,1.4324265e-06,1.4931563e-05,-26.722965,2.239717,0.7465724,0.18400002,0.008,0.15158813,9.600014,9.630013,1296000
hardzero_plus_depr__c0p54__z1p10__lam0p030__nu0p50__psi0p75,hardzero_plus_depr,0.02,40,405,0.0,2,0.01385033,0.013851737,1.0163695,0.096300945,0.096300945,1.0,1.4059314e-06,1.4599352e-05,-26.915283,2.2360575,0.7453525,0.16000001,0.0,0.15309152,9.630013,9.660013,1299200
hardzero_plus_depr__c0p54__z1p10__lam0p030__nu0p50__psi0p75,hardzero_plus_depr,0.02,40,406,0.0,2,0.013851737,0.013852905,1.0872498,0.08179941,0.08179941,1.0,1.1676491e-06,1.4274541e-05,-28.02632,2.391997,0.7973324,0.128,0.0,0.12032327,9.660013,9.690013,1302400
hardzero_plus_depr__c0p54__z1p10__lam0p030__nu0p50__psi0p75,hardzero_plus_depr,0.02,40,407,0.0,2,0.013852905,0.013854136,1.0546042,0.08818522,0.08818522,1.0,1.2307974e-06,1.39569565e-05,-27.972132,2.3201754,0.77339184,0.14400001,0.0,0.17426437,9.690013,9.720013,1305600
hardzero_plus_depr__c0p54__z1p10__lam0p030__nu0p50__psi0p75,hardzero_plus_depr,0.02,40,408,0.0,2,0.013854136,0.013855301,1.0686262,0.08538347,0.08538347,1.0,1.1651796e-06,1.36464305e-05,-28.369621,2.3510244,0.78367484,0.15200001,0.0,0.15861136,9.720013,9.750012,1308800
hardzero_plus_depr__c0p54__z1p10__lam0p030__nu0p50__psi0p75,hardzero_plus_depr,0.02,40,409,0.0,2,0.013855301,0.013856504,1.0448786,0.09018232,0.09018232,1.0,1.2032859e-06,1.3342815e-05,-27.740305,2.2987788,0.7662596,0.18400002,0.0,0.16085581,9.750012,9.780012,1312000
hardzero_plus_depr__c0p54__z1p10__lam0p030__nu0p50__psi0p75,hardzero_plus_depr,0.02,40,410,0.0,2,0.013856504,0.013857916,0.9656139,0.10823958,0.10823958,1.0,1.4120891e-06,1.3045958e-05,-25.90137,2.124393,0.708131,0.208,0.0,0.12934795,9.780012,9.810012,1315200
hardzero_plus_depr__c0p54__z1p10__lam0p030__nu0p50__psi0p75,hardzero_plus_depr,0.02,40,411,0.0,2,0.013857916,0.013859069,1.0439993,0.09036509,0.09036509,1.0,1.1526706e-06,1.2755708e-05,-27.747564,2.2968445,0.76561487,0.15200001,0.0,0.15888947,9.810012,9.840012,1318400
hardzero_plus_depr__c0p54__z1p10__lam0p030__nu0p50__psi0p75,hardzero_plus_depr,0.02,40,412,0.0,2,0.013859069,0.0138601735,1.0527562,0.08856125,0.08856125,1.0,1.104528e-06,1.247191e-05,-27.860762,2.31611,0.7720367,0.104,0.0,0.14268918,9.840012,9.870011,1321600
hardzero_plus_depr__c0p54__z1p10__lam0p030__nu0p50__psi0p75,hardzero_plus_depr,0.02,40,413,0.0,2,0.0138601735,0.013861411,0.9933927,0.101533026,0.101533026,1.0,1.2381367e-06,1.2194424e-05,-26.06463,2.1855075,0.7285025,0.16000001,0.0,0.13281769,9.870011,9.900011,1324800
hardzero_plus_depr__c0p54__z1p10__lam0p030__nu0p50__psi0p75,hardzero_plus_depr,0.02,40,414,0.0,2,0.013861411,0.013862607,0.99873453,0.10029182,0.10029182,1.0,1.1957912e-06,1.1923118e-05,-27.427319,2.19726,0.73241997,0.16000001,0.0,0.14179999,9.900011,9.930011,1328000
hardzero_plus_depr__c0p54__z1p10__lam0p030__nu0p50__psi0p75,hardzero_plus_depr,0.02,40,415,0.0,2,0.013862607,0.013863804,0.9887225,0.10263074,0.10263074,1.0,1.1964537e-06,1.16578485e-05,-26.71377,2.175233,0.7250776,0.18400002,0.0,0.13569005,9.930011,9.960011,1331200
hardzero_plus_depr__c0p54__z1p10__lam0p030__nu0p50__psi0p75,hardzero_plus_depr,0.02,40,416,0.0,2,0.013863804,0.013864987,0.98390025,0.10377666,0.10377666,1.0,1.1828957e-06,1.1398475e-05,-26.489004,2.1646237,0.7215413,0.14999999,0.0,0.13746034,9.960011,9.99001,1334400
hardzero_plus_depr__c0p54__z1p10__lam0p030__nu0p50__psi0p75,hardzero_plus_depr,0.02,40,417,0.0,2,0.013864987,0.013866142,0.9840792,0.10373392,0.10373392,1.0,1.1561013e-06,1.1144873e-05,-26.591604,2.1650174,0.7216725,0.216,0.0,0.1450473,9.99001,10.02001,1337600
hardzero_plus_depr__c0p54__z1p10__lam0p030__nu0p50__psi0p75,hardzero_plus_depr,0.02,40,418,0.0,2,0.013866142,0.013867314,0.9683831,0.107551605,0.107551605,1.0,1.1719811e-06,1.0896919e-05,-26.203604,2.1304853,0.7101618,0.16000001,0.0,0.13605203,10.02001,10.05001,1340800
hardzero_plus_depr__c0p54__z1p10__lam0p030__nu0p50__psi0p75,hardzero_plus_depr,0.02,40,419,0.0,2,0.013867314,0.01386847,0.9648125,0.108439505,0.108439505,1.0,1.1553666e-06,1.065448e-05,-25.97037,2.12263,0.7075433,0.17600001,0.0,0.12314372,10.05001,10.080009,1344000
hardzero_plus_depr__c0p54__z1p10__lam0p030__nu0p50__psi0p75,hardzero_plus_depr,0.02,40,420,0.0,2,0.01386847,0.013869491,1.0084951,0.09806295,0.09806295,1.0,1.0215639e-06,1.04174305e-05,-26.402618,2.2187335,0.7395779,0.136,0.0,0.14721575,10.080009,10.110009,1347200
hardzero_plus_depr__c0p54__z1p10__lam0p030__nu0p50__psi0p75,hardzero_plus_depr,0.02,40,421,0.0,2,0.013869491,0.013870375,1.0618308,0.08672996,0.08672996,1.0,8.834015e-07,1.0185656e-05,-27.856047,2.3360744,0.7786915,0.096,0.0,0.15166928,10.110009,10.140009,1350400
hardzero_plus_depr__c0p54__z1p10__lam0p030__nu0p50__psi0p75,hardzero_plus_depr,0.02,40,422,0.0,2,0.013870375,0.013871463,0.96163875,0.10923486,0.10923486,1.0,1.0878745e-06,9.959041e-06,-26.21103,2.1156476,0.7052159,0.16000001,0.0,0.11787351,10.140009,10.170009,1353600
hardzero_plus_depr__c0p54__z1p10__lam0p030__nu0p50__psi0p75,hardzero_plus_depr,0.02,40,423,0.0,2,0.013871463,0.013872395,1.0187178,0.09578164,0.09578164,1.0,9.326708e-07,9.73747e-06,-27.100697,2.2412238,0.7470746,0.192,0.0,0.14602503,10.170009,10.200008,1356800
hardzero_plus_depr__c0p54__z1p10__lam0p030__nu0p50__psi0p75,hardzero_plus_depr,0.02,40,424,0.0,2,0.013872395,0.0138731655,1.0920339,0.080903284,0.080903284,1.0,7.702658e-07,9.5208225e-06,-28.35479,2.4025226,0.80084085,0.15200001,0.0,0.17252228,10.200008,10.230008,1360000
hardzero_plus_depr__c0p54__z1p10__lam0p030__nu0p50__psi0p75,hardzero_plus_depr,0.02,40,425,0.0,2,0.0138731655,0.013874123,0.98792875,0.10281849,0.10281849,1.0,9.57137e-07,9.308997e-06,-26.04886,2.1734867,0.7244956,0.192,0.0,0.14586678,10.230008,10.260008,1363200
hardzero_plus_depr__c0p54__z1p10__lam0p030__nu0p50__psi0p75,hardzero_plus_depr,0.02,40,426,0.0,2,0.013874123,0.013875032,1.0007893,0.099818416,0.099818416,1.0,9.085358e-07,9.101886e-06,-26.818058,2.2017803,0.7339268,0.192,0.0,0.15594728,10.260008,10.290008,1366400
hardzero_plus_depr__c0p54__z1p10__lam0p030__nu0p50__psi0p75,hardzero_plus_depr,0.02,40,427,0.0,2,0.013875032,0.013875741,1.0986395,0.079682045,0.079682045,1.0,7.091211e-07,8.899384e-06,-28.58762,2.4170551,0.80568504,0.112,0.0,0.15445766,10.290008,10.320007,1369600
hardzero_plus_depr__c0p54__z1p10__lam0p030__nu0p50__psi0p75,hardzero_plus_depr,0.02,40,428,0.0,2,0.013875741,0.013876547,1.0332022,0.09263984,0.09263984,1.0,8.060948e-07,8.701384e-06,-26.50801,2.2730901,0.75769675,0.16800001,0.0,0.14053844,10.320007,10.350007,1372800
hardzero_plus_depr__c0p54__z1p10__lam0p030__nu0p50__psi0p75,hardzero_plus_depr,0.02,40,429,0.0,2,0.013876547,0.013877424,0.98649365,0.10315882,0.10315882,1.0,8.7765346e-07,8.507789e-06,-25.96457,2.1703293,0.72344315,0.21,0.0,0.13926226,10.350007,10.380007,1376000
hardzero_plus_depr__c0p54__z1p10__lam0p030__nu0p50__psi0p75,hardzero_plus_depr,0.02,40,430,0.0,2,0.013877424,0.013878293,0.9812769,0.10440543,0.10440543,1.0,8.68497e-07,8.318504e-06,-26.655552,2.1588523,0.7196175,0.080000006,0.0,0.10741705,10.380007,10.4100065,1379200
hardzero_plus_depr__c0p54__z1p10__lam0p030__nu0p50__psi0p75,hardzero_plus_depr,0.02,40,431,0.0,2,0.013878293,0.013879115,0.9958686,0.10095583,0.10095583,1.0,8.211173e-07,8.133431e-06,-26.934286,2.1909547,0.73031825,0.128,0.0,0.13183151,10.4100065,10.440006,1382400
hardzero_plus_depr__c0p54__z1p10__lam0p030__nu0p50__psi0p75,hardzero_plus_depr,0.02,40,432,0.0,2,0.013879115,0.013879967,0.96993524,0.107167915,0.107167915,1.0,8.522498e-07,7.952472e-06,-25.78491,2.1339002,0.7113001,0.224,0.0,0.13732162,10.440006,10.470006,1385600
hardzero_plus_depr__c0p54__z1p10__lam0p030__nu0p50__psi0p75,hardzero_plus_depr,0.02,40,433,0.0,2,0.013879967,0.013880614,1.079623,0.083248615,0.083248615,1.0,6.473029e-07,7.775539e-06,-28.216307,2.375218,0.79173934,0.120000005,0.0,0.14941598,10.470006,10.500006,1388800
hardzero_plus_depr__c0p54__z1p10__lam0p030__nu0p50__psi0p75,hardzero_plus_depr,0.02,40,434,0.0,2,0.013880614,0.013881399,0.9859396,0.10329051,0.10329051,1.0,7.8527097e-07,7.6025467e-06,-27.034233,2.1691105,0.7230369,0.16800001,0.0,0.15849285,10.500006,10.530005,1392000
hardzero_plus_depr__c0p54__z1p10__lam0p030__nu0p50__psi0p75,hardzero_plus_depr,0.02,40,435,0.0,2,0.013881399,0.013882071,1.0439011,0.09038554,0.09038554,1.0,6.7187204e-07,7.433402e-06,-28.430681,2.2966282,0.76554275,0.16000001,0.0,0.1751261,10.530005,10.560005,1395200
hardzero_plus_depr__c0p54__z1p10__lam0p030__nu0p50__psi0p75,hardzero_plus_depr,0.02,40,436,0.0,2,0.013882071,0.013882831,0.9808593,0.10450587,0.10450587,1.0,7.595505e-07,7.2680177e-06,-26.403912,2.1579335,0.7193112,0.192,0.0,0.14288512,10.560005,10.590005,1398400
hardzero_plus_depr__c0p54__z1p10__lam0p030__nu0p50__psi0p75,hardzero_plus_depr,0.02,40,437,0.0,2,0.013882831,0.013883433,1.0713842,0.08484296,0.08484296,1.0,6.029206e-07,7.1063128e-06,-27.579939,2.3570924,0.78569746,0.104,0.0,0.14292145,10.590005,10.620005,1401600
hardzero_plus_depr__c0p54__z1p10__lam0p030__nu0p50__psi0p75,hardzero_plus_depr,0.02,40,438,0.0,2,0.013883433,0.013884128,1.0001005,0.09997685,0.09997685,1.0,6.946602e-07,6.94821e-06,-26.602194,2.200265,0.7334217,0.208,0.0,0.15922761,10.620005,10.650004,1404800
hardzero_plus_depr__c0p54__z1p10__lam0p030__nu0p50__psi0p75,hardzero_plus_depr,0.02,40,439,0.0,2,0.013884128,0.013884776,1.0203081,0.095431514,0.095431514,1.0,6.483258e-07,6.793624e-06,-26.855665,2.2447228,0.74824095,0.15200001,0.0,0.15026462,10.650004,10.680004,1408000
hardzero_plus_depr__c0p54__z1p10__lam0p030__nu0p50__psi0p75,hardzero_plus_depr,0.02,40,440,0.0,2,0.013884776,0.013885455,0.9906282,0.1021814,0.1021814,1.0,6.7873725e-07,6.6424736e-06,-26.802732,2.1794255,0.7264752,0.216,0.0,0.13278301,10.680004,10.710004,1411200
hardzero_plus_depr__c0p54__z1p10__lam0p030__nu0p50__psi0p75,hardzero_plus_depr,0.02,40,441,0.0,2,0.013885455,0.01388609,1.0097574,0.097778335,0.097778335,1.0,6.3503967e-07,6.4946867e-06,-26.558903,2.2215106,0.74050355,0.128,0.0,0.14649269,10.710004,10.740004,1414400
hardzero_plus_depr__c0p54__z1p10__lam0p030__nu0p50__psi0p75,hardzero_plus_depr,0.02,40,442,0.0,2,0.01388609,0.013886732,0.9957314,0.100987725,0.100987725,1.0,6.4129154e-07,6.350193e-06,-26.837677,2.1906528,0.73021764,0.13,0.0,0.14948922,10.740004,10.770003,1417600
hardzero_plus_depr__c0p54__z1p10__lam0p030__nu0p50__psi0p75,hardzero_plus_depr,0.02,40,443,0.0,2,0.013886732,0.013887394,0.9722949,0.10658719,0.10658719,1.0,6.617902e-07,6.2089093e-06,-26.816849,2.1390915,0.7130305,0.23200001,0.0,0.15847252,10.770003,10.800003,1420800
hardzero_plus_depr__c0p54__z1p10__lam0p030__nu0p50__psi0p75,hardzero_plus_depr,0.02,40,444,0.0,2,0.013887394,0.013887931,1.0539191,0.08832443,0.08832443,1.0,5.3619715e-07,6.0707684e-06,-27.59752,2.3186684,0.7728895,0.17600001,0.0,0.16257808,10.800003,10.830003,1424000
hardzero_plus_depr__c0p54__z1p10__lam0p030__nu0p50__psi0p75,hardzero_plus_depr,0.02,40,445,0.0,2,0.013887931,0.01388852,1.0032257,0.09926,0.09926,1.0,5.891777e-07,5.935701e-06,-26.49497,2.2071407,0.7357136,0.096,0.0,0.131271,10.830003,10.8600025,1427200
hardzero_plus_depr__c0p54__z1p10__lam0p030__nu0p50__psi0p75,hardzero_plus_depr,0.02,40,446,0.0,2,0.01388852,0.013889145,0.96762437,0.10773968,0.10773968,1.0,6.252822e-07,5.803639e-06,-26.079489,2.1288161,0.7096054,0.128,0.0,0.12159941,10.8600025,10.890002,1430400
hardzero_plus_depr__c0p54__z1p10__lam0p030__nu0p50__psi0p75,hardzero_plus_depr,0.02,40,447,0.0,2,0.013889145,0.013889684,1.0224701,0.09495762,0.09495762,1.0,5.3883895e-07,5.6745203e-06,-27.506346,2.249479,0.7498264,0.17600001,0.0,0.1564805,10.890002,10.920002,1433600
hardzero_plus_depr__c0p54__z1p10__lam0p030__nu0p50__psi0p75,hardzero_plus_depr,0.02,40,448,0.0,2,0.013889684,0.013890249,0.9929375,0.101639494,0.101639494,1.0,5.6392327e-07,5.548269e-06,-27.348091,2.1845062,0.7281687,0.2,0.0,0.15793929,10.920002,10.950002,1436800
hardzero_plus_depr__c0p54__z1p10__lam0p030__nu0p50__psi0p75,hardzero_plus_depr,0.02,40,449,0.0,2,0.013890249,0.013890731,1.0507772,0.088965744,0.088965744,1.0,4.8262376e-07,5.424827e-06,-26.88947,2.311756,0.7705853,0.112,0.0,0.16123934,10.950002,10.980001,1440000
hardzero_plus_depr__c0p54__z1p10__lam0p030__nu0p50__psi0p75,hardzero_plus_depr,0.02,40,450,0.0,2,0.013890731,0.013891271,0.9918076,0.101904266,0.101904266,1.0,5.405141e-07,5.3041363e-06,-27.230375,2.1820202,0.7273401,0.18400002,0.0,0.14788224,10.980001,11.010001,1443200
hardzero_plus_depr__c0p54__z1p10__lam0p030__nu0p50__psi0p75,hardzero_plus_depr,0.02,40,451,0.0,2,0.013891271,0.013891799,0.99183226,0.101898484,0.101898484,1.0,5.284584e-07,5.1861257e-06,-27.1854,2.1820745,0.7273582,0.2,0.0,0.16029863,11.010001,11.040001,1446400
hardzero_plus_depr__c0p54__z1p10__lam0p030__nu0p50__psi0p75,hardzero_plus_depr,0.02,40,452,0.0,2,0.013891799,0.013892275,1.0272108,0.09392673,0.09392673,1.0,4.7627805e-07,5.0707404e-06,-26.869501,2.259909,0.753303,0.16000001,0.0,0.13557406,11.040001,11.070001,1449600
hardzero_plus_depr__c0p54__z1p10__lam0p030__nu0p50__psi0p75,hardzero_plus_depr,0.02,40,453,0.0,2,0.013892275,0.0138927195,1.0481278,0.08951013,0.08951013,1.0,4.4378427e-07,4.9579226e-06,-27.21881,2.305927,0.76864237,0.096,0.0,0.14454871,11.070001,11.1,1452800
hardzero_plus_depr__c0p54__z1p10__lam0p030__nu0p50__psi0p75,hardzero_plus_depr,0.02,40,454,0.0,2,0.0138927195,0.013893203,1.0010074,0.09976829,0.09976829,1.0,4.836382e-07,4.8476145e-06,-26.906513,2.2022603,0.73408675,0.17600001,0.0,0.13457862,11.1,11.13,1456000
hardzero_plus_depr__c0p54__z1p10__lam0p030__nu0p50__psi0p75,hardzero_plus_depr,0.02,40,455,0.0,2,0.013893203,0.013893665,1.0114319,0.09740203,0.09740203,1.0,4.616628e-07,4.7397657e-06,-26.856651,2.2251947,0.7417316,0.16,0.0,0.1507169,11.13,11.16,1459200
hardzero_plus_depr__c0p54__z1p10__lam0p030__nu0p50__psi0p75,hardzero_plus_depr,0.02,40,456,0.0,2,0.013893665,0.013894127,1.0014392,0.09966914,0.09966914,1.0,4.6189786e-07,4.6343116e-06,-26.829573,2.2032104,0.7344035,0.15200001,0.0,0.13590327,11.16,11.19,1462400
hardzero_plus_depr__c0p54__z1p10__lam0p030__nu0p50__psi0p75,hardzero_plus_depr,0.02,40,457,0.0,2,0.013894127,0.013894559,1.0209728,0.09528558,0.09528558,1.0,4.3175837e-07,4.5312036e-06,-26.99123,2.246185,0.7487284,0.14400001,0.0,0.16613062,11.19,11.219999,1465600
hardzero_plus_depr__c0p54__z1p10__lam0p030__nu0p50__psi0p75,hardzero_plus_depr,0.02,40,458,0.0,2,0.013894559,0.013894958,1.045042,0.09014839,0.09014839,1.0,3.9939286e-07,4.430394e-06,-27.88122,2.2991383,0.7663795,0.120000005,0.0,0.14186005,11.219999,11.249999,1468800
hardzero_plus_depr__c0p54__z1p10__lam0p030__nu0p50__psi0p75,hardzero_plus_depr,0.02,40,459,0.0,2,0.013894958,0.013895397,0.994203,0.10134376,0.10134376,1.0,4.3900326e-07,4.331823e-06,-26.812931,2.1872902,0.7290968,0.120000005,0.0,0.14007668,11.249999,11.279999,1472000
hardzero_plus_depr__c0p54__z1p10__lam0p030__nu0p50__psi0p75,hardzero_plus_depr,0.02,40,460,0.0,2,0.013895397,0.013895833,0.98739237,0.10294556,0.10294556,1.0,4.3602026e-07,4.235445e-06,-25.693731,2.1723065,0.7241022,0.18400002,0.0,0.13217418,11.279999,11.3099985,1475200
hardzero_plus_depr__c0p54__z1p10__lam0p030__nu0p50__psi0p75,hardzero_plus_depr,0.02,40,461,0.0,2,0.013895833,0.013896216,1.0344088,0.09238282,0.09238282,1.0,3.8257681e-07,4.141212e-06,-27.439173,2.275745,0.75858164,0.14400001,0.0,0.17409071,11.3099985,11.339998,1478400
hardzero_plus_depr__c0p54__z1p10__lam0p030__nu0p50__psi0p75,hardzero_plus_depr,0.02,40,462,0.0,2,0.013896216,0.013896597,1.0268035,0.09401487,0.09401487,1.0,3.806732e-07,4.0490745e-06,-27.691725,2.2590127,0.75300425,0.15200001,0.0,0.15474725,11.339998,11.369998,1481600
hardzero_plus_depr__c0p54__z1p10__lam0p030__nu0p50__psi0p75,hardzero_plus_depr,0.02,40,463,0.0,2,0.013896597,0.013897012,0.9788734,0.10498486,0.10498486,1.0,4.1563413e-07,3.9589913e-06,-25.88049,2.1535645,0.71785486,0.17600001,0.0,0.15610519,11.369998,11.399998,1484800
hardzero_plus_depr__c0p54__z1p10__lam0p030__nu0p50__psi0p75,hardzero_plus_depr,0.02,40,464,0.0,2,0.013897012,0.013897376,1.0269632,0.09398029,0.09398029,1.0,3.6378907e-07,3.870908e-06,-27.463766,2.2593641,0.7531214,0.136,0.0,0.12910442,11.399998,11.429997,1488000
hardzero_plus_depr__c0p54__z1p10__lam0p030__nu0p50__psi0p75,hardzero_plus_depr,0.02,40,465,0.0,2,0.013897376,0.013897767,0.9854193,0.103414334,0.103414334,1.0,3.9140104e-07,3.7847853e-06,-26.40582,2.1679657,0.72265524,0.16000001,0.0,0.13752277,11.429997,11.459997,1491200
hardzero_plus_depr__c0p54__z1p10__lam0p030__nu0p50__psi0p75,hardzero_plus_depr,0.02,40,466,0.0,2,0.013897767,0.013898111,1.0322825,0.09283622,0.09283622,1.0,3.4354804e-07,3.7005818e-06,-26.933975,2.271067,0.7570223,0.17600001,0.0,0.15096375,11.459997,11.489997,1494400
hardzero_plus_depr__c0p54__z1p10__lam0p030__nu0p50__psi0p75,hardzero_plus_depr,0.02,40,467,0.0,2,0.013898111,0.013898448,1.0310047,0.09310979,0.09310979,1.0,3.3689437e-07,3.6182487e-06,-26.54241,2.2682555,0.75608516,0.128,0.0,0.16050938,11.489997,11.519997,1497600
hardzero_plus_depr__c0p54__z1p10__lam0p030__nu0p50__psi0p75,hardzero_plus_depr,0.02,40,468,0.0,2,0.013898448,0.01389884,0.9553258,0.1108343,0.1108343,1.0,3.921037e-07,3.5377468e-06,-26.195137,2.1017587,0.70058626,0.14999999,0.0,0.12136157,11.519997,11.549996,1500800
hardzero_plus_depr__c0p54__z1p10__lam0p030__nu0p50__psi0p75,hardzero_plus_depr,0.02,40,469,0.0,2,0.01389884,0.013899136,1.066988,0.085706145,0.085706145,1.0,2.9646066e-07,3.4590362e-06,-28.633135,2.3474205,0.7824735,0.16800001,0.0,0.14532974,11.549996,11.579996,1504000
hardzero_plus_depr__c0p54__z1p10__lam0p030__nu0p50__psi0p75,hardzero_plus_depr,0.02,40,470,0.0,2,0.013899136,0.01389947,1.0057496,0.09868483,0.09868483,1.0,3.3375971e-07,3.382077e-06,-26.903816,2.2126932,0.73756444,0.128,0.0,0.17712995,11.579996,11.609996,1507200
hardzero_plus_depr__c0p54__z1p10__lam0p030__nu0p50__psi0p75,hardzero_plus_depr,0.02,40,471,0.0,2,0.01389947,0.013899808,0.99100226,0.10209341,0.10209341,1.0,3.3760583e-07,3.3068327e-06,-27.33767,2.1802485,0.72674954,0.128,0.0,0.148628,11.609996,11.639996,1510400
hardzero_plus_depr__c0p54__z1p10__lam0p030__nu0p50__psi0p75,hardzero_plus_depr,0.02,40,472,0.0,2,0.013899808,0.013900119,1.0163479,0.09630572,0.09630572,1.0,3.1138143e-07,3.2332598e-06,-27.427372,2.23601,0.7453367,0.120000005,0.0,0.12752447,11.639996,11.669995,1513600
hardzero_plus_depr__c0p54__z1p10__lam0p030__nu0p50__psi0p75,hardzero_plus_depr,0.02,40,473,0.0,2,0.013900119,0.013900416,1.0268334,0.094008386,0.094008386,1.0,2.9719095e-07,3.1613238e-06,-28.119482,2.2590787,0.75302625,0.16800001,0.0,0.1464105,11.669995,11.699995,1516800
hardzero_plus_depr__c0p54__z1p10__lam0p030__nu0p50__psi0p75,hardzero_plus_depr,0.02,40,474,0.0,2,0.013900416,0.013900737,0.98368466,0.10382819,0.10382819,1.0,3.2093203e-07,3.0909912e-06,-26.426342,2.1641495,0.7213832,0.16800001,0.0,0.16117191,11.699995,11.729995,1520000
hardzero_plus_depr__c0p54__z1p10__lam0p030__nu0p50__psi0p75,hardzero_plus_depr,0.02,40,475,0.0,2,0.013900737,0.013901015,1.0366935,0.091898106,0.091898106,1.0,2.7773632e-07,3.0222202e-06,-27.502678,2.280771,0.760257,0.128,0.0,0.1556225,11.729995,11.7599945,1523200
hardzero_plus_depr__c0p54__z1p10__lam0p030__nu0p50__psi0p75,hardzero_plus_depr,0.02,40,476,0.0,2,0.013901015,0.013901325,0.9786332,0.10504291,0.10504291,1.0,3.1039966e-07,2.9549794e-06,-26.940823,2.153036,0.7176787,0.14400001,0.0,0.14275521,11.7599945,11.789994,1526400
hardzero_plus_depr__c0p54__z1p10__lam0p030__nu0p50__psi0p75,hardzero_plus_depr,0.02,40,477,0.0,2,0.013901325,0.013901611,1.0038564,0.09911596,0.09911596,1.0,2.8636927e-07,2.8892348e-06,-27.825686,2.2085283,0.73617613,0.16000001,0.0,0.14486025,11.789994,11.819994,1529600
hardzero_plus_depr__c0p54__z1p10__lam0p030__nu0p50__psi0p75,hardzero_plus_depr,0.02,40,478,0.0,2,0.013901611,0.013901875,1.0290956,0.09351997,0.09351997,1.0,2.641895e-07,2.8249528e-06,-27.695858,2.2640557,0.7546853,0.08800001,0.0,0.15161122,11.819994,11.849994,1532800
hardzero_plus_depr__c0p54__z1p10__lam0p030__nu0p50__psi0p75,hardzero_plus_depr,0.02,40,479,0.0,2,0.013901875,0.013902144,1.0121324,0.09724506,0.09724506,1.0,2.686009e-07,2.7621033e-06,-26.97349,2.2267358,0.7422453,0.17600001,0.0,0.16156188,11.849994,11.879993,1536000
hardzero_plus_depr__c0p54__z1p10__lam0p030__nu0p50__psi0p75,hardzero_plus_depr,0.02,40,480,0.0,2,0.013902144,0.013902396,1.030002,0.09332499,0.09332499,1.0,2.5203812e-07,2.70065e-06,-28.363914,2.2660496,0.7553499,0.16000001,0.0,0.16002767,11.879993,11.909993,1539200
hardzero_plus_depr__c0p54__z1p10__lam0p030__nu0p50__psi0p75,hardzero_plus_depr,0.02,40,481,0.0,2,0.013902396,0.013902648,1.0197328,0.09555801,0.09555801,1.0,2.5232703e-07,2.6405637e-06,-27.285326,2.243457,0.74781907,0.22,0.0,0.12616049,11.909993,11.939993,1542400
hardzero_plus_depr__c0p54__z1p10__lam0p030__nu0p50__psi0p75,hardzero_plus_depr,0.02,40,482,0.0,2,0.013902648,0.013902892,1.0239967,0.09462443,0.09462443,1.0,2.4430292e-07,2.5818167e-06,-26.996473,2.2528377,0.7509459,0.16800001,0.0,0.1307026,11.939993,11.969993,1545600
hardzero_plus_depr__c0p54__z1p10__lam0p030__nu0p50__psi0p75,hardzero_plus_depr,0.02,40,483,0.0,2,0.013902892,0.013903113,1.0583488,0.08742814,0.08742814,1.0,2.2070134e-07,2.5243742e-06,-28.630919,2.3284137,0.77613795,0.120000005,0.0,0.16651186,11.969993,11.999992,1548800
hardzero_plus_depr__c0p54__z1p10__lam0p030__nu0p50__psi0p75,hardzero_plus_depr,0.02,40,484,0.0,2,0.013903113,0.013903347,1.0227662,0.09489292,0.09489292,1.0,2.3421565e-07,2.46821e-06,-27.514894,2.2501307,0.7500436,0.096,0.0,0.1433973,11.999992,12.029992,1552000
hardzero_plus_depr__c0p54__z1p10__lam0p030__nu0p50__psi0p75,hardzero_plus_depr,0.02,40,485,0.0,2,0.013903347,0.01390358,1.0155791,0.09647635,0.09647635,1.0,2.3282593e-07,2.4132953e-06,-27.024479,2.2343187,0.7447729,0.16000001,0.0,0.1392024,12.029992,12.059992,1555200
hardzero_plus_depr__c0p54__z1p10__lam0p030__nu0p50__psi0p75,hardzero_plus_depr,0.02,40,486,0.0,2,0.01390358,0.0139038125,1.0052025,0.098809205,0.098809205,1.0,2.3315043e-07,2.3596024e-06,-26.660013,2.2114897,0.73716325,0.18400002,0.0,0.14160337,12.059992,12.089992,1558400
hardzero_plus_depr__c0p54__z1p10__lam0p030__nu0p50__psi0p75,hardzero_plus_depr,0.02,40,487,0.0,2,0.0139038125,0.013904031,1.022192,0.09501845,0.09501845,1.0,2.1921765e-07,2.3071063e-06,-27.093502,2.2488673,0.74962246,0.16800001,0.0,0.13398942,12.089992,12.119991,1561600
hardzero_plus_depr__c0p54__z1p10__lam0p030__nu0p50__psi0p75,hardzero_plus_depr,0.02,40,488,0.0,2,0.013904031,0.01390427,0.97543,0.10582055,0.10582055,1.0,2.3870746e-07,2.255776e-06,-26.26777,2.145989,0.71532965,0.224,0.0,0.15923528,12.119991,12.149991,1564800
hardzero_plus_depr__c0p54__z1p10__lam0p030__nu0p50__psi0p75,hardzero_plus_depr,0.02,40,489,0.0,2,0.01390427,0.013904472,1.0382832,0.0915623,0.0915623,1.0,2.019487e-07,2.2055879e-06,-28.21897,2.2842686,0.7614229,0.136,0.0,0.14242427,12.149991,12.179991,1568000
hardzero_plus_depr__c0p54__z1p10__lam0p030__nu0p50__psi0p75,hardzero_plus_depr,0.02,40,490,0.0,2,0.013904472,0.013904675,1.0266742,0.09404287,0.09404287,1.0,2.0280513e-07,2.156518e-06,-27.545717,2.2587283,0.7529094,0.224,0.0,0.15358107,12.179991,12.2099905,1571200
hardzero_plus_depr__c0p54__z1p10__lam0p030__nu0p50__psi0p75,hardzero_plus_depr,0.02,40,491,0.0,2,0.013904675,0.013904862,1.052661,0.08858068,0.08858068,1.0,1.8677575e-07,2.1085382e-06,-27.282452,2.3159003,0.7719668,0.136,0.0,0.14181821,12.2099905,12.23999,1574400
hardzero_plus_depr__c0p54__z1p10__lam0p030__nu0p50__psi0p75,hardzero_plus_depr,0.02,40,492,0.0,2,0.013904862,0.013905036,1.0736021,0.08441078,0.08441078,1.0,1.7402344e-07,2.0616258e-06,-28.02152,2.3619716,0.7873239,0.16800001,0.0,0.18104355,12.23999,12.26999,1577600
hardzero_plus_depr__c0p54__z1p10__lam0p030__nu0p50__psi0p75,hardzero_plus_depr,0.02,40,493,0.0,2,0.013905036,0.013905225,1.0280052,0.093755074,0.093755074,1.0,1.8898744e-07,2.015757e-06,-27.576385,2.2616568,0.7538856,0.128,0.0,0.1439592,12.26999,12.29999,1580800
hardzero_plus_depr__c0p54__z1p10__lam0p030__nu0p50__psi0p75,hardzero_plus_depr,0.02,40,494,0.0,2,0.013905225,0.013905402,1.0465033,0.089845575,0.089845575,1.0,1.7707742e-07,1.9709087e-06,-26.749836,2.3023531,0.76745105,0.14999999,0.0,0.13997816,12.29999,12.329989,1584000
hardzero_plus_depr__c0p54__z1p10__lam0p030__nu0p50__psi0p75,hardzero_plus_depr,0.02,40,495,0.0,2,0.013905402,0.01390561,0.96721953,0.107840136,0.107840136,1.0,2.0781445e-07,1.9270603e-06,-26.38061,2.1279254,0.7093085,0.2,0.0,0.15263578,12.329989,12.359989,1587200
hardzero_plus_depr__c0p54__z1p10__lam0p030__nu0p50__psi0p75,hardzero_plus_depr,0.02,40,496,0.0,2,0.01390561,0.013905782,1.0377355,0.09167788,0.09167788,1.0,1.7273814e-07,1.8841856e-06,-27.802965,2.2830637,0.76102126,0.128,0.0,0.1584752,12.359989,12.389989,1590400
hardzero_plus_depr__c0p54__z1p10__lam0p030__nu0p50__psi0p75,hardzero_plus_depr,0.02,40,497,0.0,2,0.013905782,0.013905959,1.0185555,0.095817424,0.095817424,1.0,1.7652106e-07,1.8422647e-06,-27.625908,2.240867,0.74695563,0.192,0.0,0.14611115,12.389989,12.419989,1593600
hardzero_plus_depr__c0p54__z1p10__lam0p030__nu0p50__psi0p75,hardzero_plus_depr,0.02,40,498,0.0,2,0.013905959,0.013906115,1.0635242,0.08639244,0.08639244,1.0,1.5561682e-07,1.8012782e-06,-27.880474,2.3398001,0.7799334,0.120000005,0.0,0.1472184,12.419989,12.449988,1596800
hardzero_plus_depr__c0p54__z1p10__lam0p030__nu0p50__psi0p75,hardzero_plus_depr,0.02,40,499,0.0,2,0.013906115,0.013906282,1.0204097,0.0954092,0.0954092,1.0,1.6803487e-07,1.7612019e-06,-26.538942,2.2449462,0.74831545,0.14400001,0.0,0.14070745,12.449988,12.479988,1600000
hardzero_plus_depr__c0p54__z1p10__lam0p030__nu0p50__psi0p75,hardzero_plus_depr,0.02,40,500,0.0,2,0.013906282,0.013906465,0.9748246,0.10596815,0.10596815,1.0,1.8247898e-07,1.7220173e-06,-26.254942,2.144657,0.71488565,0.16000001,0.0,0.13597131,12.479988,12.509988,1603200
hardzero_plus_depr__c0p54__z1p10__lam0p030__nu0p50__psi0p75,hardzero_plus_depr,0.02,40,501,0.0,2,0.013906465,0.013906604,1.0841751,0.0823806,0.0823806,1.0,1.3870458e-07,1.6837045e-06,-28.298798,2.385233,0.7950777,0.17600001,0.0,0.1643059,12.509988,12.539988,1606400
hardzero_plus_depr__c0p54__z1p10__lam0p030__nu0p50__psi0p75,hardzero_plus_depr,0.02,40,502,0.0,2,0.013906604,0.013906604,1.1150968,0.0,0.076719046,0.0,0.0,1.6462442e-06,-29.904915,2.4532619,0.817754,0.128,0.0,0.16480643,12.539988,12.569987,1609600
hardzero_plus_depr__c0p54__z1p10__lam0p030__nu0p50__psi0p75,hardzero_plus_depr,0.02,40,503,0.0,2,0.013906604,0.0139067555,1.0259792,0.09419347,0.09419347,1.0,1.5161558e-07,1.6096187e-06,-27.098286,2.2571993,0.7523998,0.080000006,0.0,0.14659348,12.569987,12.599987,1612800
hardzero_plus_depr__c0p54__z1p10__lam0p030__nu0p50__psi0p75,hardzero_plus_depr,0.02,40,504,0.0,2,0.0139067555,0.013906916,0.9915428,0.10196641,0.10196641,1.0,1.6047541e-07,1.5738066e-06,-27.833055,2.1814377,0.7271459,0.14400001,0.0,0.1710823,12.599987,12.629987,1616000
hardzero_plus_depr__c0p54__z1p10__lam0p030__nu0p50__psi0p75,hardzero_plus_depr,0.02,40,505,0.0,2,0.013906916,0.013907076,0.9815228,0.104346335,0.104346335,1.0,1.6056723e-07,1.5387913e-06,-26.638687,2.1593933,0.7197978,0.14400001,0.0,0.13928327,12.629987,12.6599865,1619200
hardzero_plus_depr__c0p54__z1p10__lam0p030__nu0p50__psi0p75,hardzero_plus_depr,0.02,40,506,0.0,2,0.013907076,0.013907234,0.9779958,0.105197206,0.105197206,1.0,1.5827513e-07,1.5045564e-06,-25.666435,2.1516337,0.71721125,0.16000001,0.0,0.13162439,12.6599865,12.689986,1622400
hardzero_plus_depr__c0p54__z1p10__lam0p030__nu0p50__psi0p75,hardzero_plus_depr,0.02,40,507,0.0,2,0.013907234,0.013907376,1.0168862,0.09618642,0.09618642,1.0,1.414981e-07,1.4710819e-06,-26.244394,2.2371943,0.7457315,0.14,0.0,0.1565738,12.689986,12.719986,1625600
hardzero_plus_depr__c0p54__z1p10__lam0p030__nu0p50__psi0p75,hardzero_plus_depr,0.02,40,508,0.0,2,0.013907376,0.01390752,0.99820757,0.10041358,0.10041358,1.0,1.4443009e-07,1.4383521e-06,-26.93417,2.1961005,0.7320335,0.14400001,0.0,0.14182025,12.719986,12.749986,1628800
hardzero_plus_depr__c0p54__z1p10__lam0p030__nu0p50__psi0p75,hardzero_plus_depr,0.02,40,509,0.0,2,0.01390752,0.013907659,1.0072185,0.09835163,0.09835163,1.0,1.3831685e-07,1.4063504e-06,-27.45675,2.215925,0.7386417,0.24800001,0.0,0.15655938,12.749986,12.779985,1632000
hardzero_plus_depr__c0p54__z1p10__lam0p030__nu0p50__psi0p75,hardzero_plus_depr,0.02,40,510,0.0,2,0.013907659,0.013907792,1.0138782,0.09685494,0.09685494,1.0,1.3318144e-07,1.375061e-06,-27.877777,2.2305768,0.7435256,0.216,0.0,0.14820538,12.779985,12.809985,1635200
hardzero_plus_depr__c0p54__z1p10__lam0p030__nu0p50__psi0p75,hardzero_plus_depr,0.02,40,511,0.0,2,0.013907792,0.013907931,0.98548436,0.10339883,0.10339883,1.0,1.3901648e-07,1.3444686e-06,-26.458925,2.168109,0.722703,0.18400002,0.0,0.14224704,12.809985,12.839985,1638400
hardzero_plus_depr__c0p54__z1p10__lam0p030__nu0p50__psi0p75,hardzero_plus_depr,0.02,40,512,0.0,2,0.013907931,0.013908061,1.0045811,0.09895071,0.09895071,1.0,1.3007623e-07,1.3145558e-06,-26.78949,2.2101226,0.73670757,0.224,0.008,0.15293482,12.839985,12.869985,1641600
hardzero_plus_depr__c0p54__z1p10__lam0p030__nu0p50__psi0p75,hardzero_plus_depr,0.02,40,513,0.0,2,0.013908061,0.013908181,1.0281415,0.09372567,0.09372567,1.0,1.204664e-07,1.2853085e-06,-27.22311,2.2619565,0.7539855,0.16000001,0.0,0.15702093,12.869985,12.899984,1644800
hardzero_plus_depr__c0p54__z1p10__lam0p030__nu0p50__psi0p75,hardzero_plus_depr,0.02,40,514,0.0,2,0.013908181,0.013908309,0.99423635,0.10133598,0.10133598,1.0,1.2735028e-07,1.2567133e-06,-26.845865,2.1873636,0.7291212,0.15200001,0.0,0.16881715,12.899984,12.929984,1648000
hardzero_plus_depr__c0p54__z1p10__lam0p030__nu0p50__psi0p75,hardzero_plus_depr,0.02,40,515,0.0,2,0.013908309,0.013908408,1.0964612,0.08008272,0.08008272,1.0,9.840188e-08,1.2287529e-06,-28.443123,2.4122627,0.8040876,0.112,0.0,0.16010101,12.929984,12.959984,1651200
hardzero_plus_depr__c0p54__z1p10__lam0p030__nu0p50__psi0p75,hardzero_plus_depr,0.02,40,516,0.0,2,0.013908408,0.013908521,1.0250561,0.09439388,0.09439388,1.0,1.1340618e-07,1.2014145e-06,-26.933784,2.2551684,0.7517228,0.16000001,0.0,0.12846787,12.959984,12.989984,1654400
hardzero_plus_depr__c0p54__z1p10__lam0p030__nu0p50__psi0p75,hardzero_plus_depr,0.02,40,517,0.0,2,0.013908521,0.013908634,1.0168192,0.09620125,0.09620125,1.0,1.13006124e-07,1.1746846e-06,-27.48998,2.237047,0.74568236,0.16000001,0.0,0.14848737,12.989984,13.019983,1657600
hardzero_plus_depr__c0p54__z1p10__lam0p030__nu0p50__psi0p75,hardzero_plus_depr,0.02,40,518,0.0,2,0.013908634,0.013908735,1.0595421,0.08718824,0.08718824,1.0,1.00139985e-07,1.1485492e-06,-27.915724,2.3310392,0.77701306,0.15200001,0.0,0.16233462,13.019983,13.049983,1660800
hardzero_plus_depr__c0p54__z1p10__lam0p030__nu0p50__psi0p75,hardzero_plus_depr,0.02,40,519,0.0,2,0.013908735,0.01390884,1.030054,0.09331382,0.09331382,1.0,1.04791084e-07,1.1229964e-06,-27.651329,2.266164,0.755388,0.14400001,0.0,0.15453836,13.049983,13.079983,1664000
hardzero_plus_depr__c0p54__z1p10__lam0p030__nu0p50__psi0p75,hardzero_plus_depr,0.02,40,520,0.0,2,0.01390884,0.01390895,1.0010461,0.099759415,0.099759415,1.0,1.0953695e-07,1.0980111e-06,-26.400635,2.2023454,0.7341151,0.14,0.0,0.13266174,13.079983,13.1099825,1667200
hardzero_plus_depr__c0p54__z1p10__lam0p030__nu0p50__psi0p75,hardzero_plus_depr,0.02,40,521,0.0,2,0.01390895,0.013909059,0.9944932,0.10127605,0.10127605,1.0,1.087281e-07,1.0735816e-06,-26.471134,2.1879287,0.72930956,0.112,0.0,0.14871702,13.1099825,13.139982,1670400
hardzero_plus_depr__c0p54__z1p10__lam0p030__nu0p50__psi0p75,hardzero_plus_depr,0.02,40,522,0.0,2,0.013909059,0.013909152,1.050615,0.08899899,0.08899899,1.0,9.342195e-08,1.0496968e-06,-26.86097,2.311399,0.7704663,0.120000005,0.0,0.13852984,13.139982,13.169982,1673600
hardzero_plus_depr__c0p54__z1p10__lam0p030__nu0p50__psi0p75,hardzero_plus_depr,0.02,40,523,0.0,2,0.013909152,0.013909254,1.0015595,0.09964156,0.09964156,1.0,1.0226635e-07,1.0263423e-06,-27.23819,2.2034748,0.7344916,0.120000005,0.0,0.15805998,13.169982,13.199982,1676800
hardzero_plus_depr__c0p54__z1p10__lam0p030__nu0p50__psi0p75,hardzero_plus_depr,0.02,40,524,0.0,2,0.013909254,0.013909345,1.0455211,0.090049006,0.090049006,1.0,9.036485e-08,1.0035075e-06,-27.79438,2.3001924,0.7667308,0.192,0.0,0.14298949,13.199982,13.229981,1680000
hardzero_plus_depr__c0p54__z1p10__lam0p030__nu0p50__psi0p75,hardzero_plus_depr,0.02,40,525,0.0,2,0.013909345,0.01390945,0.9685286,0.10751556,0.10751556,1.0,1.05492184e-07,9.811806e-07,-25.658573,2.1308055,0.7102685,0.224,0.0,0.12430911,13.229981,13.259981,1683200
hardzero_plus_depr__c0p54__z1p10__lam0p030__nu0p50__psi0p75,hardzero_plus_depr,0.02,40,526,0.0,2,0.01390945,0.013909542,1.0185513,0.09581835,0.09581835,1.0,9.1923376e-08,9.593505e-07,-27.672987,2.2408578,0.74695265,0.192,0.0,0.14764619,13.259981,13.289981,1686400
hardzero_plus_depr__c0p54__z1p10__lam0p030__nu0p50__psi0p75,hardzero_plus_depr,0.02,40,527,0.0,2,0.013909542,0.013909642,0.97212976,0.106627755,0.106627755,1.0,1.0001758e-07,9.3800696e-07,-26.229729,2.1387281,0.7129094,0.2,0.0,0.13958773,13.289981,13.319981,1689600
hardzero_plus_depr__c0p54__z1p10__lam0p030__nu0p50__psi0p75,hardzero_plus_depr,0.02,40,528,0.0,2,0.013909642,0.013909729,1.0194017,0.09563093,0.09563093,1.0,8.77067e-08,9.171374e-07,-27.240086,2.2427285,0.7475762,0.208,0.0,0.16111638,13.319981,13.34998,1692800
hardzero_plus_depr__c0p54__z1p10__lam0p030__nu0p50__psi0p75,hardzero_plus_depr,0.02,40,529,0.0,2,0.013909729,0.013909819,1.0002589,0.09994038,0.09994038,1.0,8.961977e-08,8.967323e-07,-27.38418,2.2006135,0.73353785,0.16800001,0.0,0.14786005,13.34998,13.37998,1696000
hardzero_plus_depr__c0p54__z1p10__lam0p030__nu0p50__psi0p75,hardzero_plus_depr,0.02,40,530,0.0,2,0.013909819,0.013909907,0.9952562,0.1010983,0.1010983,1.0,8.864116e-08,8.767819e-07,-26.457897,2.1896074,0.7298691,0.096,0.0,0.13299064,13.37998,13.40998,1699200
hardzero_plus_depr__c0p54__z1p10__lam0p030__nu0p50__psi0p75,hardzero_plus_depr,0.02,40,531,0.0,2,0.013909907,0.013909988,1.0231153,0.09481668,0.09481668,1.0,8.128392e-08,8.5727453e-07,-27.23123,2.2508986,0.7502996,0.096,0.0,0.16648135,13.40998,13.43998,1702400
hardzero_plus_depr__c0p54__z1p10__lam0p030__nu0p50__psi0p75,hardzero_plus_depr,0.02,40,532,0.0,2,0.013909988,0.013910065,1.0330241,0.09267784,0.09267784,1.0,7.768267e-08,8.382011e-07,-28.106155,2.2726984,0.75756615,0.16000001,0.0,0.16355996,13.43998,13.469979,1705600
hardzero_plus_depr__c0p54__z1p10__lam0p030__nu0p50__psi0p75,hardzero_plus_depr,0.02,40,533,0.0,2,0.013910065,0.013910146,1.0050116,0.09885269,0.09885269,1.0,8.101494e-08,8.195522e-07,-26.339018,2.2110696,0.73702323,0.17999999,0.0,0.18023391,13.469979,13.499979,1708800
hardzero_plus_depr__c0p54__z1p10__lam0p030__nu0p50__psi0p75,hardzero_plus_depr,0.02,40,534,0.0,2,0.013910146,0.013910222,1.0275754,0.09384791,0.09384791,1.0,7.520203e-08,8.0131815e-07,-26.458843,2.260711,0.7535703,0.16800001,0.0,0.1554601,13.499979,13.529979,1712000
hardzero_plus_depr__c0p54__z1p10__lam0p030__nu0p50__psi0p75,hardzero_plus_depr,0.02,40,535,0.0,2,0.013910222,0.013910297,1.0170838,0.09614267,0.09614267,1.0,7.5326874e-08,7.834905e-07,-26.883793,2.237629,0.7458763,0.18400002,0.0,0.15050586,13.529979,13.5599785,1715200
hardzero_plus_depr__c0p54__z1p10__lam0p030__nu0p50__psi0p75,hardzero_plus_depr,0.02,40,536,0.0,2,0.013910297,0.013910376,0.98852885,0.10267651,0.10267651,1.0,7.865625e-08,7.6605886e-07,-26.606289,2.1748068,0.72493565,0.112,0.0,0.13704161,13.5599785,13.589978,1718400
hardzero_plus_depr__c0p54__z1p10__lam0p030__nu0p50__psi0p75,hardzero_plus_depr,0.02,40,537,0.0,2,0.013910376,0.013910448,1.0141817,0.09678726,0.09678726,1.0,7.2495105e-08,7.4901493e-07,-27.413565,2.2312443,0.7437481,0.16000001,0.0,0.124626674,13.589978,13.619978,1721600
hardzero_plus_depr__c0p54__z1p10__lam0p030__nu0p50__psi0p75,hardzero_plus_depr,0.02,40,538,0.0,2,0.013910448,0.013910448,1.1032249,0.0,0.07884517,0.0,0.0,7.3235094e-07,-28.594006,2.427143,0.8090477,0.104,0.0,0.15398695,13.619978,13.649978,1724800
hardzero_plus_depr__c0p54__z1p10__lam0p030__nu0p50__psi0p75,hardzero_plus_depr,0.02,40,539,0.0,2,0.013910448,0.013910528,0.9532182,0.11137346,0.11137346,1.0,7.974974e-08,7.1605695e-07,-26.252817,2.097122,0.69904065,0.224,0.0,0.14821933,13.649978,13.679977,1728000
hardzero_plus_depr__c0p54__z1p10__lam0p030__nu0p50__psi0p75,hardzero_plus_depr,0.02,40,540,0.0,2,0.013910528,0.0139105925,1.0361351,0.09201634,0.09201634,1.0,6.4423e-08,7.001256e-07,-27.98059,2.2795427,0.7598476,0.17600001,0.0,0.13258976,13.679977,13.709977,1731200
hardzero_plus_depr__c0p54__z1p10__lam0p030__nu0p50__psi0p75,hardzero_plus_depr,0.02,40,541,0.0,2,0.0139105925,0.013910658,1.020935,0.09529387,0.09529387,1.0,6.523329e-08,6.8454864e-07,-27.248423,2.2461019,0.7487006,0.16000001,0.0,0.15807405,13.709977,13.739977,1734400
hardzero_plus_depr__c0p54__z1p10__lam0p030__nu0p50__psi0p75,hardzero_plus_depr,0.02,40,542,0.0,2,0.013910658,0.013910723,1.0108175,0.097539924,0.097539924,1.0,6.528525e-08,6.6931824e-07,-27.140398,2.2238429,0.741281,0.120000005,0.0,0.13186987,13.739977,13.769977,1737600
hardzero_plus_depr__c0p54__z1p10__lam0p030__nu0p50__psi0p75,hardzero_plus_depr,0.02,40,543,0.0,2,0.013910723,0.01391078,1.0646325,0.08617226,0.08617226,1.0,5.6393482e-08,6.544273e-07,-28.2924,2.3422384,0.78074616,0.15200001,0.0,0.17193191,13.769977,13.799976,1740800
hardzero_plus_depr__c0p54__z1p10__lam0p030__nu0p50__psi0p75,hardzero_plus_depr,0.02,40,544,0.0,2,0.01391078,0.013910834,1.0752875,0.08408383,0.08408383,1.0,5.3802484e-08,6.3986715e-07,-28.472643,2.3656797,0.7885599,0.112,0.0,0.15894851,13.799976,13.829976,1744000
hardzero_plus_depr__c0p54__z1p10__lam0p030__nu0p50__psi0p75,hardzero_plus_depr,0.02,40,545,0.0,2,0.013910834,0.013910888,1.0662987,0.08584228,0.08584228,1.0,5.3705577e-08,6.2563083e-07,-27.68284,2.345904,0.78196806,0.136,0.0,0.14976299,13.829976,13.859976,1747200
hardzero_plus_depr__c0p54__z1p10__lam0p030__nu0p50__psi0p75,hardzero_plus_depr,0.02,40,546,0.0,2,0.013910888,0.013910943,1.0492481,0.08927954,0.08927954,1.0,5.461336e-08,6.117119e-07,-28.919945,2.3083918,0.76946396,0.089999996,0.0,0.1549091,13.859976,13.889976,1750400
hardzero_plus_depr__c0p54__z1p10__lam0p030__nu0p50__psi0p75,hardzero_plus_depr,0.02,40,547,0.0,2,0.013910943,0.013910997,1.0446059,0.090238966,0.090238966,1.0,5.397211e-08,5.98102e-07,-27.058357,2.2981787,0.7660596,0.080000006,0.0,0.15300304,13.889976,13.919975,1753600
hardzero_plus_depr__c0p54__z1p10__lam0p030__nu0p50__psi0p75,hardzero_plus_depr,0.02,40,548,0.0,2,0.013910997,0.013911062,0.9499979,0.112202376,0.112202376,1.0,6.561539e-08,5.84795e-07,-25.825752,2.090037,0.69667906,0.208,0.0,0.12620144,13.919975,13.949975,1756800
hardzero_plus_depr__c0p54__z1p10__lam0p030__nu0p50__psi0p75,hardzero_plus_depr,0.02,40,549,0.0,2,0.013911062,0.013911119,1.0021943,0.09949601,0.09949601,1.0,5.6890222e-08,5.7178397e-07,-26.64415,2.2048714,0.73495716,0.18400002,0.008,0.13656543,13.949975,13.979975,1760000
hardzero_plus_depr__c0p54__z1p10__lam0p030__nu0p50__psi0p75,hardzero_plus_depr,0.02,40,550,0.0,2,0.013911119,0.013911171,1.0296626,0.09339795,0.09339795,1.0,5.221529e-08,5.5906247e-07,-26.522057,2.265303,0.75510097,0.15200001,0.0,0.14998274,13.979975,14.0099745,1763200
hardzero_plus_depr__c0p54__z1p10__lam0p030__nu0p50__psi0p75,hardzero_plus_depr,0.02,40,551,0.0,2,0.013911171,0.013911223,1.0167649,0.096213296,0.096213296,1.0,5.259255e-08,5.4662456e-07,-27.112274,2.2369275,0.74564254,0.120000005,0.0,0.15055889,14.0099745,14.039974,1766400
hardzero_plus_depr__c0p54__z1p10__lam0p030__nu0p50__psi0p75,hardzero_plus_depr,0.02,40,552,0.0,2,0.013911223,0.01391127,1.0635666,0.086384036,0.086384036,1.0,4.616906e-08,5.3446286e-07,-27.557285,2.339893,0.7799644,0.104,0.0,0.16497125,14.039974,14.069974,1769600
hardzero_plus_depr__c0p54__z1p10__lam0p030__nu0p50__psi0p75,hardzero_plus_depr,0.02,40,553,0.0,2,0.01391127,0.01391132,1.0184269,0.09584581,0.09584581,1.0,5.0086307e-08,5.2257167e-07,-27.69719,2.240584,0.74686134,0.15200001,0.0,0.14170374,14.069974,14.099974,1772800
hardzero_plus_depr__c0p54__z1p10__lam0p030__nu0p50__psi0p75,hardzero_plus_depr,0.02,40,554,0.0,2,0.01391132,0.0139113655,1.0451175,0.09013273,0.09013273,1.0,4.6052914e-08,5.1094554e-07,-28.517927,2.2993045,0.76643485,0.136,0.0,0.19314808,14.099974,14.129973,1776000
hardzero_plus_depr__c0p54__z1p10__lam0p030__nu0p50__psi0p75,hardzero_plus_depr,0.02,40,555,0.0,2,0.0139113655,0.013911414,1.0138859,0.09685324,0.09685324,1.0,4.8385715e-08,4.9957765e-07,-26.795528,2.2305934,0.74353117,0.17600001,0.0,0.13271205,14.129973,14.159973,1779200
hardzero_plus_depr__c0p54__z1p10__lam0p030__nu0p50__psi0p75,hardzero_plus_depr,0.02,40,556,0.0,2,0.013911414,0.013911461,1.0123031,0.09720686,0.09720686,1.0,4.7481922e-08,4.8846266e-07,-27.619053,2.2271113,0.7423705,0.128,0.0,0.1538354,14.159973,14.189973,1782400
hardzero_plus_depr__c0p54__z1p10__lam0p030__nu0p50__psi0p75,hardzero_plus_depr,0.02,40,557,0.0,2,0.013911461,0.013911511,0.98596156,0.10328529,0.10328529,1.0,4.9328527e-08,4.775949e-07,-26.394012,2.1691587,0.7230529,0.136,0.0,0.13307917,14.189973,14.219973,1785600
hardzero_plus_depr__c0p54__z1p10__lam0p030__nu0p50__psi0p75,hardzero_plus_depr,0.02,40,558,0.0,2,0.013911511,0.013911556,1.010523,0.09760611,0.09760611,1.0,4.557903e-08,4.6696903e-07,-26.951426,2.2231948,0.74106497,0.16800001,0.0,0.13629322,14.219973,14.249972,1788800
hardzero_plus_depr__c0p54__z1p10__lam0p030__nu0p50__psi0p75,hardzero_plus_depr,0.02,40,559,0.0,2,0.013911556,0.013911601,1.0113368,0.097423375,0.097423375,1.0,4.4481563e-08,4.5657998e-07,-27.184494,2.2249854,0.7416618,0.14,0.0,0.1444535,14.249972,14.279972,1792000
hardzero_plus_depr__c0p54__z1p10__lam0p030__nu0p50__psi0p75,hardzero_plus_depr,0.02,40,560,0.0,2,0.013911601,0.013911649,0.97254634,0.1065255,0.1065255,1.0,4.7555286e-08,4.464216e-07,-26.903849,2.1396446,0.7132149,0.15200001,0.0,0.12195033,14.279972,14.309972,1795200
hardzero_plus_depr__c0p54__z1p10__lam0p030__nu0p50__psi0p75,hardzero_plus_depr,0.02,40,561,0.0,2,0.013911649,0.01391169,1.0245129,0.09451203,0.09451203,1.0,4.1253486e-08,4.3648927e-07,-27.582067,2.2539732,0.7513244,0.18400002,0.0,0.1831683,14.309972,14.339972,1798400
hardzero_plus_depr__c0p54__z1p10__lam0p030__nu0p50__psi0p75,hardzero_plus_depr,0.02,40,562,0.0,2,0.01391169,0.013911731,1.0155663,0.096479185,0.096479185,1.0,4.117522e-08,4.2677826e-07,-27.134384,2.2342906,0.74476355,0.128,0.0,0.1636129,14.339972,14.369971,1801600
hardzero_plus_depr__c0p54__z1p10__lam0p030__nu0p50__psi0p75,hardzero_plus_depr,0.02,40,563,0.0,2,0.013911731,0.013911776,0.9645602,0.1085025,0.1085025,1.0,4.527625e-08,4.17283e-07,-25.424059,2.1220748,0.7073583,0.17600001,0.0,0.15906277,14.369971,14.399971,1804800
hardzero_plus_depr__c0p54__z1p10__lam0p030__nu0p50__psi0p75,hardzero_plus_depr,0.02,40,564,0.0,2,0.013911776,0.013911813,1.0508009,0.088960886,0.088960886,1.0,3.6295948e-08,4.0799895e-07,-27.89708,2.311808,0.7706027,0.192,0.0,0.194912,14.399971,14.429971,1808000
hardzero_plus_depr__c0p54__z1p10__lam0p030__nu0p50__psi0p75,hardzero_plus_depr,0.02,40,565,0.0,2,0.013911813,0.013911847,1.0602952,0.08703716,0.08703716,1.0,3.472099e-08,3.9892146e-07,-27.481201,2.332696,0.77756536,0.16000001,0.0,0.13472164,14.429971,14.45997,1811200
hardzero_plus_depr__c0p54__z1p10__lam0p030__nu0p50__psi0p75,hardzero_plus_depr,0.02,40,566,0.0,2,0.013911847,0.013911889,0.9661868,0.10809688,0.10809688,1.0,4.216275e-08,3.9004593e-07,-26.759491,2.1256535,0.70855117,0.15200001,0.0,0.13947427,14.45997,14.48997,1814400
hardzero_plus_depr__c0p54__z1p10__lam0p030__nu0p50__psi0p75,hardzero_plus_depr,0.02,40,567,0.0,2,0.013911889,0.013911926,1.0056807,0.09870048,0.09870048,1.0,3.7641225e-08,3.813682e-07,-26.451141,2.2125416,0.7375139,0.096,0.0,0.12822983,14.48997,14.51997,1817600
hardzero_plus_depr__c0p54__z1p10__lam0p030__nu0p50__psi0p75,hardzero_plus_depr,0.02,40,568,0.0,2,0.013911926,0.013911961,1.0373328,0.09176292,0.09176292,1.0,3.4216857e-08,3.7288325e-07,-26.662493,2.2821777,0.7607259,0.136,0.0,0.13608396,14.51997,14.54997,1820800
hardzero_plus_depr__c0p54__z1p10__lam0p030__nu0p50__psi0p75,hardzero_plus_depr,0.02,40,569,0.0,2,0.013911961,0.013911994,1.036799,0.09187578,0.09187578,1.0,3.3496715e-08,3.64587e-07,-27.941967,2.2810032,0.76033443,0.120000005,0.0,0.17399769,14.54997,14.579969,1824000
hardzero_plus_depr__c0p54__z1p10__lam0p030__nu0p50__psi0p75,hardzero_plus_depr,0.02,40,570,0.0,2,0.013911994,0.013912027,1.0436869,0.09043013,0.09043013,1.0,3.2236148e-08,3.5647574e-07,-28.089775,2.296157,0.7653856,0.128,0.0,0.1723628,14.579969,14.609969,1827200
hardzero_plus_depr__c0p54__z1p10__lam0p030__nu0p50__psi0p75,hardzero_plus_depr,0.02,40,571,0.0,2,0.013912027,0.013912061,1.006144,0.098595224,0.098595224,1.0,3.4364835e-08,3.485446e-07,-27.39851,2.213561,0.7378537,0.18400002,0.0,0.16131413,14.609969,14.639969,1830400
hardzero_plus_depr__c0p54__z1p10__lam0p030__nu0p50__psi0p75,hardzero_plus_depr,0.02,40,572,0.0,2,0.013912061,0.013912097,0.98867846,0.102641165,0.102641165,1.0,3.497907e-08,3.4078988e-07,-26.743477,2.175136,0.7250454,0.17,0.0,0.124039106,14.639969,14.669969,1833600
hardzero_plus_depr__c0p54__z1p10__lam0p030__nu0p50__psi0p75,hardzero_plus_depr,0.02,40,573,0.0,2,0.013912097,0.013912129,1.0040026,0.099082604,0.099082604,1.0,3.3015088e-08,3.332077e-07,-27.080355,2.2088497,0.73628324,0.192,0.0,0.14304663,14.669969,14.699968,1836800
hardzero_plus_depr__c0p54__z1p10__lam0p030__nu0p50__psi0p75,hardzero_plus_depr,0.02,40,574,0.0,2,0.013912129,0.013912163,0.98712707,0.10300846,0.10300846,1.0,3.3559562e-08,3.2579425e-07,-26.465498,2.171723,0.72390765,0.08800001,0.0,0.12449542,14.699968,14.729968,1840000
hardzero_plus_depr__c0p54__z1p10__lam0p030__nu0p50__psi0p75,hardzero_plus_depr,0.02,40,575,0.0,2,0.013912163,0.013912192,1.0434326,0.09048308,0.09048308,1.0,2.8823024e-08,3.1854603e-07,-27.23053,2.2955976,0.7651992,0.112,0.0,0.14247951,14.729968,14.759968,1843200
hardzero_plus_depr__c0p54__z1p10__lam0p030__nu0p50__psi0p75,hardzero_plus_depr,0.02,40,576,0.0,2,0.013912192,0.013912224,0.97499126,0.105927505,0.105927505,1.0,3.299205e-08,3.114588e-07,-26.415834,2.1450236,0.7150079,0.23200001,0.0,0.1529779,14.759968,14.789968,1846400
hardzero_plus_depr__c0p54__z1p10__lam0p030__nu0p50__psi0p75,hardzero_plus_depr,0.02,40,577,0.0,2,0.013912224,0.013912256,0.97851795,0.1050708,0.1050708,1.0,3.1997125e-08,3.0452918e-07,-27.477734,2.1527824,0.71759415,0.16800001,0.0,0.12349155,14.789968,14.819967,1849600
hardzero_plus_depr__c0p54__z1p10__lam0p030__nu0p50__psi0p75,hardzero_plus_depr,0.02,40,578,0.0,2,0.013912256,0.013912286,1.0060693,0.098612204,0.098612204,1.0,2.9362182e-08,2.9775404e-07,-27.035662,2.2133965,0.73779887,0.16800001,0.0,0.13675763,14.819967,14.849967,1852800
hardzero_plus_depr__c0p54__z1p10__lam0p030__nu0p50__psi0p75,hardzero_plus_depr,0.02,40,579,0.0,2,0.013912286,0.013912314,1.019296,0.09565418,0.09565418,1.0,2.7847742e-08,2.9112937e-07,-27.04081,2.242496,0.7474987,0.16800001,0.0,0.16001439,14.849967,14.879967,1856000
hardzero_plus_depr__c0p54__z1p10__lam0p030__nu0p50__psi0p75,hardzero_plus_depr,0.02,40,580,0.0,2,0.013912314,0.013912341,1.0237725,0.094673306,0.094673306,1.0,2.6948955e-08,2.846521e-07,-27.185083,2.2523444,0.7507815,0.104,0.0,0.16236481,14.879967,14.909966,1859200
hardzero_plus_depr__c0p54__z1p10__lam0p030__nu0p50__psi0p75,hardzero_plus_depr,0.02,40,581,0.0,2,0.013912341,0.013912367,1.0353608,0.09218052,0.09218052,1.0,2.5655584e-08,2.7831894e-07,-27.486414,2.2778392,0.7592797,0.14400001,0.0,0.17093171,14.909966,14.939966,1862400
hardzero_plus_depr__c0p54__z1p10__lam0p030__nu0p50__psi0p75,hardzero_plus_depr,0.02,40,582,0.0,2,0.013912367,0.01391239,1.0735768,0.08441569,0.08441569,1.0,2.2971763e-08,2.721267e-07,-28.03588,2.361916,0.78730536,0.15200001,0.0,0.20950782,14.939966,14.969966,1865600
hardzero_plus_depr__c0p54__z1p10__lam0p030__nu0p50__psi0p75,hardzero_plus_depr,0.02,40,583,0.0,2,0.01391239,0.013912416,1.0137904,0.09687453,0.09687453,1.0,2.5775643e-08,2.6607245e-07,-26.801088,2.2303834,0.74346113,0.2,0.0,0.16011249,14.969966,14.999966,1868800
hardzero_plus_depr__c0p54__z1p10__lam0p030__nu0p50__psi0p75,hardzero_plus_depr,0.02,40,584,0.0,2,0.013912416,0.013912442,0.9971428,0.100660056,0.100660056,1.0,2.6186978e-08,2.6015263e-07,-26.678865,2.193758,0.7312527,0.072000004,0.0,0.13808502,14.999966,15.029965,1872000
hardzero_plus_depr__c0p54__z1p10__lam0p030__nu0p50__psi0p75,hardzero_plus_depr,0.02,40,585,0.0,2,0.013912442,0.0139124645,1.0479707,0.08954253,0.08954253,1.0,2.2776446e-08,2.5436455e-07,-27.881313,2.3055816,0.7685272,0.14999999,0.0,0.1270495,15.029965,15.059965,1875200
hardzero_plus_depr__c0p54__z1p10__lam0p030__nu0p50__psi0p75,hardzero_plus_depr,0.02,40,586,0.0,2,0.0139124645,0.013912489,1.0121471,0.0972418,0.0972418,1.0,2.4184567e-08,2.4870548e-07,-26.541122,2.226768,0.74225605,0.112,0.0,0.13726284,15.059965,15.089965,1878400
hardzero_plus_depr__c0p54__z1p10__lam0p030__nu0p50__psi0p75,hardzero_plus_depr,0.02,40,587,0.0,2,0.013912489,0.013912511,1.0365179,0.09193526,0.09193526,1.0,2.2356089e-08,2.4317208e-07,-27.572947,2.2803848,0.76012826,0.17600001,0.0,0.17943674,15.089965,15.119965,1881600
hardzero_plus_depr__c0p54__z1p10__lam0p030__nu0p50__psi0p75,hardzero_plus_depr,0.02,40,588,0.0,2,0.013912511,0.013912533,1.0356003,0.0921297,0.0921297,1.0,2.1904924e-08,2.3776181e-07,-28.132908,2.278366,0.7594554,0.14400001,0.0,0.1727553,15.119965,15.149964,1884800
hardzero_plus_depr__c0p54__z1p10__lam0p030__nu0p50__psi0p75,hardzero_plus_depr,0.02,40,589,0.0,2,0.013912533,0.013912554,1.0594193,0.08721289,0.08721289,1.0,2.0274545e-08,2.3247189e-07,-27.77654,2.3307688,0.77692294,0.08800001,0.0,0.1761048,15.149964,15.179964,1888000
hardzero_plus_depr__c0p54__z1p10__lam0p030__nu0p50__psi0p75,hardzero_plus_depr,0.02,40,590,0.0,2,0.013912554,0.013912575,1.0203024,0.09543279,0.09543279,1.0,2.1691843e-08,2.2729968e-07,-27.293331,2.2447102,0.7482368,0.112,0.0,0.13917977,15.179964,15.209964,1891200
hardzero_plus_depr__c0p54__z1p10__lam0p030__nu0p50__psi0p75,hardzero_plus_depr,0.02,40,591,0.0,2,0.013912575,0.013912595,1.0465556,0.08983476,0.08983476,1.0,1.9965125e-08,2.2224276e-07,-26.81264,2.3024683,0.76748943,0.192,0.0,0.15638243,15.209964,15.239964,1894400
hardzero_plus_depr__c0p54__z1p10__lam0p030__nu0p50__psi0p75,hardzero_plus_depr,0.02,40,592,0.0,2,0.013912595,0.013912616,1.0123277,0.09720137,0.09720137,1.0,2.1121673e-08,2.1729811e-07,-27.357841,2.2271652,0.7423884,0.216,0.0,0.17030632,15.239964,15.269963,1897600
hardzero_plus_depr__c0p54__z1p10__lam0p030__nu0p50__psi0p75,hardzero_plus_depr,0.02,40,593,0.0,2,0.013912616,0.013912636,1.0383415,0.091550015,0.091550015,1.0,1.9451036e-08,2.1246349e-07,-27.638403,2.284397,0.76146567,0.16000001,0.0,0.12746415,15.269963,15.299963,1900800
hardzero_plus_depr__c0p54__z1p10__lam0p030__nu0p50__psi0p75,hardzero_plus_depr,0.02,40,594,0.0,2,0.013912636,0.013912658,0.96712446,0.10786375,0.10786375,1.0,2.240725e-08,2.0773662e-07,-26.107794,2.1277163,0.70923877,0.216,0.0,0.15731858,15.299963,15.329963,1904000
hardzero_plus_depr__c0p54__z1p10__lam0p030__nu0p50__psi0p75,hardzero_plus_depr,0.02,40,595,0.0,2,0.013912658,0.013912678,1.0127864,0.09709874,0.09709874,1.0,1.9722185e-08,2.0311474e-07,-27.579773,2.2281744,0.74272484,0.16000001,0.0,0.1526975,15.329963,15.359962,1907200
hardzero_plus_depr__c0p54__z1p10__lam0p030__nu0p50__psi0p75,hardzero_plus_depr,0.02,40,596,0.0,2,0.013912678,0.013912697,1.0104215,0.09762892,0.09762892,1.0,1.938868e-08,1.9859567e-07,-26.814217,2.2229717,0.7409906,0.17600001,0.0,0.13178746,15.359962,15.389962,1910400
hardzero_plus_depr__c0p54__z1p10__lam0p030__nu0p50__psi0p75,hardzero_plus_depr,0.02,40,597,0.0,2,0.013912697,0.013912717,0.996998,0.10069361,0.10069361,1.0,1.9552399e-08,1.9417715e-07,-25.521599,2.1934395,0.7311465,0.17600001,0.0,0.11827647,15.389962,15.419962,1913600
hardzero_plus_depr__c0p54__z1p10__lam0p030__nu0p50__psi0p75,hardzero_plus_depr,0.02,40,598,0.0,2,0.013912717,0.0139127355,1.009693,0.09779281,0.09779281,1.0,1.8566645e-08,1.8985695e-07,-26.746943,2.221369,0.74045634,0.19999999,0.01,0.13318533,15.419962,15.449962,1916800
hardzero_plus_depr__c0p54__z1p10__lam0p030__nu0p50__psi0p75,hardzero_plus_depr,0.02,40,599,0.0,2,0.0139127355,0.013912754,0.98781216,0.1028461,0.1028461,1.0,1.9091633e-08,1.8563303e-07,-26.110006,2.1732302,0.72441006,0.256,0.0,0.1299469,15.449962,15.479961,1920000
hardzero_plus_depr__c0p54__z1p10__lam0p030__nu0p50__psi0p75,hardzero_plus_depr,0.02,40,600,0.0,2,0.013912754,0.013912771,1.0307763,0.09315877,0.09315877,1.0,1.6908588e-08,1.8150293e-07,-27.241459,2.2677531,0.7559177,0.120000005,0.0,0.17661877,15.479961,15.509961,1923200
hardzero_plus_depr__c0p54__z1p10__lam0p030__nu0p50__psi0p75,hardzero_plus_depr,0.02,40,601,0.0,2,0.013912771,0.013912788,1.0189307,0.09573468,0.09573468,1.0,1.6989526e-08,1.774647e-07,-27.363304,2.2416923,0.74723077,0.15200001,0.0,0.18073946,15.509961,15.539961,1926400
hardzero_plus_depr__c0p54__z1p10__lam0p030__nu0p50__psi0p75,hardzero_plus_depr,0.02,40,602,0.0,2,0.013912788,0.013912807,0.94790876,0.11274343,0.11274343,1.0,1.9562844e-08,1.7351648e-07,-26.385674,2.0854409,0.695147,0.192,0.0,0.14176112,15.539961,15.569961,1929600
hardzero_plus_depr__c0p54__z1p10__lam0p030__nu0p50__psi0p75,hardzero_plus_depr,0.02,40,603,0.0,2,0.013912807,0.013912825,0.9831633,0.10395292,0.10395292,1.0,1.7636234e-08,1.6965596e-07,-27.372839,2.1630025,0.72100085,0.15200001,0.0,0.14044377,15.569961,15.59996,1932800
hardzero_plus_depr__c0p54__z1p10__lam0p030__nu0p50__psi0p75,hardzero_plus_depr,0.02,40,604,0.0,2,0.013912825,0.013912841,1.0275565,0.093851976,0.093851976,1.0,1.556829e-08,1.6588132e-07,-27.561647,2.2606695,0.7535565,0.15200001,0.0,0.15225838,15.59996,15.62996,1936000
hardzero_plus_depr__c0p54__z1p10__lam0p030__nu0p50__psi0p75,hardzero_plus_depr,0.02,40,605,0.0,2,0.013912841,0.013912855,1.0522717,0.088660106,0.088660106,1.0,1.4379841e-08,1.6219066e-07,-27.663774,2.315044,0.7716813,0.112,0.0,0.16535538,15.62996,15.65996,1939200
hardzero_plus_depr__c0p54__z1p10__lam0p030__nu0p50__psi0p75,hardzero_plus_depr,0.02,40,606,0.0,2,0.013912855,0.013912868,1.0731251,0.084503524,0.084503524,1.0,1.3400747e-08,1.5858211e-07,-27.945147,2.3609223,0.78697413,0.136,0.0,0.13864037,15.65996,15.68996,1942400
hardzero_plus_depr__c0p54__z1p10__lam0p030__nu0p50__psi0p75,hardzero_plus_depr,0.02,40,607,0.0,2,0.013912868,0.013912882,1.0488081,0.08937003,0.08937003,1.0,1.38571785e-08,1.5505398e-07,-27.8919,2.3074238,0.7691413,0.16000001,0.0,0.1498263,15.68996,15.719959,1945600
hardzero_plus_depr__c0p54__z1p10__lam0p030__nu0p50__psi0p75,hardzero_plus_depr,0.02,40,608,0.0,2,0.013912882,0.013912896,1.0273081,0.09390567,0.09390567,1.0,1.4236496e-08,1.5160423e-07,-27.577276,2.260123,0.75337434,0.2,0.0,0.14647178,15.719959,15.749959,1948800
hardzero_plus_depr__c0p54__z1p10__lam0p030__nu0p50__psi0p75,hardzero_plus_depr,0.02,40,609,0.0,2,0.013912896,0.013912911,1.0004282,0.09990146,0.09990146,1.0,1.4808514e-08,1.4823121e-07,-27.805014,2.200986,0.733662,0.16000001,0.0,0.14305252,15.749959,15.779959,1952000
hardzero_plus_depr__c0p54__z1p10__lam0p030__nu0p50__psi0p75,hardzero_plus_depr,0.02,40,610,0.0,2,0.013912911,0.013912925,1.0198227,0.09553824,0.09553824,1.0,1.3846682e-08,1.449334e-07,-26.808296,2.2436547,0.7478849,0.16000001,0.0,0.14131412,15.779959,15.809958,1955200
hardzero_plus_depr__c0p54__z1p10__lam0p030__nu0p50__psi0p75,hardzero_plus_depr,0.02,40,611,0.0,2,0.013912925,0.013912938,1.0309308,0.093125634,0.093125634,1.0,1.3196721e-08,1.417088e-07,-27.681488,2.2680929,0.756031,0.16,0.0,0.15812889,15.809958,15.839958,1958400
hardzero_plus_depr__c0p54__z1p10__lam0p030__nu0p50__psi0p75,hardzero_plus_depr,0.02,40,612,0.0,2,0.013912938,0.01391295,1.0526372,0.08858552,0.08858552,1.0,1.227405e-08,1.3855595e-07,-27.585005,2.315848,0.7719494,0.112,0.0,0.15945783,15.839958,15.869958,1961600
hardzero_plus_depr__c0p54__z1p10__lam0p030__nu0p50__psi0p75,hardzero_plus_depr,0.02,40,613,0.0,2,0.01391295,0.013912962,1.0338813,0.092495084,0.092495084,1.0,1.25306086e-08,1.3547324e-07,-27.282852,2.2745843,0.7581948,0.16000001,0.0,0.14945306,15.869958,15.899958,1964800
hardzero_plus_depr__c0p54__z1p10__lam0p030__nu0p50__psi0p75,hardzero_plus_depr,0.02,40,614,0.0,2,0.013912962,0.013912974,1.0330523,0.092671804,0.092671804,1.0,1.2275227e-08,1.3245914e-07,-28.28487,2.2727604,0.75758684,0.16800001,0.0,0.1480986,15.899958,15.929957,1968000
hardzero_plus_depr__c0p54__z1p10__lam0p030__nu0p50__psi0p75,hardzero_plus_depr,0.02,40,615,0.0,2,0.013912974,0.013912986,1.0184773,0.09583468,0.09583468,1.0,1.2411759e-08,1.2951219e-07,-26.922522,2.2406948,0.7468983,0.136,0.0,0.12701185,15.929957,15.959957,1971200
hardzero_plus_depr__c0p54__z1p10__lam0p030__nu0p50__psi0p75,hardzero_plus_depr,0.02,40,616,0.0,2,0.013912986,0.013913,0.94573873,0.11330816,0.11330816,1.0,1.4348291e-08,1.266307e-07,-25.969027,2.0806668,0.6935556,0.192,0.0,0.13064823,15.959957,15.989957,1974400
hardzero_plus_depr__c0p54__z1p10__lam0p030__nu0p50__psi0p75,hardzero_plus_depr,0.02,40,617,0.0,2,0.013913,0.013913011,1.0444732,0.090266556,0.090266556,1.0,1.1176202e-08,1.2381332e-07,-27.81907,2.2978868,0.7659623,0.120000005,0.0,0.13714808,15.989957,16.019957,1977600
hardzero_plus_depr__c0p54__z1p10__lam0p030__nu0p50__psi0p75,hardzero_plus_depr,0.02,40,618,0.0,2,0.013913011,0.013913023,1.007177,0.09836101,0.09836101,1.0,1.1907461e-08,1.2105875e-07,-26.953026,2.2158337,0.7386112,0.104,0.0,0.14340635,16.019957,16.049957,1980800
hardzero_plus_depr__c0p54__z1p10__lam0p030__nu0p50__psi0p75,hardzero_plus_depr,0.02,40,619,0.0,2,0.013913023,0.013913034,1.0312977,0.09304698,0.09304698,1.0,1.1013525e-08,1.18365215e-07,-26.715054,2.2689002,0.7563001,0.128,0.0,0.15043867,16.049957,16.079958,1984000
hardzero_plus_depr__c0p54__z1p10__lam0p030__nu0p50__psi0p75,hardzero_plus_depr,0.02,40,620,0.0,2,0.013913034,0.013913047,0.9652177,0.108338356,0.108338356,1.0,1.2538173e-08,1.15731616e-07,-25.99653,2.1235213,0.70784044,0.192,0.0,0.1186018,16.079958,16.109959,1987200
hardzero_plus_depr__c0p54__z1p10__lam0p030__nu0p50__psi0p75,hardzero_plus_depr,0.02,40,621,0.0,2,0.013913047,0.013913058,0.99822205,0.10041023,0.10041023,1.0,1.13620935e-08,1.1315673e-07,-25.791636,2.1961324,0.73204416,0.14400001,0.0,0.11338939,16.109959,16.13996,1990400
hardzero_plus_depr__c0p54__z1p10__lam0p030__nu0p50__psi0p75,hardzero_plus_depr,0.02,40,622,0.0,2,0.013913058,0.013913068,1.0383111,0.09155643,0.09155643,1.0,1.0129724e-08,1.1063913e-07,-27.182602,2.2843301,0.7614434,0.136,0.0,0.13665077,16.13996,16.16996,1993600
hardzero_plus_depr__c0p54__z1p10__lam0p030__nu0p50__psi0p75,hardzero_plus_depr,0.02,40,623,0.0,2,0.013913068,0.013913079,0.99221224,0.10180937,0.10180937,1.0,1.10134755e-08,1.0817743e-07,-26.351648,2.1829104,0.7276368,0.17600001,0.0,0.14724709,16.16996,16.19996,1996800
hardzero_plus_depr__c0p54__z1p10__lam0p030__nu0p50__psi0p75,hardzero_plus_depr,0.02,40,624,0.0,2,0.013913079,0.013913089,1.0096306,0.097806886,0.097806886,1.0,1.0345084e-08,1.0577051e-07,-27.2968,2.2212315,0.7404105,0.21,0.0,0.15309349,16.19996,16.229961,2000000
hardzero_plus_depr__c0p54__z1p10__lam0p030__nu0p50__psi0p75,hardzero_plus_depr,0.02,40,625,0.0,2,0.013913089,0.013913099,1.0598903,0.08711835,0.08711835,1.0,9.00954e-09,1.0341725e-07,-27.574247,2.3318052,0.7772684,0.17600001,0.0,0.14877208,16.229961,16.259962,2003200
hardzero_plus_depr__c0p54__z1p10__lam0p030__nu0p50__psi0p75,hardzero_plus_depr,0.02,40,626,0.0,2,0.013913099,0.013913108,1.0147744,0.096655264,0.096655264,1.0,9.7734265e-09,1.01116335e-07,-27.351791,2.2325482,0.74418277,0.16000001,0.0,0.1551708,16.259962,16.289963,2006400
hardzero_plus_depr__c0p54__z1p10__lam0p030__nu0p50__psi0p75,hardzero_plus_depr,0.02,40,627,0.0,2,0.013913108,0.013913116,1.0636661,0.086364225,0.086364225,1.0,8.538531e-09,9.886653e-08,-27.397747,2.3401122,0.7800374,0.08800001,0.0,0.15053777,16.289963,16.319963,2009600
hardzero_plus_depr__c0p54__z1p10__lam0p030__nu0p50__psi0p75,hardzero_plus_depr,0.02,40,628,0.0,2,0.013913116,0.013913125,1.0469162,0.08976019,0.08976019,1.0,8.676829e-09,9.666678e-08,-27.448011,2.3032618,0.76775396,0.128,0.0,0.15913843,16.319963,16.349964,2012800
hardzero_plus_depr__c0p54__z1p10__lam0p030__nu0p50__psi0p75,hardzero_plus_depr,0.02,40,629,0.0,2,0.013913125,0.013913134,1.008024,0.09816936,0.09816936,1.0,9.278581e-09,9.451606e-08,-26.413317,2.217697,0.7392323,0.18400002,0.0,0.11585686,16.349964,16.379965,2016000
hardzero_plus_depr__c0p54__z1p10__lam0p030__nu0p50__psi0p75,hardzero_plus_depr,0.02,40,630,0.0,2,0.013913134,0.013913143,0.9878316,0.10284149,0.10284149,1.0,9.50391e-09,9.241319e-08,-26.95974,2.1732728,0.7244243,0.16000001,0.0,0.13608295,16.379965,16.409966,2019200
hardzero_plus_depr__c0p54__z1p10__lam0p030__nu0p50__psi0p75,hardzero_plus_depr,0.02,40,631,0.0,2,0.013913143,0.013913151,1.0728991,0.08454752,0.08454752,1.0,7.6394615e-09,9.035701e-08,-28.012463,2.3604252,0.78680843,0.120000005,0.0,0.1463042,16.409966,16.439966,2022400
hardzero_plus_depr__c0p54__z1p10__lam0p030__nu0p50__psi0p75,hardzero_plus_depr,0.02,40,632,0.0,2,0.013913151,0.01391316,0.9603695,0.10955457,0.10955457,1.0,9.678773e-09,8.83466e-08,-26.763098,2.1128552,0.7042851,0.216,0.0,0.13279486,16.439966,16.469967,2025600
hardzero_plus_depr__c0p54__z1p10__lam0p030__nu0p50__psi0p75,hardzero_plus_depr,0.02,40,633,0.0,2,0.01391316,0.0139131695,0.97831,0.105121136,0.105121136,1.0,9.080468e-09,8.638099e-08,-26.198713,2.152325,0.7174417,0.17600001,0.0,0.13155699,16.469967,16.499968,2028800
hardzero_plus_depr__c0p54__z1p10__lam0p030__nu0p50__psi0p75,hardzero_plus_depr,0.02,40,634,0.0,2,0.0139131695,0.013913178,1.0183115,0.09587126,0.09587126,1.0,8.097203e-09,8.4459124e-08,-27.366306,2.24033,0.7467767,0.14400001,0.0,0.14640652,16.499968,16.529968,2032000
hardzero_plus_depr__c0p54__z1p10__lam0p030__nu0p50__psi0p75,hardzero_plus_depr,0.02,40,635,0.0,2,0.013913178,0.013913186,0.9815196,0.1043471,0.1043471,1.0,8.616976e-09,8.257992e-08,-26.546824,2.1593862,0.7197954,0.16000001,0.0,0.16007136,16.529968,16.559969,2035200
hardzero_plus_depr__c0p54__z1p10__lam0p030__nu0p50__psi0p75,hardzero_plus_depr,0.02,40,636,0.0,2,0.013913186,0.013913194,1.0189879,0.09572208,0.09572208,1.0,7.728844e-09,8.0742545e-08,-27.666208,2.2418182,0.74727273,0.16800001,0.0,0.16776012,16.559969,16.58997,2038400
hardzero_plus_depr__c0p54__z1p10__lam0p030__nu0p50__psi0p75,hardzero_plus_depr,0.02,40,637,0.0,2,0.013913194,0.013913201,1.0286889,0.0936076,0.0936076,1.0,7.389956e-09,7.8946115e-08,-27.39035,2.2631607,0.7543869,0.17,0.0,0.16277857,16.58997,16.61997,2041600
hardzero_plus_depr__c0p54__z1p10__lam0p030__nu0p50__psi0p75,hardzero_plus_depr,0.02,40,638,0.0,2,0.013913201,0.013913209,1.0006291,0.09985527,0.09985527,1.0,7.707794e-09,7.718966e-08,-26.52008,2.201428,0.73380935,0.16000001,0.0,0.15827931,16.61997,16.649971,2044800
hardzero_plus_depr__c0p54__z1p10__lam0p030__nu0p50__psi0p75,hardzero_plus_depr,0.02,40,639,0.0,2,0.013913209,0.013913216,1.0189534,0.09572968,0.09572968,1.0,7.224931e-09,7.5472215e-08,-27.409027,2.2417424,0.74724746,0.120000005,0.0,0.13167198,16.649971,16.679972,2048000
hardzero_plus_depr__c0p54__z1p10__lam0p030__nu0p50__psi0p75,hardzero_plus_depr,0.02,40,640,0.0,2,0.013913216,0.013913223,1.0489159,0.08934785,0.08934785,1.0,6.5932433e-09,7.3792975e-08,-27.349169,2.307661,0.76922035,0.128,0.0,0.14209366,16.679972,16.709972,2051200
hardzero_plus_depr__c0p54__z1p10__lam0p030__nu0p50__psi0p75,hardzero_plus_depr,0.02,40,641,0.0,2,0.013913223,0.013913229,1.0475576,0.089627735,0.089627735,1.0,6.466746e-09,7.215117e-08,-27.47201,2.3046727,0.76822424,0.120000005,0.0,0.15462777,16.709972,16.739973,2054400
hardzero_plus_depr__c0p54__z1p10__lam0p030__nu0p50__psi0p75,hardzero_plus_depr,0.02,40,642,0.0,2,0.013913229,0.013913236,1.0124248,0.09717961,0.09717961,1.0,6.8556223e-09,7.0545894e-08,-26.602,2.227379,0.7424597,0.16800001,0.0,0.15242933,16.739973,16.769974,2057600
hardzero_plus_depr__c0p54__z1p10__lam0p030__nu0p50__psi0p75,hardzero_plus_depr,0.02,40,643,0.0,2,0.013913236,0.013913243,0.986237,0.10321981,0.10321981,1.0,7.1197173e-09,6.897627e-08,-26.634537,2.1697648,0.7232549,0.192,0.0,0.1324909,16.769974,16.799974,2060800
hardzero_plus_depr__c0p54__z1p10__lam0p030__nu0p50__psi0p75,hardzero_plus_depr,0.02,40,644,0.0,2,0.013913243,0.01391325,0.9872856,0.10297085,0.10297085,1.0,6.944515e-09,6.744156e-08,-26.925182,2.1720717,0.72402394,0.216,0.0,0.16726397,16.799974,16.829975,2064000
hardzero_plus_depr__c0p54__z1p10__lam0p030__nu0p50__psi0p75,hardzero_plus_depr,0.02,40,645,0.0,2,0.01391325,0.013913256,1.0363073,0.09197984,0.09197984,1.0,6.065249e-09,6.594107e-08,-27.966787,2.2799218,0.75997394,0.224,0.0,0.1681334,16.829975,16.859976,2067200
hardzero_plus_depr__c0p54__z1p10__lam0p030__nu0p50__psi0p75,hardzero_plus_depr,0.02,40,646,0.0,2,0.013913256,0.013913263,1.0095655,0.09782153,0.09782153,1.0,6.3069416e-09,6.447396e-08,-27.10408,2.2210884,0.7403628,0.24800001,0.0,0.154907,16.859976,16.889977,2070400
hardzero_plus_depr__c0p54__z1p10__lam0p030__nu0p50__psi0p75,hardzero_plus_depr,0.02,40,647,0.0,2,0.013913263,0.013913269,1.0096459,0.097803414,0.097803414,1.0,6.165472e-09,6.303944e-08,-26.965887,2.2212653,0.7404218,0.18400002,0.0,0.15091315,16.889977,16.919977,2073600
hardzero_plus_depr__c0p54__z1p10__lam0p030__nu0p50__psi0p75,hardzero_plus_depr,0.02,40,648,0.0,2,0.013913269,0.013913275,1.0396698,0.09127046,0.09127046,1.0,5.6256213e-09,6.1636825e-08,-26.864325,2.2873192,0.7624397,0.216,0.0,0.15994838,16.919977,16.949978,2076800
hardzero_plus_depr__c0p54__z1p10__lam0p030__nu0p50__psi0p75,hardzero_plus_depr,0.02,40,649,0.0,2,0.013913275,0.01391328,1.0439856,0.09036793,0.09036793,1.0,5.4460663e-09,6.026548e-08,-27.202963,2.2968142,0.76560473,0.136,0.0,0.17284083,16.949978,16.979979,2080000
hardzero_plus_depr__c0p54__z1p10__lam0p030__nu0p50__psi0p75,hardzero_plus_depr,0.02,40,650,0.0,2,0.01391328,0.013913287,0.9859249,0.103294,0.103294,1.0,6.086562e-09,5.892464e-08,-26.450771,2.169078,0.72302604,0.099999994,0.0,0.14226107,16.979979,17.00998,2083200
hardzero_plus_depr__c0p54__z1p10__lam0p030__nu0p50__psi0p75,hardzero_plus_depr,0.02,40,651,0.0,2,0.013913287,0.0139132915,1.0599028,0.08711584,0.08711584,1.0,5.019056e-09,5.7613583e-08,-27.364712,2.3318326,0.7772776,0.14400001,0.0,0.13548498,17.00998,17.03998,2086400
hardzero_plus_depr__c0p54__z1p10__lam0p030__nu0p50__psi0p75,hardzero_plus_depr,0.02,40,652,0.0,2,0.0139132915,0.013913298,0.94837254,0.1126231,0.1126231,1.0,6.344251e-09,5.63317e-08,-26.283278,2.0864613,0.69548714,0.17600001,0.0,0.1348391,17.03998,17.06998,2089600
hardzero_plus_depr__c0p54__z1p10__lam0p030__nu0p50__psi0p75,hardzero_plus_depr,0.02,40,653,0.0,2,0.013913298,0.013913303,1.0406157,0.091071874,0.091071874,1.0,5.016092e-09,5.5078388e-08,-26.562075,2.2894,0.7631334,0.096,0.0,0.13801286,17.06998,17.099981,2092800
hardzero_plus_depr__c0p54__z1p10__lam0p030__nu0p50__psi0p75,hardzero_plus_depr,0.02,40,654,0.0,2,0.013913303,0.013913308,0.9919484,0.10187123,0.10187123,1.0,5.486067e-09,5.3852958e-08,-26.340641,2.1823301,0.7274434,0.192,0.0,0.14716734,17.099981,17.129982,2096000
hardzero_plus_depr__c0p54__z1p10__lam0p030__nu0p50__psi0p75,hardzero_plus_depr,0.02,40,655,0.0,2,0.013913308,0.013913313,1.0720346,0.08471598,0.08471598,1.0,4.460698e-09,5.2654745e-08,-28.261616,2.3585231,0.7861744,0.16000001,0.0,0.15838672,17.129982,17.159983,2099200
hardzero_plus_depr__c0p54__z1p10__lam0p030__nu0p50__psi0p75,hardzero_plus_depr,0.02,40,656,0.0,2,0.013913313,0.0139133185,0.99658614,0.10078916,0.10078916,1.0,5.188947e-09,5.1483187e-08,-26.883566,2.1925333,0.73084444,0.16800001,0.0,0.14890683,17.159983,17.189983,2102400
hardzero_plus_depr__c0p54__z1p10__lam0p030__nu0p50__psi0p75,hardzero_plus_depr,0.02,40,657,0.0,2,0.0139133185,0.013913323,1.0196949,0.09556637,0.09556637,1.0,4.8105955e-09,5.0337746e-08,-27.017042,2.2433736,0.74779123,0.17600001,0.0,0.13552293,17.189983,17.219984,2105600
hardzero_plus_depr__c0p54__z1p10__lam0p030__nu0p50__psi0p75,hardzero_plus_depr,0.02,40,658,0.0,2,0.013913323,0.013913328,1.0413713,0.09091356,0.09091356,1.0,4.4745647e-09,4.9217796e-08,-28.068092,2.2910626,0.76368755,0.112,0.0,0.16611774,17.219984,17.249985,2108800
hardzero_plus_depr__c0p54__z1p10__lam0p030__nu0p50__psi0p75,hardzero_plus_depr,0.02,40,659,0.0,2,0.013913328,0.0139133325,1.0249826,0.094409876,0.094409876,1.0,4.5432595e-09,4.8122715e-08,-27.832699,2.2550068,0.75166893,0.120000005,0.0,0.14707276,17.249985,17.279985,2112000
hardzero_plus_depr__c0p54__z1p10__lam0p030__nu0p50__psi0p75,hardzero_plus_depr,0.02,40,660,0.0,2,0.0139133325,0.013913337,1.0060233,0.09862267,0.09862267,1.0,4.6403934e-09,4.7051994e-08,-26.978441,2.2132955,0.7377652,0.14400001,0.0,0.14396556,17.279985,17.309986,2115200
hardzero_plus_depr__c0p54__z1p10__lam0p030__nu0p50__psi0p75,hardzero_plus_depr,0.02,40,661,0.0,2,0.013913337,0.013913342,0.9856772,0.10335293,0.10335293,1.0,4.754766e-09,4.600514e-08,-26.267162,2.168533,0.72284436,0.24800001,0.008,0.14330076,17.309986,17.339987,2118400
hardzero_plus_depr__c0p54__z1p10__lam0p030__nu0p50__psi0p75,hardzero_plus_depr,0.02,40,662,0.0,2,0.013913342,0.0139133455,1.0501443,0.08909548,0.08909548,1.0,4.0076555e-09,4.4981583e-08,-27.802843,2.3103635,0.7701212,0.128,0.0,0.13781138,17.339987,17.369987,2121600
hardzero_plus_depr__c0p54__z1p10__lam0p030__nu0p50__psi0p75,hardzero_plus_depr,0.02,40,663,0.0,2,0.0139133455,0.013913349,1.0324736,0.0927954,0.0927954,1.0,4.0812123e-09,4.398076e-08,-27.404045,2.2714872,0.75716245,0.17,0.0,0.13308948,17.369987,17.399988,2124800
hardzero_plus_depr__c0p54__z1p10__lam0p030__nu0p50__psi0p75,hardzero_plus_depr,0.02,40,664,0.0,2,0.013913349,0.013913354,1.004386,0.09899519,0.09899519,1.0,4.2570103e-09,4.3002196e-08,-26.872166,2.2096932,0.7365644,0.192,0.0,0.13637121,17.399988,17.429989,2128000
hardzero_plus_depr__c0p54__z1p10__lam0p030__nu0p50__psi0p75,hardzero_plus_depr,0.02,40,665,0.0,2,0.013913354,0.013913359,0.99952406,0.10010966,0.10010966,1.0,4.2091552e-09,4.2045446e-08,-26.758184,2.1989968,0.73299897,0.15200001,0.0,0.14415286,17.429989,17.45999,2131200
hardzero_plus_depr__c0p54__z1p10__lam0p030__nu0p50__psi0p75,hardzero_plus_depr,0.02,40,666,0.0,2,0.013913359,0.013913362,0.9981251,0.10043266,0.10043266,1.0,4.1287853e-09,4.110999e-08,-26.805151,2.195919,0.73197305,0.16800001,0.0,0.14400302,17.45999,17.48999,2134400
hardzero_plus_depr__c0p54__z1p10__lam0p030__nu0p50__psi0p75,hardzero_plus_depr,0.02,40,667,0.0,2,0.013913362,0.013913366,1.0735162,0.08442747,0.08442747,1.0,3.3935876e-09,4.0195303e-08,-27.84521,2.361783,0.787261,0.112,0.0,0.14777,17.48999,17.51999,2137600
hardzero_plus_depr__c0p54__z1p10__lam0p030__nu0p50__psi0p75,hardzero_plus_depr,0.02,40,668,0.0,2,0.013913366,0.01391337,0.9827839,0.10404378,0.10404378,1.0,4.0890216e-09,3.930097e-08,-26.973059,2.1621678,0.7207226,0.136,0.0,0.124922894,17.51999,17.549992,2140800
hardzero_plus_depr__c0p54__z1p10__lam0p030__nu0p50__psi0p75,hardzero_plus_depr,0.02,40,669,0.0,2,0.01391337,0.0139133725,1.0716712,0.0847869,0.0847869,1.0,3.25807e-09,3.8426574e-08,-28.570852,2.3577237,0.7859079,0.16800001,0.0,0.17552966,17.549992,17.579992,2144000
hardzero_plus_depr__c0p54__z1p10__lam0p030__nu0p50__psi0p75,hardzero_plus_depr,0.02,40,670,0.0,2,0.0139133725,0.013913376,0.9741916,0.106122725,0.106122725,1.0,3.987203e-09,3.7571624e-08,-26.084305,2.1432643,0.71442145,0.15200001,0.0,0.11874334,17.579992,17.609993,2147200
hardzero_plus_depr__c0p54__z1p10__lam0p030__nu0p50__psi0p75,hardzero_plus_depr,0.02,40,671,0.0,2,0.013913376,0.01391338,0.9665945,0.107995465,0.107995465,1.0,3.9672856e-09,3.6735667e-08,-26.329487,2.1265504,0.70885015,0.17600001,0.0,0.13805036,17.609993,17.639994,2150400
hardzero_plus_depr__c0p54__z1p10__lam0p030__nu0p50__psi0p75,hardzero_plus_depr,0.02,40,672,0.0,2,0.01391338,0.013913384,1.0383319,0.091552064,0.091552064,1.0,3.2883953e-09,3.591831e-08,-26.949001,2.2843757,0.7614586,0.14400001,0.0,0.14384359,17.639994,17.669994,2153600
hardzero_plus_depr__c0p54__z1p10__lam0p030__nu0p50__psi0p75,hardzero_plus_depr,0.02,40,673,0.0,2,0.013913384,0.013913387,1.0089675,0.09795632,0.09795632,1.0,3.4401446e-09,3.5119168e-08,-27.922714,2.2197728,0.7399243,0.16800001,0.0,0.1574172,17.669994,17.699995,2156800
hardzero_plus_depr__c0p54__z1p10__lam0p030__nu0p50__psi0p75,hardzero_plus_depr,0.02,40,674,0.0,2,0.013913387,0.01391339,1.0336925,0.09253532,0.09253532,1.0,3.17746e-09,3.433781e-08,-27.290178,2.274169,0.75805634,0.15200001,0.0,0.1570178,17.699995,17.729996,2160000
hardzero_plus_depr__c0p54__z1p10__lam0p030__nu0p50__psi0p75,hardzero_plus_depr,0.02,40,675,0.0,2,0.01391339,0.013913394,0.9854838,0.10339895,0.10339895,1.0,3.4714958e-09,3.35738e-08,-27.196022,2.1681077,0.7227026,0.15200001,0.0,0.1510381,17.729996,17.759996,2163200
hardzero_plus_depr__c0p54__z1p10__lam0p030__nu0p50__psi0p75,hardzero_plus_depr,0.02,40,676,0.0,2,0.013913394,0.013913397,1.0262882,0.094126485,0.094126485,1.0,3.0898708e-09,3.2826794e-08,-27.314213,2.257879,0.75262636,0.17999999,0.0,0.15073426,17.759996,17.789997,2166400
hardzero_plus_depr__c0p54__z1p10__lam0p030__nu0p50__psi0p75,hardzero_plus_depr,0.02,40,677,0.0,2,0.013913397,0.0139134,1.0539584,0.088316455,0.088316455,1.0,2.8346436e-09,3.2096438e-08,-28.405193,2.318755,0.77291834,0.18400002,0.008,0.13844764,17.789997,17.819998,2169600
hardzero_plus_depr__c0p54__z1p10__lam0p030__nu0p50__psi0p75,hardzero_plus_depr,0.02,40,678,0.0,2,0.0139134,0.013913402,1.0419707,0.09078818,0.09078818,1.0,2.8491447e-09,3.138233e-08,-27.511454,2.2923813,0.76412714,0.2,0.0,0.15282357,17.819998,17.849998,2172800
hardzero_plus_depr__c0p54__z1p10__lam0p030__nu0p50__psi0p75,hardzero_plus_depr,0.02,40,679,0.0,2,0.013913402,0.013913405,1.0515617,0.08880517,0.08880517,1.0,2.724905e-09,3.068408e-08,-27.9642,2.313482,0.7711607,0.15200001,0.0,0.15217888,17.849998,17.88,2176000
hardzero_plus_depr__c0p54__z1p10__lam0p030__nu0p50__psi0p75,hardzero_plus_depr,0.02,40,680,0.0,2,0.013913405,0.013913408,1.044881,0.09018182,0.09018182,1.0,2.7055778e-09,3.0001367e-08,-27.90934,2.298784,0.76626134,0.08800001,0.0,0.14600737,17.88,17.91,2179200
hardzero_plus_depr__c0p54__z1p10__lam0p030__nu0p50__psi0p75,hardzero_plus_depr,0.02,40,681,0.0,2,0.013913408,0.013913411,1.0584508,0.08740759,0.08740759,1.0,2.564003e-09,2.9333872e-08,-27.939844,2.3286383,0.7762128,0.136,0.0,0.15617701,17.91,17.94,2182400
hardzero_plus_depr__c0p54__z1p10__lam0p030__nu0p50__psi0p75,hardzero_plus_depr,0.02,40,682,0.0,2,0.013913411,0.0139134135,0.9846643,0.10359425,0.10359425,1.0,2.9712104e-09,2.8681228e-08,-26.659506,2.1663048,0.7221016,0.192,0.0,0.16184065,17.94,17.970001,2185600
hardzero_plus_depr__c0p54__z1p10__lam0p030__nu0p50__psi0p75,hardzero_plus_depr,0.02,40,683,0.0,2,0.0139134135,0.013913416,0.9820959,0.104208715,0.104208715,1.0,2.9223335e-09,2.804308e-08,-26.869106,2.160654,0.72021806,0.136,0.0,0.17363572,17.970001,18.000002,2188800
hardzero_plus_depr__c0p54__z1p10__lam0p030__nu0p50__psi0p75,hardzero_plus_depr,0.02,40,684,0.0,2,0.013913416,0.013913419,0.9651005,0.1083676,0.1083676,1.0,2.9713454e-09,2.741913e-08,-26.124397,2.1232636,0.70775455,0.208,0.008,0.12205742,18.000002,18.030003,2192000
hardzero_plus_depr__c0p54__z1p10__lam0p030__nu0p50__psi0p75,hardzero_plus_depr,0.02,40,685,0.0,2,0.013913419,0.013913422,0.9321628,0.11690609,0.11690609,1.0,3.1341456e-09,2.6809087e-08,-26.048357,2.0507991,0.6835997,0.15200001,0.0,0.119376175,18.030003,18.060003,2195200
hardzero_plus_depr__c0p54__z1p10__lam0p030__nu0p50__psi0p75,hardzero_plus_depr,0.02,40,686,0.0,2,0.013913422,0.013913425,1.0356643,0.092116125,0.092116125,1.0,2.4146045e-09,2.6212616e-08,-26.971361,2.278507,0.75950235,0.16000001,0.0,0.14045827,18.060003,18.090004,2198400
hardzero_plus_depr__c0p54__z1p10__lam0p030__nu0p50__psi0p75,hardzero_plus_depr,0.02,40,687,0.0,2,0.013913425,0.0139134275,1.0313019,0.0930461,0.0930461,1.0,2.3847149e-09,2.5629392e-08,-27.403406,2.2689095,0.7563032,0.15200001,0.0,0.13724521,18.090004,18.120005,2201600
hardzero_plus_depr__c0p54__z1p10__lam0p030__nu0p50__psi0p75,hardzero_plus_depr,0.02,40,688,0.0,2,0.0139134275,0.01391343,1.009189,0.09790637,0.09790637,1.0,2.45345e-09,2.5059146e-08,-27.285414,2.2202601,0.74008673,0.080000006,0.0,0.120331906,18.120005,18.150005,2204800
hardzero_plus_depr__c0p54__z1p10__lam0p030__nu0p50__psi0p75,hardzero_plus_depr,0.02,40,689,0.0,2,0.01391343,0.013913433,1.0132545,0.09699413,0.09699413,1.0,2.3765123e-09,2.450161e-08,-26.950256,2.2292044,0.74306816,0.17,0.0,0.17530864,18.150005,18.180006,2208000
hardzero_plus_depr__c0p54__z1p10__lam0p030__nu0p50__psi0p75,hardzero_plus_depr,0.02,40,690,0.0,2,0.013913433,0.013913435,1.0746008,0.08421689,0.08421689,1.0,2.0175404e-09,2.395648e-08,-27.88801,2.3641691,0.7880564,0.112,0.0,0.1522138,18.180006,18.210007,2211200
hardzero_plus_depr__c0p54__z1p10__lam0p030__nu0p50__psi0p75,hardzero_plus_depr,0.02,40,691,0.0,2,0.013913435,0.013913437,1.005011,0.0988528,0.0988528,1.0,2.3154738e-09,2.3423453e-08,-27.430017,2.2110684,0.7370228,0.104,0.0,0.14862432,18.210007,18.240007,2214400
hardzero_plus_depr__c0p54__z1p10__lam0p030__nu0p50__psi0p75,hardzero_plus_depr,0.02,40,692,0.0,2,0.013913437,0.01391344,0.97711164,0.10541159,0.10541159,1.0,2.4141664e-09,2.2902286e-08,-27.11539,2.1496885,0.71656287,0.192,0.0,0.13245197,18.240007,18.270008,2217600
hardzero_plus_depr__c0p54__z1p10__lam0p030__nu0p50__psi0p75,hardzero_plus_depr,0.02,40,693,0.0,2,0.01391344,0.013913441,1.0189521,0.09572995,0.09572995,1.0,2.1436555e-09,2.2392737e-08,-27.137707,2.2417395,0.7472465,0.192,0.0,0.15743457,18.270008,18.300009,2220800
hardzero_plus_depr__c0p54__z1p10__lam0p030__nu0p50__psi0p75,hardzero_plus_depr,0.02,40,694,0.0,2,0.013913441,0.013913443,1.001509,0.099653155,0.099653155,1.0,2.1818587e-09,2.1894527e-08,-27.613932,2.2033637,0.7344546,0.16800001,0.008,0.16648759,18.300009,18.33001,2224000
hardzero_plus_depr__c0p54__z1p10__lam0p030__nu0p50__psi0p75,hardzero_plus_depr,0.02,40,695,0.0,2,0.013913443,0.013913445,1.0381384,0.09159285,0.09159285,1.0,1.9607629e-09,2.140738e-08,-27.580233,2.28395,0.7613167,0.136,0.0,0.18549974,18.33001,18.36001,2227200
hardzero_plus_depr__c0p54__z1p10__lam0p030__nu0p50__psi0p75,hardzero_plus_depr,0.02,40,696,0.0,2,0.013913445,0.013913447,1.0409892,0.09099358,0.09099358,1.0,1.9045931e-09,2.093107e-08,-27.722536,2.290222,0.76340735,0.128,0.0,0.20739923,18.36001,18.39001,2230400
hardzero_plus_depr__c0p54__z1p10__lam0p030__nu0p50__psi0p75,hardzero_plus_depr,0.02,40,697,0.0,2,0.013913447,0.013913449,1.0175802,0.09603285,0.09603285,1.0,1.9653488e-09,2.046538e-08,-25.887844,2.2387211,0.7462404,0.16000001,0.0,0.15951155,18.39001,18.420012,2233600
hardzero_plus_depr__c0p54__z1p10__lam0p030__nu0p50__psi0p75,hardzero_plus_depr,0.02,40,698,0.0,2,0.013913449,0.013913451,1.0406246,0.09107001,0.09107001,1.0,1.8223154e-09,2.0010049e-08,-27.077785,2.28942,0.76313996,0.16000001,0.0,0.12396017,18.420012,18.450012,2236800
hardzero_plus_depr__c0p54__z1p10__lam0p030__nu0p50__psi0p75,hardzero_plus_depr,0.02,40,699,0.0,2,0.013913451,0.013913453,0.99394125,0.10140485,0.10140485,1.0,1.9839688e-09,1.9564832e-08,-27.038841,2.1867144,0.72890484,0.15200001,0.0,0.1332292,18.450012,18.480013,2240000
hardzero_plus_depr__c0p54__z1p10__lam0p030__nu0p50__psi0p75,hardzero_plus_depr,0.02,40,700,0.0,2,0.013913453,0.0139134545,0.9687663,0.10745674,0.10745674,1.0,2.055596e-09,1.912952e-08,-26.464119,2.1313283,0.7104428,0.18400002,0.0,0.18410663,18.480013,18.510014,2243200
hardzero_plus_depr__c0p54__z1p10__lam0p030__nu0p50__psi0p75,hardzero_plus_depr,0.02,40,701,0.0,2,0.0139134545,0.013913456,1.0997757,0.07947385,0.07947385,1.0,1.486472e-09,1.8703911e-08,-28.16092,2.4195547,0.80651826,0.120000005,0.0,0.15951024,18.510014,18.540014,2246400
hardzero_plus_depr__c0p54__z1p10__lam0p030__nu0p50__psi0p75,hardzero_plus_depr,0.02,40,702,0.0,2,0.013913456,0.013913458,0.98360646,0.10384691,0.10384691,1.0,1.8991284e-09,1.8287771e-08,-26.465132,2.1639774,0.7213258,0.21,0.0,0.13835943,18.540014,18.570015,2249600
hardzero_plus_depr__c0p54__z1p10__lam0p030__nu0p50__psi0p75,hardzero_plus_depr,0.02,40,703,0.0,2,0.013913458,0.01391346,0.94992954,0.11222006,0.11222006,1.0,2.0065924e-09,1.7880872e-08,-26.283602,2.0898867,0.6966289,0.224,0.0,0.13537483,18.570015,18.600016,2252800
hardzero_plus_depr__c0p54__z1p10__lam0p030__nu0p50__psi0p75,hardzero_plus_depr,0.02,40,704,0.0,2,0.01391346,0.013913462,1.0240742,0.094607554,0.094607554,1.0,1.6540266e-09,1.7483028e-08,-27.576895,2.2530081,0.7510027,0.14400001,0.0,0.12805036,18.600016,18.630016,2256000
hardzero_plus_depr__c0p54__z1p10__lam0p030__nu0p50__psi0p75,hardzero_plus_depr,0.02,40,705,0.0,2,0.013913462,0.013913464,0.99839896,0.10036933,0.10036933,1.0,1.7157186e-09,1.7094052e-08,-26.839165,2.1965215,0.73217386,0.16000001,0.0,0.14094394,18.630016,18.660017,2259200
hardzero_plus_depr__c0p54__z1p10__lam0p030__nu0p50__psi0p75,hardzero_plus_depr,0.02,40,706,0.0,2,0.013913464,0.013913466,0.988995,0.10256636,0.10256636,1.0,1.7142665e-09,1.671373e-08,-26.442423,2.1758325,0.72527754,0.192,0.0,0.12678982,18.660017,18.690018,2262400
hardzero_plus_depr__c0p54__z1p10__lam0p030__nu0p50__psi0p75,hardzero_plus_depr,0.02,40,707,0.0,2,0.013913466,0.0139134675,1.0251372,0.09437627,0.09437627,1.0,1.5422833e-09,1.6341854e-08,-27.204502,2.2553468,0.7517823,0.17600001,0.0,0.14385477,18.690018,18.720018,2265600
hardzero_plus_depr__c0p54__z1p10__lam0p030__nu0p50__psi0p75,hardzero_plus_depr,0.02,40,708,0.0,2,0.0139134675,0.013913468,1.0987061,0.07966983,0.07966983,1.0,1.2729846e-09,1.5978252e-08,-28.648626,2.4172018,0.8057339,0.128,0.0,0.16503139,18.720018,18.75002,2268800
hardzero_plus_depr__c0p54__z1p10__lam0p030__nu0p50__psi0p75,hardzero_plus_depr,0.02,40,709,0.0,2,0.013913468,0.01391347,1.0215641,0.095155925,0.095155925,1.0,1.4865976e-09,1.5622755e-08,-27.377138,2.2474859,0.74916196,0.16000001,0.0,0.14374995,18.75002,18.78002,2272000
hardzero_plus_depr__c0p54__z1p10__lam0p030__nu0p50__psi0p75,hardzero_plus_depr,0.02,40,710,0.0,2,0.01391347,0.013913472,1.0175645,0.0960363,0.0960363,1.0,1.4669704e-09,1.5275166e-08,-27.306204,2.2386868,0.74622893,0.18400002,0.0,0.1590854,18.78002,18.81002,2275200
hardzero_plus_depr__c0p54__z1p10__lam0p030__nu0p50__psi0p75,hardzero_plus_depr,0.02,40,711,0.0,2,0.013913472,0.013913474,1.025926,0.09420499,0.09420499,1.0,1.4069798e-09,1.49353e-08,-27.257355,2.2570822,0.75236076,0.16800001,0.0,0.16522512,18.81002,18.840021,2278400
hardzero_plus_depr__c0p54__z1p10__lam0p030__nu0p50__psi0p75,hardzero_plus_depr,0.02,40,712,0.0,2,0.013913474,0.013913475,1.022023,0.09505545,0.09505545,1.0,1.388094e-09,1.4602992e-08,-27.596033,2.2484953,0.7494985,0.208,0.0,0.15326029,18.840021,18.870022,2281600
hardzero_plus_depr__c0p54__z1p10__lam0p030__nu0p50__psi0p75,hardzero_plus_depr,0.02,40,713,0.0,2,0.013913475,0.013913476,1.0106851,0.09756968,0.09756968,1.0,1.3931091e-09,1.4278093e-08,-26.93113,2.2235515,0.7411839,0.208,0.0,0.16155055,18.870022,18.900023,2284800
hardzero_plus_depr__c0p54__z1p10__lam0p030__nu0p50__psi0p75,hardzero_plus_depr,0.02,40,714,0.0,2,0.013913476,0.013913477,1.0063301,0.098552994,0.098552994,1.0,1.3758414e-09,1.3960423e-08,-27.116938,2.2139704,0.73799014,0.2,0.0,0.16021155,18.900023,18.930023,2288000
hardzero_plus_depr__c0p54__z1p10__lam0p030__nu0p50__psi0p75,hardzero_plus_depr,0.02,40,715,0.0,2,0.013913477,0.013913477,1.1136295,0.0,0.07697869,0.0,0.0,1.36498075e-08,-29.471056,2.4500337,0.8166779,0.12,0.0,0.14872605,18.930023,18.960024,2291200
hardzero_plus_depr__c0p54__z1p10__lam0p030__nu0p50__psi0p75,hardzero_plus_depr,0.02,40,716,0.0,2,0.013913477,0.013913478,1.0683663,0.08543458,0.08543458,1.0,1.1402186e-09,1.3346102e-08,-28.21656,2.3504527,0.7834842,0.136,0.0,0.15445192,18.960024,18.990025,2294400
hardzero_plus_depr__c0p54__z1p10__lam0p030__nu0p50__psi0p75,hardzero_plus_depr,0.02,40,717,0.0,2,0.013913478,0.013913479,1.0697926,0.08515445,0.08515445,1.0,1.1111947e-09,1.3049168e-08,-28.47372,2.3535907,0.7845303,0.120000005,0.0,0.15268636,18.990025,19.020025,2297600
hardzero_plus_depr__c0p54__z1p10__lam0p030__nu0p50__psi0p75,hardzero_plus_depr,0.02,40,718,0.0,2,0.013913479,0.01391348,1.00631,0.09855758,0.09855758,1.0,1.2574802e-09,1.2758839e-08,-27.27976,2.213926,0.73797536,0.128,0.0,0.14340106,19.020025,19.050026,2300800
hardzero_plus_depr__c0p54__z1p10__lam0p030__nu0p50__psi0p75,hardzero_plus_depr,0.02,40,719,0.0,2,0.01391348,0.013913481,1.014255,0.09677092,0.09677092,1.0,1.2072133e-09,1.247496e-08,-26.405195,2.2314057,0.74380195,0.2,0.0,0.1416168,19.050026,19.080027,2304000
hardzero_plus_depr__c0p54__z1p10__lam0p030__nu0p50__psi0p75,hardzero_plus_depr,0.02,40,720,0.0,2,0.013913481,0.0139134815,1.0055395,0.09873258,0.09873258,1.0,1.2042802e-09,1.2197394e-08,-27.500935,2.2122312,0.7374104,0.14400001,0.0,0.15574236,19.080027,19.110027,2307200
hardzero_plus_depr__c0p54__z1p10__lam0p030__nu0p50__psi0p75,hardzero_plus_depr,0.02,40,721,0.0,2,0.0139134815,0.013913482,0.99931717,0.10015736,0.10015736,1.0,1.1944784e-09,1.19260175e-08,-27.45216,2.1985416,0.7328472,0.16000001,0.0,0.1254917,19.110027,19.140028,2310400
hardzero_plus_depr__c0p54__z1p10__lam0p030__nu0p50__psi0p75,hardzero_plus_depr,0.02,40,722,0.0,2,0.013913482,0.013913483,1.035153,0.092224635,0.092224635,1.0,1.0754018e-09,1.1660678e-08,-26.915552,2.2773821,0.7591274,0.216,0.0,0.16196284,19.140028,19.170029,2313600
hardzero_plus_depr__c0p54__z1p10__lam0p030__nu0p50__psi0p75,hardzero_plus_depr,0.02,40,723,0.0,2,0.013913483,0.013913484,1.0591788,0.08726119,0.08726119,1.0,9.94885e-10,1.140123e-08,-27.725485,2.33024,0.7767467,0.15200001,0.0,0.17358214,19.170029,19.20003,2316800
hardzero_plus_depr__c0p54__z1p10__lam0p030__nu0p50__psi0p75,hardzero_plus_depr,0.02,40,724,0.0,2,0.013913484,0.013913485,1.0600685,0.08708262,0.08708262,1.0,9.707584e-10,1.1147556e-08,-28.119947,2.3321972,0.77739906,0.136,0.0,0.15008767,19.20003,19.23003,2320000
hardzero_plus_depr__c0p54__z1p10__lam0p030__nu0p50__psi0p75,hardzero_plus_depr,0.02,40,725,0.0,2,0.013913485,0.013913486,1.0329156,0.092701,0.092701,1.0,1.010398e-09,1.0899536e-08,-27.599634,2.2724597,0.7574866,0.15200001,0.0,0.14234866,19.23003,19.26003,2323200
hardzero_plus_depr__c0p54__z1p10__lam0p030__nu0p50__psi0p75,hardzero_plus_depr,0.02,40,726,0.0,2,0.013913486,0.013913487,1.0120381,0.09726618,0.09726618,1.0,1.036569e-09,1.0657034e-08,-26.606,2.2265284,0.7421762,0.16000001,0.0,0.12010857,19.26003,19.290031,2326400
hardzero_plus_depr__c0p54__z1p10__lam0p030__nu0p50__psi0p75,hardzero_plus_depr,0.02,40,727,0.0,2,0.013913487,0.013913488,0.99615383,0.100889534,0.100889534,1.0,1.0512607e-09,1.0419919e-08,-26.9243,2.1915822,0.7305274,0.15200001,0.0,0.14749734,19.290031,19.320032,2329600
hardzero_plus_depr__c0p54__z1p10__lam0p030__nu0p50__psi0p75,hardzero_plus_depr,0.02,40,728,0.0,2,0.013913488,0.013913489,0.9757379,0.10574555,0.10574555,1.0,1.0773439e-09,1.0188078e-08,-26.365347,2.1466663,0.7155554,0.21,0.0,0.12978615,19.320032,19.350033,2332800
hardzero_plus_depr__c0p54__z1p10__lam0p030__nu0p50__psi0p75,hardzero_plus_depr,0.02,40,729,0.0,2,0.013913489,0.01391349,1.0053853,0.098767646,0.098767646,1.0,9.838645e-10,9.961405e-09,-26.834246,2.2118917,0.73729724,0.16800001,0.0,0.14096914,19.350033,19.380033,2336000
hardzero_plus_depr__c0p54__z1p10__lam0p030__nu0p50__psi0p75,hardzero_plus_depr,0.02,40,730,0.0,2,0.01391349,0.013913491,1.08883,0.081502326,0.081502326,1.0,7.938144e-10,9.739776e-09,-28.437752,2.3954737,0.79849124,0.120000005,0.0,0.16202408,19.380033,19.410034,2339200
hardzero_plus_depr__c0p54__z1p10__lam0p030__nu0p50__psi0p75,hardzero_plus_depr,0.02,40,731,0.0,2,0.013913491,0.013913492,1.0520948,0.08869624,0.08869624,1.0,8.4466045e-10,9.5230694e-09,-27.790386,2.3146548,0.7715516,0.136,0.0,0.18725334,19.410034,19.440035,2342400
hardzero_plus_depr__c0p54__z1p10__lam0p030__nu0p50__psi0p75,hardzero_plus_depr,0.02,40,732,0.0,2,0.013913492,0.013913493,1.0162205,0.09633399,0.09633399,1.0,8.969834e-10,9.311183e-09,-27.124239,2.2357297,0.74524325,0.14400001,0.0,0.14820331,19.440035,19.470036,2345600
hardzero_plus_depr__c0p54__z1p10__lam0p030__nu0p50__psi0p75,hardzero_plus_depr,0.02,40,733,0.0,2,0.013913493,0.013913494,1.0407742,0.091038644,0.091038644,1.0,8.288176e-10,9.10402e-09,-27.952427,2.289749,0.76324964,0.128,0.0,0.16539009,19.470036,19.500036,2348800
hardzero_plus_depr__c0p54__z1p10__lam0p030__nu0p50__psi0p75,hardzero_plus_depr,0.02,40,734,0.0,2,0.013913494,0.013913495,1.0378115,0.09166182,0.09166182,1.0,8.159246e-10,8.901466e-09,-28.128117,2.283231,0.76107705,0.16000001,0.0,0.16160178,19.500036,19.530037,2352000
hardzero_plus_depr__c0p54__z1p10__lam0p030__nu0p50__psi0p75,hardzero_plus_depr,0.02,40,735,0.0,2,0.013913495,0.0139134955,1.0193892,0.095633686,0.095633686,1.0,8.3233936e-10,8.703412e-09,-27.613285,2.2427008,0.74756694,0.2,0.008,0.1855246,19.530037,19.560038,2355200
hardzero_plus_depr__c0p54__z1p10__lam0p030__nu0p50__psi0p75,hardzero_plus_depr,0.02,40,736,0.0,2,0.0139134955,0.013913496,1.0281516,0.093723476,0.093723476,1.0,7.975646e-10,8.509764e-09,-27.181494,2.2619789,0.753993,0.120000005,0.0,0.14556776,19.560038,19.590038,2358400
hardzero_plus_depr__c0p54__z1p10__lam0p030__nu0p50__psi0p75,hardzero_plus_depr,0.02,40,737,0.0,2,0.013913496,0.013913497,0.9668793,0.107924655,0.107924655,1.0,8.979797e-10,8.3204315e-09,-25.736723,2.127177,0.709059,0.15200001,0.0,0.123433866,19.590038,19.620039,2361600
hardzero_plus_depr__c0p54__z1p10__lam0p030__nu0p50__psi0p75,hardzero_plus_depr,0.02,40,738,0.0,2,0.013913497,0.013913498,0.96809417,0.107623175,0.107623175,1.0,8.755481e-10,8.135312e-09,-25.711454,2.1298497,0.7099499,0.16000001,0.0,0.122288845,19.620039,19.65004,2364800
hardzero_plus_depr__c0p54__z1p10__lam0p030__nu0p50__psi0p75,hardzero_plus_depr,0.02,40,739,0.0,2,0.013913498,0.013913499,1.0656004,0.085980415,0.085980415,1.0,6.8391426e-10,7.954303e-09,-27.565466,2.3443677,0.78145593,0.128,0.0,0.16760372,19.65004,19.68004,2368000
hardzero_plus_depr__c0p54__z1p10__lam0p030__nu0p50__psi0p75,hardzero_plus_depr,0.02,40,740,0.0,2,0.013913499,0.0139135,1.0280757,0.09373985,0.09373985,1.0,7.29045e-10,7.777322e-09,-27.617378,2.2618117,0.75393724,0.17600001,0.0,0.12796712,19.68004,19.710041,2371200
hardzero_plus_depr__c0p54__z1p10__lam0p030__nu0p50__psi0p75,hardzero_plus_depr,0.02,40,741,0.0,2,0.0139135,0.013913501,1.0408967,0.091012985,0.091012985,1.0,6.920888e-10,7.604286e-09,-27.976156,2.2900183,0.76333946,0.12,0.0,0.15170936,19.710041,19.740042,2374400
hardzero_plus_depr__c0p54__z1p10__lam0p030__nu0p50__psi0p75,hardzero_plus_depr,0.02,40,742,0.0,2,0.013913501,0.013913502,0.99498767,0.101160824,0.101160824,1.0,7.521408e-10,7.4350996e-09,-26.41501,2.1890166,0.7296722,0.208,0.0,0.1408064,19.740042,19.770042,2377600
hardzero_plus_depr__c0p54__z1p10__lam0p030__nu0p50__psi0p75,hardzero_plus_depr,0.02,40,743,0.0,2,0.013913502,0.013913503,1.0531213,0.088486835,0.088486835,1.0,6.4327016e-10,7.2696706e-09,-27.886383,2.3169131,0.7723044,0.112,0.0,0.1407944,19.770042,19.800043,2380800
hardzero_plus_depr__c0p54__z1p10__lam0p030__nu0p50__psi0p75,hardzero_plus_depr,0.02,40,744,0.0,2,0.013913503,0.013913504,1.0173802,0.09607706,0.09607706,1.0,6.8290834e-10,7.1079227e-09,-26.698227,2.2382812,0.74609375,0.120000005,0.0,0.14869082,19.800043,19.830044,2384000
hardzero_plus_depr__c0p54__z1p10__lam0p030__nu0p50__psi0p75,hardzero_plus_depr,0.02,40,745,0.0,2,0.013913504,0.013913505,1.0378567,0.09165229,0.09165229,1.0,6.3696326e-10,6.94978e-09,-27.991262,2.2833304,0.7611102,0.112,0.0,0.14007409,19.830044,19.860044,2387200
hardzero_plus_depr__c0p54__z1p10__lam0p030__nu0p50__psi0p75,hardzero_plus_depr,0.02,40,746,0.0,2,0.013913505,0.013913506,1.0169699,0.096167885,0.096167885,1.0,6.534758e-10,6.795156e-09,-26.255571,2.2373786,0.74579287,0.16800001,0.0,0.14804502,19.860044,19.890045,2390400
hardzero_plus_depr__c0p54__z1p10__lam0p030__nu0p50__psi0p75,hardzero_plus_depr,0.02,40,747,0.0,2,0.013913506,0.013913507,1.0317264,0.09295519,0.09295519,1.0,6.17591e-10,6.643965e-09,-28.142633,2.2698433,0.75661445,0.136,0.0,0.14895195,19.890045,19.920046,2393600
hardzero_plus_depr__c0p54__z1p10__lam0p030__nu0p50__psi0p75,hardzero_plus_depr,0.02,40,748,0.0,2,0.013913507,0.013913508,0.95169246,0.111765444,0.111765444,1.0,7.2604384e-10,6.4961387e-09,-25.651049,2.0937653,0.69792175,0.18400002,0.0,0.123239696,19.920046,19.950047,2396800
hardzero_plus_depr__c0p54__z1p10__lam0p030__nu0p50__psi0p75,hardzero_plus_depr,0.02,40,749,0.0,2,0.013913508,0.0139135085,1.0491481,0.08930008,0.08930008,1.0,5.6719907e-10,6.3516072e-09,-28.179176,2.3081717,0.7693906,0.18400002,0.0,0.18510258,19.950047,19.980047,2400000
hardzero_plus_depr__c0p54__z1p10__lam0p030__nu0p50__psi0p75,hardzero_plus_depr,0.02,40,750,0.0,2,0.0139135085,0.013913509,0.94375294,0.11382747,0.11382747,1.0,7.069018e-10,6.210292e-09,-26.286377,2.076298,0.69209933,0.216,0.0,0.12603275,19.980047,20.010048,2403200
hardzero_plus_depr__c0p54__z1p10__lam0p030__nu0p50__psi0p75,hardzero_plus_depr,0.02,40,751,0.0,2,0.013913509,0.01391351,1.0329856,0.09268606,0.09268606,1.0,5.6280036e-10,6.0721144e-09,-27.688416,2.2726135,0.75753784,0.14400001,0.0,0.14295177,20.010048,20.040049,2406400
hardzero_plus_depr__c0p54__z1p10__lam0p030__nu0p50__psi0p75,hardzero_plus_depr,0.02,40,752,0.0,2,0.01391351,0.013913511,1.0541539,0.088276684,0.088276684,1.0,5.2409965e-10,5.9370113e-09,-27.141336,2.319185,0.7730617,0.072000004,0.0,0.13672592,20.040049,20.07005,2409600
hardzero_plus_depr__c0p54__z1p10__lam0p030__nu0p50__psi0p75,hardzero_plus_depr,0.02,40,753,0.0,2,0.013913511,0.013913512,1.0510474,0.0889104,0.0889104,1.0,5.1611776e-10,5.8049197e-09,-27.783474,2.3123505,0.77078354,0.112,0.0,0.16859995,20.07005,20.10005,2412800
hardzero_plus_depr__c0p54__z1p10__lam0p030__nu0p50__psi0p75,hardzero_plus_depr,0.02,40,754,0.0,2,0.013913512,0.013913513,0.944762,0.113563284,0.113563284,1.0,6.445588e-10,5.6757674e-09,-26.394222,2.078518,0.6928393,0.13,0.0,0.14088273,20.10005,20.13005,2416000
hardzero_plus_depr__c0p54__z1p10__lam0p030__nu0p50__psi0p75,hardzero_plus_depr,0.02,40,755,0.0,2,0.013913513,0.013913514,1.0440586,0.090352766,0.090352766,1.0,5.0141113e-10,5.549483e-09,-28.20656,2.2969747,0.76565826,0.15200001,0.0,0.14372025,20.13005,20.160051,2419200
hardzero_plus_depr__c0p54__z1p10__lam0p030__nu0p50__psi0p75,hardzero_plus_depr,0.02,40,756,0.0,2,0.013913514,0.013913515,1.058018,0.087494746,0.087494746,1.0,4.747473e-10,5.426009e-09,-26.89581,2.327686,0.77589536,0.15200001,0.0,0.1394825,20.160051,20.190052,2422400
hardzero_plus_depr__c0p54__z1p10__lam0p030__nu0p50__psi0p75,hardzero_plus_depr,0.02,40,757,0.0,2,0.013913515,0.013913515,1.0633262,0.08643185,0.08643185,1.0,4.5854573e-10,5.3052864e-09,-28.048967,2.3393645,0.7797882,0.14400001,0.0,0.14152221,20.190052,20.220053,2425600
hardzero_plus_depr__c0p54__z1p10__lam0p030__nu0p50__psi0p75,hardzero_plus_depr,0.02,40,758,0.0,2,0.013913515,0.013913516,0.9939635,0.10139966,0.10139966,1.0,5.259855e-10,5.1872506e-09,-26.742939,2.1867633,0.7289211,0.16000001,0.0,0.15964791,20.220053,20.250053,2428800
hardzero_plus_depr__c0p54__z1p10__lam0p030__nu0p50__psi0p75,hardzero_plus_depr,0.02,40,759,0.0,2,0.013913516,0.013913517,0.98155457,0.10433869,0.10433869,1.0,5.2918864e-10,5.0718354e-09,-25.734747,2.1594632,0.7198211,0.128,0.0,0.14370222,20.250053,20.280054,2432000
hardzero_plus_depr__c0p54__z1p10__lam0p030__nu0p50__psi0p75,hardzero_plus_depr,0.02,40,760,0.0,2,0.013913517,0.013913518,0.9977877,0.1005107,0.1005107,1.0,4.984314e-10,4.9589883e-09,-26.803408,2.1951768,0.73172563,0.2,0.0,0.14384112,20.280054,20.310055,2435200
hardzero_plus_depr__c0p54__z1p10__lam0p030__nu0p50__psi0p75,hardzero_plus_depr,0.02,40,761,0.0,2,0.013913518,0.013913519,1.0120625,0.097260706,0.097260706,1.0,4.715838e-10,4.848657e-09,-26.95876,2.226582,0.74219406,0.15200001,0.0,0.16840708,20.310055,20.340055,2438400
hardzero_plus_depr__c0p54__z1p10__lam0p030__nu0p50__psi0p75,hardzero_plus_depr,0.02,40,762,0.0,2,0.013913519,0.013913519,1.0214379,0.09518359,0.09518359,1.0,4.5124443e-10,4.7407798e-09,-27.149986,2.247208,0.7490694,0.096,0.0,0.16292727,20.340055,20.370056,2441600
hardzero_plus_depr__c0p54__z1p10__lam0p030__nu0p50__psi0p75,hardzero_plus_depr,0.02,40,763,0.0,2,0.013913519,0.01391352,0.9722461,0.10659919,0.10659919,1.0,4.941191e-10,4.635299e-09,-25.817894,2.1389842,0.71299475,0.16800001,0.0,0.13545416,20.370056,20.400057,2444800
hardzero_plus_depr__c0p54__z1p10__lam0p030__nu0p50__psi0p75,hardzero_plus_depr,0.02,40,764,0.0,2,0.01391352,0.013913521,0.9801088,0.104686625,0.104686625,1.0,4.7445703e-10,4.532165e-09,-26.873825,2.1562824,0.71876085,0.112,0.0,0.13071096,20.400057,20.430058,2448000
hardzero_plus_depr__c0p54__z1p10__lam0p030__nu0p50__psi0p75,hardzero_plus_depr,0.02,40,765,0.0,2,0.013913521,0.013913521,0.99222046,0.101807445,0.101807445,1.0,4.5114235e-10,4.4313295e-09,-26.99463,2.1829286,0.7276429,0.216,0.0,0.14948428,20.430058,20.460058,2451200
hardzero_plus_depr__c0p54__z1p10__lam0p030__nu0p50__psi0p75,hardzero_plus_depr,0.02,40,766,0.0,2,0.013913521,0.013913521,1.0621406,0.08666811,0.08666811,1.0,3.7551023e-10,4.332738e-09,-27.620716,2.336756,0.7789187,0.136,0.0,0.17003812,20.460058,20.490059,2454400
hardzero_plus_depr__c0p54__z1p10__lam0p030__nu0p50__psi0p75,hardzero_plus_depr,0.02,40,767,0.0,2,0.013913521,0.013913522,0.9526117,0.11152913,0.11152913,1.0,4.7247484e-10,4.2363357e-09,-26.058502,2.0957875,0.6985959,0.19999999,0.0,0.13747366,20.490059,20.52006,2457600
hardzero_plus_depr__c0p54__z1p10__lam0p030__nu0p50__psi0p75,hardzero_plus_depr,0.02,40,768,0.0,2,0.013913522,0.013913522,0.99395764,0.10140103,0.10140103,1.0,4.20011e-10,4.1420782e-09,-26.555481,2.1867504,0.7289168,0.16800001,0.0,0.14541718,20.52006,20.55006,2460800
hardzero_plus_depr__c0p54__z1p10__lam0p030__nu0p50__psi0p75,hardzero_plus_depr,0.02,40,769,0.0,2,0.013913522,0.013913522,1.003474,0.09920327,0.09920327,1.0,4.0176548e-10,4.0499217e-09,-27.429073,2.207687,0.73589563,0.18400002,0.0,0.16121659,20.55006,20.580061,2464000
hardzero_plus_depr__c0p54__z1p10__lam0p030__nu0p50__psi0p75,hardzero_plus_depr,0.02,40,770,0.0,2,0.013913522,0.013913522,1.0558845,0.087925635,0.087925635,1.0,3.4816933e-10,3.959816e-09,-27.343058,2.3229923,0.7743308,0.096,0.0,0.14083925,20.580061,20.610062,2467200
hardzero_plus_depr__c0p54__z1p10__lam0p030__nu0p50__psi0p75,hardzero_plus_depr,0.02,40,771,0.0,2,0.013913522,0.013913522,0.9839131,0.103773594,0.103773594,1.0,4.017814e-10,3.8717114e-09,-25.853777,2.164652,0.7215507,0.17600001,0.0,0.13120037,20.610062,20.640062,2470400
hardzero_plus_depr__c0p54__z1p10__lam0p030__nu0p50__psi0p75,hardzero_plus_depr,0.02,40,772,0.0,2,0.013913522,0.013913522,1.0150961,0.09658372,0.09658372,1.0,3.656241e-10,3.7855665e-09,-27.2003,2.2332559,0.7444186,0.15200001,0.0,0.14209042,20.640062,20.670063,2473600
hardzero_plus_depr__c0p54__z1p10__lam0p030__nu0p50__psi0p75,hardzero_plus_depr,0.02,40,773,0.0,2,0.013913522,0.013913522,0.9725368,0.106527835,0.106527835,1.0,3.9429598e-10,3.7013423e-09,-27.253618,2.1396236,0.7132079,0.224,0.0,0.1621564,20.670063,20.700064,2476800
hardzero_plus_depr__c0p54__z1p10__lam0p030__nu0p50__psi0p75,hardzero_plus_depr,0.02,40,774,0.0,2,0.013913522,0.013913522,1.025296,0.09434177,0.09434177,1.0,3.414221e-10,3.618992e-09,-28.23541,2.2556963,0.75189877,0.136,0.0,0.17179988,20.700064,20.730064,2480000
hardzero_plus_depr__c0p54__z1p10__lam0p030__nu0p50__psi0p75,hardzero_plus_depr,0.02,40,775,0.0,2,0.013913522,0.013913522,0.9952294,0.10110452,0.10110452,1.0,3.5775535e-10,3.5384704e-09,-26.42153,2.1895485,0.7298495,0.216,0.0,0.12770468,20.730064,20.760065,2483200
hardzero_plus_depr__c0p54__z1p10__lam0p030__nu0p50__psi0p75,hardzero_plus_depr,0.02,40,776,0.0,2,0.013913522,0.013913522,1.0067892,0.09844889,0.09844889,1.0,3.4060757e-10,3.4597403e-09,-26.70928,2.2149806,0.7383269,0.128,0.0,0.14239444,20.760065,20.790066,2486400
hardzero_plus_depr__c0p54__z1p10__lam0p030__nu0p50__psi0p75,hardzero_plus_depr,0.02,40,777,0.0,2,0.013913522,0.013913522,1.042995,0.09057432,0.09057432,1.0,3.0639163e-10,3.3827652e-09,-28.1378,2.2946348,0.7648783,0.14400001,0.0,0.15933879,20.790066,20.820066,2489600
hardzero_plus_depr__c0p54__z1p10__lam0p030__nu0p50__psi0p75,hardzero_plus_depr,0.02,40,778,0.0,2,0.013913522,0.013913522,1.0353642,0.09217981,0.09217981,1.0,3.0488498e-10,3.3075027e-09,-27.722178,2.2778466,0.75928223,0.096,0.0,0.1536875,20.820066,20.850067,2492800
hardzero_plus_depr__c0p54__z1p10__lam0p030__nu0p50__psi0p75,hardzero_plus_depr,0.02,40,779,0.0,2,0.013913522,0.013913522,1.0086778,0.098021686,0.098021686,1.0,3.1699346e-10,3.2339116e-09,-26.178358,2.2191355,0.7397119,0.120000005,0.0,0.17266515,20.850067,20.880068,2496000
hardzero_plus_depr__c0p54__z1p10__lam0p030__nu0p50__psi0p75,hardzero_plus_depr,0.02,40,780,0.0,2,0.013913522,0.013913522,1.0351301,0.09222949,0.09222949,1.0,2.9162578e-10,3.161958e-09,-27.601643,2.2773318,0.7591106,0.17,0.0,0.15569991,20.880068,20.910069,2499200
hardzero_plus_depr__c0p54__z1p10__lam0p030__nu0p50__psi0p75,hardzero_plus_depr,0.02,40,781,0.0,2,0.013913522,0.013913522,1.0379745,0.09162743,0.09162743,1.0,2.8327612e-10,3.0916083e-09,-27.51182,2.2835894,0.7611965,0.112,0.0,0.13944821,20.910069,20.94007,2502400
hardzero_plus_depr__c0p54__z1p10__lam0p030__nu0p50__psi0p75,hardzero_plus_depr,0.02,40,782,0.0,2,0.013913522,0.013913522,0.9548522,0.11095524,0.11095524,1.0,3.3539813e-10,3.0228238e-09,-26.14824,2.1007168,0.70023894,0.16000001,0.0,0.13131857,20.94007,20.97007,2505600
hardzero_plus_depr__c0p54__z1p10__lam0p030__nu0p50__psi0p75,hardzero_plus_depr,0.02,40,783,0.0,2,0.013913522,0.013913522,1.0324742,0.09279527,0.09279527,1.0,2.742626e-10,2.9555667e-09,-28.468525,2.2714884,0.7571628,0.192,0.0,0.15851869,20.97007,21.00007,2508800
hardzero_plus_depr__c0p54__z1p10__lam0p030__nu0p50__psi0p75,hardzero_plus_depr,0.02,40,784,0.0,2,0.013913522,0.013913522,1.0288061,0.09358233,0.09358233,1.0,2.704348e-10,2.8898062e-09,-27.91686,2.2634187,0.7544729,0.14400001,0.0,0.19285385,21.00007,21.030071,2512000
hardzero_plus_depr__c0p54__z1p10__lam0p030__nu0p50__psi0p75,hardzero_plus_depr,0.02,40,785,0.0,2,0.013913522,0.013913522,1.0312771,0.0930514,0.0930514,1.0,2.6291777e-10,2.8255112e-09,-27.56173,2.2688549,0.75628495,0.104,0.0,0.13586463,21.030071,21.060072,2515200
hardzero_plus_depr__c0p54__z1p10__lam0p030__nu0p50__psi0p75,hardzero_plus_depr,0.02,40,786,0.0,2,0.013913522,0.013913522,0.9890317,0.102557704,0.102557704,1.0,2.8333075e-10,2.7626472e-09,-26.613503,2.175913,0.72530437,0.192,0.0,0.14309889,21.060072,21.090073,2518400
hardzero_plus_depr__c0p54__z1p10__lam0p030__nu0p50__psi0p75,hardzero_plus_depr,0.02,40,787,0.0,2,0.013913522,0.013913522,1.005112,0.0988298,0.0988298,1.0,2.6695698e-10,2.701179e-09,-26.684002,2.2112906,0.7370969,0.128,0.0,0.11054998,21.090073,21.120073,2521600
hardzero_plus_depr__c0p54__z1p10__lam0p030__nu0p50__psi0p75,hardzero_plus_depr,0.02,40,788,0.0,2,0.013913522,0.013913522,0.9964998,0.1008092,0.1008092,1.0,2.66245e-10,2.6410785e-09,-26.776384,2.1923432,0.7307811,0.18400002,0.0,0.13921016,21.120073,21.150074,2524800
hardzero_plus_depr__c0p54__z1p10__lam0p030__nu0p50__psi0p75,hardzero_plus_depr,0.02,40,789,0.0,2,0.013913522,0.013913522,1.0034196,0.099215694,0.099215694,1.0,2.5620644e-10,2.5823177e-09,-26.601948,2.2075672,0.73585576,0.136,0.0,0.13289909,21.150074,21.180075,2528000
hardzero_plus_depr__c0p54__z1p10__lam0p030__nu0p50__psi0p75,hardzero_plus_depr,0.02,40,790,0.0,2,0.013913522,0.013913522,0.96981245,0.10719822,0.10719822,1.0,2.7066094e-10,2.524864e-09,-26.762133,2.13363,0.71121,0.192,0.0,0.15262221,21.180075,21.210075,2531200
hardzero_plus_depr__c0p54__z1p10__lam0p030__nu0p50__psi0p75,hardzero_plus_depr,0.02,40,791,0.0,2,0.013913522,0.013913522,1.003104,0.09928784,0.09928784,1.0,2.4511054e-10,2.4686866e-09,-27.22099,2.2068727,0.73562425,0.208,0.0,0.14400528,21.210075,21.240076,2534400
hardzero_plus_depr__c0p54__z1p10__lam0p030__nu0p50__psi0p75,hardzero_plus_depr,0.02,40,792,0.0,2,0.013913522,0.013913522,0.99624497,0.10086837,0.10086837,1.0,2.434719e-10,2.4137587e-09,-26.591606,2.1917827,0.7305943,0.136,0.0,0.12637947,21.240076,21.270077,2537600
hardzero_plus_depr__c0p54__z1p10__lam0p030__nu0p50__psi0p75,hardzero_plus_depr,0.02,40,793,0.0,2,0.013913522,0.013913522,1.022436,0.094965085,0.094965085,1.0,2.2412289e-10,2.3600557e-09,-26.400497,2.2494042,0.7498014,0.17999999,0.0,0.17259249,21.270077,21.300077,2540800
hardzero_plus_depr__c0p54__z1p10__lam0p030__nu0p50__psi0p75,hardzero_plus_depr,0.02,40,794,0.0,2,0.013913522,0.013913522,1.0616354,0.08676899,0.08676899,1.0,2.0022355e-10,2.3075473e-09,-27.94071,2.3356445,0.7785482,0.192,0.0,0.15906096,21.300077,21.330078,2544000
hardzero_plus_depr__c0p54__z1p10__lam0p030__nu0p50__psi0p75,hardzero_plus_depr,0.02,40,795,0.0,2,0.013913522,0.013913522,0.98612916,0.10324542,0.10324542,1.0,2.3294283e-10,2.256205e-09,-27.429382,2.1695275,0.7231759,0.15200001,0.0,0.13395971,21.330078,21.360079,2547200
hardzero_plus_depr__c0p54__z1p10__lam0p030__nu0p50__psi0p75,hardzero_plus_depr,0.02,40,796,0.0,2,0.013913522,0.013913522,1.0243735,0.09454237,0.09454237,1.0,2.0856096e-10,2.2060052e-09,-27.457386,2.2536669,0.7512223,0.18400002,0.0,0.1561782,21.360079,21.39008,2550400
hardzero_plus_depr__c0p54__z1p10__lam0p030__nu0p50__psi0p75,hardzero_plus_depr,0.02,40,797,0.0,2,0.013913522,0.013913522,1.0943694,0.08046937,0.08046937,1.0,1.7356618e-10,2.1569222e-09,-28.05927,2.4076607,0.8025536,0.136,0.0,0.17031407,21.39008,21.42008,2553600
hardzero_plus_depr__c0p54__z1p10__lam0p030__nu0p50__psi0p75,hardzero_plus_depr,0.02,40,798,0.0,2,0.013913522,0.013913522,0.986078,0.10325759,0.10325759,1.0,2.1776354e-10,2.108935e-09,-26.303886,2.169415,0.72313833,0.112,0.0,0.13984054,21.42008,21.45008,2556800
hardzero_plus_depr__c0p54__z1p10__lam0p030__nu0p50__psi0p75,hardzero_plus_depr,0.02,40,799,0.0,2,0.013913522,0.013913522,0.9988905,0.100255795,0.100255795,1.0,2.0672865e-10,2.062012e-09,-27.060856,2.197603,0.73253435,0.08800001,0.0,0.15328822,21.45008,21.480082,2560000
hardzero_plus_depr__c0p54__z1p10__lam0p030__nu0p50__psi0p75,hardzero_plus_depr,0.02,40,800,0.0,2,0.013913522,0.013913522,0.98006034,0.1046983,0.1046983,1.0,2.1108568e-10,2.0161328e-09,-26.926657,2.1561759,0.7187253,0.192,0.0,0.15189701,21.480082,21.510082,2563200
hardzero_plus_depr__c0p54__z1p10__lam0p030__nu0p50__psi0p75,hardzero_plus_depr,0.02,40,801,0.0,2,0.013913522,0.013913522,1.050216,0.08908078,0.08908078,1.0,1.7560299e-10,1.971278e-09,-27.851398,2.3105211,0.7701737,0.16000001,0.0,0.14872615,21.510082,21.540083,2566400
hardzero_plus_depr__c0p54__z1p10__lam0p030__nu0p50__psi0p75,hardzero_plus_depr,0.02,40,802,0.0,2,0.013913522,0.013913522,0.96803707,0.10763734,0.10763734,1.0,2.0746212e-10,1.9274178e-09,-26.036034,2.129724,0.709908,0.18400002,0.0,0.13930768,21.540083,21.570084,2569600
hardzero_plus_depr__c0p54__z1p10__lam0p030__nu0p50__psi0p75,hardzero_plus_depr,0.02,40,803,0.0,2,0.013913522,0.013913522,0.99542135,0.10105984,0.10105984,1.0,1.9045063e-10,1.8845332e-09,-26.858353,2.1899707,0.72999024,0.192,0.0,0.15739483,21.570084,21.600084,2572800
hardzero_plus_depr__c0p54__z1p10__lam0p030__nu0p50__psi0p75,hardzero_plus_depr,0.02,40,804,0.0,2,0.013913522,0.013913522,1.0305065,0.09321664,0.09321664,1.0,1.7176126e-10,1.8426028e-09,-27.52888,2.2671595,0.75571984,0.17600001,0.0,0.14219147,21.600084,21.630085,2576000
hardzero_plus_depr__c0p54__z1p10__lam0p030__nu0p50__psi0p75,hardzero_plus_depr,0.02,40,805,0.0,2,0.013913522,0.013913522,1.0062423,0.09857295,0.09857295,1.0,1.7758955e-10,1.8016054e-09,-26.594082,2.2137773,0.73792577,0.136,0.0,0.14528139,21.630085,21.660086,2579200
hardzero_plus_depr__c0p54__z1p10__lam0p030__nu0p50__psi0p75,hardzero_plus_depr,0.02,40,806,0.0,2,0.013913522,0.013913522,1.0088569,0.09798126,0.09798126,1.0,1.7259628e-10,1.7615235e-09,-26.6368,2.2195294,0.73984313,0.21,0.0,0.15277393,21.660086,21.690086,2582400
hardzero_plus_depr__c0p54__z1p10__lam0p030__nu0p50__psi0p75,hardzero_plus_depr,0.02,40,807,0.0,2,0.013913522,0.013913522,0.97071564,0.10697551,0.10697551,1.0,1.8424713e-10,1.72233e-09,-27.069572,2.135617,0.71187234,0.16000001,0.0,0.11966126,21.690086,21.720087,2585600
hardzero_plus_depr__c0p54__z1p10__lam0p030__nu0p50__psi0p75,hardzero_plus_depr,0.02,40,808,0.0,2,0.013913522,0.013913522,0.9613078,0.10931812,0.10931812,1.0,1.8409266e-10,1.6840086e-09,-26.336842,2.1149194,0.70497316,0.16800001,0.0,0.14195552,21.720087,21.750088,2588800
hardzero_plus_depr__c0p54__z1p10__lam0p030__nu0p50__psi0p75,hardzero_plus_depr,0.02,40,809,0.0,2,0.013913522,0.013913522,1.0280925,0.09373623,0.09373623,1.0,1.5434073e-10,1.646543e-09,-27.275465,2.2618487,0.7539496,0.18400002,0.0,0.15933104,21.750088,21.780088,2592000
hardzero_plus_depr__c0p54__z1p10__lam0p030__nu0p50__psi0p75,hardzero_plus_depr,0.02,40,810,0.0,2,0.013913522,0.013913522,1.036405,0.09195916,0.09195916,1.0,1.4804578e-10,1.6099079e-09,-28.036726,2.2801363,0.76004547,0.17600001,0.0,0.15163116,21.780088,21.81009,2595200
hardzero_plus_depr__c0p54__z1p10__lam0p030__nu0p50__psi0p75,hardzero_plus_depr,0.02,40,811,0.0,2,0.013913522,0.013913522,1.0450062,0.09015583,0.09015583,1.0,1.419132e-10,1.5740879e-09,-26.93607,2.2990594,0.76635313,0.18400002,0.0,0.17097451,21.81009,21.84009,2598400
hardzero_plus_depr__c0p54__z1p10__lam0p030__nu0p50__psi0p75,hardzero_plus_depr,0.02,40,812,0.0,2,0.013913522,0.013913522,1.0133629,0.09696995,0.09696995,1.0,1.4924305e-10,1.539065e-09,-26.922619,2.2294428,0.7431476,0.192,0.0,0.1456831,21.84009,21.87009,2601600
hardzero_plus_depr__c0p54__z1p10__lam0p030__nu0p50__psi0p75,hardzero_plus_depr,0.02,40,813,0.0,2,0.013913522,0.013913522,1.0436561,0.09043653,0.09043653,1.0,1.3609079e-10,1.504821e-09,-27.178259,2.2960892,0.7653631,0.17600001,0.0,0.15387581,21.87009,21.900091,2604800
hardzero_plus_depr__c0p54__z1p10__lam0p030__nu0p50__psi0p75,hardzero_plus_depr,0.02,40,814,0.0,2,0.013913522,0.013913522,1.0431341,0.0905453,0.0905453,1.0,1.3322309e-10,1.4713419e-09,-27.22417,2.294941,0.7649803,0.16000001,0.0,0.14293355,21.900091,21.930092,2608000
hardzero_plus_depr__c0p54__z1p10__lam0p030__nu0p50__psi0p75,hardzero_plus_depr,0.02,40,815,0.0,2,0.013913522,0.013913522,1.0621448,0.08666729,0.08666729,1.0,1.2468e-10,1.438605e-09,-28.54213,2.336765,0.7789217,0.16000001,0.0,0.16811857,21.930092,21.960093,2611200
hardzero_plus_depr__c0p54__z1p10__lam0p030__nu0p50__psi0p75,hardzero_plus_depr,0.02,40,816,0.0,2,0.013913522,0.013913522,1.0159818,0.09638693,0.09638693,1.0,1.3557752e-10,1.4065965e-09,-26.844229,2.2352047,0.74506825,0.128,0.0,0.13467345,21.960093,21.990093,2614400
hardzero_plus_depr__c0p54__z1p10__lam0p030__nu0p50__psi0p75,hardzero_plus_depr,0.02,40,817,0.0,2,0.013913522,0.013913522,0.9699694,0.10715949,0.10715949,1.0,1.4737672e-10,1.3753026e-09,-25.441427,2.1339753,0.7113251,0.14400001,0.0,0.12761284,21.990093,22.020094,2617600
hardzero_plus_depr__c0p54__z1p10__lam0p030__nu0p50__psi0p75,hardzero_plus_depr,0.02,40,818,0.0,2,0.013913522,0.013913522,1.0148835,0.096631005,0.096631005,1.0,1.2993998e-10,1.3447027e-09,-27.521515,2.2327883,0.7442628,0.16000001,0.0,0.12653296,22.020094,22.050095,2620800
hardzero_plus_depr__c0p54__z1p10__lam0p030__nu0p50__psi0p75,hardzero_plus_depr,0.02,40,819,0.0,2,0.013913522,0.013913522,1.0704662,0.085022494,0.085022494,1.0,1.1178616e-10,1.3147833e-09,-28.57289,2.3550725,0.78502417,0.14999999,0.0,0.14561044,22.050095,22.080095,2624000
hardzero_plus_depr__c0p54__z1p10__lam0p030__nu0p50__psi0p75,hardzero_plus_depr,0.02,40,820,0.0,2,0.013913522,0.013913522,1.0986562,0.07967898,0.07967898,1.0,1.024297e-10,1.2855297e-09,-28.348043,2.4170918,0.8056973,0.128,0.0,0.19332524,22.080095,22.110096,2627200
hardzero_plus_depr__c0p54__z1p10__lam0p030__nu0p50__psi0p75,hardzero_plus_depr,0.02,40,821,0.0,2,0.013913522,0.013913522,1.0579412,0.08751022,0.08751022,1.0,1.0999396e-10,1.256927e-09,-28.106243,2.327517,0.77583903,0.208,0.0,0.1762254,22.110096,22.140097,2630400
hardzero_plus_depr__c0p54__z1p10__lam0p030__nu0p50__psi0p75,hardzero_plus_depr,0.02,40,822,0.0,2,0.013913522,0.013913522,1.0418004,0.09082379,0.09082379,1.0,1.1161908e-10,1.228963e-09,-26.824785,2.2920067,0.76400226,0.14400001,0.0,0.13005634,22.140097,22.170097,2633600
hardzero_plus_depr__c0p54__z1p10__lam0p030__nu0p50__psi0p75,hardzero_plus_depr,0.02,40,823,0.0,2,0.013913522,0.013913522,1.0106754,0.09757184,0.09757184,1.0,1.1724419e-10,1.201619e-09,-27.27713,2.2235303,0.7411768,0.15200001,0.0,0.13578258,22.170097,22.200098,2636800
hardzero_plus_depr__c0p54__z1p10__lam0p030__nu0p50__psi0p75,hardzero_plus_depr,0.02,40,824,0.0,2,0.013913522,0.013913522,1.0398811,0.09122606,0.09122606,1.0,1.0717998e-10,1.1748833e-09,-27.000525,2.287784,0.7625947,0.08800001,0.0,0.12971021,22.200098,22.230099,2640000
hardzero_plus_depr__c0p54__z1p10__lam0p030__nu0p50__psi0p75,hardzero_plus_depr,0.02,40,825,0.0,2,0.013913522,0.013913522,1.0227482,0.09489683,0.09489683,1.0,1.0901223e-10,1.1487447e-09,-28.256458,2.250091,0.7500304,0.16800001,0.0,0.16088453,22.230099,22.2601,2643200
hardzero_plus_depr__c0p54__z1p10__lam0p030__nu0p50__psi0p75,hardzero_plus_depr,0.02,40,826,0.0,2,0.013913522,0.013913522,0.9666575,0.10797979,0.10797979,1.0,1.2128133e-10,1.1231854e-09,-26.272982,2.126689,0.70889634,0.224,0.0,0.16232158,22.2601,22.2901,2646400
hardzero_plus_depr__c0p54__z1p10__lam0p030__nu0p50__psi0p75,hardzero_plus_depr,0.02,40,827,0.0,2,0.013913522,0.013913522,1.0172539,0.09610504,0.09610504,1.0,1.0554205e-10,1.0981948e-09,-27.175371,2.2380033,0.7460011,0.16800001,0.0,0.13244367,22.2901,22.3201,2649600
hardzero_plus_depr__c0p54__z1p10__lam0p030__nu0p50__psi0p75,hardzero_plus_depr,0.02,40,828,0.0,2,0.013913522,0.013913522,0.96519786,0.10834332,0.10834332,1.0,1.1633474e-10,1.0737602e-09,-26.663588,2.1234777,0.7078259,0.128,0.0,0.14245827,22.3201,22.350101,2652800
hardzero_plus_depr__c0p54__z1p10__lam0p030__nu0p50__psi0p75,hardzero_plus_depr,0.02,40,829,0.0,2,0.013913522,0.013913522,0.99752593,0.1005713,0.1005713,1.0,1.0558673e-10,1.0498694e-09,-26.803991,2.1946008,0.73153365,0.14400001,0.0,0.13558005,22.350101,22.380102,2656000
hardzero_plus_depr__c0p54__z1p10__lam0p030__nu0p50__psi0p75,hardzero_plus_depr,0.02,40,830,0.0,2,0.013913522,0.013913522,0.9960379,0.100916475,0.100916475,1.0,1.0359197e-10,1.026512e-09,-26.20211,2.191327,0.7304424,0.14400001,0.0,0.14888391,22.380102,22.410103,2659200
hardzero_plus_depr__c0p54__z1p10__lam0p030__nu0p50__psi0p75,hardzero_plus_depr,0.02,40,831,0.0,2,0.013913522,0.013913522,0.9437106,0.11383854,0.11383854,1.0,1.1425661e-10,1.0036725e-09,-25.816092,2.0762048,0.6920683,0.2,0.0,0.15316467,22.410103,22.440104,2662400
hardzero_plus_depr__c0p54__z1p10__lam0p030__nu0p50__psi0p75,hardzero_plus_depr,0.02,40,832,0.0,2,0.013913522,0.013913522,0.988702,0.102635585,0.102635585,1.0,1.00720494e-10,9.813409e-10,-26.271461,2.1751878,0.7250626,0.17,0.0,0.1442595,22.440104,22.470104,2665600
hardzero_plus_depr__c0p54__z1p10__lam0p030__nu0p50__psi0p75,hardzero_plus_depr,0.02,40,833,0.0,2,0.013913522,0.013913522,1.0455809,0.090036616,0.090036616,1.0,8.6390874e-11,9.595083e-10,-27.620396,2.3003237,0.7667746,0.15200001,0.0,0.14138682,22.470104,22.500105,2668800
hardzero_plus_depr__c0p54__z1p10__lam0p030__nu0p50__psi0p75,hardzero_plus_depr,0.02,40,834,0.0,2,0.013913522,0.013913522,1.004308,0.09901296,0.09901296,1.0,9.2889946e-11,9.381594e-10,-27.728235,2.2095218,0.7365073,0.15200001,0.0,0.16594157,22.500105,22.530106,2672000
hardzero_plus_depr__c0p54__z1p10__lam0p030__nu0p50__psi0p75,hardzero_plus_depr,0.02,40,835,0.0,2,0.013913522,0.013913522,0.96840626,0.10754586,0.10754586,1.0,9.8650275e-11,9.172857e-10,-25.923147,2.1305363,0.7101788,0.18400002,0.0,0.14158227,22.530106,22.560106,2675200
hardzero_plus_depr__c0p54__z1p10__lam0p030__nu0p50__psi0p75,hardzero_plus_depr,0.02,40,836,0.0,2,0.013913522,0.013913522,1.0054237,0.09875893,0.09875893,1.0,8.8574544e-11,8.968763e-10,-27.541557,2.2119763,0.73732543,0.120000005,0.0,0.15011002,22.560106,22.590107,2678400
hardzero_plus_depr__c0p54__z1p10__lam0p030__nu0p50__psi0p75,hardzero_plus_depr,0.02,40,837,0.0,2,0.013913522,0.013913522,1.0478438,0.08956869,0.08956869,1.0,7.854467e-11,8.7692104e-10,-27.109756,2.3053024,0.76843417,0.16000001,0.0,0.14721267,22.590107,22.620108,2681600
hardzero_plus_depr__c0p54__z1p10__lam0p030__nu0p50__psi0p75,hardzero_plus_depr,0.02,40,838,0.0,2,0.013913522,0.013913522,1.026897,0.093994625,0.093994625,1.0,8.059207e-11,8.574115e-10,-27.80875,2.2592185,0.75307286,0.16000001,0.0,0.16746658,22.620108,22.650108,2684800
hardzero_plus_depr__c0p54__z1p10__lam0p030__nu0p50__psi0p75,hardzero_plus_depr,0.02,40,839,0.0,2,0.013913522,0.013913522,1.0730108,0.08452579,0.08452579,1.0,7.086086e-11,8.383342e-10,-28.913673,2.3606708,0.78689027,0.17600001,0.0,0.19011463,22.650108,22.680109,2688000
hardzero_plus_depr__c0p54__z1p10__lam0p030__nu0p50__psi0p75,hardzero_plus_depr,0.02,40,840,0.0,2,0.013913522,0.013913522,1.1135105,0.0,0.076999776,0.0,0.0,8.196815e-10,-29.592646,2.449772,0.81659067,0.18400002,0.0,0.17651781,22.680109,22.71011,2691200
hardzero_plus_depr__c0p54__z1p10__lam0p030__nu0p50__psi0p75,hardzero_plus_depr,0.02,40,841,0.0,2,0.013913522,0.013913522,0.97431135,0.10609346,0.10609346,1.0,8.502811e-11,8.0144535e-10,-26.766552,2.1435277,0.71450925,0.14400001,0.0,0.13738288,22.71011,22.74011,2694400
hardzero_plus_depr__c0p54__z1p10__lam0p030__nu0p50__psi0p75,hardzero_plus_depr,0.02,40,842,0.0,2,0.013913522,0.013913522,1.0358472,0.092077345,0.092077345,1.0,7.215304e-11,7.836134e-10,-26.623259,2.2789092,0.7596364,0.15200001,0.0,0.13808924,22.74011,22.770111,2697600
hardzero_plus_depr__c0p54__z1p10__lam0p030__nu0p50__psi0p75,hardzero_plus_depr,0.02,40,843,0.0,2,0.013913522,0.013913522,1.0450236,0.09015222,0.09015222,1.0,6.9072664e-11,7.6617823e-10,-27.778128,2.2990978,0.76636595,0.112,0.0,0.17077516,22.770111,22.800112,2700800
hardzero_plus_depr__c0p54__z1p10__lam0p030__nu0p50__psi0p75,hardzero_plus_depr,0.02,40,844,0.0,2,0.013913522,0.013913522,1.0080864,0.098155245,0.098155245,1.0,7.353113e-11,7.491309e-10,-27.57446,2.2178345,0.7392782,0.136,0.0,0.1472338,22.800112,22.830112,2704000
hardzero_plus_depr__c0p54__z1p10__lam0p030__nu0p50__psi0p75,hardzero_plus_depr,0.02,40,845,0.0,2,0.013913522,0.013913522,1.0779252,0.08357468,0.08357468,1.0,6.121536e-11,7.32463e-10,-28.42456,2.3714828,0.7904943,0.08,0.0,0.1433971,22.830112,22.860113,2707200
hardzero_plus_depr__c0p54__z1p10__lam0p030__nu0p50__psi0p75,hardzero_plus_depr,0.02,40,846,0.0,2,0.013913522,0.013913522,1.0398815,0.091225974,0.091225974,1.0,6.533305e-11,7.1616724e-10,-27.11347,2.2877848,0.76259494,0.128,0.0,0.1500689,22.860113,22.890114,2710400
hardzero_plus_depr__c0p54__z1p10__lam0p030__nu0p50__psi0p75,hardzero_plus_depr,0.02,40,847,0.0,2,0.013913522,0.013913522,0.98845327,0.102694385,0.102694385,1.0,7.190997e-11,7.0023276e-10,-26.413616,2.1746407,0.7248802,0.136,0.0,0.1322374,22.890114,22.920115,2713600
hardzero_plus_depr__c0p54__z1p10__lam0p030__nu0p50__psi0p75,hardzero_plus_depr,0.02,40,848,0.0,2,0.013913522,0.013913522,1.1207372,0.0,0.07572909,0.0,0.0,6.846527e-10,-28.962143,2.465671,0.82189035,0.08800001,0.0,0.18824321,22.920115,22.950115,2716800
hardzero_plus_depr__c0p54__z1p10__lam0p030__nu0p50__psi0p75,hardzero_plus_depr,0.02,40,849,0.0,2,0.013913522,0.013913522,1.0319679,0.092903495,0.092903495,1.0,6.219152e-11,6.694207e-10,-27.39758,2.2703748,0.7567916,0.16000001,0.0,0.15668684,22.950115,22.980116,2720000
hardzero_plus_depr__c0p54__z1p10__lam0p030__nu0p50__psi0p75,hardzero_plus_depr,0.02,40,850,0.0,2,0.013913522,0.013913522,1.0314263,0.09301944,0.09301944,1.0,6.088366e-11,6.545262e-10,-26.749765,2.2691832,0.7563944,0.14400001,0.008,0.14516075,22.980116,23.010117,2723200
hardzero_plus_depr__c0p54__z1p10__lam0p030__nu0p50__psi0p75,hardzero_plus_depr,0.02,40,851,0.0,2,0.013913522,0.013913522,1.0434873,0.09047169,0.09047169,1.0,5.7898547e-11,6.3996314e-10,-27.436426,2.295718,0.76523936,0.16800001,0.0,0.13698642,23.010117,23.040117,2726400
hardzero_plus_depr__c0p54__z1p10__lam0p030__nu0p50__psi0p75,hardzero_plus_depr,0.02,40,852,0.0,2,0.013913522,0.013913522,0.9880545,0.10278872,0.10278872,1.0,6.4317385e-11,6.257242e-10,-26.582407,2.1737633,0.7245878,0.16000001,0.0,0.14663647,23.040117,23.070118,2729600
hardzero_plus_depr__c0p54__z1p10__lam0p030__nu0p50__psi0p75,hardzero_plus_depr,0.02,40,853,0.0,2,0.013913522,0.013913522,1.0602115,0.087053925,0.087053925,1.0,5.325976e-11,6.1180194e-10,-27.492939,2.332512,0.77750397,0.128,0.0,0.1603121,23.070118,23.100119,2732800
hardzero_plus_depr__c0p54__z1p10__lam0p030__nu0p50__psi0p75,hardzero_plus_depr,0.02,40,854,0.0,2,0.013913522,0.013913522,1.0407381,0.091046214,0.091046214,1.0,5.4463e-11,5.981907e-10,-26.99416,2.2896695,0.7632232,0.120000005,0.0,0.14643413,23.100119,23.13012,2736000
hardzero_plus_depr__c0p54__z1p10__lam0p030__nu0p50__psi0p75,hardzero_plus_depr,0.02,40,855,0.0,2,0.013913522,0.013913522,1.0384908,0.091518566,0.091518566,1.0,5.3527478e-11,5.848811e-10,-27.271933,2.2847252,0.7615751,0.16000001,0.0,0.16471405,23.13012,23.16012,2739200
hardzero_plus_depr__c0p54__z1p10__lam0p030__nu0p50__psi0p75,hardzero_plus_depr,0.02,40,856,0.0,2,0.013913522,0.013913522,1.0293779,0.09345918,0.09345918,1.0,5.344629e-11,5.718677e-10,-26.830173,2.2646766,0.75489223,0.16800001,0.0,0.12861094,23.16012,23.19012,2742400
hardzero_plus_depr__c0p54__z1p10__lam0p030__nu0p50__psi0p75,hardzero_plus_depr,0.02,40,857,0.0,2,0.013913522,0.013913522,1.0463147,0.08988459,0.08988459,1.0,5.0258502e-11,5.5914484e-10,-27.379269,2.3019383,0.76731277,0.120000005,0.0,0.14493355,23.19012,23.220121,2745600
hardzero_plus_depr__c0p54__z1p10__lam0p030__nu0p50__psi0p75,hardzero_plus_depr,0.02,40,858,0.0,2,0.013913522,0.013913522,1.0188298,0.09575691,0.09575691,1.0,5.2350686e-11,5.46704e-10,-27.227768,2.2414703,0.7471568,0.12,0.0,0.14663722,23.220121,23.250122,2748800
hardzero_plus_depr__c0p54__z1p10__lam0p030__nu0p50__psi0p75,hardzero_plus_depr,0.02,40,859,0.0,2,0.013913522,0.013913522,0.9510298,0.11193612,0.11193612,1.0,5.983433e-11,5.3453997e-10,-25.7114,2.0923073,0.6974358,0.16000001,0.0,0.13999121,23.250122,23.280123,2752000
hardzero_plus_depr__c0p54__z1p10__lam0p030__nu0p50__psi0p75,hardzero_plus_depr,0.02,40,860,0.0,2,0.013913522,0.013913522,0.973732,0.1062351,0.1062351,1.0,5.5523412e-11,5.226466e-10,-26.775368,2.1422532,0.7140844,0.120000005,0.0,0.15238717,23.280123,23.310123,2755200
hardzero_plus_depr__c0p54__z1p10__lam0p030__nu0p50__psi0p75,hardzero_plus_depr,0.02,40,861,0.0,2,0.013913522,0.013913522,0.9829807,0.10399663,0.10399663,1.0,5.314414e-11,5.110179e-10,-26.89014,2.1626008,0.7208669,0.2,0.008,0.1454854,23.310123,23.340124,2758400
hardzero_plus_depr__c0p54__z1p10__lam0p030__nu0p50__psi0p75,hardzero_plus_depr,0.02,40,862,0.0,2,0.013913522,0.013913522,1.0712293,0.0848732,0.0848732,1.0,4.2406793e-11,4.996488e-10,-28.510067,2.3567517,0.7855839,0.14400001,0.0,0.15149707,23.340124,23.370125,2761600
hardzero_plus_depr__c0p54__z1p10__lam0p030__nu0p50__psi0p75,hardzero_plus_depr,0.02,40,863,0.0,2,0.013913522,0.013913522,0.976341,0.105598785,0.105598785,1.0,5.1588362e-11,4.8853177e-10,-25.88001,2.147993,0.7159977,0.14400001,0.0,0.15543811,23.370125,23.400126,2764800
hardzero_plus_depr__c0p54__z1p10__lam0p030__nu0p50__psi0p75,hardzero_plus_depr,0.02,40,864,0.0,2,0.013913522,0.013913522,0.969307,0.10732304,0.10732304,1.0,5.126415e-11,4.776621e-10,-26.765255,2.132518,0.7108394,0.104,0.0,0.12662421,23.400126,23.430126,2768000
hardzero_plus_depr__c0p54__z1p10__lam0p030__nu0p50__psi0p75,hardzero_plus_depr,0.02,40,865,0.0,2,0.013913522,0.013913522,0.98498774,0.10351715,0.10351715,1.0,4.834614e-11,4.670351e-10,-26.276957,2.1670163,0.7223388,0.192,0.0,0.15084605,23.430126,23.460127,2771200
hardzero_plus_depr__c0p54__z1p10__lam0p030__nu0p50__psi0p75,hardzero_plus_depr,0.02,40,866,0.0,2,0.013913522,0.013913522,1.0304333,0.093232356,0.093232356,1.0,4.2573965e-11,4.5664367e-10,-27.705212,2.2669985,0.7556662,0.080000006,0.0,0.16735448,23.460127,23.490128,2774400
hardzero_plus_depr__c0p54__z1p10__lam0p030__nu0p50__psi0p75,hardzero_plus_depr,0.02,40,867,0.0,2,0.013913522,0.013913522,1.0066377,0.09848324,0.09848324,1.0,4.3971143e-11,4.464835e-10,-26.529184,2.214647,0.7382157,0.128,0.0,0.15084158,23.490128,23.520128,2777600
hardzero_plus_depr__c0p54__z1p10__lam0p030__nu0p50__psi0p75,hardzero_plus_depr,0.02,40,868,0.0,2,0.013913522,0.013913522,0.9976779,0.1005361,0.1005361,1.0,4.388897e-11,4.3654935e-10,-26.872341,2.1949353,0.7316451,0.16000001,0.0,0.14394104,23.520128,23.550129,2780800
hardzero_plus_depr__c0p54__z1p10__lam0p030__nu0p50__psi0p75,hardzero_plus_depr,0.02,40,869,0.0,2,0.013913522,0.013913522,0.99131143,0.102020755,0.102020755,1.0,4.3546156e-11,4.2683623e-10,-27.415585,2.1809287,0.7269763,0.2,0.0,0.1636777,23.550129,23.58013,2784000
hardzero_plus_depr__c0p54__z1p10__lam0p030__nu0p50__psi0p75,hardzero_plus_depr,0.02,40,870,0.0,2,0.013913522,0.013913522,1.0294881,0.0934355,0.0934355,1.0,3.8994377e-11,4.1734005e-10,-27.338408,2.264919,0.75497305,0.16800001,0.0,0.1645533,23.58013,23.61013,2787200
hardzero_plus_depr__c0p54__z1p10__lam0p030__nu0p50__psi0p75,hardzero_plus_depr,0.02,40,871,0.0,2,0.013913522,0.013913522,1.0461025,0.08992853,0.08992853,1.0,3.6695723e-11,4.080543e-10,-27.58628,2.3014715,0.7671572,0.12,0.0,0.1611927,23.61013,23.640131,2790400
hardzero_plus_depr__c0p54__z1p10__lam0p030__nu0p50__psi0p75,hardzero_plus_depr,0.02,40,872,0.0,2,0.013913522,0.013913522,1.0161297,0.096354105,0.096354105,1.0,3.84429e-11,3.9897524e-10,-27.857637,2.2355301,0.74517673,0.16000001,0.0,0.16240166,23.640131,23.670132,2793600
hardzero_plus_depr__c0p54__z1p10__lam0p030__nu0p50__psi0p75,hardzero_plus_depr,0.02,40,873,0.0,2,0.013913522,0.013913522,1.0290836,0.09352256,0.09352256,1.0,3.648305e-11,3.900989e-10,-27.54677,2.264029,0.75467634,0.15200001,0.0,0.15221134,23.670132,23.700132,2796800
hardzero_plus_depr__c0p54__z1p10__lam0p030__nu0p50__psi0p75,hardzero_plus_depr,0.02,40,874,0.0,2,0.013913522,0.013913522,0.9596956,0.10972471,0.10972471,1.0,4.1851127e-11,3.8141934e-10,-26.794483,2.1113725,0.70379084,0.2,0.008,0.13656484,23.700132,23.730133,2800000
hardzero_plus_depr__c0p54__z1p10__lam0p030__nu0p50__psi0p75,hardzero_plus_depr,0.02,40,875,0.0,2,0.013913522,0.013913522,1.0019655,0.09954842,0.09954842,1.0,3.7124873e-11,3.7293282e-10,-27.81097,2.204368,0.7347894,0.24000001,0.0,0.18644956,23.730133,23.760134,2803200
hardzero_plus_depr__c0p54__z1p10__lam0p030__nu0p50__psi0p75,hardzero_plus_depr,0.02,40,876,0.0,2,0.013913522,0.013913522,1.0441788,0.09032774,0.09032774,1.0,3.2936667e-11,3.6463513e-10,-28.235775,2.2972393,0.7657465,0.24800001,0.0,0.15149564,23.760134,23.790134,2806400
hardzero_plus_depr__c0p54__z1p10__lam0p030__nu0p50__psi0p75,hardzero_plus_depr,0.02,40,877,0.0,2,0.013913522,0.013913522,1.0075226,0.09828278,0.09828278,1.0,3.5039985e-11,3.5652212e-10,-27.820711,2.216594,0.73886466,0.16000001,0.0,0.14399898,23.790134,23.820135,2809600
hardzero_plus_depr__c0p54__z1p10__lam0p030__nu0p50__psi0p75,hardzero_plus_depr,0.02,40,878,0.0,2,0.013913522,0.013913522,1.0143832,0.09674239,0.09674239,1.0,3.3723455e-11,3.4859024e-10,-27.257832,2.2316875,0.7438959,0.120000005,0.0,0.119366534,23.820135,23.850136,2812800
hardzero_plus_depr__c0p54__z1p10__lam0p030__nu0p50__psi0p75,hardzero_plus_depr,0.02,40,879,0.0,2,0.013913522,0.013913522,0.99914074,0.10019805,0.10019805,1.0,3.4150925e-11,3.4083422e-10,-27.131214,2.1981535,0.7327179,0.15200001,0.0,0.13964258,23.850136,23.880136,2816000
hardzero_plus_depr__c0p54__z1p10__lam0p030__nu0p50__psi0p75,hardzero_plus_depr,0.02,40,880,0.0,2,0.013913522,0.013913522,1.0290935,0.09352042,0.09352042,1.0,3.116575e-11,3.3325076e-10,-27.586813,2.264051,0.7546837,0.16800001,0.0,0.17775704,23.880136,23.910137,2819200
hardzero_plus_depr__c0p54__z1p10__lam0p030__nu0p50__psi0p75,hardzero_plus_depr,0.02,40,881,0.0,2,0.013913522,0.013913522,1.0196956,0.09556621,0.09556621,1.0,3.1138973e-11,3.2583664e-10,-27.056337,2.2433753,0.74779177,0.18400002,0.0,0.13075046,23.910137,23.940138,2822400
hardzero_plus_depr__c0p54__z1p10__lam0p030__nu0p50__psi0p75,hardzero_plus_depr,0.02,40,882,0.0,2,0.013913522,0.013913522,0.9729366,0.10642985,0.10642985,1.0,3.390715e-11,3.1858685e-10,-26.782646,2.1405032,0.7135011,0.192,0.0,0.123830445,23.940138,23.970139,2825600
hardzero_plus_depr__c0p54__z1p10__lam0p030__nu0p50__psi0p75,hardzero_plus_depr,0.02,40,883,0.0,2,0.013913522,0.013913522,1.044498,0.090261385,0.090261385,1.0,2.8116278e-11,3.114984e-10,-27.937807,2.2979414,0.7659805,0.208,0.0,0.18160136,23.970139,24.00014,2828800
hardzero_plus_depr__c0p54__z1p10__lam0p030__nu0p50__psi0p75,hardzero_plus_depr,0.02,40,884,0.0,2,0.013913522,0.013913522,0.98773015,0.10286552,0.10286552,1.0,3.132951e-11,3.0456765e-10,-26.86003,2.1730497,0.7243499,0.16,0.0,0.121726,24.00014,24.03014,2832000
hardzero_plus_depr__c0p54__z1p10__lam0p030__nu0p50__psi0p75,hardzero_plus_depr,0.02,40,885,0.0,2,0.013913522,0.013913522,1.052105,0.08869416,0.08869416,1.0,2.6412332e-11,2.977911e-10,-26.898764,2.3146772,0.7715591,0.15200001,0.0,0.14804767,24.03014,24.06014,2835200
hardzero_plus_depr__c0p54__z1p10__lam0p030__nu0p50__psi0p75,hardzero_plus_depr,0.02,40,886,0.0,2,0.013913522,0.013913522,1.0357792,0.092091754,0.092091754,1.0,2.6813976e-11,2.9116587e-10,-26.861488,2.2787597,0.7595866,0.112,0.0,0.1321993,24.06014,24.090141,2838400
hardzero_plus_depr__c0p54__z1p10__lam0p030__nu0p50__psi0p75,hardzero_plus_depr,0.02,40,887,0.0,2,0.013913522,0.013913522,0.9633821,0.10879724,0.10879724,1.0,3.0973217e-11,2.8468752e-10,-24.661676,2.119483,0.70649433,0.216,0.008,0.12222641,24.090141,24.120142,2841600
hardzero_plus_depr__c0p54__z1p10__lam0p030__nu0p50__psi0p75,hardzero_plus_depr,0.02,40,888,0.0,2,0.013913522,0.013913522,1.0356084,0.092127986,0.092127986,1.0,2.5644127e-11,2.7835328e-10,-27.082014,2.278384,0.75946134,0.16000001,0.0,0.12489646,24.120142,24.150143,2844800
hardzero_plus_depr__c0p54__z1p10__lam0p030__nu0p50__psi0p75,hardzero_plus_depr,0.02,40,889,0.0,2,0.013913522,0.013913522,1.0092491,0.097892836,0.097892836,1.0,2.6642565e-11,2.7216052e-10,-26.927383,2.2203922,0.7401308,0.14400001,0.0,0.13047002,24.150143,24.180143,2848000
hardzero_plus_depr__c0p54__z1p10__lam0p030__nu0p50__psi0p75,hardzero_plus_depr,0.02,40,890,0.0,2,0.013913522,0.013913522,1.0121946,0.09723113,0.09723113,1.0,2.5873692e-11,2.6610503e-10,-26.866528,2.2268727,0.7422909,0.136,0.0,0.16651878,24.180143,24.210144,2851200
hardzero_plus_depr__c0p54__z1p10__lam0p030__nu0p50__psi0p75,hardzero_plus_depr,0.02,40,891,0.0,2,0.013913522,0.013913522,0.98195237,0.10424316,0.10424316,1.0,2.712243e-11,2.6018426e-10,-26.27249,2.1603384,0.7201128,0.15200001,0.0,0.14624304,24.210144,24.240145,2854400
hardzero_plus_depr__c0p54__z1p10__lam0p030__nu0p50__psi0p75,hardzero_plus_depr,0.02,40,892,0.0,2,0.013913522,0.013913522,0.97694117,0.10545296,0.10545296,1.0,2.682673e-11,2.5439523e-10,-26.411703,2.1493134,0.7164378,0.17600001,0.0,0.1296538,24.240145,24.270145,2857600
hardzero_plus_depr__c0p54__z1p10__lam0p030__nu0p50__psi0p75,hardzero_plus_depr,0.02,40,893,0.0,2,0.013913522,0.013913522,0.9622645,0.10907759,0.10907759,1.0,2.7131415e-11,2.48735e-10,-26.454931,2.1170242,0.70567477,0.15200001,0.0,0.1417382,24.270145,24.300146,2860800
hardzero_plus_depr__c0p54__z1p10__lam0p030__nu0p50__psi0p75,hardzero_plus_depr,0.02,40,894,0.0,2,0.013913522,0.013913522,1.0020708,0.09952432,0.09952432,1.0,2.4204432e-11,2.4320118e-10,-27.072813,2.2045996,0.73486656,0.14400001,0.0,0.13628516,24.300146,24.330147,2864000
hardzero_plus_depr__c0p54__z1p10__lam0p030__nu0p50__psi0p75,hardzero_plus_depr,0.02,40,895,0.0,2,0.013913522,0.013913522,1.0327764,0.09273071,0.09273071,1.0,2.2050436e-11,2.3779e-10,-28.07081,2.2721534,0.7573845,0.17600001,0.0,0.1567142,24.330147,24.360147,2867200
hardzero_plus_depr__c0p54__z1p10__lam0p030__nu0p50__psi0p75,hardzero_plus_depr,0.02,40,896,0.0,2,0.013913522,0.013913522,1.0534983,0.08841007,0.08841007,1.0,2.0555276e-11,2.3249926e-10,-28.338528,2.3177426,0.77258086,0.136,0.0,0.1558996,24.360147,24.390148,2870400
hardzero_plus_depr__c0p54__z1p10__lam0p030__nu0p50__psi0p75,hardzero_plus_depr,0.02,40,897,0.0,2,0.013913522,0.013913522,0.9749527,0.10593689,0.10593689,1.0,2.4082276e-11,2.2732663e-10,-26.165483,2.1449387,0.7149796,0.22,0.0,0.1329662,24.390148,24.420149,2873600
hardzero_plus_depr__c0p54__z1p10__lam0p030__nu0p50__psi0p75,hardzero_plus_depr,0.02,40,898,0.0,2,0.013913522,0.013913522,0.979302,0.10488129,0.10488129,1.0,2.3311826e-11,2.2226869e-10,-27.402376,2.1545074,0.71816915,0.18400002,0.0,0.24244268,24.420149,24.45015,2876800
hardzero_plus_depr__c0p54__z1p10__lam0p030__nu0p50__psi0p75,hardzero_plus_depr,0.02,40,899,0.0,2,0.013913522,0.013913522,0.967594,0.107747205,0.107747205,1.0,2.3415974e-11,2.1732326e-10,-26.359922,2.1287494,0.70958316,0.18400002,0.0,0.13771807,24.45015,24.48015,2880000
hardzero_plus_depr__c0p54__z1p10__lam0p030__nu0p50__psi0p75,hardzero_plus_depr,0.02,40,900,0.0,2,0.013913522,0.013913522,1.0382309,0.09157335,0.09157335,1.0,1.9458227e-11,2.1248787e-10,-28.233728,2.2841537,0.7613846,0.096,0.0,0.13625768,24.48015,24.51015,2883200
hardzero_plus_depr__c0p54__z1p10__lam0p030__nu0p50__psi0p75,hardzero_plus_depr,0.02,40,901,0.0,2,0.013913522,0.013913522,1.0033535,0.09923081,0.09923081,1.0,2.0616201e-11,2.0776009e-10,-26.256968,2.2074218,0.7358073,0.120000005,0.0,0.12716395,24.51015,24.540152,2886400
hardzero_plus_depr__c0p54__z1p10__lam0p030__nu0p50__psi0p75,hardzero_plus_depr,0.02,40,902,0.0,2,0.013913522,0.013913522,1.0221436,0.095029056,0.095029056,1.0,1.9303998e-11,2.0313785e-10,-27.780136,2.248761,0.749587,0.112,0.0,0.15038547,24.540152,24.570152,2889600
hardzero_plus_depr__c0p54__z1p10__lam0p030__nu0p50__psi0p75,hardzero_plus_depr,0.02,40,903,0.0,2,0.013913522,0.013913522,0.9761932,0.10563475,0.10563475,1.0,2.0980972e-11,1.986181e-10,-26.733053,2.147668,0.71588933,0.17600001,0.0,0.15591729,24.570152,24.600153,2892800
hardzero_plus_depr__c0p54__z1p10__lam0p030__nu0p50__psi0p75,hardzero_plus_depr,0.02,40,904,0.0,2,0.013913522,0.013913522,1.0209116,0.095299006,0.095299006,1.0,1.8506962e-11,1.941989e-10,-27.778513,2.2460504,0.74868345,0.136,0.0,0.1391615,24.600153,24.630154,2896000
hardzero_plus_depr__c0p54__z1p10__lam0p030__nu0p50__psi0p75,hardzero_plus_depr,0.02,40,905,0.0,2,0.013913522,0.013913522,1.038647,0.09148565,0.09148565,1.0,1.737115e-11,1.898784e-10,-27.722775,2.2850692,0.7616898,0.112,0.0,0.14581235,24.630154,24.660154,2899200
hardzero_plus_depr__c0p54__z1p10__lam0p030__nu0p50__psi0p75,hardzero_plus_depr,0.02,40,906,0.0,2,0.013913522,0.013913522,0.99670804,0.100760885,0.100760885,1.0,1.8706625e-11,1.8565365e-10,-26.890747,2.1928015,0.73093385,0.18400002,0.0,0.14419083,24.660154,24.690155,2902400
hardzero_plus_depr__c0p54__z1p10__lam0p030__nu0p50__psi0p75,hardzero_plus_depr,0.02,40,907,0.0,2,0.013913522,0.013913522,0.9671082,0.10786781,0.10786781,1.0,1.9580476e-11,1.815229e-10,-26.835228,2.1276805,0.70922685,0.24800001,0.0,0.15798774,24.690155,24.720156,2905600
hardzero_plus_depr__c0p54__z1p10__lam0p030__nu0p50__psi0p75,hardzero_plus_depr,0.02,40,908,0.0,2,0.013913522,0.013913522,1.0260243,0.09418368,0.09418368,1.0,1.6716104e-11,1.7748407e-10,-27.897545,2.2572987,0.75243294,0.136,0.0,0.16437532,24.720156,24.750156,2908800
hardzero_plus_depr__c0p54__z1p10__lam0p030__nu0p50__psi0p75,hardzero_plus_depr,0.02,40,909,0.0,2,0.013913522,0.013913522,1.002502,0.09942556,0.09942556,1.0,1.7253823e-11,1.7353509e-10,-27.118124,2.2055483,0.73518276,0.208,0.0,0.1465237,24.750156,24.780157,2912000
hardzero_plus_depr__c0p54__z1p10__lam0p030__nu0p50__psi0p75,hardzero_plus_depr,0.02,40,910,0.0,2,0.013913522,0.013913522,1.0063014,0.09855953,0.09855953,1.0,1.672302e-11,1.6967432e-10,-26.402134,2.2139072,0.7379691,0.16,0.0,0.14538468,24.780157,24.810158,2915200
hardzero_plus_depr__c0p54__z1p10__lam0p030__nu0p50__psi0p75,hardzero_plus_depr,0.02,40,911,0.0,2,0.013913522,0.013913522,0.9560079,0.11066035,0.11066035,1.0,1.8358452e-11,1.658991e-10,-26.412918,2.1032593,0.70108646,0.16800001,0.0,0.13289066,24.810158,24.840158,2918400
hardzero_plus_depr__c0p54__z1p10__lam0p030__nu0p50__psi0p75,hardzero_plus_depr,0.02,40,912,0.0,2,0.013913522,0.013913522,0.9458627,0.11327584,0.11327584,1.0,1.8374236e-11,1.622079e-10,-26.00234,2.0809395,0.69364655,0.16800001,0.0,0.12413341,24.840158,24.87016,2921600
hardzero_plus_depr__c0p54__z1p10__lam0p030__nu0p50__psi0p75,hardzero_plus_depr,0.02,40,913,0.0,2,0.013913522,0.013913522,1.0228168,0.094881855,0.094881855,1.0,1.5048178e-11,1.585991e-10,-27.176615,2.2502418,0.7500806,0.216,0.0,0.1340682,24.87016,24.90016,2924800
hardzero_plus_depr__c0p54__z1p10__lam0p030__nu0p50__psi0p75,hardzero_plus_depr,0.02,40,914,0.0,2,0.013913522,0.013913522,1.0915194,0.08099919,0.08099919,1.0,1.256057e-11,1.5507032e-10,-27.871843,2.4013906,0.80046356,0.104,0.0,0.16678274,24.90016,24.93016,2928000
hardzero_plus_depr__c0p54__z1p10__lam0p030__nu0p50__psi0p75,hardzero_plus_depr,0.02,40,915,0.0,2,0.013913522,0.013913522,0.9712872,0.106834814,0.106834814,1.0,1.61983e-11,1.5162005e-10,-26.05743,2.1368744,0.7122915,0.192,0.0,0.13154538,24.93016,24.960161,2931200
hardzero_plus_depr__c0p54__z1p10__lam0p030__nu0p50__psi0p75,hardzero_plus_depr,0.02,40,916,0.0,2,0.013913522,0.013913522,1.0369563,0.09184249,0.09184249,1.0,1.3615332e-11,1.4824655e-10,-27.185728,2.2813494,0.7604498,0.104,0.0,0.15192923,24.960161,24.990162,2934400
hardzero_plus_depr__c0p54__z1p10__lam0p030__nu0p50__psi0p75,hardzero_plus_depr,0.02,40,917,0.0,2,0.013913522,0.013913522,1.0507046,0.08898061,0.08898061,1.0,1.2897569e-11,1.449481e-10,-28.192743,2.3115962,0.7705321,0.18400002,0.0,0.17419995,24.990162,25.020163,2937600
hardzero_plus_depr__c0p54__z1p10__lam0p030__nu0p50__psi0p75,hardzero_plus_depr,0.02,40,918,0.0,2,0.013913522,0.013913522,1.0405838,0.091078565,0.091078565,1.0,1.2907956e-11,1.4172331e-10,-27.590738,2.2893302,0.7631101,0.128,0.0,0.13706726,25.020163,25.050163,2940800
hardzero_plus_depr__c0p54__z1p10__lam0p030__nu0p50__psi0p75,hardzero_plus_depr,0.02,40,919,0.0,2,0.013913522,0.013913522,1.0421381,0.09075318,0.09075318,1.0,1.2575669e-11,1.3857e-10,-28.159689,2.2927496,0.7642499,0.14400001,0.0,0.17576554,25.050163,25.080164,2944000
hardzero_plus_depr__c0p54__z1p10__lam0p030__nu0p50__psi0p75,hardzero_plus_depr,0.02,40,920,0.0,2,0.013913522,0.013913522,0.9809813,0.10447652,0.10447652,1.0,1.4155195e-11,1.3548686e-10,-26.186556,2.158202,0.71940064,0.24800001,0.0,0.14029427,25.080164,25.110165,2947200
hardzero_plus_depr__c0p54__z1p10__lam0p030__nu0p50__psi0p75,hardzero_plus_depr,0.02,40,921,0.0,2,0.013913522,0.013913522,0.99519074,0.10111353,0.10111353,1.0,1.339477e-11,1.3247257e-10,-25.982853,2.1894634,0.72982115,0.216,0.0,0.14426292,25.110165,25.140165,2950400
hardzero_plus_depr__c0p54__z1p10__lam0p030__nu0p50__psi0p75,hardzero_plus_depr,0.02,40,922,0.0,2,0.013913522,0.013913522,1.0105672,0.097596176,0.097596176,1.0,1.2641153e-11,1.2952509e-10,-26.700993,2.223292,0.7410974,0.16800001,0.0,0.110439636,25.140165,25.170166,2953600
hardzero_plus_depr__c0p54__z1p10__lam0p030__nu0p50__psi0p75,hardzero_plus_depr,0.02,40,923,0.0,2,0.013913522,0.013913522,0.95258445,0.11153612,0.11153612,1.0,1.4125291e-11,1.266432e-10,-25.803915,2.0957277,0.6985759,0.22,0.0,0.105330616,25.170166,25.200167,2956800
hardzero_plus_depr__c0p54__z1p10__lam0p030__nu0p50__psi0p75,hardzero_plus_depr,0.02,40,924,0.0,2,0.013913522,0.013913522,0.98879594,0.1026134,0.1026134,1.0,1.2706146e-11,1.2382541e-10,-27.680607,2.1753945,0.7251315,0.17600001,0.0,0.18188444,25.200167,25.230167,2960000
hardzero_plus_depr__c0p54__z1p10__lam0p030__nu0p50__psi0p75,hardzero_plus_depr,0.02,40,925,0.0,2,0.013913522,0.013913522,1.0117856,0.09732274,0.09732274,1.0,1.1782897e-11,1.2107033e-10,-27.321976,2.225973,0.741991,0.18400002,0.0,0.15351734,25.230167,25.260168,2963200
hardzero_plus_depr__c0p54__z1p10__lam0p030__nu0p50__psi0p75,hardzero_plus_depr,0.02,40,926,0.0,2,0.013913522,0.013913522,0.9911864,0.10205015,0.10205015,1.0,1.2080366e-11,1.1837677e-10,-25.970781,2.1806536,0.72688454,0.192,0.0,0.12631951,25.260168,25.290169,2966400
hardzero_plus_depr__c0p54__z1p10__lam0p030__nu0p50__psi0p75,hardzero_plus_depr,0.02,40,927,0.0,2,0.013913522,0.013913522,1.0072024,0.098355256,0.098355256,1.0,1.1383925e-11,1.1574292e-10,-26.883686,2.2158895,0.7386298,0.14400001,0.0,0.16540976,25.290169,25.32017,2969600
hardzero_plus_depr__c0p54__z1p10__lam0p030__nu0p50__psi0p75,hardzero_plus_depr,0.02,40,928,0.0,2,0.013913522,0.013913522,1.0203664,0.09541871,0.09541871,1.0,1.0798313e-11,1.1316767e-10,-27.264595,2.2448509,0.7482836,0.136,0.0,0.1447872,25.32017,25.35017,2972800
hardzero_plus_depr__c0p54__z1p10__lam0p030__nu0p50__psi0p75,hardzero_plus_depr,0.02,40,929,0.0,2,0.013913522,0.013913522,1.0288483,0.09357325,0.09357325,1.0,1.0353874e-11,1.10649934e-10,-27.256897,2.2635114,0.75450385,0.16000001,0.008,0.14133933,25.35017,25.38017,2976000
hardzero_plus_depr__c0p54__z1p10__lam0p030__nu0p50__psi0p75,hardzero_plus_depr,0.02,40,930,0.0,2,0.013913522,0.013913522,1.0061834,0.0985863,0.0985863,1.0,1.06658545e-11,1.08188e-10,-26.53384,2.2136476,0.73788255,0.16800001,0.0,0.13490863,25.38017,25.410172,2979200
hardzero_plus_depr__c0p54__z1p10__lam0p030__nu0p50__psi0p75,hardzero_plus_depr,0.02,40,931,0.0,2,0.013913522,0.013913522,1.0414715,0.09089259,0.09089259,1.0,9.614695e-12,1.0578085e-10,-27.69697,2.291283,0.763761,0.136,0.0,0.16530053,25.410172,25.440172,2982400
hardzero_plus_depr__c0p54__z1p10__lam0p030__nu0p50__psi0p75,hardzero_plus_depr,0.02,40,932,0.0,2,0.013913522,0.013913522,0.95165324,0.11177555,0.11177555,1.0,1.1560637e-11,1.03427246e-10,-25.51572,2.093679,0.697893,0.15200001,0.0,0.112571284,25.440172,25.470173,2985600
hardzero_plus_depr__c0p54__z1p10__lam0p030__nu0p50__psi0p75,hardzero_plus_depr,0.02,40,933,0.0,2,0.013913522,0.013913522,1.0468235,0.08977936,0.08977936,1.0,9.07903e-12,1.01126024e-10,-27.657967,2.3030577,0.7676859,0.17600001,0.0,0.16317226,25.470173,25.500174,2988800
hardzero_plus_depr__c0p54__z1p10__lam0p030__nu0p50__psi0p75,hardzero_plus_depr,0.02,40,934,0.0,2,0.013913522,0.013913522,0.9954117,0.101062104,0.101062104,1.0,9.992635e-12,9.8876185e-11,-26.569979,2.1899495,0.7299832,0.17600001,0.0,0.13690566,25.500174,25.530174,2992000
hardzero_plus_depr__c0p54__z1p10__lam0p030__nu0p50__psi0p75,hardzero_plus_depr,0.02,40,935,0.0,2,0.013913522,0.013913522,1.0361365,0.09201603,0.09201603,1.0,8.895761e-12,9.667621e-11,-27.343357,2.2795458,0.7598486,0.16800001,0.0,0.15781619,25.530174,25.560175,2995200
hardzero_plus_depr__c0p54__z1p10__lam0p030__nu0p50__psi0p75,hardzero_plus_depr,0.02,40,936,0.0,2,0.013913522,0.013913522,1.0201837,0.095458865,0.095458865,1.0,9.023267e-12,9.452519e-11,-27.391357,2.244449,0.74814963,0.19999999,0.0,0.14100899,25.560175,25.590176,2998400
hardzero_plus_depr__c0p54__z1p10__lam0p030__nu0p50__psi0p75,hardzero_plus_depr,0.02,40,937,0.0,2,0.013913522,0.013913522,0.9932478,0.1015669,0.1015669,1.0,9.387038e-12,9.2422216e-11,-26.535221,2.1851888,0.7283963,0.128,0.0,0.12137261,25.590176,25.620176,3001600
hardzero_plus_depr__c0p54__z1p10__lam0p030__nu0p50__psi0p75,hardzero_plus_depr,0.02,40,938,0.0,2,0.013913522,0.013913522,0.9995712,0.100098774,0.100098774,1.0,9.04551e-12,9.036584e-11,-26.37796,2.1991005,0.73303354,0.14400001,0.0,0.14290275,25.620176,25.650177,3004800
hardzero_plus_depr__c0p54__z1p10__lam0p030__nu0p50__psi0p75,hardzero_plus_depr,0.02,40,939,0.0,2,0.013913522,0.013913522,1.0052872,0.09878997,0.09878997,1.0,8.728611e-12,8.835523e-11,-26.571901,2.211676,0.7372253,0.16000001,0.0,0.14605269,25.650177,25.680178,3008000
hardzero_plus_depr__c0p54__z1p10__lam0p030__nu0p50__psi0p75,hardzero_plus_depr,0.02,40,940,0.0,2,0.013913522,0.013913522,0.99532384,0.10108254,0.10108254,1.0,8.732455e-12,8.638935e-11,-26.25902,2.1897562,0.7299187,0.136,0.0,0.1627543,25.680178,25.710178,3011200
hardzero_plus_depr__c0p54__z1p10__lam0p030__nu0p50__psi0p75,hardzero_plus_depr,0.02,40,941,0.0,2,0.013913522,0.013913522,1.0169667,0.0961686,0.0961686,1.0,8.1230925e-12,8.44672e-11,-27.515755,2.2373714,0.7457905,0.17600001,0.0,0.14204282,25.710178,25.74018,3014400
hardzero_plus_depr__c0p54__z1p10__lam0p030__nu0p50__psi0p75,hardzero_plus_depr,0.02,40,942,0.0,2,0.013913522,0.013913522,1.0033507,0.09923142,0.09923142,1.0,8.195323e-12,8.2587985e-11,-26.51065,2.2074156,0.7358052,0.17600001,0.0,0.12324534,25.74018,25.77018,3017600
hardzero_plus_depr__c0p54__z1p10__lam0p030__nu0p50__psi0p75,hardzero_plus_depr,0.02,40,943,0.0,2,0.013913522,0.013913522,1.0113678,0.09741643,0.09741643,1.0,7.8664185e-12,8.075043e-11,-27.648417,2.2250535,0.74168456,0.104,0.0,0.14924423,25.77018,25.80018,3020800
hardzero_plus_depr__c0p54__z1p10__lam0p030__nu0p50__psi0p75,hardzero_plus_depr,0.02,40,944,0.0,2,0.013913522,0.013913522,0.98509467,0.10349166,0.10349166,1.0,8.171056e-12,7.895376e-11,-27.388262,2.1672516,0.72241724,0.14400001,0.0,0.1359376,25.80018,25.830181,3024000
hardzero_plus_depr__c0p54__z1p10__lam0p030__nu0p50__psi0p75,hardzero_plus_depr,0.02,40,945,0.0,2,0.013913522,0.013913522,1.0059354,0.0986426,0.0986426,1.0,7.614933e-12,7.71972e-11,-27.077255,2.213102,0.7377007,0.17600001,0.0,0.13405257,25.830181,25.860182,3027200
hardzero_plus_depr__c0p54__z1p10__lam0p030__nu0p50__psi0p75,hardzero_plus_depr,0.02,40,946,0.0,2,0.013913522,0.013913522,1.0290533,0.09352907,0.09352907,1.0,7.0595357e-12,7.547959e-11,-27.556612,2.2639625,0.75465417,0.2,0.0,0.16421051,25.860182,25.890182,3030400
hardzero_plus_depr__c0p54__z1p10__lam0p030__nu0p50__psi0p75,hardzero_plus_depr,0.02,40,947,0.0,2,0.013913522,0.013913522,0.97091883,0.10692546,0.10692546,1.0,7.891119e-12,7.380019e-11,-25.912045,2.136064,0.71202135,0.23200001,0.0,0.13597846,25.890182,25.920183,3033600
hardzero_plus_depr__c0p54__z1p10__lam0p030__nu0p50__psi0p75,hardzero_plus_depr,0.02,40,948,0.0,2,0.013913522,0.013913522,1.0450491,0.09014693,0.09014693,1.0,6.5048353e-12,7.215815e-11,-27.427101,2.2991538,0.7663846,0.104,0.0,0.15401275,25.920183,25.950184,3036800
hardzero_plus_depr__c0p54__z1p10__lam0p030__nu0p50__psi0p75,hardzero_plus_depr,0.02,40,949,0.0,2,0.013913522,0.013913522,0.9936901,0.10146353,0.10146353,1.0,7.1585203e-12,7.055265e-11,-26.997227,2.1861618,0.7287206,0.17999999,0.0,0.11686736,25.950184,25.980185,3040000
hardzero_plus_depr__c0p54__z1p10__lam0p030__nu0p50__psi0p75,hardzero_plus_depr,0.02,40,950,0.0,2,0.013913522,0.013913522,0.97671247,0.105508514,0.105508514,1.0,7.278294e-12,6.898301e-11,-26.676256,2.1488104,0.71627015,0.192,0.0,0.15949082,25.980185,26.010185,3043200
hardzero_plus_depr__c0p54__z1p10__lam0p030__nu0p50__psi0p75,hardzero_plus_depr,0.02,40,951,0.0,2,0.013913522,0.013913522,0.96076554,0.1094547,0.1094547,1.0,7.382517e-12,6.744815e-11,-25.792406,2.1137264,0.7045755,0.18400002,0.0,0.12365683,26.010185,26.040186,3046400
hardzero_plus_depr__c0p54__z1p10__lam0p030__nu0p50__psi0p75,hardzero_plus_depr,0.02,40,952,0.0,2,0.013913522,0.013913522,0.96545154,0.10828005,0.10828005,1.0,7.1407927e-12,6.594745e-11,-26.36426,2.1240358,0.708012,0.16800001,0.0,0.15271568,26.040186,26.070187,3049600
hardzero_plus_depr__c0p54__z1p10__lam0p030__nu0p50__psi0p75,hardzero_plus_depr,0.02,40,953,0.0,2,0.013913522,0.013913522,1.0334673,0.09258332,0.09258332,1.0,5.9697967e-12,6.448026e-11,-27.536577,2.2736735,0.7578912,0.136,0.0,0.14307752,26.070187,26.100187,3052800
hardzero_plus_depr__c0p54__z1p10__lam0p030__nu0p50__psi0p75,hardzero_plus_depr,0.02,40,954,0.0,2,0.013913522,0.013913522,1.0181085,0.0959161,0.0959161,1.0,6.047087e-12,6.304559e-11,-28.02609,2.2398834,0.7466278,0.136,0.0,0.15267889,26.100187,26.130188,3056000
hardzero_plus_depr__c0p54__z1p10__lam0p030__nu0p50__psi0p75,hardzero_plus_depr,0.02,40,955,0.0,2,0.013913522,0.013913522,1.0132798,0.096988484,0.096988484,1.0,5.978646e-12,6.1642844e-11,-28.093676,2.22926,0.7430867,0.216,0.0,0.16396719,26.130188,26.160189,3059200
hardzero_plus_depr__c0p54__z1p10__lam0p030__nu0p50__psi0p75,hardzero_plus_depr,0.02,40,956,0.0,2,0.013913522,0.013913522,1.0623238,0.086631574,0.086631574,1.0,5.2213984e-12,6.027131e-11,-28.53607,2.337159,0.779053,0.128,0.0,0.16760296,26.160189,26.19019,3062400
hardzero_plus_depr__c0p54__z1p10__lam0p030__nu0p50__psi0p75,hardzero_plus_depr,0.02,40,957,0.0,2,0.013913522,0.013913522,1.0674378,0.08561743,0.08561743,1.0,5.0454597e-12,5.8930284e-11,-28.15059,2.34841,0.7828033,0.112,0.0,0.14416298,26.19019,26.22019,3065600
hardzero_plus_depr__c0p54__z1p10__lam0p030__nu0p50__psi0p75,hardzero_plus_depr,0.02,40,958,0.0,2,0.013913522,0.013913522,1.0210569,0.09526713,0.09526713,1.0,5.489217e-12,5.7619215e-11,-26.811657,2.24637,0.74879,0.112,0.0,0.14194869,26.22019,26.25019,3068800
hardzero_plus_depr__c0p54__z1p10__lam0p030__nu0p50__psi0p75,hardzero_plus_depr,0.02,40,959,0.0,2,0.013913522,0.013913522,0.9938741,0.10142055,0.10142055,1.0,5.71375e-12,5.63372e-11,-27.570366,2.1865666,0.72885555,0.15200001,0.0,0.14333944,26.25019,26.280191,3072000
hardzero_plus_depr__c0p54__z1p10__lam0p030__nu0p50__psi0p75,hardzero_plus_depr,0.02,40,960,0.0,2,0.013913522,0.013913522,1.0118088,0.09731756,0.09731756,1.0,5.360612e-12,5.508371e-11,-26.37448,2.2260237,0.7420079,0.16800001,0.0,0.14218557,26.280191,26.310192,3075200
hardzero_plus_depr__c0p54__z1p10__lam0p030__nu0p50__psi0p75,hardzero_plus_depr,0.02,40,961,0.0,2,0.013913522,0.013913522,1.089077,0.081455976,0.081455976,1.0,4.387074e-12,5.385822e-11,-28.55734,2.3960173,0.79867244,0.192,0.0,0.16990945,26.310192,26.340193,3078400
hardzero_plus_depr__c0p54__z1p10__lam0p030__nu0p50__psi0p75,hardzero_plus_depr,0.02,40,962,0.0,2,0.013913522,0.013913522,1.0747119,0.08419535,0.08419535,1.0,4.4337173e-12,5.2659883e-11,-29.569775,2.3644135,0.78813785,0.12,0.0,0.153442,26.340193,26.370193,3081600
hardzero_plus_depr__c0p54__z1p10__lam0p030__nu0p50__psi0p75,hardzero_plus_depr,0.02,40,963,0.0,2,0.013913522,0.013913522,1.0607178,0.086952515,0.086952515,1.0,4.47703e-12,5.1488216e-11,-28.857021,2.3336258,0.7778753,0.128,0.0,0.14989968,26.370193,26.400194,3084800
hardzero_plus_depr__c0p54__z1p10__lam0p030__nu0p50__psi0p75,hardzero_plus_depr,0.02,40,964,0.0,2,0.013913522,0.013913522,0.9691717,0.107356496,0.107356496,1.0,5.4046073e-12,5.034262e-11,-25.811583,2.1322203,0.7107401,0.14400001,0.0,0.12394806,26.400194,26.430195,3088000
hardzero_plus_depr__c0p54__z1p10__lam0p030__nu0p50__psi0p75,hardzero_plus_depr,0.02,40,965,0.0,2,0.013913522,0.013913522,1.0255514,0.09428629,0.09428629,1.0,4.6410076e-12,4.9222508e-11,-27.660864,2.2562582,0.7520861,0.136,0.0,0.14791492,26.430195,26.460196,3091200
hardzero_plus_depr__c0p54__z1p10__lam0p030__nu0p50__psi0p75,hardzero_plus_depr,0.02,40,966,0.0,2,0.013913522,0.013913522,1.0280571,0.093743876,0.093743876,1.0,4.51165e-12,4.8127412e-11,-27.083641,2.2617707,0.7539236,0.128,0.0,0.14572524,26.460196,26.490196,3094400
hardzero_plus_depr__c0p54__z1p10__lam0p030__nu0p50__psi0p75,hardzero_plus_depr,0.02,40,967,0.0,2,0.013913522,0.013913522,1.0220603,0.095047295,0.095047295,1.0,4.4726015e-12,4.7056588e-11,-27.761087,2.2485776,0.7495259,0.2,0.0,0.17976128,26.490196,26.520197,3097600
hardzero_plus_depr__c0p54__z1p10__lam0p030__nu0p50__psi0p75,hardzero_plus_depr,0.02,40,968,0.0,2,0.013913522,0.013913522,0.9573922,0.11030819,0.11030819,1.0,5.0752354e-12,4.6009595e-11,-25.777205,2.106305,0.70210165,0.16800001,0.0,0.14440337,26.520197,26.550198,3100800
hardzero_plus_depr__c0p54__z1p10__lam0p030__nu0p50__psi0p75,hardzero_plus_depr,0.02,40,969,0.0,2,0.013913522,0.013913522,1.0477308,0.08959199,0.08959199,1.0,4.0303832e-12,4.4985977e-11,-27.759184,2.3050537,0.76835126,0.18400002,0.0,0.16333841,26.550198,26.580198,3104000
hardzero_plus_depr__c0p54__z1p10__lam0p030__nu0p50__psi0p75,hardzero_plus_depr,0.02,40,970,0.0,2,0.013913522,0.013913522,1.0298604,0.09335543,0.09335543,1.0,4.1062436e-12,4.398505e-11,-27.145945,2.265738,0.75524604,0.136,0.0,0.13883369,26.580198,26.610199,3107200
hardzero_plus_depr__c0p54__z1p10__lam0p030__nu0p50__psi0p75,hardzero_plus_depr,0.02,40,971,0.0,2,0.013913522,0.013913522,0.9864163,0.10317719,0.10317719,1.0,4.437279e-12,4.3006397e-11,-26.654404,2.170159,0.7233864,0.2,0.0,0.1424079,26.610199,26.6402,3110400
hardzero_plus_depr__c0p54__z1p10__lam0p030__nu0p50__psi0p75,hardzero_plus_depr,0.02,40,972,0.0,2,0.013913522,0.013913522,1.0647365,0.08615164,0.08615164,1.0,3.6226343e-12,4.2049513e-11,-27.811298,2.342467,0.7808224,0.136,0.0,0.16144457,26.6402,26.6702,3113600
hardzero_plus_depr__c0p54__z1p10__lam0p030__nu0p50__psi0p75,hardzero_plus_depr,0.02,40,973,0.0,2,0.013913522,0.013913522,0.9945838,0.10125493,0.10125493,1.0,4.1629877e-12,4.1113925e-11,-27.347763,2.188128,0.729376,0.128,0.0,0.15844327,26.6702,26.700201,3116800
hardzero_plus_depr__c0p54__z1p10__lam0p030__nu0p50__psi0p75,hardzero_plus_depr,0.02,40,974,0.0,2,0.013913522,0.013913522,0.987365,0.102952026,0.102952026,1.0,4.138592e-12,4.0199226e-11,-26.390894,2.1722465,0.7240822,0.18400002,0.0,0.16692679,26.700201,26.730202,3120000
hardzero_plus_depr__c0p54__z1p10__lam0p030__nu0p50__psi0p75,hardzero_plus_depr,0.02,40,975,0.0,2,0.013913522,0.013913522,1.0126182,0.097136356,0.097136356,1.0,3.8179256e-12,3.9304806e-11,-26.573975,2.2278044,0.7426015,0.14999999,0.0,0.13280192,26.730202,26.760202,3123200
hardzero_plus_depr__c0p54__z1p10__lam0p030__nu0p50__psi0p75,hardzero_plus_depr,0.02,40,976,0.0,2,0.013913522,0.013913522,0.9884388,0.10269781,0.10269781,1.0,3.946706e-12,3.8430283e-11,-26.678518,2.1746087,0.7248696,0.18400002,0.0,0.17269832,26.760202,26.790203,3126400
hardzero_plus_depr__c0p54__z1p10__lam0p030__nu0p50__psi0p75,hardzero_plus_depr,0.02,40,977,0.0,2,0.013913522,0.013913522,1.0768154,0.08378854,0.08378854,1.0,3.148379e-12,3.7575294e-11,-28.394674,2.3690412,0.7896804,0.104,0.0,0.15559678,26.790203,26.820204,3129600
hardzero_plus_depr__c0p54__z1p10__lam0p030__nu0p50__psi0p75,hardzero_plus_depr,0.02,40,978,0.0,2,0.013913522,0.013913522,1.038275,0.09156405,0.09156405,1.0,3.363995e-12,3.6739254e-11,-27.341532,2.2842505,0.76141685,0.120000005,0.0,0.13742594,26.820204,26.850204,3132800
hardzero_plus_depr__c0p54__z1p10__lam0p030__nu0p50__psi0p75,hardzero_plus_depr,0.02,40,979,0.0,2,0.013913522,0.013913522,0.99727774,0.100628786,0.100628786,1.0,3.6147682e-12,3.592181e-11,-26.552786,2.1940548,0.7313516,0.104,0.0,0.12941545,26.850204,26.880205,3136000
hardzero_plus_depr__c0p54__z1p10__lam0p030__nu0p50__psi0p75,hardzero_plus_depr,0.02,40,980,0.0,2,0.013913522,0.013913522,0.9687134,0.107469834,0.107469834,1.0,3.774616e-12,3.5122565e-11,-26.524622,2.131212,0.71040404,0.272,0.008,0.15888217,26.880205,26.910206,3139200
hardzero_plus_depr__c0p54__z1p10__lam0p030__nu0p50__psi0p75,hardzero_plus_depr,0.02,40,981,0.0,2,0.013913522,0.013913522,1.0269177,0.09399014,0.09399014,1.0,3.227724e-12,3.4341092e-11,-27.9915,2.259264,0.753088,0.15200001,0.0,0.1592214,26.910206,26.940207,3142400
hardzero_plus_depr__c0p54__z1p10__lam0p030__nu0p50__psi0p75,hardzero_plus_depr,0.02,40,982,0.0,2,0.013913522,0.013913522,0.9993801,0.10014284,0.10014284,1.0,3.3625043e-12,3.3577082e-11,-27.118797,2.1986802,0.7328934,0.17600001,0.0,0.15547487,26.940207,26.970207,3145600
hardzero_plus_depr__c0p54__z1p10__lam0p030__nu0p50__psi0p75,hardzero_plus_depr,0.02,40,983,0.0,2,0.013913522,0.013913522,1.030076,0.09330908,0.09330908,1.0,3.0633367e-12,3.2829996e-11,-27.26997,2.2662125,0.7554042,0.16000001,0.0,0.17862134,26.970207,27.000208,3148800
hardzero_plus_depr__c0p54__z1p10__lam0p030__nu0p50__psi0p75,hardzero_plus_depr,0.02,40,984,0.0,2,0.013913522,0.013913522,1.0193893,0.09563363,0.09563363,1.0,3.0697957e-12,3.2099542e-11,-27.465635,2.242701,0.74756706,0.120000005,0.0,0.14992192,27.000208,27.030209,3152000
hardzero_plus_depr__c0p54__z1p10__lam0p030__nu0p50__psi0p75,hardzero_plus_depr,0.02,40,985,0.0,2,0.013913522,0.013913522,0.9933439,0.101544425,0.101544425,1.0,3.1870114e-12,3.138539e-11,-27.003523,2.1854002,0.72846675,0.18400002,0.0,0.13970318,27.030209,27.06021,3155200
hardzero_plus_depr__c0p54__z1p10__lam0p030__nu0p50__psi0p75,hardzero_plus_depr,0.02,40,986,0.0,2,0.013913522,0.013913522,1.0530236,0.08850675,0.08850675,1.0,2.7160136e-12,3.0687078e-11,-27.98595,2.316698,0.7722327,0.16800001,0.0,0.16433966,27.06021,27.09021,3158400
hardzero_plus_depr__c0p54__z1p10__lam0p030__nu0p50__psi0p75,hardzero_plus_depr,0.02,40,987,0.0,2,0.013913522,0.013913522,0.9838183,0.103796266,0.103796266,1.0,3.114334e-12,3.0004298e-11,-27.051107,2.1644435,0.7214812,0.16800001,0.0,0.15987496,27.09021,27.12021,3161600
hardzero_plus_depr__c0p54__z1p10__lam0p030__nu0p50__psi0p75,hardzero_plus_depr,0.02,40,988,0.0,2,0.013913522,0.013913522,1.0206823,0.09534932,0.09534932,1.0,2.797235e-12,2.9336707e-11,-27.787388,2.245546,0.74851537,0.21,0.0,0.13680331,27.12021,27.150211,3164800
hardzero_plus_depr__c0p54__z1p10__lam0p030__nu0p50__psi0p75,hardzero_plus_depr,0.02,40,989,0.0,2,0.013913522,0.013913522,0.9679248,0.10766515,0.10766515,1.0,3.0882647e-12,2.8683977e-11,-27.054836,2.129477,0.7098257,0.18400002,0.0,0.13219918,27.150211,27.180212,3168000
hardzero_plus_depr__c0p54__z1p10__lam0p030__nu0p50__psi0p75,hardzero_plus_depr,0.02,40,990,0.0,2,0.013913522,0.013913522,1.0247002,0.09447128,0.09447128,1.0,2.6495245e-12,2.804582e-11,-27.914312,2.2543855,0.75146186,0.17600001,0.0,0.16795039,27.180212,27.210213,3171200
hardzero_plus_depr__c0p54__z1p10__lam0p030__nu0p50__psi0p75,hardzero_plus_depr,0.02,40,991,0.0,2,0.013913522,0.013913522,0.9645157,0.10851362,0.10851362,1.0,2.9756395e-12,2.7421806e-11,-26.440458,2.1219769,0.70732564,0.16000001,0.0,0.14293048,27.210213,27.240213,3174400
hardzero_plus_depr__c0p54__z1p10__lam0p030__nu0p50__psi0p75,hardzero_plus_depr,0.02,40,992,0.0,2,0.013913522,0.013913522,1.0312324,0.093060985,0.093060985,1.0,2.4951213e-12,2.681168e-11,-27.373186,2.2687564,0.75625217,0.128,0.0,0.14474472,27.240213,27.270214,3177600
hardzero_plus_depr__c0p54__z1p10__lam0p030__nu0p50__psi0p75,hardzero_plus_depr,0.02,40,993,0.0,2,0.013913522,0.013913522,1.0099683,0.09773085,0.09773085,1.0,2.5620315e-12,2.6215176e-11,-26.27167,2.2219746,0.7406582,0.17600001,0.0,0.13965599,27.270214,27.300215,3180800
hardzero_plus_depr__c0p54__z1p10__lam0p030__nu0p50__psi0p75,hardzero_plus_depr,0.02,40,994,0.0,2,0.013913522,0.013913522,1.0026988,0.09938051,0.09938051,1.0,2.5473107e-12,2.5631894e-11,-26.849607,2.2059813,0.7353271,0.14400001,0.0,0.13221157,27.300215,27.330215,3184000
hardzero_plus_depr__c0p54__z1p10__lam0p030__nu0p50__psi0p75,hardzero_plus_depr,0.02,40,995,0.0,2,0.013913522,0.013913522,1.0131199,0.097024195,0.097024195,1.0,2.4315812e-12,2.5061595e-11,-26.681957,2.2289083,0.74296945,0.16000001,0.0,0.13992961,27.330215,27.360216,3187200
hardzero_plus_depr__c0p54__z1p10__lam0p030__nu0p50__psi0p75,hardzero_plus_depr,0.02,40,996,0.0,2,0.013913522,0.013913522,1.0317271,0.09295504,0.09295504,1.0,2.2777683e-12,2.4503979e-11,-27.588884,2.269845,0.75661504,0.16800001,0.0,0.15650523,27.360216,27.390217,3190400
hardzero_plus_depr__c0p54__z1p10__lam0p030__nu0p50__psi0p75,hardzero_plus_depr,0.02,40,997,0.0,2,0.013913522,0.013913522,1.0488837,0.08935448,0.08935448,1.0,2.1408235e-12,2.3958772e-11,-27.529716,2.3075902,0.76919675,0.16800001,0.0,0.12830281,27.390217,27.420218,3193600
hardzero_plus_depr__c0p54__z1p10__lam0p030__nu0p50__psi0p75,hardzero_plus_depr,0.02,40,998,0.0,2,0.013913522,0.013913522,0.9770281,0.10543188,0.10543188,1.0,2.4698197e-12,2.342574e-11,-26.901604,2.1495047,0.7165016,0.17600001,0.0,0.1622935,27.420218,27.450218,3196800
hardzero_plus_depr__c0p54__z1p10__lam0p030__nu0p50__psi0p75,hardzero_plus_depr,0.02,40,999,0.0,2,0.013913522,0.013913522,1.0136986,0.09689502,0.09689502,1.0,2.2193343e-12,2.2904524e-11,-27.517496,2.2301815,0.74339384,0.15200001,0.0,0.14961995,27.450218,27.480219,3200000
hardzero_plus_depr__c0p54__z1p10__lam0p030__nu0p50__psi0p75,hardzero_plus_depr,0.02,40,1000,0.0,2,0.013913522,0.013913522,0.98888826,0.102591574,0.102591574,1.0,2.2975287e-12,2.2394905e-11,-26.360357,2.1755977,0.7251992,0.128,0.0,0.14957042,27.480219,27.51022,3203200
hardzero_plus_depr__c0p54__z1p10__lam0p030__nu0p50__psi0p75,hardzero_plus_depr,0.02,40,1001,0.0,2,0.013913522,0.013913522,1.0046755,0.0989292,0.0989292,1.0,2.1662192e-12,2.1896663e-11,-26.708038,2.2103302,0.73677677,0.14999999,0.0,0.15311547,27.51022,27.54022,3206400
hardzero_plus_depr__c0p54__z1p10__lam0p030__nu0p50__psi0p75,hardzero_plus_depr,0.02,40,1002,0.0,2,0.013913522,0.013913522,1.0041125,0.09905754,0.09905754,1.0,2.1207695e-12,2.1409471e-11,-26.789171,2.2090917,0.7363639,0.096,0.0,0.13984105,27.54022,27.57022,3209600
hardzero_plus_depr__c0p54__z1p10__lam0p030__nu0p50__psi0p75,hardzero_plus_depr,0.02,40,1003,0.0,2,0.013913522,0.013913522,1.0065464,0.098503955,0.098503955,1.0,2.0619947e-12,2.0933115e-11,-26.725395,2.2144463,0.7381488,0.128,0.0,0.16163656,27.57022,27.600222,3212800
hardzero_plus_depr__c0p54__z1p10__lam0p030__nu0p50__psi0p75,hardzero_plus_depr,0.02,40,1004,0.0,2,0.013913522,0.013913522,1.0308763,0.09313732,0.09313732,1.0,1.9062748e-12,2.0467359e-11,-26.894907,2.2679732,0.7559911,0.208,0.0,0.1371303,27.600222,27.630222,3216000
hardzero_plus_depr__c0p54__z1p10__lam0p030__nu0p50__psi0p75,hardzero_plus_depr,0.02,40,1005,0.0,2,0.013913522,0.013913522,0.99356306,0.101493195,0.101493195,1.0,2.0310782e-12,2.0011964e-11,-27.267675,2.1858823,0.72862744,0.136,0.0,0.15668884,27.630222,27.660223,3219200
hardzero_plus_depr__c0p54__z1p10__lam0p030__nu0p50__psi0p75,hardzero_plus_depr,0.02,40,1006,0.0,2,0.013913522,0.013913522,1.01893,0.095734835,0.095734835,1.0,1.873219e-12,1.9566744e-11,-26.912766,2.2416906,0.74723023,0.136,0.0,0.15595119,27.660223,27.690224,3222400
hardzero_plus_depr__c0p54__z1p10__lam0p030__nu0p50__psi0p75,hardzero_plus_depr,0.02,40,1007,0.0,2,0.013913522,0.013913522,0.97075105,0.106966786,0.106966786,1.0,2.046423e-12,1.9131387e-11,-26.786602,2.135695,0.7118983,0.18400002,0.0,0.16101912,27.690224,27.720224,3225600
hardzero_plus_depr__c0p54__z1p10__lam0p030__nu0p50__psi0p75,hardzero_plus_depr,0.02,40,1008,0.0,2,0.013913522,0.013913522,0.9972087,0.1006448,0.1006448,1.0,1.8826334e-12,1.870572e-11,-26.455185,2.193903,0.731301,0.128,0.0,0.13140297,27.720224,27.750225,3228800
hardzero_plus_depr__c0p54__z1p10__lam0p030__nu0p50__psi0p75,hardzero_plus_depr,0.02,40,1009,0.0,2,0.013913522,0.013913522,0.983576,0.10385419,0.10385419,1.0,1.899447e-12,1.8289556e-11,-26.61016,2.1639104,0.72130346,0.128,0.0,0.13327573,27.750225,27.780226,3232000
hardzero_plus_depr__c0p54__z1p10__lam0p030__nu0p50__psi0p75,hardzero_plus_depr,0.02,40,1010,0.0,2,0.013913522,0.013913522,0.93733597,0.11552181,0.11552181,1.0,2.0658325e-12,1.7882619e-11,-25.851711,2.0621803,0.6873934,0.208,0.0,0.14106467,27.780226,27.810226,3235200
hardzero_plus_depr__c0p54__z1p10__lam0p030__nu0p50__psi0p75,hardzero_plus_depr,0.02,40,1011,0.0,2,0.013913522,0.013913522,0.99513125,0.10112738,0.10112738,1.0,1.7681855e-12,1.7484736e-11,-27.31131,2.1893325,0.7297775,0.2,0.0,0.17380229,27.810226,27.840227,3238400
hardzero_plus_depr__c0p54__z1p10__lam0p030__nu0p50__psi0p75,hardzero_plus_depr,0.02,40,1012,0.0,2,0.013913522,0.013913522,1.0741181,0.08431054,0.08431054,1.0,1.4413481e-12,1.7095705e-11,-27.933674,2.363107,0.7877023,0.136,0.0,0.15662515,27.840227,27.870228,3241600
hardzero_plus_depr__c0p54__z1p10__lam0p030__nu0p50__psi0p75,hardzero_plus_depr,0.02,40,1013,0.0,2,0.013913522,0.013913522,0.99864644,0.10031214,0.10031214,1.0,1.6767506e-12,1.671533e-11,-27.329645,2.197066,0.73235536,0.2,0.0,0.13041529,27.870228,27.900229,3244800
hardzero_plus_depr__c0p54__z1p10__lam0p030__nu0p50__psi0p75,hardzero_plus_depr,0.02,40,1014,0.0,2,0.013913522,0.013913522,1.013616,0.09691346,0.09691346,1.0,1.5839001e-12,1.634345e-11,-26.2057,2.2299995,0.7433332,0.11,0.0,0.1315783,27.900229,27.93023,3248000
hardzero_plus_depr__c0p54__z1p10__lam0p030__nu0p50__psi0p75,hardzero_plus_depr,0.02,40,1015,0.0,2,0.013913522,0.013913522,0.9569781,0.11041344,0.11041344,1.0,1.7643862e-12,1.5979813e-11,-25.343355,2.105394,0.70179796,0.23200001,0.0,0.13611752,27.93023,27.96023,3251200
hardzero_plus_depr__c0p54__z1p10__lam0p030__nu0p50__psi0p75,hardzero_plus_depr,0.02,40,1016,0.0,2,0.013913522,0.013913522,0.9874526,0.10293127,0.10293127,1.0,1.6082255e-12,1.5624266e-11,-27.746851,2.172439,0.72414637,0.192,0.0,0.14161794,27.96023,27.99023,3254400
hardzero_plus_depr__c0p54__z1p10__lam0p030__nu0p50__psi0p75,hardzero_plus_depr,0.02,40,1017,0.0,2,0.013913522,0.013913522,1.0150471,0.09659461,0.09659461,1.0,1.4756431e-12,1.527666e-11,-26.392761,2.233148,0.74438274,0.128,0.0,0.14009023,27.99023,28.020231,3257600
hardzero_plus_depr__c0p54__z1p10__lam0p030__nu0p50__psi0p75,hardzero_plus_depr,0.02,40,1018,0.0,2,0.013913522,0.013913522,1.0597162,0.08715328,0.08715328,1.0,1.3017875e-12,1.4936758e-11,-28.042286,2.3314223,0.7771408,0.18400002,0.0,0.17262639,28.020231,28.050232,3260800
hardzero_plus_depr__c0p54__z1p10__lam0p030__nu0p50__psi0p75,hardzero_plus_depr,0.02,40,1019,0.0,2,0.013913522,0.013913522,1.0129296,0.097066745,0.097066745,1.0,1.4176032e-12,1.4604417e-11,-27.091091,2.2284894,0.7428298,0.120000005,0.0,0.13031884,28.050232,28.080233,3264000
hardzero_plus_depr__c0p54__z1p10__lam0p030__nu0p50__psi0p75,hardzero_plus_depr,0.02,40,1020,0.0,2,0.013913522,0.013913522,1.0324415,0.092802234,0.092802234,1.0,1.3251672e-12,1.4279475e-11,-27.614447,2.2714167,0.7571389,0.136,0.0,0.16309886,28.080233,28.110233,3267200
hardzero_plus_depr__c0p54__z1p10__lam0p030__nu0p50__psi0p75,hardzero_plus_depr,0.02,40,1021,0.0,2,0.013913522,0.013913522,1.0423641,0.09070596,0.09070596,1.0,1.2664147e-12,1.3961759e-11,-28.177431,2.2932467,0.7644156,0.104,0.0,0.14197755,28.110233,28.140234,3270400
hardzero_plus_depr__c0p54__z1p10__lam0p030__nu0p50__psi0p75,hardzero_plus_depr,0.02,40,1022,0.0,2,0.013913522,0.013913522,1.0122708,0.097214095,0.097214095,1.0,1.3270833e-12,1.3651141e-11,-27.599506,2.2270403,0.74234676,0.208,0.0,0.16617493,28.140234,28.170235,3273600
hardzero_plus_depr__c0p54__z1p10__lam0p030__nu0p50__psi0p75,hardzero_plus_depr,0.02,40,1023,0.0,2,0.013913522,0.013913522,1.0095241,0.09783087,0.09783087,1.0,1.3057884e-12,1.33474065e-11,-26.409962,2.2209973,0.7403325,0.15200001,0.0,0.14255652,28.170235,28.200235,3276800
hardzero_plus_depr__c0p54__z1p10__lam0p030__nu0p50__psi0p75,hardzero_plus_depr,0.02,40,1024,0.0,2,0.013913522,0.013913522,0.9366891,0.11569402,0.11569402,1.0,1.5098568e-12,1.30504305e-11,-26.069357,2.0607572,0.6869191,0.18400002,0.0,0.12967718,28.200235,28.230236,3280000
hardzero_plus_depr__c0p54__z1p10__lam0p030__nu0p50__psi0p75,hardzero_plus_depr,0.02,40,1025,0.0,2,0.013913522,0.013913522,1.0017462,0.09959873,0.09959873,1.0,1.2708882e-12,1.2760085e-11,-27.215752,2.2038856,0.73462856,0.15200001,0.0,0.1950749,28.230236,28.260237,3283200
hardzero_plus_depr__c0p54__z1p10__lam0p030__nu0p50__psi0p75,hardzero_plus_depr,0.02,40,1026,0.0,2,0.013913522,0.013913522,0.9878185,0.1028446,0.1028446,1.0,1.2831075e-12,1.2476177e-11,-26.563303,2.173244,0.7244147,0.2,0.0,0.15177083,28.260237,28.290237,3286400
hardzero_plus_depr__c0p54__z1p10__lam0p030__nu0p50__psi0p75,hardzero_plus_depr,0.02,40,1027,0.0,2,0.013913522,0.013913522,1.0252542,0.09435084,0.09435084,1.0,1.1509467e-12,1.2198585e-11,-27.670551,2.2556045,0.7518682,0.22999999,0.01,0.12863737,28.290237,28.320238,3289600
hardzero_plus_depr__c0p54__z1p10__lam0p030__nu0p50__psi0p75,hardzero_plus_depr,0.02,40,1028,0.0,2,0.013913522,0.013913522,1.0294089,0.09345253,0.09345253,1.0,1.1146242e-12,1.192717e-11,-26.693068,2.2647448,0.75491494,0.104,0.0,0.14346114,28.320238,28.350239,3292800
hardzero_plus_depr__c0p54__z1p10__lam0p030__nu0p50__psi0p75,hardzero_plus_depr,0.02,40,1029,0.0,2,0.013913522,0.013913522,1.0788498,0.08339695,0.08339695,1.0,9.725581e-13,1.1661795e-11,-28.895685,2.373517,0.7911724,0.120000005,0.0,0.1662968,28.350239,28.38024,3296000
hardzero_plus_depr__c0p54__z1p10__lam0p030__nu0p50__psi0p75,hardzero_plus_depr,0.02,40,1030,0.0,2,0.013913522,0.013913522,1.0364956,0.091939986,0.091939986,1.0,1.0483313e-12,1.1402344e-11,-27.46457,2.2803357,0.7601119,0.15200001,0.0,0.13875256,28.38024,28.41024,3299200
hardzero_plus_depr__c0p54__z1p10__lam0p030__nu0p50__psi0p75,hardzero_plus_depr,0.02,40,1031,0.0,2,0.013913522,0.013913522,0.9961945,0.1008801,0.1008801,1.0,1.1246765e-12,1.1148645e-11,-27.55334,2.1916716,0.7305572,0.18400002,0.0,0.18175374,28.41024,28.44024,3302400
hardzero_plus_depr__c0p54__z1p10__lam0p030__nu0p50__psi0p75,hardzero_plus_depr,0.02,40,1032,0.0,2,0.013913522,0.013913522,1.0318671,0.09292506,0.09292506,1.0,1.012938e-12,1.090059e-11,-27.464989,2.270153,0.7567177,0.16000001,0.0,0.13006352,28.44024,28.470242,3305600
hardzero_plus_depr__c0p54__z1p10__lam0p030__nu0p50__psi0p75,hardzero_plus_depr,0.02,40,1033,0.0,2,0.013913522,0.013913522,0.9899904,0.10233155,0.10233155,1.0,1.0906574e-12,1.0658076e-11,-26.946354,2.1780224,0.72600746,0.18400002,0.0,0.1566723,28.470242,28.500242,3308800
hardzero_plus_depr__c0p54__z1p10__lam0p030__nu0p50__psi0p75,hardzero_plus_depr,0.02,40,1034,0.0,2,0.013913522,0.013913522,1.031404,0.0930242,0.0930242,1.0,9.693993e-13,1.0420936e-11,-27.904354,2.269134,0.75637805,0.18400002,0.0,0.17210531,28.500242,28.530243,3312000
hardzero_plus_depr__c0p54__z1p10__lam0p030__nu0p50__psi0p75,hardzero_plus_depr,0.02,40,1035,0.0,2,0.013913522,0.013913522,0.9886612,0.102645226,0.102645226,1.0,1.0458597e-12,1.0189073e-11,-26.645178,2.1750982,0.72503275,0.192,0.0,0.20817813,28.530243,28.560244,3315200
hardzero_plus_depr__c0p54__z1p10__lam0p030__nu0p50__psi0p75,hardzero_plus_depr,0.02,40,1036,0.0,2,0.013913522,0.013913522,1.0282099,0.09371089,0.09371089,1.0,9.335825e-13,9.9623695e-12,-28.360788,2.2621071,0.7540357,0.136,0.0,0.16922249,28.560244,28.590244,3318400
hardzero_plus_depr__c0p54__z1p10__lam0p030__nu0p50__psi0p75,hardzero_plus_depr,0.02,40,1037,0.0,2,0.013913522,0.013913522,0.996648,0.10077481,0.10077481,1.0,9.816181e-13,9.740709e-12,-26.75954,2.1926694,0.7308898,0.16000001,0.0,0.14130217,28.590244,28.620245,3321600
hardzero_plus_depr__c0p54__z1p10__lam0p030__nu0p50__psi0p75,hardzero_plus_depr,0.02,40,1038,0.0,2,0.013913522,0.013913522,1.0193287,0.09564698,0.09564698,1.0,9.109417e-13,9.523999e-12,-27.367401,2.242568,0.7475227,0.18400002,0.0,0.14525597,28.620245,28.650246,3324800
hardzero_plus_depr__c0p54__z1p10__lam0p030__nu0p50__psi0p75,hardzero_plus_depr,0.02,40,1039,0.0,2,0.013913522,0.013913522,1.0087916,0.097996004,0.097996004,1.0,9.125479e-13,9.312093e-12,-26.567904,2.2193859,0.7397953,0.14400001,0.0,0.14933258,28.650246,28.680246,3328000
hardzero_plus_depr__c0p54__z1p10__lam0p030__nu0p50__psi0p75,hardzero_plus_depr,0.02,40,1040,0.0,2,0.013913522,0.013913522,1.0282098,0.093710914,0.093710914,1.0,8.5322857e-13,9.104901e-12,-26.429613,2.2621067,0.7540356,0.14999999,0.0,0.1473104,28.680246,28.710247,3331200
hardzero_plus_depr__c0p54__z1p10__lam0p030__nu0p50__psi0p75,hardzero_plus_depr,0.02,40,1041,0.0,2,0.013913522,0.013913522,0.99515194,0.10112254,0.10112254,1.0,9.002269e-13,8.902336e-12,-26.324152,2.189378,0.7297927,0.112,0.0,0.13648699,28.710247,28.740248,3334400
hardzero_plus_depr__c0p54__z1p10__lam0p030__nu0p50__psi0p75,hardzero_plus_depr,0.02,40,1042,0.0,2,0.013913522,0.013913522,1.013144,0.0970188,0.0970188,1.0,8.4447705e-13,8.704262e-12,-26.740738,2.2289615,0.74298716,0.16000001,0.0,0.14111806,28.740248,28.770248,3337600
hardzero_plus_depr__c0p54__z1p10__lam0p030__nu0p50__psi0p75,hardzero_plus_depr,0.02,40,1043,0.0,2,0.013913522,0.013913522,1.0336919,0.09253543,0.09253543,1.0,7.875315e-13,8.510594e-12,-26.828123,2.2741675,0.75805587,0.192,0.0,0.13992503,28.770248,28.80025,3340800
hardzero_plus_depr__c0p54__z1p10__lam0p030__nu0p50__psi0p75,hardzero_plus_depr,0.02,40,1044,0.0,2,0.013913522,0.013913522,0.9992129,0.10018138,0.10018138,1.0,8.336329e-13,8.321236e-12,-26.475103,2.1983123,0.7327708,0.15200001,0.0,0.12957762,28.80025,28.83025,3344000
hardzero_plus_depr__c0p54__z1p10__lam0p030__nu0p50__psi0p75,hardzero_plus_depr,0.02,40,1045,0.0,2,0.013913522,0.013913522,0.9934624,0.10151674,0.10151674,1.0,8.259494e-13,8.136091e-12,-26.734045,2.1856608,0.72855365,0.17600001,0.0,0.17036174,28.83025,28.86025,3347200
hardzero_plus_depr__c0p54__z1p10__lam0p030__nu0p50__psi0p75,hardzero_plus_depr,0.02,40,1046,0.0,2,0.013913522,0.013913522,1.034253,0.09241595,0.09241595,1.0,7.351763e-13,7.95508e-12,-27.709908,2.275402,0.7584674,0.16800001,0.0,0.15701672,28.86025,28.890251,3350400
hardzero_plus_depr__c0p54__z1p10__lam0p030__nu0p50__psi0p75,hardzero_plus_depr,0.02,40,1047,0.0,2,0.013913522,0.013913522,1.0272447,0.093919404,0.093919404,1.0,7.3051276e-13,7.778081e-12,-27.774878,2.2599835,0.75332785,0.16000001,0.0,0.1573215,28.890251,28.920252,3353600
hardzero_plus_depr__c0p54__z1p10__lam0p030__nu0p50__psi0p75,hardzero_plus_depr,0.02,40,1048,0.0,2,0.013913522,0.013913522,1.0061445,0.098595135,0.098595135,1.0,7.4981807e-13,7.605021e-12,-26.836014,2.2135623,0.7378541,0.120000005,0.0,0.13843267,28.920252,28.950253,3356800
hardzero_plus_depr__c0p54__z1p10__lam0p030__nu0p50__psi0p75,hardzero_plus_depr,0.02,40,1049,0.0,2,0.013913522,0.013913522,0.96175224,0.10920631,0.10920631,1.0,8.120391e-13,7.435825e-12,-26.25516,2.1158972,0.7052991,0.16000001,0.0,0.14461932,28.950253,28.980253,3360000
hardzero_plus_depr__c0p54__z1p10__lam0p030__nu0p50__psi0p75,hardzero_plus_depr,0.02,40,1050,0.0,2,0.013913522,0.013913522,1.003699,0.09915191,0.09915191,1.0,7.2087204e-13,7.27038e-12,-26.935211,2.2081819,0.7360606,0.208,0.0,0.17201668,28.980253,29.010254,3363200
hardzero_plus_depr__c0p54__z1p10__lam0p030__nu0p50__psi0p75,hardzero_plus_depr,0.02,40,1051,0.0,2,0.013913522,0.013913522,0.9768838,0.105466895,0.105466895,1.0,7.497238e-13,7.108617e-12,-26.606462,2.1491873,0.7163958,0.136,0.0,0.12249759,29.010254,29.040255,3366400
hardzero_plus_depr__c0p54__z1p10__lam0p030__nu0p50__psi0p75,hardzero_plus_depr,0.02,40,1052,0.0,2,0.013913522,0.013913522,1.0486746,0.0893975,0.0893975,1.0,6.21353e-13,6.950452e-12,-27.581709,2.30713,0.7690434,0.18400002,0.0,0.15068194,29.040255,29.070255,3369600
hardzero_plus_depr__c0p54__z1p10__lam0p030__nu0p50__psi0p75,hardzero_plus_depr,0.02,40,1053,0.0,2,0.013913522,0.013913522,1.0864484,0.08195048,0.08195048,1.0,5.569196e-13,6.7958065e-12,-27.592443,2.3902342,0.79674476,0.17,0.0,0.17756192,29.070255,29.100256,3372800
hardzero_plus_depr__c0p54__z1p10__lam0p030__nu0p50__psi0p75,hardzero_plus_depr,0.02,40,1054,0.0,2,0.013913522,0.013913522,1.0433238,0.09050576,0.09050576,1.0,6.0137583e-13,6.644614e-12,-27.171095,2.2953582,0.76511943,0.136,0.0,0.14173254,29.100256,29.130257,3376000
hardzero_plus_depr__c0p54__z1p10__lam0p030__nu0p50__psi0p75,hardzero_plus_depr,0.02,40,1055,0.0,2,0.013913522,0.013913522,0.99790955,0.1004825,0.1004825,1.0,6.52812e-13,6.496773e-12,-26.283726,2.1954448,0.731815,0.216,0.0,0.14418036,29.130257,29.160257,3379200
hardzero_plus_depr__c0p54__z1p10__lam0p030__nu0p50__psi0p75,hardzero_plus_depr,0.02,40,1056,0.0,2,0.013913522,0.013913522,1.0389985,0.09141164,0.09141164,1.0,5.8066697e-13,6.3522213e-12,-27.964752,2.2858424,0.7619475,0.128,0.0,0.14029959,29.160257,29.190258,3382400
hardzero_plus_depr__c0p54__z1p10__lam0p030__nu0p50__psi0p75,hardzero_plus_depr,0.02,40,1057,0.0,2,0.013913522,0.013913522,0.9670246,0.10788856,0.10788856,1.0,6.700848e-13,6.2108977e-12,-26.075155,2.1274967,0.7091656,0.192,0.0,0.13212706,29.190258,29.220259,3385600
hardzero_plus_depr__c0p54__z1p10__lam0p030__nu0p50__psi0p75,hardzero_plus_depr,0.02,40,1058,0.0,2,0.013913522,0.013913522,1.0486809,0.08939619,0.08939619,1.0,5.428769e-13,6.072707e-12,-28.186396,2.307144,0.769048,0.2,0.0,0.16139476,29.220259,29.25026,3388800
hardzero_plus_depr__c0p54__z1p10__lam0p030__nu0p50__psi0p75,hardzero_plus_depr,0.02,40,1059,0.0,2,0.013913522,0.013913522,0.9593434,0.10981372,0.10981372,1.0,6.52029e-13,5.9375916e-12,-27.098495,2.1105976,0.7035326,0.128,0.0,0.13444015,29.25026,29.28026,3392000
hardzero_plus_depr__c0p54__z1p10__lam0p030__nu0p50__psi0p75,hardzero_plus_depr,0.02,40,1060,0.0,2,0.013913522,0.013913522,0.9603981,0.109547354,0.109547354,1.0,6.3597516e-13,5.8054815e-12,-26.876312,2.112918,0.704306,0.16800001,0.0,0.1409976,29.28026,29.31026,3395200
hardzero_plus_depr__c0p54__z1p10__lam0p030__nu0p50__psi0p75,hardzero_plus_depr,0.02,40,1061,0.0,2,0.013913522,0.013913522,1.0288087,0.09358177,0.09358177,1.0,5.3119927e-13,5.676311e-12,-26.959047,2.2634244,0.7544748,0.120000005,0.0,0.1687694,29.31026,29.340261,3398400
hardzero_plus_depr__c0p54__z1p10__lam0p030__nu0p50__psi0p75,hardzero_plus_depr,0.02,40,1062,0.0,2,0.013913522,0.013913522,1.0374187,0.091744766,0.091744766,1.0,5.091858e-13,5.5500253e-12,-27.675901,2.2823668,0.7607889,0.16800001,0.0,0.123819456,29.340261,29.370262,3401600
hardzero_plus_depr__c0p54__z1p10__lam0p030__nu0p50__psi0p75,hardzero_plus_depr,0.02,40,1063,0.0,2,0.013913522,0.013913522,1.0300851,0.093307145,0.093307145,1.0,5.0633483e-13,5.4265386e-12,-28.014673,2.2662325,0.75541085,0.136,0.0,0.15233377,29.370262,29.400263,3404800
hardzero_plus_depr__c0p54__z1p10__lam0p030__nu0p50__psi0p75,hardzero_plus_depr,0.02,40,1064,0.0,2,0.013913522,0.013913522,1.0287186,0.09360119,0.09360119,1.0,4.966292e-13,5.3058e-12,-27.04266,2.263226,0.7544087,0.192,0.0,0.14582883,29.400263,29.430264,3408000
hardzero_plus_depr__c0p54__z1p10__lam0p030__nu0p50__psi0p75,hardzero_plus_depr,0.02,40,1065,0.0,2,0.013913522,0.013913522,0.99824744,0.10040437,0.10040437,1.0,5.2087344e-13,5.187757e-12,-27.236486,2.1961882,0.73206276,0.18400002,0.0,0.1265678,29.430264,29.460264,3411200
hardzero_plus_depr__c0p54__z1p10__lam0p030__nu0p50__psi0p75,hardzero_plus_depr,0.02,40,1066,0.0,2,0.013913522,0.013913522,0.9816722,0.10431044,0.10431044,1.0,5.29097e-13,5.07233e-12,-27.119768,2.159722,0.7199074,0.21,0.0,0.13705343,29.460264,29.490265,3414400
hardzero_plus_depr__c0p54__z1p10__lam0p030__nu0p50__psi0p75,hardzero_plus_depr,0.02,40,1067,0.0,2,0.013913522,0.013913522,1.0087272,0.09801054,0.09801054,1.0,4.8608063e-13,4.959473e-12,-26.339502,2.2192442,0.7397481,0.120000005,0.0,0.13980602,29.490265,29.520266,3417600
hardzero_plus_depr__c0p54__z1p10__lam0p030__nu0p50__psi0p75,hardzero_plus_depr,0.02,40,1068,0.0,2,0.013913522,0.013913522,1.0672805,0.08564844,0.08564844,1.0,4.1532007e-13,4.849126e-12,-27.68038,2.3480642,0.7826881,0.104,0.0,0.15862145,29.520266,29.550266,3420800
hardzero_plus_depr__c0p54__z1p10__lam0p030__nu0p50__psi0p75,hardzero_plus_depr,0.02,40,1069,0.0,2,0.013913522,0.013913522,1.081803,0.082831785,0.082831785,1.0,3.9272486e-13,4.741234e-12,-28.34796,2.380014,0.793338,0.112,0.0,0.15638494,29.550266,29.580267,3424000
hardzero_plus_depr__c0p54__z1p10__lam0p030__nu0p50__psi0p75,hardzero_plus_depr,0.02,40,1070,0.0,2,0.013913522,0.013913522,1.0177038,0.09600553,0.09600553,1.0,4.4505775e-13,4.6357514e-12,-27.382427,2.238993,0.746331,0.16800001,0.0,0.1335557,29.580267,29.610268,3427200
hardzero_plus_depr__c0p54__z1p10__lam0p030__nu0p50__psi0p75,hardzero_plus_depr,0.02,40,1071,0.0,2,0.013913522,0.013913522,0.9756042,0.10577813,0.10577813,1.0,4.7945073e-13,4.5326074e-12,-27.020561,2.146372,0.7154574,0.16800001,0.0,0.16035587,29.610268,29.640268,3430400
hardzero_plus_depr__c0p54__z1p10__lam0p030__nu0p50__psi0p75,hardzero_plus_depr,0.02,40,1072,0.0,2,0.013913522,0.013913522,1.0016454,0.09962184,0.09962184,1.0,4.4149986e-13,4.431758e-12,-26.562902,2.203664,0.7345547,0.16000001,0.0,0.121681266,29.640268,29.670269,3433600
hardzero_plus_depr__c0p54__z1p10__lam0p030__nu0p50__psi0p75,hardzero_plus_depr,0.02,40,1073,0.0,2,0.013913522,0.013913522,1.0155023,0.0964934,0.0964934,1.0,4.1812143e-13,4.333161e-12,-27.407825,2.2341497,0.7447166,0.14400001,0.0,0.15885222,29.670269,29.70027,3436800
hardzero_plus_depr__c0p54__z1p10__lam0p030__nu0p50__psi0p75,hardzero_plus_depr,0.02,40,1074,0.0,2,0.013913522,0.013913522,0.9463136,0.113158286,0.113158286,1.0,4.794233e-13,4.2367494e-12,-25.82033,2.0819316,0.69397724,0.192,0.0,0.11940193,29.70027,29.73027,3440000
hardzero_plus_depr__c0p54__z1p10__lam0p030__nu0p50__psi0p75,hardzero_plus_depr,0.02,40,1075,0.0,2,0.013913522,0.013913522,0.9990997,0.100207515,0.100207515,1.0,4.1510792e-13,4.142483e-12,-26.699116,2.1980631,0.7326877,0.17600001,0.0,0.14548178,29.73027,29.760271,3443200
hardzero_plus_depr__c0p54__z1p10__lam0p030__nu0p50__psi0p75,hardzero_plus_depr,0.02,40,1076,0.0,2,0.013913522,0.013913522,0.9865607,0.10314288,0.10314288,1.0,4.1776099e-13,4.0503135e-12,-26.165287,2.170477,0.7234923,0.16800001,0.0,0.13996236,29.760271,29.790272,3446400
hardzero_plus_depr__c0p54__z1p10__lam0p030__nu0p50__psi0p75,hardzero_plus_depr,0.02,40,1077,0.0,2,0.013913522,0.013913522,1.0174655,0.09605822,0.09605822,1.0,3.8040933e-13,3.9601955e-12,-27.347454,2.2384686,0.7461562,0.192,0.0,0.13356993,29.790272,29.820272,3449600
hardzero_plus_depr__c0p54__z1p10__lam0p030__nu0p50__psi0p75,hardzero_plus_depr,0.02,40,1078,0.0,2,0.013913522,0.013913522,1.0056633,0.09870446,0.09870446,1.0,3.8219246e-13,3.8720893e-12,-27.47702,2.2125034,0.73750114,0.120000005,0.0,0.15778808,29.820272,29.850273,3452800
hardzero_plus_depr__c0p54__z1p10__lam0p030__nu0p50__psi0p75,hardzero_plus_depr,0.02,40,1079,0.0,2,0.013913522,0.013913522,1.0126278,0.0971342,0.0971342,1.0,3.6774392e-13,3.7859364e-12,-26.204924,2.2278256,0.74260855,0.14999999,0.0,0.13342871,29.850273,29.880274,3456000
hardzero_plus_depr__c0p54__z1p10__lam0p030__nu0p50__psi0p75,hardzero_plus_depr,0.02,40,1080,0.0,2,0.013913522,0.013913522,1.062624,0.086571716,0.086571716,1.0,3.2046254e-13,3.7017004e-12,-28.055155,2.3378193,0.77927315,0.104,0.0,0.20895784,29.880274,29.910275,3459200
hardzero_plus_depr__c0p54__z1p10__lam0p030__nu0p50__psi0p75,hardzero_plus_depr,0.02,40,1081,0.0,2,0.013913522,0.013913522,1.0448272,0.09019298,0.09019298,1.0,3.2643953e-13,3.6193453e-12,-28.209448,2.2986658,0.76622194,0.136,0.0,0.15166253,29.910275,29.940275,3462400
hardzero_plus_depr__c0p54__z1p10__lam0p030__nu0p50__psi0p75,hardzero_plus_depr,0.02,40,1082,0.0,2,0.013913522,0.013913522,0.971298,0.10683216,0.10683216,1.0,3.7805935e-13,3.5388157e-12,-26.339132,2.1368983,0.71229947,0.16800001,0.0,0.13623746,29.940275,29.970276,3465600
hardzero_plus_depr__c0p54__z1p10__lam0p030__nu0p50__psi0p75,hardzero_plus_depr,0.02,40,1083,0.0,2,0.013913522,0.013913522,1.0141528,0.096793726,0.096793726,1.0,3.3491387e-13,3.4600784e-12,-27.19215,2.2311807,0.7437269,0.136,0.0,0.14390069,29.970276,30.000277,3468800
hardzero_plus_depr__c0p54__z1p10__lam0p030__nu0p50__psi0p75,hardzero_plus_depr,0.02,40,1084,0.0,2,0.013913522,0.013913522,0.97521883,0.105872005,0.105872005,1.0,3.581748e-13,3.3830926e-12,-27.119373,2.1455243,0.7151748,0.18400002,0.0,0.13205272,30.000277,30.030277,3472000
hardzero_plus_depr__c0p54__z1p10__lam0p030__nu0p50__psi0p75,hardzero_plus_depr,0.02,40,1085,0.0,2,0.013913522,0.013913522,1.0444635,0.09026855,0.09026855,1.0,2.9859207e-13,3.3078195e-12,-28.37527,2.2978656,0.7659552,0.16000001,0.0,0.19363177,30.030277,30.060278,3475200
hardzero_plus_depr__c0p54__z1p10__lam0p030__nu0p50__psi0p75,hardzero_plus_depr,0.02,40,1086,0.0,2,0.013913522,0.013913522,0.9811086,0.10444589,0.10444589,1.0,3.3780175e-13,3.2342273e-12,-26.239496,2.158482,0.71949404,0.192,0.0,0.10014332,30.060278,30.090279,3478400
hardzero_plus_depr__c0p54__z1p10__lam0p030__nu0p50__psi0p75,hardzero_plus_depr,0.02,40,1087,0.0,2,0.013913522,0.013913522,0.9826875,0.10406688,0.10406688,1.0,3.2908723e-13,3.1622667e-12,-26.894049,2.1619556,0.72065187,0.16800001,0.0,0.13821146,30.090279,30.12028,3481600
hardzero_plus_depr__c0p54__z1p10__lam0p030__nu0p50__psi0p75,hardzero_plus_depr,0.02,40,1088,0.0,2,0.013913522,0.013913522,1.0300404,0.093316756,0.093316756,1.0,2.8852674e-13,3.0919072e-12,-27.526783,2.266134,0.755378,0.15200001,0.0,0.1524267,30.12028,30.15028,3484800
hardzero_plus_depr__c0p54__z1p10__lam0p030__nu0p50__psi0p75,hardzero_plus_depr,0.02,40,1089,0.0,2,0.013913522,0.013913522,1.0671242,0.08567926,0.08567926,1.0,2.5901858e-13,3.0231189e-12,-27.703735,2.3477201,0.7825734,0.136,0.0,0.14783572,30.15028,30.18028,3488000
hardzero_plus_depr__c0p54__z1p10__lam0p030__nu0p50__psi0p75,hardzero_plus_depr,0.02,40,1090,0.0,2,0.013913522,0.013913522,0.95277995,0.11148592,0.11148592,1.0,3.2953623e-13,2.9558552e-12,-25.963997,2.0961578,0.69871926,0.16800001,0.0,0.11961256,30.18028,30.210281,3491200
hardzero_plus_depr__c0p54__z1p10__lam0p030__nu0p50__psi0p75,hardzero_plus_depr,0.02,40,1091,0.0,2,0.013913522,0.013913522,1.0251645,0.09437034,0.09437034,1.0,2.7273862e-13,2.8900883e-12,-27.577938,2.2554069,0.7518023,0.128,0.0,0.14369409,30.210281,30.240282,3494400
hardzero_plus_depr__c0p54__z1p10__lam0p030__nu0p50__psi0p75,hardzero_plus_depr,0.02,40,1092,0.0,2,0.013913522,0.013913522,1.0837297,0.08246512,0.08246512,1.0,2.3302866e-13,2.8257845e-12,-28.28699,2.384253,0.79475105,0.17999999,0.0,0.15690152,30.240282,30.270283,3497600
hardzero_plus_depr__c0p54__z1p10__lam0p030__nu0p50__psi0p75,hardzero_plus_depr,0.02,40,1093,0.0,2,0.013913522,0.013913522,0.9832634,0.10392896,0.10392896,1.0,2.871465e-13,2.7629114e-12,-26.592777,2.1632226,0.7210742,0.16000001,0.0,0.14756292,30.270283,30.300283,3500800
hardzero_plus_depr__c0p54__z1p10__lam0p030__nu0p50__psi0p75,hardzero_plus_depr,0.02,40,1094,0.0,2,0.013913522,0.013913522,1.0173378,0.09608646,0.09608646,1.0,2.5957207e-13,2.7014428e-12,-27.059196,2.2381878,0.74606264,0.18400002,0.0,0.15285678,30.300283,30.330284,3504000
hardzero_plus_depr__c0p54__z1p10__lam0p030__nu0p50__psi0p75,hardzero_plus_depr,0.02,40,1095,0.0,2,0.013913522,0.013913522,1.0728191,0.0845631,0.0845631,1.0,2.2335957e-13,2.6413362e-12,-28.163216,2.3602493,0.7867498,0.112,0.0,0.15191743,30.330284,30.360285,3507200
hardzero_plus_depr__c0p54__z1p10__lam0p030__nu0p50__psi0p75,hardzero_plus_depr,0.02,40,1096,0.0,2,0.013913522,0.013913522,0.9563266,0.11057918,0.11057918,1.0,2.8557817e-13,2.5825674e-12,-25.424166,2.1039605,0.7013202,0.120000005,0.0,0.1336586,30.360285,30.390285,3510400
hardzero_plus_depr__c0p54__z1p10__lam0p030__nu0p50__psi0p75,hardzero_plus_depr,0.02,40,1097,0.0,2,0.013913522,0.013913522,1.0285476,0.09363804,0.09363804,1.0,2.3644644e-13,2.525111e-12,-27.204718,2.26285,0.75428337,0.120000005,0.0,0.12609957,30.390285,30.420286,3513600
hardzero_plus_depr__c0p54__z1p10__lam0p030__nu0p50__psi0p75,hardzero_plus_depr,0.02,40,1098,0.0,2,0.013913522,0.013913522,1.0605766,0.0869808,0.0869808,1.0,2.147493e-13,2.4689278e-12,-28.357727,2.3333151,0.7777717,0.15200001,0.0,0.1812293,30.420286,30.450287,3516800
hardzero_plus_depr__c0p54__z1p10__lam0p030__nu0p50__psi0p75,hardzero_plus_depr,0.02,40,1099,0.0,2,0.013913522,0.013913522,0.96205765,0.10912953,0.10912953,1.0,2.6343812e-13,2.4139948e-12,-26.337938,2.116569,0.705523,0.14400001,0.0,0.16882394,30.450287,30.480288,3520000
hardzero_plus_depr__c0p54__z1p10__lam0p030__nu0p50__psi0p75,hardzero_plus_depr,0.02,40,1100,0.0,2,0.013913522,0.013913522,1.0531185,0.088487424,0.088487424,1.0,2.0885543e-13,2.3602838e-12,-27.748821,2.316907,0.7723023,0.17600001,0.0,0.14793664,30.480288,30.510288,3523200
hardzero_plus_depr__c0p54__z1p10__lam0p030__nu0p50__psi0p75,hardzero_plus_depr,0.02,40,1101,0.0,2,0.013913522,0.013913522,0.96283364,0.10893472,0.10893472,1.0,2.5139607e-13,2.3077681e-12,-26.805637,2.1182764,0.7060921,0.216,0.0,0.15377536,30.510288,30.540289,3526400
hardzero_plus_depr__c0p54__z1p10__lam0p030__nu0p50__psi0p75,hardzero_plus_depr,0.02,40,1102,0.0,2,0.013913522,0.013913522,1.0236568,0.0946985,0.0946985,1.0,2.1368012e-13,2.2564255e-12,-27.435007,2.25209,0.75069666,0.15200001,0.0,0.15919197,30.540289,30.57029,3529600
hardzero_plus_depr__c0p54__z1p10__lam0p030__nu0p50__psi0p75,hardzero_plus_depr,0.02,40,1103,0.0,2,0.013913522,0.013913522,1.0016836,0.09961308,0.09961308,1.0,2.1976843e-13,2.2062207e-12,-25.98862,2.203748,0.73458266,0.224,0.0,0.12226651,30.57029,30.60029,3532800
hardzero_plus_depr__c0p54__z1p10__lam0p030__nu0p50__psi0p75,hardzero_plus_depr,0.02,40,1104,0.0,2,0.013913522,0.013913522,1.030369,0.09324616,0.09324616,1.0,2.0114434e-13,2.1571328e-12,-27.64141,2.2668571,0.75561905,0.192,0.0,0.15251447,30.60029,30.630291,3536000
hardzero_plus_depr__c0p54__z1p10__lam0p030__nu0p50__psi0p75,hardzero_plus_depr,0.02,40,1105,0.0,2,0.013913522,0.013913522,1.0324534,0.092799686,0.092799686,1.0,1.9572764e-13,2.1091412e-12,-27.161173,2.271443,0.75714767,0.12,0.0,0.13515447,30.630291,30.660292,3539200
hardzero_plus_depr__c0p54__z1p10__lam0p030__nu0p50__psi0p75,hardzero_plus_depr,0.02,40,1106,0.0,2,0.013913522,0.013913522,1.0295937,0.09341279,0.09341279,1.0,1.9263711e-13,2.0622135e-12,-27.175186,2.2651515,0.75505054,0.136,0.0,0.14854251,30.660292,30.690292,3542400
hardzero_plus_depr__c0p54__z1p10__lam0p030__nu0p50__psi0p75,hardzero_plus_depr,0.02,40,1107,0.0,2,0.013913522,0.013913522,0.9855205,0.103390224,0.103390224,1.0,2.0846877e-13,2.0163296e-12,-26.736555,2.1681883,0.72272944,0.208,0.008,0.15386465,30.690292,30.720293,3545600
hardzero_plus_depr__c0p54__z1p10__lam0p030__nu0p50__psi0p75,hardzero_plus_depr,0.02,40,1108,0.0,2,0.013913522,0.013913522,1.0195663,0.095594674,0.095594674,1.0,1.8846171e-13,1.9714666e-12,-27.83708,2.2430906,0.7476969,0.128,0.0,0.16305052,30.720293,30.750294,3548800
hardzero_plus_depr__c0p54__z1p10__lam0p030__nu0p50__psi0p75,hardzero_plus_depr,0.02,40,1109,0.0,2,0.013913522,0.013913522,1.0129101,0.097071074,0.097071074,1.0,1.8711442e-13,1.9276022e-12,-27.007402,2.2284467,0.7428156,0.136,0.0,0.14575043,30.750294,30.780294,3552000
hardzero_plus_depr__c0p54__z1p10__lam0p030__nu0p50__psi0p75,hardzero_plus_depr,0.02,40,1110,0.0,2,0.013913522,0.013913522,1.0188512,0.09575221,0.09575221,1.0,1.8046583e-13,1.8847172e-12,-27.976082,2.2415173,0.7471725,0.24000001,0.008,0.16495512,30.780294,30.810295,3555200
hardzero_plus_depr__c0p54__z1p10__lam0p030__nu0p50__psi0p75,hardzero_plus_depr,0.02,40,1111,0.0,2,0.013913522,0.013913522,1.0206529,0.0953558,0.0953558,1.0,1.7572003e-13,1.8427829e-12,-27.107788,2.2454813,0.7484938,0.128,0.0,0.14554861,30.810295,30.840296,3558400
hardzero_plus_depr__c0p54__z1p10__lam0p030__nu0p50__psi0p75,hardzero_plus_depr,0.02,40,1112,0.0,2,0.013913522,0.013913522,1.0143404,0.09675192,0.09675192,1.0,1.743258e-13,1.8017813e-12,-27.43676,2.2315934,0.7438645,0.18400002,0.0,0.13078316,30.840296,30.870296,3561600
hardzero_plus_depr__c0p54__z1p10__lam0p030__nu0p50__psi0p75,hardzero_plus_depr,0.02,40,1113,0.0,2,0.013913522,0.013913522,0.9211357,0.11991245,0.11991245,1.0,2.1124923e-13,1.7616955e-12,-25.421885,2.026539,0.675513,0.24800001,0.0,0.13799067,30.870296,30.900297,3564800
hardzero_plus_depr__c0p54__z1p10__lam0p030__nu0p50__psi0p75,hardzero_plus_depr,0.02,40,1114,0.0,2,0.013913522,0.013913522,0.97643584,0.105575755,0.105575755,1.0,1.8185406e-13,1.7224982e-12,-26.460096,2.1482017,0.71606725,0.16000001,0.0,0.13741618,30.900297,30.930298,3568000
hardzero_plus_depr__c0p54__z1p10__lam0p030__nu0p50__psi0p75,hardzero_plus_depr,0.02,40,1115,0.0,2,0.013913522,0.013913522,0.9839164,0.103772804,0.103772804,1.0,1.7477137e-13,1.6841732e-12,-26.446138,2.1646593,0.7215531,0.224,0.0,0.17615958,30.930298,30.960299,3571200
hardzero_plus_depr__c0p54__z1p10__lam0p030__nu0p50__psi0p75,hardzero_plus_depr,0.02,40,1116,0.0,2,0.013913522,0.013913522,1.003857,0.09911582,0.09911582,1.0,1.6321409e-13,1.6467007e-12,-26.839462,2.2085295,0.7361765,0.17600001,0.0,0.17194104,30.960299,30.9903,3574400
hardzero_plus_depr__c0p54__z1p10__lam0p030__nu0p50__psi0p75,hardzero_plus_depr,0.02,40,1117,0.0,2,0.013913522,0.013913522,1.0263759,0.09410746,0.09410746,1.0,1.5151884e-13,1.610062e-12,-28.07301,2.2580721,0.75269073,0.112,0.0,0.14216733,30.9903,31.0203,3577600
hardzero_plus_depr__c0p54__z1p10__lam0p030__nu0p50__psi0p75,hardzero_plus_depr,0.02,40,1118,0.0,2,0.013913522,0.013913522,1.0227629,0.094893634,0.094893634,1.0,1.4938552e-13,1.5742417e-12,-27.072763,2.2501233,0.7500411,0.14,0.0,0.15105234,31.0203,31.0503,3580800
hardzero_plus_depr__c0p54__z1p10__lam0p030__nu0p50__psi0p75,hardzero_plus_depr,0.02,40,1119,0.0,2,0.013913522,0.013913522,1.0094466,0.09784832,0.09784832,1.0,1.5060961e-13,1.5392152e-12,-26.688852,2.2208269,0.7402756,0.15200001,0.0,0.15026112,31.0503,31.080301,3584000
hardzero_plus_depr__c0p54__z1p10__lam0p030__nu0p50__psi0p75,hardzero_plus_depr,0.02,40,1120,0.0,2,0.013913522,0.013913522,1.0712117,0.084876664,0.084876664,1.0,1.2773666e-13,1.504968e-12,-28.148014,2.3567128,0.785571,0.112,0.0,0.16811562,31.080301,31.110302,3587200
hardzero_plus_depr__c0p54__z1p10__lam0p030__nu0p50__psi0p75,hardzero_plus_depr,0.02,40,1121,0.0,2,0.013913522,0.013913522,1.0000162,0.09999626,0.09999626,1.0,1.4714307e-13,1.4714857e-12,-26.674217,2.2000797,0.73335993,0.208,0.0,0.14527556,31.110302,31.140303,3590400
hardzero_plus_depr__c0p54__z1p10__lam0p030__nu0p50__psi0p75,hardzero_plus_depr,0.02,40,1122,0.0,2,0.013913522,0.013913522,1.0063096,0.09855765,0.09855765,1.0,1.4179937e-13,1.4387455e-12,-27.475538,2.2139254,0.7379751,0.16000001,0.0,0.15052554,31.140303,31.170303,3593600
hardzero_plus_depr__c0p54__z1p10__lam0p030__nu0p50__psi0p75,hardzero_plus_depr,0.02,40,1123,0.0,2,0.013913522,0.013913522,0.9737867,0.106221706,0.106221706,1.0,1.4942568e-13,1.4067339e-12,-26.106144,2.1423736,0.71412456,0.2,0.0,0.15138018,31.170303,31.200304,3596800
hardzero_plus_depr__c0p54__z1p10__lam0p030__nu0p50__psi0p75,hardzero_plus_depr,0.02,40,1124,0.0,2,0.013913522,0.013913522,0.9832031,0.10394339,0.10394339,1.0,1.429673e-13,1.3754343e-12,-26.76259,2.16309,0.72103,0.16800001,0.0,0.12338935,31.200304,31.230305,3600000
hardzero_plus_depr__c0p54__z1p10__lam0p030__nu0p50__psi0p75,hardzero_plus_depr,0.02,40,1125,0.0,2,0.013913522,0.013913522,1.0699059,0.08513224,0.08513224,1.0,1.1448852e-13,1.3448315e-12,-28.159014,2.3538399,0.7846133,0.128,0.0,0.1604971,31.230305,31.260305,3603200
hardzero_plus_depr__c0p54__z1p10__lam0p030__nu0p50__psi0p75,hardzero_plus_depr,0.02,40,1126,0.0,2,0.013913522,0.013913522,1.0121367,0.097244106,0.097244106,1.0,1.278674e-13,1.3149116e-12,-26.25622,2.2267451,0.7422484,0.120000005,0.0,0.12029643,31.260305,31.290306,3606400
hardzero_plus_depr__c0p54__z1p10__lam0p030__nu0p50__psi0p75,hardzero_plus_depr,0.02,40,1127,0.0,2,0.013913522,0.013913522,1.013177,0.097011454,0.097011454,1.0,1.2472328e-13,1.2856553e-12,-26.9122,2.229034,0.74301136,0.18400002,0.0,0.12150139,31.290306,31.320307,3609600
hardzero_plus_depr__c0p54__z1p10__lam0p030__nu0p50__psi0p75,hardzero_plus_depr,0.02,40,1128,0.0,2,0.013913522,0.013913522,1.0040704,0.09906713,0.09906713,1.0,1.2453232e-13,1.2570498e-12,-26.266146,2.208999,0.736333,0.208,0.0,0.17657232,31.320307,31.350307,3612800
hardzero_plus_depr__c0p54__z1p10__lam0p030__nu0p50__psi0p75,hardzero_plus_depr,0.02,40,1129,0.0,2,0.013913522,0.013913522,1.0253145,0.09433776,0.09433776,1.0,1.1594894e-13,1.229083e-12,-28.444683,2.2557368,0.7519123,0.136,0.0,0.13825963,31.350307,31.380308,3616000
hardzero_plus_depr__c0p54__z1p10__lam0p030__nu0p50__psi0p75,hardzero_plus_depr,0.02,40,1130,0.0,2,0.013913522,0.013913522,1.0358698,0.09207254,0.09207254,1.0,1.1064691e-13,1.2017363e-12,-27.333735,2.278959,0.75965303,0.16000001,0.0,0.14784057,31.380308,31.410309,3619200
hardzero_plus_depr__c0p54__z1p10__lam0p030__nu0p50__psi0p75,hardzero_plus_depr,0.02,40,1131,0.0,2,0.013913522,0.013913522,0.9982517,0.100403376,0.100403376,1.0,1.1797377e-13,1.174998e-12,-26.33871,2.1961975,0.73206586,0.13,0.0,0.13042277,31.410309,31.44031,3622400
hardzero_plus_depr__c0p54__z1p10__lam0p030__nu0p50__psi0p75,hardzero_plus_depr,0.02,40,1132,0.0,2,0.013913522,0.013913522,0.99994105,0.10001356,0.10001356,1.0,1.1490104e-13,1.1488546e-12,-28.008936,2.1999142,0.73330474,0.17600001,0.0,0.14968804,31.44031,31.47031,3625600
hardzero_plus_depr__c0p54__z1p10__lam0p030__nu0p50__psi0p75,hardzero_plus_depr,0.02,40,1133,0.0,2,0.013913522,0.013913522,1.0243813,0.09454068,0.09454068,1.0,1.0619687e-13,1.1232929e-12,-27.294575,2.2536838,0.751228,0.17600001,0.0,0.1376805,31.47031,31.50031,3628800
hardzero_plus_depr__c0p54__z1p10__lam0p030__nu0p50__psi0p75,hardzero_plus_depr,0.02,40,1134,0.0,2,0.013913522,0.013913522,0.9730644,0.106398515,0.106398515,1.0,1.1685771e-13,1.098302e-12,-25.787403,2.1407845,0.71359485,0.128,0.0,0.1347526,31.50031,31.530312,3632000
hardzero_plus_depr__c0p54__z1p10__lam0p030__nu0p50__psi0p75,hardzero_plus_depr,0.02,40,1135,0.0,2,0.013913522,0.013913522,0.9935598,0.10149396,0.10149396,1.0,1.0899082e-13,1.0738651e-12,-26.515194,2.1858752,0.72862506,0.16800001,0.0,0.1275922,31.530312,31.560312,3635200
hardzero_plus_depr__c0p54__z1p10__lam0p030__nu0p50__psi0p75,hardzero_plus_depr,0.02,40,1136,0.0,2,0.013913522,0.013913522,1.0259796,0.09419337,0.09419337,1.0,9.8900394e-14,1.049972e-12,-27.497366,2.2572002,0.7524001,0.17600001,0.0,0.14079571,31.560312,31.590313,3638400
hardzero_plus_depr__c0p54__z1p10__lam0p030__nu0p50__psi0p75,hardzero_plus_depr,0.02,40,1137,0.0,2,0.013913522,0.013913522,0.99568516,0.10099849,0.10099849,1.0,1.0368629e-13,1.0266123e-12,-26.12713,2.190551,0.7301837,0.2,0.0,0.15694034,31.590313,31.620314,3641600
hardzero_plus_depr__c0p54__z1p10__lam0p030__nu0p50__psi0p75,hardzero_plus_depr,0.02,40,1138,0.0,2,0.013913522,0.013913522,0.99498355,0.101161785,0.101161785,1.0,1.0154321e-13,1.0037704e-12,-26.639727,2.1890075,0.7296692,0.112,0.0,0.15143546,31.620314,31.650314,3644800
hardzero_plus_depr__c0p54__z1p10__lam0p030__nu0p50__psi0p75,hardzero_plus_depr,0.02,40,1139,0.0,2,0.013913522,0.013913522,1.0441991,0.090323515,0.090323515,1.0,8.864682e-14,9.814368e-13,-27.569592,2.297284,0.7657613,0.120000005,0.0,0.15591827,31.650314,31.680315,3648000
hardzero_plus_depr__c0p54__z1p10__lam0p030__nu0p50__psi0p75,hardzero_plus_depr,0.02,40,1140,0.0,2,0.013913522,0.013913522,1.0477111,0.08959605,0.08959605,1.0,8.597638e-14,9.596001e-13,-27.938639,2.3050106,0.7683369,0.14400001,0.0,0.13631777,31.680315,31.710316,3651200
hardzero_plus_depr__c0p54__z1p10__lam0p030__nu0p50__psi0p75,hardzero_plus_depr,0.02,40,1141,0.0,2,0.013913522,0.013913522,0.95782644,0.11019795,0.11019795,1.0,1.03393144e-13,9.382493e-13,-26.087564,2.1072602,0.7024201,0.15200001,0.0,0.1385176,31.710316,31.740316,3654400
hardzero_plus_depr__c0p54__z1p10__lam0p030__nu0p50__psi0p75,hardzero_plus_depr,0.02,40,1142,0.0,2,0.013913522,0.013913522,0.9942176,0.101340346,0.101340346,1.0,9.2967124e-14,9.173752e-13,-27.179214,2.1873224,0.7291075,0.136,0.0,0.15622258,31.740316,31.770317,3657600
hardzero_plus_depr__c0p54__z1p10__lam0p030__nu0p50__psi0p75,hardzero_plus_depr,0.02,40,1143,0.0,2,0.013913522,0.013913522,1.0783719,0.083488785,0.083488785,1.0,7.488643e-14,8.9696387e-13,-28.76067,2.3724656,0.7908219,0.15200001,0.0,0.15486382,31.770317,31.800318,3660800
hardzero_plus_depr__c0p54__z1p10__lam0p030__nu0p50__psi0p75,hardzero_plus_depr,0.02,40,1144,0.0,2,0.013913522,0.013913522,1.0337813,0.09251639,0.09251639,1.0,8.113749e-14,8.7700664e-13,-27.857729,2.2743642,0.75812143,0.17,0.0,0.15930016,31.800318,31.830318,3664000
hardzero_plus_depr__c0p54__z1p10__lam0p030__nu0p50__psi0p75,hardzero_plus_depr,0.02,40,1145,0.0,2,0.013913522,0.013913522,0.9993555,0.1001485,0.1001485,1.0,8.5876855e-14,8.574952e-13,-27.014832,2.198626,0.73287535,0.16000001,0.0,0.13767579,31.830318,31.86032,3667200
hardzero_plus_depr__c0p54__z1p10__lam0p030__nu0p50__psi0p75,hardzero_plus_depr,0.02,40,1146,0.0,2,0.013913522,0.013913522,1.0078349,0.09821211,0.09821211,1.0,8.2342614e-14,8.3841614e-13,-26.464119,2.217281,0.7390937,0.104,0.0,0.1421653,31.86032,31.89032,3670400
hardzero_plus_depr__c0p54__z1p10__lam0p030__nu0p50__psi0p75,hardzero_plus_depr,0.02,40,1147,0.0,2,0.013913522,0.013913522,0.95194227,0.11170117,0.11170117,1.0,9.156833e-14,8.197616e-13,-25.983803,2.0943148,0.698105,0.16800001,0.0,0.15620175,31.89032,31.92032,3673600
hardzero_plus_depr__c0p54__z1p10__lam0p030__nu0p50__psi0p75,hardzero_plus_depr,0.02,40,1148,0.0,2,0.013913522,0.013913522,1.0392537,0.09135794,0.09135794,1.0,7.322541e-14,8.015221e-13,-27.25294,2.286404,0.7621347,0.18400002,0.0,0.14196803,31.92032,31.950321,3676800
hardzero_plus_depr__c0p54__z1p10__lam0p030__nu0p50__psi0p75,hardzero_plus_depr,0.02,40,1149,0.0,2,0.013913522,0.013913522,1.0050977,0.098833054,0.098833054,1.0,7.745432e-14,7.8368844e-13,-26.878767,2.2112591,0.7370864,0.104,0.0,0.13139692,31.950321,31.980322,3680000
hardzero_plus_depr__c0p54__z1p10__lam0p030__nu0p50__psi0p75,hardzero_plus_depr,0.02,40,1150,0.0,2,0.013913522,0.013913522,1.0161191,0.09635647,0.09635647,1.0,7.383343e-14,7.66253e-13,-27.017237,2.2355068,0.7451689,0.128,0.0,0.15829957,31.980322,32.010323,3683200
hardzero_plus_depr__c0p54__z1p10__lam0p030__nu0p50__psi0p75,hardzero_plus_depr,0.02,40,1151,0.0,2,0.013913522,0.013913522,1.0327326,0.09274006,0.09274006,1.0,6.948123e-14,7.492041e-13,-27.008423,2.272057,0.75735235,0.16000001,0.0,0.14487778,32.010323,32.04032,3686400
hardzero_plus_depr__c0p54__z1p10__lam0p030__nu0p50__psi0p75,hardzero_plus_depr,0.02,40,1152,0.0,2,0.013913522,0.013913522,1.005854,0.098661095,0.098661095,1.0,7.2272795e-14,7.325359e-13,-27.762676,2.212923,0.73764104,0.136,0.0,0.1352992,32.04032,32.07032,3689600
hardzero_plus_depr__c0p54__z1p10__lam0p030__nu0p50__psi0p75,hardzero_plus_depr,0.02,40,1153,0.0,2,0.013913522,0.013913522,1.0024318,0.09944163,0.09944163,1.0,7.122393e-14,7.1623854e-13,-26.746168,2.2053938,0.73513126,0.208,0.0,0.14383064,32.07032,32.10032,3692800
hardzero_plus_depr__c0p54__z1p10__lam0p030__nu0p50__psi0p75,hardzero_plus_depr,0.02,40,1154,0.0,2,0.013913522,0.013913522,1.0495875,0.089209795,0.089209795,1.0,6.247395e-14,7.0030375e-13,-28.271618,2.3091385,0.76971287,0.15200001,0.0,0.14112799,32.10032,32.130318,3696000
hardzero_plus_depr__c0p54__z1p10__lam0p030__nu0p50__psi0p75,hardzero_plus_depr,0.02,40,1155,0.0,2,0.013913522,0.013913522,1.0316484,0.092971876,0.092971876,1.0,6.366002e-14,6.8472344e-13,-27.471735,2.269672,0.75655735,0.128,0.0,0.15279993,32.130318,32.160316,3699200
hardzero_plus_depr__c0p54__z1p10__lam0p030__nu0p50__psi0p75,hardzero_plus_depr,0.02,40,1156,0.0,2,0.013913522,0.013913522,0.9596526,0.10973556,0.10973556,1.0,7.346685e-14,6.6948985e-13,-25.984314,2.1112778,0.7037593,0.16800001,0.0,0.12159803,32.160316,32.190315,3702400
hardzero_plus_depr__c0p54__z1p10__lam0p030__nu0p50__psi0p75,hardzero_plus_depr,0.02,40,1157,0.0,2,0.013913522,0.013913522,0.9601021,0.109622054,0.109622054,1.0,7.175806e-14,6.5459514e-13,-27.44623,2.1122668,0.7040889,0.17,0.0,0.12778023,32.190315,32.220314,3705600
hardzero_plus_depr__c0p54__z1p10__lam0p030__nu0p50__psi0p75,hardzero_plus_depr,0.02,40,1158,0.0,2,0.013913522,0.013913522,0.98459166,0.103611596,0.103611596,1.0,6.631471e-14,6.4003176e-13,-27.682827,2.1661448,0.7220483,0.17600001,0.0,0.181481,32.220314,32.250313,3708800
hardzero_plus_depr__c0p54__z1p10__lam0p030__nu0p50__psi0p75,hardzero_plus_depr,0.02,40,1159,0.0,2,0.013913522,0.013913522,1.0835935,0.082490996,0.082490996,1.0,5.162224e-14,6.2579244e-13,-28.39066,2.3839533,0.79465115,0.14400001,0.0,0.15774406,32.250313,32.28031,3712000
hardzero_plus_depr__c0p54__z1p10__lam0p030__nu0p50__psi0p75,hardzero_plus_depr,0.02,40,1160,0.0,2,0.013913522,0.013913522,1.0624288,0.08661061,0.08661061,1.0,5.2994427e-14,6.1186993e-13,-28.100973,2.3373902,0.7791301,0.112,0.0,0.1557765,32.28031,32.31031,3715200
hardzero_plus_depr__c0p54__z1p10__lam0p030__nu0p50__psi0p75,hardzero_plus_depr,0.02,40,1161,0.0,2,0.013913522,0.013913522,0.99997115,0.100006655,0.100006655,1.0,5.982969e-14,5.9825707e-13,-26.466957,2.1999805,0.73332685,0.136,0.0,0.15119214,32.31031,32.34031,3718400
hardzero_plus_depr__c0p54__z1p10__lam0p030__nu0p50__psi0p75,hardzero_plus_depr,0.02,40,1162,0.0,2,0.013913522,0.013913522,1.0258331,0.09422515,0.09422515,1.0,5.5116732e-14,5.8494713e-13,-25.998371,2.256878,0.75229263,0.14400001,0.0,0.16297494,32.34031,32.370308,3721600
hardzero_plus_depr__c0p54__z1p10__lam0p030__nu0p50__psi0p75,hardzero_plus_depr,0.02,40,1163,0.0,2,0.013913522,0.013913522,1.0289882,0.0935431,0.0935431,1.0,5.3500417e-14,5.7193334e-13,-27.81919,2.2638195,0.7546065,0.2,0.0,0.15620755,32.370308,32.400307,3724800
hardzero_plus_depr__c0p54__z1p10__lam0p030__nu0p50__psi0p75,hardzero_plus_depr,0.02,40,1164,0.0,2,0.013913522,0.013913522,0.99462485,0.101245366,0.101245366,1.0,5.6617322e-14,5.5920904e-13,-26.486435,2.1882184,0.7294061,0.16800001,0.0,0.14211792,32.400307,32.430305,3728000
hardzero_plus_depr__c0p54__z1p10__lam0p030__nu0p50__psi0p75,hardzero_plus_depr,0.02,40,1165,0.0,2,0.013913522,0.013913522,1.0038003,0.09912877,0.09912877,1.0,5.4200425e-14,5.4676787e-13,-26.043266,2.2084048,0.73613495,0.136,0.0,0.13970844,32.430305,32.460304,3731200
hardzero_plus_depr__c0p54__z1p10__lam0p030__nu0p50__psi0p75,hardzero_plus_depr,0.02,40,1166,0.0,2,0.013913522,0.013913522,0.9659754,0.10814953,0.10814953,1.0,5.781711e-14,5.346034e-13,-26.603386,2.1251884,0.70839614,0.264,0.0,0.14474075,32.460304,32.490303,3734400
hardzero_plus_depr__c0p54__z1p10__lam0p030__nu0p50__psi0p75,hardzero_plus_depr,0.02,40,1167,0.0,2,0.013913522,0.013913522,1.0535656,0.088396356,0.088396356,1.0,4.6205627e-14,5.2270964e-13,-27.492115,2.3178906,0.7726302,0.120000005,0.0,0.1433575,32.490303,32.5203,3737600
hardzero_plus_depr__c0p54__z1p10__lam0p030__nu0p50__psi0p75,hardzero_plus_depr,0.02,40,1168,0.0,2,0.013913522,0.013913522,1.033961,0.092478104,0.092478104,1.0,4.726375e-14,5.1108044e-13,-27.193419,2.2747598,0.7582533,0.2,0.0,0.15240061,32.5203,32.5503,3740800
hardzero_plus_depr__c0p54__z1p10__lam0p030__nu0p50__psi0p75,hardzero_plus_depr,0.02,40,1169,0.0,2,0.013913522,0.013913522,1.031559,0.092991,0.092991,1.0,4.6468536e-14,4.9971003e-13,-27.825241,2.269475,0.75649166,0.17600001,0.0,0.15817691,32.5503,32.5803,3744000
hardzero_plus_depr__c0p54__z1p10__lam0p030__nu0p50__psi0p75,hardzero_plus_depr,0.02,40,1170,0.0,2,0.013913522,0.013913522,0.9788666,0.10498649,0.10498649,1.0,5.129561e-14,4.885925e-13,-25.845428,2.1535494,0.71784985,0.099999994,0.0,0.12642986,32.5803,32.6103,3747200
hardzero_plus_depr__c0p54__z1p10__lam0p030__nu0p50__psi0p75,hardzero_plus_depr,0.02,40,1171,0.0,2,0.013913522,0.013913522,0.954896,0.11094405,0.11094405,1.0,5.3000457e-14,4.777224e-13,-27.157633,2.1008132,0.70027107,0.216,0.0,0.14680834,32.6103,32.640297,3750400
hardzero_plus_depr__c0p54__z1p10__lam0p030__nu0p50__psi0p75,hardzero_plus_depr,0.02,40,1172,0.0,2,0.013913522,0.013913522,1.0028847,0.099337965,0.099337965,1.0,4.6400177e-14,4.670941e-13,-26.711397,2.2063904,0.7354635,0.256,0.0,0.15175761,32.640297,32.670296,3753600
hardzero_plus_depr__c0p54__z1p10__lam0p030__nu0p50__psi0p75,hardzero_plus_depr,0.02,40,1173,0.0,2,0.013913522,0.013913522,1.0345395,0.09235502,0.09235502,1.0,4.2178744e-14,4.567022e-13,-27.197254,2.2760322,0.7586774,0.15200001,0.0,0.16062422,32.670296,32.700294,3756800
hardzero_plus_depr__c0p54__z1p10__lam0p030__nu0p50__psi0p75,hardzero_plus_depr,0.02,40,1174,0.0,2,0.013913522,0.013913522,1.0033021,0.099242546,0.099242546,1.0,4.431592e-14,4.4654157e-13,-26.967884,2.2073088,0.7357696,0.128,0.0,0.14888388,32.700294,32.730293,3760000
hardzero_plus_depr__c0p54__z1p10__lam0p030__nu0p50__psi0p75,hardzero_plus_depr,0.02,40,1175,0.0,2,0.013913522,0.013913522,1.0579555,0.087507345,0.087507345,1.0,3.820632e-14,4.36607e-13,-27.948935,2.3275485,0.7758495,0.16800001,0.0,0.18983804,32.730293,32.760292,3763200
hardzero_plus_depr__c0p54__z1p10__lam0p030__nu0p50__psi0p75,hardzero_plus_depr,0.02,40,1176,0.0,2,0.013913522,0.013913522,1.0697674,0.085159406,0.085159406,1.0,3.635399e-14,4.268934e-13,-27.648857,2.3535352,0.78451174,0.16000001,0.0,0.15165612,32.760292,32.79029,3766400
hardzero_plus_depr__c0p54__z1p10__lam0p030__nu0p50__psi0p75,hardzero_plus_depr,0.02,40,1177,0.0,2,0.013913522,0.013913522,1.0521016,0.08869485,0.08869485,1.0,3.7020873e-14,4.1739596e-13,-27.196024,2.3146698,0.7715566,0.18400002,0.0,0.14183411,32.79029,32.82029,3769600
hardzero_plus_depr__c0p54__z1p10__lam0p030__nu0p50__psi0p75,hardzero_plus_depr,0.02,40,1178,0.0,2,0.013913522,0.013913522,1.0041994,0.09903771,0.09903771,1.0,4.0418254e-14,4.0810974e-13,-27.085533,2.2092829,0.73642766,0.16800001,0.0,0.13246314,32.82029,32.85029,3772800
hardzero_plus_depr__c0p54__z1p10__lam0p030__nu0p50__psi0p75,hardzero_plus_depr,0.02,40,1179,0.0,2,0.013913522,0.013913522,1.0122061,0.09722858,0.09722858,1.0,3.8797138e-14,3.990302e-13,-26.824512,2.2268977,0.74229926,0.2,0.0,0.14191453,32.85029,32.880287,3776000
hardzero_plus_depr__c0p54__z1p10__lam0p030__nu0p50__psi0p75,hardzero_plus_depr,0.02,40,1180,0.0,2,0.013913522,0.013913522,0.99726975,0.10063064,0.10063064,1.0,3.926131e-14,3.9015262e-13,-27.174038,2.1940372,0.7313458,0.192,0.0,0.14604342,32.880287,32.910286,3779200
hardzero_plus_depr__c0p54__z1p10__lam0p030__nu0p50__psi0p75,hardzero_plus_depr,0.02,40,1181,0.0,2,0.013913522,0.013913522,0.9428899,0.11405387,0.11405387,1.0,4.350842e-14,3.8147255e-13,-26.221945,2.0743992,0.69146645,0.096,0.0,0.108820826,32.910286,32.940285,3782400
hardzero_plus_depr__c0p54__z1p10__lam0p030__nu0p50__psi0p75,hardzero_plus_depr,0.02,40,1182,0.0,2,0.013913522,0.013913522,1.0483965,0.08945476,0.08945476,1.0,3.336534e-14,3.729856e-13,-27.418198,2.3065183,0.7688395,0.15200001,0.0,0.14817648,32.940285,32.970284,3785600
hardzero_plus_depr__c0p54__z1p10__lam0p030__nu0p50__psi0p75,hardzero_plus_depr,0.02,40,1183,0.0,2,0.013913522,0.013913522,1.0082853,0.09811032,0.09811032,1.0,3.5779603e-14,3.6468747e-13,-27.846308,2.218272,0.739424,0.17,0.0,0.17706256,32.970284,33.000282,3788800
hardzero_plus_depr__c0p54__z1p10__lam0p030__nu0p50__psi0p75,hardzero_plus_depr,0.02,40,1184,0.0,2,0.013913522,0.013913522,0.97754735,0.10530588,0.10530588,1.0,3.7549333e-14,3.5657396e-13,-25.752544,2.1506472,0.7168824,0.18400002,0.0,0.13439466,33.000282,33.03028,3792000
hardzero_plus_depr__c0p54__z1p10__lam0p030__nu0p50__psi0p75,hardzero_plus_depr,0.02,40,1185,0.0,2,0.013913522,0.013913522,1.0161179,0.09635672,0.09635672,1.0,3.3593896e-14,3.4864093e-13,-27.582817,2.2355042,0.7451681,0.128,0.0,0.13973239,33.03028,33.06028,3795200
hardzero_plus_depr__c0p54__z1p10__lam0p030__nu0p50__psi0p75,hardzero_plus_depr,0.02,40,1186,0.0,2,0.013913522,0.013913522,0.99425465,0.101331696,0.101331696,1.0,3.4542393e-14,3.4088438e-13,-26.843939,2.187404,0.7291347,0.18400002,0.0,0.15398917,33.06028,33.09028,3798400
hardzero_plus_depr__c0p54__z1p10__lam0p030__nu0p50__psi0p75,hardzero_plus_depr,0.02,40,1187,0.0,2,0.013913522,0.013913522,1.0507479,0.08897174,0.08897174,1.0,2.9654325e-14,3.333005e-13,-27.179619,2.3116915,0.77056384,0.136,0.0,0.15374896,33.09028,33.120277,3801600
hardzero_plus_depr__c0p54__z1p10__lam0p030__nu0p50__psi0p75,hardzero_plus_depr,0.02,40,1188,0.0,2,0.013913522,0.013913522,1.027601,0.09384238,0.09384238,1.0,3.0581847e-14,3.2588526e-13,-27.696762,2.2607675,0.75358915,0.18400002,0.0,0.12875077,33.120277,33.150276,3804800
hardzero_plus_depr__c0p54__z1p10__lam0p030__nu0p50__psi0p75,hardzero_plus_depr,0.02,40,1189,0.0,2,0.013913522,0.013913522,1.0163562,0.09630388,0.09630388,1.0,3.0685788e-14,3.18635e-13,-27.030518,2.2360284,0.74534285,0.15200001,0.0,0.16479848,33.150276,33.180275,3808000
hardzero_plus_depr__c0p54__z1p10__lam0p030__nu0p50__psi0p75,hardzero_plus_depr,0.02,40,1190,0.0,2,0.013913522,0.013913522,1.0315117,0.09300114,0.09300114,1.0,2.8974138e-14,3.1154604e-13,-28.121027,2.269371,0.75645703,0.112,0.0,0.16209176,33.180275,33.210274,3811200
hardzero_plus_depr__c0p54__z1p10__lam0p030__nu0p50__psi0p75,hardzero_plus_depr,0.02,40,1191,0.0,2,0.013913522,0.013913522,1.0534875,0.08841225,0.08841225,1.0,2.6931682e-14,3.0461484e-13,-26.966816,2.3177187,0.77257293,0.14400001,0.0,0.13421448,33.210274,33.240273,3814400
hardzero_plus_depr__c0p54__z1p10__lam0p030__nu0p50__psi0p75,hardzero_plus_depr,0.02,40,1192,0.0,2,0.013913522,0.013913522,0.9792273,0.10489932,0.10489932,1.0,3.124298e-14,2.978378e-13,-27.344828,2.1543431,0.7181144,0.104,0.0,0.13155833,33.240273,33.27027,3817600
hardzero_plus_depr__c0p54__z1p10__lam0p030__nu0p50__psi0p75,hardzero_plus_depr,0.02,40,1193,0.0,2,0.013913522,0.013913522,0.9691992,0.10734969,0.10734969,1.0,3.1261465e-14,2.9121153e-13,-26.261257,2.1322808,0.7107603,0.17600001,0.0,0.13973059,33.27027,33.30027,3820800
hardzero_plus_depr__c0p54__z1p10__lam0p030__nu0p50__psi0p75,hardzero_plus_depr,0.02,40,1194,0.0,2,0.013913522,0.013913522,1.0069474,0.098413035,0.098413035,1.0,2.8021408e-14,2.847327e-13,-27.158209,2.2153285,0.73844284,0.16000001,0.0,0.14887033,33.30027,33.33027,3824000
hardzero_plus_depr__c0p54__z1p10__lam0p030__nu0p50__psi0p75,hardzero_plus_depr,0.02,40,1195,0.0,2,0.013913522,0.013913522,1.0151368,0.09657464,0.09657464,1.0,2.6886186e-14,2.78398e-13,-27.142706,2.2333457,0.7444486,0.112,0.0,0.14927237,33.33027,33.360268,3827200
hardzero_plus_depr__c0p54__z1p10__lam0p030__nu0p50__psi0p75,hardzero_plus_depr,0.02,40,1196,0.0,2,0.013913522,0.013913522,0.9763548,0.10559543,0.10559543,1.0,2.874352e-14,2.7220422e-13,-25.824057,2.1480234,0.7160078,0.12,0.0,0.113326825,33.360268,33.390266,3830400
hardzero_plus_depr__c0p54__z1p10__lam0p030__nu0p50__psi0p75,hardzero_plus_depr,0.02,40,1197,0.0,2,0.013913522,0.013913522,1.0303696,0.093246035,0.093246035,1.0,2.481727e-14,2.6614827e-13,-27.337751,2.2668583,0.75561947,0.112,0.0,0.16031614,33.390266,33.420265,3833600
hardzero_plus_depr__c0p54__z1p10__lam0p030__nu0p50__psi0p75,hardzero_plus_depr,0.02,40,1198,0.0,2,0.013913522,0.013913522,1.0027452,0.09936989,0.09936989,1.0,2.5858732e-14,2.6022703e-13,-26.372995,2.2060833,0.7353611,0.16800001,0.0,0.14230014,33.420265,33.450264,3836800
hardzero_plus_depr__c0p54__z1p10__lam0p030__nu0p50__psi0p75,hardzero_plus_depr,0.02,40,1199,0.0,2,0.013913522,0.013913522,1.0556574,0.08797161,0.08797161,1.0,2.238328e-14,2.5443753e-13,-28.249748,2.3224926,0.7741642,0.112,0.0,0.16859983,33.450264,33.480263,3840000
hardzero_plus_depr__c0p54__z1p10__lam0p030__nu0p50__psi0p75,hardzero_plus_depr,0.02,40,1200,0.0,2,0.013913522,0.013913522,1.0712034,0.08487829,0.08487829,1.0,2.1115754e-14,2.4877686e-13,-28.015913,2.3566945,0.78556484,0.120000005,0.0,0.15153155,33.480263,33.51026,3843200
hardzero_plus_depr__c0p54__z1p10__lam0p030__nu0p50__psi0p75,hardzero_plus_depr,0.02,40,1201,0.0,2,0.013913522,0.013913522,1.059928,0.08711077,0.08711077,1.0,2.1189005e-14,2.4324209e-13,-28.531075,2.3318882,0.77729607,0.120000005,0.0,0.15893367,33.51026,33.54026,3846400
hardzero_plus_depr__c0p54__z1p10__lam0p030__nu0p50__psi0p75,hardzero_plus_depr,0.02,40,1202,0.0,2,0.013913522,0.013913522,1.0526929,0.08857418,0.08857418,1.0,2.1065637e-14,2.3783045e-13,-27.244978,2.3159707,0.77199024,0.17600001,0.0,0.1522161,33.54026,33.57026,3849600
hardzero_plus_depr__c0p54__z1p10__lam0p030__nu0p50__psi0p75,hardzero_plus_depr,0.02,40,1203,0.0,2,0.013913522,0.013913522,1.0378938,0.091644466,0.091644466,1.0,2.1310936e-14,2.3253925e-13,-27.874695,2.283412,0.76113737,0.16000001,0.0,0.14239968,33.57026,33.600258,3852800
hardzero_plus_depr__c0p54__z1p10__lam0p030__nu0p50__psi0p75,hardzero_plus_depr,0.02,40,1204,0.0,2,0.013913522,0.013913522,1.002672,0.09938665,0.09938665,1.0,2.2597121e-14,2.2736576e-13,-26.637236,2.2059224,0.73530746,0.128,0.0,0.1267459,33.600258,33.630257,3856000
hardzero_plus_depr__c0p54__z1p10__lam0p030__nu0p50__psi0p75,hardzero_plus_depr,0.02,40,1205,0.0,2,0.013913522,0.013913522,0.9834062,0.1038948,0.1038948,1.0,2.309658e-14,2.2230736e-13,-27.111658,2.1635368,0.72117895,0.192,0.0,0.12924695,33.630257,33.660255,3859200
hardzero_plus_depr__c0p54__z1p10__lam0p030__nu0p50__psi0p75,hardzero_plus_depr,0.02,40,1206,0.0,2,0.013913522,0.013913522,1.0429678,0.09057997,0.09057997,1.0,1.9688598e-14,2.1736149e-13,-27.26887,2.294575,0.76485837,0.128,0.0,0.15246072,33.660255,33.690254,3862400
hardzero_plus_depr__c0p54__z1p10__lam0p030__nu0p50__psi0p75,hardzero_plus_depr,0.02,40,1207,0.0,2,0.013913522,0.013913522,1.0042325,0.09903015,0.09903015,1.0,2.1046448e-14,2.1252565e-13,-27.30062,2.2093556,0.73645186,0.096,0.0,0.12843168,33.690254,33.720253,3865600
hardzero_plus_depr__c0p54__z1p10__lam0p030__nu0p50__psi0p75,hardzero_plus_depr,0.02,40,1208,0.0,2,0.013913522,0.013913522,1.0501761,0.089088954,0.089088954,1.0,1.8512454e-14,2.0779742e-13,-28.637903,2.3104336,0.7701446,0.104,0.0,0.1733869,33.720253,33.75025,3868800
hardzero_plus_depr__c0p54__z1p10__lam0p030__nu0p50__psi0p75,hardzero_plus_depr,0.02,40,1209,0.0,2,0.013913522,0.013913522,1.0028857,0.09933776,0.09933776,1.0,2.0182886e-14,2.0317436e-13,-26.641132,2.2063925,0.7354642,0.19,0.0,0.15238689,33.75025,33.78025,3872000
hardzero_plus_depr__c0p54__z1p10__lam0p030__nu0p50__psi0p75,hardzero_plus_depr,0.02,40,1210,0.0,2,0.013913522,0.013913522,1.0420285,0.09077608,0.09077608,1.0,1.8033045e-14,1.9865416e-13,-27.346413,2.2925086,0.7641696,0.104,0.0,0.15840599,33.78025,33.81025,3875200
hardzero_plus_depr__c0p54__z1p10__lam0p030__nu0p50__psi0p75,hardzero_plus_depr,0.02,40,1211,0.0,2,0.013913522,0.013913522,1.0050083,0.09885341,0.09885341,1.0,1.9200746e-14,1.9423453e-13,-26.255575,2.2110624,0.73702085,0.15200001,0.0,0.14632148,33.81025,33.84025,3878400
hardzero_plus_depr__c0p54__z1p10__lam0p030__nu0p50__psi0p75,hardzero_plus_depr,0.02,40,1212,0.0,2,0.013913522,0.013913522,1.0659387,0.08591347,0.08591347,1.0,1.6316104e-14,1.8991322e-13,-28.027025,2.345112,0.78170407,0.136,0.0,0.15372351,33.84025,33.870247,3881600
hardzero_plus_depr__c0p54__z1p10__lam0p030__nu0p50__psi0p75,hardzero_plus_depr,0.02,40,1213,0.0,2,0.013913522,0.013913522,1.0518762,0.08874089,0.08874089,1.0,1.6478126e-14,1.8568808e-13,-27.35156,2.314174,0.77139133,0.136,0.0,0.14306875,33.870247,33.900246,3884800
hardzero_plus_depr__c0p54__z1p10__lam0p030__nu0p50__psi0p75,hardzero_plus_depr,0.02,40,1214,0.0,2,0.013913522,0.013913522,0.9816408,0.10431797,0.10431797,1.0,1.8939648e-14,1.815569e-13,-26.676027,2.159653,0.71988434,0.23200001,0.0,0.13957885,33.900246,33.930244,3888000
hardzero_plus_depr__c0p54__z1p10__lam0p030__nu0p50__psi0p75,hardzero_plus_depr,0.02,40,1215,0.0,2,0.013913522,0.013913522,1.0260981,0.09416768,0.09416768,1.0,1.6716426e-14,1.7751765e-13,-27.11591,2.257461,0.75248706,0.120000005,0.0,0.122976534,33.930244,33.960243,3891200
hardzero_plus_depr__c0p54__z1p10__lam0p030__nu0p50__psi0p75,hardzero_plus_depr,0.02,40,1216,0.0,2,0.013913522,0.013913522,1.0027465,0.09936959,0.09936959,1.0,1.7247409e-14,1.7356827e-13,-26.651367,2.2060862,0.73536205,0.15200001,0.0,0.13383153,33.960243,33.990242,3894400
hardzero_plus_depr__c0p54__z1p10__lam0p030__nu0p50__psi0p75,hardzero_plus_depr,0.02,40,1217,0.0,2,0.013913522,0.013913522,1.0540731,0.08829313,0.08829313,1.0,1.498394e-14,1.6970675e-13,-27.333288,2.3190072,0.7730024,0.136,0.0,0.1515764,33.990242,34.02024,3897600
hardzero_plus_depr__c0p54__z1p10__lam0p030__nu0p50__psi0p75,hardzero_plus_depr,0.02,40,1218,0.0,2,0.013913522,0.013913522,0.9930797,0.10160621,0.10160621,1.0,1.6859633e-14,1.6593113e-13,-26.680468,2.184819,0.72827303,0.17600001,0.0,0.15325552,34.02024,34.05024,3900800
hardzero_plus_depr__c0p54__z1p10__lam0p030__nu0p50__psi0p75,hardzero_plus_depr,0.02,40,1219,0.0,2,0.013913522,0.013913522,0.9977264,0.10052489,0.10052489,1.0,1.630911e-14,1.6223951e-13,-26.961456,2.195042,0.73168063,0.128,0.0,0.13395748,34.05024,34.08024,3904000
hardzero_plus_depr__c0p54__z1p10__lam0p030__nu0p50__psi0p75,hardzero_plus_depr,0.02,40,1220,0.0,2,0.013913522,0.013913522,0.9797335,0.10477711,0.10477711,1.0,1.6620794e-14,1.5863001e-13,-26.09493,2.1554568,0.7184856,0.16000001,0.0,0.13813463,34.08024,34.110237,3907200
hardzero_plus_depr__c0p54__z1p10__lam0p030__nu0p50__psi0p75,hardzero_plus_depr,0.02,40,1221,0.0,2,0.013913522,0.013913522,1.0723354,0.08465735,0.08465735,1.0,1.3130427e-14,1.5510085e-13,-28.435755,2.359185,0.786395,0.15200001,0.0,0.1559103,34.110237,34.140236,3910400
hardzero_plus_depr__c0p54__z1p10__lam0p030__nu0p50__psi0p75,hardzero_plus_depr,0.02,40,1222,0.0,2,0.013913522,0.013913522,1.020989,0.09528204,0.09528204,1.0,1.4449538e-14,1.5165018e-13,-27.125996,2.2462206,0.7487402,0.17999999,0.0,0.15991534,34.140236,34.170235,3913600
hardzero_plus_depr__c0p54__z1p10__lam0p030__nu0p50__psi0p75,hardzero_plus_depr,0.02,40,1223,0.0,2,0.013913522,0.013913522,1.0630085,0.086495094,0.086495094,1.0,1.28251715e-14,1.4827629e-13,-28.329674,2.3386655,0.7795552,0.18400002,0.0,0.17069857,34.170235,34.200233,3916800
hardzero_plus_depr__c0p54__z1p10__lam0p030__nu0p50__psi0p75,hardzero_plus_depr,0.02,40,1224,0.0,2,0.013913522,0.013913522,1.0106554,0.09757636,0.09757636,1.0,1.41463735e-14,1.4497747e-13,-27.417265,2.2234862,0.74116206,0.08800001,0.0,0.117240705,34.200233,34.230232,3920000
hardzero_plus_depr__c0p54__z1p10__lam0p030__nu0p50__psi0p75,hardzero_plus_depr,0.02,40,1225,0.0,2,0.013913522,0.013913522,1.0013305,0.099694096,0.099694096,1.0,1.4131839e-14,1.4175202e-13,-26.998907,2.202971,0.7343237,0.128,0.0,0.13945945,34.230232,34.26023,3923200
hardzero_plus_depr__c0p54__z1p10__lam0p030__nu0p50__psi0p75,hardzero_plus_depr,0.02,40,1226,0.0,2,0.013913522,0.013913522,0.9857246,0.10334165,0.10334165,1.0,1.432298e-14,1.3859833e-13,-26.050451,2.1686375,0.7228792,0.208,0.0,0.13045739,34.26023,34.29023,3926400
hardzero_plus_depr__c0p54__z1p10__lam0p030__nu0p50__psi0p75,hardzero_plus_depr,0.02,40,1227,0.0,2,0.013913522,0.013913522,1.048863,0.08935872,0.08935872,1.0,1.210943e-14,1.3551482e-13,-27.322216,2.3075447,0.7691816,0.128,0.0,0.13758624,34.29023,34.32023,3929600
hardzero_plus_depr__c0p54__z1p10__lam0p030__nu0p50__psi0p75,hardzero_plus_depr,0.02,40,1228,0.0,2,0.013913522,0.013913522,1.0147452,0.09666176,0.09666176,1.0,1.2807675e-14,1.3249991e-13,-26.656857,2.232484,0.74416137,0.17600001,0.0,0.15233654,34.32023,34.350227,3932800
hardzero_plus_depr__c0p54__z1p10__lam0p030__nu0p50__psi0p75,hardzero_plus_depr,0.02,40,1229,0.0,2,0.013913522,0.013913522,0.9878723,0.102831855,0.102831855,1.0,1.3322079e-14,1.2955206e-13,-26.428389,2.1733625,0.72445416,0.208,0.0,0.12334085,34.350227,34.380226,3936000
hardzero_plus_depr__c0p54__z1p10__lam0p030__nu0p50__psi0p75,hardzero_plus_depr,0.02,40,1230,0.0,2,0.013913522,0.013913522,1.0293509,0.09346502,0.09346502,1.0,1.1839197e-14,1.2666982e-13,-27.004856,2.2646172,0.75487244,0.2,0.0,0.1404895,34.380226,34.410225,3939200
hardzero_plus_depr__c0p54__z1p10__lam0p030__nu0p50__psi0p75,hardzero_plus_depr,0.02,40,1231,0.0,2,0.013913522,0.013913522,1.0566638,0.087768,0.087768,1.0,1.08702135e-14,1.2385167e-13,-27.296215,2.3247068,0.7749023,0.16800001,0.0,0.13563932,34.410225,34.440224,3942400
hardzero_plus_depr__c0p54__z1p10__lam0p030__nu0p50__psi0p75,hardzero_plus_depr,0.02,40,1232,0.0,2,0.013913522,0.013913522,1.0004252,0.09990212,0.09990212,1.0,1.2097771e-14,1.2109623e-13,-26.661957,2.2009795,0.73365986,0.16000001,0.0,0.17114927,34.440224,34.470222,3945600
hardzero_plus_depr__c0p54__z1p10__lam0p030__nu0p50__psi0p75,hardzero_plus_depr,0.02,40,1233,0.0,2,0.013913522,0.013913522,1.0081079,0.0981504,0.0981504,1.0,1.1621215e-14,1.1840211e-13,-27.192081,2.2178817,0.73929393,0.16000001,0.0,0.13673458,34.470222,34.50022,3948800
hardzero_plus_depr__c0p54__z1p10__lam0p030__nu0p50__psi0p75,hardzero_plus_depr,0.02,40,1234,0.0,2,0.013913522,0.013913522,1.0380235,0.09161709,0.09161709,1.0,1.06063196e-14,1.1576791e-13,-27.04656,2.2836974,0.7612325,0.18400002,0.0,0.13179845,34.50022,34.53022,3952000
hardzero_plus_depr__c0p54__z1p10__lam0p030__nu0p50__psi0p75,hardzero_plus_depr,0.02,40,1235,0.0,2,0.013913522,0.013913522,0.99579114,0.10097383,0.10097383,1.0,1.1429463e-14,1.13192326e-13,-26.756554,2.1907842,0.73026145,0.17999999,0.0,0.16038847,34.53022,34.56022,3955200
hardzero_plus_depr__c0p54__z1p10__lam0p030__nu0p50__psi0p75,hardzero_plus_depr,0.02,40,1236,0.0,2,0.013913522,0.013913522,0.9947788,0.10120948,0.10120948,1.0,1.1201261e-14,1.10674036e-13,-26.67957,2.1885571,0.72951907,0.16800001,0.0,0.12721968,34.56022,34.590218,3958400
hardzero_plus_depr__c0p54__z1p10__lam0p030__nu0p50__psi0p75,hardzero_plus_depr,0.02,40,1237,0.0,2,0.013913522,0.013913522,1.0133053,0.0969828,0.0969828,1.0,1.0494681e-14,1.0821177e-13,-27.106182,2.2293162,0.7431054,0.128,0.0,0.13783497,34.590218,34.620216,3961600
hardzero_plus_depr__c0p54__z1p10__lam0p030__nu0p50__psi0p75,hardzero_plus_depr,0.02,40,1238,0.0,2,0.013913522,0.013913522,1.0520437,0.08870668,0.08870668,1.0,9.385548e-15,1.05804295e-13,-28.257973,2.3145423,0.7715141,0.16000001,0.0,0.16739088,34.620216,34.650215,3964800
hardzero_plus_depr__c0p54__z1p10__lam0p030__nu0p50__psi0p75,hardzero_plus_depr,0.02,40,1239,0.0,2,0.013913522,0.013913522,1.0275526,0.09385283,0.09385283,1.0,9.70911e-15,1.0345037e-13,-27.161251,2.260661,0.7535536,0.104,0.0,0.14011389,34.650215,34.680214,3968000
hardzero_plus_depr__c0p54__z1p10__lam0p030__nu0p50__psi0p75,hardzero_plus_depr,0.02,40,1240,0.0,2,0.013913522,0.013913522,1.0373086,0.09176803,0.09176803,1.0,9.2822275e-15,1.0114882e-13,-27.057278,2.2821245,0.7607082,0.128,0.0,0.13145114,34.680214,34.710213,3971200
hardzero_plus_depr__c0p54__z1p10__lam0p030__nu0p50__psi0p75,hardzero_plus_depr,0.02,40,1241,0.0,2,0.013913522,0.013913522,1.0302454,0.09327271,0.09327271,1.0,9.2245285e-15,9.8898476e-14,-27.537489,2.266585,0.7555284,0.096,0.0,0.13046557,34.710213,34.74021,3974400
hardzero_plus_depr__c0p54__z1p10__lam0p030__nu0p50__psi0p75,hardzero_plus_depr,0.02,40,1242,0.0,2,0.013913522,0.013913522,0.97853464,0.10506676,0.10506676,1.0,1.0159766e-14,9.6698196e-14,-26.90822,2.1528192,0.7176064,0.16000001,0.0,0.16181132,34.74021,34.77021,3977600
hardzero_plus_depr__c0p54__z1p10__lam0p030__nu0p50__psi0p75,hardzero_plus_depr,0.02,40,1243,0.0,2,0.013913522,0.013913522,1.0218942,0.095083624,0.095083624,1.0,8.989859e-15,9.454687e-14,-26.42149,2.248212,0.7494041,0.104,0.0,0.14015871,34.77021,34.80021,3980800
hardzero_plus_depr__c0p54__z1p10__lam0p030__nu0p50__psi0p75,hardzero_plus_depr,0.02,40,1244,0.0,2,0.013913522,0.013913522,1.0098268,0.09776272,0.09776272,1.0,9.037518e-15,9.24434e-14,-27.262342,2.2216632,0.74055445,0.192,0.0,0.15205267,34.80021,34.830208,3984000
hardzero_plus_depr__c0p54__z1p10__lam0p030__nu0p50__psi0p75,hardzero_plus_depr,0.02,40,1245,0.0,2,0.013913522,0.013913522,1.0345939,0.09234345,0.09234345,1.0,8.346623e-15,9.038673e-14,-27.598928,2.2761521,0.7587174,0.16000001,0.0,0.15948284,34.830208,34.860207,3987200
hardzero_plus_depr__c0p54__z1p10__lam0p030__nu0p50__psi0p75,hardzero_plus_depr,0.02,40,1246,0.0,2,0.013913522,0.013913522,0.99784356,0.10049777,0.10049777,1.0,8.881573e-15,8.8375826e-14,-26.185328,2.1952996,0.7317666,0.14400001,0.0,0.14078495,34.860207,34.890205,3990400
hardzero_plus_depr__c0p54__z1p10__lam0p030__nu0p50__psi0p75,hardzero_plus_depr,0.02,40,1247,0.0,2,0.013913522,0.013913522,0.97191226,0.10668115,0.10668115,1.0,9.218281e-15,8.6409646e-14,-26.894571,2.1382496,0.7127499,0.14400001,0.0,0.12532128,34.890205,34.920204,3993600
hardzero_plus_depr__c0p54__z1p10__lam0p030__nu0p50__psi0p75,hardzero_plus_depr,0.02,40,1248,0.0,2,0.013913522,0.013913522,0.99029785,0.102259144,0.102259144,1.0,8.639591e-15,8.448723e-14,-27.798624,2.1786988,0.72623295,0.19,0.0,0.14514618,34.920204,34.950203,3996800
hardzero_plus_depr__c0p54__z1p10__lam0p030__nu0p50__psi0p75,hardzero_plus_depr,0.02,40,1249,0.0,2,0.013913522,0.013913522,1.0567678,0.08774697,0.08774697,1.0,7.248563e-15,8.260756e-14,-28.078255,2.3249357,0.7749786,0.120000005,0.0,0.18344077,34.950203,34.9802,4000000
