mechanism_tag,mechanism,alpha,seed,update,update_u,update_counter,energy_E_pre,energy_E_post,funding_z,funding_g,funding_g_raw,funding_cut_active,funding_income,funding_alpha_eff,episode_return_end_mean,terminal_min_dists_end_mean,terminal_dbar_end,terminal_occupied_end_mean,terminal_CSR_train,vartd_VarTD,depr_F,depr_F_post,env_steps
hardzero_plus_depr__c0p52__z1p00__lam0p010__nu0p50__psi1p00,hardzero_plus_depr,0.06,37,0,1.0,1,1.0,0.48000002,1.0714711,0.0,0.084825985,0.0,0.0,0.06,-28.596724,2.3572836,0.78576124,0.16,0.0,0.20661528,0.0,0.0,3200
hardzero_plus_depr__c0p52__z1p00__lam0p010__nu0p50__psi1p00,hardzero_plus_depr,0.06,37,1,0.0,1,0.48000002,0.48601753,0.9987352,0.100291654,0.100291654,1.0,0.006017499,0.06,-26.705421,2.1972613,0.73242044,0.15200001,0.0,0.17359541,0.0,0.01,6400
hardzero_plus_depr__c0p52__z1p00__lam0p010__nu0p50__psi1p00,hardzero_plus_depr,0.06,37,2,0.0,1,0.48601753,0.4919738,0.9988335,0.10026896,0.10026896,1.0,0.005956276,0.059402987,-26.574064,2.1974776,0.73249257,0.18400002,0.0,0.1798438,0.01,0.02,9600
hardzero_plus_depr__c0p52__z1p00__lam0p010__nu0p50__psi1p00,hardzero_plus_depr,0.06,37,3,0.0,1,0.4919738,0.4919738,1.0589373,0.0,0.08730974,0.0,0.0,0.058811918,-27.474997,2.3297086,0.77656955,0.14400001,0.0,0.1917905,0.02,0.03,12800
hardzero_plus_depr__c0p52__z1p00__lam0p010__nu0p50__psi1p00,hardzero_plus_depr,0.06,37,4,0.0,1,0.4919738,0.4919738,1.0235476,0.0,0.09472232,0.0,0.0,0.058226734,-27.26754,2.25185,0.75061667,0.17600001,0.0,0.18431844,0.03,0.04,16000
hardzero_plus_depr__c0p52__z1p00__lam0p010__nu0p50__psi1p00,hardzero_plus_depr,0.06,37,5,0.0,1,0.4919738,0.4919738,1.0551502,0.0,0.08807443,0.0,0.0,0.05764737,-27.7954,2.3213766,0.7737922,0.17600001,0.0,0.19830869,0.04,0.049999997,19200
hardzero_plus_depr__c0p52__z1p00__lam0p010__nu0p50__psi1p00,hardzero_plus_depr,0.06,37,6,0.0,1,0.4919738,0.4919738,1.0515873,0.0,0.08879994,0.0,0.0,0.057073765,-27.45228,2.3135383,0.77117944,0.136,0.0,0.19015664,0.049999997,0.059999995,22400
hardzero_plus_depr__c0p52__z1p00__lam0p010__nu0p50__psi1p00,hardzero_plus_depr,0.06,37,7,0.0,1,0.4919738,0.497774,0.98864996,0.1026479,0.1026479,1.0,0.0058002095,0.056505874,-26.503328,2.1750734,0.72502446,0.136,0.0,0.17035523,0.059999995,0.06999999,25600
hardzero_plus_depr__c0p52__z1p00__lam0p010__nu0p50__psi1p00,hardzero_plus_depr,0.06,37,8,0.0,1,0.497774,0.5038846,0.96166587,0.10922804,0.10922804,1.0,0.006110613,0.05594363,-25.61951,2.1157072,0.7052357,0.15200001,0.0,0.17170142,0.06999999,0.07999999,28800
hardzero_plus_depr__c0p52__z1p00__lam0p010__nu0p50__psi1p00,hardzero_plus_depr,0.06,37,9,0.0,1,0.5038846,0.5038846,1.006964,0.0,0.09840928,0.0,0.0,0.055386983,-27.10208,2.215365,0.738455,0.136,0.0,0.19341004,0.07999999,0.08999999,32000
hardzero_plus_depr__c0p52__z1p00__lam0p010__nu0p50__psi1p00,hardzero_plus_depr,0.06,37,10,0.0,1,0.5038846,0.5038846,1.0197061,0.0,0.095563896,0.0,0.0,0.054835875,-26.953886,2.2433982,0.7477994,0.17600001,0.0,0.21232758,0.08999999,0.09999999,35200
hardzero_plus_depr__c0p52__z1p00__lam0p010__nu0p50__psi1p00,hardzero_plus_depr,0.06,37,11,0.0,1,0.5038846,0.5038846,1.0368459,0.0,0.09186585,0.0,0.0,0.05429025,-27.832579,2.2811065,0.7603688,0.17600001,0.0,0.19320141,0.09999999,0.109999985,38400
hardzero_plus_depr__c0p52__z1p00__lam0p010__nu0p50__psi1p00,hardzero_plus_depr,0.06,37,12,0.0,1,0.5038846,0.5038846,1.0822515,0.0,0.08274628,0.0,0.0,0.053750053,-28.070646,2.381001,0.793667,0.08800001,0.0,0.18273392,0.109999985,0.11999998,41600
hardzero_plus_depr__c0p52__z1p00__lam0p010__nu0p50__psi1p00,hardzero_plus_depr,0.06,37,13,0.0,1,0.5038846,0.5038846,1.0040493,0.0,0.09907195,0.0,0.0,0.053215224,-27.403282,2.2089527,0.7363176,0.13,0.0,0.17682803,0.11999998,0.12999998,44800
hardzero_plus_depr__c0p52__z1p00__lam0p010__nu0p50__psi1p00,hardzero_plus_depr,0.06,37,14,0.0,1,0.5038846,0.5038846,1.0150512,0.0,0.096593685,0.0,0.0,0.052685726,-27.119398,2.2331574,0.74438584,0.192,0.0,0.16502015,0.12999998,0.13999999,48000
hardzero_plus_depr__c0p52__z1p00__lam0p010__nu0p50__psi1p00,hardzero_plus_depr,0.06,37,15,0.0,1,0.5038846,0.50916904,0.9943521,0.10130897,0.10130897,1.0,0.0052844277,0.052161496,-26.269735,2.1876183,0.7292061,0.17600001,0.0,0.17845178,0.13999999,0.14999999,51200
hardzero_plus_depr__c0p52__z1p00__lam0p010__nu0p50__psi1p00,hardzero_plus_depr,0.06,37,16,0.0,1,0.50916904,0.50916904,1.0220087,0.0,0.095058575,0.0,0.0,0.051642474,-27.672714,2.2484639,0.749488,0.14400001,0.0,0.19178121,0.14999999,0.16,54400
hardzero_plus_depr__c0p52__z1p00__lam0p010__nu0p50__psi1p00,hardzero_plus_depr,0.06,37,17,0.0,1,0.50916904,0.50916904,1.0099757,0.0,0.0977292,0.0,0.0,0.051128626,-26.564308,2.2219908,0.74066365,0.14400001,0.0,0.1952307,0.16,0.17,57600
hardzero_plus_depr__c0p52__z1p00__lam0p010__nu0p50__psi1p00,hardzero_plus_depr,0.06,37,18,0.0,1,0.50916904,0.50916904,1.0298036,0.0,0.093367636,0.0,0.0,0.05061989,-27.7208,2.2656133,0.75520444,0.14400001,0.0,0.18434344,0.17,0.18,60800
hardzero_plus_depr__c0p52__z1p00__lam0p010__nu0p50__psi1p00,hardzero_plus_depr,0.06,37,19,0.0,1,0.50916904,0.5142033,0.99804056,0.1004522,0.1004522,1.0,0.0050342837,0.05011621,-26.115839,2.195733,0.73191106,0.15200001,0.0,0.19479086,0.18,0.19000001,64000
hardzero_plus_depr__c0p52__z1p00__lam0p010__nu0p50__psi1p00,hardzero_plus_depr,0.06,37,20,0.0,1,0.5142033,0.5142033,1.0225654,0.0,0.09493682,0.0,0.0,0.049617548,-26.850908,2.2496886,0.7498962,0.17600001,0.0,0.18291828,0.19000001,0.20000002,67200
hardzero_plus_depr__c0p52__z1p00__lam0p010__nu0p50__psi1p00,hardzero_plus_depr,0.06,37,21,0.0,1,0.5142033,0.5142033,1.003066,0.0,0.099296525,0.0,0.0,0.049123846,-26.630627,2.206789,0.73559636,0.208,0.0,0.18754062,0.20000002,0.21000002,70400
hardzero_plus_depr__c0p52__z1p00__lam0p010__nu0p50__psi1p00,hardzero_plus_depr,0.06,37,22,0.0,1,0.5142033,0.5142033,1.0181301,0.0,0.09591134,0.0,0.0,0.048635054,-27.316357,2.2399309,0.74664366,0.16000001,0.0,0.18133245,0.21000002,0.22000003,73600
hardzero_plus_depr__c0p52__z1p00__lam0p010__nu0p50__psi1p00,hardzero_plus_depr,0.06,37,23,0.0,1,0.5142033,0.5142033,1.04208,0.0,0.09076533,0.0,0.0,0.048151124,-27.62617,2.2926219,0.7642073,0.16800001,0.0,0.22079957,0.22000003,0.23000003,76800
hardzero_plus_depr__c0p52__z1p00__lam0p010__nu0p50__psi1p00,hardzero_plus_depr,0.06,37,24,0.0,1,0.5142033,0.5142033,1.0779213,0.0,0.08357544,0.0,0.0,0.047672015,-28.519768,2.371474,0.79049134,0.136,0.0,0.19578084,0.23000003,0.24000004,80000
hardzero_plus_depr__c0p52__z1p00__lam0p010__nu0p50__psi1p00,hardzero_plus_depr,0.06,37,25,0.0,1,0.5142033,0.5142033,1.0483888,0.0,0.08945634,0.0,0.0,0.047197673,-28.11243,2.3065016,0.7688339,0.120000005,0.0,0.18113792,0.24000004,0.25000003,83200
hardzero_plus_depr__c0p52__z1p00__lam0p010__nu0p50__psi1p00,hardzero_plus_depr,0.06,37,26,0.0,1,0.5142033,0.51908785,0.9807537,0.10453129,0.10453129,1.0,0.004884543,0.046728045,-26.39468,2.1577013,0.71923375,0.19999999,0.0,0.15688828,0.25000003,0.26000002,86400
hardzero_plus_depr__c0p52__z1p00__lam0p010__nu0p50__psi1p00,hardzero_plus_depr,0.06,37,27,0.0,1,0.51908785,0.51908785,1.0251589,0.0,0.09437155,0.0,0.0,0.046263095,-26.323954,2.2553945,0.75179815,0.216,0.0,0.17530142,0.26000002,0.27,89600
hardzero_plus_depr__c0p52__z1p00__lam0p010__nu0p50__psi1p00,hardzero_plus_depr,0.06,37,28,0.0,1,0.51908785,0.51908785,1.0291945,0.0,0.09349868,0.0,0.0,0.04580277,-27.737621,2.2642732,0.75475776,0.17600001,0.0,0.19318469,0.27,0.28,92800
hardzero_plus_depr__c0p52__z1p00__lam0p010__nu0p50__psi1p00,hardzero_plus_depr,0.06,37,29,0.0,1,0.51908785,0.51908785,1.0452014,0.0,0.0901153,0.0,0.0,0.045347024,-27.611788,2.299489,0.76649636,0.17600001,0.0,0.18522571,0.28,0.29,96000
hardzero_plus_depr__c0p52__z1p00__lam0p010__nu0p50__psi1p00,hardzero_plus_depr,0.06,37,30,0.0,1,0.51908785,0.51908785,1.0273464,0.0,0.09389742,0.0,0.0,0.044895817,-27.46564,2.2602072,0.7534024,0.18400002,0.0,0.19749647,0.29,0.29999998,99200
hardzero_plus_depr__c0p52__z1p00__lam0p010__nu0p50__psi1p00,hardzero_plus_depr,0.06,37,31,0.0,1,0.51908785,0.5241445,0.94400495,0.11376143,0.11376143,1.0,0.005056592,0.04444909,-25.526608,2.0768523,0.6922841,0.208,0.0,0.15956339,0.29999998,0.30999997,102400
hardzero_plus_depr__c0p52__z1p00__lam0p010__nu0p50__psi1p00,hardzero_plus_depr,0.06,37,32,1.0,2,0.5241445,0.0041444898,1.0370667,0.0,0.09181915,0.0,0.0,0.04400682,-27.49678,2.2815924,0.7605308,0.128,0.0,0.19232385,0.30999997,0.15499999,105600
hardzero_plus_depr__c0p52__z1p00__lam0p010__nu0p50__psi1p00,hardzero_plus_depr,0.06,37,33,0.0,2,0.0041444898,0.0041444898,1.049278,0.0,0.089273386,0.0,0.0,0.051384907,-27.458,2.3084579,0.76948595,0.15200001,0.0,0.20127374,0.15499999,0.16499999,108800
hardzero_plus_depr__c0p52__z1p00__lam0p010__nu0p50__psi1p00,hardzero_plus_depr,0.06,37,34,0.0,2,0.0041444898,0.009646118,0.96600133,0.10814305,0.10814305,1.0,0.0055016284,0.050873622,-26.369226,2.1252453,0.70841515,0.16000001,0.0,0.1556697,0.16499999,0.175,112000
hardzero_plus_depr__c0p52__z1p00__lam0p010__nu0p50__psi1p00,hardzero_plus_depr,0.06,37,35,0.0,2,0.009646118,0.009646118,1.0231562,0.0,0.09480775,0.0,0.0,0.050367422,-26.640669,2.2509885,0.7503295,0.18400002,0.0,0.19633174,0.175,0.185,115200
hardzero_plus_depr__c0p52__z1p00__lam0p010__nu0p50__psi1p00,hardzero_plus_depr,0.06,37,36,0.0,2,0.009646118,0.009646118,1.0461968,0.0,0.089909,0.0,0.0,0.049866255,-27.878767,2.301679,0.76722634,0.136,0.0,0.17444243,0.185,0.19500001,118400
hardzero_plus_depr__c0p52__z1p00__lam0p010__nu0p50__psi1p00,hardzero_plus_depr,0.06,37,37,0.0,2,0.009646118,0.014910823,0.97208977,0.10663757,0.10663757,1.0,0.005264705,0.04937008,-26.565954,2.1386402,0.7128801,0.16000001,0.0,0.17094758,0.19500001,0.20500001,121600
hardzero_plus_depr__c0p52__z1p00__lam0p010__nu0p50__psi1p00,hardzero_plus_depr,0.06,37,38,0.0,2,0.014910823,0.014910823,1.039941,0.0,0.09121349,0.0,0.0,0.048878837,-26.64726,2.2879157,0.76263857,0.15200001,0.0,0.18034773,0.20500001,0.21500002,124800
hardzero_plus_depr__c0p52__z1p00__lam0p010__nu0p50__psi1p00,hardzero_plus_depr,0.06,37,39,0.0,2,0.014910823,0.014910823,1.0225935,0.0,0.09493066,0.0,0.0,0.048392486,-27.5672,2.2497506,0.7499169,0.17,0.0,0.1840529,0.21500002,0.22500002,128000
hardzero_plus_depr__c0p52__z1p00__lam0p010__nu0p50__psi1p00,hardzero_plus_depr,0.06,37,40,0.0,2,0.014910823,0.014910823,1.0394369,0.0,0.09131939,0.0,0.0,0.047910973,-28.116772,2.2868068,0.76226896,0.15200001,0.0,0.19218495,0.22500002,0.23500003,131200
hardzero_plus_depr__c0p52__z1p00__lam0p010__nu0p50__psi1p00,hardzero_plus_depr,0.06,37,41,0.0,2,0.014910823,0.014910823,1.0182687,0.0,0.09588073,0.0,0.0,0.04743425,-26.883553,2.2402358,0.7467453,0.15200001,0.008,0.18611613,0.23500003,0.24500003,134400
hardzero_plus_depr__c0p52__z1p00__lam0p010__nu0p50__psi1p00,hardzero_plus_depr,0.06,37,42,0.0,2,0.014910823,0.014910823,1.043346,0.0,0.090501115,0.0,0.0,0.046962272,-26.958313,2.295407,0.7651357,0.16000001,0.0,0.18480055,0.24500003,0.25500003,137600
hardzero_plus_depr__c0p52__z1p00__lam0p010__nu0p50__psi1p00,hardzero_plus_depr,0.06,37,43,0.0,2,0.014910823,0.014910823,1.0794055,0.0,0.0832903,0.0,0.0,0.04649499,-28.194965,2.3747396,0.7915799,0.096,0.0,0.20406082,0.25500003,0.26500002,140800
hardzero_plus_depr__c0p52__z1p00__lam0p010__nu0p50__psi1p00,hardzero_plus_depr,0.06,37,44,0.0,2,0.014910823,0.014910823,1.0041053,0.0,0.09905917,0.0,0.0,0.046032358,-26.755154,2.209076,0.73635864,0.15200001,0.0,0.16659383,0.26500002,0.275,144000
hardzero_plus_depr__c0p52__z1p00__lam0p010__nu0p50__psi1p00,hardzero_plus_depr,0.06,37,45,0.0,2,0.014910823,0.019503824,0.99662364,0.10078046,0.10078046,1.0,0.004593001,0.045574326,-26.85019,2.1926157,0.7308719,0.14400001,0.0,0.1674633,0.275,0.285,147200
hardzero_plus_depr__c0p52__z1p00__lam0p010__nu0p50__psi1p00,hardzero_plus_depr,0.06,37,46,0.0,2,0.019503824,0.019503824,1.0241119,0.0,0.094599344,0.0,0.0,0.045120854,-27.488173,2.253091,0.7510304,0.18400002,0.0,0.21155427,0.285,0.295,150400
hardzero_plus_depr__c0p52__z1p00__lam0p010__nu0p50__psi1p00,hardzero_plus_depr,0.06,37,47,0.0,2,0.019503824,0.019503824,1.078818,0.0,0.08340306,0.0,0.0,0.044671897,-28.560171,2.373447,0.791149,0.104,0.0,0.20966132,0.295,0.30499998,153600
hardzero_plus_depr__c0p52__z1p00__lam0p010__nu0p50__psi1p00,hardzero_plus_depr,0.06,37,48,0.0,2,0.019503824,0.024162201,0.97745687,0.10532783,0.10532783,1.0,0.004658377,0.044227406,-26.71842,2.150448,0.71681607,0.16000001,0.0,0.17440924,0.30499998,0.31499997,156800
hardzero_plus_depr__c0p52__z1p00__lam0p010__nu0p50__psi1p00,hardzero_plus_depr,0.06,37,49,0.0,2,0.024162201,0.024162201,1.014805,0.0,0.09664849,0.0,0.0,0.043787334,-28.06935,2.2326155,0.7442052,0.16000001,0.0,0.23629145,0.31499997,0.32499996,160000
hardzero_plus_depr__c0p52__z1p00__lam0p010__nu0p50__psi1p00,hardzero_plus_depr,0.06,37,50,0.0,2,0.024162201,0.024162201,1.0640739,0.0,0.08628317,0.0,0.0,0.043351643,-27.957653,2.3410094,0.7803365,0.16000001,0.0,0.19967183,0.32499996,0.33499995,163200
hardzero_plus_depr__c0p52__z1p00__lam0p010__nu0p50__psi1p00,hardzero_plus_depr,0.06,37,51,0.0,2,0.024162201,0.028711645,0.9747042,0.10599753,0.10599753,1.0,0.004549444,0.042920284,-25.949709,2.144392,0.7147974,0.128,0.0,0.17219307,0.33499995,0.34499994,166400
hardzero_plus_depr__c0p52__z1p00__lam0p010__nu0p50__psi1p00,hardzero_plus_depr,0.06,37,52,0.0,2,0.028711645,0.028711645,1.0508895,0.0,0.08894273,0.0,0.0,0.04249322,-27.466682,2.3120031,0.77066773,0.14,0.0,0.22408397,0.34499994,0.35499993,169600
hardzero_plus_depr__c0p52__z1p00__lam0p010__nu0p50__psi1p00,hardzero_plus_depr,0.06,37,53,0.0,2,0.028711645,0.033204176,0.9714858,0.10678597,0.10678597,1.0,0.004492529,0.042070407,-26.294123,2.1373115,0.71243715,0.256,0.0,0.1861699,0.35499993,0.36499992,172800
hardzero_plus_depr__c0p52__z1p00__lam0p010__nu0p50__psi1p00,hardzero_plus_depr,0.06,37,54,0.0,2,0.033204176,0.037494857,0.9871076,0.10301309,0.10301309,1.0,0.0042906804,0.041651797,-27.103598,2.17168,0.72389334,0.14400001,0.0,0.15392415,0.36499992,0.3749999,176000
hardzero_plus_depr__c0p52__z1p00__lam0p010__nu0p50__psi1p00,hardzero_plus_depr,0.06,37,55,0.0,2,0.037494857,0.041665904,0.99504566,0.10114732,0.10114732,1.0,0.0041710483,0.04123736,-26.575827,2.1891441,0.72971475,0.15200001,0.0,0.17723511,0.3749999,0.3849999,179200
hardzero_plus_depr__c0p52__z1p00__lam0p010__nu0p50__psi1p00,hardzero_plus_depr,0.06,37,56,0.0,2,0.041665904,0.041665904,1.0531062,0.0,0.08848991,0.0,0.0,0.040827043,-27.3749,2.31688,0.7722933,0.17600001,0.0,0.1902808,0.3849999,0.3949999,182400
hardzero_plus_depr__c0p52__z1p00__lam0p010__nu0p50__psi1p00,hardzero_plus_depr,0.06,37,57,0.0,2,0.041665904,0.04628645,0.941912,0.114310995,0.114310995,1.0,0.0046205427,0.040420808,-25.7999,2.0722477,0.6907493,0.224,0.0,0.16920553,0.3949999,0.40499988,185600
hardzero_plus_depr__c0p52__z1p00__lam0p010__nu0p50__psi1p00,hardzero_plus_depr,0.06,37,58,0.0,2,0.04628645,0.04628645,1.0209059,0.0,0.09530028,0.0,0.0,0.040018614,-27.089403,2.2460377,0.7486793,0.136,0.0,0.16550396,0.40499988,0.41499987,188800
hardzero_plus_depr__c0p52__z1p00__lam0p010__nu0p50__psi1p00,hardzero_plus_depr,0.06,37,59,0.0,2,0.04628645,0.04628645,1.0223745,0.0,0.09497854,0.0,0.0,0.03962042,-27.499485,2.2492688,0.7497563,0.17600001,0.0,0.20021608,0.41499987,0.42499986,192000
hardzero_plus_depr__c0p52__z1p00__lam0p010__nu0p50__psi1p00,hardzero_plus_depr,0.06,37,60,0.0,2,0.04628645,0.04628645,1.0629404,0.0,0.08650867,0.0,0.0,0.039226193,-27.75655,2.3385155,0.7795052,0.17600001,0.0,0.20307915,0.42499986,0.43499985,195200
hardzero_plus_depr__c0p52__z1p00__lam0p010__nu0p50__psi1p00,hardzero_plus_depr,0.06,37,61,0.0,2,0.04628645,0.050484963,0.9661379,0.10810908,0.10810908,1.0,0.004198512,0.038835887,-26.595295,2.1255457,0.7085153,0.208,0.0,0.17771442,0.43499985,0.44499984,198400
hardzero_plus_depr__c0p52__z1p00__lam0p010__nu0p50__psi1p00,hardzero_plus_depr,0.06,37,62,0.0,2,0.050484963,0.054575697,0.97308904,0.10639248,0.10639248,1.0,0.004090734,0.038449463,-26.807669,2.1408386,0.7136129,0.23200001,0.0,0.16133744,0.44499984,0.45499983,201600
hardzero_plus_depr__c0p52__z1p00__lam0p010__nu0p50__psi1p00,hardzero_plus_depr,0.06,37,63,0.0,2,0.054575697,0.058392175,0.99888474,0.10025713,0.10025713,1.0,0.0038164763,0.038066883,-26.485357,2.1975904,0.7325301,0.18400002,0.0,0.16615935,0.45499983,0.46499982,204800
hardzero_plus_depr__c0p52__z1p00__lam0p010__nu0p50__psi1p00,hardzero_plus_depr,0.06,37,64,0.0,2,0.058392175,0.058392175,1.0011119,0.0,0.099744305,0.0,0.0,0.03768811,-26.452568,2.20249,0.7341634,0.14400001,0.0,0.16511804,0.46499982,0.47499982,208000
hardzero_plus_depr__c0p52__z1p00__lam0p010__nu0p50__psi1p00,hardzero_plus_depr,0.06,37,65,0.0,2,0.058392175,0.058392175,1.032896,0.0,0.092705175,0.0,0.0,0.037313107,-27.268862,2.2724166,0.7574722,0.14,0.0,0.17589667,0.47499982,0.4849998,211200
hardzero_plus_depr__c0p52__z1p00__lam0p010__nu0p50__psi1p00,hardzero_plus_depr,0.06,37,66,0.0,2,0.058392175,0.058392175,1.1211277,0.0,0.07566104,0.0,0.0,0.036941838,-29.517748,2.4665303,0.8221768,0.128,0.0,0.23696244,0.4849998,0.4949998,214400
hardzero_plus_depr__c0p52__z1p00__lam0p010__nu0p50__psi1p00,hardzero_plus_depr,0.06,37,67,0.0,2,0.058392175,0.06233997,0.96682113,0.10793912,0.10793912,1.0,0.0039477935,0.036574263,-26.910603,2.127049,0.7090163,0.14400001,0.0,0.18138295,0.4949998,0.5049998,217600
hardzero_plus_depr__c0p52__z1p00__lam0p010__nu0p50__psi1p00,hardzero_plus_depr,0.06,37,68,0.0,2,0.06233997,0.06233997,1.0669136,0.0,0.08572084,0.0,0.0,0.03621034,-28.656244,2.347257,0.78241897,0.128,0.0,0.21919747,0.5049998,0.5149998,220800
hardzero_plus_depr__c0p52__z1p00__lam0p010__nu0p50__psi1p00,hardzero_plus_depr,0.06,37,69,0.0,2,0.06233997,0.06233997,1.0047528,0.0,0.0989116,0.0,0.0,0.03585004,-27.70821,2.2105002,0.73683345,0.15200001,0.0,0.18555212,0.5149998,0.5249998,224000
hardzero_plus_depr__c0p52__z1p00__lam0p010__nu0p50__psi1p00,hardzero_plus_depr,0.06,37,70,0.0,2,0.06233997,0.06597551,0.98957795,0.10242878,0.10242878,1.0,0.0036355383,0.03549333,-27.20154,2.177115,0.725705,0.216,0.0,0.1898581,0.5249998,0.5349998,227200
hardzero_plus_depr__c0p52__z1p00__lam0p010__nu0p50__psi1p00,hardzero_plus_depr,0.06,37,71,0.0,2,0.06597551,0.06959452,0.98721427,0.10298777,0.10298777,1.0,0.0036190073,0.035140164,-26.466587,2.1719148,0.7239716,0.16000001,0.0,0.1655391,0.5349998,0.5449998,230400
hardzero_plus_depr__c0p52__z1p00__lam0p010__nu0p50__psi1p00,hardzero_plus_depr,0.06,37,72,0.0,2,0.06959452,0.06959452,1.0314018,0.0,0.093024686,0.0,0.0,0.034790512,-27.792309,2.2691293,0.75637645,0.096,0.0,0.18965971,0.5449998,0.55499977,233600
hardzero_plus_depr__c0p52__z1p00__lam0p010__nu0p50__psi1p00,hardzero_plus_depr,0.06,37,73,0.0,2,0.06959452,0.06959452,1.0781419,0.0,0.08353299,0.0,0.0,0.034444343,-28.44927,2.3719597,0.7906532,0.16800001,0.0,0.21198165,0.55499977,0.56499976,236800
hardzero_plus_depr__c0p52__z1p00__lam0p010__nu0p50__psi1p00,hardzero_plus_depr,0.06,37,74,0.0,2,0.06959452,0.07322358,0.9729798,0.10641924,0.10641924,1.0,0.0036290681,0.034101617,-26.818806,2.1405983,0.7135328,0.216,0.0,0.16954479,0.56499976,0.57499975,240000
hardzero_plus_depr__c0p52__z1p00__lam0p010__nu0p50__psi1p00,hardzero_plus_depr,0.06,37,75,0.0,2,0.07322358,0.07322358,1.0490919,0.0,0.089311644,0.0,0.0,0.033762302,-27.88717,2.3080482,0.76934946,0.17600001,0.0,0.19817227,0.57499975,0.58499974,243200
hardzero_plus_depr__c0p52__z1p00__lam0p010__nu0p50__psi1p00,hardzero_plus_depr,0.06,37,76,0.0,2,0.07322358,0.07659027,0.99688643,0.1007195,0.1007195,1.0,0.0033666862,0.03342636,-27.028267,2.193194,0.7310647,0.17600001,0.008,0.18332699,0.58499974,0.59499973,246400
hardzero_plus_depr__c0p52__z1p00__lam0p010__nu0p50__psi1p00,hardzero_plus_depr,0.06,37,77,0.0,2,0.07659027,0.079968266,0.991087,0.10207348,0.10207348,1.0,0.0033779955,0.03309376,-26.490082,2.180435,0.72681165,0.2,0.008,0.17209639,0.59499973,0.6049997,249600
hardzero_plus_depr__c0p52__z1p00__lam0p010__nu0p50__psi1p00,hardzero_plus_depr,0.06,37,78,0.0,2,0.079968266,0.079968266,1.0436718,0.0,0.09043326,0.0,0.0,0.032764472,-27.115322,2.296124,0.76537466,0.089999996,0.0,0.14910986,0.6049997,0.6149997,252800
hardzero_plus_depr__c0p52__z1p00__lam0p010__nu0p50__psi1p00,hardzero_plus_depr,0.06,37,79,0.0,2,0.079968266,0.079968266,1.045463,0.0,0.090061046,0.0,0.0,0.032438464,-27.6977,2.3000646,0.7666882,0.2,0.0,0.21427058,0.6149997,0.6249997,256000
hardzero_plus_depr__c0p52__z1p00__lam0p010__nu0p50__psi1p00,hardzero_plus_depr,0.06,37,80,0.0,2,0.079968266,0.079968266,1.0003833,0.0,0.0999118,0.0,0.0,0.032115694,-27.46765,2.2008872,0.7336291,0.224,0.0,0.19505925,0.6249997,0.6349997,259200
hardzero_plus_depr__c0p52__z1p00__lam0p010__nu0p50__psi1p00,hardzero_plus_depr,0.06,37,81,0.0,2,0.079968266,0.0833193,0.9771955,0.105391234,0.105391234,1.0,0.0033510344,0.03179614,-26.472418,2.149873,0.7166244,0.2,0.0,0.19962761,0.6349997,0.6449997,262400
hardzero_plus_depr__c0p52__z1p00__lam0p010__nu0p50__psi1p00,hardzero_plus_depr,0.06,37,82,0.0,2,0.0833193,0.08666316,0.9737838,0.10622241,0.10622241,1.0,0.0033438562,0.03147976,-26.628021,2.1423671,0.7141224,0.192,0.0,0.16974229,0.6449997,0.6549997,265600
hardzero_plus_depr__c0p52__z1p00__lam0p010__nu0p50__psi1p00,hardzero_plus_depr,0.06,37,83,0.0,2,0.08666316,0.08666316,1.0059832,0.0,0.09863174,0.0,0.0,0.031166531,-27.276066,2.2132072,0.73773575,0.208,0.0,0.16906756,0.6549997,0.66499966,268800
hardzero_plus_depr__c0p52__z1p00__lam0p010__nu0p50__psi1p00,hardzero_plus_depr,0.06,37,84,0.0,2,0.08666316,0.08977199,0.9967476,0.100751705,0.100751705,1.0,0.0031088372,0.030856421,-27.262661,2.1928885,0.7309629,0.120000005,0.0,0.19666354,0.66499966,0.67499965,272000
hardzero_plus_depr__c0p52__z1p00__lam0p010__nu0p50__psi1p00,hardzero_plus_depr,0.06,37,85,0.0,2,0.08977199,0.08977199,1.0086007,0.0,0.0980391,0.0,0.0,0.030549394,-27.002472,2.2189658,0.73965526,0.17600001,0.0,0.18847403,0.67499965,0.68499964,275200
hardzero_plus_depr__c0p52__z1p00__lam0p010__nu0p50__psi1p00,hardzero_plus_depr,0.06,37,86,0.0,2,0.08977199,0.08977199,1.0896138,0.0,0.08135536,0.0,0.0,0.030245425,-28.383364,2.3971982,0.79906607,0.15200001,0.0,0.17084722,0.68499964,0.69499964,278400
hardzero_plus_depr__c0p52__z1p00__lam0p010__nu0p50__psi1p00,hardzero_plus_depr,0.06,37,87,0.0,2,0.08977199,0.09287155,0.98501754,0.103510045,0.103510045,1.0,0.0030995542,0.029944478,-25.897945,2.1670818,0.7223606,0.2,0.0,0.17536075,0.69499964,0.7049996,281600
hardzero_plus_depr__c0p52__z1p00__lam0p010__nu0p50__psi1p00,hardzero_plus_depr,0.06,37,88,0.0,2,0.09287155,0.09287155,1.044384,0.0,0.090285085,0.0,0.0,0.029646525,-27.25777,2.2976906,0.7658969,0.15200001,0.0,0.18768948,0.7049996,0.7149996,284800
hardzero_plus_depr__c0p52__z1p00__lam0p010__nu0p50__psi1p00,hardzero_plus_depr,0.06,37,89,0.0,2,0.09287155,0.09585073,0.99353397,0.10149999,0.10149999,1.0,0.0029791805,0.029351536,-27.174847,2.1858184,0.72860616,0.16800001,0.0,0.1949136,0.7149996,0.7249996,288000
hardzero_plus_depr__c0p52__z1p00__lam0p010__nu0p50__psi1p00,hardzero_plus_depr,0.06,37,90,0.0,2,0.09585073,0.09879567,0.9942115,0.10134177,0.10134177,1.0,0.0029449395,0.029059485,-27.162525,2.187309,0.729103,0.17600001,0.0,0.1966277,0.7249996,0.7349996,291200
hardzero_plus_depr__c0p52__z1p00__lam0p010__nu0p50__psi1p00,hardzero_plus_depr,0.06,37,91,0.0,2,0.09879567,0.101698875,0.9960668,0.10090976,0.10090976,1.0,0.0029032081,0.028770339,-26.605288,2.1913908,0.7304636,0.13,0.0,0.17125647,0.7349996,0.7449996,294400
hardzero_plus_depr__c0p52__z1p00__lam0p010__nu0p50__psi1p00,hardzero_plus_depr,0.06,37,92,0.0,2,0.101698875,0.10485047,0.9560714,0.11064418,0.11064418,1.0,0.0031515965,0.02848407,-25.126095,2.103399,0.701133,0.18400002,0.0,0.17376779,0.7449996,0.7549996,297600
hardzero_plus_depr__c0p52__z1p00__lam0p010__nu0p50__psi1p00,hardzero_plus_depr,0.06,37,93,0.0,2,0.10485047,0.10485047,1.0221715,0.0,0.09502294,0.0,0.0,0.02820065,-27.512806,2.2488222,0.74960744,0.18400002,0.0,0.17685081,0.7549996,0.76499957,300800
hardzero_plus_depr__c0p52__z1p00__lam0p010__nu0p50__psi1p00,hardzero_plus_depr,0.06,37,94,0.0,2,0.10485047,0.10786883,0.9661451,0.108107276,0.108107276,1.0,0.0030183604,0.027920049,-26.6832,2.1255617,0.7085206,0.128,0.0,0.1573423,0.76499957,0.77499956,304000
hardzero_plus_depr__c0p52__z1p00__lam0p010__nu0p50__psi1p00,hardzero_plus_depr,0.06,37,95,0.0,2,0.10786883,0.10786883,1.0149555,0.0,0.09661497,0.0,0.0,0.027642239,-26.682676,2.2329466,0.74431556,0.128,0.0,0.16370387,0.77499956,0.78499955,307200
hardzero_plus_depr__c0p52__z1p00__lam0p010__nu0p50__psi1p00,hardzero_plus_depr,0.06,37,96,0.0,2,0.10786883,0.10786883,1.033518,0.0,0.0925725,0.0,0.0,0.027367195,-27.712624,2.2737849,0.7579283,0.112,0.0,0.17836246,0.78499955,0.79499954,310400
hardzero_plus_depr__c0p52__z1p00__lam0p010__nu0p50__psi1p00,hardzero_plus_depr,0.06,37,97,0.0,2,0.10786883,0.10786883,1.018303,0.0,0.09587314,0.0,0.0,0.027094886,-27.130926,2.2403114,0.7467705,0.08800001,0.0,0.19082396,0.79499954,0.80499953,313600
hardzero_plus_depr__c0p52__z1p00__lam0p010__nu0p50__psi1p00,hardzero_plus_depr,0.06,37,98,0.0,2,0.10786883,0.10786883,1.0009589,0.0,0.09977944,0.0,0.0,0.026825288,-26.324282,2.2021537,0.7340512,0.14400001,0.0,0.17402612,0.80499953,0.8149995,316800
hardzero_plus_depr__c0p52__z1p00__lam0p010__nu0p50__psi1p00,hardzero_plus_depr,0.06,37,99,0.0,2,0.10786883,0.10786883,1.04986,0.0,0.089153826,0.0,0.0,0.026558371,-27.590626,2.3097382,0.7699127,0.120000005,0.0,0.18478496,0.8149995,0.8249995,320000
hardzero_plus_depr__c0p52__z1p00__lam0p010__nu0p50__psi1p00,hardzero_plus_depr,0.06,37,100,0.0,2,0.10786883,0.110653214,0.9751292,0.10589387,0.10589387,1.0,0.0027843853,0.026294112,-26.379307,2.145327,0.71510905,0.216,0.0,0.20677066,0.8249995,0.8349995,323200
hardzero_plus_depr__c0p52__z1p00__lam0p010__nu0p50__psi1p00,hardzero_plus_depr,0.06,37,101,0.0,2,0.110653214,0.110653214,1.0079627,0.0,0.098183215,0.0,0.0,0.026032481,-26.779234,2.2175622,0.7391874,0.224,0.0,0.16487697,0.8349995,0.8449995,326400
hardzero_plus_depr__c0p52__z1p00__lam0p010__nu0p50__psi1p00,hardzero_plus_depr,0.06,37,102,0.0,2,0.110653214,0.113381706,0.97524995,0.10586443,0.10586443,1.0,0.0027284918,0.025773453,-26.184792,2.1455927,0.71519756,0.192,0.0,0.17806715,0.8449995,0.8549995,329600
hardzero_plus_depr__c0p52__z1p00__lam0p010__nu0p50__psi1p00,hardzero_plus_depr,0.06,37,103,0.0,2,0.113381706,0.113381706,1.0026828,0.0,0.09938416,0.0,0.0,0.025517004,-26.830128,2.2059462,0.73531544,0.120000005,0.0,0.18338118,0.8549995,0.8649995,332800
hardzero_plus_depr__c0p52__z1p00__lam0p010__nu0p50__psi1p00,hardzero_plus_depr,0.06,37,104,0.0,2,0.113381706,0.113381706,1.0359284,0.0,0.09206014,0.0,0.0,0.025263108,-26.563774,2.279088,0.759696,0.13,0.0,0.18895684,0.8649995,0.87499946,336000
hardzero_plus_depr__c0p52__z1p00__lam0p010__nu0p50__psi1p00,hardzero_plus_depr,0.06,37,105,0.0,2,0.113381706,0.116063416,0.96973246,0.10721795,0.10721795,1.0,0.002681707,0.025011735,-25.770481,2.133454,0.71115136,0.17600001,0.0,0.16975142,0.87499946,0.88499945,339200
hardzero_plus_depr__c0p52__z1p00__lam0p010__nu0p50__psi1p00,hardzero_plus_depr,0.06,37,106,0.0,2,0.116063416,0.116063416,1.0463405,0.0,0.08987928,0.0,0.0,0.024762865,-27.816694,2.301995,0.7673317,0.16800001,0.0,0.19959787,0.88499945,0.89499944,342400
hardzero_plus_depr__c0p52__z1p00__lam0p010__nu0p50__psi1p00,hardzero_plus_depr,0.06,37,107,0.0,2,0.116063416,0.116063416,1.0043647,0.0,0.09900003,0.0,0.0,0.02451647,-26.270237,2.2096465,0.73654884,0.23200001,0.0,0.18868975,0.89499944,0.90499943,345600
hardzero_plus_depr__c0p52__z1p00__lam0p010__nu0p50__psi1p00,hardzero_plus_depr,0.06,37,108,0.0,2,0.116063416,0.116063416,1.0247313,0.0,0.094464526,0.0,0.0,0.024272526,-27.078487,2.254454,0.75148463,0.17600001,0.0,0.17967594,0.90499943,0.9149994,348800
hardzero_plus_depr__c0p52__z1p00__lam0p010__nu0p50__psi1p00,hardzero_plus_depr,0.06,37,109,0.0,2,0.116063416,0.118528806,0.98888654,0.102591984,0.102591984,1.0,0.0024653892,0.024031011,-26.17701,2.1755939,0.725198,0.2,0.0,0.18892823,0.9149994,0.9249994,352000
hardzero_plus_depr__c0p52__z1p00__lam0p010__nu0p50__psi1p00,hardzero_plus_depr,0.06,37,110,0.0,2,0.118528806,0.118528806,1.0578518,0.0,0.08752823,0.0,0.0,0.0237919,-28.719833,2.3273203,0.77577347,0.216,0.0,0.19997223,0.9249994,0.9349994,355200
hardzero_plus_depr__c0p52__z1p00__lam0p010__nu0p50__psi1p00,hardzero_plus_depr,0.06,37,111,0.0,2,0.118528806,0.12107472,0.9662419,0.10808317,0.10808317,1.0,0.002545917,0.023555165,-26.739563,2.1257746,0.7085916,0.17600001,0.0,0.17411397,0.9349994,0.9449994,358400
hardzero_plus_depr__c0p52__z1p00__lam0p010__nu0p50__psi1p00,hardzero_plus_depr,0.06,37,112,0.0,2,0.12107472,0.12107472,1.0599383,0.0,0.087108724,0.0,0.0,0.023320789,-29.577051,2.3319108,0.77730364,0.104,0.0,0.19659577,0.9449994,0.9549994,361600
hardzero_plus_depr__c0p52__z1p00__lam0p010__nu0p50__psi1p00,hardzero_plus_depr,0.06,37,113,0.0,2,0.12107472,0.12107472,1.0481064,0.0,0.089514524,0.0,0.0,0.023088742,-28.144318,2.3058803,0.7686268,0.112,0.0,0.17703466,0.9549994,0.9649994,364800
hardzero_plus_depr__c0p52__z1p00__lam0p010__nu0p50__psi1p00,hardzero_plus_depr,0.06,37,114,0.0,2,0.12107472,0.123376966,0.99690616,0.10071491,0.10071491,1.0,0.0023022427,0.022859005,-26.626266,2.1932373,0.7310791,0.104,0.0,0.16680212,0.9649994,0.97499937,368000
hardzero_plus_depr__c0p52__z1p00__lam0p010__nu0p50__psi1p00,hardzero_plus_depr,0.06,37,115,0.0,2,0.123376966,0.123376966,1.0250816,0.0,0.09438834,0.0,0.0,0.022631554,-27.727087,2.2552247,0.7517416,0.16000001,0.0,0.16514279,0.97499937,0.98499936,371200
hardzero_plus_depr__c0p52__z1p00__lam0p010__nu0p50__psi1p00,hardzero_plus_depr,0.06,37,116,0.0,2,0.123376966,0.123376966,1.0084445,0.0,0.098074354,0.0,0.0,0.02240637,-27.025194,2.2186222,0.73954076,0.136,0.0,0.17954992,0.98499936,0.99499935,374400
hardzero_plus_depr__c0p52__z1p00__lam0p010__nu0p50__psi1p00,hardzero_plus_depr,0.06,37,117,0.0,2,0.123376966,0.123376966,1.0016209,0.0,0.09962747,0.0,0.0,0.022183422,-27.21836,2.20361,0.73453665,0.17999999,0.0,0.1837099,0.99499935,1.0049994,377600
hardzero_plus_depr__c0p52__z1p00__lam0p010__nu0p50__psi1p00,hardzero_plus_depr,0.06,37,118,0.0,2,0.123376966,0.12575373,0.9656993,0.10821829,0.10821829,1.0,0.0023767648,0.021962691,-25.728851,2.1245809,0.70819366,0.16800001,0.0,0.16799083,1.0049994,1.0149994,380800
hardzero_plus_depr__c0p52__z1p00__lam0p010__nu0p50__psi1p00,hardzero_plus_depr,0.06,37,119,0.0,2,0.12575373,0.12575373,1.0226787,0.0,0.09491204,0.0,0.0,0.021744158,-27.9149,2.2499382,0.74997944,0.16800001,0.0,0.1625706,1.0149994,1.0249994,384000
hardzero_plus_depr__c0p52__z1p00__lam0p010__nu0p50__psi1p00,hardzero_plus_depr,0.06,37,120,0.0,2,0.12575373,0.12791906,0.9974738,0.10058338,0.10058338,1.0,0.0021653392,0.021527803,-26.400385,2.1944861,0.7314954,0.128,0.0,0.16843954,1.0249994,1.0349994,387200
hardzero_plus_depr__c0p52__z1p00__lam0p010__nu0p50__psi1p00,hardzero_plus_depr,0.06,37,121,0.0,2,0.12791906,0.13009071,0.9918678,0.10189015,0.10189015,1.0,0.0021716454,0.021313597,-26.555925,2.1821527,0.72738427,0.224,0.0,0.17411685,1.0349994,1.0449994,390400
hardzero_plus_depr__c0p52__z1p00__lam0p010__nu0p50__psi1p00,hardzero_plus_depr,0.06,37,122,0.0,2,0.13009071,0.13232769,0.97465116,0.106010504,0.106010504,1.0,0.002236983,0.021101523,-26.936337,2.1442754,0.7147585,0.15200001,0.0,0.17846087,1.0449994,1.0549994,393600
hardzero_plus_depr__c0p52__z1p00__lam0p010__nu0p50__psi1p00,hardzero_plus_depr,0.06,37,123,0.0,2,0.13232769,0.13232769,1.0781428,0.0,0.08353283,0.0,0.0,0.020891558,-27.672411,2.3719614,0.7906538,0.112,0.0,0.17974141,1.0549994,1.0649993,396800
hardzero_plus_depr__c0p52__z1p00__lam0p010__nu0p50__psi1p00,hardzero_plus_depr,0.06,37,124,0.0,2,0.13232769,0.13451561,0.9755974,0.10577976,0.10577976,1.0,0.0021879151,0.020683685,-27.171278,2.146357,0.7154524,0.18400002,0.0,0.18462151,1.0649993,1.0749993,400000
hardzero_plus_depr__c0p52__z1p00__lam0p010__nu0p50__psi1p00,hardzero_plus_depr,0.06,37,125,0.0,2,0.13451561,0.13673471,0.9651091,0.108365454,0.108365454,1.0,0.0022190944,0.020477878,-26.218351,2.1232824,0.7077608,0.16000001,0.0,0.16163218,1.0749993,1.0849993,403200
hardzero_plus_depr__c0p52__z1p00__lam0p010__nu0p50__psi1p00,hardzero_plus_depr,0.06,37,126,0.0,2,0.13673471,0.13890862,0.9696989,0.10722624,0.10722624,1.0,0.0021739176,0.02027412,-26.987516,2.1333802,0.71112674,0.14400001,0.0,0.17270875,1.0849993,1.0949993,406400
hardzero_plus_depr__c0p52__z1p00__lam0p010__nu0p50__psi1p00,hardzero_plus_depr,0.06,37,127,0.0,2,0.13890862,0.13890862,1.0373973,0.0,0.091749296,0.0,0.0,0.02007239,-27.54113,2.2823195,0.7607732,0.14400001,0.0,0.20281453,1.0949993,1.1049993,409600
hardzero_plus_depr__c0p52__z1p00__lam0p010__nu0p50__psi1p00,hardzero_plus_depr,0.06,37,128,0.0,2,0.13890862,0.1409378,0.99093515,0.10210919,0.10210919,1.0,0.0020291817,0.019872665,-26.810675,2.180101,0.7267003,0.16000001,0.0,0.15239334,1.1049993,1.1149993,412800
hardzero_plus_depr__c0p52__z1p00__lam0p010__nu0p50__psi1p00,hardzero_plus_depr,0.06,37,129,0.0,2,0.1409378,0.1409378,1.0936469,0.0,0.08060336,0.0,0.0,0.01967493,-28.463219,2.4060712,0.80202377,0.15200001,0.0,0.1968129,1.1149993,1.1249993,416000
hardzero_plus_depr__c0p52__z1p00__lam0p010__nu0p50__psi1p00,hardzero_plus_depr,0.06,37,130,0.0,2,0.1409378,0.14292718,0.9908535,0.1021284,0.1021284,1.0,0.0019893756,0.019479161,-26.222168,2.1799212,0.7266404,0.14,0.0,0.18269825,1.1249993,1.1349993,419200
hardzero_plus_depr__c0p52__z1p00__lam0p010__nu0p50__psi1p00,hardzero_plus_depr,0.06,37,131,0.0,2,0.14292718,0.14292718,1.0347745,0.0,0.092305034,0.0,0.0,0.019285342,-26.998394,2.2765493,0.7588498,0.128,0.0,0.16654131,1.1349993,1.1449993,422400
hardzero_plus_depr__c0p52__z1p00__lam0p010__nu0p50__psi1p00,hardzero_plus_depr,0.06,37,132,0.0,2,0.14292718,0.14292718,1.0490862,0.0,0.089312814,0.0,0.0,0.01909345,-27.44459,2.3080359,0.7693453,0.128,0.0,0.19826715,1.1449993,1.1549993,425600
hardzero_plus_depr__c0p52__z1p00__lam0p010__nu0p50__psi1p00,hardzero_plus_depr,0.06,37,133,0.0,2,0.14292718,0.14292718,1.0131731,0.0,0.09701233,0.0,0.0,0.018903466,-27.70769,2.2290254,0.7430085,0.24000001,0.0,0.20252648,1.1549993,1.1649992,428800
hardzero_plus_depr__c0p52__z1p00__lam0p010__nu0p50__psi1p00,hardzero_plus_depr,0.06,37,134,0.0,2,0.14292718,0.14292718,1.0070902,0.0,0.098380685,0.0,0.0,0.018715372,-26.627596,2.2156427,0.73854756,0.18400002,0.0,0.17809021,1.1649992,1.1749992,432000
hardzero_plus_depr__c0p52__z1p00__lam0p010__nu0p50__psi1p00,hardzero_plus_depr,0.06,37,135,0.0,2,0.14292718,0.14480656,0.9938415,0.10142814,0.10142814,1.0,0.0018793775,0.018529152,-26.799252,2.186495,0.7288317,0.120000005,0.0,0.17588288,1.1749992,1.1849992,435200
hardzero_plus_depr__c0p52__z1p00__lam0p010__nu0p50__psi1p00,hardzero_plus_depr,0.06,37,136,0.0,2,0.14480656,0.14664249,0.9996571,0.10007899,0.10007899,1.0,0.0018359275,0.018344784,-27.48214,2.1992896,0.73309654,0.120000005,0.0,0.2036789,1.1849992,1.1949992,438400
hardzero_plus_depr__c0p52__z1p00__lam0p010__nu0p50__psi1p00,hardzero_plus_depr,0.06,37,137,0.0,2,0.14664249,0.14664249,1.007912,0.0,0.09819468,0.0,0.0,0.01816225,-27.535032,2.2174509,0.7391503,0.16000001,0.008,0.19963653,1.1949992,1.2049992,441600
hardzero_plus_depr__c0p52__z1p00__lam0p010__nu0p50__psi1p00,hardzero_plus_depr,0.06,37,138,0.0,2,0.14664249,0.14664249,1.0101165,0.0,0.09769751,0.0,0.0,0.017981533,-26.696205,2.2223005,0.7407669,0.14400001,0.0,0.19346274,1.2049992,1.2149992,444800
hardzero_plus_depr__c0p52__z1p00__lam0p010__nu0p50__psi1p00,hardzero_plus_depr,0.06,37,139,0.0,2,0.14664249,0.14851989,0.9769287,0.10545601,0.10545601,1.0,0.0018773928,0.017802615,-26.829527,2.149286,0.7164287,0.192,0.0,0.16979413,1.2149992,1.2249992,448000
hardzero_plus_depr__c0p52__z1p00__lam0p010__nu0p50__psi1p00,hardzero_plus_depr,0.06,37,140,0.0,2,0.14851989,0.14851989,1.0577413,0.0,0.08755052,0.0,0.0,0.017625475,-27.609735,2.3270774,0.77569246,0.14400001,0.0,0.18903266,1.2249992,1.2349992,451200
hardzero_plus_depr__c0p52__z1p00__lam0p010__nu0p50__psi1p00,hardzero_plus_depr,0.06,37,141,0.0,2,0.14851989,0.14851989,1.0065415,0.0,0.09850505,0.0,0.0,0.0174501,-26.853127,2.2144356,0.73814523,0.136,0.0,0.18770094,1.2349992,1.2449992,454400
hardzero_plus_depr__c0p52__z1p00__lam0p010__nu0p50__psi1p00,hardzero_plus_depr,0.06,37,142,0.0,2,0.14851989,0.14851989,1.0326158,0.0,0.092765,0.0,0.0,0.01727647,-27.628763,2.2718,0.7572667,0.16000001,0.0,0.19916959,1.2449992,1.2549992,457600
hardzero_plus_depr__c0p52__z1p00__lam0p010__nu0p50__psi1p00,hardzero_plus_depr,0.06,37,143,0.0,2,0.14851989,0.15025364,0.9941248,0.101362005,0.101362005,1.0,0.0017337529,0.017104564,-27.221405,2.1871183,0.72903943,0.16,0.0,0.15679917,1.2549992,1.2649992,460800
hardzero_plus_depr__c0p52__z1p00__lam0p010__nu0p50__psi1p00,hardzero_plus_depr,0.06,37,144,0.0,2,0.15025364,0.15197314,0.99336416,0.10153969,0.10153969,1.0,0.0017195106,0.01693437,-27.453888,2.1854448,0.72848165,0.15200001,0.0,0.16564889,1.2649992,1.2749991,464000
hardzero_plus_depr__c0p52__z1p00__lam0p010__nu0p50__psi1p00,hardzero_plus_depr,0.06,37,145,0.0,2,0.15197314,0.15375616,0.97327054,0.10634802,0.10634802,1.0,0.0017830173,0.016765872,-26.39589,2.141238,0.713746,0.14400001,0.0,0.15609483,1.2749991,1.2849991,467200
hardzero_plus_depr__c0p52__z1p00__lam0p010__nu0p50__psi1p00,hardzero_plus_depr,0.06,37,146,0.0,2,0.15375616,0.15558413,0.95811456,0.11012488,0.11012488,1.0,0.0018279682,0.016599048,-27.070314,2.1078942,0.7026314,0.16800001,0.0,0.19205296,1.2849991,1.2949991,470400
hardzero_plus_depr__c0p52__z1p00__lam0p010__nu0p50__psi1p00,hardzero_plus_depr,0.06,37,147,0.0,2,0.15558413,0.15742044,0.9517915,0.11173995,0.11173995,1.0,0.0018363215,0.016433885,-26.29636,2.0939832,0.6979944,0.224,0.008,0.17055975,1.2949991,1.3049991,473600
hardzero_plus_depr__c0p52__z1p00__lam0p010__nu0p50__psi1p00,hardzero_plus_depr,0.06,37,148,0.0,2,0.15742044,0.15742044,1.0068865,0.0,0.09842683,0.0,0.0,0.016270367,-27.075176,2.2151945,0.7383982,0.17600001,0.0,0.19184345,1.3049991,1.3149991,476800
hardzero_plus_depr__c0p52__z1p00__lam0p010__nu0p50__psi1p00,hardzero_plus_depr,0.06,37,149,0.0,2,0.15742044,0.15742044,1.0607687,0.0,0.086942315,0.0,0.0,0.016108472,-28.269505,2.3337379,0.7779126,0.18400002,0.0,0.19100413,1.3149991,1.3249991,480000
hardzero_plus_depr__c0p52__z1p00__lam0p010__nu0p50__psi1p00,hardzero_plus_depr,0.06,37,150,0.0,2,0.15742044,0.15742044,1.0376124,0.0,0.091703855,0.0,0.0,0.015948193,-27.207079,2.282793,0.760931,0.16800001,0.0,0.18699579,1.3249991,1.3349991,483200
hardzero_plus_depr__c0p52__z1p00__lam0p010__nu0p50__psi1p00,hardzero_plus_depr,0.06,37,151,0.0,2,0.15742044,0.15742044,1.0428067,0.0,0.09061358,0.0,0.0,0.015789505,-27.55951,2.2942207,0.7647402,0.096,0.0,0.18297659,1.3349991,1.3449991,486400
hardzero_plus_depr__c0p52__z1p00__lam0p010__nu0p50__psi1p00,hardzero_plus_depr,0.06,37,152,0.0,2,0.15742044,0.15742044,1.0171447,0.0,0.096129194,0.0,0.0,0.015632397,-27.222898,2.237763,0.745921,0.18400002,0.0,0.17906487,1.3449991,1.3549991,489600
hardzero_plus_depr__c0p52__z1p00__lam0p010__nu0p50__psi1p00,hardzero_plus_depr,0.06,37,153,0.0,2,0.15742044,0.15742044,1.008376,0.0,0.09808984,0.0,0.0,0.015476852,-26.504866,2.2184715,0.7394905,0.128,0.0,0.19204645,1.3549991,1.364999,492800
hardzero_plus_depr__c0p52__z1p00__lam0p010__nu0p50__psi1p00,hardzero_plus_depr,0.06,37,154,0.0,2,0.15742044,0.15742044,1.0170326,0.0,0.096154,0.0,0.0,0.015322856,-27.218943,2.2375164,0.7458388,0.16000001,0.0,0.18127647,1.364999,1.374999,496000
hardzero_plus_depr__c0p52__z1p00__lam0p010__nu0p50__psi1p00,hardzero_plus_depr,0.06,37,155,0.0,2,0.15742044,0.15902394,0.9759268,0.10569957,0.10569957,1.0,0.0016035037,0.01517039,-26.266148,2.1470819,0.71569395,0.16800001,0.0,0.15436992,1.374999,1.384999,499200
hardzero_plus_depr__c0p52__z1p00__lam0p010__nu0p50__psi1p00,hardzero_plus_depr,0.06,37,156,0.0,2,0.15902394,0.1606102,0.97628033,0.105613545,0.105613545,1.0,0.0015862565,0.015019442,-26.512583,2.1478596,0.71595323,0.17999999,0.0,0.14455622,1.384999,1.394999,502400
hardzero_plus_depr__c0p52__z1p00__lam0p010__nu0p50__psi1p00,hardzero_plus_depr,0.06,37,157,0.0,2,0.1606102,0.1606102,1.0386325,0.0,0.0914887,0.0,0.0,0.014869995,-27.18041,2.285037,0.76167905,0.14400001,0.0,0.17886081,1.394999,1.404999,505600
hardzero_plus_depr__c0p52__z1p00__lam0p010__nu0p50__psi1p00,hardzero_plus_depr,0.06,37,158,0.0,2,0.1606102,0.1606102,1.0126466,0.0,0.097130015,0.0,0.0,0.014722037,-27.64387,2.227867,0.7426223,0.18400002,0.0,0.17156072,1.404999,1.414999,508800
hardzero_plus_depr__c0p52__z1p00__lam0p010__nu0p50__psi1p00,hardzero_plus_depr,0.06,37,159,0.0,2,0.1606102,0.1606102,1.0238292,0.0,0.094660945,0.0,0.0,0.014575551,-27.603773,2.2524693,0.75082314,0.18400002,0.0,0.1716166,1.414999,1.424999,512000
hardzero_plus_depr__c0p52__z1p00__lam0p010__nu0p50__psi1p00,hardzero_plus_depr,0.06,37,160,0.0,2,0.1606102,0.16215509,0.9703823,0.107057646,0.107057646,1.0,0.0015448978,0.014430523,-26.927458,2.1348836,0.7116279,0.17600001,0.0,0.1782389,1.424999,1.434999,515200
hardzero_plus_depr__c0p52__z1p00__lam0p010__nu0p50__psi1p00,hardzero_plus_depr,0.06,37,161,0.0,2,0.16215509,0.16215509,1.0782251,0.0,0.083517,0.0,0.0,0.014286936,-28.357883,2.3721426,0.7907142,0.128,0.0,0.18951885,1.434999,1.444999,518400
hardzero_plus_depr__c0p52__z1p00__lam0p010__nu0p50__psi1p00,hardzero_plus_depr,0.06,37,162,0.0,2,0.16215509,0.16363432,0.98056114,0.10457765,0.10457765,1.0,0.0014792279,0.01414478,-26.638998,2.1572776,0.71909255,0.18400002,0.0,0.14911458,1.444999,1.454999,521600
hardzero_plus_depr__c0p52__z1p00__lam0p010__nu0p50__psi1p00,hardzero_plus_depr,0.06,37,163,0.0,2,0.16363432,0.16363432,1.0051196,0.0,0.0988281,0.0,0.0,0.014004037,-27.180449,2.2113073,0.73710245,0.120000005,0.0,0.1897393,1.454999,1.464999,524800
hardzero_plus_depr__c0p52__z1p00__lam0p010__nu0p50__psi1p00,hardzero_plus_depr,0.06,37,164,0.0,2,0.16363432,0.16502827,0.99766237,0.1005397,0.1005397,1.0,0.0013939522,0.013864694,-27.85751,2.194901,0.73163366,0.15200001,0.0,0.20692538,1.464999,1.474999,528000
hardzero_plus_depr__c0p52__z1p00__lam0p010__nu0p50__psi1p00,hardzero_plus_depr,0.06,37,165,0.0,2,0.16502827,0.16640657,0.9982228,0.10041004,0.10041004,1.0,0.0013783023,0.013726738,-27.189737,2.196134,0.7320447,0.2,0.0,0.17133363,1.474999,1.484999,531200
hardzero_plus_depr__c0p52__z1p00__lam0p010__nu0p50__psi1p00,hardzero_plus_depr,0.06,37,166,0.0,2,0.16640657,0.16640657,1.002138,0.0,0.09950892,0.0,0.0,0.013590154,-27.056282,2.2047477,0.7349159,0.16000001,0.008,0.1888507,1.484999,1.4949989,534400
hardzero_plus_depr__c0p52__z1p00__lam0p010__nu0p50__psi1p00,hardzero_plus_depr,0.06,37,167,0.0,2,0.16640657,0.16777144,0.99378747,0.101440765,0.101440765,1.0,0.0013648784,0.01345493,-27.041998,2.186376,0.7287921,0.208,0.0,0.1958191,1.4949989,1.5049989,537600
hardzero_plus_depr__c0p52__z1p00__lam0p010__nu0p50__psi1p00,hardzero_plus_depr,0.06,37,168,0.0,2,0.16777144,0.16777144,1.0058409,0.0,0.09866408,0.0,0.0,0.013321052,-27.328342,2.2128942,0.73763144,0.096,0.0,0.17621543,1.5049989,1.5149989,540800
hardzero_plus_depr__c0p52__z1p00__lam0p010__nu0p50__psi1p00,hardzero_plus_depr,0.06,37,169,0.0,2,0.16777144,0.16777144,1.0376707,0.0,0.09169154,0.0,0.0,0.013188506,-26.898582,2.282921,0.7609737,0.17,0.0,0.16155757,1.5149989,1.5249989,544000
hardzero_plus_depr__c0p52__z1p00__lam0p010__nu0p50__psi1p00,hardzero_plus_depr,0.06,37,170,0.0,2,0.16777144,0.16777144,1.0121408,0.0,0.097243205,0.0,0.0,0.013057278,-27.11334,2.2267542,0.7422514,0.18400002,0.0,0.18884431,1.5249989,1.5349989,547200
hardzero_plus_depr__c0p52__z1p00__lam0p010__nu0p50__psi1p00,hardzero_plus_depr,0.06,37,171,0.0,2,0.16777144,0.16777144,1.0978243,0.0,0.07983176,0.0,0.0,0.012927357,-28.771431,2.4152617,0.80508727,0.128,0.0,0.18439864,1.5349989,1.5449989,550400
hardzero_plus_depr__c0p52__z1p00__lam0p010__nu0p50__psi1p00,hardzero_plus_depr,0.06,37,172,0.0,2,0.16777144,0.16909404,0.9857368,0.10333874,0.10333874,1.0,0.0013226043,0.012798727,-26.680283,2.1686642,0.7228881,0.16800001,0.0,0.18235955,1.5449989,1.5549989,553600
hardzero_plus_depr__c0p52__z1p00__lam0p010__nu0p50__psi1p00,hardzero_plus_depr,0.06,37,173,0.0,2,0.16909404,0.16909404,1.0356199,0.0,0.092125565,0.0,0.0,0.012671377,-27.920786,2.2784092,0.75946975,0.18400002,0.0,0.19772749,1.5549989,1.5649989,556800
hardzero_plus_depr__c0p52__z1p00__lam0p010__nu0p50__psi1p00,hardzero_plus_depr,0.06,37,174,0.0,2,0.16909404,0.16909404,1.0172904,0.0,0.096096955,0.0,0.0,0.012545294,-27.423532,2.2380834,0.7460278,0.128,0.0,0.15900576,1.5649989,1.5749989,560000
hardzero_plus_depr__c0p52__z1p00__lam0p010__nu0p50__psi1p00,hardzero_plus_depr,0.06,37,175,0.0,2,0.16909404,0.16909404,1.009101,0.0,0.097926214,0.0,0.0,0.012420466,-27.216354,2.2200665,0.7400222,0.208,0.0,0.17623246,1.5749989,1.5849988,563200
hardzero_plus_depr__c0p52__z1p00__lam0p010__nu0p50__psi1p00,hardzero_plus_depr,0.06,37,176,0.0,2,0.16909404,0.17042798,0.9646601,0.10847757,0.10847757,1.0,0.0013339359,0.0122968815,-26.91455,2.1222947,0.70743155,0.224,0.0,0.1781849,1.5849988,1.5949988,566400
hardzero_plus_depr__c0p52__z1p00__lam0p010__nu0p50__psi1p00,hardzero_plus_depr,0.06,37,177,0.0,2,0.17042798,0.17042798,1.0314857,0.0,0.0930067,0.0,0.0,0.012174526,-27.4922,2.2693138,0.75643796,0.15200001,0.0,0.16794252,1.5949988,1.6049988,569600
hardzero_plus_depr__c0p52__z1p00__lam0p010__nu0p50__psi1p00,hardzero_plus_depr,0.06,37,178,0.0,2,0.17042798,0.17042798,1.0617135,0.0,0.0867534,0.0,0.0,0.012053387,-28.871431,2.3358161,0.7786054,0.16000001,0.0,0.21061882,1.6049988,1.6149988,572800
hardzero_plus_depr__c0p52__z1p00__lam0p010__nu0p50__psi1p00,hardzero_plus_depr,0.06,37,179,0.0,2,0.17042798,0.17042798,1.0090572,0.0,0.097936094,0.0,0.0,0.011933454,-26.730888,2.21997,0.73999,0.112,0.0,0.17419752,1.6149988,1.6249988,576000
hardzero_plus_depr__c0p52__z1p00__lam0p010__nu0p50__psi1p00,hardzero_plus_depr,0.06,37,180,0.0,2,0.17042798,0.17042798,1.01322,0.0,0.09700185,0.0,0.0,0.011814714,-26.738487,2.2291284,0.7430428,0.14400001,0.0,0.16609032,1.6249988,1.6349988,579200
hardzero_plus_depr__c0p52__z1p00__lam0p010__nu0p50__psi1p00,hardzero_plus_depr,0.06,37,181,0.0,2,0.17042798,0.17042798,1.0181277,0.0,0.095911875,0.0,0.0,0.011697156,-26.66807,2.2399256,0.7466419,0.14400001,0.0,0.17121005,1.6349988,1.6449988,582400
hardzero_plus_depr__c0p52__z1p00__lam0p010__nu0p50__psi1p00,hardzero_plus_depr,0.06,37,182,0.0,2,0.17042798,0.17042798,1.000681,0.0,0.09984331,0.0,0.0,0.011580767,-25.551456,2.2015424,0.7338475,0.14,0.0,0.15560412,1.6449988,1.6549988,585600
hardzero_plus_depr__c0p52__z1p00__lam0p010__nu0p50__psi1p00,hardzero_plus_depr,0.06,37,183,0.0,2,0.17042798,0.17042798,1.0599809,0.0,0.087100185,0.0,0.0,0.011465536,-27.703238,2.3320045,0.77733487,0.15200001,0.0,0.17288467,1.6549988,1.6649988,588800
hardzero_plus_depr__c0p52__z1p00__lam0p010__nu0p50__psi1p00,hardzero_plus_depr,0.06,37,184,0.0,2,0.17042798,0.17042798,1.0253674,0.0,0.09432625,0.0,0.0,0.011351452,-27.41753,2.2558532,0.7519511,0.112,0.0,0.19211186,1.6649988,1.6749988,592000
hardzero_plus_depr__c0p52__z1p00__lam0p010__nu0p50__psi1p00,hardzero_plus_depr,0.06,37,185,0.0,2,0.17042798,0.17159158,0.9849067,0.10353645,0.10353645,1.0,0.0011635948,0.011238504,-26.249655,2.166838,0.7222793,0.15200001,0.0,0.16210654,1.6749988,1.6849988,595200
hardzero_plus_depr__c0p52__z1p00__lam0p010__nu0p50__psi1p00,hardzero_plus_depr,0.06,37,186,0.0,2,0.17159158,0.17159158,1.040727,0.0,0.09104853,0.0,0.0,0.011126679,-27.720104,2.2896452,0.76321507,0.14400001,0.0,0.18415667,1.6849988,1.6949987,598400
hardzero_plus_depr__c0p52__z1p00__lam0p010__nu0p50__psi1p00,hardzero_plus_depr,0.06,37,187,0.0,2,0.17159158,0.17271514,0.9914268,0.101993665,0.101993665,1.0,0.0011235588,0.0110159675,-27.273418,2.1811826,0.7270609,0.15200001,0.0,0.1840215,1.6949987,1.7049987,601600
hardzero_plus_depr__c0p52__z1p00__lam0p010__nu0p50__psi1p00,hardzero_plus_depr,0.06,37,188,0.0,2,0.17271514,0.17388879,0.96814054,0.10761167,0.10761167,1.0,0.0011736512,0.010906356,-26.520775,2.1299517,0.70998394,0.28,0.0,0.17018396,1.7049987,1.7149987,604800
hardzero_plus_depr__c0p52__z1p00__lam0p010__nu0p50__psi1p00,hardzero_plus_depr,0.06,37,189,0.0,2,0.17388879,0.17388879,1.0329182,0.0,0.09270043,0.0,0.0,0.010797838,-27.215826,2.2724655,0.7574885,0.18400002,0.008,0.20325625,1.7149987,1.7249987,608000
hardzero_plus_depr__c0p52__z1p00__lam0p010__nu0p50__psi1p00,hardzero_plus_depr,0.06,37,190,0.0,2,0.17388879,0.17388879,1.0808798,0.0,0.08300804,0.0,0.0,0.010690397,-27.828701,2.377983,0.7926611,0.136,0.0,0.19680592,1.7249987,1.7349987,611200
hardzero_plus_depr__c0p52__z1p00__lam0p010__nu0p50__psi1p00,hardzero_plus_depr,0.06,37,191,0.0,2,0.17388879,0.1749493,0.99913096,0.1002003,0.1002003,1.0,0.0010605226,0.010584026,-26.04994,2.198132,0.7327107,0.216,0.0,0.17629,1.7349987,1.7449987,614400
hardzero_plus_depr__c0p52__z1p00__lam0p010__nu0p50__psi1p00,hardzero_plus_depr,0.06,37,192,0.0,2,0.1749493,0.1749493,1.0183192,0.0,0.095869556,0.0,0.0,0.010478713,-27.288736,2.2403471,0.7467824,0.14400001,0.0,0.16996089,1.7449987,1.7549987,617600
hardzero_plus_depr__c0p52__z1p00__lam0p010__nu0p50__psi1p00,hardzero_plus_depr,0.06,37,193,0.0,2,0.1749493,0.1749493,1.0064329,0.0,0.09852969,0.0,0.0,0.010374448,-27.064974,2.2141964,0.7380655,0.14400001,0.0,0.19959259,1.7549987,1.7649987,620800
hardzero_plus_depr__c0p52__z1p00__lam0p010__nu0p50__psi1p00,hardzero_plus_depr,0.06,37,194,0.0,2,0.1749493,0.1749493,1.0134523,0.0,0.09694997,0.0,0.0,0.0102712205,-27.424864,2.2296395,0.7432132,0.136,0.0,0.19842921,1.7649987,1.7749987,624000
hardzero_plus_depr__c0p52__z1p00__lam0p010__nu0p50__psi1p00,hardzero_plus_depr,0.06,37,195,0.0,2,0.1749493,0.1749493,1.044799,0.0,0.09019885,0.0,0.0,0.01016902,-27.758392,2.2986035,0.7662012,0.16,0.0,0.18905985,1.7749987,1.7849987,627200
hardzero_plus_depr__c0p52__z1p00__lam0p010__nu0p50__psi1p00,hardzero_plus_depr,0.06,37,196,0.0,2,0.1749493,0.17596161,0.99762386,0.100548625,0.100548625,1.0,0.0010123071,0.010067836,-27.055922,2.1948164,0.73160547,0.128,0.0,0.1683118,1.7849987,1.7949986,630400
hardzero_plus_depr__c0p52__z1p00__lam0p010__nu0p50__psi1p00,hardzero_plus_depr,0.06,37,197,0.0,2,0.17596161,0.17596161,1.0025833,0.0,0.09940693,0.0,0.0,0.00996766,-26.97931,2.205727,0.73524237,0.128,0.0,0.1772449,1.7949986,1.8049986,633600
hardzero_plus_depr__c0p52__z1p00__lam0p010__nu0p50__psi1p00,hardzero_plus_depr,0.06,37,198,0.0,2,0.17596161,0.17596161,1.0399262,0.0,0.09121658,0.0,0.0,0.00986848,-26.934528,2.2878833,0.7626278,0.208,0.008,0.1992908,1.8049986,1.8149986,636800
hardzero_plus_depr__c0p52__z1p00__lam0p010__nu0p50__psi1p00,hardzero_plus_depr,0.06,37,199,0.0,2,0.17596161,0.17596161,1.0411325,0.0,0.09096357,0.0,0.0,0.009770287,-28.273853,2.290537,0.7635124,0.136,0.0,0.19238536,1.8149986,1.8249986,640000
hardzero_plus_depr__c0p52__z1p00__lam0p010__nu0p50__psi1p00,hardzero_plus_depr,0.06,37,200,0.0,2,0.17596161,0.17596161,1.0294447,0.0,0.09344484,0.0,0.0,0.009673073,-27.189054,2.2648234,0.75494117,0.128,0.0,0.19449691,1.8249986,1.8349986,643200
hardzero_plus_depr__c0p52__z1p00__lam0p010__nu0p50__psi1p00,hardzero_plus_depr,0.06,37,201,0.0,2,0.17596161,0.17596161,1.0154792,0.0,0.09649855,0.0,0.0,0.009576824,-27.050205,2.234099,0.74469966,0.16800001,0.0,0.17325124,1.8349986,1.8449986,646400
hardzero_plus_depr__c0p52__z1p00__lam0p010__nu0p50__psi1p00,hardzero_plus_depr,0.06,37,202,0.0,2,0.17596161,0.17596161,1.0354398,0.0,0.09216375,0.0,0.0,0.0094815325,-27.027822,2.2780132,0.7593378,0.136,0.0,0.17546861,1.8449986,1.8549986,649600
hardzero_plus_depr__c0p52__z1p00__lam0p010__nu0p50__psi1p00,hardzero_plus_depr,0.06,37,203,0.0,2,0.17596161,0.17596161,1.0042131,0.0,0.099034585,0.0,0.0,0.0093871895,-27.371412,2.209313,0.7364377,0.224,0.0,0.17763977,1.8549986,1.8649986,652800
hardzero_plus_depr__c0p52__z1p00__lam0p010__nu0p50__psi1p00,hardzero_plus_depr,0.06,37,204,0.0,2,0.17596161,0.17696224,0.967922,0.107665844,0.107665844,1.0,0.0010006233,0.009293786,-26.538925,2.1294708,0.7098236,0.14400001,0.0,0.16627552,1.8649986,1.8749986,656000
hardzero_plus_depr__c0p52__z1p00__lam0p010__nu0p50__psi1p00,hardzero_plus_depr,0.06,37,205,0.0,2,0.17696224,0.17794527,0.97128075,0.10683639,0.10683639,1.0,0.0009830348,0.009201311,-26.045862,2.1368604,0.71228683,0.2,0.0,0.17545387,1.8749986,1.8849986,659200
hardzero_plus_depr__c0p52__z1p00__lam0p010__nu0p50__psi1p00,hardzero_plus_depr,0.06,37,206,0.0,2,0.17794527,0.17794527,1.0227091,0.0,0.094905384,0.0,0.0,0.009109756,-27.021208,2.250005,0.75000167,0.128,0.0,0.16948026,1.8849986,1.8949986,662400
hardzero_plus_depr__c0p52__z1p00__lam0p010__nu0p50__psi1p00,hardzero_plus_depr,0.06,37,207,0.0,2,0.17794527,0.17889425,0.9779051,0.10521917,0.10521917,1.0,0.0009489836,0.009019113,-26.226154,2.1514342,0.7171447,0.136,0.0,0.16808972,1.8949986,1.9049985,665600
hardzero_plus_depr__c0p52__z1p00__lam0p010__nu0p50__psi1p00,hardzero_plus_depr,0.06,37,208,0.0,2,0.17889425,0.17889425,1.0892849,0.0,0.08141701,0.0,0.0,0.008929371,-29.18869,2.3964746,0.7988249,0.11,0.0,0.18608353,1.9049985,1.9149985,668800
hardzero_plus_depr__c0p52__z1p00__lam0p010__nu0p50__psi1p00,hardzero_plus_depr,0.06,37,209,0.0,2,0.17889425,0.17889425,1.02589,0.0,0.094212815,0.0,0.0,0.008840523,-27.981026,2.257003,0.75233436,0.18400002,0.0,0.20359321,1.9149985,1.9249985,672000
hardzero_plus_depr__c0p52__z1p00__lam0p010__nu0p50__psi1p00,hardzero_plus_depr,0.06,37,210,0.0,2,0.17889425,0.17889425,1.0172371,0.0,0.09610876,0.0,0.0,0.008752557,-27.455807,2.2379663,0.7459888,0.17600001,0.0,0.19252194,1.9249985,1.9349985,675200
hardzero_plus_depr__c0p52__z1p00__lam0p010__nu0p50__psi1p00,hardzero_plus_depr,0.06,37,211,0.0,2,0.17889425,0.17889425,1.0440935,0.0,0.09034549,0.0,0.0,0.008665469,-27.836452,2.2970517,0.7656839,0.128,0.0,0.18699978,1.9349985,1.9449985,678400
hardzero_plus_depr__c0p52__z1p00__lam0p010__nu0p50__psi1p00,hardzero_plus_depr,0.06,37,212,0.0,2,0.17889425,0.17889425,1.0567803,0.0,0.087744445,0.0,0.0,0.008579246,-27.148264,2.324963,0.7749877,0.18400002,0.0,0.18472055,1.9449985,1.9549985,681600
hardzero_plus_depr__c0p52__z1p00__lam0p010__nu0p50__psi1p00,hardzero_plus_depr,0.06,37,213,0.0,2,0.17889425,0.17889425,1.0428421,0.0,0.09060619,0.0,0.0,0.008493882,-27.000954,2.2942986,0.7647662,0.120000005,0.0,0.18678325,1.9549985,1.9649985,684800
hardzero_plus_depr__c0p52__z1p00__lam0p010__nu0p50__psi1p00,hardzero_plus_depr,0.06,37,214,0.0,2,0.17889425,0.17889425,1.0532396,0.0,0.08846275,0.0,0.0,0.008409366,-27.186668,2.3171732,0.7723911,0.16800001,0.0,0.20418411,1.9649985,1.9749985,688000
hardzero_plus_depr__c0p52__z1p00__lam0p010__nu0p50__psi1p00,hardzero_plus_depr,0.06,37,215,0.0,2,0.17889425,0.17889425,1.0193601,0.0,0.09564007,0.0,0.0,0.008325691,-27.057,2.242637,0.74754566,0.16800001,0.0,0.16880216,1.9749985,1.9849985,691200
hardzero_plus_depr__c0p52__z1p00__lam0p010__nu0p50__psi1p00,hardzero_plus_depr,0.06,37,216,0.0,2,0.17889425,0.17889425,1.0665747,0.0,0.08578775,0.0,0.0,0.008242849,-27.773884,2.3465111,0.7821704,0.16800001,0.0,0.18974318,1.9849985,1.9949985,694400
hardzero_plus_depr__c0p52__z1p00__lam0p010__nu0p50__psi1p00,hardzero_plus_depr,0.06,37,217,0.0,2,0.17889425,0.17889425,1.0529964,0.0,0.08851228,0.0,0.0,0.008160831,-28.127417,2.3166382,0.77221274,0.16800001,0.0,0.18022959,1.9949985,2.0049984,697600
hardzero_plus_depr__c0p52__z1p00__lam0p010__nu0p50__psi1p00,hardzero_plus_depr,0.06,37,218,0.0,2,0.17889425,0.17889425,1.0231097,0.0,0.0948179,0.0,0.0,0.008079629,-26.633183,2.2508862,0.7502954,0.16800001,0.0,0.18044081,2.0049984,2.0149984,700800
hardzero_plus_depr__c0p52__z1p00__lam0p010__nu0p50__psi1p00,hardzero_plus_depr,0.06,37,219,0.0,2,0.17889425,0.17889425,1.0067948,0.0,0.0984476,0.0,0.0,0.007999237,-27.231888,2.2149928,0.73833096,0.17600001,0.0,0.16357844,2.0149984,2.0249984,704000
hardzero_plus_depr__c0p52__z1p00__lam0p010__nu0p50__psi1p00,hardzero_plus_depr,0.06,37,220,0.0,2,0.17889425,0.17889425,1.0688355,0.0,0.08534234,0.0,0.0,0.007919643,-27.412558,2.351485,0.7838284,0.136,0.0,0.17333804,2.0249984,2.0349984,707200
hardzero_plus_depr__c0p52__z1p00__lam0p010__nu0p50__psi1p00,hardzero_plus_depr,0.06,37,221,0.0,2,0.17889425,0.17889425,1.0201362,0.0,0.095469296,0.0,0.0,0.007840841,-27.548525,2.2443445,0.7481148,0.16,0.0,0.183903,2.0349984,2.0449984,710400
hardzero_plus_depr__c0p52__z1p00__lam0p010__nu0p50__psi1p00,hardzero_plus_depr,0.06,37,222,0.0,2,0.17889425,0.17971446,0.9760953,0.105658546,0.105658546,1.0,0.00082020863,0.0077628233,-26.156193,2.1474526,0.7158176,0.15200001,0.0,0.16606776,2.0449984,2.0549984,713600
hardzero_plus_depr__c0p52__z1p00__lam0p010__nu0p50__psi1p00,hardzero_plus_depr,0.06,37,223,0.0,2,0.17971446,0.17971446,1.0289096,0.0,0.09356005,0.0,0.0,0.0076855817,-27.094845,2.2636461,0.7545487,0.14400001,0.0,0.17783588,2.0549984,2.0649984,716800
hardzero_plus_depr__c0p52__z1p00__lam0p010__nu0p50__psi1p00,hardzero_plus_depr,0.06,37,224,0.0,2,0.17971446,0.18052772,0.9711077,0.106878966,0.106878966,1.0,0.00081325363,0.0076091085,-25.810268,2.1364796,0.7121599,0.16800001,0.0,0.18913276,2.0649984,2.0749984,720000
hardzero_plus_depr__c0p52__z1p00__lam0p010__nu0p50__psi1p00,hardzero_plus_depr,0.06,37,225,0.0,2,0.18052772,0.18052772,1.0119977,0.0,0.097275235,0.0,0.0,0.007533398,-26.539116,2.2264395,0.7421465,0.112,0.0,0.15352735,2.0749984,2.0849984,723200
hardzero_plus_depr__c0p52__z1p00__lam0p010__nu0p50__psi1p00,hardzero_plus_depr,0.06,37,226,0.0,2,0.18052772,0.18052772,1.0225142,0.0,0.09494798,0.0,0.0,0.007458439,-27.435204,2.249576,0.74985874,0.18400002,0.0,0.16660546,2.0849984,2.0949984,726400
hardzero_plus_depr__c0p52__z1p00__lam0p010__nu0p50__psi1p00,hardzero_plus_depr,0.06,37,227,0.0,2,0.18052772,0.18052772,1.0480744,0.0,0.08952114,0.0,0.0,0.0073842267,-27.409498,2.3058097,0.76860327,0.17600001,0.0,0.20457879,2.0949984,2.1049984,729600
hardzero_plus_depr__c0p52__z1p00__lam0p010__nu0p50__psi1p00,hardzero_plus_depr,0.06,37,228,0.0,2,0.18052772,0.18127225,0.99207544,0.101841435,0.101841435,1.0,0.0007445375,0.0073107523,-26.49357,2.1826096,0.72753656,0.14400001,0.0,0.15658262,2.1049984,2.1149983,732800
hardzero_plus_depr__c0p52__z1p00__lam0p010__nu0p50__psi1p00,hardzero_plus_depr,0.06,37,229,0.0,2,0.18127225,0.18127225,1.0850949,0.0,0.08220629,0.0,0.0,0.0072380095,-28.252209,2.3872564,0.79575217,0.120000005,0.0,0.15434055,2.1149983,2.1249983,736000
hardzero_plus_depr__c0p52__z1p00__lam0p010__nu0p50__psi1p00,hardzero_plus_depr,0.06,37,230,0.0,2,0.18127225,0.18127225,1.0047762,0.0,0.09890624,0.0,0.0,0.00716599,-27.791748,2.210552,0.7368507,0.17600001,0.0,0.22353484,2.1249983,2.1349983,739200
hardzero_plus_depr__c0p52__z1p00__lam0p010__nu0p50__psi1p00,hardzero_plus_depr,0.06,37,231,0.0,2,0.18127225,0.18127225,1.0840687,0.0,0.08240079,0.0,0.0,0.0070946873,-28.532553,2.3849986,0.79499954,0.120000005,0.0,0.1760507,2.1349983,2.1449983,742400
hardzero_plus_depr__c0p52__z1p00__lam0p010__nu0p50__psi1p00,hardzero_plus_depr,0.06,37,232,0.0,2,0.18127225,0.18127225,1.0404325,0.0,0.09111031,0.0,0.0,0.0070240935,-28.901533,2.2889972,0.76299906,0.224,0.0,0.21965897,2.1449983,2.1549983,745600
hardzero_plus_depr__c0p52__z1p00__lam0p010__nu0p50__psi1p00,hardzero_plus_depr,0.06,37,233,0.0,2,0.18127225,0.18127225,1.0219009,0.0,0.09508217,0.0,0.0,0.006954203,-26.986439,2.248227,0.74940896,0.17600001,0.008,0.17491539,2.1549983,2.1649983,748800
hardzero_plus_depr__c0p52__z1p00__lam0p010__nu0p50__psi1p00,hardzero_plus_depr,0.06,37,234,0.0,2,0.18127225,0.18127225,1.0250188,0.0,0.094402,0.0,0.0,0.0068850075,-27.282587,2.2550864,0.7516955,0.21,0.0,0.18661135,2.1649983,2.1749983,752000
hardzero_plus_depr__c0p52__z1p00__lam0p010__nu0p50__psi1p00,hardzero_plus_depr,0.06,37,235,0.0,2,0.18127225,0.18127225,1.0040715,0.0,0.09906689,0.0,0.0,0.006816501,-26.981722,2.2090013,0.7363338,0.2,0.0,0.16552906,2.1749983,2.1849983,755200
hardzero_plus_depr__c0p52__z1p00__lam0p010__nu0p50__psi1p00,hardzero_plus_depr,0.06,37,236,0.0,2,0.18127225,0.18197529,0.9822387,0.104174465,0.104174465,1.0,0.00070303964,0.0067486754,-25.789679,2.1609683,0.7203228,0.18400002,0.0,0.19204356,2.1849983,2.1949983,758400
hardzero_plus_depr__c0p52__z1p00__lam0p010__nu0p50__psi1p00,hardzero_plus_depr,0.06,37,237,0.0,2,0.18197529,0.18197529,1.0084682,0.0,0.09806903,0.0,0.0,0.0066815256,-26.31896,2.2186742,0.7395581,0.18400002,0.0,0.16623308,2.1949983,2.2049983,761600
hardzero_plus_depr__c0p52__z1p00__lam0p010__nu0p50__psi1p00,hardzero_plus_depr,0.06,37,238,0.0,2,0.18197529,0.1826626,0.98337984,0.103901096,0.103901096,1.0,0.00068731024,0.006615043,-26.559345,2.1634789,0.72115964,0.18400002,0.0,0.17885663,2.2049983,2.2149982,764800
hardzero_plus_depr__c0p52__z1p00__lam0p010__nu0p50__psi1p00,hardzero_plus_depr,0.06,37,239,0.0,2,0.1826626,0.1826626,1.0217792,0.0,0.095108815,0.0,0.0,0.0065492224,-27.594782,2.2479591,0.74931973,0.17600001,0.0,0.2032983,2.2149982,2.2249982,768000
hardzero_plus_depr__c0p52__z1p00__lam0p010__nu0p50__psi1p00,hardzero_plus_depr,0.06,37,240,0.0,2,0.1826626,0.18336485,0.96536094,0.108302645,0.108302645,1.0,0.00070224045,0.0064840564,-26.30926,2.1238365,0.7079455,0.208,0.0,0.1701037,2.2249982,2.2349982,771200
hardzero_plus_depr__c0p52__z1p00__lam0p010__nu0p50__psi1p00,hardzero_plus_depr,0.06,37,241,0.0,2,0.18336485,0.18336485,1.0391619,0.0,0.091377236,0.0,0.0,0.006419539,-27.49222,2.286202,0.7620673,0.17600001,0.0,0.19605039,2.2349982,2.2449982,774400
hardzero_plus_depr__c0p52__z1p00__lam0p010__nu0p50__psi1p00,hardzero_plus_depr,0.06,37,242,0.0,2,0.18336485,0.18336485,1.0231038,0.0,0.094819166,0.0,0.0,0.0063556638,-26.876356,2.2508733,0.7502911,0.120000005,0.0,0.17937225,2.2449982,2.2549982,777600
hardzero_plus_depr__c0p52__z1p00__lam0p010__nu0p50__psi1p00,hardzero_plus_depr,0.06,37,243,0.0,2,0.18336485,0.18336485,1.0392227,0.0,0.09136445,0.0,0.0,0.0062924237,-27.126545,2.2863357,0.7621119,0.216,0.0,0.18632141,2.2549982,2.2649982,780800
hardzero_plus_depr__c0p52__z1p00__lam0p010__nu0p50__psi1p00,hardzero_plus_depr,0.06,37,244,0.0,2,0.18336485,0.18399967,0.99182403,0.101900406,0.101900406,1.0,0.00063482043,0.0062298127,-26.790705,2.1820564,0.72735214,0.192,0.0,0.16697253,2.2649982,2.2749982,784000
hardzero_plus_depr__c0p52__z1p00__lam0p010__nu0p50__psi1p00,hardzero_plus_depr,0.06,37,245,0.0,2,0.18399967,0.18399967,1.0545235,0.0,0.088201605,0.0,0.0,0.0061678253,-28.193052,2.319998,0.7733327,0.18400002,0.0,0.186482,2.2749982,2.2849982,787200
hardzero_plus_depr__c0p52__z1p00__lam0p010__nu0p50__psi1p00,hardzero_plus_depr,0.06,37,246,0.0,2,0.18399967,0.18399967,1.0297091,0.0,0.093387954,0.0,0.0,0.0061064544,-26.823364,2.2654052,0.75513506,0.136,0.0,0.16920729,2.2849982,2.2949982,790400
hardzero_plus_depr__c0p52__z1p00__lam0p010__nu0p50__psi1p00,hardzero_plus_depr,0.06,37,247,0.0,2,0.18399967,0.18399967,1.0229383,0.0,0.094855316,0.0,0.0,0.0060456945,-26.958143,2.250509,0.7501697,0.13,0.0,0.16768783,2.2949982,2.3049982,793600
hardzero_plus_depr__c0p52__z1p00__lam0p010__nu0p50__psi1p00,hardzero_plus_depr,0.06,37,248,0.0,2,0.18399967,0.18460041,0.9984113,0.10036647,0.10036647,1.0,0.0006007475,0.0059855394,-26.298548,2.1965487,0.7321829,0.128,0.0,0.17918147,2.3049982,2.3149981,796800
hardzero_plus_depr__c0p52__z1p00__lam0p010__nu0p50__psi1p00,hardzero_plus_depr,0.06,37,249,0.0,2,0.18460041,0.18460041,1.0265427,0.0,0.09407134,0.0,0.0,0.0059259823,-27.444635,2.2584388,0.752813,0.096,0.0,0.18748836,2.3149981,2.3249981,800000
hardzero_plus_depr__c0p52__z1p00__lam0p010__nu0p50__psi1p00,hardzero_plus_depr,0.06,37,250,0.0,2,0.18460041,0.18460041,1.010149,0.0,0.0976902,0.0,0.0,0.0058670174,-27.065647,2.2223723,0.7407908,0.18400002,0.0,0.1790183,2.3249981,2.3349981,803200
hardzero_plus_depr__c0p52__z1p00__lam0p010__nu0p50__psi1p00,hardzero_plus_depr,0.06,37,251,0.0,2,0.18460041,0.18460041,1.0165224,0.0,0.09626704,0.0,0.0,0.0058086393,-27.128159,2.236394,0.7454647,0.18400002,0.0,0.184443,2.3349981,2.3449981,806400
hardzero_plus_depr__c0p52__z1p00__lam0p010__nu0p50__psi1p00,hardzero_plus_depr,0.06,37,252,0.0,2,0.18460041,0.18518482,0.99301577,0.10162118,0.10162118,1.0,0.0005844074,0.005750843,-26.933647,2.1846783,0.7282261,0.16000001,0.0,0.1883996,2.3449981,2.354998,809600
hardzero_plus_depr__c0p52__z1p00__lam0p010__nu0p50__psi1p00,hardzero_plus_depr,0.06,37,253,0.0,2,0.18518482,0.18518482,1.0397558,0.0,0.09125238,0.0,0.0,0.005693621,-27.940971,2.2875085,0.76250285,0.15200001,0.0,0.21486191,2.354998,2.364998,812800
hardzero_plus_depr__c0p52__z1p00__lam0p010__nu0p50__psi1p00,hardzero_plus_depr,0.06,37,254,0.0,2,0.18518482,0.18577543,0.9797457,0.10477419,0.10477419,1.0,0.0005906088,0.005636968,-26.174046,2.1554835,0.71849453,0.16800001,0.0,0.19385888,2.364998,2.374998,816000
hardzero_plus_depr__c0p52__z1p00__lam0p010__nu0p50__psi1p00,hardzero_plus_depr,0.06,37,255,0.0,2,0.18577543,0.18577543,1.0286945,0.0,0.09360639,0.0,0.0,0.0055808797,-27.716208,2.263173,0.7543911,0.096,0.0,0.18232064,2.374998,2.384998,819200
hardzero_plus_depr__c0p52__z1p00__lam0p010__nu0p50__psi1p00,hardzero_plus_depr,0.06,37,256,0.0,2,0.18577543,0.18577543,1.0273532,0.0,0.093895935,0.0,0.0,0.005525349,-27.727325,2.2602222,0.7534074,0.15200001,0.0,0.17923787,2.384998,2.394998,822400
hardzero_plus_depr__c0p52__z1p00__lam0p010__nu0p50__psi1p00,hardzero_plus_depr,0.06,37,257,0.0,2,0.18577543,0.18577543,1.0546962,0.0,0.08816653,0.0,0.0,0.005470371,-27.900969,2.320378,0.7734594,0.128,0.0,0.17593369,2.394998,2.404998,825600
hardzero_plus_depr__c0p52__z1p00__lam0p010__nu0p50__psi1p00,hardzero_plus_depr,0.06,37,258,0.0,2,0.18577543,0.18632199,0.9960318,0.1009179,0.1009179,1.0,0.0005465653,0.00541594,-26.782196,2.1913137,0.73043793,0.17600001,0.0,0.17829968,2.404998,2.414998,828800
hardzero_plus_depr__c0p52__z1p00__lam0p010__nu0p50__psi1p00,hardzero_plus_depr,0.06,37,259,0.0,2,0.18632199,0.18632199,1.0361168,0.0,0.0920202,0.0,0.0,0.005362051,-27.800959,2.2795026,0.75983423,0.17600001,0.0,0.19276956,2.414998,2.424998,832000
hardzero_plus_depr__c0p52__z1p00__lam0p010__nu0p50__psi1p00,hardzero_plus_depr,0.06,37,260,0.0,2,0.18632199,0.18632199,1.0168834,0.0,0.096187055,0.0,0.0,0.005308698,-26.198095,2.237188,0.7457294,0.16,0.01,0.1718632,2.424998,2.434998,835200
hardzero_plus_depr__c0p52__z1p00__lam0p010__nu0p50__psi1p00,hardzero_plus_depr,0.06,37,261,0.0,2,0.18632199,0.18632199,1.0058851,0.0,0.09865404,0.0,0.0,0.005255875,-26.725185,2.2129915,0.73766387,0.2,0.0,0.17607372,2.434998,2.444998,838400
hardzero_plus_depr__c0p52__z1p00__lam0p010__nu0p50__psi1p00,hardzero_plus_depr,0.06,37,262,0.0,2,0.18632199,0.18632199,1.0139252,0.0,0.09684446,0.0,0.0,0.005203578,-27.650057,2.23068,0.74356,0.096,0.0,0.16037554,2.444998,2.454998,841600
hardzero_plus_depr__c0p52__z1p00__lam0p010__nu0p50__psi1p00,hardzero_plus_depr,0.06,37,263,0.0,2,0.18632199,0.18632199,1.0124621,0.0,0.09717127,0.0,0.0,0.0051518017,-26.900024,2.227461,0.7424871,0.17600001,0.0,0.20116755,2.454998,2.464998,844800
hardzero_plus_depr__c0p52__z1p00__lam0p010__nu0p50__psi1p00,hardzero_plus_depr,0.06,37,264,0.0,2,0.18632199,0.18684067,0.99271905,0.10169062,0.10169062,1.0,0.0005186771,0.0051005404,-26.08858,2.1840255,0.7280085,0.14400001,0.0,0.1717705,2.464998,2.474998,848000
hardzero_plus_depr__c0p52__z1p00__lam0p010__nu0p50__psi1p00,hardzero_plus_depr,0.06,37,265,0.0,2,0.18684067,0.18737881,0.9723722,0.10656823,0.10656823,1.0,0.0005381471,0.0050497893,-27.131668,2.1392615,0.7130872,0.18400002,0.0,0.1784788,2.474998,2.484998,851200
hardzero_plus_depr__c0p52__z1p00__lam0p010__nu0p50__psi1p00,hardzero_plus_depr,0.06,37,266,0.0,2,0.18737881,0.18737881,1.0307924,0.0,0.0931553,0.0,0.0,0.004999543,-27.83997,2.2677884,0.75592947,0.136,0.0,0.19153625,2.484998,2.494998,854400
hardzero_plus_depr__c0p52__z1p00__lam0p010__nu0p50__psi1p00,hardzero_plus_depr,0.06,37,267,0.0,2,0.18737881,0.18737881,1.0706433,0.0,0.08498781,0.0,0.0,0.004949797,-28.039005,2.3554623,0.7851541,0.16800001,0.0,0.18900287,2.494998,2.504998,857600
hardzero_plus_depr__c0p52__z1p00__lam0p010__nu0p50__psi1p00,hardzero_plus_depr,0.06,37,268,0.0,2,0.18737881,0.18737881,1.0101228,0.0,0.097696096,0.0,0.0,0.0049005453,-26.211775,2.2223146,0.74077153,0.128,0.0,0.17454581,2.504998,2.514998,860800
hardzero_plus_depr__c0p52__z1p00__lam0p010__nu0p50__psi1p00,hardzero_plus_depr,0.06,37,269,0.0,2,0.18737881,0.18789259,0.97512865,0.10589399,0.10589399,1.0,0.0005137748,0.004851784,-26.319614,2.145326,0.71510863,0.208,0.0,0.17690659,2.514998,2.524998,864000
hardzero_plus_depr__c0p52__z1p00__lam0p010__nu0p50__psi1p00,hardzero_plus_depr,0.06,37,270,0.0,2,0.18789259,0.18837894,0.9945958,0.10125212,0.10125212,1.0,0.00048636543,0.0048035085,-27.15438,2.1881545,0.72938484,0.192,0.0,0.19057997,2.524998,2.534998,867200
hardzero_plus_depr__c0p52__z1p00__lam0p010__nu0p50__psi1p00,hardzero_plus_depr,0.06,37,271,0.0,2,0.18837894,0.18837894,1.0153865,0.0,0.096519165,0.0,0.0,0.004755713,-27.969553,2.2338948,0.74463165,0.104,0.0,0.18014982,2.534998,2.544998,870400
hardzero_plus_depr__c0p52__z1p00__lam0p010__nu0p50__psi1p00,hardzero_plus_depr,0.06,37,272,0.0,2,0.18837894,0.18887654,0.9760029,0.10568105,0.10568105,1.0,0.0004975879,0.004708393,-26.378014,2.1472492,0.71574974,0.16000001,0.0,0.16757849,2.544998,2.554998,873600
hardzero_plus_depr__c0p52__z1p00__lam0p010__nu0p50__psi1p00,hardzero_plus_depr,0.06,37,273,0.0,2,0.18887654,0.1893448,0.998044,0.10045139,0.10045139,1.0,0.00046825854,0.0046615438,-26.662798,2.1957407,0.73191357,0.14,0.0,0.1933548,2.554998,2.564998,876800
hardzero_plus_depr__c0p52__z1p00__lam0p010__nu0p50__psi1p00,hardzero_plus_depr,0.06,37,274,0.0,2,0.1893448,0.18982218,0.9853152,0.10343911,0.10343911,1.0,0.00047738804,0.00461516,-26.290453,2.1677368,0.72257894,0.128,0.0,0.15480305,2.564998,2.574998,880000
hardzero_plus_depr__c0p52__z1p00__lam0p010__nu0p50__psi1p00,hardzero_plus_depr,0.06,37,275,0.0,2,0.18982218,0.18982218,1.0477929,0.0,0.08957917,0.0,0.0,0.004569239,-27.689991,2.3051906,0.76839685,0.08800001,0.0,0.1597114,2.574998,2.584998,883200
hardzero_plus_depr__c0p52__z1p00__lam0p010__nu0p50__psi1p00,hardzero_plus_depr,0.06,37,276,0.0,2,0.18982218,0.19030184,0.9745686,0.10603064,0.10603064,1.0,0.0004796587,0.004523774,-27.228418,2.1440938,0.71469796,0.128,0.0,0.1820531,2.584998,2.594998,886400
hardzero_plus_depr__c0p52__z1p00__lam0p010__nu0p50__psi1p00,hardzero_plus_depr,0.06,37,277,0.0,2,0.19030184,0.19030184,1.0424597,0.0,0.090686,0.0,0.0,0.004478762,-26.921398,2.2934573,0.7644858,0.16000001,0.0,0.16537097,2.594998,2.6049979,889600
hardzero_plus_depr__c0p52__z1p00__lam0p010__nu0p50__psi1p00,hardzero_plus_depr,0.06,37,278,0.0,2,0.19030184,0.19030184,1.0215191,0.0,0.0951658,0.0,0.0,0.0044341977,-27.416794,2.247387,0.749129,0.14400001,0.0,0.18514495,2.6049979,2.6149979,892800
hardzero_plus_depr__c0p52__z1p00__lam0p010__nu0p50__psi1p00,hardzero_plus_depr,0.06,37,279,0.0,2,0.19030184,0.19077197,0.9702554,0.10708894,0.10708894,1.0,0.0004701286,0.0043900763,-25.70938,2.1346045,0.71153486,0.208,0.008,0.1687331,2.6149979,2.6249979,896000
hardzero_plus_depr__c0p52__z1p00__lam0p010__nu0p50__psi1p00,hardzero_plus_depr,0.06,37,280,0.0,2,0.19077197,0.19077197,1.0314891,0.0,0.09300597,0.0,0.0,0.004346395,-27.171825,2.2693214,0.7564405,0.16800001,0.0,0.17388815,2.6249979,2.6349978,899200
hardzero_plus_depr__c0p52__z1p00__lam0p010__nu0p50__psi1p00,hardzero_plus_depr,0.06,37,281,0.0,2,0.19077197,0.19077197,1.0292202,0.0,0.093493156,0.0,0.0,0.0043031476,-27.431063,2.2643297,0.7547766,0.136,0.0,0.157557,2.6349978,2.6449978,902400
hardzero_plus_depr__c0p52__z1p00__lam0p010__nu0p50__psi1p00,hardzero_plus_depr,0.06,37,282,0.0,2,0.19077197,0.19077197,1.054235,0.0,0.08826023,0.0,0.0,0.00426033,-28.217817,2.3193634,0.7731211,0.15200001,0.008,0.2051664,2.6449978,2.6549978,905600
hardzero_plus_depr__c0p52__z1p00__lam0p010__nu0p50__psi1p00,hardzero_plus_depr,0.06,37,283,0.0,2,0.19077197,0.19077197,1.0186405,0.0,0.09579867,0.0,0.0,0.0042179395,-27.722208,2.2410538,0.747018,0.16000001,0.0,0.18618044,2.6549978,2.6649978,908800
hardzero_plus_depr__c0p52__z1p00__lam0p010__nu0p50__psi1p00,hardzero_plus_depr,0.06,37,284,0.0,2,0.19077197,0.19120523,0.9840024,0.10375227,0.10375227,1.0,0.0004332664,0.0041759703,-26.630669,2.1648486,0.7216162,0.18400002,0.0,0.21166135,2.6649978,2.6749978,912000
hardzero_plus_depr__c0p52__z1p00__lam0p010__nu0p50__psi1p00,hardzero_plus_depr,0.06,37,285,0.0,2,0.19120523,0.19120523,1.0100098,0.0,0.09772151,0.0,0.0,0.004134419,-26.584967,2.222066,0.7406887,0.16800001,0.008,0.17595364,2.6749978,2.6849978,915200
hardzero_plus_depr__c0p52__z1p00__lam0p010__nu0p50__psi1p00,hardzero_plus_depr,0.06,37,286,0.0,2,0.19120523,0.19120523,1.0074793,0.0,0.09829257,0.0,0.0,0.0040932805,-26.39775,2.2164986,0.7388329,0.14,0.0,0.16483767,2.6849978,2.6949978,918400
hardzero_plus_depr__c0p52__z1p00__lam0p010__nu0p50__psi1p00,hardzero_plus_depr,0.06,37,287,0.0,2,0.19120523,0.19120523,1.0574874,0.0,0.08760172,0.0,0.0,0.004052552,-27.15435,2.3265188,0.77550626,0.18400002,0.0,0.19372602,2.6949978,2.7049978,921600
hardzero_plus_depr__c0p52__z1p00__lam0p010__nu0p50__psi1p00,hardzero_plus_depr,0.06,37,288,0.0,2,0.19120523,0.19120523,1.066829,0.0,0.08573754,0.0,0.0,0.0040122285,-27.538826,2.3470707,0.7823569,0.14400001,0.0,0.18918066,2.7049978,2.7149978,924800
hardzero_plus_depr__c0p52__z1p00__lam0p010__nu0p50__psi1p00,hardzero_plus_depr,0.06,37,289,0.0,2,0.19120523,0.19120523,1.0308475,0.0,0.09314347,0.0,0.0,0.003972306,-26.965311,2.2679098,0.75596994,0.192,0.008,0.18779041,2.7149978,2.7249978,928000
hardzero_plus_depr__c0p52__z1p00__lam0p010__nu0p50__psi1p00,hardzero_plus_depr,0.06,37,290,0.0,2,0.19120523,0.19120523,1.0392513,0.0,0.09135844,0.0,0.0,0.003932781,-27.118423,2.2863986,0.7621329,0.112,0.0,0.183754,2.7249978,2.7349977,931200
hardzero_plus_depr__c0p52__z1p00__lam0p010__nu0p50__psi1p00,hardzero_plus_depr,0.06,37,291,0.0,2,0.19120523,0.19120523,1.0455397,0.0,0.09004513,0.0,0.0,0.0038936492,-28.396914,2.3002334,0.7667445,0.17600001,0.008,0.17118217,2.7349977,2.7449977,934400
hardzero_plus_depr__c0p52__z1p00__lam0p010__nu0p50__psi1p00,hardzero_plus_depr,0.06,37,292,0.0,2,0.19120523,0.19162825,0.95965236,0.109735616,0.109735616,1.0,0.00042302054,0.0038549064,-25.66226,2.1112773,0.70375913,0.2,0.0,0.17299196,2.7449977,2.7549977,937600
hardzero_plus_depr__c0p52__z1p00__lam0p010__nu0p50__psi1p00,hardzero_plus_depr,0.06,37,293,0.0,2,0.19162825,0.19162825,1.0173393,0.0,0.096086115,0.0,0.0,0.0038165494,-27.636768,2.2381911,0.7460637,0.18400002,0.0,0.17860062,2.7549977,2.7649977,940800
hardzero_plus_depr__c0p52__z1p00__lam0p010__nu0p50__psi1p00,hardzero_plus_depr,0.06,37,294,0.0,2,0.19162825,0.19162825,1.0214604,0.0,0.095178664,0.0,0.0,0.0037785743,-27.316746,2.2472577,0.7490859,0.16800001,0.0,0.20465393,2.7649977,2.7749977,944000
hardzero_plus_depr__c0p52__z1p00__lam0p010__nu0p50__psi1p00,hardzero_plus_depr,0.06,37,295,0.0,2,0.19162825,0.19162825,1.0466267,0.0,0.08982005,0.0,0.0,0.0037409773,-27.883715,2.3026247,0.7675416,0.128,0.0,0.1666074,2.7749977,2.7849977,947200
hardzero_plus_depr__c0p52__z1p00__lam0p010__nu0p50__psi1p00,hardzero_plus_depr,0.06,37,296,0.0,2,0.19162825,0.19200335,0.99449384,0.101275906,0.101275906,1.0,0.00037510102,0.003703754,-27.310728,2.18793,0.72931004,0.23200001,0.0,0.18225986,2.7849977,2.7949977,950400
hardzero_plus_depr__c0p52__z1p00__lam0p010__nu0p50__psi1p00,hardzero_plus_depr,0.06,37,297,0.0,2,0.19200335,0.19200335,1.0154256,0.0,0.09651047,0.0,0.0,0.0036669008,-27.134481,2.233981,0.7446603,0.15200001,0.0,0.1810132,2.7949977,2.8049977,953600
hardzero_plus_depr__c0p52__z1p00__lam0p010__nu0p50__psi1p00,hardzero_plus_depr,0.06,37,298,0.0,2,0.19200335,0.19200335,1.0250381,0.0,0.09439779,0.0,0.0,0.0036304148,-27.156086,2.2551289,0.75170964,0.18400002,0.0,0.19593355,2.8049977,2.8149977,956800
hardzero_plus_depr__c0p52__z1p00__lam0p010__nu0p50__psi1p00,hardzero_plus_depr,0.06,37,299,0.0,2,0.19200335,0.19200335,1.0151559,0.0,0.0965704,0.0,0.0,0.0035942914,-26.277353,2.2333877,0.7444626,0.12,0.0,0.16339672,2.8149977,2.8249977,960000
hardzero_plus_depr__c0p52__z1p00__lam0p010__nu0p50__psi1p00,hardzero_plus_depr,0.06,37,300,0.0,2,0.19200335,0.19200335,1.0008845,0.0,0.099796526,0.0,0.0,0.0035585274,-26.947248,2.20199,0.7339966,0.15200001,0.0,0.18086079,2.8249977,2.8349977,963200
hardzero_plus_depr__c0p52__z1p00__lam0p010__nu0p50__psi1p00,hardzero_plus_depr,0.06,37,301,0.0,2,0.19200335,0.19200335,1.0064967,0.0,0.09851523,0.0,0.0,0.0035231197,-26.804396,2.2143369,0.73811233,0.17600001,0.0,0.17764965,2.8349977,2.8449976,966400
hardzero_plus_depr__c0p52__z1p00__lam0p010__nu0p50__psi1p00,hardzero_plus_depr,0.06,37,302,0.0,2,0.19200335,0.19235621,0.99498236,0.10116205,0.10116205,1.0,0.00035285973,0.003488064,-27.170267,2.189005,0.7296683,0.18400002,0.0,0.2126744,2.8449976,2.8549976,969600
hardzero_plus_depr__c0p52__z1p00__lam0p010__nu0p50__psi1p00,hardzero_plus_depr,0.06,37,303,0.0,2,0.19235621,0.19235621,1.0267953,0.0,0.094016634,0.0,0.0,0.0034533571,-27.185528,2.2589948,0.7529983,0.192,0.0,0.20068197,2.8549976,2.8649976,972800
hardzero_plus_depr__c0p52__z1p00__lam0p010__nu0p50__psi1p00,hardzero_plus_depr,0.06,37,304,0.0,2,0.19235621,0.19235621,1.070908,0.0,0.08493604,0.0,0.0,0.003418996,-28.62749,2.3560445,0.7853482,0.16000001,0.0,0.2191356,2.8649976,2.8749976,976000
hardzero_plus_depr__c0p52__z1p00__lam0p010__nu0p50__psi1p00,hardzero_plus_depr,0.06,37,305,0.0,2,0.19235621,0.19235621,1.0152872,0.0,0.09654124,0.0,0.0,0.0033849764,-27.967066,2.2336764,0.7445588,0.15200001,0.0,0.15461406,2.8749976,2.8849976,979200
hardzero_plus_depr__c0p52__z1p00__lam0p010__nu0p50__psi1p00,hardzero_plus_depr,0.06,37,306,0.0,2,0.19235621,0.1927496,0.9303936,0.11738333,0.11738333,1.0,0.00039338623,0.0033512956,-26.017897,2.0469067,0.68230224,0.16800001,0.0,0.15324517,2.8849976,2.8949976,982400
hardzero_plus_depr__c0p52__z1p00__lam0p010__nu0p50__psi1p00,hardzero_plus_depr,0.06,37,307,0.0,2,0.1927496,0.1927496,1.0321469,0.0,0.09286521,0.0,0.0,0.0033179494,-27.268599,2.2707686,0.7569229,0.16800001,0.0,0.17449796,2.8949976,2.9049976,985600
hardzero_plus_depr__c0p52__z1p00__lam0p010__nu0p50__psi1p00,hardzero_plus_depr,0.06,37,308,0.0,2,0.1927496,0.1927496,1.024284,0.0,0.094561845,0.0,0.0,0.0032849356,-26.63425,2.2534697,0.75115657,0.15200001,0.0,0.20176515,2.9049976,2.9149976,988800
hardzero_plus_depr__c0p52__z1p00__lam0p010__nu0p50__psi1p00,hardzero_plus_depr,0.06,37,309,0.0,2,0.1927496,0.1927496,1.0170293,0.0,0.09615475,0.0,0.0,0.0032522497,-27.111477,2.237509,0.7458364,0.120000005,0.0,0.18339625,2.9149976,2.9249976,992000
hardzero_plus_depr__c0p52__z1p00__lam0p010__nu0p50__psi1p00,hardzero_plus_depr,0.06,37,310,0.0,2,0.1927496,0.1927496,1.0694896,0.0,0.085213885,0.0,0.0,0.0032198892,-28.521091,2.352924,0.7843081,0.224,0.0,0.2131149,2.9249976,2.9349976,995200
hardzero_plus_depr__c0p52__z1p00__lam0p010__nu0p50__psi1p00,hardzero_plus_depr,0.06,37,311,0.0,2,0.1927496,0.1927496,1.0285854,0.0,0.09362989,0.0,0.0,0.003187851,-27.481167,2.262933,0.754311,0.120000005,0.0,0.17444678,2.9349976,2.9449975,998400
hardzero_plus_depr__c0p52__z1p00__lam0p010__nu0p50__psi1p00,hardzero_plus_depr,0.06,37,312,0.0,2,0.1927496,0.1927496,1.002123,0.0,0.09951235,0.0,0.0,0.0031561314,-27.48662,2.2047145,0.7349049,0.14,0.0,0.18241122,2.9449975,2.9549975,1001600
hardzero_plus_depr__c0p52__z1p00__lam0p010__nu0p50__psi1p00,hardzero_plus_depr,0.06,37,313,0.0,2,0.1927496,0.1927496,1.0433663,0.0,0.09049689,0.0,0.0,0.0031247272,-26.791344,2.2954516,0.76515055,0.18400002,0.0,0.17311096,2.9549975,2.9649975,1004800
hardzero_plus_depr__c0p52__z1p00__lam0p010__nu0p50__psi1p00,hardzero_plus_depr,0.06,37,314,0.0,2,0.1927496,0.1927496,1.0446366,0.0,0.09023258,0.0,0.0,0.0030936357,-28.778582,2.2982464,0.76608217,0.104,0.0,0.18864742,2.9649975,2.9749975,1008000
hardzero_plus_depr__c0p52__z1p00__lam0p010__nu0p50__psi1p00,hardzero_plus_depr,0.06,37,315,0.0,2,0.1927496,0.1927496,1.0306937,0.0,0.0931765,0.0,0.0,0.0030628536,-27.570282,2.2675712,0.7558571,0.128,0.0,0.1912059,2.9749975,2.9849975,1011200
hardzero_plus_depr__c0p52__z1p00__lam0p010__nu0p50__psi1p00,hardzero_plus_depr,0.06,37,316,0.0,2,0.1927496,0.1927496,1.0090091,0.0,0.097946934,0.0,0.0,0.0030323777,-26.731407,2.2198644,0.7399548,0.120000005,0.0,0.16942249,2.9849975,2.9949975,1014400
hardzero_plus_depr__c0p52__z1p00__lam0p010__nu0p50__psi1p00,hardzero_plus_depr,0.06,37,317,0.0,2,0.1927496,0.1927496,1.0296509,0.0,0.09340046,0.0,0.0,0.0030022052,-27.350842,2.2652771,0.7550924,0.112,0.0,0.17192951,2.9949975,3.0049975,1017600
hardzero_plus_depr__c0p52__z1p00__lam0p010__nu0p50__psi1p00,hardzero_plus_depr,0.06,37,318,0.0,2,0.1927496,0.19304691,0.99989605,0.10002394,0.10002394,1.0,0.00029730445,0.0029723328,-26.972153,2.1998153,0.7332718,0.136,0.0,0.16875687,3.0049975,3.0149975,1020800
hardzero_plus_depr__c0p52__z1p00__lam0p010__nu0p50__psi1p00,hardzero_plus_depr,0.06,37,319,0.0,2,0.19304691,0.19334878,0.98894304,0.10257863,0.10257863,1.0,0.00030186406,0.0029427577,-26.943735,2.175718,0.7252394,0.128,0.0,0.1779257,3.0149975,3.0249975,1024000
hardzero_plus_depr__c0p52__z1p00__lam0p010__nu0p50__psi1p00,hardzero_plus_depr,0.06,37,320,0.0,2,0.19334878,0.19364928,0.9865648,0.103141926,0.103141926,1.0,0.0003005016,0.0029134767,-27.004543,2.170486,0.72349536,0.224,0.0,0.16328242,3.0249975,3.0349975,1027200
hardzero_plus_depr__c0p52__z1p00__lam0p010__nu0p50__psi1p00,hardzero_plus_depr,0.06,37,321,0.0,2,0.19364928,0.19393934,0.99758023,0.100558735,0.100558735,1.0,0.0002900604,0.0028844872,-26.54291,2.1947203,0.73157346,0.2,0.0,0.18155548,3.0349975,3.0449975,1030400
hardzero_plus_depr__c0p52__z1p00__lam0p010__nu0p50__psi1p00,hardzero_plus_depr,0.06,37,322,0.0,2,0.19393934,0.19393934,1.0573673,0.0,0.08762593,0.0,0.0,0.0028557861,-27.580954,2.3262546,0.7754182,0.120000005,0.0,0.19403467,3.0449975,3.0549974,1033600
hardzero_plus_depr__c0p52__z1p00__lam0p010__nu0p50__psi1p00,hardzero_plus_depr,0.06,37,323,0.0,2,0.19393934,0.19422951,0.9887305,0.10262886,0.10262886,1.0,0.0002901698,0.0028273703,-27.086466,2.1752505,0.72508353,0.16800001,0.0,0.17917074,3.0549974,3.0649974,1036800
hardzero_plus_depr__c0p52__z1p00__lam0p010__nu0p50__psi1p00,hardzero_plus_depr,0.06,37,324,0.0,2,0.19422951,0.19451779,0.98723793,0.10298218,0.10298218,1.0,0.0002882716,0.0027992378,-26.847275,2.1719668,0.72398895,0.136,0.0,0.16877946,3.0649974,3.0749974,1040000
hardzero_plus_depr__c0p52__z1p00__lam0p010__nu0p50__psi1p00,hardzero_plus_depr,0.06,37,325,0.0,2,0.19451779,0.19451779,1.0105151,0.0,0.09760789,0.0,0.0,0.0027713848,-27.067856,2.2231777,0.74105924,0.14999999,0.0,0.15624668,3.0749974,3.0849974,1043200
hardzero_plus_depr__c0p52__z1p00__lam0p010__nu0p50__psi1p00,hardzero_plus_depr,0.06,37,326,0.0,2,0.19451779,0.19451779,1.038494,0.0,0.091517895,0.0,0.0,0.002743809,-27.665472,2.2847323,0.7615775,0.16000001,0.0,0.1994947,3.0849974,3.0949974,1046400
hardzero_plus_depr__c0p52__z1p00__lam0p010__nu0p50__psi1p00,hardzero_plus_depr,0.06,37,327,0.0,2,0.19451779,0.19451779,1.0035682,0.0,0.09918177,0.0,0.0,0.0027165078,-26.307875,2.207894,0.7359647,0.136,0.0,0.16518022,3.0949974,3.1049974,1049600
hardzero_plus_depr__c0p52__z1p00__lam0p010__nu0p50__psi1p00,hardzero_plus_depr,0.06,37,328,0.0,2,0.19451779,0.19478676,0.99996924,0.10000708,0.10000708,1.0,0.00026896683,0.002689478,-26.062124,2.1999762,0.7333254,0.15200001,0.0,0.20361285,3.1049974,3.1149974,1052800
hardzero_plus_depr__c0p52__z1p00__lam0p010__nu0p50__psi1p00,hardzero_plus_depr,0.06,37,329,0.0,2,0.19478676,0.19478676,1.0044551,0.0,0.09897942,0.0,0.0,0.0026627176,-26.940668,2.2098453,0.7366151,0.120000005,0.0,0.16564333,3.1149974,3.1249974,1056000
hardzero_plus_depr__c0p52__z1p00__lam0p010__nu0p50__psi1p00,hardzero_plus_depr,0.06,37,330,0.0,2,0.19478676,0.19505055,0.9997048,0.100067995,0.100067995,1.0,0.0002638015,0.0026362226,-26.571306,2.1993945,0.7331315,0.2,0.0,0.18263464,3.1249974,3.1349974,1059200
hardzero_plus_depr__c0p52__z1p00__lam0p010__nu0p50__psi1p00,hardzero_plus_depr,0.06,37,331,0.0,2,0.19505055,0.19531392,0.9960831,0.10090599,0.10090599,1.0,0.00026336382,0.002609992,-26.961096,2.1914265,0.73047554,0.15200001,0.0,0.16629182,3.1349974,3.1449974,1062400
hardzero_plus_depr__c0p52__z1p00__lam0p010__nu0p50__psi1p00,hardzero_plus_depr,0.06,37,332,0.0,2,0.19531392,0.19531392,1.0043151,0.0,0.09901133,0.0,0.0,0.0025840222,-26.201626,2.2095375,0.73651254,0.14400001,0.0,0.16680777,3.1449974,3.1549973,1065600
hardzero_plus_depr__c0p52__z1p00__lam0p010__nu0p50__psi1p00,hardzero_plus_depr,0.06,37,333,0.0,2,0.19531392,0.19531392,1.0002135,0.0,0.09995085,0.0,0.0,0.0025583107,-26.989288,2.2005136,0.73350453,0.17600001,0.0,0.18346699,3.1549973,3.1649973,1068800
hardzero_plus_depr__c0p52__z1p00__lam0p010__nu0p50__psi1p00,hardzero_plus_depr,0.06,37,334,0.0,2,0.19531392,0.19558243,0.97463125,0.106015354,0.106015354,1.0,0.00026852157,0.0025328554,-26.756477,2.1442316,0.71474385,0.15200001,0.0,0.18638769,3.1649973,3.1749973,1072000
hardzero_plus_depr__c0p52__z1p00__lam0p010__nu0p50__psi1p00,hardzero_plus_depr,0.06,37,335,0.0,2,0.19558243,0.19583327,0.9998983,0.10002341,0.10002341,1.0,0.000250824,0.0025076529,-26.693388,2.1998203,0.73327345,0.136,0.0,0.18669564,3.1749973,3.1849973,1075200
hardzero_plus_depr__c0p52__z1p00__lam0p010__nu0p50__psi1p00,hardzero_plus_depr,0.06,37,336,0.0,2,0.19583327,0.19583327,1.0314173,0.0,0.09302137,0.0,0.0,0.0024827013,-27.32492,2.2691634,0.7563878,0.136,0.0,0.181648,3.1849973,3.1949973,1078400
hardzero_plus_depr__c0p52__z1p00__lam0p010__nu0p50__psi1p00,hardzero_plus_depr,0.06,37,337,0.0,2,0.19583327,0.19583327,1.0449612,0.0,0.09016516,0.0,0.0,0.002457998,-27.43058,2.2989607,0.7663202,0.072000004,0.0,0.1812422,3.1949973,3.2049973,1081600
hardzero_plus_depr__c0p52__z1p00__lam0p010__nu0p50__psi1p00,hardzero_plus_depr,0.06,37,338,0.0,2,0.19583327,0.19583327,1.0355809,0.0,0.09213383,0.0,0.0,0.0024335405,-28.552622,2.2783234,0.75944114,0.22,0.0,0.1928262,3.2049973,3.2149973,1084800
hardzero_plus_depr__c0p52__z1p00__lam0p010__nu0p50__psi1p00,hardzero_plus_depr,0.06,37,339,0.0,2,0.19583327,0.19610246,0.9518303,0.11172996,0.11172996,1.0,0.00026919393,0.0024093264,-25.45864,2.0940685,0.69802284,0.16000001,0.0,0.18441929,3.2149973,3.2249973,1088000
hardzero_plus_depr__c0p52__z1p00__lam0p010__nu0p50__psi1p00,hardzero_plus_depr,0.06,37,340,0.0,2,0.19610246,0.19610246,1.0507153,0.0,0.0889784,0.0,0.0,0.0023853532,-28.249804,2.3116198,0.77053994,0.120000005,0.0,0.17818384,3.2249973,3.2349973,1091200
hardzero_plus_depr__c0p52__z1p00__lam0p010__nu0p50__psi1p00,hardzero_plus_depr,0.06,37,341,0.0,2,0.19610246,0.19635156,0.9768242,0.10548138,0.10548138,1.0,0.0002491068,0.0023616187,-25.993256,2.1490562,0.7163521,0.208,0.0,0.15738505,3.2349973,3.2449973,1094400
hardzero_plus_depr__c0p52__z1p00__lam0p010__nu0p50__psi1p00,hardzero_plus_depr,0.06,37,342,0.0,2,0.19635156,0.19635156,1.0329808,0.0,0.09268708,0.0,0.0,0.0023381202,-27.219742,2.272603,0.7575344,0.18400002,0.0,0.1892012,3.2449973,3.2549973,1097600
hardzero_plus_depr__c0p52__z1p00__lam0p010__nu0p50__psi1p00,hardzero_plus_depr,0.06,37,343,0.0,2,0.19635156,0.19635156,1.0133716,0.0,0.096967995,0.0,0.0,0.0023148556,-27.489716,2.229462,0.743154,0.23200001,0.0,0.19540675,3.2549973,3.2649972,1100800
hardzero_plus_depr__c0p52__z1p00__lam0p010__nu0p50__psi1p00,hardzero_plus_depr,0.06,37,344,0.0,2,0.19635156,0.19635156,1.0355725,0.0,0.09213561,0.0,0.0,0.0022918223,-26.440182,2.278305,0.75943506,0.192,0.0,0.16000041,3.2649972,3.2749972,1104000
hardzero_plus_depr__c0p52__z1p00__lam0p010__nu0p50__psi1p00,hardzero_plus_depr,0.06,37,345,0.0,2,0.19635156,0.19635156,1.0268234,0.0,0.09401056,0.0,0.0,0.0022690184,-26.848194,2.2590566,0.75301886,0.104,0.0,0.19027406,3.2749972,3.2849972,1107200
hardzero_plus_depr__c0p52__z1p00__lam0p010__nu0p50__psi1p00,hardzero_plus_depr,0.06,37,346,0.0,2,0.19635156,0.19635156,1.0715321,0.0,0.08481406,0.0,0.0,0.0022464413,-27.694174,2.3574178,0.78580594,0.17600001,0.0,0.20977682,3.2849972,3.2949972,1110400
hardzero_plus_depr__c0p52__z1p00__lam0p010__nu0p50__psi1p00,hardzero_plus_depr,0.06,37,347,0.0,2,0.19635156,0.19635156,1.0634238,0.0,0.08641244,0.0,0.0,0.002224089,-27.789625,2.3395789,0.77985966,0.096,0.0,0.18512706,3.2949972,3.3049972,1113600
hardzero_plus_depr__c0p52__z1p00__lam0p010__nu0p50__psi1p00,hardzero_plus_depr,0.06,37,348,0.0,2,0.19635156,0.19635156,1.0142592,0.0,0.09677,0.0,0.0,0.0022019588,-26.95902,2.2314148,0.74380493,0.120000005,0.0,0.19020282,3.3049972,3.3149972,1116800
hardzero_plus_depr__c0p52__z1p00__lam0p010__nu0p50__psi1p00,hardzero_plus_depr,0.06,37,349,0.0,2,0.19635156,0.19635156,1.0332065,0.0,0.09263894,0.0,0.0,0.002180049,-27.512419,2.2730997,0.7576999,0.16000001,0.0,0.20709398,3.3149972,3.3249972,1120000
hardzero_plus_depr__c0p52__z1p00__lam0p010__nu0p50__psi1p00,hardzero_plus_depr,0.06,37,350,0.0,2,0.19635156,0.19635156,1.0708828,0.0,0.08494096,0.0,0.0,0.0021583573,-28.761543,2.3559892,0.78532976,0.112,0.0,0.22266984,3.3249972,3.3349972,1123200
hardzero_plus_depr__c0p52__z1p00__lam0p010__nu0p50__psi1p00,hardzero_plus_depr,0.06,37,351,0.0,2,0.19635156,0.19635156,1.0081525,0.0,0.098140314,0.0,0.0,0.0021368812,-26.307793,2.2179797,0.7393266,0.21,0.0,0.1430218,3.3349972,3.3449972,1126400
hardzero_plus_depr__c0p52__z1p00__lam0p010__nu0p50__psi1p00,hardzero_plus_depr,0.06,37,352,0.0,2,0.19635156,0.19656515,0.99585724,0.100958474,0.100958474,1.0,0.00021358964,0.0021156187,-27.428684,2.1909297,0.7303099,0.18400002,0.0,0.19472598,3.3449972,3.3549972,1129600
hardzero_plus_depr__c0p52__z1p00__lam0p010__nu0p50__psi1p00,hardzero_plus_depr,0.06,37,353,0.0,2,0.19656515,0.19656515,1.0519527,0.0,0.08872526,0.0,0.0,0.002094568,-27.463139,2.3143423,0.7714474,0.17600001,0.0,0.1832587,3.3549972,3.3649971,1132800
hardzero_plus_depr__c0p52__z1p00__lam0p010__nu0p50__psi1p00,hardzero_plus_depr,0.06,37,354,0.0,2,0.19656515,0.19656515,1.0751877,0.0,0.08410317,0.0,0.0,0.0020737268,-28.035612,2.3654602,0.7884867,0.15200001,0.0,0.18857838,3.3649971,3.3749971,1136000
hardzero_plus_depr__c0p52__z1p00__lam0p010__nu0p50__psi1p00,hardzero_plus_depr,0.06,37,355,0.0,2,0.19656515,0.19677301,0.9946311,0.1012439,0.1012439,1.0,0.00020786314,0.002053093,-26.660799,2.1882322,0.72941077,0.208,0.0,0.1646699,3.3749971,3.3849971,1139200
hardzero_plus_depr__c0p52__z1p00__lam0p010__nu0p50__psi1p00,hardzero_plus_depr,0.06,37,356,0.0,2,0.19677301,0.19677301,1.044226,0.0,0.09031791,0.0,0.0,0.0020326644,-27.857712,2.2973433,0.7657811,0.136,0.0,0.18428026,3.3849971,3.3949971,1142400
hardzero_plus_depr__c0p52__z1p00__lam0p010__nu0p50__psi1p00,hardzero_plus_depr,0.06,37,357,0.0,2,0.19677301,0.19677301,1.0629287,0.0,0.086511,0.0,0.0,0.002012439,-28.389132,2.3384898,0.7794966,0.136,0.0,0.20330216,3.3949971,3.404997,1145600
hardzero_plus_depr__c0p52__z1p00__lam0p010__nu0p50__psi1p00,hardzero_plus_depr,0.06,37,358,0.0,2,0.19677301,0.19698071,0.98191416,0.10425233,0.10425233,1.0,0.0002077139,0.001992415,-26.968658,2.1602542,0.7200848,0.2,0.0,0.18649204,3.404997,3.414997,1148800
hardzero_plus_depr__c0p52__z1p00__lam0p010__nu0p50__psi1p00,hardzero_plus_depr,0.06,37,359,0.0,2,0.19698071,0.19698071,1.0200083,0.0,0.09549743,0.0,0.0,0.00197259,-27.866104,2.2440631,0.74802107,0.16800001,0.0,0.17879954,3.414997,3.424997,1152000
hardzero_plus_depr__c0p52__z1p00__lam0p010__nu0p50__psi1p00,hardzero_plus_depr,0.06,37,360,0.0,2,0.19698071,0.19698071,1.0296011,0.0,0.09341118,0.0,0.0,0.0019529626,-27.593195,2.2651677,0.7550559,0.128,0.0,0.16662762,3.424997,3.434997,1155200
hardzero_plus_depr__c0p52__z1p00__lam0p010__nu0p50__psi1p00,hardzero_plus_depr,0.06,37,361,0.0,2,0.19698071,0.19698071,1.0016335,0.0,0.099624574,0.0,0.0,0.0019335302,-26.416182,2.2036378,0.73454595,0.16000001,0.0,0.18160857,3.434997,3.444997,1158400
hardzero_plus_depr__c0p52__z1p00__lam0p010__nu0p50__psi1p00,hardzero_plus_depr,0.06,37,362,0.0,2,0.19698071,0.19698071,1.0522885,0.0,0.08865668,0.0,0.0,0.0019142914,-28.43222,2.3150811,0.7716937,0.18400002,0.0,0.20014943,3.444997,3.454997,1161600
hardzero_plus_depr__c0p52__z1p00__lam0p010__nu0p50__psi1p00,hardzero_plus_depr,0.06,37,363,0.0,2,0.19698071,0.19718342,0.9707986,0.10695505,0.10695505,1.0,0.00020270588,0.0018952437,-26.757917,2.1357996,0.71193326,0.17600001,0.0,0.18081295,3.454997,3.464997,1164800
hardzero_plus_depr__c0p52__z1p00__lam0p010__nu0p50__psi1p00,hardzero_plus_depr,0.06,37,364,0.0,2,0.19718342,0.19718342,1.0141282,0.0,0.096799195,0.0,0.0,0.0018763858,-27.273285,2.2311265,0.74370885,0.21,0.0,0.1901524,3.464997,3.474997,1168000
hardzero_plus_depr__c0p52__z1p00__lam0p010__nu0p50__psi1p00,hardzero_plus_depr,0.06,37,365,0.0,2,0.19718342,0.19737093,0.9959424,0.10093866,0.10093866,1.0,0.00018751532,0.0018577155,-26.91428,2.191117,0.73037237,0.16000001,0.0,0.17189848,3.474997,3.484997,1171200
hardzero_plus_depr__c0p52__z1p00__lam0p010__nu0p50__psi1p00,hardzero_plus_depr,0.06,37,366,0.0,2,0.19737093,0.19756193,0.98361135,0.10384572,0.10384572,1.0,0.00019099626,0.0018392309,-27.814838,2.163988,0.7213294,0.224,0.0,0.15025264,3.484997,3.494997,1174400
hardzero_plus_depr__c0p52__z1p00__lam0p010__nu0p50__psi1p00,hardzero_plus_depr,0.06,37,367,0.0,2,0.19756193,0.19756193,1.0364313,0.0,0.09195359,0.0,0.0,0.0018209303,-27.388033,2.2801945,0.76006484,0.16000001,0.008,0.19856176,3.494997,3.504997,1177600
hardzero_plus_depr__c0p52__z1p00__lam0p010__nu0p50__psi1p00,hardzero_plus_depr,0.06,37,368,0.0,2,0.19756193,0.19774446,0.9946411,0.10124158,0.10124158,1.0,0.0001825195,0.0018028117,-27.010239,2.188254,0.72941804,0.17600001,0.0,0.18136553,3.504997,3.514997,1180800
hardzero_plus_depr__c0p52__z1p00__lam0p010__nu0p50__psi1p00,hardzero_plus_depr,0.06,37,369,0.0,2,0.19774446,0.19774446,1.0051605,0.0,0.0988188,0.0,0.0,0.0017848735,-26.301167,2.2113972,0.73713243,0.2,0.0,0.16330154,3.514997,3.524997,1184000
hardzero_plus_depr__c0p52__z1p00__lam0p010__nu0p50__psi1p00,hardzero_plus_depr,0.06,37,370,0.0,2,0.19774446,0.19774446,1.0722497,0.0,0.08467406,0.0,0.0,0.0017671138,-27.631737,2.3589964,0.78633213,0.15200001,0.0,0.18271026,3.524997,3.534997,1187200
hardzero_plus_depr__c0p52__z1p00__lam0p010__nu0p50__psi1p00,hardzero_plus_depr,0.06,37,371,0.0,2,0.19774446,0.19774446,1.0095283,0.0,0.09782991,0.0,0.0,0.0017495307,-26.481806,2.2210066,0.7403356,0.192,0.0,0.16008729,3.534997,3.544997,1190400
hardzero_plus_depr__c0p52__z1p00__lam0p010__nu0p50__psi1p00,hardzero_plus_depr,0.06,37,372,0.0,2,0.19774446,0.19774446,1.0278744,0.0,0.093783334,0.0,0.0,0.0017321225,-28.170439,2.2613688,0.7537896,0.16800001,0.0,0.21281677,3.544997,3.554997,1193600
hardzero_plus_depr__c0p52__z1p00__lam0p010__nu0p50__psi1p00,hardzero_plus_depr,0.06,37,373,0.0,2,0.19774446,0.19774446,1.0003858,0.0,0.099911205,0.0,0.0,0.0017148876,-27.018526,2.2008927,0.7336309,0.16800001,0.0,0.18721935,3.554997,3.564997,1196800
hardzero_plus_depr__c0p52__z1p00__lam0p010__nu0p50__psi1p00,hardzero_plus_depr,0.06,37,374,0.0,2,0.19774446,0.19774446,1.0468528,0.0,0.08977329,0.0,0.0,0.0016978242,-27.457693,2.3031223,0.76770747,0.128,0.0,0.1769087,3.564997,3.574997,1200000
hardzero_plus_depr__c0p52__z1p00__lam0p010__nu0p50__psi1p00,hardzero_plus_depr,0.06,37,375,0.0,2,0.19774446,0.19774446,1.0386542,0.0,0.091484144,0.0,0.0,0.0016809306,-27.418509,2.285085,0.761695,0.15200001,0.0,0.18371156,3.574997,3.584997,1203200
hardzero_plus_depr__c0p52__z1p00__lam0p010__nu0p50__psi1p00,hardzero_plus_depr,0.06,37,376,0.0,2,0.19774446,0.19774446,1.0250814,0.0,0.09438839,0.0,0.0,0.0016642051,-26.779385,2.255224,0.75174135,0.15200001,0.0,0.18634345,3.584997,3.594997,1206400
hardzero_plus_depr__c0p52__z1p00__lam0p010__nu0p50__psi1p00,hardzero_plus_depr,0.06,37,377,0.0,2,0.19774446,0.19774446,1.0414467,0.0,0.09089779,0.0,0.0,0.0016476461,-28.280277,2.2912285,0.76374286,0.11,0.0,0.18246172,3.594997,3.604997,1209600
hardzero_plus_depr__c0p52__z1p00__lam0p010__nu0p50__psi1p00,hardzero_plus_depr,0.06,37,378,0.0,2,0.19774446,0.19790927,0.9955534,0.10102912,0.10102912,1.0,0.00016480393,0.0016312518,-26.072506,2.1902611,0.73008704,0.16800001,0.0,0.16850065,3.604997,3.614997,1212800
hardzero_plus_depr__c0p52__z1p00__lam0p010__nu0p50__psi1p00,hardzero_plus_depr,0.06,37,379,0.0,2,0.19790927,0.19790927,1.0433278,0.0,0.090504915,0.0,0.0,0.0016150204,-27.431526,2.295367,0.76512235,0.14400001,0.0,0.17997149,3.614997,3.624997,1216000
hardzero_plus_depr__c0p52__z1p00__lam0p010__nu0p50__psi1p00,hardzero_plus_depr,0.06,37,380,0.0,2,0.19790927,0.19807379,0.9876067,0.10289476,0.10289476,1.0,0.00016452366,0.0015989508,-26.736368,2.1727781,0.7242594,0.2,0.0,0.17301702,3.624997,3.634997,1219200
hardzero_plus_depr__c0p52__z1p00__lam0p010__nu0p50__psi1p00,hardzero_plus_depr,0.06,37,381,0.0,2,0.19807379,0.19807379,1.0191253,0.0,0.09569178,0.0,0.0,0.0015830409,-27.854383,2.2421205,0.7473735,0.16000001,0.0,0.18356219,3.634997,3.644997,1222400
hardzero_plus_depr__c0p52__z1p00__lam0p010__nu0p50__psi1p00,hardzero_plus_depr,0.06,37,382,0.0,2,0.19807379,0.19807379,1.0316006,0.0,0.09298211,0.0,0.0,0.0015672895,-27.62743,2.2695665,0.7565222,0.16800001,0.0,0.19103473,3.644997,3.6549969,1225600
hardzero_plus_depr__c0p52__z1p00__lam0p010__nu0p50__psi1p00,hardzero_plus_depr,0.06,37,383,0.0,2,0.19807379,0.19823493,0.98361456,0.10384495,0.10384495,1.0,0.00016113566,0.0015516947,-26.451982,2.1639953,0.7213318,0.104,0.0,0.1727279,3.6549969,3.6649969,1228800
hardzero_plus_depr__c0p52__z1p00__lam0p010__nu0p50__psi1p00,hardzero_plus_depr,0.06,37,384,0.0,2,0.19823493,0.1983967,0.97759265,0.10529489,0.10529489,1.0,0.00016175982,0.0015362551,-26.108274,2.1507468,0.7169156,0.16000001,0.0,0.17066653,3.6649969,3.6749969,1232000
hardzero_plus_depr__c0p52__z1p00__lam0p010__nu0p50__psi1p00,hardzero_plus_depr,0.06,37,385,0.0,2,0.1983967,0.19855088,0.9940882,0.10137056,0.10137056,1.0,0.00015418149,0.0015209691,-26.941763,2.1870377,0.7290126,0.16000001,0.0,0.19832891,3.6749969,3.6849968,1235200
hardzero_plus_depr__c0p52__z1p00__lam0p010__nu0p50__psi1p00,hardzero_plus_depr,0.06,37,386,0.0,2,0.19855088,0.19871645,0.95880175,0.10995075,0.10995075,1.0,0.00016556772,0.0015058352,-25.843103,2.109406,0.7031354,0.2,0.0,0.17456092,3.6849968,3.6949968,1238400
hardzero_plus_depr__c0p52__z1p00__lam0p010__nu0p50__psi1p00,hardzero_plus_depr,0.06,37,387,0.0,2,0.19871645,0.19887048,0.9858091,0.103321545,0.103321545,1.0,0.00015403712,0.0014908519,-26.73326,2.1688232,0.7229411,0.14400001,0.0,0.17639911,3.6949968,3.7049968,1241600
hardzero_plus_depr__c0p52__z1p00__lam0p010__nu0p50__psi1p00,hardzero_plus_depr,0.06,37,388,0.0,2,0.19887048,0.19887048,1.0493295,0.0,0.08926279,0.0,0.0,0.0014760178,-27.54015,2.308571,0.76952374,0.128,0.0,0.17764533,3.7049968,3.7149968,1244800
hardzero_plus_depr__c0p52__z1p00__lam0p010__nu0p50__psi1p00,hardzero_plus_depr,0.06,37,389,0.0,2,0.19887048,0.19887048,1.0055083,0.0,0.09873967,0.0,0.0,0.0014613312,-27.737661,2.2121625,0.73738754,0.192,0.0,0.17647718,3.7149968,3.7249968,1248000
hardzero_plus_depr__c0p52__z1p00__lam0p010__nu0p50__psi1p00,hardzero_plus_depr,0.06,37,390,0.0,2,0.19887048,0.19887048,1.0982939,0.0,0.07974548,0.0,0.0,0.0014467906,-28.232832,2.4162948,0.8054316,0.06,0.0,0.21828817,3.7249968,3.7349968,1251200
hardzero_plus_depr__c0p52__z1p00__lam0p010__nu0p50__psi1p00,hardzero_plus_depr,0.06,37,391,0.0,2,0.19887048,0.19901852,0.9856891,0.103350095,0.103350095,1.0,0.00014803816,0.001432395,-26.25058,2.1685593,0.7228531,0.192,0.0,0.16316785,3.7349968,3.7449968,1254400
hardzero_plus_depr__c0p52__z1p00__lam0p010__nu0p50__psi1p00,hardzero_plus_depr,0.06,37,392,0.0,2,0.19901852,0.19916724,0.9793677,0.10486543,0.10486543,1.0,0.00014871411,0.0014181423,-26.385519,2.1546519,0.7182173,0.16800001,0.0,0.17656524,3.7449968,3.7549968,1257600
hardzero_plus_depr__c0p52__z1p00__lam0p010__nu0p50__psi1p00,hardzero_plus_depr,0.06,37,393,0.0,2,0.19916724,0.19916724,1.0718292,0.0,0.08475606,0.0,0.0,0.0014040315,-28.00335,2.3580713,0.7860238,0.120000005,0.0,0.18370375,3.7549968,3.7649968,1260800
hardzero_plus_depr__c0p52__z1p00__lam0p010__nu0p50__psi1p00,hardzero_plus_depr,0.06,37,394,0.0,2,0.19916724,0.19916724,1.031591,0.0,0.092984155,0.0,0.0,0.0013900611,-27.088905,2.2695456,0.7565152,0.136,0.0,0.1828271,3.7649968,3.7749968,1264000
hardzero_plus_depr__c0p52__z1p00__lam0p010__nu0p50__psi1p00,hardzero_plus_depr,0.06,37,395,0.0,2,0.19916724,0.19916724,1.0427289,0.0,0.09062981,0.0,0.0,0.0013762299,-27.04601,2.2940493,0.7646831,0.128,0.0,0.18482593,3.7749968,3.7849967,1267200
hardzero_plus_depr__c0p52__z1p00__lam0p010__nu0p50__psi1p00,hardzero_plus_depr,0.06,37,396,0.0,2,0.19916724,0.19931297,0.9708056,0.106953345,0.106953345,1.0,0.00014572781,0.0013625362,-26.466213,2.135815,0.7119383,0.2,0.0,0.16580646,3.7849967,3.7949967,1270400
hardzero_plus_depr__c0p52__z1p00__lam0p010__nu0p50__psi1p00,hardzero_plus_depr,0.06,37,397,0.0,2,0.19931297,0.19931297,1.026307,0.0,0.0941224,0.0,0.0,0.0013489787,-27.24766,2.2579205,0.7526402,0.128,0.0,0.17350355,3.7949967,3.8049967,1273600
hardzero_plus_depr__c0p52__z1p00__lam0p010__nu0p50__psi1p00,hardzero_plus_depr,0.06,37,398,0.0,2,0.19931297,0.19931297,1.0471267,0.0,0.08971672,0.0,0.0,0.0013355563,-26.85454,2.3037245,0.7679082,0.15200001,0.0,0.16919136,3.8049967,3.8149967,1276800
hardzero_plus_depr__c0p52__z1p00__lam0p010__nu0p50__psi1p00,hardzero_plus_depr,0.06,37,399,0.0,2,0.19931297,0.19931297,1.0060705,0.0,0.09861194,0.0,0.0,0.0013222672,-26.893642,2.2133992,0.73779976,0.17600001,0.0,0.21484777,3.8149967,3.8249967,1280000
hardzero_plus_depr__c0p52__z1p00__lam0p010__nu0p50__psi1p00,hardzero_plus_depr,0.06,37,400,0.0,2,0.19931297,0.19931297,1.0225528,0.0,0.09493954,0.0,0.0,0.0013091103,-27.090946,2.2496612,0.7498871,0.15200001,0.0,0.17714672,3.8249967,3.8349967,1283200
hardzero_plus_depr__c0p52__z1p00__lam0p010__nu0p50__psi1p00,hardzero_plus_depr,0.06,37,401,0.0,2,0.19931297,0.19931297,1.0513816,0.0,0.08884202,0.0,0.0,0.0012960846,-27.70069,2.3130856,0.7710285,0.16800001,0.0,0.18828264,3.8349967,3.8449967,1286400
hardzero_plus_depr__c0p52__z1p00__lam0p010__nu0p50__psi1p00,hardzero_plus_depr,0.06,37,402,0.0,2,0.19931297,0.19931297,1.0262775,0.0,0.09412878,0.0,0.0,0.0012831884,-26.856955,2.2578557,0.75261855,0.192,0.0,0.19770968,3.8449967,3.8549967,1289600
hardzero_plus_depr__c0p52__z1p00__lam0p010__nu0p50__psi1p00,hardzero_plus_depr,0.06,37,403,0.0,2,0.19931297,0.19931297,1.0132585,0.0,0.096993245,0.0,0.0,0.0012704205,-27.293798,2.2292132,0.7430711,0.11,0.0,0.20218223,3.8549967,3.8649967,1292800
hardzero_plus_depr__c0p52__z1p00__lam0p010__nu0p50__psi1p00,hardzero_plus_depr,0.06,37,404,0.0,2,0.19931297,0.19944482,0.9795477,0.104821965,0.104821965,1.0,0.00013184293,0.0012577795,-26.329758,2.155048,0.71834934,0.17600001,0.0,0.15873517,3.8649967,3.8749967,1296000
hardzero_plus_depr__c0p52__z1p00__lam0p010__nu0p50__psi1p00,hardzero_plus_depr,0.06,37,405,0.0,2,0.19944482,0.19944482,1.0153588,0.0,0.09652531,0.0,0.0,0.0012452644,-27.552254,2.233834,0.7446114,0.136,0.0,0.1705279,3.8749967,3.8849967,1299200
hardzero_plus_depr__c0p52__z1p00__lam0p010__nu0p50__psi1p00,hardzero_plus_depr,0.06,37,406,0.0,2,0.19944482,0.19944482,1.0610335,0.0,0.086889334,0.0,0.0,0.0012328739,-28.523657,2.3343203,0.7781068,0.128,0.0,0.18040131,3.8849967,3.8949966,1302400
hardzero_plus_depr__c0p52__z1p00__lam0p010__nu0p50__psi1p00,hardzero_plus_depr,0.06,37,407,0.0,2,0.19944482,0.19944482,1.0355284,0.0,0.092144966,0.0,0.0,0.0012206066,-27.566494,2.278208,0.7594027,0.136,0.0,0.18435352,3.8949966,3.9049966,1305600
hardzero_plus_depr__c0p52__z1p00__lam0p010__nu0p50__psi1p00,hardzero_plus_depr,0.06,37,408,0.0,2,0.19944482,0.19944482,1.0206658,0.0,0.09535296,0.0,0.0,0.0012084614,-26.214268,2.2455096,0.7485032,0.15200001,0.0,0.18651444,3.9049966,3.9149966,1308800
hardzero_plus_depr__c0p52__z1p00__lam0p010__nu0p50__psi1p00,hardzero_plus_depr,0.06,37,409,0.0,2,0.19944482,0.19944482,1.0588675,0.0,0.08732377,0.0,0.0,0.0011964369,-28.155739,2.329555,0.77651834,0.120000005,0.0,0.1919499,3.9149966,3.9249966,1312000
hardzero_plus_depr__c0p52__z1p00__lam0p010__nu0p50__psi1p00,hardzero_plus_depr,0.06,37,410,0.0,2,0.19944482,0.19944482,1.0459415,0.0,0.08996188,0.0,0.0,0.0011845322,-27.517355,2.3011172,0.76703906,0.120000005,0.0,0.18360561,3.9249966,3.9349966,1315200
hardzero_plus_depr__c0p52__z1p00__lam0p010__nu0p50__psi1p00,hardzero_plus_depr,0.06,37,411,0.0,2,0.19944482,0.19944482,1.0434767,0.0,0.09047389,0.0,0.0,0.001172746,-28.333826,2.2956946,0.76523155,0.136,0.0,0.203089,3.9349966,3.9449966,1318400
hardzero_plus_depr__c0p52__z1p00__lam0p010__nu0p50__psi1p00,hardzero_plus_depr,0.06,37,412,0.0,2,0.19944482,0.19944482,1.0050712,0.0,0.09883911,0.0,0.0,0.0011610768,-27.183561,2.2112007,0.7370669,0.128,0.0,0.19140233,3.9449966,3.9549966,1321600
hardzero_plus_depr__c0p52__z1p00__lam0p010__nu0p50__psi1p00,hardzero_plus_depr,0.06,37,413,0.0,2,0.19944482,0.19956343,0.9864119,0.10317822,0.10317822,1.0,0.000118605836,0.001149524,-27.255838,2.1701496,0.7233832,0.192,0.0,0.1712041,3.9549966,3.9649966,1324800
hardzero_plus_depr__c0p52__z1p00__lam0p010__nu0p50__psi1p00,hardzero_plus_depr,0.06,37,414,0.0,2,0.19956343,0.19956343,1.0253164,0.0,0.094337344,0.0,0.0,0.0011380861,-27.233313,2.2557411,0.7519137,0.16000001,0.0,0.16945115,3.9649966,3.9749966,1328000
hardzero_plus_depr__c0p52__z1p00__lam0p010__nu0p50__psi1p00,hardzero_plus_depr,0.06,37,415,0.0,2,0.19956343,0.19956343,1.0419292,0.0,0.090796836,0.0,0.0,0.0011267619,-28.320139,2.2922902,0.76409674,0.16800001,0.0,0.19103736,3.9749966,3.9849966,1331200
hardzero_plus_depr__c0p52__z1p00__lam0p010__nu0p50__psi1p00,hardzero_plus_depr,0.06,37,416,0.0,2,0.19956343,0.19956343,1.0930947,0.0,0.080705896,0.0,0.0,0.0011155505,-27.850239,2.4048564,0.8016188,0.099999994,0.0,0.19996235,3.9849966,3.9949965,1334400
hardzero_plus_depr__c0p52__z1p00__lam0p010__nu0p50__psi1p00,hardzero_plus_depr,0.06,37,417,0.0,2,0.19956343,0.19956343,1.0426904,0.0,0.09063785,0.0,0.0,0.0011044507,-27.652033,2.2939646,0.7646549,0.112,0.0,0.2093941,3.9949965,4.004997,1337600
hardzero_plus_depr__c0p52__z1p00__lam0p010__nu0p50__psi1p00,hardzero_plus_depr,0.06,37,418,0.0,2,0.19956343,0.19956343,1.0111437,0.0,0.0974667,0.0,0.0,0.0010934608,-27.244532,2.2245605,0.74152017,0.16000001,0.0,0.18532068,4.004997,4.014997,1340800
hardzero_plus_depr__c0p52__z1p00__lam0p010__nu0p50__psi1p00,hardzero_plus_depr,0.06,37,419,0.0,2,0.19956343,0.19967204,0.9985733,0.10032905,0.10032905,1.0,0.00010861427,0.0010825805,-26.574017,2.1969051,0.7323017,0.136,0.0,0.1558285,4.014997,4.024997,1344000
hardzero_plus_depr__c0p52__z1p00__lam0p010__nu0p50__psi1p00,hardzero_plus_depr,0.06,37,420,0.0,2,0.19967204,0.19967204,1.0273714,0.0,0.09389199,0.0,0.0,0.0010718084,-27.716084,2.2602623,0.75342077,0.14400001,0.0,0.16998443,4.024997,4.0349975,1347200
hardzero_plus_depr__c0p52__z1p00__lam0p010__nu0p50__psi1p00,hardzero_plus_depr,0.06,37,421,0.0,2,0.19967204,0.19979408,0.93924725,0.11501452,0.11501452,1.0,0.00012204691,0.0010611435,-25.811903,2.0663853,0.6887951,0.224,0.0,0.16731453,4.0349975,4.0449977,1350400
hardzero_plus_depr__c0p52__z1p00__lam0p010__nu0p50__psi1p00,hardzero_plus_depr,0.06,37,422,0.0,2,0.19979408,0.19979408,1.0264926,0.0,0.09408218,0.0,0.0,0.0010505847,-27.6614,2.258329,0.7527763,0.2,0.0,0.17122251,4.0449977,4.054998,1353600
hardzero_plus_depr__c0p52__z1p00__lam0p010__nu0p50__psi1p00,hardzero_plus_depr,0.06,37,423,0.0,2,0.19979408,0.19979408,1.0604764,0.0,0.087000854,0.0,0.0,0.0010401309,-28.30583,2.3330946,0.7776982,0.072000004,0.0,0.20912512,4.054998,4.064998,1356800
hardzero_plus_depr__c0p52__z1p00__lam0p010__nu0p50__psi1p00,hardzero_plus_depr,0.06,37,424,0.0,2,0.19979408,0.19979408,1.053058,0.0,0.088499725,0.0,0.0,0.0010297813,-27.52815,2.316774,0.772258,0.192,0.0,0.20690708,4.064998,4.0749984,1360000
hardzero_plus_depr__c0p52__z1p00__lam0p010__nu0p50__psi1p00,hardzero_plus_depr,0.06,37,425,0.0,2,0.19979408,0.19979408,1.0180105,0.0,0.09593774,0.0,0.0,0.0010195345,-27.332497,2.239668,0.746556,0.16800001,0.0,0.2057905,4.0749984,4.0849986,1363200
hardzero_plus_depr__c0p52__z1p00__lam0p010__nu0p50__psi1p00,hardzero_plus_depr,0.06,37,426,0.0,2,0.19979408,0.19979408,1.0134449,0.0,0.096951626,0.0,0.0,0.0010093896,-27.156347,2.2296233,0.7432078,0.128,0.0,0.19036782,4.0849986,4.094999,1366400
hardzero_plus_depr__c0p52__z1p00__lam0p010__nu0p50__psi1p00,hardzero_plus_depr,0.06,37,427,0.0,2,0.19979408,0.19990051,0.97265685,0.106498405,0.106498405,1.0,0.00010642876,0.000999346,-25.603891,2.1398878,0.71329594,0.17600001,0.0,0.15228869,4.094999,4.104999,1369600
hardzero_plus_depr__c0p52__z1p00__lam0p010__nu0p50__psi1p00,hardzero_plus_depr,0.06,37,428,0.0,2,0.19990051,0.19990051,1.0614232,0.0,0.08681141,0.0,0.0,0.0009894021,-28.020208,2.3351777,0.77839255,0.14400001,0.0,0.17743981,4.104999,4.1149993,1372800
hardzero_plus_depr__c0p52__z1p00__lam0p010__nu0p50__psi1p00,hardzero_plus_depr,0.06,37,429,0.0,2,0.19990051,0.19990051,1.0049111,0.0,0.09887555,0.0,0.0,0.0009795572,-26.448046,2.2108486,0.73694956,0.22,0.0,0.18174578,4.1149993,4.1249995,1376000
hardzero_plus_depr__c0p52__z1p00__lam0p010__nu0p50__psi1p00,hardzero_plus_depr,0.06,37,430,0.0,2,0.19990051,0.19990051,1.0030997,0.0,0.099288814,0.0,0.0,0.0009698101,-26.71627,2.2068634,0.73562115,0.16000001,0.0,0.18697174,4.1249995,4.1349998,1379200
hardzero_plus_depr__c0p52__z1p00__lam0p010__nu0p50__psi1p00,hardzero_plus_depr,0.06,37,431,0.0,2,0.19990051,0.19990051,1.0807472,0.0,0.08303338,0.0,0.0,0.00096016005,-28.643913,2.3776915,0.79256386,0.112,0.0,0.18927486,4.1349998,4.145,1382400
hardzero_plus_depr__c0p52__z1p00__lam0p010__nu0p50__psi1p00,hardzero_plus_depr,0.06,37,432,0.0,2,0.19990051,0.19999845,0.98702955,0.10303159,0.10303159,1.0,9.794246e-05,0.00095060613,-26.707712,2.1715083,0.7238361,0.216,0.0,0.19372378,4.145,4.155,1385600
hardzero_plus_depr__c0p52__z1p00__lam0p010__nu0p50__psi1p00,hardzero_plus_depr,0.06,37,433,0.0,2,0.19999845,0.19999845,1.0007033,0.0,0.09983817,0.0,0.0,0.0009411472,-27.070719,2.2015913,0.7338638,0.16000001,0.0,0.16705379,4.155,4.1650004,1388800
hardzero_plus_depr__c0p52__z1p00__lam0p010__nu0p50__psi1p00,hardzero_plus_depr,0.06,37,434,0.0,2,0.19999845,0.19999845,1.0516361,0.0,0.08878997,0.0,0.0,0.0009317825,-27.976255,2.3136456,0.7712152,0.14400001,0.0,0.1945844,4.1650004,4.1750007,1392000
hardzero_plus_depr__c0p52__z1p00__lam0p010__nu0p50__psi1p00,hardzero_plus_depr,0.06,37,435,0.0,2,0.19999845,0.19999845,1.0017214,0.0,0.09960441,0.0,0.0,0.0009225109,-27.367592,2.203831,0.7346103,0.15200001,0.0,0.17029817,4.1750007,4.185001,1395200
hardzero_plus_depr__c0p52__z1p00__lam0p010__nu0p50__psi1p00,hardzero_plus_depr,0.06,37,436,0.0,2,0.19999845,0.19999845,1.0033339,0.0,0.09923528,0.0,0.0,0.0009133315,-27.006285,2.2073786,0.7357929,0.192,0.0,0.1598256,4.185001,4.195001,1398400
hardzero_plus_depr__c0p52__z1p00__lam0p010__nu0p50__psi1p00,hardzero_plus_depr,0.06,37,437,0.0,2,0.19999845,0.20009798,0.9583412,0.11006742,0.11006742,1.0,9.952775e-05,0.00090424356,-25.999918,2.1083927,0.7027976,0.216,0.0,0.17215405,4.195001,4.2050014,1401600
hardzero_plus_depr__c0p52__z1p00__lam0p010__nu0p50__psi1p00,hardzero_plus_depr,0.06,37,438,0.0,2,0.20009798,0.20019658,0.95804894,0.11014152,0.11014152,1.0,9.860375e-05,0.00089524593,-25.201117,2.1077497,0.70258325,0.120000005,0.0,0.15763317,4.2050014,4.2150016,1404800
hardzero_plus_depr__c0p52__z1p00__lam0p010__nu0p50__psi1p00,hardzero_plus_depr,0.06,37,439,0.0,2,0.20019658,0.20028669,0.9928192,0.10166717,0.10166717,1.0,9.011146e-05,0.00088633783,-26.385677,2.1842458,0.72808194,0.2,0.0,0.17153272,4.2150016,4.225002,1408000
hardzero_plus_depr__c0p52__z1p00__lam0p010__nu0p50__psi1p00,hardzero_plus_depr,0.06,37,440,0.0,2,0.20028669,0.2003801,0.9728041,0.10646231,0.10646231,1.0,9.342264e-05,0.0008775185,-26.19678,2.1402118,0.71340394,0.136,0.0,0.18587449,4.225002,4.235002,1411200
hardzero_plus_depr__c0p52__z1p00__lam0p010__nu0p50__psi1p00,hardzero_plus_depr,0.06,37,441,0.0,2,0.2003801,0.2003801,1.031089,0.0,0.09309172,0.0,0.0,0.0008687869,-27.286585,2.268441,0.756147,0.14400001,0.0,0.16326435,4.235002,4.2450023,1414400
hardzero_plus_depr__c0p52__z1p00__lam0p010__nu0p50__psi1p00,hardzero_plus_depr,0.06,37,442,0.0,2,0.2003801,0.20046917,0.98488045,0.103542715,0.103542715,1.0,8.906145e-05,0.00086014206,-26.443394,2.1667802,0.7222601,0.17,0.0,0.16790558,4.2450023,4.2550025,1417600
hardzero_plus_depr__c0p52__z1p00__lam0p010__nu0p50__psi1p00,hardzero_plus_depr,0.06,37,443,0.0,2,0.20046917,0.20046917,1.0106323,0.0,0.09758154,0.0,0.0,0.0008515833,-26.615324,2.2234354,0.74114513,0.24000001,0.0,0.18606745,4.2550025,4.2650027,1420800
hardzero_plus_depr__c0p52__z1p00__lam0p010__nu0p50__psi1p00,hardzero_plus_depr,0.06,37,444,0.0,2,0.20046917,0.2005536,0.9993642,0.100146495,0.100146495,1.0,8.4434476e-05,0.0008431097,-26.784416,2.198645,0.7328817,0.216,0.0,0.14966762,4.2650027,4.275003,1424000
hardzero_plus_depr__c0p52__z1p00__lam0p010__nu0p50__psi1p00,hardzero_plus_depr,0.06,37,445,0.0,2,0.2005536,0.20063794,0.9955326,0.10103396,0.10103396,1.0,8.4335115e-05,0.00083472044,-27.344452,2.1902153,0.7300718,0.216,0.0,0.18236116,4.275003,4.285003,1427200
hardzero_plus_depr__c0p52__z1p00__lam0p010__nu0p50__psi1p00,hardzero_plus_depr,0.06,37,446,0.0,2,0.20063794,0.20063794,1.004731,0.0,0.098916546,0.0,0.0,0.0008264147,-26.599379,2.2104526,0.73681754,0.24000001,0.0,0.17531203,4.285003,4.2950034,1430400
hardzero_plus_depr__c0p52__z1p00__lam0p010__nu0p50__psi1p00,hardzero_plus_depr,0.06,37,447,0.0,2,0.20063794,0.20072581,0.96899766,0.10739953,0.10739953,1.0,8.7873384e-05,0.0008181915,-26.04596,2.1318374,0.7106125,0.16800001,0.0,0.16310158,4.2950034,4.3050036,1433600
hardzero_plus_depr__c0p52__z1p00__lam0p010__nu0p50__psi1p00,hardzero_plus_depr,0.06,37,448,0.0,2,0.20072581,0.20072581,1.0098464,0.0,0.09775828,0.0,0.0,0.0008100502,-27.508808,2.2217066,0.7405689,0.104,0.0,0.17380297,4.3050036,4.315004,1436800
hardzero_plus_depr__c0p52__z1p00__lam0p010__nu0p50__psi1p00,hardzero_plus_depr,0.06,37,449,0.0,2,0.20072581,0.20072581,1.0621798,0.0,0.08666029,0.0,0.0,0.0008019898,-28.04413,2.3368423,0.7789475,0.16800001,0.0,0.19851974,4.315004,4.325004,1440000
hardzero_plus_depr__c0p52__z1p00__lam0p010__nu0p50__psi1p00,hardzero_plus_depr,0.06,37,450,0.0,2,0.20072581,0.2008097,0.97612816,0.10565057,0.10565057,1.0,8.388758e-05,0.0007940098,-26.527521,2.1475248,0.71584165,0.208,0.0,0.16079266,4.325004,4.3350043,1443200
hardzero_plus_depr__c0p52__z1p00__lam0p010__nu0p50__psi1p00,hardzero_plus_depr,0.06,37,451,0.0,2,0.2008097,0.20089564,0.961304,0.10931908,0.10931908,1.0,8.593672e-05,0.00078610907,-25.672398,2.114911,0.70497036,0.208,0.0,0.19365613,4.3350043,4.3450046,1446400
hardzero_plus_depr__c0p52__z1p00__lam0p010__nu0p50__psi1p00,hardzero_plus_depr,0.06,37,452,0.0,2,0.20089564,0.20097837,0.9734616,0.106301256,0.106301256,1.0,8.273288e-05,0.00077828695,-25.852087,2.1416583,0.71388614,0.16800001,0.0,0.1645334,4.3450046,4.355005,1449600
hardzero_plus_depr__c0p52__z1p00__lam0p010__nu0p50__psi1p00,hardzero_plus_depr,0.06,37,453,0.0,2,0.20097837,0.20097837,1.0149833,0.0,0.096608795,0.0,0.0,0.0007705427,-26.240112,2.233008,0.744336,0.16000001,0.0,0.20957896,4.355005,4.365005,1452800
hardzero_plus_depr__c0p52__z1p00__lam0p010__nu0p50__psi1p00,hardzero_plus_depr,0.06,37,454,0.0,2,0.20097837,0.20097837,1.0166249,0.0,0.09624431,0.0,0.0,0.0007628754,-26.795458,2.2366195,0.74553984,0.16000001,0.0,0.18682243,4.365005,4.3750052,1456000
hardzero_plus_depr__c0p52__z1p00__lam0p010__nu0p50__psi1p00,hardzero_plus_depr,0.06,37,455,0.0,2,0.20097837,0.20097837,1.0020038,0.0,0.099539675,0.0,0.0,0.0007552846,-26.840918,2.2044523,0.73481745,0.12,0.0,0.16860647,4.3750052,4.3850055,1459200
hardzero_plus_depr__c0p52__z1p00__lam0p010__nu0p50__psi1p00,hardzero_plus_depr,0.06,37,456,0.0,2,0.20097837,0.20097837,1.0374801,0.0,0.091731794,0.0,0.0,0.0007477692,-28.415308,2.282502,0.760834,0.128,0.0,0.1761516,4.3850055,4.3950057,1462400
hardzero_plus_depr__c0p52__z1p00__lam0p010__nu0p50__psi1p00,hardzero_plus_depr,0.06,37,457,0.0,2,0.20097837,0.20097837,1.0351007,0.0,0.09223577,0.0,0.0,0.0007403286,-26.821217,2.277267,0.759089,0.192,0.0,0.18114391,4.3950057,4.405006,1465600
hardzero_plus_depr__c0p52__z1p00__lam0p010__nu0p50__psi1p00,hardzero_plus_depr,0.06,37,458,0.0,2,0.20097837,0.20097837,1.001849,0.0,0.09957513,0.0,0.0,0.000732962,-26.391134,2.2041118,0.73470396,0.14400001,0.0,0.19738662,4.405006,4.415006,1468800
hardzero_plus_depr__c0p52__z1p00__lam0p010__nu0p50__psi1p00,hardzero_plus_depr,0.06,37,459,0.0,2,0.20097837,0.20097837,1.0009167,0.0,0.09978914,0.0,0.0,0.00072566874,-27.547693,2.2020607,0.73402023,0.120000005,0.0,0.19500905,4.415006,4.4250064,1472000
hardzero_plus_depr__c0p52__z1p00__lam0p010__nu0p50__psi1p00,hardzero_plus_depr,0.06,37,460,0.0,2,0.20097837,0.20097837,1.0228384,0.0,0.094877146,0.0,0.0,0.00071844814,-27.606659,2.2502892,0.75009644,0.2,0.0,0.18965973,4.4250064,4.4350066,1475200
hardzero_plus_depr__c0p52__z1p00__lam0p010__nu0p50__psi1p00,hardzero_plus_depr,0.06,37,461,0.0,2,0.20097837,0.20105141,0.9884939,0.10268479,0.10268479,1.0,7.303961e-05,0.00071129925,-26.12402,2.17473,0.72491,0.17600001,0.0,0.2103226,4.4350066,4.445007,1478400
hardzero_plus_depr__c0p52__z1p00__lam0p010__nu0p50__psi1p00,hardzero_plus_depr,0.06,37,462,0.0,2,0.20105141,0.20105141,1.004501,0.0,0.09896897,0.0,0.0,0.00070422154,-27.203684,2.2099464,0.7366488,0.192,0.0,0.17543219,4.445007,4.455007,1481600
hardzero_plus_depr__c0p52__z1p00__lam0p010__nu0p50__psi1p00,hardzero_plus_depr,0.06,37,463,0.0,2,0.20105141,0.20105141,1.0243845,0.0,0.09453998,0.0,0.0,0.0006972142,-27.90954,2.253691,0.75123036,0.17600001,0.008,0.18620566,4.455007,4.4650073,1484800
hardzero_plus_depr__c0p52__z1p00__lam0p010__nu0p50__psi1p00,hardzero_plus_depr,0.06,37,464,0.0,2,0.20105141,0.20105141,1.0263057,0.0,0.0941227,0.0,0.0,0.0006902767,-27.895252,2.2579176,0.75263923,0.112,0.0,0.16262946,4.4650073,4.4750075,1488000
hardzero_plus_depr__c0p52__z1p00__lam0p010__nu0p50__psi1p00,hardzero_plus_depr,0.06,37,465,0.0,2,0.20105141,0.20112503,0.967776,0.107702054,0.107702054,1.0,7.360446e-05,0.0006834082,-25.665224,2.1291497,0.70971656,0.15200001,0.0,0.1325304,4.4750075,4.485008,1491200
hardzero_plus_depr__c0p52__z1p00__lam0p010__nu0p50__psi1p00,hardzero_plus_depr,0.06,37,466,0.0,2,0.20112503,0.20112503,1.0386102,0.0,0.09149339,0.0,0.0,0.000676608,-27.057627,2.2849882,0.7616627,0.17600001,0.0,0.18467222,4.485008,4.495008,1494400
hardzero_plus_depr__c0p52__z1p00__lam0p010__nu0p50__psi1p00,hardzero_plus_depr,0.06,37,467,0.0,2,0.20112503,0.20112503,1.0377915,0.0,0.09166606,0.0,0.0,0.0006698755,-26.740023,2.283187,0.7610623,0.104,0.0,0.17754629,4.495008,4.505008,1497600
hardzero_plus_depr__c0p52__z1p00__lam0p010__nu0p50__psi1p00,hardzero_plus_depr,0.06,37,468,0.0,2,0.20112503,0.20112503,1.0359975,0.0,0.09204547,0.0,0.0,0.00066320994,-27.710192,2.2792401,0.75974673,0.089999996,0.0,0.15641522,4.505008,4.5150084,1500800
hardzero_plus_depr__c0p52__z1p00__lam0p010__nu0p50__psi1p00,hardzero_plus_depr,0.06,37,469,0.0,2,0.20112503,0.20119724,0.95872176,0.109971024,0.109971024,1.0,7.220815e-05,0.0006566107,-25.506025,2.10923,0.7030767,0.14400001,0.0,0.1614549,4.5150084,4.5250087,1504000
hardzero_plus_depr__c0p52__z1p00__lam0p010__nu0p50__psi1p00,hardzero_plus_depr,0.06,37,470,0.0,2,0.20119724,0.20119724,1.0498323,0.0,0.0891595,0.0,0.0,0.0006500772,-27.520071,2.3096774,0.76989245,0.136,0.0,0.19539724,4.5250087,4.535009,1507200
hardzero_plus_depr__c0p52__z1p00__lam0p010__nu0p50__psi1p00,hardzero_plus_depr,0.06,37,471,0.0,2,0.20119724,0.20119724,1.0166144,0.0,0.09624664,0.0,0.0,0.0006436087,-27.306686,2.2365963,0.74553216,0.192,0.0,0.19182031,4.535009,4.545009,1510400
hardzero_plus_depr__c0p52__z1p00__lam0p010__nu0p50__psi1p00,hardzero_plus_depr,0.06,37,472,0.0,2,0.20119724,0.20126122,0.9981929,0.10041695,0.10041695,1.0,6.398614e-05,0.00063720456,-27.740902,2.1960683,0.73202276,0.16000001,0.0,0.18212737,4.545009,4.5550094,1513600
hardzero_plus_depr__c0p52__z1p00__lam0p010__nu0p50__psi1p00,hardzero_plus_depr,0.06,37,473,0.0,2,0.20126122,0.20126122,1.0250787,0.0,0.094389,0.0,0.0,0.0006308641,-27.348082,2.255218,0.7517394,0.15200001,0.0,0.23919266,4.5550094,4.5650096,1516800
hardzero_plus_depr__c0p52__z1p00__lam0p010__nu0p50__psi1p00,hardzero_plus_depr,0.06,37,474,0.0,2,0.20126122,0.20126122,1.0479312,0.0,0.08955066,0.0,0.0,0.0006245867,-28.44492,2.3054948,0.7684983,0.104,0.0,0.1861281,4.5650096,4.57501,1520000
hardzero_plus_depr__c0p52__z1p00__lam0p010__nu0p50__psi1p00,hardzero_plus_depr,0.06,37,475,0.0,2,0.20126122,0.20126122,1.0024748,0.0,0.099431776,0.0,0.0,0.0006183719,-26.21937,2.2054884,0.73516285,0.15200001,0.0,0.18087614,4.57501,4.58501,1523200
hardzero_plus_depr__c0p52__z1p00__lam0p010__nu0p50__psi1p00,hardzero_plus_depr,0.06,37,476,0.0,2,0.20126122,0.20126122,1.0539325,0.0,0.08832169,0.0,0.0,0.00061221875,-27.964832,2.318698,0.7728993,0.16800001,0.0,0.19262882,4.58501,4.5950103,1526400
hardzero_plus_depr__c0p52__z1p00__lam0p010__nu0p50__psi1p00,hardzero_plus_depr,0.06,37,477,0.0,2,0.20126122,0.20126122,1.0452666,0.0,0.090101786,0.0,0.0,0.000606127,-27.916334,2.2996325,0.7665442,0.16000001,0.0,0.18809065,4.5950103,4.6050105,1529600
hardzero_plus_depr__c0p52__z1p00__lam0p010__nu0p50__psi1p00,hardzero_plus_depr,0.06,37,478,0.0,2,0.20126122,0.20126122,1.0353793,0.0,0.0921766,0.0,0.0,0.0006000958,-27.186678,2.27788,0.7592933,0.224,0.0,0.19240424,4.6050105,4.6150107,1532800
hardzero_plus_depr__c0p52__z1p00__lam0p010__nu0p50__psi1p00,hardzero_plus_depr,0.06,37,479,0.0,2,0.20126122,0.20126122,1.0346259,0.0,0.09233664,0.0,0.0,0.00059412466,-27.513891,2.2762225,0.75874084,0.128,0.0,0.17775512,4.6150107,4.625011,1536000
hardzero_plus_depr__c0p52__z1p00__lam0p010__nu0p50__psi1p00,hardzero_plus_depr,0.06,37,480,0.0,2,0.20126122,0.20126122,1.0157278,0.0,0.096443325,0.0,0.0,0.00058821286,-27.578655,2.2346456,0.74488187,0.136,0.0,0.17283915,4.625011,4.635011,1539200
hardzero_plus_depr__c0p52__z1p00__lam0p010__nu0p50__psi1p00,hardzero_plus_depr,0.06,37,481,0.0,2,0.20126122,0.20132367,0.969664,0.10723486,0.10723486,1.0,6.2449275e-05,0.00058235985,-27.089151,2.1333034,0.7111012,0.19,0.0,0.17454216,4.635011,4.6450114,1542400
hardzero_plus_depr__c0p52__z1p00__lam0p010__nu0p50__psi1p00,hardzero_plus_depr,0.06,37,482,0.0,2,0.20132367,0.20132367,1.0175966,0.0,0.09602923,0.0,0.0,0.00057656516,-26.755823,2.2387571,0.7462524,0.136,0.0,0.19793138,4.6450114,4.6550117,1545600
hardzero_plus_depr__c0p52__z1p00__lam0p010__nu0p50__psi1p00,hardzero_plus_depr,0.06,37,483,0.0,2,0.20132367,0.20138264,0.98588437,0.10330363,0.10330363,1.0,5.8968624e-05,0.00057082815,-26.93706,2.168989,0.72299635,0.136,0.0,0.18219766,4.6550117,4.665012,1548800
hardzero_plus_depr__c0p52__z1p00__lam0p010__nu0p50__psi1p00,hardzero_plus_depr,0.06,37,484,0.0,2,0.20138264,0.20138264,1.014022,0.0,0.09682287,0.0,0.0,0.00056514813,-26.895689,2.230893,0.743631,0.15200001,0.0,0.16748273,4.665012,4.675012,1552000
hardzero_plus_depr__c0p52__z1p00__lam0p010__nu0p50__psi1p00,hardzero_plus_depr,0.06,37,485,0.0,2,0.20138264,0.20144227,0.97234,0.10657614,0.10657614,1.0,5.963198e-05,0.0005595247,-27.102724,2.1391907,0.7130636,0.192,0.0,0.1842296,4.675012,4.6850123,1555200
hardzero_plus_depr__c0p52__z1p00__lam0p010__nu0p50__psi1p00,hardzero_plus_depr,0.06,37,486,0.0,2,0.20144227,0.20149852,0.99338424,0.10153499,0.10153499,1.0,5.6246045e-05,0.00055395724,-27.10618,2.185489,0.7284963,0.16000001,0.0,0.17524649,4.6850123,4.6950126,1558400
hardzero_plus_depr__c0p52__z1p00__lam0p010__nu0p50__psi1p00,hardzero_plus_depr,0.06,37,487,0.0,2,0.20149852,0.20149852,1.0488054,0.0,0.08937058,0.0,0.0,0.0005484451,-27.997292,2.3074179,0.7691393,0.08800001,0.0,0.19964325,4.6950126,4.705013,1561600
hardzero_plus_depr__c0p52__z1p00__lam0p010__nu0p50__psi1p00,hardzero_plus_depr,0.06,37,488,0.0,2,0.20149852,0.20149852,1.0088035,0.0,0.09799332,0.0,0.0,0.0005429879,-27.816841,2.219412,0.739804,0.14400001,0.0,0.1787131,4.705013,4.715013,1564800
hardzero_plus_depr__c0p52__z1p00__lam0p010__nu0p50__psi1p00,hardzero_plus_depr,0.06,37,489,0.0,2,0.20149852,0.20149852,1.0340728,0.0,0.09245432,0.0,0.0,0.00053758494,-27.791967,2.2750056,0.75833523,0.128,0.0,0.18772314,4.715013,4.7250133,1568000
hardzero_plus_depr__c0p52__z1p00__lam0p010__nu0p50__psi1p00,hardzero_plus_depr,0.06,37,490,0.0,2,0.20149852,0.20149852,1.0124717,0.0,0.09716913,0.0,0.0,0.0005322358,-26.832106,2.227482,0.74249405,0.14400001,0.0,0.16506164,4.7250133,4.7350135,1571200
hardzero_plus_depr__c0p52__z1p00__lam0p010__nu0p50__psi1p00,hardzero_plus_depr,0.06,37,491,0.0,2,0.20149852,0.20149852,1.0255176,0.0,0.09429364,0.0,0.0,0.0005269398,-28.150328,2.2561836,0.75206125,0.14400001,0.0,0.20300512,4.7350135,4.7450137,1574400
hardzero_plus_depr__c0p52__z1p00__lam0p010__nu0p50__psi1p00,hardzero_plus_depr,0.06,37,492,0.0,2,0.20149852,0.20149852,1.0201867,0.0,0.09545821,0.0,0.0,0.0005216966,-27.205662,2.2444556,0.7481519,0.128,0.0,0.20800386,4.7450137,4.755014,1577600
hardzero_plus_depr__c0p52__z1p00__lam0p010__nu0p50__psi1p00,hardzero_plus_depr,0.06,37,493,0.0,2,0.20149852,0.20155075,0.995125,0.10112885,0.10112885,1.0,5.2233605e-05,0.0005165055,-27.218224,2.1893187,0.7297729,0.14400001,0.0,0.17755038,4.755014,4.765014,1580800
hardzero_plus_depr__c0p52__z1p00__lam0p010__nu0p50__psi1p00,hardzero_plus_depr,0.06,37,494,0.0,2,0.20155075,0.20155075,1.0051447,0.0,0.09882238,0.0,0.0,0.00051136606,-27.098766,2.2113626,0.73712087,0.14,0.0,0.14835733,4.765014,4.7750144,1584000
hardzero_plus_depr__c0p52__z1p00__lam0p010__nu0p50__psi1p00,hardzero_plus_depr,0.06,37,495,0.0,2,0.20155075,0.20155075,1.0481396,0.0,0.08950769,0.0,0.0,0.0005062777,-28.035032,2.305953,0.768651,0.15200001,0.0,0.20833929,4.7750144,4.7850146,1587200
hardzero_plus_depr__c0p52__z1p00__lam0p010__nu0p50__psi1p00,hardzero_plus_depr,0.06,37,496,0.0,2,0.20155075,0.20155075,1.0023968,0.0,0.09944963,0.0,0.0,0.00050124,-27.316687,2.205317,0.7351057,0.128,0.0,0.16427107,4.7850146,4.795015,1590400
hardzero_plus_depr__c0p52__z1p00__lam0p010__nu0p50__psi1p00,hardzero_plus_depr,0.06,37,497,0.0,2,0.20155075,0.20155075,1.006761,0.0,0.09845527,0.0,0.0,0.00049625256,-27.453987,2.2149184,0.73830616,0.14400001,0.0,0.17233497,4.795015,4.805015,1593600
hardzero_plus_depr__c0p52__z1p00__lam0p010__nu0p50__psi1p00,hardzero_plus_depr,0.06,37,498,0.0,2,0.20155075,0.20160209,0.98090327,0.10449528,0.10449528,1.0,5.134006e-05,0.0004913146,-26.311123,2.1580303,0.7193434,0.192,0.0,0.17266083,4.805015,4.8150153,1596800
hardzero_plus_depr__c0p52__z1p00__lam0p010__nu0p50__psi1p00,hardzero_plus_depr,0.06,37,499,0.0,2,0.20160209,0.20160209,1.043199,0.0,0.09053178,0.0,0.0,0.00048642585,-28.038448,2.2950835,0.7650279,0.16000001,0.008,0.19731824,4.8150153,4.8250155,1600000
hardzero_plus_depr__c0p52__z1p00__lam0p010__nu0p50__psi1p00,hardzero_plus_depr,0.06,37,500,0.0,2,0.20160209,0.20165238,0.98120993,0.10442153,0.10442153,1.0,5.0287923e-05,0.00048158577,-27.366735,2.158705,0.7195684,0.2,0.0,0.20451282,4.8250155,4.835016,1603200
hardzero_plus_depr__c0p52__z1p00__lam0p010__nu0p50__psi1p00,hardzero_plus_depr,0.06,37,501,0.0,2,0.20165238,0.20165238,1.0262238,0.0,0.09414045,0.0,0.0,0.00047679376,-27.369389,2.2577374,0.75257915,0.128,0.0,0.17249957,4.835016,4.845016,1606400
hardzero_plus_depr__c0p52__z1p00__lam0p010__nu0p50__psi1p00,hardzero_plus_depr,0.06,37,502,0.0,2,0.20165238,0.2017019,0.9791763,0.10491164,0.10491164,1.0,4.9523485e-05,0.0004720495,-26.071362,2.1542308,0.71807694,0.18400002,0.0,0.17023334,4.845016,4.855016,1609600
hardzero_plus_depr__c0p52__z1p00__lam0p010__nu0p50__psi1p00,hardzero_plus_depr,0.06,37,503,0.0,2,0.2017019,0.2017019,1.0846393,0.0,0.08229257,0.0,0.0,0.00046735242,-28.506428,2.386254,0.795418,0.14400001,0.0,0.19104852,4.855016,4.8650165,1612800
hardzero_plus_depr__c0p52__z1p00__lam0p010__nu0p50__psi1p00,hardzero_plus_depr,0.06,37,504,0.0,2,0.2017019,0.2017019,1.058671,0.0,0.087363295,0.0,0.0,0.00046270207,-28.179646,2.3291228,0.7763743,0.08800001,0.0,0.17677327,4.8650165,4.8750167,1616000
hardzero_plus_depr__c0p52__z1p00__lam0p010__nu0p50__psi1p00,hardzero_plus_depr,0.06,37,505,0.0,2,0.2017019,0.2017497,0.9814873,0.10435486,0.10435486,1.0,4.780475e-05,0.000458098,-27.077856,2.159315,0.71977174,0.208,0.0,0.17592102,4.8750167,4.885017,1619200
hardzero_plus_depr__c0p52__z1p00__lam0p010__nu0p50__psi1p00,hardzero_plus_depr,0.06,37,506,0.0,2,0.2017497,0.2017497,1.006983,0.0,0.09840496,0.0,0.0,0.00045353972,-27.518408,2.215407,0.738469,0.08800001,0.0,0.18297753,4.885017,4.895017,1622400
hardzero_plus_depr__c0p52__z1p00__lam0p010__nu0p50__psi1p00,hardzero_plus_depr,0.06,37,507,0.0,2,0.2017497,0.2017497,1.0364088,0.0,0.09195835,0.0,0.0,0.00044902688,-27.751444,2.280145,0.76004833,0.11,0.0,0.17006625,4.895017,4.9050174,1625600
hardzero_plus_depr__c0p52__z1p00__lam0p010__nu0p50__psi1p00,hardzero_plus_depr,0.06,37,508,0.0,2,0.2017497,0.2017497,1.0153337,0.0,0.09653091,0.0,0.0,0.00044455883,-27.239342,2.2337787,0.7445929,0.14400001,0.0,0.17614292,4.9050174,4.9150176,1628800
hardzero_plus_depr__c0p52__z1p00__lam0p010__nu0p50__psi1p00,hardzero_plus_depr,0.06,37,509,0.0,2,0.2017497,0.20179473,0.990007,0.10232765,0.10232765,1.0,4.5038014e-05,0.0004401353,-27.071115,2.1780589,0.7260196,0.18400002,0.0,0.16446395,4.9150176,4.925018,1632000
hardzero_plus_depr__c0p52__z1p00__lam0p010__nu0p50__psi1p00,hardzero_plus_depr,0.06,37,510,0.0,2,0.20179473,0.20183924,0.9907371,0.102155775,0.102155775,1.0,4.4514967e-05,0.00043575576,-27.093996,2.179665,0.72655505,0.192,0.0,0.18105032,4.925018,4.935018,1635200
hardzero_plus_depr__c0p52__z1p00__lam0p010__nu0p50__psi1p00,hardzero_plus_depr,0.06,37,511,0.0,2,0.20183924,0.20183924,1.0844797,0.0,0.082322836,0.0,0.0,0.00043141984,-28.765383,2.385903,0.79530096,0.136,0.0,0.18431246,4.935018,4.9450183,1638400
hardzero_plus_depr__c0p52__z1p00__lam0p010__nu0p50__psi1p00,hardzero_plus_depr,0.06,37,512,0.0,2,0.20183924,0.20183924,1.0149335,0.0,0.096619874,0.0,0.0,0.0004271271,-27.035732,2.2328982,0.7442994,0.15200001,0.0,0.17258207,4.9450183,4.9550185,1641600
hardzero_plus_depr__c0p52__z1p00__lam0p010__nu0p50__psi1p00,hardzero_plus_depr,0.06,37,513,0.0,2,0.20183924,0.20183924,1.0033972,0.0,0.0992208,0.0,0.0,0.00042287697,-26.527317,2.2075179,0.7358393,0.14400001,0.0,0.16503963,4.9550185,4.9650187,1644800
hardzero_plus_depr__c0p52__z1p00__lam0p010__nu0p50__psi1p00,hardzero_plus_depr,0.06,37,514,0.0,2,0.20183924,0.20183924,1.0306094,0.0,0.093194574,0.0,0.0,0.0004186692,-27.380245,2.267386,0.75579536,0.192,0.0,0.1838208,4.9650187,4.975019,1648000
hardzero_plus_depr__c0p52__z1p00__lam0p010__nu0p50__psi1p00,hardzero_plus_depr,0.06,37,515,0.0,2,0.20183924,0.20183924,1.0517776,0.0,0.08876103,0.0,0.0,0.00041450324,-27.85187,2.313957,0.77131903,0.112,0.0,0.16542506,4.975019,4.985019,1651200
hardzero_plus_depr__c0p52__z1p00__lam0p010__nu0p50__psi1p00,hardzero_plus_depr,0.06,37,516,0.0,2,0.20183924,0.20183924,1.0363346,0.0,0.09197406,0.0,0.0,0.0004103788,-27.503353,2.2799816,0.7599939,0.14400001,0.0,0.18486504,4.985019,4.9950194,1654400
hardzero_plus_depr__c0p52__z1p00__lam0p010__nu0p50__psi1p00,hardzero_plus_depr,0.06,37,517,0.0,2,0.20183924,0.20183924,1.016941,0.0,0.09617431,0.0,0.0,0.00040629538,-27.326103,2.2373147,0.7457716,0.16000001,0.0,0.1804961,4.9950194,5.0050197,1657600
hardzero_plus_depr__c0p52__z1p00__lam0p010__nu0p50__psi1p00,hardzero_plus_depr,0.06,37,518,0.0,2,0.20183924,0.20188144,0.97919035,0.10490824,0.10490824,1.0,4.219961e-05,0.00040225257,-26.655565,2.1542618,0.7180873,0.216,0.0,0.16745622,5.0050197,5.01502,1660800
hardzero_plus_depr__c0p52__z1p00__lam0p010__nu0p50__psi1p00,hardzero_plus_depr,0.06,37,519,0.0,2,0.20188144,0.20192243,0.98747027,0.102927096,0.102927096,1.0,4.0990715e-05,0.00039825,-26.33622,2.172478,0.72415936,0.18400002,0.0,0.15954068,5.01502,5.02502,1664000
hardzero_plus_depr__c0p52__z1p00__lam0p010__nu0p50__psi1p00,hardzero_plus_depr,0.06,37,520,0.0,2,0.20192243,0.20196272,0.9906503,0.10217619,0.10217619,1.0,4.0286766e-05,0.00039428723,-26.398773,2.179474,0.7264914,0.14,0.0,0.15854691,5.02502,5.0350204,1667200
hardzero_plus_depr__c0p52__z1p00__lam0p010__nu0p50__psi1p00,hardzero_plus_depr,0.06,37,521,0.0,2,0.20196272,0.20200315,0.98483795,0.10355284,0.10355284,1.0,4.0423292e-05,0.00039036392,-26.292608,2.1666868,0.72222894,0.2,0.0,0.19624645,5.0350204,5.0450206,1670400
hardzero_plus_depr__c0p52__z1p00__lam0p010__nu0p50__psi1p00,hardzero_plus_depr,0.06,37,522,0.0,2,0.20200315,0.20200315,1.0284133,0.0,0.09366702,0.0,0.0,0.00038647966,-27.98409,2.2625544,0.75418484,0.136,0.0,0.16551603,5.0450206,5.055021,1673600
hardzero_plus_depr__c0p52__z1p00__lam0p010__nu0p50__psi1p00,hardzero_plus_depr,0.06,37,523,0.0,2,0.20200315,0.20204279,0.984726,0.10357953,0.10357953,1.0,3.963305e-05,0.00038263403,-26.215473,2.1664405,0.72214687,0.18400002,0.0,0.16961403,5.055021,5.065021,1676800
hardzero_plus_depr__c0p52__z1p00__lam0p010__nu0p50__psi1p00,hardzero_plus_depr,0.06,37,524,0.0,2,0.20204279,0.2020812,0.99390364,0.10141364,0.10141364,1.0,3.841819e-05,0.00037882666,-26.855822,2.1866317,0.72887725,0.17600001,0.0,0.17617735,5.065021,5.0750213,1680000
hardzero_plus_depr__c0p52__z1p00__lam0p010__nu0p50__psi1p00,hardzero_plus_depr,0.06,37,525,0.0,2,0.2020812,0.2020812,1.0019147,0.0,0.09956008,0.0,0.0,0.0003750572,-27.05749,2.2042565,0.7347522,0.208,0.0,0.16840923,5.0750213,5.0850215,1683200
hardzero_plus_depr__c0p52__z1p00__lam0p010__nu0p50__psi1p00,hardzero_plus_depr,0.06,37,526,0.0,2,0.2020812,0.2020812,1.0033464,0.0,0.09923241,0.0,0.0,0.00037132524,-26.7038,2.2074063,0.7358021,0.192,0.0,0.17684285,5.0850215,5.0950217,1686400
hardzero_plus_depr__c0p52__z1p00__lam0p010__nu0p50__psi1p00,hardzero_plus_depr,0.06,37,527,0.0,2,0.2020812,0.2020812,1.1034884,0.0,0.07879733,0.0,0.0,0.00036763042,-29.537882,2.427723,0.809241,0.15200001,0.0,0.19379008,5.0950217,5.105022,1689600
hardzero_plus_depr__c0p52__z1p00__lam0p010__nu0p50__psi1p00,hardzero_plus_depr,0.06,37,528,0.0,2,0.2020812,0.2020812,1.0217862,0.0,0.09510727,0.0,0.0,0.00036397236,-27.548555,2.2479746,0.7493249,0.15200001,0.008,0.21767192,5.105022,5.115022,1692800
hardzero_plus_depr__c0p52__z1p00__lam0p010__nu0p50__psi1p00,hardzero_plus_depr,0.06,37,529,0.0,2,0.2020812,0.2020812,1.0069244,0.0,0.09841824,0.0,0.0,0.00036035068,-27.382153,2.215278,0.73842597,0.2,0.0,0.16864157,5.115022,5.1250224,1696000
hardzero_plus_depr__c0p52__z1p00__lam0p010__nu0p50__psi1p00,hardzero_plus_depr,0.06,37,530,0.0,2,0.2020812,0.2020812,1.03209,0.0,0.0928774,0.0,0.0,0.00035676503,-27.476702,2.2706432,0.7568811,0.18400002,0.0,0.17140292,5.1250224,5.1350226,1699200
hardzero_plus_depr__c0p52__z1p00__lam0p010__nu0p50__psi1p00,hardzero_plus_depr,0.06,37,531,0.0,2,0.2020812,0.2020812,1.0471021,0.0,0.089721784,0.0,0.0,0.00035321506,-27.005856,2.3036706,0.7678902,0.14400001,0.0,0.18165709,5.1350226,5.145023,1702400
hardzero_plus_depr__c0p52__z1p00__lam0p010__nu0p50__psi1p00,hardzero_plus_depr,0.06,37,532,0.0,2,0.2020812,0.2020812,1.0308166,0.0,0.09315013,0.0,0.0,0.00034970045,-26.682474,2.2678418,0.7559473,0.192,0.0,0.16432862,5.145023,5.155023,1705600
hardzero_plus_depr__c0p52__z1p00__lam0p010__nu0p50__psi1p00,hardzero_plus_depr,0.06,37,533,0.0,2,0.2020812,0.2020812,1.0832553,0.0,0.08255526,0.0,0.0,0.0003462208,-28.84806,2.3832092,0.7944031,0.11,0.0,0.17029506,5.155023,5.1650233,1708800
hardzero_plus_depr__c0p52__z1p00__lam0p010__nu0p50__psi1p00,hardzero_plus_depr,0.06,37,534,0.0,2,0.2020812,0.2021162,0.99099326,0.10209553,0.10209553,1.0,3.4995875e-05,0.00034277578,-26.755651,2.1802287,0.7267429,0.17600001,0.0,0.1533153,5.1650233,5.1750236,1712000
hardzero_plus_depr__c0p52__z1p00__lam0p010__nu0p50__psi1p00,hardzero_plus_depr,0.06,37,535,0.0,2,0.2021162,0.2021507,0.9928063,0.101670206,0.101670206,1.0,3.450331e-05,0.000339365,-26.949553,2.1842175,0.7280725,0.264,0.0,0.16764665,5.1750236,5.185024,1715200
hardzero_plus_depr__c0p52__z1p00__lam0p010__nu0p50__psi1p00,hardzero_plus_depr,0.06,37,536,0.0,2,0.2021507,0.202187,0.96644,0.10803389,0.10803389,1.0,3.6298108e-05,0.00033598818,-25.754276,2.1262105,0.70873684,0.2,0.0,0.18172568,5.185024,5.195024,1718400
hardzero_plus_depr__c0p52__z1p00__lam0p010__nu0p50__psi1p00,hardzero_plus_depr,0.06,37,537,0.0,2,0.202187,0.202187,1.0638126,0.0,0.08633509,0.0,0.0,0.000332645,-28.007627,2.3404346,0.7801449,0.104,0.0,0.1776489,5.195024,5.2050242,1721600
hardzero_plus_depr__c0p52__z1p00__lam0p010__nu0p50__psi1p00,hardzero_plus_depr,0.06,37,538,0.0,2,0.202187,0.20222178,0.9762691,0.10561629,0.10561629,1.0,3.4783145e-05,0.00032933505,-25.847744,2.147835,0.715945,0.16800001,0.008,0.15754437,5.2050242,5.2150245,1724800
hardzero_plus_depr__c0p52__z1p00__lam0p010__nu0p50__psi1p00,hardzero_plus_depr,0.06,37,539,0.0,2,0.20222178,0.20222178,1.0268549,0.0,0.09400375,0.0,0.0,0.000326058,-27.2849,2.259126,0.753042,0.14400001,0.0,0.17779462,5.2150245,5.2250247,1728000
hardzero_plus_depr__c0p52__z1p00__lam0p010__nu0p50__psi1p00,hardzero_plus_depr,0.06,37,540,0.0,2,0.20222178,0.20225717,0.96008843,0.1096255,0.1096255,1.0,3.5388603e-05,0.0003228136,-25.916088,2.1122367,0.7040789,0.17600001,0.0,0.16127934,5.2250247,5.235025,1731200
hardzero_plus_depr__c0p52__z1p00__lam0p010__nu0p50__psi1p00,hardzero_plus_depr,0.06,37,541,0.0,2,0.20225717,0.20225717,1.0763268,0.0,0.083882846,0.0,0.0,0.00031960147,-28.715918,2.3679664,0.78932214,0.17600001,0.008,0.20289531,5.235025,5.245025,1734400
hardzero_plus_depr__c0p52__z1p00__lam0p010__nu0p50__psi1p00,hardzero_plus_depr,0.06,37,542,0.0,2,0.20225717,0.20225717,1.0457132,0.0,0.09000918,0.0,0.0,0.00031642136,-27.543343,2.300615,0.7668717,0.17600001,0.0,0.19681571,5.245025,5.2550254,1737600
hardzero_plus_depr__c0p52__z1p00__lam0p010__nu0p50__psi1p00,hardzero_plus_depr,0.06,37,543,0.0,2,0.20225717,0.20225717,1.046532,0.0,0.089839645,0.0,0.0,0.00031327282,-27.600056,2.3024166,0.7674722,0.14400001,0.0,0.20107926,5.2550254,5.2650256,1740800
hardzero_plus_depr__c0p52__z1p00__lam0p010__nu0p50__psi1p00,hardzero_plus_depr,0.06,37,544,0.0,2,0.20225717,0.20225717,1.0112908,0.0,0.097433686,0.0,0.0,0.00031015565,-27.704756,2.2248843,0.7416281,0.16000001,0.0,0.19703192,5.2650256,5.275026,1744000
hardzero_plus_depr__c0p52__z1p00__lam0p010__nu0p50__psi1p00,hardzero_plus_depr,0.06,37,545,0.0,2,0.20225717,0.20225717,1.0377157,0.0,0.091682054,0.0,0.0,0.00030706945,-27.59254,2.28302,0.7610067,0.096,0.0,0.18437128,5.275026,5.285026,1747200
hardzero_plus_depr__c0p52__z1p00__lam0p010__nu0p50__psi1p00,hardzero_plus_depr,0.06,37,546,0.0,2,0.20225717,0.20225717,1.0192871,0.0,0.09565614,0.0,0.0,0.00030401399,-26.755512,2.2424765,0.7474922,0.11,0.0,0.1658444,5.285026,5.2950263,1750400
hardzero_plus_depr__c0p52__z1p00__lam0p010__nu0p50__psi1p00,hardzero_plus_depr,0.06,37,547,0.0,2,0.20225717,0.20225717,1.052488,0.0,0.088615976,0.0,0.0,0.00030098893,-27.93351,2.3155198,0.77184,0.128,0.0,0.18185765,5.2950263,5.3050265,1753600
hardzero_plus_depr__c0p52__z1p00__lam0p010__nu0p50__psi1p00,hardzero_plus_depr,0.06,37,548,0.0,2,0.20225717,0.20225717,1.0132833,0.0,0.09698772,0.0,0.0,0.00029799397,-26.75706,2.2292676,0.7430892,0.15200001,0.0,0.16801707,5.3050265,5.3150268,1756800
hardzero_plus_depr__c0p52__z1p00__lam0p010__nu0p50__psi1p00,hardzero_plus_depr,0.06,37,549,0.0,2,0.20225717,0.20225717,1.0058571,0.0,0.09866042,0.0,0.0,0.00029502882,-27.22716,2.2129297,0.73764324,0.16000001,0.0,0.17025223,5.3150268,5.325027,1760000
hardzero_plus_depr__c0p52__z1p00__lam0p010__nu0p50__psi1p00,hardzero_plus_depr,0.06,37,550,0.0,2,0.20225717,0.20225717,1.037016,0.0,0.09182988,0.0,0.0,0.00029209317,-28.319357,2.2814808,0.76049364,0.16800001,0.0,0.2086394,5.325027,5.335027,1763200
hardzero_plus_depr__c0p52__z1p00__lam0p010__nu0p50__psi1p00,hardzero_plus_depr,0.06,37,551,0.0,2,0.20225717,0.20228758,0.97801715,0.105192035,0.105192035,1.0,3.042014e-05,0.00028918672,-26.555067,2.1516807,0.7172269,0.16800001,0.0,0.18609135,5.335027,5.3450274,1766400
hardzero_plus_depr__c0p52__z1p00__lam0p010__nu0p50__psi1p00,hardzero_plus_depr,0.06,37,552,0.0,2,0.20228758,0.20228758,1.0324758,0.0,0.09279491,0.0,0.0,0.00028630922,-28.20729,2.2714922,0.7571641,0.192,0.0,0.16641411,5.3450274,5.3550277,1769600
hardzero_plus_depr__c0p52__z1p00__lam0p010__nu0p50__psi1p00,hardzero_plus_depr,0.06,37,553,0.0,2,0.20228758,0.20228758,1.0521387,0.0,0.08868728,0.0,0.0,0.0002834603,-27.417854,2.3147514,0.7715838,0.120000005,0.0,0.17081253,5.3550277,5.365028,1772800
hardzero_plus_depr__c0p52__z1p00__lam0p010__nu0p50__psi1p00,hardzero_plus_depr,0.06,37,554,0.0,2,0.20228758,0.20228758,1.0359151,0.0,0.09206294,0.0,0.0,0.00028063977,-27.513523,2.2790587,0.75968623,0.16800001,0.0,0.19417143,5.365028,5.375028,1776000
hardzero_plus_depr__c0p52__z1p00__lam0p010__nu0p50__psi1p00,hardzero_plus_depr,0.06,37,555,0.0,2,0.20228758,0.20228758,1.0151141,0.0,0.09657971,0.0,0.0,0.00027784728,-27.023024,2.2332954,0.74443185,0.224,0.0,0.17838785,5.375028,5.3850284,1779200
hardzero_plus_depr__c0p52__z1p00__lam0p010__nu0p50__psi1p00,hardzero_plus_depr,0.06,37,556,0.0,2,0.20228758,0.20231679,0.9739006,0.10619385,0.10619385,1.0,2.9212079e-05,0.0002750826,-26.71416,2.1426241,0.71420807,0.208,0.0,0.16476278,5.3850284,5.3950286,1782400
hardzero_plus_depr__c0p52__z1p00__lam0p010__nu0p50__psi1p00,hardzero_plus_depr,0.06,37,557,0.0,2,0.20231679,0.20231679,1.0175836,0.0,0.09603208,0.0,0.0,0.0002723454,-27.198452,2.2387285,0.7462429,0.15200001,0.0,0.16488557,5.3950286,5.405029,1785600
hardzero_plus_depr__c0p52__z1p00__lam0p010__nu0p50__psi1p00,hardzero_plus_depr,0.06,37,558,0.0,2,0.20231679,0.20231679,1.0550038,0.0,0.08810413,0.0,0.0,0.00026963552,-28.499949,2.3210547,0.7736849,0.120000005,0.0,0.22659877,5.405029,5.415029,1788800
hardzero_plus_depr__c0p52__z1p00__lam0p010__nu0p50__psi1p00,hardzero_plus_depr,0.06,37,559,0.0,2,0.20231679,0.20231679,1.0759095,0.0,0.0839635,0.0,0.0,0.00026695253,-28.60929,2.367048,0.789016,0.14999999,0.0,0.19785269,5.415029,5.4250293,1792000
hardzero_plus_depr__c0p52__z1p00__lam0p010__nu0p50__psi1p00,hardzero_plus_depr,0.06,37,560,0.0,2,0.20231679,0.20231679,1.0170655,0.0,0.096146725,0.0,0.0,0.00026429625,-27.628136,2.237589,0.74586296,0.192,0.0,0.18213767,5.4250293,5.4350295,1795200
hardzero_plus_depr__c0p52__z1p00__lam0p010__nu0p50__psi1p00,hardzero_plus_depr,0.06,37,561,0.0,2,0.20231679,0.20234439,0.9769083,0.105460934,0.105460934,1.0,2.7595579e-05,0.00026166637,-27.754103,2.1492412,0.71641374,0.16800001,0.0,0.17886384,5.4350295,5.4450297,1798400
hardzero_plus_depr__c0p52__z1p00__lam0p010__nu0p50__psi1p00,hardzero_plus_depr,0.06,37,562,0.0,2,0.20234439,0.20234439,1.0647625,0.0,0.08614648,0.0,0.0,0.00025906268,-28.588114,2.3425243,0.78084147,0.14400001,0.0,0.1883074,5.4450297,5.45503,1801600
hardzero_plus_depr__c0p52__z1p00__lam0p010__nu0p50__psi1p00,hardzero_plus_depr,0.06,37,563,0.0,2,0.20234439,0.20237096,0.9845807,0.10361421,0.10361421,1.0,2.6575484e-05,0.00025648493,-27.70439,2.1661208,0.7220403,0.16800001,0.0,0.16056275,5.45503,5.46503,1804800
hardzero_plus_depr__c0p52__z1p00__lam0p010__nu0p50__psi1p00,hardzero_plus_depr,0.06,37,564,0.0,2,0.20237096,0.20237096,1.0403827,0.0,0.09112074,0.0,0.0,0.00025393278,-27.254154,2.2888877,0.7629626,0.120000005,0.0,0.17601264,5.46503,5.4750304,1808000
hardzero_plus_depr__c0p52__z1p00__lam0p010__nu0p50__psi1p00,hardzero_plus_depr,0.06,37,565,0.0,2,0.20237096,0.20237096,1.0705374,0.0,0.08500854,0.0,0.0,0.00025140608,-28.27101,2.3552294,0.7850765,0.080000006,0.0,0.2156516,5.4750304,5.4850307,1811200
hardzero_plus_depr__c0p52__z1p00__lam0p010__nu0p50__psi1p00,hardzero_plus_depr,0.06,37,566,0.0,2,0.20237096,0.20239733,0.97488874,0.10595251,0.10595251,1.0,2.6372052e-05,0.00024890446,-25.969088,2.144798,0.7149327,0.16800001,0.0,0.16735543,5.4850307,5.495031,1814400
hardzero_plus_depr__c0p52__z1p00__lam0p010__nu0p50__psi1p00,hardzero_plus_depr,0.06,37,567,0.0,2,0.20239733,0.20239733,1.0265211,0.0,0.09407601,0.0,0.0,0.00024642775,-27.125505,2.2583914,0.7527971,0.16000001,0.0,0.1759252,5.495031,5.505031,1817600
hardzero_plus_depr__c0p52__z1p00__lam0p010__nu0p50__psi1p00,hardzero_plus_depr,0.06,37,568,0.0,2,0.20239733,0.20239733,1.0397074,0.0,0.09126254,0.0,0.0,0.00024397574,-27.566198,2.287402,0.7624673,0.128,0.0,0.19962698,5.505031,5.5150313,1820800
hardzero_plus_depr__c0p52__z1p00__lam0p010__nu0p50__psi1p00,hardzero_plus_depr,0.06,37,569,0.0,2,0.20239733,0.20239733,1.014401,0.0,0.09673842,0.0,0.0,0.00024154806,-26.819445,2.2317266,0.7439089,0.192,0.0,0.18817022,5.5150313,5.5250316,1824000
hardzero_plus_depr__c0p52__z1p00__lam0p010__nu0p50__psi1p00,hardzero_plus_depr,0.06,37,570,0.0,2,0.20239733,0.20242229,0.9813104,0.10439737,0.10439737,1.0,2.4966064e-05,0.00023914457,-25.998774,2.158926,0.71964204,0.15200001,0.0,0.15326846,5.5250316,5.535032,1827200
hardzero_plus_depr__c0p52__z1p00__lam0p010__nu0p50__psi1p00,hardzero_plus_depr,0.06,37,571,0.0,2,0.20242229,0.20242229,1.028028,0.0,0.09375016,0.0,0.0,0.00023676499,-26.627052,2.2617068,0.7539023,0.216,0.0,0.17848039,5.535032,5.545032,1830400
hardzero_plus_depr__c0p52__z1p00__lam0p010__nu0p50__psi1p00,hardzero_plus_depr,0.06,37,572,0.0,2,0.20242229,0.20242229,1.0150962,0.0,0.09658369,0.0,0.0,0.00023440908,-27.214912,2.233256,0.74441874,0.13,0.0,0.17141913,5.545032,5.5550323,1833600
hardzero_plus_depr__c0p52__z1p00__lam0p010__nu0p50__psi1p00,hardzero_plus_depr,0.06,37,573,0.0,2,0.20242229,0.20244749,0.96417516,0.10859875,0.10859875,1.0,2.520323e-05,0.00023207662,-26.559208,2.1212277,0.70707595,0.2,0.0,0.16800654,5.5550323,5.5650325,1836800
hardzero_plus_depr__c0p52__z1p00__lam0p010__nu0p50__psi1p00,hardzero_plus_depr,0.06,37,574,0.0,2,0.20244749,0.20244749,1.0124406,0.0,0.09717609,0.0,0.0,0.00022976736,-26.372566,2.2274137,0.7424712,0.14400001,0.0,0.19792056,5.5650325,5.5750327,1840000
hardzero_plus_depr__c0p52__z1p00__lam0p010__nu0p50__psi1p00,hardzero_plus_depr,0.06,37,575,0.0,2,0.20244749,0.20244749,1.0352275,0.0,0.092208825,0.0,0.0,0.00022748107,-27.709705,2.2775462,0.7591821,0.14400001,0.0,0.18565091,5.5750327,5.585033,1843200
hardzero_plus_depr__c0p52__z1p00__lam0p010__nu0p50__psi1p00,hardzero_plus_depr,0.06,37,576,0.0,2,0.20244749,0.20244749,1.0140839,0.0,0.0968091,0.0,0.0,0.00022521756,-27.633982,2.231029,0.74367636,0.18400002,0.0,0.18088016,5.585033,5.595033,1846400
hardzero_plus_depr__c0p52__z1p00__lam0p010__nu0p50__psi1p00,hardzero_plus_depr,0.06,37,577,0.0,2,0.20244749,0.20244749,1.0004692,0.0,0.09989203,0.0,0.0,0.00022297655,-26.829079,2.2010763,0.7336921,0.23200001,0.0,0.18822215,5.595033,5.6050334,1849600
hardzero_plus_depr__c0p52__z1p00__lam0p010__nu0p50__psi1p00,hardzero_plus_depr,0.06,37,578,0.0,2,0.20244749,0.20244749,1.0436264,0.0,0.09044271,0.0,0.0,0.00022075787,-27.978682,2.296024,0.7653414,0.16000001,0.0,0.19461904,5.6050334,5.6150336,1852800
hardzero_plus_depr__c0p52__z1p00__lam0p010__nu0p50__psi1p00,hardzero_plus_depr,0.06,37,579,0.0,2,0.20244749,0.20246945,0.99779177,0.10050976,0.10050976,1.0,2.1967537e-05,0.00021856122,-26.97283,2.1951857,0.73172855,0.224,0.0,0.19470516,5.6150336,5.625034,1856000
hardzero_plus_depr__c0p52__z1p00__lam0p010__nu0p50__psi1p00,hardzero_plus_depr,0.06,37,580,0.0,2,0.20246945,0.20249157,0.9906384,0.10217899,0.10217899,1.0,2.2110149e-05,0.00021638646,-27.154161,2.179448,0.7264826,0.2,0.0,0.17315479,5.625034,5.635034,1859200
hardzero_plus_depr__c0p52__z1p00__lam0p010__nu0p50__psi1p00,hardzero_plus_depr,0.06,37,581,0.0,2,0.20249157,0.20249157,1.062555,0.0,0.08658546,0.0,0.0,0.00021423333,-28.011164,2.3376677,0.7792226,0.15200001,0.0,0.18542096,5.635034,5.6450343,1862400
hardzero_plus_depr__c0p52__z1p00__lam0p010__nu0p50__psi1p00,hardzero_plus_depr,0.06,37,582,0.0,2,0.20249157,0.20249157,1.0519731,0.0,0.08872109,0.0,0.0,0.00021210163,-26.746431,2.314387,0.7714624,0.18400002,0.0,0.17852941,5.6450343,5.6550345,1865600
hardzero_plus_depr__c0p52__z1p00__lam0p010__nu0p50__psi1p00,hardzero_plus_depr,0.06,37,583,0.0,2,0.20249157,0.20249157,1.0139406,0.0,0.096841045,0.0,0.0,0.00020999114,-27.513994,2.2307138,0.7435713,0.192,0.0,0.19061887,5.6550345,5.665035,1868800
hardzero_plus_depr__c0p52__z1p00__lam0p010__nu0p50__psi1p00,hardzero_plus_depr,0.06,37,584,0.0,2,0.20249157,0.20249157,1.0016919,0.0,0.09961118,0.0,0.0,0.00020790164,-26.989838,2.2037663,0.7345888,0.16800001,0.0,0.15317072,5.665035,5.675035,1872000
hardzero_plus_depr__c0p52__z1p00__lam0p010__nu0p50__psi1p00,hardzero_plus_depr,0.06,37,585,0.0,2,0.20249157,0.20249157,1.0911838,0.0,0.081061795,0.0,0.0,0.00020583293,-28.883749,2.4006522,0.8002174,0.099999994,0.0,0.20259802,5.675035,5.685035,1875200
hardzero_plus_depr__c0p52__z1p00__lam0p010__nu0p50__psi1p00,hardzero_plus_depr,0.06,37,586,0.0,2,0.20249157,0.20249157,1.0456264,0.0,0.09002717,0.0,0.0,0.0002037848,-27.827366,2.300424,0.76680803,0.15200001,0.0,0.1759345,5.685035,5.6950355,1878400
hardzero_plus_depr__c0p52__z1p00__lam0p010__nu0p50__psi1p00,hardzero_plus_depr,0.06,37,587,0.0,2,0.20249157,0.20249157,1.0275207,0.0,0.09385974,0.0,0.0,0.00020175708,-27.642923,2.2605906,0.7535302,0.16800001,0.0,0.19054802,5.6950355,5.7050357,1881600
hardzero_plus_depr__c0p52__z1p00__lam0p010__nu0p50__psi1p00,hardzero_plus_depr,0.06,37,588,0.0,2,0.20249157,0.20251362,0.95692056,0.11042805,0.11042805,1.0,2.205795e-05,0.00019974951,-25.998709,2.1052673,0.70175576,0.216,0.0,0.16682121,5.7050357,5.715036,1884800
hardzero_plus_depr__c0p52__z1p00__lam0p010__nu0p50__psi1p00,hardzero_plus_depr,0.06,37,589,0.0,2,0.20251362,0.20251362,1.0703409,0.0,0.08504702,0.0,0.0,0.00019776192,-28.35811,2.354797,0.7849323,0.128,0.0,0.1970037,5.715036,5.725036,1888000
hardzero_plus_depr__c0p52__z1p00__lam0p010__nu0p50__psi1p00,hardzero_plus_depr,0.06,37,590,0.0,2,0.20251362,0.20251362,1.0516536,0.0,0.08878639,0.0,0.0,0.00019579411,-28.865725,2.3136842,0.7712281,0.14400001,0.0,0.20211549,5.725036,5.7350364,1891200
hardzero_plus_depr__c0p52__z1p00__lam0p010__nu0p50__psi1p00,hardzero_plus_depr,0.06,37,591,0.0,2,0.20251362,0.20251362,1.0163956,0.0,0.09629515,0.0,0.0,0.00019384589,-27.159033,2.236115,0.7453717,0.16000001,0.0,0.1672681,5.7350364,5.7450366,1894400
hardzero_plus_depr__c0p52__z1p00__lam0p010__nu0p50__psi1p00,hardzero_plus_depr,0.06,37,592,0.0,2,0.20251362,0.20253325,0.9902002,0.10228213,0.10228213,1.0,1.9629684e-05,0.00019191705,-26.582973,2.178484,0.72616136,0.16000001,0.0,0.17780253,5.7450366,5.755037,1897600
hardzero_plus_depr__c0p52__z1p00__lam0p010__nu0p50__psi1p00,hardzero_plus_depr,0.06,37,593,0.0,2,0.20253325,0.20253325,1.0190059,0.0,0.09571811,0.0,0.0,0.0001900074,-27.195702,2.2418578,0.74728596,0.16800001,0.0,0.17111255,5.755037,5.765037,1900800
hardzero_plus_depr__c0p52__z1p00__lam0p010__nu0p50__psi1p00,hardzero_plus_depr,0.06,37,594,0.0,2,0.20253325,0.20255277,0.98390555,0.103775404,0.103775404,1.0,1.9521893e-05,0.00018811676,-26.663715,2.1646354,0.72154516,0.16000001,0.0,0.16696173,5.765037,5.7750373,1904000
hardzero_plus_depr__c0p52__z1p00__lam0p010__nu0p50__psi1p00,hardzero_plus_depr,0.06,37,595,0.0,2,0.20255277,0.20255277,1.0947797,0.0,0.08039338,0.0,0.0,0.00018624491,-28.725084,2.4085636,0.80285454,0.15200001,0.0,0.20152143,5.7750373,5.7850375,1907200
hardzero_plus_depr__c0p52__z1p00__lam0p010__nu0p50__psi1p00,hardzero_plus_depr,0.06,37,596,0.0,2,0.20255277,0.20257147,0.993724,0.10145559,0.10145559,1.0,1.870757e-05,0.0001843917,-26.688217,2.1862364,0.72874546,0.15200001,0.0,0.1594275,5.7850375,5.7950377,1910400
hardzero_plus_depr__c0p52__z1p00__lam0p010__nu0p50__psi1p00,hardzero_plus_depr,0.06,37,597,0.0,2,0.20257147,0.20257147,1.0132291,0.0,0.096999794,0.0,0.0,0.00018255693,-27.513882,2.2291486,0.74304956,0.08800001,0.0,0.1669837,5.7950377,5.805038,1913600
hardzero_plus_depr__c0p52__z1p00__lam0p010__nu0p50__psi1p00,hardzero_plus_depr,0.06,37,598,0.0,2,0.20257147,0.20259115,0.96304077,0.10888279,0.10888279,1.0,1.9679523e-05,0.00018074043,-26.163988,2.118732,0.706244,0.24,0.0,0.17039384,5.805038,5.815038,1916800
hardzero_plus_depr__c0p52__z1p00__lam0p010__nu0p50__psi1p00,hardzero_plus_depr,0.06,37,599,0.0,2,0.20259115,0.20259115,1.0261075,0.0,0.09416563,0.0,0.0,0.00017894198,-28.045603,2.2574818,0.752494,0.2,0.0,0.19188163,5.815038,5.8250384,1920000
hardzero_plus_depr__c0p52__z1p00__lam0p010__nu0p50__psi1p00,hardzero_plus_depr,0.06,37,600,0.0,2,0.20259115,0.20259115,1.055247,0.0,0.0880548,0.0,0.0,0.00017716143,-27.735228,2.3215897,0.77386326,0.17600001,0.0,0.18977942,5.8250384,5.8350387,1923200
hardzero_plus_depr__c0p52__z1p00__lam0p010__nu0p50__psi1p00,hardzero_plus_depr,0.06,37,601,0.0,2,0.20259115,0.20259115,1.0231032,0.0,0.0948193,0.0,0.0,0.0001753986,-26.61152,2.2508721,0.75029075,0.17600001,0.0,0.16980484,5.8350387,5.845039,1926400
hardzero_plus_depr__c0p52__z1p00__lam0p010__nu0p50__psi1p00,hardzero_plus_depr,0.06,37,602,0.0,2,0.20259115,0.20260966,0.9723017,0.10658553,0.10658553,1.0,1.8508932e-05,0.00017365333,-26.60918,2.1391065,0.7130355,0.18400002,0.0,0.15044607,5.845039,5.855039,1929600
hardzero_plus_depr__c0p52__z1p00__lam0p010__nu0p50__psi1p00,hardzero_plus_depr,0.06,37,603,0.0,2,0.20260966,0.20262797,0.9725825,0.106516644,0.106516644,1.0,1.831292e-05,0.00017192542,-26.264866,2.1397243,0.71324146,0.16000001,0.0,0.15368079,5.855039,5.8650393,1932800
hardzero_plus_depr__c0p52__z1p00__lam0p010__nu0p50__psi1p00,hardzero_plus_depr,0.06,37,604,0.0,2,0.20262797,0.20264725,0.94593835,0.11325609,0.11325609,1.0,1.927785e-05,0.00017021468,-26.021742,2.081106,0.693702,0.18400002,0.0,0.19422852,5.8650393,5.8750396,1936000
hardzero_plus_depr__c0p52__z1p00__lam0p010__nu0p50__psi1p00,hardzero_plus_depr,0.06,37,605,0.0,2,0.20264725,0.20264725,1.0185016,0.0,0.095829315,0.0,0.0,0.00016852099,-27.331154,2.2407484,0.7469162,0.16000001,0.0,0.18211757,5.8750396,5.88504,1939200
hardzero_plus_depr__c0p52__z1p00__lam0p010__nu0p50__psi1p00,hardzero_plus_depr,0.06,37,606,0.0,2,0.20264725,0.20266517,0.96926576,0.10733323,0.10733323,1.0,1.7907918e-05,0.00016684413,-26.993176,2.1324272,0.7108091,0.17600001,0.0,0.19591622,5.88504,5.89504,1942400
hardzero_plus_depr__c0p52__z1p00__lam0p010__nu0p50__psi1p00,hardzero_plus_depr,0.06,37,607,0.0,2,0.20266517,0.20266517,1.0763391,0.0,0.08388046,0.0,0.0,0.00016518397,-28.43559,2.3679934,0.78933114,0.128,0.0,0.184475,5.89504,5.9050403,1945600
hardzero_plus_depr__c0p52__z1p00__lam0p010__nu0p50__psi1p00,hardzero_plus_depr,0.06,37,608,0.0,2,0.20266517,0.20268191,0.9895774,0.10242892,0.10242892,1.0,1.6751259e-05,0.00016354032,-25.650614,2.1771138,0.7257046,0.18400002,0.0,0.15861067,5.9050403,5.9150405,1948800
hardzero_plus_depr__c0p52__z1p00__lam0p010__nu0p50__psi1p00,hardzero_plus_depr,0.06,37,609,0.0,2,0.20268191,0.20268191,1.0763638,0.0,0.08387571,0.0,0.0,0.00016191303,-28.735428,2.3680477,0.78934926,0.14400001,0.0,0.2256658,5.9150405,5.9250407,1952000
hardzero_plus_depr__c0p52__z1p00__lam0p010__nu0p50__psi1p00,hardzero_plus_depr,0.06,37,610,0.0,2,0.20268191,0.20269886,0.9760291,0.10567467,0.10567467,1.0,1.6939852e-05,0.00016030192,-25.961168,2.147307,0.715769,0.17600001,0.0,0.15313616,5.9250407,5.935041,1955200
hardzero_plus_depr__c0p52__z1p00__lam0p010__nu0p50__psi1p00,hardzero_plus_depr,0.06,37,611,0.0,2,0.20269886,0.20269886,1.0300523,0.0,0.0933142,0.0,0.0,0.00015870687,-27.230103,2.2661602,0.75538677,0.13,0.0,0.16358775,5.935041,5.945041,1958400
hardzero_plus_depr__c0p52__z1p00__lam0p010__nu0p50__psi1p00,hardzero_plus_depr,0.06,37,612,0.0,2,0.20269886,0.20271553,0.97431743,0.10609199,0.10609199,1.0,1.6669985e-05,0.00015712765,-26.88521,2.143541,0.7145137,0.216,0.0,0.18438904,5.945041,5.9550414,1961600
hardzero_plus_depr__c0p52__z1p00__lam0p010__nu0p50__psi1p00,hardzero_plus_depr,0.06,37,613,0.0,2,0.20271553,0.20273367,0.93328595,0.11660416,0.11660416,1.0,1.813943e-05,0.00015556418,-25.456766,2.05327,0.6844234,0.23200001,0.0,0.17524834,5.9550414,5.9650416,1964800
hardzero_plus_depr__c0p52__z1p00__lam0p010__nu0p50__psi1p00,hardzero_plus_depr,0.06,37,614,0.0,2,0.20273367,0.20273367,1.0355606,0.0,0.092138134,0.0,0.0,0.00015401626,-26.579302,2.2782788,0.7594263,0.136,0.0,0.17915146,5.9650416,5.975042,1968000
hardzero_plus_depr__c0p52__z1p00__lam0p010__nu0p50__psi1p00,hardzero_plus_depr,0.06,37,615,0.0,2,0.20273367,0.20273367,1.0118338,0.0,0.09731195,0.0,0.0,0.00015248373,-27.31497,2.2260787,0.74202627,0.17600001,0.0,0.17735812,5.975042,5.985042,1971200
hardzero_plus_depr__c0p52__z1p00__lam0p010__nu0p50__psi1p00,hardzero_plus_depr,0.06,37,616,0.0,2,0.20273367,0.20275089,0.9425478,0.114143774,0.114143774,1.0,1.7231883e-05,0.00015096647,-26.076918,2.0736465,0.6912155,0.192,0.008,0.1718168,5.985042,5.9950423,1974400
hardzero_plus_depr__c0p52__z1p00__lam0p010__nu0p50__psi1p00,hardzero_plus_depr,0.06,37,617,0.0,2,0.20275089,0.20275089,1.0909792,0.0,0.08109998,0.0,0.0,0.00014946428,-28.314497,2.4002023,0.8000674,0.128,0.0,0.22638255,5.9950423,6.0050426,1977600
hardzero_plus_depr__c0p52__z1p00__lam0p010__nu0p50__psi1p00,hardzero_plus_depr,0.06,37,618,0.0,2,0.20275089,0.20276682,0.96792704,0.10766459,0.10766459,1.0,1.593189e-05,0.00014797706,-26.430658,2.129482,0.70982736,0.16800001,0.008,0.19284122,6.0050426,6.015043,1980800
hardzero_plus_depr__c0p52__z1p00__lam0p010__nu0p50__psi1p00,hardzero_plus_depr,0.06,37,619,0.0,2,0.20276682,0.20276682,1.0895065,0.0,0.08137546,0.0,0.0,0.00014650462,-28.58738,2.3969622,0.7989874,0.14400001,0.0,0.2058068,6.015043,6.025043,1984000
hardzero_plus_depr__c0p52__z1p00__lam0p010__nu0p50__psi1p00,hardzero_plus_depr,0.06,37,620,0.0,2,0.20276682,0.20278153,0.99406374,0.10137626,0.10137626,1.0,1.4704306e-05,0.00014504684,-25.977142,2.1869838,0.7289946,0.192,0.0,0.18389773,6.025043,6.0350432,1987200
hardzero_plus_depr__c0p52__z1p00__lam0p010__nu0p50__psi1p00,hardzero_plus_depr,0.06,37,621,0.0,2,0.20278153,0.20278153,1.0131367,0.0,0.09702045,0.0,0.0,0.00014360358,-28.116934,2.2289453,0.7429818,0.192,0.0,0.17001575,6.0350432,6.0450435,1990400
hardzero_plus_depr__c0p52__z1p00__lam0p010__nu0p50__psi1p00,hardzero_plus_depr,0.06,37,622,0.0,2,0.20278153,0.20278153,1.0376396,0.0,0.0916981,0.0,0.0,0.00014217466,-27.414143,2.2828526,0.7609509,0.136,0.0,0.19124451,6.0450435,6.0550437,1993600
hardzero_plus_depr__c0p52__z1p00__lam0p010__nu0p50__psi1p00,hardzero_plus_depr,0.06,37,623,0.0,2,0.20278153,0.20279665,0.96864563,0.10748659,0.10748659,1.0,1.512981e-05,0.00014075998,-26.343107,2.131063,0.7103543,0.16800001,0.0,0.20113793,6.0550437,6.065044,1996800
hardzero_plus_depr__c0p52__z1p00__lam0p010__nu0p50__psi1p00,hardzero_plus_depr,0.06,37,624,0.0,2,0.20279665,0.20279665,1.0344441,0.0,0.09237531,0.0,0.0,0.00013935937,-26.988478,2.2758224,0.7586075,0.19999999,0.0,0.16065095,6.065044,6.075044,2000000
hardzero_plus_depr__c0p52__z1p00__lam0p010__nu0p50__psi1p00,hardzero_plus_depr,0.06,37,625,0.0,2,0.20279665,0.20279665,1.0242716,0.0,0.09456455,0.0,0.0,0.00013797267,-27.929752,2.2534425,0.7511475,0.136,0.0,0.18329185,6.075044,6.0850444,2003200
hardzero_plus_depr__c0p52__z1p00__lam0p010__nu0p50__psi1p00,hardzero_plus_depr,0.06,37,626,0.0,2,0.20279665,0.20279665,1.0218163,0.0,0.0951007,0.0,0.0,0.00013659979,-26.600048,2.2480407,0.7493469,0.16800001,0.0,0.18262564,6.0850444,6.0950446,2006400
hardzero_plus_depr__c0p52__z1p00__lam0p010__nu0p50__psi1p00,hardzero_plus_depr,0.06,37,627,0.0,2,0.20279665,0.20279665,1.0320618,0.0,0.09288341,0.0,0.0,0.00013524057,-28.122856,2.2705812,0.75686044,0.14400001,0.0,0.17588982,6.0950446,6.105045,2009600
hardzero_plus_depr__c0p52__z1p00__lam0p010__nu0p50__psi1p00,hardzero_plus_depr,0.06,37,628,0.0,2,0.20279665,0.20279665,1.0590004,0.0,0.08729706,0.0,0.0,0.00013389488,-27.972733,2.3298473,0.7766158,0.16000001,0.0,0.21536078,6.105045,6.115045,2012800
hardzero_plus_depr__c0p52__z1p00__lam0p010__nu0p50__psi1p00,hardzero_plus_depr,0.06,37,629,0.0,2,0.20279665,0.20281005,0.9954075,0.101063065,0.101063065,1.0,1.3397179e-05,0.00013256256,-26.741426,2.1899402,0.7299801,0.112,0.0,0.18489608,6.115045,6.1250453,2016000
hardzero_plus_depr__c0p52__z1p00__lam0p010__nu0p50__psi1p00,hardzero_plus_depr,0.06,37,630,0.0,2,0.20281005,0.20281005,1.0808574,0.0,0.08301232,0.0,0.0,0.00013124352,-27.72587,2.3779337,0.7926446,0.120000005,0.0,0.1808486,6.1250453,6.1350455,2019200
hardzero_plus_depr__c0p52__z1p00__lam0p010__nu0p50__psi1p00,hardzero_plus_depr,0.06,37,631,0.0,2,0.20281005,0.20281005,1.0252688,0.0,0.094347686,0.0,0.0,0.00012993759,-28.059227,2.2556365,0.75187886,0.14400001,0.0,0.20973295,6.1350455,6.1450458,2022400
hardzero_plus_depr__c0p52__z1p00__lam0p010__nu0p50__psi1p00,hardzero_plus_depr,0.06,37,632,0.0,2,0.20281005,0.20281005,1.002648,0.0,0.09939212,0.0,0.0,0.00012864465,-27.620787,2.2058697,0.73528993,0.192,0.0,0.19224037,6.1450458,6.155046,2025600
hardzero_plus_depr__c0p52__z1p00__lam0p010__nu0p50__psi1p00,hardzero_plus_depr,0.06,37,633,0.0,2,0.20281005,0.20281005,1.0241926,0.0,0.09458175,0.0,0.0,0.0001273646,-27.804817,2.2532687,0.7510896,0.18400002,0.0,0.16932784,6.155046,6.165046,2028800
hardzero_plus_depr__c0p52__z1p00__lam0p010__nu0p50__psi1p00,hardzero_plus_depr,0.06,37,634,0.0,2,0.20281005,0.20281005,1.0394018,0.0,0.091326796,0.0,0.0,0.00012609728,-27.073803,2.2867296,0.7622432,0.192,0.0,0.16689007,6.165046,6.1750464,2032000
hardzero_plus_depr__c0p52__z1p00__lam0p010__nu0p50__psi1p00,hardzero_plus_depr,0.06,37,635,0.0,2,0.20281005,0.20282257,0.99893665,0.100245155,0.100245155,1.0,1.2514863e-05,0.00012484257,-27.180536,2.1977046,0.7325682,0.2,0.0,0.18790345,6.1750464,6.1850467,2035200
hardzero_plus_depr__c0p52__z1p00__lam0p010__nu0p50__psi1p00,hardzero_plus_depr,0.06,37,636,0.0,2,0.20282257,0.20282257,1.058046,0.0,0.08748911,0.0,0.0,0.00012360033,-27.444021,2.3277476,0.77591586,0.120000005,0.0,0.1552653,6.1850467,6.195047,2038400
hardzero_plus_depr__c0p52__z1p00__lam0p010__nu0p50__psi1p00,hardzero_plus_depr,0.06,37,637,0.0,2,0.20282257,0.20283596,0.96079177,0.1094481,0.1094481,1.0,1.3393213e-05,0.00012237045,-25.888376,2.113784,0.70459473,0.099999994,0.0,0.13613711,6.195047,6.205047,2041600
hardzero_plus_depr__c0p52__z1p00__lam0p010__nu0p50__psi1p00,hardzero_plus_depr,0.06,37,638,0.0,2,0.20283596,0.20283596,1.0261995,0.0,0.0941457,0.0,0.0,0.00012115282,-26.856947,2.257684,0.75256133,0.14400001,0.0,0.18187687,6.205047,6.2150474,2044800
hardzero_plus_depr__c0p52__z1p00__lam0p010__nu0p50__psi1p00,hardzero_plus_depr,0.06,37,639,0.0,2,0.20283596,0.202848,0.9984227,0.10036384,0.10036384,1.0,1.2038372e-05,0.0001199473,-26.521664,2.1965737,0.73219126,0.18400002,0.0,0.15035406,6.2150474,6.2250476,2048000
hardzero_plus_depr__c0p52__z1p00__lam0p010__nu0p50__psi1p00,hardzero_plus_depr,0.06,37,640,0.0,2,0.202848,0.20286104,0.9591999,0.10985001,0.10985001,1.0,1.30451035e-05,0.00011875377,-25.936308,2.110282,0.7034273,0.208,0.008,0.18580547,6.2250476,6.235048,2051200
hardzero_plus_depr__c0p52__z1p00__lam0p010__nu0p50__psi1p00,hardzero_plus_depr,0.06,37,641,0.0,2,0.20286104,0.20286104,1.0223776,0.0,0.09497786,0.0,0.0,0.000117572126,-26.50484,2.2492757,0.7497586,0.17600001,0.0,0.17768356,6.235048,6.245048,2054400
hardzero_plus_depr__c0p52__z1p00__lam0p010__nu0p50__psi1p00,hardzero_plus_depr,0.06,37,642,0.0,2,0.20286104,0.20286104,1.0391966,0.0,0.09136994,0.0,0.0,0.00011640225,-27.196777,2.2862782,0.76209277,0.208,0.0,0.2021135,6.245048,6.2550483,2057600
hardzero_plus_depr__c0p52__z1p00__lam0p010__nu0p50__psi1p00,hardzero_plus_depr,0.06,37,643,0.0,2,0.20286104,0.2028729,0.98752975,0.10291299,0.10291299,1.0,1.1860105e-05,0.000115243995,-26.083738,2.1726089,0.724203,0.15200001,0.0,0.15127715,6.2550483,6.2650485,2060800
hardzero_plus_depr__c0p52__z1p00__lam0p010__nu0p50__psi1p00,hardzero_plus_depr,0.06,37,644,0.0,2,0.2028729,0.20288534,0.96218646,0.109097175,0.109097175,1.0,1.2447689e-05,0.00011409727,-26.59927,2.1168525,0.70561755,0.15200001,0.0,0.16196167,6.2650485,6.2750487,2064000
hardzero_plus_depr__c0p52__z1p00__lam0p010__nu0p50__psi1p00,hardzero_plus_depr,0.06,37,645,0.0,2,0.20288534,0.20288534,1.0739298,0.0,0.08434711,0.0,0.0,0.000112961956,-28.020056,2.3626926,0.7875642,0.15200001,0.0,0.19718473,6.2750487,6.285049,2067200
hardzero_plus_depr__c0p52__z1p00__lam0p010__nu0p50__psi1p00,hardzero_plus_depr,0.06,37,646,0.0,2,0.20288534,0.20288534,1.0239719,0.0,0.094629824,0.0,0.0,0.00011183794,-26.992657,2.2527833,0.7509278,0.120000005,0.0,0.16058494,6.285049,6.295049,2070400
hardzero_plus_depr__c0p52__z1p00__lam0p010__nu0p50__psi1p00,hardzero_plus_depr,0.06,37,647,0.0,2,0.20288534,0.20289655,0.9949767,0.10116337,0.10116337,1.0,1.1201326e-05,0.000110725116,-27.446465,2.1889925,0.7296642,0.2,0.008,0.18708189,6.295049,6.3050494,2073600
hardzero_plus_depr__c0p52__z1p00__lam0p010__nu0p50__psi1p00,hardzero_plus_depr,0.06,37,648,0.0,2,0.20289655,0.20289655,1.0682514,0.0,0.08545719,0.0,0.0,0.00010962335,-28.057442,2.3502,0.7834,0.16800001,0.008,0.21703497,6.3050494,6.3150496,2076800
hardzero_plus_depr__c0p52__z1p00__lam0p010__nu0p50__psi1p00,hardzero_plus_depr,0.06,37,649,0.0,2,0.20289655,0.20290752,0.99550825,0.101039626,0.101039626,1.0,1.0966089e-05,0.00010853256,-26.974249,2.190162,0.730054,0.15200001,0.0,0.1860964,6.3150496,6.32505,2080000
hardzero_plus_depr__c0p52__z1p00__lam0p010__nu0p50__psi1p00,hardzero_plus_depr,0.06,37,650,0.0,2,0.20290752,0.20290752,1.0338995,0.0,0.0924912,0.0,0.0,0.00010745261,-27.406168,2.2746243,0.75820816,0.17999999,0.0,0.18924665,6.32505,6.33505,2083200
hardzero_plus_depr__c0p52__z1p00__lam0p010__nu0p50__psi1p00,hardzero_plus_depr,0.06,37,651,0.0,2,0.20290752,0.20290752,1.0368938,0.0,0.09185571,0.0,0.0,0.00010638341,-27.486406,2.281212,0.76040405,0.128,0.0,0.19935626,6.33505,6.3450503,2086400
hardzero_plus_depr__c0p52__z1p00__lam0p010__nu0p50__psi1p00,hardzero_plus_depr,0.06,37,652,0.0,2,0.20290752,0.20290752,1.0678564,0.0,0.08553494,0.0,0.0,0.00010532486,-28.267912,2.3493311,0.7831104,0.18400002,0.0,0.17975086,6.3450503,6.3550506,2089600
hardzero_plus_depr__c0p52__z1p00__lam0p010__nu0p50__psi1p00,hardzero_plus_depr,0.06,37,653,0.0,2,0.20290752,0.20291819,0.98977673,0.10238192,0.10238192,1.0,1.06760635e-05,0.00010427684,-26.3139,2.1775522,0.72585076,0.15200001,0.0,0.1647778,6.3550506,6.365051,2092800
hardzero_plus_depr__c0p52__z1p00__lam0p010__nu0p50__psi1p00,hardzero_plus_depr,0.06,37,654,0.0,2,0.20291819,0.20292898,0.9807091,0.10454203,0.10454203,1.0,1.079284e-05,0.00010323924,-26.382633,2.157603,0.719201,0.16800001,0.0,0.17593893,6.365051,6.375051,2096000
hardzero_plus_depr__c0p52__z1p00__lam0p010__nu0p50__psi1p00,hardzero_plus_depr,0.06,37,655,0.0,2,0.20292898,0.20293929,0.9960138,0.10092206,0.10092206,1.0,1.03154425e-05,0.00010221197,-26.281763,2.1912742,0.73042476,0.14400001,0.0,0.15289338,6.375051,6.3850513,2099200
hardzero_plus_depr__c0p52__z1p00__lam0p010__nu0p50__psi1p00,hardzero_plus_depr,0.06,37,656,0.0,2,0.20293929,0.20293929,1.0195467,0.0,0.09559898,0.0,0.0,0.00010119492,-27.322947,2.2430477,0.7476826,0.15200001,0.0,0.18627447,6.3850513,6.3950515,2102400
hardzero_plus_depr__c0p52__z1p00__lam0p010__nu0p50__psi1p00,hardzero_plus_depr,0.06,37,657,0.0,2,0.20293929,0.20293929,1.0313045,0.0,0.09304552,0.0,0.0,0.000100187994,-27.537685,2.2689152,0.7563051,0.128,0.0,0.20881324,6.3950515,6.4050517,2105600
hardzero_plus_depr__c0p52__z1p00__lam0p010__nu0p50__psi1p00,hardzero_plus_depr,0.06,37,658,0.0,2,0.20293929,0.20293929,1.0301857,0.0,0.09328552,0.0,0.0,9.9191086e-05,-26.782228,2.2664537,0.7554846,0.112,0.0,0.17087288,6.4050517,6.415052,2108800
hardzero_plus_depr__c0p52__z1p00__lam0p010__nu0p50__psi1p00,hardzero_plus_depr,0.06,37,659,0.0,2,0.20293929,0.20293929,1.0134325,0.0,0.09695438,0.0,0.0,9.8204095e-05,-27.145016,2.2295961,0.74319875,0.112,0.0,0.14885181,6.415052,6.425052,2112000
hardzero_plus_depr__c0p52__z1p00__lam0p010__nu0p50__psi1p00,hardzero_plus_depr,0.06,37,660,0.0,2,0.20293929,0.2029497,0.97013986,0.10711744,0.10711744,1.0,1.0414699e-05,9.7226926e-05,-26.707764,2.1343503,0.7114501,0.17600001,0.0,0.1675479,6.425052,6.4350524,2115200
hardzero_plus_depr__c0p52__z1p00__lam0p010__nu0p50__psi1p00,hardzero_plus_depr,0.06,37,661,0.0,2,0.2029497,0.2029497,1.0165056,0.0,0.09627075,0.0,0.0,9.625948e-05,-27.636208,2.236357,0.74545234,0.15200001,0.0,0.17850588,6.4350524,6.4450526,2118400
hardzero_plus_depr__c0p52__z1p00__lam0p010__nu0p50__psi1p00,hardzero_plus_depr,0.06,37,662,0.0,2,0.2029497,0.2029497,1.0342733,0.0,0.09241166,0.0,0.0,9.5301664e-05,-26.55745,2.2754467,0.7584822,0.16000001,0.0,0.1756179,6.4450526,6.455053,2121600
hardzero_plus_depr__c0p52__z1p00__lam0p010__nu0p50__psi1p00,hardzero_plus_depr,0.06,37,663,0.0,2,0.2029497,0.2029497,1.0526052,0.0,0.08859207,0.0,0.0,9.4353374e-05,-27.7071,2.3157775,0.77192587,0.14999999,0.0,0.20621689,6.455053,6.465053,2124800
hardzero_plus_depr__c0p52__z1p00__lam0p010__nu0p50__psi1p00,hardzero_plus_depr,0.06,37,664,0.0,2,0.2029497,0.20295922,0.9913562,0.10201025,0.10201025,1.0,9.529238e-06,9.3414514e-05,-26.239845,2.1810272,0.72700906,0.208,0.0,0.16532958,6.465053,6.4750533,2128000
hardzero_plus_depr__c0p52__z1p00__lam0p010__nu0p50__psi1p00,hardzero_plus_depr,0.06,37,665,0.0,2,0.20295922,0.20295922,1.0854132,0.0,0.08214606,0.0,0.0,9.2485e-05,-28.023361,2.3879569,0.79598564,0.120000005,0.0,0.18948883,6.4750533,6.4850535,2131200
hardzero_plus_depr__c0p52__z1p00__lam0p010__nu0p50__psi1p00,hardzero_plus_depr,0.06,37,666,0.0,2,0.20295922,0.20295922,1.0327127,0.0,0.092744306,0.0,0.0,9.156474e-05,-27.040817,2.2720132,0.75733775,0.128,0.0,0.18312511,6.4850535,6.495054,2134400
hardzero_plus_depr__c0p52__z1p00__lam0p010__nu0p50__psi1p00,hardzero_plus_depr,0.06,37,667,0.0,2,0.20295922,0.20296948,0.94657177,0.11309104,0.11309104,1.0,1.02521135e-05,9.065364e-05,-26.679144,2.0824995,0.69416654,0.192,0.0,0.16344854,6.495054,6.505054,2137600
hardzero_plus_depr__c0p52__z1p00__lam0p010__nu0p50__psi1p00,hardzero_plus_depr,0.06,37,668,0.0,2,0.20296948,0.20297845,0.9999174,0.10001902,0.10001902,1.0,8.976867e-06,8.97516e-05,-26.775265,2.1998622,0.73328745,0.15200001,0.0,0.18721594,6.505054,6.515054,2140800
hardzero_plus_depr__c0p52__z1p00__lam0p010__nu0p50__psi1p00,hardzero_plus_depr,0.06,37,669,0.0,2,0.20297845,0.20298737,0.9977241,0.100525424,0.100525424,1.0,8.932541e-06,8.885853e-05,-26.264353,2.195037,0.73167896,0.2,0.0,0.17135844,6.515054,6.5250545,2144000
hardzero_plus_depr__c0p52__z1p00__lam0p010__nu0p50__psi1p00,hardzero_plus_depr,0.06,37,670,0.0,2,0.20298737,0.20298737,1.082087,0.0,0.08277763,0.0,0.0,8.797436e-05,-27.779812,2.380639,0.7935464,0.16800001,0.0,0.181453,6.5250545,6.5350547,2147200
hardzero_plus_depr__c0p52__z1p00__lam0p010__nu0p50__psi1p00,hardzero_plus_depr,0.06,37,671,0.0,2,0.20298737,0.20298737,1.0532084,0.0,0.088469096,0.0,0.0,8.7098975e-05,-27.606981,2.3171046,0.7723682,0.08800001,0.0,0.18978298,6.5350547,6.545055,2150400
hardzero_plus_depr__c0p52__z1p00__lam0p010__nu0p50__psi1p00,hardzero_plus_depr,0.06,37,672,0.0,2,0.20298737,0.20299613,0.993149,0.10159,0.10159,1.0,8.760341e-06,8.6232314e-05,-26.58224,2.1849713,0.7283238,0.136,0.0,0.18843769,6.545055,6.555055,2153600
hardzero_plus_depr__c0p52__z1p00__lam0p010__nu0p50__psi1p00,hardzero_plus_depr,0.06,37,673,0.0,2,0.20299613,0.20300536,0.96638536,0.10804747,0.10804747,1.0,9.224473e-06,8.537426e-05,-27.14206,2.1260903,0.7086968,0.136,0.0,0.1808897,6.555055,6.5650554,2156800
hardzero_plus_depr__c0p52__z1p00__lam0p010__nu0p50__psi1p00,hardzero_plus_depr,0.06,37,674,0.0,2,0.20300536,0.20300536,1.027367,0.0,0.093892954,0.0,0.0,8.4524756e-05,-27.416206,2.2602525,0.7534175,0.15200001,0.0,0.17762233,6.5650554,6.5750556,2160000
hardzero_plus_depr__c0p52__z1p00__lam0p010__nu0p50__psi1p00,hardzero_plus_depr,0.06,37,675,0.0,2,0.20300536,0.20300536,1.0234686,0.0,0.09473955,0.0,0.0,8.3683706e-05,-27.380592,2.2516758,0.7505586,0.15200001,0.0,0.19197927,6.5750556,6.585056,2163200
hardzero_plus_depr__c0p52__z1p00__lam0p010__nu0p50__psi1p00,hardzero_plus_depr,0.06,37,676,0.0,2,0.20300536,0.2030137,0.99681586,0.10073587,0.10073587,1.0,8.346069e-06,8.285101e-05,-26.498182,2.1930387,0.73101294,0.19999999,0.0,0.17752604,6.585056,6.595056,2166400
hardzero_plus_depr__c0p52__z1p00__lam0p010__nu0p50__psi1p00,hardzero_plus_depr,0.06,37,677,0.0,2,0.2030137,0.2030137,1.0136069,0.0,0.09691547,0.0,0.0,8.202661e-05,-26.889793,2.2299798,0.7433266,0.18400002,0.0,0.17016637,6.595056,6.6050563,2169600
hardzero_plus_depr__c0p52__z1p00__lam0p010__nu0p50__psi1p00,hardzero_plus_depr,0.06,37,678,0.0,2,0.2030137,0.20302187,0.99727035,0.10063049,0.10063049,1.0,8.172245e-06,8.121042e-05,-26.25483,2.1940386,0.73134625,0.208,0.0,0.17051114,6.6050563,6.6150565,2172800
hardzero_plus_depr__c0p52__z1p00__lam0p010__nu0p50__psi1p00,hardzero_plus_depr,0.06,37,679,0.0,2,0.20302187,0.20302187,1.0212034,0.0,0.095235,0.0,0.0,8.0402344e-05,-27.448158,2.2466924,0.7488975,0.18400002,0.0,0.17978185,6.6150565,6.6250567,2176000
hardzero_plus_depr__c0p52__z1p00__lam0p010__nu0p50__psi1p00,hardzero_plus_depr,0.06,37,680,0.0,2,0.20302187,0.20303023,0.9791105,0.104927555,0.104927555,1.0,8.352475e-06,7.96023e-05,-26.638092,2.154086,0.7180287,0.216,0.0,0.20326522,6.6250567,6.635057,2179200
hardzero_plus_depr__c0p52__z1p00__lam0p010__nu0p50__psi1p00,hardzero_plus_depr,0.06,37,681,0.0,2,0.20303023,0.20303023,1.0790123,0.0,0.08336576,0.0,0.0,7.881023e-05,-27.17731,2.3738744,0.7912915,0.15200001,0.0,0.17348504,6.635057,6.645057,2182400
hardzero_plus_depr__c0p52__z1p00__lam0p010__nu0p50__psi1p00,hardzero_plus_depr,0.06,37,682,0.0,2,0.20303023,0.20303023,1.027023,0.0,0.093967356,0.0,0.0,7.802604e-05,-27.994888,2.2594955,0.7531652,0.128,0.0,0.19387062,6.645057,6.6550574,2185600
hardzero_plus_depr__c0p52__z1p00__lam0p010__nu0p50__psi1p00,hardzero_plus_depr,0.06,37,683,0.0,2,0.20303023,0.20303023,1.0373555,0.0,0.09175811,0.0,0.0,7.724966e-05,-26.70415,2.2822278,0.7607426,0.080000006,0.0,0.15978794,6.6550574,6.6650577,2188800
hardzero_plus_depr__c0p52__z1p00__lam0p010__nu0p50__psi1p00,hardzero_plus_depr,0.06,37,684,0.0,2,0.20303023,0.20303023,1.0049279,0.0,0.09887173,0.0,0.0,7.648099e-05,-26.98049,2.2108855,0.73696184,0.216,0.0,0.16886127,6.6650577,6.675058,2192000
hardzero_plus_depr__c0p52__z1p00__lam0p010__nu0p50__psi1p00,hardzero_plus_depr,0.06,37,685,0.0,2,0.20303023,0.20303023,1.0631722,0.0,0.08646249,0.0,0.0,7.5719974e-05,-28.05954,2.3390255,0.7796752,0.128,0.0,0.19621883,6.675058,6.685058,2195200
hardzero_plus_depr__c0p52__z1p00__lam0p010__nu0p50__psi1p00,hardzero_plus_depr,0.06,37,686,0.0,2,0.20303023,0.20303023,1.0285529,0.0,0.09363692,0.0,0.0,7.496653e-05,-27.837502,2.2628615,0.7542872,0.18400002,0.0,0.19770826,6.685058,6.6950583,2198400
hardzero_plus_depr__c0p52__z1p00__lam0p010__nu0p50__psi1p00,hardzero_plus_depr,0.06,37,687,0.0,2,0.20303023,0.20303023,1.0855414,0.0,0.08212184,0.0,0.0,7.4220574e-05,-27.635693,2.3882387,0.7960796,0.136,0.0,0.19794394,6.6950583,6.7050586,2201600
hardzero_plus_depr__c0p52__z1p00__lam0p010__nu0p50__psi1p00,hardzero_plus_depr,0.06,37,688,0.0,2,0.20303023,0.20303023,1.0276234,0.0,0.09383752,0.0,0.0,7.3482064e-05,-27.240198,2.2608166,0.75360554,0.112,0.0,0.17719735,6.7050586,6.715059,2204800
hardzero_plus_depr__c0p52__z1p00__lam0p010__nu0p50__psi1p00,hardzero_plus_depr,0.06,37,689,0.0,2,0.20303023,0.20303023,1.0262669,0.0,0.09413109,0.0,0.0,7.275089e-05,-28.274817,2.2578323,0.7526108,0.099999994,0.0,0.1785961,6.715059,6.725059,2208000
hardzero_plus_depr__c0p52__z1p00__lam0p010__nu0p50__psi1p00,hardzero_plus_depr,0.06,37,690,0.0,2,0.20303023,0.20303023,1.0229541,0.0,0.09485186,0.0,0.0,7.202698e-05,-27.77936,2.250544,0.7501814,0.120000005,0.0,0.1614564,6.725059,6.7350593,2211200
hardzero_plus_depr__c0p52__z1p00__lam0p010__nu0p50__psi1p00,hardzero_plus_depr,0.06,37,691,0.0,2,0.20303023,0.20303741,0.9970596,0.10067935,0.10067935,1.0,7.1794734e-06,7.1310285e-05,-26.945293,2.193575,0.73119164,0.136,0.0,0.14724731,6.7350593,6.7450595,2214400
hardzero_plus_depr__c0p52__z1p00__lam0p010__nu0p50__psi1p00,hardzero_plus_depr,0.06,37,692,0.0,2,0.20303741,0.20303741,1.0156782,0.0,0.09645434,0.0,0.0,7.060071e-05,-27.34666,2.2345366,0.74484557,0.23200001,0.0,0.20339458,6.7450595,6.7550597,2217600
hardzero_plus_depr__c0p52__z1p00__lam0p010__nu0p50__psi1p00,hardzero_plus_depr,0.06,37,693,0.0,2,0.20303741,0.20303741,1.0596625,0.0,0.08716406,0.0,0.0,6.989822e-05,-27.760841,2.3313038,0.7771013,0.104,0.0,0.21320458,6.7550597,6.76506,2220800
hardzero_plus_depr__c0p52__z1p00__lam0p010__nu0p50__psi1p00,hardzero_plus_depr,0.06,37,694,0.0,2,0.20303741,0.20303741,1.0146325,0.0,0.09668686,0.0,0.0,6.92027e-05,-27.202885,2.232236,0.74407864,0.136,0.0,0.18350601,6.76506,6.77506,2224000
hardzero_plus_depr__c0p52__z1p00__lam0p010__nu0p50__psi1p00,hardzero_plus_depr,0.06,37,695,0.0,2,0.20303741,0.20303741,1.0740565,0.0,0.0843225,0.0,0.0,6.85141e-05,-28.00158,2.3629715,0.7876572,0.16800001,0.0,0.1844893,6.77506,6.7850604,2227200
hardzero_plus_depr__c0p52__z1p00__lam0p010__nu0p50__psi1p00,hardzero_plus_depr,0.06,37,696,0.0,2,0.20303741,0.20303741,1.058053,0.0,0.0874877,0.0,0.0,6.783236e-05,-27.964552,2.327763,0.77592105,0.17600001,0.0,0.20245486,6.7850604,6.7950606,2230400
hardzero_plus_depr__c0p52__z1p00__lam0p010__nu0p50__psi1p00,hardzero_plus_depr,0.06,37,697,0.0,2,0.20303741,0.20303741,1.0312215,0.0,0.09306332,0.0,0.0,6.715741e-05,-27.29421,2.2687325,0.7562442,0.17600001,0.0,0.17938903,6.7950606,6.805061,2233600
hardzero_plus_depr__c0p52__z1p00__lam0p010__nu0p50__psi1p00,hardzero_plus_depr,0.06,37,698,0.0,2,0.20303741,0.20303741,1.016628,0.0,0.09624363,0.0,0.0,6.6489156e-05,-26.720798,2.2366264,0.74554217,0.136,0.0,0.18328011,6.805061,6.815061,2236800
hardzero_plus_depr__c0p52__z1p00__lam0p010__nu0p50__psi1p00,hardzero_plus_depr,0.06,37,699,0.0,2,0.20303741,0.20304418,0.9879805,0.10280624,0.10280624,1.0,6.7674846e-06,6.582757e-05,-26.170767,2.1736004,0.7245335,0.18400002,0.0,0.16906089,6.815061,6.8250613,2240000
hardzero_plus_depr__c0p52__z1p00__lam0p010__nu0p50__psi1p00,hardzero_plus_depr,0.06,37,700,0.0,2,0.20304418,0.20305099,0.9809218,0.104490824,0.104490824,1.0,6.8099343e-06,6.517256e-05,-26.622066,2.158071,0.719357,0.192,0.0,0.18254817,6.8250613,6.8350616,2243200
hardzero_plus_depr__c0p52__z1p00__lam0p010__nu0p50__psi1p00,hardzero_plus_depr,0.06,37,701,0.0,2,0.20305099,0.2030578,0.97621,0.105630666,0.105630666,1.0,6.81572e-06,6.4524065e-05,-26.305954,2.1477048,0.7159016,0.14400001,0.0,0.16884586,6.8350616,6.845062,2246400
hardzero_plus_depr__c0p52__z1p00__lam0p010__nu0p50__psi1p00,hardzero_plus_depr,0.06,37,702,0.0,2,0.2030578,0.2030578,1.0095276,0.0,0.09783007,0.0,0.0,6.388203e-05,-25.444498,2.221005,0.740335,0.12,0.0,0.1560304,6.845062,6.855062,2249600
hardzero_plus_depr__c0p52__z1p00__lam0p010__nu0p50__psi1p00,hardzero_plus_depr,0.06,37,703,0.0,2,0.2030578,0.2030578,1.0130781,0.0,0.09703354,0.0,0.0,6.324638e-05,-27.31567,2.2288163,0.74293876,0.16000001,0.0,0.1701312,6.855062,6.865062,2252800
hardzero_plus_depr__c0p52__z1p00__lam0p010__nu0p50__psi1p00,hardzero_plus_depr,0.06,37,704,0.0,2,0.2030578,0.2030578,1.0609238,0.0,0.08691129,0.0,0.0,6.261705e-05,-27.591812,2.334079,0.77802634,0.17600001,0.0,0.20365737,6.865062,6.8750625,2256000
hardzero_plus_depr__c0p52__z1p00__lam0p010__nu0p50__psi1p00,hardzero_plus_depr,0.06,37,705,0.0,2,0.2030578,0.2030578,1.0026093,0.0,0.09940101,0.0,0.0,6.199399e-05,-27.026037,2.2057843,0.73526144,0.096,0.0,0.15218829,6.8750625,6.8850627,2259200
hardzero_plus_depr__c0p52__z1p00__lam0p010__nu0p50__psi1p00,hardzero_plus_depr,0.06,37,706,0.0,2,0.2030578,0.20306426,0.97693604,0.10545422,0.10545422,1.0,6.4724763e-06,6.137712e-05,-26.603678,2.1493022,0.7164341,0.208,0.0,0.173877,6.8850627,6.895063,2262400
hardzero_plus_depr__c0p52__z1p00__lam0p010__nu0p50__psi1p00,hardzero_plus_depr,0.06,37,707,0.0,2,0.20306426,0.20307076,0.9710893,0.1068835,0.1068835,1.0,6.494925e-06,6.0766393e-05,-25.765217,2.136439,0.7121464,0.192,0.0,0.17942695,6.895063,6.905063,2265600
hardzero_plus_depr__c0p52__z1p00__lam0p010__nu0p50__psi1p00,hardzero_plus_depr,0.06,37,708,0.0,2,0.20307076,0.20307735,0.96067536,0.10947743,0.10947743,1.0,6.5863533e-06,6.0161743e-05,-25.22731,2.113528,0.7045094,0.16000001,0.0,0.1471929,6.905063,6.9150634,2268800
hardzero_plus_depr__c0p52__z1p00__lam0p010__nu0p50__psi1p00,hardzero_plus_depr,0.06,37,709,0.0,2,0.20307735,0.20307735,1.0593709,0.0,0.087222606,0.0,0.0,5.956311e-05,-27.542896,2.3306625,0.77688754,0.112,0.0,0.17210671,6.9150634,6.9250636,2272000
hardzero_plus_depr__c0p52__z1p00__lam0p010__nu0p50__psi1p00,hardzero_plus_depr,0.06,37,710,0.0,2,0.20307735,0.20308326,0.998159,0.100424804,0.100424804,1.0,5.9220947e-06,5.897044e-05,-26.935274,2.1959937,0.7319979,0.17600001,0.0,0.17498718,6.9250636,6.935064,2275200
hardzero_plus_depr__c0p52__z1p00__lam0p010__nu0p50__psi1p00,hardzero_plus_depr,0.06,37,711,0.0,2,0.20308326,0.20308326,1.0024081,0.0,0.09944704,0.0,0.0,5.8383655e-05,-26.894142,2.205342,0.73511404,0.17600001,0.0,0.19586007,6.935064,6.945064,2278400
hardzero_plus_depr__c0p52__z1p00__lam0p010__nu0p50__psi1p00,hardzero_plus_depr,0.06,37,712,0.0,2,0.20308326,0.2030894,0.9737308,0.10623538,0.10623538,1.0,6.1406936e-06,5.7802717e-05,-25.962393,2.1422505,0.71408355,0.192,0.0,0.17256169,6.945064,6.9550643,2281600
hardzero_plus_depr__c0p52__z1p00__lam0p010__nu0p50__psi1p00,hardzero_plus_depr,0.06,37,713,0.0,2,0.2030894,0.2030894,1.0015391,0.0,0.09964623,0.0,0.0,5.7227557e-05,-27.107777,2.20343,0.7344767,0.18400002,0.0,0.2019907,6.9550643,6.9650645,2284800
hardzero_plus_depr__c0p52__z1p00__lam0p010__nu0p50__psi1p00,hardzero_plus_depr,0.06,37,714,0.0,2,0.2030894,0.2030894,1.0178406,0.0,0.09597528,0.0,0.0,5.665812e-05,-26.315893,2.239294,0.74643135,0.104,0.0,0.16192807,6.9650645,6.9750648,2288000
hardzero_plus_depr__c0p52__z1p00__lam0p010__nu0p50__psi1p00,hardzero_plus_depr,0.06,37,715,0.0,2,0.2030894,0.2030894,1.0854563,0.0,0.082137935,0.0,0.0,5.6094348e-05,-28.8077,2.3880515,0.79601717,0.11,0.0,0.1950804,6.9750648,6.985065,2291200
hardzero_plus_depr__c0p52__z1p00__lam0p010__nu0p50__psi1p00,hardzero_plus_depr,0.06,37,716,0.0,2,0.2030894,0.2030894,1.0268447,0.0,0.09400591,0.0,0.0,5.5536188e-05,-26.882267,2.2591035,0.75303453,0.15200001,0.0,0.20696025,6.985065,6.995065,2294400
hardzero_plus_depr__c0p52__z1p00__lam0p010__nu0p50__psi1p00,hardzero_plus_depr,0.06,37,717,0.0,2,0.2030894,0.2030952,0.97715193,0.105401814,0.105401814,1.0,5.7953694e-06,5.4983582e-05,-25.974894,2.1497772,0.71659243,0.18400002,0.008,0.17703632,6.995065,7.0050654,2297600
hardzero_plus_depr__c0p52__z1p00__lam0p010__nu0p50__psi1p00,hardzero_plus_depr,0.06,37,718,0.0,2,0.2030952,0.20310076,0.9904392,0.10222587,0.10222587,1.0,5.564816e-06,5.4436474e-05,-25.571154,2.1790097,0.7263366,0.256,0.0,0.15085739,7.0050654,7.0150657,2300800
hardzero_plus_depr__c0p52__z1p00__lam0p010__nu0p50__psi1p00,hardzero_plus_depr,0.06,37,719,0.0,2,0.20310076,0.20310076,1.0398388,0.0,0.09123493,0.0,0.0,5.3894808e-05,-26.516941,2.287691,0.7625637,0.14400001,0.0,0.1732414,7.0150657,7.025066,2304000
hardzero_plus_depr__c0p52__z1p00__lam0p010__nu0p50__psi1p00,hardzero_plus_depr,0.06,37,720,0.0,2,0.20310076,0.20310076,1.0018145,0.0,0.09958306,0.0,0.0,5.3358533e-05,-26.630568,2.204036,0.7346787,0.128,0.0,0.15874961,7.025066,7.035066,2307200
hardzero_plus_depr__c0p52__z1p00__lam0p010__nu0p50__psi1p00,hardzero_plus_depr,0.06,37,721,0.0,2,0.20310076,0.20310076,1.0444237,0.0,0.090276815,0.0,0.0,5.2827592e-05,-27.08544,2.297778,0.765926,0.18400002,0.0,0.19576627,7.035066,7.0450664,2310400
hardzero_plus_depr__c0p52__z1p00__lam0p010__nu0p50__psi1p00,hardzero_plus_depr,0.06,37,722,0.0,2,0.20310076,0.20310076,1.0176324,0.0,0.0960213,0.0,0.0,5.2301944e-05,-27.254162,2.2388358,0.74627864,0.120000005,0.0,0.19379327,7.0450664,7.0550666,2313600
hardzero_plus_depr__c0p52__z1p00__lam0p010__nu0p50__psi1p00,hardzero_plus_depr,0.06,37,723,0.0,2,0.20310076,0.20310076,1.0227624,0.0,0.09489373,0.0,0.0,5.1781517e-05,-26.668177,2.2501223,0.75004077,0.15200001,0.0,0.16316144,7.0550666,7.065067,2316800
hardzero_plus_depr__c0p52__z1p00__lam0p010__nu0p50__psi1p00,hardzero_plus_depr,0.06,37,724,0.0,2,0.20310076,0.20310602,0.9893381,0.10248537,0.10248537,1.0,5.2540427e-06,5.126627e-05,-26.613617,2.1765873,0.72552913,0.17600001,0.0,0.19756512,7.065067,7.075067,2320000
hardzero_plus_depr__c0p52__z1p00__lam0p010__nu0p50__psi1p00,hardzero_plus_depr,0.06,37,725,0.0,2,0.20310602,0.20311128,0.98482823,0.10355516,0.10355516,1.0,5.256061e-06,5.075615e-05,-26.375662,2.1666653,0.7222218,0.136,0.0,0.185282,7.075067,7.0850673,2323200
hardzero_plus_depr__c0p52__z1p00__lam0p010__nu0p50__psi1p00,hardzero_plus_depr,0.06,37,726,0.0,2,0.20311128,0.20311704,0.93965626,0.11490626,0.11490626,1.0,5.7741663e-06,5.0251103e-05,-25.991987,2.067285,0.689095,0.128,0.0,0.16336912,7.0850673,7.0950675,2326400
hardzero_plus_depr__c0p52__z1p00__lam0p010__nu0p50__psi1p00,hardzero_plus_depr,0.06,37,727,0.0,2,0.20311704,0.20311704,1.0624359,0.0,0.08660923,0.0,0.0,4.9751092e-05,-28.40183,2.3374057,0.7791352,0.14400001,0.0,0.20974778,7.0950675,7.1050677,2329600
hardzero_plus_depr__c0p52__z1p00__lam0p010__nu0p50__psi1p00,hardzero_plus_depr,0.06,37,728,0.0,2,0.20311704,0.20312254,0.9519337,0.11170337,0.11170337,1.0,5.5020664e-06,4.9256047e-05,-25.944326,2.094296,0.69809866,0.16,0.0,0.16380137,7.1050677,7.115068,2332800
hardzero_plus_depr__c0p52__z1p00__lam0p010__nu0p50__psi1p00,hardzero_plus_depr,0.06,37,729,0.0,2,0.20312254,0.20312254,1.0316765,0.0,0.09296585,0.0,0.0,4.876593e-05,-28.228254,2.2697337,0.7565779,0.14400001,0.0,0.19930792,7.115068,7.125068,2336000
hardzero_plus_depr__c0p52__z1p00__lam0p010__nu0p50__psi1p00,hardzero_plus_depr,0.06,37,730,0.0,2,0.20312254,0.20312254,1.0083973,0.0,0.098085016,0.0,0.0,4.8280686e-05,-26.262693,2.2185185,0.7395062,0.17600001,0.0,0.15630293,7.125068,7.1350684,2339200
hardzero_plus_depr__c0p52__z1p00__lam0p010__nu0p50__psi1p00,hardzero_plus_depr,0.06,37,731,0.0,2,0.20312254,0.20312254,1.022865,0.0,0.09487131,0.0,0.0,4.7800273e-05,-27.953672,2.250348,0.75011605,0.18400002,0.008,0.1787627,7.1350684,7.1450686,2342400
hardzero_plus_depr__c0p52__z1p00__lam0p010__nu0p50__psi1p00,hardzero_plus_depr,0.06,37,732,0.0,2,0.20312254,0.20312254,1.0296037,0.0,0.09341062,0.0,0.0,4.7324647e-05,-27.40548,2.2651734,0.7550578,0.192,0.0,0.20864105,7.1450686,7.155069,2345600
hardzero_plus_depr__c0p52__z1p00__lam0p010__nu0p50__psi1p00,hardzero_plus_depr,0.06,37,733,0.0,2,0.20312254,0.2031277,0.9585462,0.110015474,0.110015474,1.0,5.154637e-06,4.6853747e-05,-26.602493,2.1088438,0.702948,0.16800001,0.0,0.16645811,7.155069,7.165069,2348800
hardzero_plus_depr__c0p52__z1p00__lam0p010__nu0p50__psi1p00,hardzero_plus_depr,0.06,37,734,0.0,2,0.2031277,0.2031277,1.0152025,0.0,0.096560046,0.0,0.0,4.6387533e-05,-27.123247,2.2334902,0.74449676,0.096,0.0,0.18187726,7.165069,7.1750693,2352000
hardzero_plus_depr__c0p52__z1p00__lam0p010__nu0p50__psi1p00,hardzero_plus_depr,0.06,37,735,0.0,2,0.2031277,0.2031277,1.011092,0.0,0.09747832,0.0,0.0,4.5925957e-05,-26.570997,2.2244468,0.74148226,0.16800001,0.0,0.18431541,7.1750693,7.1850696,2355200
hardzero_plus_depr__c0p52__z1p00__lam0p010__nu0p50__psi1p00,hardzero_plus_depr,0.06,37,736,0.0,2,0.2031277,0.2031277,1.0097561,0.0,0.0977786,0.0,0.0,4.5468976e-05,-27.184015,2.2215078,0.7405026,0.128,0.0,0.17275724,7.1850696,7.19507,2358400
hardzero_plus_depr__c0p52__z1p00__lam0p010__nu0p50__psi1p00,hardzero_plus_depr,0.06,37,737,0.0,2,0.2031277,0.20313223,0.9966493,0.100774504,0.100774504,1.0,4.53652e-06,4.5016546e-05,-27.873,2.1926723,0.73089075,0.18400002,0.0,0.17837232,7.19507,7.20507,2361600
hardzero_plus_depr__c0p52__z1p00__lam0p010__nu0p50__psi1p00,hardzero_plus_depr,0.06,37,738,0.0,2,0.20313223,0.20313223,1.0409187,0.0,0.091008365,0.0,0.0,4.456861e-05,-27.044313,2.290067,0.7633557,0.18400002,0.0,0.18133454,7.20507,7.2150702,2364800
hardzero_plus_depr__c0p52__z1p00__lam0p010__nu0p50__psi1p00,hardzero_plus_depr,0.06,37,739,0.0,2,0.20313223,0.20313223,1.0494235,0.0,0.08924349,0.0,0.0,4.4125136e-05,-27.703602,2.3087778,0.76959264,0.14400001,0.0,0.19318101,7.2150702,7.2250705,2368000
hardzero_plus_depr__c0p52__z1p00__lam0p010__nu0p50__psi1p00,hardzero_plus_depr,0.06,37,740,0.0,2,0.20313223,0.20313665,0.99371487,0.10145772,0.10145772,1.0,4.432289e-06,4.3686072e-05,-27.531086,2.1862164,0.7287388,0.16800001,0.008,0.19308694,7.2250705,7.2350707,2371200
hardzero_plus_depr__c0p52__z1p00__lam0p010__nu0p50__psi1p00,hardzero_plus_depr,0.06,37,741,0.0,2,0.20313665,0.20313665,1.0578991,0.0,0.0875187,0.0,0.0,4.3251377e-05,-27.591866,2.3274245,0.7758082,0.12,0.0,0.18077119,7.2350707,7.245071,2374400
hardzero_plus_depr__c0p52__z1p00__lam0p010__nu0p50__psi1p00,hardzero_plus_depr,0.06,37,742,0.0,2,0.20313665,0.20313665,1.0275689,0.0,0.093849294,0.0,0.0,4.282101e-05,-27.271654,2.260697,0.75356567,0.104,0.0,0.19512221,7.245071,7.255071,2377600
hardzero_plus_depr__c0p52__z1p00__lam0p010__nu0p50__psi1p00,hardzero_plus_depr,0.06,37,743,0.0,2,0.20313665,0.20313665,1.0488845,0.0,0.08935431,0.0,0.0,4.2394928e-05,-28.4614,2.307592,0.76919734,0.15200001,0.0,0.17583025,7.255071,7.2650714,2380800
hardzero_plus_depr__c0p52__z1p00__lam0p010__nu0p50__psi1p00,hardzero_plus_depr,0.06,37,744,0.0,2,0.20313665,0.20313665,1.0363121,0.0,0.09197883,0.0,0.0,4.1973082e-05,-27.97074,2.2799323,0.75997746,0.120000005,0.0,0.1649729,7.2650714,7.2750716,2384000
hardzero_plus_depr__c0p52__z1p00__lam0p010__nu0p50__psi1p00,hardzero_plus_depr,0.06,37,745,0.0,2,0.20313665,0.20313665,1.0054858,0.0,0.0987448,0.0,0.0,4.155543e-05,-27.197258,2.212113,0.73737097,0.15200001,0.0,0.16286546,7.2750716,7.285072,2387200
hardzero_plus_depr__c0p52__z1p00__lam0p010__nu0p50__psi1p00,hardzero_plus_depr,0.06,37,746,0.0,2,0.20313665,0.20313665,1.0325601,0.0,0.09277691,0.0,0.0,4.114194e-05,-28.237795,2.2716775,0.7572259,0.216,0.0,0.17630227,7.285072,7.295072,2390400
hardzero_plus_depr__c0p52__z1p00__lam0p010__nu0p50__psi1p00,hardzero_plus_depr,0.06,37,747,0.0,2,0.20313665,0.20313665,1.0093992,0.0,0.097858995,0.0,0.0,4.0732557e-05,-26.811476,2.2207224,0.7402408,0.15200001,0.0,0.18348917,7.295072,7.3050723,2393600
hardzero_plus_depr__c0p52__z1p00__lam0p010__nu0p50__psi1p00,hardzero_plus_depr,0.06,37,748,0.0,2,0.20313665,0.20313665,1.0392146,0.0,0.09136615,0.0,0.0,4.0327253e-05,-27.591034,2.2863178,0.76210594,0.112,0.0,0.16912824,7.3050723,7.3150725,2396800
hardzero_plus_depr__c0p52__z1p00__lam0p010__nu0p50__psi1p00,hardzero_plus_depr,0.06,37,749,0.0,2,0.20313665,0.20313665,1.0358585,0.0,0.09207495,0.0,0.0,3.9925984e-05,-27.289553,2.2789342,0.75964475,0.16000001,0.0,0.16972907,7.3150725,7.325073,2400000
hardzero_plus_depr__c0p52__z1p00__lam0p010__nu0p50__psi1p00,hardzero_plus_depr,0.06,37,750,0.0,2,0.20313665,0.20313665,1.011697,0.0,0.0973426,0.0,0.0,3.9528706e-05,-26.851643,2.2257779,0.74192595,0.136,0.0,0.15941998,7.325073,7.335073,2403200
hardzero_plus_depr__c0p52__z1p00__lam0p010__nu0p50__psi1p00,hardzero_plus_depr,0.06,37,751,0.0,2,0.20313665,0.20313665,1.0250118,0.0,0.09440353,0.0,0.0,3.913538e-05,-27.659956,2.255071,0.7516903,0.16800001,0.0,0.19052681,7.335073,7.345073,2406400
hardzero_plus_depr__c0p52__z1p00__lam0p010__nu0p50__psi1p00,hardzero_plus_depr,0.06,37,752,0.0,2,0.20313665,0.20313665,1.0527638,0.0,0.08855971,0.0,0.0,3.8745966e-05,-27.505693,2.3161266,0.7720422,0.128,0.0,0.1770263,7.345073,7.3550735,2409600
hardzero_plus_depr__c0p52__z1p00__lam0p010__nu0p50__psi1p00,hardzero_plus_depr,0.06,37,753,0.0,2,0.20313665,0.2031409,0.9562828,0.110590324,0.110590324,1.0,4.2422917e-06,3.8360424e-05,-25.84483,2.1038642,0.7012881,0.216,0.0,0.16474676,7.3550735,7.3650737,2412800
hardzero_plus_depr__c0p52__z1p00__lam0p010__nu0p50__psi1p00,hardzero_plus_depr,0.06,37,754,0.0,2,0.2031409,0.2031409,1.020431,0.0,0.09540451,0.0,0.0,3.7978727e-05,-26.584276,2.2449932,0.74833107,0.13,0.0,0.1826098,7.3650737,7.375074,2416000
hardzero_plus_depr__c0p52__z1p00__lam0p010__nu0p50__psi1p00,hardzero_plus_depr,0.06,37,755,0.0,2,0.2031409,0.2031409,1.0561987,0.0,0.08786203,0.0,0.0,3.760082e-05,-27.840174,2.3236835,0.77456117,0.128,0.0,0.18444496,7.375074,7.385074,2419200
hardzero_plus_depr__c0p52__z1p00__lam0p010__nu0p50__psi1p00,hardzero_plus_depr,0.06,37,756,0.0,2,0.2031409,0.20314474,0.9857865,0.10332691,0.10332691,1.0,3.8465173e-06,3.7226677e-05,-26.30607,2.1687737,0.7229246,0.192,0.0,0.17287494,7.385074,7.3950744,2422400
hardzero_plus_depr__c0p52__z1p00__lam0p010__nu0p50__psi1p00,hardzero_plus_depr,0.06,37,757,0.0,2,0.20314474,0.20314848,0.99415,0.10135613,0.10135613,1.0,3.7356076e-06,3.6856258e-05,-26.428963,2.1871736,0.7290579,0.18400002,0.0,0.17990118,7.3950744,7.4050746,2425600
hardzero_plus_depr__c0p52__z1p00__lam0p010__nu0p50__psi1p00,hardzero_plus_depr,0.06,37,758,0.0,2,0.20314848,0.20314848,1.0456645,0.0,0.09001927,0.0,0.0,3.648952e-05,-27.515514,2.300508,0.76683605,0.16000001,0.008,0.18972188,7.4050746,7.415075,2428800
hardzero_plus_depr__c0p52__z1p00__lam0p010__nu0p50__psi1p00,hardzero_plus_depr,0.06,37,759,0.0,2,0.20314848,0.20314848,1.0226221,0.0,0.09492441,0.0,0.0,3.6126443e-05,-26.391865,2.2498136,0.7499379,0.18400002,0.0,0.18001097,7.415075,7.425075,2432000
hardzero_plus_depr__c0p52__z1p00__lam0p010__nu0p50__psi1p00,hardzero_plus_depr,0.06,37,760,0.0,2,0.20314848,0.20314848,1.0035619,0.0,0.09918322,0.0,0.0,3.5766967e-05,-26.6806,2.2078803,0.7359601,0.18400002,0.0,0.17439525,7.425075,7.4350753,2435200
hardzero_plus_depr__c0p52__z1p00__lam0p010__nu0p50__psi1p00,hardzero_plus_depr,0.06,37,761,0.0,2,0.20314848,0.20314848,1.0547333,0.0,0.088159,0.0,0.0,3.541107e-05,-28.5102,2.3204596,0.77348655,0.14400001,0.0,0.19372523,7.4350753,7.4450755,2438400
hardzero_plus_depr__c0p52__z1p00__lam0p010__nu0p50__psi1p00,hardzero_plus_depr,0.06,37,762,0.0,2,0.20314848,0.20315209,0.98857945,0.10266457,0.10266457,1.0,3.5992882e-06,3.5058718e-05,-27.212862,2.1749182,0.7249727,0.18400002,0.0,0.17700914,7.4450755,7.4550757,2441600
hardzero_plus_depr__c0p52__z1p00__lam0p010__nu0p50__psi1p00,hardzero_plus_depr,0.06,37,763,0.0,2,0.20315209,0.20315209,1.0168529,0.0,0.096193805,0.0,0.0,3.470987e-05,-27.576553,2.2371209,0.745707,0.17600001,0.0,0.19532558,7.4550757,7.465076,2444800
hardzero_plus_depr__c0p52__z1p00__lam0p010__nu0p50__psi1p00,hardzero_plus_depr,0.06,37,764,0.0,2,0.20315209,0.20315209,1.0166135,0.0,0.09624684,0.0,0.0,3.4364493e-05,-26.994377,2.2365942,0.74553144,0.128,0.0,0.17647974,7.465076,7.475076,2448000
hardzero_plus_depr__c0p52__z1p00__lam0p010__nu0p50__psi1p00,hardzero_plus_depr,0.06,37,765,0.0,2,0.20315209,0.20315209,1.0073742,0.0,0.098316364,0.0,0.0,3.4022552e-05,-27.661013,2.2162673,0.7387558,0.18400002,0.0,0.19376111,7.475076,7.4850764,2451200
hardzero_plus_depr__c0p52__z1p00__lam0p010__nu0p50__psi1p00,hardzero_plus_depr,0.06,37,766,0.0,2,0.20315209,0.20315209,1.0551175,0.0,0.08808107,0.0,0.0,3.3684013e-05,-27.614918,2.3213048,0.7737683,0.104,0.0,0.21111628,7.4850764,7.4950767,2454400
hardzero_plus_depr__c0p52__z1p00__lam0p010__nu0p50__psi1p00,hardzero_plus_depr,0.06,37,767,0.0,2,0.20315209,0.20315209,1.030687,0.0,0.093177915,0.0,0.0,3.3348846e-05,-27.052351,2.2675567,0.7558522,0.17999999,0.0,0.17718008,7.4950767,7.505077,2457600
hardzero_plus_depr__c0p52__z1p00__lam0p010__nu0p50__psi1p00,hardzero_plus_depr,0.06,37,768,0.0,2,0.20315209,0.20315588,0.9411885,0.11450157,0.11450157,1.0,3.7804998e-06,3.301701e-05,-25.731556,2.070656,0.6902187,0.192,0.0,0.1736393,7.505077,7.515077,2460800
hardzero_plus_depr__c0p52__z1p00__lam0p010__nu0p50__psi1p00,hardzero_plus_depr,0.06,37,769,0.0,2,0.20315588,0.20315954,0.9506737,0.112027936,0.112027936,1.0,3.662023e-06,3.268848e-05,-26.335154,2.091524,0.69717467,0.15200001,0.0,0.1652868,7.515077,7.5250773,2464000
hardzero_plus_depr__c0p52__z1p00__lam0p010__nu0p50__psi1p00,hardzero_plus_depr,0.06,37,770,0.0,2,0.20315954,0.20316286,0.98792756,0.10281879,0.10281879,1.0,3.3275467e-06,3.2363216e-05,-26.975565,2.173484,0.7244947,0.16800001,0.0,0.22005783,7.5250773,7.5350776,2467200
hardzero_plus_depr__c0p52__z1p00__lam0p010__nu0p50__psi1p00,hardzero_plus_depr,0.06,37,771,0.0,2,0.20316286,0.20316286,1.030422,0.0,0.093234785,0.0,0.0,3.204119e-05,-27.657959,2.2669735,0.75565785,0.120000005,0.0,0.21270925,7.5350776,7.545078,2470400
hardzero_plus_depr__c0p52__z1p00__lam0p010__nu0p50__psi1p00,hardzero_plus_depr,0.06,37,772,0.0,2,0.20316286,0.20316617,0.9818733,0.10426215,0.10426215,1.0,3.3074423e-06,3.1722368e-05,-26.82672,2.1601644,0.7200548,0.208,0.0,0.15873848,7.545078,7.555078,2473600
hardzero_plus_depr__c0p52__z1p00__lam0p010__nu0p50__psi1p00,hardzero_plus_depr,0.06,37,773,0.0,2,0.20316617,0.20316948,0.9780813,0.105176486,0.105176486,1.0,3.303248e-06,3.1406715e-05,-26.60543,2.1518219,0.71727395,0.136,0.0,0.15330757,7.555078,7.5650783,2476800
hardzero_plus_depr__c0p52__z1p00__lam0p010__nu0p50__psi1p00,hardzero_plus_depr,0.06,37,774,0.0,2,0.20316948,0.20316948,1.0055193,0.0,0.09873717,0.0,0.0,3.1094205e-05,-27.586052,2.2121866,0.7373955,0.16000001,0.0,0.18148041,7.5650783,7.5750785,2480000
hardzero_plus_depr__c0p52__z1p00__lam0p010__nu0p50__psi1p00,hardzero_plus_depr,0.06,37,775,0.0,2,0.20316948,0.20316948,1.0025274,0.0,0.09941973,0.0,0.0,3.078481e-05,-26.279963,2.2056043,0.7352015,0.120000005,0.0,0.17134023,7.5750785,7.5850787,2483200
hardzero_plus_depr__c0p52__z1p00__lam0p010__nu0p50__psi1p00,hardzero_plus_depr,0.06,37,776,0.0,2,0.20316948,0.20316948,1.0022789,0.0,0.099476635,0.0,0.0,3.0478488e-05,-26.279993,2.2050576,0.7350192,0.16000001,0.0,0.16786695,7.5850787,7.595079,2486400
hardzero_plus_depr__c0p52__z1p00__lam0p010__nu0p50__psi1p00,hardzero_plus_depr,0.06,37,777,0.0,2,0.20316948,0.20317265,0.97780323,0.10524387,0.10524387,1.0,3.1757563e-06,3.0175213e-05,-27.045305,2.15121,0.71707004,0.15200001,0.0,0.18816012,7.595079,7.605079,2489600
hardzero_plus_depr__c0p52__z1p00__lam0p010__nu0p50__psi1p00,hardzero_plus_depr,0.06,37,778,0.0,2,0.20317265,0.20317265,1.0084116,0.0,0.09808177,0.0,0.0,2.987496e-05,-26.546942,2.21855,0.7395167,0.192,0.0,0.15970205,7.605079,7.6150794,2492800
hardzero_plus_depr__c0p52__z1p00__lam0p010__nu0p50__psi1p00,hardzero_plus_depr,0.06,37,779,0.0,2,0.20317265,0.20317265,1.0024624,0.0,0.099434614,0.0,0.0,2.9577692e-05,-26.305676,2.2054613,0.7351538,0.14400001,0.0,0.1482501,7.6150794,7.6250796,2496000
hardzero_plus_depr__c0p52__z1p00__lam0p010__nu0p50__psi1p00,hardzero_plus_depr,0.06,37,780,0.0,2,0.20317265,0.20317265,1.0110693,0.0,0.09748341,0.0,0.0,2.9283383e-05,-27.53067,2.224397,0.7414657,0.22,0.0,0.17989391,7.6250796,7.63508,2499200
hardzero_plus_depr__c0p52__z1p00__lam0p010__nu0p50__psi1p00,hardzero_plus_depr,0.06,37,781,0.0,2,0.20317265,0.20317265,1.0562501,0.0,0.087851636,0.0,0.0,2.8992e-05,-27.420652,2.3237965,0.77459884,0.128,0.0,0.16654266,7.63508,7.64508,2502400
hardzero_plus_depr__c0p52__z1p00__lam0p010__nu0p50__psi1p00,hardzero_plus_depr,0.06,37,782,0.0,2,0.20317265,0.20317265,1.0137471,0.0,0.09688418,0.0,0.0,2.8703522e-05,-27.043055,2.2302883,0.7434294,0.15200001,0.0,0.16287753,7.64508,7.6550803,2505600
hardzero_plus_depr__c0p52__z1p00__lam0p010__nu0p50__psi1p00,hardzero_plus_depr,0.06,37,783,0.0,2,0.20317265,0.20317265,1.060462,0.0,0.08700375,0.0,0.0,2.8417908e-05,-27.741255,2.333063,0.77768767,0.136,0.0,0.17929806,7.6550803,7.6650805,2508800
hardzero_plus_depr__c0p52__z1p00__lam0p010__nu0p50__psi1p00,hardzero_plus_depr,0.06,37,784,0.0,2,0.20317265,0.20317265,1.0440727,0.0,0.090349816,0.0,0.0,2.8135139e-05,-27.514845,2.297006,0.76566863,0.14400001,0.0,0.18118693,7.6650805,7.675081,2512000
hardzero_plus_depr__c0p52__z1p00__lam0p010__nu0p50__psi1p00,hardzero_plus_depr,0.06,37,785,0.0,2,0.20317265,0.20317265,1.0212849,0.0,0.09521713,0.0,0.0,2.7855182e-05,-27.64633,2.2468717,0.7489573,0.16800001,0.0,0.23857138,7.675081,7.685081,2515200
hardzero_plus_depr__c0p52__z1p00__lam0p010__nu0p50__psi1p00,hardzero_plus_depr,0.06,37,786,0.0,2,0.20317265,0.20317265,1.0219359,0.0,0.09507449,0.0,0.0,2.7578013e-05,-27.0517,2.248304,0.74943465,0.192,0.0,0.16668966,7.685081,7.695081,2518400
hardzero_plus_depr__c0p52__z1p00__lam0p010__nu0p50__psi1p00,hardzero_plus_depr,0.06,37,787,0.0,2,0.20317265,0.20317265,1.0411725,0.0,0.0909552,0.0,0.0,2.7303602e-05,-27.245165,2.2906253,0.7635418,0.15200001,0.0,0.17948467,7.695081,7.7050815,2521600
hardzero_plus_depr__c0p52__z1p00__lam0p010__nu0p50__psi1p00,hardzero_plus_depr,0.06,37,788,0.0,2,0.20317265,0.20317538,0.9965572,0.10079589,0.10079589,1.0,2.7247063e-06,2.703192e-05,-26.849216,2.1924696,0.7308232,0.208,0.0,0.18288629,7.7050815,7.7150817,2524800
hardzero_plus_depr__c0p52__z1p00__lam0p010__nu0p50__psi1p00,hardzero_plus_depr,0.06,37,789,0.0,2,0.20317538,0.20317538,1.0232341,0.0,0.094790734,0.0,0.0,2.6762942e-05,-27.304571,2.25116,0.75038666,0.15200001,0.0,0.1797876,7.7150817,7.725082,2528000
hardzero_plus_depr__c0p52__z1p00__lam0p010__nu0p50__psi1p00,hardzero_plus_depr,0.06,37,790,0.0,2,0.20317538,0.20317538,1.0517559,0.0,0.08876548,0.0,0.0,2.649664e-05,-27.430096,2.3139093,0.7713031,0.08800001,0.0,0.17770723,7.725082,7.735082,2531200
hardzero_plus_depr__c0p52__z1p00__lam0p010__nu0p50__psi1p00,hardzero_plus_depr,0.06,37,791,0.0,2,0.20317538,0.20317802,0.9977501,0.1005194,0.1005194,1.0,2.636924e-06,2.6232987e-05,-27.715588,2.195094,0.73169804,0.16000001,0.0,0.18074279,7.735082,7.7450824,2534400
hardzero_plus_depr__c0p52__z1p00__lam0p010__nu0p50__psi1p00,hardzero_plus_depr,0.06,37,792,0.0,2,0.20317802,0.20317802,1.0023549,0.0,0.09945922,0.0,0.0,2.5971958e-05,-26.573954,2.2052248,0.73507494,0.15200001,0.0,0.17137843,7.7450824,7.7550826,2537600
hardzero_plus_depr__c0p52__z1p00__lam0p010__nu0p50__psi1p00,hardzero_plus_depr,0.06,37,793,0.0,2,0.20317802,0.20317802,1.0269932,0.0,0.09397381,0.0,0.0,2.5713527e-05,-27.253637,2.25943,0.7531433,0.16,0.0,0.18173523,7.7550826,7.765083,2540800
hardzero_plus_depr__c0p52__z1p00__lam0p010__nu0p50__psi1p00,hardzero_plus_depr,0.06,37,794,0.0,2,0.20317802,0.20318058,0.99727255,0.10062999,0.10062999,1.0,2.5618049e-06,2.5457666e-05,-26.363552,2.1940434,0.7313478,0.15200001,0.0,0.2087338,7.765083,7.775083,2544000
hardzero_plus_depr__c0p52__z1p00__lam0p010__nu0p50__psi1p00,hardzero_plus_depr,0.06,37,795,0.0,2,0.20318058,0.20318058,1.0372245,0.0,0.09178579,0.0,0.0,2.5204354e-05,-27.516903,2.2819395,0.7606465,0.17600001,0.0,0.17748243,7.775083,7.7850833,2547200
hardzero_plus_depr__c0p52__z1p00__lam0p010__nu0p50__psi1p00,hardzero_plus_depr,0.06,37,796,0.0,2,0.20318058,0.20318058,1.0145537,0.0,0.09670441,0.0,0.0,2.495356e-05,-26.892979,2.2320626,0.7440209,0.208,0.0,0.18053435,7.7850833,7.7950835,2550400
hardzero_plus_depr__c0p52__z1p00__lam0p010__nu0p50__psi1p00,hardzero_plus_depr,0.06,37,797,0.0,2,0.20318058,0.2031832,0.97359264,0.10626917,0.10626917,1.0,2.625408e-06,2.4705263e-05,-25.722853,2.1419466,0.7139822,0.24000001,0.0,0.18277563,7.7950835,7.8050838,2553600
hardzero_plus_depr__c0p52__z1p00__lam0p010__nu0p50__psi1p00,hardzero_plus_depr,0.06,37,798,0.0,2,0.2031832,0.2031832,1.0679345,0.0,0.08551956,0.0,0.0,2.4459436e-05,-28.395693,2.3495028,0.7831676,0.216,0.0,0.21914221,7.8050838,7.815084,2556800
hardzero_plus_depr__c0p52__z1p00__lam0p010__nu0p50__psi1p00,hardzero_plus_depr,0.06,37,799,0.0,2,0.2031832,0.2031832,1.0904245,0.0,0.081203625,0.0,0.0,2.4216055e-05,-28.652386,2.3989818,0.7996606,0.17600001,0.0,0.21959016,7.815084,7.825084,2560000
hardzero_plus_depr__c0p52__z1p00__lam0p010__nu0p50__psi1p00,hardzero_plus_depr,0.06,37,800,0.0,2,0.2031832,0.2031832,1.0147222,0.0,0.0966669,0.0,0.0,2.3975095e-05,-26.655571,2.2324336,0.74414456,0.17600001,0.0,0.1644793,7.825084,7.8350844,2563200
hardzero_plus_depr__c0p52__z1p00__lam0p010__nu0p50__psi1p00,hardzero_plus_depr,0.06,37,801,0.0,2,0.2031832,0.2031832,1.0423563,0.0,0.09070761,0.0,0.0,2.3736535e-05,-27.573256,2.2932296,0.7644099,0.120000005,0.0,0.16421662,7.8350844,7.8450847,2566400
hardzero_plus_depr__c0p52__z1p00__lam0p010__nu0p50__psi1p00,hardzero_plus_depr,0.06,37,802,0.0,2,0.2031832,0.2031832,1.0104593,0.0,0.09762043,0.0,0.0,2.3500346e-05,-27.131962,2.223055,0.7410183,0.208,0.008,0.18845788,7.8450847,7.855085,2569600
hardzero_plus_depr__c0p52__z1p00__lam0p010__nu0p50__psi1p00,hardzero_plus_depr,0.06,37,803,0.0,2,0.2031832,0.2031832,1.0366359,0.0,0.09191028,0.0,0.0,2.3266508e-05,-27.786057,2.2806444,0.7602148,0.136,0.0,0.21966441,7.855085,7.865085,2572800
hardzero_plus_depr__c0p52__z1p00__lam0p010__nu0p50__psi1p00,hardzero_plus_depr,0.06,37,804,0.0,2,0.2031832,0.2031832,1.0223334,0.0,0.094987534,0.0,0.0,2.3034998e-05,-26.82861,2.2491784,0.7497262,0.136,0.0,0.18371613,7.865085,7.8750854,2576000
hardzero_plus_depr__c0p52__z1p00__lam0p010__nu0p50__psi1p00,hardzero_plus_depr,0.06,37,805,0.0,2,0.2031832,0.2031832,1.0256578,0.0,0.09426321,0.0,0.0,2.280579e-05,-27.222971,2.2564921,0.75216407,0.14400001,0.0,0.17978702,7.8750854,7.8850856,2579200
hardzero_plus_depr__c0p52__z1p00__lam0p010__nu0p50__psi1p00,hardzero_plus_depr,0.06,37,806,0.0,2,0.2031832,0.2031832,1.1116812,0.0,0.0773248,0.0,0.0,2.2578863e-05,-28.39482,2.4457476,0.8152492,0.08,0.0,0.187731,7.8850856,7.895086,2582400
hardzero_plus_depr__c0p52__z1p00__lam0p010__nu0p50__psi1p00,hardzero_plus_depr,0.06,37,807,0.0,2,0.2031832,0.2031832,1.0581784,0.0,0.08746244,0.0,0.0,2.2354196e-05,-27.468235,2.328039,0.776013,0.08800001,0.0,0.17064163,7.895086,7.905086,2585600
hardzero_plus_depr__c0p52__z1p00__lam0p010__nu0p50__psi1p00,hardzero_plus_depr,0.06,37,808,0.0,2,0.2031832,0.2031832,1.0149844,0.0,0.096608564,0.0,0.0,2.2131762e-05,-27.025677,2.2330103,0.7443368,0.16800001,0.0,0.15960796,7.905086,7.9150863,2588800
hardzero_plus_depr__c0p52__z1p00__lam0p010__nu0p50__psi1p00,hardzero_plus_depr,0.06,37,809,0.0,2,0.2031832,0.2031832,1.0190618,0.0,0.095705785,0.0,0.0,2.191154e-05,-27.090067,2.2419808,0.74732697,0.17600001,0.0,0.17115478,7.9150863,7.9250865,2592000
hardzero_plus_depr__c0p52__z1p00__lam0p010__nu0p50__psi1p00,hardzero_plus_depr,0.06,37,810,0.0,2,0.2031832,0.2031832,1.0544382,0.0,0.088218935,0.0,0.0,2.1693513e-05,-27.535604,2.3198104,0.77327013,0.17600001,0.0,0.16139583,7.9250865,7.9350867,2595200
hardzero_plus_depr__c0p52__z1p00__lam0p010__nu0p50__psi1p00,hardzero_plus_depr,0.06,37,811,0.0,2,0.2031832,0.20318536,0.9986248,0.10031715,0.10031715,1.0,2.1545773e-06,2.1477656e-05,-26.796146,2.1970184,0.7323395,0.15200001,0.0,0.16311531,7.9350867,7.945087,2598400
hardzero_plus_depr__c0p52__z1p00__lam0p010__nu0p50__psi1p00,hardzero_plus_depr,0.06,37,812,0.0,2,0.20318536,0.2031875,0.9985719,0.10032937,0.10032937,1.0,2.1333979e-06,2.1263942e-05,-26.849667,2.196902,0.7323007,0.192,0.0,0.19039841,7.945087,7.955087,2601600
hardzero_plus_depr__c0p52__z1p00__lam0p010__nu0p50__psi1p00,hardzero_plus_depr,0.06,37,813,0.0,2,0.2031875,0.20318972,0.97821516,0.105144076,0.105144076,1.0,2.213531e-06,2.105236e-05,-27.215387,2.1521163,0.7173721,0.15200001,0.0,0.16389622,7.955087,7.9650874,2604800
hardzero_plus_depr__c0p52__z1p00__lam0p010__nu0p50__psi1p00,hardzero_plus_depr,0.06,37,814,0.0,2,0.20318972,0.20318972,1.0320549,0.0,0.09288489,0.0,0.0,2.084288e-05,-27.327372,2.2705662,0.7568554,0.16800001,0.0,0.18964115,7.9650874,7.9750876,2608000
hardzero_plus_depr__c0p52__z1p00__lam0p010__nu0p50__psi1p00,hardzero_plus_depr,0.06,37,815,0.0,2,0.20318972,0.20318972,1.0789663,0.0,0.08337459,0.0,0.0,2.0635485e-05,-28.210978,2.373773,0.79125774,0.16000001,0.0,0.17906603,7.9750876,7.985088,2611200
hardzero_plus_depr__c0p52__z1p00__lam0p010__nu0p50__psi1p00,hardzero_plus_depr,0.06,37,816,0.0,2,0.20318972,0.20318972,1.0126576,0.0,0.097127534,0.0,0.0,2.0430154e-05,-26.58243,2.2278912,0.7426304,0.128,0.0,0.15370706,7.985088,7.995088,2614400
hardzero_plus_depr__c0p52__z1p00__lam0p010__nu0p50__psi1p00,hardzero_plus_depr,0.06,37,817,0.0,2,0.20318972,0.20319176,0.99685544,0.10072668,0.10072668,1.0,2.037385e-06,2.0226866e-05,-26.156784,2.1931257,0.7310419,0.136,0.0,0.17194192,7.995088,8.005088,2617600
hardzero_plus_depr__c0p52__z1p00__lam0p010__nu0p50__psi1p00,hardzero_plus_depr,0.06,37,818,0.0,2,0.20319176,0.20319176,1.0551004,0.0,0.08808451,0.0,0.0,2.0025609e-05,-27.639938,2.3212674,0.7737558,0.2,0.0,0.18646924,8.005088,8.015088,2620800
hardzero_plus_depr__c0p52__z1p00__lam0p010__nu0p50__psi1p00,hardzero_plus_depr,0.06,37,819,0.0,2,0.20319176,0.20319378,0.99190366,0.10188172,0.10188172,1.0,2.0199425e-06,1.9826348e-05,-26.674086,2.1822317,0.72741055,0.099999994,0.0,0.15452428,8.015088,8.025088,2624000
hardzero_plus_depr__c0p52__z1p00__lam0p010__nu0p50__psi1p00,hardzero_plus_depr,0.06,37,820,0.0,2,0.20319378,0.20319378,1.0368302,0.0,0.09186918,0.0,0.0,1.962907e-05,-26.87779,2.281072,0.7603573,0.14400001,0.0,0.22563098,8.025088,8.035089,2627200
hardzero_plus_depr__c0p52__z1p00__lam0p010__nu0p50__psi1p00,hardzero_plus_depr,0.06,37,821,0.0,2,0.20319378,0.20319378,1.0684277,0.0,0.0854225,0.0,0.0,1.9433752e-05,-27.687311,2.3505878,0.7835293,0.136,0.0,0.19206853,8.035089,8.045089,2630400
hardzero_plus_depr__c0p52__z1p00__lam0p010__nu0p50__psi1p00,hardzero_plus_depr,0.06,37,822,0.0,2,0.20319378,0.20319577,0.98752964,0.10291303,0.10291303,1.0,1.9800855e-06,1.9240377e-05,-26.331202,2.1726086,0.7242029,0.136,0.0,0.17918244,8.045089,8.055089,2633600
hardzero_plus_depr__c0p52__z1p00__lam0p010__nu0p50__psi1p00,hardzero_plus_depr,0.06,37,823,0.0,2,0.20319577,0.20319577,1.0109563,0.0,0.09750877,0.0,0.0,1.9048928e-05,-26.533638,2.2241483,0.7413828,0.16800001,0.0,0.17962515,8.055089,8.065089,2636800
hardzero_plus_depr__c0p52__z1p00__lam0p010__nu0p50__psi1p00,hardzero_plus_depr,0.06,37,824,0.0,2,0.20319577,0.20319577,1.0142065,0.0,0.096781746,0.0,0.0,1.8859382e-05,-26.645813,2.231299,0.7437663,0.18400002,0.0,0.18089783,8.065089,8.075089,2640000
hardzero_plus_depr__c0p52__z1p00__lam0p010__nu0p50__psi1p00,hardzero_plus_depr,0.06,37,825,0.0,2,0.20319577,0.20319577,1.077688,0.0,0.08362036,0.0,0.0,1.8671726e-05,-28.432808,2.370961,0.79032034,0.128,0.0,0.20737903,8.075089,8.08509,2643200
hardzero_plus_depr__c0p52__z1p00__lam0p010__nu0p50__psi1p00,hardzero_plus_depr,0.06,37,826,0.0,2,0.20319577,0.20319577,1.0770264,0.0,0.083747834,0.0,0.0,1.8485935e-05,-28.464418,2.3695054,0.78983516,0.120000005,0.0,0.18298772,8.08509,8.09509,2646400
hardzero_plus_depr__c0p52__z1p00__lam0p010__nu0p50__psi1p00,hardzero_plus_depr,0.06,37,827,0.0,2,0.20319577,0.2031976,0.99986213,0.10003173,0.10003173,1.0,1.8307799e-06,1.8301991e-05,-26.781853,2.1997406,0.7332469,0.136,0.0,0.16962303,8.09509,8.10509,2649600
hardzero_plus_depr__c0p52__z1p00__lam0p010__nu0p50__psi1p00,hardzero_plus_depr,0.06,37,828,0.0,2,0.2031976,0.2031976,1.0166197,0.0,0.09624547,0.0,0.0,1.8119881e-05,-27.458954,2.236608,0.745536,0.15200001,0.0,0.20474754,8.10509,8.11509,2652800
hardzero_plus_depr__c0p52__z1p00__lam0p010__nu0p50__psi1p00,hardzero_plus_depr,0.06,37,829,0.0,2,0.2031976,0.20319942,0.99411434,0.10136444,0.10136444,1.0,1.8184354e-06,1.793958e-05,-26.806524,2.1870952,0.72903174,0.192,0.0,0.17042817,8.11509,8.125091,2656000
hardzero_plus_depr__c0p52__z1p00__lam0p010__nu0p50__psi1p00,hardzero_plus_depr,0.06,37,830,0.0,2,0.20319942,0.20319942,1.0221674,0.0,0.09502384,0.0,0.0,1.7761075e-05,-27.997173,2.2488134,0.74960446,0.24800001,0.0,0.18269241,8.125091,8.135091,2659200
hardzero_plus_depr__c0p52__z1p00__lam0p010__nu0p50__psi1p00,hardzero_plus_depr,0.06,37,831,0.0,2,0.20319942,0.20319942,1.0265644,0.0,0.094066635,0.0,0.0,1.7584345e-05,-27.294859,2.2584867,0.75282896,0.216,0.0,0.19942562,8.135091,8.145091,2662400
hardzero_plus_depr__c0p52__z1p00__lam0p010__nu0p50__psi1p00,hardzero_plus_depr,0.06,37,832,0.0,2,0.20319942,0.20319942,1.0262299,0.0,0.09413912,0.0,0.0,1.7409373e-05,-27.581156,2.2577507,0.7525836,0.16,0.0,0.20179324,8.145091,8.155091,2665600
hardzero_plus_depr__c0p52__z1p00__lam0p010__nu0p50__psi1p00,hardzero_plus_depr,0.06,37,833,0.0,2,0.20319942,0.20319942,1.0415891,0.0,0.09086798,0.0,0.0,1.7236143e-05,-27.127876,2.2915418,0.7638473,0.15200001,0.0,0.19909051,8.155091,8.1650915,2668800
hardzero_plus_depr__c0p52__z1p00__lam0p010__nu0p50__psi1p00,hardzero_plus_depr,0.06,37,834,0.0,2,0.20319942,0.20319942,1.0429722,0.0,0.09057906,0.0,0.0,1.7064638e-05,-28.619495,2.2945848,0.7648616,0.208,0.0,0.20824726,8.1650915,8.175092,2672000
hardzero_plus_depr__c0p52__z1p00__lam0p010__nu0p50__psi1p00,hardzero_plus_depr,0.06,37,835,0.0,2,0.20319942,0.20319942,1.0199702,0.0,0.09550581,0.0,0.0,1.6894835e-05,-27.318262,2.2439792,0.7479931,0.16800001,0.0,0.20615104,8.175092,8.185092,2675200
hardzero_plus_depr__c0p52__z1p00__lam0p010__nu0p50__psi1p00,hardzero_plus_depr,0.06,37,836,0.0,2,0.20319942,0.20319942,1.0206664,0.0,0.09535285,0.0,0.0,1.6726726e-05,-27.196611,2.2455108,0.7485036,0.14400001,0.0,0.18580455,8.185092,8.195092,2678400
hardzero_plus_depr__c0p52__z1p00__lam0p010__nu0p50__psi1p00,hardzero_plus_depr,0.06,37,837,0.0,2,0.20319942,0.20319942,1.002818,0.0,0.09935325,0.0,0.0,1.656029e-05,-27.272964,2.2062435,0.7354145,0.23200001,0.0,0.20543781,8.195092,8.205092,2681600
hardzero_plus_depr__c0p52__z1p00__lam0p010__nu0p50__psi1p00,hardzero_plus_depr,0.06,37,838,0.0,2,0.20319942,0.20319942,1.0951136,0.0,0.08033159,0.0,0.0,1.6395506e-05,-28.582,2.4092982,0.8030994,0.136,0.0,0.22780497,8.205092,8.215093,2684800
hardzero_plus_depr__c0p52__z1p00__lam0p010__nu0p50__psi1p00,hardzero_plus_depr,0.06,37,839,0.0,2,0.20319942,0.20319942,1.0058904,0.0,0.09865284,0.0,0.0,1.6232365e-05,-26.850096,2.213003,0.7376677,0.17600001,0.0,0.1684728,8.215093,8.225093,2688000
hardzero_plus_depr__c0p52__z1p00__lam0p010__nu0p50__psi1p00,hardzero_plus_depr,0.06,37,840,0.0,2,0.20319942,0.20319942,1.0098463,0.0,0.09775831,0.0,0.0,1.6070846e-05,-27.050684,2.2217064,0.7405688,0.072000004,0.0,0.15536821,8.225093,8.235093,2691200
hardzero_plus_depr__c0p52__z1p00__lam0p010__nu0p50__psi1p00,hardzero_plus_depr,0.06,37,841,0.0,2,0.20319942,0.20320101,0.9999967,0.10000076,0.10000076,1.0,1.5911058e-06,1.5910937e-05,-26.199993,2.2000368,0.7333456,0.16000001,0.0,0.16340788,8.235093,8.245093,2694400
hardzero_plus_depr__c0p52__z1p00__lam0p010__nu0p50__psi1p00,hardzero_plus_depr,0.06,37,842,0.0,2,0.20320101,0.20320101,1.019726,0.0,0.095559515,0.0,0.0,1.5752617e-05,-28.41502,2.243442,0.74781406,0.136,0.0,0.15876019,8.245093,8.255094,2697600
hardzero_plus_depr__c0p52__z1p00__lam0p010__nu0p50__psi1p00,hardzero_plus_depr,0.06,37,843,0.0,2,0.20320101,0.2032026,0.98914534,0.10253088,0.10253088,1.0,1.5990585e-06,1.5595871e-05,-26.09367,2.1761632,0.72538775,0.15200001,0.0,0.1681815,8.255094,8.265094,2700800
hardzero_plus_depr__c0p52__z1p00__lam0p010__nu0p50__psi1p00,hardzero_plus_depr,0.06,37,844,0.0,2,0.2032026,0.20320418,0.98852015,0.10267857,0.10267857,1.0,1.5854275e-06,1.5440686e-05,-26.665817,2.1747878,0.7249293,0.16000001,0.0,0.15750188,8.265094,8.275094,2704000
hardzero_plus_depr__c0p52__z1p00__lam0p010__nu0p50__psi1p00,hardzero_plus_depr,0.06,37,845,0.0,2,0.20320418,0.20320572,0.99900204,0.10023005,0.10023005,1.0,1.5322214e-06,1.5287045e-05,-27.336826,2.1978483,0.7326161,0.13,0.0,0.17388049,8.275094,8.285094,2707200
hardzero_plus_depr__c0p52__z1p00__lam0p010__nu0p50__psi1p00,hardzero_plus_depr,0.06,37,846,0.0,2,0.20320572,0.20320572,1.0286412,0.0,0.093617864,0.0,0.0,1.5134933e-05,-26.588326,2.2630558,0.754352,0.112,0.0,0.17272167,8.285094,8.2950945,2710400
hardzero_plus_depr__c0p52__z1p00__lam0p010__nu0p50__psi1p00,hardzero_plus_depr,0.06,37,847,0.0,2,0.20320572,0.20320572,1.0259191,0.0,0.094206505,0.0,0.0,1.4984335e-05,-28.363056,2.257067,0.7523557,0.2,0.0,0.19823326,8.2950945,8.305095,2713600
hardzero_plus_depr__c0p52__z1p00__lam0p010__nu0p50__psi1p00,hardzero_plus_depr,0.06,37,848,0.0,2,0.20320572,0.20320572,1.0817556,0.0,0.08284081,0.0,0.0,1.4835235e-05,-28.234146,2.37991,0.7933034,0.16000001,0.0,0.18740833,8.305095,8.315095,2716800
hardzero_plus_depr__c0p52__z1p00__lam0p010__nu0p50__psi1p00,hardzero_plus_depr,0.06,37,849,0.0,2,0.20320572,0.20320728,0.9738365,0.10620955,0.10620955,1.0,1.5599653e-06,1.4687619e-05,-27.361036,2.142483,0.71416104,0.208,0.0,0.19709021,8.315095,8.325095,2720000
hardzero_plus_depr__c0p52__z1p00__lam0p010__nu0p50__psi1p00,hardzero_plus_depr,0.06,37,850,0.0,2,0.20320728,0.20320728,1.0150989,0.0,0.09658307,0.0,0.0,1.454147e-05,-26.712166,2.2332623,0.74442077,0.216,0.0,0.18700874,8.325095,8.335095,2723200
hardzero_plus_depr__c0p52__z1p00__lam0p010__nu0p50__psi1p00,hardzero_plus_depr,0.06,37,851,0.0,2,0.20320728,0.20320728,1.0395274,0.0,0.09130037,0.0,0.0,1.4396777e-05,-27.192406,2.287006,0.7623353,0.16800001,0.0,0.20775078,8.335095,8.345096,2726400
hardzero_plus_depr__c0p52__z1p00__lam0p010__nu0p50__psi1p00,hardzero_plus_depr,0.06,37,852,0.0,2,0.20320728,0.20320728,1.0455765,0.0,0.09003752,0.0,0.0,1.4253524e-05,-27.439594,2.3003142,0.76677144,0.208,0.0,0.21814568,8.345096,8.355096,2729600
hardzero_plus_depr__c0p52__z1p00__lam0p010__nu0p50__psi1p00,hardzero_plus_depr,0.06,37,853,0.0,2,0.20320728,0.20320874,0.98673195,0.103102215,0.103102215,1.0,1.4549471e-06,1.4111696e-05,-26.870455,2.1708536,0.7236179,0.224,0.0,0.19848813,8.355096,8.365096,2732800
hardzero_plus_depr__c0p52__z1p00__lam0p010__nu0p50__psi1p00,hardzero_plus_depr,0.06,37,854,0.0,2,0.20320874,0.20320874,1.0018052,0.0,0.099585205,0.0,0.0,1.3971279e-05,-26.716675,2.2040155,0.73467183,0.14400001,0.0,0.16271101,8.365096,8.375096,2736000
hardzero_plus_depr__c0p52__z1p00__lam0p010__nu0p50__psi1p00,hardzero_plus_depr,0.06,37,855,0.0,2,0.20320874,0.20320874,1.0669816,0.0,0.08570741,0.0,0.0,1.3832259e-05,-28.089777,2.3474064,0.7824688,0.136,0.0,0.20278597,8.375096,8.385097,2739200
hardzero_plus_depr__c0p52__z1p00__lam0p010__nu0p50__psi1p00,hardzero_plus_depr,0.06,37,856,0.0,2,0.20320874,0.20321013,0.9935534,0.10149547,0.10149547,1.0,1.3899421e-06,1.3694623e-05,-26.302359,2.185861,0.7286204,0.14400001,0.0,0.17974441,8.385097,8.395097,2742400
hardzero_plus_depr__c0p52__z1p00__lam0p010__nu0p50__psi1p00,hardzero_plus_depr,0.06,37,857,0.0,2,0.20321013,0.20321013,1.0247447,0.0,0.0944616,0.0,0.0,1.3558356e-05,-27.372492,2.2544835,0.7514945,0.112,0.0,0.16287859,8.395097,8.405097,2745600
hardzero_plus_depr__c0p52__z1p00__lam0p010__nu0p50__psi1p00,hardzero_plus_depr,0.06,37,858,0.0,2,0.20321013,0.20321013,1.0490532,0.0,0.0893196,0.0,0.0,1.3423445e-05,-27.528704,2.3079631,0.7693211,0.17999999,0.0,0.18296613,8.405097,8.415097,2748800
hardzero_plus_depr__c0p52__z1p00__lam0p010__nu0p50__psi1p00,hardzero_plus_depr,0.06,37,859,0.0,2,0.20321013,0.20321013,1.0192888,0.0,0.09565578,0.0,0.0,1.3289877e-05,-27.574337,2.24248,0.7474934,0.17600001,0.0,0.18612008,8.415097,8.425097,2752000
hardzero_plus_depr__c0p52__z1p00__lam0p010__nu0p50__psi1p00,hardzero_plus_depr,0.06,37,860,0.0,2,0.20321013,0.20321147,0.9895723,0.10243013,0.10243013,1.0,1.3477384e-06,1.3157636e-05,-27.06177,2.1771026,0.72570086,0.17600001,0.0,0.17860238,8.425097,8.435098,2755200
hardzero_plus_depr__c0p52__z1p00__lam0p010__nu0p50__psi1p00,hardzero_plus_depr,0.06,37,861,0.0,2,0.20321147,0.20321147,1.0369182,0.0,0.091850564,0.0,0.0,1.30267135e-05,-27.19874,2.2812655,0.7604219,0.112,0.0,0.17784698,8.435098,8.445098,2758400
hardzero_plus_depr__c0p52__z1p00__lam0p010__nu0p50__psi1p00,hardzero_plus_depr,0.06,37,862,0.0,2,0.20321147,0.20321147,1.0131072,0.0,0.09702704,0.0,0.0,1.2897092e-05,-27.137753,2.2288804,0.74296016,0.192,0.0,0.1640784,8.445098,8.455098,2761600
hardzero_plus_depr__c0p52__z1p00__lam0p010__nu0p50__psi1p00,hardzero_plus_depr,0.06,37,863,0.0,2,0.20321147,0.20321147,1.0355033,0.0,0.0921503,0.0,0.0,1.2768762e-05,-27.43054,2.2781527,0.7593843,0.15200001,0.0,0.18399812,8.455098,8.465098,2764800
hardzero_plus_depr__c0p52__z1p00__lam0p010__nu0p50__psi1p00,hardzero_plus_depr,0.06,37,864,0.0,2,0.20321147,0.20321147,1.012983,0.0,0.0970548,0.0,0.0,1.2641706e-05,-27.135351,2.228607,0.742869,0.15200001,0.0,0.1599863,8.465098,8.475099,2768000
hardzero_plus_depr__c0p52__z1p00__lam0p010__nu0p50__psi1p00,hardzero_plus_depr,0.06,37,865,0.0,2,0.20321147,0.20321277,0.9849954,0.103515305,0.103515305,1.0,1.295589e-06,1.2515917e-05,-26.692598,2.1670332,0.7223444,0.128,0.0,0.19002452,8.475099,8.485099,2771200
hardzero_plus_depr__c0p52__z1p00__lam0p010__nu0p50__psi1p00,hardzero_plus_depr,0.06,37,866,0.0,2,0.20321277,0.20321277,1.0359856,0.0,0.092048,0.0,0.0,1.239138e-05,-27.040773,2.279214,0.75973797,0.15200001,0.0,0.18565683,8.485099,8.495099,2774400
hardzero_plus_depr__c0p52__z1p00__lam0p010__nu0p50__psi1p00,hardzero_plus_depr,0.06,37,867,0.0,2,0.20321277,0.20321277,1.0716625,0.0,0.0847886,0.0,0.0,1.2268079e-05,-28.43069,2.3577046,0.78590155,0.14400001,0.0,0.22133072,8.495099,8.505099,2777600
hardzero_plus_depr__c0p52__z1p00__lam0p010__nu0p50__psi1p00,hardzero_plus_depr,0.06,37,868,0.0,2,0.20321277,0.20321406,0.9727256,0.106481545,0.106481545,1.0,1.2933257e-06,1.2146008e-05,-26.567345,2.140039,0.71334636,0.15200001,0.0,0.16269119,8.505099,8.5151,2780800
hardzero_plus_depr__c0p52__z1p00__lam0p010__nu0p50__psi1p00,hardzero_plus_depr,0.06,37,869,0.0,2,0.20321406,0.20321406,1.0701559,0.0,0.08508326,0.0,0.0,1.202515e-05,-28.20245,2.35439,0.78479666,0.14400001,0.0,0.21203835,8.5151,8.5251,2784000
hardzero_plus_depr__c0p52__z1p00__lam0p010__nu0p50__psi1p00,hardzero_plus_depr,0.06,37,870,0.0,2,0.20321406,0.20321406,1.0362417,0.0,0.09199375,0.0,0.0,1.1905495e-05,-28.18849,2.279777,0.7599257,0.18400002,0.0,0.17154104,8.5251,8.5351,2787200
hardzero_plus_depr__c0p52__z1p00__lam0p010__nu0p50__psi1p00,hardzero_plus_depr,0.06,37,871,0.0,2,0.20321406,0.20321527,0.99096346,0.10210254,0.10210254,1.0,1.2034858e-06,1.1787031e-05,-27.228807,2.1801631,0.72672105,0.17999999,0.0,0.19272688,8.5351,8.5451,2790400
hardzero_plus_depr__c0p52__z1p00__lam0p010__nu0p50__psi1p00,hardzero_plus_depr,0.06,37,872,0.0,2,0.20321527,0.20321527,1.0358735,0.0,0.09207177,0.0,0.0,1.1669746e-05,-27.777925,2.2789674,0.75965583,0.18400002,0.0,0.16399224,8.5451,8.5551,2793600
hardzero_plus_depr__c0p52__z1p00__lam0p010__nu0p50__psi1p00,hardzero_plus_depr,0.06,37,873,0.0,2,0.20321527,0.20321527,1.0412866,0.0,0.090931304,0.0,0.0,1.1553627e-05,-28.173656,2.2908762,0.7636254,0.17600001,0.0,0.20561892,8.5551,8.565101,2796800
hardzero_plus_depr__c0p52__z1p00__lam0p010__nu0p50__psi1p00,hardzero_plus_depr,0.06,37,874,0.0,2,0.20321527,0.2032165,0.97080296,0.106953986,0.106953986,1.0,1.2234105e-06,1.1438662e-05,-26.599817,2.1358092,0.7119364,0.208,0.0,0.1747874,8.565101,8.575101,2800000
hardzero_plus_depr__c0p52__z1p00__lam0p010__nu0p50__psi1p00,hardzero_plus_depr,0.06,37,875,0.0,2,0.2032165,0.2032165,1.0470353,0.0,0.08973558,0.0,0.0,1.1324844e-05,-27.433731,2.3035238,0.7678413,0.14400001,0.0,0.17800364,8.575101,8.585101,2803200
hardzero_plus_depr__c0p52__z1p00__lam0p010__nu0p50__psi1p00,hardzero_plus_depr,0.06,37,876,0.0,2,0.2032165,0.2032165,1.0151839,0.0,0.09656419,0.0,0.0,1.1212158e-05,-26.824772,2.2334492,0.7444831,0.2,0.0,0.17380473,8.585101,8.595101,2806400
hardzero_plus_depr__c0p52__z1p00__lam0p010__nu0p50__psi1p00,hardzero_plus_depr,0.06,37,877,0.0,2,0.2032165,0.20321761,0.9994059,0.10013687,0.10013687,1.0,1.1115785e-06,1.1100592e-05,-26.533937,2.198737,0.7329123,0.16800001,0.0,0.17403358,8.595101,8.605102,2809600
hardzero_plus_depr__c0p52__z1p00__lam0p010__nu0p50__psi1p00,hardzero_plus_depr,0.06,37,878,0.0,2,0.20321761,0.20321761,1.0672246,0.0,0.08565947,0.0,0.0,1.09901375e-05,-28.338919,2.347941,0.782647,0.128,0.0,0.19057488,8.605102,8.615102,2812800
hardzero_plus_depr__c0p52__z1p00__lam0p010__nu0p50__psi1p00,hardzero_plus_depr,0.06,37,879,0.0,2,0.20321761,0.20321761,1.0107188,0.0,0.0975621,0.0,0.0,1.0880781e-05,-26.46393,2.223626,0.7412087,0.128,0.0,0.16824281,8.615102,8.625102,2816000
hardzero_plus_depr__c0p52__z1p00__lam0p010__nu0p50__psi1p00,hardzero_plus_depr,0.06,37,880,0.0,2,0.20321761,0.20321761,1.0329994,0.0,0.0926831,0.0,0.0,1.0772513e-05,-28.535282,2.272644,0.75754803,0.112,0.0,0.20359018,8.625102,8.635102,2819200
hardzero_plus_depr__c0p52__z1p00__lam0p010__nu0p50__psi1p00,hardzero_plus_depr,0.06,37,881,0.0,2,0.20321761,0.20321761,1.0281299,0.0,0.09372814,0.0,0.0,1.0665322e-05,-27.222975,2.261931,0.753977,0.104,0.0,0.17617041,8.635102,8.6451025,2822400
hardzero_plus_depr__c0p52__z1p00__lam0p010__nu0p50__psi1p00,hardzero_plus_depr,0.06,37,882,0.0,2,0.20321761,0.20321761,1.010394,0.0,0.097635105,0.0,0.0,1.0559198e-05,-26.717634,2.2229111,0.7409704,0.18400002,0.0,0.18241118,8.6451025,8.655103,2825600
hardzero_plus_depr__c0p52__z1p00__lam0p010__nu0p50__psi1p00,hardzero_plus_depr,0.06,37,883,0.0,2,0.20321761,0.20321873,0.97176874,0.10671641,0.10671641,1.0,1.1156272e-06,1.04541305e-05,-26.852165,2.137934,0.7126447,0.18400002,0.0,0.16495863,8.655103,8.665103,2828800
hardzero_plus_depr__c0p52__z1p00__lam0p010__nu0p50__psi1p00,hardzero_plus_depr,0.06,37,884,0.0,2,0.20321873,0.20321873,1.0637678,0.0,0.086344,0.0,0.0,1.0350106e-05,-27.433773,2.3403358,0.78011197,0.11,0.0,0.1663297,8.665103,8.675103,2832000
hardzero_plus_depr__c0p52__z1p00__lam0p010__nu0p50__psi1p00,hardzero_plus_depr,0.06,37,885,0.0,2,0.20321873,0.20321977,0.9942842,0.10132482,0.10132482,1.0,1.0382876e-06,1.02471195e-05,-27.146952,2.187469,0.7291564,0.2,0.0,0.1757202,8.675103,8.685103,2835200
hardzero_plus_depr__c0p52__z1p00__lam0p010__nu0p50__psi1p00,hardzero_plus_depr,0.06,37,886,0.0,2,0.20321977,0.20321977,1.0608221,0.0,0.086931646,0.0,0.0,1.0145157e-05,-27.819242,2.3338554,0.77795184,0.120000005,0.0,0.21758677,8.685103,8.695104,2838400
hardzero_plus_depr__c0p52__z1p00__lam0p010__nu0p50__psi1p00,hardzero_plus_depr,0.06,37,887,0.0,2,0.20321977,0.20321977,1.0227929,0.0,0.094887085,0.0,0.0,1.00442085e-05,-27.724123,2.2501893,0.7500631,0.15200001,0.0,0.19685064,8.695104,8.705104,2841600
hardzero_plus_depr__c0p52__z1p00__lam0p010__nu0p50__psi1p00,hardzero_plus_depr,0.06,37,888,0.0,2,0.20321977,0.20321977,1.0150715,0.0,0.09658917,0.0,0.0,9.944264e-06,-26.596571,2.233202,0.7444007,0.112,0.0,0.1529755,8.705104,8.715104,2844800
hardzero_plus_depr__c0p52__z1p00__lam0p010__nu0p50__psi1p00,hardzero_plus_depr,0.06,37,889,0.0,2,0.20321977,0.2032209,0.9404763,0.114689514,0.114689514,1.0,1.1291544e-06,9.845315e-06,-25.819077,2.0690892,0.68969643,0.17600001,0.0,0.15621346,8.715104,8.725104,2848000
hardzero_plus_depr__c0p52__z1p00__lam0p010__nu0p50__psi1p00,hardzero_plus_depr,0.06,37,890,0.0,2,0.2032209,0.20322193,0.9787853,0.105006136,0.105006136,1.0,1.0235316e-06,9.74735e-06,-26.858706,2.1533706,0.71779025,0.16000001,0.0,0.15896507,8.725104,8.735105,2851200
hardzero_plus_depr__c0p52__z1p00__lam0p010__nu0p50__psi1p00,hardzero_plus_depr,0.06,37,891,0.0,2,0.20322193,0.20322193,1.0288504,0.0,0.09357278,0.0,0.0,9.650361e-06,-28.181019,2.2635162,0.7545054,0.16800001,0.0,0.18253185,8.735105,8.745105,2854400
hardzero_plus_depr__c0p52__z1p00__lam0p010__nu0p50__psi1p00,hardzero_plus_depr,0.06,37,892,0.0,2,0.20322193,0.20322298,0.9642066,0.10859091,0.10859091,1.0,1.0375139e-06,9.5543355e-06,-26.35047,2.121297,0.70709896,0.14400001,0.0,0.17871407,8.745105,8.755105,2857600
hardzero_plus_depr__c0p52__z1p00__lam0p010__nu0p50__psi1p00,hardzero_plus_depr,0.06,37,893,0.0,2,0.20322298,0.20322298,1.0570709,0.0,0.087685764,0.0,0.0,9.459267e-06,-28.012768,2.3256023,0.7752008,0.16000001,0.0,0.18373895,8.755105,8.765105,2860800
hardzero_plus_depr__c0p52__z1p00__lam0p010__nu0p50__psi1p00,hardzero_plus_depr,0.06,37,894,0.0,2,0.20322298,0.20322298,1.009658,0.0,0.09780072,0.0,0.0,9.365143e-06,-27.484043,2.221292,0.7404307,0.2,0.0,0.18703182,8.765105,8.775105,2864000
hardzero_plus_depr__c0p52__z1p00__lam0p010__nu0p50__psi1p00,hardzero_plus_depr,0.06,37,895,0.0,2,0.20322298,0.20322298,1.0084801,0.0,0.09806634,0.0,0.0,9.271956e-06,-27.087082,2.2187004,0.7395668,0.15200001,0.0,0.1572072,8.775105,8.785106,2867200
hardzero_plus_depr__c0p52__z1p00__lam0p010__nu0p50__psi1p00,hardzero_plus_depr,0.06,37,896,0.0,2,0.20322298,0.20322396,0.967931,0.10766362,0.10766362,1.0,9.883194e-07,9.1796965e-06,-25.749355,2.1294906,0.7098302,0.16800001,0.0,0.17315432,8.785106,8.795106,2870400
hardzero_plus_depr__c0p52__z1p00__lam0p010__nu0p50__psi1p00,hardzero_plus_depr,0.06,37,897,0.0,2,0.20322396,0.20322488,0.992115,0.10183216,0.10183216,1.0,9.254868e-07,9.088355e-06,-27.196634,2.1826966,0.7275655,0.19,0.0,0.16659151,8.795106,8.805106,2873600
hardzero_plus_depr__c0p52__z1p00__lam0p010__nu0p50__psi1p00,hardzero_plus_depr,0.06,37,898,0.0,2,0.20322488,0.20322488,1.023884,0.0,0.09464897,0.0,0.0,8.997922e-06,-27.503345,2.25259,0.7508633,0.128,0.0,0.18320374,8.805106,8.815106,2876800
hardzero_plus_depr__c0p52__z1p00__lam0p010__nu0p50__psi1p00,hardzero_plus_depr,0.06,37,899,0.0,2,0.20322488,0.20322488,1.071252,0.0,0.08486879,0.0,0.0,8.908389e-06,-28.736294,2.3568015,0.78560054,0.16800001,0.0,0.2139461,8.815106,8.825107,2880000
hardzero_plus_depr__c0p52__z1p00__lam0p010__nu0p50__psi1p00,hardzero_plus_depr,0.06,37,900,0.0,2,0.20322488,0.20322488,1.0549638,0.0,0.08811223,0.0,0.0,8.819747e-06,-27.849846,2.3209667,0.7736556,0.112,0.0,0.20443621,8.825107,8.835107,2883200
hardzero_plus_depr__c0p52__z1p00__lam0p010__nu0p50__psi1p00,hardzero_plus_depr,0.06,37,901,0.0,2,0.20322488,0.20322576,0.9988376,0.10026801,0.10026801,1.0,8.755389e-07,8.731987e-06,-26.550852,2.1974866,0.73249555,0.17600001,0.0,0.15816917,8.835107,8.845107,2886400
hardzero_plus_depr__c0p52__z1p00__lam0p010__nu0p50__psi1p00,hardzero_plus_depr,0.06,37,902,0.0,2,0.20322576,0.20322576,1.036581,0.0,0.091921896,0.0,0.0,8.645101e-06,-27.897776,2.2805238,0.76017463,0.120000005,0.0,0.19837473,8.845107,8.855107,2889600
hardzero_plus_depr__c0p52__z1p00__lam0p010__nu0p50__psi1p00,hardzero_plus_depr,0.06,37,903,0.0,2,0.20322576,0.20322576,1.031049,0.0,0.09310029,0.0,0.0,8.559078e-06,-26.916279,2.2683532,0.75611776,0.16800001,0.0,0.16861555,8.855107,8.865108,2892800
hardzero_plus_depr__c0p52__z1p00__lam0p010__nu0p50__psi1p00,hardzero_plus_depr,0.06,37,904,0.0,2,0.20322576,0.20322576,1.0546385,0.0,0.08817824,0.0,0.0,8.473912e-06,-27.520618,2.320251,0.773417,0.15200001,0.0,0.17460313,8.865108,8.875108,2896000
hardzero_plus_depr__c0p52__z1p00__lam0p010__nu0p50__psi1p00,hardzero_plus_depr,0.06,37,905,0.0,2,0.20322576,0.20322576,1.0018055,0.0,0.09958513,0.0,0.0,8.389593e-06,-27.219421,2.2040162,0.73467207,0.16000001,0.0,0.16785704,8.875108,8.885108,2899200
hardzero_plus_depr__c0p52__z1p00__lam0p010__nu0p50__psi1p00,hardzero_plus_depr,0.06,37,906,0.0,2,0.20322576,0.20322576,1.0316746,0.0,0.092966266,0.0,0.0,8.306114e-06,-26.894773,2.2697294,0.7565765,0.128,0.0,0.20779638,8.885108,8.895108,2902400
hardzero_plus_depr__c0p52__z1p00__lam0p010__nu0p50__psi1p00,hardzero_plus_depr,0.06,37,907,0.0,2,0.20322576,0.20322576,1.0358357,0.0,0.09207978,0.0,0.0,8.223465e-06,-27.258167,2.2788842,0.75962806,0.16000001,0.0,0.17287788,8.895108,8.905108,2905600
hardzero_plus_depr__c0p52__z1p00__lam0p010__nu0p50__psi1p00,hardzero_plus_depr,0.06,37,908,0.0,2,0.20322576,0.20322576,1.0643008,0.0,0.08623811,0.0,0.0,8.141638e-06,-28.629221,2.3415084,0.7805028,0.15200001,0.0,0.19461128,8.905108,8.915109,2908800
hardzero_plus_depr__c0p52__z1p00__lam0p010__nu0p50__psi1p00,hardzero_plus_depr,0.06,37,909,0.0,2,0.20322576,0.20322576,1.017282,0.0,0.09609881,0.0,0.0,8.060625e-06,-27.311337,2.238065,0.7460217,0.096,0.0,0.17182869,8.915109,8.925109,2912000
hardzero_plus_depr__c0p52__z1p00__lam0p010__nu0p50__psi1p00,hardzero_plus_depr,0.06,37,910,0.0,2,0.20322576,0.20322576,1.0249639,0.0,0.09441395,0.0,0.0,7.980419e-06,-26.777922,2.2549655,0.7516552,0.17,0.0,0.17822327,8.925109,8.935109,2915200
hardzero_plus_depr__c0p52__z1p00__lam0p010__nu0p50__psi1p00,hardzero_plus_depr,0.06,37,911,0.0,2,0.20322576,0.20322576,1.0215744,0.0,0.09515368,0.0,0.0,7.901011e-06,-27.15557,2.2475085,0.7491695,0.104,0.0,0.18570903,8.935109,8.945109,2918400
hardzero_plus_depr__c0p52__z1p00__lam0p010__nu0p50__psi1p00,hardzero_plus_depr,0.06,37,912,0.0,2,0.20322576,0.20322576,1.0315619,0.0,0.09299041,0.0,0.0,7.822393e-06,-27.43066,2.2694814,0.7564938,0.14400001,0.0,0.20300406,8.945109,8.95511,2921600
hardzero_plus_depr__c0p52__z1p00__lam0p010__nu0p50__psi1p00,hardzero_plus_depr,0.06,37,913,0.0,2,0.20322576,0.20322576,1.0514383,0.0,0.08883041,0.0,0.0,7.7445575e-06,-27.505081,2.3132105,0.7710702,0.16800001,0.0,0.19747412,8.95511,8.96511,2924800
hardzero_plus_depr__c0p52__z1p00__lam0p010__nu0p50__psi1p00,hardzero_plus_depr,0.06,37,914,0.0,2,0.20322576,0.20322576,1.0664275,0.0,0.085816845,0.0,0.0,7.667495e-06,-28.028809,2.3461874,0.7820625,0.120000005,0.0,0.21241675,8.96511,8.97511,2928000
hardzero_plus_depr__c0p52__z1p00__lam0p010__nu0p50__psi1p00,hardzero_plus_depr,0.06,37,915,0.0,2,0.20322576,0.20322576,1.0367801,0.0,0.09187976,0.0,0.0,7.5912008e-06,-27.464622,2.2809618,0.7603206,0.08800001,0.0,0.1987042,8.97511,8.98511,2931200
hardzero_plus_depr__c0p52__z1p00__lam0p010__nu0p50__psi1p00,hardzero_plus_depr,0.06,37,916,0.0,2,0.20322576,0.20322576,1.0119762,0.0,0.097280055,0.0,0.0,7.515665e-06,-27.60336,2.2263923,0.74213076,0.14400001,0.0,0.17330524,8.98511,8.9951105,2934400
hardzero_plus_depr__c0p52__z1p00__lam0p010__nu0p50__psi1p00,hardzero_plus_depr,0.06,37,917,0.0,2,0.20322576,0.20322576,1.0038642,0.0,0.099114195,0.0,0.0,7.4408817e-06,-26.542969,2.2085452,0.73618174,0.192,0.0,0.18300924,8.9951105,9.005111,2937600
hardzero_plus_depr__c0p52__z1p00__lam0p010__nu0p50__psi1p00,hardzero_plus_depr,0.06,37,918,0.0,2,0.20322576,0.20322652,0.9879617,0.1028107,0.1028107,1.0,7.5739024e-07,7.3668425e-06,-25.97272,2.1735592,0.7245197,0.15200001,0.0,0.15983646,9.005111,9.015111,2940800
hardzero_plus_depr__c0p52__z1p00__lam0p010__nu0p50__psi1p00,hardzero_plus_depr,0.06,37,919,0.0,2,0.20322652,0.20322652,1.004234,0.0,0.09902984,0.0,0.0,7.2935386e-06,-26.504553,2.209359,0.736453,0.14400001,0.008,0.17124313,9.015111,9.025111,2944000
hardzero_plus_depr__c0p52__z1p00__lam0p010__nu0p50__psi1p00,hardzero_plus_depr,0.06,37,920,0.0,2,0.20322652,0.20322652,1.015659,0.0,0.09645862,0.0,0.0,7.220965e-06,-26.762665,2.2344944,0.7448315,0.16000001,0.0,0.20228063,9.025111,9.035111,2947200
hardzero_plus_depr__c0p52__z1p00__lam0p010__nu0p50__psi1p00,hardzero_plus_depr,0.06,37,921,0.0,2,0.20322652,0.2032273,0.9667079,0.10796727,0.10796727,1.0,7.7187036e-07,7.149114e-06,-25.779839,2.1267998,0.7089333,0.104,0.0,0.15939158,9.035111,9.045112,2950400
hardzero_plus_depr__c0p52__z1p00__lam0p010__nu0p50__psi1p00,hardzero_plus_depr,0.06,37,922,0.0,2,0.2032273,0.2032273,1.0475242,0.0,0.08963461,0.0,0.0,7.0779774e-06,-27.58021,2.3045993,0.7681998,0.16000001,0.0,0.20499863,9.045112,9.055112,2953600
hardzero_plus_depr__c0p52__z1p00__lam0p010__nu0p50__psi1p00,hardzero_plus_depr,0.06,37,923,0.0,2,0.2032273,0.20322801,0.9913888,0.10200259,0.10200259,1.0,7.147881e-07,7.0075484e-06,-27.075737,2.181099,0.727033,0.22999999,0.0,0.16198897,9.055112,9.065112,2956800
hardzero_plus_depr__c0p52__z1p00__lam0p010__nu0p50__psi1p00,hardzero_plus_depr,0.06,37,924,0.0,2,0.20322801,0.20322801,1.0176857,0.0,0.09600954,0.0,0.0,6.93782e-06,-27.340525,2.238953,0.74631774,0.104,0.0,0.17673938,9.065112,9.075112,2960000
hardzero_plus_depr__c0p52__z1p00__lam0p010__nu0p50__psi1p00,hardzero_plus_depr,0.06,37,925,0.0,2,0.20322801,0.20322801,1.0557721,0.0,0.0879484,0.0,0.0,6.8687864e-06,-28.616985,2.3227448,0.7742483,0.136,0.0,0.18638802,9.075112,9.085113,2963200
hardzero_plus_depr__c0p52__z1p00__lam0p010__nu0p50__psi1p00,hardzero_plus_depr,0.06,37,926,0.0,2,0.20322801,0.20322801,1.0431043,0.0,0.09055152,0.0,0.0,6.8004397e-06,-28.007647,2.2948751,0.7649584,0.136,0.0,0.20992608,9.085113,9.095113,2966400
hardzero_plus_depr__c0p52__z1p00__lam0p010__nu0p50__psi1p00,hardzero_plus_depr,0.06,37,927,0.0,2,0.20322801,0.20322801,1.0350709,0.0,0.09224208,0.0,0.0,6.7327724e-06,-27.772255,2.2772014,0.7590672,0.16000001,0.0,0.18418832,9.095113,9.105113,2969600
hardzero_plus_depr__c0p52__z1p00__lam0p010__nu0p50__psi1p00,hardzero_plus_depr,0.06,37,928,0.0,2,0.20322801,0.20322801,1.0580664,0.0,0.08748501,0.0,0.0,6.6657785e-06,-28.269173,2.3277924,0.7759308,0.120000005,0.0,0.1803839,9.105113,9.115113,2972800
hardzero_plus_depr__c0p52__z1p00__lam0p010__nu0p50__psi1p00,hardzero_plus_depr,0.06,37,929,0.0,2,0.20322801,0.20322871,0.9784915,0.10507721,0.10507721,1.0,6.9345197e-07,6.599452e-06,-26.868767,2.1527243,0.7175748,0.216,0.0,0.20328204,9.115113,9.1251135,2976000
hardzero_plus_depr__c0p52__z1p00__lam0p010__nu0p50__psi1p00,hardzero_plus_depr,0.06,37,930,0.0,2,0.20322871,0.20322871,1.0571249,0.0,0.08767487,0.0,0.0,6.5337845e-06,-28.468128,2.325721,0.77524036,0.16000001,0.0,0.19905363,9.1251135,9.135114,2979200
hardzero_plus_depr__c0p52__z1p00__lam0p010__nu0p50__psi1p00,hardzero_plus_depr,0.06,37,931,0.0,2,0.20322871,0.20322871,1.0449414,0.0,0.090169266,0.0,0.0,6.4687706e-06,-27.716074,2.298917,0.7663057,0.16000001,0.0,0.18680535,9.135114,9.145114,2982400
hardzero_plus_depr__c0p52__z1p00__lam0p010__nu0p50__psi1p00,hardzero_plus_depr,0.06,37,932,0.0,2,0.20322871,0.20322871,1.0338221,0.0,0.0925077,0.0,0.0,6.4044043e-06,-26.870695,2.2744539,0.7581513,0.16800001,0.0,0.19041781,9.145114,9.155114,2985600
hardzero_plus_depr__c0p52__z1p00__lam0p010__nu0p50__psi1p00,hardzero_plus_depr,0.06,37,933,0.0,2,0.20322871,0.20322871,1.0197226,0.0,0.09556027,0.0,0.0,6.340678e-06,-27.228542,2.2434344,0.7478115,0.104,0.0,0.16785713,9.155114,9.165114,2988800
hardzero_plus_depr__c0p52__z1p00__lam0p010__nu0p50__psi1p00,hardzero_plus_depr,0.06,37,934,0.0,2,0.20322871,0.20322871,1.0703341,0.0,0.085048355,0.0,0.0,6.2775853e-06,-28.080355,2.3547819,0.7849273,0.104,0.0,0.20183311,9.165114,9.175115,2992000
hardzero_plus_depr__c0p52__z1p00__lam0p010__nu0p50__psi1p00,hardzero_plus_depr,0.06,37,935,0.0,2,0.20322871,0.20322871,1.0360984,0.0,0.0920241,0.0,0.0,6.2151207e-06,-27.062033,2.2794619,0.75982064,0.192,0.0,0.17324896,9.175115,9.185115,2995200
hardzero_plus_depr__c0p52__z1p00__lam0p010__nu0p50__psi1p00,hardzero_plus_depr,0.06,37,936,0.0,2,0.20322871,0.20322871,1.0533731,0.0,0.088435546,0.0,0.0,6.1532783e-06,-27.664272,2.317467,0.772489,0.11,0.0,0.18801592,9.185115,9.195115,2998400
hardzero_plus_depr__c0p52__z1p00__lam0p010__nu0p50__psi1p00,hardzero_plus_depr,0.06,37,937,0.0,2,0.20322871,0.20322937,0.9695768,0.107256405,0.107256405,1.0,6.5341146e-07,6.0920506e-06,-25.505459,2.1331115,0.71103716,0.16800001,0.0,0.16279894,9.195115,9.205115,3001600
hardzero_plus_depr__c0p52__z1p00__lam0p010__nu0p50__psi1p00,hardzero_plus_depr,0.06,37,938,0.0,2,0.20322937,0.20322937,1.0396495,0.0,0.09127471,0.0,0.0,6.0314323e-06,-27.223341,2.2872746,0.7624249,0.14400001,0.0,0.18342645,9.205115,9.215116,3004800
hardzero_plus_depr__c0p52__z1p00__lam0p010__nu0p50__psi1p00,hardzero_plus_depr,0.06,37,939,0.0,2,0.20322937,0.20322996,0.99975705,0.10005595,0.10005595,1.0,5.974758e-07,5.971417e-06,-26.512257,2.1995094,0.7331698,0.272,0.0,0.1691807,9.215116,9.225116,3008000
hardzero_plus_depr__c0p52__z1p00__lam0p010__nu0p50__psi1p00,hardzero_plus_depr,0.06,37,940,0.0,2,0.20322996,0.20323059,0.973987,0.10617274,0.10617274,1.0,6.276931e-07,5.911999e-06,-25.809353,2.1428142,0.7142714,0.23200001,0.0,0.17714871,9.225116,9.235116,3011200
hardzero_plus_depr__c0p52__z1p00__lam0p010__nu0p50__psi1p00,hardzero_plus_depr,0.06,37,941,0.0,2,0.20323059,0.20323059,1.0242594,0.0,0.09456721,0.0,0.0,5.8531728e-06,-27.065157,2.2534158,0.7511386,0.16000001,0.0,0.19557709,9.235116,9.245116,3014400
hardzero_plus_depr__c0p52__z1p00__lam0p010__nu0p50__psi1p00,hardzero_plus_depr,0.06,37,942,0.0,2,0.20323059,0.20323059,1.055123,0.0,0.08807995,0.0,0.0,5.7949314e-06,-26.722391,2.321317,0.77377236,0.120000005,0.0,0.16998301,9.245116,9.255116,3017600
hardzero_plus_depr__c0p52__z1p00__lam0p010__nu0p50__psi1p00,hardzero_plus_depr,0.06,37,943,0.0,2,0.20323059,0.20323059,1.01609,0.0,0.096362926,0.0,0.0,5.737269e-06,-27.304245,2.2354426,0.7451476,0.16000001,0.0,0.18666568,9.255116,9.265117,3020800
hardzero_plus_depr__c0p52__z1p00__lam0p010__nu0p50__psi1p00,hardzero_plus_depr,0.06,37,944,0.0,2,0.20323059,0.20323059,1.0804758,0.0,0.08308528,0.0,0.0,5.6801814e-06,-27.65528,2.3770943,0.7923648,0.120000005,0.0,0.17017771,9.265117,9.275117,3024000
hardzero_plus_depr__c0p52__z1p00__lam0p010__nu0p50__psi1p00,hardzero_plus_depr,0.06,37,945,0.0,2,0.20323059,0.20323059,1.035172,0.0,0.09222061,0.0,0.0,5.623661e-06,-26.703451,2.2774239,0.7591413,0.08800001,0.0,0.18351477,9.275117,9.285117,3027200
hardzero_plus_depr__c0p52__z1p00__lam0p010__nu0p50__psi1p00,hardzero_plus_depr,0.06,37,946,0.0,2,0.20323059,0.20323116,0.9907559,0.10215134,0.10215134,1.0,5.6874836e-07,5.5677033e-06,-26.442108,2.1797066,0.7265689,0.15200001,0.0,0.18081589,9.285117,9.295117,3030400
hardzero_plus_depr__c0p52__z1p00__lam0p010__nu0p50__psi1p00,hardzero_plus_depr,0.06,37,947,0.0,2,0.20323116,0.20323116,1.0166088,0.0,0.096247874,0.0,0.0,5.512303e-06,-27.412573,2.2365842,0.7455281,0.136,0.0,0.17939341,9.295117,9.305118,3033600
hardzero_plus_depr__c0p52__z1p00__lam0p010__nu0p50__psi1p00,hardzero_plus_depr,0.06,37,948,0.0,2,0.20323116,0.2032317,0.9931366,0.10159291,0.10159291,1.0,5.5443854e-07,5.457453e-06,-26.74911,2.1849442,0.72831476,0.15200001,0.0,0.19755691,9.305118,9.315118,3036800
hardzero_plus_depr__c0p52__z1p00__lam0p010__nu0p50__psi1p00,hardzero_plus_depr,0.06,37,949,0.0,2,0.2032317,0.2032317,1.0244966,0.0,0.09451559,0.0,0.0,5.4031493e-06,-26.857738,2.2539375,0.7513125,0.17,0.0,0.1778954,9.315118,9.325118,3040000
hardzero_plus_depr__c0p52__z1p00__lam0p010__nu0p50__psi1p00,hardzero_plus_depr,0.06,37,950,0.0,2,0.2032317,0.2032317,1.0548221,0.0,0.08814098,0.0,0.0,5.3493854e-06,-28.411572,2.3206549,0.77355164,0.120000005,0.0,0.20068003,9.325118,9.335118,3043200
hardzero_plus_depr__c0p52__z1p00__lam0p010__nu0p50__psi1p00,hardzero_plus_depr,0.06,37,951,0.0,2,0.2032317,0.2032317,1.0356658,0.0,0.09211581,0.0,0.0,5.2961577e-06,-27.177055,2.27851,0.75950336,0.17600001,0.0,0.18728435,9.335118,9.3451185,3046400
hardzero_plus_depr__c0p52__z1p00__lam0p010__nu0p50__psi1p00,hardzero_plus_depr,0.06,37,952,0.0,2,0.2032317,0.2032317,1.0103632,0.0,0.09764203,0.0,0.0,5.243459e-06,-27.11645,2.2228434,0.74094784,0.136,0.0,0.17092524,9.3451185,9.355119,3049600
hardzero_plus_depr__c0p52__z1p00__lam0p010__nu0p50__psi1p00,hardzero_plus_depr,0.06,37,953,0.0,2,0.2032317,0.20323224,0.99035984,0.10224453,0.10224453,1.0,5.307804e-07,5.191284e-06,-26.468246,2.1788352,0.7262784,0.16800001,0.0,0.17182343,9.355119,9.365119,3052800
hardzero_plus_depr__c0p52__z1p00__lam0p010__nu0p50__psi1p00,hardzero_plus_depr,0.06,37,954,0.0,2,0.20323224,0.20323224,1.0153122,0.0,0.09653567,0.0,0.0,5.1396287e-06,-27.682549,2.2337315,0.74457717,0.18400002,0.0,0.20032893,9.365119,9.375119,3056000
hardzero_plus_depr__c0p52__z1p00__lam0p010__nu0p50__psi1p00,hardzero_plus_depr,0.06,37,955,0.0,2,0.20323224,0.20323224,1.0459626,0.0,0.0899575,0.0,0.0,5.088487e-06,-27.566957,2.3011637,0.76705456,0.14400001,0.0,0.1772467,9.375119,9.385119,3059200
hardzero_plus_depr__c0p52__z1p00__lam0p010__nu0p50__psi1p00,hardzero_plus_depr,0.06,37,956,0.0,2,0.20323224,0.20323275,0.9933665,0.10153915,0.10153915,1.0,5.115395e-07,5.037855e-06,-27.011614,2.1854498,0.7284833,0.2,0.0,0.19630711,9.385119,9.39512,3062400
hardzero_plus_depr__c0p52__z1p00__lam0p010__nu0p50__psi1p00,hardzero_plus_depr,0.06,37,957,0.0,2,0.20323275,0.20323275,1.0755152,0.0,0.08403976,0.0,0.0,4.9877262e-06,-28.764019,2.3661807,0.7887269,0.14400001,0.0,0.18980579,9.39512,9.40512,3065600
hardzero_plus_depr__c0p52__z1p00__lam0p010__nu0p50__psi1p00,hardzero_plus_depr,0.06,37,958,0.0,2,0.20323275,0.20323275,1.0010765,0.0,0.09975244,0.0,0.0,4.938097e-06,-27.566307,2.2024121,0.7341374,0.14400001,0.0,0.18228675,9.40512,9.41512,3068800
hardzero_plus_depr__c0p52__z1p00__lam0p010__nu0p50__psi1p00,hardzero_plus_depr,0.06,37,959,0.0,2,0.20323275,0.20323326,0.9783144,0.105120055,0.105120055,1.0,5.1392783e-07,4.8889606e-06,-26.200151,2.1523347,0.7174449,0.16800001,0.0,0.16126339,9.41512,9.42512,3072000
hardzero_plus_depr__c0p52__z1p00__lam0p010__nu0p50__psi1p00,hardzero_plus_depr,0.06,37,960,0.0,2,0.20323326,0.20323326,1.0295674,0.0,0.09341844,0.0,0.0,4.840313e-06,-26.994095,2.2650933,0.7550311,0.136,0.0,0.18184017,9.42512,9.435121,3075200
hardzero_plus_depr__c0p52__z1p00__lam0p010__nu0p50__psi1p00,hardzero_plus_depr,0.06,37,961,0.0,2,0.20323326,0.20323326,1.0375177,0.0,0.09172386,0.0,0.0,4.7921503e-06,-27.847351,2.2825844,0.7608615,0.128,0.0,0.17535453,9.435121,9.445121,3078400
hardzero_plus_depr__c0p52__z1p00__lam0p010__nu0p50__psi1p00,hardzero_plus_depr,0.06,37,962,0.0,2,0.20323326,0.20323373,0.99439836,0.10129817,0.10129817,1.0,4.8060576e-07,4.7444664e-06,-27.61644,2.18772,0.72924006,0.22,0.0,0.17360161,9.445121,9.455121,3081600
hardzero_plus_depr__c0p52__z1p00__lam0p010__nu0p50__psi1p00,hardzero_plus_depr,0.06,37,963,0.0,2,0.20323373,0.20323373,1.027891,0.0,0.09377973,0.0,0.0,4.6972573e-06,-27.094418,2.2614055,0.7538018,0.14400001,0.0,0.18002948,9.455121,9.465121,3084800
hardzero_plus_depr__c0p52__z1p00__lam0p010__nu0p50__psi1p00,hardzero_plus_depr,0.06,37,964,0.0,2,0.20323373,0.20323373,1.0487512,0.0,0.089381725,0.0,0.0,4.650518e-06,-28.168993,2.3072987,0.7690996,0.16800001,0.008,0.17576008,9.465121,9.4751215,3088000
hardzero_plus_depr__c0p52__z1p00__lam0p010__nu0p50__psi1p00,hardzero_plus_depr,0.06,37,965,0.0,2,0.20323373,0.20323421,0.9863755,0.10318688,0.10318688,1.0,4.7509752e-07,4.6042433e-06,-25.96247,2.1700695,0.7233565,0.18400002,0.0,0.19231737,9.4751215,9.485122,3091200
hardzero_plus_depr__c0p52__z1p00__lam0p010__nu0p50__psi1p00,hardzero_plus_depr,0.06,37,966,0.0,2,0.20323421,0.20323421,1.0349346,0.0,0.09227102,0.0,0.0,4.5584293e-06,-27.4932,2.2769017,0.7589673,0.14400001,0.0,0.1829142,9.485122,9.495122,3094400
hardzero_plus_depr__c0p52__z1p00__lam0p010__nu0p50__psi1p00,hardzero_plus_depr,0.06,37,967,0.0,2,0.20323421,0.20323421,1.0150416,0.0,0.09659583,0.0,0.0,4.513071e-06,-27.33846,2.2331362,0.74437875,0.2,0.0,0.18489319,9.495122,9.505122,3097600
hardzero_plus_depr__c0p52__z1p00__lam0p010__nu0p50__psi1p00,hardzero_plus_depr,0.06,37,968,0.0,2,0.20323421,0.20323421,1.0092912,0.0,0.097883336,0.0,0.0,4.468164e-06,-27.347456,2.220485,0.74016166,0.14400001,0.0,0.16421318,9.505122,9.515122,3100800
hardzero_plus_depr__c0p52__z1p00__lam0p010__nu0p50__psi1p00,hardzero_plus_depr,0.06,37,969,0.0,2,0.20323421,0.20323466,0.98900557,0.102563865,0.102563865,1.0,4.5371223e-07,4.4237045e-06,-27.372808,2.1758556,0.72528523,0.17600001,0.0,0.17458345,9.515122,9.525123,3104000
hardzero_plus_depr__c0p52__z1p00__lam0p010__nu0p50__psi1p00,hardzero_plus_depr,0.06,37,970,0.0,2,0.20323466,0.20323466,1.0271221,0.0,0.09394589,0.0,0.0,4.3796867e-06,-27.797617,2.259714,0.75323796,0.16800001,0.0,0.17720966,9.525123,9.535123,3107200
hardzero_plus_depr__c0p52__z1p00__lam0p010__nu0p50__psi1p00,hardzero_plus_depr,0.06,37,971,0.0,2,0.20323466,0.20323466,1.0856569,0.0,0.08209999,0.0,0.0,4.336107e-06,-28.444973,2.3884928,0.7961643,0.136,0.0,0.18229648,9.535123,9.545123,3110400
hardzero_plus_depr__c0p52__z1p00__lam0p010__nu0p50__psi1p00,hardzero_plus_depr,0.06,37,972,0.0,2,0.20323466,0.20323466,1.0667844,0.0,0.08574635,0.0,0.0,4.292961e-06,-28.683752,2.3469725,0.7823242,0.15200001,0.0,0.228955,9.545123,9.555123,3113600
hardzero_plus_depr__c0p52__z1p00__lam0p010__nu0p50__psi1p00,hardzero_plus_depr,0.06,37,973,0.0,2,0.20323466,0.20323466,1.0129433,0.0,0.09706367,0.0,0.0,4.2502447e-06,-27.020191,2.2285197,0.74283993,0.14400001,0.0,0.19545026,9.555123,9.565124,3116800
hardzero_plus_depr__c0p52__z1p00__lam0p010__nu0p50__psi1p00,hardzero_plus_depr,0.06,37,974,0.0,2,0.20323466,0.20323512,0.9592628,0.10983409,0.10983409,1.0,4.6217667e-07,4.2079528e-06,-25.896994,2.1104202,0.70347345,0.16000001,0.0,0.15072179,9.565124,9.575124,3120000
hardzero_plus_depr__c0p52__z1p00__lam0p010__nu0p50__psi1p00,hardzero_plus_depr,0.06,37,975,0.0,2,0.20323512,0.20323512,1.0344324,0.0,0.0923778,0.0,0.0,4.166082e-06,-27.076315,2.2757967,0.7585989,0.17,0.01,0.16683601,9.575124,9.585124,3123200
hardzero_plus_depr__c0p52__z1p00__lam0p010__nu0p50__psi1p00,hardzero_plus_depr,0.06,37,976,0.0,2,0.20323512,0.20323557,0.96113324,0.10936207,0.10936207,1.0,4.5107788e-07,4.124628e-06,-26.130812,2.1145353,0.70484513,0.18400002,0.0,0.15177663,9.585124,9.595124,3126400
hardzero_plus_depr__c0p52__z1p00__lam0p010__nu0p50__psi1p00,hardzero_plus_depr,0.06,37,977,0.0,2,0.20323557,0.20323557,1.0093765,0.0,0.09786411,0.0,0.0,4.083586e-06,-27.000942,2.2206726,0.74022424,0.120000005,0.0,0.18144682,9.595124,9.605124,3129600
hardzero_plus_depr__c0p52__z1p00__lam0p010__nu0p50__psi1p00,hardzero_plus_depr,0.06,37,978,0.0,2,0.20323557,0.20323557,1.0390676,0.0,0.09139709,0.0,0.0,4.0429527e-06,-27.20407,2.2859945,0.7619982,0.112,0.0,0.18649611,9.605124,9.615125,3132800
hardzero_plus_depr__c0p52__z1p00__lam0p010__nu0p50__psi1p00,hardzero_plus_depr,0.06,37,979,0.0,2,0.20323557,0.203236,0.9668517,0.10793153,0.10793153,1.0,4.3202013e-07,4.002724e-06,-26.022339,2.1271162,0.70903873,0.224,0.0,0.1773647,9.615125,9.625125,3136000
hardzero_plus_depr__c0p52__z1p00__lam0p010__nu0p50__psi1p00,hardzero_plus_depr,0.06,37,980,0.0,2,0.203236,0.203236,1.0377046,0.0,0.09168439,0.0,0.0,3.9628953e-06,-27.556341,2.2829957,0.7609986,0.18400002,0.0,0.17723514,9.625125,9.635125,3139200
hardzero_plus_depr__c0p52__z1p00__lam0p010__nu0p50__psi1p00,hardzero_plus_depr,0.06,37,981,0.0,2,0.203236,0.203236,1.0256584,0.0,0.09426308,0.0,0.0,3.923463e-06,-26.515879,2.2564936,0.75216454,0.14400001,0.0,0.19418758,9.635125,9.645125,3142400
hardzero_plus_depr__c0p52__z1p00__lam0p010__nu0p50__psi1p00,hardzero_plus_depr,0.06,37,982,0.0,2,0.203236,0.203236,1.0572048,0.0,0.08765871,0.0,0.0,3.884423e-06,-27.943665,2.325897,0.775299,0.128,0.0,0.20238765,9.645125,9.655126,3145600
hardzero_plus_depr__c0p52__z1p00__lam0p010__nu0p50__psi1p00,hardzero_plus_depr,0.06,37,983,0.0,2,0.203236,0.203236,1.0064069,0.0,0.09853558,0.0,0.0,3.8457715e-06,-27.319082,2.2141395,0.7380465,0.15200001,0.0,0.17912003,9.655126,9.665126,3148800
hardzero_plus_depr__c0p52__z1p00__lam0p010__nu0p50__psi1p00,hardzero_plus_depr,0.06,37,984,0.0,2,0.203236,0.203236,1.0514647,0.0,0.08882502,0.0,0.0,3.8075043e-06,-27.151402,2.3132684,0.7710895,0.136,0.0,0.19191185,9.665126,9.675126,3152000
hardzero_plus_depr__c0p52__z1p00__lam0p010__nu0p50__psi1p00,hardzero_plus_depr,0.06,37,985,0.0,2,0.203236,0.203236,1.0798881,0.0,0.0831978,0.0,0.0,3.7696182e-06,-28.631165,2.3758013,0.7919338,0.128,0.0,0.21159466,9.675126,9.685126,3155200
hardzero_plus_depr__c0p52__z1p00__lam0p010__nu0p50__psi1p00,hardzero_plus_depr,0.06,37,986,0.0,2,0.203236,0.203236,1.0171927,0.0,0.09611856,0.0,0.0,3.732109e-06,-26.657654,2.2378688,0.7459563,0.128,0.0,0.17779796,9.685126,9.695127,3158400
hardzero_plus_depr__c0p52__z1p00__lam0p010__nu0p50__psi1p00,hardzero_plus_depr,0.06,37,987,0.0,2,0.203236,0.203236,1.0901271,0.0,0.081259266,0.0,0.0,3.6949734e-06,-28.67713,2.3983276,0.7994425,0.104,0.0,0.23014496,9.695127,9.705127,3161600
hardzero_plus_depr__c0p52__z1p00__lam0p010__nu0p50__psi1p00,hardzero_plus_depr,0.06,37,988,0.0,2,0.203236,0.20323637,0.9901287,0.10229898,0.10229898,1.0,3.742308e-07,3.6582067e-06,-27.410728,2.1783266,0.7261089,0.19999999,0.0,0.18643172,9.705127,9.715127,3164800
hardzero_plus_depr__c0p52__z1p00__lam0p010__nu0p50__psi1p00,hardzero_plus_depr,0.06,37,989,0.0,2,0.20323637,0.20323637,1.0965285,0.0,0.080070294,0.0,0.0,3.6218062e-06,-28.208277,2.412411,0.804137,0.18400002,0.0,0.18073194,9.715127,9.725127,3168000
hardzero_plus_depr__c0p52__z1p00__lam0p010__nu0p50__psi1p00,hardzero_plus_depr,0.06,37,990,0.0,2,0.20323637,0.20323637,1.0077541,0.0,0.09823039,0.0,0.0,3.5857677e-06,-27.150087,2.2171032,0.7390344,0.192,0.0,0.16350484,9.725127,9.735127,3171200
hardzero_plus_depr__c0p52__z1p00__lam0p010__nu0p50__psi1p00,hardzero_plus_depr,0.06,37,991,0.0,2,0.20323637,0.20323637,1.0723854,0.0,0.08464757,0.0,0.0,3.550088e-06,-27.908394,2.3592951,0.7864317,0.096,0.0,0.19031484,9.735127,9.745128,3174400
hardzero_plus_depr__c0p52__z1p00__lam0p010__nu0p50__psi1p00,hardzero_plus_depr,0.06,37,992,0.0,2,0.20323637,0.20323673,0.9952379,0.101102546,0.101102546,1.0,3.5535152e-07,3.5147632e-06,-27.630974,2.189567,0.7298557,0.16000001,0.0,0.21390066,9.745128,9.755128,3177600
hardzero_plus_depr__c0p52__z1p00__lam0p010__nu0p50__psi1p00,hardzero_plus_depr,0.06,37,993,0.0,2,0.20323673,0.20323673,1.030183,0.0,0.09328612,0.0,0.0,3.4797897e-06,-27.263588,2.2664478,0.7554826,0.15200001,0.0,0.15786612,9.755128,9.765128,3180800
hardzero_plus_depr__c0p52__z1p00__lam0p010__nu0p50__psi1p00,hardzero_plus_depr,0.06,37,994,0.0,2,0.20323673,0.2032371,0.96244603,0.109032005,0.109032005,1.0,3.7563322e-07,3.4451648e-06,-25.544485,2.1174235,0.70580786,0.120000005,0.0,0.1807923,9.765128,9.775128,3184000
hardzero_plus_depr__c0p52__z1p00__lam0p010__nu0p50__psi1p00,hardzero_plus_depr,0.06,37,995,0.0,2,0.2032371,0.2032371,1.0112716,0.0,0.097438015,0.0,0.0,3.410884e-06,-26.64468,2.2248418,0.741614,0.14400001,0.0,0.1705988,9.775128,9.785129,3187200
hardzero_plus_depr__c0p52__z1p00__lam0p010__nu0p50__psi1p00,hardzero_plus_depr,0.06,37,996,0.0,2,0.2032371,0.2032371,1.0437852,0.0,0.09040965,0.0,0.0,3.3769443e-06,-27.184057,2.2963734,0.7654578,0.08800001,0.0,0.1818488,9.785129,9.795129,3190400
hardzero_plus_depr__c0p52__z1p00__lam0p010__nu0p50__psi1p00,hardzero_plus_depr,0.06,37,997,0.0,2,0.2032371,0.2032371,1.0570599,0.0,0.087687984,0.0,0.0,3.3433425e-06,-28.52449,2.3255782,0.77519274,0.192,0.0,0.19581321,9.795129,9.805129,3193600
hardzero_plus_depr__c0p52__z1p00__lam0p010__nu0p50__psi1p00,hardzero_plus_depr,0.06,37,998,0.0,2,0.2032371,0.2032371,1.0151471,0.0,0.09657237,0.0,0.0,3.3100748e-06,-26.861412,2.2333682,0.74445605,0.208,0.0,0.19407505,9.805129,9.815129,3196800
hardzero_plus_depr__c0p52__z1p00__lam0p010__nu0p50__psi1p00,hardzero_plus_depr,0.06,37,999,0.0,2,0.2032371,0.2032371,1.0345246,0.0,0.0923582,0.0,0.0,3.2771384e-06,-27.666311,2.2759995,0.7586665,0.192,0.0,0.21401437,9.815129,9.8251295,3200000
hardzero_plus_depr__c0p52__z1p00__lam0p010__nu0p50__psi1p00,hardzero_plus_depr,0.06,37,1000,0.0,2,0.2032371,0.20323743,0.9964254,0.10082649,0.10082649,1.0,3.2713447e-07,3.2445291e-06,-26.934975,2.1921797,0.7307266,0.14400001,0.0,0.18812236,9.8251295,9.83513,3203200
hardzero_plus_depr__c0p52__z1p00__lam0p010__nu0p50__psi1p00,hardzero_plus_depr,0.06,37,1001,0.0,2,0.20323743,0.20323777,0.9782851,0.105127156,0.105127156,1.0,3.3769422e-07,3.2122452e-06,-26.223633,2.15227,0.7174234,0.16,0.0,0.1564833,9.83513,9.84513,3206400
hardzero_plus_depr__c0p52__z1p00__lam0p010__nu0p50__psi1p00,hardzero_plus_depr,0.06,37,1002,0.0,2,0.20323777,0.20323777,1.0116947,0.0,0.09734313,0.0,0.0,3.180282e-06,-26.949183,2.2257726,0.7419242,0.16800001,0.0,0.1968319,9.84513,9.85513,3209600
hardzero_plus_depr__c0p52__z1p00__lam0p010__nu0p50__psi1p00,hardzero_plus_depr,0.06,37,1003,0.0,2,0.20323777,0.20323777,1.010817,0.0,0.09754005,0.0,0.0,3.148637e-06,-26.628256,2.223842,0.7412807,0.15200001,0.0,0.17041524,9.85513,9.86513,3212800
hardzero_plus_depr__c0p52__z1p00__lam0p010__nu0p50__psi1p00,hardzero_plus_depr,0.06,37,1004,0.0,2,0.20323777,0.20323808,0.99247444,0.10174792,0.10174792,1.0,3.1717946e-07,3.1173065e-06,-27.328669,2.1834874,0.72782916,0.192,0.0,0.16733055,9.86513,9.875131,3216000
hardzero_plus_depr__c0p52__z1p00__lam0p010__nu0p50__psi1p00,hardzero_plus_depr,0.06,37,1005,0.0,2,0.20323808,0.20323808,1.0174116,0.0,0.096070126,0.0,0.0,3.0862882e-06,-26.536463,2.2383502,0.74611676,0.136,0.0,0.1912631,9.875131,9.885131,3219200
hardzero_plus_depr__c0p52__z1p00__lam0p010__nu0p50__psi1p00,hardzero_plus_depr,0.06,37,1006,0.0,2,0.20323808,0.20323808,1.0114981,0.0,0.0973872,0.0,0.0,3.0555786e-06,-26.313625,2.2253404,0.74178016,0.18400002,0.0,0.1940342,9.885131,9.895131,3222400
hardzero_plus_depr__c0p52__z1p00__lam0p010__nu0p50__psi1p00,hardzero_plus_depr,0.06,37,1007,0.0,2,0.20323808,0.20323808,1.0112845,0.0,0.09743511,0.0,0.0,3.0251745e-06,-26.281382,2.2248702,0.7416234,0.16800001,0.0,0.16094922,9.895131,9.905131,3225600
hardzero_plus_depr__c0p52__z1p00__lam0p010__nu0p50__psi1p00,hardzero_plus_depr,0.06,37,1008,0.0,2,0.20323808,0.2032384,0.9895166,0.10244326,0.10244326,1.0,3.0682503e-07,2.9950727e-06,-26.895145,2.17698,0.72566,0.192,0.0,0.15877269,9.905131,9.915132,3228800
hardzero_plus_depr__c0p52__z1p00__lam0p010__nu0p50__psi1p00,hardzero_plus_depr,0.06,37,1009,0.0,2,0.2032384,0.2032384,1.0017096,0.0,0.09960712,0.0,0.0,2.9652704e-06,-27.01755,2.203805,0.7346017,0.18400002,0.0,0.19917977,9.915132,9.925132,3232000
hardzero_plus_depr__c0p52__z1p00__lam0p010__nu0p50__psi1p00,hardzero_plus_depr,0.06,37,1010,0.0,2,0.2032384,0.2032384,1.0359322,0.0,0.09205932,0.0,0.0,2.9357648e-06,-27.587566,2.2790964,0.7596988,0.120000005,0.0,0.1653969,9.925132,9.935132,3235200
hardzero_plus_depr__c0p52__z1p00__lam0p010__nu0p50__psi1p00,hardzero_plus_depr,0.06,37,1011,0.0,2,0.2032384,0.2032384,1.0300647,0.0,0.093311526,0.0,0.0,2.906553e-06,-27.40264,2.2661877,0.7553959,0.104,0.0,0.1871693,9.935132,9.945132,3238400
hardzero_plus_depr__c0p52__z1p00__lam0p010__nu0p50__psi1p00,hardzero_plus_depr,0.06,37,1012,0.0,2,0.2032384,0.2032384,1.0004649,0.0,0.099893,0.0,0.0,2.8776315e-06,-26.753935,2.2010667,0.73368895,0.136,0.0,0.1751163,9.945132,9.9551325,3241600
hardzero_plus_depr__c0p52__z1p00__lam0p010__nu0p50__psi1p00,hardzero_plus_depr,0.06,37,1013,0.0,2,0.2032384,0.2032387,0.9859539,0.10328708,0.10328708,1.0,2.9426468e-07,2.848998e-06,-25.89321,2.169142,0.7230474,0.18400002,0.0,0.16264454,9.9551325,9.965133,3244800
hardzero_plus_depr__c0p52__z1p00__lam0p010__nu0p50__psi1p00,hardzero_plus_depr,0.06,37,1014,0.0,2,0.2032387,0.2032387,1.0660899,0.0,0.08588357,0.0,0.0,2.8206491e-06,-28.19263,2.3454444,0.7818148,0.08,0.0,0.18371125,9.965133,9.975133,3248000
hardzero_plus_depr__c0p52__z1p00__lam0p010__nu0p50__psi1p00,hardzero_plus_depr,0.06,37,1015,0.0,2,0.2032387,0.2032387,1.0291587,0.0,0.093506396,0.0,0.0,2.7925828e-06,-27.31583,2.2641945,0.75473154,0.104,0.0,0.19032115,9.975133,9.985133,3251200
hardzero_plus_depr__c0p52__z1p00__lam0p010__nu0p50__psi1p00,hardzero_plus_depr,0.06,37,1016,0.0,2,0.2032387,0.2032387,1.0708092,0.0,0.08495536,0.0,0.0,2.7647957e-06,-28.21337,2.3558273,0.7852758,0.120000005,0.0,0.19793743,9.985133,9.995133,3254400
hardzero_plus_depr__c0p52__z1p00__lam0p010__nu0p50__psi1p00,hardzero_plus_depr,0.06,37,1017,0.0,2,0.2032387,0.2032387,1.0644786,0.0,0.08620279,0.0,0.0,2.7372846e-06,-28.0813,2.3418999,0.78063333,0.14400001,0.0,0.19882868,9.995133,10.005134,3257600
hardzero_plus_depr__c0p52__z1p00__lam0p010__nu0p50__psi1p00,hardzero_plus_depr,0.06,37,1018,0.0,2,0.2032387,0.2032387,1.0614415,0.0,0.08680773,0.0,0.0,2.7100475e-06,-27.720325,2.335218,0.778406,0.192,0.0,0.18940751,10.005134,10.015134,3260800
hardzero_plus_depr__c0p52__z1p00__lam0p010__nu0p50__psi1p00,hardzero_plus_depr,0.06,37,1019,0.0,2,0.2032387,0.20323896,0.9943847,0.10130136,0.10130136,1.0,2.7179982e-07,2.6830817e-06,-26.742939,2.18769,0.72923005,0.112,0.0,0.16043103,10.015134,10.025134,3264000
hardzero_plus_depr__c0p52__z1p00__lam0p010__nu0p50__psi1p00,hardzero_plus_depr,0.06,37,1020,0.0,2,0.20323896,0.20323896,1.0484167,0.0,0.089450605,0.0,0.0,2.6563837e-06,-26.935999,2.306563,0.7688543,0.128,0.0,0.19137602,10.025134,10.035134,3267200
hardzero_plus_depr__c0p52__z1p00__lam0p010__nu0p50__psi1p00,hardzero_plus_depr,0.06,37,1021,0.0,2,0.20323896,0.20323923,0.9980942,0.100439794,0.100439794,1.0,2.6415182e-07,2.629952e-06,-26.802313,2.195851,0.7319504,0.16800001,0.0,0.16479139,10.035134,10.045135,3270400
hardzero_plus_depr__c0p52__z1p00__lam0p010__nu0p50__psi1p00,hardzero_plus_depr,0.06,37,1022,0.0,2,0.20323923,0.20323923,1.059535,0.0,0.087189645,0.0,0.0,2.6037828e-06,-27.500656,2.3310237,0.77700794,0.136,0.0,0.1651901,10.045135,10.055135,3273600
hardzero_plus_depr__c0p52__z1p00__lam0p010__nu0p50__psi1p00,hardzero_plus_depr,0.06,37,1023,0.0,2,0.20323923,0.20323923,1.0297772,0.0,0.09337333,0.0,0.0,2.577874e-06,-27.774418,2.265555,0.755185,0.128,0.0,0.17646673,10.055135,10.065135,3276800
hardzero_plus_depr__c0p52__z1p00__lam0p010__nu0p50__psi1p00,hardzero_plus_depr,0.06,37,1024,0.0,2,0.20323923,0.20323923,1.0185766,0.0,0.095812775,0.0,0.0,2.5522231e-06,-27.015602,2.2409134,0.74697113,0.15200001,0.0,0.17744792,10.065135,10.075135,3280000
hardzero_plus_depr__c0p52__z1p00__lam0p010__nu0p50__psi1p00,hardzero_plus_depr,0.06,37,1025,0.0,2,0.20323923,0.2032395,0.9771245,0.10540847,0.10540847,1.0,2.6634902e-07,2.5268275e-06,-26.72514,2.1497169,0.7165723,0.18400002,0.0,0.16894214,10.075135,10.085135,3283200
hardzero_plus_depr__c0p52__z1p00__lam0p010__nu0p50__psi1p00,hardzero_plus_depr,0.06,37,1026,0.0,2,0.2032395,0.20323975,0.9869994,0.103038765,0.103038765,1.0,2.577705e-07,2.5016845e-06,-26.14969,2.171442,0.723814,0.128,0.0,0.16743916,10.085135,10.095136,3286400
hardzero_plus_depr__c0p52__z1p00__lam0p010__nu0p50__psi1p00,hardzero_plus_depr,0.06,37,1027,0.0,2,0.20323975,0.20323975,1.0438354,0.0,0.0903992,0.0,0.0,2.476792e-06,-27.131323,2.2964838,0.7654946,0.11,0.0,0.16912395,10.095136,10.105136,3289600
hardzero_plus_depr__c0p52__z1p00__lam0p010__nu0p50__psi1p00,hardzero_plus_depr,0.06,37,1028,0.0,2,0.20323975,0.20323975,1.0486355,0.0,0.08940555,0.0,0.0,2.4521469e-06,-27.448063,2.307044,0.7690147,0.17600001,0.0,0.2065451,10.105136,10.115136,3292800
hardzero_plus_depr__c0p52__z1p00__lam0p010__nu0p50__psi1p00,hardzero_plus_depr,0.06,37,1029,0.0,2,0.20323975,0.20324,0.98576623,0.103331745,0.103331745,1.0,2.5086334e-07,2.427747e-06,-26.13341,2.168729,0.7229097,0.120000005,0.0,0.18876317,10.115136,10.125136,3296000
hardzero_plus_depr__c0p52__z1p00__lam0p010__nu0p50__psi1p00,hardzero_plus_depr,0.06,37,1030,0.0,2,0.20324,0.20324026,0.98990524,0.102351636,0.102351636,1.0,2.4601135e-07,2.4035899e-06,-27.520142,2.177835,0.725945,0.216,0.0,0.16451313,10.125136,10.135137,3299200
hardzero_plus_depr__c0p52__z1p00__lam0p010__nu0p50__psi1p00,hardzero_plus_depr,0.06,37,1031,0.0,2,0.20324026,0.20324026,1.053512,0.0,0.08840728,0.0,0.0,2.379673e-06,-27.513899,2.3177726,0.7725909,0.080000006,0.0,0.19194601,10.135137,10.145137,3302400
hardzero_plus_depr__c0p52__z1p00__lam0p010__nu0p50__psi1p00,hardzero_plus_depr,0.06,37,1032,0.0,2,0.20324026,0.20324026,1.0054449,0.0,0.09875409,0.0,0.0,2.3559944e-06,-26.264675,2.212023,0.73734105,0.15200001,0.0,0.18219045,10.145137,10.155137,3305600
hardzero_plus_depr__c0p52__z1p00__lam0p010__nu0p50__psi1p00,hardzero_plus_depr,0.06,37,1033,0.0,2,0.20324026,0.20324051,0.96163476,0.10923587,0.10923587,1.0,2.547983e-07,2.3325515e-06,-26.711393,2.1156387,0.70521295,0.256,0.008,0.19143155,10.155137,10.165137,3308800
hardzero_plus_depr__c0p52__z1p00__lam0p010__nu0p50__psi1p00,hardzero_plus_depr,0.06,37,1034,0.0,2,0.20324051,0.20324051,1.0213699,0.0,0.09519849,0.0,0.0,2.3093417e-06,-26.517084,2.2470586,0.74901956,0.136,0.0,0.16112766,10.165137,10.1751375,3312000
hardzero_plus_depr__c0p52__z1p00__lam0p010__nu0p50__psi1p00,hardzero_plus_depr,0.06,37,1035,0.0,2,0.20324051,0.20324051,1.0066826,0.0,0.09847304,0.0,0.0,2.2863628e-06,-27.693132,2.214746,0.7382487,0.192,0.0,0.17667092,10.1751375,10.185138,3315200
hardzero_plus_depr__c0p52__z1p00__lam0p010__nu0p50__psi1p00,hardzero_plus_depr,0.06,37,1036,0.0,2,0.20324051,0.20324051,1.0287796,0.0,0.09358805,0.0,0.0,2.2636125e-06,-26.812946,2.2633605,0.75445354,0.16800001,0.0,0.19899048,10.185138,10.195138,3318400
hardzero_plus_depr__c0p52__z1p00__lam0p010__nu0p50__psi1p00,hardzero_plus_depr,0.06,37,1037,0.0,2,0.20324051,0.20324051,1.0093062,0.0,0.09787995,0.0,0.0,2.2410889e-06,-27.119997,2.2205179,0.7401726,0.16000001,0.0,0.19570519,10.195138,10.205138,3321600
hardzero_plus_depr__c0p52__z1p00__lam0p010__nu0p50__psi1p00,hardzero_plus_depr,0.06,37,1038,0.0,2,0.20324051,0.20324074,0.98926324,0.10250304,0.10250304,1.0,2.2743264e-07,2.2187892e-06,-26.634209,2.1764226,0.72547424,0.18400002,0.0,0.17501058,10.205138,10.215138,3324800
hardzero_plus_depr__c0p52__z1p00__lam0p010__nu0p50__psi1p00,hardzero_plus_depr,0.06,37,1039,0.0,2,0.20324074,0.20324096,0.9985872,0.10032585,0.10032585,1.0,2.2038692e-07,2.1967112e-06,-26.29414,2.1969357,0.7323119,0.104,0.0,0.15855497,10.215138,10.225139,3328000
hardzero_plus_depr__c0p52__z1p00__lam0p010__nu0p50__psi1p00,hardzero_plus_depr,0.06,37,1040,0.0,2,0.20324096,0.20324096,1.0024581,0.0,0.09943558,0.0,0.0,2.1748533e-06,-26.892578,2.205452,0.7351507,0.19999999,0.0,0.15990105,10.225139,10.235139,3331200
hardzero_plus_depr__c0p52__z1p00__lam0p010__nu0p50__psi1p00,hardzero_plus_depr,0.06,37,1041,0.0,2,0.20324096,0.20324096,1.0200305,0.0,0.09549256,0.0,0.0,2.1532123e-06,-27.287947,2.2441118,0.7480373,0.14400001,0.0,0.17092942,10.235139,10.245139,3334400
hardzero_plus_depr__c0p52__z1p00__lam0p010__nu0p50__psi1p00,hardzero_plus_depr,0.06,37,1042,0.0,2,0.20324096,0.20324096,1.0041146,0.0,0.09905704,0.0,0.0,2.1317874e-06,-26.8997,2.2090962,0.73636544,0.096,0.0,0.15259998,10.245139,10.255139,3337600
hardzero_plus_depr__c0p52__z1p00__lam0p010__nu0p50__psi1p00,hardzero_plus_depr,0.06,37,1043,0.0,2,0.20324096,0.20324096,1.0113581,0.0,0.0974186,0.0,0.0,2.1105752e-06,-26.426197,2.2250323,0.74167746,0.208,0.0,0.18282098,10.255139,10.26514,3340800
hardzero_plus_depr__c0p52__z1p00__lam0p010__nu0p50__psi1p00,hardzero_plus_depr,0.06,37,1044,0.0,2,0.20324096,0.20324096,1.0349967,0.0,0.09225782,0.0,0.0,2.089574e-06,-26.564625,2.2770383,0.7590128,0.14400001,0.0,0.16184151,10.26514,10.27514,3344000
hardzero_plus_depr__c0p52__z1p00__lam0p010__nu0p50__psi1p00,hardzero_plus_depr,0.06,37,1045,0.0,2,0.20324096,0.20324118,0.9716168,0.10675377,0.10675377,1.0,2.2085025e-07,2.068782e-06,-26.722422,2.1375997,0.71253324,0.216,0.0,0.19331741,10.27514,10.28514,3347200
hardzero_plus_depr__c0p52__z1p00__lam0p010__nu0p50__psi1p00,hardzero_plus_depr,0.06,37,1046,0.0,2,0.20324118,0.20324118,1.032157,0.0,0.09286308,0.0,0.0,2.0481968e-06,-27.129158,2.2707906,0.75693023,0.128,0.0,0.16384605,10.28514,10.29514,3350400
hardzero_plus_depr__c0p52__z1p00__lam0p010__nu0p50__psi1p00,hardzero_plus_depr,0.06,37,1047,0.0,2,0.20324118,0.20324118,1.030088,0.0,0.09330652,0.0,0.0,2.0278164e-06,-28.183414,2.2662387,0.75541294,0.17600001,0.0,0.18508221,10.29514,10.3051405,3353600
hardzero_plus_depr__c0p52__z1p00__lam0p010__nu0p50__psi1p00,hardzero_plus_depr,0.06,37,1048,0.0,2,0.20324118,0.2032414,0.99769324,0.100532554,0.100532554,1.0,2.0183306e-07,2.0076388e-06,-26.177082,2.194969,0.7316563,0.136,0.0,0.17665635,10.3051405,10.315141,3356800
hardzero_plus_depr__c0p52__z1p00__lam0p010__nu0p50__psi1p00,hardzero_plus_depr,0.06,37,1049,0.0,2,0.2032414,0.2032414,1.0146054,0.0,0.096692905,0.0,0.0,1.9876622e-06,-27.04316,2.2321765,0.74405885,0.18400002,0.0,0.20864065,10.315141,10.325141,3360000
hardzero_plus_depr__c0p52__z1p00__lam0p010__nu0p50__psi1p00,hardzero_plus_depr,0.06,37,1050,0.0,2,0.2032414,0.2032416,0.98426133,0.10369043,0.10369043,1.0,2.0405074e-07,1.967884e-06,-26.327923,2.1654181,0.72180605,0.15200001,0.0,0.16436459,10.325141,10.335141,3363200
hardzero_plus_depr__c0p52__z1p00__lam0p010__nu0p50__psi1p00,hardzero_plus_depr,0.06,37,1051,0.0,2,0.2032416,0.2032418,0.99472517,0.10122198,0.10122198,1.0,1.9721108e-07,1.948303e-06,-26.546389,2.1884391,0.72947973,0.15200001,0.0,0.16181892,10.335141,10.345141,3366400
hardzero_plus_depr__c0p52__z1p00__lam0p010__nu0p50__psi1p00,hardzero_plus_depr,0.06,37,1052,0.0,2,0.2032418,0.2032418,1.032889,0.0,0.09270666,0.0,0.0,1.9289164e-06,-28.505053,2.272401,0.75746703,0.14400001,0.0,0.21976143,10.345141,10.355142,3369600
hardzero_plus_depr__c0p52__z1p00__lam0p010__nu0p50__psi1p00,hardzero_plus_depr,0.06,37,1053,0.0,2,0.2032418,0.20324199,0.9895484,0.10243576,0.10243576,1.0,1.9562391e-07,1.9097229e-06,-26.70034,2.1770499,0.72568333,0.25,0.01,0.17184085,10.355142,10.365142,3372800
hardzero_plus_depr__c0p52__z1p00__lam0p010__nu0p50__psi1p00,hardzero_plus_depr,0.06,37,1054,0.0,2,0.20324199,0.20324218,0.99964726,0.10008126,0.10008126,1.0,1.8922569e-07,1.8907205e-06,-26.59523,2.1992679,0.7330893,0.14400001,0.0,0.17878403,10.365142,10.375142,3376000
hardzero_plus_depr__c0p52__z1p00__lam0p010__nu0p50__psi1p00,hardzero_plus_depr,0.06,37,1055,0.0,2,0.20324218,0.20324218,1.0550488,0.0,0.088094994,0.0,0.0,1.871907e-06,-27.467712,2.3211536,0.7737179,0.16000001,0.0,0.1843265,10.375142,10.385142,3379200
hardzero_plus_depr__c0p52__z1p00__lam0p010__nu0p50__psi1p00,hardzero_plus_depr,0.06,37,1056,0.0,2,0.20324218,0.20324218,1.0046021,0.0,0.09894592,0.0,0.0,1.8532807e-06,-26.895565,2.2101686,0.7367229,0.16000001,0.0,0.1943314,10.385142,10.395143,3382400
hardzero_plus_depr__c0p52__z1p00__lam0p010__nu0p50__psi1p00,hardzero_plus_depr,0.06,37,1057,0.0,2,0.20324218,0.20324218,1.0279984,0.0,0.09375653,0.0,0.0,1.8348398e-06,-26.811304,2.2616417,0.7538806,0.14400001,0.0,0.17733462,10.395143,10.405143,3385600
hardzero_plus_depr__c0p52__z1p00__lam0p010__nu0p50__psi1p00,hardzero_plus_depr,0.06,37,1058,0.0,2,0.20324218,0.20324239,0.95363176,0.11126749,0.11126749,1.0,2.0212659e-07,1.8165825e-06,-25.604778,2.0980318,0.6993439,0.14400001,0.0,0.17222682,10.405143,10.415143,3388800
hardzero_plus_depr__c0p52__z1p00__lam0p010__nu0p50__psi1p00,hardzero_plus_depr,0.06,37,1059,0.0,2,0.20324239,0.20324239,1.0661589,0.0,0.08586994,0.0,0.0,1.7985069e-06,-28.14588,2.3455963,0.7818655,0.104,0.0,0.1795425,10.415143,10.425143,3392000
hardzero_plus_depr__c0p52__z1p00__lam0p010__nu0p50__psi1p00,hardzero_plus_depr,0.06,37,1060,0.0,2,0.20324239,0.20324257,0.99455863,0.101260796,0.101260796,1.0,1.8030609e-07,1.780611e-06,-26.248709,2.1880727,0.7293576,0.15200001,0.0,0.17760208,10.425143,10.435143,3395200
hardzero_plus_depr__c0p52__z1p00__lam0p010__nu0p50__psi1p00,hardzero_plus_depr,0.06,37,1061,0.0,2,0.20324257,0.20324257,1.0160127,0.0,0.09638009,0.0,0.0,1.7628934e-06,-27.058958,2.2352724,0.74509084,0.16800001,0.0,0.18285668,10.435143,10.445144,3398400
hardzero_plus_depr__c0p52__z1p00__lam0p010__nu0p50__psi1p00,hardzero_plus_depr,0.06,37,1062,0.0,2,0.20324257,0.20324257,1.0296259,0.0,0.09340586,0.0,0.0,1.7453517e-06,-27.379875,2.265222,0.755074,0.17600001,0.0,0.17227319,10.445144,10.455144,3401600
hardzero_plus_depr__c0p52__z1p00__lam0p010__nu0p50__psi1p00,hardzero_plus_depr,0.06,37,1063,0.0,2,0.20324257,0.20324257,1.0806489,0.0,0.083052196,0.0,0.0,1.7279849e-06,-28.512758,2.377475,0.7924917,0.18400002,0.0,0.19966096,10.455144,10.465144,3404800
hardzero_plus_depr__c0p52__z1p00__lam0p010__nu0p50__psi1p00,hardzero_plus_depr,0.06,37,1064,0.0,2,0.20324257,0.20324275,0.9964643,0.10081745,0.10081745,1.0,1.7247756e-07,1.7107907e-06,-26.551548,2.1922653,0.7307551,0.16800001,0.0,0.16388139,10.465144,10.475144,3408000
hardzero_plus_depr__c0p52__z1p00__lam0p010__nu0p50__psi1p00,hardzero_plus_depr,0.06,37,1065,0.0,2,0.20324275,0.20324291,0.9987623,0.10028539,0.10028539,1.0,1.6986014e-07,1.6937676e-06,-27.138294,2.197321,0.73244035,0.14400001,0.0,0.20586587,10.475144,10.485145,3411200
hardzero_plus_depr__c0p52__z1p00__lam0p010__nu0p50__psi1p00,hardzero_plus_depr,0.06,37,1066,0.0,2,0.20324291,0.20324291,1.0256232,0.0,0.09427071,0.0,0.0,1.676914e-06,-26.428137,2.256416,0.75213873,0.14,0.0,0.16685528,10.485145,10.495145,3414400
hardzero_plus_depr__c0p52__z1p00__lam0p010__nu0p50__psi1p00,hardzero_plus_depr,0.06,37,1067,0.0,2,0.20324291,0.20324291,1.054578,0.0,0.08819054,0.0,0.0,1.6602281e-06,-27.848259,2.3201177,0.7733726,0.14400001,0.0,0.16628626,10.495145,10.505145,3417600
hardzero_plus_depr__c0p52__z1p00__lam0p010__nu0p50__psi1p00,hardzero_plus_depr,0.06,37,1068,0.0,2,0.20324291,0.20324291,1.0086542,0.0,0.09802702,0.0,0.0,1.6437082e-06,-26.965174,2.2190835,0.73969454,0.15200001,0.0,0.1879307,10.505145,10.515145,3420800
hardzero_plus_depr__c0p52__z1p00__lam0p010__nu0p50__psi1p00,hardzero_plus_depr,0.06,37,1069,0.0,2,0.20324291,0.20324291,1.0033422,0.0,0.09923338,0.0,0.0,1.6273526e-06,-26.967169,2.2073967,0.73579895,0.15200001,0.0,0.16938767,10.515145,10.525146,3424000
hardzero_plus_depr__c0p52__z1p00__lam0p010__nu0p50__psi1p00,hardzero_plus_depr,0.06,37,1070,0.0,2,0.20324291,0.20324291,1.0214801,0.0,0.09517435,0.0,0.0,1.6111597e-06,-27.312033,2.247301,0.7491004,0.17600001,0.0,0.1682848,10.525146,10.535146,3427200
hardzero_plus_depr__c0p52__z1p00__lam0p010__nu0p50__psi1p00,hardzero_plus_depr,0.06,37,1071,0.0,2,0.20324291,0.20324291,1.0214506,0.0,0.095180795,0.0,0.0,1.5951282e-06,-27.299675,2.2472363,0.74907875,0.14400001,0.0,0.17275493,10.535146,10.545146,3430400
hardzero_plus_depr__c0p52__z1p00__lam0p010__nu0p50__psi1p00,hardzero_plus_depr,0.06,37,1072,0.0,2,0.20324291,0.20324291,1.0111237,0.0,0.097471215,0.0,0.0,1.579256e-06,-27.126423,2.2245164,0.7415055,0.128,0.0,0.16034281,10.545146,10.555146,3433600
hardzero_plus_depr__c0p52__z1p00__lam0p010__nu0p50__psi1p00,hardzero_plus_depr,0.06,37,1073,0.0,2,0.20324291,0.20324308,0.9747526,0.10598573,0.10598573,1.0,1.6571312e-07,1.5635418e-06,-26.206566,2.1444986,0.7148329,0.15200001,0.0,0.169369,10.555146,10.565146,3436800
hardzero_plus_depr__c0p52__z1p00__lam0p010__nu0p50__psi1p00,hardzero_plus_depr,0.06,37,1074,0.0,2,0.20324308,0.20324308,1.072324,0.0,0.08465955,0.0,0.0,1.547984e-06,-28.396997,2.35916,0.78638667,0.104,0.0,0.21209759,10.565146,10.575147,3440000
hardzero_plus_depr__c0p52__z1p00__lam0p010__nu0p50__psi1p00,hardzero_plus_depr,0.06,37,1075,0.0,2,0.20324308,0.20324308,1.0126382,0.0,0.09713187,0.0,0.0,1.5325809e-06,-27.356,2.2278485,0.7426162,0.104,0.0,0.17027387,10.575147,10.585147,3443200
hardzero_plus_depr__c0p52__z1p00__lam0p010__nu0p50__psi1p00,hardzero_plus_depr,0.06,37,1076,0.0,2,0.20324308,0.20324324,0.98005766,0.10469895,0.10469895,1.0,1.5886297e-07,1.5173312e-06,-26.141546,2.15617,0.7187233,0.15200001,0.0,0.17680278,10.585147,10.595147,3446400
hardzero_plus_depr__c0p52__z1p00__lam0p010__nu0p50__psi1p00,hardzero_plus_depr,0.06,37,1077,0.0,2,0.20324324,0.20324339,0.98992866,0.10234609,0.10234609,1.0,1.5374769e-07,1.5022331e-06,-26.597044,2.1778865,0.72596216,0.14400001,0.0,0.16090201,10.595147,10.605147,3449600
hardzero_plus_depr__c0p52__z1p00__lam0p010__nu0p50__psi1p00,hardzero_plus_depr,0.06,37,1078,0.0,2,0.20324339,0.20324339,1.0052035,0.0,0.098809,0.0,0.0,1.4872853e-06,-26.64016,2.2114918,0.73716396,0.224,0.0,0.21544081,10.605147,10.615148,3452800
hardzero_plus_depr__c0p52__z1p00__lam0p010__nu0p50__psi1p00,hardzero_plus_depr,0.06,37,1079,0.0,2,0.20324339,0.20324354,0.9917742,0.10191212,0.10191212,1.0,1.500642e-07,1.4724862e-06,-26.476269,2.1819468,0.7273156,0.16,0.0,0.15877971,10.615148,10.625148,3456000
hardzero_plus_depr__c0p52__z1p00__lam0p010__nu0p50__psi1p00,hardzero_plus_depr,0.06,37,1080,0.0,2,0.20324354,0.20324354,1.0178248,0.0,0.095978774,0.0,0.0,1.4578343e-06,-27.108587,2.2392592,0.7464198,0.14400001,0.0,0.18971547,10.625148,10.635148,3459200
hardzero_plus_depr__c0p52__z1p00__lam0p010__nu0p50__psi1p00,hardzero_plus_depr,0.06,37,1081,0.0,2,0.20324354,0.20324369,0.98879164,0.102614395,0.102614395,1.0,1.4810627e-07,1.4433284e-06,-27.00289,2.175385,0.72512835,0.224,0.0,0.16776775,10.635148,10.645148,3462400
hardzero_plus_depr__c0p52__z1p00__lam0p010__nu0p50__psi1p00,hardzero_plus_depr,0.06,37,1082,0.0,2,0.20324369,0.20324369,1.0183465,0.0,0.09586354,0.0,0.0,1.4289667e-06,-27.09468,2.2404072,0.74680245,0.2,0.0,0.18944092,10.645148,10.6551485,3465600
hardzero_plus_depr__c0p52__z1p00__lam0p010__nu0p50__psi1p00,hardzero_plus_depr,0.06,37,1083,0.0,2,0.20324369,0.20324369,1.0210781,0.0,0.095262475,0.0,0.0,1.4147479e-06,-27.57753,2.2464166,0.7488055,0.15200001,0.0,0.19479597,10.6551485,10.665149,3468800
hardzero_plus_depr__c0p52__z1p00__lam0p010__nu0p50__psi1p00,hardzero_plus_depr,0.06,37,1084,0.0,2,0.20324369,0.20324384,0.96786743,0.10767938,0.10767938,1.0,1.5082334e-07,1.4006706e-06,-25.4436,2.129351,0.7097837,0.208,0.0,0.17004438,10.665149,10.675149,3472000
hardzero_plus_depr__c0p52__z1p00__lam0p010__nu0p50__psi1p00,hardzero_plus_depr,0.06,37,1085,0.0,2,0.20324384,0.20324384,1.0518771,0.0,0.0887407,0.0,0.0,1.3867333e-06,-27.82431,2.3141758,0.771392,0.224,0.0,0.18237406,10.675149,10.685149,3475200
hardzero_plus_depr__c0p52__z1p00__lam0p010__nu0p50__psi1p00,hardzero_plus_depr,0.06,37,1086,0.0,2,0.20324384,0.20324384,1.0296503,0.0,0.093400605,0.0,0.0,1.3729349e-06,-27.428501,2.265276,0.755092,0.16800001,0.0,0.17555068,10.685149,10.695149,3478400
hardzero_plus_depr__c0p52__z1p00__lam0p010__nu0p50__psi1p00,hardzero_plus_depr,0.06,37,1087,0.0,2,0.20324384,0.20324384,1.0101658,0.0,0.09768641,0.0,0.0,1.3592736e-06,-26.903973,2.2224092,0.7408031,0.096,0.0,0.17839964,10.695149,10.70515,3481600
hardzero_plus_depr__c0p52__z1p00__lam0p010__nu0p50__psi1p00,hardzero_plus_depr,0.06,37,1088,0.0,2,0.20324384,0.20324384,1.0353013,0.0,0.09219316,0.0,0.0,1.3457484e-06,-27.493853,2.2777083,0.7592361,0.14400001,0.0,0.17953464,10.70515,10.71515,3484800
hardzero_plus_depr__c0p52__z1p00__lam0p010__nu0p50__psi1p00,hardzero_plus_depr,0.06,37,1089,0.0,2,0.20324384,0.20324384,1.0418944,0.0,0.090804115,0.0,0.0,1.3323576e-06,-27.586767,2.2922134,0.76407117,0.15200001,0.0,0.17345713,10.71515,10.72515,3488000
hardzero_plus_depr__c0p52__z1p00__lam0p010__nu0p50__psi1p00,hardzero_plus_depr,0.06,37,1090,0.0,2,0.20324384,0.20324399,0.96407247,0.108624436,0.108624436,1.0,1.4328648e-07,1.3191e-06,-26.57194,2.1210017,0.7070006,0.120000005,0.0,0.1671473,10.72515,10.73515,3491200
hardzero_plus_depr__c0p52__z1p00__lam0p010__nu0p50__psi1p00,hardzero_plus_depr,0.06,37,1091,0.0,2,0.20324399,0.20324412,0.9989108,0.10025111,0.10025111,1.0,1.309254e-07,1.3059746e-06,-26.389704,2.1976476,0.7325492,0.16800001,0.0,0.16450723,10.73515,10.745151,3494400
hardzero_plus_depr__c0p52__z1p00__lam0p010__nu0p50__psi1p00,hardzero_plus_depr,0.06,37,1092,0.0,2,0.20324412,0.20324412,1.0493648,0.0,0.08925553,0.0,0.0,1.2929795e-06,-27.71829,2.3086486,0.76954955,0.13,0.0,0.15568809,10.745151,10.755151,3497600
hardzero_plus_depr__c0p52__z1p00__lam0p010__nu0p50__psi1p00,hardzero_plus_depr,0.06,37,1093,0.0,2,0.20324412,0.20324425,0.99496174,0.10116685,0.10116685,1.0,1.295051e-07,1.2801139e-06,-27.023367,2.1889596,0.72965324,0.15200001,0.0,0.17198908,10.755151,10.765151,3500800
hardzero_plus_depr__c0p52__z1p00__lam0p010__nu0p50__psi1p00,hardzero_plus_depr,0.06,37,1094,0.0,2,0.20324425,0.20324425,1.0127877,0.0,0.097098455,0.0,0.0,1.2673762e-06,-27.716263,2.2281775,0.74272585,0.15200001,0.0,0.20924665,10.765151,10.775151,3504000
hardzero_plus_depr__c0p52__z1p00__lam0p010__nu0p50__psi1p00,hardzero_plus_depr,0.06,37,1095,0.0,2,0.20324425,0.20324439,0.97947323,0.10483993,0.10483993,1.0,1.315495e-07,1.2547653e-06,-26.482983,2.154884,0.71829474,0.192,0.0,0.16040899,10.775151,10.7851515,3507200
hardzero_plus_depr__c0p52__z1p00__lam0p010__nu0p50__psi1p00,hardzero_plus_depr,0.06,37,1096,0.0,2,0.20324439,0.20324439,1.0357459,0.0,0.09209884,0.0,0.0,1.2422798e-06,-27.42413,2.2786863,0.75956213,0.2,0.0,0.18868281,10.7851515,10.795152,3510400
hardzero_plus_depr__c0p52__z1p00__lam0p010__nu0p50__psi1p00,hardzero_plus_depr,0.06,37,1097,0.0,2,0.20324439,0.20324439,1.0109273,0.0,0.097515285,0.0,0.0,1.2299188e-06,-26.861313,2.2240846,0.74136156,0.16800001,0.0,0.1682452,10.795152,10.805152,3513600
hardzero_plus_depr__c0p52__z1p00__lam0p010__nu0p50__psi1p00,hardzero_plus_depr,0.06,37,1098,0.0,2,0.20324439,0.20324439,1.0103725,0.0,0.09763993,0.0,0.0,1.2176806e-06,-27.095488,2.222864,0.74095464,0.17600001,0.0,0.21104838,10.805152,10.815152,3516800
hardzero_plus_depr__c0p52__z1p00__lam0p010__nu0p50__psi1p00,hardzero_plus_depr,0.06,37,1099,0.0,2,0.20324439,0.20324439,1.1161093,0.0,0.07654041,0.0,0.0,1.2055642e-06,-28.686935,2.4554894,0.81849647,0.112,0.0,0.16957118,10.815152,10.825152,3520000
hardzero_plus_depr__c0p52__z1p00__lam0p010__nu0p50__psi1p00,hardzero_plus_depr,0.06,37,1100,0.0,2,0.20324439,0.20324439,1.0495611,0.0,0.0892152,0.0,0.0,1.1935683e-06,-27.047543,2.3090806,0.76969355,0.096,0.0,0.18462357,10.825152,10.835153,3523200
hardzero_plus_depr__c0p52__z1p00__lam0p010__nu0p50__psi1p00,hardzero_plus_depr,0.06,37,1101,0.0,2,0.20324439,0.20324439,1.0018073,0.0,0.0995847,0.0,0.0,1.1816919e-06,-26.818415,2.2040203,0.73467344,0.224,0.0,0.16804524,10.835153,10.845153,3526400
hardzero_plus_depr__c0p52__z1p00__lam0p010__nu0p50__psi1p00,hardzero_plus_depr,0.06,37,1102,0.0,2,0.20324439,0.20324439,1.0061508,0.0,0.098593704,0.0,0.0,1.1699336e-06,-26.807804,2.213576,0.7378587,0.16800001,0.0,0.1860426,10.845153,10.855153,3529600
hardzero_plus_depr__c0p52__z1p00__lam0p010__nu0p50__psi1p00,hardzero_plus_depr,0.06,37,1103,0.0,2,0.20324439,0.2032445,0.99710697,0.100668356,0.100668356,1.0,1.1660338e-07,1.1582923e-06,-26.20753,2.193679,0.7312264,0.16000001,0.0,0.15537547,10.855153,10.865153,3532800
hardzero_plus_depr__c0p52__z1p00__lam0p010__nu0p50__psi1p00,hardzero_plus_depr,0.06,37,1104,0.0,2,0.2032445,0.2032445,1.0600834,0.0,0.08707963,0.0,0.0,1.1467667e-06,-28.628284,2.33223,0.77741003,0.112,0.0,0.19158363,10.865153,10.875154,3536000
hardzero_plus_depr__c0p52__z1p00__lam0p010__nu0p50__psi1p00,hardzero_plus_depr,0.06,37,1105,0.0,2,0.2032445,0.2032445,1.068932,0.0,0.085323356,0.0,0.0,1.135356e-06,-28.177786,2.3516974,0.7838992,0.17,0.0,0.1979232,10.875154,10.885154,3539200
hardzero_plus_depr__c0p52__z1p00__lam0p010__nu0p50__psi1p00,hardzero_plus_depr,0.06,37,1106,0.0,2,0.2032445,0.20324463,0.9728969,0.10643957,0.10643957,1.0,1.1964434e-07,1.1240588e-06,-26.784817,2.140416,0.713472,0.136,0.0,0.16360092,10.885154,10.895154,3542400
hardzero_plus_depr__c0p52__z1p00__lam0p010__nu0p50__psi1p00,hardzero_plus_depr,0.06,37,1107,0.0,2,0.20324463,0.20324463,1.053414,0.0,0.088427216,0.0,0.0,1.1128739e-06,-28.16297,2.317557,0.77251905,0.080000006,0.0,0.17350301,10.895154,10.905154,3545600
hardzero_plus_depr__c0p52__z1p00__lam0p010__nu0p50__psi1p00,hardzero_plus_depr,0.06,37,1108,0.0,2,0.20324463,0.20324463,1.0199102,0.0,0.095519,0.0,0.0,1.1018005e-06,-27.629938,2.2438474,0.7479491,0.18400002,0.0,0.179355,10.905154,10.915154,3548800
hardzero_plus_depr__c0p52__z1p00__lam0p010__nu0p50__psi1p00,hardzero_plus_depr,0.06,37,1109,0.0,2,0.20324463,0.20324475,0.98568237,0.1033517,0.1033517,1.0,1.1273987e-07,1.0908371e-06,-26.836988,2.1685445,0.7228482,0.23200001,0.0,0.18005466,10.915154,10.925155,3552000
hardzero_plus_depr__c0p52__z1p00__lam0p010__nu0p50__psi1p00,hardzero_plus_depr,0.06,37,1110,0.0,2,0.20324475,0.20324486,0.9374039,0.11550375,0.11550375,1.0,1.2474206e-07,1.0799828e-06,-25.701666,2.0623298,0.68744326,0.208,0.0,0.1607422,10.925155,10.935155,3555200
hardzero_plus_depr__c0p52__z1p00__lam0p010__nu0p50__psi1p00,hardzero_plus_depr,0.06,37,1111,0.0,2,0.20324486,0.20324486,1.0301837,0.0,0.09328596,0.0,0.0,1.0692365e-06,-28.050673,2.2664495,0.75548315,0.128,0.0,0.18039511,10.935155,10.945155,3558400
hardzero_plus_depr__c0p52__z1p00__lam0p010__nu0p50__psi1p00,hardzero_plus_depr,0.06,37,1112,0.0,2,0.20324486,0.20324486,1.0144953,0.0,0.09671743,0.0,0.0,1.0585973e-06,-26.817598,2.231934,0.743978,0.16800001,0.0,0.19419017,10.945155,10.955155,3561600
hardzero_plus_depr__c0p52__z1p00__lam0p010__nu0p50__psi1p00,hardzero_plus_depr,0.06,37,1113,0.0,2,0.20324486,0.20324497,0.9809655,0.10448031,0.10448031,1.0,1.0950204e-07,1.0480638e-06,-27.230728,2.1581671,0.7193891,0.18400002,0.0,0.20005822,10.955155,10.965156,3564800
hardzero_plus_depr__c0p52__z1p00__lam0p010__nu0p50__psi1p00,hardzero_plus_depr,0.06,37,1114,0.0,2,0.20324497,0.20324497,1.0524683,0.0,0.08861999,0.0,0.0,1.0376351e-06,-28.0984,2.3154764,0.7718255,0.112,0.0,0.18680839,10.965156,10.975156,3568000
hardzero_plus_depr__c0p52__z1p00__lam0p010__nu0p50__psi1p00,hardzero_plus_depr,0.06,37,1115,0.0,2,0.20324497,0.20324497,1.08876,0.0,0.08151547,0.0,0.0,1.0273103e-06,-28.624386,2.39532,0.79844,0.16800001,0.0,0.1875856,10.975156,10.985156,3571200
hardzero_plus_depr__c0p52__z1p00__lam0p010__nu0p50__psi1p00,hardzero_plus_depr,0.06,37,1116,0.0,2,0.20324497,0.20324497,1.0243123,0.0,0.09455569,0.0,0.0,1.0170882e-06,-27.157743,2.253532,0.7511773,0.16000001,0.0,0.14967126,10.985156,10.995156,3574400
hardzero_plus_depr__c0p52__z1p00__lam0p010__nu0p50__psi1p00,hardzero_plus_depr,0.06,37,1117,0.0,2,0.20324497,0.20324497,1.0235239,0.0,0.0947275,0.0,0.0,1.0069676e-06,-27.607744,2.2517977,0.75059927,0.136,0.0,0.18787916,10.995156,11.0051565,3577600
hardzero_plus_depr__c0p52__z1p00__lam0p010__nu0p50__psi1p00,hardzero_plus_depr,0.06,37,1118,0.0,2,0.20324497,0.20324507,0.9845857,0.103613004,0.103613004,1.0,1.0329677e-07,9.96948e-07,-27.439379,2.1661317,0.72204393,0.14999999,0.0,0.18487994,11.0051565,11.015157,3580800
hardzero_plus_depr__c0p52__z1p00__lam0p010__nu0p50__psi1p00,hardzero_plus_depr,0.06,37,1119,0.0,2,0.20324507,0.20324507,1.0904078,0.0,0.08120675,0.0,0.0,9.870279e-07,-28.481821,2.398945,0.7996484,0.112,0.0,0.20928547,11.015157,11.025157,3584000
hardzero_plus_depr__c0p52__z1p00__lam0p010__nu0p50__psi1p00,hardzero_plus_depr,0.06,37,1120,0.0,2,0.20324507,0.20324518,0.98090816,0.10449411,0.10449411,1.0,1.0211233e-07,9.772066e-07,-26.3249,2.158041,0.719347,0.16800001,0.0,0.17000127,11.025157,11.035157,3587200
hardzero_plus_depr__c0p52__z1p00__lam0p010__nu0p50__psi1p00,hardzero_plus_depr,0.06,37,1121,0.0,2,0.20324518,0.20324518,1.0003543,0.0,0.09991845,0.0,0.0,9.674831e-07,-27.622766,2.2008233,0.73360777,0.14400001,0.0,0.19400024,11.035157,11.045157,3590400
hardzero_plus_depr__c0p52__z1p00__lam0p010__nu0p50__psi1p00,hardzero_plus_depr,0.06,37,1122,0.0,2,0.20324518,0.20324518,1.0259184,0.0,0.09420666,0.0,0.0,9.578562e-07,-27.22473,2.2570655,0.7523552,0.136,0.0,0.16016342,11.045157,11.055158,3593600
hardzero_plus_depr__c0p52__z1p00__lam0p010__nu0p50__psi1p00,hardzero_plus_depr,0.06,37,1123,0.0,2,0.20324518,0.20324527,0.9922263,0.10180606,0.10180606,1.0,9.654524e-08,9.483251e-07,-27.068914,2.1829414,0.7276472,0.208,0.0,0.18702452,11.055158,11.065158,3596800
hardzero_plus_depr__c0p52__z1p00__lam0p010__nu0p50__psi1p00,hardzero_plus_depr,0.06,37,1124,0.0,2,0.20324527,0.20324527,1.0485358,0.0,0.089426085,0.0,0.0,9.3888895e-07,-27.396215,2.306825,0.76894164,0.18400002,0.0,0.20598887,11.065158,11.075158,3600000
hardzero_plus_depr__c0p52__z1p00__lam0p010__nu0p50__psi1p00,hardzero_plus_depr,0.06,37,1125,0.0,2,0.20324527,0.20324537,0.9680002,0.10764647,0.10764647,1.0,1.00062415e-07,9.295466e-07,-26.138588,2.129643,0.709881,0.15200001,0.0,0.18363386,11.075158,11.085158,3603200
hardzero_plus_depr__c0p52__z1p00__lam0p010__nu0p50__psi1p00,hardzero_plus_depr,0.06,37,1126,0.0,2,0.20324537,0.20324546,0.99918205,0.10018852,0.10018852,1.0,9.220322e-08,9.202973e-07,-26.983408,2.1982443,0.73274815,0.16800001,0.0,0.17777245,11.085158,11.095159,3606400
hardzero_plus_depr__c0p52__z1p00__lam0p010__nu0p50__psi1p00,hardzero_plus_depr,0.06,37,1127,0.0,2,0.20324546,0.20324546,1.007906,0.0,0.098196045,0.0,0.0,9.111399e-07,-27.482672,2.2174375,0.7391459,0.15200001,0.0,0.19601758,11.095159,11.105159,3609600
hardzero_plus_depr__c0p52__z1p00__lam0p010__nu0p50__psi1p00,hardzero_plus_depr,0.06,37,1128,0.0,2,0.20324546,0.20324546,1.0706152,0.0,0.084993325,0.0,0.0,9.020738e-07,-28.049683,2.3554003,0.7851335,0.15200001,0.0,0.16628376,11.105159,11.115159,3612800
hardzero_plus_depr__c0p52__z1p00__lam0p010__nu0p50__psi1p00,hardzero_plus_depr,0.06,37,1129,0.0,2,0.20324546,0.20324555,0.982195,0.10418495,0.10418495,1.0,9.304734e-08,8.9309776e-07,-26.819843,2.1608722,0.7202908,0.192,0.0,0.18319309,11.115159,11.125159,3616000
hardzero_plus_depr__c0p52__z1p00__lam0p010__nu0p50__psi1p00,hardzero_plus_depr,0.06,37,1130,0.0,2,0.20324555,0.20324555,1.0369365,0.0,0.0918467,0.0,0.0,8.842111e-07,-27.828815,2.2813058,0.7604353,0.136,0.0,0.18213893,11.125159,11.1351595,3619200
hardzero_plus_depr__c0p52__z1p00__lam0p010__nu0p50__psi1p00,hardzero_plus_depr,0.06,37,1131,0.0,2,0.20324555,0.20324555,1.0230665,0.0,0.0948273,0.0,0.0,8.754128e-07,-26.886362,2.2507913,0.7502638,0.12,0.0,0.17714937,11.1351595,11.14516,3622400
hardzero_plus_depr__c0p52__z1p00__lam0p010__nu0p50__psi1p00,hardzero_plus_depr,0.06,37,1132,0.0,2,0.20324555,0.20324564,0.9784152,0.10509568,0.10509568,1.0,9.108664e-08,8.6670207e-07,-26.133268,2.1525564,0.7175188,0.16800001,0.0,0.17987987,11.14516,11.15516,3625600
hardzero_plus_depr__c0p52__z1p00__lam0p010__nu0p50__psi1p00,hardzero_plus_depr,0.06,37,1133,0.0,2,0.20324564,0.20324564,1.0239445,0.0,0.0946358,0.0,0.0,8.580782e-07,-27.62942,2.252723,0.75090766,0.128,0.0,0.1851448,11.15516,11.16516,3628800
hardzero_plus_depr__c0p52__z1p00__lam0p010__nu0p50__psi1p00,hardzero_plus_depr,0.06,37,1134,0.0,2,0.20324564,0.20324573,0.98715943,0.1030008,0.1030008,1.0,8.750329e-08,8.495399e-07,-26.391943,2.1717942,0.72393143,0.18400002,0.0,0.17876853,11.16516,11.17516,3632000
hardzero_plus_depr__c0p52__z1p00__lam0p010__nu0p50__psi1p00,hardzero_plus_depr,0.06,37,1135,0.0,2,0.20324573,0.20324582,0.9759349,0.10569758,0.10569758,1.0,8.8900826e-08,8.4108666e-07,-26.681034,2.1470997,0.7156999,0.2,0.008,0.17404833,11.17516,11.185161,3635200
hardzero_plus_depr__c0p52__z1p00__lam0p010__nu0p50__psi1p00,hardzero_plus_depr,0.06,37,1136,0.0,2,0.20324582,0.20324582,1.0130522,0.0,0.09703933,0.0,0.0,8.327175e-07,-27.15908,2.2287593,0.7429198,0.17600001,0.0,0.16402243,11.185161,11.195161,3638400
hardzero_plus_depr__c0p52__z1p00__lam0p010__nu0p50__psi1p00,hardzero_plus_depr,0.06,37,1137,0.0,2,0.20324582,0.20324582,1.0101435,0.0,0.09769144,0.0,0.0,8.244316e-07,-27.228252,2.2223601,0.74078673,0.120000005,0.0,0.18996264,11.195161,11.205161,3641600
hardzero_plus_depr__c0p52__z1p00__lam0p010__nu0p50__psi1p00,hardzero_plus_depr,0.06,37,1138,0.0,2,0.20324582,0.20324582,1.0320873,0.0,0.09287796,0.0,0.0,8.162283e-07,-27.07186,2.2706375,0.7568792,0.17600001,0.0,0.19256613,11.205161,11.215161,3644800
hardzero_plus_depr__c0p52__z1p00__lam0p010__nu0p50__psi1p00,hardzero_plus_depr,0.06,37,1139,0.0,2,0.20324582,0.20324582,1.0173334,0.0,0.09608744,0.0,0.0,8.081064e-07,-26.812275,2.2381783,0.7460594,0.2,0.0,0.17011103,11.215161,11.225162,3648000
hardzero_plus_depr__c0p52__z1p00__lam0p010__nu0p50__psi1p00,hardzero_plus_depr,0.06,37,1140,0.0,2,0.20324582,0.20324582,1.0287247,0.0,0.09359989,0.0,0.0,8.0006544e-07,-27.71054,2.2632394,0.7544131,0.16800001,0.0,0.16177835,11.225162,11.235162,3651200
hardzero_plus_depr__c0p52__z1p00__lam0p010__nu0p50__psi1p00,hardzero_plus_depr,0.06,37,1141,0.0,2,0.20324582,0.20324582,1.100876,0.0,0.07927277,0.0,0.0,7.921045e-07,-28.06667,2.4219754,0.8073251,0.120000005,0.0,0.19245134,11.235162,11.245162,3654400
hardzero_plus_depr__c0p52__z1p00__lam0p010__nu0p50__psi1p00,hardzero_plus_depr,0.06,37,1142,0.0,2,0.20324582,0.20324582,1.0649146,0.0,0.086116314,0.0,0.0,7.842227e-07,-28.423431,2.3428588,0.78095293,0.14400001,0.0,0.22073121,11.245162,11.255162,3657600
hardzero_plus_depr__c0p52__z1p00__lam0p010__nu0p50__psi1p00,hardzero_plus_depr,0.06,37,1143,0.0,2,0.20324582,0.20324582,1.0661643,0.0,0.08586887,0.0,0.0,7.764194e-07,-27.69827,2.3456082,0.7818694,0.08800001,0.0,0.21914841,11.255162,11.265162,3660800
hardzero_plus_depr__c0p52__z1p00__lam0p010__nu0p50__psi1p00,hardzero_plus_depr,0.06,37,1144,0.0,2,0.20324582,0.20324591,0.9570579,0.110393144,0.110393144,1.0,8.485852e-08,7.686937e-07,-25.451305,2.1055694,0.7018565,0.17999999,0.0,0.15354045,11.265162,11.275163,3664000
hardzero_plus_depr__c0p52__z1p00__lam0p010__nu0p50__psi1p00,hardzero_plus_depr,0.06,37,1145,0.0,2,0.20324591,0.20324591,1.0074209,0.0,0.09830579,0.0,0.0,7.6104493e-07,-27.023842,2.21637,0.73879004,0.17600001,0.0,0.15158252,11.275163,11.285163,3667200
hardzero_plus_depr__c0p52__z1p00__lam0p010__nu0p50__psi1p00,hardzero_plus_depr,0.06,37,1146,0.0,2,0.20324591,0.20324591,1.0488727,0.0,0.089356735,0.0,0.0,7.5347225e-07,-27.66579,2.3075662,0.76918876,0.15200001,0.0,0.22581714,11.285163,11.295163,3670400
hardzero_plus_depr__c0p52__z1p00__lam0p010__nu0p50__psi1p00,hardzero_plus_depr,0.06,37,1147,0.0,2,0.20324591,0.20324591,1.0608041,0.0,0.08693523,0.0,0.0,7.4597483e-07,-28.393988,2.3338156,0.77793854,0.104,0.0,0.1664192,11.295163,11.305163,3673600
hardzero_plus_depr__c0p52__z1p00__lam0p010__nu0p50__psi1p00,hardzero_plus_depr,0.06,37,1148,0.0,2,0.20324591,0.20324591,1.0521299,0.0,0.088689074,0.0,0.0,7.3855216e-07,-27.338402,2.3147318,0.7715773,0.15200001,0.0,0.18112396,11.305163,11.315164,3676800
hardzero_plus_depr__c0p52__z1p00__lam0p010__nu0p50__psi1p00,hardzero_plus_depr,0.06,37,1149,0.0,2,0.20324591,0.20324598,0.98075515,0.10453094,0.10453094,1.0,7.6433366e-08,7.312033e-07,-26.09699,2.1577044,0.7192348,0.136,0.008,0.16927308,11.315164,11.325164,3680000
hardzero_plus_depr__c0p52__z1p00__lam0p010__nu0p50__psi1p00,hardzero_plus_depr,0.06,37,1150,0.0,2,0.20324598,0.20324598,1.0293736,0.0,0.09346013,0.0,0.0,7.239275e-07,-27.349144,2.2646673,0.75488913,0.128,0.0,0.173698,11.325164,11.335164,3683200
hardzero_plus_depr__c0p52__z1p00__lam0p010__nu0p50__psi1p00,hardzero_plus_depr,0.06,37,1151,0.0,2,0.20324598,0.20324598,1.056449,0.0,0.08781141,0.0,0.0,7.1672406e-07,-28.000458,2.3242342,0.77474475,0.15200001,0.0,0.18571918,11.335164,11.345164,3686400
hardzero_plus_depr__c0p52__z1p00__lam0p010__nu0p50__psi1p00,hardzero_plus_depr,0.06,37,1152,0.0,2,0.20324598,0.20324598,1.0652733,0.0,0.0860452,0.0,0.0,7.095924e-07,-28.539099,2.343648,0.781216,0.112,0.0,0.21255188,11.345164,11.355165,3689600
hardzero_plus_depr__c0p52__z1p00__lam0p010__nu0p50__psi1p00,hardzero_plus_depr,0.06,37,1153,0.0,2,0.20324598,0.20324606,0.9416108,0.1143903,0.1143903,1.0,8.036282e-08,7.0253174e-07,-25.67038,2.0715852,0.6905284,0.16800001,0.0,0.15326191,11.355165,11.365165,3692800
hardzero_plus_depr__c0p52__z1p00__lam0p010__nu0p50__psi1p00,hardzero_plus_depr,0.06,37,1154,0.0,2,0.20324606,0.20324606,1.0207539,0.0,0.095333636,0.0,0.0,6.955413e-07,-27.350437,2.2457032,0.74856776,0.112,0.0,0.17210588,11.365165,11.375165,3696000
hardzero_plus_depr__c0p52__z1p00__lam0p010__nu0p50__psi1p00,hardzero_plus_depr,0.06,37,1155,0.0,2,0.20324606,0.20324606,1.0399977,0.0,0.09120157,0.0,0.0,6.886204e-07,-28.128616,2.2880406,0.76268023,0.120000005,0.0,0.19828433,11.375165,11.385165,3699200
hardzero_plus_depr__c0p52__z1p00__lam0p010__nu0p50__psi1p00,hardzero_plus_depr,0.06,37,1156,0.0,2,0.20324606,0.20324606,1.0102525,0.0,0.09766692,0.0,0.0,6.817683e-07,-27.489613,2.2225997,0.7408666,0.16000001,0.0,0.16537559,11.385165,11.395165,3702400
hardzero_plus_depr__c0p52__z1p00__lam0p010__nu0p50__psi1p00,hardzero_plus_depr,0.06,37,1157,0.0,2,0.20324606,0.20324613,0.97227407,0.10659233,0.10659233,1.0,7.1948165e-08,6.7498445e-07,-26.77972,2.1390457,0.71301526,0.17999999,0.0,0.17638342,11.395165,11.405166,3705600
hardzero_plus_depr__c0p52__z1p00__lam0p010__nu0p50__psi1p00,hardzero_plus_depr,0.06,37,1158,0.0,2,0.20324613,0.2032462,0.96091163,0.109417886,0.109417886,1.0,7.312048e-08,6.682681e-07,-26.321772,2.1140478,0.7046826,0.16000001,0.0,0.14470705,11.405166,11.415166,3708800
hardzero_plus_depr__c0p52__z1p00__lam0p010__nu0p50__psi1p00,hardzero_plus_depr,0.06,37,1159,0.0,2,0.2032462,0.2032462,1.0656021,0.0,0.085980095,0.0,0.0,6.6161857e-07,-27.178331,2.3443713,0.7814571,0.136,0.0,0.19408202,11.415166,11.425166,3712000
hardzero_plus_depr__c0p52__z1p00__lam0p010__nu0p50__psi1p00,hardzero_plus_depr,0.06,37,1160,0.0,2,0.2032462,0.2032462,1.0642544,0.0,0.086247325,0.0,0.0,6.550352e-07,-27.452951,2.3414063,0.7804688,0.14400001,0.0,0.17150804,11.425166,11.435166,3715200
hardzero_plus_depr__c0p52__z1p00__lam0p010__nu0p50__psi1p00,hardzero_plus_depr,0.06,37,1161,0.0,2,0.2032462,0.20324627,0.98790896,0.102823175,0.102823175,1.0,6.668262e-08,6.4851736e-07,-26.469734,2.173443,0.72448105,0.2,0.0,0.17195946,11.435166,11.445167,3718400
hardzero_plus_depr__c0p52__z1p00__lam0p010__nu0p50__psi1p00,hardzero_plus_depr,0.06,37,1162,0.0,2,0.20324627,0.20324627,1.0243186,0.0,0.09455431,0.0,0.0,6.420643e-07,-27.735252,2.2535458,0.75118196,0.136,0.0,0.18044472,11.445167,11.455167,3721600
hardzero_plus_depr__c0p52__z1p00__lam0p010__nu0p50__psi1p00,hardzero_plus_depr,0.06,37,1163,0.0,2,0.20324627,0.20324627,1.0140239,0.0,0.096822456,0.0,0.0,6.356756e-07,-27.598072,2.2308972,0.74363244,0.15200001,0.0,0.19314082,11.455167,11.465167,3724800
hardzero_plus_depr__c0p52__z1p00__lam0p010__nu0p50__psi1p00,hardzero_plus_depr,0.06,37,1164,0.0,2,0.20324627,0.20324627,1.0841976,0.0,0.082376316,0.0,0.0,6.293503e-07,-27.393866,2.3852825,0.7950942,0.17600001,0.0,0.2157959,11.465167,11.475167,3728000
hardzero_plus_depr__c0p52__z1p00__lam0p010__nu0p50__psi1p00,hardzero_plus_depr,0.06,37,1165,0.0,2,0.20324627,0.20324627,1.0201545,0.0,0.09546529,0.0,0.0,6.23088e-07,-27.472439,2.2443848,0.7481283,0.16000001,0.0,0.19664587,11.475167,11.4851675,3731200
hardzero_plus_depr__c0p52__z1p00__lam0p010__nu0p50__psi1p00,hardzero_plus_depr,0.06,37,1166,0.0,2,0.20324627,0.20324633,0.99954504,0.100104816,0.100104816,1.0,6.175347e-08,6.168881e-07,-27.65313,2.199043,0.73301435,0.216,0.008,0.17646213,11.4851675,11.495168,3734400
hardzero_plus_depr__c0p52__z1p00__lam0p010__nu0p50__psi1p00,hardzero_plus_depr,0.06,37,1167,0.0,2,0.20324633,0.2032464,0.92941356,0.11764852,0.11764852,1.0,7.1853805e-08,6.1074974e-07,-25.861189,2.0447507,0.6815836,0.24000001,0.0,0.16062249,11.495168,11.505168,3737600
hardzero_plus_depr__c0p52__z1p00__lam0p010__nu0p50__psi1p00,hardzero_plus_depr,0.06,37,1168,0.0,2,0.2032464,0.2032464,1.0700598,0.0,0.08510209,0.0,0.0,6.046726e-07,-28.77822,2.3541784,0.78472614,0.16800001,0.0,0.20449822,11.505168,11.515168,3740800
hardzero_plus_depr__c0p52__z1p00__lam0p010__nu0p50__psi1p00,hardzero_plus_depr,0.06,37,1169,0.0,2,0.2032464,0.20324647,0.92890066,0.11778753,0.11778753,1.0,7.05142e-08,5.9865584e-07,-25.617857,2.0436223,0.6812074,0.16800001,0.0,0.1642391,11.515168,11.525168,3744000
hardzero_plus_depr__c0p52__z1p00__lam0p010__nu0p50__psi1p00,hardzero_plus_depr,0.06,37,1170,0.0,2,0.20324647,0.20324653,0.9909338,0.10210951,0.10210951,1.0,6.05202e-08,5.92699e-07,-26.665916,2.1800978,0.7266993,0.16,0.0,0.1827318,11.525168,11.535169,3747200
hardzero_plus_depr__c0p52__z1p00__lam0p010__nu0p50__psi1p00,hardzero_plus_depr,0.06,37,1171,0.0,2,0.20324653,0.20324653,1.0209701,0.0,0.09528617,0.0,0.0,5.8680143e-07,-27.534945,2.246179,0.74872637,0.18400002,0.0,0.23338796,11.535169,11.545169,3750400
hardzero_plus_depr__c0p52__z1p00__lam0p010__nu0p50__psi1p00,hardzero_plus_depr,0.06,37,1172,0.0,2,0.20324653,0.2032466,0.99147886,0.10198144,0.10198144,1.0,5.924739e-08,5.809625e-07,-27.630001,2.181297,0.72709906,0.18400002,0.0,0.18869346,11.545169,11.555169,3753600
hardzero_plus_depr__c0p52__z1p00__lam0p010__nu0p50__psi1p00,hardzero_plus_depr,0.06,37,1173,0.0,2,0.2032466,0.20324665,0.97026414,0.10708677,0.10708677,1.0,6.1594356e-08,5.7518173e-07,-26.259987,2.1346238,0.7115413,0.104,0.0,0.16519603,11.555169,11.565169,3756800
hardzero_plus_depr__c0p52__z1p00__lam0p010__nu0p50__psi1p00,hardzero_plus_depr,0.06,37,1174,0.0,2,0.20324665,0.20324665,1.0473945,0.0,0.08966139,0.0,0.0,5.694584e-07,-28.20656,2.304314,0.7681047,0.16800001,0.0,0.194416,11.565169,11.57517,3760000
hardzero_plus_depr__c0p52__z1p00__lam0p010__nu0p50__psi1p00,hardzero_plus_depr,0.06,37,1175,0.0,2,0.20324665,0.20324671,0.98907,0.10254866,0.10254866,1.0,5.781612e-08,5.6379207e-07,-26.743752,2.1759975,0.7253325,0.16800001,0.0,0.17158793,11.57517,11.58517,3763200
hardzero_plus_depr__c0p52__z1p00__lam0p010__nu0p50__psi1p00,hardzero_plus_depr,0.06,37,1176,0.0,2,0.20324671,0.20324677,0.93848836,0.115215704,0.115215704,1.0,6.431135e-08,5.5818214e-07,-25.155678,2.0647156,0.68823856,0.18400002,0.0,0.16507772,11.58517,11.59517,3766400
hardzero_plus_depr__c0p52__z1p00__lam0p010__nu0p50__psi1p00,hardzero_plus_depr,0.06,37,1177,0.0,2,0.20324677,0.20324683,0.9864795,0.10316216,0.10316216,1.0,5.7010297e-08,5.5262797e-07,-25.672636,2.1702983,0.7234328,0.18400002,0.0,0.147745,11.59517,11.60517,3769600
hardzero_plus_depr__c0p52__z1p00__lam0p010__nu0p50__psi1p00,hardzero_plus_depr,0.06,37,1178,0.0,2,0.20324683,0.20324683,1.0032482,0.0,0.09925487,0.0,0.0,5.4712916e-07,-26.38735,2.2071903,0.7357301,0.216,0.0,0.16735126,11.60517,11.6151705,3772800
hardzero_plus_depr__c0p52__z1p00__lam0p010__nu0p50__psi1p00,hardzero_plus_depr,0.06,37,1179,0.0,2,0.20324683,0.20324689,0.9820912,0.10420986,0.10420986,1.0,5.644892e-08,5.41685e-07,-27.333675,2.1606438,0.7202146,0.18400002,0.0,0.17694467,11.6151705,11.625171,3776000
hardzero_plus_depr__c0p52__z1p00__lam0p010__nu0p50__psi1p00,hardzero_plus_depr,0.06,37,1180,0.0,2,0.20324689,0.20324689,1.0192367,0.0,0.09566725,0.0,0.0,5.36295e-07,-27.75301,2.2423654,0.7474551,0.16800001,0.0,0.19338934,11.625171,11.635171,3779200
hardzero_plus_depr__c0p52__z1p00__lam0p010__nu0p50__psi1p00,hardzero_plus_depr,0.06,37,1181,0.0,2,0.20324689,0.20324689,1.0140252,0.0,0.09682216,0.0,0.0,5.309587e-07,-27.39314,2.2309,0.7436334,0.120000005,0.0,0.18990059,11.635171,11.645171,3782400
hardzero_plus_depr__c0p52__z1p00__lam0p010__nu0p50__psi1p00,hardzero_plus_depr,0.06,37,1182,0.0,2,0.20324689,0.20324689,1.0167208,0.0,0.096223064,0.0,0.0,5.2567543e-07,-27.590279,2.2368305,0.7456102,0.18400002,0.0,0.16235264,11.645171,11.655171,3785600
hardzero_plus_depr__c0p52__z1p00__lam0p010__nu0p50__psi1p00,hardzero_plus_depr,0.06,37,1183,0.0,2,0.20324689,0.20324689,1.0084447,0.0,0.09807433,0.0,0.0,5.204447e-07,-26.869997,2.2186224,0.7395408,0.19999999,0.0,0.14174329,11.655171,11.665172,3788800
hardzero_plus_depr__c0p52__z1p00__lam0p010__nu0p50__psi1p00,hardzero_plus_depr,0.06,37,1184,0.0,2,0.20324689,0.20324689,1.0495888,0.0,0.08920951,0.0,0.0,5.1526615e-07,-27.680883,2.3091414,0.7697138,0.136,0.0,0.18481782,11.665172,11.675172,3792000
hardzero_plus_depr__c0p52__z1p00__lam0p010__nu0p50__psi1p00,hardzero_plus_depr,0.06,37,1185,0.0,2,0.20324689,0.20324689,1.006596,0.0,0.098492704,0.0,0.0,5.10139e-07,-27.69627,2.2145553,0.7381851,0.17600001,0.008,0.18557088,11.675172,11.685172,3795200
hardzero_plus_depr__c0p52__z1p00__lam0p010__nu0p50__psi1p00,hardzero_plus_depr,0.06,37,1186,0.0,2,0.20324689,0.20324695,0.95685,0.110446006,0.110446006,1.0,5.5782184e-08,5.050629e-07,-25.232435,2.105112,0.701704,0.216,0.0,0.16253288,11.685172,11.695172,3798400
hardzero_plus_depr__c0p52__z1p00__lam0p010__nu0p50__psi1p00,hardzero_plus_depr,0.06,37,1187,0.0,2,0.20324695,0.20324695,1.0353419,0.0,0.09218454,0.0,0.0,5.0003734e-07,-27.172731,2.2777975,0.75926584,0.16800001,0.0,0.19191137,11.695172,11.705173,3801600
hardzero_plus_depr__c0p52__z1p00__lam0p010__nu0p50__psi1p00,hardzero_plus_depr,0.06,37,1188,0.0,2,0.20324695,0.20324701,0.9765857,0.10553931,0.10553931,1.0,5.2248478e-08,4.950618e-07,-26.774908,2.1485314,0.71617717,0.18400002,0.0,0.19297138,11.705173,11.715173,3804800
hardzero_plus_depr__c0p52__z1p00__lam0p010__nu0p50__psi1p00,hardzero_plus_depr,0.06,37,1189,0.0,2,0.20324701,0.20324701,1.0342395,0.0,0.09241882,0.0,0.0,4.9013573e-07,-27.989109,2.2753725,0.75845754,0.16000001,0.0,0.21480398,11.715173,11.725173,3808000
hardzero_plus_depr__c0p52__z1p00__lam0p010__nu0p50__psi1p00,hardzero_plus_depr,0.06,37,1190,0.0,2,0.20324701,0.20324701,1.0037982,0.0,0.099129245,0.0,0.0,4.852587e-07,-26.767767,2.2084002,0.73613346,0.128,0.0,0.1661418,11.725173,11.735173,3811200
hardzero_plus_depr__c0p52__z1p00__lam0p010__nu0p50__psi1p00,hardzero_plus_depr,0.06,37,1191,0.0,2,0.20324701,0.20324701,1.0025061,0.0,0.09942459,0.0,0.0,4.804302e-07,-27.139908,2.2055576,0.73518586,0.24000001,0.0,0.19929439,11.735173,11.745173,3814400
hardzero_plus_depr__c0p52__z1p00__lam0p010__nu0p50__psi1p00,hardzero_plus_depr,0.06,37,1192,0.0,2,0.20324701,0.20324706,0.9925304,0.1017348,0.1017348,1.0,4.8390127e-08,4.756497e-07,-26.859451,2.1836104,0.72787017,0.15200001,0.0,0.17401953,11.745173,11.755174,3817600
hardzero_plus_depr__c0p52__z1p00__lam0p010__nu0p50__psi1p00,hardzero_plus_depr,0.06,37,1193,0.0,2,0.20324706,0.20324706,1.0525932,0.0,0.088594496,0.0,0.0,4.7091675e-07,-27.51522,2.3157513,0.7719171,0.16800001,0.0,0.19405955,11.755174,11.765174,3820800
hardzero_plus_depr__c0p52__z1p00__lam0p010__nu0p50__psi1p00,hardzero_plus_depr,0.06,37,1194,0.0,2,0.20324706,0.20324706,1.0242201,0.0,0.094575755,0.0,0.0,4.6623103e-07,-26.397661,2.2533293,0.7511098,0.2,0.0,0.14831012,11.765174,11.775174,3824000
hardzero_plus_depr__c0p52__z1p00__lam0p010__nu0p50__psi1p00,hardzero_plus_depr,0.06,37,1195,0.0,2,0.20324706,0.20324706,1.0212519,0.0,0.09522435,0.0,0.0,4.6159184e-07,-27.026674,2.246799,0.748933,0.14400001,0.0,0.16879736,11.775174,11.785174,3827200
hardzero_plus_depr__c0p52__z1p00__lam0p010__nu0p50__psi1p00,hardzero_plus_depr,0.06,37,1196,0.0,2,0.20324706,0.20324706,1.0533417,0.0,0.08844193,0.0,0.0,4.5699878e-07,-27.623304,2.317398,0.77246606,0.16,0.0,0.18541422,11.785174,11.795175,3830400
hardzero_plus_depr__c0p52__z1p00__lam0p010__nu0p50__psi1p00,hardzero_plus_depr,0.06,37,1197,0.0,2,0.20324706,0.20324706,1.0146552,0.0,0.09668181,0.0,0.0,4.5245145e-07,-27.47463,2.232286,0.7440953,0.216,0.0,0.18536736,11.795175,11.805175,3833600
hardzero_plus_depr__c0p52__z1p00__lam0p010__nu0p50__psi1p00,hardzero_plus_depr,0.06,37,1198,0.0,2,0.20324706,0.20324706,1.0096787,0.0,0.09779603,0.0,0.0,4.4794942e-07,-27.455173,2.2213376,0.74044585,0.192,0.0,0.19683132,11.805175,11.815175,3836800
hardzero_plus_depr__c0p52__z1p00__lam0p010__nu0p50__psi1p00,hardzero_plus_depr,0.06,37,1199,0.0,2,0.20324706,0.2032471,0.9828312,0.10403244,0.10403244,1.0,4.613757e-08,4.4349213e-07,-26.063948,2.1622717,0.72075725,0.136,0.0,0.14337343,11.815175,11.825175,3840000
hardzero_plus_depr__c0p52__z1p00__lam0p010__nu0p50__psi1p00,hardzero_plus_depr,0.06,37,1200,0.0,2,0.2032471,0.20324714,0.92833906,0.11793995,0.11793995,1.0,5.178498e-08,4.390792e-07,-25.840324,2.0423868,0.6807956,0.23200001,0.0,0.1685496,11.825175,11.8351755,3843200
hardzero_plus_depr__c0p52__z1p00__lam0p010__nu0p50__psi1p00,hardzero_plus_depr,0.06,37,1201,0.0,2,0.20324714,0.20324714,1.0575862,0.0,0.087581776,0.0,0.0,4.347102e-07,-27.473486,2.326736,0.7755787,0.136,0.0,0.18189895,11.8351755,11.845176,3846400
hardzero_plus_depr__c0p52__z1p00__lam0p010__nu0p50__psi1p00,hardzero_plus_depr,0.06,37,1202,0.0,2,0.20324714,0.20324714,1.0663464,0.0,0.08583287,0.0,0.0,4.3038466e-07,-28.310036,2.346009,0.78200305,0.216,0.0,0.20156029,11.845176,11.855176,3849600
hardzero_plus_depr__c0p52__z1p00__lam0p010__nu0p50__psi1p00,hardzero_plus_depr,0.06,37,1203,0.0,2,0.20324714,0.20324714,1.0458405,0.0,0.08998279,0.0,0.0,4.2610216e-07,-27.658161,2.300895,0.76696503,0.17600001,0.0,0.20174327,11.855176,11.865176,3852800
hardzero_plus_depr__c0p52__z1p00__lam0p010__nu0p50__psi1p00,hardzero_plus_depr,0.06,37,1204,0.0,2,0.20324714,0.20324714,1.0814992,0.0,0.08288974,0.0,0.0,4.2186227e-07,-28.663385,2.379346,0.7931153,0.136,0.0,0.2009777,11.865176,11.875176,3856000
hardzero_plus_depr__c0p52__z1p00__lam0p010__nu0p50__psi1p00,hardzero_plus_depr,0.06,37,1205,0.0,2,0.20324714,0.20324714,1.0539685,0.0,0.08831439,0.0,0.0,4.1766458e-07,-27.58549,2.318777,0.77292573,0.14400001,0.0,0.21158876,11.875176,11.885177,3859200
hardzero_plus_depr__c0p52__z1p00__lam0p010__nu0p50__psi1p00,hardzero_plus_depr,0.06,37,1206,0.0,2,0.20324714,0.20324714,1.0013678,0.0,0.09968554,0.0,0.0,4.1350867e-07,-27.721931,2.2030532,0.7343511,0.17600001,0.0,0.18241785,11.885177,11.895177,3862400
hardzero_plus_depr__c0p52__z1p00__lam0p010__nu0p50__psi1p00,hardzero_plus_depr,0.06,37,1207,0.0,2,0.20324714,0.20324719,0.97753155,0.1053097,0.1053097,1.0,4.3113168e-08,4.093941e-07,-27.593615,2.1506124,0.7168708,0.16800001,0.0,0.1893842,11.895177,11.905177,3865600
hardzero_plus_depr__c0p52__z1p00__lam0p010__nu0p50__psi1p00,hardzero_plus_depr,0.06,37,1208,0.0,2,0.20324719,0.20324719,1.0015962,0.0,0.09963312,0.0,0.0,4.0532046e-07,-26.875305,2.2035556,0.7345185,0.208,0.0,0.16974826,11.905177,11.915177,3868800
hardzero_plus_depr__c0p52__z1p00__lam0p010__nu0p50__psi1p00,hardzero_plus_depr,0.06,37,1209,0.0,2,0.20324719,0.20324719,1.0310206,0.0,0.093106374,0.0,0.0,4.0128737e-07,-27.189358,2.2682908,0.75609696,0.17999999,0.0,0.18180387,11.915177,11.925178,3872000
hardzero_plus_depr__c0p52__z1p00__lam0p010__nu0p50__psi1p00,hardzero_plus_depr,0.06,37,1210,0.0,2,0.20324719,0.20324719,1.0154694,0.0,0.09650071,0.0,0.0,3.972944e-07,-27.63047,2.2340775,0.7446925,0.17600001,0.0,0.17223127,11.925178,11.935178,3875200
hardzero_plus_depr__c0p52__z1p00__lam0p010__nu0p50__psi1p00,hardzero_plus_depr,0.06,37,1211,0.0,2,0.20324719,0.20324723,0.9415214,0.114413835,0.114413835,1.0,4.5003667e-08,3.9334114e-07,-25.850306,2.0713885,0.6904628,0.192,0.0,0.18345095,11.935178,11.945178,3878400
hardzero_plus_depr__c0p52__z1p00__lam0p010__nu0p50__psi1p00,hardzero_plus_depr,0.06,37,1212,0.0,2,0.20324723,0.20324723,1.0085195,0.0,0.09805743,0.0,0.0,3.894272e-07,-26.698164,2.2187872,0.7395958,0.128,0.0,0.15991278,11.945178,11.955178,3881600
hardzero_plus_depr__c0p52__z1p00__lam0p010__nu0p50__psi1p00,hardzero_plus_depr,0.06,37,1213,0.0,2,0.20324723,0.20324723,1.0053676,0.0,0.09877167,0.0,0.0,3.855523e-07,-27.362438,2.211853,0.73728436,0.192,0.0,0.1847518,11.955178,11.9651785,3884800
hardzero_plus_depr__c0p52__z1p00__lam0p010__nu0p50__psi1p00,hardzero_plus_depr,0.06,37,1214,0.0,2,0.20324723,0.20324723,1.0279622,0.0,0.09376435,0.0,0.0,3.817159e-07,-26.98744,2.261562,0.75385404,0.15200001,0.0,0.15875174,11.9651785,11.975179,3888000
hardzero_plus_depr__c0p52__z1p00__lam0p010__nu0p50__psi1p00,hardzero_plus_depr,0.06,37,1215,0.0,2,0.20324723,0.20324728,0.96168786,0.10922251,0.10922251,1.0,4.127712e-08,3.779177e-07,-26.361248,2.1157556,0.7052519,0.16000001,0.0,0.17699283,11.975179,11.985179,3891200
hardzero_plus_depr__c0p52__z1p00__lam0p010__nu0p50__psi1p00,hardzero_plus_depr,0.06,37,1216,0.0,2,0.20324728,0.20324732,0.9835477,0.103860945,0.103860945,1.0,3.886032e-08,3.7415722e-07,-26.143122,2.1638482,0.7212827,0.16800001,0.0,0.17637773,11.985179,11.995179,3894400
hardzero_plus_depr__c0p52__z1p00__lam0p010__nu0p50__psi1p00,hardzero_plus_depr,0.06,37,1217,0.0,2,0.20324732,0.20324737,0.98656636,0.10314155,0.10314155,1.0,3.820716e-08,3.704342e-07,-27.63624,2.1704893,0.72349644,0.14400001,0.0,0.1631155,11.995179,12.005179,3897600
hardzero_plus_depr__c0p52__z1p00__lam0p010__nu0p50__psi1p00,hardzero_plus_depr,0.06,37,1218,0.0,2,0.20324737,0.20324737,1.0165908,0.0,0.09625187,0.0,0.0,3.6674828e-07,-27.037395,2.2365444,0.7455148,0.192,0.0,0.16857718,12.005179,12.01518,3900800
hardzero_plus_depr__c0p52__z1p00__lam0p010__nu0p50__psi1p00,hardzero_plus_depr,0.06,37,1219,0.0,2,0.20324737,0.20324741,0.9872259,0.102985024,0.102985024,1.0,3.7393757e-08,3.63099e-07,-26.533274,2.1719403,0.7239801,0.17600001,0.0,0.17529494,12.01518,12.02518,3904000
hardzero_plus_depr__c0p52__z1p00__lam0p010__nu0p50__psi1p00,hardzero_plus_depr,0.06,37,1220,0.0,2,0.20324741,0.20324746,0.9713553,0.10681806,0.10681806,1.0,3.8399595e-08,3.59486e-07,-27.09516,2.1370244,0.7123415,0.15200001,0.0,0.19568036,12.02518,12.03518,3907200
hardzero_plus_depr__c0p52__z1p00__lam0p010__nu0p50__psi1p00,hardzero_plus_depr,0.06,37,1221,0.0,2,0.20324746,0.20324749,0.9816127,0.104324736,0.104324736,1.0,3.713011e-08,3.5590898e-07,-26.955435,2.159591,0.71986365,0.18400002,0.0,0.19561729,12.03518,12.04518,3910400
hardzero_plus_depr__c0p52__z1p00__lam0p010__nu0p50__psi1p00,hardzero_plus_depr,0.06,37,1222,0.0,2,0.20324749,0.20324752,0.9853577,0.103429,0.103429,1.0,3.644502e-08,3.5236752e-07,-27.193571,2.1678302,0.7226101,0.26,0.0,0.22931148,12.04518,12.055181,3913600
hardzero_plus_depr__c0p52__z1p00__lam0p010__nu0p50__psi1p00,hardzero_plus_depr,0.06,37,1223,0.0,2,0.20324752,0.20324752,1.0837837,0.0,0.08245486,0.0,0.0,3.4886136e-07,-28.582869,2.3843718,0.7947906,0.18400002,0.0,0.19199242,12.055181,12.065181,3916800
hardzero_plus_depr__c0p52__z1p00__lam0p010__nu0p50__psi1p00,hardzero_plus_depr,0.06,37,1224,0.0,2,0.20324752,0.20324752,1.0106469,0.0,0.09757826,0.0,0.0,3.4539005e-07,-27.001392,2.2234676,0.74115586,0.112,0.0,0.17761377,12.065181,12.075181,3920000
hardzero_plus_depr__c0p52__z1p00__lam0p010__nu0p50__psi1p00,hardzero_plus_depr,0.06,37,1225,0.0,2,0.20324752,0.20324752,1.058161,0.0,0.08746594,0.0,0.0,3.4195327e-07,-27.704144,2.3280008,0.77600026,0.15200001,0.0,0.18275103,12.075181,12.085181,3923200
hardzero_plus_depr__c0p52__z1p00__lam0p010__nu0p50__psi1p00,hardzero_plus_depr,0.06,37,1226,0.0,2,0.20324752,0.20324752,1.055224,0.0,0.088059455,0.0,0.0,3.3855068e-07,-27.706278,2.321539,0.7738463,0.128,0.0,0.21996097,12.085181,12.095181,3926400
hardzero_plus_depr__c0p52__z1p00__lam0p010__nu0p50__psi1p00,hardzero_plus_depr,0.06,37,1227,0.0,2,0.20324752,0.20324752,1.0328463,0.0,0.092715785,0.0,0.0,3.35182e-07,-27.281384,2.2723074,0.7574358,0.14400001,0.0,0.17763484,12.095181,12.105182,3929600
hardzero_plus_depr__c0p52__z1p00__lam0p010__nu0p50__psi1p00,hardzero_plus_depr,0.06,37,1228,0.0,2,0.20324752,0.20324752,1.0778213,0.0,0.08359469,0.0,0.0,3.318468e-07,-28.207977,2.3712542,0.7904181,0.16800001,0.0,0.17660524,12.105182,12.115182,3932800
hardzero_plus_depr__c0p52__z1p00__lam0p010__nu0p50__psi1p00,hardzero_plus_depr,0.06,37,1229,0.0,2,0.20324752,0.20324752,1.0812485,0.0,0.0829376,0.0,0.0,3.2854481e-07,-28.258842,2.3787942,0.79293144,0.120000005,0.0,0.18386021,12.115182,12.125182,3936000
hardzero_plus_depr__c0p52__z1p00__lam0p010__nu0p50__psi1p00,hardzero_plus_depr,0.06,37,1230,0.0,2,0.20324752,0.20324752,1.013984,0.0,0.096831344,0.0,0.0,3.2527566e-07,-27.166126,2.2308092,0.7436031,0.15200001,0.008,0.16484813,12.125182,12.135182,3939200
hardzero_plus_depr__c0p52__z1p00__lam0p010__nu0p50__psi1p00,hardzero_plus_depr,0.06,37,1231,0.0,2,0.20324752,0.20324752,1.0510361,0.0,0.0889127,0.0,0.0,3.2203903e-07,-27.452646,2.3123257,0.77077526,0.192,0.0,0.21772344,12.135182,12.145183,3942400
hardzero_plus_depr__c0p52__z1p00__lam0p010__nu0p50__psi1p00,hardzero_plus_depr,0.06,37,1232,0.0,2,0.20324752,0.20324752,1.1417197,0.0,0.07215731,0.0,0.0,3.188346e-07,-29.407764,2.5118334,0.8372778,0.15200001,0.0,0.24843614,12.145183,12.155183,3945600
hardzero_plus_depr__c0p52__z1p00__lam0p010__nu0p50__psi1p00,hardzero_plus_depr,0.06,37,1233,0.0,2,0.20324752,0.20324755,0.9831585,0.10395407,0.10395407,1.0,3.2814356e-08,3.1566205e-07,-26.509222,2.162992,0.72099733,0.136,0.0,0.1595046,12.155183,12.165183,3948800
hardzero_plus_depr__c0p52__z1p00__lam0p010__nu0p50__psi1p00,hardzero_plus_depr,0.06,37,1234,0.0,2,0.20324755,0.20324755,1.020047,0.0,0.095488936,0.0,0.0,3.1252114e-07,-27.472427,2.244148,0.7480494,0.16000001,0.0,0.18084669,12.165183,12.175183,3952000
hardzero_plus_depr__c0p52__z1p00__lam0p010__nu0p50__psi1p00,hardzero_plus_depr,0.06,37,1235,0.0,2,0.20324755,0.20324755,1.0076859,0.0,0.09824583,0.0,0.0,3.0941143e-07,-27.444546,2.2169533,0.73898447,0.17,0.0,0.1572653,12.175183,12.185184,3955200
hardzero_plus_depr__c0p52__z1p00__lam0p010__nu0p50__psi1p00,hardzero_plus_depr,0.06,37,1236,0.0,2,0.20324755,0.20324758,0.9663415,0.108058386,0.108058386,1.0,3.310181e-08,3.0633262e-07,-25.381456,2.1259937,0.7086646,0.17600001,0.0,0.17720385,12.185184,12.195184,3958400
hardzero_plus_depr__c0p52__z1p00__lam0p010__nu0p50__psi1p00,hardzero_plus_depr,0.06,37,1237,0.0,2,0.20324758,0.20324758,1.0315365,0.0,0.092995845,0.0,0.0,3.032845e-07,-26.436224,2.2694256,0.7564752,0.16800001,0.008,0.1866972,12.195184,12.205184,3961600
hardzero_plus_depr__c0p52__z1p00__lam0p010__nu0p50__psi1p00,hardzero_plus_depr,0.06,37,1238,0.0,2,0.20324758,0.2032476,0.9949576,0.10116781,0.10116781,1.0,3.0377326e-08,3.002667e-07,-28.012783,2.1889505,0.7296502,0.120000005,0.0,0.19126055,12.205184,12.215184,3964800
hardzero_plus_depr__c0p52__z1p00__lam0p010__nu0p50__psi1p00,hardzero_plus_depr,0.06,37,1239,0.0,2,0.2032476,0.20324764,0.9887171,0.10263204,0.10263204,1.0,3.0510343e-08,2.9727894e-07,-26.69657,2.175221,0.7250737,0.192,0.0,0.1895534,12.215184,12.225184,3968000
hardzero_plus_depr__c0p52__z1p00__lam0p010__nu0p50__psi1p00,hardzero_plus_depr,0.06,37,1240,0.0,2,0.20324764,0.20324764,1.0023633,0.0,0.09945731,0.0,0.0,2.943209e-07,-26.488075,2.2052433,0.73508114,0.18400002,0.0,0.17431258,12.225184,12.235185,3971200
hardzero_plus_depr__c0p52__z1p00__lam0p010__nu0p50__psi1p00,hardzero_plus_depr,0.06,37,1241,0.0,2,0.20324764,0.20324764,1.0254881,0.0,0.09430003,0.0,0.0,2.9139227e-07,-26.914059,2.256119,0.7520397,0.16800001,0.0,0.20494018,12.235185,12.245185,3974400
hardzero_plus_depr__c0p52__z1p00__lam0p010__nu0p50__psi1p00,hardzero_plus_depr,0.06,37,1242,0.0,2,0.20324764,0.20324767,0.9896003,0.10242352,0.10242352,1.0,2.954845e-08,2.8849283e-07,-26.761562,2.177164,0.72572136,0.15200001,0.0,0.19346772,12.245185,12.255185,3977600
hardzero_plus_depr__c0p52__z1p00__lam0p010__nu0p50__psi1p00,hardzero_plus_depr,0.06,37,1243,0.0,2,0.20324767,0.2032477,0.95391154,0.11119581,0.11119581,1.0,3.175999e-08,2.8562218e-07,-26.59915,2.0986474,0.69954914,0.136,0.0,0.13862348,12.255185,12.265185,3980800
hardzero_plus_depr__c0p52__z1p00__lam0p010__nu0p50__psi1p00,hardzero_plus_depr,0.06,37,1244,0.0,2,0.2032477,0.2032477,1.0733373,0.0,0.084462255,0.0,0.0,2.8278018e-07,-27.357748,2.3613892,0.78712976,0.18400002,0.0,0.1834781,12.265185,12.275186,3984000
hardzero_plus_depr__c0p52__z1p00__lam0p010__nu0p50__psi1p00,hardzero_plus_depr,0.06,37,1245,0.0,2,0.2032477,0.20324773,0.9587098,0.10997404,0.10997404,1.0,3.0789035e-08,2.799664e-07,-25.296143,2.1092036,0.7030679,0.128,0.0,0.14777906,12.275186,12.285186,3987200
hardzero_plus_depr__c0p52__z1p00__lam0p010__nu0p50__psi1p00,hardzero_plus_depr,0.06,37,1246,0.0,2,0.20324773,0.20324776,0.986519,0.10315279,0.10315279,1.0,2.8591954e-08,2.7718062e-07,-26.94534,2.1703851,0.72346175,0.16000001,0.0,0.19129124,12.285186,12.295186,3990400
hardzero_plus_depr__c0p52__z1p00__lam0p010__nu0p50__psi1p00,hardzero_plus_depr,0.06,37,1247,0.0,2,0.20324776,0.20324776,1.028524,0.0,0.09364313,0.0,0.0,2.7442255e-07,-26.615602,2.262798,0.754266,0.18400002,0.0,0.17654061,12.295186,12.305186,3993600
hardzero_plus_depr__c0p52__z1p00__lam0p010__nu0p50__psi1p00,hardzero_plus_depr,0.06,37,1248,0.0,2,0.20324776,0.20324776,1.0167041,0.0,0.09622677,0.0,0.0,2.7169193e-07,-27.058073,2.2367935,0.74559784,0.14999999,0.0,0.17109366,12.305186,12.3151865,3996800
hardzero_plus_depr__c0p52__z1p00__lam0p010__nu0p50__psi1p00,hardzero_plus_depr,0.06,37,1249,0.0,2,0.20324776,0.20324776,1.0137192,0.0,0.0968904,0.0,0.0,2.689885e-07,-26.819078,2.2302268,0.7434089,0.16800001,0.0,0.19761069,12.3151865,12.325187,4000000
