mechanism_tag,mechanism,alpha,seed,update,update_u,update_counter,energy_E_pre,energy_E_post,funding_z,funding_g,funding_g_raw,funding_cut_active,funding_income,funding_alpha_eff,episode_return_end_mean,terminal_min_dists_end_mean,terminal_dbar_end,terminal_occupied_end_mean,terminal_CSR_train,vartd_VarTD,depr_F,depr_F_post,env_steps
hardzero_only__c0p58__z1p00__lam0p000__nu0p50__psi0p00,hardzero_only,0.07,48,0,1.0,1,1.0,0.42000002,1.0188494,0.0,0.09575261,0.0,0.0,0.07,-28.257547,2.2415133,0.7471711,0.17,0.0,0.19897795,0.0,0.0,3200
hardzero_only__c0p58__z1p00__lam0p000__nu0p50__psi0p00,hardzero_only,0.07,48,1,0.0,1,0.42000002,0.42000002,1.0196388,0.0,0.09557872,0.0,0.0,0.07,-27.400984,2.2432501,0.74775004,0.18400002,0.0,0.19700621,0.0,0.0,6400
hardzero_only__c0p58__z1p00__lam0p000__nu0p50__psi0p00,hardzero_only,0.07,48,2,0.0,1,0.42000002,0.42000002,1.0946498,0.0,0.08041744,0.0,0.0,0.07,-28.656876,2.4082778,0.8027593,0.080000006,0.0,0.17141652,0.0,0.0,9600
hardzero_only__c0p58__z1p00__lam0p000__nu0p50__psi0p00,hardzero_only,0.07,48,3,0.0,1,0.42000002,0.42735633,0.9784376,0.10509024,0.10509024,1.0,0.007356317,0.07,-26.488804,2.1526058,0.71753526,0.16800001,0.0,0.16225313,0.0,0.0,12800
hardzero_only__c0p58__z1p00__lam0p000__nu0p50__psi0p00,hardzero_only,0.07,48,4,0.0,1,0.42735633,0.42735633,1.013139,0.0,0.09701994,0.0,0.0,0.07,-26.637447,2.2289503,0.74298346,0.16800001,0.0,0.15635921,0.0,0.0,16000
hardzero_only__c0p58__z1p00__lam0p000__nu0p50__psi0p00,hardzero_only,0.07,48,5,0.0,1,0.42735633,0.42735633,1.0412581,0.0,0.090937264,0.0,0.0,0.07,-27.164513,2.2908137,0.7636046,0.208,0.0,0.19774678,0.0,0.0,19200
hardzero_only__c0p58__z1p00__lam0p000__nu0p50__psi0p00,hardzero_only,0.07,48,6,0.0,1,0.42735633,0.42735633,1.0608436,0.0,0.08692733,0.0,0.0,0.07,-27.553375,2.3339026,0.7779676,0.128,0.0,0.19861487,0.0,0.0,22400
hardzero_only__c0p58__z1p00__lam0p000__nu0p50__psi0p00,hardzero_only,0.07,48,7,0.0,1,0.42735633,0.42735633,1.0414369,0.0,0.09089983,0.0,0.0,0.07,-27.036694,2.2912068,0.76373565,0.128,0.0,0.19735865,0.0,0.0,25600
hardzero_only__c0p58__z1p00__lam0p000__nu0p50__psi0p00,hardzero_only,0.07,48,8,0.0,1,0.42735633,0.42735633,1.055649,0.0,0.08797331,0.0,0.0,0.07,-28.397268,2.3224742,0.7741581,0.17600001,0.0,0.21341528,0.0,0.0,28800
hardzero_only__c0p58__z1p00__lam0p000__nu0p50__psi0p00,hardzero_only,0.07,48,9,0.0,1,0.42735633,0.42735633,1.0422789,0.0,0.09072376,0.0,0.0,0.07,-27.375278,2.2930593,0.76435316,0.192,0.0,0.21025784,0.0,0.0,32000
hardzero_only__c0p58__z1p00__lam0p000__nu0p50__psi0p00,hardzero_only,0.07,48,10,0.0,1,0.42735633,0.42735633,1.0393009,0.0,0.09134801,0.0,0.0,0.07,-27.488363,2.2865076,0.76216924,0.104,0.0,0.17756735,0.0,0.0,35200
hardzero_only__c0p58__z1p00__lam0p000__nu0p50__psi0p00,hardzero_only,0.07,48,11,0.0,1,0.42735633,0.42735633,1.0726153,0.0,0.08460278,0.0,0.0,0.07,-27.807709,2.3598008,0.7866003,0.080000006,0.0,0.17845066,0.0,0.0,38400
hardzero_only__c0p58__z1p00__lam0p000__nu0p50__psi0p00,hardzero_only,0.07,48,12,0.0,1,0.42735633,0.42735633,1.0539944,0.0,0.088309124,0.0,0.0,0.07,-27.651033,2.318834,0.7729447,0.136,0.0,0.17449097,0.0,0.0,41600
hardzero_only__c0p58__z1p00__lam0p000__nu0p50__psi0p00,hardzero_only,0.07,48,13,0.0,1,0.42735633,0.42735633,1.0617087,0.0,0.086754344,0.0,0.0,0.07,-27.93004,2.3358057,0.7786019,0.11,0.0,0.15098158,0.0,0.0,44800
hardzero_only__c0p58__z1p00__lam0p000__nu0p50__psi0p00,hardzero_only,0.07,48,14,0.0,1,0.42735633,0.42735633,1.0503082,0.0,0.089061856,0.0,0.0,0.07,-28.03583,2.3107243,0.77024144,0.17600001,0.0,0.16829103,0.0,0.0,48000
hardzero_only__c0p58__z1p00__lam0p000__nu0p50__psi0p00,hardzero_only,0.07,48,15,0.0,1,0.42735633,0.42735633,1.0424768,0.0,0.09068244,0.0,0.0,0.07,-27.798807,2.2934947,0.76449823,0.16800001,0.0,0.208675,0.0,0.0,51200
hardzero_only__c0p58__z1p00__lam0p000__nu0p50__psi0p00,hardzero_only,0.07,48,16,0.0,1,0.42735633,0.42735633,1.0356048,0.0,0.09212875,0.0,0.0,0.07,-26.847363,2.278376,0.7594587,0.14400001,0.0,0.16178763,0.0,0.0,54400
hardzero_only__c0p58__z1p00__lam0p000__nu0p50__psi0p00,hardzero_only,0.07,48,17,0.0,1,0.42735633,0.42735633,1.068175,0.0,0.08547223,0.0,0.0,0.07,-28.084307,2.3500319,0.783344,0.112,0.0,0.19474003,0.0,0.0,57600
hardzero_only__c0p58__z1p00__lam0p000__nu0p50__psi0p00,hardzero_only,0.07,48,18,0.0,1,0.42735633,0.43455642,0.9877596,0.10285856,0.10285856,1.0,0.007200099,0.07,-26.682493,2.1731145,0.72437155,0.208,0.0,0.18316504,0.0,0.0,60800
hardzero_only__c0p58__z1p00__lam0p000__nu0p50__psi0p00,hardzero_only,0.07,48,19,0.0,1,0.43455642,0.43455642,1.0921527,0.0,0.08088115,0.0,0.0,0.07,-28.379696,2.4027839,0.800928,0.128,0.0,0.23033506,0.0,0.0,64000
hardzero_only__c0p58__z1p00__lam0p000__nu0p50__psi0p00,hardzero_only,0.07,48,20,0.0,1,0.43455642,0.43455642,1.0729778,0.0,0.0845322,0.0,0.0,0.07,-27.80698,2.3605983,0.7868661,0.104,0.0,0.17935817,0.0,0.0,67200
hardzero_only__c0p58__z1p00__lam0p000__nu0p50__psi0p00,hardzero_only,0.07,48,21,0.0,1,0.43455642,0.4416431,0.9946555,0.10123822,0.10123822,1.0,0.0070866756,0.07,-26.441158,2.1882858,0.72942865,0.136,0.0,0.15328115,0.0,0.0,70400
hardzero_only__c0p58__z1p00__lam0p000__nu0p50__psi0p00,hardzero_only,0.07,48,22,0.0,1,0.4416431,0.4416431,1.0566534,0.0,0.0877701,0.0,0.0,0.07,-27.641024,2.324684,0.77489465,0.128,0.0,0.20562167,0.0,0.0,73600
hardzero_only__c0p58__z1p00__lam0p000__nu0p50__psi0p00,hardzero_only,0.07,48,23,0.0,1,0.4416431,0.4416431,1.046801,0.0,0.08978401,0.0,0.0,0.07,-27.462296,2.303008,0.7676694,0.216,0.0,0.18648124,0.0,0.0,76800
hardzero_only__c0p58__z1p00__lam0p000__nu0p50__psi0p00,hardzero_only,0.07,48,24,0.0,1,0.4416431,0.4416431,1.0463283,0.0,0.089881785,0.0,0.0,0.07,-28.194805,2.3019683,0.7673228,0.16000001,0.0,0.19211552,0.0,0.0,80000
hardzero_only__c0p58__z1p00__lam0p000__nu0p50__psi0p00,hardzero_only,0.07,48,25,0.0,1,0.4416431,0.448808,0.98988616,0.10235613,0.10235613,1.0,0.007164929,0.07,-26.532545,2.177793,0.72593105,0.14400001,0.0,0.1649136,0.0,0.0,83200
hardzero_only__c0p58__z1p00__lam0p000__nu0p50__psi0p00,hardzero_only,0.07,48,26,0.0,1,0.448808,0.448808,1.0428195,0.0,0.0906109,0.0,0.0,0.07,-28.091976,2.2942488,0.76474965,0.11,0.0,0.16008575,0.0,0.0,86400
hardzero_only__c0p58__z1p00__lam0p000__nu0p50__psi0p00,hardzero_only,0.07,48,27,0.0,1,0.448808,0.45585966,0.99680763,0.10073777,0.10073777,1.0,0.007051644,0.07,-26.02797,2.1930206,0.73100686,0.14400001,0.0,0.14992422,0.0,0.0,89600
hardzero_only__c0p58__z1p00__lam0p000__nu0p50__psi0p00,hardzero_only,0.07,48,28,0.0,1,0.45585966,0.45585966,1.0168624,0.0,0.09619169,0.0,0.0,0.07,-26.214462,2.2371418,0.74571395,0.112,0.0,0.23596025,0.0,0.0,92800
hardzero_only__c0p58__z1p00__lam0p000__nu0p50__psi0p00,hardzero_only,0.07,48,29,0.0,1,0.45585966,0.45585966,1.091759,0.0,0.080954514,0.0,0.0,0.07,-29.283533,2.4019177,0.8006393,0.128,0.0,0.20931315,0.0,0.0,96000
hardzero_only__c0p58__z1p00__lam0p000__nu0p50__psi0p00,hardzero_only,0.07,48,30,0.0,1,0.45585966,0.45585966,1.0800165,0.0,0.08317321,0.0,0.0,0.07,-27.83313,2.3760839,0.79202795,0.16000001,0.0,0.1715459,0.0,0.0,99200
hardzero_only__c0p58__z1p00__lam0p000__nu0p50__psi0p00,hardzero_only,0.07,48,31,0.0,1,0.45585966,0.45585966,1.0431947,0.0,0.09053267,0.0,0.0,0.07,-27.663834,2.295074,0.76502466,0.128,0.0,0.1741711,0.0,0.0,102400
hardzero_only__c0p58__z1p00__lam0p000__nu0p50__psi0p00,hardzero_only,0.07,48,32,0.0,1,0.45585966,0.46295002,0.99442935,0.101290956,0.101290956,1.0,0.007090367,0.07,-27.086805,2.1877882,0.72926277,0.16000001,0.0,0.18574947,0.0,0.0,105600
hardzero_only__c0p58__z1p00__lam0p000__nu0p50__psi0p00,hardzero_only,0.07,48,33,0.0,1,0.46295002,0.46295002,1.0438074,0.0,0.09040504,0.0,0.0,0.07,-28.31408,2.296422,0.765474,0.112,0.0,0.19549213,0.0,0.0,108800
hardzero_only__c0p58__z1p00__lam0p000__nu0p50__psi0p00,hardzero_only,0.07,48,34,0.0,1,0.46295002,0.46295002,1.047462,0.0,0.08964746,0.0,0.0,0.07,-27.810064,2.3044624,0.76815414,0.17600001,0.0,0.18339838,0.0,0.0,112000
hardzero_only__c0p58__z1p00__lam0p000__nu0p50__psi0p00,hardzero_only,0.07,48,35,0.0,1,0.46295002,0.46295002,1.0734091,0.0,0.0844483,0.0,0.0,0.07,-28.163912,2.3615472,0.78718245,0.112,0.0,0.20394099,0.0,0.0,115200
hardzero_only__c0p58__z1p00__lam0p000__nu0p50__psi0p00,hardzero_only,0.07,48,36,0.0,1,0.46295002,0.46295002,1.0332407,0.0,0.09263163,0.0,0.0,0.07,-28.03987,2.2731748,0.75772494,0.17600001,0.0,0.2053819,0.0,0.0,118400
hardzero_only__c0p58__z1p00__lam0p000__nu0p50__psi0p00,hardzero_only,0.07,48,37,0.0,1,0.46295002,0.46295002,1.023733,0.0,0.0946819,0.0,0.0,0.07,-26.588888,2.2522576,0.75075257,0.18400002,0.0,0.14462417,0.0,0.0,121600
hardzero_only__c0p58__z1p00__lam0p000__nu0p50__psi0p00,hardzero_only,0.07,48,38,0.0,1,0.46295002,0.46295002,1.0401351,0.0,0.0911727,0.0,0.0,0.07,-28.322838,2.288343,0.762781,0.104,0.0,0.19026974,0.0,0.0,124800
hardzero_only__c0p58__z1p00__lam0p000__nu0p50__psi0p00,hardzero_only,0.07,48,39,0.0,1,0.46295002,0.46295002,1.0159274,0.0,0.096399,0.0,0.0,0.07,-27.276012,2.235085,0.7450284,0.17999999,0.0,0.16512625,0.0,0.0,128000
hardzero_only__c0p58__z1p00__lam0p000__nu0p50__psi0p00,hardzero_only,0.07,48,40,0.0,1,0.46295002,0.46295002,1.0404607,0.0,0.09110439,0.0,0.0,0.07,-27.571781,2.2890592,0.76301974,0.16800001,0.0,0.15186854,0.0,0.0,131200
hardzero_only__c0p58__z1p00__lam0p000__nu0p50__psi0p00,hardzero_only,0.07,48,41,0.0,1,0.46295002,0.46295002,1.0503166,0.0,0.089060165,0.0,0.0,0.07,-27.452343,2.3107426,0.7702476,0.14400001,0.0,0.17336112,0.0,0.0,134400
hardzero_only__c0p58__z1p00__lam0p000__nu0p50__psi0p00,hardzero_only,0.07,48,42,0.0,1,0.46295002,0.47025076,0.9817321,0.10429606,0.10429606,1.0,0.0073007243,0.07,-26.539537,2.1598537,0.7199513,0.208,0.008,0.16893484,0.0,0.0,137600
hardzero_only__c0p58__z1p00__lam0p000__nu0p50__psi0p00,hardzero_only,0.07,48,43,0.0,1,0.47025076,0.47025076,1.0650052,0.0,0.08609835,0.0,0.0,0.07,-27.790781,2.343058,0.7810194,0.16000001,0.0,0.20076068,0.0,0.0,140800
hardzero_only__c0p58__z1p00__lam0p000__nu0p50__psi0p00,hardzero_only,0.07,48,44,0.0,1,0.47025076,0.47025076,1.0537516,0.0,0.088358514,0.0,0.0,0.07,-27.579721,2.3182998,0.7727666,0.16000001,0.0,0.17625394,0.0,0.0,144000
hardzero_only__c0p58__z1p00__lam0p000__nu0p50__psi0p00,hardzero_only,0.07,48,45,0.0,1,0.47025076,0.47025076,1.075161,0.0,0.08410834,0.0,0.0,0.07,-28.271282,2.3654013,0.7884671,0.120000005,0.0,0.17197454,0.0,0.0,147200
hardzero_only__c0p58__z1p00__lam0p000__nu0p50__psi0p00,hardzero_only,0.07,48,46,0.0,1,0.47025076,0.47025076,1.0911697,0.0,0.08106441,0.0,0.0,0.07,-27.693485,2.4006214,0.80020714,0.080000006,0.0,0.18447483,0.0,0.0,150400
hardzero_only__c0p58__z1p00__lam0p000__nu0p50__psi0p00,hardzero_only,0.07,48,47,0.0,1,0.47025076,0.47727334,0.9986005,0.10032277,0.10032277,1.0,0.0070225936,0.07,-25.930994,2.196965,0.7323217,0.17600001,0.0,0.18874827,0.0,0.0,153600
hardzero_only__c0p58__z1p00__lam0p000__nu0p50__psi0p00,hardzero_only,0.07,48,48,0.0,1,0.47727334,0.47727334,1.0465053,0.0,0.089845166,0.0,0.0,0.07,-27.317333,2.3023577,0.7674526,0.192,0.0,0.17101169,0.0,0.0,156800
hardzero_only__c0p58__z1p00__lam0p000__nu0p50__psi0p00,hardzero_only,0.07,48,49,0.0,1,0.47727334,0.47727334,1.0404443,0.0,0.09110784,0.0,0.0,0.07,-27.553753,2.2890232,0.76300776,0.104,0.0,0.16509019,0.0,0.0,160000
hardzero_only__c0p58__z1p00__lam0p000__nu0p50__psi0p00,hardzero_only,0.07,48,50,0.0,1,0.47727334,0.48455793,0.98269266,0.10406564,0.10406564,1.0,0.007284595,0.07,-27.255934,2.161967,0.7206557,0.216,0.0,0.16038235,0.0,0.0,163200
hardzero_only__c0p58__z1p00__lam0p000__nu0p50__psi0p00,hardzero_only,0.07,48,51,0.0,1,0.48455793,0.4919541,0.9760923,0.105659306,0.105659306,1.0,0.0073961513,0.07,-25.293139,2.147446,0.7158153,0.128,0.0,0.15078464,0.0,0.0,166400
hardzero_only__c0p58__z1p00__lam0p000__nu0p50__psi0p00,hardzero_only,0.07,48,52,0.0,1,0.4919541,0.4919541,1.0584627,0.0,0.08740519,0.0,0.0,0.07,-28.141375,2.3286645,0.7762215,0.099999994,0.0,0.1953535,0.0,0.0,169600
hardzero_only__c0p58__z1p00__lam0p000__nu0p50__psi0p00,hardzero_only,0.07,48,53,0.0,1,0.4919541,0.4919541,1.0141296,0.0,0.09679889,0.0,0.0,0.07,-28.2743,2.2311296,0.7437099,0.16800001,0.0,0.1858628,0.0,0.0,172800
hardzero_only__c0p58__z1p00__lam0p000__nu0p50__psi0p00,hardzero_only,0.07,48,54,0.0,1,0.4919541,0.4919541,1.0095763,0.0,0.09781908,0.0,0.0,0.07,-27.138983,2.2211123,0.74037075,0.128,0.0,0.17684574,0.0,0.0,176000
hardzero_only__c0p58__z1p00__lam0p000__nu0p50__psi0p00,hardzero_only,0.07,48,55,0.0,1,0.4919541,0.4919541,1.0362396,0.0,0.09199418,0.0,0.0,0.07,-27.582193,2.2797728,0.7599243,0.16000001,0.0,0.16740578,0.0,0.0,179200
hardzero_only__c0p58__z1p00__lam0p000__nu0p50__psi0p00,hardzero_only,0.07,48,56,0.0,1,0.4919541,0.4919541,1.0684819,0.0,0.08541183,0.0,0.0,0.07,-27.692007,2.3507073,0.7835691,0.072000004,0.0,0.17615066,0.0,0.0,182400
hardzero_only__c0p58__z1p00__lam0p000__nu0p50__psi0p00,hardzero_only,0.07,48,57,0.0,1,0.4919541,0.4919541,1.0443875,0.0,0.090284355,0.0,0.0,0.07,-27.240728,2.2976983,0.7658994,0.24000001,0.0,0.19515592,0.0,0.0,185600
hardzero_only__c0p58__z1p00__lam0p000__nu0p50__psi0p00,hardzero_only,0.07,48,58,0.0,1,0.4919541,0.49931473,0.97818255,0.10515197,0.10515197,1.0,0.007360638,0.07,-25.69409,2.1520445,0.7173482,0.17600001,0.0,0.16589181,0.0,0.0,188800
hardzero_only__c0p58__z1p00__lam0p000__nu0p50__psi0p00,hardzero_only,0.07,48,59,0.0,1,0.49931473,0.49931473,1.0757953,0.0,0.08398558,0.0,0.0,0.07,-28.316427,2.366797,0.7889323,0.18400002,0.0,0.18299553,0.0,0.0,192000
hardzero_only__c0p58__z1p00__lam0p000__nu0p50__psi0p00,hardzero_only,0.07,48,60,0.0,1,0.49931473,0.49931473,1.0500821,0.0,0.08910824,0.0,0.0,0.07,-27.222647,2.3102267,0.77007556,0.136,0.0,0.17272794,0.0,0.0,195200
hardzero_only__c0p58__z1p00__lam0p000__nu0p50__psi0p00,hardzero_only,0.07,48,61,0.0,1,0.49931473,0.49931473,1.0363054,0.0,0.091980256,0.0,0.0,0.07,-26.729685,2.2799175,0.7599725,0.192,0.0,0.18073139,0.0,0.0,198400
hardzero_only__c0p58__z1p00__lam0p000__nu0p50__psi0p00,hardzero_only,0.07,48,62,0.0,1,0.49931473,0.49931473,1.0512666,0.0,0.088865556,0.0,0.0,0.07,-27.201597,2.3128326,0.77094424,0.136,0.0,0.17771791,0.0,0.0,201600
hardzero_only__c0p58__z1p00__lam0p000__nu0p50__psi0p00,hardzero_only,0.07,48,63,0.0,1,0.49931473,0.49931473,1.0911545,0.0,0.08106727,0.0,0.0,0.07,-28.8334,2.4005878,0.80019593,0.16800001,0.0,0.21487783,0.0,0.0,204800
hardzero_only__c0p58__z1p00__lam0p000__nu0p50__psi0p00,hardzero_only,0.07,48,64,0.0,1,0.49931473,0.49931473,1.0637113,0.0,0.08635525,0.0,0.0,0.07,-27.503067,2.3402116,0.78007054,0.136,0.0,0.16657975,0.0,0.0,208000
hardzero_only__c0p58__z1p00__lam0p000__nu0p50__psi0p00,hardzero_only,0.07,48,65,0.0,1,0.49931473,0.49931473,1.0574093,0.0,0.087617464,0.0,0.0,0.07,-27.988945,2.3263469,0.775449,0.099999994,0.0,0.1660769,0.0,0.0,211200
hardzero_only__c0p58__z1p00__lam0p000__nu0p50__psi0p00,hardzero_only,0.07,48,66,0.0,1,0.49931473,0.50679934,0.9709268,0.10692349,0.10692349,1.0,0.007484644,0.07,-25.926622,2.1360817,0.71202725,0.17600001,0.0,0.15701517,0.0,0.0,214400
hardzero_only__c0p58__z1p00__lam0p000__nu0p50__psi0p00,hardzero_only,0.07,48,67,0.0,1,0.50679934,0.50679934,1.0384754,0.0,0.091521814,0.0,0.0,0.07,-26.55488,2.2846916,0.7615639,0.192,0.0,0.1791113,0.0,0.0,217600
hardzero_only__c0p58__z1p00__lam0p000__nu0p50__psi0p00,hardzero_only,0.07,48,68,0.0,1,0.50679934,0.50679934,1.0281808,0.0,0.093717165,0.0,0.0,0.07,-27.454603,2.262043,0.7540144,0.16000001,0.0,0.1868352,0.0,0.0,220800
hardzero_only__c0p58__z1p00__lam0p000__nu0p50__psi0p00,hardzero_only,0.07,48,69,0.0,1,0.50679934,0.50679934,1.0683963,0.0,0.08542868,0.0,0.0,0.07,-28.167835,2.350519,0.78350633,0.16800001,0.0,0.2034864,0.0,0.0,224000
hardzero_only__c0p58__z1p00__lam0p000__nu0p50__psi0p00,hardzero_only,0.07,48,70,0.0,1,0.50679934,0.51425,0.9729034,0.106437966,0.106437966,1.0,0.007450658,0.07,-26.45413,2.1404302,0.7134768,0.15200001,0.0,0.15882215,0.0,0.0,227200
hardzero_only__c0p58__z1p00__lam0p000__nu0p50__psi0p00,hardzero_only,0.07,48,71,0.0,1,0.51425,0.51425,1.0142441,0.0,0.09677337,0.0,0.0,0.07,-27.628695,2.2313817,0.7437939,0.16000001,0.0,0.17728414,0.0,0.0,230400
hardzero_only__c0p58__z1p00__lam0p000__nu0p50__psi0p00,hardzero_only,0.07,48,72,0.0,1,0.51425,0.51425,1.0326046,0.0,0.092767395,0.0,0.0,0.07,-26.970755,2.2717755,0.75725853,0.2,0.0,0.16740294,0.0,0.0,233600
hardzero_only__c0p58__z1p00__lam0p000__nu0p50__psi0p00,hardzero_only,0.07,48,73,0.0,1,0.51425,0.51425,1.0954458,0.0,0.080270186,0.0,0.0,0.07,-28.156998,2.4100287,0.80334294,0.080000006,0.0,0.19405767,0.0,0.0,236800
hardzero_only__c0p58__z1p00__lam0p000__nu0p50__psi0p00,hardzero_only,0.07,48,74,0.0,1,0.51425,0.51425,1.0507944,0.0,0.08896223,0.0,0.0,0.07,-28.404217,2.3117938,0.77059793,0.14400001,0.0,0.18871036,0.0,0.0,240000
hardzero_only__c0p58__z1p00__lam0p000__nu0p50__psi0p00,hardzero_only,0.07,48,75,0.0,1,0.51425,0.51425,1.0857475,0.0,0.08208286,0.0,0.0,0.07,-28.505856,2.3886921,0.79623073,0.136,0.0,0.20140684,0.0,0.0,243200
hardzero_only__c0p58__z1p00__lam0p000__nu0p50__psi0p00,hardzero_only,0.07,48,76,0.0,1,0.51425,0.51425,1.087235,0.0,0.081802204,0.0,0.0,0.07,-28.471678,2.3919647,0.79732156,0.096,0.0,0.22010767,0.0,0.0,246400
hardzero_only__c0p58__z1p00__lam0p000__nu0p50__psi0p00,hardzero_only,0.07,48,77,0.0,1,0.51425,0.51425,1.0629028,0.0,0.08651615,0.0,0.0,0.07,-27.887848,2.3384328,0.7794776,0.16800001,0.0,0.17173965,0.0,0.0,249600
hardzero_only__c0p58__z1p00__lam0p000__nu0p50__psi0p00,hardzero_only,0.07,48,78,0.0,1,0.51425,0.51425,1.0426885,0.0,0.09063825,0.0,0.0,0.07,-26.894283,2.2939606,0.76465356,0.21,0.0,0.14271541,0.0,0.0,252800
hardzero_only__c0p58__z1p00__lam0p000__nu0p50__psi0p00,hardzero_only,0.07,48,79,0.0,1,0.51425,0.51425,1.0862292,0.0,0.08199187,0.0,0.0,0.07,-27.607763,2.389752,0.796584,0.120000005,0.0,0.20214388,0.0,0.0,256000
hardzero_only__c0p58__z1p00__lam0p000__nu0p50__psi0p00,hardzero_only,0.07,48,80,0.0,1,0.51425,0.51425,1.0580435,0.0,0.08748961,0.0,0.0,0.07,-27.257727,2.327742,0.7759141,0.16800001,0.0,0.19892253,0.0,0.0,259200
hardzero_only__c0p58__z1p00__lam0p000__nu0p50__psi0p00,hardzero_only,0.07,48,81,0.0,1,0.51425,0.51425,1.0700079,0.0,0.08511225,0.0,0.0,0.07,-27.567646,2.3540645,0.7846882,0.192,0.0,0.2079934,0.0,0.0,262400
hardzero_only__c0p58__z1p00__lam0p000__nu0p50__psi0p00,hardzero_only,0.07,48,82,0.0,1,0.51425,0.51425,1.1084727,0.0,0.07789818,0.0,0.0,0.07,-28.31678,2.4386885,0.8128962,0.15200001,0.0,0.1854169,0.0,0.0,265600
hardzero_only__c0p58__z1p00__lam0p000__nu0p50__psi0p00,hardzero_only,0.07,48,83,0.0,1,0.51425,0.51425,1.0150774,0.0,0.09658788,0.0,0.0,0.07,-26.986301,2.2332149,0.744405,0.128,0.0,0.21263964,0.0,0.0,268800
hardzero_only__c0p58__z1p00__lam0p000__nu0p50__psi0p00,hardzero_only,0.07,48,84,0.0,1,0.51425,0.51425,1.005867,0.0,0.09865816,0.0,0.0,0.07,-26.765366,2.2129517,0.7376506,0.112,0.0,0.16501704,0.0,0.0,272000
hardzero_only__c0p58__z1p00__lam0p000__nu0p50__psi0p00,hardzero_only,0.07,48,85,0.0,1,0.51425,0.51425,1.0305125,0.0,0.093215376,0.0,0.0,0.07,-26.95043,2.2671726,0.7557242,0.128,0.0,0.1861011,0.0,0.0,275200
hardzero_only__c0p58__z1p00__lam0p000__nu0p50__psi0p00,hardzero_only,0.07,48,86,0.0,1,0.51425,0.51425,1.064486,0.0,0.08620133,0.0,0.0,0.07,-28.058064,2.341916,0.7806387,0.16800001,0.0,0.19753848,0.0,0.0,278400
hardzero_only__c0p58__z1p00__lam0p000__nu0p50__psi0p00,hardzero_only,0.07,48,87,0.0,1,0.51425,0.51425,1.0584927,0.0,0.08739917,0.0,0.0,0.07,-28.064102,2.3287303,0.77624345,0.16000001,0.0,0.17754021,0.0,0.0,281600
hardzero_only__c0p58__z1p00__lam0p000__nu0p50__psi0p00,hardzero_only,0.07,48,88,0.0,1,0.51425,0.51425,1.0521027,0.0,0.08869463,0.0,0.0,0.07,-27.266764,2.3146722,0.77155745,0.136,0.0,0.16512705,0.0,0.0,284800
hardzero_only__c0p58__z1p00__lam0p000__nu0p50__psi0p00,hardzero_only,0.07,48,89,0.0,1,0.51425,0.51425,1.0372825,0.0,0.09177356,0.0,0.0,0.07,-27.232868,2.282067,0.760689,0.14400001,0.0,0.17104398,0.0,0.0,288000
hardzero_only__c0p58__z1p00__lam0p000__nu0p50__psi0p00,hardzero_only,0.07,48,90,0.0,1,0.51425,0.51425,1.103378,0.0,0.07881736,0.0,0.0,0.07,-28.828465,2.4274802,0.8091601,0.080000006,0.0,0.20488903,0.0,0.0,291200
hardzero_only__c0p58__z1p00__lam0p000__nu0p50__psi0p00,hardzero_only,0.07,48,91,0.0,1,0.51425,0.51425,1.0161331,0.0,0.096353374,0.0,0.0,0.07,-26.888342,2.2355373,0.7451791,0.24,0.0,0.17383058,0.0,0.0,294400
hardzero_only__c0p58__z1p00__lam0p000__nu0p50__psi0p00,hardzero_only,0.07,48,92,0.0,1,0.51425,0.51425,1.0048048,0.0,0.09889974,0.0,0.0,0.07,-26.434587,2.210615,0.73687166,0.16800001,0.0,0.16765623,0.0,0.0,297600
hardzero_only__c0p58__z1p00__lam0p000__nu0p50__psi0p00,hardzero_only,0.07,48,93,0.0,1,0.51425,0.51425,1.0062245,0.0,0.09857696,0.0,0.0,0.07,-27.010218,2.2137382,0.7379128,0.096,0.0,0.17201714,0.0,0.0,300800
hardzero_only__c0p58__z1p00__lam0p000__nu0p50__psi0p00,hardzero_only,0.07,48,94,0.0,1,0.51425,0.51425,1.0753108,0.0,0.0840793,0.0,0.0,0.07,-28.17839,2.365731,0.788577,0.18400002,0.0,0.19959345,0.0,0.0,304000
hardzero_only__c0p58__z1p00__lam0p000__nu0p50__psi0p00,hardzero_only,0.07,48,95,0.0,1,0.51425,0.51425,1.0444189,0.0,0.090277806,0.0,0.0,0.07,-27.68975,2.2977676,0.76592255,0.16800001,0.0,0.17715043,0.0,0.0,307200
hardzero_only__c0p58__z1p00__lam0p000__nu0p50__psi0p00,hardzero_only,0.07,48,96,0.0,1,0.51425,0.51425,1.0756538,0.0,0.08401294,0.0,0.0,0.07,-28.360954,2.3664856,0.78882855,0.2,0.0,0.20515831,0.0,0.0,310400
hardzero_only__c0p58__z1p00__lam0p000__nu0p50__psi0p00,hardzero_only,0.07,48,97,0.0,1,0.51425,0.51425,1.0357138,0.0,0.09210563,0.0,0.0,0.07,-27.182152,2.2786157,0.7595386,0.18400002,0.0,0.17500003,0.0,0.0,313600
hardzero_only__c0p58__z1p00__lam0p000__nu0p50__psi0p00,hardzero_only,0.07,48,98,0.0,1,0.51425,0.51425,1.033224,0.0,0.09263518,0.0,0.0,0.07,-27.56433,2.273138,0.7577127,0.2,0.0,0.19821554,0.0,0.0,316800
hardzero_only__c0p58__z1p00__lam0p000__nu0p50__psi0p00,hardzero_only,0.07,48,99,0.0,1,0.51425,0.52139175,0.9912909,0.102025576,0.102025576,1.0,0.0071417904,0.07,-26.872475,2.1808836,0.72696126,0.16000001,0.0,0.16972268,0.0,0.0,320000
hardzero_only__c0p58__z1p00__lam0p000__nu0p50__psi0p00,hardzero_only,0.07,48,100,0.0,1,0.52139175,0.52139175,1.075552,0.0,0.08403263,0.0,0.0,0.07,-27.766478,2.3662617,0.7887539,0.120000005,0.0,0.16693535,0.0,0.0,323200
hardzero_only__c0p58__z1p00__lam0p000__nu0p50__psi0p00,hardzero_only,0.07,48,101,0.0,1,0.52139175,0.52139175,1.0437611,0.0,0.09041466,0.0,0.0,0.07,-27.725527,2.2963204,0.76544017,0.15200001,0.0,0.19533218,0.0,0.0,326400
hardzero_only__c0p58__z1p00__lam0p000__nu0p50__psi0p00,hardzero_only,0.07,48,102,0.0,1,0.52139175,0.52139175,1.0706944,0.0,0.0849778,0.0,0.0,0.07,-28.364279,2.3555748,0.78519166,0.17600001,0.0,0.17803232,0.0,0.0,329600
hardzero_only__c0p58__z1p00__lam0p000__nu0p50__psi0p00,hardzero_only,0.07,48,103,0.0,1,0.52139175,0.52139175,1.0219603,0.0,0.09506916,0.0,0.0,0.07,-26.780895,2.2483575,0.74945253,0.18400002,0.0,0.20426595,0.0,0.0,332800
hardzero_only__c0p58__z1p00__lam0p000__nu0p50__psi0p00,hardzero_only,0.07,48,104,0.0,1,0.52139175,0.52139175,1.0401472,0.0,0.09117018,0.0,0.0,0.07,-27.957668,2.2883694,0.76278985,0.21,0.0,0.20405206,0.0,0.0,336000
hardzero_only__c0p58__z1p00__lam0p000__nu0p50__psi0p00,hardzero_only,0.07,48,105,0.0,1,0.52139175,0.52139175,1.0114791,0.0,0.09739145,0.0,0.0,0.07,-26.61668,2.2252986,0.7417662,0.192,0.0,0.15351728,0.0,0.0,339200
hardzero_only__c0p58__z1p00__lam0p000__nu0p50__psi0p00,hardzero_only,0.07,48,106,0.0,1,0.52139175,0.52139175,1.0023103,0.0,0.09946945,0.0,0.0,0.07,-25.96785,2.2051268,0.7350423,0.16000001,0.0,0.15123582,0.0,0.0,342400
hardzero_only__c0p58__z1p00__lam0p000__nu0p50__psi0p00,hardzero_only,0.07,48,107,0.0,1,0.52139175,0.52139175,1.0060874,0.0,0.09860809,0.0,0.0,0.07,-26.215326,2.2134366,0.7378122,0.14400001,0.0,0.16566734,0.0,0.0,345600
hardzero_only__c0p58__z1p00__lam0p000__nu0p50__psi0p00,hardzero_only,0.07,48,108,0.0,1,0.52139175,0.52139175,1.0225798,0.0,0.09493365,0.0,0.0,0.07,-27.133411,2.2497203,0.7499068,0.136,0.0,0.18509522,0.0,0.0,348800
hardzero_only__c0p58__z1p00__lam0p000__nu0p50__psi0p00,hardzero_only,0.07,48,109,0.0,1,0.52139175,0.52139175,1.0690717,0.0,0.08529594,0.0,0.0,0.07,-28.153915,2.3520045,0.7840015,0.112,0.0,0.19386506,0.0,0.0,352000
hardzero_only__c0p58__z1p00__lam0p000__nu0p50__psi0p00,hardzero_only,0.07,48,110,0.0,1,0.52139175,0.52139175,1.0797304,0.0,0.083228014,0.0,0.0,0.07,-28.623796,2.3754542,0.7918181,0.14400001,0.0,0.19739673,0.0,0.0,355200
hardzero_only__c0p58__z1p00__lam0p000__nu0p50__psi0p00,hardzero_only,0.07,48,111,0.0,1,0.52139175,0.52139175,1.069183,0.0,0.08527408,0.0,0.0,0.07,-28.167042,2.3522496,0.78408325,0.208,0.0,0.20547362,0.0,0.0,358400
hardzero_only__c0p58__z1p00__lam0p000__nu0p50__psi0p00,hardzero_only,0.07,48,112,0.0,1,0.52139175,0.52139175,1.0195351,0.0,0.095601544,0.0,0.0,0.07,-27.18904,2.243022,0.747674,0.15200001,0.0,0.17398593,0.0,0.0,361600
hardzero_only__c0p58__z1p00__lam0p000__nu0p50__psi0p00,hardzero_only,0.07,48,113,0.0,1,0.52139175,0.52139175,1.0429199,0.0,0.09058998,0.0,0.0,0.07,-27.588093,2.2944696,0.7648232,0.112,0.0,0.19552583,0.0,0.0,364800
hardzero_only__c0p58__z1p00__lam0p000__nu0p50__psi0p00,hardzero_only,0.07,48,114,0.0,1,0.52139175,0.52861893,0.9861273,0.10324587,0.10324587,1.0,0.007227211,0.07,-26.62668,2.1695235,0.7231745,0.17600001,0.0,0.1699196,0.0,0.0,368000
hardzero_only__c0p58__z1p00__lam0p000__nu0p50__psi0p00,hardzero_only,0.07,48,115,0.0,1,0.52861893,0.53577304,0.9905425,0.102201544,0.102201544,1.0,0.007154108,0.07,-26.770142,2.179237,0.7264123,0.17600001,0.0,0.16160518,0.0,0.0,371200
hardzero_only__c0p58__z1p00__lam0p000__nu0p50__psi0p00,hardzero_only,0.07,48,116,0.0,1,0.53577304,0.53577304,1.047105,0.0,0.0897212,0.0,0.0,0.07,-27.07325,2.3036768,0.7678923,0.128,0.0,0.18306577,0.0,0.0,374400
hardzero_only__c0p58__z1p00__lam0p000__nu0p50__psi0p00,hardzero_only,0.07,48,117,0.0,1,0.53577304,0.53577304,1.0174179,0.0,0.09606873,0.0,0.0,0.07,-27.379648,2.238364,0.74612135,0.14999999,0.0,0.18217799,0.0,0.0,377600
hardzero_only__c0p58__z1p00__lam0p000__nu0p50__psi0p00,hardzero_only,0.07,48,118,0.0,1,0.53577304,0.53577304,1.0891206,0.0,0.0814478,0.0,0.0,0.07,-28.078302,2.3961132,0.7987044,0.17600001,0.0,0.22414337,0.0,0.0,380800
hardzero_only__c0p58__z1p00__lam0p000__nu0p50__psi0p00,hardzero_only,0.07,48,119,0.0,1,0.53577304,0.53577304,1.0795529,0.0,0.08326205,0.0,0.0,0.07,-28.397566,2.375064,0.79168797,0.16000001,0.0,0.16824295,0.0,0.0,384000
hardzero_only__c0p58__z1p00__lam0p000__nu0p50__psi0p00,hardzero_only,0.07,48,120,0.0,1,0.53577304,0.5430595,0.98257923,0.10409281,0.10409281,1.0,0.0072864965,0.07,-26.9734,2.1617174,0.7205725,0.208,0.0,0.14585891,0.0,0.0,387200
hardzero_only__c0p58__z1p00__lam0p000__nu0p50__psi0p00,hardzero_only,0.07,48,121,0.0,1,0.5430595,0.5430595,1.0283221,0.0,0.09368668,0.0,0.0,0.07,-27.391298,2.262354,0.75411797,0.128,0.0,0.19489886,0.0,0.0,390400
hardzero_only__c0p58__z1p00__lam0p000__nu0p50__psi0p00,hardzero_only,0.07,48,122,0.0,1,0.5430595,0.5430595,1.0413628,0.0,0.09091535,0.0,0.0,0.07,-27.88717,2.2910438,0.7636813,0.112,0.0,0.1795245,0.0,0.0,393600
hardzero_only__c0p58__z1p00__lam0p000__nu0p50__psi0p00,hardzero_only,0.07,48,123,0.0,1,0.5430595,0.5430595,1.0386853,0.0,0.09147757,0.0,0.0,0.07,-27.506895,2.2851534,0.7617178,0.17600001,0.0,0.21326903,0.0,0.0,396800
hardzero_only__c0p58__z1p00__lam0p000__nu0p50__psi0p00,hardzero_only,0.07,48,124,0.0,1,0.5430595,0.5505295,0.97178066,0.10671348,0.10671348,1.0,0.0074699437,0.07,-26.410578,2.1379602,0.7126534,0.128,0.0,0.17764495,0.0,0.0,400000
hardzero_only__c0p58__z1p00__lam0p000__nu0p50__psi0p00,hardzero_only,0.07,48,125,0.0,1,0.5505295,0.5505295,1.0621661,0.0,0.08666304,0.0,0.0,0.07,-28.600813,2.336812,0.77893734,0.120000005,0.0,0.18753491,0.0,0.0,403200
hardzero_only__c0p58__z1p00__lam0p000__nu0p50__psi0p00,hardzero_only,0.07,48,126,0.0,1,0.5505295,0.5505295,1.0361545,0.0,0.09201221,0.0,0.0,0.07,-26.702532,2.2795854,0.7598618,0.18400002,0.0,0.17242372,0.0,0.0,406400
hardzero_only__c0p58__z1p00__lam0p000__nu0p50__psi0p00,hardzero_only,0.07,48,127,0.0,1,0.5505295,0.5505295,1.0227098,0.0,0.09490523,0.0,0.0,0.07,-28.091122,2.2500067,0.75000226,0.14400001,0.0,0.19038488,0.0,0.0,409600
hardzero_only__c0p58__z1p00__lam0p000__nu0p50__psi0p00,hardzero_only,0.07,48,128,0.0,1,0.5505295,0.55793595,0.9754851,0.10580713,0.10580713,1.0,0.0074064992,0.07,-25.750843,2.14611,0.71537006,0.224,0.0,0.14252745,0.0,0.0,412800
hardzero_only__c0p58__z1p00__lam0p000__nu0p50__psi0p00,hardzero_only,0.07,48,129,0.0,1,0.55793595,0.55793595,1.071771,0.0,0.084767416,0.0,0.0,0.07,-27.172724,2.3579433,0.7859811,0.128,0.0,0.1556824,0.0,0.0,416000
hardzero_only__c0p58__z1p00__lam0p000__nu0p50__psi0p00,hardzero_only,0.07,48,130,0.0,1,0.55793595,0.55793595,1.0239928,0.0,0.09462529,0.0,0.0,0.07,-27.223515,2.252829,0.75094306,0.14999999,0.0,0.17746767,0.0,0.0,419200
hardzero_only__c0p58__z1p00__lam0p000__nu0p50__psi0p00,hardzero_only,0.07,48,131,0.0,1,0.55793595,0.55793595,1.050031,0.0,0.08911875,0.0,0.0,0.07,-27.528606,2.3101141,0.77003807,0.16000001,0.0,0.19076495,0.0,0.0,422400
hardzero_only__c0p58__z1p00__lam0p000__nu0p50__psi0p00,hardzero_only,0.07,48,132,0.0,1,0.55793595,0.55793595,1.0935478,0.0,0.080621734,0.0,0.0,0.07,-28.117998,2.4058533,0.8019511,0.15200001,0.0,0.18450096,0.0,0.0,425600
hardzero_only__c0p58__z1p00__lam0p000__nu0p50__psi0p00,hardzero_only,0.07,48,133,0.0,1,0.55793595,0.5650221,0.9946887,0.10123048,0.10123048,1.0,0.0070861336,0.07,-26.746677,2.1883588,0.72945297,0.15200001,0.0,0.16920426,0.0,0.0,428800
hardzero_only__c0p58__z1p00__lam0p000__nu0p50__psi0p00,hardzero_only,0.07,48,134,0.0,1,0.5650221,0.5650221,1.077726,0.0,0.08361302,0.0,0.0,0.07,-27.650877,2.3710446,0.79034823,0.14400001,0.0,0.20327926,0.0,0.0,432000
hardzero_only__c0p58__z1p00__lam0p000__nu0p50__psi0p00,hardzero_only,0.07,48,135,0.0,1,0.5650221,0.5650221,1.01756,0.0,0.096037306,0.0,0.0,0.07,-27.738783,2.2386768,0.7462256,0.16800001,0.0,0.18014967,0.0,0.0,435200
hardzero_only__c0p58__z1p00__lam0p000__nu0p50__psi0p00,hardzero_only,0.07,48,136,0.0,1,0.5650221,0.5650221,1.019789,0.0,0.09554567,0.0,0.0,0.07,-26.861612,2.2435806,0.7478602,0.120000005,0.0,0.18119925,0.0,0.0,438400
hardzero_only__c0p58__z1p00__lam0p000__nu0p50__psi0p00,hardzero_only,0.07,48,137,0.0,1,0.5650221,0.5650221,1.0438646,0.0,0.09039312,0.0,0.0,0.07,-27.123821,2.296548,0.765516,0.15200001,0.0,0.16747594,0.0,0.0,441600
hardzero_only__c0p58__z1p00__lam0p000__nu0p50__psi0p00,hardzero_only,0.07,48,138,0.0,1,0.5650221,0.5650221,1.0136952,0.0,0.09689576,0.0,0.0,0.07,-26.856213,2.230174,0.7433914,0.18400002,0.0,0.16809767,0.0,0.0,444800
hardzero_only__c0p58__z1p00__lam0p000__nu0p50__psi0p00,hardzero_only,0.07,48,139,0.0,1,0.5650221,0.57229555,0.9833572,0.10390652,0.10390652,1.0,0.0072734565,0.07,-26.50647,2.163429,0.721143,0.192,0.0,0.17288092,0.0,0.0,448000
hardzero_only__c0p58__z1p00__lam0p000__nu0p50__psi0p00,hardzero_only,0.07,48,140,0.0,1,0.57229555,0.57229555,1.0505055,0.0,0.08902142,0.0,0.0,0.07,-27.453655,2.3111582,0.7703861,0.128,0.0,0.17852494,0.0,0.0,451200
hardzero_only__c0p58__z1p00__lam0p000__nu0p50__psi0p00,hardzero_only,0.07,48,141,0.0,1,0.57229555,0.57229555,1.0623506,0.0,0.086626224,0.0,0.0,0.07,-27.939825,2.337218,0.7790727,0.16800001,0.0,0.19557504,0.0,0.0,454400
hardzero_only__c0p58__z1p00__lam0p000__nu0p50__psi0p00,hardzero_only,0.07,48,142,0.0,1,0.57229555,0.57229555,1.0818458,0.0,0.08282363,0.0,0.0,0.07,-27.622042,2.380108,0.7933694,0.18400002,0.0,0.18614629,0.0,0.0,457600
hardzero_only__c0p58__z1p00__lam0p000__nu0p50__psi0p00,hardzero_only,0.07,48,143,0.0,1,0.57229555,0.57229555,1.0434958,0.0,0.09046992,0.0,0.0,0.07,-27.701347,2.2957366,0.76524556,0.13,0.0,0.20086719,0.0,0.0,460800
hardzero_only__c0p58__z1p00__lam0p000__nu0p50__psi0p00,hardzero_only,0.07,48,144,0.0,1,0.57229555,0.57229555,1.0364087,0.0,0.09195839,0.0,0.0,0.07,-27.081345,2.2801447,0.7600483,0.120000005,0.0,0.21551311,0.0,0.0,464000
hardzero_only__c0p58__z1p00__lam0p000__nu0p50__psi0p00,hardzero_only,0.07,48,145,0.0,1,0.57229555,0.57229555,1.0648199,0.0,0.08613508,0.0,0.0,0.07,-27.877115,2.3426507,0.78088355,0.14400001,0.0,0.16948071,0.0,0.0,467200
hardzero_only__c0p58__z1p00__lam0p000__nu0p50__psi0p00,hardzero_only,0.07,48,146,0.0,1,0.57229555,0.57229555,1.039457,0.0,0.09131519,0.0,0.0,0.07,-27.202137,2.286851,0.7622837,0.2,0.0,0.1798434,0.0,0.0,470400
hardzero_only__c0p58__z1p00__lam0p000__nu0p50__psi0p00,hardzero_only,0.07,48,147,0.0,1,0.57229555,0.5795453,0.9847729,0.103568345,0.103568345,1.0,0.007249784,0.07,-26.857294,2.1665437,0.72218126,0.224,0.008,0.20490874,0.0,0.0,473600
hardzero_only__c0p58__z1p00__lam0p000__nu0p50__psi0p00,hardzero_only,0.07,48,148,0.0,1,0.5795453,0.5795453,1.0639023,0.0,0.08631726,0.0,0.0,0.07,-27.527994,2.3406317,0.7802106,0.096,0.0,0.1737433,0.0,0.0,476800
hardzero_only__c0p58__z1p00__lam0p000__nu0p50__psi0p00,hardzero_only,0.07,48,149,0.0,1,0.5795453,0.5795453,1.0090314,0.0,0.097941905,0.0,0.0,0.07,-26.659521,2.2199135,0.73997116,0.120000005,0.0,0.16480193,0.0,0.0,480000
hardzero_only__c0p58__z1p00__lam0p000__nu0p50__psi0p00,hardzero_only,0.07,48,150,0.0,1,0.5795453,0.5795453,1.0200032,0.0,0.09549855,0.0,0.0,0.07,-27.006163,2.244052,0.7480173,0.18400002,0.0,0.16312875,0.0,0.0,483200
hardzero_only__c0p58__z1p00__lam0p000__nu0p50__psi0p00,hardzero_only,0.07,48,151,0.0,1,0.5795453,0.5795453,1.0133862,0.0,0.09696472,0.0,0.0,0.07,-26.795462,2.2294943,0.7431648,0.16000001,0.0,0.18468918,0.0,0.0,486400
hardzero_only__c0p58__z1p00__lam0p000__nu0p50__psi0p00,hardzero_only,0.07,48,152,0.0,1,0.5795453,0.5795453,1.0010554,0.0,0.0997573,0.0,0.0,0.07,-26.82893,2.2023659,0.734122,0.224,0.0,0.18053053,0.0,0.0,489600
hardzero_only__c0p58__z1p00__lam0p000__nu0p50__psi0p00,hardzero_only,0.07,48,153,0.0,1,0.5795453,0.5870541,0.96953017,0.10726791,0.10726791,1.0,0.007508754,0.07,-25.860641,2.133009,0.711003,0.15200001,0.0,0.16840596,0.0,0.0,492800
hardzero_only__c0p58__z1p00__lam0p000__nu0p50__psi0p00,hardzero_only,0.07,48,154,1.0,2,0.5870541,0.0070540905,1.069863,0.0,0.08514067,0.0,0.0,0.07,-27.332115,2.3537455,0.78458184,0.128,0.0,0.1723666,0.0,0.0,496000
hardzero_only__c0p58__z1p00__lam0p000__nu0p50__psi0p00,hardzero_only,0.07,48,155,0.0,2,0.0070540905,0.0070540905,1.0354149,0.0,0.09216904,0.0,0.0,0.07,-27.906208,2.2779584,0.7593195,0.15200001,0.0,0.1869635,0.0,0.0,499200
hardzero_only__c0p58__z1p00__lam0p000__nu0p50__psi0p00,hardzero_only,0.07,48,156,0.0,2,0.0070540905,0.0070540905,1.0362741,0.0,0.09198687,0.0,0.0,0.07,-28.18708,2.2798486,0.75994956,0.17999999,0.0,0.16300794,0.0,0.0,502400
hardzero_only__c0p58__z1p00__lam0p000__nu0p50__psi0p00,hardzero_only,0.07,48,157,0.0,2,0.0070540905,0.0070540905,1.0232887,0.0,0.0947788,0.0,0.0,0.07,-26.81573,2.25128,0.7504267,0.14400001,0.0,0.15856959,0.0,0.0,505600
hardzero_only__c0p58__z1p00__lam0p000__nu0p50__psi0p00,hardzero_only,0.07,48,158,0.0,2,0.0070540905,0.0070540905,1.0098246,0.0,0.09776317,0.0,0.0,0.07,-26.881678,2.2216585,0.74055284,0.16800001,0.0,0.20354997,0.0,0.0,508800
hardzero_only__c0p58__z1p00__lam0p000__nu0p50__psi0p00,hardzero_only,0.07,48,159,0.0,2,0.0070540905,0.0070540905,1.0579368,0.0,0.0875111,0.0,0.0,0.07,-27.749258,2.3275075,0.7758359,0.15200001,0.0,0.18710248,0.0,0.0,512000
hardzero_only__c0p58__z1p00__lam0p000__nu0p50__psi0p00,hardzero_only,0.07,48,160,0.0,2,0.0070540905,0.014062636,0.9994702,0.10012207,0.10012207,1.0,0.007008545,0.07,-26.737919,2.1988783,0.73295945,0.128,0.0,0.16482931,0.0,0.0,515200
hardzero_only__c0p58__z1p00__lam0p000__nu0p50__psi0p00,hardzero_only,0.07,48,161,0.0,2,0.014062636,0.014062636,1.0497618,0.0,0.089174,0.0,0.0,0.07,-27.866474,2.309522,0.76984066,0.192,0.0,0.17385532,0.0,0.0,518400
hardzero_only__c0p58__z1p00__lam0p000__nu0p50__psi0p00,hardzero_only,0.07,48,162,0.0,2,0.014062636,0.014062636,1.0426358,0.0,0.09064923,0.0,0.0,0.07,-28.164198,2.2938445,0.7646148,0.128,0.0,0.1616394,0.0,0.0,521600
hardzero_only__c0p58__z1p00__lam0p000__nu0p50__psi0p00,hardzero_only,0.07,48,163,0.0,2,0.014062636,0.014062636,1.0302063,0.0,0.0932811,0.0,0.0,0.07,-28.322935,2.2664993,0.7554998,0.136,0.0,0.21610372,0.0,0.0,524800
hardzero_only__c0p58__z1p00__lam0p000__nu0p50__psi0p00,hardzero_only,0.07,48,164,0.0,2,0.014062636,0.014062636,1.0753947,0.0,0.08406307,0.0,0.0,0.07,-27.461435,2.3659158,0.7886386,0.096,0.0,0.2029513,0.0,0.0,528000
hardzero_only__c0p58__z1p00__lam0p000__nu0p50__psi0p00,hardzero_only,0.07,48,165,0.0,2,0.014062636,0.014062636,1.0091276,0.0,0.09792022,0.0,0.0,0.07,-26.791027,2.220125,0.7400417,0.2,0.0,0.16469747,0.0,0.0,531200
hardzero_only__c0p58__z1p00__lam0p000__nu0p50__psi0p00,hardzero_only,0.07,48,166,0.0,2,0.014062636,0.014062636,1.0444715,0.0,0.0902669,0.0,0.0,0.07,-26.96604,2.2978833,0.7659611,0.216,0.0,0.213099,0.0,0.0,534400
hardzero_only__c0p58__z1p00__lam0p000__nu0p50__psi0p00,hardzero_only,0.07,48,167,0.0,2,0.014062636,0.014062636,1.0336115,0.0,0.09255255,0.0,0.0,0.07,-26.666998,2.2739909,0.757997,0.16800001,0.0,0.18570705,0.0,0.0,537600
hardzero_only__c0p58__z1p00__lam0p000__nu0p50__psi0p00,hardzero_only,0.07,48,168,0.0,2,0.014062636,0.014062636,1.0152255,0.0,0.096554935,0.0,0.0,0.07,-26.931093,2.2335408,0.74451363,0.24000001,0.0,0.19699058,0.0,0.0,540800
hardzero_only__c0p58__z1p00__lam0p000__nu0p50__psi0p00,hardzero_only,0.07,48,169,0.0,2,0.014062636,0.021068731,0.999622,0.100087084,0.100087084,1.0,0.0070060957,0.07,-26.801558,2.1992123,0.7330708,0.16,0.0,0.15545802,0.0,0.0,544000
hardzero_only__c0p58__z1p00__lam0p000__nu0p50__psi0p00,hardzero_only,0.07,48,170,0.0,2,0.021068731,0.021068731,1.0293021,0.0,0.09347552,0.0,0.0,0.07,-26.963253,2.26451,0.7548367,0.128,0.0,0.16618948,0.0,0.0,547200
hardzero_only__c0p58__z1p00__lam0p000__nu0p50__psi0p00,hardzero_only,0.07,48,171,0.0,2,0.021068731,0.021068731,1.0138291,0.0,0.09686589,0.0,0.0,0.07,-27.38111,2.2304685,0.7434895,0.216,0.0,0.1761105,0.0,0.0,550400
hardzero_only__c0p58__z1p00__lam0p000__nu0p50__psi0p00,hardzero_only,0.07,48,172,0.0,2,0.021068731,0.021068731,1.0130022,0.0,0.09705052,0.0,0.0,0.07,-27.58252,2.2286491,0.7428831,0.128,0.0,0.17955074,0.0,0.0,553600
hardzero_only__c0p58__z1p00__lam0p000__nu0p50__psi0p00,hardzero_only,0.07,48,173,0.0,2,0.021068731,0.028728686,0.96087176,0.10942794,0.10942794,1.0,0.0076599554,0.07,-26.083946,2.11396,0.7046534,0.14400001,0.0,0.1652538,0.0,0.0,556800
hardzero_only__c0p58__z1p00__lam0p000__nu0p50__psi0p00,hardzero_only,0.07,48,174,0.0,2,0.028728686,0.035952125,0.98635405,0.10319197,0.10319197,1.0,0.007223438,0.07,-26.831396,2.1700222,0.72334075,0.216,0.0,0.18450095,0.0,0.0,560000
hardzero_only__c0p58__z1p00__lam0p000__nu0p50__psi0p00,hardzero_only,0.07,48,175,0.0,2,0.035952125,0.035952125,1.0481558,0.0,0.08950437,0.0,0.0,0.07,-28.467077,2.3059888,0.7686629,0.2,0.0,0.18152632,0.0,0.0,563200
hardzero_only__c0p58__z1p00__lam0p000__nu0p50__psi0p00,hardzero_only,0.07,48,176,0.0,2,0.035952125,0.043047734,0.9941084,0.10136584,0.10136584,1.0,0.007095609,0.07,-26.391932,2.187082,0.7290274,0.15200001,0.0,0.158158,0.0,0.0,566400
hardzero_only__c0p58__z1p00__lam0p000__nu0p50__psi0p00,hardzero_only,0.07,48,177,0.0,2,0.043047734,0.043047734,1.0698719,0.0,0.0851389,0.0,0.0,0.07,-28.013464,2.3537652,0.78458846,0.14400001,0.0,0.18501675,0.0,0.0,569600
hardzero_only__c0p58__z1p00__lam0p000__nu0p50__psi0p00,hardzero_only,0.07,48,178,0.0,2,0.043047734,0.043047734,1.041658,0.0,0.09085355,0.0,0.0,0.07,-27.303295,2.2916934,0.76389784,0.136,0.0,0.1736466,0.0,0.0,572800
hardzero_only__c0p58__z1p00__lam0p000__nu0p50__psi0p00,hardzero_only,0.07,48,179,0.0,2,0.043047734,0.043047734,1.0192909,0.0,0.0956553,0.0,0.0,0.07,-27.795488,2.2424848,0.74749494,0.16000001,0.0,0.1689058,0.0,0.0,576000
hardzero_only__c0p58__z1p00__lam0p000__nu0p50__psi0p00,hardzero_only,0.07,48,180,0.0,2,0.043047734,0.043047734,1.0400556,0.0,0.0911894,0.0,0.0,0.07,-27.752121,2.2881682,0.76272273,0.120000005,0.0,0.17049523,0.0,0.0,579200
hardzero_only__c0p58__z1p00__lam0p000__nu0p50__psi0p00,hardzero_only,0.07,48,181,0.0,2,0.043047734,0.043047734,1.0398434,0.0,0.091233954,0.0,0.0,0.07,-26.746954,2.2877011,0.76256704,0.14400001,0.0,0.18417445,0.0,0.0,582400
hardzero_only__c0p58__z1p00__lam0p000__nu0p50__psi0p00,hardzero_only,0.07,48,182,0.0,2,0.043047734,0.043047734,1.0323932,0.0,0.092812575,0.0,0.0,0.07,-27.256027,2.2713103,0.75710344,0.12,0.0,0.19612667,0.0,0.0,585600
hardzero_only__c0p58__z1p00__lam0p000__nu0p50__psi0p00,hardzero_only,0.07,48,183,0.0,2,0.043047734,0.043047734,1.03674,0.0,0.091888264,0.0,0.0,0.07,-27.172901,2.2808735,0.7602912,0.16800001,0.0,0.16979395,0.0,0.0,588800
hardzero_only__c0p58__z1p00__lam0p000__nu0p50__psi0p00,hardzero_only,0.07,48,184,0.0,2,0.043047734,0.043047734,1.0803729,0.0,0.083104976,0.0,0.0,0.07,-28.271639,2.376868,0.7922894,0.15200001,0.0,0.17709796,0.0,0.0,592000
hardzero_only__c0p58__z1p00__lam0p000__nu0p50__psi0p00,hardzero_only,0.07,48,185,0.0,2,0.043047734,0.043047734,1.034485,0.0,0.092366606,0.0,0.0,0.07,-27.323645,2.2759125,0.75863755,0.17600001,0.0,0.15148327,0.0,0.0,595200
hardzero_only__c0p58__z1p00__lam0p000__nu0p50__psi0p00,hardzero_only,0.07,48,186,0.0,2,0.043047734,0.043047734,1.026589,0.0,0.09406129,0.0,0.0,0.07,-26.610111,2.258541,0.7528471,0.128,0.0,0.17399257,0.0,0.0,598400
hardzero_only__c0p58__z1p00__lam0p000__nu0p50__psi0p00,hardzero_only,0.07,48,187,0.0,2,0.043047734,0.043047734,1.0887706,0.0,0.08151346,0.0,0.0,0.07,-27.697939,2.3953433,0.7984478,0.14400001,0.0,0.1803064,0.0,0.0,601600
hardzero_only__c0p58__z1p00__lam0p000__nu0p50__psi0p00,hardzero_only,0.07,48,188,0.0,2,0.043047734,0.043047734,1.0351458,0.0,0.09222618,0.0,0.0,0.07,-27.709513,2.2773662,0.7591221,0.18400002,0.0,0.20502055,0.0,0.0,604800
hardzero_only__c0p58__z1p00__lam0p000__nu0p50__psi0p00,hardzero_only,0.07,48,189,0.0,2,0.043047734,0.043047734,1.0786414,0.0,0.08343699,0.0,0.0,0.07,-28.243069,2.3730586,0.79101956,0.096,0.0,0.21198674,0.0,0.0,608000
hardzero_only__c0p58__z1p00__lam0p000__nu0p50__psi0p00,hardzero_only,0.07,48,190,0.0,2,0.043047734,0.05009751,0.99692273,0.10071107,0.10071107,1.0,0.0070497748,0.07,-26.789991,2.1932738,0.73109126,0.104,0.0,0.16557682,0.0,0.0,611200
hardzero_only__c0p58__z1p00__lam0p000__nu0p50__psi0p00,hardzero_only,0.07,48,191,0.0,2,0.05009751,0.05009751,1.022296,0.0,0.09499571,0.0,0.0,0.07,-27.536032,2.249096,0.74969864,0.104,0.0,0.17655548,0.0,0.0,614400
hardzero_only__c0p58__z1p00__lam0p000__nu0p50__psi0p00,hardzero_only,0.07,48,192,0.0,2,0.05009751,0.05009751,1.0128547,0.0,0.09708348,0.0,0.0,0.07,-26.826674,2.228325,0.74277496,0.16000001,0.008,0.17598099,0.0,0.0,617600
hardzero_only__c0p58__z1p00__lam0p000__nu0p50__psi0p00,hardzero_only,0.07,48,193,0.0,2,0.05009751,0.05009751,1.0406549,0.0,0.09106365,0.0,0.0,0.07,-27.053633,2.2894864,0.76316214,0.15200001,0.0,0.18332076,0.0,0.0,620800
hardzero_only__c0p58__z1p00__lam0p000__nu0p50__psi0p00,hardzero_only,0.07,48,194,0.0,2,0.05009751,0.05009751,1.0167096,0.0,0.096225545,0.0,0.0,0.07,-26.608438,2.2368057,0.7456019,0.192,0.0,0.1803429,0.0,0.0,624000
hardzero_only__c0p58__z1p00__lam0p000__nu0p50__psi0p00,hardzero_only,0.07,48,195,0.0,2,0.05009751,0.05009751,1.0543516,0.0,0.08823654,0.0,0.0,0.07,-28.064615,2.3196197,0.7732066,0.19999999,0.0,0.20558828,0.0,0.0,627200
hardzero_only__c0p58__z1p00__lam0p000__nu0p50__psi0p00,hardzero_only,0.07,48,196,0.0,2,0.05009751,0.05009751,1.0015495,0.0,0.09964384,0.0,0.0,0.07,-27.454782,2.2034528,0.7344843,0.17600001,0.0,0.16282776,0.0,0.0,630400
hardzero_only__c0p58__z1p00__lam0p000__nu0p50__psi0p00,hardzero_only,0.07,48,197,0.0,2,0.05009751,0.05009751,1.0253788,0.0,0.09432378,0.0,0.0,0.07,-27.756094,2.2558784,0.7519595,0.208,0.0,0.20827904,0.0,0.0,633600
hardzero_only__c0p58__z1p00__lam0p000__nu0p50__psi0p00,hardzero_only,0.07,48,198,0.0,2,0.05009751,0.05009751,1.0337281,0.0,0.0925277,0.0,0.0,0.07,-26.4116,2.2742474,0.7580825,0.136,0.0,0.16614601,0.0,0.0,636800
hardzero_only__c0p58__z1p00__lam0p000__nu0p50__psi0p00,hardzero_only,0.07,48,199,0.0,2,0.05009751,0.05009751,1.0389655,0.0,0.091418594,0.0,0.0,0.07,-27.504467,2.2857697,0.76192325,0.120000005,0.0,0.17420065,0.0,0.0,640000
hardzero_only__c0p58__z1p00__lam0p000__nu0p50__psi0p00,hardzero_only,0.07,48,200,0.0,2,0.05009751,0.05009751,1.0529515,0.0,0.08852146,0.0,0.0,0.07,-27.816376,2.3165395,0.77217984,0.112,0.0,0.16330811,0.0,0.0,643200
hardzero_only__c0p58__z1p00__lam0p000__nu0p50__psi0p00,hardzero_only,0.07,48,201,0.0,2,0.05009751,0.057326272,0.98603415,0.10326803,0.10326803,1.0,0.007228762,0.07,-27.268276,2.1693184,0.72310615,0.136,0.0,0.1821639,0.0,0.0,646400
hardzero_only__c0p58__z1p00__lam0p000__nu0p50__psi0p00,hardzero_only,0.07,48,202,0.0,2,0.057326272,0.057326272,1.029554,0.0,0.09342131,0.0,0.0,0.07,-27.670212,2.265064,0.75502133,0.14400001,0.0,0.20140268,0.0,0.0,649600
hardzero_only__c0p58__z1p00__lam0p000__nu0p50__psi0p00,hardzero_only,0.07,48,203,0.0,2,0.057326272,0.057326272,1.0277821,0.0,0.09380326,0.0,0.0,0.07,-27.043385,2.2611659,0.75372195,0.128,0.0,0.16043882,0.0,0.0,652800
hardzero_only__c0p58__z1p00__lam0p000__nu0p50__psi0p00,hardzero_only,0.07,48,204,0.0,2,0.057326272,0.057326272,1.0206056,0.0,0.09536619,0.0,0.0,0.07,-26.902462,2.245377,0.74845904,0.15200001,0.0,0.19053504,0.0,0.0,656000
hardzero_only__c0p58__z1p00__lam0p000__nu0p50__psi0p00,hardzero_only,0.07,48,205,0.0,2,0.057326272,0.057326272,1.009739,0.0,0.09778246,0.0,0.0,0.07,-26.875355,2.22147,0.7404901,0.17600001,0.0,0.18688482,0.0,0.0,659200
hardzero_only__c0p58__z1p00__lam0p000__nu0p50__psi0p00,hardzero_only,0.07,48,206,0.0,2,0.057326272,0.057326272,1.0433745,0.0,0.090495184,0.0,0.0,0.07,-27.320972,2.2954698,0.7651566,0.16000001,0.0,0.22825755,0.0,0.0,662400
hardzero_only__c0p58__z1p00__lam0p000__nu0p50__psi0p00,hardzero_only,0.07,48,207,0.0,2,0.057326272,0.057326272,1.0221491,0.0,0.09502786,0.0,0.0,0.07,-27.300467,2.2487729,0.749591,0.17600001,0.0,0.16683558,0.0,0.0,665600
hardzero_only__c0p58__z1p00__lam0p000__nu0p50__psi0p00,hardzero_only,0.07,48,208,0.0,2,0.057326272,0.0647745,0.9730452,0.10640323,0.10640323,1.0,0.007448226,0.07,-26.891575,2.140742,0.7135807,0.12,0.0,0.1619005,0.0,0.0,668800
hardzero_only__c0p58__z1p00__lam0p000__nu0p50__psi0p00,hardzero_only,0.07,48,209,0.0,2,0.0647745,0.0647745,1.0076717,0.0,0.09824904,0.0,0.0,0.07,-27.794739,2.216922,0.73897403,0.15200001,0.0,0.18600228,0.0,0.0,672000
hardzero_only__c0p58__z1p00__lam0p000__nu0p50__psi0p00,hardzero_only,0.07,48,210,0.0,2,0.0647745,0.072017506,0.985179,0.103471555,0.103471555,1.0,0.007243009,0.07,-27.238426,2.167437,0.72247905,0.136,0.0,0.17106184,0.0,0.0,675200
hardzero_only__c0p58__z1p00__lam0p000__nu0p50__psi0p00,hardzero_only,0.07,48,211,0.0,2,0.072017506,0.072017506,1.070575,0.0,0.085001186,0.0,0.0,0.07,-28.082954,2.355312,0.78510404,0.072000004,0.0,0.16776398,0.0,0.0,678400
hardzero_only__c0p58__z1p00__lam0p000__nu0p50__psi0p00,hardzero_only,0.07,48,212,0.0,2,0.072017506,0.072017506,1.0224,0.0,0.09497295,0.0,0.0,0.07,-27.312714,2.249325,0.74977505,0.136,0.0,0.18944769,0.0,0.0,681600
hardzero_only__c0p58__z1p00__lam0p000__nu0p50__psi0p00,hardzero_only,0.07,48,213,0.0,2,0.072017506,0.07957089,0.9669565,0.10790549,0.10790549,1.0,0.0075533846,0.07,-25.564302,2.1273468,0.7091156,0.18400002,0.0,0.18002234,0.0,0.0,684800
hardzero_only__c0p58__z1p00__lam0p000__nu0p50__psi0p00,hardzero_only,0.07,48,214,0.0,2,0.07957089,0.07957089,1.0174313,0.0,0.096065775,0.0,0.0,0.07,-28.190004,2.2383935,0.7461312,0.192,0.0,0.20399144,0.0,0.0,688000
hardzero_only__c0p58__z1p00__lam0p000__nu0p50__psi0p00,hardzero_only,0.07,48,215,0.0,2,0.07957089,0.07957089,1.0116701,0.0,0.09734864,0.0,0.0,0.07,-26.860628,2.2257187,0.7419063,0.15200001,0.0,0.15926625,0.0,0.0,691200
hardzero_only__c0p58__z1p00__lam0p000__nu0p50__psi0p00,hardzero_only,0.07,48,216,0.0,2,0.07957089,0.07957089,1.030982,0.0,0.09311465,0.0,0.0,0.07,-26.928423,2.2682056,0.7560686,0.18400002,0.0,0.18502785,0.0,0.0,694400
hardzero_only__c0p58__z1p00__lam0p000__nu0p50__psi0p00,hardzero_only,0.07,48,217,0.0,2,0.07957089,0.07957089,1.0594869,0.0,0.087199315,0.0,0.0,0.07,-27.813961,2.3309176,0.77697253,0.08800001,0.0,0.17277126,0.0,0.0,697600
hardzero_only__c0p58__z1p00__lam0p000__nu0p50__psi0p00,hardzero_only,0.07,48,218,0.0,2,0.07957089,0.07957089,1.0005625,0.0,0.09987055,0.0,0.0,0.07,-27.073412,2.2012815,0.73376054,0.224,0.0,0.1537032,0.0,0.0,700800
hardzero_only__c0p58__z1p00__lam0p000__nu0p50__psi0p00,hardzero_only,0.07,48,219,0.0,2,0.07957089,0.07957089,1.0741221,0.0,0.08430977,0.0,0.0,0.07,-27.628822,2.3631158,0.7877053,0.112,0.0,0.19481394,0.0,0.0,704000
hardzero_only__c0p58__z1p00__lam0p000__nu0p50__psi0p00,hardzero_only,0.07,48,220,0.0,2,0.07957089,0.07957089,1.0346537,0.0,0.09233075,0.0,0.0,0.07,-27.458975,2.2762835,0.75876117,0.15200001,0.0,0.20102195,0.0,0.0,707200
hardzero_only__c0p58__z1p00__lam0p000__nu0p50__psi0p00,hardzero_only,0.07,48,221,0.0,2,0.07957089,0.07957089,1.0017835,0.0,0.09959019,0.0,0.0,0.07,-26.483871,2.2039678,0.734656,0.099999994,0.0,0.18090002,0.0,0.0,710400
hardzero_only__c0p58__z1p00__lam0p000__nu0p50__psi0p00,hardzero_only,0.07,48,222,0.0,2,0.07957089,0.07957089,1.0790284,0.0,0.08336266,0.0,0.0,0.07,-28.308413,2.3739097,0.7913033,0.16000001,0.008,0.18821996,0.0,0.0,713600
hardzero_only__c0p58__z1p00__lam0p000__nu0p50__psi0p00,hardzero_only,0.07,48,223,0.0,2,0.07957089,0.07957089,1.0150741,0.0,0.0965886,0.0,0.0,0.07,-26.749592,2.2332077,0.7444026,0.208,0.0,0.20090371,0.0,0.0,716800
hardzero_only__c0p58__z1p00__lam0p000__nu0p50__psi0p00,hardzero_only,0.07,48,224,0.0,2,0.07957089,0.07957089,1.0272919,0.0,0.09390919,0.0,0.0,0.07,-27.72323,2.2600873,0.7533624,0.16800001,0.0,0.15998252,0.0,0.0,720000
hardzero_only__c0p58__z1p00__lam0p000__nu0p50__psi0p00,hardzero_only,0.07,48,225,0.0,2,0.07957089,0.07957089,1.0304047,0.0,0.093238495,0.0,0.0,0.07,-26.577635,2.2669356,0.7556452,0.08800001,0.0,0.16330503,0.0,0.0,723200
hardzero_only__c0p58__z1p00__lam0p000__nu0p50__psi0p00,hardzero_only,0.07,48,226,0.0,2,0.07957089,0.08693605,0.9779157,0.10521659,0.10521659,1.0,0.0073651616,0.07,-27.195654,2.1514575,0.71715254,0.208,0.0,0.17365886,0.0,0.0,726400
hardzero_only__c0p58__z1p00__lam0p000__nu0p50__psi0p00,hardzero_only,0.07,48,227,0.0,2,0.08693605,0.08693605,1.0787822,0.0,0.083409935,0.0,0.0,0.07,-27.898355,2.3733683,0.7911228,0.128,0.0,0.1661052,0.0,0.0,729600
hardzero_only__c0p58__z1p00__lam0p000__nu0p50__psi0p00,hardzero_only,0.07,48,228,0.0,2,0.08693605,0.08693605,1.0521073,0.0,0.08869368,0.0,0.0,0.07,-28.075079,2.3146822,0.7715608,0.120000005,0.0,0.19595769,0.0,0.0,732800
hardzero_only__c0p58__z1p00__lam0p000__nu0p50__psi0p00,hardzero_only,0.07,48,229,0.0,2,0.08693605,0.08693605,1.0264094,0.0,0.09410021,0.0,0.0,0.07,-27.191786,2.2581458,0.7527153,0.16000001,0.0,0.18478471,0.0,0.0,736000
hardzero_only__c0p58__z1p00__lam0p000__nu0p50__psi0p00,hardzero_only,0.07,48,230,0.0,2,0.08693605,0.09414105,0.9874639,0.10292862,0.10292862,1.0,0.007205004,0.07,-26.84116,2.172464,0.72415465,0.15200001,0.0,0.16709518,0.0,0.0,739200
hardzero_only__c0p58__z1p00__lam0p000__nu0p50__psi0p00,hardzero_only,0.07,48,231,0.0,2,0.09414105,0.10114833,0.99954844,0.10010403,0.10010403,1.0,0.0070072818,0.07,-26.770346,2.1990504,0.73301685,0.15200001,0.0,0.1646339,0.0,0.0,742400
hardzero_only__c0p58__z1p00__lam0p000__nu0p50__psi0p00,hardzero_only,0.07,48,232,0.0,2,0.10114833,0.10114833,1.0185252,0.0,0.0958241,0.0,0.0,0.07,-27.356005,2.2408004,0.74693346,0.16800001,0.0,0.16414575,0.0,0.0,745600
hardzero_only__c0p58__z1p00__lam0p000__nu0p50__psi0p00,hardzero_only,0.07,48,233,0.0,2,0.10114833,0.10114833,1.098772,0.0,0.07965773,0.0,0.0,0.07,-28.623446,2.4173467,0.80578226,0.112,0.0,0.17261946,0.0,0.0,748800
hardzero_only__c0p58__z1p00__lam0p000__nu0p50__psi0p00,hardzero_only,0.07,48,234,0.0,2,0.10114833,0.10114833,1.0316728,0.0,0.09296664,0.0,0.0,0.07,-26.68263,2.2697256,0.7565752,0.14999999,0.0,0.18497916,0.0,0.0,752000
hardzero_only__c0p58__z1p00__lam0p000__nu0p50__psi0p00,hardzero_only,0.07,48,235,0.0,2,0.10114833,0.108277105,0.992083,0.10183966,0.10183966,1.0,0.0071287765,0.07,-25.642437,2.1826262,0.7275421,0.14400001,0.0,0.18557638,0.0,0.0,755200
hardzero_only__c0p58__z1p00__lam0p000__nu0p50__psi0p00,hardzero_only,0.07,48,236,0.0,2,0.108277105,0.108277105,1.00677,0.0,0.09845323,0.0,0.0,0.07,-27.4109,2.2149382,0.7383127,0.16800001,0.0,0.18795025,0.0,0.0,758400
hardzero_only__c0p58__z1p00__lam0p000__nu0p50__psi0p00,hardzero_only,0.07,48,237,0.0,2,0.108277105,0.108277105,1.0238189,0.0,0.094663195,0.0,0.0,0.07,-27.708275,2.2524464,0.7508155,0.192,0.0,0.1844961,0.0,0.0,761600
hardzero_only__c0p58__z1p00__lam0p000__nu0p50__psi0p00,hardzero_only,0.07,48,238,0.0,2,0.108277105,0.108277105,1.0303084,0.0,0.09325919,0.0,0.0,0.07,-27.533142,2.2667236,0.7555746,0.14400001,0.0,0.18216243,0.0,0.0,764800
hardzero_only__c0p58__z1p00__lam0p000__nu0p50__psi0p00,hardzero_only,0.07,48,239,0.0,2,0.108277105,0.11554453,0.9837175,0.10382035,0.10382035,1.0,0.0072674244,0.07,-26.062157,2.1642218,0.7214073,0.072000004,0.0,0.13133845,0.0,0.0,768000
hardzero_only__c0p58__z1p00__lam0p000__nu0p50__psi0p00,hardzero_only,0.07,48,240,0.0,2,0.11554453,0.11554453,1.0248308,0.0,0.09444286,0.0,0.0,0.07,-27.520248,2.2546728,0.7515576,0.16800001,0.0,0.1761402,0.0,0.0,771200
hardzero_only__c0p58__z1p00__lam0p000__nu0p50__psi0p00,hardzero_only,0.07,48,241,0.0,2,0.11554453,0.11554453,1.0134711,0.0,0.09694576,0.0,0.0,0.07,-27.153873,2.229681,0.743227,0.18400002,0.0,0.15853167,0.0,0.0,774400
hardzero_only__c0p58__z1p00__lam0p000__nu0p50__psi0p00,hardzero_only,0.07,48,242,0.0,2,0.11554453,0.11554453,1.0289451,0.0,0.093552396,0.0,0.0,0.07,-28.40791,2.2637243,0.7545748,0.128,0.0,0.16890252,0.0,0.0,777600
hardzero_only__c0p58__z1p00__lam0p000__nu0p50__psi0p00,hardzero_only,0.07,48,243,0.0,2,0.11554453,0.12298933,0.9732451,0.10635426,0.10635426,1.0,0.007444798,0.07,-26.040602,2.141182,0.71372736,0.15200001,0.0,0.15776475,0.0,0.0,780800
hardzero_only__c0p58__z1p00__lam0p000__nu0p50__psi0p00,hardzero_only,0.07,48,244,0.0,2,0.12298933,0.12298933,1.0214025,0.0,0.09519135,0.0,0.0,0.07,-26.605618,2.2471304,0.74904346,0.16800001,0.0,0.17397974,0.0,0.0,784000
hardzero_only__c0p58__z1p00__lam0p000__nu0p50__psi0p00,hardzero_only,0.07,48,245,0.0,2,0.12298933,0.12298933,1.0931185,0.0,0.08070147,0.0,0.0,0.07,-28.016619,2.404909,0.80163634,0.15200001,0.0,0.18933982,0.0,0.0,787200
hardzero_only__c0p58__z1p00__lam0p000__nu0p50__psi0p00,hardzero_only,0.07,48,246,0.0,2,0.12298933,0.12298933,1.0157603,0.0,0.096436106,0.0,0.0,0.07,-27.53966,2.2347174,0.7449058,0.16800001,0.0,0.20304365,0.0,0.0,790400
hardzero_only__c0p58__z1p00__lam0p000__nu0p50__psi0p00,hardzero_only,0.07,48,247,0.0,2,0.12298933,0.12298933,1.0515497,0.0,0.08880765,0.0,0.0,0.07,-27.984901,2.3134556,0.7711519,0.17999999,0.0,0.2041632,0.0,0.0,793600
hardzero_only__c0p58__z1p00__lam0p000__nu0p50__psi0p00,hardzero_only,0.07,48,248,0.0,2,0.12298933,0.12298933,1.0109653,0.0,0.097506754,0.0,0.0,0.07,-26.518131,2.224168,0.7413894,0.224,0.0,0.1804177,0.0,0.0,796800
hardzero_only__c0p58__z1p00__lam0p000__nu0p50__psi0p00,hardzero_only,0.07,48,249,0.0,2,0.12298933,0.12298933,1.0533006,0.0,0.088450305,0.0,0.0,0.07,-28.148632,2.3173077,0.7724359,0.16800001,0.0,0.18124865,0.0,0.0,800000
hardzero_only__c0p58__z1p00__lam0p000__nu0p50__psi0p00,hardzero_only,0.07,48,250,0.0,2,0.12298933,0.13029529,0.9814203,0.10437096,0.10437096,1.0,0.007305967,0.07,-27.282694,2.1591678,0.7197226,0.112,0.0,0.18190244,0.0,0.0,803200
hardzero_only__c0p58__z1p00__lam0p000__nu0p50__psi0p00,hardzero_only,0.07,48,251,0.0,2,0.13029529,0.13029529,1.0037571,0.0,0.099138625,0.0,0.0,0.07,-26.46916,2.2083097,0.73610324,0.18400002,0.008,0.16746567,0.0,0.0,806400
hardzero_only__c0p58__z1p00__lam0p000__nu0p50__psi0p00,hardzero_only,0.07,48,252,0.0,2,0.13029529,0.13029529,1.0153658,0.0,0.09652375,0.0,0.0,0.07,-26.993088,2.2338495,0.7446165,0.15200001,0.0,0.15271802,0.0,0.0,809600
hardzero_only__c0p58__z1p00__lam0p000__nu0p50__psi0p00,hardzero_only,0.07,48,253,0.0,2,0.13029529,0.13029529,1.0398792,0.0,0.09122645,0.0,0.0,0.07,-27.547709,2.2877798,0.76259327,0.15200001,0.0,0.18749617,0.0,0.0,812800
hardzero_only__c0p58__z1p00__lam0p000__nu0p50__psi0p00,hardzero_only,0.07,48,254,0.0,2,0.13029529,0.1378322,0.96790546,0.10766996,0.10766996,1.0,0.007536897,0.07,-25.829107,2.1294346,0.70981157,0.17600001,0.0,0.16417558,0.0,0.0,816000
hardzero_only__c0p58__z1p00__lam0p000__nu0p50__psi0p00,hardzero_only,0.07,48,255,0.0,2,0.1378322,0.1378322,1.0340208,0.0,0.092465386,0.0,0.0,0.07,-27.320591,2.2748911,0.7582971,0.15200001,0.008,0.18661787,0.0,0.0,819200
hardzero_only__c0p58__z1p00__lam0p000__nu0p50__psi0p00,hardzero_only,0.07,48,256,0.0,2,0.1378322,0.1378322,1.0264928,0.0,0.09408213,0.0,0.0,0.07,-27.325861,2.2583294,0.7527765,0.18400002,0.0,0.17891581,0.0,0.0,822400
hardzero_only__c0p58__z1p00__lam0p000__nu0p50__psi0p00,hardzero_only,0.07,48,257,0.0,2,0.1378322,0.1378322,1.0589015,0.0,0.08731692,0.0,0.0,0.07,-27.539812,2.32963,0.7765433,0.128,0.0,0.16439651,0.0,0.0,825600
hardzero_only__c0p58__z1p00__lam0p000__nu0p50__psi0p00,hardzero_only,0.07,48,258,0.0,2,0.1378322,0.1378322,1.0060526,0.0,0.09861599,0.0,0.0,0.07,-26.749496,2.2133598,0.73778665,0.24800001,0.0,0.18496981,0.0,0.0,828800
hardzero_only__c0p58__z1p00__lam0p000__nu0p50__psi0p00,hardzero_only,0.07,48,259,0.0,2,0.1378322,0.1378322,1.020228,0.0,0.095449135,0.0,0.0,0.07,-27.324152,2.2445464,0.7481822,0.16000001,0.0,0.19183184,0.0,0.0,832000
hardzero_only__c0p58__z1p00__lam0p000__nu0p50__psi0p00,hardzero_only,0.07,48,260,0.0,2,0.1378322,0.1378322,1.0135968,0.0,0.09691773,0.0,0.0,0.07,-26.815126,2.2299573,0.74331915,0.19999999,0.0,0.18744396,0.0,0.0,835200
hardzero_only__c0p58__z1p00__lam0p000__nu0p50__psi0p00,hardzero_only,0.07,48,261,0.0,2,0.1378322,0.1378322,1.0286497,0.0,0.09361605,0.0,0.0,0.07,-27.637178,2.2630744,0.7543582,0.15200001,0.0,0.18137902,0.0,0.0,838400
hardzero_only__c0p58__z1p00__lam0p000__nu0p50__psi0p00,hardzero_only,0.07,48,262,0.0,2,0.1378322,0.14536168,0.9683333,0.10756394,0.10756394,1.0,0.007529476,0.07,-26.44634,2.1303759,0.7101253,0.216,0.0,0.17418145,0.0,0.0,841600
hardzero_only__c0p58__z1p00__lam0p000__nu0p50__psi0p00,hardzero_only,0.07,48,263,0.0,2,0.14536168,0.14536168,1.0170928,0.0,0.096140675,0.0,0.0,0.07,-27.463833,2.237649,0.745883,0.08800001,0.0,0.15957756,0.0,0.0,844800
hardzero_only__c0p58__z1p00__lam0p000__nu0p50__psi0p00,hardzero_only,0.07,48,264,0.0,2,0.14536168,0.15276256,0.9758145,0.10572688,0.10572688,1.0,0.007400882,0.07,-26.692482,2.1468349,0.71561164,0.224,0.0,0.1583859,0.0,0.0,848000
hardzero_only__c0p58__z1p00__lam0p000__nu0p50__psi0p00,hardzero_only,0.07,48,265,0.0,2,0.15276256,0.15276256,1.0954541,0.0,0.08026864,0.0,0.0,0.07,-28.543398,2.410047,0.803349,0.136,0.0,0.21076684,0.0,0.0,851200
hardzero_only__c0p58__z1p00__lam0p000__nu0p50__psi0p00,hardzero_only,0.07,48,266,0.0,2,0.15276256,0.15276256,1.0113857,0.0,0.097412415,0.0,0.0,0.07,-28.020048,2.225093,0.74169767,0.15200001,0.0,0.17915238,0.0,0.0,854400
hardzero_only__c0p58__z1p00__lam0p000__nu0p50__psi0p00,hardzero_only,0.07,48,267,0.0,2,0.15276256,0.15276256,1.0166216,0.0,0.09624505,0.0,0.0,0.07,-26.663763,2.236612,0.7455374,0.128,0.0,0.17047669,0.0,0.0,857600
hardzero_only__c0p58__z1p00__lam0p000__nu0p50__psi0p00,hardzero_only,0.07,48,268,0.0,2,0.15276256,0.15980762,0.9972131,0.10064376,0.10064376,1.0,0.007045063,0.07,-26.921751,2.1939127,0.7313043,0.23200001,0.0,0.20252496,0.0,0.0,860800
hardzero_only__c0p58__z1p00__lam0p000__nu0p50__psi0p00,hardzero_only,0.07,48,269,0.0,2,0.15980762,0.15980762,1.0371892,0.0,0.09179325,0.0,0.0,0.07,-28.156796,2.281862,0.7606207,0.136,0.0,0.20730568,0.0,0.0,864000
hardzero_only__c0p58__z1p00__lam0p000__nu0p50__psi0p00,hardzero_only,0.07,48,270,0.0,2,0.15980762,0.16698365,0.98921394,0.10251468,0.10251468,1.0,0.0071760276,0.07,-26.553854,2.176314,0.72543806,0.18400002,0.0,0.15991932,0.0,0.0,867200
hardzero_only__c0p58__z1p00__lam0p000__nu0p50__psi0p00,hardzero_only,0.07,48,271,0.0,2,0.16698365,0.16698365,1.0033767,0.0,0.09922548,0.0,0.0,0.07,-26.89214,2.2074728,0.7358243,0.112,0.0,0.18166193,0.0,0.0,870400
hardzero_only__c0p58__z1p00__lam0p000__nu0p50__psi0p00,hardzero_only,0.07,48,272,0.0,2,0.16698365,0.16698365,1.0556566,0.0,0.087971784,0.0,0.0,0.07,-27.797165,2.3224907,0.7741636,0.112,0.0,0.15620936,0.0,0.0,873600
hardzero_only__c0p58__z1p00__lam0p000__nu0p50__psi0p00,hardzero_only,0.07,48,273,0.0,2,0.16698365,0.16698365,1.0466363,0.0,0.08981805,0.0,0.0,0.07,-27.536316,2.302646,0.7675487,0.14,0.0,0.16457418,0.0,0.0,876800
hardzero_only__c0p58__z1p00__lam0p000__nu0p50__psi0p00,hardzero_only,0.07,48,274,0.0,2,0.16698365,0.16698365,1.0891614,0.0,0.08144015,0.0,0.0,0.07,-28.40166,2.3962028,0.7987343,0.064,0.0,0.2247585,0.0,0.0,880000
hardzero_only__c0p58__z1p00__lam0p000__nu0p50__psi0p00,hardzero_only,0.07,48,275,0.0,2,0.16698365,0.16698365,1.0604675,0.0,0.08700266,0.0,0.0,0.07,-27.714176,2.333075,0.7776917,0.104,0.0,0.20127018,0.0,0.0,883200
hardzero_only__c0p58__z1p00__lam0p000__nu0p50__psi0p00,hardzero_only,0.07,48,276,0.0,2,0.16698365,0.17431404,0.97997075,0.1047199,0.1047199,1.0,0.007330393,0.07,-26.559935,2.1559787,0.7186596,0.15200001,0.0,0.16323179,0.0,0.0,886400
hardzero_only__c0p58__z1p00__lam0p000__nu0p50__psi0p00,hardzero_only,0.07,48,277,0.0,2,0.17431404,0.18138686,0.9955057,0.10104023,0.10104023,1.0,0.007072816,0.07,-27.058037,2.1901562,0.7300521,0.17600001,0.0,0.18376537,0.0,0.0,889600
hardzero_only__c0p58__z1p00__lam0p000__nu0p50__psi0p00,hardzero_only,0.07,48,278,0.0,2,0.18138686,0.18138686,1.0197061,0.0,0.095563896,0.0,0.0,0.07,-26.980064,2.2433982,0.7477994,0.16000001,0.0,0.1646018,0.0,0.0,892800
hardzero_only__c0p58__z1p00__lam0p000__nu0p50__psi0p00,hardzero_only,0.07,48,279,0.0,2,0.18138686,0.1886361,0.984806,0.10356047,0.10356047,1.0,0.007249233,0.07,-25.587683,2.1666164,0.7222055,0.112,0.0,0.169192,0.0,0.0,896000
hardzero_only__c0p58__z1p00__lam0p000__nu0p50__psi0p00,hardzero_only,0.07,48,280,0.0,2,0.1886361,0.1886361,1.0483208,0.0,0.08947036,0.0,0.0,0.07,-28.330872,2.3063517,0.7687839,0.15200001,0.0,0.20350553,0.0,0.0,899200
hardzero_only__c0p58__z1p00__lam0p000__nu0p50__psi0p00,hardzero_only,0.07,48,281,0.0,2,0.1886361,0.19623597,0.9642916,0.10856965,0.10856965,1.0,0.007599876,0.07,-26.637438,2.1214838,0.7071613,0.192,0.0,0.17592165,0.0,0.0,902400
hardzero_only__c0p58__z1p00__lam0p000__nu0p50__psi0p00,hardzero_only,0.07,48,282,0.0,2,0.19623597,0.19623597,1.0195531,0.0,0.095597595,0.0,0.0,0.07,-27.532986,2.2430615,0.7476872,0.15200001,0.0,0.21378377,0.0,0.0,905600
hardzero_only__c0p58__z1p00__lam0p000__nu0p50__psi0p00,hardzero_only,0.07,48,283,0.0,2,0.19623597,0.19623597,1.0389422,0.0,0.09142348,0.0,0.0,0.07,-27.579727,2.2857184,0.76190615,0.16000001,0.0,0.20462848,0.0,0.0,908800
hardzero_only__c0p58__z1p00__lam0p000__nu0p50__psi0p00,hardzero_only,0.07,48,284,0.0,2,0.19623597,0.19623597,1.0510645,0.0,0.08890691,0.0,0.0,0.07,-27.709024,2.3123882,0.77079606,0.120000005,0.0,0.17112349,0.0,0.0,912000
hardzero_only__c0p58__z1p00__lam0p000__nu0p50__psi0p00,hardzero_only,0.07,48,285,0.0,2,0.19623597,0.19623597,1.0318058,0.0,0.09293819,0.0,0.0,0.07,-27.429651,2.270018,0.75667274,0.17600001,0.0,0.18071052,0.0,0.0,915200
hardzero_only__c0p58__z1p00__lam0p000__nu0p50__psi0p00,hardzero_only,0.07,48,286,0.0,2,0.19623597,0.19623597,1.0179622,0.0,0.09594841,0.0,0.0,0.07,-27.124763,2.2395616,0.7465205,0.14,0.0,0.16727914,0.0,0.0,918400
hardzero_only__c0p58__z1p00__lam0p000__nu0p50__psi0p00,hardzero_only,0.07,48,287,0.0,2,0.19623597,0.19623597,1.0185505,0.0,0.09581853,0.0,0.0,0.07,-27.04079,2.240856,0.746952,0.16000001,0.0,0.15784088,0.0,0.0,921600
hardzero_only__c0p58__z1p00__lam0p000__nu0p50__psi0p00,hardzero_only,0.07,48,288,0.0,2,0.19623597,0.19623597,1.0009671,0.0,0.099777564,0.0,0.0,0.07,-27.24422,2.2021718,0.7340573,0.128,0.0,0.1859107,0.0,0.0,924800
hardzero_only__c0p58__z1p00__lam0p000__nu0p50__psi0p00,hardzero_only,0.07,48,289,0.0,2,0.19623597,0.19623597,1.0241398,0.0,0.09459326,0.0,0.0,0.07,-27.349154,2.2531524,0.75105083,0.16000001,0.0,0.1622569,0.0,0.0,928000
hardzero_only__c0p58__z1p00__lam0p000__nu0p50__psi0p00,hardzero_only,0.07,48,290,0.0,2,0.19623597,0.19623597,1.0327938,0.0,0.09272699,0.0,0.0,0.07,-27.931013,2.2721915,0.7573972,0.112,0.0,0.15770364,0.0,0.0,931200
hardzero_only__c0p58__z1p00__lam0p000__nu0p50__psi0p00,hardzero_only,0.07,48,291,0.0,2,0.19623597,0.20384839,0.96357536,0.108748846,0.108748846,1.0,0.0076124193,0.07,-27.279434,2.119908,0.7066361,0.17600001,0.0,0.16330834,0.0,0.0,934400
hardzero_only__c0p58__z1p00__lam0p000__nu0p50__psi0p00,hardzero_only,0.07,48,292,0.0,2,0.20384839,0.20384839,1.0152678,0.0,0.09654552,0.0,0.0,0.07,-26.49288,2.233634,0.7445447,0.16800001,0.0,0.14781232,0.0,0.0,937600
hardzero_only__c0p58__z1p00__lam0p000__nu0p50__psi0p00,hardzero_only,0.07,48,293,0.0,2,0.20384839,0.20384839,1.0125158,0.0,0.09715927,0.0,0.0,0.07,-27.129501,2.227579,0.7425264,0.14400001,0.0,0.174873,0.0,0.0,940800
hardzero_only__c0p58__z1p00__lam0p000__nu0p50__psi0p00,hardzero_only,0.07,48,294,0.0,2,0.20384839,0.20384839,1.0272903,0.0,0.09390953,0.0,0.0,0.07,-26.659227,2.260084,0.75336134,0.096,0.0,0.15709646,0.0,0.0,944000
hardzero_only__c0p58__z1p00__lam0p000__nu0p50__psi0p00,hardzero_only,0.07,48,295,0.0,2,0.20384839,0.20384839,1.0149865,0.0,0.09660808,0.0,0.0,0.07,-26.759718,2.2330148,0.7443383,0.120000005,0.0,0.16382775,0.0,0.0,947200
hardzero_only__c0p58__z1p00__lam0p000__nu0p50__psi0p00,hardzero_only,0.07,48,296,0.0,2,0.20384839,0.2109124,0.9960463,0.10091453,0.10091453,1.0,0.007064017,0.07,-26.798435,2.1913457,0.7304486,0.192,0.0,0.15672722,0.0,0.0,950400
hardzero_only__c0p58__z1p00__lam0p000__nu0p50__psi0p00,hardzero_only,0.07,48,297,0.0,2,0.2109124,0.2109124,1.0257748,0.0,0.0942378,0.0,0.0,0.07,-27.899492,2.2567496,0.7522499,0.2,0.0,0.19658661,0.0,0.0,953600
hardzero_only__c0p58__z1p00__lam0p000__nu0p50__psi0p00,hardzero_only,0.07,48,298,0.0,2,0.2109124,0.2109124,1.0240053,0.0,0.09462255,0.0,0.0,0.07,-27.677948,2.2528567,0.75095224,0.128,0.0,0.18908063,0.0,0.0,956800
hardzero_only__c0p58__z1p00__lam0p000__nu0p50__psi0p00,hardzero_only,0.07,48,299,0.0,2,0.2109124,0.2109124,1.0266838,0.0,0.094040774,0.0,0.0,0.07,-27.342255,2.2587495,0.7529165,0.14,0.0,0.15189265,0.0,0.0,960000
hardzero_only__c0p58__z1p00__lam0p000__nu0p50__psi0p00,hardzero_only,0.07,48,300,0.0,2,0.2109124,0.2109124,1.0484935,0.0,0.08943479,0.0,0.0,0.07,-27.37236,2.3067317,0.7689106,0.096,0.0,0.18470515,0.0,0.0,963200
hardzero_only__c0p58__z1p00__lam0p000__nu0p50__psi0p00,hardzero_only,0.07,48,301,0.0,2,0.2109124,0.21822366,0.9811057,0.10444659,0.10444659,1.0,0.0073112613,0.07,-26.287987,2.1584756,0.7194919,0.18400002,0.0,0.16885082,0.0,0.0,966400
hardzero_only__c0p58__z1p00__lam0p000__nu0p50__psi0p00,hardzero_only,0.07,48,302,0.0,2,0.21822366,0.21822366,1.0304492,0.0,0.09322896,0.0,0.0,0.07,-26.85581,2.2670333,0.7556778,0.208,0.0,0.17444687,0.0,0.0,969600
hardzero_only__c0p58__z1p00__lam0p000__nu0p50__psi0p00,hardzero_only,0.07,48,303,0.0,2,0.21822366,0.21822366,1.000805,0.0,0.0998148,0.0,0.0,0.07,-27.42276,2.2018151,0.7339384,0.14400001,0.0,0.16684651,0.0,0.0,972800
hardzero_only__c0p58__z1p00__lam0p000__nu0p50__psi0p00,hardzero_only,0.07,48,304,0.0,2,0.21822366,0.21822366,1.0352484,0.0,0.092204385,0.0,0.0,0.07,-27.407543,2.277592,0.75919735,0.128,0.0,0.16197804,0.0,0.0,976000
hardzero_only__c0p58__z1p00__lam0p000__nu0p50__psi0p00,hardzero_only,0.07,48,305,0.0,2,0.21822366,0.21822366,1.0181572,0.0,0.09590533,0.0,0.0,0.07,-26.92314,2.2399907,0.7466636,0.16000001,0.0,0.1700171,0.0,0.0,979200
hardzero_only__c0p58__z1p00__lam0p000__nu0p50__psi0p00,hardzero_only,0.07,48,306,0.0,2,0.21822366,0.22582538,0.9641857,0.10859611,0.10859611,1.0,0.0076017277,0.07,-26.093971,2.1212509,0.70708364,0.28,0.0,0.16385387,0.0,0.0,982400
hardzero_only__c0p58__z1p00__lam0p000__nu0p50__psi0p00,hardzero_only,0.07,48,307,0.0,2,0.22582538,0.22582538,1.0338002,0.0,0.092512354,0.0,0.0,0.07,-27.86778,2.274406,0.7581353,0.16000001,0.0,0.20769945,0.0,0.0,985600
hardzero_only__c0p58__z1p00__lam0p000__nu0p50__psi0p00,hardzero_only,0.07,48,308,0.0,2,0.22582538,0.22582538,1.0245105,0.0,0.09451255,0.0,0.0,0.07,-26.871777,2.2539682,0.75132275,0.136,0.0,0.17989032,0.0,0.0,988800
hardzero_only__c0p58__z1p00__lam0p000__nu0p50__psi0p00,hardzero_only,0.07,48,309,0.0,2,0.22582538,0.22582538,1.012222,0.0,0.09722501,0.0,0.0,0.07,-27.136494,2.226933,0.742311,0.120000005,0.0,0.16208795,0.0,0.0,992000
hardzero_only__c0p58__z1p00__lam0p000__nu0p50__psi0p00,hardzero_only,0.07,48,310,0.0,2,0.22582538,0.23297302,0.9909354,0.10210914,0.10210914,1.0,0.00714764,0.07,-25.575157,2.1801014,0.7267005,0.16000001,0.0,0.15767378,0.0,0.0,995200
hardzero_only__c0p58__z1p00__lam0p000__nu0p50__psi0p00,hardzero_only,0.07,48,311,0.0,2,0.23297302,0.23297302,1.0247539,0.0,0.09445959,0.0,0.0,0.07,-27.959106,2.2545037,0.75150126,0.120000005,0.0,0.1903983,0.0,0.0,998400
hardzero_only__c0p58__z1p00__lam0p000__nu0p50__psi0p00,hardzero_only,0.07,48,312,0.0,2,0.23297302,0.23297302,1.0334969,0.0,0.092577,0.0,0.0,0.07,-27.875483,2.2737384,0.7579128,0.17999999,0.0,0.1761093,0.0,0.0,1001600
hardzero_only__c0p58__z1p00__lam0p000__nu0p50__psi0p00,hardzero_only,0.07,48,313,0.0,2,0.23297302,0.23297302,1.0389627,0.0,0.09141916,0.0,0.0,0.07,-27.26349,2.2857637,0.7619213,0.17600001,0.0,0.17511949,0.0,0.0,1004800
hardzero_only__c0p58__z1p00__lam0p000__nu0p50__psi0p00,hardzero_only,0.07,48,314,0.0,2,0.23297302,0.23297302,1.0092343,0.0,0.09789615,0.0,0.0,0.07,-27.089397,2.2203598,0.74011993,0.224,0.0,0.19557995,0.0,0.0,1008000
hardzero_only__c0p58__z1p00__lam0p000__nu0p50__psi0p00,hardzero_only,0.07,48,315,0.0,2,0.23297302,0.23297302,1.0092989,0.0,0.097881585,0.0,0.0,0.07,-26.897757,2.220502,0.7401673,0.16800001,0.0,0.15563521,0.0,0.0,1011200
hardzero_only__c0p58__z1p00__lam0p000__nu0p50__psi0p00,hardzero_only,0.07,48,316,0.0,2,0.23297302,0.23297302,1.0269768,0.0,0.093977354,0.0,0.0,0.07,-27.625532,2.2593942,0.7531314,0.136,0.0,0.18868662,0.0,0.0,1014400
hardzero_only__c0p58__z1p00__lam0p000__nu0p50__psi0p00,hardzero_only,0.07,48,317,0.0,2,0.23297302,0.24046671,0.9704019,0.10705282,0.10705282,1.0,0.007493697,0.07,-26.253927,2.1349268,0.71164227,0.17600001,0.0,0.14865194,0.0,0.0,1017600
hardzero_only__c0p58__z1p00__lam0p000__nu0p50__psi0p00,hardzero_only,0.07,48,318,0.0,2,0.24046671,0.24046671,1.0264518,0.0,0.09409101,0.0,0.0,0.07,-26.762428,2.258239,0.75274634,0.16000001,0.0,0.1687921,0.0,0.0,1020800
hardzero_only__c0p58__z1p00__lam0p000__nu0p50__psi0p00,hardzero_only,0.07,48,319,0.0,2,0.24046671,0.24756081,0.994201,0.10134422,0.10134422,1.0,0.0070940955,0.07,-26.267008,2.187286,0.72909534,0.23200001,0.0,0.18337663,0.0,0.0,1024000
hardzero_only__c0p58__z1p00__lam0p000__nu0p50__psi0p00,hardzero_only,0.07,48,320,0.0,2,0.24756081,0.2547064,0.9910585,0.10208018,0.10208018,1.0,0.0071456125,0.07,-26.58837,2.1803722,0.7267908,0.2,0.0,0.19265074,0.0,0.0,1027200
hardzero_only__c0p58__z1p00__lam0p000__nu0p50__psi0p00,hardzero_only,0.07,48,321,0.0,2,0.2547064,0.2547064,1.0704771,0.0,0.08502034,0.0,0.0,0.07,-28.175646,2.3550966,0.7850322,0.136,0.0,0.20475449,0.0,0.0,1030400
hardzero_only__c0p58__z1p00__lam0p000__nu0p50__psi0p00,hardzero_only,0.07,48,322,0.0,2,0.2547064,0.2547064,1.0028864,0.0,0.09933759,0.0,0.0,0.07,-27.358631,2.2063942,0.73546475,0.24000001,0.0,0.19047993,0.0,0.0,1033600
hardzero_only__c0p58__z1p00__lam0p000__nu0p50__psi0p00,hardzero_only,0.07,48,323,0.0,2,0.2547064,0.2547064,1.03626,0.0,0.09198986,0.0,0.0,0.07,-27.328936,2.2798176,0.7599392,0.112,0.0,0.15564024,0.0,0.0,1036800
hardzero_only__c0p58__z1p00__lam0p000__nu0p50__psi0p00,hardzero_only,0.07,48,324,0.0,2,0.2547064,0.2547064,1.0342364,0.0,0.092419475,0.0,0.0,0.07,-27.584751,2.2753656,0.7584552,0.2,0.0,0.21468475,0.0,0.0,1040000
hardzero_only__c0p58__z1p00__lam0p000__nu0p50__psi0p00,hardzero_only,0.07,48,325,0.0,2,0.2547064,0.2621567,0.9729257,0.10643249,0.10643249,1.0,0.007450274,0.07,-26.408295,2.1404793,0.7134931,0.22,0.0,0.17213364,0.0,0.0,1043200
hardzero_only__c0p58__z1p00__lam0p000__nu0p50__psi0p00,hardzero_only,0.07,48,326,0.0,2,0.2621567,0.2621567,1.0934379,0.0,0.08064215,0.0,0.0,0.07,-28.833687,2.4056115,0.8018705,0.128,0.0,0.19612384,0.0,0.0,1046400
hardzero_only__c0p58__z1p00__lam0p000__nu0p50__psi0p00,hardzero_only,0.07,48,327,0.0,2,0.2621567,0.2621567,1.0038373,0.0,0.09912031,0.0,0.0,0.07,-26.675165,2.2084863,0.7361621,0.15200001,0.0,0.21441762,0.0,0.0,1049600
hardzero_only__c0p58__z1p00__lam0p000__nu0p50__psi0p00,hardzero_only,0.07,48,328,0.0,2,0.2621567,0.2621567,1.0353776,0.0,0.09217695,0.0,0.0,0.07,-27.24886,2.2778764,0.7592921,0.128,0.0,0.1738397,0.0,0.0,1052800
hardzero_only__c0p58__z1p00__lam0p000__nu0p50__psi0p00,hardzero_only,0.07,48,329,0.0,2,0.2621567,0.2621567,1.0236405,0.0,0.09470207,0.0,0.0,0.07,-27.6855,2.252054,0.7506847,0.104,0.0,0.20184116,0.0,0.0,1056000
hardzero_only__c0p58__z1p00__lam0p000__nu0p50__psi0p00,hardzero_only,0.07,48,330,0.0,2,0.2621567,0.26923576,0.9951215,0.10112964,0.10112964,1.0,0.007079075,0.07,-26.512127,2.189311,0.72977036,0.192,0.008,0.16108575,0.0,0.0,1059200
hardzero_only__c0p58__z1p00__lam0p000__nu0p50__psi0p00,hardzero_only,0.07,48,331,0.0,2,0.26923576,0.26923576,1.0251426,0.0,0.0943751,0.0,0.0,0.07,-27.35793,2.2553587,0.75178623,0.16000001,0.0,0.16923371,0.0,0.0,1062400
hardzero_only__c0p58__z1p00__lam0p000__nu0p50__psi0p00,hardzero_only,0.07,48,332,0.0,2,0.26923576,0.26923576,1.0098778,0.0,0.09775122,0.0,0.0,0.07,-27.419317,2.2217755,0.7405919,0.136,0.0,0.17536098,0.0,0.0,1065600
hardzero_only__c0p58__z1p00__lam0p000__nu0p50__psi0p00,hardzero_only,0.07,48,333,0.0,2,0.26923576,0.26923576,1.0260979,0.0,0.094167724,0.0,0.0,0.07,-27.977627,2.2574604,0.7524868,0.23200001,0.0,0.17924489,0.0,0.0,1068800
hardzero_only__c0p58__z1p00__lam0p000__nu0p50__psi0p00,hardzero_only,0.07,48,334,0.0,2,0.26923576,0.27644196,0.9873921,0.102945626,0.102945626,1.0,0.0072061936,0.07,-26.640985,2.172306,0.724102,0.128,0.0,0.15545322,0.0,0.0,1072000
hardzero_only__c0p58__z1p00__lam0p000__nu0p50__psi0p00,hardzero_only,0.07,48,335,0.0,2,0.27644196,0.27644196,1.0617936,0.0,0.08673741,0.0,0.0,0.07,-27.797165,2.3359926,0.77866423,0.14400001,0.0,0.18454958,0.0,0.0,1075200
hardzero_only__c0p58__z1p00__lam0p000__nu0p50__psi0p00,hardzero_only,0.07,48,336,0.0,2,0.27644196,0.27644196,1.0823591,0.0,0.082725786,0.0,0.0,0.07,-28.86049,2.3812375,0.7937459,0.16000001,0.0,0.18961322,0.0,0.0,1078400
hardzero_only__c0p58__z1p00__lam0p000__nu0p50__psi0p00,hardzero_only,0.07,48,337,0.0,2,0.27644196,0.27644196,1.014815,0.0,0.09664626,0.0,0.0,0.07,-27.326315,2.2326374,0.7442125,0.128,0.0,0.16180484,0.0,0.0,1081600
hardzero_only__c0p58__z1p00__lam0p000__nu0p50__psi0p00,hardzero_only,0.07,48,338,0.0,2,0.27644196,0.27644196,1.0035386,0.0,0.09918851,0.0,0.0,0.07,-25.840036,2.207829,0.735943,0.14999999,0.0,0.16121061,0.0,0.0,1084800
hardzero_only__c0p58__z1p00__lam0p000__nu0p50__psi0p00,hardzero_only,0.07,48,339,0.0,2,0.27644196,0.27644196,1.0055763,0.0,0.09872422,0.0,0.0,0.07,-27.802906,2.212312,0.73743737,0.18400002,0.0,0.19187824,0.0,0.0,1088000
hardzero_only__c0p58__z1p00__lam0p000__nu0p50__psi0p00,hardzero_only,0.07,48,340,0.0,2,0.27644196,0.28384,0.97598153,0.10568623,0.10568623,1.0,0.0073980363,0.07,-26.346846,2.1472023,0.7157341,0.15200001,0.0,0.14545324,0.0,0.0,1091200
hardzero_only__c0p58__z1p00__lam0p000__nu0p50__psi0p00,hardzero_only,0.07,48,341,0.0,2,0.28384,0.28384,1.0350121,0.0,0.09225457,0.0,0.0,0.07,-27.864193,2.2770722,0.7590241,0.128,0.0,0.19424859,0.0,0.0,1094400
hardzero_only__c0p58__z1p00__lam0p000__nu0p50__psi0p00,hardzero_only,0.07,48,342,0.0,2,0.28384,0.28384,1.0067421,0.0,0.09845954,0.0,0.0,0.07,-25.474625,2.214877,0.73829234,0.16000001,0.0,0.16742733,0.0,0.0,1097600
hardzero_only__c0p58__z1p00__lam0p000__nu0p50__psi0p00,hardzero_only,0.07,48,343,0.0,2,0.28384,0.28384,1.0182686,0.0,0.095880754,0.0,0.0,0.07,-27.361904,2.2402356,0.7467452,0.080000006,0.0,0.1789335,0.0,0.0,1100800
hardzero_only__c0p58__z1p00__lam0p000__nu0p50__psi0p00,hardzero_only,0.07,48,344,0.0,2,0.28384,0.29117954,0.9794291,0.104850575,0.104850575,1.0,0.0073395404,0.07,-26.779644,2.154787,0.7182624,0.14400001,0.0,0.17459226,0.0,0.0,1104000
hardzero_only__c0p58__z1p00__lam0p000__nu0p50__psi0p00,hardzero_only,0.07,48,345,0.0,2,0.29117954,0.29117954,1.0221797,0.0,0.09502115,0.0,0.0,0.07,-26.942684,2.2488403,0.74961346,0.136,0.0,0.15842605,0.0,0.0,1107200
hardzero_only__c0p58__z1p00__lam0p000__nu0p50__psi0p00,hardzero_only,0.07,48,346,0.0,2,0.29117954,0.29117954,1.0132893,0.0,0.09698635,0.0,0.0,0.07,-27.110386,2.229281,0.74309367,0.16800001,0.0,0.18503049,0.0,0.0,1110400
hardzero_only__c0p58__z1p00__lam0p000__nu0p50__psi0p00,hardzero_only,0.07,48,347,0.0,2,0.29117954,0.29117954,1.008012,0.0,0.098172076,0.0,0.0,0.07,-26.45685,2.2176707,0.7392236,0.128,0.0,0.19524154,0.0,0.0,1113600
hardzero_only__c0p58__z1p00__lam0p000__nu0p50__psi0p00,hardzero_only,0.07,48,348,0.0,2,0.29117954,0.29117954,1.0985231,0.0,0.0797034,0.0,0.0,0.07,-29.043104,2.416799,0.8055997,0.08800001,0.0,0.20406932,0.0,0.0,1116800
hardzero_only__c0p58__z1p00__lam0p000__nu0p50__psi0p00,hardzero_only,0.07,48,349,0.0,2,0.29117954,0.29117954,1.0600855,0.0,0.0870792,0.0,0.0,0.07,-28.508026,2.3322349,0.77741164,0.16000001,0.0,0.21226588,0.0,0.0,1120000
hardzero_only__c0p58__z1p00__lam0p000__nu0p50__psi0p00,hardzero_only,0.07,48,350,0.0,2,0.29117954,0.29117954,1.0524639,0.0,0.088620886,0.0,0.0,0.07,-27.706745,2.315467,0.77182233,0.136,0.0,0.19464542,0.0,0.0,1123200
hardzero_only__c0p58__z1p00__lam0p000__nu0p50__psi0p00,hardzero_only,0.07,48,351,0.0,2,0.29117954,0.29883492,0.9611317,0.10936246,0.10936246,1.0,0.0076553724,0.07,-26.709887,2.114532,0.704844,0.24,0.0,0.12765479,0.0,0.0,1126400
hardzero_only__c0p58__z1p00__lam0p000__nu0p50__psi0p00,hardzero_only,0.07,48,352,0.0,2,0.29883492,0.30614483,0.9811858,0.104427345,0.104427345,1.0,0.007309914,0.07,-26.389816,2.1586518,0.7195506,0.17600001,0.0,0.18927142,0.0,0.0,1129600
hardzero_only__c0p58__z1p00__lam0p000__nu0p50__psi0p00,hardzero_only,0.07,48,353,0.0,2,0.30614483,0.30614483,1.0434173,0.0,0.09048627,0.0,0.0,0.07,-28.951134,2.295564,0.765188,0.2,0.008,0.19964346,0.0,0.0,1132800
hardzero_only__c0p58__z1p00__lam0p000__nu0p50__psi0p00,hardzero_only,0.07,48,354,0.0,2,0.30614483,0.30614483,1.0243133,0.0,0.09455546,0.0,0.0,0.07,-27.49935,2.2535343,0.75117815,0.128,0.0,0.17549758,0.0,0.0,1136000
hardzero_only__c0p58__z1p00__lam0p000__nu0p50__psi0p00,hardzero_only,0.07,48,355,0.0,2,0.30614483,0.3134567,0.98106843,0.10445555,0.10445555,1.0,0.007311889,0.07,-25.86739,2.1583936,0.71946454,0.112,0.0,0.16217199,0.0,0.0,1139200
hardzero_only__c0p58__z1p00__lam0p000__nu0p50__psi0p00,hardzero_only,0.07,48,356,0.0,2,0.3134567,0.3134567,1.0247694,0.0,0.09445621,0.0,0.0,0.07,-27.36756,2.2545378,0.75151265,0.14400001,0.0,0.1845062,0.0,0.0,1142400
hardzero_only__c0p58__z1p00__lam0p000__nu0p50__psi0p00,hardzero_only,0.07,48,357,0.0,2,0.3134567,0.32060352,0.990986,0.102097236,0.102097236,1.0,0.0071468065,0.07,-26.889706,2.1802127,0.7267376,0.16000001,0.0,0.15494344,0.0,0.0,1145600
hardzero_only__c0p58__z1p00__lam0p000__nu0p50__psi0p00,hardzero_only,0.07,48,358,0.0,2,0.32060352,0.32771328,0.99324226,0.101568185,0.101568185,1.0,0.007109773,0.07,-26.681534,2.1851766,0.72839224,0.2,0.0,0.17954251,0.0,0.0,1148800
hardzero_only__c0p58__z1p00__lam0p000__nu0p50__psi0p00,hardzero_only,0.07,48,359,0.0,2,0.32771328,0.32771328,1.0181261,0.0,0.09591221,0.0,0.0,0.07,-26.951115,2.2399223,0.7466408,0.14400001,0.0,0.18485722,0.0,0.0,1152000
hardzero_only__c0p58__z1p00__lam0p000__nu0p50__psi0p00,hardzero_only,0.07,48,360,0.0,2,0.32771328,0.32771328,1.0444195,0.0,0.090277694,0.0,0.0,0.07,-27.46131,2.2977688,0.76592296,0.16800001,0.0,0.16020441,0.0,0.0,1155200
hardzero_only__c0p58__z1p00__lam0p000__nu0p50__psi0p00,hardzero_only,0.07,48,361,0.0,2,0.32771328,0.33478382,0.99564546,0.101007715,0.101007715,1.0,0.00707054,0.07,-26.976439,2.1904638,0.73015463,0.17600001,0.0,0.15520221,0.0,0.0,1158400
hardzero_only__c0p58__z1p00__lam0p000__nu0p50__psi0p00,hardzero_only,0.07,48,362,0.0,2,0.33478382,0.33478382,1.0094124,0.0,0.097856015,0.0,0.0,0.07,-27.197662,2.2207518,0.7402506,0.18400002,0.0,0.18801624,0.0,0.0,1161600
hardzero_only__c0p58__z1p00__lam0p000__nu0p50__psi0p00,hardzero_only,0.07,48,363,0.0,2,0.33478382,0.33478382,1.0087717,0.0,0.09800052,0.0,0.0,0.07,-26.695345,2.219342,0.73978066,0.2,0.0,0.16134685,0.0,0.0,1164800
hardzero_only__c0p58__z1p00__lam0p000__nu0p50__psi0p00,hardzero_only,0.07,48,364,0.0,2,0.33478382,0.33478382,1.011556,0.0,0.09737422,0.0,0.0,0.07,-27.234219,2.2254677,0.7418226,0.14999999,0.0,0.16610801,0.0,0.0,1168000
hardzero_only__c0p58__z1p00__lam0p000__nu0p50__psi0p00,hardzero_only,0.07,48,365,0.0,2,0.33478382,0.34179974,0.999014,0.100227274,0.100227274,1.0,0.007015909,0.07,-27.323956,2.1978748,0.73262495,0.17600001,0.0,0.16026634,0.0,0.0,1171200
hardzero_only__c0p58__z1p00__lam0p000__nu0p50__psi0p00,hardzero_only,0.07,48,366,0.0,2,0.34179974,0.34179974,1.0154262,0.0,0.09651033,0.0,0.0,0.07,-27.74785,2.233982,0.74466074,0.16800001,0.0,0.18779218,0.0,0.0,1174400
hardzero_only__c0p58__z1p00__lam0p000__nu0p50__psi0p00,hardzero_only,0.07,48,367,0.0,2,0.34179974,0.34179974,1.0472842,0.0,0.08968416,0.0,0.0,0.07,-27.5404,2.3040714,0.76802385,0.128,0.0,0.17884228,0.0,0.0,1177600
hardzero_only__c0p58__z1p00__lam0p000__nu0p50__psi0p00,hardzero_only,0.07,48,368,0.0,2,0.34179974,0.34179974,1.0101254,0.0,0.097695515,0.0,0.0,0.07,-27.599657,2.2223203,0.74077344,0.16800001,0.0,0.17786753,0.0,0.0,1180800
hardzero_only__c0p58__z1p00__lam0p000__nu0p50__psi0p00,hardzero_only,0.07,48,369,0.0,2,0.34179974,0.34179974,1.0202584,0.0,0.09544244,0.0,0.0,0.07,-26.790071,2.2446134,0.74820447,0.15200001,0.0,0.17605788,0.0,0.0,1184000
hardzero_only__c0p58__z1p00__lam0p000__nu0p50__psi0p00,hardzero_only,0.07,48,370,0.0,2,0.34179974,0.3493153,0.96913755,0.10736494,0.10736494,1.0,0.0075155455,0.07,-26.692234,2.1321452,0.71071506,0.15200001,0.0,0.16964273,0.0,0.0,1187200
hardzero_only__c0p58__z1p00__lam0p000__nu0p50__psi0p00,hardzero_only,0.07,48,371,0.0,2,0.3493153,0.3493153,1.0903,0.0,0.08122692,0.0,0.0,0.07,-27.807665,2.3987079,0.7995693,0.14400001,0.0,0.18361628,0.0,0.0,1190400
hardzero_only__c0p58__z1p00__lam0p000__nu0p50__psi0p00,hardzero_only,0.07,48,372,0.0,2,0.3493153,0.3493153,1.0310625,0.0,0.0930974,0.0,0.0,0.07,-27.806768,2.2683828,0.7561276,0.080000006,0.0,0.1889308,0.0,0.0,1193600
hardzero_only__c0p58__z1p00__lam0p000__nu0p50__psi0p00,hardzero_only,0.07,48,373,0.0,2,0.3493153,0.35657015,0.9844682,0.10364105,0.10364105,1.0,0.0072548734,0.07,-26.97337,2.1658733,0.7219578,0.16000001,0.008,0.16089602,0.0,0.0,1196800
hardzero_only__c0p58__z1p00__lam0p000__nu0p50__psi0p00,hardzero_only,0.07,48,374,0.0,2,0.35657015,0.35657015,1.0740967,0.0,0.0843147,0.0,0.0,0.07,-28.247757,2.36306,0.7876867,0.16800001,0.0,0.19322403,0.0,0.0,1200000
hardzero_only__c0p58__z1p00__lam0p000__nu0p50__psi0p00,hardzero_only,0.07,48,375,0.0,2,0.35657015,0.35657015,1.0641055,0.0,0.0862769,0.0,0.0,0.07,-28.343489,2.341079,0.7803597,0.112,0.0,0.19335338,0.0,0.0,1203200
hardzero_only__c0p58__z1p00__lam0p000__nu0p50__psi0p00,hardzero_only,0.07,48,376,0.0,2,0.35657015,0.35657015,1.0380163,0.0,0.0916186,0.0,0.0,0.07,-27.385021,2.2836814,0.76122713,0.096,0.0,0.16183876,0.0,0.0,1206400
hardzero_only__c0p58__z1p00__lam0p000__nu0p50__psi0p00,hardzero_only,0.07,48,377,0.0,2,0.35657015,0.3635932,0.99857223,0.100329295,0.100329295,1.0,0.0070230504,0.07,-26.934938,2.1969028,0.73230094,0.19,0.0,0.18812208,0.0,0.0,1209600
hardzero_only__c0p58__z1p00__lam0p000__nu0p50__psi0p00,hardzero_only,0.07,48,378,0.0,2,0.3635932,0.37071425,0.9925531,0.10172949,0.10172949,1.0,0.0071210642,0.07,-26.804691,2.1836605,0.72788686,0.18400002,0.0,0.17816575,0.0,0.0,1212800
hardzero_only__c0p58__z1p00__lam0p000__nu0p50__psi0p00,hardzero_only,0.07,48,379,0.0,2,0.37071425,0.37071425,1.1015615,0.0,0.07914773,0.0,0.0,0.07,-28.484133,2.4234838,0.80782795,0.136,0.0,0.1978184,0.0,0.0,1216000
hardzero_only__c0p58__z1p00__lam0p000__nu0p50__psi0p00,hardzero_only,0.07,48,380,0.0,2,0.37071425,0.37071425,1.0163624,0.0,0.0963025,0.0,0.0,0.07,-26.456757,2.236042,0.7453474,0.112,0.0,0.18597072,0.0,0.0,1219200
hardzero_only__c0p58__z1p00__lam0p000__nu0p50__psi0p00,hardzero_only,0.07,48,381,0.0,2,0.37071425,0.37071425,1.0638071,0.0,0.08633618,0.0,0.0,0.07,-28.330994,2.3404224,0.7801408,0.120000005,0.0,0.18918857,0.0,0.0,1222400
hardzero_only__c0p58__z1p00__lam0p000__nu0p50__psi0p00,hardzero_only,0.07,48,382,0.0,2,0.37071425,0.37071425,1.0260895,0.0,0.094169535,0.0,0.0,0.07,-27.073486,2.257442,0.7524807,0.216,0.0,0.17496465,0.0,0.0,1225600
hardzero_only__c0p58__z1p00__lam0p000__nu0p50__psi0p00,hardzero_only,0.07,48,383,0.0,2,0.37071425,0.37071425,1.073855,0.0,0.08436163,0.0,0.0,0.07,-27.117533,2.3625283,0.78750944,0.112,0.0,0.1870135,0.0,0.0,1228800
hardzero_only__c0p58__z1p00__lam0p000__nu0p50__psi0p00,hardzero_only,0.07,48,384,0.0,2,0.37071425,0.37071425,1.0196911,0.0,0.0955672,0.0,0.0,0.07,-28.031084,2.2433653,0.7477884,0.136,0.0,0.2009364,0.0,0.0,1232000
hardzero_only__c0p58__z1p00__lam0p000__nu0p50__psi0p00,hardzero_only,0.07,48,385,0.0,2,0.37071425,0.37071425,1.0230765,0.0,0.09482513,0.0,0.0,0.07,-26.660728,2.2508132,0.7502711,0.18400002,0.0,0.17230874,0.0,0.0,1235200
hardzero_only__c0p58__z1p00__lam0p000__nu0p50__psi0p00,hardzero_only,0.07,48,386,0.0,2,0.37071425,0.3780795,0.97791,0.105218,0.105218,1.0,0.0073652603,0.07,-25.21688,2.151445,0.7171483,0.17600001,0.0,0.14626959,0.0,0.0,1238400
hardzero_only__c0p58__z1p00__lam0p000__nu0p50__psi0p00,hardzero_only,0.07,48,387,0.0,2,0.3780795,0.38517463,0.99413836,0.10135884,0.10135884,1.0,0.0070951185,0.07,-26.000156,2.187148,0.7290494,0.16000001,0.0,0.15809678,0.0,0.0,1241600
hardzero_only__c0p58__z1p00__lam0p000__nu0p50__psi0p00,hardzero_only,0.07,48,388,0.0,2,0.38517463,0.39229125,0.9928254,0.10166574,0.10166574,1.0,0.007116602,0.07,-27.365343,2.1842594,0.7280865,0.192,0.0,0.20202126,0.0,0.0,1244800
hardzero_only__c0p58__z1p00__lam0p000__nu0p50__psi0p00,hardzero_only,0.07,48,389,0.0,2,0.39229125,0.39229125,1.0337019,0.0,0.09253331,0.0,0.0,0.07,-27.451525,2.2741895,0.7580632,0.14400001,0.0,0.18025406,0.0,0.0,1248000
hardzero_only__c0p58__z1p00__lam0p000__nu0p50__psi0p00,hardzero_only,0.07,48,390,0.0,2,0.39229125,0.39229125,1.0506625,0.0,0.08898923,0.0,0.0,0.07,-27.636957,2.3115036,0.77050126,0.17,0.0,0.18516743,0.0,0.0,1251200
hardzero_only__c0p58__z1p00__lam0p000__nu0p50__psi0p00,hardzero_only,0.07,48,391,0.0,2,0.39229125,0.39930767,0.9989823,0.10023461,0.10023461,1.0,0.007016423,0.07,-27.24211,2.197805,0.73260164,0.136,0.0,0.17309897,0.0,0.0,1254400
hardzero_only__c0p58__z1p00__lam0p000__nu0p50__psi0p00,hardzero_only,0.07,48,392,0.0,2,0.39930767,0.4063394,0.99803513,0.10045345,0.10045345,1.0,0.0070317416,0.07,-26.697168,2.1957211,0.73190707,0.136,0.0,0.1770817,0.0,0.0,1257600
hardzero_only__c0p58__z1p00__lam0p000__nu0p50__psi0p00,hardzero_only,0.07,48,393,0.0,2,0.4063394,0.4063394,1.0306906,0.0,0.09317716,0.0,0.0,0.07,-28.171797,2.2675645,0.75585485,0.2,0.0,0.19400994,0.0,0.0,1260800
hardzero_only__c0p58__z1p00__lam0p000__nu0p50__psi0p00,hardzero_only,0.07,48,394,0.0,2,0.4063394,0.4134444,0.99353516,0.10149972,0.10149972,1.0,0.0071049808,0.07,-27.622852,2.185821,0.72860706,0.112,0.0,0.17930104,0.0,0.0,1264000
hardzero_only__c0p58__z1p00__lam0p000__nu0p50__psi0p00,hardzero_only,0.07,48,395,0.0,2,0.4134444,0.4134444,1.0685909,0.0,0.08539041,0.0,0.0,0.07,-27.487177,2.350947,0.78364897,0.15200001,0.0,0.22577703,0.0,0.0,1267200
hardzero_only__c0p58__z1p00__lam0p000__nu0p50__psi0p00,hardzero_only,0.07,48,396,0.0,2,0.4134444,0.4134444,1.0449458,0.0,0.090168364,0.0,0.0,0.07,-27.387625,2.2989268,0.76630896,0.18400002,0.008,0.16066544,0.0,0.0,1270400
hardzero_only__c0p58__z1p00__lam0p000__nu0p50__psi0p00,hardzero_only,0.07,48,397,0.0,2,0.4134444,0.4134444,1.033554,0.0,0.09256484,0.0,0.0,0.07,-28.101137,2.273864,0.7579547,0.136,0.0,0.18249863,0.0,0.0,1273600
hardzero_only__c0p58__z1p00__lam0p000__nu0p50__psi0p00,hardzero_only,0.07,48,398,0.0,2,0.4134444,0.4134444,1.0546777,0.0,0.0881703,0.0,0.0,0.07,-26.78006,2.3203373,0.7734458,0.128,0.0,0.18092507,0.0,0.0,1276800
hardzero_only__c0p58__z1p00__lam0p000__nu0p50__psi0p00,hardzero_only,0.07,48,399,0.0,2,0.4134444,0.4134444,1.0290743,0.0,0.09352456,0.0,0.0,0.07,-27.183655,2.2640088,0.7546696,0.16000001,0.0,0.1760597,0.0,0.0,1280000
hardzero_only__c0p58__z1p00__lam0p000__nu0p50__psi0p00,hardzero_only,0.07,48,400,0.0,2,0.4134444,0.4134444,1.0515525,0.0,0.088807054,0.0,0.0,0.07,-27.651905,2.3134618,0.7711539,0.14400001,0.0,0.19179022,0.0,0.0,1283200
hardzero_only__c0p58__z1p00__lam0p000__nu0p50__psi0p00,hardzero_only,0.07,48,401,0.0,2,0.4134444,0.4134444,1.0013671,0.0,0.099685706,0.0,0.0,0.07,-26.673672,2.2030516,0.73435056,0.15200001,0.0,0.17573082,0.0,0.0,1286400
hardzero_only__c0p58__z1p00__lam0p000__nu0p50__psi0p00,hardzero_only,0.07,48,402,0.0,2,0.4134444,0.4134444,1.0460702,0.0,0.08993523,0.0,0.0,0.07,-28.028889,2.3014004,0.7671335,0.14400001,0.0,0.19090842,0.0,0.0,1289600
hardzero_only__c0p58__z1p00__lam0p000__nu0p50__psi0p00,hardzero_only,0.07,48,403,0.0,2,0.4134444,0.4215249,0.9376585,0.115436055,0.115436055,1.0,0.008080523,0.07,-26.813528,2.0628898,0.68762994,0.16,0.0,0.17179903,0.0,0.0,1292800
hardzero_only__c0p58__z1p00__lam0p000__nu0p50__psi0p00,hardzero_only,0.07,48,404,0.0,2,0.4215249,0.4285877,0.9961208,0.10089721,0.10089721,1.0,0.0070628044,0.07,-27.105768,2.1915095,0.7305032,0.18400002,0.0,0.16131009,0.0,0.0,1296000
hardzero_only__c0p58__z1p00__lam0p000__nu0p50__psi0p00,hardzero_only,0.07,48,405,0.0,2,0.4285877,0.4285877,1.0321654,0.0,0.092861265,0.0,0.0,0.07,-26.282204,2.2708092,0.75693643,0.16000001,0.0,0.15591452,0.0,0.0,1299200
hardzero_only__c0p58__z1p00__lam0p000__nu0p50__psi0p00,hardzero_only,0.07,48,406,0.0,2,0.4285877,0.4285877,1.0497833,0.0,0.08916956,0.0,0.0,0.07,-27.643288,2.3095694,0.76985645,0.120000005,0.0,0.191396,0.0,0.0,1302400
hardzero_only__c0p58__z1p00__lam0p000__nu0p50__psi0p00,hardzero_only,0.07,48,407,0.0,2,0.4285877,0.4285877,1.0375822,0.0,0.09171023,0.0,0.0,0.07,-28.42574,2.2827263,0.7609088,0.18400002,0.0,0.1969646,0.0,0.0,1305600
hardzero_only__c0p58__z1p00__lam0p000__nu0p50__psi0p00,hardzero_only,0.07,48,408,0.0,2,0.4285877,0.43599343,0.97553074,0.105796,0.105796,1.0,0.00740572,0.07,-25.911514,2.1462104,0.7154035,0.216,0.0,0.15929624,0.0,0.0,1308800
hardzero_only__c0p58__z1p00__lam0p000__nu0p50__psi0p00,hardzero_only,0.07,48,409,0.0,2,0.43599343,0.43599343,1.0015739,0.0,0.09963823,0.0,0.0,0.07,-26.91773,2.2035067,0.73450226,0.136,0.0,0.17650016,0.0,0.0,1312000
hardzero_only__c0p58__z1p00__lam0p000__nu0p50__psi0p00,hardzero_only,0.07,48,410,0.0,2,0.43599343,0.44311067,0.9927858,0.101675004,0.101675004,1.0,0.0071172505,0.07,-27.920189,2.1841724,0.7280575,0.28800002,0.0,0.2160222,0.0,0.0,1315200
hardzero_only__c0p58__z1p00__lam0p000__nu0p50__psi0p00,hardzero_only,0.07,48,411,0.0,2,0.44311067,0.45043156,0.9805349,0.104583964,0.104583964,1.0,0.0073208776,0.07,-26.719807,2.15722,0.7190733,0.16800001,0.0,0.18019539,0.0,0.0,1318400
hardzero_only__c0p58__z1p00__lam0p000__nu0p50__psi0p00,hardzero_only,0.07,48,412,0.0,2,0.45043156,0.45043156,1.0301555,0.0,0.09329202,0.0,0.0,0.07,-27.40105,2.2663875,0.7554625,0.16000001,0.0,0.1662053,0.0,0.0,1321600
hardzero_only__c0p58__z1p00__lam0p000__nu0p50__psi0p00,hardzero_only,0.07,48,413,0.0,2,0.45043156,0.45043156,1.0433112,0.0,0.09050837,0.0,0.0,0.07,-27.93918,2.2953305,0.7651102,0.15200001,0.0,0.1806409,0.0,0.0,1324800
hardzero_only__c0p58__z1p00__lam0p000__nu0p50__psi0p00,hardzero_only,0.07,48,414,0.0,2,0.45043156,0.45043156,1.0278745,0.0,0.09378331,0.0,0.0,0.07,-27.294018,2.261369,0.75378966,0.128,0.0,0.17839558,0.0,0.0,1328000
hardzero_only__c0p58__z1p00__lam0p000__nu0p50__psi0p00,hardzero_only,0.07,48,415,0.0,2,0.45043156,0.45743284,0.9999213,0.10001812,0.10001812,1.0,0.0070012687,0.07,-26.824375,2.1998708,0.7332903,0.15200001,0.0,0.16083206,0.0,0.0,1331200
hardzero_only__c0p58__z1p00__lam0p000__nu0p50__psi0p00,hardzero_only,0.07,48,416,0.0,2,0.45743284,0.45743284,1.0521171,0.0,0.088691674,0.0,0.0,0.07,-26.57023,2.314704,0.771568,0.089999996,0.0,0.17018211,0.0,0.0,1334400
hardzero_only__c0p58__z1p00__lam0p000__nu0p50__psi0p00,hardzero_only,0.07,48,417,0.0,2,0.45743284,0.45743284,1.0040112,0.0,0.099080645,0.0,0.0,0.07,-27.290476,2.2088687,0.7362896,0.16000001,0.0,0.17752454,0.0,0.0,1337600
hardzero_only__c0p58__z1p00__lam0p000__nu0p50__psi0p00,hardzero_only,0.07,48,418,0.0,2,0.45743284,0.45743284,1.0048169,0.0,0.098897,0.0,0.0,0.07,-26.685308,2.2106414,0.7368805,0.192,0.0,0.18243141,0.0,0.0,1340800
hardzero_only__c0p58__z1p00__lam0p000__nu0p50__psi0p00,hardzero_only,0.07,48,419,0.0,2,0.45743284,0.45743284,1.028631,0.0,0.09362007,0.0,0.0,0.07,-27.385853,2.2630334,0.75434446,0.216,0.008,0.19235305,0.0,0.0,1344000
hardzero_only__c0p58__z1p00__lam0p000__nu0p50__psi0p00,hardzero_only,0.07,48,420,0.0,2,0.45743284,0.45743284,1.0329355,0.0,0.092696734,0.0,0.0,0.07,-27.599089,2.2725034,0.7575011,0.16800001,0.0,0.144659,0.0,0.0,1347200
hardzero_only__c0p58__z1p00__lam0p000__nu0p50__psi0p00,hardzero_only,0.07,48,421,0.0,2,0.45743284,0.45743284,1.0476706,0.0,0.08960442,0.0,0.0,0.07,-27.59782,2.3049214,0.76830715,0.112,0.0,0.18396597,0.0,0.0,1350400
hardzero_only__c0p58__z1p00__lam0p000__nu0p50__psi0p00,hardzero_only,0.07,48,422,0.0,2,0.45743284,0.45743284,1.0131091,0.0,0.097026624,0.0,0.0,0.07,-26.943462,2.2288845,0.7429615,0.15200001,0.0,0.18381554,0.0,0.0,1353600
hardzero_only__c0p58__z1p00__lam0p000__nu0p50__psi0p00,hardzero_only,0.07,48,423,0.0,2,0.45743284,0.46486345,0.9740741,0.106151424,0.106151424,1.0,0.0074305995,0.07,-26.269081,2.1430058,0.7143353,0.192,0.0,0.16716799,0.0,0.0,1356800
hardzero_only__c0p58__z1p00__lam0p000__nu0p50__psi0p00,hardzero_only,0.07,48,424,0.0,2,0.46486345,0.46486345,1.0037128,0.0,0.09914874,0.0,0.0,0.07,-27.043161,2.2082121,0.73607075,0.2,0.0,0.1554841,0.0,0.0,1360000
hardzero_only__c0p58__z1p00__lam0p000__nu0p50__psi0p00,hardzero_only,0.07,48,425,0.0,2,0.46486345,0.46486345,1.0771585,0.0,0.08372238,0.0,0.0,0.07,-28.057507,2.369796,0.789932,0.112,0.0,0.22470146,0.0,0.0,1363200
hardzero_only__c0p58__z1p00__lam0p000__nu0p50__psi0p00,hardzero_only,0.07,48,426,0.0,2,0.46486345,0.47220686,0.9791999,0.10490595,0.10490595,1.0,0.0073434166,0.07,-26.290113,2.1542828,0.7180943,0.16800001,0.0,0.16857211,0.0,0.0,1366400
hardzero_only__c0p58__z1p00__lam0p000__nu0p50__psi0p00,hardzero_only,0.07,48,427,0.0,2,0.47220686,0.47220686,1.0127996,0.0,0.097095795,0.0,0.0,0.07,-27.292892,2.2282038,0.7427346,0.14400001,0.0,0.18146226,0.0,0.0,1369600
hardzero_only__c0p58__z1p00__lam0p000__nu0p50__psi0p00,hardzero_only,0.07,48,428,0.0,2,0.47220686,0.47220686,1.0391088,0.0,0.091388434,0.0,0.0,0.07,-27.751446,2.286085,0.76202834,0.224,0.0,0.17379725,0.0,0.0,1372800
hardzero_only__c0p58__z1p00__lam0p000__nu0p50__psi0p00,hardzero_only,0.07,48,429,0.0,2,0.47220686,0.47220686,1.0096005,0.0,0.09781365,0.0,0.0,0.07,-26.815632,2.2211654,0.7403885,0.06,0.0,0.15818508,0.0,0.0,1376000
hardzero_only__c0p58__z1p00__lam0p000__nu0p50__psi0p00,hardzero_only,0.07,48,430,0.0,2,0.47220686,0.47928262,0.9953253,0.1010822,0.1010822,1.0,0.007075754,0.07,-26.224476,2.1897595,0.72991985,0.2,0.0,0.18623456,0.0,0.0,1379200
hardzero_only__c0p58__z1p00__lam0p000__nu0p50__psi0p00,hardzero_only,0.07,48,431,0.0,2,0.47928262,0.47928262,1.0033927,0.0,0.09922184,0.0,0.0,0.07,-28.123938,2.207508,0.735836,0.192,0.0,0.21012634,0.0,0.0,1382400
hardzero_only__c0p58__z1p00__lam0p000__nu0p50__psi0p00,hardzero_only,0.07,48,432,0.0,2,0.47928262,0.47928262,1.0068314,0.0,0.09843931,0.0,0.0,0.07,-26.696981,2.2150733,0.7383578,0.128,0.0,0.16149338,0.0,0.0,1385600
hardzero_only__c0p58__z1p00__lam0p000__nu0p50__psi0p00,hardzero_only,0.07,48,433,0.0,2,0.47928262,0.47928262,1.078103,0.0,0.0835405,0.0,0.0,0.07,-27.818169,2.3718739,0.7906246,0.16800001,0.0,0.17656302,0.0,0.0,1388800
hardzero_only__c0p58__z1p00__lam0p000__nu0p50__psi0p00,hardzero_only,0.07,48,434,0.0,2,0.47928262,0.47928262,1.0598328,0.0,0.08712988,0.0,0.0,0.07,-27.995642,2.3316789,0.7772263,0.208,0.0,0.20047002,0.0,0.0,1392000
hardzero_only__c0p58__z1p00__lam0p000__nu0p50__psi0p00,hardzero_only,0.07,48,435,0.0,2,0.47928262,0.48653287,0.98474497,0.10357501,0.10357501,1.0,0.007250251,0.07,-26.302204,2.1664822,0.72216076,0.15200001,0.0,0.18196379,0.0,0.0,1395200
hardzero_only__c0p58__z1p00__lam0p000__nu0p50__psi0p00,hardzero_only,0.07,48,436,0.0,2,0.48653287,0.4935461,0.9991793,0.10018915,0.10018915,1.0,0.0070132404,0.07,-26.551989,2.1982384,0.7327461,0.2,0.0,0.17652228,0.0,0.0,1398400
hardzero_only__c0p58__z1p00__lam0p000__nu0p50__psi0p00,hardzero_only,0.07,48,437,0.0,2,0.4935461,0.4935461,1.0772902,0.0,0.08369698,0.0,0.0,0.07,-28.178747,2.3700857,0.7900286,0.14400001,0.0,0.19981149,0.0,0.0,1401600
hardzero_only__c0p58__z1p00__lam0p000__nu0p50__psi0p00,hardzero_only,0.07,48,438,0.0,2,0.4935461,0.4935461,1.0428246,0.0,0.09060984,0.0,0.0,0.07,-26.97425,2.29426,0.76475334,0.128,0.0,0.16877303,0.0,0.0,1404800
hardzero_only__c0p58__z1p00__lam0p000__nu0p50__psi0p00,hardzero_only,0.07,48,439,0.0,2,0.4935461,0.50088644,0.97938186,0.104862005,0.104862005,1.0,0.0073403404,0.07,-26.82115,2.154683,0.71822774,0.16000001,0.0,0.16839528,0.0,0.0,1408000
hardzero_only__c0p58__z1p00__lam0p000__nu0p50__psi0p00,hardzero_only,0.07,48,440,0.0,2,0.50088644,0.50823843,0.9786944,0.105028115,0.105028115,1.0,0.007351968,0.07,-26.0579,2.1531706,0.71772355,0.18400002,0.0,0.14686729,0.0,0.0,1411200
hardzero_only__c0p58__z1p00__lam0p000__nu0p50__psi0p00,hardzero_only,0.07,48,441,0.0,2,0.50823843,0.50823843,1.0047966,0.0,0.0989016,0.0,0.0,0.07,-27.49511,2.2105968,0.73686564,0.17600001,0.0,0.17029656,0.0,0.0,1414400
hardzero_only__c0p58__z1p00__lam0p000__nu0p50__psi0p00,hardzero_only,0.07,48,442,0.0,2,0.50823843,0.5153239,0.9947328,0.1012202,0.1012202,1.0,0.0070854137,0.07,-26.557753,2.1884558,0.7294853,0.21,0.0,0.1528005,0.0,0.0,1417600
hardzero_only__c0p58__z1p00__lam0p000__nu0p50__psi0p00,hardzero_only,0.07,48,443,0.0,2,0.5153239,0.5153239,1.011774,0.0,0.09732536,0.0,0.0,0.07,-27.340403,2.2259471,0.7419824,0.216,0.0,0.17077106,0.0,0.0,1420800
hardzero_only__c0p58__z1p00__lam0p000__nu0p50__psi0p00,hardzero_only,0.07,48,444,0.0,2,0.5153239,0.5153239,1.0516219,0.0,0.08879287,0.0,0.0,0.07,-27.87311,2.3136144,0.7712048,0.120000005,0.0,0.16388261,0.0,0.0,1424000
hardzero_only__c0p58__z1p00__lam0p000__nu0p50__psi0p00,hardzero_only,0.07,48,445,0.0,2,0.5153239,0.5224225,0.99392605,0.101408415,0.101408415,1.0,0.007098589,0.07,-26.600786,2.186681,0.7288937,0.16800001,0.0,0.15783846,0.0,0.0,1427200
hardzero_only__c0p58__z1p00__lam0p000__nu0p50__psi0p00,hardzero_only,0.07,48,446,0.0,2,0.5224225,0.52950317,0.99502516,0.10115209,0.10115209,1.0,0.0070806467,0.07,-26.836954,2.189099,0.72969973,0.192,0.0,0.1488446,0.0,0.0,1430400
hardzero_only__c0p58__z1p00__lam0p000__nu0p50__psi0p00,hardzero_only,0.07,48,447,0.0,2,0.52950317,0.52950317,1.005688,0.0,0.09869883,0.0,0.0,0.07,-27.045635,2.2125578,0.73751926,0.14400001,0.0,0.16776687,0.0,0.0,1433600
hardzero_only__c0p58__z1p00__lam0p000__nu0p50__psi0p00,hardzero_only,0.07,48,448,0.0,2,0.52950317,0.52950317,1.0698817,0.0,0.085137,0.0,0.0,0.07,-28.912384,2.3537867,0.7845956,0.112,0.0,0.18428586,0.0,0.0,1436800
hardzero_only__c0p58__z1p00__lam0p000__nu0p50__psi0p00,hardzero_only,0.07,48,449,0.0,2,0.52950317,0.52950317,1.0371975,0.0,0.0917915,0.0,0.0,0.07,-27.098581,2.28188,0.7606267,0.16000001,0.0,0.16860709,0.0,0.0,1440000
hardzero_only__c0p58__z1p00__lam0p000__nu0p50__psi0p00,hardzero_only,0.07,48,450,0.0,2,0.52950317,0.52950317,1.0432606,0.0,0.090518944,0.0,0.0,0.07,-27.421001,2.2952192,0.76507306,0.18400002,0.0,0.20133504,0.0,0.0,1443200
hardzero_only__c0p58__z1p00__lam0p000__nu0p50__psi0p00,hardzero_only,0.07,48,451,0.0,2,0.52950317,0.52950317,1.0692042,0.0,0.08526991,0.0,0.0,0.07,-27.882767,2.352296,0.78409874,0.18400002,0.0,0.20476063,0.0,0.0,1446400
hardzero_only__c0p58__z1p00__lam0p000__nu0p50__psi0p00,hardzero_only,0.07,48,452,0.0,2,0.52950317,0.5372643,0.95517224,0.1108735,0.1108735,1.0,0.007761145,0.07,-25.818607,2.1014209,0.70047367,0.23200001,0.0,0.15405826,0.0,0.0,1449600
hardzero_only__c0p58__z1p00__lam0p000__nu0p50__psi0p00,hardzero_only,0.07,48,453,0.0,2,0.5372643,0.5372643,1.0353056,0.0,0.09219223,0.0,0.0,0.07,-27.740946,2.2777178,0.7592393,0.136,0.0,0.18659513,0.0,0.0,1452800
hardzero_only__c0p58__z1p00__lam0p000__nu0p50__psi0p00,hardzero_only,0.07,48,454,0.0,2,0.5372643,0.5372643,1.0321195,0.0,0.09287108,0.0,0.0,0.07,-27.503693,2.2707083,0.7569028,0.14400001,0.0,0.17224821,0.0,0.0,1456000
hardzero_only__c0p58__z1p00__lam0p000__nu0p50__psi0p00,hardzero_only,0.07,48,455,0.0,2,0.5372643,0.5372643,1.0025762,0.0,0.099408545,0.0,0.0,0.07,-26.252028,2.2057118,0.7352373,0.14999999,0.0,0.16658075,0.0,0.0,1459200
hardzero_only__c0p58__z1p00__lam0p000__nu0p50__psi0p00,hardzero_only,0.07,48,456,0.0,2,0.5372643,0.5372643,1.0608809,0.0,0.08691987,0.0,0.0,0.07,-27.254467,2.3339846,0.7779949,0.15200001,0.0,0.16787961,0.0,0.0,1462400
hardzero_only__c0p58__z1p00__lam0p000__nu0p50__psi0p00,hardzero_only,0.07,48,457,0.0,2,0.5372643,0.545138,0.9489168,0.112482026,0.112482026,1.0,0.007873742,0.07,-25.947697,2.0876586,0.69588625,0.192,0.0,0.13896428,0.0,0.0,1465600
hardzero_only__c0p58__z1p00__lam0p000__nu0p50__psi0p00,hardzero_only,0.07,48,458,0.0,2,0.545138,0.545138,1.0261965,0.0,0.09414635,0.0,0.0,0.07,-26.864204,2.2576773,0.7525591,0.128,0.0,0.1644405,0.0,0.0,1468800
hardzero_only__c0p58__z1p00__lam0p000__nu0p50__psi0p00,hardzero_only,0.07,48,459,0.0,2,0.545138,0.5529896,0.95013934,0.11216583,0.11216583,1.0,0.007851608,0.07,-26.219753,2.0903482,0.69678277,0.16800001,0.0,0.15631579,0.0,0.0,1472000
hardzero_only__c0p58__z1p00__lam0p000__nu0p50__psi0p00,hardzero_only,0.07,48,460,0.0,2,0.5529896,0.5529896,1.0030377,0.0,0.09930299,0.0,0.0,0.07,-26.77407,2.206727,0.7355757,0.24800001,0.0,0.16678916,0.0,0.0,1475200
hardzero_only__c0p58__z1p00__lam0p000__nu0p50__psi0p00,hardzero_only,0.07,48,461,0.0,2,0.5529896,0.5529896,1.0628028,0.0,0.08653608,0.0,0.0,0.07,-27.746681,2.3382127,0.7794043,0.16000001,0.0,0.17809606,0.0,0.0,1478400
hardzero_only__c0p58__z1p00__lam0p000__nu0p50__psi0p00,hardzero_only,0.07,48,462,0.0,2,0.5529896,0.5529896,1.029971,0.0,0.093331665,0.0,0.0,0.07,-26.893137,2.2659814,0.75532717,0.136,0.0,0.18302764,0.0,0.0,1481600
hardzero_only__c0p58__z1p00__lam0p000__nu0p50__psi0p00,hardzero_only,0.07,48,463,0.0,2,0.5529896,0.560171,0.98889035,0.10259109,0.10259109,1.0,0.007181376,0.07,-26.388721,2.1756022,0.7252008,0.112,0.0,0.16832538,0.0,0.0,1484800
hardzero_only__c0p58__z1p00__lam0p000__nu0p50__psi0p00,hardzero_only,0.07,48,464,0.0,2,0.560171,0.5672341,0.9961047,0.10090096,0.10090096,1.0,0.0070630675,0.07,-26.873251,2.1914742,0.7304914,0.136,0.0,0.18753928,0.0,0.0,1488000
hardzero_only__c0p58__z1p00__lam0p000__nu0p50__psi0p00,hardzero_only,0.07,48,465,0.0,2,0.5672341,0.5672341,1.0114228,0.0,0.0974041,0.0,0.0,0.07,-27.234156,2.2251744,0.74172485,0.2,0.0,0.18507162,0.0,0.0,1491200
hardzero_only__c0p58__z1p00__lam0p000__nu0p50__psi0p00,hardzero_only,0.07,48,466,0.0,2,0.5672341,0.5672341,1.005409,0.0,0.09876225,0.0,0.0,0.07,-27.186314,2.2119439,0.73731464,0.14400001,0.0,0.19215699,0.0,0.0,1494400
hardzero_only__c0p58__z1p00__lam0p000__nu0p50__psi0p00,hardzero_only,0.07,48,467,0.0,2,0.5672341,0.5672341,1.0508248,0.0,0.088956006,0.0,0.0,0.07,-27.129047,2.3118606,0.7706202,0.128,0.0,0.17673881,0.0,0.0,1497600
hardzero_only__c0p58__z1p00__lam0p000__nu0p50__psi0p00,hardzero_only,0.07,48,468,0.0,2,0.5672341,0.5672341,1.025029,0.0,0.0943998,0.0,0.0,0.07,-27.497337,2.2551088,0.75170296,0.19,0.02,0.15640211,0.0,0.0,1500800
hardzero_only__c0p58__z1p00__lam0p000__nu0p50__psi0p00,hardzero_only,0.07,48,469,0.0,2,0.5672341,0.57427853,0.9972507,0.10063506,0.10063506,1.0,0.007044454,0.07,-27.224367,2.1939952,0.73133177,0.208,0.0,0.1744529,0.0,0.0,1504000
hardzero_only__c0p58__z1p00__lam0p000__nu0p50__psi0p00,hardzero_only,0.07,48,470,0.0,2,0.57427853,0.5813472,0.9957584,0.100981444,0.100981444,1.0,0.007068701,0.07,-27.163153,2.1907122,0.7302374,0.15200001,0.0,0.18550234,0.0,0.0,1507200
hardzero_only__c0p58__z1p00__lam0p000__nu0p50__psi0p00,hardzero_only,0.07,48,471,1.0,3,0.5813472,0.008527184,0.98897725,0.10257056,0.10257056,1.0,0.0071799397,0.07,-26.55679,2.1757934,0.7252645,0.2,0.0,0.15887284,0.0,0.0,1510400
hardzero_only__c0p58__z1p00__lam0p000__nu0p50__psi0p00,hardzero_only,0.07,48,472,0.0,3,0.008527184,0.008527184,1.0205132,0.0,0.095386475,0.0,0.0,0.07,-27.83939,2.2451737,0.7483913,0.17600001,0.0,0.18892589,0.0,0.0,1513600
hardzero_only__c0p58__z1p00__lam0p000__nu0p50__psi0p00,hardzero_only,0.07,48,473,0.0,3,0.008527184,0.008527184,1.0268468,0.0,0.094005495,0.0,0.0,0.07,-27.420826,2.259108,0.753036,0.15200001,0.0,0.17560992,0.0,0.0,1516800
hardzero_only__c0p58__z1p00__lam0p000__nu0p50__psi0p00,hardzero_only,0.07,48,474,0.0,3,0.008527184,0.008527184,1.0235987,0.0,0.094711185,0.0,0.0,0.07,-27.295658,2.251962,0.750654,0.17600001,0.0,0.18098882,0.0,0.0,1520000
hardzero_only__c0p58__z1p00__lam0p000__nu0p50__psi0p00,hardzero_only,0.07,48,475,0.0,3,0.008527184,0.008527184,1.0040108,0.0,0.099080734,0.0,0.0,0.07,-27.005243,2.2088678,0.73628926,0.16000001,0.0,0.16136856,0.0,0.0,1523200
hardzero_only__c0p58__z1p00__lam0p000__nu0p50__psi0p00,hardzero_only,0.07,48,476,0.0,3,0.008527184,0.015752692,0.98622966,0.10322153,0.10322153,1.0,0.007225507,0.07,-26.751568,2.1697485,0.72324955,0.15200001,0.0,0.18827623,0.0,0.0,1526400
hardzero_only__c0p58__z1p00__lam0p000__nu0p50__psi0p00,hardzero_only,0.07,48,477,0.0,3,0.015752692,0.02298759,0.98566556,0.10335569,0.10335569,1.0,0.0072348984,0.07,-26.142252,2.1685076,0.7228359,0.16800001,0.0,0.17089687,0.0,0.0,1529600
hardzero_only__c0p58__z1p00__lam0p000__nu0p50__psi0p00,hardzero_only,0.07,48,478,0.0,3,0.02298759,0.02298759,1.0002116,0.0,0.099951275,0.0,0.0,0.07,-26.287292,2.2005095,0.7335032,0.216,0.0,0.17838022,0.0,0.0,1532800
hardzero_only__c0p58__z1p00__lam0p000__nu0p50__psi0p00,hardzero_only,0.07,48,479,0.0,3,0.02298759,0.02298759,1.0679206,0.0,0.08552232,0.0,0.0,0.07,-28.072973,2.349472,0.78315735,0.192,0.0,0.20627047,0.0,0.0,1536000
hardzero_only__c0p58__z1p00__lam0p000__nu0p50__psi0p00,hardzero_only,0.07,48,480,0.0,3,0.02298759,0.030268352,0.9829211,0.104010895,0.104010895,1.0,0.007280763,0.07,-26.30065,2.1624696,0.7208232,0.17600001,0.0,0.15149528,0.0,0.0,1539200
hardzero_only__c0p58__z1p00__lam0p000__nu0p50__psi0p00,hardzero_only,0.07,48,481,0.0,3,0.030268352,0.030268352,1.065297,0.0,0.086040504,0.0,0.0,0.07,-27.489223,2.3437002,0.78123343,0.13,0.0,0.18294251,0.0,0.0,1542400
hardzero_only__c0p58__z1p00__lam0p000__nu0p50__psi0p00,hardzero_only,0.07,48,482,0.0,3,0.030268352,0.037600495,0.9798672,0.10474487,0.10474487,1.0,0.0073321406,0.07,-26.280367,2.155751,0.7185837,0.23200001,0.0,0.1596694,0.0,0.0,1545600
hardzero_only__c0p58__z1p00__lam0p000__nu0p50__psi0p00,hardzero_only,0.07,48,483,0.0,3,0.037600495,0.037600495,1.012883,0.0,0.09707715,0.0,0.0,0.07,-27.17206,2.2283869,0.74279565,0.16800001,0.0,0.19554134,0.0,0.0,1548800
hardzero_only__c0p58__z1p00__lam0p000__nu0p50__psi0p00,hardzero_only,0.07,48,484,0.0,3,0.037600495,0.037600495,1.0112505,0.0,0.097442746,0.0,0.0,0.07,-27.255661,2.2247956,0.74159855,0.16800001,0.0,0.16166985,0.0,0.0,1552000
hardzero_only__c0p58__z1p00__lam0p000__nu0p50__psi0p00,hardzero_only,0.07,48,485,0.0,3,0.037600495,0.045269933,0.96033454,0.109563395,0.109563395,1.0,0.0076694377,0.07,-25.658068,2.1127782,0.7042594,0.18400002,0.0,0.17601703,0.0,0.0,1555200
hardzero_only__c0p58__z1p00__lam0p000__nu0p50__psi0p00,hardzero_only,0.07,48,486,0.0,3,0.045269933,0.045269933,1.0206076,0.0,0.09536574,0.0,0.0,0.07,-27.218903,2.2453816,0.74846053,0.128,0.0,0.17470938,0.0,0.0,1558400
hardzero_only__c0p58__z1p00__lam0p000__nu0p50__psi0p00,hardzero_only,0.07,48,487,0.0,3,0.045269933,0.045269933,1.0290865,0.0,0.09352194,0.0,0.0,0.07,-27.416254,2.2640355,0.7546785,0.17600001,0.0,0.17609283,0.0,0.0,1561600
hardzero_only__c0p58__z1p00__lam0p000__nu0p50__psi0p00,hardzero_only,0.07,48,488,0.0,3,0.045269933,0.045269933,1.0303633,0.0,0.09324739,0.0,0.0,0.07,-27.928717,2.2668445,0.7556149,0.15200001,0.0,0.17068481,0.0,0.0,1564800
hardzero_only__c0p58__z1p00__lam0p000__nu0p50__psi0p00,hardzero_only,0.07,48,489,0.0,3,0.045269933,0.052509885,0.9853622,0.10342792,0.10342792,1.0,0.007239954,0.07,-27.281775,2.16784,0.72261333,0.16800001,0.0,0.19987434,0.0,0.0,1568000
hardzero_only__c0p58__z1p00__lam0p000__nu0p50__psi0p00,hardzero_only,0.07,48,490,0.0,3,0.052509885,0.06039896,0.94807214,0.11270102,0.11270102,1.0,0.0078890715,0.07,-26.05611,2.0858004,0.69526684,0.23200001,0.0,0.16327396,0.0,0.0,1571200
hardzero_only__c0p58__z1p00__lam0p000__nu0p50__psi0p00,hardzero_only,0.07,48,491,0.0,3,0.06039896,0.06781281,0.9750541,0.10591218,0.10591218,1.0,0.0074138525,0.07,-26.641747,2.1451619,0.715054,0.16800001,0.0,0.17189464,0.0,0.0,1574400
hardzero_only__c0p58__z1p00__lam0p000__nu0p50__psi0p00,hardzero_only,0.07,48,492,0.0,3,0.06781281,0.06781281,1.0038538,0.0,0.09911655,0.0,0.0,0.07,-27.119219,2.2085226,0.7361742,0.112,0.0,0.1389975,0.0,0.0,1577600
hardzero_only__c0p58__z1p00__lam0p000__nu0p50__psi0p00,hardzero_only,0.07,48,493,0.0,3,0.06781281,0.06781281,1.0010434,0.0,0.09976003,0.0,0.0,0.07,-26.622688,2.2023396,0.7341132,0.080000006,0.0,0.16486157,0.0,0.0,1580800
hardzero_only__c0p58__z1p00__lam0p000__nu0p50__psi0p00,hardzero_only,0.07,48,494,0.0,3,0.06781281,0.06781281,1.0917596,0.0,0.0809544,0.0,0.0,0.07,-28.89167,2.4019191,0.80063975,0.08,0.0,0.1768156,0.0,0.0,1584000
hardzero_only__c0p58__z1p00__lam0p000__nu0p50__psi0p00,hardzero_only,0.07,48,495,0.0,3,0.06781281,0.06781281,1.0189002,0.0,0.09574141,0.0,0.0,0.07,-28.242807,2.241625,0.74720836,0.16000001,0.0,0.1744723,0.0,0.0,1587200
hardzero_only__c0p58__z1p00__lam0p000__nu0p50__psi0p00,hardzero_only,0.07,48,496,0.0,3,0.06781281,0.06781281,1.0044487,0.0,0.09898089,0.0,0.0,0.07,-26.458126,2.2098312,0.7366104,0.15200001,0.0,0.18691553,0.0,0.0,1590400
hardzero_only__c0p58__z1p00__lam0p000__nu0p50__psi0p00,hardzero_only,0.07,48,497,0.0,3,0.06781281,0.075137764,0.9802929,0.10464225,0.10464225,1.0,0.0073249573,0.07,-27.16693,2.1566875,0.71889585,0.16800001,0.0,0.18298921,0.0,0.0,1593600
hardzero_only__c0p58__z1p00__lam0p000__nu0p50__psi0p00,hardzero_only,0.07,48,498,0.0,3,0.075137764,0.075137764,1.0385681,0.0,0.09150227,0.0,0.0,0.07,-27.817394,2.2848957,0.7616319,0.136,0.0,0.16172814,0.0,0.0,1596800
hardzero_only__c0p58__z1p00__lam0p000__nu0p50__psi0p00,hardzero_only,0.07,48,499,0.0,3,0.075137764,0.075137764,1.050102,0.0,0.08910417,0.0,0.0,0.07,-27.23119,2.3102705,0.7700902,0.104,0.0,0.1675564,0.0,0.0,1600000
hardzero_only__c0p58__z1p00__lam0p000__nu0p50__psi0p00,hardzero_only,0.07,48,500,0.0,3,0.075137764,0.075137764,1.0308137,0.0,0.093150735,0.0,0.0,0.07,-27.481865,2.2678354,0.75594515,0.216,0.0,0.15660125,0.0,0.0,1603200
hardzero_only__c0p58__z1p00__lam0p000__nu0p50__psi0p00,hardzero_only,0.07,48,501,0.0,3,0.075137764,0.075137764,1.0357487,0.0,0.09209823,0.0,0.0,0.07,-27.637402,2.2786927,0.7595643,0.16000001,0.0,0.18039963,0.0,0.0,1606400
hardzero_only__c0p58__z1p00__lam0p000__nu0p50__psi0p00,hardzero_only,0.07,48,502,0.0,3,0.075137764,0.075137764,1.0062333,0.0,0.098574966,0.0,0.0,0.07,-26.897234,2.2137575,0.7379192,0.136,0.0,0.17889695,0.0,0.0,1609600
hardzero_only__c0p58__z1p00__lam0p000__nu0p50__psi0p00,hardzero_only,0.07,48,503,0.0,3,0.075137764,0.075137764,1.0162828,0.0,0.09632016,0.0,0.0,0.07,-27.062786,2.2358668,0.74528897,0.18400002,0.0,0.15874635,0.0,0.0,1612800
hardzero_only__c0p58__z1p00__lam0p000__nu0p50__psi0p00,hardzero_only,0.07,48,504,0.0,3,0.075137764,0.08224805,0.99321103,0.101575494,0.101575494,1.0,0.0071102846,0.07,-26.74582,2.185108,0.72836936,0.24000001,0.0,0.1960724,0.0,0.0,1616000
hardzero_only__c0p58__z1p00__lam0p000__nu0p50__psi0p00,hardzero_only,0.07,48,505,0.0,3,0.08224805,0.089312114,0.9960433,0.10091523,0.10091523,1.0,0.0070640664,0.07,-26.644802,2.191339,0.73044634,0.18400002,0.0,0.16222194,0.0,0.0,1619200
hardzero_only__c0p58__z1p00__lam0p000__nu0p50__psi0p00,hardzero_only,0.07,48,506,0.0,3,0.089312114,0.09633301,0.9987055,0.10029852,0.10029852,1.0,0.0070208963,0.07,-27.479244,2.197196,0.7323987,0.16800001,0.0,0.18014677,0.0,0.0,1622400
hardzero_only__c0p58__z1p00__lam0p000__nu0p50__psi0p00,hardzero_only,0.07,48,507,0.0,3,0.09633301,0.103450194,0.99279004,0.10167401,0.10167401,1.0,0.007117181,0.07,-27.30721,2.1841817,0.7280606,0.22,0.0,0.1914863,0.0,0.0,1625600
hardzero_only__c0p58__z1p00__lam0p000__nu0p50__psi0p00,hardzero_only,0.07,48,508,0.0,3,0.103450194,0.103450194,1.0266031,0.0,0.094058245,0.0,0.0,0.07,-27.30743,2.2585719,0.7528573,0.16000001,0.0,0.16003986,0.0,0.0,1628800
hardzero_only__c0p58__z1p00__lam0p000__nu0p50__psi0p00,hardzero_only,0.07,48,509,0.0,3,0.103450194,0.11109651,0.9616457,0.10923311,0.10923311,1.0,0.0076463176,0.07,-25.36228,2.1156628,0.70522094,0.15200001,0.0,0.13848959,0.0,0.0,1632000
hardzero_only__c0p58__z1p00__lam0p000__nu0p50__psi0p00,hardzero_only,0.07,48,510,0.0,3,0.11109651,0.11829567,0.9878161,0.10284517,0.10284517,1.0,0.0071991617,0.07,-26.078646,2.1732388,0.7244129,0.128,0.0,0.15723015,0.0,0.0,1635200
hardzero_only__c0p58__z1p00__lam0p000__nu0p50__psi0p00,hardzero_only,0.07,48,511,0.0,3,0.11829567,0.11829567,1.0118029,0.0,0.09731889,0.0,0.0,0.07,-26.704538,2.2260108,0.7420036,0.192,0.0,0.16308992,0.0,0.0,1638400
hardzero_only__c0p58__z1p00__lam0p000__nu0p50__psi0p00,hardzero_only,0.07,48,512,0.0,3,0.11829567,0.11829567,1.0370492,0.0,0.09182287,0.0,0.0,0.07,-28.05368,2.2815537,0.76051795,0.15200001,0.0,0.1613854,0.0,0.0,1641600
hardzero_only__c0p58__z1p00__lam0p000__nu0p50__psi0p00,hardzero_only,0.07,48,513,0.0,3,0.11829567,0.12559447,0.98184675,0.10426851,0.10426851,1.0,0.007298796,0.07,-26.37294,2.160106,0.7200353,0.16800001,0.0,0.14172445,0.0,0.0,1644800
hardzero_only__c0p58__z1p00__lam0p000__nu0p50__psi0p00,hardzero_only,0.07,48,514,0.0,3,0.12559447,0.12559447,1.002231,0.0,0.09948762,0.0,0.0,0.07,-26.527994,2.2049522,0.7349841,0.17600001,0.0,0.16411173,0.0,0.0,1648000
hardzero_only__c0p58__z1p00__lam0p000__nu0p50__psi0p00,hardzero_only,0.07,48,515,0.0,3,0.12559447,0.13283826,0.98513156,0.10348287,0.10348287,1.0,0.007243801,0.07,-26.426802,2.1673326,0.72244424,0.128,0.0,0.1456036,0.0,0.0,1651200
hardzero_only__c0p58__z1p00__lam0p000__nu0p50__psi0p00,hardzero_only,0.07,48,516,0.0,3,0.13283826,0.14022502,0.9766438,0.105525196,0.105525196,1.0,0.0073867636,0.07,-26.407013,2.1486592,0.7162198,0.216,0.0,0.17929052,0.0,0.0,1654400
hardzero_only__c0p58__z1p00__lam0p000__nu0p50__psi0p00,hardzero_only,0.07,48,517,0.0,3,0.14022502,0.14757681,0.97870487,0.10502559,0.10502559,1.0,0.0073517915,0.07,-26.067274,2.1531937,0.71773124,0.216,0.0,0.17273133,0.0,0.0,1657600
hardzero_only__c0p58__z1p00__lam0p000__nu0p50__psi0p00,hardzero_only,0.07,48,518,0.0,3,0.14757681,0.15496431,0.9766,0.10553584,0.10553584,1.0,0.007387509,0.07,-26.7803,2.148563,0.71618766,0.16000001,0.0,0.18414903,0.0,0.0,1660800
hardzero_only__c0p58__z1p00__lam0p000__nu0p50__psi0p00,hardzero_only,0.07,48,519,0.0,3,0.15496431,0.16244797,0.9709836,0.10690952,0.10690952,1.0,0.0074836663,0.07,-27.27886,2.1362066,0.7120689,0.18400002,0.0,0.17004362,0.0,0.0,1664000
hardzero_only__c0p58__z1p00__lam0p000__nu0p50__psi0p00,hardzero_only,0.07,48,520,0.0,3,0.16244797,0.16244797,1.1016185,0.0,0.07913733,0.0,0.0,0.07,-29.437397,2.4236093,0.8078698,0.14,0.0,0.2056674,0.0,0.0,1667200
hardzero_only__c0p58__z1p00__lam0p000__nu0p50__psi0p00,hardzero_only,0.07,48,521,0.0,3,0.16244797,0.16974165,0.9821519,0.10419528,0.10419528,1.0,0.00729367,0.07,-26.440027,2.1607773,0.72025913,0.216,0.0,0.18803635,0.0,0.0,1670400
hardzero_only__c0p58__z1p00__lam0p000__nu0p50__psi0p00,hardzero_only,0.07,48,522,0.0,3,0.16974165,0.16974165,1.0229211,0.0,0.09485907,0.0,0.0,0.07,-27.432642,2.2504714,0.7501571,0.18400002,0.0,0.16819774,0.0,0.0,1673600
hardzero_only__c0p58__z1p00__lam0p000__nu0p50__psi0p00,hardzero_only,0.07,48,523,0.0,3,0.16974165,0.17684807,0.99344665,0.10152042,0.10152042,1.0,0.0071064294,0.07,-27.25878,2.1856263,0.7285421,0.17600001,0.0,0.1629947,0.0,0.0,1676800
hardzero_only__c0p58__z1p00__lam0p000__nu0p50__psi0p00,hardzero_only,0.07,48,524,0.0,3,0.17684807,0.17684807,1.0102746,0.0,0.09766193,0.0,0.0,0.07,-27.482903,2.2226486,0.7408829,0.192,0.0,0.16341752,0.0,0.0,1680000
hardzero_only__c0p58__z1p00__lam0p000__nu0p50__psi0p00,hardzero_only,0.07,48,525,0.0,3,0.17684807,0.17684807,1.0168159,0.0,0.09620199,0.0,0.0,0.07,-27.984167,2.2370396,0.74567986,0.16800001,0.0,0.15980779,0.0,0.0,1683200
hardzero_only__c0p58__z1p00__lam0p000__nu0p50__psi0p00,hardzero_only,0.07,48,526,0.0,3,0.17684807,0.17684807,1.0026593,0.0,0.09938954,0.0,0.0,0.07,-27.231356,2.2058945,0.73529816,0.120000005,0.0,0.20075677,0.0,0.0,1686400
hardzero_only__c0p58__z1p00__lam0p000__nu0p50__psi0p00,hardzero_only,0.07,48,527,0.0,3,0.17684807,0.17684807,1.0371851,0.0,0.09179413,0.0,0.0,0.07,-27.519371,2.2818527,0.7606176,0.128,0.0,0.177317,0.0,0.0,1689600
hardzero_only__c0p58__z1p00__lam0p000__nu0p50__psi0p00,hardzero_only,0.07,48,528,0.0,3,0.17684807,0.17684807,1.106632,0.0,0.07822905,0.0,0.0,0.07,-28.25648,2.434639,0.8115463,0.16800001,0.0,0.2039713,0.0,0.0,1692800
hardzero_only__c0p58__z1p00__lam0p000__nu0p50__psi0p00,hardzero_only,0.07,48,529,0.0,3,0.17684807,0.18488872,0.93980646,0.11486655,0.11486655,1.0,0.008040658,0.07,-24.738333,2.0676155,0.68920517,0.23200001,0.0,0.15004155,0.0,0.0,1696000
hardzero_only__c0p58__z1p00__lam0p000__nu0p50__psi0p00,hardzero_only,0.07,48,530,0.0,3,0.18488872,0.18488872,1.0689875,0.0,0.08531248,0.0,0.0,0.07,-28.233425,2.3518195,0.78393984,0.208,0.0,0.18547224,0.0,0.0,1699200
hardzero_only__c0p58__z1p00__lam0p000__nu0p50__psi0p00,hardzero_only,0.07,48,531,0.0,3,0.18488872,0.19244052,0.96704763,0.10788283,0.10788283,1.0,0.007551798,0.07,-26.97814,2.1275473,0.70918244,0.2,0.0,0.16915263,0.0,0.0,1702400
hardzero_only__c0p58__z1p00__lam0p000__nu0p50__psi0p00,hardzero_only,0.07,48,532,0.0,3,0.19244052,0.19244052,1.0038909,0.0,0.09910809,0.0,0.0,0.07,-26.017353,2.208604,0.7362014,0.15200001,0.0,0.1639445,0.0,0.0,1705600
hardzero_only__c0p58__z1p00__lam0p000__nu0p50__psi0p00,hardzero_only,0.07,48,533,0.0,3,0.19244052,0.19244052,1.0667164,0.0,0.08575976,0.0,0.0,0.07,-27.390621,2.346823,0.78227437,0.08,0.0,0.18905412,0.0,0.0,1708800
hardzero_only__c0p58__z1p00__lam0p000__nu0p50__psi0p00,hardzero_only,0.07,48,534,0.0,3,0.19244052,0.19244052,1.0505631,0.0,0.08900962,0.0,0.0,0.07,-27.898613,2.311285,0.77042836,0.128,0.0,0.1821948,0.0,0.0,1712000
hardzero_only__c0p58__z1p00__lam0p000__nu0p50__psi0p00,hardzero_only,0.07,48,535,0.0,3,0.19244052,0.20002556,0.96514076,0.10835758,0.10835758,1.0,0.0075850305,0.07,-25.780235,2.123352,0.70778406,0.192,0.0,0.13810416,0.0,0.0,1715200
hardzero_only__c0p58__z1p00__lam0p000__nu0p50__psi0p00,hardzero_only,0.07,48,536,0.0,3,0.20002556,0.20747022,0.97325313,0.10635228,0.10635228,1.0,0.0074446592,0.07,-26.474672,2.1411996,0.7137332,0.16000001,0.0,0.15174307,0.0,0.0,1718400
hardzero_only__c0p58__z1p00__lam0p000__nu0p50__psi0p00,hardzero_only,0.07,48,537,0.0,3,0.20747022,0.20747022,1.030443,0.0,0.09323029,0.0,0.0,0.07,-27.13366,2.2670197,0.7556733,0.16000001,0.0,0.23194161,0.0,0.0,1721600
hardzero_only__c0p58__z1p00__lam0p000__nu0p50__psi0p00,hardzero_only,0.07,48,538,0.0,3,0.20747022,0.21455789,0.99459505,0.10125232,0.10125232,1.0,0.0070876624,0.07,-26.010836,2.1881528,0.7293843,0.16000001,0.0,0.16743444,0.0,0.0,1724800
hardzero_only__c0p58__z1p00__lam0p000__nu0p50__psi0p00,hardzero_only,0.07,48,539,0.0,3,0.21455789,0.2215695,0.9992804,0.10016584,0.10016584,1.0,0.0070116087,0.07,-26.969387,2.1984608,0.7328203,0.14400001,0.0,0.17438623,0.0,0.0,1728000
hardzero_only__c0p58__z1p00__lam0p000__nu0p50__psi0p00,hardzero_only,0.07,48,540,0.0,3,0.2215695,0.22870655,0.991579,0.101957925,0.101957925,1.0,0.0071370546,0.07,-27.13694,2.1815174,0.7271725,0.17600001,0.0,0.15517436,0.0,0.0,1731200
hardzero_only__c0p58__z1p00__lam0p000__nu0p50__psi0p00,hardzero_only,0.07,48,541,0.0,3,0.22870655,0.22870655,1.0194308,0.0,0.095624514,0.0,0.0,0.07,-26.475288,2.2427924,0.74759746,0.15200001,0.0,0.15372156,0.0,0.0,1734400
hardzero_only__c0p58__z1p00__lam0p000__nu0p50__psi0p00,hardzero_only,0.07,48,542,0.0,3,0.22870655,0.22870655,1.0228251,0.0,0.094880044,0.0,0.0,0.07,-27.198503,2.25026,0.7500867,0.17600001,0.0,0.18153697,0.0,0.0,1737600
hardzero_only__c0p58__z1p00__lam0p000__nu0p50__psi0p00,hardzero_only,0.07,48,543,0.0,3,0.22870655,0.22870655,1.027678,0.0,0.093825735,0.0,0.0,0.07,-27.151638,2.2609367,0.7536456,0.15200001,0.0,0.1662903,0.0,0.0,1740800
hardzero_only__c0p58__z1p00__lam0p000__nu0p50__psi0p00,hardzero_only,0.07,48,544,0.0,3,0.22870655,0.2358403,0.9917802,0.1019107,0.1019107,1.0,0.0071337493,0.07,-26.705257,2.18196,0.7273201,0.16800001,0.0,0.17047845,0.0,0.0,1744000
hardzero_only__c0p58__z1p00__lam0p000__nu0p50__psi0p00,hardzero_only,0.07,48,545,0.0,3,0.2358403,0.2358403,1.0144346,0.0,0.09673095,0.0,0.0,0.07,-26.918787,2.2318006,0.74393356,0.128,0.0,0.16429587,0.0,0.0,1747200
hardzero_only__c0p58__z1p00__lam0p000__nu0p50__psi0p00,hardzero_only,0.07,48,546,0.0,3,0.2358403,0.2358403,1.0529333,0.0,0.08852515,0.0,0.0,0.07,-27.458382,2.3164995,0.7721665,0.14,0.0,0.18514532,0.0,0.0,1750400
hardzero_only__c0p58__z1p00__lam0p000__nu0p50__psi0p00,hardzero_only,0.07,48,547,0.0,3,0.2358403,0.2358403,1.0067596,0.0,0.098455586,0.0,0.0,0.07,-26.091518,2.2149155,0.7383052,0.136,0.0,0.19492637,0.0,0.0,1753600
hardzero_only__c0p58__z1p00__lam0p000__nu0p50__psi0p00,hardzero_only,0.07,48,548,0.0,3,0.2358403,0.2358403,1.0247554,0.0,0.09445928,0.0,0.0,0.07,-27.717579,2.2545068,0.7515023,0.112,0.0,0.18258724,0.0,0.0,1756800
hardzero_only__c0p58__z1p00__lam0p000__nu0p50__psi0p00,hardzero_only,0.07,48,549,0.0,3,0.2358403,0.2437316,0.9479496,0.11273281,0.11273281,1.0,0.007891297,0.07,-26.597897,2.0855308,0.69517696,0.224,0.0,0.17144908,0.0,0.0,1760000
hardzero_only__c0p58__z1p00__lam0p000__nu0p50__psi0p00,hardzero_only,0.07,48,550,0.0,3,0.2437316,0.2437316,1.0032941,0.0,0.09924436,0.0,0.0,0.07,-26.92631,2.2072911,0.7357637,0.192,0.0,0.1593522,0.0,0.0,1763200
hardzero_only__c0p58__z1p00__lam0p000__nu0p50__psi0p00,hardzero_only,0.07,48,551,0.0,3,0.2437316,0.25152737,0.9532397,0.11136797,0.11136797,1.0,0.007795758,0.07,-26.683804,2.0971692,0.6990564,0.128,0.0,0.14560603,0.0,0.0,1766400
hardzero_only__c0p58__z1p00__lam0p000__nu0p50__psi0p00,hardzero_only,0.07,48,552,0.0,3,0.25152737,0.25878343,0.98439646,0.10365816,0.10365816,1.0,0.0072560715,0.07,-25.680906,2.1657155,0.7219052,0.17600001,0.0,0.14316566,0.0,0.0,1769600
hardzero_only__c0p58__z1p00__lam0p000__nu0p50__psi0p00,hardzero_only,0.07,48,553,0.0,3,0.25878343,0.2661475,0.97797996,0.10520104,0.10520104,1.0,0.007364073,0.07,-26.470932,2.151599,0.7171997,0.104,0.0,0.17319275,0.0,0.0,1772800
hardzero_only__c0p58__z1p00__lam0p000__nu0p50__psi0p00,hardzero_only,0.07,48,554,0.0,3,0.2661475,0.2661475,1.0292883,0.0,0.093478486,0.0,0.0,0.07,-27.360357,2.2644794,0.7548265,0.16000001,0.0,0.18299404,0.0,0.0,1776000
hardzero_only__c0p58__z1p00__lam0p000__nu0p50__psi0p00,hardzero_only,0.07,48,555,0.0,3,0.2661475,0.2661475,1.0006764,0.0,0.09984438,0.0,0.0,0.07,-27.150564,2.2015321,0.73384404,0.14400001,0.0,0.1768249,0.0,0.0,1779200
hardzero_only__c0p58__z1p00__lam0p000__nu0p50__psi0p00,hardzero_only,0.07,48,556,0.0,3,0.2661475,0.2661475,1.023082,0.0,0.094823934,0.0,0.0,0.07,-27.019045,2.2508254,0.75027514,0.208,0.016,0.19192922,0.0,0.0,1782400
hardzero_only__c0p58__z1p00__lam0p000__nu0p50__psi0p00,hardzero_only,0.07,48,557,0.0,3,0.2661475,0.2661475,1.03889,0.0,0.09143447,0.0,0.0,0.07,-27.981163,2.2856035,0.7618679,0.2,0.0,0.2007316,0.0,0.0,1785600
hardzero_only__c0p58__z1p00__lam0p000__nu0p50__psi0p00,hardzero_only,0.07,48,558,0.0,3,0.2661475,0.27319434,0.9971035,0.10066918,0.10066918,1.0,0.007046843,0.07,-27.865982,2.1936715,0.7312238,0.2,0.0,0.19486773,0.0,0.0,1788800
hardzero_only__c0p58__z1p00__lam0p000__nu0p50__psi0p00,hardzero_only,0.07,48,559,0.0,3,0.27319434,0.28118667,0.94242436,0.11417622,0.11417622,1.0,0.007992336,0.07,-27.143667,2.073375,0.69112504,0.21,0.0,0.17317575,0.0,0.0,1792000
hardzero_only__c0p58__z1p00__lam0p000__nu0p50__psi0p00,hardzero_only,0.07,48,560,0.0,3,0.28118667,0.28858846,0.97576076,0.10573997,0.10573997,1.0,0.0074017984,0.07,-26.637762,2.1467166,0.71557224,0.16000001,0.0,0.16227871,0.0,0.0,1795200
hardzero_only__c0p58__z1p00__lam0p000__nu0p50__psi0p00,hardzero_only,0.07,48,561,0.0,3,0.28858846,0.29578426,0.98801935,0.102797054,0.102797054,1.0,0.007195794,0.07,-27.178444,2.173686,0.72456205,0.192,0.0,0.14078625,0.0,0.0,1798400
hardzero_only__c0p58__z1p00__lam0p000__nu0p50__psi0p00,hardzero_only,0.07,48,562,0.0,3,0.29578426,0.29578426,1.0209482,0.0,0.09529099,0.0,0.0,0.07,-27.066172,2.2461307,0.7487103,0.136,0.0,0.17648484,0.0,0.0,1801600
hardzero_only__c0p58__z1p00__lam0p000__nu0p50__psi0p00,hardzero_only,0.07,48,563,0.0,3,0.29578426,0.29578426,1.0059228,0.0,0.09864547,0.0,0.0,0.07,-26.596127,2.2130742,0.7376914,0.128,0.0,0.16891555,0.0,0.0,1804800
hardzero_only__c0p58__z1p00__lam0p000__nu0p50__psi0p00,hardzero_only,0.07,48,564,0.0,3,0.29578426,0.29578426,1.0344273,0.0,0.09237888,0.0,0.0,0.07,-27.522202,2.2757854,0.75859517,0.16000001,0.0,0.19476698,0.0,0.0,1808000
hardzero_only__c0p58__z1p00__lam0p000__nu0p50__psi0p00,hardzero_only,0.07,48,565,0.0,3,0.29578426,0.29578426,1.0525146,0.0,0.08861055,0.0,0.0,0.07,-27.703768,2.3155782,0.7718594,0.112,0.0,0.1902556,0.0,0.0,1811200
hardzero_only__c0p58__z1p00__lam0p000__nu0p50__psi0p00,hardzero_only,0.07,48,566,0.0,3,0.29578426,0.29578426,1.0332954,0.0,0.09261996,0.0,0.0,0.07,-26.837967,2.2732952,0.75776505,0.192,0.008,0.17879847,0.0,0.0,1814400
hardzero_only__c0p58__z1p00__lam0p000__nu0p50__psi0p00,hardzero_only,0.07,48,567,0.0,3,0.29578426,0.3039476,0.9332307,0.116619,0.116619,1.0,0.00816333,0.07,-25.48568,2.0531485,0.68438286,0.28,0.0,0.15579517,0.0,0.0,1817600
hardzero_only__c0p58__z1p00__lam0p000__nu0p50__psi0p00,hardzero_only,0.07,48,568,0.0,3,0.3039476,0.31108046,0.99183506,0.10189783,0.10189783,1.0,0.007132848,0.07,-26.525457,2.1820807,0.72736025,0.192,0.0,0.15168789,0.0,0.0,1820800
hardzero_only__c0p58__z1p00__lam0p000__nu0p50__psi0p00,hardzero_only,0.07,48,569,0.0,3,0.31108046,0.31108046,1.0488204,0.0,0.089367494,0.0,0.0,0.07,-28.2419,2.3074508,0.76915026,0.15200001,0.0,0.21652624,0.0,0.0,1824000
hardzero_only__c0p58__z1p00__lam0p000__nu0p50__psi0p00,hardzero_only,0.07,48,570,0.0,3,0.31108046,0.31810284,0.99861395,0.100319654,0.100319654,1.0,0.0070223757,0.07,-27.71606,2.1969945,0.7323315,0.16000001,0.0,0.21064912,0.0,0.0,1827200
hardzero_only__c0p58__z1p00__lam0p000__nu0p50__psi0p00,hardzero_only,0.07,48,571,0.0,3,0.31810284,0.31810284,1.0067065,0.0,0.09846765,0.0,0.0,0.07,-26.44272,2.2147985,0.73826617,0.120000005,0.0,0.16721322,0.0,0.0,1830400
hardzero_only__c0p58__z1p00__lam0p000__nu0p50__psi0p00,hardzero_only,0.07,48,572,0.0,3,0.31810284,0.31810284,1.023307,0.0,0.09477483,0.0,0.0,0.07,-27.336761,2.2513204,0.7504401,0.17,0.0,0.17318082,0.0,0.0,1833600
hardzero_only__c0p58__z1p00__lam0p000__nu0p50__psi0p00,hardzero_only,0.07,48,573,0.0,3,0.31810284,0.32627597,0.9327091,0.11675913,0.11675913,1.0,0.008173139,0.07,-25.949703,2.052001,0.6840004,0.17600001,0.0,0.16600233,0.0,0.0,1836800
hardzero_only__c0p58__z1p00__lam0p000__nu0p50__psi0p00,hardzero_only,0.07,48,574,0.0,3,0.32627597,0.32627597,1.0259815,0.0,0.09419296,0.0,0.0,0.07,-27.227873,2.2572045,0.75240153,0.18400002,0.0,0.18418963,0.0,0.0,1840000
hardzero_only__c0p58__z1p00__lam0p000__nu0p50__psi0p00,hardzero_only,0.07,48,575,0.0,3,0.32627597,0.33443502,0.93345934,0.11655763,0.11655763,1.0,0.008159034,0.07,-25.591919,2.0536516,0.6845505,0.16800001,0.0,0.1603409,0.0,0.0,1843200
hardzero_only__c0p58__z1p00__lam0p000__nu0p50__psi0p00,hardzero_only,0.07,48,576,0.0,3,0.33443502,0.33443502,1.0317689,0.0,0.09294608,0.0,0.0,0.07,-27.242992,2.269937,0.7566457,0.136,0.0,0.17969087,0.0,0.0,1846400
hardzero_only__c0p58__z1p00__lam0p000__nu0p50__psi0p00,hardzero_only,0.07,48,577,0.0,3,0.33443502,0.34164387,0.9872326,0.10298343,0.10298343,1.0,0.00720884,0.07,-26.482313,2.171955,0.7239851,0.136,0.0,0.16194554,0.0,0.0,1849600
hardzero_only__c0p58__z1p00__lam0p000__nu0p50__psi0p00,hardzero_only,0.07,48,578,0.0,3,0.34164387,0.34164387,1.0015792,0.0,0.09963705,0.0,0.0,0.07,-27.278532,2.2035182,0.7345061,0.14400001,0.0,0.18341699,0.0,0.0,1852800
hardzero_only__c0p58__z1p00__lam0p000__nu0p50__psi0p00,hardzero_only,0.07,48,579,0.0,3,0.34164387,0.3491572,0.96926486,0.10733346,0.10733346,1.0,0.007513342,0.07,-26.149393,2.1324253,0.71080846,0.18400002,0.008,0.18156011,0.0,0.0,1856000
hardzero_only__c0p58__z1p00__lam0p000__nu0p50__psi0p00,hardzero_only,0.07,48,580,0.0,3,0.3491572,0.3491572,1.0448539,0.0,0.09018743,0.0,0.0,0.07,-27.720724,2.2987244,0.7662415,0.128,0.0,0.15395701,0.0,0.0,1859200
hardzero_only__c0p58__z1p00__lam0p000__nu0p50__psi0p00,hardzero_only,0.07,48,581,0.0,3,0.3491572,0.3491572,1.0302491,0.0,0.09327192,0.0,0.0,0.07,-27.723955,2.2665932,0.7555311,0.104,0.0,0.17425202,0.0,0.0,1862400
hardzero_only__c0p58__z1p00__lam0p000__nu0p50__psi0p00,hardzero_only,0.07,48,582,0.0,3,0.3491572,0.356734,0.9656131,0.108239785,0.108239785,1.0,0.007576785,0.07,-26.140743,2.1243913,0.7081305,0.224,0.0,0.1781763,0.0,0.0,1865600
hardzero_only__c0p58__z1p00__lam0p000__nu0p50__psi0p00,hardzero_only,0.07,48,583,0.0,3,0.356734,0.356734,1.0018836,0.0,0.099567205,0.0,0.0,0.07,-26.642872,2.2041879,0.7347293,0.18400002,0.0,0.17198434,0.0,0.0,1868800
hardzero_only__c0p58__z1p00__lam0p000__nu0p50__psi0p00,hardzero_only,0.07,48,584,0.0,3,0.356734,0.356734,1.0015342,0.0,0.09964736,0.0,0.0,0.07,-26.319872,2.2034192,0.7344731,0.16000001,0.0,0.17264722,0.0,0.0,1872000
hardzero_only__c0p58__z1p00__lam0p000__nu0p50__psi0p00,hardzero_only,0.07,48,585,0.0,3,0.356734,0.356734,1.0103465,0.0,0.097645774,0.0,0.0,0.07,-26.987282,2.2228067,0.74093556,0.16,0.0,0.16795269,0.0,0.0,1875200
hardzero_only__c0p58__z1p00__lam0p000__nu0p50__psi0p00,hardzero_only,0.07,48,586,0.0,3,0.356734,0.356734,1.0054055,0.0,0.09876305,0.0,0.0,0.07,-27.168598,2.2119362,0.7373121,0.23200001,0.008,0.18928353,0.0,0.0,1878400
hardzero_only__c0p58__z1p00__lam0p000__nu0p50__psi0p00,hardzero_only,0.07,48,587,0.0,3,0.356734,0.36400047,0.98377526,0.10380653,0.10380653,1.0,0.007266457,0.07,-26.632328,2.1643488,0.7214496,0.128,0.0,0.16186549,0.0,0.0,1881600
hardzero_only__c0p58__z1p00__lam0p000__nu0p50__psi0p00,hardzero_only,0.07,48,588,0.0,3,0.36400047,0.37122864,0.9860697,0.10325956,0.10325956,1.0,0.0072281696,0.07,-26.969902,2.1693966,0.72313225,0.18400002,0.0,0.18088269,0.0,0.0,1884800
hardzero_only__c0p58__z1p00__lam0p000__nu0p50__psi0p00,hardzero_only,0.07,48,589,0.0,3,0.37122864,0.37122864,1.0659037,0.0,0.0859204,0.0,0.0,0.07,-27.717548,2.3450348,0.7816783,0.120000005,0.0,0.19230804,0.0,0.0,1888000
hardzero_only__c0p58__z1p00__lam0p000__nu0p50__psi0p00,hardzero_only,0.07,48,590,0.0,3,0.37122864,0.37122864,1.0236368,0.0,0.094702885,0.0,0.0,0.07,-26.479837,2.2520459,0.750682,0.16000001,0.0,0.174067,0.0,0.0,1891200
hardzero_only__c0p58__z1p00__lam0p000__nu0p50__psi0p00,hardzero_only,0.07,48,591,0.0,3,0.37122864,0.37122864,1.0656176,0.0,0.08597704,0.0,0.0,0.07,-27.276981,2.3444054,0.7814685,0.136,0.0,0.18145412,0.0,0.0,1894400
hardzero_only__c0p58__z1p00__lam0p000__nu0p50__psi0p00,hardzero_only,0.07,48,592,0.0,3,0.37122864,0.37862575,0.9760365,0.10567286,0.10567286,1.0,0.0073971003,0.07,-26.415422,2.1473231,0.7157744,0.208,0.008,0.18140112,0.0,0.0,1897600
hardzero_only__c0p58__z1p00__lam0p000__nu0p50__psi0p00,hardzero_only,0.07,48,593,0.0,3,0.37862575,0.38599688,0.9775648,0.10530164,0.10530164,1.0,0.007371115,0.07,-26.94272,2.1506855,0.7168952,0.136,0.0,0.15881617,0.0,0.0,1900800
hardzero_only__c0p58__z1p00__lam0p000__nu0p50__psi0p00,hardzero_only,0.07,48,594,0.0,3,0.38599688,0.38599688,1.0127589,0.0,0.09710489,0.0,0.0,0.07,-27.112717,2.228114,0.74270463,0.216,0.008,0.19380979,0.0,0.0,1904000
hardzero_only__c0p58__z1p00__lam0p000__nu0p50__psi0p00,hardzero_only,0.07,48,595,0.0,3,0.38599688,0.3942256,0.9297661,0.117553055,0.117553055,1.0,0.008228714,0.07,-25.896442,2.0455263,0.6818421,0.224,0.0,0.16072103,0.0,0.0,1907200
hardzero_only__c0p58__z1p00__lam0p000__nu0p50__psi0p00,hardzero_only,0.07,48,596,0.0,3,0.3942256,0.40194046,0.9577701,0.110212244,0.110212244,1.0,0.0077148573,0.07,-26.64802,2.1071362,0.70237875,0.18400002,0.0,0.15363017,0.0,0.0,1910400
hardzero_only__c0p58__z1p00__lam0p000__nu0p50__psi0p00,hardzero_only,0.07,48,597,0.0,3,0.40194046,0.40943035,0.9706231,0.10699831,0.10699831,1.0,0.0074898815,0.07,-26.419794,2.1354134,0.7118045,0.128,0.0,0.14993928,0.0,0.0,1913600
hardzero_only__c0p58__z1p00__lam0p000__nu0p50__psi0p00,hardzero_only,0.07,48,598,0.0,3,0.40943035,0.40943035,1.0492642,0.0,0.08927622,0.0,0.0,0.07,-27.447289,2.3084273,0.7694758,0.17,0.0,0.17165212,0.0,0.0,1916800
hardzero_only__c0p58__z1p00__lam0p000__nu0p50__psi0p00,hardzero_only,0.07,48,599,0.0,3,0.40943035,0.40943035,1.0106685,0.0,0.0975734,0.0,0.0,0.07,-27.732452,2.223515,0.7411717,0.192,0.0,0.17441723,0.0,0.0,1920000
hardzero_only__c0p58__z1p00__lam0p000__nu0p50__psi0p00,hardzero_only,0.07,48,600,0.0,3,0.40943035,0.41724378,0.952257,0.11162026,0.11162026,1.0,0.007813418,0.07,-26.415892,2.0950072,0.69833577,0.128,0.0,0.16696697,0.0,0.0,1923200
hardzero_only__c0p58__z1p00__lam0p000__nu0p50__psi0p00,hardzero_only,0.07,48,601,0.0,3,0.41724378,0.42439964,0.990436,0.1022266,0.1022266,1.0,0.007155862,0.07,-27.029541,2.1790028,0.7263343,0.17600001,0.0,0.18684882,0.0,0.0,1926400
hardzero_only__c0p58__z1p00__lam0p000__nu0p50__psi0p00,hardzero_only,0.07,48,602,0.0,3,0.42439964,0.42439964,1.0214535,0.0,0.09518018,0.0,0.0,0.07,-27.327524,2.2472427,0.7490809,0.14400001,0.0,0.18515976,0.0,0.0,1929600
hardzero_only__c0p58__z1p00__lam0p000__nu0p50__psi0p00,hardzero_only,0.07,48,603,0.0,3,0.42439964,0.42439964,1.0303546,0.0,0.093249254,0.0,0.0,0.07,-27.306267,2.2668254,0.7556085,0.17600001,0.0,0.17418782,0.0,0.0,1932800
hardzero_only__c0p58__z1p00__lam0p000__nu0p50__psi0p00,hardzero_only,0.07,48,604,0.0,3,0.42439964,0.42439964,1.0095471,0.0,0.09782566,0.0,0.0,0.07,-26.89507,2.2210479,0.7403493,0.18400002,0.0,0.17254871,0.0,0.0,1936000
hardzero_only__c0p58__z1p00__lam0p000__nu0p50__psi0p00,hardzero_only,0.07,48,605,0.0,3,0.42439964,0.43252233,0.93539864,0.116038285,0.116038285,1.0,0.00812268,0.07,-26.587803,2.057918,0.6859727,0.208,0.0,0.18557015,0.0,0.0,1939200
hardzero_only__c0p58__z1p00__lam0p000__nu0p50__psi0p00,hardzero_only,0.07,48,606,0.0,3,0.43252233,0.43252233,1.031018,0.0,0.093106925,0.0,0.0,0.07,-27.315784,2.268285,0.75609505,0.18400002,0.0,0.18092383,0.0,0.0,1942400
hardzero_only__c0p58__z1p00__lam0p000__nu0p50__psi0p00,hardzero_only,0.07,48,607,0.0,3,0.43252233,0.43252233,1.0402999,0.0,0.09113813,0.0,0.0,0.07,-27.970772,2.2887053,0.7629018,0.112,0.0,0.16821988,0.0,0.0,1945600
hardzero_only__c0p58__z1p00__lam0p000__nu0p50__psi0p00,hardzero_only,0.07,48,608,0.0,3,0.43252233,0.43252233,1.0441138,0.0,0.090341285,0.0,0.0,0.07,-28.214615,2.297096,0.7656987,0.14400001,0.0,0.2172241,0.0,0.0,1948800
hardzero_only__c0p58__z1p00__lam0p000__nu0p50__psi0p00,hardzero_only,0.07,48,609,0.0,3,0.43252233,0.43962863,0.9934534,0.10151884,0.10151884,1.0,0.0071063186,0.07,-27.011097,2.185641,0.72854704,0.192,0.0,0.15199272,0.0,0.0,1952000
hardzero_only__c0p58__z1p00__lam0p000__nu0p50__psi0p00,hardzero_only,0.07,48,610,0.0,3,0.43962863,0.44697773,0.978863,0.10498736,0.10498736,1.0,0.0073491153,0.07,-27.612911,2.1535416,0.7178472,0.15200001,0.0,0.1532895,0.0,0.0,1955200
hardzero_only__c0p58__z1p00__lam0p000__nu0p50__psi0p00,hardzero_only,0.07,48,611,0.0,3,0.44697773,0.44697773,1.0349668,0.0,0.09226418,0.0,0.0,0.07,-26.750778,2.2769725,0.7589909,0.13,0.0,0.15694115,0.0,0.0,1958400
hardzero_only__c0p58__z1p00__lam0p000__nu0p50__psi0p00,hardzero_only,0.07,48,612,0.0,3,0.44697773,0.44697773,1.0049601,0.0,0.0988644,0.0,0.0,0.07,-26.831509,2.2109563,0.73698545,0.120000005,0.0,0.15997663,0.0,0.0,1961600
hardzero_only__c0p58__z1p00__lam0p000__nu0p50__psi0p00,hardzero_only,0.07,48,613,0.0,3,0.44697773,0.44697773,1.037353,0.0,0.09175864,0.0,0.0,0.07,-27.055443,2.2822223,0.76074076,0.104,0.0,0.18280736,0.0,0.0,1964800
hardzero_only__c0p58__z1p00__lam0p000__nu0p50__psi0p00,hardzero_only,0.07,48,614,0.0,3,0.44697773,0.45474246,0.9549724,0.11092453,0.11092453,1.0,0.007764717,0.07,-25.726738,2.1009812,0.7003271,0.208,0.0,0.16723073,0.0,0.0,1968000
hardzero_only__c0p58__z1p00__lam0p000__nu0p50__psi0p00,hardzero_only,0.07,48,615,0.0,3,0.45474246,0.45474246,1.0128019,0.0,0.09709529,0.0,0.0,0.07,-26.5894,2.2282085,0.7427362,0.17600001,0.0,0.1556187,0.0,0.0,1971200
hardzero_only__c0p58__z1p00__lam0p000__nu0p50__psi0p00,hardzero_only,0.07,48,616,0.0,3,0.45474246,0.45474246,1.0297403,0.0,0.09338125,0.0,0.0,0.07,-27.517778,2.2654738,0.75515795,0.120000005,0.0,0.17133145,0.0,0.0,1974400
hardzero_only__c0p58__z1p00__lam0p000__nu0p50__psi0p00,hardzero_only,0.07,48,617,0.0,3,0.45474246,0.45474246,1.0315417,0.0,0.092994705,0.0,0.0,0.07,-27.50019,2.269437,0.756479,0.208,0.0,0.19429797,0.0,0.0,1977600
hardzero_only__c0p58__z1p00__lam0p000__nu0p50__psi0p00,hardzero_only,0.07,48,618,0.0,3,0.45474246,0.45474246,1.0389783,0.0,0.091415875,0.0,0.0,0.07,-27.722464,2.285798,0.76193273,0.16800001,0.0,0.1902289,0.0,0.0,1980800
hardzero_only__c0p58__z1p00__lam0p000__nu0p50__psi0p00,hardzero_only,0.07,48,619,0.0,3,0.45474246,0.46176586,0.99855053,0.10033432,0.10033432,1.0,0.007023402,0.07,-26.98156,2.196855,0.732285,0.16000001,0.0,0.1419737,0.0,0.0,1984000
hardzero_only__c0p58__z1p00__lam0p000__nu0p50__psi0p00,hardzero_only,0.07,48,620,0.0,3,0.46176586,0.46176586,1.0413975,0.0,0.09090809,0.0,0.0,0.07,-27.849697,2.29112,0.7637067,0.2,0.0,0.19112432,0.0,0.0,1987200
hardzero_only__c0p58__z1p00__lam0p000__nu0p50__psi0p00,hardzero_only,0.07,48,621,0.0,3,0.46176586,0.46176586,1.0086842,0.0,0.09802026,0.0,0.0,0.07,-26.613634,2.2191496,0.73971653,0.136,0.0,0.17570952,0.0,0.0,1990400
hardzero_only__c0p58__z1p00__lam0p000__nu0p50__psi0p00,hardzero_only,0.07,48,622,0.0,3,0.46176586,0.4691381,0.9774983,0.10531779,0.10531779,1.0,0.007372245,0.07,-26.94356,2.1505392,0.7168464,0.2,0.008,0.1615574,0.0,0.0,1993600
hardzero_only__c0p58__z1p00__lam0p000__nu0p50__psi0p00,hardzero_only,0.07,48,623,0.0,3,0.4691381,0.4691381,1.0051607,0.0,0.09881873,0.0,0.0,0.07,-27.664595,2.2113976,0.73713255,0.120000005,0.0,0.15689942,0.0,0.0,1996800
hardzero_only__c0p58__z1p00__lam0p000__nu0p50__psi0p00,hardzero_only,0.07,48,624,0.0,3,0.4691381,0.4691381,1.0406083,0.0,0.09107344,0.0,0.0,0.07,-28.028008,2.289384,0.763128,0.17999999,0.0,0.1900804,0.0,0.0,2000000
hardzero_only__c0p58__z1p00__lam0p000__nu0p50__psi0p00,hardzero_only,0.07,48,625,0.0,3,0.4691381,0.4764258,0.98250747,0.10411001,0.10411001,1.0,0.0072877007,0.07,-26.918705,2.1615596,0.7205199,0.2,0.0,0.17766862,0.0,0.0,2003200
hardzero_only__c0p58__z1p00__lam0p000__nu0p50__psi0p00,hardzero_only,0.07,48,626,0.0,3,0.4764258,0.4764258,1.0176498,0.0,0.096017465,0.0,0.0,0.07,-27.36146,2.2388742,0.7462914,0.136,0.0,0.15906157,0.0,0.0,2006400
hardzero_only__c0p58__z1p00__lam0p000__nu0p50__psi0p00,hardzero_only,0.07,48,627,0.0,3,0.4764258,0.4764258,1.0122219,0.0,0.09722503,0.0,0.0,0.07,-27.346945,2.2269328,0.74231094,0.15200001,0.0,0.1607455,0.0,0.0,2009600
hardzero_only__c0p58__z1p00__lam0p000__nu0p50__psi0p00,hardzero_only,0.07,48,628,0.0,3,0.4764258,0.4835252,0.9938772,0.10141982,0.10141982,1.0,0.0070993877,0.07,-26.559435,2.1865735,0.7288579,0.17600001,0.0,0.15926094,0.0,0.0,2012800
hardzero_only__c0p58__z1p00__lam0p000__nu0p50__psi0p00,hardzero_only,0.07,48,629,0.0,3,0.4835252,0.49064767,0.99246556,0.10175001,0.10175001,1.0,0.007122501,0.07,-26.22921,2.1834679,0.72782266,0.16800001,0.0,0.16454293,0.0,0.0,2016000
hardzero_only__c0p58__z1p00__lam0p000__nu0p50__psi0p00,hardzero_only,0.07,48,630,0.0,3,0.49064767,0.49064767,1.0041255,0.0,0.09905457,0.0,0.0,0.07,-26.525389,2.2091203,0.7363734,0.16000001,0.0,0.16504751,0.0,0.0,2019200
hardzero_only__c0p58__z1p00__lam0p000__nu0p50__psi0p00,hardzero_only,0.07,48,631,0.0,3,0.49064767,0.49787813,0.98593193,0.10329233,0.10329233,1.0,0.0072304634,0.07,-26.493351,2.1690936,0.7230312,0.17600001,0.0,0.16583675,0.0,0.0,2022400
hardzero_only__c0p58__z1p00__lam0p000__nu0p50__psi0p00,hardzero_only,0.07,48,632,0.0,3,0.49787813,0.49787813,1.0598534,0.0,0.087125756,0.0,0.0,0.07,-28.051544,2.3317242,0.7772414,0.14400001,0.0,0.20399548,0.0,0.0,2025600
hardzero_only__c0p58__z1p00__lam0p000__nu0p50__psi0p00,hardzero_only,0.07,48,633,0.0,3,0.49787813,0.49787813,1.0185978,0.0,0.09580809,0.0,0.0,0.07,-28.595089,2.2409601,0.74698675,0.216,0.0,0.21437806,0.0,0.0,2028800
hardzero_only__c0p58__z1p00__lam0p000__nu0p50__psi0p00,hardzero_only,0.07,48,634,0.0,3,0.49787813,0.5054501,0.9658873,0.10817147,0.10817147,1.0,0.007572003,0.07,-26.460806,2.1249945,0.7083315,0.128,0.0,0.16398203,0.0,0.0,2032000
hardzero_only__c0p58__z1p00__lam0p000__nu0p50__psi0p00,hardzero_only,0.07,48,635,0.0,3,0.5054501,0.5054501,1.0359756,0.0,0.09205013,0.0,0.0,0.07,-28.456507,2.2791917,0.7597306,0.18400002,0.0,0.19168651,0.0,0.0,2035200
hardzero_only__c0p58__z1p00__lam0p000__nu0p50__psi0p00,hardzero_only,0.07,48,636,0.0,3,0.5054501,0.51249075,0.99748725,0.10058027,0.10058027,1.0,0.007040619,0.07,-26.36684,2.1945157,0.7315053,0.16000001,0.0,0.17404544,0.0,0.0,2038400
hardzero_only__c0p58__z1p00__lam0p000__nu0p50__psi0p00,hardzero_only,0.07,48,637,0.0,3,0.51249075,0.5200743,0.9652265,0.10833619,0.10833619,1.0,0.0075835334,0.07,-26.745049,2.1235406,0.7078469,0.13,0.0,0.14812405,0.0,0.0,2041600
hardzero_only__c0p58__z1p00__lam0p000__nu0p50__psi0p00,hardzero_only,0.07,48,638,0.0,3,0.5200743,0.52729344,0.986611,0.10313093,0.10313093,1.0,0.007219165,0.07,-26.53411,2.1705875,0.7235292,0.2,0.0,0.16225623,0.0,0.0,2044800
hardzero_only__c0p58__z1p00__lam0p000__nu0p50__psi0p00,hardzero_only,0.07,48,639,0.0,3,0.52729344,0.52729344,1.0271543,0.0,0.093938954,0.0,0.0,0.07,-27.120892,2.2597847,0.75326157,0.2,0.0,0.16332293,0.0,0.0,2048000
hardzero_only__c0p58__z1p00__lam0p000__nu0p50__psi0p00,hardzero_only,0.07,48,640,0.0,3,0.52729344,0.52729344,1.055266,0.0,0.08805093,0.0,0.0,0.07,-27.689344,2.3216317,0.77387726,0.16800001,0.0,0.1824793,0.0,0.0,2051200
hardzero_only__c0p58__z1p00__lam0p000__nu0p50__psi0p00,hardzero_only,0.07,48,641,0.0,3,0.52729344,0.5346547,0.9781486,0.10516019,0.10516019,1.0,0.0073612137,0.07,-26.28641,2.15197,0.7173233,0.216,0.0,0.16755871,0.0,0.0,2054400
hardzero_only__c0p58__z1p00__lam0p000__nu0p50__psi0p00,hardzero_only,0.07,48,642,0.0,3,0.5346547,0.5417087,0.99666196,0.10077157,0.10077157,1.0,0.00705401,0.07,-26.811794,2.1927001,0.73090005,0.192,0.0,0.18671784,0.0,0.0,2057600
hardzero_only__c0p58__z1p00__lam0p000__nu0p50__psi0p00,hardzero_only,0.07,48,643,0.0,3,0.5417087,0.5417087,1.0509268,0.0,0.08893509,0.0,0.0,0.07,-27.276651,2.3120852,0.7706951,0.120000005,0.0,0.17778257,0.0,0.0,2060800
hardzero_only__c0p58__z1p00__lam0p000__nu0p50__psi0p00,hardzero_only,0.07,48,644,0.0,3,0.5417087,0.5417087,1.0212485,0.0,0.095225126,0.0,0.0,0.07,-28.136353,2.2467914,0.74893045,0.2,0.0,0.19760606,0.0,0.0,2064000
hardzero_only__c0p58__z1p00__lam0p000__nu0p50__psi0p00,hardzero_only,0.07,48,645,0.0,3,0.5417087,0.5417087,1.0325161,0.0,0.09278631,0.0,0.0,0.07,-27.584795,2.2715807,0.75719357,0.128,0.0,0.17912981,0.0,0.0,2067200
hardzero_only__c0p58__z1p00__lam0p000__nu0p50__psi0p00,hardzero_only,0.07,48,646,0.0,3,0.5417087,0.54938626,0.95987505,0.10967935,0.10967935,1.0,0.0076775546,0.07,-26.599846,2.1117673,0.70392245,0.15200001,0.0,0.16325688,0.0,0.0,2070400
hardzero_only__c0p58__z1p00__lam0p000__nu0p50__psi0p00,hardzero_only,0.07,48,647,0.0,3,0.54938626,0.5570746,0.9592661,0.10983325,0.10983325,1.0,0.007688327,0.07,-26.82163,2.1104276,0.7034759,0.208,0.008,0.17153423,0.0,0.0,2073600
hardzero_only__c0p58__z1p00__lam0p000__nu0p50__psi0p00,hardzero_only,0.07,48,648,0.0,3,0.5570746,0.56471884,0.96176374,0.10920343,0.10920343,1.0,0.00764424,0.07,-25.65601,2.1159225,0.7053075,0.14400001,0.0,0.15798007,0.0,0.0,2076800
hardzero_only__c0p58__z1p00__lam0p000__nu0p50__psi0p00,hardzero_only,0.07,48,649,0.0,3,0.56471884,0.56471884,1.022084,0.0,0.09504208,0.0,0.0,0.07,-26.705303,2.2486296,0.7495432,0.16800001,0.0,0.19319856,0.0,0.0,2080000
hardzero_only__c0p58__z1p00__lam0p000__nu0p50__psi0p00,hardzero_only,0.07,48,650,0.0,3,0.56471884,0.5723299,0.96365476,0.10872896,0.10872896,1.0,0.0076110275,0.07,-26.495407,2.1200829,0.7066943,0.17,0.0,0.16529658,0.0,0.0,2083200
hardzero_only__c0p58__z1p00__lam0p000__nu0p50__psi0p00,hardzero_only,0.07,48,651,0.0,3,0.5723299,0.5795094,0.9890044,0.102564156,0.102564156,1.0,0.0071794908,0.07,-26.68109,2.175853,0.72528434,0.17600001,0.0,0.15755817,0.0,0.0,2086400
hardzero_only__c0p58__z1p00__lam0p000__nu0p50__psi0p00,hardzero_only,0.07,48,652,0.0,3,0.5795094,0.5868925,0.97685844,0.10547306,0.10547306,1.0,0.007383114,0.07,-25.917309,2.1491315,0.7163772,0.15200001,0.0,0.14194001,0.0,0.0,2089600
hardzero_only__c0p58__z1p00__lam0p000__nu0p50__psi0p00,hardzero_only,0.07,48,653,1.0,4,0.5868925,0.014008477,0.9928636,0.101656795,0.101656795,1.0,0.0071159755,0.07,-27.079412,2.1843436,0.72811455,0.192,0.0,0.17146438,0.0,0.0,2092800
hardzero_only__c0p58__z1p00__lam0p000__nu0p50__psi0p00,hardzero_only,0.07,48,654,0.0,4,0.014008477,0.021678068,0.9603258,0.109565586,0.109565586,1.0,0.007669591,0.07,-26.41942,2.1127589,0.70425296,0.16800001,0.0,0.17624734,0.0,0.0,2096000
hardzero_only__c0p58__z1p00__lam0p000__nu0p50__psi0p00,hardzero_only,0.07,48,655,0.0,4,0.021678068,0.021678068,1.0035933,0.0,0.09917603,0.0,0.0,0.07,-27.545729,2.2079494,0.73598313,0.15200001,0.0,0.16953586,0.0,0.0,2099200
hardzero_only__c0p58__z1p00__lam0p000__nu0p50__psi0p00,hardzero_only,0.07,48,656,0.0,4,0.021678068,0.021678068,1.0141218,0.0,0.09680065,0.0,0.0,0.07,-27.115055,2.2311125,0.7437042,0.136,0.0,0.16615637,0.0,0.0,2102400
hardzero_only__c0p58__z1p00__lam0p000__nu0p50__psi0p00,hardzero_only,0.07,48,657,0.0,4,0.021678068,0.028912442,0.98569703,0.103348196,0.103348196,1.0,0.0072343736,0.07,-27.000744,2.1685767,0.7228589,0.17600001,0.0,0.1728786,0.0,0.0,2105600
hardzero_only__c0p58__z1p00__lam0p000__nu0p50__psi0p00,hardzero_only,0.07,48,658,0.0,4,0.028912442,0.036880206,0.9437615,0.113825224,0.113825224,1.0,0.007967765,0.07,-25.450941,2.0763168,0.69210565,0.16800001,0.0,0.1507231,0.0,0.0,2108800
hardzero_only__c0p58__z1p00__lam0p000__nu0p50__psi0p00,hardzero_only,0.07,48,659,0.0,4,0.036880206,0.036880206,1.0128487,0.0,0.0970848,0.0,0.0,0.07,-27.894047,2.2283118,0.7427706,0.14400001,0.0,0.19089569,0.0,0.0,2112000
hardzero_only__c0p58__z1p00__lam0p000__nu0p50__psi0p00,hardzero_only,0.07,48,660,0.0,4,0.036880206,0.044712316,0.9512192,0.11188729,0.11188729,1.0,0.007832111,0.07,-26.00872,2.092724,0.69757473,0.208,0.0,0.16468756,0.0,0.0,2115200
hardzero_only__c0p58__z1p00__lam0p000__nu0p50__psi0p00,hardzero_only,0.07,48,661,0.0,4,0.044712316,0.05216428,0.97282743,0.1064566,0.1064566,1.0,0.007451962,0.07,-26.767267,2.140263,0.71342105,0.16000001,0.0,0.19531508,0.0,0.0,2118400
hardzero_only__c0p58__z1p00__lam0p000__nu0p50__psi0p00,hardzero_only,0.07,48,662,0.0,4,0.05216428,0.0592344,0.9956713,0.10100171,0.10100171,1.0,0.0070701195,0.07,-27.453012,2.1905205,0.7301735,0.15200001,0.0,0.16597687,0.0,0.0,2121600
hardzero_only__c0p58__z1p00__lam0p000__nu0p50__psi0p00,hardzero_only,0.07,48,663,0.0,4,0.0592344,0.06673741,0.9698622,0.10718593,0.10718593,1.0,0.007503015,0.07,-27.513052,2.1337395,0.7112465,0.19999999,0.0,0.15988496,0.0,0.0,2124800
hardzero_only__c0p58__z1p00__lam0p000__nu0p50__psi0p00,hardzero_only,0.07,48,664,0.0,4,0.06673741,0.07431499,0.96556795,0.108251035,0.108251035,1.0,0.0075775725,0.07,-26.902214,2.124292,0.70809734,0.136,0.0,0.1722743,0.0,0.0,2128000
hardzero_only__c0p58__z1p00__lam0p000__nu0p50__psi0p00,hardzero_only,0.07,48,665,0.0,4,0.07431499,0.08333537,0.88987297,0.12886262,0.12886262,1.0,0.0090203835,0.07,-24.715565,1.9577596,0.6525866,0.216,0.0,0.1444174,0.0,0.0,2131200
hardzero_only__c0p58__z1p00__lam0p000__nu0p50__psi0p00,hardzero_only,0.07,48,666,0.0,4,0.08333537,0.09038608,0.99686515,0.100724444,0.100724444,1.0,0.007050711,0.07,-27.121822,2.1931472,0.73104906,0.16000001,0.0,0.17027462,0.0,0.0,2134400
hardzero_only__c0p58__z1p00__lam0p000__nu0p50__psi0p00,hardzero_only,0.07,48,667,0.0,4,0.09038608,0.09762385,0.98549336,0.103396684,0.103396684,1.0,0.007237768,0.07,-26.623114,2.1681287,0.7227096,0.104,0.0,0.15873052,0.0,0.0,2137600
hardzero_only__c0p58__z1p00__lam0p000__nu0p50__psi0p00,hardzero_only,0.07,48,668,0.0,4,0.09762385,0.09762385,1.0216289,0.0,0.095141746,0.0,0.0,0.07,-27.179522,2.2476285,0.7492095,0.14400001,0.008,0.1543782,0.0,0.0,2140800
hardzero_only__c0p58__z1p00__lam0p000__nu0p50__psi0p00,hardzero_only,0.07,48,669,0.0,4,0.09762385,0.10510445,0.9711615,0.10686574,0.10686574,1.0,0.007480602,0.07,-26.49549,2.1365979,0.71219933,0.208,0.0,0.15461817,0.0,0.0,2144000
hardzero_only__c0p58__z1p00__lam0p000__nu0p50__psi0p00,hardzero_only,0.07,48,670,0.0,4,0.10510445,0.11322918,0.93528914,0.116067566,0.116067566,1.0,0.00812473,0.07,-25.47158,2.0576773,0.68589246,0.16800001,0.0,0.15364309,0.0,0.0,2147200
hardzero_only__c0p58__z1p00__lam0p000__nu0p50__psi0p00,hardzero_only,0.07,48,671,0.0,4,0.11322918,0.1203529,0.992391,0.10176747,0.10176747,1.0,0.007123723,0.07,-27.192574,2.1833038,0.72776794,0.15200001,0.0,0.15666449,0.0,0.0,2150400
hardzero_only__c0p58__z1p00__lam0p000__nu0p50__psi0p00,hardzero_only,0.07,48,672,0.0,4,0.1203529,0.12757798,0.9862555,0.1032154,0.1032154,1.0,0.0072250776,0.07,-27.444145,2.1698055,0.7232685,0.256,0.0,0.15911393,0.0,0.0,2153600
hardzero_only__c0p58__z1p00__lam0p000__nu0p50__psi0p00,hardzero_only,0.07,48,673,0.0,4,0.12757798,0.1350428,0.9720784,0.10664036,0.10664036,1.0,0.007464825,0.07,-26.890564,2.1386151,0.71287173,0.15200001,0.0,0.17413199,0.0,0.0,2156800
hardzero_only__c0p58__z1p00__lam0p000__nu0p50__psi0p00,hardzero_only,0.07,48,674,0.0,4,0.1350428,0.1350428,1.0442449,0.0,0.09031399,0.0,0.0,0.07,-27.248255,2.2973847,0.76579493,0.16000001,0.0,0.17558429,0.0,0.0,2160000
hardzero_only__c0p58__z1p00__lam0p000__nu0p50__psi0p00,hardzero_only,0.07,48,675,0.0,4,0.1350428,0.14262277,0.965431,0.10828519,0.10828519,1.0,0.007579963,0.07,-26.497322,2.1239905,0.70799685,0.208,0.0,0.14376566,0.0,0.0,2163200
hardzero_only__c0p58__z1p00__lam0p000__nu0p50__psi0p00,hardzero_only,0.07,48,676,0.0,4,0.14262277,0.15023161,0.9637796,0.1086977,0.1086977,1.0,0.007608839,0.07,-26.721474,2.1203575,0.70678586,0.17,0.0,0.16180634,0.0,0.0,2166400
hardzero_only__c0p58__z1p00__lam0p000__nu0p50__psi0p00,hardzero_only,0.07,48,677,0.0,4,0.15023161,0.15818919,0.94431734,0.11367963,0.11367963,1.0,0.007957574,0.07,-26.821598,2.0775397,0.6925132,0.192,0.0,0.16565692,0.0,0.0,2169600
hardzero_only__c0p58__z1p00__lam0p000__nu0p50__psi0p00,hardzero_only,0.07,48,678,0.0,4,0.15818919,0.15818919,1.0265467,0.0,0.094070464,0.0,0.0,0.07,-27.29819,2.258448,0.75281596,0.15200001,0.0,0.17765005,0.0,0.0,2172800
hardzero_only__c0p58__z1p00__lam0p000__nu0p50__psi0p00,hardzero_only,0.07,48,679,0.0,4,0.15818919,0.16549996,0.9811351,0.10443954,0.10443954,1.0,0.007310768,0.07,-26.534138,2.1585402,0.7195134,0.16800001,0.0,0.15636413,0.0,0.0,2176000
hardzero_only__c0p58__z1p00__lam0p000__nu0p50__psi0p00,hardzero_only,0.07,48,680,0.0,4,0.16549996,0.17324048,0.95632726,0.11057901,0.11057901,1.0,0.0077405307,0.07,-26.703415,2.103962,0.70132065,0.23200001,0.0,0.18333235,0.0,0.0,2179200
hardzero_only__c0p58__z1p00__lam0p000__nu0p50__psi0p00,hardzero_only,0.07,48,681,0.0,4,0.17324048,0.17324048,1.0032234,0.0,0.09926053,0.0,0.0,0.07,-27.366796,2.2071357,0.73571193,0.16800001,0.0,0.17572643,0.0,0.0,2182400
hardzero_only__c0p58__z1p00__lam0p000__nu0p50__psi0p00,hardzero_only,0.07,48,682,0.0,4,0.17324048,0.1803986,0.99029946,0.10225875,0.10225875,1.0,0.0071581127,0.07,-27.482275,2.1787024,0.72623414,0.192,0.0,0.1647992,0.0,0.0,2185600
hardzero_only__c0p58__z1p00__lam0p000__nu0p50__psi0p00,hardzero_only,0.07,48,683,0.0,4,0.1803986,0.18792967,0.9682411,0.10758677,0.10758677,1.0,0.007531074,0.07,-26.999975,2.130173,0.7100577,0.224,0.0,0.16211265,0.0,0.0,2188800
hardzero_only__c0p58__z1p00__lam0p000__nu0p50__psi0p00,hardzero_only,0.07,48,684,0.0,4,0.18792967,0.18792967,1.0262984,0.0,0.09412427,0.0,0.0,0.07,-28.439312,2.2579017,0.7526339,0.17600001,0.0,0.18032265,0.0,0.0,2192000
hardzero_only__c0p58__z1p00__lam0p000__nu0p50__psi0p00,hardzero_only,0.07,48,685,0.0,4,0.18792967,0.19586167,0.9457158,0.11331417,0.11331417,1.0,0.0079319915,0.07,-26.18041,2.0806162,0.6935388,0.17600001,0.0,0.17530674,0.0,0.0,2195200
hardzero_only__c0p58__z1p00__lam0p000__nu0p50__psi0p00,hardzero_only,0.07,48,686,0.0,4,0.19586167,0.19586167,1.0070778,0.0,0.09838347,0.0,0.0,0.07,-27.81693,2.2156155,0.7385385,0.224,0.0,0.18370096,0.0,0.0,2198400
hardzero_only__c0p58__z1p00__lam0p000__nu0p50__psi0p00,hardzero_only,0.07,48,687,0.0,4,0.19586167,0.19586167,1.0134667,0.0,0.09694676,0.0,0.0,0.07,-27.231552,2.2296712,0.7432238,0.128,0.0,0.19742832,0.0,0.0,2201600
hardzero_only__c0p58__z1p00__lam0p000__nu0p50__psi0p00,hardzero_only,0.07,48,688,0.0,4,0.19586167,0.20370556,0.95056653,0.11205558,0.11205558,1.0,0.00784389,0.07,-26.182112,2.091288,0.69709605,0.2,0.0,0.16192205,0.0,0.0,2204800
hardzero_only__c0p58__z1p00__lam0p000__nu0p50__psi0p00,hardzero_only,0.07,48,689,0.0,4,0.20370556,0.21101491,0.9812192,0.1044193,0.1044193,1.0,0.007309351,0.07,-27.00097,2.1587253,0.7195751,0.16,0.0,0.15301089,0.0,0.0,2208000
hardzero_only__c0p58__z1p00__lam0p000__nu0p50__psi0p00,hardzero_only,0.07,48,690,0.0,4,0.21101491,0.21884067,0.9515714,0.111796595,0.111796595,1.0,0.007825762,0.07,-25.923931,2.093499,0.697833,0.24000001,0.0,0.15391934,0.0,0.0,2211200
hardzero_only__c0p58__z1p00__lam0p000__nu0p50__psi0p00,hardzero_only,0.07,48,691,0.0,4,0.21884067,0.22664414,0.9528101,0.11147819,0.11147819,1.0,0.007803473,0.07,-26.202229,2.096224,0.6987414,0.18400002,0.0,0.16791898,0.0,0.0,2214400
hardzero_only__c0p58__z1p00__lam0p000__nu0p50__psi0p00,hardzero_only,0.07,48,692,0.0,4,0.22664414,0.23438516,0.9562995,0.110586084,0.110586084,1.0,0.007741026,0.07,-26.34615,2.103901,0.7013003,0.2,0.0,0.17258938,0.0,0.0,2217600
hardzero_only__c0p58__z1p00__lam0p000__nu0p50__psi0p00,hardzero_only,0.07,48,693,0.0,4,0.23438516,0.24172004,0.97970575,0.104783826,0.104783826,1.0,0.007334868,0.07,-26.901829,2.1553957,0.71846527,0.2,0.0,0.1526748,0.0,0.0,2220800
hardzero_only__c0p58__z1p00__lam0p000__nu0p50__psi0p00,hardzero_only,0.07,48,694,0.0,4,0.24172004,0.2496973,0.94324386,0.11396097,0.11396097,1.0,0.007977268,0.07,-26.70933,2.075178,0.69172597,0.24800001,0.0,0.15184349,0.0,0.0,2224000
hardzero_only__c0p58__z1p00__lam0p000__nu0p50__psi0p00,hardzero_only,0.07,48,695,0.0,4,0.2496973,0.25688466,0.98852795,0.102676734,0.102676734,1.0,0.0071873716,0.07,-27.086405,2.174805,0.724935,0.18400002,0.0,0.18675202,0.0,0.0,2227200
hardzero_only__c0p58__z1p00__lam0p000__nu0p50__psi0p00,hardzero_only,0.07,48,696,0.0,4,0.25688466,0.26412767,0.98517925,0.1034715,0.1034715,1.0,0.007243005,0.07,-26.457932,2.1674376,0.7224792,0.208,0.0,0.15815552,0.0,0.0,2230400
hardzero_only__c0p58__z1p00__lam0p000__nu0p50__psi0p00,hardzero_only,0.07,48,697,0.0,4,0.26412767,0.2714637,0.97963816,0.10480013,0.10480013,1.0,0.007336009,0.07,-26.655247,2.155247,0.7184157,0.18400002,0.0,0.16133477,0.0,0.0,2233600
hardzero_only__c0p58__z1p00__lam0p000__nu0p50__psi0p00,hardzero_only,0.07,48,698,0.0,4,0.2714637,0.27870116,0.98551136,0.103392415,0.103392415,1.0,0.007237469,0.07,-26.833866,2.1681683,0.72272277,0.208,0.0,0.19474803,0.0,0.0,2236800
hardzero_only__c0p58__z1p00__lam0p000__nu0p50__psi0p00,hardzero_only,0.07,48,699,0.0,4,0.27870116,0.28618377,0.9710441,0.10689461,0.10689461,1.0,0.0074826228,0.07,-26.28815,2.1363397,0.71211326,0.16000001,0.0,0.18753593,0.0,0.0,2240000
hardzero_only__c0p58__z1p00__lam0p000__nu0p50__psi0p00,hardzero_only,0.07,48,700,0.0,4,0.28618377,0.29331842,0.9917254,0.10192356,0.10192356,1.0,0.0071346494,0.07,-27.176218,2.1818395,0.72727984,0.136,0.0,0.18183668,0.0,0.0,2243200
hardzero_only__c0p58__z1p00__lam0p000__nu0p50__psi0p00,hardzero_only,0.07,48,701,0.0,4,0.29331842,0.30126166,0.9450995,0.113475084,0.113475084,1.0,0.007943256,0.07,-25.178814,2.0792603,0.6930868,0.216,0.0,0.14908308,0.0,0.0,2246400
hardzero_only__c0p58__z1p00__lam0p000__nu0p50__psi0p00,hardzero_only,0.07,48,702,0.0,4,0.30126166,0.30912146,0.94968635,0.112282895,0.112282895,1.0,0.007859803,0.07,-25.357727,2.0893517,0.6964506,0.17,0.0,0.16071518,0.0,0.0,2249600
hardzero_only__c0p58__z1p00__lam0p000__nu0p50__psi0p00,hardzero_only,0.07,48,703,0.0,4,0.30912146,0.3174814,0.92289513,0.11942764,0.11942764,1.0,0.008359935,0.07,-25.323845,2.0304098,0.6768033,0.2,0.0,0.15513334,0.0,0.0,2252800
hardzero_only__c0p58__z1p00__lam0p000__nu0p50__psi0p00,hardzero_only,0.07,48,704,0.0,4,0.3174814,0.32487547,0.9762143,0.10562961,0.10562961,1.0,0.0073940726,0.07,-26.214207,2.1477144,0.71590483,0.112,0.0,0.19472496,0.0,0.0,2256000
hardzero_only__c0p58__z1p00__lam0p000__nu0p50__psi0p00,hardzero_only,0.07,48,705,0.0,4,0.32487547,0.3325379,0.9607323,0.10946307,0.10946307,1.0,0.007662415,0.07,-26.324982,2.1136532,0.7045511,0.120000005,0.0,0.16542768,0.0,0.0,2259200
hardzero_only__c0p58__z1p00__lam0p000__nu0p50__psi0p00,hardzero_only,0.07,48,706,0.0,4,0.3325379,0.34046775,0.94583213,0.113283806,0.113283806,1.0,0.007929866,0.07,-26.066002,2.0808723,0.69362414,0.18400002,0.0,0.16541995,0.0,0.0,2262400
hardzero_only__c0p58__z1p00__lam0p000__nu0p50__psi0p00,hardzero_only,0.07,48,707,0.0,4,0.34046775,0.34786195,0.9762064,0.10563152,0.10563152,1.0,0.0073942067,0.07,-25.95605,2.147697,0.715899,0.16000001,0.0,0.16428113,0.0,0.0,2265600
hardzero_only__c0p58__z1p00__lam0p000__nu0p50__psi0p00,hardzero_only,0.07,48,708,0.0,4,0.34786195,0.3554427,0.965385,0.10829665,0.10829665,1.0,0.0075807655,0.07,-26.497963,2.1238894,0.70796317,0.16000001,0.0,0.17000991,0.0,0.0,2268800
hardzero_only__c0p58__z1p00__lam0p000__nu0p50__psi0p00,hardzero_only,0.07,48,709,0.0,4,0.3554427,0.3554427,1.0164458,0.0,0.09628402,0.0,0.0,0.07,-27.10493,2.2362254,0.7454085,0.16000001,0.008,0.19637638,0.0,0.0,2272000
hardzero_only__c0p58__z1p00__lam0p000__nu0p50__psi0p00,hardzero_only,0.07,48,710,0.0,4,0.3554427,0.3627453,0.9816196,0.104323074,0.104323074,1.0,0.0073026153,0.07,-26.648209,2.1596062,0.7198688,0.136,0.0,0.1580615,0.0,0.0,2275200
hardzero_only__c0p58__z1p00__lam0p000__nu0p50__psi0p00,hardzero_only,0.07,48,711,0.0,4,0.3627453,0.37023395,0.9706958,0.10698038,0.10698038,1.0,0.007488627,0.07,-26.845064,2.1355734,0.7118578,0.136,0.0,0.16208126,0.0,0.0,2278400
hardzero_only__c0p58__z1p00__lam0p000__nu0p50__psi0p00,hardzero_only,0.07,48,712,0.0,4,0.37023395,0.37764937,0.974962,0.10593465,0.10593465,1.0,0.0074154255,0.07,-27.286919,2.1449592,0.71498644,0.17600001,0.0,0.16409704,0.0,0.0,2281600
hardzero_only__c0p58__z1p00__lam0p000__nu0p50__psi0p00,hardzero_only,0.07,48,713,0.0,4,0.37764937,0.38548663,0.95093334,0.11196096,0.11196096,1.0,0.007837268,0.07,-26.617506,2.0920951,0.69736505,0.192,0.0,0.18133749,0.0,0.0,2284800
hardzero_only__c0p58__z1p00__lam0p000__nu0p50__psi0p00,hardzero_only,0.07,48,714,0.0,4,0.38548663,0.38548663,1.055826,0.0,0.087937474,0.0,0.0,0.07,-27.030758,2.3228633,0.7742878,0.096,0.0,0.18174548,0.0,0.0,2288000
hardzero_only__c0p58__z1p00__lam0p000__nu0p50__psi0p00,hardzero_only,0.07,48,715,0.0,4,0.38548663,0.3930447,0.9666871,0.10797244,0.10797244,1.0,0.007558071,0.07,-27.111217,2.126754,0.70891804,0.19999999,0.0,0.18171778,0.0,0.0,2291200
hardzero_only__c0p58__z1p00__lam0p000__nu0p50__psi0p00,hardzero_only,0.07,48,716,0.0,4,0.3930447,0.40041888,0.97738504,0.105345234,0.105345234,1.0,0.0073741665,0.07,-26.475693,2.15029,0.7167634,0.16800001,0.008,0.14819375,0.0,0.0,2294400
hardzero_only__c0p58__z1p00__lam0p000__nu0p50__psi0p00,hardzero_only,0.07,48,717,0.0,4,0.40041888,0.40801582,0.9644591,0.10852777,0.10852777,1.0,0.007596944,0.07,-26.746607,2.1218524,0.70728415,0.14400001,0.0,0.16812265,0.0,0.0,2297600
hardzero_only__c0p58__z1p00__lam0p000__nu0p50__psi0p00,hardzero_only,0.07,48,718,0.0,4,0.40801582,0.4155858,0.96600425,0.10814233,0.10814233,1.0,0.007569963,0.07,-26.27286,2.1252518,0.7084173,0.16000001,0.0,0.17444976,0.0,0.0,2300800
hardzero_only__c0p58__z1p00__lam0p000__nu0p50__psi0p00,hardzero_only,0.07,48,719,0.0,4,0.4155858,0.4155858,1.0052732,0.0,0.09879314,0.0,0.0,0.07,-26.796911,2.2116454,0.73721516,0.128,0.0,0.16740306,0.0,0.0,2304000
hardzero_only__c0p58__z1p00__lam0p000__nu0p50__psi0p00,hardzero_only,0.07,48,720,0.0,4,0.4155858,0.42343757,0.95012957,0.11216837,0.11216837,1.0,0.007851786,0.07,-25.99824,2.0903268,0.6967756,0.18400002,0.0,0.15975873,0.0,0.0,2307200
hardzero_only__c0p58__z1p00__lam0p000__nu0p50__psi0p00,hardzero_only,0.07,48,721,0.0,4,0.42343757,0.4305318,0.9941931,0.101346076,0.101346076,1.0,0.0070942254,0.07,-27.54837,2.1872685,0.7290895,0.14400001,0.0,0.17937684,0.0,0.0,2310400
hardzero_only__c0p58__z1p00__lam0p000__nu0p50__psi0p00,hardzero_only,0.07,48,722,0.0,4,0.4305318,0.4305318,1.003634,0.0,0.099166736,0.0,0.0,0.07,-27.276361,2.2080388,0.73601294,0.192,0.0,0.18484284,0.0,0.0,2313600
hardzero_only__c0p58__z1p00__lam0p000__nu0p50__psi0p00,hardzero_only,0.07,48,723,0.0,4,0.4305318,0.43798813,0.972572,0.1065192,0.1065192,1.0,0.007456344,0.07,-26.412064,2.1397011,0.7132337,0.18400002,0.0,0.15506138,0.0,0.0,2316800
hardzero_only__c0p58__z1p00__lam0p000__nu0p50__psi0p00,hardzero_only,0.07,48,724,0.0,4,0.43798813,0.44541073,0.9745426,0.10603699,0.10603699,1.0,0.007422589,0.07,-26.454683,2.1440365,0.7146789,0.224,0.0,0.18094961,0.0,0.0,2320000
hardzero_only__c0p58__z1p00__lam0p000__nu0p50__psi0p00,hardzero_only,0.07,48,725,0.0,4,0.44541073,0.45350838,0.9367397,0.11568054,0.11568054,1.0,0.008097637,0.07,-25.719532,2.0608685,0.68695617,0.16000001,0.0,0.1502452,0.0,0.0,2323200
hardzero_only__c0p58__z1p00__lam0p000__nu0p50__psi0p00,hardzero_only,0.07,48,726,0.0,4,0.45350838,0.45350838,1.0073605,0.0,0.09831948,0.0,0.0,0.07,-27.482744,2.2162373,0.7387458,0.17600001,0.0,0.16490008,0.0,0.0,2326400
hardzero_only__c0p58__z1p00__lam0p000__nu0p50__psi0p00,hardzero_only,0.07,48,727,0.0,4,0.45350838,0.4612558,0.95594144,0.11067729,0.11067729,1.0,0.0077474103,0.07,-25.715591,2.1031132,0.70103776,0.128,0.0,0.14651147,0.0,0.0,2329600
hardzero_only__c0p58__z1p00__lam0p000__nu0p50__psi0p00,hardzero_only,0.07,48,728,0.0,4,0.4612558,0.4689531,0.95875937,0.10996149,0.10996149,1.0,0.0076973042,0.07,-26.084219,2.1093128,0.70310426,0.19,0.0,0.15798946,0.0,0.0,2332800
hardzero_only__c0p58__z1p00__lam0p000__nu0p50__psi0p00,hardzero_only,0.07,48,729,0.0,4,0.4689531,0.47636926,0.97491974,0.105944954,0.105944954,1.0,0.007416147,0.07,-26.838243,2.1448662,0.71495545,0.15200001,0.0,0.17445076,0.0,0.0,2336000
hardzero_only__c0p58__z1p00__lam0p000__nu0p50__psi0p00,hardzero_only,0.07,48,730,0.0,4,0.47636926,0.48338938,0.99875355,0.10028742,0.10028742,1.0,0.0070201196,0.07,-26.471962,2.1973016,0.7324339,0.112,0.0,0.16368811,0.0,0.0,2339200
hardzero_only__c0p58__z1p00__lam0p000__nu0p50__psi0p00,hardzero_only,0.07,48,731,0.0,4,0.48338938,0.49185696,0.9173379,0.120965645,0.120965645,1.0,0.008467595,0.07,-25.890915,2.0181837,0.67272794,0.208,0.0,0.15846658,0.0,0.0,2342400
hardzero_only__c0p58__z1p00__lam0p000__nu0p50__psi0p00,hardzero_only,0.07,48,732,0.0,4,0.49185696,0.49893865,0.99496114,0.10116699,0.10116699,1.0,0.00708169,0.07,-27.43964,2.1889582,0.72965276,0.17600001,0.0,0.15329227,0.0,0.0,2345600
hardzero_only__c0p58__z1p00__lam0p000__nu0p50__psi0p00,hardzero_only,0.07,48,733,0.0,4,0.49893865,0.5070047,0.9384392,0.11522873,0.11522873,1.0,0.008066011,0.07,-26.233017,2.0646074,0.6882025,0.16800001,0.0,0.16718377,0.0,0.0,2348800
hardzero_only__c0p58__z1p00__lam0p000__nu0p50__psi0p00,hardzero_only,0.07,48,734,0.0,4,0.5070047,0.5147521,0.95594066,0.1106775,0.1106775,1.0,0.007747425,0.07,-26.015364,2.1031115,0.70103717,0.16000001,0.0,0.16190091,0.0,0.0,2352000
hardzero_only__c0p58__z1p00__lam0p000__nu0p50__psi0p00,hardzero_only,0.07,48,735,0.0,4,0.5147521,0.5220425,0.9823448,0.104149014,0.104149014,1.0,0.007290431,0.07,-26.33538,2.1612017,0.7204006,0.192,0.0,0.20992197,0.0,0.0,2355200
hardzero_only__c0p58__z1p00__lam0p000__nu0p50__psi0p00,hardzero_only,0.07,48,736,0.0,4,0.5220425,0.52928334,0.9853103,0.10344027,0.10344027,1.0,0.007240819,0.07,-27.616228,2.167726,0.72257537,0.18400002,0.0,0.1706668,0.0,0.0,2358400
hardzero_only__c0p58__z1p00__lam0p000__nu0p50__psi0p00,hardzero_only,0.07,48,737,0.0,4,0.52928334,0.53648525,0.9876508,0.10288431,0.10288431,1.0,0.0072019016,0.07,-27.62868,2.1728752,0.72429174,0.17600001,0.0,0.18180588,0.0,0.0,2361600
hardzero_only__c0p58__z1p00__lam0p000__nu0p50__psi0p00,hardzero_only,0.07,48,738,0.0,4,0.53648525,0.54372174,0.9855699,0.10337846,0.10337846,1.0,0.0072364924,0.07,-26.928661,2.168297,0.7227657,0.18400002,0.0,0.1689165,0.0,0.0,2364800
hardzero_only__c0p58__z1p00__lam0p000__nu0p50__psi0p00,hardzero_only,0.07,48,739,0.0,4,0.54372174,0.55159485,0.9489511,0.11247315,0.11247315,1.0,0.007873121,0.07,-26.452974,2.0877342,0.6959114,0.24000001,0.0,0.16359103,0.0,0.0,2368000
hardzero_only__c0p58__z1p00__lam0p000__nu0p50__psi0p00,hardzero_only,0.07,48,740,0.0,4,0.55159485,0.55905265,0.97248715,0.10654003,0.10654003,1.0,0.007457802,0.07,-26.26543,2.1395144,0.7131715,0.208,0.0,0.1728079,0.0,0.0,2371200
hardzero_only__c0p58__z1p00__lam0p000__nu0p50__psi0p00,hardzero_only,0.07,48,741,0.0,4,0.55905265,0.56634104,0.9824653,0.104120106,0.104120106,1.0,0.0072884075,0.07,-26.304487,2.1614668,0.72048897,0.14999999,0.0,0.16628046,0.0,0.0,2374400
hardzero_only__c0p58__z1p00__lam0p000__nu0p50__psi0p00,hardzero_only,0.07,48,742,0.0,4,0.56634104,0.56634104,1.0026037,0.0,0.09940229,0.0,0.0,0.07,-27.634802,2.2057722,0.7352574,0.136,0.0,0.15292771,0.0,0.0,2377600
hardzero_only__c0p58__z1p00__lam0p000__nu0p50__psi0p00,hardzero_only,0.07,48,743,0.0,4,0.56634104,0.56634104,1.0077429,0.0,0.098232925,0.0,0.0,0.07,-26.976246,2.2170787,0.73902625,0.208,0.0,0.17880112,0.0,0.0,2380800
hardzero_only__c0p58__z1p00__lam0p000__nu0p50__psi0p00,hardzero_only,0.07,48,744,0.0,4,0.56634104,0.5735976,0.9843681,0.10366494,0.10366494,1.0,0.007256546,0.07,-27.282581,2.165653,0.72188437,0.2,0.0,0.18769483,0.0,0.0,2384000
hardzero_only__c0p58__z1p00__lam0p000__nu0p50__psi0p00,hardzero_only,0.07,48,745,0.0,4,0.5735976,0.5813644,0.95485723,0.110953934,0.110953934,1.0,0.0077667753,0.07,-25.15757,2.1007278,0.70024264,0.14400001,0.0,0.14889786,0.0,0.0,2387200
hardzero_only__c0p58__z1p00__lam0p000__nu0p50__psi0p00,hardzero_only,0.07,48,746,1.0,5,0.5813644,0.008854302,0.97062254,0.10699844,0.10699844,1.0,0.0074898913,0.07,-26.30955,2.1354122,0.7118041,0.128,0.0,0.16675095,0.0,0.0,2390400
hardzero_only__c0p58__z1p00__lam0p000__nu0p50__psi0p00,hardzero_only,0.07,48,747,0.0,5,0.008854302,0.016570354,0.9577029,0.11022932,0.11022932,1.0,0.0077160527,0.07,-25.562845,2.1069884,0.7023295,0.216,0.0,0.16446304,0.0,0.0,2393600
hardzero_only__c0p58__z1p00__lam0p000__nu0p50__psi0p00,hardzero_only,0.07,48,748,0.0,5,0.016570354,0.023660185,0.9944622,0.1012833,0.1012833,1.0,0.007089831,0.07,-27.408318,2.1878605,0.72928685,0.136,0.0,0.17005624,0.0,0.0,2396800
hardzero_only__c0p58__z1p00__lam0p000__nu0p50__psi0p00,hardzero_only,0.07,48,749,0.0,5,0.023660185,0.023660185,1.0410663,0.0,0.09097743,0.0,0.0,0.07,-28.366465,2.2903917,0.7634639,0.208,0.0,0.1995416,0.0,0.0,2400000
hardzero_only__c0p58__z1p00__lam0p000__nu0p50__psi0p00,hardzero_only,0.07,48,750,0.0,5,0.023660185,0.023660185,1.0238892,0.0,0.09464785,0.0,0.0,0.07,-27.326262,2.2526011,0.75086707,0.216,0.0,0.17468762,0.0,0.0,2403200
hardzero_only__c0p58__z1p00__lam0p000__nu0p50__psi0p00,hardzero_only,0.07,48,751,0.0,5,0.023660185,0.031122576,0.97222,0.10660559,0.10660559,1.0,0.007462391,0.07,-25.93461,2.1389267,0.7129756,0.08800001,0.0,0.15220325,0.0,0.0,2406400
hardzero_only__c0p58__z1p00__lam0p000__nu0p50__psi0p00,hardzero_only,0.07,48,752,0.0,5,0.031122576,0.038745735,0.96296304,0.10890226,0.10890226,1.0,0.0076231584,0.07,-25.649046,2.118561,0.706187,0.17600001,0.0,0.15072417,0.0,0.0,2409600
hardzero_only__c0p58__z1p00__lam0p000__nu0p50__psi0p00,hardzero_only,0.07,48,753,0.0,5,0.038745735,0.04677399,0.94047695,0.11468933,0.11468933,1.0,0.008028253,0.07,-25.51653,2.0690906,0.6896969,0.16000001,0.0,0.14907801,0.0,0.0,2412800
hardzero_only__c0p58__z1p00__lam0p000__nu0p50__psi0p00,hardzero_only,0.07,48,754,0.0,5,0.04677399,0.054088876,0.9808904,0.1044984,0.1044984,1.0,0.0073148883,0.07,-27.352411,2.158002,0.719334,0.14999999,0.01,0.16235265,0.0,0.0,2416000
hardzero_only__c0p58__z1p00__lam0p000__nu0p50__psi0p00,hardzero_only,0.07,48,755,0.0,5,0.054088876,0.061185848,0.99402493,0.101385325,0.101385325,1.0,0.007096973,0.07,-27.142345,2.1868985,0.7289662,0.208,0.0,0.18464176,0.0,0.0,2419200
hardzero_only__c0p58__z1p00__lam0p000__nu0p50__psi0p00,hardzero_only,0.07,48,756,0.0,5,0.061185848,0.06955175,0.92258507,0.11951292,0.11951292,1.0,0.008365905,0.07,-25.392952,2.0297277,0.6765759,0.104,0.0,0.1518879,0.0,0.0,2422400
hardzero_only__c0p58__z1p00__lam0p000__nu0p50__psi0p00,hardzero_only,0.07,48,757,0.0,5,0.06955175,0.07689175,0.9794019,0.104857154,0.104857154,1.0,0.007340001,0.07,-26.640862,2.1547272,0.7182424,0.128,0.0,0.18267861,0.0,0.0,2425600
hardzero_only__c0p58__z1p00__lam0p000__nu0p50__psi0p00,hardzero_only,0.07,48,758,0.0,5,0.07689175,0.08444182,0.96714723,0.107858114,0.107858114,1.0,0.007550068,0.07,-26.95531,2.1277664,0.70925546,0.17600001,0.0,0.16839513,0.0,0.0,2428800
hardzero_only__c0p58__z1p00__lam0p000__nu0p50__psi0p00,hardzero_only,0.07,48,759,0.0,5,0.08444182,0.09286413,0.91966647,0.12031883,0.12031883,1.0,0.008422318,0.07,-26.236855,2.0233066,0.67443556,0.28,0.008,0.17411432,0.0,0.0,2432000
hardzero_only__c0p58__z1p00__lam0p000__nu0p50__psi0p00,hardzero_only,0.07,48,760,0.0,5,0.09286413,0.09286413,1.0358931,0.0,0.09206762,0.0,0.0,0.07,-27.99906,2.2790103,0.75967014,0.104,0.0,0.20453358,0.0,0.0,2435200
hardzero_only__c0p58__z1p00__lam0p000__nu0p50__psi0p00,hardzero_only,0.07,48,761,0.0,5,0.09286413,0.10019327,0.9800454,0.10470192,0.10470192,1.0,0.0073291347,0.07,-26.61996,2.156143,0.71871436,0.16800001,0.0,0.17842099,0.0,0.0,2438400
hardzero_only__c0p58__z1p00__lam0p000__nu0p50__psi0p00,hardzero_only,0.07,48,762,0.0,5,0.10019327,0.10789634,0.95843387,0.110043935,0.110043935,1.0,0.0077030757,0.07,-26.020075,2.1085966,0.70286554,0.15200001,0.0,0.13891684,0.0,0.0,2441600
hardzero_only__c0p58__z1p00__lam0p000__nu0p50__psi0p00,hardzero_only,0.07,48,763,0.0,5,0.10789634,0.11586132,0.9439136,0.11378536,0.11378536,1.0,0.007964975,0.07,-26.217642,2.0766513,0.6922171,0.18400002,0.0,0.17515084,0.0,0.0,2444800
hardzero_only__c0p58__z1p00__lam0p000__nu0p50__psi0p00,hardzero_only,0.07,48,764,0.0,5,0.11586132,0.12297616,0.99293274,0.10164061,0.10164061,1.0,0.007114843,0.07,-26.603783,2.1844957,0.72816527,0.16800001,0.0,0.1748509,0.0,0.0,2448000
hardzero_only__c0p58__z1p00__lam0p000__nu0p50__psi0p00,hardzero_only,0.07,48,765,0.0,5,0.12297616,0.13053562,0.96660787,0.10799215,0.10799215,1.0,0.0075594503,0.07,-27.026161,2.1265798,0.7088599,0.18400002,0.0,0.15378922,0.0,0.0,2451200
hardzero_only__c0p58__z1p00__lam0p000__nu0p50__psi0p00,hardzero_only,0.07,48,766,0.0,5,0.13053562,0.13873951,0.9310777,0.117198564,0.117198564,1.0,0.0082038995,0.07,-24.9696,2.0484118,0.682804,0.16000001,0.0,0.15555406,0.0,0.0,2454400
hardzero_only__c0p58__z1p00__lam0p000__nu0p50__psi0p00,hardzero_only,0.07,48,767,0.0,5,0.13873951,0.13873951,1.0050477,0.0,0.09884446,0.0,0.0,0.07,-26.805403,2.211149,0.7370497,0.13,0.0,0.1580031,0.0,0.0,2457600
hardzero_only__c0p58__z1p00__lam0p000__nu0p50__psi0p00,hardzero_only,0.07,48,768,0.0,5,0.13873951,0.14624575,0.9696757,0.10723197,0.10723197,1.0,0.007506238,0.07,-26.692642,2.1333292,0.71110976,0.264,0.0,0.17623961,0.0,0.0,2460800
hardzero_only__c0p58__z1p00__lam0p000__nu0p50__psi0p00,hardzero_only,0.07,48,769,0.0,5,0.14624575,0.15397803,0.95678985,0.11046129,0.11046129,1.0,0.0077322903,0.07,-26.634558,2.1049798,0.7016599,0.18400002,0.0,0.17554164,0.0,0.0,2464000
hardzero_only__c0p58__z1p00__lam0p000__nu0p50__psi0p00,hardzero_only,0.07,48,770,0.0,5,0.15397803,0.16236535,0.92147505,0.1198188,0.1198188,1.0,0.008387316,0.07,-26.14109,2.0272856,0.6757619,0.256,0.0,0.17341678,0.0,0.0,2467200
hardzero_only__c0p58__z1p00__lam0p000__nu0p50__psi0p00,hardzero_only,0.07,48,771,0.0,5,0.16236535,0.17034446,0.94314384,0.113987215,0.113987215,1.0,0.007979105,0.07,-25.948465,2.0749578,0.69165266,0.18400002,0.0,0.14237948,0.0,0.0,2470400
hardzero_only__c0p58__z1p00__lam0p000__nu0p50__psi0p00,hardzero_only,0.07,48,772,0.0,5,0.17034446,0.17841044,0.93844056,0.11522836,0.11522836,1.0,0.0080659855,0.07,-26.59714,2.0646105,0.6882035,0.224,0.0,0.15140419,0.0,0.0,2473600
hardzero_only__c0p58__z1p00__lam0p000__nu0p50__psi0p00,hardzero_only,0.07,48,773,0.0,5,0.17841044,0.18551774,0.9933933,0.101532884,0.101532884,1.0,0.007107302,0.07,-26.720467,2.185509,0.728503,0.14400001,0.0,0.15439396,0.0,0.0,2476800
hardzero_only__c0p58__z1p00__lam0p000__nu0p50__psi0p00,hardzero_only,0.07,48,774,0.0,5,0.18551774,0.19278759,0.9835727,0.103854954,0.103854954,1.0,0.0072698467,0.07,-26.968418,2.1639032,0.7213011,0.17600001,0.0,0.16786474,0.0,0.0,2480000
hardzero_only__c0p58__z1p00__lam0p000__nu0p50__psi0p00,hardzero_only,0.07,48,775,0.0,5,0.19278759,0.20181687,0.8894445,0.12898986,0.12898986,1.0,0.009029291,0.07,-24.951805,1.9568169,0.65227234,0.16000001,0.0,0.15122709,0.0,0.0,2483200
hardzero_only__c0p58__z1p00__lam0p000__nu0p50__psi0p00,hardzero_only,0.07,48,776,0.0,5,0.20181687,0.20889604,0.99511564,0.101131015,0.101131015,1.0,0.007079171,0.07,-26.85258,2.1892982,0.7297661,0.2,0.0,0.16944376,0.0,0.0,2486400
hardzero_only__c0p58__z1p00__lam0p000__nu0p50__psi0p00,hardzero_only,0.07,48,777,0.0,5,0.20889604,0.20889604,1.007476,0.0,0.09829333,0.0,0.0,0.07,-27.12262,2.2164915,0.7388305,0.16000001,0.0,0.17030424,0.0,0.0,2489600
hardzero_only__c0p58__z1p00__lam0p000__nu0p50__psi0p00,hardzero_only,0.07,48,778,0.0,5,0.20889604,0.2161156,0.9865877,0.10313649,0.10313649,1.0,0.007219554,0.07,-26.202948,2.1705363,0.7235121,0.15200001,0.0,0.18369022,0.0,0.0,2492800
hardzero_only__c0p58__z1p00__lam0p000__nu0p50__psi0p00,hardzero_only,0.07,48,779,0.0,5,0.2161156,0.22353731,0.97459376,0.1060245,0.1060245,1.0,0.007421715,0.07,-26.89845,2.144149,0.7147164,0.16000001,0.0,0.1645192,0.0,0.0,2496000
hardzero_only__c0p58__z1p00__lam0p000__nu0p50__psi0p00,hardzero_only,0.07,48,780,0.0,5,0.22353731,0.23106192,0.968614,0.107494436,0.107494436,1.0,0.0075246105,0.07,-26.35456,2.1309934,0.71033114,0.11,0.0,0.14020076,0.0,0.0,2499200
hardzero_only__c0p58__z1p00__lam0p000__nu0p50__psi0p00,hardzero_only,0.07,48,781,0.0,5,0.23106192,0.2388251,0.95505834,0.11090258,0.11090258,1.0,0.0077631804,0.07,-26.253443,2.1011703,0.7003901,0.14400001,0.0,0.14375445,0.0,0.0,2502400
hardzero_only__c0p58__z1p00__lam0p000__nu0p50__psi0p00,hardzero_only,0.07,48,782,0.0,5,0.2388251,0.24736771,0.9135073,0.12203732,0.12203732,1.0,0.008542612,0.07,-25.603462,2.009756,0.6699187,0.18400002,0.0,0.1565764,0.0,0.0,2505600
hardzero_only__c0p58__z1p00__lam0p000__nu0p50__psi0p00,hardzero_only,0.07,48,783,0.0,5,0.24736771,0.25455943,0.9882654,0.102738835,0.102738835,1.0,0.0071917186,0.07,-26.947243,2.1742272,0.7247424,0.2,0.0,0.20938854,0.0,0.0,2508800
hardzero_only__c0p58__z1p00__lam0p000__nu0p50__psi0p00,hardzero_only,0.07,48,784,0.0,5,0.25455943,0.26198873,0.9741506,0.10613275,0.10613275,1.0,0.007429293,0.07,-26.58869,2.1431742,0.7143914,0.18400002,0.0,0.15265436,0.0,0.0,2512000
hardzero_only__c0p58__z1p00__lam0p000__nu0p50__psi0p00,hardzero_only,0.07,48,785,0.0,5,0.26198873,0.2692802,0.9822831,0.1041638,0.1041638,1.0,0.0072914665,0.07,-27.24219,2.161066,0.7203554,0.192,0.0,0.15260231,0.0,0.0,2515200
hardzero_only__c0p58__z1p00__lam0p000__nu0p50__psi0p00,hardzero_only,0.07,48,786,0.0,5,0.2692802,0.27717692,0.9476509,0.11281039,0.11281039,1.0,0.007896727,0.07,-26.540842,2.0848737,0.6949579,0.16000001,0.0,0.14948297,0.0,0.0,2518400
hardzero_only__c0p58__z1p00__lam0p000__nu0p50__psi0p00,hardzero_only,0.07,48,787,0.0,5,0.27717692,0.28527898,0.93650216,0.11574384,0.11574384,1.0,0.008102069,0.07,-26.507511,2.060346,0.686782,0.17600001,0.0,0.16600943,0.0,0.0,2521600
hardzero_only__c0p58__z1p00__lam0p000__nu0p50__psi0p00,hardzero_only,0.07,48,788,0.0,5,0.28527898,0.29340452,0.9352453,0.11607926,0.11607926,1.0,0.008125548,0.07,-25.74993,2.0575807,0.6858603,0.28800002,0.0,0.16552398,0.0,0.0,2524800
hardzero_only__c0p58__z1p00__lam0p000__nu0p50__psi0p00,hardzero_only,0.07,48,789,0.0,5,0.29340452,0.30100682,0.96415263,0.108604394,0.108604394,1.0,0.0076023075,0.07,-26.411161,2.1211782,0.7070594,0.14400001,0.0,0.15699612,0.0,0.0,2528000
hardzero_only__c0p58__z1p00__lam0p000__nu0p50__psi0p00,hardzero_only,0.07,48,790,0.0,5,0.30100682,0.30956358,0.91278917,0.12223929,0.12223929,1.0,0.008556751,0.07,-25.430105,2.0081763,0.6693921,0.216,0.0,0.15536055,0.0,0.0,2531200
hardzero_only__c0p58__z1p00__lam0p000__nu0p50__psi0p00,hardzero_only,0.07,48,791,0.0,5,0.30956358,0.30956358,1.0237535,0.0,0.09467744,0.0,0.0,0.07,-27.296738,2.2523026,0.7507676,0.17600001,0.0,0.17741999,0.0,0.0,2534400
hardzero_only__c0p58__z1p00__lam0p000__nu0p50__psi0p00,hardzero_only,0.07,48,792,0.0,5,0.30956358,0.31710818,0.96746147,0.10778009,0.10778009,1.0,0.0075446065,0.07,-26.647861,2.1284578,0.70948595,0.120000005,0.0,0.17070541,0.0,0.0,2537600
hardzero_only__c0p58__z1p00__lam0p000__nu0p50__psi0p00,hardzero_only,0.07,48,793,0.0,5,0.31710818,0.32605517,0.8934208,0.12781422,0.12781422,1.0,0.008946995,0.07,-24.727142,1.9655651,0.6551884,0.21,0.0,0.14497757,0.0,0.0,2540800
hardzero_only__c0p58__z1p00__lam0p000__nu0p50__psi0p00,hardzero_only,0.07,48,794,0.0,5,0.32605517,0.3339076,0.9500929,0.11217785,0.11217785,1.0,0.007852449,0.07,-26.308153,2.0902462,0.69674873,0.208,0.0,0.14856075,0.0,0.0,2544000
hardzero_only__c0p58__z1p00__lam0p000__nu0p50__psi0p00,hardzero_only,0.07,48,795,0.0,5,0.3339076,0.34212318,0.93045944,0.11736553,0.11736553,1.0,0.008215588,0.07,-25.389149,2.0470517,0.6823506,0.24000001,0.0,0.14346658,0.0,0.0,2547200
hardzero_only__c0p58__z1p00__lam0p000__nu0p50__psi0p00,hardzero_only,0.07,48,796,0.0,5,0.34212318,0.34992415,0.95294976,0.11144234,0.11144234,1.0,0.007800964,0.07,-26.786028,2.0965314,0.69884384,0.17600001,0.008,0.15969755,0.0,0.0,2550400
hardzero_only__c0p58__z1p00__lam0p000__nu0p50__psi0p00,hardzero_only,0.07,48,797,0.0,5,0.34992415,0.3570373,0.9930347,0.10161675,0.10161675,1.0,0.007113172,0.07,-26.793314,2.18472,0.72824,0.14400001,0.0,0.17078294,0.0,0.0,2553600
hardzero_only__c0p58__z1p00__lam0p000__nu0p50__psi0p00,hardzero_only,0.07,48,798,0.0,5,0.3570373,0.36474392,0.9582348,0.1100944,0.1100944,1.0,0.0077066077,0.07,-25.981226,2.1081586,0.70271957,0.224,0.0,0.1541933,0.0,0.0,2556800
hardzero_only__c0p58__z1p00__lam0p000__nu0p50__psi0p00,hardzero_only,0.07,48,799,0.0,5,0.36474392,0.37259313,0.9502712,0.1121318,0.1121318,1.0,0.007849226,0.07,-26.271837,2.0906384,0.6968795,0.14400001,0.0,0.14982674,0.0,0.0,2560000
hardzero_only__c0p58__z1p00__lam0p000__nu0p50__psi0p00,hardzero_only,0.07,48,800,0.0,5,0.37259313,0.3809573,0.92267436,0.119488366,0.119488366,1.0,0.008364186,0.07,-26.023611,2.0299242,0.6766414,0.224,0.0,0.18155898,0.0,0.0,2563200
hardzero_only__c0p58__z1p00__lam0p000__nu0p50__psi0p00,hardzero_only,0.07,48,801,0.0,5,0.3809573,0.3809573,1.0131012,0.0,0.09702838,0.0,0.0,0.07,-26.933765,2.2288673,0.7429558,0.16800001,0.0,0.17066577,0.0,0.0,2566400
hardzero_only__c0p58__z1p00__lam0p000__nu0p50__psi0p00,hardzero_only,0.07,48,802,0.0,5,0.3809573,0.38919666,0.9292044,0.117705196,0.117705196,1.0,0.008239363,0.07,-25.746294,2.0442905,0.6814302,0.208,0.0,0.1670012,0.0,0.0,2569600
hardzero_only__c0p58__z1p00__lam0p000__nu0p50__psi0p00,hardzero_only,0.07,48,803,0.0,5,0.38919666,0.39666057,0.97213167,0.10662727,0.10662727,1.0,0.0074639088,0.07,-26.624153,2.1387324,0.71291083,0.16800001,0.0,0.18392996,0.0,0.0,2572800
hardzero_only__c0p58__z1p00__lam0p000__nu0p50__psi0p00,hardzero_only,0.07,48,804,0.0,5,0.39666057,0.40407372,0.9750951,0.10590217,0.10590217,1.0,0.007413152,0.07,-26.376568,2.145252,0.715084,0.16800001,0.0,0.15882352,0.0,0.0,2576000
hardzero_only__c0p58__z1p00__lam0p000__nu0p50__psi0p00,hardzero_only,0.07,48,805,0.0,5,0.40407372,0.4113171,0.98515505,0.10347727,0.10347727,1.0,0.007243409,0.07,-26.307423,2.1673844,0.72246146,0.16800001,0.0,0.16036256,0.0,0.0,2579200
hardzero_only__c0p58__z1p00__lam0p000__nu0p50__psi0p00,hardzero_only,0.07,48,806,0.0,5,0.4113171,0.41898015,0.96069604,0.109472215,0.109472215,1.0,0.0076630553,0.07,-26.74665,2.1135736,0.7045245,0.17999999,0.0,0.1780828,0.0,0.0,2582400
hardzero_only__c0p58__z1p00__lam0p000__nu0p50__psi0p00,hardzero_only,0.07,48,807,0.0,5,0.41898015,0.41898015,1.00163,0.0,0.09962539,0.0,0.0,0.07,-26.785763,2.20363,0.7345433,0.14400001,0.0,0.16993384,0.0,0.0,2585600
hardzero_only__c0p58__z1p00__lam0p000__nu0p50__psi0p00,hardzero_only,0.07,48,808,0.0,5,0.41898015,0.42661119,0.96251535,0.10901459,0.10901459,1.0,0.0076310216,0.07,-26.079868,2.1175761,0.7058587,0.128,0.0,0.16572034,0.0,0.0,2588800
hardzero_only__c0p58__z1p00__lam0p000__nu0p50__psi0p00,hardzero_only,0.07,48,809,0.0,5,0.42661119,0.43426833,0.9610317,0.10938766,0.10938766,1.0,0.0076571363,0.07,-26.749817,2.114312,0.7047707,0.15200001,0.0,0.165399,0.0,0.0,2592000
hardzero_only__c0p58__z1p00__lam0p000__nu0p50__psi0p00,hardzero_only,0.07,48,810,0.0,5,0.43426833,0.44161943,0.9787454,0.10501578,0.10501578,1.0,0.0073511046,0.07,-26.608849,2.1532829,0.717761,0.192,0.0,0.18290693,0.0,0.0,2595200
hardzero_only__c0p58__z1p00__lam0p000__nu0p50__psi0p00,hardzero_only,0.07,48,811,0.0,5,0.44161943,0.44942167,0.95287764,0.11146086,0.11146086,1.0,0.00780226,0.07,-26.36124,2.0963726,0.6987909,0.18400002,0.0,0.13806272,0.0,0.0,2598400
hardzero_only__c0p58__z1p00__lam0p000__nu0p50__psi0p00,hardzero_only,0.07,48,812,0.0,5,0.44942167,0.45705992,0.96210444,0.1091178,0.1091178,1.0,0.007638246,0.07,-26.91359,2.116672,0.70555735,0.18400002,0.0,0.1554448,0.0,0.0,2601600
hardzero_only__c0p58__z1p00__lam0p000__nu0p50__psi0p00,hardzero_only,0.07,48,813,0.0,5,0.45705992,0.46471795,0.96098095,0.10940043,0.10940043,1.0,0.00765803,0.07,-25.984661,2.1142004,0.7047335,0.24000001,0.0,0.17433624,0.0,0.0,2604800
hardzero_only__c0p58__z1p00__lam0p000__nu0p50__psi0p00,hardzero_only,0.07,48,814,0.0,5,0.46471795,0.47257364,0.9499135,0.11222418,0.11222418,1.0,0.007855692,0.07,-25.997423,2.0898514,0.6966171,0.208,0.0,0.16825633,0.0,0.0,2608000
hardzero_only__c0p58__z1p00__lam0p000__nu0p50__psi0p00,hardzero_only,0.07,48,815,0.0,5,0.47257364,0.48048007,0.9471167,0.11294925,0.11294925,1.0,0.007906448,0.07,-26.303423,2.0836983,0.69456613,0.208,0.0,0.15331167,0.0,0.0,2611200
hardzero_only__c0p58__z1p00__lam0p000__nu0p50__psi0p00,hardzero_only,0.07,48,816,0.0,5,0.48048007,0.48846835,0.94264543,0.114118114,0.114118114,1.0,0.007988268,0.07,-26.55015,2.0738614,0.69128716,0.216,0.0,0.17597707,0.0,0.0,2614400
hardzero_only__c0p58__z1p00__lam0p000__nu0p50__psi0p00,hardzero_only,0.07,48,817,0.0,5,0.48846835,0.49586892,0.9758333,0.10572232,0.10572232,1.0,0.0074005625,0.07,-26.611666,2.146876,0.7156254,0.24000001,0.0,0.1515977,0.0,0.0,2617600
hardzero_only__c0p58__z1p00__lam0p000__nu0p50__psi0p00,hardzero_only,0.07,48,818,0.0,5,0.49586892,0.5028989,0.9981473,0.100427516,0.100427516,1.0,0.007029926,0.07,-26.529623,2.195968,0.7319893,0.16800001,0.0,0.16320407,0.0,0.0,2620800
hardzero_only__c0p58__z1p00__lam0p000__nu0p50__psi0p00,hardzero_only,0.07,48,819,0.0,5,0.5028989,0.5102046,0.98143363,0.104367755,0.104367755,1.0,0.0073057427,0.07,-26.180405,2.159197,0.7197324,0.22,0.0,0.14505532,0.0,0.0,2624000
hardzero_only__c0p58__z1p00__lam0p000__nu0p50__psi0p00,hardzero_only,0.07,48,820,0.0,5,0.5102046,0.5198655,0.8600793,0.13801321,0.13801321,1.0,0.009660925,0.07,-23.856735,1.8922122,0.6307374,0.30400002,0.0,0.15928216,0.0,0.0,2627200
hardzero_only__c0p58__z1p00__lam0p000__nu0p50__psi0p00,hardzero_only,0.07,48,821,0.0,5,0.5198655,0.5279346,0.938273,0.11527283,0.11527283,1.0,0.008069098,0.07,-26.018753,2.064242,0.68808067,0.14400001,0.0,0.15333045,0.0,0.0,2630400
hardzero_only__c0p58__z1p00__lam0p000__nu0p50__psi0p00,hardzero_only,0.07,48,822,0.0,5,0.5279346,0.5350171,0.9949135,0.101178095,0.101178095,1.0,0.0070824665,0.07,-26.545368,2.1888535,0.72961783,0.128,0.0,0.14861324,0.0,0.0,2633600
hardzero_only__c0p58__z1p00__lam0p000__nu0p50__psi0p00,hardzero_only,0.07,48,823,0.0,5,0.5350171,0.54296327,0.9449392,0.113516964,0.113516964,1.0,0.007946188,0.07,-26.20874,2.0789077,0.69296926,0.2,0.0,0.14373009,0.0,0.0,2636800
hardzero_only__c0p58__z1p00__lam0p000__nu0p50__psi0p00,hardzero_only,0.07,48,824,0.0,5,0.54296327,0.5509499,0.94273514,0.11409453,0.11409453,1.0,0.007986617,0.07,-26.434177,2.0740588,0.69135296,0.16000001,0.0,0.16781493,0.0,0.0,2640000
hardzero_only__c0p58__z1p00__lam0p000__nu0p50__psi0p00,hardzero_only,0.07,48,825,0.0,5,0.5509499,0.5583625,0.97512704,0.105894394,0.105894394,1.0,0.007412608,0.07,-26.416353,2.1453223,0.71510744,0.15200001,0.0,0.17659135,0.0,0.0,2643200
hardzero_only__c0p58__z1p00__lam0p000__nu0p50__psi0p00,hardzero_only,0.07,48,826,0.0,5,0.5583625,0.5583625,1.0171971,0.0,0.0961176,0.0,0.0,0.07,-26.676413,2.2378783,0.74595946,0.16000001,0.0,0.17321435,0.0,0.0,2646400
hardzero_only__c0p58__z1p00__lam0p000__nu0p50__psi0p00,hardzero_only,0.07,48,827,0.0,5,0.5583625,0.5663859,0.9407371,0.114620656,0.114620656,1.0,0.0080234455,0.07,-26.316067,2.069663,0.6898877,0.16000001,0.0,0.1614434,0.0,0.0,2649600
hardzero_only__c0p58__z1p00__lam0p000__nu0p50__psi0p00,hardzero_only,0.07,48,828,0.0,5,0.5663859,0.5663859,1.0001911,0.0,0.09995599,0.0,0.0,0.07,-27.796005,2.2004642,0.7334881,0.16800001,0.0,0.16668966,0.0,0.0,2652800
hardzero_only__c0p58__z1p00__lam0p000__nu0p50__psi0p00,hardzero_only,0.07,48,829,0.0,5,0.5663859,0.57423544,0.95025676,0.112135515,0.112135515,1.0,0.007849486,0.07,-25.616243,2.0906067,0.6968689,0.17600001,0.0,0.16663186,0.0,0.0,2656000
hardzero_only__c0p58__z1p00__lam0p000__nu0p50__psi0p00,hardzero_only,0.07,48,830,0.0,5,0.57423544,0.5818852,0.9614477,0.10928292,0.10928292,1.0,0.0076498045,0.07,-26.611801,2.1152272,0.70507574,0.216,0.0,0.16882157,0.0,0.0,2659200
hardzero_only__c0p58__z1p00__lam0p000__nu0p50__psi0p00,hardzero_only,0.07,48,831,1.0,6,0.5818852,0.009713353,0.95144075,0.11183025,0.11183025,1.0,0.007828117,0.07,-26.26711,2.0932114,0.69773716,0.15200001,0.0,0.1900941,0.0,0.0,2662400
hardzero_only__c0p58__z1p00__lam0p000__nu0p50__psi0p00,hardzero_only,0.07,48,832,0.0,6,0.009713353,0.017277705,0.9663263,0.10806217,0.10806217,1.0,0.007564352,0.07,-27.462694,2.1259604,0.70865345,0.16,0.0,0.16368352,0.0,0.0,2665600
hardzero_only__c0p58__z1p00__lam0p000__nu0p50__psi0p00,hardzero_only,0.07,48,833,0.0,6,0.017277705,0.024630796,0.97862804,0.10504417,0.10504417,1.0,0.007353092,0.07,-27.278303,2.1530247,0.7176749,0.18400002,0.0,0.20069034,0.0,0.0,2668800
hardzero_only__c0p58__z1p00__lam0p000__nu0p50__psi0p00,hardzero_only,0.07,48,834,0.0,6,0.024630796,0.032698587,0.93834347,0.11525414,0.11525414,1.0,0.0080677895,0.07,-26.24265,2.0643969,0.6881323,0.2,0.0,0.20071197,0.0,0.0,2672000
hardzero_only__c0p58__z1p00__lam0p000__nu0p50__psi0p00,hardzero_only,0.07,48,835,0.0,6,0.032698587,0.039985027,0.9825827,0.10409199,0.10409199,1.0,0.007286439,0.07,-26.841875,2.161725,0.72057503,0.16000001,0.0,0.165328,0.0,0.0,2675200
hardzero_only__c0p58__z1p00__lam0p000__nu0p50__psi0p00,hardzero_only,0.07,48,836,0.0,6,0.039985027,0.04832153,0.92411417,0.1190929,0.1190929,1.0,0.008336503,0.07,-25.92659,2.0330918,0.6776973,0.16000001,0.0,0.18331446,0.0,0.0,2678400
hardzero_only__c0p58__z1p00__lam0p000__nu0p50__psi0p00,hardzero_only,0.07,48,837,0.0,6,0.04832153,0.05594127,0.963158,0.108853385,0.108853385,1.0,0.007619737,0.07,-26.91336,2.11899,0.70633,0.224,0.0,0.19916598,0.0,0.0,2681600
hardzero_only__c0p58__z1p00__lam0p000__nu0p50__psi0p00,hardzero_only,0.07,48,838,0.0,6,0.05594127,0.06404014,0.9366737,0.11569811,0.11569811,1.0,0.008098868,0.07,-26.609854,2.0607233,0.68690777,0.216,0.0,0.15412438,0.0,0.0,2684800
hardzero_only__c0p58__z1p00__lam0p000__nu0p50__psi0p00,hardzero_only,0.07,48,839,0.0,6,0.06404014,0.072387435,0.92355216,0.119247116,0.119247116,1.0,0.008347298,0.07,-25.798033,2.0318553,0.67728513,0.192,0.0,0.1602896,0.0,0.0,2688000
hardzero_only__c0p58__z1p00__lam0p000__nu0p50__psi0p00,hardzero_only,0.07,48,840,0.0,6,0.072387435,0.0806849,0.9261526,0.118535206,0.118535206,1.0,0.008297465,0.07,-26.222797,2.0375764,0.6791922,0.256,0.0,0.15295912,0.0,0.0,2691200
hardzero_only__c0p58__z1p00__lam0p000__nu0p50__psi0p00,hardzero_only,0.07,48,841,0.0,6,0.0806849,0.088568226,0.9483885,0.11261894,0.11261894,1.0,0.007883326,0.07,-26.327745,2.0864964,0.6954988,0.224,0.0,0.1635567,0.0,0.0,2694400
hardzero_only__c0p58__z1p00__lam0p000__nu0p50__psi0p00,hardzero_only,0.07,48,842,0.0,6,0.088568226,0.09591609,0.9789367,0.10496954,0.10496954,1.0,0.007347868,0.07,-26.608032,2.1537037,0.71790123,0.208,0.0,0.18311405,0.0,0.0,2697600
hardzero_only__c0p58__z1p00__lam0p000__nu0p50__psi0p00,hardzero_only,0.07,48,843,0.0,6,0.09591609,0.104078494,0.93328,0.116605766,0.116605766,1.0,0.0081624035,0.07,-26.313665,2.053257,0.68441904,0.264,0.0,0.16486418,0.0,0.0,2700800
hardzero_only__c0p58__z1p00__lam0p000__nu0p50__psi0p00,hardzero_only,0.07,48,844,0.0,6,0.104078494,0.11111103,0.99798596,0.10046482,0.10046482,1.0,0.0070325374,0.07,-27.250748,2.195613,0.731871,0.14400001,0.0,0.18602273,0.0,0.0,2704000
hardzero_only__c0p58__z1p00__lam0p000__nu0p50__psi0p00,hardzero_only,0.07,48,845,0.0,6,0.11111103,0.120084375,0.8921438,0.12819059,0.12819059,1.0,0.008973341,0.07,-24.679155,1.9627556,0.6542519,0.22,0.0,0.14056808,0.0,0.0,2707200
hardzero_only__c0p58__z1p00__lam0p000__nu0p50__psi0p00,hardzero_only,0.07,48,846,0.0,6,0.120084375,0.12784432,0.9552398,0.110856265,0.110856265,1.0,0.0077599385,0.07,-26.240469,2.1015694,0.70052314,0.2,0.0,0.14600714,0.0,0.0,2710400
hardzero_only__c0p58__z1p00__lam0p000__nu0p50__psi0p00,hardzero_only,0.07,48,847,0.0,6,0.12784432,0.13539836,0.96691865,0.10791488,0.10791488,1.0,0.0075540417,0.07,-26.465057,2.1272635,0.70908785,0.18400002,0.0,0.18164963,0.0,0.0,2713600
hardzero_only__c0p58__z1p00__lam0p000__nu0p50__psi0p00,hardzero_only,0.07,48,848,0.0,6,0.13539836,0.14243916,0.9974763,0.100582786,0.100582786,1.0,0.007040795,0.07,-26.867033,2.1944916,0.7314972,0.14400001,0.0,0.16474696,0.0,0.0,2716800
hardzero_only__c0p58__z1p00__lam0p000__nu0p50__psi0p00,hardzero_only,0.07,48,849,0.0,6,0.14243916,0.1497824,0.9792099,0.10490352,0.10490352,1.0,0.0073432466,0.07,-27.44592,2.1543047,0.7181016,0.14400001,0.0,0.16703431,0.0,0.0,2720000
hardzero_only__c0p58__z1p00__lam0p000__nu0p50__psi0p00,hardzero_only,0.07,48,850,0.0,6,0.1497824,0.1497824,1.0006557,0.0,0.09984914,0.0,0.0,0.07,-27.316107,2.2014863,0.7338288,0.2,0.0,0.19826521,0.0,0.0,2723200
hardzero_only__c0p58__z1p00__lam0p000__nu0p50__psi0p00,hardzero_only,0.07,48,851,0.0,6,0.1497824,0.15725054,0.97188604,0.10668759,0.10668759,1.0,0.0074681314,0.07,-26.933117,2.138192,0.71273065,0.192,0.0,0.19552895,0.0,0.0,2726400
hardzero_only__c0p58__z1p00__lam0p000__nu0p50__psi0p00,hardzero_only,0.07,48,852,0.0,6,0.15725054,0.16557132,0.9249338,0.118868336,0.118868336,1.0,0.008320783,0.07,-24.871359,2.034895,0.67829835,0.2,0.0,0.17050144,0.0,0.0,2729600
hardzero_only__c0p58__z1p00__lam0p000__nu0p50__psi0p00,hardzero_only,0.07,48,853,0.0,6,0.16557132,0.17482999,0.87854964,0.13226664,0.13226664,1.0,0.009258665,0.07,-25.527811,1.9328479,0.64428264,0.16800001,0.0,0.15527308,0.0,0.0,2732800
hardzero_only__c0p58__z1p00__lam0p000__nu0p50__psi0p00,hardzero_only,0.07,48,854,0.0,6,0.17482999,0.18353951,0.9051041,0.12442163,0.12442163,1.0,0.008709514,0.07,-25.983732,1.9912688,0.66375625,0.208,0.0,0.15792277,0.0,0.0,2736000
hardzero_only__c0p58__z1p00__lam0p000__nu0p50__psi0p00,hardzero_only,0.07,48,855,0.0,6,0.18353951,0.19190045,0.92284334,0.11944188,0.11944188,1.0,0.008360932,0.07,-25.48603,2.0302958,0.6767653,0.128,0.0,0.16789526,0.0,0.0,2739200
hardzero_only__c0p58__z1p00__lam0p000__nu0p50__psi0p00,hardzero_only,0.07,48,856,0.0,6,0.19190045,0.19927083,0.97760785,0.10529122,0.10529122,1.0,0.0073703853,0.07,-26.316544,2.1507802,0.71692675,0.14400001,0.0,0.1599336,0.0,0.0,2742400
hardzero_only__c0p58__z1p00__lam0p000__nu0p50__psi0p00,hardzero_only,0.07,48,857,0.0,6,0.19927083,0.2074447,0.9326707,0.11676946,0.11676946,1.0,0.0081738625,0.07,-26.43048,2.0519166,0.68397224,0.256,0.0,0.1721518,0.0,0.0,2745600
hardzero_only__c0p58__z1p00__lam0p000__nu0p50__psi0p00,hardzero_only,0.07,48,858,0.0,6,0.2074447,0.21532261,0.9486863,0.11254174,0.11254174,1.0,0.007877922,0.07,-26.4324,2.0871515,0.6957172,0.19,0.0,0.1518864,0.0,0.0,2748800
hardzero_only__c0p58__z1p00__lam0p000__nu0p50__psi0p00,hardzero_only,0.07,48,859,0.0,6,0.21532261,0.22411282,0.9010985,0.1255745,0.1255745,1.0,0.008790215,0.07,-25.306494,1.9824563,0.6608188,0.256,0.0,0.14464922,0.0,0.0,2752000
hardzero_only__c0p58__z1p00__lam0p000__nu0p50__psi0p00,hardzero_only,0.07,48,860,0.0,6,0.22411282,0.23230875,0.93150043,0.117084526,0.117084526,1.0,0.008195917,0.07,-26.279606,2.049342,0.683114,0.23200001,0.0,0.15080532,0.0,0.0,2755200
hardzero_only__c0p58__z1p00__lam0p000__nu0p50__psi0p00,hardzero_only,0.07,48,861,0.0,6,0.23230875,0.24042909,0.9355238,0.11600485,0.11600485,1.0,0.008120339,0.07,-26.786636,2.0581934,0.6860645,0.216,0.0,0.18244505,0.0,0.0,2758400
hardzero_only__c0p58__z1p00__lam0p000__nu0p50__psi0p00,hardzero_only,0.07,48,862,0.0,6,0.24042909,0.24863459,0.9309926,0.11722154,0.11722154,1.0,0.008205508,0.07,-25.764614,2.0482247,0.6827416,0.15200001,0.0,0.17296611,0.0,0.0,2761600
hardzero_only__c0p58__z1p00__lam0p000__nu0p50__psi0p00,hardzero_only,0.07,48,863,0.0,6,0.24863459,0.2563662,0.9568285,0.11045145,0.11045145,1.0,0.0077316016,0.07,-27.231874,2.1050646,0.70168823,0.208,0.0,0.1920956,0.0,0.0,2764800
hardzero_only__c0p58__z1p00__lam0p000__nu0p50__psi0p00,hardzero_only,0.07,48,864,0.0,6,0.2563662,0.26401132,0.96171397,0.10921595,0.10921595,1.0,0.0076451167,0.07,-26.250372,2.115813,0.705271,0.18400002,0.0,0.15639104,0.0,0.0,2768000
hardzero_only__c0p58__z1p00__lam0p000__nu0p50__psi0p00,hardzero_only,0.07,48,865,0.0,6,0.26401132,0.27208582,0.9379827,0.11534991,0.11534991,1.0,0.008074494,0.07,-25.25924,2.0636032,0.68786776,0.192,0.0,0.17314765,0.0,0.0,2771200
hardzero_only__c0p58__z1p00__lam0p000__nu0p50__psi0p00,hardzero_only,0.07,48,866,0.0,6,0.27208582,0.2809713,0.8964183,0.12693511,0.12693511,1.0,0.008885458,0.07,-25.069342,1.9721596,0.65738654,0.24000001,0.0,0.14794543,0.0,0.0,2774400
hardzero_only__c0p58__z1p00__lam0p000__nu0p50__psi0p00,hardzero_only,0.07,48,867,0.0,6,0.2809713,0.28866798,0.95879483,0.10995252,0.10995252,1.0,0.007696676,0.07,-27.124798,2.1093907,0.70313025,0.136,0.0,0.17266653,0.0,0.0,2777600
hardzero_only__c0p58__z1p00__lam0p000__nu0p50__psi0p00,hardzero_only,0.07,48,868,0.0,6,0.28866798,0.2962313,0.96638536,0.10804747,0.10804747,1.0,0.007563323,0.07,-26.513048,2.1260903,0.7086968,0.18400002,0.0,0.1734415,0.0,0.0,2780800
hardzero_only__c0p58__z1p00__lam0p000__nu0p50__psi0p00,hardzero_only,0.07,48,869,0.0,6,0.2962313,0.30389035,0.9609229,0.10941507,0.10941507,1.0,0.007659055,0.07,-26.78147,2.1140726,0.7046909,0.128,0.0,0.15579478,0.0,0.0,2784000
hardzero_only__c0p58__z1p00__lam0p000__nu0p50__psi0p00,hardzero_only,0.07,48,870,0.0,6,0.30389035,0.31206658,0.9325448,0.11680332,0.11680332,1.0,0.008176233,0.07,-26.124517,2.0516396,0.68387985,0.216,0.0,0.17460063,0.0,0.0,2787200
hardzero_only__c0p58__z1p00__lam0p000__nu0p50__psi0p00,hardzero_only,0.07,48,871,0.0,6,0.31206658,0.3192657,0.98781914,0.102844454,0.102844454,1.0,0.007199112,0.07,-27.06664,2.1732454,0.7244152,0.17,0.0,0.15576656,0.0,0.0,2790400
hardzero_only__c0p58__z1p00__lam0p000__nu0p50__psi0p00,hardzero_only,0.07,48,872,0.0,6,0.3192657,0.32765564,0.92133826,0.119856544,0.119856544,1.0,0.008389958,0.07,-26.515524,2.0269847,0.67566156,0.16000001,0.0,0.16847679,0.0,0.0,2793600
hardzero_only__c0p58__z1p00__lam0p000__nu0p50__psi0p00,hardzero_only,0.07,48,873,0.0,6,0.32765564,0.3352169,0.9665038,0.108018026,0.108018026,1.0,0.0075612618,0.07,-26.834763,2.1263509,0.7087836,0.112,0.0,0.15333165,0.0,0.0,2796800
hardzero_only__c0p58__z1p00__lam0p000__nu0p50__psi0p00,hardzero_only,0.07,48,874,0.0,6,0.3352169,0.34345722,0.9291542,0.11771877,0.11771877,1.0,0.008240314,0.07,-26.557379,2.0441802,0.6813934,0.17600001,0.0,0.16869761,0.0,0.0,2800000
hardzero_only__c0p58__z1p00__lam0p000__nu0p50__psi0p00,hardzero_only,0.07,48,875,0.0,6,0.34345722,0.3519032,0.9184476,0.12065696,0.12065696,1.0,0.0084459875,0.07,-26.39218,2.020625,0.6735417,0.216,0.0,0.17132771,0.0,0.0,2803200
hardzero_only__c0p58__z1p00__lam0p000__nu0p50__psi0p00,hardzero_only,0.07,48,876,0.0,6,0.3519032,0.35917005,0.9837514,0.10381225,0.10381225,1.0,0.007266857,0.07,-26.815895,2.1642964,0.72143215,0.16800001,0.0,0.16408595,0.0,0.0,2806400
hardzero_only__c0p58__z1p00__lam0p000__nu0p50__psi0p00,hardzero_only,0.07,48,877,0.0,6,0.35917005,0.3666799,0.96946603,0.10728374,0.10728374,1.0,0.007509862,0.07,-26.262693,2.1328678,0.710956,0.17600001,0.0,0.16140987,0.0,0.0,2809600
hardzero_only__c0p58__z1p00__lam0p000__nu0p50__psi0p00,hardzero_only,0.07,48,878,0.0,6,0.3666799,0.37443838,0.95532125,0.11083546,0.11083546,1.0,0.0077584824,0.07,-26.076197,2.1017487,0.7005829,0.16000001,0.0,0.123517945,0.0,0.0,2812800
hardzero_only__c0p58__z1p00__lam0p000__nu0p50__psi0p00,hardzero_only,0.07,48,879,0.0,6,0.37443838,0.3832969,0.8977367,0.1265503,0.1265503,1.0,0.0088585215,0.07,-25.28043,1.9750602,0.65835345,0.192,0.0,0.15045464,0.0,0.0,2816000
hardzero_only__c0p58__z1p00__lam0p000__nu0p50__psi0p00,hardzero_only,0.07,48,880,0.0,6,0.3832969,0.39149597,0.931334,0.1171294,0.1171294,1.0,0.0081990585,0.07,-26.47389,2.0489757,0.6829919,0.18400002,0.0,0.15835309,0.0,0.0,2819200
hardzero_only__c0p58__z1p00__lam0p000__nu0p50__psi0p00,hardzero_only,0.07,48,881,0.0,6,0.39149597,0.39897436,0.97128934,0.106834285,0.106834285,1.0,0.0074784,0.07,-26.804962,2.1368792,0.7122931,0.136,0.0,0.16638176,0.0,0.0,2822400
hardzero_only__c0p58__z1p00__lam0p000__nu0p50__psi0p00,hardzero_only,0.07,48,882,0.0,6,0.39897436,0.4060493,0.99537456,0.10107073,0.10107073,1.0,0.007074951,0.07,-26.80823,2.1898677,0.7299559,0.216,0.0,0.1691521,0.0,0.0,2825600
hardzero_only__c0p58__z1p00__lam0p000__nu0p50__psi0p00,hardzero_only,0.07,48,883,0.0,6,0.4060493,0.41468707,0.90869683,0.123396575,0.123396575,1.0,0.008637761,0.07,-25.509218,1.9991729,0.666391,0.272,0.0,0.17833926,0.0,0.0,2828800
hardzero_only__c0p58__z1p00__lam0p000__nu0p50__psi0p00,hardzero_only,0.07,48,884,0.0,6,0.41468707,0.4224371,0.95579517,0.11071458,0.11071458,1.0,0.0077500204,0.07,-27.305565,2.1027913,0.7009305,0.19999999,0.0,0.17318395,0.0,0.0,2832000
hardzero_only__c0p58__z1p00__lam0p000__nu0p50__psi0p00,hardzero_only,0.07,48,885,0.0,6,0.4224371,0.4301271,0.9591702,0.1098575,0.1098575,1.0,0.007690025,0.07,-26.078728,2.1102166,0.70340556,0.224,0.0,0.1702573,0.0,0.0,2835200
hardzero_only__c0p58__z1p00__lam0p000__nu0p50__psi0p00,hardzero_only,0.07,48,886,0.0,6,0.4301271,0.4378289,0.9585073,0.11002533,0.11002533,1.0,0.007701773,0.07,-26.731384,2.1087582,0.7029194,0.24000001,0.0,0.15486403,0.0,0.0,2838400
hardzero_only__c0p58__z1p00__lam0p000__nu0p50__psi0p00,hardzero_only,0.07,48,887,0.0,6,0.4378289,0.44601655,0.93193895,0.116966374,0.116966374,1.0,0.008187646,0.07,-25.42827,2.0503066,0.68343556,0.192,0.0,0.17747289,0.0,0.0,2841600
hardzero_only__c0p58__z1p00__lam0p000__nu0p50__psi0p00,hardzero_only,0.07,48,888,0.0,6,0.44601655,0.45442685,0.9202869,0.12014706,0.12014706,1.0,0.008410294,0.07,-25.96999,2.0246716,0.6748905,0.224,0.0,0.17670491,0.0,0.0,2844800
hardzero_only__c0p58__z1p00__lam0p000__nu0p50__psi0p00,hardzero_only,0.07,48,889,0.0,6,0.45442685,0.46246448,0.93996966,0.11482339,0.11482339,1.0,0.008037638,0.07,-26.727535,2.0679746,0.68932486,0.136,0.0,0.17273523,0.0,0.0,2848000
hardzero_only__c0p58__z1p00__lam0p000__nu0p50__psi0p00,hardzero_only,0.07,48,890,0.0,6,0.46246448,0.47078198,0.92510444,0.11882164,0.11882164,1.0,0.008317515,0.07,-26.18802,2.0352705,0.6784235,0.192,0.0,0.14825407,0.0,0.0,2851200
hardzero_only__c0p58__z1p00__lam0p000__nu0p50__psi0p00,hardzero_only,0.07,48,891,0.0,6,0.47078198,0.47803843,0.98437315,0.103663735,0.103663735,1.0,0.0072564613,0.07,-27.241589,2.1656642,0.72188807,0.08800001,0.0,0.1737301,0.0,0.0,2854400
hardzero_only__c0p58__z1p00__lam0p000__nu0p50__psi0p00,hardzero_only,0.07,48,892,0.0,6,0.47803843,0.4858223,0.9539032,0.11119795,0.11119795,1.0,0.0077838562,0.07,-27.18715,2.098629,0.699543,0.28,0.0,0.14662205,0.0,0.0,2857600
hardzero_only__c0p58__z1p00__lam0p000__nu0p50__psi0p00,hardzero_only,0.07,48,893,0.0,6,0.4858223,0.4939271,0.93635565,0.11578288,0.11578288,1.0,0.008104801,0.07,-26.340466,2.0600235,0.68667454,0.14400001,0.0,0.16772604,0.0,0.0,2860800
hardzero_only__c0p58__z1p00__lam0p000__nu0p50__psi0p00,hardzero_only,0.07,48,894,0.0,6,0.4939271,0.5020124,0.9374037,0.1155038,0.1155038,1.0,0.008085267,0.07,-25.60328,2.0623293,0.68744314,0.216,0.0,0.15189233,0.0,0.0,2864000
hardzero_only__c0p58__z1p00__lam0p000__nu0p50__psi0p00,hardzero_only,0.07,48,895,0.0,6,0.5020124,0.50965947,0.96160257,0.10924395,0.10924395,1.0,0.0076470766,0.07,-26.851282,2.115568,0.70518935,0.18400002,0.0,0.17729852,0.0,0.0,2867200
hardzero_only__c0p58__z1p00__lam0p000__nu0p50__psi0p00,hardzero_only,0.07,48,896,0.0,6,0.50965947,0.51778233,0.9353878,0.11604119,0.11604119,1.0,0.008122884,0.07,-26.671406,2.0578942,0.68596476,0.264,0.0,0.19341531,0.0,0.0,2870400
hardzero_only__c0p58__z1p00__lam0p000__nu0p50__psi0p00,hardzero_only,0.07,48,897,0.0,6,0.51778233,0.5271267,0.8745457,0.1334917,0.1334917,1.0,0.0093444185,0.07,-25.031717,1.924039,0.64134634,0.24,0.0,0.13795033,0.0,0.0,2873600
hardzero_only__c0p58__z1p00__lam0p000__nu0p50__psi0p00,hardzero_only,0.07,48,898,0.0,6,0.5271267,0.5271267,1.0241727,0.0,0.09458611,0.0,0.0,0.07,-27.040943,2.2532248,0.75107497,0.112,0.0,0.18223853,0.0,0.0,2876800
hardzero_only__c0p58__z1p00__lam0p000__nu0p50__psi0p00,hardzero_only,0.07,48,899,0.0,6,0.5271267,0.5345871,0.972338,0.106576614,0.106576614,1.0,0.007460363,0.07,-27.048168,2.1391864,0.71306217,0.224,0.0,0.14559428,0.0,0.0,2880000
hardzero_only__c0p58__z1p00__lam0p000__nu0p50__psi0p00,hardzero_only,0.07,48,900,0.0,6,0.5345871,0.54270154,0.9358385,0.11592083,0.11592083,1.0,0.008114458,0.07,-25.058165,2.0588858,0.6862953,0.16800001,0.0,0.15924051,0.0,0.0,2883200
hardzero_only__c0p58__z1p00__lam0p000__nu0p50__psi0p00,hardzero_only,0.07,48,901,0.0,6,0.54270154,0.5511889,0.9163265,0.121247694,0.121247694,1.0,0.008487338,0.07,-26.367493,2.0159585,0.6719862,0.17600001,0.0,0.14568819,0.0,0.0,2886400
hardzero_only__c0p58__z1p00__lam0p000__nu0p50__psi0p00,hardzero_only,0.07,48,902,0.0,6,0.5511889,0.5591389,0.944731,0.11357141,0.11357141,1.0,0.007949999,0.07,-25.786676,2.0784497,0.6928166,0.18400002,0.0,0.14489649,0.0,0.0,2889600
hardzero_only__c0p58__z1p00__lam0p000__nu0p50__psi0p00,hardzero_only,0.07,48,903,0.0,6,0.5591389,0.56660944,0.9717447,0.10672232,0.10672232,1.0,0.007470562,0.07,-26.93019,2.137881,0.71262705,0.208,0.0,0.16967759,0.0,0.0,2892800
hardzero_only__c0p58__z1p00__lam0p000__nu0p50__psi0p00,hardzero_only,0.07,48,904,0.0,6,0.56660944,0.5744195,0.9524453,0.11157187,0.11157187,1.0,0.007810031,0.07,-26.87205,2.0954216,0.6984739,0.17600001,0.0,0.17506334,0.0,0.0,2896000
hardzero_only__c0p58__z1p00__lam0p000__nu0p50__psi0p00,hardzero_only,0.07,48,905,0.0,6,0.5744195,0.58255786,0.9345598,0.11626263,0.11626263,1.0,0.008138384,0.07,-27.005415,2.0560727,0.6853576,0.24800001,0.0,0.16987346,0.0,0.0,2899200
hardzero_only__c0p58__z1p00__lam0p000__nu0p50__psi0p00,hardzero_only,0.07,48,906,1.0,7,0.58255786,0.0104780905,0.946361,0.113145955,0.113145955,1.0,0.007920217,0.07,-26.374773,2.0820358,0.6940119,0.216,0.0,0.19214915,0.0,0.0,2902400
hardzero_only__c0p58__z1p00__lam0p000__nu0p50__psi0p00,hardzero_only,0.07,48,907,0.0,7,0.0104780905,0.019051317,0.9119537,0.122474685,0.122474685,1.0,0.008573228,0.07,-25.433622,2.0063381,0.6687794,0.272,0.0,0.1633457,0.0,0.0,2905600
hardzero_only__c0p58__z1p00__lam0p000__nu0p50__psi0p00,hardzero_only,0.07,48,908,0.0,7,0.019051317,0.028009137,0.8928957,0.12796886,0.12796886,1.0,0.00895782,0.07,-25.914618,1.9644097,0.6548033,0.224,0.0,0.1792821,0.0,0.0,2908800
hardzero_only__c0p58__z1p00__lam0p000__nu0p50__psi0p00,hardzero_only,0.07,48,909,0.0,7,0.028009137,0.036680967,0.90698725,0.123883285,0.123883285,1.0,0.00867183,0.07,-25.704195,1.9954118,0.6651373,0.18400002,0.0,0.16320886,0.0,0.0,2912000
hardzero_only__c0p58__z1p00__lam0p000__nu0p50__psi0p00,hardzero_only,0.07,48,910,0.0,7,0.036680967,0.044346932,0.96053123,0.109513775,0.109513775,1.0,0.0076659643,0.07,-27.286268,2.113211,0.70440364,0.22999999,0.0,0.15541051,0.0,0.0,2915200
hardzero_only__c0p58__z1p00__lam0p000__nu0p50__psi0p00,hardzero_only,0.07,48,911,0.0,7,0.044346932,0.05237714,0.9403713,0.114717245,0.114717245,1.0,0.008030207,0.07,-26.890203,2.0688581,0.6896194,0.15200001,0.0,0.1865014,0.0,0.0,2918400
hardzero_only__c0p58__z1p00__lam0p000__nu0p50__psi0p00,hardzero_only,0.07,48,912,0.0,7,0.05237714,0.060073074,0.95883656,0.10994195,0.10994195,1.0,0.0076959366,0.07,-26.266245,2.1094825,0.7031609,0.120000005,0.0,0.15203582,0.0,0.0,2921600
hardzero_only__c0p58__z1p00__lam0p000__nu0p50__psi0p00,hardzero_only,0.07,48,913,0.0,7,0.060073074,0.06838999,0.9251357,0.11881308,0.11881308,1.0,0.0083169155,0.07,-26.308884,2.035339,0.6784464,0.23200001,0.0,0.17663477,0.0,0.0,2924800
hardzero_only__c0p58__z1p00__lam0p000__nu0p50__psi0p00,hardzero_only,0.07,48,914,0.0,7,0.06838999,0.07745741,0.88761413,0.12953463,0.12953463,1.0,0.009067425,0.07,-26.26326,1.95279,0.65093005,0.23200001,0.0,0.18150285,0.0,0.0,2928000
hardzero_only__c0p58__z1p00__lam0p000__nu0p50__psi0p00,hardzero_only,0.07,48,915,0.0,7,0.07745741,0.086293854,0.8988205,0.1262349,0.1262349,1.0,0.008836444,0.07,-25.013035,1.9774446,0.6591482,0.16800001,0.0,0.16501056,0.0,0.0,2931200
hardzero_only__c0p58__z1p00__lam0p000__nu0p50__psi0p00,hardzero_only,0.07,48,916,0.0,7,0.086293854,0.09447712,0.9321716,0.11690373,0.11690373,1.0,0.008183261,0.07,-26.620323,2.0508184,0.68360615,0.16000001,0.0,0.16721708,0.0,0.0,2934400
hardzero_only__c0p58__z1p00__lam0p000__nu0p50__psi0p00,hardzero_only,0.07,48,917,0.0,7,0.09447712,0.101974905,0.970165,0.10711123,0.10711123,1.0,0.007497786,0.07,-26.768692,2.1344056,0.7114686,0.16000001,0.0,0.16255073,0.0,0.0,2937600
hardzero_only__c0p58__z1p00__lam0p000__nu0p50__psi0p00,hardzero_only,0.07,48,918,0.0,7,0.101974905,0.11010414,0.93504816,0.11613197,0.11613197,1.0,0.008129238,0.07,-26.594648,2.057147,0.6857157,0.16800001,0.0,0.1871747,0.0,0.0,2940800
hardzero_only__c0p58__z1p00__lam0p000__nu0p50__psi0p00,hardzero_only,0.07,48,919,0.0,7,0.11010414,0.118918225,0.899921,0.12591544,0.12591544,1.0,0.008814081,0.07,-26.129845,1.9798658,0.65995526,0.216,0.0,0.13231039,0.0,0.0,2944000
hardzero_only__c0p58__z1p00__lam0p000__nu0p50__psi0p00,hardzero_only,0.07,48,920,0.0,7,0.118918225,0.12611637,0.9878776,0.1028306,0.1028306,1.0,0.0071981424,0.07,-28.04519,2.1733742,0.7244581,0.18400002,0.008,0.18357863,0.0,0.0,2947200
hardzero_only__c0p58__z1p00__lam0p000__nu0p50__psi0p00,hardzero_only,0.07,48,921,0.0,7,0.12611637,0.13432004,0.9310895,0.11719538,0.11719538,1.0,0.008203677,0.07,-26.344778,2.0484378,0.68281263,0.208,0.0,0.1699673,0.0,0.0,2950400
hardzero_only__c0p58__z1p00__lam0p000__nu0p50__psi0p00,hardzero_only,0.07,48,922,0.0,7,0.13432004,0.14409326,0.85506034,0.13961744,0.13961744,1.0,0.009773221,0.07,-24.121758,1.8811703,0.6270568,0.24800001,0.0,0.1403077,0.0,0.0,2953600
hardzero_only__c0p58__z1p00__lam0p000__nu0p50__psi0p00,hardzero_only,0.07,48,923,0.0,7,0.14409326,0.15205552,0.9440617,0.113746576,0.113746576,1.0,0.00796226,0.07,-25.814156,2.0769773,0.6923258,0.19,0.0,0.15092033,0.0,0.0,2956800
hardzero_only__c0p58__z1p00__lam0p000__nu0p50__psi0p00,hardzero_only,0.07,48,924,0.0,7,0.15205552,0.16071332,0.9076903,0.1236829,0.1236829,1.0,0.008657803,0.07,-25.546352,1.9969585,0.6656529,0.17600001,0.0,0.14599599,0.0,0.0,2960000
hardzero_only__c0p58__z1p00__lam0p000__nu0p50__psi0p00,hardzero_only,0.07,48,925,0.0,7,0.16071332,0.16803056,0.98075014,0.10453214,0.10453214,1.0,0.0073172497,0.07,-27.675678,2.1576934,0.7192311,0.18400002,0.0,0.16596399,0.0,0.0,2963200
hardzero_only__c0p58__z1p00__lam0p000__nu0p50__psi0p00,hardzero_only,0.07,48,926,0.0,7,0.16803056,0.17632338,0.92639536,0.118468985,0.118468985,1.0,0.008292829,0.07,-26.465979,2.0381105,0.67937016,0.14400001,0.0,0.16856955,0.0,0.0,2966400
hardzero_only__c0p58__z1p00__lam0p000__nu0p50__psi0p00,hardzero_only,0.07,48,927,0.0,7,0.17632338,0.18490838,0.91135794,0.12264279,0.12264279,1.0,0.008584996,0.07,-25.747591,2.0050275,0.66834253,0.216,0.0,0.1497478,0.0,0.0,2969600
hardzero_only__c0p58__z1p00__lam0p000__nu0p50__psi0p00,hardzero_only,0.07,48,928,0.0,7,0.18490838,0.19266279,0.95554894,0.11077737,0.11077737,1.0,0.007754416,0.07,-26.369886,2.1022496,0.7007499,0.136,0.0,0.16250253,0.0,0.0,2972800
hardzero_only__c0p58__z1p00__lam0p000__nu0p50__psi0p00,hardzero_only,0.07,48,929,0.0,7,0.19266279,0.20159402,0.8941866,0.12758903,0.12758903,1.0,0.008931233,0.07,-25.119333,1.9672499,0.65575,0.23200001,0.0,0.15954491,0.0,0.0,2976000
hardzero_only__c0p58__z1p00__lam0p000__nu0p50__psi0p00,hardzero_only,0.07,48,930,0.0,7,0.20159402,0.21024218,0.9081747,0.123545036,0.123545036,1.0,0.008648152,0.07,-25.819614,1.9980242,0.6660081,0.16000001,0.0,0.14034815,0.0,0.0,2979200
hardzero_only__c0p58__z1p00__lam0p000__nu0p50__psi0p00,hardzero_only,0.07,48,931,0.0,7,0.21024218,0.21872112,0.9167564,0.12112773,0.12112773,1.0,0.008478941,0.07,-25.108236,2.0169044,0.6723015,0.16800001,0.0,0.14126348,0.0,0.0,2982400
hardzero_only__c0p58__z1p00__lam0p000__nu0p50__psi0p00,hardzero_only,0.07,48,932,0.0,7,0.21872112,0.22719507,0.9170123,0.12105639,0.12105639,1.0,0.008473948,0.07,-26.000673,2.0174673,0.6724891,0.216,0.0,0.17883986,0.0,0.0,2985600
hardzero_only__c0p58__z1p00__lam0p000__nu0p50__psi0p00,hardzero_only,0.07,48,933,0.0,7,0.22719507,0.23582901,0.90888923,0.123341925,0.123341925,1.0,0.008633935,0.07,-26.479906,1.9995962,0.6665321,0.208,0.008,0.16858284,0.0,0.0,2988800
hardzero_only__c0p58__z1p00__lam0p000__nu0p50__psi0p00,hardzero_only,0.07,48,934,0.0,7,0.23582901,0.24362193,0.9533978,0.11132743,0.11132743,1.0,0.0077929203,0.07,-26.148474,2.097517,0.6991724,0.15200001,0.0,0.16017847,0.0,0.0,2992000
hardzero_only__c0p58__z1p00__lam0p000__nu0p50__psi0p00,hardzero_only,0.07,48,935,0.0,7,0.24362193,0.2522727,0.9080439,0.12358224,0.12358224,1.0,0.008650756,0.07,-25.732033,1.9977366,0.6659122,0.18400002,0.0,0.15743037,0.0,0.0,2995200
hardzero_only__c0p58__z1p00__lam0p000__nu0p50__psi0p00,hardzero_only,0.07,48,936,0.0,7,0.2522727,0.26040345,0.9349663,0.11615385,0.11615385,1.0,0.008130769,0.07,-25.448286,2.056967,0.6856557,0.17,0.0,0.15101948,0.0,0.0,2998400
hardzero_only__c0p58__z1p00__lam0p000__nu0p50__psi0p00,hardzero_only,0.07,48,937,0.0,7,0.26040345,0.26926887,0.89739937,0.12664865,0.12664865,1.0,0.008865406,0.07,-25.475077,1.974318,0.658106,0.192,0.0,0.17324354,0.0,0.0,3001600
hardzero_only__c0p58__z1p00__lam0p000__nu0p50__psi0p00,hardzero_only,0.07,48,938,0.0,7,0.26926887,0.27860937,0.874728,0.13343565,0.13343565,1.0,0.009340496,0.07,-25.311289,1.92444,0.64148,0.256,0.0,0.16118985,0.0,0.0,3004800
hardzero_only__c0p58__z1p00__lam0p000__nu0p50__psi0p00,hardzero_only,0.07,48,939,0.0,7,0.27860937,0.28711367,0.91546005,0.12148983,0.12148983,1.0,0.008504288,0.07,-25.54542,2.0140524,0.67135084,0.2,0.0,0.15281238,0.0,0.0,3008000
hardzero_only__c0p58__z1p00__lam0p000__nu0p50__psi0p00,hardzero_only,0.07,48,940,0.0,7,0.28711367,0.29624066,0.88477045,0.13038556,0.13038556,1.0,0.009126989,0.07,-25.717573,1.9465338,0.6488446,0.24000001,0.0,0.15858805,0.0,0.0,3011200
hardzero_only__c0p58__z1p00__lam0p000__nu0p50__psi0p00,hardzero_only,0.07,48,941,0.0,7,0.29624066,0.30462772,0.9214886,0.11981505,0.11981505,1.0,0.008387053,0.07,-25.447987,2.0273154,0.67577183,0.16800001,0.0,0.15940835,0.0,0.0,3014400
hardzero_only__c0p58__z1p00__lam0p000__nu0p50__psi0p00,hardzero_only,0.07,48,942,0.0,7,0.30462772,0.31366125,0.8892402,0.12905054,0.12905054,1.0,0.0090335375,0.07,-25.499159,1.9563675,0.6521225,0.16800001,0.0,0.15077929,0.0,0.0,3017600
hardzero_only__c0p58__z1p00__lam0p000__nu0p50__psi0p00,hardzero_only,0.07,48,943,0.0,7,0.31366125,0.32202289,0.92280734,0.11945179,0.11945179,1.0,0.0083616255,0.07,-25.649446,2.0302167,0.6767389,0.23200001,0.0,0.14385222,0.0,0.0,3020800
hardzero_only__c0p58__z1p00__lam0p000__nu0p50__psi0p00,hardzero_only,0.07,48,944,0.0,7,0.32202289,0.33077118,0.90317506,0.12497551,0.12497551,1.0,0.0087482855,0.07,-25.72805,1.9870248,0.6623416,0.216,0.0,0.16313575,0.0,0.0,3024000
hardzero_only__c0p58__z1p00__lam0p000__nu0p50__psi0p00,hardzero_only,0.07,48,945,0.0,7,0.33077118,0.3393905,0.9096262,0.12313281,0.12313281,1.0,0.008619296,0.07,-25.282148,2.0012176,0.66707253,0.14400001,0.0,0.1418443,0.0,0.0,3027200
hardzero_only__c0p58__z1p00__lam0p000__nu0p50__psi0p00,hardzero_only,0.07,48,946,0.0,7,0.3393905,0.34821028,0.8996403,0.12599686,0.12599686,1.0,0.00881978,0.07,-25.362509,1.9792482,0.6597494,0.15200001,0.0,0.17579477,0.0,0.0,3030400
hardzero_only__c0p58__z1p00__lam0p000__nu0p50__psi0p00,hardzero_only,0.07,48,947,0.0,7,0.34821028,0.35731,0.8860694,0.12999617,0.12999617,1.0,0.009099731,0.07,-25.599442,1.9493916,0.6497972,0.23200001,0.0,0.14158511,0.0,0.0,3033600
hardzero_only__c0p58__z1p00__lam0p000__nu0p50__psi0p00,hardzero_only,0.07,48,948,0.0,7,0.35731,0.36480248,0.9704718,0.10703559,0.10703559,1.0,0.0074924915,0.07,-27.286905,2.1350806,0.7116935,0.18400002,0.0,0.20591551,0.0,0.0,3036800
hardzero_only__c0p58__z1p00__lam0p000__nu0p50__psi0p00,hardzero_only,0.07,48,949,0.0,7,0.36480248,0.37353718,0.9038505,0.12478129,0.12478129,1.0,0.00873469,0.07,-25.658867,1.9885108,0.66283697,0.099999994,0.0,0.15800735,0.0,0.0,3040000
hardzero_only__c0p58__z1p00__lam0p000__nu0p50__psi0p00,hardzero_only,0.07,48,950,0.0,7,0.37353718,0.3816499,0.93593097,0.11589614,0.11589614,1.0,0.00811273,0.07,-26.449005,2.0590892,0.6863631,0.216,0.0,0.13940954,0.0,0.0,3043200
hardzero_only__c0p58__z1p00__lam0p000__nu0p50__psi0p00,hardzero_only,0.07,48,951,0.0,7,0.3816499,0.38920692,0.9667487,0.10795711,0.10795711,1.0,0.0075569977,0.07,-26.600214,2.1268897,0.7089633,0.18400002,0.0,0.16728382,0.0,0.0,3046400
hardzero_only__c0p58__z1p00__lam0p000__nu0p50__psi0p00,hardzero_only,0.07,48,952,0.0,7,0.38920692,0.39789486,0.90618056,0.12411361,0.12411361,1.0,0.0086879525,0.07,-25.461868,1.9936371,0.6645457,0.208,0.0,0.17162842,0.0,0.0,3049600
hardzero_only__c0p58__z1p00__lam0p000__nu0p50__psi0p00,hardzero_only,0.07,48,953,0.0,7,0.39789486,0.4058178,0.9462116,0.11318489,0.11318489,1.0,0.007922943,0.07,-26.296568,2.081707,0.6939024,0.16800001,0.0,0.17860956,0.0,0.0,3052800
hardzero_only__c0p58__z1p00__lam0p000__nu0p50__psi0p00,hardzero_only,0.07,48,954,0.0,7,0.4058178,0.41408828,0.92756706,0.118149795,0.118149795,1.0,0.008270485,0.07,-25.572601,2.0406883,0.6802294,0.14400001,0.0,0.14160134,0.0,0.0,3056000
hardzero_only__c0p58__z1p00__lam0p000__nu0p50__psi0p00,hardzero_only,0.07,48,955,0.0,7,0.41408828,0.4224834,0.92107004,0.11993057,0.11993057,1.0,0.00839514,0.07,-25.61911,2.0263946,0.67546487,0.14400001,0.0,0.14705488,0.0,0.0,3059200
hardzero_only__c0p58__z1p00__lam0p000__nu0p50__psi0p00,hardzero_only,0.07,48,956,0.0,7,0.4224834,0.43084762,0.92267317,0.11948871,0.11948871,1.0,0.00836421,0.07,-25.841276,2.0299215,0.6766405,0.16000001,0.0,0.14780149,0.0,0.0,3062400
hardzero_only__c0p58__z1p00__lam0p000__nu0p50__psi0p00,hardzero_only,0.07,48,957,0.0,7,0.43084762,0.4395528,0.90531945,0.124359936,0.124359936,1.0,0.008705196,0.07,-25.282608,1.9917426,0.6639142,0.264,0.0,0.15978575,0.0,0.0,3065600
hardzero_only__c0p58__z1p00__lam0p000__nu0p50__psi0p00,hardzero_only,0.07,48,958,0.0,7,0.4395528,0.44801527,0.917602,0.12089212,0.12089212,1.0,0.008462449,0.07,-25.3284,2.0187647,0.6729216,0.208,0.0,0.1568646,0.0,0.0,3068800
hardzero_only__c0p58__z1p00__lam0p000__nu0p50__psi0p00,hardzero_only,0.07,48,959,0.0,7,0.44801527,0.4567071,0.9059879,0.124168664,0.124168664,1.0,0.008691806,0.07,-25.815428,1.9932132,0.6644044,0.16000001,0.0,0.16096672,0.0,0.0,3072000
hardzero_only__c0p58__z1p00__lam0p000__nu0p50__psi0p00,hardzero_only,0.07,48,960,0.0,7,0.4567071,0.46520555,0.91575754,0.121406645,0.121406645,1.0,0.008498465,0.07,-26.293589,2.0147069,0.671569,0.216,0.0,0.18177205,0.0,0.0,3075200
hardzero_only__c0p58__z1p00__lam0p000__nu0p50__psi0p00,hardzero_only,0.07,48,961,0.0,7,0.46520555,0.47317743,0.9435366,0.11388418,0.11388418,1.0,0.007971893,0.07,-26.279095,2.0758219,0.69194067,0.18400002,0.0,0.182489,0.0,0.0,3078400
hardzero_only__c0p58__z1p00__lam0p000__nu0p50__psi0p00,hardzero_only,0.07,48,962,0.0,7,0.47317743,0.4822365,0.88801366,0.1294155,0.1294155,1.0,0.009059085,0.07,-25.58492,1.9536691,0.65122306,0.19,0.0,0.15228808,0.0,0.0,3081600
hardzero_only__c0p58__z1p00__lam0p000__nu0p50__psi0p00,hardzero_only,0.07,48,963,0.0,7,0.4822365,0.4901749,0.94536626,0.113405414,0.113405414,1.0,0.007938379,0.07,-25.927376,2.0798473,0.6932825,0.216,0.008,0.15586028,0.0,0.0,3084800
hardzero_only__c0p58__z1p00__lam0p000__nu0p50__psi0p00,hardzero_only,0.07,48,964,0.0,7,0.4901749,0.49827635,0.9365346,0.11573519,0.11573519,1.0,0.008101463,0.07,-26.214853,2.0604172,0.6868057,0.24800001,0.0,0.1896906,0.0,0.0,3088000
hardzero_only__c0p58__z1p00__lam0p000__nu0p50__psi0p00,hardzero_only,0.07,48,965,0.0,7,0.49827635,0.50618386,0.9470592,0.112964176,0.112964176,1.0,0.007907492,0.07,-26.731266,2.083572,0.694524,0.192,0.0,0.16654493,0.0,0.0,3091200
hardzero_only__c0p58__z1p00__lam0p000__nu0p50__psi0p00,hardzero_only,0.07,48,966,0.0,7,0.50618386,0.51498437,0.90058964,0.12572175,0.12572175,1.0,0.008800522,0.07,-26.255367,1.9813368,0.66044563,0.28,0.0,0.16974434,0.0,0.0,3094400
hardzero_only__c0p58__z1p00__lam0p000__nu0p50__psi0p00,hardzero_only,0.07,48,967,0.0,7,0.51498437,0.5228016,0.95204693,0.11167425,0.11167425,1.0,0.007817198,0.07,-27.76896,2.0945451,0.69818175,0.2,0.008,0.21216317,0.0,0.0,3097600
hardzero_only__c0p58__z1p00__lam0p000__nu0p50__psi0p00,hardzero_only,0.07,48,968,0.0,7,0.5228016,0.530959,0.93354386,0.116534926,0.116534926,1.0,0.008157445,0.07,-25.914255,2.0538375,0.6846125,0.2,0.0,0.17077152,0.0,0.0,3100800
hardzero_only__c0p58__z1p00__lam0p000__nu0p50__psi0p00,hardzero_only,0.07,48,969,0.0,7,0.530959,0.5388756,0.9465603,0.11309404,0.11309404,1.0,0.007916583,0.07,-26.977303,2.0824742,0.6941581,0.192,0.0,0.15718764,0.0,0.0,3104000
hardzero_only__c0p58__z1p00__lam0p000__nu0p50__psi0p00,hardzero_only,0.07,48,970,0.0,7,0.5388756,0.54826176,0.8726103,0.13408794,0.13408794,1.0,0.009386156,0.07,-24.878386,1.919781,0.639927,0.23200001,0.0,0.14204744,0.0,0.0,3107200
hardzero_only__c0p58__z1p00__lam0p000__nu0p50__psi0p00,hardzero_only,0.07,48,971,0.0,7,0.54826176,0.55581,0.9672555,0.10783122,0.10783122,1.0,0.007548185,0.07,-26.419146,2.1280046,0.70933485,0.216,0.0,0.17488766,0.0,0.0,3110400
hardzero_only__c0p58__z1p00__lam0p000__nu0p50__psi0p00,hardzero_only,0.07,48,972,0.0,7,0.55581,0.5640161,0.93096066,0.11723015,0.11723015,1.0,0.00820611,0.07,-25.91891,2.0481544,0.68271816,0.216,0.0,0.17629716,0.0,0.0,3113600
hardzero_only__c0p58__z1p00__lam0p000__nu0p50__psi0p00,hardzero_only,0.07,48,973,0.0,7,0.5640161,0.5718991,0.94840723,0.1126141,0.1126141,1.0,0.007882987,0.07,-26.157587,2.0865376,0.69551253,0.16800001,0.0,0.14578742,0.0,0.0,3116800
hardzero_only__c0p58__z1p00__lam0p000__nu0p50__psi0p00,hardzero_only,0.07,48,974,0.0,7,0.5718991,0.5804874,0.9111942,0.12268903,0.12268903,1.0,0.008588232,0.07,-26.101429,2.0046673,0.6682224,0.24800001,0.0,0.16062765,0.0,0.0,3120000
hardzero_only__c0p58__z1p00__lam0p000__nu0p50__psi0p00,hardzero_only,0.07,48,975,1.0,8,0.5804874,0.009355021,0.8972903,0.12668048,0.12668048,1.0,0.0088676335,0.07,-25.074448,1.974078,0.65802604,0.19999999,0.0,0.143838,0.0,0.0,3123200
hardzero_only__c0p58__z1p00__lam0p000__nu0p50__psi0p00,hardzero_only,0.07,48,976,0.0,8,0.009355021,0.01780187,0.9184034,0.12066925,0.12066925,1.0,0.008446848,0.07,-26.231575,2.0205278,0.6735093,0.16000001,0.0,0.17971218,0.0,0.0,3126400
hardzero_only__c0p58__z1p00__lam0p000__nu0p50__psi0p00,hardzero_only,0.07,48,977,0.0,8,0.01780187,0.026384134,0.91149604,0.12260379,0.12260379,1.0,0.008582265,0.07,-26.677502,2.0053313,0.6684438,0.192,0.0,0.18766506,0.0,0.0,3129600
hardzero_only__c0p58__z1p00__lam0p000__nu0p50__psi0p00,hardzero_only,0.07,48,978,0.0,8,0.026384134,0.03437629,0.94243413,0.114173636,0.114173636,1.0,0.007992155,0.07,-26.384714,2.0733964,0.6911322,0.16000001,0.0,0.17028244,0.0,0.0,3132800
hardzero_only__c0p58__z1p00__lam0p000__nu0p50__psi0p00,hardzero_only,0.07,48,979,0.0,8,0.03437629,0.042160705,0.953872,0.111205935,0.111205935,1.0,0.0077844155,0.07,-26.416052,2.0985603,0.6995201,0.17600001,0.0,0.16915888,0.0,0.0,3136000
hardzero_only__c0p58__z1p00__lam0p000__nu0p50__psi0p00,hardzero_only,0.07,48,980,0.0,8,0.042160705,0.05125704,0.88623154,0.12994763,0.12994763,1.0,0.009096335,0.07,-25.3565,1.9497483,0.6499161,0.2,0.0,0.14576843,0.0,0.0,3139200
hardzero_only__c0p58__z1p00__lam0p000__nu0p50__psi0p00,hardzero_only,0.07,48,981,0.0,8,0.05125704,0.060377292,0.8850911,0.13028933,0.13028933,1.0,0.009120253,0.07,-25.17609,1.9472394,0.6490798,0.18400002,0.0,0.16364856,0.0,0.0,3142400
hardzero_only__c0p58__z1p00__lam0p000__nu0p50__psi0p00,hardzero_only,0.07,48,982,0.0,8,0.060377292,0.06813224,0.95551944,0.110784896,0.110784896,1.0,0.007754943,0.07,-27.559864,2.1021848,0.7007283,0.16000001,0.0,0.18548907,0.0,0.0,3145600
hardzero_only__c0p58__z1p00__lam0p000__nu0p50__psi0p00,hardzero_only,0.07,48,983,0.0,8,0.06813224,0.07731062,0.88233167,0.1311198,0.1311198,1.0,0.009178386,0.07,-24.970177,1.9411684,0.64705616,0.2,0.0,0.16120403,0.0,0.0,3148800
hardzero_only__c0p58__z1p00__lam0p000__nu0p50__psi0p00,hardzero_only,0.07,48,984,0.0,8,0.07731062,0.086021595,0.9050314,0.12444244,0.12444244,1.0,0.008710971,0.07,-25.177664,1.9911088,0.66370296,0.112,0.0,0.1565345,0.0,0.0,3152000
hardzero_only__c0p58__z1p00__lam0p000__nu0p50__psi0p00,hardzero_only,0.07,48,985,0.0,8,0.086021595,0.09515582,0.8844262,0.13048896,0.13048896,1.0,0.009134227,0.07,-25.267752,1.9457765,0.6485922,0.264,0.0,0.17540999,0.0,0.0,3155200
hardzero_only__c0p58__z1p00__lam0p000__nu0p50__psi0p00,hardzero_only,0.07,48,986,0.0,8,0.09515582,0.10324971,0.93694097,0.11562694,0.11562694,1.0,0.008093886,0.07,-26.195122,2.0613112,0.68710375,0.192,0.0,0.16387628,0.0,0.0,3158400
hardzero_only__c0p58__z1p00__lam0p000__nu0p50__psi0p00,hardzero_only,0.07,48,987,0.0,8,0.10324971,0.11155824,0.9255733,0.11869343,0.11869343,1.0,0.00830854,0.07,-25.205664,2.0363019,0.6787673,0.216,0.0,0.16602173,0.0,0.0,3161600
hardzero_only__c0p58__z1p00__lam0p000__nu0p50__psi0p00,hardzero_only,0.07,48,988,0.0,8,0.11155824,0.119796306,0.9292729,0.11768662,0.11768662,1.0,0.008238063,0.07,-26.96311,2.0444412,0.6814804,0.28,0.0,0.16893074,0.0,0.0,3164800
hardzero_only__c0p58__z1p00__lam0p000__nu0p50__psi0p00,hardzero_only,0.07,48,989,0.0,8,0.119796306,0.12792769,0.9349337,0.116162576,0.116162576,1.0,0.00813138,0.07,-26.510868,2.0568953,0.68563175,0.16800001,0.0,0.15665486,0.0,0.0,3168000
hardzero_only__c0p58__z1p00__lam0p000__nu0p50__psi0p00,hardzero_only,0.07,48,990,0.0,8,0.12792769,0.13685997,0.8941359,0.12760393,0.12760393,1.0,0.008932276,0.07,-25.648684,1.9671383,0.6557128,0.17600001,0.0,0.14686887,0.0,0.0,3171200
hardzero_only__c0p58__z1p00__lam0p000__nu0p50__psi0p00,hardzero_only,0.07,48,991,0.0,8,0.13685997,0.14560935,0.90312064,0.12499117,0.12499117,1.0,0.008749382,0.07,-25.615292,1.9869051,0.6623017,0.16000001,0.0,0.14636925,0.0,0.0,3174400
hardzero_only__c0p58__z1p00__lam0p000__nu0p50__psi0p00,hardzero_only,0.07,48,992,0.0,8,0.14560935,0.15389237,0.92690945,0.11832883,0.11832883,1.0,0.008283018,0.07,-26.472569,2.0392416,0.6797472,0.23200001,0.0,0.1519263,0.0,0.0,3177600
hardzero_only__c0p58__z1p00__lam0p000__nu0p50__psi0p00,hardzero_only,0.07,48,993,0.0,8,0.15389237,0.16187564,0.9429175,0.11404664,0.11404664,1.0,0.0079832645,0.07,-26.699932,2.07446,0.6914867,0.17600001,0.0,0.1862084,0.0,0.0,3180800
hardzero_only__c0p58__z1p00__lam0p000__nu0p50__psi0p00,hardzero_only,0.07,48,994,0.0,8,0.16187564,0.17055047,0.9068371,0.12392612,0.12392612,1.0,0.008674828,0.07,-25.620842,1.9950814,0.66502714,0.216,0.0,0.15585136,0.0,0.0,3184000
hardzero_only__c0p58__z1p00__lam0p000__nu0p50__psi0p00,hardzero_only,0.07,48,995,0.0,8,0.17055047,0.17960532,0.88821673,0.12935501,0.12935501,1.0,0.009054851,0.07,-25.740095,1.9541159,0.65137196,0.23200001,0.008,0.16061886,0.0,0.0,3187200
hardzero_only__c0p58__z1p00__lam0p000__nu0p50__psi0p00,hardzero_only,0.07,48,996,0.0,8,0.17960532,0.18755262,0.9448785,0.11353283,0.11353283,1.0,0.007947298,0.07,-25.403143,2.0787742,0.69292474,0.15200001,0.0,0.15109083,0.0,0.0,3190400
hardzero_only__c0p58__z1p00__lam0p000__nu0p50__psi0p00,hardzero_only,0.07,48,997,0.0,8,0.18755262,0.19615312,0.9105739,0.122864395,0.122864395,1.0,0.008600508,0.07,-25.400303,2.0033026,0.6677675,0.16000001,0.0,0.15513192,0.0,0.0,3193600
hardzero_only__c0p58__z1p00__lam0p000__nu0p50__psi0p00,hardzero_only,0.07,48,998,0.0,8,0.19615312,0.20415236,0.9420496,0.11427478,0.11427478,1.0,0.007999235,0.07,-26.278217,2.0725505,0.6908502,0.18400002,0.0,0.15537652,0.0,0.0,3196800
hardzero_only__c0p58__z1p00__lam0p000__nu0p50__psi0p00,hardzero_only,0.07,48,999,0.0,8,0.20415236,0.21291773,0.90232795,0.12521951,0.12521951,1.0,0.008765366,0.07,-25.52158,1.9851612,0.6617204,0.17600001,0.0,0.13357975,0.0,0.0,3200000
hardzero_only__c0p58__z1p00__lam0p000__nu0p50__psi0p00,hardzero_only,0.07,48,1000,0.0,8,0.21291773,0.2216955,0.9017139,0.1253967,0.1253967,1.0,0.008777769,0.07,-25.602928,1.9838102,0.6612701,0.272,0.0,0.15176244,0.0,0.0,3203200
hardzero_only__c0p58__z1p00__lam0p000__nu0p50__psi0p00,hardzero_only,0.07,48,1001,0.0,8,0.2216955,0.23009177,0.9210116,0.11994671,0.11994671,1.0,0.00839627,0.07,-26.118277,2.026266,0.6754221,0.17999999,0.0,0.15218593,0.0,0.0,3206400
hardzero_only__c0p58__z1p00__lam0p000__nu0p50__psi0p00,hardzero_only,0.07,48,1002,0.0,8,0.23009177,0.23916966,0.8871131,0.12968417,0.12968417,1.0,0.009077892,0.07,-25.120623,1.9516878,0.65056264,0.216,0.0,0.16683865,0.0,0.0,3209600
hardzero_only__c0p58__z1p00__lam0p000__nu0p50__psi0p00,hardzero_only,0.07,48,1003,0.0,8,0.23916966,0.2471025,0.9456693,0.11332629,0.11332629,1.0,0.00793284,0.07,-25.792284,2.080514,0.6935047,0.120000005,0.0,0.14354973,0.0,0.0,3212800
hardzero_only__c0p58__z1p00__lam0p000__nu0p50__psi0p00,hardzero_only,0.07,48,1004,0.0,8,0.2471025,0.2554462,0.9237401,0.11919553,0.11919553,1.0,0.008343687,0.07,-25.161438,2.0322688,0.67742294,0.2,0.0,0.15603836,0.0,0.0,3216000
hardzero_only__c0p58__z1p00__lam0p000__nu0p50__psi0p00,hardzero_only,0.07,48,1005,0.0,8,0.2554462,0.26511776,0.8596007,0.13816538,0.13816538,1.0,0.009671577,0.07,-24.702665,1.8911594,0.6303865,0.224,0.0,0.15449372,0.0,0.0,3219200
hardzero_only__c0p58__z1p00__lam0p000__nu0p50__psi0p00,hardzero_only,0.07,48,1006,0.0,8,0.26511776,0.2730636,0.94495815,0.11351202,0.11351202,1.0,0.007945841,0.07,-25.958912,2.0789495,0.69298315,0.18400002,0.0,0.14524582,0.0,0.0,3222400
hardzero_only__c0p58__z1p00__lam0p000__nu0p50__psi0p00,hardzero_only,0.07,48,1007,0.0,8,0.2730636,0.28097183,0.94701904,0.11297462,0.11297462,1.0,0.007908223,0.07,-27.18183,2.0834835,0.6944945,0.192,0.0,0.17178914,0.0,0.0,3225600
hardzero_only__c0p58__z1p00__lam0p000__nu0p50__psi0p00,hardzero_only,0.07,48,1008,0.0,8,0.28097183,0.2910201,0.8430069,0.14354667,0.14354667,1.0,0.010048267,0.07,-24.381838,1.8546523,0.61821747,0.18400002,0.0,0.14790498,0.0,0.0,3228800
hardzero_only__c0p58__z1p00__lam0p000__nu0p50__psi0p00,hardzero_only,0.07,48,1009,0.0,8,0.2910201,0.29891062,0.9479917,0.112721875,0.112721875,1.0,0.007890531,0.07,-26.404423,2.0856235,0.69520783,0.208,0.0,0.15922679,0.0,0.0,3232000
hardzero_only__c0p58__z1p00__lam0p000__nu0p50__psi0p00,hardzero_only,0.07,48,1010,0.0,8,0.29891062,0.3073178,0.9204481,0.120102435,0.120102435,1.0,0.008407171,0.07,-25.671743,2.0250263,0.6750088,0.2,0.0,0.17566559,0.0,0.0,3235200
hardzero_only__c0p58__z1p00__lam0p000__nu0p50__psi0p00,hardzero_only,0.07,48,1011,0.0,8,0.3073178,0.3158029,0.9164414,0.121215634,0.121215634,1.0,0.008485095,0.07,-26.165539,2.0162113,0.67207044,0.2,0.0,0.15883403,0.0,0.0,3238400
hardzero_only__c0p58__z1p00__lam0p000__nu0p50__psi0p00,hardzero_only,0.07,48,1012,0.0,8,0.3158029,0.32585365,0.8428996,0.14358212,0.14358212,1.0,0.0100507485,0.07,-25.000736,1.8544161,0.61813873,0.224,0.0,0.19138291,0.0,0.0,3241600
hardzero_only__c0p58__z1p00__lam0p000__nu0p50__psi0p00,hardzero_only,0.07,48,1013,0.0,8,0.32585365,0.33385533,0.9419161,0.1143099,0.1143099,1.0,0.008001693,0.07,-26.943813,2.0722568,0.69075227,0.17600001,0.008,0.17313355,0.0,0.0,3244800
hardzero_only__c0p58__z1p00__lam0p000__nu0p50__psi0p00,hardzero_only,0.07,48,1014,0.0,8,0.33385533,0.34288883,0.88924146,0.12905015,0.12905015,1.0,0.00903351,0.07,-26.063795,1.9563702,0.65212345,0.14999999,0.0,0.15319903,0.0,0.0,3248000
hardzero_only__c0p58__z1p00__lam0p000__nu0p50__psi0p00,hardzero_only,0.07,48,1015,0.0,8,0.34288883,0.3523709,0.86819524,0.13545804,0.13545804,1.0,0.009482062,0.07,-24.67468,1.9100677,0.63668925,0.256,0.0,0.1432977,0.0,0.0,3251200
hardzero_only__c0p58__z1p00__lam0p000__nu0p50__psi0p00,hardzero_only,0.07,48,1016,0.0,8,0.3523709,0.36124456,0.8969947,0.12676674,0.12676674,1.0,0.008873672,0.07,-26.524513,1.9734278,0.65780926,0.23200001,0.0,0.16623428,0.0,0.0,3254400
hardzero_only__c0p58__z1p00__lam0p000__nu0p50__psi0p00,hardzero_only,0.07,48,1017,0.0,8,0.36124456,0.3694123,0.9329965,0.11668188,0.11668188,1.0,0.008167732,0.07,-25.81229,2.0526333,0.68421113,0.208,0.0,0.15356652,0.0,0.0,3257600
hardzero_only__c0p58__z1p00__lam0p000__nu0p50__psi0p00,hardzero_only,0.07,48,1018,0.0,8,0.3694123,0.37736434,0.94461894,0.11360071,0.11360071,1.0,0.007952049,0.07,-26.043524,2.0782032,0.6927344,0.192,0.0,0.18071426,0.0,0.0,3260800
hardzero_only__c0p58__z1p00__lam0p000__nu0p50__psi0p00,hardzero_only,0.07,48,1019,0.0,8,0.37736434,0.385553,0.9318855,0.11698077,0.11698077,1.0,0.008188654,0.07,-25.399492,2.050189,0.68339634,0.16800001,0.0,0.14774123,0.0,0.0,3264000
hardzero_only__c0p58__z1p00__lam0p000__nu0p50__psi0p00,hardzero_only,0.07,48,1020,0.0,8,0.385553,0.3940997,0.91329974,0.12209567,0.12209567,1.0,0.008546697,0.07,-26.1867,2.0092995,0.66976655,0.24000001,0.0,0.15253685,0.0,0.0,3267200
hardzero_only__c0p58__z1p00__lam0p000__nu0p50__psi0p00,hardzero_only,0.07,48,1021,0.0,8,0.3940997,0.4028599,0.9025844,0.12514561,0.12514561,1.0,0.008760193,0.07,-25.651789,1.9857253,0.66190845,0.208,0.0,0.15134735,0.0,0.0,3270400
hardzero_only__c0p58__z1p00__lam0p000__nu0p50__psi0p00,hardzero_only,0.07,48,1022,0.0,8,0.4028599,0.4111159,0.92832714,0.11794319,0.11794319,1.0,0.008256024,0.07,-25.14949,2.0423605,0.68078685,0.192,0.0,0.14142734,0.0,0.0,3273600
hardzero_only__c0p58__z1p00__lam0p000__nu0p50__psi0p00,hardzero_only,0.07,48,1023,0.0,8,0.4111159,0.4186325,0.9690778,0.10737969,0.10737969,1.0,0.0075165783,0.07,-27.204472,2.1320138,0.7106713,0.2,0.0,0.20312402,0.0,0.0,3276800
hardzero_only__c0p58__z1p00__lam0p000__nu0p50__psi0p00,hardzero_only,0.07,48,1024,0.0,8,0.4186325,0.42665768,0.9406446,0.11464507,0.11464507,1.0,0.008025155,0.07,-26.58745,2.0694594,0.6898198,0.15200001,0.0,0.17183919,0.0,0.0,3280000
hardzero_only__c0p58__z1p00__lam0p000__nu0p50__psi0p00,hardzero_only,0.07,48,1025,0.0,8,0.42665768,0.43581137,0.883502,0.13076696,0.13076696,1.0,0.009153687,0.07,-25.534424,1.9437432,0.6479144,0.272,0.0,0.15916748,0.0,0.0,3283200
hardzero_only__c0p58__z1p00__lam0p000__nu0p50__psi0p00,hardzero_only,0.07,48,1026,0.0,8,0.43581137,0.44440246,0.9110494,0.122729965,0.122729965,1.0,0.008591098,0.07,-26.266106,2.0043488,0.6681163,0.18400002,0.0,0.17351174,0.0,0.0,3286400
hardzero_only__c0p58__z1p00__lam0p000__nu0p50__psi0p00,hardzero_only,0.07,48,1027,0.0,8,0.44440246,0.4533468,0.89355063,0.12777604,0.12777604,1.0,0.008944323,0.07,-25.15862,1.9658506,0.6552836,0.19999999,0.0,0.14695917,0.0,0.0,3289600
hardzero_only__c0p58__z1p00__lam0p000__nu0p50__psi0p00,hardzero_only,0.07,48,1028,0.0,8,0.4533468,0.46197793,0.90902954,0.12330209,0.12330209,1.0,0.0086311465,0.07,-25.883545,1.9999049,0.666635,0.24800001,0.0,0.18579231,0.0,0.0,3292800
hardzero_only__c0p58__z1p00__lam0p000__nu0p50__psi0p00,hardzero_only,0.07,48,1029,0.0,8,0.46197793,0.47008255,0.93636584,0.11578015,0.11578015,1.0,0.00810461,0.07,-25.703598,2.060046,0.686682,0.208,0.0,0.18066941,0.0,0.0,3296000
hardzero_only__c0p58__z1p00__lam0p000__nu0p50__psi0p00,hardzero_only,0.07,48,1030,0.0,8,0.47008255,0.478503,0.9197626,0.12029218,0.12029218,1.0,0.0084204525,0.07,-26.00052,2.023518,0.67450607,0.2,0.0,0.16495354,0.0,0.0,3299200
hardzero_only__c0p58__z1p00__lam0p000__nu0p50__psi0p00,hardzero_only,0.07,48,1031,0.0,8,0.478503,0.48669937,0.9314753,0.11709131,0.11709131,1.0,0.008196392,0.07,-25.621714,2.0492866,0.6830956,0.208,0.0,0.15031067,0.0,0.0,3302400
hardzero_only__c0p58__z1p00__lam0p000__nu0p50__psi0p00,hardzero_only,0.07,48,1032,0.0,8,0.48669937,0.4962648,0.86439437,0.13664873,0.13664873,1.0,0.009565411,0.07,-25.705687,1.9017056,0.6339019,0.296,0.008,0.16880265,0.0,0.0,3305600
hardzero_only__c0p58__z1p00__lam0p000__nu0p50__psi0p00,hardzero_only,0.07,48,1033,0.0,8,0.4962648,0.5043372,0.93809414,0.115320325,0.115320325,1.0,0.008072423,0.07,-26.867922,2.0638483,0.6879494,0.192,0.0,0.1785818,0.0,0.0,3308800
hardzero_only__c0p58__z1p00__lam0p000__nu0p50__psi0p00,hardzero_only,0.07,48,1034,0.0,8,0.5043372,0.5131942,0.897812,0.12652837,0.12652837,1.0,0.008856986,0.07,-25.593569,1.9752258,0.65840864,0.18400002,0.0,0.15716088,0.0,0.0,3312000
hardzero_only__c0p58__z1p00__lam0p000__nu0p50__psi0p00,hardzero_only,0.07,48,1035,0.0,8,0.5131942,0.5215985,0.92059684,0.120061316,0.120061316,1.0,0.008404292,0.07,-25.875872,2.0253534,0.67511785,0.17600001,0.0,0.183055,0.0,0.0,3315200
hardzero_only__c0p58__z1p00__lam0p000__nu0p50__psi0p00,hardzero_only,0.07,48,1036,0.0,8,0.5215985,0.52981687,0.9303128,0.11740516,0.11740516,1.0,0.008218361,0.07,-25.974401,2.046729,0.68224305,0.24000001,0.0,0.17472467,0.0,0.0,3318400
hardzero_only__c0p58__z1p00__lam0p000__nu0p50__psi0p00,hardzero_only,0.07,48,1037,0.0,8,0.52981687,0.5379912,0.9326446,0.11677648,0.11677648,1.0,0.008174353,0.07,-26.33225,2.0518591,0.68395305,0.096,0.0,0.17985244,0.0,0.0,3321600
hardzero_only__c0p58__z1p00__lam0p000__nu0p50__psi0p00,hardzero_only,0.07,48,1038,0.0,8,0.5379912,0.54665154,0.90756404,0.12371888,0.12371888,1.0,0.008660322,0.07,-25.352554,1.9966807,0.66556025,0.23200001,0.0,0.14422661,0.0,0.0,3324800
hardzero_only__c0p58__z1p00__lam0p000__nu0p50__psi0p00,hardzero_only,0.07,48,1039,0.0,8,0.54665154,0.55463034,0.94316053,0.11398284,0.11398284,1.0,0.007978799,0.07,-26.915607,2.0749946,0.6916649,0.192,0.0,0.16629681,0.0,0.0,3328000
hardzero_only__c0p58__z1p00__lam0p000__nu0p50__psi0p00,hardzero_only,0.07,48,1040,0.0,8,0.55463034,0.5648322,0.83641905,0.14574073,0.14574073,1.0,0.010201851,0.07,-23.983181,1.8401587,0.6133863,0.25,0.0,0.13740563,0.0,0.0,3331200
hardzero_only__c0p58__z1p00__lam0p000__nu0p50__psi0p00,hardzero_only,0.07,48,1041,0.0,8,0.5648322,0.5730855,0.9284703,0.1179043,0.1179043,1.0,0.008253301,0.07,-25.87148,2.0426755,0.6808919,0.23200001,0.0,0.1576946,0.0,0.0,3334400
hardzero_only__c0p58__z1p00__lam0p000__nu0p50__psi0p00,hardzero_only,0.07,48,1042,0.0,8,0.5730855,0.5811345,0.93935543,0.114985906,0.114985906,1.0,0.008049013,0.07,-26.22226,2.0666232,0.6888744,0.17600001,0.0,0.16964518,0.0,0.0,3337600
hardzero_only__c0p58__z1p00__lam0p000__nu0p50__psi0p00,hardzero_only,0.07,48,1043,1.0,9,0.5811345,0.009093488,0.94424105,0.11369961,0.11369961,1.0,0.007958973,0.07,-25.900263,2.0773718,0.6924573,0.16800001,0.0,0.19543758,0.0,0.0,3340800
hardzero_only__c0p58__z1p00__lam0p000__nu0p50__psi0p00,hardzero_only,0.07,48,1044,0.0,9,0.009093488,0.017475188,0.9217659,0.11973858,0.11973858,1.0,0.0083817,0.07,-25.668474,2.0279255,0.6759752,0.192,0.0,0.16921148,0.0,0.0,3344000
hardzero_only__c0p58__z1p00__lam0p000__nu0p50__psi0p00,hardzero_only,0.07,48,1045,0.0,9,0.017475188,0.02583766,0.92276347,0.119463876,0.119463876,1.0,0.008362471,0.07,-26.142935,2.0301201,0.67670673,0.256,0.0,0.17553796,0.0,0.0,3347200
hardzero_only__c0p58__z1p00__lam0p000__nu0p50__psi0p00,hardzero_only,0.07,48,1046,0.0,9,0.02583766,0.0344716,0.90888894,0.12334201,0.12334201,1.0,0.0086339405,0.07,-25.51842,1.9995956,0.6665319,0.17600001,0.0,0.1731412,0.0,0.0,3350400
hardzero_only__c0p58__z1p00__lam0p000__nu0p50__psi0p00,hardzero_only,0.07,48,1047,0.0,9,0.0344716,0.04280319,0.92437017,0.11902269,0.11902269,1.0,0.0083315885,0.07,-26.063253,2.033655,0.677885,0.23200001,0.0,0.17745273,0.0,0.0,3353600
hardzero_only__c0p58__z1p00__lam0p000__nu0p50__psi0p00,hardzero_only,0.07,48,1048,0.0,9,0.04280319,0.052066647,0.8783251,0.13233507,0.13233507,1.0,0.009263455,0.07,-25.664845,1.9323539,0.64411795,0.17600001,0.0,0.1513121,0.0,0.0,3356800
hardzero_only__c0p58__z1p00__lam0p000__nu0p50__psi0p00,hardzero_only,0.07,48,1049,0.0,9,0.052066647,0.060379073,0.92537016,0.11874897,0.11874897,1.0,0.008312428,0.07,-25.949007,2.035855,0.6786184,0.16000001,0.0,0.16460794,0.0,0.0,3360000
hardzero_only__c0p58__z1p00__lam0p000__nu0p50__psi0p00,hardzero_only,0.07,48,1050,0.0,9,0.060379073,0.06888958,0.9151425,0.1215787,0.1215787,1.0,0.0085105095,0.07,-26.273994,2.0133536,0.6711179,0.18400002,0.0,0.17124982,0.0,0.0,3363200
hardzero_only__c0p58__z1p00__lam0p000__nu0p50__psi0p00,hardzero_only,0.07,48,1051,0.0,9,0.06888958,0.07789885,0.8904084,0.12870386,0.12870386,1.0,0.00900927,0.07,-25.466478,1.9589375,0.6529792,0.256,0.0,0.16850752,0.0,0.0,3366400
hardzero_only__c0p58__z1p00__lam0p000__nu0p50__psi0p00,hardzero_only,0.07,48,1052,0.0,9,0.07789885,0.08624825,0.92344314,0.11927703,0.11927703,1.0,0.008349393,0.07,-26.003975,2.0316155,0.6772052,0.14400001,0.0,0.17137924,0.0,0.0,3369600
hardzero_only__c0p58__z1p00__lam0p000__nu0p50__psi0p00,hardzero_only,0.07,48,1053,0.0,9,0.08624825,0.09493155,0.906413,0.124047205,0.124047205,1.0,0.008683304,0.07,-26.049656,1.9941485,0.6647162,0.22,0.0,0.16276604,0.0,0.0,3372800
hardzero_only__c0p58__z1p00__lam0p000__nu0p50__psi0p00,hardzero_only,0.07,48,1054,0.0,9,0.09493155,0.10305489,0.93536353,0.116047665,0.116047665,1.0,0.008123336,0.07,-27.020493,2.0578408,0.68594694,0.18400002,0.0,0.19783103,0.0,0.0,3376000
hardzero_only__c0p58__z1p00__lam0p000__nu0p50__psi0p00,hardzero_only,0.07,48,1055,0.0,9,0.10305489,0.11163056,0.9118301,0.12250953,0.12250953,1.0,0.008575668,0.07,-26.065287,2.0060663,0.6686888,0.136,0.0,0.16985561,0.0,0.0,3379200
hardzero_only__c0p58__z1p00__lam0p000__nu0p50__psi0p00,hardzero_only,0.07,48,1056,0.0,9,0.11163056,0.12047548,0.89840406,0.126356,0.126356,1.0,0.00884492,0.07,-25.897354,1.9765284,0.6588428,0.2,0.0,0.15376633,0.0,0.0,3382400
hardzero_only__c0p58__z1p00__lam0p000__nu0p50__psi0p00,hardzero_only,0.07,48,1057,0.0,9,0.12047548,0.12850018,0.9406693,0.11463856,0.11463856,1.0,0.008024699,0.07,-27.089283,2.0695138,0.68983793,0.128,0.0,0.17884329,0.0,0.0,3385600
hardzero_only__c0p58__z1p00__lam0p000__nu0p50__psi0p00,hardzero_only,0.07,48,1058,0.0,9,0.12850018,0.13620137,0.95853984,0.110017076,0.110017076,1.0,0.0077011953,0.07,-26.026726,2.1088297,0.70294327,0.136,0.0,0.16815779,0.0,0.0,3388800
hardzero_only__c0p58__z1p00__lam0p000__nu0p50__psi0p00,hardzero_only,0.07,48,1059,0.0,9,0.13620137,0.14464311,0.9186661,0.120596275,0.120596275,1.0,0.00844174,0.07,-25.477388,2.0211058,0.67370194,0.23200001,0.0,0.15730037,0.0,0.0,3392000
hardzero_only__c0p58__z1p00__lam0p000__nu0p50__psi0p00,hardzero_only,0.07,48,1060,0.0,9,0.14464311,0.15426299,0.86192864,0.13742678,0.13742678,1.0,0.009619875,0.07,-25.209732,1.8962809,0.63209367,0.16800001,0.0,0.14667387,0.0,0.0,3395200
hardzero_only__c0p58__z1p00__lam0p000__nu0p50__psi0p00,hardzero_only,0.07,48,1061,0.0,9,0.15426299,0.16307439,0.9000528,0.12587723,0.12587723,1.0,0.008811406,0.07,-25.467558,1.9801557,0.66005194,0.264,0.0,0.16986686,0.0,0.0,3398400
hardzero_only__c0p58__z1p00__lam0p000__nu0p50__psi0p00,hardzero_only,0.07,48,1062,0.0,9,0.16307439,0.17234145,0.87815577,0.13238665,0.13238665,1.0,0.009267066,0.07,-24.63442,1.9319813,0.6439938,0.18400002,0.0,0.15038897,0.0,0.0,3401600
hardzero_only__c0p58__z1p00__lam0p000__nu0p50__psi0p00,hardzero_only,0.07,48,1063,0.0,9,0.17234145,0.18172476,0.8727424,0.13404715,0.13404715,1.0,0.0093833,0.07,-25.427956,1.9200716,0.6400239,0.216,0.0,0.17535605,0.0,0.0,3404800
hardzero_only__c0p58__z1p00__lam0p000__nu0p50__psi0p00,hardzero_only,0.07,48,1064,0.0,9,0.18172476,0.19048432,0.9026161,0.12513648,0.12513648,1.0,0.008759554,0.07,-25.381824,1.985795,0.6619317,0.096,0.0,0.15860337,0.0,0.0,3408000
hardzero_only__c0p58__z1p00__lam0p000__nu0p50__psi0p00,hardzero_only,0.07,48,1065,0.0,9,0.19048432,0.19979595,0.8760721,0.13302337,0.13302337,1.0,0.009311636,0.07,-25.269978,1.9273971,0.6424657,0.17600001,0.0,0.16309239,0.0,0.0,3411200
hardzero_only__c0p58__z1p00__lam0p000__nu0p50__psi0p00,hardzero_only,0.07,48,1066,0.0,9,0.19979595,0.20853622,0.9035727,0.12486114,0.12486114,1.0,0.00874028,0.07,-26.259895,1.9878995,0.6626332,0.17999999,0.0,0.15561254,0.0,0.0,3414400
hardzero_only__c0p58__z1p00__lam0p000__nu0p50__psi0p00,hardzero_only,0.07,48,1067,0.0,9,0.20853622,0.21766083,0.8848837,0.13035159,0.13035159,1.0,0.0091246115,0.07,-26.33017,1.9467831,0.6489277,0.208,0.0,0.16380057,0.0,0.0,3417600
hardzero_only__c0p58__z1p00__lam0p000__nu0p50__psi0p00,hardzero_only,0.07,48,1068,0.0,9,0.21766083,0.22697216,0.8760858,0.13301915,0.13301915,1.0,0.009311341,0.07,-25.758348,1.9274273,0.6424758,0.28800002,0.0,0.16014415,0.0,0.0,3420800
hardzero_only__c0p58__z1p00__lam0p000__nu0p50__psi0p00,hardzero_only,0.07,48,1069,0.0,9,0.22697216,0.23585415,0.89658785,0.12688553,0.12688553,1.0,0.008881987,0.07,-25.60622,1.9725326,0.6575109,0.16800001,0.0,0.1614057,0.0,0.0,3424000
hardzero_only__c0p58__z1p00__lam0p000__nu0p50__psi0p00,hardzero_only,0.07,48,1070,0.0,9,0.23585415,0.24381122,0.94434446,0.11367253,0.11367253,1.0,0.007957078,0.07,-26.889782,2.0775993,0.69253314,0.216,0.0,0.17095824,0.0,0.0,3427200
hardzero_only__c0p58__z1p00__lam0p000__nu0p50__psi0p00,hardzero_only,0.07,48,1071,0.0,9,0.24381122,0.25257614,0.9023503,0.12521309,0.12521309,1.0,0.008764916,0.07,-25.292048,1.9852103,0.6617368,0.216,0.0,0.1740028,0.0,0.0,3430400
hardzero_only__c0p58__z1p00__lam0p000__nu0p50__psi0p00,hardzero_only,0.07,48,1072,0.0,9,0.25257614,0.26126987,0.90589195,0.12419611,0.12419611,1.0,0.008693728,0.07,-26.469166,1.993002,0.66433406,0.224,0.0,0.17928043,0.0,0.0,3433600
hardzero_only__c0p58__z1p00__lam0p000__nu0p50__psi0p00,hardzero_only,0.07,48,1073,0.0,9,0.26126987,0.2689197,0.9614457,0.10928344,0.10928344,1.0,0.007649841,0.07,-26.847486,2.1152227,0.70507425,0.128,0.0,0.17353795,0.0,0.0,3436800
hardzero_only__c0p58__z1p00__lam0p000__nu0p50__psi0p00,hardzero_only,0.07,48,1074,0.0,9,0.2689197,0.27791804,0.8909355,0.12854776,0.12854776,1.0,0.008998343,0.07,-24.460913,1.9600972,0.65336573,0.24800001,0.0,0.14086547,0.0,0.0,3440000
hardzero_only__c0p58__z1p00__lam0p000__nu0p50__psi0p00,hardzero_only,0.07,48,1075,0.0,9,0.27791804,0.2863356,0.91991276,0.1202506,0.1202506,1.0,0.008417542,0.07,-26.031006,2.0238485,0.6746162,0.17600001,0.008,0.17413597,0.0,0.0,3443200
hardzero_only__c0p58__z1p00__lam0p000__nu0p50__psi0p00,hardzero_only,0.07,48,1076,0.0,9,0.2863356,0.29481938,0.9165078,0.12119708,0.12119708,1.0,0.008483795,0.07,-25.970776,2.0163574,0.67211914,0.16800001,0.0,0.15622869,0.0,0.0,3446400
hardzero_only__c0p58__z1p00__lam0p000__nu0p50__psi0p00,hardzero_only,0.07,48,1077,0.0,9,0.29481938,0.30325902,0.91877514,0.12056601,0.12056601,1.0,0.008439621,0.07,-26.071455,2.0213456,0.6737819,0.14400001,0.0,0.1750519,0.0,0.0,3449600
hardzero_only__c0p58__z1p00__lam0p000__nu0p50__psi0p00,hardzero_only,0.07,48,1078,0.0,9,0.30325902,0.3117464,0.91632456,0.121248245,0.121248245,1.0,0.008487377,0.07,-25.830395,2.0159543,0.6719848,0.17600001,0.0,0.17211045,0.0,0.0,3452800
hardzero_only__c0p58__z1p00__lam0p000__nu0p50__psi0p00,hardzero_only,0.07,48,1079,0.0,9,0.3117464,0.31979364,0.93945026,0.11496079,0.11496079,1.0,0.008047256,0.07,-26.330534,2.0668318,0.688944,0.26999998,0.0,0.180023,0.0,0.0,3456000
hardzero_only__c0p58__z1p00__lam0p000__nu0p50__psi0p00,hardzero_only,0.07,48,1080,0.0,9,0.31979364,0.32850584,0.9049694,0.12446023,0.12446023,1.0,0.008712216,0.07,-26.16838,1.9909724,0.6636575,0.16800001,0.0,0.15952298,0.0,0.0,3459200
hardzero_only__c0p58__z1p00__lam0p000__nu0p50__psi0p00,hardzero_only,0.07,48,1081,0.0,9,0.32850584,0.33610028,0.9646017,0.10849215,0.10849215,1.0,0.0075944504,0.07,-27.629333,2.1221662,0.70738876,0.2,0.0,0.1863567,0.0,0.0,3462400
hardzero_only__c0p58__z1p00__lam0p000__nu0p50__psi0p00,hardzero_only,0.07,48,1082,0.0,9,0.33610028,0.345082,0.89173734,0.12831064,0.12831064,1.0,0.008981745,0.07,-24.842125,1.9618614,0.6539538,0.2,0.0,0.18002734,0.0,0.0,3465600
hardzero_only__c0p58__z1p00__lam0p000__nu0p50__psi0p00,hardzero_only,0.07,48,1083,0.0,9,0.345082,0.353241,0.9334625,0.11655676,0.11655676,1.0,0.008158973,0.07,-26.295506,2.0536585,0.68455285,0.192,0.0,0.1705271,0.0,0.0,3468800
hardzero_only__c0p58__z1p00__lam0p000__nu0p50__psi0p00,hardzero_only,0.07,48,1084,0.0,9,0.353241,0.36077416,0.96812147,0.107616425,0.107616425,1.0,0.00753315,0.07,-26.742155,2.1299098,0.70996994,0.192,0.0,0.15909958,0.0,0.0,3472000
hardzero_only__c0p58__z1p00__lam0p000__nu0p50__psi0p00,hardzero_only,0.07,48,1085,0.0,9,0.36077416,0.3686182,0.9505582,0.112057716,0.112057716,1.0,0.00784404,0.07,-26.618898,2.0912697,0.6970899,0.216,0.0,0.16286753,0.0,0.0,3475200
hardzero_only__c0p58__z1p00__lam0p000__nu0p50__psi0p00,hardzero_only,0.07,48,1086,0.0,9,0.3686182,0.37742442,0.9003074,0.12580346,0.12580346,1.0,0.008806242,0.07,-25.761614,1.9807159,0.6602386,0.216,0.0,0.1733704,0.0,0.0,3478400
hardzero_only__c0p58__z1p00__lam0p000__nu0p50__psi0p00,hardzero_only,0.07,48,1087,0.0,9,0.37742442,0.38639742,0.8921599,0.12818585,0.12818585,1.0,0.00897301,0.07,-25.484024,1.962791,0.6542637,0.24000001,0.0,0.13692075,0.0,0.0,3481600
hardzero_only__c0p58__z1p00__lam0p000__nu0p50__psi0p00,hardzero_only,0.07,48,1088,0.0,9,0.38639742,0.39592528,0.86610276,0.13611226,0.13611226,1.0,0.009527858,0.07,-24.950924,1.9054642,0.6351547,0.24800001,0.0,0.17974377,0.0,0.0,3484800
hardzero_only__c0p58__z1p00__lam0p000__nu0p50__psi0p00,hardzero_only,0.07,48,1089,0.0,9,0.39592528,0.4047451,0.8996386,0.12599736,0.12599736,1.0,0.008819816,0.07,-25.406181,1.9792445,0.6597482,0.224,0.0,0.1735655,0.0,0.0,3488000
hardzero_only__c0p58__z1p00__lam0p000__nu0p50__psi0p00,hardzero_only,0.07,48,1090,0.0,9,0.4047451,0.41388845,0.8839931,0.13061918,0.13061918,1.0,0.009143343,0.07,-25.513735,1.9448236,0.64827454,0.192,0.0,0.15965737,0.0,0.0,3491200
hardzero_only__c0p58__z1p00__lam0p000__nu0p50__psi0p00,hardzero_only,0.07,48,1091,0.0,9,0.41388845,0.42252737,0.90863866,0.12341311,0.12341311,1.0,0.0086389175,0.07,-25.986689,1.9990449,0.66634834,0.23200001,0.0,0.16779709,0.0,0.0,3494400
hardzero_only__c0p58__z1p00__lam0p000__nu0p50__psi0p00,hardzero_only,0.07,48,1092,0.0,9,0.42252737,0.43186352,0.8749307,0.13337342,0.13337342,1.0,0.00933614,0.07,-25.265804,1.924886,0.6416287,0.19999999,0.0,0.15943001,0.0,0.0,3497600
hardzero_only__c0p58__z1p00__lam0p000__nu0p50__psi0p00,hardzero_only,0.07,48,1093,0.0,9,0.43186352,0.4402029,0.92396516,0.119133756,0.119133756,1.0,0.008339363,0.07,-26.111181,2.032764,0.677588,0.208,0.0,0.17211266,0.0,0.0,3500800
hardzero_only__c0p58__z1p00__lam0p000__nu0p50__psi0p00,hardzero_only,0.07,48,1094,0.0,9,0.4402029,0.44848076,0.9271794,0.1182553,0.1182553,1.0,0.008277872,0.07,-26.820494,2.0398355,0.6799452,0.208,0.0,0.18816498,0.0,0.0,3504000
hardzero_only__c0p58__z1p00__lam0p000__nu0p50__psi0p00,hardzero_only,0.07,48,1095,0.0,9,0.44848076,0.45661712,0.93466777,0.116233744,0.116233744,1.0,0.008136362,0.07,-26.358408,2.0563102,0.6854367,0.120000005,0.008,0.17363976,0.0,0.0,3507200
hardzero_only__c0p58__z1p00__lam0p000__nu0p50__psi0p00,hardzero_only,0.07,48,1096,0.0,9,0.45661712,0.46519163,0.91188765,0.12249328,0.12249328,1.0,0.00857453,0.07,-26.724203,2.006193,0.668731,0.16000001,0.0,0.16964512,0.0,0.0,3510400
hardzero_only__c0p58__z1p00__lam0p000__nu0p50__psi0p00,hardzero_only,0.07,48,1097,0.0,9,0.46519163,0.47383514,0.9084084,0.12347856,0.12347856,1.0,0.0086435,0.07,-26.423153,1.9985384,0.6661795,0.23200001,0.0,0.16159047,0.0,0.0,3513600
hardzero_only__c0p58__z1p00__lam0p000__nu0p50__psi0p00,hardzero_only,0.07,48,1098,0.0,9,0.47383514,0.48259017,0.9028398,0.12507203,0.12507203,1.0,0.008755042,0.07,-25.730648,1.9862872,0.6620958,0.224,0.0,0.16015595,0.0,0.0,3516800
hardzero_only__c0p58__z1p00__lam0p000__nu0p50__psi0p00,hardzero_only,0.07,48,1099,0.0,9,0.48259017,0.49193078,0.87472206,0.13343751,0.13343751,1.0,0.009340626,0.07,-25.472294,1.9244269,0.6414757,0.24800001,0.0,0.17787403,0.0,0.0,3520000
hardzero_only__c0p58__z1p00__lam0p000__nu0p50__psi0p00,hardzero_only,0.07,48,1100,0.0,9,0.49193078,0.500398,0.91735697,0.12096034,0.12096034,1.0,0.0084672235,0.07,-25.878643,2.0182257,0.6727419,0.2,0.0,0.16894576,0.0,0.0,3523200
hardzero_only__c0p58__z1p00__lam0p000__nu0p50__psi0p00,hardzero_only,0.07,48,1101,0.0,9,0.500398,0.50932026,0.8946212,0.12746143,0.12746143,1.0,0.0089223,0.07,-25.65166,1.9682059,0.6560687,0.216,0.0,0.16124432,0.0,0.0,3526400
hardzero_only__c0p58__z1p00__lam0p000__nu0p50__psi0p00,hardzero_only,0.07,48,1102,0.0,9,0.50932026,0.51858866,0.8780924,0.13240597,0.13240597,1.0,0.009268418,0.07,-25.77503,1.9318419,0.6439473,0.2,0.0,0.17449293,0.0,0.0,3529600
hardzero_only__c0p58__z1p00__lam0p000__nu0p50__psi0p00,hardzero_only,0.07,48,1103,0.0,9,0.51858866,0.52675945,0.9328352,0.116725236,0.116725236,1.0,0.008170767,0.07,-25.693157,2.0522785,0.6840929,0.17600001,0.0,0.1483372,0.0,0.0,3532800
hardzero_only__c0p58__z1p00__lam0p000__nu0p50__psi0p00,hardzero_only,0.07,48,1104,0.0,9,0.52675945,0.53624916,0.8678462,0.13556695,0.13556695,1.0,0.009489686,0.07,-25.563986,1.9092997,0.63643324,0.18400002,0.0,0.16250938,0.0,0.0,3536000
hardzero_only__c0p58__z1p00__lam0p000__nu0p50__psi0p00,hardzero_only,0.07,48,1105,0.0,9,0.53624916,0.544992,0.9034451,0.12489782,0.12489782,1.0,0.0087428475,0.07,-25.233267,1.9876189,0.66253966,0.22999999,0.0,0.14807305,0.0,0.0,3539200
hardzero_only__c0p58__z1p00__lam0p000__nu0p50__psi0p00,hardzero_only,0.07,48,1106,0.0,9,0.544992,0.55359006,0.9106987,0.1228291,0.1228291,1.0,0.008598037,0.07,-25.436243,2.0035772,0.6678591,0.224,0.0,0.17599124,0.0,0.0,3542400
hardzero_only__c0p58__z1p00__lam0p000__nu0p50__psi0p00,hardzero_only,0.07,48,1107,0.0,9,0.55359006,0.5632995,0.85790414,0.13870618,0.13870618,1.0,0.009709433,0.07,-24.771301,1.8874267,0.6291423,0.24800001,0.0,0.14637986,0.0,0.0,3545600
hardzero_only__c0p58__z1p00__lam0p000__nu0p50__psi0p00,hardzero_only,0.07,48,1108,0.0,9,0.5632995,0.57266504,0.87356365,0.13379392,0.13379392,1.0,0.009365574,0.07,-24.603954,1.9218783,0.64062613,0.17600001,0.0,0.14966072,0.0,0.0,3548800
hardzero_only__c0p58__z1p00__lam0p000__nu0p50__psi0p00,hardzero_only,0.07,48,1109,0.0,9,0.57266504,0.5811856,0.91463006,0.12172224,0.12172224,1.0,0.008520557,0.07,-26.320322,2.0122263,0.67074215,0.30400002,0.0,0.16934232,0.0,0.0,3552000
hardzero_only__c0p58__z1p00__lam0p000__nu0p50__psi0p00,hardzero_only,0.07,48,1110,1.0,10,0.5811856,0.009914466,0.90414,0.12469814,0.12469814,1.0,0.00872887,0.07,-25.943634,1.9891477,0.6630492,0.256,0.0,0.17878643,0.0,0.0,3555200
hardzero_only__c0p58__z1p00__lam0p000__nu0p50__psi0p00,hardzero_only,0.07,48,1111,0.0,10,0.009914466,0.019991353,0.84177166,0.14395551,0.14395551,1.0,0.010076886,0.07,-25.20141,1.8519347,0.6173116,0.264,0.0,0.15615383,0.0,0.0,3558400
hardzero_only__c0p58__z1p00__lam0p000__nu0p50__psi0p00,hardzero_only,0.07,48,1112,0.0,10,0.019991353,0.029213708,0.8802562,0.13174793,0.13174793,1.0,0.009222356,0.07,-25.720587,1.9366022,0.6455341,0.256,0.0,0.15820064,0.0,0.0,3561600
hardzero_only__c0p58__z1p00__lam0p000__nu0p50__psi0p00,hardzero_only,0.07,48,1113,0.0,10,0.029213708,0.03853601,0.87557495,0.13317572,0.13317572,1.0,0.009322301,0.07,-25.026148,1.9263034,0.64210117,0.28800002,0.0,0.16523059,0.0,0.0,3564800
hardzero_only__c0p58__z1p00__lam0p000__nu0p50__psi0p00,hardzero_only,0.07,48,1114,0.0,10,0.03853601,0.046880525,0.9236968,0.119207375,0.119207375,1.0,0.008344516,0.07,-26.2915,2.0321736,0.67739123,0.2,0.0,0.16807383,0.0,0.0,3568000
hardzero_only__c0p58__z1p00__lam0p000__nu0p50__psi0p00,hardzero_only,0.07,48,1115,0.0,10,0.046880525,0.05687235,0.84545326,0.14274034,0.14274034,1.0,0.009991824,0.07,-25.030993,1.8600343,0.62001145,0.256,0.0,0.18510884,0.0,0.0,3571200
hardzero_only__c0p58__z1p00__lam0p000__nu0p50__psi0p00,hardzero_only,0.07,48,1116,0.0,10,0.05687235,0.06546787,0.91082585,0.122793145,0.122793145,1.0,0.008595521,0.07,-25.687056,2.003857,0.6679523,0.216,0.0,0.15315919,0.0,0.0,3574400
hardzero_only__c0p58__z1p00__lam0p000__nu0p50__psi0p00,hardzero_only,0.07,48,1117,0.0,10,0.06546787,0.07496618,0.8674519,0.13569008,0.13569008,1.0,0.009498306,0.07,-25.789623,1.9084322,0.6361441,0.208,0.0,0.17471164,0.0,0.0,3577600
hardzero_only__c0p58__z1p00__lam0p000__nu0p50__psi0p00,hardzero_only,0.07,48,1118,0.0,10,0.07496618,0.08421104,0.8791977,0.13206941,0.13206941,1.0,0.009244858,0.07,-25.466076,1.9342736,0.64475787,0.26999998,0.0,0.18701793,0.0,0.0,3580800
hardzero_only__c0p58__z1p00__lam0p000__nu0p50__psi0p00,hardzero_only,0.07,48,1119,0.0,10,0.08421104,0.09267895,0.91732144,0.120970234,0.120970234,1.0,0.008467916,0.07,-25.55939,2.0181475,0.67271584,0.224,0.0,0.14299503,0.0,0.0,3584000
hardzero_only__c0p58__z1p00__lam0p000__nu0p50__psi0p00,hardzero_only,0.07,48,1120,0.0,10,0.09267895,0.10170505,0.8895979,0.12894428,0.12894428,1.0,0.0090261,0.07,-25.799015,1.9571544,0.6523848,0.23200001,0.0,0.16248609,0.0,0.0,3587200
hardzero_only__c0p58__z1p00__lam0p000__nu0p50__psi0p00,hardzero_only,0.07,48,1121,0.0,10,0.10170505,0.10994655,0.92909193,0.11773567,0.11773567,1.0,0.008241497,0.07,-26.3999,2.044043,0.6813477,0.192,0.0,0.17414014,0.0,0.0,3590400
hardzero_only__c0p58__z1p00__lam0p000__nu0p50__psi0p00,hardzero_only,0.07,48,1122,0.0,10,0.10994655,0.11896558,0.8899382,0.12884331,0.12884331,1.0,0.009019031,0.07,-25.762163,1.957903,0.6526344,0.2,0.0,0.19220905,0.0,0.0,3593600
hardzero_only__c0p58__z1p00__lam0p000__nu0p50__psi0p00,hardzero_only,0.07,48,1123,0.0,10,0.11896558,0.12898722,0.84415936,0.14316623,0.14316623,1.0,0.010021636,0.07,-25.445875,1.8571877,0.6190626,0.23200001,0.0,0.18243371,0.0,0.0,3596800
hardzero_only__c0p58__z1p00__lam0p000__nu0p50__psi0p00,hardzero_only,0.07,48,1124,0.0,10,0.12898722,0.13729268,0.92573464,0.11864935,0.11864935,1.0,0.008305455,0.07,-25.93169,2.0366569,0.67888564,0.2,0.0,0.18753926,0.0,0.0,3600000
hardzero_only__c0p58__z1p00__lam0p000__nu0p50__psi0p00,hardzero_only,0.07,48,1125,0.0,10,0.13729268,0.14635417,0.887899,0.1294497,0.1294497,1.0,0.009061479,0.07,-24.870401,1.9534168,0.65113896,0.192,0.0,0.16093667,0.0,0.0,3603200
hardzero_only__c0p58__z1p00__lam0p000__nu0p50__psi0p00,hardzero_only,0.07,48,1126,0.0,10,0.14635417,0.15604748,0.8586259,0.13847587,0.13847587,1.0,0.009693311,0.07,-25.378706,1.8890147,0.6296716,0.216,0.0,0.16541383,0.0,0.0,3606400
hardzero_only__c0p58__z1p00__lam0p000__nu0p50__psi0p00,hardzero_only,0.07,48,1127,0.0,10,0.15604748,0.16566022,0.86225116,0.13732475,0.13732475,1.0,0.009612733,0.07,-24.97292,1.8969904,0.6323302,0.2,0.0,0.19073515,0.0,0.0,3609600
hardzero_only__c0p58__z1p00__lam0p000__nu0p50__psi0p00,hardzero_only,0.07,48,1128,0.0,10,0.16566022,0.17385606,0.93150425,0.117083505,0.117083505,1.0,0.008195845,0.07,-26.621798,2.0493503,0.6831168,0.256,0.0,0.21091937,0.0,0.0,3612800
hardzero_only__c0p58__z1p00__lam0p000__nu0p50__psi0p00,hardzero_only,0.07,48,1129,0.0,10,0.17385606,0.18247744,0.90952086,0.12316267,0.12316267,1.0,0.008621387,0.07,-26.11325,2.0009859,0.6669953,0.23200001,0.0,0.17023934,0.0,0.0,3616000
hardzero_only__c0p58__z1p00__lam0p000__nu0p50__psi0p00,hardzero_only,0.07,48,1130,0.0,10,0.18247744,0.19191307,0.8703277,0.13479455,0.13479455,1.0,0.009435618,0.07,-24.524443,1.9147592,0.6382531,0.264,0.008,0.14968969,0.0,0.0,3619200
hardzero_only__c0p58__z1p00__lam0p000__nu0p50__psi0p00,hardzero_only,0.07,48,1131,0.0,10,0.19191307,0.20042132,0.9152579,0.12154642,0.12154642,1.0,0.008508249,0.07,-25.50078,2.0136075,0.67120254,0.14,0.01,0.14829092,0.0,0.0,3622400
hardzero_only__c0p58__z1p00__lam0p000__nu0p50__psi0p00,hardzero_only,0.07,48,1132,0.0,10,0.20042132,0.20954087,0.8851241,0.13027945,0.13027945,1.0,0.009119562,0.07,-25.485363,1.9473119,0.649104,0.2,0.0,0.15366101,0.0,0.0,3625600
hardzero_only__c0p58__z1p00__lam0p000__nu0p50__psi0p00,hardzero_only,0.07,48,1133,0.0,10,0.20954087,0.2182698,0.9041376,0.12469882,0.12469882,1.0,0.008728918,0.07,-26.03986,1.9891424,0.6630475,0.216,0.0,0.17077713,0.0,0.0,3628800
hardzero_only__c0p58__z1p00__lam0p000__nu0p50__psi0p00,hardzero_only,0.07,48,1134,0.0,10,0.2182698,0.2271889,0.8947765,0.12741585,0.12741585,1.0,0.00891911,0.07,-25.90462,1.9685477,0.6561826,0.17600001,0.0,0.15890262,0.0,0.0,3632000
hardzero_only__c0p58__z1p00__lam0p000__nu0p50__psi0p00,hardzero_only,0.07,48,1135,0.0,10,0.2271889,0.23663387,0.86989766,0.13492809,0.13492809,1.0,0.009444967,0.07,-24.900581,1.9138131,0.6379377,0.256,0.008,0.16544338,0.0,0.0,3635200
hardzero_only__c0p58__z1p00__lam0p000__nu0p50__psi0p00,hardzero_only,0.07,48,1136,0.0,10,0.23663387,0.24574628,0.88546467,0.13017732,0.13017732,1.0,0.009112412,0.07,-25.32356,1.9480612,0.64935374,0.216,0.0,0.15384872,0.0,0.0,3638400
hardzero_only__c0p58__z1p00__lam0p000__nu0p50__psi0p00,hardzero_only,0.07,48,1137,0.0,10,0.24574628,0.25483096,0.8867888,0.12978104,0.12978104,1.0,0.009084673,0.07,-25.67311,1.9509742,0.65032476,0.192,0.0,0.16763139,0.0,0.0,3641600
hardzero_only__c0p58__z1p00__lam0p000__nu0p50__psi0p00,hardzero_only,0.07,48,1138,0.0,10,0.25483096,0.26478493,0.84710175,0.14219956,0.14219956,1.0,0.009953969,0.07,-23.974476,1.863661,0.62122035,0.192,0.0,0.1335279,0.0,0.0,3644800
hardzero_only__c0p58__z1p00__lam0p000__nu0p50__psi0p00,hardzero_only,0.07,48,1139,0.0,10,0.26478493,0.2746385,0.8515041,0.14076538,0.14076538,1.0,0.009853577,0.07,-24.625132,1.8733464,0.62444884,0.264,0.0,0.15516388,0.0,0.0,3648000
hardzero_only__c0p58__z1p00__lam0p000__nu0p50__psi0p00,hardzero_only,0.07,48,1140,0.0,10,0.2746385,0.2839651,0.87537426,0.13323727,0.13323727,1.0,0.009326609,0.07,-25.164383,1.9258618,0.64195395,0.224,0.0,0.14861313,0.0,0.0,3651200
hardzero_only__c0p58__z1p00__lam0p000__nu0p50__psi0p00,hardzero_only,0.07,48,1141,0.0,10,0.2839651,0.29301777,0.8883216,0.12932377,0.12932377,1.0,0.009052664,0.07,-26.230036,1.9543465,0.65144885,0.23200001,0.0,0.18908699,0.0,0.0,3654400
hardzero_only__c0p58__z1p00__lam0p000__nu0p50__psi0p00,hardzero_only,0.07,48,1142,0.0,10,0.29301777,0.3018211,0.9004503,0.12576208,0.12576208,1.0,0.008803345,0.07,-25.48382,1.9810302,0.6603434,0.2,0.0,0.17917761,0.0,0.0,3657600
hardzero_only__c0p58__z1p00__lam0p000__nu0p50__psi0p00,hardzero_only,0.07,48,1143,0.0,10,0.3018211,0.31108904,0.8781158,0.13239884,0.13239884,1.0,0.009267919,0.07,-25.71799,1.9318932,0.6439644,0.28,0.0,0.17393397,0.0,0.0,3660800
hardzero_only__c0p58__z1p00__lam0p000__nu0p50__psi0p00,hardzero_only,0.07,48,1144,0.0,10,0.31108904,0.320108,0.88994235,0.12884204,0.12884204,1.0,0.009018943,0.07,-25.296469,1.9579122,0.6526374,0.21,0.0,0.14444222,0.0,0.0,3664000
hardzero_only__c0p58__z1p00__lam0p000__nu0p50__psi0p00,hardzero_only,0.07,48,1145,0.0,10,0.320108,0.33004934,0.8476535,0.142019,0.142019,1.0,0.00994133,0.07,-25.122324,1.864875,0.621625,0.272,0.0,0.16627955,0.0,0.0,3667200
hardzero_only__c0p58__z1p00__lam0p000__nu0p50__psi0p00,hardzero_only,0.07,48,1146,0.0,10,0.33004934,0.33855784,0.9152449,0.12155003,0.12155003,1.0,0.0085085025,0.07,-25.643332,2.013579,0.671193,0.18400002,0.0,0.18589209,0.0,0.0,3670400
hardzero_only__c0p58__z1p00__lam0p000__nu0p50__psi0p00,hardzero_only,0.07,48,1147,0.0,10,0.33855784,0.3471077,0.9131389,0.122140884,0.122140884,1.0,0.008549862,0.07,-25.970121,2.0089457,0.6696486,0.18400002,0.0,0.20967813,0.0,0.0,3673600
hardzero_only__c0p58__z1p00__lam0p000__nu0p50__psi0p00,hardzero_only,0.07,48,1148,0.0,10,0.3471077,0.3560313,0.8945582,0.12747994,0.12747994,1.0,0.008923596,0.07,-25.539095,1.9680673,0.6560224,0.192,0.0,0.1596558,0.0,0.0,3676800
hardzero_only__c0p58__z1p00__lam0p000__nu0p50__psi0p00,hardzero_only,0.07,48,1149,0.0,10,0.3560313,0.36529917,0.8781183,0.13239808,0.13239808,1.0,0.009267866,0.07,-25.231474,1.9318988,0.6439663,0.18400002,0.0,0.16673069,0.0,0.0,3680000
hardzero_only__c0p58__z1p00__lam0p000__nu0p50__psi0p00,hardzero_only,0.07,48,1150,0.0,10,0.36529917,0.3743935,0.88632673,0.12991917,0.12991917,1.0,0.009094342,0.07,-25.873848,1.9499577,0.6499859,0.192,0.0,0.17185661,0.0,0.0,3683200
hardzero_only__c0p58__z1p00__lam0p000__nu0p50__psi0p00,hardzero_only,0.07,48,1151,0.0,10,0.3743935,0.3834372,0.88875234,0.12919557,0.12919557,1.0,0.00904369,0.07,-25.865135,1.9552941,0.65176475,0.256,0.008,0.17093377,0.0,0.0,3686400
hardzero_only__c0p58__z1p00__lam0p000__nu0p50__psi0p00,hardzero_only,0.07,48,1152,0.0,10,0.3834372,0.39118934,0.9556765,0.110744834,0.110744834,1.0,0.007752138,0.07,-26.377916,2.1025302,0.70084345,0.16000001,0.0,0.1726564,0.0,0.0,3689600
hardzero_only__c0p58__z1p00__lam0p000__nu0p50__psi0p00,hardzero_only,0.07,48,1153,0.0,10,0.39118934,0.40144923,0.83395493,0.14656998,0.14656998,1.0,0.010259898,0.07,-24.827127,1.8347375,0.6115792,0.28,0.0,0.16222458,0.0,0.0,3692800
hardzero_only__c0p58__z1p00__lam0p000__nu0p50__psi0p00,hardzero_only,0.07,48,1154,0.0,10,0.40144923,0.41173485,0.83286715,0.14693756,0.14693756,1.0,0.01028563,0.07,-24.327814,1.8323443,0.61078143,0.224,0.0,0.15828617,0.0,0.0,3696000
hardzero_only__c0p58__z1p00__lam0p000__nu0p50__psi0p00,hardzero_only,0.07,48,1155,0.0,10,0.41173485,0.4208878,0.88353765,0.13075621,0.13075621,1.0,0.009152935,0.07,-25.088953,1.9438217,0.6479406,0.224,0.0,0.18595813,0.0,0.0,3699200
hardzero_only__c0p58__z1p00__lam0p000__nu0p50__psi0p00,hardzero_only,0.07,48,1156,0.0,10,0.4208878,0.42962974,0.90348935,0.12488511,0.12488511,1.0,0.008741958,0.07,-26.118204,1.9877163,0.66257215,0.208,0.0,0.17049727,0.0,0.0,3702400
hardzero_only__c0p58__z1p00__lam0p000__nu0p50__psi0p00,hardzero_only,0.07,48,1157,0.0,10,0.42962974,0.43834332,0.9049022,0.12447948,0.12447948,1.0,0.008713564,0.07,-26.040112,1.9908247,0.66360825,0.22,0.0,0.15427598,0.0,0.0,3705600
hardzero_only__c0p58__z1p00__lam0p000__nu0p50__psi0p00,hardzero_only,0.07,48,1158,0.0,10,0.43834332,0.44586667,0.96868616,0.10747658,0.10747658,1.0,0.0075233607,0.07,-26.99155,2.1311522,0.7103841,0.208,0.0,0.20121138,0.0,0.0,3708800
hardzero_only__c0p58__z1p00__lam0p000__nu0p50__psi0p00,hardzero_only,0.07,48,1159,0.0,10,0.44586667,0.45399407,0.93514687,0.11610559,0.11610559,1.0,0.008127391,0.07,-26.350365,2.0573642,0.6857881,0.17600001,0.0,0.18480778,0.0,0.0,3712000
hardzero_only__c0p58__z1p00__lam0p000__nu0p50__psi0p00,hardzero_only,0.07,48,1160,0.0,10,0.45399407,0.46310586,0.88549405,0.13016851,0.13016851,1.0,0.009111796,0.07,-25.42512,1.9481258,0.6493753,0.17600001,0.0,0.15760133,0.0,0.0,3715200
hardzero_only__c0p58__z1p00__lam0p000__nu0p50__psi0p00,hardzero_only,0.07,48,1161,0.0,10,0.46310586,0.47221103,0.8858103,0.13007377,0.13007377,1.0,0.009105164,0.07,-25.501734,1.9488215,0.6496072,0.24000001,0.0,0.18640222,0.0,0.0,3718400
hardzero_only__c0p58__z1p00__lam0p000__nu0p50__psi0p00,hardzero_only,0.07,48,1162,0.0,10,0.47221103,0.48191696,0.8580602,0.13865635,0.13865635,1.0,0.009705944,0.07,-24.603142,1.88777,0.6292567,0.28800002,0.0,0.16130158,0.0,0.0,3721600
hardzero_only__c0p58__z1p00__lam0p000__nu0p50__psi0p00,hardzero_only,0.07,48,1163,0.0,10,0.48191696,0.49126709,0.8742812,0.13357301,0.13357301,1.0,0.009350111,0.07,-25.26231,1.9234571,0.6411524,0.14400001,0.0,0.15609296,0.0,0.0,3724800
hardzero_only__c0p58__z1p00__lam0p000__nu0p50__psi0p00,hardzero_only,0.07,48,1164,0.0,10,0.49126709,0.5001942,0.89438707,0.12753014,0.12753014,1.0,0.00892711,0.07,-26.054588,1.9676908,0.65589696,0.24000001,0.0,0.16761318,0.0,0.0,3728000
hardzero_only__c0p58__z1p00__lam0p000__nu0p50__psi0p00,hardzero_only,0.07,48,1165,0.0,10,0.5001942,0.5097713,0.86386526,0.13681531,0.13681531,1.0,0.009577071,0.07,-24.799913,1.9005415,0.63351387,0.28,0.0,0.17536509,0.0,0.0,3731200
hardzero_only__c0p58__z1p00__lam0p000__nu0p50__psi0p00,hardzero_only,0.07,48,1166,0.0,10,0.5097713,0.51906294,0.87700576,0.1327377,0.1327377,1.0,0.009291639,0.07,-26.140162,1.9294512,0.64315045,0.272,0.0,0.18521369,0.0,0.0,3734400
hardzero_only__c0p58__z1p00__lam0p000__nu0p50__psi0p00,hardzero_only,0.07,48,1167,0.0,10,0.51906294,0.52802455,0.89271164,0.12802309,0.12802309,1.0,0.008961616,0.07,-25.837025,1.9640049,0.65466833,0.2,0.0,0.16407931,0.0,0.0,3737600
hardzero_only__c0p58__z1p00__lam0p000__nu0p50__psi0p00,hardzero_only,0.07,48,1168,0.0,10,0.52802455,0.53738695,0.87370956,0.13374895,0.13374895,1.0,0.009362427,0.07,-25.771276,1.9221994,0.6407331,0.24000001,0.0,0.16204214,0.0,0.0,3740800
hardzero_only__c0p58__z1p00__lam0p000__nu0p50__psi0p00,hardzero_only,0.07,48,1169,0.0,10,0.53738695,0.5454915,0.93636864,0.11577941,0.11577941,1.0,0.008104558,0.07,-26.48501,2.0600522,0.6866841,0.128,0.0,0.16656077,0.0,0.0,3744000
hardzero_only__c0p58__z1p00__lam0p000__nu0p50__psi0p00,hardzero_only,0.07,48,1170,0.0,10,0.5454915,0.55461293,0.88503504,0.13030617,0.13030617,1.0,0.009121432,0.07,-25.068285,1.947116,0.6490387,0.19,0.0,0.16010718,0.0,0.0,3747200
hardzero_only__c0p58__z1p00__lam0p000__nu0p50__psi0p00,hardzero_only,0.07,48,1171,0.0,10,0.55461293,0.56356496,0.89317733,0.12788591,0.12788591,1.0,0.008952013,0.07,-24.825201,1.9650294,0.6550098,0.192,0.0,0.15527874,0.0,0.0,3750400
hardzero_only__c0p58__z1p00__lam0p000__nu0p50__psi0p00,hardzero_only,0.07,48,1172,0.0,10,0.56356496,0.57285565,0.87704974,0.13272424,0.13272424,1.0,0.009290697,0.07,-25.135279,1.9295479,0.64318264,0.216,0.0,0.16839318,0.0,0.0,3753600
hardzero_only__c0p58__z1p00__lam0p000__nu0p50__psi0p00,hardzero_only,0.07,48,1173,0.0,10,0.57285565,0.5818294,0.89212155,0.12819716,0.12819716,1.0,0.0089738015,0.07,-26.212671,1.9627066,0.65423554,0.17600001,0.0,0.1859045,0.0,0.0,3756800
hardzero_only__c0p58__z1p00__lam0p000__nu0p50__psi0p00,hardzero_only,0.07,48,1174,1.0,11,0.5818294,0.011339319,0.86692333,0.13585533,0.13585533,1.0,0.009509874,0.07,-24.679579,1.9072694,0.6357565,0.256,0.0,0.15897922,0.0,0.0,3760000
hardzero_only__c0p58__z1p00__lam0p000__nu0p50__psi0p00,hardzero_only,0.07,48,1175,0.0,11,0.011339319,0.019491632,0.9338171,0.11646163,0.11646163,1.0,0.0081523135,0.07,-26.488419,2.0544386,0.6848129,0.15200001,0.0,0.20525025,0.0,0.0,3763200
hardzero_only__c0p58__z1p00__lam0p000__nu0p50__psi0p00,hardzero_only,0.07,48,1176,0.0,11,0.019491632,0.029237278,0.8562875,0.1392235,0.1392235,1.0,0.009745645,0.07,-25.257631,1.88387,0.6279567,0.24000001,0.0,0.16235873,0.0,0.0,3766400
hardzero_only__c0p58__z1p00__lam0p000__nu0p50__psi0p00,hardzero_only,0.07,48,1177,0.0,11,0.029237278,0.038738113,0.8673363,0.13572621,0.13572621,1.0,0.009500835,0.07,-24.377333,1.9081779,0.6360593,0.192,0.0,0.16267619,0.0,0.0,3769600
hardzero_only__c0p58__z1p00__lam0p000__nu0p50__psi0p00,hardzero_only,0.07,48,1178,0.0,11,0.038738113,0.047418877,0.90654004,0.12401091,0.12401091,1.0,0.008680764,0.07,-25.466118,1.9944279,0.66480935,0.18400002,0.0,0.19858038,0.0,0.0,3772800
hardzero_only__c0p58__z1p00__lam0p000__nu0p50__psi0p00,hardzero_only,0.07,48,1179,0.0,11,0.047418877,0.0565672,0.8837567,0.13069029,0.13069029,1.0,0.00914832,0.07,-25.522953,1.9443035,0.6481012,0.272,0.0,0.167926,0.0,0.0,3776000
hardzero_only__c0p58__z1p00__lam0p000__nu0p50__psi0p00,hardzero_only,0.07,48,1180,0.0,11,0.0565672,0.06636141,0.8541284,0.13991734,0.13991734,1.0,0.009794214,0.07,-25.366316,1.87912,0.62637335,0.312,0.0,0.18781236,0.0,0.0,3779200
hardzero_only__c0p58__z1p00__lam0p000__nu0p50__psi0p00,hardzero_only,0.07,48,1181,0.0,11,0.06636141,0.076308995,0.84738064,0.14210828,0.14210828,1.0,0.009947579,0.07,-25.009184,1.8642746,0.6214249,0.24000001,0.0,0.19262609,0.0,0.0,3782400
hardzero_only__c0p58__z1p00__lam0p000__nu0p50__psi0p00,hardzero_only,0.07,48,1182,0.0,11,0.076308995,0.08542947,0.8850806,0.13029249,0.13029249,1.0,0.009120475,0.07,-25.838217,1.9472162,0.64907205,0.208,0.0,0.1843275,0.0,0.0,3785600
hardzero_only__c0p58__z1p00__lam0p000__nu0p50__psi0p00,hardzero_only,0.07,48,1183,0.0,11,0.08542947,0.094272554,0.8984941,0.12632982,0.12632982,1.0,0.008843088,0.07,-26.090248,1.9767265,0.65890884,0.22999999,0.0,0.17453912,0.0,0.0,3788800
hardzero_only__c0p58__z1p00__lam0p000__nu0p50__psi0p00,hardzero_only,0.07,48,1184,0.0,11,0.094272554,0.103347786,0.8872403,0.12964617,0.12964617,1.0,0.009075232,0.07,-25.733078,1.9519676,0.65065587,0.16800001,0.0,0.18439558,0.0,0.0,3792000
hardzero_only__c0p58__z1p00__lam0p000__nu0p50__psi0p00,hardzero_only,0.07,48,1185,0.0,11,0.103347786,0.112874925,0.86613554,0.13610198,0.13610198,1.0,0.009527138,0.07,-25.135181,1.9055363,0.6351788,0.2,0.008,0.18146878,0.0,0.0,3795200
hardzero_only__c0p58__z1p00__lam0p000__nu0p50__psi0p00,hardzero_only,0.07,48,1186,0.0,11,0.112874925,0.121227704,0.9232672,0.11932538,0.11932538,1.0,0.008352776,0.07,-26.005674,2.0312283,0.6770761,0.15200001,0.0,0.19892551,0.0,0.0,3798400
hardzero_only__c0p58__z1p00__lam0p000__nu0p50__psi0p00,hardzero_only,0.07,48,1187,0.0,11,0.121227704,0.13006254,0.89889956,0.12621194,0.12621194,1.0,0.008834836,0.07,-26.181576,1.9776185,0.65920615,0.14400001,0.0,0.20205006,0.0,0.0,3801600
hardzero_only__c0p58__z1p00__lam0p000__nu0p50__psi0p00,hardzero_only,0.07,48,1188,0.0,11,0.13006254,0.13891266,0.8981487,0.12643032,0.12643032,1.0,0.008850122,0.07,-26.172709,1.9759667,0.6586556,0.224,0.0,0.1856954,0.0,0.0,3804800
hardzero_only__c0p58__z1p00__lam0p000__nu0p50__psi0p00,hardzero_only,0.07,48,1189,0.0,11,0.13891266,0.14803526,0.8849799,0.1303227,0.1303227,1.0,0.009122589,0.07,-24.843128,1.9469947,0.64899826,0.2,0.0,0.21412629,0.0,0.0,3808000
hardzero_only__c0p58__z1p00__lam0p000__nu0p50__psi0p00,hardzero_only,0.07,48,1190,0.0,11,0.14803526,0.15717709,0.8840645,0.1305977,0.1305977,1.0,0.009141839,0.07,-25.97368,1.9449807,0.64832693,0.192,0.008,0.18980387,0.0,0.0,3811200
hardzero_only__c0p58__z1p00__lam0p000__nu0p50__psi0p00,hardzero_only,0.07,48,1191,0.0,11,0.15717709,0.16692942,0.8559896,0.13931902,0.13931902,1.0,0.009752331,0.07,-24.59077,1.8832147,0.62773824,0.16800001,0.0,0.16714191,0.0,0.0,3814400
hardzero_only__c0p58__z1p00__lam0p000__nu0p50__psi0p00,hardzero_only,0.07,48,1192,0.0,11,0.16692942,0.17644982,0.8664433,0.13600558,0.13600558,1.0,0.009520391,0.07,-24.535975,1.9062133,0.63540447,0.16000001,0.0,0.16066872,0.0,0.0,3817600
hardzero_only__c0p58__z1p00__lam0p000__nu0p50__psi0p00,hardzero_only,0.07,48,1193,0.0,11,0.17644982,0.18655749,0.8404474,0.14439514,0.14439514,1.0,0.01010766,0.07,-25.228365,1.8490213,0.61634046,0.272,0.0,0.17489916,0.0,0.0,3820800
hardzero_only__c0p58__z1p00__lam0p000__nu0p50__psi0p00,hardzero_only,0.07,48,1194,0.0,11,0.18655749,0.19559133,0.8892254,0.1290549,0.1290549,1.0,0.009033843,0.07,-26.097736,1.956335,0.65211165,0.2,0.0,0.18402095,0.0,0.0,3824000
hardzero_only__c0p58__z1p00__lam0p000__nu0p50__psi0p00,hardzero_only,0.07,48,1195,0.0,11,0.19559133,0.2049435,0.8741862,0.13360225,0.13360225,1.0,0.009352157,0.07,-25.726711,1.923248,0.6410827,0.224,0.0,0.19877915,0.0,0.0,3827200
hardzero_only__c0p58__z1p00__lam0p000__nu0p50__psi0p00,hardzero_only,0.07,48,1196,0.0,11,0.2049435,0.21371666,0.90194196,0.12533087,0.12533087,1.0,0.00877316,0.07,-25.296167,1.9843119,0.66143733,0.14,0.0,0.18692696,0.0,0.0,3830400
hardzero_only__c0p58__z1p00__lam0p000__nu0p50__psi0p00,hardzero_only,0.07,48,1197,0.0,11,0.21371666,0.22230959,0.91095644,0.12275624,0.12275624,1.0,0.008592937,0.07,-25.612978,2.0041442,0.6680481,0.192,0.0,0.19188961,0.0,0.0,3833600
hardzero_only__c0p58__z1p00__lam0p000__nu0p50__psi0p00,hardzero_only,0.07,48,1198,0.0,11,0.22230959,0.23202962,0.8574305,0.13885756,0.13885756,1.0,0.009720029,0.07,-24.901287,1.8863848,0.62879497,0.224,0.008,0.19758786,0.0,0.0,3836800
hardzero_only__c0p58__z1p00__lam0p000__nu0p50__psi0p00,hardzero_only,0.07,48,1199,0.0,11,0.23202962,0.24047463,0.9184982,0.1206429,0.1206429,1.0,0.008445003,0.07,-26.384619,2.0207365,0.67357886,0.192,0.0,0.19026226,0.0,0.0,3840000
hardzero_only__c0p58__z1p00__lam0p000__nu0p50__psi0p00,hardzero_only,0.07,48,1200,0.0,11,0.24047463,0.24947405,0.8908838,0.12856306,0.12856306,1.0,0.008999415,0.07,-26.015842,1.9599835,0.6533278,0.2,0.0,0.17356618,0.0,0.0,3843200
hardzero_only__c0p58__z1p00__lam0p000__nu0p50__psi0p00,hardzero_only,0.07,48,1201,0.0,11,0.24947405,0.25834385,0.89718395,0.1267115,0.1267115,1.0,0.008869805,0.07,-24.989943,1.9738442,0.6579481,0.16000001,0.0,0.20341136,0.0,0.0,3846400
hardzero_only__c0p58__z1p00__lam0p000__nu0p50__psi0p00,hardzero_only,0.07,48,1202,0.0,11,0.25834385,0.26752314,0.88228816,0.13113296,0.13113296,1.0,0.009179307,0.07,-26.276688,1.9410727,0.6470243,0.208,0.0,0.19719973,0.0,0.0,3849600
hardzero_only__c0p58__z1p00__lam0p000__nu0p50__psi0p00,hardzero_only,0.07,48,1203,0.0,11,0.26752314,0.2771626,0.86104465,0.13770679,0.13770679,1.0,0.0096394755,0.07,-25.413738,1.8943361,0.6314454,0.256,0.0,0.1782903,0.0,0.0,3852800
hardzero_only__c0p58__z1p00__lam0p000__nu0p50__psi0p00,hardzero_only,0.07,48,1204,0.0,11,0.2771626,0.28607967,0.8948766,0.1273865,0.1273865,1.0,0.008917055,0.07,-25.734022,1.9687679,0.65625596,0.224,0.0,0.18473165,0.0,0.0,3856000
hardzero_only__c0p58__z1p00__lam0p000__nu0p50__psi0p00,hardzero_only,0.07,48,1205,0.0,11,0.28607967,0.29462862,0.91318583,0.1221277,0.1221277,1.0,0.008548939,0.07,-25.770134,2.009049,0.669683,0.224,0.0,0.18956262,0.0,0.0,3859200
hardzero_only__c0p58__z1p00__lam0p000__nu0p50__psi0p00,hardzero_only,0.07,48,1206,0.0,11,0.29462862,0.30464315,0.8444679,0.14306457,0.14306457,1.0,0.01001452,0.07,-24.556679,1.8578664,0.6192888,0.18400002,0.0,0.16034555,0.0,0.0,3862400
hardzero_only__c0p58__z1p00__lam0p000__nu0p50__psi0p00,hardzero_only,0.07,48,1207,0.0,11,0.30464315,0.31390417,0.8784395,0.1323002,0.1323002,1.0,0.009261014,0.07,-25.45287,1.9326055,0.6442019,0.208,0.0,0.16510095,0.0,0.0,3865600
hardzero_only__c0p58__z1p00__lam0p000__nu0p50__psi0p00,hardzero_only,0.07,48,1208,0.0,11,0.31390417,0.32286066,0.8929607,0.12794971,0.12794971,1.0,0.00895648,0.07,-25.62275,1.9645529,0.65485096,0.23200001,0.0,0.1907137,0.0,0.0,3868800
hardzero_only__c0p58__z1p00__lam0p000__nu0p50__psi0p00,hardzero_only,0.07,48,1209,0.0,11,0.32286066,0.33161455,0.90289736,0.12505545,0.12505545,1.0,0.008753882,0.07,-25.134085,1.9864138,0.662138,0.14,0.0,0.16892743,0.0,0.0,3872000
hardzero_only__c0p58__z1p00__lam0p000__nu0p50__psi0p00,hardzero_only,0.07,48,1210,0.0,11,0.33161455,0.3412672,0.86045164,0.13789494,0.13789494,1.0,0.009652646,0.07,-24.313818,1.8930314,0.6310105,0.16800001,0.0,0.19843076,0.0,0.0,3875200
hardzero_only__c0p58__z1p00__lam0p000__nu0p50__psi0p00,hardzero_only,0.07,48,1211,0.0,11,0.3412672,0.3504453,0.8823447,0.13111585,0.13111585,1.0,0.0091781095,0.07,-26.133743,1.9411972,0.64706576,0.17600001,0.0,0.17501657,0.0,0.0,3878400
hardzero_only__c0p58__z1p00__lam0p000__nu0p50__psi0p00,hardzero_only,0.07,48,1212,0.0,11,0.3504453,0.3602915,0.8518291,0.14066008,0.14066008,1.0,0.009846206,0.07,-24.633823,1.8740615,0.6246872,0.256,0.016,0.18354797,0.0,0.0,3881600
hardzero_only__c0p58__z1p00__lam0p000__nu0p50__psi0p00,hardzero_only,0.07,48,1213,0.0,11,0.3602915,0.3690474,0.90279716,0.12508431,0.12508431,1.0,0.008755902,0.07,-26.110216,1.9861934,0.6620645,0.24000001,0.0,0.18679583,0.0,0.0,3884800
hardzero_only__c0p58__z1p00__lam0p000__nu0p50__psi0p00,hardzero_only,0.07,48,1214,0.0,11,0.3690474,0.3780072,0.8928004,0.12799694,0.12799694,1.0,0.008959786,0.07,-25.922068,1.9642001,0.6547334,0.192,0.008,0.18385339,0.0,0.0,3888000
hardzero_only__c0p58__z1p00__lam0p000__nu0p50__psi0p00,hardzero_only,0.07,48,1215,0.0,11,0.3780072,0.38776588,0.85570717,0.13940965,0.13940965,1.0,0.0097586755,0.07,-24.756231,1.8825934,0.6275312,0.18400002,0.0,0.16434412,0.0,0.0,3891200
hardzero_only__c0p58__z1p00__lam0p000__nu0p50__psi0p00,hardzero_only,0.07,48,1216,0.0,11,0.38776588,0.39737654,0.8623449,0.1372951,0.1372951,1.0,0.009610657,0.07,-25.558443,1.8971967,0.6323989,0.216,0.0,0.19529894,0.0,0.0,3894400
hardzero_only__c0p58__z1p00__lam0p000__nu0p50__psi0p00,hardzero_only,0.07,48,1217,0.0,11,0.39737654,0.4068805,0.867194,0.13577068,0.13577068,1.0,0.009503948,0.07,-25.4324,1.9078649,0.635955,0.256,0.0,0.1808947,0.0,0.0,3897600
hardzero_only__c0p58__z1p00__lam0p000__nu0p50__psi0p00,hardzero_only,0.07,48,1218,0.0,11,0.4068805,0.41601074,0.8846152,0.1304322,0.1304322,1.0,0.009130254,0.07,-24.900583,1.9461923,0.64873075,0.24000001,0.0,0.15706274,0.0,0.0,3900800
hardzero_only__c0p58__z1p00__lam0p000__nu0p50__psi0p00,hardzero_only,0.07,48,1219,0.0,11,0.41601074,0.4253862,0.8731064,0.13393483,0.13393483,1.0,0.009375438,0.07,-25.43293,1.9208724,0.64029086,0.24000001,0.008,0.18532015,0.0,0.0,3904000
hardzero_only__c0p58__z1p00__lam0p000__nu0p50__psi0p00,hardzero_only,0.07,48,1220,0.0,11,0.4253862,0.43467414,0.8771779,0.13268508,0.13268508,1.0,0.009287955,0.07,-25.092138,1.92983,0.6432767,0.216,0.0,0.17320427,0.0,0.0,3907200
hardzero_only__c0p58__z1p00__lam0p000__nu0p50__psi0p00,hardzero_only,0.07,48,1221,0.0,11,0.43467414,0.4440201,0.87447494,0.13351347,0.13351347,1.0,0.009345942,0.07,-25.704548,1.9238833,0.6412945,0.208,0.0,0.21765517,0.0,0.0,3910400
hardzero_only__c0p58__z1p00__lam0p000__nu0p50__psi0p00,hardzero_only,0.07,48,1222,0.0,11,0.4440201,0.45359334,0.8640382,0.13676083,0.13676083,1.0,0.009573258,0.07,-25.696014,1.9009221,0.6336407,0.29,0.01,0.17882241,0.0,0.0,3913600
hardzero_only__c0p58__z1p00__lam0p000__nu0p50__psi0p00,hardzero_only,0.07,48,1223,0.0,11,0.45359334,0.4637085,0.84012586,0.14450209,0.14450209,1.0,0.010115147,0.07,-24.61798,1.8483138,0.6161046,0.224,0.0,0.16749519,0.0,0.0,3916800
hardzero_only__c0p58__z1p00__lam0p000__nu0p50__psi0p00,hardzero_only,0.07,48,1224,0.0,11,0.4637085,0.47339228,0.8590523,0.13833997,0.13833997,1.0,0.009683798,0.07,-25.137537,1.8899528,0.62998426,0.24000001,0.0,0.2084857,0.0,0.0,3920000
hardzero_only__c0p58__z1p00__lam0p000__nu0p50__psi0p00,hardzero_only,0.07,48,1225,0.0,11,0.47339228,0.48207715,0.9063346,0.124069594,0.124069594,1.0,0.008684872,0.07,-25.586351,1.9939759,0.66465867,0.224,0.0,0.199815,0.0,0.0,3923200
hardzero_only__c0p58__z1p00__lam0p000__nu0p50__psi0p00,hardzero_only,0.07,48,1226,0.0,11,0.48207715,0.4909561,0.8967367,0.12684204,0.12684204,1.0,0.008878943,0.07,-25.43695,1.9728601,0.6576201,0.16800001,0.0,0.16882648,0.0,0.0,3926400
hardzero_only__c0p58__z1p00__lam0p000__nu0p50__psi0p00,hardzero_only,0.07,48,1227,0.0,11,0.4909561,0.5007366,0.85473675,0.1397215,0.1397215,1.0,0.009780505,0.07,-25.24046,1.8804584,0.6268195,0.17600001,0.0,0.17083864,0.0,0.0,3929600
hardzero_only__c0p58__z1p00__lam0p000__nu0p50__psi0p00,hardzero_only,0.07,48,1228,0.0,11,0.5007366,0.5100524,0.87587816,0.13308278,0.13308278,1.0,0.009315794,0.07,-25.31139,1.9269704,0.6423235,0.16800001,0.0,0.16790983,0.0,0.0,3932800
hardzero_only__c0p58__z1p00__lam0p000__nu0p50__psi0p00,hardzero_only,0.07,48,1229,0.0,11,0.5100524,0.51911473,0.8878572,0.12946214,0.12946214,1.0,0.00906235,0.07,-25.48025,1.9533248,0.65110826,0.23200001,0.0,0.17448455,0.0,0.0,3936000
hardzero_only__c0p58__z1p00__lam0p000__nu0p50__psi0p00,hardzero_only,0.07,48,1230,0.0,11,0.51911473,0.5282127,0.8861523,0.12997136,0.12997136,1.0,0.009097995,0.07,-25.839582,1.949574,0.649858,0.224,0.0,0.18511178,0.0,0.0,3939200
hardzero_only__c0p58__z1p00__lam0p000__nu0p50__psi0p00,hardzero_only,0.07,48,1231,0.0,11,0.5282127,0.53640836,0.9315158,0.1170804,0.1170804,1.0,0.0081956275,0.07,-26.35994,2.0493758,0.68312526,0.17600001,0.0,0.19352366,0.0,0.0,3942400
hardzero_only__c0p58__z1p00__lam0p000__nu0p50__psi0p00,hardzero_only,0.07,48,1232,0.0,11,0.53640836,0.54531366,0.8954495,0.12721856,0.12721856,1.0,0.008905299,0.07,-26.267796,1.9700283,0.6566761,0.216,0.0,0.20057666,0.0,0.0,3945600
hardzero_only__c0p58__z1p00__lam0p000__nu0p50__psi0p00,hardzero_only,0.07,48,1233,0.0,11,0.54531366,0.55420804,0.8959829,0.1270624,0.1270624,1.0,0.008894368,0.07,-25.858166,1.9712018,0.6570673,0.17600001,0.0,0.18941186,0.0,0.0,3948800
hardzero_only__c0p58__z1p00__lam0p000__nu0p50__psi0p00,hardzero_only,0.07,48,1234,0.0,11,0.55420804,0.56286204,0.9078818,0.123628385,0.123628385,1.0,0.008653987,0.07,-25.957886,1.9973798,0.6657933,0.224,0.0,0.2038431,0.0,0.0,3952000
hardzero_only__c0p58__z1p00__lam0p000__nu0p50__psi0p00,hardzero_only,0.07,48,1235,0.0,11,0.56286204,0.5728705,0.84473085,0.14297798,0.14297798,1.0,0.010008459,0.07,-23.930302,1.858445,0.6194817,0.24,0.0,0.1614837,0.0,0.0,3955200
hardzero_only__c0p58__z1p00__lam0p000__nu0p50__psi0p00,hardzero_only,0.07,48,1236,0.0,11,0.5728705,0.582473,0.86271507,0.13717814,0.13717814,1.0,0.009602469,0.07,-25.004065,1.8980111,0.6326704,0.216,0.0,0.17907903,0.0,0.0,3958400
hardzero_only__c0p58__z1p00__lam0p000__nu0p50__psi0p00,hardzero_only,0.07,48,1237,1.0,12,0.582473,0.0124400435,0.84653157,0.14238638,0.14238638,1.0,0.009967047,0.07,-25.743017,1.8624066,0.6208022,0.2,0.0,0.18577754,0.0,0.0,3961600
hardzero_only__c0p58__z1p00__lam0p000__nu0p50__psi0p00,hardzero_only,0.07,48,1238,0.0,12,0.0124400435,0.021289458,0.89818347,0.12642021,0.12642021,1.0,0.008849415,0.07,-25.437916,1.9760431,0.65868104,0.2,0.0,0.18692386,0.0,0.0,3964800
hardzero_only__c0p58__z1p00__lam0p000__nu0p50__psi0p00,hardzero_only,0.07,48,1239,0.0,12,0.021289458,0.03093357,0.86083585,0.137773,0.137773,1.0,0.009644111,0.07,-25.472008,1.8938767,0.6312922,0.17600001,0.0,0.19330409,0.0,0.0,3968000
hardzero_only__c0p58__z1p00__lam0p000__nu0p50__psi0p00,hardzero_only,0.07,48,1240,0.0,12,0.03093357,0.041287404,0.8299969,0.14791189,0.14791189,1.0,0.0103538325,0.07,-24.492075,1.8260297,0.60867655,0.208,0.0,0.1960343,0.0,0.0,3971200
hardzero_only__c0p58__z1p00__lam0p000__nu0p50__psi0p00,hardzero_only,0.07,48,1241,0.0,12,0.041287404,0.050962828,0.8594279,0.13822037,0.13822037,1.0,0.0096754255,0.07,-25.43561,1.8907791,0.63025975,0.256,0.0,0.19528069,0.0,0.0,3974400
hardzero_only__c0p58__z1p00__lam0p000__nu0p50__psi0p00,hardzero_only,0.07,48,1242,0.0,12,0.050962828,0.06064779,0.85900015,0.13835658,0.13835658,1.0,0.00968496,0.07,-24.984577,1.8898381,0.62994605,0.24800001,0.0,0.19799577,0.0,0.0,3977600
hardzero_only__c0p58__z1p00__lam0p000__nu0p50__psi0p00,hardzero_only,0.07,48,1243,0.0,12,0.06064779,0.0704023,0.8558925,0.13935018,0.13935018,1.0,0.009754512,0.07,-24.877722,1.8830011,0.62766707,0.208,0.0,0.1920256,0.0,0.0,3980800
hardzero_only__c0p58__z1p00__lam0p000__nu0p50__psi0p00,hardzero_only,0.07,48,1244,0.0,12,0.0704023,0.08093719,0.8224679,0.15049846,0.15049846,1.0,0.010534893,0.07,-24.310886,1.8094655,0.6031552,0.24000001,0.0,0.17329417,0.0,0.0,3984000
hardzero_only__c0p58__z1p00__lam0p000__nu0p50__psi0p00,hardzero_only,0.07,48,1245,0.0,12,0.08093719,0.09007172,0.8844119,0.13049325,0.13049325,1.0,0.009134528,0.07,-25.92402,1.945745,0.6485817,0.14400001,0.0,0.20926988,0.0,0.0,3987200
hardzero_only__c0p58__z1p00__lam0p000__nu0p50__psi0p00,hardzero_only,0.07,48,1246,0.0,12,0.09007172,0.09908934,0.8900061,0.12882312,0.12882312,1.0,0.009017618,0.07,-25.472816,1.9580525,0.6526842,0.208,0.0,0.21756178,0.0,0.0,3990400
hardzero_only__c0p58__z1p00__lam0p000__nu0p50__psi0p00,hardzero_only,0.07,48,1247,0.0,12,0.09908934,0.108335495,0.8791367,0.13208799,0.13208799,1.0,0.009246159,0.07,-25.299576,1.9341394,0.64471316,0.16000001,0.0,0.18750884,0.0,0.0,3993600
hardzero_only__c0p58__z1p00__lam0p000__nu0p50__psi0p00,hardzero_only,0.07,48,1248,0.0,12,0.108335495,0.11769048,0.8740548,0.13364267,0.13364267,1.0,0.009354987,0.07,-25.358103,1.922959,0.6409863,0.25,0.01,0.18914662,0.0,0.0,3996800
hardzero_only__c0p58__z1p00__lam0p000__nu0p50__psi0p00,hardzero_only,0.07,48,1249,0.0,12,0.11769048,0.12698485,0.87687784,0.13277678,0.13277678,1.0,0.009294375,0.07,-25.111538,1.9291698,0.64305663,0.224,0.0,0.19988884,0.0,0.0,4000000
