mechanism_tag,mechanism,alpha,seed,update,update_u,update_counter,energy_E_pre,energy_E_post,funding_z,funding_g,funding_g_raw,funding_cut_active,funding_income,funding_alpha_eff,episode_return_end_mean,terminal_min_dists_end_mean,terminal_dbar_end,terminal_occupied_end_mean,terminal_CSR_train,vartd_VarTD,depr_F,depr_F_post,env_steps
hardzero_plus_depr__c0p54__z1p10__lam0p010__nu0p50__psi0p75,hardzero_plus_depr,0.06,40,0,1.0,1,1.0,0.4654922,1.0384048,0.09153668,0.09153668,1.0,0.0054922006,0.06,-27.009108,2.2845361,0.76151204,0.14,0.0,0.1360506,0.0,0.0,3200
hardzero_plus_depr__c0p54__z1p10__lam0p010__nu0p50__psi0p75,hardzero_plus_depr,0.06,40,1,0.0,1,0.4654922,0.47131482,1.0130329,0.097043626,0.097043626,1.0,0.0058226176,0.06,-27.20836,2.2287169,0.7429056,0.18400002,0.0,0.14540449,0.0,0.01,6400
hardzero_plus_depr__c0p54__z1p10__lam0p010__nu0p50__psi0p75,hardzero_plus_depr,0.06,40,2,0.0,1,0.47131482,0.47692794,1.0256903,0.094256155,0.094256155,1.0,0.0056131124,0.05955168,-27.97767,2.2565637,0.7521879,0.17600001,0.0,0.1601904,0.01,0.02,9600
hardzero_plus_depr__c0p54__z1p10__lam0p010__nu0p50__psi0p75,hardzero_plus_depr,0.06,40,3,0.0,1,0.47692794,0.48258436,1.0190952,0.09569844,0.09569844,1.0,0.0056564203,0.059106715,-27.111416,2.2420542,0.7473514,0.14400001,0.0,0.13702832,0.02,0.03,12800
hardzero_plus_depr__c0p54__z1p10__lam0p010__nu0p50__psi0p75,hardzero_plus_depr,0.06,40,4,0.0,1,0.48258436,0.48802847,1.0324534,0.092799686,0.092799686,1.0,0.0054441,0.05866507,-26.730387,2.271443,0.75714767,0.104,0.0,0.14613195,0.03,0.04,16000
hardzero_plus_depr__c0p54__z1p10__lam0p010__nu0p50__psi0p75,hardzero_plus_depr,0.06,40,5,0.0,1,0.48802847,0.49338964,1.035862,0.09207421,0.09207421,1.0,0.0053611803,0.058226734,-27.58127,2.2789419,0.7596473,0.192,0.0,0.16662627,0.04,0.049999997,19200
hardzero_plus_depr__c0p54__z1p10__lam0p010__nu0p50__psi0p75,hardzero_plus_depr,0.06,40,6,0.0,1,0.49338964,0.49871477,1.0355352,0.09214351,0.09214351,1.0,0.005325127,0.057791665,-27.202803,2.278223,0.7594077,0.16000001,0.0,0.15380596,0.049999997,0.059999995,22400
hardzero_plus_depr__c0p54__z1p10__lam0p010__nu0p50__psi0p75,hardzero_plus_depr,0.06,40,7,0.0,1,0.49871477,0.50395,1.0396727,0.09126983,0.09126983,1.0,0.005235224,0.057359852,-26.882572,2.2873256,0.7624419,0.18400002,0.0,0.15167265,0.059999995,0.06999999,25600
hardzero_plus_depr__c0p54__z1p10__lam0p010__nu0p50__psi0p75,hardzero_plus_depr,0.06,40,8,0.0,1,0.50395,0.5087978,1.069803,0.085152425,0.085152425,1.0,0.004847835,0.056931257,-26.897873,2.3536136,0.7845379,0.136,0.0,0.16542348,0.06999999,0.07999999,28800
hardzero_plus_depr__c0p54__z1p10__lam0p010__nu0p50__psi0p75,hardzero_plus_depr,0.06,40,9,0.0,1,0.5087978,0.5143505,1.007592,0.09826708,0.09826708,1.0,0.005552667,0.056505874,-26.411423,2.2167466,0.73891556,0.16000001,0.0,0.15798897,0.07999999,0.08999999,32000
hardzero_plus_depr__c0p54__z1p10__lam0p010__nu0p50__psi0p75,hardzero_plus_depr,0.06,40,10,0.0,1,0.5143505,0.51929367,1.0548267,0.088140056,0.088140056,1.0,0.004943217,0.056083664,-27.555937,2.3206651,0.77355504,0.128,0.0,0.15782511,0.08999999,0.09999999,35200
hardzero_plus_depr__c0p54__z1p10__lam0p010__nu0p50__psi0p75,hardzero_plus_depr,0.06,40,11,0.0,1,0.51929367,0.52446514,1.0319643,0.09290427,0.09290427,1.0,0.00517148,0.055664614,-26.70791,2.270367,0.75678897,0.14400001,0.0,0.16121104,0.09999999,0.109999985,38400
hardzero_plus_depr__c0p54__z1p10__lam0p010__nu0p50__psi0p75,hardzero_plus_depr,0.06,40,12,0.0,1,0.52446514,0.52946866,1.0430465,0.090563565,0.090563565,1.0,0.005003518,0.055248685,-27.72838,2.294748,0.76491606,0.16000001,0.0,0.16626732,0.109999985,0.11999998,41600
hardzero_plus_depr__c0p54__z1p10__lam0p010__nu0p50__psi0p75,hardzero_plus_depr,0.06,40,13,0.0,1,0.52946866,0.5352411,0.97770095,0.10526863,0.10526863,1.0,0.005772497,0.054835875,-26.326015,2.150985,0.716995,0.099999994,0.0,0.15204346,0.11999998,0.12999998,44800
hardzero_plus_depr__c0p54__z1p10__lam0p010__nu0p50__psi0p75,hardzero_plus_depr,0.06,40,14,0.0,1,0.5352411,0.5400329,1.0553068,0.08804266,0.08804266,1.0,0.0047918223,0.05442614,-28.568493,2.3217213,0.7739071,0.104,0.0,0.15134194,0.12999998,0.13999999,48000
hardzero_plus_depr__c0p54__z1p10__lam0p010__nu0p50__psi0p75,hardzero_plus_depr,0.06,40,15,1.0,2,0.5400329,0.005887989,0.965017,0.10838845,0.10838845,1.0,0.005855087,0.054019473,-26.04179,2.1230798,0.7076933,0.208,0.0,0.14232512,0.13999999,0.06999999,51200
hardzero_plus_depr__c0p54__z1p10__lam0p010__nu0p50__psi0p75,hardzero_plus_depr,0.06,40,16,0.0,2,0.005887989,0.011191297,1.0308039,0.09315284,0.09315284,1.0,0.0053033084,0.056931257,-27.386692,2.267814,0.755938,0.16000001,0.0,0.16236638,0.06999999,0.07999999,54400
hardzero_plus_depr__c0p54__z1p10__lam0p010__nu0p50__psi0p75,hardzero_plus_depr,0.06,40,17,0.0,2,0.011191297,0.016546637,1.0233066,0.09477491,0.09477491,1.0,0.005355339,0.056505874,-26.872854,2.2513194,0.7504398,0.15200001,0.0,0.147398,0.07999999,0.08999999,57600
hardzero_plus_depr__c0p54__z1p10__lam0p010__nu0p50__psi0p75,hardzero_plus_depr,0.06,40,18,0.0,2,0.016546637,0.021684023,1.0380942,0.09160218,0.09160218,1.0,0.005137386,0.056083664,-27.564236,2.2838528,0.7612843,0.104,0.0,0.13879754,0.08999999,0.09999999,60800
hardzero_plus_depr__c0p54__z1p10__lam0p010__nu0p50__psi0p75,hardzero_plus_depr,0.06,40,19,0.0,2,0.021684023,0.02704238,1.0165476,0.09626146,0.09626146,1.0,0.005358357,0.055664614,-26.418295,2.2364492,0.7454831,0.136,0.0,0.123429045,0.09999999,0.109999985,64000
hardzero_plus_depr__c0p54__z1p10__lam0p010__nu0p50__psi0p75,hardzero_plus_depr,0.06,40,20,0.0,2,0.02704238,0.032412317,1.0123527,0.09719575,0.09719575,1.0,0.0053699375,0.055248685,-27.125408,2.2272205,0.74240685,0.120000005,0.0,0.14150654,0.109999985,0.11999998,67200
hardzero_plus_depr__c0p54__z1p10__lam0p010__nu0p50__psi0p75,hardzero_plus_depr,0.06,40,21,0.0,2,0.032412317,0.03764249,1.0205487,0.095378675,0.095378675,1.0,0.005230173,0.054835875,-27.512999,2.245252,0.7484173,0.192,0.0,0.15640287,0.11999998,0.12999998,70400
hardzero_plus_depr__c0p54__z1p10__lam0p010__nu0p50__psi0p75,hardzero_plus_depr,0.06,40,22,0.0,2,0.03764249,0.043649103,0.9571778,0.11036267,0.11036267,1.0,0.0060066143,0.05442614,-25.576208,2.1058333,0.7019445,0.16000001,0.0,0.12735344,0.12999998,0.13999999,73600
hardzero_plus_depr__c0p54__z1p10__lam0p010__nu0p50__psi0p75,hardzero_plus_depr,0.06,40,23,0.0,2,0.043649103,0.049162425,0.99113697,0.10206175,0.10206175,1.0,0.005513322,0.054019473,-27.184803,2.1805449,0.7268483,0.192,0.0,0.14175907,0.13999999,0.14999999,76800
hardzero_plus_depr__c0p54__z1p10__lam0p010__nu0p50__psi0p75,hardzero_plus_depr,0.06,40,24,0.0,2,0.049162425,0.054240305,1.0236107,0.09470858,0.09470858,1.0,0.00507788,0.053615842,-27.228287,2.2519884,0.7506628,0.16000001,0.0,0.157451,0.14999999,0.16,80000
hardzero_plus_depr__c0p54__z1p10__lam0p010__nu0p50__psi0p75,hardzero_plus_depr,0.06,40,25,0.0,2,0.054240305,0.05946995,1.0075636,0.0982735,0.0982735,1.0,0.005229646,0.05321522,-26.615677,2.216684,0.7388947,0.14400001,0.0,0.14014626,0.16,0.17,83200
hardzero_plus_depr__c0p54__z1p10__lam0p010__nu0p50__psi0p75,hardzero_plus_depr,0.06,40,26,0.0,2,0.05946995,0.06432202,1.0368519,0.091864586,0.091864586,1.0,0.0048520677,0.052817605,-27.072903,2.2811196,0.76037323,0.14999999,0.0,0.15170126,0.17,0.18,86400
hardzero_plus_depr__c0p54__z1p10__lam0p010__nu0p50__psi0p75,hardzero_plus_depr,0.06,40,27,0.0,2,0.06432202,0.069467686,1.0080795,0.09815682,0.09815682,1.0,0.0051456704,0.052422956,-26.26124,2.2178192,0.7392731,0.15200001,0.0,0.15597923,0.18,0.19000001,89600
hardzero_plus_depr__c0p54__z1p10__lam0p010__nu0p50__psi0p75,hardzero_plus_depr,0.06,40,28,0.0,2,0.069467686,0.07411577,1.0489905,0.08933251,0.08933251,1.0,0.0046480824,0.052031253,-27.62092,2.307825,0.76927507,0.208,0.0,0.15973882,0.19000001,0.20000002,92800
hardzero_plus_depr__c0p54__z1p10__lam0p010__nu0p50__psi0p75,hardzero_plus_depr,0.06,40,29,0.0,2,0.07411577,0.07894937,1.0287359,0.093597464,0.093597464,1.0,0.0048336047,0.051642474,-27.038265,2.2632642,0.7544214,0.14400001,0.0,0.1567135,0.20000002,0.21000002,96000
hardzero_plus_depr__c0p54__z1p10__lam0p010__nu0p50__psi0p75,hardzero_plus_depr,0.06,40,30,0.0,2,0.07894937,0.08411084,0.99697596,0.100698724,0.100698724,1.0,0.005161475,0.05125661,-27.451183,2.1933908,0.7311303,0.16800001,0.0,0.16166434,0.21000002,0.22000003,99200
hardzero_plus_depr__c0p54__z1p10__lam0p010__nu0p50__psi0p75,hardzero_plus_depr,0.06,40,31,0.0,2,0.08411084,0.08857069,1.0571722,0.08766532,0.08766532,1.0,0.0044598524,0.050873622,-27.687603,2.3258252,0.7752751,0.120000005,0.0,0.15558456,0.22000003,0.23000003,102400
hardzero_plus_depr__c0p54__z1p10__lam0p010__nu0p50__psi0p75,hardzero_plus_depr,0.06,40,32,0.0,2,0.08857069,0.09328789,1.0295513,0.09342189,0.09342189,1.0,0.0047171977,0.050493494,-27.232323,2.265058,0.75501937,0.17600001,0.0,0.13702077,0.23000003,0.24000004,105600
hardzero_plus_depr__c0p54__z1p10__lam0p010__nu0p50__psi0p75,hardzero_plus_depr,0.06,40,33,0.0,2,0.09328789,0.09804788,1.0223724,0.094978996,0.094978996,1.0,0.0047599874,0.05011621,-26.904535,2.249264,0.74975467,0.16000001,0.0,0.15333839,0.24000004,0.25000003,108800
hardzero_plus_depr__c0p54__z1p10__lam0p010__nu0p50__psi0p75,hardzero_plus_depr,0.06,40,34,0.0,2,0.09804788,0.09804788,1.1156051,0.0,0.07662931,0.0,0.0,0.049741745,-28.883848,2.4543803,0.8181268,0.112,0.0,0.1638994,0.25000003,0.26000002,112000
hardzero_plus_depr__c0p54__z1p10__lam0p010__nu0p50__psi0p75,hardzero_plus_depr,0.06,40,35,0.0,2,0.09804788,0.10268972,1.0267738,0.094021276,0.094021276,1.0,0.004641838,0.04937008,-27.777449,2.2589474,0.7529825,0.112,0.0,0.14001074,0.26000002,0.27,115200
hardzero_plus_depr__c0p54__z1p10__lam0p010__nu0p50__psi0p75,hardzero_plus_depr,0.06,40,36,0.0,2,0.10268972,0.10721679,1.0343894,0.09238694,0.09238694,1.0,0.0045270696,0.049001187,-27.838427,2.275702,0.75856733,0.15200001,0.0,0.16547745,0.27,0.28,118400
hardzero_plus_depr__c0p54__z1p10__lam0p010__nu0p50__psi0p75,hardzero_plus_depr,0.06,40,37,0.0,2,0.10721679,0.11153566,1.0515789,0.08880165,0.08880165,1.0,0.0043188734,0.048635054,-27.329247,2.3135197,0.77117324,0.080000006,0.0,0.121470444,0.28,0.29,121600
hardzero_plus_depr__c0p54__z1p10__lam0p010__nu0p50__psi0p75,hardzero_plus_depr,0.06,40,38,0.0,2,0.11153566,0.11554772,1.0803251,0.08311413,0.08311413,1.0,0.0040120566,0.048271656,-28.970001,2.3767626,0.7922542,0.14400001,0.0,0.18017383,0.29,0.29999998,124800
hardzero_plus_depr__c0p54__z1p10__lam0p010__nu0p50__psi0p75,hardzero_plus_depr,0.06,40,39,0.0,2,0.11554772,0.12006831,1.0252393,0.09435407,0.09435407,1.0,0.0045205955,0.047910973,-27.072397,2.2555716,0.7518572,0.22,0.0,0.13124998,0.29999998,0.30999997,128000
hardzero_plus_depr__c0p54__z1p10__lam0p010__nu0p50__psi0p75,hardzero_plus_depr,0.06,40,40,0.0,2,0.12006831,0.12433245,1.0473465,0.089671314,0.089671314,1.0,0.004264139,0.047552988,-26.606836,2.3042083,0.76806945,0.120000005,0.0,0.15272297,0.30999997,0.31999996,131200
hardzero_plus_depr__c0p54__z1p10__lam0p010__nu0p50__psi0p75,hardzero_plus_depr,0.06,40,41,0.0,2,0.12433245,0.12903118,1.0019405,0.09955417,0.09955417,1.0,0.0046987254,0.047197673,-25.841951,2.204313,0.734771,0.18400002,0.0,0.122306496,0.31999996,0.32999995,134400
hardzero_plus_depr__c0p54__z1p10__lam0p010__nu0p50__psi0p75,hardzero_plus_depr,0.06,40,42,0.0,2,0.12903118,0.13343593,1.0267421,0.09402816,0.09402816,1.0,0.00440475,0.04684501,-27.250359,2.2588778,0.75295925,0.128,0.0,0.13708895,0.32999995,0.33999994,137600
hardzero_plus_depr__c0p54__z1p10__lam0p010__nu0p50__psi0p75,hardzero_plus_depr,0.06,40,43,0.0,2,0.13343593,0.1381216,0.99663454,0.10077793,0.10077793,1.0,0.004685669,0.04649499,-26.77918,2.1926398,0.73087996,0.14400001,0.0,0.1370198,0.33999994,0.34999993,140800
hardzero_plus_depr__c0p54__z1p10__lam0p010__nu0p50__psi0p75,hardzero_plus_depr,0.06,40,44,0.0,2,0.1381216,0.14248846,1.0239798,0.0946281,0.0946281,1.0,0.0043668584,0.046147585,-26.918877,2.2528005,0.7509335,0.192,0.0,0.14363834,0.34999993,0.35999992,144000
hardzero_plus_depr__c0p54__z1p10__lam0p010__nu0p50__psi0p75,hardzero_plus_depr,0.06,40,45,0.0,2,0.14248846,0.1470431,1.0024381,0.09944019,0.09944019,1.0,0.0045546363,0.045802772,-27.906582,2.2054079,0.735136,0.120000005,0.0,0.17000431,0.35999992,0.36999992,147200
hardzero_plus_depr__c0p54__z1p10__lam0p010__nu0p50__psi0p75,hardzero_plus_depr,0.06,40,46,0.0,2,0.1470431,0.15162216,0.99685705,0.10072632,0.10072632,1.0,0.0045790724,0.045460533,-27.268705,2.1931293,0.7310431,0.2,0.0,0.13278115,0.36999992,0.3799999,150400
hardzero_plus_depr__c0p54__z1p10__lam0p010__nu0p50__psi0p75,hardzero_plus_depr,0.06,40,47,0.0,2,0.15162216,0.15162216,1.1038,0.0,0.07874082,0.0,0.0,0.045120858,-28.998959,2.4284086,0.8094696,0.112,0.0,0.15722187,0.3799999,0.3899999,153600
hardzero_plus_depr__c0p54__z1p10__lam0p010__nu0p50__psi0p75,hardzero_plus_depr,0.06,40,48,0.0,2,0.15162216,0.15576394,1.0339332,0.092484035,0.092484035,1.0,0.0041417787,0.044783715,-27.507938,2.2746983,0.7582328,0.096,0.0,0.14914875,0.3899999,0.3999999,156800
hardzero_plus_depr__c0p54__z1p10__lam0p010__nu0p50__psi0p75,hardzero_plus_depr,0.06,40,49,0.0,2,0.15576394,0.15957856,1.0664117,0.08581995,0.08581995,1.0,0.0038146195,0.0444491,-28.447136,2.3461528,0.78205097,0.14400001,0.0,0.168905,0.3999999,0.40999988,160000
hardzero_plus_depr__c0p54__z1p10__lam0p010__nu0p50__psi0p75,hardzero_plus_depr,0.06,40,50,0.0,2,0.15957856,0.16374315,1.0250326,0.09439899,0.09439899,1.0,0.004164598,0.044116978,-26.43069,2.255117,0.75170565,0.216,0.0,0.1552455,0.40999988,0.41999987,163200
hardzero_plus_depr__c0p54__z1p10__lam0p010__nu0p50__psi0p75,hardzero_plus_depr,0.06,40,51,0.0,2,0.16374315,0.16734445,1.0848888,0.08224532,0.08224532,1.0,0.0036013036,0.043787338,-28.646542,2.3868032,0.79560107,0.16800001,0.0,0.17332725,0.41999987,0.42999986,166400
hardzero_plus_depr__c0p54__z1p10__lam0p010__nu0p50__psi0p75,hardzero_plus_depr,0.06,40,52,0.0,2,0.16734445,0.17187247,0.98218346,0.10418773,0.10418773,1.0,0.004528015,0.043460157,-27.345673,2.1608467,0.72028226,0.17,0.0,0.14348568,0.42999986,0.43999985,169600
hardzero_plus_depr__c0p54__z1p10__lam0p010__nu0p50__psi0p75,hardzero_plus_depr,0.06,40,53,0.0,2,0.17187247,0.17640911,0.9780993,0.10517212,0.10517212,1.0,0.0045366446,0.04313543,-26.32647,2.1518614,0.7172872,0.16800001,0.0,0.14745831,0.43999985,0.44999984,172800
hardzero_plus_depr__c0p54__z1p10__lam0p010__nu0p50__psi0p75,hardzero_plus_depr,0.06,40,54,0.0,2,0.17640911,0.18034606,1.0364178,0.091956444,0.091956444,1.0,0.0039369427,0.042813126,-27.632772,2.2801647,0.76005495,0.16800001,0.0,0.13677941,0.44999984,0.45999983,176000
hardzero_plus_depr__c0p54__z1p10__lam0p010__nu0p50__psi0p75,hardzero_plus_depr,0.06,40,55,0.0,2,0.18034606,0.1845639,1.0032288,0.099259295,0.099259295,1.0,0.0042178473,0.042493224,-27.12618,2.2071474,0.7357158,0.18400002,0.0,0.16822813,0.45999983,0.46999982,179200
hardzero_plus_depr__c0p54__z1p10__lam0p010__nu0p50__psi0p75,hardzero_plus_depr,0.06,40,56,0.0,2,0.1845639,0.18916377,0.96231705,0.10906437,0.10906437,1.0,0.0045998683,0.042175718,-26.90662,2.1171398,0.7057133,0.18400002,0.0,0.15390311,0.46999982,0.4799998,182400
hardzero_plus_depr__c0p54__z1p10__lam0p010__nu0p50__psi0p75,hardzero_plus_depr,0.06,40,57,0.0,2,0.18916377,0.19347972,0.9867297,0.10310275,0.10310275,1.0,0.0043159416,0.041860584,-26.743183,2.1708486,0.72361624,0.15200001,0.0,0.1312314,0.4799998,0.4899998,185600
hardzero_plus_depr__c0p54__z1p10__lam0p010__nu0p50__psi0p75,hardzero_plus_depr,0.06,40,58,0.0,2,0.19347972,0.19732279,1.0338705,0.0924974,0.0924974,1.0,0.003843064,0.041547805,-26.230072,2.2745605,0.7581868,0.120000005,0.0,0.1522032,0.4899998,0.4999998,188800
hardzero_plus_depr__c0p54__z1p10__lam0p010__nu0p50__psi0p75,hardzero_plus_depr,0.06,40,59,0.0,2,0.19732279,0.20133011,1.0124371,0.09717687,0.09717687,1.0,0.004007318,0.04123736,-26.969765,2.227406,0.7424687,0.14400001,0.0,0.13614139,0.4999998,0.5099998,192000
hardzero_plus_depr__c0p54__z1p10__lam0p010__nu0p50__psi0p75,hardzero_plus_depr,0.06,40,60,0.0,2,0.20133011,0.2051241,1.0329373,0.09269636,0.09269636,1.0,0.0037939916,0.04092924,-27.357185,2.2725074,0.7575025,0.136,0.0,0.13800159,0.5099998,0.5199998,195200
hardzero_plus_depr__c0p54__z1p10__lam0p010__nu0p50__psi0p75,hardzero_plus_depr,0.06,40,61,0.0,2,0.2051241,0.20921095,0.9973878,0.10060329,0.10060329,1.0,0.0040868497,0.04062342,-26.892885,2.194297,0.7314324,0.2,0.0,0.14262086,0.5199998,0.5299998,198400
hardzero_plus_depr__c0p54__z1p10__lam0p010__nu0p50__psi0p75,hardzero_plus_depr,0.06,40,62,0.0,2,0.20921095,0.21319248,1.0054688,0.09874864,0.09874864,1.0,0.0039815335,0.040319882,-26.51642,2.2120757,0.73735857,0.16000001,0.0,0.14507176,0.5299998,0.5399998,201600
hardzero_plus_depr__c0p54__z1p10__lam0p010__nu0p50__psi0p75,hardzero_plus_depr,0.06,40,63,0.0,2,0.21319248,0.21644677,1.089806,0.08131936,0.08131936,1.0,0.003254288,0.040018614,-28.658695,2.397621,0.799207,0.120000005,0.0,0.16332395,0.5399998,0.5499998,204800
hardzero_plus_depr__c0p54__z1p10__lam0p010__nu0p50__psi0p75,hardzero_plus_depr,0.06,40,64,0.0,2,0.21644677,0.22063926,0.97653365,0.105551966,0.105551966,1.0,0.0041924817,0.0397196,-26.530428,2.148417,0.716139,0.120000005,0.0,0.14647646,0.5499998,0.55999976,208000
hardzero_plus_depr__c0p54__z1p10__lam0p010__nu0p50__psi0p75,hardzero_plus_depr,0.06,40,65,0.0,2,0.22063926,0.22420134,1.0440434,0.09035591,0.09035591,1.0,0.0035620842,0.039422814,-26.487995,2.2969413,0.7656471,0.16,0.0,0.13498108,0.55999976,0.56999975,211200
hardzero_plus_depr__c0p54__z1p10__lam0p010__nu0p50__psi0p75,hardzero_plus_depr,0.06,40,66,0.0,2,0.22420134,0.228218,0.9886245,0.10265391,0.10265391,1.0,0.004016668,0.03912825,-27.579283,2.1750174,0.7250058,0.136,0.0,0.16297308,0.56999975,0.57999974,214400
hardzero_plus_depr__c0p54__z1p10__lam0p010__nu0p50__psi0p75,hardzero_plus_depr,0.06,40,67,0.0,2,0.228218,0.23200402,1.011052,0.09748729,0.09748729,1.0,0.0037860055,0.038835887,-27.385641,2.2243588,0.74145293,0.23200001,0.0,0.13481486,0.57999974,0.58999974,217600
hardzero_plus_depr__c0p54__z1p10__lam0p010__nu0p50__psi0p75,hardzero_plus_depr,0.06,40,68,0.0,2,0.23200402,0.23595965,0.98876065,0.102621734,0.102621734,1.0,0.0039556273,0.038545705,-26.57149,2.1753168,0.72510564,0.136,0.0,0.10791096,0.58999974,0.5999997,220800
hardzero_plus_depr__c0p54__z1p10__lam0p010__nu0p50__psi0p75,hardzero_plus_depr,0.06,40,69,0.0,2,0.23595965,0.2400932,0.96639526,0.10804501,0.10804501,1.0,0.0041335537,0.0382577,-25.66827,2.126112,0.708704,0.18400002,0.0,0.12537181,0.5999997,0.6099997,224000
hardzero_plus_depr__c0p54__z1p10__lam0p010__nu0p50__psi0p75,hardzero_plus_depr,0.06,40,70,0.0,2,0.2400932,0.24376702,1.0143439,0.09675115,0.09675115,1.0,0.003673819,0.037971836,-26.494139,2.231601,0.74386704,0.17600001,0.0,0.1529415,0.6099997,0.6199997,227200
hardzero_plus_depr__c0p54__z1p10__lam0p010__nu0p50__psi0p75,hardzero_plus_depr,0.06,40,71,0.0,2,0.24376702,0.24755074,0.99828494,0.100395694,0.100395694,1.0,0.0037837243,0.037688114,-26.960768,2.1962707,0.73209023,0.136,0.0,0.14833583,0.6199997,0.6299997,230400
hardzero_plus_depr__c0p54__z1p10__lam0p010__nu0p50__psi0p75,hardzero_plus_depr,0.06,40,72,0.0,2,0.24755074,0.2513541,0.9927809,0.10167614,0.10167614,1.0,0.0038033496,0.037406508,-26.433098,2.1841617,0.7280539,0.16800001,0.008,0.14877556,0.6299997,0.6399997,233600
hardzero_plus_depr__c0p54__z1p10__lam0p010__nu0p50__psi0p75,hardzero_plus_depr,0.06,40,73,0.0,2,0.2513541,0.25503084,1.004228,0.09903119,0.09903119,1.0,0.0036767318,0.03712701,-27.533087,2.2093458,0.73644865,0.23200001,0.0,0.15569781,0.6399997,0.6499997,236800
hardzero_plus_depr__c0p54__z1p10__lam0p010__nu0p50__psi0p75,hardzero_plus_depr,0.06,40,74,0.0,2,0.25503084,0.258836,0.98606026,0.1032618,0.1032618,1.0,0.0038051559,0.0368496,-26.265427,2.169376,0.72312534,0.192,0.0,0.13714826,0.6499997,0.65999967,240000
hardzero_plus_depr__c0p54__z1p10__lam0p010__nu0p50__psi0p75,hardzero_plus_depr,0.06,40,75,0.0,2,0.258836,0.2625074,0.9983415,0.1003826,0.1003826,1.0,0.0036714198,0.036574263,-26.522587,2.1963952,0.7321317,0.16800001,0.0,0.17665586,0.65999967,0.66999966,243200
hardzero_plus_depr__c0p54__z1p10__lam0p010__nu0p50__psi0p75,hardzero_plus_depr,0.06,40,76,0.0,2,0.2625074,0.26615977,0.99734604,0.10061296,0.10061296,1.0,0.0036523493,0.036300983,-26.135149,2.194205,0.7314017,0.216,0.0,0.1716999,0.66999966,0.67999965,246400
hardzero_plus_depr__c0p54__z1p10__lam0p010__nu0p50__psi0p75,hardzero_plus_depr,0.06,40,77,0.0,2,0.26615977,0.26933885,1.0543612,0.088234566,0.088234566,1.0,0.003179069,0.036029745,-26.91292,2.319641,0.77321374,0.16800001,0.0,0.1328778,0.67999965,0.68999964,249600
hardzero_plus_depr__c0p54__z1p10__lam0p010__nu0p50__psi0p75,hardzero_plus_depr,0.06,40,78,0.0,2,0.26933885,0.27236232,1.0728986,0.08454762,0.08454762,1.0,0.0030234677,0.035760533,-27.054298,2.360424,0.786808,0.13,0.0,0.14774866,0.68999964,0.69999963,252800
hardzero_plus_depr__c0p54__z1p10__lam0p010__nu0p50__psi0p75,hardzero_plus_depr,0.06,40,79,0.0,2,0.27236232,0.27583316,1.0097139,0.097788125,0.097788125,1.0,0.0034708264,0.035493333,-27.113012,2.2214148,0.7404716,0.2,0.0,0.14570189,0.69999963,0.7099996,256000
hardzero_plus_depr__c0p54__z1p10__lam0p010__nu0p50__psi0p75,hardzero_plus_depr,0.06,40,80,0.0,2,0.27583316,0.2796059,0.9702347,0.10709404,0.10709404,1.0,0.0037727223,0.035228126,-26.179638,2.134559,0.71151966,0.18400002,0.0,0.11870263,0.7099996,0.7199996,259200
hardzero_plus_depr__c0p54__z1p10__lam0p010__nu0p50__psi0p75,hardzero_plus_depr,0.06,40,81,0.0,2,0.2796059,0.28258497,1.069551,0.08520184,0.08520184,1.0,0.0029790741,0.034964904,-27.530207,2.3530593,0.78435314,0.16000001,0.0,0.14585693,0.7199996,0.7299996,262400
hardzero_plus_depr__c0p54__z1p10__lam0p010__nu0p50__psi0p75,hardzero_plus_depr,0.06,40,82,0.0,2,0.28258497,0.2861116,0.9930172,0.101620845,0.101620845,1.0,0.0035266143,0.03470365,-27.376253,2.1846814,0.72822714,0.104,0.0,0.15893519,0.7299996,0.7399996,265600
hardzero_plus_depr__c0p54__z1p10__lam0p010__nu0p50__psi0p75,hardzero_plus_depr,0.06,40,83,0.0,2,0.2861116,0.28918433,1.049592,0.089208856,0.089208856,1.0,0.0030727405,0.034444343,-27.0182,2.3091486,0.7697162,0.112,0.0,0.13407853,0.7399996,0.7499996,268800
hardzero_plus_depr__c0p54__z1p10__lam0p010__nu0p50__psi0p75,hardzero_plus_depr,0.06,40,84,0.0,2,0.28918433,0.29271173,0.9864052,0.10317982,0.10317982,1.0,0.0035274066,0.03418698,-25.79803,2.1701348,0.7233783,0.17600001,0.0,0.11629585,0.7499996,0.7599996,272000
hardzero_plus_depr__c0p54__z1p10__lam0p010__nu0p50__psi0p75,hardzero_plus_depr,0.06,40,85,0.0,2,0.29271173,0.29577366,1.0446098,0.09023815,0.09023815,1.0,0.0030619188,0.033931535,-27.766325,2.2981875,0.7660625,0.128,0.0,0.15664445,0.7599996,0.76999956,275200
hardzero_plus_depr__c0p54__z1p10__lam0p010__nu0p50__psi0p75,hardzero_plus_depr,0.06,40,86,0.0,2,0.29577366,0.29898244,1.0210063,0.09527822,0.09527822,1.0,0.0032087802,0.033678003,-27.798979,2.2462587,0.74875295,0.128,0.0,0.15352353,0.76999956,0.77999955,278400
hardzero_plus_depr__c0p54__z1p10__lam0p010__nu0p50__psi0p75,hardzero_plus_depr,0.06,40,87,0.0,2,0.29898244,0.3025616,0.97030556,0.10707656,0.10707656,1.0,0.00357918,0.033426363,-25.97762,2.1347148,0.71157163,0.16800001,0.0,0.13599531,0.77999955,0.78999954,281600
hardzero_plus_depr__c0p54__z1p10__lam0p010__nu0p50__psi0p75,hardzero_plus_depr,0.06,40,88,0.0,2,0.3025616,0.3058323,1.0061945,0.09858378,0.09858378,1.0,0.0032706747,0.0331766,-26.883064,2.213672,0.73789066,0.15200001,0.0,0.1583208,0.78999954,0.79999954,284800
hardzero_plus_depr__c0p54__z1p10__lam0p010__nu0p50__psi0p75,hardzero_plus_depr,0.06,40,89,0.0,2,0.3058323,0.30916178,0.99519867,0.10111167,0.10111167,1.0,0.0033294766,0.032928705,-26.927994,2.1894808,0.7298269,0.208,0.0,0.14581193,0.79999954,0.8099995,288000
hardzero_plus_depr__c0p54__z1p10__lam0p010__nu0p50__psi0p75,hardzero_plus_depr,0.06,40,90,0.0,2,0.30916178,0.31247252,0.99439347,0.10129931,0.10129931,1.0,0.0033107314,0.032682665,-27.0418,2.1877093,0.7292365,0.17600001,0.0,0.13062845,0.8099995,0.8199995,291200
hardzero_plus_depr__c0p54__z1p10__lam0p010__nu0p50__psi0p75,hardzero_plus_depr,0.06,40,91,0.0,2,0.31247252,0.3156352,1.0110036,0.09749815,0.09749815,1.0,0.0031626907,0.03243847,-26.71419,2.2242525,0.7414175,0.11,0.0,0.14608034,0.8199995,0.8299995,294400
hardzero_plus_depr__c0p54__z1p10__lam0p010__nu0p50__psi0p75,hardzero_plus_depr,0.06,40,92,0.0,2,0.3156352,0.31836933,1.0709825,0.08492148,0.08492148,1.0,0.0027341393,0.032196086,-27.07848,2.3562083,0.7854028,0.136,0.0,0.15338463,0.8299995,0.8399995,297600
hardzero_plus_depr__c0p54__z1p10__lam0p010__nu0p50__psi0p75,hardzero_plus_depr,0.06,40,93,0.0,2,0.31836933,0.32149562,1.0095142,0.09783308,0.09783308,1.0,0.0031263067,0.031955518,-27.323187,2.2209756,0.7403252,0.136,0.0,0.16276747,0.8399995,0.8499995,300800
hardzero_plus_depr__c0p54__z1p10__lam0p010__nu0p50__psi0p75,hardzero_plus_depr,0.06,40,94,0.0,2,0.32149562,0.3247046,0.994922,0.10117611,0.10117611,1.0,0.0032089774,0.03171675,-27.062431,2.188872,0.72962403,0.192,0.0,0.14527462,0.8499995,0.8599995,304000
hardzero_plus_depr__c0p54__z1p10__lam0p010__nu0p50__psi0p75,hardzero_plus_depr,0.06,40,95,0.0,2,0.3247046,0.32756814,1.0411272,0.090964675,0.090964675,1.0,0.0028635466,0.031479765,-27.465958,2.2905257,0.76350856,0.14400001,0.0,0.14397195,0.8599995,0.86999947,307200
hardzero_plus_depr__c0p54__z1p10__lam0p010__nu0p50__psi0p75,hardzero_plus_depr,0.06,40,96,0.0,2,0.32756814,0.33059314,1.0140512,0.09681637,0.09681637,1.0,0.003024984,0.031244552,-26.838032,2.2309573,0.74365246,0.16800001,0.0,0.126428,0.86999947,0.87999946,310400
hardzero_plus_depr__c0p54__z1p10__lam0p010__nu0p50__psi0p75,hardzero_plus_depr,0.06,40,97,0.0,2,0.33059314,0.33330068,1.0589433,0.08730853,0.08730853,1.0,0.0027075328,0.031011092,-27.879608,2.3297217,0.7765739,0.15200001,0.0,0.16220982,0.87999946,0.88999945,313600
hardzero_plus_depr__c0p54__z1p10__lam0p010__nu0p50__psi0p75,hardzero_plus_depr,0.06,40,98,0.0,2,0.33330068,0.3364443,0.9908315,0.10213356,0.10213356,1.0,0.0031436074,0.030779378,-26.995794,2.1798728,0.72662425,0.24000001,0.008,0.14568204,0.88999945,0.89999944,316800
hardzero_plus_depr__c0p54__z1p10__lam0p010__nu0p50__psi0p75,hardzero_plus_depr,0.06,40,99,0.0,2,0.3364443,0.33947784,1.0030512,0.099299915,0.099299915,1.0,0.0030335523,0.030549394,-26.309013,2.2067566,0.7355856,0.18400002,0.0,0.16682203,0.89999944,0.90999943,320000
hardzero_plus_depr__c0p54__z1p10__lam0p010__nu0p50__psi0p75,hardzero_plus_depr,0.06,40,100,0.0,2,0.33947784,0.34260812,0.986162,0.10323763,0.10323763,1.0,0.003130282,0.030321134,-26.8596,2.1695998,0.72319996,0.216,0.0,0.14127676,0.90999943,0.9199994,323200
hardzero_plus_depr__c0p54__z1p10__lam0p010__nu0p50__psi0p75,hardzero_plus_depr,0.06,40,101,0.0,2,0.34260812,0.34575006,0.98128873,0.104402594,0.104402594,1.0,0.0031419515,0.030094573,-26.283888,2.1588783,0.7196261,0.18400002,0.0,0.14578584,0.9199994,0.9299994,326400
hardzero_plus_depr__c0p54__z1p10__lam0p010__nu0p50__psi0p75,hardzero_plus_depr,0.06,40,102,0.0,2,0.34575006,0.34845322,1.0433593,0.09049836,0.09049836,1.0,0.0027031598,0.029869711,-28.189116,2.2954361,0.7651454,0.128,0.0,0.14115952,0.9299994,0.9399994,329600
hardzero_plus_depr__c0p54__z1p10__lam0p010__nu0p50__psi0p75,hardzero_plus_depr,0.06,40,103,0.0,2,0.34845322,0.35109946,1.0493428,0.089260064,0.089260064,1.0,0.0026462509,0.029646527,-26.897861,2.3086002,0.7695334,0.2,0.0,0.128017,0.9399994,0.9499994,332800
hardzero_plus_depr__c0p54__z1p10__lam0p010__nu0p50__psi0p75,hardzero_plus_depr,0.06,40,104,0.0,2,0.35109946,0.35378456,1.0397578,0.09125195,0.09125195,1.0,0.0026850894,0.029425008,-28.102644,2.287513,0.76250434,0.19,0.0,0.14382912,0.9499994,0.9599994,336000
hardzero_plus_depr__c0p54__z1p10__lam0p010__nu0p50__psi0p75,hardzero_plus_depr,0.06,40,105,0.0,2,0.35378456,0.35636875,1.0531337,0.0884843,0.0884843,1.0,0.0025841973,0.029205149,-27.44314,2.3169405,0.77231354,0.14400001,0.0,0.16190217,0.9599994,0.9699994,339200
hardzero_plus_depr__c0p54__z1p10__lam0p010__nu0p50__psi0p75,hardzero_plus_depr,0.06,40,106,0.0,2,0.35636875,0.359288,0.99693185,0.10070896,0.10070896,1.0,0.0029192436,0.02898693,-26.64283,2.1932938,0.73109794,0.136,0.0,0.13219887,0.9699994,0.97999936,342400
hardzero_plus_depr__c0p54__z1p10__lam0p010__nu0p50__psi0p75,hardzero_plus_depr,0.06,40,107,0.0,2,0.359288,0.36244187,0.9601005,0.10962244,0.10962244,1.0,0.003153875,0.02877034,-26.296806,2.1122632,0.70408773,0.15200001,0.0,0.12381089,0.97999936,0.98999935,345600
hardzero_plus_depr__c0p54__z1p10__lam0p010__nu0p50__psi0p75,hardzero_plus_depr,0.06,40,108,0.0,2,0.36244187,0.36485845,1.0724844,0.0846283,0.0846283,1.0,0.0024165926,0.02855537,-28.002295,2.3595128,0.78650427,0.120000005,0.0,0.154075,0.98999935,0.99999934,348800
hardzero_plus_depr__c0p54__z1p10__lam0p010__nu0p50__psi0p75,hardzero_plus_depr,0.06,40,109,0.0,2,0.36485845,0.36782756,0.9798045,0.104760006,0.104760006,1.0,0.0029691088,0.028342007,-26.714598,2.155613,0.7185377,0.15200001,0.0,0.14416307,0.99999934,1.0099994,352000
hardzero_plus_depr__c0p54__z1p10__lam0p010__nu0p50__psi0p75,hardzero_plus_depr,0.06,40,110,0.0,2,0.36782756,0.37077704,0.9794306,0.10485023,0.10485023,1.0,0.0029494618,0.028130235,-26.217531,2.1547904,0.7182635,0.208,0.0,0.13716143,1.0099994,1.0199994,355200
hardzero_plus_depr__c0p54__z1p10__lam0p010__nu0p50__psi0p75,hardzero_plus_depr,0.06,40,111,0.0,2,0.37077704,0.37339988,1.0271416,0.0939417,0.0939417,1.0,0.002622857,0.027920049,-27.379501,2.2597566,0.7532522,0.072000004,0.0,0.13886939,1.0199994,1.0299994,358400
hardzero_plus_depr__c0p54__z1p10__lam0p010__nu0p50__psi0p75,hardzero_plus_depr,0.06,40,112,0.0,2,0.37339988,0.3756843,1.0838852,0.08243559,0.08243559,1.0,0.002284408,0.027711429,-28.493523,2.3845952,0.7948651,0.14400001,0.0,0.16252278,1.0299994,1.0399994,361600
hardzero_plus_depr__c0p54__z1p10__lam0p010__nu0p50__psi0p75,hardzero_plus_depr,0.06,40,113,0.0,2,0.3756843,0.3784049,1.0047364,0.09891532,0.09891532,1.0,0.0027206042,0.027504375,-26.94716,2.2104642,0.7368214,0.17600001,0.0,0.13765147,1.0399994,1.0499994,364800
hardzero_plus_depr__c0p54__z1p10__lam0p010__nu0p50__psi0p75,hardzero_plus_depr,0.06,40,114,0.0,2,0.3784049,0.3811824,0.99248856,0.10174462,0.10174462,1.0,0.0027775122,0.02729886,-26.115791,2.1835184,0.72783947,0.216,0.0,0.13649178,1.0499994,1.0599993,368000
hardzero_plus_depr__c0p54__z1p10__lam0p010__nu0p50__psi0p75,hardzero_plus_depr,0.06,40,115,0.0,2,0.3811824,0.38372204,1.028114,0.093731605,0.093731605,1.0,0.0025396475,0.02709489,-26.891083,2.261896,0.7539653,0.208,0.0,0.16026808,1.0599993,1.0699993,371200
hardzero_plus_depr__c0p54__z1p10__lam0p010__nu0p50__psi0p75,hardzero_plus_depr,0.06,40,116,0.0,2,0.38372204,0.38659862,0.9707553,0.106965736,0.106965736,1.0,0.002876569,0.026892435,-25.936651,2.1357043,0.7119014,0.216,0.0,0.14249404,1.0699993,1.0799993,374400
hardzero_plus_depr__c0p54__z1p10__lam0p010__nu0p50__psi0p75,hardzero_plus_depr,0.06,40,117,0.0,2,0.38659862,0.38938892,0.98072076,0.104539216,0.104539216,1.0,0.0027903083,0.026691498,-26.771355,2.1576288,0.7192096,0.14,0.0,0.14527647,1.0799993,1.0899993,377600
hardzero_plus_depr__c0p54__z1p10__lam0p010__nu0p50__psi0p75,hardzero_plus_depr,0.06,40,118,0.0,2,0.38938892,0.39162812,1.0730207,0.08452386,0.08452386,1.0,0.002239211,0.02649206,-27.824509,2.3606927,0.7868976,0.17600001,0.0,0.1543525,1.0899993,1.0999993,380800
hardzero_plus_depr__c0p54__z1p10__lam0p010__nu0p50__psi0p75,hardzero_plus_depr,0.06,40,119,0.0,2,0.39162812,0.39431164,0.9911543,0.102057666,0.102057666,1.0,0.002683516,0.026294114,-27.151035,2.180583,0.726861,0.17600001,0.0,0.14373378,1.0999993,1.1099993,384000
hardzero_plus_depr__c0p54__z1p10__lam0p010__nu0p50__psi0p75,hardzero_plus_depr,0.06,40,120,0.0,2,0.39431164,0.39682928,1.0156097,0.096469544,0.096469544,1.0,0.0025176278,0.026097644,-27.756002,2.234386,0.7447953,0.18400002,0.0,0.1581938,1.1099993,1.1199993,387200
hardzero_plus_depr__c0p54__z1p10__lam0p010__nu0p50__psi0p75,hardzero_plus_depr,0.06,40,121,0.0,2,0.39682928,0.39948776,0.9887118,0.10263329,0.10263329,1.0,0.0026584738,0.025902646,-26.82038,2.1752093,0.72506976,0.128,0.0,0.14097817,1.1199993,1.1299993,390400
hardzero_plus_depr__c0p54__z1p10__lam0p010__nu0p50__psi0p75,hardzero_plus_depr,0.06,40,122,0.0,2,0.39948776,0.40179613,1.0467794,0.08978848,0.08978848,1.0,0.0023083813,0.025709102,-27.822361,2.3029606,0.7676536,0.15200001,0.0,0.17063092,1.1299993,1.1399993,393600
hardzero_plus_depr__c0p54__z1p10__lam0p010__nu0p50__psi0p75,hardzero_plus_depr,0.06,40,123,0.0,2,0.40179613,0.4045121,0.9729049,0.106437586,0.106437586,1.0,0.0027159685,0.025517005,-25.471256,2.1404335,0.71347785,0.16000001,0.0,0.12843958,1.1399993,1.1499993,396800
hardzero_plus_depr__c0p54__z1p10__lam0p010__nu0p50__psi0p75,hardzero_plus_depr,0.06,40,124,0.0,2,0.4045121,0.406839,1.0367948,0.091876656,0.091876656,1.0,0.0023268997,0.025326343,-27.151066,2.2809942,0.7603314,0.128,0.0,0.14383782,1.1499993,1.1599993,400000
hardzero_plus_depr__c0p54__z1p10__lam0p010__nu0p50__psi0p75,hardzero_plus_depr,0.06,40,125,0.0,2,0.406839,0.4094453,0.98429567,0.10368222,0.10368222,1.0,0.002606271,0.025137108,-26.709356,2.1654937,0.72183126,0.18400002,0.0,0.15500943,1.1599993,1.1699992,403200
hardzero_plus_depr__c0p54__z1p10__lam0p010__nu0p50__psi0p75,hardzero_plus_depr,0.06,40,126,0.0,2,0.4094453,0.41177732,1.029321,0.09347146,0.09347146,1.0,0.002332046,0.024949284,-26.984695,2.2645514,0.7548505,0.136,0.0,0.14127947,1.1699992,1.1799992,406400
hardzero_plus_depr__c0p54__z1p10__lam0p010__nu0p50__psi0p75,hardzero_plus_depr,0.06,40,127,0.0,2,0.41177732,0.41438076,0.978252,0.10513517,0.10513517,1.0,0.002603448,0.024762865,-27.161102,2.1521974,0.7173991,0.08800001,0.0,0.14391553,1.1799992,1.1899992,409600
hardzero_plus_depr__c0p54__z1p10__lam0p010__nu0p50__psi0p75,hardzero_plus_depr,0.06,40,128,0.0,2,0.41438076,0.41682327,1.0027088,0.09937821,0.09937821,1.0,0.0024425015,0.024577837,-26.752558,2.2060034,0.7353345,0.104,0.0,0.13292895,1.1899992,1.1999992,412800
hardzero_plus_depr__c0p54__z1p10__lam0p010__nu0p50__psi0p75,hardzero_plus_depr,0.06,40,129,0.0,2,0.41682327,0.41928688,0.99571276,0.100992054,0.100992054,1.0,0.0024636202,0.024394197,-26.97581,2.1906118,0.730204,0.208,0.0,0.16815569,1.1999992,1.2099992,416000
hardzero_plus_depr__c0p54__z1p10__lam0p010__nu0p50__psi0p75,hardzero_plus_depr,0.06,40,130,0.0,2,0.41928688,0.42134178,1.0712388,0.08487136,0.08487136,1.0,0.0020548985,0.02421192,-27.702982,2.3567724,0.7855908,0.13,0.0,0.16564107,1.2099992,1.2199992,419200
hardzero_plus_depr__c0p54__z1p10__lam0p010__nu0p50__psi0p75,hardzero_plus_depr,0.06,40,131,0.0,2,0.42134178,0.42360872,1.0253303,0.094334304,0.094334304,1.0,0.0022669488,0.024031013,-27.429173,2.2557716,0.7519239,0.136,0.008,0.13113193,1.2199992,1.2299992,422400
hardzero_plus_depr__c0p54__z1p10__lam0p010__nu0p50__psi0p75,hardzero_plus_depr,0.06,40,132,0.0,2,0.42360872,0.42588437,1.020413,0.09540847,0.09540847,1.0,0.0022756308,0.023851454,-27.04219,2.2449536,0.7483179,0.14400001,0.0,0.14417759,1.2299992,1.2399992,425600
hardzero_plus_depr__c0p54__z1p10__lam0p010__nu0p50__psi0p75,hardzero_plus_depr,0.06,40,133,0.0,2,0.42588437,0.42812267,1.0243373,0.09455026,0.09455026,1.0,0.0022383109,0.023673238,-27.79173,2.253587,0.75119567,0.15200001,0.0,0.14509405,1.2399992,1.2499992,428800
hardzero_plus_depr__c0p54__z1p10__lam0p010__nu0p50__psi0p75,hardzero_plus_depr,0.06,40,134,0.0,2,0.42812267,0.43033928,1.0253115,0.094338395,0.094338395,1.0,0.002216608,0.02349635,-26.840473,2.2557302,0.7519101,0.096,0.0,0.13586329,1.2499992,1.2599992,432000
hardzero_plus_depr__c0p54__z1p10__lam0p010__nu0p50__psi0p75,hardzero_plus_depr,0.06,40,135,0.0,2,0.43033928,0.43259653,1.0141628,0.096791506,0.096791506,1.0,0.0022572542,0.023320789,-26.713547,2.2312026,0.74373424,0.128,0.0,0.12698986,1.2599992,1.2699991,435200
hardzero_plus_depr__c0p54__z1p10__lam0p010__nu0p50__psi0p75,hardzero_plus_depr,0.06,40,136,0.0,2,0.43259653,0.43486223,1.009283,0.09788521,0.09788521,1.0,0.0022657034,0.023146536,-26.842201,2.2204669,0.74015564,0.208,0.0,0.13784666,1.2699991,1.2799991,438400
hardzero_plus_depr__c0p54__z1p10__lam0p010__nu0p50__psi0p75,hardzero_plus_depr,0.06,40,137,0.0,2,0.43486223,0.43690875,1.0502121,0.08908156,0.08908156,1.0,0.0020465232,0.022973588,-28.057362,2.3105128,0.7701709,0.112,0.0,0.1406931,1.2799991,1.2899991,441600
hardzero_plus_depr__c0p54__z1p10__lam0p010__nu0p50__psi0p75,hardzero_plus_depr,0.06,40,138,0.0,2,0.43690875,0.43901163,1.0351537,0.09222448,0.09222448,1.0,0.002102896,0.02280193,-27.451385,2.2773838,0.759128,0.080000006,0.0,0.15375127,1.2899991,1.2999991,444800
hardzero_plus_depr__c0p54__z1p10__lam0p010__nu0p50__psi0p75,hardzero_plus_depr,0.06,40,139,0.0,2,0.43901163,0.4410469,1.0460923,0.08993065,0.08993065,1.0,0.0020352707,0.022631556,-27.795574,2.301449,0.7671497,0.136,0.0,0.15898675,1.2999991,1.3099991,448000
hardzero_plus_depr__c0p54__z1p10__lam0p010__nu0p50__psi0p75,hardzero_plus_depr,0.06,40,140,0.0,2,0.4410469,0.4430426,1.0513623,0.08884595,0.08884595,1.0,0.001995698,0.022462454,-28.011467,2.313043,0.7710144,0.136,0.0,0.16110744,1.3099991,1.3199991,451200
hardzero_plus_depr__c0p54__z1p10__lam0p010__nu0p50__psi0p75,hardzero_plus_depr,0.06,40,141,0.0,2,0.4430426,0.44526687,1.0010129,0.09976702,0.09976702,1.0,0.0022242677,0.022294618,-26.989054,2.2022724,0.7340908,0.14400001,0.0,0.16317965,1.3199991,1.3299991,454400
hardzero_plus_depr__c0p54__z1p10__lam0p010__nu0p50__psi0p75,hardzero_plus_depr,0.06,40,142,0.0,2,0.44526687,0.4472835,1.0403177,0.091134384,0.091134384,1.0,0.0020166247,0.022128033,-27.214708,2.2887444,0.76291484,0.224,0.0,0.16168983,1.3299991,1.3399991,457600
hardzero_plus_depr__c0p54__z1p10__lam0p010__nu0p50__psi0p75,hardzero_plus_depr,0.06,40,143,0.0,2,0.4472835,0.4495557,0.98524034,0.10345695,0.10345695,1.0,0.0022721933,0.021962693,-25.802639,2.167572,0.72252405,0.21,0.0,0.11734793,1.3399991,1.3499991,460800
hardzero_plus_depr__c0p54__z1p10__lam0p010__nu0p50__psi0p75,hardzero_plus_depr,0.06,40,144,0.0,2,0.4495557,0.45157343,1.0335655,0.09256237,0.09256237,1.0,0.002017729,0.021798588,-27.635107,2.2738895,0.7579632,0.16000001,0.0,0.15849061,1.3499991,1.3599991,464000
hardzero_plus_depr__c0p54__z1p10__lam0p010__nu0p50__psi0p75,hardzero_plus_depr,0.06,40,145,0.0,2,0.45157343,0.45404196,0.94273275,0.11409516,0.11409516,1.0,0.00246853,0.021635713,-25.68424,2.0740535,0.6913512,0.208,0.0,0.1321265,1.3599991,1.369999,467200
hardzero_plus_depr__c0p54__z1p10__lam0p010__nu0p50__psi0p75,hardzero_plus_depr,0.06,40,146,0.0,2,0.45404196,0.4560936,1.0198083,0.09554143,0.09554143,1.0,0.0020516613,0.021474048,-26.646574,2.243623,0.7478744,0.15200001,0.0,0.16315836,1.369999,1.379999,470400
hardzero_plus_depr__c0p54__z1p10__lam0p010__nu0p50__psi0p75,hardzero_plus_depr,0.06,40,147,0.0,2,0.4560936,0.45808613,1.0292526,0.09348615,0.09348615,1.0,0.0019925265,0.0213136,-27.453377,2.264401,0.7548003,0.18400002,0.0,0.14488111,1.379999,1.389999,473600
hardzero_plus_depr__c0p54__z1p10__lam0p010__nu0p50__psi0p75,hardzero_plus_depr,0.06,40,148,0.0,2,0.45808613,0.46014088,1.0126408,0.09713128,0.09713128,1.0,0.0020547484,0.021154342,-27.0845,2.2278543,0.7426181,0.136,0.0,0.14865512,1.389999,1.399999,476800
hardzero_plus_depr__c0p54__z1p10__lam0p010__nu0p50__psi0p75,hardzero_plus_depr,0.06,40,149,0.0,2,0.46014088,0.46217778,1.0131727,0.0970124,0.0970124,1.0,0.0020368996,0.02099628,-27.465353,2.2290246,0.74300826,0.192,0.0,0.15902188,1.399999,1.409999,480000
hardzero_plus_depr__c0p54__z1p10__lam0p010__nu0p50__psi0p75,hardzero_plus_depr,0.06,40,150,0.0,2,0.46217778,0.46409163,1.0369805,0.091837384,0.091837384,1.0,0.0019138355,0.020839395,-27.331137,2.2814026,0.7604675,0.16800001,0.0,0.13344175,1.409999,1.419999,483200
hardzero_plus_depr__c0p54__z1p10__lam0p010__nu0p50__psi0p75,hardzero_plus_depr,0.06,40,151,0.0,2,0.46409163,0.46598405,1.0386101,0.091493435,0.091493435,1.0,0.0018924216,0.020683687,-28.318394,2.284988,0.76166266,0.17600001,0.0,0.15909621,1.419999,1.429999,486400
hardzero_plus_depr__c0p54__z1p10__lam0p010__nu0p50__psi0p75,hardzero_plus_depr,0.06,40,152,0.0,2,0.46598405,0.46805677,0.9958324,0.100964256,0.100964256,1.0,0.0020727091,0.020529138,-27.248394,2.190875,0.7302917,0.17600001,0.0,0.13977768,1.429999,1.439999,489600
hardzero_plus_depr__c0p54__z1p10__lam0p010__nu0p50__psi0p75,hardzero_plus_depr,0.06,40,153,0.0,2,0.46805677,0.4699261,1.0374308,0.09174221,0.09174221,1.0,0.0018693161,0.020375747,-26.95167,2.2823932,0.76079774,0.17600001,0.0,0.1432649,1.439999,1.449999,492800
hardzero_plus_depr__c0p54__z1p10__lam0p010__nu0p50__psi0p75,hardzero_plus_depr,0.06,40,154,0.0,2,0.4699261,0.4719581,0.9979296,0.10047788,0.10047788,1.0,0.0020320145,0.020223502,-27.283466,2.195489,0.73182964,0.16800001,0.0,0.20250612,1.449999,1.459999,496000
hardzero_plus_depr__c0p54__z1p10__lam0p010__nu0p50__psi0p75,hardzero_plus_depr,0.06,40,155,0.0,2,0.4719581,0.4738556,1.0244113,0.094534144,0.094534144,1.0,0.0018975266,0.020072393,-27.321587,2.2537498,0.75124997,0.16000001,0.0,0.16429313,1.459999,1.469999,499200
hardzero_plus_depr__c0p54__z1p10__lam0p010__nu0p50__psi0p75,hardzero_plus_depr,0.06,40,156,0.0,2,0.4738556,0.47582018,1.0060755,0.09861079,0.09861079,1.0,0.0019645647,0.019922411,-27.228622,2.2134104,0.73780346,0.19999999,0.0,0.16378917,1.469999,1.479999,502400
hardzero_plus_depr__c0p54__z1p10__lam0p010__nu0p50__psi0p75,hardzero_plus_depr,0.06,40,157,0.0,2,0.47582018,0.47753558,1.0617219,0.08675172,0.08675172,1.0,0.0017153899,0.019773554,-27.330606,2.335835,0.77861166,0.15200001,0.0,0.15275693,1.479999,1.4899989,505600
hardzero_plus_depr__c0p54__z1p10__lam0p010__nu0p50__psi0p75,hardzero_plus_depr,0.06,40,158,0.0,2,0.47753558,0.47945637,1.0093504,0.097869985,0.097869985,1.0,0.0019207773,0.019625805,-26.847033,2.2206154,0.74020517,0.17600001,0.008,0.1205408,1.4899989,1.4999989,508800
hardzero_plus_depr__c0p54__z1p10__lam0p010__nu0p50__psi0p75,hardzero_plus_depr,0.06,40,159,0.0,2,0.47945637,0.481238,1.0387497,0.09146401,0.09146401,1.0,0.0017816424,0.019479163,-26.91539,2.285295,0.761765,0.128,0.0,0.1817892,1.4999989,1.5099989,512000
hardzero_plus_depr__c0p54__z1p10__lam0p010__nu0p50__psi0p75,hardzero_plus_depr,0.06,40,160,0.0,2,0.481238,0.48284146,1.0812526,0.08293683,0.08293683,1.0,0.0016034688,0.019333616,-27.7054,2.3788033,0.7929344,0.120000005,0.0,0.13931817,1.5099989,1.5199989,515200
hardzero_plus_depr__c0p54__z1p10__lam0p010__nu0p50__psi0p75,hardzero_plus_depr,0.06,40,161,0.0,2,0.48284146,0.48469678,1.0146387,0.09668551,0.09668551,1.0,0.0018553135,0.019189158,-27.210722,2.2322497,0.7440833,0.15200001,0.0,0.1424681,1.5199989,1.5299989,518400
hardzero_plus_depr__c0p54__z1p10__lam0p010__nu0p50__psi0p75,hardzero_plus_depr,0.06,40,162,0.0,2,0.48469678,0.48677823,0.96143436,0.10928628,0.10928628,1.0,0.002081442,0.019045776,-25.90763,2.115198,0.70506597,0.23200001,0.0,0.12558872,1.5299989,1.5399989,521600
hardzero_plus_depr__c0p54__z1p10__lam0p010__nu0p50__psi0p75,hardzero_plus_depr,0.06,40,163,0.0,2,0.48677823,0.4886361,1.0075257,0.09828208,0.09828208,1.0,0.0018578719,0.018903466,-26.18606,2.2166007,0.7388669,0.192,0.0,0.14192249,1.5399989,1.5499989,524800
hardzero_plus_depr__c0p54__z1p10__lam0p010__nu0p50__psi0p75,hardzero_plus_depr,0.06,40,164,0.0,2,0.4886361,0.49033463,1.0432092,0.09052965,0.09052965,1.0,0.0016985374,0.018762222,-27.65121,2.2951062,0.7650354,0.112,0.0,0.15969439,1.5499989,1.5599989,528000
hardzero_plus_depr__c0p54__z1p10__lam0p010__nu0p50__psi0p75,hardzero_plus_depr,0.06,40,165,0.0,2,0.49033463,0.49217796,1.0044231,0.09898669,0.09898669,1.0,0.0018433335,0.018622033,-26.564348,2.209775,0.7365917,0.23200001,0.0,0.1400103,1.5599989,1.5699989,531200
hardzero_plus_depr__c0p54__z1p10__lam0p010__nu0p50__psi0p75,hardzero_plus_depr,0.06,40,166,0.0,2,0.49217796,0.4939219,1.0252361,0.09435477,0.09435477,1.0,0.0017439487,0.018482888,-27.330349,2.2555645,0.75185484,0.192,0.0,0.13936204,1.5699989,1.5799989,534400
hardzero_plus_depr__c0p54__z1p10__lam0p010__nu0p50__psi0p75,hardzero_plus_depr,0.06,40,167,0.0,2,0.4939219,0.49544057,1.0820527,0.08278416,0.08278416,1.0,0.0015186579,0.018344788,-27.198103,2.3805635,0.79352117,0.112,0.0,0.13882068,1.5799989,1.5899988,537600
hardzero_plus_depr__c0p54__z1p10__lam0p010__nu0p50__psi0p75,hardzero_plus_depr,0.06,40,168,0.0,2,0.49544057,0.49722224,1.0094279,0.097852536,0.097852536,1.0,0.001781671,0.018207714,-27.360262,2.2207856,0.7402619,0.136,0.0,0.13550435,1.5899988,1.5999988,540800
hardzero_plus_depr__c0p54__z1p10__lam0p010__nu0p50__psi0p75,hardzero_plus_depr,0.06,40,169,0.0,2,0.49722224,0.49902913,1.0000672,0.09998453,0.09998453,1.0,0.0018068872,0.018071668,-26.40905,2.2001917,0.73339725,0.17999999,0.0,0.14139132,1.5999988,1.6099988,544000
hardzero_plus_depr__c0p54__z1p10__lam0p010__nu0p50__psi0p75,hardzero_plus_depr,0.06,40,170,0.0,2,0.49902913,0.50081176,1.0026828,0.09938416,0.09938416,1.0,0.0017826176,0.017936638,-26.65804,2.2059462,0.73531544,0.14400001,0.0,0.14369932,1.6099988,1.6199988,547200
hardzero_plus_depr__c0p54__z1p10__lam0p010__nu0p50__psi0p75,hardzero_plus_depr,0.06,40,171,0.0,2,0.50081176,0.50248283,1.0274906,0.09386623,0.09386623,1.0,0.0016710645,0.017802617,-26.91603,2.2605245,0.7535082,0.15200001,0.0,0.15942855,1.6199988,1.6299988,550400
hardzero_plus_depr__c0p54__z1p10__lam0p010__nu0p50__psi0p75,hardzero_plus_depr,0.06,40,172,0.0,2,0.50248283,0.504404,0.9636549,0.10872893,0.10872893,1.0,0.0019211965,0.017669598,-25.877806,2.120083,0.70669436,0.224,0.0,0.13122386,1.6299988,1.6399988,553600
hardzero_plus_depr__c0p54__z1p10__lam0p010__nu0p50__psi0p75,hardzero_plus_depr,0.06,40,173,0.0,2,0.504404,0.50601333,1.0373195,0.09176573,0.09176573,1.0,0.0016093479,0.01753757,-26.951824,2.2821486,0.7607162,0.15200001,0.0,0.15158561,1.6399988,1.6499988,556800
hardzero_plus_depr__c0p54__z1p10__lam0p010__nu0p50__psi0p75,hardzero_plus_depr,0.06,40,174,0.0,2,0.50601333,0.5074196,1.0926467,0.0807892,0.0807892,1.0,0.0014062597,0.01740653,-28.134571,2.4038708,0.8012903,0.112,0.0,0.14299731,1.6499988,1.6599988,560000
hardzero_plus_depr__c0p54__z1p10__lam0p010__nu0p50__psi0p75,hardzero_plus_depr,0.06,40,175,0.0,2,0.5074196,0.5092103,0.9844268,0.10365093,0.10365093,1.0,0.0017907223,0.017276471,-26.575882,2.1657822,0.7219274,0.18400002,0.0,0.1492374,1.6599988,1.6699988,563200
hardzero_plus_depr__c0p54__z1p10__lam0p010__nu0p50__psi0p75,hardzero_plus_depr,0.06,40,176,0.0,2,0.5092103,0.51099813,0.9818759,0.10426153,0.10426153,1.0,0.0017878122,0.01714738,-25.696836,2.16017,0.7200567,0.16000001,0.0,0.1337986,1.6699988,1.6799988,566400
hardzero_plus_depr__c0p54__z1p10__lam0p010__nu0p50__psi0p75,hardzero_plus_depr,0.06,40,177,0.0,2,0.51099813,0.51251215,1.0508044,0.08896016,0.08896016,1.0,0.0015140359,0.017019257,-27.534803,2.3118157,0.77060527,0.14400001,0.0,0.15433775,1.6799988,1.6899987,569600
hardzero_plus_depr__c0p54__z1p10__lam0p010__nu0p50__psi0p75,hardzero_plus_depr,0.06,40,178,0.0,2,0.51251215,0.5141744,1.006989,0.0984036,0.0984036,1.0,0.0016622423,0.016892089,-26.073353,2.21542,0.73847336,0.192,0.0,0.14160624,1.6899987,1.6999987,572800
hardzero_plus_depr__c0p54__z1p10__lam0p010__nu0p50__psi0p75,hardzero_plus_depr,0.06,40,179,0.0,2,0.5141744,0.51561314,1.0664474,0.0858129,0.0858129,1.0,0.0014387282,0.016765874,-28.71961,2.346231,0.782077,0.16000001,0.0,0.16026148,1.6999987,1.7099987,576000
hardzero_plus_depr__c0p54__z1p10__lam0p010__nu0p50__psi0p75,hardzero_plus_depr,0.06,40,180,0.0,2,0.51561314,0.5170805,1.0546446,0.088177025,0.088177025,1.0,0.0014673186,0.0166406,-28.216272,2.3202643,0.77342147,0.16000001,0.0,0.14616713,1.7099987,1.7199987,579200
hardzero_plus_depr__c0p54__z1p10__lam0p010__nu0p50__psi0p75,hardzero_plus_depr,0.06,40,181,0.0,2,0.5170805,0.518644,1.0238087,0.09466541,0.09466541,1.0,0.0015635188,0.016516263,-27.093964,2.2524242,0.7508081,0.16000001,0.0,0.14321807,1.7199987,1.7299987,582400
hardzero_plus_depr__c0p54__z1p10__lam0p010__nu0p50__psi0p75,hardzero_plus_depr,0.06,40,182,0.0,2,0.518644,0.52054596,0.9354449,0.11602595,0.11602595,1.0,0.0019019963,0.016392853,-25.471628,2.0580199,0.68600667,0.12,0.0,0.14086805,1.7299987,1.7399987,585600
hardzero_plus_depr__c0p54__z1p10__lam0p010__nu0p50__psi0p75,hardzero_plus_depr,0.06,40,183,0.0,2,0.52054596,0.5221261,1.0127108,0.097115636,0.097115636,1.0,0.0015801073,0.01627037,-26.97083,2.2280083,0.74266946,0.136,0.0,0.15150602,1.7399987,1.7499987,588800
hardzero_plus_depr__c0p54__z1p10__lam0p010__nu0p50__psi0p75,hardzero_plus_depr,0.06,40,184,0.0,2,0.5221261,0.5235611,1.0512846,0.08886187,0.08886187,1.0,0.0014350121,0.016148794,-27.639568,2.3128722,0.7709574,0.128,0.0,0.1560123,1.7499987,1.7599987,592000
hardzero_plus_depr__c0p54__z1p10__lam0p010__nu0p50__psi0p75,hardzero_plus_depr,0.06,40,185,0.0,2,0.5235611,0.5252592,0.97492623,0.10594336,0.10594336,1.0,0.0016980744,0.016028134,-27.185104,2.1448805,0.7149602,0.18400002,0.0,0.17056394,1.7599987,1.7699987,595200
hardzero_plus_depr__c0p54__z1p10__lam0p010__nu0p50__psi0p75,hardzero_plus_depr,0.06,40,186,0.0,2,0.5252592,0.5265699,1.0841199,0.08239107,0.08239107,1.0,0.0013107079,0.015908374,-27.661722,2.3851116,0.7950372,0.128,0.0,0.17814136,1.7699987,1.7799987,598400
hardzero_plus_depr__c0p54__z1p10__lam0p010__nu0p50__psi0p75,hardzero_plus_depr,0.06,40,187,0.0,2,0.5265699,0.52827084,0.9676748,0.10772717,0.10772717,1.0,0.0017009589,0.015789507,-25.969952,2.128927,0.70964235,0.208,0.0,0.11464961,1.7799987,1.7899987,601600
hardzero_plus_depr__c0p54__z1p10__lam0p010__nu0p50__psi0p75,hardzero_plus_depr,0.06,40,188,0.0,2,0.52827084,0.52980196,1.010105,0.09770008,0.09770008,1.0,0.0015311097,0.015671529,-26.985489,2.2222755,0.74075854,0.17600001,0.0,0.15717606,1.7899987,1.7999986,604800
hardzero_plus_depr__c0p54__z1p10__lam0p010__nu0p50__psi0p75,hardzero_plus_depr,0.06,40,189,0.0,2,0.52980196,0.53150094,0.9616648,0.10922831,0.10922831,1.0,0.0016989843,0.015554432,-26.12041,2.1157048,0.70523494,0.2,0.0,0.14012527,1.7999986,1.8099986,608000
hardzero_plus_depr__c0p54__z1p10__lam0p010__nu0p50__psi0p75,hardzero_plus_depr,0.06,40,190,0.0,2,0.53150094,0.5331771,0.9642918,0.10856957,0.10856957,1.0,0.0016761199,0.01543821,-26.634878,2.1214843,0.7071614,0.17600001,0.0,0.13773231,1.8099986,1.8199986,611200
hardzero_plus_depr__c0p54__z1p10__lam0p010__nu0p50__psi0p75,hardzero_plus_depr,0.06,40,191,0.0,2,0.5331771,0.5346776,1.0090877,0.09792923,0.09792923,1.0,0.0015005557,0.015322858,-27.021235,2.2200372,0.7400124,0.16800001,0.0,0.15747304,1.8199986,1.8299986,614400
hardzero_plus_depr__c0p54__z1p10__lam0p010__nu0p50__psi0p75,hardzero_plus_depr,0.06,40,192,0.0,2,0.5346776,0.5362566,0.98369735,0.103825174,0.103825174,1.0,0.0015790111,0.015208364,-26.765316,2.1641774,0.7213925,0.18400002,0.0,0.13191134,1.8299986,1.8399986,617600
hardzero_plus_depr__c0p54__z1p10__lam0p010__nu0p50__psi0p75,hardzero_plus_depr,0.06,40,193,0.0,2,0.5362566,0.53772014,1.0134217,0.09695681,0.09695681,1.0,0.0014635369,0.01509473,-27.633419,2.229572,0.7431907,0.2,0.0,0.14322348,1.8399986,1.8499986,620800
hardzero_plus_depr__c0p54__z1p10__lam0p010__nu0p50__psi0p75,hardzero_plus_depr,0.06,40,194,0.0,2,0.53772014,0.53923416,0.9954445,0.10105446,0.10105446,1.0,0.001513992,0.014981941,-26.308174,2.1900215,0.7300072,0.15200001,0.0,0.15705645,1.8499986,1.8599986,624000
hardzero_plus_depr__c0p54__z1p10__lam0p010__nu0p50__psi0p75,hardzero_plus_depr,0.06,40,195,0.0,2,0.53923416,0.54096824,0.9332371,0.11661728,0.11661728,1.0,0.0017340987,0.014869998,-25.429508,2.0531626,0.68438756,0.19,0.0,0.13614398,1.8599986,1.8699986,627200
hardzero_plus_depr__c0p54__z1p10__lam0p010__nu0p50__psi0p75,hardzero_plus_depr,0.06,40,196,1.0,3,0.54096824,0.0023528931,1.0277058,0.09381974,0.09381974,1.0,0.0013846753,0.0147588905,-27.021461,2.260998,0.75366604,0.136,0.0,0.13136108,1.8699986,0.9349993,630400
hardzero_plus_depr__c0p54__z1p10__lam0p010__nu0p50__psi0p75,hardzero_plus_depr,0.06,40,197,0.0,3,0.0023528931,0.005156673,1.0258585,0.09421965,0.09421965,1.0,0.00280378,0.029757911,-27.906801,2.256934,0.75231135,0.128,0.0,0.147802,0.9349993,0.9449993,633600
hardzero_plus_depr__c0p54__z1p10__lam0p010__nu0p50__psi0p75,hardzero_plus_depr,0.06,40,198,0.0,3,0.005156673,0.008205486,0.98621434,0.10322517,0.10322517,1.0,0.0030488137,0.029535564,-26.12249,2.169715,0.72323835,0.16800001,0.0,0.13873251,0.9449993,0.95499927,636800
hardzero_plus_depr__c0p54__z1p10__lam0p010__nu0p50__psi0p75,hardzero_plus_depr,0.06,40,199,0.0,3,0.008205486,0.0111033255,1.0050138,0.098852165,0.098852165,1.0,0.0028978388,0.029314874,-26.38222,2.2110746,0.7370249,0.16000001,0.0,0.18104388,0.95499927,0.96499926,640000
hardzero_plus_depr__c0p54__z1p10__lam0p010__nu0p50__psi0p75,hardzero_plus_depr,0.06,40,200,0.0,3,0.0111033255,0.014204782,0.9722652,0.10659451,0.10659451,1.0,0.0031014567,0.029095838,-26.812763,2.1390262,0.71300876,0.14400001,0.0,0.14097632,0.96499926,0.97499925,643200
hardzero_plus_depr__c0p54__z1p10__lam0p010__nu0p50__psi0p75,hardzero_plus_depr,0.06,40,201,0.0,3,0.014204782,0.017241951,0.9781048,0.105170794,0.105170794,1.0,0.0030371677,0.028878434,-27.227612,2.1518736,0.71729124,0.120000005,0.0,0.14015526,0.97499925,0.98499924,646400
hardzero_plus_depr__c0p54__z1p10__lam0p010__nu0p50__psi0p75,hardzero_plus_depr,0.06,40,202,0.0,3,0.017241951,0.020160599,0.9921348,0.101827525,0.101827525,1.0,0.0029186474,0.028662657,-26.80965,2.1827402,0.7275801,0.192,0.0,0.13598874,0.98499924,0.99499923,649600
hardzero_plus_depr__c0p54__z1p10__lam0p010__nu0p50__psi0p75,hardzero_plus_depr,0.06,40,203,0.0,3,0.020160599,0.023013113,0.99883145,0.10026944,0.10026944,1.0,0.0028525144,0.028448492,-26.949097,2.197473,0.732491,0.16000001,0.0,0.145768,0.99499923,1.0049993,652800
hardzero_plus_depr__c0p54__z1p10__lam0p010__nu0p50__psi0p75,hardzero_plus_depr,0.06,40,204,0.0,3,0.023013113,0.025754428,1.0128431,0.09708604,0.09708604,1.0,0.002741314,0.028235923,-27.098524,2.2282994,0.7427665,0.17600001,0.0,0.14619963,1.0049993,1.0149993,656000
hardzero_plus_depr__c0p54__z1p10__lam0p010__nu0p50__psi0p75,hardzero_plus_depr,0.06,40,205,0.0,3,0.025754428,0.028453168,1.0163836,0.09629779,0.09629779,1.0,0.0026987407,0.02802495,-28.083326,2.2360888,0.74536294,0.112,0.0,0.1629502,1.0149993,1.0249993,659200
hardzero_plus_depr__c0p54__z1p10__lam0p010__nu0p50__psi0p75,hardzero_plus_depr,0.06,40,206,0.0,3,0.028453168,0.031051552,1.0295842,0.093414836,0.093414836,1.0,0.0025983846,0.027815547,-26.842432,2.2651305,0.7550435,0.120000005,0.0,0.13019079,1.0249993,1.0349993,662400
hardzero_plus_depr__c0p54__z1p10__lam0p010__nu0p50__psi0p75,hardzero_plus_depr,0.06,40,207,0.0,3,0.031051552,0.03368949,1.0197657,0.09555079,0.09555079,1.0,0.0026379388,0.027607713,-26.377216,2.2435293,0.74784315,0.17600001,0.0,0.14818238,1.0349993,1.0449992,665600
hardzero_plus_depr__c0p54__z1p10__lam0p010__nu0p50__psi0p75,hardzero_plus_depr,0.06,40,208,0.0,3,0.03368949,0.03656338,0.97930306,0.10488103,0.10488103,1.0,0.00287389,0.027401429,-27.131687,2.1545098,0.7181699,0.13,0.0,0.1481461,1.0449992,1.0549992,668800
hardzero_plus_depr__c0p54__z1p10__lam0p010__nu0p50__psi0p75,hardzero_plus_depr,0.06,40,209,0.0,3,0.03656338,0.039346725,0.9899491,0.102341294,0.102341294,1.0,0.0027833441,0.027196687,-26.648024,2.1779315,0.7259772,0.2,0.008,0.12947083,1.0549992,1.0649992,672000
hardzero_plus_depr__c0p54__z1p10__lam0p010__nu0p50__psi0p75,hardzero_plus_depr,0.06,40,210,0.0,3,0.039346725,0.04193798,1.0177482,0.095995694,0.095995694,1.0,0.0025912572,0.026993474,-28.041006,2.239091,0.74636364,0.16000001,0.0,0.16225614,1.0649992,1.0749992,675200
hardzero_plus_depr__c0p54__z1p10__lam0p010__nu0p50__psi0p75,hardzero_plus_depr,0.06,40,211,0.0,3,0.04193798,0.044768546,0.97612846,0.105650485,0.105650485,1.0,0.002830565,0.026791783,-26.237684,2.1475255,0.7158419,0.136,0.0,0.1320578,1.0749992,1.0849992,678400
hardzero_plus_depr__c0p54__z1p10__lam0p010__nu0p50__psi0p75,hardzero_plus_depr,0.06,40,212,0.0,3,0.044768546,0.04755623,0.97950065,0.10483331,0.10483331,1.0,0.0027876848,0.026591593,-26.421154,2.1549444,0.7183148,0.216,0.0,0.11319466,1.0849992,1.0949992,681600
hardzero_plus_depr__c0p54__z1p10__lam0p010__nu0p50__psi0p75,hardzero_plus_depr,0.06,40,213,0.0,3,0.04755623,0.05000173,1.0331191,0.09265756,0.09265756,1.0,0.002445502,0.026392903,-27.529306,2.2729073,0.7576358,0.112,0.0,0.1576361,1.0949992,1.1049992,684800
hardzero_plus_depr__c0p54__z1p10__lam0p010__nu0p50__psi0p75,hardzero_plus_depr,0.06,40,214,0.0,3,0.05000173,0.05279032,0.9728452,0.106452234,0.106452234,1.0,0.0027885905,0.026195697,-27.015455,2.1403022,0.7134341,0.16000001,0.0,0.12477615,1.1049992,1.1149992,688000
hardzero_plus_depr__c0p54__z1p10__lam0p010__nu0p50__psi0p75,hardzero_plus_depr,0.06,40,215,0.0,3,0.05279032,0.055209663,1.0312753,0.09305177,0.09305177,1.0,0.0024193428,0.025999965,-26.982977,2.2688508,0.75628364,0.24000001,0.0,0.15664507,1.1149992,1.1249992,691200
hardzero_plus_depr__c0p54__z1p10__lam0p010__nu0p50__psi0p75,hardzero_plus_depr,0.06,40,216,0.0,3,0.055209663,0.057659328,1.0226085,0.09492738,0.09492738,1.0,0.0024496668,0.025805693,-27.210806,2.2497838,0.74992794,0.16000001,0.0,0.14732523,1.1249992,1.1349992,694400
hardzero_plus_depr__c0p54__z1p10__lam0p010__nu0p50__psi0p75,hardzero_plus_depr,0.06,40,217,0.0,3,0.057659328,0.060448594,0.96296805,0.10890102,0.10890102,1.0,0.002789268,0.025612874,-26.901287,2.118572,0.7061907,0.296,0.0,0.12919955,1.1349992,1.1449991,697600
hardzero_plus_depr__c0p54__z1p10__lam0p010__nu0p50__psi0p75,hardzero_plus_depr,0.06,40,218,0.0,3,0.060448594,0.0630364,0.9922704,0.101795726,0.101795726,1.0,0.0025877997,0.025421496,-26.794384,2.1830385,0.7276795,0.120000005,0.0,0.12904365,1.1449991,1.1549991,700800
hardzero_plus_depr__c0p54__z1p10__lam0p010__nu0p50__psi0p75,hardzero_plus_depr,0.06,40,219,0.0,3,0.0630364,0.06592639,0.9410477,0.11453871,0.11453871,1.0,0.0028899892,0.025231551,-25.514963,2.0703464,0.69011545,0.224,0.0,0.14323011,1.1549991,1.1649991,704000
hardzero_plus_depr__c0p54__z1p10__lam0p010__nu0p50__psi0p75,hardzero_plus_depr,0.06,40,220,0.0,3,0.06592639,0.068156205,1.0504172,0.08903953,0.08903953,1.0,0.0022298186,0.02504302,-28.413034,2.3109639,0.7703213,0.14400001,0.0,0.1745617,1.1649991,1.1749991,707200
hardzero_plus_depr__c0p54__z1p10__lam0p010__nu0p50__psi0p75,hardzero_plus_depr,0.06,40,221,0.0,3,0.068156205,0.070429206,1.0388304,0.091447026,0.091447026,1.0,0.0022729984,0.024855904,-27.324013,2.2854726,0.76182425,0.089999996,0.0,0.13210376,1.1749991,1.1849991,710400
hardzero_plus_depr__c0p54__z1p10__lam0p010__nu0p50__psi0p75,hardzero_plus_depr,0.06,40,222,0.0,3,0.070429206,0.072669886,1.041792,0.09082553,0.09082553,1.0,0.002240682,0.02467018,-27.464245,2.2919884,0.7639961,0.2,0.0,0.12588003,1.1849991,1.1949991,713600
hardzero_plus_depr__c0p54__z1p10__lam0p010__nu0p50__psi0p75,hardzero_plus_depr,0.06,40,223,0.0,3,0.072669886,0.075287975,0.9709304,0.10692262,0.10692262,1.0,0.002618091,0.024485847,-26.895939,2.1360896,0.7120299,0.128,0.0,0.1710483,1.1949991,1.2049991,716800
hardzero_plus_depr__c0p54__z1p10__lam0p010__nu0p50__psi0p75,hardzero_plus_depr,0.06,40,224,0.0,3,0.075287975,0.07753837,1.0333992,0.09259782,0.09259782,1.0,0.0022503946,0.024302889,-27.899544,2.2735236,0.7578412,0.16000001,0.0,0.16194847,1.2049991,1.2149991,720000
hardzero_plus_depr__c0p54__z1p10__lam0p010__nu0p50__psi0p75,hardzero_plus_depr,0.06,40,225,0.0,3,0.07753837,0.08000374,0.99051905,0.10220707,0.10220707,1.0,0.0024653673,0.0241213,-27.117243,2.1791854,0.72639513,0.17600001,0.0,0.12661682,1.2149991,1.2249991,723200
hardzero_plus_depr__c0p54__z1p10__lam0p010__nu0p50__psi0p75,hardzero_plus_depr,0.06,40,226,0.0,3,0.08000374,0.08217511,1.0424081,0.090696774,0.090696774,1.0,0.0021713774,0.023941066,-27.540848,2.2933435,0.76444787,0.14400001,0.0,0.14159244,1.2249991,1.2349991,726400
hardzero_plus_depr__c0p54__z1p10__lam0p010__nu0p50__psi0p75,hardzero_plus_depr,0.06,40,227,0.0,3,0.08217511,0.08426089,1.0566181,0.087777235,0.087777235,1.0,0.0020857786,0.023762181,-28.516712,2.3246062,0.7748687,0.18400002,0.0,0.15721922,1.2349991,1.244999,729600
hardzero_plus_depr__c0p54__z1p10__lam0p010__nu0p50__psi0p75,hardzero_plus_depr,0.06,40,228,0.0,3,0.08426089,0.08674026,0.978287,0.1051267,0.1051267,1.0,0.0024793744,0.02358463,-26.241615,2.1522744,0.7174248,0.104,0.0,0.11492597,1.244999,1.254999,732800
hardzero_plus_depr__c0p54__z1p10__lam0p010__nu0p50__psi0p75,hardzero_plus_depr,0.06,40,229,0.0,3,0.08674026,0.088961564,1.0227643,0.09489332,0.09489332,1.0,0.0022213014,0.023408407,-27.31688,2.2501264,0.75004214,0.14400001,0.0,0.14796202,1.254999,1.264999,736000
hardzero_plus_depr__c0p54__z1p10__lam0p010__nu0p50__psi0p75,hardzero_plus_depr,0.06,40,230,0.0,3,0.088961564,0.091193885,1.0173587,0.09608185,0.09608185,1.0,0.0022323178,0.023233501,-27.549314,2.2382338,0.74607795,0.136,0.0,0.14709976,1.264999,1.274999,739200
hardzero_plus_depr__c0p54__z1p10__lam0p010__nu0p50__psi0p75,hardzero_plus_depr,0.06,40,231,0.0,3,0.091193885,0.09338716,1.0217656,0.09511181,0.09511181,1.0,0.002193269,0.023059903,-27.156979,2.247929,0.7493097,0.15200001,0.0,0.14501101,1.274999,1.284999,742400
hardzero_plus_depr__c0p54__z1p10__lam0p010__nu0p50__psi0p75,hardzero_plus_depr,0.06,40,232,0.0,3,0.09338716,0.09576372,0.9836503,0.10383642,0.10383642,1.0,0.0023765664,0.0228876,-27.184143,2.164074,0.721358,0.112,0.0,0.15866257,1.284999,1.294999,745600
hardzero_plus_depr__c0p54__z1p10__lam0p010__nu0p50__psi0p75,hardzero_plus_depr,0.06,40,233,0.0,3,0.09576372,0.098117724,0.9845355,0.10362498,0.10362498,1.0,0.0023540054,0.022716584,-26.64458,2.1660213,0.72200716,0.18400002,0.0,0.14251545,1.294999,1.304999,748800
hardzero_plus_depr__c0p54__z1p10__lam0p010__nu0p50__psi0p75,hardzero_plus_depr,0.06,40,234,0.0,3,0.098117724,0.10025903,1.0224079,0.094971225,0.094971225,1.0,0.0021413015,0.022546846,-28.466528,2.2493422,0.7497808,0.12,0.0,0.12623638,1.304999,1.314999,752000
hardzero_plus_depr__c0p54__z1p10__lam0p010__nu0p50__psi0p75,hardzero_plus_depr,0.06,40,235,0.0,3,0.10025903,0.102538064,0.9920774,0.101840965,0.101840965,1.0,0.002279036,0.022378381,-26.815361,2.1826138,0.727538,0.120000005,0.0,0.13034019,1.314999,1.324999,755200
hardzero_plus_depr__c0p54__z1p10__lam0p010__nu0p50__psi0p75,hardzero_plus_depr,0.06,40,236,0.0,3,0.102538064,0.10471672,1.0083834,0.09808815,0.09808815,1.0,0.0021786524,0.022211168,-27.019657,2.2184877,0.73949593,0.17600001,0.0,0.137245,1.324999,1.334999,758400
hardzero_plus_depr__c0p54__z1p10__lam0p010__nu0p50__psi0p75,hardzero_plus_depr,0.06,40,237,0.0,3,0.10471672,0.10683789,1.0167387,0.0962191,0.0962191,1.0,0.0021211705,0.022045212,-27.405245,2.2368698,0.7456233,0.15200001,0.0,0.13987955,1.334999,1.344999,761600
hardzero_plus_depr__c0p54__z1p10__lam0p010__nu0p50__psi0p75,hardzero_plus_depr,0.06,40,238,0.0,3,0.10683789,0.108810134,1.0450962,0.090137154,0.090137154,1.0,0.001972245,0.021880489,-28.16733,2.2992575,0.7664192,0.096,0.0,0.18285255,1.344999,1.354999,764800
hardzero_plus_depr__c0p54__z1p10__lam0p010__nu0p50__psi0p75,hardzero_plus_depr,0.06,40,239,0.0,3,0.108810134,0.1107778,1.0428483,0.090604894,0.090604894,1.0,0.0019676664,0.021717,-27.723722,2.2943122,0.76477075,0.23200001,0.0,0.17435832,1.354999,1.3649989,768000
hardzero_plus_depr__c0p54__z1p10__lam0p010__nu0p50__psi0p75,hardzero_plus_depr,0.06,40,240,0.0,3,0.1107778,0.112864554,1.0140718,0.09681177,0.09681177,1.0,0.0020867519,0.021554733,-26.753748,2.2310026,0.74366754,0.14400001,0.0,0.16675141,1.3649989,1.3749989,771200
hardzero_plus_depr__c0p54__z1p10__lam0p010__nu0p50__psi0p75,hardzero_plus_depr,0.06,40,241,0.0,3,0.112864554,0.11515074,0.9711729,0.10686292,0.10686292,1.0,0.0022861909,0.021393677,-26.288477,2.1366231,0.71220773,0.128,0.0,0.110245086,1.3749989,1.3849989,774400
hardzero_plus_depr__c0p54__z1p10__lam0p010__nu0p50__psi0p75,hardzero_plus_depr,0.06,40,242,0.0,3,0.11515074,0.11743078,0.9690865,0.10737753,0.10737753,1.0,0.0022800355,0.021233823,-26.56604,2.1320329,0.7106776,0.096,0.0,0.13531162,1.3849989,1.3949989,777600
hardzero_plus_depr__c0p54__z1p10__lam0p010__nu0p50__psi0p75,hardzero_plus_depr,0.06,40,243,0.0,3,0.11743078,0.11942045,1.0249898,0.0944083,0.0944083,1.0,0.0019896708,0.021075167,-28.249664,2.2550228,0.7516743,0.17600001,0.0,0.1672697,1.3949989,1.4049989,780800
hardzero_plus_depr__c0p54__z1p10__lam0p010__nu0p50__psi0p75,hardzero_plus_depr,0.06,40,244,0.0,3,0.11942045,0.121681884,0.9661293,0.10811119,0.10811119,1.0,0.0022614365,0.020917693,-26.268822,2.125527,0.70850897,0.18400002,0.0,0.13497166,1.4049989,1.4149989,784000
hardzero_plus_depr__c0p54__z1p10__lam0p010__nu0p50__psi0p75,hardzero_plus_depr,0.06,40,245,0.0,3,0.121681884,0.12395208,0.9611927,0.10934711,0.10934711,1.0,0.002270199,0.020761399,-26.16909,2.1146662,0.70488876,0.16800001,0.0,0.12760411,1.4149989,1.4249989,787200
hardzero_plus_depr__c0p54__z1p10__lam0p010__nu0p50__psi0p75,hardzero_plus_depr,0.06,40,246,0.0,3,0.12395208,0.12608393,0.9852434,0.10345623,0.10345623,1.0,0.0021318467,0.020606268,-27.61466,2.1675787,0.72252625,0.192,0.0,0.12990667,1.4249989,1.4349989,790400
hardzero_plus_depr__c0p54__z1p10__lam0p010__nu0p50__psi0p75,hardzero_plus_depr,0.06,40,247,0.0,3,0.12608393,0.12803718,1.0199835,0.095502876,0.095502876,1.0,0.0019532538,0.020452302,-27.647078,2.2440085,0.7480029,0.17,0.0,0.14053708,1.4349989,1.4449989,793600
hardzero_plus_depr__c0p54__z1p10__lam0p010__nu0p50__psi0p75,hardzero_plus_depr,0.06,40,248,0.0,3,0.12803718,0.1299754,1.0200834,0.095480904,0.095480904,1.0,0.0019382128,0.020299481,-27.697756,2.2442284,0.74807614,0.18400002,0.0,0.12200796,1.4449989,1.4549989,796800
hardzero_plus_depr__c0p54__z1p10__lam0p010__nu0p50__psi0p75,hardzero_plus_depr,0.06,40,249,0.0,3,0.1299754,0.13197029,1.0043093,0.09901265,0.09901265,1.0,0.0019948876,0.020147806,-26.903559,2.2095246,0.73650825,0.120000005,0.0,0.13581754,1.4549989,1.4649988,800000
hardzero_plus_depr__c0p54__z1p10__lam0p010__nu0p50__psi0p75,hardzero_plus_depr,0.06,40,250,0.0,3,0.13197029,0.13392885,1.0090331,0.09794153,0.09794153,1.0,0.0019585625,0.019997263,-26.628101,2.219917,0.73997235,0.16000001,0.0,0.13716523,1.4649988,1.4749988,803200
hardzero_plus_depr__c0p54__z1p10__lam0p010__nu0p50__psi0p75,hardzero_plus_depr,0.06,40,251,0.0,3,0.13392885,0.13606101,0.9688925,0.107425526,0.107425526,1.0,0.0021321652,0.019847846,-26.668772,2.131606,0.7105354,0.16800001,0.0,0.14811018,1.4749988,1.4849988,806400
hardzero_plus_depr__c0p54__z1p10__lam0p010__nu0p50__psi0p75,hardzero_plus_depr,0.06,40,252,0.0,3,0.13606101,0.13797562,1.0123754,0.097190686,0.097190686,1.0,0.0019146118,0.01969954,-26.899397,2.2272701,0.7424234,0.16800001,0.0,0.15944229,1.4849988,1.4949988,809600
hardzero_plus_depr__c0p54__z1p10__lam0p010__nu0p50__psi0p75,hardzero_plus_depr,0.06,40,253,0.0,3,0.13797562,0.14003098,0.9783117,0.1051207,0.1051207,1.0,0.0020553565,0.019552348,-26.56375,2.1523287,0.7174429,0.16800001,0.0,0.1673,1.4949988,1.5049988,812800
hardzero_plus_depr__c0p54__z1p10__lam0p010__nu0p50__psi0p75,hardzero_plus_depr,0.06,40,254,0.0,3,0.14003098,0.14206827,0.97888803,0.1049813,0.1049813,1.0,0.0020372937,0.019406253,-26.899055,2.1535966,0.7178656,0.24000001,0.0,0.15373524,1.5049988,1.5149988,816000
hardzero_plus_depr__c0p54__z1p10__lam0p010__nu0p50__psi0p75,hardzero_plus_depr,0.06,40,255,0.0,3,0.14206827,0.14390041,1.0217252,0.09512065,0.09512065,1.0,0.001832143,0.019261254,-27.900219,2.2478402,0.7492801,0.128,0.0,0.16037457,1.5149988,1.5249988,819200
hardzero_plus_depr__c0p54__z1p10__lam0p010__nu0p50__psi0p75,hardzero_plus_depr,0.06,40,256,0.0,3,0.14390041,0.14568737,1.0293134,0.09347307,0.09347307,1.0,0.0017869557,0.019117333,-27.053894,2.2645347,0.7548449,0.120000005,0.008,0.1530197,1.5249988,1.5349988,822400
hardzero_plus_depr__c0p54__z1p10__lam0p010__nu0p50__psi0p75,hardzero_plus_depr,0.06,40,257,0.0,3,0.14568737,0.14735413,1.0563002,0.087841526,0.087841526,1.0,0.0016667483,0.018974492,-27.889622,2.3239067,0.77463555,0.096,0.0,0.14291058,1.5349988,1.5449988,825600
hardzero_plus_depr__c0p54__z1p10__lam0p010__nu0p50__psi0p75,hardzero_plus_depr,0.06,40,258,0.0,3,0.14735413,0.14910285,1.0321915,0.09285569,0.09285569,1.0,0.0017487246,0.018832713,-27.495544,2.2708666,0.75695556,0.16000001,0.0,0.14893487,1.5449988,1.5549988,828800
hardzero_plus_depr__c0p54__z1p10__lam0p010__nu0p50__psi0p75,hardzero_plus_depr,0.06,40,259,0.0,3,0.14910285,0.15088522,1.0206577,0.09535476,0.09535476,1.0,0.001782371,0.018691998,-26.92507,2.2454917,0.74849725,0.112,0.0,0.15286496,1.5549988,1.5649987,832000
hardzero_plus_depr__c0p54__z1p10__lam0p010__nu0p50__psi0p75,hardzero_plus_depr,0.06,40,260,0.0,3,0.15088522,0.15267967,1.0144691,0.09672324,0.09672324,1.0,0.0017944416,0.018552331,-26.469465,2.2318766,0.7439589,0.19999999,0.0,0.18066905,1.5649987,1.5749987,835200
hardzero_plus_depr__c0p54__z1p10__lam0p010__nu0p50__psi0p75,hardzero_plus_depr,0.06,40,261,0.0,3,0.15267967,0.1542912,1.0579016,0.08751819,0.08751819,1.0,0.0016115347,0.018413711,-29.106054,2.32743,0.77581,0.15200001,0.0,0.16884264,1.5749987,1.5849987,838400
hardzero_plus_depr__c0p54__z1p10__lam0p010__nu0p50__psi0p75,hardzero_plus_depr,0.06,40,262,0.0,3,0.1542912,0.15623733,0.9727118,0.10648493,0.10648493,1.0,0.0019461317,0.018276123,-26.74577,2.1400087,0.7133362,0.208,0.0,0.12425397,1.5849987,1.5949987,841600
hardzero_plus_depr__c0p54__z1p10__lam0p010__nu0p50__psi0p75,hardzero_plus_depr,0.06,40,263,0.0,3,0.15623733,0.15823679,0.9577145,0.11022635,0.11022635,1.0,0.0019994583,0.018139567,-26.298946,2.107014,0.702338,0.17600001,0.0,0.12900272,1.5949987,1.6049987,844800
hardzero_plus_depr__c0p54__z1p10__lam0p010__nu0p50__psi0p75,hardzero_plus_depr,0.06,40,264,0.0,3,0.15823679,0.16014098,0.975661,0.10576428,0.10576428,1.0,0.0019041831,0.018004028,-26.068533,2.146497,0.71549904,0.120000005,0.0,0.15270649,1.6049987,1.6149987,848000
hardzero_plus_depr__c0p54__z1p10__lam0p010__nu0p50__psi0p75,hardzero_plus_depr,0.06,40,265,0.0,3,0.16014098,0.16200647,0.9813181,0.10439552,0.10439552,1.0,0.0018654963,0.017869504,-25.664127,2.158943,0.71964765,0.23200001,0.0,0.13674743,1.6149987,1.6249987,851200
hardzero_plus_depr__c0p54__z1p10__lam0p010__nu0p50__psi0p75,hardzero_plus_depr,0.06,40,266,0.0,3,0.16200647,0.16370723,1.0182121,0.09589321,0.09589321,1.0,0.0017007604,0.017735984,-27.784357,2.2401114,0.7467038,0.136,0.0,0.1476887,1.6249987,1.6349987,854400
hardzero_plus_depr__c0p54__z1p10__lam0p010__nu0p50__psi0p75,hardzero_plus_depr,0.06,40,267,0.0,3,0.16370723,0.16564605,0.9580593,0.11013888,0.11013888,1.0,0.0019388254,0.01760346,-27.008265,2.1077726,0.7025909,0.15200001,0.0,0.1551868,1.6349987,1.6449987,857600
hardzero_plus_depr__c0p54__z1p10__lam0p010__nu0p50__psi0p75,hardzero_plus_depr,0.06,40,268,0.0,3,0.16564605,0.16747752,0.97954226,0.104823284,0.104823284,1.0,0.0018314649,0.017471928,-26.98122,2.155036,0.71834534,0.128,0.0,0.1314755,1.6449987,1.6549987,860800
hardzero_plus_depr__c0p54__z1p10__lam0p010__nu0p50__psi0p75,hardzero_plus_depr,0.06,40,269,0.0,3,0.16747752,0.16935799,0.9648185,0.108438,0.108438,1.0,0.0018804646,0.017341381,-26.47636,2.122643,0.70754766,0.14400001,0.0,0.12682234,1.6549987,1.6649987,864000
hardzero_plus_depr__c0p54__z1p10__lam0p010__nu0p50__psi0p75,hardzero_plus_depr,0.06,40,270,0.0,3,0.16935799,0.1712661,0.9552243,0.110860206,0.110860206,1.0,0.0019081044,0.017211806,-27.09603,2.1015353,0.7005118,0.16000001,0.0,0.15106918,1.6649987,1.6749986,867200
hardzero_plus_depr__c0p54__z1p10__lam0p010__nu0p50__psi0p75,hardzero_plus_depr,0.06,40,271,0.0,3,0.1712661,0.17322786,0.939921,0.11483623,0.11483623,1.0,0.0019617702,0.0170832,-25.178207,2.0678675,0.6892892,0.16800001,0.0,0.119322516,1.6749986,1.6849986,870400
hardzero_plus_depr__c0p54__z1p10__lam0p010__nu0p50__psi0p75,hardzero_plus_depr,0.06,40,272,0.0,3,0.17322786,0.17478633,1.0366148,0.09191476,0.09191476,1.0,0.0015584657,0.016955554,-27.239044,2.280598,0.7601993,0.128,0.0,0.14957792,1.6849986,1.6949986,873600
hardzero_plus_depr__c0p54__z1p10__lam0p010__nu0p50__psi0p75,hardzero_plus_depr,0.06,40,273,0.0,3,0.17478633,0.17646654,1.000693,0.099840574,0.099840574,1.0,0.0016802035,0.016828865,-26.905863,2.2015686,0.7338562,0.11,0.0,0.14458697,1.6949986,1.7049986,876800
hardzero_plus_depr__c0p54__z1p10__lam0p010__nu0p50__psi0p75,hardzero_plus_depr,0.06,40,274,0.0,3,0.17646654,0.17810349,1.0087608,0.09800295,0.09800295,1.0,0.001636955,0.01670312,-27.869165,2.2193182,0.73977274,0.128,0.0,0.13572678,1.7049986,1.7149986,880000
hardzero_plus_depr__c0p54__z1p10__lam0p010__nu0p50__psi0p75,hardzero_plus_depr,0.06,40,275,0.0,3,0.17810349,0.17980936,0.98759454,0.10289765,0.10289765,1.0,0.0017058698,0.016578317,-27.334515,2.1727514,0.7242505,0.136,0.0,0.12521563,1.7149986,1.7249986,883200
hardzero_plus_depr__c0p54__z1p10__lam0p010__nu0p50__psi0p75,hardzero_plus_depr,0.06,40,276,0.0,3,0.17980936,0.18131183,1.0394796,0.09131043,0.09131043,1.0,0.0015024622,0.016454443,-27.983318,2.2869008,0.76230025,0.17600001,0.008,0.1535584,1.7249986,1.7349986,886400
hardzero_plus_depr__c0p54__z1p10__lam0p010__nu0p50__psi0p75,hardzero_plus_depr,0.06,40,277,0.0,3,0.18131183,0.1830922,0.96251595,0.10901444,0.10901444,1.0,0.001780369,0.016331498,-26.313755,2.1175773,0.7058591,0.2,0.0,0.13797061,1.7349986,1.7449986,889600
hardzero_plus_depr__c0p54__z1p10__lam0p010__nu0p50__psi0p75,hardzero_plus_depr,0.06,40,278,0.0,3,0.1830922,0.18456684,1.041085,0.09097352,0.09097352,1.0,0.0014746325,0.01620947,-27.704512,2.2904327,0.76347756,0.096,0.0,0.16164908,1.7449986,1.7549986,892800
hardzero_plus_depr__c0p54__z1p10__lam0p010__nu0p50__psi0p75,hardzero_plus_depr,0.06,40,279,0.0,3,0.18456684,0.18593897,1.069117,0.08528703,0.08528703,1.0,0.0013721278,0.016088353,-27.872204,2.3521042,0.7840347,0.136,0.0,0.16433194,1.7549986,1.7649986,896000
hardzero_plus_depr__c0p54__z1p10__lam0p010__nu0p50__psi0p75,hardzero_plus_depr,0.06,40,280,0.0,3,0.18593897,0.18757229,0.99018246,0.10228631,0.10228631,1.0,0.0016333223,0.015968142,-26.580948,2.1784449,0.7261483,0.192,0.0,0.15063393,1.7649986,1.7749985,899200
hardzero_plus_depr__c0p54__z1p10__lam0p010__nu0p50__psi0p75,hardzero_plus_depr,0.06,40,281,0.0,3,0.18757229,0.18924625,0.97625005,0.10562091,0.10562091,1.0,0.0016739677,0.015848828,-26.028786,2.147793,0.71593106,0.14400001,0.0,0.12935638,1.7749985,1.7849985,902400
hardzero_plus_depr__c0p54__z1p10__lam0p010__nu0p50__psi0p75,hardzero_plus_depr,0.06,40,282,0.0,3,0.18924625,0.19108517,0.9321753,0.11690275,0.11690275,1.0,0.0018389279,0.015730407,-26.430113,2.0508265,0.6836089,0.23200001,0.0,0.14372097,1.7849985,1.7949985,905600
hardzero_plus_depr__c0p54__z1p10__lam0p010__nu0p50__psi0p75,hardzero_plus_depr,0.06,40,283,0.0,3,0.19108517,0.19255964,1.0248455,0.09443968,0.09443968,1.0,0.0014744747,0.015612872,-27.427006,2.254705,0.7515683,0.128,0.0,0.12707561,1.7949985,1.8049985,908800
hardzero_plus_depr__c0p54__z1p10__lam0p010__nu0p50__psi0p75,hardzero_plus_depr,0.06,40,284,0.0,3,0.19255964,0.19426833,0.9575631,0.1102648,0.1102648,1.0,0.0017086867,0.015496212,-25.916065,2.1066809,0.702227,0.104,0.0,0.12967461,1.8049985,1.8149985,912000
hardzero_plus_depr__c0p54__z1p10__lam0p010__nu0p50__psi0p75,hardzero_plus_depr,0.06,40,285,0.0,3,0.19426833,0.19565988,1.0434712,0.09047504,0.09047504,1.0,0.0013915447,0.015380426,-27.989037,2.2956824,0.7652275,0.18400002,0.0,0.14592148,1.8149985,1.8249985,915200
hardzero_plus_depr__c0p54__z1p10__lam0p010__nu0p50__psi0p75,hardzero_plus_depr,0.06,40,286,0.0,3,0.19565988,0.1970512,1.0402837,0.09114154,0.09114154,1.0,0.0013913214,0.015265503,-26.97189,2.2886698,0.76289,0.089999996,0.0,0.13112612,1.8249985,1.8349985,918400
hardzero_plus_depr__c0p54__z1p10__lam0p010__nu0p50__psi0p75,hardzero_plus_depr,0.06,40,287,0.0,3,0.1970512,0.19857125,0.99859595,0.10032382,0.10032382,1.0,0.0015200505,0.015151441,-26.085299,2.196955,0.73231834,0.208,0.0,0.13845843,1.8349985,1.8449985,921600
hardzero_plus_depr__c0p54__z1p10__lam0p010__nu0p50__psi0p75,hardzero_plus_depr,0.06,40,288,0.0,3,0.19857125,0.20007172,1.0009673,0.09977751,0.09977751,1.0,0.0015004772,0.01503823,-27.048899,2.202172,0.73405737,0.16000001,0.0,0.13519731,1.8449985,1.8549985,924800
hardzero_plus_depr__c0p54__z1p10__lam0p010__nu0p50__psi0p75,hardzero_plus_depr,0.06,40,289,0.0,3,0.20007172,0.20145716,1.0323529,0.09282118,0.09282118,1.0,0.0013854366,0.014925867,-27.062384,2.2712219,0.757074,0.136,0.0,0.15448812,1.8549985,1.8649985,928000
hardzero_plus_depr__c0p54__z1p10__lam0p010__nu0p50__psi0p75,hardzero_plus_depr,0.06,40,290,0.0,3,0.20145716,0.20309907,0.95533156,0.11083282,0.11083282,1.0,0.0016419151,0.0148143405,-25.45159,2.1017714,0.7005905,0.14400001,0.0,0.11347146,1.8649985,1.8749985,931200
hardzero_plus_depr__c0p54__z1p10__lam0p010__nu0p50__psi0p75,hardzero_plus_depr,0.06,40,291,0.0,3,0.20309907,0.20458381,0.9957766,0.10097723,0.10097723,1.0,0.0014847337,0.014703649,-27.240963,2.1907523,0.7302508,0.16000001,0.0,0.16250479,1.8749985,1.8849984,934400
hardzero_plus_depr__c0p54__z1p10__lam0p010__nu0p50__psi0p75,hardzero_plus_depr,0.06,40,292,0.0,3,0.20458381,0.20592311,1.0372915,0.09177163,0.09177163,1.0,0.0013392954,0.014593784,-26.951284,2.2820868,0.76069564,0.192,0.0,0.1605015,1.8849984,1.8949984,937600
hardzero_plus_depr__c0p54__z1p10__lam0p010__nu0p50__psi0p75,hardzero_plus_depr,0.06,40,293,0.0,3,0.20592311,0.20755014,0.9495162,0.11232691,0.11232691,1.0,0.0016270262,0.014484741,-25.930418,2.0889773,0.6963258,0.24800001,0.0,0.13544846,1.8949984,1.9049984,940800
hardzero_plus_depr__c0p54__z1p10__lam0p010__nu0p50__psi0p75,hardzero_plus_depr,0.06,40,294,0.0,3,0.20755014,0.20913163,0.9585878,0.11000493,0.11000493,1.0,0.0015814871,0.014376511,-26.097803,2.1089354,0.7029785,0.14400001,0.0,0.14657563,1.9049984,1.9149984,944000
hardzero_plus_depr__c0p54__z1p10__lam0p010__nu0p50__psi0p75,hardzero_plus_depr,0.06,40,295,0.0,3,0.20913163,0.21053098,1.0084687,0.09806888,0.09806888,1.0,0.0013993537,0.014269091,-27.448025,2.2186756,0.7395586,0.18400002,0.0,0.15794742,1.9149984,1.9249984,947200
hardzero_plus_depr__c0p54__z1p10__lam0p010__nu0p50__psi0p75,hardzero_plus_depr,0.06,40,296,0.0,3,0.21053098,0.21191563,1.0098001,0.0977687,0.0977687,1.0,0.0013846465,0.014162472,-26.703012,2.2216046,0.7405349,0.136,0.0,0.13498151,1.9249984,1.9349984,950400
hardzero_plus_depr__c0p54__z1p10__lam0p010__nu0p50__psi0p75,hardzero_plus_depr,0.06,40,297,0.0,3,0.21191563,0.21357763,0.92725194,0.11823554,0.11823554,1.0,0.0016619961,0.014056654,-25.0914,2.039995,0.67999834,0.23200001,0.0,0.1287112,1.9349984,1.9449984,953600
hardzero_plus_depr__c0p54__z1p10__lam0p010__nu0p50__psi0p75,hardzero_plus_depr,0.06,40,298,0.0,3,0.21357763,0.21518311,0.93902135,0.115074374,0.115074374,1.0,0.001605474,0.013951621,-25.873438,2.0658882,0.6886294,0.23200001,0.008,0.11621956,1.9449984,1.9549984,956800
hardzero_plus_depr__c0p54__z1p10__lam0p010__nu0p50__psi0p75,hardzero_plus_depr,0.06,40,299,0.0,3,0.21518311,0.21667576,0.96740764,0.10779345,0.10779345,1.0,0.0014926565,0.013847377,-26.302517,2.1283393,0.70944643,0.14999999,0.0,0.14987557,1.9549984,1.9649984,960000
hardzero_plus_depr__c0p54__z1p10__lam0p010__nu0p50__psi0p75,hardzero_plus_depr,0.06,40,300,0.0,3,0.21667576,0.21786244,1.063775,0.08634258,0.08634258,1.0,0.0011866847,0.01374391,-28.419657,2.3403516,0.7801172,0.128,0.0,0.15557815,1.9649984,1.9749984,963200
hardzero_plus_depr__c0p54__z1p10__lam0p010__nu0p50__psi0p75,hardzero_plus_depr,0.06,40,301,0.0,3,0.21786244,0.21922286,1.0011832,0.09972792,0.09972792,1.0,0.0013604102,0.013641217,-25.90403,2.202647,0.7342157,0.192,0.0,0.11663942,1.9749984,1.9849983,966400
hardzero_plus_depr__c0p54__z1p10__lam0p010__nu0p50__psi0p75,hardzero_plus_depr,0.06,40,302,0.0,3,0.21922286,0.22055198,1.0080281,0.098168425,0.098168425,1.0,0.0013291307,0.01353929,-27.365812,2.2177062,0.7392354,0.2,0.0,0.14725657,1.9849983,1.9949983,969600
hardzero_plus_depr__c0p54__z1p10__lam0p010__nu0p50__psi0p75,hardzero_plus_depr,0.06,40,303,0.0,3,0.22055198,0.22194284,0.98505527,0.10350104,0.10350104,1.0,0.0013908598,0.013438125,-26.63999,2.1671648,0.72238827,0.15200001,0.0,0.15838377,1.9949983,2.0049984,972800
hardzero_plus_depr__c0p54__z1p10__lam0p010__nu0p50__psi0p75,hardzero_plus_depr,0.06,40,304,0.0,3,0.22194284,0.2234703,0.94111407,0.1145212,0.1145212,1.0,0.001527451,0.013337714,-26.041265,2.0704923,0.6901641,0.264,0.0,0.12103908,2.0049984,2.0149984,976000
hardzero_plus_depr__c0p54__z1p10__lam0p010__nu0p50__psi0p75,hardzero_plus_depr,0.06,40,305,0.0,3,0.2234703,0.22486946,0.97595865,0.105691805,0.105691805,1.0,0.0013991541,0.013238057,-25.872934,2.147152,0.7157173,0.16000001,0.0,0.1257692,2.0149984,2.0249984,979200
hardzero_plus_depr__c0p54__z1p10__lam0p010__nu0p50__psi0p75,hardzero_plus_depr,0.06,40,306,0.0,3,0.22486946,0.22629778,0.9637408,0.10870742,0.10870742,1.0,0.0014283224,0.013139144,-26.312212,2.1202722,0.7067574,0.18400002,0.0,0.14067553,2.0249984,2.0349984,982400
hardzero_plus_depr__c0p54__z1p10__lam0p010__nu0p50__psi0p75,hardzero_plus_depr,0.06,40,307,0.0,3,0.22629778,0.2276243,0.9925956,0.10171954,0.10171954,1.0,0.0013265213,0.013040968,-26.698387,2.183754,0.727918,0.216,0.0,0.12925889,2.0349984,2.0449984,985600
hardzero_plus_depr__c0p54__z1p10__lam0p010__nu0p50__psi0p75,hardzero_plus_depr,0.06,40,308,0.0,3,0.2276243,0.22873808,1.0652498,0.08604986,0.08604986,1.0,0.0011137886,0.012943526,-26.943851,2.3435965,0.78119886,0.112,0.0,0.13393165,2.0449984,2.0549984,988800
hardzero_plus_depr__c0p54__z1p10__lam0p010__nu0p50__psi0p75,hardzero_plus_depr,0.06,40,309,0.0,3,0.22873808,0.23016651,0.9539392,0.111188725,0.111188725,1.0,0.0014284208,0.012846814,-26.854551,2.0987082,0.6995694,0.16000001,0.0,0.13346545,2.0549984,2.0649984,992000
hardzero_plus_depr__c0p54__z1p10__lam0p010__nu0p50__psi0p75,hardzero_plus_depr,0.06,40,310,0.0,3,0.23016651,0.23155405,0.9632936,0.10881942,0.10881942,1.0,0.0013875371,0.012750823,-26.5017,2.1192882,0.7064294,0.17600001,0.0,0.14434446,2.0649984,2.0749984,995200
hardzero_plus_depr__c0p54__z1p10__lam0p010__nu0p50__psi0p75,hardzero_plus_depr,0.06,40,311,0.0,3,0.23155405,0.23287107,0.9826865,0.1040671,0.1040671,1.0,0.0013170263,0.012655549,-26.844467,2.1619534,0.72065115,0.17600001,0.0,0.13156243,2.0749984,2.0849984,998400
hardzero_plus_depr__c0p54__z1p10__lam0p010__nu0p50__psi0p75,hardzero_plus_depr,0.06,40,312,0.0,3,0.23287107,0.23410851,1.0064981,0.09851489,0.09851489,1.0,0.0012374442,0.012560986,-26.619625,2.21434,0.73811334,0.11,0.0,0.1336833,2.0849984,2.0949984,1001600
hardzero_plus_depr__c0p54__z1p10__lam0p010__nu0p50__psi0p75,hardzero_plus_depr,0.06,40,313,0.0,3,0.23410851,0.23536092,0.99802125,0.100456655,0.100456655,1.0,0.0012524065,0.012467133,-27.536314,2.1956906,0.7318969,0.14400001,0.0,0.12306225,2.0949984,2.1049984,1004800
hardzero_plus_depr__c0p54__z1p10__lam0p010__nu0p50__psi0p75,hardzero_plus_depr,0.06,40,314,0.0,3,0.23536092,0.23677018,0.94351804,0.11388904,0.11388904,1.0,0.0014092606,0.012373979,-25.509579,2.075781,0.6919271,0.24000001,0.0,0.145368,2.1049984,2.1149983,1008000
hardzero_plus_depr__c0p54__z1p10__lam0p010__nu0p50__psi0p75,hardzero_plus_depr,0.06,40,315,0.0,3,0.23677018,0.23781136,1.0717307,0.08477528,0.08477528,1.0,0.0010411694,0.012281521,-27.800486,2.3578546,0.78595155,0.112,0.0,0.14691292,2.1149983,2.1249983,1011200
hardzero_plus_depr__c0p54__z1p10__lam0p010__nu0p50__psi0p75,hardzero_plus_depr,0.06,40,316,0.0,3,0.23781136,0.23900497,1.0091293,0.09791985,0.09791985,1.0,0.001193619,0.012189754,-26.457226,2.2201288,0.7400429,0.16800001,0.0,0.19004647,2.1249983,2.1349983,1014400
hardzero_plus_depr__c0p54__z1p10__lam0p010__nu0p50__psi0p75,hardzero_plus_depr,0.06,40,317,0.0,3,0.23900497,0.24030095,0.9701378,0.10711795,0.10711795,1.0,0.0012959851,0.012098673,-26.202751,2.1343458,0.7114486,0.15200001,0.0,0.121449284,2.1349983,2.1449983,1017600
hardzero_plus_depr__c0p54__z1p10__lam0p010__nu0p50__psi0p75,hardzero_plus_depr,0.06,40,318,0.0,3,0.24030095,0.2414541,1.0175999,0.09602848,0.09602848,1.0,0.0011531363,0.012008274,-26.740368,2.2387645,0.74625486,0.224,0.0,0.14493343,2.1449983,2.1549983,1020800
hardzero_plus_depr__c0p54__z1p10__lam0p010__nu0p50__psi0p75,hardzero_plus_depr,0.06,40,319,0.0,3,0.2414541,0.24268572,0.9857438,0.10333709,0.10333709,1.0,0.001231628,0.011918548,-26.593271,2.1686797,0.72289324,0.16800001,0.0,0.14233473,2.1549983,2.1649983,1024000
hardzero_plus_depr__c0p54__z1p10__lam0p010__nu0p50__psi0p75,hardzero_plus_depr,0.06,40,320,0.0,3,0.24268572,0.24372505,1.056214,0.08785895,0.08785895,1.0,0.0010393269,0.011829493,-27.423737,2.323717,0.7745724,0.208,0.0,0.16618851,2.1649983,2.1749983,1027200
hardzero_plus_depr__c0p54__z1p10__lam0p010__nu0p50__psi0p75,hardzero_plus_depr,0.06,40,321,0.0,3,0.24372505,0.24481402,1.032692,0.09274875,0.09274875,1.0,0.0010889727,0.011741104,-27.376059,2.2719676,0.75732255,0.14400001,0.0,0.16439599,2.1749983,2.1849983,1030400
hardzero_plus_depr__c0p54__z1p10__lam0p010__nu0p50__psi0p75,hardzero_plus_depr,0.06,40,322,0.0,3,0.24481402,0.24593505,1.0168374,0.09619724,0.09619724,1.0,0.0011210226,0.011653376,-27.630716,2.2370868,0.7456956,0.15200001,0.0,0.12270956,2.1849983,2.1949983,1033600
hardzero_plus_depr__c0p54__z1p10__lam0p010__nu0p50__psi0p75,hardzero_plus_depr,0.06,40,323,0.0,3,0.24593505,0.2472852,0.93281054,0.11673185,0.11673185,1.0,0.0013501557,0.011566301,-26.08768,2.0522242,0.68407476,0.18400002,0.0,0.1399608,2.1949983,2.2049983,1036800
hardzero_plus_depr__c0p54__z1p10__lam0p010__nu0p50__psi0p75,hardzero_plus_depr,0.06,40,324,0.0,3,0.2472852,0.24843486,0.9993681,0.10014561,0.10014561,1.0,0.0011496594,0.011479879,-26.851564,2.1986537,0.7328846,0.216,0.0,0.1362496,2.2049983,2.2149982,1040000
hardzero_plus_depr__c0p54__z1p10__lam0p010__nu0p50__psi0p75,hardzero_plus_depr,0.06,40,325,0.0,3,0.24843486,0.24952097,1.020805,0.095322415,0.095322415,1.0,0.0010861133,0.011394101,-27.662645,2.2458158,0.74860525,0.16,0.0,0.14671801,2.2149982,2.2249982,1043200
hardzero_plus_depr__c0p54__z1p10__lam0p010__nu0p50__psi0p75,hardzero_plus_depr,0.06,40,326,0.0,3,0.24952097,0.25066978,0.9931755,0.1015838,0.1015838,1.0,0.0011488078,0.011308967,-27.677643,2.1850297,0.72834325,0.216,0.0,0.14713548,2.2249982,2.2349982,1046400
hardzero_plus_depr__c0p54__z1p10__lam0p010__nu0p50__psi0p75,hardzero_plus_depr,0.06,40,327,0.0,3,0.25066978,0.25179398,0.99931943,0.10015683,0.10015683,1.0,0.0011242069,0.011224466,-25.878332,2.1985466,0.7328489,0.120000005,0.0,0.1290928,2.2349982,2.2449982,1049600
hardzero_plus_depr__c0p54__z1p10__lam0p010__nu0p50__psi0p75,hardzero_plus_depr,0.06,40,328,0.0,3,0.25179398,0.2528655,1.0169115,0.09618083,0.09618083,1.0,0.0010715118,0.011140596,-28.022062,2.23725,0.74575007,0.16800001,0.0,0.14000367,2.2449982,2.2549982,1052800
hardzero_plus_depr__c0p54__z1p10__lam0p010__nu0p50__psi0p75,hardzero_plus_depr,0.06,40,329,0.0,3,0.2528655,0.25416037,0.9314168,0.11710709,0.11710709,1.0,0.0012948948,0.011057356,-24.909641,2.0491579,0.68305266,0.192,0.008,0.13737316,2.2549982,2.2649982,1056000
hardzero_plus_depr__c0p54__z1p10__lam0p010__nu0p50__psi0p75,hardzero_plus_depr,0.06,40,330,0.0,3,0.25416037,0.255306,0.981353,0.10438714,0.10438714,1.0,0.0011456213,0.010974736,-26.151394,2.1590197,0.7196733,0.18400002,0.0,0.13041295,2.2649982,2.2749982,1059200
hardzero_plus_depr__c0p54__z1p10__lam0p010__nu0p50__psi0p75,hardzero_plus_depr,0.06,40,331,0.0,3,0.255306,0.25623053,1.0712131,0.08487637,0.08487637,1.0,0.0009245357,0.010892733,-28.01564,2.356716,0.785572,0.14400001,0.008,0.14031549,2.2749982,2.2849982,1062400
hardzero_plus_depr__c0p54__z1p10__lam0p010__nu0p50__psi0p75,hardzero_plus_depr,0.06,40,332,0.0,3,0.25623053,0.25724825,1.0262486,0.09413505,0.09413505,1.0,0.0010177264,0.010811343,-28.479864,2.257792,0.75259733,0.16800001,0.0,0.14823475,2.2849982,2.2949982,1065600
hardzero_plus_depr__c0p54__z1p10__lam0p010__nu0p50__psi0p75,hardzero_plus_depr,0.06,40,333,0.0,3,0.25724825,0.2583765,0.9782107,0.10514518,0.10514518,1.0,0.0011282669,0.010730563,-26.733639,2.1521065,0.71736884,0.14400001,0.0,0.17702942,2.2949982,2.3049982,1068800
hardzero_plus_depr__c0p54__z1p10__lam0p010__nu0p50__psi0p75,hardzero_plus_depr,0.06,40,334,0.0,3,0.2583765,0.25945517,0.9944781,0.10127958,0.10127958,1.0,0.0010786664,0.010650384,-26.573423,2.1878955,0.72929853,0.14400001,0.0,0.14162016,2.3049982,2.3149981,1072000
hardzero_plus_depr__c0p54__z1p10__lam0p010__nu0p50__psi0p75,hardzero_plus_depr,0.06,40,335,0.0,3,0.25945517,0.2604019,1.0478871,0.08955976,0.08955976,1.0,0.00094671873,0.010570805,-27.397278,2.3053975,0.7684659,0.2,0.0,0.14477162,2.3149981,2.3249981,1075200
hardzero_plus_depr__c0p54__z1p10__lam0p010__nu0p50__psi0p75,hardzero_plus_depr,0.06,40,336,0.0,3,0.2604019,0.2613817,1.0297177,0.093386106,0.093386106,1.0,0.0009797902,0.01049182,-27.666475,2.2654243,0.75514144,0.104,0.0,0.13360772,2.3249981,2.3349981,1078400
hardzero_plus_depr__c0p54__z1p10__lam0p010__nu0p50__psi0p75,hardzero_plus_depr,0.06,40,337,0.0,3,0.2613817,0.2622712,1.0684431,0.08541949,0.08541949,1.0,0.00088950957,0.010413426,-28.08011,2.3506217,0.7835406,0.112,0.0,0.15262695,2.3349981,2.3449981,1081600
hardzero_plus_depr__c0p54__z1p10__lam0p010__nu0p50__psi0p75,hardzero_plus_depr,0.06,40,338,0.0,3,0.2622712,0.26328447,1.0086074,0.09803758,0.09803758,1.0,0.001013279,0.010335619,-26.582632,2.2189806,0.7396602,0.16,0.0,0.16254042,2.3449981,2.354998,1084800
hardzero_plus_depr__c0p54__z1p10__lam0p010__nu0p50__psi0p75,hardzero_plus_depr,0.06,40,339,0.0,3,0.26328447,0.26442862,0.95259833,0.111532554,0.111532554,1.0,0.0011441445,0.010258391,-26.250914,2.0957582,0.6985861,0.208,0.0,0.11465848,2.354998,2.364998,1088000
hardzero_plus_depr__c0p54__z1p10__lam0p010__nu0p50__psi0p75,hardzero_plus_depr,0.06,40,340,0.0,3,0.26442862,0.26548854,0.9825508,0.10409963,0.10409963,1.0,0.0010599153,0.010181739,-27.445826,2.161655,0.72055167,0.16800001,0.0,0.14668775,2.364998,2.374998,1091200
hardzero_plus_depr__c0p54__z1p10__lam0p010__nu0p50__psi0p75,hardzero_plus_depr,0.06,40,341,0.0,3,0.26548854,0.2665411,0.98231727,0.104155615,0.104155615,1.0,0.0010525617,0.010105664,-26.868544,2.1611412,0.7203804,0.17600001,0.0,0.12080227,2.374998,2.384998,1094400
hardzero_plus_depr__c0p54__z1p10__lam0p010__nu0p50__psi0p75,hardzero_plus_depr,0.06,40,342,0.0,3,0.2665411,0.26744714,1.0441496,0.09033381,0.09033381,1.0,0.00090606214,0.010030155,-27.404982,2.2971752,0.7657251,0.216,0.0,0.15043162,2.384998,2.394998,1097600
hardzero_plus_depr__c0p54__z1p10__lam0p010__nu0p50__psi0p75,hardzero_plus_depr,0.06,40,343,0.0,3,0.26744714,0.2683633,1.0360804,0.092027925,0.092027925,1.0,0.00091615727,0.00995521,-27.585089,2.2794223,0.75980747,0.15200001,0.0,0.15009849,2.394998,2.404998,1100800
hardzero_plus_depr__c0p54__z1p10__lam0p010__nu0p50__psi0p75,hardzero_plus_depr,0.06,40,344,0.0,3,0.2683633,0.26925388,1.0451118,0.09013391,0.09013391,1.0,0.0008905974,0.009880825,-27.55376,2.2992918,0.7664306,0.16000001,0.0,0.15630546,2.404998,2.414998,1104000
hardzero_plus_depr__c0p54__z1p10__lam0p010__nu0p50__psi0p75,hardzero_plus_depr,0.06,40,345,0.0,3,0.26925388,0.2701452,1.041493,0.09088808,0.09088808,1.0,0.0008913391,0.009806996,-28.354887,2.2913306,0.7637769,0.14400001,0.0,0.14890222,2.414998,2.424998,1107200
hardzero_plus_depr__c0p54__z1p10__lam0p010__nu0p50__psi0p75,hardzero_plus_depr,0.06,40,346,0.0,3,0.2701452,0.27116695,0.97893494,0.10496996,0.10496996,1.0,0.0010217482,0.00973372,-26.202246,2.1536999,0.7179,0.23200001,0.0,0.119359516,2.424998,2.434998,1110400
hardzero_plus_depr__c0p54__z1p10__lam0p010__nu0p50__psi0p75,hardzero_plus_depr,0.06,40,347,0.0,3,0.27116695,0.27211568,1.0078812,0.09820166,0.09820166,1.0,0.0009487252,0.009660989,-25.809488,2.217383,0.73912764,0.14400001,0.0,0.1330639,2.434998,2.444998,1113600
hardzero_plus_depr__c0p54__z1p10__lam0p010__nu0p50__psi0p75,hardzero_plus_depr,0.06,40,348,0.0,3,0.27211568,0.27298918,1.0404992,0.091096304,0.091096304,1.0,0.00087350444,0.009588802,-26.9962,2.289144,0.76304805,0.104,0.0,0.1580735,2.444998,2.454998,1116800
hardzero_plus_depr__c0p54__z1p10__lam0p010__nu0p50__psi0p75,hardzero_plus_depr,0.06,40,349,0.0,3,0.27298918,0.27394545,0.9979294,0.100477904,0.100477904,1.0,0.00095626386,0.009517156,-26.013506,2.1954885,0.7318295,0.15200001,0.0,0.1257632,2.454998,2.464998,1120000
hardzero_plus_depr__c0p54__z1p10__lam0p010__nu0p50__psi0p75,hardzero_plus_depr,0.06,40,350,0.0,3,0.27394545,0.2750176,0.94499815,0.11350158,0.11350158,1.0,0.001072141,0.009446044,-25.434378,2.0790374,0.6930125,0.16000001,0.0,0.14539522,2.464998,2.474998,1123200
hardzero_plus_depr__c0p54__z1p10__lam0p010__nu0p50__psi0p75,hardzero_plus_depr,0.06,40,351,0.0,3,0.2750176,0.2760063,0.9769211,0.105457835,0.105457835,1.0,0.0009887161,0.009375464,-26.313768,2.1492693,0.71642315,0.14,0.0,0.10798747,2.474998,2.484998,1126400
hardzero_plus_depr__c0p54__z1p10__lam0p010__nu0p50__psi0p75,hardzero_plus_depr,0.06,40,352,0.0,3,0.2760063,0.27700344,0.9699801,0.10715682,0.10715682,1.0,0.0009971382,0.009305411,-26.635216,2.1339989,0.711333,0.16800001,0.0,0.1403227,2.484998,2.494998,1129600
hardzero_plus_depr__c0p54__z1p10__lam0p010__nu0p50__psi0p75,hardzero_plus_depr,0.06,40,353,0.0,3,0.27700344,0.27794242,0.99282753,0.101665236,0.101665236,1.0,0.000938968,0.00923588,-26.82372,2.1842642,0.7280881,0.136,0.0,0.14430688,2.494998,2.504998,1132800
hardzero_plus_depr__c0p54__z1p10__lam0p010__nu0p50__psi0p75,hardzero_plus_depr,0.06,40,354,0.0,3,0.27794242,0.27883112,1.0134628,0.09694763,0.09694763,1.0,0.00088870665,0.009166873,-26.943264,2.2296627,0.7432209,0.15200001,0.0,0.13911161,2.504998,2.514998,1136000
hardzero_plus_depr__c0p54__z1p10__lam0p010__nu0p50__psi0p75,hardzero_plus_depr,0.06,40,355,0.0,3,0.27883112,0.27961728,1.0634556,0.0864061,0.0864061,1.0,0.00078615523,0.009098377,-27.723003,2.339649,0.779883,0.104,0.0,0.16053702,2.514998,2.524998,1139200
hardzero_plus_depr__c0p54__z1p10__lam0p010__nu0p50__psi0p75,hardzero_plus_depr,0.06,40,356,0.0,3,0.27961728,0.28058177,0.97140765,0.10680519,0.10680519,1.0,0.00096449297,0.009030394,-25.399052,2.1371396,0.7123799,0.16000001,0.0,0.11399127,2.524998,2.534998,1142400
hardzero_plus_depr__c0p54__z1p10__lam0p010__nu0p50__psi0p75,hardzero_plus_depr,0.06,40,357,0.0,3,0.28058177,0.28144723,1.0152093,0.09655852,0.09655852,1.0,0.00086544635,0.008962921,-27.341478,2.233505,0.7445017,0.120000005,0.0,0.12832421,2.534998,2.544998,1145600
hardzero_plus_depr__c0p54__z1p10__lam0p010__nu0p50__psi0p75,hardzero_plus_depr,0.06,40,358,0.0,3,0.28144723,0.28233021,1.0032438,0.09925586,0.09925586,1.0,0.0008829753,0.008895951,-26.250599,2.2071805,0.73572683,0.216,0.0,0.14684123,2.544998,2.554998,1148800
hardzero_plus_depr__c0p54__z1p10__lam0p010__nu0p50__psi0p75,hardzero_plus_depr,0.06,40,359,0.0,3,0.28233021,0.2831607,1.0266136,0.09405597,0.09405597,1.0,0.0008304654,0.008829481,-27.705505,2.258595,0.752865,0.16000001,0.0,0.14465874,2.554998,2.564998,1152000
hardzero_plus_depr__c0p54__z1p10__lam0p010__nu0p50__psi0p75,hardzero_plus_depr,0.06,40,360,0.0,3,0.2831607,0.28403544,1.000796,0.099816896,0.099816896,1.0,0.00087474595,0.008763506,-26.288813,2.201795,0.7339317,0.224,0.0,0.14237705,2.564998,2.574998,1155200
hardzero_plus_depr__c0p54__z1p10__lam0p010__nu0p50__psi0p75,hardzero_plus_depr,0.06,40,361,0.0,3,0.28403544,0.28487864,1.013487,0.09694222,0.09694222,1.0,0.0008432061,0.008698027,-27.723429,2.2297158,0.7432386,0.216,0.0,0.12718304,2.574998,2.584998,1158400
hardzero_plus_depr__c0p54__z1p10__lam0p010__nu0p50__psi0p75,hardzero_plus_depr,0.06,40,362,0.0,3,0.28487864,0.28581148,0.96635145,0.10805591,0.10805591,1.0,0.00093285047,0.008633035,-26.61597,2.1260157,0.7086719,0.112,0.0,0.122779265,2.584998,2.594998,1161600
hardzero_plus_depr__c0p54__z1p10__lam0p010__nu0p50__psi0p75,hardzero_plus_depr,0.06,40,363,0.0,3,0.28581148,0.28655612,1.0609584,0.08690437,0.08690437,1.0,0.00074464263,0.008568529,-27.761467,2.334155,0.77805173,0.14400001,0.0,0.18268539,2.594998,2.6049979,1164800
hardzero_plus_depr__c0p54__z1p10__lam0p010__nu0p50__psi0p75,hardzero_plus_depr,0.06,40,364,0.0,3,0.28655612,0.28746405,0.97160125,0.10675759,0.10675759,1.0,0.0009079206,0.008504506,-26.900791,2.1375654,0.7125218,0.17999999,0.0,0.14546461,2.6049979,2.6149979,1168000
hardzero_plus_depr__c0p54__z1p10__lam0p010__nu0p50__psi0p75,hardzero_plus_depr,0.06,40,365,0.0,3,0.28746405,0.28826338,1.0236641,0.094696924,0.094696924,1.0,0.00079933304,0.008440961,-27.489752,2.252106,0.750702,0.18400002,0.0,0.16317065,2.6149979,2.6249979,1171200
hardzero_plus_depr__c0p54__z1p10__lam0p010__nu0p50__psi0p75,hardzero_plus_depr,0.06,40,366,0.0,3,0.28826338,0.28909165,1.0049646,0.09886336,0.09886336,1.0,0.0008282664,0.00837789,-26.792356,2.2109663,0.7369888,0.16000001,0.008,0.13824217,2.6249979,2.6349978,1174400
hardzero_plus_depr__c0p54__z1p10__lam0p010__nu0p50__psi0p75,hardzero_plus_depr,0.06,40,367,0.0,3,0.28909165,0.28994828,0.9870849,0.10301845,0.10301845,1.0,0.0008566284,0.008315291,-26.87113,2.1716301,0.7238767,0.17600001,0.0,0.15084313,2.6349978,2.6449978,1177600
hardzero_plus_depr__c0p54__z1p10__lam0p010__nu0p50__psi0p75,hardzero_plus_depr,0.06,40,368,0.0,3,0.28994828,0.2906917,1.0453837,0.0900775,0.0900775,1.0,0.000743424,0.00825316,-27.348032,2.29989,0.76663005,0.128,0.0,0.14329048,2.6449978,2.6549978,1180800
hardzero_plus_depr__c0p54__z1p10__lam0p010__nu0p50__psi0p75,hardzero_plus_depr,0.06,40,369,0.0,3,0.2906917,0.2915681,0.97066146,0.106988855,0.106988855,1.0,0.00087639847,0.008191493,-26.727028,2.1354978,0.71183264,0.16000001,0.0,0.16864493,2.6549978,2.6649978,1184000
hardzero_plus_depr__c0p54__z1p10__lam0p010__nu0p50__psi0p75,hardzero_plus_depr,0.06,40,370,0.0,3,0.2915681,0.29241028,0.9847031,0.10358499,0.10358499,1.0,0.0008421758,0.008130288,-25.987036,2.1663902,0.72213006,0.192,0.0,0.13282295,2.6649978,2.6749978,1187200
hardzero_plus_depr__c0p54__z1p10__lam0p010__nu0p50__psi0p75,hardzero_plus_depr,0.06,40,371,0.0,3,0.29241028,0.2932343,0.99092054,0.10211262,0.10211262,1.0,0.00082400156,0.008069537,-27.318533,2.1800687,0.7266896,0.17600001,0.0,0.17831829,2.6749978,2.6849978,1190400
hardzero_plus_depr__c0p54__z1p10__lam0p010__nu0p50__psi0p75,hardzero_plus_depr,0.06,40,372,0.0,3,0.2932343,0.2940018,1.0185063,0.09582828,0.09582828,1.0,0.0007675118,0.008009241,-27.730978,2.2407587,0.7469196,0.17600001,0.0,0.15738872,2.6849978,2.6949978,1193600
hardzero_plus_depr__c0p54__z1p10__lam0p010__nu0p50__psi0p75,hardzero_plus_depr,0.06,40,373,0.0,3,0.2940018,0.29479414,1.0014079,0.09967634,0.09967634,1.0,0.0007923669,0.007949398,-26.707485,2.2031412,0.7343804,0.18400002,0.0,0.15287174,2.6949978,2.7049978,1196800
hardzero_plus_depr__c0p54__z1p10__lam0p010__nu0p50__psi0p75,hardzero_plus_depr,0.06,40,374,0.0,3,0.29479414,0.29551753,1.0376996,0.091685444,0.091685444,1.0,0.00072339823,0.007890001,-27.653837,2.2829847,0.7609949,0.18400002,0.0,0.14392014,2.7049978,2.7149978,1200000
hardzero_plus_depr__c0p54__z1p10__lam0p010__nu0p50__psi0p75,hardzero_plus_depr,0.06,40,375,0.0,3,0.29551753,0.29634342,0.97690266,0.10546232,0.10546232,1.0,0.0008258805,0.007831048,-26.398205,2.1492288,0.7164096,0.14400001,0.0,0.13879476,2.7149978,2.7249978,1203200
hardzero_plus_depr__c0p54__z1p10__lam0p010__nu0p50__psi0p75,hardzero_plus_depr,0.06,40,376,0.0,3,0.29634342,0.29722822,0.943713,0.11383792,0.11383792,1.0,0.00088480895,0.0077725328,-26.515661,2.07621,0.69207,0.224,0.0,0.14106722,2.7249978,2.7349977,1206400
hardzero_plus_depr__c0p54__z1p10__lam0p010__nu0p50__psi0p75,hardzero_plus_depr,0.06,40,377,0.0,3,0.29722822,0.297972,1.0158659,0.09641266,0.09641266,1.0,0.0007437715,0.0077144587,-26.659452,2.2349496,0.7449832,0.11,0.0,0.11983785,2.7349977,2.7449977,1209600
hardzero_plus_depr__c0p54__z1p10__lam0p010__nu0p50__psi0p75,hardzero_plus_depr,0.06,40,378,0.0,3,0.297972,0.2987638,0.9854213,0.103413835,0.103413835,1.0,0.0007918208,0.007656817,-26.336279,2.1679702,0.7226567,0.16800001,0.0,0.14046092,2.7449977,2.7549977,1212800
hardzero_plus_depr__c0p54__z1p10__lam0p010__nu0p50__psi0p75,hardzero_plus_depr,0.06,40,379,0.0,3,0.2987638,0.2995742,0.972105,0.1066338,0.1066338,1.0,0.0008103746,0.007599604,-26.737814,2.1386738,0.7128913,0.104,0.0,0.15227914,2.7549977,2.7649977,1216000
hardzero_plus_depr__c0p54__z1p10__lam0p010__nu0p50__psi0p75,hardzero_plus_depr,0.06,40,380,0.0,3,0.2995742,0.30033195,0.99801236,0.10045872,0.10045872,1.0,0.00075774215,0.007542821,-26.925114,2.195671,0.7318904,0.192,0.0,0.14450629,2.7649977,2.7749977,1219200
hardzero_plus_depr__c0p54__z1p10__lam0p010__nu0p50__psi0p75,hardzero_plus_depr,0.06,40,381,0.0,3,0.30033195,0.3010865,0.9965986,0.100786276,0.100786276,1.0,0.0007545325,0.007486461,-26.724392,2.1925607,0.73085356,0.15200001,0.0,0.13915116,2.7749977,2.7849977,1222400
hardzero_plus_depr__c0p54__z1p10__lam0p010__nu0p50__psi0p75,hardzero_plus_depr,0.06,40,382,0.0,3,0.3010865,0.30184162,0.9929919,0.101626754,0.101626754,1.0,0.00075514,0.0074305236,-26.838951,2.1846259,0.72820866,0.104,0.0,0.1314066,2.7849977,2.7949977,1225600
hardzero_plus_depr__c0p54__z1p10__lam0p010__nu0p50__psi0p75,hardzero_plus_depr,0.06,40,383,0.0,3,0.30184162,0.30255798,1.0126276,0.097134255,0.097134255,1.0,0.00071636547,0.0073750033,-27.265594,2.2278252,0.7426084,0.120000005,0.0,0.17435864,2.7949977,2.8049977,1228800
hardzero_plus_depr__c0p54__z1p10__lam0p010__nu0p50__psi0p75,hardzero_plus_depr,0.06,40,384,0.0,3,0.30255798,0.3032851,1.002908,0.09933263,0.09933263,1.0,0.00072710455,0.0073198965,-26.91285,2.2064416,0.73548055,0.18400002,0.0,0.14130695,2.8049977,2.8149977,1232000
hardzero_plus_depr__c0p54__z1p10__lam0p010__nu0p50__psi0p75,hardzero_plus_depr,0.06,40,385,0.0,3,0.3032851,0.30397,1.0256081,0.094274,0.094274,1.0,0.00068491977,0.007265203,-27.139238,2.2563827,0.7521276,0.080000006,0.0,0.13740763,2.8149977,2.8249977,1235200
hardzero_plus_depr__c0p54__z1p10__lam0p010__nu0p50__psi0p75,hardzero_plus_depr,0.06,40,386,0.0,3,0.30397,0.30466825,1.0139887,0.09683028,0.09683028,1.0,0.0006982353,0.007210919,-27.79458,2.2308197,0.74360657,0.16800001,0.0,0.15940756,2.8249977,2.8349977,1238400
hardzero_plus_depr__c0p54__z1p10__lam0p010__nu0p50__psi0p75,hardzero_plus_depr,0.06,40,387,0.0,3,0.30466825,0.3053831,1.0005207,0.09988017,0.09988017,1.0,0.00071484613,0.007157038,-27.560434,2.2011895,0.73372984,0.16000001,0.0,0.14271879,2.8349977,2.8449976,1241600
hardzero_plus_depr__c0p54__z1p10__lam0p010__nu0p50__psi0p75,hardzero_plus_depr,0.06,40,388,0.0,3,0.3053831,0.30612972,0.97837216,0.10510607,0.10510607,1.0,0.0007466274,0.007103561,-25.839235,2.1524618,0.7174873,0.18400002,0.0,0.103883654,2.8449976,2.8549976,1244800
hardzero_plus_depr__c0p54__z1p10__lam0p010__nu0p50__psi0p75,hardzero_plus_depr,0.06,40,389,0.0,3,0.30612972,0.30685195,0.98953795,0.10243823,0.10243823,1.0,0.00072223914,0.007050485,-26.572569,2.177027,0.7256757,0.24000001,0.0,0.148544,2.8549976,2.8649976,1248000
hardzero_plus_depr__c0p54__z1p10__lam0p010__nu0p50__psi0p75,hardzero_plus_depr,0.06,40,390,0.0,3,0.30685195,0.30751166,1.0256177,0.094271906,0.094271906,1.0,0.00065969635,0.006997804,-27.52806,2.2564042,0.75213474,0.16,0.0,0.17783564,2.8649976,2.8749976,1251200
hardzero_plus_depr__c0p54__z1p10__lam0p010__nu0p50__psi0p75,hardzero_plus_depr,0.06,40,391,0.0,3,0.30751166,0.3082542,0.97097236,0.10691228,0.10691228,1.0,0.000742561,0.006945517,-26.63927,2.1361818,0.71206063,0.2,0.0,0.11810463,2.8749976,2.8849976,1254400
hardzero_plus_depr__c0p54__z1p10__lam0p010__nu0p50__psi0p75,hardzero_plus_depr,0.06,40,392,0.0,3,0.3082542,0.30899456,0.96901757,0.10739458,0.10739458,1.0,0.00074033736,0.0068936194,-25.945427,2.1318812,0.7106271,0.216,0.0,0.12519123,2.8849976,2.8949976,1257600
hardzero_plus_depr__c0p54__z1p10__lam0p010__nu0p50__psi0p75,hardzero_plus_depr,0.06,40,393,0.0,3,0.30899456,0.30966517,1.0087187,0.098012455,0.098012455,1.0,0.0006706121,0.0068421112,-27.132282,2.2192256,0.7397419,0.14400001,0.0,0.16380408,2.8949976,2.9049976,1260800
hardzero_plus_depr__c0p54__z1p10__lam0p010__nu0p50__psi0p75,hardzero_plus_depr,0.06,40,394,0.0,3,0.30966517,0.31038782,0.97300583,0.10641287,0.10641287,1.0,0.0007226485,0.0067909877,-26.79078,2.1406555,0.7135519,0.120000005,0.0,0.14310308,2.9049976,2.9149976,1264000
hardzero_plus_depr__c0p54__z1p10__lam0p010__nu0p50__psi0p75,hardzero_plus_depr,0.06,40,395,0.0,3,0.31038782,0.31104055,1.0139338,0.09684255,0.09684255,1.0,0.00065274246,0.0067402446,-27.838802,2.2306988,0.7435663,0.128,0.0,0.12417059,2.9149976,2.9249976,1267200
hardzero_plus_depr__c0p54__z1p10__lam0p010__nu0p50__psi0p75,hardzero_plus_depr,0.06,40,396,0.0,3,0.31104055,0.3116984,1.00729,0.09833542,0.09833542,1.0,0.00065785245,0.006689883,-26.998312,2.2160823,0.73869413,0.23200001,0.008,0.13750805,2.9249976,2.9349976,1270400
hardzero_plus_depr__c0p54__z1p10__lam0p010__nu0p50__psi0p75,hardzero_plus_depr,0.06,40,397,0.0,3,0.3116984,0.3122833,1.0550894,0.088086754,0.088086754,1.0,0.00058488693,0.0066398964,-27.060947,2.3212428,0.7737476,0.128,0.0,0.13701689,2.9349976,2.9449975,1273600
hardzero_plus_depr__c0p54__z1p10__lam0p010__nu0p50__psi0p75,hardzero_plus_depr,0.06,40,398,0.0,3,0.3122833,0.3129784,0.9768763,0.105468735,0.105468735,1.0,0.0006950689,0.006590284,-26.235855,2.1491709,0.7163903,0.16800001,0.0,0.15522526,2.9449975,2.9549975,1276800
hardzero_plus_depr__c0p54__z1p10__lam0p010__nu0p50__psi0p75,hardzero_plus_depr,0.06,40,399,0.0,3,0.3129784,0.31360975,1.015376,0.0965215,0.0965215,1.0,0.0006313512,0.0065410426,-27.697258,2.2338717,0.7446239,0.16000001,0.0,0.14387892,2.9549975,2.9649975,1280000
hardzero_plus_depr__c0p54__z1p10__lam0p010__nu0p50__psi0p75,hardzero_plus_depr,0.06,40,400,0.0,3,0.31360975,0.31426197,0.9979918,0.10046349,0.10046349,1.0,0.0006522257,0.006492167,-27.123955,2.1956258,0.7318753,0.104,0.0,0.14453262,2.9649975,2.9749975,1283200
hardzero_plus_depr__c0p54__z1p10__lam0p010__nu0p50__psi0p75,hardzero_plus_depr,0.06,40,401,0.0,3,0.31426197,0.31497478,0.9561584,0.110622026,0.110622026,1.0,0.0007128105,0.006443658,-26.828655,2.1035905,0.70119685,0.192,0.0,0.1286794,2.9749975,2.9849975,1286400
hardzero_plus_depr__c0p54__z1p10__lam0p010__nu0p50__psi0p75,hardzero_plus_depr,0.06,40,402,0.0,3,0.31497478,0.31562054,0.9958115,0.10096909,0.10096909,1.0,0.00064574904,0.006395512,-26.766495,2.190829,0.73027635,0.18400002,0.0,0.12131854,2.9849975,2.9949975,1289600
hardzero_plus_depr__c0p54__z1p10__lam0p010__nu0p50__psi0p75,hardzero_plus_depr,0.06,40,403,0.0,3,0.31562054,0.3162302,1.0175312,0.0960437,0.0960437,1.0,0.0006096589,0.006347724,-26.257738,2.2386131,0.7462044,0.14,0.0,0.1410097,2.9949975,3.0049975,1292800
hardzero_plus_depr__c0p54__z1p10__lam0p010__nu0p50__psi0p75,hardzero_plus_depr,0.06,40,404,0.0,3,0.3162302,0.31686625,0.9958693,0.10095566,0.10095566,1.0,0.00063605036,0.0063002943,-26.426193,2.190956,0.7303187,0.23200001,0.008,0.1444026,3.0049975,3.0149975,1296000
hardzero_plus_depr__c0p54__z1p10__lam0p010__nu0p50__psi0p75,hardzero_plus_depr,0.06,40,405,0.0,3,0.31686625,0.31747708,1.0101752,0.09768429,0.09768429,1.0,0.00061084126,0.006253219,-26.764687,2.22243,0.74081004,0.17600001,0.0,0.14852384,3.0149975,3.0249975,1299200
hardzero_plus_depr__c0p54__z1p10__lam0p010__nu0p50__psi0p75,hardzero_plus_depr,0.06,40,406,0.0,3,0.31747708,0.31799987,1.0745074,0.08423501,0.08423501,1.0,0.0005228043,0.006206496,-27.971073,2.3639634,0.7879878,0.15200001,0.0,0.11766158,3.0249975,3.0349975,1302400
hardzero_plus_depr__c0p54__z1p10__lam0p010__nu0p50__psi0p75,hardzero_plus_depr,0.06,40,407,0.0,3,0.31799987,0.31856388,1.0383122,0.091556214,0.091556214,1.0,0.0005639974,0.006160122,-27.782263,2.2843325,0.7614442,0.14400001,0.0,0.16719942,3.0349975,3.0449975,1305600
hardzero_plus_depr__c0p54__z1p10__lam0p010__nu0p50__psi0p75,hardzero_plus_depr,0.06,40,408,0.0,3,0.31856388,0.31913552,1.0292146,0.09349435,0.09349435,1.0,0.0005716331,0.0061140927,-27.791239,2.2643173,0.7547724,0.17600001,0.0,0.14787963,3.0449975,3.0549974,1308800
hardzero_plus_depr__c0p54__z1p10__lam0p010__nu0p50__psi0p75,hardzero_plus_depr,0.06,40,409,0.0,3,0.31913552,0.31971574,1.0194784,0.09561401,0.09561401,1.0,0.00058022497,0.0060684094,-27.329744,2.2428973,0.74763244,0.224,0.0,0.1546652,3.0549974,3.0649974,1312000
hardzero_plus_depr__c0p54__z1p10__lam0p010__nu0p50__psi0p75,hardzero_plus_depr,0.06,40,410,0.0,3,0.31971574,0.3203894,0.9513829,0.11184515,0.11184515,1.0,0.00067365076,0.0060230666,-25.793915,2.093084,0.6976947,0.18400002,0.0,0.12247564,3.0649974,3.0749974,1315200
hardzero_plus_depr__c0p54__z1p10__lam0p010__nu0p50__psi0p75,hardzero_plus_depr,0.06,40,411,0.0,3,0.3203894,0.3209544,1.0244871,0.09451765,0.09451765,1.0,0.00056503236,0.005978062,-27.574413,2.2539167,0.7513056,0.14400001,0.0,0.15643151,3.0749974,3.0849974,1318400
hardzero_plus_depr__c0p54__z1p10__lam0p010__nu0p50__psi0p75,hardzero_plus_depr,0.06,40,412,0.0,3,0.3209544,0.3215009,1.0357252,0.09210321,0.09210321,1.0,0.0005464847,0.0059333947,-27.678478,2.278641,0.759547,0.120000005,0.0,0.1418999,3.0849974,3.0949974,1321600
hardzero_plus_depr__c0p54__z1p10__lam0p010__nu0p50__psi0p75,hardzero_plus_depr,0.06,40,413,0.0,3,0.3215009,0.3221197,0.9784818,0.10507954,0.10507954,1.0,0.00061881973,0.0058890604,-25.918926,2.152703,0.7175677,0.16800001,0.0,0.13078384,3.0949974,3.1049974,1324800
hardzero_plus_depr__c0p54__z1p10__lam0p010__nu0p50__psi0p75,hardzero_plus_depr,0.06,40,414,0.0,3,0.3221197,0.3227281,0.98260087,0.10408762,0.10408762,1.0,0.00060839823,0.0058450582,-27.267294,2.161765,0.7205884,0.18400002,0.0,0.14109617,3.1049974,3.1149974,1328000
hardzero_plus_depr__c0p54__z1p10__lam0p010__nu0p50__psi0p75,hardzero_plus_depr,0.06,40,415,0.0,3,0.3227281,0.32333788,0.97834575,0.10511246,0.10511246,1.0,0.00060979783,0.005801385,-26.591694,2.1524036,0.7174679,0.2,0.0,0.12787916,3.1149974,3.1249974,1331200
hardzero_plus_depr__c0p54__z1p10__lam0p010__nu0p50__psi0p75,hardzero_plus_depr,0.06,40,416,0.0,3,0.32333788,0.3239699,0.95954007,0.10976401,0.10976401,1.0,0.0006320251,0.005758036,-26.20166,2.1110303,0.7036768,0.19999999,0.0,0.13033336,3.1249974,3.1349974,1334400
hardzero_plus_depr__c0p54__z1p10__lam0p010__nu0p50__psi0p75,hardzero_plus_depr,0.06,40,417,0.0,3,0.3239699,0.3246192,0.94456875,0.113613844,0.113613844,1.0,0.00064930454,0.0057150126,-26.271194,2.0780928,0.69269764,0.24000001,0.0,0.14249694,3.1349974,3.1449974,1337600
hardzero_plus_depr__c0p54__z1p10__lam0p010__nu0p50__psi0p75,hardzero_plus_depr,0.06,40,418,0.0,3,0.3246192,0.32522443,0.97184634,0.10669736,0.10669736,1.0,0.0006052206,0.005672311,-26.134426,2.1381047,0.71270156,0.16000001,0.0,0.13753265,3.1449974,3.1549973,1340800
hardzero_plus_depr__c0p54__z1p10__lam0p010__nu0p50__psi0p75,hardzero_plus_depr,0.06,40,419,0.0,3,0.32522443,0.32584804,0.95559216,0.11076636,0.11076636,1.0,0.00062360644,0.0056299265,-25.933773,2.1023448,0.7007816,0.16800001,0.0,0.12318487,3.1549973,3.1649973,1344000
hardzero_plus_depr__c0p54__z1p10__lam0p010__nu0p50__psi0p75,hardzero_plus_depr,0.06,40,420,0.0,3,0.32584804,0.3264066,1.000178,0.09995902,0.09995902,1.0,0.00055855705,0.00558786,-26.307919,2.2004354,0.7334785,0.128,0.0,0.1449067,3.1649973,3.1749973,1347200
hardzero_plus_depr__c0p54__z1p10__lam0p010__nu0p50__psi0p75,hardzero_plus_depr,0.06,40,421,0.0,3,0.3264066,0.3268961,1.0542284,0.08826156,0.08826156,1.0,0.0004895082,0.005546109,-27.669659,2.3193488,0.7731163,0.112,0.0,0.14926128,3.1749973,3.1849973,1350400
hardzero_plus_depr__c0p54__z1p10__lam0p010__nu0p50__psi0p75,hardzero_plus_depr,0.06,40,422,0.0,3,0.3268961,0.3274967,0.9621393,0.10910904,0.10910904,1.0,0.0006006091,0.0055046687,-26.084661,2.1167488,0.705583,0.18400002,0.0,0.113018826,3.1849973,3.1949973,1353600
hardzero_plus_depr__c0p54__z1p10__lam0p010__nu0p50__psi0p75,hardzero_plus_depr,0.06,40,423,0.0,3,0.3274967,0.32803065,1.0099885,0.09772629,0.09772629,1.0,0.00053393136,0.0054635387,-27.078978,2.2220192,0.74067307,0.17600001,0.0,0.14161825,3.1949973,3.2049973,1356800
hardzero_plus_depr__c0p54__z1p10__lam0p010__nu0p50__psi0p75,hardzero_plus_depr,0.06,40,424,0.0,3,0.32803065,0.32847998,1.0816433,0.082862236,0.082862236,1.0,0.00044933826,0.0054227146,-28.189686,2.3796628,0.79322094,0.14400001,0.0,0.16607125,3.2049973,3.2149973,1360000
hardzero_plus_depr__c0p54__z1p10__lam0p010__nu0p50__psi0p75,hardzero_plus_depr,0.06,40,425,0.0,3,0.32847998,0.3290515,0.97392076,0.10618894,0.10618894,1.0,0.0005715298,0.005382197,-25.916784,2.1426685,0.71422285,0.208,0.0,0.14409119,3.2149973,3.2249973,1363200
hardzero_plus_depr__c0p54__z1p10__lam0p010__nu0p50__psi0p75,hardzero_plus_depr,0.06,40,426,0.0,3,0.3290515,0.32962415,0.96981204,0.10719832,0.10719832,1.0,0.00057265145,0.0053419815,-26.584026,2.133629,0.7112097,0.224,0.008,0.14926782,3.2249973,3.2349973,1366400
hardzero_plus_depr__c0p54__z1p10__lam0p010__nu0p50__psi0p75,hardzero_plus_depr,0.06,40,427,0.0,3,0.32962415,0.33006206,1.0830455,0.08259514,0.08259514,1.0,0.0004379248,0.005302065,-28.378387,2.3827477,0.79424924,0.14400001,0.0,0.15026571,3.2349973,3.2449973,1369600
hardzero_plus_depr__c0p54__z1p10__lam0p010__nu0p50__psi0p75,hardzero_plus_depr,0.06,40,428,0.0,3,0.33006206,0.33057442,1.0116143,0.09736115,0.09736115,1.0,0.0005123581,0.0052624494,-26.318514,2.225596,0.74186534,0.18400002,0.0,0.1377318,3.2449973,3.2549973,1372800
hardzero_plus_depr__c0p54__z1p10__lam0p010__nu0p50__psi0p75,hardzero_plus_depr,0.06,40,429,0.0,3,0.33057442,0.33116677,0.94535774,0.113407634,0.113407634,1.0,0.00059234264,0.0052231285,-25.521908,2.0798285,0.69327617,0.25,0.0,0.12955783,3.2549973,3.2649972,1376000
hardzero_plus_depr__c0p54__z1p10__lam0p010__nu0p50__psi0p75,hardzero_plus_depr,0.06,40,430,0.0,3,0.33116677,0.33171973,0.9719973,0.10666027,0.10666027,1.0,0.0005529377,0.005184102,-26.636509,2.1384368,0.7128123,0.064,0.0,0.10413096,3.2649972,3.2749972,1379200
hardzero_plus_depr__c0p54__z1p10__lam0p010__nu0p50__psi0p75,hardzero_plus_depr,0.06,40,431,0.0,3,0.33171973,0.3322301,1.0035331,0.099189766,0.099189766,1.0,0.0005103678,0.0051453672,-26.878672,2.207817,0.735939,0.120000005,0.0,0.12587984,3.2749972,3.2849972,1382400
hardzero_plus_depr__c0p54__z1p10__lam0p010__nu0p50__psi0p75,hardzero_plus_depr,0.06,40,432,0.0,3,0.3322301,0.33277208,0.9741809,0.10612533,0.10612533,1.0,0.0005419736,0.0051069204,-25.775263,2.1432407,0.7144136,0.2,0.0,0.13308889,3.2849972,3.2949972,1385600
hardzero_plus_depr__c0p54__z1p10__lam0p010__nu0p50__psi0p75,hardzero_plus_depr,0.06,40,433,0.0,3,0.33277208,0.33322755,1.0464505,0.0898565,0.0898565,1.0,0.0004554612,0.005068762,-27.77795,2.302237,0.76741236,0.14400001,0.0,0.13850814,3.2949972,3.3049972,1388800
hardzero_plus_depr__c0p54__z1p10__lam0p010__nu0p50__psi0p75,hardzero_plus_depr,0.06,40,434,0.0,3,0.33322755,0.33375648,0.97823316,0.10513973,0.10513973,1.0,0.00052894634,0.005030889,-26.938944,2.1521559,0.7173853,0.16000001,0.0,0.14829643,3.3049972,3.3149972,1392000
hardzero_plus_depr__c0p54__z1p10__lam0p010__nu0p50__psi0p75,hardzero_plus_depr,0.06,40,435,0.0,3,0.33375648,0.33420214,1.0493709,0.0892543,0.0892543,1.0,0.00044567327,0.0049932976,-28.329275,2.3086622,0.7695541,0.15200001,0.0,0.16924518,3.3149972,3.3249972,1395200
hardzero_plus_depr__c0p54__z1p10__lam0p010__nu0p50__psi0p75,hardzero_plus_depr,0.06,40,436,0.0,3,0.33420214,0.3347298,0.9727726,0.10647002,0.10647002,1.0,0.00052766415,0.004955988,-26.320448,2.1401424,0.7133808,0.2,0.0,0.13823055,3.3249972,3.3349972,1398400
hardzero_plus_depr__c0p54__z1p10__lam0p010__nu0p50__psi0p75,hardzero_plus_depr,0.06,40,437,0.0,3,0.3347298,0.3351498,1.068621,0.08538449,0.08538449,1.0,0.00042000267,0.0049189576,-27.567451,2.3510132,0.7836711,0.096,0.0,0.1417885,3.3349972,3.3449972,1401600
hardzero_plus_depr__c0p54__z1p10__lam0p010__nu0p50__psi0p75,hardzero_plus_depr,0.06,40,438,0.0,3,0.3351498,0.3356548,0.9853356,0.10343426,0.10343426,1.0,0.00050498714,0.004882204,-26.415285,2.1677816,0.7225939,0.208,0.0,0.155673,3.3449972,3.3549972,1404800
hardzero_plus_depr__c0p54__z1p10__lam0p010__nu0p50__psi0p75,hardzero_plus_depr,0.06,40,439,0.0,3,0.3356548,0.3361218,1.0160533,0.09637106,0.09637106,1.0,0.00046698767,0.004845725,-26.753532,2.2353618,0.74512064,0.136,0.0,0.14628737,3.3549972,3.3649971,1408000
hardzero_plus_depr__c0p54__z1p10__lam0p010__nu0p50__psi0p75,hardzero_plus_depr,0.06,40,440,0.0,3,0.3361218,0.33662623,0.9792946,0.10488305,0.10488305,1.0,0.0005044368,0.0048095165,-26.729784,2.1544912,0.7181637,0.208,0.0,0.13211276,3.3649971,3.3749971,1411200
hardzero_plus_depr__c0p54__z1p10__lam0p010__nu0p50__psi0p75,hardzero_plus_depr,0.06,40,441,0.0,3,0.33662623,0.33708575,1.01653,0.09626533,0.09626533,1.0,0.00045953036,0.004773581,-26.584915,2.2364109,0.7454703,0.112,0.0,0.14547035,3.3749971,3.3849971,1414400
hardzero_plus_depr__c0p54__z1p10__lam0p010__nu0p50__psi0p75,hardzero_plus_depr,0.06,40,442,0.0,3,0.33708575,0.33759698,0.9669683,0.10790256,0.10790256,1.0,0.0005112329,0.0047379127,-26.44622,2.1273727,0.70912427,0.13,0.0,0.13714366,3.3849971,3.3949971,1417600
hardzero_plus_depr__c0p54__z1p10__lam0p010__nu0p50__psi0p75,hardzero_plus_depr,0.06,40,443,0.0,3,0.33759698,0.33810923,0.9628658,0.10892665,0.10892665,1.0,0.00051222875,0.004702511,-26.595852,2.1183472,0.7061157,0.264,0.0,0.15923074,3.3949971,3.404997,1420800
hardzero_plus_depr__c0p54__z1p10__lam0p010__nu0p50__psi0p75,hardzero_plus_depr,0.06,40,444,0.0,3,0.33810923,0.3385218,1.0535576,0.08839797,0.08839797,1.0,0.00041258644,0.0046673743,-27.566374,2.317873,0.7726244,0.16800001,0.0,0.16303033,3.404997,3.414997,1424000
hardzero_plus_depr__c0p54__z1p10__lam0p010__nu0p50__psi0p75,hardzero_plus_depr,0.06,40,445,0.0,3,0.3385218,0.3390009,0.9853826,0.10342306,0.10342306,1.0,0.00047910737,0.0046325005,-26.191616,2.167885,0.72262836,0.128,0.0,0.12573633,3.414997,3.424997,1427200
hardzero_plus_depr__c0p54__z1p10__lam0p010__nu0p50__psi0p75,hardzero_plus_depr,0.06,40,446,0.0,3,0.3390009,0.33950484,0.9601784,0.109602794,0.109602794,1.0,0.00050394126,0.004597887,-25.936724,2.1124346,0.7041449,0.128,0.0,0.119456105,3.424997,3.434997,1430400
hardzero_plus_depr__c0p54__z1p10__lam0p010__nu0p50__psi0p75,hardzero_plus_depr,0.06,40,447,0.0,3,0.33950484,0.33993658,1.0240862,0.09460492,0.09460492,1.0,0.00043173254,0.004563532,-27.439451,2.2530348,0.7510116,0.16800001,0.0,0.1488586,3.434997,3.444997,1433600
hardzero_plus_depr__c0p54__z1p10__lam0p010__nu0p50__psi0p75,hardzero_plus_depr,0.06,40,448,0.0,3,0.33993658,0.3404081,0.98256856,0.10409536,0.10409536,1.0,0.0004714929,0.0045294324,-27.115921,2.161694,0.7205647,0.17600001,0.0,0.15429638,3.444997,3.454997,1436800
hardzero_plus_depr__c0p54__z1p10__lam0p010__nu0p50__psi0p75,hardzero_plus_depr,0.06,40,449,0.0,3,0.3404081,0.34083065,1.0269021,0.09399353,0.09399353,1.0,0.00042255627,0.004495589,-26.657738,2.2592297,0.75307655,0.112,0.0,0.1546223,3.454997,3.464997,1440000
hardzero_plus_depr__c0p54__z1p10__lam0p010__nu0p50__psi0p75,hardzero_plus_depr,0.06,40,450,0.0,3,0.34083065,0.34129322,0.9843478,0.103669785,0.103669785,1.0,0.00046257448,0.004461999,-27.049545,2.1656084,0.72186947,0.16000001,0.0,0.14188264,3.464997,3.474997,1443200
hardzero_plus_depr__c0p54__z1p10__lam0p010__nu0p50__psi0p75,hardzero_plus_depr,0.06,40,451,0.0,3,0.34129322,0.3417427,0.9935768,0.10148997,0.10148997,1.0,0.00044946437,0.004428658,-27.08481,2.1859126,0.7286376,0.16000001,0.0,0.15879448,3.474997,3.484997,1446400
hardzero_plus_depr__c0p54__z1p10__lam0p010__nu0p50__psi0p75,hardzero_plus_depr,0.06,40,452,0.0,3,0.3417427,0.3421707,1.0115788,0.09736911,0.09736911,1.0,0.0004279925,0.0043955673,-26.51647,2.2255177,0.7418393,0.15200001,0.0,0.12893204,3.484997,3.494997,1449600
hardzero_plus_depr__c0p54__z1p10__lam0p010__nu0p50__psi0p75,hardzero_plus_depr,0.06,40,453,0.0,3,0.3421707,0.34256694,1.0417746,0.090829164,0.090829164,1.0,0.00039626265,0.0043627247,-27.194185,2.29195,0.76398337,0.096,0.0,0.13789493,3.494997,3.504997,1452800
hardzero_plus_depr__c0p54__z1p10__lam0p010__nu0p50__psi0p75,hardzero_plus_depr,0.06,40,454,0.0,3,0.34256694,0.3430272,0.97348917,0.106294505,0.106294505,1.0,0.0004602687,0.004330127,-26.571035,2.1417189,0.7139063,0.14400001,0.0,0.13282624,3.504997,3.514997,1456000
hardzero_plus_depr__c0p54__z1p10__lam0p010__nu0p50__psi0p75,hardzero_plus_depr,0.06,40,455,0.0,3,0.3430272,0.34346196,0.99500924,0.10115578,0.10115578,1.0,0.00043474458,0.004297773,-26.717258,2.189064,0.72968805,0.17,0.0,0.1496862,3.514997,3.524997,1459200
hardzero_plus_depr__c0p54__z1p10__lam0p010__nu0p50__psi0p75,hardzero_plus_depr,0.06,40,456,0.0,3,0.34346196,0.34390745,0.981151,0.104435705,0.104435705,1.0,0.00044548715,0.0042656595,-26.655525,2.1585753,0.7195251,0.17600001,0.0,0.13825682,3.524997,3.534997,1462400
hardzero_plus_depr__c0p54__z1p10__lam0p010__nu0p50__psi0p75,hardzero_plus_depr,0.06,40,457,0.0,3,0.34390745,0.3443265,1.0044694,0.098976165,0.098976165,1.0,0.000419044,0.004233787,-26.803598,2.2098768,0.7366256,0.120000005,0.0,0.16912249,3.534997,3.544997,1465600
hardzero_plus_depr__c0p54__z1p10__lam0p010__nu0p50__psi0p75,hardzero_plus_depr,0.06,40,458,0.0,3,0.3443265,0.34472778,1.0200206,0.09549472,0.09549472,1.0,0.00040128338,0.0042021526,-27.63488,2.24409,0.74803007,0.16800001,0.0,0.13953233,3.544997,3.554997,1468800
hardzero_plus_depr__c0p54__z1p10__lam0p010__nu0p50__psi0p75,hardzero_plus_depr,0.06,40,459,0.0,3,0.34472778,0.3451664,0.978132,0.10516421,0.10516421,1.0,0.000438614,0.0041707535,-26.682648,2.1519334,0.71731114,0.16800001,0.0,0.14152087,3.554997,3.564997,1472000
hardzero_plus_depr__c0p54__z1p10__lam0p010__nu0p50__psi0p75,hardzero_plus_depr,0.06,40,460,0.0,3,0.3451664,0.34559467,0.98522973,0.10345946,0.10345946,1.0,0.0004282798,0.0041395905,-25.62697,2.1675487,0.72251624,0.16000001,0.0,0.12966645,3.564997,3.574997,1475200
hardzero_plus_depr__c0p54__z1p10__lam0p010__nu0p50__psi0p75,hardzero_plus_depr,0.06,40,461,0.0,3,0.34559467,0.34599233,1.0142106,0.096780844,0.096780844,1.0,0.00039763952,0.0041086595,-27.271324,2.2313077,0.7437693,0.16800001,0.0,0.17479302,3.574997,3.584997,1478400
hardzero_plus_depr__c0p54__z1p10__lam0p010__nu0p50__psi0p75,hardzero_plus_depr,0.06,40,462,0.0,3,0.34599233,0.34637657,1.0258274,0.094226405,0.094226405,1.0,0.00038425153,0.0040779603,-27.842827,2.2568653,0.75228846,0.16000001,0.0,0.15345818,3.584997,3.594997,1481600
hardzero_plus_depr__c0p54__z1p10__lam0p010__nu0p50__psi0p75,hardzero_plus_depr,0.06,40,463,0.0,3,0.34637657,0.34681672,0.96358675,0.10874599,0.10874599,1.0,0.00044014835,0.00404749,-25.565943,2.1199331,0.7066444,0.16000001,0.0,0.14667773,3.594997,3.604997,1484800
hardzero_plus_depr__c0p54__z1p10__lam0p010__nu0p50__psi0p75,hardzero_plus_depr,0.06,40,464,0.0,3,0.34681672,0.34720418,1.0157065,0.09644804,0.09644804,1.0,0.0003874556,0.004017247,-27.334532,2.2345989,0.7448663,0.14400001,0.0,0.123614736,3.604997,3.614997,1488000
hardzero_plus_depr__c0p54__z1p10__lam0p010__nu0p50__psi0p75,hardzero_plus_depr,0.06,40,465,0.0,3,0.34720418,0.34764865,0.95282865,0.11147343,0.11147343,1.0,0.00044447026,0.0039872304,-26.015676,2.0962648,0.69875497,0.224,0.0,0.12555963,3.614997,3.624997,1491200
hardzero_plus_depr__c0p54__z1p10__lam0p010__nu0p50__psi0p75,hardzero_plus_depr,0.06,40,466,0.0,3,0.34764865,0.34802777,1.0186578,0.09579486,0.09579486,1.0,0.00037910225,0.0039574383,-26.754917,2.241092,0.7470307,0.15200001,0.0,0.15061356,3.624997,3.634997,1494400
hardzero_plus_depr__c0p54__z1p10__lam0p010__nu0p50__psi0p75,hardzero_plus_depr,0.06,40,467,0.0,3,0.34802777,0.34841982,1.0008184,0.09981173,0.09981173,1.0,0.0003920473,0.003927868,-26.228079,2.2018445,0.7339482,0.120000005,0.0,0.15336666,3.634997,3.644997,1497600
hardzero_plus_depr__c0p54__z1p10__lam0p010__nu0p50__psi0p75,hardzero_plus_depr,0.06,40,468,0.0,3,0.34841982,0.348861,0.94626,0.113172255,0.113172255,1.0,0.0004412042,0.003898519,-26.121647,2.0818136,0.6939379,0.16,0.0,0.116832785,3.644997,3.6549969,1500800
hardzero_plus_depr__c0p54__z1p10__lam0p010__nu0p50__psi0p75,hardzero_plus_depr,0.06,40,469,0.0,3,0.348861,0.3492137,1.0402765,0.09114304,0.09114304,1.0,0.00035266796,0.0038693899,-28.200817,2.288654,0.76288474,0.17600001,0.0,0.14173307,3.6549969,3.6649969,1504000
hardzero_plus_depr__c0p54__z1p10__lam0p010__nu0p50__psi0p75,hardzero_plus_depr,0.06,40,470,0.0,3,0.3492137,0.349604,0.9929702,0.10163184,0.10163184,1.0,0.0003903149,0.0038404784,-26.545504,2.1845782,0.72819275,0.16000001,0.0,0.17656907,3.6649969,3.6749969,1507200
hardzero_plus_depr__c0p54__z1p10__lam0p010__nu0p50__psi0p75,hardzero_plus_depr,0.06,40,471,0.0,3,0.349604,0.34998938,0.99524796,0.10110021,0.10110021,1.0,0.00038537203,0.003811783,-27.274878,2.1895893,0.7298631,0.136,0.0,0.14500651,3.6749969,3.6849968,1510400
hardzero_plus_depr__c0p54__z1p10__lam0p010__nu0p50__psi0p75,hardzero_plus_depr,0.06,40,472,0.0,3,0.34998938,0.35036457,1.0036262,0.0991685,0.0991685,1.0,0.0003751843,0.003783301,-27.337824,2.2080219,0.73600733,0.136,0.0,0.12629732,3.6849968,3.6949968,1513600
hardzero_plus_depr__c0p54__z1p10__lam0p010__nu0p50__psi0p75,hardzero_plus_depr,0.06,40,473,0.0,3,0.35036457,0.35073704,1.0035186,0.099193074,0.099193074,1.0,0.0003724732,0.0037550326,-27.9523,2.207785,0.7359283,0.17600001,0.0,0.13863426,3.6949968,3.7049968,1516800
hardzero_plus_depr__c0p54__z1p10__lam0p010__nu0p50__psi0p75,hardzero_plus_depr,0.06,40,474,0.0,3,0.35073704,0.35113508,0.9714324,0.10679911,0.10679911,1.0,0.00039803764,0.003726975,-26.299294,2.137194,0.712398,0.192,0.0,0.16245367,3.7049968,3.7149968,1520000
hardzero_plus_depr__c0p54__z1p10__lam0p010__nu0p50__psi0p75,hardzero_plus_depr,0.06,40,475,0.0,3,0.35113508,0.35148838,1.0199337,0.09551383,0.09551383,1.0,0.00035331777,0.003699127,-27.361038,2.2438989,0.7479663,0.112,0.0,0.15114516,3.7149968,3.7249968,1523200
hardzero_plus_depr__c0p54__z1p10__lam0p010__nu0p50__psi0p75,hardzero_plus_depr,0.06,40,476,0.0,3,0.35148838,0.35188723,0.9640306,0.1086349,0.1086349,1.0,0.00039885164,0.0036714873,-26.63102,2.1209097,0.7069699,0.14400001,0.0,0.12594788,3.7249968,3.7349968,1526400
hardzero_plus_depr__c0p54__z1p10__lam0p010__nu0p50__psi0p75,hardzero_plus_depr,0.06,40,477,0.0,3,0.35188723,0.35225812,0.9923427,0.10177878,0.10177878,1.0,0.00037088743,0.0036440545,-27.7253,2.1831975,0.72773254,0.16000001,0.0,0.14118129,3.7349968,3.7449968,1529600
hardzero_plus_depr__c0p54__z1p10__lam0p010__nu0p50__psi0p75,hardzero_plus_depr,0.06,40,478,0.0,3,0.35225812,0.35260484,1.0183648,0.09585952,0.09585952,1.0,0.00034670724,0.0036168264,-27.864868,2.2404473,0.7468158,0.104,0.0,0.14910683,3.7449968,3.7549968,1532800
hardzero_plus_depr__c0p54__z1p10__lam0p010__nu0p50__psi0p75,hardzero_plus_depr,0.06,40,479,0.0,3,0.35260484,0.3529698,0.99283445,0.10166361,0.10166361,1.0,0.00036495226,0.0035898022,-26.665617,2.1842794,0.72809315,0.17600001,0.0,0.14988087,3.7549968,3.7649968,1536000
hardzero_plus_depr__c0p54__z1p10__lam0p010__nu0p50__psi0p75,hardzero_plus_depr,0.06,40,480,0.0,3,0.3529698,0.35330123,1.0314109,0.09302272,0.09302272,1.0,0.00033143797,0.0035629787,-28.340822,2.2691493,0.7563831,0.16000001,0.0,0.15760486,3.7649968,3.7749968,1539200
hardzero_plus_depr__c0p54__z1p10__lam0p010__nu0p50__psi0p75,hardzero_plus_depr,0.06,40,481,0.0,3,0.35330123,0.3536562,0.9983647,0.10037725,0.10037725,1.0,0.00035496973,0.0035363564,-27.036734,2.1964462,0.73214877,0.21,0.0,0.1251846,3.7749968,3.7849967,1542400
hardzero_plus_depr__c0p54__z1p10__lam0p010__nu0p50__psi0p75,hardzero_plus_depr,0.06,40,482,0.0,3,0.3536562,0.35398296,1.0310872,0.09309209,0.09309209,1.0,0.00032674705,0.0035099334,-27.08345,2.2684371,0.7561457,0.16800001,0.0,0.1357984,3.7849967,3.7949967,1545600
hardzero_plus_depr__c0p54__z1p10__lam0p010__nu0p50__psi0p75,hardzero_plus_depr,0.06,40,483,0.0,3,0.35398296,0.3543028,1.0371094,0.09181013,0.09181013,1.0,0.00031983954,0.0034837066,-28.421177,2.281686,0.76056206,0.104,0.0,0.16076355,3.7949967,3.8049967,1548800
hardzero_plus_depr__c0p54__z1p10__lam0p010__nu0p50__psi0p75,hardzero_plus_depr,0.06,40,484,0.0,3,0.3543028,0.35463998,1.0109175,0.09751747,0.09751747,1.0,0.00033718388,0.0034576766,-27.385147,2.224063,0.74135435,0.112,0.0,0.14015584,3.8049967,3.8149967,1552000
hardzero_plus_depr__c0p54__z1p10__lam0p010__nu0p50__psi0p75,hardzero_plus_depr,0.06,40,485,0.0,3,0.35463998,0.3549808,1.0030167,0.099307775,0.099307775,1.0,0.00034080856,0.0034318417,-26.914248,2.2066808,0.7355603,0.16000001,0.0,0.13625811,3.8149967,3.8249967,1555200
hardzero_plus_depr__c0p54__z1p10__lam0p010__nu0p50__psi0p75,hardzero_plus_depr,0.06,40,486,0.0,3,0.3549808,0.35532546,0.994867,0.10118892,0.10118892,1.0,0.00034466965,0.0034061994,-26.534178,2.1887512,0.72958374,0.17600001,0.0,0.14028254,3.8249967,3.8349967,1558400
hardzero_plus_depr__c0p54__z1p10__lam0p010__nu0p50__psi0p75,hardzero_plus_depr,0.06,40,487,0.0,3,0.35532546,0.35566425,0.9990867,0.10021053,0.10021053,1.0,0.0003387866,0.0033807484,-26.810978,2.1980345,0.7326782,0.18400002,0.0,0.13060702,3.8349967,3.8449967,1561600
hardzero_plus_depr__c0p54__z1p10__lam0p010__nu0p50__psi0p75,hardzero_plus_depr,0.06,40,488,0.0,3,0.35566425,0.356026,0.96734476,0.10780905,0.10780905,1.0,0.0003617519,0.0033554875,-26.08514,2.128201,0.70940036,0.208,0.0,0.14480424,3.8449967,3.8549967,1564800
hardzero_plus_depr__c0p54__z1p10__lam0p010__nu0p50__psi0p75,hardzero_plus_depr,0.06,40,489,0.0,3,0.356026,0.3563455,1.0180204,0.09593557,0.09593557,1.0,0.0003195053,0.0033304156,-27.994997,2.2396896,0.7465632,0.15200001,0.0,0.1394606,3.8549967,3.8649967,1568000
hardzero_plus_depr__c0p54__z1p10__lam0p010__nu0p50__psi0p75,hardzero_plus_depr,0.06,40,490,0.0,3,0.3563455,0.356669,1.0093623,0.09786731,0.09786731,1.0,0.00032350342,0.0033055309,-27.394697,2.2206416,0.7402139,0.2,0.0,0.14946458,3.8649967,3.8749967,1571200
hardzero_plus_depr__c0p54__z1p10__lam0p010__nu0p50__psi0p75,hardzero_plus_depr,0.06,40,491,0.0,3,0.356669,0.35697564,1.0293399,0.093467385,0.093467385,1.0,0.00030665076,0.0032808317,-27.096476,2.2645931,0.7548644,0.128,0.0,0.13705447,3.8749967,3.8849967,1574400
hardzero_plus_depr__c0p54__z1p10__lam0p010__nu0p50__psi0p75,hardzero_plus_depr,0.06,40,492,0.0,3,0.35697564,0.3572549,1.0667471,0.08575371,0.08575371,1.0,0.00027924133,0.0032563177,-27.819048,2.3468904,0.78229684,0.16800001,0.0,0.17286126,3.8849967,3.8949966,1577600
hardzero_plus_depr__c0p54__z1p10__lam0p010__nu0p50__psi0p75,hardzero_plus_depr,0.06,40,493,0.0,3,0.3572549,0.35756868,1.0128235,0.097090445,0.097090445,1.0,0.00031379503,0.0032319867,-27.450495,2.2282562,0.7427521,0.14400001,0.0,0.14343122,3.8949966,3.9049966,1580800
hardzero_plus_depr__c0p54__z1p10__lam0p010__nu0p50__psi0p75,hardzero_plus_depr,0.06,40,494,0.0,3,0.35756868,0.35787353,1.0221123,0.09503592,0.09503592,1.0,0.0003048598,0.0032078377,-26.739016,2.2486918,0.74956393,0.17999999,0.0,0.13404681,3.9049966,3.9149966,1584000
hardzero_plus_depr__c0p54__z1p10__lam0p010__nu0p50__psi0p75,hardzero_plus_depr,0.06,40,495,0.0,3,0.35787353,0.3582281,0.95327556,0.111358784,0.111358784,1.0,0.00035455183,0.0031838694,-26.184534,2.097248,0.69908273,0.23200001,0.0,0.1515651,3.9149966,3.9249966,1587200
hardzero_plus_depr__c0p54__z1p10__lam0p010__nu0p50__psi0p75,hardzero_plus_depr,0.06,40,496,0.0,3,0.3582281,0.35851935,1.0354043,0.09217129,0.09217129,1.0,0.00029126854,0.003160079,-27.701889,2.277935,0.7593117,0.15200001,0.0,0.15738137,3.9249966,3.9349966,1590400
hardzero_plus_depr__c0p54__z1p10__lam0p010__nu0p50__psi0p75,hardzero_plus_depr,0.06,40,497,0.0,3,0.35851935,0.35883614,0.99566305,0.10100362,0.10100362,1.0,0.00031679453,0.0031364672,-27.40515,2.1905024,0.7301675,0.16000001,0.0,0.14509715,3.9349966,3.9449966,1593600
hardzero_plus_depr__c0p54__z1p10__lam0p010__nu0p50__psi0p75,hardzero_plus_depr,0.06,40,498,0.0,3,0.35883614,0.35911202,1.0524853,0.088616505,0.088616505,1.0,0.000275866,0.003113032,-27.64187,2.315514,0.77183807,0.096,0.0,0.14525314,3.9449966,3.9549966,1596800
hardzero_plus_depr__c0p54__z1p10__lam0p010__nu0p50__psi0p75,hardzero_plus_depr,0.06,40,499,0.0,3,0.35911202,0.35940585,1.0218376,0.09509603,0.09509603,1.0,0.00029382497,0.0030897711,-26.441101,2.2480876,0.7493626,0.16000001,0.0,0.14074178,3.9549966,3.9649966,1600000
hardzero_plus_depr__c0p54__z1p10__lam0p010__nu0p50__psi0p75,hardzero_plus_depr,0.06,40,500,0.0,3,0.35940585,0.35974768,0.9528479,0.11146849,0.11146849,1.0,0.00034183866,0.0030666844,-26.031118,2.0963073,0.6987691,0.16000001,0.0,0.13637373,3.9649966,3.9749966,1603200
hardzero_plus_depr__c0p54__z1p10__lam0p010__nu0p50__psi0p75,hardzero_plus_depr,0.06,40,501,0.0,3,0.35974768,0.35999903,1.0831301,0.082579054,0.082579054,1.0,0.00025135174,0.003043771,-28.245342,2.3829339,0.7943113,0.15200001,0.0,0.15706556,3.9749966,3.9849966,1606400
hardzero_plus_depr__c0p54__z1p10__lam0p010__nu0p50__psi0p75,hardzero_plus_depr,0.06,40,502,0.0,3,0.35999903,0.36024147,1.095541,0.08025258,0.08025258,1.0,0.0002424453,0.0030210281,-29.684523,2.4102383,0.8034128,0.14400001,0.0,0.16738962,3.9849966,3.9949965,1609600
hardzero_plus_depr__c0p54__z1p10__lam0p010__nu0p50__psi0p75,hardzero_plus_depr,0.06,40,503,0.0,3,0.36024147,0.36052918,1.0179518,0.09595071,0.09595071,1.0,0.0002877039,0.0029984552,-27.023254,2.239539,0.746513,0.096,0.0,0.1436483,3.9949965,4.004997,1612800
hardzero_plus_depr__c0p54__z1p10__lam0p010__nu0p50__psi0p75,hardzero_plus_depr,0.06,40,504,0.0,3,0.36052918,0.3608471,0.97134256,0.106821194,0.106821194,1.0,0.00031790527,0.0029760506,-27.586084,2.1369963,0.7123321,0.16800001,0.0,0.16684192,4.004997,4.014997,1616000
hardzero_plus_depr__c0p54__z1p10__lam0p010__nu0p50__psi0p75,hardzero_plus_depr,0.06,40,505,0.0,3,0.3608471,0.36117148,0.9593126,0.10982149,0.10982149,1.0,0.00032439214,0.002953813,-26.37809,2.11053,0.70351,0.17600001,0.0,0.13370067,4.014997,4.024997,1619200
hardzero_plus_depr__c0p54__z1p10__lam0p010__nu0p50__psi0p75,hardzero_plus_depr,0.06,40,506,0.0,3,0.36117148,0.3614896,0.9645533,0.108504236,0.108504236,1.0,0.00031810638,0.0029317415,-25.591087,2.1220596,0.70735323,0.14400001,0.0,0.13053742,4.024997,4.0349975,1622400
hardzero_plus_depr__c0p54__z1p10__lam0p010__nu0p50__psi0p75,hardzero_plus_depr,0.06,40,507,0.0,3,0.3614896,0.36178437,0.99439025,0.101300076,0.101300076,1.0,0.00029476656,0.0029098354,-25.978699,2.1877022,0.7292341,0.14999999,0.0,0.1517567,4.0349975,4.0449977,1625600
hardzero_plus_depr__c0p54__z1p10__lam0p010__nu0p50__psi0p75,hardzero_plus_depr,0.06,40,508,0.0,3,0.36178437,0.36209407,0.9696665,0.10723424,0.10723424,1.0,0.00030970245,0.0028880928,-26.423252,2.133309,0.71110296,0.16000001,0.0,0.12572606,4.0449977,4.054998,1628800
hardzero_plus_depr__c0p54__z1p10__lam0p010__nu0p50__psi0p75,hardzero_plus_depr,0.06,40,509,0.0,3,0.36209407,0.36238727,0.99020106,0.102281936,0.102281936,1.0,0.00029319248,0.0028665129,-27.248857,2.1784859,0.72616196,0.272,0.0,0.15357567,4.054998,4.064998,1632000
hardzero_plus_depr__c0p54__z1p10__lam0p010__nu0p50__psi0p75,hardzero_plus_depr,0.06,40,510,0.0,3,0.36238727,0.36266953,1.0034449,0.09920992,0.09920992,1.0,0.00028226152,0.0028450936,-27.705355,2.207623,0.73587435,0.2,0.0,0.14490296,4.064998,4.0749984,1635200
hardzero_plus_depr__c0p54__z1p10__lam0p010__nu0p50__psi0p75,hardzero_plus_depr,0.06,40,511,0.0,3,0.36266953,0.36296123,0.9859094,0.10329767,0.10329767,1.0,0.0002916956,0.002823835,-26.381578,2.169044,0.7230147,0.17600001,0.0,0.13750361,4.0749984,4.0849986,1638400
hardzero_plus_depr__c0p54__z1p10__lam0p010__nu0p50__psi0p75,hardzero_plus_depr,0.06,40,512,0.0,3,0.36296123,0.36325192,0.98413634,0.10372027,0.10372027,1.0,0.00029070044,0.002802735,-26.486021,2.1651433,0.72171444,0.2,0.0,0.14765474,4.0849986,4.094999,1641600
hardzero_plus_depr__c0p54__z1p10__lam0p010__nu0p50__psi0p75,hardzero_plus_depr,0.06,40,513,0.0,3,0.36325192,0.36352983,1.0004308,0.09990084,0.09990084,1.0,0.00027790343,0.0027817925,-26.980928,2.2009919,0.733664,0.224,0.0,0.15029515,4.094999,4.104999,1644800
hardzero_plus_depr__c0p54__z1p10__lam0p010__nu0p50__psi0p75,hardzero_plus_depr,0.06,40,514,0.0,3,0.36352983,0.36382028,0.9779746,0.10520235,0.10520235,1.0,0.0002904644,0.0027610068,-26.534931,2.151587,0.7171957,0.16800001,0.0,0.16357814,4.104999,4.1149993,1648000
hardzero_plus_depr__c0p54__z1p10__lam0p010__nu0p50__psi0p75,hardzero_plus_depr,0.06,40,515,0.0,3,0.36382028,0.36405447,1.0682744,0.085452676,0.085452676,1.0,0.00023417246,0.002740376,-28.299341,2.3502505,0.78341687,0.14400001,0.0,0.1640101,4.1149993,4.1249995,1651200
hardzero_plus_depr__c0p54__z1p10__lam0p010__nu0p50__psi0p75,hardzero_plus_depr,0.06,40,516,0.0,3,0.36405447,0.36431375,1.0207864,0.09532648,0.09532648,1.0,0.00025927846,0.0027198996,-26.87512,2.245775,0.74859166,0.136,0.0,0.122653276,4.1249995,4.1349998,1654400
hardzero_plus_depr__c0p54__z1p10__lam0p010__nu0p50__psi0p75,hardzero_plus_depr,0.06,40,517,0.0,3,0.36431375,0.36458203,1.0027195,0.09937577,0.09937577,1.0,0.0002682725,0.0026995766,-27.360369,2.206027,0.7353424,0.16800001,0.0,0.14635621,4.1349998,4.145,1657600
hardzero_plus_depr__c0p54__z1p10__lam0p010__nu0p50__psi0p75,hardzero_plus_depr,0.06,40,518,0.0,3,0.36458203,0.36482581,1.0410427,0.09098238,0.09098238,1.0,0.00024377862,0.0026794048,-27.590622,2.2903397,0.76344657,0.17600001,0.0,0.15903272,4.145,4.155,1660800
hardzero_plus_depr__c0p54__z1p10__lam0p010__nu0p50__psi0p75,hardzero_plus_depr,0.06,40,519,0.0,3,0.36482581,0.36509278,0.9983358,0.100383945,0.100383945,1.0,0.00026695945,0.002659384,-27.310593,2.1963825,0.73212755,0.18400002,0.0,0.15202767,4.155,4.1650004,1664000
hardzero_plus_depr__c0p54__z1p10__lam0p010__nu0p50__psi0p75,hardzero_plus_depr,0.06,40,520,0.0,3,0.36509278,0.3653689,0.9804361,0.10460775,0.10460775,1.0,0.0002761135,0.002639513,-26.200186,2.1570024,0.7190008,0.17999999,0.0,0.13110094,4.1650004,4.1750007,1667200
hardzero_plus_depr__c0p54__z1p10__lam0p010__nu0p50__psi0p75,hardzero_plus_depr,0.06,40,521,0.0,3,0.3653689,0.3656407,0.9840123,0.10374989,0.10374989,1.0,0.0002718029,0.00261979,-26.272573,2.1648703,0.7216234,0.128,0.0,0.14261141,4.1750007,4.185001,1670400
hardzero_plus_depr__c0p54__z1p10__lam0p010__nu0p50__psi0p75,hardzero_plus_depr,0.06,40,522,0.0,3,0.3656407,0.36588457,1.0278646,0.093785435,0.093785435,1.0,0.00024386226,0.0026002147,-26.632975,2.2613473,0.75378245,0.112,0.0,0.13413414,4.185001,4.195001,1673600
hardzero_plus_depr__c0p54__z1p10__lam0p010__nu0p50__psi0p75,hardzero_plus_depr,0.06,40,523,0.0,3,0.36588457,0.36614457,0.9967956,0.10074056,0.10074056,1.0,0.00025998976,0.0025807854,-27.053263,2.192994,0.73099804,0.120000005,0.0,0.15547843,4.195001,4.2050014,1676800
hardzero_plus_depr__c0p54__z1p10__lam0p010__nu0p50__psi0p75,hardzero_plus_depr,0.06,40,524,0.0,3,0.36614457,0.36638415,1.029049,0.09353,0.09353,1.0,0.00023957725,0.0025615017,-27.639547,2.263953,0.754651,0.17600001,0.0,0.13618922,4.2050014,4.2150016,1680000
hardzero_plus_depr__c0p54__z1p10__lam0p010__nu0p50__psi0p75,hardzero_plus_depr,0.06,40,525,0.0,3,0.36638415,0.36667004,0.94905335,0.11244669,0.11244669,1.0,0.00028588015,0.0025423616,-25.391886,2.087959,0.6959864,0.192,0.0,0.11840269,4.2150016,4.225002,1683200
hardzero_plus_depr__c0p54__z1p10__lam0p010__nu0p50__psi0p75,hardzero_plus_depr,0.06,40,526,0.0,3,0.36667004,0.36692348,0.9980826,0.10044248,0.10044248,1.0,0.00025345304,0.002523365,-27.475597,2.1958256,0.7319419,0.17600001,0.0,0.14372538,4.225002,4.235002,1686400
hardzero_plus_depr__c0p54__z1p10__lam0p010__nu0p50__psi0p75,hardzero_plus_depr,0.06,40,527,0.0,3,0.36692348,0.36718848,0.9754683,0.105811216,0.105811216,1.0,0.00026500525,0.00250451,-26.164753,2.146073,0.7153577,0.208,0.0,0.13982783,4.235002,4.2450023,1689600
hardzero_plus_depr__c0p54__z1p10__lam0p010__nu0p50__psi0p75,hardzero_plus_depr,0.06,40,528,0.0,3,0.36718848,0.36743587,1.0020951,0.099518746,0.099518746,1.0,0.0002473833,0.0024857959,-26.934443,2.2046533,0.73488444,0.208,0.0,0.15257211,4.2450023,4.2550025,1692800
hardzero_plus_depr__c0p54__z1p10__lam0p010__nu0p50__psi0p75,hardzero_plus_depr,0.06,40,529,0.0,3,0.36743587,0.36769953,0.97116864,0.10686398,0.10686398,1.0,0.0002636572,0.002467222,-27.08973,2.1366136,0.7122046,0.14400001,0.0,0.14217746,4.2550025,4.2650027,1696000
hardzero_plus_depr__c0p54__z1p10__lam0p010__nu0p50__psi0p75,hardzero_plus_depr,0.06,40,530,0.0,3,0.36769953,0.36795756,0.97730756,0.10536405,0.10536405,1.0,0.00025801407,0.0024487865,-26.129189,2.1501195,0.7167065,0.08800001,0.0,0.12521596,4.2650027,4.275003,1699200
hardzero_plus_depr__c0p54__z1p10__lam0p010__nu0p50__psi0p75,hardzero_plus_depr,0.06,40,531,0.0,3,0.36795756,0.36820439,0.99328375,0.1015585,0.1015585,1.0,0.0002468368,0.0024304888,-26.954388,2.185268,0.72842264,0.112,0.0,0.16363743,4.275003,4.285003,1702400
hardzero_plus_depr__c0p54__z1p10__lam0p010__nu0p50__psi0p75,hardzero_plus_depr,0.06,40,532,0.0,3,0.36820439,0.368429,1.0309775,0.093115605,0.093115605,1.0,0.0002246254,0.0024123283,-28.070547,2.2681959,0.7560653,0.120000005,0.0,0.16403066,4.285003,4.2950034,1705600
hardzero_plus_depr__c0p54__z1p10__lam0p010__nu0p50__psi0p75,hardzero_plus_depr,0.06,40,533,0.0,3,0.368429,0.3686631,1.0097811,0.09777297,0.09777297,1.0,0.00023409812,0.002394303,-26.20794,2.2215629,0.74052095,0.14,0.0,0.17234921,4.2950034,4.3050036,1708800
hardzero_plus_depr__c0p54__z1p10__lam0p010__nu0p50__psi0p75,hardzero_plus_depr,0.06,40,534,0.0,3,0.3686631,0.36890048,1.0005093,0.09988281,0.09988281,1.0,0.00023736276,0.0023764125,-26.30757,2.2011642,0.73372144,0.16800001,0.0,0.15133141,4.3050036,4.315004,1712000
hardzero_plus_depr__c0p54__z1p10__lam0p010__nu0p50__psi0p75,hardzero_plus_depr,0.06,40,535,0.0,3,0.36890048,0.3691307,1.0105008,0.09761109,0.09761109,1.0,0.00023023093,0.0023586554,-26.754282,2.2231462,0.74104875,0.17600001,0.0,0.14736952,4.315004,4.325004,1715200
hardzero_plus_depr__c0p54__z1p10__lam0p010__nu0p50__psi0p75,hardzero_plus_depr,0.06,40,536,0.0,3,0.3691307,0.36938524,0.96362627,0.10873609,0.10873609,1.0,0.0002545546,0.0023410313,-26.347708,2.1200202,0.7066734,0.16000001,0.0,0.13981453,4.325004,4.3350043,1718400
hardzero_plus_depr__c0p54__z1p10__lam0p010__nu0p50__psi0p75,hardzero_plus_depr,0.06,40,537,0.0,3,0.36938524,0.36962816,0.98069954,0.10454432,0.10454432,1.0,0.0002429128,0.002323539,-27.121117,2.157582,0.71919405,0.15200001,0.0,0.11916691,4.3350043,4.3450046,1721600
hardzero_plus_depr__c0p54__z1p10__lam0p010__nu0p50__psi0p75,hardzero_plus_depr,0.06,40,538,0.0,3,0.36962816,0.36982077,1.0781837,0.083524965,0.083524965,1.0,0.00019262335,0.002306177,-28.436232,2.3720515,0.79068387,0.104,0.0,0.14977005,4.3450046,4.355005,1724800
hardzero_plus_depr__c0p54__z1p10__lam0p010__nu0p50__psi0p75,hardzero_plus_depr,0.06,40,539,0.0,3,0.36982077,0.3700804,0.94525313,0.11343494,0.11343494,1.0,0.00025964636,0.0022889453,-26.18794,2.0795984,0.6931995,0.208,0.0,0.14926352,4.355005,4.365005,1728000
hardzero_plus_depr__c0p54__z1p10__lam0p010__nu0p50__psi0p75,hardzero_plus_depr,0.06,40,540,0.0,3,0.3700804,0.37030032,1.0141143,0.0968023,0.0968023,1.0,0.00021991953,0.002271842,-27.814278,2.231096,0.7436987,0.17600001,0.0,0.13068838,4.365005,4.3750052,1731200
hardzero_plus_depr__c0p54__z1p10__lam0p010__nu0p50__psi0p75,hardzero_plus_depr,0.06,40,541,0.0,3,0.37030032,0.37052074,1.0098846,0.09774969,0.09774969,1.0,0.0002204125,0.0022548665,-27.090624,2.2217906,0.7405969,0.192,0.0,0.15702134,4.3750052,4.3850055,1734400
hardzero_plus_depr__c0p54__z1p10__lam0p010__nu0p50__psi0p75,hardzero_plus_depr,0.06,40,542,0.0,3,0.37052074,0.37075368,0.9826542,0.104074836,0.104074836,1.0,0.00023292133,0.0022380177,-27.011534,2.1618824,0.7206275,0.104,0.0,0.13283654,4.3850055,4.3950057,1737600
hardzero_plus_depr__c0p54__z1p10__lam0p010__nu0p50__psi0p75,hardzero_plus_depr,0.06,40,543,0.0,3,0.37075368,0.3709528,1.0474738,0.08964502,0.08964502,1.0,0.00019912804,0.0022212951,-28.098175,2.3044884,0.76816285,0.14400001,0.0,0.16432552,4.3950057,4.405006,1740800
hardzero_plus_depr__c0p54__z1p10__lam0p010__nu0p50__psi0p75,hardzero_plus_depr,0.06,40,544,0.0,3,0.3709528,0.37114814,1.0526052,0.08859207,0.08859207,1.0,0.0001953187,0.0022046973,-28.354025,2.3157775,0.77192587,0.14400001,0.0,0.16007413,4.405006,4.415006,1744000
hardzero_plus_depr__c0p54__z1p10__lam0p010__nu0p50__psi0p75,hardzero_plus_depr,0.06,40,545,0.0,3,0.37114814,0.37135085,1.033205,0.09263922,0.09263922,1.0,0.00020271534,0.0021882236,-27.265947,2.2730966,0.7576989,0.136,0.0,0.14659144,4.415006,4.4250064,1747200
hardzero_plus_depr__c0p54__z1p10__lam0p010__nu0p50__psi0p75,hardzero_plus_depr,0.06,40,546,0.0,3,0.37135085,0.37155697,1.0227283,0.0949012,0.0949012,1.0,0.00020611334,0.0021718729,-28.61087,2.2500472,0.75001574,0.099999994,0.0,0.14764296,4.4250064,4.4350066,1750400
hardzero_plus_depr__c0p54__z1p10__lam0p010__nu0p50__psi0p75,hardzero_plus_depr,0.06,40,547,0.0,3,0.37155697,0.3717631,1.0193974,0.09563186,0.09563186,1.0,0.0002061483,0.0021556446,-26.806894,2.242719,0.747573,0.120000005,0.0,0.15067373,4.4350066,4.445007,1753600
hardzero_plus_depr__c0p54__z1p10__lam0p010__nu0p50__psi0p75,hardzero_plus_depr,0.06,40,548,0.0,3,0.3717631,0.37201294,0.93266946,0.11676979,0.11676979,1.0,0.0002498333,0.0021395371,-25.72731,2.0519137,0.6839713,0.256,0.0,0.11852829,4.445007,4.455007,1756800
hardzero_plus_depr__c0p54__z1p10__lam0p010__nu0p50__psi0p75,hardzero_plus_depr,0.06,40,549,0.0,3,0.37201294,0.3722316,0.9872742,0.102973565,0.102973565,1.0,0.00021866956,0.0021235505,-26.4546,2.1720467,0.7240156,0.224,0.008,0.13376278,4.455007,4.4650073,1760000
hardzero_plus_depr__c0p54__z1p10__lam0p010__nu0p50__psi0p75,hardzero_plus_depr,0.06,40,550,0.0,3,0.3722316,0.3724318,1.0223279,0.09498873,0.09498873,1.0,0.00020020612,0.0021076829,-26.431335,2.2491663,0.7497221,0.15200001,0.0,0.14445865,4.4650073,4.4750075,1763200
hardzero_plus_depr__c0p54__z1p10__lam0p010__nu0p50__psi0p75,hardzero_plus_depr,0.06,40,551,0.0,3,0.3724318,0.37264097,1.0001152,0.099973485,0.099973485,1.0,0.00020913793,0.002091934,-26.790396,2.2002974,0.7334325,0.104,0.0,0.1437656,4.4750075,4.485008,1766400
hardzero_plus_depr__c0p54__z1p10__lam0p010__nu0p50__psi0p75,hardzero_plus_depr,0.06,40,552,0.0,3,0.37264097,0.37282932,1.0423379,0.09071145,0.09071145,1.0,0.00018834445,0.002076303,-27.295527,2.2931893,0.7643964,0.096,0.0,0.16021225,4.485008,4.495008,1769600
hardzero_plus_depr__c0p54__z1p10__lam0p010__nu0p50__psi0p75,hardzero_plus_depr,0.06,40,553,0.0,3,0.37282932,0.37302965,1.0122797,0.097212076,0.097212076,1.0,0.00020033352,0.0020607885,-27.600435,2.2270598,0.7423533,0.136,0.0,0.13548933,4.495008,4.505008,1772800
hardzero_plus_depr__c0p54__z1p10__lam0p010__nu0p50__psi0p75,hardzero_plus_depr,0.06,40,554,0.0,3,0.37302965,0.37321717,1.0377424,0.09167642,0.09167642,1.0,0.00018751406,0.0020453902,-28.276966,2.283079,0.7610263,0.120000005,0.0,0.18692002,4.505008,4.5150084,1776000
hardzero_plus_depr__c0p54__z1p10__lam0p010__nu0p50__psi0p75,hardzero_plus_depr,0.06,40,555,0.0,3,0.37321717,0.37341842,1.0037761,0.0991343,0.0991343,1.0,0.00020125322,0.0020301067,-26.688997,2.2083514,0.7361171,0.16000001,0.0,0.12974277,4.5150084,4.5250087,1779200
hardzero_plus_depr__c0p54__z1p10__lam0p010__nu0p50__psi0p75,hardzero_plus_depr,0.06,40,556,0.0,3,0.37341842,0.37362614,0.98675966,0.10309565,0.10309565,1.0,0.0002077313,0.0020149376,-27.427906,2.1709146,0.72363824,0.15200001,0.0,0.14570262,4.5250087,4.535009,1782400
hardzero_plus_depr__c0p54__z1p10__lam0p010__nu0p50__psi0p75,hardzero_plus_depr,0.06,40,557,0.0,3,0.37362614,0.3738402,0.9704673,0.10703669,0.10703669,1.0,0.0002140607,0.0019998816,-26.153105,2.1350708,0.7116903,0.16800001,0.0,0.12745072,4.535009,4.545009,1785600
hardzero_plus_depr__c0p54__z1p10__lam0p010__nu0p50__psi0p75,hardzero_plus_depr,0.06,40,558,0.0,3,0.3738402,0.3740336,1.01132,0.09742714,0.09742714,1.0,0.00019338685,0.0019849383,-26.835854,2.2249484,0.7416495,0.17600001,0.0,0.13511205,4.545009,4.5550094,1788800
hardzero_plus_depr__c0p54__z1p10__lam0p010__nu0p50__psi0p75,hardzero_plus_depr,0.06,40,559,0.0,3,0.3740336,0.3742392,0.98143667,0.104367025,0.104367025,1.0,0.00020561415,0.0019701065,-26.970007,2.1592038,0.7197346,0.14,0.0,0.1397027,4.5550094,4.5650096,1792000
hardzero_plus_depr__c0p54__z1p10__lam0p010__nu0p50__psi0p75,hardzero_plus_depr,0.06,40,560,0.0,3,0.3742392,0.3744541,0.95895857,0.10991108,0.10991108,1.0,0.00021491856,0.0019553858,-26.720049,2.109751,0.70325035,0.192,0.0,0.12182043,4.5650096,4.57501,1795200
hardzero_plus_depr__c0p54__z1p10__lam0p010__nu0p50__psi0p75,hardzero_plus_depr,0.06,40,561,0.0,3,0.3744541,0.37465078,0.9942215,0.10133944,0.10133944,1.0,0.000196677,0.0019407746,-27.233677,2.187331,0.72911036,0.18400002,0.0,0.17630342,4.57501,4.58501,1798400
hardzero_plus_depr__c0p54__z1p10__lam0p010__nu0p50__psi0p75,hardzero_plus_depr,0.06,40,562,0.0,3,0.37465078,0.3748453,0.9957232,0.100989625,0.100989625,1.0,0.00019453363,0.0019262733,-26.86845,2.1906347,0.7302116,0.112,0.0,0.15283361,4.58501,4.5950103,1801600
hardzero_plus_depr__c0p54__z1p10__lam0p010__nu0p50__psi0p75,hardzero_plus_depr,0.06,40,563,0.0,3,0.3748453,0.3750559,0.9579672,0.11016225,0.11016225,1.0,0.00021061698,0.0019118799,-25.38402,2.10757,0.70252335,0.18400002,0.0,0.15381716,4.5950103,4.6050105,1804800
hardzero_plus_depr__c0p54__z1p10__lam0p010__nu0p50__psi0p75,hardzero_plus_depr,0.06,40,564,0.0,3,0.3750559,0.37522852,1.0411564,0.090958565,0.090958565,1.0,0.00017260242,0.001897594,-27.799389,2.2905898,0.76352996,0.24000001,0.0,0.19125186,4.6050105,4.6150107,1808000
hardzero_plus_depr__c0p54__z1p10__lam0p010__nu0p50__psi0p75,hardzero_plus_depr,0.06,40,565,0.0,3,0.37522852,0.37539992,1.0409534,0.0910011,0.0910011,1.0,0.00017139284,0.0018834149,-27.229914,2.2901433,0.7633811,0.16800001,0.0,0.12892978,4.6150107,4.625011,1811200
hardzero_plus_depr__c0p54__z1p10__lam0p010__nu0p50__psi0p75,hardzero_plus_depr,0.06,40,566,0.0,3,0.37539992,0.37560135,0.9675483,0.10775854,0.10775854,1.0,0.00020143753,0.0018693418,-26.758684,2.1286488,0.7095496,0.136,0.0,0.1363579,4.625011,4.635011,1814400
hardzero_plus_depr__c0p54__z1p10__lam0p010__nu0p50__psi0p75,hardzero_plus_depr,0.06,40,567,0.0,3,0.37560135,0.37579232,0.9874642,0.10292854,0.10292854,1.0,0.00019097094,0.001855374,-26.286543,2.1724646,0.7241549,0.128,0.0,0.12295591,4.635011,4.6450114,1817600
hardzero_plus_depr__c0p54__z1p10__lam0p010__nu0p50__psi0p75,hardzero_plus_depr,0.06,40,568,0.0,3,0.37579232,0.3759747,1.0041837,0.09904129,0.09904129,1.0,0.00018238556,0.0018415103,-26.29026,2.209248,0.73641604,0.14400001,0.0,0.13313563,4.6450114,4.6550117,1820800
hardzero_plus_depr__c0p54__z1p10__lam0p010__nu0p50__psi0p75,hardzero_plus_depr,0.06,40,569,0.0,3,0.3759747,0.37614015,1.0433339,0.09050364,0.09050364,1.0,0.00016541807,0.0018277504,-27.946077,2.2953804,0.7651268,0.104,0.0,0.17543703,4.6550117,4.665012,1824000
hardzero_plus_depr__c0p54__z1p10__lam0p010__nu0p50__psi0p75,hardzero_plus_depr,0.06,40,570,0.0,3,0.37614015,0.37630644,1.0377934,0.09166564,0.09166564,1.0,0.00016629002,0.0018140932,-27.86111,2.283191,0.7610637,0.136,0.0,0.16964544,4.665012,4.675012,1827200
hardzero_plus_depr__c0p54__z1p10__lam0p010__nu0p50__psi0p75,hardzero_plus_depr,0.06,40,571,0.0,3,0.37630644,0.376494,0.98231953,0.10415507,0.10415507,1.0,0.00018753517,0.001800538,-27.079082,2.1611462,0.7203821,0.23200001,0.0,0.1564141,4.675012,4.6850123,1830400
hardzero_plus_depr__c0p54__z1p10__lam0p010__nu0p50__psi0p75,hardzero_plus_depr,0.06,40,572,0.0,3,0.376494,0.3766814,0.97941375,0.1048543,0.1048543,1.0,0.00018738347,0.0017870843,-26.633207,2.1547532,0.7182511,0.21,0.0,0.11851105,4.6850123,4.6950126,1833600
hardzero_plus_depr__c0p54__z1p10__lam0p010__nu0p50__psi0p75,hardzero_plus_depr,0.06,40,573,0.0,3,0.3766814,0.3768572,1.0038847,0.09910951,0.09910951,1.0,0.0001757936,0.001773731,-26.974403,2.2085905,0.7361969,0.16000001,0.0,0.14095968,4.6950126,4.705013,1836800
hardzero_plus_depr__c0p54__z1p10__lam0p010__nu0p50__psi0p75,hardzero_plus_depr,0.06,40,574,0.0,3,0.3768572,0.37704775,0.96561354,0.10823968,0.10823968,1.0,0.00019055353,0.0017604775,-26.27215,2.1243923,0.7081308,0.08800001,0.0,0.118976444,4.705013,4.715013,1840000
hardzero_plus_depr__c0p54__z1p10__lam0p010__nu0p50__psi0p75,hardzero_plus_depr,0.06,40,575,0.0,3,0.37704775,0.37722075,1.0043353,0.09900673,0.09900673,1.0,0.00017299673,0.001747323,-26.849218,2.2095819,0.7365273,0.16000001,0.0,0.14193824,4.715013,4.7250133,1843200
hardzero_plus_depr__c0p54__z1p10__lam0p010__nu0p50__psi0p75,hardzero_plus_depr,0.06,40,576,0.0,3,0.37722075,0.3774041,0.9758723,0.10571282,0.10571282,1.0,0.00018333422,0.0017342666,-26.500565,2.146962,0.715654,0.23200001,0.0,0.15522489,4.7250133,4.7350135,1846400
hardzero_plus_depr__c0p54__z1p10__lam0p010__nu0p50__psi0p75,hardzero_plus_depr,0.06,40,577,0.0,3,0.3774041,0.37758803,0.97118294,0.10686047,0.10686047,1.0,0.00018393979,0.0017213081,-27.389326,2.136645,0.71221507,0.18400002,0.0,0.12226608,4.7350135,4.7450137,1849600
hardzero_plus_depr__c0p54__z1p10__lam0p010__nu0p50__psi0p75,hardzero_plus_depr,0.06,40,578,0.0,3,0.37758803,0.3777555,1.008673,0.09802278,0.09802278,1.0,0.00016746666,0.0017084463,-26.924343,2.2191248,0.7397083,0.16800001,0.0,0.13684073,4.7450137,4.755014,1852800
hardzero_plus_depr__c0p54__z1p10__lam0p010__nu0p50__psi0p75,hardzero_plus_depr,0.06,40,579,0.0,3,0.3777555,0.37792066,1.0114286,0.0974028,0.0974028,1.0,0.00016516405,0.0016956807,-26.833696,2.2251873,0.74172914,0.120000005,0.0,0.15348542,4.755014,4.765014,1856000
hardzero_plus_depr__c0p54__z1p10__lam0p010__nu0p50__psi0p75,hardzero_plus_depr,0.06,40,580,0.0,3,0.37792066,0.37808335,1.0146927,0.09667347,0.09667347,1.0,0.00016270246,0.0016830104,-27.051334,2.2323685,0.74412286,0.128,0.0,0.15948537,4.765014,4.7750144,1859200
hardzero_plus_depr__c0p54__z1p10__lam0p010__nu0p50__psi0p75,hardzero_plus_depr,0.06,40,581,0.0,3,0.37808335,0.37824893,1.003784,0.09913251,0.09913251,1.0,0.00016559438,0.0016704346,-27.157578,2.2083688,0.73612297,0.17600001,0.0,0.15739357,4.7750144,4.7850146,1862400
hardzero_plus_depr__c0p54__z1p10__lam0p010__nu0p50__psi0p75,hardzero_plus_depr,0.06,40,582,0.0,3,0.37824893,0.378388,1.0763713,0.08387426,0.08387426,1.0,0.00013905957,0.0016579529,-27.975845,2.3680642,0.78935474,0.128,0.0,0.20625725,4.7850146,4.795015,1865600
hardzero_plus_depr__c0p54__z1p10__lam0p010__nu0p50__psi0p75,hardzero_plus_depr,0.06,40,583,0.0,3,0.378388,0.37854934,1.0085347,0.098053984,0.098053984,1.0,0.00016135415,0.0016455645,-26.684856,2.2188206,0.73960686,0.15200001,0.0,0.1559357,4.795015,4.805015,1868800
hardzero_plus_depr__c0p54__z1p10__lam0p010__nu0p50__psi0p75,hardzero_plus_depr,0.06,40,584,0.0,3,0.37854934,0.37871885,0.98381853,0.10379619,0.10379619,1.0,0.00016952708,0.0016332688,-26.516876,2.164444,0.7214813,0.096,0.0,0.13194434,4.805015,4.8150153,1872000
hardzero_plus_depr__c0p54__z1p10__lam0p010__nu0p50__psi0p75,hardzero_plus_depr,0.06,40,585,0.0,3,0.37871885,0.3788675,1.0376539,0.091695085,0.091695085,1.0,0.00014864367,0.0016210647,-27.816572,2.2828841,0.7609614,0.13,0.0,0.12405233,4.8150153,4.8250155,1875200
hardzero_plus_depr__c0p54__z1p10__lam0p010__nu0p50__psi0p75,hardzero_plus_depr,0.06,40,586,0.0,3,0.3788675,0.3790289,0.99866563,0.100307725,0.100307725,1.0,0.0001613903,0.0016089518,-26.373905,2.1971083,0.7323694,0.136,0.0,0.13432275,4.8250155,4.835016,1878400
hardzero_plus_depr__c0p54__z1p10__lam0p010__nu0p50__psi0p75,hardzero_plus_depr,0.06,40,587,0.0,3,0.3790289,0.37918118,1.0206232,0.095362306,0.095362306,1.0,0.00015228688,0.0015969296,-27.346432,2.245416,0.748472,0.16000001,0.0,0.17142911,4.835016,4.845016,1881600
hardzero_plus_depr__c0p54__z1p10__lam0p010__nu0p50__psi0p75,hardzero_plus_depr,0.06,40,588,0.0,3,0.37918118,0.37933245,1.0202355,0.095447466,0.095447466,1.0,0.00015128397,0.0015849972,-27.944326,2.244563,0.7481877,0.192,0.0,0.16548248,4.845016,4.855016,1884800
hardzero_plus_depr__c0p54__z1p10__lam0p010__nu0p50__psi0p75,hardzero_plus_depr,0.06,40,589,0.0,3,0.37933245,0.3794724,1.050803,0.08896046,0.08896046,1.0,0.0001399485,0.001573154,-27.550112,2.3118126,0.77060425,0.112,0.0,0.17681667,4.855016,4.8650165,1888000
hardzero_plus_depr__c0p54__z1p10__lam0p010__nu0p50__psi0p75,hardzero_plus_depr,0.06,40,590,0.0,3,0.3794724,0.37962437,1.0117524,0.09733021,0.09733021,1.0,0.00015197131,0.0015613991,-27.141003,2.2258997,0.7419666,0.15200001,0.0,0.1382469,4.8650165,4.8750167,1891200
hardzero_plus_depr__c0p54__z1p10__lam0p010__nu0p50__psi0p75,hardzero_plus_depr,0.06,40,591,0.0,3,0.37962437,0.37977263,1.0191765,0.095680505,0.095680505,1.0,0.00014827916,0.0015497322,-26.522627,2.242233,0.747411,0.18400002,0.0,0.15385263,4.8750167,4.885017,1894400
hardzero_plus_depr__c0p54__z1p10__lam0p010__nu0p50__psi0p75,hardzero_plus_depr,0.06,40,592,0.0,3,0.37977263,0.3799232,1.0092818,0.09788546,0.09788546,1.0,0.00015056276,0.0015381525,-27.31284,2.2204642,0.74015474,0.192,0.0,0.1665278,4.885017,4.895017,1897600
hardzero_plus_depr__c0p54__z1p10__lam0p010__nu0p50__psi0p75,hardzero_plus_depr,0.06,40,593,0.0,3,0.3799232,0.3800697,1.0179156,0.09595872,0.09595872,1.0,0.00014649626,0.0015266591,-27.394756,2.239459,0.74648637,0.208,0.0,0.12563455,4.895017,4.9050174,1900800
hardzero_plus_depr__c0p54__z1p10__lam0p010__nu0p50__psi0p75,hardzero_plus_depr,0.06,40,594,0.0,3,0.3800697,0.38023326,0.9668092,0.10794208,0.10794208,1.0,0.00016355944,0.0015152518,-26.03835,2.1270227,0.7090076,0.18400002,0.0,0.15402189,4.9050174,4.9150176,1904000
hardzero_plus_depr__c0p54__z1p10__lam0p010__nu0p50__psi0p75,hardzero_plus_depr,0.06,40,595,0.0,3,0.38023326,0.38039008,0.981791,0.10428192,0.10428192,1.0,0.00015683267,0.0015039296,-27.24651,2.1599834,0.7199945,0.192,0.0,0.14997071,4.9150176,4.925018,1907200
hardzero_plus_depr__c0p54__z1p10__lam0p010__nu0p50__psi0p75,hardzero_plus_depr,0.06,40,596,0.0,3,0.38039008,0.38054395,0.9868222,0.1030808,0.1030808,1.0,0.00015386789,0.001492692,-26.604671,2.1710522,0.7236841,0.17600001,0.0,0.123991355,4.925018,4.935018,1910400
hardzero_plus_depr__c0p54__z1p10__lam0p010__nu0p50__psi0p75,hardzero_plus_depr,0.06,40,597,0.0,3,0.38054395,0.38069236,0.9992695,0.10016835,0.10016835,1.0,0.00014840327,0.0014815385,-25.527563,2.1984367,0.7328123,0.224,0.0,0.119325764,4.935018,4.9450183,1913600
hardzero_plus_depr__c0p54__z1p10__lam0p010__nu0p50__psi0p75,hardzero_plus_depr,0.06,40,598,0.0,3,0.38069236,0.3808411,0.99505615,0.10114485,0.10114485,1.0,0.00014873031,0.0014704684,-26.66116,2.1891673,0.72972244,0.21,0.01,0.12757368,4.9450183,4.9550185,1916800
hardzero_plus_depr__c0p54__z1p10__lam0p010__nu0p50__psi0p75,hardzero_plus_depr,0.06,40,599,0.0,3,0.3808411,0.3809944,0.9786213,0.105045795,0.105045795,1.0,0.00015331233,0.0014594808,-26.040106,2.15301,0.71766996,0.208,0.0,0.12556897,4.9550185,4.9650187,1920000
hardzero_plus_depr__c0p54__z1p10__lam0p010__nu0p50__psi0p75,hardzero_plus_depr,0.06,40,600,0.0,3,0.3809944,0.38113183,1.0229088,0.09486177,0.09486177,1.0,0.00013741442,0.0014485754,-27.096827,2.2504444,0.7501482,0.136,0.0,0.17076989,4.9650187,4.975019,1923200
hardzero_plus_depr__c0p54__z1p10__lam0p010__nu0p50__psi0p75,hardzero_plus_depr,0.06,40,601,0.0,3,0.38113183,0.3812745,1.003359,0.09922955,0.09922955,1.0,0.00014266743,0.0014377515,-27.262716,2.2074337,0.73581123,0.15200001,0.0,0.17532969,4.975019,4.985019,1926400
hardzero_plus_depr__c0p54__z1p10__lam0p010__nu0p50__psi0p75,hardzero_plus_depr,0.06,40,602,0.0,3,0.3812745,0.38143983,0.93603,0.11586974,0.11586974,1.0,0.0001653471,0.0014270084,-26.188286,2.059307,0.6864357,0.208,0.0,0.14091387,4.985019,4.9950194,1929600
hardzero_plus_depr__c0p54__z1p10__lam0p010__nu0p50__psi0p75,hardzero_plus_depr,0.06,40,603,0.0,3,0.38143983,0.38159207,0.96869963,0.10747325,0.10747325,1.0,0.00015221928,0.0014163457,-27.17712,2.1311817,0.7103939,0.16000001,0.0,0.13610178,4.9950194,5.0050197,1932800
hardzero_plus_depr__c0p54__z1p10__lam0p010__nu0p50__psi0p75,hardzero_plus_depr,0.06,40,604,0.0,3,0.38159207,0.3817289,1.0117713,0.097325966,0.097325966,1.0,0.00013681721,0.0014057626,-27.2332,2.2259414,0.7419805,0.14400001,0.0,0.14158385,5.0050197,5.01502,1936000
hardzero_plus_depr__c0p54__z1p10__lam0p010__nu0p50__psi0p75,hardzero_plus_depr,0.06,40,605,0.0,3,0.3817289,0.38185644,1.0389854,0.09141439,0.09141439,1.0,0.00012754672,0.0013952586,-27.522806,2.2858136,0.76193786,0.120000005,0.0,0.15625052,5.01502,5.02502,1939200
hardzero_plus_depr__c0p54__z1p10__lam0p010__nu0p50__psi0p75,hardzero_plus_depr,0.06,40,606,0.0,3,0.38185644,0.38197607,1.0635542,0.08638648,0.08638648,1.0,0.00011963085,0.001384833,-27.767908,2.339866,0.7799553,0.096,0.0,0.13485308,5.02502,5.0350204,1942400
hardzero_plus_depr__c0p54__z1p10__lam0p010__nu0p50__psi0p75,hardzero_plus_depr,0.06,40,607,0.0,3,0.38197607,0.3821048,1.028373,0.09367571,0.09367571,1.0,0.0001287559,0.0013744854,-27.728992,2.2624657,0.7541553,0.128,0.0,0.1404613,5.0350204,5.0450206,1945600
hardzero_plus_depr__c0p54__z1p10__lam0p010__nu0p50__psi0p75,hardzero_plus_depr,0.06,40,608,0.0,3,0.3821048,0.38223693,1.013981,0.096832015,0.096832015,1.0,0.0001320997,0.001364215,-27.397223,2.2308028,0.74360096,0.16000001,0.0,0.13945967,5.0450206,5.055021,1948800
hardzero_plus_depr__c0p54__z1p10__lam0p010__nu0p50__psi0p75,hardzero_plus_depr,0.06,40,609,0.0,3,0.38223693,0.3823684,1.012849,0.09708475,0.09708475,1.0,0.00013145486,0.0013540216,-27.832706,2.2283123,0.7427708,0.136,0.0,0.14144973,5.055021,5.065021,1952000
hardzero_plus_depr__c0p54__z1p10__lam0p010__nu0p50__psi0p75,hardzero_plus_depr,0.06,40,610,0.0,3,0.3823684,0.3824997,1.0101191,0.09769694,0.09769694,1.0,0.00013129532,0.0013439042,-26.827356,2.2223063,0.7407688,0.14400001,0.0,0.13874346,5.065021,5.0750213,1955200
hardzero_plus_depr__c0p54__z1p10__lam0p010__nu0p50__psi0p75,hardzero_plus_depr,0.06,40,611,0.0,3,0.3824997,0.38263413,0.9965419,0.10079942,0.10079942,1.0,0.00013445255,0.0013338623,-27.421366,2.192436,0.730812,0.17999999,0.0,0.15633696,5.0750213,5.0850215,1958400
hardzero_plus_depr__c0p54__z1p10__lam0p010__nu0p50__psi0p75,hardzero_plus_depr,0.06,40,612,0.0,3,0.38263413,0.38275173,1.0514,0.08883827,0.08883827,1.0,0.00011761259,0.0013238955,-27.558014,2.313126,0.77104205,0.096,0.0,0.15886642,5.0850215,5.0950217,1961600
hardzero_plus_depr__c0p54__z1p10__lam0p010__nu0p50__psi0p75,hardzero_plus_depr,0.06,40,613,0.0,3,0.38275173,0.38287896,1.0140541,0.09681574,0.09681574,1.0,0.0001272162,0.0013140033,-26.919525,2.2309635,0.7436545,0.18400002,0.0,0.14099315,5.0950217,5.105022,1964800
hardzero_plus_depr__c0p54__z1p10__lam0p010__nu0p50__psi0p75,hardzero_plus_depr,0.06,40,614,0.0,3,0.38287896,0.38300687,1.0083857,0.09808764,0.09808764,1.0,0.00012792442,0.0013041849,-27.906294,2.2184927,0.7394976,0.136,0.0,0.14203824,5.105022,5.115022,1968000
hardzero_plus_depr__c0p54__z1p10__lam0p010__nu0p50__psi0p75,hardzero_plus_depr,0.06,40,615,0.0,3,0.38300687,0.38313153,1.0163178,0.09631237,0.09631237,1.0,0.00012467057,0.0012944399,-26.936234,2.235944,0.7453147,0.16800001,0.0,0.12653252,5.115022,5.1250224,1971200
hardzero_plus_depr__c0p54__z1p10__lam0p010__nu0p50__psi0p75,hardzero_plus_depr,0.06,40,616,0.0,3,0.38313153,0.3832783,0.9421242,0.11425516,0.11425516,1.0,0.00014679134,0.0012847676,-25.802063,2.0727146,0.69090486,0.18400002,0.0,0.1269768,5.1250224,5.1350226,1974400
hardzero_plus_depr__c0p54__z1p10__lam0p010__nu0p50__psi0p75,hardzero_plus_depr,0.06,40,617,0.0,3,0.3832783,0.3833959,1.0351319,0.09222912,0.09222912,1.0,0.0001176076,0.0012751677,-27.71962,2.2773356,0.7591119,0.128,0.0,0.13189432,5.1350226,5.145023,1977600
hardzero_plus_depr__c0p54__z1p10__lam0p010__nu0p50__psi0p75,hardzero_plus_depr,0.06,40,618,0.0,3,0.3833959,0.38352874,0.97898567,0.1049577,0.1049577,1.0,0.00013283861,0.0012656396,-26.804777,2.1538115,0.7179372,0.128,0.0,0.14010376,5.145023,5.155023,1980800
hardzero_plus_depr__c0p54__z1p10__lam0p010__nu0p50__psi0p75,hardzero_plus_depr,0.06,40,619,0.0,3,0.38352874,0.38365123,1.010932,0.097514234,0.097514234,1.0,0.00012249568,0.0012561826,-26.570726,2.2240949,0.74136496,0.16000001,0.0,0.14632837,5.155023,5.1650233,1984000
hardzero_plus_depr__c0p54__z1p10__lam0p010__nu0p50__psi0p75,hardzero_plus_depr,0.06,40,620,0.0,3,0.38365123,0.38378733,0.96187663,0.10917505,0.10917505,1.0,0.00013611902,0.0012467961,-25.908012,2.116171,0.70539033,0.192,0.008,0.1168845,5.1650233,5.1750236,1987200
hardzero_plus_depr__c0p54__z1p10__lam0p010__nu0p50__psi0p75,hardzero_plus_depr,0.06,40,621,0.0,3,0.38378733,0.38391173,0.99769896,0.10053124,0.10053124,1.0,0.00012440539,0.0012374799,-25.642765,2.1949816,0.73166054,0.16000001,0.0,0.11234126,5.1750236,5.185024,1990400
hardzero_plus_depr__c0p54__z1p10__lam0p010__nu0p50__psi0p75,hardzero_plus_depr,0.06,40,622,0.0,3,0.38391173,0.38403428,1.0009377,0.09978432,0.09978432,1.0,0.00012255843,0.0012282333,-26.890818,2.202107,0.7340357,0.128,0.0,0.13194428,5.185024,5.195024,1993600
hardzero_plus_depr__c0p54__z1p10__lam0p010__nu0p50__psi0p75,hardzero_plus_depr,0.06,40,623,0.0,3,0.38403428,0.38416487,0.9700539,0.107138634,0.107138634,1.0,0.00013060798,0.0012190558,-25.996115,2.1341612,0.7113871,0.15200001,0.0,0.14034049,5.195024,5.2050242,1996800
hardzero_plus_depr__c0p54__z1p10__lam0p010__nu0p50__psi0p75,hardzero_plus_depr,0.06,40,624,0.0,3,0.38416487,0.38428637,0.99817103,0.100422025,0.100422025,1.0,0.00012150532,0.0012099469,-27.195278,2.1960201,0.7320067,0.22999999,0.0,0.15156876,5.2050242,5.2150245,2000000
hardzero_plus_depr__c0p54__z1p10__lam0p010__nu0p50__psi0p75,hardzero_plus_depr,0.06,40,625,0.0,3,0.38428637,0.38439518,1.0428642,0.09060159,0.09060159,1.0,0.00010880401,0.0012009061,-27.31071,2.294347,0.76478237,0.128,0.0,0.14338404,5.2150245,5.2250247,2003200
hardzero_plus_depr__c0p54__z1p10__lam0p010__nu0p50__psi0p75,hardzero_plus_depr,0.06,40,626,0.0,3,0.38439518,0.3845166,0.99194235,0.10187267,0.10187267,1.0,0.00012142535,0.0011919326,-27.243504,2.1823168,0.7274389,0.16800001,0.0,0.15353912,5.2250247,5.235025,2006400
hardzero_plus_depr__c0p54__z1p10__lam0p010__nu0p50__psi0p75,hardzero_plus_depr,0.06,40,627,0.0,3,0.3845166,0.38462332,1.0447085,0.09021765,0.09021765,1.0,0.000106729865,0.0011830265,-27.274895,2.2984045,0.76613486,0.104,0.0,0.14247516,5.235025,5.245025,2009600
hardzero_plus_depr__c0p54__z1p10__lam0p010__nu0p50__psi0p75,hardzero_plus_depr,0.06,40,628,0.0,3,0.38462332,0.38473046,1.039816,0.09123972,0.09123972,1.0,0.00010713248,0.0011741868,-27.374195,2.287641,0.762547,0.16000001,0.0,0.15569963,5.245025,5.2550254,2012800
hardzero_plus_depr__c0p54__z1p10__lam0p010__nu0p50__psi0p75,hardzero_plus_depr,0.06,40,629,0.0,3,0.38473046,0.3848491,0.99221283,0.10180922,0.10180922,1.0,0.00011864979,0.0011654131,-26.324068,2.1829119,0.7276373,0.16800001,0.0,0.11186657,5.2550254,5.2650256,2016000
hardzero_plus_depr__c0p54__z1p10__lam0p010__nu0p50__psi0p75,hardzero_plus_depr,0.06,40,630,0.0,3,0.3848491,0.38497394,0.96684194,0.107933946,0.107933946,1.0,0.00012484773,0.001156705,-26.68599,2.1270947,0.7090316,0.15200001,0.0,0.13228732,5.2650256,5.275026,2019200
hardzero_plus_depr__c0p54__z1p10__lam0p010__nu0p50__psi0p75,hardzero_plus_depr,0.06,40,631,0.0,3,0.38497394,0.3850753,1.0540496,0.0882979,0.0882979,1.0,0.000101371465,0.001148062,-27.896057,2.3189554,0.77298516,0.136,0.0,0.1443098,5.275026,5.285026,2022400
hardzero_plus_depr__c0p54__z1p10__lam0p010__nu0p50__psi0p75,hardzero_plus_depr,0.06,40,632,0.0,3,0.3850753,0.3852029,0.95081943,0.11199033,0.11199033,1.0,0.00012761114,0.0011394835,-26.607498,2.0918446,0.69728154,0.23200001,0.0,0.1316514,5.285026,5.2950263,2025600
hardzero_plus_depr__c0p54__z1p10__lam0p010__nu0p50__psi0p75,hardzero_plus_depr,0.06,40,633,0.0,3,0.3852029,0.38532606,0.96306676,0.10887627,0.10887627,1.0,0.0001231357,0.0011309691,-26.032143,2.1187892,0.70626307,0.17600001,0.0,0.12767258,5.2950263,5.3050265,2028800
hardzero_plus_depr__c0p54__z1p10__lam0p010__nu0p50__psi0p75,hardzero_plus_depr,0.06,40,634,0.0,3,0.38532606,0.38543832,0.9999691,0.1000071,0.1000071,1.0,0.00011225982,0.0011225184,-27.22722,2.199976,0.73332536,0.15200001,0.0,0.14658539,5.3050265,5.3150268,2032000
hardzero_plus_depr__c0p54__z1p10__lam0p010__nu0p50__psi0p75,hardzero_plus_depr,0.06,40,635,0.0,3,0.38543832,0.38555232,0.99006844,0.10231316,0.10231316,1.0,0.00011399026,0.001114131,-26.498089,2.178194,0.7260647,0.14400001,0.0,0.15155657,5.3150268,5.325027,2035200
hardzero_plus_depr__c0p54__z1p10__lam0p010__nu0p50__psi0p75,hardzero_plus_depr,0.06,40,636,0.0,3,0.38555232,0.38566425,0.9947135,0.101224706,0.101224706,1.0,0.000111934874,0.0011058059,-27.369717,2.1884134,0.72947115,0.216,0.0,0.1672247,5.325027,5.335027,2038400
hardzero_plus_depr__c0p54__z1p10__lam0p010__nu0p50__psi0p75,hardzero_plus_depr,0.06,40,637,0.0,3,0.38566425,0.3857692,1.0195224,0.09560432,0.09560432,1.0,0.00010492988,0.0010975433,-27.255302,2.242994,0.7476647,0.19999999,0.0,0.15712608,5.335027,5.3450274,2041600
hardzero_plus_depr__c0p54__z1p10__lam0p010__nu0p50__psi0p75,hardzero_plus_depr,0.06,40,638,0.0,3,0.3857692,0.3858789,0.9969196,0.100711815,0.100711815,1.0,0.00010970964,0.0010893423,-26.424686,2.1932669,0.731089,0.16000001,0.0,0.1493891,5.3450274,5.3550277,2044800
hardzero_plus_depr__c0p54__z1p10__lam0p010__nu0p50__psi0p75,hardzero_plus_depr,0.06,40,639,0.0,3,0.3858789,0.38599017,0.9875255,0.10291399,0.10291399,1.0,0.00011127086,0.0010812025,-27.00877,2.1725996,0.7241999,0.136,0.0,0.12940623,5.3550277,5.365028,2048000
hardzero_plus_depr__c0p54__z1p10__lam0p010__nu0p50__psi0p75,hardzero_plus_depr,0.06,40,640,0.0,3,0.38599017,0.38608918,1.0350611,0.09224416,0.09224416,1.0,9.89894e-05,0.0010731238,-27.136475,2.27718,0.75906,0.136,0.0,0.13898596,5.365028,5.375028,2051200
hardzero_plus_depr__c0p54__z1p10__lam0p010__nu0p50__psi0p75,hardzero_plus_depr,0.06,40,641,0.0,3,0.38608918,0.38618556,1.0434011,0.09048963,0.09048963,1.0,9.638098e-05,0.0010651052,-27.422552,2.2955284,0.7651762,0.112,0.0,0.15237875,5.375028,5.3850284,2054400
hardzero_plus_depr__c0p54__z1p10__lam0p010__nu0p50__psi0p75,hardzero_plus_depr,0.06,40,642,0.0,3,0.38618556,0.3862898,1.0061105,0.098602846,0.098602846,1.0,0.00010423766,0.0010571466,-26.520601,2.2134874,0.73782915,0.17600001,0.0,0.14875789,5.3850284,5.3950286,2057600
hardzero_plus_depr__c0p54__z1p10__lam0p010__nu0p50__psi0p75,hardzero_plus_depr,0.06,40,643,0.0,3,0.3862898,0.38639814,0.9860914,0.103254415,0.103254415,1.0,0.00010833943,0.0010492475,-26.58942,2.1694443,0.7231481,0.192,0.0,0.1299459,5.3950286,5.405029,2060800
hardzero_plus_depr__c0p54__z1p10__lam0p010__nu0p50__psi0p75,hardzero_plus_depr,0.06,40,644,0.0,3,0.38639814,0.38650823,0.97584283,0.10572001,0.10572001,1.0,0.0001100976,0.0010414073,-26.799276,2.146897,0.7156324,0.256,0.0,0.16775793,5.405029,5.415029,2064000
hardzero_plus_depr__c0p54__z1p10__lam0p010__nu0p50__psi0p75,hardzero_plus_depr,0.06,40,645,0.0,3,0.38650823,0.3866062,1.023288,0.09477896,0.09477896,1.0,9.796599e-05,0.0010336259,-27.892159,2.2512786,0.75042623,0.23200001,0.0,0.1697656,5.415029,5.4250293,2067200
hardzero_plus_depr__c0p54__z1p10__lam0p010__nu0p50__psi0p75,hardzero_plus_depr,0.06,40,646,0.0,3,0.3866062,0.38670576,1.0130011,0.097050756,0.097050756,1.0,9.956461e-05,0.0010259025,-26.99374,2.228647,0.7428824,0.23200001,0.0,0.15347059,5.4250293,5.4350295,2070400
hardzero_plus_depr__c0p54__z1p10__lam0p010__nu0p50__psi0p75,hardzero_plus_depr,0.06,40,647,0.0,3,0.38670576,0.38680944,0.99212074,0.10183082,0.10183082,1.0,0.00010368789,0.0010182369,-26.862434,2.1827092,0.72756976,0.18400002,0.0,0.14909938,5.4350295,5.4450297,2073600
hardzero_plus_depr__c0p54__z1p10__lam0p010__nu0p50__psi0p75,hardzero_plus_depr,0.06,40,648,0.0,3,0.38680944,0.38690442,1.0270106,0.093970045,0.093970045,1.0,9.49688e-05,0.0010106284,-26.632467,2.2594683,0.7531561,0.2,0.0,0.14954998,5.4450297,5.45503,2076800
hardzero_plus_depr__c0p54__z1p10__lam0p010__nu0p50__psi0p75,hardzero_plus_depr,0.06,40,649,0.0,3,0.38690442,0.38699925,1.0243542,0.094546564,0.094546564,1.0,9.483747e-05,0.0010030769,-26.958376,2.2536242,0.75120807,0.14400001,0.008,0.1692611,5.45503,5.46503,2080000
hardzero_plus_depr__c0p54__z1p10__lam0p010__nu0p50__psi0p75,hardzero_plus_depr,0.06,40,650,0.0,3,0.38699925,0.38710725,0.9646431,0.10848181,0.10848181,1.0,0.00010800252,0.0009955819,-26.279613,2.1222572,0.7074191,0.17,0.0,0.13971992,5.46503,5.4750304,2083200
hardzero_plus_depr__c0p54__z1p10__lam0p010__nu0p50__psi0p75,hardzero_plus_depr,0.06,40,651,0.0,3,0.38710725,0.3871968,1.042766,0.09062207,0.09062207,1.0,8.954753e-05,0.0009881427,-27.23115,2.294131,0.76471037,0.15200001,0.0,0.1332156,5.4750304,5.4850307,2086400
hardzero_plus_depr__c0p54__z1p10__lam0p010__nu0p50__psi0p75,hardzero_plus_depr,0.06,40,652,0.0,3,0.3871968,0.38730815,0.9448527,0.11353958,0.11353958,1.0,0.00011135498,0.0009807592,-26.26323,2.0787175,0.69290584,0.2,0.0,0.13085571,5.4850307,5.495031,2089600
hardzero_plus_depr__c0p54__z1p10__lam0p010__nu0p50__psi0p75,hardzero_plus_depr,0.06,40,653,0.0,3,0.38730815,0.3874018,1.0167937,0.09620692,0.09620692,1.0,9.3650786e-05,0.00097343087,-26.342297,2.236991,0.74566364,0.104,0.0,0.12814441,5.495031,5.505031,2092800
hardzero_plus_depr__c0p54__z1p10__lam0p010__nu0p50__psi0p75,hardzero_plus_depr,0.06,40,654,0.0,3,0.3874018,0.38750362,0.9771629,0.10539915,0.10539915,1.0,0.00010183215,0.00096615724,-26.17628,2.1498013,0.7166004,0.16800001,0.0,0.14494146,5.505031,5.5150313,2096000
hardzero_plus_depr__c0p54__z1p10__lam0p010__nu0p50__psi0p75,hardzero_plus_depr,0.06,40,655,0.0,3,0.38750362,0.3875877,1.0571668,0.08766641,0.08766641,1.0,8.4066654e-05,0.0009589381,-28.150208,2.3258135,0.7752712,0.16000001,0.0,0.15769644,5.5150313,5.5250316,2099200
hardzero_plus_depr__c0p54__z1p10__lam0p010__nu0p50__psi0p75,hardzero_plus_depr,0.06,40,656,0.0,3,0.3875877,0.38768703,0.9814075,0.10437402,0.10437402,1.0,9.9340345e-05,0.0009517727,-26.777758,2.1591396,0.7197132,0.216,0.0,0.14570244,5.5250316,5.535032,2102400
hardzero_plus_depr__c0p54__z1p10__lam0p010__nu0p50__psi0p75,hardzero_plus_depr,0.06,40,657,0.0,3,0.38768703,0.38777876,1.0127915,0.0970976,0.0970976,1.0,9.172431e-05,0.0009446609,-26.955963,2.228186,0.74272865,0.14400001,0.0,0.13656043,5.535032,5.545032,2105600
hardzero_plus_depr__c0p54__z1p10__lam0p010__nu0p50__psi0p75,hardzero_plus_depr,0.06,40,658,0.0,3,0.38777876,0.3878681,1.0209239,0.09529633,0.09529633,1.0,8.935006e-05,0.00093760237,-27.821512,2.2460773,0.74869245,0.112,0.0,0.16205862,5.545032,5.5550323,2108800
hardzero_plus_depr__c0p54__z1p10__lam0p010__nu0p50__psi0p75,hardzero_plus_depr,0.06,40,659,0.0,3,0.3878681,0.38795757,1.0171531,0.09612732,0.09612732,1.0,8.9455745e-05,0.0009305965,-27.714516,2.2377815,0.7459272,0.16800001,0.0,0.14450881,5.5550323,5.5650325,2112000
hardzero_plus_depr__c0p54__z1p10__lam0p010__nu0p50__psi0p75,hardzero_plus_depr,0.06,40,660,0.0,3,0.38795757,0.3880512,0.99397886,0.101396084,0.101396084,1.0,9.3653776e-05,0.00092364295,-26.842196,2.1867971,0.7289324,0.17600001,0.0,0.14450087,5.5650325,5.5750327,2115200
hardzero_plus_depr__c0p54__z1p10__lam0p010__nu0p50__psi0p75,hardzero_plus_depr,0.06,40,661,0.0,3,0.3880512,0.3881465,0.9833021,0.1039197,0.1039197,1.0,9.526749e-05,0.0009167414,-26.220371,2.163308,0.72110265,0.192,0.008,0.14005445,5.5750327,5.585033,2118400
hardzero_plus_depr__c0p54__z1p10__lam0p010__nu0p50__psi0p75,hardzero_plus_depr,0.06,40,662,0.0,3,0.3881465,0.38822752,1.0503219,0.08905906,0.08905906,1.0,8.103407e-05,0.0009098914,-27.729418,2.3107543,0.77025145,0.104,0.0,0.13600764,5.585033,5.595033,2121600
hardzero_plus_depr__c0p54__z1p10__lam0p010__nu0p50__psi0p75,hardzero_plus_depr,0.06,40,663,0.0,3,0.38822752,0.3883133,1.022422,0.09496817,0.09496817,1.0,8.576505e-05,0.0009030926,-27.24351,2.2493732,0.7497911,0.16,0.0,0.12874132,5.595033,5.6050334,2124800
hardzero_plus_depr__c0p54__z1p10__lam0p010__nu0p50__psi0p75,hardzero_plus_depr,0.06,40,664,0.0,3,0.3883133,0.38840806,0.97578126,0.10573498,0.10573498,1.0,9.477498e-05,0.0008963446,-26.627134,2.1467617,0.71558726,0.18400002,0.0,0.13483192,5.6050334,5.6150336,2128000
hardzero_plus_depr__c0p54__z1p10__lam0p010__nu0p50__psi0p75,hardzero_plus_depr,0.06,40,665,0.0,3,0.38840806,0.38850117,0.9802774,0.10464599,0.10464599,1.0,9.309799e-05,0.000889647,-26.476257,2.1566534,0.71888447,0.15200001,0.0,0.14166847,5.6150336,5.625034,2131200
hardzero_plus_depr__c0p54__z1p10__lam0p010__nu0p50__psi0p75,hardzero_plus_depr,0.06,40,666,0.0,3,0.38850117,0.3885973,0.96303403,0.10888448,0.10888448,1.0,9.614494e-05,0.00088299945,-26.502003,2.1187172,0.7062391,0.23200001,0.0,0.13781224,5.625034,5.635034,2134400
hardzero_plus_depr__c0p54__z1p10__lam0p010__nu0p50__psi0p75,hardzero_plus_depr,0.06,40,667,0.0,3,0.3885973,0.38867718,1.0402397,0.09115075,0.09115075,1.0,7.988466e-05,0.00087640155,-27.379482,2.288573,0.7628577,0.14400001,0.0,0.14873417,5.635034,5.6450343,2137600
hardzero_plus_depr__c0p54__z1p10__lam0p010__nu0p50__psi0p75,hardzero_plus_depr,0.06,40,668,0.0,3,0.38867718,0.38877037,0.97006345,0.107136264,0.107136264,1.0,9.31928e-05,0.000869853,-26.769978,2.1341822,0.7113941,0.16000001,0.0,0.121137306,5.6450343,5.6550345,2140800
hardzero_plus_depr__c0p54__z1p10__lam0p010__nu0p50__psi0p75,hardzero_plus_depr,0.06,40,669,0.0,3,0.38877037,0.3888476,1.0483961,0.08945485,0.08945485,1.0,7.723115e-05,0.0008633534,-28.326296,2.3065176,0.76883924,0.18400002,0.0,0.16843863,5.6550345,5.665035,2144000
hardzero_plus_depr__c0p54__z1p10__lam0p010__nu0p50__psi0p75,hardzero_plus_depr,0.06,40,670,0.0,3,0.3888476,0.38893718,0.9806407,0.10455848,0.10455848,1.0,8.9596404e-05,0.0008569023,-25.931973,2.1574526,0.7191509,0.17600001,0.0,0.11842151,5.665035,5.675035,2147200
hardzero_plus_depr__c0p54__z1p10__lam0p010__nu0p50__psi0p75,hardzero_plus_depr,0.06,40,671,0.0,3,0.38893718,0.3890303,0.96060485,0.10949521,0.10949521,1.0,9.312561e-05,0.0008504994,-26.301567,2.1133728,0.70445764,0.14400001,0.0,0.13791126,5.675035,5.685035,2150400
hardzero_plus_depr__c0p54__z1p10__lam0p010__nu0p50__psi0p75,hardzero_plus_depr,0.06,40,672,0.0,3,0.3890303,0.38910937,1.0284333,0.093662694,0.093662694,1.0,7.9064834e-05,0.0008441444,-26.759542,2.2625985,0.7541995,0.14400001,0.0,0.1402671,5.685035,5.6950355,2153600
hardzero_plus_depr__c0p54__z1p10__lam0p010__nu0p50__psi0p75,hardzero_plus_depr,0.06,40,673,0.0,3,0.38910937,0.38919133,1.0095469,0.097825736,0.097825736,1.0,8.1962e-05,0.0008378368,-27.83572,2.2210474,0.7403492,0.136,0.0,0.15743846,5.6950355,5.7050357,2156800
hardzero_plus_depr__c0p54__z1p10__lam0p010__nu0p50__psi0p75,hardzero_plus_depr,0.06,40,674,0.0,3,0.38919133,0.3892741,1.0020789,0.09952247,0.09952247,1.0,8.276054e-05,0.0008315764,-26.844528,2.2046175,0.7348725,0.136,0.0,0.15078743,5.7050357,5.715036,2160000
hardzero_plus_depr__c0p54__z1p10__lam0p010__nu0p50__psi0p75,hardzero_plus_depr,0.06,40,675,0.0,3,0.3892741,0.3893616,0.97457975,0.106027916,0.106027916,1.0,8.751149e-05,0.00082536275,-27.097975,2.1441183,0.7147061,0.16800001,0.0,0.14645106,5.715036,5.725036,2163200
hardzero_plus_depr__c0p54__z1p10__lam0p010__nu0p50__psi0p75,hardzero_plus_depr,0.06,40,676,0.0,3,0.3893616,0.38943648,1.0389729,0.09141703,0.09141703,1.0,7.488843e-05,0.0008191956,-27.534306,2.285786,0.7619287,0.14,0.0,0.14687076,5.725036,5.7350364,2166400
hardzero_plus_depr__c0p54__z1p10__lam0p010__nu0p50__psi0p75,hardzero_plus_depr,0.06,40,677,0.0,3,0.38943648,0.38950998,1.0438658,0.090392865,0.090392865,1.0,7.349613e-05,0.00081307447,-28.31852,2.2965505,0.7655169,0.15200001,0.008,0.13232747,5.7350364,5.7450366,2169600
hardzero_plus_depr__c0p54__z1p10__lam0p010__nu0p50__psi0p75,hardzero_plus_depr,0.06,40,678,0.0,3,0.38950998,0.38958722,1.0190516,0.09570804,0.09570804,1.0,7.72363e-05,0.00080699904,-27.27869,2.2419581,0.7473194,0.192,0.0,0.14976457,5.7450366,5.755037,2172800
hardzero_plus_depr__c0p54__z1p10__lam0p010__nu0p50__psi0p75,hardzero_plus_depr,0.06,40,679,0.0,3,0.38958722,0.38966042,1.0390689,0.0913968,0.0913968,1.0,7.3206014e-05,0.0008009691,-27.880854,2.2859974,0.76199913,0.14400001,0.0,0.14928226,5.755037,5.765037,2176000
hardzero_plus_depr__c0p54__z1p10__lam0p010__nu0p50__psi0p75,hardzero_plus_depr,0.06,40,680,0.0,3,0.38966042,0.38973463,1.0299531,0.09333549,0.09333549,1.0,7.420024e-05,0.00079498417,-27.735607,2.265942,0.75531405,0.096,0.0,0.13943888,5.765037,5.7750373,2179200
hardzero_plus_depr__c0p54__z1p10__lam0p010__nu0p50__psi0p75,hardzero_plus_depr,0.06,40,681,0.0,3,0.38973463,0.38980207,1.068259,0.085455686,0.085455686,1.0,6.7428286e-05,0.0007890439,-27.9086,2.3502166,0.78340554,0.16800001,0.008,0.15411244,5.7750373,5.7850375,2182400
hardzero_plus_depr__c0p54__z1p10__lam0p010__nu0p50__psi0p75,hardzero_plus_depr,0.06,40,682,0.0,3,0.38980207,0.3898847,0.9766803,0.105516344,0.105516344,1.0,8.263493e-05,0.0007831481,-26.459179,2.1487396,0.71624655,0.2,0.0,0.15275729,5.7850375,5.7950377,2185600
hardzero_plus_depr__c0p54__z1p10__lam0p010__nu0p50__psi0p75,hardzero_plus_depr,0.06,40,683,0.0,3,0.3898847,0.38996834,0.9682085,0.10759484,0.10759484,1.0,8.363307e-05,0.0007772963,-26.782616,2.1301012,0.7100338,0.136,0.0,0.17583823,5.7950377,5.805038,2188800
hardzero_plus_depr__c0p54__z1p10__lam0p010__nu0p50__psi0p75,hardzero_plus_depr,0.06,40,684,0.0,3,0.38996834,0.39005542,0.9473488,0.11288889,0.11288889,1.0,8.7092456e-05,0.0007714883,-25.864325,2.084209,0.69473636,0.192,0.0,0.11822309,5.805038,5.815038,2192000
hardzero_plus_depr__c0p54__z1p10__lam0p010__nu0p50__psi0p75,hardzero_plus_depr,0.06,40,685,0.0,3,0.39005542,0.39014706,0.92201376,0.119670264,0.119670264,1.0,9.163434e-05,0.0007657236,-25.91117,2.0284708,0.67615694,0.192,0.0,0.114338785,5.815038,5.8250384,2195200
hardzero_plus_depr__c0p54__z1p10__lam0p010__nu0p50__psi0p75,hardzero_plus_depr,0.06,40,686,0.0,3,0.39014706,0.39021978,1.0191067,0.095695876,0.095695876,1.0,7.272906e-05,0.00076000206,-26.713017,2.2420795,0.7473599,0.17600001,0.008,0.13702075,5.8250384,5.8350387,2198400
hardzero_plus_depr__c0p54__z1p10__lam0p010__nu0p50__psi0p75,hardzero_plus_depr,0.06,40,687,0.0,3,0.39021978,0.3902901,1.0304666,0.093225226,0.093225226,1.0,7.0321956e-05,0.00075432326,-27.370983,2.2670717,0.7556906,0.16800001,0.0,0.13433228,5.8350387,5.845039,2201600
hardzero_plus_depr__c0p54__z1p10__lam0p010__nu0p50__psi0p75,hardzero_plus_depr,0.06,40,688,0.0,3,0.3902901,0.39036486,1.0007886,0.09981859,0.09981859,1.0,7.473286e-05,0.00074868684,-27.083515,2.201779,0.7339263,0.112,0.0,0.1170414,5.845039,5.855039,2204800
hardzero_plus_depr__c0p54__z1p10__lam0p010__nu0p50__psi0p75,hardzero_plus_depr,0.06,40,689,0.0,3,0.39036486,0.39043996,0.9953384,0.101079166,0.101079166,1.0,7.511117e-05,0.00074309256,-26.794443,2.189788,0.7299294,0.17,0.0,0.17156875,5.855039,5.8650393,2208000
hardzero_plus_depr__c0p54__z1p10__lam0p010__nu0p50__psi0p75,hardzero_plus_depr,0.06,40,690,0.0,3,0.39043996,0.3905043,1.0592595,0.08724498,0.08724498,1.0,6.434667e-05,0.0007375401,-27.657793,2.3304174,0.7768058,0.112,0.0,0.14864159,5.8650393,5.8750396,2211200
hardzero_plus_depr__c0p54__z1p10__lam0p010__nu0p50__psi0p75,hardzero_plus_depr,0.06,40,691,0.0,3,0.3905043,0.39057854,0.99385834,0.10142423,0.10142423,1.0,7.424549e-05,0.0007320291,-27.365618,2.186532,0.72884405,0.136,0.0,0.14556512,5.8750396,5.88504,2214400
hardzero_plus_depr__c0p54__z1p10__lam0p010__nu0p50__psi0p75,hardzero_plus_depr,0.06,40,692,0.0,3,0.39057854,0.39065608,0.9717818,0.106713206,0.106713206,1.0,7.753347e-05,0.0007265593,-26.963818,2.1379626,0.71265423,0.216,0.0,0.12559505,5.88504,5.89504,2217600
hardzero_plus_depr__c0p54__z1p10__lam0p010__nu0p50__psi0p75,hardzero_plus_depr,0.06,40,693,0.0,3,0.39065608,0.39072785,1.0021119,0.099514894,0.099514894,1.0,7.176321e-05,0.00072113035,-26.992483,2.2046902,0.7348968,0.17600001,0.0,0.15262683,5.89504,5.9050403,2220800
hardzero_plus_depr__c0p54__z1p10__lam0p010__nu0p50__psi0p75,hardzero_plus_depr,0.06,40,694,0.0,3,0.39072785,0.3908043,0.9714091,0.10680484,0.10680484,1.0,7.644472e-05,0.00071574206,-27.362597,2.1371427,0.7123809,0.192,0.008,0.16126752,5.9050403,5.9150405,2224000
hardzero_plus_depr__c0p54__z1p10__lam0p010__nu0p50__psi0p75,hardzero_plus_depr,0.06,40,695,0.0,3,0.3908043,0.3908684,1.0445619,0.09024811,0.09024811,1.0,6.41117e-05,0.0007103939,-27.545286,2.298082,0.7660274,0.112,0.0,0.17981793,5.9150405,5.9250407,2227200
hardzero_plus_depr__c0p54__z1p10__lam0p010__nu0p50__psi0p75,hardzero_plus_depr,0.06,40,696,0.0,3,0.3908684,0.39093456,1.0275629,0.09385061,0.09385061,1.0,6.617273e-05,0.00070508575,-27.555641,2.2606835,0.7535612,0.112,0.0,0.20049831,5.9250407,5.935041,2230400
hardzero_plus_depr__c0p54__z1p10__lam0p010__nu0p50__psi0p75,hardzero_plus_depr,0.06,40,697,0.0,3,0.39093456,0.39100426,1.001746,0.09959876,0.09959876,1.0,6.970093e-05,0.00069981726,-25.632313,2.2038853,0.73462844,0.16800001,0.0,0.15929441,5.935041,5.945041,2233600
hardzero_plus_depr__c0p54__z1p10__lam0p010__nu0p50__psi0p75,hardzero_plus_depr,0.06,40,698,0.0,3,0.39100426,0.3910699,1.0247346,0.09446378,0.09446378,1.0,6.561342e-05,0.0006945881,-26.980572,2.254461,0.751487,0.136,0.0,0.12339352,5.945041,5.9550414,2236800
hardzero_plus_depr__c0p54__z1p10__lam0p010__nu0p50__psi0p75,hardzero_plus_depr,0.06,40,699,0.0,3,0.3910699,0.39114314,0.97357255,0.10627409,0.10627409,1.0,7.326516e-05,0.00068939815,-26.975258,2.1419024,0.7139675,0.15200001,0.0,0.12627007,5.9550414,5.9650416,2240000
hardzero_plus_depr__c0p54__z1p10__lam0p010__nu0p50__psi0p75,hardzero_plus_depr,0.06,40,700,0.0,3,0.39114314,0.39121917,0.9542382,0.11111222,0.11111222,1.0,7.6028184e-05,0.0006842468,-26.319862,2.099366,0.6997887,0.17600001,0.0,0.17007788,5.9650416,5.975042,2243200
hardzero_plus_depr__c0p54__z1p10__lam0p010__nu0p50__psi0p75,hardzero_plus_depr,0.06,40,701,0.0,3,0.39121917,0.39127538,1.082213,0.08275361,0.08275361,1.0,5.6200795e-05,0.00067913404,-28.100124,2.3809164,0.7936388,0.14400001,0.0,0.15838993,5.975042,5.985042,2246400
hardzero_plus_depr__c0p54__z1p10__lam0p010__nu0p50__psi0p75,hardzero_plus_depr,0.06,40,702,0.0,3,0.39127538,0.39134505,0.98556155,0.10338046,0.10338046,1.0,6.968458e-05,0.00067405956,-26.540339,2.1682787,0.7227596,0.21,0.0,0.14075667,5.985042,5.9950423,2249600
hardzero_plus_depr__c0p54__z1p10__lam0p010__nu0p50__psi0p75,hardzero_plus_depr,0.06,40,703,0.0,3,0.39134505,0.3914224,0.93709594,0.11558568,0.11558568,1.0,7.732947e-05,0.0006690229,-26.156637,2.0616522,0.6872174,0.24800001,0.008,0.1352979,5.9950423,6.0050426,2252800
hardzero_plus_depr__c0p54__z1p10__lam0p010__nu0p50__psi0p75,hardzero_plus_depr,0.06,40,704,0.0,3,0.3914224,0.3914837,1.0347139,0.09231794,0.09231794,1.0,6.130131e-05,0.00066402386,-27.742609,2.2764158,0.7588053,0.120000005,0.0,0.12886357,6.0050426,6.015043,2256000
hardzero_plus_depr__c0p54__z1p10__lam0p010__nu0p50__psi0p75,hardzero_plus_depr,0.06,40,705,0.0,3,0.3914837,0.3915507,0.99282223,0.10166647,0.10166647,1.0,6.700453e-05,0.0006590622,-26.791967,2.1842525,0.7280842,0.16800001,0.0,0.13126709,6.015043,6.025043,2259200
hardzero_plus_depr__c0p54__z1p10__lam0p010__nu0p50__psi0p75,hardzero_plus_depr,0.06,40,706,0.0,3,0.3915507,0.3916216,0.9649405,0.10840755,0.10840755,1.0,7.0913455e-05,0.0006541376,-26.287527,2.1229115,0.7076372,0.2,0.0,0.12084412,6.025043,6.0350432,2262400
hardzero_plus_depr__c0p54__z1p10__lam0p010__nu0p50__psi0p75,hardzero_plus_depr,0.06,40,707,0.0,3,0.3916216,0.3916846,1.0131456,0.09701848,0.09701848,1.0,6.298923e-05,0.0006492498,-27.004555,2.2289648,0.7429883,0.16800001,0.0,0.14566275,6.0350432,6.0450435,2265600
hardzero_plus_depr__c0p54__z1p10__lam0p010__nu0p50__psi0p75,hardzero_plus_depr,0.06,40,708,0.0,3,0.3916846,0.39173916,1.0722337,0.08467717,0.08467717,1.0,5.456584e-05,0.0006443985,-28.222982,2.358961,0.7863204,0.120000005,0.0,0.15607393,6.0450435,6.0550437,2268800
hardzero_plus_depr__c0p54__z1p10__lam0p010__nu0p50__psi0p75,hardzero_plus_depr,0.06,40,709,0.0,3,0.39173916,0.3918021,1.0068684,0.09843093,0.09843093,1.0,6.2954794e-05,0.00063958345,-27.204245,2.2151546,0.7383849,0.15200001,0.0,0.13618034,6.0550437,6.065044,2272000
hardzero_plus_depr__c0p54__z1p10__lam0p010__nu0p50__psi0p75,hardzero_plus_depr,0.06,40,710,0.0,3,0.3918021,0.39186472,1.0059485,0.098639645,0.098639645,1.0,6.2616884e-05,0.0006348044,-27.261353,2.213131,0.73771036,0.208,0.0,0.1539021,6.065044,6.075044,2275200
hardzero_plus_depr__c0p54__z1p10__lam0p010__nu0p50__psi0p75,hardzero_plus_depr,0.06,40,711,0.0,3,0.39186472,0.39192578,1.0136244,0.09691156,0.09691156,1.0,6.10602e-05,0.0006300611,-27.057018,2.2300184,0.7433395,0.2,0.0,0.16341303,6.075044,6.0850444,2278400
hardzero_plus_depr__c0p54__z1p10__lam0p010__nu0p50__psi0p75,hardzero_plus_depr,0.06,40,712,0.0,3,0.39192578,0.39198723,1.007597,0.09826593,0.09826593,1.0,6.145092e-05,0.00062535325,-27.369175,2.2167575,0.7389192,0.17600001,0.0,0.14638594,6.0850444,6.0950446,2281600
hardzero_plus_depr__c0p54__z1p10__lam0p010__nu0p50__psi0p75,hardzero_plus_depr,0.06,40,713,0.0,3,0.39198723,0.3920491,1.001319,0.09969674,0.09969674,1.0,6.187982e-05,0.0006206805,-26.80436,2.202946,0.73431534,0.224,0.0,0.15040863,6.0950446,6.105045,2284800
hardzero_plus_depr__c0p54__z1p10__lam0p010__nu0p50__psi0p75,hardzero_plus_depr,0.06,40,714,0.0,3,0.3920491,0.39210954,1.0083908,0.09808649,0.09808649,1.0,6.0425467e-05,0.0006160427,-26.984076,2.218504,0.73950136,0.17600001,0.0,0.15493539,6.105045,6.115045,2288000
hardzero_plus_depr__c0p54__z1p10__lam0p010__nu0p50__psi0p75,hardzero_plus_depr,0.06,40,715,0.0,3,0.39210954,0.39210954,1.1003162,0.0,0.079375006,0.0,0.0,0.0006114396,-29.237392,2.420744,0.8069147,0.099999994,0.0,0.14646883,6.115045,6.1250453,2291200
hardzero_plus_depr__c0p54__z1p10__lam0p010__nu0p50__psi0p75,hardzero_plus_depr,0.06,40,716,0.0,3,0.39210954,0.3921615,1.0674895,0.08560724,0.08560724,1.0,5.195254e-05,0.00060687086,-28.118309,2.3485239,0.7828413,0.128,0.0,0.14756401,6.1250453,6.1350455,2294400
hardzero_plus_depr__c0p54__z1p10__lam0p010__nu0p50__psi0p75,hardzero_plus_depr,0.06,40,717,0.0,3,0.3921615,0.3922156,1.046383,0.08987047,0.08987047,1.0,5.413224e-05,0.00060233625,-28.251955,2.3020885,0.76736283,0.15200001,0.0,0.14877474,6.1350455,6.1450458,2297600
hardzero_plus_depr__c0p54__z1p10__lam0p010__nu0p50__psi0p75,hardzero_plus_depr,0.06,40,718,0.0,3,0.3922156,0.39227536,1.0002677,0.09993836,0.09993836,1.0,5.9746697e-05,0.00059783546,-27.311028,2.200633,0.73354435,0.096,0.0,0.13991304,6.1450458,6.155046,2300800
hardzero_plus_depr__c0p54__z1p10__lam0p010__nu0p50__psi0p75,hardzero_plus_depr,0.06,40,719,0.0,3,0.39227536,0.39233318,1.0113032,0.09743093,0.09743093,1.0,5.781243e-05,0.0005933684,-26.313667,2.2249115,0.7416372,0.14400001,0.0,0.13973694,6.155046,6.165046,2304000
hardzero_plus_depr__c0p54__z1p10__lam0p010__nu0p50__psi0p75,hardzero_plus_depr,0.06,40,720,0.0,3,0.39233318,0.39239186,1.0016344,0.09962439,0.09962439,1.0,5.867226e-05,0.0005889347,-27.415985,2.2036395,0.73454654,0.14400001,0.0,0.15500596,6.165046,6.1750464,2307200
hardzero_plus_depr__c0p54__z1p10__lam0p010__nu0p50__psi0p75,hardzero_plus_depr,0.06,40,721,0.0,3,0.39239186,0.39245272,0.98255515,0.10409859,0.10409859,1.0,6.0849172e-05,0.0005845341,-27.206772,2.1616645,0.7205548,0.192,0.0,0.122478314,6.1750464,6.1850467,2310400
hardzero_plus_depr__c0p54__z1p10__lam0p010__nu0p50__psi0p75,hardzero_plus_depr,0.06,40,722,0.0,3,0.39245272,0.3925068,1.030375,0.09324487,0.09324487,1.0,5.409754e-05,0.0005801664,-26.849981,2.2668703,0.75562346,0.192,0.0,0.15995248,6.1850467,6.195047,2313600
hardzero_plus_depr__c0p54__z1p10__lam0p010__nu0p50__psi0p75,hardzero_plus_depr,0.06,40,723,0.0,3,0.3925068,0.3925579,1.0520383,0.08870777,0.08870777,1.0,5.108071e-05,0.00057583133,-27.774246,2.3145304,0.7715101,0.128,0.0,0.1651632,6.195047,6.205047,2316800
hardzero_plus_depr__c0p54__z1p10__lam0p010__nu0p50__psi0p75,hardzero_plus_depr,0.06,40,724,0.0,3,0.3925579,0.39260903,1.0483245,0.08946961,0.08946961,1.0,5.1134444e-05,0.0005715286,-28.009563,2.30636,0.76878667,0.14400001,0.0,0.14513548,6.205047,6.2150474,2320000
hardzero_plus_depr__c0p54__z1p10__lam0p010__nu0p50__psi0p75,hardzero_plus_depr,0.06,40,725,0.0,3,0.39260903,0.39266247,1.0259585,0.094197944,0.094197944,1.0,5.3434553e-05,0.00056725816,-27.582617,2.2571537,0.7523846,0.16000001,0.0,0.15276162,6.2150474,6.2250476,2323200
hardzero_plus_depr__c0p54__z1p10__lam0p010__nu0p50__psi0p75,hardzero_plus_depr,0.06,40,726,0.0,3,0.39266247,0.39271986,0.9916366,0.10194441,0.10194441,1.0,5.739669e-05,0.0005630195,-26.37929,2.181644,0.7272147,0.16000001,0.0,0.11753497,6.2250476,6.235048,2326400
hardzero_plus_depr__c0p54__z1p10__lam0p010__nu0p50__psi0p75,hardzero_plus_depr,0.06,40,727,0.0,3,0.39271986,0.39277893,0.9759528,0.105693236,0.105693236,1.0,5.906271e-05,0.0005588126,-26.652891,2.147139,0.715713,0.15200001,0.0,0.14028616,6.235048,6.245048,2329600
hardzero_plus_depr__c0p54__z1p10__lam0p010__nu0p50__psi0p75,hardzero_plus_depr,0.06,40,728,0.0,3,0.39277893,0.3928392,0.963931,0.10865982,0.10865982,1.0,6.026676e-05,0.00055463705,-26.28819,2.1206906,0.7068969,0.22999999,0.0,0.12635437,6.245048,6.2550483,2332800
hardzero_plus_depr__c0p54__z1p10__lam0p010__nu0p50__psi0p75,hardzero_plus_depr,0.06,40,729,0.0,3,0.3928392,0.39289597,0.9865318,0.10314974,0.10314974,1.0,5.678318e-05,0.0005504927,-26.643076,2.1704133,0.7234711,0.16800001,0.0,0.13745232,6.2550483,6.2650485,2336000
hardzero_plus_depr__c0p54__z1p10__lam0p010__nu0p50__psi0p75,hardzero_plus_depr,0.06,40,730,0.0,3,0.39289597,0.39294213,1.0733167,0.08446626,0.08446626,1.0,4.6150624e-05,0.00054637936,-28.200716,2.3613439,0.7871146,0.128,0.0,0.1610578,6.2650485,6.2750487,2339200
hardzero_plus_depr__c0p54__z1p10__lam0p010__nu0p50__psi0p75,hardzero_plus_depr,0.06,40,731,0.0,3,0.39294213,0.39299184,1.0376912,0.09168722,0.09168722,1.0,4.9721682e-05,0.0005422968,-27.492783,2.2829664,0.76098883,0.120000005,0.0,0.18013622,6.2750487,6.285049,2342400
hardzero_plus_depr__c0p54__z1p10__lam0p010__nu0p50__psi0p75,hardzero_plus_depr,0.06,40,732,0.0,3,0.39299184,0.39304742,0.9861563,0.10323898,0.10323898,1.0,5.556783e-05,0.00053824467,-26.783083,2.1695871,0.72319573,0.16000001,0.0,0.13966937,6.285049,6.295049,2345600
hardzero_plus_depr__c0p54__z1p10__lam0p010__nu0p50__psi0p75,hardzero_plus_depr,0.06,40,733,0.0,3,0.39304742,0.39309892,1.0158241,0.09642195,0.09642195,1.0,5.1510804e-05,0.0005342228,-27.641111,2.2348576,0.74495256,0.15200001,0.0,0.15513329,6.295049,6.3050494,2348800
hardzero_plus_depr__c0p54__z1p10__lam0p010__nu0p50__psi0p75,hardzero_plus_depr,0.06,40,734,0.0,3,0.39309892,0.3931483,1.0309993,0.09311094,0.09311094,1.0,4.9370312e-05,0.00053023105,-27.96091,2.2682438,0.7560813,0.192,0.0,0.1575409,6.3050494,6.3150496,2352000
hardzero_plus_depr__c0p54__z1p10__lam0p010__nu0p50__psi0p75,hardzero_plus_depr,0.06,40,735,0.0,3,0.3931483,0.39320073,1.0016226,0.09962709,0.09962709,1.0,5.2430663e-05,0.00052626914,-27.36491,2.2036138,0.73453796,0.216,0.016,0.17929608,6.3150496,6.32505,2355200
hardzero_plus_depr__c0p54__z1p10__lam0p010__nu0p50__psi0p75,hardzero_plus_depr,0.06,40,736,0.0,3,0.39320073,0.3932528,1.001497,0.09965589,0.09965589,1.0,5.205394e-05,0.0005223368,-26.929296,2.2033374,0.7344458,0.128,0.0,0.14119671,6.32505,6.33505,2358400
hardzero_plus_depr__c0p54__z1p10__lam0p010__nu0p50__psi0p75,hardzero_plus_depr,0.06,40,737,0.0,3,0.3932528,0.3933111,0.9489516,0.112473026,0.112473026,1.0,5.830981e-05,0.00051843375,-25.3902,2.0877352,0.69591177,0.18400002,0.0,0.120377935,6.33505,6.3450503,2361600
hardzero_plus_depr__c0p54__z1p10__lam0p010__nu0p50__psi0p75,hardzero_plus_depr,0.06,40,738,0.0,3,0.3933111,0.39336812,0.9553697,0.1108231,0.1108231,1.0,5.7025132e-05,0.00051456,-25.636889,2.1018553,0.70061845,0.136,0.0,0.11914958,6.3450503,6.3550506,2364800
hardzero_plus_depr__c0p54__z1p10__lam0p010__nu0p50__psi0p75,hardzero_plus_depr,0.06,40,739,0.0,3,0.39336812,0.39341304,1.0558554,0.08793152,0.08793152,1.0,4.4907963e-05,0.0005107152,-27.580769,2.3229282,0.7743094,0.136,0.0,0.16524203,6.3550506,6.365051,2368000
hardzero_plus_depr__c0p54__z1p10__lam0p010__nu0p50__psi0p75,hardzero_plus_depr,0.06,40,740,0.0,3,0.39341304,0.3934637,1.0001485,0.09996579,0.09996579,1.0,5.0672563e-05,0.000506899,-27.371597,2.2003708,0.73345697,0.17600001,0.0,0.12270162,6.365051,6.375051,2371200
hardzero_plus_depr__c0p54__z1p10__lam0p010__nu0p50__psi0p75,hardzero_plus_depr,0.06,40,741,0.0,3,0.3934637,0.39351133,1.0239235,0.09464038,0.09464038,1.0,4.761466e-05,0.00050311146,-27.768515,2.2526767,0.7508923,0.11,0.0,0.14513695,6.375051,6.3850513,2374400
hardzero_plus_depr__c0p54__z1p10__lam0p010__nu0p50__psi0p75,hardzero_plus_depr,0.06,40,742,0.0,3,0.39351133,0.39356375,0.97899866,0.10495458,0.10495458,1.0,5.240929e-05,0.0004993521,-26.233412,2.15384,0.7179467,0.224,0.0,0.13738573,6.3850513,6.3950515,2377600
hardzero_plus_depr__c0p54__z1p10__lam0p010__nu0p50__psi0p75,hardzero_plus_depr,0.06,40,743,0.0,3,0.39356375,0.39360842,1.0451038,0.09013557,0.09013557,1.0,4.4673074e-05,0.00049562095,-27.838873,2.2992742,0.7664248,0.128,0.0,0.139761,6.3950515,6.4050517,2380800
hardzero_plus_depr__c0p54__z1p10__lam0p010__nu0p50__psi0p75,hardzero_plus_depr,0.06,40,744,0.0,3,0.39360842,0.3936586,0.99127394,0.10202956,0.10202956,1.0,5.019013e-05,0.00049191754,-26.375967,2.1808462,0.72694874,0.112,0.0,0.14501397,6.4050517,6.415052,2384000
hardzero_plus_depr__c0p54__z1p10__lam0p010__nu0p50__psi0p75,hardzero_plus_depr,0.06,40,745,0.0,3,0.3936586,0.39370432,1.0286096,0.09362469,0.09362469,1.0,4.57115e-05,0.00048824193,-27.921938,2.2629864,0.75432885,0.112,0.0,0.13832565,6.415052,6.425052,2387200
hardzero_plus_depr__c0p54__z1p10__lam0p010__nu0p50__psi0p75,hardzero_plus_depr,0.06,40,746,0.0,3,0.39370432,0.39375427,0.98696005,0.10304807,0.10304807,1.0,4.9936443e-05,0.00048459368,-25.935162,2.1713555,0.72378516,0.18400002,0.0,0.14548507,6.425052,6.4350524,2390400
hardzero_plus_depr__c0p54__z1p10__lam0p010__nu0p50__psi0p75,hardzero_plus_depr,0.06,40,747,0.0,3,0.39375427,0.39380038,1.0182399,0.09588709,0.09588709,1.0,4.6119076e-05,0.00048097275,-27.867708,2.2401724,0.7467241,0.15200001,0.0,0.14114207,6.4350524,6.4450526,2393600
hardzero_plus_depr__c0p54__z1p10__lam0p010__nu0p50__psi0p75,hardzero_plus_depr,0.06,40,748,0.0,3,0.39380038,0.3938559,0.93443674,0.11629558,0.11629558,1.0,5.5517055e-05,0.00047737887,-25.557064,2.0558019,0.6852673,0.216,0.0,0.12023616,6.4450526,6.455053,2396800
hardzero_plus_depr__c0p54__z1p10__lam0p010__nu0p50__psi0p75,hardzero_plus_depr,0.06,40,749,0.0,3,0.3938559,0.3938992,1.0391227,0.0913855,0.0913855,1.0,4.329953e-05,0.00047381182,-28.00878,2.2861156,0.7620386,0.136,0.0,0.18015985,6.455053,6.465053,2400000
hardzero_plus_depr__c0p54__z1p10__lam0p010__nu0p50__psi0p75,hardzero_plus_depr,0.06,40,750,0.0,3,0.3938992,0.39395198,0.9497852,0.11225736,0.11225736,1.0,5.2791434e-05,0.00047027148,-26.293365,2.089569,0.6965231,0.216,0.0,0.12370888,6.465053,6.4750533,2403200
hardzero_plus_depr__c0p54__z1p10__lam0p010__nu0p50__psi0p75,hardzero_plus_depr,0.06,40,751,0.0,3,0.39395198,0.39399692,1.0164765,0.0962772,0.0962772,1.0,4.4938108e-05,0.00046675754,-27.555658,2.236293,0.74543107,0.136,0.0,0.13924803,6.4750533,6.4850535,2406400
hardzero_plus_depr__c0p54__z1p10__lam0p010__nu0p50__psi0p75,hardzero_plus_depr,0.06,40,752,0.0,3,0.39399692,0.39403844,1.0476463,0.08960942,0.08960942,1.0,4.1513347e-05,0.00046326988,-27.029165,2.3048677,0.76828927,0.072000004,0.0,0.13299718,6.4850535,6.495054,2409600
hardzero_plus_depr__c0p54__z1p10__lam0p010__nu0p50__psi0p75,hardzero_plus_depr,0.06,40,753,0.0,3,0.39403844,0.3940807,1.0365256,0.09193362,0.09193362,1.0,4.2271837e-05,0.00045980825,-27.678356,2.280402,0.760134,0.120000005,0.0,0.1689457,6.495054,6.505054,2412800
hardzero_plus_depr__c0p54__z1p10__lam0p010__nu0p50__psi0p75,hardzero_plus_depr,0.06,40,754,0.0,3,0.3940807,0.39413387,0.93368846,0.11649614,0.11649614,1.0,5.3165633e-05,0.0004563725,-26.344418,2.0541556,0.68471855,0.12,0.0,0.13853651,6.505054,6.515054,2416000
hardzero_plus_depr__c0p54__z1p10__lam0p010__nu0p50__psi0p75,hardzero_plus_depr,0.06,40,755,0.0,3,0.39413387,0.3941767,1.0243325,0.094551295,0.094551295,1.0,4.282819e-05,0.00045296247,-27.980524,2.2535765,0.7511922,0.16000001,0.0,0.1409163,6.515054,6.5250545,2419200
hardzero_plus_depr__c0p54__z1p10__lam0p010__nu0p50__psi0p75,hardzero_plus_depr,0.06,40,756,0.0,3,0.3941767,0.39421925,1.0237288,0.094682805,0.094682805,1.0,4.2567295e-05,0.00044957787,-26.409857,2.2522485,0.7507495,0.15200001,0.0,0.12928131,6.5250545,6.5350547,2422400
hardzero_plus_depr__c0p54__z1p10__lam0p010__nu0p50__psi0p75,hardzero_plus_depr,0.06,40,757,0.0,3,0.39421925,0.3942583,1.0579771,0.087502986,0.087502986,1.0,3.9045455e-05,0.00044621856,-27.868034,2.327596,0.7758653,0.15200001,0.0,0.14134786,6.5350547,6.545055,2425600
hardzero_plus_depr__c0p54__z1p10__lam0p010__nu0p50__psi0p75,hardzero_plus_depr,0.06,40,758,0.0,3,0.3942583,0.39430496,0.9771551,0.10540103,0.10540103,1.0,4.6680474e-05,0.0004428844,-26.559135,2.149784,0.7165947,0.18400002,0.0,0.15594484,6.545055,6.555055,2428800
hardzero_plus_depr__c0p54__z1p10__lam0p010__nu0p50__psi0p75,hardzero_plus_depr,0.06,40,759,0.0,3,0.39430496,0.39435092,0.9806007,0.1045681,0.1045681,1.0,4.596553e-05,0.0004395751,-25.685852,2.1573646,0.7191216,0.112,0.0,0.13902487,6.555055,6.5650554,2432000
hardzero_plus_depr__c0p54__z1p10__lam0p010__nu0p50__psi0p75,hardzero_plus_depr,0.06,40,760,0.0,3,0.39435092,0.39439723,0.97414166,0.10613493,0.10613493,1.0,4.6305668e-05,0.00043629055,-26.499899,2.1431544,0.7143848,0.2,0.0,0.14028044,6.5650554,6.5750556,2435200
hardzero_plus_depr__c0p54__z1p10__lam0p010__nu0p50__psi0p75,hardzero_plus_depr,0.06,40,761,0.0,3,0.39439723,0.39443833,1.0227898,0.094887756,0.094887756,1.0,4.1089294e-05,0.0004330305,-27.091896,2.2501826,0.7500609,0.14400001,0.0,0.17138873,6.5750556,6.585056,2438400
hardzero_plus_depr__c0p54__z1p10__lam0p010__nu0p50__psi0p75,hardzero_plus_depr,0.06,40,762,0.0,3,0.39443833,0.39448208,0.9924243,0.101759665,0.101759665,1.0,4.3735778e-05,0.00042979483,-26.886192,2.183377,0.7277924,0.14400001,0.0,0.15969233,6.585056,6.595056,2441600
hardzero_plus_depr__c0p54__z1p10__lam0p010__nu0p50__psi0p75,hardzero_plus_depr,0.06,40,763,0.0,3,0.39448208,0.3945301,0.94858575,0.11256783,0.11256783,1.0,4.8019567e-05,0.0004265834,-25.570227,2.0869303,0.6956434,0.17600001,0.0,0.13193928,6.595056,6.6050563,2444800
hardzero_plus_depr__c0p54__z1p10__lam0p010__nu0p50__psi0p75,hardzero_plus_depr,0.06,40,764,0.0,3,0.3945301,0.39457607,0.9641129,0.10861434,0.10861434,1.0,4.5986864e-05,0.0004233959,-26.657959,2.1210907,0.70703024,0.14400001,0.0,0.12785354,6.6050563,6.6150565,2448000
hardzero_plus_depr__c0p54__z1p10__lam0p010__nu0p50__psi0p75,hardzero_plus_depr,0.06,40,765,0.0,3,0.39457607,0.3946199,0.9816004,0.1043277,0.1043277,1.0,4.384187e-05,0.00042023227,-26.93498,2.159564,0.7198547,0.18400002,0.0,0.15455663,6.6150565,6.6250567,2451200
hardzero_plus_depr__c0p54__z1p10__lam0p010__nu0p50__psi0p75,hardzero_plus_depr,0.06,40,766,0.0,3,0.3946199,0.3946583,1.0361955,0.09200353,0.09200353,1.0,3.8373957e-05,0.00041709223,-27.19993,2.2796757,0.7598919,0.14400001,0.0,0.16162461,6.6250567,6.635057,2454400
hardzero_plus_depr__c0p54__z1p10__lam0p010__nu0p50__psi0p75,hardzero_plus_depr,0.06,40,767,0.0,3,0.3946583,0.3947048,0.949733,0.11227085,0.11227085,1.0,4.64774e-05,0.00041397565,-25.96692,2.0894544,0.6964848,0.19,0.0,0.12735263,6.635057,6.645057,2457600
hardzero_plus_depr__c0p54__z1p10__lam0p010__nu0p50__psi0p75,hardzero_plus_depr,0.06,40,768,0.0,3,0.3947048,0.3947476,0.9820538,0.104218826,0.104218826,1.0,4.282168e-05,0.0004108824,-26.416185,2.1605616,0.7201872,0.15200001,0.0,0.14593296,6.645057,6.6550574,2460800
hardzero_plus_depr__c0p54__z1p10__lam0p010__nu0p50__psi0p75,hardzero_plus_depr,0.06,40,769,0.0,3,0.3947476,0.3947907,0.9759576,0.10569209,0.10569209,1.0,4.310253e-05,0.00040781224,-27.087349,2.1471496,0.71571654,0.224,0.0,0.1588866,6.6550574,6.6650577,2464000
hardzero_plus_depr__c0p54__z1p10__lam0p010__nu0p50__psi0p75,hardzero_plus_depr,0.06,40,770,0.0,3,0.3947907,0.39482743,1.0424953,0.09067859,0.09067859,1.0,3.670352e-05,0.000404765,-27.233732,2.2935355,0.7645118,0.104,0.0,0.13490869,6.6650577,6.675058,2467200
hardzero_plus_depr__c0p54__z1p10__lam0p010__nu0p50__psi0p75,hardzero_plus_depr,0.06,40,771,0.0,3,0.39482743,0.3948697,0.977962,0.10520538,0.10520538,1.0,4.2265267e-05,0.00040174054,-25.81479,2.1515594,0.71718645,0.192,0.0,0.13421273,6.675058,6.685058,2470400
hardzero_plus_depr__c0p54__z1p10__lam0p010__nu0p50__psi0p75,hardzero_plus_depr,0.06,40,772,0.0,3,0.3948697,0.39490992,0.9959861,0.10092851,0.10092851,1.0,4.02441e-05,0.0003987387,-27.114851,2.1912131,0.7304044,0.15200001,0.0,0.141213,6.685058,6.6950583,2473600
hardzero_plus_depr__c0p54__z1p10__lam0p010__nu0p50__psi0p75,hardzero_plus_depr,0.06,40,773,0.0,3,0.39490992,0.39495397,0.95340234,0.11132626,0.11132626,1.0,4.4058404e-05,0.0003957593,-27.04688,2.097527,0.6991757,0.24800001,0.0,0.15658918,6.6950583,6.7050586,2476800
hardzero_plus_depr__c0p54__z1p10__lam0p010__nu0p50__psi0p75,hardzero_plus_depr,0.06,40,774,0.0,3,0.39495397,0.39499313,1.0012301,0.099717155,0.099717155,1.0,3.916911e-05,0.00039280212,-27.887066,2.2027502,0.73425007,0.128,0.0,0.16612096,6.7050586,6.715059,2480000
hardzero_plus_depr__c0p54__z1p10__lam0p010__nu0p50__psi0p75,hardzero_plus_depr,0.06,40,775,0.0,3,0.39499313,0.3950325,0.99568826,0.10099776,0.10099776,1.0,3.93757e-05,0.00038986705,-26.27785,2.190558,0.730186,0.216,0.0,0.12459323,6.715059,6.725059,2483200
hardzero_plus_depr__c0p54__z1p10__lam0p010__nu0p50__psi0p75,hardzero_plus_depr,0.06,40,776,0.0,3,0.3950325,0.3950712,0.9996392,0.1000831,0.1000831,1.0,3.872755e-05,0.00038695394,-26.575922,2.1992502,0.7330834,0.136,0.0,0.14162938,6.725059,6.7350593,2486400
hardzero_plus_depr__c0p54__z1p10__lam0p010__nu0p50__psi0p75,hardzero_plus_depr,0.06,40,777,0.0,3,0.3950712,0.3951069,1.0317938,0.09294073,0.09294073,1.0,3.5695055e-05,0.00038406256,-28.073856,2.2699916,0.7566639,0.16000001,0.0,0.15400156,6.7350593,6.7450595,2489600
hardzero_plus_depr__c0p54__z1p10__lam0p010__nu0p50__psi0p75,hardzero_plus_depr,0.06,40,778,0.0,3,0.3951069,0.39514336,1.0194619,0.09561766,0.09561766,1.0,3.6448768e-05,0.00038119283,-27.55856,2.2428608,0.7476203,0.096,0.0,0.1465433,6.7450595,6.7550597,2492800
hardzero_plus_depr__c0p54__z1p10__lam0p010__nu0p50__psi0p75,hardzero_plus_depr,0.06,40,779,0.0,3,0.39514336,0.39518034,1.0098909,0.097748265,0.097748265,1.0,3.6982517e-05,0.0003783445,-26.040865,2.2218044,0.7406015,0.104,0.0,0.16998892,6.7550597,6.76506,2496000
hardzero_plus_depr__c0p54__z1p10__lam0p010__nu0p50__psi0p75,hardzero_plus_depr,0.06,40,780,0.0,3,0.39518034,0.39521652,1.0162174,0.09633467,0.09633467,1.0,3.6175352e-05,0.00037551747,-27.348078,2.2357228,0.7452409,0.19,0.0,0.15416847,6.76506,6.77506,2499200
hardzero_plus_depr__c0p54__z1p10__lam0p010__nu0p50__psi0p75,hardzero_plus_depr,0.06,40,781,0.0,3,0.39521652,0.39525223,1.0186812,0.0957897,0.0957897,1.0,3.5701927e-05,0.00037271154,-27.356209,2.2411432,0.7470478,0.104,0.0,0.13580461,6.77506,6.7850604,2502400
hardzero_plus_depr__c0p54__z1p10__lam0p010__nu0p50__psi0p75,hardzero_plus_depr,0.06,40,782,0.0,3,0.39525223,0.39529616,0.92527,0.11877635,0.11877635,1.0,4.393853e-05,0.0003699266,-25.739601,2.0356348,0.67854494,0.2,0.0,0.12704726,6.7850604,6.7950606,2505600
hardzero_plus_depr__c0p54__z1p10__lam0p010__nu0p50__psi0p75,hardzero_plus_depr,0.06,40,783,0.0,3,0.39529616,0.39533156,1.0157263,0.09644365,0.09644365,1.0,3.541049e-05,0.00036716246,-28.286623,2.2346425,0.74488086,0.208,0.0,0.15566353,6.7950606,6.805061,2508800
hardzero_plus_depr__c0p54__z1p10__lam0p010__nu0p50__psi0p75,hardzero_plus_depr,0.06,40,784,0.0,3,0.39533156,0.39536706,1.0112804,0.09743604,0.09743604,1.0,3.5507543e-05,0.000364419,-27.727139,2.2248614,0.7416205,0.18400002,0.0,0.19019064,6.805061,6.815061,2512000
hardzero_plus_depr__c0p54__z1p10__lam0p010__nu0p50__psi0p75,hardzero_plus_depr,0.06,40,785,0.0,3,0.39536706,0.39540064,1.0323294,0.0928262,0.0928262,1.0,3.357487e-05,0.00036169603,-27.598846,2.2711701,0.7570567,0.096,0.0,0.13290279,6.815061,6.8250613,2515200
hardzero_plus_depr__c0p54__z1p10__lam0p010__nu0p50__psi0p75,hardzero_plus_depr,0.06,40,786,0.0,3,0.39540064,0.39543802,0.9826517,0.10407543,0.10407543,1.0,3.736239e-05,0.0003589934,-26.66332,2.161877,0.72062564,0.18400002,0.0,0.1437208,6.8250613,6.8350616,2518400
hardzero_plus_depr__c0p54__z1p10__lam0p010__nu0p50__psi0p75,hardzero_plus_depr,0.06,40,787,0.0,3,0.39543802,0.39547402,0.99562865,0.10101161,0.10101161,1.0,3.599154e-05,0.00035631092,-26.711235,2.1904268,0.7301423,0.15200001,0.0,0.10592354,6.8350616,6.845062,2521600
hardzero_plus_depr__c0p54__z1p10__lam0p010__nu0p50__psi0p75,hardzero_plus_depr,0.06,40,788,0.0,3,0.39547402,0.3955117,0.9725913,0.10651448,0.10651448,1.0,3.7668695e-05,0.00035364856,-26.501787,2.1397436,0.7132479,0.18400002,0.0,0.130818,6.845062,6.855062,2524800
hardzero_plus_depr__c0p54__z1p10__lam0p010__nu0p50__psi0p75,hardzero_plus_depr,0.06,40,789,0.0,3,0.3955117,0.39554796,0.98565716,0.10335769,0.10335769,1.0,3.627917e-05,0.00035100602,-26.331957,2.168489,0.7228297,0.16000001,0.0,0.1305953,6.855062,6.865062,2528000
hardzero_plus_depr__c0p54__z1p10__lam0p010__nu0p50__psi0p75,hardzero_plus_depr,0.06,40,790,0.0,3,0.39554796,0.3955862,0.9596489,0.10973648,0.10973648,1.0,3.8230355e-05,0.0003483833,-26.57992,2.1112697,0.7037566,0.2,0.0,0.14398356,6.865062,6.8750625,2531200
hardzero_plus_depr__c0p54__z1p10__lam0p010__nu0p50__psi0p75,hardzero_plus_depr,0.06,40,791,0.0,3,0.3955862,0.3956219,0.98591256,0.10329694,0.10329694,1.0,3.5718032e-05,0.00034578014,-26.970522,2.169051,0.723017,0.216,0.008,0.1396517,6.8750625,6.8850627,2534400
hardzero_plus_depr__c0p54__z1p10__lam0p010__nu0p50__psi0p75,hardzero_plus_depr,0.06,40,792,0.0,3,0.3956219,0.39565793,0.9790093,0.104952,0.104952,1.0,3.601915e-05,0.0003431964,-26.386133,2.1538634,0.7179545,0.17600001,0.0,0.12152418,6.8850627,6.895063,2537600
hardzero_plus_depr__c0p54__z1p10__lam0p010__nu0p50__psi0p75,hardzero_plus_depr,0.06,40,793,0.0,3,0.39565793,0.39569014,1.0243185,0.09455436,0.09455436,1.0,3.220824e-05,0.00034063202,-26.37365,2.2535455,0.75118184,0.17999999,0.0,0.16991301,6.895063,6.905063,2540800
hardzero_plus_depr__c0p54__z1p10__lam0p010__nu0p50__psi0p75,hardzero_plus_depr,0.06,40,794,0.0,3,0.39569014,0.3957219,1.027223,0.09392408,0.09392408,1.0,3.175449e-05,0.00033808677,-27.583334,2.2599356,0.7533119,0.2,0.0,0.15893166,6.905063,6.9150634,2544000
hardzero_plus_depr__c0p54__z1p10__lam0p010__nu0p50__psi0p75,hardzero_plus_depr,0.06,40,795,0.0,3,0.3957219,0.39575833,0.96444654,0.1085309,0.1085309,1.0,3.6418693e-05,0.0003355606,-27.223755,2.1218247,0.7072749,0.2,0.0,0.13128124,6.9150634,6.9250636,2547200
hardzero_plus_depr__c0p54__z1p10__lam0p010__nu0p50__psi0p75,hardzero_plus_depr,0.06,40,796,0.0,3,0.39575833,0.39579093,1.009344,0.09787144,0.09787144,1.0,3.2596396e-05,0.0003330532,-27.368315,2.220601,0.7402004,0.2,0.0,0.14560328,6.9250636,6.935064,2550400
hardzero_plus_depr__c0p54__z1p10__lam0p010__nu0p50__psi0p75,hardzero_plus_depr,0.06,40,797,0.0,3,0.39579093,0.3958182,1.0834717,0.08251412,0.08251412,1.0,2.7276248e-05,0.0003305646,-27.867228,2.383685,0.79456174,0.136,0.0,0.15911674,6.935064,6.945064,2553600
hardzero_plus_depr__c0p54__z1p10__lam0p010__nu0p50__psi0p75,hardzero_plus_depr,0.06,40,798,0.0,3,0.3958182,0.39585224,0.98403406,0.1037447,0.1037447,1.0,3.4038072e-05,0.00032809455,-26.238995,2.1649182,0.7216394,0.112,0.0,0.1373638,6.945064,6.9550643,2556800
hardzero_plus_depr__c0p54__z1p10__lam0p010__nu0p50__psi0p75,hardzero_plus_depr,0.06,40,799,0.0,3,0.39585224,0.39588463,1.0023557,0.09945904,0.09945904,1.0,3.238814e-05,0.000325643,-27.027369,2.2052267,0.7350756,0.096,0.0,0.14967336,6.9550643,6.9650645,2560000
hardzero_plus_depr__c0p54__z1p10__lam0p010__nu0p50__psi0p75,hardzero_plus_depr,0.06,40,800,0.0,3,0.39588463,0.39591846,0.98025054,0.104652464,0.104652464,1.0,3.38247e-05,0.0003232098,-26.853827,2.1565943,0.7188648,0.17600001,0.0,0.15311867,6.9650645,6.9750648,2563200
hardzero_plus_depr__c0p54__z1p10__lam0p010__nu0p50__psi0p75,hardzero_plus_depr,0.06,40,801,0.0,3,0.39591846,0.39594826,1.0318105,0.09293717,0.09293717,1.0,2.9813753e-05,0.0003207947,-27.726946,2.2700284,0.75667614,0.15200001,0.0,0.1472681,6.9750648,6.985065,2566400
hardzero_plus_depr__c0p54__z1p10__lam0p010__nu0p50__psi0p75,hardzero_plus_depr,0.06,40,802,0.0,3,0.39594826,0.39598262,0.9669655,0.10790325,0.10790325,1.0,3.4356148e-05,0.0003183977,-26.020754,2.1273665,0.7091222,0.18400002,0.0,0.1384519,6.985065,6.995065,2569600
hardzero_plus_depr__c0p54__z1p10__lam0p010__nu0p50__psi0p75,hardzero_plus_depr,0.06,40,803,0.0,3,0.39598262,0.3960149,0.99073553,0.10215614,0.10215614,1.0,3.2283242e-05,0.00031601862,-26.70993,2.1796618,0.7265539,0.18400002,0.0,0.14904182,6.995065,7.0050654,2572800
hardzero_plus_depr__c0p54__z1p10__lam0p010__nu0p50__psi0p75,hardzero_plus_depr,0.06,40,804,0.0,3,0.3960149,0.39604414,1.0304445,0.093229964,0.093229964,1.0,2.9242257e-05,0.00031365728,-27.570192,2.267023,0.75567436,0.112,0.0,0.14551333,7.0050654,7.0150657,2576000
hardzero_plus_depr__c0p54__z1p10__lam0p010__nu0p50__psi0p75,hardzero_plus_depr,0.06,40,805,0.0,3,0.39604414,0.39607495,1.0044496,0.09898067,0.09898067,1.0,3.0814026e-05,0.00031131358,-26.614044,2.2098331,0.73661107,0.192,0.0,0.14421642,7.0150657,7.025066,2579200
hardzero_plus_depr__c0p54__z1p10__lam0p010__nu0p50__psi0p75,hardzero_plus_depr,0.06,40,806,0.0,3,0.39607495,0.39610642,0.9919817,0.10186343,0.10186343,1.0,3.1474516e-05,0.0003089874,-26.436989,2.1824033,0.7274678,0.21,0.0,0.14745253,7.025066,7.035066,2582400
hardzero_plus_depr__c0p54__z1p10__lam0p010__nu0p50__psi0p75,hardzero_plus_depr,0.06,40,807,0.0,3,0.39610642,0.39613867,0.97830325,0.10512277,0.10512277,1.0,3.223891e-05,0.00030667864,-27.144562,2.1523101,0.71743673,0.136,0.0,0.12309857,7.035066,7.0450664,2585600
hardzero_plus_depr__c0p54__z1p10__lam0p010__nu0p50__psi0p75,hardzero_plus_depr,0.06,40,808,0.0,3,0.39613867,0.39617306,0.9470018,0.11297912,0.11297912,1.0,3.4389384e-05,0.00030438707,-26.218567,2.0834455,0.69448185,0.14400001,0.0,0.13486743,7.0450664,7.0550666,2588800
hardzero_plus_depr__c0p54__z1p10__lam0p010__nu0p50__psi0p75,hardzero_plus_depr,0.06,40,809,0.0,3,0.39617306,0.3962021,1.0175526,0.09603894,0.09603894,1.0,2.901458e-05,0.00030211266,-27.042057,2.2386606,0.74622023,0.15200001,0.0,0.15554503,7.0550666,7.065067,2592000
hardzero_plus_depr__c0p54__z1p10__lam0p010__nu0p50__psi0p75,hardzero_plus_depr,0.06,40,810,0.0,3,0.3962021,0.3962313,1.0114199,0.09740475,0.09740475,1.0,2.9207325e-05,0.00029985525,-27.780935,2.2251682,0.74172276,0.18400002,0.0,0.14763454,7.065067,7.075067,2595200
hardzero_plus_depr__c0p54__z1p10__lam0p010__nu0p50__psi0p75,hardzero_plus_depr,0.06,40,811,0.0,3,0.3962313,0.3962597,1.0200925,0.095478915,0.095478915,1.0,2.8415929e-05,0.0002976147,-26.725246,2.2442484,0.7480828,0.17600001,0.0,0.16193101,7.075067,7.0850673,2598400
hardzero_plus_depr__c0p54__z1p10__lam0p010__nu0p50__psi0p75,hardzero_plus_depr,0.06,40,812,0.0,3,0.3962597,0.39629003,0.9882862,0.10273391,0.10273391,1.0,3.0346662e-05,0.0002953909,-26.454594,2.174273,0.7247577,0.18400002,0.0,0.13398896,7.0850673,7.0950675,2601600
hardzero_plus_depr__c0p54__z1p10__lam0p010__nu0p50__psi0p75,hardzero_plus_depr,0.06,40,813,0.0,3,0.39629003,0.3963179,1.0221798,0.09502112,0.09502112,1.0,2.7858643e-05,0.0002931837,-27.03037,2.2488406,0.7496135,0.16000001,0.0,0.14893001,7.0950675,7.1050677,2604800
hardzero_plus_depr__c0p54__z1p10__lam0p010__nu0p50__psi0p75,hardzero_plus_depr,0.06,40,814,0.0,3,0.3963179,0.39634496,1.0313408,0.09303773,0.09303773,1.0,2.7073327e-05,0.000290993,-26.966864,2.268995,0.7563317,0.14400001,0.0,0.13589269,7.1050677,7.115068,2608000
hardzero_plus_depr__c0p54__z1p10__lam0p010__nu0p50__psi0p75,hardzero_plus_depr,0.06,40,815,0.0,3,0.39634496,0.3963709,1.0466739,0.089810304,0.089810304,1.0,2.593889e-05,0.00028881864,-28.447718,2.3027287,0.7675762,0.18400002,0.0,0.15756138,7.115068,7.125068,2611200
hardzero_plus_depr__c0p54__z1p10__lam0p010__nu0p50__psi0p75,hardzero_plus_depr,0.06,40,816,0.0,3,0.3963709,0.39639893,1.0097544,0.09777898,0.09777898,1.0,2.8029379e-05,0.00028666056,-26.70498,2.2215042,0.7405014,0.15200001,0.0,0.13787349,7.125068,7.1350684,2614400
hardzero_plus_depr__c0p54__z1p10__lam0p010__nu0p50__psi0p75,hardzero_plus_depr,0.06,40,817,0.0,3,0.39639893,0.39643,0.9620467,0.10913229,0.10913229,1.0,3.1050167e-05,0.0002845186,-25.42272,2.116545,0.705515,0.16800001,0.0,0.12527299,7.1350684,7.1450686,2617600
hardzero_plus_depr__c0p54__z1p10__lam0p010__nu0p50__psi0p75,hardzero_plus_depr,0.06,40,818,0.0,3,0.39643,0.39645946,0.981405,0.10437464,0.10437464,1.0,2.9474633e-05,0.00028239266,-27.24446,2.1591341,0.7197114,0.15200001,0.0,0.12793949,7.1450686,7.155069,2620800
hardzero_plus_depr__c0p54__z1p10__lam0p010__nu0p50__psi0p75,hardzero_plus_depr,0.06,40,819,0.0,3,0.39645946,0.3964846,1.0469661,0.089749895,0.089749895,1.0,2.5155332e-05,0.00028028258,-28.224142,2.3033714,0.7677905,0.14999999,0.0,0.13835081,7.155069,7.165069,2624000
hardzero_plus_depr__c0p54__z1p10__lam0p010__nu0p50__psi0p75,hardzero_plus_depr,0.06,40,820,0.0,3,0.3964846,0.3965076,1.0828848,0.0826257,0.0826257,1.0,2.2985503e-05,0.0002781883,-28.089628,2.382394,0.7941314,0.17600001,0.0,0.19099768,7.165069,7.1750693,2627200
hardzero_plus_depr__c0p54__z1p10__lam0p010__nu0p50__psi0p75,hardzero_plus_depr,0.06,40,821,0.0,3,0.3965076,0.3965322,1.0500804,0.08910859,0.08910859,1.0,2.4603738e-05,0.0002761096,-28.17902,2.310223,0.77007437,0.16000001,0.0,0.17637256,7.1750693,7.1850696,2630400
hardzero_plus_depr__c0p54__z1p10__lam0p010__nu0p50__psi0p75,hardzero_plus_depr,0.06,40,822,0.0,3,0.3965322,0.39655754,1.0340723,0.092454426,0.092454426,1.0,2.5336813e-05,0.0002740465,-26.8357,2.2750044,0.7583348,0.18400002,0.0,0.124467164,7.1850696,7.19507,2633600
hardzero_plus_depr__c0p54__z1p10__lam0p010__nu0p50__psi0p75,hardzero_plus_depr,0.06,40,823,0.0,3,0.39655754,0.39658433,1.0065213,0.09850963,0.09850963,1.0,2.67945e-05,0.00027199878,-27.160791,2.2143912,0.73813045,0.14400001,0.0,0.13056898,7.19507,7.20507,2636800
hardzero_plus_depr__c0p54__z1p10__lam0p010__nu0p50__psi0p75,hardzero_plus_depr,0.06,40,824,0.0,3,0.39658433,0.3966105,1.013347,0.09697348,0.09697348,1.0,2.6179578e-05,0.00026996637,-26.608423,2.229408,0.74313605,0.120000005,0.0,0.124850325,7.20507,7.2150702,2640000
hardzero_plus_depr__c0p54__z1p10__lam0p010__nu0p50__psi0p75,hardzero_plus_depr,0.06,40,825,0.0,3,0.3966105,0.3966365,1.0134355,0.096953735,0.096953735,1.0,2.5978672e-05,0.00026794916,-28.165817,2.2296026,0.7432009,0.2,0.0,0.16210398,7.2150702,7.2250705,2643200
hardzero_plus_depr__c0p54__z1p10__lam0p010__nu0p50__psi0p75,hardzero_plus_depr,0.06,40,826,0.0,3,0.3966365,0.39666566,0.9597231,0.10971775,0.10971775,1.0,2.9179106e-05,0.000265947,-26.219028,2.111433,0.70381105,0.208,0.0,0.1617496,7.2250705,7.2350707,2646400
hardzero_plus_depr__c0p54__z1p10__lam0p010__nu0p50__psi0p75,hardzero_plus_depr,0.06,40,827,0.0,3,0.39666566,0.39669177,1.004983,0.09885919,0.09885919,1.0,2.6094853e-05,0.0002639598,-27.06264,2.2110066,0.73700225,0.17600001,0.0,0.13055807,7.2350707,7.245071,2649600
hardzero_plus_depr__c0p54__z1p10__lam0p010__nu0p50__psi0p75,hardzero_plus_depr,0.06,40,828,0.0,3,0.39669177,0.39672044,0.9607907,0.10944836,0.10944836,1.0,2.8674101e-05,0.0002619875,-26.55012,2.1137817,0.7045939,0.14400001,0.0,0.13591738,7.245071,7.255071,2652800
hardzero_plus_depr__c0p54__z1p10__lam0p010__nu0p50__psi0p75,hardzero_plus_depr,0.06,40,829,0.0,3,0.39672044,0.3967472,0.987734,0.102864616,0.102864616,1.0,2.6747875e-05,0.0002600299,-26.607056,2.1730583,0.7243528,0.16000001,0.0,0.1328027,7.255071,7.2650714,2656000
hardzero_plus_depr__c0p54__z1p10__lam0p010__nu0p50__psi0p75,hardzero_plus_depr,0.06,40,830,0.0,3,0.3967472,0.3967735,0.99215454,0.10182288,0.10182288,1.0,2.6279155e-05,0.00025808692,-26.115658,2.1827836,0.72759455,0.16000001,0.0,0.1430144,7.2650714,7.2750716,2659200
hardzero_plus_depr__c0p54__z1p10__lam0p010__nu0p50__psi0p75,hardzero_plus_depr,0.06,40,831,0.0,3,0.3967735,0.39680248,0.94603634,0.113230556,0.113230556,1.0,2.9004967e-05,0.00025615847,-25.876863,2.0813215,0.69377387,0.264,0.0,0.15392739,7.2750716,7.285072,2662400
hardzero_plus_depr__c0p54__z1p10__lam0p010__nu0p50__psi0p75,hardzero_plus_depr,0.06,40,832,0.0,3,0.39680248,0.39682955,0.97279644,0.10646419,0.10646419,1.0,2.7067925e-05,0.0002542444,-26.102907,2.140195,0.71339834,0.19,0.0,0.14389567,7.285072,7.295072,2665600
hardzero_plus_depr__c0p54__z1p10__lam0p010__nu0p50__psi0p75,hardzero_plus_depr,0.06,40,833,0.0,3,0.39682955,0.3968523,1.0444367,0.090274125,0.090274125,1.0,2.2780196e-05,0.00025234467,-27.570114,2.2978065,0.76593554,0.128,0.0,0.14372808,7.295072,7.3050723,2668800
hardzero_plus_depr__c0p54__z1p10__lam0p010__nu0p50__psi0p75,hardzero_plus_depr,0.06,40,834,0.0,3,0.3968523,0.3968773,1.0010273,0.09976372,0.09976372,1.0,2.4986733e-05,0.00025045912,-27.666946,2.2023041,0.7341014,0.120000005,0.0,0.1658862,7.3050723,7.3150725,2672000
hardzero_plus_depr__c0p54__z1p10__lam0p010__nu0p50__psi0p75,hardzero_plus_depr,0.06,40,835,0.0,3,0.3968773,0.39690486,0.9550697,0.11089967,0.11089967,1.0,2.7568294e-05,0.0002485877,-25.629108,2.1011953,0.70039845,0.192,0.0,0.12585047,7.3150725,7.325073,2675200
hardzero_plus_depr__c0p54__z1p10__lam0p010__nu0p50__psi0p75,hardzero_plus_depr,0.06,40,836,0.0,3,0.39690486,0.39693034,0.9860416,0.103266254,0.103266254,1.0,2.5478903e-05,0.0002467302,-27.29715,2.169335,0.7231116,0.16000001,0.0,0.13963293,7.325073,7.335073,2678400
hardzero_plus_depr__c0p54__z1p10__lam0p010__nu0p50__psi0p75,hardzero_plus_depr,0.06,40,837,0.0,3,0.39693034,0.39695337,1.0265204,0.094076164,0.094076164,1.0,2.303799e-05,0.00024488659,-26.787554,2.25839,0.75279665,0.17600001,0.0,0.14276396,7.335073,7.345073,2681600
hardzero_plus_depr__c0p54__z1p10__lam0p010__nu0p50__psi0p75,hardzero_plus_depr,0.06,40,838,0.0,3,0.39695337,0.3969776,1.0013337,0.09969336,0.09969336,1.0,2.4231145e-05,0.00024305677,-27.559729,2.2029781,0.73432606,0.17600001,0.0,0.16006275,7.345073,7.3550735,2684800
hardzero_plus_depr__c0p54__z1p10__lam0p010__nu0p50__psi0p75,hardzero_plus_depr,0.06,40,839,0.0,3,0.3969776,0.3969976,1.0814651,0.08289625,0.08289625,1.0,1.9997942e-05,0.00024124062,-28.844929,2.3792708,0.7930903,0.16000001,0.0,0.18726172,7.3550735,7.3650737,2688000
hardzero_plus_depr__c0p54__z1p10__lam0p010__nu0p50__psi0p75,hardzero_plus_depr,0.06,40,840,0.0,3,0.3969976,0.3970174,1.0829306,0.082617,0.082617,1.0,1.9781652e-05,0.00023943803,-29.386509,2.382495,0.794165,0.16800001,0.0,0.17433779,7.3650737,7.375074,2691200
hardzero_plus_depr__c0p54__z1p10__lam0p010__nu0p50__psi0p75,hardzero_plus_depr,0.06,40,841,0.0,3,0.3970174,0.39704305,0.9667928,0.10794615,0.10794615,1.0,2.5653288e-05,0.00023764894,-26.57062,2.1269867,0.7089956,0.16800001,0.0,0.13232689,7.375074,7.385074,2694400
hardzero_plus_depr__c0p54__z1p10__lam0p010__nu0p50__psi0p75,hardzero_plus_depr,0.06,40,842,0.0,3,0.39704305,0.39706585,1.0147864,0.09665261,0.09665261,1.0,2.2797762e-05,0.0002358732,-26.40932,2.2325747,0.7441916,0.2,0.0,0.1342599,7.385074,7.3950744,2697600
hardzero_plus_depr__c0p54__z1p10__lam0p010__nu0p50__psi0p75,hardzero_plus_depr,0.06,40,843,0.0,3,0.39706585,0.39708847,1.0149397,0.09661852,0.09661852,1.0,2.2619432e-05,0.00023411073,-27.607841,2.2329118,0.74430394,0.15200001,0.0,0.17111196,7.3950744,7.4050746,2700800
hardzero_plus_depr__c0p54__z1p10__lam0p010__nu0p50__psi0p75,hardzero_plus_depr,0.06,40,844,0.0,3,0.39708847,0.39711192,0.99576336,0.10098028,0.10098028,1.0,2.3463921e-05,0.00023236142,-27.361633,2.1907232,0.73024106,0.15200001,0.0,0.14219879,7.4050746,7.415075,2704000
hardzero_plus_depr__c0p54__z1p10__lam0p010__nu0p50__psi0p75,hardzero_plus_depr,0.06,40,845,0.0,3,0.39711192,0.39713165,1.0679709,0.08551241,0.08551241,1.0,1.9721314e-05,0.00023062518,-28.20909,2.349583,0.7831943,0.13,0.0,0.14418302,7.415075,7.425075,2707200
hardzero_plus_depr__c0p54__z1p10__lam0p010__nu0p50__psi0p75,hardzero_plus_depr,0.06,40,846,0.0,3,0.39713165,0.39715233,1.0440251,0.090359725,0.090359725,1.0,2.0683514e-05,0.00022890192,-27.105494,2.296901,0.7656337,0.120000005,0.0,0.147253,7.425075,7.4350753,2710400
hardzero_plus_depr__c0p54__z1p10__lam0p010__nu0p50__psi0p75,hardzero_plus_depr,0.06,40,847,0.0,3,0.39715233,0.39717603,0.98198533,0.10423526,0.10423526,1.0,2.3681368e-05,0.00022719153,-26.238482,2.160411,0.720137,0.120000005,0.0,0.12788649,7.4350753,7.4450755,2713600
hardzero_plus_depr__c0p54__z1p10__lam0p010__nu0p50__psi0p75,hardzero_plus_depr,0.06,40,848,0.0,3,0.39717603,0.39719477,1.0799968,0.08317698,0.08317698,1.0,1.8755905e-05,0.00022549395,-28.400244,2.3760405,0.7920135,0.120000005,0.0,0.17606562,7.4450755,7.4550757,2716800
hardzero_plus_depr__c0p54__z1p10__lam0p010__nu0p50__psi0p75,hardzero_plus_depr,0.06,40,849,0.0,3,0.39719477,0.39721602,1.0226861,0.094910406,0.094910406,1.0,2.1241805e-05,0.00022380902,-27.227528,2.2499545,0.74998486,0.16000001,0.0,0.15156831,7.4550757,7.465076,2720000
hardzero_plus_depr__c0p54__z1p10__lam0p010__nu0p50__psi0p75,hardzero_plus_depr,0.06,40,850,0.0,3,0.39721602,0.39723736,1.0174903,0.09605274,0.09605274,1.0,2.133684e-05,0.0002221367,-26.53192,2.2385232,0.74617445,0.15200001,0.008,0.13786417,7.465076,7.475076,2723200
hardzero_plus_depr__c0p54__z1p10__lam0p010__nu0p50__psi0p75,hardzero_plus_depr,0.06,40,851,0.0,3,0.39723736,0.3972586,1.016184,0.096342064,0.096342064,1.0,2.1241198e-05,0.00022047688,-27.128105,2.2356493,0.7452165,0.16800001,0.0,0.13550839,7.475076,7.4850764,2726400
hardzero_plus_depr__c0p54__z1p10__lam0p010__nu0p50__psi0p75,hardzero_plus_depr,0.06,40,852,0.0,3,0.3972586,0.39728206,0.96984,0.10719142,0.10719142,1.0,2.3456638e-05,0.00021882943,-26.354044,2.1336906,0.7112302,0.16000001,0.0,0.13614416,7.4850764,7.4950767,2729600
hardzero_plus_depr__c0p54__z1p10__lam0p010__nu0p50__psi0p75,hardzero_plus_depr,0.06,40,853,0.0,3,0.39728206,0.3973018,1.0420545,0.09077065,0.09077065,1.0,1.9714871e-05,0.00021719433,-27.24042,2.2925658,0.76418865,0.136,0.0,0.1555287,7.4950767,7.505077,2732800
hardzero_plus_depr__c0p54__z1p10__lam0p010__nu0p50__psi0p75,hardzero_plus_depr,0.06,40,854,0.0,3,0.3973018,0.39732352,0.99631757,0.10085151,0.10085151,1.0,2.1740703e-05,0.00021557142,-26.51911,2.1919425,0.7306475,0.14400001,0.0,0.13345584,7.505077,7.515077,2736000
hardzero_plus_depr__c0p54__z1p10__lam0p010__nu0p50__psi0p75,hardzero_plus_depr,0.06,40,855,0.0,3,0.39732352,0.39734405,1.0175623,0.09603681,0.09603681,1.0,2.05481e-05,0.00021396067,-27.03616,2.2386818,0.74622726,0.18400002,0.0,0.16421911,7.515077,7.5250773,2739200
hardzero_plus_depr__c0p54__z1p10__lam0p010__nu0p50__psi0p75,hardzero_plus_depr,0.06,40,856,0.0,3,0.39734405,0.3973647,1.0122454,0.09721977,0.09721977,1.0,2.0645775e-05,0.0002123619,-26.605755,2.2269845,0.74232817,0.2,0.0,0.12370753,7.5250773,7.5350776,2742400
hardzero_plus_depr__c0p54__z1p10__lam0p010__nu0p50__psi0p75,hardzero_plus_depr,0.06,40,857,0.0,3,0.3973647,0.39738443,1.0285723,0.09363273,0.09363273,1.0,1.9735447e-05,0.0002107751,-27.143452,2.2629042,0.7543014,0.08800001,0.0,0.13822842,7.5350776,7.545078,2745600
hardzero_plus_depr__c0p54__z1p10__lam0p010__nu0p50__psi0p75,hardzero_plus_depr,0.06,40,858,0.0,3,0.39738443,0.3974049,1.0093553,0.0978689,0.0978689,1.0,2.0474192e-05,0.00020920018,-27.147182,2.220626,0.74020875,0.16,0.0,0.1457655,7.545078,7.555078,2748800
hardzero_plus_depr__c0p54__z1p10__lam0p010__nu0p50__psi0p75,hardzero_plus_depr,0.06,40,859,0.0,3,0.3974049,0.3974288,0.9389615,0.115090236,0.115090236,1.0,2.3896991e-05,0.000207637,-25.642904,2.0657566,0.6885855,0.136,0.0,0.13735214,7.555078,7.5650783,2752000
hardzero_plus_depr__c0p54__z1p10__lam0p010__nu0p50__psi0p75,hardzero_plus_depr,0.06,40,860,0.0,3,0.3974288,0.397452,0.9485586,0.11257484,0.11257484,1.0,2.3200046e-05,0.00020608553,-26.498093,2.0868707,0.6956236,0.14400001,0.0,0.14826451,7.5650783,7.5750785,2755200
hardzero_plus_depr__c0p54__z1p10__lam0p010__nu0p50__psi0p75,hardzero_plus_depr,0.06,40,861,0.0,3,0.397452,0.39747396,0.96931005,0.107322305,0.107322305,1.0,2.195231e-05,0.00020454563,-26.63287,2.1325247,0.7108416,0.17600001,0.008,0.1399393,7.5750785,7.5850787,2758400
hardzero_plus_depr__c0p54__z1p10__lam0p010__nu0p50__psi0p75,hardzero_plus_depr,0.06,40,862,0.0,3,0.39747396,0.39749193,1.0530396,0.0885035,0.0885035,1.0,1.7967735e-05,0.00020301723,-28.18822,2.3167334,0.77224445,0.15200001,0.0,0.1472051,7.5850787,7.595079,2761600
hardzero_plus_depr__c0p54__z1p10__lam0p010__nu0p50__psi0p75,hardzero_plus_depr,0.06,40,863,0.0,3,0.39749193,0.3975135,0.9700772,0.10713289,0.10713289,1.0,2.1587308e-05,0.00020150028,-25.727423,2.1342125,0.7114042,0.080000006,0.0,0.14836136,7.595079,7.605079,2764800
hardzero_plus_depr__c0p54__z1p10__lam0p010__nu0p50__psi0p75,hardzero_plus_depr,0.06,40,864,0.0,3,0.3975135,0.3975356,0.9568166,0.110454485,0.110454485,1.0,2.2090306e-05,0.00019999464,-26.6899,2.1050386,0.7016796,0.104,0.0,0.12311948,7.605079,7.6150794,2768000
hardzero_plus_depr__c0p54__z1p10__lam0p010__nu0p50__psi0p75,hardzero_plus_depr,0.06,40,865,0.0,3,0.3975356,0.39755636,0.9800579,0.1046989,0.1046989,1.0,2.078276e-05,0.00019850027,-26.218004,2.1561704,0.7187235,0.2,0.0,0.15083137,7.6150794,7.6250796,2771200
hardzero_plus_depr__c0p54__z1p10__lam0p010__nu0p50__psi0p75,hardzero_plus_depr,0.06,40,866,0.0,3,0.39755636,0.39757514,1.0206696,0.09535214,0.09535214,1.0,1.8785997e-05,0.00019701704,-27.544619,2.245518,0.748506,0.104,0.0,0.16486996,7.6250796,7.63508,2774400
hardzero_plus_depr__c0p54__z1p10__lam0p010__nu0p50__psi0p75,hardzero_plus_depr,0.06,40,867,0.0,3,0.39757514,0.39759463,1.0010902,0.099749275,0.099749275,1.0,1.9505462e-05,0.0001955449,-26.419443,2.2024424,0.7341475,0.120000005,0.0,0.14859058,7.63508,7.64508,2777600
hardzero_plus_depr__c0p54__z1p10__lam0p010__nu0p50__psi0p75,hardzero_plus_depr,0.06,40,868,0.0,3,0.39759463,0.3976149,0.98134077,0.10439007,0.10439007,1.0,2.0260419e-05,0.00019408377,-26.68545,2.1589928,0.7196643,0.136,0.0,0.13874461,7.64508,7.6550803,2780800
hardzero_plus_depr__c0p54__z1p10__lam0p010__nu0p50__psi0p75,hardzero_plus_depr,0.06,40,869,0.0,3,0.3976149,0.39763537,0.97332907,0.106333695,0.106333695,1.0,2.0483438e-05,0.00019263355,-27.096678,2.1413667,0.7137889,0.2,0.0,0.15905395,7.6550803,7.6650805,2784000
hardzero_plus_depr__c0p54__z1p10__lam0p010__nu0p50__psi0p75,hardzero_plus_depr,0.06,40,870,0.0,3,0.39763537,0.39765444,1.0010908,0.09974916,0.09974916,1.0,1.907146e-05,0.00019119418,-26.968761,2.2024436,0.7341479,0.14400001,0.0,0.15386055,7.6650805,7.675081,2787200
hardzero_plus_depr__c0p54__z1p10__lam0p010__nu0p50__psi0p75,hardzero_plus_depr,0.06,40,871,0.0,3,0.39765444,0.39767128,1.0518708,0.08874199,0.08874199,1.0,1.6840173e-05,0.00018976556,-27.474499,2.314162,0.77138734,0.099999994,0.0,0.15300067,7.675081,7.685081,2790400
hardzero_plus_depr__c0p54__z1p10__lam0p010__nu0p50__psi0p75,hardzero_plus_depr,0.06,40,872,0.0,3,0.39767128,0.39769,1.0028607,0.09934346,0.09934346,1.0,1.87111e-05,0.00018834759,-27.624283,2.2063375,0.73544586,0.18400002,0.0,0.1594294,7.685081,7.695081,2793600
hardzero_plus_depr__c0p54__z1p10__lam0p010__nu0p50__psi0p75,hardzero_plus_depr,0.06,40,873,0.0,3,0.39769,0.3977081,1.0139699,0.09683449,0.09683449,1.0,1.8102262e-05,0.00018694025,-27.297743,2.2307782,0.74359274,0.136,0.0,0.14819178,7.695081,7.7050815,2796800
hardzero_plus_depr__c0p54__z1p10__lam0p010__nu0p50__psi0p75,hardzero_plus_depr,0.06,40,874,0.0,3,0.3977081,0.39772922,0.94369566,0.11384248,0.11384248,1.0,2.112272e-05,0.0001855434,-26.692156,2.0761719,0.6920573,0.15200001,0.008,0.13380048,7.7050815,7.7150817,2800000
hardzero_plus_depr__c0p54__z1p10__lam0p010__nu0p50__psi0p75,hardzero_plus_depr,0.06,40,875,0.0,3,0.39772922,0.39774752,1.0030162,0.09930789,0.09930789,1.0,1.8288243e-05,0.000184157,-27.636843,2.2066798,0.73555994,0.216,0.0,0.18513495,7.7150817,7.725082,2803200
hardzero_plus_depr__c0p54__z1p10__lam0p010__nu0p50__psi0p75,hardzero_plus_depr,0.06,40,876,0.0,3,0.39774752,0.39776477,1.0250344,0.0943986,0.0943986,1.0,1.7254268e-05,0.00018278096,-28.105694,2.2551208,0.75170696,0.208,0.0,0.14893466,7.725082,7.735082,2806400
hardzero_plus_depr__c0p54__z1p10__lam0p010__nu0p50__psi0p75,hardzero_plus_depr,0.06,40,877,0.0,3,0.39776477,0.39778262,1.0071986,0.09835613,0.09835613,1.0,1.7843297e-05,0.00018141519,-27.714218,2.215881,0.7386271,0.14400001,0.0,0.13946548,7.735082,7.7450824,2809600
hardzero_plus_depr__c0p54__z1p10__lam0p010__nu0p50__psi0p75,hardzero_plus_depr,0.06,40,878,0.0,3,0.39778262,0.39780098,0.9916937,0.101931,0.101931,1.0,1.835366e-05,0.00018005965,-26.954594,2.1817696,0.72725654,0.120000005,0.0,0.10648714,7.7450824,7.7550826,2812800
hardzero_plus_depr__c0p54__z1p10__lam0p010__nu0p50__psi0p75,hardzero_plus_depr,0.06,40,879,0.0,3,0.39780098,0.39781874,1.0024681,0.09943331,0.09943331,1.0,1.7770146e-05,0.00017871421,-27.036581,2.205474,0.73515797,0.136,0.0,0.13330013,7.7550826,7.765083,2816000
hardzero_plus_depr__c0p54__z1p10__lam0p010__nu0p50__psi0p75,hardzero_plus_depr,0.06,40,880,0.0,3,0.39781874,0.39783576,1.0182862,0.09587684,0.09587684,1.0,1.7006525e-05,0.00017737885,-27.507076,2.2402744,0.74675816,0.16800001,0.0,0.17722432,7.765083,7.775083,2819200
hardzero_plus_depr__c0p54__z1p10__lam0p010__nu0p50__psi0p75,hardzero_plus_depr,0.06,40,881,0.0,3,0.39783576,0.39785263,1.018332,0.09586674,0.09586674,1.0,1.687767e-05,0.00017605345,-27.03183,2.240375,0.7467917,0.16000001,0.0,0.12883025,7.775083,7.7850833,2822400
hardzero_plus_depr__c0p54__z1p10__lam0p010__nu0p50__psi0p75,hardzero_plus_depr,0.06,40,882,0.0,3,0.39785263,0.39787203,0.9546021,0.11101914,0.11101914,1.0,1.9399258e-05,0.00017473796,-26.53086,2.1001666,0.70005554,0.16000001,0.0,0.12387955,7.7850833,7.7950835,2825600
hardzero_plus_depr__c0p54__z1p10__lam0p010__nu0p50__psi0p75,hardzero_plus_depr,0.06,40,883,0.0,3,0.39787203,0.39788857,1.0207813,0.095327616,0.095327616,1.0,1.6532887e-05,0.0001734323,-27.67457,2.2457638,0.74858797,0.192,0.0,0.17555353,7.7950835,7.8050838,2828800
hardzero_plus_depr__c0p54__z1p10__lam0p010__nu0p50__psi0p75,hardzero_plus_depr,0.06,40,884,0.0,3,0.39788857,0.3979067,0.9775396,0.10530777,0.10530777,1.0,1.81273e-05,0.0001721364,-26.681374,2.15063,0.7168767,0.16,0.0,0.118889965,7.8050838,7.815084,2832000
hardzero_plus_depr__c0p54__z1p10__lam0p010__nu0p50__psi0p75,hardzero_plus_depr,0.06,40,885,0.0,3,0.3979067,0.397922,1.0474831,0.08964311,0.08964311,1.0,1.5315542e-05,0.00017085017,-26.854445,2.3045087,0.7681696,0.14400001,0.0,0.14302766,7.815084,7.825084,2835200
hardzero_plus_depr__c0p54__z1p10__lam0p010__nu0p50__psi0p75,hardzero_plus_depr,0.06,40,886,0.0,3,0.397922,0.39793777,1.0313369,0.09303858,0.09303858,1.0,1.5776883e-05,0.00016957356,-26.86239,2.2689865,0.7563288,0.120000005,0.0,0.12700081,7.825084,7.8350844,2838400
hardzero_plus_depr__c0p54__z1p10__lam0p010__nu0p50__psi0p75,hardzero_plus_depr,0.06,40,887,0.0,3,0.39793777,0.39795592,0.9673245,0.107814096,0.107814096,1.0,1.8145813e-05,0.00016830649,-24.68338,2.1281564,0.7093855,0.23200001,0.0,0.123268895,7.8350844,7.8450847,2841600
hardzero_plus_depr__c0p54__z1p10__lam0p010__nu0p50__psi0p75,hardzero_plus_depr,0.06,40,888,0.0,3,0.39795592,0.39797157,1.0280576,0.093743764,0.093743764,1.0,1.565979e-05,0.00016704889,-26.971357,2.261772,0.753924,0.120000005,0.0,0.12212424,7.8450847,7.855085,2844800
hardzero_plus_depr__c0p54__z1p10__lam0p010__nu0p50__psi0p75,hardzero_plus_depr,0.06,40,889,0.0,3,0.39797157,0.39798826,0.9971217,0.10066496,0.10066496,1.0,1.6690317e-05,0.00016580067,-26.778334,2.1937115,0.7312372,0.16800001,0.0,0.1253772,7.855085,7.865085,2848000
hardzero_plus_depr__c0p54__z1p10__lam0p010__nu0p50__psi0p75,hardzero_plus_depr,0.06,40,890,0.0,3,0.39798826,0.39800462,1.0027018,0.09937982,0.09937982,1.0,1.635412e-05,0.00016456177,-26.575129,2.205988,0.73532933,0.15200001,0.0,0.16058959,7.865085,7.8750854,2851200
hardzero_plus_depr__c0p54__z1p10__lam0p010__nu0p50__psi0p75,hardzero_plus_depr,0.06,40,891,0.0,3,0.39800462,0.39802226,0.9665994,0.10799423,0.10799423,1.0,1.763893e-05,0.00016333215,-26.02283,2.1265612,0.7088537,0.14400001,0.0,0.13590561,7.8750854,7.8850856,2854400
hardzero_plus_depr__c0p54__z1p10__lam0p010__nu0p50__psi0p75,hardzero_plus_depr,0.06,40,892,0.0,3,0.39802226,0.3980396,0.9706219,0.10699859,0.10699859,1.0,1.7345725e-05,0.00016211171,-26.353006,2.1354108,0.7118036,0.17600001,0.0,0.12649292,7.8850856,7.895086,2857600
hardzero_plus_depr__c0p54__z1p10__lam0p010__nu0p50__psi0p75,hardzero_plus_depr,0.06,40,893,0.0,3,0.3980396,0.39805743,0.9558617,0.11069761,0.11069761,1.0,1.7811291e-05,0.00016090041,-26.31743,2.1029377,0.70097923,0.14400001,0.0,0.13568106,7.895086,7.905086,2860800
hardzero_plus_depr__c0p54__z1p10__lam0p010__nu0p50__psi0p75,hardzero_plus_depr,0.06,40,894,0.0,3,0.39805743,0.39807352,0.99689573,0.100717336,0.100717336,1.0,1.608437e-05,0.00015969813,-27.059486,2.1932144,0.7310715,0.17600001,0.0,0.13559805,7.905086,7.9150863,2864000
hardzero_plus_depr__c0p54__z1p10__lam0p010__nu0p50__psi0p75,hardzero_plus_depr,0.06,40,895,0.0,3,0.39807352,0.3980894,0.99869174,0.1003017,0.1003017,1.0,1.5898306e-05,0.00015850486,-27.721066,2.1971657,0.7323886,0.16800001,0.0,0.1467769,7.9150863,7.9250865,2867200
hardzero_plus_depr__c0p54__z1p10__lam0p010__nu0p50__psi0p75,hardzero_plus_depr,0.06,40,896,0.0,3,0.3980894,0.39810377,1.0395805,0.09128922,0.09128922,1.0,1.4361665e-05,0.0001573205,-28.180277,2.2871227,0.7623743,0.136,0.0,0.15212303,7.9250865,7.9350867,2870400
hardzero_plus_depr__c0p54__z1p10__lam0p010__nu0p50__psi0p75,hardzero_plus_depr,0.06,40,897,0.0,3,0.39810377,0.39812,0.98335785,0.10390637,0.10390637,1.0,1.6224458e-05,0.00015614498,-26.280066,2.1634305,0.7211435,0.19999999,0.0,0.13173366,7.9350867,7.945087,2873600
hardzero_plus_depr__c0p54__z1p10__lam0p010__nu0p50__psi0p75,hardzero_plus_depr,0.06,40,898,0.0,3,0.39812,0.398136,0.98597324,0.103282504,0.103282504,1.0,1.6006541e-05,0.00015497825,-27.519249,2.1691844,0.7230615,0.18400002,0.0,0.2517431,7.945087,7.955087,2876800
hardzero_plus_depr__c0p54__z1p10__lam0p010__nu0p50__psi0p75,hardzero_plus_depr,0.06,40,899,0.0,3,0.398136,0.39815292,0.95859283,0.110003665,0.110003665,1.0,1.6920789e-05,0.00015382023,-26.200748,2.1089463,0.7029821,0.192,0.0,0.13356669,7.955087,7.9650874,2880000
hardzero_plus_depr__c0p54__z1p10__lam0p010__nu0p50__psi0p75,hardzero_plus_depr,0.06,40,900,0.0,3,0.39815292,0.39816752,1.0193169,0.09564958,0.09564958,1.0,1.4602904e-05,0.00015267087,-27.904825,2.242542,0.747514,0.128,0.0,0.13452254,7.9650874,7.9750876,2883200
hardzero_plus_depr__c0p54__z1p10__lam0p010__nu0p50__psi0p75,hardzero_plus_depr,0.06,40,901,0.0,3,0.39816752,0.39818266,1.0003457,0.09992042,0.09992042,1.0,1.5140951e-05,0.0001515301,-26.062754,2.2008045,0.7336015,0.112,0.0,0.12703294,7.9750876,7.985088,2886400
hardzero_plus_depr__c0p54__z1p10__lam0p010__nu0p50__psi0p75,hardzero_plus_depr,0.06,40,902,0.0,3,0.39818266,0.39819717,1.0158273,0.09642123,0.09642123,1.0,1.4501543e-05,0.00015039783,-27.778082,2.2348647,0.74495494,0.128,0.0,0.15026043,7.985088,7.995088,2889600
hardzero_plus_depr__c0p54__z1p10__lam0p010__nu0p50__psi0p75,hardzero_plus_depr,0.06,40,903,0.0,3,0.39819717,0.39821342,0.9634272,0.10878595,0.10878595,1.0,1.623892e-05,0.00014927406,-26.425829,2.1195822,0.7065274,0.208,0.0,0.14901118,7.995088,8.005088,2892800
hardzero_plus_depr__c0p54__z1p10__lam0p010__nu0p50__psi0p75,hardzero_plus_depr,0.06,40,904,0.0,3,0.39821342,0.39822838,0.9957506,0.10098327,0.10098327,1.0,1.4961553e-05,0.00014815872,-27.465546,2.190695,0.7302317,0.16000001,0.0,0.13079606,8.005088,8.015088,2896000
hardzero_plus_depr__c0p54__z1p10__lam0p010__nu0p50__psi0p75,hardzero_plus_depr,0.06,40,905,0.0,3,0.39822838,0.39824224,1.0261614,0.09415396,0.09415396,1.0,1.384549e-05,0.00014705159,-27.605217,2.2576003,0.75253344,0.14400001,0.0,0.13933448,8.015088,8.025088,2899200
hardzero_plus_depr__c0p54__z1p10__lam0p010__nu0p50__psi0p75,hardzero_plus_depr,0.06,40,906,0.0,3,0.39824224,0.39825782,0.971075,0.10688701,0.10688701,1.0,1.5600466e-05,0.00014595287,-26.565506,2.1364076,0.7121359,0.16800001,0.0,0.13704745,8.025088,8.035089,2902400
hardzero_plus_depr__c0p54__z1p10__lam0p010__nu0p50__psi0p75,hardzero_plus_depr,0.06,40,907,0.0,3,0.39825782,0.39827323,0.97282517,0.10645715,0.10645715,1.0,1.5421621e-05,0.00014486224,-26.907698,2.140258,0.7134194,0.272,0.0,0.1557525,8.035089,8.045089,2905600
hardzero_plus_depr__c0p54__z1p10__lam0p010__nu0p50__psi0p75,hardzero_plus_depr,0.06,40,908,0.0,3,0.39827323,0.39828727,1.0102003,0.097678676,0.097678676,1.0,1.4044227e-05,0.00014377986,-27.768013,2.222485,0.7408284,0.15200001,0.0,0.15957886,8.045089,8.055089,2908800
hardzero_plus_depr__c0p54__z1p10__lam0p010__nu0p50__psi0p75,hardzero_plus_depr,0.06,40,909,0.0,3,0.39828727,0.398302,0.98645085,0.10316897,0.10316897,1.0,1.47227765e-05,0.00014270547,-26.965643,2.1702352,0.72341174,0.16800001,0.0,0.1384799,8.055089,8.065089,2912000
hardzero_plus_depr__c0p54__z1p10__lam0p010__nu0p50__psi0p75,hardzero_plus_depr,0.06,40,910,0.0,3,0.398302,0.39831582,1.0102824,0.097660184,0.097660184,1.0,1.3832512e-05,0.00014163922,-26.250546,2.2226655,0.74088854,0.14,0.0,0.14294447,8.065089,8.075089,2915200
hardzero_plus_depr__c0p54__z1p10__lam0p010__nu0p50__psi0p75,hardzero_plus_depr,0.06,40,911,0.0,3,0.39831582,0.39833173,0.94618803,0.113191016,0.113191016,1.0,1.5912485e-05,0.00014058081,-26.211197,2.0816553,0.6938851,0.192,0.0,0.13182275,8.075089,8.08509,2918400
hardzero_plus_depr__c0p54__z1p10__lam0p010__nu0p50__psi0p75,hardzero_plus_depr,0.06,40,912,0.0,3,0.39833173,0.39834782,0.9380262,0.115338355,0.115338355,1.0,1.6093212e-05,0.00013953044,-25.961048,2.0636988,0.6878996,0.18400002,0.0,0.12387522,8.08509,8.09509,2921600
hardzero_plus_depr__c0p54__z1p10__lam0p010__nu0p50__psi0p75,hardzero_plus_depr,0.06,40,913,0.0,3,0.39834782,0.39836088,1.0256412,0.0942668,0.0942668,1.0,1.3054801e-05,0.00013848778,-27.22108,2.2564557,0.7521519,0.16800001,0.0,0.13088636,8.09509,8.10509,2924800
hardzero_plus_depr__c0p54__z1p10__lam0p010__nu0p50__psi0p75,hardzero_plus_depr,0.06,40,914,0.0,3,0.39836088,0.3983727,1.065556,0.085989214,0.085989214,1.0,1.181948e-05,0.00013745305,-27.77205,2.3442702,0.78142345,0.120000005,0.0,0.15855764,8.10509,8.11509,2928000
hardzero_plus_depr__c0p54__z1p10__lam0p010__nu0p50__psi0p75,hardzero_plus_depr,0.06,40,915,0.0,3,0.3983727,0.39838707,0.97780985,0.10524226,0.10524226,1.0,1.4357773e-05,0.00013642592,-26.138466,2.1512246,0.7170749,0.208,0.0,0.1309043,8.11509,8.125091,2931200
hardzero_plus_depr__c0p54__z1p10__lam0p010__nu0p50__psi0p75,hardzero_plus_depr,0.06,40,916,0.0,3,0.39838707,0.39840022,1.0134143,0.09695847,0.09695847,1.0,1.3128818e-05,0.0001354066,-26.918854,2.2295558,0.7431853,0.128,0.0,0.14492744,8.125091,8.135091,2934400
hardzero_plus_depr__c0p54__z1p10__lam0p010__nu0p50__psi0p75,hardzero_plus_depr,0.06,40,917,0.0,3,0.39840022,0.39841253,1.0380787,0.091605455,0.091605455,1.0,1.2311294e-05,0.00013439477,-28.109123,2.2838187,0.7612729,0.17600001,0.0,0.16782913,8.135091,8.145091,2937600
hardzero_plus_depr__c0p54__z1p10__lam0p010__nu0p50__psi0p75,hardzero_plus_depr,0.06,40,918,0.0,3,0.39841253,0.3984251,1.0256585,0.094263054,0.094263054,1.0,1.2573806e-05,0.00013339061,-27.312574,2.2564938,0.7521646,0.128,0.0,0.13502361,8.145091,8.155091,2940800
hardzero_plus_depr__c0p54__z1p10__lam0p010__nu0p50__psi0p75,hardzero_plus_depr,0.06,40,919,0.0,3,0.3984251,0.39843753,1.0278492,0.093788765,0.093788765,1.0,1.2417055e-05,0.00013239383,-28.007528,2.2613134,0.7537712,0.16800001,0.0,0.17277065,8.155091,8.1650915,2944000
hardzero_plus_depr__c0p54__z1p10__lam0p010__nu0p50__psi0p75,hardzero_plus_depr,0.06,40,920,0.0,3,0.39843753,0.39845157,0.9711283,0.106873915,0.106873915,1.0,1.4043728e-05,0.00013140464,-26.131456,2.136525,0.712175,0.208,0.0,0.1389682,8.1650915,8.175092,2947200
hardzero_plus_depr__c0p54__z1p10__lam0p010__nu0p50__psi0p75,hardzero_plus_depr,0.06,40,921,0.0,3,0.39845157,0.39846537,0.97550625,0.105801955,0.105801955,1.0,1.3798977e-05,0.0001304227,-25.798742,2.1461565,0.71538556,0.256,0.0,0.14147092,8.175092,8.185092,2950400
hardzero_plus_depr__c0p54__z1p10__lam0p010__nu0p50__psi0p75,hardzero_plus_depr,0.06,40,922,0.0,3,0.39846537,0.39847875,0.9855638,0.10337992,0.10337992,1.0,1.3382348e-05,0.00012944824,-26.519636,2.1682837,0.7227613,0.16000001,0.0,0.1083442,8.185092,8.195092,2953600
hardzero_plus_depr__c0p54__z1p10__lam0p010__nu0p50__psi0p75,hardzero_plus_depr,0.06,40,923,0.0,3,0.39847875,0.39849308,0.9523285,0.111601874,0.111601874,1.0,1.4338712e-05,0.00012848093,-25.762465,2.0951645,0.6983882,0.19999999,0.0,0.10488948,8.195092,8.205092,2956800
hardzero_plus_depr__c0p54__z1p10__lam0p010__nu0p50__psi0p75,hardzero_plus_depr,0.06,40,924,0.0,3,0.39849308,0.39850628,0.98444307,0.103647046,0.103647046,1.0,1.3217172e-05,0.00012752097,-27.625422,2.165818,0.7219393,0.17600001,0.0,0.18269092,8.205092,8.215093,2960000
hardzero_plus_depr__c0p54__z1p10__lam0p010__nu0p50__psi0p75,hardzero_plus_depr,0.06,40,925,0.0,3,0.39850628,0.39851964,0.9770563,0.10542501,0.10542501,1.0,1.3343438e-05,0.00012656805,-27.039032,2.149567,0.71652234,0.17600001,0.0,0.15148707,8.215093,8.225093,2963200
hardzero_plus_depr__c0p54__z1p10__lam0p010__nu0p50__psi0p75,hardzero_plus_depr,0.06,40,926,0.0,3,0.39851964,0.3985329,0.97664636,0.10552456,0.10552456,1.0,1.3256246e-05,0.00012562238,-25.77464,2.148665,0.7162217,0.216,0.0,0.118818544,8.225093,8.235093,2966400
hardzero_plus_depr__c0p54__z1p10__lam0p010__nu0p50__psi0p75,hardzero_plus_depr,0.06,40,927,0.0,3,0.3985329,0.3985452,1.0060955,0.09860626,0.09860626,1.0,1.2294589e-05,0.00012468366,-26.721634,2.2134545,0.7378182,0.15200001,0.0,0.158898,8.235093,8.245093,2969600
hardzero_plus_depr__c0p54__z1p10__lam0p010__nu0p50__psi0p75,hardzero_plus_depr,0.06,40,928,0.0,3,0.3985452,0.3985573,1.0094243,0.09785333,0.09785333,1.0,1.210955e-05,0.00012375205,-27.11174,2.2207778,0.7402593,0.128,0.0,0.13991053,8.245093,8.255094,2972800
hardzero_plus_depr__c0p54__z1p10__lam0p010__nu0p50__psi0p75,hardzero_plus_depr,0.06,40,929,0.0,3,0.3985573,0.3985693,1.010791,0.09754591,0.09754591,1.0,1.1981302e-05,0.00012282732,-26.877466,2.2237844,0.7412615,0.16800001,0.0,0.13443702,8.255094,8.265094,2976000
hardzero_plus_depr__c0p54__z1p10__lam0p010__nu0p50__psi0p75,hardzero_plus_depr,0.06,40,930,0.0,3,0.3985693,0.39858168,0.9923311,0.1017815,0.1017815,1.0,1.2408142e-05,0.000121909594,-26.382965,2.183172,0.727724,0.17600001,0.0,0.13215731,8.265094,8.275094,2979200
hardzero_plus_depr__c0p54__z1p10__lam0p010__nu0p50__psi0p75,hardzero_plus_depr,0.06,40,931,0.0,3,0.39858168,0.39859334,1.0163602,0.096303,0.096303,1.0,1.1652529e-05,0.00012099861,-27.476845,2.236037,0.7453457,0.128,0.0,0.15832452,8.275094,8.285094,2982400
hardzero_plus_depr__c0p54__z1p10__lam0p010__nu0p50__psi0p75,hardzero_plus_depr,0.06,40,932,0.0,3,0.39859334,0.39860696,0.9448959,0.11352828,0.11352828,1.0,1.3634128e-05,0.00012009455,-25.379042,2.0788126,0.69293755,0.14400001,0.0,0.108121976,8.285094,8.2950945,2985600
hardzero_plus_depr__c0p54__z1p10__lam0p010__nu0p50__psi0p75,hardzero_plus_depr,0.06,40,933,0.0,3,0.39860696,0.39861834,1.0195038,0.09560842,0.09560842,1.0,1.1396251e-05,0.000119197146,-27.256966,2.2429533,0.7476511,0.15200001,0.0,0.15891044,8.2950945,8.305095,2988800
hardzero_plus_depr__c0p54__z1p10__lam0p010__nu0p50__psi0p75,hardzero_plus_depr,0.06,40,934,0.0,3,0.39861834,0.39863077,0.9782953,0.10512467,0.10512467,1.0,1.2436935e-05,0.00011830654,-26.279037,2.1522927,0.71743095,0.16800001,0.0,0.13408321,8.305095,8.315095,2992000
hardzero_plus_depr__c0p54__z1p10__lam0p010__nu0p50__psi0p75,hardzero_plus_depr,0.06,40,935,0.0,3,0.39863077,0.39864203,1.0178269,0.095978305,0.095978305,1.0,1.1270011e-05,0.00011742248,-27.172752,2.239264,0.74642134,0.16000001,0.0,0.15439455,8.315095,8.325095,2995200
hardzero_plus_depr__c0p54__z1p10__lam0p010__nu0p50__psi0p75,hardzero_plus_depr,0.06,40,936,0.0,3,0.39864203,0.39865366,1.0017247,0.09960365,0.09960365,1.0,1.1608322e-05,0.00011654515,-27.309502,2.2038383,0.7346128,0.17,0.0,0.13618763,8.325095,8.335095,2998400
hardzero_plus_depr__c0p54__z1p10__lam0p010__nu0p50__psi0p75,hardzero_plus_depr,0.06,40,937,0.0,3,0.39865366,0.39866573,0.9820523,0.10421918,0.10421918,1.0,1.2055475e-05,0.000115674244,-26.554817,2.1605582,0.7201861,0.112,0.0,0.12095304,8.335095,8.345096,3001600
hardzero_plus_depr__c0p54__z1p10__lam0p010__nu0p50__psi0p75,hardzero_plus_depr,0.06,40,938,0.0,3,0.39866573,0.39867768,0.9825352,0.10410338,0.10410338,1.0,1.1952106e-05,0.00011480998,-26.25269,2.1616206,0.7205402,0.16800001,0.0,0.14082421,8.345096,8.355096,3004800
hardzero_plus_depr__c0p54__z1p10__lam0p010__nu0p50__psi0p75,hardzero_plus_depr,0.06,40,939,0.0,3,0.39867768,0.39868906,1.0009588,0.099779464,0.099779464,1.0,1.13700735e-05,0.00011395204,-26.490147,2.2021534,0.73405117,0.18400002,0.0,0.14906563,8.355096,8.365096,3008000
hardzero_plus_depr__c0p54__z1p10__lam0p010__nu0p50__psi0p75,hardzero_plus_depr,0.06,40,940,0.0,3,0.39868906,0.39870024,1.0054328,0.09875683,0.09875683,1.0,1.116946e-05,0.000113100636,-26.24354,2.2119966,0.7373322,0.136,0.0,0.16251992,8.365096,8.375096,3011200
hardzero_plus_depr__c0p54__z1p10__lam0p010__nu0p50__psi0p75,hardzero_plus_depr,0.06,40,941,0.0,3,0.39870024,0.39871117,1.0108949,0.097522564,0.097522564,1.0,1.0947442e-05,0.00011225548,-27.41463,2.224013,0.7413377,0.16000001,0.0,0.13865168,8.375096,8.385097,3014400
hardzero_plus_depr__c0p54__z1p10__lam0p010__nu0p50__psi0p75,hardzero_plus_depr,0.06,40,942,0.0,3,0.39871117,0.39872286,0.97917944,0.104910895,0.104910895,1.0,1.168883e-05,0.000111416746,-26.217548,2.1542377,0.71807927,0.216,0.0,0.11587737,8.385097,8.395097,3017600
hardzero_plus_depr__c0p54__z1p10__lam0p010__nu0p50__psi0p75,hardzero_plus_depr,0.06,40,943,0.0,3,0.39872286,0.398734,0.9960244,0.100919604,0.100919604,1.0,1.1160112e-05,0.00011058418,-27.490984,2.1912975,0.7304325,0.15200001,0.0,0.14545523,8.395097,8.405097,3020800
hardzero_plus_depr__c0p54__z1p10__lam0p010__nu0p50__psi0p75,hardzero_plus_depr,0.06,40,944,0.0,3,0.398734,0.3987458,0.9682142,0.10759344,0.10759344,1.0,1.1809232e-05,0.00010975792,-27.390669,2.1301138,0.71003795,0.15200001,0.0,0.13168713,8.405097,8.415097,3024000
hardzero_plus_depr__c0p54__z1p10__lam0p010__nu0p50__psi0p75,hardzero_plus_depr,0.06,40,945,0.0,3,0.3987458,0.3987568,0.9961096,0.10089981,0.10089981,1.0,1.0991798e-05,0.000108937755,-26.929735,2.191485,0.730495,0.16800001,0.0,0.13137905,8.415097,8.425097,3027200
hardzero_plus_depr__c0p54__z1p10__lam0p010__nu0p50__psi0p75,hardzero_plus_depr,0.06,40,946,0.0,3,0.3987568,0.39876792,0.987568,0.10290393,0.10290393,1.0,1.1126365e-05,0.00010812381,-27.218765,2.172693,0.724231,0.18400002,0.0,0.15324919,8.425097,8.435098,3030400
hardzero_plus_depr__c0p54__z1p10__lam0p010__nu0p50__psi0p75,hardzero_plus_depr,0.06,40,947,0.0,3,0.39876792,0.3987795,0.96690977,0.10791709,0.10791709,1.0,1.1581214e-05,0.00010731584,-25.953794,2.127244,0.70908135,0.208,0.0,0.13644499,8.435098,8.445098,3033600
hardzero_plus_depr__c0p54__z1p10__lam0p010__nu0p50__psi0p75,hardzero_plus_depr,0.06,40,948,0.0,3,0.3987795,0.3987892,1.0417082,0.09084307,0.09084307,1.0,9.6760605e-06,0.000106514024,-27.33229,2.2918038,0.7639346,0.120000005,0.0,0.15278909,8.445098,8.455098,3036800
hardzero_plus_depr__c0p54__z1p10__lam0p010__nu0p50__psi0p75,hardzero_plus_depr,0.06,40,949,0.0,3,0.3987892,0.39880055,0.969541,0.10726523,0.10726523,1.0,1.1339875e-05,0.000105718085,-26.894226,2.1330328,0.71101093,0.16,0.0,0.11022648,8.455098,8.465098,3040000
hardzero_plus_depr__c0p54__z1p10__lam0p010__nu0p50__psi0p75,hardzero_plus_depr,0.06,40,950,0.0,3,0.39880055,0.3988119,0.9658199,0.108188264,0.108188264,1.0,1.1351999e-05,0.00010492819,-26.489923,2.1248462,0.7082821,0.224,0.0,0.16052134,8.465098,8.475099,3043200
hardzero_plus_depr__c0p54__z1p10__lam0p010__nu0p50__psi0p75,hardzero_plus_depr,0.06,40,951,0.0,3,0.3988119,0.3988236,0.9501843,0.11215423,0.11215423,1.0,1.1680203e-05,0.000104144114,-25.636795,2.0904472,0.6968157,0.17600001,0.0,0.11924299,8.475099,8.485099,3046400
hardzero_plus_depr__c0p54__z1p10__lam0p010__nu0p50__psi0p75,hardzero_plus_depr,0.06,40,952,0.0,3,0.3988236,0.39883515,0.9512319,0.11188403,0.11188403,1.0,1.1565003e-05,0.00010336599,-26.212145,2.092752,0.69758403,0.16000001,0.0,0.14824007,8.485099,8.495099,3049600
hardzero_plus_depr__c0p54__z1p10__lam0p010__nu0p50__psi0p75,hardzero_plus_depr,0.06,40,953,0.0,3,0.39883515,0.39884508,1.0148379,0.09664116,0.09664116,1.0,9.914763e-06,0.00010259358,-27.339388,2.232688,0.7442293,0.136,0.0,0.13793613,8.495099,8.505099,3052800
hardzero_plus_depr__c0p54__z1p10__lam0p010__nu0p50__psi0p75,hardzero_plus_depr,0.06,40,954,0.0,3,0.39884508,0.39885482,1.0189165,0.0957378,0.0957378,1.0,9.748696e-06,0.000101827034,-27.916487,2.241661,0.7472204,0.136,0.0,0.14974159,8.505099,8.5151,3056000
hardzero_plus_depr__c0p54__z1p10__lam0p010__nu0p50__psi0p75,hardzero_plus_depr,0.06,40,955,0.0,3,0.39885482,0.39886504,0.994571,0.10125792,0.10125792,1.0,1.0233745e-05,0.00010106612,-27.954596,2.1880999,0.72936666,0.24800001,0.0,0.16265945,8.5151,8.5251,3059200
hardzero_plus_depr__c0p54__z1p10__lam0p010__nu0p50__psi0p75,hardzero_plus_depr,0.06,40,956,0.0,3,0.39886504,0.39887407,1.0458218,0.08998668,0.08998668,1.0,9.026653e-06,0.00010031099,-28.387371,2.300854,0.7669513,0.136,0.0,0.16380516,8.5251,8.5351,3062400
hardzero_plus_depr__c0p54__z1p10__lam0p010__nu0p50__psi0p75,hardzero_plus_depr,0.06,40,957,0.0,3,0.39887407,0.39888242,1.076234,0.08390079,0.08390079,1.0,8.3532805e-06,9.95614e-05,-28.246107,2.367762,0.78925407,0.104,0.0,0.14141172,8.5351,8.5451,3065600
hardzero_plus_depr__c0p54__z1p10__lam0p010__nu0p50__psi0p75,hardzero_plus_depr,0.06,40,958,0.0,3,0.39888242,0.39889193,1.0167725,0.096211605,0.096211605,1.0,9.507393e-06,9.881752e-05,-26.651482,2.2369442,0.7456481,0.136,0.0,0.13937809,8.5451,8.5551,3068800
hardzero_plus_depr__c0p54__z1p10__lam0p010__nu0p50__psi0p75,hardzero_plus_depr,0.06,40,959,0.0,3,0.39889193,0.3989019,0.9922879,0.10179164,0.10179164,1.0,9.9836325e-06,9.80791e-05,-27.563784,2.1830769,0.7276923,0.17600001,0.0,0.14244303,8.5551,8.565101,3072000
hardzero_plus_depr__c0p54__z1p10__lam0p010__nu0p50__psi0p75,hardzero_plus_depr,0.06,40,960,0.0,3,0.3989019,0.39891163,1.0008873,0.09979591,0.09979591,1.0,9.71476e-06,9.734628e-05,-26.22251,2.2019958,0.73399866,0.16800001,0.0,0.1367794,8.565101,8.575101,3075200
hardzero_plus_depr__c0p54__z1p10__lam0p010__nu0p50__psi0p75,hardzero_plus_depr,0.06,40,961,0.0,3,0.39891163,0.39891982,1.0712014,0.08487866,0.08487866,1.0,8.200879e-06,9.661885e-05,-28.398563,2.3566902,0.7855634,0.208,0.0,0.16690797,8.575101,8.585101,3078400
hardzero_plus_depr__c0p54__z1p10__lam0p010__nu0p50__psi0p75,hardzero_plus_depr,0.06,40,962,0.0,3,0.39891982,0.39892823,1.0570662,0.08768671,0.08768671,1.0,8.408889e-06,9.5896954e-05,-29.353651,2.325592,0.7751974,0.13,0.0,0.15134837,8.585101,8.595101,3081600
hardzero_plus_depr__c0p54__z1p10__lam0p010__nu0p50__psi0p75,hardzero_plus_depr,0.06,40,963,0.0,3,0.39892823,0.3989368,1.045449,0.090063944,0.090063944,1.0,8.572319e-06,9.518036e-05,-28.750017,2.3000338,0.766678,0.128,0.0,0.150836,8.595101,8.605102,3084800
hardzero_plus_depr__c0p54__z1p10__lam0p010__nu0p50__psi0p75,hardzero_plus_depr,0.06,40,964,0.0,3,0.3989368,0.39894742,0.9493922,0.11235897,0.11235897,1.0,1.0614463e-05,9.44692e-05,-25.631254,2.0887046,0.6962349,0.15200001,0.0,0.12026535,8.605102,8.615102,3088000
hardzero_plus_depr__c0p54__z1p10__lam0p010__nu0p50__psi0p75,hardzero_plus_depr,0.06,40,965,0.0,3,0.39894742,0.3989567,1.0056107,0.098716386,0.098716386,1.0,9.255972e-06,9.376328e-05,-27.384932,2.2123878,0.73746264,0.120000005,0.0,0.1429041,8.615102,8.625102,3091200
hardzero_plus_depr__c0p54__z1p10__lam0p010__nu0p50__psi0p75,hardzero_plus_depr,0.06,40,966,0.0,3,0.3989567,0.3989658,1.0090373,0.0979406,0.0979406,1.0,9.1146185e-06,9.3062714e-05,-26.970757,2.2199264,0.73997545,0.136,0.0,0.14508775,8.625102,8.635102,3094400
hardzero_plus_depr__c0p54__z1p10__lam0p010__nu0p50__psi0p75,hardzero_plus_depr,0.06,40,967,0.0,3,0.3989658,0.3989746,1.0207303,0.09533882,0.09533882,1.0,8.806188e-06,9.2367285e-05,-27.6876,2.2456515,0.74855053,0.2,0.0,0.17534865,8.635102,8.6451025,3097600
hardzero_plus_depr__c0p54__z1p10__lam0p010__nu0p50__psi0p75,hardzero_plus_depr,0.06,40,968,0.0,3,0.3989746,0.39898452,0.96614957,0.10810616,0.10810616,1.0,9.910865e-06,9.167715e-05,-25.758146,2.1255715,0.70852387,0.15200001,0.0,0.14455386,8.6451025,8.655103,3100800
hardzero_plus_depr__c0p54__z1p10__lam0p010__nu0p50__psi0p75,hardzero_plus_depr,0.06,40,969,0.0,3,0.39898452,0.39899275,1.0437601,0.09041489,0.09041489,1.0,8.227039e-06,9.0992085e-05,-27.761889,2.296318,0.7654394,0.17600001,0.0,0.16512369,8.655103,8.665103,3104000
hardzero_plus_depr__c0p54__z1p10__lam0p010__nu0p50__psi0p75,hardzero_plus_depr,0.06,40,970,0.0,3,0.39899275,0.39900142,1.0173658,0.09608025,0.09608025,1.0,8.677222e-06,9.031223e-05,-27.017715,2.2382495,0.7460832,0.16000001,0.0,0.1349553,8.665103,8.675103,3107200
hardzero_plus_depr__c0p54__z1p10__lam0p010__nu0p50__psi0p75,hardzero_plus_depr,0.06,40,971,0.0,3,0.39900142,0.39901084,0.97884196,0.104992434,0.104992434,1.0,9.411245e-06,8.963736e-05,-26.472113,2.1534953,0.7178318,0.15200001,0.0,0.13996674,8.675103,8.685103,3110400
hardzero_plus_depr__c0p54__z1p10__lam0p010__nu0p50__psi0p75,hardzero_plus_depr,0.06,40,972,0.0,3,0.39901084,0.3990188,1.0481049,0.089514844,0.089514844,1.0,7.963923e-06,8.896762e-05,-27.551525,2.3058767,0.7686256,0.14400001,0.0,0.16338803,8.685103,8.695104,3113600
hardzero_plus_depr__c0p54__z1p10__lam0p010__nu0p50__psi0p75,hardzero_plus_depr,0.06,40,973,0.0,3,0.3990188,0.39902812,0.9759422,0.105695814,0.105695814,1.0,9.333236e-06,8.8302804e-05,-27.14179,2.1471157,0.7157053,0.17600001,0.0,0.15939972,8.695104,8.705104,3116800
hardzero_plus_depr__c0p54__z1p10__lam0p010__nu0p50__psi0p75,hardzero_plus_depr,0.06,40,974,0.0,3,0.39902812,0.3990374,0.9753043,0.10585119,0.10585119,1.0,9.27712e-06,8.7643035e-05,-26.269161,2.1457124,0.7152375,0.16800001,0.0,0.1625802,8.705104,8.715104,3120000
hardzero_plus_depr__c0p54__z1p10__lam0p010__nu0p50__psi0p75,hardzero_plus_depr,0.06,40,975,0.0,3,0.3990374,0.39904606,1.0019194,0.09955901,0.09955901,1.0,8.6604505e-06,8.698812e-05,-26.40847,2.2042668,0.73475564,0.16,0.0,0.13103347,8.715104,8.725104,3123200
hardzero_plus_depr__c0p54__z1p10__lam0p010__nu0p50__psi0p75,hardzero_plus_depr,0.06,40,976,0.0,3,0.39904606,0.39905545,0.9629976,0.108893596,0.108893596,1.0,9.401675e-06,8.633818e-05,-26.341747,2.118637,0.7062124,0.2,0.0,0.16336188,8.725104,8.735105,3126400
hardzero_plus_depr__c0p54__z1p10__lam0p010__nu0p50__psi0p75,hardzero_plus_depr,0.06,40,977,0.0,3,0.39905545,0.39906296,1.0567276,0.08775509,0.08775509,1.0,7.519997e-06,8.5693e-05,-28.149916,2.3248472,0.7749491,0.128,0.0,0.14673783,8.735105,8.745105,3129600
hardzero_plus_depr__c0p54__z1p10__lam0p010__nu0p50__psi0p75,hardzero_plus_depr,0.06,40,978,0.0,3,0.39906296,0.39907092,1.0296624,0.093398,0.093398,1.0,7.943756e-06,8.505274e-05,-27.18481,2.2653024,0.75510085,0.120000005,0.0,0.13234879,8.745105,8.755105,3132800
hardzero_plus_depr__c0p54__z1p10__lam0p010__nu0p50__psi0p75,hardzero_plus_depr,0.06,40,979,0.0,3,0.39907092,0.3990801,0.9636599,0.108727664,0.108727664,1.0,9.178481e-06,8.441717e-05,-26.095072,2.120094,0.70669806,0.15200001,0.008,0.12460696,8.755105,8.765105,3136000
hardzero_plus_depr__c0p54__z1p10__lam0p010__nu0p50__psi0p75,hardzero_plus_depr,0.06,40,980,0.0,3,0.3990801,0.39908925,0.9619693,0.10915175,0.10915175,1.0,9.145436e-06,8.3786435e-05,-26.463827,2.1163747,0.7054583,0.272,0.008,0.15441334,8.765105,8.775105,3139200
hardzero_plus_depr__c0p54__z1p10__lam0p010__nu0p50__psi0p75,hardzero_plus_depr,0.06,40,981,0.0,3,0.39908925,0.39909747,1.0052555,0.09879717,0.09879717,1.0,8.216006e-06,8.316033e-05,-27.68662,2.2116063,0.7372021,0.16000001,0.0,0.14728633,8.775105,8.785106,3142400
hardzero_plus_depr__c0p54__z1p10__lam0p010__nu0p50__psi0p75,hardzero_plus_depr,0.06,40,982,0.0,3,0.39909747,0.39910585,0.9930331,0.101617105,0.101617105,1.0,8.387373e-06,8.253899e-05,-26.97181,2.1847165,0.7282388,0.14400001,0.0,0.1491533,8.785106,8.795106,3145600
hardzero_plus_depr__c0p54__z1p10__lam0p010__nu0p50__psi0p75,hardzero_plus_depr,0.06,40,983,0.0,3,0.39910585,0.39911368,1.0197177,0.09556136,0.09556136,1.0,7.828598e-06,8.192221e-05,-26.997694,2.2434237,0.7478079,0.18400002,0.0,0.17631444,8.795106,8.805106,3148800
hardzero_plus_depr__c0p54__z1p10__lam0p010__nu0p50__psi0p75,hardzero_plus_depr,0.06,40,984,0.0,3,0.39911368,0.39912203,0.9881402,0.10276844,0.10276844,1.0,8.3561135e-06,8.1310114e-05,-26.983383,2.1739519,0.7246506,0.16000001,0.0,0.1522716,8.805106,8.815106,3152000
hardzero_plus_depr__c0p54__z1p10__lam0p010__nu0p50__psi0p75,hardzero_plus_depr,0.06,40,985,0.0,3,0.39912203,0.3991302,0.99452513,0.10126862,0.10126862,1.0,8.172633e-06,8.070252e-05,-26.88376,2.187999,0.72933304,0.16800001,0.0,0.13381147,8.815106,8.825107,3155200
hardzero_plus_depr__c0p54__z1p10__lam0p010__nu0p50__psi0p75,hardzero_plus_depr,0.06,40,986,0.0,3,0.3991302,0.39913762,1.0324287,0.09280498,0.09280498,1.0,7.4336367e-06,8.009954e-05,-27.751644,2.2713885,0.75712955,0.16000001,0.0,0.15881664,8.825107,8.835107,3158400
hardzero_plus_depr__c0p54__z1p10__lam0p010__nu0p50__psi0p75,hardzero_plus_depr,0.06,40,987,0.0,3,0.39913762,0.39914632,0.96055996,0.10950654,0.10950654,1.0,8.705879e-06,7.950099e-05,-26.78279,2.113274,0.70442474,0.192,0.0,0.15214394,8.835107,8.845107,3161600
hardzero_plus_depr__c0p54__z1p10__lam0p010__nu0p50__psi0p75,hardzero_plus_depr,0.06,40,988,0.0,3,0.39914632,0.39915383,1.0211163,0.09525412,0.09525412,1.0,7.516215e-06,7.890698e-05,-27.717163,2.2465005,0.74883354,0.22,0.0,0.13606286,8.845107,8.855107,3164800
hardzero_plus_depr__c0p54__z1p10__lam0p010__nu0p50__psi0p75,hardzero_plus_depr,0.06,40,989,0.0,3,0.39915383,0.3991622,0.9707028,0.10697867,0.10697867,1.0,8.378285e-06,7.8317345e-05,-27.036217,2.135589,0.711863,0.192,0.0,0.13045006,8.855107,8.865108,3168000
hardzero_plus_depr__c0p54__z1p10__lam0p010__nu0p50__psi0p75,hardzero_plus_depr,0.06,40,990,0.0,3,0.3991622,0.39916998,0.9989978,0.10023103,0.10023103,1.0,7.791176e-06,7.7732184e-05,-27.726255,2.197839,0.732613,0.16800001,0.0,0.15566096,8.865108,8.875108,3171200
hardzero_plus_depr__c0p54__z1p10__lam0p010__nu0p50__psi0p75,hardzero_plus_depr,0.06,40,991,0.0,3,0.39916998,0.39917883,0.9410628,0.11453472,0.11453472,1.0,8.836506e-06,7.715133e-05,-26.271349,2.0703795,0.69012654,0.18400002,0.0,0.13879305,8.875108,8.885108,3174400
hardzero_plus_depr__c0p54__z1p10__lam0p010__nu0p50__psi0p75,hardzero_plus_depr,0.06,40,992,0.0,3,0.39917883,0.3991865,0.99960023,0.10009209,0.10009209,1.0,7.664539e-06,7.657488e-05,-26.953672,2.1991644,0.7330548,0.16000001,0.0,0.13849089,8.885108,8.895108,3177600
hardzero_plus_depr__c0p54__z1p10__lam0p010__nu0p50__psi0p75,hardzero_plus_depr,0.06,40,993,0.0,3,0.3991865,0.399194,1.0045073,0.09896753,0.09896753,1.0,7.5217963e-06,7.600267e-05,-26.25156,2.2099602,0.73665345,0.16000001,0.0,0.13811302,8.895108,8.905108,3180800
hardzero_plus_depr__c0p54__z1p10__lam0p010__nu0p50__psi0p75,hardzero_plus_depr,0.06,40,994,0.0,3,0.399194,0.39920163,0.99546,0.10105085,0.10105085,1.0,7.62275e-06,7.54348e-05,-26.829866,2.1900556,0.73001856,0.128,0.0,0.12870325,8.905108,8.915109,3184000
hardzero_plus_depr__c0p54__z1p10__lam0p010__nu0p50__psi0p75,hardzero_plus_depr,0.06,40,995,0.0,3,0.39920163,0.39920884,1.0170236,0.096156016,0.096156016,1.0,7.1993068e-06,7.48711e-05,-26.616661,2.2374966,0.7458322,0.192,0.0,0.1395812,8.915109,8.925109,3187200
hardzero_plus_depr__c0p54__z1p10__lam0p010__nu0p50__psi0p75,hardzero_plus_depr,0.06,40,996,0.0,3,0.39920884,0.39921618,1.0051978,0.09881029,0.09881029,1.0,7.3427614e-06,7.4311705e-05,-27.401855,2.2114792,0.7371597,0.15200001,0.0,0.14945532,8.925109,8.935109,3190400
hardzero_plus_depr__c0p54__z1p10__lam0p010__nu0p50__psi0p75,hardzero_plus_depr,0.06,40,997,0.0,3,0.39921618,0.399223,1.0336037,0.092554234,0.092554234,1.0,6.8264667e-06,7.37564e-05,-27.36734,2.2739735,0.7579912,0.18400002,0.0,0.12775993,8.935109,8.945109,3193600
hardzero_plus_depr__c0p54__z1p10__lam0p010__nu0p50__psi0p75,hardzero_plus_depr,0.06,40,998,0.0,3,0.399223,0.39923084,0.97037566,0.10705927,0.10705927,1.0,7.837308e-06,7.3205316e-05,-26.787935,2.134869,0.7116231,0.18400002,0.0,0.15829328,8.945109,8.95511,3196800
hardzero_plus_depr__c0p54__z1p10__lam0p010__nu0p50__psi0p75,hardzero_plus_depr,0.06,40,999,0.0,3,0.39923084,0.3992383,0.98945063,0.10245882,0.10245882,1.0,7.4444815e-06,7.265828e-05,-27.248217,2.1768348,0.7256116,0.17600001,0.0,0.14475834,8.95511,8.96511,3200000
hardzero_plus_depr__c0p54__z1p10__lam0p010__nu0p50__psi0p75,hardzero_plus_depr,0.06,40,1000,0.0,3,0.3992383,0.39924607,0.96759415,0.10774716,0.10774716,1.0,7.77023e-06,7.211541e-05,-26.135778,2.1287496,0.7095832,0.16800001,0.0,0.14648305,8.96511,8.97511,3203200
hardzero_plus_depr__c0p54__z1p10__lam0p010__nu0p50__psi0p75,hardzero_plus_depr,0.06,40,1001,0.0,3,0.39924607,0.39925352,0.9832952,0.10392136,0.10392136,1.0,7.4383292e-06,7.157652e-05,-26.44612,2.1632926,0.7210976,0.14,0.0,0.14022312,8.97511,8.98511,3206400
hardzero_plus_depr__c0p54__z1p10__lam0p010__nu0p50__psi0p75,hardzero_plus_depr,0.06,40,1002,0.0,3,0.39925352,0.39926082,0.9879084,0.1028233,0.1028233,1.0,7.3047445e-06,7.104172e-05,-26.426495,2.173442,0.7244806,0.112,0.0,0.13605438,8.98511,8.9951105,3209600
hardzero_plus_depr__c0p54__z1p10__lam0p010__nu0p50__psi0p75,hardzero_plus_depr,0.06,40,1003,0.0,3,0.39926082,0.39926797,0.9929086,0.10164626,0.10164626,1.0,7.167165e-06,7.051086e-05,-26.700163,2.1844425,0.7281475,0.17600001,0.0,0.16393098,8.9951105,9.005111,3212800
hardzero_plus_depr__c0p54__z1p10__lam0p010__nu0p50__psi0p75,hardzero_plus_depr,0.06,40,1004,0.0,3,0.39926797,0.3992746,1.0252568,0.09435029,0.09435029,1.0,6.603014e-06,6.998403e-05,-26.739153,2.25561,0.75187004,0.24000001,0.0,0.1284894,9.005111,9.015111,3216000
hardzero_plus_depr__c0p54__z1p10__lam0p010__nu0p50__psi0p75,hardzero_plus_depr,0.06,40,1005,0.0,3,0.3992746,0.3992819,0.97762454,0.10528716,0.10528716,1.0,7.3133574e-06,6.946106e-05,-27.110037,2.150817,0.716939,0.15200001,0.0,0.15239637,9.015111,9.025111,3219200
hardzero_plus_depr__c0p54__z1p10__lam0p010__nu0p50__psi0p75,hardzero_plus_depr,0.06,40,1006,0.0,3,0.3992819,0.39928895,0.9900615,0.10231479,0.10231479,1.0,7.0537944e-06,6.894208e-05,-26.620102,2.1781788,0.7260596,0.18400002,0.0,0.15299405,9.025111,9.035111,3222400
hardzero_plus_depr__c0p54__z1p10__lam0p010__nu0p50__psi0p75,hardzero_plus_depr,0.06,40,1007,0.0,3,0.39928895,0.39929652,0.9560796,0.11064209,0.11064209,1.0,7.570895e-06,6.8426896e-05,-26.587912,2.1034172,0.7011391,0.224,0.0,0.15163355,9.035111,9.045112,3225600
hardzero_plus_depr__c0p54__z1p10__lam0p010__nu0p50__psi0p75,hardzero_plus_depr,0.06,40,1008,0.0,3,0.39929652,0.3993036,0.9821639,0.10419239,0.10419239,1.0,7.0762935e-06,6.7915644e-05,-26.400337,2.1608038,0.72026795,0.128,0.0,0.12552744,9.045112,9.055112,3228800
hardzero_plus_depr__c0p54__z1p10__lam0p010__nu0p50__psi0p75,hardzero_plus_depr,0.06,40,1009,0.0,3,0.3993036,0.39931074,0.97370934,0.10624062,0.10624062,1.0,7.1614827e-06,6.740814e-05,-26.657171,2.1422033,0.7140678,0.16800001,0.0,0.134157,9.055112,9.065112,3232000
hardzero_plus_depr__c0p54__z1p10__lam0p010__nu0p50__psi0p75,hardzero_plus_depr,0.06,40,1010,0.0,3,0.39931074,0.39931843,0.93974566,0.114882626,0.114882626,1.0,7.6861625e-06,6.690448e-05,-25.80054,2.0674818,0.6891606,0.17600001,0.0,0.13613868,9.065112,9.075112,3235200
hardzero_plus_depr__c0p54__z1p10__lam0p010__nu0p50__psi0p75,hardzero_plus_depr,0.06,40,1011,0.0,3,0.39931843,0.39932507,0.9998368,0.10003758,0.10003758,1.0,6.6429484e-06,6.640453e-05,-27.284056,2.1996849,0.7332283,0.216,0.0,0.17003575,9.075112,9.085113,3238400
hardzero_plus_depr__c0p54__z1p10__lam0p010__nu0p50__psi0p75,hardzero_plus_depr,0.06,40,1012,0.0,3,0.39932507,0.39933094,1.0505068,0.08902114,0.08902114,1.0,5.867239e-06,6.590838e-05,-27.672361,2.3111613,0.7703871,0.16000001,0.0,0.14700903,9.085113,9.095113,3241600
hardzero_plus_depr__c0p54__z1p10__lam0p010__nu0p50__psi0p75,hardzero_plus_depr,0.06,40,1013,0.0,3,0.39933094,0.39933792,0.97276545,0.10647177,0.10647177,1.0,6.9649436e-06,6.541587e-05,-26.959562,2.1401267,0.71337557,0.24800001,0.0,0.12404151,9.095113,9.105113,3244800
hardzero_plus_depr__c0p54__z1p10__lam0p010__nu0p50__psi0p75,hardzero_plus_depr,0.06,40,1014,0.0,3,0.39933792,0.3993445,0.99455494,0.10126167,0.10126167,1.0,6.574628e-06,6.492712e-05,-26.041018,2.1880646,0.72935486,0.099999994,0.0,0.12458367,9.105113,9.115113,3248000
hardzero_plus_depr__c0p54__z1p10__lam0p010__nu0p50__psi0p75,hardzero_plus_depr,0.06,40,1015,0.0,3,0.3993445,0.3993517,0.9527962,0.11148175,0.11148175,1.0,7.1840996e-06,6.4441934e-05,-25.263548,2.0961936,0.6987312,0.256,0.0,0.13362545,9.115113,9.1251135,3251200
hardzero_plus_depr__c0p54__z1p10__lam0p010__nu0p50__psi0p75,hardzero_plus_depr,0.06,40,1016,0.0,3,0.3993517,0.39935857,0.96828556,0.10757577,0.10757577,1.0,6.8805944e-06,6.396045e-05,-27.534353,2.1302707,0.7100903,0.24000001,0.0,0.13564855,9.1251135,9.135114,3254400
hardzero_plus_depr__c0p54__z1p10__lam0p010__nu0p50__psi0p75,hardzero_plus_depr,0.06,40,1017,0.0,3,0.39935857,0.39936513,0.98553866,0.10338591,0.10338591,1.0,6.5631957e-06,6.34825e-05,-26.100916,2.1682284,0.7227428,0.15200001,0.0,0.13805318,9.135114,9.145114,3257600
hardzero_plus_depr__c0p54__z1p10__lam0p010__nu0p50__psi0p75,hardzero_plus_depr,0.06,40,1018,0.0,3,0.39936513,0.39937097,1.0323097,0.09283043,0.09283043,1.0,5.849077e-06,6.3008185e-05,-27.851746,2.2711265,0.75704217,0.18400002,0.0,0.16492255,9.145114,9.155114,3260800
hardzero_plus_depr__c0p54__z1p10__lam0p010__nu0p50__psi0p75,hardzero_plus_depr,0.06,40,1019,0.0,3,0.39937097,0.39937735,0.9911335,0.10206256,0.10206256,1.0,6.382722e-06,6.253735e-05,-26.828548,2.1805372,0.72684574,0.112,0.0,0.12472705,9.155114,9.165114,3264000
hardzero_plus_depr__c0p54__z1p10__lam0p010__nu0p50__psi0p75,hardzero_plus_depr,0.06,40,1020,0.0,3,0.39937735,0.3993833,1.0168256,0.096199855,0.096199855,1.0,5.971134e-06,6.2070096e-05,-27.475445,2.2370608,0.74568695,0.120000005,0.0,0.16296516,9.165114,9.175115,3267200
hardzero_plus_depr__c0p54__z1p10__lam0p010__nu0p50__psi0p75,hardzero_plus_depr,0.06,40,1021,0.0,3,0.3993833,0.39938918,1.020568,0.09537443,0.09537443,1.0,5.8756627e-06,6.160627e-05,-27.79409,2.2452946,0.74843156,0.08800001,0.0,0.13523574,9.175115,9.185115,3270400
hardzero_plus_depr__c0p54__z1p10__lam0p010__nu0p50__psi0p75,hardzero_plus_depr,0.06,40,1022,0.0,3,0.39938918,0.39939535,0.99620324,0.10087806,0.10087806,1.0,6.1682867e-06,6.114597e-05,-27.42819,2.191691,0.73056364,0.216,0.0,0.16142423,9.185115,9.195115,3273600
hardzero_plus_depr__c0p54__z1p10__lam0p010__nu0p50__psi0p75,hardzero_plus_depr,0.06,40,1023,0.0,3,0.39939535,0.39940137,1.0030948,0.09928992,0.09928992,1.0,6.02581e-06,6.0689043e-05,-26.394434,2.2068527,0.7356176,0.16800001,0.0,0.13437274,9.195115,9.205115,3276800
hardzero_plus_depr__c0p54__z1p10__lam0p010__nu0p50__psi0p75,hardzero_plus_depr,0.06,40,1024,0.0,3,0.39940137,0.39940852,0.92492336,0.1188712,0.1188712,1.0,7.160278e-06,6.02356e-05,-25.893858,2.034872,0.6782907,0.16000001,0.0,0.12485971,9.205115,9.215116,3280000
hardzero_plus_depr__c0p54__z1p10__lam0p010__nu0p50__psi0p75,hardzero_plus_depr,0.06,40,1025,0.0,3,0.39940852,0.3994147,0.98673356,0.10310184,0.10310184,1.0,6.163994e-06,5.978549e-05,-26.973194,2.1708572,0.7236191,0.14400001,0.0,0.19019169,9.215116,9.225116,3283200
hardzero_plus_depr__c0p54__z1p10__lam0p010__nu0p50__psi0p75,hardzero_plus_depr,0.06,40,1026,0.0,3,0.3994147,0.3994212,0.9606344,0.10948777,0.10948777,1.0,6.4968717e-06,5.933879e-05,-26.077866,2.113438,0.70447934,0.23200001,0.0,0.14256121,9.225116,9.235116,3286400
hardzero_plus_depr__c0p54__z1p10__lam0p010__nu0p50__psi0p75,hardzero_plus_depr,0.06,40,1027,0.0,3,0.3994212,0.39942694,1.0095313,0.09782925,0.09782925,1.0,5.7616908e-06,5.8895377e-05,-27.43479,2.221013,0.7403377,0.22,0.01,0.12135241,9.235116,9.245116,3289600
hardzero_plus_depr__c0p54__z1p10__lam0p010__nu0p50__psi0p75,hardzero_plus_depr,0.06,40,1028,0.0,3,0.39942694,0.39943263,1.0122179,0.097225934,0.097225934,1.0,5.6833746e-06,5.8455335e-05,-26.40017,2.2269237,0.7423079,0.128,0.0,0.14102273,9.245116,9.255116,3292800
hardzero_plus_depr__c0p54__z1p10__lam0p010__nu0p50__psi0p75,hardzero_plus_depr,0.06,40,1029,0.0,3,0.39943263,0.39943752,1.0734468,0.08444098,0.08444098,1.0,4.89914e-06,5.8018515e-05,-28.835342,2.36163,0.78721,0.128,0.0,0.16209297,9.255116,9.265117,3296000
hardzero_plus_depr__c0p54__z1p10__lam0p010__nu0p50__psi0p75,hardzero_plus_depr,0.06,40,1030,0.0,3,0.39943752,0.39944303,1.0177957,0.09598521,0.09598521,1.0,5.5273103e-06,5.758502e-05,-27.343773,2.239195,0.7463984,0.14400001,0.0,0.13538384,9.265117,9.275117,3299200
hardzero_plus_depr__c0p54__z1p10__lam0p010__nu0p50__psi0p75,hardzero_plus_depr,0.06,40,1031,0.0,3,0.39944303,0.39944902,0.9800411,0.10470295,0.10470295,1.0,5.9842673e-06,5.7154717e-05,-27.363012,2.1561334,0.71871114,0.2,0.0,0.17931278,9.275117,9.285117,3302400
hardzero_plus_depr__c0p54__z1p10__lam0p010__nu0p50__psi0p75,hardzero_plus_depr,0.06,40,1032,0.0,3,0.39944902,0.39945439,1.024391,0.09453854,0.09453854,1.0,5.362952e-06,5.6727677e-05,-27.380892,2.2537053,0.7512351,0.16800001,0.0,0.12689003,9.285117,9.295117,3305600
hardzero_plus_depr__c0p54__z1p10__lam0p010__nu0p50__psi0p75,hardzero_plus_depr,0.06,40,1033,0.0,3,0.39945439,0.39946038,0.973552,0.10627913,0.10627913,1.0,5.9839163e-06,5.6303776e-05,-26.824177,2.1418571,0.7139524,0.208,0.0,0.1566162,9.295117,9.305118,3308800
hardzero_plus_depr__c0p54__z1p10__lam0p010__nu0p50__psi0p75,hardzero_plus_depr,0.06,40,1034,0.0,3,0.39946038,0.3994658,1.012269,0.09721448,0.09721448,1.0,5.432646e-06,5.5883094e-05,-27.65395,2.2270362,0.74234545,0.208,0.0,0.16751361,9.305118,9.315118,3312000
hardzero_plus_depr__c0p54__z1p10__lam0p010__nu0p50__psi0p75,hardzero_plus_depr,0.06,40,1035,0.0,3,0.3994658,0.39947167,0.9751951,0.10587779,0.10587779,1.0,5.8725645e-06,5.54655e-05,-26.56337,2.145472,0.7151574,0.18400002,0.0,0.20396458,9.315118,9.325118,3315200
hardzero_plus_depr__c0p54__z1p10__lam0p010__nu0p50__psi0p75,hardzero_plus_depr,0.06,40,1036,0.0,3,0.39947167,0.3994769,1.023453,0.09474297,0.09474297,1.0,5.2157034e-06,5.5051085e-05,-28.256699,2.2516415,0.7505472,0.104,0.0,0.16173439,9.325118,9.335118,3318400
hardzero_plus_depr__c0p54__z1p10__lam0p010__nu0p50__psi0p75,hardzero_plus_depr,0.06,40,1037,0.0,3,0.3994769,0.3994828,0.9675675,0.10775378,0.10775378,1.0,5.887635e-06,5.4639706e-05,-26.459766,2.128691,0.7095637,0.15200001,0.0,0.13545467,9.335118,9.3451185,3321600
hardzero_plus_depr__c0p54__z1p10__lam0p010__nu0p50__psi0p75,hardzero_plus_depr,0.06,40,1038,0.0,3,0.3994828,0.39948812,1.0072365,0.098347545,0.098347545,1.0,5.3335307e-06,5.423146e-05,-27.067783,2.2159646,0.73865485,0.15200001,0.0,0.14584671,9.3451185,9.355119,3324800
hardzero_plus_depr__c0p54__z1p10__lam0p010__nu0p50__psi0p75,hardzero_plus_depr,0.06,40,1039,0.0,3,0.39948812,0.39949358,0.99475974,0.10121392,0.10121392,1.0,5.4479615e-06,5.382621e-05,-26.443043,2.1885152,0.72950506,0.14400001,0.0,0.14711455,9.355119,9.365119,3328000
hardzero_plus_depr__c0p54__z1p10__lam0p010__nu0p50__psi0p75,hardzero_plus_depr,0.06,40,1040,0.0,3,0.39949358,0.3994988,1.0106373,0.097580425,0.097580425,1.0,5.2131404e-06,5.342404e-05,-26.418104,2.2234464,0.7411488,0.16,0.0,0.1466698,9.365119,9.375119,3331200
hardzero_plus_depr__c0p54__z1p10__lam0p010__nu0p50__psi0p75,hardzero_plus_depr,0.06,40,1041,0.0,3,0.3994988,0.39950436,0.9780321,0.1051884,0.1051884,1.0,5.5775963e-06,5.302482e-05,-26.143559,2.1517136,0.7172379,0.15200001,0.0,0.12959397,9.375119,9.385119,3334400
hardzero_plus_depr__c0p54__z1p10__lam0p010__nu0p50__psi0p75,hardzero_plus_depr,0.06,40,1042,0.0,3,0.39950436,0.39950973,0.99089164,0.102119416,0.102119416,1.0,5.374406e-06,5.2628642e-05,-26.598381,2.180005,0.72666836,0.208,0.0,0.13257746,9.385119,9.39512,3337600
hardzero_plus_depr__c0p54__z1p10__lam0p010__nu0p50__psi0p75,hardzero_plus_depr,0.06,40,1043,0.0,3,0.39950973,0.39951494,1.000247,0.09994315,0.09994315,1.0,5.220568e-06,5.2235373e-05,-26.487846,2.2005873,0.7335291,0.208,0.008,0.13535877,9.39512,9.40512,3340800
hardzero_plus_depr__c0p54__z1p10__lam0p010__nu0p50__psi0p75,hardzero_plus_depr,0.06,40,1044,0.0,3,0.39951494,0.39952037,0.97951144,0.104830705,0.104830705,1.0,5.4349566e-06,5.1845083e-05,-26.264164,2.1549683,0.71832275,0.14400001,0.0,0.12559786,9.40512,9.41512,3344000
hardzero_plus_depr__c0p54__z1p10__lam0p010__nu0p50__psi0p75,hardzero_plus_depr,0.06,40,1045,0.0,3,0.39952037,0.39952585,0.9728568,0.106449395,0.106449395,1.0,5.477638e-06,5.145767e-05,-26.543327,2.1403277,0.71344256,0.18400002,0.0,0.16254409,9.41512,9.42512,3347200
hardzero_plus_depr__c0p54__z1p10__lam0p010__nu0p50__psi0p75,hardzero_plus_depr,0.06,40,1046,0.0,3,0.39952585,0.39953068,1.0233272,0.09477042,0.09477042,1.0,4.8402285e-06,5.10732e-05,-27.35495,2.251365,0.750455,0.16000001,0.0,0.15410642,9.42512,9.435121,3350400
hardzero_plus_depr__c0p54__z1p10__lam0p010__nu0p50__psi0p75,hardzero_plus_depr,0.06,40,1047,0.0,3,0.39953068,0.39953566,1.0090418,0.09793957,0.09793957,1.0,4.9647083e-06,5.0691546e-05,-27.360842,2.2199364,0.7399788,0.15200001,0.0,0.14829545,9.435121,9.445121,3353600
hardzero_plus_depr__c0p54__z1p10__lam0p010__nu0p50__psi0p75,hardzero_plus_depr,0.06,40,1048,0.0,3,0.39953566,0.39954078,0.9914187,0.10199556,0.10199556,1.0,5.131682e-06,5.03128e-05,-26.698536,2.1811647,0.72705495,0.136,0.0,0.13133107,9.445121,9.455121,3356800
hardzero_plus_depr__c0p54__z1p10__lam0p010__nu0p50__psi0p75,hardzero_plus_depr,0.06,40,1049,0.0,3,0.39954078,0.3995463,0.95644355,0.11054941,0.11054941,1.0,5.5204873e-06,4.993683e-05,-26.204908,2.1042178,0.70140594,0.15200001,0.0,0.14214475,9.455121,9.465121,3360000
hardzero_plus_depr__c0p54__z1p10__lam0p010__nu0p50__psi0p75,hardzero_plus_depr,0.06,40,1050,0.0,3,0.3995463,0.3995514,0.9886575,0.10264611,0.10264611,1.0,5.087523e-06,4.9563718e-05,-26.705824,2.1750898,0.72502995,0.216,0.0,0.16793427,9.465121,9.4751215,3363200
hardzero_plus_depr__c0p54__z1p10__lam0p010__nu0p50__psi0p75,hardzero_plus_depr,0.06,40,1051,0.0,3,0.3995514,0.39955676,0.9631515,0.10885502,0.10885502,1.0,5.354943e-06,4.919335e-05,-26.369099,2.1189756,0.70632523,0.16000001,0.0,0.119769774,9.4751215,9.485122,3366400
hardzero_plus_depr__c0p54__z1p10__lam0p010__nu0p50__psi0p75,hardzero_plus_depr,0.06,40,1052,0.0,3,0.39955676,0.39956126,1.0343353,0.09239846,0.09239846,1.0,4.511428e-06,4.8825794e-05,-27.288115,2.275583,0.7585277,0.16000001,0.0,0.14609344,9.485122,9.495122,3369600
hardzero_plus_depr__c0p54__z1p10__lam0p010__nu0p50__psi0p75,hardzero_plus_depr,0.06,40,1053,0.0,3,0.39956126,0.39956543,1.0651877,0.08606217,0.08606217,1.0,4.170654e-06,4.8460945e-05,-27.318827,2.3434596,0.7811532,0.17,0.0,0.16965005,9.495122,9.505122,3372800
hardzero_plus_depr__c0p54__z1p10__lam0p010__nu0p50__psi0p75,hardzero_plus_depr,0.06,40,1054,0.0,3,0.39956543,0.3995699,1.0319142,0.092915,0.092915,1.0,4.4691055e-06,4.809886e-05,-27.00578,2.2702565,0.7567522,0.128,0.0,0.14040235,9.505122,9.515122,3376000
hardzero_plus_depr__c0p54__z1p10__lam0p010__nu0p50__psi0p75,hardzero_plus_depr,0.06,40,1055,0.0,3,0.3995699,0.39957488,0.98227113,0.10416669,0.10416669,1.0,4.9728587e-06,4.7739435e-05,-26.07544,2.1610396,0.72034657,0.16800001,0.0,0.13620718,9.515122,9.525123,3379200
hardzero_plus_depr__c0p54__z1p10__lam0p010__nu0p50__psi0p75,hardzero_plus_depr,0.06,40,1056,0.0,3,0.39957488,0.39957947,1.0148257,0.09664386,0.09664386,1.0,4.579251e-06,4.7382742e-05,-27.73823,2.2326612,0.74422044,0.14400001,0.0,0.1380591,9.525123,9.535123,3382400
hardzero_plus_depr__c0p54__z1p10__lam0p010__nu0p50__psi0p75,hardzero_plus_depr,0.06,40,1057,0.0,3,0.39957947,0.39958453,0.9669719,0.107901655,0.107901655,1.0,5.0744716e-06,4.7028672e-05,-26.137022,2.1273806,0.7091269,0.192,0.0,0.12809448,9.535123,9.545123,3385600
hardzero_plus_depr__c0p54__z1p10__lam0p010__nu0p50__psi0p75,hardzero_plus_depr,0.06,40,1058,0.0,3,0.39958453,0.3995889,1.0274388,0.09387745,0.09387745,1.0,4.381945e-06,4.667729e-05,-27.923231,2.2604103,0.7534701,0.208,0.0,0.14988022,9.545123,9.555123,3388800
hardzero_plus_depr__c0p54__z1p10__lam0p010__nu0p50__psi0p75,hardzero_plus_depr,0.06,40,1059,0.0,3,0.3995889,0.39959407,0.95471156,0.110991165,0.110991165,1.0,5.142053e-06,4.632849e-05,-26.981623,2.1004074,0.7001358,0.15200001,0.0,0.13183145,9.555123,9.565124,3392000
hardzero_plus_depr__c0p54__z1p10__lam0p010__nu0p50__psi0p75,hardzero_plus_depr,0.06,40,1060,0.0,3,0.39959407,0.3995992,0.9518363,0.11172844,0.11172844,1.0,5.137535e-06,4.598234e-05,-26.781836,2.0940816,0.69802725,0.16800001,0.0,0.13796964,9.565124,9.575124,3395200
hardzero_plus_depr__c0p54__z1p10__lam0p010__nu0p50__psi0p75,hardzero_plus_depr,0.06,40,1061,0.0,3,0.3995992,0.39960366,1.0103698,0.09764054,0.09764054,1.0,4.4561907e-06,4.5638735e-05,-26.615294,2.222858,0.7409527,0.104,0.0,0.16192603,9.575124,9.585124,3398400
hardzero_plus_depr__c0p54__z1p10__lam0p010__nu0p50__psi0p75,hardzero_plus_depr,0.06,40,1062,0.0,3,0.39960366,0.39960784,1.035934,0.09205895,0.09205895,1.0,4.170062e-06,4.5297737e-05,-27.59059,2.2791002,0.75970006,0.16000001,0.0,0.1187705,9.585124,9.595124,3401600
hardzero_plus_depr__c0p54__z1p10__lam0p010__nu0p50__psi0p75,hardzero_plus_depr,0.06,40,1063,0.0,3,0.39960784,0.39961228,1.0061764,0.09858789,0.09858789,1.0,4.432437e-06,4.4959244e-05,-27.83134,2.213632,0.73787737,0.17600001,0.0,0.14971904,9.595124,9.605124,3404800
hardzero_plus_depr__c0p54__z1p10__lam0p010__nu0p50__psi0p75,hardzero_plus_depr,0.06,40,1064,0.0,3,0.39961228,0.3996166,1.0134213,0.0969569,0.0969569,1.0,4.3265395e-06,4.4623328e-05,-26.774197,2.2295713,0.74319047,0.18400002,0.0,0.14121497,9.605124,9.615125,3408000
hardzero_plus_depr__c0p54__z1p10__lam0p010__nu0p50__psi0p75,hardzero_plus_depr,0.06,40,1065,0.0,3,0.3996166,0.39962107,0.99498385,0.10116171,0.10116171,1.0,4.4804397e-06,4.4289874e-05,-27.15927,2.1890082,0.72966945,0.16000001,0.0,0.12581918,9.615125,9.625125,3411200
hardzero_plus_depr__c0p54__z1p10__lam0p010__nu0p50__psi0p75,hardzero_plus_depr,0.06,40,1066,0.0,3,0.39962107,0.3996259,0.95868635,0.109979995,0.109979995,1.0,4.834606e-06,4.3958957e-05,-27.019787,2.109152,0.70305073,0.26,0.0,0.13442838,9.625125,9.635125,3414400
hardzero_plus_depr__c0p54__z1p10__lam0p010__nu0p50__psi0p75,hardzero_plus_depr,0.06,40,1067,0.0,3,0.3996259,0.3996303,0.994378,0.10130294,0.10130294,1.0,4.419894e-06,4.3630465e-05,-26.166115,2.1876752,0.7292251,0.18400002,0.0,0.13739194,9.635125,9.645125,3417600
hardzero_plus_depr__c0p54__z1p10__lam0p010__nu0p50__psi0p75,hardzero_plus_depr,0.06,40,1068,0.0,3,0.3996303,0.39963415,1.0512868,0.088861406,0.088861406,1.0,3.848097e-06,4.330448e-05,-27.359247,2.3128772,0.7709591,0.104,0.0,0.15133819,9.645125,9.655126,3420800
hardzero_plus_depr__c0p54__z1p10__lam0p010__nu0p50__psi0p75,hardzero_plus_depr,0.06,40,1069,0.0,3,0.39963415,0.3996379,1.0599566,0.087105066,0.087105066,1.0,3.7438522e-06,4.298088e-05,-28.13618,2.331951,0.777317,0.104,0.0,0.158649,9.655126,9.665126,3424000
hardzero_plus_depr__c0p54__z1p10__lam0p010__nu0p50__psi0p75,hardzero_plus_depr,0.06,40,1070,0.0,3,0.3996379,0.39964208,1.0096779,0.09779622,0.09779622,1.0,4.1719613e-06,4.265974e-05,-27.225756,2.2213356,0.74044526,0.192,0.0,0.12857062,9.665126,9.675126,3427200
hardzero_plus_depr__c0p54__z1p10__lam0p010__nu0p50__psi0p75,hardzero_plus_depr,0.06,40,1071,0.0,3,0.39964208,0.39964667,0.96596533,0.10815203,0.10815203,1.0,4.5792613e-06,4.2340966e-05,-26.733334,2.1251662,0.70838875,0.136,0.0,0.15050308,9.675126,9.685126,3430400
hardzero_plus_depr__c0p54__z1p10__lam0p010__nu0p50__psi0p75,hardzero_plus_depr,0.06,40,1072,0.0,3,0.39964667,0.39965102,0.98455036,0.10362145,0.10362145,1.0,4.354651e-06,4.202461e-05,-26.493599,2.166054,0.722018,0.120000005,0.0,0.11925384,9.685126,9.695127,3433600
hardzero_plus_depr__c0p54__z1p10__lam0p010__nu0p50__psi0p75,hardzero_plus_depr,0.06,40,1073,0.0,3,0.39965102,0.39965504,1.0151166,0.09657916,0.09657916,1.0,4.028372e-06,4.1710577e-05,-27.383787,2.233301,0.74443364,0.15200001,0.0,0.15759285,9.695127,9.705127,3436800
hardzero_plus_depr__c0p54__z1p10__lam0p010__nu0p50__psi0p75,hardzero_plus_depr,0.06,40,1074,0.0,3,0.39965504,0.39965978,0.94056356,0.11466647,0.11466647,1.0,4.747069e-06,4.139893e-05,-25.746145,2.069281,0.6897604,0.16800001,0.0,0.11983831,9.705127,9.715127,3440000
hardzero_plus_depr__c0p54__z1p10__lam0p010__nu0p50__psi0p75,hardzero_plus_depr,0.06,40,1075,0.0,3,0.39965978,0.39966407,0.98152566,0.104345635,0.104345635,1.0,4.287517e-06,4.108957e-05,-26.616053,2.1593995,0.7197999,0.2,0.0,0.13730799,9.715127,9.725127,3443200
hardzero_plus_depr__c0p54__z1p10__lam0p010__nu0p50__psi0p75,hardzero_plus_depr,0.06,40,1076,0.0,3,0.39966407,0.39966843,0.97169095,0.10673552,0.10673552,1.0,4.352948e-06,4.078256e-05,-25.971054,2.1377628,0.7125876,0.192,0.0,0.13455364,9.725127,9.735127,3446400
hardzero_plus_depr__c0p54__z1p10__lam0p010__nu0p50__psi0p75,hardzero_plus_depr,0.06,40,1077,0.0,3,0.39966843,0.39967257,0.9894778,0.10245242,0.10245242,1.0,4.14705e-06,4.047781e-05,-27.14635,2.1768947,0.7256316,0.17600001,0.0,0.12896268,9.735127,9.745128,3449600
hardzero_plus_depr__c0p54__z1p10__lam0p010__nu0p50__psi0p75,hardzero_plus_depr,0.06,40,1078,0.0,3,0.39967257,0.39967665,0.9932813,0.10155906,0.10155906,1.0,4.0801733e-06,4.0175375e-05,-27.378967,2.1852624,0.72842085,0.14400001,0.0,0.1573683,9.745128,9.755128,3452800
hardzero_plus_depr__c0p54__z1p10__lam0p010__nu0p50__psi0p75,hardzero_plus_depr,0.06,40,1079,0.0,3,0.39967665,0.39968064,0.998049,0.10045023,0.10045023,1.0,4.0054697e-06,3.9875165e-05,-26.005192,2.1957517,0.73191726,0.14,0.0,0.12892215,9.755128,9.765128,3456000
hardzero_plus_depr__c0p54__z1p10__lam0p010__nu0p50__psi0p75,hardzero_plus_depr,0.06,40,1080,0.0,3,0.39968064,0.3996842,1.0458652,0.08997769,0.08997769,1.0,3.5610676e-06,3.957723e-05,-27.855587,2.3009493,0.76698315,0.120000005,0.0,0.20921458,9.765128,9.775128,3459200
hardzero_plus_depr__c0p54__z1p10__lam0p010__nu0p50__psi0p75,hardzero_plus_depr,0.06,40,1081,0.0,3,0.3996842,0.3996879,1.0268346,0.09400812,0.09400812,1.0,3.6927786e-06,3.9281487e-05,-27.91136,2.2590811,0.7530271,0.112,0.0,0.14734118,9.775128,9.785129,3462400
hardzero_plus_depr__c0p54__z1p10__lam0p010__nu0p50__psi0p75,hardzero_plus_depr,0.06,40,1082,0.0,3,0.3996879,0.3996921,0.96774185,0.107710525,0.107710525,1.0,4.1994167e-06,3.898799e-05,-26.140234,2.1290746,0.7096915,0.128,0.0,0.13194135,9.785129,9.795129,3465600
hardzero_plus_depr__c0p54__z1p10__lam0p010__nu0p50__psi0p75,hardzero_plus_depr,0.06,40,1083,0.0,3,0.3996921,0.3996959,1.0051304,0.098825626,0.098825626,1.0,3.8242206e-06,3.869665e-05,-27.04494,2.2113311,0.7371104,0.128,0.0,0.13783154,9.795129,9.805129,3468800
hardzero_plus_depr__c0p54__z1p10__lam0p010__nu0p50__psi0p75,hardzero_plus_depr,0.06,40,1084,0.0,3,0.3996959,0.39970016,0.9536673,0.11125836,0.11125836,1.0,4.2731576e-06,3.840752e-05,-26.93653,2.09811,0.69937,0.208,0.0,0.12923723,9.805129,9.815129,3472000
hardzero_plus_depr__c0p54__z1p10__lam0p010__nu0p50__psi0p75,hardzero_plus_depr,0.06,40,1085,0.0,3,0.39970016,0.3997038,1.0216042,0.09514715,0.09514715,1.0,3.627058e-06,3.8120514e-05,-28.137873,2.247574,0.7491914,0.16800001,0.0,0.19204819,9.815129,9.8251295,3475200
hardzero_plus_depr__c0p54__z1p10__lam0p010__nu0p50__psi0p75,hardzero_plus_depr,0.06,40,1086,0.0,3,0.3997038,0.39970782,0.9719532,0.1066711,0.1066711,1.0,4.035975e-06,3.7835693e-05,-26.16056,2.1383398,0.71277994,0.192,0.0,0.1002609,9.8251295,9.83513,3478400
hardzero_plus_depr__c0p54__z1p10__lam0p010__nu0p50__psi0p75,hardzero_plus_depr,0.06,40,1087,0.0,3,0.39970782,0.39971194,0.9611114,0.10936758,0.10936758,1.0,4.1070766e-06,3.7552963e-05,-26.655693,2.1144874,0.70482916,0.208,0.0,0.13539295,9.83513,9.84513,3481600
hardzero_plus_depr__c0p54__z1p10__lam0p010__nu0p50__psi0p75,hardzero_plus_depr,0.06,40,1088,0.0,3,0.39971194,0.3997155,1.0176893,0.09600871,0.09600871,1.0,3.5784733e-06,3.727238e-05,-27.39279,2.2389612,0.7463204,0.128,0.0,0.1479317,9.84513,9.85513,3484800
hardzero_plus_depr__c0p54__z1p10__lam0p010__nu0p50__psi0p75,hardzero_plus_depr,0.06,40,1089,0.0,3,0.3997155,0.39971876,1.0546643,0.08817303,0.08817303,1.0,3.261861e-06,3.699386e-05,-27.475668,2.3203077,0.77343595,0.15200001,0.0,0.14897832,9.85513,9.86513,3488000
hardzero_plus_depr__c0p54__z1p10__lam0p010__nu0p50__psi0p75,hardzero_plus_depr,0.06,40,1090,0.0,3,0.39971876,0.39972302,0.9365729,0.11572496,0.11572496,1.0,4.249126e-06,3.6717454e-05,-25.840229,2.0605016,0.68683386,0.192,0.0,0.11759245,9.86513,9.875131,3491200
hardzero_plus_depr__c0p54__z1p10__lam0p010__nu0p50__psi0p75,hardzero_plus_depr,0.06,40,1091,0.0,3,0.39972302,0.39972645,1.0248425,0.09444033,0.09444033,1.0,3.4416964e-06,3.6443078e-05,-27.62689,2.2546985,0.7515662,0.136,0.0,0.13974147,9.875131,9.885131,3494400
hardzero_plus_depr__c0p54__z1p10__lam0p010__nu0p50__psi0p75,hardzero_plus_depr,0.06,40,1092,0.0,3,0.39972645,0.39972937,1.0918746,0.08093296,0.08093296,1.0,2.927409e-06,3.617079e-05,-28.302935,2.402172,0.800724,0.14999999,0.0,0.1591303,9.885131,9.895131,3497600
hardzero_plus_depr__c0p54__z1p10__lam0p010__nu0p50__psi0p75,hardzero_plus_depr,0.06,40,1093,0.0,3,0.39972937,0.39973307,0.9870099,0.103036255,0.103036255,1.0,3.699053e-06,3.59005e-05,-26.628607,2.1714652,0.72382176,0.16000001,0.0,0.14124244,9.895131,9.905131,3500800
hardzero_plus_depr__c0p54__z1p10__lam0p010__nu0p50__psi0p75,hardzero_plus_depr,0.06,40,1094,0.0,3,0.39973307,0.39973655,1.0094593,0.09784547,0.09784547,1.0,3.486456e-06,3.5632267e-05,-27.022663,2.2208548,0.7402849,0.192,0.0,0.14964648,9.905131,9.915132,3504000
hardzero_plus_depr__c0p54__z1p10__lam0p010__nu0p50__psi0p75,hardzero_plus_depr,0.06,40,1095,0.0,3,0.39973655,0.3997397,1.0505525,0.08901178,0.08901178,1.0,3.1479904e-06,3.5365996e-05,-28.050386,2.3112617,0.77042055,0.120000005,0.0,0.14857882,9.915132,9.925132,3507200
hardzero_plus_depr__c0p54__z1p10__lam0p010__nu0p50__psi0p75,hardzero_plus_depr,0.06,40,1096,0.0,3,0.3997397,0.3997438,0.9336861,0.11649678,0.11649678,1.0,4.089242e-06,3.510176e-05,-25.192785,2.0541503,0.6847168,0.15200001,0.0,0.12726662,9.925132,9.935132,3510400
hardzero_plus_depr__c0p54__z1p10__lam0p010__nu0p50__psi0p75,hardzero_plus_depr,0.06,40,1097,0.0,3,0.3997438,0.3997472,1.0127646,0.09710362,0.09710362,1.0,3.3830372e-06,3.4839457e-05,-27.052883,2.2281265,0.74270886,0.112,0.0,0.11872284,9.935132,9.945132,3513600
hardzero_plus_depr__c0p54__z1p10__lam0p010__nu0p50__psi0p75,hardzero_plus_depr,0.06,40,1098,0.0,3,0.3997472,0.3997503,1.0474832,0.089643076,0.089643076,1.0,3.0997812e-06,3.457915e-05,-28.239622,2.3045092,0.76816976,0.16000001,0.0,0.17400844,9.945132,9.9551325,3516800
hardzero_plus_depr__c0p54__z1p10__lam0p010__nu0p50__psi0p75,hardzero_plus_depr,0.06,40,1099,0.0,3,0.3997503,0.3997542,0.9449555,0.11351269,0.11351269,1.0,3.895841e-06,3.4320754e-05,-26.045935,2.0789437,0.69298124,0.16000001,0.0,0.1656534,9.9551325,9.965133,3520000
hardzero_plus_depr__c0p54__z1p10__lam0p010__nu0p50__psi0p75,hardzero_plus_depr,0.06,40,1100,0.0,3,0.3997542,0.3997574,1.0291085,0.093517184,0.093517184,1.0,3.1855993e-06,3.406432e-05,-27.518482,2.2640839,0.75469464,0.16000001,0.0,0.14109099,9.965133,9.975133,3523200
hardzero_plus_depr__c0p54__z1p10__lam0p010__nu0p50__psi0p75,hardzero_plus_depr,0.06,40,1101,0.0,3,0.3997574,0.39976126,0.9423192,0.11420385,0.11420385,1.0,3.8612066e-06,3.3809774e-05,-26.624298,2.0731437,0.6910479,0.224,0.0,0.15202396,9.975133,9.985133,3526400
hardzero_plus_depr__c0p54__z1p10__lam0p010__nu0p50__psi0p75,hardzero_plus_depr,0.06,40,1102,0.0,3,0.39976126,0.39976457,1.0057484,0.09868511,0.09868511,1.0,3.3115916e-06,3.3557157e-05,-27.318157,2.2126906,0.73756355,0.17600001,0.0,0.15732542,9.985133,9.995133,3529600
hardzero_plus_depr__c0p54__z1p10__lam0p010__nu0p50__psi0p75,hardzero_plus_depr,0.06,40,1103,0.0,3,0.39976457,0.39976794,0.9961733,0.10088501,0.10088501,1.0,3.360116e-06,3.3306394e-05,-25.882341,2.191625,0.7305417,0.18400002,0.0,0.117158026,9.995133,10.005134,3532800
hardzero_plus_depr__c0p54__z1p10__lam0p010__nu0p50__psi0p75,hardzero_plus_depr,0.06,40,1104,0.0,3,0.39976794,0.39977115,1.0124623,0.09717125,0.09717125,1.0,3.2122432e-06,3.305755e-05,-27.416626,2.2274613,0.74248713,0.23200001,0.0,0.14804919,10.005134,10.015134,3536000
hardzero_plus_depr__c0p54__z1p10__lam0p010__nu0p50__psi0p75,hardzero_plus_depr,0.06,40,1105,0.0,3,0.39977115,0.3997743,1.0155276,0.09648778,0.09648778,1.0,3.1658144e-06,3.281052e-05,-26.861956,2.2342052,0.7447351,0.14999999,0.0,0.13022313,10.015134,10.025134,3539200
hardzero_plus_depr__c0p54__z1p10__lam0p010__nu0p50__psi0p75,hardzero_plus_depr,0.06,40,1106,0.0,3,0.3997743,0.3997775,1.0097812,0.09777294,0.09777294,1.0,3.184012e-06,3.256537e-05,-27.022266,2.221563,0.7405211,0.16800001,0.0,0.1444171,10.025134,10.035134,3542400
hardzero_plus_depr__c0p54__z1p10__lam0p010__nu0p50__psi0p75,hardzero_plus_depr,0.06,40,1107,0.0,3,0.3997775,0.3997809,0.97759503,0.10529431,0.10529431,1.0,3.4033255e-06,3.2322027e-05,-26.55329,2.150752,0.7169174,0.23200001,0.008,0.15149951,10.035134,10.045135,3545600
hardzero_plus_depr__c0p54__z1p10__lam0p010__nu0p50__psi0p75,hardzero_plus_depr,0.06,40,1108,0.0,3,0.3997809,0.39978403,1.0127448,0.097108044,0.097108044,1.0,3.1152772e-06,3.2080527e-05,-27.761507,2.228083,0.7426943,0.128,0.0,0.15658374,10.045135,10.055135,3548800
hardzero_plus_depr__c0p54__z1p10__lam0p010__nu0p50__psi0p75,hardzero_plus_depr,0.06,40,1109,0.0,3,0.39978403,0.3997872,1.0039911,0.09908522,0.09908522,1.0,3.1549528e-06,3.1840802e-05,-26.989271,2.2088246,0.7362749,0.120000005,0.0,0.14081658,10.055135,10.065135,3552000
hardzero_plus_depr__c0p54__z1p10__lam0p010__nu0p50__psi0p75,hardzero_plus_depr,0.06,40,1110,0.0,3,0.3997872,0.39979026,1.0121073,0.09725069,0.09725069,1.0,3.0734036e-06,3.1602896e-05,-27.974257,2.2266805,0.74222684,0.208,0.0,0.16110772,10.065135,10.075135,3555200
hardzero_plus_depr__c0p54__z1p10__lam0p010__nu0p50__psi0p75,hardzero_plus_depr,0.06,40,1111,0.0,3,0.39979026,0.39979327,1.0195684,0.0955942,0.0955942,1.0,2.9984787e-06,3.1366744e-05,-27.098501,2.2430954,0.7476985,0.14400001,0.0,0.14162685,10.075135,10.085135,3558400
hardzero_plus_depr__c0p54__z1p10__lam0p010__nu0p50__psi0p75,hardzero_plus_depr,0.06,40,1112,0.0,3,0.39979327,0.3997963,1.0098379,0.09776019,0.09776019,1.0,3.0435076e-06,3.1132382e-05,-27.42209,2.2216876,0.74056256,0.18400002,0.0,0.1252373,10.085135,10.095136,3561600
hardzero_plus_depr__c0p54__z1p10__lam0p010__nu0p50__psi0p75,hardzero_plus_depr,0.06,40,1113,0.0,3,0.3997963,0.39980006,0.91511405,0.12158667,0.12158667,1.0,3.7569966e-06,3.089974e-05,-25.274998,2.0132911,0.67109704,0.208,0.0,0.12860718,10.095136,10.105136,3564800
hardzero_plus_depr__c0p54__z1p10__lam0p010__nu0p50__psi0p75,hardzero_plus_depr,0.06,40,1114,0.0,3,0.39980006,0.39980343,0.9609879,0.109398685,0.109398685,1.0,3.3551341e-06,3.066887e-05,-26.403818,2.1142156,0.70473856,0.18400002,0.0,0.13304602,10.105136,10.115136,3568000
hardzero_plus_depr__c0p54__z1p10__lam0p010__nu0p50__psi0p75,hardzero_plus_depr,0.06,40,1115,0.0,3,0.39980343,0.39980665,0.97578734,0.105733514,0.105733514,1.0,3.2184957e-06,3.0439694e-05,-26.229223,2.146775,0.71559167,0.24000001,0.0,0.17233597,10.115136,10.125136,3571200
hardzero_plus_depr__c0p54__z1p10__lam0p010__nu0p50__psi0p75,hardzero_plus_depr,0.06,40,1116,0.0,3,0.39980665,0.39980978,0.9858573,0.10331007,0.10331007,1.0,3.1212305e-06,3.0212259e-05,-26.696672,2.1689293,0.72297645,0.18400002,0.0,0.16353585,10.125136,10.135137,3574400
hardzero_plus_depr__c0p54__z1p10__lam0p010__nu0p50__psi0p75,hardzero_plus_depr,0.06,40,1117,0.0,3,0.39980978,0.39981267,1.0164812,0.09627617,0.09627617,1.0,2.886985e-06,2.9986495e-05,-27.901722,2.2363033,0.74543446,0.08800001,0.0,0.13996765,10.135137,10.145137,3577600
hardzero_plus_depr__c0p54__z1p10__lam0p010__nu0p50__psi0p75,hardzero_plus_depr,0.06,40,1118,0.0,3,0.39981267,0.39981562,1.0023409,0.099462435,0.099462435,1.0,2.9602454e-06,2.9762447e-05,-26.84683,2.205194,0.7350647,0.14,0.0,0.14680772,10.145137,10.155137,3580800
hardzero_plus_depr__c0p54__z1p10__lam0p010__nu0p50__psi0p75,hardzero_plus_depr,0.06,40,1119,0.0,3,0.39981562,0.3998186,0.99584717,0.100960806,0.100960806,1.0,2.982387e-06,2.9540048e-05,-26.512339,2.1909075,0.7303025,0.15200001,0.0,0.14190997,10.155137,10.165137,3584000
hardzero_plus_depr__c0p54__z1p10__lam0p010__nu0p50__psi0p75,hardzero_plus_depr,0.06,40,1120,0.0,3,0.3998186,0.39982116,1.0601007,0.08707616,0.08707616,1.0,2.5530148e-06,2.9319332e-05,-28.04418,2.332268,0.77742267,0.096,0.0,0.16263683,10.165137,10.1751375,3587200
hardzero_plus_depr__c0p54__z1p10__lam0p010__nu0p50__psi0p75,hardzero_plus_depr,0.06,40,1121,0.0,3,0.39982116,0.39982414,0.98963886,0.102414414,0.102414414,1.0,2.980284e-06,2.910024e-05,-26.534708,2.177249,0.7257497,0.2,0.0,0.14417014,10.1751375,10.185138,3590400
hardzero_plus_depr__c0p54__z1p10__lam0p010__nu0p50__psi0p75,hardzero_plus_depr,0.06,40,1122,0.0,3,0.39982414,0.39982718,0.9795881,0.10481221,0.10481221,1.0,3.0272718e-06,2.8882814e-05,-27.13863,2.1551368,0.71837896,0.16800001,0.0,0.14117248,10.185138,10.195138,3593600
hardzero_plus_depr__c0p54__z1p10__lam0p010__nu0p50__psi0p75,hardzero_plus_depr,0.06,40,1123,0.0,3,0.39982718,0.39983037,0.9533516,0.11133927,0.11133927,1.0,3.1917614e-06,2.8666986e-05,-25.90554,2.0974154,0.6991385,0.16000001,0.0,0.13821411,10.195138,10.205138,3596800
hardzero_plus_depr__c0p54__z1p10__lam0p010__nu0p50__psi0p75,hardzero_plus_depr,0.06,40,1124,0.0,3,0.39983037,0.39983338,0.97639465,0.10558575,0.10558575,1.0,3.0042097e-06,2.8452796e-05,-26.802391,2.148111,0.71603703,0.18400002,0.0,0.11987702,10.205138,10.215138,3600000
hardzero_plus_depr__c0p54__z1p10__lam0p010__nu0p50__psi0p75,hardzero_plus_depr,0.06,40,1125,0.0,3,0.39983338,0.39983594,1.0418512,0.09081317,0.09081317,1.0,2.5645804e-06,2.8240182e-05,-27.809046,2.2921183,0.76403946,0.128,0.0,0.15515842,10.215138,10.225139,3603200
hardzero_plus_depr__c0p54__z1p10__lam0p010__nu0p50__psi0p75,hardzero_plus_depr,0.06,40,1126,0.0,3,0.39983594,0.39983863,1.0203778,0.095416225,0.095416225,1.0,2.6744385e-06,2.8029179e-05,-26.416582,2.244876,0.74829197,0.096,0.0,0.120809555,10.225139,10.235139,3606400
hardzero_plus_depr__c0p54__z1p10__lam0p010__nu0p50__psi0p75,hardzero_plus_depr,0.06,40,1127,0.0,3,0.39983863,0.39984143,0.9965935,0.10078745,0.10078745,1.0,2.8038794e-06,2.7819728e-05,-26.688549,2.1925495,0.73084986,0.192,0.0,0.109527834,10.235139,10.245139,3609600
hardzero_plus_depr__c0p54__z1p10__lam0p010__nu0p50__psi0p75,hardzero_plus_depr,0.06,40,1128,0.0,3,0.39984143,0.39984423,0.99471164,0.10122514,0.10122514,1.0,2.7950155e-06,2.7611872e-05,-26.090696,2.1884093,0.7294698,0.2,0.0,0.17822805,10.245139,10.255139,3612800
hardzero_plus_depr__c0p54__z1p10__lam0p010__nu0p50__psi0p75,hardzero_plus_depr,0.06,40,1129,0.0,3,0.39984423,0.39984694,1.0052147,0.098806456,0.098806456,1.0,2.707844e-06,2.7405536e-05,-28.216396,2.2115164,0.7371721,0.16000001,0.0,0.1360758,10.255139,10.26514,3616000
hardzero_plus_depr__c0p54__z1p10__lam0p010__nu0p50__psi0p75,hardzero_plus_depr,0.06,40,1130,0.0,3,0.39984694,0.3998496,1.0101194,0.09769685,0.09769685,1.0,2.6574296e-06,2.7200771e-05,-27.06538,2.2223072,0.7407691,0.15200001,0.0,0.13904338,10.26514,10.27514,3619200
hardzero_plus_depr__c0p54__z1p10__lam0p010__nu0p50__psi0p75,hardzero_plus_depr,0.06,40,1131,0.0,3,0.3998496,0.39985254,0.9614509,0.109282136,0.109282136,1.0,2.9503458e-06,2.6997512e-05,-26.04167,2.1152341,0.70507807,0.17,0.0,0.13048334,10.27514,10.28514,3622400
hardzero_plus_depr__c0p54__z1p10__lam0p010__nu0p50__psi0p75,hardzero_plus_depr,0.06,40,1132,0.0,3,0.39985254,0.39985538,0.9766584,0.10552164,0.10552164,1.0,2.8275365e-06,2.6795797e-05,-27.767174,2.1486914,0.7162305,0.16800001,0.0,0.14512709,10.28514,10.29514,3625600
hardzero_plus_depr__c0p54__z1p10__lam0p010__nu0p50__psi0p75,hardzero_plus_depr,0.06,40,1133,0.0,3,0.39985538,0.399858,1.0044683,0.0989764,0.0989764,1.0,2.6323332e-06,2.6595564e-05,-27.125834,2.2098744,0.73662484,0.16800001,0.0,0.132845,10.29514,10.3051405,3628800
hardzero_plus_depr__c0p54__z1p10__lam0p010__nu0p50__psi0p75,hardzero_plus_depr,0.06,40,1134,0.0,3,0.399858,0.39986092,0.95646715,0.1105434,0.1105434,1.0,2.9179976e-06,2.639685e-05,-25.590977,2.1042697,0.7014233,0.112,0.0,0.13669592,10.3051405,10.315141,3632000
hardzero_plus_depr__c0p54__z1p10__lam0p010__nu0p50__psi0p75,hardzero_plus_depr,0.06,40,1135,0.0,3,0.39986092,0.39986366,0.9780145,0.10519267,0.10519267,1.0,2.7560059e-06,2.61996e-05,-26.235489,2.151675,0.717225,0.16000001,0.0,0.120366774,10.315141,10.325141,3635200
hardzero_plus_depr__c0p54__z1p10__lam0p010__nu0p50__psi0p75,hardzero_plus_depr,0.06,40,1136,0.0,3,0.39986366,0.39986622,1.0065143,0.098511204,0.098511204,1.0,2.5616698e-06,2.6003841e-05,-27.326534,2.2143757,0.73812526,0.208,0.0,0.13982256,10.325141,10.335141,3638400
hardzero_plus_depr__c0p54__z1p10__lam0p010__nu0p50__psi0p75,hardzero_plus_depr,0.06,40,1137,0.0,3,0.39986622,0.399869,0.97041327,0.10705001,0.10705001,1.0,2.76291e-06,2.5809526e-05,-25.95078,2.1349518,0.7116506,0.224,0.0,0.1530573,10.335141,10.345141,3641600
hardzero_plus_depr__c0p54__z1p10__lam0p010__nu0p50__psi0p75,hardzero_plus_depr,0.06,40,1138,0.0,3,0.399869,0.39987174,0.9721589,0.10662059,0.10662059,1.0,2.7312662e-06,2.5616688e-05,-26.529512,2.1387923,0.7129308,0.14400001,0.0,0.14743787,10.345141,10.355142,3644800
hardzero_plus_depr__c0p54__z1p10__lam0p010__nu0p50__psi0p75,hardzero_plus_depr,0.06,40,1139,0.0,3,0.39987174,0.39987418,1.0193647,0.095639065,0.095639065,1.0,2.4316485e-06,2.5425265e-05,-27.413391,2.2426472,0.74754906,0.128,0.0,0.15176134,10.355142,10.365142,3648000
hardzero_plus_depr__c0p54__z1p10__lam0p010__nu0p50__psi0p75,hardzero_plus_depr,0.06,40,1140,0.0,3,0.39987418,0.39987648,1.0435617,0.09045618,0.09045618,1.0,2.2826885e-06,2.5235297e-05,-27.858234,2.2958815,0.76529384,0.128,0.0,0.13758177,10.365142,10.375142,3651200
hardzero_plus_depr__c0p54__z1p10__lam0p010__nu0p50__psi0p75,hardzero_plus_depr,0.06,40,1141,0.0,3,0.39987648,0.39987934,0.94355476,0.11387943,0.11387943,1.0,2.8523066e-06,2.5046724e-05,-25.898352,2.075862,0.691954,0.16800001,0.0,0.13741846,10.375142,10.385142,3654400
hardzero_plus_depr__c0p54__z1p10__lam0p010__nu0p50__psi0p75,hardzero_plus_depr,0.06,40,1142,0.0,3,0.39987934,0.399882,0.9716917,0.10673534,0.10673534,1.0,2.6533962e-06,2.4859584e-05,-26.756296,2.1377645,0.7125882,0.15200001,0.0,0.14784054,10.385142,10.395143,3657600
hardzero_plus_depr__c0p54__z1p10__lam0p010__nu0p50__psi0p75,hardzero_plus_depr,0.06,40,1143,0.0,3,0.399882,0.39988413,1.0628037,0.08653589,0.08653589,1.0,2.1351707e-06,2.4673816e-05,-28.54179,2.3382149,0.779405,0.128,0.0,0.14506897,10.395143,10.405143,3660800
hardzero_plus_depr__c0p54__z1p10__lam0p010__nu0p50__psi0p75,hardzero_plus_depr,0.06,40,1144,0.0,3,0.39988413,0.3998865,1.0148678,0.0966345,0.0966345,1.0,2.3665268e-06,2.4489462e-05,-27.672407,2.2327538,0.74425125,0.17,0.0,0.15262912,10.405143,10.415143,3664000
hardzero_plus_depr__c0p54__z1p10__lam0p010__nu0p50__psi0p75,hardzero_plus_depr,0.06,40,1145,0.0,3,0.3998865,0.39988896,0.99208945,0.10183816,0.10183816,1.0,2.4753256e-06,2.4306464e-05,-27.104206,2.1826403,0.7275468,0.17600001,0.0,0.13543147,10.415143,10.425143,3667200
hardzero_plus_depr__c0p54__z1p10__lam0p010__nu0p50__psi0p75,hardzero_plus_depr,0.06,40,1146,0.0,3,0.39988896,0.39989138,0.9976024,0.10055359,0.10055359,1.0,2.4258406e-06,2.4124854e-05,-26.48662,2.1947691,0.73158973,0.128,0.0,0.14050446,10.425143,10.435143,3670400
hardzero_plus_depr__c0p54__z1p10__lam0p010__nu0p50__psi0p75,hardzero_plus_depr,0.06,40,1147,0.0,3,0.39989138,0.39989418,0.9326382,0.11677821,0.11677821,1.0,2.7962049e-06,2.3944578e-05,-25.895525,2.051845,0.6839484,0.16800001,0.0,0.15376976,10.435143,10.445144,3673600
hardzero_plus_depr__c0p54__z1p10__lam0p010__nu0p50__psi0p75,hardzero_plus_depr,0.06,40,1148,0.0,3,0.39989418,0.39989647,1.0148706,0.09663386,0.09663386,1.0,2.2965687e-06,2.3765673e-05,-27.057251,2.23276,0.74425334,0.24800001,0.0,0.13312161,10.445144,10.455144,3676800
hardzero_plus_depr__c0p54__z1p10__lam0p010__nu0p50__psi0p75,hardzero_plus_depr,0.06,40,1149,0.0,3,0.39989647,0.39989886,0.995089,0.10113721,0.10113721,1.0,2.385633e-06,2.3588083e-05,-26.7964,2.1892395,0.7297465,0.08800001,0.0,0.12800701,10.455144,10.465144,3680000
hardzero_plus_depr__c0p54__z1p10__lam0p010__nu0p50__psi0p75,hardzero_plus_depr,0.06,40,1150,0.0,3,0.39989886,0.39990118,1.005061,0.09884142,0.09884142,1.0,2.3140597e-06,2.3411842e-05,-26.885908,2.2111785,0.73705953,0.16800001,0.0,0.15328081,10.465144,10.475144,3683200
hardzero_plus_depr__c0p54__z1p10__lam0p010__nu0p50__psi0p75,hardzero_plus_depr,0.06,40,1151,0.0,3,0.39990118,0.39990336,1.0277916,0.09380119,0.09380119,1.0,2.1796484e-06,2.3236895e-05,-26.888752,2.2611866,0.75372887,0.17600001,0.0,0.14429341,10.475144,10.485145,3686400
hardzero_plus_depr__c0p54__z1p10__lam0p010__nu0p50__psi0p75,hardzero_plus_depr,0.06,40,1152,0.0,3,0.39990336,0.39990565,1.0039797,0.09908783,0.09908783,1.0,2.28529e-06,2.3063278e-05,-27.73853,2.2087994,0.7362665,0.14400001,0.0,0.1395946,10.485145,10.495145,3689600
hardzero_plus_depr__c0p54__z1p10__lam0p010__nu0p50__psi0p75,hardzero_plus_depr,0.06,40,1153,0.0,3,0.39990565,0.399908,0.9891149,0.10253807,0.10253807,1.0,2.3471923e-06,2.2890934e-05,-26.472313,2.1760962,0.7253654,0.18400002,0.0,0.13776541,10.495145,10.505145,3692800
hardzero_plus_depr__c0p54__z1p10__lam0p010__nu0p50__psi0p75,hardzero_plus_depr,0.06,40,1154,0.0,3,0.399908,0.39991012,1.0330071,0.09268146,0.09268146,1.0,2.1057135e-06,2.27199e-05,-28.095541,2.272661,0.7575537,0.15200001,0.0,0.14202435,10.505145,10.515145,3696000
hardzero_plus_depr__c0p54__z1p10__lam0p010__nu0p50__psi0p75,hardzero_plus_depr,0.06,40,1155,0.0,3,0.39991012,0.3999122,1.0339319,0.092484325,0.092484325,1.0,2.085533e-06,2.2550124e-05,-27.40694,2.2746954,0.7582318,0.136,0.0,0.15828724,10.515145,10.525146,3699200
hardzero_plus_depr__c0p54__z1p10__lam0p010__nu0p50__psi0p75,hardzero_plus_depr,0.06,40,1156,0.0,3,0.3999122,0.3999146,0.9725294,0.10652967,0.10652967,1.0,2.3843083e-06,2.2381637e-05,-26.006254,2.1396074,0.7132025,0.16800001,0.0,0.116709486,10.525146,10.535146,3702400
hardzero_plus_depr__c0p54__z1p10__lam0p010__nu0p50__psi0p75,hardzero_plus_depr,0.06,40,1157,0.0,3,0.3999146,0.3999171,0.95056564,0.11205579,0.11205579,1.0,2.489251e-06,2.221439e-05,-27.334896,2.0912862,0.6970954,0.19,0.0,0.12719925,10.535146,10.545146,3705600
hardzero_plus_depr__c0p54__z1p10__lam0p010__nu0p50__psi0p75,hardzero_plus_depr,0.06,40,1158,0.0,3,0.3999171,0.39991957,0.94769025,0.11280016,0.11280016,1.0,2.4870642e-06,2.204841e-05,-27.245201,2.0849602,0.69498676,0.2,0.0,0.16306542,10.545146,10.555146,3708800
hardzero_plus_depr__c0p54__z1p10__lam0p010__nu0p50__psi0p75,hardzero_plus_depr,0.06,40,1159,0.0,3,0.39991957,0.39992148,1.0603209,0.087032035,0.087032035,1.0,1.904579e-06,2.1883654e-05,-28.182566,2.3327525,0.7775842,0.128,0.0,0.15582365,10.555146,10.565146,3712000
hardzero_plus_depr__c0p54__z1p10__lam0p010__nu0p50__psi0p75,hardzero_plus_depr,0.06,40,1160,0.0,3,0.39992148,0.3999234,1.0471332,0.08971536,0.08971536,1.0,1.9486306e-06,2.1720145e-05,-27.905516,2.303739,0.76791304,0.096,0.0,0.14992635,10.565146,10.575147,3715200
hardzero_plus_depr__c0p54__z1p10__lam0p010__nu0p50__psi0p75,hardzero_plus_depr,0.06,40,1161,0.0,3,0.3999234,0.39992568,0.97772956,0.105261706,0.105261706,1.0,2.2692152e-06,2.1557842e-05,-26.241217,2.151048,0.717016,0.16800001,0.0,0.14980392,10.575147,10.585147,3718400
hardzero_plus_depr__c0p54__z1p10__lam0p010__nu0p50__psi0p75,hardzero_plus_depr,0.06,40,1162,0.0,3,0.39992568,0.3999278,1.0050677,0.09883989,0.09883989,1.0,2.1148542e-06,2.1396769e-05,-25.714455,2.211193,0.73706436,0.128,0.0,0.15600589,10.585147,10.595147,3721600
hardzero_plus_depr__c0p54__z1p10__lam0p010__nu0p50__psi0p75,hardzero_plus_depr,0.06,40,1163,0.0,3,0.3999278,0.3999298,1.0259444,0.09420103,0.09420103,1.0,2.0005357e-06,2.1236878e-05,-27.692537,2.2571228,0.7523743,0.18400002,0.0,0.15167928,10.595147,10.605147,3724800
hardzero_plus_depr__c0p54__z1p10__lam0p010__nu0p50__psi0p75,hardzero_plus_depr,0.06,40,1164,0.0,3,0.3999298,0.39993203,0.97537583,0.10583375,0.10583375,1.0,2.2307852e-06,2.1078204e-05,-26.241928,2.1458697,0.71528995,0.15200001,0.0,0.13449359,10.605147,10.615148,3728000
hardzero_plus_depr__c0p54__z1p10__lam0p010__nu0p50__psi0p75,hardzero_plus_depr,0.06,40,1165,0.0,3,0.39993203,0.39993408,1.0045476,0.09895832,0.09895832,1.0,2.0702769e-06,2.0920696e-05,-25.941397,2.210049,0.736683,0.14400001,0.0,0.13711727,10.615148,10.625148,3731200
hardzero_plus_depr__c0p54__z1p10__lam0p010__nu0p50__psi0p75,hardzero_plus_depr,0.06,40,1166,0.0,3,0.39993408,0.39993635,0.960025,0.10964149,0.10964149,1.0,2.276638e-06,2.0764384e-05,-26.462166,2.1120973,0.7040324,0.256,0.0,0.14209294,10.625148,10.635148,3734400
hardzero_plus_depr__c0p54__z1p10__lam0p010__nu0p50__psi0p75,hardzero_plus_depr,0.06,40,1167,0.0,3,0.39993635,0.39993826,1.0320318,0.09288983,0.09288983,1.0,1.914387e-06,2.060922e-05,-27.260998,2.2705152,0.75683844,0.120000005,0.0,0.13346894,10.635148,10.645148,3737600
hardzero_plus_depr__c0p54__z1p10__lam0p010__nu0p50__psi0p75,hardzero_plus_depr,0.06,40,1168,0.0,3,0.39993826,0.39994028,1.0036961,0.09915255,0.09915255,1.0,2.0281886e-06,2.0455234e-05,-27.012486,2.2081754,0.7360585,0.208,0.0,0.1450118,10.645148,10.6551485,3740800
hardzero_plus_depr__c0p54__z1p10__lam0p010__nu0p50__psi0p75,hardzero_plus_depr,0.06,40,1169,0.0,3,0.39994028,0.39994228,1.0044309,0.09898494,0.09898494,1.0,2.00963e-06,2.0302381e-05,-27.572466,2.2097921,0.7365974,0.18400002,0.0,0.15690337,10.6551485,10.665149,3744000
hardzero_plus_depr__c0p54__z1p10__lam0p010__nu0p50__psi0p75,hardzero_plus_depr,0.06,40,1170,0.0,3,0.39994228,0.3999445,0.95687634,0.11043929,0.11043929,1.0,2.225428e-06,2.015069e-05,-25.587288,2.10517,0.70172334,0.14,0.0,0.12273518,10.665149,10.675149,3747200
hardzero_plus_depr__c0p54__z1p10__lam0p010__nu0p50__psi0p75,hardzero_plus_depr,0.06,40,1171,0.0,3,0.3999445,0.39994678,0.94541353,0.11339305,0.11339305,1.0,2.2678737e-06,2.0000112e-05,-26.941315,2.0799513,0.6933171,0.216,0.0,0.14905564,10.675149,10.685149,3750400
hardzero_plus_depr__c0p54__z1p10__lam0p010__nu0p50__psi0p75,hardzero_plus_depr,0.06,40,1172,0.0,3,0.39994678,0.39994878,0.99452025,0.10126975,0.10126975,1.0,2.0102732e-06,1.9850677e-05,-26.709583,2.1879883,0.72932947,0.24800001,0.0,0.14628296,10.685149,10.695149,3753600
hardzero_plus_depr__c0p54__z1p10__lam0p010__nu0p50__psi0p75,hardzero_plus_depr,0.06,40,1173,0.0,3,0.39994878,0.39995074,1.0018173,0.09958242,0.09958242,1.0,1.9620068e-06,1.9702342e-05,-26.892649,2.2040422,0.7346808,0.192,0.0,0.1575667,10.695149,10.70515,3756800
hardzero_plus_depr__c0p54__z1p10__lam0p010__nu0p50__psi0p75,hardzero_plus_depr,0.06,40,1174,0.0,3,0.39995074,0.3999527,0.99579006,0.100974075,0.100974075,1.0,1.9745614e-06,1.9555133e-05,-26.869747,2.1907818,0.7302606,0.16800001,0.0,0.14920932,10.70515,10.71515,3760000
hardzero_plus_depr__c0p54__z1p10__lam0p010__nu0p50__psi0p75,hardzero_plus_depr,0.06,40,1175,0.0,3,0.3999527,0.39995444,1.0468156,0.089780994,0.089780994,1.0,1.7425599e-06,1.9409006e-05,-27.722965,2.3030403,0.7676801,0.16800001,0.0,0.18414688,10.71515,10.72515,3763200
hardzero_plus_depr__c0p54__z1p10__lam0p010__nu0p50__psi0p75,hardzero_plus_depr,0.06,40,1176,0.0,3,0.39995444,0.3999561,1.0622487,0.08664655,0.08664655,1.0,1.669158e-06,1.9263987e-05,-27.570566,2.3369937,0.7789979,0.14400001,0.0,0.14684202,10.72515,10.73515,3766400
hardzero_plus_depr__c0p54__z1p10__lam0p010__nu0p50__psi0p75,hardzero_plus_depr,0.06,40,1177,0.0,3,0.3999561,0.39995784,1.0455246,0.090048276,0.090048276,1.0,1.7217264e-06,1.9120038e-05,-27.119154,2.3002,0.76673335,0.17600001,0.0,0.13300513,10.73515,10.745151,3769600
hardzero_plus_depr__c0p54__z1p10__lam0p010__nu0p50__psi0p75,hardzero_plus_depr,0.06,40,1178,0.0,3,0.39995784,0.39995983,0.9811524,0.10443536,0.10443536,1.0,1.9818885e-06,1.8977178e-05,-26.685122,2.1585784,0.7195262,0.16800001,0.0,0.12818177,10.745151,10.755151,3772800
hardzero_plus_depr__c0p54__z1p10__lam0p010__nu0p50__psi0p75,hardzero_plus_depr,0.06,40,1179,0.0,3,0.39995983,0.39996162,1.0259477,0.0942003,0.0942003,1.0,1.7742974e-06,1.883537e-05,-26.841528,2.25713,0.7523767,0.18400002,0.0,0.13754469,10.755151,10.765151,3776000
hardzero_plus_depr__c0p54__z1p10__lam0p010__nu0p50__psi0p75,hardzero_plus_depr,0.06,40,1180,0.0,3,0.39996162,0.39996356,0.9874019,0.102943294,0.102943294,1.0,1.9244876e-06,1.8694638e-05,-27.08967,2.1723275,0.7241092,0.216,0.0,0.14492692,10.765151,10.775151,3779200
hardzero_plus_depr__c0p54__z1p10__lam0p010__nu0p50__psi0p75,hardzero_plus_depr,0.06,40,1181,0.0,3,0.39996356,0.39996567,0.9427523,0.11409005,0.11409005,1.0,2.1169342e-06,1.8554942e-05,-26.135618,2.0740964,0.6913655,0.096,0.0,0.1052735,10.775151,10.7851515,3782400
hardzero_plus_depr__c0p54__z1p10__lam0p010__nu0p50__psi0p75,hardzero_plus_depr,0.06,40,1182,0.0,3,0.39996567,0.39996737,1.0346323,0.09233528,0.09233528,1.0,1.7004749e-06,1.8416307e-05,-27.165825,2.2762365,0.75874555,0.16800001,0.0,0.14421372,10.7851515,10.795152,3785600
hardzero_plus_depr__c0p54__z1p10__lam0p010__nu0p50__psi0p75,hardzero_plus_depr,0.06,40,1183,0.0,3,0.39996737,0.39996922,0.99835134,0.10038033,0.10038033,1.0,1.8348205e-06,1.8278686e-05,-27.626587,2.1964169,0.732139,0.14999999,0.0,0.17600511,10.795152,10.805152,3788800
hardzero_plus_depr__c0p54__z1p10__lam0p010__nu0p50__psi0p75,hardzero_plus_depr,0.06,40,1184,0.0,3,0.39996922,0.39997116,0.9684855,0.10752625,0.10752625,1.0,1.9507538e-06,1.8142116e-05,-25.675987,2.1307106,0.7102369,0.18400002,0.0,0.13147819,10.805152,10.815152,3792000
hardzero_plus_depr__c0p54__z1p10__lam0p010__nu0p50__psi0p75,hardzero_plus_depr,0.06,40,1185,0.0,3,0.39997116,0.39997298,0.9932958,0.10155569,0.10155569,1.0,1.8286673e-06,1.8006547e-05,-27.26457,2.1852944,0.72843146,0.16000001,0.0,0.13567309,10.815152,10.825152,3795200
hardzero_plus_depr__c0p54__z1p10__lam0p010__nu0p50__psi0p75,hardzero_plus_depr,0.06,40,1186,0.0,3,0.39997298,0.39997485,0.97705865,0.10542445,0.10542445,1.0,1.8841467e-06,1.787201e-05,-26.702175,2.149572,0.716524,0.192,0.0,0.14664826,10.825152,10.835153,3798400
hardzero_plus_depr__c0p54__z1p10__lam0p010__nu0p50__psi0p75,hardzero_plus_depr,0.06,40,1187,0.0,3,0.39997485,0.39997643,1.054149,0.0882777,0.0882777,1.0,1.5659103e-06,1.7738459e-05,-27.087236,2.3191743,0.7730581,0.112,0.0,0.15567358,10.835153,10.845153,3801600
hardzero_plus_depr__c0p54__z1p10__lam0p010__nu0p50__psi0p75,hardzero_plus_depr,0.06,40,1188,0.0,3,0.39997643,0.39997804,1.0389231,0.0914275,0.0914275,1.0,1.6096656e-06,1.7605924e-05,-27.664562,2.2856765,0.7618922,0.136,0.0,0.12778562,10.845153,10.855153,3804800
hardzero_plus_depr__c0p54__z1p10__lam0p010__nu0p50__psi0p75,hardzero_plus_depr,0.06,40,1189,0.0,3,0.39997804,0.39997977,1.0040865,0.09906347,0.09906347,1.0,1.7310709e-06,1.7474362e-05,-26.816275,2.2090344,0.7363448,0.15200001,0.0,0.1564111,10.855153,10.865153,3808000
hardzero_plus_depr__c0p54__z1p10__lam0p010__nu0p50__psi0p75,hardzero_plus_depr,0.06,40,1190,0.0,3,0.39997977,0.39998147,1.0067093,0.09846699,0.09846699,1.0,1.7077919e-06,1.73438e-05,-27.729889,2.214805,0.7382683,0.120000005,0.0,0.15984657,10.865153,10.875154,3811200
hardzero_plus_depr__c0p54__z1p10__lam0p010__nu0p50__psi0p75,hardzero_plus_depr,0.06,40,1191,0.0,3,0.39998147,0.39998308,1.0267786,0.09402024,0.09402024,1.0,1.6184828e-06,1.7214195e-05,-26.600386,2.258958,0.7529861,0.14400001,0.0,0.12747416,10.875154,10.885154,3814400
hardzero_plus_depr__c0p54__z1p10__lam0p010__nu0p50__psi0p75,hardzero_plus_depr,0.06,40,1192,0.0,3,0.39998308,0.39998487,0.9768072,0.1054855,0.1054855,1.0,1.8022807e-06,1.7085578e-05,-27.254267,2.1490188,0.7163396,0.128,0.0,0.13236628,10.885154,10.895154,3817600
hardzero_plus_depr__c0p54__z1p10__lam0p010__nu0p50__psi0p75,hardzero_plus_depr,0.06,40,1193,0.0,3,0.39998487,0.3999867,0.96299034,0.108895436,0.108895436,1.0,1.8466385e-06,1.6957905e-05,-25.944422,2.118621,0.70620704,0.2,0.0,0.1320193,10.895154,10.905154,3820800
hardzero_plus_depr__c0p54__z1p10__lam0p010__nu0p50__psi0p75,hardzero_plus_depr,0.06,40,1194,0.0,3,0.3999867,0.39998838,1.00353,0.09919047,0.09919047,1.0,1.6694948e-06,1.6831202e-05,-27.196238,2.2078102,0.73593676,0.16800001,0.0,0.14359736,10.905154,10.915154,3824000
hardzero_plus_depr__c0p54__z1p10__lam0p010__nu0p50__psi0p75,hardzero_plus_depr,0.06,40,1195,0.0,3,0.39998838,0.39999002,1.0071982,0.09835622,0.09835622,1.0,1.6430827e-06,1.6705428e-05,-27.028252,2.2158804,0.73862684,0.136,0.0,0.14129832,10.915154,10.925155,3827200
hardzero_plus_depr__c0p54__z1p10__lam0p010__nu0p50__psi0p75,hardzero_plus_depr,0.06,40,1196,0.0,3,0.39999002,0.39999184,0.9572913,0.11033383,0.11033383,1.0,1.8294022e-06,1.658061e-05,-25.600363,2.106083,0.7020277,0.099999994,0.0,0.11193792,10.925155,10.935155,3830400
hardzero_plus_depr__c0p54__z1p10__lam0p010__nu0p50__psi0p75,hardzero_plus_depr,0.06,40,1197,0.0,3,0.39999184,0.39999342,1.0154969,0.09649462,0.09649462,1.0,1.5879842e-06,1.6456712e-05,-27.235292,2.2341378,0.7447126,0.136,0.0,0.15695122,10.935155,10.945155,3833600
hardzero_plus_depr__c0p54__z1p10__lam0p010__nu0p50__psi0p75,hardzero_plus_depr,0.06,40,1198,0.0,3,0.39999342,0.3999951,0.98893934,0.10257952,0.10257952,1.0,1.6755085e-06,1.6333754e-05,-26.055649,2.17571,0.72523665,0.2,0.0,0.14316213,10.945155,10.955155,3836800
hardzero_plus_depr__c0p54__z1p10__lam0p010__nu0p50__psi0p75,hardzero_plus_depr,0.06,40,1199,0.0,3,0.3999951,0.39999658,1.0351421,0.09222696,0.09222696,1.0,1.4951556e-06,1.6211698e-05,-27.86204,2.277358,0.7591194,0.15200001,0.0,0.15700696,10.955155,10.965156,3840000
hardzero_plus_depr__c0p54__z1p10__lam0p010__nu0p50__psi0p75,hardzero_plus_depr,0.06,40,1200,0.0,3,0.39999658,0.39999798,1.0589981,0.0872975,0.0872975,1.0,1.4046665e-06,1.609057e-05,-27.86828,2.3298423,0.7766141,0.128,0.0,0.15127976,10.965156,10.975156,3843200
hardzero_plus_depr__c0p54__z1p10__lam0p010__nu0p50__psi0p75,hardzero_plus_depr,0.06,40,1201,0.0,3,0.39999798,0.3999994,1.0456619,0.090019815,0.090019815,1.0,1.4376462e-06,1.597033e-05,-28.569212,2.300502,0.766834,0.120000005,0.0,0.15010962,10.975156,10.985156,3846400
hardzero_plus_depr__c0p54__z1p10__lam0p010__nu0p50__psi0p75,hardzero_plus_depr,0.06,40,1202,0.0,3,0.3999994,0.40000084,1.0445232,0.09025613,0.09025613,1.0,1.4306507e-06,1.5851008e-05,-26.962034,2.297997,0.765999,0.17600001,0.0,0.14379232,10.985156,10.995156,3849600
hardzero_plus_depr__c0p54__z1p10__lam0p010__nu0p50__psi0p75,hardzero_plus_depr,0.06,40,1203,0.0,3,0.40000084,0.40000233,1.0272785,0.09391208,0.09391208,1.0,1.4774772e-06,1.5732558e-05,-27.74114,2.260058,0.75335264,0.16000001,0.0,0.13950478,10.995156,11.0051565,3852800
hardzero_plus_depr__c0p54__z1p10__lam0p010__nu0p50__psi0p75,hardzero_plus_depr,0.06,40,1204,0.0,3,0.40000233,0.4000039,0.9926849,0.10169862,0.10169862,1.0,1.588025e-06,1.561501e-05,-26.558138,2.1839504,0.7279835,0.128,0.0,0.123851426,11.0051565,11.015157,3856000
hardzero_plus_depr__c0p54__z1p10__lam0p010__nu0p50__psi0p75,hardzero_plus_depr,0.06,40,1205,0.0,3,0.4000039,0.4000056,0.961217,0.10934099,0.10934099,1.0,1.6946024e-06,1.5498326e-05,-26.865295,2.1147196,0.7049066,0.18400002,0.0,0.1236691,11.015157,11.025157,3859200
hardzero_plus_depr__c0p54__z1p10__lam0p010__nu0p50__psi0p75,hardzero_plus_depr,0.06,40,1206,0.0,3,0.4000056,0.40000704,1.0280025,0.093755655,0.093755655,1.0,1.4421989e-06,1.5382528e-05,-27.13233,2.2616506,0.75388354,0.120000005,0.0,0.14738354,11.025157,11.035157,3862400
hardzero_plus_depr__c0p54__z1p10__lam0p010__nu0p50__psi0p75,hardzero_plus_depr,0.06,40,1207,0.0,3,0.40000704,0.40000856,1.0013539,0.099688746,0.099688746,1.0,1.5220061e-06,1.5267582e-05,-27.25209,2.2030225,0.73434085,0.136,0.0,0.12451551,11.035157,11.045157,3865600
hardzero_plus_depr__c0p54__z1p10__lam0p010__nu0p50__psi0p75,hardzero_plus_depr,0.06,40,1208,0.0,3,0.40000856,0.40000996,1.0382471,0.09156992,0.09156992,1.0,1.3876054e-06,1.5153506e-05,-28.417435,2.2841892,0.7613964,0.08800001,0.0,0.16742618,11.045157,11.055158,3868800
hardzero_plus_depr__c0p54__z1p10__lam0p010__nu0p50__psi0p75,hardzero_plus_depr,0.06,40,1209,0.0,3,0.40000996,0.40001154,0.9807516,0.10453179,0.10453179,1.0,1.5721865e-06,1.5040272e-05,-26.510752,2.1576965,0.7192322,0.21,0.0,0.14556937,11.055158,11.065158,3872000
hardzero_plus_depr__c0p54__z1p10__lam0p010__nu0p50__psi0p75,hardzero_plus_depr,0.06,40,1210,0.0,3,0.40001154,0.40001294,1.0260628,0.09417533,0.09417533,1.0,1.4058395e-06,1.4927895e-05,-27.081463,2.2573833,0.75246114,0.128,0.0,0.1546879,11.065158,11.075158,3875200
hardzero_plus_depr__c0p54__z1p10__lam0p010__nu0p50__psi0p75,hardzero_plus_depr,0.06,40,1211,0.0,3,0.40001294,0.40001443,0.99674404,0.100752525,0.100752525,1.0,1.4927841e-06,1.4816344e-05,-26.122656,2.1928806,0.73096025,0.15200001,0.0,0.13612181,11.075158,11.085158,3878400
hardzero_plus_depr__c0p54__z1p10__lam0p010__nu0p50__psi0p75,hardzero_plus_depr,0.06,40,1212,0.0,3,0.40001443,0.40001577,1.0374423,0.09173978,0.09173978,1.0,1.3490925e-06,1.47056435e-05,-27.870344,2.2824187,0.76080626,0.15200001,0.0,0.14774211,11.085158,11.095159,3881600
hardzero_plus_depr__c0p54__z1p10__lam0p010__nu0p50__psi0p75,hardzero_plus_depr,0.06,40,1213,0.0,3,0.40001577,0.40001717,1.0204649,0.09539708,0.09539708,1.0,1.3923923e-06,1.4595754e-05,-26.881086,2.2450676,0.74835587,0.120000005,0.0,0.13659084,11.095159,11.105159,3884800
hardzero_plus_depr__c0p54__z1p10__lam0p010__nu0p50__psi0p75,hardzero_plus_depr,0.06,40,1214,0.0,3,0.40001717,0.4000187,0.9789295,0.10497127,0.10497127,1.0,1.5206872e-06,1.4486699e-05,-26.785463,2.153688,0.717896,0.23200001,0.0,0.13928024,11.105159,11.115159,3888000
hardzero_plus_depr__c0p54__z1p10__lam0p010__nu0p50__psi0p75,hardzero_plus_depr,0.06,40,1215,0.0,3,0.4000187,0.40002012,1.0061039,0.09860435,0.09860435,1.0,1.4177773e-06,1.43784455e-05,-26.999731,2.2134728,0.7378243,0.14400001,0.0,0.118084215,11.115159,11.125159,3891200
hardzero_plus_depr__c0p54__z1p10__lam0p010__nu0p50__psi0p75,hardzero_plus_depr,0.06,40,1216,0.0,3,0.40002012,0.40002158,0.9892019,0.102517515,0.102517515,1.0,1.463029e-06,1.4271015e-05,-26.503927,2.1762877,0.72542924,0.16000001,0.0,0.13257457,11.125159,11.1351595,3894400
hardzero_plus_depr__c0p54__z1p10__lam0p010__nu0p50__psi0p75,hardzero_plus_depr,0.06,40,1217,0.0,3,0.40002158,0.4000229,1.031597,0.09298287,0.09298287,1.0,1.3170442e-06,1.4164374e-05,-27.217129,2.2695587,0.75651956,0.15200001,0.0,0.14632908,11.1351595,11.14516,3897600
hardzero_plus_depr__c0p54__z1p10__lam0p010__nu0p50__psi0p75,hardzero_plus_depr,0.06,40,1218,0.0,3,0.4000229,0.40002435,0.9856813,0.10335195,0.10335195,1.0,1.4529779e-06,1.40585435e-05,-26.536108,2.1685421,0.7228474,0.16000001,0.0,0.14652736,11.14516,11.15516,3900800
hardzero_plus_depr__c0p54__z1p10__lam0p010__nu0p50__psi0p75,hardzero_plus_depr,0.06,40,1219,0.0,3,0.40002435,0.40002578,0.9860408,0.103266455,0.103266455,1.0,1.4409273e-06,1.39534895e-05,-26.754671,2.169333,0.72311103,0.14400001,0.0,0.12557913,11.15516,11.16516,3904000
hardzero_plus_depr__c0p54__z1p10__lam0p010__nu0p50__psi0p75,hardzero_plus_depr,0.06,40,1220,0.0,3,0.40002578,0.40002728,0.9695929,0.10725242,0.10725242,1.0,1.4853639e-06,1.3849234e-05,-25.874456,2.133147,0.711049,0.18400002,0.0,0.13509515,11.16516,11.17516,3907200
hardzero_plus_depr__c0p54__z1p10__lam0p010__nu0p50__psi0p75,hardzero_plus_depr,0.06,40,1221,0.0,3,0.40002728,0.4000285,1.0515136,0.08881502,0.08881502,1.0,1.2208286e-06,1.3745745e-05,-28.217634,2.313376,0.7711253,0.17600001,0.0,0.15226334,11.17516,11.185161,3910400
hardzero_plus_depr__c0p54__z1p10__lam0p010__nu0p50__psi0p75,hardzero_plus_depr,0.06,40,1222,0.0,3,0.4000285,0.40002993,0.9822056,0.10418239,0.10418239,1.0,1.4213647e-06,1.3643041e-05,-27.063698,2.1608956,0.7202985,0.14999999,0.0,0.149675,11.185161,11.195161,3913600
hardzero_plus_depr__c0p54__z1p10__lam0p010__nu0p50__psi0p75,hardzero_plus_depr,0.06,40,1223,0.0,3,0.40002993,0.40003115,1.0399283,0.09121614,0.09121614,1.0,1.2351661e-06,1.3541092e-05,-27.952673,2.287888,0.7626294,0.16800001,0.0,0.1617926,11.195161,11.205161,3916800
hardzero_plus_depr__c0p54__z1p10__lam0p010__nu0p50__psi0p75,hardzero_plus_depr,0.06,40,1224,0.0,3,0.40003115,0.40003258,0.9771404,0.1054046,0.1054046,1.0,1.4166292e-06,1.3439918e-05,-27.138866,2.149752,0.71658397,0.080000006,0.0,0.11468979,11.205161,11.215161,3920000
hardzero_plus_depr__c0p54__z1p10__lam0p010__nu0p50__psi0p75,hardzero_plus_depr,0.06,40,1225,0.0,3,0.40003258,0.40003395,0.9921264,0.10182949,0.10182949,1.0,1.3583532e-06,1.3339487e-05,-26.836477,2.1827216,0.7275739,0.15200001,0.0,0.13160382,11.215161,11.225162,3923200
hardzero_plus_depr__c0p54__z1p10__lam0p010__nu0p50__psi0p75,hardzero_plus_depr,0.06,40,1226,0.0,3,0.40003395,0.4000354,0.95515543,0.110877775,0.110877775,1.0,1.4680016e-06,1.3239819e-05,-25.684496,2.101384,0.7004613,0.224,0.0,0.12310317,11.225162,11.235162,3926400
hardzero_plus_depr__c0p54__z1p10__lam0p010__nu0p50__psi0p75,hardzero_plus_depr,0.06,40,1227,0.0,3,0.4000354,0.40003663,1.0295743,0.09341695,0.09341695,1.0,1.2275814e-06,1.3140884e-05,-26.981047,2.2651086,0.75503623,0.128,0.0,0.13096283,11.235162,11.245162,3929600
hardzero_plus_depr__c0p54__z1p10__lam0p010__nu0p50__psi0p75,hardzero_plus_depr,0.06,40,1228,0.0,3,0.40003663,0.40003788,1.0192275,0.095669284,0.095669284,1.0,1.2477858e-06,1.30427e-05,-26.683142,2.2423453,0.74744844,0.208,0.0,0.15013269,11.245162,11.255162,3932800
hardzero_plus_depr__c0p54__z1p10__lam0p010__nu0p50__psi0p75,hardzero_plus_depr,0.06,40,1229,0.0,3,0.40003788,0.40003926,0.9718751,0.10669029,0.10669029,1.0,1.3811311e-06,1.2945237e-05,-26.207167,2.1381679,0.71272266,0.2,0.0,0.119822495,11.255162,11.265162,3936000
hardzero_plus_depr__c0p54__z1p10__lam0p010__nu0p50__psi0p75,hardzero_plus_depr,0.06,40,1230,0.0,3,0.40003926,0.4000405,1.016247,0.09632808,0.09632808,1.0,1.2376727e-06,1.2848514e-05,-26.858393,2.235788,0.74526274,0.208,0.0,0.13144524,11.265162,11.275163,3939200
hardzero_plus_depr__c0p54__z1p10__lam0p010__nu0p50__psi0p75,hardzero_plus_depr,0.06,40,1231,0.0,3,0.4000405,0.40004167,1.0358722,0.09207204,0.09207204,1.0,1.174149e-06,1.2752504e-05,-27.02681,2.2789643,0.75965476,0.16000001,0.0,0.1280551,11.275163,11.285163,3942400
hardzero_plus_depr__c0p54__z1p10__lam0p010__nu0p50__psi0p75,hardzero_plus_depr,0.06,40,1232,0.0,3,0.40004167,0.40004295,0.99643767,0.100823626,0.100823626,1.0,1.2761469e-06,1.2657221e-05,-26.549242,2.1922066,0.73073554,0.14400001,0.0,0.16702528,11.285163,11.295163,3945600
hardzero_plus_depr__c0p54__z1p10__lam0p010__nu0p50__psi0p75,hardzero_plus_depr,0.06,40,1233,0.0,3,0.40004295,0.4000442,1.0029716,0.099318095,0.099318095,1.0,1.2476974e-06,1.2562638e-05,-27.147131,2.2065816,0.7355272,0.14400001,0.0,0.13458839,11.295163,11.305163,3948800
hardzero_plus_depr__c0p54__z1p10__lam0p010__nu0p50__psi0p75,hardzero_plus_depr,0.06,40,1234,0.0,3,0.4000442,0.40004542,1.0078206,0.098215364,0.098215364,1.0,1.2246252e-06,1.2468774e-05,-26.85946,2.2172496,0.73908323,0.18400002,0.0,0.12435602,11.305163,11.315164,3952000
hardzero_plus_depr__c0p54__z1p10__lam0p010__nu0p50__psi0p75,hardzero_plus_depr,0.06,40,1235,0.0,3,0.40004542,0.4000467,0.98465776,0.103595816,0.103595816,1.0,1.2820603e-06,1.23756e-05,-26.6244,2.1662903,0.7220968,0.17,0.0,0.15619327,11.315164,11.325164,3955200
hardzero_plus_depr__c0p54__z1p10__lam0p010__nu0p50__psi0p75,hardzero_plus_depr,0.06,40,1236,0.0,3,0.4000467,0.40004802,0.96983445,0.10719278,0.10719278,1.0,1.3166634e-06,1.2283135e-05,-26.4109,2.1336784,0.71122617,0.208,0.0,0.12757611,11.325164,11.335164,3958400
hardzero_plus_depr__c0p54__z1p10__lam0p010__nu0p50__psi0p75,hardzero_plus_depr,0.06,40,1237,0.0,3,0.40004802,0.40004924,0.9946601,0.10123716,0.10123716,1.0,1.2342175e-06,1.2191348e-05,-26.919397,2.1882958,0.729432,0.15200001,0.0,0.13738467,11.335164,11.345164,3961600
hardzero_plus_depr__c0p54__z1p10__lam0p010__nu0p50__psi0p75,hardzero_plus_depr,0.06,40,1238,0.0,3,0.40004924,0.40005037,1.0326355,0.0927608,0.0927608,1.0,1.1224297e-06,1.2100259e-05,-27.971756,2.2718434,0.7572812,0.16800001,0.0,0.16376173,11.345164,11.355165,3964800
hardzero_plus_depr__c0p54__z1p10__lam0p010__nu0p50__psi0p75,hardzero_plus_depr,0.06,40,1239,0.0,3,0.40005037,0.40005156,1.0086807,0.09802103,0.09802103,1.0,1.1772167e-06,1.2009838e-05,-27.053446,2.219142,0.739714,0.136,0.0,0.13867217,11.355165,11.365165,3968000
hardzero_plus_depr__c0p54__z1p10__lam0p010__nu0p50__psi0p75,hardzero_plus_depr,0.06,40,1240,0.0,3,0.40005156,0.40005273,1.0152973,0.09653898,0.09653898,1.0,1.1507549e-06,1.1920106e-05,-26.840973,2.2336986,0.7445662,0.16800001,0.0,0.13367261,11.365165,11.375165,3971200
hardzero_plus_depr__c0p54__z1p10__lam0p010__nu0p50__psi0p75,hardzero_plus_depr,0.06,40,1241,0.0,3,0.40005273,0.40005386,1.0240338,0.09461635,0.09461635,1.0,1.119409e-06,1.1831032e-05,-27.399736,2.2529194,0.75097317,0.104,0.0,0.13231784,11.375165,11.385165,3974400
hardzero_plus_depr__c0p54__z1p10__lam0p010__nu0p50__psi0p75,hardzero_plus_depr,0.06,40,1242,0.0,3,0.40005386,0.4000551,0.9688252,0.10744217,0.10744217,1.0,1.2616542e-06,1.1742635e-05,-26.64671,2.131458,0.71048605,0.16000001,0.0,0.157815,11.385165,11.395165,3977600
hardzero_plus_depr__c0p54__z1p10__lam0p010__nu0p50__psi0p75,hardzero_plus_depr,0.06,40,1243,0.0,3,0.4000551,0.40005627,1.0013044,0.09970011,0.09970011,1.0,1.1619934e-06,1.1654886e-05,-26.148153,2.2029138,0.7343046,0.128,0.0,0.13461095,11.395165,11.405166,3980800
hardzero_plus_depr__c0p54__z1p10__lam0p010__nu0p50__psi0p75,hardzero_plus_depr,0.06,40,1244,0.0,3,0.40005627,0.4000574,1.003831,0.09912175,0.09912175,1.0,1.146621e-06,1.1567805e-05,-27.19055,2.2084723,0.7361574,0.23200001,0.0,0.15195386,11.405166,11.415166,3984000
hardzero_plus_depr__c0p54__z1p10__lam0p010__nu0p50__psi0p75,hardzero_plus_depr,0.06,40,1245,0.0,3,0.4000574,0.4000585,1.0196112,0.09558479,0.09558479,1.0,1.0974436e-06,1.1481363e-05,-27.439669,2.2431896,0.7477299,0.14400001,0.0,0.15827276,11.415166,11.425166,3987200
hardzero_plus_depr__c0p54__z1p10__lam0p010__nu0p50__psi0p75,hardzero_plus_depr,0.06,40,1246,0.0,3,0.4000585,0.4000597,0.9794191,0.104853004,0.104853004,1.0,1.1948606e-06,1.1395578e-05,-25.951662,2.1547651,0.71825504,0.136,0.0,0.13606218,11.425166,11.435166,3990400
hardzero_plus_depr__c0p54__z1p10__lam0p010__nu0p50__psi0p75,hardzero_plus_depr,0.06,40,1247,0.0,3,0.4000597,0.40006098,0.9483099,0.112639345,0.112639345,1.0,1.2739988e-06,1.1310424e-05,-26.713282,2.0863235,0.6954412,0.16800001,0.0,0.12542439,11.435166,11.445167,3993600
hardzero_plus_depr__c0p54__z1p10__lam0p010__nu0p50__psi0p75,hardzero_plus_depr,0.06,40,1248,0.0,3,0.40006098,0.40006214,0.990423,0.10222967,0.10222967,1.0,1.1476218e-06,1.1225917e-05,-27.734732,2.1789742,0.72632474,0.21,0.0,0.13908921,11.445167,11.455167,3996800
hardzero_plus_depr__c0p54__z1p10__lam0p010__nu0p50__psi0p75,hardzero_plus_depr,0.06,40,1249,0.0,3,0.40006214,0.4000632,1.022653,0.09491765,0.09491765,1.0,1.0575753e-06,1.114203e-05,-27.697,2.2498815,0.74996054,0.104,0.0,0.16652365,11.455167,11.465167,4000000
