mechanism_tag,mechanism,alpha,seed,update,update_u,update_counter,energy_E_pre,energy_E_post,funding_z,funding_g,funding_g_raw,funding_cut_active,funding_income,funding_alpha_eff,episode_return_end_mean,terminal_min_dists_end_mean,terminal_dbar_end,terminal_occupied_end_mean,terminal_CSR_train,vartd_VarTD,depr_F,depr_F_post,env_steps
hardzero_only__c0p58__z1p00__lam0p000__nu0p50__psi0p00,hardzero_only,0.06,37,0,1.0,1,1.0,0.42000002,1.0714711,0.0,0.084825985,0.0,0.0,0.06,-28.596724,2.3572836,0.78576124,0.16,0.0,0.20661528,0.0,0.0,3200
hardzero_only__c0p58__z1p00__lam0p000__nu0p50__psi0p00,hardzero_only,0.06,37,1,0.0,1,0.42000002,0.42601752,0.9987352,0.100291654,0.100291654,1.0,0.006017499,0.06,-26.705421,2.1972613,0.73242044,0.15200001,0.0,0.17359532,0.0,0.0,6400
hardzero_only__c0p58__z1p00__lam0p000__nu0p50__psi0p00,hardzero_only,0.06,37,2,0.0,1,0.42601752,0.43203366,0.9988335,0.10026896,0.10026896,1.0,0.0060161375,0.06,-26.574064,2.1974776,0.73249257,0.18400002,0.0,0.17984374,0.0,0.0,9600
hardzero_only__c0p58__z1p00__lam0p000__nu0p50__psi0p00,hardzero_only,0.06,37,3,0.0,1,0.43203366,0.43203366,1.0589373,0.0,0.08730974,0.0,0.0,0.06,-27.474997,2.3297086,0.77656955,0.14400001,0.0,0.19179045,0.0,0.0,12800
hardzero_only__c0p58__z1p00__lam0p000__nu0p50__psi0p00,hardzero_only,0.06,37,4,0.0,1,0.43203366,0.43203366,1.0235476,0.0,0.09472232,0.0,0.0,0.06,-27.26754,2.25185,0.75061667,0.17600001,0.0,0.18431836,0.0,0.0,16000
hardzero_only__c0p58__z1p00__lam0p000__nu0p50__psi0p00,hardzero_only,0.06,37,5,0.0,1,0.43203366,0.43203366,1.0551502,0.0,0.08807443,0.0,0.0,0.06,-27.7954,2.3213766,0.7737922,0.17600001,0.0,0.19830865,0.0,0.0,19200
hardzero_only__c0p58__z1p00__lam0p000__nu0p50__psi0p00,hardzero_only,0.06,37,6,0.0,1,0.43203366,0.43203366,1.0515873,0.0,0.08879994,0.0,0.0,0.06,-27.45228,2.3135383,0.77117944,0.136,0.0,0.19015658,0.0,0.0,22400
hardzero_only__c0p58__z1p00__lam0p000__nu0p50__psi0p00,hardzero_only,0.06,37,7,0.0,1,0.43203366,0.43819255,0.98864996,0.1026479,0.1026479,1.0,0.006158874,0.06,-26.503328,2.1750734,0.72502446,0.136,0.0,0.17035517,0.0,0.0,25600
hardzero_only__c0p58__z1p00__lam0p000__nu0p50__psi0p00,hardzero_only,0.06,37,8,0.0,1,0.43819255,0.44474623,0.96166587,0.10922804,0.10922804,1.0,0.006553682,0.06,-25.61951,2.1157072,0.7052357,0.15200001,0.0,0.17170133,0.0,0.0,28800
hardzero_only__c0p58__z1p00__lam0p000__nu0p50__psi0p00,hardzero_only,0.06,37,9,0.0,1,0.44474623,0.44474623,1.006964,0.0,0.09840928,0.0,0.0,0.06,-27.10208,2.215365,0.738455,0.136,0.0,0.19340996,0.0,0.0,32000
hardzero_only__c0p58__z1p00__lam0p000__nu0p50__psi0p00,hardzero_only,0.06,37,10,0.0,1,0.44474623,0.44474623,1.0197061,0.0,0.095563896,0.0,0.0,0.06,-26.953886,2.2433982,0.7477994,0.17600001,0.0,0.21232751,0.0,0.0,35200
hardzero_only__c0p58__z1p00__lam0p000__nu0p50__psi0p00,hardzero_only,0.06,37,11,0.0,1,0.44474623,0.44474623,1.0368459,0.0,0.09186585,0.0,0.0,0.06,-27.832579,2.2811065,0.7603688,0.17600001,0.0,0.19320135,0.0,0.0,38400
hardzero_only__c0p58__z1p00__lam0p000__nu0p50__psi0p00,hardzero_only,0.06,37,12,0.0,1,0.44474623,0.44474623,1.0822515,0.0,0.08274628,0.0,0.0,0.06,-28.070646,2.381001,0.793667,0.08800001,0.0,0.18273386,0.0,0.0,41600
hardzero_only__c0p58__z1p00__lam0p000__nu0p50__psi0p00,hardzero_only,0.06,37,13,0.0,1,0.44474623,0.44474623,1.0040493,0.0,0.09907195,0.0,0.0,0.06,-27.403282,2.2089527,0.7363176,0.13,0.0,0.17682795,0.0,0.0,44800
hardzero_only__c0p58__z1p00__lam0p000__nu0p50__psi0p00,hardzero_only,0.06,37,14,0.0,1,0.44474623,0.44474623,1.0150512,0.0,0.096593685,0.0,0.0,0.06,-27.119398,2.2331574,0.74438584,0.192,0.0,0.16502011,0.0,0.0,48000
hardzero_only__c0p58__z1p00__lam0p000__nu0p50__psi0p00,hardzero_only,0.06,37,15,0.0,1,0.44474623,0.45082477,0.9943521,0.10130897,0.10130897,1.0,0.006078538,0.06,-26.269735,2.1876183,0.7292061,0.17600001,0.0,0.1784517,0.0,0.0,51200
hardzero_only__c0p58__z1p00__lam0p000__nu0p50__psi0p00,hardzero_only,0.06,37,16,0.0,1,0.45082477,0.45082477,1.0220087,0.0,0.095058575,0.0,0.0,0.06,-27.672714,2.2484639,0.749488,0.14400001,0.0,0.19178113,0.0,0.0,54400
hardzero_only__c0p58__z1p00__lam0p000__nu0p50__psi0p00,hardzero_only,0.06,37,17,0.0,1,0.45082477,0.45082477,1.0099757,0.0,0.0977292,0.0,0.0,0.06,-26.564308,2.2219908,0.74066365,0.14400001,0.0,0.19523062,0.0,0.0,57600
hardzero_only__c0p58__z1p00__lam0p000__nu0p50__psi0p00,hardzero_only,0.06,37,18,0.0,1,0.45082477,0.45082477,1.0298036,0.0,0.093367636,0.0,0.0,0.06,-27.7208,2.2656133,0.75520444,0.14400001,0.0,0.18434337,0.0,0.0,60800
hardzero_only__c0p58__z1p00__lam0p000__nu0p50__psi0p00,hardzero_only,0.06,37,19,0.0,1,0.45082477,0.4568519,0.99804056,0.1004522,0.1004522,1.0,0.006027132,0.06,-26.115839,2.195733,0.73191106,0.15200001,0.0,0.1947908,0.0,0.0,64000
hardzero_only__c0p58__z1p00__lam0p000__nu0p50__psi0p00,hardzero_only,0.06,37,20,0.0,1,0.4568519,0.4568519,1.0225654,0.0,0.09493682,0.0,0.0,0.06,-26.850908,2.2496886,0.7498962,0.17600001,0.0,0.18291822,0.0,0.0,67200
hardzero_only__c0p58__z1p00__lam0p000__nu0p50__psi0p00,hardzero_only,0.06,37,21,0.0,1,0.4568519,0.4568519,1.003066,0.0,0.099296525,0.0,0.0,0.06,-26.630627,2.206789,0.73559636,0.208,0.0,0.18754055,0.0,0.0,70400
hardzero_only__c0p58__z1p00__lam0p000__nu0p50__psi0p00,hardzero_only,0.06,37,22,0.0,1,0.4568519,0.4568519,1.0181301,0.0,0.09591134,0.0,0.0,0.06,-27.316357,2.2399309,0.74664366,0.16000001,0.0,0.18133238,0.0,0.0,73600
hardzero_only__c0p58__z1p00__lam0p000__nu0p50__psi0p00,hardzero_only,0.06,37,23,0.0,1,0.4568519,0.4568519,1.04208,0.0,0.09076533,0.0,0.0,0.06,-27.62617,2.2926219,0.7642073,0.16800001,0.0,0.22079952,0.0,0.0,76800
hardzero_only__c0p58__z1p00__lam0p000__nu0p50__psi0p00,hardzero_only,0.06,37,24,0.0,1,0.4568519,0.4568519,1.0779213,0.0,0.08357544,0.0,0.0,0.06,-28.519768,2.371474,0.79049134,0.136,0.0,0.19578075,0.0,0.0,80000
hardzero_only__c0p58__z1p00__lam0p000__nu0p50__psi0p00,hardzero_only,0.06,37,25,0.0,1,0.4568519,0.4568519,1.0483888,0.0,0.08945634,0.0,0.0,0.06,-28.11243,2.3065016,0.7688339,0.120000005,0.0,0.18113784,0.0,0.0,83200
hardzero_only__c0p58__z1p00__lam0p000__nu0p50__psi0p00,hardzero_only,0.06,37,26,0.0,1,0.4568519,0.46312377,0.9807537,0.10453129,0.10453129,1.0,0.0062718773,0.06,-26.39468,2.1577013,0.71923375,0.19999999,0.0,0.15688823,0.0,0.0,86400
hardzero_only__c0p58__z1p00__lam0p000__nu0p50__psi0p00,hardzero_only,0.06,37,27,0.0,1,0.46312377,0.46312377,1.0251589,0.0,0.09437155,0.0,0.0,0.06,-26.323954,2.2553945,0.75179815,0.216,0.0,0.17530134,0.0,0.0,89600
hardzero_only__c0p58__z1p00__lam0p000__nu0p50__psi0p00,hardzero_only,0.06,37,28,0.0,1,0.46312377,0.46312377,1.0291945,0.0,0.09349868,0.0,0.0,0.06,-27.737621,2.2642732,0.75475776,0.17600001,0.0,0.19318464,0.0,0.0,92800
hardzero_only__c0p58__z1p00__lam0p000__nu0p50__psi0p00,hardzero_only,0.06,37,29,0.0,1,0.46312377,0.46312377,1.0452014,0.0,0.0901153,0.0,0.0,0.06,-27.611788,2.299489,0.76649636,0.17600001,0.0,0.18522564,0.0,0.0,96000
hardzero_only__c0p58__z1p00__lam0p000__nu0p50__psi0p00,hardzero_only,0.06,37,30,0.0,1,0.46312377,0.46312377,1.0273464,0.0,0.09389742,0.0,0.0,0.06,-27.46564,2.2602072,0.7534024,0.18400002,0.0,0.1974964,0.0,0.0,99200
hardzero_only__c0p58__z1p00__lam0p000__nu0p50__psi0p00,hardzero_only,0.06,37,31,0.0,1,0.46312377,0.46994945,0.94400495,0.11376143,0.11376143,1.0,0.006825686,0.06,-25.526608,2.0768523,0.6922841,0.208,0.0,0.15956335,0.0,0.0,102400
hardzero_only__c0p58__z1p00__lam0p000__nu0p50__psi0p00,hardzero_only,0.06,37,32,0.0,1,0.46994945,0.46994945,1.0370667,0.0,0.09181915,0.0,0.0,0.06,-27.49678,2.2815924,0.7605308,0.128,0.0,0.19232376,0.0,0.0,105600
hardzero_only__c0p58__z1p00__lam0p000__nu0p50__psi0p00,hardzero_only,0.06,37,33,0.0,1,0.46994945,0.46994945,1.0348451,0.0,0.09229005,0.0,0.0,0.06,-27.464014,2.2767048,0.7589016,0.17600001,0.0,0.20684381,0.0,0.0,108800
hardzero_only__c0p58__z1p00__lam0p000__nu0p50__psi0p00,hardzero_only,0.06,37,34,0.0,1,0.46994945,0.47634166,0.9725007,0.1065367,0.1065367,1.0,0.006392202,0.06,-26.48446,2.1395442,0.71318144,0.17600001,0.0,0.16110675,0.0,0.0,112000
hardzero_only__c0p58__z1p00__lam0p000__nu0p50__psi0p00,hardzero_only,0.06,37,35,0.0,1,0.47634166,0.47634166,1.0463425,0.0,0.08987885,0.0,0.0,0.06,-26.918112,2.3019993,0.76733315,0.14400001,0.0,0.20290676,0.0,0.0,115200
hardzero_only__c0p58__z1p00__lam0p000__nu0p50__psi0p00,hardzero_only,0.06,37,36,0.0,1,0.47634166,0.47634166,1.0384922,0.0,0.09151826,0.0,0.0,0.06,-27.871536,2.2847285,0.7615762,0.16000001,0.0,0.1847785,0.0,0.0,118400
hardzero_only__c0p58__z1p00__lam0p000__nu0p50__psi0p00,hardzero_only,0.06,37,37,0.0,1,0.47634166,0.48245952,0.99155134,0.101964414,0.101964414,1.0,0.0061178645,0.06,-26.746939,2.1814566,0.7271522,0.17600001,0.0,0.17846023,0.0,0.0,121600
hardzero_only__c0p58__z1p00__lam0p000__nu0p50__psi0p00,hardzero_only,0.06,37,38,0.0,1,0.48245952,0.48245952,1.0476958,0.0,0.08959923,0.0,0.0,0.06,-26.811005,2.3049767,0.76832557,0.16800001,0.0,0.18642385,0.0,0.0,124800
hardzero_only__c0p58__z1p00__lam0p000__nu0p50__psi0p00,hardzero_only,0.06,37,39,0.0,1,0.48245952,0.48245952,1.0281893,0.0,0.09371534,0.0,0.0,0.06,-27.664232,2.2620616,0.7540206,0.17999999,0.0,0.19064096,0.0,0.0,128000
hardzero_only__c0p58__z1p00__lam0p000__nu0p50__psi0p00,hardzero_only,0.06,37,40,0.0,1,0.48245952,0.48245952,1.0520544,0.0,0.08870448,0.0,0.0,0.06,-28.159594,2.314566,0.771522,0.15200001,0.0,0.19877233,0.0,0.0,131200
hardzero_only__c0p58__z1p00__lam0p000__nu0p50__psi0p00,hardzero_only,0.06,37,41,0.0,1,0.48245952,0.48245952,1.0431198,0.0,0.09054828,0.0,0.0,0.06,-27.07868,2.2949092,0.76496977,0.14400001,0.008,0.19736294,0.0,0.0,134400
hardzero_only__c0p58__z1p00__lam0p000__nu0p50__psi0p00,hardzero_only,0.06,37,42,0.0,1,0.48245952,0.48245952,1.0574564,0.0,0.08760796,0.0,0.0,0.06,-27.107113,2.3264503,0.7754835,0.16000001,0.0,0.18921167,0.0,0.0,137600
hardzero_only__c0p58__z1p00__lam0p000__nu0p50__psi0p00,hardzero_only,0.06,37,43,0.0,1,0.48245952,0.48245952,1.0823025,0.0,0.082736574,0.0,0.0,0.06,-28.281544,2.3811128,0.7937043,0.08800001,0.0,0.21034405,0.0,0.0,140800
hardzero_only__c0p58__z1p00__lam0p000__nu0p50__psi0p00,hardzero_only,0.06,37,44,0.0,1,0.48245952,0.48245952,1.0131162,0.0,0.09702503,0.0,0.0,0.06,-26.893776,2.2289002,0.7429668,0.208,0.0,0.17360443,0.0,0.0,144000
hardzero_only__c0p58__z1p00__lam0p000__nu0p50__psi0p00,hardzero_only,0.06,37,45,0.0,1,0.48245952,0.48245952,1.0038035,0.0,0.099128045,0.0,0.0,0.06,-26.83462,2.2084117,0.7361373,0.136,0.0,0.17193432,0.0,0.0,147200
hardzero_only__c0p58__z1p00__lam0p000__nu0p50__psi0p00,hardzero_only,0.06,37,46,0.0,1,0.48245952,0.48245952,1.034016,0.0,0.0924664,0.0,0.0,0.06,-27.726715,2.2748806,0.75829357,0.17600001,0.0,0.21873897,0.0,0.0,150400
hardzero_only__c0p58__z1p00__lam0p000__nu0p50__psi0p00,hardzero_only,0.06,37,47,0.0,1,0.48245952,0.48245952,1.0938381,0.0,0.080567874,0.0,0.0,0.06,-28.739847,2.4064918,0.80216396,0.08800001,0.0,0.2147289,0.0,0.0,153600
hardzero_only__c0p58__z1p00__lam0p000__nu0p50__psi0p00,hardzero_only,0.06,37,48,0.0,1,0.48245952,0.4884728,0.9990392,0.10022147,0.10022147,1.0,0.006013288,0.06,-27.016666,2.19793,0.73264337,0.16800001,0.0,0.18261312,0.0,0.0,156800
hardzero_only__c0p58__z1p00__lam0p000__nu0p50__psi0p00,hardzero_only,0.06,37,49,0.0,1,0.4884728,0.4884728,1.0204371,0.0,0.095403194,0.0,0.0,0.06,-28.236055,2.2450066,0.74833554,0.16000001,0.0,0.25053313,0.0,0.0,160000
hardzero_only__c0p58__z1p00__lam0p000__nu0p50__psi0p00,hardzero_only,0.06,37,50,0.0,1,0.4884728,0.4884728,1.0711144,0.0,0.08489566,0.0,0.0,0.06,-28.156141,2.3564987,0.7854996,0.15200001,0.0,0.20683597,0.0,0.0,163200
hardzero_only__c0p58__z1p00__lam0p000__nu0p50__psi0p00,hardzero_only,0.06,37,51,0.0,1,0.4884728,0.4945856,0.9919092,0.10188043,0.10188043,1.0,0.0061128256,0.06,-26.092035,2.1822438,0.7274146,0.120000005,0.0,0.1850004,0.0,0.0,166400
hardzero_only__c0p58__z1p00__lam0p000__nu0p50__psi0p00,hardzero_only,0.06,37,52,0.0,1,0.4945856,0.4945856,1.0596187,0.0,0.08717286,0.0,0.0,0.06,-27.570923,2.3312078,0.7770693,0.14,0.0,0.22957851,0.0,0.0,169600
hardzero_only__c0p58__z1p00__lam0p000__nu0p50__psi0p00,hardzero_only,0.06,37,53,0.0,1,0.4945856,0.5007154,0.9907063,0.10216301,0.10216301,1.0,0.0061297803,0.06,-26.442184,2.1795974,0.72653246,0.264,0.0,0.19303088,0.0,0.0,172800
hardzero_only__c0p58__z1p00__lam0p000__nu0p50__psi0p00,hardzero_only,0.06,37,54,0.0,1,0.5007154,0.5068092,0.993262,0.10156359,0.10156359,1.0,0.006093815,0.06,-27.207098,2.18522,0.72840667,0.16000001,0.0,0.15960987,0.0,0.0,176000
hardzero_only__c0p58__z1p00__lam0p000__nu0p50__psi0p00,hardzero_only,0.06,37,55,0.0,1,0.5068092,0.5068092,1.0172436,0.0,0.09610731,0.0,0.0,0.06,-26.812439,2.2379806,0.74599355,0.16000001,0.0,0.18525271,0.0,0.0,179200
hardzero_only__c0p58__z1p00__lam0p000__nu0p50__psi0p00,hardzero_only,0.06,37,56,0.0,1,0.5068092,0.5068092,1.0611534,0.0,0.08686534,0.0,0.0,0.06,-27.613377,2.334584,0.77819467,0.17600001,0.0,0.19953778,0.0,0.0,182400
hardzero_only__c0p58__z1p00__lam0p000__nu0p50__psi0p00,hardzero_only,0.06,37,57,0.0,1,0.5068092,0.51337504,0.9608581,0.10943138,0.10943138,1.0,0.0065658824,0.06,-26.032335,2.11393,0.70464337,0.192,0.0,0.17739134,0.0,0.0,185600
hardzero_only__c0p58__z1p00__lam0p000__nu0p50__psi0p00,hardzero_only,0.06,37,58,0.0,1,0.51337504,0.51337504,1.038,0.0,0.091622055,0.0,0.0,0.06,-27.27966,2.2836456,0.7612152,0.128,0.0,0.17369217,0.0,0.0,188800
hardzero_only__c0p58__z1p00__lam0p000__nu0p50__psi0p00,hardzero_only,0.06,37,59,0.0,1,0.51337504,0.51337504,1.0465685,0.0,0.08983208,0.0,0.0,0.06,-27.756594,2.3024967,0.7674989,0.16000001,0.0,0.20814808,0.0,0.0,192000
hardzero_only__c0p58__z1p00__lam0p000__nu0p50__psi0p00,hardzero_only,0.06,37,60,0.0,1,0.51337504,0.51337504,1.0791497,0.0,0.08333937,0.0,0.0,0.06,-27.89983,2.3741767,0.79139227,0.16800001,0.0,0.21161631,0.0,0.0,195200
hardzero_only__c0p58__z1p00__lam0p000__nu0p50__psi0p00,hardzero_only,0.06,37,61,0.0,1,0.51337504,0.51942873,0.99613315,0.10089435,0.10089435,1.0,0.0060536605,0.06,-26.839575,2.1915367,0.73051226,0.208,0.0,0.18700516,0.0,0.0,198400
hardzero_only__c0p58__z1p00__lam0p000__nu0p50__psi0p00,hardzero_only,0.06,37,62,0.0,1,0.51942873,0.5256779,0.98232776,0.10415311,0.10415311,1.0,0.0062491866,0.06,-27.020727,2.1611643,0.7203881,0.23200001,0.0,0.16831703,0.0,0.0,201600
hardzero_only__c0p58__z1p00__lam0p000__nu0p50__psi0p00,hardzero_only,0.06,37,63,0.0,1,0.5256779,0.5256779,1.0192335,0.0,0.09566796,0.0,0.0,0.06,-26.730951,2.2423584,0.74745286,0.18400002,0.0,0.176078,0.0,0.0,204800
hardzero_only__c0p58__z1p00__lam0p000__nu0p50__psi0p00,hardzero_only,0.06,37,64,0.0,1,0.5256779,0.5256779,1.0210962,0.0,0.095258504,0.0,0.0,0.06,-26.762058,2.2464566,0.7488189,0.17600001,0.0,0.17498994,0.0,0.0,208000
hardzero_only__c0p58__z1p00__lam0p000__nu0p50__psi0p00,hardzero_only,0.06,37,65,0.0,1,0.5256779,0.5256779,1.0391562,0.0,0.091378465,0.0,0.0,0.06,-27.389427,2.2861893,0.76206315,0.13,0.0,0.18156986,0.0,0.0,211200
hardzero_only__c0p58__z1p00__lam0p000__nu0p50__psi0p00,hardzero_only,0.06,37,66,0.0,1,0.5256779,0.5256779,1.1330988,0.0,0.07360396,0.0,0.0,0.06,-29.631216,2.4928672,0.83095574,0.128,0.0,0.24757925,0.0,0.0,214400
hardzero_only__c0p58__z1p00__lam0p000__nu0p50__psi0p00,hardzero_only,0.06,37,67,0.0,1,0.5256779,0.5318747,0.9859858,0.1032795,0.1032795,1.0,0.00619677,0.06,-27.021502,2.169212,0.72307074,0.15200001,0.0,0.18767244,0.0,0.0,217600
hardzero_only__c0p58__z1p00__lam0p000__nu0p50__psi0p00,hardzero_only,0.06,37,68,0.0,1,0.5318747,0.5318747,1.0968235,0.0,0.08001594,0.0,0.0,0.06,-29.003574,2.4130597,0.80435324,0.136,0.0,0.23456533,0.0,0.0,220800
hardzero_only__c0p58__z1p00__lam0p000__nu0p50__psi0p00,hardzero_only,0.06,37,69,0.0,1,0.5318747,0.5318747,1.0302098,0.0,0.09328036,0.0,0.0,0.06,-27.973192,2.2665067,0.7555022,0.14400001,0.0,0.19539693,0.0,0.0,224000
hardzero_only__c0p58__z1p00__lam0p000__nu0p50__psi0p00,hardzero_only,0.06,37,70,0.0,1,0.5318747,0.5318747,1.0122007,0.0,0.09722978,0.0,0.0,0.06,-27.45328,2.226886,0.7422954,0.192,0.0,0.19665924,0.0,0.0,227200
hardzero_only__c0p58__z1p00__lam0p000__nu0p50__psi0p00,hardzero_only,0.06,37,71,0.0,1,0.5318747,0.5318747,1.0246673,0.0,0.09447844,0.0,0.0,0.06,-26.927864,2.254313,0.75143766,0.14400001,0.0,0.1779988,0.0,0.0,230400
hardzero_only__c0p58__z1p00__lam0p000__nu0p50__psi0p00,hardzero_only,0.06,37,72,0.0,1,0.5318747,0.5318747,1.0471805,0.0,0.08970559,0.0,0.0,0.06,-28.05047,2.3038433,0.7679478,0.096,0.0,0.20023315,0.0,0.0,233600
hardzero_only__c0p58__z1p00__lam0p000__nu0p50__psi0p00,hardzero_only,0.06,37,73,0.0,1,0.5318747,0.5318747,1.0775256,0.0,0.08365163,0.0,0.0,0.06,-28.488153,2.3706038,0.7902013,0.136,0.0,0.20886561,0.0,0.0,236800
hardzero_only__c0p58__z1p00__lam0p000__nu0p50__psi0p00,hardzero_only,0.06,37,74,0.0,1,0.5318747,0.53798753,0.9919083,0.101880625,0.101880625,1.0,0.006112837,0.06,-27.051615,2.182242,0.727414,0.2,0.0,0.17754655,0.0,0.0,240000
hardzero_only__c0p58__z1p00__lam0p000__nu0p50__psi0p00,hardzero_only,0.06,37,75,0.0,1,0.53798753,0.53798753,1.0653614,0.0,0.086027764,0.0,0.0,0.06,-28.084389,2.3438418,0.78128064,0.18400002,0.008,0.21192794,0.0,0.0,243200
hardzero_only__c0p58__z1p00__lam0p000__nu0p50__psi0p00,hardzero_only,0.06,37,76,0.0,1,0.53798753,0.53798753,1.0203066,0.0,0.09543185,0.0,0.0,0.06,-27.294928,2.2447193,0.74823976,0.16000001,0.008,0.19124527,0.0,0.0,246400
hardzero_only__c0p58__z1p00__lam0p000__nu0p50__psi0p00,hardzero_only,0.06,37,77,0.0,1,0.53798753,0.53798753,1.0024849,0.0,0.09942945,0.0,0.0,0.06,-26.678951,2.2055109,0.7351703,0.15200001,0.0,0.18065424,0.0,0.0,249600
hardzero_only__c0p58__z1p00__lam0p000__nu0p50__psi0p00,hardzero_only,0.06,37,78,0.0,1,0.53798753,0.53798753,1.0526444,0.0,0.08858406,0.0,0.0,0.06,-27.215918,2.3158638,0.77195466,0.099999994,0.0,0.15346815,0.0,0.0,252800
hardzero_only__c0p58__z1p00__lam0p000__nu0p50__psi0p00,hardzero_only,0.06,37,79,0.0,1,0.53798753,0.53798753,1.0556415,0.0,0.087974824,0.0,0.0,0.06,-27.894651,2.3224578,0.77415264,0.192,0.0,0.2198591,0.0,0.0,256000
hardzero_only__c0p58__z1p00__lam0p000__nu0p50__psi0p00,hardzero_only,0.06,37,80,0.0,1,0.53798753,0.53798753,1.006118,0.0,0.09860113,0.0,0.0,0.06,-27.570917,2.2135038,0.73783463,0.216,0.0,0.2011646,0.0,0.0,259200
hardzero_only__c0p58__z1p00__lam0p000__nu0p50__psi0p00,hardzero_only,0.06,37,81,0.0,1,0.53798753,0.5441493,0.9884482,0.10269558,0.10269558,1.0,0.0061617345,0.06,-26.65674,2.1746294,0.7248765,0.2,0.0,0.20541617,0.0,0.0,262400
hardzero_only__c0p58__z1p00__lam0p000__nu0p50__psi0p00,hardzero_only,0.06,37,82,0.0,1,0.5441493,0.55052423,0.97367346,0.10624941,0.10624941,1.0,0.0063749645,0.06,-26.639723,2.1421244,0.7140415,0.18400002,0.0,0.17539927,0.0,0.0,265600
hardzero_only__c0p58__z1p00__lam0p000__nu0p50__psi0p00,hardzero_only,0.06,37,83,0.0,1,0.55052423,0.55052423,1.019603,0.0,0.09558659,0.0,0.0,0.06,-27.481817,2.2431715,0.7477238,0.2,0.0,0.17709592,0.0,0.0,268800
hardzero_only__c0p58__z1p00__lam0p000__nu0p50__psi0p00,hardzero_only,0.06,37,84,0.0,1,0.55052423,0.55052423,1.0019772,0.0,0.09954577,0.0,0.0,0.06,-27.457085,2.2043939,0.73479795,0.136,0.0,0.2057043,0.0,0.0,272000
hardzero_only__c0p58__z1p00__lam0p000__nu0p50__psi0p00,hardzero_only,0.06,37,85,0.0,1,0.55052423,0.55052423,1.0161633,0.0,0.09634666,0.0,0.0,0.06,-27.135887,2.235604,0.74520135,0.208,0.0,0.19321296,0.0,0.0,275200
hardzero_only__c0p58__z1p00__lam0p000__nu0p50__psi0p00,hardzero_only,0.06,37,86,0.0,1,0.55052423,0.55052423,1.0963542,0.0,0.08010244,0.0,0.0,0.06,-28.451187,2.4120276,0.8040092,0.17600001,0.0,0.17914408,0.0,0.0,278400
hardzero_only__c0p58__z1p00__lam0p000__nu0p50__psi0p00,hardzero_only,0.06,37,87,0.0,1,0.55052423,0.55052423,1.0007062,0.0,0.09983753,0.0,0.0,0.06,-26.060017,2.2015977,0.7338659,0.16000001,0.0,0.17796509,0.0,0.0,281600
hardzero_only__c0p58__z1p00__lam0p000__nu0p50__psi0p00,hardzero_only,0.06,37,88,0.0,1,0.55052423,0.55052423,1.0640918,0.0,0.086279616,0.0,0.0,0.06,-27.453451,2.3410487,0.7803496,0.16000001,0.0,0.19933897,0.0,0.0,284800
hardzero_only__c0p58__z1p00__lam0p000__nu0p50__psi0p00,hardzero_only,0.06,37,89,0.0,1,0.55052423,0.55052423,1.0127922,0.0,0.097097434,0.0,0.0,0.06,-27.358164,2.2281873,0.7427291,0.16000001,0.0,0.204413,0.0,0.0,288000
hardzero_only__c0p58__z1p00__lam0p000__nu0p50__psi0p00,hardzero_only,0.06,37,90,0.0,1,0.55052423,0.55052423,1.0113726,0.0,0.097415365,0.0,0.0,0.06,-27.429516,2.225064,0.741688,0.16000001,0.0,0.20958057,0.0,0.0,291200
hardzero_only__c0p58__z1p00__lam0p000__nu0p50__psi0p00,hardzero_only,0.06,37,91,0.0,1,0.55052423,0.55052423,1.0179452,0.0,0.095952176,0.0,0.0,0.06,-26.883818,2.2395241,0.74650806,0.14,0.0,0.1822175,0.0,0.0,294400
hardzero_only__c0p58__z1p00__lam0p000__nu0p50__psi0p00,hardzero_only,0.06,37,92,0.0,1,0.55052423,0.55701894,0.965593,0.108244784,0.108244784,1.0,0.006494687,0.06,-25.310175,2.124347,0.7081157,0.192,0.0,0.18107043,0.0,0.0,297600
hardzero_only__c0p58__z1p00__lam0p000__nu0p50__psi0p00,hardzero_only,0.06,37,93,0.0,1,0.55701894,0.55701894,1.0420102,0.0,0.090779915,0.0,0.0,0.06,-27.790232,2.292468,0.76415604,0.17600001,0.0,0.18649086,0.0,0.0,300800
hardzero_only__c0p58__z1p00__lam0p000__nu0p50__psi0p00,hardzero_only,0.06,37,94,0.0,1,0.55701894,0.56352746,0.96466964,0.108475156,0.108475156,1.0,0.006508509,0.06,-26.730913,2.1223156,0.7074386,0.136,0.0,0.1644097,0.0,0.0,304000
hardzero_only__c0p58__z1p00__lam0p000__nu0p50__psi0p00,hardzero_only,0.06,37,95,0.0,1,0.56352746,0.56352746,1.0394536,0.0,0.09131589,0.0,0.0,0.06,-26.913244,2.2868435,0.7622812,0.14400001,0.0,0.17347303,0.0,0.0,307200
hardzero_only__c0p58__z1p00__lam0p000__nu0p50__psi0p00,hardzero_only,0.06,37,96,0.0,1,0.56352746,0.56352746,1.0546017,0.0,0.08818573,0.0,0.0,0.06,-27.954697,2.32017,0.77339,0.112,0.0,0.17902711,0.0,0.0,310400
hardzero_only__c0p58__z1p00__lam0p000__nu0p50__psi0p00,hardzero_only,0.06,37,97,0.0,1,0.56352746,0.56352746,1.0282308,0.0,0.093706384,0.0,0.0,0.06,-27.290638,2.262153,0.75405097,0.096,0.0,0.1981777,0.0,0.0,313600
hardzero_only__c0p58__z1p00__lam0p000__nu0p50__psi0p00,hardzero_only,0.06,37,98,0.0,1,0.56352746,0.56352746,1.0178826,0.0,0.09596601,0.0,0.0,0.06,-26.573092,2.2393863,0.7464621,0.120000005,0.0,0.17816593,0.0,0.0,316800
hardzero_only__c0p58__z1p00__lam0p000__nu0p50__psi0p00,hardzero_only,0.06,37,99,0.0,1,0.56352746,0.56352746,1.0581467,0.0,0.087468825,0.0,0.0,0.06,-27.713963,2.3279693,0.7759898,0.104,0.0,0.19058232,0.0,0.0,320000
hardzero_only__c0p58__z1p00__lam0p000__nu0p50__psi0p00,hardzero_only,0.06,37,100,0.0,1,0.56352746,0.56352746,1.0030384,0.0,0.09930283,0.0,0.0,0.06,-26.725197,2.2067285,0.73557615,0.192,0.0,0.21776113,0.0,0.0,323200
hardzero_only__c0p58__z1p00__lam0p000__nu0p50__psi0p00,hardzero_only,0.06,37,101,0.0,1,0.56352746,0.56352746,1.035612,0.0,0.09212724,0.0,0.0,0.06,-27.046558,2.2783918,0.75946397,0.2,0.0,0.17545299,0.0,0.0,326400
hardzero_only__c0p58__z1p00__lam0p000__nu0p50__psi0p00,hardzero_only,0.06,37,102,0.0,1,0.56352746,0.5696632,0.9902814,0.10226302,0.10226302,1.0,0.006135781,0.06,-26.36469,2.1786625,0.72622085,0.18400002,0.0,0.18790162,0.0,0.0,329600
hardzero_only__c0p58__z1p00__lam0p000__nu0p50__psi0p00,hardzero_only,0.06,37,103,0.0,1,0.5696632,0.5696632,1.0273341,0.0,0.093900055,0.0,0.0,0.06,-27.189564,2.2601802,0.7533934,0.096,0.0,0.19101983,0.0,0.0,332800
hardzero_only__c0p58__z1p00__lam0p000__nu0p50__psi0p00,hardzero_only,0.06,37,104,0.0,1,0.5696632,0.5696632,1.0508869,0.0,0.08894328,0.0,0.0,0.06,-26.612383,2.3119972,0.77066576,0.089999996,0.0,0.19481188,0.0,0.0,336000
hardzero_only__c0p58__z1p00__lam0p000__nu0p50__psi0p00,hardzero_only,0.06,37,105,0.0,1,0.5696632,0.5760321,0.97408766,0.10614813,0.10614813,1.0,0.0063688876,0.06,-25.886848,2.1430357,0.7143452,0.18400002,0.0,0.17680609,0.0,0.0,339200
hardzero_only__c0p58__z1p00__lam0p000__nu0p50__psi0p00,hardzero_only,0.06,37,106,0.0,1,0.5760321,0.5760321,1.0596625,0.0,0.08716406,0.0,0.0,0.06,-28.040789,2.3313038,0.7771013,0.15200001,0.0,0.204373,0.0,0.0,342400
hardzero_only__c0p58__z1p00__lam0p000__nu0p50__psi0p00,hardzero_only,0.06,37,107,0.0,1,0.5760321,0.5760321,1.0193324,0.0,0.09564618,0.0,0.0,0.06,-26.468588,2.2425761,0.7475254,0.192,0.0,0.19851117,0.0,0.0,345600
hardzero_only__c0p58__z1p00__lam0p000__nu0p50__psi0p00,hardzero_only,0.06,37,108,0.0,1,0.5760321,0.5760321,1.0429069,0.0,0.09059267,0.0,0.0,0.06,-27.267288,2.294441,0.76481366,0.192,0.0,0.18649817,0.0,0.0,348800
hardzero_only__c0p58__z1p00__lam0p000__nu0p50__psi0p00,hardzero_only,0.06,37,109,0.0,1,0.5760321,0.5760321,1.009409,0.0,0.097856805,0.0,0.0,0.06,-26.41776,2.2207441,0.7402481,0.2,0.0,0.19674683,0.0,0.0,352000
hardzero_only__c0p58__z1p00__lam0p000__nu0p50__psi0p00,hardzero_only,0.06,37,110,0.0,1,0.5760321,0.5760321,1.0748706,0.0,0.08416459,0.0,0.0,0.06,-28.894,2.3647625,0.7882542,0.2,0.0,0.20903803,0.0,0.0,355200
hardzero_only__c0p58__z1p00__lam0p000__nu0p50__psi0p00,hardzero_only,0.06,37,111,0.0,1,0.5760321,0.582386,0.9751114,0.10589819,0.10589819,1.0,0.006353891,0.06,-26.898909,2.145288,0.715096,0.17600001,0.0,0.17842308,0.0,0.0,358400
hardzero_only__c0p58__z1p00__lam0p000__nu0p50__psi0p00,hardzero_only,0.06,37,112,1.0,2,0.582386,0.0023860335,1.0731151,0.0,0.08450548,0.0,0.0,0.06,-29.629951,2.3609004,0.7869668,0.096,0.0,0.20457245,0.0,0.0,361600
hardzero_only__c0p58__z1p00__lam0p000__nu0p50__psi0p00,hardzero_only,0.06,37,113,0.0,2,0.0023860335,0.0023860335,1.0300251,0.0,0.09332003,0.0,0.0,0.06,-27.99196,2.2661004,0.7553668,0.16000001,0.0,0.18196067,0.0,0.0,364800
hardzero_only__c0p58__z1p00__lam0p000__nu0p50__psi0p00,hardzero_only,0.06,37,114,0.0,2,0.0023860335,0.00845129,0.99530196,0.10108762,0.10108762,1.0,0.0060652574,0.06,-26.4767,2.189708,0.7299027,0.080000006,0.0,0.16953103,0.0,0.0,368000
hardzero_only__c0p58__z1p00__lam0p000__nu0p50__psi0p00,hardzero_only,0.06,37,115,0.0,2,0.00845129,0.00845129,1.023723,0.0,0.09468407,0.0,0.0,0.06,-27.738083,2.2522357,0.75074524,0.15200001,0.0,0.17095582,0.0,0.0,371200
hardzero_only__c0p58__z1p00__lam0p000__nu0p50__psi0p00,hardzero_only,0.06,37,116,0.0,2,0.00845129,0.01465407,0.9855649,0.103379674,0.103379674,1.0,0.00620278,0.06,-26.679682,2.168286,0.72276205,0.17600001,0.0,0.17732061,0.0,0.0,374400
hardzero_only__c0p58__z1p00__lam0p000__nu0p50__psi0p00,hardzero_only,0.06,37,117,0.0,2,0.01465407,0.020755254,0.9927372,0.10168638,0.10168638,1.0,0.0061011827,0.06,-27.16043,2.1840653,0.7280218,0.21,0.0,0.18373579,0.0,0.0,377600
hardzero_only__c0p58__z1p00__lam0p000__nu0p50__psi0p00,hardzero_only,0.06,37,118,0.0,2,0.020755254,0.027433654,0.95347875,0.11130668,0.11130668,1.0,0.0066784006,0.06,-25.534187,2.097695,0.69923174,0.18400002,0.0,0.16500357,0.0,0.0,380800
hardzero_only__c0p58__z1p00__lam0p000__nu0p50__psi0p00,hardzero_only,0.06,37,119,0.0,2,0.027433654,0.027433654,1.0282469,0.0,0.09370291,0.0,0.0,0.06,-27.992765,2.2621884,0.75406283,0.128,0.0,0.17537653,0.0,0.0,384000
hardzero_only__c0p58__z1p00__lam0p000__nu0p50__psi0p00,hardzero_only,0.06,37,120,0.0,2,0.027433654,0.0335318,0.9929535,0.10163574,0.10163574,1.0,0.006098144,0.06,-26.32759,2.1845412,0.7281804,0.112,0.0,0.16874406,0.0,0.0,387200
hardzero_only__c0p58__z1p00__lam0p000__nu0p50__psi0p00,hardzero_only,0.06,37,121,0.0,2,0.0335318,0.039842356,0.9780836,0.105175935,0.105175935,1.0,0.006310556,0.06,-26.392063,2.1518269,0.7172756,0.216,0.0,0.17646465,0.0,0.0,390400
hardzero_only__c0p58__z1p00__lam0p000__nu0p50__psi0p00,hardzero_only,0.06,37,122,0.0,2,0.039842356,0.046452865,0.9579164,0.11017514,0.11017514,1.0,0.006610508,0.06,-26.80981,2.107458,0.70248604,0.18400002,0.0,0.18406321,0.0,0.0,393600
hardzero_only__c0p58__z1p00__lam0p000__nu0p50__psi0p00,hardzero_only,0.06,37,123,0.0,2,0.046452865,0.046452865,1.0543145,0.0,0.08824407,0.0,0.0,0.06,-27.429304,2.319538,0.7731794,0.120000005,0.0,0.1819365,0.0,0.0,396800
hardzero_only__c0p58__z1p00__lam0p000__nu0p50__psi0p00,hardzero_only,0.06,37,124,0.0,2,0.046452865,0.052984767,0.96311164,0.108865015,0.108865015,1.0,0.0065319007,0.06,-26.958305,2.118888,0.70629597,0.18400002,0.0,0.17904995,0.0,0.0,400000
hardzero_only__c0p58__z1p00__lam0p000__nu0p50__psi0p00,hardzero_only,0.06,37,125,0.0,2,0.052984767,0.059628196,0.95575905,0.11072379,0.11072379,1.0,0.0066434275,0.06,-26.179552,2.102712,0.700904,0.16000001,0.0,0.16434307,0.0,0.0,403200
hardzero_only__c0p58__z1p00__lam0p000__nu0p50__psi0p00,hardzero_only,0.06,37,126,0.0,2,0.059628196,0.066293456,0.9543339,0.11108772,0.11108772,1.0,0.006665263,0.06,-26.849648,2.0995765,0.69985884,0.18400002,0.0,0.17042758,0.0,0.0,406400
hardzero_only__c0p58__z1p00__lam0p000__nu0p50__psi0p00,hardzero_only,0.06,37,127,0.0,2,0.066293456,0.066293456,1.0173374,0.0,0.096086524,0.0,0.0,0.06,-27.32074,2.238187,0.7460624,0.14400001,0.0,0.19749501,0.0,0.0,409600
hardzero_only__c0p58__z1p00__lam0p000__nu0p50__psi0p00,hardzero_only,0.06,37,128,0.0,2,0.066293456,0.072550714,0.9817674,0.10428758,0.10428758,1.0,0.0062572546,0.06,-26.771568,2.1599314,0.71997714,0.16800001,0.0,0.1583636,0.0,0.0,412800
hardzero_only__c0p58__z1p00__lam0p000__nu0p50__psi0p00,hardzero_only,0.06,37,129,0.0,2,0.072550714,0.072550714,1.084019,0.0,0.082410224,0.0,0.0,0.06,-28.27495,2.3848894,0.7949631,0.15200001,0.0,0.19520782,0.0,0.0,416000
hardzero_only__c0p58__z1p00__lam0p000__nu0p50__psi0p00,hardzero_only,0.06,37,130,0.0,2,0.072550714,0.07877697,0.9839244,0.103770904,0.103770904,1.0,0.006226254,0.06,-26.121006,2.164677,0.721559,0.13,0.0,0.18664292,0.0,0.0,419200
hardzero_only__c0p58__z1p00__lam0p000__nu0p50__psi0p00,hardzero_only,0.06,37,131,0.0,2,0.07877697,0.07877697,1.0306473,0.0,0.09318642,0.0,0.0,0.06,-26.987572,2.2674694,0.75582314,0.128,0.0,0.16851424,0.0,0.0,422400
hardzero_only__c0p58__z1p00__lam0p000__nu0p50__psi0p00,hardzero_only,0.06,37,132,0.0,2,0.07877697,0.07877697,1.0419621,0.0,0.09078995,0.0,0.0,0.06,-27.421616,2.2923625,0.7641208,0.128,0.0,0.2007103,0.0,0.0,425600
hardzero_only__c0p58__z1p00__lam0p000__nu0p50__psi0p00,hardzero_only,0.06,37,133,0.0,2,0.07877697,0.084788516,0.99916536,0.100192375,0.100192375,1.0,0.0060115424,0.06,-27.419195,2.1982076,0.7327359,0.23200001,0.0,0.20159803,0.0,0.0,428800
hardzero_only__c0p58__z1p00__lam0p000__nu0p50__psi0p00,hardzero_only,0.06,37,134,0.0,2,0.084788516,0.09082857,0.99711066,0.1006675,0.1006675,1.0,0.0060400497,0.06,-26.566227,2.1936872,0.73122907,0.16000001,0.0,0.1799754,0.0,0.0,432000
hardzero_only__c0p58__z1p00__lam0p000__nu0p50__psi0p00,hardzero_only,0.06,37,135,0.0,2,0.09082857,0.09717219,0.97581387,0.10572704,0.10572704,1.0,0.006343622,0.06,-26.523111,2.1468334,0.71561116,0.120000005,0.0,0.17429805,0.0,0.0,435200
hardzero_only__c0p58__z1p00__lam0p000__nu0p50__psi0p00,hardzero_only,0.06,37,136,0.0,2,0.09717219,0.09717219,1.0094824,0.0,0.097840264,0.0,0.0,0.06,-27.554321,2.2209055,0.74030185,0.112,0.0,0.21257928,0.0,0.0,438400
hardzero_only__c0p58__z1p00__lam0p000__nu0p50__psi0p00,hardzero_only,0.06,37,137,0.0,2,0.09717219,0.10337961,0.98524034,0.10345695,0.10345695,1.0,0.0062074168,0.06,-27.306286,2.167572,0.72252405,0.192,0.008,0.19561724,0.0,0.0,441600
hardzero_only__c0p58__z1p00__lam0p000__nu0p50__psi0p00,hardzero_only,0.06,37,138,0.0,2,0.10337961,0.109428585,0.9964693,0.10081627,0.10081627,1.0,0.006048976,0.06,-26.491203,2.1922762,0.7307588,0.128,0.0,0.1933149,0.0,0.0,444800
hardzero_only__c0p58__z1p00__lam0p000__nu0p50__psi0p00,hardzero_only,0.06,37,139,0.0,2,0.109428585,0.11588607,0.968088,0.10762471,0.10762471,1.0,0.0064574825,0.06,-26.729712,2.129836,0.7099454,0.17600001,0.0,0.17130937,0.0,0.0,448000
hardzero_only__c0p58__z1p00__lam0p000__nu0p50__psi0p00,hardzero_only,0.06,37,140,0.0,2,0.11588607,0.11588607,1.0393895,0.0,0.091329366,0.0,0.0,0.06,-27.47495,2.2867026,0.7622342,0.120000005,0.0,0.19756906,0.0,0.0,451200
hardzero_only__c0p58__z1p00__lam0p000__nu0p50__psi0p00,hardzero_only,0.06,37,141,0.0,2,0.11588607,0.121996194,0.99210113,0.101835415,0.101835415,1.0,0.0061101248,0.06,-26.561924,2.182666,0.7275554,0.16000001,0.0,0.1920129,0.0,0.0,454400
hardzero_only__c0p58__z1p00__lam0p000__nu0p50__psi0p00,hardzero_only,0.06,37,142,0.0,2,0.121996194,0.121996194,1.0176677,0.0,0.0960135,0.0,0.0,0.06,-27.386618,2.2389135,0.7463045,0.16000001,0.0,0.20593292,0.0,0.0,457600
hardzero_only__c0p58__z1p00__lam0p000__nu0p50__psi0p00,hardzero_only,0.06,37,143,0.0,2,0.121996194,0.1282052,0.9851292,0.10348344,0.10348344,1.0,0.006209006,0.06,-27.123432,2.1673274,0.7224425,0.17,0.0,0.16111179,0.0,0.0,460800
hardzero_only__c0p58__z1p00__lam0p000__nu0p50__psi0p00,hardzero_only,0.06,37,144,0.0,2,0.1282052,0.13447684,0.98076975,0.10452742,0.10452742,1.0,0.006271645,0.06,-27.267359,2.1577365,0.71924555,0.16800001,0.0,0.17244709,0.0,0.0,464000
hardzero_only__c0p58__z1p00__lam0p000__nu0p50__psi0p00,hardzero_only,0.06,37,145,0.0,2,0.13447684,0.1413226,0.9427294,0.11409605,0.11409605,1.0,0.006845763,0.06,-26.066248,2.0740461,0.69134873,0.104,0.0,0.15706372,0.0,0.0,467200
hardzero_only__c0p58__z1p00__lam0p000__nu0p50__psi0p00,hardzero_only,0.06,37,146,0.0,2,0.1413226,0.1481349,0.94485724,0.113538414,0.113538414,1.0,0.0068123047,0.06,-26.851725,2.0787275,0.6929092,0.18400002,0.0,0.19451435,0.0,0.0,470400
hardzero_only__c0p58__z1p00__lam0p000__nu0p50__psi0p00,hardzero_only,0.06,37,147,0.0,2,0.1481349,0.1550239,0.9399948,0.11481673,0.11481673,1.0,0.006889004,0.06,-26.118414,2.0680299,0.68934333,0.216,0.008,0.17231306,0.0,0.0,473600
hardzero_only__c0p58__z1p00__lam0p000__nu0p50__psi0p00,hardzero_only,0.06,37,148,0.0,2,0.1550239,0.1550239,1.001603,0.0,0.099631585,0.0,0.0,0.06,-26.983248,2.2035706,0.73452353,0.216,0.0,0.19192746,0.0,0.0,476800
hardzero_only__c0p58__z1p00__lam0p000__nu0p50__psi0p00,hardzero_only,0.06,37,149,0.0,2,0.1550239,0.1550239,1.050823,0.0,0.08895636,0.0,0.0,0.06,-28.12859,2.3118567,0.7706189,0.192,0.0,0.19248135,0.0,0.0,480000
hardzero_only__c0p58__z1p00__lam0p000__nu0p50__psi0p00,hardzero_only,0.06,37,150,0.0,2,0.1550239,0.1550239,1.0172681,0.0,0.0961019,0.0,0.0,0.06,-26.974203,2.2380345,0.7460115,0.16800001,0.0,0.18075931,0.0,0.0,483200
hardzero_only__c0p58__z1p00__lam0p000__nu0p50__psi0p00,hardzero_only,0.06,37,151,0.0,2,0.1550239,0.1550239,1.0321273,0.0,0.09286941,0.0,0.0,0.06,-27.424412,2.2707253,0.7569084,0.104,0.0,0.18606095,0.0,0.0,486400
hardzero_only__c0p58__z1p00__lam0p000__nu0p50__psi0p00,hardzero_only,0.06,37,152,0.0,2,0.1550239,0.1550239,1.0149167,0.0,0.09662362,0.0,0.0,0.06,-27.242302,2.2328613,0.74428713,0.17600001,0.0,0.18502711,0.0,0.0,489600
hardzero_only__c0p58__z1p00__lam0p000__nu0p50__psi0p00,hardzero_only,0.06,37,153,0.0,2,0.1550239,0.1550239,1.0056119,0.0,0.098716125,0.0,0.0,0.06,-26.470049,2.2123904,0.7374635,0.136,0.0,0.1988739,0.0,0.0,492800
hardzero_only__c0p58__z1p00__lam0p000__nu0p50__psi0p00,hardzero_only,0.06,37,154,0.0,2,0.1550239,0.16107328,0.99644023,0.10082302,0.10082302,1.0,0.006049381,0.06,-27.046228,2.1922123,0.73073745,0.16000001,0.0,0.18202667,0.0,0.0,496000
hardzero_only__c0p58__z1p00__lam0p000__nu0p50__psi0p00,hardzero_only,0.06,37,155,0.0,2,0.16107328,0.16756558,0.9657522,0.10820513,0.10820513,1.0,0.006492308,0.06,-26.16713,2.1246972,0.7082324,0.16000001,0.0,0.15792525,0.0,0.0,499200
hardzero_only__c0p58__z1p00__lam0p000__nu0p50__psi0p00,hardzero_only,0.06,37,156,0.0,2,0.16756558,0.17394948,0.9730651,0.10639837,0.10639837,1.0,0.006383902,0.06,-26.476938,2.140786,0.71359533,0.19999999,0.0,0.14762548,0.0,0.0,502400
hardzero_only__c0p58__z1p00__lam0p000__nu0p50__psi0p00,hardzero_only,0.06,37,157,0.0,2,0.17394948,0.17394948,1.0288563,0.0,0.093571536,0.0,0.0,0.06,-27.172272,2.263529,0.7545097,0.128,0.0,0.18103936,0.0,0.0,505600
hardzero_only__c0p58__z1p00__lam0p000__nu0p50__psi0p00,hardzero_only,0.06,37,158,0.0,2,0.17394948,0.17394948,1.0077397,0.0,0.098233655,0.0,0.0,0.06,-27.526634,2.2170715,0.73902386,0.16000001,0.0,0.17974012,0.0,0.0,508800
hardzero_only__c0p58__z1p00__lam0p000__nu0p50__psi0p00,hardzero_only,0.06,37,159,0.0,2,0.17394948,0.17394948,1.0095649,0.0,0.09782168,0.0,0.0,0.06,-27.410198,2.221087,0.74036235,0.192,0.0,0.1721169,0.0,0.0,512000
hardzero_only__c0p58__z1p00__lam0p000__nu0p50__psi0p00,hardzero_only,0.06,37,160,0.0,2,0.17394948,0.1804472,0.9653902,0.10829533,0.10829533,1.0,0.00649772,0.06,-26.938211,2.123901,0.707967,0.18400002,0.0,0.18403557,0.0,0.0,515200
hardzero_only__c0p58__z1p00__lam0p000__nu0p50__psi0p00,hardzero_only,0.06,37,161,0.0,2,0.1804472,0.1804472,1.0556474,0.0,0.08797365,0.0,0.0,0.06,-27.933414,2.3224707,0.7741569,0.15200001,0.0,0.18425411,0.0,0.0,518400
hardzero_only__c0p58__z1p00__lam0p000__nu0p50__psi0p00,hardzero_only,0.06,37,162,0.0,2,0.1804472,0.18672995,0.9800014,0.10471251,0.10471251,1.0,0.0062827505,0.06,-26.567934,2.1560462,0.71868205,0.17600001,0.0,0.15213211,0.0,0.0,521600
hardzero_only__c0p58__z1p00__lam0p000__nu0p50__psi0p00,hardzero_only,0.06,37,163,0.0,2,0.18672995,0.1928141,0.9939517,0.10140242,0.10140242,1.0,0.006084145,0.06,-27.054005,2.1867373,0.7289125,0.112,0.0,0.18989487,0.0,0.0,524800
hardzero_only__c0p58__z1p00__lam0p000__nu0p50__psi0p00,hardzero_only,0.06,37,164,0.0,2,0.1928141,0.19882886,0.9989328,0.100246035,0.100246035,1.0,0.006014762,0.06,-27.76481,2.197696,0.73256534,0.16800001,0.0,0.21415818,0.0,0.0,528000
hardzero_only__c0p58__z1p00__lam0p000__nu0p50__psi0p00,hardzero_only,0.06,37,165,0.0,2,0.19882886,0.2049165,0.9937014,0.10146087,0.10146087,1.0,0.006087652,0.06,-27.22977,2.1861868,0.72872895,0.2,0.0,0.1755781,0.0,0.0,531200
hardzero_only__c0p58__z1p00__lam0p000__nu0p50__psi0p00,hardzero_only,0.06,37,166,0.0,2,0.2049165,0.2111236,0.98526245,0.10345167,0.10345167,1.0,0.0062071,0.06,-26.788233,2.1676207,0.72254026,0.18400002,0.008,0.18953586,0.0,0.0,534400
hardzero_only__c0p58__z1p00__lam0p000__nu0p50__psi0p00,hardzero_only,0.06,37,167,0.0,2,0.2111236,0.21736515,0.98285913,0.104025744,0.104025744,1.0,0.0062415446,0.06,-26.894585,2.1623333,0.72077775,0.17600001,0.0,0.19444522,0.0,0.0,537600
hardzero_only__c0p58__z1p00__lam0p000__nu0p50__psi0p00,hardzero_only,0.06,37,168,0.0,2,0.21736515,0.22347581,0.9920621,0.101844564,0.101844564,1.0,0.006110674,0.06,-27.110725,2.1825802,0.7275268,0.104,0.0,0.17462492,0.0,0.0,540800
hardzero_only__c0p58__z1p00__lam0p000__nu0p50__psi0p00,hardzero_only,0.06,37,169,0.0,2,0.22347581,0.22347581,1.0313315,0.0,0.09303973,0.0,0.0,0.06,-26.863983,2.2689748,0.75632495,0.17999999,0.0,0.16235784,0.0,0.0,544000
hardzero_only__c0p58__z1p00__lam0p000__nu0p50__psi0p00,hardzero_only,0.06,37,170,0.0,2,0.22347581,0.2295002,0.9982379,0.100406565,0.100406565,1.0,0.0060243937,0.06,-26.925528,2.1961672,0.7320558,0.2,0.0,0.19259264,0.0,0.0,547200
hardzero_only__c0p58__z1p00__lam0p000__nu0p50__psi0p00,hardzero_only,0.06,37,171,0.0,2,0.2295002,0.2295002,1.0773286,0.0,0.083689585,0.0,0.0,0.06,-28.54647,2.37017,0.7900567,0.128,0.0,0.1875731,0.0,0.0,550400
hardzero_only__c0p58__z1p00__lam0p000__nu0p50__psi0p00,hardzero_only,0.06,37,172,0.0,2,0.2295002,0.23587422,0.9737377,0.106233686,0.106233686,1.0,0.006374021,0.06,-26.552073,2.1422658,0.7140886,0.18400002,0.0,0.1877354,0.0,0.0,553600
hardzero_only__c0p58__z1p00__lam0p000__nu0p50__psi0p00,hardzero_only,0.06,37,173,0.0,2,0.23587422,0.23587422,1.0288256,0.0,0.093578115,0.0,0.0,0.06,-27.806122,2.2634616,0.7544872,0.16800001,0.0,0.19335568,0.0,0.0,556800
hardzero_only__c0p58__z1p00__lam0p000__nu0p50__psi0p00,hardzero_only,0.06,37,174,0.0,2,0.23587422,0.23587422,1.009764,0.0,0.09777684,0.0,0.0,0.06,-27.273823,2.221525,0.7405083,0.14400001,0.0,0.16223626,0.0,0.0,560000
hardzero_only__c0p58__z1p00__lam0p000__nu0p50__psi0p00,hardzero_only,0.06,37,175,0.0,2,0.23587422,0.23587422,1.0088435,0.0,0.09798428,0.0,0.0,0.06,-27.121906,2.2195,0.73983335,0.16000001,0.0,0.17900749,0.0,0.0,563200
hardzero_only__c0p58__z1p00__lam0p000__nu0p50__psi0p00,hardzero_only,0.06,37,176,0.0,2,0.23587422,0.24260655,0.9499862,0.1122054,0.1122054,1.0,0.006732324,0.06,-26.690777,2.0900114,0.6966705,0.224,0.0,0.18157999,0.0,0.0,566400
hardzero_only__c0p58__z1p00__lam0p000__nu0p50__psi0p00,hardzero_only,0.06,37,177,0.0,2,0.24260655,0.24260655,1.0227004,0.0,0.094907284,0.0,0.0,0.06,-27.473675,2.249986,0.74999535,0.15200001,0.008,0.1660922,0.0,0.0,569600
hardzero_only__c0p58__z1p00__lam0p000__nu0p50__psi0p00,hardzero_only,0.06,37,178,0.0,2,0.24260655,0.24260655,1.0376529,0.0,0.09169531,0.0,0.0,0.06,-28.585135,2.282882,0.7609607,0.16800001,0.0,0.20885073,0.0,0.0,572800
hardzero_only__c0p58__z1p00__lam0p000__nu0p50__psi0p00,hardzero_only,0.06,37,179,0.0,2,0.24260655,0.24869151,0.9938929,0.10141615,0.10141615,1.0,0.006084969,0.06,-26.553972,2.186608,0.7288694,0.120000005,0.0,0.17543642,0.0,0.0,576000
hardzero_only__c0p58__z1p00__lam0p000__nu0p50__psi0p00,hardzero_only,0.06,37,180,0.0,2,0.24869151,0.25473246,0.99704635,0.10068242,0.10068242,1.0,0.006040945,0.06,-26.497372,2.1935458,0.731182,0.15200001,0.0,0.16932409,0.0,0.0,579200
hardzero_only__c0p58__z1p00__lam0p000__nu0p50__psi0p00,hardzero_only,0.06,37,181,0.0,2,0.25473246,0.26074523,0.99907595,0.10021299,0.10021299,1.0,0.006012779,0.06,-26.46001,2.198011,0.7326703,0.14400001,0.0,0.17088494,0.0,0.0,582400
hardzero_only__c0p58__z1p00__lam0p000__nu0p50__psi0p00,hardzero_only,0.06,37,182,0.0,2,0.26074523,0.26675412,0.9993572,0.10014812,0.10014812,1.0,0.006008887,0.06,-25.649,2.1986299,0.73287666,0.12,0.0,0.16199061,0.0,0.0,585600
hardzero_only__c0p58__z1p00__lam0p000__nu0p50__psi0p00,hardzero_only,0.06,37,183,0.0,2,0.26675412,0.26675412,1.0336283,0.0,0.092548974,0.0,0.0,0.06,-27.515053,2.2740278,0.7580093,0.16000001,0.0,0.17189161,0.0,0.0,588800
hardzero_only__c0p58__z1p00__lam0p000__nu0p50__psi0p00,hardzero_only,0.06,37,184,0.0,2,0.26675412,0.26675412,1.0127809,0.0,0.09709997,0.0,0.0,0.06,-27.39543,2.2281625,0.74272084,0.112,0.0,0.1954157,0.0,0.0,592000
hardzero_only__c0p58__z1p00__lam0p000__nu0p50__psi0p00,hardzero_only,0.06,37,185,0.0,2,0.26675412,0.27298358,0.9837008,0.10382433,0.10382433,1.0,0.00622946,0.06,-26.197197,2.164185,0.721395,0.16000001,0.0,0.16332659,0.0,0.0,595200
hardzero_only__c0p58__z1p00__lam0p000__nu0p50__psi0p00,hardzero_only,0.06,37,186,0.0,2,0.27298358,0.27298358,1.0290157,0.0,0.09353718,0.0,0.0,0.06,-27.657587,2.2638798,0.75462663,0.14400001,0.0,0.18547583,0.0,0.0,598400
hardzero_only__c0p58__z1p00__lam0p000__nu0p50__psi0p00,hardzero_only,0.06,37,187,0.0,2,0.27298358,0.27916396,0.98713595,0.10300637,0.10300637,1.0,0.006180382,0.06,-27.12275,2.1717424,0.72391415,0.192,0.0,0.18511035,0.0,0.0,601600
hardzero_only__c0p58__z1p00__lam0p000__nu0p50__psi0p00,hardzero_only,0.06,37,188,0.0,2,0.27916396,0.28576416,0.95859444,0.11000325,0.11000325,1.0,0.0066001946,0.06,-26.385727,2.10895,0.7029833,0.264,0.0,0.16910283,0.0,0.0,604800
hardzero_only__c0p58__z1p00__lam0p000__nu0p50__psi0p00,hardzero_only,0.06,37,189,0.0,2,0.28576416,0.28576416,1.0161576,0.0,0.09634793,0.0,0.0,0.06,-26.930271,2.2355914,0.7451972,0.192,0.008,0.20350392,0.0,0.0,608000
hardzero_only__c0p58__z1p00__lam0p000__nu0p50__psi0p00,hardzero_only,0.06,37,190,0.0,2,0.28576416,0.28576416,1.064172,0.0,0.08626367,0.0,0.0,0.06,-27.692802,2.3412251,0.7804084,0.14400001,0.0,0.19945598,0.0,0.0,611200
hardzero_only__c0p58__z1p00__lam0p000__nu0p50__psi0p00,hardzero_only,0.06,37,191,0.0,2,0.28576416,0.29196373,0.9857901,0.103326075,0.103326075,1.0,0.0061995643,0.06,-25.850885,2.1687815,0.7229272,0.24800001,0.0,0.17924368,0.0,0.0,614400
hardzero_only__c0p58__z1p00__lam0p000__nu0p50__psi0p00,hardzero_only,0.06,37,192,0.0,2,0.29196373,0.29196373,1.010879,0.0,0.09752611,0.0,0.0,0.06,-27.168709,2.2239783,0.7413261,0.128,0.0,0.17239314,0.0,0.0,617600
hardzero_only__c0p58__z1p00__lam0p000__nu0p50__psi0p00,hardzero_only,0.06,37,193,0.0,2,0.29196373,0.29801556,0.9962631,0.10086416,0.10086416,1.0,0.006051849,0.06,-26.93572,2.1918225,0.7306075,0.14400001,0.0,0.20169035,0.0,0.0,620800
hardzero_only__c0p58__z1p00__lam0p000__nu0p50__psi0p00,hardzero_only,0.06,37,194,0.0,2,0.29801556,0.29801556,1.0223663,0.0,0.09498033,0.0,0.0,0.06,-27.325245,2.2492507,0.74975026,0.128,0.0,0.20084292,0.0,0.0,624000
hardzero_only__c0p58__z1p00__lam0p000__nu0p50__psi0p00,hardzero_only,0.06,37,195,0.0,2,0.29801556,0.29801556,1.02885,0.0,0.0935729,0.0,0.0,0.06,-27.701433,2.2635152,0.7545051,0.19,0.0,0.19042507,0.0,0.0,627200
hardzero_only__c0p58__z1p00__lam0p000__nu0p50__psi0p00,hardzero_only,0.06,37,196,0.0,2,0.29801556,0.3042675,0.9821363,0.10419903,0.10419903,1.0,0.0062519414,0.06,-26.879427,2.160743,0.7202477,0.15200001,0.0,0.16934957,0.0,0.0,630400
hardzero_only__c0p58__z1p00__lam0p000__nu0p50__psi0p00,hardzero_only,0.06,37,197,0.0,2,0.3042675,0.31041953,0.9891322,0.10253396,0.10253396,1.0,0.0061520375,0.06,-26.92181,2.1761343,0.72537816,0.136,0.0,0.1824434,0.0,0.0,633600
hardzero_only__c0p58__z1p00__lam0p000__nu0p50__psi0p00,hardzero_only,0.06,37,198,0.0,2,0.31041953,0.31041953,1.0225054,0.0,0.09494992,0.0,0.0,0.06,-26.712841,2.2495568,0.7498523,0.17600001,0.008,0.1980889,0.0,0.0,636800
hardzero_only__c0p58__z1p00__lam0p000__nu0p50__psi0p00,hardzero_only,0.06,37,199,0.0,2,0.31041953,0.31041953,1.012069,0.0,0.09725927,0.0,0.0,0.06,-27.9739,2.226596,0.7421987,0.128,0.0,0.19607638,0.0,0.0,640000
hardzero_only__c0p58__z1p00__lam0p000__nu0p50__psi0p00,hardzero_only,0.06,37,200,0.0,2,0.31041953,0.31041953,1.0051862,0.0,0.09881293,0.0,0.0,0.06,-26.949123,2.211454,0.7371513,0.136,0.0,0.1929063,0.0,0.0,643200
hardzero_only__c0p58__z1p00__lam0p000__nu0p50__psi0p00,hardzero_only,0.06,37,201,0.0,2,0.31041953,0.31041953,1.0180821,0.0,0.095921904,0.0,0.0,0.06,-27.020046,2.2398255,0.7466085,0.15200001,0.0,0.17995732,0.0,0.0,646400
hardzero_only__c0p58__z1p00__lam0p000__nu0p50__psi0p00,hardzero_only,0.06,37,202,0.0,2,0.31041953,0.31041953,1.0200039,0.0,0.09549838,0.0,0.0,0.06,-26.881943,2.2440534,0.7480178,0.15200001,0.0,0.18168056,0.0,0.0,649600
hardzero_only__c0p58__z1p00__lam0p000__nu0p50__psi0p00,hardzero_only,0.06,37,203,0.0,2,0.31041953,0.31041953,1.0031438,0.0,0.09927872,0.0,0.0,0.06,-27.362345,2.2069604,0.7356535,0.24000001,0.0,0.18007936,0.0,0.0,652800
hardzero_only__c0p58__z1p00__lam0p000__nu0p50__psi0p00,hardzero_only,0.06,37,204,0.0,2,0.31041953,0.3171446,0.95045435,0.112084515,0.112084515,1.0,0.006725071,0.06,-26.325836,2.0910413,0.6970138,0.192,0.0,0.16818313,0.0,0.0,656000
hardzero_only__c0p58__z1p00__lam0p000__nu0p50__psi0p00,hardzero_only,0.06,37,205,0.0,2,0.3171446,0.32380188,0.95485556,0.11095437,0.11095437,1.0,0.006657262,0.06,-25.931044,2.1007242,0.70024145,0.2,0.0,0.17487462,0.0,0.0,659200
hardzero_only__c0p58__z1p00__lam0p000__nu0p50__psi0p00,hardzero_only,0.06,37,206,0.0,2,0.32380188,0.32380188,1.0170462,0.0,0.096150994,0.0,0.0,0.06,-26.906298,2.2375464,0.74584883,0.136,0.0,0.1720293,0.0,0.0,662400
hardzero_only__c0p58__z1p00__lam0p000__nu0p50__psi0p00,hardzero_only,0.06,37,207,0.0,2,0.32380188,0.33023977,0.9694064,0.10729848,0.10729848,1.0,0.0064379084,0.06,-26.109081,2.1327367,0.7109122,0.15200001,0.0,0.17182404,0.0,0.0,665600
hardzero_only__c0p58__z1p00__lam0p000__nu0p50__psi0p00,hardzero_only,0.06,37,208,0.0,2,0.33023977,0.33023977,1.0796225,0.0,0.0832487,0.0,0.0,0.06,-29.06258,2.375217,0.791739,0.099999994,0.0,0.1862324,0.0,0.0,668800
hardzero_only__c0p58__z1p00__lam0p000__nu0p50__psi0p00,hardzero_only,0.06,37,209,0.0,2,0.33023977,0.33023977,1.0228078,0.0,0.09488382,0.0,0.0,0.06,-27.817947,2.2502222,0.7500741,0.16800001,0.0,0.20047165,0.0,0.0,672000
hardzero_only__c0p58__z1p00__lam0p000__nu0p50__psi0p00,hardzero_only,0.06,37,210,0.0,2,0.33023977,0.33023977,1.0103276,0.0,0.097650036,0.0,0.0,0.06,-27.300226,2.222765,0.7409217,0.17600001,0.0,0.19557254,0.0,0.0,675200
hardzero_only__c0p58__z1p00__lam0p000__nu0p50__psi0p00,hardzero_only,0.06,37,211,0.0,2,0.33023977,0.33023977,1.0306447,0.0,0.093187004,0.0,0.0,0.06,-27.674866,2.2674634,0.75582117,0.112,0.0,0.18734331,0.0,0.0,678400
hardzero_only__c0p58__z1p00__lam0p000__nu0p50__psi0p00,hardzero_only,0.06,37,212,0.0,2,0.33023977,0.33023977,1.056105,0.0,0.08788099,0.0,0.0,0.06,-26.934319,2.3234775,0.7744925,0.16000001,0.0,0.18199664,0.0,0.0,681600
hardzero_only__c0p58__z1p00__lam0p000__nu0p50__psi0p00,hardzero_only,0.06,37,213,0.0,2,0.33023977,0.33023977,1.0259851,0.0,0.09419218,0.0,0.0,0.06,-26.795694,2.2572124,0.75240415,0.080000006,0.0,0.18928592,0.0,0.0,684800
hardzero_only__c0p58__z1p00__lam0p000__nu0p50__psi0p00,hardzero_only,0.06,37,214,0.0,2,0.33023977,0.33023977,1.0548406,0.0,0.08813723,0.0,0.0,0.06,-27.113682,2.3206956,0.77356523,0.16000001,0.0,0.2111037,0.0,0.0,688000
hardzero_only__c0p58__z1p00__lam0p000__nu0p50__psi0p00,hardzero_only,0.06,37,215,0.0,2,0.33023977,0.33638605,0.98953956,0.10243783,0.10243783,1.0,0.00614627,0.06,-26.9003,2.1770306,0.7256769,0.18400002,0.0,0.17058077,0.0,0.0,691200
hardzero_only__c0p58__z1p00__lam0p000__nu0p50__psi0p00,hardzero_only,0.06,37,216,0.0,2,0.33638605,0.33638605,1.0522702,0.0,0.08866042,0.0,0.0,0.06,-27.557056,2.3150406,0.77168024,0.16000001,0.0,0.18907736,0.0,0.0,694400
hardzero_only__c0p58__z1p00__lam0p000__nu0p50__psi0p00,hardzero_only,0.06,37,217,0.0,2,0.33638605,0.33638605,1.0426283,0.0,0.09065081,0.0,0.0,0.06,-28.022326,2.293828,0.76460934,0.16800001,0.0,0.18464385,0.0,0.0,697600
hardzero_only__c0p58__z1p00__lam0p000__nu0p50__psi0p00,hardzero_only,0.06,37,218,0.0,2,0.33638605,0.33638605,1.0091676,0.0,0.09791121,0.0,0.0,0.06,-26.524185,2.220213,0.740071,0.16800001,0.0,0.18599431,0.0,0.0,700800
hardzero_only__c0p58__z1p00__lam0p000__nu0p50__psi0p00,hardzero_only,0.06,37,219,0.0,2,0.33638605,0.34246343,0.9944341,0.10128984,0.10128984,1.0,0.00607739,0.06,-27.043446,2.1877987,0.7292663,0.16000001,0.0,0.16632208,0.0,0.0,704000
hardzero_only__c0p58__z1p00__lam0p000__nu0p50__psi0p00,hardzero_only,0.06,37,220,0.0,2,0.34246343,0.34246343,1.0659207,0.0,0.08591703,0.0,0.0,0.06,-27.385143,2.3450723,0.7816908,0.120000005,0.0,0.17517163,0.0,0.0,707200
hardzero_only__c0p58__z1p00__lam0p000__nu0p50__psi0p00,hardzero_only,0.06,37,221,0.0,2,0.34246343,0.34246343,1.0062072,0.0,0.09858089,0.0,0.0,0.06,-27.338837,2.2137,0.7379,0.16,0.0,0.18403801,0.0,0.0,710400
hardzero_only__c0p58__z1p00__lam0p000__nu0p50__psi0p00,hardzero_only,0.06,37,222,0.0,2,0.34246343,0.34905142,0.95939857,0.109799765,0.109799765,1.0,0.006587986,0.06,-25.994873,2.110719,0.703573,0.192,0.0,0.16891457,0.0,0.0,713600
hardzero_only__c0p58__z1p00__lam0p000__nu0p50__psi0p00,hardzero_only,0.06,37,223,0.0,2,0.34905142,0.34905142,1.0129609,0.0,0.097059734,0.0,0.0,0.06,-26.921188,2.2285585,0.74285287,0.14400001,0.0,0.17989464,0.0,0.0,716800
hardzero_only__c0p58__z1p00__lam0p000__nu0p50__psi0p00,hardzero_only,0.06,37,224,0.0,2,0.34905142,0.35556552,0.96429664,0.108568385,0.108568385,1.0,0.006514103,0.06,-25.626642,2.121495,0.707165,0.120000005,0.0,0.18890406,0.0,0.0,720000
hardzero_only__c0p58__z1p00__lam0p000__nu0p50__psi0p00,hardzero_only,0.06,37,225,0.0,2,0.35556552,0.35556552,1.0006402,0.0,0.09985271,0.0,0.0,0.06,-26.309174,2.2014523,0.73381746,0.14400001,0.0,0.15442514,0.0,0.0,723200
hardzero_only__c0p58__z1p00__lam0p000__nu0p50__psi0p00,hardzero_only,0.06,37,226,0.0,2,0.35556552,0.35556552,1.0045757,0.0,0.09895193,0.0,0.0,0.06,-27.201036,2.2101107,0.7367036,0.17600001,0.0,0.16885729,0.0,0.0,726400
hardzero_only__c0p58__z1p00__lam0p000__nu0p50__psi0p00,hardzero_only,0.06,37,227,0.0,2,0.35556552,0.35556552,1.0391948,0.0,0.09137033,0.0,0.0,0.06,-27.25467,2.2862742,0.7620914,0.16800001,0.0,0.20598748,0.0,0.0,729600
hardzero_only__c0p58__z1p00__lam0p000__nu0p50__psi0p00,hardzero_only,0.06,37,228,0.0,2,0.35556552,0.36176285,0.9859474,0.10328866,0.10328866,1.0,0.0061973194,0.06,-26.442585,2.1691275,0.7230425,0.14400001,0.0,0.15894921,0.0,0.0,732800
hardzero_only__c0p58__z1p00__lam0p000__nu0p50__psi0p00,hardzero_only,0.06,37,229,0.0,2,0.36176285,0.36176285,1.062263,0.0,0.086643696,0.0,0.0,0.06,-27.961184,2.3370254,0.7790085,0.120000005,0.0,0.15465304,0.0,0.0,736000
hardzero_only__c0p58__z1p00__lam0p000__nu0p50__psi0p00,hardzero_only,0.06,37,230,0.0,2,0.36176285,0.36176285,1.0028607,0.0,0.09934346,0.0,0.0,0.06,-27.592348,2.2063375,0.73544586,0.2,0.0,0.22639751,0.0,0.0,739200
hardzero_only__c0p58__z1p00__lam0p000__nu0p50__psi0p00,hardzero_only,0.06,37,231,0.0,2,0.36176285,0.36176285,1.0648031,0.0,0.086138405,0.0,0.0,0.06,-28.269127,2.3426137,0.7808713,0.120000005,0.0,0.1760865,0.0,0.0,742400
hardzero_only__c0p58__z1p00__lam0p000__nu0p50__psi0p00,hardzero_only,0.06,37,232,0.0,2,0.36176285,0.36176285,1.0234058,0.0,0.094753265,0.0,0.0,0.06,-28.748615,2.2515378,0.7505126,0.24000001,0.0,0.22331661,0.0,0.0,745600
hardzero_only__c0p58__z1p00__lam0p000__nu0p50__psi0p00,hardzero_only,0.06,37,233,0.0,2,0.36176285,0.36176285,1.0207709,0.0,0.09532989,0.0,0.0,0.06,-26.932535,2.245741,0.74858034,0.16000001,0.008,0.18068977,0.0,0.0,748800
hardzero_only__c0p58__z1p00__lam0p000__nu0p50__psi0p00,hardzero_only,0.06,37,234,0.0,2,0.36176285,0.36176285,1.0149032,0.0,0.096626624,0.0,0.0,0.06,-27.171432,2.2328315,0.7442772,0.17999999,0.0,0.18815897,0.0,0.0,752000
hardzero_only__c0p58__z1p00__lam0p000__nu0p50__psi0p00,hardzero_only,0.06,37,235,0.0,2,0.36176285,0.36777645,0.9990157,0.100226894,0.100226894,1.0,0.0060136137,0.06,-26.90727,2.1978784,0.73262614,0.18400002,0.0,0.17079872,0.0,0.0,755200
hardzero_only__c0p58__z1p00__lam0p000__nu0p50__psi0p00,hardzero_only,0.06,37,236,0.0,2,0.36777645,0.37385395,0.9944261,0.10129172,0.10129172,1.0,0.0060775033,0.06,-25.887617,2.187781,0.7292604,0.17600001,0.0,0.20046128,0.0,0.0,758400
hardzero_only__c0p58__z1p00__lam0p000__nu0p50__psi0p00,hardzero_only,0.06,37,237,0.0,2,0.37385395,0.37385395,1.0027921,0.0,0.09935914,0.0,0.0,0.06,-26.176003,2.2061868,0.7353956,0.192,0.0,0.16885117,0.0,0.0,761600
hardzero_only__c0p58__z1p00__lam0p000__nu0p50__psi0p00,hardzero_only,0.06,37,238,0.0,2,0.37385395,0.38011724,0.98134875,0.104388155,0.104388155,1.0,0.006263289,0.06,-26.450098,2.1590104,0.7196702,0.18400002,0.0,0.18118145,0.0,0.0,764800
hardzero_only__c0p58__z1p00__lam0p000__nu0p50__psi0p00,hardzero_only,0.06,37,239,0.0,2,0.38011724,0.38011724,1.0045339,0.0,0.098961465,0.0,0.0,0.06,-27.22836,2.2100186,0.7366729,0.2,0.0,0.19576888,0.0,0.0,768000
hardzero_only__c0p58__z1p00__lam0p000__nu0p50__psi0p00,hardzero_only,0.06,37,240,0.0,2,0.38011724,0.38678572,0.95412385,0.11114147,0.11114147,1.0,0.006668488,0.06,-26.214334,2.0991144,0.6997048,0.208,0.0,0.17119345,0.0,0.0,771200
hardzero_only__c0p58__z1p00__lam0p000__nu0p50__psi0p00,hardzero_only,0.06,37,241,0.0,2,0.38678572,0.38678572,1.0290279,0.0,0.09353455,0.0,0.0,0.06,-27.405575,2.2639067,0.7546356,0.18400002,0.0,0.19839674,0.0,0.0,774400
hardzero_only__c0p58__z1p00__lam0p000__nu0p50__psi0p00,hardzero_only,0.06,37,242,0.0,2,0.38678572,0.38678572,1.0105529,0.0,0.09759939,0.0,0.0,0.06,-26.815735,2.2232606,0.7410869,0.112,0.0,0.18223204,0.0,0.0,777600
hardzero_only__c0p58__z1p00__lam0p000__nu0p50__psi0p00,hardzero_only,0.06,37,243,0.0,2,0.38678572,0.38678572,1.0184654,0.0,0.0958373,0.0,0.0,0.06,-26.972351,2.2406685,0.74688953,0.2,0.0,0.18377511,0.0,0.0,780800
hardzero_only__c0p58__z1p00__lam0p000__nu0p50__psi0p00,hardzero_only,0.06,37,244,0.0,2,0.38678572,0.3931121,0.976996,0.10543966,0.10543966,1.0,0.0063263797,0.06,-26.591263,2.149434,0.71647805,0.17600001,0.0,0.16991308,0.0,0.0,784000
hardzero_only__c0p58__z1p00__lam0p000__nu0p50__psi0p00,hardzero_only,0.06,37,245,0.0,2,0.3931121,0.3931121,1.042578,0.0,0.09066132,0.0,0.0,0.06,-28.04779,2.2937174,0.7645725,0.192,0.0,0.187453,0.0,0.0,787200
hardzero_only__c0p58__z1p00__lam0p000__nu0p50__psi0p00,hardzero_only,0.06,37,246,0.0,2,0.3931121,0.3931121,1.0158052,0.0,0.09642613,0.0,0.0,0.06,-26.697847,2.234816,0.74493873,0.14400001,0.0,0.17205332,0.0,0.0,790400
hardzero_only__c0p58__z1p00__lam0p000__nu0p50__psi0p00,hardzero_only,0.06,37,247,0.0,2,0.3931121,0.39913115,0.9986222,0.10031777,0.10031777,1.0,0.006019066,0.06,-26.788177,2.1970127,0.7323376,0.14,0.0,0.16655807,0.0,0.0,793600
hardzero_only__c0p58__z1p00__lam0p000__nu0p50__psi0p00,hardzero_only,0.06,37,248,0.0,2,0.39913115,0.4052941,0.98836315,0.10271571,0.10271571,1.0,0.0061629424,0.06,-26.233505,2.1744423,0.7248141,0.128,0.0,0.18239002,0.0,0.0,796800
hardzero_only__c0p58__z1p00__lam0p000__nu0p50__psi0p00,hardzero_only,0.06,37,249,0.0,2,0.4052941,0.4052941,1.0152965,0.0,0.09653917,0.0,0.0,0.06,-27.336061,2.233697,0.74456567,0.096,0.0,0.19120741,0.0,0.0,800000
hardzero_only__c0p58__z1p00__lam0p000__nu0p50__psi0p00,hardzero_only,0.06,37,250,0.0,2,0.4052941,0.4052941,1.0056342,0.0,0.09871104,0.0,0.0,0.06,-27.01256,2.2124393,0.7374798,0.216,0.0,0.18755181,0.0,0.0,803200
hardzero_only__c0p58__z1p00__lam0p000__nu0p50__psi0p00,hardzero_only,0.06,37,251,0.0,2,0.4052941,0.4052941,1.0112395,0.0,0.09744521,0.0,0.0,0.06,-27.05686,2.2247715,0.7415905,0.16000001,0.0,0.19059189,0.0,0.0,806400
hardzero_only__c0p58__z1p00__lam0p000__nu0p50__psi0p00,hardzero_only,0.06,37,252,0.0,2,0.4052941,0.4114656,0.9877609,0.102858245,0.102858245,1.0,0.0061714947,0.06,-26.812279,2.1731174,0.7243725,0.16800001,0.0,0.1914632,0.0,0.0,809600
hardzero_only__c0p58__z1p00__lam0p000__nu0p50__psi0p00,hardzero_only,0.06,37,253,0.0,2,0.4114656,0.4114656,1.0199598,0.0,0.09550809,0.0,0.0,0.06,-27.621908,2.2439563,0.7479855,0.192,0.0,0.21092257,0.0,0.0,812800
hardzero_only__c0p58__z1p00__lam0p000__nu0p50__psi0p00,hardzero_only,0.06,37,254,0.0,2,0.4114656,0.41805732,0.95915145,0.10986227,0.10986227,1.0,0.006591736,0.06,-25.888866,2.1101754,0.7033918,0.192,0.0,0.19794989,0.0,0.0,816000
hardzero_only__c0p58__z1p00__lam0p000__nu0p50__psi0p00,hardzero_only,0.06,37,255,0.0,2,0.41805732,0.41805732,1.0219172,0.0,0.095078595,0.0,0.0,0.06,-27.674335,2.248263,0.749421,0.096,0.0,0.18389975,0.0,0.0,819200
hardzero_only__c0p58__z1p00__lam0p000__nu0p50__psi0p00,hardzero_only,0.06,37,256,0.0,2,0.41805732,0.41805732,1.0100809,0.0,0.097705506,0.0,0.0,0.06,-27.599113,2.2222223,0.7407408,0.136,0.0,0.17998259,0.0,0.0,822400
hardzero_only__c0p58__z1p00__lam0p000__nu0p50__psi0p00,hardzero_only,0.06,37,257,0.0,2,0.41805732,0.41805732,1.0563115,0.0,0.08783922,0.0,0.0,0.06,-27.92675,2.3239317,0.7746439,0.15200001,0.0,0.18508898,0.0,0.0,825600
hardzero_only__c0p58__z1p00__lam0p000__nu0p50__psi0p00,hardzero_only,0.06,37,258,0.0,2,0.41805732,0.42411298,0.9959912,0.10092733,0.10092733,1.0,0.0060556396,0.06,-26.840042,2.1912243,0.73040813,0.18400002,0.0,0.18348806,0.0,0.0,828800
hardzero_only__c0p58__z1p00__lam0p000__nu0p50__psi0p00,hardzero_only,0.06,37,259,0.0,2,0.42411298,0.42411298,1.0299534,0.0,0.09333544,0.0,0.0,0.06,-27.714449,2.2659426,0.75531423,0.17600001,0.0,0.1975918,0.0,0.0,832000
hardzero_only__c0p58__z1p00__lam0p000__nu0p50__psi0p00,hardzero_only,0.06,37,260,0.0,2,0.42411298,0.42411298,1.0210799,0.0,0.09526209,0.0,0.0,0.06,-26.168936,2.2464206,0.7488069,0.16,0.01,0.17771079,0.0,0.0,835200
hardzero_only__c0p58__z1p00__lam0p000__nu0p50__psi0p00,hardzero_only,0.06,37,261,0.0,2,0.42411298,0.42411298,1.0085329,0.0,0.09805441,0.0,0.0,0.06,-26.542458,2.2188168,0.7396056,0.192,0.0,0.17535515,0.0,0.0,838400
hardzero_only__c0p58__z1p00__lam0p000__nu0p50__psi0p00,hardzero_only,0.06,37,262,0.0,2,0.42411298,0.42411298,1.0058274,0.0,0.09866714,0.0,0.0,0.06,-27.508745,2.2128646,0.73762155,0.096,0.0,0.15962514,0.0,0.0,841600
hardzero_only__c0p58__z1p00__lam0p000__nu0p50__psi0p00,hardzero_only,0.06,37,263,0.0,2,0.42411298,0.42411298,1.0016392,0.0,0.09962327,0.0,0.0,0.06,-26.709127,2.2036505,0.7345502,0.2,0.0,0.2048468,0.0,0.0,844800
hardzero_only__c0p58__z1p00__lam0p000__nu0p50__psi0p00,hardzero_only,0.06,37,264,0.0,2,0.42411298,0.43048346,0.97397953,0.10617456,0.10617456,1.0,0.006370473,0.06,-25.960794,2.1427977,0.71426594,0.14400001,0.0,0.17080826,0.0,0.0,848000
hardzero_only__c0p58__z1p00__lam0p000__nu0p50__psi0p00,hardzero_only,0.06,37,265,0.0,2,0.43048346,0.43696925,0.96618825,0.10809652,0.10809652,1.0,0.006485791,0.06,-27.089966,2.1256566,0.70855224,0.16800001,0.0,0.18405302,0.0,0.0,851200
hardzero_only__c0p58__z1p00__lam0p000__nu0p50__psi0p00,hardzero_only,0.06,37,266,0.0,2,0.43696925,0.43696925,1.015791,0.0,0.09642927,0.0,0.0,0.06,-27.623053,2.2347848,0.7449283,0.15200001,0.0,0.1913231,0.0,0.0,854400
hardzero_only__c0p58__z1p00__lam0p000__nu0p50__psi0p00,hardzero_only,0.06,37,267,0.0,2,0.43696925,0.43696925,1.048577,0.0,0.0894176,0.0,0.0,0.06,-27.816818,2.3069153,0.7689718,0.18400002,0.0,0.18863925,0.0,0.0,857600
hardzero_only__c0p58__z1p00__lam0p000__nu0p50__psi0p00,hardzero_only,0.06,37,268,0.0,2,0.43696925,0.43696925,1.0064187,0.0,0.09853291,0.0,0.0,0.06,-26.164064,2.2141654,0.73805517,0.112,0.0,0.1793161,0.0,0.0,860800
hardzero_only__c0p58__z1p00__lam0p000__nu0p50__psi0p00,hardzero_only,0.06,37,269,0.0,2,0.43696925,0.44349605,0.96345097,0.10878,0.10878,1.0,0.0065268,0.06,-26.10208,2.1196344,0.7065448,0.208,0.0,0.18042761,0.0,0.0,864000
hardzero_only__c0p58__z1p00__lam0p000__nu0p50__psi0p00,hardzero_only,0.06,37,270,0.0,2,0.44349605,0.4496454,0.9893227,0.10248899,0.10248899,1.0,0.006149339,0.06,-27.099403,2.1765535,0.72551787,0.208,0.0,0.19056925,0.0,0.0,867200
hardzero_only__c0p58__z1p00__lam0p000__nu0p50__psi0p00,hardzero_only,0.06,37,271,0.0,2,0.4496454,0.4496454,1.008524,0.0,0.09805643,0.0,0.0,0.06,-27.922487,2.218797,0.739599,0.120000005,0.0,0.18835518,0.0,0.0,870400
hardzero_only__c0p58__z1p00__lam0p000__nu0p50__psi0p00,hardzero_only,0.06,37,272,0.0,2,0.4496454,0.45592478,0.9802349,0.10465622,0.10465622,1.0,0.006279373,0.06,-26.411535,2.15656,0.71885335,0.16000001,0.0,0.17860334,0.0,0.0,873600
hardzero_only__c0p58__z1p00__lam0p000__nu0p50__psi0p00,hardzero_only,0.06,37,273,0.0,2,0.45592478,0.46230507,0.97331154,0.10633798,0.10633798,1.0,0.0063802786,0.06,-26.28855,2.141328,0.71377605,0.14,0.0,0.18650083,0.0,0.0,876800
hardzero_only__c0p58__z1p00__lam0p000__nu0p50__psi0p00,hardzero_only,0.06,37,274,0.0,2,0.46230507,0.46858838,0.9799624,0.10472192,0.10472192,1.0,0.006283315,0.06,-26.278028,2.1559603,0.71865344,0.136,0.0,0.16137776,0.0,0.0,880000
hardzero_only__c0p58__z1p00__lam0p000__nu0p50__psi0p00,hardzero_only,0.06,37,275,0.0,2,0.46858838,0.46858838,1.0198014,0.0,0.09554293,0.0,0.0,0.06,-27.371819,2.2436078,0.74786925,0.104,0.0,0.16003539,0.0,0.0,883200
hardzero_only__c0p58__z1p00__lam0p000__nu0p50__psi0p00,hardzero_only,0.06,37,276,0.0,2,0.46858838,0.4751072,0.9639836,0.10864666,0.10864666,1.0,0.0065187993,0.06,-27.067541,2.1208062,0.7069354,0.16000001,0.0,0.18689924,0.0,0.0,886400
hardzero_only__c0p58__z1p00__lam0p000__nu0p50__psi0p00,hardzero_only,0.06,37,277,0.0,2,0.4751072,0.4751072,1.0208161,0.0,0.09531998,0.0,0.0,0.06,-26.667315,2.2458403,0.7486135,0.18400002,0.0,0.16535337,0.0,0.0,889600
hardzero_only__c0p58__z1p00__lam0p000__nu0p50__psi0p00,hardzero_only,0.06,37,278,0.0,2,0.4751072,0.4751072,1.0268685,0.0,0.09400079,0.0,0.0,0.06,-27.286724,2.2591558,0.75305194,0.120000005,0.0,0.18701819,0.0,0.0,892800
hardzero_only__c0p58__z1p00__lam0p000__nu0p50__psi0p00,hardzero_only,0.06,37,279,0.0,2,0.4751072,0.48185524,0.9489732,0.11246744,0.11246744,1.0,0.0067480463,0.06,-25.346504,2.0877826,0.69592756,0.24800001,0.008,0.17140335,0.0,0.0,896000
hardzero_only__c0p58__z1p00__lam0p000__nu0p50__psi0p00,hardzero_only,0.06,37,280,0.0,2,0.48185524,0.48185524,1.0232793,0.0,0.094780855,0.0,0.0,0.06,-27.041965,2.2512593,0.7504198,0.18400002,0.0,0.17632422,0.0,0.0,899200
hardzero_only__c0p58__z1p00__lam0p000__nu0p50__psi0p00,hardzero_only,0.06,37,281,0.0,2,0.48185524,0.48185524,1.0095911,0.0,0.09781578,0.0,0.0,0.06,-27.267673,2.2211447,0.7403816,0.128,0.0,0.16246395,0.0,0.0,902400
hardzero_only__c0p58__z1p00__lam0p000__nu0p50__psi0p00,hardzero_only,0.06,37,282,0.0,2,0.48185524,0.48185524,1.0308332,0.0,0.09314653,0.0,0.0,0.06,-27.923376,2.2678785,0.7559595,0.16800001,0.008,0.21037732,0.0,0.0,905600
hardzero_only__c0p58__z1p00__lam0p000__nu0p50__psi0p00,hardzero_only,0.06,37,283,0.0,2,0.48185524,0.48185524,1.0015032,0.0,0.099654466,0.0,0.0,0.06,-27.547657,2.203351,0.73445034,0.14400001,0.0,0.18627007,0.0,0.0,908800
hardzero_only__c0p58__z1p00__lam0p000__nu0p50__psi0p00,hardzero_only,0.06,37,284,0.0,2,0.48185524,0.48816857,0.97789276,0.105222166,0.105222166,1.0,0.0063133296,0.06,-26.539383,2.151407,0.71713567,0.16800001,0.0,0.21388568,0.0,0.0,912000
hardzero_only__c0p58__z1p00__lam0p000__nu0p50__psi0p00,hardzero_only,0.06,37,285,0.0,2,0.48816857,0.48816857,1.0077642,0.0,0.098228104,0.0,0.0,0.06,-26.506018,2.2171257,0.7390419,0.15200001,0.0,0.17591336,0.0,0.0,915200
hardzero_only__c0p58__z1p00__lam0p000__nu0p50__psi0p00,hardzero_only,0.06,37,286,0.0,2,0.48816857,0.48816857,1.000912,0.0,0.09979024,0.0,0.0,0.06,-26.391714,2.2020502,0.7340168,0.16,0.0,0.16345754,0.0,0.0,918400
hardzero_only__c0p58__z1p00__lam0p000__nu0p50__psi0p00,hardzero_only,0.06,37,287,0.0,2,0.48816857,0.48816857,1.0608721,0.0,0.08692163,0.0,0.0,0.06,-27.1441,2.3339653,0.77798843,0.16000001,0.0,0.1973327,0.0,0.0,921600
hardzero_only__c0p58__z1p00__lam0p000__nu0p50__psi0p00,hardzero_only,0.06,37,288,0.0,2,0.48816857,0.48816857,1.0507393,0.0,0.08897351,0.0,0.0,0.06,-27.342747,2.3116727,0.7705576,0.14400001,0.0,0.18729363,0.0,0.0,924800
hardzero_only__c0p58__z1p00__lam0p000__nu0p50__psi0p00,hardzero_only,0.06,37,289,0.0,2,0.48816857,0.48816857,1.0289927,0.0,0.093542136,0.0,0.0,0.06,-26.984186,2.263829,0.7546097,0.18400002,0.0,0.19185375,0.0,0.0,928000
hardzero_only__c0p58__z1p00__lam0p000__nu0p50__psi0p00,hardzero_only,0.06,37,290,0.0,2,0.48816857,0.48816857,1.0222943,0.0,0.094996095,0.0,0.0,0.06,-27.037296,2.2490923,0.74969745,0.136,0.0,0.18908356,0.0,0.0,931200
hardzero_only__c0p58__z1p00__lam0p000__nu0p50__psi0p00,hardzero_only,0.06,37,291,0.0,2,0.48816857,0.48816857,1.0266482,0.0,0.09404849,0.0,0.0,0.06,-28.2724,2.258671,0.75289035,0.208,0.008,0.17352223,0.0,0.0,934400
hardzero_only__c0p58__z1p00__lam0p000__nu0p50__psi0p00,hardzero_only,0.06,37,292,0.0,2,0.48816857,0.49478504,0.95752376,0.1102748,0.1102748,1.0,0.0066164876,0.06,-25.534962,2.1065943,0.70219815,0.192,0.0,0.17514127,0.0,0.0,937600
hardzero_only__c0p58__z1p00__lam0p000__nu0p50__psi0p00,hardzero_only,0.06,37,293,0.0,2,0.49478504,0.49478504,1.0269897,0.0,0.093974546,0.0,0.0,0.06,-27.677074,2.2594225,0.75314087,0.192,0.0,0.17788535,0.0,0.0,940800
hardzero_only__c0p58__z1p00__lam0p000__nu0p50__psi0p00,hardzero_only,0.06,37,294,0.0,2,0.49478504,0.49478504,1.0103625,0.0,0.09764219,0.0,0.0,0.06,-27.15089,2.222842,0.74094737,0.17600001,0.0,0.2075588,0.0,0.0,944000
hardzero_only__c0p58__z1p00__lam0p000__nu0p50__psi0p00,hardzero_only,0.06,37,295,0.0,2,0.49478504,0.49478504,1.0310444,0.0,0.093101285,0.0,0.0,0.06,-27.79562,2.268343,0.75611436,0.112,0.0,0.16677222,0.0,0.0,947200
hardzero_only__c0p58__z1p00__lam0p000__nu0p50__psi0p00,hardzero_only,0.06,37,296,0.0,2,0.49478504,0.50090396,0.99147767,0.10198171,0.10198171,1.0,0.0061189025,0.06,-27.307877,2.1812944,0.72709817,0.192,0.0,0.18444629,0.0,0.0,950400
hardzero_only__c0p58__z1p00__lam0p000__nu0p50__psi0p00,hardzero_only,0.06,37,297,0.0,2,0.50090396,0.5069524,0.9965072,0.10080747,0.10080747,1.0,0.0060484484,0.06,-26.941599,2.1923597,0.73078656,0.16800001,0.0,0.18352412,0.0,0.0,953600
hardzero_only__c0p58__z1p00__lam0p000__nu0p50__psi0p00,hardzero_only,0.06,37,298,0.0,2,0.5069524,0.5069524,1.0164376,0.0,0.09628581,0.0,0.0,0.06,-27.02778,2.2362075,0.7454025,0.16000001,0.0,0.20278506,0.0,0.0,956800
hardzero_only__c0p58__z1p00__lam0p000__nu0p50__psi0p00,hardzero_only,0.06,37,299,0.0,2,0.5069524,0.5069524,1.0079017,0.0,0.09819703,0.0,0.0,0.06,-26.278212,2.217428,0.73914266,0.12,0.0,0.16613054,0.0,0.0,960000
hardzero_only__c0p58__z1p00__lam0p000__nu0p50__psi0p00,hardzero_only,0.06,37,300,0.0,2,0.5069524,0.5132235,0.98080605,0.104518674,0.104518674,1.0,0.00627112,0.06,-26.702164,2.1578164,0.71927214,0.16800001,0.0,0.18207096,0.0,0.0,963200
hardzero_only__c0p58__z1p00__lam0p000__nu0p50__psi0p00,hardzero_only,0.06,37,301,0.0,2,0.5132235,0.5193131,0.9935652,0.1014927,0.1014927,1.0,0.006089562,0.06,-26.61577,2.185887,0.72862905,0.2,0.0,0.1798639,0.0,0.0,966400
hardzero_only__c0p58__z1p00__lam0p000__nu0p50__psi0p00,hardzero_only,0.06,37,302,0.0,2,0.5193131,0.525493,0.98716897,0.10299853,0.10299853,1.0,0.006179912,0.06,-27.073896,2.1718152,0.7239384,0.17600001,0.0,0.21698163,0.0,0.0,969600
hardzero_only__c0p58__z1p00__lam0p000__nu0p50__psi0p00,hardzero_only,0.06,37,303,0.0,2,0.525493,0.525493,1.0186906,0.0,0.09578762,0.0,0.0,0.06,-27.171068,2.241164,0.7470547,0.18400002,0.0,0.20883846,0.0,0.0,972800
hardzero_only__c0p58__z1p00__lam0p000__nu0p50__psi0p00,hardzero_only,0.06,37,304,0.0,2,0.525493,0.525493,1.0378267,0.0,0.09165863,0.0,0.0,0.06,-28.29192,2.2832642,0.7610881,0.16800001,0.0,0.21885331,0.0,0.0,976000
hardzero_only__c0p58__z1p00__lam0p000__nu0p50__psi0p00,hardzero_only,0.06,37,305,0.0,2,0.525493,0.525493,1.0024562,0.0,0.09943604,0.0,0.0,0.06,-27.879044,2.2054477,0.73514926,0.192,0.0,0.16083339,0.0,0.0,979200
hardzero_only__c0p58__z1p00__lam0p000__nu0p50__psi0p00,hardzero_only,0.06,37,306,0.0,2,0.525493,0.53266513,0.9225028,0.11953558,0.11953558,1.0,0.0071721347,0.06,-25.828163,2.0295467,0.6765156,0.16000001,0.0,0.15703541,0.0,0.0,982400
hardzero_only__c0p58__z1p00__lam0p000__nu0p50__psi0p00,hardzero_only,0.06,37,307,0.0,2,0.53266513,0.53266513,1.0255262,0.0,0.094291784,0.0,0.0,0.06,-27.207008,2.2562027,0.75206757,0.16800001,0.0,0.17547853,0.0,0.0,985600
hardzero_only__c0p58__z1p00__lam0p000__nu0p50__psi0p00,hardzero_only,0.06,37,308,0.0,2,0.53266513,0.53266513,1.0219041,0.0,0.09508148,0.0,0.0,0.06,-26.55812,2.248234,0.74941134,0.16000001,0.0,0.20268904,0.0,0.0,988800
hardzero_only__c0p58__z1p00__lam0p000__nu0p50__psi0p00,hardzero_only,0.06,37,309,0.0,2,0.53266513,0.538763,0.9929732,0.10163114,0.10163114,1.0,0.0060978686,0.06,-26.982382,2.1845846,0.7281949,0.128,0.0,0.18284598,0.0,0.0,992000
hardzero_only__c0p58__z1p00__lam0p000__nu0p50__psi0p00,hardzero_only,0.06,37,310,0.0,2,0.538763,0.538763,1.0499038,0.0,0.08914484,0.0,0.0,0.06,-28.264555,2.3098345,0.76994485,0.224,0.0,0.20406401,0.0,0.0,995200
hardzero_only__c0p58__z1p00__lam0p000__nu0p50__psi0p00,hardzero_only,0.06,37,311,0.0,2,0.538763,0.538763,1.0086265,0.0,0.09803328,0.0,0.0,0.06,-27.294487,2.2190225,0.7396742,0.128,0.0,0.17742282,0.0,0.0,998400
hardzero_only__c0p58__z1p00__lam0p000__nu0p50__psi0p00,hardzero_only,0.06,37,312,0.0,2,0.538763,0.54490995,0.9894921,0.10244902,0.10244902,1.0,0.0061469413,0.06,-27.291819,2.1769261,0.7256421,0.14999999,0.0,0.18668,0.0,0.0,1001600
hardzero_only__c0p58__z1p00__lam0p000__nu0p50__psi0p00,hardzero_only,0.06,37,313,0.0,2,0.54490995,0.54490995,1.0338624,0.0,0.09249912,0.0,0.0,0.06,-26.744797,2.2745426,0.75818086,0.2,0.0,0.17593516,0.0,0.0,1004800
hardzero_only__c0p58__z1p00__lam0p000__nu0p50__psi0p00,hardzero_only,0.06,37,314,0.0,2,0.54490995,0.54490995,1.0311289,0.0,0.09308315,0.0,0.0,0.06,-28.645046,2.268529,0.75617635,0.128,0.0,0.18964116,0.0,0.0,1008000
hardzero_only__c0p58__z1p00__lam0p000__nu0p50__psi0p00,hardzero_only,0.06,37,315,0.0,2,0.54490995,0.54490995,1.0090078,0.0,0.09794723,0.0,0.0,0.06,-27.328201,2.2198615,0.7399539,0.14400001,0.0,0.1932753,0.0,0.0,1011200
hardzero_only__c0p58__z1p00__lam0p000__nu0p50__psi0p00,hardzero_only,0.06,37,316,0.0,2,0.54490995,0.54490995,1.0039549,0.0,0.09909349,0.0,0.0,0.06,-26.697584,2.2087448,0.73624825,0.16000001,0.0,0.17510241,0.0,0.0,1014400
hardzero_only__c0p58__z1p00__lam0p000__nu0p50__psi0p00,hardzero_only,0.06,37,317,0.0,2,0.54490995,0.54490995,1.0154315,0.0,0.09650913,0.0,0.0,0.06,-27.15094,2.233994,0.74466467,0.120000005,0.0,0.17550789,0.0,0.0,1017600
hardzero_only__c0p58__z1p00__lam0p000__nu0p50__psi0p00,hardzero_only,0.06,37,318,0.0,2,0.54490995,0.5509749,0.9953246,0.10108237,0.10108237,1.0,0.006064942,0.06,-26.85126,2.1897578,0.7299193,0.120000005,0.0,0.17480241,0.0,0.0,1020800
hardzero_only__c0p58__z1p00__lam0p000__nu0p50__psi0p00,hardzero_only,0.06,37,319,0.0,2,0.5509749,0.5573615,0.9728849,0.10644252,0.10644252,1.0,0.006386551,0.06,-26.739359,2.1403894,0.7134632,0.136,0.0,0.18000929,0.0,0.0,1024000
hardzero_only__c0p58__z1p00__lam0p000__nu0p50__psi0p00,hardzero_only,0.06,37,320,0.0,2,0.5573615,0.5638434,0.96644664,0.10803224,0.10803224,1.0,0.0064819343,0.06,-26.766481,2.126225,0.70874166,0.23200001,0.0,0.16295819,0.0,0.0,1027200
hardzero_only__c0p58__z1p00__lam0p000__nu0p50__psi0p00,hardzero_only,0.06,37,321,0.0,2,0.5638434,0.57007205,0.98376036,0.103810094,0.103810094,1.0,0.0062286058,0.06,-26.569384,2.164316,0.72143865,0.224,0.0,0.1874421,0.0,0.0,1030400
hardzero_only__c0p58__z1p00__lam0p000__nu0p50__psi0p00,hardzero_only,0.06,37,322,0.0,2,0.57007205,0.57007205,1.0331781,0.0,0.09264499,0.0,0.0,0.06,-27.298368,2.2730372,0.7576791,0.16000001,0.0,0.19587478,0.0,0.0,1033600
hardzero_only__c0p58__z1p00__lam0p000__nu0p50__psi0p00,hardzero_only,0.06,37,323,0.0,2,0.57007205,0.5761262,0.99609715,0.10090272,0.10090272,1.0,0.006054163,0.06,-27.052404,2.1914575,0.73048586,0.16000001,0.0,0.18295917,0.0,0.0,1036800
hardzero_only__c0p58__z1p00__lam0p000__nu0p50__psi0p00,hardzero_only,0.06,37,324,0.0,2,0.5761262,0.5824158,0.97952706,0.104826935,0.104826935,1.0,0.0062896158,0.06,-26.799437,2.1550026,0.7183342,0.15200001,0.0,0.17608425,0.0,0.0,1040000
hardzero_only__c0p58__z1p00__lam0p000__nu0p50__psi0p00,hardzero_only,0.06,37,325,1.0,3,0.5824158,0.0024158359,1.0052428,0.0,0.09880005,0.0,0.0,0.06,-26.972616,2.2115784,0.7371928,0.14,0.0,0.15940408,0.0,0.0,1043200
hardzero_only__c0p58__z1p00__lam0p000__nu0p50__psi0p00,hardzero_only,0.06,37,326,0.0,3,0.0024158359,0.0024158359,1.013822,0.0,0.09686749,0.0,0.0,0.06,-27.248274,2.2304528,0.74348426,0.16000001,0.0,0.19182625,0.0,0.0,1046400
hardzero_only__c0p58__z1p00__lam0p000__nu0p50__psi0p00,hardzero_only,0.06,37,327,0.0,3,0.0024158359,0.00904057,0.95698285,0.110412225,0.110412225,1.0,0.0066247336,0.06,-25.64935,2.1054044,0.7018015,0.104,0.0,0.15447329,0.0,0.0,1049600
hardzero_only__c0p58__z1p00__lam0p000__nu0p50__psi0p00,hardzero_only,0.06,37,328,0.0,3,0.00904057,0.015397713,0.9748893,0.10595238,0.10595238,1.0,0.0063571427,0.06,-25.749126,2.1447992,0.7149331,0.16800001,0.0,0.19264922,0.0,0.0,1052800
hardzero_only__c0p58__z1p00__lam0p000__nu0p50__psi0p00,hardzero_only,0.06,37,329,0.0,3,0.015397713,0.021525923,0.9908175,0.10213685,0.10213685,1.0,0.006128211,0.06,-26.668533,2.179842,0.726614,0.112,0.0,0.15674183,0.0,0.0,1056000
hardzero_only__c0p58__z1p00__lam0p000__nu0p50__psi0p00,hardzero_only,0.06,37,330,0.0,3,0.021525923,0.027932364,0.9715344,0.10677403,0.10677403,1.0,0.006406442,0.06,-26.25701,2.1374183,0.7124728,0.192,0.0,0.17281586,0.0,0.0,1059200
hardzero_only__c0p58__z1p00__lam0p000__nu0p50__psi0p00,hardzero_only,0.06,37,331,0.0,3,0.027932364,0.034609757,0.95354444,0.11128985,0.11128985,1.0,0.006677391,0.06,-26.539726,2.0978396,0.6992799,0.16800001,0.0,0.16254432,0.0,0.0,1062400
hardzero_only__c0p58__z1p00__lam0p000__nu0p50__psi0p00,hardzero_only,0.06,37,332,0.0,3,0.034609757,0.041363172,0.9486279,0.112556905,0.112556905,1.0,0.006753414,0.06,-25.724392,2.087023,0.69567436,0.16800001,0.0,0.16063924,0.0,0.0,1065600
hardzero_only__c0p58__z1p00__lam0p000__nu0p50__psi0p00,hardzero_only,0.06,37,333,0.0,3,0.041363172,0.047808807,0.9688855,0.10742726,0.10742726,1.0,0.0064456356,0.06,-26.700846,2.1315906,0.7105302,0.208,0.0,0.17767645,0.0,0.0,1068800
hardzero_only__c0p58__z1p00__lam0p000__nu0p50__psi0p00,hardzero_only,0.06,37,334,0.0,3,0.047808807,0.054908045,0.9269396,0.11832059,0.11832059,1.0,0.0070992354,0.06,-26.215662,2.0393078,0.6797693,0.16000001,0.0,0.17157833,0.0,0.0,1072000
hardzero_only__c0p58__z1p00__lam0p000__nu0p50__psi0p00,hardzero_only,0.06,37,335,0.0,3,0.054908045,0.06126637,0.97480845,0.10597209,0.10597209,1.0,0.006358325,0.06,-26.377565,2.1446214,0.7148738,0.15200001,0.0,0.17966877,0.0,0.0,1075200
hardzero_only__c0p58__z1p00__lam0p000__nu0p50__psi0p00,hardzero_only,0.06,37,336,0.0,3,0.06126637,0.06126637,1.0068394,0.0,0.09843751,0.0,0.0,0.06,-27.145657,2.215091,0.7383637,0.16000001,0.0,0.18388869,0.0,0.0,1078400
hardzero_only__c0p58__z1p00__lam0p000__nu0p50__psi0p00,hardzero_only,0.06,37,337,0.0,3,0.06126637,0.06759291,0.97698474,0.10544238,0.10544238,1.0,0.0063265427,0.06,-26.705935,2.1494093,0.71646976,0.14400001,0.0,0.1686674,0.0,0.0,1081600
hardzero_only__c0p58__z1p00__lam0p000__nu0p50__psi0p00,hardzero_only,0.06,37,338,0.0,3,0.06759291,0.073651075,0.99581,0.10096945,0.10096945,1.0,0.0060581667,0.06,-27.992714,2.1908257,0.7302753,0.21,0.0,0.18304043,0.0,0.0,1084800
hardzero_only__c0p58__z1p00__lam0p000__nu0p50__psi0p00,hardzero_only,0.06,37,339,0.0,3,0.073651075,0.08066684,0.9320759,0.11692948,0.11692948,1.0,0.0070157684,0.06,-25.153458,2.050608,0.683536,0.17600001,0.0,0.17399493,0.0,0.0,1088000
hardzero_only__c0p58__z1p00__lam0p000__nu0p50__psi0p00,hardzero_only,0.06,37,340,0.0,3,0.08066684,0.08066684,1.013413,0.0,0.09695875,0.0,0.0,0.06,-27.917877,2.229553,0.7431843,0.192,0.0,0.17000496,0.0,0.0,1091200
hardzero_only__c0p58__z1p00__lam0p000__nu0p50__psi0p00,hardzero_only,0.06,37,341,0.0,3,0.08066684,0.08784754,0.9219846,0.11967828,0.11967828,1.0,0.007180697,0.06,-25.351341,2.0284066,0.67613554,0.24800001,0.0,0.14900622,0.0,0.0,1094400
hardzero_only__c0p58__z1p00__lam0p000__nu0p50__psi0p00,hardzero_only,0.06,37,342,0.0,3,0.08784754,0.093911886,0.9953673,0.10107244,0.10107244,1.0,0.006064346,0.06,-26.758377,2.1898518,0.7299506,0.2,0.0,0.17899857,0.0,0.0,1097600
hardzero_only__c0p58__z1p00__lam0p000__nu0p50__psi0p00,hardzero_only,0.06,37,343,0.0,3,0.093911886,0.10042326,0.9644784,0.10852297,0.10852297,1.0,0.0065113776,0.06,-26.926056,2.1218948,0.7072983,0.224,0.0,0.18598373,0.0,0.0,1100800
hardzero_only__c0p58__z1p00__lam0p000__nu0p50__psi0p00,hardzero_only,0.06,37,344,0.0,3,0.10042326,0.1068343,0.9712229,0.10685063,0.10685063,1.0,0.006411038,0.06,-25.670595,2.136733,0.7122444,0.208,0.0,0.14931826,0.0,0.0,1104000
hardzero_only__c0p58__z1p00__lam0p000__nu0p50__psi0p00,hardzero_only,0.06,37,345,0.0,3,0.1068343,0.1130639,0.983691,0.10382669,0.10382669,1.0,0.006229601,0.06,-26.276249,2.1641634,0.7213878,0.15200001,0.0,0.17474554,0.0,0.0,1107200
hardzero_only__c0p58__z1p00__lam0p000__nu0p50__psi0p00,hardzero_only,0.06,37,346,0.0,3,0.1130639,0.1130639,1.0451828,0.0,0.09011917,0.0,0.0,0.06,-27.24793,2.2994483,0.7664828,0.16000001,0.0,0.18690622,0.0,0.0,1110400
hardzero_only__c0p58__z1p00__lam0p000__nu0p50__psi0p00,hardzero_only,0.06,37,347,0.0,3,0.1130639,0.119073436,0.99931043,0.10015891,0.10015891,1.0,0.0060095345,0.06,-27.121353,2.1985269,0.7328423,0.15200001,0.0,0.17434913,0.0,0.0,1113600
hardzero_only__c0p58__z1p00__lam0p000__nu0p50__psi0p00,hardzero_only,0.06,37,348,0.0,3,0.119073436,0.12531096,0.98313916,0.1039587,0.1039587,1.0,0.0062375222,0.06,-26.59792,2.1629493,0.72098315,0.104,0.0,0.18567441,0.0,0.0,1116800
hardzero_only__c0p58__z1p00__lam0p000__nu0p50__psi0p00,hardzero_only,0.06,37,349,0.0,3,0.12531096,0.13158034,0.98092675,0.104489654,0.104489654,1.0,0.006269379,0.06,-26.854084,2.158082,0.7193607,0.18400002,0.0,0.1971152,0.0,0.0,1120000
hardzero_only__c0p58__z1p00__lam0p000__nu0p50__psi0p00,hardzero_only,0.06,37,350,0.0,3,0.13158034,0.13158034,1.0261701,0.0,0.09415208,0.0,0.0,0.06,-28.241611,2.2576194,0.7525398,0.17600001,0.008,0.2188383,0.0,0.0,1123200
hardzero_only__c0p58__z1p00__lam0p000__nu0p50__psi0p00,hardzero_only,0.06,37,351,0.0,3,0.13158034,0.13820635,0.95689946,0.11043342,0.11043342,1.0,0.0066260053,0.06,-25.766195,2.1052208,0.70174026,0.21,0.0,0.13076048,0.0,0.0,1126400
hardzero_only__c0p58__z1p00__lam0p000__nu0p50__psi0p00,hardzero_only,0.06,37,352,0.0,3,0.13820635,0.14466123,0.9682628,0.10758141,0.10758141,1.0,0.006454884,0.06,-26.958164,2.1302207,0.7100736,0.224,0.0,0.1841649,0.0,0.0,1129600
hardzero_only__c0p58__z1p00__lam0p000__nu0p50__psi0p00,hardzero_only,0.06,37,353,0.0,3,0.14466123,0.14466123,1.0051442,0.0,0.098822474,0.0,0.0,0.06,-26.974314,2.2113614,0.7371205,0.18400002,0.0,0.17685257,0.0,0.0,1132800
hardzero_only__c0p58__z1p00__lam0p000__nu0p50__psi0p00,hardzero_only,0.06,37,354,0.0,3,0.14466123,0.14466123,1.0286212,0.0,0.09362219,0.0,0.0,0.06,-27.456537,2.2630117,0.75433725,0.15200001,0.0,0.17857221,0.0,0.0,1136000
hardzero_only__c0p58__z1p00__lam0p000__nu0p50__psi0p00,hardzero_only,0.06,37,355,0.0,3,0.14466123,0.15127957,0.9574024,0.11030561,0.11030561,1.0,0.0066183363,0.06,-26.227407,2.1063273,0.7021091,0.208,0.0,0.15651873,0.0,0.0,1139200
hardzero_only__c0p58__z1p00__lam0p000__nu0p50__psi0p00,hardzero_only,0.06,37,356,0.0,3,0.15127957,0.15741256,0.9904792,0.10221646,0.10221646,1.0,0.0061329873,0.06,-27.233929,2.1790977,0.7263659,0.16000001,0.0,0.17284526,0.0,0.0,1142400
hardzero_only__c0p58__z1p00__lam0p000__nu0p50__psi0p00,hardzero_only,0.06,37,357,0.0,3,0.15741256,0.15741256,1.0304756,0.0,0.09322327,0.0,0.0,0.06,-28.039034,2.2670918,0.75569725,0.15200001,0.0,0.19824721,0.0,0.0,1145600
hardzero_only__c0p58__z1p00__lam0p000__nu0p50__psi0p00,hardzero_only,0.06,37,358,0.0,3,0.15741256,0.16421832,0.9452743,0.11342942,0.11342942,1.0,0.006805765,0.06,-26.448082,2.079645,0.693215,0.208,0.0,0.18110864,0.0,0.0,1148800
hardzero_only__c0p58__z1p00__lam0p000__nu0p50__psi0p00,hardzero_only,0.06,37,359,0.0,3,0.16421832,0.17073993,0.9637961,0.108693585,0.108693585,1.0,0.0065216147,0.06,-27.248411,2.1203938,0.70679796,0.16800001,0.0,0.16755591,0.0,0.0,1152000
hardzero_only__c0p58__z1p00__lam0p000__nu0p50__psi0p00,hardzero_only,0.06,37,360,0.0,3,0.17073993,0.17688479,0.98964006,0.102414146,0.102414146,1.0,0.0061448487,0.06,-27.201788,2.1772516,0.72575057,0.128,0.0,0.15582322,0.0,0.0,1155200
hardzero_only__c0p58__z1p00__lam0p000__nu0p50__psi0p00,hardzero_only,0.06,37,361,0.0,3,0.17688479,0.18354388,0.9547367,0.11098474,0.11098474,1.0,0.0066590845,0.06,-26.023983,2.1004627,0.70015424,0.16800001,0.0,0.16669588,0.0,0.0,1158400
hardzero_only__c0p58__z1p00__lam0p000__nu0p50__psi0p00,hardzero_only,0.06,37,362,0.0,3,0.18354388,0.18354388,1.0265836,0.0,0.094062485,0.0,0.0,0.06,-28.004496,2.258529,0.752843,0.18400002,0.0,0.19302833,0.0,0.0,1161600
hardzero_only__c0p58__z1p00__lam0p000__nu0p50__psi0p00,hardzero_only,0.06,37,363,0.0,3,0.18354388,0.19082049,0.91622245,0.121276736,0.121276736,1.0,0.007276604,0.06,-26.02199,2.0157297,0.6719099,0.16800001,0.0,0.16489704,0.0,0.0,1164800
hardzero_only__c0p58__z1p00__lam0p000__nu0p50__psi0p00,hardzero_only,0.06,37,364,0.0,3,0.19082049,0.19766334,0.9429143,0.11404748,0.11404748,1.0,0.006842849,0.06,-26.59258,2.0744529,0.69148433,0.22999999,0.0,0.18244638,0.0,0.0,1168000
hardzero_only__c0p58__z1p00__lam0p000__nu0p50__psi0p00,hardzero_only,0.06,37,365,0.0,3,0.19766334,0.20422909,0.96086705,0.10942913,0.10942913,1.0,0.006565748,0.06,-26.564,2.1139498,0.7046499,0.216,0.0,0.16829379,0.0,0.0,1171200
hardzero_only__c0p58__z1p00__lam0p000__nu0p50__psi0p00,hardzero_only,0.06,37,366,0.0,3,0.20422909,0.21109931,0.94118017,0.114503786,0.114503786,1.0,0.006870227,0.06,-27.278372,2.0706377,0.6902126,0.24800001,0.0,0.15000433,0.0,0.0,1174400
hardzero_only__c0p58__z1p00__lam0p000__nu0p50__psi0p00,hardzero_only,0.06,37,367,0.0,3,0.21109931,0.21109931,1.0079464,0.0,0.09818691,0.0,0.0,0.06,-26.903273,2.2175262,0.73917544,0.16800001,0.0,0.1870861,0.0,0.0,1177600
hardzero_only__c0p58__z1p00__lam0p000__nu0p50__psi0p00,hardzero_only,0.06,37,368,0.0,3,0.21109931,0.21721019,0.9920475,0.101847984,0.101847984,1.0,0.006110879,0.06,-26.774178,2.182548,0.72751606,0.2,0.0,0.18231218,0.0,0.0,1180800
hardzero_only__c0p58__z1p00__lam0p000__nu0p50__psi0p00,hardzero_only,0.06,37,369,0.0,3,0.21721019,0.22365032,0.96925694,0.10733543,0.10733543,1.0,0.006440126,0.06,-25.901045,2.132408,0.7108027,0.208,0.0,0.15633725,0.0,0.0,1184000
hardzero_only__c0p58__z1p00__lam0p000__nu0p50__psi0p00,hardzero_only,0.06,37,370,0.0,3,0.22365032,0.22365032,1.0341802,0.0,0.09243147,0.0,0.0,0.06,-27.136248,2.2752419,0.758414,0.14400001,0.0,0.17165662,0.0,0.0,1187200
hardzero_only__c0p58__z1p00__lam0p000__nu0p50__psi0p00,hardzero_only,0.06,37,371,0.0,3,0.22365032,0.23040992,0.94823015,0.11266003,0.11266003,1.0,0.0067596016,0.06,-25.878191,2.086148,0.6953827,0.24000001,0.008,0.15265445,0.0,0.0,1190400
hardzero_only__c0p58__z1p00__lam0p000__nu0p50__psi0p00,hardzero_only,0.06,37,372,0.0,3,0.23040992,0.23683202,0.9704743,0.107034974,0.107034974,1.0,0.0064220983,0.06,-27.575897,2.135086,0.7116954,0.216,0.0,0.20343398,0.0,0.0,1193600
hardzero_only__c0p58__z1p00__lam0p000__nu0p50__psi0p00,hardzero_only,0.06,37,373,0.0,3,0.23683202,0.24358134,0.94889176,0.112488516,0.112488516,1.0,0.006749311,0.06,-26.270409,2.0876036,0.6958679,0.16800001,0.0,0.17741138,0.0,0.0,1196800
hardzero_only__c0p58__z1p00__lam0p000__nu0p50__psi0p00,hardzero_only,0.06,37,374,0.0,3,0.24358134,0.24970256,0.9913133,0.10202032,0.10202032,1.0,0.006121219,0.06,-26.884266,2.1809328,0.7269776,0.14400001,0.0,0.16853331,0.0,0.0,1200000
hardzero_only__c0p58__z1p00__lam0p000__nu0p50__psi0p00,hardzero_only,0.06,37,375,0.0,3,0.24970256,0.24970256,1.0038544,0.0,0.099116415,0.0,0.0,0.06,-26.998089,2.2085238,0.7361746,0.16800001,0.0,0.17976329,0.0,0.0,1203200
hardzero_only__c0p58__z1p00__lam0p000__nu0p50__psi0p00,hardzero_only,0.06,37,376,0.0,3,0.24970256,0.25592768,0.98400295,0.10375213,0.10375213,1.0,0.0062251277,0.06,-26.279886,2.1648498,0.7216166,0.16800001,0.0,0.17523651,0.0,0.0,1206400
hardzero_only__c0p58__z1p00__lam0p000__nu0p50__psi0p00,hardzero_only,0.06,37,377,0.0,3,0.25592768,0.26217085,0.9827459,0.10405288,0.10405288,1.0,0.0062431726,0.06,-27.337006,2.162084,0.7206947,0.13,0.0,0.16867033,0.0,0.0,1209600
hardzero_only__c0p58__z1p00__lam0p000__nu0p50__psi0p00,hardzero_only,0.06,37,378,0.0,3,0.26217085,0.26887473,0.9518241,0.11173156,0.11173156,1.0,0.006703893,0.06,-25.567402,2.094055,0.6980183,0.23200001,0.0,0.15698035,0.0,0.0,1212800
hardzero_only__c0p58__z1p00__lam0p000__nu0p50__psi0p00,hardzero_only,0.06,37,379,0.0,3,0.26887473,0.27490142,0.9980733,0.10044463,0.10044463,1.0,0.006026678,0.06,-26.899376,2.195805,0.731935,0.16800001,0.0,0.16994709,0.0,0.0,1216000
hardzero_only__c0p58__z1p00__lam0p000__nu0p50__psi0p00,hardzero_only,0.06,37,380,0.0,3,0.27490142,0.28157783,0.9536077,0.11127364,0.11127364,1.0,0.0066764182,0.06,-26.331957,2.0979788,0.6993263,0.224,0.0,0.16605043,0.0,0.0,1219200
hardzero_only__c0p58__z1p00__lam0p000__nu0p50__psi0p00,hardzero_only,0.06,37,381,0.0,3,0.28157783,0.28789708,0.97748584,0.1053208,0.1053208,1.0,0.0063192477,0.06,-27.357155,2.1505117,0.7168373,0.16800001,0.0,0.17212896,0.0,0.0,1222400
hardzero_only__c0p58__z1p00__lam0p000__nu0p50__psi0p00,hardzero_only,0.06,37,382,0.0,3,0.28789708,0.29419962,0.9786357,0.105042316,0.105042316,1.0,0.006302539,0.06,-26.994997,2.1530416,0.7176806,0.128,0.0,0.17129229,0.0,0.0,1225600
hardzero_only__c0p58__z1p00__lam0p000__nu0p50__psi0p00,hardzero_only,0.06,37,383,0.0,3,0.29419962,0.30110464,0.9389871,0.115083456,0.115083456,1.0,0.006905007,0.06,-26.11361,2.0658128,0.6886043,0.120000005,0.0,0.16946197,0.0,0.0,1228800
hardzero_only__c0p58__z1p00__lam0p000__nu0p50__psi0p00,hardzero_only,0.06,37,384,0.0,3,0.30110464,0.3080946,0.93367654,0.116499335,0.116499335,1.0,0.00698996,0.06,-25.578903,2.0541294,0.6847098,0.15200001,0.0,0.16518262,0.0,0.0,1232000
hardzero_only__c0p58__z1p00__lam0p000__nu0p50__psi0p00,hardzero_only,0.06,37,385,0.0,3,0.3080946,0.3146074,0.9643815,0.10854716,0.10854716,1.0,0.0065128296,0.06,-26.515743,2.1216817,0.70722723,0.17600001,0.0,0.18903278,0.0,0.0,1235200
hardzero_only__c0p58__z1p00__lam0p000__nu0p50__psi0p00,hardzero_only,0.06,37,386,0.0,3,0.3146074,0.32193,0.91348773,0.12204283,0.12204283,1.0,0.0073225694,0.06,-25.1666,2.0097132,0.6699044,0.2,0.0,0.16270584,0.0,0.0,1238400
hardzero_only__c0p58__z1p00__lam0p000__nu0p50__psi0p00,hardzero_only,0.06,37,387,0.0,3,0.32193,0.3289897,0.9293636,0.11766204,0.11766204,1.0,0.007059722,0.06,-26.242422,2.0446408,0.6815469,0.15200001,0.0,0.16697173,0.0,0.0,1241600
hardzero_only__c0p58__z1p00__lam0p000__nu0p50__psi0p00,hardzero_only,0.06,37,388,0.0,3,0.3289897,0.3289897,1.0037409,0.0,0.09914231,0.0,0.0,0.06,-27.151634,2.2082741,0.7360914,0.136,0.0,0.17481083,0.0,0.0,1244800
hardzero_only__c0p58__z1p00__lam0p000__nu0p50__psi0p00,hardzero_only,0.06,37,389,0.0,3,0.3289897,0.33526856,0.98027134,0.10464744,0.10464744,1.0,0.0062788464,0.06,-27.35475,2.15664,0.71888006,0.192,0.0,0.1696434,0.0,0.0,1248000
hardzero_only__c0p58__z1p00__lam0p000__nu0p50__psi0p00,hardzero_only,0.06,37,390,0.0,3,0.33526856,0.33526856,1.0373907,0.0,0.091750674,0.0,0.0,0.06,-27.415169,2.282305,0.76076835,0.07,0.0,0.20229624,0.0,0.0,1251200
hardzero_only__c0p58__z1p00__lam0p000__nu0p50__psi0p00,hardzero_only,0.06,37,391,0.0,3,0.33526856,0.34195805,0.95275897,0.11149132,0.11149132,1.0,0.006689479,0.06,-25.723227,2.0961115,0.6987039,0.17600001,0.0,0.15653044,0.0,0.0,1254400
hardzero_only__c0p58__z1p00__lam0p000__nu0p50__psi0p00,hardzero_only,0.06,37,392,0.0,3,0.34195805,0.3488392,0.9404905,0.114685774,0.114685774,1.0,0.006881146,0.06,-26.003157,2.0691204,0.6897068,0.16800001,0.0,0.17091495,0.0,0.0,1257600
hardzero_only__c0p58__z1p00__lam0p000__nu0p50__psi0p00,hardzero_only,0.06,37,393,0.0,3,0.3488392,0.3488392,1.0249643,0.0,0.09441384,0.0,0.0,0.06,-27.341177,2.2549665,0.7516555,0.128,0.0,0.17271875,0.0,0.0,1260800
hardzero_only__c0p58__z1p00__lam0p000__nu0p50__psi0p00,hardzero_only,0.06,37,394,0.0,3,0.3488392,0.3488392,1.0003635,0.0,0.09991635,0.0,0.0,0.06,-26.72595,2.2008436,0.73361456,0.120000005,0.0,0.17663072,0.0,0.0,1264000
hardzero_only__c0p58__z1p00__lam0p000__nu0p50__psi0p00,hardzero_only,0.06,37,395,0.0,3,0.3488392,0.3488392,1.0023631,0.0,0.09945735,0.0,0.0,0.06,-26.61545,2.2052429,0.73508096,0.16000001,0.0,0.17786522,0.0,0.0,1267200
hardzero_only__c0p58__z1p00__lam0p000__nu0p50__psi0p00,hardzero_only,0.06,37,396,0.0,3,0.3488392,0.35579908,0.9355486,0.11599824,0.11599824,1.0,0.006959894,0.06,-25.95736,2.058248,0.6860827,0.2,0.0,0.15083985,0.0,0.0,1270400
hardzero_only__c0p58__z1p00__lam0p000__nu0p50__psi0p00,hardzero_only,0.06,37,397,0.0,3,0.35579908,0.36217508,0.9736025,0.10626677,0.10626677,1.0,0.0063760057,0.06,-26.662773,2.1419683,0.71398944,0.18400002,0.0,0.16197741,0.0,0.0,1273600
hardzero_only__c0p58__z1p00__lam0p000__nu0p50__psi0p00,hardzero_only,0.06,37,398,0.0,3,0.36217508,0.36217508,1.0199823,0.0,0.09550315,0.0,0.0,0.06,-26.572838,2.244006,0.748002,0.14400001,0.0,0.16388096,0.0,0.0,1276800
hardzero_only__c0p58__z1p00__lam0p000__nu0p50__psi0p00,hardzero_only,0.06,37,399,0.0,3,0.36217508,0.36845255,0.98036575,0.10462469,0.10462469,1.0,0.006277481,0.06,-26.533207,2.1568477,0.71894926,0.16800001,0.0,0.20246965,0.0,0.0,1280000
hardzero_only__c0p58__z1p00__lam0p000__nu0p50__psi0p00,hardzero_only,0.06,37,400,0.0,3,0.36845255,0.36845255,1.0110854,0.0,0.09747979,0.0,0.0,0.06,-26.687696,2.2244322,0.74147743,0.17600001,0.0,0.17081681,0.0,0.0,1283200
hardzero_only__c0p58__z1p00__lam0p000__nu0p50__psi0p00,hardzero_only,0.06,37,401,0.0,3,0.36845255,0.3745598,0.99230516,0.10178759,0.10178759,1.0,0.0061072554,0.06,-27.115713,2.183115,0.727705,0.16800001,0.0,0.1769618,0.0,0.0,1286400
hardzero_only__c0p58__z1p00__lam0p000__nu0p50__psi0p00,hardzero_only,0.06,37,402,0.0,3,0.3745598,0.38056815,0.99939454,0.100139506,0.100139506,1.0,0.0060083703,0.06,-26.720364,2.1987119,0.73290396,0.2,0.0,0.19692107,0.0,0.0,1289600
hardzero_only__c0p58__z1p00__lam0p000__nu0p50__psi0p00,hardzero_only,0.06,37,403,0.0,3,0.38056815,0.38703623,0.9673756,0.1078014,0.1078014,1.0,0.0064680837,0.06,-26.680986,2.1282687,0.70942295,0.21,0.0,0.18691804,0.0,0.0,1292800
hardzero_only__c0p58__z1p00__lam0p000__nu0p50__psi0p00,hardzero_only,0.06,37,404,0.0,3,0.38703623,0.3939562,0.93804646,0.115332976,0.115332976,1.0,0.006919978,0.06,-25.935001,2.0637434,0.6879145,0.24000001,0.0,0.15055375,0.0,0.0,1296000
hardzero_only__c0p58__z1p00__lam0p000__nu0p50__psi0p00,hardzero_only,0.06,37,405,0.0,3,0.3939562,0.39997426,0.9986966,0.10030057,0.10030057,1.0,0.006018034,0.06,-27.201616,2.1971765,0.7323922,0.16000001,0.0,0.16372493,0.0,0.0,1299200
hardzero_only__c0p58__z1p00__lam0p000__nu0p50__psi0p00,hardzero_only,0.06,37,406,0.0,3,0.39997426,0.39997426,1.033507,0.0,0.09257484,0.0,0.0,0.06,-28.181152,2.2737608,0.75792027,0.096,0.0,0.17497425,0.0,0.0,1302400
hardzero_only__c0p58__z1p00__lam0p000__nu0p50__psi0p00,hardzero_only,0.06,37,407,0.0,3,0.39997426,0.39997426,1.0047331,0.0,0.09891608,0.0,0.0,0.06,-27.241926,2.2104568,0.73681897,0.120000005,0.0,0.17669144,0.0,0.0,1305600
hardzero_only__c0p58__z1p00__lam0p000__nu0p50__psi0p00,hardzero_only,0.06,37,408,0.0,3,0.39997426,0.4061081,0.9904167,0.10223115,0.10223115,1.0,0.006133869,0.06,-25.758268,2.1789603,0.72632015,0.18400002,0.0,0.17356086,0.0,0.0,1308800
hardzero_only__c0p58__z1p00__lam0p000__nu0p50__psi0p00,hardzero_only,0.06,37,409,0.0,3,0.4061081,0.4061081,1.0262381,0.0,0.094137326,0.0,0.0,0.06,-27.601505,2.2577689,0.75258964,0.15200001,0.0,0.17930514,0.0,0.0,1312000
hardzero_only__c0p58__z1p00__lam0p000__nu0p50__psi0p00,hardzero_only,0.06,37,410,0.0,3,0.4061081,0.4061081,1.0091534,0.0,0.097914405,0.0,0.0,0.06,-27.211138,2.2201817,0.74006057,0.120000005,0.0,0.16952652,0.0,0.0,1315200
hardzero_only__c0p58__z1p00__lam0p000__nu0p50__psi0p00,hardzero_only,0.06,37,411,0.0,3,0.4061081,0.4123372,0.9837248,0.10381861,0.10381861,1.0,0.0062291166,0.06,-27.668247,2.1642377,0.7214126,0.14400001,0.0,0.19417892,0.0,0.0,1318400
hardzero_only__c0p58__z1p00__lam0p000__nu0p50__psi0p00,hardzero_only,0.06,37,412,0.0,3,0.4123372,0.41891858,0.95983434,0.10968965,0.10968965,1.0,0.006581379,0.06,-26.72091,2.1116776,0.7038926,0.18400002,0.0,0.18911877,0.0,0.0,1321600
hardzero_only__c0p58__z1p00__lam0p000__nu0p50__psi0p00,hardzero_only,0.06,37,413,0.0,3,0.41891858,0.42607394,0.9235201,0.1192559,0.1192559,1.0,0.0071553537,0.06,-26.469246,2.0317848,0.6772616,0.23200001,0.0,0.1649541,0.0,0.0,1324800
hardzero_only__c0p58__z1p00__lam0p000__nu0p50__psi0p00,hardzero_only,0.06,37,414,0.0,3,0.42607394,0.43249604,0.9704733,0.107035205,0.107035205,1.0,0.006422112,0.06,-26.526814,2.135084,0.71169466,0.2,0.0,0.1609951,0.0,0.0,1328000
hardzero_only__c0p58__z1p00__lam0p000__nu0p50__psi0p00,hardzero_only,0.06,37,415,0.0,3,0.43249604,0.4385424,0.99665654,0.10077282,0.10077282,1.0,0.006046369,0.06,-27.756413,2.1926882,0.7308961,0.14400001,0.0,0.17499937,0.0,0.0,1331200
hardzero_only__c0p58__z1p00__lam0p000__nu0p50__psi0p00,hardzero_only,0.06,37,416,0.0,3,0.4385424,0.4385424,1.0166898,0.0,0.096229926,0.0,0.0,0.06,-27.124765,2.236762,0.74558735,0.12,0.0,0.18313204,0.0,0.0,1334400
hardzero_only__c0p58__z1p00__lam0p000__nu0p50__psi0p00,hardzero_only,0.06,37,417,0.0,3,0.4385424,0.44470134,0.98864555,0.10264893,0.10264893,1.0,0.0061589354,0.06,-27.11062,2.1750636,0.72502124,0.14400001,0.0,0.19976918,0.0,0.0,1337600
hardzero_only__c0p58__z1p00__lam0p000__nu0p50__psi0p00,hardzero_only,0.06,37,418,0.0,3,0.44470134,0.45109582,0.97234625,0.1065746,0.1065746,1.0,0.006394476,0.06,-26.676638,2.1392045,0.7130682,0.2,0.0,0.18031657,0.0,0.0,1340800
hardzero_only__c0p58__z1p00__lam0p000__nu0p50__psi0p00,hardzero_only,0.06,37,419,0.0,3,0.45109582,0.45746526,0.9740506,0.1061572,0.1061572,1.0,0.006369432,0.06,-26.247408,2.142954,0.71431804,0.112,0.0,0.14767879,0.0,0.0,1344000
hardzero_only__c0p58__z1p00__lam0p000__nu0p50__psi0p00,hardzero_only,0.06,37,420,0.0,3,0.45746526,0.46351674,0.99628854,0.10085825,0.10085825,1.0,0.0060514947,0.06,-27.288528,2.1918786,0.7306262,0.136,0.0,0.15894853,0.0,0.0,1347200
hardzero_only__c0p58__z1p00__lam0p000__nu0p50__psi0p00,hardzero_only,0.06,37,421,0.0,3,0.46351674,0.4707888,0.91649276,0.12120128,0.12120128,1.0,0.0072720763,0.06,-25.5299,2.0163243,0.6721081,0.24000001,0.0,0.16456924,0.0,0.0,1350400
hardzero_only__c0p58__z1p00__lam0p000__nu0p50__psi0p00,hardzero_only,0.06,37,422,0.0,3,0.4707888,0.4768498,0.99560714,0.10101662,0.10101662,1.0,0.006060997,0.06,-27.20883,2.1903794,0.7301265,0.192,0.0,0.16402678,0.0,0.0,1353600
hardzero_only__c0p58__z1p00__lam0p000__nu0p50__psi0p00,hardzero_only,0.06,37,423,0.0,3,0.4768498,0.48293725,0.9937163,0.10145738,0.10145738,1.0,0.006087443,0.06,-27.62065,2.1862195,0.72873986,0.104,0.0,0.19781926,0.0,0.0,1356800
hardzero_only__c0p58__z1p00__lam0p000__nu0p50__psi0p00,hardzero_only,0.06,37,424,0.0,3,0.48293725,0.48293725,1.0044137,0.0,0.09898884,0.0,0.0,0.06,-27.116537,2.2097542,0.7365848,0.208,0.0,0.19705676,0.0,0.0,1360000
hardzero_only__c0p58__z1p00__lam0p000__nu0p50__psi0p00,hardzero_only,0.06,37,425,0.0,3,0.48293725,0.48926973,0.9765765,0.10554155,0.10554155,1.0,0.006332493,0.06,-26.863657,2.1485112,0.71617043,0.208,0.0,0.19278967,0.0,0.0,1363200
hardzero_only__c0p58__z1p00__lam0p000__nu0p50__psi0p00,hardzero_only,0.06,37,426,0.0,3,0.48926973,0.4955392,0.98092234,0.1044907,0.1044907,1.0,0.006269442,0.06,-26.614098,2.1580722,0.71935743,0.128,0.0,0.17532226,0.0,0.0,1366400
hardzero_only__c0p58__z1p00__lam0p000__nu0p50__psi0p00,hardzero_only,0.06,37,427,0.0,3,0.4955392,0.50267875,0.92447853,0.118993014,0.118993014,1.0,0.007139581,0.06,-24.959661,2.0338933,0.67796445,0.18400002,0.0,0.14151125,0.0,0.0,1369600
hardzero_only__c0p58__z1p00__lam0p000__nu0p50__psi0p00,hardzero_only,0.06,37,428,0.0,3,0.50267875,0.50267875,1.0171839,0.0,0.09612051,0.0,0.0,0.06,-27.395987,2.2378492,0.74594975,0.16000001,0.0,0.16694683,0.0,0.0,1372800
hardzero_only__c0p58__z1p00__lam0p000__nu0p50__psi0p00,hardzero_only,0.06,37,429,0.0,3,0.50267875,0.5092726,0.95901376,0.10989711,0.10989711,1.0,0.006593826,0.06,-25.9203,2.1098723,0.7032908,0.22999999,0.0,0.1707973,0.0,0.0,1376000
hardzero_only__c0p58__z1p00__lam0p000__nu0p50__psi0p00,hardzero_only,0.06,37,430,0.0,3,0.5092726,0.5158314,0.96132517,0.10931376,0.10931376,1.0,0.0065588257,0.06,-26.254967,2.1149576,0.70498586,0.15200001,0.0,0.18282264,0.0,0.0,1379200
hardzero_only__c0p58__z1p00__lam0p000__nu0p50__psi0p00,hardzero_only,0.06,37,431,0.0,3,0.5158314,0.5158314,1.0406381,0.0,0.09106719,0.0,0.0,0.06,-28.12009,2.2894495,0.76314986,0.104,0.0,0.18186206,0.0,0.0,1382400
hardzero_only__c0p58__z1p00__lam0p000__nu0p50__psi0p00,hardzero_only,0.06,37,432,0.0,3,0.5158314,0.52235836,0.96344316,0.10878196,0.10878196,1.0,0.0065269177,0.06,-26.367481,2.1196172,0.7065391,0.208,0.0,0.18317004,0.0,0.0,1385600
hardzero_only__c0p58__z1p00__lam0p000__nu0p50__psi0p00,hardzero_only,0.06,37,433,0.0,3,0.52235836,0.5287089,0.9753407,0.1058423,0.1058423,1.0,0.0063505378,0.06,-26.705656,2.1457925,0.7152642,0.2,0.0,0.15946105,0.0,0.0,1388800
hardzero_only__c0p58__z1p00__lam0p000__nu0p50__psi0p00,hardzero_only,0.06,37,434,0.0,3,0.5287089,0.53477013,0.9955878,0.101021126,0.101021126,1.0,0.0060612676,0.06,-27.299093,2.190337,0.7301123,0.15200001,0.0,0.18422526,0.0,0.0,1392000
hardzero_only__c0p58__z1p00__lam0p000__nu0p50__psi0p00,hardzero_only,0.06,37,435,0.0,3,0.53477013,0.54125214,0.9664427,0.10803322,0.10803322,1.0,0.006481993,0.06,-26.942951,2.1262164,0.7087388,0.14400001,0.0,0.16196707,0.0,0.0,1395200
hardzero_only__c0p58__z1p00__lam0p000__nu0p50__psi0p00,hardzero_only,0.06,37,436,0.0,3,0.54125214,0.5472835,0.99773604,0.10052267,0.10052267,1.0,0.00603136,0.06,-26.854902,2.195063,0.7316877,0.14400001,0.0,0.16304667,0.0,0.0,1398400
hardzero_only__c0p58__z1p00__lam0p000__nu0p50__psi0p00,hardzero_only,0.06,37,437,0.0,3,0.5472835,0.554321,0.9307324,0.11729176,0.11729176,1.0,0.0070375055,0.06,-25.596346,2.0476522,0.6825508,0.208,0.0,0.16109811,0.0,0.0,1401600
hardzero_only__c0p58__z1p00__lam0p000__nu0p50__psi0p00,hardzero_only,0.06,37,438,0.0,3,0.554321,0.5616518,0.9129979,0.12218055,0.12218055,1.0,0.007330833,0.06,-24.867079,2.0086355,0.6695452,0.16000001,0.0,0.14939031,0.0,0.0,1404800
hardzero_only__c0p58__z1p00__lam0p000__nu0p50__psi0p00,hardzero_only,0.06,37,439,0.0,3,0.5616518,0.5681866,0.96292186,0.1089126,0.1089126,1.0,0.006534756,0.06,-26.029015,2.1184704,0.70615685,0.17600001,0.0,0.16707717,0.0,0.0,1408000
hardzero_only__c0p58__z1p00__lam0p000__nu0p50__psi0p00,hardzero_only,0.06,37,440,0.0,3,0.5681866,0.575203,0.9320359,0.116940275,0.116940275,1.0,0.007016416,0.06,-25.688602,2.05052,0.68350667,0.17600001,0.0,0.17408803,0.0,0.0,1411200
hardzero_only__c0p58__z1p00__lam0p000__nu0p50__psi0p00,hardzero_only,0.06,37,441,0.0,3,0.575203,0.575203,1.0001698,0.0,0.09996092,0.0,0.0,0.06,-27.005863,2.2004175,0.7334725,0.14400001,0.0,0.1587954,0.0,0.0,1414400
hardzero_only__c0p58__z1p00__lam0p000__nu0p50__psi0p00,hardzero_only,0.06,37,442,0.0,3,0.575203,0.58267885,0.9044911,0.124597356,0.124597356,1.0,0.0074758413,0.06,-25.44487,1.9899203,0.6633068,0.19,0.0,0.15494932,0.0,0.0,1417600
hardzero_only__c0p58__z1p00__lam0p000__nu0p50__psi0p00,hardzero_only,0.06,37,443,1.0,4,0.58267885,0.0091771735,0.96535134,0.108305044,0.108305044,1.0,0.0064983023,0.06,-25.799515,2.1238153,0.70793843,0.23200001,0.0,0.17874774,0.0,0.0,1420800
hardzero_only__c0p58__z1p00__lam0p000__nu0p50__psi0p00,hardzero_only,0.06,37,444,0.0,4,0.0091771735,0.015847743,0.9539883,0.11117616,0.11117616,1.0,0.0066705695,0.06,-25.992517,2.0988162,0.6996054,0.192,0.0,0.13991871,0.0,0.0,1424000
hardzero_only__c0p58__z1p00__lam0p000__nu0p50__psi0p00,hardzero_only,0.06,37,445,0.0,4,0.015847743,0.022903781,0.9295902,0.11760065,0.11760065,1.0,0.007056039,0.06,-26.833513,2.0451393,0.6817131,0.24000001,0.0,0.17623238,0.0,0.0,1427200
hardzero_only__c0p58__z1p00__lam0p000__nu0p50__psi0p00,hardzero_only,0.06,37,446,0.0,4,0.022903781,0.029522374,0.9573855,0.1103099,0.1103099,1.0,0.006618594,0.06,-26.0242,2.10629,0.7020967,0.24800001,0.0,0.17123665,0.0,0.0,1430400
hardzero_only__c0p58__z1p00__lam0p000__nu0p50__psi0p00,hardzero_only,0.06,37,447,0.0,4,0.029522374,0.036931828,0.908365,0.1234909,0.1234909,1.0,0.007409454,0.06,-25.32359,1.9984429,0.66614765,0.16000001,0.0,0.1565162,0.0,0.0,1433600
hardzero_only__c0p58__z1p00__lam0p000__nu0p50__psi0p00,hardzero_only,0.06,37,448,0.0,4,0.036931828,0.043648846,0.9509745,0.111950345,0.111950345,1.0,0.0067170206,0.06,-26.663134,2.0921857,0.69739527,0.120000005,0.0,0.18535125,0.0,0.0,1436800
hardzero_only__c0p58__z1p00__lam0p000__nu0p50__psi0p00,hardzero_only,0.06,37,449,0.0,4,0.043648846,0.049950525,0.9786949,0.105027996,0.105027996,1.0,0.0063016796,0.06,-27.14373,2.1531718,0.71772397,0.2,0.0,0.1783259,0.0,0.0,1440000
hardzero_only__c0p58__z1p00__lam0p000__nu0p50__psi0p00,hardzero_only,0.06,37,450,0.0,4,0.049950525,0.056994535,0.93033123,0.11740018,0.11740018,1.0,0.0070440103,0.06,-25.830538,2.0467696,0.6822566,0.256,0.0,0.1563431,0.0,0.0,1443200
hardzero_only__c0p58__z1p00__lam0p000__nu0p50__psi0p00,hardzero_only,0.06,37,451,0.0,4,0.056994535,0.06436305,0.91077125,0.12280858,0.12280858,1.0,0.007368515,0.06,-24.923653,2.0037367,0.66791224,0.2,0.0,0.17669217,0.0,0.0,1446400
hardzero_only__c0p58__z1p00__lam0p000__nu0p50__psi0p00,hardzero_only,0.06,37,452,0.0,4,0.06436305,0.07174203,0.9101547,0.12298306,0.12298306,1.0,0.0073789833,0.06,-25.125288,2.0023804,0.66746014,0.23200001,0.0,0.16525285,0.0,0.0,1449600
hardzero_only__c0p58__z1p00__lam0p000__nu0p50__psi0p00,hardzero_only,0.06,37,453,0.0,4,0.07174203,0.07848332,0.9494078,0.112354934,0.112354934,1.0,0.006741296,0.06,-25.598484,2.088739,0.6962463,0.18400002,0.0,0.19269061,0.0,0.0,1452800
hardzero_only__c0p58__z1p00__lam0p000__nu0p50__psi0p00,hardzero_only,0.06,37,454,0.0,4,0.07848332,0.085401915,0.9381335,0.11530987,0.11530987,1.0,0.0069185924,0.06,-25.983896,2.0639348,0.68797827,0.224,0.0,0.16810454,0.0,0.0,1456000
hardzero_only__c0p58__z1p00__lam0p000__nu0p50__psi0p00,hardzero_only,0.06,37,455,0.0,4,0.085401915,0.092444874,0.93039626,0.1173826,0.1173826,1.0,0.007042956,0.06,-25.814804,2.0469127,0.68230426,0.17999999,0.0,0.15731913,0.0,0.0,1459200
hardzero_only__c0p58__z1p00__lam0p000__nu0p50__psi0p00,hardzero_only,0.06,37,456,0.0,4,0.092444874,0.09918613,0.9494102,0.112354316,0.112354316,1.0,0.006741259,0.06,-27.116974,2.0887442,0.69624805,0.18400002,0.0,0.17144506,0.0,0.0,1462400
hardzero_only__c0p58__z1p00__lam0p000__nu0p50__psi0p00,hardzero_only,0.06,37,457,0.0,4,0.09918613,0.105469435,0.97996324,0.10472172,0.10472172,1.0,0.006283303,0.06,-26.205847,2.1559622,0.7186541,0.16000001,0.0,0.16996905,0.0,0.0,1465600
hardzero_only__c0p58__z1p00__lam0p000__nu0p50__psi0p00,hardzero_only,0.06,37,458,0.0,4,0.105469435,0.11209752,0.95676357,0.11046797,0.11046797,1.0,0.006628078,0.06,-25.907207,2.1049218,0.7016406,0.17600001,0.0,0.17307474,0.0,0.0,1468800
hardzero_only__c0p58__z1p00__lam0p000__nu0p50__psi0p00,hardzero_only,0.06,37,459,0.0,4,0.11209752,0.11926892,0.92254746,0.119523294,0.119523294,1.0,0.0071713976,0.06,-26.65864,2.029645,0.67654836,0.08800001,0.0,0.17975467,0.0,0.0,1472000
hardzero_only__c0p58__z1p00__lam0p000__nu0p50__psi0p00,hardzero_only,0.06,37,460,0.0,4,0.11926892,0.12548706,0.9844902,0.10363578,0.10363578,1.0,0.0062181465,0.06,-27.000792,2.1659217,0.7219739,0.16000001,0.0,0.17743424,0.0,0.0,1475200
hardzero_only__c0p58__z1p00__lam0p000__nu0p50__psi0p00,hardzero_only,0.06,37,461,0.0,4,0.12548706,0.13241693,0.9374257,0.11549797,0.11549797,1.0,0.006929878,0.06,-25.711042,2.0623777,0.68745923,0.2,0.0,0.2013703,0.0,0.0,1478400
hardzero_only__c0p58__z1p00__lam0p000__nu0p50__psi0p00,hardzero_only,0.06,37,462,0.0,4,0.13241693,0.1389052,0.9660231,0.108137645,0.108137645,1.0,0.0064882585,0.06,-26.516361,2.1252933,0.7084311,0.208,0.0,0.16312534,0.0,0.0,1481600
hardzero_only__c0p58__z1p00__lam0p000__nu0p50__psi0p00,hardzero_only,0.06,37,463,0.0,4,0.1389052,0.1453933,0.96603394,0.10813493,0.10813493,1.0,0.006488096,0.06,-27.288736,2.125317,0.70843905,0.17600001,0.0,0.18296409,0.0,0.0,1484800
hardzero_only__c0p58__z1p00__lam0p000__nu0p50__psi0p00,hardzero_only,0.06,37,464,0.0,4,0.1453933,0.15181683,0.97037697,0.10705897,0.10705897,1.0,0.006423538,0.06,-27.180305,2.134872,0.711624,0.136,0.0,0.15963061,0.0,0.0,1488000
hardzero_only__c0p58__z1p00__lam0p000__nu0p50__psi0p00,hardzero_only,0.06,37,465,0.0,4,0.15181683,0.1595577,0.88936114,0.12901461,0.12901461,1.0,0.0077408766,0.06,-24.699123,1.9566336,0.6522112,0.192,0.0,0.133788,0.0,0.0,1491200
hardzero_only__c0p58__z1p00__lam0p000__nu0p50__psi0p00,hardzero_only,0.06,37,466,0.0,4,0.1595577,0.16571711,0.9886123,0.102656804,0.102656804,1.0,0.006159408,0.06,-26.440939,2.1749904,0.7249968,0.16800001,0.0,0.17491417,0.0,0.0,1494400
hardzero_only__c0p58__z1p00__lam0p000__nu0p50__psi0p00,hardzero_only,0.06,37,467,0.0,4,0.16571711,0.17200194,0.97985727,0.10474726,0.10474726,1.0,0.0062848353,0.06,-26.129267,2.155729,0.7185764,0.15200001,0.0,0.17393143,0.0,0.0,1497600
hardzero_only__c0p58__z1p00__lam0p000__nu0p50__psi0p00,hardzero_only,0.06,37,468,0.0,4,0.17200194,0.17825867,0.9818037,0.10427886,0.10427886,1.0,0.0062567317,0.06,-27.035404,2.1600113,0.7200038,0.17,0.0,0.15371048,0.0,0.0,1500800
hardzero_only__c0p58__z1p00__lam0p000__nu0p50__psi0p00,hardzero_only,0.06,37,469,0.0,4,0.17825867,0.18535265,0.92726094,0.11823309,0.11823309,1.0,0.0070939856,0.06,-25.06995,2.0400147,0.68000495,0.112,0.0,0.16567183,0.0,0.0,1504000
hardzero_only__c0p58__z1p00__lam0p000__nu0p50__psi0p00,hardzero_only,0.06,37,470,0.0,4,0.18535265,0.19195376,0.9585344,0.11001846,0.11001846,1.0,0.006601108,0.06,-26.41548,2.1088178,0.7029393,0.136,0.0,0.18050596,0.0,0.0,1507200
hardzero_only__c0p58__z1p00__lam0p000__nu0p50__psi0p00,hardzero_only,0.06,37,471,0.0,4,0.19195376,0.19851553,0.96112984,0.10936293,0.10936293,1.0,0.0065617757,0.06,-26.64221,2.114528,0.7048427,0.16800001,0.0,0.18060051,0.0,0.0,1510400
hardzero_only__c0p58__z1p00__lam0p000__nu0p50__psi0p00,hardzero_only,0.06,37,472,0.0,4,0.19851553,0.20519838,0.95319,0.11138072,0.11138072,1.0,0.006682843,0.06,-27.280048,2.09706,0.69902,0.16800001,0.0,0.17662922,0.0,0.0,1513600
hardzero_only__c0p58__z1p00__lam0p000__nu0p50__psi0p00,hardzero_only,0.06,37,473,0.0,4,0.20519838,0.21190302,0.9517756,0.111744046,0.111744046,1.0,0.0067046424,0.06,-26.581448,2.0939481,0.6979827,0.208,0.008,0.22191824,0.0,0.0,1516800
hardzero_only__c0p58__z1p00__lam0p000__nu0p50__psi0p00,hardzero_only,0.06,37,474,0.0,4,0.21190302,0.21832608,0.97040904,0.10705105,0.10705105,1.0,0.006423063,0.06,-27.48752,2.1349425,0.7116475,0.17600001,0.0,0.17755008,0.0,0.0,1520000
hardzero_only__c0p58__z1p00__lam0p000__nu0p50__psi0p00,hardzero_only,0.06,37,475,0.0,4,0.21832608,0.22530606,0.934297,0.116333,0.116333,1.0,0.00697998,0.06,-25.260847,2.0554945,0.68516487,0.224,0.0,0.16595292,0.0,0.0,1523200
hardzero_only__c0p58__z1p00__lam0p000__nu0p50__psi0p00,hardzero_only,0.06,37,476,0.0,4,0.22530606,0.23147443,0.98798156,0.102805994,0.102805994,1.0,0.0061683594,0.06,-27.290089,2.1736028,0.7245343,0.14400001,0.0,0.18915276,0.0,0.0,1526400
hardzero_only__c0p58__z1p00__lam0p000__nu0p50__psi0p00,hardzero_only,0.06,37,477,0.0,4,0.23147443,0.23837847,0.9390481,0.115067296,0.115067296,1.0,0.0069040377,0.06,-26.569885,2.065947,0.68864906,0.15200001,0.0,0.17516437,0.0,0.0,1529600
hardzero_only__c0p58__z1p00__lam0p000__nu0p50__psi0p00,hardzero_only,0.06,37,478,0.0,4,0.23837847,0.24482355,0.9689233,0.10741792,0.10741792,1.0,0.006445075,0.06,-26.387169,2.1316738,0.71055794,0.256,0.0,0.1820604,0.0,0.0,1532800
hardzero_only__c0p58__z1p00__lam0p000__nu0p50__psi0p00,hardzero_only,0.06,37,479,0.0,4,0.24482355,0.2512898,0.96749717,0.107771225,0.107771225,1.0,0.006466273,0.06,-26.84025,2.1285362,0.7095121,0.17600001,0.0,0.17442918,0.0,0.0,1536000
hardzero_only__c0p58__z1p00__lam0p000__nu0p50__psi0p00,hardzero_only,0.06,37,480,0.0,4,0.2512898,0.25803527,0.94914013,0.112424195,0.112424195,1.0,0.0067454516,0.06,-26.66658,2.08815,0.69605005,0.16000001,0.0,0.15912247,0.0,0.0,1539200
hardzero_only__c0p58__z1p00__lam0p000__nu0p50__psi0p00,hardzero_only,0.06,37,481,0.0,4,0.25803527,0.2648583,0.94417304,0.11371739,0.11371739,1.0,0.0068230433,0.06,-26.598013,2.077222,0.69240737,0.19,0.0,0.16879982,0.0,0.0,1542400
hardzero_only__c0p58__z1p00__lam0p000__nu0p50__psi0p00,hardzero_only,0.06,37,482,0.0,4,0.2648583,0.27155077,0.9525657,0.111540936,0.111540936,1.0,0.006692456,0.06,-25.952032,2.0956864,0.69856215,0.16800001,0.0,0.1970613,0.0,0.0,1545600
hardzero_only__c0p58__z1p00__lam0p000__nu0p50__psi0p00,hardzero_only,0.06,37,483,0.0,4,0.27155077,0.2790673,0.90213436,0.12527536,0.12527536,1.0,0.0075165215,0.06,-26.066454,1.9847353,0.6615784,0.272,0.0,0.1831922,0.0,0.0,1548800
hardzero_only__c0p58__z1p00__lam0p000__nu0p50__psi0p00,hardzero_only,0.06,37,484,0.0,4,0.2790673,0.28589857,0.9436511,0.113854155,0.113854155,1.0,0.006831249,0.06,-25.927895,2.076074,0.69202465,0.18400002,0.0,0.15583026,0.0,0.0,1552000
hardzero_only__c0p58__z1p00__lam0p000__nu0p50__psi0p00,hardzero_only,0.06,37,485,0.0,4,0.28589857,0.2929769,0.92822033,0.11797221,0.11797221,1.0,0.0070783324,0.06,-26.332642,2.0421255,0.6807085,0.16800001,0.0,0.18085277,0.0,0.0,1555200
hardzero_only__c0p58__z1p00__lam0p000__nu0p50__psi0p00,hardzero_only,0.06,37,486,0.0,4,0.2929769,0.30004132,0.92907363,0.117740646,0.117740646,1.0,0.0070644384,0.06,-26.293404,2.0440028,0.68133426,0.208,0.0,0.16166395,0.0,0.0,1558400
hardzero_only__c0p58__z1p00__lam0p000__nu0p50__psi0p00,hardzero_only,0.06,37,487,0.0,4,0.30004132,0.30640107,0.9747098,0.10599617,0.10599617,1.0,0.00635977,0.06,-27.331045,2.1444044,0.7148015,0.15200001,0.0,0.18827294,0.0,0.0,1561600
hardzero_only__c0p58__z1p00__lam0p000__nu0p50__psi0p00,hardzero_only,0.06,37,488,0.0,4,0.30640107,0.31332448,0.9378314,0.1153901,0.1153901,1.0,0.006923406,0.06,-26.796528,2.0632703,0.6877568,0.16000001,0.0,0.17150423,0.0,0.0,1564800
hardzero_only__c0p58__z1p00__lam0p000__nu0p50__psi0p00,hardzero_only,0.06,37,489,0.0,4,0.31332448,0.3195609,0.9832176,0.10393992,0.10393992,1.0,0.0062363953,0.06,-27.082685,2.163122,0.72104067,0.14400001,0.0,0.18186067,0.0,0.0,1568000
hardzero_only__c0p58__z1p00__lam0p000__nu0p50__psi0p00,hardzero_only,0.06,37,490,0.0,4,0.3195609,0.32636285,0.94551605,0.11336629,0.11336629,1.0,0.0068019773,0.06,-26.07885,2.0801768,0.6933923,0.192,0.0,0.1625287,0.0,0.0,1571200
hardzero_only__c0p58__z1p00__lam0p000__nu0p50__psi0p00,hardzero_only,0.06,37,491,0.0,4,0.32636285,0.3328674,0.9649324,0.10840956,0.10840956,1.0,0.0065045734,0.06,-27.375029,2.1228936,0.70763123,0.14400001,0.0,0.18964991,0.0,0.0,1574400
hardzero_only__c0p58__z1p00__lam0p000__nu0p50__psi0p00,hardzero_only,0.06,37,492,0.0,4,0.3328674,0.33931592,0.96869147,0.107475266,0.107475266,1.0,0.0064485157,0.06,-26.575287,2.1311638,0.71038795,0.14400001,0.0,0.20231046,0.0,0.0,1577600
hardzero_only__c0p58__z1p00__lam0p000__nu0p50__psi0p00,hardzero_only,0.06,37,493,0.0,4,0.33931592,0.34643292,0.9258547,0.118616536,0.118616536,1.0,0.007116992,0.06,-26.373766,2.036921,0.6789737,0.192,0.0,0.1780601,0.0,0.0,1580800
hardzero_only__c0p58__z1p00__lam0p000__nu0p50__psi0p00,hardzero_only,0.06,37,494,0.0,4,0.34643292,0.35342687,0.9334289,0.1165658,0.1165658,1.0,0.006993948,0.06,-26.446892,2.0535846,0.68452823,0.19,0.0,0.14893878,0.0,0.0,1584000
hardzero_only__c0p58__z1p00__lam0p000__nu0p50__psi0p00,hardzero_only,0.06,37,495,0.0,4,0.35342687,0.3596481,0.9842737,0.10368749,0.10368749,1.0,0.0062212492,0.06,-27.04165,2.1654453,0.7218151,0.17600001,0.0,0.20189822,0.0,0.0,1587200
hardzero_only__c0p58__z1p00__lam0p000__nu0p50__psi0p00,hardzero_only,0.06,37,496,0.0,4,0.3596481,0.36615047,0.9650802,0.108372666,0.108372666,1.0,0.0065023596,0.06,-26.704378,2.1232188,0.7077396,0.14400001,0.0,0.15913104,0.0,0.0,1590400
hardzero_only__c0p58__z1p00__lam0p000__nu0p50__psi0p00,hardzero_only,0.06,37,497,0.0,4,0.36615047,0.37314942,0.93311787,0.116649285,0.116649285,1.0,0.006998957,0.06,-26.620422,2.0529003,0.6843001,0.16800001,0.0,0.17017259,0.0,0.0,1593600
hardzero_only__c0p58__z1p00__lam0p000__nu0p50__psi0p00,hardzero_only,0.06,37,498,0.0,4,0.37314942,0.38066465,0.9022099,0.12525357,0.12525357,1.0,0.0075152144,0.06,-25.22016,1.9849014,0.66163385,0.256,0.0,0.15866251,0.0,0.0,1596800
hardzero_only__c0p58__z1p00__lam0p000__nu0p50__psi0p00,hardzero_only,0.06,37,499,0.0,4,0.38066465,0.38702467,0.97469234,0.10600044,0.10600044,1.0,0.006360026,0.06,-27.11579,2.144366,0.7147887,0.18400002,0.016,0.18383329,0.0,0.0,1600000
hardzero_only__c0p58__z1p00__lam0p000__nu0p50__psi0p00,hardzero_only,0.06,37,500,0.0,4,0.38702467,0.39372095,0.95231766,0.11160467,0.11160467,1.0,0.00669628,0.06,-26.690138,2.0951407,0.69838023,0.18400002,0.0,0.19193095,0.0,0.0,1603200
hardzero_only__c0p58__z1p00__lam0p000__nu0p50__psi0p00,hardzero_only,0.06,37,501,0.0,4,0.39372095,0.40030164,0.9598808,0.10967792,0.10967792,1.0,0.006580675,0.06,-26.269386,2.11178,0.7039267,0.18400002,0.0,0.16042636,0.0,0.0,1606400
hardzero_only__c0p58__z1p00__lam0p000__nu0p50__psi0p00,hardzero_only,0.06,37,502,0.0,4,0.40030164,0.40739933,0.9270342,0.11829484,0.11829484,1.0,0.0070976904,0.06,-25.323938,2.039516,0.67983866,0.216,0.0,0.1664243,0.0,0.0,1609600
hardzero_only__c0p58__z1p00__lam0p000__nu0p50__psi0p00,hardzero_only,0.06,37,503,0.0,4,0.40739933,0.40739933,1.0129732,0.0,0.09705698,0.0,0.0,0.06,-27.578266,2.2285855,0.74286187,0.136,0.0,0.18428545,0.0,0.0,1612800
hardzero_only__c0p58__z1p00__lam0p000__nu0p50__psi0p00,hardzero_only,0.06,37,504,0.0,4,0.40739933,0.4136554,0.9818498,0.1042678,0.1042678,1.0,0.0062560677,0.06,-26.973083,2.1601126,0.7200376,0.14400001,0.0,0.16739719,0.0,0.0,1616000
hardzero_only__c0p58__z1p00__lam0p000__nu0p50__psi0p00,hardzero_only,0.06,37,505,0.0,4,0.4136554,0.42093664,0.9159461,0.12135395,0.12135395,1.0,0.007281237,0.06,-26.359102,2.0151217,0.6717073,0.17600001,0.0,0.1617954,0.0,0.0,1619200
hardzero_only__c0p58__z1p00__lam0p000__nu0p50__psi0p00,hardzero_only,0.06,37,506,0.0,4,0.42093664,0.42746973,0.9630334,0.10888463,0.10888463,1.0,0.006533078,0.06,-26.790798,2.1187158,0.7062386,0.128,0.0,0.17150784,0.0,0.0,1622400
hardzero_only__c0p58__z1p00__lam0p000__nu0p50__psi0p00,hardzero_only,0.06,37,507,0.0,4,0.42746973,0.43404278,0.96038514,0.10955062,0.10955062,1.0,0.006573037,0.06,-26.818447,2.1128895,0.7042965,0.14,0.0,0.15502766,0.0,0.0,1625600
hardzero_only__c0p58__z1p00__lam0p000__nu0p50__psi0p00,hardzero_only,0.06,37,508,0.0,4,0.43404278,0.4403316,0.97958136,0.104813844,0.104813844,1.0,0.0062888307,0.06,-26.602804,2.155122,0.718374,0.16000001,0.0,0.17874745,0.0,0.0,1628800
hardzero_only__c0p58__z1p00__lam0p000__nu0p50__psi0p00,hardzero_only,0.06,37,509,0.0,4,0.4403316,0.44710484,0.94735444,0.11288742,0.11288742,1.0,0.006773245,0.06,-26.353388,2.0842214,0.6947405,0.16800001,0.0,0.1592519,0.0,0.0,1632000
hardzero_only__c0p58__z1p00__lam0p000__nu0p50__psi0p00,hardzero_only,0.06,37,510,0.0,4,0.44710484,0.45375305,0.9554455,0.11080375,0.11080375,1.0,0.0066482252,0.06,-26.497812,2.1020222,0.70067406,0.192,0.0,0.17512372,0.0,0.0,1635200
hardzero_only__c0p58__z1p00__lam0p000__nu0p50__psi0p00,hardzero_only,0.06,37,511,0.0,4,0.45375305,0.45375305,1.0219333,0.0,0.09507508,0.0,0.0,0.06,-27.992199,2.2482982,0.74943274,0.136,0.0,0.17517534,0.0,0.0,1638400
hardzero_only__c0p58__z1p00__lam0p000__nu0p50__psi0p00,hardzero_only,0.06,37,512,0.0,4,0.45375305,0.46039712,0.95571667,0.1107346,0.1107346,1.0,0.0066440757,0.06,-26.259504,2.1026187,0.7008729,0.16000001,0.0,0.16382167,0.0,0.0,1641600
hardzero_only__c0p58__z1p00__lam0p000__nu0p50__psi0p00,hardzero_only,0.06,37,513,0.0,4,0.46039712,0.46746504,0.92886025,0.117798485,0.117798485,1.0,0.007067909,0.06,-25.55932,2.0435333,0.6811778,0.2,0.0,0.16240983,0.0,0.0,1644800
hardzero_only__c0p58__z1p00__lam0p000__nu0p50__psi0p00,hardzero_only,0.06,37,514,0.0,4,0.46746504,0.47405908,0.95899963,0.10990067,0.10990067,1.0,0.00659404,0.06,-26.476366,2.1098413,0.70328045,0.216,0.0,0.18461645,0.0,0.0,1648000
hardzero_only__c0p58__z1p00__lam0p000__nu0p50__psi0p00,hardzero_only,0.06,37,515,0.0,4,0.47405908,0.48009244,0.99759233,0.100555934,0.100555934,1.0,0.006033356,0.06,-27.283537,2.194747,0.73158234,0.16000001,0.0,0.16656645,0.0,0.0,1651200
hardzero_only__c0p58__z1p00__lam0p000__nu0p50__psi0p00,hardzero_only,0.06,37,516,0.0,4,0.48009244,0.4865427,0.9685742,0.10750428,0.10750428,1.0,0.0064502563,0.06,-26.674343,2.1309059,0.710302,0.136,0.0,0.17743422,0.0,0.0,1654400
hardzero_only__c0p58__z1p00__lam0p000__nu0p50__psi0p00,hardzero_only,0.06,37,517,0.0,4,0.4865427,0.49328798,0.94915044,0.11242155,0.11242155,1.0,0.006745293,0.06,-26.535618,2.0881727,0.69605756,0.208,0.0,0.18050653,0.0,0.0,1657600
hardzero_only__c0p58__z1p00__lam0p000__nu0p50__psi0p00,hardzero_only,0.06,37,518,0.0,4,0.49328798,0.50082135,0.9011632,0.1255558,0.1255558,1.0,0.0075333477,0.06,-25.681417,1.9825987,0.66086626,0.18400002,0.0,0.14865881,0.0,0.0,1660800
hardzero_only__c0p58__z1p00__lam0p000__nu0p50__psi0p00,hardzero_only,0.06,37,519,0.0,4,0.50082135,0.50807595,0.917536,0.12091049,0.12091049,1.0,0.007254629,0.06,-25.342712,2.0186195,0.6728732,0.24000001,0.0,0.15478848,0.0,0.0,1664000
hardzero_only__c0p58__z1p00__lam0p000__nu0p50__psi0p00,hardzero_only,0.06,37,520,0.0,4,0.50807595,0.5149607,0.9402621,0.11474608,0.11474608,1.0,0.0068847644,0.06,-25.86122,2.0686178,0.6895393,0.14,0.0,0.15086025,0.0,0.0,1667200
hardzero_only__c0p58__z1p00__lam0p000__nu0p50__psi0p00,hardzero_only,0.06,37,521,0.0,4,0.5149607,0.52194047,0.934312,0.116329,0.116329,1.0,0.0069797398,0.06,-25.473305,2.0555274,0.68517584,0.16000001,0.0,0.18189217,0.0,0.0,1670400
hardzero_only__c0p58__z1p00__lam0p000__nu0p50__psi0p00,hardzero_only,0.06,37,522,0.0,4,0.52194047,0.52822536,0.97985286,0.10474834,0.10474834,1.0,0.0062849,0.06,-27.378456,2.1557193,0.7185731,0.15200001,0.0,0.17522472,0.0,0.0,1673600
hardzero_only__c0p58__z1p00__lam0p000__nu0p50__psi0p00,hardzero_only,0.06,37,523,0.0,4,0.52822536,0.53510046,0.94087315,0.11458476,0.11458476,1.0,0.006875085,0.06,-25.8382,2.0699623,0.6899874,0.14400001,0.0,0.16923887,0.0,0.0,1676800
hardzero_only__c0p58__z1p00__lam0p000__nu0p50__psi0p00,hardzero_only,0.06,37,524,0.0,4,0.53510046,0.542162,0.9292521,0.11769226,0.11769226,1.0,0.0070615355,0.06,-26.102425,2.0443954,0.68146515,0.2,0.0,0.16799702,0.0,0.0,1680000
hardzero_only__c0p58__z1p00__lam0p000__nu0p50__psi0p00,hardzero_only,0.06,37,525,0.0,4,0.542162,0.5492549,0.92732716,0.11821508,0.11821508,1.0,0.0070929043,0.06,-26.229357,2.0401604,0.6800535,0.224,0.0,0.15611266,0.0,0.0,1683200
hardzero_only__c0p58__z1p00__lam0p000__nu0p50__psi0p00,hardzero_only,0.06,37,526,0.0,4,0.5492549,0.55637014,0.92596275,0.118587054,0.118587054,1.0,0.007115223,0.06,-25.577415,2.0371587,0.67905295,0.24000001,0.0,0.16365825,0.0,0.0,1686400
hardzero_only__c0p58__z1p00__lam0p000__nu0p50__psi0p00,hardzero_only,0.06,37,527,0.0,4,0.55637014,0.55637014,1.0080519,0.0,0.09816306,0.0,0.0,0.06,-28.345152,2.2177584,0.7392528,0.16000001,0.0,0.18323426,0.0,0.0,1689600
hardzero_only__c0p58__z1p00__lam0p000__nu0p50__psi0p00,hardzero_only,0.06,37,528,0.0,4,0.55637014,0.56314015,0.9475628,0.11283327,0.11283327,1.0,0.006769996,0.06,-26.680998,2.0846798,0.6948933,0.216,0.008,0.1955615,0.0,0.0,1692800
hardzero_only__c0p58__z1p00__lam0p000__nu0p50__psi0p00,hardzero_only,0.06,37,529,0.0,4,0.56314015,0.56984234,0.95193404,0.1117033,0.1117033,1.0,0.0067021977,0.06,-26.668842,2.0942967,0.6980989,0.192,0.0,0.16143745,0.0,0.0,1696000
hardzero_only__c0p58__z1p00__lam0p000__nu0p50__psi0p00,hardzero_only,0.06,37,530,0.0,4,0.56984234,0.5765109,0.9541203,0.111142404,0.111142404,1.0,0.006668544,0.06,-26.431768,2.0991066,0.6997022,0.18400002,0.0,0.17045532,0.0,0.0,1699200
hardzero_only__c0p58__z1p00__lam0p000__nu0p50__psi0p00,hardzero_only,0.06,37,531,0.0,4,0.5765109,0.58285,0.9761274,0.10565077,0.10565077,1.0,0.0063390457,0.06,-26.051523,2.1475232,0.71584105,0.128,0.0,0.18166403,0.0,0.0,1702400
hardzero_only__c0p58__z1p00__lam0p000__nu0p50__psi0p00,hardzero_only,0.06,37,532,1.0,5,0.58285,0.009215515,0.97431743,0.10609199,0.10609199,1.0,0.0063655195,0.06,-25.967415,2.143541,0.7145137,0.16800001,0.0,0.1536456,0.0,0.0,1705600
hardzero_only__c0p58__z1p00__lam0p000__nu0p50__psi0p00,hardzero_only,0.06,37,533,0.0,5,0.009215515,0.015603825,0.9727652,0.10647185,0.10647185,1.0,0.006388311,0.06,-27.383093,2.1401262,0.71337545,0.13,0.0,0.1588236,0.0,0.0,1708800
hardzero_only__c0p58__z1p00__lam0p000__nu0p50__psi0p00,hardzero_only,0.06,37,534,0.0,5,0.015603825,0.023022097,0.90784854,0.123637855,0.123637855,1.0,0.007418271,0.06,-25.692663,1.9973067,0.6657689,0.2,0.0,0.14581175,0.0,0.0,1712000
hardzero_only__c0p58__z1p00__lam0p000__nu0p50__psi0p00,hardzero_only,0.06,37,535,0.0,5,0.023022097,0.030322483,0.9148053,0.121673115,0.121673115,1.0,0.0073003867,0.06,-26.080685,2.0126119,0.67087066,0.30400002,0.0,0.15643224,0.0,0.0,1715200
hardzero_only__c0p58__z1p00__lam0p000__nu0p50__psi0p00,hardzero_only,0.06,37,536,0.0,5,0.030322483,0.038070943,0.8889358,0.129141,0.129141,1.0,0.00774846,0.06,-24.78849,1.9556978,0.6518993,0.23200001,0.0,0.1591561,0.0,0.0,1718400
hardzero_only__c0p58__z1p00__lam0p000__nu0p50__psi0p00,hardzero_only,0.06,37,537,0.0,5,0.038070943,0.044832014,0.9481357,0.112684526,0.112684526,1.0,0.0067610713,0.06,-26.887796,2.0859401,0.6953134,0.17600001,0.0,0.16858463,0.0,0.0,1721600
hardzero_only__c0p58__z1p00__lam0p000__nu0p50__psi0p00,hardzero_only,0.06,37,538,0.0,5,0.044832014,0.052465804,0.8954111,0.12722982,0.12722982,1.0,0.0076337894,0.06,-24.757597,1.9699438,0.6566479,0.2,0.0,0.14366494,0.0,0.0,1724800
hardzero_only__c0p58__z1p00__lam0p000__nu0p50__psi0p00,hardzero_only,0.06,37,539,0.0,5,0.052465804,0.059356853,0.93986577,0.11485086,0.11485086,1.0,0.0068910513,0.06,-26.091803,2.067746,0.6892487,0.192,0.0,0.16712458,0.0,0.0,1728000
hardzero_only__c0p58__z1p00__lam0p000__nu0p50__psi0p00,hardzero_only,0.06,37,540,0.0,5,0.059356853,0.06695722,0.89731663,0.12667277,0.12667277,1.0,0.007600366,0.06,-25.045197,1.974136,0.65804535,0.15200001,0.0,0.15007839,0.0,0.0,1731200
hardzero_only__c0p58__z1p00__lam0p000__nu0p50__psi0p00,hardzero_only,0.06,37,541,0.0,5,0.06695722,0.0732848,0.97691387,0.1054596,0.1054596,1.0,0.006327576,0.06,-27.515646,2.1492534,0.7164178,0.216,0.0,0.175628,0.0,0.0,1734400
hardzero_only__c0p58__z1p00__lam0p000__nu0p50__psi0p00,hardzero_only,0.06,37,542,0.0,5,0.0732848,0.0802119,0.9375994,0.11545177,0.11545177,1.0,0.006927106,0.06,-26.046991,2.0627599,0.68758667,0.16000001,0.0,0.16966824,0.0,0.0,1737600
hardzero_only__c0p58__z1p00__lam0p000__nu0p50__psi0p00,hardzero_only,0.06,37,543,0.0,5,0.0802119,0.086994916,0.94672847,0.11305026,0.11305026,1.0,0.0067830156,0.06,-26.469543,2.0828443,0.69428146,0.16800001,0.0,0.17521632,0.0,0.0,1740800
hardzero_only__c0p58__z1p00__lam0p000__nu0p50__psi0p00,hardzero_only,0.06,37,544,0.0,5,0.086994916,0.094222724,0.91914475,0.12046343,0.12046343,1.0,0.007227806,0.06,-26.351278,2.0221589,0.67405295,0.216,0.0,0.17091516,0.0,0.0,1744000
hardzero_only__c0p58__z1p00__lam0p000__nu0p50__psi0p00,hardzero_only,0.06,37,545,0.0,5,0.094222724,0.10162905,0.90854836,0.12343877,0.12343877,1.0,0.007406326,0.06,-26.026134,1.9988463,0.6662821,0.216,0.0,0.16330989,0.0,0.0,1747200
hardzero_only__c0p58__z1p00__lam0p000__nu0p50__psi0p00,hardzero_only,0.06,37,546,0.0,5,0.10162905,0.10984485,0.86350125,0.13693003,0.13693003,1.0,0.008215802,0.06,-24.9709,1.8997407,0.6332469,0.19999999,0.0,0.14270452,0.0,0.0,1750400
hardzero_only__c0p58__z1p00__lam0p000__nu0p50__psi0p00,hardzero_only,0.06,37,547,0.0,5,0.10984485,0.11682895,0.93404067,0.11640169,0.11640169,1.0,0.006984101,0.06,-26.65322,2.0549304,0.6849768,0.2,0.0,0.1561173,0.0,0.0,1753600
hardzero_only__c0p58__z1p00__lam0p000__nu0p50__psi0p00,hardzero_only,0.06,37,548,0.0,5,0.11682895,0.12459155,0.88814384,0.12937672,0.12937672,1.0,0.0077626035,0.06,-25.228115,1.9539554,0.6513185,0.16800001,0.0,0.1523819,0.0,0.0,1756800
hardzero_only__c0p58__z1p00__lam0p000__nu0p50__psi0p00,hardzero_only,0.06,37,549,0.0,5,0.12459155,0.13229284,0.8915883,0.1283547,0.1283547,1.0,0.007701282,0.06,-25.961367,1.9615334,0.6538445,0.256,0.0,0.17024331,0.0,0.0,1760000
hardzero_only__c0p58__z1p00__lam0p000__nu0p50__psi0p00,hardzero_only,0.06,37,550,0.0,5,0.13229284,0.1389649,0.9538907,0.11120116,0.11120116,1.0,0.0066720694,0.06,-27.274576,2.0986013,0.6995338,0.2,0.0,0.19008324,0.0,0.0,1763200
hardzero_only__c0p58__z1p00__lam0p000__nu0p50__psi0p00,hardzero_only,0.06,37,551,0.0,5,0.1389649,0.14692488,0.8772396,0.13266622,0.13266622,1.0,0.007959973,0.06,-25.360443,1.9299656,0.6433219,0.256,0.0,0.16710864,0.0,0.0,1766400
hardzero_only__c0p58__z1p00__lam0p000__nu0p50__psi0p00,hardzero_only,0.06,37,552,0.0,5,0.14692488,0.15385962,0.9371218,0.115578786,0.115578786,1.0,0.006934727,0.06,-26.928709,2.0617092,0.6872364,0.24000001,0.0,0.15283072,0.0,0.0,1769600
hardzero_only__c0p58__z1p00__lam0p000__nu0p50__psi0p00,hardzero_only,0.06,37,553,0.0,5,0.15385962,0.1605127,0.9551284,0.1108847,0.1108847,1.0,0.006653082,0.06,-26.275833,2.1013243,0.7004415,0.14400001,0.0,0.15402012,0.0,0.0,1772800
hardzero_only__c0p58__z1p00__lam0p000__nu0p50__psi0p00,hardzero_only,0.06,37,554,0.0,5,0.1605127,0.16769105,0.92212635,0.11963925,0.11963925,1.0,0.0071783545,0.06,-26.374731,2.0287185,0.6762395,0.24000001,0.0,0.17623638,0.0,0.0,1776000
hardzero_only__c0p58__z1p00__lam0p000__nu0p50__psi0p00,hardzero_only,0.06,37,555,0.0,5,0.16769105,0.17490314,0.9200904,0.12020144,0.12020144,1.0,0.007212086,0.06,-25.643318,2.0242393,0.67474645,0.272,0.0,0.16212893,0.0,0.0,1779200
hardzero_only__c0p58__z1p00__lam0p000__nu0p50__psi0p00,hardzero_only,0.06,37,556,0.0,5,0.17490314,0.18253163,0.8957132,0.12714134,0.12714134,1.0,0.0076284804,0.06,-25.660666,1.9706084,0.6568695,0.24000001,0.0,0.14997263,0.0,0.0,1782400
hardzero_only__c0p58__z1p00__lam0p000__nu0p50__psi0p00,hardzero_only,0.06,37,557,0.0,5,0.18253163,0.1897243,0.9212606,0.11987798,0.11987798,1.0,0.0071926787,0.06,-26.001472,2.0268137,0.6756046,0.14400001,0.0,0.15833671,0.0,0.0,1785600
hardzero_only__c0p58__z1p00__lam0p000__nu0p50__psi0p00,hardzero_only,0.06,37,558,0.0,5,0.1897243,0.1960912,0.9742221,0.10611527,0.10611527,1.0,0.006366916,0.06,-27.425798,2.1433315,0.71444386,0.120000005,0.0,0.20548841,0.0,0.0,1788800
hardzero_only__c0p58__z1p00__lam0p000__nu0p50__psi0p00,hardzero_only,0.06,37,559,0.0,5,0.1960912,0.20286518,0.9473074,0.11289964,0.11289964,1.0,0.006773978,0.06,-26.888863,2.084118,0.69470596,0.17999999,0.0,0.18048719,0.0,0.0,1792000
hardzero_only__c0p58__z1p00__lam0p000__nu0p50__psi0p00,hardzero_only,0.06,37,560,0.0,5,0.20286518,0.210166,0.9147796,0.121680334,0.121680334,1.0,0.0073008197,0.06,-26.337938,2.0125554,0.6708518,0.216,0.0,0.16102016,0.0,0.0,1795200
hardzero_only__c0p58__z1p00__lam0p000__nu0p50__psi0p00,hardzero_only,0.06,37,561,0.0,5,0.210166,0.21747357,0.91437864,0.121792726,0.121792726,1.0,0.0073075634,0.06,-26.5486,2.0116732,0.67055774,0.14400001,0.0,0.16189907,0.0,0.0,1798400
hardzero_only__c0p58__z1p00__lam0p000__nu0p50__psi0p00,hardzero_only,0.06,37,562,0.0,5,0.21747357,0.22403638,0.9610608,0.10938033,0.10938033,1.0,0.0065628197,0.06,-27.157799,2.114376,0.704792,0.18400002,0.0,0.16912979,0.0,0.0,1801600
hardzero_only__c0p58__z1p00__lam0p000__nu0p50__psi0p00,hardzero_only,0.06,37,563,0.0,5,0.22403638,0.2313502,0.91400707,0.12189698,0.12189698,1.0,0.0073138187,0.06,-26.913958,2.0108557,0.6702852,0.23200001,0.0,0.14901084,0.0,0.0,1804800
hardzero_only__c0p58__z1p00__lam0p000__nu0p50__psi0p00,hardzero_only,0.06,37,564,0.0,5,0.2313502,0.23835912,0.9324995,0.116815485,0.116815485,1.0,0.007008929,0.06,-25.996466,2.05154,0.68384665,0.23200001,0.008,0.15453126,0.0,0.0,1808000
hardzero_only__c0p58__z1p00__lam0p000__nu0p50__psi0p00,hardzero_only,0.06,37,565,0.0,5,0.23835912,0.24516213,0.94545025,0.11338345,0.11338345,1.0,0.006803007,0.06,-26.817532,2.080032,0.69334406,0.17600001,0.0,0.18959883,0.0,0.0,1811200
hardzero_only__c0p58__z1p00__lam0p000__nu0p50__psi0p00,hardzero_only,0.06,37,566,0.0,5,0.24516213,0.25291693,0.88858044,0.12924671,0.12924671,1.0,0.0077548027,0.06,-24.849579,1.954916,0.6516387,0.216,0.0,0.15433812,0.0,0.0,1814400
hardzero_only__c0p58__z1p00__lam0p000__nu0p50__psi0p00,hardzero_only,0.06,37,567,0.0,5,0.25291693,0.26039547,0.90433496,0.12464217,0.12464217,1.0,0.00747853,0.06,-25.676868,1.9895767,0.6631923,0.256,0.0,0.15635037,0.0,0.0,1817600
hardzero_only__c0p58__z1p00__lam0p000__nu0p50__psi0p00,hardzero_only,0.06,37,568,0.0,5,0.26039547,0.26743683,0.9304939,0.11735621,0.11735621,1.0,0.0070413724,0.06,-26.386406,2.0471275,0.68237585,0.216,0.0,0.1845738,0.0,0.0,1820800
hardzero_only__c0p58__z1p00__lam0p000__nu0p50__psi0p00,hardzero_only,0.06,37,569,0.0,5,0.26743683,0.27423844,0.94554055,0.11335988,0.11335988,1.0,0.0068015927,0.06,-25.986193,2.0802307,0.6934103,0.18400002,0.0,0.1668618,0.0,0.0,1824000
hardzero_only__c0p58__z1p00__lam0p000__nu0p50__psi0p00,hardzero_only,0.06,37,570,0.0,5,0.27423844,0.28184274,0.89709246,0.12673818,0.12673818,1.0,0.0076042903,0.06,-25.010614,1.9736428,0.65788096,0.208,0.0,0.13692966,0.0,0.0,1827200
hardzero_only__c0p58__z1p00__lam0p000__nu0p50__psi0p00,hardzero_only,0.06,37,571,0.0,5,0.28184274,0.2890363,0.9212066,0.119892865,0.119892865,1.0,0.007193572,0.06,-25.536114,2.026695,0.675565,0.272,0.0,0.16333634,0.0,0.0,1830400
hardzero_only__c0p58__z1p00__lam0p000__nu0p50__psi0p00,hardzero_only,0.06,37,572,0.0,5,0.2890363,0.29609442,0.9294619,0.11763542,0.11763542,1.0,0.007058125,0.06,-26.196045,2.044857,0.68161905,0.22,0.0,0.15385506,0.0,0.0,1833600
hardzero_only__c0p58__z1p00__lam0p000__nu0p50__psi0p00,hardzero_only,0.06,37,573,0.0,5,0.29609442,0.30385646,0.88817567,0.12936725,0.12936725,1.0,0.007762035,0.06,-25.492323,1.9540255,0.65134186,0.216,0.0,0.15142258,0.0,0.0,1836800
hardzero_only__c0p58__z1p00__lam0p000__nu0p50__psi0p00,hardzero_only,0.06,37,574,0.0,5,0.30385646,0.3112174,0.91121775,0.122682385,0.122682385,1.0,0.007360943,0.06,-25.401337,2.004719,0.6682397,0.192,0.0,0.17608178,0.0,0.0,1840000
hardzero_only__c0p58__z1p00__lam0p000__nu0p50__psi0p00,hardzero_only,0.06,37,575,0.0,5,0.3112174,0.31812885,0.93858165,0.11519095,0.11519095,1.0,0.006911457,0.06,-26.433437,2.064921,0.688307,0.192,0.0,0.16909909,0.0,0.0,1843200
hardzero_only__c0p58__z1p00__lam0p000__nu0p50__psi0p00,hardzero_only,0.06,37,576,0.0,5,0.31812885,0.32562947,0.9030543,0.12501028,0.12501028,1.0,0.007500617,0.06,-26.081089,1.9867592,0.6622531,0.24800001,0.0,0.1505322,0.0,0.0,1846400
hardzero_only__c0p58__z1p00__lam0p000__nu0p50__psi0p00,hardzero_only,0.06,37,577,0.0,5,0.32562947,0.33342427,0.88634706,0.1299131,0.1299131,1.0,0.0077947862,0.06,-25.469791,1.9500024,0.6500008,0.216,0.0,0.1760345,0.0,0.0,1849600
hardzero_only__c0p58__z1p00__lam0p000__nu0p50__psi0p00,hardzero_only,0.06,37,578,0.0,5,0.33342427,0.3398783,0.9683215,0.10756687,0.10756687,1.0,0.006454012,0.06,-27.187725,2.1303499,0.7101166,0.208,0.0,0.1789768,0.0,0.0,1852800
hardzero_only__c0p58__z1p00__lam0p000__nu0p50__psi0p00,hardzero_only,0.06,37,579,0.0,5,0.3398783,0.34722534,0.91203874,0.12245069,0.12245069,1.0,0.0073470413,0.06,-25.809107,2.0065253,0.6688418,0.17600001,0.0,0.16943143,0.0,0.0,1856000
hardzero_only__c0p58__z1p00__lam0p000__nu0p50__psi0p00,hardzero_only,0.06,37,580,0.0,5,0.34722534,0.35439914,0.9224017,0.11956339,0.11956339,1.0,0.0071738036,0.06,-26.11988,2.0293243,0.67644143,0.24000001,0.0,0.16718817,0.0,0.0,1859200
hardzero_only__c0p58__z1p00__lam0p000__nu0p50__psi0p00,hardzero_only,0.06,37,581,0.0,5,0.35439914,0.3609557,0.9614774,0.10927544,0.10927544,1.0,0.0065565263,0.06,-26.90579,2.1152925,0.70509756,0.2,0.008,0.17071392,0.0,0.0,1862400
hardzero_only__c0p58__z1p00__lam0p000__nu0p50__psi0p00,hardzero_only,0.06,37,582,0.0,5,0.3609557,0.36750114,0.9622124,0.10909067,0.10909067,1.0,0.0065454403,0.06,-25.810461,2.1169095,0.7056365,0.192,0.0,0.16017763,0.0,0.0,1865600
hardzero_only__c0p58__z1p00__lam0p000__nu0p50__psi0p00,hardzero_only,0.06,37,583,0.0,5,0.36750114,0.37472597,0.9193241,0.1204137,0.1204137,1.0,0.007224822,0.06,-26.373959,2.0225534,0.6741845,0.16800001,0.0,0.16768306,0.0,0.0,1868800
hardzero_only__c0p58__z1p00__lam0p000__nu0p50__psi0p00,hardzero_only,0.06,37,584,0.0,5,0.37472597,0.3822504,0.9016771,0.12540732,0.12540732,1.0,0.007524439,0.06,-25.811735,1.9837291,0.6612431,0.216,0.0,0.14286245,0.0,0.0,1872000
hardzero_only__c0p58__z1p00__lam0p000__nu0p50__psi0p00,hardzero_only,0.06,37,585,0.0,5,0.3822504,0.3822504,1.0159014,0.0,0.096404776,0.0,0.0,0.06,-27.807173,2.2350278,0.7450093,0.13,0.0,0.17062019,0.0,0.0,1875200
hardzero_only__c0p58__z1p00__lam0p000__nu0p50__psi0p00,hardzero_only,0.06,37,586,0.0,5,0.3822504,0.38922375,0.93471026,0.11622235,0.11622235,1.0,0.006973341,0.06,-26.594824,2.0564036,0.6854679,0.24000001,0.0,0.15130854,0.0,0.0,1878400
hardzero_only__c0p58__z1p00__lam0p000__nu0p50__psi0p00,hardzero_only,0.06,37,587,0.0,5,0.38922375,0.3964222,0.9209117,0.11997431,0.11997431,1.0,0.007198458,0.06,-26.264685,2.0260463,0.67534876,0.2,0.0,0.17236471,0.0,0.0,1881600
hardzero_only__c0p58__z1p00__lam0p000__nu0p50__psi0p00,hardzero_only,0.06,37,588,0.0,5,0.3964222,0.404547,0.8683386,0.13541333,0.13541333,1.0,0.0081247995,0.06,-24.71077,1.910383,0.6367943,0.224,0.0,0.14841202,0.0,0.0,1884800
hardzero_only__c0p58__z1p00__lam0p000__nu0p50__psi0p00,hardzero_only,0.06,37,589,0.0,5,0.404547,0.41118637,0.95602524,0.11065594,0.11065594,1.0,0.0066393563,0.06,-26.749016,2.1032975,0.70109916,0.216,0.0,0.1674559,0.0,0.0,1888000
hardzero_only__c0p58__z1p00__lam0p000__nu0p50__psi0p00,hardzero_only,0.06,37,590,0.0,5,0.41118637,0.4175858,0.9720111,0.10665689,0.10665689,1.0,0.006399413,0.06,-27.757805,2.138467,0.7128224,0.14400001,0.008,0.18704839,0.0,0.0,1891200
hardzero_only__c0p58__z1p00__lam0p000__nu0p50__psi0p00,hardzero_only,0.06,37,591,0.0,5,0.4175858,0.42455846,0.93475133,0.116211385,0.116211385,1.0,0.006972683,0.06,-26.343607,2.056494,0.685498,0.15200001,0.0,0.15279214,0.0,0.0,1894400
hardzero_only__c0p58__z1p00__lam0p000__nu0p50__psi0p00,hardzero_only,0.06,37,592,0.0,5,0.42455846,0.4318147,0.91744024,0.12093715,0.12093715,1.0,0.007256229,0.06,-25.742548,2.0184088,0.6728029,0.24800001,0.0,0.17157568,0.0,0.0,1897600
hardzero_only__c0p58__z1p00__lam0p000__nu0p50__psi0p00,hardzero_only,0.06,37,593,0.0,5,0.4318147,0.4389369,0.9255369,0.11870339,0.11870339,1.0,0.0071222032,0.06,-25.994938,2.0362217,0.6787406,0.16000001,0.0,0.16041975,0.0,0.0,1900800
hardzero_only__c0p58__z1p00__lam0p000__nu0p50__psi0p00,hardzero_only,0.06,37,594,0.0,5,0.4389369,0.44649157,0.89993453,0.1259115,0.1259115,1.0,0.00755469,0.06,-25.49131,1.9798955,0.65996516,0.15200001,0.0,0.13906041,0.0,0.0,1904000
hardzero_only__c0p58__z1p00__lam0p000__nu0p50__psi0p00,hardzero_only,0.06,37,595,0.0,5,0.44649157,0.4526937,0.9856104,0.103368826,0.103368826,1.0,0.0062021296,0.06,-27.788319,2.1683862,0.7227954,0.18400002,0.0,0.16940257,0.0,0.0,1907200
hardzero_only__c0p58__z1p00__lam0p000__nu0p50__psi0p00,hardzero_only,0.06,37,596,0.0,5,0.4526937,0.46024457,0.90015537,0.12584752,0.12584752,1.0,0.007550851,0.06,-25.728432,1.9803814,0.66012716,0.208,0.0,0.14933258,0.0,0.0,1910400
hardzero_only__c0p58__z1p00__lam0p000__nu0p50__psi0p00,hardzero_only,0.06,37,597,0.0,5,0.46024457,0.46750945,0.9169235,0.12108113,0.12108113,1.0,0.0072648674,0.06,-26.26149,2.017272,0.672424,0.136,0.0,0.15248878,0.0,0.0,1913600
hardzero_only__c0p58__z1p00__lam0p000__nu0p50__psi0p00,hardzero_only,0.06,37,598,0.0,5,0.46750945,0.47548932,0.87615514,0.13299793,0.13299793,1.0,0.007979875,0.06,-25.253735,1.9275798,0.6425266,0.32999998,0.0,0.152212,0.0,0.0,1916800
hardzero_only__c0p58__z1p00__lam0p000__nu0p50__psi0p00,hardzero_only,0.06,37,599,0.0,5,0.47548932,0.48216224,0.95383465,0.1112155,0.1112155,1.0,0.00667293,0.06,-26.729916,2.098478,0.6994927,0.17600001,0.0,0.17466085,0.0,0.0,1920000
hardzero_only__c0p58__z1p00__lam0p000__nu0p50__psi0p00,hardzero_only,0.06,37,600,0.0,5,0.48216224,0.48845688,0.9791803,0.104910694,0.104910694,1.0,0.0062946416,0.06,-26.84803,2.1542397,0.7180799,0.120000005,0.0,0.16757363,0.0,0.0,1923200
hardzero_only__c0p58__z1p00__lam0p000__nu0p50__psi0p00,hardzero_only,0.06,37,601,0.0,5,0.48845688,0.4952979,0.9430296,0.114017226,0.114017226,1.0,0.006841033,0.06,-25.688335,2.0747066,0.69156885,0.18400002,0.0,0.1602835,0.0,0.0,1926400
hardzero_only__c0p58__z1p00__lam0p000__nu0p50__psi0p00,hardzero_only,0.06,37,602,0.0,5,0.4952979,0.50367707,0.8549514,0.13965246,0.13965246,1.0,0.008379147,0.06,-25.19847,1.8809307,0.6269769,0.23200001,0.0,0.1280963,0.0,0.0,1929600
hardzero_only__c0p58__z1p00__lam0p000__nu0p50__psi0p00,hardzero_only,0.06,37,603,0.0,5,0.50367707,0.5121517,0.8500299,0.14124402,0.14124402,1.0,0.0084746415,0.06,-24.80232,1.8701031,0.6233677,0.224,0.0,0.13967729,0.0,0.0,1932800
hardzero_only__c0p58__z1p00__lam0p000__nu0p50__psi0p00,hardzero_only,0.06,37,604,0.0,5,0.5121517,0.52039,0.86231714,0.13730389,0.13730389,1.0,0.008238233,0.06,-24.85266,1.8971356,0.6323786,0.16800001,0.0,0.16217051,0.0,0.0,1936000
hardzero_only__c0p58__z1p00__lam0p000__nu0p50__psi0p00,hardzero_only,0.06,37,605,0.0,5,0.52039,0.527035,0.95565397,0.11075059,0.11075059,1.0,0.0066450355,0.06,-26.528625,2.1024806,0.7008269,0.16000001,0.0,0.16995339,0.0,0.0,1939200
hardzero_only__c0p58__z1p00__lam0p000__nu0p50__psi0p00,hardzero_only,0.06,37,606,0.0,5,0.527035,0.5353346,0.85909575,0.13832612,0.13832612,1.0,0.008299567,0.06,-25.59045,1.8900484,0.63001615,0.296,0.008,0.17328596,0.0,0.0,1942400
hardzero_only__c0p58__z1p00__lam0p000__nu0p50__psi0p00,hardzero_only,0.06,37,607,0.0,5,0.5353346,0.54177773,0.96905464,0.10738542,0.10738542,1.0,0.006443125,0.06,-27.298994,2.1319628,0.71065426,0.24000001,0.008,0.17520657,0.0,0.0,1945600
hardzero_only__c0p58__z1p00__lam0p000__nu0p50__psi0p00,hardzero_only,0.06,37,608,0.0,5,0.54177773,0.54915535,0.9102348,0.122960374,0.122960374,1.0,0.007377622,0.06,-24.638208,2.0025566,0.66751885,0.208,0.0,0.1566428,0.0,0.0,1948800
hardzero_only__c0p58__z1p00__lam0p000__nu0p50__psi0p00,hardzero_only,0.06,37,609,0.0,5,0.54915535,0.55570215,0.96212137,0.10911354,0.10911354,1.0,0.006546812,0.06,-27.51311,2.1167092,0.70556974,0.208,0.0,0.20387623,0.0,0.0,1952000
hardzero_only__c0p58__z1p00__lam0p000__nu0p50__psi0p00,hardzero_only,0.06,37,610,0.0,5,0.55570215,0.56349665,0.8863622,0.12990858,0.12990858,1.0,0.0077945143,0.06,-24.856485,1.9500358,0.65001196,0.2,0.0,0.13750334,0.0,0.0,1955200
hardzero_only__c0p58__z1p00__lam0p000__nu0p50__psi0p00,hardzero_only,0.06,37,611,0.0,5,0.56349665,0.57056034,0.92911893,0.117728345,0.117728345,1.0,0.0070637004,0.06,-26.062511,2.0441024,0.6813675,0.19999999,0.01,0.1521467,0.0,0.0,1958400
hardzero_only__c0p58__z1p00__lam0p000__nu0p50__psi0p00,hardzero_only,0.06,37,612,0.0,5,0.57056034,0.57821095,0.89445347,0.12751067,0.12751067,1.0,0.00765064,0.06,-25.653011,1.967837,0.65594566,0.208,0.008,0.15978162,0.0,0.0,1961600
hardzero_only__c0p58__z1p00__lam0p000__nu0p50__psi0p00,hardzero_only,0.06,37,613,0.0,5,0.57821095,0.5866885,0.84987944,0.14129296,0.14129296,1.0,0.008477577,0.06,-24.163788,1.8697721,0.6232574,0.30400002,0.0,0.16694109,0.0,0.0,1964800
hardzero_only__c0p58__z1p00__lam0p000__nu0p50__psi0p00,hardzero_only,0.06,37,614,1.0,6,0.5866885,0.013630927,0.93664217,0.11570652,0.11570652,1.0,0.006942391,0.06,-25.468994,2.060654,0.68688464,0.15200001,0.0,0.16368145,0.0,0.0,1968000
hardzero_only__c0p58__z1p00__lam0p000__nu0p50__psi0p00,hardzero_only,0.06,37,615,0.0,6,0.013630927,0.020913,0.9158962,0.12136789,0.12136789,1.0,0.007282073,0.06,-26.253513,2.0150118,0.6716706,0.208,0.0,0.1570639,0.0,0.0,1971200
hardzero_only__c0p58__z1p00__lam0p000__nu0p50__psi0p00,hardzero_only,0.06,37,616,0.0,6,0.020913,0.029296748,0.8547129,0.13972917,0.13972917,1.0,0.00838375,0.06,-25.025724,1.8804059,0.62680197,0.224,0.0,0.15749337,0.0,0.0,1974400
hardzero_only__c0p58__z1p00__lam0p000__nu0p50__psi0p00,hardzero_only,0.06,37,617,0.0,6,0.029296748,0.035825133,0.96334547,0.108806424,0.108806424,1.0,0.0065283854,0.06,-26.798645,2.1194024,0.7064675,0.128,0.0,0.1760071,0.0,0.0,1977600
hardzero_only__c0p58__z1p00__lam0p000__nu0p50__psi0p00,hardzero_only,0.06,37,618,0.0,6,0.035825133,0.04381181,0.8757853,0.13311125,0.13311125,1.0,0.007986675,0.06,-25.233587,1.9267662,0.6422554,0.18400002,0.0,0.1614894,0.0,0.0,1980800
hardzero_only__c0p58__z1p00__lam0p000__nu0p50__psi0p00,hardzero_only,0.06,37,619,0.0,6,0.04381181,0.050367456,0.96153563,0.1092608,0.1092608,1.0,0.0065556476,0.06,-27.19603,2.1154206,0.70514023,0.2,0.0,0.17162582,0.0,0.0,1984000
hardzero_only__c0p58__z1p00__lam0p000__nu0p50__psi0p00,hardzero_only,0.06,37,620,0.0,6,0.050367456,0.057875972,0.9025971,0.12514193,0.12514193,1.0,0.007508516,0.06,-24.82316,1.9857533,0.6619178,0.192,0.0,0.1584408,0.0,0.0,1987200
hardzero_only__c0p58__z1p00__lam0p000__nu0p50__psi0p00,hardzero_only,0.06,37,621,0.0,6,0.057875972,0.06494659,0.928694,0.1178436,0.1178436,1.0,0.007070616,0.06,-26.75822,2.0431676,0.6810559,0.208,0.0,0.1528438,0.0,0.0,1990400
hardzero_only__c0p58__z1p00__lam0p000__nu0p50__psi0p00,hardzero_only,0.06,37,622,0.0,6,0.06494659,0.07222566,0.91607517,0.12131787,0.12131787,1.0,0.007279072,0.06,-25.97347,2.0154057,0.6718019,0.136,0.0,0.1571544,0.0,0.0,1993600
hardzero_only__c0p58__z1p00__lam0p000__nu0p50__psi0p00,hardzero_only,0.06,37,623,0.0,6,0.07222566,0.080058396,0.88423795,0.13054556,0.13054556,1.0,0.007832733,0.06,-25.25778,1.9453623,0.6484541,0.264,0.0,0.17726187,0.0,0.0,1996800
hardzero_only__c0p58__z1p00__lam0p000__nu0p50__psi0p00,hardzero_only,0.06,37,624,0.0,6,0.080058396,0.086952716,0.93965983,0.114905335,0.114905335,1.0,0.00689432,0.06,-25.58272,2.067293,0.68909764,0.19999999,0.0,0.13700788,0.0,0.0,2000000
hardzero_only__c0p58__z1p00__lam0p000__nu0p50__psi0p00,hardzero_only,0.06,37,625,0.0,6,0.086952716,0.09368056,0.9502753,0.11213073,0.11213073,1.0,0.0067278435,0.06,-27.050798,2.0906475,0.6968825,0.224,0.0,0.16412418,0.0,0.0,2003200
hardzero_only__c0p58__z1p00__lam0p000__nu0p50__psi0p00,hardzero_only,0.06,37,626,0.0,6,0.09368056,0.10102253,0.91233903,0.122366056,0.122366056,1.0,0.0073419632,0.06,-25.072487,2.007186,0.669062,0.17600001,0.0,0.15206899,0.0,0.0,2006400
hardzero_only__c0p58__z1p00__lam0p000__nu0p50__psi0p00,hardzero_only,0.06,37,627,0.0,6,0.10102253,0.10789247,0.94119835,0.11449898,0.11449898,1.0,0.0068699387,0.06,-26.79033,2.0706778,0.69022596,0.16800001,0.0,0.1580722,0.0,0.0,2009600
hardzero_only__c0p58__z1p00__lam0p000__nu0p50__psi0p00,hardzero_only,0.06,37,628,0.0,6,0.10789247,0.115276515,0.9098567,0.123067476,0.123067476,1.0,0.0073840483,0.06,-26.418955,2.0017247,0.6672416,0.2,0.0,0.1734017,0.0,0.0,2012800
hardzero_only__c0p58__z1p00__lam0p000__nu0p50__psi0p00,hardzero_only,0.06,37,629,0.0,6,0.115276515,0.12264126,0.9109935,0.12274576,0.12274576,1.0,0.0073647453,0.06,-25.494059,2.0042257,0.66807526,0.192,0.0,0.1623398,0.0,0.0,2016000
hardzero_only__c0p58__z1p00__lam0p000__nu0p50__psi0p00,hardzero_only,0.06,37,630,0.0,6,0.12264126,0.12948342,0.94295853,0.114035875,0.114035875,1.0,0.006842152,0.06,-26.056229,2.0745502,0.69151676,0.2,0.0,0.15679723,0.0,0.0,2019200
hardzero_only__c0p58__z1p00__lam0p000__nu0p50__psi0p00,hardzero_only,0.06,37,631,0.0,6,0.12948342,0.13681309,0.9130664,0.12216127,0.12216127,1.0,0.007329676,0.06,-26.550507,2.0087862,0.6695954,0.264,0.0,0.18379498,0.0,0.0,2022400
hardzero_only__c0p58__z1p00__lam0p000__nu0p50__psi0p00,hardzero_only,0.06,37,632,0.0,6,0.13681309,0.14422332,0.90831983,0.12350374,0.12350374,1.0,0.007410224,0.06,-26.5488,1.9983436,0.66611457,0.216,0.0,0.16595368,0.0,0.0,2025600
hardzero_only__c0p58__z1p00__lam0p000__nu0p50__psi0p00,hardzero_only,0.06,37,633,0.0,6,0.14422332,0.1516841,0.9053667,0.12434642,0.12434642,1.0,0.007460785,0.06,-26.35245,1.9918466,0.6639489,0.208,0.0,0.14289108,0.0,0.0,2028800
hardzero_only__c0p58__z1p00__lam0p000__nu0p50__psi0p00,hardzero_only,0.06,37,634,0.0,6,0.1516841,0.15936895,0.8925165,0.12808064,0.12808064,1.0,0.007684838,0.06,-25.369404,1.9635755,0.65452516,0.224,0.0,0.14759225,0.0,0.0,2032000
hardzero_only__c0p58__z1p00__lam0p000__nu0p50__psi0p00,hardzero_only,0.06,37,635,0.0,6,0.15936895,0.16650394,0.9247575,0.11891661,0.11891661,1.0,0.0071349964,0.06,-25.9458,2.034507,0.678169,0.17600001,0.0,0.16014588,0.0,0.0,2035200
hardzero_only__c0p58__z1p00__lam0p000__nu0p50__psi0p00,hardzero_only,0.06,37,636,0.0,6,0.16650394,0.17323446,0.9501019,0.112175524,0.112175524,1.0,0.0067305313,0.06,-26.217976,2.090266,0.69675535,0.16800001,0.0,0.13508326,0.0,0.0,2038400
hardzero_only__c0p58__z1p00__lam0p000__nu0p50__psi0p00,hardzero_only,0.06,37,637,0.0,6,0.17323446,0.1808673,0.8954655,0.12721387,0.12721387,1.0,0.0076328316,0.06,-25.033525,1.9700634,0.65668786,0.17999999,0.0,0.12910591,0.0,0.0,2041600
hardzero_only__c0p58__z1p00__lam0p000__nu0p50__psi0p00,hardzero_only,0.06,37,638,0.0,6,0.1808673,0.18801142,0.92420197,0.11906882,0.11906882,1.0,0.007144129,0.06,-25.584085,2.033285,0.6777617,0.208,0.0,0.15564287,0.0,0.0,2044800
hardzero_only__c0p58__z1p00__lam0p000__nu0p50__psi0p00,hardzero_only,0.06,37,639,0.0,6,0.18801142,0.19495454,0.9365969,0.11571858,0.11571858,1.0,0.0069431146,0.06,-25.675064,2.0605543,0.68685144,0.216,0.0,0.13548268,0.0,0.0,2048000
hardzero_only__c0p58__z1p00__lam0p000__nu0p50__psi0p00,hardzero_only,0.06,37,640,0.0,6,0.19495454,0.20337996,0.85256,0.14042357,0.14042357,1.0,0.008425414,0.06,-24.919432,1.8756695,0.62522316,0.28,0.0,0.15957817,0.0,0.0,2051200
hardzero_only__c0p58__z1p00__lam0p000__nu0p50__psi0p00,hardzero_only,0.06,37,641,0.0,6,0.20337996,0.21055803,0.92214334,0.11963457,0.11963457,1.0,0.0071780737,0.06,-25.210974,2.028756,0.676252,0.208,0.0,0.1461079,0.0,0.0,2054400
hardzero_only__c0p58__z1p00__lam0p000__nu0p50__psi0p00,hardzero_only,0.06,37,642,0.0,6,0.21055803,0.2172908,0.94995713,0.11221292,0.11221292,1.0,0.006732775,0.06,-26.063969,2.0899475,0.6966492,0.18400002,0.0,0.19226055,0.0,0.0,2057600
hardzero_only__c0p58__z1p00__lam0p000__nu0p50__psi0p00,hardzero_only,0.06,37,643,0.0,6,0.2172908,0.2253682,0.8708793,0.13462342,0.13462342,1.0,0.008077405,0.06,-25.152985,1.9159727,0.63865757,0.16800001,0.008,0.13250872,0.0,0.0,2060800
hardzero_only__c0p58__z1p00__lam0p000__nu0p50__psi0p00,hardzero_only,0.06,37,644,0.0,6,0.2253682,0.23358098,0.863661,0.13687968,0.13687968,1.0,0.008212781,0.06,-25.366827,1.9000921,0.6333641,0.216,0.0,0.1468071,0.0,0.0,2064000
hardzero_only__c0p58__z1p00__lam0p000__nu0p50__psi0p00,hardzero_only,0.06,37,645,0.0,6,0.23358098,0.24038835,0.9451714,0.11345628,0.11345628,1.0,0.0068073766,0.06,-26.535496,2.0794187,0.69313955,0.17600001,0.0,0.16791423,0.0,0.0,2067200
hardzero_only__c0p58__z1p00__lam0p000__nu0p50__psi0p00,hardzero_only,0.06,37,646,0.0,6,0.24038835,0.24823728,0.8833403,0.13081564,0.13081564,1.0,0.007848938,0.06,-25.17557,1.9433875,0.64779586,0.2,0.008,0.15011315,0.0,0.0,2070400
hardzero_only__c0p58__z1p00__lam0p000__nu0p50__psi0p00,hardzero_only,0.06,37,647,0.0,6,0.24823728,0.25564045,0.9087331,0.12338628,0.12338628,1.0,0.0074031767,0.06,-26.549984,1.9992528,0.6664176,0.16000001,0.0,0.16182566,0.0,0.0,2073600
hardzero_only__c0p58__z1p00__lam0p000__nu0p50__psi0p00,hardzero_only,0.06,37,648,0.0,6,0.25564045,0.26233608,0.9523608,0.111593574,0.111593574,1.0,0.006695614,0.06,-26.427711,2.0952356,0.6984119,0.192,0.0,0.16860572,0.0,0.0,2076800
hardzero_only__c0p58__z1p00__lam0p000__nu0p50__psi0p00,hardzero_only,0.06,37,649,0.0,6,0.26233608,0.27013752,0.88597566,0.13002425,0.13002425,1.0,0.007801455,0.06,-25.779453,1.9491854,0.6497285,0.2,0.0,0.1682823,0.0,0.0,2080000
hardzero_only__c0p58__z1p00__lam0p000__nu0p50__psi0p00,hardzero_only,0.06,37,650,0.0,6,0.27013752,0.27725247,0.92597985,0.11858236,0.11858236,1.0,0.0071149413,0.06,-26.012936,2.0371964,0.67906547,0.26,0.0,0.15951909,0.0,0.0,2083200
hardzero_only__c0p58__z1p00__lam0p000__nu0p50__psi0p00,hardzero_only,0.06,37,651,0.0,6,0.27725247,0.28424034,0.93380594,0.11646462,0.11646462,1.0,0.006987877,0.06,-26.171587,2.054414,0.6848047,0.192,0.0,0.1717703,0.0,0.0,2086400
hardzero_only__c0p58__z1p00__lam0p000__nu0p50__psi0p00,hardzero_only,0.06,37,652,0.0,6,0.28424034,0.29077435,0.9629706,0.10890037,0.10890037,1.0,0.006534022,0.06,-27.06352,2.1185777,0.7061926,0.208,0.0,0.15948611,0.0,0.0,2089600
hardzero_only__c0p58__z1p00__lam0p000__nu0p50__psi0p00,hardzero_only,0.06,37,653,0.0,6,0.29077435,0.29924437,0.85026664,0.14116704,0.14116704,1.0,0.008470022,0.06,-24.824442,1.870624,0.62354136,0.23200001,0.0,0.14002107,0.0,0.0,2092800
hardzero_only__c0p58__z1p00__lam0p000__nu0p50__psi0p00,hardzero_only,0.06,37,654,0.0,6,0.29924437,0.3069213,0.8929635,0.12794888,0.12794888,1.0,0.0076769325,0.06,-25.263378,1.964559,0.654853,0.224,0.0,0.16010249,0.0,0.0,2096000
hardzero_only__c0p58__z1p00__lam0p000__nu0p50__psi0p00,hardzero_only,0.06,37,655,0.0,6,0.3069213,0.31452385,0.8971923,0.12670904,0.12670904,1.0,0.0076025426,0.06,-25.103628,1.9738625,0.6579542,0.18400002,0.0,0.1324747,0.0,0.0,2099200
hardzero_only__c0p58__z1p00__lam0p000__nu0p50__psi0p00,hardzero_only,0.06,37,656,0.0,6,0.31452385,0.32174772,0.9193818,0.1203977,0.1203977,1.0,0.0072238618,0.06,-25.98953,2.0226803,0.67422676,0.216,0.0,0.17226692,0.0,0.0,2102400
hardzero_only__c0p58__z1p00__lam0p000__nu0p50__psi0p00,hardzero_only,0.06,37,657,0.0,6,0.32174772,0.32972142,0.8764909,0.13289514,0.13289514,1.0,0.007973708,0.06,-25.672064,1.9283185,0.64277285,0.216,0.0,0.16881274,0.0,0.0,2105600
hardzero_only__c0p58__z1p00__lam0p000__nu0p50__psi0p00,hardzero_only,0.06,37,658,0.0,6,0.32972142,0.33708155,0.91126573,0.12266885,0.12266885,1.0,0.0073601305,0.06,-25.62372,2.0048246,0.6682749,0.18400002,0.0,0.15681392,0.0,0.0,2108800
hardzero_only__c0p58__z1p00__lam0p000__nu0p50__psi0p00,hardzero_only,0.06,37,659,0.0,6,0.33708155,0.34510678,0.8736941,0.13375373,0.13375373,1.0,0.008025223,0.06,-25.18728,1.9221655,0.64072186,0.14400001,0.0,0.12936836,0.0,0.0,2112000
hardzero_only__c0p58__z1p00__lam0p000__nu0p50__psi0p00,hardzero_only,0.06,37,660,0.0,6,0.34510678,0.3533174,0.8637749,0.1368438,0.1368438,1.0,0.008210628,0.06,-25.364788,1.9003427,0.6334476,0.24800001,0.0,0.14475526,0.0,0.0,2115200
hardzero_only__c0p58__z1p00__lam0p000__nu0p50__psi0p00,hardzero_only,0.06,37,661,0.0,6,0.3533174,0.3607103,0.9093378,0.123214595,0.123214595,1.0,0.0073928754,0.06,-26.322895,2.0005832,0.66686106,0.23200001,0.0,0.15638055,0.0,0.0,2118400
hardzero_only__c0p58__z1p00__lam0p000__nu0p50__psi0p00,hardzero_only,0.06,37,662,0.0,6,0.3607103,0.3675711,0.9417776,0.11434638,0.11434638,1.0,0.0068607824,0.06,-25.389585,2.071952,0.6906507,0.17600001,0.0,0.15354533,0.0,0.0,2121600
hardzero_only__c0p58__z1p00__lam0p000__nu0p50__psi0p00,hardzero_only,0.06,37,663,0.0,6,0.3675711,0.37461197,0.9305235,0.11734821,0.11734821,1.0,0.0070408923,0.06,-26.30402,2.0471926,0.68239754,0.17999999,0.0,0.1804997,0.0,0.0,2124800
hardzero_only__c0p58__z1p00__lam0p000__nu0p50__psi0p00,hardzero_only,0.06,37,664,0.0,6,0.37461197,0.38206145,0.9060255,0.12415792,0.12415792,1.0,0.007449475,0.06,-25.129986,1.993296,0.66443205,0.2,0.0,0.14087544,0.0,0.0,2128000
hardzero_only__c0p58__z1p00__lam0p000__nu0p50__psi0p00,hardzero_only,0.06,37,665,0.0,6,0.38206145,0.38901964,0.9356551,0.11596978,0.11596978,1.0,0.0069581866,0.06,-26.51301,2.0584824,0.6861608,0.208,0.0,0.16485809,0.0,0.0,2131200
hardzero_only__c0p58__z1p00__lam0p000__nu0p50__psi0p00,hardzero_only,0.06,37,666,0.0,6,0.38901964,0.39583442,0.9446987,0.113579854,0.113579854,1.0,0.006814791,0.06,-25.766493,2.0783787,0.6927929,0.18400002,0.0,0.16082756,0.0,0.0,2134400
hardzero_only__c0p58__z1p00__lam0p000__nu0p50__psi0p00,hardzero_only,0.06,37,667,0.0,6,0.39583442,0.40438735,0.8460359,0.14254896,0.14254896,1.0,0.008552938,0.06,-25.240154,1.8613162,0.62043875,0.24000001,0.0,0.14313243,0.0,0.0,2137600
hardzero_only__c0p58__z1p00__lam0p000__nu0p50__psi0p00,hardzero_only,0.06,37,668,0.0,6,0.40438735,0.4115952,0.9203464,0.12013058,0.12013058,1.0,0.0072078346,0.06,-25.308907,2.0248024,0.67493415,0.136,0.0,0.16811198,0.0,0.0,2140800
hardzero_only__c0p58__z1p00__lam0p000__nu0p50__psi0p00,hardzero_only,0.06,37,669,0.0,6,0.4115952,0.41923627,0.89499706,0.12735116,0.12735116,1.0,0.0076410696,0.06,-25.268398,1.9690329,0.6563443,0.256,0.0,0.15100016,0.0,0.0,2144000
hardzero_only__c0p58__z1p00__lam0p000__nu0p50__psi0p00,hardzero_only,0.06,37,670,0.0,6,0.41923627,0.4260396,0.9454298,0.1133888,0.1133888,1.0,0.0068033277,0.06,-26.288715,2.079987,0.69332904,0.24800001,0.0,0.15430833,0.0,0.0,2147200
hardzero_only__c0p58__z1p00__lam0p000__nu0p50__psi0p00,hardzero_only,0.06,37,671,0.0,6,0.4260396,0.43309173,0.9298312,0.11753543,0.11753543,1.0,0.0070521254,0.06,-25.808235,2.0456696,0.6818899,0.16000001,0.0,0.16065352,0.0,0.0,2150400
hardzero_only__c0p58__z1p00__lam0p000__nu0p50__psi0p00,hardzero_only,0.06,37,672,0.0,6,0.43309173,0.4408521,0.88826793,0.12933974,0.12933974,1.0,0.007760384,0.06,-25.210583,1.9542285,0.6514095,0.23200001,0.0,0.16839926,0.0,0.0,2153600
hardzero_only__c0p58__z1p00__lam0p000__nu0p50__psi0p00,hardzero_only,0.06,37,673,0.0,6,0.4408521,0.44894436,0.8700811,0.1348711,0.1348711,1.0,0.008092266,0.06,-25.977427,1.9142166,0.63807225,0.24000001,0.0,0.1586678,0.0,0.0,2156800
hardzero_only__c0p58__z1p00__lam0p000__nu0p50__psi0p00,hardzero_only,0.06,37,674,0.0,6,0.44894436,0.45607713,0.92489225,0.1188797,0.1188797,1.0,0.0071327817,0.06,-26.37661,2.0348036,0.6782679,0.2,0.0,0.15037155,0.0,0.0,2160000
hardzero_only__c0p58__z1p00__lam0p000__nu0p50__psi0p00,hardzero_only,0.06,37,675,0.0,6,0.45607713,0.4635362,0.9054667,0.12431778,0.12431778,1.0,0.007459067,0.06,-25.863161,1.9920665,0.6640222,0.2,0.0,0.16006632,0.0,0.0,2163200
hardzero_only__c0p58__z1p00__lam0p000__nu0p50__psi0p00,hardzero_only,0.06,37,676,0.0,6,0.4635362,0.47144264,0.8801712,0.13177373,0.13177373,1.0,0.007906423,0.06,-24.93103,1.9364152,0.64547175,0.21,0.0,0.16096626,0.0,0.0,2166400
hardzero_only__c0p58__z1p00__lam0p000__nu0p50__psi0p00,hardzero_only,0.06,37,677,0.0,6,0.47144264,0.4793594,0.8796038,0.13194597,0.13194597,1.0,0.007916758,0.06,-25.52051,1.935167,0.64505565,0.28,0.0,0.14368078,0.0,0.0,2169600
hardzero_only__c0p58__z1p00__lam0p000__nu0p50__psi0p00,hardzero_only,0.06,37,678,0.0,6,0.4793594,0.48697397,0.8965046,0.12690987,0.12690987,1.0,0.0076145916,0.06,-24.986626,1.9723494,0.65744984,0.216,0.0,0.14843735,0.0,0.0,2172800
hardzero_only__c0p58__z1p00__lam0p000__nu0p50__psi0p00,hardzero_only,0.06,37,679,0.0,6,0.48697397,0.4942896,0.91389835,0.1219275,0.1219275,1.0,0.0073156497,0.06,-26.354036,2.0106165,0.67020553,0.23200001,0.0,0.1536735,0.0,0.0,2176000
hardzero_only__c0p58__z1p00__lam0p000__nu0p50__psi0p00,hardzero_only,0.06,37,680,0.0,6,0.4942896,0.5023489,0.87185276,0.13432203,0.13432203,1.0,0.008059322,0.06,-25.214663,1.9181143,0.63937145,0.24800001,0.0,0.18948172,0.0,0.0,2179200
hardzero_only__c0p58__z1p00__lam0p000__nu0p50__psi0p00,hardzero_only,0.06,37,681,0.0,6,0.5023489,0.5092293,0.94053733,0.11467339,0.11467339,1.0,0.0068804035,0.06,-25.637266,2.0692234,0.68974113,0.18400002,0.0,0.1447433,0.0,0.0,2182400
hardzero_only__c0p58__z1p00__lam0p000__nu0p50__psi0p00,hardzero_only,0.06,37,682,0.0,6,0.5092293,0.5167158,0.90387,0.1247757,0.1247757,1.0,0.0074865418,0.06,-26.488846,1.9885536,0.6628512,0.208,0.0,0.16584209,0.0,0.0,2185600
hardzero_only__c0p58__z1p00__lam0p000__nu0p50__psi0p00,hardzero_only,0.06,37,683,0.0,6,0.5167158,0.52420354,0.9038024,0.124795124,0.124795124,1.0,0.0074877073,0.06,-25.333296,1.988405,0.6628017,0.224,0.0,0.14707083,0.0,0.0,2188800
hardzero_only__c0p58__z1p00__lam0p000__nu0p50__psi0p00,hardzero_only,0.06,37,684,0.0,6,0.52420354,0.5319654,0.8881868,0.12936392,0.12936392,1.0,0.007761835,0.06,-25.365574,1.95405,0.65135,0.208,0.0,0.14615762,0.0,0.0,2192000
hardzero_only__c0p58__z1p00__lam0p000__nu0p50__psi0p00,hardzero_only,0.06,37,685,0.0,6,0.5319654,0.5384525,0.96609807,0.10811898,0.10811898,1.0,0.0064871386,0.06,-26.992685,2.1254582,0.7084861,0.2,0.0,0.16910353,0.0,0.0,2195200
hardzero_only__c0p58__z1p00__lam0p000__nu0p50__psi0p00,hardzero_only,0.06,37,686,0.0,6,0.5384525,0.54634374,0.8810074,0.13152024,0.13152024,1.0,0.007891214,0.06,-25.905907,1.938255,0.646085,0.216,0.0,0.16571328,0.0,0.0,2198400
hardzero_only__c0p58__z1p00__lam0p000__nu0p50__psi0p00,hardzero_only,0.06,37,687,0.0,6,0.54634374,0.55330664,0.9353617,0.116048165,0.116048165,1.0,0.00696289,0.06,-25.96412,2.0578368,0.68594563,0.2,0.0,0.161165,0.0,0.0,2201600
hardzero_only__c0p58__z1p00__lam0p000__nu0p50__psi0p00,hardzero_only,0.06,37,688,0.0,6,0.55330664,0.5605119,0.9205024,0.12008743,0.12008743,1.0,0.0072052456,0.06,-25.91827,2.0251458,0.6750486,0.17600001,0.0,0.15443358,0.0,0.0,2204800
hardzero_only__c0p58__z1p00__lam0p000__nu0p50__psi0p00,hardzero_only,0.06,37,689,0.0,6,0.5605119,0.56758857,0.92832315,0.11794428,0.11794428,1.0,0.0070766564,0.06,-26.858965,2.0423517,0.6807839,0.14999999,0.0,0.16438656,0.0,0.0,2208000
hardzero_only__c0p58__z1p00__lam0p000__nu0p50__psi0p00,hardzero_only,0.06,37,690,0.0,6,0.56758857,0.57535535,0.88790977,0.12944649,0.12944649,1.0,0.0077667893,0.06,-26.357904,1.9534405,0.6511469,0.192,0.0,0.13871464,0.0,0.0,2211200
hardzero_only__c0p58__z1p00__lam0p000__nu0p50__psi0p00,hardzero_only,0.06,37,691,0.0,6,0.57535535,0.5832461,0.881031,0.13151309,0.13151309,1.0,0.007890785,0.06,-25.192194,1.9383068,0.6461023,0.224,0.0,0.1303372,0.0,0.0,2214400
hardzero_only__c0p58__z1p00__lam0p000__nu0p50__psi0p00,hardzero_only,0.06,37,692,1.0,7,0.5832461,0.010276772,0.93115616,0.11717739,0.11717739,1.0,0.007030643,0.06,-26.186985,2.0485845,0.6828615,0.18400002,0.0,0.17943378,0.0,0.0,2217600
hardzero_only__c0p58__z1p00__lam0p000__nu0p50__psi0p00,hardzero_only,0.06,37,693,0.0,7,0.010276772,0.017794706,0.90205264,0.12529892,0.12529892,1.0,0.007517935,0.06,-25.90665,1.9845555,0.6615185,0.2,0.0,0.17491728,0.0,0.0,2220800
hardzero_only__c0p58__z1p00__lam0p000__nu0p50__psi0p00,hardzero_only,0.06,37,694,0.0,7,0.017794706,0.02586775,0.8711139,0.13455075,0.13455075,1.0,0.008073045,0.06,-25.73582,1.9164889,0.63882965,0.24000001,0.008,0.15189734,0.0,0.0,2224000
hardzero_only__c0p58__z1p00__lam0p000__nu0p50__psi0p00,hardzero_only,0.06,37,695,0.0,7,0.02586775,0.033034705,0.92281675,0.119449206,0.119449206,1.0,0.0071669524,0.06,-26.66816,2.0302374,0.67674583,0.224,0.0,0.16627643,0.0,0.0,2227200
hardzero_only__c0p58__z1p00__lam0p000__nu0p50__psi0p00,hardzero_only,0.06,37,696,0.0,7,0.033034705,0.040082008,0.9301284,0.11745503,0.11745503,1.0,0.0070473016,0.06,-26.241585,2.0463233,0.6821078,0.2,0.0,0.16928327,0.0,0.0,2230400
hardzero_only__c0p58__z1p00__lam0p000__nu0p50__psi0p00,hardzero_only,0.06,37,697,0.0,7,0.040082008,0.048515074,0.85216576,0.1405511,0.1405511,1.0,0.008433066,0.06,-25.090622,1.8748021,0.6249341,0.296,0.0,0.15089318,0.0,0.0,2233600
hardzero_only__c0p58__z1p00__lam0p000__nu0p50__psi0p00,hardzero_only,0.06,37,698,0.0,7,0.048515074,0.05633325,0.88504565,0.13030297,0.13030297,1.0,0.007818177,0.06,-25.113758,1.9471393,0.6490464,0.216,0.0,0.14693303,0.0,0.0,2236800
hardzero_only__c0p58__z1p00__lam0p000__nu0p50__psi0p00,hardzero_only,0.06,37,699,0.0,7,0.05633325,0.064216554,0.8814429,0.13138843,0.13138843,1.0,0.007883306,0.06,-24.724567,1.9392132,0.6464044,0.24000001,0.0,0.14523213,0.0,0.0,2240000
hardzero_only__c0p58__z1p00__lam0p000__nu0p50__psi0p00,hardzero_only,0.06,37,700,0.0,7,0.064216554,0.07259093,0.85519856,0.13957301,0.13957301,1.0,0.00837438,0.06,-25.103477,1.8814744,0.62715816,0.312,0.0,0.15128532,0.0,0.0,2243200
hardzero_only__c0p58__z1p00__lam0p000__nu0p50__psi0p00,hardzero_only,0.06,37,701,0.0,7,0.07259093,0.08080329,0.8636835,0.13687259,0.13687259,1.0,0.008212355,0.06,-24.869228,1.9001417,0.6333806,0.264,0.0,0.1545743,0.0,0.0,2246400
hardzero_only__c0p58__z1p00__lam0p000__nu0p50__psi0p00,hardzero_only,0.06,37,702,0.0,7,0.08080329,0.08937962,0.84484977,0.14293884,0.14293884,1.0,0.00857633,0.06,-23.58418,1.8587066,0.6195689,0.19,0.0,0.13387106,0.0,0.0,2249600
hardzero_only__c0p58__z1p00__lam0p000__nu0p50__psi0p00,hardzero_only,0.06,37,703,0.0,7,0.08937962,0.096937574,0.89974695,0.12596591,0.12596591,1.0,0.007557954,0.06,-25.833878,1.9794828,0.6598276,0.18400002,0.0,0.1452334,0.0,0.0,2252800
hardzero_only__c0p58__z1p00__lam0p000__nu0p50__psi0p00,hardzero_only,0.06,37,704,0.0,7,0.096937574,0.104056634,0.92572856,0.118650995,0.118650995,1.0,0.0071190596,0.06,-26.037907,2.0366435,0.67888117,0.112,0.0,0.16332693,0.0,0.0,2256000
hardzero_only__c0p58__z1p00__lam0p000__nu0p50__psi0p00,hardzero_only,0.06,37,705,0.0,7,0.104056634,0.111734346,0.8929196,0.12796181,0.12796181,1.0,0.0076777088,0.06,-25.543236,1.9644623,0.6548208,0.16000001,0.0,0.1334494,0.0,0.0,2259200
hardzero_only__c0p58__z1p00__lam0p000__nu0p50__psi0p00,hardzero_only,0.06,37,706,0.0,7,0.111734346,0.11979153,0.871968,0.13428639,0.13428639,1.0,0.008057184,0.06,-25.05003,1.9183679,0.639456,0.224,0.0,0.1563461,0.0,0.0,2262400
hardzero_only__c0p58__z1p00__lam0p000__nu0p50__psi0p00,hardzero_only,0.06,37,707,0.0,7,0.11979153,0.12849933,0.8382431,0.14512987,0.14512987,1.0,0.0087077925,0.06,-23.95825,1.8441718,0.6147239,0.24000001,0.0,0.1359372,0.0,0.0,2265600
hardzero_only__c0p58__z1p00__lam0p000__nu0p50__psi0p00,hardzero_only,0.06,37,708,0.0,7,0.12849933,0.13673033,0.86269855,0.13718335,0.13718335,1.0,0.008231001,0.06,-24.095144,1.8979747,0.63265824,0.272,0.0,0.13378865,0.0,0.0,2268800
hardzero_only__c0p58__z1p00__lam0p000__nu0p50__psi0p00,hardzero_only,0.06,37,709,0.0,7,0.13673033,0.14407647,0.9120924,0.12243556,0.12243556,1.0,0.0073461337,0.06,-25.712038,2.0066433,0.6688811,0.16000001,0.0,0.14110443,0.0,0.0,2272000
hardzero_only__c0p58__z1p00__lam0p000__nu0p50__psi0p00,hardzero_only,0.06,37,710,0.0,7,0.14407647,0.15226646,0.86486775,0.13649988,0.13649988,1.0,0.008189993,0.06,-25.31647,1.902747,0.63424903,0.216,0.0,0.1465565,0.0,0.0,2275200
hardzero_only__c0p58__z1p00__lam0p000__nu0p50__psi0p00,hardzero_only,0.06,37,711,0.0,7,0.15226646,0.16008589,0.8849761,0.13032384,0.13032384,1.0,0.00781943,0.06,-25.081146,1.9469863,0.64899546,0.18400002,0.0,0.16046157,0.0,0.0,2278400
hardzero_only__c0p58__z1p00__lam0p000__nu0p50__psi0p00,hardzero_only,0.06,37,712,0.0,7,0.16008589,0.16849501,0.8534005,0.14015207,0.14015207,1.0,0.008409124,0.06,-24.355728,1.8775187,0.6258396,0.2,0.0,0.14560226,0.0,0.0,2281600
hardzero_only__c0p58__z1p00__lam0p000__nu0p50__psi0p00,hardzero_only,0.06,37,713,0.0,7,0.16849501,0.17677686,0.8600241,0.13803075,0.13803075,1.0,0.008281845,0.06,-25.564571,1.8920908,0.63069695,0.216,0.0,0.16759723,0.0,0.0,2284800
hardzero_only__c0p58__z1p00__lam0p000__nu0p50__psi0p00,hardzero_only,0.06,37,714,0.0,7,0.17677686,0.18454398,0.8878911,0.12945203,0.12945203,1.0,0.007767122,0.06,-24.679958,1.9533994,0.6511332,0.120000005,0.0,0.13127048,0.0,0.0,2288000
hardzero_only__c0p58__z1p00__lam0p000__nu0p50__psi0p00,hardzero_only,0.06,37,715,0.0,7,0.18454398,0.19146699,0.93785655,0.11538342,0.11538342,1.0,0.006923005,0.06,-26.926823,2.0633256,0.68777525,0.22999999,0.0,0.16854335,0.0,0.0,2291200
hardzero_only__c0p58__z1p00__lam0p000__nu0p50__psi0p00,hardzero_only,0.06,37,716,0.0,7,0.19146699,0.19862089,0.9236082,0.11923171,0.11923171,1.0,0.007153902,0.06,-25.66655,2.0319786,0.6773262,0.208,0.0,0.182911,0.0,0.0,2294400
hardzero_only__c0p58__z1p00__lam0p000__nu0p50__psi0p00,hardzero_only,0.06,37,717,0.0,7,0.19862089,0.20680988,0.8649203,0.13648334,0.13648334,1.0,0.008189,0.06,-24.61508,1.9028627,0.6342876,0.28800002,0.024,0.15687382,0.0,0.0,2297600
hardzero_only__c0p58__z1p00__lam0p000__nu0p50__psi0p00,hardzero_only,0.06,37,718,0.0,7,0.20680988,0.21514949,0.85700566,0.13899344,0.13899344,1.0,0.008339606,0.06,-24.028385,1.8854501,0.6284834,0.272,0.0,0.12743458,0.0,0.0,2300800
hardzero_only__c0p58__z1p00__lam0p000__nu0p50__psi0p00,hardzero_only,0.06,37,719,0.0,7,0.21514949,0.22272724,0.898611,0.12629583,0.12629583,1.0,0.00757775,0.06,-25.017881,1.9769837,0.65899456,0.224,0.0,0.15056847,0.0,0.0,2304000
hardzero_only__c0p58__z1p00__lam0p000__nu0p50__psi0p00,hardzero_only,0.06,37,720,0.0,7,0.22272724,0.23061739,0.8810658,0.13150255,0.13150255,1.0,0.007890153,0.06,-25.11756,1.9383835,0.6461278,0.208,0.0,0.1280378,0.0,0.0,2307200
hardzero_only__c0p58__z1p00__lam0p000__nu0p50__psi0p00,hardzero_only,0.06,37,721,0.0,7,0.23061739,0.2377802,0.92306817,0.11938007,0.11938007,1.0,0.0071628042,0.06,-25.543348,2.0307906,0.6769302,0.224,0.0,0.16261432,0.0,0.0,2310400
hardzero_only__c0p58__z1p00__lam0p000__nu0p50__psi0p00,hardzero_only,0.06,37,722,0.0,7,0.2377802,0.24555606,0.88740253,0.12959774,0.12959774,1.0,0.007775864,0.06,-25.445425,1.9523245,0.65077484,0.16800001,0.0,0.15838055,0.0,0.0,2313600
hardzero_only__c0p58__z1p00__lam0p000__nu0p50__psi0p00,hardzero_only,0.06,37,723,0.0,7,0.24555606,0.25313398,0.8986015,0.1262986,0.1262986,1.0,0.007577916,0.06,-25.070963,1.9769627,0.6589876,0.17600001,0.0,0.13811274,0.0,0.0,2316800
hardzero_only__c0p58__z1p00__lam0p000__nu0p50__psi0p00,hardzero_only,0.06,37,724,0.0,7,0.25313398,0.26060575,0.9047274,0.12452959,0.12452959,1.0,0.007471775,0.06,-25.691473,1.99044,0.66348004,0.18400002,0.0,0.17389604,0.0,0.0,2320000
hardzero_only__c0p58__z1p00__lam0p000__nu0p50__psi0p00,hardzero_only,0.06,37,725,0.0,7,0.26060575,0.2685464,0.87829447,0.1323444,0.1323444,1.0,0.007940664,0.06,-24.739208,1.9322864,0.6440955,0.32000002,0.0,0.14920262,0.0,0.0,2323200
hardzero_only__c0p58__z1p00__lam0p000__nu0p50__psi0p00,hardzero_only,0.06,37,726,0.0,7,0.2685464,0.27710208,0.8458961,0.14259486,0.14259486,1.0,0.008555692,0.06,-24.709332,1.8610086,0.62033623,0.208,0.0,0.14261307,0.0,0.0,2326400
hardzero_only__c0p58__z1p00__lam0p000__nu0p50__psi0p00,hardzero_only,0.06,37,727,0.0,7,0.27710208,0.28401932,0.9382192,0.11528712,0.11528712,1.0,0.006917227,0.06,-26.684837,2.0641234,0.68804115,0.16800001,0.0,0.17700537,0.0,0.0,2329600
hardzero_only__c0p58__z1p00__lam0p000__nu0p50__psi0p00,hardzero_only,0.06,37,728,0.0,7,0.28401932,0.29211035,0.8701471,0.1348506,0.1348506,1.0,0.008091036,0.06,-24.876581,1.9143618,0.63812065,0.22999999,0.0,0.14408305,0.0,0.0,2332800
hardzero_only__c0p58__z1p00__lam0p000__nu0p50__psi0p00,hardzero_only,0.06,37,729,0.0,7,0.29211035,0.299589,0.9043277,0.12464426,0.12464426,1.0,0.0074786553,0.06,-26.260881,1.9895606,0.6631869,0.264,0.008,0.1687262,0.0,0.0,2336000
hardzero_only__c0p58__z1p00__lam0p000__nu0p50__psi0p00,hardzero_only,0.06,37,730,0.0,7,0.299589,0.30712402,0.90106755,0.12558345,0.12558345,1.0,0.0075350073,0.06,-24.897928,1.9823883,0.6607961,0.224,0.0,0.1407269,0.0,0.0,2339200
hardzero_only__c0p58__z1p00__lam0p000__nu0p50__psi0p00,hardzero_only,0.06,37,731,0.0,7,0.30712402,0.3146639,0.90078825,0.12566426,0.12566426,1.0,0.007539856,0.06,-26.134815,1.9817737,0.66059124,0.2,0.0,0.14802912,0.0,0.0,2342400
hardzero_only__c0p58__z1p00__lam0p000__nu0p50__psi0p00,hardzero_only,0.06,37,732,0.0,7,0.3146639,0.3221877,0.901714,0.12539667,0.12539667,1.0,0.0075238,0.06,-25.940763,1.9838104,0.66127014,0.208,0.0,0.15992689,0.0,0.0,2345600
hardzero_only__c0p58__z1p00__lam0p000__nu0p50__psi0p00,hardzero_only,0.06,37,733,0.0,7,0.3221877,0.33034685,0.8665065,0.13598578,0.13598578,1.0,0.008159147,0.06,-25.394905,1.9063524,0.63545084,0.16800001,0.0,0.15364675,0.0,0.0,2348800
hardzero_only__c0p58__z1p00__lam0p000__nu0p50__psi0p00,hardzero_only,0.06,37,734,0.0,7,0.33034685,0.33743685,0.9275054,0.11816655,0.11816655,1.0,0.007089993,0.06,-25.855385,2.0405526,0.68018425,0.2,0.0,0.15910771,0.0,0.0,2352000
hardzero_only__c0p58__z1p00__lam0p000__nu0p50__psi0p00,hardzero_only,0.06,37,735,0.0,7,0.33743685,0.34541255,0.8763823,0.13292837,0.13292837,1.0,0.007975702,0.06,-24.897594,1.9280796,0.6426932,0.24000001,0.0,0.17093183,0.0,0.0,2355200
hardzero_only__c0p58__z1p00__lam0p000__nu0p50__psi0p00,hardzero_only,0.06,37,736,0.0,7,0.34541255,0.35321447,0.8859501,0.13003191,0.13003191,1.0,0.0078019146,0.06,-25.682512,1.9491291,0.6497097,0.2,0.0,0.1505105,0.0,0.0,2358400
hardzero_only__c0p58__z1p00__lam0p000__nu0p50__psi0p00,hardzero_only,0.06,37,737,0.0,7,0.35321447,0.3610024,0.88673043,0.12979846,0.12979846,1.0,0.007787907,0.06,-26.057442,1.950846,0.650282,0.208,0.0,0.15572277,0.0,0.0,2361600
hardzero_only__c0p58__z1p00__lam0p000__nu0p50__psi0p00,hardzero_only,0.06,37,738,0.0,7,0.3610024,0.36888,0.88175654,0.13129357,0.13129357,1.0,0.007877613,0.06,-25.376266,1.9399031,0.6466344,0.24800001,0.0,0.1556381,0.0,0.0,2364800
hardzero_only__c0p58__z1p00__lam0p000__nu0p50__psi0p00,hardzero_only,0.06,37,739,0.0,7,0.36888,0.37602836,0.92394423,0.1191395,0.1191395,1.0,0.0071483697,0.06,-26.192709,2.032718,0.67757267,0.224,0.008,0.1605699,0.0,0.0,2368000
hardzero_only__c0p58__z1p00__lam0p000__nu0p50__psi0p00,hardzero_only,0.06,37,740,0.0,7,0.37602836,0.3845722,0.8464982,0.14239731,0.14239731,1.0,0.008543839,0.06,-25.92306,1.8623332,0.6207777,0.32000002,0.008,0.16631731,0.0,0.0,2371200
hardzero_only__c0p58__z1p00__lam0p000__nu0p50__psi0p00,hardzero_only,0.06,37,741,0.0,7,0.3845722,0.3920223,0.9059883,0.12416858,0.12416858,1.0,0.007450115,0.06,-25.539148,1.993214,0.6644047,0.16,0.0,0.14545688,0.0,0.0,2374400
hardzero_only__c0p58__z1p00__lam0p000__nu0p50__psi0p00,hardzero_only,0.06,37,742,0.0,7,0.3920223,0.39916036,0.92457116,0.11896762,0.11896762,1.0,0.007138057,0.06,-26.053736,2.0340972,0.6780324,0.15200001,0.0,0.16220711,0.0,0.0,2377600
hardzero_only__c0p58__z1p00__lam0p000__nu0p50__psi0p00,hardzero_only,0.06,37,743,0.0,7,0.39916036,0.40660605,0.9062462,0.12409485,0.12409485,1.0,0.0074456907,0.06,-26.456589,1.9937814,0.6645938,0.17600001,0.0,0.14892627,0.0,0.0,2380800
hardzero_only__c0p58__z1p00__lam0p000__nu0p50__psi0p00,hardzero_only,0.06,37,744,0.0,7,0.40660605,0.4143976,0.8865269,0.12985931,0.12985931,1.0,0.0077915587,0.06,-26.227102,1.9503981,0.6501327,0.208,0.0,0.14005049,0.0,0.0,2384000
hardzero_only__c0p58__z1p00__lam0p000__nu0p50__psi0p00,hardzero_only,0.06,37,745,0.0,7,0.4143976,0.42239362,0.87527674,0.1332672,0.1332672,1.0,0.007996031,0.06,-25.70132,1.9256473,0.6418824,0.24800001,0.0,0.14583685,0.0,0.0,2387200
hardzero_only__c0p58__z1p00__lam0p000__nu0p50__psi0p00,hardzero_only,0.06,37,746,0.0,7,0.42239362,0.4298367,0.9063985,0.12405135,0.12405135,1.0,0.0074430807,0.06,-26.81029,1.9941164,0.6647055,0.2,0.0,0.14979795,0.0,0.0,2390400
hardzero_only__c0p58__z1p00__lam0p000__nu0p50__psi0p00,hardzero_only,0.06,37,747,0.0,7,0.4298367,0.43740633,0.8990766,0.12616049,0.12616049,1.0,0.0075696292,0.06,-25.533804,1.978008,0.65933603,0.16000001,0.0,0.16198388,0.0,0.0,2393600
hardzero_only__c0p58__z1p00__lam0p000__nu0p50__psi0p00,hardzero_only,0.06,37,748,0.0,7,0.43740633,0.44508407,0.8929186,0.12796213,0.12796213,1.0,0.0076777274,0.06,-26.159964,1.9644601,0.6548201,0.18400002,0.0,0.1436624,0.0,0.0,2396800
hardzero_only__c0p58__z1p00__lam0p000__nu0p50__psi0p00,hardzero_only,0.06,37,749,0.0,7,0.44508407,0.45246714,0.90991306,0.123051494,0.123051494,1.0,0.0073830895,0.06,-25.690332,2.0018487,0.66728294,0.23200001,0.0,0.13665211,0.0,0.0,2400000
hardzero_only__c0p58__z1p00__lam0p000__nu0p50__psi0p00,hardzero_only,0.06,37,750,0.0,7,0.45246714,0.46015623,0.8922755,0.12815171,0.12815171,1.0,0.0076891026,0.06,-25.560696,1.9630454,0.6543485,0.216,0.0,0.14259557,0.0,0.0,2403200
hardzero_only__c0p58__z1p00__lam0p000__nu0p50__psi0p00,hardzero_only,0.06,37,751,0.0,7,0.46015623,0.4668582,0.9519491,0.1116994,0.1116994,1.0,0.006701964,0.06,-26.413334,2.0943298,0.69811,0.16800001,0.0,0.16314784,0.0,0.0,2406400
hardzero_only__c0p58__z1p00__lam0p000__nu0p50__psi0p00,hardzero_only,0.06,37,752,0.0,7,0.4668582,0.47432545,0.90499187,0.12445379,0.12445379,1.0,0.007467227,0.06,-25.956158,1.9910219,0.663674,0.216,0.008,0.15069903,0.0,0.0,2409600
hardzero_only__c0p58__z1p00__lam0p000__nu0p50__psi0p00,hardzero_only,0.06,37,753,0.0,7,0.47432545,0.4824711,0.86722577,0.13576075,0.13576075,1.0,0.008145645,0.06,-24.336657,1.9079348,0.6359783,0.192,0.0,0.14112824,0.0,0.0,2412800
hardzero_only__c0p58__z1p00__lam0p000__nu0p50__psi0p00,hardzero_only,0.06,37,754,0.0,7,0.4824711,0.48966292,0.92131317,0.11986346,0.11986346,1.0,0.0071918075,0.06,-25.195826,2.0269294,0.67564315,0.17999999,0.0,0.1604295,0.0,0.0,2416000
hardzero_only__c0p58__z1p00__lam0p000__nu0p50__psi0p00,hardzero_only,0.06,37,755,0.0,7,0.48966292,0.49646878,0.9452681,0.113431044,0.113431044,1.0,0.0068058623,0.06,-26.577215,2.0796313,0.6932105,0.2,0.0,0.1599668,0.0,0.0,2419200
hardzero_only__c0p58__z1p00__lam0p000__nu0p50__psi0p00,hardzero_only,0.06,37,756,0.0,7,0.49646878,0.5038746,0.9085787,0.12343015,0.12343015,1.0,0.0074058087,0.06,-25.258957,1.998913,0.66630435,0.224,0.008,0.15101232,0.0,0.0,2422400
hardzero_only__c0p58__z1p00__lam0p000__nu0p50__psi0p00,hardzero_only,0.06,37,757,0.0,7,0.5038746,0.51191276,0.8729951,0.13396919,0.13396919,1.0,0.008038151,0.06,-24.877602,1.9206275,0.6402092,0.224,0.0,0.14133097,0.0,0.0,2425600
hardzero_only__c0p58__z1p00__lam0p000__nu0p50__psi0p00,hardzero_only,0.06,37,758,0.0,7,0.51191276,0.51921016,0.91498333,0.12162326,0.12162326,1.0,0.0072973957,0.06,-26.036282,2.0130036,0.6710012,0.18400002,0.008,0.15878998,0.0,0.0,2428800
hardzero_only__c0p58__z1p00__lam0p000__nu0p50__psi0p00,hardzero_only,0.06,37,759,0.0,7,0.51921016,0.5265611,0.91180897,0.122515485,0.122515485,1.0,0.007350929,0.06,-25.26698,2.0060198,0.6686733,0.16000001,0.0,0.15852247,0.0,0.0,2432000
hardzero_only__c0p58__z1p00__lam0p000__nu0p50__psi0p00,hardzero_only,0.06,37,760,0.0,7,0.5265611,0.53471214,0.8669361,0.13585134,0.13585134,1.0,0.00815108,0.06,-25.076796,1.9072975,0.63576585,0.24800001,0.0,0.14160986,0.0,0.0,2435200
hardzero_only__c0p58__z1p00__lam0p000__nu0p50__psi0p00,hardzero_only,0.06,37,761,0.0,7,0.53471214,0.5418284,0.9259001,0.11860415,0.11860415,1.0,0.007116249,0.06,-26.753286,2.037021,0.679007,0.208,0.0,0.16262224,0.0,0.0,2438400
hardzero_only__c0p58__z1p00__lam0p000__nu0p50__psi0p00,hardzero_only,0.06,37,762,0.0,7,0.5418284,0.5491482,0.9136516,0.1219968,0.1219968,1.0,0.0073198075,0.06,-26.053165,2.0100737,0.6700246,0.256,0.0,0.16080202,0.0,0.0,2441600
hardzero_only__c0p58__z1p00__lam0p000__nu0p50__psi0p00,hardzero_only,0.06,37,763,0.0,7,0.5491482,0.5572577,0.86915696,0.13515839,0.13515839,1.0,0.008109503,0.06,-25.560251,1.9121835,0.63739455,0.24000001,0.0,0.1622336,0.0,0.0,2444800
hardzero_only__c0p58__z1p00__lam0p000__nu0p50__psi0p00,hardzero_only,0.06,37,764,0.0,7,0.5572577,0.5647631,0.90277773,0.12508991,0.12508991,1.0,0.0075053945,0.06,-25.439638,1.9861506,0.66205025,0.128,0.0,0.14188801,0.0,0.0,2448000
hardzero_only__c0p58__z1p00__lam0p000__nu0p50__psi0p00,hardzero_only,0.06,37,765,0.0,7,0.5647631,0.57215166,0.90959185,0.123142555,0.123142555,1.0,0.007388553,0.06,-26.171305,2.001142,0.6670474,0.24800001,0.0,0.15937002,0.0,0.0,2451200
hardzero_only__c0p58__z1p00__lam0p000__nu0p50__psi0p00,hardzero_only,0.06,37,766,0.0,7,0.57215166,0.5793055,0.9236109,0.11923097,0.11923097,1.0,0.007153858,0.06,-26.14063,2.0319846,0.6773282,0.208,0.0,0.19658896,0.0,0.0,2454400
hardzero_only__c0p58__z1p00__lam0p000__nu0p50__psi0p00,hardzero_only,0.06,37,767,0.0,7,0.5793055,0.58689547,0.89791393,0.1264987,0.1264987,1.0,0.007589922,0.06,-25.65255,1.97545,0.6584834,0.25,0.0,0.15591352,0.0,0.0,2457600
hardzero_only__c0p58__z1p00__lam0p000__nu0p50__psi0p00,hardzero_only,0.06,37,768,1.0,8,0.58689547,0.015328311,0.8521779,0.14054716,0.14054716,1.0,0.008432829,0.06,-24.52435,1.8748288,0.62494296,0.224,0.0,0.14036202,0.0,0.0,2460800
hardzero_only__c0p58__z1p00__lam0p000__nu0p50__psi0p00,hardzero_only,0.06,37,769,0.0,8,0.015328311,0.02385363,0.84744066,0.14208862,0.14208862,1.0,0.008525318,0.06,-25.121117,1.8644067,0.6214689,0.264,0.0,0.15033226,0.0,0.0,2464000
hardzero_only__c0p58__z1p00__lam0p000__nu0p50__psi0p00,hardzero_only,0.06,37,770,0.0,8,0.02385363,0.031790584,0.8784975,0.13228254,0.13228254,1.0,0.007936953,0.06,-25.227049,1.932733,0.6442444,0.24000001,0.0,0.18148433,0.0,0.0,2467200
hardzero_only__c0p58__z1p00__lam0p000__nu0p50__psi0p00,hardzero_only,0.06,37,771,0.0,8,0.031790584,0.039658185,0.88230884,0.1311267,0.1311267,1.0,0.007867602,0.06,-25.803078,1.9411182,0.6470394,0.224,0.0,0.17983979,0.0,0.0,2470400
hardzero_only__c0p58__z1p00__lam0p000__nu0p50__psi0p00,hardzero_only,0.06,37,772,0.0,8,0.039658185,0.048290476,0.8420253,0.14387149,0.14387149,1.0,0.008632289,0.06,-25.130138,1.8524926,0.61749756,0.23200001,0.0,0.14158763,0.0,0.0,2473600
hardzero_only__c0p58__z1p00__lam0p000__nu0p50__psi0p00,hardzero_only,0.06,37,773,0.0,8,0.048290476,0.05689787,0.84327954,0.14345658,0.14345658,1.0,0.008607394,0.06,-24.855911,1.855252,0.6184174,0.256,0.0,0.14258204,0.0,0.0,2476800
hardzero_only__c0p58__z1p00__lam0p000__nu0p50__psi0p00,hardzero_only,0.06,37,774,0.0,8,0.05689787,0.06484697,0.87783325,0.132485,0.132485,1.0,0.0079491,0.06,-25.97252,1.9312717,0.6437572,0.192,0.0,0.15198733,0.0,0.0,2480000
hardzero_only__c0p58__z1p00__lam0p000__nu0p50__psi0p00,hardzero_only,0.06,37,775,0.0,8,0.06484697,0.07309895,0.86159295,0.13753304,0.13753304,1.0,0.008251982,0.06,-24.43818,1.8955424,0.6318475,0.2,0.0,0.14738081,0.0,0.0,2483200
hardzero_only__c0p58__z1p00__lam0p000__nu0p50__psi0p00,hardzero_only,0.06,37,776,0.0,8,0.07309895,0.08106497,0.87690985,0.132767,0.132767,1.0,0.00796602,0.06,-24.967958,1.9292402,0.6430801,0.224,0.0,0.14102386,0.0,0.0,2486400
hardzero_only__c0p58__z1p00__lam0p000__nu0p50__psi0p00,hardzero_only,0.06,37,777,0.0,8,0.08106497,0.0897161,0.84107846,0.14418548,0.14418548,1.0,0.008651129,0.06,-25.342419,1.8504095,0.61680317,0.264,0.0,0.1582357,0.0,0.0,2489600
hardzero_only__c0p58__z1p00__lam0p000__nu0p50__psi0p00,hardzero_only,0.06,37,778,0.0,8,0.0897161,0.09807393,0.8560577,0.13929716,0.13929716,1.0,0.008357829,0.06,-24.53756,1.8833646,0.6277882,0.312,0.0,0.13570057,0.0,0.0,2492800
hardzero_only__c0p58__z1p00__lam0p000__nu0p50__psi0p00,hardzero_only,0.06,37,779,0.0,8,0.09807393,0.10610072,0.8736093,0.13377985,0.13377985,1.0,0.008026791,0.06,-24.348692,1.9219788,0.64065963,0.120000005,0.0,0.126977,0.0,0.0,2496000
hardzero_only__c0p58__z1p00__lam0p000__nu0p50__psi0p00,hardzero_only,0.06,37,780,0.0,8,0.10610072,0.11339983,0.9148813,0.12165186,0.12165186,1.0,0.007299111,0.06,-26.0429,2.012779,0.67092633,0.19999999,0.0,0.16185434,0.0,0.0,2499200
hardzero_only__c0p58__z1p00__lam0p000__nu0p50__psi0p00,hardzero_only,0.06,37,781,0.0,8,0.11339983,0.12054295,0.9242636,0.119051926,0.119051926,1.0,0.007143115,0.06,-26.091518,2.0334206,0.67780685,0.15200001,0.0,0.13385822,0.0,0.0,2502400
hardzero_only__c0p58__z1p00__lam0p000__nu0p50__psi0p00,hardzero_only,0.06,37,782,0.0,8,0.12054295,0.12889266,0.85647964,0.1391619,0.1391619,1.0,0.008349714,0.06,-25.003841,1.8842928,0.62809765,0.208,0.0,0.13557059,0.0,0.0,2505600
hardzero_only__c0p58__z1p00__lam0p000__nu0p50__psi0p00,hardzero_only,0.06,37,783,0.0,8,0.12889266,0.13656348,0.89330906,0.12784712,0.12784712,1.0,0.007670827,0.06,-25.651045,1.9653192,0.6551064,0.224,0.0,0.14923319,0.0,0.0,2508800
hardzero_only__c0p58__z1p00__lam0p000__nu0p50__psi0p00,hardzero_only,0.06,37,784,0.0,8,0.13656348,0.14443658,0.8820052,0.1312184,0.1312184,1.0,0.007873104,0.06,-25.730698,1.9404502,0.64681673,0.208,0.0,0.14731504,0.0,0.0,2512000
hardzero_only__c0p58__z1p00__lam0p000__nu0p50__psi0p00,hardzero_only,0.06,37,785,0.0,8,0.14443658,0.15189518,0.9054942,0.124309935,0.124309935,1.0,0.007458596,0.06,-25.987497,1.9921271,0.66404235,0.23200001,0.0,0.20126773,0.0,0.0,2515200
hardzero_only__c0p58__z1p00__lam0p000__nu0p50__psi0p00,hardzero_only,0.06,37,786,0.0,8,0.15189518,0.15967879,0.88697016,0.12972684,0.12972684,1.0,0.0077836104,0.06,-25.374132,1.9513733,0.6504578,0.264,0.0,0.14176713,0.0,0.0,2518400
hardzero_only__c0p58__z1p00__lam0p000__nu0p50__psi0p00,hardzero_only,0.06,37,787,0.0,8,0.15967879,0.16748115,0.8859251,0.13003938,0.13003938,1.0,0.0078023626,0.06,-25.388958,1.9490741,0.6496914,0.2,0.0,0.13815235,0.0,0.0,2521600
hardzero_only__c0p58__z1p00__lam0p000__nu0p50__psi0p00,hardzero_only,0.06,37,788,0.0,8,0.16748115,0.17531924,0.88394094,0.13063487,0.13063487,1.0,0.007838092,0.06,-25.26418,1.9447088,0.6482363,0.24000001,0.0,0.16042785,0.0,0.0,2524800
hardzero_only__c0p58__z1p00__lam0p000__nu0p50__psi0p00,hardzero_only,0.06,37,789,0.0,8,0.17531924,0.18299319,0.89313215,0.1278992,0.1278992,1.0,0.007673952,0.06,-25.838978,1.9649299,0.65497667,0.208,0.0,0.15200092,0.0,0.0,2528000
hardzero_only__c0p58__z1p00__lam0p000__nu0p50__psi0p00,hardzero_only,0.06,37,790,0.0,8,0.18299319,0.1907451,0.88874215,0.12919861,0.12919861,1.0,0.0077519165,0.06,-25.484087,1.9552717,0.65175724,0.17600001,0.0,0.14558841,0.0,0.0,2531200
hardzero_only__c0p58__z1p00__lam0p000__nu0p50__psi0p00,hardzero_only,0.06,37,791,0.0,8,0.1907451,0.19981776,0.82041657,0.15121101,0.15121101,1.0,0.0090726605,0.06,-25.33615,1.8049525,0.60165083,0.28,0.0,0.14741832,0.0,0.0,2534400
hardzero_only__c0p58__z1p00__lam0p000__nu0p50__psi0p00,hardzero_only,0.06,37,792,0.0,8,0.19981776,0.20884633,0.82253224,0.15047617,0.15047617,1.0,0.00902857,0.06,-24.51408,1.809607,0.60320234,0.30400002,0.0,0.14907667,0.0,0.0,2537600
hardzero_only__c0p58__z1p00__lam0p000__nu0p50__psi0p00,hardzero_only,0.06,37,793,0.0,8,0.20884633,0.21671401,0.8823043,0.13112809,0.13112809,1.0,0.0078676855,0.06,-25.452688,1.9411082,0.6470361,0.26999998,0.0,0.1584968,0.0,0.0,2540800
hardzero_only__c0p58__z1p00__lam0p000__nu0p50__psi0p00,hardzero_only,0.06,37,794,0.0,8,0.21671401,0.2249848,0.8606045,0.13784641,0.13784641,1.0,0.008270784,0.06,-24.542725,1.8933678,0.6311226,0.24000001,0.0,0.17186792,0.0,0.0,2544000
hardzero_only__c0p58__z1p00__lam0p000__nu0p50__psi0p00,hardzero_only,0.06,37,795,0.0,8,0.2249848,0.23289314,0.8800661,0.13180563,0.13180563,1.0,0.007908338,0.06,-25.882109,1.936184,0.6453947,0.216,0.0,0.14652345,0.0,0.0,2547200
hardzero_only__c0p58__z1p00__lam0p000__nu0p50__psi0p00,hardzero_only,0.06,37,796,0.0,8,0.23289314,0.24106488,0.8658368,0.13619563,0.13619563,1.0,0.008171737,0.06,-25.20577,1.904879,0.6349597,0.28,0.0,0.15918484,0.0,0.0,2550400
hardzero_only__c0p58__z1p00__lam0p000__nu0p50__psi0p00,hardzero_only,0.06,37,797,0.0,8,0.24106488,0.24912441,0.8718413,0.13432558,0.13432558,1.0,0.008059534,0.06,-24.448948,1.9180892,0.63936305,0.256,0.0,0.16052777,0.0,0.0,2553600
hardzero_only__c0p58__z1p00__lam0p000__nu0p50__psi0p00,hardzero_only,0.06,37,798,0.0,8,0.24912441,0.25673452,0.8967599,0.12683527,0.12683527,1.0,0.007610116,0.06,-26.326786,1.9729112,0.6576371,0.30400002,0.0,0.17156014,0.0,0.0,2556800
hardzero_only__c0p58__z1p00__lam0p000__nu0p50__psi0p00,hardzero_only,0.06,37,799,0.0,8,0.25673452,0.2640992,0.9109974,0.12274465,0.12274465,1.0,0.0073646787,0.06,-26.664076,2.0042343,0.6680781,0.256,0.0,0.1820961,0.0,0.0,2560000
hardzero_only__c0p58__z1p00__lam0p000__nu0p50__psi0p00,hardzero_only,0.06,37,800,0.0,8,0.2640992,0.27200633,0.8801321,0.13178557,0.13178557,1.0,0.0079071345,0.06,-25.316036,1.9363292,0.6454431,0.224,0.0,0.1420606,0.0,0.0,2563200
hardzero_only__c0p58__z1p00__lam0p000__nu0p50__psi0p00,hardzero_only,0.06,37,801,0.0,8,0.27200633,0.2794936,0.9038286,0.12478757,0.12478757,1.0,0.0074872538,0.06,-25.85278,1.9884627,0.66282094,0.16000001,0.0,0.13516368,0.0,0.0,2566400
hardzero_only__c0p58__z1p00__lam0p000__nu0p50__psi0p00,hardzero_only,0.06,37,802,0.0,8,0.2794936,0.2869274,0.9069409,0.12389652,0.12389652,1.0,0.0074337907,0.06,-25.74397,1.9953098,0.6651033,0.208,0.0,0.15736148,0.0,0.0,2569600
hardzero_only__c0p58__z1p00__lam0p000__nu0p50__psi0p00,hardzero_only,0.06,37,803,0.0,8,0.2869274,0.29471505,0.88674486,0.12979415,0.12979415,1.0,0.007787649,0.06,-26.006168,1.9508777,0.6502926,0.192,0.0,0.18663406,0.0,0.0,2572800
hardzero_only__c0p58__z1p00__lam0p000__nu0p50__psi0p00,hardzero_only,0.06,37,804,0.0,8,0.29471505,0.30263704,0.8793174,0.13203302,0.13203302,1.0,0.007921981,0.06,-24.841316,1.9345369,0.64484566,0.264,0.0,0.17370807,0.0,0.0,2576000
hardzero_only__c0p58__z1p00__lam0p000__nu0p50__psi0p00,hardzero_only,0.06,37,805,0.0,8,0.30263704,0.3098575,0.91958797,0.12034057,0.12034057,1.0,0.007220434,0.06,-25.885536,2.023134,0.67437804,0.2,0.0,0.16588807,0.0,0.0,2579200
hardzero_only__c0p58__z1p00__lam0p000__nu0p50__psi0p00,hardzero_only,0.06,37,806,0.0,8,0.3098575,0.31708035,0.9194418,0.12038106,0.12038106,1.0,0.0072228634,0.06,-25.959902,2.0228124,0.6742708,0.16,0.0,0.14646143,0.0,0.0,2582400
hardzero_only__c0p58__z1p00__lam0p000__nu0p50__psi0p00,hardzero_only,0.06,37,807,0.0,8,0.31708035,0.32488674,0.88570124,0.13010642,0.13010642,1.0,0.007806385,0.06,-25.723001,1.9485816,0.6495272,0.208,0.0,0.15002656,0.0,0.0,2585600
hardzero_only__c0p58__z1p00__lam0p000__nu0p50__psi0p00,hardzero_only,0.06,37,808,0.0,8,0.32488674,0.33339357,0.84838337,0.14178054,0.14178054,1.0,0.008506833,0.06,-25.225063,1.8664807,0.62216026,0.208,0.0,0.13810144,0.0,0.0,2588800
hardzero_only__c0p58__z1p00__lam0p000__nu0p50__psi0p00,hardzero_only,0.06,37,809,0.0,8,0.33339357,0.34143487,0.87282556,0.13402149,0.13402149,1.0,0.00804129,0.06,-25.287466,1.9202546,0.64008486,0.208,0.0,0.15275988,0.0,0.0,2592000
hardzero_only__c0p58__z1p00__lam0p000__nu0p50__psi0p00,hardzero_only,0.06,37,810,0.0,8,0.34143487,0.34893608,0.9030189,0.12502047,0.12502047,1.0,0.0075012282,0.06,-25.735535,1.9866812,0.6622271,0.15200001,0.008,0.12986343,0.0,0.0,2595200
hardzero_only__c0p58__z1p00__lam0p000__nu0p50__psi0p00,hardzero_only,0.06,37,811,0.0,8,0.34893608,0.3565663,0.8956137,0.12717047,0.12717047,1.0,0.007630228,0.06,-25.745731,1.9703894,0.65679646,0.216,0.0,0.15010938,0.0,0.0,2598400
hardzero_only__c0p58__z1p00__lam0p000__nu0p50__psi0p00,hardzero_only,0.06,37,812,0.0,8,0.3565663,0.3645705,0.87483454,0.13340296,0.13340296,1.0,0.008004177,0.06,-25.471207,1.9246744,0.6415582,0.28,0.0,0.15251197,0.0,0.0,2601600
hardzero_only__c0p58__z1p00__lam0p000__nu0p50__psi0p00,hardzero_only,0.06,37,813,0.0,8,0.3645705,0.37340993,0.83172697,0.14732383,0.14732383,1.0,0.008839429,0.06,-25.226276,1.8298359,0.6099453,0.24000001,0.0,0.13878354,0.0,0.0,2604800
hardzero_only__c0p58__z1p00__lam0p000__nu0p50__psi0p00,hardzero_only,0.06,37,814,0.0,8,0.37340993,0.38098374,0.8988367,0.12623021,0.12623021,1.0,0.0075738123,0.06,-25.443779,1.9774802,0.6591601,0.216,0.0,0.15348673,0.0,0.0,2608000
hardzero_only__c0p58__z1p00__lam0p000__nu0p50__psi0p00,hardzero_only,0.06,37,815,0.0,8,0.38098374,0.3879873,0.9328324,0.11672599,0.11672599,1.0,0.0070035593,0.06,-26.386703,2.0522723,0.6840908,0.18400002,0.0,0.14963566,0.0,0.0,2611200
hardzero_only__c0p58__z1p00__lam0p000__nu0p50__psi0p00,hardzero_only,0.06,37,816,0.0,8,0.3879873,0.3960189,0.8733491,0.13386002,0.13386002,1.0,0.008031601,0.06,-24.821617,1.9214063,0.6404688,0.112,0.0,0.14106545,0.0,0.0,2614400
hardzero_only__c0p58__z1p00__lam0p000__nu0p50__psi0p00,hardzero_only,0.06,37,817,0.0,8,0.3960189,0.40382588,0.885668,0.13011639,0.13011639,1.0,0.0078069833,0.06,-24.78122,1.9485085,0.6495029,0.192,0.0,0.15698943,0.0,0.0,2617600
hardzero_only__c0p58__z1p00__lam0p000__nu0p50__psi0p00,hardzero_only,0.06,37,818,0.0,8,0.40382588,0.41152105,0.8919323,0.12825304,0.12825304,1.0,0.007695182,0.06,-25.676035,1.9622903,0.6540968,0.2,0.0,0.13701533,0.0,0.0,2620800
hardzero_only__c0p58__z1p00__lam0p000__nu0p50__psi0p00,hardzero_only,0.06,37,819,0.0,8,0.41152105,0.41980237,0.8600519,0.13802195,0.13802195,1.0,0.008281317,0.06,-24.983118,1.892152,0.63071734,0.17,0.0,0.1363959,0.0,0.0,2624000
hardzero_only__c0p58__z1p00__lam0p000__nu0p50__psi0p00,hardzero_only,0.06,37,820,0.0,8,0.41980237,0.4274337,0.89555115,0.12718879,0.12718879,1.0,0.007631327,0.06,-25.230247,1.9702518,0.6567506,0.224,0.0,0.17827606,0.0,0.0,2627200
hardzero_only__c0p58__z1p00__lam0p000__nu0p50__psi0p00,hardzero_only,0.06,37,821,0.0,8,0.4274337,0.43539006,0.87743694,0.13260596,0.13260596,1.0,0.007956357,0.06,-25.315792,1.9303998,0.6434666,0.16800001,0.0,0.15238139,0.0,0.0,2630400
hardzero_only__c0p58__z1p00__lam0p000__nu0p50__psi0p00,hardzero_only,0.06,37,822,0.0,8,0.43539006,0.44317606,0.88683647,0.12976678,0.12976678,1.0,0.0077860067,0.06,-24.967014,1.9510792,0.65035975,0.18400002,0.0,0.15505624,0.0,0.0,2633600
hardzero_only__c0p58__z1p00__lam0p000__nu0p50__psi0p00,hardzero_only,0.06,37,823,0.0,8,0.44317606,0.45132124,0.86724985,0.13575323,0.13575323,1.0,0.008145194,0.06,-25.041632,1.9079877,0.6359959,0.256,0.0,0.14960559,0.0,0.0,2636800
hardzero_only__c0p58__z1p00__lam0p000__nu0p50__psi0p00,hardzero_only,0.06,37,824,0.0,8,0.45132124,0.4597605,0.8518473,0.14065419,0.14065419,1.0,0.008439251,0.06,-24.492405,1.8741014,0.6247005,0.264,0.0,0.14482374,0.0,0.0,2640000
hardzero_only__c0p58__z1p00__lam0p000__nu0p50__psi0p00,hardzero_only,0.06,37,825,0.0,8,0.4597605,0.46625867,0.9653592,0.108303085,0.108303085,1.0,0.006498185,0.06,-26.963299,2.1238327,0.7079443,0.15200001,0.0,0.17448759,0.0,0.0,2643200
hardzero_only__c0p58__z1p00__lam0p000__nu0p50__psi0p00,hardzero_only,0.06,37,826,0.0,8,0.46625867,0.47334126,0.9279589,0.11804322,0.11804322,1.0,0.007082593,0.06,-26.62311,2.0415504,0.68051684,0.17600001,0.0,0.14831966,0.0,0.0,2646400
hardzero_only__c0p58__z1p00__lam0p000__nu0p50__psi0p00,hardzero_only,0.06,37,827,0.0,8,0.47334126,0.4821123,0.83510065,0.14618383,0.14618383,1.0,0.00877103,0.06,-24.625954,1.8372581,0.61241937,0.224,0.0,0.14273535,0.0,0.0,2649600
hardzero_only__c0p58__z1p00__lam0p000__nu0p50__psi0p00,hardzero_only,0.06,37,828,0.0,8,0.4821123,0.49024802,0.86775464,0.13559552,0.13559552,1.0,0.00813573,0.06,-25.58741,1.9090983,0.6363661,0.24800001,0.0,0.16534325,0.0,0.0,2652800
hardzero_only__c0p58__z1p00__lam0p000__nu0p50__psi0p00,hardzero_only,0.06,37,829,0.0,8,0.49024802,0.49854007,0.85948974,0.1382007,0.1382007,1.0,0.008292042,0.06,-24.915869,1.8909152,0.63030505,0.23200001,0.0,0.14487615,0.0,0.0,2656000
hardzero_only__c0p58__z1p00__lam0p000__nu0p50__psi0p00,hardzero_only,0.06,37,830,0.0,8,0.49854007,0.5066679,0.86817706,0.1354637,0.1354637,1.0,0.008127822,0.06,-25.983498,1.9100276,0.6366759,0.24800001,0.008,0.15538056,0.0,0.0,2659200
hardzero_only__c0p58__z1p00__lam0p000__nu0p50__psi0p00,hardzero_only,0.06,37,831,0.0,8,0.5066679,0.51498884,0.85798025,0.13868189,0.13868189,1.0,0.008320913,0.06,-25.249237,1.8875942,0.6291981,0.23200001,0.0,0.15761869,0.0,0.0,2662400
hardzero_only__c0p58__z1p00__lam0p000__nu0p50__psi0p00,hardzero_only,0.06,37,832,0.0,8,0.51498884,0.5230323,0.8727091,0.13405745,0.13405745,1.0,0.008043447,0.06,-25.54793,1.9199983,0.63999945,0.17999999,0.0,0.16920032,0.0,0.0,2665600
hardzero_only__c0p58__z1p00__lam0p000__nu0p50__psi0p00,hardzero_only,0.06,37,833,0.0,8,0.5230323,0.53057694,0.90051323,0.12574387,0.12574387,1.0,0.0075446316,0.06,-25.404873,1.9811686,0.66038954,0.208,0.0,0.15939407,0.0,0.0,2668800
hardzero_only__c0p58__z1p00__lam0p000__nu0p50__psi0p00,hardzero_only,0.06,37,834,0.0,8,0.53057694,0.5381449,0.89917266,0.1261326,0.1261326,1.0,0.007567955,0.06,-26.792294,1.9782194,0.6594065,0.30400002,0.0,0.1727776,0.0,0.0,2672000
hardzero_only__c0p58__z1p00__lam0p000__nu0p50__psi0p00,hardzero_only,0.06,37,835,0.0,8,0.5381449,0.546517,0.8553157,0.13953537,0.13953537,1.0,0.0083721215,0.06,-25.413383,1.8817321,0.62724406,0.208,0.0,0.16749945,0.0,0.0,2675200
hardzero_only__c0p58__z1p00__lam0p000__nu0p50__psi0p00,hardzero_only,0.06,37,836,0.0,8,0.546517,0.55452424,0.8746691,0.1334538,0.1334538,1.0,0.008007227,0.06,-25.390635,1.9243104,0.6414368,0.224,0.0,0.15289101,0.0,0.0,2678400
hardzero_only__c0p58__z1p00__lam0p000__nu0p50__psi0p00,hardzero_only,0.06,37,837,0.0,8,0.55452424,0.5626068,0.8706022,0.13470939,0.13470939,1.0,0.008082563,0.06,-25.788336,1.9153631,0.6384544,0.208,0.0,0.17255051,0.0,0.0,2681600
hardzero_only__c0p58__z1p00__lam0p000__nu0p50__psi0p00,hardzero_only,0.06,37,838,0.0,8,0.5626068,0.56991404,0.91439915,0.12178697,0.12178697,1.0,0.007307218,0.06,-26.688696,2.0117183,0.67057276,0.216,0.0,0.18944003,0.0,0.0,2684800
hardzero_only__c0p58__z1p00__lam0p000__nu0p50__psi0p00,hardzero_only,0.06,37,839,0.0,8,0.56991404,0.578334,0.8528422,0.14033236,0.14033236,1.0,0.008419941,0.06,-24.845999,1.8762903,0.6254301,0.256,0.0,0.14657494,0.0,0.0,2688000
hardzero_only__c0p58__z1p00__lam0p000__nu0p50__psi0p00,hardzero_only,0.06,37,840,0.0,8,0.578334,0.5862326,0.8805993,0.13164388,0.13164388,1.0,0.007898632,0.06,-25.260067,1.9373572,0.64578575,0.08800001,0.0,0.12994769,0.0,0.0,2691200
hardzero_only__c0p58__z1p00__lam0p000__nu0p50__psi0p00,hardzero_only,0.06,37,841,1.0,9,0.5862326,0.014122058,0.8811051,0.13149065,0.13149065,1.0,0.007889438,0.06,-24.884148,1.93847,0.64615667,0.2,0.0,0.14246666,0.0,0.0,2694400
hardzero_only__c0p58__z1p00__lam0p000__nu0p50__psi0p00,hardzero_only,0.06,37,842,0.0,9,0.014122058,0.022097342,0.87640506,0.13292141,0.13292141,1.0,0.007975285,0.06,-26.529966,1.9281297,0.6427099,0.32000002,0.0,0.15432496,0.0,0.0,2697600
hardzero_only__c0p58__z1p00__lam0p000__nu0p50__psi0p00,hardzero_only,0.06,37,843,0.0,9,0.022097342,0.030861452,0.8354434,0.14606851,0.14606851,1.0,0.0087641105,0.06,-24.300901,1.8380121,0.6126707,0.24000001,0.0,0.15001132,0.0,0.0,2700800
hardzero_only__c0p58__z1p00__lam0p000__nu0p50__psi0p00,hardzero_only,0.06,37,844,0.0,9,0.030861452,0.039190397,0.8575613,0.13881573,0.13881573,1.0,0.0083289435,0.06,-25.087929,1.8866725,0.6288909,0.32000002,0.0,0.14500456,0.0,0.0,2704000
hardzero_only__c0p58__z1p00__lam0p000__nu0p50__psi0p00,hardzero_only,0.06,37,845,0.0,9,0.039190397,0.047796108,0.8433644,0.14342853,0.14342853,1.0,0.008605712,0.06,-25.54983,1.8554388,0.6184796,0.25,0.0,0.15040793,0.0,0.0,2707200
hardzero_only__c0p58__z1p00__lam0p000__nu0p50__psi0p00,hardzero_only,0.06,37,846,0.0,9,0.047796108,0.05585988,0.8716132,0.13439615,0.13439615,1.0,0.008063769,0.06,-24.928007,1.9175873,0.6391958,0.24800001,0.0,0.151672,0.0,0.0,2710400
hardzero_only__c0p58__z1p00__lam0p000__nu0p50__psi0p00,hardzero_only,0.06,37,847,0.0,9,0.05585988,0.06380573,0.87801075,0.13243088,0.13243088,1.0,0.007945852,0.06,-26.010965,1.9316622,0.6438874,0.208,0.0,0.17608947,0.0,0.0,2713600
hardzero_only__c0p58__z1p00__lam0p000__nu0p50__psi0p00,hardzero_only,0.06,37,848,0.0,9,0.06380573,0.071482964,0.8929463,0.12795395,0.12795395,1.0,0.0076772366,0.06,-25.788677,1.964521,0.65484035,0.24000001,0.008,0.16500098,0.0,0.0,2716800
hardzero_only__c0p58__z1p00__lam0p000__nu0p50__psi0p00,hardzero_only,0.06,37,849,0.0,9,0.071482964,0.08009941,0.84282297,0.14360747,0.14360747,1.0,0.008616447,0.06,-25.811747,1.8542476,0.6180825,0.28800002,0.0,0.17329633,0.0,0.0,2720000
hardzero_only__c0p58__z1p00__lam0p000__nu0p50__psi0p00,hardzero_only,0.06,37,850,0.0,9,0.08009941,0.08880225,0.83849037,0.14504729,0.14504729,1.0,0.008702837,0.06,-24.459023,1.8447156,0.61490524,0.24000001,0.0,0.15623002,0.0,0.0,2723200
hardzero_only__c0p58__z1p00__lam0p000__nu0p50__psi0p00,hardzero_only,0.06,37,851,0.0,9,0.08880225,0.09663728,0.88411045,0.13058387,0.13058387,1.0,0.0078350315,0.06,-25.261747,1.9450818,0.6483606,0.16000001,0.0,0.17024025,0.0,0.0,2726400
hardzero_only__c0p58__z1p00__lam0p000__nu0p50__psi0p00,hardzero_only,0.06,37,852,0.0,9,0.09663728,0.10448093,0.88363314,0.13072747,0.13072747,1.0,0.007843648,0.06,-25.677916,1.9440317,0.6480106,0.24800001,0.0,0.18950264,0.0,0.0,2729600
hardzero_only__c0p58__z1p00__lam0p000__nu0p50__psi0p00,hardzero_only,0.06,37,853,0.0,9,0.10448093,0.11377139,0.8101142,0.15484093,0.15484093,1.0,0.009290456,0.06,-24.65114,1.7822869,0.59409565,0.28800002,0.008,0.17343727,0.0,0.0,2732800
hardzero_only__c0p58__z1p00__lam0p000__nu0p50__psi0p00,hardzero_only,0.06,37,854,0.0,9,0.11377139,0.12243817,0.84029335,0.14444637,0.14444637,1.0,0.008666783,0.06,-25.028822,1.8486823,0.61622745,0.208,0.0,0.15206508,0.0,0.0,2736000
hardzero_only__c0p58__z1p00__lam0p000__nu0p50__psi0p00,hardzero_only,0.06,37,855,0.0,9,0.12243817,0.1300598,0.89610344,0.12702714,0.12702714,1.0,0.007621628,0.06,-25.93542,1.9714669,0.65715563,0.224,0.0,0.1782584,0.0,0.0,2739200
hardzero_only__c0p58__z1p00__lam0p000__nu0p50__psi0p00,hardzero_only,0.06,37,856,0.0,9,0.1300598,0.13887066,0.83313316,0.14684759,0.14684759,1.0,0.008810855,0.06,-24.57738,1.8329295,0.6109765,0.272,0.0,0.16798353,0.0,0.0,2742400
hardzero_only__c0p58__z1p00__lam0p000__nu0p50__psi0p00,hardzero_only,0.06,37,857,0.0,9,0.13887066,0.14641154,0.90072924,0.12568131,0.12568131,1.0,0.0075408784,0.06,-25.692371,1.9816439,0.660548,0.136,0.0,0.14309901,0.0,0.0,2745600
hardzero_only__c0p58__z1p00__lam0p000__nu0p50__psi0p00,hardzero_only,0.06,37,858,0.0,9,0.14641154,0.15432702,0.8796739,0.13192469,0.13192469,1.0,0.007915481,0.06,-25.758877,1.9353212,0.6451071,0.16,0.0,0.16104427,0.0,0.0,2748800
hardzero_only__c0p58__z1p00__lam0p000__nu0p50__psi0p00,hardzero_only,0.06,37,859,0.0,9,0.15432702,0.16234083,0.8743116,0.13356367,0.13356367,1.0,0.00801382,0.06,-25.845892,1.923524,0.6411747,0.296,0.0,0.17113207,0.0,0.0,2752000
hardzero_only__c0p58__z1p00__lam0p000__nu0p50__psi0p00,hardzero_only,0.06,37,860,0.0,9,0.16234083,0.17040806,0.87142694,0.13445379,0.13445379,1.0,0.008067227,0.06,-25.341661,1.9171776,0.6390592,0.16800001,0.0,0.15664534,0.0,0.0,2755200
hardzero_only__c0p58__z1p00__lam0p000__nu0p50__psi0p00,hardzero_only,0.06,37,861,0.0,9,0.17040806,0.17871699,0.8586058,0.13848227,0.13848227,1.0,0.008308936,0.06,-25.229206,1.8889705,0.62965685,0.208,0.0,0.15405226,0.0,0.0,2758400
hardzero_only__c0p58__z1p00__lam0p000__nu0p50__psi0p00,hardzero_only,0.06,37,862,0.0,9,0.17871699,0.18689442,0.8655342,0.13629057,0.13629057,1.0,0.008177434,0.06,-25.19142,1.9042132,0.63473773,0.18400002,0.0,0.15235423,0.0,0.0,2761600
hardzero_only__c0p58__z1p00__lam0p000__nu0p50__psi0p00,hardzero_only,0.06,37,863,0.0,9,0.18689442,0.19508664,0.86474943,0.13653706,0.13653706,1.0,0.0081922235,0.06,-25.17781,1.9024867,0.63416225,0.216,0.0,0.15624642,0.0,0.0,2764800
hardzero_only__c0p58__z1p00__lam0p000__nu0p50__psi0p00,hardzero_only,0.06,37,864,0.0,9,0.19508664,0.20298442,0.88064665,0.13162954,0.13162954,1.0,0.007897772,0.06,-25.49315,1.9374613,0.64582044,0.192,0.0,0.15332963,0.0,0.0,2768000
hardzero_only__c0p58__z1p00__lam0p000__nu0p50__psi0p00,hardzero_only,0.06,37,865,0.0,9,0.20298442,0.21181114,0.83235204,0.14711194,0.14711194,1.0,0.008826716,0.06,-24.682474,1.8312111,0.6104037,0.296,0.0,0.16862634,0.0,0.0,2771200
hardzero_only__c0p58__z1p00__lam0p000__nu0p50__psi0p00,hardzero_only,0.06,37,866,0.0,9,0.21181114,0.21986037,0.87239623,0.13415402,0.13415402,1.0,0.008049241,0.06,-25.105244,1.91931,0.63977003,0.216,0.0,0.16012788,0.0,0.0,2774400
hardzero_only__c0p58__z1p00__lam0p000__nu0p50__psi0p00,hardzero_only,0.06,37,867,0.0,9,0.21986037,0.22775315,0.8809217,0.13154618,0.13154618,1.0,0.007892771,0.06,-26.33484,1.9380665,0.6460222,0.272,0.0,0.19284742,0.0,0.0,2777600
hardzero_only__c0p58__z1p00__lam0p000__nu0p50__psi0p00,hardzero_only,0.06,37,868,0.0,9,0.22775315,0.23733672,0.7966235,0.1597263,0.1597263,1.0,0.009583578,0.06,-24.35175,1.7526067,0.5842023,0.23200001,0.0,0.14411,0.0,0.0,2780800
hardzero_only__c0p58__z1p00__lam0p000__nu0p50__psi0p00,hardzero_only,0.06,37,869,0.0,9,0.23733672,0.24490747,0.8990128,0.12617902,0.12617902,1.0,0.007570741,0.06,-26.381773,1.9778677,0.65928924,0.192,0.0,0.17211254,0.0,0.0,2784000
hardzero_only__c0p58__z1p00__lam0p000__nu0p50__psi0p00,hardzero_only,0.06,37,870,0.0,9,0.24490747,0.2529782,0.8712375,0.13451245,0.13451245,1.0,0.008070747,0.06,-25.985083,1.9167608,0.6389203,0.24000001,0.0,0.15766785,0.0,0.0,2787200
hardzero_only__c0p58__z1p00__lam0p000__nu0p50__psi0p00,hardzero_only,0.06,37,871,0.0,9,0.2529782,0.2618375,0.83075154,0.1476551,0.1476551,1.0,0.008859306,0.06,-25.049204,1.8276899,0.60923,0.24,0.0,0.16900533,0.0,0.0,2790400
hardzero_only__c0p58__z1p00__lam0p000__nu0p50__psi0p00,hardzero_only,0.06,37,872,0.0,9,0.2618375,0.26942644,0.8979708,0.12648214,0.12648214,1.0,0.0075889286,0.06,-26.17244,1.9755752,0.6585251,0.24800001,0.0,0.13820842,0.0,0.0,2793600
hardzero_only__c0p58__z1p00__lam0p000__nu0p50__psi0p00,hardzero_only,0.06,37,873,0.0,9,0.26942644,0.27694437,0.9020529,0.12529886,0.12529886,1.0,0.0075179315,0.06,-26.327856,1.984556,0.6615187,0.192,0.0,0.1803148,0.0,0.0,2796800
hardzero_only__c0p58__z1p00__lam0p000__nu0p50__psi0p00,hardzero_only,0.06,37,874,0.0,9,0.27694437,0.28538597,0.85172737,0.14069305,0.14069305,1.0,0.008441583,0.06,-25.05863,1.8738376,0.62461257,0.24800001,0.008,0.15782543,0.0,0.0,2800000
hardzero_only__c0p58__z1p00__lam0p000__nu0p50__psi0p00,hardzero_only,0.06,37,875,0.0,9,0.28538597,0.2935934,0.86394334,0.13679072,0.13679072,1.0,0.008207443,0.06,-25.31053,1.9007133,0.63357115,0.312,0.0,0.1564318,0.0,0.0,2803200
hardzero_only__c0p58__z1p00__lam0p000__nu0p50__psi0p00,hardzero_only,0.06,37,876,0.0,9,0.2935934,0.30190074,0.8586901,0.13845539,0.13845539,1.0,0.008307323,0.06,-25.039724,1.8891559,0.62971866,0.216,0.0,0.15332596,0.0,0.0,2806400
hardzero_only__c0p58__z1p00__lam0p000__nu0p50__psi0p00,hardzero_only,0.06,37,877,0.0,9,0.30190074,0.3093964,0.903343,0.124927185,0.124927185,1.0,0.007495631,0.06,-25.335007,1.9873943,0.6624648,0.216,0.0,0.15713829,0.0,0.0,2809600
hardzero_only__c0p58__z1p00__lam0p000__nu0p50__psi0p00,hardzero_only,0.06,37,878,0.0,9,0.3093964,0.31807435,0.8397337,0.14463264,0.14463264,1.0,0.0086779585,0.06,-25.735863,1.8474511,0.61581707,0.28,0.0,0.1665708,0.0,0.0,2812800
hardzero_only__c0p58__z1p00__lam0p000__nu0p50__psi0p00,hardzero_only,0.06,37,879,0.0,9,0.31807435,0.32671282,0.8417143,0.14397451,0.14397451,1.0,0.00863847,0.06,-24.306866,1.8518085,0.6172695,0.256,0.0,0.14756753,0.0,0.0,2816000
hardzero_only__c0p58__z1p00__lam0p000__nu0p50__psi0p00,hardzero_only,0.06,37,880,0.0,9,0.32671282,0.33423147,0.9020117,0.12531075,0.12531075,1.0,0.007518645,0.06,-26.711351,1.9844654,0.6614885,0.2,0.0,0.18564078,0.0,0.0,2819200
hardzero_only__c0p58__z1p00__lam0p000__nu0p50__psi0p00,hardzero_only,0.06,37,881,0.0,9,0.33423147,0.34219396,0.8771022,0.1327082,0.1327082,1.0,0.007962492,0.06,-25.165764,1.9296634,0.64322114,0.18400002,0.0,0.15520483,0.0,0.0,2822400
hardzero_only__c0p58__z1p00__lam0p000__nu0p50__psi0p00,hardzero_only,0.06,37,882,0.0,9,0.34219396,0.35008734,0.88088834,0.1315563,0.1315563,1.0,0.007893378,0.06,-24.73467,1.937993,0.6459977,0.23200001,0.0,0.14760055,0.0,0.0,2825600
hardzero_only__c0p58__z1p00__lam0p000__nu0p50__psi0p00,hardzero_only,0.06,37,883,0.0,9,0.35008734,0.35814536,0.87192374,0.13430005,0.13430005,1.0,0.008058003,0.06,-25.236458,1.9182706,0.63942355,0.24800001,0.0,0.14162175,0.0,0.0,2828800
hardzero_only__c0p58__z1p00__lam0p000__nu0p50__psi0p00,hardzero_only,0.06,37,884,0.0,9,0.35814536,0.36575338,0.8968789,0.12680054,0.12680054,1.0,0.007608032,0.06,-25.554941,1.973173,0.6577244,0.21,0.0,0.13948883,0.0,0.0,2832000
hardzero_only__c0p58__z1p00__lam0p000__nu0p50__psi0p00,hardzero_only,0.06,37,885,0.0,9,0.36575338,0.37440693,0.8409575,0.14422563,0.14422563,1.0,0.008653537,0.06,-25.50538,1.8501436,0.61671454,0.272,0.0,0.15317503,0.0,0.0,2835200
hardzero_only__c0p58__z1p00__lam0p000__nu0p50__psi0p00,hardzero_only,0.06,37,886,0.0,9,0.37440693,0.38185582,0.9060603,0.124148004,0.124148004,1.0,0.00744888,0.06,-25.962063,1.9933724,0.6644575,0.216,0.0,0.18949173,0.0,0.0,2838400
hardzero_only__c0p58__z1p00__lam0p000__nu0p50__psi0p00,hardzero_only,0.06,37,887,0.0,9,0.38185582,0.38968447,0.8844649,0.13047734,0.13047734,1.0,0.00782864,0.06,-25.833885,1.9458617,0.6486206,0.28,0.0,0.16947757,0.0,0.0,2841600
hardzero_only__c0p58__z1p00__lam0p000__nu0p50__psi0p00,hardzero_only,0.06,37,888,0.0,9,0.38968447,0.3972902,0.8970108,0.12676203,0.12676203,1.0,0.0076057217,0.06,-25.127258,1.9734632,0.65782106,0.2,0.0,0.13768822,0.0,0.0,2844800
hardzero_only__c0p58__z1p00__lam0p000__nu0p50__psi0p00,hardzero_only,0.06,37,889,0.0,9,0.3972902,0.4065095,0.8134535,0.15365492,0.15365492,1.0,0.009219294,0.06,-24.32309,1.7896334,0.5965445,0.24000001,0.0,0.15277582,0.0,0.0,2848000
hardzero_only__c0p58__z1p00__lam0p000__nu0p50__psi0p00,hardzero_only,0.06,37,890,0.0,9,0.4065095,0.41492254,0.8531974,0.14021762,0.14021762,1.0,0.008413057,0.06,-25.238985,1.8770717,0.6256906,0.24000001,0.0,0.15143351,0.0,0.0,2851200
hardzero_only__c0p58__z1p00__lam0p000__nu0p50__psi0p00,hardzero_only,0.06,37,891,0.0,9,0.41492254,0.42238253,0.9054129,0.1243332,0.1243332,1.0,0.007459992,0.06,-26.450079,1.9919481,0.66398275,0.16000001,0.0,0.15690437,0.0,0.0,2854400
hardzero_only__c0p58__z1p00__lam0p000__nu0p50__psi0p00,hardzero_only,0.06,37,892,0.0,9,0.42238253,0.4310992,0.8378007,0.14527781,0.14527781,1.0,0.008716669,0.06,-24.674744,1.8431983,0.61439943,0.23200001,0.008,0.16720583,0.0,0.0,2857600
hardzero_only__c0p58__z1p00__lam0p000__nu0p50__psi0p00,hardzero_only,0.06,37,893,0.0,9,0.4310992,0.4393814,0.8600068,0.13803625,0.13803625,1.0,0.008282175,0.06,-25.433945,1.8920528,0.63068426,0.312,0.0,0.15842435,0.0,0.0,2860800
hardzero_only__c0p58__z1p00__lam0p000__nu0p50__psi0p00,hardzero_only,0.06,37,894,0.0,9,0.4393814,0.44815135,0.8351542,0.14616582,0.14616582,1.0,0.008769949,0.06,-25.093132,1.8373759,0.61245865,0.296,0.0,0.16451001,0.0,0.0,2864000
hardzero_only__c0p58__z1p00__lam0p000__nu0p50__psi0p00,hardzero_only,0.06,37,895,0.0,9,0.44815135,0.45672172,0.84515214,0.14283934,0.14283934,1.0,0.00857036,0.06,-25.022062,1.8593718,0.6197906,0.224,0.0,0.14738359,0.0,0.0,2867200
hardzero_only__c0p58__z1p00__lam0p000__nu0p50__psi0p00,hardzero_only,0.06,37,896,0.0,9,0.45672172,0.46557993,0.83080566,0.1476367,0.1476367,1.0,0.008858202,0.06,-24.061901,1.827809,0.6092697,0.256,0.0,0.14039446,0.0,0.0,2870400
hardzero_only__c0p58__z1p00__lam0p000__nu0p50__psi0p00,hardzero_only,0.06,37,897,0.0,9,0.46557993,0.47472888,0.81677973,0.15248258,0.15248258,1.0,0.009148954,0.06,-25.04599,1.7969513,0.59898376,0.21,0.0,0.15791644,0.0,0.0,2873600
hardzero_only__c0p58__z1p00__lam0p000__nu0p50__psi0p00,hardzero_only,0.06,37,898,0.0,9,0.47472888,0.48293412,0.86406,0.13675399,0.13675399,1.0,0.00820524,0.06,-25.646317,1.9009699,0.6336566,0.216,0.0,0.16643198,0.0,0.0,2876800
hardzero_only__c0p58__z1p00__lam0p000__nu0p50__psi0p00,hardzero_only,0.06,37,899,0.0,9,0.48293412,0.4906936,0.8883187,0.12932464,0.12932464,1.0,0.0077594784,0.06,-26.446806,1.9543402,0.65144676,0.18400002,0.0,0.18553986,0.0,0.0,2880000
hardzero_only__c0p58__z1p00__lam0p000__nu0p50__psi0p00,hardzero_only,0.06,37,900,0.0,9,0.4906936,0.49817625,0.90409654,0.12471063,0.12471063,1.0,0.0074826377,0.06,-25.852627,1.989052,0.6630174,0.208,0.008,0.17801726,0.0,0.0,2883200
hardzero_only__c0p58__z1p00__lam0p000__nu0p50__psi0p00,hardzero_only,0.06,37,901,0.0,9,0.49817625,0.5065554,0.8549528,0.139652,0.139652,1.0,0.008379119,0.06,-25.068264,1.8809338,0.6269779,0.272,0.0,0.1398643,0.0,0.0,2886400
hardzero_only__c0p58__z1p00__lam0p000__nu0p50__psi0p00,hardzero_only,0.06,37,902,0.0,9,0.5065554,0.5146122,0.87198687,0.13428056,0.13428056,1.0,0.008056833,0.06,-25.511118,1.9184093,0.6394698,0.192,0.0,0.18104127,0.0,0.0,2889600
hardzero_only__c0p58__z1p00__lam0p000__nu0p50__psi0p00,hardzero_only,0.06,37,903,0.0,9,0.5146122,0.5223838,0.8876399,0.12952693,0.12952693,1.0,0.0077716154,0.06,-25.185352,1.9528468,0.65094894,0.224,0.0,0.14714694,0.0,0.0,2892800
hardzero_only__c0p58__z1p00__lam0p000__nu0p50__psi0p00,hardzero_only,0.06,37,904,0.0,9,0.5223838,0.52962554,0.9183077,0.12069584,0.12069584,1.0,0.00724175,0.06,-25.765017,2.0203173,0.67343915,0.15200001,0.0,0.16858466,0.0,0.0,2896000
hardzero_only__c0p58__z1p00__lam0p000__nu0p50__psi0p00,hardzero_only,0.06,37,905,0.0,9,0.52962554,0.5370484,0.9075795,0.123714484,0.123714484,1.0,0.007422869,0.06,-26.016706,1.9967147,0.6655716,0.17600001,0.0,0.15720138,0.0,0.0,2899200
hardzero_only__c0p58__z1p00__lam0p000__nu0p50__psi0p00,hardzero_only,0.06,37,906,0.0,9,0.5370484,0.5450745,0.8736449,0.13376889,0.13376889,1.0,0.008026133,0.06,-24.866758,1.9220572,0.64068574,0.272,0.0,0.17922603,0.0,0.0,2902400
hardzero_only__c0p58__z1p00__lam0p000__nu0p50__psi0p00,hardzero_only,0.06,37,907,0.0,9,0.5450745,0.5526058,0.90128136,0.12552164,0.12552164,1.0,0.0075312983,0.06,-25.488613,1.9828585,0.66095287,0.15200001,0.0,0.14714296,0.0,0.0,2905600
hardzero_only__c0p58__z1p00__lam0p000__nu0p50__psi0p00,hardzero_only,0.06,37,908,0.0,9,0.5526058,0.5601603,0.8999458,0.12590827,0.12590827,1.0,0.007554496,0.06,-26.449528,1.9799203,0.65997344,0.2,0.008,0.17388986,0.0,0.0,2908800
hardzero_only__c0p58__z1p00__lam0p000__nu0p50__psi0p00,hardzero_only,0.06,37,909,0.0,9,0.5601603,0.56803876,0.8817085,0.1313081,0.1313081,1.0,0.007878485,0.06,-25.554134,1.9397974,0.6465992,0.208,0.0,0.15725581,0.0,0.0,2912000
hardzero_only__c0p58__z1p00__lam0p000__nu0p50__psi0p00,hardzero_only,0.06,37,910,0.0,9,0.56803876,0.57627517,0.8624135,0.13727342,0.13727342,1.0,0.0082364045,0.06,-24.63559,1.8973477,0.63244927,0.19,0.0,0.15060824,0.0,0.0,2915200
hardzero_only__c0p58__z1p00__lam0p000__nu0p50__psi0p00,hardzero_only,0.06,37,911,0.0,9,0.57627517,0.5836351,0.9112782,0.12266531,0.12266531,1.0,0.007359918,0.06,-25.492064,2.004852,0.66828406,0.17600001,0.0,0.15868758,0.0,0.0,2918400
hardzero_only__c0p58__z1p00__lam0p000__nu0p50__psi0p00,hardzero_only,0.06,37,912,1.0,10,0.5836351,0.011800611,0.86616826,0.13609172,0.13609172,1.0,0.008165503,0.06,-25.336594,1.9056082,0.63520277,0.18400002,0.0,0.1723084,0.0,0.0,2921600
hardzero_only__c0p58__z1p00__lam0p000__nu0p50__psi0p00,hardzero_only,0.06,37,913,0.0,10,0.011800611,0.02030953,0.8482768,0.14181533,0.14181533,1.0,0.00850892,0.06,-25.380749,1.8662462,0.6220821,0.264,0.0,0.18244316,0.0,0.0,2924800
hardzero_only__c0p58__z1p00__lam0p000__nu0p50__psi0p00,hardzero_only,0.06,37,914,0.0,10,0.02030953,0.028402917,0.870021,0.13488977,0.13488977,1.0,0.008093386,0.06,-25.562187,1.9140844,0.63802814,0.224,0.0,0.17364559,0.0,0.0,2928000
hardzero_only__c0p58__z1p00__lam0p000__nu0p50__psi0p00,hardzero_only,0.06,37,915,0.0,10,0.028402917,0.036421128,0.87407374,0.13363685,0.13363685,1.0,0.0080182105,0.06,-25.477228,1.9230006,0.6410002,0.15200001,0.0,0.17907698,0.0,0.0,2931200
hardzero_only__c0p58__z1p00__lam0p000__nu0p50__psi0p00,hardzero_only,0.06,37,916,0.0,10,0.036421128,0.04428392,0.88257444,0.13104653,0.13104653,1.0,0.007862791,0.06,-25.654478,1.9417025,0.6472342,0.23200001,0.0,0.16406548,0.0,0.0,2934400
hardzero_only__c0p58__z1p00__lam0p000__nu0p50__psi0p00,hardzero_only,0.06,37,917,0.0,10,0.04428392,0.051987305,0.89146966,0.12838975,0.12838975,1.0,0.0077033844,0.06,-25.07342,1.9612724,0.65375745,0.2,0.0,0.16082527,0.0,0.0,2937600
hardzero_only__c0p58__z1p00__lam0p000__nu0p50__psi0p00,hardzero_only,0.06,37,918,0.0,10,0.051987305,0.060725372,0.8367359,0.14563444,0.14563444,1.0,0.008738066,0.06,-23.900314,1.8408557,0.6136186,0.18400002,0.0,0.14583664,0.0,0.0,2940800
hardzero_only__c0p58__z1p00__lam0p000__nu0p50__psi0p00,hardzero_only,0.06,37,919,0.0,10,0.060725372,0.06939612,0.8400943,0.14451258,0.14451258,1.0,0.008670755,0.06,-24.595709,1.8482444,0.6160815,0.256,0.008,0.15756468,0.0,0.0,2944000
hardzero_only__c0p58__z1p00__lam0p000__nu0p50__psi0p00,hardzero_only,0.06,37,920,0.0,10,0.06939612,0.07758191,0.86509055,0.13642986,0.13642986,1.0,0.008185792,0.06,-24.906181,1.9032372,0.6344124,0.16000001,0.0,0.1684596,0.0,0.0,2947200
hardzero_only__c0p58__z1p00__lam0p000__nu0p50__psi0p00,hardzero_only,0.06,37,921,0.0,10,0.07758191,0.08654264,0.82580775,0.14934555,0.14934555,1.0,0.008960732,0.06,-24.04223,1.8168133,0.60560447,0.2,0.0,0.14981918,0.0,0.0,2950400
hardzero_only__c0p58__z1p00__lam0p000__nu0p50__psi0p00,hardzero_only,0.06,37,922,0.0,10,0.08654264,0.09432137,0.8872428,0.12964542,0.12964542,1.0,0.007778725,0.06,-25.767298,1.9519731,0.6506577,0.17600001,0.0,0.17740795,0.0,0.0,2953600
hardzero_only__c0p58__z1p00__lam0p000__nu0p50__psi0p00,hardzero_only,0.06,37,923,0.0,10,0.09432137,0.103177786,0.83089334,0.14760691,0.14760691,1.0,0.008856415,0.06,-24.706944,1.8280019,0.609334,0.25,0.0,0.16756967,0.0,0.0,2956800
hardzero_only__c0p58__z1p00__lam0p000__nu0p50__psi0p00,hardzero_only,0.06,37,924,0.0,10,0.103177786,0.11119674,0.8740335,0.13364924,0.13364924,1.0,0.008018955,0.06,-25.438257,1.9229121,0.6409707,0.23200001,0.0,0.16781242,0.0,0.0,2960000
hardzero_only__c0p58__z1p00__lam0p000__nu0p50__psi0p00,hardzero_only,0.06,37,925,0.0,10,0.11119674,0.118465304,0.91670257,0.121142745,0.121142745,1.0,0.0072685643,0.06,-26.870611,2.0167859,0.67226195,0.16800001,0.0,0.167207,0.0,0.0,2963200
hardzero_only__c0p58__z1p00__lam0p000__nu0p50__psi0p00,hardzero_only,0.06,37,926,0.0,10,0.118465304,0.12685412,0.8544509,0.1398135,0.1398135,1.0,0.00838881,0.06,-25.849512,1.8798295,0.62660986,0.24000001,0.0,0.19908774,0.0,0.0,2966400
hardzero_only__c0p58__z1p00__lam0p000__nu0p50__psi0p00,hardzero_only,0.06,37,927,0.0,10,0.12685412,0.13467218,0.8850527,0.13030088,0.13030088,1.0,0.007818053,0.06,-25.7694,1.9471548,0.6490516,0.24800001,0.0,0.16788727,0.0,0.0,2969600
hardzero_only__c0p58__z1p00__lam0p000__nu0p50__psi0p00,hardzero_only,0.06,37,928,0.0,10,0.13467218,0.14251338,0.88376904,0.13068658,0.13068658,1.0,0.007841195,0.06,-25.996569,1.9443307,0.6481103,0.24000001,0.0,0.16796201,0.0,0.0,2972800
hardzero_only__c0p58__z1p00__lam0p000__nu0p50__psi0p00,hardzero_only,0.06,37,929,0.0,10,0.14251338,0.15057127,0.8719299,0.13429816,0.13429816,1.0,0.0080578895,0.06,-25.164747,1.918284,0.639428,0.24000001,0.0,0.19140357,0.0,0.0,2976000
hardzero_only__c0p58__z1p00__lam0p000__nu0p50__psi0p00,hardzero_only,0.06,37,930,0.0,10,0.15057127,0.15852635,0.8775071,0.13258454,0.13258454,1.0,0.007955072,0.06,-25.58445,1.9305542,0.6435181,0.216,0.0,0.17294146,0.0,0.0,2979200
hardzero_only__c0p58__z1p00__lam0p000__nu0p50__psi0p00,hardzero_only,0.06,37,931,0.0,10,0.15852635,0.1666522,0.86828226,0.1354309,0.1354309,1.0,0.008125854,0.06,-25.656752,1.9102591,0.6367531,0.256,0.0,0.16786708,0.0,0.0,2982400
hardzero_only__c0p58__z1p00__lam0p000__nu0p50__psi0p00,hardzero_only,0.06,37,932,0.0,10,0.1666522,0.17477049,0.86868674,0.13530482,0.13530482,1.0,0.0081182895,0.06,-24.797565,1.911149,0.6370497,0.23200001,0.0,0.15327118,0.0,0.0,2985600
hardzero_only__c0p58__z1p00__lam0p000__nu0p50__psi0p00,hardzero_only,0.06,37,933,0.0,10,0.17477049,0.18305784,0.8597355,0.13812253,0.13812253,1.0,0.008287352,0.06,-25.11405,1.8914559,0.6304853,0.208,0.0,0.14509606,0.0,0.0,2988800
hardzero_only__c0p58__z1p00__lam0p000__nu0p50__psi0p00,hardzero_only,0.06,37,934,0.0,10,0.18305784,0.19105667,0.87512475,0.13331385,0.13331385,1.0,0.007998831,0.06,-25.879873,1.9253129,0.64177096,0.208,0.0,0.17461073,0.0,0.0,2992000
hardzero_only__c0p58__z1p00__lam0p000__nu0p50__psi0p00,hardzero_only,0.06,37,935,0.0,10,0.19105667,0.19916001,0.86948705,0.13505569,0.13505569,1.0,0.008103341,0.06,-25.039337,1.9129097,0.6376366,0.28800002,0.0,0.15845169,0.0,0.0,2995200
hardzero_only__c0p58__z1p00__lam0p000__nu0p50__psi0p00,hardzero_only,0.06,37,936,0.0,10,0.19916001,0.20735095,0.86481726,0.13651574,0.13651574,1.0,0.008190944,0.06,-25.152119,1.9026359,0.634212,0.24,0.0,0.16411327,0.0,0.0,2998400
hardzero_only__c0p58__z1p00__lam0p000__nu0p50__psi0p00,hardzero_only,0.06,37,937,0.0,10,0.20735095,0.21567439,0.85784876,0.13872388,0.13872388,1.0,0.008323433,0.06,-23.931849,1.8873049,0.62910163,0.216,0.0,0.15255128,0.0,0.0,3001600
hardzero_only__c0p58__z1p00__lam0p000__nu0p50__psi0p00,hardzero_only,0.06,37,938,0.0,10,0.21567439,0.2237881,0.868932,0.13522843,0.13522843,1.0,0.008113706,0.06,-25.161085,1.9116886,0.63722956,0.2,0.0,0.1633846,0.0,0.0,3004800
hardzero_only__c0p58__z1p00__lam0p000__nu0p50__psi0p00,hardzero_only,0.06,37,939,0.0,10,0.2237881,0.23163638,0.8833766,0.13080472,0.13080472,1.0,0.007848283,0.06,-24.576948,1.9434674,0.6478225,0.192,0.0,0.15338238,0.0,0.0,3008000
hardzero_only__c0p58__z1p00__lam0p000__nu0p50__psi0p00,hardzero_only,0.06,37,940,0.0,10,0.23163638,0.24040331,0.8353035,0.14611557,0.14611557,1.0,0.008766934,0.06,-24.2451,1.8377044,0.61256814,0.312,0.0,0.15948132,0.0,0.0,3011200
hardzero_only__c0p58__z1p00__lam0p000__nu0p50__psi0p00,hardzero_only,0.06,37,941,0.0,10,0.24040331,0.24849227,0.8702584,0.13481605,0.13481605,1.0,0.008088963,0.06,-25.226942,1.9146067,0.63820225,0.24000001,0.0,0.18217555,0.0,0.0,3014400
hardzero_only__c0p58__z1p00__lam0p000__nu0p50__psi0p00,hardzero_only,0.06,37,942,0.0,10,0.24849227,0.25667042,0.8654971,0.13630219,0.13630219,1.0,0.008178131,0.06,-24.619091,1.9041317,0.63471055,0.24800001,0.0,0.1554344,0.0,0.0,3017600
hardzero_only__c0p58__z1p00__lam0p000__nu0p50__psi0p00,hardzero_only,0.06,37,943,0.0,10,0.25667042,0.26469868,0.8735285,0.13380474,0.13380474,1.0,0.008028284,0.06,-25.357079,1.921801,0.6406003,0.17600001,0.0,0.16229233,0.0,0.0,3020800
hardzero_only__c0p58__z1p00__lam0p000__nu0p50__psi0p00,hardzero_only,0.06,37,944,0.0,10,0.26469868,0.2725942,0.88076967,0.13159226,0.13159226,1.0,0.007895536,0.06,-25.357477,1.937732,0.6459107,0.2,0.0,0.14165184,0.0,0.0,3024000
hardzero_only__c0p58__z1p00__lam0p000__nu0p50__psi0p00,hardzero_only,0.06,37,945,0.0,10,0.2725942,0.28084338,0.8617418,0.1374859,0.1374859,1.0,0.008249154,0.06,-24.891785,1.8958697,0.6319566,0.2,0.0,0.15997308,0.0,0.0,3027200
hardzero_only__c0p58__z1p00__lam0p000__nu0p50__psi0p00,hardzero_only,0.06,37,946,0.0,10,0.28084338,0.28879577,0.8776541,0.13253967,0.13253967,1.0,0.00795238,0.06,-24.700602,1.9308776,0.64362586,0.2,0.0,0.16910326,0.0,0.0,3030400
hardzero_only__c0p58__z1p00__lam0p000__nu0p50__psi0p00,hardzero_only,0.06,37,947,0.0,10,0.28879577,0.29695663,0.8664153,0.13601434,0.13601434,1.0,0.00816086,0.06,-25.394852,1.9061518,0.63538396,0.16800001,0.0,0.16070674,0.0,0.0,3033600
hardzero_only__c0p58__z1p00__lam0p000__nu0p50__psi0p00,hardzero_only,0.06,37,948,0.0,10,0.29695663,0.30541095,0.8510724,0.1409054,0.1409054,1.0,0.008454324,0.06,-24.883894,1.8723966,0.6241322,0.16800001,0.0,0.17204326,0.0,0.0,3036800
hardzero_only__c0p58__z1p00__lam0p000__nu0p50__psi0p00,hardzero_only,0.06,37,949,0.0,10,0.30541095,0.31382254,0.8532728,0.14019328,0.14019328,1.0,0.0084115965,0.06,-24.828426,1.8772377,0.6257459,0.26,0.0,0.15651508,0.0,0.0,3040000
hardzero_only__c0p58__z1p00__lam0p000__nu0p50__psi0p00,hardzero_only,0.06,37,950,0.0,10,0.31382254,0.3216255,0.88589245,0.13004915,0.13004915,1.0,0.0078029493,0.06,-26.316607,1.9490023,0.64966744,0.192,0.0,0.1794449,0.0,0.0,3043200
hardzero_only__c0p58__z1p00__lam0p000__nu0p50__psi0p00,hardzero_only,0.06,37,951,0.0,10,0.3216255,0.32981575,0.86485404,0.13650419,0.13650419,1.0,0.008190251,0.06,-25.173029,1.9027169,0.63423896,0.17600001,0.0,0.1590166,0.0,0.0,3046400
hardzero_only__c0p58__z1p00__lam0p000__nu0p50__psi0p00,hardzero_only,0.06,37,952,0.0,10,0.32981575,0.3386849,0.83026963,0.14781903,0.14781903,1.0,0.008869141,0.06,-24.529314,1.8266296,0.6088766,0.256,0.0,0.15749815,0.0,0.0,3049600
hardzero_only__c0p58__z1p00__lam0p000__nu0p50__psi0p00,hardzero_only,0.06,37,953,0.0,10,0.3386849,0.34725827,0.8449987,0.14288981,0.14288981,1.0,0.008573389,0.06,-24.560516,1.8590343,0.61967814,0.208,0.0,0.15556988,0.0,0.0,3052800
hardzero_only__c0p58__z1p00__lam0p000__nu0p50__psi0p00,hardzero_only,0.06,37,954,0.0,10,0.34725827,0.3557192,0.8507332,0.14101547,0.14101547,1.0,0.008460928,0.06,-25.47847,1.8716505,0.6238835,0.23200001,0.0,0.17212425,0.0,0.0,3056000
hardzero_only__c0p58__z1p00__lam0p000__nu0p50__psi0p00,hardzero_only,0.06,37,955,0.0,10,0.3557192,0.36328715,0.89917344,0.12613237,0.12613237,1.0,0.007567942,0.06,-25.590435,1.978221,0.659407,0.17600001,0.0,0.16220787,0.0,0.0,3059200
hardzero_only__c0p58__z1p00__lam0p000__nu0p50__psi0p00,hardzero_only,0.06,37,956,0.0,10,0.36328715,0.37198964,0.8385074,0.14504158,0.14504158,1.0,0.008702495,0.06,-25.252665,1.8447531,0.61491776,0.24000001,0.0,0.18509181,0.0,0.0,3062400
hardzero_only__c0p58__z1p00__lam0p000__nu0p50__psi0p00,hardzero_only,0.06,37,957,0.0,10,0.37198964,0.37976304,0.8875407,0.12955652,0.12955652,1.0,0.007773391,0.06,-26.390045,1.9526285,0.65087616,0.216,0.0,0.17369917,0.0,0.0,3065600
hardzero_only__c0p58__z1p00__lam0p000__nu0p50__psi0p00,hardzero_only,0.06,37,958,0.0,10,0.37976304,0.38790208,0.86757815,0.13565063,0.13565063,1.0,0.0081390375,0.06,-25.877598,1.90871,0.63623667,0.24000001,0.0,0.16686368,0.0,0.0,3068800
hardzero_only__c0p58__z1p00__lam0p000__nu0p50__psi0p00,hardzero_only,0.06,37,959,0.0,10,0.38790208,0.3967118,0.8331892,0.14682865,0.14682865,1.0,0.008809719,0.06,-24.206924,1.8330529,0.61101764,0.30400002,0.0,0.14885506,0.0,0.0,3072000
hardzero_only__c0p58__z1p00__lam0p000__nu0p50__psi0p00,hardzero_only,0.06,37,960,0.0,10,0.3967118,0.404563,0.88321394,0.13085373,0.13085373,1.0,0.007851223,0.06,-25.089418,1.9431095,0.6477032,0.192,0.0,0.1613419,0.0,0.0,3075200
hardzero_only__c0p58__z1p00__lam0p000__nu0p50__psi0p00,hardzero_only,0.06,37,961,0.0,10,0.404563,0.41275144,0.86495143,0.13647357,0.13647357,1.0,0.008188413,0.06,-25.68897,1.9029311,0.63431036,0.17600001,0.0,0.15659638,0.0,0.0,3078400
hardzero_only__c0p58__z1p00__lam0p000__nu0p50__psi0p00,hardzero_only,0.06,37,962,0.0,10,0.41275144,0.42098334,0.86265033,0.13719858,0.13719858,1.0,0.008231915,0.06,-25.807156,1.8978686,0.6326229,0.26999998,0.0,0.16417745,0.0,0.0,3081600
hardzero_only__c0p58__z1p00__lam0p000__nu0p50__psi0p00,hardzero_only,0.06,37,963,0.0,10,0.42098334,0.42943162,0.8513835,0.14080447,0.14080447,1.0,0.008448268,0.06,-24.85515,1.8730811,0.6243604,0.208,0.0,0.16997223,0.0,0.0,3084800
hardzero_only__c0p58__z1p00__lam0p000__nu0p50__psi0p00,hardzero_only,0.06,37,964,0.0,10,0.42943162,0.43723094,0.88609344,0.12998897,0.12998897,1.0,0.007799338,0.06,-26.225124,1.9494445,0.64981484,0.192,0.0,0.16100344,0.0,0.0,3088000
hardzero_only__c0p58__z1p00__lam0p000__nu0p50__psi0p00,hardzero_only,0.06,37,965,0.0,10,0.43723094,0.4455907,0.85595787,0.1393292,0.1393292,1.0,0.008359752,0.06,-24.592249,1.8831449,0.627715,0.2,0.0,0.1652862,0.0,0.0,3091200
hardzero_only__c0p58__z1p00__lam0p000__nu0p50__psi0p00,hardzero_only,0.06,37,966,0.0,10,0.4455907,0.45381212,0.8632048,0.13702355,0.13702355,1.0,0.008221413,0.06,-25.386887,1.8990884,0.63302946,0.224,0.0,0.16552933,0.0,0.0,3094400
hardzero_only__c0p58__z1p00__lam0p000__nu0p50__psi0p00,hardzero_only,0.06,37,967,0.0,10,0.45381212,0.4611767,0.9110036,0.12274289,0.12274289,1.0,0.0073645734,0.06,-25.93187,2.004248,0.66808265,0.18400002,0.0,0.17220259,0.0,0.0,3097600
hardzero_only__c0p58__z1p00__lam0p000__nu0p50__psi0p00,hardzero_only,0.06,37,968,0.0,10,0.4611767,0.4700534,0.8298994,0.14794512,0.14794512,1.0,0.008876707,0.06,-25.367044,1.8258151,0.608605,0.264,0.0,0.15153822,0.0,0.0,3100800
hardzero_only__c0p58__z1p00__lam0p000__nu0p50__psi0p00,hardzero_only,0.06,37,969,0.0,10,0.4700534,0.47868547,0.84203726,0.14386752,0.14386752,1.0,0.008632051,0.06,-25.514967,1.8525189,0.6175063,0.272,0.0,0.17720729,0.0,0.0,3104000
hardzero_only__c0p58__z1p00__lam0p000__nu0p50__psi0p00,hardzero_only,0.06,37,970,0.0,10,0.47868547,0.4872647,0.844703,0.14298713,0.14298713,1.0,0.008579228,0.06,-25.468172,1.8583838,0.6194613,0.23200001,0.0,0.16211541,0.0,0.0,3107200
hardzero_only__c0p58__z1p00__lam0p000__nu0p50__psi0p00,hardzero_only,0.06,37,971,0.0,10,0.4872647,0.49496016,0.8919164,0.12825777,0.12825777,1.0,0.007695466,0.06,-25.850904,1.9622552,0.6540851,0.16800001,0.0,0.15313937,0.0,0.0,3110400
hardzero_only__c0p58__z1p00__lam0p000__nu0p50__psi0p00,hardzero_only,0.06,37,972,0.0,10,0.49496016,0.5026019,0.8949587,0.12736242,0.12736242,1.0,0.007641745,0.06,-26.6538,1.9689484,0.65631616,0.24000001,0.0,0.20172027,0.0,0.0,3113600
hardzero_only__c0p58__z1p00__lam0p000__nu0p50__psi0p00,hardzero_only,0.06,37,973,0.0,10,0.5026019,0.51058465,0.8760009,0.13304515,0.13304515,1.0,0.0079827085,0.06,-25.014341,1.9272404,0.6424135,0.14400001,0.0,0.16633447,0.0,0.0,3116800
hardzero_only__c0p58__z1p00__lam0p000__nu0p50__psi0p00,hardzero_only,0.06,37,974,0.0,10,0.51058465,0.5192473,0.8404998,0.14437772,0.14437772,1.0,0.008662663,0.06,-24.499018,1.8491365,0.61637884,0.216,0.0,0.14081757,0.0,0.0,3120000
hardzero_only__c0p58__z1p00__lam0p000__nu0p50__psi0p00,hardzero_only,0.06,37,975,0.0,10,0.5192473,0.5271358,0.8811582,0.1314746,0.1314746,1.0,0.007888475,0.06,-25.16824,1.9385867,0.6461956,0.13,0.0,0.14673,0.0,0.0,3123200
hardzero_only__c0p58__z1p00__lam0p000__nu0p50__psi0p00,hardzero_only,0.06,37,976,0.0,10,0.5271358,0.5359161,0.83464116,0.14633857,0.14633857,1.0,0.008780314,0.06,-24.585966,1.8362472,0.6120824,0.256,0.0,0.14542547,0.0,0.0,3126400
hardzero_only__c0p58__z1p00__lam0p000__nu0p50__psi0p00,hardzero_only,0.06,37,977,0.0,10,0.5359161,0.5439537,0.87302446,0.13396013,0.13396013,1.0,0.008037607,0.06,-24.785341,1.9206922,0.6402308,0.17600001,0.0,0.1618848,0.0,0.0,3129600
hardzero_only__c0p58__z1p00__lam0p000__nu0p50__psi0p00,hardzero_only,0.06,37,978,0.0,10,0.5439537,0.55228645,0.8573652,0.13887842,0.13887842,1.0,0.008332705,0.06,-24.862877,1.8862411,0.62874705,0.192,0.0,0.14550167,0.0,0.0,3132800
hardzero_only__c0p58__z1p00__lam0p000__nu0p50__psi0p00,hardzero_only,0.06,37,979,0.0,10,0.55228645,0.56156707,0.81057346,0.15467727,0.15467727,1.0,0.009280636,0.06,-24.003576,1.7832972,0.5944324,0.216,0.0,0.15840861,0.0,0.0,3136000
hardzero_only__c0p58__z1p00__lam0p000__nu0p50__psi0p00,hardzero_only,0.06,37,980,0.0,10,0.56156707,0.5694461,0.8816789,0.13131705,0.13131705,1.0,0.0078790225,0.06,-25.320225,1.9397323,0.6465775,0.28,0.0,0.15467153,0.0,0.0,3139200
hardzero_only__c0p58__z1p00__lam0p000__nu0p50__psi0p00,hardzero_only,0.06,37,981,0.0,10,0.5694461,0.57689875,0.9058409,0.12421074,0.12421074,1.0,0.007452644,0.06,-24.905012,1.9928898,0.6642966,0.216,0.0,0.17398097,0.0,0.0,3142400
hardzero_only__c0p58__z1p00__lam0p000__nu0p50__psi0p00,hardzero_only,0.06,37,982,0.0,10,0.57689875,0.5844256,0.90153736,0.12544769,0.12544769,1.0,0.007526861,0.06,-25.507654,1.9834218,0.6611406,0.24800001,0.0,0.16307604,0.0,0.0,3145600
hardzero_only__c0p58__z1p00__lam0p000__nu0p50__psi0p00,hardzero_only,0.06,37,983,1.0,11,0.5844256,0.012900917,0.8499976,0.14125453,0.14125453,1.0,0.008475272,0.06,-25.195187,1.8700321,0.62334406,0.18400002,0.0,0.17267814,0.0,0.0,3148800
hardzero_only__c0p58__z1p00__lam0p000__nu0p50__psi0p00,hardzero_only,0.06,37,984,0.0,11,0.012900917,0.021022853,0.8684917,0.13536559,0.13536559,1.0,0.008121936,0.06,-24.753643,1.9107199,0.6369066,0.24000001,0.0,0.16486415,0.0,0.0,3152000
hardzero_only__c0p58__z1p00__lam0p000__nu0p50__psi0p00,hardzero_only,0.06,37,985,0.0,11,0.021022853,0.028842863,0.88494396,0.13033351,0.13033351,1.0,0.00782001,0.06,-26.41485,1.9469156,0.6489719,0.24800001,0.0,0.19018763,0.0,0.0,3155200
hardzero_only__c0p58__z1p00__lam0p000__nu0p50__psi0p00,hardzero_only,0.06,37,986,0.0,11,0.028842863,0.037521012,0.83972424,0.1446358,0.1446358,1.0,0.008678148,0.06,-24.679655,1.8474302,0.6158101,0.224,0.0,0.17596509,0.0,0.0,3158400
hardzero_only__c0p58__z1p00__lam0p000__nu0p50__psi0p00,hardzero_only,0.06,37,987,0.0,11,0.037521012,0.04487975,0.91134787,0.122645624,0.122645624,1.0,0.0073587373,0.06,-26.211447,2.0050054,0.66833514,0.2,0.0,0.20634156,0.0,0.0,3161600
hardzero_only__c0p58__z1p00__lam0p000__nu0p50__psi0p00,hardzero_only,0.06,37,988,0.0,11,0.04487975,0.053053044,0.865754,0.13622159,0.13622159,1.0,0.008173295,0.06,-25.373442,1.9046968,0.63489896,0.25,0.0,0.18453339,0.0,0.0,3164800
hardzero_only__c0p58__z1p00__lam0p000__nu0p50__psi0p00,hardzero_only,0.06,37,989,0.0,11,0.053053044,0.06032356,0.91658604,0.12117524,0.12117524,1.0,0.007270514,0.06,-25.834627,2.0165296,0.67217654,0.272,0.0,0.17368816,0.0,0.0,3168000
hardzero_only__c0p58__z1p00__lam0p000__nu0p50__psi0p00,hardzero_only,0.06,37,990,0.0,11,0.06032356,0.06857829,0.86144835,0.13757883,0.13757883,1.0,0.008254729,0.06,-25.30037,1.8952242,0.6317414,0.24000001,0.0,0.16336267,0.0,0.0,3171200
hardzero_only__c0p58__z1p00__lam0p000__nu0p50__psi0p00,hardzero_only,0.06,37,991,0.0,11,0.06857829,0.07643559,0.88287795,0.130955,0.130955,1.0,0.007857299,0.06,-25.400248,1.9423703,0.64745677,0.208,0.0,0.17692293,0.0,0.0,3174400
hardzero_only__c0p58__z1p00__lam0p000__nu0p50__psi0p00,hardzero_only,0.06,37,992,0.0,11,0.07643559,0.08450012,0.8715721,0.13440888,0.13440888,1.0,0.008064533,0.06,-25.654665,1.9174969,0.63916564,0.18400002,0.0,0.1976284,0.0,0.0,3177600
hardzero_only__c0p58__z1p00__lam0p000__nu0p50__psi0p00,hardzero_only,0.06,37,993,0.0,11,0.08450012,0.093094364,0.84394354,0.14323741,0.14323741,1.0,0.008594245,0.06,-25.113699,1.8567128,0.6189043,0.23200001,0.0,0.16588809,0.0,0.0,3180800
hardzero_only__c0p58__z1p00__lam0p000__nu0p50__psi0p00,hardzero_only,0.06,37,994,0.0,11,0.093094364,0.101821065,0.8373012,0.14544499,0.14544499,1.0,0.008726699,0.06,-23.912685,1.8420994,0.61403316,0.23200001,0.0,0.17230952,0.0,0.0,3184000
hardzero_only__c0p58__z1p00__lam0p000__nu0p50__psi0p00,hardzero_only,0.06,37,995,0.0,11,0.101821065,0.11056869,0.8362614,0.14579365,0.14579365,1.0,0.008747619,0.06,-24.586931,1.8398118,0.61327064,0.256,0.0,0.17899312,0.0,0.0,3187200
hardzero_only__c0p58__z1p00__lam0p000__nu0p50__psi0p00,hardzero_only,0.06,37,996,0.0,11,0.11056869,0.11927998,0.8380686,0.14518823,0.14518823,1.0,0.008711293,0.06,-24.855143,1.8437878,0.61459595,0.23200001,0.0,0.18750173,0.0,0.0,3190400
hardzero_only__c0p58__z1p00__lam0p000__nu0p50__psi0p00,hardzero_only,0.06,37,997,0.0,11,0.11927998,0.12726821,0.8757005,0.13313724,0.13313724,1.0,0.007988234,0.06,-26.106907,1.9265795,0.6421932,0.256,0.0,0.19679663,0.0,0.0,3193600
hardzero_only__c0p58__z1p00__lam0p000__nu0p50__psi0p00,hardzero_only,0.06,37,998,0.0,11,0.12726821,0.13550113,0.862597,0.13721545,0.13721545,1.0,0.008232927,0.06,-24.850796,1.8977513,0.6325838,0.23200001,0.0,0.18051407,0.0,0.0,3196800
hardzero_only__c0p58__z1p00__lam0p000__nu0p50__psi0p00,hardzero_only,0.06,37,999,0.0,11,0.13550113,0.14399143,0.8492284,0.14150494,0.14150494,1.0,0.008490296,0.06,-25.754305,1.8683398,0.62277997,0.216,0.0,0.20821124,0.0,0.0,3200000
hardzero_only__c0p58__z1p00__lam0p000__nu0p50__psi0p00,hardzero_only,0.06,37,1000,0.0,11,0.14399143,0.15284148,0.83120537,0.14750087,0.14750087,1.0,0.008850052,0.06,-25.031643,1.8286884,0.6095628,0.28,0.0,0.18451309,0.0,0.0,3203200
hardzero_only__c0p58__z1p00__lam0p000__nu0p50__psi0p00,hardzero_only,0.06,37,1001,0.0,11,0.15284148,0.16146907,0.84226125,0.14379333,0.14379333,1.0,0.0086276,0.06,-24.71809,1.8530117,0.6176706,0.19999999,0.0,0.1669373,0.0,0.0,3206400
hardzero_only__c0p58__z1p00__lam0p000__nu0p50__psi0p00,hardzero_only,0.06,37,1002,0.0,11,0.16146907,0.1705542,0.81982,0.15141886,0.15141886,1.0,0.009085132,0.06,-24.748085,1.80364,0.60121334,0.2,0.0,0.20095955,0.0,0.0,3209600
hardzero_only__c0p58__z1p00__lam0p000__nu0p50__psi0p00,hardzero_only,0.06,37,1003,0.0,11,0.1705542,0.17916974,0.842869,0.14359225,0.14359225,1.0,0.008615535,0.06,-24.4667,1.8543488,0.61811626,0.192,0.0,0.16681376,0.0,0.0,3212800
hardzero_only__c0p58__z1p00__lam0p000__nu0p50__psi0p00,hardzero_only,0.06,37,1004,0.0,11,0.17916974,0.18838932,0.8134404,0.15365955,0.15365955,1.0,0.009219573,0.06,-24.721607,1.7896045,0.59653485,0.328,0.0,0.16922827,0.0,0.0,3216000
hardzero_only__c0p58__z1p00__lam0p000__nu0p50__psi0p00,hardzero_only,0.06,37,1005,0.0,11,0.18838932,0.19612753,0.8895102,0.12897032,0.12897032,1.0,0.007738219,0.06,-24.72531,1.9569615,0.6523205,0.17600001,0.0,0.17369983,0.0,0.0,3219200
hardzero_only__c0p58__z1p00__lam0p000__nu0p50__psi0p00,hardzero_only,0.06,37,1006,0.0,11,0.19612753,0.20415626,0.87350434,0.13381216,0.13381216,1.0,0.00802873,0.06,-24.682852,1.9217479,0.6405827,0.224,0.0,0.18523514,0.0,0.0,3222400
hardzero_only__c0p58__z1p00__lam0p000__nu0p50__psi0p00,hardzero_only,0.06,37,1007,0.0,11,0.20415626,0.21307093,0.828046,0.14857781,0.14857781,1.0,0.008914668,0.06,-24.31295,1.8217376,0.6072459,0.272,0.0,0.16350803,0.0,0.0,3225600
hardzero_only__c0p58__z1p00__lam0p000__nu0p50__psi0p00,hardzero_only,0.06,37,1008,0.0,11,0.21307093,0.22238915,0.8088182,0.15530369,0.15530369,1.0,0.009318221,0.06,-24.66368,1.7794356,0.59314525,0.312,0.0,0.16470934,0.0,0.0,3228800
hardzero_only__c0p58__z1p00__lam0p000__nu0p50__psi0p00,hardzero_only,0.06,37,1009,0.0,11,0.22238915,0.23098074,0.8440775,0.14319322,0.14319322,1.0,0.008591592,0.06,-24.969328,1.8570076,0.6190026,0.272,0.0,0.18722932,0.0,0.0,3232000
hardzero_only__c0p58__z1p00__lam0p000__nu0p50__psi0p00,hardzero_only,0.06,37,1010,0.0,11,0.23098074,0.23879157,0.88545424,0.13018043,0.13018043,1.0,0.007810826,0.06,-25.781345,1.9480382,0.6493461,0.216,0.0,0.18047015,0.0,0.0,3235200
hardzero_only__c0p58__z1p00__lam0p000__nu0p50__psi0p00,hardzero_only,0.06,37,1011,0.0,11,0.23879157,0.24735378,0.84556574,0.14270338,0.14270338,1.0,0.008562203,0.06,-25.167967,1.8602817,0.62009394,0.296,0.008,0.18470818,0.0,0.0,3238400
hardzero_only__c0p58__z1p00__lam0p000__nu0p50__psi0p00,hardzero_only,0.06,37,1012,0.0,11,0.24735378,0.25605834,0.8384038,0.14507619,0.14507619,1.0,0.008704571,0.06,-24.836344,1.8445252,0.61484176,0.256,0.0,0.18005583,0.0,0.0,3241600
hardzero_only__c0p58__z1p00__lam0p000__nu0p50__psi0p00,hardzero_only,0.06,37,1013,0.0,11,0.25605834,0.26444042,0.85479903,0.13970146,0.13970146,1.0,0.008382088,0.06,-24.065117,1.8805954,0.62686515,0.272,0.0,0.16049694,0.0,0.0,3244800
hardzero_only__c0p58__z1p00__lam0p000__nu0p50__psi0p00,hardzero_only,0.06,37,1014,0.0,11,0.26444042,0.27240038,0.87724006,0.1326661,0.1326661,1.0,0.007959966,0.06,-25.626957,1.9299667,0.6433222,0.29999998,0.0,0.1819273,0.0,0.0,3248000
hardzero_only__c0p58__z1p00__lam0p000__nu0p50__psi0p00,hardzero_only,0.06,37,1015,0.0,11,0.27240038,0.2814375,0.8221222,0.1506183,0.1506183,1.0,0.009037098,0.06,-24.748188,1.808705,0.6029017,0.24000001,0.0,0.17845604,0.0,0.0,3251200
hardzero_only__c0p58__z1p00__lam0p000__nu0p50__psi0p00,hardzero_only,0.06,37,1016,0.0,11,0.2814375,0.28889373,0.90563035,0.12427095,0.12427095,1.0,0.007456257,0.06,-26.032038,1.9924265,0.6641422,0.15200001,0.0,0.18908434,0.0,0.0,3254400
hardzero_only__c0p58__z1p00__lam0p000__nu0p50__psi0p00,hardzero_only,0.06,37,1017,0.0,11,0.28889373,0.29664567,0.88874084,0.12919898,0.12919898,1.0,0.007751939,0.06,-25.483007,1.9552689,0.6517563,0.2,0.0,0.1748561,0.0,0.0,3257600
hardzero_only__c0p58__z1p00__lam0p000__nu0p50__psi0p00,hardzero_only,0.06,37,1018,0.0,11,0.29664567,0.30466273,0.8741362,0.13361762,0.13361762,1.0,0.008017058,0.06,-25.595472,1.923138,0.64104605,0.208,0.0,0.18038633,0.0,0.0,3260800
hardzero_only__c0p58__z1p00__lam0p000__nu0p50__psi0p00,hardzero_only,0.06,37,1019,0.0,11,0.30466273,0.3138217,0.8163049,0.15264939,0.15264939,1.0,0.009158963,0.06,-24.486307,1.7959067,0.59863555,0.23200001,0.0,0.16557832,0.0,0.0,3264000
hardzero_only__c0p58__z1p00__lam0p000__nu0p50__psi0p00,hardzero_only,0.06,37,1020,0.0,11,0.3138217,0.32149753,0.8930261,0.12793043,0.12793043,1.0,0.0076758256,0.06,-25.27577,1.9646966,0.6548989,0.112,0.0,0.17157306,0.0,0.0,3267200
hardzero_only__c0p58__z1p00__lam0p000__nu0p50__psi0p00,hardzero_only,0.06,37,1021,0.0,11,0.32149753,0.32986394,0.8556123,0.1394401,0.1394401,1.0,0.008366406,0.06,-24.876022,1.8823847,0.62746155,0.208,0.0,0.16286239,0.0,0.0,3270400
hardzero_only__c0p58__z1p00__lam0p000__nu0p50__psi0p00,hardzero_only,0.06,37,1022,0.0,11,0.32986394,0.33704153,0.9221719,0.1196267,0.1196267,1.0,0.007177602,0.06,-25.938534,2.0288186,0.67627287,0.15200001,0.0,0.16651827,0.0,0.0,3273600
hardzero_only__c0p58__z1p00__lam0p000__nu0p50__psi0p00,hardzero_only,0.06,37,1023,0.0,11,0.33704153,0.3455173,0.84997195,0.14126287,0.14126287,1.0,0.008475772,0.06,-25.480083,1.8699757,0.6233252,0.2,0.0,0.1729376,0.0,0.0,3276800
hardzero_only__c0p58__z1p00__lam0p000__nu0p50__psi0p00,hardzero_only,0.06,37,1024,0.0,11,0.3455173,0.35406625,0.8462381,0.14248262,0.14248262,1.0,0.008548957,0.06,-24.787785,1.861761,0.620587,0.28,0.0,0.17260206,0.0,0.0,3280000
hardzero_only__c0p58__z1p00__lam0p000__nu0p50__psi0p00,hardzero_only,0.06,37,1025,0.0,11,0.35406625,0.36293694,0.8301936,0.14784491,0.14784491,1.0,0.008870695,0.06,-24.79341,1.8264624,0.6088208,0.312,0.0,0.16840057,0.0,0.0,3283200
hardzero_only__c0p58__z1p00__lam0p000__nu0p50__psi0p00,hardzero_only,0.06,37,1026,0.0,11,0.36293694,0.37172997,0.8340122,0.14655064,0.14655064,1.0,0.008793038,0.06,-23.937677,1.8348635,0.6116212,0.23200001,0.0,0.17050965,0.0,0.0,3286400
hardzero_only__c0p58__z1p00__lam0p000__nu0p50__psi0p00,hardzero_only,0.06,37,1027,0.0,11,0.37172997,0.38010105,0.85536975,0.139518,0.139518,1.0,0.008371079,0.06,-25.053583,1.881851,0.6272837,0.22,0.0,0.16507329,0.0,0.0,3289600
hardzero_only__c0p58__z1p00__lam0p000__nu0p50__psi0p00,hardzero_only,0.06,37,1028,0.0,11,0.38010105,0.38833484,0.86255205,0.13722965,0.13722965,1.0,0.008233779,0.06,-25.379456,1.8976524,0.63255084,0.192,0.0,0.19263077,0.0,0.0,3292800
hardzero_only__c0p58__z1p00__lam0p000__nu0p50__psi0p00,hardzero_only,0.06,37,1029,0.0,11,0.38833484,0.39667526,0.856964,0.1390068,0.1390068,1.0,0.008340407,0.06,-24.577845,1.8853585,0.62845284,0.192,0.0,0.1783759,0.0,0.0,3296000
hardzero_only__c0p58__z1p00__lam0p000__nu0p50__psi0p00,hardzero_only,0.06,37,1030,0.0,11,0.39667526,0.40507036,0.8541254,0.13991833,0.13991833,1.0,0.008395099,0.06,-25.553228,1.8791133,0.62637115,0.256,0.0,0.1723214,0.0,0.0,3299200
hardzero_only__c0p58__z1p00__lam0p000__nu0p50__psi0p00,hardzero_only,0.06,37,1031,0.0,11,0.40507036,0.41311142,0.87283844,0.13401753,0.13401753,1.0,0.008041051,0.06,-25.132845,1.920283,0.64009434,0.16000001,0.0,0.1687884,0.0,0.0,3302400
hardzero_only__c0p58__z1p00__lam0p000__nu0p50__psi0p00,hardzero_only,0.06,37,1032,0.0,11,0.41311142,0.42204186,0.82727814,0.14884076,0.14884076,1.0,0.008930445,0.06,-23.925861,1.8200482,0.6066828,0.272,0.0,0.1920855,0.0,0.0,3305600
hardzero_only__c0p58__z1p00__lam0p000__nu0p50__psi0p00,hardzero_only,0.06,37,1033,0.0,11,0.42204186,0.43079978,0.83574975,0.1459655,0.1459655,1.0,0.00875793,0.06,-24.777777,1.8386861,0.61289537,0.24800001,0.0,0.18776701,0.0,0.0,3308800
hardzero_only__c0p58__z1p00__lam0p000__nu0p50__psi0p00,hardzero_only,0.06,37,1034,0.0,11,0.43079978,0.4396625,0.83058435,0.14771195,0.14771195,1.0,0.008862717,0.06,-24.182903,1.827322,0.6091074,0.24000001,0.0,0.16452736,0.0,0.0,3312000
hardzero_only__c0p58__z1p00__lam0p000__nu0p50__psi0p00,hardzero_only,0.06,37,1035,0.0,11,0.4396625,0.4476635,0.87500703,0.13334998,0.13334998,1.0,0.008000999,0.06,-25.584064,1.925054,0.64168465,0.2,0.0,0.17849971,0.0,0.0,3315200
hardzero_only__c0p58__z1p00__lam0p000__nu0p50__psi0p00,hardzero_only,0.06,37,1036,0.0,11,0.4476635,0.45597276,0.85858786,0.138488,0.138488,1.0,0.00830928,0.06,-24.81181,1.888931,0.6296437,0.216,0.0,0.18426555,0.0,0.0,3318400
hardzero_only__c0p58__z1p00__lam0p000__nu0p50__psi0p00,hardzero_only,0.06,37,1037,0.0,11,0.45597276,0.46497187,0.8239519,0.14998509,0.14998509,1.0,0.008999106,0.06,-25.066366,1.8127303,0.60424346,0.272,0.0,0.18491071,0.0,0.0,3321600
hardzero_only__c0p58__z1p00__lam0p000__nu0p50__psi0p00,hardzero_only,0.06,37,1038,0.0,11,0.46497187,0.47357717,0.8433854,0.14342162,0.14342162,1.0,0.008605297,0.06,-24.732828,1.855485,0.618495,0.23200001,0.0,0.16727264,0.0,0.0,3324800
hardzero_only__c0p58__z1p00__lam0p000__nu0p50__psi0p00,hardzero_only,0.06,37,1039,0.0,11,0.47357717,0.48187128,0.85938215,0.13823494,0.13823494,1.0,0.008294096,0.06,-24.615747,1.8906785,0.6302262,0.216,0.008,0.17924179,0.0,0.0,3328000
hardzero_only__c0p58__z1p00__lam0p000__nu0p50__psi0p00,hardzero_only,0.06,37,1040,0.0,11,0.48187128,0.49006948,0.8644324,0.13663676,0.13663676,1.0,0.008198205,0.06,-25.30457,1.9017892,0.6339297,0.22,0.0,0.15422183,0.0,0.0,3331200
hardzero_only__c0p58__z1p00__lam0p000__nu0p50__psi0p00,hardzero_only,0.06,37,1041,0.0,11,0.49006948,0.49900126,0.8272132,0.148863,0.148863,1.0,0.00893178,0.06,-24.789074,1.8199054,0.60663515,0.2,0.0,0.18244714,0.0,0.0,3334400
hardzero_only__c0p58__z1p00__lam0p000__nu0p50__psi0p00,hardzero_only,0.06,37,1042,0.0,11,0.49900126,0.50750476,0.84855396,0.14172485,0.14172485,1.0,0.008503491,0.06,-24.980803,1.866856,0.62228537,0.18400002,0.0,0.16590416,0.0,0.0,3337600
hardzero_only__c0p58__z1p00__lam0p000__nu0p50__psi0p00,hardzero_only,0.06,37,1043,0.0,11,0.50750476,0.51626074,0.83584565,0.14593329,0.14593329,1.0,0.008755997,0.06,-24.375008,1.8388971,0.6129657,0.36800003,0.0,0.17302825,0.0,0.0,3340800
hardzero_only__c0p58__z1p00__lam0p000__nu0p50__psi0p00,hardzero_only,0.06,37,1044,0.0,11,0.51626074,0.52428657,0.87366027,0.13376415,0.13376415,1.0,0.008025848,0.06,-24.451042,1.922091,0.640697,0.192,0.0,0.1588102,0.0,0.0,3344000
hardzero_only__c0p58__z1p00__lam0p000__nu0p50__psi0p00,hardzero_only,0.06,37,1045,0.0,11,0.52428657,0.533332,0.8217214,0.15075739,0.15075739,1.0,0.0090454435,0.06,-24.709774,1.8078231,0.6026077,0.28,0.0,0.18862128,0.0,0.0,3347200
hardzero_only__c0p58__z1p00__lam0p000__nu0p50__psi0p00,hardzero_only,0.06,37,1046,0.0,11,0.533332,0.541567,0.862485,0.13725083,0.13725083,1.0,0.008235049,0.06,-25.041037,1.8975048,0.6325016,0.272,0.0,0.17514274,0.0,0.0,3350400
hardzero_only__c0p58__z1p00__lam0p000__nu0p50__psi0p00,hardzero_only,0.06,37,1047,0.0,11,0.541567,0.5495973,0.87341917,0.13383843,0.13383843,1.0,0.008030306,0.06,-26.256279,1.9215605,0.6405202,0.24000001,0.0,0.17938842,0.0,0.0,3353600
hardzero_only__c0p58__z1p00__lam0p000__nu0p50__psi0p00,hardzero_only,0.06,37,1048,0.0,11,0.5495973,0.5575902,0.8754481,0.13321461,0.13321461,1.0,0.007992877,0.06,-24.869734,1.9260243,0.6420081,0.2,0.0,0.18090437,0.0,0.0,3356800
hardzero_only__c0p58__z1p00__lam0p000__nu0p50__psi0p00,hardzero_only,0.06,37,1049,0.0,11,0.5575902,0.5658864,0.859273,0.1382697,0.1382697,1.0,0.008296181,0.06,-24.813251,1.8904383,0.63014615,0.192,0.0,0.20083982,0.0,0.0,3360000
hardzero_only__c0p58__z1p00__lam0p000__nu0p50__psi0p00,hardzero_only,0.06,37,1050,0.0,11,0.5658864,0.5743273,0.85176176,0.1406819,0.1406819,1.0,0.008440914,0.06,-24.6328,1.8739133,0.6246378,0.17600001,0.0,0.17068757,0.0,0.0,3363200
hardzero_only__c0p58__z1p00__lam0p000__nu0p50__psi0p00,hardzero_only,0.06,37,1051,0.0,11,0.5743273,0.58309555,0.83523875,0.14613734,0.14613734,1.0,0.00876824,0.06,-24.616114,1.837562,0.6125207,0.24800001,0.0,0.16867764,0.0,0.0,3366400
hardzero_only__c0p58__z1p00__lam0p000__nu0p50__psi0p00,hardzero_only,0.06,37,1052,1.0,12,0.58309555,0.011361941,0.8608362,0.13777289,0.13777289,1.0,0.008266374,0.06,-26.121132,1.8938775,0.6312925,0.208,0.0,0.20965758,0.0,0.0,3369600
hardzero_only__c0p58__z1p00__lam0p000__nu0p50__psi0p00,hardzero_only,0.06,37,1053,0.0,12,0.011361941,0.019943425,0.8445888,0.14302474,0.14302474,1.0,0.008581485,0.06,-24.899878,1.8581325,0.6193775,0.32999998,0.0,0.19950005,0.0,0.0,3372800
hardzero_only__c0p58__z1p00__lam0p000__nu0p50__psi0p00,hardzero_only,0.06,37,1054,0.0,12,0.019943425,0.028060302,0.86876225,0.13528128,0.13528128,1.0,0.008116877,0.06,-25.043392,1.9113151,0.63710505,0.112,0.0,0.1996846,0.0,0.0,3376000
hardzero_only__c0p58__z1p00__lam0p000__nu0p50__psi0p00,hardzero_only,0.06,37,1055,0.0,12,0.028060302,0.037169788,0.8186573,0.15182479,0.15182479,1.0,0.009109487,0.06,-24.556934,1.801082,0.6003607,0.224,0.0,0.19575943,0.0,0.0,3379200
hardzero_only__c0p58__z1p00__lam0p000__nu0p50__psi0p00,hardzero_only,0.06,37,1056,0.0,12,0.037169788,0.045690876,0.84765625,0.14201811,0.14201811,1.0,0.008521087,0.06,-24.894348,1.864881,0.62162703,0.208,0.0,0.20969743,0.0,0.0,3382400
hardzero_only__c0p58__z1p00__lam0p000__nu0p50__psi0p00,hardzero_only,0.06,37,1057,0.0,12,0.045690876,0.053783946,0.87003785,0.13488454,0.13488454,1.0,0.008093072,0.06,-24.709955,1.9141215,0.63804054,0.256,0.0,0.18579555,0.0,0.0,3385600
hardzero_only__c0p58__z1p00__lam0p000__nu0p50__psi0p00,hardzero_only,0.06,37,1058,0.0,12,0.053783946,0.06298649,0.8142432,0.15337579,0.15337579,1.0,0.009202547,0.06,-23.887915,1.7913709,0.5971236,0.224,0.0,0.20415492,0.0,0.0,3388800
hardzero_only__c0p58__z1p00__lam0p000__nu0p50__psi0p00,hardzero_only,0.06,37,1059,0.0,12,0.06298649,0.07053285,0.9004138,0.12577266,0.12577266,1.0,0.007546359,0.06,-26.274586,1.98095,0.6603167,0.216,0.0,0.21197596,0.0,0.0,3392000
hardzero_only__c0p58__z1p00__lam0p000__nu0p50__psi0p00,hardzero_only,0.06,37,1060,0.0,12,0.07053285,0.079825506,0.81001145,0.15487759,0.15487759,1.0,0.009292655,0.06,-24.221292,1.7820607,0.59402025,0.264,0.0,0.19124827,0.0,0.0,3395200
hardzero_only__c0p58__z1p00__lam0p000__nu0p50__psi0p00,hardzero_only,0.06,37,1061,0.0,12,0.079825506,0.088821486,0.8241029,0.14993297,0.14993297,1.0,0.008995978,0.06,-24.704807,1.8130625,0.6043542,0.224,0.0,0.20295262,0.0,0.0,3398400
hardzero_only__c0p58__z1p00__lam0p000__nu0p50__psi0p00,hardzero_only,0.06,37,1062,0.0,12,0.088821486,0.0972358,0.85313237,0.14023861,0.14023861,1.0,0.008414317,0.06,-25.154318,1.8769287,0.6256429,0.216,0.0,0.19392215,0.0,0.0,3401600
hardzero_only__c0p58__z1p00__lam0p000__nu0p50__psi0p00,hardzero_only,0.06,37,1063,0.0,12,0.0972358,0.10548893,0.86153233,0.13755223,0.13755223,1.0,0.008253134,0.06,-25.789845,1.895409,0.63180304,0.23200001,0.0,0.19585066,0.0,0.0,3404800
hardzero_only__c0p58__z1p00__lam0p000__nu0p50__psi0p00,hardzero_only,0.06,37,1064,0.0,12,0.10548893,0.1134515,0.87709785,0.13270955,0.13270955,1.0,0.007962572,0.06,-25.151552,1.9296538,0.6432179,0.18400002,0.0,0.18211548,0.0,0.0,3408000
hardzero_only__c0p58__z1p00__lam0p000__nu0p50__psi0p00,hardzero_only,0.06,37,1065,0.0,12,0.1134515,0.12176274,0.85848594,0.13852051,0.13852051,1.0,0.008311231,0.06,-25.053497,1.8887068,0.62956893,0.192,0.0,0.21520805,0.0,0.0,3411200
hardzero_only__c0p58__z1p00__lam0p000__nu0p50__psi0p00,hardzero_only,0.06,37,1066,0.0,12,0.12176274,0.13014238,0.8549257,0.13966072,0.13966072,1.0,0.008379643,0.06,-24.375244,1.880874,0.626958,0.22,0.0,0.1803665,0.0,0.0,3414400
hardzero_only__c0p58__z1p00__lam0p000__nu0p50__psi0p00,hardzero_only,0.06,37,1067,0.0,12,0.13014238,0.13783619,0.8920097,0.12823021,0.12823021,1.0,0.0076938127,0.06,-25.721249,1.9624605,0.6541535,0.136,0.0,0.1921465,0.0,0.0,3417600
hardzero_only__c0p58__z1p00__lam0p000__nu0p50__psi0p00,hardzero_only,0.06,37,1068,0.0,12,0.13783619,0.14699274,0.8164192,0.15260923,0.15260923,1.0,0.009156554,0.06,-24.993189,1.7961581,0.59871936,0.272,0.008,0.20907263,0.0,0.0,3420800
hardzero_only__c0p58__z1p00__lam0p000__nu0p50__psi0p00,hardzero_only,0.06,37,1069,0.0,12,0.14699274,0.15652068,0.79915226,0.15879898,0.15879898,1.0,0.009527938,0.06,-24.209051,1.7581701,0.5860567,0.33600003,0.0,0.18160848,0.0,0.0,3424000
hardzero_only__c0p58__z1p00__lam0p000__nu0p50__psi0p00,hardzero_only,0.06,37,1070,0.0,12,0.15652068,0.1651657,0.8413853,0.14408365,0.14408365,1.0,0.008645019,0.06,-25.066404,1.8510846,0.61702824,0.224,0.0,0.18785986,0.0,0.0,3427200
hardzero_only__c0p58__z1p00__lam0p000__nu0p50__psi0p00,hardzero_only,0.06,37,1071,0.0,12,0.1651657,0.17410193,0.82699645,0.14893731,0.14893731,1.0,0.0089362385,0.06,-24.72527,1.8194286,0.6064762,0.2,0.0,0.19514202,0.0,0.0,3430400
hardzero_only__c0p58__z1p00__lam0p000__nu0p50__psi0p00,hardzero_only,0.06,37,1072,0.0,12,0.17410193,0.1827532,0.8410715,0.1441878,0.1441878,1.0,0.008651268,0.06,-25.029549,1.8503942,0.6167981,0.16800001,0.0,0.18321161,0.0,0.0,3433600
hardzero_only__c0p58__z1p00__lam0p000__nu0p50__psi0p00,hardzero_only,0.06,37,1073,0.0,12,0.1827532,0.19201979,0.81123126,0.15444319,0.15444319,1.0,0.009266591,0.06,-23.874182,1.7847444,0.5949148,0.216,0.0,0.18668477,0.0,0.0,3436800
hardzero_only__c0p58__z1p00__lam0p000__nu0p50__psi0p00,hardzero_only,0.06,37,1074,0.0,12,0.19201979,0.1997039,0.8925577,0.12806849,0.12806849,1.0,0.0076841093,0.06,-25.91774,1.9636661,0.6545554,0.18400002,0.0,0.22599137,0.0,0.0,3440000
hardzero_only__c0p58__z1p00__lam0p000__nu0p50__psi0p00,hardzero_only,0.06,37,1075,0.0,12,0.1997039,0.20833343,0.8421642,0.14382547,0.14382547,1.0,0.008629528,0.06,-25.407232,1.8527982,0.6175994,0.264,0.0,0.19910772,0.0,0.0,3443200
hardzero_only__c0p58__z1p00__lam0p000__nu0p50__psi0p00,hardzero_only,0.06,37,1076,0.0,12,0.20833343,0.21719866,0.8304614,0.14775378,0.14775378,1.0,0.008865226,0.06,-24.053162,1.8270515,0.6090172,0.24800001,0.0,0.19162524,0.0,0.0,3446400
hardzero_only__c0p58__z1p00__lam0p000__nu0p50__psi0p00,hardzero_only,0.06,37,1077,0.0,12,0.21719866,0.2260029,0.83345914,0.14673741,0.14673741,1.0,0.008804245,0.06,-24.861145,1.8336468,0.6112156,0.2,0.0,0.19494943,0.0,0.0,3449600
hardzero_only__c0p58__z1p00__lam0p000__nu0p50__psi0p00,hardzero_only,0.06,37,1078,0.0,12,0.2260029,0.2344157,0.85321134,0.14021312,0.14021312,1.0,0.008412787,0.06,-24.359615,1.8771024,0.62570083,0.264,0.0,0.21338364,0.0,0.0,3452800
hardzero_only__c0p58__z1p00__lam0p000__nu0p50__psi0p00,hardzero_only,0.06,37,1079,0.0,12,0.2344157,0.24356328,0.81684476,0.15245976,0.15245976,1.0,0.009147585,0.06,-24.249949,1.7970943,0.59903145,0.19999999,0.0,0.17114541,0.0,0.0,3456000
hardzero_only__c0p58__z1p00__lam0p000__nu0p50__psi0p00,hardzero_only,0.06,37,1080,0.0,12,0.24356328,0.2529552,0.80539626,0.15653221,0.15653221,1.0,0.009391933,0.06,-24.460932,1.7719072,0.5906358,0.24000001,0.0,0.20231177,0.0,0.0,3459200
hardzero_only__c0p58__z1p00__lam0p000__nu0p50__psi0p00,hardzero_only,0.06,37,1081,0.0,12,0.2529552,0.2620288,0.82037055,0.15122704,0.15122704,1.0,0.0090736225,0.06,-24.588057,1.8048513,0.6016171,0.24800001,0.0,0.18336447,0.0,0.0,3462400
hardzero_only__c0p58__z1p00__lam0p000__nu0p50__psi0p00,hardzero_only,0.06,37,1082,0.0,12,0.2620288,0.270443,0.8531392,0.14023641,0.14023641,1.0,0.008414185,0.06,-24.901657,1.8769437,0.6256479,0.224,0.0,0.20893939,0.0,0.0,3465600
hardzero_only__c0p58__z1p00__lam0p000__nu0p50__psi0p00,hardzero_only,0.06,37,1083,0.0,12,0.270443,0.27959934,0.8164291,0.15260576,0.15260576,1.0,0.009156345,0.06,-25.03384,1.7961799,0.59872663,0.296,0.008,0.20497747,0.0,0.0,3468800
hardzero_only__c0p58__z1p00__lam0p000__nu0p50__psi0p00,hardzero_only,0.06,37,1084,0.0,12,0.27959934,0.28850877,0.82830137,0.14849049,0.14849049,1.0,0.008909429,0.06,-23.679276,1.8222994,0.60743314,0.216,0.0,0.18698123,0.0,0.0,3472000
hardzero_only__c0p58__z1p00__lam0p000__nu0p50__psi0p00,hardzero_only,0.06,37,1085,0.0,12,0.28850877,0.2964473,0.878411,0.13230887,0.13230887,1.0,0.007938532,0.06,-25.877222,1.9325428,0.64418095,0.216,0.0,0.19366151,0.0,0.0,3475200
hardzero_only__c0p58__z1p00__lam0p000__nu0p50__psi0p00,hardzero_only,0.06,37,1086,0.0,12,0.2964473,0.30550116,0.8213177,0.15089759,0.15089759,1.0,0.009053855,0.06,-25.01188,1.806935,0.6023117,0.28800002,0.0,0.19522336,0.0,0.0,3478400
hardzero_only__c0p58__z1p00__lam0p000__nu0p50__psi0p00,hardzero_only,0.06,37,1087,0.0,12,0.30550116,0.31474757,0.81217843,0.1541067,0.1541067,1.0,0.009246402,0.06,-24.537832,1.7868283,0.5956094,0.264,0.0,0.19858724,0.0,0.0,3481600
hardzero_only__c0p58__z1p00__lam0p000__nu0p50__psi0p00,hardzero_only,0.06,37,1088,0.0,12,0.31474757,0.322243,0.90335447,0.12492391,0.12492391,1.0,0.0074954345,0.06,-25.737017,1.9874195,0.6624732,0.216,0.008,0.19324465,0.0,0.0,3484800
hardzero_only__c0p58__z1p00__lam0p000__nu0p50__psi0p00,hardzero_only,0.06,37,1089,0.0,12,0.322243,0.33049095,0.8618062,0.13746552,0.13746552,1.0,0.0082479315,0.06,-25.205088,1.8960116,0.6320039,0.224,0.0,0.18377198,0.0,0.0,3488000
hardzero_only__c0p58__z1p00__lam0p000__nu0p50__psi0p00,hardzero_only,0.06,37,1090,0.0,12,0.33049095,0.3397719,0.81055933,0.15468231,0.15468231,1.0,0.009280939,0.06,-24.518358,1.7832662,0.5944221,0.264,0.0,0.1870039,0.0,0.0,3491200
hardzero_only__c0p58__z1p00__lam0p000__nu0p50__psi0p00,hardzero_only,0.06,37,1091,0.0,12,0.3397719,0.348319,0.8463329,0.14245152,0.14245152,1.0,0.008547091,0.06,-24.918833,1.8619696,0.62065655,0.224,0.0,0.19273593,0.0,0.0,3494400
hardzero_only__c0p58__z1p00__lam0p000__nu0p50__psi0p00,hardzero_only,0.06,37,1092,0.0,12,0.348319,0.35657564,0.861348,0.13761064,0.13761064,1.0,0.008256638,0.06,-25.345354,1.8950033,0.6316678,0.21,0.0,0.17553703,0.0,0.0,3497600
hardzero_only__c0p58__z1p00__lam0p000__nu0p50__psi0p00,hardzero_only,0.06,37,1093,0.0,12,0.35657564,0.36568794,0.8185231,0.15187171,0.15187171,1.0,0.009112302,0.06,-24.561937,1.8007867,0.6002623,0.23200001,0.0,0.19377461,0.0,0.0,3500800
hardzero_only__c0p58__z1p00__lam0p000__nu0p50__psi0p00,hardzero_only,0.06,37,1094,0.0,12,0.36568794,0.37419775,0.84823084,0.14183034,0.14183034,1.0,0.00850982,0.06,-25.379383,1.8661451,0.6220484,0.216,0.0,0.22772263,0.0,0.0,3504000
hardzero_only__c0p58__z1p00__lam0p000__nu0p50__psi0p00,hardzero_only,0.06,37,1095,0.0,12,0.37419775,0.38238275,0.8651321,0.13641681,0.13641681,1.0,0.008185009,0.06,-24.852491,1.9033287,0.6344429,0.296,0.0,0.18428445,0.0,0.0,3507200
hardzero_only__c0p58__z1p00__lam0p000__nu0p50__psi0p00,hardzero_only,0.06,37,1096,0.0,12,0.38238275,0.39151555,0.8175471,0.15221341,0.15221341,1.0,0.009132804,0.06,-24.94947,1.7986395,0.59954655,0.296,0.0,0.20298572,0.0,0.0,3510400
hardzero_only__c0p58__z1p00__lam0p000__nu0p50__psi0p00,hardzero_only,0.06,37,1097,0.0,12,0.39151555,0.40021563,0.8386282,0.14500128,0.14500128,1.0,0.0087000765,0.06,-24.674196,1.8450189,0.6150063,0.208,0.0,0.1916444,0.0,0.0,3513600
hardzero_only__c0p58__z1p00__lam0p000__nu0p50__psi0p00,hardzero_only,0.06,37,1098,0.0,12,0.40021563,0.40853286,0.8581718,0.13862073,0.13862073,1.0,0.008317244,0.06,-25.061745,1.8880157,0.6293386,0.216,0.0,0.2077164,0.0,0.0,3516800
hardzero_only__c0p58__z1p00__lam0p000__nu0p50__psi0p00,hardzero_only,0.06,37,1099,0.0,12,0.40853286,0.41582412,0.91534865,0.121520996,0.121520996,1.0,0.0072912597,0.06,-25.863392,2.0138073,0.6712691,0.096,0.0,0.16809647,0.0,0.0,3520000
hardzero_only__c0p58__z1p00__lam0p000__nu0p50__psi0p00,hardzero_only,0.06,37,1100,0.0,12,0.41582412,0.4249545,0.8176619,0.15217318,0.15217318,1.0,0.00913039,0.06,-24.498463,1.798892,0.5996307,0.312,0.0,0.19622403,0.0,0.0,3523200
hardzero_only__c0p58__z1p00__lam0p000__nu0p50__psi0p00,hardzero_only,0.06,37,1101,0.0,12,0.4249545,0.4332579,0.8588946,0.13839021,0.13839021,1.0,0.008303412,0.06,-24.850552,1.8896058,0.6298686,0.24000001,0.008,0.18302546,0.0,0.0,3526400
hardzero_only__c0p58__z1p00__lam0p000__nu0p50__psi0p00,hardzero_only,0.06,37,1102,0.0,12,0.4332579,0.44238943,0.8176074,0.15219226,0.15219226,1.0,0.009131536,0.06,-24.71568,1.7987722,0.5995908,0.28,0.0,0.19684695,0.0,0.0,3529600
hardzero_only__c0p58__z1p00__lam0p000__nu0p50__psi0p00,hardzero_only,0.06,37,1103,0.0,12,0.44238943,0.45094612,0.84584594,0.14261134,0.14261134,1.0,0.00855668,0.06,-24.328337,1.8608983,0.62029946,0.2,0.0,0.18415345,0.0,0.0,3532800
hardzero_only__c0p58__z1p00__lam0p000__nu0p50__psi0p00,hardzero_only,0.06,37,1104,0.0,12,0.45094612,0.45898953,0.8727109,0.13405687,0.13405687,1.0,0.008043412,0.06,-26.2727,1.9200023,0.6400008,0.24800001,0.0,0.19615418,0.0,0.0,3536000
hardzero_only__c0p58__z1p00__lam0p000__nu0p50__psi0p00,hardzero_only,0.06,37,1105,0.0,12,0.45898953,0.4680073,0.8230529,0.15029588,0.15029588,1.0,0.0090177525,0.06,-25.099892,1.8107525,0.6035842,0.32999998,0.01,0.20387751,0.0,0.0,3539200
hardzero_only__c0p58__z1p00__lam0p000__nu0p50__psi0p00,hardzero_only,0.06,37,1106,0.0,12,0.4680073,0.4772751,0.8111743,0.15446344,0.15446344,1.0,0.009267806,0.06,-24.625113,1.784619,0.594873,0.272,0.0,0.18439813,0.0,0.0,3542400
hardzero_only__c0p58__z1p00__lam0p000__nu0p50__psi0p00,hardzero_only,0.06,37,1107,0.0,12,0.4772751,0.4859109,0.841849,0.14392988,0.14392988,1.0,0.008635793,0.06,-25.227293,1.8521049,0.61736834,0.28800002,0.008,0.2021467,0.0,0.0,3545600
hardzero_only__c0p58__z1p00__lam0p000__nu0p50__psi0p00,hardzero_only,0.06,37,1108,0.0,12,0.4859109,0.49460605,0.8388736,0.14491935,0.14491935,1.0,0.008695161,0.06,-25.464647,1.8455589,0.61518633,0.28800002,0.008,0.18938467,0.0,0.0,3548800
hardzero_only__c0p58__z1p00__lam0p000__nu0p50__psi0p00,hardzero_only,0.06,37,1109,0.0,12,0.49460605,0.50353676,0.82726645,0.14884476,0.14884476,1.0,0.008930686,0.06,-24.855247,1.8200226,0.6066742,0.224,0.0,0.19873396,0.0,0.0,3552000
hardzero_only__c0p58__z1p00__lam0p000__nu0p50__psi0p00,hardzero_only,0.06,37,1110,0.0,12,0.50353676,0.5124795,0.8266802,0.14904583,0.14904583,1.0,0.008942749,0.06,-24.064064,1.8187327,0.60624427,0.16800001,0.0,0.19554,0.0,0.0,3555200
hardzero_only__c0p58__z1p00__lam0p000__nu0p50__psi0p00,hardzero_only,0.06,37,1111,0.0,12,0.5124795,0.52028257,0.88588613,0.13005105,0.13005105,1.0,0.0078030624,0.06,-25.661713,1.9489884,0.64966285,0.136,0.0,0.188054,0.0,0.0,3558400
hardzero_only__c0p58__z1p00__lam0p000__nu0p50__psi0p00,hardzero_only,0.06,37,1112,0.0,12,0.52028257,0.5279399,0.89407367,0.12762223,0.12762223,1.0,0.0076573337,0.06,-25.347042,1.9670013,0.6556671,0.2,0.0,0.2110447,0.0,0.0,3561600
hardzero_only__c0p58__z1p00__lam0p000__nu0p50__psi0p00,hardzero_only,0.06,37,1113,0.0,12,0.5279399,0.53723365,0.8099621,0.15489519,0.15489519,1.0,0.009293711,0.06,-24.633524,1.7819521,0.59398407,0.216,0.0,0.20092398,0.0,0.0,3564800
hardzero_only__c0p58__z1p00__lam0p000__nu0p50__psi0p00,hardzero_only,0.06,37,1114,0.0,12,0.53723365,0.5464846,0.8119659,0.15418215,0.15418215,1.0,0.009250929,0.06,-24.929138,1.7863606,0.59545356,0.216,0.0,0.19694172,0.0,0.0,3568000
hardzero_only__c0p58__z1p00__lam0p000__nu0p50__psi0p00,hardzero_only,0.06,37,1115,0.0,12,0.5464846,0.5542581,0.88753307,0.12955882,0.12955882,1.0,0.007773529,0.06,-26.168877,1.9526118,0.6508706,0.208,0.008,0.205486,0.0,0.0,3571200
hardzero_only__c0p58__z1p00__lam0p000__nu0p50__psi0p00,hardzero_only,0.06,37,1116,0.0,12,0.5542581,0.5631508,0.8291179,0.14821157,0.14821157,1.0,0.008892694,0.06,-24.733786,1.8240957,0.6080319,0.24000001,0.0,0.18641701,0.0,0.0,3574400
hardzero_only__c0p58__z1p00__lam0p000__nu0p50__psi0p00,hardzero_only,0.06,37,1117,0.0,12,0.5631508,0.57084,0.8922706,0.12815319,0.12815319,1.0,0.007689191,0.06,-26.032337,1.9630345,0.65434486,0.14400001,0.0,0.22040823,0.0,0.0,3577600
hardzero_only__c0p58__z1p00__lam0p000__nu0p50__psi0p00,hardzero_only,0.06,37,1118,0.0,12,0.57084,0.5799946,0.81651145,0.1525768,0.1525768,1.0,0.0091546085,0.06,-24.934711,1.7963611,0.59878707,0.19999999,0.0,0.19438587,0.0,0.0,3580800
hardzero_only__c0p58__z1p00__lam0p000__nu0p50__psi0p00,hardzero_only,0.06,37,1119,0.0,12,0.5799946,0.5871591,0.92296815,0.11940757,0.11940757,1.0,0.007164454,0.06,-26.470024,2.0305705,0.6768569,0.17600001,0.0,0.20197207,0.0,0.0,3584000
hardzero_only__c0p58__z1p00__lam0p000__nu0p50__psi0p00,hardzero_only,0.06,37,1120,1.0,13,0.5871591,0.016183708,0.8227235,0.15040992,0.15040992,1.0,0.009024595,0.06,-24.469227,1.8100278,0.60334265,0.24000001,0.0,0.19609077,0.0,0.0,3587200
hardzero_only__c0p58__z1p00__lam0p000__nu0p50__psi0p00,hardzero_only,0.06,37,1121,0.0,13,0.016183708,0.024916798,0.83698326,0.14555152,0.14555152,1.0,0.008733091,0.06,-25.31399,1.8413999,0.6138,0.208,0.0,0.2376846,0.0,0.0,3590400
hardzero_only__c0p58__z1p00__lam0p000__nu0p50__psi0p00,hardzero_only,0.06,37,1122,0.0,13,0.024916798,0.03385748,0.8267807,0.14901133,0.14901133,1.0,0.00894068,0.06,-24.65231,1.8189538,0.60631794,0.192,0.0,0.2188288,0.0,0.0,3593600
hardzero_only__c0p58__z1p00__lam0p000__nu0p50__psi0p00,hardzero_only,0.06,37,1123,0.0,13,0.03385748,0.042981643,0.8179582,0.1520694,0.1520694,1.0,0.0091241645,0.06,-24.844536,1.799544,0.59984803,0.33600003,0.0,0.22630417,0.0,0.0,3596800
hardzero_only__c0p58__z1p00__lam0p000__nu0p50__psi0p00,hardzero_only,0.06,37,1124,0.0,13,0.042981643,0.051433723,0.8511876,0.14086802,0.14086802,1.0,0.008452081,0.06,-25.262396,1.87265,0.6242167,0.224,0.0,0.24540685,0.0,0.0,3600000
hardzero_only__c0p58__z1p00__lam0p000__nu0p50__psi0p00,hardzero_only,0.06,37,1125,0.0,13,0.051433723,0.06103796,0.7956884,0.16007063,0.16007063,1.0,0.009604237,0.06,-23.834984,1.7505494,0.5835165,0.28,0.0,0.22160098,0.0,0.0,3603200
hardzero_only__c0p58__z1p00__lam0p000__nu0p50__psi0p00,hardzero_only,0.06,37,1126,0.0,13,0.06103796,0.069700584,0.84050196,0.14437701,0.14437701,1.0,0.008662621,0.06,-24.705954,1.8491412,0.61638045,0.264,0.0,0.22023773,0.0,0.0,3606400
hardzero_only__c0p58__z1p00__lam0p000__nu0p50__psi0p00,hardzero_only,0.06,37,1127,0.0,13,0.069700584,0.07889106,0.8148133,0.15317458,0.15317458,1.0,0.009190475,0.06,-24.813795,1.7926251,0.5975417,0.272,0.0,0.22689077,0.0,0.0,3609600
hardzero_only__c0p58__z1p00__lam0p000__nu0p50__psi0p00,hardzero_only,0.06,37,1128,0.0,13,0.07889106,0.087365165,0.85005736,0.1412351,0.1412351,1.0,0.008474106,0.06,-25.176977,1.8701636,0.6233879,0.23200001,0.0,0.21700542,0.0,0.0,3612800
hardzero_only__c0p58__z1p00__lam0p000__nu0p50__psi0p00,hardzero_only,0.06,37,1129,0.0,13,0.087365165,0.096304044,0.826868,0.14898138,0.14898138,1.0,0.0089388825,0.06,-24.330694,1.8191459,0.606382,0.272,0.008,0.22309479,0.0,0.0,3616000
hardzero_only__c0p58__z1p00__lam0p000__nu0p50__psi0p00,hardzero_only,0.06,37,1130,0.0,13,0.096304044,0.105395764,0.8195053,0.15152863,0.15152863,1.0,0.009091717,0.06,-24.825266,1.8029476,0.60098255,0.2,0.0,0.21947582,0.0,0.0,3619200
hardzero_only__c0p58__z1p00__lam0p000__nu0p50__psi0p00,hardzero_only,0.06,37,1131,0.0,13,0.105395764,0.11377244,0.8550798,0.13961115,0.13961115,1.0,0.008376669,0.06,-24.495325,1.8812132,0.6270711,0.17,0.0,0.20426343,0.0,0.0,3622400
hardzero_only__c0p58__z1p00__lam0p000__nu0p50__psi0p00,hardzero_only,0.06,37,1132,0.0,13,0.11377244,0.12290735,0.81744695,0.15224852,0.15224852,1.0,0.009134911,0.06,-24.350208,1.7984192,0.5994731,0.272,0.008,0.23611918,0.0,0.0,3625600
hardzero_only__c0p58__z1p00__lam0p000__nu0p50__psi0p00,hardzero_only,0.06,37,1133,0.0,13,0.12290735,0.13162333,0.837835,0.14526632,0.14526632,1.0,0.008715979,0.06,-25.26573,1.8432739,0.61442465,0.328,0.0,0.22911164,0.0,0.0,3628800
hardzero_only__c0p58__z1p00__lam0p000__nu0p50__psi0p00,hardzero_only,0.06,37,1134,0.0,13,0.13162333,0.14042178,0.8337451,0.1466408,0.1466408,1.0,0.008798448,0.06,-24.093513,1.8342758,0.6114253,0.208,0.0,0.22019334,0.0,0.0,3632000
hardzero_only__c0p58__z1p00__lam0p000__nu0p50__psi0p00,hardzero_only,0.06,37,1135,0.0,13,0.14042178,0.14995049,0.79911697,0.15881188,0.15881188,1.0,0.009528712,0.06,-24.13374,1.7580924,0.58603084,0.28,0.0,0.20884807,0.0,0.0,3635200
hardzero_only__c0p58__z1p00__lam0p000__nu0p50__psi0p00,hardzero_only,0.06,37,1136,0.0,13,0.14995049,0.15861301,0.8405066,0.14437546,0.14437546,1.0,0.008662527,0.06,-25.088007,1.8491515,0.61638385,0.24000001,0.0,0.21243718,0.0,0.0,3638400
hardzero_only__c0p58__z1p00__lam0p000__nu0p50__psi0p00,hardzero_only,0.06,37,1137,0.0,13,0.15861301,0.16796537,0.80723035,0.15587255,0.15587255,1.0,0.009352353,0.06,-24.703045,1.7759422,0.59198076,0.192,0.0,0.22825974,0.0,0.0,3641600
hardzero_only__c0p58__z1p00__lam0p000__nu0p50__psi0p00,hardzero_only,0.06,37,1138,0.0,13,0.16796537,0.17624241,0.8602762,0.13795064,0.13795064,1.0,0.008277038,0.06,-24.82577,1.8926455,0.63088185,0.224,0.0,0.22179602,0.0,0.0,3644800
hardzero_only__c0p58__z1p00__lam0p000__nu0p50__psi0p00,hardzero_only,0.06,37,1139,0.0,13,0.17624241,0.18479007,0.84630406,0.14246097,0.14246097,1.0,0.008547658,0.06,-25.090942,1.8619062,0.6206354,0.312,0.0,0.21540925,0.0,0.0,3648000
hardzero_only__c0p58__z1p00__lam0p000__nu0p50__psi0p00,hardzero_only,0.06,37,1140,0.0,13,0.18479007,0.19342831,0.84172606,0.14397064,0.14397064,1.0,0.0086382385,0.06,-24.815575,1.8518343,0.6172781,0.16800001,0.0,0.21515127,0.0,0.0,3651200
hardzero_only__c0p58__z1p00__lam0p000__nu0p50__psi0p00,hardzero_only,0.06,37,1141,0.0,13,0.19342831,0.20153949,0.86906743,0.13518627,0.13518627,1.0,0.008111176,0.06,-25.04904,1.9119866,0.63732886,0.24000001,0.0,0.20806533,0.0,0.0,3654400
hardzero_only__c0p58__z1p00__lam0p000__nu0p50__psi0p00,hardzero_only,0.06,37,1142,0.0,13,0.20153949,0.2094766,0.8784883,0.13228534,0.13228534,1.0,0.00793712,0.06,-26.091347,1.9327129,0.64423764,0.15200001,0.0,0.25039095,0.0,0.0,3657600
hardzero_only__c0p58__z1p00__lam0p000__nu0p50__psi0p00,hardzero_only,0.06,37,1143,0.0,13,0.2094766,0.21729659,0.8849456,0.130333,0.130333,1.0,0.00781998,0.06,-25.061415,1.9469191,0.64897305,0.256,0.0,0.23783089,0.0,0.0,3660800
hardzero_only__c0p58__z1p00__lam0p000__nu0p50__psi0p00,hardzero_only,0.06,37,1144,0.0,13,0.21729659,0.2269502,0.7934611,0.16089365,0.16089365,1.0,0.009653619,0.06,-23.5814,1.7456492,0.5818831,0.26999998,0.0,0.20192225,0.0,0.0,3664000
hardzero_only__c0p58__z1p00__lam0p000__nu0p50__psi0p00,hardzero_only,0.06,37,1145,0.0,13,0.2269502,0.2353116,0.8558723,0.13935666,0.13935666,1.0,0.008361399,0.06,-25.22512,1.8829566,0.6276522,0.256,0.0,0.20489073,0.0,0.0,3667200
hardzero_only__c0p58__z1p00__lam0p000__nu0p50__psi0p00,hardzero_only,0.06,37,1146,0.0,13,0.2353116,0.24347657,0.86619633,0.13608293,0.13608293,1.0,0.008164976,0.06,-25.434801,1.90567,0.6352234,0.28,0.0,0.23195483,0.0,0.0,3670400
hardzero_only__c0p58__z1p00__lam0p000__nu0p50__psi0p00,hardzero_only,0.06,37,1147,0.0,13,0.24347657,0.25234658,0.8302281,0.14783318,0.14783318,1.0,0.008869991,0.06,-25.305965,1.8265382,0.60884607,0.24000001,0.008,0.21046759,0.0,0.0,3673600
hardzero_only__c0p58__z1p00__lam0p000__nu0p50__psi0p00,hardzero_only,0.06,37,1148,0.0,13,0.25234658,0.261113,0.8353296,0.1461068,0.1461068,1.0,0.008766407,0.06,-24.547087,1.8377618,0.6125873,0.272,0.0,0.2203273,0.0,0.0,3676800
hardzero_only__c0p58__z1p00__lam0p000__nu0p50__psi0p00,hardzero_only,0.06,37,1149,0.0,13,0.261113,0.26989517,0.8345487,0.14636974,0.14636974,1.0,0.008782185,0.06,-24.465061,1.8360438,0.61201465,0.192,0.0,0.22585844,0.0,0.0,3680000
hardzero_only__c0p58__z1p00__lam0p000__nu0p50__psi0p00,hardzero_only,0.06,37,1150,0.0,13,0.26989517,0.27859008,0.83888525,0.14491546,0.14491546,1.0,0.008694927,0.06,-24.834166,1.8455844,0.6151948,0.18400002,0.0,0.23309512,0.0,0.0,3683200
hardzero_only__c0p58__z1p00__lam0p000__nu0p50__psi0p00,hardzero_only,0.06,37,1151,0.0,13,0.27859008,0.2867168,0.8682365,0.13544516,0.13544516,1.0,0.00812671,0.06,-25.705582,1.9101584,0.63671947,0.24000001,0.0,0.24327749,0.0,0.0,3686400
hardzero_only__c0p58__z1p00__lam0p000__nu0p50__psi0p00,hardzero_only,0.06,37,1152,0.0,13,0.2867168,0.2954785,0.83556205,0.14602861,0.14602861,1.0,0.008761716,0.06,-25.357677,1.8382732,0.61275774,0.28800002,0.0,0.24415502,0.0,0.0,3689600
hardzero_only__c0p58__z1p00__lam0p000__nu0p50__psi0p00,hardzero_only,0.06,37,1153,0.0,13,0.2954785,0.30423972,0.8355867,0.14602031,0.14602031,1.0,0.008761219,0.06,-23.931923,1.8383275,0.61277586,0.216,0.0,0.19664504,0.0,0.0,3692800
hardzero_only__c0p58__z1p00__lam0p000__nu0p50__psi0p00,hardzero_only,0.06,37,1154,0.0,13,0.30423972,0.3129884,0.8362082,0.14581148,0.14581148,1.0,0.008748689,0.06,-24.945618,1.8396949,0.61323166,0.24000001,0.0,0.21535027,0.0,0.0,3696000
hardzero_only__c0p58__z1p00__lam0p000__nu0p50__psi0p00,hardzero_only,0.06,37,1155,0.0,13,0.3129884,0.32146722,0.8498152,0.14131387,0.14131387,1.0,0.0084788315,0.06,-25.46494,1.8696307,0.62321025,0.208,0.0,0.23150633,0.0,0.0,3699200
hardzero_only__c0p58__z1p00__lam0p000__nu0p50__psi0p00,hardzero_only,0.06,37,1156,0.0,13,0.32146722,0.32968307,0.8634988,0.13693082,0.13693082,1.0,0.008215849,0.06,-25.385448,1.8997353,0.6332451,0.23200001,0.0,0.21099219,0.0,0.0,3702400
hardzero_only__c0p58__z1p00__lam0p000__nu0p50__psi0p00,hardzero_only,0.06,37,1157,0.0,13,0.32968307,0.33914787,0.80203944,0.15774679,0.15774679,1.0,0.009464807,0.06,-24.421553,1.764522,0.588174,0.25,0.0,0.2135245,0.0,0.0,3705600
hardzero_only__c0p58__z1p00__lam0p000__nu0p50__psi0p00,hardzero_only,0.06,37,1158,0.0,13,0.33914787,0.34964338,0.75714755,0.17492522,0.17492522,1.0,0.010495513,0.06,-23.497597,1.6657579,0.5552527,0.328,0.0,0.20348033,0.0,0.0,3708800
hardzero_only__c0p58__z1p00__lam0p000__nu0p50__psi0p00,hardzero_only,0.06,37,1159,0.0,13,0.34964338,0.3584967,0.83104455,0.1475555,0.1475555,1.0,0.00885333,0.06,-24.258938,1.8283346,0.60944486,0.28,0.0,0.2241774,0.0,0.0,3712000
hardzero_only__c0p58__z1p00__lam0p000__nu0p50__psi0p00,hardzero_only,0.06,37,1160,0.0,13,0.3584967,0.367314,0.8328148,0.14695527,0.14695527,1.0,0.008817316,0.06,-24.940182,1.8322291,0.61074305,0.192,0.0,0.21744591,0.0,0.0,3715200
hardzero_only__c0p58__z1p00__lam0p000__nu0p50__psi0p00,hardzero_only,0.06,37,1161,0.0,13,0.367314,0.37625274,0.82687503,0.14897898,0.14897898,1.0,0.008938738,0.06,-24.195454,1.8191614,0.60638714,0.23200001,0.0,0.21717244,0.0,0.0,3718400
hardzero_only__c0p58__z1p00__lam0p000__nu0p50__psi0p00,hardzero_only,0.06,37,1162,0.0,13,0.37625274,0.38475955,0.84838444,0.14178018,0.14178018,1.0,0.008506811,0.06,-25.272072,1.866483,0.62216103,0.23200001,0.0,0.23021668,0.0,0.0,3721600
hardzero_only__c0p58__z1p00__lam0p000__nu0p50__psi0p00,hardzero_only,0.06,37,1163,0.0,13,0.38475955,0.3932678,0.84830993,0.1418045,0.1418045,1.0,0.00850827,0.06,-24.890278,1.8663191,0.6221064,0.272,0.0,0.22433539,0.0,0.0,3724800
hardzero_only__c0p58__z1p00__lam0p000__nu0p50__psi0p00,hardzero_only,0.06,37,1164,0.0,13,0.3932678,0.40192997,0.8405254,0.14436921,0.14436921,1.0,0.008662153,0.06,-24.36713,1.8491927,0.6163976,0.28,0.0,0.22227906,0.0,0.0,3728000
hardzero_only__c0p58__z1p00__lam0p000__nu0p50__psi0p00,hardzero_only,0.06,37,1165,0.0,13,0.40192997,0.4106095,0.839655,0.14465886,0.14465886,1.0,0.0086795315,0.06,-25.009672,1.8472779,0.6157593,0.28,0.0,0.23420866,0.0,0.0,3731200
hardzero_only__c0p58__z1p00__lam0p000__nu0p50__psi0p00,hardzero_only,0.06,37,1166,0.0,13,0.4106095,0.4203078,0.7914573,0.16163771,0.16163771,1.0,0.009698262,0.06,-24.744884,1.7412409,0.58041364,0.256,0.008,0.22328797,0.0,0.0,3734400
hardzero_only__c0p58__z1p00__lam0p000__nu0p50__psi0p00,hardzero_only,0.06,37,1167,0.0,13,0.4203078,0.42979842,0.80085516,0.15817754,0.15817754,1.0,0.009490652,0.06,-24.049423,1.7619165,0.58730555,0.264,0.0,0.21276511,0.0,0.0,3737600
hardzero_only__c0p58__z1p00__lam0p000__nu0p50__psi0p00,hardzero_only,0.06,37,1168,0.0,13,0.42979842,0.43788645,0.8703093,0.13480023,0.13480023,1.0,0.008088013,0.06,-26.249685,1.9147186,0.63823956,0.208,0.0,0.23502213,0.0,0.0,3740800
hardzero_only__c0p58__z1p00__lam0p000__nu0p50__psi0p00,hardzero_only,0.06,37,1169,0.0,13,0.43788645,0.44757172,0.79203933,0.16142124,0.16142124,1.0,0.009685274,0.06,-23.721958,1.7425213,0.58084047,0.224,0.0,0.21877226,0.0,0.0,3744000
hardzero_only__c0p58__z1p00__lam0p000__nu0p50__psi0p00,hardzero_only,0.06,37,1170,0.0,13,0.44757172,0.45676786,0.81454664,0.15326865,0.15326865,1.0,0.009196118,0.06,-24.540901,1.7920384,0.5973462,0.28,0.0,0.2248913,0.0,0.0,3747200
hardzero_only__c0p58__z1p00__lam0p000__nu0p50__psi0p00,hardzero_only,0.06,37,1171,0.0,13,0.45676786,0.46626523,0.800548,0.15828946,0.15828946,1.0,0.009497368,0.06,-24.818512,1.7612408,0.5870803,0.28,0.0,0.2659369,0.0,0.0,3750400
hardzero_only__c0p58__z1p00__lam0p000__nu0p50__psi0p00,hardzero_only,0.06,37,1172,0.0,13,0.46626523,0.47539023,0.81791884,0.15208317,0.15208317,1.0,0.009124991,0.06,-25.176498,1.7994574,0.5998192,0.272,0.0,0.23351711,0.0,0.0,3753600
hardzero_only__c0p58__z1p00__lam0p000__nu0p50__psi0p00,hardzero_only,0.06,37,1173,0.0,13,0.47539023,0.48482546,0.80339867,0.15725386,0.15725386,1.0,0.009435232,0.06,-24.17069,1.7675123,0.5891708,0.23200001,0.008,0.22036101,0.0,0.0,3756800
hardzero_only__c0p58__z1p00__lam0p000__nu0p50__psi0p00,hardzero_only,0.06,37,1174,0.0,13,0.48482546,0.49259454,0.88778114,0.12948482,0.12948482,1.0,0.0077690887,0.06,-25.734146,1.9531575,0.65105253,0.15200001,0.0,0.2236096,0.0,0.0,3760000
hardzero_only__c0p58__z1p00__lam0p000__nu0p50__psi0p00,hardzero_only,0.06,37,1175,0.0,13,0.49259454,0.5009311,0.8571652,0.13894239,0.13894239,1.0,0.008336543,0.06,-24.887861,1.8858012,0.6286004,0.192,0.008,0.21542437,0.0,0.0,3763200
hardzero_only__c0p58__z1p00__lam0p000__nu0p50__psi0p00,hardzero_only,0.06,37,1176,0.0,13,0.5009311,0.51083,0.7825654,0.16498125,0.16498125,1.0,0.009898875,0.06,-23.102219,1.7216783,0.5738928,0.32000002,0.0,0.2100491,0.0,0.0,3766400
hardzero_only__c0p58__z1p00__lam0p000__nu0p50__psi0p00,hardzero_only,0.06,37,1177,0.0,13,0.51083,0.5201842,0.80714417,0.15590349,0.15590349,1.0,0.0093542095,0.06,-23.641727,1.7757527,0.5919176,0.24000001,0.0,0.20230001,0.0,0.0,3769600
hardzero_only__c0p58__z1p00__lam0p000__nu0p50__psi0p00,hardzero_only,0.06,37,1178,0.0,13,0.5201842,0.5293043,0.8181515,0.15200171,0.15200171,1.0,0.009120102,0.06,-23.901228,1.7999692,0.5999898,0.30400002,0.0,0.20775482,0.0,0.0,3772800
hardzero_only__c0p58__z1p00__lam0p000__nu0p50__psi0p00,hardzero_only,0.06,37,1179,0.0,13,0.5293043,0.53864586,0.8077333,0.15569213,0.15569213,1.0,0.009341528,0.06,-25.26897,1.7770487,0.5923496,0.32000002,0.0,0.2350868,0.0,0.0,3776000
hardzero_only__c0p58__z1p00__lam0p000__nu0p50__psi0p00,hardzero_only,0.06,37,1180,0.0,13,0.53864586,0.54696226,0.85821474,0.13860703,0.13860703,1.0,0.008316421,0.06,-25.61733,1.8881102,0.6293701,0.17600001,0.0,0.23469025,0.0,0.0,3779200
hardzero_only__c0p58__z1p00__lam0p000__nu0p50__psi0p00,hardzero_only,0.06,37,1181,0.0,13,0.54696226,0.55594224,0.8248748,0.1496667,0.1496667,1.0,0.008980001,0.06,-24.922367,1.8147608,0.60492027,0.17600001,0.0,0.23371679,0.0,0.0,3782400
hardzero_only__c0p58__z1p00__lam0p000__nu0p50__psi0p00,hardzero_only,0.06,37,1182,0.0,13,0.55594224,0.5652361,0.80995476,0.15489781,0.15489781,1.0,0.009293868,0.06,-24.862385,1.781936,0.5939787,0.264,0.0,0.20973772,0.0,0.0,3785600
hardzero_only__c0p58__z1p00__lam0p000__nu0p50__psi0p00,hardzero_only,0.06,37,1183,0.0,13,0.5652361,0.5741618,0.82750654,0.14876251,0.14876251,1.0,0.00892575,0.06,-24.474745,1.8205507,0.60685027,0.13,0.0,0.18053858,0.0,0.0,3788800
hardzero_only__c0p58__z1p00__lam0p000__nu0p50__psi0p00,hardzero_only,0.06,37,1184,0.0,13,0.5741618,0.58216584,0.8748438,0.13340013,0.13340013,1.0,0.008004008,0.06,-25.581413,1.9246948,0.64156497,0.23200001,0.0,0.22154678,0.0,0.0,3792000
hardzero_only__c0p58__z1p00__lam0p000__nu0p50__psi0p00,hardzero_only,0.06,37,1185,1.0,14,0.58216584,0.011454061,0.81021935,0.15480345,0.15480345,1.0,0.009288207,0.06,-25.175735,1.7825181,0.5941727,0.224,0.0,0.21989574,0.0,0.0,3795200
hardzero_only__c0p58__z1p00__lam0p000__nu0p50__psi0p00,hardzero_only,0.06,37,1186,0.0,14,0.011454061,0.02117328,0.79051983,0.16198699,0.16198699,1.0,0.009719219,0.06,-23.43507,1.7391783,0.5797261,0.28,0.008,0.2589513,0.0,0.0,3798400
hardzero_only__c0p58__z1p00__lam0p000__nu0p50__psi0p00,hardzero_only,0.06,37,1187,0.0,14,0.02117328,0.030210204,0.8221306,0.1506154,0.1506154,1.0,0.009036924,0.06,-24.402252,1.8087234,0.60290784,0.224,0.0,0.24459061,0.0,0.0,3801600
hardzero_only__c0p58__z1p00__lam0p000__nu0p50__psi0p00,hardzero_only,0.06,37,1188,0.0,14,0.030210204,0.039494626,0.8103964,0.15474038,0.15474038,1.0,0.009284423,0.06,-24.421984,1.7829076,0.59430254,0.272,0.0,0.2635311,0.0,0.0,3804800
hardzero_only__c0p58__z1p00__lam0p000__nu0p50__psi0p00,hardzero_only,0.06,37,1189,0.0,14,0.039494626,0.048119903,0.8423783,0.14375457,0.14375457,1.0,0.0086252745,0.06,-25.643673,1.8532693,0.6177565,0.28800002,0.008,0.28261593,0.0,0.0,3808000
hardzero_only__c0p58__z1p00__lam0p000__nu0p50__psi0p00,hardzero_only,0.06,37,1190,0.0,14,0.048119903,0.057326674,0.81404376,0.15344623,0.15344623,1.0,0.009206774,0.06,-24.385983,1.790932,0.59697735,0.28,0.0,0.23890804,0.0,0.0,3811200
hardzero_only__c0p58__z1p00__lam0p000__nu0p50__psi0p00,hardzero_only,0.06,37,1191,0.0,14,0.057326674,0.06661406,0.8102575,0.15478985,0.15478985,1.0,0.009287391,0.06,-24.510359,1.7826021,0.59420073,0.224,0.0,0.2546519,0.0,0.0,3814400
hardzero_only__c0p58__z1p00__lam0p000__nu0p50__psi0p00,hardzero_only,0.06,37,1192,0.0,14,0.06661406,0.07638065,0.7884086,0.1627764,0.1627764,1.0,0.009766583,0.06,-24.41168,1.7345335,0.57817787,0.272,0.0,0.26418707,0.0,0.0,3817600
hardzero_only__c0p58__z1p00__lam0p000__nu0p50__psi0p00,hardzero_only,0.06,37,1193,0.0,14,0.07638065,0.08500168,0.8425921,0.14368382,0.14368382,1.0,0.008621029,0.06,-24.953245,1.8537396,0.61791325,0.264,0.0,0.25792968,0.0,0.0,3820800
hardzero_only__c0p58__z1p00__lam0p000__nu0p50__psi0p00,hardzero_only,0.06,37,1194,0.0,14,0.08500168,0.093633704,0.8420384,0.14386715,0.14386715,1.0,0.0086320285,0.06,-24.225582,1.8525214,0.61750716,0.224,0.0,0.23898001,0.0,0.0,3824000
hardzero_only__c0p58__z1p00__lam0p000__nu0p50__psi0p00,hardzero_only,0.06,37,1195,0.0,14,0.093633704,0.102646925,0.8232712,0.15022035,0.15022035,1.0,0.009013221,0.06,-24.59633,1.8112328,0.60374427,0.264,0.0,0.23799132,0.0,0.0,3827200
hardzero_only__c0p58__z1p00__lam0p000__nu0p50__psi0p00,hardzero_only,0.06,37,1196,0.0,14,0.102646925,0.111327685,0.8395933,0.1446794,0.1446794,1.0,0.008680764,0.06,-24.72115,1.8471421,0.6157141,0.22,0.0,0.22639008,0.0,0.0,3830400
hardzero_only__c0p58__z1p00__lam0p000__nu0p50__psi0p00,hardzero_only,0.06,37,1197,0.0,14,0.111327685,0.12037229,0.8217618,0.15074335,0.15074335,1.0,0.009044601,0.06,-25.028408,1.807912,0.60263735,0.272,0.0,0.26014358,0.0,0.0,3833600
hardzero_only__c0p58__z1p00__lam0p000__nu0p50__psi0p00,hardzero_only,0.06,37,1198,0.0,14,0.12037229,0.12940124,0.82251436,0.15048237,0.15048237,1.0,0.009028942,0.06,-24.92331,1.8095677,0.60318923,0.2,0.0,0.27608553,0.0,0.0,3836800
hardzero_only__c0p58__z1p00__lam0p000__nu0p50__psi0p00,hardzero_only,0.06,37,1199,0.0,14,0.12940124,0.13872893,0.808377,0.15546152,0.15546152,1.0,0.009327691,0.06,-24.198221,1.7784649,0.59282166,0.30400002,0.0,0.24522159,0.0,0.0,3840000
hardzero_only__c0p58__z1p00__lam0p000__nu0p50__psi0p00,hardzero_only,0.06,37,1200,0.0,14,0.13872893,0.14870383,0.7792427,0.16624832,0.16624832,1.0,0.009974899,0.06,-23.71343,1.7143681,0.5714561,0.33600003,0.008,0.23917353,0.0,0.0,3843200
hardzero_only__c0p58__z1p00__lam0p000__nu0p50__psi0p00,hardzero_only,0.06,37,1201,0.0,14,0.14870383,0.15825163,0.79824805,0.15912996,0.15912996,1.0,0.009547798,0.06,-24.078585,1.7561808,0.5853936,0.256,0.0,0.2496591,0.0,0.0,3846400
hardzero_only__c0p58__z1p00__lam0p000__nu0p50__psi0p00,hardzero_only,0.06,37,1202,0.0,14,0.15825163,0.16664006,0.8544705,0.13980718,0.13980718,1.0,0.008388431,0.06,-25.97074,1.8798727,0.6266242,0.28800002,0.0,0.27019817,0.0,0.0,3849600
hardzero_only__c0p58__z1p00__lam0p000__nu0p50__psi0p00,hardzero_only,0.06,37,1203,0.0,14,0.16664006,0.17511255,0.8501399,0.14120825,0.14120825,1.0,0.008472495,0.06,-24.752014,1.8703451,0.6234484,0.256,0.0,0.2508807,0.0,0.0,3852800
hardzero_only__c0p58__z1p00__lam0p000__nu0p50__psi0p00,hardzero_only,0.06,37,1204,0.0,14,0.17511255,0.1838705,0.8357486,0.14596589,0.14596589,1.0,0.0087579535,0.06,-25.82882,1.8386837,0.6128946,0.2,0.0,0.27394125,0.0,0.0,3856000
hardzero_only__c0p58__z1p00__lam0p000__nu0p50__psi0p00,hardzero_only,0.06,37,1205,0.0,14,0.1838705,0.19295253,0.819968,0.15136729,0.15136729,1.0,0.009082037,0.06,-24.696888,1.8039656,0.6013219,0.28,0.0,0.26419723,0.0,0.0,3859200
hardzero_only__c0p58__z1p00__lam0p000__nu0p50__psi0p00,hardzero_only,0.06,37,1206,0.0,14,0.19295253,0.2016164,0.840439,0.14439794,0.14439794,1.0,0.008663877,0.06,-25.250664,1.8490027,0.61633426,0.24000001,0.0,0.25659743,0.0,0.0,3862400
hardzero_only__c0p58__z1p00__lam0p000__nu0p50__psi0p00,hardzero_only,0.06,37,1207,0.0,14,0.2016164,0.21133329,0.79062426,0.16194806,0.16194806,1.0,0.009716883,0.06,-24.968575,1.7394081,0.57980275,0.272,0.0,0.26690853,0.0,0.0,3865600
hardzero_only__c0p58__z1p00__lam0p000__nu0p50__psi0p00,hardzero_only,0.06,37,1208,0.0,14,0.21133329,0.22084816,0.7997486,0.1585811,0.1585811,1.0,0.009514865,0.06,-24.21469,1.759482,0.586494,0.216,0.0,0.23730123,0.0,0.0,3868800
hardzero_only__c0p58__z1p00__lam0p000__nu0p50__psi0p00,hardzero_only,0.06,37,1209,0.0,14,0.22084816,0.23066516,0.78617215,0.16361676,0.16361676,1.0,0.009817005,0.06,-24.091425,1.7296133,0.5765378,0.29999998,0.0,0.23249859,0.0,0.0,3872000
hardzero_only__c0p58__z1p00__lam0p000__nu0p50__psi0p00,hardzero_only,0.06,37,1210,0.0,14,0.23066516,0.23903167,0.8556065,0.13944195,0.13944195,1.0,0.008366517,0.06,-25.173883,1.8823719,0.6274573,0.216,0.0,0.24500191,0.0,0.0,3875200
hardzero_only__c0p58__z1p00__lam0p000__nu0p50__psi0p00,hardzero_only,0.06,37,1211,0.0,14,0.23903167,0.24854343,0.79989076,0.15852919,0.15852919,1.0,0.009511751,0.06,-23.997404,1.7597948,0.5865983,0.24800001,0.0,0.26432496,0.0,0.0,3878400
hardzero_only__c0p58__z1p00__lam0p000__nu0p50__psi0p00,hardzero_only,0.06,37,1212,0.0,14,0.24854343,0.25765648,0.81848675,0.15188442,0.15188442,1.0,0.009113065,0.06,-24.378109,1.8007067,0.6002356,0.30400002,0.0,0.249373,0.0,0.0,3881600
hardzero_only__c0p58__z1p00__lam0p000__nu0p50__psi0p00,hardzero_only,0.06,37,1213,0.0,14,0.25765648,0.266995,0.8078734,0.15564191,0.15564191,1.0,0.009338515,0.06,-24.502695,1.777357,0.59245235,0.24000001,0.008,0.26153943,0.0,0.0,3884800
hardzero_only__c0p58__z1p00__lam0p000__nu0p50__psi0p00,hardzero_only,0.06,37,1214,0.0,14,0.266995,0.27556783,0.84502745,0.14288037,0.14288037,1.0,0.0085728215,0.06,-24.551186,1.8590975,0.6196992,0.224,0.0,0.24230167,0.0,0.0,3888000
hardzero_only__c0p58__z1p00__lam0p000__nu0p50__psi0p00,hardzero_only,0.06,37,1215,0.0,14,0.27556783,0.28488934,0.8086648,0.15535855,0.15535855,1.0,0.009321513,0.06,-24.158411,1.779098,0.5930327,0.30400002,0.008,0.26329878,0.0,0.0,3891200
hardzero_only__c0p58__z1p00__lam0p000__nu0p50__psi0p00,hardzero_only,0.06,37,1216,0.0,14,0.28488934,0.2946019,0.79081774,0.16187593,0.16187593,1.0,0.009712555,0.06,-23.640976,1.7398337,0.5799446,0.264,0.0,0.24420539,0.0,0.0,3894400
hardzero_only__c0p58__z1p00__lam0p000__nu0p50__psi0p00,hardzero_only,0.06,37,1217,0.0,14,0.2946019,0.30340755,0.833389,0.1467611,0.1467611,1.0,0.008805666,0.06,-25.50572,1.8334924,0.61116415,0.2,0.0,0.2572028,0.0,0.0,3897600
hardzero_only__c0p58__z1p00__lam0p000__nu0p50__psi0p00,hardzero_only,0.06,37,1218,0.0,14,0.30340755,0.31328553,0.78348374,0.16463275,0.16463275,1.0,0.009877965,0.06,-23.972298,1.7236986,0.57456625,0.264,0.0,0.2559162,0.0,0.0,3900800
hardzero_only__c0p58__z1p00__lam0p000__nu0p50__psi0p00,hardzero_only,0.06,37,1219,0.0,14,0.31328553,0.32288843,0.7957489,0.16004832,0.16004832,1.0,0.009602899,0.06,-23.985239,1.7506825,0.5835608,0.24000001,0.0,0.25862208,0.0,0.0,3904000
hardzero_only__c0p58__z1p00__lam0p000__nu0p50__psi0p00,hardzero_only,0.06,37,1220,0.0,14,0.32288843,0.3328805,0.7784963,0.1665343,0.1665343,1.0,0.009992058,0.06,-24.49431,1.7127261,0.5709087,0.216,0.0,0.2728824,0.0,0.0,3907200
hardzero_only__c0p58__z1p00__lam0p000__nu0p50__psi0p00,hardzero_only,0.06,37,1221,0.0,14,0.3328805,0.34196585,0.81980985,0.15142241,0.15142241,1.0,0.009085344,0.06,-24.881748,1.8036177,0.60120595,0.208,0.0,0.26123846,0.0,0.0,3910400
hardzero_only__c0p58__z1p00__lam0p000__nu0p50__psi0p00,hardzero_only,0.06,37,1222,0.0,14,0.34196585,0.35105574,0.8195928,0.15149811,0.15149811,1.0,0.009089886,0.06,-25.036972,1.80314,0.6010467,0.26999998,0.0,0.27812502,0.0,0.0,3913600
hardzero_only__c0p58__z1p00__lam0p000__nu0p50__psi0p00,hardzero_only,0.06,37,1223,0.0,14,0.35105574,0.35890898,0.88310164,0.13088755,0.13088755,1.0,0.007853253,0.06,-26.006165,1.9428624,0.6476208,0.192,0.0,0.2627185,0.0,0.0,3916800
hardzero_only__c0p58__z1p00__lam0p000__nu0p50__psi0p00,hardzero_only,0.06,37,1224,0.0,14,0.35890898,0.36795932,0.82148653,0.15083893,0.15083893,1.0,0.009050336,0.06,-24.484512,1.8073064,0.60243547,0.264,0.0,0.24519034,0.0,0.0,3920000
hardzero_only__c0p58__z1p00__lam0p000__nu0p50__psi0p00,hardzero_only,0.06,37,1225,0.0,14,0.36795932,0.37661904,0.8406474,0.14432867,0.14432867,1.0,0.0086597195,0.06,-25.259073,1.8494612,0.6164871,0.272,0.0,0.24734281,0.0,0.0,3923200
hardzero_only__c0p58__z1p00__lam0p000__nu0p50__psi0p00,hardzero_only,0.06,37,1226,0.0,14,0.37661904,0.38517505,0.84587955,0.1426003,0.1426003,1.0,0.008556018,0.06,-24.98456,1.8609722,0.6203241,0.18400002,0.0,0.27815333,0.0,0.0,3926400
hardzero_only__c0p58__z1p00__lam0p000__nu0p50__psi0p00,hardzero_only,0.06,37,1227,0.0,14,0.38517505,0.39400667,0.8321105,0.14719377,0.14719377,1.0,0.008831627,0.06,-24.812141,1.8306797,0.6102266,0.23200001,0.0,0.24867384,0.0,0.0,3929600
hardzero_only__c0p58__z1p00__lam0p000__nu0p50__psi0p00,hardzero_only,0.06,37,1228,0.0,14,0.39400667,0.40201673,0.87451565,0.13350092,0.13350092,1.0,0.008010055,0.06,-25.60439,1.9239728,0.6413243,0.264,0.0,0.23883967,0.0,0.0,3932800
hardzero_only__c0p58__z1p00__lam0p000__nu0p50__psi0p00,hardzero_only,0.06,37,1229,0.0,14,0.40201673,0.41047135,0.8510571,0.14091034,0.14091034,1.0,0.00845462,0.06,-25.592255,1.8723631,0.62412107,0.208,0.0,0.26488402,0.0,0.0,3936000
hardzero_only__c0p58__z1p00__lam0p000__nu0p50__psi0p00,hardzero_only,0.06,37,1230,0.0,14,0.41047135,0.41909274,0.842574,0.14368981,0.14368981,1.0,0.008621388,0.06,-24.883179,1.8536998,0.61789995,0.2,0.0,0.23993318,0.0,0.0,3939200
hardzero_only__c0p58__z1p00__lam0p000__nu0p50__psi0p00,hardzero_only,0.06,37,1231,0.0,14,0.41909274,0.42832822,0.81269264,0.15392435,0.15392435,1.0,0.00923546,0.06,-24.36125,1.7879596,0.59598655,0.192,0.0,0.2727613,0.0,0.0,3942400
hardzero_only__c0p58__z1p00__lam0p000__nu0p50__psi0p00,hardzero_only,0.06,37,1232,0.0,14,0.42832822,0.43681824,0.8492426,0.1415003,0.1415003,1.0,0.008490018,0.06,-25.682892,1.8683711,0.6227904,0.24800001,0.0,0.27108517,0.0,0.0,3945600
hardzero_only__c0p58__z1p00__lam0p000__nu0p50__psi0p00,hardzero_only,0.06,37,1233,0.0,14,0.43681824,0.4463225,0.8002329,0.15840435,0.15840435,1.0,0.0095042605,0.06,-24.129292,1.7605475,0.5868492,0.296,0.0,0.2447862,0.0,0.0,3948800
hardzero_only__c0p58__z1p00__lam0p000__nu0p50__psi0p00,hardzero_only,0.06,37,1234,0.0,14,0.4463225,0.45483854,0.847913,0.14193416,0.14193416,1.0,0.008516049,0.06,-25.213594,1.8654459,0.6218153,0.24800001,0.0,0.2641345,0.0,0.0,3952000
hardzero_only__c0p58__z1p00__lam0p000__nu0p50__psi0p00,hardzero_only,0.06,37,1235,0.0,14,0.45483854,0.46457592,0.78970987,0.1622894,0.1622894,1.0,0.009737363,0.06,-24.435366,1.7373964,0.57913214,0.22999999,0.0,0.22332235,0.0,0.0,3955200
hardzero_only__c0p58__z1p00__lam0p000__nu0p50__psi0p00,hardzero_only,0.06,37,1236,0.0,14,0.46457592,0.4743527,0.7879558,0.16294618,0.16294618,1.0,0.00977677,0.06,-23.088696,1.7335374,0.5778458,0.28,0.0,0.25261477,0.0,0.0,3958400
hardzero_only__c0p58__z1p00__lam0p000__nu0p50__psi0p00,hardzero_only,0.06,37,1237,0.0,14,0.4743527,0.48264948,0.85924137,0.13827975,0.13827975,1.0,0.008296785,0.06,-24.444017,1.8903687,0.6301229,0.272,0.0,0.26019543,0.0,0.0,3961600
hardzero_only__c0p58__z1p00__lam0p000__nu0p50__psi0p00,hardzero_only,0.06,37,1238,0.0,14,0.48264948,0.491332,0.8395057,0.1447086,0.1447086,1.0,0.008682516,0.06,-25.065699,1.8469493,0.6156498,0.23200001,0.0,0.25808662,0.0,0.0,3964800
hardzero_only__c0p58__z1p00__lam0p000__nu0p50__psi0p00,hardzero_only,0.06,37,1239,0.0,14,0.491332,0.50023985,0.82837725,0.14846456,0.14846456,1.0,0.008907873,0.06,-24.708872,1.8224664,0.6074888,0.208,0.0,0.26777062,0.0,0.0,3968000
hardzero_only__c0p58__z1p00__lam0p000__nu0p50__psi0p00,hardzero_only,0.06,37,1240,0.0,14,0.50023985,0.5091,0.8307099,0.14766927,0.14766927,1.0,0.008860156,0.06,-24.36333,1.8275982,0.6091994,0.17600001,0.0,0.23534259,0.0,0.0,3971200
hardzero_only__c0p58__z1p00__lam0p000__nu0p50__psi0p00,hardzero_only,0.06,37,1241,0.0,14,0.5091,0.5177331,0.84198666,0.14388427,0.14388427,1.0,0.008633056,0.06,-24.688374,1.8524076,0.6174692,0.23200001,0.0,0.2642151,0.0,0.0,3974400
hardzero_only__c0p58__z1p00__lam0p000__nu0p50__psi0p00,hardzero_only,0.06,37,1242,0.0,14,0.5177331,0.5271419,0.8046144,0.15681426,0.15681426,1.0,0.009408856,0.06,-24.608768,1.7701871,0.5900624,0.264,0.0,0.27481776,0.0,0.0,3977600
hardzero_only__c0p58__z1p00__lam0p000__nu0p50__psi0p00,hardzero_only,0.06,37,1243,0.0,14,0.5271419,0.5361692,0.82259595,0.1504541,0.1504541,1.0,0.009027246,0.06,-24.283192,1.8097472,0.6032491,0.256,0.0,0.23535314,0.0,0.0,3980800
hardzero_only__c0p58__z1p00__lam0p000__nu0p50__psi0p00,hardzero_only,0.06,37,1244,0.0,14,0.5361692,0.54453194,0.8558009,0.13937955,0.13937955,1.0,0.008362773,0.06,-24.857548,1.8827996,0.6275999,0.208,0.0,0.24120471,0.0,0.0,3984000
hardzero_only__c0p58__z1p00__lam0p000__nu0p50__psi0p00,hardzero_only,0.06,37,1245,0.0,14,0.54453194,0.5548476,0.7646532,0.17192806,0.17192806,1.0,0.010315684,0.06,-22.932268,1.6822706,0.5607569,0.272,0.0,0.23126163,0.0,0.0,3987200
hardzero_only__c0p58__z1p00__lam0p000__nu0p50__psi0p00,hardzero_only,0.06,37,1246,0.0,14,0.5548476,0.56408066,0.8128066,0.15388396,0.15388396,1.0,0.009233038,0.06,-24.303698,1.7882103,0.5960701,0.30400002,0.008,0.27010497,0.0,0.0,3990400
hardzero_only__c0p58__z1p00__lam0p000__nu0p50__psi0p00,hardzero_only,0.06,37,1247,0.0,14,0.56408066,0.57296795,0.82938087,0.14812185,0.14812185,1.0,0.0088873105,0.06,-24.200407,1.8246744,0.6082248,0.272,0.0,0.24307384,0.0,0.0,3993600
hardzero_only__c0p58__z1p00__lam0p000__nu0p50__psi0p00,hardzero_only,0.06,37,1248,0.0,14,0.57296795,0.5825182,0.79813504,0.15917136,0.15917136,1.0,0.009550281,0.06,-24.294365,1.7559321,0.5853107,0.29,0.0,0.23063767,0.0,0.0,3996800
hardzero_only__c0p58__z1p00__lam0p000__nu0p50__psi0p00,hardzero_only,0.06,37,1249,1.0,15,0.5825182,0.011187224,0.8401829,0.14448312,0.14448312,1.0,0.008668987,0.06,-24.829489,1.8484393,0.61614645,0.24800001,0.0,0.2613447,0.0,0.0,4000000
