mechanism_tag,mechanism,alpha,seed,update,update_u,update_counter,energy_E_pre,energy_E_post,funding_z,funding_g,funding_g_raw,funding_cut_active,funding_income,funding_alpha_eff,episode_return_end_mean,terminal_min_dists_end_mean,terminal_dbar_end,terminal_occupied_end_mean,terminal_CSR_train,vartd_VarTD,depr_F,depr_F_post,env_steps
hardzero_plus_depr__c0p50__z1p10__lam0p030__nu0p50__psi0p75,hardzero_plus_depr,0.02,34,0,1.0,1,1.0,0.5016867,1.0739973,0.084334016,0.084334016,1.0,0.0016866802,0.02,-27.958464,2.3628411,0.78761375,0.17999999,0.0,0.15948392,0.0,0.0,3200
hardzero_plus_depr__c0p50__z1p10__lam0p030__nu0p50__psi0p75,hardzero_plus_depr,0.02,34,1,1.0,2,0.5016867,0.0033792397,1.0724891,0.08462738,0.08462738,1.0,0.0016925476,0.02,-28.132221,2.3595233,0.7865078,0.136,0.0,0.14916873,0.0,0.0,6400
hardzero_plus_depr__c0p50__z1p10__lam0p030__nu0p50__psi0p75,hardzero_plus_depr,0.02,34,2,0.0,2,0.0033792397,0.005340496,1.0084956,0.09806283,0.09806283,1.0,0.0019612566,0.02,-26.590174,2.2187345,0.7395782,0.128,0.0,0.13569166,0.0,0.03,9600
hardzero_plus_depr__c0p50__z1p10__lam0p030__nu0p50__psi0p75,hardzero_plus_depr,0.02,34,3,0.0,2,0.005340496,0.0071662692,1.0298115,0.09336594,0.09336594,1.0,0.001825773,0.019555023,-27.718489,2.2656305,0.75521016,0.128,0.0,0.15343334,0.03,0.06,12800
hardzero_plus_depr__c0p50__z1p10__lam0p030__nu0p50__psi0p75,hardzero_plus_depr,0.02,34,4,0.0,2,0.0071662692,0.009123692,0.98980194,0.10237597,0.10237597,1.0,0.0019574235,0.01911995,-26.684908,2.1776078,0.7258693,0.216,0.0,0.13350789,0.06,0.089999996,16000
hardzero_plus_depr__c0p50__z1p10__lam0p030__nu0p50__psi0p75,hardzero_plus_depr,0.02,34,5,0.0,2,0.009123692,0.010708614,1.0717071,0.08477989,0.08477989,1.0,0.0015849222,0.018694554,-28.204386,2.3578029,0.7859343,0.096,0.0,0.14254703,0.089999996,0.12,19200
hardzero_plus_depr__c0p50__z1p10__lam0p030__nu0p50__psi0p75,hardzero_plus_depr,0.02,34,6,0.0,2,0.010708614,0.012590701,0.9873039,0.10296654,0.10296654,1.0,0.0018820867,0.018278625,-27.10884,2.172112,0.72403735,0.14400001,0.0,0.14755921,0.12,0.14999999,22400
hardzero_plus_depr__c0p50__z1p10__lam0p030__nu0p50__psi0p75,hardzero_plus_depr,0.02,34,7,0.0,2,0.012590701,0.014342027,1.0088048,0.09799304,0.09799304,1.0,0.0017513263,0.017871946,-27.657505,2.219415,0.739805,0.18400002,0.0,0.173738,0.14999999,0.17999999,25600
hardzero_plus_depr__c0p50__z1p10__lam0p030__nu0p50__psi0p75,hardzero_plus_depr,0.02,34,8,0.0,2,0.014342027,0.01627663,0.9558083,0.11071123,0.11071123,1.0,0.0019346032,0.017474318,-26.55263,2.1028202,0.7009401,0.192,0.0,0.15357259,0.17999999,0.21,28800
hardzero_plus_depr__c0p50__z1p10__lam0p030__nu0p50__psi0p75,hardzero_plus_depr,0.02,34,9,0.0,2,0.01627663,0.017877374,1.0283065,0.093690045,0.093690045,1.0,0.0016007446,0.017085535,-27.547411,2.2623193,0.75410646,0.16000001,0.0,0.17497444,0.21,0.24,32000
hardzero_plus_depr__c0p50__z1p10__lam0p030__nu0p50__psi0p75,hardzero_plus_depr,0.02,34,10,0.0,2,0.017877374,0.019530917,1.0044414,0.098982535,0.098982535,1.0,0.0016535433,0.016705405,-26.480654,2.2098153,0.7366051,0.16800001,0.0,0.14573565,0.24,0.26999998,35200
hardzero_plus_depr__c0p50__z1p10__lam0p030__nu0p50__psi0p75,hardzero_plus_depr,0.02,34,11,0.0,2,0.019530917,0.021371454,0.94814074,0.11268321,0.11268321,1.0,0.001840537,0.016333729,-25.905787,2.0859513,0.69531715,0.2,0.0,0.12604728,0.26999998,0.29999998,38400
hardzero_plus_depr__c0p50__z1p10__lam0p030__nu0p50__psi0p75,hardzero_plus_depr,0.02,34,12,0.0,2,0.021371454,0.022775615,1.055897,0.087923095,0.087923095,1.0,0.0014041603,0.015970323,-27.827684,2.3230197,0.7743399,0.128,0.0,0.13968232,0.29999998,0.32999998,41600
hardzero_plus_depr__c0p50__z1p10__lam0p030__nu0p50__psi0p75,hardzero_plus_depr,0.02,34,13,0.0,2,0.022775615,0.02425912,1.022253,0.09500511,0.09500511,1.0,0.0014835051,0.015615004,-26.729296,2.2490015,0.74966717,0.16,0.0,0.1211322,0.32999998,0.35999998,44800
hardzero_plus_depr__c0p50__z1p10__lam0p030__nu0p50__psi0p75,hardzero_plus_depr,0.02,34,14,0.0,2,0.02425912,0.025883764,0.9730122,0.10641131,0.10641131,1.0,0.0016246443,0.01526759,-25.602076,2.1406696,0.7135565,0.15200001,0.0,0.13047089,0.35999998,0.39,48000
hardzero_plus_depr__c0p50__z1p10__lam0p030__nu0p50__psi0p75,hardzero_plus_depr,0.02,34,15,0.0,2,0.025883764,0.027374228,1.0006772,0.099844195,0.099844195,1.0,0.0014904647,0.014927905,-27.109844,2.2015338,0.73384464,0.2,0.0,0.14095488,0.39,0.42,51200
hardzero_plus_depr__c0p50__z1p10__lam0p030__nu0p50__psi0p75,hardzero_plus_depr,0.02,34,16,0.0,2,0.027374228,0.028767854,1.0200813,0.09548138,0.09548138,1.0,0.001393625,0.014595778,-27.097738,2.2442236,0.74807453,0.16000001,0.0,0.13874662,0.42,0.45,54400
hardzero_plus_depr__c0p50__z1p10__lam0p030__nu0p50__psi0p75,hardzero_plus_depr,0.02,34,17,0.0,2,0.028767854,0.030001031,1.0634298,0.08641122,0.08641122,1.0,0.0012331781,0.01427104,-27.421856,2.3395925,0.7798642,0.136,0.0,0.15196434,0.45,0.48,57600
hardzero_plus_depr__c0p50__z1p10__lam0p030__nu0p50__psi0p75,hardzero_plus_depr,0.02,34,18,0.0,2,0.030001031,0.031344928,1.0163176,0.09631244,0.09631244,1.0,0.0013438982,0.0139535265,-27.574257,2.2359433,0.7453145,0.17600001,0.0,0.15705635,0.48,0.51,60800
hardzero_plus_depr__c0p50__z1p10__lam0p030__nu0p50__psi0p75,hardzero_plus_depr,0.02,34,19,0.0,2,0.031344928,0.03271833,0.99711496,0.10066651,0.10066651,1.0,0.001373401,0.013643078,-27.125183,2.1936967,0.7312323,0.120000005,0.0,0.14081338,0.51,0.53999996,64000
hardzero_plus_depr__c0p50__z1p10__lam0p030__nu0p50__psi0p75,hardzero_plus_depr,0.02,34,20,0.0,2,0.03271833,0.03406919,0.9945296,0.10126758,0.10126758,1.0,0.0013508627,0.013339537,-26.265633,2.1880088,0.72933626,0.2,0.0,0.12904198,0.53999996,0.56999993,67200
hardzero_plus_depr__c0p50__z1p10__lam0p030__nu0p50__psi0p75,hardzero_plus_depr,0.02,34,21,0.0,2,0.03406919,0.035249196,1.043486,0.090471946,0.090471946,1.0,0.0011800028,0.013042748,-28.654552,2.295715,0.7652384,0.208,0.0,0.17824227,0.56999993,0.5999999,70400
hardzero_plus_depr__c0p50__z1p10__lam0p030__nu0p50__psi0p75,hardzero_plus_depr,0.02,34,22,0.0,2,0.035249196,0.036420688,1.0368582,0.091863245,0.091863245,1.0,0.0011714919,0.012752564,-27.679771,2.2811337,0.7603779,0.16800001,0.0,0.17303509,0.5999999,0.6299999,73600
hardzero_plus_depr__c0p50__z1p10__lam0p030__nu0p50__psi0p75,hardzero_plus_depr,0.02,34,23,0.0,2,0.036420688,0.037566185,1.0368321,0.091868766,0.091868766,1.0,0.0011454964,0.012468834,-27.931032,2.2810762,0.76035875,0.15200001,0.0,0.18816525,0.6299999,0.65999985,76800
hardzero_plus_depr__c0p50__z1p10__lam0p030__nu0p50__psi0p75,hardzero_plus_depr,0.02,34,24,0.0,2,0.037566185,0.038647167,1.0522352,0.08866755,0.08866755,1.0,0.0010809833,0.0121914195,-27.57648,2.3149638,0.7716546,0.120000005,0.0,0.15025048,0.65999985,0.6899998,80000
hardzero_plus_depr__c0p50__z1p10__lam0p030__nu0p50__psi0p75,hardzero_plus_depr,0.02,34,25,0.0,2,0.038647167,0.03987643,0.986637,0.10312476,0.10312476,1.0,0.0012292652,0.0119201755,-27.10965,2.1706448,0.7235483,0.16000001,0.0,0.12258877,0.6899998,0.7199998,83200
hardzero_plus_depr__c0p50__z1p10__lam0p030__nu0p50__psi0p75,hardzero_plus_depr,0.02,34,26,0.0,2,0.03987643,0.041009154,1.0123879,0.09718788,0.09718788,1.0,0.0011327214,0.0116549665,-27.06366,2.2272978,0.7424326,0.19,0.0,0.14056313,0.7199998,0.74999976,86400
hardzero_plus_depr__c0p50__z1p10__lam0p030__nu0p50__psi0p75,hardzero_plus_depr,0.02,34,27,0.0,2,0.041009154,0.04225402,0.9616173,0.10924025,0.10924025,1.0,0.0012448645,0.011395658,-27.588465,2.1156003,0.70520014,0.16800001,0.0,0.14207257,0.74999976,0.77999973,89600
hardzero_plus_depr__c0p50__z1p10__lam0p030__nu0p50__psi0p75,hardzero_plus_depr,0.02,34,28,0.0,2,0.04225402,0.043363947,1.0016737,0.09961536,0.09961536,1.0,0.0011099261,0.011142119,-27.219969,2.203726,0.7345754,0.128,0.0,0.13083486,0.77999973,0.8099997,92800
hardzero_plus_depr__c0p50__z1p10__lam0p030__nu0p50__psi0p75,hardzero_plus_depr,0.02,34,29,0.0,2,0.043363947,0.044416092,1.0151207,0.09657823,0.09657823,1.0,0.0010521447,0.010894221,-26.73904,2.2333102,0.74443674,0.104,0.0,0.17247112,0.8099997,0.8399997,96000
hardzero_plus_depr__c0p50__z1p10__lam0p030__nu0p50__psi0p75,hardzero_plus_depr,0.02,34,30,0.0,2,0.044416092,0.045473073,1.0033576,0.09922986,0.09922986,1.0,0.0010569805,0.010651839,-26.766832,2.2074308,0.7358103,0.17600001,0.0,0.16149728,0.8399997,0.86999965,99200
hardzero_plus_depr__c0p50__z1p10__lam0p030__nu0p50__psi0p75,hardzero_plus_depr,0.02,34,31,0.0,2,0.045473073,0.046506613,1.0033256,0.099237174,0.099237174,1.0,0.0010335401,0.010414848,-26.732018,2.2073603,0.7357868,0.16800001,0.0,0.14432582,0.86999965,0.8999996,102400
hardzero_plus_depr__c0p50__z1p10__lam0p030__nu0p50__psi0p75,hardzero_plus_depr,0.02,34,32,0.0,2,0.046506613,0.047335494,1.089389,0.08139748,0.08139748,1.0,0.0008288812,0.010183131,-28.662157,2.3967035,0.7989012,0.136,0.0,0.164179,0.8999996,0.9299996,105600
hardzero_plus_depr__c0p50__z1p10__lam0p030__nu0p50__psi0p75,hardzero_plus_depr,0.02,34,33,0.0,2,0.047335494,0.04833098,1.000074,0.099982955,0.099982955,1.0,0.0009954872,0.009956569,-26.62726,2.2002068,0.73340225,0.15200001,0.0,0.14935128,0.9299996,0.95999956,108800
hardzero_plus_depr__c0p50__z1p10__lam0p030__nu0p50__psi0p75,hardzero_plus_depr,0.02,34,34,0.0,2,0.04833098,0.04934171,0.9837049,0.103823364,0.103823364,1.0,0.0010107254,0.009735048,-26.44231,2.164194,0.72139806,0.208,0.0,0.16346028,0.95999956,0.98999953,112000
hardzero_plus_depr__c0p50__z1p10__lam0p030__nu0p50__psi0p75,hardzero_plus_depr,0.02,34,35,0.0,2,0.04934171,0.05030347,0.9954983,0.101041935,0.101041935,1.0,0.0009617631,0.009518455,-27.138807,2.19014,0.7300467,0.112,0.0,0.14385208,0.98999953,1.0199995,115200
hardzero_plus_depr__c0p50__z1p10__lam0p030__nu0p50__psi0p75,hardzero_plus_depr,0.02,34,36,0.0,2,0.05030347,0.05114084,1.0458777,0.08997509,0.08997509,1.0,0.0008373696,0.009306682,-27.085028,2.3009768,0.7669923,0.136,0.0,0.18710536,1.0199995,1.0499995,118400
hardzero_plus_depr__c0p50__z1p10__lam0p030__nu0p50__psi0p75,hardzero_plus_depr,0.02,34,37,0.0,2,0.05114084,0.051978275,1.0360721,0.092029676,0.092029676,1.0,0.00083743513,0.00909962,-27.693443,2.2794042,0.7598014,0.16000001,0.0,0.18257464,1.0499995,1.0799994,121600
hardzero_plus_depr__c0p50__z1p10__lam0p030__nu0p50__psi0p75,hardzero_plus_depr,0.02,34,38,0.0,2,0.051978275,0.052927032,0.9720959,0.10663606,0.10663606,1.0,0.0009487586,0.008897165,-26.516209,2.1386538,0.7128846,0.136,0.0,0.14808248,1.0799994,1.1099994,124800
hardzero_plus_depr__c0p50__z1p10__lam0p030__nu0p50__psi0p75,hardzero_plus_depr,0.02,34,39,0.0,2,0.052927032,0.053762533,1.0175328,0.0960433,0.0960433,1.0,0.00083550124,0.008699214,-26.613787,2.238617,0.7462057,0.17,0.0,0.13318972,1.1099994,1.1399994,128000
hardzero_plus_depr__c0p50__z1p10__lam0p030__nu0p50__psi0p75,hardzero_plus_depr,0.02,34,40,0.0,2,0.053762533,0.054607183,1.0030309,0.099304534,0.099304534,1.0,0.00084465137,0.008505668,-27.324583,2.206712,0.73557067,0.216,0.0,0.1456852,1.1399994,1.1699994,131200
hardzero_plus_depr__c0p50__z1p10__lam0p030__nu0p50__psi0p75,hardzero_plus_depr,0.02,34,41,0.0,2,0.054607183,0.055547033,0.9468777,0.1130114,0.1130114,1.0,0.000939851,0.008316427,-25.552273,2.0831726,0.6943909,0.24800001,0.0,0.1122287,1.1699994,1.1999993,134400
hardzero_plus_depr__c0p50__z1p10__lam0p030__nu0p50__psi0p75,hardzero_plus_depr,0.02,34,42,0.0,2,0.055547033,0.05647965,0.9404608,0.11469359,0.11469359,1.0,0.0009326191,0.008131397,-25.264374,2.069055,0.68968505,0.2,0.0,0.13438451,1.1999993,1.2299993,137600
hardzero_plus_depr__c0p50__z1p10__lam0p030__nu0p50__psi0p75,hardzero_plus_depr,0.02,34,43,0.0,2,0.05647965,0.057301465,0.98562026,0.10336649,0.10336649,1.0,0.0008218136,0.007950484,-27.441042,2.168408,0.72280264,0.192,0.0,0.16980027,1.2299993,1.2599993,140800
hardzero_plus_depr__c0p50__z1p10__lam0p030__nu0p50__psi0p75,hardzero_plus_depr,0.02,34,44,0.0,2,0.057301465,0.058008377,1.041257,0.09093748,0.09093748,1.0,0.0007069112,0.0077735954,-28.037842,2.2908113,0.7636038,0.096,0.0,0.1728044,1.2599993,1.2899992,144000
hardzero_plus_depr__c0p50__z1p10__lam0p030__nu0p50__psi0p75,hardzero_plus_depr,0.02,34,45,0.0,2,0.058008377,0.05878135,0.9926858,0.10169843,0.10169843,1.0,0.0007729734,0.0076006427,-26.989212,2.1839523,0.72798413,0.16000001,0.0,0.15476303,1.2899992,1.3199992,147200
hardzero_plus_depr__c0p50__z1p10__lam0p030__nu0p50__psi0p75,hardzero_plus_depr,0.02,34,46,0.0,2,0.05878135,0.059581943,0.967667,0.10772909,0.10772909,1.0,0.0008005929,0.0074315383,-26.09108,2.1289098,0.7096366,0.208,0.0,0.12965202,1.3199992,1.3499992,150400
hardzero_plus_depr__c0p50__z1p10__lam0p030__nu0p50__psi0p75,hardzero_plus_depr,0.02,34,47,0.0,2,0.059581943,0.060277026,1.0192697,0.09565998,0.09565998,1.0,0.00069508416,0.007266196,-27.55242,2.242438,0.7474794,0.15200001,0.0,0.143645,1.3499992,1.3799992,153600
hardzero_plus_depr__c0p50__z1p10__lam0p030__nu0p50__psi0p75,hardzero_plus_depr,0.02,34,48,0.0,2,0.060277026,0.0610017,0.99139315,0.10200157,0.10200157,1.0,0.0007246734,0.007104532,-26.991083,2.1811085,0.7270362,0.15200001,0.0,0.1601251,1.3799992,1.4099991,156800
hardzero_plus_depr__c0p50__z1p10__lam0p030__nu0p50__psi0p75,hardzero_plus_depr,0.02,34,49,0.0,2,0.0610017,0.06171607,0.9878422,0.102838986,0.102838986,1.0,0.0007143674,0.0069464645,-26.736504,2.1732962,0.7244321,0.136,0.0,0.12979639,1.4099991,1.4399991,160000
hardzero_plus_depr__c0p50__z1p10__lam0p030__nu0p50__psi0p75,hardzero_plus_depr,0.02,34,50,0.0,2,0.06171607,0.062412523,0.9890987,0.10254188,0.10254188,1.0,0.00069645565,0.0067919143,-26.940819,2.1760607,0.7253536,0.128,0.0,0.13409297,1.4399991,1.4699991,163200
hardzero_plus_depr__c0p50__z1p10__lam0p030__nu0p50__psi0p75,hardzero_plus_depr,0.02,34,51,0.0,2,0.062412523,0.063117296,0.97417307,0.106127255,0.106127255,1.0,0.00070477027,0.0066408035,-26.411575,2.1432235,0.71440786,0.2,0.0,0.11508479,1.4699991,1.499999,166400
hardzero_plus_depr__c0p50__z1p10__lam0p030__nu0p50__psi0p75,hardzero_plus_depr,0.02,34,52,0.0,2,0.063117296,0.063740514,1.0178086,0.09598237,0.09598237,1.0,0.0006232187,0.006493054,-26.619572,2.2392235,0.74640787,0.14,0.0,0.13150297,1.499999,1.529999,169600
hardzero_plus_depr__c0p50__z1p10__lam0p030__nu0p50__psi0p75,hardzero_plus_depr,0.02,34,53,0.0,2,0.063740514,0.06439355,0.98774165,0.1028628,0.1028628,1.0,0.00065303384,0.0063485913,-26.374895,2.173075,0.7243583,0.14400001,0.0,0.15367894,1.529999,1.559999,172800
hardzero_plus_depr__c0p50__z1p10__lam0p030__nu0p50__psi0p75,hardzero_plus_depr,0.02,34,54,0.0,2,0.06439355,0.06503009,0.98908204,0.10254582,0.10254582,1.0,0.00063653715,0.0062073437,-26.233408,2.176024,0.7253413,0.136,0.0,0.13428079,1.559999,1.589999,176000
hardzero_plus_depr__c0p50__z1p10__lam0p030__nu0p50__psi0p75,hardzero_plus_depr,0.02,34,55,0.0,2,0.06503009,0.065642424,0.9961439,0.10089184,0.10089184,1.0,0.0006123366,0.006069238,-26.326982,2.1915603,0.7305201,0.15200001,0.0,0.15761626,1.589999,1.6199989,179200
hardzero_plus_depr__c0p50__z1p10__lam0p030__nu0p50__psi0p75,hardzero_plus_depr,0.02,34,56,0.0,2,0.065642424,0.06628695,0.9641223,0.108611986,0.108611986,1.0,0.0006445258,0.005934205,-26.600883,2.1211114,0.70703715,0.192,0.0,0.16073553,1.6199989,1.6499989,182400
hardzero_plus_depr__c0p50__z1p10__lam0p030__nu0p50__psi0p75,hardzero_plus_depr,0.02,34,57,0.0,2,0.06628695,0.06675513,1.0931811,0.08068985,0.08068985,1.0,0.0004681767,0.005802176,-28.438307,2.4050465,0.8016822,0.15200001,0.0,0.17631483,1.6499989,1.6799989,185600
hardzero_plus_depr__c0p50__z1p10__lam0p030__nu0p50__psi0p75,hardzero_plus_depr,0.02,34,58,0.0,2,0.06675513,0.06732441,0.9984968,0.10034674,0.10034674,1.0,0.0005692756,0.0056730853,-26.812067,2.1967368,0.7322456,0.14400001,0.0,0.14658089,1.6799989,1.7099988,188800
hardzero_plus_depr__c0p50__z1p10__lam0p030__nu0p50__psi0p75,hardzero_plus_depr,0.02,34,59,0.0,2,0.06732441,0.06786793,1.0088325,0.09798678,0.09798678,1.0,0.00054351956,0.0055468665,-27.010294,2.2194757,0.73982525,0.18400002,0.0,0.1425985,1.7099988,1.7399988,192000
hardzero_plus_depr__c0p50__z1p10__lam0p030__nu0p50__psi0p75,hardzero_plus_depr,0.02,34,60,0.0,2,0.06786793,0.068373635,1.0303758,0.0932447,0.0932447,1.0,0.0005057085,0.0054234555,-27.68744,2.2668722,0.75562406,0.128,0.0,0.14397697,1.7399988,1.7699988,195200
hardzero_plus_depr__c0p50__z1p10__lam0p030__nu0p50__psi0p75,hardzero_plus_depr,0.02,34,61,0.0,2,0.068373635,0.0688659,1.0323013,0.0928322,0.0928322,1.0,0.0004922697,0.00530279,-28.538954,2.2711082,0.7570361,0.16800001,0.0,0.1749374,1.7699988,1.7999988,198400
hardzero_plus_depr__c0p50__z1p10__lam0p030__nu0p50__psi0p75,hardzero_plus_depr,0.02,34,62,0.0,2,0.0688659,0.069349915,1.029876,0.09335207,0.09335207,1.0,0.00048401274,0.0051848097,-28.238722,2.2657723,0.7552575,0.15200001,0.0,0.16545288,1.7999988,1.8299987,201600
hardzero_plus_depr__c0p50__z1p10__lam0p030__nu0p50__psi0p75,hardzero_plus_depr,0.02,34,63,0.0,2,0.069349915,0.06987017,0.9887457,0.102625266,0.102625266,1.0,0.00052025414,0.0050694547,-26.606907,2.175284,0.7250947,0.080000006,0.0,0.146696,1.8299987,1.8599987,204800
hardzero_plus_depr__c0p50__z1p10__lam0p030__nu0p50__psi0p75,hardzero_plus_depr,0.02,34,64,0.0,2,0.06987017,0.07036944,0.9968551,0.100726776,0.100726776,1.0,0.00049926894,0.0049566654,-27.80696,2.193125,0.73104167,0.136,0.0,0.18053764,1.8599987,1.8899987,208000
hardzero_plus_depr__c0p50__z1p10__lam0p030__nu0p50__psi0p75,hardzero_plus_depr,0.02,34,65,0.0,2,0.07036944,0.07082228,1.0294651,0.09344045,0.09344045,1.0,0.00045284847,0.0048463857,-26.973911,2.2648685,0.7549562,0.14999999,0.0,0.14886309,1.8899987,1.9199986,211200
hardzero_plus_depr__c0p50__z1p10__lam0p030__nu0p50__psi0p75,hardzero_plus_depr,0.02,34,66,0.0,2,0.07082228,0.07132242,0.97656035,0.105545476,0.105545476,1.0,0.0005001336,0.0047385604,-26.66837,2.1484756,0.71615857,0.16000001,0.0,0.18138032,1.9199986,1.9499986,214400
hardzero_plus_depr__c0p50__z1p10__lam0p030__nu0p50__psi0p75,hardzero_plus_depr,0.02,34,67,0.0,2,0.07132242,0.07175223,1.0326009,0.09276819,0.09276819,1.0,0.0004298074,0.0046331333,-27.12531,2.2717674,0.7572558,0.128,0.0,0.16517954,1.9499986,1.9799986,217600
hardzero_plus_depr__c0p50__z1p10__lam0p030__nu0p50__psi0p75,hardzero_plus_depr,0.02,34,68,0.0,2,0.07175223,0.07217492,1.0300754,0.09330921,0.09330921,1.0,0.00042269554,0.0045300517,-28.2605,2.2662113,0.75540376,0.16000001,0.0,0.1555417,1.9799986,2.0099986,220800
hardzero_plus_depr__c0p50__z1p10__lam0p030__nu0p50__psi0p75,hardzero_plus_depr,0.02,34,69,0.0,2,0.07217492,0.0726507,0.9689292,0.10741645,0.10741645,1.0,0.00047577577,0.0044292635,-27.110209,2.1316867,0.7105622,0.16000001,0.0,0.13117616,2.0099986,2.0399985,224000
hardzero_plus_depr__c0p50__z1p10__lam0p030__nu0p50__psi0p75,hardzero_plus_depr,0.02,34,70,0.0,2,0.0726507,0.07305957,1.0249791,0.09441062,0.09441062,1.0,0.00040886577,0.004330718,-27.58063,2.2549992,0.7516664,0.16000001,0.0,0.16698186,2.0399985,2.0699985,227200
hardzero_plus_depr__c0p50__z1p10__lam0p030__nu0p50__psi0p75,hardzero_plus_depr,0.02,34,71,0.0,2,0.07305957,0.07346708,1.016639,0.09624119,0.09624119,1.0,0.00040752036,0.004234365,-27.252136,2.2366505,0.74555016,0.112,0.0,0.1336684,2.0699985,2.0999985,230400
hardzero_plus_depr__c0p50__z1p10__lam0p030__nu0p50__psi0p75,hardzero_plus_depr,0.02,34,72,0.0,2,0.07346708,0.073884144,0.9968185,0.10073525,0.10073525,1.0,0.00041705958,0.0041401554,-26.65916,2.1930444,0.73101485,0.16000001,0.0,0.15325655,2.0999985,2.1299984,233600
hardzero_plus_depr__c0p50__z1p10__lam0p030__nu0p50__psi0p75,hardzero_plus_depr,0.02,34,73,0.0,2,0.073884144,0.074273996,1.0163436,0.09630668,0.09630668,1.0,0.0003898535,0.004048042,-26.664776,2.2360005,0.74533355,0.16800001,0.0,0.14140615,2.1299984,2.1599984,236800
hardzero_plus_depr__c0p50__z1p10__lam0p030__nu0p50__psi0p75,hardzero_plus_depr,0.02,34,74,0.0,2,0.074273996,0.07469989,0.9681706,0.10760424,0.10760424,1.0,0.00042589533,0.003957979,-26.819035,2.1300178,0.71000594,0.208,0.0,0.13453603,2.1599984,2.1899984,240000
hardzero_plus_depr__c0p50__z1p10__lam0p030__nu0p50__psi0p75,hardzero_plus_depr,0.02,34,75,0.0,2,0.07469989,0.07508358,1.0037179,0.099147566,0.099147566,1.0,0.00038369303,0.0038699189,-26.392067,2.2082236,0.73607457,0.15200001,0.0,0.11490622,2.1899984,2.2199984,243200
hardzero_plus_depr__c0p50__z1p10__lam0p030__nu0p50__psi0p75,hardzero_plus_depr,0.02,34,76,0.0,2,0.07508358,0.075484,0.97541976,0.10582305,0.10582305,1.0,0.0004004151,0.0037838174,-26.57824,2.1459663,0.71532214,0.16000001,0.0,0.13474198,2.2199984,2.2499983,246400
hardzero_plus_depr__c0p50__z1p10__lam0p030__nu0p50__psi0p75,hardzero_plus_depr,0.02,34,77,0.0,2,0.075484,0.07587834,0.97228765,0.106589,0.106589,1.0,0.00039434008,0.0036996321,-26.99217,2.1390755,0.7130252,0.224,0.0,0.14093326,2.2499983,2.2799983,249600
hardzero_plus_depr__c0p50__z1p10__lam0p030__nu0p50__psi0p75,hardzero_plus_depr,0.02,34,78,0.0,2,0.07587834,0.07624035,0.9996595,0.10007845,0.10007845,1.0,0.00036201585,0.0036173207,-26.906029,2.1992948,0.73309827,0.17,0.0,0.13327624,2.2799983,2.3099983,252800
hardzero_plus_depr__c0p50__z1p10__lam0p030__nu0p50__psi0p75,hardzero_plus_depr,0.02,34,79,0.0,2,0.07624035,0.076562725,1.0402555,0.09114742,0.09114742,1.0,0.00032237382,0.0035368397,-27.191593,2.2886078,0.7628693,0.2,0.0,0.14837524,2.3099983,2.3399982,256000
hardzero_plus_depr__c0p50__z1p10__lam0p030__nu0p50__psi0p75,hardzero_plus_depr,0.02,34,80,0.0,2,0.076562725,0.076942995,0.95875335,0.10996303,0.10996303,1.0,0.00038026858,0.0034581493,-26.087688,2.1092994,0.70309985,0.2,0.0,0.13184807,2.3399982,2.3699982,259200
hardzero_plus_depr__c0p50__z1p10__lam0p030__nu0p50__psi0p75,hardzero_plus_depr,0.02,34,81,0.0,2,0.076942995,0.077264994,1.0212187,0.09523166,0.09523166,1.0,0.0003219982,0.0033812097,-27.034283,2.246726,0.7489087,0.15200001,0.0,0.13171642,2.3699982,2.3999982,262400
hardzero_plus_depr__c0p50__z1p10__lam0p030__nu0p50__psi0p75,hardzero_plus_depr,0.02,34,82,0.0,2,0.077264994,0.077539995,1.0799695,0.083182216,0.083182216,1.0,0.00027499892,0.0033059823,-28.024494,2.3759804,0.7919935,0.120000005,0.0,0.17301069,2.3999982,2.4299982,265600
hardzero_plus_depr__c0p50__z1p10__lam0p030__nu0p50__psi0p75,hardzero_plus_depr,0.02,34,83,0.0,2,0.077539995,0.07785219,1.0151069,0.096581295,0.096581295,1.0,0.00031219213,0.0032324286,-26.772755,2.2332797,0.7444266,0.208,0.0,0.14120245,2.4299982,2.4599981,268800
hardzero_plus_depr__c0p50__z1p10__lam0p030__nu0p50__psi0p75,hardzero_plus_depr,0.02,34,84,0.0,2,0.07785219,0.078247905,0.9023777,0.12520517,0.12520517,1.0,0.00039571233,0.003160511,-24.459614,1.9852706,0.6617569,0.17600001,0.0,0.12872574,2.4599981,2.489998,272000
hardzero_plus_depr__c0p50__z1p10__lam0p030__nu0p50__psi0p75,hardzero_plus_depr,0.02,34,85,0.0,2,0.078247905,0.07856889,0.98349786,0.10387286,0.10387286,1.0,0.0003209872,0.0030901933,-27.016207,2.1637385,0.7212462,0.16800001,0.0,0.14673658,2.489998,2.519998,275200
hardzero_plus_depr__c0p50__z1p10__lam0p030__nu0p50__psi0p75,hardzero_plus_depr,0.02,34,86,0.0,2,0.07856889,0.07886278,1.0120288,0.09726827,0.09726827,1.0,0.00029389028,0.0030214405,-28.206377,2.226508,0.7421693,0.16000001,0.0,0.18287633,2.519998,2.549998,278400
hardzero_plus_depr__c0p50__z1p10__lam0p030__nu0p50__psi0p75,hardzero_plus_depr,0.02,34,87,0.0,2,0.07886278,0.07919505,0.94894856,0.11247382,0.11247382,1.0,0.00033227212,0.0029542174,-25.797325,2.0877285,0.6959095,0.18400002,0.0,0.15199672,2.549998,2.579998,281600
hardzero_plus_depr__c0p50__z1p10__lam0p030__nu0p50__psi0p75,hardzero_plus_depr,0.02,34,88,0.0,2,0.07919505,0.0794527,1.049642,0.089198604,0.089198604,1.0,0.00025764923,0.0028884895,-28.423681,2.3092585,0.76975286,0.136,0.0,0.15340222,2.579998,2.609998,284800
hardzero_plus_depr__c0p50__z1p10__lam0p030__nu0p50__psi0p75,hardzero_plus_depr,0.02,34,89,0.0,2,0.0794527,0.079735965,0.9987068,0.1002982,0.1002982,1.0,0.0002832646,0.002824224,-26.888596,2.1971989,0.73239964,0.17600001,0.0,0.1487247,2.609998,2.639998,288000
hardzero_plus_depr__c0p50__z1p10__lam0p030__nu0p50__psi0p75,hardzero_plus_depr,0.02,34,90,0.0,2,0.079735965,0.08001314,0.99836826,0.100376435,0.100376435,1.0,0.00027717836,0.002761389,-27.03884,2.196454,0.7321514,0.15200001,0.0,0.13775139,2.639998,2.669998,291200
hardzero_plus_depr__c0p50__z1p10__lam0p030__nu0p50__psi0p75,hardzero_plus_depr,0.02,34,91,0.0,2,0.08001314,0.08030412,0.96748435,0.107774414,0.107774414,1.0,0.00029098574,0.0026999519,-26.516273,2.128508,0.7095027,0.22,0.0,0.1285542,2.669998,2.699998,294400
hardzero_plus_depr__c0p50__z1p10__lam0p030__nu0p50__psi0p75,hardzero_plus_depr,0.02,34,92,0.0,2,0.08030412,0.080564454,1.0060571,0.098614976,0.098614976,1.0,0.0002603318,0.002639881,-26.395096,2.2133698,0.73779,0.120000005,0.0,0.12465513,2.699998,2.7299979,297600
hardzero_plus_depr__c0p50__z1p10__lam0p030__nu0p50__psi0p75,hardzero_plus_depr,0.02,34,93,0.0,2,0.080564454,0.08082211,1.0007787,0.09982087,0.09982087,1.0,0.00025765234,0.002581147,-27.08076,2.201757,0.733919,0.14400001,0.0,0.12642151,2.7299979,2.7599978,300800
hardzero_plus_depr__c0p50__z1p10__lam0p030__nu0p50__psi0p75,hardzero_plus_depr,0.02,34,94,0.0,2,0.08082211,0.08107097,1.0060855,0.09860853,0.09860853,1.0,0.0002488603,0.0025237198,-26.823278,2.2134323,0.7378108,0.17600001,0.0,0.12906823,2.7599978,2.7899978,304000
hardzero_plus_depr__c0p50__z1p10__lam0p030__nu0p50__psi0p75,hardzero_plus_depr,0.02,34,95,0.0,2,0.08107097,0.081339315,0.96357024,0.10875012,0.10875012,1.0,0.00026834858,0.0024675704,-26.01456,2.119897,0.7066323,0.192,0.0,0.14483912,2.7899978,2.8199978,307200
hardzero_plus_depr__c0p50__z1p10__lam0p030__nu0p50__psi0p75,hardzero_plus_depr,0.02,34,96,0.0,2,0.081339315,0.08157853,1.003707,0.09915005,0.09915005,1.0,0.00023921633,0.0024126698,-27.356098,2.2081995,0.7360665,0.16800001,0.0,0.14831546,2.8199978,2.8499978,310400
hardzero_plus_depr__c0p50__z1p10__lam0p030__nu0p50__psi0p75,hardzero_plus_depr,0.02,34,97,0.0,2,0.08157853,0.08179862,1.0301199,0.09329967,0.09329967,1.0,0.00022009306,0.0023589907,-27.061954,2.266309,0.75543636,0.112,0.0,0.15454875,2.8499978,2.8799977,313600
hardzero_plus_depr__c0p50__z1p10__lam0p030__nu0p50__psi0p75,hardzero_plus_depr,0.02,34,98,0.0,2,0.08179862,0.08203309,0.9928735,0.10165447,0.10165447,1.0,0.00023446664,0.002306506,-26.047327,2.1843653,0.72812176,0.16000001,0.0,0.14839369,2.8799977,2.9099977,316800
hardzero_plus_depr__c0p50__z1p10__lam0p030__nu0p50__psi0p75,hardzero_plus_depr,0.02,34,99,0.0,2,0.08203309,0.08227397,0.97139347,0.106808685,0.106808685,1.0,0.00024087385,0.0022551897,-25.696695,2.1371083,0.71236944,0.192,0.0,0.12824652,2.9099977,2.9399977,320000
hardzero_plus_depr__c0p50__z1p10__lam0p030__nu0p50__psi0p75,hardzero_plus_depr,0.02,34,100,0.0,2,0.08227397,0.08250779,0.97452116,0.10604223,0.10604223,1.0,0.00023382463,0.0022050142,-25.93051,2.1439893,0.71466315,0.23200001,0.0,0.124559395,2.9399977,2.9699976,323200
hardzero_plus_depr__c0p50__z1p10__lam0p030__nu0p50__psi0p75,hardzero_plus_depr,0.02,34,101,0.0,2,0.08250779,0.082697615,1.0552807,0.08804795,0.08804795,1.0,0.00018982746,0.0021559554,-27.650066,2.3216639,0.773888,0.120000005,0.0,0.13897865,2.9699976,2.9999976,326400
hardzero_plus_depr__c0p50__z1p10__lam0p030__nu0p50__psi0p75,hardzero_plus_depr,0.02,34,102,0.0,2,0.082697615,0.08290899,0.9988246,0.100271024,0.100271024,1.0,0.00021137018,0.0021079886,-27.655607,2.197458,0.732486,0.15200001,0.0,0.14407864,2.9999976,3.0299976,329600
hardzero_plus_depr__c0p50__z1p10__lam0p030__nu0p50__psi0p75,hardzero_plus_depr,0.02,34,103,0.0,2,0.08290899,0.08313267,0.9644647,0.10852638,0.10852638,1.0,0.00022368245,0.0020610883,-26.326237,2.1218648,0.70728827,0.2,0.0,0.15263046,3.0299976,3.0599976,332800
hardzero_plus_depr__c0p50__z1p10__lam0p030__nu0p50__psi0p75,hardzero_plus_depr,0.02,34,104,0.0,2,0.08313267,0.08331819,1.0359316,0.092059456,0.092059456,1.0,0.0001855211,0.0020152314,-27.055273,2.279095,0.75969833,0.12,0.0,0.13973492,3.0599976,3.0899975,336000
hardzero_plus_depr__c0p50__z1p10__lam0p030__nu0p50__psi0p75,hardzero_plus_depr,0.02,34,105,0.0,2,0.08331819,0.08354191,0.94484925,0.11354049,0.11354049,1.0,0.00022371962,0.001970395,-25.974825,2.0787098,0.6929033,0.208,0.0,0.11927881,3.0899975,3.1199975,339200
hardzero_plus_depr__c0p50__z1p10__lam0p030__nu0p50__psi0p75,hardzero_plus_depr,0.02,34,106,0.0,2,0.08354191,0.08374399,0.97926015,0.10489138,0.10489138,1.0,0.00020207911,0.001926556,-26.256243,2.1544154,0.71813846,0.216,0.0,0.17010705,3.1199975,3.1499975,342400
hardzero_plus_depr__c0p50__z1p10__lam0p030__nu0p50__psi0p75,hardzero_plus_depr,0.02,34,107,0.0,2,0.08374399,0.08392913,1.0075192,0.09828353,0.09828353,1.0,0.000185136,0.001883693,-27.50291,2.2165866,0.7388622,0.208,0.0,0.16765,3.1499975,3.1799974,345600
hardzero_plus_depr__c0p50__z1p10__lam0p030__nu0p50__psi0p75,hardzero_plus_depr,0.02,34,108,0.0,2,0.08392913,0.08409941,1.034073,0.09245428,0.09245428,1.0,0.00017028072,0.001841783,-28.107275,2.275006,0.75833535,0.16800001,0.0,0.1632558,3.1799974,3.2099974,348800
hardzero_plus_depr__c0p50__z1p10__lam0p030__nu0p50__psi0p75,hardzero_plus_depr,0.02,34,109,0.0,2,0.08409941,0.08426849,1.0273899,0.093888015,0.093888015,1.0,0.00016907406,0.0018008056,-27.227833,2.2603028,0.7534343,0.120000005,0.0,0.13754512,3.2099974,3.2399974,352000
hardzero_plus_depr__c0p50__z1p10__lam0p030__nu0p50__psi0p75,hardzero_plus_depr,0.02,34,110,0.0,2,0.08426849,0.084466,0.9501031,0.1121752,0.1121752,1.0,0.00019751138,0.0017607403,-26.005407,2.0902686,0.69675624,0.2,0.0,0.13809887,3.2399974,3.2699974,355200
hardzero_plus_depr__c0p50__z1p10__lam0p030__nu0p50__psi0p75,hardzero_plus_depr,0.02,34,111,0.0,2,0.084466,0.08465803,0.9525762,0.11153824,0.11153824,1.0,0.00019202044,0.001721566,-25.474636,2.0957096,0.6985699,0.120000005,0.0,0.1343568,3.2699974,3.2999973,358400
hardzero_plus_depr__c0p50__z1p10__lam0p030__nu0p50__psi0p75,hardzero_plus_depr,0.02,34,112,0.0,2,0.08465803,0.08483025,0.9900605,0.10231504,0.10231504,1.0,0.00017222312,0.0016832631,-26.902065,2.1781766,0.7260589,0.120000005,0.0,0.15309219,3.2999973,3.3299973,361600
hardzero_plus_depr__c0p50__z1p10__lam0p030__nu0p50__psi0p75,hardzero_plus_depr,0.02,34,113,0.0,2,0.08483025,0.084978074,1.0466368,0.08981797,0.08981797,1.0,0.00014782354,0.0016458125,-27.198738,2.3026469,0.767549,0.16000001,0.0,0.16014777,3.3299973,3.3599973,364800
hardzero_plus_depr__c0p50__z1p10__lam0p030__nu0p50__psi0p75,hardzero_plus_depr,0.02,34,114,0.0,2,0.084978074,0.08512795,1.0308678,0.093139134,0.093139134,1.0,0.00014987905,0.0016091953,-27.383295,2.2679543,0.7559848,0.14400001,0.0,0.14203088,3.3599973,3.3899972,368000
hardzero_plus_depr__c0p50__z1p10__lam0p030__nu0p50__psi0p75,hardzero_plus_depr,0.02,34,115,0.0,2,0.08512795,0.08527201,1.0383004,0.0915587,0.0915587,1.0,0.0001440578,0.0015733929,-27.172564,2.2843065,0.7614355,0.136,0.0,0.14470738,3.3899972,3.4199972,371200
hardzero_plus_depr__c0p50__z1p10__lam0p030__nu0p50__psi0p75,hardzero_plus_depr,0.02,34,116,0.0,2,0.08527201,0.08542846,0.99268013,0.10169974,0.10169974,1.0,0.00015645353,0.0015383868,-26.738983,2.18394,0.72798,0.192,0.0,0.12917188,3.4199972,3.4499972,374400
hardzero_plus_depr__c0p50__z1p10__lam0p030__nu0p50__psi0p75,hardzero_plus_depr,0.02,34,117,0.0,2,0.08542846,0.08556795,1.032741,0.09273827,0.09273827,1.0,0.00013949316,0.0015041595,-27.435005,2.2720754,0.7573585,0.14999999,0.0,0.18183845,3.4499972,3.4799972,377600
hardzero_plus_depr__c0p50__z1p10__lam0p030__nu0p50__psi0p75,hardzero_plus_depr,0.02,34,118,0.0,2,0.08556795,0.085696034,1.0600314,0.08709005,0.08709005,1.0,0.00012808283,0.0014706942,-27.896437,2.3321157,0.7773719,0.128,0.0,0.14594586,3.4799972,3.5099971,380800
hardzero_plus_depr__c0p50__z1p10__lam0p030__nu0p50__psi0p75,hardzero_plus_depr,0.02,34,119,0.0,2,0.085696034,0.085838564,1.0038445,0.09911868,0.09911868,1.0,0.00014252999,0.001437973,-26.866312,2.208502,0.7361674,0.16000001,0.0,0.1216206,3.5099971,3.539997,384000
hardzero_plus_depr__c0p50__z1p10__lam0p030__nu0p50__psi0p75,hardzero_plus_depr,0.02,34,120,0.0,2,0.085838564,0.08598685,0.9768769,0.10546857,0.10546857,1.0,0.0001482867,0.0014059799,-26.204266,2.149172,0.7163907,0.120000005,0.0,0.13425542,3.539997,3.569997,387200
hardzero_plus_depr__c0p50__z1p10__lam0p030__nu0p50__psi0p75,hardzero_plus_depr,0.02,34,121,0.0,2,0.08598685,0.086098135,1.0917928,0.080948204,0.080948204,1.0,0.00011127938,0.0013746986,-28.105736,2.401992,0.80066407,0.096,0.0,0.17564304,3.569997,3.599997,390400
hardzero_plus_depr__c0p50__z1p10__lam0p030__nu0p50__psi0p75,hardzero_plus_depr,0.02,34,122,0.0,2,0.086098135,0.08625328,0.93769497,0.11542637,0.11542637,1.0,0.00015514609,0.001344113,-26.295452,2.0629702,0.68765676,0.216,0.0,0.17330413,3.599997,3.629997,393600
hardzero_plus_depr__c0p50__z1p10__lam0p030__nu0p50__psi0p75,hardzero_plus_depr,0.02,34,123,0.0,2,0.08625328,0.08638167,1.0101391,0.097692415,0.097692415,1.0,0.0001283882,0.0013142085,-27.593977,2.2223504,0.74078345,0.14400001,0.0,0.16023257,3.629997,3.659997,396800
hardzero_plus_depr__c0p50__z1p10__lam0p030__nu0p50__psi0p75,hardzero_plus_depr,0.02,34,124,0.0,2,0.08638167,0.086513385,0.98924005,0.10250852,0.10250852,1.0,0.00013172026,0.0012849688,-26.642696,2.1763716,0.7254572,0.24000001,0.0,0.16032632,3.659997,3.689997,400000
hardzero_plus_depr__c0p50__z1p10__lam0p030__nu0p50__psi0p75,hardzero_plus_depr,0.02,34,125,0.0,2,0.086513385,0.08664482,0.98040944,0.10461418,0.10461418,1.0,0.00013143515,0.0012563799,-26.23855,2.1569438,0.71898127,0.15200001,0.0,0.17766383,3.689997,3.719997,403200
hardzero_plus_depr__c0p50__z1p10__lam0p030__nu0p50__psi0p75,hardzero_plus_depr,0.02,34,126,0.0,2,0.08664482,0.08676104,1.0240608,0.09461047,0.09461047,1.0,0.000116222065,0.0012284272,-27.474152,2.2529788,0.75099295,0.15200001,0.0,0.14219958,3.719997,3.749997,406400
hardzero_plus_depr__c0p50__z1p10__lam0p030__nu0p50__psi0p75,hardzero_plus_depr,0.02,34,127,0.0,2,0.08676104,0.08689107,0.9655331,0.10825973,0.10825973,1.0,0.00013003036,0.0012010962,-25.387434,2.1242151,0.7080717,0.18400002,0.0,0.12074648,3.749997,3.7799969,409600
hardzero_plus_depr__c0p50__z1p10__lam0p030__nu0p50__psi0p75,hardzero_plus_depr,0.02,34,128,0.0,2,0.08689107,0.08700845,1.000228,0.09994751,0.09994751,1.0,0.00011737568,0.0011743732,-26.403841,2.2005455,0.7335152,0.16000001,0.008,0.1372678,3.7799969,3.8099968,412800
hardzero_plus_depr__c0p50__z1p10__lam0p030__nu0p50__psi0p75,hardzero_plus_depr,0.02,34,129,0.0,2,0.08700845,0.087128825,0.97948915,0.104836114,0.104836114,1.0,0.000120377525,0.0011482448,-26.139462,2.1549191,0.7183064,0.14400001,0.0,0.1184157,3.8099968,3.8399968,416000
hardzero_plus_depr__c0p50__z1p10__lam0p030__nu0p50__psi0p75,hardzero_plus_depr,0.02,34,130,0.0,2,0.087128825,0.087247804,0.97479194,0.105976135,0.105976135,1.0,0.00011897918,0.0011226978,-26.617397,2.1445851,0.71486175,0.16,0.0,0.1289591,3.8399968,3.8699968,419200
hardzero_plus_depr__c0p50__z1p10__lam0p030__nu0p50__psi0p75,hardzero_plus_depr,0.02,34,131,0.0,2,0.087247804,0.087354384,1.0127991,0.09709589,0.09709589,1.0,0.00010658405,0.0010977194,-26.303438,2.2282026,0.7427342,0.112,0.0,0.13803302,3.8699968,3.8999968,422400
hardzero_plus_depr__c0p50__z1p10__lam0p030__nu0p50__psi0p75,hardzero_plus_depr,0.02,34,132,0.0,2,0.087354384,0.0874643,0.98964804,0.10241227,0.10241227,1.0,0.00010991872,0.0010732964,-26.869617,2.1772692,0.7257564,0.16000001,0.0,0.12781118,3.8999968,3.9299967,425600
hardzero_plus_depr__c0p50__z1p10__lam0p030__nu0p50__psi0p75,hardzero_plus_depr,0.02,34,133,0.0,2,0.0874643,0.08756807,1.0049157,0.09887449,0.09887449,1.0,0.000103760554,0.0010494168,-27.347118,2.2108588,0.73695296,0.128,0.0,0.14165139,3.9299967,3.9599967,428800
hardzero_plus_depr__c0p50__z1p10__lam0p030__nu0p50__psi0p75,hardzero_plus_depr,0.02,34,134,0.0,2,0.08756807,0.08765309,1.0816318,0.08286443,0.08286443,1.0,8.502462e-05,0.0010260689,-29.152748,2.3796375,0.79321253,0.16000001,0.0,0.15933803,3.9599967,3.9899967,432000
hardzero_plus_depr__c0p50__z1p10__lam0p030__nu0p50__psi0p75,hardzero_plus_depr,0.02,34,135,0.0,2,0.08765309,0.08775717,0.98405415,0.10373991,0.10373991,1.0,0.00010407604,0.0010032401,-27.296515,2.1649623,0.7216541,0.136,0.0,0.13260642,3.9899967,4.0199966,435200
hardzero_plus_depr__c0p50__z1p10__lam0p030__nu0p50__psi0p75,hardzero_plus_depr,0.02,34,136,0.0,2,0.08775717,0.0878506,1.0211415,0.09524858,0.09524858,1.0,9.343116e-05,0.0009809192,-27.088652,2.2465563,0.74885213,0.15200001,0.0,0.12796786,4.0199966,4.049997,438400
hardzero_plus_depr__c0p50__z1p10__lam0p030__nu0p50__psi0p75,hardzero_plus_depr,0.02,34,137,0.0,2,0.0878506,0.08795024,0.9834491,0.103884526,0.103884526,1.0,9.963512e-05,0.00095909496,-26.647667,2.1636312,0.7212104,0.216,0.008,0.16531159,4.049997,4.079997,441600
hardzero_plus_depr__c0p50__z1p10__lam0p030__nu0p50__psi0p75,hardzero_plus_depr,0.02,34,138,0.0,2,0.08795024,0.08804291,1.00514,0.098823465,0.098823465,1.0,9.267229e-05,0.000937756,-27.343342,2.211352,0.7371174,0.208,0.0,0.15283932,4.079997,4.1099973,444800
hardzero_plus_depr__c0p50__z1p10__lam0p030__nu0p50__psi0p75,hardzero_plus_depr,0.02,34,139,0.0,2,0.08804291,0.08812417,1.0524142,0.08863103,0.08863103,1.0,8.126507e-05,0.00091689185,-28.383892,2.3153574,0.77178586,0.216,0.0,0.18462145,4.1099973,4.1399975,448000
hardzero_plus_depr__c0p50__z1p10__lam0p030__nu0p50__psi0p75,hardzero_plus_depr,0.02,34,140,0.0,2,0.08812417,0.088217154,0.9841509,0.10371681,0.10371681,1.0,9.298131e-05,0.00089649216,-26.74506,2.1651752,0.7217251,0.14400001,0.0,0.1493185,4.1399975,4.1699977,451200
hardzero_plus_depr__c0p50__z1p10__lam0p030__nu0p50__psi0p75,hardzero_plus_depr,0.02,34,141,0.0,2,0.088217154,0.08830225,1.0128653,0.097081095,0.097081095,1.0,8.5096064e-05,0.0008765462,-27.558352,2.2283483,0.7427828,0.16800001,0.0,0.13555743,4.1699977,4.199998,454400
hardzero_plus_depr__c0p50__z1p10__lam0p030__nu0p50__psi0p75,hardzero_plus_depr,0.02,34,142,0.0,2,0.08830225,0.08839067,0.98643196,0.10317347,0.10317347,1.0,8.842419e-05,0.00085704384,-26.316565,2.1701937,0.7233979,0.208,0.0,0.14583015,4.199998,4.229998,457600
hardzero_plus_depr__c0p50__z1p10__lam0p030__nu0p50__psi0p75,hardzero_plus_depr,0.02,34,143,0.0,2,0.08839067,0.08846788,1.0355697,0.092136204,0.092136204,1.0,7.720788e-05,0.0008379755,-27.988989,2.2782989,0.759433,0.099999994,0.01,0.15382572,4.229998,4.2599983,460800
hardzero_plus_depr__c0p50__z1p10__lam0p030__nu0p50__psi0p75,hardzero_plus_depr,0.02,34,144,0.0,2,0.08846788,0.088550664,0.9955179,0.10103739,0.10103739,1.0,8.2783125e-05,0.00081933156,-26.759884,2.1901832,0.73006105,0.16800001,0.0,0.13639201,4.2599983,4.2899985,464000
hardzero_plus_depr__c0p50__z1p10__lam0p030__nu0p50__psi0p75,hardzero_plus_depr,0.02,34,145,0.0,2,0.088550664,0.08863434,0.9810967,0.10444875,0.10444875,1.0,8.3674146e-05,0.00080110243,-26.565708,2.1584558,0.7194853,0.18400002,0.0,0.15590177,4.2899985,4.3199987,467200
hardzero_plus_depr__c0p50__z1p10__lam0p030__nu0p50__psi0p75,hardzero_plus_depr,0.02,34,146,0.0,2,0.08863434,0.08871,1.0150628,0.09659111,0.09659111,1.0,7.565775e-05,0.0007832786,-26.682598,2.2331827,0.74439424,0.120000005,0.0,0.12998973,4.3199987,4.349999,470400
hardzero_plus_depr__c0p50__z1p10__lam0p030__nu0p50__psi0p75,hardzero_plus_depr,0.02,34,147,0.0,2,0.08871,0.08878195,1.0271219,0.09394596,0.09394596,1.0,7.194864e-05,0.0007658514,-28.047314,2.2597134,0.75323784,0.17600001,0.0,0.18180944,4.349999,4.379999,473600
hardzero_plus_depr__c0p50__z1p10__lam0p030__nu0p50__psi0p75,hardzero_plus_depr,0.02,34,148,0.0,2,0.08878195,0.08886237,0.9690448,0.10738785,0.10738785,1.0,8.041332e-05,0.00074881216,-25.825552,2.131941,0.71064705,0.256,0.0,0.13862228,4.379999,4.4099994,476800
hardzero_plus_depr__c0p50__z1p10__lam0p030__nu0p50__psi0p75,hardzero_plus_depr,0.02,34,149,0.0,2,0.08886237,0.08893607,0.9971334,0.10066225,0.10066225,1.0,7.370007e-05,0.000732152,-26.268389,2.1937373,0.73124576,0.17600001,0.0,0.15058376,4.4099994,4.4399996,480000
hardzero_plus_depr__c0p50__z1p10__lam0p030__nu0p50__psi0p75,hardzero_plus_depr,0.02,34,150,0.0,2,0.08893607,0.0890045,1.0195559,0.09559696,0.09559696,1.0,6.843426e-05,0.0007158623,-27.475845,2.2430677,0.74768925,0.16000001,0.0,0.14557718,4.4399996,4.47,483200
hardzero_plus_depr__c0p50__z1p10__lam0p030__nu0p50__psi0p75,hardzero_plus_depr,0.02,34,151,0.0,2,0.0890045,0.08907729,0.98300165,0.10399163,0.10399163,1.0,7.2787385e-05,0.0006999351,-26.212406,2.1626468,0.7208823,0.256,0.0,0.15073653,4.47,4.5,486400
hardzero_plus_depr__c0p50__z1p10__lam0p030__nu0p50__psi0p75,hardzero_plus_depr,0.02,34,152,0.0,2,0.08907729,0.08915343,0.95365626,0.111261204,0.111261204,1.0,7.614298e-05,0.0006843623,-25.878696,2.0980856,0.6993619,0.17600001,0.0,0.13354428,4.5,4.53,489600
hardzero_plus_depr__c0p50__z1p10__lam0p030__nu0p50__psi0p75,hardzero_plus_depr,0.02,34,153,0.0,2,0.08915343,0.08921913,1.0079763,0.098180145,0.098180145,1.0,6.569588e-05,0.0006691361,-27.902294,2.217592,0.7391974,0.216,0.0,0.14701732,4.53,4.5600004,492800
hardzero_plus_depr__c0p50__z1p10__lam0p030__nu0p50__psi0p75,hardzero_plus_depr,0.02,34,154,0.0,2,0.08921913,0.08929339,0.9450003,0.113501005,0.113501005,1.0,7.425786e-05,0.0006542485,-26.776031,2.0790422,0.6930141,0.128,0.0,0.15420184,4.5600004,4.5900006,496000
hardzero_plus_depr__c0p50__z1p10__lam0p030__nu0p50__psi0p75,hardzero_plus_depr,0.02,34,155,0.0,2,0.08929339,0.089355744,1.0111263,0.097470604,0.097470604,1.0,6.235117e-05,0.00063969207,-26.195614,2.2245224,0.7415075,0.136,0.0,0.13238956,4.5900006,4.620001,499200
hardzero_plus_depr__c0p50__z1p10__lam0p030__nu0p50__psi0p75,hardzero_plus_depr,0.02,34,156,0.0,2,0.089355744,0.08942743,0.9408066,0.11460229,0.11460229,1.0,7.167912e-05,0.0006254597,-24.937246,2.0698159,0.68993866,0.13,0.0,0.12743427,4.620001,4.650001,502400
hardzero_plus_depr__c0p50__z1p10__lam0p030__nu0p50__psi0p75,hardzero_plus_depr,0.02,34,157,0.0,2,0.08942743,0.08949257,0.9725578,0.10652272,0.10652272,1.0,6.514333e-05,0.000611544,-26.647745,2.13967,0.71322334,0.16800001,0.0,0.1417713,4.650001,4.6800013,505600
hardzero_plus_depr__c0p50__z1p10__lam0p030__nu0p50__psi0p75,hardzero_plus_depr,0.02,34,158,0.0,2,0.08949257,0.089555204,0.979815,0.10475745,0.10475745,1.0,6.263843e-05,0.0005979377,-25.781475,2.155636,0.7185454,0.16000001,0.0,0.13768652,4.6800013,4.7100015,508800
hardzero_plus_depr__c0p50__z1p10__lam0p030__nu0p50__psi0p75,hardzero_plus_depr,0.02,34,159,0.0,2,0.089555204,0.08961813,0.96803826,0.107637025,0.107637025,1.0,6.292828e-05,0.00058463414,-25.947693,2.1297266,0.7099089,0.208,0.0,0.13040748,4.7100015,4.7400017,512000
hardzero_plus_depr__c0p50__z1p10__lam0p030__nu0p50__psi0p75,hardzero_plus_depr,0.02,34,160,0.0,2,0.08961813,0.089680225,0.9640586,0.10862791,0.10862791,1.0,6.2094616e-05,0.00057162676,-25.111029,2.1209712,0.7069904,0.17600001,0.0,0.11963669,4.7400017,4.770002,515200
hardzero_plus_depr__c0p50__z1p10__lam0p030__nu0p50__psi0p75,hardzero_plus_depr,0.02,34,161,0.0,2,0.089680225,0.089733854,1.0179256,0.0959565,0.0959565,1.0,5.3630924e-05,0.00055890874,-27.01286,2.239481,0.7464937,0.18400002,0.0,0.13482676,4.770002,4.800002,518400
hardzero_plus_depr__c0p50__z1p10__lam0p030__nu0p50__psi0p75,hardzero_plus_depr,0.02,34,162,0.0,2,0.089733854,0.08978099,1.0642648,0.08624525,0.08624525,1.0,4.7130754e-05,0.0005464736,-28.6064,2.3414292,0.78047645,0.136,0.0,0.17776571,4.800002,4.8300023,521600
hardzero_plus_depr__c0p50__z1p10__lam0p030__nu0p50__psi0p75,hardzero_plus_depr,0.02,34,163,0.0,2,0.08978099,0.08984004,0.956575,0.110515974,0.110515974,1.0,5.905035e-05,0.00053431507,-26.025839,2.104507,0.7015023,0.24800001,0.0,0.1371563,4.8300023,4.8600025,524800
hardzero_plus_depr__c0p50__z1p10__lam0p030__nu0p50__psi0p75,hardzero_plus_depr,0.02,34,164,0.0,2,0.08984004,0.08989245,0.99862945,0.10031607,0.10031607,1.0,5.2407842e-05,0.0005224272,-26.85068,2.1970286,0.7323429,0.15200001,0.0,0.13291174,4.8600025,4.8900027,528000
hardzero_plus_depr__c0p50__z1p10__lam0p030__nu0p50__psi0p75,hardzero_plus_depr,0.02,34,165,0.0,2,0.08989245,0.08994216,1.0117968,0.09732023,0.09732023,1.0,4.971154e-05,0.0005108038,-26.636679,2.2259974,0.74199915,0.120000005,0.0,0.12883028,4.8900027,4.920003,531200
hardzero_plus_depr__c0p50__z1p10__lam0p030__nu0p50__psi0p75,hardzero_plus_depr,0.02,34,166,0.0,2,0.08994216,0.08998947,1.0235397,0.09472406,0.09472406,1.0,4.7308884e-05,0.00049943896,-26.640667,2.2518322,0.75061077,0.16000001,0.0,0.14325331,4.920003,4.950003,534400
hardzero_plus_depr__c0p50__z1p10__lam0p030__nu0p50__psi0p75,hardzero_plus_depr,0.02,34,167,0.0,2,0.08998947,0.09003848,0.99842346,0.10036368,0.10036368,1.0,4.9010283e-05,0.0004883269,-27.005405,2.1965754,0.7321918,0.14400001,0.0,0.14283378,4.950003,4.9800034,537600
hardzero_plus_depr__c0p50__z1p10__lam0p030__nu0p50__psi0p75,hardzero_plus_depr,0.02,34,168,0.0,2,0.09003848,0.09008185,1.0417781,0.09082845,0.09082845,1.0,4.3367152e-05,0.00047746222,-28.189701,2.2919576,0.7639859,0.16800001,0.0,0.16344374,4.9800034,5.0100036,540800
hardzero_plus_depr__c0p50__z1p10__lam0p030__nu0p50__psi0p75,hardzero_plus_depr,0.02,34,169,0.0,2,0.09008185,0.090127304,1.0115776,0.097369365,0.097369365,1.0,4.5455847e-05,0.0004668393,-26.930298,2.2255151,0.7418384,0.099999994,0.0,0.15851143,5.0100036,5.040004,544000
hardzero_plus_depr__c0p50__z1p10__lam0p030__nu0p50__psi0p75,hardzero_plus_depr,0.02,34,170,0.0,2,0.090127304,0.09016712,1.059376,0.087221585,0.087221585,1.0,3.9812516e-05,0.00045645254,-27.904171,2.3306737,0.77689123,0.136,0.0,0.15710805,5.040004,5.070004,547200
hardzero_plus_depr__c0p50__z1p10__lam0p030__nu0p50__psi0p75,hardzero_plus_depr,0.02,34,171,0.0,2,0.09016712,0.09020541,1.0665905,0.08578463,0.08578463,1.0,3.8285416e-05,0.0004462969,-28.911274,2.346546,0.782182,0.18400002,0.0,0.18225299,5.070004,5.100004,550400
hardzero_plus_depr__c0p50__z1p10__lam0p030__nu0p50__psi0p75,hardzero_plus_depr,0.02,34,172,0.0,2,0.09020541,0.09025475,0.9466499,0.11307069,0.11307069,1.0,4.9340357e-05,0.00043636735,-26.252203,2.0826714,0.6942238,0.208,0.0,0.13124885,5.100004,5.1300044,553600
hardzero_plus_depr__c0p50__z1p10__lam0p030__nu0p50__psi0p75,hardzero_plus_depr,0.02,34,173,0.0,2,0.09025475,0.09029514,1.0237318,0.09468216,0.09468216,1.0,4.0396968e-05,0.00042665872,-27.23511,2.252255,0.7507517,0.128,0.0,0.1271304,5.1300044,5.1600046,556800
hardzero_plus_depr__c0p50__z1p10__lam0p030__nu0p50__psi0p75,hardzero_plus_depr,0.02,34,174,0.0,2,0.09029514,0.090341955,0.94994044,0.11221722,0.11221722,1.0,4.68132e-05,0.00041716592,-25.817118,2.0899107,0.6966369,0.18400002,0.0,0.12265016,5.1600046,5.190005,560000
hardzero_plus_depr__c0p50__z1p10__lam0p030__nu0p50__psi0p75,hardzero_plus_depr,0.02,34,175,0.0,2,0.090341955,0.09038339,0.99319685,0.10157881,0.10157881,1.0,4.143241e-05,0.00040788436,-27.045698,2.1850767,0.7283589,0.2,0.0,0.13271223,5.190005,5.220005,563200
hardzero_plus_depr__c0p50__z1p10__lam0p030__nu0p50__psi0p75,hardzero_plus_depr,0.02,34,176,0.0,2,0.09038339,0.09042089,1.0267463,0.094027236,0.094027236,1.0,3.749895e-05,0.00039880944,-27.39679,2.2588868,0.7529623,0.24000001,0.0,0.12776352,5.220005,5.2500052,566400
hardzero_plus_depr__c0p50__z1p10__lam0p030__nu0p50__psi0p75,hardzero_plus_depr,0.02,34,177,0.0,2,0.09042089,0.09045906,1.0091742,0.09790971,0.09790971,1.0,3.817856e-05,0.0003899364,-27.109676,2.2202277,0.74007595,0.2,0.0,0.1418384,5.2500052,5.2800055,569600
hardzero_plus_depr__c0p50__z1p10__lam0p030__nu0p50__psi0p75,hardzero_plus_depr,0.02,34,178,0.0,2,0.09045906,0.09049418,1.035731,0.092102,0.092102,1.0,3.5114874e-05,0.0003812607,-27.496037,2.2786536,0.7595512,0.15200001,0.0,0.14578575,5.2800055,5.3100057,572800
hardzero_plus_depr__c0p50__z1p10__lam0p030__nu0p50__psi0p75,hardzero_plus_depr,0.02,34,179,0.0,2,0.09049418,0.09053063,1.0098062,0.09776735,0.09776735,1.0,3.6445526e-05,0.00037277807,-26.309134,2.221618,0.7405393,0.16000001,0.0,0.12782152,5.3100057,5.340006,576000
hardzero_plus_depr__c0p50__z1p10__lam0p030__nu0p50__psi0p75,hardzero_plus_depr,0.02,34,180,0.0,2,0.09053063,0.09056632,1.0090617,0.097935066,0.097935066,1.0,3.5695783e-05,0.00036448418,-26.402393,2.21998,0.73999333,0.18400002,0.0,0.16016541,5.340006,5.370006,579200
hardzero_plus_depr__c0p50__z1p10__lam0p030__nu0p50__psi0p75,hardzero_plus_depr,0.02,34,181,0.0,2,0.09056632,0.090600215,1.0217696,0.0951109,0.0951109,1.0,3.3895136e-05,0.00035637486,-26.974007,2.2479382,0.74931276,0.17600001,0.0,0.13706948,5.370006,5.4000063,582400
hardzero_plus_depr__c0p50__z1p10__lam0p030__nu0p50__psi0p75,hardzero_plus_depr,0.02,34,182,0.0,2,0.090600215,0.09063298,1.0267227,0.09403235,0.09403235,1.0,3.2765172e-05,0.00034844576,-27.61422,2.258835,0.75294507,0.16,0.0,0.16924231,5.4000063,5.4300065,585600
hardzero_plus_depr__c0p50__z1p10__lam0p030__nu0p50__psi0p75,hardzero_plus_depr,0.02,34,183,0.0,2,0.09063298,0.09067114,0.95080733,0.11199346,0.11199346,1.0,3.8155416e-05,0.00034069325,-25.808788,2.0918179,0.69727266,0.14400001,0.0,0.12697105,5.4300065,5.4600067,588800
hardzero_plus_depr__c0p50__z1p10__lam0p030__nu0p50__psi0p75,hardzero_plus_depr,0.02,34,184,0.0,2,0.09067114,0.09070664,0.97236276,0.10657054,0.10657054,1.0,3.550006e-05,0.00033311325,-25.952385,2.1392407,0.7130803,0.14400001,0.0,0.1355714,5.4600067,5.490007,592000
hardzero_plus_depr__c0p50__z1p10__lam0p030__nu0p50__psi0p75,hardzero_plus_depr,0.02,34,185,0.0,2,0.09070664,0.0907395,0.9960785,0.10090705,0.10090705,1.0,3.2865617e-05,0.0003257019,-27.125961,2.1914165,0.7304722,0.18400002,0.0,0.13444966,5.490007,5.520007,595200
hardzero_plus_depr__c0p50__z1p10__lam0p030__nu0p50__psi0p75,hardzero_plus_depr,0.02,34,186,0.0,2,0.0907395,0.09077104,1.0041898,0.0990399,0.0990399,1.0,3.153979e-05,0.0003184554,-26.391258,2.209262,0.73642063,0.18400002,0.0,0.11963354,5.520007,5.5500073,598400
hardzero_plus_depr__c0p50__z1p10__lam0p030__nu0p50__psi0p75,hardzero_plus_depr,0.02,34,187,0.0,2,0.09077104,0.09079961,1.0374156,0.09174543,0.09174543,1.0,2.8566776e-05,0.00031137,-27.706383,2.2823598,0.76078665,0.16800001,0.0,0.17361076,5.5500073,5.5800076,601600
hardzero_plus_depr__c0p50__z1p10__lam0p030__nu0p50__psi0p75,hardzero_plus_depr,0.02,34,188,0.0,2,0.09079961,0.09082803,1.0298496,0.09335774,0.09335774,1.0,2.8422055e-05,0.0003044424,-27.725128,2.2657144,0.7552382,0.17600001,0.0,0.1402218,5.5800076,5.610008,604800
hardzero_plus_depr__c0p50__z1p10__lam0p030__nu0p50__psi0p75,hardzero_plus_depr,0.02,34,189,0.0,2,0.09082803,0.09085885,0.985008,0.10351231,0.10351231,1.0,3.0812396e-05,0.0002976689,-26.427803,2.1670609,0.72235364,0.16800001,0.0,0.14860232,5.610008,5.640008,608000
hardzero_plus_depr__c0p50__z1p10__lam0p030__nu0p50__psi0p75,hardzero_plus_depr,0.02,34,190,0.0,2,0.09085885,0.09088484,1.0490099,0.089328505,0.089328505,1.0,2.5998703e-05,0.000291046,-27.962015,2.307868,0.7692894,0.104,0.0,0.14776057,5.640008,5.670008,611200
hardzero_plus_depr__c0p50__z1p10__lam0p030__nu0p50__psi0p75,hardzero_plus_depr,0.02,34,191,0.0,2,0.09088484,0.09091605,0.95993865,0.1096633,0.1096633,1.0,3.120695e-05,0.0002845706,-26.918911,2.1119072,0.7039691,0.15200001,0.0,0.13699467,5.670008,5.7000084,614400
hardzero_plus_depr__c0p50__z1p10__lam0p030__nu0p50__psi0p75,hardzero_plus_depr,0.02,34,192,0.0,2,0.09091605,0.090945356,0.9774855,0.10532088,0.10532088,1.0,2.93044e-05,0.00027823923,-26.79927,2.150511,0.71683705,0.2,0.0,0.1514107,5.7000084,5.7300086,617600
hardzero_plus_depr__c0p50__z1p10__lam0p030__nu0p50__psi0p75,hardzero_plus_depr,0.02,34,193,0.0,2,0.090945356,0.09097168,1.0143278,0.09675473,0.09675473,1.0,2.6322e-05,0.00027204872,-27.959152,2.2315657,0.74385524,0.17600001,0.0,0.17101653,5.7300086,5.760009,620800
hardzero_plus_depr__c0p50__z1p10__lam0p030__nu0p50__psi0p75,hardzero_plus_depr,0.02,34,194,0.0,2,0.09097168,0.09099436,1.0691857,0.08527353,0.08527353,1.0,2.2682414e-05,0.00026599597,-27.932568,2.3522556,0.7840852,0.112,0.0,0.15720306,5.760009,5.790009,624000
hardzero_plus_depr__c0p50__z1p10__lam0p030__nu0p50__psi0p75,hardzero_plus_depr,0.02,34,195,0.0,2,0.09099436,0.091019504,1.0146267,0.09668816,0.09668816,1.0,2.5146437e-05,0.00026007774,-27.302835,2.2322233,0.74407446,0.13,0.0,0.1457297,5.790009,5.820009,627200
hardzero_plus_depr__c0p50__z1p10__lam0p030__nu0p50__psi0p75,hardzero_plus_depr,0.02,34,196,0.0,2,0.091019504,0.091042176,1.049836,0.089158736,0.089158736,1.0,2.2672295e-05,0.00025429134,-27.476912,2.3096855,0.7698952,0.120000005,0.0,0.13725525,5.820009,5.8500094,630400
hardzero_plus_depr__c0p50__z1p10__lam0p030__nu0p50__psi0p75,hardzero_plus_depr,0.02,34,197,0.0,2,0.091042176,0.091069326,0.961846,0.10918275,0.10918275,1.0,2.7146505e-05,0.00024863365,-25.972063,2.1161034,0.7053678,0.17600001,0.0,0.13345413,5.8500094,5.8800097,633600
hardzero_plus_depr__c0p50__z1p10__lam0p030__nu0p50__psi0p75,hardzero_plus_depr,0.02,34,198,0.0,2,0.091069326,0.09109443,0.9860944,0.1032537,0.1032537,1.0,2.5101157e-05,0.00024310176,-26.058767,2.169451,0.7231504,0.136,0.0,0.1205144,5.8800097,5.91001,636800
hardzero_plus_depr__c0p50__z1p10__lam0p030__nu0p50__psi0p75,hardzero_plus_depr,0.02,34,199,0.0,2,0.09109443,0.091117285,1.0170105,0.0961589,0.0961589,1.0,2.28563e-05,0.00023769304,-26.89021,2.2374678,0.7458226,0.192,0.0,0.14717525,5.91001,5.94001,640000
hardzero_plus_depr__c0p50__z1p10__lam0p030__nu0p50__psi0p75,hardzero_plus_depr,0.02,34,200,0.0,2,0.091117285,0.09114293,0.95726097,0.11034154,0.11034154,1.0,2.5643885e-05,0.00023240464,-25.51707,2.1060162,0.7020054,0.18400002,0.0,0.14336309,5.94001,5.9700103,643200
hardzero_plus_depr__c0p50__z1p10__lam0p030__nu0p50__psi0p75,hardzero_plus_depr,0.02,34,201,0.0,2,0.09114293,0.091165185,1.0091205,0.09792183,0.09792183,1.0,2.225116e-05,0.0002272339,-27.565365,2.2201095,0.7400365,0.14400001,0.0,0.14299546,5.9700103,6.0000105,646400
hardzero_plus_depr__c0p50__z1p10__lam0p030__nu0p50__psi0p75,hardzero_plus_depr,0.02,34,202,0.0,2,0.091165185,0.09118751,0.99796695,0.10046923,0.10046923,1.0,2.2322076e-05,0.00022217822,-27.239826,2.1955712,0.73185706,0.128,0.0,0.1373304,6.0000105,6.0300107,649600
hardzero_plus_depr__c0p50__z1p10__lam0p030__nu0p50__psi0p75,hardzero_plus_depr,0.02,34,203,0.0,2,0.09118751,0.091208465,1.0156184,0.09646761,0.09646761,1.0,2.0956133e-05,0.00021723492,-26.34435,2.2344053,0.74480176,0.16800001,0.0,0.14085057,6.0300107,6.060011,652800
hardzero_plus_depr__c0p50__z1p10__lam0p030__nu0p50__psi0p75,hardzero_plus_depr,0.02,34,204,0.0,2,0.091208465,0.091228515,1.0249971,0.0944067,0.0944067,1.0,2.0052144e-05,0.0002124017,-27.50273,2.2550387,0.7516796,0.16000001,0.0,0.15876658,6.060011,6.090011,656000
hardzero_plus_depr__c0p50__z1p10__lam0p030__nu0p50__psi0p75,hardzero_plus_depr,0.02,34,205,0.0,2,0.091228515,0.091250114,0.98288405,0.104019776,0.104019776,1.0,2.1602415e-05,0.00020767603,-26.997925,2.162388,0.72079605,0.224,0.008,0.12278092,6.090011,6.1200113,659200
hardzero_plus_depr__c0p50__z1p10__lam0p030__nu0p50__psi0p75,hardzero_plus_depr,0.02,34,206,0.0,2,0.091250114,0.09126949,1.020264,0.09544121,0.09544121,1.0,1.9379851e-05,0.00020305539,-26.57444,2.2446256,0.7482085,0.14400001,0.008,0.16775416,6.1200113,6.1500115,662400
hardzero_plus_depr__c0p50__z1p10__lam0p030__nu0p50__psi0p75,hardzero_plus_depr,0.02,34,207,0.0,2,0.09126949,0.09128748,1.0429089,0.09059226,0.09059226,1.0,1.7985973e-05,0.00019853764,-28.60241,2.2944455,0.7648152,0.136,0.0,0.17366129,6.1500115,6.1800117,665600
hardzero_plus_depr__c0p50__z1p10__lam0p030__nu0p50__psi0p75,hardzero_plus_depr,0.02,34,208,0.0,2,0.09128748,0.09130528,1.0377237,0.09168037,0.09168037,1.0,1.7797032e-05,0.00019412042,-27.210398,2.2830377,0.76101255,0.21,0.0,0.14570343,6.1800117,6.210012,668800
hardzero_plus_depr__c0p50__z1p10__lam0p030__nu0p50__psi0p75,hardzero_plus_depr,0.02,34,209,0.0,2,0.09130528,0.09132489,0.9857679,0.10333135,0.10333135,1.0,1.9612442e-05,0.00018980147,-26.316961,2.1687326,0.7229109,0.128,0.0,0.12949768,6.210012,6.240012,672000
hardzero_plus_depr__c0p50__z1p10__lam0p030__nu0p50__psi0p75,hardzero_plus_depr,0.02,34,210,0.0,2,0.09132489,0.09134414,0.98397934,0.10375777,0.10375777,1.0,1.9255223e-05,0.00018557862,-26.453283,2.1647978,0.7215993,0.120000005,0.0,0.1483305,6.240012,6.2700124,675200
hardzero_plus_depr__c0p50__z1p10__lam0p030__nu0p50__psi0p75,hardzero_plus_depr,0.02,34,211,0.0,2,0.09134414,0.09136035,1.0488714,0.08935701,0.08935701,1.0,1.6213797e-05,0.00018144964,-28.414366,2.307563,0.7691877,0.15200001,0.0,0.1522512,6.2700124,6.3000126,678400
hardzero_plus_depr__c0p50__z1p10__lam0p030__nu0p50__psi0p75,hardzero_plus_depr,0.02,34,212,0.0,2,0.09136035,0.09137906,0.9769935,0.10544027,0.10544027,1.0,1.870643e-05,0.00017741258,-27.053099,2.1494286,0.7164762,0.14400001,0.0,0.1359554,6.3000126,6.330013,681600
hardzero_plus_depr__c0p50__z1p10__lam0p030__nu0p50__psi0p75,hardzero_plus_depr,0.02,34,213,0.0,2,0.09137906,0.091396615,0.99480486,0.1012034,0.1012034,1.0,1.7555285e-05,0.00017346538,-26.871622,2.1886144,0.72953814,0.16800001,0.0,0.14952944,6.330013,6.360013,684800
hardzero_plus_depr__c0p50__z1p10__lam0p030__nu0p50__psi0p75,hardzero_plus_depr,0.02,34,214,0.0,2,0.091396615,0.09141351,1.0016747,0.09961514,0.09961514,1.0,1.6895317e-05,0.00016960592,-27.599625,2.2037282,0.7345761,0.16000001,0.0,0.12917544,6.360013,6.390013,688000
hardzero_plus_depr__c0p50__z1p10__lam0p030__nu0p50__psi0p75,hardzero_plus_depr,0.02,34,215,0.0,2,0.09141351,0.091429554,1.0143774,0.09674368,0.09674368,1.0,1.6043234e-05,0.00016583237,-26.99557,2.2316747,0.7438916,0.112,0.0,0.16861089,6.390013,6.4200134,691200
hardzero_plus_depr__c0p50__z1p10__lam0p030__nu0p50__psi0p75,hardzero_plus_depr,0.02,34,216,0.0,2,0.091429554,0.09144513,1.0173587,0.09608185,0.09608185,1.0,1.557898e-05,0.0001621428,-27.508512,2.2382338,0.74607795,0.15200001,0.0,0.13960035,6.4200134,6.4500136,694400
hardzero_plus_depr__c0p50__z1p10__lam0p030__nu0p50__psi0p75,hardzero_plus_depr,0.02,34,217,0.0,2,0.09144513,0.091461875,0.9764032,0.10558368,0.10558368,1.0,1.6738742e-05,0.00015853532,-26.336,2.14813,0.71604335,0.192,0.0,0.123184055,6.4500136,6.480014,697600
hardzero_plus_depr__c0p50__z1p10__lam0p030__nu0p50__psi0p75,hardzero_plus_depr,0.02,34,218,0.0,2,0.091461875,0.091476835,1.0154938,0.09649531,0.09649531,1.0,1.49575535e-05,0.00015500809,-27.252419,2.2341309,0.7447103,0.192,0.0,0.13596405,6.480014,6.510014,700800
hardzero_plus_depr__c0p50__z1p10__lam0p030__nu0p50__psi0p75,hardzero_plus_depr,0.02,34,219,0.0,2,0.091476835,0.09149176,1.0067271,0.098462954,0.098462954,1.0,1.4922975e-05,0.00015155929,-27.193382,2.2148438,0.73828125,0.15200001,0.0,0.17251173,6.510014,6.5400143,704000
hardzero_plus_depr__c0p50__z1p10__lam0p030__nu0p50__psi0p75,hardzero_plus_depr,0.02,34,220,0.0,2,0.09149176,0.09150903,0.9334783,0.11655252,0.11655252,1.0,1.7271599e-05,0.00014818728,-25.619814,2.0536933,0.6845645,0.216,0.0,0.1313768,6.5400143,6.5700145,707200
hardzero_plus_depr__c0p50__z1p10__lam0p030__nu0p50__psi0p75,hardzero_plus_depr,0.02,34,221,0.0,2,0.09150903,0.09152237,1.0356566,0.09211777,0.09211777,1.0,1.3346971e-05,0.00014489029,-28.069466,2.27849,0.7594967,0.17999999,0.0,0.14370593,6.5700145,6.6000147,710400
hardzero_plus_depr__c0p50__z1p10__lam0p030__nu0p50__psi0p75,hardzero_plus_depr,0.02,34,222,0.0,2,0.09152237,0.09153547,1.0340083,0.09246805,0.09246805,1.0,1.3099634e-05,0.00014166659,-27.253067,2.2748637,0.7582879,0.120000005,0.0,0.15855637,6.6000147,6.630015,713600
hardzero_plus_depr__c0p50__z1p10__lam0p030__nu0p50__psi0p75,hardzero_plus_depr,0.02,34,223,0.0,2,0.09153547,0.0915502,0.97322994,0.10635796,0.10635796,1.0,1.4732139e-05,0.00013851468,-26.092413,2.1411486,0.7137162,0.2,0.0,0.15867776,6.630015,6.660015,716800
hardzero_plus_depr__c0p50__z1p10__lam0p030__nu0p50__psi0p75,hardzero_plus_depr,0.02,34,224,0.0,2,0.0915502,0.09156565,0.9428224,0.11407163,0.11407163,1.0,1.544905e-05,0.00013543289,-25.838732,2.0742507,0.6914169,0.16000001,0.0,0.12775064,6.660015,6.6900153,720000
hardzero_plus_depr__c0p50__z1p10__lam0p030__nu0p50__psi0p75,hardzero_plus_depr,0.02,34,225,0.0,2,0.09156565,0.09157731,1.0556477,0.08797359,0.08797359,1.0,1.1649433e-05,0.00013241966,-28.110739,2.3224714,0.77415717,0.14400001,0.0,0.17098068,6.6900153,6.7200155,723200
hardzero_plus_depr__c0p50__z1p10__lam0p030__nu0p50__psi0p75,hardzero_plus_depr,0.02,34,226,0.0,2,0.09157731,0.09158903,1.0431108,0.090550154,0.090550154,1.0,1.1723845e-05,0.0001294735,-27.702982,2.2948897,0.76496327,0.15200001,0.0,0.13647701,6.7200155,6.7500157,726400
hardzero_plus_depr__c0p50__z1p10__lam0p030__nu0p50__psi0p75,hardzero_plus_depr,0.02,34,227,0.0,2,0.09158903,0.0916017,0.99980026,0.100046,0.100046,1.0,1.2665104e-05,0.0001265928,-27.073666,2.1996045,0.7332015,0.17600001,0.0,0.13294245,6.7500157,6.780016,729600
hardzero_plus_depr__c0p50__z1p10__lam0p030__nu0p50__psi0p75,hardzero_plus_depr,0.02,34,228,0.0,2,0.0916017,0.0916142,0.99560887,0.10101621,0.10101621,1.0,1.25034085e-05,0.00012377626,-26.549583,2.1903832,0.73012775,0.18400002,0.0,0.13430491,6.780016,6.810016,732800
hardzero_plus_depr__c0p50__z1p10__lam0p030__nu0p50__psi0p75,hardzero_plus_depr,0.02,34,229,0.0,2,0.0916142,0.09162646,0.99455106,0.101262555,0.101262555,1.0,1.22550355e-05,0.000121022385,-27.268047,2.188056,0.729352,0.192,0.0,0.17620064,6.810016,6.8400164,736000
hardzero_plus_depr__c0p50__z1p10__lam0p030__nu0p50__psi0p75,hardzero_plus_depr,0.02,34,230,0.0,2,0.09162646,0.09163672,1.061919,0.08671237,0.08671237,1.0,1.0260651e-05,0.00011832973,-27.926016,2.3362684,0.77875614,0.15200001,0.0,0.19861214,6.8400164,6.8700166,739200
hardzero_plus_depr__c0p50__z1p10__lam0p030__nu0p50__psi0p75,hardzero_plus_depr,0.02,34,231,0.0,2,0.09163672,0.09164763,1.0253434,0.09433147,0.09433147,1.0,1.0913871e-05,0.000115697025,-26.821344,2.2558005,0.7519335,0.128,0.0,0.13459536,6.8700166,6.900017,742400
hardzero_plus_depr__c0p50__z1p10__lam0p030__nu0p50__psi0p75,hardzero_plus_depr,0.02,34,232,0.0,2,0.09164763,0.091660194,0.9546114,0.11101676,0.11101676,1.0,1.2558539e-05,0.000113122915,-26.07172,2.100187,0.7000624,0.112,0.0,0.14479236,6.900017,6.930017,745600
hardzero_plus_depr__c0p50__z1p10__lam0p030__nu0p50__psi0p75,hardzero_plus_depr,0.02,34,233,0.0,2,0.091660194,0.091671355,0.99605715,0.100912,0.100912,1.0,1.1161479e-05,0.000110606066,-26.708282,2.1913695,0.73045653,0.120000005,0.0,0.15020125,6.930017,6.960017,748800
hardzero_plus_depr__c0p50__z1p10__lam0p030__nu0p50__psi0p75,hardzero_plus_depr,0.02,34,234,0.0,2,0.091671355,0.091682576,0.984027,0.10374639,0.10374639,1.0,1.1219676e-05,0.000108145214,-25.779276,2.1649027,0.72163427,0.17999999,0.0,0.11850717,6.960017,6.9900174,752000
hardzero_plus_depr__c0p50__z1p10__lam0p030__nu0p50__psi0p75,hardzero_plus_depr,0.02,34,235,0.0,2,0.091682576,0.09169352,0.9850879,0.10349326,0.10349326,1.0,1.0943279e-05,0.000105739055,-27.529503,2.1672366,0.7224122,0.208,0.0,0.15231946,6.9900174,7.0200176,755200
hardzero_plus_depr__c0p50__z1p10__lam0p030__nu0p50__psi0p75,hardzero_plus_depr,0.02,34,236,0.0,2,0.09169352,0.09170374,1.0047777,0.09890591,0.09890591,1.0,1.0225535e-05,0.00010338649,-26.623825,2.210555,0.7368517,0.192,0.0,0.14583018,7.0200176,7.050018,758400
hardzero_plus_depr__c0p50__z1p10__lam0p030__nu0p50__psi0p75,hardzero_plus_depr,0.02,34,237,0.0,2,0.09170374,0.091714524,0.97207814,0.10664041,0.10664041,1.0,1.0779881e-05,0.00010108627,-25.82775,2.1386147,0.71287155,0.2,0.0,0.1290421,7.050018,7.080018,761600
hardzero_plus_depr__c0p50__z1p10__lam0p030__nu0p50__psi0p75,hardzero_plus_depr,0.02,34,238,0.0,2,0.091714524,0.09172425,1.0070819,0.098382555,0.098382555,1.0,9.7238535e-06,9.8837176e-05,-27.27445,2.2156243,0.7385415,0.16800001,0.0,0.15015168,7.080018,7.1100183,764800
hardzero_plus_depr__c0p50__z1p10__lam0p030__nu0p50__psi0p75,hardzero_plus_depr,0.02,34,239,0.0,2,0.09172425,0.091734126,0.9905119,0.102208756,0.102208756,1.0,9.877266e-06,9.663816e-05,-26.721874,2.1791697,0.7263899,0.17600001,0.0,0.15595816,7.1100183,7.1400185,768000
hardzero_plus_depr__c0p50__z1p10__lam0p030__nu0p50__psi0p75,hardzero_plus_depr,0.02,34,240,0.0,2,0.091734126,0.09174415,0.97435164,0.10608362,0.10608362,1.0,1.0023637e-05,9.4488074e-05,-26.54516,2.1436164,0.7145388,0.208,0.0,0.13135578,7.1400185,7.1700187,771200
hardzero_plus_depr__c0p50__z1p10__lam0p030__nu0p50__psi0p75,hardzero_plus_depr,0.02,34,241,0.0,2,0.09174415,0.0917526,1.0385894,0.091497794,0.091497794,1.0,8.453099e-06,9.238583e-05,-27.305506,2.2849422,0.7616474,0.18400002,0.0,0.15745169,7.1700187,7.200019,774400
hardzero_plus_depr__c0p50__z1p10__lam0p030__nu0p50__psi0p75,hardzero_plus_depr,0.02,34,242,0.0,2,0.0917526,0.09176124,1.0194238,0.09562604,0.09562604,1.0,8.637935e-06,9.033036e-05,-27.20848,2.2427773,0.74759245,0.15200001,0.0,0.13949686,7.200019,7.230019,777600
hardzero_plus_depr__c0p50__z1p10__lam0p030__nu0p50__psi0p75,hardzero_plus_depr,0.02,34,243,0.0,2,0.09176124,0.0917695,1.0287466,0.09359516,0.09359516,1.0,8.266377e-06,8.8320565e-05,-26.759508,2.2632878,0.7544293,0.16800001,0.0,0.15243371,7.230019,7.2600193,780800
hardzero_plus_depr__c0p50__z1p10__lam0p030__nu0p50__psi0p75,hardzero_plus_depr,0.02,34,244,0.0,2,0.0917695,0.0917779,1.0121912,0.09723192,0.09723192,1.0,8.396515e-06,8.635554e-05,-27.192656,2.226865,0.74228835,0.18400002,0.0,0.14776446,7.2600193,7.2900195,784000
hardzero_plus_depr__c0p50__z1p10__lam0p030__nu0p50__psi0p75,hardzero_plus_depr,0.02,34,245,0.0,2,0.0917779,0.09178483,1.0857706,0.0820785,0.0820785,1.0,6.930236e-06,8.443424e-05,-28.744726,2.3887432,0.7962477,0.14400001,0.0,0.21042016,7.2900195,7.3200197,787200
hardzero_plus_depr__c0p50__z1p10__lam0p030__nu0p50__psi0p75,hardzero_plus_depr,0.02,34,246,0.0,2,0.09178483,0.091792695,1.0208466,0.09531327,0.09531327,1.0,7.868648e-06,8.2555634e-05,-27.671682,2.2459073,0.74863577,0.136,0.0,0.18194397,7.3200197,7.35002,790400
hardzero_plus_depr__c0p50__z1p10__lam0p030__nu0p50__psi0p75,hardzero_plus_depr,0.02,34,247,0.0,2,0.091792695,0.09180033,1.0238528,0.0946558,0.0946558,1.0,7.640509e-06,8.071887e-05,-28.007687,2.2525213,0.7508404,0.13,0.0,0.16555767,7.35002,7.38002,793600
hardzero_plus_depr__c0p50__z1p10__lam0p030__nu0p50__psi0p75,hardzero_plus_depr,0.02,34,248,0.0,2,0.09180033,0.09180802,1.011311,0.097429164,0.097429164,1.0,7.6894e-06,7.892298e-05,-27.088165,2.2249286,0.7416429,0.18400002,0.0,0.12542553,7.38002,7.4100204,796800
hardzero_plus_depr__c0p50__z1p10__lam0p030__nu0p50__psi0p75,hardzero_plus_depr,0.02,34,249,0.0,2,0.09180802,0.0918166,0.95432585,0.11108978,0.11108978,1.0,8.57247e-06,7.716704e-05,-25.891512,2.0995588,0.69985294,0.18400002,0.0,0.13652334,7.4100204,7.4400206,800000
hardzero_plus_depr__c0p50__z1p10__lam0p030__nu0p50__psi0p75,hardzero_plus_depr,0.02,34,250,0.0,2,0.0918166,0.0918235,1.0386213,0.09149106,0.09149106,1.0,6.9030148e-06,7.545016e-05,-27.80499,2.2850125,0.7616708,0.18400002,0.0,0.1850781,7.4400206,7.470021,803200
hardzero_plus_depr__c0p50__z1p10__lam0p030__nu0p50__psi0p75,hardzero_plus_depr,0.02,34,251,0.0,2,0.0918235,0.09183067,1.0125136,0.09715976,0.09715976,1.0,7.1676163e-06,7.377145e-05,-27.402067,2.2275746,0.74252486,0.128,0.0,0.15031624,7.470021,7.500021,806400
hardzero_plus_depr__c0p50__z1p10__lam0p030__nu0p50__psi0p75,hardzero_plus_depr,0.02,34,252,0.0,2,0.09183067,0.09183755,1.020687,0.095348306,0.095348306,1.0,6.877485e-06,7.213012e-05,-27.631153,2.245556,0.7485187,0.192,0.0,0.17284572,7.500021,7.530021,809600
hardzero_plus_depr__c0p50__z1p10__lam0p030__nu0p50__psi0p75,hardzero_plus_depr,0.02,34,253,0.0,2,0.09183755,0.09184439,1.0134728,0.09694539,0.09694539,1.0,6.8371037e-06,7.052531e-05,-27.21693,2.2296846,0.7432282,0.112,0.0,0.13123399,7.530021,7.5600214,812800
hardzero_plus_depr__c0p50__z1p10__lam0p030__nu0p50__psi0p75,hardzero_plus_depr,0.02,34,254,0.0,2,0.09184439,0.09185099,1.0187757,0.095768854,0.095768854,1.0,6.6038547e-06,6.8956186e-05,-27.966908,2.2413514,0.74711716,0.16000001,0.0,0.12967071,7.5600214,7.5900216,816000
hardzero_plus_depr__c0p50__z1p10__lam0p030__nu0p50__psi0p75,hardzero_plus_depr,0.02,34,255,0.0,2,0.09185099,0.09185806,0.97934175,0.10487168,0.10487168,1.0,7.070658e-06,6.742199e-05,-26.88743,2.154595,0.7181983,0.136,0.0,0.14802463,7.5900216,7.620022,819200
hardzero_plus_depr__c0p50__z1p10__lam0p030__nu0p50__psi0p75,hardzero_plus_depr,0.02,34,256,0.0,2,0.09185806,0.091864794,0.9905665,0.102195896,0.102195896,1.0,6.7369506e-06,6.592193e-05,-26.465252,2.1792898,0.72642994,0.112,0.0,0.13066566,7.620022,7.650022,822400
hardzero_plus_depr__c0p50__z1p10__lam0p030__nu0p50__psi0p75,hardzero_plus_depr,0.02,34,257,0.0,2,0.091864794,0.09187083,1.0284606,0.093656816,0.093656816,1.0,6.0366733e-06,6.445525e-05,-27.437439,2.2626586,0.75421953,0.14400001,0.0,0.13792878,7.650022,7.6800222,825600
hardzero_plus_depr__c0p50__z1p10__lam0p030__nu0p50__psi0p75,hardzero_plus_depr,0.02,34,258,0.0,2,0.09187083,0.09187647,1.0483955,0.08945498,0.08945498,1.0,5.6375598e-06,6.3021194e-05,-27.953127,2.3065162,0.76883876,0.120000005,0.0,0.14696391,7.6800222,7.7100224,828800
hardzero_plus_depr__c0p50__z1p10__lam0p030__nu0p50__psi0p75,hardzero_plus_depr,0.02,34,259,0.0,2,0.09187647,0.09188299,0.97540534,0.10582655,0.10582655,1.0,6.5209288e-06,6.161902e-05,-26.817438,2.1459346,0.7153115,0.18400002,0.0,0.15299195,7.7100224,7.7400227,832000
hardzero_plus_depr__c0p50__z1p10__lam0p030__nu0p50__psi0p75,hardzero_plus_depr,0.02,34,260,0.0,2,0.09188299,0.09188869,1.0238701,0.09465203,0.09465203,1.0,5.7026023e-06,6.0248072e-05,-27.49623,2.2525592,0.75085306,0.19,0.0,0.15568128,7.7400227,7.770023,835200
hardzero_plus_depr__c0p50__z1p10__lam0p030__nu0p50__psi0p75,hardzero_plus_depr,0.02,34,261,0.0,2,0.09188869,0.09189492,0.97581214,0.10572747,0.10572747,1.0,6.228154e-06,5.8907623e-05,-26.424372,2.1468296,0.7156099,0.15200001,0.0,0.13190594,7.770023,7.800023,838400
hardzero_plus_depr__c0p50__z1p10__lam0p030__nu0p50__psi0p75,hardzero_plus_depr,0.02,34,262,0.0,2,0.09189492,0.09190103,0.9746564,0.10600921,0.10600921,1.0,6.1058095e-06,5.759697e-05,-26.187761,2.1442869,0.71476233,0.16800001,0.0,0.13836975,7.800023,7.8300233,841600
hardzero_plus_depr__c0p50__z1p10__lam0p030__nu0p50__psi0p75,hardzero_plus_depr,0.02,34,263,0.0,2,0.09190103,0.09190653,1.009513,0.09783336,0.09783336,1.0,5.5095356e-06,5.631551e-05,-27.250555,2.220973,0.7403244,0.14400001,0.0,0.14749439,7.8300233,7.8600235,844800
hardzero_plus_depr__c0p50__z1p10__lam0p030__nu0p50__psi0p75,hardzero_plus_depr,0.02,34,264,0.0,2,0.09190653,0.091912165,0.9904137,0.10223187,0.10223187,1.0,5.629148e-06,5.5062555e-05,-26.258705,2.1789536,0.7263179,0.14400001,0.0,0.13684858,7.8600235,7.8900237,848000
hardzero_plus_depr__c0p50__z1p10__lam0p030__nu0p50__psi0p75,hardzero_plus_depr,0.02,34,265,0.0,2,0.091912165,0.09191677,1.0680091,0.08550486,0.08550486,1.0,4.603366e-06,5.383748e-05,-28.235678,2.349667,0.7832224,0.112,0.0,0.15036291,7.8900237,7.920024,851200
hardzero_plus_depr__c0p50__z1p10__lam0p030__nu0p50__psi0p75,hardzero_plus_depr,0.02,34,266,0.0,2,0.09191677,0.09192217,0.9890759,0.102547266,0.102547266,1.0,5.398054e-06,5.2639665e-05,-26.826263,2.1760104,0.7253368,0.15200001,0.0,0.1288814,7.920024,7.950024,854400
hardzero_plus_depr__c0p50__z1p10__lam0p030__nu0p50__psi0p75,hardzero_plus_depr,0.02,34,267,0.0,2,0.09192217,0.09192697,1.0306929,0.093176655,0.093176655,1.0,4.7956596e-06,5.146847e-05,-27.695456,2.2675698,0.75585663,0.16800001,0.0,0.15539558,7.950024,7.9800243,857600
hardzero_plus_depr__c0p50__z1p10__lam0p030__nu0p50__psi0p75,hardzero_plus_depr,0.02,34,268,0.0,2,0.09192697,0.09193128,1.0669627,0.08571113,0.08571113,1.0,4.313272e-06,5.0323357e-05,-28.463415,2.347365,0.78245497,0.120000005,0.0,0.17696717,7.9800243,8.010024,860800
hardzero_plus_depr__c0p50__z1p10__lam0p030__nu0p50__psi0p75,hardzero_plus_depr,0.02,34,269,0.0,2,0.09193128,0.09193566,1.051341,0.088850304,0.088850304,1.0,4.371768e-06,4.9203743e-05,-27.795624,2.3129966,0.7709989,0.208,0.0,0.17516641,8.010024,8.040024,864000
hardzero_plus_depr__c0p50__z1p10__lam0p030__nu0p50__psi0p75,hardzero_plus_depr,0.02,34,270,0.0,2,0.09193566,0.091940574,0.9905795,0.10219285,0.10219285,1.0,4.9163978e-06,4.8109017e-05,-27.046923,2.1793184,0.7264395,0.17600001,0.0,0.15582414,8.040024,8.070024,867200
hardzero_plus_depr__c0p50__z1p10__lam0p030__nu0p50__psi0p75,hardzero_plus_depr,0.02,34,271,0.0,2,0.091940574,0.09194542,0.9875226,0.10291468,0.10291468,1.0,4.8409674e-06,4.7038648e-05,-26.477852,2.172593,0.72419775,0.120000005,0.0,0.14460124,8.070024,8.100023,870400
hardzero_plus_depr__c0p50__z1p10__lam0p030__nu0p50__psi0p75,hardzero_plus_depr,0.02,34,272,0.0,2,0.09194542,0.09195033,0.9712871,0.10683484,0.10683484,1.0,4.9135606e-06,4.599212e-05,-26.00994,2.1368742,0.7122914,0.14400001,0.0,0.14239508,8.100023,8.130023,873600
hardzero_plus_depr__c0p50__z1p10__lam0p030__nu0p50__psi0p75,hardzero_plus_depr,0.02,34,273,0.0,2,0.09195033,0.09195452,1.0302613,0.09326929,0.09326929,1.0,4.1942144e-06,4.496887e-05,-27.395071,2.2666202,0.7555401,0.17999999,0.0,0.1754334,8.130023,8.160023,876800
hardzero_plus_depr__c0p50__z1p10__lam0p030__nu0p50__psi0p75,hardzero_plus_depr,0.02,34,274,0.0,2,0.09195452,0.091958605,1.0322323,0.09284697,0.09284697,1.0,4.08233e-06,4.396837e-05,-27.632479,2.2709563,0.7569854,0.16000001,0.0,0.15569332,8.160023,8.190022,880000
hardzero_plus_depr__c0p50__z1p10__lam0p030__nu0p50__psi0p75,hardzero_plus_depr,0.02,34,275,0.0,2,0.091958605,0.09196266,1.0255516,0.09428627,0.09428627,1.0,4.0533782e-06,4.2990123e-05,-26.994509,2.2562585,0.75208616,0.18400002,0.0,0.15918614,8.190022,8.220022,883200
hardzero_plus_depr__c0p50__z1p10__lam0p030__nu0p50__psi0p75,hardzero_plus_depr,0.02,34,276,0.0,2,0.09196266,0.09196694,0.9921055,0.10183439,0.10183439,1.0,4.2804727e-06,4.203367e-05,-27.050087,2.1826756,0.72755855,0.096,0.0,0.15269764,8.220022,8.250022,886400
hardzero_plus_depr__c0p50__z1p10__lam0p030__nu0p50__psi0p75,hardzero_plus_depr,0.02,34,277,0.0,2,0.09196694,0.09197052,1.0603125,0.0870337,0.0870337,1.0,3.5769533e-06,4.1098487e-05,-28.03842,2.332734,0.77757806,0.08800001,0.0,0.14230189,8.250022,8.280022,889600
hardzero_plus_depr__c0p50__z1p10__lam0p030__nu0p50__psi0p75,hardzero_plus_depr,0.02,34,278,0.0,2,0.09197052,0.091974646,0.98846704,0.10269112,0.10269112,1.0,4.12655e-06,4.0184095e-05,-26.59893,2.174671,0.72489035,0.17600001,0.0,0.14447404,8.280022,8.310021,892800
hardzero_plus_depr__c0p50__z1p10__lam0p030__nu0p50__psi0p75,hardzero_plus_depr,0.02,34,279,0.0,2,0.091974646,0.09197861,0.9962521,0.100866705,0.100866705,1.0,3.9630577e-06,3.9290047e-05,-26.705294,2.1917984,0.7305995,0.136,0.0,0.16166209,8.310021,8.340021,896000
hardzero_plus_depr__c0p50__z1p10__lam0p030__nu0p50__psi0p75,hardzero_plus_depr,0.02,34,280,0.0,2,0.09197861,0.091982596,0.9836126,0.103845425,0.103845425,1.0,3.989316e-06,3.8415907e-05,-26.820257,2.163991,0.72133034,0.256,0.0,0.14954782,8.340021,8.370021,899200
hardzero_plus_depr__c0p50__z1p10__lam0p030__nu0p50__psi0p75,hardzero_plus_depr,0.02,34,281,0.0,2,0.091982596,0.09198635,0.9997579,0.10005576,0.10005576,1.0,3.7582167e-06,3.756122e-05,-26.534523,2.1995113,0.73317045,0.216,0.0,0.13711554,8.370021,8.400021,902400
hardzero_plus_depr__c0p50__z1p10__lam0p030__nu0p50__psi0p75,hardzero_plus_depr,0.02,34,282,0.0,2,0.09198635,0.09199053,0.9435306,0.11388575,0.11388575,1.0,4.1825147e-06,3.672553e-05,-25.237448,2.0758088,0.69193625,0.28800002,0.0,0.13759194,8.400021,8.43002,905600
hardzero_plus_depr__c0p50__z1p10__lam0p030__nu0p50__psi0p75,hardzero_plus_depr,0.02,34,283,0.0,2,0.09199053,0.09199382,1.0378634,0.09165087,0.09165087,1.0,3.2910389e-06,3.590843e-05,-27.352552,2.283345,0.761115,0.128,0.0,0.16082029,8.43002,8.46002,908800
hardzero_plus_depr__c0p50__z1p10__lam0p030__nu0p50__psi0p75,hardzero_plus_depr,0.02,34,284,0.0,2,0.09199382,0.09199755,0.9744119,0.1060689,0.1060689,1.0,3.7240288e-06,3.5109526e-05,-26.702744,2.143749,0.71458304,0.224,0.0,0.12821084,8.46002,8.49002,912000
hardzero_plus_depr__c0p50__z1p10__lam0p030__nu0p50__psi0p75,hardzero_plus_depr,0.02,34,285,0.0,2,0.09199755,0.09200097,1.0011996,0.099724166,0.099724166,1.0,3.4233708e-06,3.4328397e-05,-27.279049,2.2026832,0.7342278,0.128,0.0,0.15292302,8.49002,8.52002,915200
hardzero_plus_depr__c0p50__z1p10__lam0p030__nu0p50__psi0p75,hardzero_plus_depr,0.02,34,286,0.0,2,0.09200097,0.09200378,1.0770142,0.08375019,0.08375019,1.0,2.8110444e-06,3.3564633e-05,-28.991743,2.3694785,0.78982615,0.08,0.0,0.18275228,8.52002,8.550019,918400
hardzero_plus_depr__c0p50__z1p10__lam0p030__nu0p50__psi0p75,hardzero_plus_depr,0.02,34,287,0.0,2,0.09200378,0.09200703,1.0037113,0.09914908,0.09914908,1.0,3.2538603e-06,3.2817858e-05,-27.586157,2.208209,0.7360697,0.192,0.0,0.1556111,8.550019,8.580019,921600
hardzero_plus_depr__c0p50__z1p10__lam0p030__nu0p50__psi0p75,hardzero_plus_depr,0.02,34,288,0.0,2,0.09200703,0.09201064,0.9488939,0.11248796,0.11248796,1.0,3.6094818e-06,3.208772e-05,-25.991732,2.0876083,0.69586945,0.24000001,0.0,0.1428387,8.580019,8.610019,924800
hardzero_plus_depr__c0p50__z1p10__lam0p030__nu0p50__psi0p75,hardzero_plus_depr,0.02,34,289,0.0,2,0.09201064,0.0920135,1.0403948,0.091118224,0.091118224,1.0,2.8587267e-06,3.137382e-05,-27.43696,2.2889142,0.7629714,0.128,0.0,0.14764768,8.610019,8.640018,928000
hardzero_plus_depr__c0p50__z1p10__lam0p030__nu0p50__psi0p75,hardzero_plus_depr,0.02,34,290,0.0,2,0.0920135,0.092016414,1.0224568,0.09496054,0.09496054,1.0,2.9129892e-06,3.0675787e-05,-27.659855,2.2494497,0.7498166,0.120000005,0.008,0.14917822,8.640018,8.670018,931200
hardzero_plus_depr__c0p50__z1p10__lam0p030__nu0p50__psi0p75,hardzero_plus_depr,0.02,34,291,0.0,2,0.092016414,0.09201939,1.003383,0.09922404,0.09922404,1.0,2.9760552e-06,2.9993289e-05,-26.338303,2.2074869,0.735829,0.136,0.0,0.13687328,8.670018,8.700018,934400
hardzero_plus_depr__c0p50__z1p10__lam0p030__nu0p50__psi0p75,hardzero_plus_depr,0.02,34,292,0.0,2,0.09201939,0.09202247,0.97816366,0.10515656,0.10515656,1.0,3.08382e-06,2.9325987e-05,-27.491407,2.152003,0.7173344,0.18400002,0.0,0.13852501,8.700018,8.730018,937600
hardzero_plus_depr__c0p50__z1p10__lam0p030__nu0p50__psi0p75,hardzero_plus_depr,0.02,34,293,0.0,2,0.09202247,0.09202569,0.9496509,0.11229208,0.11229208,1.0,3.2198109e-06,2.8673534e-05,-26.129723,2.0892737,0.6964246,0.216,0.0,0.13237108,8.730018,8.760017,940800
hardzero_plus_depr__c0p50__z1p10__lam0p030__nu0p50__psi0p75,hardzero_plus_depr,0.02,34,294,0.0,2,0.09202569,0.09202853,0.9941856,0.10134782,0.10134782,1.0,2.8413451e-06,2.8035582e-05,-26.619265,2.187252,0.729084,0.17600001,0.0,0.14428133,8.760017,8.790017,944000
hardzero_plus_depr__c0p50__z1p10__lam0p030__nu0p50__psi0p75,hardzero_plus_depr,0.02,34,295,0.0,2,0.09202853,0.092031315,0.9926062,0.10171705,0.10171705,1.0,2.78825e-06,2.7411825e-05,-26.30659,2.1837773,0.7279258,0.192,0.0,0.15311517,8.790017,8.820017,947200
hardzero_plus_depr__c0p50__z1p10__lam0p030__nu0p50__psi0p75,hardzero_plus_depr,0.02,34,296,0.0,2,0.092031315,0.09203375,1.0408968,0.09101296,0.09101296,1.0,2.4393255e-06,2.6801958e-05,-27.792841,2.2900186,0.7633395,0.15200001,0.0,0.1669162,8.820017,8.850017,950400
hardzero_plus_depr__c0p50__z1p10__lam0p030__nu0p50__psi0p75,hardzero_plus_depr,0.02,34,297,0.0,2,0.09203375,0.0920362,1.0288821,0.093565956,0.093565956,1.0,2.4519572e-06,2.6205656e-05,-27.390133,2.263586,0.7545287,0.18400002,0.0,0.14045773,8.850017,8.880016,953600
hardzero_plus_depr__c0p50__z1p10__lam0p030__nu0p50__psi0p75,hardzero_plus_depr,0.02,34,298,0.0,2,0.0920362,0.0920385,1.0480103,0.089534335,0.089534335,1.0,2.2941035e-06,2.5622612e-05,-27.9126,2.3056688,0.7685563,0.120000005,0.0,0.12324671,8.880016,8.910016,956800
hardzero_plus_depr__c0p50__z1p10__lam0p030__nu0p50__psi0p75,hardzero_plus_depr,0.02,34,299,0.0,2,0.0920385,0.092040904,1.0175968,0.096029155,0.096029155,1.0,2.4057742e-06,2.5052539e-05,-27.729378,2.2387578,0.74625266,0.14999999,0.01,0.15558639,8.910016,8.940016,960000
hardzero_plus_depr__c0p50__z1p10__lam0p030__nu0p50__psi0p75,hardzero_plus_depr,0.02,34,300,0.0,2,0.092040904,0.092043035,1.0610163,0.08689277,0.08689277,1.0,2.1284527e-06,2.4495164e-05,-27.83379,2.3342824,0.7780942,0.14400001,0.0,0.15486759,8.940016,8.970016,963200
hardzero_plus_depr__c0p50__z1p10__lam0p030__nu0p50__psi0p75,hardzero_plus_depr,0.02,34,301,0.0,2,0.092043035,0.09204539,1.0075493,0.098276734,0.098276734,1.0,2.3537461e-06,2.3950186e-05,-26.810963,2.2166526,0.7388842,0.096,0.0,0.14004758,8.970016,9.000015,966400
hardzero_plus_depr__c0p50__z1p10__lam0p030__nu0p50__psi0p75,hardzero_plus_depr,0.02,34,302,0.0,2,0.09204539,0.09204821,0.919194,0.1204498,0.1204498,1.0,2.8206118e-06,2.3417324e-05,-26.089127,2.022267,0.6740891,0.28800002,0.0,0.12789775,9.000015,9.030015,969600
hardzero_plus_depr__c0p50__z1p10__lam0p030__nu0p50__psi0p75,hardzero_plus_depr,0.02,34,303,0.0,2,0.09204821,0.09205021,1.058661,0.0873653,0.0873653,1.0,2.0003436e-06,2.2896316e-05,-28.041252,2.3291006,0.7763669,0.16800001,0.0,0.14545864,9.030015,9.060015,972800
hardzero_plus_depr__c0p50__z1p10__lam0p030__nu0p50__psi0p75,hardzero_plus_depr,0.02,34,304,0.0,2,0.09205021,0.09205243,1.0037907,0.09913095,0.09913095,1.0,2.2192357e-06,2.238691e-05,-27.10819,2.2083838,0.736128,0.216,0.0,0.15061131,9.060015,9.090014,976000
hardzero_plus_depr__c0p50__z1p10__lam0p030__nu0p50__psi0p75,hardzero_plus_depr,0.02,34,305,0.0,2,0.09205243,0.092054665,0.9911777,0.10205219,0.10205219,1.0,2.233804e-06,2.188884e-05,-26.567719,2.1806345,0.72687817,0.24800001,0.0,0.17741007,9.090014,9.120014,979200
hardzero_plus_depr__c0p50__z1p10__lam0p030__nu0p50__psi0p75,hardzero_plus_depr,0.02,34,306,0.0,2,0.092054665,0.09205689,0.9821204,0.10420285,0.10420285,1.0,2.2301326e-06,2.1401838e-05,-27.431406,2.160708,0.720236,0.16000001,0.0,0.14649491,9.120014,9.150014,982400
hardzero_plus_depr__c0p50__z1p10__lam0p030__nu0p50__psi0p75,hardzero_plus_depr,0.02,34,307,0.0,2,0.09205689,0.09205925,0.9486639,0.11254756,0.11254756,1.0,2.3551336e-06,2.0925674e-05,-26.894804,2.0871022,0.69570076,0.18400002,0.0,0.13471766,9.150014,9.180014,985600
hardzero_plus_depr__c0p50__z1p10__lam0p030__nu0p50__psi0p75,hardzero_plus_depr,0.02,34,308,0.0,2,0.09205925,0.09206165,0.93061477,0.11732356,0.11732356,1.0,2.4004532e-06,2.0460113e-05,-25.81717,2.0473933,0.6824645,0.224,0.0,0.1547163,9.180014,9.210013,988800
hardzero_plus_depr__c0p50__z1p10__lam0p030__nu0p50__psi0p75,hardzero_plus_depr,0.02,34,309,0.0,2,0.09206165,0.092063576,1.0158126,0.0964245,0.0964245,1.0,1.9289635e-06,2.000491e-05,-27.322117,2.2348325,0.7449442,0.18400002,0.0,0.15520816,9.210013,9.240013,992000
hardzero_plus_depr__c0p50__z1p10__lam0p030__nu0p50__psi0p75,hardzero_plus_depr,0.02,34,310,0.0,2,0.092063576,0.09206555,0.9954052,0.101063594,0.101063594,1.0,1.976786e-06,1.9559824e-05,-27.15184,2.1899352,0.72997844,0.120000005,0.0,0.13936903,9.240013,9.270013,995200
hardzero_plus_depr__c0p50__z1p10__lam0p030__nu0p50__psi0p75,hardzero_plus_depr,0.02,34,311,0.0,2,0.09206555,0.092067376,1.0195625,0.09559552,0.09559552,1.0,1.8282301e-06,1.9124642e-05,-27.501793,2.2430823,0.74769413,0.128,0.0,0.16373017,9.270013,9.300013,998400
hardzero_plus_depr__c0p50__z1p10__lam0p030__nu0p50__psi0p75,hardzero_plus_depr,0.02,34,312,0.0,2,0.092067376,0.09206923,1.0025752,0.099408805,0.099408805,1.0,1.8588603e-06,1.8699151e-05,-27.395319,2.2057095,0.7352365,0.089999996,0.0,0.1541315,9.300013,9.330012,1001600
hardzero_plus_depr__c0p50__z1p10__lam0p030__nu0p50__psi0p75,hardzero_plus_depr,0.02,34,313,0.0,2,0.09206923,0.09207094,1.0298022,0.09336794,0.09336794,1.0,1.7070577e-06,1.8283125e-05,-27.662586,2.26561,0.75520337,0.23200001,0.0,0.15057671,9.330012,9.360012,1004800
hardzero_plus_depr__c0p50__z1p10__lam0p030__nu0p50__psi0p75,hardzero_plus_depr,0.02,34,314,0.0,2,0.09207094,0.09207263,1.0239716,0.09462991,0.09462991,1.0,1.6916372e-06,1.7876348e-05,-27.215204,2.2527823,0.75092745,0.18400002,0.0,0.17751259,9.360012,9.390012,1008000
hardzero_plus_depr__c0p50__z1p10__lam0p030__nu0p50__psi0p75,hardzero_plus_depr,0.02,34,315,0.0,2,0.09207263,0.092074454,0.9811522,0.104435414,0.104435414,1.0,1.8253869e-06,1.747862e-05,-26.474289,2.158578,0.719526,0.14400001,0.0,0.11822385,9.390012,9.4200115,1011200
hardzero_plus_depr__c0p50__z1p10__lam0p030__nu0p50__psi0p75,hardzero_plus_depr,0.02,34,316,0.0,2,0.092074454,0.09207626,0.97756755,0.10530099,0.10530099,1.0,1.7995677e-06,1.7089751e-05,-26.954645,2.1506915,0.7168972,0.15200001,0.0,0.14734417,9.4200115,9.450011,1014400
hardzero_plus_depr__c0p50__z1p10__lam0p030__nu0p50__psi0p75,hardzero_plus_depr,0.02,34,317,0.0,2,0.09207626,0.09207776,1.0462003,0.089908294,0.089908294,1.0,1.5023255e-06,1.6709531e-05,-27.66003,2.3016865,0.76722884,0.14400001,0.0,0.13805349,9.450011,9.480011,1017600
hardzero_plus_depr__c0p50__z1p10__lam0p030__nu0p50__psi0p75,hardzero_plus_depr,0.02,34,318,0.0,2,0.09207776,0.09207953,0.9666197,0.107989214,0.107989214,1.0,1.7643025e-06,1.6337766e-05,-26.433931,2.1266057,0.7088686,0.2,0.0,0.12219221,9.480011,9.510011,1020800
hardzero_plus_depr__c0p50__z1p10__lam0p030__nu0p50__psi0p75,hardzero_plus_depr,0.02,34,319,0.0,2,0.09207953,0.092080995,1.0360509,0.092034176,0.092034176,1.0,1.4701789e-06,1.597427e-05,-27.680044,2.2793574,0.75978583,0.17600001,0.0,0.15925245,9.510011,9.54001,1024000
hardzero_plus_depr__c0p50__z1p10__lam0p030__nu0p50__psi0p75,hardzero_plus_depr,0.02,34,320,0.0,2,0.092080995,0.09208268,0.9678758,0.107677296,0.107677296,1.0,1.6817976e-06,1.5618869e-05,-26.5026,2.1293693,0.70978975,0.224,0.0,0.12493884,9.54001,9.57001,1027200
hardzero_plus_depr__c0p50__z1p10__lam0p030__nu0p50__psi0p75,hardzero_plus_depr,0.02,34,321,0.0,2,0.09208268,0.0920842,1.0018408,0.09957703,0.09957703,1.0,1.5206782e-06,1.5271375e-05,-26.608397,2.204094,0.734698,0.16000001,0.0,0.11834376,9.57001,9.60001,1030400
hardzero_plus_depr__c0p50__z1p10__lam0p030__nu0p50__psi0p75,hardzero_plus_depr,0.02,34,322,0.0,2,0.0920842,0.092085585,1.0317763,0.0929445,0.0929445,1.0,1.3878106e-06,1.4931605e-05,-27.731033,2.2699533,0.7566511,0.16800001,0.0,0.14595224,9.60001,9.63001,1033600
hardzero_plus_depr__c0p50__z1p10__lam0p030__nu0p50__psi0p75,hardzero_plus_depr,0.02,34,323,0.0,2,0.092085585,0.09208697,1.0222751,0.09500028,0.09500028,1.0,1.3869466e-06,1.45993945e-05,-27.26055,2.2490501,0.7496834,0.15200001,0.0,0.14448807,9.63001,9.660009,1036800
hardzero_plus_depr__c0p50__z1p10__lam0p030__nu0p50__psi0p75,hardzero_plus_depr,0.02,34,324,0.0,2,0.09208697,0.092088565,0.95221245,0.11163171,0.11163171,1.0,1.593496e-06,1.4274582e-05,-25.49963,2.0949092,0.6983031,0.208,0.0,0.1253463,9.660009,9.690009,1040000
hardzero_plus_depr__c0p50__z1p10__lam0p030__nu0p50__psi0p75,hardzero_plus_depr,0.02,34,325,0.0,2,0.092088565,0.092089675,1.0993301,0.079555444,0.079555444,1.0,1.1103551e-06,1.39569975e-05,-27.943178,2.4185746,0.80619156,0.14999999,0.0,0.1796685,9.690009,9.720009,1043200
hardzero_plus_depr__c0p50__z1p10__lam0p030__nu0p50__psi0p75,hardzero_plus_depr,0.02,34,326,0.0,2,0.092089675,0.092091024,1.004597,0.0989471,0.0989471,1.0,1.3502786e-06,1.364647e-05,-26.363012,2.2101574,0.73671913,0.216,0.0,0.1541701,9.720009,9.750009,1046400
hardzero_plus_depr__c0p50__z1p10__lam0p030__nu0p50__psi0p75,hardzero_plus_depr,0.02,34,327,0.0,2,0.092091024,0.09209223,1.0445516,0.090250246,0.090250246,1.0,1.2041957e-06,1.3342852e-05,-26.395134,2.2980595,0.7660198,0.120000005,0.0,0.1347522,9.750009,9.780008,1049600
hardzero_plus_depr__c0p50__z1p10__lam0p030__nu0p50__psi0p75,hardzero_plus_depr,0.02,34,328,0.0,2,0.09209223,0.09209356,0.9932545,0.101565324,0.101565324,1.0,1.3250209e-06,1.3045997e-05,-26.90493,2.1852036,0.7284012,0.16800001,0.0,0.13689728,9.780008,9.810008,1052800
hardzero_plus_depr__c0p50__z1p10__lam0p030__nu0p50__psi0p75,hardzero_plus_depr,0.02,34,329,0.0,2,0.09209356,0.09209356,1.1080954,0.0,0.07796586,0.0,0.0,1.2755745e-05,-28.791029,2.4378586,0.81261957,0.120000005,0.0,0.18379575,9.810008,9.840008,1056000
hardzero_plus_depr__c0p50__z1p10__lam0p030__nu0p50__psi0p75,hardzero_plus_depr,0.02,34,330,0.0,2,0.09209356,0.09209481,0.99787474,0.10049055,0.10049055,1.0,1.2533126e-06,1.2471945e-05,-26.731932,2.1953683,0.73178947,0.16800001,0.0,0.1438595,9.840008,9.8700075,1059200
hardzero_plus_depr__c0p50__z1p10__lam0p030__nu0p50__psi0p75,hardzero_plus_depr,0.02,34,331,0.0,2,0.09209481,0.09209605,0.9919466,0.10187167,0.10187167,1.0,1.24227e-06,1.21944595e-05,-26.605267,2.182326,0.727442,0.120000005,0.0,0.12702742,9.8700075,9.900007,1062400
hardzero_plus_depr__c0p50__z1p10__lam0p030__nu0p50__psi0p75,hardzero_plus_depr,0.02,34,332,0.0,2,0.09209605,0.092097335,0.969596,0.10725165,0.10725165,1.0,1.2787779e-06,1.1923153e-05,-26.70438,2.133154,0.71105134,0.18400002,0.0,0.12570456,9.900007,9.930007,1065600
hardzero_plus_depr__c0p50__z1p10__lam0p030__nu0p50__psi0p75,hardzero_plus_depr,0.02,34,333,0.0,2,0.092097335,0.09209849,1.0037532,0.09913953,0.09913953,1.0,1.1557569e-06,1.1657882e-05,-27.043129,2.208301,0.7361004,0.136,0.0,0.13841324,9.930007,9.960007,1068800
hardzero_plus_depr__c0p50__z1p10__lam0p030__nu0p50__psi0p75,hardzero_plus_depr,0.02,34,334,0.0,2,0.09209849,0.09209964,0.99607235,0.100908466,0.100908466,1.0,1.1502059e-06,1.1398508e-05,-27.710066,2.191403,0.7304677,0.17600001,0.0,0.12935433,9.960007,9.990006,1072000
hardzero_plus_depr__c0p50__z1p10__lam0p030__nu0p50__psi0p75,hardzero_plus_depr,0.02,34,335,0.0,2,0.09209964,0.09210072,1.0146482,0.09668335,0.09668335,1.0,1.0775268e-06,1.1144905e-05,-26.856813,2.2322707,0.74409026,0.224,0.0,0.15311727,9.990006,10.020006,1075200
hardzero_plus_depr__c0p50__z1p10__lam0p030__nu0p50__psi0p75,hardzero_plus_depr,0.02,34,336,0.0,2,0.09210072,0.09210187,0.9748029,0.10597345,0.10597345,1.0,1.1547874e-06,1.089695e-05,-26.796785,2.1446092,0.71486974,0.192,0.0,0.13792896,10.020006,10.050006,1078400
hardzero_plus_depr__c0p50__z1p10__lam0p030__nu0p50__psi0p75,hardzero_plus_depr,0.02,34,337,0.0,2,0.09210187,0.09210297,0.98856014,0.10266911,0.10266911,1.0,1.0938891e-06,1.065451e-05,-26.219028,2.1748757,0.7249586,0.128,0.0,0.15248333,10.050006,10.080006,1081600
hardzero_plus_depr__c0p50__z1p10__lam0p030__nu0p50__psi0p75,hardzero_plus_depr,0.02,34,338,0.0,2,0.09210297,0.092103966,1.0199609,0.09550786,0.09550786,1.0,9.949492e-07,1.041746e-05,-26.752586,2.2439587,0.74798626,0.17999999,0.01,0.13737352,10.080006,10.110005,1084800
hardzero_plus_depr__c0p50__z1p10__lam0p030__nu0p50__psi0p75,hardzero_plus_depr,0.02,34,339,0.0,2,0.092103966,0.092105076,0.962383,0.10904784,0.10904784,1.0,1.1107269e-06,1.0185685e-05,-25.585365,2.1172848,0.7057616,0.192,0.0,0.15535882,10.110005,10.140005,1088000
hardzero_plus_depr__c0p50__z1p10__lam0p030__nu0p50__psi0p75,hardzero_plus_depr,0.02,34,340,0.0,2,0.092105076,0.09210608,0.9960563,0.10091219,0.10091219,1.0,1.0049915e-06,9.95907e-06,-26.608208,2.1913676,0.7304559,0.16000001,0.0,0.138426,10.140005,10.170005,1091200
hardzero_plus_depr__c0p50__z1p10__lam0p030__nu0p50__psi0p75,hardzero_plus_depr,0.02,34,341,0.0,2,0.09210608,0.09210692,1.0612727,0.086841494,0.086841494,1.0,8.456188e-07,9.737497e-06,-28.037317,2.3348467,0.7782823,0.136,0.0,0.17744045,10.170005,10.200005,1094400
hardzero_plus_depr__c0p50__z1p10__lam0p030__nu0p50__psi0p75,hardzero_plus_depr,0.02,34,342,0.0,2,0.09210692,0.09210785,1.0125837,0.097144075,0.097144075,1.0,9.2489415e-07,9.52085e-06,-27.131731,2.2277286,0.74257624,0.14400001,0.0,0.15387323,10.200005,10.230004,1097600
hardzero_plus_depr__c0p50__z1p10__lam0p030__nu0p50__psi0p75,hardzero_plus_depr,0.02,34,343,0.0,2,0.09210785,0.09210883,0.9750564,0.10591161,0.10591161,1.0,9.859335e-07,9.309022e-06,-25.985884,2.1451669,0.71505564,0.192,0.0,0.1262073,10.230004,10.260004,1100800
hardzero_plus_depr__c0p50__z1p10__lam0p030__nu0p50__psi0p75,hardzero_plus_depr,0.02,34,344,0.0,2,0.09210883,0.09210965,1.0455375,0.09004561,0.09004561,1.0,8.1958717e-07,9.101912e-06,-27.914528,2.3002284,0.7667428,0.104,0.0,0.18722251,10.260004,10.290004,1104000
hardzero_plus_depr__c0p50__z1p10__lam0p030__nu0p50__psi0p75,hardzero_plus_depr,0.02,34,345,0.0,2,0.09210965,0.09211047,1.0346432,0.09233297,0.09233297,1.0,8.2170897e-07,8.89941e-06,-27.757383,2.2762604,0.7587535,0.16000001,0.0,0.1434709,10.290004,10.3200035,1107200
hardzero_plus_depr__c0p50__z1p10__lam0p030__nu0p50__psi0p75,hardzero_plus_depr,0.02,34,346,0.0,2,0.09211047,0.09211136,0.99282515,0.101665795,0.101665795,1.0,8.8463565e-07,8.701409e-06,-26.955486,2.184259,0.72808635,0.14400001,0.0,0.15934616,10.3200035,10.350003,1110400
hardzero_plus_depr__c0p50__z1p10__lam0p030__nu0p50__psi0p75,hardzero_plus_depr,0.02,34,347,0.0,2,0.09211136,0.09211219,1.0074058,0.09830921,0.09830921,1.0,8.3639634e-07,8.507813e-06,-26.20488,2.216337,0.738779,0.15200001,0.0,0.14734605,10.350003,10.380003,1113600
hardzero_plus_depr__c0p50__z1p10__lam0p030__nu0p50__psi0p75,hardzero_plus_depr,0.02,34,348,0.0,2,0.09211219,0.092113055,0.9852309,0.10345919,0.10345919,1.0,8.606281e-07,8.318528e-06,-27.156702,2.1675513,0.72251713,0.17600001,0.0,0.13371262,10.380003,10.410003,1116800
hardzero_plus_depr__c0p50__z1p10__lam0p030__nu0p50__psi0p75,hardzero_plus_depr,0.02,34,349,0.0,2,0.092113055,0.092114,0.93451023,0.11627591,0.11627591,1.0,9.457248e-07,8.133455e-06,-26.83835,2.0559635,0.6853212,0.224,0.0,0.16297987,10.410003,10.440002,1120000
hardzero_plus_depr__c0p50__z1p10__lam0p030__nu0p50__psi0p75,hardzero_plus_depr,0.02,34,350,0.0,2,0.092114,0.092114806,0.993491,0.10151003,0.10151003,1.0,8.0725806e-07,7.952495e-06,-26.991957,2.1857238,0.72857463,0.18400002,0.0,0.14162634,10.440002,10.470002,1123200
hardzero_plus_depr__c0p50__z1p10__lam0p030__nu0p50__psi0p75,hardzero_plus_depr,0.02,34,351,0.0,2,0.092114806,0.09211555,1.0193472,0.095642924,0.095642924,1.0,7.436774e-07,7.775561e-06,-27.545204,2.2426085,0.7475362,0.14999999,0.0,0.19575696,10.470002,10.500002,1126400
hardzero_plus_depr__c0p50__z1p10__lam0p030__nu0p50__psi0p75,hardzero_plus_depr,0.02,34,352,0.0,2,0.09211555,0.09211633,0.98666215,0.10311881,0.10311881,1.0,7.839678e-07,7.602568e-06,-26.358837,2.1707,0.7235667,0.24800001,0.008,0.1364673,10.500002,10.530002,1129600
hardzero_plus_depr__c0p50__z1p10__lam0p030__nu0p50__psi0p75,hardzero_plus_depr,0.02,34,353,0.0,2,0.09211633,0.09211707,1.0049068,0.098876536,0.098876536,1.0,7.349912e-07,7.433424e-06,-26.958237,2.210839,0.73694634,0.15200001,0.0,0.12820657,10.530002,10.560001,1132800
hardzero_plus_depr__c0p50__z1p10__lam0p030__nu0p50__psi0p75,hardzero_plus_depr,0.02,34,354,0.0,2,0.09211707,0.09211788,0.9499898,0.11220449,0.11220449,1.0,8.155066e-07,7.268039e-06,-26.47819,2.0900192,0.6966731,0.16000001,0.0,0.15421407,10.560001,10.590001,1136000
hardzero_plus_depr__c0p50__z1p10__lam0p030__nu0p50__psi0p75,hardzero_plus_depr,0.02,34,355,0.0,2,0.09211788,0.09211859,1.0039129,0.09910306,0.09910306,1.0,7.042595e-07,7.106334e-06,-26.963509,2.2086525,0.7362175,0.208,0.0,0.15080874,10.590001,10.620001,1139200
hardzero_plus_depr__c0p50__z1p10__lam0p030__nu0p50__psi0p75,hardzero_plus_depr,0.02,34,356,0.0,2,0.09211859,0.09211925,1.0257638,0.0942402,0.0942402,1.0,6.548026e-07,6.94823e-06,-27.379576,2.2567253,0.7522418,0.17600001,0.0,0.13995035,10.620001,10.650001,1142400
hardzero_plus_depr__c0p50__z1p10__lam0p030__nu0p50__psi0p75,hardzero_plus_depr,0.02,34,357,0.0,2,0.09211925,0.09211993,0.99621147,0.10087616,0.10087616,1.0,6.853166e-07,6.793643e-06,-27.224907,2.191709,0.7305697,0.17600001,0.0,0.13125187,10.650001,10.68,1145600
hardzero_plus_depr__c0p50__z1p10__lam0p030__nu0p50__psi0p75,hardzero_plus_depr,0.02,34,358,0.0,2,0.09211993,0.09212061,0.98915726,0.10252804,0.10252804,1.0,6.810418e-07,6.6424927e-06,-26.415483,2.1761894,0.7253965,0.112,0.0,0.14811964,10.68,10.71,1148800
hardzero_plus_depr__c0p50__z1p10__lam0p030__nu0p50__psi0p75,hardzero_plus_depr,0.02,34,359,0.0,2,0.09212061,0.09212129,0.98288494,0.10401957,0.10401957,1.0,6.755764e-07,6.4947053e-06,-26.639166,2.16239,0.7207967,0.17600001,0.0,0.15037428,10.71,10.74,1152000
hardzero_plus_depr__c0p50__z1p10__lam0p030__nu0p50__psi0p75,hardzero_plus_depr,0.02,34,360,0.0,2,0.09212129,0.09212194,0.98990285,0.102352194,0.102352194,1.0,6.4995754e-07,6.350206e-06,-26.607399,2.1778297,0.72594327,0.112,0.0,0.12892018,10.74,10.7699995,1155200
hardzero_plus_depr__c0p50__z1p10__lam0p030__nu0p50__psi0p75,hardzero_plus_depr,0.02,34,361,0.0,2,0.09212194,0.0921225,1.0389956,0.09141224,0.09141224,1.0,5.6757193e-07,6.208927e-06,-28.04485,2.285836,0.76194537,0.120000005,0.0,0.17676874,10.7699995,10.799999,1158400
hardzero_plus_depr__c0p50__z1p10__lam0p030__nu0p50__psi0p75,hardzero_plus_depr,0.02,34,362,0.0,2,0.0921225,0.09212312,0.9939226,0.10140921,0.10140921,1.0,6.156336e-07,6.0707857e-06,-26.293509,2.1866734,0.72889113,0.224,0.0,0.1632483,10.799999,10.829999,1161600
hardzero_plus_depr__c0p50__z1p10__lam0p030__nu0p50__psi0p75,hardzero_plus_depr,0.02,34,363,0.0,2,0.09212312,0.09212371,1.0023925,0.099450625,0.099450625,1.0,5.903109e-07,5.9357185e-06,-27.257284,2.2053077,0.7351026,0.216,0.0,0.14556041,10.829999,10.859999,1164800
hardzero_plus_depr__c0p50__z1p10__lam0p030__nu0p50__psi0p75,hardzero_plus_depr,0.02,34,364,0.0,2,0.09212371,0.09212429,0.998639,0.100313865,0.100313865,1.0,5.821877e-07,5.803661e-06,-27.371962,2.1970496,0.7323499,0.19999999,0.0,0.13740289,10.859999,10.889998,1168000
hardzero_plus_depr__c0p50__z1p10__lam0p030__nu0p50__psi0p75,hardzero_plus_depr,0.02,34,365,0.0,2,0.09212429,0.092124835,1.017183,0.09612074,0.09612074,1.0,5.454406e-07,5.6745366e-06,-26.060837,2.237847,0.74594903,0.16000001,0.0,0.13746858,10.889998,10.919998,1171200
hardzero_plus_depr__c0p50__z1p10__lam0p030__nu0p50__psi0p75,hardzero_plus_depr,0.02,34,366,0.0,2,0.092124835,0.09212534,1.0384452,0.09152817,0.09152817,1.0,5.078243e-07,5.5482847e-06,-28.19501,2.284625,0.7615417,0.136,0.0,0.14382564,10.919998,10.949998,1174400
hardzero_plus_depr__c0p50__z1p10__lam0p030__nu0p50__psi0p75,hardzero_plus_depr,0.02,34,367,0.0,2,0.09212534,0.09212585,1.0301883,0.093284965,0.093284965,1.0,5.060562e-07,5.424842e-06,-26.59135,2.2664595,0.7554865,0.15200001,0.0,0.15269066,10.949998,10.979998,1177600
hardzero_plus_depr__c0p50__z1p10__lam0p030__nu0p50__psi0p75,hardzero_plus_depr,0.02,34,368,0.0,2,0.09212585,0.09212636,1.0112321,0.09744686,0.09744686,1.0,5.168724e-07,5.3041463e-06,-27.242943,2.224755,0.741585,0.136,0.0,0.16449276,10.979998,11.009997,1180800
hardzero_plus_depr__c0p50__z1p10__lam0p030__nu0p50__psi0p75,hardzero_plus_depr,0.02,34,369,0.0,2,0.09212636,0.092126906,0.98071927,0.10453956,0.10453956,1.0,5.4215684e-07,5.1861407e-06,-26.014948,2.1576254,0.7192085,0.2,0.0,0.14104475,11.009997,11.039997,1184000
hardzero_plus_depr__c0p50__z1p10__lam0p030__nu0p50__psi0p75,hardzero_plus_depr,0.02,34,370,0.0,2,0.092126906,0.09212749,0.94322985,0.11396463,0.11396463,1.0,5.7788674e-07,5.070755e-06,-25.891857,2.0751472,0.6917157,0.16800001,0.0,0.12268592,11.039997,11.069997,1187200
hardzero_plus_depr__c0p50__z1p10__lam0p030__nu0p50__psi0p75,hardzero_plus_depr,0.02,34,371,0.0,2,0.09212749,0.09212802,0.966129,0.10811127,0.10811127,1.0,5.360089e-07,4.957937e-06,-26.40574,2.1255262,0.70850873,0.224,0.0,0.173011,11.069997,11.099997,1190400
hardzero_plus_depr__c0p50__z1p10__lam0p030__nu0p50__psi0p75,hardzero_plus_depr,0.02,34,372,0.0,2,0.09212802,0.0921285,1.0095686,0.09782084,0.09782084,1.0,4.741995e-07,4.8476327e-06,-26.445091,2.2210953,0.74036515,0.208,0.0,0.1483599,11.099997,11.129996,1193600
hardzero_plus_depr__c0p50__z1p10__lam0p030__nu0p50__psi0p75,hardzero_plus_depr,0.02,34,373,0.0,2,0.0921285,0.09212894,1.034892,0.09228008,0.09228008,1.0,4.373872e-07,4.739779e-06,-28.18092,2.2768078,0.7589359,0.128,0.0,0.14034596,11.129996,11.159996,1196800
hardzero_plus_depr__c0p50__z1p10__lam0p030__nu0p50__psi0p75,hardzero_plus_depr,0.02,34,374,0.0,2,0.09212894,0.09212934,1.059685,0.08715955,0.08715955,1.0,4.0392564e-07,4.6343243e-06,-28.35037,2.3313537,0.7771179,0.136,0.0,0.16075903,11.159996,11.189996,1200000
hardzero_plus_depr__c0p50__z1p10__lam0p030__nu0p50__psi0p75,hardzero_plus_depr,0.02,34,375,0.0,2,0.09212934,0.092129804,0.9917129,0.101926476,0.101926476,1.0,4.6185096e-07,4.5312167e-06,-26.538244,2.181812,0.7272707,0.192,0.0,0.13617514,11.189996,11.2199955,1203200
hardzero_plus_depr__c0p50__z1p10__lam0p030__nu0p50__psi0p75,hardzero_plus_depr,0.02,34,376,0.0,2,0.092129804,0.092130266,0.9805104,0.10458985,0.10458985,1.0,4.6337513e-07,4.4304024e-06,-27.052708,2.157166,0.71905535,0.2,0.0,0.16208847,11.2199955,11.249995,1206400
hardzero_plus_depr__c0p50__z1p10__lam0p030__nu0p50__psi0p75,hardzero_plus_depr,0.02,34,377,0.0,2,0.092130266,0.09213066,1.0427277,0.09063007,0.09063007,1.0,3.9259456e-07,4.3318355e-06,-27.767365,2.2940466,0.76468223,0.19999999,0.0,0.13654903,11.249995,11.279995,1209600
hardzero_plus_depr__c0p50__z1p10__lam0p030__nu0p50__psi0p75,hardzero_plus_depr,0.02,34,378,0.0,2,0.09213066,0.09213111,0.9753904,0.10583019,0.10583019,1.0,4.4823926e-07,4.2354573e-06,-26.696594,2.1459017,0.71530056,0.15200001,0.0,0.119396254,11.279995,11.309995,1212800
hardzero_plus_depr__c0p50__z1p10__lam0p030__nu0p50__psi0p75,hardzero_plus_depr,0.02,34,379,0.0,2,0.09213111,0.09213152,1.0050882,0.09883522,0.09883522,1.0,4.0929876e-07,4.1412236e-06,-26.943848,2.2112381,0.7370794,0.128,0.0,0.1336892,11.309995,11.339994,1216000
hardzero_plus_depr__c0p50__z1p10__lam0p030__nu0p50__psi0p75,hardzero_plus_depr,0.02,34,380,0.0,2,0.09213152,0.0921319,1.0280718,0.0937407,0.0937407,1.0,3.7956454e-07,4.04909e-06,-27.384178,2.261803,0.7539343,0.192,0.0,0.1776491,11.339994,11.369994,1219200
hardzero_plus_depr__c0p50__z1p10__lam0p030__nu0p50__psi0p75,hardzero_plus_depr,0.02,34,381,0.0,2,0.0921319,0.092132255,1.0451654,0.09012278,0.09012278,1.0,3.5679633e-07,3.9590027e-06,-27.359585,2.2994099,0.76646996,0.112,0.0,0.15557534,11.369994,11.399994,1222400
hardzero_plus_depr__c0p50__z1p10__lam0p030__nu0p50__psi0p75,hardzero_plus_depr,0.02,34,382,0.0,2,0.092132255,0.092132635,1.0069677,0.09840843,0.09840843,1.0,3.809311e-07,3.8709195e-06,-26.689758,2.215373,0.7384577,0.16000001,0.0,0.13551362,11.399994,11.429994,1225600
hardzero_plus_depr__c0p50__z1p10__lam0p030__nu0p50__psi0p75,hardzero_plus_depr,0.02,34,383,0.0,2,0.092132635,0.09213304,0.9739176,0.1061897,0.1061897,1.0,4.0190636e-07,3.7847963e-06,-26.45461,2.1426616,0.7142205,0.18400002,0.0,0.20641124,11.429994,11.459993,1228800
hardzero_plus_depr__c0p50__z1p10__lam0p030__nu0p50__psi0p75,hardzero_plus_depr,0.02,34,384,0.0,2,0.09213304,0.09213345,0.95918465,0.109853856,0.109853856,1.0,4.0652398e-07,3.700589e-06,-25.960426,2.1102483,0.7034161,0.136,0.0,0.12918097,11.459993,11.489993,1232000
hardzero_plus_depr__c0p50__z1p10__lam0p030__nu0p50__psi0p75,hardzero_plus_depr,0.02,34,385,0.0,2,0.09213345,0.09213383,0.9785033,0.105074346,0.105074346,1.0,3.8018618e-07,3.618259e-06,-26.709478,2.1527503,0.7175834,0.14400001,0.0,0.16009532,11.489993,11.519993,1235200
hardzero_plus_depr__c0p50__z1p10__lam0p030__nu0p50__psi0p75,hardzero_plus_depr,0.02,34,386,0.0,2,0.09213383,0.09213419,0.9905731,0.10219433,0.10219433,1.0,3.615387e-07,3.5377568e-06,-26.546633,2.1793044,0.7264348,0.15200001,0.0,0.1355036,11.519993,11.549993,1238400
hardzero_plus_depr__c0p50__z1p10__lam0p030__nu0p50__psi0p75,hardzero_plus_depr,0.02,34,387,0.0,2,0.09213419,0.09213454,0.9932938,0.10155615,0.10155615,1.0,3.5128738e-07,3.459046e-06,-27.300858,2.18529,0.72843003,0.192,0.0,0.15901256,11.549993,11.579992,1241600
hardzero_plus_depr__c0p50__z1p10__lam0p030__nu0p50__psi0p75,hardzero_plus_depr,0.02,34,388,0.0,2,0.09213454,0.09213485,1.0478382,0.08956984,0.08956984,1.0,3.0293322e-07,3.3820897e-06,-28.137285,2.3052902,0.7684301,0.128,0.0,0.17191626,11.579992,11.609992,1244800
hardzero_plus_depr__c0p50__z1p10__lam0p030__nu0p50__psi0p75,hardzero_plus_depr,0.02,34,389,0.0,2,0.09213485,0.0921352,0.9724902,0.1065393,0.1065393,1.0,3.5230866e-07,3.3068422e-06,-26.196594,2.1395211,0.71317375,0.14400001,0.0,0.14368413,11.609992,11.639992,1248000
hardzero_plus_depr__c0p50__z1p10__lam0p030__nu0p50__psi0p75,hardzero_plus_depr,0.02,34,390,0.0,2,0.0921352,0.09213553,0.98690337,0.103061534,0.103061534,1.0,3.3322567e-07,3.2332691e-06,-26.523935,2.1712308,0.7237436,0.17,0.0,0.14096026,11.639992,11.6699915,1251200
hardzero_plus_depr__c0p50__z1p10__lam0p030__nu0p50__psi0p75,hardzero_plus_depr,0.02,34,391,0.0,2,0.09213553,0.09213589,0.9496894,0.11228212,0.11228212,1.0,3.5496114e-07,3.1613329e-06,-25.630411,2.0893583,0.6964528,0.17600001,0.0,0.11142819,11.6699915,11.699991,1254400
hardzero_plus_depr__c0p50__z1p10__lam0p030__nu0p50__psi0p75,hardzero_plus_depr,0.02,34,392,0.0,2,0.09213589,0.09213617,1.0517267,0.08877145,0.08877145,1.0,2.7439228e-07,3.0909969e-06,-28.401924,2.313845,0.77128166,0.14400001,0.0,0.17075372,11.699991,11.729991,1257600
hardzero_plus_depr__c0p50__z1p10__lam0p030__nu0p50__psi0p75,hardzero_plus_depr,0.02,34,393,0.0,2,0.09213617,0.09213649,0.9752542,0.1058634,0.1058634,1.0,3.1994338e-07,3.0222286e-06,-27.09469,2.145602,0.71520066,0.18400002,0.0,0.15826988,11.729991,11.759991,1260800
hardzero_plus_depr__c0p50__z1p10__lam0p030__nu0p50__psi0p75,hardzero_plus_depr,0.02,34,394,0.0,2,0.09213649,0.09213675,1.0603746,0.08702127,0.08702127,1.0,2.5714678e-07,2.9549878e-06,-27.54476,2.3328707,0.7776236,0.18400002,0.0,0.14966302,11.759991,11.78999,1264000
hardzero_plus_depr__c0p50__z1p10__lam0p030__nu0p50__psi0p75,hardzero_plus_depr,0.02,34,395,0.0,2,0.09213675,0.09213705,0.97203624,0.10665071,0.10665071,1.0,3.081398e-07,2.8892428e-06,-26.821926,2.1385224,0.7128408,0.14400001,0.0,0.1597514,11.78999,11.81999,1267200
hardzero_plus_depr__c0p50__z1p10__lam0p030__nu0p50__psi0p75,hardzero_plus_depr,0.02,34,396,0.0,2,0.09213705,0.09213733,1.0094966,0.09783707,0.09783707,1.0,2.7638615e-07,2.8249635e-06,-26.449417,2.2209368,0.7403123,0.17600001,0.0,0.12647557,11.81999,11.84999,1270400
hardzero_plus_depr__c0p50__z1p10__lam0p030__nu0p50__psi0p75,hardzero_plus_depr,0.02,34,397,0.0,2,0.09213733,0.09213759,1.0201789,0.095459916,0.095459916,1.0,2.636709e-07,2.762111e-06,-27.587683,2.2444384,0.7481462,0.17600001,0.0,0.1633187,11.84999,11.87999,1273600
hardzero_plus_depr__c0p50__z1p10__lam0p030__nu0p50__psi0p75,hardzero_plus_depr,0.02,34,398,0.0,2,0.09213759,0.09213786,1.0041746,0.09904337,0.09904337,1.0,2.6748222e-07,2.7006577e-06,-27.255974,2.2092283,0.7364094,0.216,0.0,0.15069543,11.87999,11.909989,1276800
hardzero_plus_depr__c0p50__z1p10__lam0p030__nu0p50__psi0p75,hardzero_plus_depr,0.02,34,399,0.0,2,0.09213786,0.092138104,1.0280145,0.09375306,0.09375306,1.0,2.4756164e-07,2.6405712e-06,-27.710407,2.2616773,0.7538924,0.080000006,0.0,0.13230245,11.909989,11.939989,1280000
hardzero_plus_depr__c0p50__z1p10__lam0p030__nu0p50__psi0p75,hardzero_plus_depr,0.02,34,400,0.0,2,0.092138104,0.09213836,1.0046335,0.09893874,0.09893874,1.0,2.554422e-07,2.5818217e-06,-27.316063,2.210238,0.736746,0.14400001,0.0,0.15819332,11.939989,11.969989,1283200
hardzero_plus_depr__c0p50__z1p10__lam0p030__nu0p50__psi0p75,hardzero_plus_depr,0.02,34,401,0.0,2,0.09213836,0.09213862,0.9857226,0.10334211,0.10334211,1.0,2.608749e-07,2.5243814e-06,-26.62003,2.168633,0.7228777,0.136,0.0,0.123378314,11.969989,11.999989,1286400
hardzero_plus_depr__c0p50__z1p10__lam0p030__nu0p50__psi0p75,hardzero_plus_depr,0.02,34,402,0.0,2,0.09213862,0.09213889,0.96297204,0.1089,0.1089,1.0,2.6878885e-07,2.4682172e-06,-26.372087,2.1185808,0.7061936,0.18400002,0.0,0.13296188,11.999989,12.029988,1289600
hardzero_plus_depr__c0p50__z1p10__lam0p030__nu0p50__psi0p75,hardzero_plus_depr,0.02,34,403,0.0,2,0.09213889,0.09213913,0.9905781,0.10219317,0.10219317,1.0,2.4662302e-07,2.4133024e-06,-26.191835,2.1793153,0.72643846,0.13,0.0,0.1433995,12.029988,12.059988,1292800
hardzero_plus_depr__c0p50__z1p10__lam0p030__nu0p50__psi0p75,hardzero_plus_depr,0.02,34,404,0.0,2,0.09213913,0.09213938,0.9760327,0.10567379,0.10567379,1.0,2.493491e-07,2.3596117e-06,-26.32285,2.1473148,0.7157716,0.224,0.0,0.18042971,12.059988,12.089988,1296000
hardzero_plus_depr__c0p50__z1p10__lam0p030__nu0p50__psi0p75,hardzero_plus_depr,0.02,34,405,0.0,2,0.09213938,0.09213961,0.9992222,0.10017926,0.10017926,1.0,2.311249e-07,2.3071132e-06,-26.355953,2.1983328,0.7327776,0.128,0.0,0.145425,12.089988,12.1199875,1299200
hardzero_plus_depr__c0p50__z1p10__lam0p030__nu0p50__psi0p75,hardzero_plus_depr,0.02,34,406,0.0,2,0.09213961,0.09213983,1.0066144,0.098488495,0.098488495,1.0,2.2216864e-07,2.2557826e-06,-26.739399,2.214596,0.7381987,0.192,0.0,0.14383386,12.1199875,12.149987,1302400
hardzero_plus_depr__c0p50__z1p10__lam0p030__nu0p50__psi0p75,hardzero_plus_depr,0.02,34,407,0.0,2,0.09213983,0.09214004,1.0315106,0.09300139,0.09300139,1.0,2.0512333e-07,2.2055942e-06,-27.426176,2.2693686,0.75645626,0.120000005,0.0,0.14803562,12.149987,12.179987,1305600
hardzero_plus_depr__c0p50__z1p10__lam0p030__nu0p50__psi0p75,hardzero_plus_depr,0.02,34,408,0.0,2,0.09214004,0.09214028,0.95279753,0.11148141,0.11148141,1.0,2.404121e-07,2.156522e-06,-25.15304,2.0961964,0.69873214,0.136,0.0,0.12352605,12.179987,12.209987,1308800
hardzero_plus_depr__c0p50__z1p10__lam0p030__nu0p50__psi0p75,hardzero_plus_depr,0.02,34,409,0.0,2,0.09214028,0.09214048,1.0211126,0.09525492,0.09525492,1.0,2.0084921e-07,2.1085443e-06,-27.315424,2.2464924,0.7488308,0.14400001,0.0,0.15345258,12.209987,12.239986,1312000
hardzero_plus_depr__c0p50__z1p10__lam0p030__nu0p50__psi0p75,hardzero_plus_depr,0.02,34,410,0.0,2,0.09214048,0.0921407,0.9758412,0.105720386,0.105720386,1.0,2.179565e-07,2.0616317e-06,-26.500105,2.1468935,0.7156312,0.16000001,0.0,0.11719387,12.239986,12.269986,1315200
hardzero_plus_depr__c0p50__z1p10__lam0p030__nu0p50__psi0p75,hardzero_plus_depr,0.02,34,411,0.0,2,0.0921407,0.0921409,1.0034997,0.09919738,0.09919738,1.0,1.999584e-07,2.015763e-06,-26.734459,2.2077436,0.7359146,0.15200001,0.0,0.13821821,12.269986,12.299986,1318400
hardzero_plus_depr__c0p50__z1p10__lam0p030__nu0p50__psi0p75,hardzero_plus_depr,0.02,34,412,0.0,2,0.0921409,0.0921411,0.986322,0.1031996,0.1031996,1.0,2.0339779e-07,1.9709164e-06,-27.294466,2.1699517,0.72331727,0.15200001,0.0,0.13631226,12.299986,12.329986,1321600
hardzero_plus_depr__c0p50__z1p10__lam0p030__nu0p50__psi0p75,hardzero_plus_depr,0.02,34,413,0.0,2,0.0921411,0.09214126,1.0631762,0.086461715,0.086461715,1.0,1.6661741e-07,1.9270658e-06,-27.953749,2.3390343,0.7796781,0.224,0.0,0.17500891,12.329986,12.359985,1324800
hardzero_plus_depr__c0p50__z1p10__lam0p030__nu0p50__psi0p75,hardzero_plus_depr,0.02,34,414,0.0,2,0.09214126,0.09214144,1.0192677,0.095660426,0.095660426,1.0,1.802425e-07,1.8841909e-06,-27.051247,2.2424335,0.7474779,0.104,0.0,0.14048764,12.359985,12.389985,1328000
hardzero_plus_depr__c0p50__z1p10__lam0p030__nu0p50__psi0p75,hardzero_plus_depr,0.02,34,415,0.0,2,0.09214144,0.092141606,1.0585418,0.0873893,0.0873893,1.0,1.6099467e-07,1.84227e-06,-28.18289,2.3288383,0.77627945,0.08800001,0.0,0.14528263,12.389985,12.419985,1331200
hardzero_plus_depr__c0p50__z1p10__lam0p030__nu0p50__psi0p75,hardzero_plus_depr,0.02,34,416,0.0,2,0.092141606,0.09214179,0.9936376,0.10147577,0.10147577,1.0,1.8278642e-07,1.8012815e-06,-26.435863,2.1860464,0.72868216,0.14999999,0.0,0.12416445,12.419985,12.449985,1334400
hardzero_plus_depr__c0p50__z1p10__lam0p030__nu0p50__psi0p75,hardzero_plus_depr,0.02,34,417,0.0,2,0.09214179,0.09214198,0.9797183,0.10478078,0.10478078,1.0,1.8454064e-07,1.761207e-06,-26.34833,2.1554234,0.7184745,0.16800001,0.0,0.13303494,12.449985,12.479984,1337600
hardzero_plus_depr__c0p50__z1p10__lam0p030__nu0p50__psi0p75,hardzero_plus_depr,0.02,34,418,0.0,2,0.09214198,0.09214215,0.998226,0.100409314,0.100409314,1.0,1.7290708e-07,1.7220223e-06,-26.51656,2.196141,0.732047,0.14400001,0.0,0.13969098,12.479984,12.509984,1340800
hardzero_plus_depr__c0p50__z1p10__lam0p030__nu0p50__psi0p75,hardzero_plus_depr,0.02,34,419,0.0,2,0.09214215,0.09214231,1.0187749,0.09576903,0.09576903,1.0,1.6124721e-07,1.6837093e-06,-27.749958,2.2413495,0.7471165,0.16800001,0.0,0.1522897,12.509984,12.539984,1344000
hardzero_plus_depr__c0p50__z1p10__lam0p030__nu0p50__psi0p75,hardzero_plus_depr,0.02,34,420,0.0,2,0.09214231,0.09214247,1.0150775,0.09658786,0.09658786,1.0,1.5900781e-07,1.6462504e-06,-27.05185,2.233215,0.74440503,0.16000001,0.0,0.17029844,12.539984,12.5699835,1347200
hardzero_plus_depr__c0p50__z1p10__lam0p030__nu0p50__psi0p75,hardzero_plus_depr,0.02,34,421,0.0,2,0.09214247,0.092142634,0.9850651,0.10349869,0.10349869,1.0,1.6659389e-07,1.6096233e-06,-26.573841,2.1671865,0.72239554,0.192,0.0,0.1669247,12.5699835,12.599983,1350400
hardzero_plus_depr__c0p50__z1p10__lam0p030__nu0p50__psi0p75,hardzero_plus_depr,0.02,34,422,0.0,2,0.092142634,0.09214276,1.0818875,0.08281567,0.08281567,1.0,1.3033622e-07,1.5738111e-06,-28.151463,2.3802,0.7934,0.136,0.0,0.15646324,12.599983,12.629983,1353600
hardzero_plus_depr__c0p50__z1p10__lam0p030__nu0p50__psi0p75,hardzero_plus_depr,0.02,34,423,0.0,2,0.09214276,0.09214291,1.0047828,0.098904766,0.098904766,1.0,1.5219423e-07,1.5387957e-06,-27.01787,2.2105663,0.73685545,0.16800001,0.0,0.1394107,12.629983,12.659983,1356800
hardzero_plus_depr__c0p50__z1p10__lam0p030__nu0p50__psi0p75,hardzero_plus_depr,0.02,34,424,0.0,2,0.09214291,0.09214307,0.9714692,0.10679004,0.10679004,1.0,1.6067196e-07,1.5045593e-06,-26.473179,2.137275,0.712425,0.16800001,0.0,0.15245785,12.659983,12.689982,1360000
hardzero_plus_depr__c0p50__z1p10__lam0p030__nu0p50__psi0p75,hardzero_plus_depr,0.02,34,425,0.0,2,0.09214307,0.0921432,1.0594171,0.08721333,0.08721333,1.0,1.2829831e-07,1.4710861e-06,-27.978226,2.3307643,0.77692145,0.136,0.0,0.14697164,12.689982,12.719982,1363200
hardzero_plus_depr__c0p50__z1p10__lam0p030__nu0p50__psi0p75,hardzero_plus_depr,0.02,34,426,0.0,2,0.0921432,0.09214335,0.9776814,0.10527338,0.10527338,1.0,1.5142061e-07,1.4383561e-06,-26.762072,2.150942,0.7169807,0.14400001,0.0,0.12767957,12.719982,12.749982,1366400
hardzero_plus_depr__c0p50__z1p10__lam0p030__nu0p50__psi0p75,hardzero_plus_depr,0.02,34,427,0.0,2,0.09214335,0.09214349,0.9953868,0.10106788,0.10106788,1.0,1.4213725e-07,1.4063544e-06,-27.407421,2.1898947,0.7299649,0.17600001,0.0,0.16409953,12.749982,12.779982,1369600
hardzero_plus_depr__c0p50__z1p10__lam0p030__nu0p50__psi0p75,hardzero_plus_depr,0.02,34,428,0.0,2,0.09214349,0.09214361,1.0499656,0.089132145,0.089132145,1.0,1.225626e-07,1.3750662e-06,-27.421076,2.3099704,0.76999015,0.128,0.0,0.15271427,12.779982,12.809981,1372800
hardzero_plus_depr__c0p50__z1p10__lam0p030__nu0p50__psi0p75,hardzero_plus_depr,0.02,34,429,0.0,2,0.09214361,0.092143744,1.0021862,0.09949787,0.09949787,1.0,1.3377215e-07,1.3444725e-06,-26.554745,2.2048535,0.7349512,0.12,0.0,0.14840868,12.809981,12.839981,1376000
hardzero_plus_depr__c0p50__z1p10__lam0p030__nu0p50__psi0p75,hardzero_plus_depr,0.02,34,430,0.0,2,0.092143744,0.09214386,1.045625,0.090027474,0.090027474,1.0,1.18346485e-07,1.3145597e-06,-27.377491,2.3004208,0.76680696,0.15200001,0.0,0.14500883,12.839981,12.869981,1379200
hardzero_plus_depr__c0p50__z1p10__lam0p030__nu0p50__psi0p75,hardzero_plus_depr,0.02,34,431,0.0,2,0.09214386,0.092144,0.9853353,0.10343433,0.10343433,1.0,1.3294542e-07,1.2853122e-06,-26.808523,2.1677809,0.72259367,0.14400001,0.0,0.12401879,12.869981,12.899981,1382400
hardzero_plus_depr__c0p50__z1p10__lam0p030__nu0p50__psi0p75,hardzero_plus_depr,0.02,34,432,0.0,2,0.092144,0.092144124,0.9909342,0.10210941,0.10210941,1.0,1.2832248e-07,1.2567156e-06,-26.25245,2.1800988,0.7266996,0.15200001,0.0,0.15115662,12.899981,12.92998,1385600
hardzero_plus_depr__c0p50__z1p10__lam0p030__nu0p50__psi0p75,hardzero_plus_depr,0.02,34,433,0.0,2,0.092144124,0.092144236,1.0537997,0.08834872,0.08834872,1.0,1.0855906e-07,1.2287564e-06,-27.95085,2.3184056,0.7728019,0.096,0.0,0.1497662,12.92998,12.95998,1388800
hardzero_plus_depr__c0p50__z1p10__lam0p030__nu0p50__psi0p75,hardzero_plus_depr,0.02,34,434,0.0,2,0.092144236,0.09214436,0.9714112,0.1068043,0.1068043,1.0,1.2831661e-07,1.2014181e-06,-26.1507,2.1371474,0.7123825,0.2,0.0,0.14607076,12.95998,12.98998,1392000
hardzero_plus_depr__c0p50__z1p10__lam0p030__nu0p50__psi0p75,hardzero_plus_depr,0.02,34,435,0.0,2,0.09214436,0.09214447,1.0413237,0.09092355,0.09092355,1.0,1.0680679e-07,1.1746879e-06,-27.722902,2.290958,0.7636527,0.112,0.0,0.13733368,12.98998,13.0199795,1395200
hardzero_plus_depr__c0p50__z1p10__lam0p030__nu0p50__psi0p75,hardzero_plus_depr,0.02,34,436,0.0,2,0.09214447,0.09214457,1.0404661,0.091103256,0.091103256,1.0,1.0463697e-07,1.1485536e-06,-26.963785,2.289071,0.76302373,0.15200001,0.0,0.1400763,13.0199795,13.049979,1398400
hardzero_plus_depr__c0p50__z1p10__lam0p030__nu0p50__psi0p75,hardzero_plus_depr,0.02,34,437,0.0,2,0.09214457,0.09214467,1.0613136,0.08683331,0.08683331,1.0,9.751378e-08,1.1229996e-06,-27.544323,2.3349366,0.7783122,0.15200001,0.0,0.16919172,13.049979,13.079979,1401600
hardzero_plus_depr__c0p50__z1p10__lam0p030__nu0p50__psi0p75,hardzero_plus_depr,0.02,34,438,0.0,2,0.09214467,0.09214479,0.96660167,0.10799366,0.10799366,1.0,1.1857858e-07,1.0980143e-06,-26.832752,2.1265662,0.7088554,0.192,0.0,0.13767073,13.079979,13.109979,1404800
hardzero_plus_depr__c0p50__z1p10__lam0p030__nu0p50__psi0p75,hardzero_plus_depr,0.02,34,439,0.0,2,0.09214479,0.09214489,0.99928486,0.10016481,0.10016481,1.0,1.07535406e-07,1.0735847e-06,-26.93682,2.1984706,0.73282355,0.16000001,0.0,0.12674104,13.109979,13.139978,1408000
hardzero_plus_depr__c0p50__z1p10__lam0p030__nu0p50__psi0p75,hardzero_plus_depr,0.02,34,440,0.0,2,0.09214489,0.09214498,1.0543705,0.08823269,0.08823269,1.0,9.2617746e-08,1.0496988e-06,-27.711605,2.3196614,0.7732205,0.136,0.0,0.17668304,13.139978,13.169978,1411200
hardzero_plus_depr__c0p50__z1p10__lam0p030__nu0p50__psi0p75,hardzero_plus_depr,0.02,34,441,0.0,2,0.09214498,0.09214508,1.0309995,0.093110874,0.093110874,1.0,9.55639e-08,1.0263452e-06,-28.065588,2.2682443,0.75608146,0.17600001,0.0,0.19977795,13.169978,13.199978,1414400
hardzero_plus_depr__c0p50__z1p10__lam0p030__nu0p50__psi0p75,hardzero_plus_depr,0.02,34,442,0.0,2,0.09214508,0.092145175,1.0156642,0.096457444,0.096457444,1.0,9.679603e-08,1.0035102e-06,-27.976664,2.234506,0.7448353,0.16,0.0,0.17041068,13.199978,13.229978,1417600
hardzero_plus_depr__c0p50__z1p10__lam0p030__nu0p50__psi0p75,hardzero_plus_depr,0.02,34,443,0.0,2,0.092145175,0.09214528,0.97120774,0.10685435,0.10685435,1.0,1.0484371e-07,9.811833e-07,-26.577589,2.1366997,0.71223325,0.23200001,0.0,0.14464252,13.229978,13.259977,1420800
hardzero_plus_depr__c0p50__z1p10__lam0p030__nu0p50__psi0p75,hardzero_plus_depr,0.02,34,444,0.0,2,0.09214528,0.09214536,1.0622554,0.08664522,0.08664522,1.0,8.312345e-08,9.593541e-07,-28.819729,2.3370085,0.77900285,0.136,0.0,0.15452655,13.259977,13.289977,1424000
hardzero_plus_depr__c0p50__z1p10__lam0p030__nu0p50__psi0p75,hardzero_plus_depr,0.02,34,445,0.0,2,0.09214536,0.09214545,1.0043931,0.098993555,0.098993555,1.0,9.2856915e-08,9.380097e-07,-27.340876,2.209709,0.73656964,0.18400002,0.008,0.14313732,13.289977,13.319977,1427200
hardzero_plus_depr__c0p50__z1p10__lam0p030__nu0p50__psi0p75,hardzero_plus_depr,0.02,34,446,0.0,2,0.09214545,0.09214554,1.0136317,0.09690994,0.09690994,1.0,8.887999e-08,9.171401e-07,-27.24225,2.2300344,0.7433448,0.17600001,0.0,0.14575018,13.319977,13.349977,1430400
hardzero_plus_depr__c0p50__z1p10__lam0p030__nu0p50__psi0p75,hardzero_plus_depr,0.02,34,447,0.0,2,0.09214554,0.09214564,0.9739678,0.10617742,0.10617742,1.0,9.521299e-08,8.9673483e-07,-26.556099,2.142772,0.71425736,0.15200001,0.0,0.12611069,13.349977,13.379976,1433600
hardzero_plus_depr__c0p50__z1p10__lam0p030__nu0p50__psi0p75,hardzero_plus_depr,0.02,34,448,0.0,2,0.09214564,0.09214571,1.0924999,0.080816515,0.080816515,1.0,7.08586e-08,8.767836e-07,-28.183407,2.4035478,0.8011826,0.112,0.0,0.16894946,13.379976,13.409976,1436800
hardzero_plus_depr__c0p50__z1p10__lam0p030__nu0p50__psi0p75,hardzero_plus_depr,0.02,34,449,0.0,2,0.09214571,0.0921458,0.98465157,0.10359729,0.10359729,1.0,8.8811575e-08,8.57277e-07,-27.69693,2.1662767,0.7220923,0.2,0.0,0.14807945,13.409976,13.439976,1440000
hardzero_plus_depr__c0p50__z1p10__lam0p030__nu0p50__psi0p75,hardzero_plus_depr,0.02,34,450,0.0,2,0.0921458,0.09214588,1.0241967,0.09458085,0.09458085,1.0,7.927801e-08,8.3820356e-07,-27.870836,2.2532778,0.7510926,0.192,0.0,0.15678513,13.439976,13.469975,1443200
hardzero_plus_depr__c0p50__z1p10__lam0p030__nu0p50__psi0p75,hardzero_plus_depr,0.02,34,451,0.0,2,0.09214588,0.09214596,1.0229043,0.094862744,0.094862744,1.0,7.77452e-08,8.195546e-07,-27.785782,2.2504344,0.75014484,0.16800001,0.0,0.15943289,13.469975,13.499975,1446400
hardzero_plus_depr__c0p50__z1p10__lam0p030__nu0p50__psi0p75,hardzero_plus_depr,0.02,34,452,0.0,2,0.09214596,0.09214603,1.0534207,0.08842587,0.08842587,1.0,7.0857524e-08,8.013212e-07,-27.579668,2.3175716,0.7725239,0.14400001,0.0,0.15583292,13.499975,13.529975,1449600
hardzero_plus_depr__c0p50__z1p10__lam0p030__nu0p50__psi0p75,hardzero_plus_depr,0.02,34,453,0.0,2,0.09214603,0.092146106,1.0112414,0.09744477,0.09744477,1.0,7.634728e-08,7.834928e-07,-27.144753,2.2247756,0.7415919,0.16800001,0.0,0.15145968,13.529975,13.559975,1452800
hardzero_plus_depr__c0p50__z1p10__lam0p030__nu0p50__psi0p75,hardzero_plus_depr,0.02,34,454,0.0,2,0.092146106,0.09214618,1.01256,0.09714938,0.09714938,1.0,7.4422346e-08,7.6606096e-07,-26.294487,2.2276764,0.74255884,0.15200001,0.0,0.14635912,13.559975,13.589974,1456000
hardzero_plus_depr__c0p50__z1p10__lam0p030__nu0p50__psi0p75,hardzero_plus_depr,0.02,34,455,0.0,2,0.09214618,0.09214625,1.02529,0.09434307,0.09434307,1.0,7.066457e-08,7.4901703e-07,-27.607246,2.2556832,0.7518944,0.14999999,0.0,0.15569393,13.589974,13.619974,1459200
hardzero_plus_depr__c0p50__z1p10__lam0p030__nu0p50__psi0p75,hardzero_plus_depr,0.02,34,456,0.0,2,0.09214625,0.09214632,1.0075079,0.098286085,0.098286085,1.0,7.198004e-08,7.323523e-07,-27.771833,2.2165616,0.7388539,0.16800001,0.0,0.15717871,13.619974,13.649974,1462400
hardzero_plus_depr__c0p50__z1p10__lam0p030__nu0p50__psi0p75,hardzero_plus_depr,0.02,34,457,0.0,2,0.09214632,0.0921464,0.9997487,0.10005788,0.10005788,1.0,7.164735e-08,7.1605905e-07,-27.019104,2.199491,0.7331637,0.17600001,0.0,0.14471835,13.649974,13.679974,1465600
hardzero_plus_depr__c0p50__z1p10__lam0p030__nu0p50__psi0p75,hardzero_plus_depr,0.02,34,458,0.0,2,0.0921464,0.09214647,0.9767632,0.10549618,0.10549618,1.0,7.386079e-08,7.001276e-07,-27.10304,2.148922,0.71630734,0.23200001,0.0,0.14975712,13.679974,13.709973,1468800
hardzero_plus_depr__c0p50__z1p10__lam0p030__nu0p50__psi0p75,hardzero_plus_depr,0.02,34,459,0.0,2,0.09214647,0.09214654,1.0078363,0.098211795,0.098211795,1.0,6.723094e-08,6.8455057e-07,-27.479252,2.2172842,0.73909473,0.16800001,0.0,0.15356427,13.709973,13.739973,1472000
hardzero_plus_depr__c0p50__z1p10__lam0p030__nu0p50__psi0p75,hardzero_plus_depr,0.02,34,460,0.0,2,0.09214654,0.0921466,1.0384094,0.09153572,0.09153572,1.0,6.126676e-08,6.693208e-07,-27.764448,2.2845461,0.7615154,0.14400001,0.0,0.16806822,13.739973,13.769973,1475200
hardzero_plus_depr__c0p50__z1p10__lam0p030__nu0p50__psi0p75,hardzero_plus_depr,0.02,34,461,0.0,2,0.0921466,0.092146665,0.9893443,0.102483906,0.102483906,1.0,6.706846e-08,6.5442924e-07,-26.54181,2.176601,0.72553366,0.17600001,0.0,0.13192192,13.769973,13.799973,1478400
hardzero_plus_depr__c0p50__z1p10__lam0p030__nu0p50__psi0p75,hardzero_plus_depr,0.02,34,462,0.0,2,0.092146665,0.09214673,0.973819,0.10621381,0.10621381,1.0,6.796292e-08,6.39869e-07,-25.865011,2.1424446,0.7141482,0.18400002,0.0,0.12756847,13.799973,13.829972,1481600
hardzero_plus_depr__c0p50__z1p10__lam0p030__nu0p50__psi0p75,hardzero_plus_depr,0.02,34,463,0.0,2,0.09214673,0.0921468,0.9565156,0.11053107,0.11053107,1.0,6.9151845e-08,6.2563265e-07,-26.260256,2.1043763,0.7014588,0.24000001,0.0,0.13529176,13.829972,13.859972,1484800
hardzero_plus_depr__c0p50__z1p10__lam0p030__nu0p50__psi0p75,hardzero_plus_depr,0.02,34,464,0.0,2,0.0921468,0.09214686,1.0188134,0.09576054,0.09576054,1.0,5.8577978e-08,6.117131e-07,-26.911257,2.241434,0.7471447,0.136,0.0,0.1461679,13.859972,13.889972,1488000
hardzero_plus_depr__c0p50__z1p10__lam0p030__nu0p50__psi0p75,hardzero_plus_depr,0.02,34,465,0.0,2,0.09214686,0.09214692,1.0128418,0.09708635,0.09708635,1.0,5.8067712e-08,5.981038e-07,-27.540895,2.2282965,0.74276555,0.16800001,0.0,0.15424235,13.889972,13.919971,1491200
hardzero_plus_depr__c0p50__z1p10__lam0p030__nu0p50__psi0p75,hardzero_plus_depr,0.02,34,466,0.0,2,0.09214692,0.09214698,0.96757704,0.107751414,0.107751414,1.0,6.301267e-08,5.847967e-07,-26.279707,2.128712,0.70957065,0.192,0.0,0.1435341,13.919971,13.949971,1494400
hardzero_plus_depr__c0p50__z1p10__lam0p030__nu0p50__psi0p75,hardzero_plus_depr,0.02,34,467,0.0,2,0.09214698,0.09214704,1.0073202,0.0983286,0.0983286,1.0,5.6222884e-08,5.717857e-07,-27.371864,2.2161486,0.73871624,0.18400002,0.0,0.1664757,13.949971,13.979971,1497600
hardzero_plus_depr__c0p50__z1p10__lam0p030__nu0p50__psi0p75,hardzero_plus_depr,0.02,34,468,0.0,2,0.09214704,0.09214709,1.045841,0.08998271,0.08998271,1.0,5.0306152e-08,5.5906463e-07,-28.364851,2.3008962,0.7669654,0.12,0.0,0.1770126,13.979971,14.009971,1500800
hardzero_plus_depr__c0p50__z1p10__lam0p030__nu0p50__psi0p75,hardzero_plus_depr,0.02,34,469,0.0,2,0.09214709,0.09214714,1.029751,0.09337896,0.09337896,1.0,5.1043383e-08,5.4662615e-07,-27.796602,2.2654972,0.75516576,0.136,0.0,0.14830926,14.009971,14.03997,1504000
hardzero_plus_depr__c0p50__z1p10__lam0p030__nu0p50__psi0p75,hardzero_plus_depr,0.02,34,470,0.0,2,0.09214714,0.0921472,0.95431364,0.11109291,0.11109291,1.0,5.93752e-08,5.3446433e-07,-25.79283,2.099532,0.699844,0.23200001,0.0,0.16228129,14.03997,14.06997,1507200
hardzero_plus_depr__c0p50__z1p10__lam0p030__nu0p50__psi0p75,hardzero_plus_depr,0.02,34,471,0.0,2,0.0921472,0.092147246,1.0678478,0.08553663,0.08553663,1.0,4.4699146e-08,5.2257315e-07,-28.774942,2.3493123,0.7831041,0.104,0.0,0.16728166,14.06997,14.09997,1510400
hardzero_plus_depr__c0p50__z1p10__lam0p030__nu0p50__psi0p75,hardzero_plus_depr,0.02,34,472,0.0,2,0.092147246,0.09214729,1.0509859,0.08892299,0.08892299,1.0,4.543489e-08,5.109465e-07,-27.389002,2.312215,0.77073836,0.136,0.0,0.1447057,14.09997,14.12997,1513600
hardzero_plus_depr__c0p50__z1p10__lam0p030__nu0p50__psi0p75,hardzero_plus_depr,0.02,34,473,0.0,2,0.09214729,0.092147335,1.0170197,0.09615686,0.09615686,1.0,4.8037954e-08,4.995791e-07,-27.439852,2.237488,0.74582934,0.17600001,0.0,0.14825185,14.12997,14.159969,1516800
hardzero_plus_depr__c0p50__z1p10__lam0p030__nu0p50__psi0p75,hardzero_plus_depr,0.02,34,474,0.0,2,0.092147335,0.09214738,1.0229743,0.09484747,0.09484747,1.0,4.6329582e-08,4.884641e-07,-26.668236,2.2505884,0.75019616,0.14400001,0.0,0.14621921,14.159969,14.189969,1520000
hardzero_plus_depr__c0p50__z1p10__lam0p030__nu0p50__psi0p75,hardzero_plus_depr,0.02,34,475,0.0,2,0.09214738,0.092147425,0.9994253,0.10013241,0.10013241,1.0,4.782287e-08,4.775963e-07,-27.187998,2.1987796,0.73292655,0.16000001,0.0,0.14022596,14.189969,14.219969,1523200
hardzero_plus_depr__c0p50__z1p10__lam0p030__nu0p50__psi0p75,hardzero_plus_depr,0.02,34,476,0.0,2,0.092147425,0.09214747,1.0304347,0.09323205,0.09323205,1.0,4.3536648e-08,4.6697082e-07,-27.12766,2.2670016,0.7556672,0.136,0.0,0.13594443,14.219969,14.249969,1526400
hardzero_plus_depr__c0p50__z1p10__lam0p030__nu0p50__psi0p75,hardzero_plus_depr,0.02,34,477,0.0,2,0.09214747,0.092147514,0.9759848,0.10568543,0.10568543,1.0,4.8253984e-08,4.5658123e-07,-26.68066,2.1472094,0.7157365,0.14400001,0.0,0.14240307,14.249969,14.279968,1529600
hardzero_plus_depr__c0p50__z1p10__lam0p030__nu0p50__psi0p75,hardzero_plus_depr,0.02,34,478,0.0,2,0.092147514,0.09214755,1.0547231,0.088161066,0.088161066,1.0,3.935711e-08,4.4642283e-07,-28.035486,2.3204372,0.7734791,0.15200001,0.0,0.15861715,14.279968,14.309968,1532800
hardzero_plus_depr__c0p50__z1p10__lam0p030__nu0p50__psi0p75,hardzero_plus_depr,0.02,34,479,0.0,2,0.09214755,0.092147596,0.9931925,0.10157984,0.10157984,1.0,4.4338634e-08,4.364905e-07,-26.868256,2.1850672,0.72835577,0.17600001,0.0,0.1674599,14.309968,14.339968,1536000
hardzero_plus_depr__c0p50__z1p10__lam0p030__nu0p50__psi0p75,hardzero_plus_depr,0.02,34,480,0.0,2,0.092147596,0.09214764,1.0139129,0.09684721,0.09684721,1.0,4.1332363e-08,4.267791e-07,-26.115993,2.230653,0.743551,0.120000005,0.0,0.15049724,14.339968,14.369967,1539200
hardzero_plus_depr__c0p50__z1p10__lam0p030__nu0p50__psi0p75,hardzero_plus_depr,0.02,34,481,0.0,2,0.09214764,0.092147686,0.9852157,0.103462815,0.103462815,1.0,4.3173394e-08,4.1728416e-07,-26.329288,2.167518,0.722506,0.19999999,0.0,0.12719388,14.369967,14.399967,1542400
hardzero_plus_depr__c0p50__z1p10__lam0p030__nu0p50__psi0p75,hardzero_plus_depr,0.02,34,482,0.0,2,0.092147686,0.09214772,1.0069498,0.09841249,0.09841249,1.0,4.0152305e-08,4.080001e-07,-27.530615,2.2153337,0.73844457,0.14400001,0.0,0.13825244,14.399967,14.429967,1545600
hardzero_plus_depr__c0p50__z1p10__lam0p030__nu0p50__psi0p75,hardzero_plus_depr,0.02,34,483,0.0,2,0.09214772,0.09214776,1.0111367,0.09746829,0.09746829,1.0,3.8882302e-08,3.989226e-07,-26.461075,2.224545,0.74151504,0.15200001,0.0,0.13638972,14.429967,14.459967,1548800
hardzero_plus_depr__c0p50__z1p10__lam0p030__nu0p50__psi0p75,hardzero_plus_depr,0.02,34,484,0.0,2,0.09214776,0.0921478,0.99421316,0.10134139,0.10134139,1.0,3.9527947e-08,3.900474e-07,-26.602774,2.1873126,0.7291042,0.16800001,0.0,0.13187006,14.459967,14.489966,1552000
hardzero_plus_depr__c0p50__z1p10__lam0p030__nu0p50__psi0p75,hardzero_plus_depr,0.02,34,485,0.0,2,0.0921478,0.092147835,0.9981137,0.10043527,0.10043527,1.0,3.8302932e-08,3.8136935e-07,-26.950104,2.195894,0.7319647,0.136,0.0,0.1633328,14.489966,14.519966,1555200
hardzero_plus_depr__c0p50__z1p10__lam0p030__nu0p50__psi0p75,hardzero_plus_depr,0.02,34,486,0.0,2,0.092147835,0.09214787,0.99739534,0.10060155,0.10060155,1.0,3.751274e-08,3.7288433e-07,-27.278564,2.1943135,0.73143786,0.2,0.0,0.16606729,14.519966,14.549966,1558400
hardzero_plus_depr__c0p50__z1p10__lam0p030__nu0p50__psi0p75,hardzero_plus_depr,0.02,34,487,0.0,2,0.09214787,0.09214791,1.0046481,0.09893544,0.09893544,1.0,3.6070684e-08,3.645881e-07,-26.458231,2.21027,0.7367567,0.208,0.0,0.14227653,14.549966,14.579966,1561600
hardzero_plus_depr__c0p50__z1p10__lam0p030__nu0p50__psi0p75,hardzero_plus_depr,0.02,34,488,0.0,2,0.09214791,0.09214794,1.0744451,0.08424708,0.08424708,1.0,3.00321e-08,3.5647645e-07,-28.530615,2.3638265,0.7879422,0.16000001,0.0,0.1607678,14.579966,14.609965,1564800
hardzero_plus_depr__c0p50__z1p10__lam0p030__nu0p50__psi0p75,hardzero_plus_depr,0.02,34,489,0.0,2,0.09214794,0.09214797,1.045274,0.09010024,0.09010024,1.0,3.1404042e-08,3.485456e-07,-27.683699,2.2996488,0.7665496,0.136,0.0,0.16430108,14.609965,14.639965,1568000
hardzero_plus_depr__c0p50__z1p10__lam0p030__nu0p50__psi0p75,hardzero_plus_depr,0.02,34,490,0.0,2,0.09214797,0.092148006,0.97474515,0.10598756,0.10598756,1.0,3.611959e-08,3.4079085e-07,-26.470823,2.1444821,0.7148274,0.17600001,0.0,0.14572039,14.639965,14.669965,1571200
hardzero_plus_depr__c0p50__z1p10__lam0p030__nu0p50__psi0p75,hardzero_plus_depr,0.02,34,491,0.0,2,0.092148006,0.092148036,1.0351673,0.092221595,0.092221595,1.0,3.0729037e-08,3.332087e-07,-27.68342,2.2774136,0.75913787,0.17600001,0.0,0.14886123,14.669965,14.699965,1574400
hardzero_plus_depr__c0p50__z1p10__lam0p030__nu0p50__psi0p75,hardzero_plus_depr,0.02,34,492,0.0,2,0.092148036,0.092148066,1.02092,0.095297165,0.095297165,1.0,3.1047385e-08,3.2579547e-07,-27.471409,2.246069,0.74868965,0.18400002,0.0,0.13648756,14.699965,14.729964,1577600
hardzero_plus_depr__c0p50__z1p10__lam0p030__nu0p50__psi0p75,hardzero_plus_depr,0.02,34,493,0.0,2,0.092148066,0.092148095,1.0129635,0.09705916,0.09705916,1.0,3.09179e-08,3.1854694e-07,-27.331602,2.2285643,0.7428548,0.08800001,0.0,0.15238348,14.729964,14.759964,1580800
hardzero_plus_depr__c0p50__z1p10__lam0p030__nu0p50__psi0p75,hardzero_plus_depr,0.02,34,494,0.0,2,0.092148095,0.092148125,0.98661923,0.103128985,0.103128985,1.0,3.2120518e-08,3.1145964e-07,-27.451426,2.1706057,0.72353524,0.12,0.0,0.13334307,14.759964,14.789964,1584000
hardzero_plus_depr__c0p50__z1p10__lam0p030__nu0p50__psi0p75,hardzero_plus_depr,0.02,34,495,0.0,2,0.092148125,0.092148155,0.99321747,0.101573996,0.101573996,1.0,3.0932334e-08,3.0453003e-07,-26.587791,2.185122,0.728374,0.16800001,0.0,0.14352337,14.789964,14.819963,1587200
hardzero_plus_depr__c0p50__z1p10__lam0p030__nu0p50__psi0p75,hardzero_plus_depr,0.02,34,496,0.0,2,0.092148155,0.092148185,0.9762778,0.10561417,0.10561417,1.0,3.1447104e-08,2.977546e-07,-26.712402,2.147854,0.7159514,0.14400001,0.0,0.14004791,14.819963,14.849963,1590400
hardzero_plus_depr__c0p50__z1p10__lam0p030__nu0p50__psi0p75,hardzero_plus_depr,0.02,34,497,0.0,2,0.092148185,0.092148215,1.0333226,0.09261416,0.09261416,1.0,2.696278e-08,2.9113022e-07,-27.434002,2.273355,0.757785,0.136,0.0,0.1418873,14.849963,14.879963,1593600
hardzero_plus_depr__c0p50__z1p10__lam0p030__nu0p50__psi0p75,hardzero_plus_depr,0.02,34,498,0.0,2,0.092148215,0.092148244,0.98568314,0.103351526,0.103351526,1.0,2.9419313e-08,2.846529e-07,-26.599283,2.1685462,0.7228488,0.216,0.0,0.12162275,14.879963,14.909963,1596800
hardzero_plus_depr__c0p50__z1p10__lam0p030__nu0p50__psi0p75,hardzero_plus_depr,0.02,34,499,0.0,2,0.092148244,0.092148274,0.98953784,0.10243825,0.10243825,1.0,2.8510586e-08,2.7831973e-07,-27.365166,2.1770267,0.7256756,0.208,0.0,0.1475287,14.909963,14.939962,1600000
hardzero_plus_depr__c0p50__z1p10__lam0p030__nu0p50__psi0p75,hardzero_plus_depr,0.02,34,500,0.0,2,0.092148274,0.092148304,0.9861087,0.10325028,0.10325028,1.0,2.809726e-08,2.721277e-07,-27.12367,2.1694825,0.72316086,0.192,0.0,0.16248961,14.939962,14.969962,1603200
hardzero_plus_depr__c0p50__z1p10__lam0p030__nu0p50__psi0p75,hardzero_plus_depr,0.02,34,501,0.0,2,0.092148304,0.092148334,0.9872766,0.10297299,0.10297299,1.0,2.7398352e-08,2.660732e-07,-26.96859,2.172052,0.7240173,0.14400001,0.0,0.14370225,14.969962,14.999962,1606400
hardzero_plus_depr__c0p50__z1p10__lam0p030__nu0p50__psi0p75,hardzero_plus_depr,0.02,34,502,0.0,2,0.092148334,0.09214836,0.9847222,0.103580445,0.103580445,1.0,2.6946806e-08,2.601534e-07,-26.873035,2.1664321,0.72214407,0.17600001,0.0,0.14516316,14.999962,15.029962,1609600
hardzero_plus_depr__c0p50__z1p10__lam0p030__nu0p50__psi0p75,hardzero_plus_depr,0.02,34,503,0.0,2,0.09214836,0.092148386,1.0133777,0.09696663,0.09696663,1.0,2.4664942e-08,2.5436526e-07,-26.841341,2.2294753,0.74315846,0.2,0.0,0.16770028,15.029962,15.059961,1612800
hardzero_plus_depr__c0p50__z1p10__lam0p030__nu0p50__psi0p75,hardzero_plus_depr,0.02,34,504,0.0,2,0.092148386,0.092148416,0.9620692,0.10912664,0.10912664,1.0,2.7140446e-08,2.4870596e-07,-25.794037,2.1165946,0.70553154,0.208,0.0,0.14731129,15.059961,15.089961,1616000
hardzero_plus_depr__c0p50__z1p10__lam0p030__nu0p50__psi0p75,hardzero_plus_depr,0.02,34,505,0.0,2,0.092148416,0.09214844,0.9989784,0.10023552,0.10023552,1.0,2.4374552e-08,2.431728e-07,-26.705084,2.1977963,0.7325988,0.18400002,0.0,0.15231538,15.089961,15.119961,1619200
hardzero_plus_depr__c0p50__z1p10__lam0p030__nu0p50__psi0p75,hardzero_plus_depr,0.02,34,506,0.0,2,0.09214844,0.09214846,1.0212662,0.09522122,0.09522122,1.0,2.2640036e-08,2.377625e-07,-27.588484,2.2468305,0.7489435,0.16000001,0.0,0.14104709,15.119961,15.1499605,1622400
hardzero_plus_depr__c0p50__z1p10__lam0p030__nu0p50__psi0p75,hardzero_plus_depr,0.02,34,507,0.0,2,0.09214846,0.09214848,0.9745572,0.10603343,0.10603343,1.0,2.4649864e-08,2.3247257e-07,-26.275326,2.1440687,0.7146896,0.17,0.0,0.14122404,15.1499605,15.17996,1625600
hardzero_plus_depr__c0p50__z1p10__lam0p030__nu0p50__psi0p75,hardzero_plus_depr,0.02,34,508,0.0,2,0.09214848,0.092148505,1.0353991,0.09217241,0.09217241,1.0,2.0950838e-08,2.2730053e-07,-27.30297,2.2779233,0.7593078,0.112,0.0,0.14885668,15.17996,15.20996,1628800
hardzero_plus_depr__c0p50__z1p10__lam0p030__nu0p50__psi0p75,hardzero_plus_depr,0.02,34,509,0.0,2,0.092148505,0.09214853,1.0313936,0.093026415,0.093026415,1.0,2.0674504e-08,2.2224337e-07,-27.080791,2.2691114,0.7563705,0.15200001,0.0,0.14597313,15.20996,15.23996,1632000
hardzero_plus_depr__c0p50__z1p10__lam0p030__nu0p50__psi0p75,hardzero_plus_depr,0.02,34,510,0.0,2,0.09214853,0.09214855,0.9926094,0.10171632,0.10171632,1.0,2.2102826e-08,2.1729872e-07,-27.043577,2.1837842,0.7279281,0.2,0.0,0.13565771,15.23996,15.269959,1635200
hardzero_plus_depr__c0p50__z1p10__lam0p030__nu0p50__psi0p75,hardzero_plus_depr,0.02,34,511,0.0,2,0.09214855,0.09214857,0.97158575,0.10676138,0.10676138,1.0,2.268296e-08,2.1246409e-07,-26.735243,2.1375313,0.71251047,0.16800001,0.0,0.17161044,15.269959,15.299959,1638400
hardzero_plus_depr__c0p50__z1p10__lam0p030__nu0p50__psi0p75,hardzero_plus_depr,0.02,34,512,0.0,2,0.09214857,0.092148595,1.012454,0.09717308,0.09717308,1.0,2.0186445e-08,2.07737e-07,-27.802443,2.2274432,0.7424811,0.136,0.0,0.14598578,15.299959,15.329959,1641600
hardzero_plus_depr__c0p50__z1p10__lam0p030__nu0p50__psi0p75,hardzero_plus_depr,0.02,34,513,0.0,2,0.092148595,0.09214861,1.0499421,0.08913697,0.08913697,1.0,1.8105085e-08,2.0311532e-07,-27.93069,2.3099189,0.769973,0.136,0.0,0.14089498,15.329959,15.359959,1644800
hardzero_plus_depr__c0p50__z1p10__lam0p030__nu0p50__psi0p75,hardzero_plus_depr,0.02,34,514,0.0,2,0.09214861,0.09214863,1.0229049,0.094862625,0.094862625,1.0,1.883936e-08,1.9859624e-07,-26.403103,2.2504356,0.7501452,0.112,0.0,0.15213375,15.359959,15.389958,1648000
hardzero_plus_depr__c0p50__z1p10__lam0p030__nu0p50__psi0p75,hardzero_plus_depr,0.02,34,515,0.0,2,0.09214863,0.09214865,1.0470165,0.08973948,0.08973948,1.0,1.7425407e-08,1.9417772e-07,-27.474436,2.3034823,0.76782745,0.14400001,0.0,0.13374841,15.389958,15.419958,1651200
hardzero_plus_depr__c0p50__z1p10__lam0p030__nu0p50__psi0p75,hardzero_plus_depr,0.02,34,516,0.0,2,0.09214865,0.09214867,0.99635386,0.10084307,0.10084307,1.0,1.9145832e-08,1.8985767e-07,-25.985512,2.1920223,0.73067415,0.14400001,0.0,0.13943945,15.419958,15.449958,1654400
hardzero_plus_depr__c0p50__z1p10__lam0p030__nu0p50__psi0p75,hardzero_plus_depr,0.02,34,517,0.0,2,0.09214867,0.09214869,0.9497073,0.11227749,0.11227749,1.0,2.0842469e-08,1.8563355e-07,-26.046162,2.089398,0.69646597,0.208,0.0,0.12894237,15.449958,15.479958,1657600
hardzero_plus_depr__c0p50__z1p10__lam0p030__nu0p50__psi0p75,hardzero_plus_depr,0.02,34,518,0.0,2,0.09214869,0.092148714,0.9702514,0.107089914,0.107089914,1.0,1.943719e-08,1.8150345e-07,-27.512041,2.1345956,0.7115319,0.216,0.0,0.1434871,15.479958,15.509957,1660800
hardzero_plus_depr__c0p50__z1p10__lam0p030__nu0p50__psi0p75,hardzero_plus_depr,0.02,34,519,0.0,2,0.092148714,0.09214873,1.0370798,0.09181639,0.09181639,1.0,1.6294214e-08,1.7746521e-07,-28.034767,2.2816212,0.7605404,0.15200001,0.0,0.18381584,15.509957,15.539957,1664000
hardzero_plus_depr__c0p50__z1p10__lam0p030__nu0p50__psi0p75,hardzero_plus_depr,0.02,34,520,0.0,2,0.09214873,0.09214874,0.99806905,0.10044561,0.10044561,1.0,1.7429002e-08,1.7351681e-07,-27.334007,2.1957958,0.7319319,0.17999999,0.0,0.14691032,15.539957,15.569957,1667200
hardzero_plus_depr__c0p50__z1p10__lam0p030__nu0p50__psi0p75,hardzero_plus_depr,0.02,34,521,0.0,2,0.09214874,0.09214876,1.0212308,0.09522898,0.09522898,1.0,1.615621e-08,1.6965645e-07,-27.227419,2.2467527,0.7489176,0.16000001,0.0,0.15773712,15.569957,15.5999565,1670400
hardzero_plus_depr__c0p50__z1p10__lam0p030__nu0p50__psi0p75,hardzero_plus_depr,0.02,34,522,0.0,2,0.09214876,0.09214877,1.0539528,0.08831759,0.08831759,1.0,1.4650279e-08,1.6588179e-07,-28.336918,2.3187425,0.7729142,0.096,0.0,0.15864372,15.5999565,15.629956,1673600
hardzero_plus_depr__c0p50__z1p10__lam0p030__nu0p50__psi0p75,hardzero_plus_depr,0.02,34,523,0.0,2,0.09214877,0.09214879,1.0118705,0.09730374,0.09730374,1.0,1.5781803e-08,1.6219111e-07,-26.851004,2.2261596,0.7420532,0.14400001,0.0,0.1548726,15.629956,15.659956,1676800
hardzero_plus_depr__c0p50__z1p10__lam0p030__nu0p50__psi0p75,hardzero_plus_depr,0.02,34,524,0.0,2,0.09214879,0.0921488,0.9688303,0.10744092,0.10744092,1.0,1.7038271e-08,1.5858271e-07,-27.594696,2.1314692,0.71048975,0.2,0.0,0.14796981,15.659956,15.689956,1680000
hardzero_plus_depr__c0p50__z1p10__lam0p030__nu0p50__psi0p75,hardzero_plus_depr,0.02,34,525,0.0,2,0.0921488,0.09214882,1.0181376,0.09590968,0.09590968,1.0,1.4871221e-08,1.5505444e-07,-27.296352,2.2399473,0.74664915,0.136,0.0,0.13323581,15.689956,15.719955,1683200
hardzero_plus_depr__c0p50__z1p10__lam0p030__nu0p50__psi0p75,hardzero_plus_depr,0.02,34,526,0.0,2,0.09214882,0.09214883,0.99846697,0.10035363,0.10035363,1.0,1.5214079e-08,1.5160467e-07,-27.49408,2.1966712,0.73222375,0.18400002,0.0,0.14044347,15.719955,15.749955,1686400
hardzero_plus_depr__c0p50__z1p10__lam0p030__nu0p50__psi0p75,hardzero_plus_depr,0.02,34,527,0.0,2,0.09214883,0.09214885,1.012984,0.09705457,0.09705457,1.0,1.43865595e-08,1.4823165e-07,-27.1484,2.2286093,0.7428698,0.16000001,0.0,0.164219,15.749955,15.779955,1689600
hardzero_plus_depr__c0p50__z1p10__lam0p030__nu0p50__psi0p75,hardzero_plus_depr,0.02,34,528,0.0,2,0.09214885,0.09214886,1.0063025,0.098559275,0.098559275,1.0,1.4284557e-08,1.4493367e-07,-26.950907,2.2139096,0.7379699,0.15200001,0.0,0.12242056,15.779955,15.809955,1692800
hardzero_plus_depr__c0p50__z1p10__lam0p030__nu0p50__psi0p75,hardzero_plus_depr,0.02,34,529,0.0,2,0.09214886,0.09214888,0.9849087,0.10353598,0.10353598,1.0,1.46720005e-08,1.417092e-07,-26.94454,2.1668425,0.72228086,0.17600001,0.0,0.1387531,15.809955,15.839954,1696000
hardzero_plus_depr__c0p50__z1p10__lam0p030__nu0p50__psi0p75,hardzero_plus_depr,0.02,34,530,0.0,2,0.09214888,0.09214889,1.0475812,0.089622855,0.089622855,1.0,1.2417815e-08,1.3855635e-07,-27.302174,2.3047247,0.7682416,0.128,0.0,0.1536608,15.839954,15.869954,1699200
hardzero_plus_depr__c0p50__z1p10__lam0p030__nu0p50__psi0p75,hardzero_plus_depr,0.02,34,531,0.0,2,0.09214889,0.09214891,1.0375806,0.09171057,0.09171057,1.0,1.2424363e-08,1.3547363e-07,-27.67421,2.282723,0.76090765,0.136,0.0,0.19873902,15.869954,15.899954,1702400
hardzero_plus_depr__c0p50__z1p10__lam0p030__nu0p50__psi0p75,hardzero_plus_depr,0.02,34,532,0.0,2,0.09214891,0.09214892,1.0309458,0.09312242,0.09312242,1.0,1.23349615e-08,1.3245963e-07,-27.521595,2.268126,0.756042,0.17600001,0.0,0.16154793,15.899954,15.929954,1705600
hardzero_plus_depr__c0p50__z1p10__lam0p030__nu0p50__psi0p75,hardzero_plus_depr,0.02,34,533,0.0,2,0.09214892,0.09214894,0.9852626,0.10345164,0.10345164,1.0,1.3398288e-08,1.2951257e-07,-26.593204,2.167621,0.7225403,0.17999999,0.0,0.13669959,15.929954,15.959953,1708800
hardzero_plus_depr__c0p50__z1p10__lam0p030__nu0p50__psi0p75,hardzero_plus_depr,0.02,34,534,0.0,2,0.09214894,0.09214895,1.0387594,0.09146198,0.09146198,1.0,1.1581927e-08,1.2663106e-07,-27.00852,2.2853162,0.7617721,0.136,0.0,0.1490707,15.959953,15.989953,1712000
hardzero_plus_depr__c0p50__z1p10__lam0p030__nu0p50__psi0p75,hardzero_plus_depr,0.02,34,535,0.0,2,0.09214895,0.09214897,1.0037185,0.09914745,0.09914745,1.0,1.227581e-08,1.2381368e-07,-27.551708,2.2082248,0.7360749,0.136,0.0,0.1093401,15.989953,16.019953,1715200
hardzero_plus_depr__c0p50__z1p10__lam0p030__nu0p50__psi0p75,hardzero_plus_depr,0.02,34,536,0.0,2,0.09214897,0.09214898,0.9842118,0.10370224,0.10370224,1.0,1.2554087e-08,1.2105897e-07,-26.146093,2.1653092,0.72176975,0.16000001,0.0,0.16475894,16.019953,16.049953,1718400
hardzero_plus_depr__c0p50__z1p10__lam0p030__nu0p50__psi0p75,hardzero_plus_depr,0.02,34,537,0.0,2,0.09214898,0.092149,1.0121045,0.097251326,0.097251326,1.0,1.1511207e-08,1.18365556e-07,-27.137892,2.2266743,0.7422248,0.112,0.0,0.14461602,16.049953,16.079954,1721600
hardzero_plus_depr__c0p50__z1p10__lam0p030__nu0p50__psi0p75,hardzero_plus_depr,0.02,34,538,0.0,2,0.092149,0.09214901,0.97868437,0.105030544,0.105030544,1.0,1.2155402e-08,1.15732064e-07,-26.754776,2.1531487,0.7177162,0.16000001,0.0,0.16158149,16.079954,16.109955,1724800
hardzero_plus_depr__c0p50__z1p10__lam0p030__nu0p50__psi0p75,hardzero_plus_depr,0.02,34,539,0.0,2,0.09214901,0.09214903,0.9857669,0.10333159,0.10333159,1.0,1.1692698e-08,1.1315706e-07,-27.097616,2.1687305,0.72291017,0.15200001,0.0,0.15900338,16.109955,16.139956,1728000
hardzero_plus_depr__c0p50__z1p10__lam0p030__nu0p50__psi0p75,hardzero_plus_depr,0.02,34,540,0.0,2,0.09214903,0.092149034,1.0077403,0.098233536,0.098233536,1.0,1.0868493e-08,1.10639334e-07,-27.441675,2.217073,0.73902434,0.120000005,0.0,0.15341333,16.139956,16.169956,1731200
hardzero_plus_depr__c0p50__z1p10__lam0p030__nu0p50__psi0p75,hardzero_plus_depr,0.02,34,541,0.0,2,0.092149034,0.09214905,0.98250085,0.10411159,0.10411159,1.0,1.1262557e-08,1.08177744e-07,-26.695929,2.161545,0.720515,0.16000001,0.0,0.13988478,16.169956,16.199957,1734400
hardzero_plus_depr__c0p50__z1p10__lam0p030__nu0p50__psi0p75,hardzero_plus_depr,0.02,34,542,0.0,2,0.09214905,0.09214906,1.0282459,0.09370311,0.09370311,1.0,9.911063e-09,1.0577091e-07,-26.702978,2.2621863,0.7540621,0.08800001,0.0,0.13949862,16.199957,16.229958,1737600
hardzero_plus_depr__c0p50__z1p10__lam0p030__nu0p50__psi0p75,hardzero_plus_depr,0.02,34,543,0.0,2,0.09214906,0.092149064,0.98187006,0.10426292,0.10426292,1.0,1.0782616e-08,1.0341755e-07,-26.908009,2.1601572,0.7200524,0.128,0.0,0.14433497,16.229958,16.259958,1740800
hardzero_plus_depr__c0p50__z1p10__lam0p030__nu0p50__psi0p75,hardzero_plus_depr,0.02,34,544,0.0,2,0.092149064,0.09214907,1.0061508,0.098593704,0.098593704,1.0,9.969453e-09,1.0111653e-07,-26.982168,2.213576,0.7378587,0.15200001,0.0,0.14318551,16.259958,16.289959,1744000
hardzero_plus_depr__c0p50__z1p10__lam0p030__nu0p50__psi0p75,hardzero_plus_depr,0.02,34,545,0.0,2,0.09214907,0.09214908,0.98790026,0.10282524,0.10282524,1.0,1.0166004e-08,9.886681e-08,-26.995485,2.173424,0.72447467,0.15200001,0.0,0.13151716,16.289959,16.31996,1747200
hardzero_plus_depr__c0p50__z1p10__lam0p030__nu0p50__psi0p75,hardzero_plus_depr,0.02,34,546,0.0,2,0.09214908,0.09214909,1.0150862,0.09658592,0.09658592,1.0,9.336685e-09,9.6667144e-08,-26.714626,2.2332342,0.7444114,0.099999994,0.0,0.1318819,16.31996,16.34996,1750400
hardzero_plus_depr__c0p50__z1p10__lam0p030__nu0p50__psi0p75,hardzero_plus_depr,0.02,34,547,0.0,2,0.09214909,0.092149094,0.98684084,0.10307638,0.10307638,1.0,9.742401e-09,9.4516324e-08,-27.092892,2.1710932,0.7236978,0.224,0.0,0.13724981,16.34996,16.379961,1753600
hardzero_plus_depr__c0p50__z1p10__lam0p030__nu0p50__psi0p75,hardzero_plus_depr,0.02,34,548,0.0,2,0.092149094,0.0921491,1.0206031,0.09536674,0.09536674,1.0,8.813162e-09,9.2413366e-08,-27.230434,2.2453716,0.7484572,0.208,0.0,0.12637839,16.379961,16.409962,1756800
hardzero_plus_depr__c0p50__z1p10__lam0p030__nu0p50__psi0p75,hardzero_plus_depr,0.02,34,549,0.0,2,0.0921491,0.09214911,0.96187913,0.1091744,0.1091744,1.0,9.864701e-09,9.0357275e-08,-26.652023,2.1161764,0.7053921,0.15200001,0.0,0.12528877,16.409962,16.439962,1760000
hardzero_plus_depr__c0p50__z1p10__lam0p030__nu0p50__psi0p75,hardzero_plus_depr,0.02,34,550,0.0,2,0.09214911,0.092149116,0.96996725,0.10716002,0.10716002,1.0,9.467259e-09,8.834694e-08,-26.2944,2.1339705,0.7113235,0.208,0.0,0.119862296,16.439962,16.469963,1763200
hardzero_plus_depr__c0p50__z1p10__lam0p030__nu0p50__psi0p75,hardzero_plus_depr,0.02,34,551,0.0,2,0.092149116,0.09214912,1.0158241,0.09642195,0.09642195,1.0,8.329047e-09,8.638123e-08,-26.668085,2.2348576,0.74495256,0.18400002,0.0,0.13734387,16.469963,16.499964,1766400
hardzero_plus_depr__c0p50__z1p10__lam0p030__nu0p50__psi0p75,hardzero_plus_depr,0.02,34,552,0.0,2,0.09214912,0.09214913,0.9988386,0.10026777,0.10026777,1.0,8.468543e-09,8.445928e-08,-26.41111,2.1974888,0.73249626,0.16000001,0.0,0.15213104,16.499964,16.529964,1769600
hardzero_plus_depr__c0p50__z1p10__lam0p030__nu0p50__psi0p75,hardzero_plus_depr,0.02,34,553,0.0,2,0.09214913,0.09214914,1.0139359,0.09684206,0.09684206,1.0,7.997233e-09,8.2580165e-08,-27.159916,2.2307036,0.7435679,0.16800001,0.0,0.14536501,16.529964,16.559965,1772800
hardzero_plus_depr__c0p50__z1p10__lam0p030__nu0p50__psi0p75,hardzero_plus_depr,0.02,34,554,0.0,2,0.09214914,0.092149146,1.0180706,0.09592447,0.09592447,1.0,7.745215e-09,8.074286e-08,-27.933283,2.2398,0.74660003,0.15200001,0.0,0.15879786,16.559965,16.589966,1776000
hardzero_plus_depr__c0p50__z1p10__lam0p030__nu0p50__psi0p75,hardzero_plus_depr,0.02,34,555,0.0,2,0.092149146,0.09214915,0.99840987,0.100366816,0.100366816,1.0,7.923593e-09,7.894634e-08,-26.458427,2.1965456,0.7321819,0.120000005,0.0,0.10436295,16.589966,16.619967,1779200
hardzero_plus_depr__c0p50__z1p10__lam0p030__nu0p50__psi0p75,hardzero_plus_depr,0.02,34,556,0.0,2,0.09214915,0.09214916,0.9551124,0.11088878,0.11088878,1.0,8.559483e-09,7.71898e-08,-26.778446,2.1012893,0.7004298,0.2,0.0,0.14834698,16.619967,16.649967,1782400
hardzero_plus_depr__c0p50__z1p10__lam0p030__nu0p50__psi0p75,hardzero_plus_depr,0.02,34,557,0.0,2,0.09214916,0.09214917,0.9972422,0.10063702,0.10063702,1.0,7.595321e-09,7.5472435e-08,-26.583044,2.1939766,0.73132557,0.16000001,0.008,0.12245621,16.649967,16.679968,1785600
hardzero_plus_depr__c0p50__z1p10__lam0p030__nu0p50__psi0p75,hardzero_plus_depr,0.02,34,558,0.0,2,0.09214917,0.092149176,1.0668002,0.08574322,0.08574322,1.0,6.3272716e-09,7.379326e-08,-27.842989,2.3470073,0.78233576,0.2,0.0,0.18784083,16.679968,16.709969,1788800
hardzero_plus_depr__c0p50__z1p10__lam0p030__nu0p50__psi0p75,hardzero_plus_depr,0.02,34,559,0.0,2,0.092149176,0.09214918,1.0030997,0.099288814,0.099288814,1.0,7.163825e-09,7.215138e-08,-26.041557,2.2068634,0.73562115,0.08,0.0,0.114231534,16.709969,16.73997,1792000
hardzero_plus_depr__c0p50__z1p10__lam0p030__nu0p50__psi0p75,hardzero_plus_depr,0.02,34,560,0.0,2,0.09214918,0.09214919,1.0147691,0.096656464,0.096656464,1.0,6.8187296e-09,7.054603e-08,-27.155533,2.2325366,0.7441789,0.15200001,0.008,0.16414174,16.73997,16.76997,1795200
hardzero_plus_depr__c0p50__z1p10__lam0p030__nu0p50__psi0p75,hardzero_plus_depr,0.02,34,561,0.0,2,0.09214919,0.0921492,1.0087345,0.09800891,0.09800891,1.0,6.760308e-09,6.897646e-08,-27.093315,2.2192602,0.7397534,0.14400001,0.0,0.14410293,16.76997,16.79997,1798400
hardzero_plus_depr__c0p50__z1p10__lam0p030__nu0p50__psi0p75,hardzero_plus_depr,0.02,34,562,0.0,2,0.0921492,0.092149206,1.0093341,0.09787367,0.09787367,1.0,6.6007786e-09,6.744182e-08,-27.520775,2.2205794,0.7401931,0.208,0.0,0.14142737,16.79997,16.829971,1801600
hardzero_plus_depr__c0p50__z1p10__lam0p030__nu0p50__psi0p75,hardzero_plus_depr,0.02,34,563,0.0,2,0.092149206,0.09214921,1.0206004,0.095367305,0.095367305,1.0,6.28864e-09,6.594126e-08,-26.53253,2.2453659,0.7484553,0.18400002,0.0,0.12641482,16.829971,16.859972,1804800
hardzero_plus_depr__c0p50__z1p10__lam0p030__nu0p50__psi0p75,hardzero_plus_depr,0.02,34,564,0.0,2,0.09214921,0.09214922,1.0715175,0.084816925,0.084816925,1.0,5.468493e-09,6.447408e-08,-28.098576,2.3573854,0.78579515,0.128,0.0,0.17035784,16.859972,16.889973,1808000
hardzero_plus_depr__c0p50__z1p10__lam0p030__nu0p50__psi0p75,hardzero_plus_depr,0.02,34,565,0.0,2,0.09214922,0.09214923,1.0405904,0.09107717,0.09107717,1.0,5.74147e-09,6.3039614e-08,-27.936537,2.2893445,0.76311487,0.14400001,0.008,0.14378303,16.889973,16.919973,1811200
hardzero_plus_depr__c0p50__z1p10__lam0p030__nu0p50__psi0p75,hardzero_plus_depr,0.02,34,566,0.0,2,0.09214923,0.092149235,1.0178654,0.09596978,0.09596978,1.0,5.9152945e-09,6.163705e-08,-26.01791,2.2393486,0.7464496,0.112,0.0,0.13743466,16.919973,16.949974,1814400
hardzero_plus_depr__c0p50__z1p10__lam0p030__nu0p50__psi0p75,hardzero_plus_depr,0.02,34,567,0.0,2,0.092149235,0.09214924,1.0039251,0.09910029,0.09910029,1.0,5.9723435e-09,6.026565e-08,-27.112837,2.2086792,0.73622644,0.2,0.0,0.16926679,16.949974,16.979975,1817600
hardzero_plus_depr__c0p50__z1p10__lam0p030__nu0p50__psi0p75,hardzero_plus_depr,0.02,34,568,0.0,2,0.09214924,0.09214925,0.9697339,0.107217595,0.107217595,1.0,6.3177703e-09,5.8924755e-08,-26.674278,2.1334572,0.71115243,0.216,0.0,0.1647532,16.979975,17.009975,1820800
hardzero_plus_depr__c0p50__z1p10__lam0p030__nu0p50__psi0p75,hardzero_plus_depr,0.02,34,569,0.0,2,0.09214925,0.09214926,0.9449862,0.11350468,0.11350468,1.0,6.5394303e-09,5.761375e-08,-26.255096,2.0790112,0.6930038,0.224,0.0,0.13498122,17.009975,17.039976,1824000
hardzero_plus_depr__c0p50__z1p10__lam0p030__nu0p50__psi0p75,hardzero_plus_depr,0.02,34,570,0.0,2,0.09214926,0.092149265,1.0380232,0.09161714,0.09161714,1.0,5.1609685e-09,5.6331913e-08,-27.732927,2.2836967,0.76123226,0.16800001,0.0,0.15557814,17.039976,17.069977,1827200
hardzero_plus_depr__c0p50__z1p10__lam0p030__nu0p50__psi0p75,hardzero_plus_depr,0.02,34,571,0.0,2,0.092149265,0.09214927,1.0251052,0.09438321,0.09438321,1.0,5.1984896e-09,5.5078544e-08,-27.639637,2.2552764,0.7517588,0.112,0.0,0.1426165,17.069977,17.099977,1830400
hardzero_plus_depr__c0p50__z1p10__lam0p030__nu0p50__psi0p75,hardzero_plus_depr,0.02,34,572,0.0,2,0.09214927,0.09214928,1.0069585,0.098410524,0.098410524,1.0,5.2997082e-09,5.3853064e-08,-27.70242,2.2153528,0.73845094,0.17999999,0.0,0.1807367,17.099977,17.129978,1833600
hardzero_plus_depr__c0p50__z1p10__lam0p030__nu0p50__psi0p75,hardzero_plus_depr,0.02,34,573,0.0,2,0.09214928,0.09214929,0.94669545,0.11305885,0.11305885,1.0,5.9531016e-09,5.2654894e-08,-25.957872,2.0827715,0.6942572,0.192,0.0,0.15108688,17.129978,17.159979,1836800
hardzero_plus_depr__c0p50__z1p10__lam0p030__nu0p50__psi0p75,hardzero_plus_depr,0.02,34,574,0.0,2,0.09214929,0.092149295,1.0249408,0.09441895,0.09441895,1.0,4.861007e-09,5.1483386e-08,-26.260923,2.2549148,0.7516383,0.128,0.0,0.11676977,17.159979,17.18998,1840000
hardzero_plus_depr__c0p50__z1p10__lam0p030__nu0p50__psi0p75,hardzero_plus_depr,0.02,34,575,0.0,2,0.092149295,0.0921493,0.9840428,0.1037426,0.1037426,1.0,5.2221836e-09,5.0337892e-08,-26.712957,2.1649375,0.72164583,0.104,0.0,0.13429461,17.18998,17.21998,1843200
hardzero_plus_depr__c0p50__z1p10__lam0p030__nu0p50__psi0p75,hardzero_plus_depr,0.02,34,576,0.0,2,0.0921493,0.09214931,1.0849497,0.08223377,0.08223377,1.0,4.0473727e-09,4.921789e-08,-28.42777,2.3869371,0.7956457,0.104,0.0,0.14661899,17.21998,17.24998,1846400
hardzero_plus_depr__c0p50__z1p10__lam0p030__nu0p50__psi0p75,hardzero_plus_depr,0.02,34,577,0.0,2,0.09214931,0.09214932,1.0559953,0.08790318,0.08790318,1.0,4.2301513e-09,4.812285e-08,-27.591106,2.3232362,0.7744121,0.120000005,0.0,0.16284193,17.24998,17.279982,1849600
hardzero_plus_depr__c0p50__z1p10__lam0p030__nu0p50__psi0p75,hardzero_plus_depr,0.02,34,578,0.0,2,0.09214932,0.092149325,0.99790865,0.10048272,0.10048272,1.0,4.72793e-09,4.7052172e-08,-27.18401,2.195443,0.7318143,0.17600001,0.0,0.16439468,17.279982,17.309982,1852800
hardzero_plus_depr__c0p50__z1p10__lam0p030__nu0p50__psi0p75,hardzero_plus_depr,0.02,34,579,0.0,2,0.092149325,0.09214933,1.008279,0.09811175,0.09811175,1.0,4.513658e-09,4.6005272e-08,-27.378302,2.218258,0.73941934,0.216,0.008,0.18608172,17.309982,17.339983,1856000
hardzero_plus_depr__c0p50__z1p10__lam0p030__nu0p50__psi0p75,hardzero_plus_depr,0.02,34,580,0.0,2,0.09214933,0.09214934,1.041345,0.09091908,0.09091908,1.0,4.0896917e-09,4.4981668e-08,-27.167511,2.2910047,0.76366824,0.16800001,0.0,0.15644841,17.339983,17.369984,1859200
hardzero_plus_depr__c0p50__z1p10__lam0p030__nu0p50__psi0p75,hardzero_plus_depr,0.02,34,581,0.0,2,0.09214934,0.09214935,1.0363181,0.09197758,0.09197758,1.0,4.0452552e-09,4.3980883e-08,-28.092325,2.2799451,0.75998175,0.120000005,0.0,0.1960993,17.369984,17.399984,1862400
hardzero_plus_depr__c0p50__z1p10__lam0p030__nu0p50__psi0p75,hardzero_plus_depr,0.02,34,582,0.0,2,0.09214935,0.092149355,1.0150309,0.09659822,0.09659822,1.0,4.1539514e-09,4.300236e-08,-27.351454,2.2331126,0.7443709,0.136,0.0,0.140547,17.399984,17.429985,1865600
hardzero_plus_depr__c0p50__z1p10__lam0p030__nu0p50__psi0p75,hardzero_plus_depr,0.02,34,583,0.0,2,0.092149355,0.09214936,0.9841603,0.103714556,0.103714556,1.0,4.360737e-09,4.2045567e-08,-26.454842,2.165196,0.721732,0.2,0.0,0.13602436,17.429985,17.459986,1868800
hardzero_plus_depr__c0p50__z1p10__lam0p030__nu0p50__psi0p75,hardzero_plus_depr,0.02,34,584,0.0,2,0.09214936,0.09214937,1.0216857,0.095129296,0.095129296,1.0,3.910772e-09,4.111007e-08,-27.912172,2.2477534,0.7492511,0.15200001,0.0,0.13265833,17.459986,17.489986,1872000
hardzero_plus_depr__c0p50__z1p10__lam0p030__nu0p50__psi0p75,hardzero_plus_depr,0.02,34,585,0.0,2,0.09214937,0.09214938,1.0190228,0.09571437,0.09571437,1.0,3.847279e-09,4.0195417e-08,-27.618208,2.241895,0.74729836,0.19,0.0,0.15889098,17.489986,17.519987,1875200
hardzero_plus_depr__c0p50__z1p10__lam0p030__nu0p50__psi0p75,hardzero_plus_depr,0.02,34,586,0.0,2,0.09214938,0.09214938,1.0540023,0.08830752,0.08830752,1.0,3.4705845e-09,3.930112e-08,-28.556175,2.3188512,0.7729504,0.15200001,0.0,0.16195163,17.519987,17.549988,1878400
hardzero_plus_depr__c0p50__z1p10__lam0p030__nu0p50__psi0p75,hardzero_plus_depr,0.02,34,587,0.0,2,0.09214938,0.09214938,1.0321813,0.092857875,0.092857875,1.0,3.5682195e-09,3.8426677e-08,-26.714159,2.2708442,0.7569481,0.208,0.0,0.1631473,17.549988,17.579988,1881600
hardzero_plus_depr__c0p50__z1p10__lam0p030__nu0p50__psi0p75,hardzero_plus_depr,0.02,34,588,0.0,2,0.09214938,0.09214938,1.0539771,0.08831264,0.08831264,1.0,3.3180556e-09,3.7571695e-08,-28.11374,2.318796,0.772932,0.096,0.0,0.15835968,17.579988,17.60999,1884800
hardzero_plus_depr__c0p50__z1p10__lam0p030__nu0p50__psi0p75,hardzero_plus_depr,0.02,34,589,0.0,2,0.09214938,0.09214938,1.0274249,0.09388043,0.09388043,1.0,3.44877e-09,3.673577e-08,-27.16175,2.26038,0.75346005,0.17600001,0.0,0.14913206,17.60999,17.63999,1888000
hardzero_plus_depr__c0p50__z1p10__lam0p030__nu0p50__psi0p75,hardzero_plus_depr,0.02,34,590,0.0,2,0.09214938,0.09214938,1.0409157,0.09100897,0.09100897,1.0,3.2689005e-09,3.5918443e-08,-28.20443,2.2900603,0.76335347,0.16000001,0.0,0.18254688,17.63999,17.66999,1891200
hardzero_plus_depr__c0p50__z1p10__lam0p030__nu0p50__psi0p75,hardzero_plus_depr,0.02,34,591,0.0,2,0.09214938,0.09214938,1.0400856,0.09118311,0.09118311,1.0,3.202284e-09,3.5119267e-08,-26.9937,2.288234,0.76274467,0.104,0.0,0.12336239,17.66999,17.699991,1894400
hardzero_plus_depr__c0p50__z1p10__lam0p030__nu0p50__psi0p75,hardzero_plus_depr,0.02,34,592,0.0,2,0.09214938,0.09214938,1.0046515,0.098934665,0.098934665,1.0,3.397206e-09,3.4337873e-08,-26.702839,2.2102776,0.7367592,0.112,0.0,0.13674271,17.699991,17.729992,1897600
hardzero_plus_depr__c0p50__z1p10__lam0p030__nu0p50__psi0p75,hardzero_plus_depr,0.02,34,593,0.0,2,0.09214938,0.09214938,1.0349171,0.092274755,0.092274755,1.0,3.0980232e-09,3.3573897e-08,-27.466963,2.276863,0.7589544,0.17600001,0.0,0.13869408,17.729992,17.759993,1900800
hardzero_plus_depr__c0p50__z1p10__lam0p030__nu0p50__psi0p75,hardzero_plus_depr,0.02,34,594,0.0,2,0.09214938,0.09214938,1.0009981,0.09977042,0.09977042,1.0,3.2751555e-09,3.2826918e-08,-26.917986,2.2022398,0.73407996,0.224,0.0,0.15622185,17.759993,17.789993,1904000
hardzero_plus_depr__c0p50__z1p10__lam0p030__nu0p50__psi0p75,hardzero_plus_depr,0.02,34,595,0.0,2,0.09214938,0.09214938,0.9982737,0.10039828,0.10039828,1.0,3.2224363e-09,3.209653e-08,-26.850471,2.196246,0.732082,0.120000005,0.0,0.13653472,17.789993,17.819994,1907200
hardzero_plus_depr__c0p50__z1p10__lam0p030__nu0p50__psi0p75,hardzero_plus_depr,0.02,34,596,0.0,2,0.09214938,0.09214938,0.98962194,0.102418415,0.102418415,1.0,3.2141347e-09,3.1382392e-08,-27.466194,2.1772118,0.7257373,0.120000005,0.0,0.15847926,17.819994,17.849995,1910400
hardzero_plus_depr__c0p50__z1p10__lam0p030__nu0p50__psi0p75,hardzero_plus_depr,0.02,34,597,0.0,2,0.09214938,0.09214938,0.997169,0.10065398,0.10065398,1.0,3.088484e-09,3.068417e-08,-26.813889,2.1938157,0.7312719,0.23200001,0.0,0.14813857,17.849995,17.879995,1913600
hardzero_plus_depr__c0p50__z1p10__lam0p030__nu0p50__psi0p75,hardzero_plus_depr,0.02,34,598,0.0,2,0.09214938,0.09214938,1.0124408,0.09717604,0.09717604,1.0,2.9154252e-09,3.0001484e-08,-26.547844,2.2274141,0.7424714,0.14,0.0,0.13472901,17.879995,17.909996,1916800
hardzero_plus_depr__c0p50__z1p10__lam0p030__nu0p50__psi0p75,hardzero_plus_depr,0.02,34,599,0.0,2,0.09214938,0.09214938,1.0057921,0.09867516,0.09867516,1.0,2.8945333e-09,2.933396e-08,-27.323046,2.212787,0.7375957,0.18400002,0.0,0.17832723,17.909996,17.939997,1920000
hardzero_plus_depr__c0p50__z1p10__lam0p030__nu0p50__psi0p75,hardzero_plus_depr,0.02,34,600,0.0,2,0.09214938,0.09214938,1.0413789,0.09091199,0.09091199,1.0,2.6074727e-09,2.8681283e-08,-27.738798,2.2910793,0.7636931,0.120000005,0.0,0.14669032,17.939997,17.969997,1923200
hardzero_plus_depr__c0p50__z1p10__lam0p030__nu0p50__psi0p75,hardzero_plus_depr,0.02,34,601,0.0,2,0.09214938,0.09214938,0.9917165,0.10192565,0.10192565,1.0,2.8583174e-09,2.804316e-08,-25.939705,2.18182,0.72727334,0.264,0.008,0.13473055,17.969997,17.999998,1926400
hardzero_plus_depr__c0p50__z1p10__lam0p030__nu0p50__psi0p75,hardzero_plus_depr,0.02,34,602,0.0,2,0.09214938,0.09214938,1.0303435,0.09325163,0.09325163,1.0,2.5568883e-09,2.7419235e-08,-27.919205,2.266801,0.7556004,0.17600001,0.0,0.16665109,17.999998,18.029999,1929600
hardzero_plus_depr__c0p50__z1p10__lam0p030__nu0p50__psi0p75,hardzero_plus_depr,0.02,34,603,0.0,2,0.09214938,0.09214938,0.9627981,0.108943634,0.108943634,1.0,2.9206875e-09,2.6809161e-08,-26.351587,2.1181982,0.7060661,0.224,0.0,0.14000477,18.029999,18.06,1932800
hardzero_plus_depr__c0p50__z1p10__lam0p030__nu0p50__psi0p75,hardzero_plus_depr,0.02,34,604,0.0,2,0.09214938,0.09214938,0.9689274,0.10741688,0.10741688,1.0,2.815683e-09,2.6212668e-08,-26.637598,2.1316829,0.710561,0.16000001,0.0,0.14787449,18.06,18.09,1936000
hardzero_plus_depr__c0p50__z1p10__lam0p030__nu0p50__psi0p75,hardzero_plus_depr,0.02,34,605,0.0,2,0.09214938,0.09214938,1.0072826,0.09833709,0.09833709,1.0,2.5203273e-09,2.5629467e-08,-27.118528,2.216066,0.73868865,0.15200001,0.0,0.14971974,18.09,18.12,1939200
hardzero_plus_depr__c0p50__z1p10__lam0p030__nu0p50__psi0p75,hardzero_plus_depr,0.02,34,606,0.0,2,0.09214938,0.09214938,0.99991125,0.10002043,0.10002043,1.0,2.5064362e-09,2.5059242e-08,-26.692263,2.1998487,0.7332829,0.16800001,0.0,0.13972433,18.12,18.150002,1942400
hardzero_plus_depr__c0p50__z1p10__lam0p030__nu0p50__psi0p75,hardzero_plus_depr,0.02,34,607,0.0,2,0.09214938,0.09214938,1.0332518,0.09262926,0.09262926,1.0,2.2695725e-09,2.450168e-08,-27.993084,2.2731993,0.7577331,0.16000001,0.0,0.16032211,18.150002,18.180002,1945600
hardzero_plus_depr__c0p50__z1p10__lam0p030__nu0p50__psi0p75,hardzero_plus_depr,0.02,34,608,0.0,2,0.09214938,0.09214938,0.99554795,0.1010304,0.1010304,1.0,2.4203373e-09,2.3956524e-08,-26.654825,2.1902492,0.7300831,0.120000005,0.0,0.14356996,18.180002,18.210003,1948800
hardzero_plus_depr__c0p50__z1p10__lam0p030__nu0p50__psi0p75,hardzero_plus_depr,0.02,34,609,0.0,2,0.09214938,0.09214938,1.0320259,0.09289109,0.09289109,1.0,2.1758362e-09,2.342352e-08,-27.150043,2.2705023,0.75683415,0.128,0.0,0.15549849,18.210003,18.240004,1952000
hardzero_plus_depr__c0p50__z1p10__lam0p030__nu0p50__psi0p75,hardzero_plus_depr,0.02,34,610,0.0,2,0.09214938,0.09214938,1.0475917,0.0896207,0.0896207,1.0,2.052527e-09,2.2902375e-08,-28.043015,2.3047478,0.7682493,0.096,0.0,0.13995856,18.240004,18.270004,1955200
hardzero_plus_depr__c0p50__z1p10__lam0p030__nu0p50__psi0p75,hardzero_plus_depr,0.02,34,611,0.0,2,0.09214938,0.09214938,1.0581684,0.087464444,0.087464444,1.0,1.958574e-09,2.2392802e-08,-27.441948,2.328017,0.7760057,0.16,0.0,0.15051502,18.270004,18.300005,1958400
hardzero_plus_depr__c0p50__z1p10__lam0p030__nu0p50__psi0p75,hardzero_plus_depr,0.02,34,612,0.0,2,0.09214938,0.09214938,0.97038746,0.107056364,0.107056364,1.0,2.3439528e-09,2.1894568e-08,-25.88324,2.134895,0.7116317,0.192,0.0,0.14126502,18.300005,18.330006,1961600
hardzero_plus_depr__c0p50__z1p10__lam0p030__nu0p50__psi0p75,hardzero_plus_depr,0.02,34,613,0.0,2,0.09214938,0.09214938,1.0330209,0.09267853,0.09267853,1.0,1.98401e-09,2.140744e-08,-26.927134,2.2726912,0.75756377,0.112,0.0,0.16220969,18.330006,18.360006,1964800
hardzero_plus_depr__c0p50__z1p10__lam0p030__nu0p50__psi0p75,hardzero_plus_depr,0.02,34,614,0.0,2,0.09214938,0.09214938,1.0020862,0.09952078,0.09952078,1.0,2.0830841e-09,2.0931148e-08,-26.37073,2.2046335,0.7348778,0.216,0.0,0.15377963,18.360006,18.390007,1968000
hardzero_plus_depr__c0p50__z1p10__lam0p030__nu0p50__psi0p75,hardzero_plus_depr,0.02,34,615,0.0,2,0.09214938,0.09214938,1.0494734,0.08923323,0.08923323,1.0,1.8261973e-09,2.0465441e-08,-28.13481,2.3088877,0.76962924,0.2,0.0,0.15744336,18.390007,18.420008,1971200
hardzero_plus_depr__c0p50__z1p10__lam0p030__nu0p50__psi0p75,hardzero_plus_depr,0.02,34,616,0.0,2,0.09214938,0.09214938,1.097135,0.07995858,0.07995858,1.0,1.5999783e-09,2.0010088e-08,-29.473267,2.4137452,0.80458176,0.17600001,0.0,0.17542443,18.420008,18.450008,1974400
hardzero_plus_depr__c0p50__z1p10__lam0p030__nu0p50__psi0p75,hardzero_plus_depr,0.02,34,617,0.0,2,0.09214938,0.09214938,1.0972588,0.07993579,0.07993579,1.0,1.5639348e-09,1.9564888e-08,-28.967875,2.4140177,0.8046726,0.104,0.0,0.17584862,18.450008,18.48001,1977600
hardzero_plus_depr__c0p50__z1p10__lam0p030__nu0p50__psi0p75,hardzero_plus_depr,0.02,34,618,0.0,2,0.09214938,0.09214938,0.9976589,0.10054051,0.10054051,1.0,1.923299e-09,1.9129592e-08,-26.833702,2.1948934,0.73163116,0.192,0.0,0.12943092,18.48001,18.51001,1980800
hardzero_plus_depr__c0p50__z1p10__lam0p030__nu0p50__psi0p75,hardzero_plus_depr,0.02,34,619,0.0,2,0.09214938,0.09214938,1.0410784,0.09097489,0.09097489,1.0,1.7015911e-09,1.8703965e-08,-27.873526,2.2904184,0.7634728,0.192,0.0,0.12723933,18.51001,18.54001,1984000
hardzero_plus_depr__c0p50__z1p10__lam0p030__nu0p50__psi0p75,hardzero_plus_depr,0.02,34,620,0.0,2,0.09214938,0.09214938,1.0083386,0.09809827,0.09809827,1.0,1.7940021e-09,1.8287805e-08,-26.2319,2.218389,0.73946303,0.192,0.008,0.1680024,18.54001,18.570011,1987200
hardzero_plus_depr__c0p50__z1p10__lam0p030__nu0p50__psi0p75,hardzero_plus_depr,0.02,34,621,0.0,2,0.09214938,0.09214938,0.9817456,0.1042928,0.1042928,1.0,1.8648518e-09,1.7880925e-08,-26.829,2.1598835,0.71996117,0.112,0.0,0.1373186,18.570011,18.600012,1990400
hardzero_plus_depr__c0p50__z1p10__lam0p030__nu0p50__psi0p75,hardzero_plus_depr,0.02,34,622,0.0,2,0.09214938,0.09214938,1.0188136,0.095760494,0.095760494,1.0,1.6741898e-09,1.7483094e-08,-27.519735,2.2414346,0.7471449,0.128,0.0,0.13620237,18.600012,18.630013,1993600
hardzero_plus_depr__c0p50__z1p10__lam0p030__nu0p50__psi0p75,hardzero_plus_depr,0.02,34,623,0.0,2,0.09214938,0.09214938,0.97727144,0.10537282,0.10537282,1.0,1.8012535e-09,1.70941e-08,-25.849157,2.1500401,0.71668005,0.16000001,0.0,0.13672923,18.630013,18.660013,1996800
hardzero_plus_depr__c0p50__z1p10__lam0p030__nu0p50__psi0p75,hardzero_plus_depr,0.02,34,624,0.0,2,0.09214938,0.09214938,1.0012045,0.099723026,0.099723026,1.0,1.666747e-09,1.6713763e-08,-27.92034,2.202694,0.73423135,0.24,0.0,0.19398563,18.660013,18.690014,2000000
hardzero_plus_depr__c0p50__z1p10__lam0p030__nu0p50__psi0p75,hardzero_plus_depr,0.02,34,625,0.0,2,0.09214938,0.09214938,0.99455094,0.1012626,0.1012626,1.0,1.6548233e-09,1.63419e-08,-27.172888,2.1880558,0.72935194,0.16000001,0.0,0.15583082,18.690014,18.720015,2003200
hardzero_plus_depr__c0p50__z1p10__lam0p030__nu0p50__psi0p75,hardzero_plus_depr,0.02,34,626,0.0,2,0.09214938,0.09214938,1.003431,0.09921311,0.09921311,1.0,1.5852581e-09,1.5978314e-08,-26.717278,2.2075922,0.7358641,0.17600001,0.0,0.17660908,18.720015,18.750015,2006400
hardzero_plus_depr__c0p50__z1p10__lam0p030__nu0p50__psi0p75,hardzero_plus_depr,0.02,34,627,0.0,2,0.09214938,0.09214938,1.0171756,0.09612237,0.09612237,1.0,1.5017004e-09,1.5622799e-08,-27.454153,2.2378309,0.74594367,0.16800001,0.0,0.15557499,18.750015,18.780016,2009600
hardzero_plus_depr__c0p50__z1p10__lam0p030__nu0p50__psi0p75,hardzero_plus_depr,0.02,34,628,0.0,2,0.09214938,0.09214938,0.98503625,0.103505574,0.103505574,1.0,1.5810679e-09,1.5275196e-08,-26.667883,2.167123,0.7223744,0.120000005,0.0,0.14010957,18.780016,18.810017,2012800
hardzero_plus_depr__c0p50__z1p10__lam0p030__nu0p50__psi0p75,hardzero_plus_depr,0.02,34,629,0.0,2,0.09214938,0.09214938,1.0002115,0.09995133,0.09995133,1.0,1.4928071e-09,1.493534e-08,-26.168653,2.2005093,0.7335031,0.136,0.0,0.15114993,18.810017,18.840017,2016000
hardzero_plus_depr__c0p50__z1p10__lam0p030__nu0p50__psi0p75,hardzero_plus_depr,0.02,34,630,0.0,2,0.09214938,0.09214938,1.0359831,0.09204855,0.09204855,1.0,1.3441893e-09,1.4603048e-08,-27.710365,2.2792084,0.7597362,0.112,0.0,0.1487443,18.840017,18.870018,2019200
hardzero_plus_depr__c0p50__z1p10__lam0p030__nu0p50__psi0p75,hardzero_plus_depr,0.02,34,631,0.0,2,0.09214938,0.09214938,1.0338229,0.09250753,0.09250753,1.0,1.3208349e-09,1.4278134e-08,-27.47879,2.2744558,0.75815195,0.128,0.0,0.1595191,18.870018,18.900019,2022400
hardzero_plus_depr__c0p50__z1p10__lam0p030__nu0p50__psi0p75,hardzero_plus_depr,0.02,34,632,0.0,2,0.09214938,0.09214938,0.97287554,0.10644479,0.10644479,1.0,1.4860171e-09,1.3960449e-08,-26.812376,2.140369,0.71345633,0.17600001,0.0,0.1461296,18.900019,18.93002,2025600
hardzero_plus_depr__c0p50__z1p10__lam0p030__nu0p50__psi0p75,hardzero_plus_depr,0.02,34,633,0.0,2,0.09214938,0.09214938,1.027941,0.09376893,0.09376893,1.0,1.2799315e-09,1.3649847e-08,-27.646149,2.2615154,0.7538385,0.120000005,0.0,0.15826736,18.93002,18.96002,2028800
hardzero_plus_depr__c0p50__z1p10__lam0p030__nu0p50__psi0p75,hardzero_plus_depr,0.02,34,634,0.0,2,0.09214938,0.09214938,1.0306475,0.093186386,0.093186386,1.0,1.2436798e-09,1.33461535e-08,-27.448732,2.26747,0.7558233,0.16000001,0.0,0.1447628,18.96002,18.99002,2032000
hardzero_plus_depr__c0p50__z1p10__lam0p030__nu0p50__psi0p75,hardzero_plus_depr,0.02,34,635,0.0,2,0.09214938,0.09214938,1.0019594,0.09954983,0.09954983,1.0,1.2990462e-09,1.3049206e-08,-26.464272,2.2043548,0.73478496,0.17600001,0.0,0.13176683,18.99002,19.020021,2035200
hardzero_plus_depr__c0p50__z1p10__lam0p030__nu0p50__psi0p75,hardzero_plus_depr,0.02,34,636,0.0,2,0.09214938,0.09214938,0.97816217,0.105156906,0.105156906,1.0,1.3416827e-09,1.2758864e-08,-26.885498,2.1519997,0.71733326,0.16000001,0.0,0.15755476,19.020021,19.050022,2038400
hardzero_plus_depr__c0p50__z1p10__lam0p030__nu0p50__psi0p75,hardzero_plus_depr,0.02,34,637,0.0,2,0.09214938,0.09214938,0.9546862,0.110997654,0.110997654,1.0,1.3846952e-09,1.2474995e-08,-26.525665,2.1003516,0.70011723,0.17999999,0.0,0.16950905,19.050022,19.080023,2041600
hardzero_plus_depr__c0p50__z1p10__lam0p030__nu0p50__psi0p75,hardzero_plus_depr,0.02,34,638,0.0,2,0.09214938,0.09214938,0.971492,0.10678444,0.10678444,1.0,1.3024969e-09,1.2197441e-08,-26.891888,2.137325,0.7124417,0.224,0.0,0.16157866,19.080023,19.110023,2044800
hardzero_plus_depr__c0p50__z1p10__lam0p030__nu0p50__psi0p75,hardzero_plus_depr,0.02,34,639,0.0,2,0.09214938,0.09214938,0.99804914,0.10045021,0.10045021,1.0,1.1979744e-09,1.1926051e-08,-27.014751,2.195752,0.7319173,0.2,0.0,0.15324843,19.110023,19.140024,2048000
hardzero_plus_depr__c0p50__z1p10__lam0p030__nu0p50__psi0p75,hardzero_plus_depr,0.02,34,640,0.0,2,0.09214938,0.09214938,1.0738262,0.08436724,0.08436724,1.0,9.837811e-10,1.16607e-08,-28.45571,2.362465,0.78748834,0.14400001,0.0,0.1639255,19.140024,19.170025,2051200
hardzero_plus_depr__c0p50__z1p10__lam0p030__nu0p50__psi0p75,hardzero_plus_depr,0.02,34,641,0.0,2,0.09214938,0.09214938,0.9755811,0.10578372,0.10578372,1.0,1.206068e-09,1.1401263e-08,-26.71009,2.1463213,0.71544045,0.2,0.0,0.14669709,19.170025,19.200026,2054400
hardzero_plus_depr__c0p50__z1p10__lam0p030__nu0p50__psi0p75,hardzero_plus_depr,0.02,34,642,0.0,2,0.09214938,0.09214938,0.9621024,0.1091183,0.1091183,1.0,1.2164071e-09,1.1147599e-08,-26.406849,2.1166675,0.70555586,0.208,0.008,0.16137697,19.200026,19.230026,2057600
hardzero_plus_depr__c0p50__z1p10__lam0p030__nu0p50__psi0p75,hardzero_plus_depr,0.02,34,643,0.0,2,0.09214938,0.09214938,0.9888715,0.10259554,0.10259554,1.0,1.1182469e-09,1.08995675e-08,-26.625107,2.1755607,0.72518694,0.18400002,0.0,0.14034012,19.230026,19.260027,2060800
hardzero_plus_depr__c0p50__z1p10__lam0p030__nu0p50__psi0p75,hardzero_plus_depr,0.02,34,644,0.0,2,0.09214938,0.09214938,1.0134592,0.096948415,0.096948415,1.0,1.0331845e-09,1.0657055e-08,-26.904139,2.2296548,0.7432183,0.14400001,0.0,0.14724353,19.260027,19.290028,2064000
hardzero_plus_depr__c0p50__z1p10__lam0p030__nu0p50__psi0p75,hardzero_plus_depr,0.02,34,645,0.0,2,0.09214938,0.09214938,1.0318173,0.092935726,0.092935726,1.0,9.683855e-10,1.04199485e-08,-27.695814,2.2700434,0.75668114,0.2,0.0,0.16399494,19.290028,19.320028,2067200
hardzero_plus_depr__c0p50__z1p10__lam0p030__nu0p50__psi0p75,hardzero_plus_depr,0.02,34,646,0.0,2,0.09214938,0.09214938,1.0056305,0.09871189,0.09871189,1.0,1.0056883e-09,1.0188117e-08,-26.822243,2.2124312,0.73747706,0.08800001,0.0,0.14203538,19.320028,19.350029,2070400
hardzero_plus_depr__c0p50__z1p10__lam0p030__nu0p50__psi0p75,hardzero_plus_depr,0.02,34,647,0.0,2,0.09214938,0.09214938,1.0063115,0.09855723,0.09855723,1.0,9.817714e-10,9.961435e-09,-26.684433,2.2139297,0.73797655,0.16800001,0.0,0.13773346,19.350029,19.38003,2073600
hardzero_plus_depr__c0p50__z1p10__lam0p030__nu0p50__psi0p75,hardzero_plus_depr,0.02,34,648,0.0,2,0.09214938,0.09214938,1.0158373,0.09641901,0.09641901,1.0,9.391014e-10,9.739795e-09,-27.26157,2.2348866,0.7449622,0.112,0.0,0.12923068,19.38003,19.41003,2076800
hardzero_plus_depr__c0p50__z1p10__lam0p030__nu0p50__psi0p75,hardzero_plus_depr,0.02,34,649,0.0,2,0.09214938,0.09214938,1.0082458,0.09811924,0.09811924,1.0,9.343989e-10,9.523096e-09,-27.366856,2.2181852,0.7393951,0.16800001,0.0,0.15307702,19.41003,19.440031,2080000
hardzero_plus_depr__c0p50__z1p10__lam0p030__nu0p50__psi0p75,hardzero_plus_depr,0.02,34,650,0.0,2,0.09214938,0.09214938,1.0029181,0.09933034,0.09933034,1.0,9.248865e-10,9.3112185e-09,-28.134844,2.206464,0.73548806,0.13,0.0,0.1677531,19.440031,19.470032,2083200
hardzero_plus_depr__c0p50__z1p10__lam0p030__nu0p50__psi0p75,hardzero_plus_depr,0.02,34,651,0.0,2,0.09214938,0.09214938,0.9826937,0.10406539,0.10406539,1.0,9.474163e-10,9.104047e-09,-26.027328,2.1619692,0.7206564,0.14400001,0.0,0.1503998,19.470032,19.500032,2086400
hardzero_plus_depr__c0p50__z1p10__lam0p030__nu0p50__psi0p75,hardzero_plus_depr,0.02,34,652,0.0,2,0.09214938,0.09214938,1.0464845,0.08984947,0.08984947,1.0,7.997936e-10,8.901484e-09,-27.467834,2.302312,0.76743734,0.136,0.0,0.17051008,19.500032,19.530033,2089600
hardzero_plus_depr__c0p50__z1p10__lam0p030__nu0p50__psi0p75,hardzero_plus_depr,0.02,34,653,0.0,2,0.09214938,0.09214938,1.0194558,0.095619,0.095619,1.0,8.3221396e-10,8.703437e-09,-27.159302,2.2428474,0.7476158,0.15200001,0.0,0.13984445,19.530033,19.560034,2092800
hardzero_plus_depr__c0p50__z1p10__lam0p030__nu0p50__psi0p75,hardzero_plus_depr,0.02,34,654,0.0,2,0.09214938,0.09214938,0.9953764,0.10107029,0.10107029,1.0,8.600875e-10,8.5097955e-09,-27.803116,2.1898718,0.7299573,0.15200001,0.0,0.14479665,19.560034,19.590034,2096000
hardzero_plus_depr__c0p50__z1p10__lam0p030__nu0p50__psi0p75,hardzero_plus_depr,0.02,34,655,0.0,2,0.09214938,0.09214938,1.0191448,0.0956875,0.0956875,1.0,7.961636e-10,8.320455e-09,-27.537653,2.2421632,0.74738777,0.16800001,0.0,0.15589656,19.590034,19.620035,2099200
hardzero_plus_depr__c0p50__z1p10__lam0p030__nu0p50__psi0p75,hardzero_plus_depr,0.02,34,656,0.0,2,0.09214938,0.09214938,0.9741952,0.106121846,0.106121846,1.0,8.633359e-10,8.135327e-09,-25.788754,2.1432722,0.7144241,0.2,0.0,0.17046745,19.620035,19.650036,2102400
hardzero_plus_depr__c0p50__z1p10__lam0p030__nu0p50__psi0p75,hardzero_plus_depr,0.02,34,657,0.0,2,0.09214938,0.09214938,1.0483246,0.08946959,0.08946959,1.0,7.116703e-10,7.954326e-09,-27.521482,2.3063602,0.7687868,0.15200001,0.0,0.15608066,19.650036,19.680037,2105600
hardzero_plus_depr__c0p50__z1p10__lam0p030__nu0p50__psi0p75,hardzero_plus_depr,0.02,34,658,0.0,2,0.09214938,0.09214938,1.0540142,0.0883051,0.0883051,1.0,6.867798e-10,7.777351e-09,-27.493572,2.3188775,0.7729592,0.128,0.0,0.16787572,19.680037,19.710037,2108800
hardzero_plus_depr__c0p50__z1p10__lam0p030__nu0p50__psi0p75,hardzero_plus_depr,0.02,34,659,0.0,2,0.09214938,0.09214938,1.0427408,0.09062732,0.09062732,1.0,6.89158e-10,7.604307e-09,-28.148312,2.2940757,0.76469195,0.16800001,0.0,0.15148623,19.710037,19.740038,2112000
hardzero_plus_depr__c0p50__z1p10__lam0p030__nu0p50__psi0p75,hardzero_plus_depr,0.02,34,660,0.0,2,0.09214938,0.09214938,1.0295527,0.09342161,0.09342161,1.0,6.9460027e-10,7.435114e-09,-26.735146,2.2650611,0.7550204,0.16800001,0.0,0.13415083,19.740038,19.770039,2115200
hardzero_plus_depr__c0p50__z1p10__lam0p030__nu0p50__psi0p75,hardzero_plus_depr,0.02,34,661,0.0,2,0.09214938,0.09214938,1.0021944,0.09949599,0.09949599,1.0,7.233052e-10,7.2696915e-09,-27.02113,2.2048717,0.7349572,0.15200001,0.0,0.12832727,19.770039,19.80004,2118400
hardzero_plus_depr__c0p50__z1p10__lam0p030__nu0p50__psi0p75,hardzero_plus_depr,0.02,34,662,0.0,2,0.09214938,0.09214938,1.0003182,0.09992676,0.09992676,1.0,7.102744e-10,7.10795e-09,-27.125504,2.200744,0.7335813,0.16000001,0.0,0.14366561,19.80004,19.83004,2121600
hardzero_plus_depr__c0p50__z1p10__lam0p030__nu0p50__psi0p75,hardzero_plus_depr,0.02,34,663,0.0,2,0.09214938,0.09214938,0.9730452,0.10640323,0.10640323,1.0,7.3948114e-10,6.9497994e-09,-26.48247,2.140742,0.7135807,0.25,0.0,0.14353676,19.83004,19.86004,2124800
hardzero_plus_depr__c0p50__z1p10__lam0p030__nu0p50__psi0p75,hardzero_plus_depr,0.02,34,664,0.0,2,0.09214938,0.09214938,1.0287126,0.093602486,0.093602486,1.0,6.360447e-10,6.795169e-09,-27.659653,2.263213,0.7544043,0.112,0.0,0.11809611,19.86004,19.890041,2128000
hardzero_plus_depr__c0p50__z1p10__lam0p030__nu0p50__psi0p75,hardzero_plus_depr,0.02,34,665,0.0,2,0.09214938,0.09214938,1.0347809,0.09230369,0.09230369,1.0,6.1326433e-10,6.6439845e-09,-27.238508,2.2765634,0.7588545,0.16000001,0.0,0.16027917,19.890041,19.920042,2131200
hardzero_plus_depr__c0p50__z1p10__lam0p030__nu0p50__psi0p75,hardzero_plus_depr,0.02,34,666,0.0,2,0.09214938,0.09214938,0.9980244,0.10045594,0.10045594,1.0,6.525782e-10,6.4961636e-09,-26.82377,2.1956975,0.7318992,0.18400002,0.008,0.15900864,19.920042,19.950043,2134400
hardzero_plus_depr__c0p50__z1p10__lam0p030__nu0p50__psi0p75,hardzero_plus_depr,0.02,34,667,0.0,2,0.09214938,0.09214938,1.0190613,0.0957059,0.0957059,1.0,6.07888e-10,6.3516254e-09,-26.64487,2.2419796,0.74732655,0.08800001,0.0,0.123700336,19.950043,19.980043,2137600
hardzero_plus_depr__c0p50__z1p10__lam0p030__nu0p50__psi0p75,hardzero_plus_depr,0.02,34,668,0.0,2,0.09214938,0.09214938,0.9501275,0.11216891,0.11216891,1.0,6.966029e-10,6.210303e-09,-26.05989,2.0903223,0.6967741,0.192,0.0,0.15295957,19.980043,20.010044,2140800
hardzero_plus_depr__c0p50__z1p10__lam0p030__nu0p50__psi0p75,hardzero_plus_depr,0.02,34,669,0.0,2,0.09214938,0.09214938,0.9713333,0.10682345,0.10682345,1.0,6.486461e-10,6.0721317e-09,-26.296646,2.136976,0.71232533,0.208,0.008,0.13015613,20.010044,20.040045,2144000
hardzero_plus_depr__c0p50__z1p10__lam0p030__nu0p50__psi0p75,hardzero_plus_depr,0.02,34,670,0.0,2,0.09214938,0.09214938,0.99704486,0.100682765,0.100682765,1.0,5.9775696e-10,5.9370335e-09,-26.446503,2.1935425,0.73118085,0.128,0.0,0.12597221,20.040045,20.070045,2147200
hardzero_plus_depr__c0p50__z1p10__lam0p030__nu0p50__psi0p75,hardzero_plus_depr,0.02,34,671,0.0,2,0.09214938,0.09214938,1.0305468,0.093208,0.093208,1.0,5.410666e-10,5.804937e-09,-27.16327,2.2672482,0.7557494,0.14400001,0.0,0.14500292,20.070045,20.100046,2150400
hardzero_plus_depr__c0p50__z1p10__lam0p030__nu0p50__psi0p75,hardzero_plus_depr,0.02,34,672,0.0,2,0.09214938,0.09214938,1.0209255,0.095295966,0.095295966,1.0,5.408788e-10,5.6757785e-09,-27.369781,2.246081,0.7486937,0.128,0.0,0.16897933,20.100046,20.130047,2153600
hardzero_plus_depr__c0p50__z1p10__lam0p030__nu0p50__psi0p75,hardzero_plus_depr,0.02,34,673,0.0,2,0.09214938,0.09214938,0.9987239,0.100294255,0.100294255,1.0,5.5658295e-10,5.5494995e-09,-27.365602,2.1972365,0.7324122,0.16000001,0.0,0.14601363,20.130047,20.160048,2156800
hardzero_plus_depr__c0p50__z1p10__lam0p030__nu0p50__psi0p75,hardzero_plus_depr,0.02,34,674,0.0,2,0.09214938,0.09214938,0.98937863,0.1024758,0.1024758,1.0,5.560367e-10,5.4260294e-09,-27.054485,2.1766765,0.7255589,0.16000001,0.008,0.14577484,20.160048,20.190048,2160000
hardzero_plus_depr__c0p50__z1p10__lam0p030__nu0p50__psi0p75,hardzero_plus_depr,0.02,34,675,0.0,2,0.09214938,0.09214938,1.011646,0.09735404,0.09735404,1.0,5.164925e-10,5.3053015e-09,-26.740635,2.2256658,0.74188864,0.128,0.0,0.1434039,20.190048,20.220049,2163200
hardzero_plus_depr__c0p50__z1p10__lam0p030__nu0p50__psi0p75,hardzero_plus_depr,0.02,34,676,0.0,2,0.09214938,0.09214938,0.9958763,0.10095404,0.10095404,1.0,5.236749e-10,5.1872604e-09,-26.55686,2.1909716,0.7303239,0.14,0.0,0.12231949,20.220049,20.25005,2166400
hardzero_plus_depr__c0p50__z1p10__lam0p030__nu0p50__psi0p75,hardzero_plus_depr,0.02,34,677,0.0,2,0.09214938,0.09214938,0.99728,0.100628264,0.100628264,1.0,5.1037147e-10,5.07185e-09,-26.373075,2.1940598,0.7313533,0.17600001,0.0,0.13933843,20.25005,20.28005,2169600
hardzero_plus_depr__c0p50__z1p10__lam0p030__nu0p50__psi0p75,hardzero_plus_depr,0.02,34,678,0.0,2,0.09214938,0.09214938,1.0117733,0.0973255,0.0973255,1.0,4.826379e-10,4.9590074e-09,-27.903612,2.2259457,0.7419819,0.16000001,0.0,0.1697348,20.28005,20.310051,2172800
hardzero_plus_depr__c0p50__z1p10__lam0p030__nu0p50__psi0p75,hardzero_plus_depr,0.02,34,679,0.0,2,0.09214938,0.09214938,0.9794216,0.10485241,0.10485241,1.0,5.083948e-10,4.848671e-09,-25.857876,2.1547706,0.7182569,0.17600001,0.0,0.13863331,20.310051,20.340052,2176000
hardzero_plus_depr__c0p50__z1p10__lam0p030__nu0p50__psi0p75,hardzero_plus_depr,0.02,34,680,0.0,2,0.09214938,0.09214938,1.0036612,0.09916054,0.09916054,1.0,4.700992e-10,4.740789e-09,-27.331356,2.2080986,0.7360329,0.120000005,0.0,0.15966919,20.340052,20.370052,2179200
hardzero_plus_depr__c0p50__z1p10__lam0p030__nu0p50__psi0p75,hardzero_plus_depr,0.02,34,681,0.0,2,0.09214938,0.09214938,1.0024192,0.0994445,0.0994445,1.0,4.609563e-10,4.635312e-09,-26.948345,2.2053664,0.73512214,0.15200001,0.0,0.14069612,20.370052,20.400053,2182400
hardzero_plus_depr__c0p50__z1p10__lam0p030__nu0p50__psi0p75,hardzero_plus_depr,0.02,34,682,0.0,2,0.09214938,0.09214938,1.0260478,0.09417859,0.09417859,1.0,4.2683448e-10,4.5321817e-09,-27.129267,2.2573502,0.7524501,0.16000001,0.0,0.13955468,20.400053,20.430054,2185600
hardzero_plus_depr__c0p50__z1p10__lam0p030__nu0p50__psi0p75,hardzero_plus_depr,0.02,34,683,0.0,2,0.09214938,0.09214938,1.0335721,0.092560984,0.092560984,1.0,4.1016937e-10,4.431342e-09,-26.952435,2.273904,0.75796807,0.17600001,0.0,0.1719075,20.430054,20.460054,2188800
hardzero_plus_depr__c0p50__z1p10__lam0p030__nu0p50__psi0p75,hardzero_plus_depr,0.02,34,684,0.0,2,0.09214938,0.09214938,0.9386322,0.11517752,0.11517752,1.0,4.99035e-10,4.332746e-09,-25.38163,2.065032,0.688344,0.216,0.0,0.14503475,20.460054,20.490055,2192000
hardzero_plus_depr__c0p50__z1p10__lam0p030__nu0p50__psi0p75,hardzero_plus_depr,0.02,34,685,0.0,2,0.09214938,0.09214938,1.0077041,0.09824169,0.09824169,1.0,4.1618595e-10,4.2363477e-09,-27.330193,2.2169933,0.7389978,0.24000001,0.0,0.14761376,20.490055,20.520056,2195200
hardzero_plus_depr__c0p50__z1p10__lam0p030__nu0p50__psi0p75,hardzero_plus_depr,0.02,34,686,0.0,2,0.09214938,0.09214938,1.0020646,0.09952574,0.09952574,1.0,4.12245e-10,4.1420942e-09,-26.646137,2.204586,0.734862,0.16800001,0.0,0.13079014,20.520056,20.550056,2198400
hardzero_plus_depr__c0p50__z1p10__lam0p030__nu0p50__psi0p75,hardzero_plus_depr,0.02,34,687,0.0,2,0.09214938,0.09214938,0.9394177,0.1149694,0.1149694,1.0,4.656184e-10,4.0499333e-09,-25.513514,2.0667603,0.68892014,0.192,0.0,0.11580849,20.550056,20.580057,2201600
hardzero_plus_depr__c0p50__z1p10__lam0p030__nu0p50__psi0p75,hardzero_plus_depr,0.02,34,688,0.0,2,0.09214938,0.09214938,1.0584595,0.08740584,0.08740584,1.0,3.461117e-10,3.9598236e-09,-27.599344,2.3286574,0.7762191,0.104,0.0,0.14556547,20.580057,20.610058,2204800
hardzero_plus_depr__c0p50__z1p10__lam0p030__nu0p50__psi0p75,hardzero_plus_depr,0.02,34,689,0.0,2,0.09214938,0.09214938,1.0256495,0.094264984,0.094264984,1.0,3.649678e-10,3.871722e-09,-27.01062,2.256474,0.75215805,0.14999999,0.0,0.15239044,20.610058,20.640059,2208000
hardzero_plus_depr__c0p50__z1p10__lam0p030__nu0p50__psi0p75,hardzero_plus_depr,0.02,34,690,0.0,2,0.09214938,0.09214938,0.9475841,0.11282773,0.11282773,1.0,4.2711848e-10,3.7855807e-09,-25.342823,2.0847266,0.69490886,0.136,0.0,0.12920657,20.640059,20.67006,2211200
hardzero_plus_depr__c0p50__z1p10__lam0p030__nu0p50__psi0p75,hardzero_plus_depr,0.02,34,691,0.0,2,0.09214938,0.09214938,0.9714174,0.10680277,0.10680277,1.0,3.9531478e-10,3.7013532e-09,-25.143517,2.137161,0.712387,0.128,0.0,0.1478942,20.67006,20.70006,2214400
hardzero_plus_depr__c0p50__z1p10__lam0p030__nu0p50__psi0p75,hardzero_plus_depr,0.02,34,692,0.0,2,0.09214938,0.09214938,1.053324,0.08844556,0.08844556,1.0,3.2008435e-10,3.6189987e-09,-27.592701,2.317359,0.772453,0.096,0.0,0.16905268,20.70006,20.73006,2217600
hardzero_plus_depr__c0p50__z1p10__lam0p030__nu0p50__psi0p75,hardzero_plus_depr,0.02,34,693,0.0,2,0.09214938,0.09214938,1.035686,0.092111535,0.092111535,1.0,3.2593486e-10,3.5384804e-09,-27.791323,2.2785547,0.75951827,0.16800001,0.0,0.164031,20.73006,20.760061,2220800
hardzero_plus_depr__c0p50__z1p10__lam0p030__nu0p50__psi0p75,hardzero_plus_depr,0.02,34,694,0.0,2,0.09214938,0.09214938,0.95097786,0.11194949,0.11194949,1.0,3.8731765e-10,3.4597536e-09,-25.520803,2.0921931,0.6973977,0.15200001,0.0,0.14896953,20.760061,20.790062,2224000
hardzero_plus_depr__c0p50__z1p10__lam0p030__nu0p50__psi0p75,hardzero_plus_depr,0.02,34,695,0.0,2,0.09214938,0.09214938,1.0333027,0.092618406,0.092618406,1.0,3.1330724e-10,3.3827752e-09,-27.200876,2.2733114,0.7577705,0.112,0.0,0.1430037,20.790062,20.820063,2227200
hardzero_plus_depr__c0p50__z1p10__lam0p030__nu0p50__psi0p75,hardzero_plus_depr,0.02,34,696,0.0,2,0.09214938,0.09214938,1.0425439,0.090668425,0.090668425,1.0,2.9988662e-10,3.307509e-09,-28.196152,2.2936423,0.76454747,0.17600001,0.0,0.14596154,20.820063,20.850063,2230400
hardzero_plus_depr__c0p50__z1p10__lam0p030__nu0p50__psi0p75,hardzero_plus_depr,0.02,34,697,0.0,2,0.09214938,0.09214938,0.9560486,0.11064998,0.11064998,1.0,3.578333e-10,3.233921e-09,-26.12404,2.103349,0.7011163,0.208,0.0,0.124382734,20.850063,20.880064,2233600
hardzero_plus_depr__c0p50__z1p10__lam0p030__nu0p50__psi0p75,hardzero_plus_depr,0.02,34,698,0.0,2,0.09214938,0.09214938,0.9957547,0.10098231,0.10098231,1.0,3.1930303e-10,3.16197e-09,-26.429132,2.190704,0.73023474,0.136,0.0,0.13412367,20.880064,20.910065,2236800
hardzero_plus_depr__c0p50__z1p10__lam0p030__nu0p50__psi0p75,hardzero_plus_depr,0.02,34,699,0.0,2,0.09214938,0.09214938,1.0217841,0.09510775,0.09510775,1.0,2.940367e-10,3.0916167e-09,-27.906847,2.2479699,0.7493233,0.16000001,0.0,0.13644527,20.910065,20.940065,2240000
hardzero_plus_depr__c0p50__z1p10__lam0p030__nu0p50__psi0p75,hardzero_plus_depr,0.02,34,700,0.0,2,0.09214938,0.09214938,1.038117,0.09159735,0.09159735,1.0,2.7688318e-10,3.0228295e-09,-27.555973,2.2839031,0.76130104,0.192,0.0,0.15150641,20.940065,20.970066,2243200
hardzero_plus_depr__c0p50__z1p10__lam0p030__nu0p50__psi0p75,hardzero_plus_depr,0.02,34,701,0.0,2,0.09214938,0.09214938,1.050198,0.089084476,0.089084476,1.0,2.6329586e-10,2.9555751e-09,-28.234652,2.3104815,0.77016056,0.15200001,0.0,0.16192737,20.970066,21.000067,2246400
hardzero_plus_depr__c0p50__z1p10__lam0p030__nu0p50__psi0p75,hardzero_plus_depr,0.02,34,702,0.0,2,0.09214938,0.09214938,1.0070502,0.09838973,0.09838973,1.0,2.8432834e-10,2.8898173e-09,-26.325293,2.2155547,0.73851824,0.19,0.0,0.1330481,21.000067,21.030067,2249600
hardzero_plus_depr__c0p50__z1p10__lam0p030__nu0p50__psi0p75,hardzero_plus_depr,0.02,34,703,0.0,2,0.09214938,0.09214938,1.0112185,0.097449906,0.097449906,1.0,2.753466e-10,2.8255194e-09,-26.624813,2.2247252,0.7415751,0.16000001,0.0,0.14254285,21.030067,21.060068,2252800
hardzero_plus_depr__c0p50__z1p10__lam0p030__nu0p50__psi0p75,hardzero_plus_depr,0.02,34,704,0.0,2,0.09214938,0.09214938,0.9768342,0.105478965,0.105478965,1.0,2.9140174e-10,2.7626526e-09,-27.031586,2.1490781,0.7163594,0.24000001,0.016,0.15996283,21.060068,21.090069,2256000
hardzero_plus_depr__c0p50__z1p10__lam0p030__nu0p50__psi0p75,hardzero_plus_depr,0.02,34,705,0.0,2,0.09214938,0.09214938,0.9949608,0.10116707,0.10116707,1.0,2.732711e-10,2.7011864e-09,-26.885532,2.1889575,0.7296525,0.192,0.0,0.12985454,21.090069,21.12007,2259200
hardzero_plus_depr__c0p50__z1p10__lam0p030__nu0p50__psi0p75,hardzero_plus_depr,0.02,34,706,0.0,2,0.09214938,0.09214938,0.9867122,0.10310691,0.10310691,1.0,2.7231448e-10,2.6410885e-09,-27.196156,2.1708102,0.7236034,0.17600001,0.0,0.14984603,21.12007,21.15007,2262400
hardzero_plus_depr__c0p50__z1p10__lam0p030__nu0p50__psi0p75,hardzero_plus_depr,0.02,34,707,0.0,2,0.09214938,0.09214938,0.95336086,0.11133691,0.11133691,1.0,2.8750807e-10,2.582325e-09,-25.73425,2.0974357,0.69914526,0.24800001,0.0,0.13867038,21.15007,21.18007,2265600
hardzero_plus_depr__c0p50__z1p10__lam0p030__nu0p50__psi0p75,hardzero_plus_depr,0.02,34,708,0.0,2,0.09214938,0.09214938,1.0160307,0.0963761,0.0963761,1.0,2.4333702e-10,2.524869e-09,-26.644203,2.235312,0.745104,0.15200001,0.0,0.13841966,21.18007,21.210072,2268800
hardzero_plus_depr__c0p50__z1p10__lam0p030__nu0p50__psi0p75,hardzero_plus_depr,0.02,34,709,0.0,2,0.09214938,0.09214938,0.962714,0.10896473,0.10896473,1.0,2.6900054e-10,2.4686937e-09,-25.641668,2.1180131,0.7060044,0.18400002,0.0,0.12840945,21.210072,21.240072,2272000
hardzero_plus_depr__c0p50__z1p10__lam0p030__nu0p50__psi0p75,hardzero_plus_depr,0.02,34,710,0.0,2,0.09214938,0.09214938,0.99721706,0.100642845,0.100642845,1.0,2.429285e-10,2.4137683e-09,-27.154667,2.1939213,0.73130715,0.16800001,0.0,0.14907779,21.240072,21.270073,2275200
hardzero_plus_depr__c0p50__z1p10__lam0p030__nu0p50__psi0p75,hardzero_plus_depr,0.02,34,711,0.0,2,0.09214938,0.09214938,0.960479,0.10952693,0.10952693,1.0,2.5849042e-10,2.3600626e-09,-25.583132,2.113096,0.7043654,0.16000001,0.0,0.11806297,21.270073,21.300074,2278400
hardzero_plus_depr__c0p50__z1p10__lam0p030__nu0p50__psi0p75,hardzero_plus_depr,0.02,34,712,0.0,2,0.09214938,0.09214938,0.96573615,0.1082091,0.1082091,1.0,2.496981e-10,2.3075517e-09,-26.179749,2.124662,0.70822066,0.128,0.0,0.14930606,21.300074,21.330074,2281600
hardzero_plus_depr__c0p50__z1p10__lam0p030__nu0p50__psi0p75,hardzero_plus_depr,0.02,34,713,0.0,2,0.09214938,0.09214938,1.0529473,0.08852231,0.08852231,1.0,1.9972504e-10,2.2562114e-09,-28.728687,2.3165302,0.77217674,0.08800001,0.0,0.17483905,21.330074,21.360075,2284800
hardzero_plus_depr__c0p50__z1p10__lam0p030__nu0p50__psi0p75,hardzero_plus_depr,0.02,34,714,0.0,2,0.09214938,0.09214938,1.0024943,0.0994273,0.0994273,1.0,2.1933795e-10,2.2060134e-09,-26.994484,2.2055316,0.7351772,0.192,0.0,0.14897086,21.360075,21.390076,2288000
hardzero_plus_depr__c0p50__z1p10__lam0p030__nu0p50__psi0p75,hardzero_plus_depr,0.02,34,715,0.0,2,0.09214938,0.09214938,0.9961469,0.10089115,0.10089115,1.0,2.1761519e-10,2.1569304e-09,-27.15207,2.191567,0.73052233,0.12,0.0,0.14089432,21.390076,21.420076,2291200
hardzero_plus_depr__c0p50__z1p10__lam0p030__nu0p50__psi0p75,hardzero_plus_depr,0.02,34,716,0.0,2,0.09214938,0.09214938,0.94482625,0.1135465,0.1135465,1.0,2.3946264e-10,2.108939e-09,-25.96166,2.0786593,0.6928865,0.17600001,0.0,0.13387607,21.420076,21.450077,2294400
hardzero_plus_depr__c0p50__z1p10__lam0p030__nu0p50__psi0p75,hardzero_plus_depr,0.02,34,717,0.0,2,0.09214938,0.09214938,1.0722747,0.08466917,0.08466917,1.0,1.745892e-10,2.0620161e-09,-28.64325,2.3590515,0.7863505,0.224,0.0,0.15243673,21.450077,21.480078,2297600
hardzero_plus_depr__c0p50__z1p10__lam0p030__nu0p50__psi0p75,hardzero_plus_depr,0.02,34,718,0.0,2,0.09214938,0.09214938,0.9736234,0.10626165,0.10626165,1.0,2.142384e-10,2.0161404e-09,-26.058825,2.1420143,0.71400476,0.208,0.0,0.15931678,21.480078,21.510078,2300800
hardzero_plus_depr__c0p50__z1p10__lam0p030__nu0p50__psi0p75,hardzero_plus_depr,0.02,34,719,0.0,2,0.09214938,0.09214938,1.0442078,0.090321705,0.090321705,1.0,1.7804952e-10,1.9712816e-09,-28.014494,2.297303,0.7657677,0.14400001,0.0,0.15120062,21.510078,21.54008,2304000
hardzero_plus_depr__c0p50__z1p10__lam0p030__nu0p50__psi0p75,hardzero_plus_depr,0.02,34,720,0.0,2,0.09214938,0.09214938,1.0485669,0.08941967,0.08941967,1.0,1.7234938e-10,1.9274213e-09,-27.754236,2.3068933,0.76896447,0.14400001,0.0,0.14053248,21.54008,21.57008,2307200
hardzero_plus_depr__c0p50__z1p10__lam0p030__nu0p50__psi0p75,hardzero_plus_depr,0.02,34,721,0.0,2,0.09214938,0.09214938,1.0231596,0.09480698,0.09480698,1.0,1.7866757e-10,1.8845403e-09,-27.27223,2.250996,0.75033206,0.120000005,0.0,0.16071798,21.57008,21.60008,2310400
hardzero_plus_depr__c0p50__z1p10__lam0p030__nu0p50__psi0p75,hardzero_plus_depr,0.02,34,722,0.0,2,0.09214938,0.09214938,1.0079834,0.09817853,0.09817853,1.0,1.8090472e-10,1.8426098e-09,-26.93864,2.2176077,0.7392026,0.16800001,0.0,0.16798048,21.60008,21.630081,2313600
hardzero_plus_depr__c0p50__z1p10__lam0p030__nu0p50__psi0p75,hardzero_plus_depr,0.02,34,723,0.0,2,0.09214938,0.09214938,1.0380224,0.091617316,0.091617316,1.0,1.6505887e-10,1.8016122e-09,-27.392494,2.283695,0.76123166,0.16800001,0.0,0.16708755,21.630081,21.660082,2316800
hardzero_plus_depr__c0p50__z1p10__lam0p030__nu0p50__psi0p75,hardzero_plus_depr,0.02,34,724,0.0,2,0.09214938,0.09214938,0.9909661,0.10210191,0.10210191,1.0,1.7985526e-10,1.7615269e-09,-27.137655,2.1801689,0.72672296,0.16800001,0.0,0.13883054,21.660082,21.690083,2320000
hardzero_plus_depr__c0p50__z1p10__lam0p030__nu0p50__psi0p75,hardzero_plus_depr,0.02,34,725,0.0,2,0.09214938,0.09214938,1.0019482,0.09955239,0.09955239,1.0,1.714624e-10,1.7223333e-09,-26.989162,2.2043302,0.73477674,0.16800001,0.0,0.12163717,21.690083,21.720083,2323200
hardzero_plus_depr__c0p50__z1p10__lam0p030__nu0p50__psi0p75,hardzero_plus_depr,0.02,34,726,0.0,2,0.09214938,0.09214938,1.0293313,0.09346924,0.09346924,1.0,1.5740359e-10,1.6840149e-09,-27.514235,2.264574,0.754858,0.128,0.0,0.17539856,21.720083,21.750084,2326400
hardzero_plus_depr__c0p50__z1p10__lam0p030__nu0p50__psi0p75,hardzero_plus_depr,0.02,34,727,0.0,2,0.09214938,0.09214938,0.997891,0.100486785,0.100486785,1.0,1.6545613e-10,1.6465462e-09,-26.3294,2.195404,0.7318014,0.16000001,0.0,0.14248236,21.750084,21.780085,2329600
hardzero_plus_depr__c0p50__z1p10__lam0p030__nu0p50__psi0p75,hardzero_plus_depr,0.02,34,728,0.0,2,0.09214938,0.09214938,1.0328368,0.09271783,0.09271783,1.0,1.4926745e-10,1.609911e-09,-27.207766,2.2722864,0.7574288,0.12,0.0,0.15027046,21.780085,21.810085,2332800
hardzero_plus_depr__c0p50__z1p10__lam0p030__nu0p50__psi0p75,hardzero_plus_depr,0.02,34,729,0.0,2,0.09214938,0.09214938,1.0662925,0.08584351,0.08584351,1.0,1.3512576e-10,1.574094e-09,-28.394585,2.3458903,0.78196347,0.15200001,0.0,0.1386911,21.810085,21.840086,2336000
hardzero_plus_depr__c0p50__z1p10__lam0p030__nu0p50__psi0p75,hardzero_plus_depr,0.02,34,730,0.0,2,0.09214938,0.09214938,0.99503773,0.10114915,0.10114915,1.0,1.556757e-10,1.5390708e-09,-26.843615,2.1891267,0.7297089,0.216,0.0,0.13910326,21.840086,21.870087,2339200
hardzero_plus_depr__c0p50__z1p10__lam0p030__nu0p50__psi0p75,hardzero_plus_depr,0.02,34,731,0.0,2,0.09214938,0.09214938,0.97349596,0.10629284,0.10629284,1.0,1.599523e-10,1.5048267e-09,-26.025215,2.141734,0.7139113,0.17600001,0.0,0.12645432,21.870087,21.900087,2342400
hardzero_plus_depr__c0p50__z1p10__lam0p030__nu0p50__psi0p75,hardzero_plus_depr,0.02,34,732,0.0,2,0.09214938,0.09214938,0.96112686,0.10936369,0.10936369,1.0,1.609117e-10,1.4713448e-09,-26.18867,2.1145213,0.7048404,0.18400002,0.0,0.13671823,21.900087,21.930088,2345600
hardzero_plus_depr__c0p50__z1p10__lam0p030__nu0p50__psi0p75,hardzero_plus_depr,0.02,34,733,0.0,2,0.09214938,0.09214938,1.0454143,0.09007114,0.09007114,1.0,1.2957703e-10,1.4386077e-09,-27.42008,2.2999575,0.7666525,0.15200001,0.0,0.20086306,21.930088,21.960089,2348800
hardzero_plus_depr__c0p50__z1p10__lam0p030__nu0p50__psi0p75,hardzero_plus_depr,0.02,34,734,0.0,2,0.09214938,0.09214938,0.9601101,0.10962002,0.10962002,1.0,1.5419171e-10,1.4066018e-09,-25.855522,2.1122844,0.7040948,0.17600001,0.0,0.11120189,21.960089,21.99009,2352000
hardzero_plus_depr__c0p50__z1p10__lam0p030__nu0p50__psi0p75,hardzero_plus_depr,0.02,34,735,0.0,2,0.09214938,0.09214938,1.0292243,0.093492255,0.093492255,1.0,1.285804e-10,1.3753053e-09,-27.645699,2.2643387,0.7547796,0.192,0.0,0.13193196,21.99009,22.02009,2355200
hardzero_plus_depr__c0p50__z1p10__lam0p030__nu0p50__psi0p75,hardzero_plus_depr,0.02,34,736,0.0,2,0.09214938,0.09214938,1.0160717,0.096366994,0.096366994,1.0,1.295852e-10,1.3447052e-09,-27.712748,2.2354023,0.7451341,0.15200001,0.0,0.14742857,22.02009,22.05009,2358400
hardzero_plus_depr__c0p50__z1p10__lam0p030__nu0p50__psi0p75,hardzero_plus_depr,0.02,34,737,0.0,2,0.09214938,0.09214938,0.968412,0.10754445,0.10754445,1.0,1.4139818e-10,1.3147883e-09,-26.742525,2.130549,0.710183,0.192,0.0,0.14365269,22.05009,22.080091,2361600
hardzero_plus_depr__c0p50__z1p10__lam0p030__nu0p50__psi0p75,hardzero_plus_depr,0.02,34,738,0.0,2,0.09214938,0.09214938,1.0276065,0.09384119,0.09384119,1.0,1.206361e-10,1.2855347e-09,-27.396786,2.2607794,0.75359315,0.14400001,0.0,0.11774164,22.080091,22.110092,2364800
hardzero_plus_depr__c0p50__z1p10__lam0p030__nu0p50__psi0p75,hardzero_plus_depr,0.02,34,739,0.0,2,0.09214938,0.09214938,1.0789114,0.08338512,0.08338512,1.0,1.0480941e-10,1.2569319e-09,-28.36391,2.3736525,0.7912175,0.112,0.0,0.18007062,22.110092,22.140093,2368000
hardzero_plus_depr__c0p50__z1p10__lam0p030__nu0p50__psi0p75,hardzero_plus_depr,0.02,34,740,0.0,2,0.09214938,0.09214938,0.9950837,0.10113844,0.10113844,1.0,1.2429564e-10,1.2289654e-09,-27.077005,2.1892278,0.72974265,0.18400002,0.0,0.16155069,22.140093,22.170094,2371200
hardzero_plus_depr__c0p50__z1p10__lam0p030__nu0p50__psi0p75,hardzero_plus_depr,0.02,34,741,0.0,2,0.09214938,0.09214938,1.0056317,0.09871163,0.09871163,1.0,1.1861401e-10,1.2016214e-09,-26.542997,2.2124338,0.73747796,0.14,0.0,0.1312521,22.170094,22.200094,2374400
hardzero_plus_depr__c0p50__z1p10__lam0p030__nu0p50__psi0p75,hardzero_plus_depr,0.02,34,742,0.0,2,0.09214938,0.09214938,1.0007643,0.099824175,0.099824175,1.0,1.172822e-10,1.1748877e-09,-26.59982,2.2017252,0.7339084,0.18400002,0.0,0.13633977,22.200094,22.230095,2377600
hardzero_plus_depr__c0p50__z1p10__lam0p030__nu0p50__psi0p75,hardzero_plus_depr,0.02,34,743,0.0,2,0.09214938,0.09214938,0.98527557,0.10344856,0.10344856,1.0,1.1883622e-10,1.1487469e-09,-26.965647,2.1676495,0.72254986,0.136,0.0,0.120233096,22.230095,22.260096,2380800
hardzero_plus_depr__c0p50__z1p10__lam0p030__nu0p50__psi0p75,hardzero_plus_depr,0.02,34,744,0.0,2,0.09214938,0.09214938,0.99849343,0.1003475,0.1003475,1.0,1.1270906e-10,1.1231875e-09,-27.137943,2.1967294,0.7322432,0.2,0.0,0.14494619,22.260096,22.290096,2384000
hardzero_plus_depr__c0p50__z1p10__lam0p030__nu0p50__psi0p75,hardzero_plus_depr,0.02,34,745,0.0,2,0.09214938,0.09214938,0.9502182,0.11214548,0.11214548,1.0,1.2315805e-10,1.098199e-09,-25.680393,2.0905218,0.69684064,0.23200001,0.0,0.13321912,22.290096,22.320097,2387200
hardzero_plus_depr__c0p50__z1p10__lam0p030__nu0p50__psi0p75,hardzero_plus_depr,0.02,34,746,0.0,2,0.09214938,0.09214938,1.0580733,0.08748361,0.08748361,1.0,9.393678e-11,1.0737644e-09,-28.297926,2.3278077,0.7759359,0.15200001,0.0,0.17679499,22.320097,22.350098,2390400
hardzero_plus_depr__c0p50__z1p10__lam0p030__nu0p50__psi0p75,hardzero_plus_depr,0.02,34,747,0.0,2,0.09214938,0.09214938,1.0591604,0.08726491,0.08726491,1.0,9.161711e-11,1.0498734e-09,-27.870213,2.3301992,0.7767331,0.14400001,0.0,0.15568452,22.350098,22.380098,2393600
hardzero_plus_depr__c0p50__z1p10__lam0p030__nu0p50__psi0p75,hardzero_plus_depr,0.02,34,748,0.0,2,0.09214938,0.09214938,1.0206163,0.095363826,0.095363826,1.0,9.78923e-11,1.026514e-09,-26.950924,2.2454007,0.7484669,0.15200001,0.0,0.13842393,22.380098,22.410099,2396800
hardzero_plus_depr__c0p50__z1p10__lam0p030__nu0p50__psi0p75,hardzero_plus_depr,0.02,34,749,0.0,2,0.09214938,0.09214938,1.0404329,0.09111021,0.09111021,1.0,9.144498e-11,1.0036744e-09,-27.895908,2.2889981,0.7629994,0.120000005,0.0,0.16554205,22.410099,22.4401,2400000
hardzero_plus_depr__c0p50__z1p10__lam0p030__nu0p50__psi0p75,hardzero_plus_depr,0.02,34,750,0.0,2,0.09214938,0.09214938,1.0082413,0.098120265,0.098120265,1.0,9.6289796e-11,9.813447e-10,-27.278421,2.2181752,0.73939174,0.15200001,0.0,0.13846025,22.4401,22.4701,2403200
hardzero_plus_depr__c0p50__z1p10__lam0p030__nu0p50__psi0p75,hardzero_plus_depr,0.02,34,751,0.0,2,0.09214938,0.09214938,1.0264807,0.094084755,0.094084755,1.0,9.0275266e-11,9.5951e-10,-27.109722,2.2583027,0.75276756,0.104,0.0,0.1343778,22.4701,22.500101,2406400
hardzero_plus_depr__c0p50__z1p10__lam0p030__nu0p50__psi0p75,hardzero_plus_depr,0.02,34,752,0.0,2,0.09214938,0.09214938,0.98393047,0.103769444,0.103769444,1.0,9.7352466e-11,9.381612e-10,-25.25005,2.1646903,0.72156346,0.16000001,0.0,0.10948588,22.500101,22.530102,2409600
hardzero_plus_depr__c0p50__z1p10__lam0p030__nu0p50__psi0p75,hardzero_plus_depr,0.02,34,753,0.0,2,0.09214938,0.09214938,1.0252298,0.09435614,0.09435614,1.0,8.655187e-11,9.172892e-10,-27.237516,2.2555506,0.75185025,0.24000001,0.0,0.14886712,22.530102,22.560102,2412800
hardzero_plus_depr__c0p50__z1p10__lam0p030__nu0p50__psi0p75,hardzero_plus_depr,0.02,34,754,0.0,2,0.09214938,0.09214938,0.9667882,0.1079473,0.1079473,1.0,9.6815736e-11,8.968797e-10,-25.594536,2.1269765,0.7089922,0.17,0.0,0.1293545,22.560102,22.590103,2416000
hardzero_plus_depr__c0p50__z1p10__lam0p030__nu0p50__psi0p75,hardzero_plus_depr,0.02,34,755,0.0,2,0.09214938,0.09214938,1.0002679,0.09993833,0.09993833,1.0,8.763836e-11,8.769244e-10,-27.185242,2.2006333,0.73354447,0.136,0.0,0.14306943,22.590103,22.620104,2419200
hardzero_plus_depr__c0p50__z1p10__lam0p030__nu0p50__psi0p75,hardzero_plus_depr,0.02,34,756,0.0,2,0.09214938,0.09214938,0.944855,0.11353897,0.11353897,1.0,9.7349795e-11,8.5741303e-10,-26.022736,2.0787225,0.6929075,0.17600001,0.008,0.124817714,22.620104,22.650105,2422400
hardzero_plus_depr__c0p50__z1p10__lam0p030__nu0p50__psi0p75,hardzero_plus_depr,0.02,34,757,0.0,2,0.09214938,0.09214938,1.0061146,0.09860193,0.09860193,1.0,8.266153e-11,8.3833585e-10,-26.588795,2.2134964,0.7378322,0.2,0.0,0.1453103,22.650105,22.680105,2425600
hardzero_plus_depr__c0p50__z1p10__lam0p030__nu0p50__psi0p75,hardzero_plus_depr,0.02,34,758,0.0,2,0.09214938,0.09214938,1.0025716,0.09940961,0.09940961,1.0,8.1484534e-11,8.1968465e-10,-26.448412,2.2057016,0.7352339,0.192,0.0,0.13643922,22.680105,22.710106,2428800
hardzero_plus_depr__c0p50__z1p10__lam0p030__nu0p50__psi0p75,hardzero_plus_depr,0.02,34,759,0.0,2,0.09214938,0.09214938,1.0409384,0.09100424,0.09100424,1.0,7.293506e-11,8.0144685e-10,-28.083244,2.29011,0.76337004,0.15200001,0.0,0.16076872,22.710106,22.740107,2432000
hardzero_plus_depr__c0p50__z1p10__lam0p030__nu0p50__psi0p75,hardzero_plus_depr,0.02,34,760,0.0,2,0.09214938,0.09214938,1.0157219,0.09644464,0.09644464,1.0,7.557546e-11,7.8361495e-10,-28.177614,2.234633,0.7448777,0.16000001,0.0,0.14569515,22.740107,22.770107,2435200
hardzero_plus_depr__c0p50__z1p10__lam0p030__nu0p50__psi0p75,hardzero_plus_depr,0.02,34,761,0.0,2,0.09214938,0.09214938,1.0188705,0.09574796,0.09574796,1.0,7.336028e-11,7.661811e-10,-27.941513,2.2415597,0.7471866,0.14400001,0.0,0.13467465,22.770107,22.800108,2438400
hardzero_plus_depr__c0p50__z1p10__lam0p030__nu0p50__psi0p75,hardzero_plus_depr,0.02,34,762,0.0,2,0.09214938,0.09214938,0.9682578,0.107582636,0.107582636,1.0,8.059379e-11,7.491338e-10,-26.087221,2.1302097,0.7100699,0.18400002,0.0,0.13174568,22.800108,22.830109,2441600
hardzero_plus_depr__c0p50__z1p10__lam0p030__nu0p50__psi0p75,hardzero_plus_depr,0.02,34,763,0.0,2,0.09214938,0.09214938,1.0015548,0.09964263,0.09964263,1.0,7.298482e-11,7.324658e-10,-27.624342,2.2034647,0.73448825,0.16000001,0.0,0.16329914,22.830109,22.86011,2444800
hardzero_plus_depr__c0p50__z1p10__lam0p030__nu0p50__psi0p75,hardzero_plus_depr,0.02,34,764,0.0,2,0.09214938,0.09214938,0.98982936,0.1023695,0.1023695,1.0,7.331382e-11,7.1616857e-10,-26.43425,2.177668,0.7258894,0.2,0.0,0.1371796,22.86011,22.89011,2448000
hardzero_plus_depr__c0p50__z1p10__lam0p030__nu0p50__psi0p75,hardzero_plus_depr,0.02,34,765,0.0,2,0.09214938,0.09214938,1.0338445,0.09250294,0.09250294,1.0,6.477371e-11,7.0023404e-10,-27.744076,2.2745032,0.75816774,0.14400001,0.0,0.16871859,22.89011,22.92011,2451200
hardzero_plus_depr__c0p50__z1p10__lam0p030__nu0p50__psi0p75,hardzero_plus_depr,0.02,34,766,0.0,2,0.09214938,0.09214938,0.9975771,0.10055946,0.10055946,1.0,6.884857e-11,6.846554e-10,-26.59772,2.1947134,0.73157114,0.18400002,0.0,0.13965814,22.92011,22.950111,2454400
hardzero_plus_depr__c0p50__z1p10__lam0p030__nu0p50__psi0p75,hardzero_plus_depr,0.02,34,767,0.0,2,0.09214938,0.09214938,1.0131487,0.097017795,0.097017795,1.0,6.494584e-11,6.6942196e-10,-26.888603,2.2289715,0.7429905,0.12,0.0,0.1635283,22.950111,22.980112,2457600
hardzero_plus_depr__c0p50__z1p10__lam0p030__nu0p50__psi0p75,hardzero_plus_depr,0.02,34,768,0.0,2,0.09214938,0.09214938,0.97092736,0.106923364,0.106923364,1.0,6.9984275e-11,6.5452743e-10,-26.544735,2.136083,0.71202767,0.16800001,0.0,0.14320017,22.980112,23.010113,2460800
hardzero_plus_depr__c0p50__z1p10__lam0p030__nu0p50__psi0p75,hardzero_plus_depr,0.02,34,769,0.0,2,0.09214938,0.09214938,0.98278075,0.10404452,0.10404452,1.0,6.658491e-11,6.399656e-10,-27.00559,2.1621609,0.7207203,0.128,0.0,0.14979942,23.010113,23.040113,2464000
hardzero_plus_depr__c0p50__z1p10__lam0p030__nu0p50__psi0p75,hardzero_plus_depr,0.02,34,770,0.0,2,0.09214938,0.09214938,0.9544808,0.111050144,0.111050144,1.0,6.948703e-11,6.257266e-10,-26.278837,2.0998998,0.6999666,0.192,0.0,0.15392317,23.040113,23.070114,2467200
hardzero_plus_depr__c0p50__z1p10__lam0p030__nu0p50__psi0p75,hardzero_plus_depr,0.02,34,771,0.0,2,0.09214938,0.09214938,0.9998943,0.10002435,0.10002435,1.0,6.119533e-11,6.118043e-10,-27.133026,2.1998115,0.7332705,0.136,0.0,0.14410101,23.070114,23.100115,2470400
hardzero_plus_depr__c0p50__z1p10__lam0p030__nu0p50__psi0p75,hardzero_plus_depr,0.02,34,772,0.0,2,0.09214938,0.09214938,0.99674326,0.10075271,0.10075271,1.0,6.026945e-11,5.9819183e-10,-26.584454,2.192879,0.73095965,0.15200001,0.0,0.15591559,23.100115,23.130116,2473600
hardzero_plus_depr__c0p50__z1p10__lam0p030__nu0p50__psi0p75,hardzero_plus_depr,0.02,34,773,0.0,2,0.09214938,0.09214938,0.9626858,0.10897183,0.10897183,1.0,6.373568e-11,5.848822e-10,-26.316572,2.1179512,0.70598376,0.112,0.0,0.15992394,23.130116,23.160116,2476800
hardzero_plus_depr__c0p50__z1p10__lam0p030__nu0p50__psi0p75,hardzero_plus_depr,0.02,34,774,0.0,2,0.09214938,0.09214938,0.97438896,0.10607451,0.10607451,1.0,6.066082e-11,5.718699e-10,-26.820986,2.1436985,0.7145662,0.14400001,0.0,0.16147105,23.160116,23.190117,2480000
hardzero_plus_depr__c0p50__z1p10__lam0p030__nu0p50__psi0p75,hardzero_plus_depr,0.02,34,775,0.0,2,0.09214938,0.09214938,1.0446864,0.09022223,0.09022223,1.0,5.044739e-11,5.591459e-10,-28.153036,2.298356,0.7661187,0.14400001,0.0,0.15421762,23.190117,23.220118,2483200
hardzero_plus_depr__c0p50__z1p10__lam0p030__nu0p50__psi0p75,hardzero_plus_depr,0.02,34,776,0.0,2,0.09214938,0.09214938,0.96275085,0.10895551,0.10895551,1.0,5.956653e-11,5.4670507e-10,-26.054518,2.1180942,0.70603144,0.16000001,0.0,0.15200971,23.220118,23.250118,2486400
hardzero_plus_depr__c0p50__z1p10__lam0p030__nu0p50__psi0p75,hardzero_plus_depr,0.02,34,777,0.0,2,0.09214938,0.09214938,1.0168247,0.09620004,0.09620004,1.0,5.1422963e-11,5.34542e-10,-27.489975,2.237059,0.7456864,0.16000001,0.0,0.15265296,23.250118,23.280119,2489600
hardzero_plus_depr__c0p50__z1p10__lam0p030__nu0p50__psi0p75,hardzero_plus_depr,0.02,34,778,0.0,2,0.09214938,0.09214938,1.0344119,0.092382155,0.092382155,1.0,4.8283405e-11,5.226486e-10,-27.923141,2.2757516,0.7585839,0.16000001,0.0,0.14072411,23.280119,23.31012,2492800
hardzero_plus_depr__c0p50__z1p10__lam0p030__nu0p50__psi0p75,hardzero_plus_depr,0.02,34,779,0.0,2,0.09214938,0.09214938,1.030866,0.093139514,0.093139514,1.0,4.7596135e-11,5.110198e-10,-27.03866,2.2679505,0.75598353,0.208,0.008,0.17463908,23.31012,23.34012,2496000
hardzero_plus_depr__c0p50__z1p10__lam0p030__nu0p50__psi0p75,hardzero_plus_depr,0.02,34,780,0.0,2,0.09214938,0.09214938,0.98178256,0.10428393,0.10428393,1.0,5.2105435e-11,4.996497e-10,-27.488525,2.1599648,0.7199883,0.16,0.01,0.14076981,23.34012,23.370121,2499200
hardzero_plus_depr__c0p50__z1p10__lam0p030__nu0p50__psi0p75,hardzero_plus_depr,0.02,34,781,0.0,2,0.09214938,0.09214938,0.9908906,0.10211966,0.10211966,1.0,4.9888794e-11,4.885327e-10,-26.41858,2.180003,0.72666764,0.16800001,0.0,0.11156771,23.370121,23.400122,2502400
hardzero_plus_depr__c0p50__z1p10__lam0p030__nu0p50__psi0p75,hardzero_plus_depr,0.02,34,782,0.0,2,0.09214938,0.09214938,0.99977803,0.10005113,0.10005113,1.0,4.7790806e-11,4.7766385e-10,-26.55957,2.1995556,0.73318523,0.128,0.0,0.12679887,23.400122,23.430122,2505600
hardzero_plus_depr__c0p50__z1p10__lam0p030__nu0p50__psi0p75,hardzero_plus_depr,0.02,34,783,0.0,2,0.09214938,0.09214938,1.0116371,0.09735604,0.09735604,1.0,4.546877e-11,4.6703597e-10,-27.03089,2.225646,0.741882,0.096,0.0,0.14115994,23.430122,23.460123,2508800
hardzero_plus_depr__c0p50__z1p10__lam0p030__nu0p50__psi0p75,hardzero_plus_depr,0.02,34,784,0.0,2,0.09214938,0.09214938,0.9967246,0.10075703,0.10075703,1.0,4.601015e-11,4.5664456e-10,-26.18199,2.192838,0.730946,0.16800001,0.0,0.11979387,23.460123,23.490124,2512000
hardzero_plus_depr__c0p50__z1p10__lam0p030__nu0p50__psi0p75,hardzero_plus_depr,0.02,34,785,0.0,2,0.09214938,0.09214938,1.0333803,0.09260186,0.09260186,1.0,4.1345358e-11,4.4648518e-10,-27.312939,2.273482,0.7578274,0.104,0.0,0.13073033,23.490124,23.520124,2515200
hardzero_plus_depr__c0p50__z1p10__lam0p030__nu0p50__psi0p75,hardzero_plus_depr,0.02,34,786,0.0,2,0.09214938,0.09214938,0.95017487,0.11215667,0.11215667,1.0,4.896211e-11,4.3655102e-10,-25.55285,2.0904264,0.6968088,0.14400001,0.0,0.12375667,23.520124,23.550125,2518400
hardzero_plus_depr__c0p50__z1p10__lam0p030__nu0p50__psi0p75,hardzero_plus_depr,0.02,34,787,0.0,2,0.09214938,0.09214938,1.0157136,0.096446484,0.096446484,1.0,4.1167014e-11,4.268379e-10,-26.681229,2.2346144,0.7448715,0.104,0.0,0.12201287,23.550125,23.580126,2521600
hardzero_plus_depr__c0p50__z1p10__lam0p030__nu0p50__psi0p75,hardzero_plus_depr,0.02,34,788,0.0,2,0.09214938,0.09214938,0.9839739,0.10375908,0.10375908,1.0,4.3302903e-11,4.1734086e-10,-26.441338,2.1647859,0.7215953,0.15200001,0.0,0.13191395,23.580126,23.610126,2524800
hardzero_plus_depr__c0p50__z1p10__lam0p030__nu0p50__psi0p75,hardzero_plus_depr,0.02,34,789,0.0,2,0.09214938,0.09214938,0.98734605,0.10295655,0.10295655,1.0,4.2011946e-11,4.0805512e-10,-26.658087,2.1722047,0.7240683,0.2,0.0,0.12962617,23.610126,23.640127,2528000
hardzero_plus_depr__c0p50__z1p10__lam0p030__nu0p50__psi0p75,hardzero_plus_depr,0.02,34,790,0.0,2,0.09214938,0.09214938,1.0411366,0.09096271,0.09096271,1.0,3.6292008e-11,3.9897677e-10,-27.373396,2.2905464,0.7635155,0.2,0.0,0.15369606,23.640127,23.670128,2531200
hardzero_plus_depr__c0p50__z1p10__lam0p030__nu0p50__psi0p75,hardzero_plus_depr,0.02,34,791,0.0,2,0.09214938,0.09214938,0.9714329,0.10679896,0.10679896,1.0,4.1662236e-11,3.9009965e-10,-26.089272,2.137195,0.7123984,0.16000001,0.0,0.13406439,23.670128,23.700129,2534400
hardzero_plus_depr__c0p50__z1p10__lam0p030__nu0p50__psi0p75,hardzero_plus_depr,0.02,34,792,0.0,2,0.09214938,0.09214938,1.0750223,0.0841352,0.0841352,1.0,3.209085e-11,3.8142003e-10,-28.105936,2.3650963,0.7883655,0.120000005,0.0,0.22252233,23.700129,23.73013,2537600
hardzero_plus_depr__c0p50__z1p10__lam0p030__nu0p50__psi0p75,hardzero_plus_depr,0.02,34,793,0.0,2,0.09214938,0.09214938,1.0421032,0.09076048,0.09076048,1.0,3.384769e-11,3.7293424e-10,-28.306875,2.2926726,0.76422423,0.19,0.0,0.17374521,23.73013,23.76013,2540800
hardzero_plus_depr__c0p50__z1p10__lam0p030__nu0p50__psi0p75,hardzero_plus_depr,0.02,34,794,0.0,2,0.09214938,0.09214938,0.9710762,0.106886744,0.106886744,1.0,3.8974816e-11,3.6463657e-10,-26.104671,2.1364102,0.71213675,0.136,0.0,0.13269915,23.76013,23.79013,2544000
hardzero_plus_depr__c0p50__z1p10__lam0p030__nu0p50__psi0p75,hardzero_plus_depr,0.02,34,795,0.0,2,0.09214938,0.09214938,1.0146476,0.0966835,0.0966835,1.0,3.4469937e-11,3.5652348e-10,-27.201975,2.2322693,0.7440898,0.224,0.0,0.17377968,23.79013,23.820131,2547200
hardzero_plus_depr__c0p50__z1p10__lam0p030__nu0p50__psi0p75,hardzero_plus_depr,0.02,34,796,0.0,2,0.09214938,0.09214938,0.9757876,0.10573345,0.10573345,1.0,3.6857722e-11,3.4859093e-10,-25.903254,2.1467755,0.71559185,0.18400002,0.0,0.12902667,23.820131,23.850132,2550400
hardzero_plus_depr__c0p50__z1p10__lam0p030__nu0p50__psi0p75,hardzero_plus_depr,0.02,34,797,0.0,2,0.09214938,0.09214938,1.0063,0.098559834,0.098559834,1.0,3.359263e-11,3.4083486e-10,-27.118937,2.2139041,0.7379681,0.216,0.0,0.15868875,23.850132,23.880133,2553600
hardzero_plus_depr__c0p50__z1p10__lam0p030__nu0p50__psi0p75,hardzero_plus_depr,0.02,34,798,0.0,2,0.09214938,0.09214938,0.9920732,0.10184197,0.10184197,1.0,3.3939043e-11,3.33252e-10,-27.487902,2.1826046,0.7275349,0.15200001,0.0,0.14607075,23.880133,23.910133,2556800
hardzero_plus_depr__c0p50__z1p10__lam0p030__nu0p50__psi0p75,hardzero_plus_depr,0.02,34,799,0.0,2,0.09214938,0.09214938,1.0383929,0.09153919,0.09153919,1.0,2.982688e-11,3.2583727e-10,-27.272942,2.28451,0.76150334,0.18400002,0.0,0.14735052,23.910133,23.940134,2560000
hardzero_plus_depr__c0p50__z1p10__lam0p030__nu0p50__psi0p75,hardzero_plus_depr,0.02,34,800,0.0,2,0.09214938,0.09214938,0.95827734,0.11008361,0.11008361,1.0,3.507126e-11,3.1858746e-10,-26.47114,2.1082523,0.7027508,0.224,0.0,0.16633166,23.940134,23.970135,2563200
hardzero_plus_depr__c0p50__z1p10__lam0p030__nu0p50__psi0p75,hardzero_plus_depr,0.02,34,801,0.0,2,0.09214938,0.09214938,1.0246783,0.09447603,0.09447603,1.0,2.9429244e-11,3.1149958e-10,-27.528376,2.2543373,0.7514458,0.15200001,0.0,0.14166917,23.970135,24.000135,2566400
hardzero_plus_depr__c0p50__z1p10__lam0p030__nu0p50__psi0p75,hardzero_plus_depr,0.02,34,802,0.0,2,0.09214938,0.09214938,0.9741213,0.106139906,0.106139906,1.0,3.2326905e-11,3.0456881e-10,-27.15437,2.1431096,0.7143699,0.17600001,0.0,0.14915042,24.000135,24.030136,2569600
hardzero_plus_depr__c0p50__z1p10__lam0p030__nu0p50__psi0p75,hardzero_plus_depr,0.02,34,803,0.0,2,0.09214938,0.09214938,1.0161945,0.09633975,0.09633975,1.0,2.8689228e-11,2.9779224e-10,-27.31279,2.2356725,0.7452242,0.15200001,0.0,0.1429724,24.030136,24.060137,2572800
hardzero_plus_depr__c0p50__z1p10__lam0p030__nu0p50__psi0p75,hardzero_plus_depr,0.02,34,804,0.0,2,0.09214938,0.09214938,0.9942716,0.10132776,0.10132776,1.0,2.9503244e-11,2.9116642e-10,-26.720768,2.187441,0.7291471,0.192,0.0,0.150326,24.060137,24.090137,2576000
hardzero_plus_depr__c0p50__z1p10__lam0p030__nu0p50__psi0p75,hardzero_plus_depr,0.02,34,805,0.0,2,0.09214938,0.09214938,1.041649,0.09085546,0.09085546,1.0,2.5865463e-11,2.8468805e-10,-27.230122,2.2916734,0.76389116,0.136,0.0,0.16870861,24.090137,24.120138,2579200
hardzero_plus_depr__c0p50__z1p10__lam0p030__nu0p50__psi0p75,hardzero_plus_depr,0.02,34,806,0.0,2,0.09214938,0.09214938,1.0243318,0.09455145,0.09455145,1.0,2.6318807e-11,2.7835434e-10,-27.707441,2.253575,0.75119174,0.19,0.0,0.13473792,24.120138,24.150139,2582400
hardzero_plus_depr__c0p50__z1p10__lam0p030__nu0p50__psi0p75,hardzero_plus_depr,0.02,34,807,0.0,2,0.09214938,0.09214938,1.0335914,0.09255686,0.09255686,1.0,2.5190374e-11,2.7216107e-10,-26.801292,2.2739465,0.7579822,0.120000005,0.0,0.12985665,24.150139,24.18014,2585600
hardzero_plus_depr__c0p50__z1p10__lam0p030__nu0p50__psi0p75,hardzero_plus_depr,0.02,34,808,0.0,2,0.09214938,0.09214938,0.9610681,0.10937848,0.10937848,1.0,2.9106217e-11,2.6610553e-10,-26.5728,2.114392,0.7047974,0.16000001,0.0,0.13780156,24.18014,24.21014,2588800
hardzero_plus_depr__c0p50__z1p10__lam0p030__nu0p50__psi0p75,hardzero_plus_depr,0.02,34,809,0.0,2,0.09214938,0.09214938,0.9763841,0.10558832,0.10558832,1.0,2.7472524e-11,2.6018526e-10,-26.30929,2.148088,0.71602935,0.14400001,0.0,0.1563381,24.21014,24.24014,2592000
hardzero_plus_depr__c0p50__z1p10__lam0p030__nu0p50__psi0p75,hardzero_plus_depr,0.02,34,810,0.0,2,0.09214938,0.09214938,1.0277627,0.09380744,0.09380744,1.0,2.3864256e-11,2.543962e-10,-27.320538,2.261123,0.75370765,0.18400002,0.0,0.13713448,24.24014,24.270142,2595200
hardzero_plus_depr__c0p50__z1p10__lam0p030__nu0p50__psi0p75,hardzero_plus_depr,0.02,34,811,0.0,2,0.09214938,0.09214938,0.9683835,0.1075515,0.1075515,1.0,2.6751924e-11,2.4873595e-10,-26.625774,2.1304862,0.7101621,0.23200001,0.0,0.1484661,24.270142,24.300142,2598400
hardzero_plus_depr__c0p50__z1p10__lam0p030__nu0p50__psi0p75,hardzero_plus_depr,0.02,34,812,0.0,2,0.09214938,0.09214938,1.0206658,0.09535296,0.09535296,1.0,2.3189995e-11,2.4320163e-10,-27.41414,2.2455096,0.7485032,0.15200001,0.0,0.14688149,24.300142,24.330143,2601600
hardzero_plus_depr__c0p50__z1p10__lam0p030__nu0p50__psi0p75,hardzero_plus_depr,0.02,34,813,0.0,2,0.09214938,0.09214938,0.97750694,0.10531568,0.10531568,1.0,2.5043063e-11,2.3779045e-10,-27.116203,2.1505582,0.7168528,0.18400002,0.0,0.15179528,24.330143,24.360144,2604800
hardzero_plus_depr__c0p50__z1p10__lam0p030__nu0p50__psi0p75,hardzero_plus_depr,0.02,34,814,0.0,2,0.09214938,0.09214938,1.0265372,0.094072536,0.094072536,1.0,2.1871878e-11,2.3250014e-10,-27.068344,2.258427,0.752809,0.128,0.0,0.14734001,24.360144,24.390144,2608000
hardzero_plus_depr__c0p50__z1p10__lam0p030__nu0p50__psi0p75,hardzero_plus_depr,0.02,34,815,0.0,2,0.09214938,0.09214938,0.9764949,0.105561376,0.105561376,1.0,2.3996959e-11,2.2732707e-10,-26.853851,2.1483316,0.7161106,0.14400001,0.0,0.171721,24.390144,24.420145,2611200
hardzero_plus_depr__c0p50__z1p10__lam0p030__nu0p50__psi0p75,hardzero_plus_depr,0.02,34,816,0.0,2,0.09214938,0.09214938,1.0091192,0.09792213,0.09792213,1.0,2.1765065e-11,2.2226912e-10,-26.736685,2.2201064,0.7400355,0.104,0.0,0.15010883,24.420145,24.450146,2614400
hardzero_plus_depr__c0p50__z1p10__lam0p030__nu0p50__psi0p75,hardzero_plus_depr,0.02,34,817,0.0,2,0.09214938,0.09214938,1.0009425,0.09978323,0.09978323,1.0,2.16853e-11,2.1732409e-10,-25.597082,2.2021174,0.7340392,0.17600001,0.0,0.13375112,24.450146,24.480146,2617600
hardzero_plus_depr__c0p50__z1p10__lam0p030__nu0p50__psi0p75,hardzero_plus_depr,0.02,34,818,0.0,2,0.09214938,0.09214938,0.98844635,0.102696024,0.102696024,1.0,2.1821746e-11,2.1248871e-10,-27.092266,2.1746254,0.72487515,0.16000001,0.0,0.16106321,24.480146,24.510147,2620800
hardzero_plus_depr__c0p50__z1p10__lam0p030__nu0p50__psi0p75,hardzero_plus_depr,0.02,34,819,0.0,2,0.09214938,0.09214938,0.9630743,0.10887439,0.10887439,1.0,2.2619837e-11,2.0776086e-10,-26.410719,2.118806,0.70626867,0.08,0.0,0.14921728,24.510147,24.540148,2624000
hardzero_plus_depr__c0p50__z1p10__lam0p030__nu0p50__psi0p75,hardzero_plus_depr,0.02,34,820,0.0,2,0.09214938,0.09214938,1.0152473,0.096550085,0.096550085,1.0,1.9613014e-11,2.0313824e-10,-27.484962,2.2335887,0.7445296,0.128,0.0,0.14045087,24.540148,24.570148,2627200
hardzero_plus_depr__c0p50__z1p10__lam0p030__nu0p50__psi0p75,hardzero_plus_depr,0.02,34,821,0.0,2,0.09214938,0.09214938,1.0030131,0.0993086,0.0993086,1.0,1.9724524e-11,1.9861848e-10,-26.312613,2.206673,0.7355577,0.136,0.0,0.12403047,24.570148,24.60015,2630400
hardzero_plus_depr__c0p50__z1p10__lam0p030__nu0p50__psi0p75,hardzero_plus_depr,0.02,34,822,0.0,2,0.09214938,0.09214938,1.0090966,0.0979272,0.0979272,1.0,1.9017427e-11,1.9419964e-10,-26.861622,2.220057,0.740019,0.18400002,0.0,0.15397799,24.60015,24.63015,2633600
hardzero_plus_depr__c0p50__z1p10__lam0p030__nu0p50__psi0p75,hardzero_plus_depr,0.02,34,823,0.0,2,0.09214938,0.09214938,1.0703037,0.0850543,0.0850543,1.0,1.6150005e-11,1.8987875e-10,-27.87714,2.354715,0.7849051,0.18400002,0.0,0.15672827,24.63015,24.66015,2636800
hardzero_plus_depr__c0p50__z1p10__lam0p030__nu0p50__psi0p75,hardzero_plus_depr,0.02,34,824,0.0,2,0.09214938,0.09214938,1.0317477,0.09295062,0.09295062,1.0,1.7256654e-11,1.8565399e-10,-27.156332,2.2698903,0.7566301,0.120000005,0.0,0.15248367,24.66015,24.690151,2640000
hardzero_plus_depr__c0p50__z1p10__lam0p030__nu0p50__psi0p75,hardzero_plus_depr,0.02,34,825,0.0,2,0.09214938,0.09214938,0.97294694,0.10642728,0.10642728,1.0,1.9319062e-11,1.8152359e-10,-26.25744,2.140526,0.7135087,0.216,0.0,0.15340751,24.690151,24.720152,2643200
hardzero_plus_depr__c0p50__z1p10__lam0p030__nu0p50__psi0p75,hardzero_plus_depr,0.02,34,826,0.0,2,0.09214938,0.09214938,0.9548146,0.11096484,0.11096484,1.0,1.9694567e-11,1.7748475e-10,-26.134779,2.100634,0.7002114,0.208,0.0,0.14131628,24.720152,24.750153,2646400
hardzero_plus_depr__c0p50__z1p10__lam0p030__nu0p50__psi0p75,hardzero_plus_depr,0.02,34,827,0.0,2,0.09214938,0.09214938,0.9400997,0.11478899,0.11478899,1.0,1.9919993e-11,1.7353576e-10,-26.092094,2.0682607,0.6894202,0.208,0.0,0.12149247,24.750153,24.780153,2649600
hardzero_plus_depr__c0p50__z1p10__lam0p030__nu0p50__psi0p75,hardzero_plus_depr,0.02,34,828,0.0,2,0.09214938,0.09214938,1.0185074,0.09582806,0.09582806,1.0,1.6259591e-11,1.6967464e-10,-27.04959,2.240761,0.74692035,0.16000001,0.0,0.1582396,24.780153,24.810154,2652800
hardzero_plus_depr__c0p50__z1p10__lam0p030__nu0p50__psi0p75,hardzero_plus_depr,0.02,34,829,0.0,2,0.09214938,0.09214938,0.9977951,0.10050897,0.10050897,1.0,1.667438e-11,1.6589942e-10,-27.160921,2.195193,0.73173106,0.17600001,0.0,0.13158947,24.810154,24.840155,2656000
hardzero_plus_depr__c0p50__z1p10__lam0p030__nu0p50__psi0p75,hardzero_plus_depr,0.02,34,830,0.0,2,0.09214938,0.09214938,1.0177546,0.0959943,0.0959943,1.0,1.5571091e-11,1.622085e-10,-27.13693,2.2391047,0.7463683,0.112,0.0,0.16173498,24.840155,24.870155,2659200
hardzero_plus_depr__c0p50__z1p10__lam0p030__nu0p50__psi0p75,hardzero_plus_depr,0.02,34,831,0.0,2,0.09214938,0.09214938,0.9875462,0.10290911,0.10290911,1.0,1.6321325e-11,1.5859941e-10,-26.905315,2.172645,0.72421503,0.2,0.0,0.14777723,24.870155,24.900156,2662400
hardzero_plus_depr__c0p50__z1p10__lam0p030__nu0p50__psi0p75,hardzero_plus_depr,0.02,34,832,0.0,2,0.09214938,0.09214938,1.0916072,0.08098279,0.08098279,1.0,1.2558052e-11,1.5507062e-10,-28.084513,2.401584,0.800528,0.13,0.0,0.17382114,24.900156,24.930157,2665600
hardzero_plus_depr__c0p50__z1p10__lam0p030__nu0p50__psi0p75,hardzero_plus_depr,0.02,34,833,0.0,2,0.09214938,0.09214938,1.0122694,0.097214416,0.097214416,1.0,1.473971e-11,1.5162062e-10,-26.78734,2.2270372,0.74234575,0.18400002,0.0,0.16352631,24.930157,24.960157,2668800
hardzero_plus_depr__c0p50__z1p10__lam0p030__nu0p50__psi0p75,hardzero_plus_depr,0.02,34,834,0.0,2,0.09214938,0.09214938,1.0064486,0.09852612,0.09852612,1.0,1.4606212e-11,1.4824711e-10,-26.278294,2.2142313,0.7380771,0.17600001,0.0,0.13190511,24.960157,24.990158,2672000
hardzero_plus_depr__c0p50__z1p10__lam0p030__nu0p50__psi0p75,hardzero_plus_depr,0.02,34,835,0.0,2,0.09214938,0.09214938,1.0504698,0.08902874,0.08902874,1.0,1.2904596e-11,1.4494865e-10,-27.569721,2.3110795,0.7703599,0.14400001,0.0,0.17225984,24.990158,25.020159,2675200
hardzero_plus_depr__c0p50__z1p10__lam0p030__nu0p50__psi0p75,hardzero_plus_depr,0.02,34,836,0.0,2,0.09214938,0.09214938,1.0186074,0.09580599,0.09580599,1.0,1.3577967e-11,1.4172358e-10,-27.540167,2.240981,0.7469937,0.112,0.0,0.12429197,25.020159,25.05016,2678400
hardzero_plus_depr__c0p50__z1p10__lam0p030__nu0p50__psi0p75,hardzero_plus_depr,0.02,34,837,0.0,2,0.09214938,0.09214938,1.0384281,0.09153179,0.09153179,1.0,1.2683584e-11,1.3857027e-10,-27.395185,2.2845874,0.76152915,0.17600001,0.0,0.13270794,25.05016,25.08016,2681600
hardzero_plus_depr__c0p50__z1p10__lam0p030__nu0p50__psi0p75,hardzero_plus_depr,0.02,34,838,0.0,2,0.09214938,0.09214938,1.0405362,0.091088556,0.091088556,1.0,1.234135e-11,1.3548739e-10,-27.863342,2.2892253,0.7630751,0.136,0.0,0.15143543,25.08016,25.11016,2684800
hardzero_plus_depr__c0p50__z1p10__lam0p030__nu0p50__psi0p75,hardzero_plus_depr,0.02,34,839,0.0,2,0.09214938,0.09214938,1.0085692,0.09804618,0.09804618,1.0,1.2988455e-11,1.3247282e-10,-27.715805,2.2188966,0.73963225,0.208,0.0,0.1424589,25.11016,25.140162,2688000
hardzero_plus_depr__c0p50__z1p10__lam0p030__nu0p50__psi0p75,hardzero_plus_depr,0.02,34,840,0.0,2,0.09214938,0.09214938,1.0177808,0.09598851,0.09598851,1.0,1.2432944e-11,1.2952533e-10,-27.253443,2.2391624,0.7463875,0.16000001,0.0,0.12804812,25.140162,25.170162,2691200
hardzero_plus_depr__c0p50__z1p10__lam0p030__nu0p50__psi0p75,hardzero_plus_depr,0.02,34,841,0.0,2,0.09214938,0.09214938,1.0057392,0.09868718,0.09868718,1.0,1.2498107e-11,1.2664367e-10,-27.508322,2.2126703,0.7375568,0.17600001,0.0,0.14212695,25.170162,25.200163,2694400
hardzero_plus_depr__c0p50__z1p10__lam0p030__nu0p50__psi0p75,hardzero_plus_depr,0.02,34,842,0.0,2,0.09214938,0.09214938,1.0095547,0.09782397,0.09782397,1.0,1.21131395e-11,1.2382588e-10,-26.597342,2.2210648,0.74035496,0.128,0.0,0.117235124,25.200163,25.230164,2697600
hardzero_plus_depr__c0p50__z1p10__lam0p030__nu0p50__psi0p75,hardzero_plus_depr,0.02,34,843,0.0,2,0.09214938,0.09214938,1.0415164,0.09088319,0.09088319,1.0,1.10033e-11,1.2107079e-10,-27.318962,2.2913818,0.76379395,0.096,0.0,0.1515656,25.230164,25.260164,2700800
hardzero_plus_depr__c0p50__z1p10__lam0p030__nu0p50__psi0p75,hardzero_plus_depr,0.02,34,844,0.0,2,0.09214938,0.09214938,1.0433058,0.09050951,0.09050951,1.0,1.0714244e-11,1.1837699e-10,-26.87645,2.2953186,0.7651062,0.14400001,0.0,0.13152115,25.260164,25.290165,2704000
hardzero_plus_depr__c0p50__z1p10__lam0p030__nu0p50__psi0p75,hardzero_plus_depr,0.02,34,845,0.0,2,0.09214938,0.09214938,0.9589006,0.109925754,0.109925754,1.0,1.2723152e-11,1.15743144e-10,-26.157104,2.1096234,0.70320785,0.16,0.0,0.1311108,25.290165,25.320166,2707200
hardzero_plus_depr__c0p50__z1p10__lam0p030__nu0p50__psi0p75,hardzero_plus_depr,0.02,34,846,0.0,2,0.09214938,0.09214938,1.0164872,0.096274815,0.096274815,1.0,1.0895239e-11,1.1316811e-10,-26.74917,2.2363167,0.74543893,0.17600001,0.0,0.14611802,25.320166,25.350166,2710400
hardzero_plus_depr__c0p50__z1p10__lam0p030__nu0p50__psi0p75,hardzero_plus_depr,0.02,34,847,0.0,2,0.09214938,0.09214938,1.0322196,0.092849664,0.092849664,1.0,1.0273829e-11,1.1065014e-10,-27.777185,2.2709286,0.75697625,0.16000001,0.0,0.14487414,25.350166,25.380167,2713600
hardzero_plus_depr__c0p50__z1p10__lam0p030__nu0p50__psi0p75,hardzero_plus_depr,0.02,34,848,0.0,2,0.09214938,0.09214938,1.0327973,0.092726246,0.092726246,1.0,1.0031887e-11,1.0818821e-10,-27.787884,2.2721994,0.7573998,0.136,0.0,0.13617405,25.380167,25.410168,2716800
hardzero_plus_depr__c0p50__z1p10__lam0p030__nu0p50__psi0p75,hardzero_plus_depr,0.02,34,849,0.0,2,0.09214938,0.09214938,1.0567231,0.087756015,0.087756015,1.0,9.282942e-12,1.0578126e-10,-27.685162,2.3248372,0.77494574,0.15200001,0.0,0.1549525,25.410168,25.440168,2720000
hardzero_plus_depr__c0p50__z1p10__lam0p030__nu0p50__psi0p75,hardzero_plus_depr,0.02,34,850,0.0,2,0.09214938,0.09214938,0.97334003,0.106331006,0.106331006,1.0,1.0997566e-11,1.0342765e-10,-25.930655,2.1413908,0.713797,0.2,0.0,0.13580285,25.440168,25.47017,2723200
hardzero_plus_depr__c0p50__z1p10__lam0p030__nu0p50__psi0p75,hardzero_plus_depr,0.02,34,851,0.0,2,0.09214938,0.09214938,1.0000747,0.09998278,0.09998278,1.0,1.0110899e-11,1.01126406e-10,-27.129278,2.2002084,0.73340285,0.16000001,0.0,0.14024699,25.47017,25.50017,2726400
hardzero_plus_depr__c0p50__z1p10__lam0p030__nu0p50__psi0p75,hardzero_plus_depr,0.02,34,852,0.0,2,0.09214938,0.09214938,0.98434067,0.10367149,0.10367149,1.0,1.02506606e-11,9.887637e-11,-26.626816,2.1655927,0.7218642,0.192,0.0,0.13808465,25.50017,25.53017,2729600
hardzero_plus_depr__c0p50__z1p10__lam0p030__nu0p50__psi0p75,hardzero_plus_depr,0.02,34,853,0.0,2,0.09214938,0.09214938,1.0644723,0.08620405,0.08620405,1.0,8.333897e-12,9.6676396e-11,-28.196672,2.3418858,0.7806286,0.104,0.0,0.18372917,25.53017,25.560171,2732800
hardzero_plus_depr__c0p50__z1p10__lam0p030__nu0p50__psi0p75,hardzero_plus_depr,0.02,34,854,0.0,2,0.09214938,0.09214938,0.9823451,0.10414893,0.10414893,1.0,9.844736e-12,9.452556e-11,-26.594883,2.1612024,0.7204008,0.2,0.0,0.14625794,25.560171,25.590172,2736000
hardzero_plus_depr__c0p50__z1p10__lam0p030__nu0p50__psi0p75,hardzero_plus_depr,0.02,34,855,0.0,2,0.09214938,0.09214938,0.9731758,0.106371224,0.106371224,1.0,9.831083e-12,9.242239e-11,-25.439615,2.1410296,0.7136766,0.2,0.0,0.123538695,25.590172,25.620173,2739200
hardzero_plus_depr__c0p50__z1p10__lam0p030__nu0p50__psi0p75,hardzero_plus_depr,0.02,34,856,0.0,2,0.09214938,0.09214938,1.0268763,0.09399908,0.09399908,1.0,8.494322e-12,9.036601e-11,-27.040619,2.259173,0.75305766,0.16800001,0.0,0.13555433,25.620173,25.650173,2742400
hardzero_plus_depr__c0p50__z1p10__lam0p030__nu0p50__psi0p75,hardzero_plus_depr,0.02,34,857,0.0,2,0.09214938,0.09214938,1.0315646,0.09298981,0.09298981,1.0,8.2161665e-12,8.835556e-11,-27.718891,2.2694874,0.75649583,0.128,0.0,0.15713477,25.650173,25.680174,2745600
hardzero_plus_depr__c0p50__z1p10__lam0p030__nu0p50__psi0p75,hardzero_plus_depr,0.02,34,858,0.0,2,0.09214938,0.09214938,1.0437233,0.090422526,0.090422526,1.0,7.811573e-12,8.638967e-11,-27.304573,2.2962372,0.76541245,0.089999996,0.0,0.14940758,25.680174,25.710175,2748800
hardzero_plus_depr__c0p50__z1p10__lam0p030__nu0p50__psi0p75,hardzero_plus_depr,0.02,34,859,0.0,2,0.09214938,0.09214938,0.9919156,0.101878926,0.101878926,1.0,8.605461e-12,8.446752e-11,-26.559618,2.182258,0.7274193,0.23200001,0.0,0.17912455,25.710175,25.740175,2752000
hardzero_plus_depr__c0p50__z1p10__lam0p030__nu0p50__psi0p75,hardzero_plus_depr,0.02,34,860,0.0,2,0.09214938,0.09214938,1.0158113,0.09642477,0.09642477,1.0,7.963543e-12,8.2588145e-11,-27.907228,2.2348297,0.74494326,0.18400002,0.0,0.15354896,25.740175,25.770176,2755200
hardzero_plus_depr__c0p50__z1p10__lam0p030__nu0p50__psi0p75,hardzero_plus_depr,0.02,34,861,0.0,2,0.09214938,0.09214938,1.0240517,0.09461245,0.09461245,1.0,7.640011e-12,8.075059e-11,-28.011547,2.2529588,0.7509863,0.120000005,0.0,0.13610516,25.770176,25.800177,2758400
hardzero_plus_depr__c0p50__z1p10__lam0p030__nu0p50__psi0p75,hardzero_plus_depr,0.02,34,862,0.0,2,0.09214938,0.09214938,0.98609644,0.10325321,0.10325321,1.0,8.15226e-12,7.895406e-11,-25.918102,2.1694555,0.72315186,0.14400001,0.0,0.117805764,25.800177,25.830177,2761600
hardzero_plus_depr__c0p50__z1p10__lam0p030__nu0p50__psi0p75,hardzero_plus_depr,0.02,34,863,0.0,2,0.09214938,0.09214938,1.0310245,0.09310555,0.09310555,1.0,7.1875006e-12,7.719734e-11,-27.844118,2.268299,0.7560997,0.18400002,0.0,0.17094623,25.830177,25.860178,2764800
hardzero_plus_depr__c0p50__z1p10__lam0p030__nu0p50__psi0p75,hardzero_plus_depr,0.02,34,864,0.0,2,0.09214938,0.09214938,1.0318179,0.0929356,0.0929356,1.0,7.014754e-12,7.547973e-11,-28.062714,2.2700448,0.7566816,0.112,0.0,0.16373065,25.860178,25.890179,2768000
hardzero_plus_depr__c0p50__z1p10__lam0p030__nu0p50__psi0p75,hardzero_plus_depr,0.02,34,865,0.0,2,0.09214938,0.09214938,1.0148445,0.09663966,0.09663966,1.0,7.1320523e-12,7.3800466e-11,-28.2164,2.2327025,0.7442342,0.16000001,0.0,0.16357043,25.890179,25.92018,2771200
hardzero_plus_depr__c0p50__z1p10__lam0p030__nu0p50__psi0p75,hardzero_plus_depr,0.02,34,866,0.0,2,0.09214938,0.09214938,0.97602075,0.10567669,0.10567669,1.0,7.625464e-12,7.2158425e-11,-25.521215,2.1472886,0.71576285,0.16000001,0.0,0.13761874,25.92018,25.95018,2774400
hardzero_plus_depr__c0p50__z1p10__lam0p030__nu0p50__psi0p75,hardzero_plus_depr,0.02,34,867,0.0,2,0.09214938,0.09214938,0.9937426,0.10145124,0.10145124,1.0,7.1576816e-12,7.0552925e-11,-26.756739,2.1862774,0.72875917,0.17600001,0.0,0.16284478,25.95018,25.98018,2777600
hardzero_plus_depr__c0p50__z1p10__lam0p030__nu0p50__psi0p75,hardzero_plus_depr,0.02,34,868,0.0,2,0.09214938,0.09214938,0.9557658,0.11072208,0.11072208,1.0,7.637956e-12,6.898314e-11,-25.914967,2.1027267,0.7009089,0.224,0.0,0.1354447,25.98018,26.010181,2780800
hardzero_plus_depr__c0p50__z1p10__lam0p030__nu0p50__psi0p75,hardzero_plus_depr,0.02,34,869,0.0,2,0.09214938,0.09214938,0.991299,0.102023676,0.102023676,1.0,6.881321e-12,6.7448276e-11,-26.395655,2.1809013,0.7269671,0.192,0.0,0.12671164,26.010181,26.040182,2784000
hardzero_plus_depr__c0p50__z1p10__lam0p030__nu0p50__psi0p75,hardzero_plus_depr,0.02,34,870,0.0,2,0.09214938,0.09214938,1.0166316,0.09624282,0.09624282,1.0,6.346993e-12,6.59477e-11,-27.15794,2.2366343,0.7455448,0.080000006,0.0,0.13083026,26.040182,26.070183,2787200
hardzero_plus_depr__c0p50__z1p10__lam0p030__nu0p50__psi0p75,hardzero_plus_depr,0.02,34,871,0.0,2,0.09214938,0.09214938,1.0222502,0.09500574,0.09500574,1.0,6.1260064e-12,6.448038e-11,-28.199013,2.2489953,0.74966514,0.17999999,0.0,0.15873647,26.070183,26.100183,2790400
hardzero_plus_depr__c0p50__z1p10__lam0p030__nu0p50__psi0p75,hardzero_plus_depr,0.02,34,872,0.0,2,0.09214938,0.09214938,0.9823317,0.104152165,0.104152165,1.0,6.566347e-12,6.304571e-11,-26.289406,2.1611729,0.720391,0.216,0.0,0.12742482,26.100183,26.130184,2793600
hardzero_plus_depr__c0p50__z1p10__lam0p030__nu0p50__psi0p75,hardzero_plus_depr,0.02,34,873,0.0,2,0.09214938,0.09214938,0.9907917,0.10214294,0.10214294,1.0,6.2964044e-12,6.164307e-11,-26.279713,2.1797853,0.7265951,0.208,0.0,0.1484074,26.130184,26.160185,2796800
hardzero_plus_depr__c0p50__z1p10__lam0p030__nu0p50__psi0p75,hardzero_plus_depr,0.02,34,874,0.0,2,0.09214938,0.09214938,0.97581,0.10572799,0.10572799,1.0,6.3723887e-12,6.027154e-11,-25.938501,2.1468248,0.7156083,0.18400002,0.0,0.16263649,26.160185,26.190186,2800000
hardzero_plus_depr__c0p50__z1p10__lam0p030__nu0p50__psi0p75,hardzero_plus_depr,0.02,34,875,0.0,2,0.09214938,0.09214938,0.98735636,0.1029541,0.1029541,1.0,6.0671372e-12,5.8930506e-11,-26.765484,2.1722274,0.7240758,0.16800001,0.0,0.14777252,26.190186,26.220186,2803200
hardzero_plus_depr__c0p50__z1p10__lam0p030__nu0p50__psi0p75,hardzero_plus_depr,0.02,34,876,0.0,2,0.09214938,0.09214938,1.0189558,0.09572915,0.09572915,1.0,5.5158486e-12,5.7619323e-11,-27.391062,2.2417476,0.74724925,0.15200001,0.0,0.1505543,26.220186,26.250187,2806400
hardzero_plus_depr__c0p50__z1p10__lam0p030__nu0p50__psi0p75,hardzero_plus_depr,0.02,34,877,0.0,2,0.09214938,0.09214938,1.0429147,0.09059103,0.09059103,1.0,5.1036545e-12,5.6337306e-11,-28.010174,2.2944584,0.7648195,0.112,0.0,0.15732454,26.250187,26.280188,2809600
hardzero_plus_depr__c0p50__z1p10__lam0p030__nu0p50__psi0p75,hardzero_plus_depr,0.02,34,878,0.0,2,0.09214938,0.09214938,1.0189147,0.09573822,0.09573822,1.0,5.2736366e-12,5.5083924e-11,-27.547798,2.241657,0.747219,0.18400002,0.0,0.13813104,26.280188,26.310188,2812800
hardzero_plus_depr__c0p50__z1p10__lam0p030__nu0p50__psi0p75,hardzero_plus_depr,0.02,34,879,0.0,2,0.09214938,0.09214938,1.0136552,0.096904695,0.096904695,1.0,5.219124e-12,5.385832e-11,-26.427134,2.2300858,0.74336195,0.2,0.0,0.14913762,26.310188,26.340189,2816000
hardzero_plus_depr__c0p50__z1p10__lam0p030__nu0p50__psi0p75,hardzero_plus_depr,0.02,34,880,0.0,2,0.09214938,0.09214938,1.045977,0.08995452,0.08995452,1.0,4.7370038e-12,5.2659987e-11,-27.806898,2.3011954,0.76706517,0.136,0.0,0.15273094,26.340189,26.37019,2819200
hardzero_plus_depr__c0p50__z1p10__lam0p030__nu0p50__psi0p75,hardzero_plus_depr,0.02,34,881,0.0,2,0.09214938,0.09214938,0.9782134,0.1051445,0.1051445,1.0,5.413724e-12,5.1488418e-11,-27.53794,2.1521125,0.71737087,0.24000001,0.0,0.14682035,26.37019,26.40019,2822400
hardzero_plus_depr__c0p50__z1p10__lam0p030__nu0p50__psi0p75,hardzero_plus_depr,0.02,34,882,0.0,2,0.09214938,0.09214938,0.9849284,0.103531264,0.103531264,1.0,5.2120547e-12,5.034281e-11,-26.505013,2.1668859,0.7222953,0.16800001,0.0,0.14220911,26.40019,26.430191,2825600
hardzero_plus_depr__c0p50__z1p10__lam0p030__nu0p50__psi0p75,hardzero_plus_depr,0.02,34,883,0.0,2,0.09214938,0.09214938,1.0311425,0.09308024,0.09308024,1.0,4.58166e-12,4.9222695e-11,-28.101217,2.2685587,0.75618625,0.136,0.0,0.15757248,26.430191,26.460192,2828800
hardzero_plus_depr__c0p50__z1p10__lam0p030__nu0p50__psi0p75,hardzero_plus_depr,0.02,34,884,0.0,2,0.09214938,0.09214938,1.0508962,0.08894137,0.08894137,1.0,4.2805265e-12,4.8127505e-11,-28.117022,2.3120177,0.77067256,0.17,0.0,0.12403326,26.460192,26.490192,2832000
hardzero_plus_depr__c0p50__z1p10__lam0p030__nu0p50__psi0p75,hardzero_plus_depr,0.02,34,885,0.0,2,0.09214938,0.09214938,0.98403037,0.103745595,0.103745595,1.0,4.881923e-12,4.7056678e-11,-26.50069,2.16491,0.7216367,0.208,0.0,0.1588047,26.490192,26.520193,2835200
hardzero_plus_depr__c0p50__z1p10__lam0p030__nu0p50__psi0p75,hardzero_plus_depr,0.02,34,886,0.0,2,0.09214938,0.09214938,0.9952707,0.1010949,0.1010949,1.0,4.651353e-12,4.600977e-11,-26.725428,2.1896393,0.7298798,0.15200001,0.0,0.15684767,26.520193,26.550194,2838400
hardzero_plus_depr__c0p50__z1p10__lam0p030__nu0p50__psi0p75,hardzero_plus_depr,0.02,34,887,0.0,2,0.09214938,0.09214938,1.0290419,0.09353154,0.09353154,1.0,4.207616e-12,4.4986063e-11,-27.807892,2.2639375,0.7546458,0.15200001,0.0,0.15848067,26.550194,26.580194,2841600
hardzero_plus_depr__c0p50__z1p10__lam0p030__nu0p50__psi0p75,hardzero_plus_depr,0.02,34,888,0.0,2,0.09214938,0.09214938,1.0256208,0.094271235,0.094271235,1.0,4.1465334e-12,4.398514e-11,-26.855394,2.2564108,0.75213695,0.17600001,0.0,0.16476072,26.580194,26.610195,2844800
hardzero_plus_depr__c0p50__z1p10__lam0p030__nu0p50__psi0p75,hardzero_plus_depr,0.02,34,889,0.0,2,0.09214938,0.09214938,1.0191455,0.095687345,0.095687345,1.0,4.1151835e-12,4.300656e-11,-27.585789,2.2421649,0.7473883,0.120000005,0.0,0.15464973,26.610195,26.640196,2848000
hardzero_plus_depr__c0p50__z1p10__lam0p030__nu0p50__psi0p75,hardzero_plus_depr,0.02,34,890,0.0,2,0.09214938,0.09214938,1.0252578,0.09435005,0.09435005,1.0,3.9673894e-12,4.204968e-11,-27.260183,2.2556121,0.75187075,0.224,0.0,0.17523943,26.640196,26.670197,2851200
hardzero_plus_depr__c0p50__z1p10__lam0p030__nu0p50__psi0p75,hardzero_plus_depr,0.02,34,891,0.0,2,0.09214938,0.09214938,0.9830659,0.10397623,0.10397623,1.0,4.274887e-12,4.111408e-11,-26.458513,2.1627882,0.7209294,0.16000001,0.0,0.12564212,26.670197,26.700197,2854400
hardzero_plus_depr__c0p50__z1p10__lam0p030__nu0p50__psi0p75,hardzero_plus_depr,0.02,34,892,0.0,2,0.09214938,0.09214938,0.9458663,0.113274895,0.113274895,1.0,4.553572e-12,4.0199306e-11,-25.470657,2.0809474,0.6936492,0.112,0.0,0.12151327,26.700197,26.730198,2857600
hardzero_plus_depr__c0p50__z1p10__lam0p030__nu0p50__psi0p75,hardzero_plus_depr,0.02,34,893,0.0,2,0.09214938,0.09214938,1.076496,0.08385017,0.08385017,1.0,3.295721e-12,3.9304882e-11,-27.398615,2.3683386,0.78944623,0.112,0.0,0.16551952,26.730198,26.760199,2860800
hardzero_plus_depr__c0p50__z1p10__lam0p030__nu0p50__psi0p75,hardzero_plus_depr,0.02,34,894,0.0,2,0.09214938,0.09214938,0.9973458,0.100613035,0.100613035,1.0,3.8666024e-12,3.8430432e-11,-26.824553,2.1942046,0.73140156,0.208,0.0,0.124944486,26.760199,26.7902,2864000
hardzero_plus_depr__c0p50__z1p10__lam0p030__nu0p50__psi0p75,hardzero_plus_depr,0.02,34,895,0.0,2,0.09214938,0.09214938,1.0273051,0.09390633,0.09390633,1.0,3.5285644e-12,3.7575363e-11,-27.031017,2.2601163,0.75337213,0.16000001,0.0,0.13368744,26.7902,26.8202,2867200
hardzero_plus_depr__c0p50__z1p10__lam0p030__nu0p50__psi0p75,hardzero_plus_depr,0.02,34,896,0.0,2,0.09214938,0.09214938,1.018525,0.09582415,0.09582415,1.0,3.5205146e-12,3.6739323e-11,-27.328068,2.2407997,0.7469332,0.136,0.0,0.14377871,26.8202,26.8502,2870400
hardzero_plus_depr__c0p50__z1p10__lam0p030__nu0p50__psi0p75,hardzero_plus_depr,0.02,34,897,0.0,2,0.09214938,0.09214938,0.98792845,0.10281857,0.10281857,1.0,3.693444e-12,3.5921953e-11,-26.025444,2.173486,0.72449535,0.17999999,0.0,0.14643317,26.8502,26.880201,2873600
hardzero_plus_depr__c0p50__z1p10__lam0p030__nu0p50__psi0p75,hardzero_plus_depr,0.02,34,898,0.0,2,0.09214938,0.09214938,1.0350968,0.09223659,0.09223659,1.0,3.2395978e-12,3.5122696e-11,-27.825153,2.2772584,0.75908613,0.128,0.0,0.15011945,26.880201,26.910202,2876800
hardzero_plus_depr__c0p50__z1p10__lam0p030__nu0p50__psi0p75,hardzero_plus_depr,0.02,34,899,0.0,2,0.09214938,0.09214938,1.0130327,0.0970437,0.0970437,1.0,3.3325994e-12,3.4341224e-11,-26.673357,2.2287164,0.7429055,0.192,0.0,0.15613274,26.910202,26.940203,2880000
hardzero_plus_depr__c0p50__z1p10__lam0p030__nu0p50__psi0p75,hardzero_plus_depr,0.02,34,900,0.0,2,0.09214938,0.09214938,0.97085446,0.10694131,0.10694131,1.0,3.5907835e-12,3.357714e-11,-26.563318,2.1359224,0.71197414,0.18400002,0.0,0.12926103,26.940203,26.970203,2883200
hardzero_plus_depr__c0p50__z1p10__lam0p030__nu0p50__psi0p75,hardzero_plus_depr,0.02,34,901,0.0,2,0.09214938,0.09214938,0.9712333,0.10684806,0.10684806,1.0,3.5078281e-12,3.2830058e-11,-25.885798,2.136756,0.712252,0.16800001,0.0,0.13600335,26.970203,27.000204,2886400
hardzero_plus_depr__c0p50__z1p10__lam0p030__nu0p50__psi0p75,hardzero_plus_depr,0.02,34,902,0.0,2,0.09214938,0.09214938,0.98690706,0.10306065,0.10306065,1.0,3.308212e-12,3.2099663e-11,-27.274393,2.171239,0.7237463,0.192,0.0,0.15393777,27.000204,27.030205,2889600
hardzero_plus_depr__c0p50__z1p10__lam0p030__nu0p50__psi0p75,hardzero_plus_depr,0.02,34,903,0.0,2,0.09214938,0.09214938,0.97548467,0.10580723,0.10580723,1.0,3.3208076e-12,3.138545e-11,-26.35329,2.146109,0.7153697,0.17600001,0.0,0.14890331,27.030205,27.060205,2892800
hardzero_plus_depr__c0p50__z1p10__lam0p030__nu0p50__psi0p75,hardzero_plus_depr,0.02,34,904,0.0,2,0.09214938,0.09214938,1.049041,0.0893221,0.0893221,1.0,2.7410392e-12,3.0687133e-11,-27.199892,2.3079364,0.76931214,0.14400001,0.0,0.14591092,27.060205,27.090206,2896000
hardzero_plus_depr__c0p50__z1p10__lam0p030__nu0p50__psi0p75,hardzero_plus_depr,0.02,34,905,0.0,2,0.09214938,0.09214938,0.9726004,0.10651225,0.10651225,1.0,3.1958375e-12,3.0004412e-11,-27.16357,2.1397636,0.7132546,0.14400001,0.0,0.14359356,27.090206,27.120207,2899200
hardzero_plus_depr__c0p50__z1p10__lam0p030__nu0p50__psi0p75,hardzero_plus_depr,0.02,34,906,0.0,2,0.09214938,0.09214938,1.0472847,0.089684054,0.089684054,1.0,2.6310453e-12,2.9336825e-11,-27.621704,2.3040724,0.76802415,0.18400002,0.0,0.18785547,27.120207,27.150208,2902400
hardzero_plus_depr__c0p50__z1p10__lam0p030__nu0p50__psi0p75,hardzero_plus_depr,0.02,34,907,0.0,2,0.09214938,0.09214938,0.9956003,0.10101821,0.10101821,1.0,2.897615e-12,2.8684086e-11,-26.269974,2.1903644,0.7301215,0.216,0.0,0.1482477,27.150208,27.180208,2905600
hardzero_plus_depr__c0p50__z1p10__lam0p030__nu0p50__psi0p75,hardzero_plus_depr,0.02,34,908,0.0,2,0.09214938,0.09214938,0.98892146,0.10258374,0.10258374,1.0,2.8770508e-12,2.8045875e-11,-26.251099,2.1756706,0.72522354,0.18400002,0.0,0.12820907,27.180208,27.210209,2908800
hardzero_plus_depr__c0p50__z1p10__lam0p030__nu0p50__psi0p75,hardzero_plus_depr,0.02,34,909,0.0,2,0.09214938,0.09214938,1.0167152,0.09622431,0.09622431,1.0,2.6386495e-12,2.742186e-11,-27.091805,2.236818,0.74560606,0.192,0.0,0.15886284,27.210209,27.24021,2912000
hardzero_plus_depr__c0p50__z1p10__lam0p030__nu0p50__psi0p75,hardzero_plus_depr,0.02,34,910,0.0,2,0.09214938,0.09214938,0.9780491,0.10518429,0.10518429,1.0,2.820178e-12,2.681178e-11,-26.108498,2.151751,0.71725035,0.19,0.0,0.134162,27.24021,27.27021,2915200
hardzero_plus_depr__c0p50__z1p10__lam0p030__nu0p50__psi0p75,hardzero_plus_depr,0.02,34,911,0.0,2,0.09214938,0.09214938,0.95874625,0.10996481,0.10996481,1.0,2.8827526e-12,2.6215228e-11,-25.938208,2.109284,0.70309466,0.2,0.0,0.13555883,27.27021,27.30021,2918400
hardzero_plus_depr__c0p50__z1p10__lam0p030__nu0p50__psi0p75,hardzero_plus_depr,0.02,34,912,0.0,2,0.09214938,0.09214938,0.9900782,0.10231086,0.10231086,1.0,2.6224261e-12,2.5631943e-11,-27.182886,2.1782155,0.72607183,0.128,0.0,0.15406868,27.30021,27.330212,2921600
hardzero_plus_depr__c0p50__z1p10__lam0p030__nu0p50__psi0p75,hardzero_plus_depr,0.02,34,913,0.0,2,0.09214938,0.09214938,0.9714606,0.10679216,0.10679216,1.0,2.676392e-12,2.506169e-11,-27.159756,2.137256,0.7124187,0.2,0.0,0.16569309,27.330212,27.360212,2924800
hardzero_plus_depr__c0p50__z1p10__lam0p030__nu0p50__psi0p75,hardzero_plus_depr,0.02,34,914,0.0,2,0.09214938,0.09214938,0.972264,0.10659478,0.10659478,1.0,2.612006e-12,2.4504072e-11,-26.209198,2.1390235,0.71300787,0.17600001,0.0,0.15450127,27.360212,27.390213,2928000
hardzero_plus_depr__c0p50__z1p10__lam0p030__nu0p50__psi0p75,hardzero_plus_depr,0.02,34,915,0.0,2,0.09214938,0.09214938,0.98667157,0.10311657,0.10311657,1.0,2.4705559e-12,2.3958863e-11,-26.408392,2.1707208,0.7235736,0.16000001,0.008,0.1479042,27.390213,27.420214,2931200
hardzero_plus_depr__c0p50__z1p10__lam0p030__nu0p50__psi0p75,hardzero_plus_depr,0.02,34,916,0.0,2,0.09214938,0.09214938,0.99936557,0.10014618,0.10014618,1.0,2.346003e-12,2.3425786e-11,-26.773884,2.1986482,0.73288274,0.16800001,0.0,0.13636889,27.420214,27.450214,2934400
hardzero_plus_depr__c0p50__z1p10__lam0p030__nu0p50__psi0p75,hardzero_plus_depr,0.02,34,917,0.0,2,0.09214938,0.09214938,0.9990985,0.100207806,0.100207806,1.0,2.2952165e-12,2.2904569e-11,-26.482214,2.1980605,0.7326869,0.192,0.0,0.13883032,27.450214,27.480215,2937600
hardzero_plus_depr__c0p50__z1p10__lam0p030__nu0p50__psi0p75,hardzero_plus_depr,0.02,34,918,0.0,2,0.09214938,0.09214938,0.9839409,0.10376696,0.10376696,1.0,2.32386e-12,2.239499e-11,-26.219639,2.1647131,0.7215711,0.120000005,0.0,0.13182351,27.480215,27.510216,2940800
hardzero_plus_depr__c0p50__z1p10__lam0p030__nu0p50__psi0p75,hardzero_plus_depr,0.02,34,919,0.0,2,0.09214938,0.09214938,1.0081204,0.09814757,0.09814757,1.0,2.1491086e-12,2.1896707e-11,-26.533636,2.217909,0.73930305,0.18400002,0.0,0.14308983,27.510216,27.540216,2944000
hardzero_plus_depr__c0p50__z1p10__lam0p030__nu0p50__psi0p75,hardzero_plus_depr,0.02,34,920,0.0,2,0.09214938,0.09214938,1.0180776,0.09592292,0.09592292,1.0,2.0536628e-12,2.1409511e-11,-26.814209,2.2398155,0.74660516,0.136,0.0,0.14519747,27.540216,27.570217,2947200
hardzero_plus_depr__c0p50__z1p10__lam0p030__nu0p50__psi0p75,hardzero_plus_depr,0.02,34,921,0.0,2,0.09214938,0.09214938,0.9817372,0.10429482,0.10429482,1.0,2.1832239e-12,2.0933194e-11,-26.590927,2.159865,0.71995497,0.17600001,0.0,0.15072265,27.570217,27.600218,2950400
hardzero_plus_depr__c0p50__z1p10__lam0p030__nu0p50__psi0p75,hardzero_plus_depr,0.02,34,922,0.0,2,0.09214938,0.09214938,0.97442526,0.10606564,0.10606564,1.0,2.1708917e-12,2.0467437e-11,-26.973553,2.1437783,0.7145928,0.2,0.0,0.1627887,27.600218,27.630219,2953600
hardzero_plus_depr__c0p50__z1p10__lam0p030__nu0p50__psi0p75,hardzero_plus_depr,0.02,34,923,0.0,2,0.09214938,0.09214938,1.0276557,0.09383055,0.09383055,1.0,1.8777408e-12,2.0012042e-11,-27.09015,2.2608876,0.7536292,0.11,0.0,0.13935013,27.630219,27.66022,2956800
hardzero_plus_depr__c0p50__z1p10__lam0p030__nu0p50__psi0p75,hardzero_plus_depr,0.02,34,924,0.0,2,0.09214938,0.09214938,1.0000577,0.09998672,0.09998672,1.0,1.956418e-12,1.956678e-11,-26.591482,2.2001708,0.7333903,0.192,0.0,0.1405976,27.66022,27.69022,2960000
hardzero_plus_depr__c0p50__z1p10__lam0p030__nu0p50__psi0p75,hardzero_plus_depr,0.02,34,925,0.0,2,0.09214938,0.09214938,1.0397838,0.091246486,0.091246486,1.0,1.7456753e-12,1.9131426e-11,-26.617092,2.28757,0.76252335,0.16000001,0.0,0.16264246,27.69022,27.72022,2963200
hardzero_plus_depr__c0p50__z1p10__lam0p030__nu0p50__psi0p75,hardzero_plus_depr,0.02,34,926,0.0,2,0.09214938,0.09214938,0.98054653,0.10458117,0.10458117,1.0,1.9562737e-12,1.8705792e-11,-26.748215,2.1572454,0.7190818,0.14400001,0.0,0.13243274,27.72022,27.750221,2966400
hardzero_plus_depr__c0p50__z1p10__lam0p030__nu0p50__psi0p75,hardzero_plus_depr,0.02,34,927,0.0,2,0.09214938,0.09214938,1.0532106,0.08846865,0.08846865,1.0,1.6180555e-12,1.8289592e-11,-28.97954,2.3171096,0.77236986,0.2,0.0,0.14567614,27.750221,27.780222,2969600
hardzero_plus_depr__c0p50__z1p10__lam0p030__nu0p50__psi0p75,hardzero_plus_depr,0.02,34,928,0.0,2,0.09214938,0.09214938,1.0028659,0.09934228,0.09934228,1.0,1.7765035e-12,1.7882654e-11,-26.546368,2.2063491,0.73544973,0.080000006,0.0,0.13931142,27.780222,27.810223,2972800
hardzero_plus_depr__c0p50__z1p10__lam0p030__nu0p50__psi0p75,hardzero_plus_depr,0.02,34,929,0.0,2,0.09214938,0.09214938,1.0064354,0.09852913,0.09852913,1.0,1.7227623e-12,1.7484802e-11,-27.248373,2.2142022,0.7380674,0.128,0.0,0.15896794,27.810223,27.840223,2976000
hardzero_plus_depr__c0p50__z1p10__lam0p030__nu0p50__psi0p75,hardzero_plus_depr,0.02,34,930,0.0,2,0.09214938,0.09214938,1.0107943,0.09754517,0.09754517,1.0,1.6676097e-12,1.709577e-11,-26.718994,2.2237918,0.741264,0.2,0.0,0.1538119,27.840223,27.870224,2979200
hardzero_plus_depr__c0p50__z1p10__lam0p030__nu0p50__psi0p75,hardzero_plus_depr,0.02,34,931,0.0,2,0.09214938,0.09214938,1.0222532,0.09500509,0.09500509,1.0,1.5880475e-12,1.6715395e-11,-28.551395,2.2490017,0.7496673,0.096,0.0,0.15297933,27.870224,27.900225,2982400
hardzero_plus_depr__c0p50__z1p10__lam0p030__nu0p50__psi0p75,hardzero_plus_depr,0.02,34,932,0.0,2,0.09214938,0.09214938,1.0004337,0.0999002,0.0999002,1.0,1.632717e-12,1.634348e-11,-26.968008,2.200998,0.73366606,0.18400002,0.0,0.15040307,27.900225,27.930225,2985600
hardzero_plus_depr__c0p50__z1p10__lam0p030__nu0p50__psi0p75,hardzero_plus_depr,0.02,34,933,0.0,2,0.09214938,0.09214938,1.0243812,0.09454071,0.09454071,1.0,1.5107457e-12,1.5979844e-11,-27.822996,2.2536836,0.75122786,0.18400002,0.0,0.16145174,27.930225,27.960226,2988800
hardzero_plus_depr__c0p50__z1p10__lam0p030__nu0p50__psi0p75,hardzero_plus_depr,0.02,34,934,0.0,2,0.09214938,0.09214938,1.0505255,0.0890173,0.0890173,1.0,1.3908353e-12,1.5624325e-11,-29.156122,2.3112023,0.77040076,0.15200001,0.0,0.15376334,27.960226,27.990227,2992000
hardzero_plus_depr__c0p50__z1p10__lam0p030__nu0p50__psi0p75,hardzero_plus_depr,0.02,34,935,0.0,2,0.09214938,0.09214938,0.9959006,0.100948386,0.100948386,1.0,1.542157e-12,1.5276688e-11,-26.871119,2.191025,0.7303417,0.15200001,0.0,0.15180404,27.990227,28.020227,2995200
hardzero_plus_depr__c0p50__z1p10__lam0p030__nu0p50__psi0p75,hardzero_plus_depr,0.02,34,936,0.0,2,0.09214938,0.09214938,1.0423301,0.09071306,0.09071306,1.0,1.3549616e-12,1.4936786e-11,-27.876257,2.2931721,0.7643907,0.13,0.0,0.1657676,28.020227,28.050228,2998400
hardzero_plus_depr__c0p50__z1p10__lam0p030__nu0p50__psi0p75,hardzero_plus_depr,0.02,34,937,0.0,2,0.09214938,0.09214938,0.97879994,0.105002604,0.105002604,1.0,1.533508e-12,1.4604476e-11,-26.515146,2.1534028,0.717801,0.16000001,0.0,0.14565764,28.050228,28.080229,3001600
hardzero_plus_depr__c0p50__z1p10__lam0p030__nu0p50__psi0p75,hardzero_plus_depr,0.02,34,938,0.0,2,0.09214938,0.09214938,1.0109838,0.09750259,0.09750259,1.0,1.3922911e-12,1.427953e-11,-27.302067,2.2242088,0.741403,0.15200001,0.0,0.15836921,28.080229,28.11023,3004800
hardzero_plus_depr__c0p50__z1p10__lam0p030__nu0p50__psi0p75,hardzero_plus_depr,0.02,34,939,0.0,2,0.09214938,0.09214938,0.99670696,0.10076112,0.10076112,1.0,1.4068079e-12,1.3961813e-11,-26.842693,2.192799,0.73093307,0.120000005,0.0,0.14022629,28.11023,28.14023,3008000
hardzero_plus_depr__c0p50__z1p10__lam0p030__nu0p50__psi0p75,hardzero_plus_depr,0.02,34,940,0.0,2,0.09214938,0.09214938,0.9945793,0.10125599,0.10125599,1.0,1.3822624e-12,1.3651166e-11,-26.844076,2.1881182,0.72937274,0.16800001,0.0,0.14024076,28.14023,28.17023,3011200
hardzero_plus_depr__c0p50__z1p10__lam0p030__nu0p50__psi0p75,hardzero_plus_depr,0.02,34,941,0.0,2,0.09214938,0.09214938,0.98328644,0.10392344,0.10392344,1.0,1.387111e-12,1.3347432e-11,-26.723236,2.1632733,0.72109115,0.16800001,0.008,0.14643009,28.17023,28.200232,3014400
hardzero_plus_depr__c0p50__z1p10__lam0p030__nu0p50__psi0p75,hardzero_plus_depr,0.02,34,942,0.0,2,0.09214938,0.09214938,1.0613878,0.08681849,0.08681849,1.0,1.133023e-12,1.3050481e-11,-28.005129,2.3350997,0.77836657,0.104,0.0,0.16824505,28.200232,28.230232,3017600
hardzero_plus_depr__c0p50__z1p10__lam0p030__nu0p50__psi0p75,hardzero_plus_depr,0.02,34,943,0.0,2,0.09214938,0.09214938,0.99501616,0.101154186,0.101154186,1.0,1.2907385e-12,1.2760109e-11,-25.962202,2.1890793,0.7296931,0.16000001,0.0,0.14360942,28.230232,28.260233,3020800
hardzero_plus_depr__c0p50__z1p10__lam0p030__nu0p50__psi0p75,hardzero_plus_depr,0.02,34,944,0.0,2,0.09214938,0.09214938,1.0176685,0.096013315,0.096013315,1.0,1.1978814e-12,1.2476201e-11,-27.061394,2.2389154,0.74630517,0.14400001,0.0,0.16763288,28.260233,28.290234,3024000
hardzero_plus_depr__c0p50__z1p10__lam0p030__nu0p50__psi0p75,hardzero_plus_depr,0.02,34,945,0.0,2,0.09214938,0.09214938,0.99336535,0.10153942,0.10153942,1.0,1.238642e-12,1.2198632e-11,-27.735767,2.1854475,0.7284825,0.16000001,0.0,0.15337147,28.290234,28.320234,3027200
hardzero_plus_depr__c0p50__z1p10__lam0p030__nu0p50__psi0p75,hardzero_plus_depr,0.02,34,946,0.0,2,0.09214938,0.09214938,1.0103093,0.097654134,0.097654134,1.0,1.164742e-12,1.1927217e-11,-27.235872,2.222725,0.7409083,0.18400002,0.0,0.1504654,28.320234,28.350235,3030400
hardzero_plus_depr__c0p50__z1p10__lam0p030__nu0p50__psi0p75,hardzero_plus_depr,0.02,34,947,0.0,2,0.09214938,0.09214938,0.9745054,0.106046066,0.106046066,1.0,1.2366922e-12,1.1661839e-11,-26.228466,2.1439548,0.7146516,0.216,0.0,0.15175965,28.350235,28.380236,3033600
hardzero_plus_depr__c0p50__z1p10__lam0p030__nu0p50__psi0p75,hardzero_plus_depr,0.02,34,948,0.0,2,0.09214938,0.09214938,0.9948186,0.10120019,0.10120019,1.0,1.1539216e-12,1.1402365e-11,-26.612553,2.1886446,0.7295482,0.2,0.0,0.14582519,28.380236,28.410236,3036800
hardzero_plus_depr__c0p50__z1p10__lam0p030__nu0p50__psi0p75,hardzero_plus_depr,0.02,34,949,0.0,2,0.09214938,0.09214938,1.0205736,0.0953732,0.0953732,1.0,1.0632839e-12,1.1148666e-11,-27.86789,2.2453067,0.7484356,0.17999999,0.0,0.15354316,28.410236,28.440237,3040000
hardzero_plus_depr__c0p50__z1p10__lam0p030__nu0p50__psi0p75,hardzero_plus_depr,0.02,34,950,0.0,2,0.09214938,0.09214938,1.008953,0.09795959,0.09795959,1.0,1.0678214e-12,1.0900631e-11,-27.112764,2.2197409,0.73991364,0.15200001,0.0,0.16726558,28.440237,28.470238,3043200
hardzero_plus_depr__c0p50__z1p10__lam0p030__nu0p50__psi0p75,hardzero_plus_depr,0.02,34,951,0.0,2,0.09214938,0.09214938,0.9674482,0.10778338,0.10778338,1.0,1.1487657e-12,1.0658097e-11,-26.22872,2.1284285,0.7094762,0.14400001,0.0,0.12542412,28.470238,28.500238,3046400
hardzero_plus_depr__c0p50__z1p10__lam0p030__nu0p50__psi0p75,hardzero_plus_depr,0.02,34,952,0.0,2,0.09214938,0.09214938,0.9766997,0.105511606,0.105511606,1.0,1.0995318e-12,1.0420956e-11,-26.644009,2.1487823,0.7162608,0.14400001,0.0,0.15235138,28.500238,28.53024,3049600
hardzero_plus_depr__c0p50__z1p10__lam0p030__nu0p50__psi0p75,hardzero_plus_depr,0.02,34,953,0.0,2,0.09214938,0.09214938,1.0167772,0.09621059,0.09621059,1.0,9.803006e-13,1.0189113e-11,-27.061113,2.2369545,0.7456515,0.18400002,0.0,0.15233497,28.53024,28.56024,3052800
hardzero_plus_depr__c0p50__z1p10__lam0p030__nu0p50__psi0p75,hardzero_plus_depr,0.02,34,954,0.0,2,0.09214938,0.09214938,1.0322373,0.0928459,0.0928459,1.0,9.249688e-13,9.962408e-12,-27.230787,2.2709675,0.7569892,0.192,0.0,0.13854752,28.56024,28.59024,3056000
hardzero_plus_depr__c0p50__z1p10__lam0p030__nu0p50__psi0p75,hardzero_plus_depr,0.02,34,955,0.0,2,0.09214938,0.09214938,1.0024244,0.09944332,0.09944332,1.0,9.686522e-13,9.740747e-12,-27.039488,2.2053776,0.7351259,0.104,0.0,0.1487626,28.59024,28.620241,3059200
hardzero_plus_depr__c0p50__z1p10__lam0p030__nu0p50__psi0p75,hardzero_plus_depr,0.02,34,956,0.0,2,0.09214938,0.09214938,0.99884,0.10026746,0.10026746,1.0,9.54949e-13,9.524017e-12,-27.043182,2.197492,0.73249733,0.17600001,0.0,0.14820066,28.620241,28.650242,3062400
hardzero_plus_depr__c0p50__z1p10__lam0p030__nu0p50__psi0p75,hardzero_plus_depr,0.02,34,957,0.0,2,0.09214938,0.09214938,1.0077494,0.09823145,0.09823145,1.0,9.147421e-13,9.312111e-12,-27.115053,2.217093,0.739031,0.17600001,0.008,0.14996508,28.650242,28.680243,3065600
hardzero_plus_depr__c0p50__z1p10__lam0p030__nu0p50__psi0p75,hardzero_plus_depr,0.02,34,958,0.0,2,0.09214938,0.09214938,1.0495712,0.089213155,0.089213155,1.0,8.1228004e-13,9.1049356e-12,-27.555756,2.3091025,0.7697009,0.14400001,0.0,0.20163928,28.680243,28.710243,3068800
hardzero_plus_depr__c0p50__z1p10__lam0p030__nu0p50__psi0p75,hardzero_plus_depr,0.02,34,959,0.0,2,0.09214938,0.09214938,0.9814482,0.10436427,0.10436427,1.0,9.290875e-13,8.902353e-12,-26.248152,2.159229,0.719743,0.136,0.0,0.11597214,28.710243,28.740244,3072000
hardzero_plus_depr__c0p50__z1p10__lam0p030__nu0p50__psi0p75,hardzero_plus_depr,0.02,34,960,0.0,2,0.09214938,0.09214938,0.9800142,0.10470944,0.10470944,1.0,9.114201e-13,8.704279e-12,-26.6948,2.1560743,0.71869147,0.18400002,0.0,0.1194115,28.740244,28.770245,3075200
hardzero_plus_depr__c0p50__z1p10__lam0p030__nu0p50__psi0p75,hardzero_plus_depr,0.02,34,961,0.0,2,0.09214938,0.09214938,0.99868864,0.10030241,0.10030241,1.0,8.5363633e-13,8.510626e-12,-26.652834,2.1971588,0.7323863,0.23200001,0.0,0.11917008,28.770245,28.800245,3078400
hardzero_plus_depr__c0p50__z1p10__lam0p030__nu0p50__psi0p75,hardzero_plus_depr,0.02,34,962,0.0,2,0.09214938,0.09214938,1.03887,0.091438696,0.091438696,1.0,7.6088593e-13,8.321268e-12,-27.287548,2.2855597,0.7618532,0.07,0.0,0.13795052,28.800245,28.830246,3081600
hardzero_plus_depr__c0p50__z1p10__lam0p030__nu0p50__psi0p75,hardzero_plus_depr,0.02,34,963,0.0,2,0.09214938,0.09214938,1.0160365,0.0963748,0.0963748,1.0,7.8411713e-13,8.136122e-12,-26.582228,2.2353249,0.7451083,0.192,0.008,0.15321937,28.830246,28.860247,3084800
hardzero_plus_depr__c0p50__z1p10__lam0p030__nu0p50__psi0p75,hardzero_plus_depr,0.02,34,964,0.0,2,0.09214938,0.09214938,0.9593166,0.1098205,0.1098205,1.0,8.736325e-13,7.955095e-12,-26.884125,2.1105387,0.7035129,0.16800001,0.0,0.13098435,28.860247,28.890247,3088000
hardzero_plus_depr__c0p50__z1p10__lam0p030__nu0p50__psi0p75,hardzero_plus_depr,0.02,34,965,0.0,2,0.09214938,0.09214938,1.056719,0.08775685,0.08775685,1.0,6.8258127e-13,7.778097e-12,-27.034338,2.3248281,0.77494276,0.104,0.0,0.15488891,28.890247,28.920248,3091200
hardzero_plus_depr__c0p50__z1p10__lam0p030__nu0p50__psi0p75,hardzero_plus_depr,0.02,34,966,0.0,2,0.09214938,0.09214938,0.9820525,0.10421913,0.10421913,1.0,7.9259174e-13,7.60505e-12,-26.460058,2.1605587,0.72018623,0.16000001,0.0,0.1555555,28.920248,28.950249,3094400
hardzero_plus_depr__c0p50__z1p10__lam0p030__nu0p50__psi0p75,hardzero_plus_depr,0.02,34,967,0.0,2,0.09214938,0.09214938,1.0412592,0.09093705,0.09093705,1.0,6.7619337e-13,7.43584e-12,-28.2772,2.2908158,0.7636053,0.15200001,0.0,0.18542409,28.950249,28.98025,3097600
hardzero_plus_depr__c0p50__z1p10__lam0p030__nu0p50__psi0p75,hardzero_plus_depr,0.02,34,968,0.0,2,0.09214938,0.09214938,1.0360367,0.092037186,0.092037186,1.0,6.691467e-13,7.270395e-12,-27.524227,2.2793262,0.7597754,0.16000001,0.0,0.1715555,28.98025,29.01025,3100800
hardzero_plus_depr__c0p50__z1p10__lam0p030__nu0p50__psi0p75,hardzero_plus_depr,0.02,34,969,0.0,2,0.09214938,0.09214938,1.01607,0.09636736,0.09636736,1.0,6.850412e-13,7.1086435e-12,-26.946932,2.2353988,0.7451329,0.18400002,0.0,0.1314528,29.01025,29.04025,3104000
hardzero_plus_depr__c0p50__z1p10__lam0p030__nu0p50__psi0p75,hardzero_plus_depr,0.02,34,970,0.0,2,0.09214938,0.09214938,0.9863793,0.103185974,0.103185974,1.0,7.171918e-13,6.950478e-12,-27.187202,2.1700778,0.7233593,0.192,0.0,0.15127279,29.04025,29.070251,3107200
hardzero_plus_depr__c0p50__z1p10__lam0p030__nu0p50__psi0p75,hardzero_plus_depr,0.02,34,971,0.0,2,0.09214938,0.09214938,0.9620765,0.109124824,0.109124824,1.0,7.4159396e-13,6.795832e-12,-26.10899,2.1166105,0.70553684,0.192,0.0,0.14731435,29.070251,29.100252,3110400
hardzero_plus_depr__c0p50__z1p10__lam0p030__nu0p50__psi0p75,hardzero_plus_depr,0.02,34,972,0.0,2,0.09214938,0.09214938,1.0248328,0.09444243,0.09444243,1.0,6.275347e-13,6.644627e-12,-27.403917,2.2546773,0.75155914,0.120000005,0.0,0.15011111,29.100252,29.130253,3113600
hardzero_plus_depr__c0p50__z1p10__lam0p030__nu0p50__psi0p75,hardzero_plus_depr,0.02,34,973,0.0,2,0.09214938,0.09214938,1.0352064,0.092213295,0.092213295,1.0,5.9909e-13,6.4967853e-12,-27.38951,2.2774997,0.7591666,0.136,0.0,0.14359319,29.130253,29.160254,3116800
hardzero_plus_depr__c0p50__z1p10__lam0p030__nu0p50__psi0p75,hardzero_plus_depr,0.02,34,974,0.0,2,0.09214938,0.09214938,0.97285974,0.10644868,0.10644868,1.0,6.761882e-13,6.352246e-12,-26.507921,2.1403341,0.7134447,0.2,0.0,0.15065399,29.160254,29.190254,3120000
hardzero_plus_depr__c0p50__z1p10__lam0p030__nu0p50__psi0p75,hardzero_plus_depr,0.02,34,975,0.0,2,0.09214938,0.09214938,1.0089053,0.09797036,0.09797036,1.0,6.0848516e-13,6.2109107e-12,-28.018486,2.219636,0.73987865,0.14,0.0,0.13366883,29.190254,29.220255,3123200
hardzero_plus_depr__c0p50__z1p10__lam0p030__nu0p50__psi0p75,hardzero_plus_depr,0.02,34,976,0.0,2,0.09214938,0.09214938,1.0496546,0.08919601,0.08919601,1.0,5.416623e-13,6.0727187e-12,-28.719814,2.309286,0.76976204,0.14400001,0.0,0.16069098,29.220255,29.250256,3126400
hardzero_plus_depr__c0p50__z1p10__lam0p030__nu0p50__psi0p75,hardzero_plus_depr,0.02,34,977,0.0,2,0.09214938,0.09214938,1.0093566,0.09786859,0.09786859,1.0,5.811059e-13,5.937614e-12,-27.230022,2.220629,0.7402097,0.128,0.0,0.14557049,29.250256,29.280256,3129600
hardzero_plus_depr__c0p50__z1p10__lam0p030__nu0p50__psi0p75,hardzero_plus_depr,0.02,34,978,0.0,2,0.09214938,0.09214938,1.0577264,0.0875535,0.0875535,1.0,5.082922e-13,5.8055036e-12,-27.581568,2.3270445,0.7756815,0.16000001,0.0,0.15842062,29.280256,29.310257,3132800
hardzero_plus_depr__c0p50__z1p10__lam0p030__nu0p50__psi0p75,hardzero_plus_depr,0.02,34,979,0.0,2,0.09214938,0.09214938,1.0340112,0.09246742,0.09246742,1.0,5.248758e-13,5.6763327e-12,-28.5256,2.2748702,0.75829005,0.16800001,0.0,0.16876271,29.310257,29.340258,3136000
hardzero_plus_depr__c0p50__z1p10__lam0p030__nu0p50__psi0p75,hardzero_plus_depr,0.02,34,980,0.0,2,0.09214938,0.09214938,0.96741164,0.107792445,0.107792445,1.0,5.982519e-13,5.5500357e-12,-26.830708,2.128348,0.7094494,0.17600001,0.0,0.14050893,29.340258,29.370258,3139200
hardzero_plus_depr__c0p50__z1p10__lam0p030__nu0p50__psi0p75,hardzero_plus_depr,0.02,34,981,0.0,2,0.09214938,0.09214938,0.9994433,0.10012828,0.10012828,1.0,5.43351e-13,5.426549e-12,-25.73272,2.1988192,0.7329397,0.14400001,0.0,0.12696628,29.370258,29.400259,3142400
hardzero_plus_depr__c0p50__z1p10__lam0p030__nu0p50__psi0p75,hardzero_plus_depr,0.02,34,982,0.0,2,0.09214938,0.09214938,0.9943605,0.10130701,0.10130701,1.0,5.3751675e-13,5.30582e-12,-27.28181,2.1876369,0.7292123,0.136,0.0,0.14122942,29.400259,29.43026,3145600
hardzero_plus_depr__c0p50__z1p10__lam0p030__nu0p50__psi0p75,hardzero_plus_depr,0.02,34,983,0.0,2,0.09214938,0.09214938,0.9853426,0.10343258,0.10343258,1.0,5.365841e-13,5.187767e-12,-26.56269,2.167797,0.722599,0.16000001,0.0,0.12962237,29.43026,29.46026,3148800
hardzero_plus_depr__c0p50__z1p10__lam0p030__nu0p50__psi0p75,hardzero_plus_depr,0.02,34,984,0.0,2,0.09214938,0.09214938,0.9766079,0.10553393,0.10553393,1.0,5.3530395e-13,5.07234e-12,-25.329975,2.1485803,0.71619344,0.112,0.0,0.12748156,29.46026,29.490261,3152000
hardzero_plus_depr__c0p50__z1p10__lam0p030__nu0p50__psi0p75,hardzero_plus_depr,0.02,34,985,0.0,2,0.09214938,0.09214938,0.98458266,0.10361375,0.10361375,1.0,5.138715e-13,4.9594916e-12,-26.899033,2.166125,0.7220417,0.128,0.0,0.13944373,29.490261,29.520262,3155200
hardzero_plus_depr__c0p50__z1p10__lam0p030__nu0p50__psi0p75,hardzero_plus_depr,0.02,34,986,0.0,2,0.09214938,0.09214938,1.0852271,0.08218126,0.08218126,1.0,3.985088e-13,4.8491445e-12,-28.38002,2.3875473,0.7958491,0.17600001,0.0,0.1717337,29.520262,29.550262,3158400
hardzero_plus_depr__c0p50__z1p10__lam0p030__nu0p50__psi0p75,hardzero_plus_depr,0.02,34,987,0.0,2,0.09214938,0.09214938,1.0166563,0.09623736,0.09623736,1.0,4.562856e-13,4.741252e-12,-26.47962,2.2366884,0.7455628,0.14400001,0.008,0.17825234,29.550262,29.580263,3161600
hardzero_plus_depr__c0p50__z1p10__lam0p030__nu0p50__psi0p75,hardzero_plus_depr,0.02,34,988,0.0,2,0.09214938,0.09214938,0.96266025,0.108978234,0.108978234,1.0,5.05197e-13,4.6357605e-12,-27.280783,2.117895,0.705965,0.14999999,0.0,0.13941641,29.580263,29.610264,3164800
hardzero_plus_depr__c0p50__z1p10__lam0p030__nu0p50__psi0p75,hardzero_plus_depr,0.02,34,989,0.0,2,0.09214938,0.09214938,0.9920399,0.101849765,0.101849765,1.0,4.6164586e-13,4.532616e-12,-27.116467,2.1825314,0.72751045,0.120000005,0.0,0.13673615,29.610264,29.640265,3168000
hardzero_plus_depr__c0p50__z1p10__lam0p030__nu0p50__psi0p75,hardzero_plus_depr,0.02,34,990,0.0,2,0.09214938,0.09214938,1.0105187,0.09760707,0.09760707,1.0,4.3257254e-13,4.431775e-12,-26.667686,2.2231855,0.74106187,0.15200001,0.0,0.17141783,29.640265,29.670265,3171200
hardzero_plus_depr__c0p50__z1p10__lam0p030__nu0p50__psi0p75,hardzero_plus_depr,0.02,34,991,0.0,2,0.09214938,0.09214938,0.9674846,0.10777433,0.10777433,1.0,4.670044e-13,4.3331692e-12,-25.408762,2.1285086,0.7095029,0.208,0.0,0.11955707,29.670265,29.700266,3174400
hardzero_plus_depr__c0p50__z1p10__lam0p030__nu0p50__psi0p75,hardzero_plus_depr,0.02,34,992,0.0,2,0.09214938,0.09214938,1.0634086,0.08641545,0.08641545,1.0,3.6612128e-13,4.236757e-12,-28.486618,2.3395457,0.7798486,0.16800001,0.0,0.14178304,29.700266,29.730267,3177600
hardzero_plus_depr__c0p50__z1p10__lam0p030__nu0p50__psi0p75,hardzero_plus_depr,0.02,34,993,0.0,2,0.09214938,0.09214938,1.0135897,0.0969193,0.0969193,1.0,4.014881e-13,4.142499e-12,-28.557272,2.229942,0.743314,0.15200001,0.0,0.15797864,29.730267,29.760267,3180800
hardzero_plus_depr__c0p50__z1p10__lam0p030__nu0p50__psi0p75,hardzero_plus_depr,0.02,34,994,0.0,2,0.09214938,0.09214938,0.98743343,0.102935836,0.102935836,1.0,4.16924e-13,4.050329e-12,-27.380856,2.172397,0.7241323,0.17600001,0.0,0.14270566,29.760267,29.790268,3184000
hardzero_plus_depr__c0p50__z1p10__lam0p030__nu0p50__psi0p75,hardzero_plus_depr,0.02,34,995,0.0,2,0.09214938,0.09214938,0.96157515,0.10925084,0.10925084,1.0,4.326563e-13,3.96021e-12,-26.976189,2.1155076,0.7051692,0.208,0.0,0.12807962,29.790268,29.820269,3187200
hardzero_plus_depr__c0p50__z1p10__lam0p030__nu0p50__psi0p75,hardzero_plus_depr,0.02,34,996,0.0,2,0.09214938,0.09214938,1.033255,0.09262858,0.09262858,1.0,3.5866682e-13,3.8720967e-12,-27.918104,2.2732062,0.75773543,0.120000005,0.0,0.13541822,29.820269,29.85027,3190400
hardzero_plus_depr__c0p50__z1p10__lam0p030__nu0p50__psi0p75,hardzero_plus_depr,0.02,34,997,0.0,2,0.09214938,0.09214938,0.9923778,0.10177056,0.10177056,1.0,3.8529762e-13,3.7859438e-12,-26.484726,2.1832747,0.7277583,0.14400001,0.0,0.13545536,29.85027,29.88027,3193600
hardzero_plus_depr__c0p50__z1p10__lam0p030__nu0p50__psi0p75,hardzero_plus_depr,0.02,34,998,0.0,2,0.09214938,0.09214938,1.0538971,0.0883289,0.0883289,1.0,3.2696835e-13,3.7017143e-12,-28.614317,2.31862,0.77287334,0.080000006,0.0,0.14849843,29.88027,29.91027,3196800
hardzero_plus_depr__c0p50__z1p10__lam0p030__nu0p50__psi0p75,hardzero_plus_depr,0.02,34,999,0.0,2,0.09214938,0.09214938,1.024809,0.09444761,0.09444761,1.0,3.418392e-13,3.6193522e-12,-27.78543,2.2546248,0.7515416,0.16800001,0.0,0.14550115,29.91027,29.940271,3200000
hardzero_plus_depr__c0p50__z1p10__lam0p030__nu0p50__psi0p75,hardzero_plus_depr,0.02,34,1000,0.0,2,0.09214938,0.09214938,1.0179597,0.09594897,0.09594897,1.0,3.395464e-13,3.5388227e-12,-27.357508,2.239556,0.74651873,0.16000001,0.0,0.15265876,29.940271,29.970272,3203200
hardzero_plus_depr__c0p50__z1p10__lam0p030__nu0p50__psi0p75,hardzero_plus_depr,0.02,34,1001,0.0,2,0.09214938,0.09214938,1.0355109,0.09214868,0.09214868,1.0,3.1884285e-13,3.4600914e-12,-27.58368,2.2781694,0.7593898,0.14,0.0,0.16385084,29.970272,30.000273,3206400
hardzero_plus_depr__c0p50__z1p10__lam0p030__nu0p50__psi0p75,hardzero_plus_depr,0.02,34,1002,0.0,2,0.09214938,0.09214938,0.9585538,0.11001356,0.11001356,1.0,3.7218747e-13,3.3831054e-12,-26.488922,2.1088605,0.7029535,0.16000001,0.0,0.15841681,30.000273,30.030273,3209600
hardzero_plus_depr__c0p50__z1p10__lam0p030__nu0p50__psi0p75,hardzero_plus_depr,0.02,34,1003,0.0,2,0.09214938,0.09214938,1.0459898,0.08995188,0.08995188,1.0,2.975457e-13,3.307832e-12,-27.50506,2.3012235,0.7670745,0.112,0.0,0.1451638,30.030273,30.060274,3212800
hardzero_plus_depr__c0p50__z1p10__lam0p030__nu0p50__psi0p75,hardzero_plus_depr,0.02,34,1004,0.0,2,0.09214938,0.09214938,1.0236971,0.09468971,0.09468971,1.0,3.0624862e-13,3.2342334e-12,-27.002901,2.2521787,0.7507262,0.17600001,0.0,0.13925382,30.060274,30.090275,3216000
hardzero_plus_depr__c0p50__z1p10__lam0p030__nu0p50__psi0p75,hardzero_plus_depr,0.02,34,1005,0.0,2,0.09214938,0.09214938,1.0106184,0.09758466,0.09758466,1.0,3.0858934e-13,3.162273e-12,-26.947815,2.223405,0.741135,0.136,0.0,0.15189742,30.090275,30.120275,3219200
hardzero_plus_depr__c0p50__z1p10__lam0p030__nu0p50__psi0p75,hardzero_plus_depr,0.02,34,1006,0.0,2,0.09214938,0.09214938,1.0300139,0.093322426,0.093322426,1.0,2.8854536e-13,3.0919189e-12,-27.488806,2.2660758,0.75535864,0.14400001,0.0,0.17311013,30.120275,30.150276,3222400
hardzero_plus_depr__c0p50__z1p10__lam0p030__nu0p50__psi0p75,hardzero_plus_depr,0.02,34,1007,0.0,2,0.09214938,0.09214938,1.0030547,0.09929908,0.09929908,1.0,3.0019352e-13,3.0231247e-12,-26.79979,2.2067645,0.7355882,0.16800001,0.008,0.1455234,30.150276,30.180277,3225600
hardzero_plus_depr__c0p50__z1p10__lam0p030__nu0p50__psi0p75,hardzero_plus_depr,0.02,34,1008,0.0,2,0.09214938,0.09214938,1.0070486,0.09839009,0.09839009,1.0,2.908274e-13,2.9558608e-12,-27.53006,2.2155511,0.73851705,0.24000001,0.0,0.16702183,30.180277,30.210278,3228800
hardzero_plus_depr__c0p50__z1p10__lam0p030__nu0p50__psi0p75,hardzero_plus_depr,0.02,34,1009,0.0,2,0.09214938,0.09214938,1.041584,0.09086904,0.09086904,1.0,2.6262055e-13,2.8900994e-12,-27.953896,2.2915306,0.76384354,0.112,0.0,0.17743939,30.210278,30.240278,3232000
hardzero_plus_depr__c0p50__z1p10__lam0p030__nu0p50__psi0p75,hardzero_plus_depr,0.02,34,1010,0.0,2,0.09214938,0.09214938,1.0086874,0.09801953,0.09801953,1.0,2.7698313e-13,2.8257954e-12,-27.32836,2.2191565,0.73971885,0.17600001,0.0,0.17730528,30.240278,30.270279,3235200
hardzero_plus_depr__c0p50__z1p10__lam0p030__nu0p50__psi0p75,hardzero_plus_depr,0.02,34,1011,0.0,2,0.09214938,0.09214938,1.0116105,0.097362004,0.097362004,1.0,2.6900365e-13,2.7629223e-12,-27.991299,2.2255876,0.74186254,0.16800001,0.0,0.1676585,30.270279,30.30028,3238400
hardzero_plus_depr__c0p50__z1p10__lam0p030__nu0p50__psi0p75,hardzero_plus_depr,0.02,34,1012,0.0,2,0.09214938,0.09214938,1.0054146,0.09876098,0.09876098,1.0,2.6679762e-13,2.7014478e-12,-27.762287,2.2119563,0.73731875,0.128,0.0,0.15972263,30.30028,30.33028,3241600
hardzero_plus_depr__c0p50__z1p10__lam0p030__nu0p50__psi0p75,hardzero_plus_depr,0.02,34,1013,0.0,2,0.09214938,0.09214938,0.9865147,0.103153825,0.103153825,1.0,2.7246445e-13,2.6413414e-12,-26.043243,2.1703756,0.7234585,0.14400001,0.0,0.12553741,30.33028,30.360281,3244800
hardzero_plus_depr__c0p50__z1p10__lam0p030__nu0p50__psi0p75,hardzero_plus_depr,0.02,34,1014,0.0,2,0.09214938,0.09214938,1.014446,0.09672839,0.09672839,1.0,2.4980853e-13,2.5825772e-12,-26.35497,2.2318258,0.74394196,0.099999994,0.0,0.12247699,30.360281,30.390282,3248000
hardzero_plus_depr__c0p50__z1p10__lam0p030__nu0p50__psi0p75,hardzero_plus_depr,0.02,34,1015,0.0,2,0.09214938,0.09214938,1.0634651,0.0864042,0.0864042,1.0,2.1818058e-13,2.5251155e-12,-28.780607,2.33967,0.77989,0.112,0.0,0.17513965,30.390282,30.420282,3251200
hardzero_plus_depr__c0p50__z1p10__lam0p030__nu0p50__psi0p75,hardzero_plus_depr,0.02,34,1016,0.0,2,0.09214938,0.09214938,1.0655947,0.08598156,0.08598156,1.0,2.1228268e-13,2.4689326e-12,-28.30826,2.344355,0.7814517,0.192,0.0,0.1929792,30.420282,30.450283,3254400
hardzero_plus_depr__c0p50__z1p10__lam0p030__nu0p50__psi0p75,hardzero_plus_depr,0.02,34,1017,0.0,2,0.09214938,0.09214938,1.0732039,0.08448819,0.08448819,1.0,2.0395483e-13,2.414004e-12,-29.050854,2.3610957,0.7870319,0.08800001,0.0,0.15226135,30.450283,30.480284,3257600
hardzero_plus_depr__c0p50__z1p10__lam0p030__nu0p50__psi0p75,hardzero_plus_depr,0.02,34,1018,0.0,2,0.09214938,0.09214938,1.0588887,0.08731951,0.08731951,1.0,2.0609962e-13,2.360293e-12,-27.716303,2.3296015,0.77653384,0.15200001,0.0,0.14990626,30.480284,30.510284,3260800
hardzero_plus_depr__c0p50__z1p10__lam0p030__nu0p50__psi0p75,hardzero_plus_depr,0.02,34,1019,0.0,2,0.09214938,0.09214938,1.0546337,0.08817921,0.08817921,1.0,2.0349794e-13,2.307777e-12,-28.117645,2.3202405,0.77341354,0.120000005,0.0,0.14601095,30.510284,30.540285,3264000
hardzero_plus_depr__c0p50__z1p10__lam0p030__nu0p50__psi0p75,hardzero_plus_depr,0.02,34,1020,0.0,2,0.09214938,0.09214938,1.047596,0.0896198,0.0896198,1.0,2.0222077e-13,2.2564296e-12,-27.64531,2.304757,0.7682524,0.112,0.0,0.15096515,30.540285,30.570286,3267200
hardzero_plus_depr__c0p50__z1p10__lam0p030__nu0p50__psi0p75,hardzero_plus_depr,0.02,34,1021,0.0,2,0.09214938,0.09214938,0.995699,0.10099526,0.10099526,1.0,2.2281824e-13,2.2062248e-12,-27.630672,2.1905816,0.73019385,0.272,0.0,0.15233634,30.570286,30.600286,3270400
hardzero_plus_depr__c0p50__z1p10__lam0p030__nu0p50__psi0p75,hardzero_plus_depr,0.02,34,1022,0.0,2,0.09214938,0.09214938,1.0185392,0.095821016,0.095821016,1.0,2.0669944e-13,2.157141e-12,-26.684841,2.240831,0.74694365,0.136,0.0,0.14635122,30.600286,30.630287,3273600
hardzero_plus_depr__c0p50__z1p10__lam0p030__nu0p50__psi0p75,hardzero_plus_depr,0.02,34,1023,0.0,2,0.09214938,0.09214938,1.0168542,0.09619352,0.09619352,1.0,2.028861e-13,2.109145e-12,-27.49063,2.2371237,0.7457079,0.136,0.0,0.16334271,30.630287,30.660288,3276800
hardzero_plus_depr__c0p50__z1p10__lam0p030__nu0p50__psi0p75,hardzero_plus_depr,0.02,34,1024,0.0,2,0.09214938,0.09214938,0.98821336,0.10275113,0.10275113,1.0,2.1189516e-13,2.0622174e-12,-26.699146,2.1741128,0.72470427,0.16000001,0.0,0.13276531,30.660288,30.690289,3280000
hardzero_plus_depr__c0p50__z1p10__lam0p030__nu0p50__psi0p75,hardzero_plus_depr,0.02,34,1025,0.0,2,0.09214938,0.09214938,1.0531656,0.08847783,0.08847783,1.0,1.7840116e-13,2.0163374e-12,-27.26554,2.3170104,0.77233684,0.208,0.0,0.14438945,30.690289,30.72029,3283200
hardzero_plus_depr__c0p50__z1p10__lam0p030__nu0p50__psi0p75,hardzero_plus_depr,0.02,34,1026,0.0,2,0.09214938,0.09214938,0.98951924,0.10244262,0.10244262,1.0,2.0196301e-13,1.9714744e-12,-26.557323,2.1769857,0.72566193,0.15200001,0.0,0.12681195,30.72029,30.75029,3286400
hardzero_plus_depr__c0p50__z1p10__lam0p030__nu0p50__psi0p75,hardzero_plus_depr,0.02,34,1027,0.0,2,0.09214938,0.09214938,0.9969402,0.10070704,0.10070704,1.0,1.9412385e-13,1.9276095e-12,-26.4461,2.1933122,0.7311041,0.14,0.0,0.17204379,30.75029,30.78029,3289600
hardzero_plus_depr__c0p50__z1p10__lam0p030__nu0p50__psi0p75,hardzero_plus_depr,0.02,34,1028,0.0,2,0.09214938,0.09214938,0.9753668,0.105835944,0.105835944,1.0,1.9947122e-13,1.884721e-12,-25.608025,2.1458497,0.7152833,0.16000001,0.0,0.12998132,30.78029,30.810291,3292800
hardzero_plus_depr__c0p50__z1p10__lam0p030__nu0p50__psi0p75,hardzero_plus_depr,0.02,34,1029,0.0,2,0.09214938,0.09214938,1.0254034,0.09431845,0.09431845,1.0,1.7380875e-13,1.8427863e-12,-27.551699,2.2559326,0.75197756,0.096,0.0,0.15975904,30.810291,30.840292,3296000
hardzero_plus_depr__c0p50__z1p10__lam0p030__nu0p50__psi0p75,hardzero_plus_depr,0.02,34,1030,0.0,2,0.09214938,0.09214938,1.0081135,0.098149136,0.098149136,1.0,1.7684395e-13,1.8017881e-12,-27.371891,2.217894,0.73929805,0.17600001,0.0,0.16611598,30.840292,30.870293,3299200
hardzero_plus_depr__c0p50__z1p10__lam0p030__nu0p50__psi0p75,hardzero_plus_depr,0.02,34,1031,0.0,2,0.09214938,0.09214938,0.9901813,0.10228658,0.10228658,1.0,1.8019816e-13,1.761699e-12,-27.257378,2.1784425,0.72614753,0.16800001,0.0,0.14098454,30.870293,30.900293,3302400
hardzero_plus_depr__c0p50__z1p10__lam0p030__nu0p50__psi0p75,hardzero_plus_depr,0.02,34,1032,0.0,2,0.09214938,0.09214938,1.075223,0.08409633,0.08409633,1.0,1.4485605e-13,1.7225016e-12,-29.255512,2.3655376,0.7885126,0.136,0.0,0.14965688,30.900293,30.930294,3305600
hardzero_plus_depr__c0p50__z1p10__lam0p030__nu0p50__psi0p75,hardzero_plus_depr,0.02,34,1033,0.0,2,0.09214938,0.09214938,1.0266916,0.0940391,0.0940391,1.0,1.5837874e-13,1.6841796e-12,-27.327263,2.2587664,0.7529222,0.192,0.0,0.1439272,30.930294,30.960295,3308800
hardzero_plus_depr__c0p50__z1p10__lam0p030__nu0p50__psi0p75,hardzero_plus_depr,0.02,34,1034,0.0,2,0.09214938,0.09214938,1.0133967,0.09696238,0.09696238,1.0,1.5966861e-13,1.6467069e-12,-26.84315,2.2295172,0.7431724,0.15200001,0.008,0.14800441,30.960295,30.990295,3312000
hardzero_plus_depr__c0p50__z1p10__lam0p030__nu0p50__psi0p75,hardzero_plus_depr,0.02,34,1035,0.0,2,0.09214938,0.09214938,0.97721934,0.10538545,0.10538545,1.0,1.6967776e-13,1.6100682e-12,-26.483839,2.1499255,0.71664184,0.17600001,0.0,0.12737472,30.990295,31.020296,3315200
hardzero_plus_depr__c0p50__z1p10__lam0p030__nu0p50__psi0p75,hardzero_plus_depr,0.02,34,1036,0.0,2,0.09214938,0.09214938,0.99708736,0.10067292,0.10067292,1.0,1.5848381e-13,1.5742446e-12,-27.119457,2.193636,0.731212,0.14400001,0.0,0.13007683,31.020296,31.050297,3318400
hardzero_plus_depr__c0p50__z1p10__lam0p030__nu0p50__psi0p75,hardzero_plus_depr,0.02,34,1037,0.0,2,0.09214938,0.09214938,0.98704696,0.10302746,0.10302746,1.0,1.5858173e-13,1.539218e-12,-26.553087,2.1715467,0.72384894,0.18400002,0.0,0.14706662,31.050297,31.080297,3321600
hardzero_plus_depr__c0p50__z1p10__lam0p030__nu0p50__psi0p75,hardzero_plus_depr,0.02,34,1038,0.0,2,0.09214938,0.09214938,1.0104294,0.097627155,0.097627155,1.0,1.4692632e-13,1.5049739e-12,-26.764349,2.222989,0.74099636,0.15200001,0.0,0.12860838,31.080297,31.110298,3324800
hardzero_plus_depr__c0p50__z1p10__lam0p030__nu0p50__psi0p75,hardzero_plus_depr,0.02,34,1039,0.0,2,0.09214938,0.09214938,0.98111385,0.104444645,0.104444645,1.0,1.5368909e-13,1.4714884e-12,-26.225525,2.1584935,0.71949786,0.18400002,0.0,0.11899077,31.110298,31.140299,3328000
hardzero_plus_depr__c0p50__z1p10__lam0p030__nu0p50__psi0p75,hardzero_plus_depr,0.02,34,1040,0.0,2,0.09214938,0.09214938,1.0148146,0.096646324,0.096646324,1.0,1.3904974e-13,1.4387484e-12,-27.338182,2.2326367,0.74421227,0.17999999,0.0,0.16053398,31.140299,31.1703,3331200
hardzero_plus_depr__c0p50__z1p10__lam0p030__nu0p50__psi0p75,hardzero_plus_depr,0.02,34,1041,0.0,2,0.09214938,0.09214938,0.97462714,0.10601636,0.10601636,1.0,1.4913736e-13,1.4067391e-12,-26.175806,2.1442225,0.7147409,0.128,0.0,0.14420362,31.1703,31.2003,3334400
hardzero_plus_depr__c0p50__z1p10__lam0p030__nu0p50__psi0p75,hardzero_plus_depr,0.02,34,1042,0.0,2,0.09214938,0.09214938,1.0338163,0.092508934,0.092508934,1.0,1.2724045e-13,1.3754396e-12,-27.962492,2.2744415,0.7581472,0.18400002,0.0,0.13889709,31.2003,31.2303,3337600
hardzero_plus_depr__c0p50__z1p10__lam0p030__nu0p50__psi0p75,hardzero_plus_depr,0.02,34,1043,0.0,2,0.09214938,0.09214938,0.9922898,0.10179118,0.10179118,1.0,1.3689249e-13,1.3448365e-12,-26.61894,2.1830812,0.72769374,0.15200001,0.0,0.13906609,31.2303,31.260302,3340800
hardzero_plus_depr__c0p50__z1p10__lam0p030__nu0p50__psi0p75,hardzero_plus_depr,0.02,34,1044,0.0,2,0.09214938,0.09214938,1.006075,0.09861091,0.09861091,1.0,1.2966487e-13,1.3149141e-12,-27.161226,2.2134092,0.7378031,0.16800001,0.0,0.15663353,31.260302,31.290302,3344000
hardzero_plus_depr__c0p50__z1p10__lam0p030__nu0p50__psi0p75,hardzero_plus_depr,0.02,34,1045,0.0,2,0.09214938,0.09214938,0.9774057,0.10534024,0.10534024,1.0,1.354315e-13,1.2856578e-12,-25.806524,2.1503356,0.7167785,0.14400001,0.0,0.13683195,31.290302,31.320303,3347200
hardzero_plus_depr__c0p50__z1p10__lam0p030__nu0p50__psi0p75,hardzero_plus_depr,0.02,34,1046,0.0,2,0.09214938,0.09214938,1.010514,0.09760811,0.09760811,1.0,1.2269873e-13,1.2570546e-12,-26.47073,2.2231753,0.74105847,0.136,0.0,0.14379771,31.320303,31.350304,3350400
hardzero_plus_depr__c0p50__z1p10__lam0p030__nu0p50__psi0p75,hardzero_plus_depr,0.02,34,1047,0.0,2,0.09214938,0.09214938,1.0300525,0.09331413,0.09331413,1.0,1.1469104e-13,1.2290854e-12,-27.069107,2.2661607,0.75538695,0.17600001,0.0,0.16604657,31.350304,31.380304,3353600
hardzero_plus_depr__c0p50__z1p10__lam0p030__nu0p50__psi0p75,hardzero_plus_depr,0.02,34,1048,0.0,2,0.09214938,0.09214938,1.0238384,0.09465893,0.09465893,1.0,1.137553e-13,1.2017387e-12,-27.660963,2.2524893,0.7508298,0.136,0.0,0.14588036,31.380304,31.410305,3356800
hardzero_plus_depr__c0p50__z1p10__lam0p030__nu0p50__psi0p75,hardzero_plus_depr,0.02,34,1049,0.0,2,0.09214938,0.09214938,1.0293671,0.09346152,0.09346152,1.0,1.0981752e-13,1.1750025e-12,-27.188162,2.2646527,0.75488424,0.16800001,0.0,0.16103417,31.410305,31.440306,3360000
hardzero_plus_depr__c0p50__z1p10__lam0p030__nu0p50__psi0p75,hardzero_plus_depr,0.02,34,1050,0.0,2,0.09214938,0.09214938,1.0125679,0.09714762,0.09714762,1.0,1.1160892e-13,1.148859e-12,-27.127287,2.2276938,0.7425646,0.136,0.0,0.16468011,31.440306,31.470306,3363200
hardzero_plus_depr__c0p50__z1p10__lam0p030__nu0p50__psi0p75,hardzero_plus_depr,0.02,34,1051,0.0,2,0.09214938,0.09214938,1.056605,0.08777989,0.08777989,1.0,9.86029e-14,1.1232972e-12,-28.015589,2.3245773,0.77485913,0.16000001,0.0,0.19143747,31.470306,31.500307,3366400
hardzero_plus_depr__c0p50__z1p10__lam0p030__nu0p50__psi0p75,hardzero_plus_depr,0.02,34,1052,0.0,2,0.09214938,0.09214938,1.0088757,0.097977035,0.097977035,1.0,1.07608584e-13,1.0983042e-12,-27.223984,2.2195709,0.73985696,0.120000005,0.0,0.12950787,31.500307,31.530308,3369600
hardzero_plus_depr__c0p50__z1p10__lam0p030__nu0p50__psi0p75,hardzero_plus_depr,0.02,34,1053,0.0,2,0.09214938,0.09214938,1.0181254,0.09591235,0.09591235,1.0,1.0299712e-13,1.0738671e-12,-27.42976,2.2399206,0.7466402,0.21,0.0,0.15939234,31.530308,31.560308,3372800
hardzero_plus_depr__c0p50__z1p10__lam0p030__nu0p50__psi0p75,hardzero_plus_depr,0.02,34,1054,0.0,2,0.09214938,0.09214938,1.00366,0.099160805,0.099160805,1.0,1.0411646e-13,1.049976e-12,-27.207567,2.208096,0.736032,0.17600001,0.0,0.1446633,31.560308,31.59031,3376000
hardzero_plus_depr__c0p50__z1p10__lam0p030__nu0p50__psi0p75,hardzero_plus_depr,0.02,34,1055,0.0,2,0.09214938,0.09214938,1.0249099,0.094425686,0.094425686,1.0,9.6938753e-14,1.0266142e-12,-27.194908,2.2548468,0.75161564,0.112,0.0,0.1555645,31.59031,31.62031,3379200
hardzero_plus_depr__c0p50__z1p10__lam0p030__nu0p50__psi0p75,hardzero_plus_depr,0.02,34,1056,0.0,2,0.09214938,0.09214938,1.0549942,0.08810606,0.08810606,1.0,8.8438425e-14,1.0037724e-12,-28.050507,2.3210337,0.77367795,0.136,0.0,0.12798351,31.62031,31.65031,3382400
hardzero_plus_depr__c0p50__z1p10__lam0p030__nu0p50__psi0p75,hardzero_plus_depr,0.02,34,1057,0.0,2,0.09214938,0.09214938,1.0405056,0.091094956,0.091094956,1.0,8.940428e-14,9.814405e-13,-26.754128,2.289158,0.7630527,0.128,0.0,0.1418676,31.65031,31.680311,3385600
hardzero_plus_depr__c0p50__z1p10__lam0p030__nu0p50__psi0p75,hardzero_plus_depr,0.02,34,1058,0.0,2,0.09214938,0.09214938,1.0304351,0.093231976,0.093231976,1.0,8.946576e-14,9.596038e-13,-27.723299,2.2670023,0.75566745,0.14400001,0.0,0.14186485,31.680311,31.710312,3388800
hardzero_plus_depr__c0p50__z1p10__lam0p030__nu0p50__psi0p75,hardzero_plus_depr,0.02,34,1059,0.0,2,0.09214938,0.09214938,0.9832149,0.10394057,0.10394057,1.0,9.7522535e-14,9.382528e-13,-26.374475,2.163116,0.7210387,0.24000001,0.008,0.13504599,31.710312,31.740313,3392000
hardzero_plus_depr__c0p50__z1p10__lam0p030__nu0p50__psi0p75,hardzero_plus_depr,0.02,34,1060,0.0,2,0.09214938,0.09214938,0.9879393,0.10281599,0.10281599,1.0,9.432102e-14,9.17377e-13,-26.735867,2.1735098,0.7245033,0.17600001,0.0,0.14535287,31.740313,31.770313,3395200
hardzero_plus_depr__c0p50__z1p10__lam0p030__nu0p50__psi0p75,hardzero_plus_depr,0.02,34,1061,0.0,2,0.09214938,0.09214938,0.9957925,0.10097352,0.10097352,1.0,9.0569764e-14,8.9696555e-13,-27.124865,2.1907873,0.73026246,0.15200001,0.0,0.12421525,31.770313,31.800314,3398400
hardzero_plus_depr__c0p50__z1p10__lam0p030__nu0p50__psi0p75,hardzero_plus_depr,0.02,34,1062,0.0,2,0.09214938,0.09214938,1.0105436,0.09760148,0.09760148,1.0,8.559748e-14,8.7701e-13,-27.677763,2.2232404,0.74108016,0.17600001,0.0,0.19095762,31.800314,31.830315,3401600
hardzero_plus_depr__c0p50__z1p10__lam0p030__nu0p50__psi0p75,hardzero_plus_depr,0.02,34,1063,0.0,2,0.09214938,0.09214938,1.0659229,0.08591661,0.08591661,1.0,7.367321e-14,8.5749675e-13,-27.911657,2.345077,0.7816924,0.17600001,0.0,0.14644611,31.830315,31.860315,3404800
hardzero_plus_depr__c0p50__z1p10__lam0p030__nu0p50__psi0p75,hardzero_plus_depr,0.02,34,1064,0.0,2,0.09214938,0.09214938,1.015611,0.096469246,0.096469246,1.0,8.088152e-14,8.384177e-13,-27.844112,2.2343888,0.7447963,0.128,0.0,0.14041196,31.860315,31.890316,3408000
hardzero_plus_depr__c0p50__z1p10__lam0p030__nu0p50__psi0p75,hardzero_plus_depr,0.02,34,1065,0.0,2,0.09214938,0.09214938,0.95757806,0.11026099,0.11026099,1.0,9.038807e-14,8.197647e-13,-25.840572,2.1067138,0.70223796,0.16000001,0.0,0.13205639,31.890316,31.920317,3411200
hardzero_plus_depr__c0p50__z1p10__lam0p030__nu0p50__psi0p75,hardzero_plus_depr,0.02,34,1066,0.0,2,0.09214938,0.09214938,1.0356693,0.09211507,0.09211507,1.0,7.383254e-14,8.0152513e-13,-27.16685,2.278518,0.759506,0.19999999,0.0,0.17549863,31.920317,31.950317,3414400
hardzero_plus_depr__c0p50__z1p10__lam0p030__nu0p50__psi0p75,hardzero_plus_depr,0.02,34,1067,0.0,2,0.09214938,0.09214938,1.0259145,0.094207495,0.094207495,1.0,7.382961e-14,7.836914e-13,-27.493414,2.257057,0.75235236,0.18400002,0.0,0.1372452,31.950317,31.980318,3417600
hardzero_plus_depr__c0p50__z1p10__lam0p030__nu0p50__psi0p75,hardzero_plus_depr,0.02,34,1068,0.0,2,0.09214938,0.09214938,1.0609446,0.086907126,0.086907126,1.0,6.659297e-14,7.6625446e-13,-28.031162,2.3341246,0.77804154,0.14400001,0.0,0.16074753,31.980318,32.01032,3420800
hardzero_plus_depr__c0p50__z1p10__lam0p030__nu0p50__psi0p75,hardzero_plus_depr,0.02,34,1069,0.0,2,0.09214938,0.09214938,1.0177827,0.09598807,0.09598807,1.0,7.19148e-14,7.4920555e-13,-27.276396,2.2391667,0.7463889,0.112,0.0,0.15525055,32.01032,32.040318,3424000
hardzero_plus_depr__c0p50__z1p10__lam0p030__nu0p50__psi0p75,hardzero_plus_depr,0.02,34,1070,0.0,2,0.09214938,0.09214938,1.0356241,0.09212465,0.09212465,1.0,6.748474e-14,7.325373e-13,-27.066925,2.2784185,0.75947285,0.192,0.0,0.17075689,32.040318,32.070316,3427200
hardzero_plus_depr__c0p50__z1p10__lam0p030__nu0p50__psi0p75,hardzero_plus_depr,0.02,34,1071,0.0,2,0.09214938,0.09214938,0.99500036,0.10115786,0.10115786,1.0,7.2453294e-14,7.162399e-13,-26.543224,2.1890445,0.7296815,0.216,0.0,0.15637995,32.070316,32.100315,3430400
hardzero_plus_depr__c0p50__z1p10__lam0p030__nu0p50__psi0p75,hardzero_plus_depr,0.02,34,1072,0.0,2,0.09214938,0.09214938,1.0499119,0.08914318,0.08914318,1.0,6.2427426e-14,7.003051e-13,-28.105236,2.3098521,0.76995075,0.16000001,0.0,0.17740236,32.100315,32.130314,3433600
hardzero_plus_depr__c0p50__z1p10__lam0p030__nu0p50__psi0p75,hardzero_plus_depr,0.02,34,1073,0.0,2,0.09214938,0.09214938,1.0581903,0.08746004,0.08746004,1.0,5.9886056e-14,6.8472474e-13,-28.209118,2.3280652,0.7760217,0.120000005,0.0,0.17074746,32.130314,32.160313,3436800
hardzero_plus_depr__c0p50__z1p10__lam0p030__nu0p50__psi0p75,hardzero_plus_depr,0.02,34,1074,0.0,2,0.09214938,0.09214938,1.0659108,0.08591898,0.08591898,1.0,5.7522e-14,6.694912e-13,-28.267532,2.3450506,0.78168356,0.16800001,0.0,0.1909117,32.160313,32.19031,3440000
hardzero_plus_depr__c0p50__z1p10__lam0p030__nu0p50__psi0p75,hardzero_plus_depr,0.02,34,1075,0.0,2,0.09214938,0.09214938,1.020676,0.095350705,0.095350705,1.0,6.2416225e-14,6.545964e-13,-27.843319,2.245532,0.7485107,0.16000001,0.0,0.15640545,32.19031,32.22031,3443200
hardzero_plus_depr__c0p50__z1p10__lam0p030__nu0p50__psi0p75,hardzero_plus_depr,0.02,34,1076,0.0,2,0.09214938,0.09214938,1.0291548,0.09350724,0.09350724,1.0,5.9847716e-14,6.40033e-13,-27.592539,2.2641857,0.75472856,0.192,0.0,0.1532785,32.22031,32.25031,3446400
hardzero_plus_depr__c0p50__z1p10__lam0p030__nu0p50__psi0p75,hardzero_plus_depr,0.02,34,1077,0.0,2,0.09214938,0.09214938,0.9721084,0.106632985,0.106632985,1.0,6.6730245e-14,6.2579363e-13,-27.044216,2.1386812,0.7128937,0.16800001,0.0,0.16017586,32.25031,32.280308,3449600
hardzero_plus_depr__c0p50__z1p10__lam0p030__nu0p50__psi0p75,hardzero_plus_depr,0.02,34,1078,0.0,2,0.09214938,0.09214938,0.976014,0.10567832,0.10567832,1.0,6.466151e-14,6.118711e-13,-27.335415,2.1472738,0.71575797,0.2,0.0,0.14895958,32.280308,32.310307,3452800
hardzero_plus_depr__c0p50__z1p10__lam0p030__nu0p50__psi0p75,hardzero_plus_depr,0.02,34,1079,0.0,2,0.09214938,0.09214938,1.0205075,0.09538773,0.09538773,1.0,5.7066493e-14,5.9825826e-13,-28.406952,2.2451613,0.7483871,0.14999999,0.0,0.1228127,32.310307,32.340305,3456000
hardzero_plus_depr__c0p50__z1p10__lam0p030__nu0p50__psi0p75,hardzero_plus_depr,0.02,34,1080,0.0,2,0.09214938,0.09214938,0.9574907,0.11028318,0.11028318,1.0,6.4509955e-14,5.8494827e-13,-26.793036,2.1065216,0.7021739,0.2,0.0,0.15909505,32.340305,32.370304,3459200
hardzero_plus_depr__c0p50__z1p10__lam0p030__nu0p50__psi0p75,hardzero_plus_depr,0.02,34,1081,0.0,2,0.09214938,0.09214938,1.0264907,0.0940826,0.0940826,1.0,5.380908e-14,5.719344e-13,-27.314445,2.2583246,0.7527749,0.120000005,0.0,0.14792956,32.370304,32.400303,3462400
hardzero_plus_depr__c0p50__z1p10__lam0p030__nu0p50__psi0p75,hardzero_plus_depr,0.02,34,1082,0.0,2,0.09214938,0.09214938,0.9992078,0.10018258,0.10018258,1.0,5.602311e-14,5.592101e-13,-27.56868,2.198301,0.73276705,0.208,0.0,0.1732488,32.400303,32.4303,3465600
hardzero_plus_depr__c0p50__z1p10__lam0p030__nu0p50__psi0p75,hardzero_plus_depr,0.02,34,1083,0.0,2,0.09214938,0.09214938,1.0537251,0.0883639,0.0883639,1.0,4.8314634e-14,5.467689e-13,-27.473812,2.3182416,0.7727472,0.14400001,0.0,0.1462238,32.4303,32.4603,3468800
hardzero_plus_depr__c0p50__z1p10__lam0p030__nu0p50__psi0p75,hardzero_plus_depr,0.02,34,1084,0.0,2,0.09214938,0.09214938,1.0238028,0.09466669,0.09466669,1.0,5.0609233e-14,5.346044e-13,-26.77152,2.2524111,0.7508037,0.136,0.0,0.15776901,32.4603,32.4903,3472000
hardzero_plus_depr__c0p50__z1p10__lam0p030__nu0p50__psi0p75,hardzero_plus_depr,0.02,34,1085,0.0,2,0.09214938,0.09214938,0.97011745,0.10712295,0.10712295,1.0,5.599431e-14,5.2271067e-13,-26.68843,2.134301,0.71143365,0.2,0.0,0.13875212,32.4903,32.520298,3475200
hardzero_plus_depr__c0p50__z1p10__lam0p030__nu0p50__psi0p75,hardzero_plus_depr,0.02,34,1086,0.0,2,0.09214938,0.09214938,0.95490205,0.11094248,0.11094248,1.0,5.670064e-14,5.110814e-13,-26.355322,2.1008265,0.70027554,0.208,0.0,0.15017949,32.520298,32.550297,3478400
hardzero_plus_depr__c0p50__z1p10__lam0p030__nu0p50__psi0p75,hardzero_plus_depr,0.02,34,1087,0.0,2,0.09214938,0.09214938,0.95472914,0.11098667,0.11098667,1.0,5.5461254e-14,4.9971095e-13,-26.397171,2.100446,0.7001487,0.128,0.0,0.13136968,32.550297,32.580296,3481600
hardzero_plus_depr__c0p50__z1p10__lam0p030__nu0p50__psi0p75,hardzero_plus_depr,0.02,34,1088,0.0,2,0.09214938,0.09214938,0.97292715,0.106432155,0.106432155,1.0,5.2002053e-14,4.8859343e-13,-26.40345,2.1404824,0.7134942,0.18400002,0.0,0.13065994,32.580296,32.610294,3484800
hardzero_plus_depr__c0p50__z1p10__lam0p030__nu0p50__psi0p75,hardzero_plus_depr,0.02,34,1089,0.0,2,0.09214938,0.09214938,1.0087267,0.09801066,0.09801066,1.0,4.6821972e-14,4.777233e-13,-27.053743,2.219243,0.7397477,0.16000001,0.0,0.14170045,32.610294,32.640293,3488000
hardzero_plus_depr__c0p50__z1p10__lam0p030__nu0p50__psi0p75,hardzero_plus_depr,0.02,34,1090,0.0,2,0.09214938,0.09214938,0.9737001,0.1062429,0.1062429,1.0,4.9625522e-14,4.6709495e-13,-27.276829,2.142183,0.714061,0.16000001,0.0,0.1668231,32.640293,32.67029,3491200
hardzero_plus_depr__c0p50__z1p10__lam0p030__nu0p50__psi0p75,hardzero_plus_depr,0.02,34,1091,0.0,2,0.09214938,0.09214938,1.014217,0.09677941,0.09677941,1.0,4.4199457e-14,4.567031e-13,-27.94845,2.231322,0.74377406,0.18400002,0.0,0.16025004,32.67029,32.70029,3494400
hardzero_plus_depr__c0p50__z1p10__lam0p030__nu0p50__psi0p75,hardzero_plus_depr,0.02,34,1092,0.0,2,0.09214938,0.09214938,0.9277022,0.11811304,0.11811304,1.0,5.2742482e-14,4.465424e-13,-24.760145,2.0409856,0.68032855,0.14999999,0.0,0.11497653,32.70029,32.73029,3497600
hardzero_plus_depr__c0p50__z1p10__lam0p030__nu0p50__psi0p75,hardzero_plus_depr,0.02,34,1093,0.0,2,0.09214938,0.09214938,1.0219346,0.09507479,0.09507479,1.0,4.1510398e-14,4.3660784e-13,-27.21435,2.248301,0.7494337,0.2,0.0,0.15768716,32.73029,32.76029,3500800
hardzero_plus_depr__c0p50__z1p10__lam0p030__nu0p50__psi0p75,hardzero_plus_depr,0.02,34,1094,0.0,2,0.09214938,0.09214938,1.0403687,0.0911237,0.0911237,1.0,3.8900178e-14,4.268942e-13,-27.655651,2.2888567,0.76295227,0.15200001,0.0,0.15608244,32.76029,32.790287,3504000
hardzero_plus_depr__c0p50__z1p10__lam0p030__nu0p50__psi0p75,hardzero_plus_depr,0.02,34,1095,0.0,2,0.09214938,0.09214938,1.0623004,0.086636215,0.086636215,1.0,3.6161676e-14,4.1739678e-13,-28.372534,2.3371077,0.7790359,0.120000005,0.0,0.15620306,32.790287,32.820286,3507200
hardzero_plus_depr__c0p50__z1p10__lam0p030__nu0p50__psi0p75,hardzero_plus_depr,0.02,34,1096,0.0,2,0.09214938,0.09214938,1.0167791,0.09621015,0.09621015,1.0,3.9264375e-14,4.081105e-13,-26.7894,2.2369585,0.74565285,0.2,0.0,0.13677225,32.820286,32.850285,3510400
hardzero_plus_depr__c0p50__z1p10__lam0p030__nu0p50__psi0p75,hardzero_plus_depr,0.02,34,1097,0.0,2,0.09214938,0.09214938,1.0335305,0.092569835,0.092569835,1.0,3.693823e-14,3.9903093e-13,-28.018541,2.2738125,0.75793755,0.208,0.0,0.15077208,32.850285,32.880283,3513600
hardzero_plus_depr__c0p50__z1p10__lam0p030__nu0p50__psi0p75,hardzero_plus_depr,0.02,34,1098,0.0,2,0.09214938,0.09214938,1.0478299,0.08957154,0.08957154,1.0,3.4946638e-14,3.9015335e-13,-27.968428,2.3052719,0.768424,0.16800001,0.0,0.15796728,32.880283,32.910282,3516800
hardzero_plus_depr__c0p50__z1p10__lam0p030__nu0p50__psi0p75,hardzero_plus_depr,0.02,34,1099,0.0,2,0.09214938,0.09214938,1.0043018,0.09901435,0.09901435,1.0,3.777133e-14,3.8147328e-13,-27.31325,2.209508,0.73650265,0.208,0.0,0.1544663,32.910282,32.94028,3520000
hardzero_plus_depr__c0p50__z1p10__lam0p030__nu0p50__psi0p75,hardzero_plus_depr,0.02,34,1100,0.0,2,0.09214938,0.09214938,1.0341636,0.09243499,0.09243499,1.0,3.4476985e-14,3.729863e-13,-27.141392,2.2752054,0.7584018,0.17600001,0.0,0.12883317,32.94028,32.97028,3523200
hardzero_plus_depr__c0p50__z1p10__lam0p030__nu0p50__psi0p75,hardzero_plus_depr,0.02,34,1101,0.0,2,0.09214938,0.09214938,1.0994527,0.07953297,0.07953297,1.0,2.9004736e-14,3.6468818e-13,-28.675999,2.4188442,0.80628145,0.16800001,0.0,0.17489606,32.97028,33.00028,3526400
hardzero_plus_depr__c0p50__z1p10__lam0p030__nu0p50__psi0p75,hardzero_plus_depr,0.02,34,1102,0.0,2,0.09214938,0.09214938,1.0334038,0.092596844,0.092596844,1.0,3.3017686e-14,3.5657463e-13,-26.331478,2.2735336,0.75784457,0.14400001,0.0,0.14440474,33.00028,33.030277,3529600
hardzero_plus_depr__c0p50__z1p10__lam0p030__nu0p50__psi0p75,hardzero_plus_depr,0.02,34,1103,0.0,2,0.09214938,0.09214938,1.0191194,0.0956931,0.0956931,1.0,3.3362598e-14,3.4864163e-13,-26.891232,2.2421074,0.74736917,0.15200001,0.008,0.14777437,33.030277,33.060276,3532800
hardzero_plus_depr__c0p50__z1p10__lam0p030__nu0p50__psi0p75,hardzero_plus_depr,0.02,34,1104,0.0,2,0.09214938,0.09214938,1.0303013,0.093260705,0.093260705,1.0,3.1791183e-14,3.4088506e-13,-27.625105,2.2667081,0.7555694,0.192,0.0,0.15868104,33.060276,33.090275,3536000
hardzero_plus_depr__c0p50__z1p10__lam0p030__nu0p50__psi0p75,hardzero_plus_depr,0.02,34,1105,0.0,2,0.09214938,0.09214938,0.97160685,0.10675621,0.10675621,1.0,3.5581964e-14,3.3330112e-13,-26.90421,2.1375778,0.71252596,0.16,0.0,0.14954776,33.090275,33.120274,3539200
hardzero_plus_depr__c0p50__z1p10__lam0p030__nu0p50__psi0p75,hardzero_plus_depr,0.02,34,1106,0.0,2,0.09214938,0.09214938,1.0558009,0.08794255,0.08794255,1.0,2.8659234e-14,3.2588588e-13,-26.831282,2.3228085,0.7742695,0.16000001,0.0,0.15581103,33.120274,33.150272,3542400
hardzero_plus_depr__c0p50__z1p10__lam0p030__nu0p50__psi0p75,hardzero_plus_depr,0.02,34,1107,0.0,2,0.09214938,0.09214938,1.0089301,0.09796477,0.09796477,1.0,3.1215065e-14,3.186356e-13,-27.556019,2.2196906,0.7398969,0.136,0.0,0.159001,33.150272,33.18027,3545600
hardzero_plus_depr__c0p50__z1p10__lam0p030__nu0p50__psi0p75,hardzero_plus_depr,0.02,34,1108,0.0,2,0.09214938,0.09214938,0.98276746,0.10404769,0.10404769,1.0,3.2415707e-14,3.115466e-13,-26.630953,2.1621315,0.7207105,0.18400002,0.0,0.13181499,33.18027,33.21027,3548800
hardzero_plus_depr__c0p50__z1p10__lam0p030__nu0p50__psi0p75,hardzero_plus_depr,0.02,34,1109,0.0,2,0.09214938,0.09214938,1.0285821,0.093630604,0.093630604,1.0,2.8521324e-14,3.0461538e-13,-26.910236,2.2629259,0.75430864,0.14400001,0.0,0.14122494,33.21027,33.24027,3552000
hardzero_plus_depr__c0p50__z1p10__lam0p030__nu0p50__psi0p75,hardzero_plus_depr,0.02,34,1110,0.0,2,0.09214938,0.09214938,0.9881144,0.10277455,0.10277455,1.0,3.0610202e-14,2.9783833e-13,-26.923565,2.1738951,0.7246317,0.14400001,0.0,0.14071672,33.24027,33.270267,3555200
hardzero_plus_depr__c0p50__z1p10__lam0p030__nu0p50__psi0p75,hardzero_plus_depr,0.02,34,1111,0.0,2,0.09214938,0.09214938,1.0161113,0.09635822,0.09635822,1.0,2.8060679e-14,2.912121e-13,-27.415363,2.2354894,0.74516314,0.192,0.0,0.17765366,33.270267,33.300266,3558400
hardzero_plus_depr__c0p50__z1p10__lam0p030__nu0p50__psi0p75,hardzero_plus_depr,0.02,34,1112,0.0,2,0.09214938,0.09214938,1.0578122,0.08753622,0.08753622,1.0,2.4924471e-14,2.8473323e-13,-27.572111,2.3272333,0.77574444,0.128,0.0,0.19975415,33.300266,33.330265,3561600
hardzero_plus_depr__c0p50__z1p10__lam0p030__nu0p50__psi0p75,hardzero_plus_depr,0.02,34,1113,0.0,2,0.09214938,0.09214938,1.0343825,0.092388414,0.092388414,1.0,2.57208e-14,2.7839853e-13,-27.006302,2.2756867,0.75856227,0.17600001,0.0,0.16123202,33.330265,33.360264,3564800
hardzero_plus_depr__c0p50__z1p10__lam0p030__nu0p50__psi0p75,hardzero_plus_depr,0.02,34,1114,0.0,2,0.09214938,0.09214938,0.9806038,0.104567364,0.104567364,1.0,2.8463732e-14,2.7220476e-13,-26.898447,2.1573715,0.71912384,0.17600001,0.0,0.1751401,33.360264,33.390263,3568000
hardzero_plus_depr__c0p50__z1p10__lam0p030__nu0p50__psi0p75,hardzero_plus_depr,0.02,34,1115,0.0,2,0.09214938,0.09214938,0.9863502,0.10319289,0.10319289,1.0,2.7464662e-14,2.6614878e-13,-26.772898,2.1700137,0.7233379,0.28800002,0.0,0.14992422,33.390263,33.42026,3571200
hardzero_plus_depr__c0p50__z1p10__lam0p030__nu0p50__psi0p75,hardzero_plus_depr,0.02,34,1116,0.0,2,0.09214938,0.09214938,1.0679101,0.08552437,0.08552437,1.0,2.2255797e-14,2.6022755e-13,-27.928904,2.3494492,0.7831497,0.112,0.0,0.18974753,33.42026,33.45026,3574400
hardzero_plus_depr__c0p50__z1p10__lam0p030__nu0p50__psi0p75,hardzero_plus_depr,0.02,34,1117,0.0,2,0.09214938,0.09214938,1.0183434,0.09586422,0.09586422,1.0,2.4391503e-14,2.5443802e-13,-27.480385,2.2404003,0.7468001,0.128,0.0,0.1671073,33.45026,33.48026,3577600
hardzero_plus_depr__c0p50__z1p10__lam0p030__nu0p50__psi0p75,hardzero_plus_depr,0.02,34,1118,0.0,2,0.09214938,0.09214938,1.0245414,0.09450584,0.09450584,1.0,2.3510909e-14,2.4877732e-13,-27.08962,2.254036,0.75134534,0.14,0.0,0.13912262,33.48026,33.510258,3580800
hardzero_plus_depr__c0p50__z1p10__lam0p030__nu0p50__psi0p75,hardzero_plus_depr,0.02,34,1119,0.0,2,0.09214938,0.09214938,1.0341665,0.09243438,0.09243438,1.0,2.2483973e-14,2.4324255e-13,-27.86354,2.2752116,0.7584039,0.16800001,0.0,0.17575899,33.510258,33.540257,3584000
hardzero_plus_depr__c0p50__z1p10__lam0p030__nu0p50__psi0p75,hardzero_plus_depr,0.02,34,1120,0.0,2,0.09214938,0.09214938,0.99774516,0.10052055,0.10052055,1.0,2.3906897e-14,2.3783094e-13,-27.065844,2.1950831,0.7316944,0.16800001,0.0,0.15718716,33.540257,33.570255,3587200
hardzero_plus_depr__c0p50__z1p10__lam0p030__nu0p50__psi0p75,hardzero_plus_depr,0.02,34,1121,0.0,2,0.09214938,0.09214938,0.9843983,0.10365773,0.10365773,1.0,2.4104535e-14,2.3253968e-13,-26.38373,2.1657195,0.72190654,0.136,0.0,0.13381863,33.570255,33.600254,3590400
hardzero_plus_depr__c0p50__z1p10__lam0p030__nu0p50__psi0p75,hardzero_plus_depr,0.02,34,1122,0.0,2,0.09214938,0.09214938,1.031856,0.09292746,0.09292746,1.0,2.1128564e-14,2.273662e-13,-27.738283,2.2701285,0.7567095,0.15200001,0.0,0.13778606,33.600254,33.630253,3593600
hardzero_plus_depr__c0p50__z1p10__lam0p030__nu0p50__psi0p75,hardzero_plus_depr,0.02,34,1123,0.0,2,0.09214938,0.09214938,1.064202,0.086257726,0.086257726,1.0,1.9175764e-14,2.2230778e-13,-27.681114,2.341291,0.7804303,0.15200001,0.0,0.19020824,33.630253,33.66025,3596800
hardzero_plus_depr__c0p50__z1p10__lam0p030__nu0p50__psi0p75,hardzero_plus_depr,0.02,34,1124,0.0,2,0.09214938,0.09214938,0.99125224,0.10203467,0.10203467,1.0,2.2178451e-14,2.1736191e-13,-27.224392,2.1807985,0.7269329,0.192,0.0,0.13148174,33.66025,33.69025,3600000
hardzero_plus_depr__c0p50__z1p10__lam0p030__nu0p50__psi0p75,hardzero_plus_depr,0.02,34,1125,0.0,2,0.09214938,0.09214938,0.9893381,0.10248537,0.10248537,1.0,2.1780812e-14,2.1252606e-13,-26.62126,2.1765873,0.72552913,0.14400001,0.0,0.11686694,33.69025,33.72025,3603200
hardzero_plus_depr__c0p50__z1p10__lam0p030__nu0p50__psi0p75,hardzero_plus_depr,0.02,34,1126,0.0,2,0.09214938,0.09214938,0.94681215,0.113028474,0.113028474,1.0,2.348707e-14,2.0779782e-13,-25.36945,2.0830283,0.6943428,0.208,0.0,0.12736684,33.72025,33.750248,3606400
hardzero_plus_depr__c0p50__z1p10__lam0p030__nu0p50__psi0p75,hardzero_plus_depr,0.02,34,1127,0.0,2,0.09214938,0.09214938,0.9941803,0.10134905,0.10134905,1.0,2.0591567e-14,2.0317474e-13,-27.547062,2.1872404,0.72908014,0.104,0.0,0.13340154,33.750248,33.780247,3609600
hardzero_plus_depr__c0p50__z1p10__lam0p030__nu0p50__psi0p75,hardzero_plus_depr,0.02,34,1128,0.0,2,0.09214938,0.09214938,0.99956024,0.10010131,0.10010131,1.0,1.988558e-14,1.9865456e-13,-26.990396,2.1990764,0.7330255,0.18400002,0.0,0.14056535,33.780247,33.810246,3612800
hardzero_plus_depr__c0p50__z1p10__lam0p030__nu0p50__psi0p75,hardzero_plus_depr,0.02,34,1129,0.0,2,0.09214938,0.09214938,1.0602549,0.08704523,0.08704523,1.0,1.6907221e-14,1.942349e-13,-27.457174,2.3326075,0.77753586,0.16000001,0.0,0.17571042,33.810246,33.840244,3616000
hardzero_plus_depr__c0p50__z1p10__lam0p030__nu0p50__psi0p75,hardzero_plus_depr,0.02,34,1130,0.0,2,0.09214938,0.09214938,1.0057158,0.0986925,0.0986925,1.0,1.8743047e-14,1.899136e-13,-27.060415,2.212619,0.7375397,0.18400002,0.0,0.15489057,33.840244,33.870243,3619200
hardzero_plus_depr__c0p50__z1p10__lam0p030__nu0p50__psi0p75,hardzero_plus_depr,0.02,34,1131,0.0,2,0.09214938,0.09214938,0.96858615,0.10750133,0.10750133,1.0,1.9961751e-14,1.8568842e-13,-25.924753,2.130932,0.7103107,0.14,0.0,0.11150248,33.870243,33.90024,3622400
hardzero_plus_depr__c0p50__z1p10__lam0p030__nu0p50__psi0p75,hardzero_plus_depr,0.02,34,1132,0.0,2,0.09214938,0.09214938,0.9513144,0.11186278,0.11186278,1.0,2.0309497e-14,1.8155724e-13,-25.611454,2.0929334,0.6976445,0.2,0.0,0.12762457,33.90024,33.93024,3625600
hardzero_plus_depr__c0p50__z1p10__lam0p030__nu0p50__psi0p75,hardzero_plus_depr,0.02,34,1133,0.0,2,0.09214938,0.09214938,1.0119646,0.09728265,0.09728265,1.0,1.7269421e-14,1.77518e-13,-26.165884,2.2263665,0.7421222,0.17600001,0.0,0.15556216,33.93024,33.96024,3628800
hardzero_plus_depr__c0p50__z1p10__lam0p030__nu0p50__psi0p75,hardzero_plus_depr,0.02,34,1134,0.0,2,0.09214938,0.09214938,0.9796722,0.104791924,0.104791924,1.0,1.8188588e-14,1.735686e-13,-26.398523,2.1553218,0.71844065,0.16800001,0.0,0.14689195,33.96024,33.99024,3632000
hardzero_plus_depr__c0p50__z1p10__lam0p030__nu0p50__psi0p75,hardzero_plus_depr,0.02,34,1135,0.0,2,0.09214938,0.09214938,1.0070344,0.0983933,0.0983933,1.0,1.6698038e-14,1.6970706e-13,-26.507113,2.21552,0.7385067,0.18400002,0.0,0.1382727,33.99024,34.020237,3635200
hardzero_plus_depr__c0p50__z1p10__lam0p030__nu0p50__psi0p75,hardzero_plus_depr,0.02,34,1136,0.0,2,0.09214938,0.09214938,1.0100383,0.09771511,0.09771511,1.0,1.6214008e-14,1.6593144e-13,-27.433056,2.2221286,0.74070954,0.17600001,0.0,0.1403686,34.020237,34.050236,3638400
hardzero_plus_depr__c0p50__z1p10__lam0p030__nu0p50__psi0p75,hardzero_plus_depr,0.02,34,1137,0.0,2,0.09214938,0.09214938,0.96163195,0.109236576,0.109236576,1.0,1.7722523e-14,1.6223982e-13,-26.483358,2.1156325,0.70521086,0.120000005,0.0,0.14558546,34.050236,34.080235,3641600
hardzero_plus_depr__c0p50__z1p10__lam0p030__nu0p50__psi0p75,hardzero_plus_depr,0.02,34,1138,0.0,2,0.09214938,0.09214938,1.0206251,0.095361896,0.095361896,1.0,1.5127287e-14,1.5863031e-13,-27.612528,2.2454202,0.7484734,0.14400001,0.0,0.13426767,34.080235,34.110233,3644800
hardzero_plus_depr__c0p50__z1p10__lam0p030__nu0p50__psi0p75,hardzero_plus_depr,0.02,34,1139,0.0,2,0.09214938,0.09214938,1.0093564,0.09786866,0.09786866,1.0,1.5179542e-14,1.5510115e-13,-26.631449,2.2206285,0.7402095,0.16000001,0.0,0.15921825,34.110233,34.140232,3648000
hardzero_plus_depr__c0p50__z1p10__lam0p030__nu0p50__psi0p75,hardzero_plus_depr,0.02,34,1140,0.0,2,0.09214938,0.09214938,0.92148644,0.119815655,0.119815655,1.0,1.81701e-14,1.5165047e-13,-25.501163,2.0273106,0.6757702,0.264,0.0,0.14960666,34.140232,34.17023,3651200
hardzero_plus_depr__c0p50__z1p10__lam0p030__nu0p50__psi0p75,hardzero_plus_depr,0.02,34,1141,0.0,2,0.09214938,0.09214938,0.99125195,0.102034725,0.102034725,1.0,1.5129359e-14,1.4827657e-13,-26.261751,2.1807978,0.72693264,0.16800001,0.0,0.14537714,34.17023,34.20023,3654400
hardzero_plus_depr__c0p50__z1p10__lam0p030__nu0p50__psi0p75,hardzero_plus_depr,0.02,34,1142,0.0,2,0.09214938,0.09214938,0.9514454,0.11182904,0.11182904,1.0,1.6212722e-14,1.4497774e-13,-25.63545,2.0932217,0.69774055,0.14400001,0.0,0.14246467,34.20023,34.23023,3657600
hardzero_plus_depr__c0p50__z1p10__lam0p030__nu0p50__psi0p75,hardzero_plus_depr,0.02,34,1143,0.0,2,0.09214938,0.09214938,1.0261155,0.0941639,0.0941639,1.0,1.33479475e-14,1.4175228e-13,-27.225414,2.2574992,0.75249976,0.120000005,0.0,0.15240963,34.23023,34.260227,3660800
hardzero_plus_depr__c0p50__z1p10__lam0p030__nu0p50__psi0p75,hardzero_plus_depr,0.02,34,1144,0.0,2,0.09214938,0.09214938,0.9951755,0.10111708,0.10111708,1.0,1.4014686e-14,1.385986e-13,-27.433832,2.1894298,0.72980994,0.14,0.0,0.13848706,34.260227,34.290226,3664000
hardzero_plus_depr__c0p50__z1p10__lam0p030__nu0p50__psi0p75,hardzero_plus_depr,0.02,34,1145,0.0,2,0.09214938,0.09214938,1.0420356,0.09077461,0.09077461,1.0,1.2301329e-14,1.3551508e-13,-27.344696,2.292524,0.7641747,0.136,0.0,0.14590271,34.290226,34.320225,3667200
hardzero_plus_depr__c0p50__z1p10__lam0p030__nu0p50__psi0p75,hardzero_plus_depr,0.02,34,1146,0.0,2,0.09214938,0.09214938,1.0282888,0.09369387,0.09369387,1.0,1.2414452e-14,1.3250016e-13,-27.167732,2.2622807,0.7540936,0.17600001,0.0,0.15755576,34.320225,34.350224,3670400
hardzero_plus_depr__c0p50__z1p10__lam0p030__nu0p50__psi0p75,hardzero_plus_depr,0.02,34,1147,0.0,2,0.09214938,0.09214938,1.0391438,0.09138105,0.09138105,1.0,1.1838626e-14,1.2955231e-13,-27.58537,2.2861621,0.7620541,0.15200001,0.0,0.1359743,34.350224,34.380222,3673600
hardzero_plus_depr__c0p50__z1p10__lam0p030__nu0p50__psi0p75,hardzero_plus_depr,0.02,34,1148,0.0,2,0.09214938,0.09214938,0.98187894,0.10426081,0.10426081,1.0,1.3206722e-14,1.2667005e-13,-26.678438,2.1601768,0.7200589,0.14400001,0.0,0.12345747,34.380222,34.41022,3676800
hardzero_plus_depr__c0p50__z1p10__lam0p030__nu0p50__psi0p75,hardzero_plus_depr,0.02,34,1149,0.0,2,0.09214938,0.09214938,0.98168534,0.10430728,0.10430728,1.0,1.2918656e-14,1.2385191e-13,-26.574621,2.159751,0.719917,0.120000005,0.0,0.119365774,34.41022,34.44022,3680000
hardzero_plus_depr__c0p50__z1p10__lam0p030__nu0p50__psi0p75,hardzero_plus_depr,0.02,34,1150,0.0,2,0.09214938,0.09214938,1.0239148,0.094642274,0.094642274,1.0,1.1460846e-14,1.2109648e-13,-27.28164,2.2526577,0.7508859,0.2,0.0,0.16204287,34.44022,34.47022,3683200
hardzero_plus_depr__c0p50__z1p10__lam0p030__nu0p50__psi0p75,hardzero_plus_depr,0.02,34,1151,0.0,2,0.09214938,0.09214938,1.0383669,0.091544665,0.091544665,1.0,1.0839102e-14,1.1840233e-13,-28.331083,2.284453,0.7614843,0.18400002,0.0,0.16074699,34.47022,34.500217,3686400
hardzero_plus_depr__c0p50__z1p10__lam0p030__nu0p50__psi0p75,hardzero_plus_depr,0.02,34,1152,0.0,2,0.09214938,0.09214938,0.9442736,0.11369108,0.11369108,1.0,1.3161804e-14,1.1576814e-13,-26.11235,2.0774434,0.69248116,0.18400002,0.0,0.13989487,34.500217,34.530216,3689600
hardzero_plus_depr__c0p50__z1p10__lam0p030__nu0p50__psi0p75,hardzero_plus_depr,0.02,34,1153,0.0,2,0.09214938,0.09214938,0.96225303,0.10908045,0.10908045,1.0,1.23470925e-14,1.13192536e-13,-26.626284,2.116999,0.7056663,0.208,0.0,0.14486898,34.530216,34.560215,3692800
hardzero_plus_depr__c0p50__z1p10__lam0p030__nu0p50__psi0p75,hardzero_plus_depr,0.02,34,1154,0.0,2,0.09214938,0.09214938,0.9950163,0.10115416,0.10115416,1.0,1.1195161e-14,1.10674246e-13,-27.108198,2.1890795,0.7296932,0.17600001,0.0,0.13199209,34.560215,34.590214,3696000
hardzero_plus_depr__c0p50__z1p10__lam0p030__nu0p50__psi0p75,hardzero_plus_depr,0.02,34,1155,0.0,2,0.09214938,0.09214938,1.0474792,0.08964393,0.08964393,1.0,9.700548e-15,1.0821199e-13,-27.470251,2.3045,0.7681667,0.104,0.0,0.1503994,34.590214,34.620213,3699200
hardzero_plus_depr__c0p50__z1p10__lam0p030__nu0p50__psi0p75,hardzero_plus_depr,0.02,34,1156,0.0,2,0.09214938,0.09214938,0.9635844,0.10874656,0.10874656,1.0,1.15058745e-14,1.0580449e-13,-25.696169,2.1199281,0.70664275,0.18400002,0.0,0.12796639,34.620213,34.65021,3702400
hardzero_plus_depr__c0p50__z1p10__lam0p030__nu0p50__psi0p75,hardzero_plus_depr,0.02,34,1157,0.0,2,0.09214938,0.09214938,0.9820334,0.10422373,0.10422373,1.0,1.0782005e-14,1.0345058e-13,-26.821672,2.1605165,0.72017217,0.17999999,0.0,0.14611737,34.65021,34.68021,3705600
hardzero_plus_depr__c0p50__z1p10__lam0p030__nu0p50__psi0p75,hardzero_plus_depr,0.02,34,1158,0.0,2,0.09214938,0.09214938,1.0010611,0.099755965,0.099755965,1.0,1.0090217e-14,1.01149015e-13,-27.464346,2.2023783,0.7341261,0.208,0.0,0.16598906,34.68021,34.71021,3708800
hardzero_plus_depr__c0p50__z1p10__lam0p030__nu0p50__psi0p75,hardzero_plus_depr,0.02,34,1159,0.0,2,0.09214938,0.09214938,1.02329,0.09477853,0.09477853,1.0,9.37347e-15,9.8898666e-14,-27.165802,2.251283,0.75042766,0.23200001,0.0,0.15181547,34.71021,34.740208,3712000
hardzero_plus_depr__c0p50__z1p10__lam0p030__nu0p50__psi0p75,hardzero_plus_depr,0.02,34,1160,0.0,2,0.09214938,0.09214938,1.0386529,0.091484405,0.091484405,1.0,8.846394e-15,9.6698386e-14,-28.020052,2.285082,0.7616941,0.17600001,0.0,0.16574296,34.740208,34.770206,3715200
hardzero_plus_depr__c0p50__z1p10__lam0p030__nu0p50__psi0p75,hardzero_plus_depr,0.02,34,1161,0.0,2,0.09214938,0.09214938,0.9852247,0.10346067,0.10346067,1.0,9.781901e-15,9.4547044e-14,-26.329857,2.1675377,0.7225126,0.18400002,0.0,0.13450922,34.770206,34.800205,3718400
hardzero_plus_depr__c0p50__z1p10__lam0p030__nu0p50__psi0p75,hardzero_plus_depr,0.02,34,1162,0.0,2,0.09214938,0.09214938,1.0089576,0.097958565,0.097958565,1.0,9.05564e-15,9.244358e-14,-26.862497,2.2197511,0.73991704,0.15200001,0.0,0.14917743,34.800205,34.830204,3721600
hardzero_plus_depr__c0p50__z1p10__lam0p030__nu0p50__psi0p75,hardzero_plus_depr,0.02,34,1163,0.0,2,0.09214938,0.09214938,1.0183239,0.09586855,0.09586855,1.0,8.665261e-15,9.0386906e-14,-27.03473,2.2403574,0.7467858,0.120000005,0.0,0.13572235,34.830204,34.860203,3724800
hardzero_plus_depr__c0p50__z1p10__lam0p030__nu0p50__psi0p75,hardzero_plus_depr,0.02,34,1164,0.0,2,0.09214938,0.09214938,0.9831769,0.10394966,0.10394966,1.0,9.186654e-15,8.837599e-14,-26.481064,2.1630323,0.7210108,0.16800001,0.0,0.14779888,34.860203,34.8902,3728000
hardzero_plus_depr__c0p50__z1p10__lam0p030__nu0p50__psi0p75,hardzero_plus_depr,0.02,34,1165,0.0,2,0.09214938,0.09214938,1.0248927,0.09442942,0.09442942,1.0,8.159628e-15,8.640981e-14,-27.277328,2.254809,0.751603,0.2,0.0,0.16614565,34.8902,34.9202,3731200
hardzero_plus_depr__c0p50__z1p10__lam0p030__nu0p50__psi0p75,hardzero_plus_depr,0.02,34,1166,0.0,2,0.09214938,0.09214938,1.0324272,0.09280531,0.09280531,1.0,7.840878e-15,8.448738e-14,-27.677402,2.2713852,0.7571284,0.17600001,0.0,0.18633012,34.9202,34.9502,3734400
hardzero_plus_depr__c0p50__z1p10__lam0p030__nu0p50__psi0p75,hardzero_plus_depr,0.02,34,1167,0.0,2,0.09214938,0.09214938,0.9771009,0.1054142,0.1054142,1.0,8.7080256e-15,8.2607715e-14,-26.460327,2.1496649,0.716555,0.208,0.0,0.13246082,34.9502,34.980198,3737600
hardzero_plus_depr__c0p50__z1p10__lam0p030__nu0p50__psi0p75,hardzero_plus_depr,0.02,34,1168,0.0,2,0.09214938,0.09214938,1.0618883,0.08671847,0.08671847,1.0,7.0042395e-15,8.076987e-14,-27.57368,2.336201,0.7787337,0.192,0.0,0.13643548,34.980198,35.010197,3740800
hardzero_plus_depr__c0p50__z1p10__lam0p030__nu0p50__psi0p75,hardzero_plus_depr,0.02,34,1169,0.0,2,0.09214938,0.09214938,1.0328912,0.09270622,0.09270622,1.0,7.32128e-15,7.8972914e-14,-27.247816,2.2724059,0.75746864,0.112,0.0,0.14665416,35.010197,35.040195,3744000
hardzero_plus_depr__c0p50__z1p10__lam0p030__nu0p50__psi0p75,hardzero_plus_depr,0.02,34,1170,0.0,2,0.09214938,0.09214938,0.9520979,0.11166114,0.11166114,1.0,8.62202e-15,7.7215944e-14,-26.474663,2.0946572,0.69821906,0.13,0.0,0.14862438,35.040195,35.070194,3747200
hardzero_plus_depr__c0p50__z1p10__lam0p030__nu0p50__psi0p75,hardzero_plus_depr,0.02,34,1171,0.0,2,0.09214938,0.09214938,1.0146718,0.09667812,0.09667812,1.0,7.299009e-15,7.5498046e-14,-27.382654,2.2323225,0.7441075,0.16800001,0.0,0.15637244,35.070194,35.100193,3750400
hardzero_plus_depr__c0p50__z1p10__lam0p030__nu0p50__psi0p75,hardzero_plus_depr,0.02,34,1172,0.0,2,0.09214938,0.09214938,0.95568615,0.11074238,0.11074238,1.0,8.1748225e-15,7.381837e-14,-25.780537,2.1025515,0.7008505,0.16800001,0.0,0.12706369,35.100193,35.13019,3753600
hardzero_plus_depr__c0p50__z1p10__lam0p030__nu0p50__psi0p75,hardzero_plus_depr,0.02,34,1173,0.0,2,0.09214938,0.09214938,1.0030946,0.09928999,0.09928999,1.0,7.16636e-15,7.2176064e-14,-26.678045,2.2068522,0.7356174,0.192,0.0,0.15019718,35.13019,35.16019,3756800
hardzero_plus_depr__c0p50__z1p10__lam0p030__nu0p50__psi0p75,hardzero_plus_depr,0.02,34,1174,0.0,2,0.09214938,0.09214938,1.0119948,0.097275876,0.097275876,1.0,6.8647883e-15,7.0570306e-14,-26.938711,2.226433,0.74214435,0.136,0.0,0.1513931,35.16019,35.19019,3760000
hardzero_plus_depr__c0p50__z1p10__lam0p030__nu0p50__psi0p75,hardzero_plus_depr,0.02,34,1175,0.0,2,0.09214938,0.09214938,1.0533953,0.08843102,0.08843102,1.0,6.101764e-15,6.9000266e-14,-28.080984,2.3175159,0.7725053,0.18400002,0.0,0.15376915,35.19019,35.22019,3763200
hardzero_plus_depr__c0p50__z1p10__lam0p030__nu0p50__psi0p75,hardzero_plus_depr,0.02,34,1176,0.0,2,0.09214938,0.09214938,1.0562696,0.08784768,0.08784768,1.0,5.9266578e-15,6.746516e-14,-28.07241,2.3238397,0.77461326,0.120000005,0.0,0.16621248,35.22019,35.250187,3766400
hardzero_plus_depr__c0p50__z1p10__lam0p030__nu0p50__psi0p75,hardzero_plus_depr,0.02,34,1177,0.0,2,0.09214938,0.09214938,0.9599029,0.109672345,0.109672345,1.0,7.234449e-15,6.59642e-14,-25.727097,2.1118286,0.7039429,0.208,0.0,0.14294007,35.250187,35.280186,3769600
hardzero_plus_depr__c0p50__z1p10__lam0p030__nu0p50__psi0p75,hardzero_plus_depr,0.02,34,1178,0.0,2,0.09214938,0.09214938,0.9123732,0.12235643,0.12235643,1.0,7.891578e-15,6.449664e-14,-25.08399,2.007261,0.66908705,0.23200001,0.008,0.12882976,35.280186,35.310184,3772800
hardzero_plus_depr__c0p50__z1p10__lam0p030__nu0p50__psi0p75,hardzero_plus_depr,0.02,34,1179,0.0,2,0.09214938,0.09214938,0.9761247,0.10565139,0.10565139,1.0,6.66256e-15,6.306173e-14,-26.938366,2.1475172,0.7158391,0.17600001,0.0,0.15513596,35.310184,35.340183,3776000
hardzero_plus_depr__c0p50__z1p10__lam0p030__nu0p50__psi0p75,hardzero_plus_depr,0.02,34,1180,0.0,2,0.09214938,0.09214938,1.0017401,0.09960014,0.09960014,1.0,6.141219e-15,6.165874e-14,-27.144428,2.2038722,0.7346241,0.16000001,0.0,0.1482332,35.340183,35.370182,3779200
hardzero_plus_depr__c0p50__z1p10__lam0p030__nu0p50__psi0p75,hardzero_plus_depr,0.02,34,1181,0.0,2,0.09214938,0.09214938,1.0252272,0.09435671,0.09435671,1.0,5.6884793e-15,6.028696e-14,-26.583677,2.255545,0.75184834,0.15200001,0.008,0.13101535,35.370182,35.40018,3782400
hardzero_plus_depr__c0p50__z1p10__lam0p030__nu0p50__psi0p75,hardzero_plus_depr,0.02,34,1182,0.0,2,0.09214938,0.09214938,0.9887869,0.10261552,0.10261552,1.0,6.0487444e-15,5.894571e-14,-25.672464,2.1753745,0.72512484,0.192,0.0,0.12374058,35.40018,35.43018,3785600
hardzero_plus_depr__c0p50__z1p10__lam0p030__nu0p50__psi0p75,hardzero_plus_depr,0.02,34,1183,0.0,2,0.09214938,0.09214938,1.0518261,0.08875114,0.08875114,1.0,5.1151087e-15,5.763429e-14,-27.171059,2.3140638,0.7713546,0.16,0.0,0.16021688,35.43018,35.46018,3788800
hardzero_plus_depr__c0p50__z1p10__lam0p030__nu0p50__psi0p75,hardzero_plus_depr,0.02,34,1184,0.0,2,0.09214938,0.09214938,1.0011057,0.099745736,0.099745736,1.0,5.6208763e-15,5.6352048e-14,-26.973194,2.2024765,0.7341589,0.15200001,0.0,0.14229238,35.46018,35.490177,3792000
hardzero_plus_depr__c0p50__z1p10__lam0p030__nu0p50__psi0p75,hardzero_plus_depr,0.02,34,1185,0.0,2,0.09214938,0.09214938,1.0186999,0.095785566,0.095785566,1.0,5.277625e-15,5.5098334e-14,-26.478683,2.2411845,0.7470615,0.14400001,0.0,0.15621156,35.490177,35.520176,3795200
hardzero_plus_depr__c0p50__z1p10__lam0p030__nu0p50__psi0p75,hardzero_plus_depr,0.02,34,1186,0.0,2,0.09214938,0.09214938,0.99104595,0.10208315,0.10208315,1.0,5.499476e-15,5.387252e-14,-26.066574,2.1803446,0.72678155,0.136,0.0,0.12493612,35.520176,35.550175,3798400
hardzero_plus_depr__c0p50__z1p10__lam0p030__nu0p50__psi0p75,hardzero_plus_depr,0.02,34,1187,0.0,2,0.09214938,0.09214938,1.0420855,0.09076418,0.09076418,1.0,4.7809093e-15,5.2673967e-14,-27.803972,2.292634,0.76421136,0.14400001,0.0,0.14789747,35.550175,35.580173,3801600
hardzero_plus_depr__c0p50__z1p10__lam0p030__nu0p50__psi0p75,hardzero_plus_depr,0.02,34,1188,0.0,2,0.09214938,0.09214938,1.0042795,0.099019445,0.099019445,1.0,5.0997075e-15,5.1502083e-14,-27.1427,2.209459,0.7364864,0.120000005,0.0,0.14071079,35.580173,35.610172,3804800
hardzero_plus_depr__c0p50__z1p10__lam0p030__nu0p50__psi0p75,hardzero_plus_depr,0.02,34,1189,0.0,2,0.09214938,0.09214938,0.9899217,0.102347754,0.102347754,1.0,5.1538516e-15,5.0356275e-14,-27.296421,2.1778712,0.7259571,0.15200001,0.0,0.14506142,35.610172,35.64017,3808000
hardzero_plus_depr__c0p50__z1p10__lam0p030__nu0p50__psi0p75,hardzero_plus_depr,0.02,34,1190,0.0,2,0.09214938,0.09214938,0.9977691,0.100514986,0.100514986,1.0,4.948951e-15,4.923595e-14,-25.9284,2.1951358,0.731712,0.064,0.0,0.11856579,35.64017,35.67017,3811200
hardzero_plus_depr__c0p50__z1p10__lam0p030__nu0p50__psi0p75,hardzero_plus_depr,0.02,34,1191,0.0,2,0.09214938,0.09214938,1.034852,0.09228857,0.09228857,1.0,4.4428238e-15,4.8140562e-14,-27.618034,2.27672,0.7589067,0.14400001,0.0,0.17212534,35.67017,35.70017,3814400
hardzero_plus_depr__c0p50__z1p10__lam0p030__nu0p50__psi0p75,hardzero_plus_depr,0.02,34,1192,0.0,2,0.09214938,0.09214938,1.0247655,0.09445707,0.09445707,1.0,4.4460505e-15,4.7069536e-14,-26.699633,2.254529,0.75150967,0.104,0.0,0.14565106,35.70017,35.730167,3817600
hardzero_plus_depr__c0p50__z1p10__lam0p030__nu0p50__psi0p75,hardzero_plus_depr,0.02,34,1193,0.0,2,0.09214938,0.09214938,1.0237067,0.09468764,0.09468764,1.0,4.357747e-15,4.602234e-14,-27.92144,2.2521996,0.75073326,0.18400002,0.0,0.16339241,35.730167,35.760166,3820800
hardzero_plus_depr__c0p50__z1p10__lam0p030__nu0p50__psi0p75,hardzero_plus_depr,0.02,34,1194,0.0,2,0.09214938,0.09214938,1.0312979,0.09304693,0.09304693,1.0,4.186967e-15,4.499844e-14,-27.46151,2.2689006,0.7563002,0.15200001,0.0,0.16138515,35.760166,35.790165,3824000
hardzero_plus_depr__c0p50__z1p10__lam0p030__nu0p50__psi0p75,hardzero_plus_depr,0.02,34,1195,0.0,2,0.09214938,0.09214938,1.0350035,0.09225639,0.09225639,1.0,4.059034e-15,4.399732e-14,-27.601643,2.2770534,0.7590178,0.112,0.0,0.1353293,35.790165,35.820164,3827200
hardzero_plus_depr__c0p50__z1p10__lam0p030__nu0p50__psi0p75,hardzero_plus_depr,0.02,34,1196,0.0,2,0.09214938,0.09214938,0.9667028,0.10796854,0.10796854,1.0,4.644642e-15,4.3018476e-14,-26.76587,2.1267886,0.70892954,0.19,0.0,0.1278747,35.820164,35.850163,3830400
hardzero_plus_depr__c0p50__z1p10__lam0p030__nu0p50__psi0p75,hardzero_plus_depr,0.02,34,1197,0.0,2,0.09214938,0.09214938,0.9691693,0.107357085,0.107357085,1.0,4.5155894e-15,4.20614e-14,-26.344788,2.132215,0.71073836,0.128,0.0,0.14889012,35.850163,35.88016,3833600
hardzero_plus_depr__c0p50__z1p10__lam0p030__nu0p50__psi0p75,hardzero_plus_depr,0.02,34,1198,0.0,2,0.09214938,0.09214938,1.0270659,0.09395808,0.09395808,1.0,3.8640847e-15,4.1125625e-14,-27.118607,2.25959,0.75319666,0.17600001,0.0,0.13153854,35.88016,35.91016,3836800
hardzero_plus_depr__c0p50__z1p10__lam0p030__nu0p50__psi0p75,hardzero_plus_depr,0.02,34,1199,0.0,2,0.09214938,0.09214938,1.0347807,0.09230373,0.09230373,1.0,3.7115946e-15,4.0210667e-14,-27.44788,2.2765632,0.7588544,0.136,0.0,0.11947975,35.91016,35.94016,3840000
hardzero_plus_depr__c0p50__z1p10__lam0p030__nu0p50__psi0p75,hardzero_plus_depr,0.02,34,1200,0.0,2,0.09214938,0.09214938,1.0635267,0.08639194,0.08639194,1.0,3.3965913e-15,3.9316068e-14,-27.00222,2.3398056,0.77993524,0.128,0.0,0.16207512,35.94016,35.970158,3843200
hardzero_plus_depr__c0p50__z1p10__lam0p030__nu0p50__psi0p75,hardzero_plus_depr,0.02,34,1201,0.0,2,0.09214938,0.09214938,1.0227824,0.094889365,0.094889365,1.0,3.647677e-15,3.8441367e-14,-27.855782,2.2501664,0.7500555,0.16800001,0.0,0.1700017,35.970158,36.000156,3846400
hardzero_plus_depr__c0p50__z1p10__lam0p030__nu0p50__psi0p75,hardzero_plus_depr,0.02,34,1202,0.0,2,0.09214938,0.09214938,1.0559183,0.08791877,0.08791877,1.0,3.3045267e-15,3.758613e-14,-27.176397,2.3230667,0.7743556,0.16000001,0.0,0.14749314,36.000156,36.030155,3849600
hardzero_plus_depr__c0p50__z1p10__lam0p030__nu0p50__psi0p75,hardzero_plus_depr,0.02,34,1203,0.0,2,0.09214938,0.09214938,0.99276763,0.10167924,0.10167924,1.0,3.7367036e-15,3.6749917e-14,-27.165577,2.1841323,0.72804415,0.15200001,0.0,0.16117035,36.030155,36.060154,3852800
hardzero_plus_depr__c0p50__z1p10__lam0p030__nu0p50__psi0p75,hardzero_plus_depr,0.02,34,1204,0.0,2,0.09214938,0.09214938,0.99781805,0.100503676,0.100503676,1.0,3.611329e-15,3.593231e-14,-26.009562,2.1952436,0.73174787,0.128,0.0,0.13911211,36.060154,36.090153,3856000
hardzero_plus_depr__c0p50__z1p10__lam0p030__nu0p50__psi0p75,hardzero_plus_depr,0.02,34,1205,0.0,2,0.09214938,0.09214938,1.0237696,0.09467392,0.09467392,1.0,3.326169e-15,3.5132897e-14,-27.349113,2.2523382,0.7507794,0.16800001,0.0,0.19271249,36.090153,36.12015,3859200
hardzero_plus_depr__c0p50__z1p10__lam0p030__nu0p50__psi0p75,hardzero_plus_depr,0.02,34,1206,0.0,2,0.09214938,0.09214938,0.99824125,0.1004058,0.1004058,1.0,3.4490659e-15,3.4351262e-14,-26.622416,2.1961746,0.7320582,0.128,0.0,0.12810422,36.12015,36.15015,3862400
hardzero_plus_depr__c0p50__z1p10__lam0p030__nu0p50__psi0p75,hardzero_plus_depr,0.02,34,1207,0.0,2,0.09214938,0.09214938,1.0131998,0.09700636,0.09700636,1.0,3.2581546e-15,3.358702e-14,-27.383282,2.229084,0.74302804,0.18400002,0.0,0.15319698,36.15015,36.18015,3865600
hardzero_plus_depr__c0p50__z1p10__lam0p030__nu0p50__psi0p75,hardzero_plus_depr,0.02,34,1208,0.0,2,0.09214938,0.09214938,0.96049994,0.10952166,0.10952166,1.0,3.596667e-15,3.283978e-14,-26.350044,2.113142,0.7043807,0.16800001,0.0,0.14524889,36.18015,36.210148,3868800
hardzero_plus_depr__c0p50__z1p10__lam0p030__nu0p50__psi0p75,hardzero_plus_depr,0.02,34,1209,0.0,2,0.09214938,0.09214938,1.0034752,0.099203005,0.099203005,1.0,3.1853258e-15,3.2109166e-14,-26.291523,2.2076895,0.7358965,0.16,0.0,0.12527782,36.210148,36.240147,3872000
hardzero_plus_depr__c0p50__z1p10__lam0p030__nu0p50__psi0p75,hardzero_plus_depr,0.02,34,1210,0.0,2,0.09214938,0.09214938,1.0174475,0.096062206,0.096062206,1.0,3.0158542e-15,3.1394805e-14,-27.313297,2.238429,0.74614304,0.112,0.0,0.14774798,36.240147,36.270145,3875200
hardzero_plus_depr__c0p50__z1p10__lam0p030__nu0p50__psi0p75,hardzero_plus_depr,0.02,34,1211,0.0,2,0.09214938,0.09214938,0.977496,0.105318345,0.105318345,1.0,3.2328876e-15,3.069634e-14,-26.845251,2.1505342,0.71684474,0.16000001,0.0,0.14253424,36.270145,36.300144,3878400
hardzero_plus_depr__c0p50__z1p10__lam0p030__nu0p50__psi0p75,hardzero_plus_depr,0.02,34,1212,0.0,2,0.09214938,0.09214938,1.0137424,0.09688523,0.09688523,1.0,2.907856e-15,3.001341e-14,-27.698076,2.230278,0.743426,0.14400001,0.0,0.1309197,36.300144,36.330143,3881600
hardzero_plus_depr__c0p50__z1p10__lam0p030__nu0p50__psi0p75,hardzero_plus_depr,0.02,34,1213,0.0,2,0.09214938,0.09214938,1.0411412,0.09096175,0.09096175,1.0,2.669334e-15,2.9345677e-14,-27.779633,2.2905562,0.76351875,0.120000005,0.0,0.14794385,36.330143,36.36014,3884800
hardzero_plus_depr__c0p50__z1p10__lam0p030__nu0p50__psi0p75,hardzero_plus_depr,0.02,34,1214,0.0,2,0.09214938,0.09214938,0.95178926,0.11174053,0.11174053,1.0,3.2061485e-15,2.8692797e-14,-25.895418,2.0939782,0.69799274,0.136,0.0,0.11500376,36.36014,36.39014,3888000
hardzero_plus_depr__c0p50__z1p10__lam0p030__nu0p50__psi0p75,hardzero_plus_depr,0.02,34,1215,0.0,2,0.09214938,0.09214938,1.0022638,0.09948009,0.09948009,1.0,2.7908588e-15,2.8054444e-14,-26.160624,2.2050242,0.7350081,0.128,0.0,0.12450175,36.39014,36.42014,3891200
hardzero_plus_depr__c0p50__z1p10__lam0p030__nu0p50__psi0p75,hardzero_plus_depr,0.02,34,1216,0.0,2,0.09214938,0.09214938,1.0366426,0.09190888,0.09190888,1.0,2.5210873e-15,2.7430291e-14,-27.499279,2.2806592,0.76021975,0.128,0.0,0.14651355,36.42014,36.450138,3894400
hardzero_plus_depr__c0p50__z1p10__lam0p030__nu0p50__psi0p75,hardzero_plus_depr,0.02,34,1217,0.0,2,0.09214938,0.09214938,1.0097593,0.09777789,0.09777789,1.0,2.6224057e-15,2.6820028e-14,-26.805113,2.221515,0.740505,0.16800001,0.0,0.120269254,36.450138,36.480137,3897600
hardzero_plus_depr__c0p50__z1p10__lam0p030__nu0p50__psi0p75,hardzero_plus_depr,0.02,34,1218,0.0,2,0.09214938,0.09214938,0.9702008,0.1071024,0.1071024,1.0,2.8085823e-15,2.6223337e-14,-26.553068,2.1344843,0.7114948,0.17600001,0.0,0.14875688,36.480137,36.510136,3900800
hardzero_plus_depr__c0p50__z1p10__lam0p030__nu0p50__psi0p75,hardzero_plus_depr,0.02,34,1219,0.0,2,0.09214938,0.09214938,1.0173807,0.09607698,0.09607698,1.0,2.4634067e-15,2.5639926e-14,-27.170864,2.2382822,0.7460941,0.16800001,0.0,0.15917534,36.510136,36.540134,3904000
hardzero_plus_depr__c0p50__z1p10__lam0p030__nu0p50__psi0p75,hardzero_plus_depr,0.02,34,1220,0.0,2,0.09214938,0.09214938,1.0101278,0.097694956,0.097694956,1.0,2.4491627e-15,2.506949e-14,-27.416555,2.2223256,0.7407752,0.224,0.0,0.15347981,36.540134,36.570133,3907200
hardzero_plus_depr__c0p50__z1p10__lam0p030__nu0p50__psi0p75,hardzero_plus_depr,0.02,34,1221,0.0,2,0.09214938,0.09214938,1.0245166,0.09451122,0.09451122,1.0,2.3166351e-15,2.4511748e-14,-27.199709,2.2539816,0.7513272,0.14400001,0.0,0.13984197,36.570133,36.600132,3910400
hardzero_plus_depr__c0p50__z1p10__lam0p030__nu0p50__psi0p75,hardzero_plus_depr,0.02,34,1222,0.0,2,0.09214938,0.09214938,1.0435231,0.09046423,0.09046423,1.0,2.1681032e-15,2.3966414e-14,-27.359358,2.2957966,0.7652656,0.12,0.0,0.14984396,36.600132,36.63013,3913600
hardzero_plus_depr__c0p50__z1p10__lam0p030__nu0p50__psi0p75,hardzero_plus_depr,0.02,34,1223,0.0,2,0.09214938,0.09214938,0.9697103,0.10722343,0.10722343,1.0,2.5125894e-15,2.3433212e-14,-26.23518,2.1334052,0.7111351,0.15200001,0.0,0.1223935,36.63013,36.66013,3916800
hardzero_plus_depr__c0p50__z1p10__lam0p030__nu0p50__psi0p75,hardzero_plus_depr,0.02,34,1224,0.0,2,0.09214938,0.09214938,1.0297561,0.09337787,0.09337787,1.0,2.1394619e-15,2.2911872e-14,-26.411806,2.2655087,0.7551696,0.136,0.0,0.1415506,36.66013,36.69013,3920000
hardzero_plus_depr__c0p50__z1p10__lam0p030__nu0p50__psi0p75,hardzero_plus_depr,0.02,34,1225,0.0,2,0.09214938,0.09214938,0.9776293,0.105286,0.105286,1.0,2.3586312e-15,2.2402134e-14,-27.019558,2.1508274,0.7169425,0.2,0.0,0.13816723,36.69013,36.720127,3923200
hardzero_plus_depr__c0p50__z1p10__lam0p030__nu0p50__psi0p75,hardzero_plus_depr,0.02,34,1226,0.0,2,0.09214938,0.09214938,1.0444554,0.09027023,0.09027023,1.0,1.977255e-15,2.1903733e-14,-28.238224,2.2978477,0.76594925,0.112,0.0,0.16981316,36.720127,36.750126,3926400
hardzero_plus_depr__c0p50__z1p10__lam0p030__nu0p50__psi0p75,hardzero_plus_depr,0.02,34,1227,0.0,2,0.09214938,0.09214938,1.0380769,0.09160582,0.09160582,1.0,1.9618691e-15,2.1416423e-14,-27.36041,2.2838147,0.7612716,0.128,0.0,0.15718661,36.750126,36.780125,3929600
hardzero_plus_depr__c0p50__z1p10__lam0p030__nu0p50__psi0p75,hardzero_plus_depr,0.02,34,1228,0.0,2,0.09214938,0.09214938,1.0721532,0.08469286,0.08469286,1.0,1.7734644e-15,2.0939952e-14,-28.063412,2.3587842,0.78626144,0.128,0.0,0.15089683,36.780125,36.810123,3932800
hardzero_plus_depr__c0p50__z1p10__lam0p030__nu0p50__psi0p75,hardzero_plus_depr,0.02,34,1229,0.0,2,0.09214938,0.09214938,0.97890115,0.10497812,0.10497812,1.0,2.1493309e-15,2.0474084e-14,-26.422306,2.1536255,0.7178752,0.16000001,0.0,0.12966052,36.810123,36.840122,3936000
hardzero_plus_depr__c0p50__z1p10__lam0p030__nu0p50__psi0p75,hardzero_plus_depr,0.02,34,1230,0.0,2,0.09214938,0.09214938,1.0076383,0.09825658,0.09825658,1.0,1.966957e-15,2.0018578e-14,-27.42695,2.2168486,0.73894954,0.112,0.0,0.13604794,36.840122,36.87012,3939200
hardzero_plus_depr__c0p50__z1p10__lam0p030__nu0p50__psi0p75,hardzero_plus_depr,0.02,34,1231,0.0,2,0.09214938,0.09214938,1.07231,0.08466229,0.08466229,1.0,1.6571125e-15,1.9573207e-14,-27.599842,2.359129,0.78637636,0.056,0.0,0.13983966,36.87012,36.90012,3942400
hardzero_plus_depr__c0p50__z1p10__lam0p030__nu0p50__psi0p75,hardzero_plus_depr,0.02,34,1232,0.0,2,0.09214938,0.09214938,1.0125146,0.09715953,0.09715953,1.0,1.8594141e-15,1.9137744e-14,-27.608105,2.2275765,0.7425255,0.192,0.0,0.1765398,36.90012,36.93012,3945600
hardzero_plus_depr__c0p50__z1p10__lam0p030__nu0p50__psi0p75,hardzero_plus_depr,0.02,34,1233,0.0,2,0.09214938,0.09214938,1.0059264,0.098644674,0.098644674,1.0,1.8458362e-15,1.8711971e-14,-27.754696,2.213082,0.737694,0.272,0.0,0.14190188,36.93012,36.960117,3948800
hardzero_plus_depr__c0p50__z1p10__lam0p030__nu0p50__psi0p75,hardzero_plus_depr,0.02,34,1234,0.0,2,0.09214938,0.09214938,1.0196848,0.09556858,0.09556858,1.0,1.7484914e-15,1.8295671e-14,-26.403284,2.2433512,0.7477838,0.15200001,0.0,0.15318052,36.960117,36.990116,3952000
hardzero_plus_depr__c0p50__z1p10__lam0p030__nu0p50__psi0p75,hardzero_plus_depr,0.02,34,1235,0.0,2,0.09214938,0.09214938,0.9474139,0.11287196,0.11287196,1.0,2.0191247e-15,1.788863e-14,-26.022888,2.0843523,0.6947841,0.16,0.0,0.13781014,36.990116,37.020115,3955200
hardzero_plus_depr__c0p50__z1p10__lam0p030__nu0p50__psi0p75,hardzero_plus_depr,0.02,34,1236,0.0,2,0.09214938,0.09214938,1.0214756,0.09517535,0.09517535,1.0,1.6646785e-15,1.7490648e-14,-26.766079,2.247291,0.74909705,0.15200001,0.0,0.16304116,37.020115,37.050114,3958400
hardzero_plus_depr__c0p50__z1p10__lam0p030__nu0p50__psi0p75,hardzero_plus_depr,0.02,34,1237,0.0,2,0.09214938,0.09214938,1.0446333,0.09023327,0.09023327,1.0,1.5431258e-15,1.7101517e-14,-28.518099,2.298239,0.76607966,0.15200001,0.0,0.1747849,37.050114,37.080112,3961600
hardzero_plus_depr__c0p50__z1p10__lam0p030__nu0p50__psi0p75,hardzero_plus_depr,0.02,34,1238,0.0,2,0.09214938,0.09214938,1.0442483,0.090313286,0.090313286,1.0,1.5101326e-15,1.6721045e-14,-28.225534,2.2973921,0.7657974,0.112,0.0,0.14545077,37.080112,37.11011,3964800
hardzero_plus_depr__c0p50__z1p10__lam0p030__nu0p50__psi0p75,hardzero_plus_depr,0.02,34,1239,0.0,2,0.09214938,0.09214938,0.9415395,0.11440906,0.11440906,1.0,1.8704779e-15,1.6349037e-14,-25.925886,2.0714283,0.6904761,0.17600001,0.0,0.14086843,37.11011,37.14011,3968000
hardzero_plus_depr__c0p50__z1p10__lam0p030__nu0p50__psi0p75,hardzero_plus_depr,0.02,34,1240,0.0,2,0.09214938,0.09214938,1.006412,0.09853441,0.09853441,1.0,1.5751028e-15,1.5985306e-14,-26.865604,2.2141507,0.7380502,0.15200001,0.0,0.13240874,37.14011,37.17011,3971200
hardzero_plus_depr__c0p50__z1p10__lam0p030__nu0p50__psi0p75,hardzero_plus_depr,0.02,34,1241,0.0,2,0.09214938,0.09214938,1.0376111,0.09170411,0.09170411,1.0,1.4333047e-15,1.5629667e-14,-27.972977,2.2827902,0.76093006,0.120000005,0.0,0.14703535,37.17011,37.200108,3974400
hardzero_plus_depr__c0p50__z1p10__lam0p030__nu0p50__psi0p75,hardzero_plus_depr,0.02,34,1242,0.0,2,0.09214938,0.09214938,0.9783545,0.105110355,0.105110355,1.0,1.6062903e-15,1.5281941e-14,-26.232538,2.152423,0.71747434,0.2,0.0,0.1205017,37.200108,37.230106,3977600
hardzero_plus_depr__c0p50__z1p10__lam0p030__nu0p50__psi0p75,hardzero_plus_depr,0.02,34,1243,0.0,2,0.09214938,0.09214938,1.0124264,0.09717926,0.09717926,1.0,1.4520475e-15,1.494195e-14,-27.543198,2.2273824,0.74246085,0.14400001,0.0,0.1479831,37.230106,37.260105,3980800
hardzero_plus_depr__c0p50__z1p10__lam0p030__nu0p50__psi0p75,hardzero_plus_depr,0.02,34,1244,0.0,2,0.09214938,0.09214938,0.97876763,0.10501041,0.10501041,1.0,1.5341522e-15,1.4609524e-14,-26.432226,2.1533318,0.71777725,0.112,0.0,0.12575369,37.260105,37.290104,3984000
hardzero_plus_depr__c0p50__z1p10__lam0p030__nu0p50__psi0p75,hardzero_plus_depr,0.02,34,1245,0.0,2,0.09214938,0.09214938,0.96184444,0.10918314,0.10918314,1.0,1.5596258e-15,1.4284492e-14,-26.705633,2.1161,0.70536673,0.2,0.0,0.13260524,37.290104,37.320103,3987200
hardzero_plus_depr__c0p50__z1p10__lam0p030__nu0p50__psi0p75,hardzero_plus_depr,0.02,34,1246,0.0,2,0.09214938,0.09214938,0.98663205,0.10312594,0.10312594,1.0,1.4403283e-15,1.3966693e-14,-26.101223,2.1706338,0.7235446,0.18400002,0.0,0.15253536,37.320103,37.3501,3990400
hardzero_plus_depr__c0p50__z1p10__lam0p030__nu0p50__psi0p75,hardzero_plus_depr,0.02,34,1247,0.0,2,0.09214938,0.09214938,1.0141212,0.09680076,0.09680076,1.0,1.3219076e-15,1.3655963e-14,-27.51098,2.231111,0.7437037,0.128,0.0,0.13463028,37.3501,37.3801,3993600
hardzero_plus_depr__c0p50__z1p10__lam0p030__nu0p50__psi0p75,hardzero_plus_depr,0.02,34,1248,0.0,2,0.09214938,0.09214938,0.98301965,0.103987314,0.103987314,1.0,1.388454e-15,1.3352148e-14,-27.884993,2.1626863,0.72089547,0.16,0.0,0.15809348,37.3801,37.4101,3996800
hardzero_plus_depr__c0p50__z1p10__lam0p030__nu0p50__psi0p75,hardzero_plus_depr,0.02,34,1249,0.0,2,0.09214938,0.09214938,1.0112897,0.09743395,0.09743395,1.0,1.2720091e-15,1.3055091e-14,-26.269455,2.224882,0.74162734,0.23200001,0.0,0.12303551,37.4101,37.440098,4000000
